1QWZA
GHHHHHHHHHHSSGHISGDAMEDKQERANYEKLQQKFQMLMSKHQAHVRPQFESLEKINKDIVGWIKLSGTSLNYPVLQGKTNHDYLNLDFEREHRRKGSIFMDFRNELKNLNHNTILYGHHVGDNTMFDVLEDYLKQSFYEKHKIIEFDNKYGKYQLQVFSAYKTTTKDNYIRTDFENDQDYQQFLDETKRKSVINSDVNVTVKDRIMTLSTCEDAYSETTKRIVVVAKIIKVS
CCCCCCCCCCCCHHHCCCCCHHHHHHHHHHHHHHHHHHHHHHHCCCCCHHHHHHHHCCCCCEEEEEECCCCCCEEEEECCCCCCCCCCECCCCCECCCCCEEECCCCCCCCCCCEEEEEECCCCCCCHHHHHHHHHCHHHHHHCCEEEEEECCEEEEEEEEEEEEEECCCCCCCCCCCCHHHHHHHHHHHHHHCCCCCCCCCCCCCCEEEEEECCCCCCCCCEEEEEEEEEEECC
0 0 0 0 0 0 0 0 0 0 0 0 0 0 0 0 0 0 0 0 0 0 0 0 0 0 0 0 0 0 0 0 0 0 0 0 0 0 0 0 0 0 0 0 0 0 0 0 0 0 0 0 0 0 0 0 0 0 0 0 0 0 0 0 0 0 0 0 0 0 0 0 0 0 0 0 0 0 0 0 0 0 0 0 0 0 0 0 0 0 0 0 0 0 0 0 0 0 0 0 0 0 0 0 0 0 0 0 0 0 0 0 0 0 0 0 0 0 0 0 0 0 0 0 0 0 0 0 0 0 0 0 0 0 0 0 0 0 0 0 0 0 0 0 0 0 0 0 0 0 0 0 0 0 0 0 0 0 0 0 0 0 0 0 0 0 0 0 0 0 0 0 0 0 0 0 0 0 0 0 0 0 0 0 0 0 0 0 0 0 0 0 0 0 0 0 0 0 0 0 0 0 0 0 0 0 0 0 0 0 0 0 0 0 0 0 0 0 0 0 0 0 0 0 0 0 0 0 0 0 0 0 0 0 0 
0 0 0 0 0 0 0 0 0 0 0 0 0 0 0 0 0 0 0 0 0 0 0 0 0 0 0 0 0 0 0 0 0 0 0 0 0 0 0 0 0 0 0 0 0 0 0 0 0 0 0 0 0 0 0 0 0 0 0 0 0 0 0 0 0 0 0 0 0 0 0 0 0 0 0 0 0 0 0 0 0 0 0 0 0 0 0 0 0 0 0 0 0 0 0 0 0 0 0 0 0 0 0 0 0 0 0 0 0 0 0 0 0 0 0 0 0 0 0 0 0 0 0 0 0 0 0 0 0 0 0 0 0 0 0 0 0 0 0 0 0 0 0 0 0 0 0 0 0 0 0 0 0 0 0 0 0 0 0 0 0 0 0 0 0 0 0 0 0 0 0 0 0 0 0 0 0 0 0 0 0 0 0 0 0 0 0 0 0 0 0 0 0 0 0 0 0 0 0 0 0 0 0 0 0 0 0 0 0 0 0 0 0 0 0 0 0 0 0 0 0 0 0 0 0 0 0 0 0 0 0 0 0 0 0 
0 0.00382538 0.00377459 0.00379457 0.00382164 0.00596084 0.0122943 0.00941909 0.0105402 0.00956074 0.247985 0.0287058 0.0125689 0.0319281 0.0133076 0.0235101 0.023894 0.0156771 0.0138367 0.0134404 0.0121654 0.0143228 0.012899 0.0104357 0.009697 0.00978638 0.00883183 0.0144321 0.0103979 0.00855603 0.00963348 0.00883989 0.0104242 0.00948136 0.0100926 0.00922035 0.0105823 0.00910439 0.00897717 0.00879766 0.0086319 0.0103764 0.00878813 0.00877162 0.00887579 0.00867884 0.0086197 0.00948413 0.00829975 0.00827694 0.0094933 0.00973792 0.00934533 0.00939625 0.00916057 0.00877852 0.0088467 0.00857554 0.00927999 
0.00382538 0 0.00376109 0.00380159 0.00388432 0.00382095 0.0066011 0.00872178 0.00985042 0.042187 0.274902 0.00995122 0.00850894 0.0146801 0.0358779 0.012949 0.0144798 0.0338908 0.028933 0.0423802 0.0292951 0.0109512 0.00939811 0.0108223 0.0145777 0.0129857 0.014252 0.00906797 0.00879189 0.00988628 0.0103941 0.0116356 0.011745 0.013973 0.0150345 0.0149421 0.0173078 0.012668 0.0121023 0.00934 0.00933804 0.00819458 0.00884843 0.00908718 0.0107873 0.00983243 0.0104727 0.00827154 0.00834582 0.00859869 0.00925869 0.0108394 0.0107439 0.00964531 0.00975421 0.00942443 0.00889218 0.00859822 0.00815522 
0.00377459 0.00376109 0 0.00375443 0.00375526 0.00377795 0.00668642 0.00864379 0.0186727 0.729723 0.0205584 0.00993047 0.00851772 0.018422 0.0200663 0.0148471 0.0107222 0.0194143 0.0858363 0.109237 0.0317113 0.0119831 0.00889987 0.0142532 0.0198337 0.0342716 0.0123146 0.00978934 0.00883278 0.0104335 0.0163411 0.0144024 0.0196122 0.0205658 0.032476 0.0289606 0.0335394 0.0238674 0.0161261 0.0127617 0.00948116 0.00837886 0.00895343 0.0103694 0.0125709 0.0139825 0.00992917 0.00890048 0.00808766 0.00914272 0.0115128 0.0149587 0.0147464 0.0125308 0.0123509 0.0105073 0.00978586 0.00891622 0.00852261 
0.00379457 0.00380159 0.00375443 0 0.00373849 0.00380066 0.00624113 0.0177812 0.894245 0.0119682 0.0110821 0.00859287 0.00890975 0.012246 0.0191237 0.0116936 0.00975505 0.0206029 0.0615236 0.0664877 0.0258829 0.0112132 0.00879179 0.0098631 0.0425721 0.0118827 0.0135422 0.00930087 0.00857078 0.0104443 0.0113601 0.017217 0.0102911 0.024878 0.0150117 0.0194808 0.0286088 0.0137457 0.0135257 0.0118299 0.00853172 0.0084955 0.00858247 0.00957481 0.0115554 0.00994426 0.00963339 0.00834853 0.00803953 0.00869395 0.00977613 0.0111863 0.0110374 0.0101558 0.00952304 0.00943784 0.00879825 0.00848657 0.00837886 
0.00382164 0.00388432 0.00375526 0.00373849 0 0.00377232 0.00772945 0.929672 0.0123638 0.0145747 0.0119107 0.0115174 0.00860923 0.0135513 0.026081 0.0137259 0.0101992 0.0150839 0.0165101 0.0173205 0.0212748 0.0120463 0.00847253 0.0171965 0.00861349 0.0140325 0.00897714 0.00894541 0.00918793 0.00958341 0.0116469 0.00856601 0.0161311 0.00862464 0.0136968 0.01065 0.0098568 0.0108364 0.0100627 0.00847482 0.00973628 0.00818192 0.00842943 0.00893424 0.00900629 0.00999511 0.00868011 0.0083945 0.00828503 0.0084631 0.00898498 0.00923168 0.00984967 0.00892132 0.00918387 0.00865568 0.0089741 0.00828859 0.00796223 
0.00596084 0.00382095 0.00377795 0.00380066 0.00377232 0 0.957133 0.00571849 0.00694893 0.00837132 0.0137041 0.0101501 0.0190427 0.0161958 0.0132986 0.0145065 0.0155839 0.0116325 0.0098913 0.0107278 0.0131711 0.0108167 0.0141974 0.00856297 0.0106674 0.00853202 0.00887171 0.00920266 0.0101193 0.00946726 0.00841879 0.00958898 0.00824095 0.0103021 0.0085831 0.00885975 0.00913498 0.00873056 0.00877639 0.00862907 0.00822992 0.00931799 0.00911935 0.00836038 0.00870204 0.00844524 0.00826062 0.00831039 0.00849406 0.00823901 0.00828428 0.00869324 0.00869126 0.00853443 0.00842696 0.00832244 0.00812512 0.00804229 0.00803096 
0.0122943 0.0066011 0.00668642 0.00624113 0.00772945 0.957133 0 0.00381764 0.00379572 0.00381074 0.00397323 0.00902854 0.0158473 0.0133115 0.0121301 0.0252571 0.0117893 0.0116918 0.0109714 0.0102294 0.0118176 0.0159432 0.00989288 0.00840149 0.00950253 0.00844524 0.00902463 0.0136316 0.00925164 0.0084177 0.00860693 0.00904953 0.00830965 0.00944248 0.00872192 0.00896302 0.00983822 0.00869208 0.00855398 0.00828465 0.00832102 0.0103001 0.00829555 0.00822265 0.00840343 0.00815362 0.00837336 0.00878109 0.00801012 0.00807766 0.0083383 0.00831225 0.00841921 0.00824384 0.00846818 0.00814181 0.00804469 0.00809596 0.00836282 
0.00941909 0.00872178 0.00864379 0.0177812 0.929672 0.00571849 0.00381764 0 0.00379059 0.00377182 0.00378771 0.00808356 0.0082608 0.0147553 0.0240569 0.0105609 0.0109151 0.0181565 0.0214373 0.0164611 0.015857 0.0101017 0.00853801 0.0151515 0.00881744 0.0116225 0.00967055 0.00896442 0.00886907 0.00891263 0.0105756 0.00882836 0.0119648 0.00905679 0.0129416 0.0109213 0.0118372 0.0116242 0.00978172 0.00886218 0.00925306 0.00812129 0.00865209 0.00921393 0.00903437 0.00925538 0.0087809 0.00808702 0.00803285 0.00880786 0.00867523 0.00936511 0.00926259 0.00917545 0.00925937 0.00867764 0.00894084 0.00830415 0.00801172 
0.0105402 0.00985042 0.0186727 0.894245 0.0123638 0.00694893 0.00379572 0.00379059 0 0.00374362 0.00377325 0.00663691 0.0079597 0.0176738 0.0140346 0.0147835 0.00993891 0.0143313 0.0362751 0.0571794 0.0152031 0.00919239 0.00863183 0.00965088 0.0156179 0.0154235 0.0110997 0.00868507 0.00877272 0.0092908 0.0109224 0.012093 0.010479 0.0142008 0.0158489 0.0164845 0.0188471 0.0128711 0.0118817 0.0103794 0.00843125 0.00825213 0.00849869 0.00909822 0.0104054 0.0099649 0.00873264 0.00825045 0.00797213 0.00849325 0.00995833 0.0102692 0.011455 0.00953491 0.0094151 0.00943503 0.00883512 0.00853725 0.00803229 
0.00956074 0.042187 0.729723 0.0119682 0.0145747 0.00837132 0.00381074 0.00377182 0.00374362 0 0.00398331 0.0116444 0.00954668 0.026466 0.0820244 0.0177649 0.0106322 0.0188965 0.0257445 0.0328279 0.0562797 0.0148439 0.00967975 0.0125417 0.0134368 0.0139776 0.015203 0.00977596 0.00961001 0.010582 0.0109652 0.00992606 0.0119534 0.0116768 0.0166896 0.0149709 0.0181242 0.0136385 0.0124391 0.0098825 0.0100097 0.00842427 0.00962835 0.0101988 0.0115996 0.0102079 0.00998793 0.00854539 0.00803409 0.00892865 0.00958686 0.0111715 0.0108622 0.00972068 0.00988642 0.00890487 0.00877121 0.00831422 0.00799414 
0.247985 0.274902 0.0205584 0.0110821 0.0119107 0.0137041 0.00397323 0.00378771 0.00377325 0.00398331 0 0.0356181 0.0150062 0.040636 0.044242 0.0636097 0.0173106 0.0111347 0.014378 0.0158517 0.0356175 0.0400862 0.0103373 0.00986774 0.00953895 0.0100373 0.0136739 0.0127516 0.011333 0.00957615 0.00924951 0.00925299 0.009201 0.0093685 0.0100978 0.0122587 0.0121201 0.01036 0.00972583 0.00865426 0.00887678 0.00923109 0.00958109 0.00960698 0.00948747 0.00893653 0.00898119 0.00976 0.00812867 0.00857092 0.00877945 0.00973875 0.00966645 0.0091922 0.00917814 0.00851176 0.00843245 0.00811184 0.00811598 
0.0287058 0.00995122 0.00993047 0.00859287 0.0115174 0.0101501 0.00902854 0.00808356 0.00663691 0.0116444 0.0356181 0 0.872279 0.0151533 0.0200999 0.0201172 0.0195001 0.0104904 0.0102576 0.00956218 0.0117385 0.0171618 0.0103793 0.0137754 0.00827679 0.00921764 0.00848453 0.0101736 0.0119177 0.00835457 0.00954297 0.00810118 0.0118027 0.00816067 0.00892984 0.00852344 0.00849102 0.00828527 0.00854177 0.00802115 0.00877632 0.00931093 0.0108336 0.00820533 0.00804968 0.00817332 0.00799662 0.008456 0.00898473 0.00806734 0.00815255 0.00809912 0.00821293 0.00803837 0.00826597 0.00791609 0.00804803 0.00790322 0.00857589 
0.0125689 0.00850894 0.00851772 0.00890975 0.00860923 0.0190427 0.0158473 0.0082608 0.0079597 0.00954668 0.0150062 0.872279 0 0.0280453 0.00825102 0.00847454 0.0094521 0.00987112 0.00835838 0.00865931 0.0102679 0.0151481 0.0121296 0.00867638 0.00880505 0.0080137 0.00844024 0.0105931 0.0101041 0.00823174 0.00805657 0.00850692 0.00816828 0.00854183 0.00804311 0.00810143 0.00811597 0.00801361 0.00806763 0.00821892 0.00806427 0.0107114 0.0086855 0.00789513 0.00793955 0.00786237 0.00790949 0.00842924 0.0087339 0.00790467 0.00789707 0.00804844 0.00795943 0.00792086 0.00788934 0.00799253 0.00793031 0.00801981 0.00903511 
0.0319281 0.0146801 0.018422 0.012246 0.0135513 0.0161958 0.0133115 0.0147553 0.0176738 0.026466 0.040636 0.0151533 0.0280453 0 0.00388758 0.00384334 0.0151158 0.0130502 0.026524 0.0229233 0.0139649 0.0610836 0.0126786 0.0118843 0.00982078 0.0120895 0.0104645 0.0175314 0.0116531 0.00905887 0.0111452 0.00906386 0.0118459 0.00996493 0.0114797 0.0107993 0.0108349 0.0102552 0.00947425 0.00896085 0.00930967 0.0134763 0.00956508 0.00872286 0.00890975 0.00884324 0.00897197 0.0099235 0.00817777 0.00824152 0.00926683 0.00933425 0.00957239 0.00917247 0.00917444 0.0086161 0.00867127 0.0085691 0.00943318 
0.0133076 0.0358779 0.0200663 0.0191237 0.026081 0.0132986 0.0121301 0.0240569 0.0140346 0.0820244 0.044242 0.0200999 0.00825102 0.00388758 0 0.00386877 0.00882696 0.0717096 0.0355388 0.0255753 0.286101 0.0126469 0.0109984 0.0129249 0.0132786 0.0105772 0.0272225 0.0106383 0.0101199 0.0138406 0.00970516 0.0112106 0.00940713 0.0128151 0.0116415 0.0135429 0.0160823 0.010927 0.0106445 0.00989388 0.0121293 0.00940997 0.00903183 0.0123891 0.0118188 0.0106718 0.0127008 0.00902636 0.0080237 0.00952802 0.00929308 0.0123501 0.0136881 0.0112615 0.0101808 0.00947663 0.0089793 0.00885381 0.0081992 
0.0235101 0.012949 0.0148471 0.0116936 0.0137259 0.0145065 0.0252571 0.0105609 0.0147835 0.0177649 0.0636097 0.0201172 0.00847454 0.00384334 0.00386877 0 0.0703098 0.0191167 0.0287643 0.149315 0.0272304 0.0803097 0.014686 0.0126878 0.00971145 0.0120483 0.01069 0.0173484 0.0159926 0.00991132 0.0106855 0.00940196 0.0109125 0.00955381 0.011409 0.0110875 0.011466 0.0110754 0.0107638 0.0089843 0.00920078 0.0107437 0.0122595 0.00936629 0.00988706 0.00938499 0.00916334 0.0106202 0.00923734 0.00852728 0.00896854 0.00969262 0.00993194 0.00970266 0.0096223 0.00892749 0.00877993 0.00849903 0.00875172 
0.023894 0.0144798 0.0107222 0.00975505 0.0101992 0.0155839 0.0117893 0.0109151 0.00993891 0.0106322 0.0173106 0.0195001 0.0094521 0.0151158 0.00882696 0.0703098 0 0.00389907 0.00376485 0.00380875 0.00391932 0.00439585 0.153358 0.0165791 0.00989255 0.0104868 0.00980286 0.0242736 0.0177651 0.00928926 0.0103997 0.00888942 0.0122983 0.00923526 0.0110796 0.0100658 0.0105591 0.00966577 0.00927018 0.00890999 0.010114 0.0131159 0.0109831 0.00895904 0.008804 0.00909836 0.00861089 0.014693 0.00865977 0.0085305 0.00903518 0.00956263 0.00928095 0.00932612 0.00978452 0.00860501 0.00883276 0.00844664 0.00959423 
0.0156771 0.0338908 0.0194143 0.0206029 0.0150839 0.0116325 0.0116918 0.0181565 0.0143313 0.0188965 0.0111347 0.0104904 0.00987112 0.0130502 0.0717096 0.0191167 0.00389907 0 0.00377152 0.00380292 0.00402883 0.00379446 0.0686718 0.0708203 0.0230122 0.0110727 0.0290666 0.0106859 0.011417 0.0166489 0.0100373 0.0147076 0.0113292 0.0200467 0.013599 0.0162665 0.0182318 0.0132381 0.0157585 0.0115376 0.0103365 0.0106314 0.00958802 0.0138025 0.0148527 0.0107081 0.0120704 0.00898896 0.00817179 0.00971106 0.0107636 0.0149535 0.0146081 0.012626 0.0109451 0.0118696 0.00912242 0.00955169 0.00873689 
0.0138367 0.028933 0.0858363 0.0615236 0.0165101 0.0098913 0.0109714 0.0214373 0.0362751 0.0257445 0.014378 0.0102576 0.00835838 0.026524 0.0355388 0.0287643 0.00376485 0.00377152 0 0.003785 0.00380074 0.00378901 0.0327164 0.0499015 0.0595227 0.0687127 0.0169892 0.0108482 0.0116886 0.0109976 0.024251 0.0163661 0.0286849 0.0169805 0.0535898 0.0310064 0.0344147 0.0507852 0.0228823 0.0156011 0.0116087 0.00920986 0.0105694 0.0167686 0.026601 0.0377265 0.0134499 0.00922616 0.00820095 0.0103287 0.0213088 0.0338164 0.0368607 0.0250153 0.0259674 0.0156854 0.0144397 0.00936845 0.00839107 
0.0134404 0.0423802 0.109237 0.0664877 0.0173205 0.0107278 0.0102294 0.0164611 0.0571794 0.0328279 0.0158517 0.00956218 0.00865931 0.0229233 0.0255753 0.149315 0.00380875 0.00380292 0.003785 0 0.00376504 0.00376501 0.01701 0.0471637 0.0868884 0.0954634 0.0264988 0.0144534 0.0106562 0.0135363 0.0299182 0.0202321 0.0191413 0.0412934 0.0402769 0.0441675 0.0630436 0.0349099 0.0309584 0.020024 0.0134932 0.00975192 0.0104929 0.019213 0.0512818 0.0354167 0.0198611 0.0102433 0.00819954 0.010102 0.0219195 0.0433676 0.0480482 0.0339612 0.0260863 0.0216886 0.0129651 0.00974874 0.00855454 
0.0121654 0.0292951 0.0317113 0.0258829 0.0212748 0.0131711 0.0118176 0.015857 0.0152031 0.0562797 0.0356175 0.0117385 0.0102679 0.0139649 0.286101 0.0272304 0.00391932 0.00402883 0.00380074 0.00376504 0 0.00383322 0.0172931 0.0285783 0.0580053 0.0309027 0.172333 0.0193487 0.0112756 0.0305244 0.0113526 0.0170354 0.0113495 0.0173853 0.019426 0.0413424 0.0311267 0.0182409 0.0142278 0.0156841 0.0135594 0.0119063 0.0100006 0.0155389 0.0195708 0.0131623 0.0231696 0.0114913 0.00842246 0.0100109 0.0107809 0.0196457 0.0197824 0.0156829 0.0137381 0.0135768 0.00971967 0.00902253 0.00840739 
0.0143228 0.0109512 0.0119831 0.0112132 0.0120463 0.0108167 0.0159432 0.0101017 0.00919239 0.0148439 0.0400862 0.0171618 0.0151481 0.0610836 0.0126469 0.0803097 0.00439585 0.00379446 0.00378901 0.00376501 0.00383322 0 0.0262256 0.0154521 0.0122283 0.033038 0.0277088 0.115126 0.0197944 0.0100508 0.0122691 0.00950017 0.0104353 0.0104128 0.0347675 0.0129329 0.0128635 0.0119365 0.0108902 0.00919007 0.0097637 0.0107967 0.01473 0.00937668 0.00927816 0.00967548 0.0104644 0.0121014 0.00877583 0.00857513 0.00878474 0.00974239 0.00967583 0.00947878 0.0100114 0.00863432 0.00896088 0.00864655 0.00825313 
0.012899 0.00939811 0.00889987 0.00879179 0.00847253 0.0141974 0.00989288 0.00853801 0.00863183 0.00967975 0.0103373 0.0103793 0.0121296 0.0126786 0.0109984 0.014686 0.153358 0.0686718 0.0327164 0.01701 0.0172931 0.0262256 0 0.00476229 0.00389733 0.00373186 0.00396288 0.00451654 0.00510154 0.00729691 0.00586108 0.0104929 0.00876034 0.84607 0.009666 0.0120839 0.0119017 0.00789156 0.0105209 0.00948764 0.0100224 0.0513119 0.0154279 0.0114044 0.0108659 0.00872231 0.0106948 0.0111587 0.0101035 0.00929496 0.00918036 0.0108598 0.0092719 0.0101493 0.00875249 0.00982541 0.00849673 0.00962762 0.0100238 
0.0104357 0.0108223 0.0142532 0.0098631 0.0171965 0.00856297 0.00840149 0.0151515 0.00965088 0.0125417 0.00986774 0.0137754 0.00867638 0.0118843 0.0129249 0.0126878 0.0165791 0.0708203 0.0499015 0.0471637 0.0285783 0.0154521 0.00476229 0 0.00376791 0.0038238 0.0038028 0.00386103 0.00481337 0.00452786 0.00912467 0.0062265 0.935198 0.00739307 0.0163761 0.00988413 0.00820852 0.0115596 0.00993308 0.00810346 0.0437905 0.00916996 0.0186111 0.0240406 0.00993234 0.0258419 0.0101676 0.00979584 0.00879071 0.0108619 0.0173712 0.0153739 0.0259408 0.0109451 0.0220003 0.00918341 0.0221513 0.00967401 0.00960248 
0.009697 0.0145777 0.0198337 0.0425721 0.00861349 0.0106674 0.00950253 0.00881744 0.0156179 0.0134368 0.00953895 0.00827679 0.00880505 0.00982078 0.0132786 0.00971145 0.00989255 0.0230122 0.0595227 0.0868884 0.0580053 0.0122283 0.00389733 0.00376791 0 0.00373861 0.00375071 0.00378129 0.00403864 0.00809322 0.00667097 0.95866 0.00670574 0.0222948 0.0077842 0.00915747 0.015115 0.00804315 0.00916593 0.0271053 0.00799532 0.0119292 0.0096406 0.0126852 0.074744 0.012028 0.0177563 0.00946952 0.00887909 0.0105683 0.01295 0.0527753 0.0285112 0.0347532 0.0129171 0.0567356 0.0101665 0.0128829 0.00873604 
0.00978638 0.0129857 0.0342716 0.0118827 0.0140325 0.00853202 0.00844524 0.0116225 0.0154235 0.0139776 0.0100373 0.00921764 0.0080137 0.0120895 0.0105772 0.0120483 0.0104868 0.0110727 0.0687127 0.0954634 0.0309027 0.033038 0.00373186 0.0038238 0.00373861 0 0.00373373 0.00374036 0.00490372 0.00918085 0.967219 0.00565286 0.0188535 0.00616981 0.0152801 0.00972265 0.00827091 0.0147246 0.0180614 0.00818686 0.0141729 0.00797425 0.0133637 0.020271 0.0150552 0.057289 0.0121019 0.00972511 0.00837162 0.0101736 0.0310949 0.0234006 0.0449166 0.0198537 0.0454022 0.0124702 0.0284341 0.00886884 0.00859598 
0.00883183 0.014252 0.0123146 0.0135422 0.00897714 0.00887171 0.00902463 0.00967055 0.0110997 0.015203 0.0136739 0.00848453 0.00844024 0.0104645 0.0272225 0.01069 0.00980286 0.0290666 0.0169892 0.0264988 0.172333 0.0277088 0.00396288 0.0038028 0.00375071 0.00373373 0 0.00390226 0.00386073 0.95139 0.00417606 0.00513594 0.0045619 0.00786131 0.00693667 0.00727058 0.0104067 0.0118198 0.00784955 0.00882573 0.00772411 0.010085 0.0105247 0.014458 0.0260524 0.0115786 0.0256183 0.0112151 0.00839178 0.0104348 0.0102554 0.0189543 0.016259 0.0222862 0.0129571 0.0196863 0.00958496 0.00939988 0.008363 
0.0144321 0.00906797 0.00978934 0.00930087 0.00894541 0.00920266 0.0136316 0.00896442 0.00868507 0.00977596 0.0127516 0.0101736 0.0105931 0.0175314 0.0106383 0.0173484 0.0242736 0.0106859 0.0108482 0.0144534 0.0193487 0.115126 0.00451654 0.00386103 0.00378129 0.00374036 0.00390226 0 0.95289 0.0041158 0.00589835 0.00396846 0.00418664 0.00460177 0.00524295 0.00713633 0.01032 0.00743561 0.00847113 0.00702825 0.0069142 0.00985253 0.0173861 0.0108225 0.0105017 0.00982151 0.0108707 0.0147341 0.0120267 0.00924764 0.00958811 0.0102413 0.0109678 0.0103428 0.0107425 0.00968466 0.00916225 0.00870489 0.00921951 
0.0103979 0.00879189 0.00883278 0.00857078 0.00918793 0.0101193 0.00925164 0.00886907 0.00877272 0.00961001 0.011333 0.0119177 0.0101041 0.0116531 0.0101199 0.0159926 0.0177651 0.011417 0.0116886 0.0106562 0.0112756 0.0197944 0.00510154 0.00481337 0.00403864 0.00490372 0.00386073 0.95289 0 0.00384032 0.00378387 0.00377873 0.00388264 0.00386955 0.00414291 0.00438185 0.00467021 0.00526357 0.00614096 0.00644606 0.00832153 0.0123421 0.0281692 0.0119179 0.010311 0.0100592 0.00943959 0.019663 0.00976443 0.00969573 0.00999083 0.0110512 0.0107201 0.0102321 0.0100706 0.00927515 0.00990172 0.00953188 0.0119479 
0.00855603 0.00988628 0.0104335 0.0104443 0.00958341 0.00946726 0.0084177 0.00891263 0.0092908 0.010582 0.00957615 0.00835457 0.00823174 0.00905887 0.0138406 0.00991132 0.00928926 0.0166489 0.0109976 0.0135363 0.0305244 0.0100508 0.00729691 0.00452786 0.00809322 0.00918085 0.95139 0.0041158 0.00384032 0 0.00372058 0.00377319 0.00374314 0.00395674 0.00385177 0.00406011 0.00451427 0.00502194 0.00545618 0.00751746 0.00782674 0.0117291 0.0109723 0.0154305 0.0180227 0.0094908 0.0249981 0.0092154 0.00858946 0.0097723 0.0108996 0.0157139 0.0125412 0.0118373 0.0102372 0.016067 0.00907939 0.0125016 0.00888966 
0.00963348 0.0103941 0.0163411 0.0113601 0.0116469 0.00841879 0.00860693 0.0105756 0.0109224 0.0109652 0.00924951 0.00954297 0.00805657 0.0111452 0.00970516 0.0106855 0.0103997 0.0100373 0.024251 0.0299182 0.0113526 0.0122691 0.00586108 0.00912467 0.00667097 0.967219 0.00417606 0.00589835 0.00378387 0.00372058 0 0.00373223 0.0038365 0.0037471 0.0039348 0.00391809 0.00403456 0.00486419 0.00618736 0.00547828 0.0102179 0.00699913 0.0161809 0.016281 0.0120331 0.0596905 0.00985518 0.0102306 0.00867449 0.01007 0.0208455 0.0197166 0.0355902 0.0159029 0.0323921 0.0103216 0.0319903 0.00863835 0.00920734 
0.00883989 0.0116356 0.0144024 0.017217 0.00856601 0.00958898 0.00904953 0.00882836 0.012093 0.00992606 0.00925299 0.00810118 0.00850692 0.00906386 0.0112106 0.00940196 0.00888942 0.0147076 0.0163661 0.0202321 0.0170354 0.00950017 0.0104929 0.0062265 0.95866 0.00565286 0.00513594 0.00396846 0.00377873 0.00377319 0.00373223 0 0.00367227 0.00384254 0.00377661 0.00383353 0.00402004 0.00431042 0.00437481 0.00989284 0.00450746 0.00901237 0.01054 0.0123001 0.0748795 0.0108723 0.0170447 0.00954069 0.00877184 0.0106104 0.0114827 0.0341024 0.0188117 0.0268705 0.0108243 0.0561277 0.00879919 0.0190257 0.00867395 
0.0104242 0.011745 0.0196122 0.0102911 0.0161311 0.00824095 0.00830965 0.0119648 0.010479 0.0119534 0.009201 0.0118027 0.00816828 0.0118459 0.00940713 0.0109125 0.0122983 0.0113292 0.0286849 0.0191413 0.0113495 0.0104353 0.00876034 0.935198 0.00670574 0.0188535 0.0045619 0.00418664 0.00388264 0.00374314 0.0038365 0.00367227 0 0.00380344 0.00377733 0.00379856 0.00386813 0.00404949 0.00580914 0.00399542 0.00790151 0.00507763 0.0197884 0.0342639 0.0115278 0.0519154 0.00966214 0.0106809 0.00902509 0.0116998 0.0311179 0.0196011 0.0438103 0.0162368 0.0523966 0.00949658 0.0503611 0.0089948 0.00907227 
0.00948136 0.013973 0.0205658 0.024878 0.00862464 0.0103021 0.00944248 0.00905679 0.0142008 0.0116768 0.0093685 0.00816067 0.00854183 0.00996493 0.0128151 0.00955381 0.00923526 0.0200467 0.0169805 0.0412934 0.0173853 0.0104128 0.84607 0.00739307 0.0222948 0.00616981 0.00786131 0.00460177 0.00386955 0.00395674 0.0037471 0.00384254 0.00380344 0 0.00374731 0.00374924 0.00380265 0.0039795 0.00396182 0.00490685 0.00389143 0.00588622 0.0145485 0.0202794 0.0683372 0.0113017 0.0211922 0.00980991 0.00907611 0.0126448 0.0167903 0.0641347 0.0286255 0.0453444 0.0147497 0.0949288 0.0104854 0.0159861 0.00885071 
0.0100926 0.0150345 0.032476 0.0150117 0.0136968 0.0085831 0.00872192 0.0129416 0.0158489 0.0166896 0.0100978 0.00892984 0.00804311 0.0114797 0.0116415 0.011409 0.0110796 0.013599 0.0535898 0.0402769 0.019426 0.0347675 0.009666 0.0163761 0.0077842 0.0152801 0.00693667 0.00524295 0.00414291 0.00385177 0.0039348 0.00377661 0.00377733 0.00374731 0 0.00382591 0.00378525 0.00376702 0.00396234 0.00380667 0.0043083 0.00402144 0.023828 0.0388544 0.022291 0.0653123 0.0158228 0.0115402 0.00906354 0.0132092 0.0474948 0.0473923 0.0883527 0.0378694 0.0783268 0.0182746 0.0468282 0.00997519 0.00883014 
0.00922035 0.0149421 0.0289606 0.0194808 0.01065 0.00885975 0.00896302 0.0109213 0.0164845 0.0149709 0.0122587 0.00852344 0.00810143 0.0107993 0.0135429 0.0110875 0.0100658 0.0162665 0.0310064 0.0441675 0.0413424 0.0129329 0.0120839 0.00988413 0.00915747 0.00972265 0.00727058 0.00713633 0.00438185 0.00406011 0.00391809 0.00383353 0.00379856 0.00374924 0.00382591 0 0.00377955 0.00375721 0.00380994 0.00380934 0.00381779 0.00398891 0.0225457 0.0311241 0.0475103 0.0336755 0.0203404 0.0123781 0.00888639 0.0134803 0.0296891 0.0796994 0.065578 0.0515071 0.0379515 0.0387377 0.0182063 0.0117954 0.00895088 
0.0105823 0.0173078 0.0335394 0.0286088 0.0098568 0.00913498 0.00983822 0.0118372 0.0188471 0.0181242 0.0121201 0.00849102 0.00811597 0.0108349 0.0160823 0.011466 0.0105591 0.0182318 0.0344147 0.0630436 0.0311267 0.0128635 0.0119017 0.00820852 0.015115 0.00827091 0.0104067 0.01032 0.00467021 0.00451427 0.00403456 0.00402004 0.00386813 0.00380265 0.00378525 0.00377955 0 0.00374879 0.00376723 0.00378313 0.00375668 0.00404147 0.0362967 0.0295377 0.100237 0.0285771 0.0274174 0.0146066 0.00939877 0.0145483 0.0385088 0.0737311 0.0798161 0.0648167 0.0412591 0.0444185 0.0203418 0.0128781 0.00925418 
0.00910439 0.012668 0.0238674 0.0137457 0.0108364 0.00873056 0.00869208 0.0116242 0.0128711 0.0136385 0.01036 0.00828527 0.00801361 0.0102552 0.010927 0.0110754 0.00966577 0.0132381 0.0507852 0.0349099 0.0182409 0.0119365 0.00789156 0.0115596 0.00804315 0.0147246 0.0118198 0.00743561 0.00526357 0.00502194 0.00486419 0.00431042 0.00404949 0.0039795 0.00376702 0.00375721 0.00374879 0 0.00375221 0.00374942 0.00374682 0.00380723 0.0247153 0.0512511 0.0282397 0.043472 0.0194537 0.0112202 0.00873602 0.0150223 0.0359948 0.0418961 0.0608284 0.0367647 0.0376144 0.0223648 0.0177281 0.0109961 0.00888381 
0.00897717 0.0121023 0.0161261 0.0135257 0.0100627 0.00877639 0.00855398 0.00978172 0.0118817 0.0124391 0.00972583 0.00854177 0.00806763 0.00947425 0.0106445 0.0107638 0.00927018 0.0157585 0.0228823 0.0309584 0.0142278 0.0108902 0.0105209 0.00993308 0.00916593 0.0180614 0.00784955 0.00847113 0.00614096 0.00545618 0.00618736 0.00437481 0.00580914 0.00396182 0.00396234 0.00380994 0.00376723 0.00375221 0 0.00376954 0.00377302 0.00421186 0.0211273 0.024678 0.0394652 0.0329788 0.0148655 0.0109836 0.0108557 0.0114809 0.022651 0.0483135 0.0383046 0.0335979 0.0288503 0.0162675 0.0176351 0.00996527 0.00926796 
0.00879766 0.00934 0.0127617 0.0118299 0.00847482 0.00862907 0.00828465 0.00886218 0.0103794 0.0098825 0.00865426 0.00802115 0.00821892 0.00896085 0.00989388 0.0089843 0.00890999 0.0115376 0.0156011 0.020024 0.0156841 0.00919007 0.00948764 0.00810346 0.0271053 0.00818686 0.00882573 0.00702825 0.00644606 0.00751746 0.00547828 0.00989284 0.00399542 0.00490685 0.00380667 0.00380934 0.00378313 0.00374942 0.00376954 0 0.00387978 0.00385106 0.0136728 0.0190911 0.0484961 0.016412 0.0182065 0.0101366 0.00915433 0.0112087 0.0254035 0.0271324 0.0319906 0.0230994 0.0133167 0.025861 0.010162 0.00971813 0.00888092 
0.0086319 0.00933804 0.00948116 0.00853172 0.00973628 0.00822992 0.00832102 0.00925306 0.00843125 0.0100097 0.00887678 0.00877632 0.00806427 0.00930967 0.0121293 0.00920078 0.010114 0.0103365 0.0116087 0.0134932 0.0135594 0.0097637 0.0100224 0.0437905 0.00799532 0.0141729 0.00772411 0.0069142 0.00832153 0.00782674 0.0102179 0.00450746 0.00790151 0.00389143 0.0043083 0.00381779 0.00375668 0.00374682 0.00377302 0.00387978 0 0.00381499 0.0251209 0.0248327 0.0164638 0.0381505 0.0219445 0.0111694 0.011937 0.0313802 0.0110556 0.0134697 0.0141201 0.0116605 0.0151287 0.00908052 0.0124721 0.00892975 0.00846407 
0.0103764 0.00819458 0.00837886 0.0084955 0.00818192 0.00931799 0.0103001 0.00812129 0.00825213 0.00842427 0.00923109 0.00931093 0.0107114 0.0134763 0.00940997 0.0107437 0.0131159 0.0106314 0.00920986 0.00975192 0.0119063 0.0107967 0.0513119 0.00916996 0.0119292 0.00797425 0.010085 0.00985253 0.0123421 0.0117291 0.00699913 0.00901237 0.00507763 0.00588622 0.00402144 0.00398891 0.00404147 0.00380723 0.00421186 0.00385106 0.00381499 0 0.0159734 0.0125612 0.0224766 0.0129315 0.0255404 0.0327593 0.0301866 0.0117165 0.0112203 0.0107486 0.0105527 0.0101731 0.00948492 0.0115627 0.00889979 0.00901956 0.00941686 
0.00878813 0.00884843 0.00895343 0.00858247 0.00842943 0.00911935 0.00829555 0.00865209 0.00849869 0.00962835 0.00958109 0.0108336 0.0086855 0.00956508 0.00903183 0.0122595 0.0109831 0.00958802 0.0105694 0.0104929 0.0100006 0.01473 0.0154279 0.0186111 0.0096406 0.0133637 0.0105247 0.0173861 0.0281692 0.0109723 0.0161809 0.01054 0.0197884 0.0145485 0.023828 0.0225457 0.0362967 0.0247153 0.0211273 0.0136728 0.0251209 0.0159734 0 0.00484648 0.00382475 0.00386619 0.00384262 0.00523994 0.0249684 0.0143251 0.0118579 0.0168376 0.0203301 0.0304952 0.0452832 0.144083 0.0167943 0.0144877 0.0251832 
0.00877162 0.00908718 0.0103694 0.00957481 0.00893424 0.00836038 0.00822265 0.00921393 0.00909822 0.0101988 0.00960698 0.00820533 0.00789513 0.00872286 0.0123891 0.00936629 0.00895904 0.0138025 0.0167686 0.019213 0.0155389 0.00937668 0.0114044 0.0240406 0.0126852 0.020271 0.014458 0.0108225 0.0119179 0.0154305 0.016281 0.0123001 0.0342639 0.0202794 0.0388544 0.0311241 0.0295377 0.0512511 0.024678 0.0190911 0.0248327 0.0125612 0.00484648 0 0.00380023 0.00379007 0.00400362 0.00382071 0.0088343 0.0209895 0.0169095 0.0233258 0.0693183 0.0280059 0.231471 0.0173729 0.0201009 0.0267445 0.0145047 
0.00887579 0.0107873 0.0125709 0.0115554 0.00900629 0.00870204 0.00840343 0.00903437 0.0104054 0.0115996 0.00948747 0.00804968 0.00793955 0.00890975 0.0118188 0.00988706 0.008804 0.0148527 0.026601 0.0512818 0.0195708 0.00927816 0.0108659 0.00993234 0.074744 0.0150552 0.0260524 0.0105017 0.010311 0.0180227 0.0120331 0.0748795 0.0115278 0.0683372 0.022291 0.0475103 0.100237 0.0282397 0.0394652 0.0484961 0.0164638 0.0224766 0.00382475 0.00380023 0 0.00379899 0.00382092 0.00379552 0.00855765 0.0127357 0.0172717 0.0981621 0.0486779 0.352511 0.0160105 0.0495919 0.0158348 0.034649 0.0109216 
0.00867884 0.00983243 0.0139825 0.00994426 0.00999511 0.00844524 0.00815362 0.00925538 0.0099649 0.0102079 0.00893653 0.00817332 0.00786237 0.00884324 0.0106718 0.00938499 0.00909836 0.0107081 0.0377265 0.0354167 0.0131623 0.00967548 0.00872231 0.0258419 0.012028 0.057289 0.0115786 0.00982151 0.0100592 0.0094908 0.0596905 0.0108723 0.0519154 0.0113017 0.0653123 0.0336755 0.0285771 0.043472 0.0329788 0.016412 0.0381505 0.0129315 0.00386619 0.00379007 0.00379899 0 0.00380391 0.00376513 0.0076946 0.0112582 0.0700323 0.0330707 0.35169 0.0140214 0.0305133 0.0124925 0.0399915 0.00996535 0.0111043 
0.0086197 0.0104727 0.00992917 0.00963339 0.00868011 0.00826062 0.00837336 0.0087809 0.00873264 0.00998793 0.00898119 0.00799662 0.00790949 0.00897197 0.0127008 0.00916334 0.00861089 0.0120704 0.0134499 0.0198611 0.0231696 0.0104644 0.0106948 0.0101676 0.0177563 0.0121019 0.0256183 0.0108707 0.00943959 0.0249981 0.00985518 0.0170447 0.00966214 0.0211922 0.0158228 0.0203404 0.0274174 0.0194537 0.0148655 0.0182065 0.0219445 0.0255404 0.00384262 0.00400362 0.00382092 0.00380391 0 0.00378185 0.0101544 0.0342636 0.0235999 0.258412 0.0177659 0.0278536 0.0136985 0.0262619 0.00942867 0.022747 0.010304 
0.00948413 0.00827154 0.00890048 0.00834853 0.0083945 0.00831039 0.00878109 0.00808702 0.00825045 0.00854539 0.00976 0.008456 0.00842924 0.0099235 0.00902636 0.0106202 0.014693 0.00898896 0.00922616 0.0102433 0.0114913 0.0121014 0.0111587 0.00979584 0.00946952 0.00972511 0.0112151 0.0147341 0.019663 0.0092154 0.0102306 0.00954069 0.0106809 0.00980991 0.0115402 0.0123781 0.0146066 0.0112202 0.0109836 0.0101366 0.0111694 0.0327593 0.00523994 0.00382071 0.00379552 0.00376513 0.00378185 0 0.0376195 0.0174485 0.0561133 0.0110181 0.0189351 0.0174638 0.020841 0.0112655 0.0102358 0.0108504 0.0131003 
0.00829975 0.00834582 0.00808766 0.00803953 0.00828503 0.00849406 0.00801012 0.00803285 0.00797213 0.00803409 0.00812867 0.00898473 0.0087339 0.00817777 0.0080237 0.00923734 0.00865977 0.00817179 0.00820095 0.00819954 0.00842246 0.00877583 0.0101035 0.00879071 0.00887909 0.00837162 0.00839178 0.0120267 0.00976443 0.00858946 0.00867449 0.00877184 0.00902509 0.00907611 0.00906354 0.00888639 0.00939877 0.00873602 0.0108557 0.00915433 0.011937 0.0301866 0.0249684 0.0088343 0.00855765 0.0076946 0.0101544 0.0376195 0 0.00573426 0.0038113 0.00381737 0.00383265 0.00387829 0.00404152 0.00472198 0.00522529 0.00686174 0.0152508 
0.00827694 0.00859869 0.00914272 0.00869395 0.0084631 0.00823901 0.00807766 0.00880786 0.00849325 0.00892865 0.00857092 0.00806734 0.00790467 0.00824152 0.00952802 0.00852728 0.0085305 0.00971106 0.0103287 0.010102 0.0100109 0.00857513 0.00929496 0.0108619 0.0105683 0.0101736 0.0104348 0.00924764 0.00969573 0.0097723 0.01007 0.0106104 0.0116998 0.0126448 0.0132092 0.0134803 0.0145483 0.0150223 0.0114809 0.0112087 0.0313802 0.0117165 0.0143251 0.0209895 0.0127357 0.0112582 0.0342636 0.0174485 0.00573426 0 0.00374774 0.00379071 0.00380511 0.00383357 0.00395593 0.0042238 0.00455813 0.0083198 0.010508 
0.0094933 0.00925869 0.0115128 0.00977613 0.00898498 0.00828428 0.0083383 0.00867523 0.00995833 0.00958686 0.00877945 0.00815255 0.00789707 0.00926683 0.00929308 0.00896854 0.00903518 0.0107636 0.0213088 0.0219195 0.0107809 0.00878474 0.00918036 0.0173712 0.01295 0.0310949 0.0102554 0.00958811 0.00999083 0.0108996 0.0208455 0.0114827 0.0311179 0.0167903 0.0474948 0.0296891 0.0385088 0.0359948 0.022651 0.0254035 0.0110556 0.0112203 0.0118579 0.0169095 0.0172717 0.0700323 0.0235999 0.0561133 0.0038113 0.00374774 0 0.00377241 0.00382782 0.00386791 0.00387344 0.00410748 0.00777025 0.00472768 0.00752678 
0.00973792 0.0108394 0.0149587 0.0111863 0.00923168 0.00869324 0.00831225 0.00936511 0.0102692 0.0111715 0.00973875 0.00809912 0.00804844 0.00933425 0.0123501 0.00969262 0.00956263 0.0149535 0.0338164 0.0433676 0.0196457 0.00974239 0.0108598 0.0153739 0.0527753 0.0234006 0.0189543 0.0102413 0.0110512 0.0157139 0.0197166 0.0341024 0.0196011 0.0641347 0.0473923 0.0796994 0.0737311 0.0418961 0.0483135 0.0271324 0.0134697 0.0107486 0.0168376 0.0233258 0.0981621 0.0330707 0.258412 0.0110181 0.00381737 0.00379071 0.00377241 0 0.00380042 0.00386614 0.00388345 0.00395448 0.00405051 0.00460888 0.0052464 
0.00934533 0.0107439 0.0147464 0.0110374 0.00984967 0.00869126 0.00841921 0.00926259 0.011455 0.0108622 0.00966645 0.00821293 0.00795943 0.00957239 0.0136881 0.00993194 0.00928095 0.0146081 0.0368607 0.0480482 0.0197824 0.00967583 0.0092719 0.0259408 0.0285112 0.0449166 0.016259 0.0109678 0.0107201 0.0125412 0.0355902 0.0188117 0.0438103 0.0286255 0.0883527 0.065578 0.0798161 0.0608284 0.0383046 0.0319906 0.0141201 0.0105527 0.0203301 0.0693183 0.0486779 0.35169 0.0177659 0.0189351 0.00383265 0.00380511 0.00382782 0.00380042 0 0.00381713 0.0038631 0.00387112 0.0038761 0.00390544 0.00447841 
0.00939625 0.00964531 0.0125308 0.0101558 0.00892132 0.00853443 0.00824384 0.00917545 0.00953491 0.00972068 0.0091922 0.00803837 0.00792086 0.00917247 0.0112615 0.00970266 0.00932612 0.012626 0.0250153 0.0339612 0.0156829 0.00947878 0.0101493 0.0109451 0.0347532 0.0198537 0.0222862 0.0103428 0.0102321 0.0118373 0.0159029 0.0268705 0.0162368 0.0453444 0.0378694 0.0515071 0.0648167 0.0367647 0.0335979 0.0230994 0.0116605 0.0101731 0.0304952 0.0280059 0.352511 0.0140214 0.0278536 0.0174638 0.00387829 0.00383357 0.00386791 0.00386614 0.00381713 0 0.00378225 0.00383753 0.00385109 0.00380008 0.00408353 
0.00916057 0.00975421 0.0123509 0.00952304 0.00918387 0.00842696 0.00846818 0.00925937 0.0094151 0.00988642 0.00917814 0.00826597 0.00788934 0.00917444 0.0101808 0.0096223 0.00978452 0.0109451 0.0259674 0.0260863 0.0137381 0.0100114 0.00875249 0.0220003 0.0129171 0.0454022 0.0129571 0.0107425 0.0100706 0.0102372 0.0323921 0.0108243 0.0523966 0.0147497 0.0783268 0.0379515 0.0412591 0.0376144 0.0288503 0.0133167 0.0151287 0.00948492 0.0452832 0.231471 0.0160105 0.0305133 0.0136985 0.020841 0.00404152 0.00395593 0.00387344 0.00388345 0.0038631 0.00378225 0 0.0037707 0.00381025 0.00386614 0.00397589 
0.00877852 0.00942443 0.0105073 0.00943784 0.00865568 0.00832244 0.00814181 0.00867764 0.00943503 0.00890487 0.00851176 0.00791609 0.00799253 0.0086161 0.00947663 0.00892749 0.00860501 0.0118696 0.0156854 0.0216886 0.0135768 0.00863432 0.00982541 0.00918341 0.0567356 0.0124702 0.0196863 0.00968466 0.00927515 0.016067 0.0103216 0.0561277 0.00949658 0.0949288 0.0182746 0.0387377 0.0444185 0.0223648 0.0162675 0.025861 0.00908052 0.0115627 0.144083 0.0173729 0.0495919 0.0124925 0.0262619 0.0112655 0.00472198 0.0042238 0.00410748 0.00395448 0.00387112 0.00383753 0.0037707 0 0.00376941 0.00379017 0.00398237 
0.0088467 0.00889218 0.00978586 0.00879825 0.0089741 0.00812512 0.00804469 0.00894084 0.00883512 0.00877121 0.00843245 0.00804803 0.00793031 0.00867127 0.0089793 0.00877993 0.00883276 0.00912242 0.0144397 0.0129651 0.00971967 0.00896088 0.00849673 0.0221513 0.0101665 0.0284341 0.00958496 0.00916225 0.00990172 0.00907939 0.0319903 0.00879919 0.0503611 0.0104854 0.0468282 0.0182063 0.0203418 0.0177281 0.0176351 0.010162 0.0124721 0.00889979 0.0167943 0.0201009 0.0158348 0.0399915 0.00942867 0.0102358 0.00522529 0.00455813 0.00777025 0.00405051 0.0038761 0.00385109 0.00381025 0.00376941 0 0.00385479 0.00389057 
0.00857554 0.00859822 0.00891622 0.00848657 0.00828859 0.00804229 0.00809596 0.00830415 0.00853725 0.00831422 0.00811184 0.00790322 0.00801981 0.0085691 0.00885381 0.00849903 0.00844664 0.00955169 0.00936845 0.00974874 0.00902253 0.00864655 0.00962762 0.00967401 0.0128829 0.00886884 0.00939988 0.00870489 0.00953188 0.0125016 0.00863835 0.0190257 0.0089948 0.0159861 0.00997519 0.0117954 0.0128781 0.0109961 0.00996527 0.00971813 0.00892975 0.00901956 0.0144877 0.0267445 0.034649 0.00996535 0.022747 0.0108504 0.00686174 0.0083198 0.00472768 0.00460888 0.00390544 0.00380008 0.00386614 0.00379017 0.00385479 0 0.00404467 
0.00927999 0.00815522 0.00852261 0.00837886 0.00796223 0.00803096 0.00836282 0.00801172 0.00803229 0.00799414 0.00811598 0.00857589 0.00903511 0.00943318 0.0081992 0.00875172 0.00959423 0.00873689 0.00839107 0.00855454 0.00840739 0.00825313 0.0100238 0.00960248 0.00873604 0.00859598 0.008363 0.00921951 0.0119479 0.00888966 0.00920734 0.00867395 0.00907227 0.00885071 0.00883014 0.00895088 0.00925418 0.00888381 0.00926796 0.00888092 0.00846407 0.00941686 0.0251832 0.0145047 0.0109216 0.0111043 0.010304 0.0131003 0.0152508 0.010508 0.00752678 0.0052464 0.00447841 0.00408353 0.00397589 0.00398237 0.00389057 0.00404467 0 
