1REGY
MIEITLKKPEDFLKVKETLTRMGIANNKDKVLYQSCHILQKKGLYYIVHFKEMLRMDGRQVEMTEEDEVRRDSIAWLLEDWGLIEIVPGQRTFMKDLTNNFRVISFKQKHEWKLVPKYTI
CEEEECCCCCHHHHHHHHHCCEEEEECCCCEEEECEEEEEECCEEEEEEHHHHHHHCCCCCCCCHHHHHHHHHHHHHHHHCCCCEECCCCCEECCCCCCCCEECCCCCHHHCEEEECCCC
0 0 0 0 0 0 0 0 0 0 0 0 0 0 0 0 0 0 0 0 0 0 0 0 0 0 0 0 0 0 0 0 0 0 0 0 0 0 0 0 0 0 0 0 0 0 0 0 0 0 0 0 0 0 0 0 0 0 0 0 0 0 0 0 0 0 0 0 0 0 0 0 0 0 0 0 0 0 0 0 0 0 0 0 0 0 0 0 0 0 0 0 0 0 0 0 0 0 0 0 0 0 0 0 0 0 0 0 0 0 0 0 0 0 0 0 0 0 0 0 
0 0 0 0 0 0 0 0 0 0 0 0 0 0 0 0 0 0 0 0 0 0 0 0 0 0 0 0 0 0 0 0 0 0 0 0 0 0 0 0 0 0 0 0 0 0 0 0 0 0 0 0 0 0 0 0 0 0 0 0 0 0 0 0 0 0 0 0 0 0 0 0 0 0 0 0 0 0 0 0 0 0 0 0 0 0 0 0 0 0 0 0 0 0 0 0 0 0 0 0 0 0 0 0 0 0 0 0 0 0 0 0 0 0 0 0 0 0 0 0 
0 0.00402466 0.00706477 0.00981707 0.13591 0.0256678 0.0204924 0.0551634 0.0569742 0.0576961 0.0358093 0.0112452 0.0852083 0.0411522 0.0177019 0.0363841 0.0242695 0.0112678 0.0529414 0.0112804 0.025281 0.0211759 0.0941412 0.0305274 0.0441813 0.00943068 0.0371485 0.00881934 0.0167261 0.0082745 0.0145241 0.00921808 0.00901937 0.00919115 0.0105743 
0.00402466 0 0.00398806 0.00424732 0.0105143 0.0504776 0.0412647 0.011411 0.0145384 0.0188107 0.0127092 0.0549111 0.00864973 0.0100331 0.0809446 0.0144869 0.0104303 0.0327081 0.00891776 0.0140177 0.0115616 0.0746665 0.0205521 0.0161897 0.0134512 0.0176554 0.00839361 0.010439 0.008106 0.0109112 0.00855146 0.00916445 0.00856673 0.00915088 0.00841218 
0.00706477 0.00398806 0 0.00375551 0.0310107 0.04137 0.0252456 0.0520767 0.00884573 0.0132066 0.0439902 0.0118161 0.014392 0.0143036 0.0125118 0.0298412 0.0237957 0.00911232 0.0109666 0.00902849 0.0398107 0.0173767 0.029762 0.0443909 0.0113926 0.00904576 0.0150422 0.00866144 0.0104603 0.00854674 0.0101041 0.00839661 0.00923594 0.0086946 0.00837687 
0.00981707 0.00424732 0.00375551 0 0.0482076 0.02049 0.0155302 0.010836 0.039975 0.0374678 0.0104199 0.0231261 0.0103734 0.0124376 0.0274427 0.011636 0.00937965 0.013368 0.0100918 0.0311169 0.0129367 0.0152345 0.010306 0.0111566 0.0336394 0.0195451 0.00921161 0.0134429 0.00837997 0.0137501 0.00893689 0.0171142 0.00827138 0.00855008 0.00858992 
0.13591 0.0105143 0.0310107 0.0482076 0 0.00384713 0.00379015 0.00436254 0.00428571 0.00754093 0.00655351 0.0107638 0.0589382 0.0673481 0.0110826 0.011884 0.0114486 0.0150933 0.0193669 0.0123588 0.0120289 0.0124419 0.0159332 0.0193211 0.0208602 0.0132819 0.0198752 0.00875755 0.011489 0.00855463 0.0123449 0.00855501 0.00837984 0.00856158 0.0111509 
0.0256678 0.0504776 0.04137 0.02049 0.00384713 0 0.00380959 0.00386365 0.00386466 0.00525063 0.00887096 0.0156546 0.819631 0.0072562 0.01102 0.0111048 0.0114245 0.0156071 0.0098092 0.0088759 0.0159915 0.0180135 0.0264989 0.0263837 0.0119453 0.0144017 0.0107722 0.0086964 0.0091736 0.00842955 0.00926804 0.00825008 0.00871863 0.00910675 0.00851887 
0.0204924 0.0412647 0.0252456 0.0155302 0.00379015 0.00380959 0 0.00373105 0.00375326 0.00507049 0.00758667 0.942527 0.0065433 0.00657558 0.00973737 0.0135369 0.0150796 0.00979791 0.00739077 0.00862836 0.00931714 0.0217591 0.0244368 0.0129418 0.0120122 0.00973625 0.0085571 0.00838718 0.0082674 0.00827994 0.00835863 0.00851608 0.00877613 0.00833251 0.00828213 
0.0551634 0.011411 0.0520767 0.010836 0.00436254 0.00386365 0.00373105 0 0.00383397 0.0119321 0.97656 0.0073281 0.00702345 0.00615828 0.0118647 0.00873925 0.0094143 0.0077993 0.0075567 0.00895459 0.0180763 0.0133932 0.0129522 0.0130818 0.0091619 0.00924695 0.0101737 0.00834865 0.00922974 0.00840211 0.00868067 0.00865347 0.00856965 0.00841379 0.00799257 
0.0569742 0.0145384 0.00884573 0.039975 0.00428571 0.00386466 0.00375326 0.00383397 0 0.979741 0.0054886 0.00749645 0.00519441 0.00704723 0.00762844 0.00866282 0.00639234 0.00759107 0.00645605 0.0173002 0.0159311 0.0104749 0.00888686 0.00853882 0.0112946 0.0135154 0.00934468 0.00992738 0.00892237 0.00996654 0.00873255 0.0110808 0.00820445 0.00805166 0.00826933 
0.0576961 0.0188107 0.0132066 0.0374678 0.00754093 0.00525063 0.00507049 0.0119321 0.979741 0 0.00459475 0.00383531 0.0040892 0.00422442 0.00489249 0.00453863 0.0080659 0.00766427 0.0129195 0.00871008 0.00847715 0.0107361 0.0117277 0.0121043 0.0210314 0.024248 0.0180219 0.0110568 0.0117367 0.0111894 0.0124991 0.0138755 0.00867545 0.00970306 0.0138266 
0.0358093 0.0127092 0.0439902 0.0104199 0.00655351 0.00887096 0.00758667 0.97656 0.0054886 0.00459475 0 0.00411134 0.00375922 0.00381265 0.0043879 0.00719395 0.00441692 0.00761372 0.00724598 0.00619992 0.0097849 0.010476 0.011526 0.0213666 0.00773372 0.0112646 0.0178449 0.00870936 0.0106591 0.00840536 0.0099168 0.00832682 0.0094499 0.0101664 0.0084741 
0.0112452 0.0549111 0.0118161 0.0231261 0.0107638 0.0156546 0.942527 0.0073281 0.00749645 0.00383531 0.00411134 0 0.00375419 0.00384272 0.00911678 0.00447273 0.00450879 0.00693084 0.00505602 0.00800461 0.0120595 0.0155415 0.0135775 0.0115002 0.0114269 0.0199871 0.0110389 0.00990461 0.00908661 0.00970564 0.00971252 0.00959175 0.00929797 0.00890568 0.00849396 
0.0852083 0.00864973 0.014392 0.0103734 0.0589382 0.819631 0.0065433 0.00702345 0.00519441 0.0040892 0.00375922 0.00375419 0 0.00374837 0.00379244 0.00402969 0.00384676 0.0038446 0.00423993 0.00630195 0.00903989 0.0146594 0.00859906 0.00777276 0.00988995 0.0115656 0.00949061 0.00864871 0.00950564 0.0084339 0.00882338 0.00923172 0.00827943 0.0084464 0.00869544 
0.0411522 0.0100331 0.0143036 0.0124376 0.0673481 0.0072562 0.00657558 0.00615828 0.00704723 0.00422442 0.00381265 0.00384272 0.00374837 0 0.00379441 0.00378959 0.00378809 0.00378014 0.00450405 0.0053153 0.00564496 0.00675583 0.00720355 0.0114196 0.870268 0.01044 0.0138969 0.00886993 0.0111288 0.00832125 0.0106154 0.00857855 0.00864007 0.0090537 0.00951685 
0.0177019 0.0809446 0.0125118 0.0274427 0.0110826 0.01102 0.00973737 0.0118647 0.00762844 0.00489249 0.0043879 0.00911678 0.00379244 0.00379441 0 0.00377723 0.0037684 0.00381318 0.00378343 0.0045837 0.00817123 0.00802061 0.014998 0.937446 0.015936 0.0288551 0.0110854 0.0109034 0.00974164 0.0101743 0.00981245 0.0098912 0.0107238 0.0134045 0.00868717 
0.0363841 0.0144869 0.0298412 0.011636 0.011884 0.0111048 0.0135369 0.00873925 0.00866282 0.00453863 0.00719395 0.00447273 0.00402969 0.00378959 0.00377723 0 0.00377861 0.00374076 0.0037556 0.00428006 0.00689362 0.0105611 0.957577 0.0088758 0.0075472 0.0114938 0.0111757 0.00997854 0.00922736 0.00875513 0.00896746 0.00923968 0.0108075 0.00976423 0.00863495 
0.0242695 0.0104303 0.0237957 0.00937965 0.0114486 0.0114245 0.0150796 0.0094143 0.00639234 0.0080659 0.00441692 0.00450879 0.00384676 0.00378809 0.0037684 0.00377861 0 0.00374686 0.0038012 0.00417166 0.00653953 0.981657 0.0149182 0.0072381 0.00625171 0.0097269 0.0111755 0.00866169 0.00926395 0.00833891 0.00916107 0.00862915 0.00999 0.00898535 0.00856183 
0.0112678 0.0327081 0.00911232 0.013368 0.0150933 0.0156071 0.00979791 0.0077993 0.00759107 0.00766427 0.00761372 0.00693084 0.0038446 0.00378014 0.00381318 0.00374076 0.00374686 0 0.0039053 0.00702087 0.990971 0.00581652 0.00737876 0.00756684 0.00492209 0.0140928 0.00952695 0.0093083 0.00889683 0.00926046 0.0087023 0.0102362 0.00875504 0.00867451 0.00829032 
0.0529414 0.00891776 0.0109666 0.0100918 0.0193669 0.0098092 0.00739077 0.0075567 0.00645605 0.0129195 0.00724598 0.00505602 0.00423993 0.00450405 0.00378343 0.0037556 0.0038012 0.0039053 0 0.995579 0.00586866 0.00569216 0.00400592 0.0042368 0.00450971 0.0106046 0.00966968 0.0104453 0.0095881 0.0105135 0.00875068 0.0117052 0.00814423 0.00823496 0.00826065 
0.0112804 0.0140177 0.00902849 0.0311169 0.0123588 0.0088759 0.00862836 0.00895459 0.0173002 0.00871008 0.00619992 0.00800461 0.00630195 0.0053153 0.0045837 0.00428006 0.00417166 0.00702087 0.995579 0 0.00398622 0.00384731 0.00377831 0.0039438 0.00535008 0.0344087 0.0124028 0.0102215 0.00945231 0.0106491 0.0107765 0.00975126 0.00828826 0.00868331 0.0130151 
0.025281 0.0115616 0.0398107 0.0129367 0.0120289 0.0159915 0.00931714 0.0180763 0.0159311 0.00847715 0.0097849 0.0120595 0.00903989 0.00564496 0.00817123 0.00689362 0.00653953 0.990971 0.00586866 0.00398622 0 0.00386937 0.00375302 0.00397533 0.00538632 0.0269142 0.0173689 0.0100681 0.0105984 0.00971359 0.0115493 0.00889824 0.00958601 0.0103863 0.012442 
0.0211759 0.0746665 0.0173767 0.0152345 0.0124419 0.0180135 0.0217591 0.0133932 0.0104749 0.0107361 0.010476 0.0155415 0.0146594 0.00675583 0.00802061 0.0105611 0.981657 0.00581652 0.00569216 0.00384731 0.00386937 0 0.00380873 0.00376802 0.00380056 0.0427165 0.0148613 0.0102634 0.00938253 0.00957441 0.00982407 0.00938987 0.013582 0.0100016 0.00907075 
0.0941412 0.0205521 0.029762 0.010306 0.0159332 0.0264989 0.0244368 0.0129522 0.00888686 0.0117277 0.011526 0.0135775 0.00859906 0.00720355 0.014998 0.957577 0.0149182 0.00737876 0.00400592 0.00377831 0.00375302 0.00380873 0 0.00374356 0.00376051 0.0226961 0.0249651 0.00998459 0.0107696 0.00941633 0.0100853 0.00930686 0.0146303 0.010948 0.00905108 
0.0305274 0.0161897 0.0443909 0.0111566 0.0193211 0.0263837 0.0129418 0.0130818 0.00853882 0.0121043 0.0213666 0.0115002 0.00777276 0.0114196 0.937446 0.0088758 0.0072381 0.00756684 0.0042368 0.0039438 0.00397533 0.00376802 0.00374356 0 0.00375689 0.0255517 0.034901 0.0147335 0.0165762 0.0108552 0.0152627 0.0101943 0.0115972 0.010958 0.00932678 
0.0441813 0.0134512 0.0113926 0.0336394 0.0208602 0.0119453 0.0120122 0.0091619 0.0112946 0.0210314 0.00773372 0.0114269 0.00988995 0.870268 0.015936 0.0075472 0.00625171 0.00492209 0.00450971 0.00535008 0.00538632 0.00380056 0.00376051 0.00375689 0 0.0202971 0.0539851 0.0184695 0.0208409 0.0189888 0.0137338 0.0172764 0.00949331 0.00942868 0.00996419 
0.00943068 0.0176554 0.00904576 0.0195451 0.0132819 0.0144017 0.00973625 0.00924695 0.0135154 0.024248 0.0112646 0.0199871 0.0115656 0.01044 0.0288551 0.0114938 0.0097269 0.0140928 0.0106046 0.0344087 0.0269142 0.0427165 0.0226961 0.0255517 0.0202971 0 0.00484659 0.0442834 0.0494382 0.0942662 0.0271427 0.0234118 0.0123859 0.0124956 0.0145359 
0.0371485 0.00839361 0.0150422 0.00921161 0.0198752 0.0107722 0.0085571 0.0101737 0.00934468 0.0180219 0.0178449 0.0110389 0.00949061 0.0138969 0.0110854 0.0111757 0.0111755 0.00952695 0.00966968 0.0124028 0.0173689 0.0148613 0.0249651 0.034901 0.0539851 0.00484659 0 0.0315792 0.0141386 0.0212923 0.0339652 0.0161919 0.0118286 0.011755 0.0113833 
0.00881934 0.010439 0.00866144 0.0134429 0.00875755 0.0086964 0.00838718 0.00834865 0.00992738 0.0110568 0.00870936 0.00990461 0.00864871 0.00886993 0.0109034 0.00997854 0.00866169 0.0093083 0.0104453 0.0102215 0.0100681 0.0102634 0.00998459 0.0147335 0.0184695 0.0442834 0.0315792 0 0.00426241 0.0179546 0.0678972 0.0114706 0.010034 0.00992051 0.0183745 
0.0167261 0.008106 0.0104603 0.00837997 0.011489 0.0091736 0.0082674 0.00922974 0.00892237 0.0117367 0.0106591 0.00908661 0.00950564 0.0111288 0.00974164 0.00922736 0.00926395 0.00889683 0.0095881 0.00945231 0.0105984 0.00938253 0.0107696 0.0165762 0.0208409 0.0494382 0.0141386 0.00426241 0 0.0337252 0.0168196 0.0116273 0.0102937 0.0215119 0.0122161 
0.0082745 0.0109112 0.00854674 0.0137501 0.00855463 0.00842955 0.00827994 0.00840211 0.00996654 0.0111894 0.00840536 0.00970564 0.0084339 0.00832125 0.0101743 0.00875513 0.00833891 0.00926046 0.0105135 0.0106491 0.00971359 0.00957441 0.00941633 0.0108552 0.0189888 0.0942662 0.0212923 0.0179546 0.0337252 0 0.00559956 0.0131677 0.0174334 0.00992816 0.0193591 
0.0145241 0.00855146 0.0101041 0.00893689 0.0123449 0.00926804 0.00835863 0.00868067 0.00873255 0.0124991 0.0099168 0.00971252 0.00882338 0.0106154 0.00981245 0.00896746 0.00916107 0.0087023 0.00875068 0.0107765 0.0115493 0.00982407 0.0100853 0.0152627 0.0137338 0.0271427 0.0339652 0.0678972 0.0168196 0.00559956 0 0.0392216 0.00939219 0.0186965 0.0118358 
0.00921808 0.00916445 0.00839661 0.0171142 0.00855501 0.00825008 0.00851608 0.00865347 0.0110808 0.0138755 0.00832682 0.00959175 0.00923172 0.00857855 0.0098912 0.00923968 0.00862915 0.0102362 0.0117052 0.00975126 0.00889824 0.00938987 0.00930686 0.0101943 0.0172764 0.0234118 0.0161919 0.0114706 0.0116273 0.0131677 0.0392216 0 0.00381151 0.00380829 0.0072098 
0.00901937 0.00856673 0.00923594 0.00827138 0.00837984 0.00871863 0.00877613 0.00856965 0.00820445 0.00867545 0.0094499 0.00929797 0.00827943 0.00864007 0.0107238 0.0108075 0.00999 0.00875504 0.00814423 0.00828826 0.00958601 0.013582 0.0146303 0.0115972 0.00949331 0.0123859 0.0118286 0.010034 0.0102937 0.0174334 0.00939219 0.00381151 0 0.00428655 0.00376936 
0.00919115 0.00915088 0.0086946 0.00855008 0.00856158 0.00910675 0.00833251 0.00841379 0.00805166 0.00970306 0.0101664 0.00890568 0.0084464 0.0090537 0.0134045 0.00976423 0.00898535 0.00867451 0.00823496 0.00868331 0.0103863 0.0100016 0.010948 0.010958 0.00942868 0.0124956 0.011755 0.00992051 0.0215119 0.00992816 0.0186965 0.00380829 0.00428655 0 0.00390651 
0.0105743 0.00841218 0.00837687 0.00858992 0.0111509 0.00851887 0.00828213 0.00799257 0.00826933 0.0138266 0.0084741 0.00849396 0.00869544 0.00951685 0.00868717 0.00863495 0.00856183 0.00829032 0.00826065 0.0130151 0.012442 0.00907075 0.00905108 0.00932678 0.00996419 0.0145359 0.0113833 0.0183745 0.0122161 0.0193591 0.0118358 0.0072098 0.00376936 0.00390651 0 
