1RJ8A
PAVVHLQGQGSAIQVKNDLSGGVLNDWSRITMNPKVFKLHPRSGELEVLVDGTYFIYSQVYYINFTDFASYEVVVDEKPFLQCTRSIETGKTNYNTCYTAGVCLLKARQKIAVKMVHADISINMSKHTTFFGAIRLGEAP
CEEEEEECCCCEEEHHHCHHHHECCCCEEEEECCCCEEECCCCCCEEECCCEEEEEEEEEEEEEECCCEEEEEEECCEEEEEEEEEECCCCCEEEEEEEEEEEEECCCCEEEEEECCCCCEEECCCCCCEEEEEEEECCC
0 0 0 0 0 0 0 0 0 0 0 0 0 0 0 0 0 0 0 0 0 0 0 0 0 0 0 0 0 0 0 0 0 0 0 0 0 0 0 0 0 0 0 0 0 0 0 0 0 0 0 0 0 0 0 0 0 0 0 0 0 0 0 0 0 0 0 0 0 0 0 0 0 0 0 0 0 0 0 0 0 0 0 0 0 0 0 0 0 0 0 0 0 0 0 0 0 0 0 0 0 0 0 0 0 0 0 0 0 0 0 0 0 0 0 0 0 0 0 0 0 0 0 0 0 0 0 0 0 0 0 0 0 0 0 0 0 0 0 0 
0 0 0 0 0 0 0 0 0 0 0 0 0 0 0 0 0 0 0 0 0 0 0 0 0 0 0 0 0 0 0 0 0 0 0 0 0 0 0 0 0 0 0 0 0 0 0 0 0 0 0 0 0 0 0 0 0 0 0 0 0 0 0 0 0 0 0 0 0 0 0 0 0 0 0 0 0 0 0 0 0 0 0 0 0 0 0 0 0 0 0 0 0 0 0 0 0 0 0 0 0 0 0 0 0 0 0 0 0 0 0 0 0 0 0 0 0 0 0 0 0 0 0 0 0 0 0 0 0 0 0 0 0 0 0 0 0 0 0 0 
0 0.0040087 0.00389557 0.00393784 0.00398567 0.00585158 0.018132 0.0178235 0.0351985 0.0204729 0.0494553 0.0143702 0.0163834 0.0160827 0.0481986 0.04661 0.0135558 0.04442 0.039749 0.0159401 0.0383836 0.0252665 0.021402 0.0202187 0.0196473 0.0232389 0.0189924 0.0162085 0.0173269 0.0157144 0.0208473 0.0164161 0.0176136 0.0103235 0.0308996 0.017268 0.0128267 0.0158942 0.0135264 0.0213762 0.0153201 0.0262691 0.011073 0.0108734 0.0129249 0.0155248 0.011683 0.0172331 0.0111131 0.0143892 0.0106107 0.0162359 0.0106287 0.00962369 0.0106369 0.0103158 0.0103299 0.011887 0.0112716 0.0135975 0.0117671 0.0120053 0.0130282 0.00976434 0.0126876 0.00980215 0.0127014 0.0113896 0.0130122 0.0103774 0.0150725 0.0103212 0.00917645 0.0116526 0.00996201 0.00934407 0.0114465 0.00980475 0.00993593 0.0109958 0.00984058 0.0106417 
0.0040087 0 0.00389331 0.00386233 0.00400524 0.00403365 0.00807843 0.0178663 0.00954798 0.0104391 0.0147249 0.030447 0.0132756 0.0414849 0.0132842 0.0177703 0.0385038 0.0130546 0.0144937 0.0367102 0.0141051 0.0174533 0.0389183 0.0277469 0.0348684 0.0316299 0.0240045 0.0223007 0.0237265 0.0261086 0.0332354 0.0280792 0.0130864 0.0212045 0.0103223 0.0135212 0.0217258 0.015002 0.0301711 0.024765 0.0328288 0.0119303 0.00863872 0.0114455 0.0178536 0.0196705 0.0219471 0.0157647 0.0236374 0.0151361 0.0164155 0.00922783 0.00876512 0.0096202 0.00954813 0.0120475 0.012777 0.0134717 0.0140449 0.0143673 0.0191282 0.0147875 0.0122689 0.0125677 0.00871436 0.00967522 0.0116187 0.0172465 0.0123005 0.0161038 0.00961854 0.00968248 0.0097413 0.00881458 0.00881988 0.0101353 0.010664 0.0117319 0.0102793 0.0118284 0.0105271 0.00870234 
0.00389557 0.00389331 0 0.00383057 0.00384071 0.00384359 0.00957658 0.00723305 0.0100499 0.0105941 0.0107012 0.0128882 0.0508179 0.0132801 0.0137806 0.0189424 0.0112955 0.0136338 0.0191614 0.0111591 0.0135891 0.0132702 0.0257207 0.0541942 0.0686335 0.0596208 0.0464505 0.0386146 0.0426702 0.0506915 0.0556903 0.0393322 0.0565136 0.0105429 0.0107568 0.0117228 0.0168875 0.0424078 0.0359141 0.0860347 0.0183857 0.0123165 0.00860588 0.011 0.0259024 0.0506181 0.0303869 0.0445541 0.0246074 0.0407261 0.0117757 0.00972853 0.00867062 0.00978115 0.0155865 0.0166336 0.0209214 0.0222793 0.0217181 0.0300893 0.0300209 0.027876 0.0291957 0.0112014 0.0095181 0.00868867 0.0167866 0.0174477 0.0386998 0.0141707 0.0107711 0.009842 0.0102458 0.00882694 0.00904495 0.01111 0.0146168 0.0146898 0.0155703 0.0151845 0.0102545 0.00892144 
0.00393784 0.00386233 0.00383057 0 0.00380665 0.00376888 0.00697634 0.00985117 0.060282 0.0089825 0.0102091 0.0203689 0.0190092 0.0229959 0.0105181 0.0135396 0.0170158 0.0119131 0.0118539 0.0147965 0.0118796 0.011914 0.0244988 0.0512474 0.0615436 0.0530985 0.0468781 0.0393514 0.0432512 0.0455513 0.0518982 0.0793833 0.0205722 0.018029 0.00930951 0.0119894 0.0218196 0.0227178 0.0728061 0.0371743 0.0289273 0.0103228 0.00888106 0.0100463 0.0320107 0.0355563 0.0566573 0.0225439 0.0412962 0.0232151 0.0142884 0.00903885 0.00863095 0.0101596 0.013604 0.0195346 0.0172111 0.0249169 0.0227677 0.0225057 0.0328443 0.0269384 0.0209153 0.0125544 0.00882841 0.00915832 0.0109489 0.0331879 0.0215343 0.0167975 0.010606 0.00993407 0.00927634 0.00933681 0.00877022 0.0109895 0.0156561 0.0152798 0.0140455 0.0164958 0.0100004 0.00864899 
0.00398567 0.00400524 0.00384071 0.00380665 0 0.00378352 0.0134601 0.116611 0.00834696 0.00938348 0.0121307 0.0164575 0.0143279 0.0151588 0.0178206 0.0144454 0.0237965 0.0148444 0.015647 0.0178637 0.0137928 0.0126185 0.0198805 0.0193502 0.026923 0.0271198 0.0205867 0.0193993 0.0205394 0.0185583 0.0307916 0.0165474 0.025256 0.0103903 0.0116087 0.011526 0.0127886 0.02799 0.0139183 0.0260226 0.0195101 0.0117626 0.0083717 0.011934 0.0125342 0.023692 0.0127653 0.0287763 0.0147887 0.0138896 0.0114177 0.00989322 0.00841606 0.00929882 0.0111046 0.0100848 0.0127666 0.0132373 0.0114128 0.0158193 0.0160689 0.0129718 0.013109 0.0106479 0.00972914 0.00858211 0.0159578 0.0109105 0.0180369 0.0127018 0.0100813 0.00907854 0.0115027 0.00835688 0.00886293 0.00987378 0.0105166 0.0109446 0.0104008 0.00982627 0.0102367 0.00849706 
0.00585158 0.00403365 0.00384359 0.00376888 0.00378352 0 0.158282 0.00710783 0.00561475 0.0124026 0.0208823 0.00940641 0.00915762 0.0145618 0.0182265 0.0260084 0.0110589 0.0158521 0.0197008 0.0115851 0.0128856 0.0193213 0.0130494 0.0118897 0.0114231 0.0131657 0.0120103 0.0106503 0.0097038 0.0121082 0.0109903 0.0123658 0.00895169 0.0109597 0.00963454 0.0204784 0.0129922 0.00962398 0.0111041 0.00968153 0.01182 0.0121093 0.009963 0.00867087 0.0101045 0.00965102 0.0123795 0.0096595 0.00934153 0.00905187 0.00950359 0.00920336 0.0110356 0.00850605 0.00850845 0.00868774 0.00875598 0.00924951 0.0090668 0.00916087 0.00947577 0.00940464 0.00882842 0.00879729 0.00906278 0.0124126 0.0084758 0.00913802 0.00893147 0.00952379 0.00938738 0.0121577 0.00824965 0.009881 0.0101185 0.00842828 0.00904656 0.00870875 0.00865966 0.0086483 0.00832403 0.00866915 
0.018132 0.00807843 0.00957658 0.00697634 0.0134601 0.158282 0 0.00407576 0.00413651 0.00778574 0.0119985 0.00942003 0.00968009 0.0143206 0.0344173 0.0146691 0.00996486 0.0251149 0.0145838 0.0114169 0.0235963 0.0122102 0.00943847 0.00936221 0.00953299 0.00933541 0.00881485 0.00904637 0.0093827 0.00910634 0.0093841 0.00994595 0.00891984 0.00946427 0.0158857 0.00987813 0.00850189 0.00873361 0.00926056 0.00901252 0.0100889 0.0156018 0.00898103 0.00851647 0.00860257 0.00873746 0.00889936 0.00860052 0.00866781 0.00844548 0.00922311 0.01081 0.00882501 0.00817296 0.00808289 0.00817163 0.00824016 0.00832672 0.00813543 0.00821401 0.00850501 0.0082897 0.00835315 0.00883063 0.0102419 0.0089689 0.00845966 0.00857546 0.00830556 0.00864218 0.00902426 0.00891393 0.00799266 0.009837 0.00824934 0.00802656 0.00818792 0.00809045 0.00809808 0.00815225 0.00850952 0.00925533 
0.0178235 0.0178663 0.00723305 0.00985117 0.116611 0.00710783 0.00407576 0 0.00378105 0.00705288 0.00925898 0.0117678 0.00867806 0.0171254 0.010285 0.0127911 0.0176199 0.0103781 0.0127371 0.0168874 0.0107224 0.0107106 0.0127699 0.00955293 0.00990226 0.00979095 0.0089902 0.00970158 0.00944415 0.0101577 0.00929964 0.00955074 0.00973381 0.00919196 0.00987089 0.00934772 0.00950157 0.00925761 0.00894164 0.0094865 0.00994278 0.00920644 0.00869883 0.0103014 0.00956058 0.00903997 0.00887261 0.00951861 0.0087359 0.00863052 0.00875985 0.00870434 0.00846466 0.00832726 0.00831731 0.00826544 0.00839264 0.00849886 0.00827877 0.00853261 0.00849247 0.00837385 0.00848874 0.0083462 0.00871363 0.00840355 0.00931379 0.00832542 0.00854859 0.00865018 0.00869634 0.00853908 0.00890625 0.00809087 0.00835147 0.00847244 0.00826195 0.00830073 0.00833925 0.00822195 0.00855201 0.00809313 
0.0351985 0.00954798 0.0100499 0.060282 0.00834696 0.00561475 0.00413651 0.00378105 0 0.0149872 0.0225958 0.00796625 0.00800206 0.00784666 0.0099022 0.0185577 0.00974838 0.00923331 0.0168324 0.0112311 0.0102226 0.0189012 0.0113975 0.0104455 0.00960373 0.00965752 0.00989765 0.00962821 0.0091457 0.0092999 0.00996111 0.0100116 0.00887224 0.0110961 0.00885956 0.0192667 0.00976712 0.00869576 0.00945935 0.00912603 0.0106069 0.00972044 0.0111254 0.00881898 0.00925562 0.00911504 0.0096326 0.00872218 0.0091131 0.0085759 0.0090976 0.00844271 0.0108317 0.00906039 0.00816822 0.00861451 0.00824505 0.0087742 0.00844005 0.00826931 0.00867712 0.00871335 0.00841834 0.00864065 0.00813212 0.0125635 0.00856621 0.00872313 0.00835864 0.00856706 0.00841842 0.0141038 0.00804067 0.00906763 0.0104421 0.00842799 0.0082318 0.00831269 0.008224 0.00831908 0.00832537 0.00812511 
0.0204729 0.0104391 0.0105941 0.0089825 0.00938348 0.0124026 0.00778574 0.00705288 0.0149872 0 0.0364811 0.00450771 0.00438944 0.00528623 0.00857746 0.0092163 0.0080885 0.0132625 0.0139062 0.0122814 0.0225659 0.0129846 0.00953252 0.00911357 0.0097597 0.0098963 0.00964264 0.00910225 0.00965368 0.00969363 0.00935141 0.00964749 0.00956518 0.00933478 0.0212679 0.0115366 0.00931778 0.0092671 0.00928812 0.00927297 0.0115212 0.0162836 0.00963474 0.00946022 0.00921062 0.0094228 0.00900415 0.00961345 0.00902814 0.00880248 0.0100952 0.013806 0.0103087 0.00839944 0.00851476 0.00840808 0.00839575 0.0087578 0.00842002 0.00879406 0.00882665 0.00863203 0.00846563 0.00858315 0.0138992 0.00905179 0.00893867 0.00830387 0.00846726 0.00892289 0.0123353 0.00897977 0.00840343 0.010321 0.00897729 0.0080899 0.00821191 0.00828438 0.0081984 0.0080578 0.0084347 0.00987463 
0.0494553 0.0147249 0.0107012 0.0102091 0.0121307 0.0208823 0.0119985 0.00925898 0.0225958 0.0364811 0 0.0040589 0.00377766 0.0041344 0.00508046 0.00779532 0.0082712 0.0296835 0.0150949 0.0166649 0.0304668 0.0119423 0.0105506 0.00949518 0.0104015 0.0170168 0.00892908 0.00937575 0.00909794 0.00904926 0.00959663 0.0104596 0.00868585 0.0119178 0.0168293 0.0115191 0.00893523 0.00883787 0.00986228 0.00964772 0.0118157 0.0177137 0.00952736 0.00905969 0.00907776 0.00881178 0.0093827 0.00885868 0.0100246 0.00878281 0.0106395 0.0121505 0.00909635 0.00834499 0.00823027 0.00839781 0.00849038 0.0085509 0.00838798 0.00863071 0.00868694 0.00856834 0.00849107 0.00967608 0.0107482 0.00969489 0.00854876 0.00889335 0.00850538 0.00919269 0.00953327 0.00928853 0.00812308 0.011156 0.00853929 0.00813755 0.00826295 0.00831538 0.00841873 0.00849332 0.00922544 0.00995866 
0.0143702 0.030447 0.0128882 0.0203689 0.0164575 0.00940641 0.00942003 0.0117678 0.00796625 0.00450771 0.0040589 0 0.00378859 0.00384034 0.00385899 0.00591504 0.0195748 0.0129979 0.0108153 0.014698 0.00987321 0.00908752 0.0140662 0.0111377 0.0323842 0.0113106 0.0109424 0.0107309 0.0108446 0.0113478 0.0119531 0.0115494 0.0119886 0.00989729 0.00943363 0.00924322 0.010457 0.0103448 0.0154011 0.013305 0.0138643 0.00971513 0.00868858 0.00954546 0.0100421 0.0108186 0.0104542 0.0124929 0.00977171 0.0101792 0.0103237 0.008662 0.00842943 0.00863072 0.00873349 0.00873422 0.00950437 0.00942956 0.00926492 0.00945204 0.0108649 0.00974208 0.0101001 0.0091195 0.0083941 0.0084159 0.00941774 0.00989791 0.0105008 0.00951986 0.00837018 0.00849689 0.00840299 0.00831046 0.00829859 0.00870358 0.00888332 0.00896558 0.00881314 0.00921993 0.00875625 0.00837269 
0.0163834 0.0132756 0.0508179 0.0190092 0.0143279 0.00915762 0.00968009 0.00867806 0.00800206 0.00438944 0.00377766 0.00378859 0 0.00378985 0.00378232 0.00654541 0.00865964 0.0383888 0.0097617 0.00889144 0.0109878 0.00939401 0.0109439 0.0507962 0.0146399 0.0172706 0.0122623 0.0146848 0.0137975 0.0136234 0.0152614 0.0163321 0.0139875 0.0096812 0.00904179 0.00922457 0.00942971 0.0195468 0.015546 0.0274656 0.0106201 0.00975599 0.00848225 0.00946791 0.0126758 0.0148174 0.0149638 0.0137778 0.0123705 0.0156066 0.00965367 0.00888549 0.00832758 0.00875061 0.00993929 0.0101976 0.0104764 0.012618 0.0118645 0.0138915 0.0127765 0.0149307 0.0126863 0.00919253 0.00843087 0.00841824 0.0107292 0.0130477 0.0161444 0.0100822 0.0087027 0.00848682 0.00859657 0.00831661 0.00870041 0.00915274 0.011598 0.0100744 0.0110178 0.0115295 0.00888529 0.00835489 
0.0160827 0.0414849 0.0132801 0.0229959 0.0151588 0.0145618 0.0143206 0.0171254 0.00784666 0.00528623 0.0041344 0.00384034 0.00378985 0 0.00393426 0.0176236 0.0458172 0.00746559 0.00898212 0.0195013 0.00947651 0.011331 0.0575106 0.0117662 0.0131885 0.0117468 0.0116482 0.0107925 0.0112549 0.0105728 0.0159934 0.0134085 0.00938678 0.0125224 0.00906049 0.0119379 0.0172528 0.0115625 0.0180314 0.0107713 0.0175438 0.00947614 0.00933179 0.00987155 0.0106895 0.011028 0.0137198 0.0104507 0.0119461 0.00945851 0.012454 0.00864545 0.00914837 0.00994894 0.0089777 0.00990593 0.00953461 0.0103472 0.0118169 0.00929033 0.0118747 0.010603 0.00935368 0.0103308 0.00849625 0.00992674 0.00923575 0.0120665 0.0103799 0.0119983 0.00864357 0.00976953 0.00878243 0.00879972 0.00874203 0.00970721 0.00920586 0.00968807 0.00892807 0.0100072 0.00898307 0.00829865 
0.0481986 0.0132842 0.0137806 0.0105181 0.0178206 0.0182265 0.0344173 0.010285 0.0099022 0.00857746 0.00508046 0.00385899 0.00378232 0.00393426 0 0.113816 0.00641195 0.00633364 0.0245624 0.00994181 0.0205257 0.0536592 0.0125774 0.0106819 0.0109157 0.0107267 0.0103808 0.00988932 0.00995484 0.0126516 0.00970499 0.00989687 0.00963741 0.0085916 0.0178054 0.026474 0.010221 0.0119661 0.00962644 0.0106896 0.0102492 0.0142709 0.0114841 0.00927648 0.00991166 0.0106759 0.00941685 0.012253 0.00896264 0.0093657 0.008929 0.0131436 0.0144673 0.00850895 0.00872566 0.00901099 0.00926541 0.00957069 0.00878276 0.00959682 0.00945514 0.00971403 0.00912579 0.00855894 0.0123641 0.0121102 0.0100255 0.00885017 0.00976478 0.00885134 0.0110074 0.0118057 0.00872775 0.00968705 0.0132629 0.00881289 0.00896849 0.00897618 0.00896036 0.00845894 0.00878621 0.00951092 
0.04661 0.0177703 0.0189424 0.0135396 0.0144454 0.0260084 0.0146691 0.0127911 0.0185577 0.0092163 0.00779532 0.00591504 0.00654541 0.0176236 0.113816 0 0.00385137 0.00420381 0.0146418 0.0122447 0.92587 0.0123502 0.0116645 0.0114835 0.0122419 0.0121507 0.0120884 0.0129684 0.0118997 0.0118594 0.0104009 0.0113745 0.0132739 0.00966365 0.0532529 0.0159319 0.010722 0.0127786 0.010927 0.0146935 0.0125871 0.0336998 0.0109097 0.0121036 0.0103128 0.0111641 0.0101353 0.0129056 0.0101338 0.0108484 0.0111378 0.0248274 0.0118567 0.0095489 0.0095001 0.00910921 0.0101063 0.00970025 0.0095012 0.0109107 0.00995594 0.0101994 0.010465 0.00988332 0.0237163 0.0101096 0.0141228 0.00994803 0.0117354 0.0106285 0.0148219 0.0106289 0.00997868 0.0125401 0.0101256 0.00895991 0.00935869 0.00907782 0.00961948 0.00958611 0.0102037 0.0118521 
0.0135558 0.0385038 0.0112955 0.0170158 0.0237965 0.0110589 0.00996486 0.0176199 0.00974838 0.0080885 0.0082712 0.0195748 0.00865964 0.0458172 0.00641195 0.00385137 0 0.0037629 0.00889282 0.973802 0.00962802 0.00873607 0.015754 0.0124345 0.0135848 0.01482 0.0111192 0.0108759 0.0102381 0.00940611 0.0120003 0.0125298 0.00883823 0.0378923 0.00877751 0.0123092 0.0189816 0.00905893 0.0142256 0.0104344 0.0289265 0.0100408 0.00988939 0.0104132 0.010925 0.0109262 0.0156719 0.0102381 0.0120205 0.00946967 0.0415238 0.00864186 0.00883335 0.0109518 0.00895146 0.0103942 0.00919561 0.01013 0.0104375 0.00953251 0.0118783 0.0102919 0.0091214 0.0182425 0.00839506 0.0117258 0.00919803 0.0137367 0.0100637 0.0188565 0.0092372 0.0108155 0.00953301 0.00896853 0.00893785 0.0103746 0.009359 0.00953204 0.00895946 0.0102341 0.00943321 0.00844149 
0.04442 0.0130546 0.0136338 0.0119131 0.0148444 0.0158521 0.0251149 0.0103781 0.00923331 0.0132625 0.0296835 0.0129979 0.0383888 0.00746559 0.00633364 0.00420381 0.0037629 0 0.975448 0.00899125 0.011887 0.019867 0.0124564 0.0102318 0.0182471 0.0135223 0.0100981 0.0098138 0.00893588 0.0104624 0.00986314 0.0101042 0.0111134 0.00870061 0.0188966 0.0244637 0.0101348 0.0117058 0.00958718 0.0127824 0.0106308 0.0158076 0.0117618 0.0098568 0.0107032 0.0111761 0.00982923 0.0117371 0.00938718 0.0109519 0.00915551 0.0138425 0.0167948 0.008878 0.00919976 0.00896891 0.00978864 0.00997233 0.00910693 0.0106186 0.00968493 0.010165 0.0104875 0.0090445 0.0128815 0.0108152 0.0116253 0.00943396 0.0113254 0.00969807 0.0148521 0.0121279 0.00938282 0.0105175 0.0144127 0.00899967 0.00905 0.00887877 0.00908808 0.00872462 0.0093226 0.00974714 
0.039749 0.0144937 0.0191614 0.0118539 0.015647 0.0197008 0.0145838 0.0127371 0.0168324 0.0139062 0.0150949 0.0108153 0.0097617 0.00898212 0.0245624 0.0146418 0.00889282 0.975448 0 0.00389332 0.00503103 0.00542114 0.00870615 0.0912433 0.0244732 0.00942761 0.00778435 0.00862115 0.00819352 0.00919512 0.00859911 0.00993822 0.012677 0.00882022 0.0611993 0.0142158 0.010049 0.0148727 0.0110732 0.0151624 0.0120834 0.0388889 0.0107669 0.0123732 0.0102089 0.0120811 0.00978647 0.0140612 0.0104277 0.0118631 0.0107984 0.0297595 0.0126304 0.00938209 0.010035 0.00908063 0.0104141 0.0100851 0.0100031 0.0132447 0.0109604 0.0109478 0.0117392 0.00996816 0.0280721 0.0103056 0.019636 0.00996611 0.0130376 0.0104827 0.0181518 0.0102426 0.0104011 0.0121212 0.0104503 0.00937521 0.00965226 0.00925731 0.010125 0.00933432 0.0105569 0.0132227 
0.0159401 0.0367102 0.0111591 0.0147965 0.0178637 0.0115851 0.0114169 0.0168874 0.0112311 0.0122814 0.0166649 0.014698 0.00889144 0.0195013 0.00994181 0.0122447 0.973802 0.00899125 0.00389332 0 0.00388741 0.00500511 0.0969685 0.022287 0.00704745 0.0072465 0.00722854 0.00700849 0.00798485 0.00735055 0.00929895 0.010535 0.00779768 0.0283362 0.00878413 0.0128519 0.0212652 0.00909842 0.0140431 0.00996059 0.0354993 0.0102548 0.0103826 0.011848 0.0119123 0.0100575 0.0150964 0.0098143 0.0120042 0.00961899 0.0250727 0.0092348 0.0101075 0.0131824 0.00910453 0.00976625 0.00951553 0.0100017 0.0107303 0.00941139 0.0136138 0.0114577 0.00937799 0.0206295 0.00867955 0.0157766 0.0100057 0.0149999 0.0102921 0.02129 0.00947392 0.0131442 0.0103695 0.00953965 0.00970769 0.0105965 0.00925324 0.00961837 0.0090129 0.0108297 0.00953823 0.00864922 
0.0383836 0.0141051 0.0135891 0.0118796 0.0137928 0.0128856 0.0235963 0.0107224 0.0102226 0.0225659 0.0304668 0.00987321 0.0109878 0.00947651 0.0205257 0.92587 0.00962802 0.011887 0.00503103 0.00388741 0 0.107282 0.0390465 0.00596772 0.00598161 0.00634232 0.0069171 0.00829463 0.00711664 0.00933451 0.00823921 0.0102119 0.0130969 0.00776655 0.0253693 0.0232229 0.0100301 0.0138846 0.00934453 0.0135318 0.0106246 0.0192324 0.0122669 0.011112 0.0102159 0.0117956 0.00991971 0.0139294 0.00938328 0.0108246 0.00934395 0.018704 0.0216502 0.00894617 0.00971737 0.00903189 0.010581 0.0106038 0.00938083 0.012165 0.0103856 0.0112415 0.0108357 0.00909924 0.0180322 0.0116429 0.0138577 0.00961149 0.0130391 0.00996538 0.0157392 0.0131934 0.010042 0.0102248 0.0160825 0.0100334 0.00949803 0.00957168 0.00981126 0.00930397 0.00974181 0.0111058 
0.0252665 0.0174533 0.0132702 0.011914 0.0126185 0.0193213 0.0122102 0.0107106 0.0189012 0.0129846 0.0119423 0.00908752 0.00939401 0.011331 0.0536592 0.0123502 0.00873607 0.019867 0.00542114 0.00500511 0.107282 0 0.00387755 0.00379547 0.00383313 0.00378075 0.00383057 0.00391999 0.00505616 0.00442932 0.00626739 0.00675809 0.00724647 0.00644703 0.0246165 0.0109796 0.0087823 0.0104254 0.0109995 0.0110076 0.0117187 0.0265135 0.0117048 0.0127402 0.0105128 0.0113102 0.0101115 0.0116119 0.00994234 0.0114897 0.0148889 0.023315 0.0131976 0.0099057 0.00941798 0.00942388 0.0102835 0.0103728 0.0104191 0.0136838 0.0112013 0.0109324 0.0107833 0.010816 0.0288504 0.0121639 0.0157236 0.011273 0.011735 0.0115189 0.017108 0.0104397 0.00936484 0.0132752 0.011268 0.00970632 0.00990568 0.00950922 0.0101837 0.0113556 0.0106423 0.0133568 
0.021402 0.0389183 0.0257207 0.0244988 0.0198805 0.0130494 0.00943847 0.0127699 0.0113975 0.00953252 0.0105506 0.0140662 0.0109439 0.0575106 0.0125774 0.0116645 0.015754 0.0124564 0.00870615 0.0969685 0.0390465 0.00387755 0 0.00379766 0.00378721 0.00379984 0.00382874 0.00389849 0.00399763 0.00431844 0.00531084 0.00984248 0.00620808 0.0119007 0.00840216 0.0102242 0.0122295 0.0111466 0.0133804 0.0132377 0.0247293 0.0123682 0.00897987 0.0162536 0.0140355 0.0152521 0.0154237 0.014111 0.0164847 0.0148779 0.0225167 0.010878 0.0103805 0.0130983 0.011515 0.0132112 0.0134526 0.0173118 0.0157161 0.0184289 0.0217612 0.0223438 0.0165938 0.0464593 0.010762 0.0110222 0.0192493 0.0255105 0.0192766 0.0238096 0.0114084 0.0103324 0.0134929 0.0107749 0.00999594 0.0142867 0.015115 0.0166457 0.0158027 0.0194685 0.0156196 0.00997822 
0.0202187 0.0277469 0.0541942 0.0512474 0.0193502 0.0118897 0.00936221 0.00955293 0.0104455 0.00911357 0.00949518 0.0111377 0.0507962 0.0117662 0.0106819 0.0114835 0.0124345 0.0102318 0.0912433 0.022287 0.00596772 0.00379547 0.00379766 0 0.00379692 0.00376659 0.00379198 0.00379126 0.00587234 0.00422017 0.00792362 0.00691029 0.0102438 0.00671919 0.00752799 0.0104577 0.0100733 0.0129922 0.0179145 0.0227236 0.0214994 0.0143941 0.00884113 0.00991007 0.021867 0.0216319 0.0275525 0.020596 0.0200546 0.0286916 0.012491 0.0104167 0.00959878 0.0108595 0.0148223 0.0168434 0.0224543 0.0229291 0.0290011 0.0271939 0.0400739 0.0341712 0.0833805 0.0171391 0.0111334 0.010671 0.0171502 0.0364368 0.058537 0.0224518 0.0131092 0.011095 0.0104558 0.0107172 0.010794 0.0161591 0.024974 0.0297443 0.0253456 0.0484671 0.0140187 0.00981371 
0.0196473 0.0348684 0.0686335 0.0615436 0.026923 0.0114231 0.00953299 0.00990226 0.00960373 0.0097597 0.0104015 0.0323842 0.0146399 0.0131885 0.0109157 0.0122419 0.0135848 0.0182471 0.0244732 0.00704745 0.00598161 0.00383313 0.00378721 0.00379692 0 0.0037814 0.00377065 0.00382566 0.00375698 0.00492099 0.00428357 0.0105034 0.00559848 0.00650331 0.00709442 0.00910969 0.0125985 0.0139996 0.0227513 0.0262312 0.0238002 0.0123785 0.008717 0.0124844 0.0198159 0.0291824 0.0275051 0.0235708 0.0325423 0.0213548 0.0168484 0.0109654 0.0100544 0.0135313 0.0165004 0.021806 0.0277199 0.0414289 0.0297569 0.0385379 0.0399959 0.118731 0.0588467 0.0230143 0.0109677 0.0111349 0.0216684 0.0552179 0.060609 0.0333359 0.0140248 0.0114364 0.0136745 0.0104045 0.0114714 0.0203734 0.0351187 0.0381397 0.0475959 0.048285 0.0173353 0.00942265 
0.0232389 0.0316299 0.0596208 0.0530985 0.0271198 0.0131657 0.00933541 0.00979095 0.00965752 0.0098963 0.0170168 0.0113106 0.0172706 0.0117468 0.0107267 0.0121507 0.01482 0.0135223 0.00942761 0.0072465 0.00634232 0.00378075 0.00379984 0.00376659 0.0037814 0 0.00374726 0.00375539 0.00406884 0.00384397 0.00474683 0.00522422 0.00658894 0.00529214 0.00667637 0.00914945 0.00985192 0.0177596 0.0168311 0.0210628 0.0145044 0.0131285 0.00866482 0.0106618 0.0190005 0.0228599 0.0235343 0.0324486 0.0205173 0.0230698 0.0154989 0.0125684 0.00977623 0.0112316 0.0169032 0.0186304 0.0264852 0.0305541 0.030352 0.0325543 0.118995 0.0634237 0.0370163 0.0157998 0.011159 0.00993178 0.027671 0.0373324 0.070891 0.0318486 0.0150494 0.011179 0.013454 0.0104272 0.0112167 0.0209951 0.0425567 0.0529456 0.0406632 0.0477429 0.0172291 0.00973245 
0.0189924 0.0240045 0.0464505 0.0468781 0.0205867 0.0120103 0.00881485 0.0089902 0.00989765 0.00964264 0.00892908 0.0109424 0.0122623 0.0116482 0.0103808 0.0120884 0.0111192 0.0100981 0.00778435 0.00722854 0.0069171 0.00383057 0.00382874 0.00379198 0.00377065 0.00374726 0 0.00375785 0.00375231 0.00387663 0.00382431 0.00421435 0.0042694 0.00432436 0.00491641 0.00809488 0.0107009 0.0129303 0.0251182 0.0127671 0.0142263 0.0118145 0.00851432 0.0110898 0.0146754 0.0195166 0.0260203 0.0154899 0.0176969 0.0165618 0.017325 0.0224734 0.0087687 0.010603 0.0151931 0.0205649 0.0207387 0.0292828 0.0277953 0.101551 0.0631435 0.0340153 0.0234567 0.0157416 0.0102312 0.0116074 0.0131964 0.0390565 0.0411322 0.0228737 0.0138233 0.0105276 0.0103509 0.0110881 0.0107683 0.0168511 0.0388757 0.029979 0.0275219 0.0392097 0.0152206 0.00960534 
0.0162085 0.0223007 0.0386146 0.0393514 0.0193993 0.0106503 0.00904637 0.00970158 0.00962821 0.00910225 0.00937575 0.0107309 0.0146848 0.0107925 0.00988932 0.0129684 0.0108759 0.0098138 0.00862115 0.00700849 0.00829463 0.00391999 0.00389849 0.00379126 0.00382566 0.00375539 0.00375785 0 0.0064713 0.00376074 0.00375648 0.0038735 0.00414001 0.00385089 0.00461649 0.00858493 0.00872421 0.013132 0.0159231 0.0167866 0.0119783 0.0261448 0.00903917 0.0107865 0.0124408 0.021271 0.0141315 0.0184927 0.0167694 0.0244523 0.0170636 0.0110476 0.0097227 0.0103158 0.0179233 0.0153001 0.0250592 0.0238806 0.112597 0.0402892 0.0375591 0.0286789 0.0296266 0.0117565 0.0221007 0.0099203 0.0221698 0.0266567 0.0455925 0.0203893 0.0121558 0.0106765 0.0114933 0.00981741 0.0108097 0.0223902 0.0258341 0.0280453 0.0326318 0.0281104 0.0152943 0.00989407 
0.0173269 0.0237265 0.0426702 0.0432512 0.0205394 0.0097038 0.0093827 0.00944415 0.0091457 0.00965368 0.00909794 0.0108446 0.0137975 0.0112549 0.00995484 0.0118997 0.0102381 0.00893588 0.00819352 0.00798485 0.00711664 0.00505616 0.00399763 0.00587234 0.00375698 0.00406884 0.00375231 0.0064713 0 0.00374529 0.00374546 0.00380644 0.00374666 0.00405031 0.00387495 0.00699241 0.0122828 0.0107142 0.0128581 0.0147376 0.0329353 0.0321198 0.00788659 0.00930655 0.0151102 0.0142378 0.0201673 0.0147466 0.0207146 0.036242 0.0151212 0.00950662 0.00943846 0.0126174 0.0134841 0.0210297 0.0177623 0.127796 0.0493443 0.025598 0.035536 0.0358532 0.020507 0.02409 0.00918417 0.0107895 0.0132739 0.0396678 0.0356075 0.0251988 0.0142371 0.011106 0.0113188 0.00977177 0.0143744 0.0154134 0.0259896 0.0289287 0.0234298 0.0405897 0.0150873 0.00893459 
0.0157144 0.0261086 0.0506915 0.0455513 0.0185583 0.0121082 0.00910634 0.0101577 0.0092999 0.00969363 0.00904926 0.0113478 0.0136234 0.0105728 0.0126516 0.0118594 0.00940611 0.0104624 0.00919512 0.00735055 0.00933451 0.00442932 0.00431844 0.00422017 0.00492099 0.00384397 0.00387663 0.00376074 0.00374529 0 0.00376275 0.00376508 0.0037198 0.00380443 0.00384581 0.00795935 0.00766055 0.0131788 0.0162208 0.0417671 0.0263149 0.0122402 0.00736929 0.0103535 0.011722 0.0190673 0.0163512 0.0197137 0.0181855 0.019627 0.0157146 0.012568 0.00938337 0.0102835 0.0172459 0.0144046 0.123845 0.0424787 0.0270989 0.0344881 0.033347 0.0329655 0.0480679 0.0122189 0.0110078 0.00998166 0.0217913 0.0312845 0.0706706 0.0255449 0.0133229 0.0102445 0.0135749 0.0100043 0.010708 0.0186175 0.0278893 0.0304309 0.0388762 0.0363927 0.0159698 0.00953287 
0.0208473 0.0332354 0.0556903 0.0518982 0.0307916 0.0109903 0.0093841 0.00929964 0.00996111 0.00935141 0.00959663 0.0119531 0.0152614 0.0159934 0.00970499 0.0104009 0.0120003 0.00986314 0.00859911 0.00929895 0.00823921 0.00626739 0.00531084 0.00792362 0.00428357 0.00474683 0.00382431 0.00375648 0.00374546 0.00376275 0 0.00377739 0.00374988 0.00379356 0.00376347 0.00595153 0.010117 0.0124228 0.0294174 0.0205417 0.0181162 0.0092441 0.00833959 0.00884307 0.0121225 0.0170677 0.0187193 0.0169502 0.0182464 0.0236779 0.0162533 0.00969575 0.00979877 0.0119463 0.0160806 0.106811 0.0270902 0.0329017 0.0273587 0.0340213 0.0448818 0.0475209 0.0233511 0.0157834 0.00958317 0.0112318 0.0190573 0.0506303 0.062557 0.0285618 0.0143318 0.0114929 0.0110738 0.0112023 0.0123416 0.0196915 0.0309258 0.0421986 0.0327371 0.0476129 0.0172383 0.00928824 
0.0164161 0.0280792 0.0393322 0.0793833 0.0165474 0.0123658 0.00994595 0.00955074 0.0100116 0.00964749 0.0104596 0.0115494 0.0163321 0.0134085 0.00989687 0.0113745 0.0125298 0.0101042 0.00993822 0.010535 0.0102119 0.00675809 0.00984248 0.00691029 0.0105034 0.00522422 0.00421435 0.0038735 0.00380644 0.00376508 0.00377739 0 0.00376097 0.00375912 0.00378541 0.00631241 0.00976124 0.0226763 0.0595245 0.0268328 0.0115032 0.00940113 0.0080155 0.0091106 0.0166702 0.0118778 0.0233657 0.0128975 0.0199013 0.0151202 0.0176662 0.011239 0.00997987 0.0124603 0.0953713 0.0247284 0.0215113 0.0243915 0.032627 0.0231641 0.0461862 0.0323327 0.0197885 0.0202473 0.00957162 0.0130104 0.0150931 0.0664291 0.0329418 0.0379487 0.0128817 0.0118091 0.0115299 0.0121116 0.0105578 0.0157447 0.0294382 0.0340832 0.0238254 0.0527592 0.013458 0.00966872 
0.0176136 0.0130864 0.0565136 0.0205722 0.025256 0.00895169 0.00891984 0.00973381 0.00887224 0.00956518 0.00868585 0.0119886 0.0139875 0.00938678 0.00963741 0.0132739 0.00883823 0.0111134 0.012677 0.00779768 0.0130969 0.00724647 0.00620808 0.0102438 0.00559848 0.00658894 0.0042694 0.00414001 0.00374666 0.0037198 0.00374988 0.00376097 0 0.00374921 0.00384395 0.0047329 0.015717 0.0411407 0.0129413 0.0122625 0.00745047 0.00791326 0.00650757 0.00990757 0.00936606 0.0160327 0.00959238 0.0244558 0.00989617 0.0223452 0.0102666 0.0161967 0.00981351 0.0312305 0.0205397 0.0104325 0.0230116 0.020394 0.0149146 0.037127 0.0164235 0.0213771 0.02987 0.0093371 0.0147115 0.00863707 0.0470545 0.0129686 0.0783021 0.0126045 0.0130242 0.00913266 0.0164748 0.00884274 0.0113879 0.013834 0.0202675 0.0207627 0.0310639 0.0157755 0.0162369 0.00901667 
0.0103235 0.0212045 0.0105429 0.018029 0.0103903 0.0109597 0.00946427 0.00919196 0.0110961 0.00933478 0.0119178 0.00989729 0.0096812 0.0125224 0.0085916 0.00966365 0.0378923 0.00870061 0.00882022 0.0283362 0.00776655 0.00644703 0.0119007 0.00671919 0.00650331 0.00529214 0.00432436 0.00385089 0.00405031 0.00380443 0.00379356 0.00375912 0.00374921 0 0.0038092 0.00542064 0.0438502 0.0071241 0.00852453 0.0061333 0.00887828 0.00668997 0.00758785 0.00719271 0.0109243 0.00821752 0.0151063 0.007938 0.0174386 0.00921479 0.0299412 0.00916106 0.0251171 0.0139242 0.00887856 0.0133214 0.0110675 0.0128416 0.0171079 0.00955089 0.0143974 0.0134146 0.00919082 0.0256658 0.00839341 0.0201951 0.00899937 0.0307623 0.0099447 0.0312997 0.00978264 0.0160979 0.00917651 0.0127189 0.00962316 0.0119847 0.0117361 0.0119887 0.00920667 0.0184848 0.00923515 0.00853261 
0.0308996 0.0103223 0.0107568 0.00930951 0.0116087 0.00963454 0.0158857 0.00987089 0.00885956 0.0212679 0.0168293 0.00943363 0.00904179 0.00906049 0.0178054 0.0532529 0.00877751 0.0188966 0.0611993 0.00878413 0.0253693 0.0246165 0.00840216 0.00752799 0.00709442 0.00667637 0.00491641 0.00461649 0.00387495 0.00384581 0.00376347 0.00378541 0.00384395 0.0038092 0 0.0500391 0.00837875 0.00592011 0.00434763 0.00580628 0.00612454 0.0129862 0.00926934 0.00827028 0.00820372 0.00932357 0.00756976 0.012328 0.00846038 0.0115576 0.0120642 0.0239619 0.0274311 0.00895103 0.00979463 0.00896824 0.0107814 0.0101335 0.00900131 0.0112893 0.00943254 0.00992693 0.0108769 0.00861152 0.0297916 0.0107254 0.0172542 0.00901365 0.0139294 0.00898252 0.0150082 0.0118848 0.0109156 0.00938434 0.0199446 0.0106164 0.00957468 0.00965504 0.0101363 0.00873498 0.0103611 0.00975836 
0.017268 0.0135212 0.0117228 0.0119894 0.011526 0.0204784 0.00987813 0.00934772 0.0192667 0.0115366 0.0115191 0.00924322 0.00922457 0.0119379 0.026474 0.0159319 0.0123092 0.0244637 0.0142158 0.0128519 0.0232229 0.0109796 0.0102242 0.0104577 0.00910969 0.00914945 0.00809488 0.00858493 0.00699241 0.00795935 0.00595153 0.00631241 0.0047329 0.00542064 0.0500391 0 0.00395902 0.00377856 0.00379808 0.00386679 0.00416302 0.00665314 0.00545324 0.00627515 0.00687667 0.00716026 0.0078882 0.0142376 0.0942738 0.654947 0.0164686 0.021713 0.0120181 0.010059 0.00931774 0.00950458 0.0100971 0.0111045 0.0113668 0.011826 0.0126482 0.0122562 0.0106986 0.0128525 0.0212076 0.0186908 0.0151118 0.01449 0.0121008 0.0145791 0.0259862 0.0151695 0.0104154 0.0219602 0.01335 0.0108018 0.0115011 0.011172 0.0104081 0.0124146 0.0128694 0.0158815 
0.0128267 0.0217258 0.0168875 0.0218196 0.0127886 0.0129922 0.00850189 0.00950157 0.00976712 0.00931778 0.00893523 0.010457 0.00942971 0.0172528 0.010221 0.010722 0.0189816 0.0101348 0.010049 0.0212652 0.0100301 0.0087823 0.0122295 0.0100733 0.0125985 0.00985192 0.0107009 0.00872421 0.0122828 0.00766055 0.010117 0.00976124 0.015717 0.0438502 0.00837875 0.00395902 0 0.00376565 0.00377616 0.00397031 0.00388578 0.00399063 0.00470228 0.00609868 0.0069878 0.00726882 0.0404135 0.0341645 0.739704 0.0116831 0.0156049 0.00865472 0.00897869 0.0116345 0.00941628 0.011375 0.0111194 0.0144091 0.0138323 0.0128014 0.0196859 0.0152152 0.0118038 0.0218991 0.00961156 0.0115483 0.0145628 0.0334832 0.0151422 0.0336576 0.0108296 0.0105106 0.0138876 0.0108314 0.00991942 0.0160698 0.0164642 0.0167501 0.0124378 0.0288198 0.0133869 0.00982552 
0.0158942 0.015002 0.0424078 0.0227178 0.02799 0.00962398 0.00873361 0.00925761 0.00869576 0.0092671 0.00883787 0.0103448 0.0195468 0.0115625 0.0119661 0.0127786 0.00905893 0.0117058 0.0148727 0.00909842 0.0138846 0.0104254 0.0111466 0.0129922 0.0139996 0.0177596 0.0129303 0.013132 0.0107142 0.0131788 0.0124228 0.0226763 0.0411407 0.0071241 0.00592011 0.00377856 0.00376565 0 0.00377327 0.00376496 0.00381614 0.00397275 0.00433236 0.00511868 0.00592898 0.0187203 0.0475155 0.804067 0.0106874 0.0157277 0.00833653 0.0194928 0.00866685 0.00981086 0.0124429 0.0100201 0.0207387 0.0156817 0.0176986 0.0250268 0.0196308 0.0209985 0.0349456 0.00969265 0.0141592 0.00928861 0.0338974 0.0158411 0.106007 0.0144379 0.0182482 0.00969946 0.0158672 0.00950017 0.0123393 0.014316 0.0251222 0.0236598 0.0395001 0.0251253 0.0189349 0.00964727 
0.0135264 0.0301711 0.0359141 0.0728061 0.0139183 0.0111041 0.00926056 0.00894164 0.00945935 0.00928812 0.00986228 0.0154011 0.015546 0.0180314 0.00962644 0.010927 0.0142256 0.00958718 0.0110732 0.0140431 0.00934453 0.0109995 0.0133804 0.0179145 0.0227513 0.0168311 0.0251182 0.0159231 0.0128581 0.0162208 0.0294174 0.0595245 0.0129413 0.00852453 0.00434763 0.00379808 0.00377616 0.00377327 0 0.0037535 0.0038055 0.00379222 0.00399489 0.0047505 0.0175688 0.0799853 0.853944 0.0150385 0.0203186 0.00947608 0.013473 0.00799205 0.00891911 0.0109194 0.0103747 0.01754 0.0131151 0.0225921 0.0255467 0.0176406 0.0352038 0.047594 0.0169832 0.019745 0.00917657 0.0153111 0.0124672 0.14797 0.0269984 0.0464225 0.0119082 0.0159762 0.0103741 0.0123345 0.0117354 0.0203686 0.0329263 0.0428206 0.0274606 0.0645023 0.0133267 0.00995471 
0.0213762 0.024765 0.0860347 0.0371743 0.0260226 0.00968153 0.00901252 0.0094865 0.00912603 0.00927297 0.00964772 0.013305 0.0274656 0.0107713 0.0106896 0.0146935 0.0104344 0.0127824 0.0151624 0.00996059 0.0135318 0.0110076 0.0132377 0.0227236 0.0262312 0.0210628 0.0127671 0.0167866 0.0147376 0.0417671 0.0205417 0.0268328 0.0122625 0.0061333 0.00580628 0.00386679 0.00397031 0.00376496 0.0037535 0 0.00377315 0.00379352 0.00414582 0.0144339 0.088606 0.744447 0.0075318 0.018661 0.00811779 0.0126883 0.00827345 0.00953533 0.00953278 0.0100935 0.0186948 0.0112834 0.0210473 0.0241164 0.0178487 0.0363812 0.0373453 0.031193 0.0391838 0.0119393 0.0134111 0.00955272 0.0730332 0.0264559 0.158201 0.0189188 0.0169429 0.0117309 0.0211578 0.0100348 0.0139898 0.0234271 0.046542 0.0460129 0.0609749 0.0410204 0.0208591 0.00982949 
0.0153201 0.0328288 0.0183857 0.0289273 0.0195101 0.01182 0.0100889 0.00994278 0.0106069 0.0115212 0.0118157 0.0138643 0.0106201 0.0175438 0.0102492 0.0125871 0.0289265 0.0106308 0.0120834 0.0354993 0.0106246 0.0117187 0.0247293 0.0214994 0.0238002 0.0145044 0.0142263 0.0119783 0.0329353 0.0263149 0.0181162 0.0115032 0.00745047 0.00887828 0.00612454 0.00416302 0.00388578 0.00381614 0.0038055 0.00377315 0 0.00389606 0.0049546 0.924174 0.0298861 0.0087546 0.0156042 0.00750802 0.0112189 0.00800654 0.0124104 0.00849666 0.00956557 0.0173398 0.0114038 0.0130448 0.0147684 0.0179423 0.0165834 0.0157441 0.021346 0.0192526 0.0136049 0.0307352 0.0122084 0.022761 0.0139215 0.0424069 0.0197065 0.0748154 0.0135843 0.0169087 0.0190536 0.0149323 0.0132326 0.0255504 0.020441 0.0254634 0.0146253 0.0313997 0.0188263 0.0099327 
0.0262691 0.0119303 0.0123165 0.0103228 0.0117626 0.0121093 0.0156018 0.00920644 0.00972044 0.0162836 0.0177137 0.00971513 0.00975599 0.00947614 0.0142709 0.0336998 0.0100408 0.0158076 0.0388889 0.0102548 0.0192324 0.0265135 0.0123682 0.0143941 0.0123785 0.0131285 0.0118145 0.0261448 0.0321198 0.0122402 0.0092441 0.00940113 0.00791326 0.00668997 0.0129862 0.00665314 0.00399063 0.00397275 0.00379222 0.00379352 0.00389606 0 0.978055 0.00797852 0.00612245 0.00513549 0.00452168 0.00814673 0.00568671 0.00810385 0.0076364 0.00919271 0.0159098 0.00900336 0.00923644 0.00990155 0.0108357 0.0107633 0.011979 0.0104486 0.0118781 0.0118462 0.010923 0.00993283 0.0285713 0.0134647 0.0150239 0.0100865 0.0153064 0.0112446 0.0313458 0.0160104 0.0122244 0.0133778 0.0229343 0.0127019 0.0114992 0.0113977 0.0119725 0.0100274 0.011585 0.0118753 
0.011073 0.00863872 0.00860588 0.00888106 0.0083717 0.009963 0.00898103 0.00869883 0.0111254 0.00963474 0.00952736 0.00868858 0.00848225 0.00933179 0.0114841 0.0109097 0.00988939 0.0117618 0.0107669 0.0103826 0.0122669 0.0117048 0.00897987 0.00884113 0.008717 0.00866482 0.00851432 0.00903917 0.00788659 0.00736929 0.00833959 0.0080155 0.00650757 0.00758785 0.00926934 0.00545324 0.00470228 0.00433236 0.00399489 0.00414582 0.0049546 0.978055 0 0.00425972 0.00376039 0.00378113 0.00380753 0.00373212 0.00381615 0.00400112 0.00586377 0.00549121 0.00656487 0.00744599 0.00676471 0.00752318 0.00760085 0.00849558 0.008085 0.00874488 0.0114743 0.0110436 0.00870142 0.0102979 0.0130091 0.0188105 0.00986239 0.0105506 0.00874926 0.0101606 0.0103285 0.0127208 0.00881059 0.0128001 0.0101962 0.00868309 0.00883039 0.0087753 0.00888065 0.00923636 0.00905927 0.0101743 
0.0108734 0.0114455 0.011 0.0100463 0.011934 0.00867087 0.00851647 0.0103014 0.00881898 0.00946022 0.00905969 0.00954546 0.00946791 0.00987155 0.00927648 0.0121036 0.0104132 0.0098568 0.0123732 0.011848 0.011112 0.0127402 0.0162536 0.00991007 0.0124844 0.0106618 0.0110898 0.0107865 0.00930655 0.0103535 0.00884307 0.0091106 0.00990757 0.00719271 0.00827028 0.00627515 0.00609868 0.00511868 0.0047505 0.0144339 0.924174 0.00797852 0.00425972 0 0.00375656 0.00378279 0.00374418 0.00371787 0.00388637 0.00383874 0.00474593 0.0043733 0.00678751 0.00727072 0.00761773 0.00737266 0.0093786 0.0102537 0.00969495 0.0124483 0.020653 0.013674 0.0132513 0.0134148 0.00953647 0.00957675 0.021877 0.0114498 0.0167836 0.0110745 0.0104269 0.0103705 0.0151586 0.00926267 0.0107648 0.0120114 0.0113134 0.0120789 0.0116098 0.0111641 0.0131198 0.0091627 
0.0129249 0.0178536 0.0259024 0.0320107 0.0125342 0.0101045 0.00860257 0.00956058 0.00925562 0.00921062 0.00907776 0.0100421 0.0126758 0.0106895 0.00991166 0.0103128 0.010925 0.0107032 0.0102089 0.0119123 0.0102159 0.0105128 0.0140355 0.021867 0.0198159 0.0190005 0.0146754 0.0124408 0.0151102 0.011722 0.0121225 0.0166702 0.00936606 0.0109243 0.00820372 0.00687667 0.0069878 0.00592898 0.0175688 0.088606 0.0298861 0.00612245 0.00376039 0.00375656 0 0.00376432 0.00375038 0.00376241 0.00377254 0.00382 0.00383118 0.00411378 0.00647084 0.00805906 0.0078889 0.00925615 0.00900772 0.0139054 0.0129639 0.0229174 0.0207819 0.0191644 0.0159681 0.013591 0.00907441 0.0101554 0.0125739 0.0387067 0.0200443 0.0248589 0.0109779 0.0122801 0.0110724 0.0123316 0.0120201 0.0158631 0.0268659 0.0271654 0.0208422 0.0496149 0.0130325 0.0104271 
0.0155248 0.0196705 0.0506181 0.0355563 0.023692 0.00965102 0.00873746 0.00903997 0.00911504 0.0094228 0.00881178 0.0108186 0.0148174 0.011028 0.0106759 0.0111641 0.0109262 0.0111761 0.0120811 0.0100575 0.0117956 0.0113102 0.0152521 0.0216319 0.0291824 0.0228599 0.0195166 0.021271 0.0142378 0.0190673 0.0170677 0.0118778 0.0160327 0.00821752 0.00932357 0.00716026 0.00726882 0.0187203 0.0799853 0.744447 0.0087546 0.00513549 0.00378113 0.00378279 0.00376432 0 0.00374304 0.00376743 0.00382132 0.00385052 0.00392212 0.0041299 0.00629561 0.00762536 0.0116094 0.00797516 0.0178199 0.0119969 0.0288217 0.0152547 0.0159412 0.0184719 0.0197369 0.0108911 0.0122135 0.00897445 0.0230316 0.0161218 0.074913 0.0155737 0.0188499 0.0107316 0.0250922 0.0104337 0.0145396 0.0206328 0.0378618 0.0356889 0.0534883 0.0360883 0.0372612 0.0103543 
