1RLHA
HHHHHHSSGLVPRGSHMVIPAEANIIVGYSHFIKTVEDLNEIIRTHVPGSKYGIGFSEASGDRLIRYDGNDDDLVKACIENIRRISAGHTFVILIRNAYPINILNAVKMCQEVGSIFAATANPLQIIVYKGERGNGVLGVIDGYSPVGVES
CCCCCCCCEECCCCEECCCCCCCEEEEEEECCCCCCHHHHHHCHHHCCCCEEEEEEECCCCCCCEEEEECCHHHHHHHHHHHHHHCCCCEEEEEEECCCHHHHHHHHHHHHCCEEEEEEECCCEEEEEEECCCCEEEEEEEECCCCCCCCC
0 0 0 0 0 0 0 0 0 0 0 0 0 0 0 0 0 0 0 0 0 0 0 0 0 0 0 0 0 0 0 0 0 0 0 0 0 0 0 0 0 0 0 0 0 0 0 0 0 0 0 0 0 0 0 0 0 0 0 0 0 0 0 0 0 0 0 0 0 0 0 0 0 0 0 0 0 0 0 0 0 0 0 0 0 0 0 0 0 0 0 0 0 0 0 0 0 0 0 0 0 0 0 0 0 0 0 0 0 0 0 0 0 0 0 0 0 0 0 0 0 0 0 0 0 0 0 0 0 0 0 0 0 0 0 0 0 0 0 0 0 0 0 0 0 0 0 0 0 0 0 
0 0 0 0 0 0 0 0 0 0 0 0 0 0 0 0 0 0 0 0 0 0 0 0 0 0 0 0 0 0 0 0 0 0 0 0 0 0 0 0 0 0 0 0 0 0 0 0 0 0 0 0 0 0 0 0 0 0 0 0 0 0 0 0 0 0 0 0 0 0 0 0 0 0 0 0 0 0 0 0 0 0 0 0 0 0 0 0 0 0 0 0 0 0 0 0 0 0 0 0 0 0 0 0 0 0 0 0 0 0 0 0 0 0 0 0 0 0 0 0 0 0 0 0 0 0 0 0 0 0 0 0 0 0 0 0 0 0 0 0 0 0 0 0 0 0 0 0 0 0 0 
0 0.0127667 0.0237874 0.533745 0.0158024 0.0181735 0.0105879 0.0102277 0.0114466 0.0109278 0.0218008 0.0111884 0.0137946 0.00928774 0.00995493 0.00912599 0.0121302 0.0155345 0.0148418 0.00958938 0.00863139 0.00933834 0.0111625 0.0100657 0.00938114 0.00927435 0.00962842 0.00912387 0.0105034 0.0123737 0.00946854 0.00832394 0.00822089 0.00838507 0.00834307 0.00861787 0.0109924 0.00976885 0.00851943 0.00883945 0.00863146 0.00844957 0.00872778 0.00927896 0.00874739 0.00831587 0.00808371 0.00829502 0.00824078 0.00821576 0.00810444 0.00848198 
0.0127667 0 0.518464 0.0228342 0.0164419 0.0153982 0.0102038 0.011624 0.00991969 0.0144393 0.00961633 0.0140279 0.0110762 0.00969238 0.00902219 0.00925981 0.010639 0.0118602 0.0132345 0.00928713 0.00893462 0.00890211 0.00919148 0.011337 0.0101505 0.00994326 0.00944283 0.00945999 0.00934665 0.00973295 0.0103644 0.00850844 0.00808979 0.00825078 0.0082241 0.00826177 0.00877391 0.00985922 0.00875809 0.00860956 0.00846071 0.00836961 0.00828199 0.0085566 0.00889472 0.00842465 0.00800927 0.00821872 0.00816728 0.00817421 0.00808872 0.00816248 
0.0237874 0.518464 0 0.00515985 0.011008 0.0202235 0.017138 0.00879347 0.0145894 0.00850442 0.0180196 0.0106511 0.0145056 0.00916383 0.0101657 0.00894984 0.012317 0.0146411 0.0118194 0.0092819 0.00851056 0.0090685 0.0102486 0.00931804 0.00913775 0.009255 0.00962396 0.00894186 0.0102338 0.0121766 0.00913632 0.00815606 0.00815183 0.00818578 0.00817074 0.00846183 0.0105321 0.00891196 0.00829553 0.00870882 0.00842772 0.00834668 0.00846335 0.00885726 0.00821173 0.00812682 0.00799965 0.00811155 0.00811544 0.0080758 0.00801576 0.00840008 
0.533745 0.0228342 0.00515985 0 0.0294762 0.0133885 0.0116772 0.00851166 0.00860253 0.0133701 0.00800746 0.0166761 0.0100756 0.0108744 0.00946412 0.0100358 0.011938 0.01709 0.0135187 0.00901447 0.00828519 0.00903271 0.00872332 0.011057 0.0106089 0.0105957 0.0103875 0.0102971 0.00970524 0.00934101 0.00989038 0.00846031 0.00804597 0.00833866 0.00809887 0.00853004 0.00865884 0.00959234 0.0092845 0.00872128 0.00868171 0.00827499 0.00839815 0.00836114 0.00853336 0.0082923 0.00789197 0.00812231 0.00811838 0.00806194 0.00801115 0.00829307 
0.0158024 0.0164419 0.011008 0.0294762 0 0.00388181 0.00385154 0.00382778 0.00380194 0.00466109 0.0044338 0.154829 0.0111083 0.0175639 0.0105808 0.0116042 0.0105138 0.0196028 0.0176945 0.0105917 0.00885026 0.0100914 0.00973599 0.0155093 0.0111718 0.0145591 0.0119765 0.0117144 0.0102445 0.0139463 0.00872245 0.00903093 0.0081023 0.0100016 0.00821357 0.00914896 0.0114596 0.00873624 0.0114941 0.00952853 0.0114847 0.00891666 0.00887149 0.0102615 0.00818231 0.00852849 0.00798259 0.0082816 0.00864022 0.00832184 0.00806326 0.00915976 
0.0181735 0.0153982 0.0202235 0.0133885 0.00388181 0 0.00380192 0.00381537 0.00383961 0.00387504 0.00416337 0.0195083 0.211822 0.0158919 0.0458883 0.0169955 0.0219574 0.0124177 0.01366 0.0107849 0.0123649 0.00922613 0.00941674 0.0124469 0.0568922 0.0410664 0.0563854 0.0311606 0.0232799 0.0101959 0.0107577 0.00904195 0.0132009 0.00885397 0.0139291 0.0105227 0.009326 0.0114722 0.0113605 0.0312716 0.0146653 0.0131639 0.010054 0.0085095 0.00825079 0.00861625 0.00927084 0.00922747 0.00896068 0.00876719 0.009356 0.00814853 
0.0105879 0.0102038 0.017138 0.0116772 0.00385154 0.00380192 0 0.0037912 0.00376532 0.00380062 0.00379428 0.0275885 0.021506 0.12944 0.0415178 0.0814923 0.0269341 0.0115164 0.00953078 0.0114477 0.0112923 0.00960714 0.00880063 0.010428 0.0275176 0.121859 0.157509 0.136557 0.0208179 0.010038 0.00859086 0.0113023 0.0105691 0.0174008 0.0128893 0.0118423 0.0086881 0.00873404 0.016813 0.0361677 0.0483576 0.0194747 0.0101067 0.00836095 0.00806612 0.00914283 0.00969189 0.0106684 0.0106994 0.00921716 0.00849972 0.0083394 
0.0102277 0.011624 0.00879347 0.00851166 0.00382778 0.00381537 0.0037912 0 0.00376104 0.00378874 0.00376136 0.0156501 0.0213021 0.0550942 0.0962268 0.0562662 0.0306705 0.0132266 0.0097754 0.0102347 0.0112404 0.00936163 0.00884009 0.0101359 0.0215282 0.0949977 0.130771 0.0763418 0.0212757 0.00979519 0.00876656 0.0101203 0.0122481 0.0128949 0.0138939 0.0113964 0.00860122 0.00894539 0.0129307 0.0369201 0.0297595 0.0186118 0.00985164 0.00819375 0.00808371 0.00852419 0.00929024 0.00944642 0.0099231 0.00910316 0.00845429 0.00822134 
0.0114466 0.00991969 0.0145894 0.00860253 0.00380194 0.00383961 0.00376532 0.00376104 0 0.00377801 0.00379205 0.0102677 0.0430128 0.0316707 0.0678154 0.0585446 0.0256912 0.0128714 0.00894801 0.00969702 0.0105872 0.00876881 0.00909407 0.00928071 0.0250523 0.0546315 0.0557768 0.0500979 0.0158478 0.00963757 0.00864174 0.00917601 0.0117185 0.00999514 0.0138948 0.00914459 0.00865529 0.00856219 0.0119433 0.0267642 0.0166705 0.0151677 0.00918154 0.00829159 0.00808669 0.00859824 0.0095606 0.00891144 0.00934943 0.00863053 0.00876999 0.00808156 
0.0109278 0.0144393 0.00850442 0.0133701 0.00466109 0.00387504 0.00380062 0.00378874 0.00377801 0 0.00394183 0.0299845 0.014267 0.0393942 0.0213104 0.03593 0.0792646 0.0142757 0.00914333 0.0100822 0.00852214 0.00919193 0.00839818 0.0108719 0.0144069 0.0151536 0.0138375 0.0139922 0.0134107 0.00888754 0.00835005 0.00917156 0.00834831 0.00860372 0.00837811 0.00868609 0.00828 0.00829641 0.00992624 0.00997657 0.00960046 0.00856774 0.0084887 0.00803082 0.00791968 0.00835558 0.00803848 0.00827635 0.00833672 0.00817656 0.00808674 0.00804652 
0.0218008 0.00961633 0.0180196 0.00800746 0.0044338 0.00416337 0.00379428 0.00376136 0.00379205 0.00394183 0 0.01437 0.0247579 0.0115417 0.0168281 0.0122044 0.0224303 0.03752 0.0146042 0.00835519 0.00863112 0.00817801 0.00945807 0.0119088 0.00970666 0.0092302 0.00941618 0.00909599 0.00907758 0.00881477 0.0119239 0.00818542 0.00839161 0.00807678 0.00844884 0.00829945 0.00831363 0.00995322 0.00825056 0.00875573 0.00840733 0.00849247 0.00823549 0.00806802 0.00866811 0.00809336 0.00811918 0.00804167 0.00811885 0.00806193 0.00802474 0.00794703 
0.0111884 0.0140279 0.0106511 0.0166761 0.154829 0.0195083 0.0275885 0.0156501 0.0102677 0.0299845 0.01437 0 0.00425423 0.00402645 0.00372692 0.00422364 0.004113 0.00710341 0.00862773 0.00822393 0.00729909 0.00953598 0.0131651 0.0212617 0.015093 0.0148518 0.0112682 0.011631 0.0108322 0.0546299 0.00841357 0.0086733 0.00823494 0.00985042 0.00808086 0.0097295 0.0111937 0.00840021 0.0095876 0.00857174 0.0101321 0.00824179 0.0092732 0.0103591 0.00809508 0.00838929 0.00791522 0.0082742 0.00833344 0.00805745 0.00805688 0.00941156 
0.0137946 0.0110762 0.0145056 0.0100756 0.0111083 0.211822 0.021506 0.0213021 0.0430128 0.014267 0.0247579 0.00425423 0 0.00380224 0.00379339 0.00377932 0.00379535 0.00387924 0.00946924 0.00930091 0.00948043 0.00957444 0.0291807 0.0299629 0.0904407 0.0169654 0.0378312 0.0169665 0.101555 0.0105771 0.0127297 0.00879839 0.0126279 0.00856001 0.0151613 0.0094389 0.010446 0.0121443 0.0102847 0.0338773 0.0109371 0.015112 0.0100299 0.00864868 0.00875861 0.00829467 0.0102453 0.00839586 0.00902328 0.00850593 0.00909709 0.00824103 
0.00928774 0.00969238 0.00916383 0.0108744 0.0175639 0.0158919 0.12944 0.0550942 0.0316707 0.0393942 0.0115417 0.00402645 0.00380224 0 0.00377626 0.00374097 0.00379678 0.00384847 0.00857853 0.0111445 0.0108713 0.0134454 0.506323 0.0130859 0.0206877 0.120879 0.0372454 0.211826 0.0138168 0.0106014 0.00872807 0.0203989 0.00941814 0.0230878 0.0115662 0.0141851 0.00932416 0.00888078 0.0312442 0.0235612 0.0676732 0.0197486 0.0116004 0.00895682 0.00802852 0.00984209 0.00949778 0.0116317 0.0110767 0.010186 0.00858181 0.00859067 
0.00995493 0.00902219 0.0101657 0.00946412 0.0105808 0.0458883 0.0415178 0.0962268 0.0678154 0.0213104 0.0168281 0.00372692 0.00379339 0.00377626 0 0.00376145 0.00378854 0.00380495 0.007108 0.010069 0.0196643 0.589186 0.0106229 0.0112763 0.040095 0.0432485 0.358159 0.0378536 0.0345014 0.0103016 0.01133 0.00935561 0.0393227 0.0112732 0.0274718 0.0105171 0.00966785 0.0106876 0.0121194 0.10457 0.0407211 0.0458013 0.0107728 0.00864175 0.00868608 0.00893042 0.0184182 0.0110422 0.0140308 0.0107808 0.00946953 0.00839639 
0.00912599 0.00925981 0.00894984 0.0100358 0.0116042 0.0169955 0.0814923 0.0562662 0.0585446 0.03593 0.0122044 0.00422364 0.00377932 0.00374097 0.00376145 0 0.00376751 0.00373468 0.0128442 0.0281166 0.753347 0.0154531 0.00932369 0.0107465 0.0214864 0.240436 0.048702 0.172955 0.0177872 0.0122782 0.0089117 0.0204809 0.0109656 0.024877 0.0135983 0.0141087 0.00938363 0.00955358 0.0272295 0.0398965 0.0650057 0.0215665 0.0123183 0.00877718 0.00824202 0.00989712 0.0103843 0.0122229 0.011645 0.0115155 0.00897976 0.00900947 
0.0121302 0.010639 0.012317 0.011938 0.0105138 0.0219574 0.0269341 0.0306705 0.0256912 0.0792646 0.0224303 0.004113 0.00379535 0.00379678 0.00378854 0.00376751 0 0.00430615 0.0315451 0.771879 0.00841772 0.0110314 0.00730983 0.0117851 0.0822561 0.0275681 0.0517181 0.0331613 0.0762583 0.0116079 0.0128693 0.0102538 0.011131 0.00965934 0.0126308 0.0130915 0.00972875 0.0108343 0.0145058 0.0267656 0.0163045 0.0148284 0.0121435 0.00858942 0.0087478 0.0092267 0.00979716 0.00883866 0.00946956 0.00881994 0.00921804 0.00841606 
0.0155345 0.0118602 0.0146411 0.01709 0.0196028 0.0124177 0.0115164 0.0132266 0.0128714 0.0142757 0.03752 0.00710341 0.00387924 0.00384847 0.00380495 0.00373468 0.00430615 0 0.806029 0.00651038 0.00656806 0.00633429 0.00907013 0.0267838 0.0126903 0.0142954 0.0121298 0.0175278 0.0136437 0.0322083 0.0150913 0.00966451 0.0085792 0.0100157 0.00904882 0.00912646 0.0124856 0.0148589 0.0101192 0.0109035 0.00994279 0.00944294 0.00897226 0.00984055 0.0114018 0.00906414 0.00836875 0.00859301 0.00863548 0.00828087 0.00819486 0.0106311 
0.0148418 0.0132345 0.0118194 0.0135187 0.0176945 0.01366 0.00953078 0.0097754 0.00894801 0.00914333 0.0146042 0.00862773 0.00946924 0.00857853 0.007108 0.0128442 0.0315451 0.806029 0 0.00429755 0.00390092 0.00434231 0.00605049 0.0298486 0.0131796 0.0131819 0.0149801 0.0121747 0.0134448 0.0190216 0.012777 0.00887569 0.00929403 0.00930691 0.00977108 0.00959456 0.0158344 0.0111898 0.008973 0.0101925 0.00947073 0.0100448 0.0104005 0.0117065 0.00844666 0.00833068 0.00815037 0.00846463 0.00860703 0.00831729 0.00847311 0.00895711 
0.00958938 0.00928713 0.0092819 0.00901447 0.0105917 0.0107849 0.0114477 0.0102347 0.00969702 0.0100822 0.00835519 0.00822393 0.00930091 0.0111445 0.010069 0.0281166 0.771879 0.00651038 0.00429755 0 0.0038452 0.0043798 0.0039443 0.0120073 0.0237529 0.0204766 0.0236817 0.0167943 0.0105976 0.00946966 0.00879379 0.0102371 0.00847885 0.0109843 0.00881984 0.00999922 0.00873818 0.00856707 0.0112834 0.00935048 0.0125513 0.00886184 0.00908665 0.0087831 0.00811048 0.00838972 0.0081121 0.00825806 0.00840369 0.00821581 0.00827515 0.00809165 
0.00863139 0.00893462 0.00851056 0.00828519 0.00885026 0.0123649 0.0112923 0.0112404 0.0105872 0.00852214 0.00863112 0.00729909 0.00948043 0.0108713 0.0196643 0.753347 0.00841772 0.00656806 0.00390092 0.0038452 0 0.00404828 0.00374386 0.0114335 0.0145034 0.0424831 0.0288931 0.0208631 0.0100451 0.00839638 0.00870315 0.00840181 0.0127152 0.00866249 0.010345 0.00860332 0.0084045 0.00876551 0.00844954 0.0293162 0.00951113 0.0102033 0.00841226 0.00812516 0.00800574 0.00815838 0.00870303 0.00828509 0.00844385 0.00826738 0.00819804 0.00791537 
0.00933834 0.00890211 0.0090685 0.00903271 0.0100914 0.00922613 0.00960714 0.00936163 0.00876881 0.00919193 0.00817801 0.00953598 0.00957444 0.0134454 0.589186 0.0154531 0.0110314 0.00633429 0.00434231 0.0043798 0.00404828 0 0.00390357 0.00923226 0.0322462 0.0143035 0.0128164 0.0124841 0.0119568 0.00850718 0.00866415 0.0110189 0.00838038 0.00913151 0.00848785 0.00898438 0.00822435 0.0083661 0.0103709 0.00873304 0.0102529 0.00863239 0.00871891 0.00805095 0.00817538 0.00867771 0.00814787 0.00815387 0.00817889 0.00827263 0.00816712 0.00801369 
0.0111625 0.00919148 0.0102486 0.00872332 0.00973599 0.00941674 0.00880063 0.00884009 0.00909407 0.00839818 0.00945807 0.0131651 0.0291807 0.506323 0.0106229 0.00932369 0.00730983 0.00907013 0.00605049 0.0039443 0.00374386 0.00390357 0 0.0389106 0.0124906 0.0121406 0.0114338 0.0123822 0.0132291 0.0146332 0.013303 0.00841123 0.00848072 0.00825023 0.00880787 0.00839377 0.00884304 0.010878 0.00840626 0.00925549 0.00869424 0.00863803 0.00829754 0.00825811 0.0097184 0.00821976 0.00816396 0.00814403 0.00816335 0.00805558 0.00805532 0.00811613 
0.0100657 0.011337 0.00931804 0.011057 0.0155093 0.0124469 0.010428 0.0101359 0.00928071 0.0108719 0.0119088 0.0212617 0.0299629 0.0130859 0.0112763 0.0107465 0.0117851 0.0267838 0.0298486 0.0120073 0.0114335 0.00923226 0.0389106 0 0.00407385 0.00386003 0.00383267 0.0038703 0.00427116 0.00937385 0.034338 0.0115547 0.00919526 0.0109495 0.00962163 0.013955 0.0289 0.0158101 0.0138141 0.0137008 0.0165156 0.0106356 0.011983 0.0171137 0.0102512 0.00963633 0.00882909 0.00935197 0.00981408 0.00902644 0.00898999 0.0117329 
0.00938114 0.0101505 0.00913775 0.0106089 0.0111718 0.0568922 0.0275176 0.0215282 0.0250523 0.0144069 0.00970666 0.015093 0.0904407 0.0206877 0.040095 0.0214864 0.0822561 0.0126903 0.0131796 0.0237529 0.0145034 0.0322462 0.0124906 0.00407385 0 0.00389832 0.00379994 0.00385774 0.00586358 0.00448386 0.0347996 0.0420305 0.0153874 0.0113837 0.0237433 0.0186961 0.0140567 0.0172251 0.0401877 0.057681 0.0314812 0.023646 0.019427 0.0106321 0.00987921 0.0144944 0.0141232 0.0110852 0.0146202 0.0109229 0.0151558 0.00913891 
0.00927435 0.00994326 0.009255 0.0105957 0.0145591 0.0410664 0.121859 0.0949977 0.0546315 0.0151536 0.0092302 0.0148518 0.0169654 0.120879 0.0432485 0.240436 0.0275681 0.0142954 0.0131819 0.0204766 0.0424831 0.0143035 0.0121406 0.00386003 0.00389832 0 0.00384142 0.0038117 0.00385486 0.00382976 0.0198905 0.0505264 0.0340486 0.0492561 0.0242346 0.0250487 0.0111691 0.0125806 0.0493673 0.0975106 0.100346 0.0638462 0.0211459 0.0102838 0.00976767 0.0193594 0.0210642 0.024794 0.0246296 0.0319436 0.0128713 0.0106381 
0.00962842 0.00944283 0.00962396 0.0103875 0.0119765 0.0563854 0.157509 0.130771 0.0557768 0.0138375 0.00941618 0.0112682 0.0378312 0.0372454 0.358159 0.048702 0.0517181 0.0121298 0.0149801 0.0236817 0.0288931 0.0128164 0.0114338 0.00383267 0.00379994 0.00384142 0 0.00382151 0.00381709 0.00378743 0.0381047 0.0250317 0.0705509 0.0465748 0.0414565 0.018282 0.0120362 0.015472 0.0332475 0.139582 0.114947 0.0646513 0.0189744 0.0100622 0.0102434 0.0152772 0.0386137 0.0235107 0.0468952 0.0210323 0.0173479 0.00991039 
0.00912387 0.00945999 0.00894186 0.0102971 0.0117144 0.0311606 0.136557 0.0763418 0.0500979 0.0139922 0.00909599 0.011631 0.0169665 0.211826 0.0378536 0.172955 0.0331613 0.0175278 0.0121747 0.0167943 0.0208631 0.0124841 0.0123822 0.0038703 0.00385774 0.0038117 0.00382151 0 0.0037693 0.00378942 0.0147045 0.0739051 0.0232854 0.0487989 0.0327954 0.0212812 0.0116716 0.0114229 0.0390758 0.0937872 0.0957392 0.0499302 0.021495 0.0103826 0.00914726 0.0157569 0.0235093 0.0262815 0.0245651 0.0268114 0.0140983 0.0125626 
0.0105034 0.00934665 0.0102338 0.00970524 0.0102445 0.0232799 0.0208179 0.0212757 0.0158478 0.0134107 0.00907758 0.0108322 0.101555 0.0138168 0.0345014 0.0177872 0.0762583 0.0136437 0.0134448 0.0105976 0.0100451 0.0119568 0.0132291 0.00427116 0.00586358 0.00385486 0.00381709 0.0037693 0 0.00400768 0.0252731 0.019763 0.029515 0.0143838 0.0254818 0.0445191 0.012394 0.0130075 0.0202696 0.0318315 0.0210476 0.0199359 0.0206444 0.0122673 0.00968578 0.0124243 0.014272 0.0108199 0.0114855 0.011049 0.0142594 0.00982446 
0.0123737 0.00973295 0.0121766 0.00934101 0.0139463 0.0101959 0.010038 0.00979519 0.00963757 0.00888754 0.00881477 0.0546299 0.0105771 0.0106014 0.0103016 0.0122782 0.0116079 0.0322083 0.0190216 0.00946966 0.00839638 0.00850718 0.0146332 0.00937385 0.00448386 0.00382976 0.00378743 0.00378942 0.00400768 0 0.0379046 0.0136806 0.00958911 0.0129228 0.0133443 0.0157037 0.0317316 0.0201291 0.0115704 0.0126835 0.0111994 0.0116472 0.0108219 0.0125546 0.0195225 0.0109247 0.00920408 0.00920252 0.00931649 0.00892414 0.00888167 0.0114025 
0.00946854 0.0103644 0.00913632 0.00989038 0.00872245 0.0107577 0.00859086 0.00876656 0.00864174 0.00835005 0.0119239 0.00841357 0.0127297 0.00872807 0.01133 0.0089117 0.0128693 0.0150913 0.012777 0.00879379 0.00870315 0.00866415 0.013303 0.034338 0.0347996 0.0198905 0.0381047 0.0147045 0.0252731 0.0379046 0 0.00382287 0.00396132 0.00390059 0.00389712 0.00414738 0.00847246 0.00903213 0.00673194 0.0118213 0.0080266 0.0228893 0.0774178 0.0925106 0.00914218 0.0088268 0.00922008 0.00869222 0.009607 0.00902591 0.00988475 0.015524 
0.00832394 0.00850844 0.00815606 0.00846031 0.00903093 0.00904195 0.0113023 0.0101203 0.00917601 0.00917156 0.00818542 0.0086733 0.00879839 0.0203989 0.00935561 0.0204809 0.0102538 0.00966451 0.00887569 0.0102371 0.00840181 0.0110189 0.00841123 0.0115547 0.0420305 0.0505264 0.0250317 0.0739051 0.019763 0.0136806 0.00382287 0 0.00401931 0.00378069 0.00377831 0.00488395 0.00398285 0.00512964 0.0107467 0.00740312 0.0274534 0.0413128 0.0611919 0.0098217 0.00755316 0.0120284 0.00866208 0.00970396 0.011741 0.0109147 0.00954801 0.00931502 
0.00822089 0.00808979 0.00815183 0.00804597 0.0081023 0.0132009 0.0105691 0.0122481 0.0117185 0.00834831 0.00839161 0.00823494 0.0126279 0.00941814 0.0393227 0.0109656 0.011131 0.0085792 0.00929403 0.00847885 0.0127152 0.00838038 0.00848072 0.00919526 0.0153874 0.0340486 0.0705509 0.0232854 0.029515 0.00958911 0.00396132 0.00401931 0 0.00378707 0.00376333 0.00379826 0.00398473 0.00528751 0.00506165 0.0614727 0.0455214 0.0330507 0.00805597 0.00736621 0.00762631 0.00788733 0.0119231 0.00889955 0.0140427 0.0125958 0.00942062 0.0083158 
0.00838507 0.00825078 0.00818578 0.00833866 0.0100016 0.00885397 0.0174008 0.0128949 0.00999514 0.00860372 0.00807678 0.00985042 0.00856001 0.0230878 0.0112732 0.024877 0.00965934 0.0100157 0.00930691 0.0109843 0.00866249 0.00913151 0.00825023 0.0109495 0.0113837 0.0492561 0.0465748 0.0487989 0.0143838 0.0129228 0.00390059 0.00378069 0.00378707 0 0.00371403 0.00376637 0.00377712 0.00400203 0.0214302 0.0312163 0.0265798 0.00761965 0.00924369 0.00737644 0.00723621 0.0104375 0.00820225 0.0118513 0.0115666 0.0102008 0.00912108 0.0101841 
0.00834307 0.0082241 0.00817074 0.00809887 0.00821357 0.0139291 0.0128893 0.0138939 0.0138948 0.00837811 0.00844884 0.00808086 0.0151613 0.0115662 0.0274718 0.0135983 0.0126308 0.00904882 0.00977108 0.00881984 0.010345 0.00848785 0.00880787 0.00962163 0.0237433 0.0242346 0.0414565 0.0327954 0.0254818 0.0133443 0.00389712 0.00377831 0.00376333 0.00371403 0 0.00374733 0.00379677 0.00505853 0.0158391 0.0392846 0.0129499 0.00922271 0.00965205 0.00869804 0.00725299 0.00810427 0.0212692 0.00911724 0.0107942 0.0122577 0.00969778 0.00869666 
0.00861787 0.00826177 0.00846183 0.00853004 0.00914896 0.0105227 0.0118423 0.0113964 0.00914459 0.00868609 0.00829945 0.0097295 0.0094389 0.0141851 0.0105171 0.0141087 0.0130915 0.00912646 0.00959456 0.00999922 0.00860332 0.00898438 0.00839377 0.013955 0.0186961 0.0250487 0.018282 0.0212812 0.0445191 0.0157037 0.00414738 0.00488395 0.00379826 0.00376637 0.00374733 0 0.00378415 0.00636887 0.050106 0.0215412 0.00867815 0.00789239 0.00813129 0.00671118 0.00729809 0.0250728 0.0090645 0.00948426 0.00966079 0.0096981 0.0101451 0.0104386 
0.0109924 0.00877391 0.0105321 0.00865884 0.0114596 0.009326 0.0086881 0.00860122 0.00865529 0.00828 0.00831363 0.0111937 0.010446 0.00932416 0.00966785 0.00938363 0.00972875 0.0124856 0.0158344 0.00873818 0.0084045 0.00822435 0.00884304 0.0289 0.0140567 0.0111691 0.0120362 0.0116716 0.012394 0.0317316 0.00847246 0.00398285 0.00398473 0.00377712 0.00379677 0.00378415 0 0.0314818 0.0121914 0.00419919 0.00968339 0.00514854 0.00586387 0.00890126 0.0174795 0.00876806 0.00821733 0.00857399 0.009301 0.00857203 0.00905923 0.0214598 
0.00976885 0.00985922 0.00891196 0.00959234 0.00873624 0.0114722 0.00873404 0.00894539 0.00856219 0.00829641 0.00995322 0.00840021 0.0121443 0.00888078 0.0106876 0.00955358 0.0108343 0.0148589 0.0111898 0.00856707 0.00876551 0.0083661 0.010878 0.0158101 0.0172251 0.0125806 0.015472 0.0114229 0.0130075 0.0201291 0.00903213 0.00512964 0.00528751 0.00400203 0.00505853 0.00636887 0.0314818 0 0.00377331 0.0037993 0.00379294 0.00382331 0.00397088 0.00546564 0.00615021 0.00661368 0.00674293 0.00764876 0.00790264 0.014026 0.135493 0.351386 
0.00851943 0.00875809 0.00829553 0.0092845 0.0114941 0.0113605 0.016813 0.0129307 0.0119433 0.00992624 0.00825056 0.0095876 0.0102847 0.0312442 0.0121194 0.0272295 0.0145058 0.0101192 0.008973 0.0112834 0.00844954 0.0103709 0.00840626 0.0138141 0.0401877 0.0493673 0.0332475 0.0390758 0.0202696 0.0115704 0.00673194 0.0107467 0.00506165 0.0214302 0.0158391 0.050106 0.0121914 0.00377331 0 0.00376649 0.00378263 0.00380522 0.00387495 0.00404123 0.00565836 0.0108058 0.00739259 0.00835141 0.0153201 0.205996 0.372459 0.0270725 
0.00883945 0.00860956 0.00870882 0.00872128 0.00952853 0.0312716 0.0361677 0.0369201 0.0267642 0.00997657 0.00875573 0.00857174 0.0338773 0.0235612 0.10457 0.0398965 0.0267656 0.0109035 0.0101925 0.00935048 0.0293162 0.00873304 0.00925549 0.0137008 0.057681 0.0975106 0.139582 0.0937872 0.0318315 0.0126835 0.0118213 0.00740312 0.0614727 0.0312163 0.0392846 0.0215412 0.00419919 0.0037993 0.00376649 0 0.0038393 0.00381405 0.00384825 0.00385122 0.00595323 0.00946582 0.011176 0.0358122 0.273765 0.498468 0.0312482 0.0105139 
0.00863146 0.00846071 0.00842772 0.00868171 0.0114847 0.0146653 0.0483576 0.0297595 0.0166705 0.00960046 0.00840733 0.0101321 0.0109371 0.0676732 0.0407211 0.0650057 0.0163045 0.00994279 0.00947073 0.0125513 0.00951113 0.0102529 0.00869424 0.0165156 0.0314812 0.100346 0.114947 0.0957392 0.0210476 0.0111994 0.0080266 0.0274534 0.0455214 0.0265798 0.0129499 0.00867815 0.00968339 0.00379294 0.00378263 0.0038393 0 0.00384791 0.00380829 0.00379243 0.00495945 0.0117561 0.0226744 0.401604 0.396589 0.0168597 0.0103991 0.00907122 
0.00844957 0.00836961 0.00834668 0.00827499 0.00891666 0.0131639 0.0194747 0.0186118 0.0151677 0.00856774 0.00849247 0.00824179 0.015112 0.0197486 0.0458013 0.0215665 0.0148284 0.00944294 0.0100448 0.00886184 0.0102033 0.00863239 0.00863803 0.0106356 0.023646 0.0638462 0.0646513 0.0499302 0.0199359 0.0116472 0.0228893 0.0413128 0.0330507 0.00761965 0.00922271 0.00789239 0.00514854 0.00382331 0.00380522 0.00381405 0.00384791 0 0.0038034 0.00376966 0.00554873 0.00864167 0.836343 0.0692544 0.0169195 0.0231555 0.0085476 0.00773906 
0.00872778 0.00828199 0.00846335 0.00839815 0.00887149 0.010054 0.0101067 0.00985164 0.00918154 0.0084887 0.00823549 0.0092732 0.0100299 0.0116004 0.0107728 0.0123183 0.0121435 0.00897226 0.0104005 0.00908665 0.00841226 0.00871891 0.00829754 0.011983 0.019427 0.0211459 0.0189744 0.021495 0.0206444 0.0108219 0.0774178 0.0611919 0.00805597 0.00924369 0.00965205 0.00813129 0.00586387 0.00397088 0.00387495 0.00384825 0.00380829 0.0038034 0 0.00384378 0.00572384 0.961095 0.0138588 0.0112954 0.0148677 0.0087621 0.00971805 0.00808688 
0.00927896 0.0085566 0.00885726 0.00836114 0.0102615 0.0085095 0.00836095 0.00819375 0.00829159 0.00803082 0.00806802 0.0103591 0.00864868 0.00895682 0.00864175 0.00877718 0.00858942 0.00984055 0.0117065 0.0087831 0.00812516 0.00805095 0.00825811 0.0171137 0.0106321 0.0102838 0.0100622 0.0103826 0.0122673 0.0125546 0.0925106 0.0098217 0.00736621 0.00737644 0.00869804 0.00671118 0.00890126 0.00546564 0.00404123 0.00385122 0.00379243 0.00376966 0.00384378 0 0.950879 0.00761863 0.00843703 0.00569067 0.00561209 0.00617995 0.0065387 0.00918189 
0.00874739 0.00889472 0.00821173 0.00853336 0.00818231 0.00825079 0.00806612 0.00808371 0.00808669 0.00791968 0.00866811 0.00809508 0.00875861 0.00802852 0.00868608 0.00824202 0.0087478 0.0114018 0.00844666 0.00811048 0.00800574 0.00817538 0.0097184 0.0102512 0.00987921 0.00976767 0.0102434 0.00914726 0.00968578 0.0195225 0.00914218 0.00755316 0.00762631 0.00723621 0.00725299 0.00729809 0.0174795 0.00615021 0.00565836 0.00595323 0.00495945 0.00554873 0.00572384 0.950879 0 0.00390851 0.00385578 0.00380784 0.00379684 0.00394464 0.00416124 0.00699683 
0.00831587 0.00842465 0.00812682 0.0082923 0.00852849 0.00861625 0.00914283 0.00852419 0.00859824 0.00835558 0.00809336 0.00838929 0.00829467 0.00984209 0.00893042 0.00989712 0.0092267 0.00906414 0.00833068 0.00838972 0.00815838 0.00867771 0.00821976 0.00963633 0.0144944 0.0193594 0.0152772 0.0157569 0.0124243 0.0109247 0.0088268 0.0120284 0.00788733 0.0104375 0.00810427 0.0250728 0.00876806 0.00661368 0.0108058 0.00946582 0.0117561 0.00864167 0.961095 0.00761863 0.00390851 0 0.00374902 0.00379445 0.00376147 0.00385635 0.00782491 0.0181884 
0.00808371 0.00800927 0.00799965 0.00789197 0.00798259 0.00927084 0.00969189 0.00929024 0.0095606 0.00803848 0.00811918 0.00791522 0.0102453 0.00949778 0.0184182 0.0103843 0.00979716 0.00836875 0.00815037 0.0081121 0.00870303 0.00814787 0.00816396 0.00882909 0.0141232 0.0210642 0.0386137 0.0235093 0.014272 0.00920408 0.00922008 0.00866208 0.0119231 0.00820225 0.0212692 0.0090645 0.00821733 0.00674293 0.00739259 0.011176 0.0226744 0.836343 0.0138588 0.00843703 0.00385578 0.00374902 0 0.00381545 0.00381904 0.0051938 0.00385508 0.00393079 
0.00829502 0.00821872 0.00811155 0.00812231 0.0082816 0.00922747 0.0106684 0.00944642 0.00891144 0.00827635 0.00804167 0.0082742 0.00839586 0.0116317 0.0110422 0.0122229 0.00883866 0.00859301 0.00846463 0.00825806 0.00828509 0.00815387 0.00814403 0.00935197 0.0110852 0.024794 0.0235107 0.0262815 0.0108199 0.00920252 0.00869222 0.00970396 0.00889955 0.0118513 0.00911724 0.00948426 0.00857399 0.00764876 0.00835141 0.0358122 0.401604 0.0692544 0.0112954 0.00569067 0.00380784 0.00379445 0.00381545 0 0.00387184 0.00379182 0.00378569 0.00386036 
0.00824078 0.00816728 0.00811544 0.00811838 0.00864022 0.00896068 0.0106994 0.0099231 0.00934943 0.00833672 0.00811885 0.00833344 0.00902328 0.0110767 0.0140308 0.011645 0.00946956 0.00863548 0.00860703 0.00840369 0.00844385 0.00817889 0.00816335 0.00981408 0.0146202 0.0246296 0.0468952 0.0245651 0.0114855 0.00931649 0.009607 0.011741 0.0140427 0.0115666 0.0107942 0.00966079 0.009301 0.00790264 0.0153201 0.273765 0.396589 0.0169195 0.0148677 0.00561209 0.00379684 0.00376147 0.00381904 0.00387184 0 0.0039696 0.0037952 0.00381424 
0.00821576 0.00817421 0.0080758 0.00806194 0.00832184 0.00876719 0.00921716 0.00910316 0.00863053 0.00817656 0.00806193 0.00805745 0.00850593 0.010186 0.0107808 0.0115155 0.00881994 0.00828087 0.00831729 0.00821581 0.00826738 0.00827263 0.00805558 0.00902644 0.0109229 0.0319436 0.0210323 0.0268114 0.011049 0.00892414 0.00902591 0.0109147 0.0125958 0.0102008 0.0122577 0.0096981 0.00857203 0.014026 0.205996 0.498468 0.0168597 0.0231555 0.0087621 0.00617995 0.00394464 0.00385635 0.0051938 0.00379182 0.0039696 0 0.00389055 0.0037801 
0.00810444 0.00808872 0.00801576 0.00801115 0.00806326 0.009356 0.00849972 0.00845429 0.00876999 0.00808674 0.00802474 0.00805688 0.00909709 0.00858181 0.00946953 0.00897976 0.00921804 0.00819486 0.00847311 0.00827515 0.00819804 0.00816712 0.00805532 0.00898999 0.0151558 0.0128713 0.0173479 0.0140983 0.0142594 0.00888167 0.00988475 0.00954801 0.00942062 0.00912108 0.00969778 0.0101451 0.00905923 0.135493 0.372459 0.0312482 0.0103991 0.0085476 0.00971805 0.0065387 0.00416124 0.00782491 0.00385508 0.00378569 0.0037952 0.00389055 0 0.0045912 
0.00848198 0.00816248 0.00840008 0.00829307 0.00915976 0.00814853 0.0083394 0.00822134 0.00808156 0.00804652 0.00794703 0.00941156 0.00824103 0.00859067 0.00839639 0.00900947 0.00841606 0.0106311 0.00895711 0.00809165 0.00791537 0.00801369 0.00811613 0.0117329 0.00913891 0.0106381 0.00991039 0.0125626 0.00982446 0.0114025 0.015524 0.00931502 0.0083158 0.0101841 0.00869666 0.0104386 0.0214598 0.351386 0.0270725 0.0105139 0.00907122 0.00773906 0.00808688 0.00918189 0.00699683 0.0181884 0.00393079 0.00386036 0.00381424 0.0037801 0.0045912 0 
