1RMDA
NCSKIHLSTKLLAVDFPAHFVKSISCQICEHILADPVETSCKHLFCRICILRCLKVMGSYCPSCRYPCFPTDLESPVKSFLNILNSLMVKCPAQDCNEEVSLEKYNHHVSSHKESK
CHHHCCCCHHHECCCCCHHHHHHCECCCCCCECCCEEECCCCCEEEHHHHHHHHHHCCCECCCCCCECCHHHCECCCHHHHHHHHHCEEECCCCCCCCEEEHHHHHHHHHCCCCCC
0 0 0 0 0 0 0 0 0 0 0 0 0 0 0 0 0 0 0 0 0 0 0 0 0 0 0 0 0 0 0 0 0 0 0 0 0 0 0 0 0 0 0 0 0 0 0 0 0 0 0 0 0 0 0 0 0 0 0 0 0 0 0 0 0 0 0 0 0 0 0 0 0 0 0 0 0 0 0 0 0 0 0 0 0 0 0 0 0 0 0 0 0 0 0 0 0 0 0 0 0 0 0 0 0 0 0 0 0 0 0 0 0 0 0 0 
0 0 0 0 0 0 0 0 0 0 0 0 0 0 0 0 0 0 0 0 0 0 0 0 0 0 0 0 0 0 0 0 0 0 0 0 0 0 0 0 0 0 0 0 0 0 0 0 0 0 0 0 0 0 0 0 0 0 0 0 0 0 0 0 0 0 0 0 0 0 0 0 0 0 0 0 0 0 0 0 0 0 0 0 0 0 0 0 0 0 0 0 0 0 0 0 0 0 0 0 0 0 0 0 0 0 0 0 0 0 0 0 0 0 0 0 
0 0.034016 0.0422785 0.0138844 0.0171533 0.0169928 0.0151314 0.0160348 0.0231437 0.0180751 0.0197809 0.0272654 0.0103016 0.0108519 0.0109357 0.00904921 0.00991586 0.00996595 
0.034016 0 0.660514 0.0118463 0.0133585 0.0312731 0.0107827 0.0174142 0.0118399 0.0400003 0.0330226 0.0348953 0.0229998 0.00850199 0.016308 0.0124565 0.00860076 0.0178254 
0.0422785 0.660514 0 0.0120273 0.00649543 0.00753195 0.00993752 0.0127626 0.0181299 0.0811635 0.0250592 0.0370279 0.0151325 0.0107963 0.0134574 0.0128259 0.010664 0.0120942 
0.0138844 0.0118463 0.0120273 0 0.0037793 0.00381779 0.00609105 0.00631198 0.820952 0.0120329 0.0114514 0.0109601 0.0126319 0.00928041 0.01783 0.0122303 0.0086873 0.0149461 
0.0171533 0.0133585 0.00649543 0.0037793 0 0.00414785 0.00542198 0.916277 0.00666069 0.0111674 0.010859 0.010934 0.00894962 0.050546 0.0093443 0.00877021 0.0257197 0.00899337 
0.0169928 0.0312731 0.00753195 0.00381779 0.00414785 0 0.937927 0.00762612 0.00625695 0.016145 0.0127749 0.0172449 0.0381885 0.00885212 0.0247155 0.019236 0.00890145 0.014172 
0.0151314 0.0107827 0.00993752 0.00609105 0.00542198 0.937927 0 0.00376816 0.00451709 0.0155395 0.0113608 0.0140002 0.0106283 0.0153483 0.0204656 0.0108893 0.0112294 0.0128243 
0.0160348 0.0174142 0.0127626 0.00631198 0.916277 0.00762612 0.00376816 0 0.0037928 0.0153092 0.0165702 0.0114329 0.0167147 0.0223655 0.021603 0.0102854 0.0163027 0.0146684 
0.0231437 0.0118399 0.0181299 0.820952 0.00666069 0.00625695 0.00451709 0.0037928 0 0.0281583 0.0098784 0.0243513 0.0210447 0.0169416 0.0102417 0.0153344 0.0118134 0.00985609 
0.0180751 0.0400003 0.0811635 0.0120329 0.0111674 0.016145 0.0155395 0.0153092 0.0281583 0 0.910496 0.0258426 0.0299826 0.00914313 0.0245613 0.015373 0.0101826 0.0166867 
0.0197809 0.0330226 0.0250592 0.0114514 0.010859 0.0127749 0.0113608 0.0165702 0.0098784 0.910496 0 0.084275 0.0177685 0.00996314 0.0155505 0.0141445 0.0101507 0.0129313 
0.0272654 0.0348953 0.0370279 0.0109601 0.010934 0.0172449 0.0140002 0.0114329 0.0243513 0.0258426 0.084275 0 0.0491842 0.0121073 0.0165193 0.0119738 0.0110476 0.0155888 
0.0103016 0.0229998 0.0151325 0.0126319 0.00894962 0.0381885 0.0106283 0.0167147 0.0210447 0.0299826 0.0177685 0.0491842 0 0.00378537 0.0043721 0.0196609 0.00935287 0.92057 
0.0108519 0.00850199 0.0107963 0.00928041 0.050546 0.00885212 0.0153483 0.0223655 0.0169416 0.00914313 0.00996314 0.0121073 0.00378537 0 0.00376331 0.00707897 0.977282 0.00640309 
0.0109357 0.016308 0.0134574 0.01783 0.0093443 0.0247155 0.0204656 0.021603 0.0102417 0.0245613 0.0155505 0.0165193 0.0043721 0.00376331 0 0.974543 0.00590116 0.0144799 
0.00904921 0.0124565 0.0128259 0.0122303 0.00877021 0.019236 0.0108893 0.0102854 0.0153344 0.015373 0.0141445 0.0119738 0.0196609 0.00707897 0.974543 0 0.00385772 0.00435686 
0.00991586 0.00860076 0.010664 0.0086873 0.0257197 0.00890145 0.0112294 0.0163027 0.0118134 0.0101826 0.0101507 0.0110476 0.00935287 0.977282 0.00590116 0.00385772 0 0.00379129 
0.00996595 0.0178254 0.0120942 0.0149461 0.00899337 0.014172 0.0128243 0.0146684 0.00985609 0.0166867 0.0129313 0.0155888 0.92057 0.00640309 0.0144799 0.00435686 0.00379129 0 
