1S0YA
PMISCDMRYGRTDEQKRALSAGLLRVISEATGEPRENIFFVIREGSGINFVEHGEHLPDYVP
CEEEEEEECCCCHHHHHHHHHHHHHHHHHHHCCCHHHCEEEEEEECHHHEEECCEECCCCCC
0 0 0 0 0 0 0 0 0 0 0 0 0 0 0 0 0 0 0 0 0 0 0 0 0 0 0 0 0 0 0 0 0 0 0 0 0 0 0 0 0 0 0 0 0 0 0 0 0 0 0 0 0 0 0 0 0 0 0 0 0 0 
0 0 0 0 0 0 0 0 0 0 0 0 0 0 0 0 0 0 0 0 0 0 0 0 0 0 0 0 0 0 0 0 0 0 0 0 0 0 0 0 0 0 0 0 0 0 0 0 0 0 0 0 0 0 0 0 0 0 0 0 0 0 
0 0.00390912 0.00385562 0.00389791 0.00392905 0.00416324 0.0103231 0.630144 0.0663212 0.0952041 0.040085 0.0646383 0.0279965 0.085318 0.03486 0.022888 0.0283935 0.0146123 0.0245643 
0.00390912 0 0.00389002 0.00388169 0.00390524 0.00428924 0.00430331 0.046249 0.666513 0.0247793 0.073659 0.0202522 0.0480357 0.0124423 0.0239262 0.0175921 0.0110202 0.00899677 0.00860103 
0.00385562 0.00389002 0 0.00384418 0.00385252 0.00376696 0.00378636 0.0553278 0.0391238 0.572657 0.0200542 0.116656 0.017652 0.0117604 0.0128333 0.0115741 0.0103726 0.00879897 0.00844829 
0.00389791 0.00388169 0.00384418 0 0.00380961 0.00374965 0.00375805 0.0418822 0.115545 0.040983 0.636124 0.0224777 0.0295846 0.0111521 0.0163974 0.0116673 0.0104946 0.00834152 0.00853592 
0.00392905 0.00390524 0.00385252 0.00380961 0 0.00377686 0.00374411 0.0359006 0.0440326 0.235117 0.0203977 0.441935 0.0141934 0.012838 0.0113488 0.0120055 0.00979939 0.00886741 0.00855835 
0.00416324 0.00428924 0.00376696 0.00374965 0.00377686 0 0.00378803 0.0276741 0.131674 0.0483444 0.0964101 0.0300287 0.482567 0.0137198 0.0177625 0.0331986 0.0111542 0.00901875 0.00896991 
0.0103231 0.00430331 0.00378636 0.00375805 0.00374411 0.00378803 0 0.0538466 0.0239748 0.0395899 0.021072 0.0511384 0.0316274 0.382734 0.0163005 0.0124753 0.0186915 0.0107049 0.00953631 
0.630144 0.046249 0.0553278 0.0418822 0.0359006 0.0276741 0.0538466 0 0.00520707 0.0037851 0.00381238 0.00388464 0.0040839 0.00584042 0.00668795 0.00700703 0.0205254 0.00803049 0.0160078 
0.0663212 0.666513 0.0391238 0.115545 0.0440326 0.131674 0.0239748 0.00520707 0 0.00388082 0.00380535 0.00391739 0.00386646 0.00395817 0.0064974 0.0131547 0.00937139 0.0131245 0.0108533 
0.0952041 0.0247793 0.572657 0.040983 0.235117 0.0483444 0.0395899 0.0037851 0.00388082 0 0.00378166 0.00371948 0.00414407 0.00386261 0.00573965 0.0061881 0.00999634 0.00703591 0.00955382 
0.040085 0.073659 0.0200542 0.636124 0.0203977 0.0964101 0.021072 0.00381238 0.00380535 0.00378166 0 0.003749 0.0038012 0.00379424 0.00423639 0.00609022 0.00984932 0.006644 0.00738748 
0.0646383 0.0202522 0.116656 0.0224777 0.441935 0.0300287 0.0511384 0.00388464 0.00391739 0.00371948 0.003749 0 0.00376715 0.00375641 0.00452371 0.00518531 0.0127936 0.00655864 0.0077516 
0.0279965 0.0480357 0.017652 0.0295846 0.0141934 0.482567 0.0316274 0.0040839 0.00386646 0.00414407 0.0038012 0.00376715 0 0.00382824 0.00468715 0.0143169 0.00679408 0.00873426 0.00796196 
0.085318 0.0124423 0.0117604 0.0111521 0.012838 0.0137198 0.382734 0.00584042 0.00395817 0.00386261 0.00379424 0.00375641 0.00382824 0 0.0104252 0.00516278 0.00678883 0.00544536 0.00775742 
0.03486 0.0239262 0.0128333 0.0163974 0.0113488 0.0177625 0.0163005 0.00668795 0.0064974 0.00573965 0.00423639 0.00452371 0.00468715 0.0104252 0 0.00380476 0.00378304 0.00386043 0.0144375 
0.022888 0.0175921 0.0115741 0.0116673 0.0120055 0.0331986 0.0124753 0.00700703 0.0131547 0.0061881 0.00609022 0.00518531 0.0143169 0.00516278 0.00380476 0 0.00387127 0.00601112 0.934245 
0.0283935 0.0110202 0.0103726 0.0104946 0.00979939 0.0111542 0.0186915 0.0205254 0.00937139 0.00999634 0.00984932 0.0127936 0.00679408 0.00678883 0.00378304 0.00387127 0 0.979705 0.00550901 
0.0146123 0.00899677 0.00879897 0.00834152 0.00886741 0.00901875 0.0107049 0.00803049 0.0131245 0.00703591 0.006644 0.00655864 0.00873426 0.00544536 0.00386043 0.00601112 0.979705 0 0.0116642 
0.0245643 0.00860103 0.00844829 0.00853592 0.00855835 0.00896991 0.00953631 0.0160078 0.0108533 0.00955382 0.00738748 0.0077516 0.00796196 0.00775742 0.0144375 0.934245 0.00550901 0.0116642 0 
