1SQUB
MDARIVNALIGSVYETIRDVLGIEPKTGKPSTVSHIEIPHSLVTVIGITGGIEGSLIYSFSSETALKVVSAMMGGMEYNQLDELALSAIGELGNMTAGKLAMKLEHLGKHVDITPPTVVSGRDLKIKSFGVILKLPISVFSEEDFDLHLSVKSG
CCHHHHHHHHHHHHHHHHHCCCCCCEECCCEEECCCECCCCEEEEEEEEECCEEEEEEECCHHHHHHHHHHHCCCCCCCCCCHHHHHHHHHHHHHHHHHHHHHHHHCCCCEEECCCEEEECCCCEEECCCEEEEEEEECCCCCCEEEEEEEEEC
0 0 0 0 0 0 0 0 0 0 0 0 0 0 0 0 0 0 0 0 0 0 0 0 0 0 0 0 0 0 0 0 0 0 0 0 0 0 0 0 0 0 0 0 0 0 0 0 0 0 0 0 0 0 0 0 0 0 0 0 0 0 0 0 0 0 0 0 0 0 0 0 0 0 0 0 0 0 0 0 0 0 0 0 0 0 0 0 0 0 0 0 0 0 0 0 0 0 0 0 0 0 0 0 0 0 0 0 0 0 0 0 0 0 0 0 0 0 0 0 0 0 0 0 0 0 0 0 0 0 0 0 0 0 0 0 0 0 0 0 0 0 0 0 0 0 0 0 0 0 0 0 0 0 
0 0 0 0 0 0 0 0 0 0 0 0 0 0 0 0 0 0 0 0 0 0 0 0 0 0 0 0 0 0 0 0 0 0 0 0 0 0 0 0 0 0 0 0 0 0 0 0 0 0 0 0 0 0 0 0 0 0 0 0 0 0 0 0 0 0 0 0 0 0 0 0 0 0 0 0 0 0 0 0 0 0 0 0 0 0 0 0 0 0 0 0 0 0 0 0 0 0 0 0 0 0 0 0 0 0 0 0 0 0 0 0 0 0 0 0 0 0 0 0 0 0 0 0 0 0 0 0 0 0 0 0 0 0 0 0 0 0 0 0 0 0 0 0 0 0 0 0 0 0 0 0 0 0 
0 0.00646036 0.00532758 0.03639 0.0189568 0.0186459 0.0110495 0.0106748 0.00951276 0.00919736 0.00874993 0.00905951 0.00840265 0.00978619 0.0102299 0.0128487 0.00861508 0.0088173 0.00864769 0.00897449 0.00929804 0.0151769 0.00823374 0.00846303 0.00882074 0.00860974 0.00814217 0.00824189 0.00916144 0.00886223 0.00815104 0.00858851 0.00829212 0.00811913 0.00790761 0.00818061 0.00789527 0.00792665 0.00802707 0.00883751 0.0082041 0.00792412 0.00793239 0.00793032 0.00794706 0.00796549 0.00797762 0.00806497 0.00828963 
0.00646036 0 0.0408839 0.0107311 0.00615844 0.00808173 0.0122929 0.010052 0.0085137 0.00930371 0.00873048 0.00879891 0.00822897 0.00900286 0.00861023 0.0108544 0.00972258 0.00852602 0.00858674 0.008661 0.00962166 0.00972895 0.00986629 0.00818594 0.00863366 0.0100698 0.00822751 0.00815552 0.00832542 0.00888354 0.00818923 0.00808103 0.00855577 0.00810085 0.0080182 0.00794472 0.00787272 0.0079104 0.0080823 0.00819803 0.00884836 0.00799954 0.00792175 0.00795959 0.00790892 0.00793544 0.00792609 0.00803027 0.00804951 
0.00532758 0.0408839 0 0.00704712 0.00410606 0.00719928 0.00730855 0.00964463 0.0164005 0.010118 0.0101134 0.0086321 0.00832901 0.00917785 0.0123241 0.0116889 0.00847083 0.00978996 0.00867559 0.00971592 0.00983319 0.0216438 0.0114623 0.00829467 0.0105666 0.00931839 0.00842806 0.00848385 0.0116873 0.0089145 0.00846287 0.00962372 0.00829697 0.00833063 0.00811278 0.00851445 0.0080569 0.00816615 0.00823109 0.0101045 0.00840915 0.00803024 0.0081292 0.00816308 0.00815627 0.00829416 0.00817947 0.00858559 0.00879601 
0.03639 0.0107311 0.00704712 0 0.00561345 0.00782784 0.0101443 0.0214207 0.011168 0.0098459 0.00819245 0.00875256 0.0086057 0.0112188 0.00774314 0.00849664 0.0126073 0.00845364 0.00927193 0.0090336 0.0157511 0.00904068 0.0085114 0.00930319 0.00842708 0.00847304 0.00872181 0.00874569 0.00849145 0.00831606 0.00895949 0.0082324 0.00807998 0.00821202 0.00819482 0.00815414 0.00796513 0.00807943 0.00829409 0.00827206 0.00808039 0.0081248 0.00804938 0.00807847 0.00804902 0.00805936 0.00804751 0.00821438 0.00802765 
0.0189568 0.00615844 0.00410606 0.00561345 0 0.0401171 0.0304486 0.0130316 0.00999465 0.00858582 0.00811626 0.00880211 0.0112538 0.00816825 0.00898095 0.0139944 0.00910931 0.0088968 0.00889411 0.00943666 0.00979247 0.0137773 0.0115134 0.00811689 0.00931461 0.0108057 0.00851256 0.00824527 0.00894342 0.0104058 0.00815712 0.00830279 0.00911618 0.00851642 0.00811732 0.00817128 0.00795527 0.00798918 0.00808111 0.00848351 0.00941188 0.00811573 0.00808337 0.00804015 0.00803633 0.00804778 0.00803975 0.00805683 0.00810264 
0.0186459 0.00808173 0.00719928 0.00782784 0.0401171 0 0.0239495 0.00966287 0.00523183 0.00518135 0.0057051 0.0067384 0.00627063 0.00782018 0.00777313 0.0193507 0.00749229 0.00884538 0.00808943 0.00898943 0.00955377 0.0212625 0.0100672 0.00978716 0.00939201 0.0131334 0.00834783 0.00845507 0.0125312 0.0153162 0.00822432 0.0101408 0.0107995 0.00848729 0.00804709 0.00885279 0.00788321 0.00828343 0.00810876 0.0109158 0.0101088 0.00824554 0.00792579 0.0083851 0.0079707 0.00847201 0.00815026 0.00838833 0.00889074 
0.0110495 0.0122929 0.00730855 0.0101443 0.0304486 0.0239495 0 0.0038272 0.00378081 0.00384104 0.00381552 0.00380766 0.00426737 0.00440852 0.00670628 0.00677788 0.008616 0.00765353 0.00984117 0.00844462 0.0126936 0.054086 0.0422237 0.00884 0.0211484 0.0137336 0.0112647 0.0099115 0.014816 0.00893081 0.00989521 0.0111697 0.00948682 0.00899408 0.00984376 0.00885803 0.00953386 0.00904527 0.0100638 0.0120273 0.0104943 0.00869969 0.00980067 0.00899178 0.00953827 0.00886731 0.00922112 0.00873785 0.0102953 
0.0106748 0.010052 0.00964463 0.0214207 0.0130316 0.00966287 0.0038272 0 0.00382404 0.00379545 0.0038245 0.00396961 0.00390092 0.00459448 0.00455377 0.00677905 0.00845937 0.00897303 0.00853484 0.0116221 0.0389198 0.608397 0.0114684 0.0134686 0.0107082 0.0152152 0.0195981 0.0192475 0.0110806 0.00910951 0.00995028 0.00967973 0.00889387 0.0113501 0.0135899 0.0148941 0.0118292 0.0128491 0.0120519 0.0143332 0.00882328 0.0119047 0.0134719 0.0144703 0.0133074 0.0126584 0.00943602 0.0119387 0.00902543 
0.00951276 0.0085137 0.0164005 0.011168 0.00999465 0.00523183 0.00378081 0.00382404 0 0.00384057 0.00381036 0.00381357 0.00420116 0.00392987 0.00401031 0.00683434 0.00895664 0.00955821 0.0143649 0.0522952 0.726417 0.0401422 0.0217121 0.0119115 0.0123562 0.0159417 0.0389418 0.0267099 0.0114434 0.010117 0.0104826 0.00958425 0.00972174 0.0125773 0.0292358 0.0322725 0.0301623 0.0263368 0.019932 0.00996663 0.0103501 0.0154503 0.0300511 0.028861 0.0312724 0.0213859 0.0189178 0.0105151 0.00921219 
0.00919736 0.00930371 0.010118 0.0098459 0.00858582 0.00518135 0.00384104 0.00379545 0.00384057 0 0.0037722 0.00378745 0.00383273 0.00381846 0.00414698 0.00538956 0.0075947 0.00861392 0.0574977 0.786484 0.055627 0.0229681 0.0111768 0.0127964 0.0120119 0.0189672 0.0366833 0.0366756 0.0120598 0.00965322 0.0106539 0.0102067 0.00966096 0.0127251 0.0334294 0.0413612 0.0312886 0.0362203 0.0170738 0.0112154 0.0104589 0.016322 0.0338944 0.0379557 0.0324078 0.0377914 0.0166489 0.0106254 0.00929051 
0.00874993 0.00873048 0.0101134 0.00819245 0.00811626 0.0057051 0.00381552 0.0038245 0.00381036 0.0037722 0 0.00377525 0.00377627 0.00381944 0.00379655 0.0043884 0.0067009 0.0137626 0.754587 0.0525809 0.0294494 0.0122685 0.0149352 0.00996014 0.0167009 0.0159673 0.0376882 0.0312904 0.0112792 0.00965178 0.0117554 0.00999224 0.00957609 0.0140205 0.0404563 0.0293802 0.0450392 0.0214076 0.0225706 0.0104038 0.0109191 0.0160397 0.0448857 0.0316464 0.0580241 0.0218994 0.0203352 0.00995598 0.00976755 
0.00905951 0.00879891 0.0086321 0.00875256 0.00880211 0.0067384 0.00380766 0.00396961 0.00381357 0.00378745 0.00377525 0 0.00375959 0.00376692 0.00376954 0.00441518 0.00717387 0.798712 0.0404683 0.0763057 0.0138303 0.0156381 0.0095662 0.019622 0.0103048 0.0191098 0.0302467 0.0299787 0.0136406 0.0101275 0.00996638 0.0105452 0.00950405 0.0134456 0.0226943 0.0549051 0.016916 0.0317317 0.0146096 0.0118618 0.0100248 0.0207038 0.023062 0.0605769 0.024574 0.0309933 0.0124697 0.0115527 0.00919933 
0.00840265 0.00822897 0.00832901 0.0086057 0.0112538 0.00627063 0.00426737 0.00390092 0.00420116 0.00383273 0.00377627 0.00375959 0 0.00377732 0.00377894 0.00463771 0.698017 0.0149234 0.0685087 0.0114961 0.0229037 0.0073053 0.0131801 0.00881618 0.0143563 0.0105173 0.0193339 0.0235602 0.0100343 0.00864126 0.010202 0.00896899 0.00867571 0.00990838 0.0268763 0.0120493 0.020886 0.0122713 0.0157434 0.00906308 0.00908873 0.00958785 0.0378833 0.0136304 0.0252933 0.0110631 0.0140775 0.00886492 0.00901307 
0.00978619 0.00900286 0.00917785 0.0112188 0.00816825 0.00782018 0.00440852 0.00459448 0.00392987 0.00381846 0.00381944 0.00376692 0.00377732 0 0.0042266 0.0634405 0.0116084 0.00996945 0.00764081 0.00925227 0.0100833 0.00925949 0.00878661 0.0149963 0.00893742 0.0101668 0.0114797 0.0155904 0.00975787 0.00941913 0.0091454 0.00907512 0.00874017 0.00916125 0.0088041 0.00987458 0.00859396 0.00914322 0.00955932 0.00905913 0.00885134 0.0114384 0.00912926 0.00995458 0.0089071 0.00917425 0.00849317 0.00852947 0.00825344 
0.0102299 0.00861023 0.0123241 0.00774314 0.00898095 0.00777313 0.00670628 0.00455377 0.00401031 0.00414698 0.00379655 0.00376954 0.00377894 0.0042266 0 0.0444387 0.00573798 0.00445255 0.00496287 0.00448579 0.0061296 0.00647375 0.0156433 0.00830991 0.0154306 0.0140888 0.00924859 0.0095001 0.0123794 0.00942082 0.00893545 0.00910038 0.00964361 0.00881384 0.00892586 0.00850409 0.00875838 0.00841891 0.00943698 0.0094017 0.011614 0.00864809 0.00913698 0.00887454 0.00980493 0.00844895 0.00854631 0.00815895 0.0084696 
0.0128487 0.0108544 0.0116889 0.00849664 0.0139944 0.0193507 0.00677788 0.00677905 0.00683434 0.00538956 0.0043884 0.00441518 0.00463771 0.0634405 0.0444387 0 0.00387738 0.00380549 0.00380737 0.00393145 0.00398944 0.00668624 0.00965267 0.0129234 0.00963841 0.0143637 0.00889795 0.00914156 0.0155504 0.0133595 0.00850312 0.0142387 0.00970814 0.00872398 0.00823191 0.010607 0.0080827 0.00914548 0.0085173 0.0149623 0.00874808 0.00888646 0.00826606 0.00936411 0.00828007 0.00945169 0.00819579 0.00910242 0.00884249 
0.00861508 0.00972258 0.00847083 0.0126073 0.00910931 0.00749229 0.008616 0.00845937 0.00895664 0.0075947 0.0067009 0.00717387 0.698017 0.0116084 0.00573798 0.00387738 0 0.00374776 0.00379865 0.00381919 0.00390251 0.00382357 0.0781936 0.0088994 0.0171793 0.0101475 0.0185834 0.0122079 0.00975972 0.0083326 0.0160833 0.00884509 0.0087493 0.00992838 0.0154311 0.00890628 0.0173491 0.00922126 0.015256 0.00875387 0.00959552 0.00930344 0.0153595 0.00944255 0.0163421 0.00895825 0.0121518 0.00864244 0.00885851 
0.0088173 0.00852602 0.00978996 0.00845364 0.0088968 0.00884538 0.00765353 0.00897303 0.00955821 0.00861392 0.0137626 0.798712 0.0149234 0.00996945 0.00445255 0.00380549 0.00374776 0 0.00375078 0.0036731 0.00379028 0.00392473 0.00968746 0.0281324 0.00952513 0.0134481 0.0151662 0.0145884 0.0105379 0.0101963 0.00862519 0.00974214 0.0086802 0.0109456 0.0117217 0.0378825 0.0128047 0.0288672 0.00993018 0.0105823 0.00855535 0.0139037 0.0125252 0.0301126 0.0136221 0.0241695 0.0100569 0.00985434 0.00857313 
0.00864769 0.00858674 0.00867559 0.00927193 0.00889411 0.00808943 0.00984117 0.00853484 0.0143649 0.0574977 0.754587 0.0404683 0.0685087 0.00764081 0.00496287 0.00380737 0.00379865 0.00375078 0 0.00375626 0.00377473 0.00379884 0.03466 0.0103334 0.0169518 0.0134743 0.0270777 0.0228039 0.0104742 0.00901205 0.0108641 0.00902836 0.00918111 0.0101604 0.0320654 0.016867 0.0470239 0.0143364 0.0168127 0.00924443 0.00948557 0.0114158 0.0404113 0.022159 0.0408116 0.0150683 0.0163037 0.00931657 0.00906969 
0.00897449 0.008661 0.00971592 0.0090336 0.00943666 0.00898943 0.00844462 0.0116221 0.0522952 0.786484 0.0525809 0.0763057 0.0114961 0.00925227 0.00448579 0.00393145 0.00381919 0.0036731 0.00375626 0 0.00375993 0.00377566 0.0144203 0.0291358 0.0127851 0.0183156 0.0355755 0.0349422 0.0116795 0.0105432 0.00993376 0.0115226 0.00930636 0.0154794 0.0231778 0.0655358 0.0168477 0.041981 0.0136733 0.0117409 0.00912016 0.0234342 0.0281553 0.0542641 0.0245362 0.0405897 0.0127385 0.010857 0.00916215 
0.00929804 0.00962166 0.00983319 0.0157511 0.00979247 0.00955377 0.0126936 0.0389198 0.726417 0.055627 0.0294494 0.0138303 0.0229037 0.0100833 0.0061296 0.00398944 0.00390251 0.00379028 0.00377473 0.00375993 0 0.00400725 0.0260905 0.0334276 0.0423501 0.015448 0.0426932 0.0887808 0.0157928 0.00982982 0.029721 0.0103013 0.0101551 0.011838 0.0257077 0.0119157 0.0216667 0.0110568 0.0465512 0.0100714 0.0108392 0.0120063 0.0276694 0.0151686 0.0380534 0.0112202 0.0133068 0.00972951 0.00927784 
0.0151769 0.00972895 0.0216438 0.00904068 0.0137773 0.0212625 0.054086 0.608397 0.0401422 0.0229681 0.0122685 0.0156381 0.0073053 0.00925949 0.00647375 0.00668624 0.00382357 0.00392473 0.00379884 0.00377566 0.00400725 0 0.011612 0.0213301 0.0995243 0.0295544 0.0134405 0.0368929 0.0555624 0.0223 0.00988926 0.024994 0.0132823 0.011889 0.00983092 0.0139206 0.00916927 0.0108503 0.0112131 0.0206195 0.0126669 0.0113795 0.0096721 0.0139636 0.0102233 0.0122985 0.00922824 0.00940405 0.00920776 
0.00823374 0.00986629 0.0114623 0.0085114 0.0115134 0.0100672 0.0422237 0.0114684 0.0217121 0.0111768 0.0149352 0.0095662 0.0131801 0.00878661 0.0156433 0.00965267 0.0781936 0.00968746 0.03466 0.0144203 0.0260905 0.011612 0 0.00389326 0.00448885 0.00522666 0.00630977 0.011468 0.0200574 0.00803762 0.0165125 0.0264971 0.0135841 0.013811 0.0196368 0.00871122 0.0162202 0.00871319 0.0146846 0.0189688 0.0334378 0.0100201 0.0220337 0.00947043 0.0164847 0.00947643 0.0182359 0.00989723 0.0314233 
0.00846303 0.00818594 0.00829467 0.00930319 0.00811689 0.00978716 0.00884 0.0134686 0.0119115 0.0127964 0.00996014 0.019622 0.00881618 0.0149963 0.00830991 0.0129234 0.0088994 0.0281324 0.0103334 0.0291358 0.0334276 0.0213301 0.00389326 0 0.00382664 0.00411889 0.00780118 0.00902579 0.0067026 0.0125067 0.0315366 0.017784 0.00971962 0.0202038 0.00910151 0.024365 0.00851186 0.0140671 0.013916 0.0158183 0.00948947 0.0382382 0.00907067 0.0176385 0.00921087 0.0172336 0.00874153 0.044033 0.00951543 
0.00882074 0.00863366 0.0105666 0.00842708 0.00931461 0.00939201 0.0211484 0.0107082 0.0123562 0.0120119 0.0167009 0.0103048 0.0143563 0.00893742 0.0154306 0.00963841 0.0171793 0.00952513 0.0169518 0.0127851 0.0423501 0.0995243 0.00448885 0.00382664 0 0.00640171 0.00641357 0.00517326 0.00695237 0.0112571 0.0130715 0.0118643 0.0166077 0.0124959 0.0178764 0.00914595 0.0147915 0.00964356 0.0328807 0.0165644 0.0531543 0.0101606 0.0198277 0.0101518 0.0195052 0.00973863 0.0177269 0.00935727 0.0204097 
0.00860974 0.0100698 0.00931839 0.00847304 0.0108057 0.0131334 0.0137336 0.0152152 0.0159417 0.0189672 0.0159673 0.0191098 0.0105173 0.0101668 0.0140888 0.0143637 0.0101475 0.0134481 0.0134743 0.0183156 0.015448 0.0295544 0.00522666 0.00411889 0.00640171 0 0.00385963 0.00385634 0.00413745 0.0129663 0.00781957 0.120088 0.0224897 0.0146365 0.0105859 0.0155184 0.0109186 0.01462 0.0173425 0.0729017 0.0254745 0.0253295 0.0148651 0.0229759 0.0144726 0.0193088 0.0125607 0.0156441 0.0252892 
0.00814217 0.00822751 0.00842806 0.00872181 0.00851256 0.00834783 0.0112647 0.0195981 0.0389418 0.0366833 0.0376882 0.0302467 0.0193339 0.0114797 0.00924859 0.00889795 0.0185834 0.0151662 0.0270777 0.0355755 0.0426932 0.0134405 0.00630977 0.00780118 0.00641357 0.00385963 0 0.00382326 0.00380763 0.00701437 0.118565 0.0523418 0.0146383 0.0219517 0.0164525 0.0141725 0.0282623 0.0234182 0.0465122 0.0143153 0.0206876 0.034978 0.036415 0.0252659 0.0333022 0.0214758 0.021065 0.0236853 0.0148336 
0.00824189 0.00815552 0.00848385 0.00874569 0.00824527 0.00845507 0.0099115 0.0192475 0.0267099 0.0366756 0.0312904 0.0299787 0.0235602 0.0155904 0.0095001 0.00914156 0.0122079 0.0145884 0.0228039 0.0349422 0.0887808 0.0368929 0.011468 0.00902579 0.00517326 0.00385634 0.00382326 0 0.00394689 0.0313633 0.103371 0.0134812 0.0102971 0.0222152 0.0157221 0.0215818 0.0381517 0.0226182 0.0507596 0.0174931 0.0137065 0.0305805 0.0252369 0.026345 0.0254124 0.0239569 0.0181872 0.0203804 0.015785 
0.00916144 0.00832542 0.0116873 0.00849145 0.00894342 0.0125312 0.014816 0.0110806 0.0114434 0.0120598 0.0112792 0.0136406 0.0100343 0.00975787 0.0123794 0.0155504 0.00975972 0.0105379 0.0104742 0.0116795 0.0157928 0.0555624 0.0200574 0.0067026 0.00695237 0.00413745 0.00380763 0.00394689 0 0.0601919 0.0114045 0.00989003 0.0190649 0.0101454 0.0122481 0.0181276 0.016314 0.0234184 0.0164989 0.0296513 0.0224514 0.0126134 0.0113181 0.0131995 0.0130544 0.0144607 0.0108835 0.0119819 0.0302444 
0.00886223 0.00888354 0.0089145 0.00831606 0.0104058 0.0153162 0.00893081 0.00910951 0.010117 0.00965322 0.00965178 0.0101275 0.00864126 0.00941913 0.00942082 0.0133595 0.0083326 0.0101963 0.00901205 0.0105432 0.00982982 0.0223 0.00803762 0.0125067 0.0112571 0.0129663 0.00701437 0.0313633 0.0601919 0 0.00384829 0.00405988 0.00578978 0.00842708 0.0212095 0.0535556 0.00688646 0.00881594 0.00800807 0.0290655 0.0132477 0.0118682 0.00922294 0.012844 0.00936759 0.0146774 0.00947997 0.0177494 0.0206684 
0.00815104 0.00818923 0.00846287 0.00895949 0.00815712 0.00822432 0.00989521 0.00995028 0.0104826 0.0106539 0.0117554 0.00996638 0.010202 0.0091454 0.00893545 0.00850312 0.0160833 0.00862519 0.0108641 0.00993376 0.029721 0.00988926 0.0165125 0.0315366 0.0130715 0.00781957 0.118565 0.103371 0.0114045 0.00384829 0 0.00379097 0.00549492 0.0472447 0.0269088 0.00622434 0.00795703 0.00679151 0.0171108 0.00892377 0.0132106 0.014116 0.0147555 0.0092344 0.0149435 0.00901324 0.0143433 0.0140364 0.0217994 
0.00858851 0.00808103 0.00962372 0.0082324 0.00830279 0.0101408 0.0111697 0.00967973 0.00958425 0.0102067 0.00999224 0.0105452 0.00896899 0.00907512 0.00910038 0.0142387 0.00884509 0.00974214 0.00902836 0.0115226 0.0103013 0.024994 0.0264971 0.017784 0.0118643 0.120088 0.0523418 0.0134812 0.00989003 0.00405988 0.00379097 0 0.0728408 0.0124554 0.00476168 0.00597978 0.00547001 0.00730678 0.00885784 0.0126307 0.015938 0.0124068 0.00904796 0.0115691 0.00944412 0.013141 0.00938918 0.02059 0.0148881 
0.00829212 0.00855577 0.00829697 0.00807998 0.00911618 0.0107995 0.00948682 0.00889387 0.00972174 0.00966096 0.00957609 0.00950405 0.00867571 0.00874017 0.00964361 0.00970814 0.0087493 0.0086802 0.00918111 0.00930636 0.0101551 0.0132823 0.0135841 0.00971962 0.0166077 0.0224897 0.0146383 0.0102971 0.0190649 0.00578978 0.00549492 0.0728408 0 0.0038573 0.0037994 0.00383666 0.00384919 0.00438419 0.00444367 0.00767936 0.0156359 0.00932069 0.00951438 0.0102313 0.00995578 0.0153141 0.254834 0.0438737 0.0463811 
0.00811913 0.00810085 0.00833063 0.00821202 0.00851642 0.00848729 0.00899408 0.0113501 0.0125773 0.0127251 0.0140205 0.0134456 0.00990838 0.00916125 0.00881384 0.00872398 0.00992838 0.0109456 0.0101604 0.0154794 0.011838 0.011889 0.013811 0.0202038 0.0124959 0.0146365 0.0219517 0.0222152 0.0101454 0.00842708 0.0472447 0.0124554 0.0038573 0 0.00380833 0.00377499 0.00379154 0.00382698 0.00394538 0.00480869 0.00875664 0.0114502 0.0100493 0.0101481 0.0133125 0.401125 0.0499546 0.0284314 0.0116896 
0.00790761 0.0080182 0.00811278 0.00819482 0.00811732 0.00804709 0.00984376 0.0135899 0.0292358 0.0334294 0.0404563 0.0226943 0.0268763 0.0088041 0.00892586 0.00823191 0.0154311 0.0117217 0.0320654 0.0231778 0.0257077 0.00983092 0.0196368 0.00910151 0.0178764 0.0105859 0.0164525 0.0157221 0.0122481 0.0212095 0.0269088 0.00476168 0.0037994 0.00380833 0 0.00375888 0.0038039 0.00380859 0.00382492 0.00395862 0.009398 0.00874576 0.014889 0.0104063 0.476529 0.036188 0.0323644 0.0107493 0.016382 
0.00818061 0.00794472 0.00851445 0.00815414 0.00817128 0.00885279 0.00885803 0.0148941 0.0322725 0.0413612 0.0293802 0.0549051 0.0120493 0.00987458 0.00850409 0.010607 0.00890628 0.0378825 0.016867 0.0655358 0.0119157 0.0139206 0.00871122 0.024365 0.00914595 0.0155184 0.0141725 0.0215818 0.0181276 0.0535556 0.00622434 0.00597978 0.00383666 0.00377499 0.00375888 0 0.00374787 0.00379149 0.00380924 0.00385162 0.00747675 0.0125153 0.00894525 0.528995 0.0244732 0.0610549 0.00902638 0.0228858 0.0100268 
0.00789527 0.00787272 0.0080569 0.00796513 0.00795527 0.00788321 0.00953386 0.0118292 0.0301623 0.0312886 0.0450392 0.016916 0.020886 0.00859396 0.00875838 0.0080827 0.0173491 0.0128047 0.0470239 0.0168477 0.0216667 0.00916927 0.0162202 0.00851186 0.0147915 0.0109186 0.0282623 0.0381517 0.016314 0.00688646 0.00795703 0.00547001 0.00384919 0.00379154 0.0038039 0.00374787 0 0.00374685 0.00378114 0.00378717 0.00891082 0.00771355 0.519591 0.0238563 0.0708716 0.0103481 0.0185176 0.0088345 0.0108291 
0.00792665 0.0079104 0.00816615 0.00807943 0.00798918 0.00828343 0.00904527 0.0128491 0.0263368 0.0362203 0.0214076 0.0317317 0.0122713 0.00914322 0.00841891 0.00914548 0.00922126 0.0288672 0.0143364 0.041981 0.0110568 0.0108503 0.00871319 0.0140671 0.00964356 0.01462 0.0234182 0.0226182 0.0234184 0.00881594 0.00679151 0.00730678 0.00438419 0.00382698 0.00380859 0.00379149 0.00374685 0 0.00374843 0.00378276 0.00713574 0.391724 0.0263739 0.0731053 0.00901762 0.0152856 0.00942906 0.0116651 0.0092683 
0.00802707 0.0080823 0.00823109 0.00829409 0.00808111 0.00810876 0.0100638 0.0120519 0.019932 0.0170738 0.0225706 0.0146096 0.0157434 0.00955932 0.00943698 0.0085173 0.015256 0.00993018 0.0168127 0.0136733 0.0465512 0.0112131 0.0146846 0.013916 0.0328807 0.0173425 0.0465122 0.0507596 0.0164989 0.00800807 0.0171108 0.00885784 0.00444367 0.00394538 0.00382492 0.00380924 0.00378114 0.00374843 0 0.00380352 0.312377 0.0260641 0.0706321 0.0109118 0.0145064 0.0100551 0.0158867 0.0119342 0.0161644 
0.00883751 0.00819803 0.0101045 0.00827206 0.00848351 0.0109158 0.0120273 0.0143332 0.00996663 0.0112154 0.0104038 0.0118618 0.00906308 0.00905913 0.0094017 0.0149623 0.00875387 0.0105823 0.00924443 0.0117409 0.0100714 0.0206195 0.0189688 0.0158183 0.0165644 0.0729017 0.0143153 0.0174931 0.0296513 0.0290655 0.00892377 0.0126307 0.00767936 0.00480869 0.00395862 0.00385162 0.00378717 0.00378276 0.00380352 0 0.121139 0.0476686 0.00779011 0.0121245 0.00924499 0.0113353 0.00973617 0.0119063 0.0164299 
0.0082041 0.00884836 0.00840915 0.00808039 0.00941188 0.0101088 0.0104943 0.00882328 0.0103501 0.0104589 0.0109191 0.0100248 0.00908873 0.00885134 0.011614 0.00874808 0.00959552 0.00855535 0.00948557 0.00912016 0.0108392 0.0126669 0.0334378 0.00948947 0.0531543 0.0254745 0.0206876 0.0137065 0.0224514 0.0132477 0.0132106 0.015938 0.0156359 0.00875664 0.009398 0.00747675 0.00891082 0.00713574 0.312377 0.121139 0 0.00378294 0.00379438 0.00381414 0.00391088 0.00407354 0.00526539 0.00648276 0.0313818 
0.00792412 0.00799954 0.00803024 0.0081248 0.00811573 0.00824554 0.00869969 0.0119047 0.0154503 0.016322 0.0160397 0.0207038 0.00958785 0.0114384 0.00864809 0.00888646 0.00930344 0.0139037 0.0114158 0.0234342 0.0120063 0.0113795 0.0100201 0.0382382 0.0101606 0.0253295 0.034978 0.0305805 0.0126134 0.0118682 0.014116 0.0124068 0.00932069 0.0114502 0.00874576 0.0125153 0.00771355 0.391724 0.0260641 0.0476686 0.00378294 0 0.00378816 0.00381593 0.00385119 0.00387594 0.00432036 0.00628058 0.00718412 
0.00793239 0.00792175 0.0081292 0.00804938 0.00808337 0.00792579 0.00980067 0.0134719 0.0300511 0.0338944 0.0448857 0.023062 0.0378833 0.00912926 0.00913698 0.00826606 0.0153595 0.0125252 0.0404113 0.0281553 0.0276694 0.0096721 0.0220337 0.00907067 0.0198277 0.0148651 0.036415 0.0252369 0.0113181 0.00922294 0.0147555 0.00904796 0.00951438 0.0100493 0.014889 0.00894525 0.519591 0.0263739 0.0706321 0.00779011 0.00379438 0.00378816 0 0.00376681 0.00382412 0.00384134 0.00388561 0.00390972 0.00625084 
0.00793032 0.00795959 0.00816308 0.00807847 0.00804015 0.0083851 0.00899178 0.0144703 0.028861 0.0379557 0.0316464 0.0605769 0.0136304 0.00995458 0.00887454 0.00936411 0.00944255 0.0301126 0.022159 0.0542641 0.0151686 0.0139636 0.00947043 0.0176385 0.0101518 0.0229759 0.0252659 0.026345 0.0131995 0.012844 0.0092344 0.0115691 0.0102313 0.0101481 0.0104063 0.528995 0.0238563 0.0731053 0.0109118 0.0121245 0.00381414 0.00381593 0.00376681 0 0.00376703 0.00381521 0.00385919 0.00381075 0.00487521 
0.00794706 0.00790892 0.00815627 0.00804902 0.00803633 0.0079707 0.00953827 0.0133074 0.0312724 0.0324078 0.0580241 0.024574 0.0252933 0.0089071 0.00980493 0.00828007 0.0163421 0.0136221 0.0408116 0.0245362 0.0380534 0.0102233 0.0164847 0.00921087 0.0195052 0.0144726 0.0333022 0.0254124 0.0130544 0.00936759 0.0149435 0.00944412 0.00995578 0.0133125 0.476529 0.0244732 0.0708716 0.00901762 0.0145064 0.00924499 0.00391088 0.00385119 0.00382412 0.00376703 0 0.00378278 0.00384734 0.00379678 0.00405666 
0.00796549 0.00793544 0.00829416 0.00805936 0.00804778 0.00847201 0.00886731 0.0126584 0.0213859 0.0377914 0.0218994 0.0309933 0.0110631 0.00917425 0.00844895 0.00945169 0.00895825 0.0241695 0.0150683 0.0405897 0.0112202 0.0122985 0.00947643 0.0172336 0.00973863 0.0193088 0.0214758 0.0239569 0.0144607 0.0146774 0.00901324 0.013141 0.0153141 0.401125 0.036188 0.0610549 0.0103481 0.0152856 0.0100551 0.0113353 0.00407354 0.00387594 0.00384134 0.00381521 0.00378278 0 0.00380138 0.00386857 0.00406614 
0.00797762 0.00792609 0.00817947 0.00804751 0.00803975 0.00815026 0.00922112 0.00943602 0.0189178 0.0166489 0.0203352 0.0124697 0.0140775 0.00849317 0.00854631 0.00819579 0.0121518 0.0100569 0.0163037 0.0127385 0.0133068 0.00922824 0.0182359 0.00874153 0.0177269 0.0125607 0.021065 0.0181872 0.0108835 0.00947997 0.0143433 0.00938918 0.254834 0.0499546 0.0323644 0.00902638 0.0185176 0.00942906 0.0158867 0.00973617 0.00526539 0.00432036 0.00388561 0.00385919 0.00384734 0.00380138 0 0.003805 0.00389025 
0.00806497 0.00803027 0.00858559 0.00821438 0.00805683 0.00838833 0.00873785 0.0119387 0.0105151 0.0106254 0.00995598 0.0115527 0.00886492 0.00852947 0.00815895 0.00910242 0.00864244 0.00985434 0.00931657 0.010857 0.00972951 0.00940405 0.00989723 0.044033 0.00935727 0.0156441 0.0236853 0.0203804 0.0119819 0.0177494 0.0140364 0.02059 0.0438737 0.0284314 0.0107493 0.0228858 0.0088345 0.0116651 0.0119342 0.0119063 0.00648276 0.00628058 0.00390972 0.00381075 0.00379678 0.00386857 0.003805 0 0.00409005 
0.00828963 0.00804951 0.00879601 0.00802765 0.00810264 0.00889074 0.0102953 0.00902543 0.00921219 0.00929051 0.00976755 0.00919933 0.00901307 0.00825344 0.0084696 0.00884249 0.00885851 0.00857313 0.00906969 0.00916215 0.00927784 0.00920776 0.0314233 0.00951543 0.0204097 0.0252892 0.0148336 0.015785 0.0302444 0.0206684 0.0217994 0.0148881 0.0463811 0.0116896 0.016382 0.0100268 0.0108291 0.0092683 0.0161644 0.0164299 0.0313818 0.00718412 0.00625084 0.00487521 0.00405666 0.00406614 0.00389025 0.00409005 0 
