1ST0A
APVRLPFSGFRLQKVLRESARDKIIFLHGKVNEASGDGDGEDAVVILEKTPFQVEQVAQLLTGSPELQLQFSNDIYSTYHLFPPRQLNDVKTTVVYPATEKHLQKYLRQDLRLIRETGDDYRNITLPHLESQSLSIQWVYNILDKKAEADRIVFENPDPSDGFVLIPDLKWNQQQLDDLYLIAICHRRGIRSLRDLTPEHLPLLRNILHQGQEAILQRYRMKGDHLRVYLHYLPSYYHLNVHFTALGFEAPGSGVERAHLLAEVIENLECDPRHYQQRTLTFALRADDPLLKLLQEAQQS
CCECCCCCCCEEEEEEEEECCCCEEEEEEEECCCCCCCCCEEEEEEEEECCCCHHHHHHHHCCCCEEEEEEEECCEEEEEEECCHHHHCEEEEEECCCCHHHHHHHCCCCEEEEEECHHHHHHCCCCCHHHHCCCCHHHHHHHCCCCCHHHCCEEECCCCCCEEEEECCCCCCCCCCCCEEEEEECCCCCCCHHHCCHHHHHHHHHHHHHHHHHHHHHHCCCHHHEEEEEECCCCCCCCEEEEEECCCCCCCCECCCEEEHHHHHHHHHHCCCHHHHCCEEEEEECCCHHHHHHHHCCCC
0 0 0 0 0 0 0 0 0 0 0 0 0 0 0 0 0 0 0 0 0 0 0 0 0 0 0 0 0 0 0 0 0 0 0 0 0 0 0 0 0 0 0 0 0 0 0 0 0 0 0 0 0 0 0 0 0 0 0 0 0 0 0 0 0 0 0 0 0 0 0 0 0 0 0 0 0 0 0 0 0 0 0 0 0 0 0 0 0 0 0 0 0 0 0 0 0 0 0 0 0 0 0 0 0 0 0 0 0 0 0 0 0 0 0 0 0 0 0 0 0 0 0 0 0 0 0 0 0 0 0 0 0 0 0 0 0 0 0 0 0 0 0 0 0 0 0 0 0 0 0 0 0 0 0 0 0 0 0 0 0 0 0 0 0 0 0 0 0 0 0 0 0 0 0 0 0 0 0 0 0 0 0 0 0 0 0 0 0 0 0 0 0 0 0 0 0 0 0 0 0 0 0 0 0 0 0 0 0 0 0 0 0 0 0 0 0 0 0 0 0 0 0 0 0 0 0 0 0 0 0 0 0 0 0 0 0 0 0 0 0 0 0 0 0 0 0 0 0 0 0 0 0 0 0 0 0 0 0 0 0 0 0 0 0 0 0 0 0 0 0 0 0 0 0 0 0 0 0 0 0 0 0 0 0 0 0 0 0 0 0 0 0 0 0 0 0 0 0 0 
0 0 0 0 0 0 0 0 0 0 0 0 0 0 0 0 0 0 0 0 0 0 0 0 0 0 0 0 0 0 0 0 0 0 0 0 0 0 0 0 0 0 0 0 0 0 0 0 0 0 0 0 0 0 0 0 0 0 0 0 0 0 0 0 0 0 0 0 0 0 0 0 0 0 0 0 0 0 0 0 0 0 0 0 0 0 0 0 0 0 0 0 0 0 0 0 0 0 0 0 0 0 0 0 0 0 0 0 0 0 0 0 0 0 0 0 0 0 0 0 0 0 0 0 0 0 0 0 0 0 0 0 0 0 0 0 0 0 0 0 0 0 0 0 0 0 0 0 0 0 0 0 0 0 0 0 0 0 0 0 0 0 0 0 0 0 0 0 0 0 0 0 0 0 0 0 0 0 0 0 0 0 0 0 0 0 0 0 0 0 0 0 0 0 0 0 0 0 0 0 0 0 0 0 0 0 0 0 0 0 0 0 0 0 0 0 0 0 0 0 0 0 0 0 0 0 0 0 0 0 0 0 0 0 0 0 0 0 0 0 0 0 0 0 0 0 0 0 0 0 0 0 0 0 0 0 0 0 0 0 0 0 0 0 0 0 0 0 0 0 0 0 0 0 0 0 0 0 0 0 0 0 0 0 0 0 0 0 0 0 0 0 0 0 0 0 0 0 0 0 
0 0.0341367 0.0124217 0.0067195 0.00674349 0.00781468 0.0081895 0.00719149 0.00834256 0.018 0.0189517 0.0122326 0.00906187 0.00882476 0.00858056 0.00948275 0.00902697 0.0243506 0.0122561 0.0100598 0.00923129 0.00980999 0.0103534 0.00949114 0.00981445 0.00917482 0.0175943 0.0103564 0.0123883 0.00807401 0.00854543 0.0080235 0.00825984 0.00822499 0.0104584 0.0102398 0.00844417 0.00797918 0.00833061 0.00797716 0.00838161 0.00995101 0.0106927 0.00824297 0.00830751 0.00824244 0.00836096 0.0113931 0.00952442 0.00818128 0.00799178 0.00815577 0.00801667 0.00966522 0.00921346 0.00795432 0.00858013 0.00864157 0.00806179 0.008114 0.00801881 0.00865959 0.00888021 0.0081093 0.00804532 0.00806838 0.00800293 0.00843426 0.00904983 0.00806222 0.00822416 0.00803894 0.00810809 0.00823979 0.00836512 0.00821619 0.0080991 0.00814188 0.00814303 0.00845485 0.00912842 0.00881855 0.0082219 0.00828343 0.00941169 0.00838254 0.00860745 0.00819375 0.00848984 0.00911479 
0.0341367 0 0.00441856 0.00387837 0.00413495 0.00402257 0.00413987 0.00471235 0.00564344 0.0114047 0.00933137 0.00877996 0.00926788 0.0077 0.0097396 0.00813337 0.133507 0.178554 0.0317521 0.00881701 0.0117912 0.0104613 0.0104804 0.0113575 0.00887235 0.0151192 0.015158 0.0167242 0.00829544 0.0105751 0.00821058 0.009384 0.00825131 0.0100263 0.00983336 0.0122091 0.00816066 0.00863355 0.00827134 0.00956278 0.00831095 0.0129474 0.00871093 0.00877881 0.00840331 0.00896953 0.00863695 0.012946 0.00839064 0.00834857 0.00831479 0.00804499 0.00979495 0.00869212 0.00816013 0.00829669 0.0081129 0.00832465 0.00801305 0.00813085 0.00800807 0.00867182 0.00904866 0.00797935 0.00813927 0.0081586 0.00805289 0.00803017 0.00789031 0.0080028 0.00801401 0.00808688 0.00805234 0.00811111 0.00807871 0.00799896 0.00813315 0.00800326 0.00806913 0.00822682 0.00856431 0.00798314 0.00817117 0.00814396 0.00820936 0.00839786 0.00818139 0.0081956 0.00823026 0.00890363 
0.0124217 0.00441856 0 0.00384617 0.00378993 0.00391855 0.00388161 0.0042065 0.00480394 0.00421379 0.00736815 0.00879661 0.00773974 0.0106269 0.00768611 0.0800686 0.12435 0.138069 0.00819119 0.010581 0.0103484 0.0120091 0.0136794 0.0105277 0.015922 0.00930335 0.010815 0.00834173 0.0163259 0.00825506 0.00999074 0.00827527 0.00893085 0.00841974 0.00870975 0.00835203 0.0102167 0.00843191 0.0111274 0.00844858 0.0117366 0.00850495 0.00855304 0.00858647 0.00999008 0.00890794 0.00976594 0.00900845 0.008214 0.00829794 0.00838409 0.00885326 0.00823902 0.0085335 0.00810458 0.00800748 0.00811251 0.00805727 0.00834886 0.00850761 0.00824123 0.00805381 0.0081383 0.00843623 0.00853864 0.00843071 0.00831132 0.0079884 0.00815734 0.00811296 0.00827395 0.00819217 0.00817653 0.0080512 0.00797665 0.00825552 0.00817414 0.00829187 0.0081174 0.00812783 0.00803893 0.00830297 0.008245 0.00804275 0.00834015 0.00840428 0.0084908 0.00833954 0.00852416 0.0085208 
0.0067195 0.00387837 0.00384617 0 0.00378766 0.00376547 0.0038823 0.00386587 0.00382436 0.00384086 0.00694755 0.00753155 0.00939537 0.00784942 0.0181835 0.0903905 0.114149 0.00853257 0.00823512 0.00860888 0.0110616 0.0135104 0.0150355 0.01536 0.0104831 0.00941275 0.00860969 0.00892896 0.008723 0.00914764 0.00847701 0.00909785 0.00830914 0.00817961 0.00804198 0.0086148 0.00883312 0.00906475 0.00897603 0.0102694 0.00859556 0.00818729 0.00845498 0.00873489 0.0101791 0.010357 0.00885294 0.00842893 0.00804348 0.00815258 0.00887567 0.00844827 0.008188 0.00795467 0.00807381 0.00787038 0.00791662 0.00808212 0.00841796 0.00855823 0.00817762 0.00794963 0.00822121 0.00840534 0.00839567 0.00855372 0.00813965 0.00802616 0.00800097 0.00805022 0.00815693 0.00808952 0.00802988 0.00800353 0.00793197 0.00809657 0.00813146 0.0081769 0.00801787 0.00806138 0.00803897 0.00812426 0.00814211 0.00802718 0.00819551 0.00825611 0.00829706 0.00819735 0.00822618 0.00823347 
0.00674349 0.00413495 0.00378993 0.00378766 0 0.00378815 0.00377942 0.00378092 0.00380824 0.00380626 0.00741017 0.0105213 0.0106797 0.0322967 0.265848 0.167301 0.0232139 0.00823775 0.00885465 0.00926514 0.0134916 0.0230873 0.0296997 0.0281673 0.0140892 0.0119358 0.00887044 0.00974042 0.00891615 0.0107704 0.00890502 0.00992488 0.00869774 0.00833576 0.00810973 0.00912721 0.00915088 0.0107428 0.0116896 0.0149101 0.00891649 0.00841613 0.00875348 0.0101986 0.0116604 0.0155772 0.0107364 0.00896322 0.00829723 0.00911681 0.00953287 0.00914364 0.00884445 0.00803627 0.00816343 0.00794301 0.00790195 0.00828674 0.00874578 0.00928909 0.00848544 0.00804745 0.00845163 0.00861856 0.0089189 0.00876786 0.00845157 0.00805677 0.00809352 0.00825011 0.0083686 0.00838304 0.00822245 0.00812003 0.00812523 0.00825681 0.00833959 0.00840654 0.00821202 0.00809796 0.00804161 0.00822571 0.00825043 0.00817731 0.00835288 0.00848839 0.00851195 0.00844786 0.00835859 0.00821161 
0.00781468 0.00402257 0.00391855 0.00376547 0.00378815 0 0.00376658 0.00375499 0.00375608 0.00386542 0.00705114 0.00945956 0.011721 0.234964 0.158931 0.0146419 0.0080016 0.00795571 0.00840912 0.0103572 0.0135851 0.0280247 0.0353897 0.0244473 0.0181791 0.0101001 0.0105013 0.00942225 0.0103684 0.0097307 0.0099832 0.00974652 0.00894998 0.00842687 0.00820775 0.00898854 0.00989073 0.0122082 0.0121919 0.0122598 0.00968166 0.00860525 0.009698 0.00996478 0.0164506 0.0150763 0.0117683 0.00942637 0.00838473 0.00900095 0.0103594 0.0103668 0.00838923 0.00817493 0.00825507 0.00789705 0.00789872 0.0081683 0.00883378 0.00924838 0.00851033 0.00810261 0.00839311 0.00865413 0.00914319 0.0100502 0.00854816 0.00814694 0.00828375 0.0081737 0.0086601 0.008392 0.00825778 0.00807947 0.00805285 0.00831197 0.00826345 0.00839727 0.00820728 0.00810908 0.00805193 0.00823158 0.00821948 0.00810497 0.00825371 0.00836988 0.00844283 0.00834627 0.00839761 0.00823929 
0.0081895 0.00413987 0.00388161 0.0038823 0.00377942 0.00376658 0 0.00377149 0.00377558 0.00383383 0.00679575 0.0094421 0.142756 0.265021 0.0133586 0.00846084 0.00753466 0.00859574 0.00812188 0.00916222 0.013873 0.0250208 0.0287799 0.0243548 0.0163843 0.0104316 0.010047 0.00898016 0.0110983 0.00925533 0.0118231 0.00895952 0.00936605 0.00837099 0.0084834 0.00895406 0.0137822 0.00973283 0.01301 0.0105428 0.0119283 0.0085976 0.00902638 0.0096312 0.0151486 0.0139453 0.0108804 0.00963079 0.00832277 0.00906044 0.010386 0.0105162 0.00838812 0.00835168 0.00803886 0.00792781 0.0079368 0.00816383 0.00867529 0.00920092 0.00850185 0.00814627 0.00825321 0.00872818 0.00899518 0.00896179 0.00843171 0.00813462 0.00818321 0.0082157 0.00836836 0.00829324 0.00824751 0.0080441 0.00803753 0.00834111 0.00820922 0.00837015 0.00815263 0.00807393 0.00805795 0.00822195 0.00822748 0.00818527 0.00829665 0.00836664 0.00842177 0.00829806 0.00829484 0.00826069 
0.00719149 0.00471235 0.0042065 0.00386587 0.00378092 0.00375499 0.00377149 0 0.00374677 0.00378663 0.00829385 0.0645538 0.508935 0.0110283 0.0165155 0.00757914 0.00824386 0.00968377 0.00806728 0.00910286 0.0156165 0.0181985 0.0203555 0.0226184 0.0135055 0.0115002 0.00913045 0.00900862 0.00877441 0.0107661 0.00866668 0.00935845 0.0084086 0.00834039 0.00817118 0.00915921 0.0089973 0.0117143 0.00957919 0.0146952 0.00899509 0.00863446 0.00874425 0.00997032 0.0134372 0.0128539 0.0102819 0.00923225 0.00822103 0.00871627 0.0102821 0.00890704 0.00834986 0.00803053 0.00802195 0.00790023 0.00789226 0.00820415 0.00861377 0.00897236 0.00830505 0.00798135 0.00840568 0.00851031 0.00870476 0.00902434 0.0083879 0.0080162 0.00808163 0.00812046 0.0082603 0.00820797 0.00810189 0.00797704 0.00794373 0.00812549 0.00816318 0.0082356 0.00806289 0.00806967 0.00803225 0.00815878 0.00817644 0.00804282 0.00822239 0.00830904 0.00838043 0.00823524 0.00826118 0.00822549 
0.00834256 0.00564344 0.00480394 0.00382436 0.00380824 0.00375608 0.00377558 0.00374677 0 0.00399361 0.0401618 0.638689 0.00844715 0.0159911 0.00655753 0.00721842 0.00913604 0.00724482 0.00864014 0.0111471 0.00935272 0.0114147 0.0111812 0.0111071 0.0105838 0.0127489 0.00903435 0.0101074 0.0091317 0.00857485 0.00862252 0.00834518 0.00839819 0.00827856 0.00812637 0.00948879 0.0104327 0.00861305 0.00903509 0.00903141 0.00938407 0.00839198 0.0092598 0.0110982 0.00882216 0.00875912 0.00992247 0.00858531 0.00832509 0.00876681 0.00825176 0.00852978 0.00810118 0.0079645 0.0079651 0.00784793 0.00785068 0.00829643 0.00855518 0.00834344 0.00821874 0.00790534 0.00837494 0.00834304 0.00840162 0.00838552 0.00822413 0.00807016 0.00802079 0.00806979 0.00807666 0.00815022 0.00802437 0.00794907 0.00800962 0.00811138 0.00815564 0.00814849 0.00805103 0.00798067 0.0079958 0.0081162 0.00812256 0.00793121 0.00825165 0.00824788 0.00823546 0.00817 0.0082251 0.00815095 
0.018 0.0114047 0.00421379 0.00384086 0.00380626 0.00386542 0.00383383 0.00378663 0.00399361 0 0.651613 0.0069373 0.00722843 0.00494448 0.00521552 0.00633477 0.00624349 0.00727794 0.0124667 0.00915481 0.00938657 0.00940103 0.00972296 0.00942551 0.00920222 0.0096689 0.0305822 0.0126648 0.00944619 0.00852073 0.00839126 0.00836844 0.00839253 0.00825025 0.00900198 0.0142123 0.00872277 0.00839239 0.00875016 0.00830932 0.00856416 0.00862834 0.0160635 0.00852772 0.00862648 0.00853797 0.00861406 0.010154 0.00953794 0.00825637 0.00831683 0.00839994 0.00805443 0.00864904 0.0086917 0.00788255 0.00796881 0.0094214 0.00818826 0.00811452 0.00793625 0.00798312 0.00865663 0.00804267 0.00802299 0.00809374 0.00796299 0.00816661 0.00826227 0.00793424 0.00797986 0.00796545 0.00798567 0.00799629 0.00806654 0.00803454 0.00798849 0.00800295 0.00792527 0.00803936 0.00840557 0.0082737 0.00796884 0.00799208 0.00848803 0.00821553 0.0082376 0.00811763 0.0082085 0.00810857 
0.0189517 0.00933137 0.00736815 0.00694755 0.00741017 0.00705114 0.00679575 0.00829385 0.0401618 0.651613 0 0.00394866 0.00380266 0.00381913 0.00383318 0.00390599 0.00414712 0.0110725 0.022573 0.0144011 0.0114198 0.0311257 0.0255707 0.0237357 0.0161242 0.58125 0.0616941 0.0225293 0.0134118 0.0101614 0.00985714 0.00933051 0.00928424 0.00990145 0.0158262 0.0187785 0.0132268 0.0109692 0.0124435 0.0133248 0.0121139 0.0229732 0.0197662 0.0136824 0.0166339 0.0217725 0.0138643 0.0280067 0.0118762 0.0119619 0.0106919 0.0106553 0.0103123 0.0138225 0.00910248 0.00829962 0.00872662 0.0100687 0.0100096 0.0106386 0.0094228 0.0111643 0.0104284 0.00975321 0.0103857 0.0103196 0.00934374 0.00910037 0.00905345 0.00847193 0.008589 0.00866066 0.00861406 0.00854779 0.0081921 0.00844473 0.00843004 0.00863321 0.0085722 0.00871052 0.00845849 0.0083642 0.00855373 0.00870424 0.00856143 0.00850841 0.00859985 0.00841665 0.00845523 0.00894051 
0.0122326 0.00877996 0.00879661 0.00753155 0.0105213 0.00945956 0.0094421 0.0645538 0.638689 0.0069373 0.00394866 0 0.00377723 0.00381231 0.00378176 0.00390691 0.00444621 0.00526508 0.00959871 0.0159815 0.026051 0.0285142 0.0706421 0.0372363 0.703717 0.0262255 0.0138657 0.011944 0.0309914 0.0101331 0.0147038 0.00965226 0.0120977 0.00981873 0.00965081 0.0130864 0.0340235 0.013828 0.0246302 0.0180921 0.0331305 0.00985474 0.0150112 0.027126 0.0350361 0.0376968 0.040889 0.0135964 0.0108046 0.018167 0.017696 0.0155743 0.0116069 0.00915947 0.00897699 0.0081816 0.00810629 0.0093556 0.0125528 0.0140416 0.0100287 0.00904418 0.00999495 0.0118174 0.0109387 0.0144463 0.010167 0.00886778 0.00850393 0.00865934 0.00898763 0.00885339 0.00870953 0.00824743 0.00827348 0.00874324 0.00871723 0.00894344 0.00840244 0.00828458 0.00804705 0.00834749 0.00882204 0.00883938 0.0085867 0.00876355 0.00884383 0.00861307 0.00846462 0.00840827 
0.00906187 0.00926788 0.00773974 0.00939537 0.0106797 0.011721 0.142756 0.508935 0.00844715 0.00722843 0.00380266 0.00377723 0 0.00375673 0.003767 0.00372053 0.00385662 0.00393311 0.00947194 0.0107491 0.0186571 0.0640007 0.049492 0.81695 0.0286616 0.0303371 0.0119131 0.0117378 0.0104628 0.0272939 0.0108126 0.0199107 0.0101993 0.0105246 0.00907846 0.014077 0.0143627 0.040402 0.020474 0.0990369 0.0220831 0.0121867 0.0125695 0.0281225 0.0378433 0.0844881 0.0368747 0.0173746 0.00884245 0.0165205 0.031346 0.0260783 0.0164738 0.00903053 0.00867357 0.00824583 0.00800482 0.0093786 0.0147008 0.0189307 0.0106069 0.00858849 0.010576 0.0113845 0.0149055 0.0159234 0.0118804 0.0088103 0.00843656 0.00872648 0.00921835 0.00975622 0.00899194 0.00824609 0.00828053 0.00870473 0.00918852 0.00918158 0.0089155 0.00831661 0.00806408 0.00834172 0.00858546 0.00841346 0.00841215 0.00868412 0.00890421 0.00867342 0.00864284 0.00838193 
0.00882476 0.0077 0.0106269 0.00784942 0.0322967 0.234964 0.265021 0.0110283 0.0159911 0.00494448 0.00381913 0.00381231 0.00375673 0 0.00375998 0.00379075 0.00377386 0.00379502 0.00680318 0.00941323 0.0183339 0.0383494 0.790072 0.0485658 0.0495753 0.0137806 0.0145506 0.00880849 0.0186123 0.00927895 0.0237418 0.00928922 0.0130152 0.00867005 0.00983846 0.00956828 0.0207815 0.0142248 0.0691471 0.020102 0.0413137 0.00926952 0.0117753 0.0143551 0.0633419 0.0298446 0.0485699 0.0126813 0.008736 0.0124478 0.0272649 0.0324375 0.0101386 0.00921003 0.00836808 0.0080086 0.00798285 0.00896588 0.0118974 0.0162172 0.0102842 0.00856864 0.00912359 0.0110363 0.0139909 0.0163307 0.0108157 0.00856326 0.0084593 0.00836503 0.00952701 0.00878309 0.00879305 0.00844896 0.00813815 0.00899986 0.00849036 0.00961059 0.00835091 0.00826517 0.00799089 0.00830248 0.00838025 0.00828604 0.00834096 0.00840164 0.00868986 0.00844017 0.00841928 0.00840409 
0.00858056 0.0097396 0.00768611 0.0181835 0.265848 0.158931 0.0133586 0.0165155 0.00655753 0.00521552 0.00383318 0.00378176 0.003767 0.00375998 0 0.00375384 0.00376047 0.00378285 0.00695886 0.00882885 0.0107713 0.782375 0.0339318 0.0374777 0.0107142 0.0229679 0.01124 0.010613 0.00892245 0.0156658 0.00918423 0.0130259 0.0087438 0.00901406 0.0086114 0.0108094 0.0103853 0.0387033 0.0130005 0.0413671 0.0110971 0.0112388 0.00947593 0.0218876 0.0209246 0.0466311 0.0165486 0.0129118 0.00861359 0.011888 0.0182171 0.0143473 0.0120522 0.00896219 0.00825017 0.00812162 0.00793922 0.00872867 0.00978678 0.0128463 0.00943088 0.0083276 0.00881335 0.00947444 0.0111821 0.012896 0.00928943 0.00842479 0.00811401 0.00846433 0.00867168 0.00849981 0.0084145 0.00808783 0.00801543 0.00837979 0.0083616 0.00887944 0.00841513 0.00805518 0.00798854 0.00816626 0.00822453 0.00818281 0.00827659 0.00840089 0.00847614 0.00828356 0.00832253 0.00822958 
0.00948275 0.00813337 0.0800686 0.0903905 0.167301 0.0146419 0.00846084 0.00757914 0.00721842 0.00633477 0.00390599 0.00390691 0.00372053 0.00379075 0.00375384 0 0.00374242 0.00378538 0.00951219 0.00910629 0.823153 0.0291587 0.0287985 0.0210168 0.0278616 0.0106967 0.0157558 0.00856992 0.0195375 0.00884625 0.0156791 0.00865868 0.0109821 0.00850124 0.00928173 0.00925799 0.0318488 0.0115629 0.0301053 0.0114513 0.0329962 0.00921483 0.0135838 0.0126279 0.0468912 0.0177891 0.0232246 0.0108795 0.00913514 0.0119885 0.0160249 0.0205786 0.00926688 0.00910165 0.008397 0.00795798 0.00799857 0.00847308 0.010521 0.0122572 0.00962076 0.00842978 0.00907252 0.00969498 0.0118815 0.0118412 0.00970842 0.00841319 0.00844403 0.00834368 0.00872601 0.00853779 0.00854152 0.00819615 0.00806007 0.00865718 0.00842734 0.00885565 0.00821939 0.00806622 0.00799246 0.00820336 0.00825883 0.00816948 0.00826118 0.00834306 0.00846783 0.00834625 0.00832363 0.00828388 
0.00902697 0.133507 0.12435 0.114149 0.0232139 0.0080016 0.00753466 0.00824386 0.00913604 0.00624349 0.00414712 0.00444621 0.00385662 0.00377386 0.00376047 0.00374242 0 0.00378251 0.00891812 0.863751 0.0319464 0.0289528 0.0173807 0.0308081 0.0127434 0.0581887 0.0121458 0.0130671 0.00917875 0.0125998 0.00874245 0.00976597 0.00858227 0.0100785 0.00837136 0.0361036 0.0105739 0.016356 0.00950947 0.0224671 0.0114254 0.0113189 0.0102087 0.0228922 0.0107512 0.0163826 0.0197388 0.0141355 0.00865506 0.0109922 0.0113287 0.00925774 0.0118431 0.00827688 0.00809392 0.00806348 0.00790312 0.00885772 0.00943426 0.00962371 0.00892426 0.00808544 0.00861253 0.00907668 0.00962821 0.00955466 0.00913493 0.00829367 0.00808945 0.00836044 0.00825808 0.00842747 0.0083897 0.00808617 0.00810036 0.008252 0.00830839 0.00832417 0.00816056 0.00802116 0.00794147 0.00811814 0.00827194 0.00809631 0.00825407 0.00833027 0.00833274 0.0082846 0.00820766 0.00818193 
0.0243506 0.178554 0.138069 0.00853257 0.00823775 0.00795571 0.00859574 0.00968377 0.00724482 0.00727794 0.0110725 0.00526508 0.00393311 0.00379502 0.00378285 0.00378538 0.00378251 0 0.899575 0.0120826 0.0119606 0.0115902 0.0179838 0.0115133 0.0182842 0.0106109 0.0341336 0.0132218 0.012068 0.00840062 0.00897391 0.00837392 0.0086116 0.00835415 0.0102119 0.0154387 0.0104689 0.00926836 0.0113811 0.00878757 0.0114907 0.0101547 0.0245492 0.00940938 0.0103696 0.00956155 0.010956 0.014479 0.0112198 0.00909487 0.00896945 0.0091932 0.00838379 0.00897485 0.00895814 0.00792184 0.0079104 0.0103311 0.00877856 0.00849002 0.00834365 0.00827577 0.0107299 0.00835872 0.00861091 0.00857375 0.00848074 0.0083781 0.00861982 0.00803206 0.0081266 0.00809853 0.00806835 0.00803413 0.00814962 0.00811691 0.0081367 0.00811411 0.00800862 0.00806894 0.00837133 0.00827005 0.0079717 0.00804031 0.00854465 0.00818432 0.0082584 0.00815438 0.00810083 0.00811053 
0.0122561 0.0317521 0.00819119 0.00823512 0.00885465 0.00840912 0.00812188 0.00806728 0.00864014 0.0124667 0.022573 0.00959871 0.00947194 0.00680318 0.00695886 0.00951219 0.00891812 0.899575 0 0.00418921 0.00375154 0.00378448 0.00384483 0.00402693 0.00394139 0.00431349 0.00634198 0.0687198 0.0082668 0.00931416 0.0080384 0.0086511 0.00856567 0.00937867 0.0104385 0.0131961 0.00851311 0.00899522 0.00843655 0.00936339 0.00859173 0.0128767 0.00996749 0.00913679 0.00899324 0.00929352 0.00903152 0.0157819 0.00916594 0.00847911 0.00843621 0.00823851 0.00901017 0.00933229 0.00803176 0.00801475 0.00812723 0.00824046 0.00801835 0.0081888 0.00811704 0.00908335 0.0083228 0.00801924 0.00814161 0.00812537 0.00802331 0.00813558 0.00786135 0.00795164 0.00806884 0.00794452 0.0079331 0.00796258 0.00797181 0.00797064 0.00791476 0.00791167 0.00794304 0.00806873 0.00811915 0.00798099 0.00800248 0.00803851 0.00814501 0.00803525 0.00804431 0.0079975 0.00811497 0.00829961 
0.0100598 0.00881701 0.010581 0.00860888 0.00926514 0.0103572 0.00916222 0.00910286 0.0111471 0.00915481 0.0144011 0.0159815 0.0107491 0.00941323 0.00882885 0.00910629 0.863751 0.0120826 0.00418921 0 0.00375328 0.00378244 0.00378808 0.00379472 0.00383831 0.00395368 0.00456179 0.0098878 0.0153098 0.0084538 0.00965414 0.00886033 0.00896819 0.00946329 0.00890185 0.00966218 0.0117545 0.00906976 0.0112094 0.00980392 0.0125863 0.00952316 0.010882 0.0113446 0.0116502 0.0115269 0.0139296 0.010942 0.00881525 0.00991477 0.0095808 0.00946528 0.0087179 0.00900121 0.00806363 0.00800569 0.00798459 0.00813801 0.00906022 0.00904589 0.00879615 0.00824904 0.00829812 0.00863724 0.0087515 0.00904377 0.00873638 0.00814277 0.00804651 0.00822074 0.00831826 0.00831342 0.00826699 0.00801494 0.00803909 0.00822894 0.00822833 0.00831653 0.00815295 0.00802488 0.00791781 0.00813828 0.00815047 0.00803819 0.00821579 0.00824392 0.0082812 0.00829514 0.00832406 0.00820112 
0.00923129 0.0117912 0.0103484 0.0110616 0.0134916 0.0135851 0.013873 0.0156165 0.00935272 0.00938657 0.0114198 0.026051 0.0186571 0.0183339 0.0107713 0.823153 0.0319464 0.0119606 0.00375154 0.00375328 0 0.00377644 0.0038128 0.00383247 0.0038607 0.00387474 0.00402693 0.0176084 0.0157378 0.0267721 0.0116557 0.0104574 0.0118432 0.00915641 0.00885776 0.0111298 0.0204147 0.0158374 0.0167626 0.0263063 0.0147484 0.00965767 0.0120263 0.0176625 0.0361495 0.0359174 0.0186097 0.0122854 0.00968863 0.0137282 0.0244291 0.0169607 0.0102413 0.00916245 0.00840924 0.00806681 0.00800319 0.00924004 0.0115658 0.0172384 0.00998147 0.00859263 0.00922196 0.0101576 0.0132786 0.0134798 0.0108798 0.00857056 0.00830863 0.00849834 0.00910928 0.00891594 0.00865137 0.00819515 0.0081285 0.00868855 0.00854646 0.00912237 0.00860738 0.00823142 0.00797867 0.00819748 0.00839146 0.00810632 0.00826913 0.00837369 0.0086257 0.00840548 0.00827789 0.00831405 
0.00980999 0.0104613 0.0120091 0.0135104 0.0230873 0.0280247 0.0250208 0.0181985 0.0114147 0.00940103 0.0311257 0.0285142 0.0640007 0.0383494 0.782375 0.0291587 0.0289528 0.0115902 0.00378448 0.00378244 0.00377644 0 0.00386951 0.00387038 0.00382976 0.0037996 0.00428755 0.0178677 0.0232347 0.0200945 0.0277113 0.0177892 0.0146218 0.0112729 0.00999073 0.0149668 0.023926 0.0328228 0.0306088 0.0527792 0.0234829 0.0123715 0.0187218 0.0476665 0.069969 0.0958236 0.0457641 0.0357889 0.0111392 0.031396 0.0558308 0.0464291 0.0147017 0.0101769 0.00898343 0.00832257 0.00810216 0.010442 0.02248 0.0388902 0.0133521 0.00945407 0.0123329 0.0145627 0.02805 0.0288893 0.0162211 0.00922659 0.00888926 0.00933501 0.0105285 0.0110015 0.00957887 0.00885029 0.0084498 0.00943171 0.00995736 0.0108692 0.00880947 0.00849451 0.00800987 0.00844145 0.00873643 0.00933417 0.00850998 0.00881759 0.00895943 0.00906914 0.00862725 0.00843725 
0.0103534 0.0104804 0.0136794 0.0150355 0.0296997 0.0353897 0.0287799 0.0203555 0.0111812 0.00972296 0.0255707 0.0706421 0.049492 0.790072 0.0339318 0.0287985 0.0173807 0.0179838 0.00384483 0.00378808 0.0038128 0.00386951 0 0.00385827 0.00381416 0.00383588 0.0038528 0.0168994 0.0310962 0.0175097 0.0325262 0.0242939 0.0149358 0.0108248 0.00969097 0.0137376 0.0317686 0.0287563 0.0473723 0.0417978 0.0358133 0.0115201 0.0188731 0.0388629 0.103972 0.0889144 0.111484 0.0185886 0.0120038 0.0465321 0.0621405 0.0566599 0.0173798 0.0108477 0.0091847 0.0085369 0.00820631 0.0107218 0.0293846 0.0527974 0.0189226 0.00957195 0.0113305 0.0190012 0.033945 0.0402852 0.0177054 0.00952164 0.00901926 0.00914476 0.0110155 0.0107118 0.00988396 0.00863807 0.0085307 0.00948399 0.00950956 0.0111 0.00893524 0.00853979 0.00805717 0.00837266 0.00888558 0.00848897 0.00860643 0.00894532 0.00910877 0.00903432 0.0086331 0.00846718 
0.00949114 0.0113575 0.0105277 0.01536 0.0281673 0.0244473 0.0243548 0.0226184 0.0111071 0.00942551 0.0237357 0.0372363 0.81695 0.0485658 0.0374777 0.0210168 0.0308081 0.0115133 0.00402693 0.00379472 0.00383247 0.00387038 0.00385827 0 0.00377568 0.00380918 0.00381091 0.0257706 0.0145611 0.0397938 0.0235357 0.0270322 0.0145558 0.0112648 0.00971989 0.0127966 0.0168121 0.0326017 0.0232698 0.0704875 0.0203792 0.0129856 0.0160838 0.0405322 0.0542243 0.201391 0.0435943 0.024093 0.011323 0.0258174 0.0585854 0.0516985 0.0198352 0.010013 0.00918942 0.00832585 0.00814599 0.0106025 0.0211529 0.0445231 0.0151085 0.0093101 0.0122857 0.0148976 0.0259953 0.0320766 0.0179736 0.00928633 0.00869938 0.008948 0.00974846 0.0101777 0.00932086 0.00856652 0.00833115 0.00895324 0.00938785 0.0100575 0.00868816 0.00835794 0.00804674 0.00835698 0.00864484 0.00930785 0.00847526 0.00868564 0.0089175 0.00880463 0.00862724 0.00849924 
0.00981445 0.00887235 0.015922 0.0104831 0.0140892 0.0181791 0.0163843 0.0135055 0.0105838 0.00920222 0.0161242 0.703717 0.0286616 0.0495753 0.0107142 0.0278616 0.0127434 0.0182842 0.00394139 0.00383831 0.0038607 0.00382976 0.00381416 0.00377568 0 0.00376442 0.00381038 0.00936296 0.0530113 0.0104104 0.0440888 0.0102793 0.022205 0.00909622 0.0100219 0.00959732 0.0220871 0.0123234 0.0326132 0.0142551 0.0384591 0.00944581 0.015022 0.0151374 0.156071 0.0321092 0.044513 0.0156619 0.00931299 0.0162529 0.0306221 0.0387869 0.0101364 0.0107653 0.00887381 0.00815982 0.00817177 0.00973253 0.0143292 0.0256648 0.0126786 0.00899709 0.0105645 0.01322 0.0165171 0.0189941 0.0134544 0.00875454 0.00867934 0.00868081 0.00970624 0.00895665 0.00889757 0.00820588 0.00816999 0.00876674 0.00870538 0.00904234 0.00840324 0.0081873 0.00807636 0.00828368 0.0084262 0.00826834 0.00837637 0.00858968 0.00871556 0.00854801 0.00858586 0.00841751 
0.00917482 0.0151192 0.00930335 0.00941275 0.0119358 0.0101001 0.0104316 0.0115002 0.0127489 0.0096689 0.58125 0.0262255 0.0303371 0.0137806 0.0229679 0.0106967 0.0581887 0.0106109 0.00431349 0.00395368 0.00387474 0.0037996 0.00383588 0.00380918 0.00376442 0 0.00387236 0.030313 0.0101712 0.0401882 0.00961503 0.0171722 0.0111665 0.0185082 0.00919365 0.0154602 0.0135108 0.0175737 0.00929786 0.0291401 0.0148293 0.026445 0.0115772 0.0667988 0.0136744 0.0230594 0.0352121 0.02127 0.00942742 0.0139262 0.0170367 0.0105405 0.0210982 0.00884935 0.00849081 0.00828988 0.00801416 0.00942498 0.0112082 0.0127462 0.01053 0.00864635 0.0100965 0.00998199 0.0106069 0.0118645 0.0117287 0.00888234 0.00839144 0.00872672 0.00844707 0.00859259 0.00858014 0.00816407 0.00815421 0.00857211 0.00838983 0.00910918 0.0082431 0.00805969 0.00799142 0.00814925 0.00824598 0.00804006 0.00839024 0.00835094 0.00834463 0.00829945 0.00821529 0.00813117 
0.0175943 0.015158 0.010815 0.00860969 0.00887044 0.0105013 0.010047 0.00913045 0.00903435 0.0305822 0.0616941 0.0138657 0.0119131 0.0145506 0.01124 0.0157558 0.0121458 0.0341336 0.00634198 0.00456179 0.00402693 0.00428755 0.0038528 0.00381091 0.00381038 0.00387236 0 0.0150559 0.0494061 0.00949376 0.0143382 0.00889273 0.0114812 0.0100024 0.0269827 0.0178867 0.0138666 0.00976589 0.0151389 0.00931891 0.0183154 0.0138645 0.0596549 0.0101344 0.0142315 0.0106078 0.0138677 0.0209224 0.0131847 0.0111339 0.00926609 0.0108522 0.00898898 0.0121828 0.0103496 0.00800022 0.00799511 0.0132664 0.00949792 0.00899787 0.00887023 0.0085966 0.0121475 0.00886212 0.00881972 0.00914918 0.00889672 0.00855384 0.00900481 0.00806421 0.0081764 0.00823875 0.00815827 0.00807913 0.00817092 0.00823127 0.00803324 0.00839774 0.00798135 0.0080887 0.00837831 0.00831247 0.00799384 0.00800678 0.0084666 0.00815612 0.00815235 0.00808443 0.00812479 0.00808251 
0.0103564 0.0167242 0.00834173 0.00892896 0.00974042 0.00942225 0.00898016 0.00900862 0.0101074 0.0126648 0.0225293 0.011944 0.0117378 0.00880849 0.010613 0.00856992 0.0130671 0.0132218 0.0687198 0.0098878 0.0176084 0.0178677 0.0168994 0.0257706 0.00936296 0.030313 0.0150559 0 0.00382487 0.00400291 0.00376917 0.00416855 0.0039012 0.00503302 0.00460648 0.00766625 0.00645245 0.00743284 0.00650609 0.00967683 0.00843957 0.776401 0.00919529 0.0113823 0.0090129 0.0127399 0.0102694 0.0268373 0.0117847 0.0109835 0.00957858 0.00862228 0.0159909 0.0109148 0.00869625 0.00903186 0.00869592 0.00917129 0.00853205 0.00868657 0.00858441 0.0106322 0.00960047 0.00826328 0.00880264 0.00878311 0.00830199 0.00903361 0.00783447 0.0081419 0.00797272 0.00821355 0.00797106 0.00833691 0.00810922 0.00794984 0.00808335 0.00801608 0.0080803 0.00829075 0.00843142 0.00788223 0.00809678 0.00815231 0.00801494 0.00812886 0.0080418 0.0080217 0.00813279 0.00849386 
0.0123883 0.00829544 0.0163259 0.008723 0.00891615 0.0103684 0.0110983 0.00877441 0.0091317 0.00944619 0.0134118 0.0309914 0.0104628 0.0186123 0.00892245 0.0195375 0.00917875 0.012068 0.0082668 0.0153098 0.0157378 0.0232347 0.0310962 0.0145611 0.0530113 0.0101712 0.0494061 0.00382487 0 0.00375957 0.00387929 0.00380534 0.00481817 0.00422223 0.00559408 0.00498536 0.00915813 0.0059596 0.0106649 0.00740704 0.813471 0.00948596 0.0104654 0.00924399 0.0165223 0.0100643 0.0218321 0.0107052 0.0108543 0.0112588 0.0104682 0.0150065 0.00887722 0.0137955 0.00978382 0.00827519 0.00864783 0.00842681 0.00950051 0.00984892 0.00944075 0.00881283 0.00835681 0.0102745 0.00925189 0.0095033 0.00913013 0.00839128 0.0088752 0.00815426 0.0090909 0.00838039 0.00864812 0.00807409 0.00800686 0.00848433 0.00822617 0.00874367 0.00823573 0.00821785 0.00795623 0.00841115 0.00814427 0.00803525 0.00853059 0.00820931 0.00864713 0.00822114 0.00843276 0.0082192 
0.00807401 0.0105751 0.00825506 0.00914764 0.0107704 0.0097307 0.00925533 0.0107661 0.00857485 0.00852073 0.0101614 0.0101331 0.0272939 0.00927895 0.0156658 0.00884625 0.0125998 0.00840062 0.00931416 0.0084538 0.0267721 0.0200945 0.0175097 0.0397938 0.0104104 0.0401882 0.00949376 0.00400291 0.00375957 0 0.0037484 0.00389122 0.00383803 0.00443713 0.00385959 0.00665633 0.00534692 0.00971415 0.00637127 0.794989 0.0103142 0.0207167 0.00815964 0.0105191 0.00861953 0.0180956 0.00913932 0.0108586 0.00890703 0.00936431 0.0137353 0.00914205 0.0143114 0.00835487 0.00835051 0.00816209 0.0079292 0.00833652 0.009009 0.0110231 0.00836744 0.00814432 0.00851465 0.00840542 0.00907363 0.0117744 0.00869189 0.00810942 0.00792537 0.00841442 0.0081887 0.00842424 0.00818337 0.00796406 0.00797586 0.00806581 0.00826572 0.00826204 0.00805172 0.00795249 0.00791344 0.0080312 0.00811168 0.00796229 0.00796324 0.00811297 0.00811904 0.00808578 0.00803489 0.00804606 
0.00854543 0.00821058 0.00999074 0.00847701 0.00890502 0.0099832 0.0118231 0.00866668 0.00862252 0.00839126 0.00985714 0.0147038 0.0108126 0.0237418 0.00918423 0.0156791 0.00874245 0.00897391 0.0080384 0.00965414 0.0116557 0.0277113 0.0325262 0.0235357 0.0440888 0.00961503 0.0143382 0.00376917 0.00387929 0.0037484 0 0.00379609 0.00390577 0.00384105 0.00380402 0.00417978 0.00897733 0.00522944 0.768509 0.0253731 0.0198024 0.00612038 0.00820416 0.00832118 0.0150684 0.00880374 0.0129547 0.00907226 0.00895551 0.00972297 0.0100056 0.0151844 0.00857543 0.00950475 0.00901346 0.00805292 0.00817968 0.00837585 0.00918428 0.010751 0.00869364 0.0082611 0.00820229 0.00901312 0.0107155 0.00994623 0.00919579 0.00818785 0.00837666 0.00824914 0.00875988 0.00837423 0.00836091 0.00802221 0.00807232 0.00838467 0.00819768 0.00840544 0.00815472 0.00803375 0.0079175 0.00810751 0.0082049 0.00801051 0.00822111 0.00814921 0.00836204 0.0081849 0.0082236 0.00809939 
0.0080235 0.009384 0.00827527 0.00909785 0.00992488 0.00974652 0.00895952 0.00935845 0.00834518 0.00836844 0.00933051 0.00965226 0.0199107 0.00928922 0.0130259 0.00865868 0.00976597 0.00837392 0.0086511 0.00886033 0.0104574 0.0177892 0.0242939 0.0270322 0.0102793 0.0171722 0.00889273 0.00416855 0.00380534 0.00389122 0.00379609 0 0.00377448 0.00380308 0.00387849 0.00441009 0.00484481 0.202717 0.049255 0.0212052 0.00566011 0.00626285 0.00737195 0.00894585 0.00826428 0.0133387 0.00859128 0.00895173 0.00884516 0.00918513 0.0118159 0.00888227 0.0106606 0.00826709 0.00849341 0.00797715 0.0078692 0.00815705 0.00884829 0.00982298 0.0083932 0.00804974 0.00854651 0.0083499 0.00909616 0.0110649 0.00857662 0.0081161 0.00791954 0.00832287 0.00814299 0.00833215 0.00811084 0.00792543 0.00796981 0.00809003 0.00823588 0.00807323 0.00802165 0.00796891 0.00793929 0.00795638 0.00807303 0.00792867 0.00798459 0.00804658 0.00811688 0.00806706 0.00807472 0.00800692 
0.00825984 0.00825131 0.00893085 0.00830914 0.00869774 0.00894998 0.00936605 0.0084086 0.00839819 0.00839253 0.00928424 0.0120977 0.0101993 0.0130152 0.0087438 0.0109821 0.00858227 0.0086116 0.00856567 0.00896819 0.0118432 0.0146218 0.0149358 0.0145558 0.022205 0.0111665 0.0114812 0.0039012 0.00481817 0.00383803 0.00390577 0.00377448 0 0.0037534 0.00378317 0.004078 0.075183 0.429803 0.0136472 0.00503082 0.00761246 0.00556741 0.00785018 0.00806516 0.0113606 0.0087035 0.00983168 0.00864526 0.0086313 0.00909597 0.00962707 0.0103252 0.00856435 0.00885215 0.00837245 0.00788678 0.00807248 0.00808145 0.0085729 0.00939119 0.00830855 0.00813286 0.0080611 0.00836452 0.00899593 0.00874926 0.0085407 0.00812205 0.0080927 0.00853155 0.00821056 0.0082122 0.00812014 0.00799263 0.00793423 0.00819298 0.00809478 0.00809142 0.00804014 0.00794276 0.00789986 0.00801794 0.00810337 0.00830397 0.0080973 0.00805412 0.00814427 0.00810109 0.00805773 0.00800819 
0.00822499 0.0100263 0.00841974 0.00817961 0.00833576 0.00842687 0.00837099 0.00834039 0.00827856 0.00825025 0.00990145 0.00981873 0.0105246 0.00867005 0.00901406 0.00850124 0.0100785 0.00835415 0.00937867 0.00946329 0.00915641 0.0112729 0.0108248 0.0112648 0.00909622 0.0185082 0.0100024 0.00503302 0.00422223 0.00443713 0.00384105 0.00380308 0.0037534 0 0.00388358 0.0110102 0.657802 0.00637612 0.00437069 0.0124088 0.00495253 0.00523242 0.00762267 0.0107528 0.00797196 0.00886235 0.00921786 0.00934575 0.00893354 0.0105068 0.00904898 0.00847902 0.00959097 0.0081898 0.00823362 0.0081972 0.00790043 0.00899594 0.00871568 0.00831985 0.00810927 0.00799447 0.00863095 0.00828165 0.00811121 0.00839744 0.00823116 0.0080127 0.00791304 0.00809032 0.00801202 0.00804961 0.0080791 0.00795842 0.00789127 0.00797218 0.00804911 0.00800205 0.00795088 0.00796088 0.00788925 0.00791945 0.0079683 0.00795247 0.00796288 0.00796857 0.00802749 0.0079878 0.00799052 0.00793067 
0.0104584 0.00983336 0.00870975 0.00804198 0.00810973 0.00820775 0.0084834 0.00817118 0.00812637 0.00900198 0.0158262 0.00965081 0.00907846 0.00983846 0.0086114 0.00928173 0.00837136 0.0102119 0.0104385 0.00890185 0.00885776 0.00999073 0.00969097 0.00971989 0.0100219 0.00919365 0.0269827 0.00460648 0.00559408 0.00385959 0.00380402 0.00387849 0.00378317 0.00388358 0 0.862559 0.00634882 0.00401056 0.0042025 0.00394558 0.00456374 0.00827802 0.013491 0.0074386 0.00836916 0.00826135 0.00885813 0.0107999 0.0111618 0.00905696 0.00884568 0.00925477 0.00835438 0.010344 0.00986212 0.0078857 0.00802986 0.0106365 0.00842481 0.00832141 0.00811407 0.00822586 0.00958861 0.00818097 0.00827802 0.00827262 0.00812095 0.00815031 0.00886402 0.00791154 0.00806698 0.00795405 0.00793641 0.00800693 0.00795773 0.00806618 0.0079672 0.00835978 0.00786507 0.0079914 0.0081372 0.00820438 0.00791153 0.00791126 0.00822341 0.00796146 0.00796487 0.0078947 0.00795016 0.00797574 
0.0102398 0.0122091 0.00835203 0.0086148 0.00912721 0.00898854 0.00895406 0.00915921 0.00948879 0.0142123 0.0187785 0.0130864 0.014077 0.00956828 0.0108094 0.00925799 0.0361036 0.0154387 0.0131961 0.00966218 0.0111298 0.0149668 0.0137376 0.0127966 0.00959732 0.0154602 0.0178867 0.00766625 0.00498536 0.00665633 0.00417978 0.00441009 0.004078 0.0110102 0.862559 0 0.00383867 0.00382887 0.00384285 0.003963 0.00387415 0.00641929 0.00705181 0.00979882 0.00958834 0.0124825 0.0101742 0.0584645 0.0132261 0.0109741 0.0108537 0.00893129 0.0147375 0.0126473 0.00883448 0.00906251 0.00934489 0.00934555 0.00948766 0.00988821 0.0092674 0.014015 0.0103157 0.00898746 0.00979338 0.0100713 0.0101008 0.0104003 0.00792276 0.00841137 0.00825782 0.00873264 0.00810321 0.00966979 0.00825839 0.00808617 0.0082696 0.00818539 0.00825236 0.0087717 0.00858343 0.00809661 0.00819001 0.00873705 0.00845988 0.00813234 0.00820843 0.00807 0.00807533 0.00849973 
0.00844417 0.00816066 0.0102167 0.00883312 0.00915088 0.00989073 0.0137822 0.0089973 0.0104327 0.00872277 0.0132268 0.0340235 0.0143627 0.0207815 0.0103853 0.0318488 0.0105739 0.0104689 0.00851311 0.0117545 0.0204147 0.023926 0.0317686 0.0168121 0.0220871 0.0135108 0.0138666 0.00645245 0.00915813 0.00534692 0.00897733 0.00484481 0.075183 0.657802 0.00634882 0.00383867 0 0.00374719 0.0037617 0.00379565 0.00388994 0.00368721 0.00749933 0.00862169 0.0101843 0.0114948 0.0471015 0.0192882 0.0110048 0.0148996 0.011402 0.0163072 0.00995035 0.0160083 0.00878993 0.0083567 0.00821042 0.00871915 0.0119354 0.012417 0.0110648 0.00896422 0.0089575 0.0116342 0.0103957 0.0134925 0.0115376 0.00859078 0.00843231 0.00831577 0.00886885 0.00852606 0.00867858 0.00815588 0.00802326 0.00866849 0.0084315 0.0086004 0.00834601 0.00805884 0.00790181 0.00813288 0.00833343 0.00820229 0.00829115 0.00839739 0.00844225 0.00831486 0.00837041 0.00811723 
0.00797918 0.00863355 0.00843191 0.00906475 0.0107428 0.0122082 0.00973283 0.0117143 0.00861305 0.00839239 0.0109692 0.013828 0.040402 0.0142248 0.0387033 0.0115629 0.016356 0.00926836 0.00899522 0.00906976 0.0158374 0.0328228 0.0287563 0.0326017 0.0123234 0.0175737 0.00976589 0.00743284 0.0059596 0.00971415 0.00522944 0.202717 0.429803 0.00637612 0.00401056 0.00382887 0.00374719 0 0.00376312 0.00375926 0.00377425 0.00381038 0.00648086 0.00809268 0.007867 0.0201714 0.0162012 0.0132299 0.00967348 0.011079 0.0189536 0.00986481 0.0230546 0.00884993 0.00841262 0.00808244 0.0080213 0.00860021 0.0107034 0.019469 0.00940393 0.00925567 0.00860668 0.00913883 0.0159446 0.0157679 0.0119488 0.00851268 0.00796551 0.00848916 0.00872608 0.00903963 0.00841635 0.00830064 0.00827431 0.00835638 0.00866687 0.00851792 0.00827948 0.00797356 0.00814964 0.008067 0.00819598 0.00796287 0.00806817 0.00821552 0.00824182 0.00820277 0.00807247 0.00801347 
0.00833061 0.00827134 0.0111274 0.00897603 0.0116896 0.0121919 0.01301 0.00957919 0.00903509 0.00875016 0.0124435 0.0246302 0.020474 0.0691471 0.0130005 0.0301053 0.00950947 0.0113811 0.00843655 0.0112094 0.0167626 0.0306088 0.0473723 0.0232698 0.0326132 0.00929786 0.0151389 0.00650609 0.0106649 0.00637127 0.768509 0.049255 0.0136472 0.00437069 0.0042025 0.00384285 0.0037617 0.00376312 0 0.00381879 0.0038038 0.00377232 0.00695246 0.0106996 0.0268181 0.0121836 0.0163058 0.00970302 0.0101032 0.013601 0.0125264 0.02636 0.00880089 0.0170043 0.00915496 0.00822395 0.00859277 0.00907838 0.0152358 0.0174051 0.0115452 0.00923678 0.00879099 0.013198 0.0205436 0.0287488 0.01251 0.0091542 0.00881276 0.00865395 0.0102192 0.0088749 0.00892321 0.00818095 0.00824264 0.00892881 0.00859319 0.00938176 0.00834578 0.00816158 0.00791218 0.00822209 0.00824754 0.00809469 0.00817637 0.00824467 0.00860724 0.00825171 0.00828091 0.00807852 
0.00797716 0.00956278 0.00844858 0.0102694 0.0149101 0.0122598 0.0105428 0.0146952 0.00903141 0.00830932 0.0133248 0.0180921 0.0990369 0.020102 0.0413671 0.0114513 0.0224671 0.00878757 0.00936339 0.00980392 0.0263063 0.0527792 0.0417978 0.0704875 0.0142551 0.0291401 0.00931891 0.00967683 0.00740704 0.794989 0.0253731 0.0212052 0.00503082 0.0124088 0.00394558 0.003963 0.00379565 0.00375926 0.00381879 0 0.00374572 0.00376316 0.00588606 0.0209807 0.0197482 0.0239302 0.012823 0.00974374 0.00971756 0.0125031 0.0270033 0.0112063 0.0241641 0.00872657 0.00859183 0.00858081 0.00805174 0.00960243 0.0146061 0.0379816 0.0113851 0.00866212 0.0101565 0.0114962 0.024824 0.0281703 0.0148276 0.00856959 0.0081345 0.0102559 0.00887426 0.010749 0.0087205 0.00816851 0.00831944 0.00849819 0.0104323 0.00875078 0.00878338 0.00809195 0.00797401 0.00815344 0.00832562 0.00813501 0.00813264 0.00841378 0.00832383 0.00834912 0.0081245 0.00806597 
