1UA4A
PTWEELYKNAIEKAIKSVPKVKGVLLGYNTNIDAIKYLDSKDLEERIIKAGKEEVIKYSEELPDKINTVSQLLGSILWSIRRGKAAELFVESCPVRFYMKRWGWNELRMGGQAGIMANLLGGVYGVPVIVHVPQLSRLQANLFLDGPIYVPTLENGEVKLIHPKEFSGDEENCIHYIYEFPRGFRVFEFEAPRENRFIGSADDYNTTLFIREEFRESFSEVIKNVQLAILSGLQALTKENYKEPFEIVKSNLEVLNEREIPVHLEFAFTPDEKVREEILNVLGMFYSVGLNEVELASIMEILGEKKLAKELLAHDPVDPIAVTEAMLKLAKKTGVKRIHFHTYGYYLALTEYKGEHVRDALLFAALAAAAKAMKGNITSLEEIREATSVPVNEKATQVEEKLRAEYGIKEGIGEVEGYQIAFIPTKIVAKPKSTVGIGDTISSSAFIGEFSFTL
CCHHHHHHHHHHHHHHHHHHCCCEEEECCCEEEEEEECCHHHHHHHHHHHCHHHHHHHHHCCCCCECCHHHHHHHHHHHHHHCCCEEEEECCHHHHHHHHHHCCCEEEEECHHHHHHHHHCCCCCCCEEECCCCCCHHHHCCCCCCCEEEEEEECCEEEEECHHHCCCCCCCCEEEEEEECCCCEECCEECCCCEEEEEECCCCHHHCCCCHHHCCCHHHHHHHCCEEEECCHHHCCCCCCHHHHHHHHHHHHHHHHCCCCEEEECCCCCCHHHHHHHHHHHHHCCEEEECHHHHHHHHHHCCCHHHHHHCCCCCCCCHHHHHHHHHHHHHHHCCCEEEEECCCEEEEEECCCCHHHHHHHHHHHHHHHHHHHHCCCCCHHHHHHHHHCCECCCHHHHHHHHHHHHCCECCEEEECCEEEEEEECECCCCCCCCCCHHHHHHHHHHHHHHHCCC
0 0 0 0 0 0 0 0 0 0 0 0 0 0 0 0 0 0 0 0 0 0 0 0 0 0 0 0 0 0 0 0 0 0 0 0 0 0 0 0 0 0 0 0 0 0 0 0 0 0 0 0 0 0 0 0 0 0 0 0 0 0 0 0 0 0 0 0 0 0 0 0 0 0 0 0 0 0 0 0 0 0 0 0 0 0 0 0 0 0 0 0 0 0 0 0 0 0 0 0 0 0 0 0 0 0 0 0 0 0 0 0 0 0 0 0 0 0 0 0 0 0 0 0 0 0 0 0 0 0 0 0 0 0 0 0 0 0 0 0 0 0 0 0 0 0 0 0 0 0 0 0 0 0 0 0 0 0 0 0 0 0 0 0 0 0 0 0 0 0 0 0 0 0 0 0 0 0 0 0 0 0 0 0 0 0 0 0 0 0 0 0 0 0 0 0 0 0 0 0 0 0 0 0 0 0 0 0 0 0 0 0 0 0 0 0 0 0 0 0 0 0 0 0 0 0 0 0 0 0 0 0 0 0 0 0 0 0 0 0 0 0 0 0 0 0 0 0 0 0 0 0 0 0 0 0 0 0 0 0 0 0 0 0 0 0 0 0 0 0 0 0 0 0 0 0 0 0 0 0 0 0 0 0 0 0 0 0 0 0 0 0 0 0 0 0 0 0 0 0 0 0 0 0 0 0 0 0 0 0 0 0 0 0 0 0 0 0 0 0 0 0 0 0 0 0 0 0 0 0 0 0 0 0 0 0 0 0 0 0 0 0 0 0 0 0 0 0 0 0 0 0 0 0 0 0 0 0 0 0 0 0 0 0 0 0 0 0 0 0 0 0 0 0 0 0 0 0 0 0 0 0 0 0 0 0 0 0 0 0 0 0 0 0 0 0 0 0 0 0 0 0 0 0 0 0 0 0 0 0 0 0 0 0 0 0 0 0 0 0 0 0 0 0 0 0 0 0 0 0 0 0 0 0 0 0 0 0 0 0 0 0 0 0 0 0 0 0 0 0 0 0 0 0 
0 0 0 0 0 0 0 0 0 0 0 0 0 0 0 0 0 0 0 0 0 0 0 0 0 0 0 0 0 0 0 0 0 0 0 0 0 0 0 0 0 0 0 0 0 0 0 0 0 0 0 0 0 0 0 0 0 0 0 0 0 0 0 0 0 0 0 0 0 0 0 0 0 0 0 0 0 0 0 0 0 0 0 0 0 0 0 0 0 0 0 0 0 0 0 0 0 0 0 0 0 0 0 0 0 0 0 0 0 0 0 0 0 0 0 0 0 0 0 0 0 0 0 0 0 0 0 0 0 0 0 0 0 0 0 0 0 0 0 0 0 0 0 0 0 0 0 0 0 0 0 0 0 0 0 0 0 0 0 0 0 0 0 0 0 0 0 0 0 0 0 0 0 0 0 0 0 0 0 0 0 0 0 0 0 0 0 0 0 0 0 0 0 0 0 0 0 0 0 0 0 0 0 0 0 0 0 0 0 0 0 0 0 0 0 0 0 0 0 0 0 0 0 0 0 0 0 0 0 0 0 0 0 0 0 0 0 0 0 0 0 0 0 0 0 0 0 0 0 0 0 0 0 0 0 0 0 0 0 0 0 0 0 0 0 0 0 0 0 0 0 0 0 0 0 0 0 0 0 0 0 0 0 0 0 0 0 0 0 0 0 0 0 0 0 0 0 0 0 0 0 0 0 0 0 0 0 0 0 0 0 0 0 0 0 0 0 0 0 0 0 0 0 0 0 0 0 0 0 0 0 0 0 0 0 0 0 0 0 0 0 0 0 0 0 0 0 0 0 0 0 0 0 0 0 0 0 0 0 0 0 0 0 0 0 0 0 0 0 0 0 0 0 0 0 0 0 0 0 0 0 0 0 0 0 0 0 0 0 0 0 0 0 0 0 0 0 0 0 0 0 0 0 0 0 0 0 0 0 0 0 0 0 0 0 0 0 0 0 0 0 0 0 0 0 0 0 0 0 0 0 0 0 0 0 0 0 0 0 0 0 0 0 0 0 0 0 0 0 0 0 0 0 0 
0 0.00398898 0.00391047 0.00479096 0.00908252 0.00972 0.0163283 0.0243191 0.0201812 0.0161542 0.0425818 0.0267452 0.0198239 0.0129925 0.0124852 0.0123138 0.0196881 0.00900941 0.00860086 0.00849182 0.00959645 0.0129218 0.0142677 0.00933392 0.0137159 0.00927718 0.00839923 0.00861626 0.00845393 0.0083397 0.0084249 0.0098292 0.00834202 0.00808931 0.00824268 0.00857318 0.00994563 0.00864953 0.00835405 0.00896711 0.00852094 0.00867827 0.00848476 0.00906595 0.00819525 0.00849168 0.00840761 0.00893252 0.00837542 0.00821186 0.00838089 0.00869439 0.0087071 0.00933867 0.00884588 0.00861813 0.00874428 0.0092742 0.00836676 0.00830459 0.00843775 0.00865103 0.00850156 0.00832362 0.00832 0.00898297 0.00866289 0.00861886 0.00864224 0.00863155 0.00901534 0.00869201 0.008743 0.00883994 0.00902248 0.00928816 0.00953269 0.0104121 0.011582 0.00990672 0.00974585 0.0111303 0.012852 0.0105191 0.00982311 0.0106694 0.0104832 0.0116381 0.0103113 0.0106619 0.0141975 
0.00398898 0 0.00385021 0.00381121 0.00638198 0.0192428 0.0221593 0.0273172 0.0111822 0.0321592 0.012116 0.0118904 0.0158054 0.0351055 0.0324996 0.021062 0.0112374 0.00846632 0.00984626 0.0122957 0.0126733 0.00987898 0.0111539 0.013503 0.0108791 0.00856217 0.00971195 0.00963821 0.00895177 0.00895628 0.00853973 0.0082622 0.00800803 0.00831199 0.00877783 0.00875763 0.0083688 0.0083541 0.00935804 0.0105544 0.0100923 0.0096809 0.00912614 0.00836516 0.00801932 0.00817767 0.00815643 0.0082252 0.00799847 0.00871775 0.0094426 0.00920343 0.00883199 0.0083249 0.00838379 0.00886907 0.00895006 0.00871069 0.0082617 0.0085696 0.00860608 0.0084442 0.00821082 0.00853161 0.0085425 0.00865508 0.00853123 0.00886232 0.00890333 0.00908903 0.00861037 0.0087239 0.00928672 0.00917479 0.00927466 0.00914372 0.00881719 0.00911894 0.00948883 0.00917283 0.0097065 0.00983954 0.0110671 0.00939028 0.00956379 0.0106953 0.0103369 0.0115911 0.00985682 0.00973052 0.0111396 
0.00391047 0.00385021 0 0.00389008 0.0141709 0.0149612 0.013883 0.0115686 0.0194737 0.0121949 0.0114126 0.0119285 0.012637 0.0257584 0.0243937 0.0219622 0.0126073 0.00848491 0.0089264 0.0106279 0.0182232 0.0109546 0.0109285 0.0134337 0.0126454 0.00893441 0.00909982 0.00965592 0.00874962 0.00875362 0.0082533 0.00816584 0.00805988 0.00846096 0.00852398 0.00869587 0.00825441 0.00838622 0.00886421 0.010215 0.0092167 0.00973491 0.00866548 0.00817215 0.0080091 0.00807513 0.00813809 0.00805545 0.00805049 0.00854121 0.00917708 0.00915975 0.00897388 0.00829639 0.00844341 0.00859337 0.00894683 0.00824451 0.00825414 0.0084437 0.00865924 0.00821352 0.00824798 0.00835812 0.00846451 0.00840546 0.00845007 0.00869464 0.0088024 0.00887623 0.00839637 0.00859441 0.00906614 0.00898469 0.0090147 0.00903994 0.00853609 0.00909585 0.0093709 0.00941916 0.00963077 0.00949207 0.0105669 0.00959102 0.00987868 0.010363 0.010528 0.01102 0.00986479 0.00939153 0.01041 
0.00479096 0.00381121 0.00389008 0 0.0292419 0.0098418 0.00476834 0.0102536 0.00712412 0.00867995 0.0125178 0.0180123 0.0237361 0.011368 0.0105517 0.01071 0.0178159 0.00988014 0.00885839 0.00889634 0.00968566 0.0141451 0.0132639 0.00916914 0.0134857 0.0111823 0.00848094 0.00849624 0.00846595 0.00845694 0.00811176 0.00817656 0.00865402 0.00821621 0.0081654 0.00817155 0.00865585 0.00909015 0.00855732 0.00874819 0.00863882 0.00853345 0.00825902 0.0082792 0.00820063 0.00811014 0.00838326 0.00816309 0.00851174 0.00814141 0.00845018 0.00860417 0.0084009 0.00859182 0.0087813 0.00844883 0.0086819 0.00867462 0.0084631 0.00824136 0.00822132 0.00831925 0.00841308 0.00823606 0.00827766 0.00844216 0.00853339 0.00851 0.00837234 0.00845491 0.00834459 0.00867683 0.00875332 0.00853527 0.00863304 0.00861466 0.00855436 0.00973946 0.0108748 0.0103103 0.0097712 0.00943444 0.010855 0.0103388 0.009697 0.00977243 0.00974542 0.010176 0.00933229 0.00933679 0.0115904 
0.00908252 0.00638198 0.0141709 0.0292419 0 0.00379906 0.00378629 0.00381126 0.00386811 0.00401468 0.00709824 0.0246098 0.0199214 0.0132814 0.00991365 0.0119959 0.0151841 0.00943935 0.00842757 0.00862962 0.00895995 0.0133568 0.0117643 0.0091786 0.0130591 0.00838245 0.00837609 0.00826201 0.00822138 0.00830885 0.0079943 0.00905592 0.00820965 0.0080288 0.00816018 0.00812497 0.00939744 0.0084182 0.008371 0.0084827 0.00828889 0.00850572 0.00827952 0.00847206 0.00821346 0.00807314 0.00803663 0.00871147 0.00821948 0.00813435 0.00824516 0.00824556 0.00838694 0.00862385 0.0085796 0.00828552 0.00831522 0.00831493 0.00821416 0.00810396 0.00821869 0.00828003 0.0081495 0.00815339 0.00814668 0.00847418 0.00839816 0.00834087 0.00829033 0.00826777 0.00830763 0.00838704 0.00837649 0.00836811 0.00839263 0.00842699 0.00867769 0.00937832 0.0106784 0.00920028 0.00890966 0.00971009 0.0110032 0.00931246 0.00914995 0.00935196 0.00917696 0.00985142 0.00933404 0.00954767 0.0120237 
0.00972 0.0192428 0.0149612 0.0098418 0.00379906 0 0.0037727 0.00378248 0.00381246 0.00382141 0.00416781 0.0207519 0.0185977 0.0195687 0.026649 0.0114538 0.011418 0.00837547 0.0104356 0.00941002 0.0145978 0.0102264 0.0116748 0.0109279 0.010243 0.00862021 0.00866999 0.00967737 0.00869377 0.00867708 0.00843184 0.00808561 0.00794566 0.00840211 0.00830521 0.0085619 0.00826195 0.008415 0.00893048 0.00990456 0.0093524 0.00958954 0.00849918 0.00821352 0.00789362 0.00804353 0.00831596 0.00793409 0.00803885 0.00840001 0.0089571 0.00902797 0.00857503 0.00809526 0.00834477 0.00861601 0.00858477 0.0081663 0.00827549 0.00833381 0.00839774 0.00815484 0.00822073 0.00831988 0.00828534 0.00831117 0.00836412 0.00852669 0.00858181 0.00865216 0.00829413 0.00843309 0.0087111 0.00873568 0.00886427 0.00879643 0.00843113 0.00886281 0.00900154 0.00868542 0.00938536 0.0089596 0.0104811 0.0091953 0.00922014 0.00978908 0.00949957 0.0103896 0.00935362 0.00904838 0.0099631 
0.0163283 0.0221593 0.013883 0.00476834 0.00378629 0.0037727 0 0.00375944 0.00377513 0.00378944 0.00383477 0.0105491 0.0193457 0.0352705 0.0314482 0.0194335 0.0101682 0.00855861 0.00880907 0.0263779 0.0105643 0.0104067 0.0108618 0.0105685 0.0110279 0.00835896 0.0114856 0.0102097 0.00978101 0.00994774 0.0083296 0.00810684 0.00800071 0.00818628 0.00924934 0.00858103 0.00828946 0.00830841 0.0101695 0.0112706 0.0113219 0.0103394 0.00940301 0.00825763 0.00799917 0.00805869 0.00805425 0.0080371 0.00801782 0.00870754 0.0100143 0.0103332 0.00885549 0.00821662 0.00846571 0.00891062 0.00879725 0.00857802 0.00829597 0.00854466 0.00863511 0.00820226 0.00815342 0.00836048 0.00835222 0.00830178 0.00835128 0.0085541 0.00865922 0.00882131 0.0082909 0.00836228 0.00873021 0.00874522 0.00876802 0.0087159 0.00840699 0.00849827 0.0087322 0.00877809 0.0090107 0.0092705 0.00969254 0.00886474 0.00935049 0.00987482 0.0101498 0.0109331 0.00957821 0.00917099 0.00959224 
0.0243191 0.0273172 0.0115686 0.0102536 0.00381126 0.00378248 0.00375944 0 0.00376063 0.00377727 0.0037955 0.0128301 0.0205554 0.0448204 0.0629411 0.0194333 0.0116374 0.00850529 0.0138904 0.0166124 0.0191896 0.0106596 0.0125249 0.012328 0.0118374 0.0094232 0.0110006 0.0147671 0.011304 0.0115489 0.00860934 0.00814604 0.00801687 0.00871981 0.0093879 0.00916304 0.00844321 0.00919278 0.0107284 0.0160943 0.0140412 0.0124464 0.00942565 0.00829959 0.00810849 0.00815025 0.00828185 0.00817956 0.00866381 0.0092343 0.0115331 0.0117953 0.00927643 0.00842419 0.00894098 0.00904068 0.0089853 0.00864705 0.00851189 0.00857013 0.00873242 0.00833662 0.00825209 0.00842191 0.00839791 0.00845724 0.00848981 0.00865235 0.00881632 0.00893471 0.00836871 0.00852927 0.00879796 0.00883683 0.00890783 0.00876141 0.00849174 0.00858606 0.00879742 0.00887374 0.00929629 0.00918105 0.0103922 0.0092612 0.00961797 0.0105118 0.0104154 0.0113646 0.00992298 0.00957435 0.0098552 
0.0201812 0.0111822 0.0194737 0.00712412 0.00386811 0.00381246 0.00377513 0.00376063 0 0.00376635 0.00378116 0.0123928 0.0166092 0.0364889 0.0564515 0.0149288 0.0104355 0.00871998 0.0093948 0.0205676 0.0116506 0.0106952 0.0111434 0.0113715 0.0113567 0.00870937 0.0100892 0.0107704 0.0105583 0.00983648 0.00838587 0.00816416 0.00811247 0.00824942 0.0089228 0.00880473 0.00855276 0.0084997 0.0096896 0.0122298 0.0113936 0.0106489 0.00887853 0.00821147 0.00798704 0.0080981 0.00812721 0.00806695 0.00805121 0.00876763 0.0101999 0.00990676 0.00889978 0.0082737 0.0084677 0.00890582 0.00880286 0.00839223 0.00833354 0.00859132 0.00863302 0.008181 0.00818859 0.00835143 0.00835126 0.00828477 0.00845984 0.00857938 0.00868145 0.00865045 0.00833423 0.00840558 0.00872679 0.00873691 0.00877682 0.00871661 0.00844482 0.00872583 0.00900689 0.00891543 0.00927476 0.00923716 0.0110945 0.00932889 0.00964002 0.010273 0.0102462 0.0110851 0.00985431 0.00955331 0.0102192 
0.0161542 0.0321592 0.0121949 0.00867995 0.00401468 0.00382141 0.00378944 0.00377727 0.00376635 0 0.0038044 0.0150151 0.0142655 0.0327674 0.0246431 0.0200066 0.0112505 0.00859123 0.0110231 0.00988256 0.0149453 0.010804 0.0109896 0.0132871 0.0109528 0.00944214 0.00892711 0.0101298 0.00867749 0.00865304 0.00821452 0.00802175 0.00818481 0.00853639 0.00841544 0.00845497 0.00835794 0.00840263 0.0091746 0.00971181 0.00919025 0.00914415 0.00845067 0.00813445 0.007957 0.00818929 0.00838592 0.00805161 0.00833493 0.00834372 0.00894068 0.00883556 0.00850025 0.00812806 0.00847283 0.00847306 0.00857761 0.00814606 0.00816998 0.0082447 0.00840102 0.00809185 0.00817591 0.00819464 0.00835247 0.00824848 0.00840084 0.00852567 0.0086116 0.00859335 0.00825846 0.00848833 0.00873472 0.00868202 0.00876788 0.00878787 0.00838166 0.00875842 0.00899196 0.00905886 0.00933589 0.00905111 0.0104654 0.00950994 0.00948075 0.00975362 0.00965495 0.0100976 0.00938025 0.00897526 0.00992798 
0.0425818 0.012116 0.0114126 0.0125178 0.00709824 0.00416781 0.00383477 0.0037955 0.00378116 0.0038044 0 0.0370828 0.0242533 0.0133969 0.0126148 0.0202086 0.01722 0.0117363 0.00874543 0.0090555 0.00943931 0.0112655 0.0148662 0.00918201 0.0117685 0.0121846 0.00923748 0.00826955 0.00824701 0.00847509 0.00801548 0.00818778 0.0102709 0.00853988 0.0085893 0.00824782 0.00819431 0.00937692 0.00851108 0.00870984 0.0084552 0.00841576 0.00841054 0.00809256 0.00882138 0.00807249 0.00838313 0.00850367 0.00871726 0.00824408 0.0082786 0.00840659 0.00816924 0.00842668 0.00868972 0.00837198 0.00835783 0.00826204 0.00831461 0.00817286 0.00811922 0.008116 0.00842374 0.00817645 0.00811175 0.00821869 0.00875784 0.00836538 0.00839082 0.00831724 0.00819429 0.00883513 0.00855365 0.00841069 0.00853054 0.00838101 0.00837805 0.0099019 0.0116582 0.0108636 0.00914501 0.0102662 0.00982627 0.0102253 0.00991719 0.00921635 0.00951149 0.00957534 0.00909052 0.00911435 0.0116685 
0.0267452 0.0118904 0.0119285 0.0180123 0.0246098 0.0207519 0.0105491 0.0128301 0.0123928 0.0150151 0.0370828 0 0.0310084 0.0109674 0.011994 0.0121921 0.110839 0.0134938 0.00998507 0.0083825 0.00907339 0.0151381 0.027557 0.0109346 0.0155645 0.0175071 0.00837014 0.00824665 0.00814597 0.00835304 0.00848719 0.0100843 0.0101066 0.00952403 0.00814492 0.00834484 0.0114858 0.0109259 0.00815688 0.00815143 0.00826385 0.00826352 0.00811811 0.0117692 0.00886622 0.00955419 0.0136491 0.00931813 0.00930791 0.00803078 0.00805488 0.00809809 0.00801119 0.00859801 0.0108352 0.00852978 0.00803611 0.00881259 0.00919264 0.00802774 0.00816138 0.00826705 0.00867365 0.00826018 0.0080033 0.00860761 0.0088014 0.00882941 0.00814904 0.00826924 0.00840902 0.00887097 0.0083374 0.00847113 0.00828045 0.00840669 0.00943688 0.0128268 0.0144567 0.0102728 0.010275 0.00880466 0.0148167 0.0124046 0.00891611 0.00951582 0.00885633 0.00926236 0.00888187 0.00997679 0.0175056 
0.0198239 0.0158054 0.012637 0.0237361 0.0199214 0.0185977 0.0193457 0.0205554 0.0166092 0.0142655 0.0242533 0.0310084 0 0.00386379 0.00380601 0.00390496 0.0043312 0.0453092 0.0139617 0.0105589 0.0119561 0.040678 0.0431623 0.0156015 0.0311717 0.0138625 0.0111908 0.0105234 0.00951021 0.00976555 0.00891215 0.0126722 0.0089644 0.00867423 0.00853166 0.00918584 0.0198082 0.011953 0.0107698 0.0105078 0.010486 0.00964758 0.00970197 0.0126624 0.00834481 0.00972072 0.00893925 0.0101359 0.00928956 0.00882638 0.00911994 0.0092047 0.00945674 0.0109931 0.0100511 0.00932582 0.0090553 0.00933963 0.00851114 0.00813159 0.0083423 0.00844522 0.00831879 0.00817002 0.00822745 0.00856054 0.00830989 0.00837068 0.00825973 0.00829646 0.00826674 0.00835342 0.00832292 0.00846158 0.00843292 0.00832034 0.00852044 0.00879168 0.00884759 0.00836901 0.00847774 0.00843008 0.00961699 0.008555 0.00854629 0.00874377 0.00863193 0.0090344 0.00857071 0.00884329 0.00985172 
0.0129925 0.0351055 0.0257584 0.011368 0.0132814 0.0195687 0.0352705 0.0448204 0.0364889 0.0327674 0.0133969 0.0109674 0.00386379 0 0.00387885 0.00381741 0.00379359 0.0178639 0.0391891 0.0238802 0.0476996 0.0119279 0.0241509 0.045054 0.0131966 0.0100928 0.0224012 0.0144021 0.0152329 0.011497 0.0103896 0.00875702 0.00859493 0.00867654 0.0104594 0.0126175 0.00891139 0.00940225 0.0180231 0.0193117 0.0193866 0.0139753 0.0137698 0.00849361 0.00845761 0.00827395 0.00830783 0.0084499 0.0085839 0.0101935 0.0127214 0.0129117 0.0109904 0.00900397 0.00871156 0.00954343 0.0103743 0.00924387 0.00832164 0.00858297 0.00863994 0.00818349 0.0081527 0.00827906 0.00838794 0.00810811 0.00833364 0.00846243 0.00851096 0.00842319 0.00823749 0.00834836 0.00851369 0.0086209 0.00859331 0.00844598 0.00831884 0.00827722 0.00830733 0.00829287 0.00859526 0.00857443 0.00846149 0.00838232 0.00877339 0.00897995 0.00895673 0.00921763 0.00881021 0.00847811 0.00849949 
0.0124852 0.0324996 0.0243937 0.0105517 0.00991365 0.026649 0.0314482 0.0629411 0.0564515 0.0246431 0.0126148 0.011994 0.00380601 0.00387885 0 0.00376285 0.00376826 0.0106935 0.0254332 0.116148 0.0193891 0.018919 0.0222644 0.0148442 0.016352 0.0115179 0.0132521 0.0414243 0.0157845 0.0175942 0.00906804 0.0086806 0.00831089 0.0099185 0.0112172 0.0103031 0.00928273 0.00982455 0.012859 0.0374563 0.0253046 0.0294855 0.00993879 0.00900021 0.00809168 0.00832752 0.0086274 0.00814459 0.0084394 0.0105141 0.0164666 0.0191435 0.0120016 0.00885373 0.00905993 0.0101298 0.01064 0.00886966 0.00847919 0.00860332 0.0089058 0.00817291 0.00807469 0.00842985 0.00844081 0.00814179 0.00831942 0.00851029 0.00858273 0.00853597 0.00823114 0.00839374 0.00864847 0.00871071 0.00875446 0.00851194 0.00829701 0.00826178 0.00824428 0.00826548 0.00873017 0.00857373 0.00863512 0.00835348 0.00875232 0.00897327 0.00905133 0.00925933 0.00880116 0.00860231 0.00855508 
0.0123138 0.021062 0.0219622 0.01071 0.0119959 0.0114538 0.0194335 0.0194333 0.0149288 0.0200066 0.0202086 0.0121921 0.00390496 0.00381741 0.00376285 0 0.00377238 0.0139799 0.0360933 0.0376763 0.0822753 0.0144185 0.014218 0.0302784 0.0145879 0.0110615 0.017614 0.0103763 0.0114725 0.00998263 0.00934083 0.0086079 0.00955254 0.00930588 0.00913871 0.0102525 0.00902561 0.00961604 0.0127336 0.0134938 0.0148664 0.0107708 0.012927 0.00835883 0.00885772 0.00828287 0.00851297 0.00848878 0.00865695 0.00965933 0.0101207 0.0106994 0.0100273 0.00875511 0.00867128 0.00925625 0.00953801 0.00858768 0.00827194 0.00849166 0.00865112 0.00823555 0.00807337 0.00821393 0.00826503 0.00807941 0.0082781 0.00840554 0.00846616 0.00843384 0.0081787 0.00827159 0.00851107 0.00850855 0.00857064 0.00847007 0.00826879 0.00826781 0.00843222 0.00838901 0.00852215 0.008597 0.00854343 0.00834384 0.00872937 0.00889809 0.00892668 0.00899419 0.00874201 0.00838769 0.00857052 
0.0196881 0.0112374 0.0126073 0.0178159 0.0151841 0.011418 0.0101682 0.0116374 0.0104355 0.0112505 0.01722 0.110839 0.0043312 0.00379359 0.00376826 0.00377238 0 0.0607569 0.01161 0.0149448 0.032732 0.108638 0.0278667 0.0122472 0.0381968 0.0260439 0.00898354 0.00995517 0.00873247 0.00943429 0.00850151 0.009474 0.0107929 0.00936745 0.00857181 0.00868501 0.0123018 0.0142416 0.00922287 0.0108394 0.00959495 0.00987395 0.0090889 0.0111 0.0086217 0.00869854 0.0115227 0.00841752 0.0104851 0.00892737 0.00875381 0.00927075 0.00933597 0.0101754 0.0105452 0.00840174 0.00869693 0.00975933 0.00886308 0.00821297 0.00835406 0.00824881 0.00816695 0.00803508 0.0080083 0.00827206 0.00838842 0.0083724 0.00821614 0.00825725 0.00811908 0.00853589 0.00836717 0.00831008 0.00836553 0.00829269 0.00834995 0.00900559 0.00897461 0.00870989 0.00875557 0.0083346 0.00965724 0.00913155 0.00865042 0.00882891 0.00876371 0.00875454 0.00854764 0.00849936 0.00948666 
0.00900941 0.00846632 0.00848491 0.00988014 0.00943935 0.00837547 0.00855861 0.00850529 0.00871998 0.00859123 0.0117363 0.0134938 0.0453092 0.0178639 0.0106935 0.0139799 0.0607569 0 0.00425885 0.00376948 0.00380787 0.00431664 0.0330652 0.010326 0.0178807 0.0104881 0.0100882 0.00868774 0.0087791 0.00874912 0.00876916 0.012108 0.00965784 0.00863169 0.00858251 0.00862614 0.0131454 0.00888933 0.00877909 0.00849532 0.00840682 0.00838399 0.00925878 0.00909148 0.00849304 0.00884693 0.00840555 0.00951153 0.00835658 0.00814551 0.00824617 0.00828227 0.00833255 0.00983059 0.00839299 0.00818432 0.00833652 0.0085848 0.00805021 0.00790913 0.00794256 0.00845301 0.00784393 0.00785504 0.00801025 0.00812473 0.00813068 0.0079827 0.00804038 0.00802618 0.00807283 0.00806 0.00807607 0.00808634 0.00802507 0.00806958 0.00817753 0.00844533 0.00868497 0.00819621 0.00819376 0.00834948 0.00885349 0.00822762 0.00833949 0.00824823 0.00823803 0.0082825 0.00830643 0.00829614 0.0090714 
0.00860086 0.00984626 0.0089264 0.00885839 0.00842757 0.0104356 0.00880907 0.0138904 0.0093948 0.0110231 0.00874543 0.00998507 0.0139617 0.0391891 0.0254332 0.0360933 0.01161 0.00425885 0 0.00374887 0.00377317 0.00378708 0.031166 0.0419389 0.0106853 0.00987649 0.00986329 0.0103802 0.0102808 0.00922451 0.0091992 0.00847773 0.00841169 0.00946739 0.00868529 0.011575 0.00875182 0.00900455 0.0104014 0.0117861 0.011241 0.0113874 0.0092708 0.00835751 0.00814594 0.00812399 0.00829007 0.00826039 0.00837442 0.0091413 0.0097126 0.00963316 0.0094444 0.00830013 0.00859647 0.00896256 0.0089592 0.00836904 0.0081681 0.00834527 0.00841714 0.00801375 0.00799711 0.00820913 0.00826595 0.00797551 0.00810279 0.00829088 0.00819995 0.00828216 0.00806053 0.00814506 0.00823978 0.00824858 0.0082457 0.00816845 0.00809912 0.00819947 0.00824852 0.00814772 0.00833173 0.00823733 0.00849342 0.00819229 0.00837656 0.00843597 0.0084258 0.00852027 0.00837801 0.00827774 0.00839985 
0.00849182 0.0122957 0.0106279 0.00889634 0.00862962 0.00941002 0.0263779 0.0166124 0.0205676 0.00988256 0.0090555 0.0083825 0.0105589 0.0238802 0.116148 0.0376763 0.0149448 0.00376948 0.00374887 0 0.00373954 0.00374697 0.0524525 0.0208236 0.0202273 0.00918944 0.0148901 0.0130933 0.0130429 0.0139236 0.00877257 0.00851798 0.00856854 0.00868809 0.0144948 0.00929132 0.00895587 0.00889891 0.0126603 0.0218235 0.0252045 0.0163751 0.0112233 0.00819145 0.00804731 0.00818583 0.00811386 0.0080847 0.00815432 0.00987958 0.0142183 0.0178592 0.00963966 0.00882335 0.00838586 0.00931397 0.00969985 0.0084233 0.00813838 0.00886457 0.00850943 0.00817376 0.00796694 0.00810808 0.00826373 0.00794687 0.00813853 0.00826637 0.00833274 0.00818489 0.00803941 0.00812583 0.00827905 0.00837118 0.00835891 0.00818396 0.00811084 0.00817146 0.00818561 0.00811988 0.00842383 0.00828439 0.00833383 0.00814195 0.00841879 0.00854422 0.00852796 0.00865884 0.00841052 0.00836596 0.00838928 
0.00959645 0.0126733 0.0182232 0.00968566 0.00895995 0.0145978 0.0105643 0.0191896 0.0116506 0.0149453 0.00943931 0.00907339 0.0119561 0.0476996 0.0193891 0.0822753 0.032732 0.00380787 0.00377317 0.00373954 0 0.00379041 0.016454 0.242466 0.0329403 0.0115631 0.0135632 0.0150588 0.0101266 0.0100524 0.0122088 0.00866894 0.00855012 0.00998252 0.00884467 0.0166619 0.00968143 0.00994997 0.0124818 0.0207337 0.0156096 0.0161503 0.0142088 0.0088564 0.00843542 0.00853983 0.00895459 0.00826778 0.008711 0.0103639 0.012273 0.0126656 0.016603 0.00911162 0.0088431 0.00942861 0.0109228 0.00870051 0.00829786 0.00855251 0.00893634 0.008174 0.00793392 0.00815198 0.0084342 0.00793799 0.00809991 0.00833355 0.00827466 0.00819521 0.00807933 0.00807707 0.00821274 0.00825045 0.00832344 0.00818725 0.0081228 0.00817707 0.00820727 0.00811871 0.00833768 0.00825312 0.00829336 0.00815781 0.00843905 0.00849776 0.00851201 0.00857985 0.00838895 0.0082428 0.00825579 
0.0129218 0.00987898 0.0109546 0.0141451 0.0133568 0.0102264 0.0104067 0.0106596 0.0106952 0.010804 0.0112655 0.0151381 0.040678 0.0119279 0.018919 0.0144185 0.108638 0.00431664 0.00378708 0.00374697 0.00379041 0 0.0233842 0.014868 0.208022 0.0161416 0.0127365 0.0101314 0.00960426 0.00999027 0.00889359 0.0106598 0.0123794 0.00891803 0.00884528 0.00948062 0.0175257 0.0134448 0.0118048 0.0113712 0.0115626 0.0113749 0.0115313 0.00996722 0.00916422 0.00947928 0.0100092 0.00998486 0.012068 0.0102251 0.00981079 0.0104004 0.0107588 0.0153212 0.0105715 0.00915446 0.00884466 0.0109684 0.00866186 0.00841186 0.00818259 0.00864444 0.00819108 0.00799825 0.00798038 0.00823325 0.00830016 0.00814029 0.00807659 0.0080979 0.00798251 0.00826378 0.0081228 0.00814082 0.00815833 0.00809667 0.00811164 0.00830106 0.00854552 0.00838874 0.0082763 0.00818989 0.00845315 0.00830676 0.00841148 0.00831017 0.0083388 0.00838254 0.00837819 0.00822425 0.00853999 
0.0142677 0.0111539 0.0109285 0.0132639 0.0117643 0.0116748 0.0108618 0.0125249 0.0111434 0.0109896 0.0148662 0.027557 0.0431623 0.0241509 0.0222644 0.014218 0.0278667 0.0330652 0.031166 0.0524525 0.016454 0.0233842 0 0.00391341 0.00393789 0.44386 0.0262066 0.0247611 0.0172977 0.014786 0.0127469 0.0250958 0.014305 0.0172257 0.012283 0.012468 0.0354944 0.0459007 0.0213046 0.0204909 0.0161426 0.0156904 0.012378 0.0260066 0.0109098 0.020273 0.0173542 0.0138405 0.0171656 0.0120386 0.014201 0.0142906 0.0123827 0.0184086 0.022033 0.0129559 0.0117174 0.0152306 0.0107462 0.0086025 0.00955245 0.0100906 0.00852984 0.00855351 0.0084366 0.00900855 0.00857504 0.0083461 0.00837643 0.00844043 0.0082599 0.00861188 0.00830052 0.00853012 0.00851032 0.0084147 0.00863697 0.00874218 0.0087365 0.00829669 0.00851508 0.00835393 0.00958836 0.00848708 0.00846564 0.00871167 0.00862429 0.00890501 0.00862968 0.00870327 0.00957609 
0.00933392 0.013503 0.0134337 0.00916914 0.0091786 0.0109279 0.0105685 0.012328 0.0113715 0.0132871 0.00918201 0.0109346 0.0156015 0.045054 0.0148442 0.0302784 0.0122472 0.010326 0.0419389 0.0208236 0.242466 0.014868 0.00391341 0 0.0038769 0.0198583 0.323258 0.0194174 0.0214413 0.0156319 0.0283344 0.0103968 0.0112753 0.0121251 0.00968345 0.042243 0.0111838 0.0140666 0.0578662 0.0206935 0.0214721 0.0162188 0.0391959 0.00902224 0.0119894 0.0102734 0.0101392 0.0112032 0.00982355 0.0182239 0.0131344 0.0193181 0.0275963 0.0113223 0.0103811 0.018802 0.0216887 0.00998029 0.00874333 0.00974231 0.00938836 0.00884362 0.00810718 0.00842563 0.00881287 0.00828406 0.00822935 0.00862963 0.00850765 0.00861862 0.00825275 0.00830233 0.00857082 0.0086179 0.00869316 0.00861555 0.00817529 0.00824305 0.00827784 0.0082655 0.00869047 0.00864584 0.00838784 0.00830739 0.00891427 0.00888482 0.00888779 0.00893891 0.00885324 0.00839396 0.00838429 
0.0137159 0.0108791 0.0126454 0.0134857 0.0130591 0.010243 0.0110279 0.0118374 0.0113567 0.0109528 0.0117685 0.0155645 0.0311717 0.0131966 0.016352 0.0145879 0.0381968 0.0178807 0.0106853 0.0202273 0.0329403 0.208022 0.00393789 0.0038769 0 0.036709 0.0161288 0.0705657 0.016083 0.0191424 0.0224401 0.0507442 0.0143069 0.0103177 0.0100073 0.0130255 0.0463476 0.0262378 0.0133379 0.0333942 0.0184194 0.0209002 0.0165551 0.0176476 0.0114507 0.0129527 0.0177812 0.0102295 0.0185443 0.010434 0.0137293 0.0170554 0.0219276 0.0354492 0.0189287 0.0115033 0.0144046 0.0231659 0.0132133 0.0099417 0.0104734 0.00997574 0.00845867 0.0083222 0.00832155 0.00911209 0.00826226 0.00828532 0.0084702 0.00872157 0.00830373 0.00835667 0.00835124 0.00859628 0.00901759 0.00855097 0.00854859 0.00852566 0.0083672 0.00842302 0.00837317 0.00828149 0.0084814 0.00841899 0.00852907 0.0086316 0.00867878 0.00898916 0.00863523 0.00855459 0.00870572 
0.00927718 0.00856217 0.00893441 0.0111823 0.00838245 0.00862021 0.00835896 0.0094232 0.00870937 0.00944214 0.0121846 0.0175071 0.0138625 0.0100928 0.0115179 0.0110615 0.0260439 0.0104881 0.00987649 0.00918944 0.0115631 0.0161416 0.44386 0.0198583 0.036709 0 0.00382386 0.0038164 0.00384457 0.00387139 0.00444106 0.0056333 0.00639522 0.00755582 0.00714094 0.00833977 0.0282236 0.0358751 0.0245865 0.0152236 0.0124474 0.0123918 0.0113589 0.036753 0.0105363 0.0218537 0.0169848 0.0140796 0.0141062 0.0107271 0.0114564 0.0111128 0.0119961 0.0194005 0.0199867 0.0101278 0.0113728 0.0163357 0.0100705 0.00848146 0.00922533 0.0101314 0.00814099 0.00822101 0.00837044 0.00938046 0.00813816 0.00813058 0.00820906 0.00833598 0.00823183 0.00826773 0.00811809 0.00831982 0.00834029 0.00829752 0.00853429 0.00854558 0.00844955 0.00821333 0.00823889 0.00822647 0.00924378 0.00823399 0.00828252 0.00836932 0.00831045 0.00846656 0.00831498 0.00848067 0.00908857 
0.00839923 0.00971195 0.00909982 0.00848094 0.00837609 0.00866999 0.0114856 0.0110006 0.0100892 0.00892711 0.00923748 0.00837014 0.0111908 0.0224012 0.0132521 0.017614 0.00898354 0.0100882 0.00986329 0.0148901 0.0135632 0.0127365 0.0262066 0.323258 0.0161288 0.00382386 0 0.00379039 0.00379495 0.00379469 0.00379503 0.00381351 0.00559845 0.00633846 0.00723578 0.0116428 0.00922315 0.0329179 0.0523444 0.0155956 0.0203935 0.0151723 0.0273786 0.00890769 0.0139466 0.00887688 0.00949219 0.0107051 0.010569 0.0217829 0.0169199 0.0222803 0.0176627 0.012192 0.0103384 0.0213337 0.0175282 0.00954763 0.00881842 0.0115625 0.00871206 0.0090959 0.00822786 0.00836958 0.00900151 0.00816676 0.00819616 0.00835129 0.00856764 0.00826708 0.00798932 0.0080587 0.00835894 0.00841237 0.00856319 0.00831118 0.00806161 0.0080888 0.00813029 0.00816149 0.00833148 0.00828785 0.00824959 0.00818397 0.00851152 0.00863337 0.00855006 0.00874118 0.00851755 0.0083178 0.00829254 
0.00861626 0.00963821 0.00965592 0.00849624 0.00826201 0.00967737 0.0102097 0.0147671 0.0107704 0.0101298 0.00826955 0.00824665 0.0105234 0.0144021 0.0414243 0.0103763 0.00995517 0.00868774 0.0103802 0.0130933 0.0150588 0.0101314 0.0247611 0.0194174 0.0705657 0.0038164 0.00379039 0 0.0037644 0.00377533 0.00380696 0.00372669 0.00452155 0.00601 0.00777046 0.00829687 0.761489 0.0132628 0.0123301 0.0284316 0.0186253 0.0374726 0.0110919 0.010417 0.00857536 0.00909813 0.0104825 0.00862139 0.00980707 0.0137324 0.0309318 0.0261086 0.0229351 0.00972702 0.0138958 0.0159104 0.0140302 0.00967343 0.00893482 0.00917235 0.0119198 0.00838749 0.00807032 0.00867111 0.00869372 0.00820151 0.00813986 0.00841355 0.008474 0.00845242 0.00799899 0.00818006 0.00840028 0.0087369 0.00867119 0.00827645 0.00804581 0.00805376 0.00812057 0.00818044 0.00845446 0.00818785 0.00825597 0.00820113 0.00838434 0.00855248 0.00857106 0.008932 0.00857717 0.00836908 0.00831285 
0.00845393 0.00895177 0.00874962 0.00846595 0.00822138 0.00869377 0.00978101 0.011304 0.0105583 0.00867749 0.00824701 0.00814597 0.00951021 0.0152329 0.0157845 0.0114725 0.00873247 0.0087791 0.0102808 0.0130429 0.0101266 0.00960426 0.0172977 0.0214413 0.016083 0.00384457 0.00379495 0.0037644 0 0.00374597 0.0037657 0.00377049 0.00429979 0.0114086 0.00664399 0.869073 0.010488 0.00916469 0.0123316 0.0173791 0.0208539 0.0143597 0.0127146 0.00856527 0.00900978 0.00859845 0.00903251 0.00893909 0.0093614 0.0120426 0.0213325 0.0311205 0.0112536 0.00950609 0.0103704 0.0132686 0.0117135 0.00916502 0.00875897 0.00933618 0.0093303 0.00836182 0.00810652 0.00826856 0.00864015 0.00814434 0.00803133 0.00839314 0.00830581 0.0082135 0.00801883 0.00802224 0.00831628 0.00836042 0.00840059 0.00816153 0.00801731 0.0080366 0.00805551 0.00810836 0.00830628 0.00814683 0.00821732 0.00810448 0.00828736 0.00840836 0.0084255 0.00846503 0.00830047 0.00831346 0.00824892 
0.0083397 0.00895628 0.00875362 0.00845694 0.00830885 0.00867708 0.00994774 0.0115489 0.00983648 0.00865304 0.00847509 0.00835304 0.00976555 0.011497 0.0175942 0.00998263 0.00943429 0.00874912 0.00922451 0.0139236 0.0100524 0.00999027 0.014786 0.0156319 0.0191424 0.00387139 0.00379469 0.00377533 0.00374597 0 0.00375754 0.00379663 0.00486242 0.00712626 0.937879 0.0112465 0.00695335 0.00940288 0.011906 0.0207703 0.0176775 0.0161455 0.0114054 0.0104675 0.008807 0.00885433 0.00921853 0.00903861 0.00933116 0.0126019 0.0255374 0.0215682 0.0120361 0.0104352 0.0101534 0.0138204 0.0144923 0.00987579 0.00868708 0.00908933 0.00921472 0.00851174 0.00804359 0.00848081 0.00842436 0.00824074 0.00822738 0.00832881 0.00849423 0.00826085 0.00802167 0.0081901 0.00831811 0.00845243 0.0084646 0.00823731 0.00816065 0.00804004 0.00809423 0.00814712 0.00837131 0.00819452 0.00824919 0.00817293 0.00836209 0.00843537 0.00842928 0.00856754 0.00832634 0.0083599 0.0082046 
0.0084249 0.00853973 0.0082533 0.00811176 0.0079943 0.00843184 0.0083296 0.00860934 0.00838587 0.00821452 0.00801548 0.00848719 0.00891215 0.0103896 0.00906804 0.00934083 0.00850151 0.00876916 0.0091992 0.00877257 0.0122088 0.00889359 0.0127469 0.0283344 0.0224401 0.00444106 0.00379503 0.00380696 0.0037657 0.00375754 0 0.00377302 0.00530898 0.99484 0.0057889 0.0141595 0.00476078 0.00992799 0.0113198 0.0116631 0.0104684 0.0100405 0.0143612 0.0090326 0.00923782 0.00891257 0.0100039 0.00906698 0.00963979 0.0121726 0.0104408 0.0103264 0.0142361 0.00915139 0.00911008 0.00985863 0.0112907 0.00905073 0.00827151 0.00847145 0.0085002 0.00822259 0.00794339 0.00813555 0.00821235 0.00803741 0.00794698 0.00821105 0.00812878 0.00802447 0.00798061 0.00792249 0.00816437 0.00811852 0.00811416 0.00803296 0.00794671 0.00804052 0.008029 0.00807796 0.00818871 0.00809989 0.00819329 0.0081416 0.00818756 0.00828253 0.00826279 0.00831711 0.0082257 0.00824346 0.00815273 
0.0098292 0.0082622 0.00816584 0.00817656 0.00905592 0.00808561 0.00810684 0.00814604 0.00816416 0.00802175 0.00818778 0.0100843 0.0126722 0.00875702 0.0086806 0.0086079 0.009474 0.012108 0.00847773 0.00851798 0.00866894 0.0106598 0.0250958 0.0103968 0.0507442 0.0056333 0.00381351 0.00372669 0.00377049 0.00379663 0.00377302 0 0.99521 0.00525658 0.00441245 0.00403952 0.00480374 0.0129124 0.00997811 0.00900878 0.00953333 0.00928026 0.0110593 0.0104673 0.0114067 0.00958975 0.0136374 0.0103977 0.0140936 0.00908427 0.00901477 0.0091412 0.0104846 0.0115912 0.0121352 0.00903111 0.00916984 0.00979052 0.00937419 0.0083682 0.00817579 0.00864138 0.00837621 0.00797925 0.00796761 0.00807559 0.00808121 0.00808326 0.00798465 0.00791395 0.00801787 0.00827711 0.00812904 0.00801366 0.00808453 0.00797705 0.00808351 0.00846004 0.0084779 0.00832219 0.00821836 0.00802399 0.00834427 0.00829789 0.00825251 0.00823994 0.00826143 0.00821377 0.00814104 0.00814639 0.00832522 
0.00834202 0.00800803 0.00805988 0.00865402 0.00820965 0.00794566 0.00800071 0.00801687 0.00811247 0.00818481 0.0102709 0.0101066 0.0089644 0.00859493 0.00831089 0.00955254 0.0107929 0.00965784 0.00841169 0.00856854 0.00855012 0.0123794 0.014305 0.0112753 0.0143069 0.00639522 0.00559845 0.00452155 0.00429979 0.00486242 0.00530898 0.99521 0 0.00423425 0.00388008 0.00394637 0.00479577 0.0112017 0.00837421 0.00850836 0.00930267 0.0101713 0.0185569 0.0138016 0.0130209 0.0114781 0.009783 0.0185309 0.010476 0.0091793 0.00869954 0.00921895 0.00967352 0.0153206 0.0102347 0.00871456 0.00925392 0.0105416 0.00823175 0.00816637 0.00801021 0.00968515 0.00811156 0.00782045 0.00798956 0.00834258 0.00805902 0.00781534 0.00798722 0.00783597 0.00802352 0.00801786 0.00788575 0.0079762 0.00797489 0.00798811 0.00814843 0.00845401 0.00881572 0.0080987 0.00802676 0.00823618 0.00844868 0.00809652 0.00808762 0.0081295 0.00810182 0.00820616 0.00810828 0.0081966 0.00877798 
0.00808931 0.00831199 0.00846096 0.00821621 0.0080288 0.00840211 0.00818628 0.00871981 0.00824942 0.00853639 0.00853988 0.00952403 0.00867423 0.00867654 0.0099185 0.00930588 0.00936745 0.00863169 0.00946739 0.00868809 0.00998252 0.00891803 0.0172257 0.0121251 0.0103177 0.00755582 0.00633846 0.00601 0.0114086 0.00712626 0.99484 0.00525658 0.00423425 0 0.00384593 0.00381117 0.00385284 0.00907432 0.00948656 0.0128241 0.0113773 0.017601 0.0110564 0.0113534 0.00895451 0.00986402 0.0145314 0.00915451 0.00944207 0.0094808 0.0121741 0.0101287 0.0112796 0.00909897 0.0120501 0.01001 0.00945948 0.00923652 0.00836107 0.00817873 0.00868374 0.00822817 0.00793371 0.0081075 0.00829141 0.00811902 0.00803645 0.00814158 0.00814572 0.00815228 0.00801091 0.00804556 0.00821322 0.00820899 0.00824537 0.00814514 0.00818308 0.00836559 0.00829093 0.00806298 0.00828769 0.00812247 0.00885899 0.0082188 0.00824307 0.00834583 0.00834601 0.00857359 0.00836846 0.00824903 0.00837984 
0.00824268 0.00877783 0.00852398 0.0081654 0.00816018 0.00830521 0.00924934 0.0093879 0.0089228 0.00841544 0.0085893 0.00814492 0.00853166 0.0104594 0.0112172 0.00913871 0.00857181 0.00858251 0.00868529 0.0144948 0.00884467 0.00884528 0.012283 0.00968345 0.0100073 0.00714094 0.00723578 0.00777046 0.00664399 0.937879 0.0057889 0.00441245 0.00388008 0.00384593 0 0.00377315 0.00375957 0.00910251 0.0125403 0.0209223 0.0224549 0.00995039 0.0110431 0.008665 0.0089459 0.00877042 0.00878107 0.00917421 0.00884094 0.0098608 0.0137364 0.0188673 0.00969628 0.00904171 0.00920172 0.0139226 0.0105846 0.008845 0.00840587 0.00984059 0.00869431 0.00855404 0.00806074 0.00815445 0.00852682 0.00800528 0.0080958 0.00818629 0.00831009 0.00818669 0.00807969 0.00804954 0.00822409 0.00843822 0.00836486 0.0081477 0.00799154 0.00799819 0.00805158 0.00810393 0.00824631 0.00816555 0.00819008 0.00813962 0.00830249 0.00848076 0.00843592 0.00848335 0.00833146 0.00825957 0.00825597 
0.00857318 0.00875763 0.00869587 0.00817155 0.00812497 0.0085619 0.00858103 0.00916304 0.00880473 0.00845497 0.00824782 0.00834484 0.00918584 0.0126175 0.0103031 0.0102525 0.00868501 0.00862614 0.011575 0.00929132 0.0166619 0.00948062 0.012468 0.042243 0.0130255 0.00833977 0.0116428 0.00829687 0.869073 0.0112465 0.0141595 0.00403952 0.00394637 0.00381117 0.00377315 0 0.00383478 0.0146423 0.0245535 0.0297232 0.0146673 0.0136401 0.0190873 0.00827804 0.0110036 0.00920508 0.0107293 0.0104005 0.00982262 0.0138078 0.0136346 0.0141978 0.0269297 0.0113689 0.0103876 0.012799 0.0196153 0.01009 0.00892346 0.00977586 0.00998639 0.00852198 0.00813528 0.00832439 0.00851618 0.00807083 0.00798994 0.00835643 0.00829928 0.00830919 0.00804171 0.00799538 0.00836284 0.00830083 0.00830885 0.00814896 0.00803327 0.00799726 0.0080573 0.00809881 0.00824891 0.00814062 0.00811268 0.0081658 0.00826539 0.00840407 0.00848764 0.00850992 0.00828968 0.00826261 0.00818852 
0.00994563 0.0083688 0.00825441 0.00865585 0.00939744 0.00826195 0.00828946 0.00844321 0.00855276 0.00835794 0.00819431 0.0114858 0.0198082 0.00891139 0.00928273 0.00902561 0.0123018 0.0131454 0.00875182 0.00895587 0.00968143 0.0175257 0.0354944 0.0111838 0.0463476 0.0282236 0.00922315 0.761489 0.010488 0.00695335 0.00476078 0.00480374 0.00479577 0.00385284 0.00375957 0.00383478 0 0.0318847 0.0110009 0.0108786 0.00921161 0.00982735 0.0103212 0.0140091 0.0118338 0.0127354 0.0223454 0.0112722 0.0216242 0.0110976 0.00991233 0.0109938 0.0120124 0.0217184 0.0219786 0.0106709 0.010261 0.0190894 0.0145639 0.00840077 0.00909398 0.0100892 0.0088353 0.00817475 0.0081954 0.00844041 0.00871177 0.00802653 0.00811411 0.00807922 0.00809711 0.00846576 0.00811938 0.00807355 0.00810458 0.00801608 0.00819762 0.00857148 0.0083481 0.00845528 0.00821363 0.00799578 0.00829529 0.00839749 0.00821786 0.00825908 0.00826528 0.00832811 0.00818508 0.0082086 0.00854539 
0.00864953 0.0083541 0.00838622 0.00909015 0.0084182 0.008415 0.00830841 0.00919278 0.0084997 0.00840263 0.00937692 0.0109259 0.011953 0.00940225 0.00982455 0.00961604 0.0142416 0.00888933 0.00900455 0.00889891 0.00994997 0.0134448 0.0459007 0.0140666 0.0262378 0.0358751 0.0329179 0.0132628 0.00916469 0.00940288 0.00992799 0.0129124 0.0112017 0.00907432 0.00910251 0.0146423 0.0318847 0 0.00382018 0.00382754 0.00379392 0.00390795 0.00434236 0.00483073 0.00833262 0.0201278 0.0132198 0.0157597 0.0152053 0.0138967 0.0125276 0.0114905 0.0147467 0.0263644 0.0526875 0.0144634 0.0155013 0.0198282 0.0160131 0.00970888 0.0103497 0.0108943 0.00893726 0.00860995 0.00871983 0.0109739 0.00871013 0.00830991 0.00819334 0.00836537 0.00817165 0.00867046 0.00815312 0.00842334 0.00835758 0.00819807 0.0082793 0.00827512 0.00831274 0.00807084 0.00809894 0.00801383 0.00845689 0.00817374 0.00809014 0.00828512 0.00821694 0.00839472 0.00813968 0.00826033 0.00845821 
0.00835405 0.00935804 0.00886421 0.00855732 0.008371 0.00893048 0.0101695 0.0107284 0.0096896 0.0091746 0.00851108 0.00815688 0.0107698 0.0180231 0.012859 0.0127336 0.00922287 0.00877909 0.0104014 0.0126603 0.0124818 0.0118048 0.0213046 0.0578662 0.0133379 0.0245865 0.0523444 0.0123301 0.0123316 0.011906 0.0113198 0.00997811 0.00837421 0.00948656 0.0125403 0.0245535 0.0110009 0.00382018 0 0.00381709 0.00379911 0.00376737 0.00398337 0.0037939 0.00963852 0.00726816 0.00985792 0.00991165 0.0128154 0.0230153 0.0175449 0.0231295 0.0275724 0.267724 0.0166002 0.067343 0.027859 0.0119773 0.0128655 0.0226548 0.011798 0.0104918 0.00908431 0.00905417 0.0114151 0.00874473 0.00841048 0.00859454 0.00938846 0.00855023 0.00837318 0.00812585 0.00873116 0.00881173 0.00910961 0.00844038 0.00823795 0.00799967 0.0079433 0.00806456 0.0082952 0.00816399 0.00814586 0.00818586 0.00831597 0.00849285 0.00846095 0.00869128 0.00838401 0.00829606 0.00818226 
