1UB4C
IHSSVKRWGNSPAVRIPATLMQALNLNIDDEVKIDLVDGKLIIEPVRKEPVFTLAELVNDITPENLHENIDWGEP
CCCCEEEECCEEEECCCHHHHHHCCCCCCCCEECCCECCECCCEECCCCCCCCHHHHHHCCCCCCCCCCCCCCCC
0 0 0 0 0 0 0 0 0 0 0 0 0 0 0 0 0 0 0 0 0 0 0 0 0 0 0 0 0 0 0 0 0 0 0 0 0 0 0 0 0 0 0 0 0 0 0 0 0 0 0 0 0 0 0 0 0 0 0 0 0 0 0 0 0 0 0 0 0 0 0 0 0 0 0 
0 0 0 0 0 0 0 0 0 0 0 0 0 0 0 0 0 0 0 0 0 0 0 0 0 0 0 0 0 0 0 0 0 0 0 0 0 0 0 0 0 0 0 0 0 0 0 0 0 0 0 0 0 0 0 0 0 0 0 0 0 0 0 0 0 0 0 0 0 0 0 0 0 0 0 
0 0.00417681 0.00469449 0.00745216 0.0048328 0.00575084 0.0111899 0.963327 0.0163351 0.0142216 0.0209106 0.0171795 0.0121359 0.0169357 
0.00417681 0 0.00481816 0.00386302 0.00467894 0.00598538 0.916505 0.00581108 0.0105212 0.00940887 0.00873824 0.00899773 0.0103124 0.00871517 
0.00469449 0.00481816 0 0.00396705 0.00513571 0.978823 0.00442453 0.00489076 0.00869365 0.00866989 0.00870306 0.00869429 0.00873935 0.00835946 
0.00745216 0.00386302 0.00396705 0 0.996777 0.00401707 0.00403217 0.00412244 0.0109458 0.0090564 0.0105817 0.0109481 0.00905259 0.00855587 
0.0048328 0.00467894 0.00513571 0.996777 0 0.00396575 0.00389431 0.007604 0.0110115 0.0120884 0.0111307 0.0120102 0.0101465 0.010165 
0.00575084 0.00598538 0.978823 0.00401707 0.00396575 0 0.00376298 0.0038129 0.0156447 0.0087822 0.00901234 0.00869362 0.00880597 0.00841632 
0.0111899 0.916505 0.00442453 0.00403217 0.00389431 0.00376298 0 0.00382357 0.0104289 0.0180576 0.00877164 0.00941257 0.0100243 0.00881428 
0.963327 0.00581108 0.00489076 0.00412244 0.007604 0.0038129 0.00382357 0 0.0422076 0.0131833 0.0155804 0.0155759 0.0112736 0.0094048 
0.0163351 0.0105212 0.00869365 0.0109458 0.0110115 0.0156447 0.0104289 0.0422076 0 0.00757212 0.0157316 0.0266972 0.00940473 0.289571 
0.0142216 0.00940887 0.00866989 0.0090564 0.0120884 0.0087822 0.0180576 0.0131833 0.00757212 0 0.0524523 0.00901434 0.212353 0.00854467 
0.0209106 0.00873824 0.00870306 0.0105817 0.0111307 0.00901234 0.00877164 0.0155804 0.0157316 0.0524523 0 0.937672 0.00989717 0.0361914 
0.0171795 0.00899773 0.00869429 0.0109481 0.0120102 0.00869362 0.00941257 0.0155759 0.0266972 0.00901434 0.937672 0 0.122841 0.0175969 
0.0121359 0.0103124 0.00873935 0.00905259 0.0101465 0.00880597 0.0100243 0.0112736 0.00940473 0.212353 0.00989717 0.122841 0 0.00866623 
0.0169357 0.00871517 0.00835946 0.00855587 0.010165 0.00841632 0.00881428 0.0094048 0.289571 0.00854467 0.0361914 0.0175969 0.00866623 0 
