1UCRB
MEEAKQKVVDFLNSKSGSKSKFYFNDFTDLFPDMKQREVKKILTALVNDEVLEYWSSGSTTMYGLKGAGKQAAAE
CCHHHHHHHHHHCCCCCCCCCEEHHHHHHHCCCCCHHHHHHHHHHHHHCCCEEEEEECCEEEEEECCHHHHHHHC
0 0 0 0 0 0 0 0 0 0 0 0 0 0 0 0 0 0 0 0 0 0 0 0 0 0 0 0 0 0 0 0 0 0 0 0 0 0 0 0 0 0 0 0 0 0 0 0 0 0 0 0 0 0 0 0 0 0 0 0 0 0 0 0 0 0 0 0 0 0 0 0 0 0 0 
0 0 0 0 0 0 0 0 0 0 0 0 0 0 0 0 0 0 0 0 0 0 0 0 0 0 0 0 0 0 0 0 0 0 0 0 0 0 0 0 0 0 0 0 0 0 0 0 0 0 0 0 0 0 0 0 0 0 0 0 0 0 0 0 0 0 0 0 0 0 0 0 0 0 0 
0 0.00730845 0.0287806 0.0126083 0.0100375 0.00957967 0.00942504 0.0108572 0.0111711 0.0113981 0.009702 0.0104968 0.011341 0.0177132 
0.00730845 0 0.0211562 0.0142522 0.00995037 0.00844154 0.0114822 0.0102139 0.0176889 0.0115035 0.010175 0.0102534 0.0134811 0.00952224 
0.0287806 0.0211562 0 0.0038154 0.00384465 0.00381225 0.00391947 0.0156911 0.00492455 0.00624406 0.0069891 0.00952782 0.0212709 0.868914 
0.0126083 0.0142522 0.0038154 0 0.00381546 0.00375408 0.00383685 0.00382167 0.00430958 0.00468501 0.00732508 0.0122923 0.902385 0.00913359 
0.0100375 0.00995037 0.00384465 0.00381546 0 0.00384993 0.00381672 0.00404034 0.00421906 0.00500945 0.0189522 0.920875 0.0234729 0.007215 
0.00957967 0.00844154 0.00381225 0.00375408 0.00384993 0 0.00378455 0.00376538 0.0039719 0.0105067 0.904582 0.019953 0.00604525 0.00576121 
0.00942504 0.0114822 0.00391947 0.00383685 0.00381672 0.00378455 0 0.00378109 0.00465836 0.898377 0.0154352 0.00441161 0.00462144 0.00543714 
0.0108572 0.0102139 0.0156911 0.00382167 0.00404034 0.00376538 0.00378109 0 0.939277 0.00440939 0.00392749 0.00398987 0.00420118 0.00553875 
0.0111711 0.0176889 0.00492455 0.00430958 0.00421906 0.0039719 0.00465836 0.939277 0 0.00425803 0.00380757 0.00378732 0.00385387 0.00545235 
0.0113981 0.0115035 0.00624406 0.00468501 0.00500945 0.0105067 0.898377 0.00440939 0.00425803 0 0.00379411 0.00384212 0.00381235 0.00386803 
0.009702 0.010175 0.0069891 0.00732508 0.0189522 0.904582 0.0154352 0.00392749 0.00380757 0.00379411 0 0.00390879 0.00378261 0.0042081 
0.0104968 0.0102534 0.00952782 0.0122923 0.920875 0.019953 0.00441161 0.00398987 0.00378732 0.00384212 0.00390879 0 0.00376071 0.00383339 
0.011341 0.0134811 0.0212709 0.902385 0.0234729 0.00604525 0.00462144 0.00420118 0.00385387 0.00381235 0.00378261 0.00376071 0 0.00377827 
0.0177132 0.00952224 0.868914 0.00913359 0.007215 0.00576121 0.00543714 0.00553875 0.00545235 0.00386803 0.0042081 0.00383339 0.00377827 0 
