1WHOA
VPKVTFTVEKGSNEKHLAVLVKYEGDTMAEVELREHGSDEWVAMTKGEGGVWTFDSEEPLQGPFNFRFLTEKGMKNVFDDVVPEKYTIGATYAP
CCCEEEEECCCCECCEEEEEEEECCCCEEEEEEECCCCCCCEECEECCCCEEEEECCCCCCCCEEEEEEECCCCEEEEEEEECCCCCCCCEECC
0 0 0 0 0 0 0 0 0 0 0 0 0 0 0 0 0 0 0 0 0 0 0 0 0 0 0 0 0 0 0 0 0 0 0 0 0 0 0 0 0 0 0 0 0 0 0 0 0 0 0 0 0 0 0 0 0 0 0 0 0 0 0 0 0 0 0 0 0 0 0 0 0 0 0 0 0 0 0 0 0 0 0 0 0 0 0 0 0 0 0 0 0 0 
0 0 0 0 0 0 0 0 0 0 0 0 0 0 0 0 0 0 0 0 0 0 0 0 0 0 0 0 0 0 0 0 0 0 0 0 0 0 0 0 0 0 0 0 0 0 0 0 0 0 0 0 0 0 0 0 0 0 0 0 0 0 0 0 0 0 0 0 0 0 0 0 0 0 0 0 0 0 0 0 0 0 0 0 0 0 0 0 0 0 0 0 0 0 
0 0.00397486 0.00401625 0.00396562 0.011936 0.0175034 0.0107251 0.0132509 0.0108329 0.0413565 0.0243092 0.0350811 0.0213446 0.332042 0.02735 0.0128994 0.0099072 0.0204214 0.010512 0.0300599 0.0187547 0.0135887 0.0102749 0.0110489 0.0151547 0.0125261 0.0117571 0.0100374 0.0132228 0.0139257 0.0186623 0.00899094 0.0215477 0.00920897 0.0242493 0.00967986 0.0272399 0.0102072 0.00955741 0.00854086 0.00979224 0.00848946 0.00867797 0.010389 0.0131739 0.00919805 0.0170286 
0.00397486 0 0.00378414 0.00407756 0.00384327 0.0065346 0.0109954 0.0102378 0.0460454 0.0224642 0.0477152 0.0168438 0.414028 0.0103788 0.0111345 0.0189121 0.0350566 0.0102872 0.0975103 0.0140972 0.019807 0.0106112 0.0114068 0.0112162 0.00925803 0.0104466 0.0252064 0.0355665 0.0127417 0.0144066 0.0103413 0.0545703 0.00948444 0.0773437 0.00939304 0.0439371 0.00963234 0.00946017 0.00966124 0.014941 0.00904726 0.0117208 0.0129489 0.0120468 0.00938591 0.00996044 0.00857251 
0.00401625 0.00378414 0 0.00378343 0.00384304 0.00518251 0.00835693 0.0319935 0.0277992 0.0595359 0.0240618 0.348402 0.00961525 0.0142701 0.0130716 0.0155126 0.0130276 0.0817626 0.0124685 0.042634 0.0105229 0.0097117 0.00903007 0.0088918 0.00860056 0.0103621 0.028977 0.0200588 0.0264337 0.00898494 0.0156864 0.00990155 0.0894172 0.010472 0.109119 0.00909299 0.0110168 0.00850424 0.0108532 0.0100166 0.0165067 0.0113739 0.0152818 0.0133033 0.009264 0.00819171 0.00914052 
0.00396562 0.00407756 0.00378343 0 0.00376557 0.0155454 0.0557127 0.0148665 0.0284567 0.0261685 0.297601 0.00896751 0.0283239 0.00836951 0.0100485 0.0121596 0.0274846 0.0092915 0.0442252 0.013367 0.016105 0.0101061 0.0104528 0.0111681 0.00878119 0.0118784 0.0152047 0.0262549 0.00937573 0.0117476 0.0100473 0.0454576 0.00933381 0.058329 0.00915101 0.021901 0.00867377 0.010022 0.00941972 0.0105736 0.0088024 0.0101039 0.0109935 0.0102013 0.00863034 0.0100794 0.00837125 
0.011936 0.00384327 0.00384304 0.00376557 0 0.138373 0.0206799 0.0449939 0.0134747 0.164731 0.00981292 0.0135488 0.00745425 0.0181206 0.0275223 0.0110497 0.00833661 0.0167844 0.00868555 0.0176024 0.0143405 0.0135803 0.00904655 0.0114278 0.00894212 0.0159775 0.0126169 0.00933415 0.0108153 0.0088718 0.0309096 0.00868322 0.023326 0.00845989 0.014224 0.00841371 0.0143194 0.0103724 0.00958694 0.00841028 0.00939398 0.00858052 0.00844451 0.00886763 0.00905882 0.00958848 0.0110187 
0.0175034 0.0065346 0.00518251 0.0155454 0.138373 0 0.669802 0.00651519 0.00699959 0.00436861 0.00517398 0.0052253 0.00712185 0.00887176 0.00871643 0.00753685 0.0072755 0.0077771 0.00803543 0.00820383 0.0180598 0.0124692 0.0100414 0.014408 0.0107202 0.0114249 0.00849852 0.00849648 0.0083807 0.0132564 0.0102483 0.00892649 0.00822728 0.00891208 0.00834028 0.00936429 0.0118849 0.0111565 0.00852781 0.00832161 0.00812138 0.00803136 0.00796304 0.00850463 0.00989527 0.0114048 0.0119511 
0.0107251 0.0109954 0.00835693 0.0557127 0.0206799 0.669802 0 0.00500613 0.00378012 0.00390784 0.00395054 0.00394802 0.00571729 0.0073134 0.0070599 0.00693768 0.00818017 0.00741961 0.0101509 0.00976618 0.0544408 0.0133242 0.0137398 0.0117359 0.010136 0.013036 0.00932259 0.0102345 0.0089937 0.0176041 0.0107762 0.0117074 0.0088488 0.012412 0.00864566 0.0120986 0.0124647 0.01202 0.00857225 0.00892945 0.00837106 0.00835605 0.00850475 0.00904483 0.0105052 0.0104955 0.0100509 
0.0132509 0.0102378 0.0319935 0.0148665 0.0449939 0.00651519 0.00500613 0 0.00377839 0.00379906 0.00380161 0.00388341 0.00404765 0.00474086 0.00650677 0.00740634 0.00703669 0.012273 0.00789323 0.0650952 0.045501 0.0121776 0.00894811 0.00902777 0.0093334 0.00931544 0.0203137 0.0099876 0.0257408 0.0091111 0.0133907 0.00940848 0.0239589 0.00918847 0.022886 0.00943525 0.0117332 0.00866696 0.0125025 0.00870374 0.0101245 0.00917135 0.00949046 0.0127401 0.00950744 0.0083105 0.0108658 
0.0108329 0.0460454 0.0277992 0.0284567 0.0134747 0.00699959 0.00378012 0.00377839 0 0.00378654 0.00378077 0.00377884 0.00386339 0.00392 0.00738697 0.00722271 0.0100667 0.00852878 0.0370487 0.0441891 0.0369625 0.00890768 0.00992486 0.00910727 0.00856081 0.0118302 0.0156279 0.0588169 0.0101791 0.010211 0.00996305 0.0275425 0.0118695 0.0422717 0.0128539 0.022123 0.00910764 0.00900541 0.0094937 0.01595 0.0107454 0.0131291 0.0207315 0.0114778 0.00918413 0.00847465 0.00856236 
0.0413565 0.0224642 0.0595359 0.0261685 0.164731 0.00436861 0.00390784 0.00379906 0.00378654 0 0.00385775 0.0038223 0.00389922 0.00391814 0.00661077 0.00938862 0.00933536 0.0355922 0.0702728 0.0532441 0.0109209 0.0100765 0.00919309 0.00911842 0.00853762 0.0112387 0.0495331 0.0233567 0.0163907 0.00955359 0.0174286 0.013903 0.0485853 0.0169387 0.0679432 0.010236 0.0105641 0.0088922 0.0130523 0.0122348 0.0165793 0.0165151 0.0221527 0.0168018 0.00963456 0.00850898 0.00886521 
0.0243092 0.0477152 0.0240618 0.297601 0.00981292 0.00517398 0.00395054 0.00380161 0.00378077 0.00385775 0 0.0038135 0.00390135 0.00378819 0.00582559 0.00932521 0.0430744 0.0418785 0.0617786 0.0100282 0.0106539 0.00934404 0.00967532 0.00915268 0.00853399 0.0147211 0.0185503 0.0373323 0.0104098 0.0105682 0.0103919 0.0305939 0.0128965 0.0641521 0.0123125 0.0184657 0.00948442 0.00964082 0.0104461 0.0160021 0.0116464 0.0165596 0.0187554 0.0120946 0.0094076 0.00894494 0.00865913 
0.0350811 0.0168438 0.348402 0.00896751 0.0135488 0.0052253 0.00394802 0.00388341 0.00377884 0.0038223 0.0038135 0 0.0037532 0.00381543 0.00620005 0.0203575 0.0530612 0.0584923 0.0079399 0.0126137 0.00806865 0.00884269 0.00853414 0.00844408 0.00826916 0.00955051 0.0171053 0.012394 0.0182894 0.00879246 0.0129651 0.00944216 0.0668324 0.00969359 0.0498237 0.00898685 0.0115271 0.00852081 0.0126145 0.00953467 0.0168376 0.00990578 0.0120561 0.0112777 0.00903903 0.00826177 0.00955835 
0.0213446 0.414028 0.00961525 0.0283239 0.00745425 0.00712185 0.00571729 0.00404765 0.00386339 0.00389922 0.00390135 0.0037532 0 0.00379121 0.0264282 0.0615552 0.026995 0.00667097 0.0201656 0.00787895 0.00924054 0.00899079 0.0117524 0.0105826 0.00825406 0.0115355 0.0118383 0.018625 0.00865548 0.0117832 0.00954886 0.0421154 0.00892837 0.0273384 0.00886616 0.0192515 0.00845707 0.0114881 0.00913168 0.0109004 0.00863027 0.00947697 0.00982276 0.00987819 0.00856784 0.0105177 0.00826255 
0.332042 0.0103788 0.0142701 0.00836951 0.0181206 0.00887176 0.0073134 0.00474086 0.00392 0.00391814 0.00378819 0.00381543 0.00379121 0 0.1256 0.00815539 0.00405587 0.00872893 0.00604598 0.00849804 0.00784734 0.0112479 0.00837563 0.010195 0.00846381 0.0141055 0.0111631 0.00869433 0.0101961 0.00913697 0.0334553 0.00868024 0.0152085 0.00846031 0.0153512 0.00843145 0.0159213 0.0111269 0.00980331 0.00827457 0.0096807 0.00839016 0.00847065 0.00884249 0.00956838 0.00965959 0.0126411 
0.02735 0.0111345 0.0130716 0.0100485 0.0275223 0.00871643 0.0070599 0.00650677 0.00738697 0.00661077 0.00582559 0.00620005 0.0264282 0.1256 0 0.00383713 0.00377847 0.00396617 0.00384985 0.00400075 0.004921 0.0077099 0.00840178 0.00858546 0.0108594 0.0104313 0.00962772 0.0102734 0.0106314 0.0146961 0.0131699 0.00923864 0.0119615 0.00923552 0.0122501 0.00929928 0.0333929 0.0106959 0.0096047 0.00869859 0.00942711 0.00853542 0.00864019 0.0100735 0.0141496 0.00908592 0.018051 
0.0128994 0.0189121 0.0155126 0.0121596 0.0110497 0.00753685 0.00693768 0.00740634 0.00722271 0.00938862 0.00932521 0.0203575 0.0615552 0.00815539 0.00383713 0 0.00377503 0.00379195 0.00381729 0.00389032 0.0039061 0.00714092 0.00868624 0.00810553 0.00845917 0.010718 0.0123403 0.00964537 0.0114939 0.00920013 0.0104402 0.00994259 0.0134651 0.00961743 0.0121492 0.00994905 0.0101661 0.00863842 0.00985137 0.00901891 0.00907397 0.00900315 0.00947222 0.011255 0.00900778 0.0086155 0.00891954 
0.0099072 0.0350566 0.0130276 0.0274846 0.00833661 0.0072755 0.00818017 0.00703669 0.0100667 0.00933536 0.0430744 0.0530612 0.026995 0.00405587 0.00377847 0.00377503 0 0.00380744 0.00369867 0.00377173 0.00385423 0.00648514 0.00704569 0.00876864 0.0154014 0.00861241 0.0102006 0.0221425 0.00904962 0.0094035 0.00883444 0.0216533 0.00922583 0.048888 0.00911912 0.029835 0.00845068 0.00948322 0.00880555 0.0134455 0.00947288 0.0108008 0.0138288 0.00925303 0.00878184 0.00935213 0.00815904 
0.0204214 0.0102872 0.0817626 0.0092915 0.0167844 0.0077771 0.00741961 0.012273 0.00852878 0.0355922 0.0418785 0.0584923 0.00667097 0.00872893 0.00396617 0.00379195 0.00380744 0 0.00375036 0.00380653 0.00377316 0.00638123 0.00673408 0.00882119 0.00936638 0.00847965 0.0238588 0.00873944 0.0182989 0.00829946 0.015558 0.00854299 0.0765369 0.00892862 0.147753 0.00851993 0.0134601 0.00867496 0.0142944 0.00904944 0.0194399 0.0104914 0.0104997 0.0121725 0.00931947 0.00827605 0.0100189 
0.010512 0.0975103 0.0124685 0.0442252 0.00868555 0.00803543 0.0101509 0.00789323 0.0370487 0.0702728 0.0617786 0.0079399 0.0201656 0.00604598 0.00384985 0.00381729 0.00369867 0.00375036 0 0.00375134 0.00379881 0.00639899 0.118068 0.0116544 0.00778635 0.0118325 0.00974548 0.0425989 0.00847419 0.0123074 0.00888102 0.0483448 0.00925892 0.184781 0.00916271 0.0262324 0.00887399 0.010528 0.00909428 0.0256366 0.00918702 0.0143889 0.0222145 0.0103071 0.00929552 0.00991918 0.0085294 
0.0300599 0.0140972 0.042634 0.013367 0.0176024 0.00820383 0.00976618 0.0650952 0.0441891 0.0532441 0.0100282 0.0126137 0.00787895 0.00849804 0.00400075 0.00389032 0.00377173 0.00380653 0.00375134 0 0.00381199 0.149111 0.0183807 0.00934637 0.00860176 0.00949462 0.0360007 0.0108204 0.0280576 0.00879321 0.0199159 0.0123131 0.109806 0.00953641 0.0268781 0.00961237 0.0131509 0.00874628 0.0131734 0.00896886 0.0118132 0.00941653 0.00980526 0.0181749 0.00966062 0.00883865 0.00944403 
0.0187547 0.019807 0.0105229 0.016105 0.0143405 0.0180598 0.0544408 0.045501 0.0369625 0.0109209 0.0106539 0.00806865 0.00924054 0.00784734 0.004921 0.0039061 0.00385423 0.00377316 0.00379881 0.00381199 0 0.0428891 0.00794194 0.0123751 0.00756177 0.0271918 0.0105519 0.0128175 0.00883397 0.0328747 0.0199239 0.0384277 0.00898047 0.0112855 0.00875458 0.0117458 0.0114476 0.015911 0.00872703 0.009049 0.00864168 0.00909127 0.00915957 0.00956183 0.0105447 0.0124916 0.0090878 
0.0135887 0.0106112 0.0097117 0.0101061 0.0135803 0.0124692 0.0133242 0.0121776 0.00890768 0.0100765 0.00934404 0.00884269 0.00899079 0.0112479 0.0077099 0.00714092 0.00648514 0.00638123 0.00639899 0.149111 0.0428891 0 0.00404884 0.00387839 0.017156 0.00538023 0.00714482 0.00809871 0.0148524 0.049713 0.00950074 0.00915643 0.00894569 0.00864681 0.00915953 0.00960347 0.0169094 0.00946692 0.0093731 0.0086675 0.00865179 0.00826057 0.0084688 0.00925141 0.0101953 0.0100608 0.0184848 
0.0102749 0.0114068 0.00903007 0.0104528 0.00904655 0.0100414 0.0137398 0.00894811 0.00992486 0.00919309 0.00967532 0.00853414 0.0117524 0.00837563 0.00840178 0.00868624 0.00704569 0.00673408 0.118068 0.0183807 0.00794194 0.00404884 0 0.0121024 0.00417172 0.00649731 0.00766731 0.0198083 0.0151169 0.00702527 0.0108368 0.00902395 0.00795602 0.00935305 0.00807538 0.0104688 0.00859188 0.0101291 0.00853047 0.00863006 0.00845469 0.00848285 0.00852982 0.00889148 0.00854967 0.0125033 0.00847622 
0.0110489 0.0112162 0.0088918 0.0111681 0.0114278 0.014408 0.0117359 0.00902777 0.00910727 0.00911842 0.00915268 0.00844408 0.0105826 0.010195 0.00858546 0.00810553 0.00876864 0.00882119 0.0116544 0.00934637 0.0123751 0.00387839 0.0121024 0 0.00827816 0.00569206 0.0611572 0.340394 0.00591803 0.0120464 0.00822523 0.00930839 0.00763533 0.0102923 0.00853332 0.0117312 0.0122362 0.0109823 0.00921909 0.0092989 0.00856791 0.00836396 0.00855317 0.00940911 0.0108169 0.0115201 0.0113596 
0.0151547 0.00925803 0.00860056 0.00878119 0.00894212 0.0107202 0.010136 0.0093334 0.00856081 0.00853762 0.00853399 0.00826916 0.00825406 0.00846381 0.0108594 0.00845917 0.0154014 0.00936638 0.00778635 0.00860176 0.00756177 0.017156 0.00417172 0.00827816 0 0.107166 0.283268 0.00414077 0.00499955 0.00507948 0.0102274 0.00771633 0.0077348 0.00769271 0.0085429 0.00919649 0.00958434 0.00977484 0.00868527 0.0081366 0.00826972 0.00807735 0.00805562 0.00861668 0.0083111 0.0121209 0.0102684 
0.0125261 0.0104466 0.0103621 0.0118784 0.0159775 0.0114249 0.013036 0.00931544 0.0118302 0.0112387 0.0147211 0.00955051 0.0115355 0.0141055 0.0104313 0.010718 0.00861241 0.00847965 0.0118325 0.00949462 0.0271918 0.00538023 0.00649731 0.00569206 0.107166 0 0.00377774 0.00380643 0.00381944 0.00441458 0.00707764 0.00689157 0.00768094 0.0200863 0.0341891 0.0299714 0.0189617 0.0093438 0.00819426 0.00866656 0.00823567 0.00855608 0.00853424 0.00965173 0.0148414 0.0106452 0.0134735 
0.0117571 0.0252064 0.028977 0.0152047 0.0126169 0.00849852 0.00932259 0.0203137 0.0156279 0.0495331 0.0185503 0.0171053 0.0118383 0.0111631 0.00962772 0.0123403 0.0102006 0.0238588 0.00974548 0.0360007 0.0105519 0.00714482 0.00766731 0.0611572 0.283268 0.00377774 0 0.00378318 0.00377666 0.00385296 0.00763614 0.0103662 0.0242968 0.035743 0.0361596 0.0118772 0.0145214 0.00856508 0.0137616 0.00876595 0.0102917 0.00952436 0.00986408 0.0138002 0.0100071 0.00916544 0.0104701 
0.0100374 0.0355665 0.0200588 0.0262549 0.00933415 0.00849648 0.0102345 0.0099876 0.0588169 0.0233567 0.0373323 0.012394 0.018625 0.00869433 0.0102734 0.00964537 0.0221425 0.00873944 0.0425989 0.0108204 0.0128175 0.00809871 0.0198083 0.340394 0.00414077 0.00380643 0.00378318 0 0.00374254 0.00386293 0.008675 0.0321636 0.021616 0.0749567 0.00843512 0.0253059 0.00796151 0.00953135 0.00890707 0.0129725 0.00860245 0.0113272 0.0146511 0.0100005 0.00916093 0.00974251 0.00873717 
0.0132228 0.0127417 0.0264337 0.00937573 0.0108153 0.0083807 0.0089937 0.0257408 0.0101791 0.0163907 0.0104098 0.0182894 0.00865548 0.0101961 0.0106314 0.0114939 0.00904962 0.0182989 0.00847419 0.0280576 0.00883397 0.0148524 0.0151169 0.00591803 0.00499955 0.00381944 0.00377666 0.00374254 0 0.0037795 0.034468 0.0253622 0.0446341 0.00699783 0.0278644 0.00758257 0.0105023 0.00822775 0.0111467 0.00804775 0.0108188 0.00849108 0.00886299 0.0116905 0.00894117 0.00881788 0.00997606 
0.0139257 0.0144066 0.00898494 0.0117476 0.0088718 0.0132564 0.0176041 0.0091111 0.010211 0.00955359 0.0105682 0.00879246 0.0117832 0.00913697 0.0146961 0.00920013 0.0094035 0.00829946 0.0123074 0.00879321 0.0328747 0.049713 0.00702527 0.0120464 0.00507948 0.00441458 0.00385296 0.00386293 0.0037795 0 0.0283576 0.0312362 0.00683934 0.0183044 0.00700583 0.00952926 0.00779524 0.0129108 0.00784977 0.00859541 0.00790755 0.00836454 0.00844495 0.0109542 0.0115196 0.0164744 0.0091946 
0.0186623 0.0103413 0.0156864 0.0100473 0.0309096 0.0102483 0.0107762 0.0133907 0.00996305 0.0174286 0.0103919 0.0129651 0.00954886 0.0334553 0.0131699 0.0104402 0.00883444 0.015558 0.00888102 0.0199159 0.0199239 0.00950074 0.0108368 0.00822523 0.0102274 0.00707764 0.00763614 0.008675 0.034468 0.0283576 0 0.00380938 0.00382501 0.00379302 0.00385391 0.00387534 0.00615454 0.00689906 0.00683344 0.00673778 0.00745522 0.00868383 0.085822 0.0679718 0.139362 0.00967554 0.0253945 
0.00899094 0.0545703 0.00990155 0.0454576 0.00868322 0.00892649 0.0117074 0.00940848 0.0275425 0.013903 0.0305939 0.00944216 0.0421154 0.00868024 0.00923864 0.00994259 0.0216533 0.00854299 0.0483448 0.0123131 0.0384277 0.00915643 0.00902395 0.00930839 0.00771633 0.00689157 0.0103662 0.0321636 0.0253622 0.0312362 0.00380938 0 0.00377597 0.00381936 0.00377082 0.00542169 0.0038842 0.00614047 0.00613619 0.00778591 0.00684123 0.265466 0.0613987 0.0348885 0.00946396 0.0147026 0.00944993 
0.0215477 0.00948444 0.0894172 0.00933381 0.023326 0.00822728 0.0088488 0.0239589 0.0118695 0.0485853 0.0128965 0.0668324 0.00892837 0.0152085 0.0119615 0.0134651 0.00922583 0.0765369 0.00925892 0.109806 0.00898047 0.00894569 0.00795602 0.00763533 0.0077348 0.00768094 0.0242968 0.021616 0.0446341 0.00683934 0.00382501 0.00377597 0 0.00377463 0.00447135 0.00375625 0.00396648 0.00501887 0.00798305 0.00669593 0.810802 0.0137645 0.00913605 0.0102087 0.00821495 0.00809647 0.0129278 
0.00920897 0.0773437 0.010472 0.058329 0.00845989 0.00891208 0.012412 0.00918847 0.0422717 0.0169387 0.0641521 0.00969359 0.0273384 0.00846031 0.00923552 0.00961743 0.048888 0.00892862 0.184781 0.00953641 0.0112855 0.00864681 0.00935305 0.0102923 0.00769271 0.0200863 0.035743 0.0749567 0.00699783 0.0183044 0.00379302 0.00381936 0.00377463 0 0.00372987 0.00390084 0.00376187 0.00800643 0.00560928 0.886324 0.0133539 0.0148327 0.00929484 0.00758087 0.00735636 0.0124879 0.00837727 
0.0242493 0.00939304 0.109119 0.00915101 0.014224 0.00834028 0.00864566 0.022886 0.0128539 0.0679432 0.0123125 0.0498237 0.00886616 0.0153512 0.0122501 0.0121492 0.00911912 0.147753 0.00916271 0.0268781 0.00875458 0.00915953 0.00807538 0.00853332 0.0085429 0.0341891 0.0361596 0.00843512 0.0278644 0.00700583 0.00385391 0.00377082 0.00447135 0.00372987 0 0.00373669 0.00379376 0.00487787 0.866795 0.0099153 0.0328167 0.00708968 0.00677598 0.00913104 0.00790025 0.00803146 0.0136251 
0.00967986 0.0439371 0.00909299 0.021901 0.00841371 0.00936429 0.0120986 0.00943525 0.022123 0.010236 0.0184657 0.00898685 0.0192515 0.00843145 0.00929928 0.00994905 0.029835 0.00851993 0.0262324 0.00961237 0.0117458 0.00960347 0.0104688 0.0117312 0.00919649 0.0299714 0.0118772 0.0253059 0.00758257 0.00952926 0.00387534 0.00542169 0.00375625 0.00390084 0.00373669 0 0.00387353 0.868274 0.0112221 0.012034 0.00566831 0.006418 0.0068292 0.0071939 0.00695611 0.0159774 0.00871207 
0.0272399 0.00963234 0.0110168 0.00867377 0.0143194 0.0118849 0.0124647 0.0117332 0.00910764 0.0105641 0.00948442 0.0115271 0.00845707 0.0159213 0.0333929 0.0101661 0.00845068 0.0134601 0.00887399 0.0131509 0.0114476 0.0169094 0.00859188 0.0122362 0.00958434 0.0189617 0.0145214 0.00796151 0.0105023 0.00779524 0.00615454 0.0038842 0.00396648 0.00376187 0.00379376 0.00387353 0 0.0323434 0.00799529 0.00431376 0.00569153 0.00512253 0.00530781 0.0067995 0.00881769 0.0109434 0.0157061 
0.0102072 0.00946017 0.00850424 0.010022 0.0103724 0.0111565 0.01202 0.00866696 0.00900541 0.0088922 0.00964082 0.00852081 0.0114881 0.0111269 0.0106959 0.00863842 0.00948322 0.00867496 0.010528 0.00874628 0.015911 0.00946692 0.0101291 0.0109823 0.00977484 0.0093438 0.00856508 0.00953135 0.00822775 0.0129108 0.00689906 0.00614047 0.00501887 0.00800643 0.00487787 0.868274 0.0323434 0 0.00390541 0.00386895 0.00389238 0.00387023 0.00392133 0.00440291 0.00701003 0.0153687 0.0187221 
0.00955741 0.00966124 0.0108532 0.00941972 0.00958694 0.00852781 0.00857225 0.0125025 0.0094937 0.0130523 0.0104461 0.0126145 0.00913168 0.00980331 0.0096047 0.00985137 0.00880555 0.0142944 0.00909428 0.0131734 0.00872703 0.0093731 0.00853047 0.00921909 0.00868527 0.00819426 0.0137616 0.00890707 0.0111467 0.00784977 0.00683344 0.00613619 0.00798305 0.00560928 0.866795 0.0112221 0.00799529 0.00390541 0 0.00377168 0.0037721 0.00375689 0.00377403 0.00394232 0.00384677 0.00815357 0.0106097 
0.00854086 0.014941 0.0100166 0.0105736 0.00841028 0.00832161 0.00892945 0.00870374 0.01595 0.0122348 0.0160021 0.00953467 0.0109004 0.00827457 0.00869859 0.00901891 0.0134455 0.00904944 0.0256366 0.00896886 0.009049 0.0086675 0.00863006 0.0092989 0.0081366 0.00866656 0.00876595 0.0129725 0.00804775 0.00859541 0.00673778 0.00778591 0.00669593 0.886324 0.0099153 0.012034 0.00431376 0.00386895 0.00377168 0 0.00374031 0.00375526 0.00375874 0.00377583 0.00380808 0.00836537 0.00712699 
0.00979224 0.00904726 0.0165067 0.0088024 0.00939398 0.00812138 0.00837106 0.0101245 0.0107454 0.0165793 0.0116464 0.0168376 0.00863027 0.0096807 0.00942711 0.00907397 0.00947288 0.0194399 0.00918702 0.0118132 0.00864168 0.00865179 0.00845469 0.00856791 0.00826972 0.00823567 0.0102917 0.00860245 0.0108188 0.00790755 0.00745522 0.00684123 0.810802 0.0133539 0.0328167 0.00566831 0.00569153 0.00389238 0.0037721 0.00374031 0 0.00382258 0.00374226 0.00378426 0.0038627 0.00667846 0.00857091 
0.00848946 0.0117208 0.0113739 0.0101039 0.00858052 0.00803136 0.00835605 0.00917135 0.0131291 0.0165151 0.0165596 0.00990578 0.00947697 0.00839016 0.00853542 0.00900315 0.0108008 0.0104914 0.0143889 0.00941653 0.00909127 0.00826057 0.00848285 0.00836396 0.00807735 0.00855608 0.00952436 0.0113272 0.00849108 0.00836454 0.00868383 0.265466 0.0137645 0.0148327 0.00708968 0.006418 0.00512253 0.00387023 0.00375689 0.00375526 0.00382258 0 0.00373858 0.00375665 0.00378295 0.00691564 0.00783458 
0.00867797 0.0129489 0.0152818 0.0109935 0.00844451 0.00796304 0.00850475 0.00949046 0.0207315 0.0221527 0.0187554 0.0120561 0.00982276 0.00847065 0.00864019 0.00947222 0.0138288 0.0104997 0.0222145 0.00980526 0.00915957 0.0084688 0.00852982 0.00855317 0.00805562 0.00853424 0.00986408 0.0146511 0.00886299 0.00844495 0.085822 0.0613987 0.00913605 0.00929484 0.00677598 0.0068292 0.00530781 0.00392133 0.00377403 0.00375874 0.00374226 0.00373858 0 0.00373637 0.00374423 0.0070014 0.008828 
0.010389 0.0120468 0.0133033 0.0102013 0.00886763 0.00850463 0.00904483 0.0127401 0.0114778 0.0168018 0.0120946 0.0112777 0.00987819 0.00884249 0.0100735 0.011255 0.00925303 0.0121725 0.0103071 0.0181749 0.00956183 0.00925141 0.00889148 0.00940911 0.00861668 0.00965173 0.0138002 0.0100005 0.0116905 0.0109542 0.0679718 0.0348885 0.0102087 0.00758087 0.00913104 0.0071939 0.0067995 0.00440291 0.00394232 0.00377583 0.00378426 0.00375665 0.00373637 0 0.00375874 0.0106106 0.0258421 
0.0131739 0.00938591 0.009264 0.00863034 0.00905882 0.00989527 0.0105052 0.00950744 0.00918413 0.00963456 0.0094076 0.00903903 0.00856784 0.00956838 0.0141496 0.00900778 0.00878184 0.00931947 0.00929552 0.00966062 0.0105447 0.0101953 0.00854967 0.0108169 0.0083111 0.0148414 0.0100071 0.00916093 0.00894117 0.0115196 0.139362 0.00946396 0.00821495 0.00735636 0.00790025 0.00695611 0.00881769 0.00701003 0.00384677 0.00380808 0.0038627 0.00378295 0.00374423 0.00375874 0 0.0443319 0.0106076 
0.00919805 0.00996044 0.00819171 0.0100794 0.00958848 0.0114048 0.0104955 0.0083105 0.00847465 0.00850898 0.00894494 0.00826177 0.0105177 0.00965959 0.00908592 0.0086155 0.00935213 0.00827605 0.00991918 0.00883865 0.0124916 0.0100608 0.0125033 0.0115201 0.0121209 0.0106452 0.00916544 0.00974251 0.00881788 0.0164744 0.00967554 0.0147026 0.00809647 0.0124879 0.00803146 0.0159774 0.0109434 0.0153687 0.00815357 0.00836537 0.00667846 0.00691564 0.0070014 0.0106106 0.0443319 0 0.0123843 
0.0170286 0.00857251 0.00914052 0.00837125 0.0110187 0.0119511 0.0100509 0.0108658 0.00856236 0.00886521 0.00865913 0.00955835 0.00826255 0.0126411 0.018051 0.00891954 0.00815904 0.0100189 0.0085294 0.00944403 0.0090878 0.0184848 0.00847622 0.0113596 0.0102684 0.0134735 0.0104701 0.00873717 0.00997606 0.0091946 0.0253945 0.00944993 0.0129278 0.00837727 0.0136251 0.00871207 0.0157061 0.0187221 0.0106097 0.00712699 0.00857091 0.00783458 0.008828 0.0258421 0.0106076 0.0123843 0 
