2APSA
EKLVVQVQQLDPVKGNKDVGTVEITESAYGLVFTPHLHGLAQGLHGFHIHQNPSCEPKEKDGKLVAGLGAGGHWDPKETKQHGYPWSDNAHLGDLPALFVEHDGSATNPVLAPRLKKLDEVKGHSLMIHEGGDNHSDHPAPLGGGGPRMACGVIK
CCCEEEEEECCCCCCCEEEEEEEEEEECCEEEEEEEECCCCCEEECEEEECCCCCCCEEECCEEECCHHHCCECCCCCCCCCCCCCCCCCCCCECCCEEECCCCCECCCEEECCCCCHHHHCCEEEEEECCCCCCCCCCCHHHHCCCEEEEEEEC
0 0 0 0 0 0 0 0 0 0 0 0 0 0 0 0 0 0 0 0 0 0 0 0 0 0 0 0 0 0 0 0 0 0 0 0 0 0 0 0 0 0 0 0 0 0 0 0 0 0 0 0 0 0 0 0 0 0 0 0 0 0 0 0 0 0 0 0 0 0 0 0 0 0 0 0 0 0 0 0 0 0 0 0 0 0 0 0 0 0 0 0 0 0 0 0 0 0 0 0 0 0 0 0 0 0 0 0 0 0 0 0 0 0 0 0 0 0 0 0 0 0 0 0 0 0 0 0 0 0 0 0 0 0 0 0 0 0 0 0 0 0 0 0 0 0 0 0 0 0 0 0 0 0 0 
0 0 0 0 0 0 0 0 0 0 0 0 0 0 0 0 0 0 0 0 0 0 0 0 0 0 0 0 0 0 0 0 0 0 0 0 0 0 0 0 0 0 0 0 0 0 0 0 0 0 0 0 0 0 0 0 0 0 0 0 0 0 0 0 0 0 0 0 0 0 0 0 0 0 0 0 0 0 0 0 0 0 0 0 0 0 0 0 0 0 0 0 0 0 0 0 0 0 0 0 0 0 0 0 0 0 0 0 0 0 0 0 0 0 0 0 0 0 0 0 0 0 0 0 0 0 0 0 0 0 0 0 0 0 0 0 0 0 0 0 0 0 0 0 0 0 0 0 0 0 0 0 0 0 0 
0 0.0039635 0.00405255 0.00382242 0.00430856 0.0074213 0.0131983 0.00852394 0.0083801 0.00929163 0.0335646 0.0283153 0.572558 0.00956762 0.0234459 0.0117232 0.0363933 0.023696 0.0102907 0.0166393 0.00936033 0.0169177 0.00841171 0.0219557 0.0122806 0.0158145 0.00896191 0.0139818 0.0111673 0.0116389 0.00962718 0.0153202 0.0112371 0.0098059 0.0153902 0.0171694 0.0102765 0.0151208 0.00978575 0.00995025 0.00959331 0.00914328 0.0106596 0.00978371 0.00903454 0.00880801 0.00962574 0.0086009 0.00820873 0.00826223 0.00847539 0.00861813 0.00907705 0.00892783 0.00805897 0.0082235 0.00813906 0.00811973 0.00850036 0.00938845 
0.0039635 0 0.00379654 0.00395596 0.00391625 0.00395016 0.00735959 0.00785878 0.00902911 0.0156118 0.0171576 0.669539 0.00890556 0.0459871 0.00866712 0.0314715 0.0126833 0.0108691 0.0426888 0.00908712 0.0455494 0.00850234 0.0416596 0.00911308 0.0167357 0.0110374 0.0172896 0.00934331 0.0114168 0.0107789 0.0187846 0.0105518 0.00889796 0.0112614 0.00999973 0.0109781 0.0160699 0.00944277 0.00831772 0.00819767 0.0103531 0.00874707 0.0105177 0.00910811 0.00964396 0.00963487 0.00857124 0.00835812 0.00842773 0.00999459 0.00933725 0.00993445 0.00831833 0.00797311 0.00878384 0.00873133 0.00869656 0.00883503 0.00922117 0.00997577 
0.00405255 0.00379654 0 0.0037709 0.00388166 0.00379787 0.00755813 0.0102461 0.0116844 0.0719757 0.680924 0.00823428 0.0967532 0.0082735 0.0169757 0.00908725 0.00800874 0.0118495 0.00962475 0.0497783 0.00866565 0.0593619 0.00818695 0.0211157 0.00827618 0.0118261 0.00881926 0.0112509 0.0102935 0.0314828 0.0090307 0.00904686 0.0100272 0.0084789 0.00926443 0.0116925 0.00914936 0.00956746 0.00812484 0.00817042 0.00955563 0.00944092 0.00819626 0.00800887 0.00913616 0.00868345 0.00821898 0.0081706 0.0086042 0.00985256 0.015341 0.00856235 0.00808043 0.00832904 0.00874962 0.00999291 0.00901623 0.00870583 0.0091365 0.00817272 
0.00382242 0.00395596 0.0037709 0 0.00376041 0.00376985 0.00686158 0.00872883 0.162474 0.42571 0.00800444 0.0997704 0.00788752 0.0255318 0.00827329 0.00840689 0.00897828 0.00889631 0.0190891 0.00926633 0.0472753 0.00815926 0.022412 0.00826988 0.0121557 0.00941741 0.00910641 0.00936254 0.0191089 0.00991681 0.0129728 0.00912739 0.00869447 0.00862795 0.0088702 0.00986272 0.00974063 0.00859096 0.00802331 0.00804493 0.00960493 0.00851814 0.00895308 0.00829895 0.00898894 0.00849482 0.00833725 0.00814022 0.00831675 0.0112806 0.00956905 0.00894586 0.0080873 0.00791856 0.00872124 0.00874518 0.0089201 0.00893602 0.00872724 0.00909658 
0.00430856 0.00391625 0.00388166 0.00376041 0 0.00376603 0.0102212 0.35949 0.0612768 0.0095131 0.0146106 0.00785841 0.0116568 0.00810041 0.00820411 0.00885977 0.00789893 0.0114308 0.0127898 0.0164118 0.00888526 0.0112283 0.00822373 0.011619 0.00846236 0.0104068 0.0132028 0.00938615 0.0100516 0.0203691 0.0121181 0.00866924 0.00893712 0.00906592 0.00842394 0.0100729 0.00988631 0.00886331 0.00822786 0.00818144 0.00930827 0.0093489 0.00820766 0.0080643 0.0090447 0.00878806 0.00832532 0.00796316 0.00840479 0.00890604 0.0093985 0.00842905 0.00805882 0.00791733 0.00833992 0.00865339 0.00845875 0.00843158 0.00830443 0.00808405 
0.0074213 0.00395016 0.00379787 0.00376985 0.00376603 0 0.586508 0.0292328 0.0100572 0.0119027 0.0080878 0.00745338 0.00940411 0.00801241 0.00806045 0.00812156 0.00918556 0.0163256 0.0120136 0.00996545 0.00912922 0.00858541 0.0081423 0.0100828 0.00924583 0.0168771 0.00921389 0.0111437 0.0154557 0.00941338 0.00988701 0.00983685 0.0155723 0.00860839 0.00942238 0.0160314 0.00948926 0.0101344 0.00989528 0.00958887 0.0131012 0.00838769 0.00874365 0.00916741 0.0114674 0.00845778 0.00829399 0.00930342 0.00818754 0.0083435 0.00848095 0.00821094 0.00805178 0.00892893 0.00822964 0.00821156 0.00813065 0.00824947 0.00801708 0.00813473 
0.0131983 0.00735959 0.00755813 0.00686158 0.0102212 0.586508 0 0.00473481 0.00376533 0.00380465 0.00399056 0.00472569 0.00431644 0.00459405 0.00482032 0.00579848 0.0102875 0.00776539 0.00703089 0.00755323 0.00798476 0.00715863 0.00763444 0.00804133 0.0188193 0.0106582 0.00904307 0.011573 0.009053 0.0086809 0.00959058 0.0103539 0.0094767 0.00889995 0.0117693 0.0104504 0.00938634 0.0109814 0.00891313 0.00882431 0.00875073 0.00846351 0.00924187 0.00894773 0.00846886 0.00819049 0.00863351 0.00792763 0.00788376 0.00796577 0.00804379 0.00808465 0.00812321 0.00798115 0.00795659 0.00793138 0.00793087 0.00800975 0.00791315 0.00872571 
0.00852394 0.00785878 0.0102461 0.00872883 0.35949 0.0292328 0.00473481 0 0.00378573 0.00374792 0.00376946 0.00387232 0.00412082 0.00409824 0.0043173 0.00592276 0.00519208 0.00637162 0.00672137 0.00773593 0.00725855 0.00857829 0.00695209 0.0167223 0.00771755 0.00895026 0.0133896 0.00933571 0.00871124 0.00992896 0.00912908 0.00862658 0.00860247 0.00896149 0.00854629 0.00913836 0.00918548 0.00842834 0.0081516 0.00811127 0.00863298 0.00879947 0.00832177 0.00805382 0.00813875 0.00849278 0.00815819 0.00790451 0.00824405 0.00839723 0.00856811 0.00827695 0.0080546 0.00791931 0.00804615 0.00814364 0.00819674 0.00808687 0.00843797 0.00812323 
0.0083801 0.00902911 0.0116844 0.162474 0.0612768 0.0100572 0.00376533 0.00378573 0 0.00375781 0.00370096 0.00385455 0.00385102 0.00414804 0.00467511 0.00406474 0.00472868 0.00673198 0.00674262 0.00719759 0.00998949 0.0069031 0.0167895 0.00743107 0.0466355 0.010837 0.00975978 0.00912929 0.0113777 0.00934738 0.0100586 0.00873524 0.00874469 0.00849272 0.00868323 0.0093269 0.00870889 0.00878841 0.00809953 0.00810347 0.00890916 0.00836138 0.00847103 0.00809242 0.00844354 0.00835458 0.00825189 0.00795055 0.00812808 0.00941171 0.00960457 0.00849823 0.00801806 0.0078466 0.0082703 0.00882387 0.00856501 0.00894683 0.00844981 0.00830428 
0.00929163 0.0156118 0.0719757 0.42571 0.0095131 0.0119027 0.00380465 0.00374792 0.00375781 0 0.00376421 0.00383623 0.0038688 0.00386407 0.00393379 0.00385606 0.00393661 0.00656956 0.00769307 0.00944074 0.0109063 0.00775474 0.00830735 0.0124583 0.31788 0.0088332 0.0085777 0.00910776 0.00896271 0.00957529 0.00985189 0.00876602 0.00847914 0.00861031 0.00858358 0.00909046 0.00902495 0.00864915 0.00812112 0.00810058 0.00911773 0.00877736 0.00866077 0.00806255 0.0085116 0.00881395 0.00858102 0.0080645 0.00848941 0.0126494 0.0139197 0.00923755 0.00814374 0.00796446 0.00868129 0.00903629 0.00912034 0.00908227 0.00963815 0.00867639 
0.0335646 0.0171576 0.680924 0.00800444 0.0146106 0.0080878 0.00399056 0.00376946 0.00370096 0.00376421 0 0.0037115 0.00401236 0.00381664 0.00395019 0.00390488 0.00381963 0.00712257 0.00729503 0.0123616 0.00721871 0.0188473 0.00774336 0.835108 0.00806197 0.00877747 0.00870432 0.00989443 0.00840979 0.0179805 0.00862419 0.00922804 0.00972869 0.00859985 0.0093634 0.0106823 0.00901854 0.00961001 0.00825833 0.00822667 0.00919336 0.00927973 0.00832598 0.00810184 0.00878017 0.00850437 0.00843434 0.00809256 0.00870607 0.00953019 0.0138003 0.0085443 0.00803298 0.00814714 0.00850294 0.00967702 0.00889002 0.00886557 0.00953342 0.00814342 
0.0283153 0.669539 0.00823428 0.0997704 0.00785841 0.00745338 0.00472569 0.00387232 0.00385455 0.00383623 0.0037115 0 0.00376981 0.003962 0.00381621 0.00392235 0.00438732 0.00512658 0.00949453 0.00710863 0.0312519 0.00692312 0.901911 0.00740499 0.0152122 0.00935497 0.00973014 0.00873069 0.0146043 0.00860808 0.0142858 0.0092238 0.00901793 0.00944559 0.00929133 0.010811 0.0110874 0.00936862 0.00835343 0.00824494 0.0101418 0.00872674 0.0106696 0.00941932 0.0095875 0.00879926 0.00863611 0.00849633 0.00860106 0.0143386 0.0100353 0.00921291 0.00833689 0.00795582 0.00917994 0.00894336 0.00893626 0.00962778 0.00859371 0.0107536 
0.572558 0.00890556 0.0967532 0.00788752 0.0116568 0.00940411 0.00431644 0.00412082 0.00385102 0.0038688 0.00401236 0.00376981 0 0.00376633 0.00388006 0.00380692 0.00390552 0.00541657 0.00531813 0.0209045 0.0079634 0.924009 0.00696503 0.0223646 0.00693015 0.00861432 0.0084024 0.0106231 0.00907382 0.018918 0.00864675 0.00918343 0.0107986 0.00903715 0.0103587 0.0122778 0.00969446 0.0110726 0.00862706 0.00871962 0.0097366 0.0116397 0.00848571 0.00814872 0.00927221 0.00986711 0.0087853 0.00858956 0.0108527 0.0102639 0.0228936 0.00898839 0.00851274 0.00892597 0.00853367 0.010621 0.0093892 0.00909273 0.0108799 0.00827097 
0.00956762 0.0459871 0.0082735 0.0255318 0.00810041 0.00801241 0.00459405 0.00409824 0.00414804 0.00386407 0.00381664 0.003962 0.00376633 0 0.00374528 0.00385941 0.00386587 0.00402411 0.0107125 0.00934269 0.933684 0.00643632 0.0212994 0.00634876 0.0100484 0.00809042 0.00836017 0.00910452 0.0108565 0.00850827 0.0127322 0.00868933 0.00915473 0.00900279 0.00894221 0.0100762 0.0102003 0.00896028 0.00822185 0.00814738 0.00980064 0.008631 0.0099685 0.00875672 0.00927011 0.00855165 0.00860477 0.00867012 0.00836522 0.0150583 0.00972116 0.00925365 0.00820364 0.00798938 0.00908225 0.00925334 0.00970701 0.00981229 0.00860765 0.0112959 
0.0234459 0.00866712 0.0169757 0.00827329 0.00820411 0.00806045 0.00482032 0.0043173 0.00467511 0.00393379 0.00395019 0.00381621 0.00388006 0.00374528 0 0.00376585 0.00377311 0.00528137 0.00504495 0.912436 0.00577651 0.00805245 0.00555252 0.00692025 0.00618943 0.00772147 0.00802856 0.0098151 0.00793181 0.0104072 0.00877605 0.00849265 0.00863938 0.00845374 0.00871723 0.00963035 0.00864328 0.00872238 0.00818705 0.00812858 0.00880334 0.00895903 0.00843503 0.00804105 0.00836349 0.00850736 0.00830566 0.00792778 0.00831825 0.00930525 0.0111837 0.00855787 0.00805675 0.00793944 0.00830043 0.00937789 0.00851209 0.00849031 0.00850547 0.00810801 
0.0117232 0.0314715 0.00908725 0.00840689 0.00885977 0.00812156 0.00579848 0.00592276 0.00406474 0.00385606 0.00390488 0.00392235 0.00380692 0.00385941 0.00376585 0 0.0040125 0.0155968 0.901865 0.00630505 0.0101464 0.00474557 0.00536956 0.00642767 0.00586234 0.00784414 0.0131924 0.00784677 0.00825813 0.0104326 0.0100711 0.00836385 0.00938727 0.00912377 0.0083708 0.010361 0.00980135 0.00876694 0.00852547 0.00861134 0.00920209 0.00900433 0.00837037 0.00829314 0.00887692 0.00899326 0.0083085 0.0082286 0.00840272 0.0084949 0.00879799 0.00873003 0.00804373 0.00823453 0.00823323 0.00828794 0.00826885 0.00833566 0.00816668 0.00820128 
0.0363933 0.0126833 0.00800874 0.00897828 0.00789893 0.00918556 0.0102875 0.00519208 0.00472868 0.00393661 0.00381963 0.00438732 0.00390552 0.00386587 0.00377311 0.0040125 0 0.910824 0.00710663 0.00581904 0.00409829 0.00391456 0.00477517 0.00470852 0.00620908 0.00925767 0.00725086 0.00847747 0.0125214 0.00852041 0.00866492 0.00966665 0.013195 0.00859897 0.00893582 0.0149554 0.00955182 0.00956179 0.00964227 0.00942691 0.0111842 0.00831378 0.00914481 0.00931788 0.0105289 0.00840871 0.00905401 0.00908532 0.008081 0.00832069 0.00844195 0.00821337 0.00829029 0.00834638 0.00800011 0.0081232 0.00808227 0.00825467 0.00791477 0.00828318 
0.023696 0.0108691 0.0118495 0.00889631 0.0114308 0.0163256 0.00776539 0.00637162 0.00673198 0.00656956 0.00712257 0.00512658 0.00541657 0.00402411 0.00528137 0.0155968 0.910824 0 0.00384803 0.00379324 0.00382857 0.00390818 0.00389346 0.00402201 0.00551179 0.00762389 0.00767084 0.0119861 0.00850356 0.010359 0.0141902 0.0320604 0.0122948 0.00988747 0.0171857 0.0135193 0.0109579 0.0166769 0.0109039 0.0117667 0.0131005 0.0100548 0.0146666 0.0107213 0.0125309 0.00993289 0.0115569 0.00885211 0.00880499 0.00933152 0.00965051 0.00989713 0.0109339 0.00845448 0.00839824 0.00873841 0.00866977 0.00877944 0.00978083 0.0100972 
0.0102907 0.0426888 0.00962475 0.0190891 0.0127898 0.0120136 0.00703089 0.00672137 0.00674262 0.00769307 0.00729503 0.00949453 0.00531813 0.0107125 0.00504495 0.901865 0.00710663 0.00384803 0 0.0037902 0.00376768 0.0037932 0.00372562 0.003925 0.00575593 0.00714957 0.0126385 0.00759819 0.00942718 0.013874 0.0295853 0.0138973 0.00934835 0.0116449 0.00923819 0.010126 0.0176956 0.00953088 0.00893256 0.00895943 0.0138252 0.0116397 0.0105822 0.00870377 0.0121764 0.0123436 0.0092624 0.00853793 0.0102919 0.0171987 0.0168884 0.0148722 0.00878758 0.00816256 0.00959014 0.00994977 0.0114997 0.0103288 0.0131904 0.0101605 
0.0166393 0.00908712 0.0497783 0.00926633 0.0164118 0.00996545 0.00755323 0.00773593 0.00719759 0.00944074 0.0123616 0.00710863 0.0209045 0.00934269 0.912436 0.00630505 0.00581904 0.00379324 0.0037902 0 0.00376681 0.00381184 0.00375404 0.00395458 0.00380166 0.00776273 0.00718994 0.00905492 0.00853183 0.0340551 0.0132605 0.0101078 0.0102559 0.00855147 0.00939268 0.0115513 0.00904625 0.0108513 0.00845248 0.00888933 0.0110756 0.0115669 0.00891571 0.0084124 0.00986435 0.0100253 0.00948269 0.0083706 0.0104833 0.0167801 0.0380029 0.010548 0.00892214 0.00832127 0.00914715 0.0156621 0.010995 0.0104511 0.0124879 0.00908021 
0.00936033 0.0455494 0.00866565 0.0472753 0.00888526 0.00912922 0.00798476 0.00725855 0.00998949 0.0109063 0.00721871 0.0312519 0.0079634 0.933684 0.00577651 0.0101464 0.00409829 0.00382857 0.00376768 0.00376681 0 0.00377024 0.0038554 0.00379771 0.00400061 0.00566425 0.00684996 0.0109449 0.010916 0.0132012 0.0186123 0.0109183 0.00873388 0.00890324 0.00917267 0.00991471 0.0102057 0.00896729 0.00856447 0.00853709 0.0120286 0.00941492 0.0110101 0.00874835 0.0106971 0.010109 0.00930856 0.00881439 0.00925772 0.0345362 0.0154232 0.0127073 0.00882444 0.00821854 0.0104559 0.0109658 0.0138538 0.0126156 0.0100449 0.0109211 
0.0169177 0.00850234 0.0593619 0.00815926 0.0112283 0.00858541 0.00715863 0.00857829 0.0069031 0.00775474 0.0188473 0.00692312 0.924009 0.00643632 0.00805245 0.00474557 0.00391456 0.00390818 0.0037932 0.00381184 0.00377024 0 0.00372679 0.00382295 0.0037518 0.0048943 0.00624189 0.00909556 0.00681473 0.0135621 0.00715439 0.00749665 0.00912697 0.0080996 0.00830155 0.0102497 0.00840095 0.00926132 0.00839348 0.00835775 0.00969014 0.0100086 0.00831912 0.00811687 0.00904031 0.00917475 0.00858802 0.007997 0.00923536 0.00934494 0.0246355 0.00853454 0.00819 0.0080893 0.00839488 0.0123477 0.00953728 0.00878363 0.0100702 0.008157 
0.00841171 0.0416596 0.00818695 0.022412 0.00822373 0.0081423 0.00763444 0.00695209 0.0167895 0.00830735 0.00774336 0.901911 0.00696503 0.0212994 0.00555252 0.00536956 0.00477517 0.00389346 0.00372562 0.00375404 0.0038554 0.00372679 0 0.00376745 0.00387328 0.00454044 0.0113616 0.0184419 0.0105941 0.00730799 0.0101589 0.0069549 0.007916 0.00848987 0.0084162 0.00933798 0.00983044 0.00867516 0.00837423 0.00828362 0.0102104 0.00862915 0.00993852 0.00865556 0.0094235 0.00882317 0.00853732 0.00838026 0.00836075 0.0174658 0.00966342 0.00917907 0.00831696 0.00790542 0.00946145 0.0090657 0.00914443 0.00994672 0.00831748 0.0100549 
0.0219557 0.00911308 0.0211157 0.00826988 0.011619 0.0100828 0.00804133 0.0167223 0.00743107 0.0124583 0.835108 0.00740499 0.0223646 0.00634876 0.00692025 0.00642767 0.00470852 0.00402201 0.003925 0.00395458 0.00379771 0.00382295 0.00376745 0 0.00374048 0.00486238 0.0153194 0.0161118 0.00627283 0.0178023 0.00682842 0.00693985 0.0104652 0.00905641 0.00885171 0.0114938 0.0098997 0.011248 0.00925025 0.00977129 0.00982125 0.0151975 0.00849235 0.00829822 0.00953558 0.0112602 0.00880165 0.0081532 0.00930885 0.00865168 0.0117347 0.00900865 0.00837511 0.00838608 0.00834019 0.00911649 0.00861419 0.00843863 0.0095186 0.00853898 
0.0122806 0.0167357 0.00827618 0.0121557 0.00846236 0.00924583 0.0188193 0.00771755 0.0466355 0.31788 0.00806197 0.0152122 0.00693015 0.0100484 0.00618943 0.00586234 0.00620908 0.00551179 0.00575593 0.00380166 0.00400061 0.0037518 0.00387328 0.00374048 0 0.0228644 0.0089667 0.00901271 0.0121039 0.00648306 0.0108509 0.00785981 0.0104287 0.00832264 0.00862142 0.0159838 0.0109548 0.00982719 0.0105107 0.010294 0.014403 0.00848276 0.0113432 0.0122885 0.012378 0.00872439 0.00905115 0.010246 0.00821823 0.00878732 0.00859148 0.00877112 0.00853104 0.00830667 0.00826195 0.00822841 0.00825529 0.00843061 0.00805728 0.00943288 
0.0158145 0.0110374 0.0118261 0.00941741 0.0104068 0.0168771 0.0106582 0.00895026 0.010837 0.0088332 0.00877747 0.00935497 0.00861432 0.00809042 0.00772147 0.00784414 0.00925767 0.00762389 0.00714957 0.00776273 0.00566425 0.0048943 0.00454044 0.00486238 0.0228644 0 0.00384475 0.00376814 0.0038391 0.00840288 0.00854113 0.00628447 0.00832236 0.00818114 0.018395 0.0107208 0.0105088 0.0153567 0.0100355 0.0107932 0.013409 0.0100775 0.0173632 0.0098279 0.0122338 0.00956472 0.0118911 0.00870173 0.0086647 0.00928912 0.00978428 0.00920335 0.00993861 0.00833292 0.00839809 0.00856061 0.00837376 0.00866834 0.00885429 0.0103551 
0.00896191 0.0172896 0.00881926 0.00910641 0.0132028 0.00921389 0.00904307 0.0133896 0.00975978 0.0085777 0.00870432 0.00973014 0.0084024 0.00836017 0.00802856 0.0131924 0.00725086 0.00767084 0.0126385 0.00718994 0.00684996 0.00624189 0.0113616 0.0153194 0.0089667 0.00384475 0 0.00395313 0.00380304 0.0191825 0.0057338 0.00414878 0.00678853 0.0273809 0.00759473 0.00861779 0.058626 0.00940996 0.00917759 0.00922052 0.00970087 0.035783 0.00921902 0.0086124 0.00933554 0.0207168 0.00915494 0.00810957 0.00941884 0.0101067 0.00986818 0.0138823 0.00826743 0.00805288 0.00881596 0.00863437 0.00860547 0.00847277 0.00965985 0.00856589 
0.0139818 0.00934331 0.0112509 0.00936254 0.00938615 0.0111437 0.011573 0.00933571 0.00912929 0.00910776 0.00989443 0.00873069 0.0106231 0.00910452 0.0098151 0.00784677 0.00847747 0.0119861 0.00759819 0.00905492 0.0109449 0.00909556 0.0184419 0.0161118 0.00901271 0.00376814 0.00395313 0 0.00687037 0.00378791 0.00389842 0.00383027 0.00996329 0.00689456 0.00840417 0.0154088 0.00850766 0.0112677 0.00946133 0.0101383 0.0138506 0.00908074 0.0131517 0.00929088 0.0129752 0.00886446 0.0116879 0.00884084 0.00875144 0.0115461 0.0158908 0.00935979 0.0105787 0.00838252 0.00861005 0.0105757 0.00944607 0.00978902 0.00860676 0.00968884 
0.0111673 0.0114168 0.0102935 0.0191089 0.0100516 0.0154557 0.009053 0.00871124 0.0113777 0.00896271 0.00840979 0.0146043 0.00907382 0.0108565 0.00793181 0.00825813 0.0125214 0.00850356 0.00942718 0.00853183 0.010916 0.00681473 0.0105941 0.00627283 0.0121039 0.0038391 0.00380304 0.00687037 0 0.00405719 0.00378411 0.00394545 0.00571943 0.007676 0.0244567 0.00802542 0.0124886 0.0142088 0.00910691 0.0101249 0.0132206 0.0100348 0.0193346 0.00941306 0.0117305 0.0100715 0.0137025 0.0089204 0.00939501 0.0165153 0.0154842 0.0137791 0.0103713 0.00839188 0.00997969 0.00997385 0.0124163 0.00993588 0.00940434 0.0124044 
0.0116389 0.0107789 0.0314828 0.00991681 0.0203691 0.00941338 0.0086809 0.00992896 0.00934738 0.00957529 0.0179805 0.00860808 0.018918 0.00850827 0.0104072 0.0104326 0.00852041 0.010359 0.013874 0.0340551 0.0132012 0.0135621 0.00730799 0.0178023 0.00648306 0.00840288 0.0191825 0.00378791 0.00405719 0 0.00490147 0.00378414 0.00722888 0.0178516 0.0231364 0.00821002 0.0128546 0.0120036 0.00944768 0.00970677 0.0139484 0.0274551 0.00950809 0.00882267 0.0114812 0.0172513 0.0103951 0.00850815 0.0120517 0.0147896 0.0448581 0.0121731 0.00899065 0.00831348 0.00973147 0.0142337 0.0106368 0.01059 0.0157918 0.00902537 
0.00962718 0.0187846 0.0090307 0.0129728 0.0121181 0.00988701 0.00959058 0.00912908 0.0100586 0.00985189 0.00862419 0.0142858 0.00864675 0.0127322 0.00877605 0.0100711 0.00866492 0.0141902 0.0295853 0.0132605 0.0186123 0.00715439 0.0101589 0.00682842 0.0108509 0.00854113 0.0057338 0.00389842 0.00378411 0.00490147 0 0.00377425 0.0124206 0.0166685 0.00794599 0.00967597 0.0148633 0.00831464 0.00989079 0.0105829 0.0140539 0.0122397 0.0138611 0.00890853 0.0112756 0.0150369 0.0105733 0.00917472 0.00941187 0.0216485 0.0136344 0.019996 0.0088982 0.00850141 0.0109332 0.0103449 0.0114269 0.0110145 0.0100488 0.00950696 
0.0153202 0.0105518 0.00904686 0.00912739 0.00866924 0.00983685 0.0103539 0.00862658 0.00873524 0.00876602 0.00922804 0.0092238 0.00918343 0.00868933 0.00849265 0.00836385 0.00966665 0.0320604 0.0138973 0.0101078 0.0109183 0.00749665 0.0069549 0.00693985 0.00785981 0.00628447 0.00414878 0.00383027 0.00394545 0.00378414 0.00377425 0 0.0248116 0.00736997 0.0116465 0.0144563 0.00821229 0.0107626 0.0486697 0.0109455 0.0136536 0.010277 0.0105788 0.0108317 0.0149919 0.00975308 0.0116234 0.00995002 0.00882973 0.0091297 0.0104208 0.00897477 0.00955727 0.00904193 0.00854759 0.00896081 0.00865353 0.0085798 0.00837314 0.00913772 
0.0112371 0.00889796 0.0100272 0.00869447 0.00893712 0.0155723 0.0094767 0.00860247 0.00874469 0.00847914 0.00972869 0.00901793 0.0107986 0.00915473 0.00863938 0.00938727 0.013195 0.0122948 0.00934835 0.0102559 0.00873388 0.00912697 0.007916 0.0104652 0.0104287 0.00832236 0.00678853 0.00996329 0.00571943 0.00722888 0.0124206 0.0248116 0 0.00515806 0.00430271 0.00689291 0.00668222 0.88832 0.010037 0.0114619 0.0114194 0.00994945 0.0169889 0.0109329 0.00969934 0.00912041 0.0118331 0.00858427 0.00828186 0.0086881 0.0085692 0.00868131 0.00984685 0.00829844 0.00818373 0.00812677 0.0080821 0.00814046 0.00833804 0.00964507 
0.0098059 0.0112614 0.0084789 0.00862795 0.00906592 0.00860839 0.00889995 0.00896149 0.00849272 0.00861031 0.00859985 0.00944559 0.00903715 0.00900279 0.00845374 0.00912377 0.00859897 0.00988747 0.0116449 0.00855147 0.00890324 0.0080996 0.00848987 0.00905641 0.00832264 0.00818114 0.0273809 0.00689456 0.007676 0.0178516 0.0166685 0.00736997 0.00515806 0 0.00487954 0.00637754 0.97347 0.00772188 0.00739993 0.00939624 0.0101453 0.0190191 0.0087612 0.00947456 0.00960025 0.0142124 0.00838435 0.0084728 0.00889321 0.00892174 0.00869304 0.00935508 0.00815999 0.00827632 0.00846603 0.00815297 0.00816657 0.00826082 0.00868535 0.00821062 
0.0153902 0.00999973 0.00926443 0.0088702 0.00842394 0.00942238 0.0117693 0.00854629 0.00868323 0.00858358 0.0093634 0.00929133 0.0103587 0.00894221 0.00871723 0.0083708 0.00893582 0.0171857 0.00923819 0.00939268 0.00917267 0.00830155 0.0084162 0.00885171 0.00862142 0.018395 0.00759473 0.00840417 0.0244567 0.0231364 0.00794599 0.0116465 0.00430271 0.00487954 0 0.986127 0.00887818 0.00678514 0.00819853 0.0105039 0.0163109 0.00890603 0.00919261 0.0118963 0.0147906 0.00862543 0.0088346 0.0118703 0.00860296 0.00838617 0.00861022 0.00833122 0.00836285 0.00991238 0.00812799 0.00810247 0.00809384 0.00827385 0.00810313 0.00852583 
0.0171694 0.0109781 0.0116925 0.00986272 0.0100729 0.0160314 0.0104504 0.00913836 0.0093269 0.00909046 0.0106823 0.010811 0.0122778 0.0100762 0.00963035 0.010361 0.0149554 0.0135193 0.010126 0.0115513 0.00991471 0.0102497 0.00933798 0.0114938 0.0159838 0.0107208 0.00861779 0.0154088 0.00802542 0.00821002 0.00967597 0.0144563 0.00689291 0.00637754 0.986127 0 0.00464074 0.00454526 0.00946397 0.013054 0.0173533 0.011089 0.0211205 0.0152592 0.013861 0.0101534 0.014564 0.010025 0.00935633 0.00905525 0.00938009 0.00972474 0.0126574 0.00939843 0.00836144 0.00839547 0.00829507 0.00838279 0.00914723 0.0119448 
0.0102765 0.0160699 0.00914936 0.00974063 0.00988631 0.00948926 0.00938634 0.00918548 0.00870889 0.00902495 0.00901854 0.0110874 0.00969446 0.0102003 0.00864328 0.00980135 0.00955182 0.0109579 0.0176956 0.00904625 0.0102057 0.00840095 0.00983044 0.0098997 0.0109548 0.0105088 0.058626 0.00850766 0.0124886 0.0128546 0.0148633 0.00821229 0.00668222 0.97347 0.00887818 0.00464074 0 0.00390805 0.00792712 0.0104796 0.0123 0.0331947 0.0105337 0.0113016 0.0113389 0.0241123 0.00910724 0.00922704 0.0100051 0.00951835 0.00920079 0.0107682 0.00910206 0.00852484 0.00979131 0.00847948 0.00836551 0.0084828 0.00937422 0.00895494 
0.0151208 0.00944277 0.00956746 0.00859096 0.00886331 0.0101344 0.0109814 0.00842834 0.00878841 0.00864915 0.00961001 0.00936862 0.0110726 0.00896028 0.00872238 0.00876694 0.00956179 0.0166769 0.00953088 0.0108513 0.00896729 0.00926132 0.00867516 0.011248 0.00982719 0.0153567 0.00940996 0.0112677 0.0142088 0.0120036 0.00831464 0.0107626 0.88832 0.00772188 0.00678514 0.00454526 0.00390805 0 0.0198393 0.0127926 0.0246302 0.0115241 0.0138651 0.0130601 0.0166528 0.0100589 0.0121123 0.0114839 0.00894805 0.00903851 0.0105382 0.00942634 0.00983594 0.0101591 0.00887 0.00891344 0.00881481 0.0085245 0.00855422 0.00914474 
0.00978575 0.00831772 0.00812484 0.00802331 0.00822786 0.00989528 0.00891313 0.0081516 0.00809953 0.00812112 0.00825833 0.00835343 0.00862706 0.00822185 0.00818705 0.00852547 0.00964227 0.0109039 0.00893256 0.00845248 0.00856447 0.00839348 0.00837423 0.00925025 0.0105107 0.0100355 0.00917759 0.00946133 0.00910691 0.00944768 0.00989079 0.0486697 0.010037 0.00739993 0.00819853 0.00946397 0.00792712 0.0198393 0 0.106105 0.013086 0.0133684 0.0182952 0.0389372 0.012052 0.01188 0.0111483 0.00951289 0.00833443 0.00841374 0.0085181 0.00888477 0.0114561 0.00936316 0.00806241 0.00818148 0.00815393 0.00806825 0.00820714 0.0106003 
0.00995025 0.00819767 0.00817042 0.00804493 0.00818144 0.00958887 0.00882431 0.00811127 0.00810347 0.00810058 0.00822667 0.00824494 0.00871962 0.00814738 0.00812858 0.00861134 0.00942691 0.0117667 0.00895943 0.00888933 0.00853709 0.00835775 0.00828362 0.00977129 0.010294 0.0107932 0.00922052 0.0101383 0.0101249 0.00970677 0.0105829 0.0109455 0.0114619 0.00939624 0.0105039 0.013054 0.0104796 0.0127926 0.106105 0 0.0275589 0.00968809 0.00648501 0.0385126 0.0118841 0.014139 0.0163591 0.0123725 0.010266 0.00921968 0.0104263 0.0119136 0.0141395 0.0132268 0.00936906 0.00899974 0.00904616 0.00854849 0.0105199 0.0135313 
0.00959331 0.0103531 0.00955563 0.00960493 0.00930827 0.0131012 0.00875073 0.00863298 0.00890916 0.00911773 0.00919336 0.0101418 0.0097366 0.00980064 0.00880334 0.00920209 0.0111842 0.0131005 0.0138252 0.0110756 0.0120286 0.00969014 0.0102104 0.00982125 0.014403 0.013409 0.00970087 0.0138506 0.0132206 0.0139484 0.0140539 0.0136536 0.0114194 0.0101453 0.0163109 0.0173533 0.0123 0.0246302 0.013086 0.0275589 0 0.00394486 0.00427165 0.0194019 0.0319064 0.0197699 0.0681097 0.0227843 0.018692 0.0261015 0.0225927 0.0182968 0.0209397 0.0145434 0.017642 0.0152918 0.0156424 0.0154981 0.0153833 0.0422118 
0.00914328 0.00874707 0.00944092 0.00851814 0.0093489 0.00838769 0.00846351 0.00879947 0.00836138 0.00877736 0.00927973 0.00872674 0.0116397 0.008631 0.00895903 0.00900433 0.00831378 0.0100548 0.0116397 0.0115669 0.00941492 0.0100086 0.00862915 0.0151975 0.00848276 0.0100775 0.035783 0.00908074 0.0100348 0.0274551 0.0122397 0.010277 0.00994945 0.0190191 0.00890603 0.011089 0.0331947 0.0115241 0.0133684 0.00968809 0.00394486 0 0.00381906 0.0134636 0.0140748 0.202529 0.0119632 0.0111742 0.0274348 0.0149021 0.0250652 0.0329236 0.0100091 0.0107657 0.0174387 0.0175538 0.0120205 0.0123266 0.0506014 0.0115192 
0.0106596 0.0105177 0.00819626 0.00895308 0.00820766 0.00874365 0.00924187 0.00832177 0.00847103 0.00866077 0.00832598 0.0106696 0.00848571 0.0099685 0.00843503 0.00837037 0.00914481 0.0146666 0.0105822 0.00891571 0.0110101 0.00831912 0.00993852 0.00849235 0.0113432 0.0173632 0.00921902 0.0131517 0.0193346 0.00950809 0.0138611 0.0105788 0.0169889 0.0087612 0.00919261 0.0211205 0.0105337 0.0138651 0.0182952 0.00648501 0.00427165 0.00381906 0 0.0917563 0.0603253 0.0124916 0.0155627 0.0209773 0.0101904 0.012425 0.0114638 0.014019 0.0228866 0.0140433 0.0115887 0.0104191 0.01039 0.0113869 0.00988022 0.0337423 
0.00978371 0.00910811 0.00800887 0.00829895 0.0080643 0.00916741 0.00894773 0.00805382 0.00809242 0.00806255 0.00810184 0.00941932 0.00814872 0.00875672 0.00804105 0.00829314 0.00931788 0.0107213 0.00870377 0.0084124 0.00874835 0.00811687 0.00865556 0.00829822 0.0122885 0.0098279 0.0086124 0.00929088 0.00941306 0.00882267 0.00890853 0.0108317 0.0109329 0.00947456 0.0118963 0.0152592 0.0113016 0.0130601 0.0389372 0.0385126 0.0194019 0.0134636 0.0917563 0 0.0164262 0.00765959 0.00677631 0.0115155 0.00958605 0.00997744 0.00935688 0.0118555 0.0143653 0.0127363 0.0110112 0.00906631 0.0090404 0.00889046 0.00950114 0.0206331 
0.00903454 0.00964396 0.00913616 0.00898894 0.0090447 0.0114674 0.00846886 0.00813875 0.00844354 0.0085116 0.00878017 0.0095875 0.00927221 0.00927011 0.00836349 0.00887692 0.0105289 0.0125309 0.0121764 0.00986435 0.0106971 0.00904031 0.0094235 0.00953558 0.012378 0.0122338 0.00933554 0.0129752 0.0117305 0.0114812 0.0112756 0.0149919 0.00969934 0.00960025 0.0147906 0.013861 0.0113389 0.0166528 0.012052 0.0118841 0.0319064 0.0140748 0.0603253 0.0164262 0 0.00384323 0.00391111 0.0226132 0.018525 0.0290531 0.0200759 0.0158346 0.0277523 0.0204262 0.0173748 0.0142259 0.015132 0.015226 0.0163513 0.047028 
0.00880801 0.00963487 0.00868345 0.00849482 0.00878806 0.00845778 0.00819049 0.00849278 0.00835458 0.00881395 0.00850437 0.00879926 0.00986711 0.00855165 0.00850736 0.00899326 0.00840871 0.00993289 0.0123436 0.0100253 0.010109 0.00917475 0.00882317 0.0112602 0.00872439 0.00956472 0.0207168 0.00886446 0.0100715 0.0172513 0.0150369 0.00975308 0.00912041 0.0142124 0.00862543 0.0101534 0.0241123 0.0100589 0.01188 0.014139 0.0197699 0.202529 0.0124916 0.00765959 0.00384323 0 0.0040773 0.014123 0.039968 0.0228312 0.023121 0.0610962 0.0111319 0.0115588 0.0221347 0.0187366 0.014039 0.0141255 0.0622313 0.0173755 
0.00962574 0.00857124 0.00821898 0.00833725 0.00832532 0.00829399 0.00863351 0.00815819 0.00825189 0.00858102 0.00843434 0.00863611 0.0087853 0.00860477 0.00830566 0.0083085 0.00905401 0.0115569 0.0092624 0.00948269 0.00930856 0.00858802 0.00853732 0.00880165 0.00905115 0.0118911 0.00915494 0.0116879 0.0137025 0.0103951 0.0105733 0.0116234 0.0118331 0.00838435 0.0088346 0.014564 0.00910724 0.0121123 0.0111483 0.0163591 0.0681097 0.0119632 0.0155627 0.00677631 0.00391111 0.0040773 0 0.015753 0.0146461 0.0176176 0.0278884 0.0219078 0.0240616 0.0151431 0.0119669 0.0130371 0.0130431 0.0137012 0.0126286 0.023018 
0.0086009 0.00835812 0.0081706 0.00814022 0.00796316 0.00930342 0.00792763 0.00790451 0.00795055 0.0080645 0.00809256 0.00849633 0.00858956 0.00867012 0.00792778 0.0082286 0.00908532 0.00885211 0.00853793 0.0083706 0.00881439 0.007997 0.00838026 0.0081532 0.010246 0.00870173 0.00810957 0.00884084 0.0089204 0.00850815 0.00917472 0.00995002 0.00858427 0.0084728 0.0118703 0.010025 0.00922704 0.0114839 0.00951289 0.0123725 0.0227843 0.0111742 0.0209773 0.0115155 0.0226132 0.014123 0.015753 0 0.00392658 0.00379776 0.00377922 0.00387608 0.00445575 0.038584 0.0123237 0.0102905 0.0104786 0.0106736 0.0131672 0.361384 
0.00820873 0.00842773 0.0086042 0.00831675 0.00840479 0.00818754 0.00788376 0.00824405 0.00812808 0.00848941 0.00870607 0.00860106 0.0108527 0.00836522 0.00831825 0.00840272 0.008081 0.00880499 0.0102919 0.0104833 0.00925772 0.00923536 0.00836075 0.00930885 0.00821823 0.0086647 0.00941884 0.00875144 0.00939501 0.0120517 0.00941187 0.00882973 0.00828186 0.00889321 0.00860296 0.00935633 0.0100051 0.00894805 0.00833443 0.010266 0.018692 0.0274348 0.0101904 0.00958605 0.018525 0.039968 0.0146461 0.00392658 0 0.00376773 0.00377187 0.00385387 0.00382521 0.0272526 0.0352381 0.0245068 0.0172162 0.0145483 0.460983 0.0156504 
0.00826223 0.00999459 0.00985256 0.0112806 0.00890604 0.0083435 0.00796577 0.00839723 0.00941171 0.0126494 0.00953019 0.0143386 0.0102639 0.0150583 0.00930525 0.0084949 0.00832069 0.00933152 0.0171987 0.0167801 0.0345362 0.00934494 0.0174658 0.00865168 0.00878732 0.00928912 0.0101067 0.0115461 0.0165153 0.0147896 0.0216485 0.0091297 0.0086881 0.00892174 0.00838617 0.00905525 0.00951835 0.00903851 0.00841374 0.00921968 0.0261015 0.0149021 0.012425 0.00997744 0.0290531 0.0228312 0.0176176 0.00379776 0.00376773 0 0.00375192 0.00379069 0.00378402 0.0227746 0.0399441 0.0892065 0.0285062 0.431014 0.0197634 0.027523 
0.00847539 0.00933725 0.015341 0.00956905 0.0093985 0.00848095 0.00804379 0.00856811 0.00960457 0.0139197 0.0138003 0.0100353 0.0228936 0.00972116 0.0111837 0.00879799 0.00844195 0.00965051 0.0168884 0.0380029 0.0154232 0.0246355 0.00966342 0.0117347 0.00859148 0.00978428 0.00986818 0.0158908 0.0154842 0.0448581 0.0136344 0.0104208 0.0085692 0.00869304 0.00861022 0.00938009 0.00920079 0.0105382 0.0085181 0.0104263 0.0225927 0.0250652 0.0114638 0.00935688 0.0200759 0.023121 0.0278884 0.00377922 0.00377187 0.00375192 0 0.00375415 0.00376834 0.0309622 0.0537584 0.0654452 0.4782 0.0398004 0.0488578 0.023888 
0.00861813 0.00993445 0.00856235 0.00894586 0.00842905 0.00821094 0.00808465 0.00827695 0.00849823 0.00923755 0.0085443 0.00921291 0.00898839 0.00925365 0.00855787 0.00873003 0.00821337 0.00989713 0.0148722 0.010548 0.0127073 0.00853454 0.00917907 0.00900865 0.00877112 0.00920335 0.0138823 0.00935979 0.0137791 0.0121731 0.019996 0.00897477 0.00868131 0.00935508 0.00833122 0.00972474 0.0107682 0.00942634 0.00888477 0.0119136 0.0182968 0.0329236 0.014019 0.0118555 0.0158346 0.0610962 0.0219078 0.00387608 0.00385387 0.00379069 0.00375415 0 0.00376573 0.0142584 0.0790695 0.435804 0.0240619 0.0515219 0.0650477 0.0384742 
0.00907705 0.00831833 0.00808043 0.0080873 0.00805882 0.00805178 0.00812321 0.0080546 0.00801806 0.00814374 0.00803298 0.00833689 0.00851274 0.00820364 0.00805675 0.00804373 0.00829029 0.0109339 0.00878758 0.00892214 0.00882444 0.00819 0.00831696 0.00837511 0.00853104 0.00993861 0.00826743 0.0105787 0.0103713 0.00899065 0.0088982 0.00955727 0.00984685 0.00815999 0.00836285 0.0126574 0.00910206 0.00983594 0.0114561 0.0141395 0.0209397 0.0100091 0.0228866 0.0143653 0.0277523 0.0111319 0.0240616 0.00445575 0.00382521 0.00378402 0.00376834 0.00376573 0 0.146614 0.0739684 0.0175176 0.0214565 0.0133823 0.0225827 0.072573 
0.00892783 0.00797311 0.00832904 0.00791856 0.00791733 0.00892893 0.00798115 0.00791931 0.0078466 0.00796446 0.00814714 0.00795582 0.00892597 0.00798938 0.00793944 0.00823453 0.00834638 0.00845448 0.00816256 0.00832127 0.00821854 0.0080893 0.00790542 0.00838608 0.00830667 0.00833292 0.00805288 0.00838252 0.00839188 0.00831348 0.00850141 0.00904193 0.00829844 0.00827632 0.00991238 0.00939843 0.00852484 0.0101591 0.00936316 0.0132268 0.0145434 0.0107657 0.0140433 0.0127363 0.0204262 0.0115588 0.0151431 0.038584 0.0272526 0.0227746 0.0309622 0.0142584 0.146614 0 0.00395414 0.00376503 0.00379311 0.0037348 0.00422945 0.0103929 
0.00805897 0.00878384 0.00874962 0.00872124 0.00833992 0.00822964 0.00795659 0.00804615 0.0082703 0.00868129 0.00850294 0.00917994 0.00853367 0.00908225 0.00830043 0.00823323 0.00800011 0.00839824 0.00959014 0.00914715 0.0104559 0.00839488 0.00946145 0.00834019 0.00826195 0.00839809 0.00881596 0.00861005 0.00997969 0.00973147 0.0109332 0.00854759 0.00818373 0.00846603 0.00812799 0.00836144 0.00979131 0.00887 0.00806241 0.00936906 0.017642 0.0174387 0.0115887 0.0110112 0.0173748 0.0221347 0.0119669 0.0123237 0.0352381 0.0399441 0.0537584 0.0790695 0.0739684 0.00395414 0 0.00382978 0.00378364 0.00374044 0.0038309 0.00585649 
0.0082235 0.00873133 0.00999291 0.00874518 0.00865339 0.00821156 0.00793138 0.00814364 0.00882387 0.00903629 0.00967702 0.00894336 0.010621 0.00925334 0.00937789 0.00828794 0.0081232 0.00873841 0.00994977 0.0156621 0.0109658 0.0123477 0.0090657 0.00911649 0.00822841 0.00856061 0.00863437 0.0105757 0.00997385 0.0142337 0.0103449 0.00896081 0.00812677 0.00815297 0.00810247 0.00839547 0.00847948 0.00891344 0.00818148 0.00899974 0.0152918 0.0175538 0.0104191 0.00906631 0.0142259 0.0187366 0.0130371 0.0102905 0.0245068 0.0892065 0.0654452 0.435804 0.0175176 0.00376503 0.00382978 0 0.00374629 0.00376161 0.00370725 0.00404326 
0.00813906 0.00869656 0.00901623 0.0089201 0.00845875 0.00813065 0.00793087 0.00819674 0.00856501 0.00912034 0.00889002 0.00893626 0.0093892 0.00970701 0.00851209 0.00826885 0.00808227 0.00866977 0.0114997 0.010995 0.0138538 0.00953728 0.00914443 0.00861419 0.00825529 0.00837376 0.00860547 0.00944607 0.0124163 0.0106368 0.0114269 0.00865353 0.0080821 0.00816657 0.00809384 0.00829507 0.00836551 0.00881481 0.00815393 0.00904616 0.0156424 0.0120205 0.01039 0.0090404 0.015132 0.014039 0.0130431 0.0104786 0.0172162 0.0285062 0.4782 0.0240619 0.0214565 0.00379311 0.00378364 0.00374629 0 0.00376108 0.00375127 0.00388641 
0.00811973 0.00883503 0.00870583 0.00893602 0.00843158 0.00824947 0.00800975 0.00808687 0.00894683 0.00908227 0.00886557 0.00962778 0.00909273 0.00981229 0.00849031 0.00833566 0.00825467 0.00877944 0.0103288 0.0104511 0.0126156 0.00878363 0.00994672 0.00843863 0.00843061 0.00866834 0.00847277 0.00978902 0.00993588 0.01059 0.0110145 0.0085798 0.00814046 0.00826082 0.00827385 0.00838279 0.0084828 0.0085245 0.00806825 0.00854849 0.0154981 0.0123266 0.0113869 0.00889046 0.015226 0.0141255 0.0137012 0.0106736 0.0145483 0.431014 0.0398004 0.0515219 0.0133823 0.0037348 0.00374044 0.00376161 0.00376108 0 0.00376447 0.00382747 
0.00850036 0.00922117 0.0091365 0.00872724 0.00830443 0.00801708 0.00791315 0.00843797 0.00844981 0.00963815 0.00953342 0.00859371 0.0108799 0.00860765 0.00850547 0.00816668 0.00791477 0.00978083 0.0131904 0.0124879 0.0100449 0.0100702 0.00831748 0.0095186 0.00805728 0.00885429 0.00965985 0.00860676 0.00940434 0.0157918 0.0100488 0.00837314 0.00833804 0.00868535 0.00810313 0.00914723 0.00937422 0.00855422 0.00820714 0.0105199 0.0153833 0.0506014 0.00988022 0.00950114 0.0163513 0.0622313 0.0126286 0.0131672 0.460983 0.0197634 0.0488578 0.0650477 0.0225827 0.00422945 0.0038309 0.00370725 0.00375127 0.00376447 0 0.00389513 
0.00938845 0.00997577 0.00817272 0.00909658 0.00808405 0.00813473 0.00872571 0.00812323 0.00830428 0.00867639 0.00814342 0.0107536 0.00827097 0.0112959 0.00810801 0.00820128 0.00828318 0.0100972 0.0101605 0.00908021 0.0109211 0.008157 0.0100549 0.00853898 0.00943288 0.0103551 0.00856589 0.00968884 0.0124044 0.00902537 0.00950696 0.00913772 0.00964507 0.00821062 0.00852583 0.0119448 0.00895494 0.00914474 0.0106003 0.0135313 0.0422118 0.0115192 0.0337423 0.0206331 0.047028 0.0173755 0.023018 0.361384 0.0156504 0.027523 0.023888 0.0384742 0.072573 0.0103929 0.00585649 0.00404326 0.00388641 0.00382747 0.00389513 0 
