4LIPD
DNYAATRYPIILVHGLTGTDKYAGVLEYWYGIQEDLQQRGATVYVANLSGFQSDDGPNGRGEQLLAYVKTVLAATGATKVNLVGHSQGGLTSRYVAAVAPDLVASVTTIGTPHRGSEFADFVQGVLAYDPTGLSSTVIAAFVNVFGILTSSSNNTNQDALAALKTLTTAQAATYNQNYPSAGLGAPGSCQTGAPTETVGGNTHLLYSWAGTAIQPTISVFGVTGATDTSTIPLVDPANALDPSTLALFGTGTVMVNRGSGQNDGVVSKCSALYGQVLSTSYKWNHLDEINQLLGVRGANAEDPVAVIRTHANRLKLAGV
CCCCCCCCCEEEECCCCCCCEECCCEECCCCHHHHHHHCCCCEEECCCCCCCCCCCCCCHHHHHHHHHHHHHHHHCCCCEEEEEECHHHHHHHHHHHHCHHHEEEEEEECCCCCCCHHHHHHHHHHCCCCCCHHHHHHHHHHHHHHHHHCCCCCCCCCHHHHHHHCCHHHHHHHHHHCCCCCECCCCCCCECCCEEEECCEEEEEEEEEECCEEEEEEECCEEEEEECCCCCCCCCHHHHCHHHHHHHHHHHHHHCCCCCCECCCCEHHHHCCCEEEEEEECCCCCHHHCCCCCCCCCCCCCHHHHHHHHHHHHHHCCC
0 0 0 0 0 0 0 0 0 0 0 0 0 0 0 0 0 0 0 0 0 0 0 0 0 0 0 0 0 0 0 0 0 0 0 0 0 0 0 0 0 0 0 0 0 0 0 0 0 0 0 0 0 0 0 0 0 0 0 0 0 0 0 0 0 0 0 0 0 0 0 0 0 0 0 0 0 0 0 0 0 0 0 0 0 0 0 0 0 0 0 0 0 0 0 0 0 0 0 0 0 0 0 0 0 0 0 0 0 0 0 0 0 0 0 0 0 0 0 0 0 0 0 0 0 0 0 0 0 0 0 0 0 0 0 0 0 0 0 0 0 0 0 0 0 0 0 0 0 0 0 0 0 0 0 0 0 0 0 0 0 0 0 0 0 0 0 0 0 0 0 0 0 0 0 0 0 0 0 0 0 0 0 0 0 0 0 0 0 0 0 0 0 0 0 0 0 0 0 0 0 0 0 0 0 0 0 0 0 0 0 0 0 0 0 0 0 0 0 0 0 0 0 0 0 0 0 0 0 0 0 0 0 0 0 0 0 0 0 0 0 0 0 0 0 0 0 0 0 0 0 0 0 0 0 0 0 0 0 0 0 0 0 0 0 0 0 0 0 0 0 0 0 0 0 0 0 0 0 0 0 0 0 0 0 0 0 0 0 0 0 0 0 0 0 0 0 0 0 0 0 0 0 0 0 0 0 0 0 0 0 0 0 0 0 0 0 0 0 
0 0 0 0 0 0 0 0 0 0 0 0 0 0 0 0 0 0 0 0 0 0 0 0 0 0 0 0 0 0 0 0 0 0 0 0 0 0 0 0 0 0 0 0 0 0 0 0 0 0 0 0 0 0 0 0 0 0 0 0 0 0 0 0 0 0 0 0 0 0 0 0 0 0 0 0 0 0 0 0 0 0 0 0 0 0 0 0 0 0 0 0 0 0 0 0 0 0 0 0 0 0 0 0 0 0 0 0 0 0 0 0 0 0 0 0 0 0 0 0 0 0 0 0 0 0 0 0 0 0 0 0 0 0 0 0 0 0 0 0 0 0 0 0 0 0 0 0 0 0 0 0 0 0 0 0 0 0 0 0 0 0 0 0 0 0 0 0 0 0 0 0 0 0 0 0 0 0 0 0 0 0 0 0 0 0 0 0 0 0 0 0 0 0 0 0 0 0 0 0 0 0 0 0 0 0 0 0 0 0 0 0 0 0 0 0 0 0 0 0 0 0 0 0 0 0 0 0 0 0 0 0 0 0 0 0 0 0 0 0 0 0 0 0 0 0 0 0 0 0 0 0 0 0 0 0 0 0 0 0 0 0 0 0 0 0 0 0 0 0 0 0 0 0 0 0 0 0 0 0 0 0 0 0 0 0 0 0 0 0 0 0 0 0 0 0 0 0 0 0 0 0 0 0 0 0 0 0 0 0 0 0 0 0 0 0 0 0 0 
0 0.00396876 0.00391067 0.00410901 0.011978 0.039765 0.016015 0.0281967 0.1154 0.0174096 0.0386963 0.0505555 0.0594051 0.0237687 0.0150605 0.0119326 0.0175249 0.014966 0.0120878 0.0123846 0.0146805 0.0122747 0.0116869 0.0178127 0.0101088 0.00937563 0.00823867 0.00815615 0.00807605 0.00860755 0.00838851 0.00814856 0.00836747 0.00866024 0.00850108 0.00880012 0.00853928 0.00873015 0.00830414 0.00902815 0.00841509 0.00821731 0.008178 0.00815821 0.0081905 0.0081023 0.0084179 0.00841334 0.00819197 0.00820706 0.00852582 0.00817561 0.00862727 0.00855267 0.00874543 0.00826009 0.00833351 0.00830854 0.00839221 0.00849446 0.00828682 0.00867444 
0.00396876 0 0.00386162 0.00385565 0.0175206 0.0169888 0.0236829 0.0143273 0.0531004 0.107925 0.0218233 0.024329 0.104822 0.101088 0.0563992 0.032911 0.0109903 0.013611 0.0215138 0.035438 0.0241916 0.0327959 0.0250051 0.0109954 0.00846985 0.00823224 0.00816093 0.00842524 0.00848208 0.00812301 0.00819869 0.00849815 0.00908018 0.00896739 0.00940837 0.00910508 0.00904704 0.00915098 0.00855897 0.00834223 0.00827756 0.00853691 0.00841069 0.00839736 0.00831401 0.00830928 0.00810924 0.0080966 0.00854893 0.0084792 0.00859303 0.00841186 0.00822561 0.00813123 0.00829546 0.00821909 0.00839106 0.00844754 0.00851895 0.00845987 0.00851833 0.00846683 
0.00391067 0.00386162 0 0.00388603 0.0124971 0.029683 0.0146417 0.0209344 0.0168617 0.0947115 0.0317154 0.012201 0.0346989 0.058664 0.0809164 0.0823458 0.0151112 0.011854 0.017167 0.0303068 0.0263723 0.0292346 0.038607 0.0142737 0.00810952 0.00815635 0.00838919 0.00854129 0.00833772 0.00810228 0.00834864 0.00852124 0.00891289 0.00896425 0.00910137 0.00906629 0.00889789 0.00880694 0.00883122 0.0084686 0.00847645 0.00846797 0.00837546 0.0083457 0.00826718 0.0082822 0.00805524 0.00839642 0.00849435 0.00849246 0.00856988 0.00838285 0.00817779 0.00814791 0.00830476 0.00828628 0.0084692 0.00845613 0.00846572 0.00844351 0.00844685 0.00842844 
0.00410901 0.00385565 0.00388603 0 0.0158717 0.0169778 0.0136496 0.0216373 0.0424797 0.0128324 0.0658402 0.0193133 0.014377 0.0195059 0.0164701 0.0265015 0.0262419 0.0177308 0.0102066 0.0105044 0.011394 0.0109304 0.0123895 0.0157389 0.00867236 0.00870811 0.00824266 0.00804093 0.0079593 0.00807553 0.00834454 0.00801926 0.00833678 0.00826218 0.0083821 0.00843786 0.00834479 0.00838842 0.00828184 0.00862028 0.00831521 0.0080801 0.0080175 0.0080588 0.00804754 0.0079602 0.00805087 0.00819375 0.00811656 0.00818303 0.0082045 0.00804352 0.00813495 0.00827134 0.00829833 0.00824144 0.0082473 0.00821017 0.00822323 0.0082058 0.00818422 0.00830061 
0.011978 0.0175206 0.0124971 0.0158717 0 0.00459579 0.00807324 0.894963 0.0111744 0.0264828 0.0144342 0.0107612 0.012176 0.0086812 0.0086639 0.0090685 0.00943525 0.00914653 0.00825367 0.00859769 0.00819378 0.00837513 0.00859494 0.00869418 0.00877916 0.00861423 0.00826008 0.00791489 0.0080547 0.00810371 0.00793006 0.00796743 0.00793629 0.00792314 0.0079285 0.0079307 0.00793189 0.00792011 0.00790332 0.0080073 0.00801547 0.00788652 0.00791119 0.00793901 0.00791775 0.00797489 0.00809717 0.00814282 0.00789216 0.00794369 0.00791827 0.00803039 0.00805006 0.00828274 0.00848098 0.00809932 0.00801389 0.00800367 0.00805399 0.00798972 0.00801329 0.0081441 
0.039765 0.0169888 0.029683 0.0169778 0.00459579 0 0.951981 0.00472019 0.0403936 0.0124451 0.0188486 0.0173886 0.00912091 0.00885883 0.00848522 0.00920868 0.00986615 0.0134074 0.00871142 0.00819612 0.00846361 0.00838231 0.0084583 0.00916608 0.00919572 0.00864372 0.00819716 0.00819297 0.00804606 0.00812336 0.00849532 0.00793208 0.00801744 0.00796675 0.00801767 0.00796523 0.00795355 0.00793692 0.00793615 0.00807466 0.00821473 0.00801142 0.00791125 0.00792155 0.00798098 0.00794395 0.00803407 0.0082469 0.00815052 0.00789404 0.00810856 0.00790299 0.00826792 0.00840874 0.00846249 0.0082363 0.00830222 0.00811851 0.00816588 0.00817437 0.00810593 0.00847275 
0.016015 0.0236829 0.0146417 0.0136496 0.00807324 0.951981 0 0.00454633 0.0171501 0.0411522 0.0296291 0.0121518 0.0108475 0.00885679 0.0086137 0.00931342 0.00987997 0.00879712 0.00834434 0.00851334 0.00829186 0.00838211 0.00890029 0.00967497 0.0090203 0.00871358 0.00850225 0.00792749 0.00809679 0.00823228 0.00805068 0.00795821 0.00791757 0.00795774 0.00797198 0.00794386 0.00795032 0.00794287 0.00794148 0.00813597 0.00808063 0.00789179 0.00790143 0.00793688 0.00791722 0.00795687 0.00817606 0.00838859 0.00789719 0.00794826 0.00789077 0.00797927 0.0080842 0.00838295 0.00839674 0.00803088 0.00807036 0.00800674 0.00809295 0.00803746 0.00800188 0.00823995 
0.0281967 0.0143273 0.0209344 0.0216373 0.894963 0.00472019 0.00454633 0 0.0125617 0.0190532 0.0337711 0.0116805 0.0104866 0.00952896 0.0102076 0.0118282 0.011014 0.0111142 0.00850786 0.00847265 0.00839074 0.00853431 0.00945494 0.00952875 0.00859057 0.00834455 0.00805589 0.00791998 0.00793901 0.00800673 0.00805959 0.00789738 0.00797377 0.00797301 0.00801211 0.00796183 0.00795783 0.00795031 0.00793766 0.00803491 0.00807188 0.00794391 0.00789137 0.00790189 0.00787864 0.00787344 0.00799685 0.00801739 0.00797082 0.00788767 0.00800294 0.00787948 0.00801195 0.00808718 0.0081596 0.00811524 0.00824079 0.00806542 0.0081669 0.00809157 0.00806963 0.00816727 
0.1154 0.0531004 0.0168617 0.0424797 0.0111744 0.0403936 0.0171501 0.0125617 0 0.00385749 0.00443253 0.235286 0.0176725 0.0340182 0.0149062 0.0115491 0.0234363 0.0161011 0.0134874 0.0103486 0.015953 0.0109997 0.0102202 0.0235575 0.0103788 0.00945531 0.00824178 0.00886821 0.0081021 0.00899877 0.00914952 0.00791726 0.00841712 0.00832187 0.00833445 0.00835266 0.00818786 0.00833588 0.0081076 0.00875225 0.0085194 0.00817355 0.00808097 0.0081212 0.00836668 0.00813332 0.00877431 0.00846809 0.00851683 0.00799736 0.00860091 0.00809432 0.009325 0.00896227 0.0087567 0.0081425 0.00826284 0.00811162 0.00819339 0.00821231 0.0080824 0.00922121 
0.0174096 0.107925 0.0947115 0.0128324 0.0264828 0.0124451 0.0411522 0.0190532 0.00385749 0 0.00388287 0.015597 0.157615 0.0176865 0.0236932 0.0700771 0.0117744 0.010771 0.0109719 0.0167702 0.00989647 0.0119247 0.023166 0.0095545 0.00860291 0.00825962 0.00826344 0.00813985 0.0083276 0.00801064 0.00788973 0.00836891 0.00832422 0.00840561 0.0084672 0.00841078 0.00835474 0.00831473 0.00848246 0.00811621 0.00810227 0.00820784 0.00810812 0.00817206 0.00803446 0.00814142 0.00798868 0.00813077 0.00820219 0.00821035 0.00810535 0.00825449 0.00805481 0.00800753 0.00812998 0.00807434 0.00828095 0.00820118 0.00814328 0.00817384 0.00816073 0.00802548 
0.0386963 0.0218233 0.0317154 0.0658402 0.0144342 0.0188486 0.0296291 0.0337711 0.00443253 0.00388287 0 0.0279328 0.0140175 0.043997 0.0270144 0.0415579 0.0863573 0.0302204 0.011878 0.0112656 0.0113805 0.0113321 0.0105725 0.0202975 0.0103856 0.00967014 0.00920462 0.00848514 0.00813167 0.00815476 0.00969666 0.00833489 0.00824671 0.00821548 0.00825803 0.00826146 0.00816129 0.00824521 0.00837884 0.00836202 0.00920165 0.00815441 0.00802798 0.00802191 0.00808541 0.00801893 0.00811506 0.00871283 0.00829379 0.00814173 0.00818345 0.00809808 0.00815927 0.00857118 0.008323 0.00845547 0.00829579 0.00813963 0.00816555 0.00814206 0.0080322 0.00819718 
0.0505555 0.024329 0.012201 0.0193133 0.0107612 0.0173886 0.0121518 0.0116805 0.235286 0.015597 0.0279328 0 0.00392546 0.00383222 0.00378944 0.00381696 0.00560559 0.100716 0.0876689 0.0116806 0.0262795 0.0122558 0.0220058 0.0565244 0.0121962 0.0108937 0.00880287 0.0088041 0.00874715 0.0100698 0.00925838 0.0080558 0.00842231 0.0085282 0.00869445 0.00864742 0.0085345 0.00865627 0.00840553 0.00991752 0.00899244 0.00826978 0.00813864 0.00812001 0.00829551 0.00813178 0.00887245 0.00838988 0.00834099 0.00808761 0.00831923 0.00828772 0.0093202 0.00879438 0.00897488 0.00807239 0.00799157 0.00800849 0.0080213 0.00808201 0.00801574 0.00853929 
0.0594051 0.104822 0.0346989 0.014377 0.012176 0.00912091 0.0108475 0.0104866 0.0176725 0.157615 0.0140175 0.00392546 0 0.00378477 0.00377027 0.0039702 0.00377747 0.0279975 0.0256611 0.407658 0.0142834 0.0621119 0.0475574 0.0133297 0.00951214 0.0087116 0.00865659 0.00837024 0.00869564 0.00814378 0.0081786 0.00930272 0.0094615 0.0111728 0.0114018 0.0106216 0.0109692 0.00986585 0.0100482 0.00913507 0.00857395 0.00848618 0.00844194 0.00856439 0.0082747 0.0082773 0.00811769 0.00825543 0.0084052 0.0089082 0.00858105 0.00871994 0.00845704 0.00791607 0.00808508 0.00800769 0.00823439 0.00828559 0.00831363 0.00828541 0.00819477 0.00806617 
0.0237687 0.101088 0.058664 0.0195059 0.0086812 0.00885883 0.00885679 0.00952896 0.0340182 0.0176865 0.043997 0.00383222 0.00378477 0 0.00374742 0.00375856 0.0037942 0.0158188 0.0685827 0.0246054 0.554573 0.0386564 0.0409332 0.0152027 0.00888973 0.00831872 0.00818786 0.00889578 0.00869852 0.00830649 0.00826398 0.00866594 0.0124807 0.0142434 0.0154922 0.015542 0.0134136 0.0141878 0.0101758 0.00921711 0.00847067 0.00877239 0.00875319 0.00884688 0.00886691 0.00837201 0.00815824 0.00807282 0.00867775 0.0087267 0.0101034 0.00860005 0.00837224 0.00790986 0.00794138 0.00804462 0.00848735 0.00842688 0.00860517 0.00859029 0.00840494 0.00817405 
0.0150605 0.0563992 0.0809164 0.0164701 0.0086639 0.00848522 0.0086137 0.0102076 0.0149062 0.0236932 0.0270144 0.00378944 0.00377027 0.00374742 0 0.00375817 0.00375475 0.0253223 0.0162579 0.169686 0.0313208 0.466036 0.0203427 0.0281337 0.00884942 0.00817994 0.00821841 0.00835096 0.00856654 0.00815747 0.00806233 0.00868811 0.0112128 0.0125783 0.015394 0.0143653 0.0137383 0.0124322 0.0104359 0.00899237 0.00836724 0.00852081 0.00871217 0.00861209 0.00840093 0.0082022 0.00799186 0.00802377 0.00836439 0.00899741 0.00904786 0.00850033 0.00811563 0.00788201 0.00793922 0.00796622 0.00821165 0.00834808 0.00830321 0.00831787 0.00822164 0.00806751 
0.0119326 0.032911 0.0823458 0.0265015 0.0090685 0.00920868 0.00931342 0.0118282 0.0115491 0.0700771 0.0415579 0.00381696 0.0039702 0.00375856 0.00375817 0 0.00384139 0.0127273 0.0467747 0.0578978 0.0598704 0.0208421 0.599162 0.0290486 0.009216 0.00854108 0.00841949 0.00857968 0.00839421 0.0081671 0.00850139 0.00902332 0.00942077 0.0108985 0.0113398 0.0108146 0.0100104 0.00977495 0.00993926 0.00976144 0.00856589 0.00864558 0.00837948 0.0083594 0.00821898 0.00809325 0.00802168 0.0081412 0.00848588 0.00854525 0.00852391 0.00828468 0.00829941 0.00786593 0.0079733 0.00794569 0.00822693 0.00820035 0.00818064 0.00818912 0.00813687 0.00805983 
0.0175249 0.0109903 0.0151112 0.0262419 0.00943525 0.00986615 0.00987997 0.011014 0.0234363 0.0117744 0.0863573 0.00560559 0.00377747 0.0037942 0.00375475 0.00384139 0 0.0248404 0.0150595 0.0201734 0.0152267 0.0287053 0.0178368 0.501124 0.0106396 0.0110187 0.00900718 0.00815548 0.00806514 0.00819482 0.00938368 0.00815596 0.00833092 0.00836694 0.00860553 0.00852724 0.00842767 0.00849175 0.00849974 0.0090826 0.00947442 0.00811718 0.00807884 0.00794558 0.00794004 0.00797131 0.00793695 0.00838365 0.00802546 0.00803385 0.00807979 0.00800577 0.00820284 0.00814966 0.00814923 0.00806332 0.00790466 0.00789667 0.00793092 0.00789917 0.00789173 0.00801154 
0.014966 0.013611 0.011854 0.0177308 0.00914653 0.0134074 0.00879712 0.0111142 0.0161011 0.010771 0.0302204 0.100716 0.0279975 0.0158188 0.0253223 0.0127273 0.0248404 0 0.00384138 0.00381267 0.00381604 0.0038842 0.00397045 0.00501279 0.0201948 0.0109859 0.00893626 0.00882228 0.00885086 0.0122126 0.00879679 0.0082256 0.00891792 0.0091603 0.00968508 0.00911442 0.0101285 0.00952471 0.00937712 0.0122667 0.00916361 0.00858501 0.00826913 0.00828251 0.0083573 0.00831729 0.0100417 0.00822217 0.00853459 0.00815082 0.00880454 0.00875157 0.00969584 0.00877371 0.00897177 0.00811401 0.00806856 0.00798538 0.00804691 0.00839651 0.00807406 0.00891597 
0.0120878 0.0215138 0.017167 0.0102066 0.00825367 0.00871142 0.00834434 0.00850786 0.0134874 0.0109719 0.011878 0.0876689 0.0256611 0.0685827 0.0162579 0.0467747 0.0150595 0.00384138 0 0.00378818 0.00379993 0.00390718 0.00387861 0.00404727 0.0111433 0.00866082 0.008236 0.00901507 0.0085069 0.00843261 0.00844977 0.00868242 0.010131 0.0106073 0.0116434 0.0133112 0.0107805 0.0110187 0.00936016 0.00925044 0.008751 0.00869541 0.00858323 0.00844419 0.00837661 0.00826282 0.00813137 0.00804839 0.00853023 0.00870265 0.00938131 0.00838354 0.00837524 0.00788725 0.00803367 0.00798121 0.00824467 0.00826989 0.00832625 0.00837762 0.00824447 0.00809842 
0.0123846 0.035438 0.0303068 0.0105044 0.00859769 0.00819612 0.00851334 0.00847265 0.0103486 0.0167702 0.0112656 0.0116806 0.407658 0.0246054 0.169686 0.0578978 0.0201734 0.00381267 0.00378818 0 0.00375847 0.00381892 0.00392802 0.00386054 0.0115778 0.00878118 0.00890589 0.00941242 0.0106049 0.00840104 0.00839769 0.0118073 0.0133291 0.0229392 0.0296478 0.0204285 0.0222645 0.0157255 0.012614 0.00927301 0.00879461 0.00891207 0.0098548 0.00930347 0.00922855 0.00871254 0.00821075 0.00852629 0.00846985 0.0122552 0.00945174 0.0100978 0.00837319 0.00786647 0.00805359 0.00820152 0.00841713 0.00870685 0.00858963 0.00870777 0.00857718 0.00824001 
0.0146805 0.0241916 0.0263723 0.011394 0.00819378 0.00846361 0.00829186 0.00839074 0.015953 0.00989647 0.0113805 0.0262795 0.0142834 0.554573 0.0313208 0.0598704 0.0152267 0.00381604 0.00379993 0.00375847 0 0.0037632 0.00383483 0.00381639 0.0117078 0.00865048 0.0084325 0.00992103 0.00889689 0.00868 0.00870177 0.00893747 0.0186614 0.0195527 0.0239724 0.0254631 0.0167102 0.0226737 0.0108769 0.00975371 0.00859928 0.00908035 0.00944245 0.00918894 0.00932187 0.00841575 0.00825814 0.00810849 0.00919698 0.00880514 0.0124021 0.00853462 0.00856425 0.00796406 0.00806147 0.00801833 0.00848242 0.0085142 0.00850022 0.00852827 0.0084185 0.00825096 
0.0122747 0.0327959 0.0292346 0.0109304 0.00837513 0.00838231 0.00838211 0.00853431 0.0109997 0.0119247 0.0113321 0.0122558 0.0621119 0.0386564 0.466036 0.0208421 0.0287053 0.0038842 0.00390718 0.00381892 0.0037632 0 0.00380948 0.00379454 0.0119789 0.00885392 0.00889621 0.00924557 0.00943033 0.00870138 0.00844084 0.0104764 0.0167436 0.0226331 0.0249638 0.0252162 0.022409 0.0189555 0.0114979 0.00957785 0.00882191 0.0096038 0.00978961 0.00996762 0.00891416 0.00847454 0.00832761 0.00834974 0.00863469 0.0115752 0.0098672 0.00885674 0.00863361 0.00794658 0.00811348 0.00803319 0.00840971 0.00838009 0.00845349 0.00853831 0.00841822 0.00821672 
0.0116869 0.0250051 0.038607 0.0123895 0.00859494 0.0084583 0.00890029 0.00945494 0.0102202 0.023166 0.0105725 0.0220058 0.0475574 0.0409332 0.0203427 0.599162 0.0178368 0.00397045 0.00387861 0.00392802 0.00383483 0.00380948 0 0.00394897 0.0139338 0.0102356 0.00928396 0.0095444 0.0103058 0.00855389 0.00905463 0.0112847 0.0111398 0.0140885 0.0197454 0.0184936 0.0140883 0.0139148 0.0141215 0.00971677 0.00950264 0.00920769 0.0197143 0.00917229 0.00853476 0.00841816 0.00821157 0.0087317 0.0100396 0.00933674 0.00928456 0.00891686 0.00840474 0.00798366 0.00811422 0.00803595 0.00828289 0.00852924 0.00845008 0.00827292 0.00826674 0.0080809 
0.0178127 0.0109954 0.0142737 0.0157389 0.00869418 0.00916608 0.00967497 0.00952875 0.0235575 0.0095545 0.0202975 0.0565244 0.0133297 0.0152027 0.0281337 0.0290486 0.501124 0.00501279 0.00404727 0.00386054 0.00381639 0.00379454 0.00394897 0 0.0263544 0.0143657 0.0120104 0.0104339 0.00915233 0.0100563 0.0124608 0.00906389 0.0104472 0.0112086 0.0115997 0.0117051 0.0113025 0.0104819 0.0115317 0.0142333 0.012196 0.0103494 0.00875641 0.00851625 0.00842842 0.00840237 0.00874148 0.0105236 0.00926975 0.00853102 0.00898203 0.0086019 0.00950902 0.00876198 0.00846185 0.00841673 0.00812387 0.00808335 0.00818408 0.00820407 0.00807044 0.00818053 
0.0101088 0.00846985 0.00810952 0.00867236 0.00877916 0.00919572 0.0090203 0.00859057 0.0103788 0.00860291 0.0103856 0.0121962 0.00951214 0.00888973 0.00884942 0.009216 0.0106396 0.0201948 0.0111433 0.0115778 0.0117078 0.0119789 0.0139338 0.0263544 0 0.857617 0.0181359 0.0186697 0.0127894 0.0209069 0.0189414 0.013077 0.00960518 0.0102625 0.0106447 0.0139437 0.0102929 0.00960259 0.012784 0.0267594 0.0232465 0.0115195 0.00894094 0.009127 0.00938792 0.0103629 0.0152082 0.017017 0.0122481 0.00969829 0.0096427 0.0120606 0.016866 0.0222875 0.0212953 0.0112918 0.00855773 0.00827433 0.00850383 0.00832042 0.00855636 0.0103674 
0.00937563 0.00823224 0.00815635 0.00870811 0.00861423 0.00864372 0.00871358 0.00834455 0.00945531 0.00825962 0.00967014 0.0108937 0.0087116 0.00831872 0.00817994 0.00854108 0.0110187 0.0109859 0.00866082 0.00878118 0.00865048 0.00885392 0.0102356 0.0143657 0.857617 0 0.0536011 0.0117522 0.00851363 0.0113461 0.0133729 0.00815521 0.00778185 0.00963356 0.0352972 0.0111791 0.0098141 0.00923409 0.0119593 0.0214145 0.0195706 0.0103746 0.00881795 0.00888877 0.00904134 0.010067 0.0145046 0.0183368 0.0116195 0.00948565 0.00948836 0.0109785 0.0172063 0.0258859 0.0268865 0.0124376 0.0093669 0.00823712 0.00847918 0.00831055 0.0088843 0.0108882 
0.00823867 0.00816093 0.00838919 0.00824266 0.00826008 0.00819716 0.00850225 0.00805589 0.00824178 0.00826344 0.00920462 0.00880287 0.00865659 0.00818786 0.00821841 0.00841949 0.00900718 0.00893626 0.008236 0.00890589 0.0084325 0.00889621 0.00928396 0.0120104 0.0181359 0.0536011 0 0.00403698 0.00468535 0.00481158 0.00475376 0.00714958 0.00749712 0.807972 0.0147384 0.00845864 0.00817458 0.00744912 0.0114203 0.0211796 0.0121275 0.00911155 0.00890679 0.00900772 0.00910217 0.0113383 0.0180111 0.0135147 0.00936867 0.0122263 0.00887734 0.0161451 0.0138388 0.0112821 0.0115223 0.00946379 0.0083229 0.00852068 0.00875283 0.00825742 0.00939661 0.0101925 
0.00815615 0.00842524 0.00854129 0.00804093 0.00791489 0.00819297 0.00792749 0.00791998 0.00886821 0.00813985 0.00848514 0.0088041 0.00837024 0.00889578 0.00835096 0.00857968 0.00815548 0.00882228 0.00901507 0.00941242 0.00992103 0.00924557 0.0095444 0.0104339 0.0186697 0.0117522 0.00403698 0 0.00395286 0.00394223 0.00613135 0.00703005 0.950707 0.0213547 0.00995319 0.00753548 0.0082082 0.00900492 0.0126827 0.00914918 0.00919429 0.0122728 0.00887815 0.00895876 0.009574 0.0116424 0.0124465 0.00963602 0.0201939 0.0085366 0.0214107 0.0101187 0.0142181 0.00913872 0.00890577 0.00835101 0.00897188 0.00842066 0.00873253 0.00896117 0.00890735 0.00914169 
0.00807605 0.00848208 0.00833772 0.0079593 0.0080547 0.00804606 0.00809679 0.00793901 0.0081021 0.0083276 0.00813167 0.00874715 0.00869564 0.00869852 0.00856654 0.00839421 0.00806514 0.00885086 0.0085069 0.0106049 0.00889689 0.00943033 0.0103058 0.00915233 0.0127894 0.00851363 0.00468535 0.00395286 0 0.00390109 0.00525778 0.982958 0.00642191 0.00799096 0.0076362 0.00747022 0.00775135 0.00878446 0.00862712 0.00851385 0.00940081 0.0101427 0.00875722 0.00872056 0.00889579 0.00944417 0.00935121 0.0131771 0.0099331 0.016315 0.00882044 0.0153642 0.0087823 0.00906453 0.00854738 0.00922186 0.00937478 0.00862047 0.0086085 0.00849744 0.0089729 0.00825425 
0.00860755 0.00812301 0.00810228 0.00807553 0.00810371 0.00812336 0.00823228 0.00800673 0.00899877 0.00801064 0.00815476 0.0100698 0.00814378 0.00830649 0.00815747 0.0081671 0.00819482 0.0122126 0.00843261 0.00840104 0.00868 0.00870138 0.00855389 0.0100563 0.0209069 0.0113461 0.00481158 0.00394223 0.00390109 0 0.997067 0.00516508 0.00432281 0.00488198 0.00577553 0.00674048 0.006976 0.00720641 0.00765624 0.00866505 0.0149439 0.00968143 0.00815201 0.00859639 0.00876059 0.00846892 0.00990263 0.0157764 0.0136218 0.00920347 0.0101234 0.00907191 0.0117459 0.0114604 0.00989822 0.0115724 0.0094209 0.00829096 0.00866485 0.00843442 0.00833486 0.00865035 
0.00838851 0.00819869 0.00834864 0.00834454 0.00793006 0.00849532 0.00805068 0.00805959 0.00914952 0.00788973 0.00969666 0.00925838 0.0081786 0.00826398 0.00806233 0.00850139 0.00938368 0.00879679 0.00844977 0.00839769 0.00870177 0.00844084 0.00905463 0.0124608 0.0189414 0.0133729 0.00475376 0.00613135 0.00525778 0.997067 0 0.00407492 0.00381602 0.00382243 0.00382163 0.00412451 0.00416104 0.00517581 0.00620722 0.0165123 0.00800379 0.00795701 0.00766311 0.00793294 0.00867645 0.00991763 0.0209134 0.0104139 0.0116993 0.00905849 0.0112127 0.00961419 0.0313277 0.0118442 0.0156322 0.00887462 0.00845093 0.00831144 0.00885274 0.00855039 0.00920793 0.0153777 
0.00814856 0.00849815 0.00852124 0.00801926 0.00796743 0.00793208 0.00795821 0.00789738 0.00791726 0.00836891 0.00833489 0.0080558 0.00930272 0.00866594 0.00868811 0.00902332 0.00815596 0.0082256 0.00868242 0.0118073 0.00893747 0.0104764 0.0112847 0.00906389 0.013077 0.00815521 0.00714958 0.00703005 0.982958 0.00516508 0.00407492 0 0.00377079 0.00380515 0.00383431 0.00386994 0.00399394 0.00416594 0.00742649 0.006359 0.0077171 0.00767554 0.00771646 0.00855908 0.00830364 0.01575 0.0101449 0.0122078 0.00891353 0.0148488 0.00840229 0.0266855 0.00905782 0.00881173 0.00893575 0.00849311 0.00829943 0.00887383 0.00883534 0.00859849 0.0125009 0.00856282 
0.00836747 0.00908018 0.00891289 0.00833678 0.00793629 0.00801744 0.00791757 0.00797377 0.00841712 0.00832422 0.00824671 0.00842231 0.0094615 0.0124807 0.0112128 0.00942077 0.00833092 0.00891792 0.010131 0.0133291 0.0186614 0.0167436 0.0111398 0.0104472 0.00960518 0.00778185 0.00749712 0.950707 0.00642191 0.00432281 0.00381602 0.00377079 0 0.00378884 0.00381796 0.00383731 0.00392794 0.00501083 0.00410375 0.00515951 0.00757089 0.00758613 0.00778825 0.00805427 0.0111942 0.00972176 0.0180573 0.00900987 0.0131774 0.00878378 0.0276331 0.00893676 0.0105425 0.00868236 0.00871257 0.00854305 0.00940959 0.00983294 0.0107401 0.0140558 0.00901694 0.00886545 
0.00866024 0.00896739 0.00896425 0.00826218 0.00792314 0.00796675 0.00795774 0.00797301 0.00832187 0.00840561 0.00821548 0.0085282 0.0111728 0.0142434 0.0125783 0.0108985 0.00836694 0.0091603 0.0106073 0.0229392 0.0195527 0.0226331 0.0140885 0.0112086 0.0102625 0.00963356 0.807972 0.0213547 0.00799096 0.00488198 0.00382243 0.00380515 0.00378884 0 0.00376228 0.00377372 0.00372493 0.00386965 0.00390172 0.00431359 0.00713824 0.00838325 0.00872718 0.0120053 0.00905332 0.0334079 0.0314868 0.00964082 0.00988387 0.0174737 0.0117417 0.0144714 0.00956334 0.00886156 0.00886393 0.00888742 0.00955991 0.0131041 0.0169255 0.0131176 0.0110955 0.00909039 
0.00850108 0.00940837 0.00910137 0.0083821 0.0079285 0.00801767 0.00797198 0.00801211 0.00833445 0.0084672 0.00825803 0.00869445 0.0114018 0.0154922 0.015394 0.0113398 0.00860553 0.00968508 0.0116434 0.0296478 0.0239724 0.0249638 0.0197454 0.0115997 0.0106447 0.0352972 0.0147384 0.00995319 0.0076362 0.00577553 0.00382163 0.00383431 0.00381796 0.00376228 0 0.00375567 0.00377948 0.00381225 0.00379636 0.00405076 0.00711592 0.00881871 0.0143069 0.00903997 0.0270445 0.0300872 0.0158243 0.0087105 0.0147467 0.0125919 0.0138517 0.0125148 0.0125942 0.00910457 0.00896248 0.00889401 0.0102178 0.0170881 0.0160025 0.0171204 0.0126567 0.00931865 
0.00880012 0.00910508 0.00906629 0.00843786 0.0079307 0.00796523 0.00794386 0.00796183 0.00835266 0.00841078 0.00826146 0.00864742 0.0106216 0.015542 0.0143653 0.0108146 0.00852724 0.00911442 0.0133112 0.0204285 0.0254631 0.0252162 0.0184936 0.0117051 0.0139437 0.0111791 0.00845864 0.00753548 0.00747022 0.00674048 0.00412451 0.00386994 0.00383731 0.00377372 0.00375567 0 0.00375885 0.00376645 0.00378352 0.00379655 0.00678035 0.0149703 0.0100125 0.0286586 0.0365063 0.0195235 0.00942992 0.01002 0.0112378 0.0100081 0.0156686 0.0125562 0.0110417 0.00913647 0.00889311 0.00874607 0.0123944 0.0126314 0.0160154 0.0210547 0.0103823 0.00931997 
0.00853928 0.00904704 0.00889789 0.00834479 0.00793189 0.00795355 0.00795032 0.00795783 0.00818786 0.00835474 0.00816129 0.0085345 0.0109692 0.0134136 0.0137383 0.0100104 0.00842767 0.0101285 0.0107805 0.0222645 0.0167102 0.022409 0.0140883 0.0113025 0.0102929 0.0098141 0.00817458 0.0082082 0.00775135 0.006976 0.00416104 0.00399394 0.00392794 0.00372493 0.00377948 0.00375885 0 0.00375163 0.00377441 0.00377222 0.0117646 0.0078187 0.0225302 0.0356367 0.0293814 0.00887683 0.00792388 0.00878361 0.00876385 0.014047 0.0106144 0.0142185 0.00959122 0.0086862 0.00868911 0.00927393 0.00955627 0.0138433 0.0172856 0.0132415 0.0116761 0.00871465 
0.00873015 0.00915098 0.00880694 0.00838842 0.00792011 0.00793692 0.00794287 0.00795031 0.00833588 0.00831473 0.00824521 0.00865627 0.00986585 0.0141878 0.0124322 0.00977495 0.00849175 0.00952471 0.0110187 0.0157255 0.0226737 0.0189555 0.0139148 0.0104819 0.00960259 0.00923409 0.00744912 0.00900492 0.00878446 0.00720641 0.00517581 0.00416594 0.00501083 0.00386965 0.00381225 0.00376645 0.00375163 0 0.00375243 0.00376001 0.0042816 0.012458 0.0416373 0.0222825 0.00877729 0.0086174 0.00733007 0.00764133 0.0113653 0.00932959 0.0185603 0.00965136 0.0100914 0.00871147 0.00873937 0.00863881 0.0111849 0.0131978 0.0137564 0.0164548 0.00946342 0.00912226 
0.00830414 0.00855897 0.00883122 0.00828184 0.00790332 0.00793615 0.00794148 0.00793766 0.0081076 0.00848246 0.00837884 0.00840553 0.0100482 0.0101758 0.0104359 0.00993926 0.00849974 0.00937712 0.00936016 0.012614 0.0108769 0.0114979 0.0141215 0.0115317 0.012784 0.0119593 0.0114203 0.0126827 0.00862712 0.00765624 0.00620722 0.00742649 0.00410375 0.00390172 0.00379636 0.00378352 0.00377441 0.00375243 0 0.00377744 0.00761653 0.0266486 0.0101753 0.00785734 0.0083357 0.00794702 0.0083971 0.0101712 0.0101424 0.0115808 0.00894154 0.0125339 0.0110203 0.00978983 0.00904707 0.00945142 0.00994486 0.00991753 0.0101521 0.00952068 0.0127555 0.0087814 
0.00902815 0.00834223 0.0084686 0.00862028 0.0080073 0.00807466 0.00813597 0.00803491 0.00875225 0.00811621 0.00836202 0.00991752 0.00913507 0.00921711 0.00899237 0.00976144 0.0090826 0.0122667 0.00925044 0.00927301 0.00975371 0.00957785 0.00971677 0.0142333 0.0267594 0.0214145 0.0211796 0.00914918 0.00851385 0.00866505 0.0165123 0.006359 0.00515951 0.00431359 0.00405076 0.00379655 0.00377222 0.00376001 0.00377744 0 0.0456478 0.00778353 0.00410802 0.00437436 0.00524085 0.00595984 0.00855439 0.0141512 0.0109729 0.00840098 0.00911893 0.00914777 0.0157826 0.0146546 0.0126643 0.0121323 0.00944371 0.00881183 0.00919563 0.00926209 0.00886132 0.0110738 
0.00841509 0.00827756 0.00847645 0.00831521 0.00801547 0.00821473 0.00808063 0.00807188 0.0085194 0.00810227 0.00920165 0.00899244 0.00857395 0.00847067 0.00836724 0.00856589 0.00947442 0.00916361 0.008751 0.00879461 0.00859928 0.00882191 0.00950264 0.012196 0.0232465 0.0195706 0.0121275 0.00919429 0.00940081 0.0149439 0.00800379 0.0077171 0.00757089 0.00713824 0.00711592 0.00678035 0.0117646 0.0042816 0.00761653 0.0456478 0 0.00387755 0.0038213 0.00390071 0.0041101 0.00454341 0.00846397 0.0114903 0.00742608 0.0083405 0.00795554 0.0131376 0.39074 0.0297569 0.0150907 0.010864 0.00908386 0.00907305 0.00936968 0.00901811 0.0104167 0.0164026 
0.00821731 0.00853691 0.00846797 0.0080801 0.00788652 0.00801142 0.00789179 0.00794391 0.00817355 0.00820784 0.00815441 0.00826978 0.00848618 0.00877239 0.00852081 0.00864558 0.00811718 0.00858501 0.00869541 0.00891207 0.00908035 0.0096038 0.00920769 0.0103494 0.0115195 0.0103746 0.00911155 0.0122728 0.0101427 0.00968143 0.00795701 0.00767554 0.00758613 0.00838325 0.00881871 0.0149703 0.0078187 0.012458 0.0266486 0.00778353 0.00387755 0 0.00386201 0.00390668 0.00403592 0.00410542 0.00456451 0.00626136 0.00851987 0.00726977 0.0103667 0.26386 0.204612 0.0091246 0.00963865 0.00866037 0.00905339 0.00867586 0.00917755 0.00950826 0.0102722 0.00895169 
0.008178 0.00841069 0.00837546 0.0080175 0.00791119 0.00791125 0.00790143 0.00789137 0.00808097 0.00810812 0.00802798 0.00813864 0.00844194 0.00875319 0.00871217 0.00837948 0.00807884 0.00826913 0.00858323 0.0098548 0.00944245 0.00978961 0.0197143 0.00875641 0.00894094 0.00881795 0.00890679 0.00887815 0.00875722 0.00815201 0.00766311 0.00771646 0.00778825 0.00872718 0.0143069 0.0100125 0.0225302 0.0416373 0.0101753 0.00410802 0.0038213 0.00386201 0 0.00382742 0.00390572 0.00387711 0.00392832 0.00607454 0.00697706 0.00946759 0.208258 0.26811 0.0175874 0.00847129 0.00853133 0.008685 0.00860167 0.00942723 0.00943394 0.0115527 0.00885902 0.0084653 
0.00815821 0.00839736 0.0083457 0.0080588 0.00793901 0.00792155 0.00793688 0.00790189 0.0081212 0.00817206 0.00802191 0.00812001 0.00856439 0.00884688 0.00861209 0.0083594 0.00794558 0.00828251 0.00844419 0.00930347 0.00918894 0.00996762 0.00917229 0.00851625 0.009127 0.00888877 0.00900772 0.00895876 0.00872056 0.00859639 0.00793294 0.00855908 0.00805427 0.0120053 0.00903997 0.0286586 0.0356367 0.0222825 0.00785734 0.00437436 0.00390071 0.00390668 0.00382742 0 0.00381987 0.00393834 0.00384535 0.00470495 0.0103215 0.0879038 0.387207 0.0551383 0.00738381 0.00851039 0.00860435 0.00876931 0.00874795 0.00954258 0.0103432 0.0091683 0.00880477 0.00841542 
0.0081905 0.00831401 0.00826718 0.00804754 0.00791775 0.00798098 0.00791722 0.00787864 0.00836668 0.00803446 0.00808541 0.00829551 0.0082747 0.00886691 0.00840093 0.00821898 0.00794004 0.0083573 0.00837661 0.00922855 0.00932187 0.00891416 0.00853476 0.00842842 0.00938792 0.00904134 0.00910217 0.009574 0.00889579 0.00876059 0.00867645 0.00830364 0.0111942 0.00905332 0.0270445 0.0365063 0.0293814 0.00877729 0.0083357 0.00524085 0.0041101 0.00403592 0.00390572 0.00381987 0 0.00420541 0.00392972 0.00519514 0.0423444 0.492568 0.064869 0.00709788 0.00745783 0.00879329 0.00863433 0.00874566 0.00922182 0.00996412 0.00955032 0.00923548 0.00863106 0.00855954 
0.0081023 0.00830928 0.0082822 0.0079602 0.00797489 0.00794395 0.00795687 0.00787344 0.00813332 0.00814142 0.00801893 0.00813178 0.0082773 0.00837201 0.0082022 0.00809325 0.00797131 0.00831729 0.00826282 0.00871254 0.00841575 0.00847454 0.00841816 0.00840237 0.0103629 0.010067 0.0113383 0.0116424 0.00944417 0.00846892 0.00991763 0.01575 0.00972176 0.0334079 0.0300872 0.0195235 0.00887683 0.0086174 0.00794702 0.00595984 0.00454341 0.00410542 0.00387711 0.00393834 0.00420541 0 0.00406724 0.0132369 0.836031 0.0201069 0.00683532 0.0082647 0.00683841 0.00951038 0.0087895 0.00967223 0.00986814 0.008934 0.00903961 0.00869698 0.00930183 0.00837492 
0.0084179 0.00810924 0.00805524 0.00805087 0.00809717 0.00803407 0.00817606 0.00799685 0.00877431 0.00798868 0.00811506 0.00887245 0.00811769 0.00815824 0.00799186 0.00802168 0.00793695 0.0100417 0.00813137 0.00821075 0.00825814 0.00832761 0.00821157 0.00874148 0.0152082 0.0145046 0.0180111 0.0124465 0.00935121 0.00990263 0.0209134 0.0101449 0.0180573 0.0314868 0.0158243 0.00942992 0.00792388 0.00733007 0.0083971 0.00855439 0.00846397 0.00456451 0.00392832 0.00384535 0.00392972 0.00406724 0 0.976097 0.0127295 0.00479088 0.00479739 0.00593384 0.00736102 0.0122316 0.0115687 0.0128412 0.00977045 0.00859705 0.0090447 0.00894844 0.0085485 0.00955008 
0.00841334 0.0080966 0.00839642 0.00819375 0.00814282 0.0082469 0.00838859 0.00801739 0.00846809 0.00813077 0.00871283 0.00838988 0.00825543 0.00807282 0.00802377 0.0081412 0.00838365 0.00822217 0.00804839 0.00852629 0.00810849 0.00834974 0.0087317 0.0105236 0.017017 0.0183368 0.0135147 0.00963602 0.0131771 0.0157764 0.0104139 0.0122078 0.00900987 0.00964082 0.0087105 0.01002 0.00878361 0.00764133 0.0101712 0.0141512 0.0114903 0.00626136 0.00607454 0.00470495 0.00519514 0.0132369 0.976097 0 0.00420956 0.00393986 0.00388997 0.0050747 0.00519858 0.0173774 0.0146731 0.0115941 0.00904404 0.00957332 0.00970445 0.00876951 0.0109466 0.0120841 
0.00819197 0.00854893 0.00849435 0.00811656 0.00789216 0.00815052 0.00789719 0.00797082 0.00851683 0.00820219 0.00829379 0.00834099 0.0084052 0.00867775 0.00836439 0.00848588 0.00802546 0.00853459 0.00853023 0.00846985 0.00919698 0.00863469 0.0100396 0.00926975 0.0122481 0.0116195 0.00936867 0.0201939 0.0099331 0.0136218 0.0116993 0.00891353 0.0131774 0.00988387 0.0147467 0.0112378 0.00876385 0.0113653 0.0101424 0.0109729 0.00742608 0.00851987 0.00697706 0.0103215 0.0423444 0.836031 0.0127295 0.00420956 0 0.00389235 0.00388645 0.00391489 0.00421828 0.011061 0.0108859 0.00896617 0.011324 0.00858902 0.00975515 0.011029 0.00948004 0.0110545 
0.00820706 0.0084792 0.00849246 0.00818303 0.00794369 0.00789404 0.00794826 0.00788767 0.00799736 0.00821035 0.00814173 0.00808761 0.0089082 0.0087267 0.00899741 0.00854525 0.00803385 0.00815082 0.00870265 0.0122552 0.00880514 0.0115752 0.00933674 0.00853102 0.00969829 0.00948565 0.0122263 0.0085366 0.016315 0.00920347 0.00905849 0.0148488 0.00878378 0.0174737 0.0125919 0.0100081 0.014047 0.00932959 0.0115808 0.00840098 0.0083405 0.00726977 0.00946759 0.0879038 0.492568 0.0201069 0.00479088 0.00393986 0.00389235 0 0.0037725 0.00391034 0.00379382 0.00938194 0.00876971 0.00980369 0.0088023 0.0153478 0.0126987 0.00973351 0.0127703 0.00853594 
0.00852582 0.00859303 0.00856988 0.0082045 0.00791827 0.00810856 0.00789077 0.00800294 0.00860091 0.00810535 0.00818345 0.00831923 0.00858105 0.0101034 0.00904786 0.00852391 0.00807979 0.00880454 0.00938131 0.00945174 0.0124021 0.0098672 0.00928456 0.00898203 0.0096427 0.00948836 0.00887734 0.0214107 0.00882044 0.0101234 0.0112127 0.00840229 0.0276331 0.0117417 0.0138517 0.0156686 0.0106144 0.0185603 0.00894154 0.00911893 0.00795554 0.0103667 0.208258 0.387207 0.064869 0.00683532 0.00479739 0.00388997 0.00388645 0.0037725 0 0.00375363 0.00382812 0.0115401 0.00929304 0.00873914 0.0129054 0.0124215 0.0128298 0.0180873 0.0088004 0.0105399 
0.00817561 0.00841186 0.00838285 0.00804352 0.00803039 0.00790299 0.00797927 0.00787948 0.00809432 0.00825449 0.00809808 0.00828772 0.00871994 0.00860005 0.00850033 0.00828468 0.00800577 0.00875157 0.00838354 0.0100978 0.00853462 0.00885674 0.00891686 0.0086019 0.0120606 0.0109785 0.0161451 0.0101187 0.0153642 0.00907191 0.00961419 0.0266855 0.00893676 0.0144714 0.0125148 0.0125562 0.0142185 0.00965136 0.0125339 0.00914777 0.0131376 0.26386 0.26811 0.0551383 0.00709788 0.0082647 0.00593384 0.0050747 0.00391489 0.00391034 0.00375363 0 0.00383108 0.0111232 0.00944917 0.011262 0.0106136 0.0120778 0.0111497 0.00905849 0.0168036 0.00851069 
0.00862727 0.00822561 0.00817779 0.00813495 0.00805006 0.00826792 0.0080842 0.00801195 0.009325 0.00805481 0.00815927 0.0093202 0.00845704 0.00837224 0.00811563 0.00829941 0.00820284 0.00969584 0.00837524 0.00837319 0.00856425 0.00863361 0.00840474 0.00950902 0.016866 0.0172063 0.0138388 0.0142181 0.0087823 0.0117459 0.0313277 0.00905782 0.0105425 0.00956334 0.0125942 0.0110417 0.00959122 0.0100914 0.0110203 0.0157826 0.39074 0.204612 0.0175874 0.00738381 0.00745783 0.00683841 0.00736102 0.00519858 0.00421828 0.00379382 0.00382812 0.00383108 0 0.0267276 0.0143047 0.0143007 0.0107294 0.00873651 0.00994877 0.0105542 0.00889023 0.0143875 
0.00855267 0.00813123 0.00814791 0.00827134 0.00828274 0.00840874 0.00838295 0.00808718 0.00896227 0.00800753 0.00857118 0.00879438 0.00791607 0.00790986 0.00788201 0.00786593 0.00814966 0.00877371 0.00788725 0.00786647 0.00796406 0.00794658 0.00798366 0.00876198 0.0222875 0.0258859 0.0112821 0.00913872 0.00906453 0.0114604 0.0118442 0.00881173 0.00868236 0.00886156 0.00910457 0.00913647 0.0086862 0.00871147 0.00978983 0.0146546 0.0297569 0.0091246 0.00847129 0.00851039 0.00879329 0.00951038 0.0122316 0.0173774 0.011061 0.00938194 0.0115401 0.0111232 0.0267276 0 0.619479 0.0131203 0.00955948 0.00774033 0.00799619 0.00792824 0.0101122 0.0175876 
0.00874543 0.00829546 0.00830476 0.00829833 0.00848098 0.00846249 0.00839674 0.0081596 0.0087567 0.00812998 0.008323 0.00897488 0.00808508 0.00794138 0.00793922 0.0079733 0.00814923 0.00897177 0.00803367 0.00805359 0.00806147 0.00811348 0.00811422 0.00846185 0.0212953 0.0268865 0.0115223 0.00890577 0.00854738 0.00989822 0.0156322 0.00893575 0.00871257 0.00886393 0.00896248 0.00889311 0.00868911 0.00873937 0.00904707 0.0126643 0.0150907 0.00963865 0.00853133 0.00860435 0.00863433 0.0087895 0.0115687 0.0146731 0.0108859 0.00876971 0.00929304 0.00944917 0.0143047 0.619479 0 0.0143264 0.0104683 0.00564873 0.00574113 0.00651393 0.00618716 0.0101576 
0.00826009 0.00821909 0.00828628 0.00824144 0.00809932 0.0082363 0.00803088 0.00811524 0.0081425 0.00807434 0.00845547 0.00807239 0.00800769 0.00804462 0.00796622 0.00794569 0.00806332 0.00811401 0.00798121 0.00820152 0.00801833 0.00803319 0.00803595 0.00841673 0.0112918 0.0124376 0.00946379 0.00835101 0.00922186 0.0115724 0.00887462 0.00849311 0.00854305 0.00888742 0.00889401 0.00874607 0.00927393 0.00863881 0.00945142 0.0121323 0.010864 0.00866037 0.008685 0.00876931 0.00874566 0.00967223 0.0128412 0.0115941 0.00896617 0.00980369 0.00873914 0.011262 0.0143007 0.0131203 0.0143264 0 0.00460318 0.00378868 0.00388053 0.00386802 0.00552295 0.00569127 
0.00833351 0.00839106 0.0084692 0.0082473 0.00801389 0.00830222 0.00807036 0.00824079 0.00826284 0.00828095 0.00829579 0.00799157 0.00823439 0.00848735 0.00821165 0.00822693 0.00790466 0.00806856 0.00824467 0.00841713 0.00848242 0.00840971 0.00828289 0.00812387 0.00855773 0.0093669 0.0083229 0.00897188 0.00937478 0.0094209 0.00845093 0.00829943 0.00940959 0.00955991 0.0102178 0.0123944 0.00955627 0.0111849 0.00994486 0.00944371 0.00908386 0.00905339 0.00860167 0.00874795 0.00922182 0.00986814 0.00977045 0.00904404 0.011324 0.0088023 0.0129054 0.0106136 0.0107294 0.00955948 0.0104683 0.00460318 0 0.00389622 0.0038018 0.00384991 0.00464045 0.00439846 
0.00830854 0.00844754 0.00845613 0.00821017 0.00800367 0.00811851 0.00800674 0.00806542 0.00811162 0.00820118 0.00813963 0.00800849 0.00828559 0.00842688 0.00834808 0.00820035 0.00789667 0.00798538 0.00826989 0.00870685 0.0085142 0.00838009 0.00852924 0.00808335 0.00827433 0.00823712 0.00852068 0.00842066 0.00862047 0.00829096 0.00831144 0.00887383 0.00983294 0.0131041 0.0170881 0.0126314 0.0138433 0.0131978 0.00991753 0.00881183 0.00907305 0.00867586 0.00942723 0.00954258 0.00996412 0.008934 0.00859705 0.00957332 0.00858902 0.0153478 0.0124215 0.0120778 0.00873651 0.00774033 0.00564873 0.00378868 0.00389622 0 0.00378315 0.00378542 0.003849 0.00388625 
