1A99A
QKTLHIYNWSDYIAPDTVANFEKETGIKVVYDVFDSNEVLEGKLMAGSTGFDLVVPSASFLERQLTAGVFQPLDKSKLPEWKNLDPELLKLVAKHDPDNKFAMPYMWATTGIGYNVDKVKAVLGENAPVDSWDLILKPENLEKLKSCGVSFLDAPEEVFATVLNYLGKDPNSTKADDYTGPATDLLLKLRPNIRYFHSSQYINDLANGDICVAIGWAGDVWQASNRAKEAKNGVNVSFSIPKEGAMAFFDVFAMPADAKNKDEAYQFLNYLLRPDVVAHISDHVFYANANKAATPLVSAEVRENPGIYPPADVRAKLFTLKVQDPKIDRVRTRAWTKVKSG
CCEEEEEEECCCCCCCHHHHHHHHHCCEEEEEEECCHHHHHHHHHHCCCCCCEECCEHHHHHHHHHCCCECCCCHHHCHHHHHECHHHHHHHHCCCHHHCCEEEEEEEEEEEEEEHHHHHHHHCCCCCCCCCHHHHCHHHHHHHHHHCEEECCCHHHHHHHHHHHCCCCCCCCCHHHHHCHHHHHHHHHHHHCCEECCCCHHHHHHCCCCCEEEEEHHHHHHHHHHHHHHCCCCCEEEECCCCCEEEEEEEEECECCCCCHHHHHHHHHHHHCHHHHHHHHHHHCCEECECCCHHHCCHHHHCCCCCCCCHHHHCCEECCCCCCHHHHHHHHHHHHHHHHC
0 0 0 0 0 0 0 0 0 0 0 0 0 0 0 0 0 0 0 0 0 0 0 0 0 0 0 0 0 0 0 0 0 0 0 0 0 0 0 0 0 0 0 0 0 0 0 0 0 0 0 0 0 0 0 0 0 0 0 0 0 0 0 0 0 0 0 0 0 0 0 0 0 0 0 0 0 0 0 0 0 0 0 0 0 0 0 0 0 0 0 0 0 0 0 0 0 0 0 0 0 0 0 0 0 0 0 0 0 0 0 0 0 0 0 0 0 0 0 0 0 0 0 0 0 0 0 0 0 0 0 0 0 0 0 0 0 0 0 0 0 0 0 0 0 0 0 0 0 0 0 0 0 0 0 0 0 0 0 0 0 0 0 0 0 0 0 0 0 0 0 0 0 0 0 0 0 0 0 0 0 0 0 0 0 0 0 0 0 0 0 0 0 0 0 0 0 0 0 0 0 0 0 0 0 0 0 0 0 0 0 0 0 0 0 0 0 0 0 0 0 0 0 0 0 0 0 0 0 0 0 0 0 0 0 0 0 0 0 0 0 0 0 0 0 0 0 0 0 0 0 0 0 0 0 0 0 0 0 0 0 0 0 0 0 0 0 0 0 0 0 0 0 0 0 0 0 0 0 0 0 0 0 0 0 0 0 0 0 0 0 0 0 0 0 0 0 0 0 0 0 0 0 0 0 0 0 0 0 0 0 0 0 0 0 0 0 0 0 0 0 0 0 0 0 0 0 0 0 0 0 0 0 0 0 0 0 0 0 0 0 
0 0 0 0 0 0 0 0 0 0 0 0 0 0 0 0 0 0 0 0 0 0 0 0 0 0 0 0 0 0 0 0 0 0 0 0 0 0 0 0 0 0 0 0 0 0 0 0 0 0 0 0 0 0 0 0 0 0 0 0 0 0 0 0 0 0 0 0 0 0 0 0 0 0 0 0 0 0 0 0 0 0 0 0 0 0 0 0 0 0 0 0 0 0 0 0 0 0 0 0 0 0 0 0 0 0 0 0 0 0 0 0 0 0 0 0 0 0 0 0 0 0 0 0 0 0 0 0 0 0 0 0 0 0 0 0 0 0 0 0 0 0 0 0 0 0 0 0 0 0 0 0 0 0 0 0 0 0 0 0 0 0 0 0 0 0 0 0 0 0 0 0 0 0 0 0 0 0 0 0 0 0 0 0 0 0 0 0 0 0 0 0 0 0 0 0 0 0 0 0 0 0 0 0 0 0 0 0 0 0 0 0 0 0 0 0 0 0 0 0 0 0 0 0 0 0 0 0 0 0 0 0 0 0 0 0 0 0 0 0 0 0 0 0 0 0 0 0 0 0 0 0 0 0 0 0 0 0 0 0 0 0 0 0 0 0 0 0 0 0 0 0 0 0 0 0 0 0 0 0 0 0 0 0 0 0 0 0 0 0 0 0 0 0 0 0 0 0 0 0 0 0 0 0 0 0 0 0 0 0 0 0 0 0 0 0 0 0 0 0 0 0 0 0 0 0 0 0 0 0 0 0 0 0 0 0 0 0 0 0 0 
0 0.00408289 0.0036839 0.0036534 0.00362911 0.00415161 0.00445835 0.72119 0.010589 0.0195092 0.00968189 0.0105905 0.0130163 0.0140838 0.0156912 0.0148553 0.0183922 0.0112717 0.00925572 0.0106969 0.00824836 0.0083405 0.00847501 0.00844557 0.00846625 0.00833517 0.00828232 0.00842915 0.00859911 0.0083157 0.00851171 0.00832494 0.0106914 0.00824194 0.00833245 0.00895915 0.00830561 0.0081592 0.00844895 0.00823567 0.00819036 0.00814977 0.00811625 0.00825324 0.00833873 0.0083465 0.00853967 0.0082931 0.00832265 0.00828405 0.00830832 0.00828636 0.00826902 0.00827281 0.00834682 0.00841416 0.00869104 0.00841036 0.00853051 0.00913143 0.0088077 0.00920299 
0.00408289 0 0.0035878 0.00372602 0.00352456 0.00386208 0.0040812 0.0101751 0.8169 0.00884379 0.0250201 0.0102974 0.0122836 0.0161361 0.0188431 0.0143407 0.0100176 0.00944154 0.00990439 0.00860109 0.0110556 0.00910555 0.0098503 0.0099844 0.00989304 0.0100942 0.00893955 0.00950258 0.00942621 0.00984004 0.00875353 0.0103375 0.00831118 0.00948027 0.00855025 0.00861291 0.00827329 0.00834528 0.00852709 0.00856999 0.0085246 0.00828307 0.00815878 0.00928256 0.00838347 0.00863507 0.00838402 0.00828968 0.00842997 0.0085648 0.00854017 0.00850272 0.00849647 0.0085036 0.00847738 0.00860985 0.00841003 0.00844148 0.00842826 0.00850398 0.00930079 0.00889638 
0.0036839 0.0035878 0 0.00354406 0.00352484 0.00356056 0.00353466 0.131614 0.00901862 0.587162 0.0106389 0.030326 0.0133275 0.0089126 0.0110182 0.00960289 0.00981969 0.00877585 0.00833558 0.00973939 0.00936204 0.0129515 0.0153507 0.0144214 0.0140378 0.0120145 0.0120936 0.0113571 0.0146582 0.0105894 0.0150004 0.00866552 0.00876158 0.00832225 0.00879023 0.00835128 0.00832033 0.00803844 0.00839872 0.00862659 0.00876703 0.00837386 0.00820044 0.00823589 0.00856543 0.00858588 0.00836257 0.00823154 0.00849947 0.00870683 0.00872937 0.00854191 0.0087815 0.00860855 0.00870838 0.00854805 0.00818998 0.00837665 0.00838377 0.00834716 0.00847538 0.00875464 
0.0036534 0.00372602 0.00354406 0 0.00351922 0.00356219 0.00357956 0.0115853 0.105599 0.0110803 0.441379 0.012212 0.0110047 0.0116753 0.0134664 0.0107368 0.00911377 0.0086953 0.00878039 0.00864945 0.011601 0.0130558 0.0162232 0.0172521 0.0162305 0.0145323 0.0134412 0.0127487 0.0126546 0.0159986 0.010253 0.0101444 0.00844294 0.00861545 0.00858082 0.00846156 0.00818281 0.00809299 0.00848116 0.00884203 0.00894825 0.00850429 0.00817646 0.00859697 0.00839181 0.00858599 0.00837176 0.00834563 0.00847711 0.00871522 0.00871807 0.00867637 0.00859607 0.00882982 0.00868415 0.00854653 0.00822774 0.00842091 0.00844571 0.00832863 0.00850985 0.00864308 
0.00362911 0.00352456 0.00352484 0.00351922 0 0.00354064 0.00352268 0.0182689 0.0207395 0.105365 0.0184461 0.341423 0.0108792 0.0105619 0.011308 0.0111861 0.00960445 0.00865025 0.00846604 0.00893703 0.0104334 0.0130505 0.0158931 0.0172084 0.0174924 0.0151208 0.0142922 0.0127668 0.0169798 0.0132434 0.0140177 0.0095091 0.00854445 0.00833394 0.00857628 0.00838014 0.00817031 0.00808966 0.00840055 0.00863573 0.00877299 0.00838982 0.00812717 0.00826076 0.00831628 0.00844037 0.00829495 0.00817966 0.00838334 0.00855455 0.00871579 0.00850374 0.0085995 0.00856013 0.00861494 0.00863131 0.00816318 0.00834072 0.00837284 0.0082952 0.00834274 0.00850938 
0.00415161 0.00386208 0.00356056 0.00356219 0.00354064 0 0.00364178 0.0217039 0.0221493 0.0124965 0.021444 0.0105595 0.414052 0.0109755 0.013365 0.0139315 0.0103924 0.00946127 0.00881848 0.00907778 0.0093822 0.0101186 0.0119134 0.0123372 0.0128519 0.0102341 0.0106039 0.00999279 0.0102132 0.00991728 0.00997067 0.00986943 0.00864929 0.00843005 0.00876844 0.00826052 0.00808619 0.00810016 0.00824204 0.00849159 0.0084836 0.00829868 0.00814005 0.00814912 0.00828902 0.0084023 0.00826574 0.00815129 0.00836689 0.00847839 0.00854688 0.00842105 0.00845686 0.00842438 0.00844343 0.00834603 0.00813009 0.00835764 0.00836422 0.00823317 0.00836012 0.00862679 
0.00445835 0.0040812 0.00353466 0.00357956 0.00352268 0.00364178 0 0.0137257 0.013371 0.0102824 0.0101687 0.0109256 0.00888479 0.374799 0.0125972 0.0133659 0.0114984 0.0112408 0.011595 0.00952623 0.00867621 0.00858778 0.00925032 0.00883156 0.00872562 0.00901394 0.00850374 0.00858165 0.00860266 0.00887744 0.00855551 0.00867268 0.00834329 0.00928593 0.00814528 0.00839009 0.00806781 0.00821998 0.0081706 0.00818848 0.00820626 0.00814444 0.00810084 0.00832031 0.00817554 0.00820348 0.00824437 0.00828802 0.00824863 0.00828244 0.0083174 0.00827919 0.00824918 0.00826123 0.00824254 0.00836201 0.00828717 0.00832888 0.0083253 0.00850896 0.0085665 0.00859955 
0.72119 0.0101751 0.131614 0.0115853 0.0182689 0.0217039 0.0137257 0 0.00401957 0.00377164 0.00365543 0.0036609 0.00680869 0.00784189 0.0255009 0.0220079 0.0211062 0.0174594 0.0104992 0.0145441 0.00851677 0.00878854 0.00893632 0.00868913 0.00905388 0.00857418 0.00862805 0.00872355 0.00910146 0.00867901 0.00913741 0.00888903 0.0125907 0.00818151 0.00909684 0.00941681 0.00848372 0.00804769 0.008481 0.00821281 0.00821214 0.00820156 0.00821814 0.00813947 0.00851086 0.00825369 0.00873695 0.00823178 0.00816523 0.00817447 0.00824589 0.00815372 0.00821799 0.00818949 0.00821648 0.00843205 0.00877633 0.00841993 0.00845781 0.00977767 0.00888434 0.00902644 
0.010589 0.8169 0.00901862 0.105599 0.0207395 0.0221493 0.013371 0.00401957 0 0.00354351 0.00362183 0.00358198 0.00367852 0.00451256 0.0233608 0.0146397 0.0104992 0.0102727 0.0119586 0.00890328 0.0118383 0.00967759 0.0109041 0.0106287 0.0104164 0.0109375 0.00975722 0.00975514 0.0101143 0.0107046 0.00915731 0.0104805 0.00860996 0.00915621 0.00863016 0.00861423 0.00819581 0.00847507 0.00832216 0.00856899 0.00856727 0.00841227 0.00814302 0.00897927 0.00838781 0.0085788 0.00828103 0.008259 0.00841637 0.00855865 0.0085424 0.00851549 0.00854998 0.00857623 0.00858563 0.00856947 0.00827217 0.00846336 0.00856542 0.00866922 0.00915082 0.00870591 
0.0195092 0.00884379 0.587162 0.0110803 0.105365 0.0124965 0.0102824 0.00377164 0.00354351 0 0.00362171 0.00355261 0.00363033 0.00358523 0.0117949 0.00994999 0.00879865 0.00897969 0.00855829 0.00892844 0.00894216 0.0105443 0.0130198 0.0116503 0.0114028 0.0101568 0.0102302 0.00968879 0.0121565 0.0104238 0.0113907 0.00868258 0.00858275 0.00830132 0.0086693 0.00834237 0.00822885 0.00802304 0.00830773 0.00844868 0.00847218 0.00825199 0.00806454 0.00818394 0.00832892 0.00833893 0.00813949 0.00810355 0.00833204 0.00845642 0.00841324 0.00830611 0.00837318 0.00836067 0.0083734 0.00836293 0.00807613 0.00828083 0.00828906 0.00822666 0.00832048 0.00834575 
0.00968189 0.0250201 0.0106389 0.441379 0.0184461 0.021444 0.0101687 0.00365543 0.00362183 0.00362171 0 0.00359778 0.00358099 0.0036176 0.0101699 0.0109055 0.0082526 0.00889291 0.00861504 0.00862759 0.00892358 0.00999461 0.0112248 0.0132437 0.0111005 0.0109437 0.00977103 0.0100166 0.0100974 0.0124002 0.00926964 0.00908911 0.00842092 0.00833244 0.00850055 0.00828261 0.00816752 0.00805053 0.00822293 0.00842751 0.00841867 0.00819157 0.00809291 0.00822297 0.00827349 0.00837025 0.00812947 0.00818897 0.00827943 0.00841 0.00838984 0.00827036 0.00827184 0.00830581 0.00834109 0.00828987 0.00809802 0.00832704 0.00831186 0.00823043 0.00840488 0.00834782 
0.0105905 0.0102974 0.030326 0.012212 0.341423 0.0105595 0.0109256 0.0036609 0.00358198 0.00355261 0.00359778 0 0.00353445 0.00354341 0.0133184 0.00994292 0.00791891 0.00863178 0.0082974 0.00850987 0.00900828 0.0100795 0.0117323 0.0109966 0.0123783 0.0106089 0.00967 0.00943891 0.0120639 0.0103623 0.0102203 0.00884351 0.00860476 0.00817356 0.00843945 0.00830426 0.00816732 0.00803552 0.00824735 0.0085038 0.00848292 0.00826593 0.0080659 0.00821926 0.00827712 0.00831798 0.0081736 0.00815006 0.00835821 0.00841699 0.00842735 0.00822372 0.00830912 0.00834265 0.00827776 0.00824021 0.00806979 0.00824786 0.00828442 0.00818913 0.00832969 0.00831684 
0.0130163 0.0122836 0.0133275 0.0110047 0.0108792 0.414052 0.00888479 0.00680869 0.00367852 0.00363033 0.00358099 0.00353445 0 0.00365303 0.0157535 0.0187839 0.00832192 0.00925188 0.00907468 0.00948713 0.00931729 0.00925814 0.00956593 0.00984524 0.00953029 0.00901257 0.00891845 0.00897791 0.00935321 0.00929999 0.00956612 0.00928668 0.00838566 0.00820326 0.00842559 0.00824793 0.00811721 0.00809689 0.00814788 0.00833361 0.00829234 0.00812471 0.00802393 0.00814971 0.00822523 0.00821091 0.00806875 0.00808631 0.00820495 0.00830284 0.00831829 0.00823395 0.0082568 0.00821914 0.008204 0.00816994 0.00802978 0.0082564 0.00827158 0.00814365 0.00835465 0.00833296 
0.0140838 0.0161361 0.0089126 0.0116753 0.0105619 0.0109755 0.374799 0.00784189 0.00451256 0.00358523 0.0036176 0.00354341 0.00365303 0 0.0272198 0.0372962 0.0172653 0.0145774 0.0193156 0.0115202 0.00900448 0.00882286 0.00975649 0.00915762 0.00899478 0.0090801 0.0086837 0.00888671 0.00901516 0.00930271 0.00866609 0.00940536 0.00892159 0.0102349 0.00824737 0.00903511 0.00822163 0.00825424 0.00840178 0.00811877 0.00818993 0.00811087 0.00818235 0.00874028 0.00808309 0.00814498 0.00829939 0.00826915 0.00820075 0.00820992 0.00821254 0.00819283 0.00821378 0.00816565 0.00816425 0.0085126 0.00826097 0.00826983 0.00828947 0.00847153 0.00860767 0.00857384 
0.0156912 0.0188431 0.0110182 0.0134664 0.011308 0.013365 0.0125972 0.0255009 0.0233608 0.0117949 0.0101699 0.0133184 0.0157535 0.0272198 0 0.00443057 0.0040216 0.0560579 0.0236684 0.0243759 0.0166537 0.0112684 0.0118179 0.011967 0.0130759 0.0106329 0.0106979 0.0111932 0.0119158 0.0115107 0.0100529 0.0197352 0.0137284 0.011106 0.0112585 0.0112613 0.00861026 0.00879887 0.00953099 0.00873468 0.00860992 0.00850563 0.00842468 0.00866671 0.00830205 0.00863033 0.00857618 0.00838361 0.00830396 0.00845161 0.00853694 0.00845505 0.00836574 0.00846119 0.00838568 0.00838094 0.00824754 0.00828802 0.00829666 0.00831916 0.00853871 0.00869168 
0.0148553 0.0143407 0.00960289 0.0107368 0.0111861 0.0139315 0.0133659 0.0220079 0.0146397 0.00994999 0.0109055 0.00994292 0.0187839 0.0372962 0.00443057 0 0.00613431 0.0310206 0.0351809 0.0192124 0.0126162 0.0103863 0.0121261 0.012019 0.0119271 0.0111554 0.00991189 0.0104712 0.0115631 0.0106476 0.0101561 0.0149762 0.0132417 0.0129638 0.0113011 0.0102524 0.00867604 0.00859662 0.00952255 0.0092293 0.00870826 0.00838864 0.00838957 0.00845562 0.00825386 0.00853329 0.00838247 0.00835196 0.00840203 0.0083651 0.00848531 0.00831131 0.00841033 0.00834482 0.00840515 0.00868593 0.00823798 0.00844109 0.00824807 0.00841694 0.00875103 0.00879195 
0.0183922 0.0100176 0.00981969 0.00911377 0.00960445 0.0103924 0.0114984 0.0211062 0.0104992 0.00879865 0.0082526 0.00791891 0.00832192 0.0172653 0.0040216 0.00613431 0 0.153274 0.0332355 0.0212006 0.0106277 0.00976486 0.00991573 0.00969344 0.00992569 0.00947046 0.00961826 0.00967344 0.00955813 0.00958398 0.00914767 0.0109638 0.0162702 0.0113075 0.00931694 0.0106047 0.00888828 0.00852397 0.00923963 0.00831607 0.00810688 0.00821895 0.0085713 0.00847497 0.00816421 0.00815884 0.00851239 0.00857329 0.00811502 0.00811556 0.00808111 0.00806175 0.0080448 0.00800547 0.00808819 0.00833566 0.00859595 0.00832803 0.00823461 0.00907558 0.00865074 0.00875578 
0.0112717 0.00944154 0.00877585 0.0086953 0.00865025 0.00946127 0.0112408 0.0174594 0.0102727 0.00897969 0.00889291 0.00863178 0.00925188 0.0145774 0.0560579 0.0310206 0.153274 0 0.098317 0.0147568 0.0103345 0.00936469 0.00962315 0.00927408 0.00920576 0.00895859 0.00900647 0.00927152 0.00913594 0.0088973 0.00879811 0.0104334 0.0159213 0.010323 0.00904796 0.0117478 0.00915097 0.00858397 0.00904653 0.00810992 0.00804453 0.0081056 0.00859296 0.0087333 0.00806033 0.0081615 0.00882499 0.00850648 0.00806498 0.00803357 0.00807742 0.00803733 0.00802275 0.00805528 0.00807061 0.00835253 0.00928141 0.00830962 0.00817296 0.00963027 0.00863067 0.00880862 
0.00925572 0.00990439 0.00833558 0.00878039 0.00846604 0.00881848 0.011595 0.0104992 0.0119586 0.00855829 0.00861504 0.0082974 0.00907468 0.0193156 0.0236684 0.0351809 0.0332355 0.098317 0 0.020688 0.00759095 0.00649934 0.00685868 0.00721956 0.00753896 0.00755545 0.00803416 0.00811802 0.00835583 0.00843086 0.00834433 0.0102105 0.0125551 0.0117655 0.00950751 0.0118911 0.00893901 0.0098342 0.00872657 0.00811451 0.00813184 0.00837759 0.00931727 0.00920874 0.00801001 0.00839715 0.00868265 0.00835192 0.0080667 0.00817117 0.00825449 0.00812258 0.00812436 0.00810406 0.0083534 0.00861714 0.00976257 0.00821865 0.00811667 0.00978901 0.00841458 0.00883345 
0.0106969 0.00860109 0.00973939 0.00864945 0.00893703 0.00907778 0.00952623 0.0145441 0.00890328 0.00892844 0.00862759 0.00850987 0.00948713 0.0115202 0.0243759 0.0192124 0.0212006 0.0147568 0.020688 0 0.00372645 0.00358238 0.00355514 0.00356224 0.00351914 0.00357871 0.00384286 0.00440406 0.00550122 0.00603492 0.0073496 0.00709466 0.0228701 0.015397 0.0136999 0.0225757 0.0091379 0.00881603 0.0114098 0.00902967 0.00874059 0.00892729 0.0101157 0.0085692 0.00843371 0.0087538 0.0101661 0.00841236 0.00840156 0.00873619 0.00868848 0.00897091 0.0086763 0.00890923 0.00861015 0.00938417 0.00866098 0.00827725 0.00830742 0.00834508 0.00842084 0.00829536 
0.00824836 0.0110556 0.00936204 0.011601 0.0104334 0.0093822 0.00867621 0.00851677 0.0118383 0.00894216 0.00892358 0.00900828 0.00931729 0.00900448 0.0166537 0.0126162 0.0106277 0.0103345 0.00759095 0.00372645 0 0.00353206 0.00354289 0.00348891 0.00359031 0.00407499 0.00363512 0.00412369 0.00425657 0.00631215 0.00921092 0.0136049 0.00548157 0.0148409 0.023263 0.0104581 0.00847538 0.00849677 0.00880029 0.0112595 0.0101816 0.00946191 0.00856728 0.00842332 0.00868262 0.00931382 0.00835292 0.00822427 0.00860707 0.0092783 0.00951404 0.00954235 0.0089835 0.00953798 0.00915242 0.00864589 0.00805335 0.00819604 0.00819995 0.00803722 0.00823757 0.0082932 
0.0083405 0.00910555 0.0129515 0.0130558 0.0130505 0.0101186 0.00858778 0.00878854 0.00967759 0.0105443 0.00999461 0.0100795 0.00925814 0.00882286 0.0112684 0.0103863 0.00976486 0.00936469 0.00649934 0.00358238 0.00353206 0 0.00353484 0.00353803 0.00352552 0.00353744 0.00380716 0.0036684 0.00438426 0.00530213 0.0194802 0.00525571 0.00486463 0.018486 0.014503 0.0108254 0.00877189 0.00830335 0.00929641 0.0108664 0.0140631 0.00946845 0.00862333 0.00844436 0.00880131 0.00931021 0.00845563 0.00822658 0.00882189 0.0101 0.0101401 0.0104822 0.0102073 0.00997978 0.00924596 0.00869418 0.00806773 0.00814338 0.00818405 0.00799727 0.00809746 0.00812497 
0.00847501 0.0098503 0.0153507 0.0162232 0.0158931 0.0119134 0.00925032 0.00893632 0.0109041 0.0130198 0.0112248 0.0117323 0.00956593 0.00975649 0.0118179 0.0121261 0.00991573 0.00962315 0.00685868 0.00355514 0.00354289 0.00353484 0 0.00352422 0.00352202 0.00354014 0.00356063 0.00364046 0.00395332 0.00945906 0.00828591 0.00444266 0.00439447 0.0194741 0.0185596 0.0133665 0.00870866 0.00869395 0.0103398 0.0156764 0.0188153 0.0117247 0.00978538 0.00882503 0.00915712 0.0109434 0.00938957 0.00862918 0.00925634 0.0131379 0.0131485 0.0125167 0.0137887 0.0120956 0.0101959 0.0105824 0.00817206 0.00824785 0.00833486 0.00809448 0.00822118 0.00822728 
0.00844557 0.0099844 0.0144214 0.0172521 0.0172084 0.0123372 0.00883156 0.00868913 0.0106287 0.0116503 0.0132437 0.0109966 0.00984524 0.00915762 0.011967 0.012019 0.00969344 0.00927408 0.00721956 0.00356224 0.00348891 0.00353803 0.00352422 0 0.0035194 0.00352766 0.00353646 0.00360662 0.00529314 0.00693234 0.00582706 0.00544783 0.00402547 0.0197316 0.0194699 0.0137068 0.00910528 0.00846436 0.00989309 0.0141284 0.0192257 0.0126683 0.00908578 0.00861335 0.00917401 0.0111634 0.00915082 0.00837569 0.00949866 0.0133009 0.0139324 0.0120943 0.0118479 0.0121526 0.0108146 0.00978095 0.00809756 0.00816809 0.00820578 0.00799832 0.00815331 0.00823531 
0.00846625 0.00989304 0.0140378 0.0162305 0.0174924 0.0128519 0.00872562 0.00905388 0.0104164 0.0114028 0.0111005 0.0123783 0.00953029 0.00899478 0.0130759 0.0119271 0.00992569 0.00920576 0.00753896 0.00351914 0.00359031 0.00352552 0.00352202 0.0035194 0 0.00352212 0.00352417 0.00357811 0.00352656 0.00384791 0.0041353 0.00381133 0.00429111 0.0151246 0.0204683 0.0123677 0.00886621 0.00862079 0.00973582 0.0145566 0.0187355 0.0113416 0.0091019 0.00857694 0.00930147 0.0105369 0.00912475 0.00842246 0.00913947 0.0135885 0.0132068 0.0118291 0.0122382 0.0117394 0.0109 0.00998998 0.00812405 0.00820263 0.00824875 0.00805116 0.00832897 0.00824351 
0.00833517 0.0100942 0.0120145 0.0145323 0.0151208 0.0102341 0.00901394 0.00857418 0.0109375 0.0101568 0.0109437 0.0106089 0.00901257 0.0090801 0.0106329 0.0111554 0.00947046 0.00895859 0.00755545 0.00357871 0.00407499 0.00353744 0.00354014 0.00352766 0.00352212 0 0.0035209 0.00354195 0.00356583 0.00353269 0.0042984 0.00830319 0.00363394 0.0184158 0.0145728 0.01334 0.00872938 0.0085863 0.00939246 0.0141373 0.0166611 0.0109045 0.00904281 0.00870239 0.00905347 0.0106909 0.00899327 0.00847888 0.00897304 0.0118608 0.0124617 0.0124025 0.0117344 0.0118053 0.0103755 0.00949349 0.00819382 0.00823978 0.00827372 0.00805307 0.00822483 0.00821296 
0.00828232 0.00893955 0.0120936 0.0134412 0.0142922 0.0106039 0.00850374 0.00862805 0.00975722 0.0102302 0.00977103 0.00967 0.00891845 0.0086837 0.0106979 0.00991189 0.00961826 0.00900647 0.00803416 0.00384286 0.00363512 0.00380716 0.00356063 0.00353646 0.00352417 0.0035209 0 0.00350568 0.00541895 0.00357747 0.00413258 0.00482957 0.0035832 0.0141151 0.0165271 0.0111295 0.00850387 0.00838466 0.00934264 0.0138052 0.0173776 0.0100967 0.00884583 0.00838449 0.00912739 0.00941403 0.00874109 0.00825766 0.0089766 0.0112363 0.0120773 0.0105085 0.0125101 0.0109363 0.00968869 0.00916798 0.0080919 0.00815565 0.00818412 0.00800165 0.00811674 0.00814174 
0.00842915 0.00950258 0.0113571 0.0127487 0.0127668 0.00999279 0.00858165 0.00872355 0.00975514 0.00968879 0.0100166 0.00943891 0.00897791 0.00888671 0.0111932 0.0104712 0.00967344 0.00927152 0.00811802 0.00440406 0.00412369 0.0036684 0.00364046 0.00360662 0.00357811 0.00354195 0.00350568 0 0.00354589 0.0035878 0.00377137 0.00356426 0.00357065 0.0242111 0.0139536 0.0123377 0.00853088 0.0085181 0.00991323 0.0128672 0.0151794 0.0099926 0.00877106 0.00865721 0.00899652 0.0100512 0.00861279 0.00829454 0.00894841 0.0113797 0.0109563 0.0112557 0.011394 0.0107148 0.00962185 0.00902842 0.00810823 0.00818402 0.00818714 0.00801425 0.0082203 0.00821586 
0.00859911 0.00942621 0.0146582 0.0126546 0.0169798 0.0102132 0.00860266 0.00910146 0.0101143 0.0121565 0.0100974 0.0120639 0.00935321 0.00901516 0.0119158 0.0115631 0.00955813 0.00913594 0.00835583 0.00550122 0.00425657 0.00438426 0.00395332 0.00529314 0.00352656 0.00356583 0.00541895 0.00354589 0 0.00358343 0.00356973 0.00356424 0.00354908 0.0177951 0.0255257 0.0130829 0.00879831 0.00860101 0.00993113 0.0179134 0.0204465 0.0111578 0.00909928 0.00865335 0.00947962 0.0108627 0.00899264 0.00838392 0.00978126 0.0127848 0.0129572 0.0115739 0.0128949 0.0123564 0.010803 0.0097366 0.00811712 0.00822406 0.00831598 0.00800074 0.0082559 0.00827611 
0.0083157 0.00984004 0.0105894 0.0159986 0.0132434 0.00991728 0.00887744 0.00867901 0.0107046 0.0104238 0.0124002 0.0103623 0.00929999 0.00930271 0.0115107 0.0106476 0.00958398 0.0088973 0.00843086 0.00603492 0.00631215 0.00530213 0.00945906 0.00693234 0.00384791 0.00353269 0.00357747 0.0035878 0.00358343 0 0.00352915 0.00352864 0.00353525 0.0195709 0.0204028 0.0157863 0.0088151 0.00863843 0.0103829 0.0151917 0.0238528 0.0120026 0.0091204 0.00893893 0.00894627 0.0112518 0.00898184 0.00837618 0.0094836 0.0127982 0.0122829 0.0123872 0.0113417 0.011919 0.0103861 0.00986197 0.008117 0.00819841 0.00824507 0.00803651 0.00830814 0.00831176 
0.00851171 0.00875353 0.0150004 0.010253 0.0140177 0.00997067 0.00855551 0.00913741 0.00915731 0.0113907 0.00926964 0.0102203 0.00956612 0.00866609 0.0100529 0.0101561 0.00914767 0.00879811 0.00834433 0.0073496 0.00921092 0.0194802 0.00828591 0.00582706 0.0041353 0.0042984 0.00413258 0.00377137 0.00356973 0.00352915 0 0.00358769 0.00354186 0.0234975 0.0325706 0.0136421 0.00867581 0.00852352 0.00961203 0.0154599 0.01786 0.0108439 0.00871016 0.00838192 0.00936356 0.00974259 0.00888243 0.00827917 0.00939647 0.0117562 0.0122547 0.0102134 0.0118549 0.0101309 0.0101305 0.00919067 0.00809523 0.00815427 0.00818945 0.00801412 0.00822833 0.00818136 
0.00832494 0.0103375 0.00866552 0.0101444 0.0095091 0.00986943 0.00867268 0.00888903 0.0104805 0.00868258 0.00908911 0.00884351 0.00928668 0.00940536 0.0197352 0.0149762 0.0109638 0.0104334 0.0102105 0.00709466 0.0136049 0.00525571 0.00444266 0.00544783 0.00381133 0.00830319 0.00482957 0.00356426 0.00356424 0.00352864 0.00358769 0 0.00355261 0.0197211 0.0944662 0.0293596 0.00981827 0.0100101 0.0105153 0.0116727 0.0126019 0.0106489 0.00949955 0.00907652 0.00880285 0.0107716 0.00865732 0.00867585 0.00910044 0.00978134 0.00991421 0.00976771 0.00888231 0.00943024 0.00932239 0.00903996 0.0084066 0.00820676 0.00829945 0.00810509 0.00822408 0.00825416 
0.0106914 0.00831118 0.00876158 0.00844294 0.00854445 0.00864929 0.00834329 0.0125907 0.00860996 0.00858275 0.00842092 0.00860476 0.00838566 0.00892159 0.0137284 0.0132417 0.0162702 0.0159213 0.0125551 0.0228701 0.00548157 0.00486463 0.00439447 0.00402547 0.00429111 0.00363394 0.0035832 0.00357065 0.00354908 0.00353525 0.00354186 0.00355261 0 0.0257979 0.0156629 0.128723 0.012223 0.00888815 0.01127 0.00920049 0.00878471 0.0095659 0.00890295 0.00905125 0.00871211 0.00860193 0.00900216 0.00962437 0.00851567 0.00859808 0.00900269 0.00849302 0.00837963 0.00838646 0.00873411 0.00874097 0.00856733 0.00820412 0.00813034 0.00848721 0.00825254 0.00821336 
0.00824194 0.00948027 0.00832225 0.00861545 0.00833394 0.00843005 0.00928593 0.00818151 0.00915621 0.00830132 0.00833244 0.00817356 0.00820326 0.0102349 0.011106 0.0129638 0.0113075 0.010323 0.0117655 0.015397 0.0148409 0.018486 0.0194741 0.0197316 0.0151246 0.0184158 0.0141151 0.0242111 0.0177951 0.0195709 0.0234975 0.0197211 0.0257979 0 0.0035654 0.00371477 0.029845 0.0324969 0.0194976 0.0104152 0.0133537 0.0107168 0.015055 0.0113847 0.00860388 0.0117445 0.0126914 0.00871766 0.00891337 0.00973813 0.00914113 0.00983819 0.0087012 0.00932289 0.00963438 0.0114312 0.00963973 0.00827562 0.00838029 0.00876535 0.00850275 0.00882479 
0.00833245 0.00855025 0.00879023 0.00858082 0.00857628 0.00876844 0.00814528 0.00909684 0.00863016 0.0086693 0.00850055 0.00843945 0.00842559 0.00824737 0.0112585 0.0113011 0.00931694 0.00904796 0.00950751 0.0136999 0.023263 0.014503 0.0185596 0.0194699 0.0204683 0.0145728 0.0165271 0.0139536 0.0255257 0.0204028 0.0325706 0.0944662 0.0156629 0.0035654 0 0.00371709 0.130454 0.024725 0.0145446 0.0559868 0.0165392 0.0231829 0.0100271 0.00890921 0.032676 0.0111759 0.0105218 0.00896167 0.0105411 0.0111484 0.0120229 0.00992652 0.0108589 0.0103803 0.0127994 0.00929917 0.00835794 0.00827951 0.00838951 0.00808682 0.0083053 0.00842181 
0.00895915 0.00861291 0.00835128 0.00846156 0.00838014 0.00826052 0.00839009 0.00941681 0.00861423 0.00834237 0.00828261 0.00830426 0.00824793 0.00903511 0.0112613 0.0102524 0.0106047 0.0117478 0.0118911 0.0225757 0.0104581 0.0108254 0.0133665 0.0137068 0.0123677 0.01334 0.0111295 0.0123377 0.0130829 0.0157863 0.0136421 0.0293596 0.128723 0.00371477 0.00371709 0 0.0216625 0.0683185 0.0317996 0.0119409 0.0168434 0.01508 0.0187378 0.0177416 0.00961613 0.0115622 0.0120211 0.0136968 0.00934837 0.00976386 0.00948561 0.00983863 0.00946243 0.00954077 0.0105303 0.0126865 0.00936786 0.00861317 0.00837859 0.00890445 0.00869836 0.00851338 
0.00830561 0.00827329 0.00832033 0.00818281 0.00817031 0.00808619 0.00806781 0.00848372 0.00819581 0.00822885 0.00816752 0.00816732 0.00811721 0.00822163 0.00861026 0.00867604 0.00888828 0.00915097 0.00893901 0.0091379 0.00847538 0.00877189 0.00870866 0.00910528 0.00886621 0.00872938 0.00850387 0.00853088 0.00879831 0.0088151 0.00867581 0.00981827 0.012223 0.029845 0.130454 0.0216625 0 0.00595469 0.0226423 0.0386072 0.0155044 0.0176015 0.0156157 0.0127104 0.0139569 0.0113784 0.0179532 0.0102564 0.0101571 0.0100962 0.010022 0.0097609 0.00969356 0.00961119 0.0114772 0.0113289 0.0111744 0.0087196 0.0085304 0.00938089 0.00855442 0.00860853 
0.0081592 0.00834528 0.00803844 0.00809299 0.00808966 0.00810016 0.00821998 0.00804769 0.00847507 0.00802304 0.00805053 0.00803552 0.00809689 0.00825424 0.00879887 0.00859662 0.00852397 0.00858397 0.0098342 0.00881603 0.00849677 0.00830335 0.00869395 0.00846436 0.00862079 0.0085863 0.00838466 0.0085181 0.00860101 0.00863843 0.00852352 0.0100101 0.00888815 0.0324969 0.024725 0.0683185 0.00595469 0 0.0264532 0.0155428 0.012466 0.0197653 0.0165643 0.0192969 0.00910238 0.0151491 0.0113294 0.012319 0.00995832 0.00928831 0.00890402 0.00948923 0.00882182 0.00910366 0.0110926 0.00962484 0.0121493 0.01044 0.00832491 0.00928041 0.00871057 0.00846128 
0.00844895 0.00852709 0.00839872 0.00848116 0.00840055 0.00824204 0.0081706 0.008481 0.00832216 0.00830773 0.00822293 0.00824735 0.00814788 0.00840178 0.00953099 0.00952255 0.00923963 0.00904653 0.00872657 0.0114098 0.00880029 0.00929641 0.0103398 0.00989309 0.00973582 0.00939246 0.00934264 0.00991323 0.00993113 0.0103829 0.00961203 0.0105153 0.01127 0.0194976 0.0145446 0.0317996 0.0226423 0.0264532 0 0.00397149 0.00359789 0.00362625 0.00378509 0.0999139 0.0323436 0.0192822 0.0360135 0.0203508 0.0181009 0.0148749 0.0162804 0.0151904 0.0134968 0.0152931 0.0167877 0.0270661 0.014761 0.011846 0.0107221 0.0108081 0.00950538 0.00962969 
0.00823567 0.00856999 0.00862659 0.00884203 0.00863573 0.00849159 0.00818848 0.00821281 0.00856899 0.00844868 0.00842751 0.0085038 0.00833361 0.00811877 0.00873468 0.0092293 0.00831607 0.00810992 0.00811451 0.00902967 0.0112595 0.0108664 0.0156764 0.0141284 0.0145566 0.0141373 0.0138052 0.0128672 0.0179134 0.0151917 0.0154599 0.0116727 0.00920049 0.0104152 0.0559868 0.0119409 0.0386072 0.0155428 0.00397149 0 0.0035531 0.00353538 0.00353897 0.0677165 0.0741012 0.0432748 0.0155503 0.0121725 0.0291515 0.0291821 0.0304244 0.0226075 0.0280565 0.0285558 0.036292 0.0168903 0.0098819 0.00977371 0.0100037 0.00848138 0.00884277 0.00880096 
0.00819036 0.0085246 0.00876703 0.00894825 0.00877299 0.0084836 0.00820626 0.00821214 0.00856727 0.00847218 0.00841867 0.00848292 0.00829234 0.00818993 0.00860992 0.00870826 0.00810688 0.00804453 0.00813184 0.00874059 0.0101816 0.0140631 0.0188153 0.0192257 0.0187355 0.0166611 0.0173776 0.0151794 0.0204465 0.0238528 0.01786 0.0126019 0.00878471 0.0133537 0.0165392 0.0168434 0.0155044 0.012466 0.00359789 0.0035531 0 0.00352723 0.0035213 0.0278529 0.0657466 0.0476147 0.0151533 0.0114232 0.0216635 0.0501756 0.039111 0.0403412 0.0367632 0.0574913 0.0283483 0.0202925 0.00902654 0.00893857 0.00993352 0.00849709 0.00859168 0.00864065 
0.00814977 0.00828307 0.00837386 0.00850429 0.00838982 0.00829868 0.00814444 0.00820156 0.00841227 0.00825199 0.00819157 0.00826593 0.00812471 0.00811087 0.00850563 0.00838864 0.00821895 0.0081056 0.00837759 0.00892729 0.00946191 0.00946845 0.0117247 0.0126683 0.0113416 0.0109045 0.0100967 0.0099926 0.0111578 0.0120026 0.0108439 0.0106489 0.0095659 0.0107168 0.0231829 0.01508 0.0176015 0.0197653 0.00362625 0.00353538 0.00352723 0 0.00355665 0.0157121 0.0349781 0.0974841 0.0277539 0.0122138 0.0183293 0.0170345 0.0284023 0.0216588 0.0221902 0.015792 0.0538563 0.0208941 0.010367 0.00923172 0.00985011 0.00888421 0.00890412 0.00871261 
0.00811625 0.00815878 0.00820044 0.00817646 0.00812717 0.00814005 0.00810084 0.00821814 0.00814302 0.00806454 0.00809291 0.0080659 0.00802393 0.00818235 0.00842468 0.00838957 0.0085713 0.00859296 0.00931727 0.0101157 0.00856728 0.00862333 0.00978538 0.00908578 0.0091019 0.00904281 0.00884583 0.00877106 0.00909928 0.0091204 0.00871016 0.00949955 0.00890295 0.015055 0.0100271 0.0187378 0.0156157 0.0165643 0.00378509 0.00353897 0.0035213 0.00355665 0 0.0176934 0.0113047 0.0450014 0.0675211 0.0209322 0.0114203 0.0118725 0.0125989 0.0140285 0.0109983 0.0113312 0.0146654 0.0247684 0.0125141 0.011161 0.010142 0.0104322 0.00943504 0.00888269 
0.00825324 0.00928256 0.00823589 0.00859697 0.00826076 0.00814912 0.00832031 0.00813947 0.00897927 0.00818394 0.00822297 0.00821926 0.00814971 0.00874028 0.00866671 0.00845562 0.00847497 0.0087333 0.00920874 0.0085692 0.00842332 0.00844436 0.00882503 0.00861335 0.00857694 0.00870239 0.00838449 0.00865721 0.00865335 0.00893893 0.00838192 0.00907652 0.00905125 0.0113847 0.00890921 0.0177416 0.0127104 0.0192969 0.0999139 0.0677165 0.0278529 0.0157121 0.0176934 0 0.00358951 0.00371879 0.00365606 0.00573752 0.0066648 0.00902203 0.0126052 0.021521 0.0073602 0.00885748 0.00959795 0.0209542 0.0142077 0.0138132 0.0107116 0.0118759 0.0105876 0.0101218 
0.00833873 0.00838347 0.00856543 0.00839181 0.00831628 0.00828902 0.00817554 0.00851086 0.00838781 0.00832892 0.00827349 0.00827712 0.00822523 0.00808309 0.00830205 0.00825386 0.00816421 0.00806033 0.00801001 0.00843371 0.00868262 0.00880131 0.00915712 0.00917401 0.00930147 0.00905347 0.00912739 0.00899652 0.00947962 0.00894627 0.00936356 0.00880285 0.00871211 0.00860388 0.032676 0.00961613 0.0139569 0.00910238 0.0323436 0.0741012 0.0657466 0.0349781 0.0113047 0.00358951 0 0.00361366 0.00363062 0.00580771 0.00928147 0.02555 0.0318506 0.00882386 0.0191175 0.00882585 0.0163169 0.0121094 0.00862815 0.0105846 0.0113105 0.0090373 0.00875683 0.00867195 
0.0083465 0.00863507 0.00858588 0.00858599 0.00844037 0.0084023 0.00820348 0.00825369 0.0085788 0.00833893 0.00837025 0.00831798 0.00821091 0.00814498 0.00863033 0.00853329 0.00815884 0.0081615 0.00839715 0.0087538 0.00931382 0.00931021 0.0109434 0.0111634 0.0105369 0.0106909 0.00941403 0.0100512 0.0108627 0.0112518 0.00974259 0.0107716 0.00860193 0.0117445 0.0111759 0.0115622 0.0113784 0.0151491 0.0192822 0.0432748 0.0476147 0.0974841 0.0450014 0.00371879 0.00361366 0 0.00359659 0.00965965 0.0399202 0.0327921 0.0138925 0.0134115 0.00800187 0.0149531 0.0219215 0.0109505 0.00879434 0.01398 0.0112975 0.00969317 0.0103017 0.00995364 
0.00853967 0.00838402 0.00836257 0.00837176 0.00829495 0.00826574 0.00824437 0.00873695 0.00828103 0.00813949 0.00812947 0.0081736 0.00806875 0.00829939 0.00857618 0.00838247 0.00851239 0.00882499 0.00868265 0.0101661 0.00835292 0.00845563 0.00938957 0.00915082 0.00912475 0.00899327 0.00874109 0.00861279 0.00899264 0.00898184 0.00888243 0.00865732 0.00900216 0.0126914 0.0105218 0.0120211 0.0179532 0.0113294 0.0360135 0.0155503 0.0151533 0.0277539 0.0675211 0.00365606 0.00363062 0.00359659 0 0.0269322 0.0322767 0.0071758 0.00912247 0.00720635 0.0118747 0.00822717 0.0102925 0.0140701 0.0103986 0.015576 0.0126702 0.0146236 0.0124435 0.0106542 
0.0082931 0.00828968 0.00823154 0.00834563 0.00817966 0.00815129 0.00828802 0.00823178 0.008259 0.00810355 0.00818897 0.00815006 0.00808631 0.00826915 0.00838361 0.00835196 0.00857329 0.00850648 0.00835192 0.00841236 0.00822427 0.00822658 0.00862918 0.00837569 0.00842246 0.00847888 0.00825766 0.00829454 0.00838392 0.00837618 0.00827917 0.00867585 0.00962437 0.00871766 0.00896167 0.0136968 0.0102564 0.012319 0.0203508 0.0121725 0.0114232 0.0122138 0.0209322 0.00573752 0.00580771 0.00965965 0.0269322 0 0.00358716 0.00355122 0.00356393 0.00357424 0.00355592 0.00362215 0.00431144 0.0062099 0.00852228 0.0176406 0.0115853 0.015344 0.00948761 0.0114528 
0.00832265 0.00842997 0.00849947 0.00847711 0.00838334 0.00836689 0.00824863 0.00816523 0.00841637 0.00833204 0.00827943 0.00835821 0.00820495 0.00820075 0.00830396 0.00840203 0.00811502 0.00806498 0.0080667 0.00840156 0.00860707 0.00882189 0.00925634 0.00949866 0.00913947 0.00897304 0.0089766 0.00894841 0.00978126 0.0094836 0.00939647 0.00910044 0.00851567 0.00891337 0.0105411 0.00934837 0.0101571 0.00995832 0.0181009 0.0291515 0.0216635 0.0183293 0.0114203 0.0066648 0.00928147 0.0399202 0.0322767 0.00358716 0 0.00354158 0.00357513 0.00357037 0.00350634 0.00364433 0.00450991 0.00423126 0.00530201 0.013843 0.0104361 0.0093539 0.00901439 0.00902501 
0.00828405 0.0085648 0.00870683 0.00871522 0.00855455 0.00847839 0.00828244 0.00817447 0.00855865 0.00845642 0.00841 0.00841699 0.00830284 0.00820992 0.00845161 0.0083651 0.00811556 0.00803357 0.00817117 0.00873619 0.0092783 0.0101 0.0131379 0.0133009 0.0135885 0.0118608 0.0112363 0.0113797 0.0127848 0.0127982 0.0117562 0.00978134 0.00859808 0.00973813 0.0111484 0.00976386 0.0100962 0.00928831 0.0148749 0.0291821 0.0501756 0.0170345 0.0118725 0.00902203 0.02555 0.0327921 0.0071758 0.00355122 0.00354158 0 0.00354129 0.00356165 0.00353914 0.00359071 0.00370188 0.00434575 0.00364107 0.0120648 0.0117441 0.00893008 0.00932341 0.00932619 
0.00830832 0.00854017 0.00872937 0.00871807 0.00871579 0.00854688 0.0083174 0.00824589 0.0085424 0.00841324 0.00838984 0.00842735 0.00831829 0.00821254 0.00853694 0.00848531 0.00808111 0.00807742 0.00825449 0.00868848 0.00951404 0.0101401 0.0131485 0.0139324 0.0132068 0.0124617 0.0120773 0.0109563 0.0129572 0.0122829 0.0122547 0.00991421 0.00900269 0.00914113 0.0120229 0.00948561 0.010022 0.00890402 0.0162804 0.0304244 0.039111 0.0284023 0.0125989 0.0126052 0.0318506 0.0138925 0.00912247 0.00356393 0.00357513 0.00354129 0 0.0035301 0.00352203 0.00358228 0.00357945 0.00369313 0.00362169 0.0117388 0.0118878 0.0089344 0.00894932 0.008976 
0.00828636 0.00850272 0.00854191 0.00867637 0.00850374 0.00842105 0.00827919 0.00815372 0.00851549 0.00830611 0.00827036 0.00822372 0.00823395 0.00819283 0.00845505 0.00831131 0.00806175 0.00803733 0.00812258 0.00897091 0.00954235 0.0104822 0.0125167 0.0120943 0.0118291 0.0124025 0.0105085 0.0112557 0.0115739 0.0123872 0.0102134 0.00976771 0.00849302 0.00983819 0.00992652 0.00983863 0.0097609 0.00948923 0.0151904 0.0226075 0.0403412 0.0216588 0.0140285 0.021521 0.00882386 0.0134115 0.00720635 0.00357424 0.00357037 0.00356165 0.0035301 0 0.00352217 0.00353352 0.00354781 0.00364175 0.00364844 0.012853 0.0104788 0.00890322 0.00929601 0.00904681 
0.00826902 0.00849647 0.0087815 0.00859607 0.0085995 0.00845686 0.00824918 0.00821799 0.00854998 0.00837318 0.00827184 0.00830912 0.0082568 0.00821378 0.00836574 0.00841033 0.0080448 0.00802275 0.00812436 0.0086763 0.0089835 0.0102073 0.0137887 0.0118479 0.0122382 0.0117344 0.0125101 0.011394 0.0128949 0.0113417 0.0118549 0.00888231 0.00837963 0.0087012 0.0108589 0.00946243 0.00969356 0.00882182 0.0134968 0.0280565 0.0367632 0.0221902 0.0109983 0.0073602 0.0191175 0.00800187 0.0118747 0.00355592 0.00350634 0.00353914 0.00352203 0.00352217 0 0.00352323 0.00353477 0.0035711 0.00354793 0.012495 0.0111429 0.00883027 0.00881913 0.00891853 
0.00827281 0.0085036 0.00860855 0.00882982 0.00856013 0.00842438 0.00826123 0.00818949 0.00857623 0.00836067 0.00830581 0.00834265 0.00821914 0.00816565 0.00846119 0.00834482 0.00800547 0.00805528 0.00810406 0.00890923 0.00953798 0.00997978 0.0120956 0.0121526 0.0117394 0.0118053 0.0109363 0.0107148 0.0123564 0.011919 0.0101309 0.00943024 0.00838646 0.00932289 0.0103803 0.00954077 0.00961119 0.00910366 0.0152931 0.0285558 0.0574913 0.015792 0.0113312 0.00885748 0.00882585 0.0149531 0.00822717 0.00362215 0.00364433 0.00359071 0.00358228 0.00353352 0.00352323 0 0.00353037 0.00353355 0.00405343 0.0144545 0.01196 0.00891064 0.00904741 0.00908987 
0.00834682 0.00847738 0.00870838 0.00868415 0.00861494 0.00844343 0.00824254 0.00821648 0.00858563 0.0083734 0.00834109 0.00827776 0.008204 0.00816425 0.00838568 0.00840515 0.00808819 0.00807061 0.0083534 0.00861015 0.00915242 0.00924596 0.0101959 0.0108146 0.0109 0.0103755 0.00968869 0.00962185 0.010803 0.0103861 0.0101305 0.00932239 0.00873411 0.00963438 0.0127994 0.0105303 0.0114772 0.0110926 0.0167877 0.036292 0.0283483 0.0538563 0.0146654 0.00959795 0.0163169 0.0219215 0.0102925 0.00431144 0.00450991 0.00370188 0.00357945 0.00354781 0.00353477 0.00353037 0 0.00355677 0.00355903 0.0241126 0.0188665 0.0125385 0.0105538 0.0109483 
0.00841416 0.00860985 0.00854805 0.00854653 0.00863131 0.00834603 0.00836201 0.00843205 0.00856947 0.00836293 0.00828987 0.00824021 0.00816994 0.0085126 0.00838094 0.00868593 0.00833566 0.00835253 0.00861714 0.00938417 0.00864589 0.00869418 0.0105824 0.00978095 0.00998998 0.00949349 0.00916798 0.00902842 0.0097366 0.00986197 0.00919067 0.00903996 0.00874097 0.0114312 0.00929917 0.0126865 0.0113289 0.00962484 0.0270661 0.0168903 0.0202925 0.0208941 0.0247684 0.0209542 0.0121094 0.0109505 0.0140701 0.0062099 0.00423126 0.00434575 0.00369313 0.00364175 0.0035711 0.00353355 0.00355677 0 0.00364548 0.0160843 0.0204759 0.0155791 0.0111985 0.0106278 
0.00869104 0.00841003 0.00818998 0.00822774 0.00816318 0.00813009 0.00828717 0.00877633 0.00827217 0.00807613 0.00809802 0.00806979 0.00802978 0.00826097 0.00824754 0.00823798 0.00859595 0.00928141 0.00976257 0.00866098 0.00805335 0.00806773 0.00817206 0.00809756 0.00812405 0.00819382 0.0080919 0.00810823 0.00811712 0.008117 0.00809523 0.0084066 0.00856733 0.00963973 0.00835794 0.00936786 0.0111744 0.0121493 0.014761 0.0098819 0.00902654 0.010367 0.0125141 0.0142077 0.00862815 0.00879434 0.0103986 0.00852228 0.00530201 0.00364107 0.00362169 0.00364844 0.00354793 0.00405343 0.00355903 0.00364548 0 0.0306539 0.0162865 0.0680701 0.0123203 0.0126359 
0.00841036 0.00844148 0.00837665 0.00842091 0.00834072 0.00835764 0.00832888 0.00841993 0.00846336 0.00828083 0.00832704 0.00824786 0.0082564 0.00826983 0.00828802 0.00844109 0.00832803 0.00830962 0.00821865 0.00827725 0.00819604 0.00814338 0.00824785 0.00816809 0.00820263 0.00823978 0.00815565 0.00818402 0.00822406 0.00819841 0.00815427 0.00820676 0.00820412 0.00827562 0.00827951 0.00861317 0.0087196 0.01044 0.011846 0.00977371 0.00893857 0.00923172 0.011161 0.0138132 0.0105846 0.01398 0.015576 0.0176406 0.013843 0.0120648 0.0117388 0.012853 0.012495 0.0144545 0.0241126 0.0160843 0.0306539 0 0.00638897 0.00643824 0.0292294 0.030958 
