1AHQA
GIAVSDDCVQKFNELKLGHQHRYVTFKMNASNTEVVVEHVGGPNATYEDFKSQLPERDCRYAIFDYEFQVDGGQRNKITFILWAPDSAPIKSKMMYTSTKDSIKKKLVGIQVEVQATDAAEISEDAVSERAKK
CCEECHHHHHHHHHHHHHCCCCEEEEEECCCCCEEEEEEEECCCCCHHHHHHCCCCCCCEEEEEEEECCCCCCCCEEEEEEEECCCCCCHHHHHHHHHCHHHHHHHCCCCCEEEEECCCCCCCHHHHHHHHCC
0 0 0 0 0 0 0 0 0 0 0 0 0 0 0 0 0 0 0 0 0 0 0 0 0 0 0 0 0 0 0 0 0 0 0 0 0 0 0 0 0 0 0 0 0 0 0 0 0 0 0 0 0 0 0 0 0 0 0 0 0 0 0 0 0 0 0 0 0 0 0 0 0 0 0 0 0 0 0 0 0 0 0 0 0 0 0 0 0 0 0 0 0 0 0 0 0 0 0 0 0 0 0 0 0 0 0 0 0 0 0 0 0 0 0 0 0 0 0 0 0 0 0 0 0 0 0 0 0 0 0 0 0 
0 0 0 0 0 0 0 0 0 0 0 0 0 0 0 0 0 0 0 0 0 0 0 0 0 0 0 0 0 0 0 0 0 0 0 0 0 0 0 0 0 0 0 0 0 0 0 0 0 0 0 0 0 0 0 0 0 0 0 0 0 0 0 0 0 0 0 0 0 0 0 0 0 0 0 0 0 0 0 0 0 0 0 0 0 0 0 0 0 0 0 0 0 0 0 0 0 0 0 0 0 0 0 0 0 0 0 0 0 0 0 0 0 0 0 0 0 0 0 0 0 0 0 0 0 0 0 0 0 0 0 0 0 
0 0.00756745 0.0531551 0.0207243 0.0178737 0.00965096 0.0279991 0.0126663 0.0343905 0.0135806 0.0180888 0.0106107 0.0100553 0.00951441 0.0121793 0.0119483 0.0139667 0.0102661 0.0100116 0.00993971 0.00914291 0.0093826 0.00862849 0.0137542 0.00986616 0.00959013 0.00884059 0.0102053 0.00959097 0.0091264 0.0095847 0.0110877 0.00854057 0.00952455 0.00811544 0.00962392 0.0087192 
0.00756745 0 0.0198767 0.0287724 0.0116088 0.0183488 0.0125532 0.0369246 0.0137406 0.0249155 0.0106037 0.011689 0.00947612 0.00895372 0.00925152 0.0201288 0.0151609 0.0138986 0.0105841 0.00945805 0.0097218 0.00896141 0.0113072 0.00922697 0.0136314 0.00931961 0.00942799 0.00907874 0.0103105 0.00921459 0.00961508 0.0106996 0.0137825 0.00828364 0.00895414 0.00834451 0.00984777 
0.0531551 0.0198767 0 0.00363142 0.0035986 0.00360061 0.00368633 0.00449862 0.0277559 0.00825621 0.0115362 0.00954054 0.0249762 0.0505837 0.121309 0.248893 0.0324845 0.0240684 0.0210921 0.0171248 0.0136868 0.0143604 0.010905 0.0300965 0.0184039 0.0165427 0.0138952 0.017723 0.0187217 0.0293108 0.0125477 0.0286819 0.0119725 0.00990899 0.00901641 0.00994139 0.0120386 
0.0207243 0.0287724 0.00363142 0 0.00359565 0.00356534 0.00431882 0.00376788 0.00656827 0.0235222 0.00886741 0.0362965 0.0765278 0.140792 0.155561 0.0100622 0.0131568 0.0712081 0.0389141 0.0536806 0.0401333 0.0163289 0.0536908 0.00943029 0.0132595 0.0206051 0.04546 0.0415718 0.10318 0.0533345 0.0350667 0.0117758 0.0116167 0.00905937 0.0188718 0.00984129 0.0104278 
0.0178737 0.0116088 0.0035986 0.00359565 0 0.00353178 0.00366962 0.00353098 0.00821842 0.0078181 0.049806 0.0441863 0.226999 0.108765 0.00898426 0.00847327 0.0124618 0.0164301 0.0837212 0.0545793 0.0353958 0.0596456 0.0103642 0.0123217 0.00991581 0.0234606 0.0254801 0.121728 0.0561145 0.0795614 0.0201225 0.013275 0.00907138 0.0178865 0.0101724 0.023131 0.00883442 
0.00965096 0.0183488 0.00360061 0.00356534 0.00353178 0 0.0035679 0.00370396 0.0050573 0.0473224 0.048435 0.498451 0.0202242 0.00954526 0.00830849 0.00917758 0.00949144 0.0247762 0.0264637 0.038662 0.0613972 0.0117812 0.0260804 0.00906388 0.0106441 0.0103348 0.0979011 0.0200355 0.0859832 0.0406456 0.021891 0.011436 0.0135511 0.00855513 0.0376879 0.00879843 0.0101519 
0.0279991 0.0125532 0.00368633 0.00431882 0.00366962 0.0035679 0 0.00351421 0.0775967 0.0207412 0.624205 0.0101564 0.00724438 0.00750733 0.00830814 0.00720104 0.0147739 0.0117799 0.0184061 0.0190429 0.0113107 0.0203073 0.00911089 0.0199297 0.00922881 0.0220125 0.0096286 0.0449598 0.0150107 0.0188719 0.0183366 0.0125592 0.00853069 0.0200416 0.00852736 0.018647 0.00831224 
0.0126663 0.0369246 0.00449862 0.00376788 0.00353098 0.00370396 0.00351421 0 0.0254895 0.553958 0.00639512 0.00614563 0.00602212 0.00602314 0.00591506 0.0088667 0.0143765 0.0155686 0.0109796 0.00966107 0.0105613 0.00863992 0.0144498 0.00873011 0.0210428 0.00891399 0.0134691 0.00943023 0.0124589 0.0105073 0.00990698 0.0126132 0.0373439 0.00820011 0.0126185 0.00821085 0.0116979 
0.0343905 0.0137406 0.0277559 0.00656827 0.00821842 0.0050573 0.0775967 0.0254895 0 0.00383673 0.00355337 0.00357034 0.00355714 0.00368214 0.00393228 0.00521253 0.0671031 0.0115153 0.0136882 0.0110914 0.00992595 0.0121691 0.00973821 0.0376669 0.0166934 0.0137961 0.00966128 0.0191461 0.0112994 0.0111507 0.0105081 0.0169356 0.0101691 0.0124689 0.00834267 0.0125312 0.0104293 
0.0135806 0.0249155 0.00825621 0.0235222 0.0078181 0.0473224 0.0207412 0.553958 0.00383673 0 0.00360335 0.00362601 0.00360591 0.00362636 0.00403367 0.00402955 0.0169639 0.0880904 0.0190001 0.0225906 0.018095 0.010955 0.0416155 0.0102267 0.0156935 0.0171564 0.0400099 0.0198749 0.0420002 0.0226987 0.0200548 0.0108455 0.0176276 0.00882213 0.0221037 0.00916804 0.0109762 
0.0180888 0.0106037 0.0115362 0.00886741 0.049806 0.048435 0.624205 0.00639512 0.00355337 0.00360335 0 0.00359096 0.00356939 0.00370827 0.0036324 0.00360837 0.0249235 0.0247438 0.065495 0.0439698 0.0315857 0.0624034 0.011178 0.0118568 0.0101979 0.0279296 0.0254428 0.102077 0.0538095 0.0890071 0.0246075 0.0130471 0.00929511 0.0192753 0.0102108 0.0184632 0.00925181 
0.0106107 0.011689 0.00954054 0.0362965 0.0441863 0.498451 0.0101564 0.00614563 0.00357034 0.00362601 0.00359096 0 0.00357288 0.00355496 0.00356192 0.00357422 0.0135875 0.0308424 0.0526292 0.0694399 0.0581593 0.0254551 0.0166093 0.00932151 0.0102871 0.0118786 0.0551172 0.043759 0.0940186 0.0529331 0.0360806 0.0132414 0.0112377 0.00916454 0.0223244 0.00952944 0.0102979 
0.0100553 0.00947612 0.0249762 0.0765278 0.226999 0.0202242 0.00724438 0.00602212 0.00355714 0.00360591 0.00356939 0.00357288 0 0.00355628 0.00356876 0.00354625 0.010698 0.0199333 0.034185 0.0416047 0.0346758 0.0138383 0.0122832 0.00944292 0.00939303 0.0119599 0.017674 0.0472379 0.0331977 0.0364788 0.0149766 0.0118369 0.00931253 0.00953535 0.0105324 0.0103173 0.00903513 
0.00951441 0.00895372 0.0505837 0.140792 0.108765 0.00954526 0.00750733 0.00602314 0.00368214 0.00362636 0.00370827 0.00355496 0.00355628 0 0.00353882 0.00353041 0.011985 0.0189802 0.0442965 0.0360826 0.0198674 0.0175508 0.00956591 0.00887849 0.0088364 0.0101622 0.0262087 0.0213328 0.0273792 0.0257232 0.0137936 0.00965364 0.00900835 0.00880362 0.0110764 0.00896804 0.00861543 
0.0121793 0.00925152 0.121309 0.155561 0.00898426 0.00830849 0.00830814 0.00591506 0.00393228 0.00403367 0.0036324 0.00356192 0.00356876 0.00353882 0 0.00356271 0.0103589 0.0352003 0.0200105 0.015575 0.0126401 0.0120402 0.0120838 0.00903779 0.00905147 0.0128734 0.00993758 0.0124258 0.0129209 0.0127916 0.0159632 0.0112476 0.0086001 0.00949735 0.00863597 0.00929094 0.00836405 
0.0119483 0.0201288 0.248893 0.0100622 0.00847327 0.00917758 0.00720104 0.0088667 0.00521253 0.00402955 0.00360837 0.00357422 0.00354625 0.00353041 0.00356271 0 0.0409715 0.0154578 0.0113127 0.0104329 0.0109229 0.00977793 0.0150535 0.0165392 0.0152334 0.00917058 0.0102052 0.0093343 0.0103434 0.00934243 0.0103083 0.0126769 0.0238556 0.00832016 0.0091984 0.00834171 0.0095748 
0.0139667 0.0151609 0.0324845 0.0131568 0.0124618 0.00949144 0.0147739 0.0143765 0.0671031 0.0169639 0.0249235 0.0135875 0.010698 0.011985 0.0103589 0.0409715 0 0.00372895 0.00357332 0.00360777 0.00361655 0.00363446 0.00370714 0.00900376 0.00869613 0.00999014 0.00828978 0.0104722 0.0111029 0.0116645 0.0145322 0.864969 0.0105068 0.0128416 0.00887723 0.0126549 0.0140043 
0.0102661 0.0138986 0.0240684 0.0712081 0.0164301 0.0247762 0.0117799 0.0155686 0.0115153 0.0880904 0.0247438 0.0308424 0.0199333 0.0189802 0.0352003 0.0154578 0.00372895 0 0.00357893 0.0035331 0.00354107 0.00351666 0.00711838 0.00361542 0.00892472 0.0123805 0.013206 0.00981192 0.0266374 0.0209934 0.91869 0.0169463 0.0264141 0.0104613 0.0214464 0.0115755 0.0126457 
0.0100116 0.0105841 0.0210921 0.0389141 0.0837212 0.0264637 0.0184061 0.0109796 0.0136882 0.0190001 0.065495 0.0526292 0.034185 0.0442965 0.0200105 0.0113127 0.00357332 0.00357893 0 0.00355846 0.00352659 0.00358231 0.00354664 0.00366677 0.0080979 0.01292 0.0119695 0.024238 0.0261187 0.963006 0.0286935 0.0169895 0.013518 0.0178245 0.0197901 0.0142707 0.0107846 
0.00993971 0.00945805 0.0171248 0.0536806 0.0545793 0.038662 0.0190429 0.00966107 0.0110914 0.0225906 0.0439698 0.0694399 0.0416047 0.0360826 0.015575 0.0104329 0.00360777 0.0035331 0.00355846 0 0.00356112 0.00353139 0.00355731 0.00358861 0.0073277 0.0121742 0.0183458 0.0201204 0.943421 0.0268283 0.0272507 0.01192 0.014511 0.0160216 0.0198174 0.0444535 0.0105071 
0.00914291 0.0097218 0.0136868 0.0401333 0.0353958 0.0613972 0.0113107 0.0105613 0.00992595 0.018095 0.0315857 0.0581593 0.0346758 0.0198674 0.0126401 0.0109229 0.00361655 0.00354107 0.00352659 0.00356112 0 0.00352277 0.00352429 0.00354346 0.00706354 0.0103785 0.0266017 0.912126 0.039851 0.0274067 0.0150637 0.0150418 0.0143749 0.0101687 0.0349611 0.0107968 0.0119947 
0.0093826 0.00896141 0.0143604 0.0163289 0.0596456 0.0117812 0.0203073 0.00863992 0.0121691 0.010955 0.0624034 0.0254551 0.0138383 0.0175508 0.0120402 0.00977793 0.00363446 0.00351666 0.00358231 0.00353139 0.00352277 0 0.00352842 0.00355569 0.0118641 0.0213915 0.899292 0.023654 0.0190765 0.0116478 0.0135021 0.0102097 0.00921825 0.0190596 0.0104423 0.0208363 0.00902086 
0.00862849 0.0113072 0.010905 0.0536908 0.0103642 0.0260804 0.00911089 0.0144498 0.00973821 0.0416155 0.011178 0.0166093 0.0122832 0.00956591 0.0120838 0.0150535 0.00370714 0.00711838 0.00354664 0.00355731 0.00352429 0.00352842 0 0.00352844 0.00972362 0.919129 0.0195074 0.0140114 0.0115356 0.0119059 0.0131091 0.0108748 0.0201637 0.00879586 0.0286449 0.0090521 0.0126364 
0.0137542 0.00922697 0.0300965 0.00943029 0.0123217 0.00906388 0.0199297 0.00873011 0.0376669 0.0102267 0.0118568 0.00932151 0.00944292 0.00887849 0.00903779 0.0165392 0.00900376 0.00361542 0.00366677 0.00358861 0.00354346 0.00355569 0.00352844 0 0.936246 0.0180901 0.00659714 0.0101809 0.00858541 0.00884391 0.0105442 0.0174363 0.0108097 0.0147374 0.00872002 0.0219946 0.00921861 
0.00986616 0.0136314 0.0184039 0.0132595 0.00991581 0.0106441 0.00922881 0.0210428 0.0166934 0.0156935 0.0101979 0.0102871 0.00939303 0.0088364 0.00905147 0.0152334 0.00869613 0.00892472 0.0080979 0.0073277 0.00706354 0.0118641 0.00972362 0.936246 0 0.00432336 0.00356938 0.00354708 0.00355421 0.00353757 0.00368614 0.00476031 0.0886547 0.00970431 0.0119347 0.00921547 0.023286 
0.00959013 0.00931961 0.0165427 0.0206051 0.0234606 0.0103348 0.0220125 0.00891399 0.0137961 0.0171564 0.0279296 0.0118786 0.0119599 0.0101622 0.0128734 0.00917058 0.00999014 0.0123805 0.01292 0.0121742 0.0103785 0.0213915 0.919129 0.0180901 0.00432336 0 0.00353123 0.00353464 0.00350941 0.0035399 0.00388655 0.00362298 0.0201316 0.0610124 0.00946613 0.0359575 0.00950395 
0.00884059 0.00942799 0.0138952 0.04546 0.0254801 0.0979011 0.0096286 0.0134691 0.00966128 0.0400099 0.0254428 0.0551172 0.017674 0.0262087 0.00993758 0.0102052 0.00828978 0.013206 0.0119695 0.0183458 0.0266017 0.899292 0.0195074 0.00659714 0.00356938 0.00353123 0 0.00352517 0.00355529 0.00358018 0.00351393 0.00368318 0.0663384 0.0126875 0.118137 0.00956636 0.0156588 
0.0102053 0.00907874 0.017723 0.0415718 0.121728 0.0200355 0.0449598 0.00943023 0.0191461 0.0198749 0.102077 0.043759 0.0472379 0.0213328 0.0124258 0.0093343 0.0104722 0.00981192 0.024238 0.0201204 0.912126 0.023654 0.0140114 0.0101809 0.00354708 0.00353464 0.00352517 0 0.0035536 0.00354829 0.00348873 0.00393055 0.150599 0.0854303 0.0152236 0.0348214 0.0104296 
0.00959097 0.0103105 0.0187217 0.10318 0.0561145 0.0859832 0.0150107 0.0124589 0.0112994 0.0420002 0.0538095 0.0940186 0.0331977 0.0273792 0.0129209 0.0103434 0.0111029 0.0266374 0.0261187 0.943421 0.039851 0.0190765 0.0115356 0.00858541 0.00355421 0.00350941 0.00355529 0.0035536 0 0.00354139 0.00349417 0.00360166 0.0540881 0.203047 0.0684406 0.0223082 0.0131855 
0.0091264 0.00921459 0.0293108 0.0533345 0.0795614 0.0406456 0.0188719 0.0105073 0.0111507 0.0226987 0.0890071 0.0529331 0.0364788 0.0257232 0.0127916 0.00934243 0.0116645 0.0209934 0.963006 0.0268283 0.0274067 0.0116478 0.0119059 0.00884391 0.00353757 0.0035399 0.00358018 0.00354829 0.00354139 0 0.0035422 0.00357443 0.0275612 0.0271129 0.362062 0.023024 0.0127515 
0.0095847 0.00961508 0.0125477 0.0350667 0.0201225 0.021891 0.0183366 0.00990698 0.0105081 0.0200548 0.0246075 0.0360806 0.0149766 0.0137936 0.0159632 0.0103083 0.0145322 0.91869 0.0286935 0.0272507 0.0150637 0.0135021 0.0131091 0.0105442 0.00368614 0.00388655 0.00351393 0.00348873 0.00349417 0.0035422 0 0.00358323 0.0172439 0.0294508 0.0213745 0.410707 0.0184886 
0.0110877 0.0106996 0.0286819 0.0117758 0.013275 0.011436 0.0125592 0.0126132 0.0169356 0.0108455 0.0130471 0.0132414 0.0118369 0.00965364 0.0112476 0.0126769 0.864969 0.0169463 0.0169895 0.01192 0.0150418 0.0102097 0.0108748 0.0174363 0.00476031 0.00362298 0.00368318 0.00393055 0.00360166 0.00357443 0.00358323 0 0.0177108 0.0105806 0.0186048 0.0481488 0.443657 
0.00854057 0.0137825 0.0119725 0.0116167 0.00907138 0.0135511 0.00853069 0.0373439 0.0101691 0.0176276 0.00929511 0.0112377 0.00931253 0.00900835 0.0086001 0.0238556 0.0105068 0.0264141 0.013518 0.014511 0.0143749 0.00921825 0.0201637 0.0108097 0.0886547 0.0201316 0.0663384 0.150599 0.0540881 0.0275612 0.0172439 0.0177108 0 0.00360299 0.0039281 0.00373948 0.010079 
0.00952455 0.00828364 0.00990899 0.00905937 0.0178865 0.00855513 0.0200416 0.00820011 0.0124689 0.00882213 0.0192753 0.00916454 0.00953535 0.00880362 0.00949735 0.00832016 0.0128416 0.0104613 0.0178245 0.0160216 0.0101687 0.0190596 0.00879586 0.0147374 0.00970431 0.0610124 0.0126875 0.0854303 0.203047 0.0271129 0.0294508 0.0105806 0.00360299 0 0.00354791 0.00391375 0.00364941 
0.00811544 0.00895414 0.00901641 0.0188718 0.0101724 0.0376879 0.00852736 0.0126185 0.00834267 0.0221037 0.0102108 0.0223244 0.0105324 0.0110764 0.00863597 0.0091984 0.00887723 0.0214464 0.0197901 0.0198174 0.0349611 0.0104423 0.0286449 0.00872002 0.0119347 0.00946613 0.118137 0.0152236 0.0684406 0.362062 0.0213745 0.0186048 0.0039281 0.00354791 0 0.00351633 0.00375072 
0.00962392 0.00834451 0.00994139 0.00984129 0.023131 0.00879843 0.018647 0.00821085 0.0125312 0.00916804 0.0184632 0.00952944 0.0103173 0.00896804 0.00929094 0.00834171 0.0126549 0.0115755 0.0142707 0.0444535 0.0107968 0.0208363 0.0090521 0.0219946 0.00921547 0.0359575 0.00956636 0.0348214 0.0223082 0.023024 0.410707 0.0481488 0.00373948 0.00391375 0.00351633 0 0.00354022 
0.0087192 0.00984777 0.0120386 0.0104278 0.00883442 0.0101519 0.00831224 0.0116979 0.0104293 0.0109762 0.00925181 0.0102979 0.00903513 0.00861543 0.00836405 0.0095748 0.0140043 0.0126457 0.0107846 0.0105071 0.0119947 0.00902086 0.0126364 0.00921861 0.023286 0.00950395 0.0156588 0.0104296 0.0131855 0.0127515 0.0184886 0.443657 0.010079 0.00364941 0.00375072 0.00354022 0 
