1B9IA
KAPEFPAWPQYDDAERNGLVRALEQGQWWRMGGDEVNSFEREFAAHHGAAHALAVTNGTHALELALQVMGVGPGTEVIVPAFTFISSSQAAQRLGAVTVPVDVDAATYNLDPEAVAAAVTPRTKVIMPVHMAGLMADMDALAKISADTGVPLLQDAAHAHGARWQGKRVGELDSIATFSFQNGKLMTAGEGGAVVFPDGETEKYETAFLRHSCGRPRDDRRYFHKIAGSNMRLNEFSASVLRAQLARLDEQIAVRDERWTLLSRLLGAIDGVVPQGGDVRADRNSHYMAMFRIPGLTEERRNALVDRLVEAGLPAFAAFRAIYRTDAFWELGAPDESVDAIARRCPNTDAISSDCVWLHHRVLLAGEPELHATAEIIADAVGRA
CCCCCCCCCCCCHHHHHHHHHHHHCCCCCCCCCCHHHHHHHHHHHHCCCCEEEEECCHHHHHHHHHHHCCCCCCCEEEEECCCCCHHHHHHHHCCCEEEEECECCCCCCECHHHHHHHCCCCEEEECCECHHHCCCCHHHHHHHHHHHCCCECEECCCCCCCEECCEEHHHCCCCEEEECECCCCCCCECCEEEEECCCCHHHHHHHHHHHECCCCCCCCCCCCCCCCCECCCCHHHHHHHHHHHCCHHHHHHHHHHHHHHHHHHHHCCCCCEECCCCCCCCECCCCEEEEECCCCCHHHHHHHHHHHHHCCCCEEECCCCHHHCHHHHHCCCCCCCHHHHHHHCHHHHHHHHHEEEEEHHHHHCCHHHHHHHHHHHHHHHHHC
0 0 0 0 0 0 0 0 0 0 0 0 0 0 0 0 0 0 0 0 0 0 0 0 0 0 0 0 0 0 0 0 0 0 0 0 0 0 0 0 0 0 0 0 0 0 0 0 0 0 0 0 0 0 0 0 0 0 0 0 0 0 0 0 0 0 0 0 0 0 0 0 0 0 0 0 0 0 0 0 0 0 0 0 0 0 0 0 0 0 0 0 0 0 0 0 0 0 0 0 0 0 0 0 0 0 0 0 0 0 0 0 0 0 0 0 0 0 0 0 0 0 0 0 0 0 0 0 0 0 0 0 0 0 0 0 0 0 0 0 0 0 0 0 0 0 0 0 0 0 0 0 0 0 0 0 0 0 0 0 0 0 0 0 0 0 0 0 0 0 0 0 0 0 0 0 0 0 0 0 0 0 0 0 0 0 0 0 0 0 0 0 0 0 0 0 0 0 0 0 0 0 0 0 0 0 0 0 0 0 0 0 0 0 0 0 0 0 0 0 0 0 0 0 0 0 0 0 0 0 0 0 0 0 0 0 0 0 0 0 0 0 0 0 0 0 0 0 0 0 0 0 0 0 0 0 0 0 0 0 0 0 0 0 0 0 0 0 0 0 0 0 0 0 0 0 0 0 0 0 0 0 0 0 0 0 0 0 0 0 0 0 0 0 0 0 0 0 0 0 0 0 0 0 0 0 0 0 0 0 0 0 0 0 0 0 0 0 0 0 0 0 0 0 0 0 0 0 0 0 0 0 0 0 0 0 0 0 0 0 0 0 0 0 0 0 0 0 0 0 0 0 0 0 0 0 0 0 0 0 0 0 0 0 0 0 0 0 0 0 0 0 0 0 0 0 0 0 0 0 0 0 0 0 
0 0 0 0 0 0 0 0 0 0 0 0 0 0 0 0 0 0 0 0 0 0 0 0 0 0 0 0 0 0 0 0 0 0 0 0 0 0 0 0 0 0 0 0 0 0 0 0 0 0 0 0 0 0 0 0 0 0 0 0 0 0 0 0 0 0 0 0 0 0 0 0 0 0 0 0 0 0 0 0 0 0 0 0 0 0 0 0 0 0 0 0 0 0 0 0 0 0 0 0 0 0 0 0 0 0 0 0 0 0 0 0 0 0 0 0 0 0 0 0 0 0 0 0 0 0 0 0 0 0 0 0 0 0 0 0 0 0 0 0 0 0 0 0 0 0 0 0 0 0 0 0 0 0 0 0 0 0 0 0 0 0 0 0 0 0 0 0 0 0 0 0 0 0 0 0 0 0 0 0 0 0 0 0 0 0 0 0 0 0 0 0 0 0 0 0 0 0 0 0 0 0 0 0 0 0 0 0 0 0 0 0 0 0 0 0 0 0 0 0 0 0 0 0 0 0 0 0 0 0 0 0 0 0 0 0 0 0 0 0 0 0 0 0 0 0 0 0 0 0 0 0 0 0 0 0 0 0 0 0 0 0 0 0 0 0 0 0 0 0 0 0 0 0 0 0 0 0 0 0 0 0 0 0 0 0 0 0 0 0 0 0 0 0 0 0 0 0 0 0 0 0 0 0 0 0 0 0 0 0 0 0 0 0 0 0 0 0 0 0 0 0 0 0 0 0 0 0 0 0 0 0 0 0 0 0 0 0 0 0 0 0 0 0 0 0 0 0 0 0 0 0 0 0 0 0 0 0 0 0 0 0 0 0 0 0 0 0 0 0 0 0 0 0 0 0 0 0 0 0 0 0 0 0 
0 0.00370652 0.00362216 0.00358536 0.00440378 0.343446 0.0183211 0.0153691 0.0117282 0.0185046 0.0221821 0.0107341 0.0116167 0.0109486 0.0127742 0.0128994 0.0121724 0.0108974 0.00996609 0.0096904 0.0149462 0.0111133 0.00995403 0.00877146 0.00875793 0.00830246 0.00823142 0.00832649 0.0085159 0.00876164 0.0085559 0.00828938 0.00853077 0.00828914 0.00818761 0.00849985 0.00828414 0.00849362 0.00834224 0.0090787 0.00803521 0.00822112 0.00810627 0.00814965 0.00823935 0.00818413 0.00832167 0.00827532 0.00828819 0.00831507 0.00829494 0.00833971 0.00837786 0.00831842 0.0083438 0.00843457 0.00845682 0.00857109 
0.00370652 0 0.00357513 0.00360937 0.00364358 0.0769229 0.29903 0.0214546 0.0256907 0.0118132 0.0099554 0.0477325 0.0184073 0.0208704 0.0131886 0.0116311 0.0100485 0.0102536 0.0105042 0.0197458 0.0107794 0.00933891 0.00877032 0.00874926 0.00876039 0.00806279 0.00820486 0.00803186 0.00820175 0.00864763 0.00932846 0.00961753 0.00838493 0.00802309 0.00812354 0.00817413 0.00906342 0.00886779 0.00967834 0.00856593 0.00808243 0.00795438 0.00807871 0.0081997 0.00813909 0.00833281 0.00847443 0.00850852 0.0084397 0.0083294 0.00835506 0.00851678 0.0083885 0.00838588 0.00848609 0.00854915 0.00856064 0.00839622 
0.00362216 0.00357513 0 0.00376154 0.00355246 0.0513257 0.0747116 0.294985 0.0214532 0.0145014 0.0103266 0.0179862 0.0628665 0.0229342 0.0219464 0.0100629 0.00941662 0.00933436 0.0160376 0.0186751 0.0115359 0.00914195 0.00905718 0.00956615 0.00857184 0.00815494 0.00819379 0.00810164 0.00811023 0.00940146 0.0110348 0.0103209 0.00952929 0.00813384 0.00810657 0.0084947 0.00920514 0.0126743 0.0100951 0.0086131 0.0081387 0.00798436 0.00817588 0.00818427 0.0081016 0.0084331 0.00863178 0.00902296 0.00868726 0.00834468 0.00836044 0.00852138 0.00832282 0.00867502 0.00862324 0.00912294 0.00880289 0.00862005 
0.00358536 0.00360937 0.00376154 0 0.00367884 0.0206868 0.054828 0.0858047 0.27945 0.0173415 0.0168948 0.01707 0.0162008 0.0816043 0.01578 0.0110881 0.00963837 0.0113073 0.0145957 0.0211351 0.0168771 0.00956482 0.00975158 0.00998359 0.00886736 0.00873328 0.00819627 0.00819462 0.00838656 0.0096307 0.0106253 0.00992909 0.00872405 0.00820911 0.00807403 0.00867763 0.00978181 0.00997983 0.00989554 0.00841375 0.00807724 0.00810926 0.00819278 0.00813251 0.0080798 0.0083111 0.00865228 0.00877246 0.0085322 0.00828645 0.00832905 0.00858011 0.00836985 0.00856339 0.00871807 0.00884059 0.00892046 0.00853255 
0.00440378 0.00364358 0.00355246 0.00367884 0 0.0218594 0.0225161 0.037319 0.0595694 0.325757 0.0137076 0.0117038 0.0111143 0.0133873 0.0409215 0.0341094 0.0190071 0.0214428 0.0089178 0.0114888 0.0139758 0.0139784 0.0142444 0.0105557 0.0101563 0.00839741 0.00861754 0.00854432 0.00819737 0.0107344 0.00888578 0.00906443 0.00872331 0.00875028 0.00975391 0.00947268 0.00907344 0.00883241 0.00867341 0.00887685 0.00893399 0.00854096 0.00808364 0.00819166 0.00829934 0.00836647 0.00837963 0.00838398 0.00832526 0.00827953 0.00860135 0.008433 0.00834748 0.00877094 0.00863564 0.00852185 0.00904763 0.0083832 
0.343446 0.0769229 0.0513257 0.0206868 0.0218594 0 0.00372904 0.00357959 0.00366466 0.00402746 0.721674 0.0176134 0.0164365 0.0137788 0.0196383 0.0217938 0.0180544 0.0236716 0.0227167 0.0118312 0.0345353 0.0204243 0.0184196 0.0106508 0.0103502 0.00938884 0.0093566 0.00952437 0.00957197 0.00972255 0.0098447 0.0093284 0.0102461 0.00957033 0.00861962 0.00911848 0.00871145 0.00915581 0.00984969 0.0118994 0.00821456 0.0088316 0.00815726 0.00843333 0.00841517 0.00830882 0.00837111 0.00846897 0.00858353 0.00895445 0.00830252 0.00840625 0.00866661 0.00839229 0.00836675 0.00840554 0.00856767 0.00858604 
0.0183211 0.29903 0.0747116 0.054828 0.0225161 0.00372904 0 0.00362206 0.00359164 0.00368937 0.026211 0.760652 0.0237629 0.0482671 0.0188406 0.0151495 0.0139732 0.0183223 0.0264997 0.0604966 0.0151679 0.0153592 0.0139968 0.0111821 0.00967594 0.00840904 0.00861653 0.00845278 0.00862228 0.0114394 0.0151811 0.0151555 0.0103521 0.00819876 0.00851398 0.008926 0.0122233 0.0135757 0.014932 0.00960549 0.0083326 0.00796474 0.00816691 0.00822944 0.00813491 0.00843843 0.00919932 0.00915491 0.00916431 0.00839545 0.00840891 0.00854021 0.00854955 0.0096375 0.00984098 0.00943035 0.00939596 0.00868019 
0.0153691 0.0214546 0.294985 0.0858047 0.037319 0.00357959 0.00362206 0 0.00359512 0.00353982 0.0357137 0.0196056 0.673047 0.0268365 0.0343389 0.0104728 0.00999465 0.0109266 0.0275976 0.0331634 0.0229807 0.0103517 0.0120168 0.0123009 0.00931394 0.0086727 0.00838576 0.0082728 0.00824313 0.011933 0.0207115 0.0171492 0.0114469 0.00817169 0.00819375 0.00889161 0.0117073 0.0259883 0.0139366 0.00911557 0.00831092 0.00798169 0.00824163 0.00823233 0.00803378 0.00842118 0.00909869 0.0095932 0.00895473 0.0084249 0.00841012 0.0085455 0.00859686 0.00883172 0.00907306 0.00952478 0.00985886 0.0102779 
0.0117282 0.0256907 0.0214532 0.27945 0.0595694 0.00366466 0.00359164 0.00359512 0 0.00374223 0.0160439 0.0496214 0.021386 0.687642 0.0182874 0.0144186 0.0109577 0.0105319 0.0148722 0.0430067 0.0190001 0.0117648 0.0115576 0.0177684 0.0103074 0.00864283 0.00837366 0.00815308 0.00843762 0.0126194 0.0142632 0.0141902 0.00925752 0.0082775 0.00829792 0.00921644 0.0110983 0.0123073 0.0131374 0.00876247 0.00830387 0.0080074 0.00808829 0.00805954 0.00806804 0.00829785 0.0087024 0.00878601 0.00870536 0.00823765 0.00823863 0.00849318 0.00823681 0.00853391 0.00869785 0.00917367 0.00914963 0.00843057 
0.0185046 0.0118132 0.0145014 0.0173415 0.325757 0.00402746 0.00368937 0.00353982 0.00374223 0 0.0215296 0.0109262 0.0199147 0.0224182 0.420157 0.0296969 0.0250198 0.0207101 0.00992441 0.0122638 0.0268633 0.0162381 0.0161553 0.0128669 0.0124721 0.00928289 0.00869677 0.00879578 0.00852375 0.013671 0.00954755 0.00953094 0.00947933 0.00924313 0.009863 0.0110696 0.00924854 0.00904029 0.00922375 0.00926546 0.00962892 0.00867539 0.00809333 0.00813111 0.00818091 0.00825803 0.00833237 0.00838229 0.00828055 0.00819098 0.00833758 0.00829576 0.00818958 0.00850823 0.0083941 0.00841757 0.00856509 0.00830111 
0.0221821 0.0099554 0.0103266 0.0168948 0.0137076 0.721674 0.026211 0.0357137 0.0160439 0.0215296 0 0.00375117 0.00360384 0.0037186 0.00377128 0.00583472 0.0101143 0.0239958 0.0179623 0.011337 0.044696 0.0201977 0.0153668 0.0109832 0.0106666 0.00994055 0.00953842 0.00921661 0.0111909 0.00969167 0.00970962 0.00909496 0.0104448 0.00970454 0.00874299 0.0087754 0.00852663 0.00868612 0.00916431 0.0122915 0.00807138 0.00947415 0.0080966 0.008361 0.00838427 0.00828034 0.00822261 0.00825948 0.0083208 0.00889688 0.00841286 0.00807736 0.00846065 0.00814485 0.00823012 0.00821607 0.00831544 0.00852363 
0.0107341 0.0477325 0.0179862 0.01707 0.0117038 0.0176134 0.760652 0.0196056 0.0496214 0.0109262 0.00375117 0 0.00354763 0.00355962 0.00354813 0.00410386 0.00764771 0.0255463 0.0279492 0.0314317 0.014289 0.0125005 0.013684 0.010297 0.00921504 0.00891037 0.0088519 0.00859241 0.00854825 0.011679 0.012403 0.0131109 0.0091313 0.00843748 0.00832592 0.00919094 0.0102923 0.0115495 0.0125338 0.00896548 0.00833756 0.00807055 0.00812937 0.00815946 0.00802105 0.00830068 0.00900785 0.00861487 0.00860455 0.00829276 0.0083182 0.00832439 0.00827288 0.00841333 0.00851969 0.00866378 0.00858029 0.00834043 
0.0116167 0.0184073 0.0628665 0.0162008 0.0111143 0.0164365 0.0237629 0.673047 0.021386 0.0199147 0.00360384 0.00354763 0 0.00357932 0.00353531 0.00364299 0.00573669 0.0160755 0.0370711 0.0437184 0.014327 0.0104434 0.0116913 0.00987397 0.00909385 0.00842113 0.00836904 0.00814907 0.00823446 0.0102324 0.0180651 0.0150501 0.0105012 0.00806594 0.00823755 0.00888156 0.0112322 0.021911 0.0123023 0.00881933 0.00820317 0.00793633 0.00812776 0.00806247 0.00804061 0.00825919 0.00863435 0.00930486 0.00857162 0.008173 0.00828922 0.00829173 0.00826274 0.00868122 0.00857724 0.00894454 0.00932013 0.00941361 
0.0109486 0.0208704 0.0229342 0.0816043 0.0133873 0.0137788 0.0482671 0.0268365 0.687642 0.0224182 0.0037186 0.00355962 0.00357932 0 0.00354046 0.00359619 0.00811049 0.0137903 0.0467477 0.0664902 0.0412671 0.0121233 0.0129067 0.0205727 0.0118327 0.00972664 0.00889729 0.00852075 0.008853 0.012395 0.0232606 0.0217251 0.0109371 0.00866053 0.00849125 0.00968188 0.0136565 0.0171628 0.0210462 0.00940225 0.00868533 0.00814808 0.00809031 0.00812236 0.00799054 0.00835183 0.00908603 0.00935003 0.00886146 0.00844296 0.00821283 0.00837274 0.00819371 0.00841718 0.00857979 0.00935768 0.00903238 0.00854072 
0.0127742 0.0131886 0.0219464 0.01578 0.0409215 0.0196383 0.0188406 0.0343389 0.0182874 0.420157 0.00377128 0.00354813 0.00353531 0.00354046 0 0.00491983 0.010151 0.049485 0.0106562 0.0359625 0.0686404 0.0223765 0.0227583 0.0172136 0.0146282 0.00896794 0.00977909 0.00871535 0.00881895 0.0208601 0.0125753 0.0159529 0.012658 0.0090448 0.0105154 0.0120777 0.0109878 0.0146157 0.0138139 0.0118946 0.00958238 0.0081002 0.00817153 0.00830906 0.00817787 0.00848297 0.00863042 0.00884438 0.00859097 0.00865065 0.00833963 0.00822369 0.00836918 0.00842493 0.00852184 0.00887757 0.0089735 0.00855259 
0.0128994 0.0116311 0.0100629 0.0110881 0.0341094 0.0217938 0.0151495 0.0104728 0.0144186 0.0296969 0.00583472 0.00410386 0.00364299 0.00359619 0.00491983 0 0.951441 0.0371667 0.0118136 0.0184536 0.0545473 0.0782436 0.0604709 0.0130041 0.0153106 0.0106155 0.018781 0.0130545 0.0113562 0.0135824 0.00982133 0.00960397 0.0103487 0.0116489 0.0190986 0.0118928 0.00913451 0.00867337 0.00944562 0.011116 0.0123182 0.0107429 0.00836639 0.00842523 0.00972614 0.00870587 0.00826335 0.00822238 0.00827051 0.00865638 0.00901737 0.00812826 0.008373 0.00846689 0.00838208 0.00826081 0.00832275 0.00847376 
0.0121724 0.0100485 0.00941662 0.00963837 0.0190071 0.0180544 0.0139732 0.00999465 0.0109577 0.0250198 0.0101143 0.00764771 0.00573669 0.00811049 0.010151 0.951441 0 0.0231693 0.0138283 0.0115137 0.0290374 0.0755085 0.0609322 0.0136821 0.017779 0.0114756 0.0136039 0.0137122 0.0144424 0.0141616 0.00953921 0.00987708 0.009499 0.0158868 0.0322328 0.0117827 0.00881836 0.00866742 0.00885295 0.0109841 0.0129687 0.0106647 0.00846918 0.00834787 0.00970076 0.00874393 0.00813115 0.00812714 0.00812554 0.00860373 0.0087934 0.00805851 0.00828916 0.00851003 0.00830481 0.0082597 0.00830873 0.00852812 
0.0108974 0.0102536 0.00933436 0.0113073 0.0214428 0.0236716 0.0183223 0.0109266 0.0105319 0.0207101 0.0239958 0.0255463 0.0160755 0.0137903 0.049485 0.0371667 0.0231693 0 0.00407244 0.0036005 0.00665074 0.00635427 0.0894907 0.011864 0.016875 0.00948997 0.019496 0.010774 0.013893 0.0136227 0.0100282 0.0110585 0.0112145 0.0101395 0.0128557 0.00953377 0.00945264 0.00895002 0.0097096 0.0150429 0.0092795 0.00916157 0.00808659 0.00858811 0.00860843 0.00830161 0.00820989 0.00814545 0.00830777 0.00869706 0.00839031 0.0080722 0.00835704 0.00819794 0.00817111 0.00824596 0.00826885 0.00823917 
0.00996609 0.0105042 0.0160376 0.0145957 0.0089178 0.0227167 0.0264997 0.0275976 0.0148722 0.00992441 0.0179623 0.0279492 0.0370711 0.0467477 0.0106562 0.0118136 0.0138283 0.00407244 0 0.00387066 0.00363595 0.00582877 0.0277386 0.0174452 0.00966203 0.01242 0.0087889 0.0101711 0.0104354 0.0120293 0.0255555 0.0117636 0.00985702 0.00857683 0.00831838 0.00921241 0.0111122 0.0168192 0.0126667 0.00911326 0.00821948 0.00824013 0.00837141 0.00809515 0.00808482 0.00826349 0.00873552 0.00939448 0.00849209 0.00821848 0.00820259 0.00832544 0.00816035 0.00822449 0.00831897 0.00840459 0.00839155 0.00819613 
0.0096904 0.0197458 0.0186751 0.0211351 0.0114888 0.0118312 0.0604966 0.0331634 0.0430067 0.0122638 0.011337 0.0314317 0.0437184 0.0664902 0.0359625 0.0184536 0.0115137 0.0036005 0.00387066 0 0.00361855 0.00359157 0.041025 0.0228373 0.0242092 0.0094081 0.010623 0.00921773 0.00966318 0.0143573 0.0278207 0.0483191 0.010329 0.00857949 0.00924034 0.0105256 0.0202904 0.0239657 0.0334617 0.00996731 0.00898471 0.00804607 0.00811381 0.00818823 0.00798212 0.00894686 0.01011 0.00970549 0.00894845 0.00832798 0.00828426 0.00837107 0.00833282 0.00829541 0.00855576 0.00894947 0.00849906 0.00815104 
0.0149462 0.0107794 0.0115359 0.0168771 0.0139758 0.0345353 0.0151679 0.0229807 0.0190001 0.0268633 0.044696 0.014289 0.014327 0.0412671 0.0686404 0.0545473 0.0290374 0.00665074 0.00363595 0.00361855 0 0.0043784 0.0423351 0.0699417 0.0450051 0.0197621 0.0101318 0.012374 0.010578 0.0382914 0.0185713 0.0165322 0.0259313 0.0133546 0.0125408 0.0246356 0.0130797 0.0134987 0.0175214 0.0169769 0.0109008 0.00949848 0.00848842 0.00813513 0.00836779 0.0093396 0.00865965 0.00862201 0.00869352 0.00854725 0.00851659 0.00825669 0.0082644 0.00842872 0.00847447 0.00850629 0.0083734 0.00823778 
0.0111133 0.00933891 0.00914195 0.00956482 0.0139784 0.0204243 0.0153592 0.0103517 0.0117648 0.0162381 0.0201977 0.0125005 0.0104434 0.0121233 0.0223765 0.0782436 0.0755085 0.00635427 0.00582877 0.00359157 0.0043784 0 0.106149 0.0316627 0.13944 0.0129267 0.0224792 0.0163167 0.0171834 0.0166728 0.0114021 0.0116494 0.0104631 0.015507 0.0406935 0.0155205 0.00987799 0.00939176 0.0103062 0.0116582 0.0177967 0.0117336 0.00831706 0.00825689 0.00881365 0.00848617 0.00838253 0.00828428 0.00831251 0.00850366 0.00861508 0.00804726 0.00830397 0.00840875 0.00887327 0.00825567 0.00845028 0.00851861 
0.00995403 0.00877032 0.00905718 0.00975158 0.0142444 0.0184196 0.0139968 0.0120168 0.0115576 0.0161553 0.0153668 0.013684 0.0116913 0.0129067 0.0227583 0.0604709 0.0609322 0.0894907 0.0277386 0.041025 0.0423351 0.106149 0 0.00749038 0.00395319 0.0152656 0.0239699 0.0215742 0.0114468 0.0276368 0.016082 0.0143149 0.0172729 0.0221887 0.0428898 0.0228633 0.0122883 0.0132306 0.0131089 0.0199984 0.0151557 0.0108014 0.00872594 0.00899019 0.00921363 0.00891144 0.00840112 0.00869345 0.00886575 0.00959655 0.00863964 0.00814056 0.00866476 0.00843596 0.00820212 0.0081985 0.00841666 0.00868458 
0.00877146 0.00874926 0.00956615 0.00998359 0.0105557 0.0106508 0.0111821 0.0123009 0.0177684 0.0128669 0.0109832 0.010297 0.00987397 0.0205727 0.0172136 0.0130041 0.0136821 0.011864 0.0174452 0.0228373 0.0699417 0.0316627 0.00749038 0 0.00395539 0.0261848 0.076314 0.0077437 0.0218611 0.0148911 0.0272281 0.0214659 0.0147988 0.0137573 0.0123844 0.0130717 0.0130365 0.0138251 0.0221316 0.0176703 0.0105397 0.0095566 0.00829872 0.00826993 0.00821262 0.00849541 0.00903476 0.00874217 0.00867001 0.00889963 0.00809814 0.00812237 0.0083214 0.00810322 0.0086166 0.00835532 0.00826458 0.00807829 
0.00875793 0.00876039 0.00857184 0.00886736 0.0101563 0.0103502 0.00967594 0.00931394 0.0103074 0.0124721 0.0106666 0.00921504 0.00909385 0.0118327 0.0146282 0.0153106 0.017779 0.016875 0.00966203 0.0242092 0.0450051 0.13944 0.00395319 0.00395539 0 0.0613132 0.00917109 0.0224584 0.00703477 0.0297769 0.0210398 0.0207669 0.0110025 0.0137414 0.0160937 0.0154305 0.0106149 0.0102473 0.0143931 0.0186031 0.0118813 0.00969892 0.00862471 0.00827234 0.00837236 0.00919367 0.00836341 0.00839611 0.00851634 0.00846889 0.00828437 0.00815129 0.00818874 0.00819996 0.00820878 0.00818718 0.00844874 0.00820409 
0.00830246 0.00806279 0.00815494 0.00873328 0.00839741 0.00938884 0.00840904 0.0086727 0.00864283 0.00928289 0.00994055 0.00891037 0.00842113 0.00972664 0.00896794 0.0106155 0.0114756 0.00948997 0.01242 0.0094081 0.0197621 0.0129267 0.0152656 0.0261848 0.0613132 0 0.00380394 0.00489385 0.957096 0.00839742 0.0120521 0.00865662 0.0185429 0.0129895 0.0114281 0.0105239 0.00962616 0.00907602 0.0111224 0.0134986 0.00870791 0.0122722 0.00825585 0.00810969 0.00864777 0.00817666 0.00809764 0.00817449 0.00814336 0.0085655 0.00801536 0.00816661 0.00813981 0.00798216 0.00807176 0.00811468 0.00810939 0.00822473 
0.00823142 0.00820486 0.00819379 0.00819627 0.00861754 0.0093566 0.00861653 0.00838576 0.00837366 0.00869677 0.00953842 0.0088519 0.00836904 0.00889729 0.00977909 0.018781 0.0136039 0.019496 0.0087889 0.010623 0.0101318 0.0224792 0.0239699 0.076314 0.00917109 0.00380394 0 0.980524 0.00370349 0.0126941 0.00878396 0.0225284 0.00731069 0.00818399 0.0187472 0.011791 0.0100237 0.00891585 0.0109522 0.0120348 0.0119263 0.0090797 0.0080887 0.00824437 0.00821237 0.00829573 0.00816622 0.00814847 0.00848058 0.00819192 0.00828688 0.00809486 0.0081734 0.00813431 0.00814237 0.00812531 0.00811937 0.00805874 
0.00832649 0.00803186 0.00810164 0.00819462 0.00854432 0.00952437 0.00845278 0.0082728 0.00815308 0.00879578 0.00921661 0.00859241 0.00814907 0.00852075 0.00871535 0.0130545 0.0137122 0.010774 0.0101711 0.00921773 0.012374 0.0163167 0.0215742 0.0077437 0.0224584 0.00489385 0.980524 0 0.00534611 0.00596403 0.0117659 0.00913663 0.0064336 0.00846568 0.0143528 0.0120382 0.0111013 0.00857805 0.00977388 0.0147069 0.00978967 0.0114319 0.00822552 0.00825884 0.0088296 0.00823588 0.00815002 0.00808153 0.00810554 0.00846742 0.00816962 0.00801796 0.00815342 0.00813648 0.00802109 0.00800288 0.00814295 0.00814205 
0.0085159 0.00820175 0.00811023 0.00838656 0.00819737 0.00957197 0.00862228 0.00824313 0.00843762 0.00852375 0.0111909 0.00854825 0.00823446 0.008853 0.00881895 0.0113562 0.0144424 0.013893 0.0104354 0.00966318 0.010578 0.0171834 0.0114468 0.0218611 0.00703477 0.957096 0.00370349 0.00534611 0 0.0191697 0.00790535 0.00908196 0.00536472 0.0077736 0.0111579 0.0158368 0.00984108 0.00955763 0.0126511 0.0127061 0.0105348 0.0120398 0.00877955 0.00816844 0.00857808 0.00856372 0.00828396 0.00816106 0.00819801 0.00839151 0.00828378 0.00825982 0.0081422 0.00821287 0.00807725 0.00804541 0.00823776 0.00811163 
0.00876164 0.00864763 0.00940146 0.0096307 0.0107344 0.00972255 0.0114394 0.011933 0.0126194 0.013671 0.00969167 0.011679 0.0102324 0.012395 0.0208601 0.0135824 0.0141616 0.0136227 0.0120293 0.0143573 0.0382914 0.0166728 0.0276368 0.0148911 0.0297769 0.00839742 0.0126941 0.00596403 0.0191697 0 0.00364174 0.00362899 0.00395027 0.00458758 0.00969501 0.0127956 0.0247034 0.0154694 0.230972 0.0308864 0.0109578 0.0104509 0.00853087 0.0100315 0.00902937 0.00903649 0.00961376 0.00992328 0.0108371 0.0125691 0.00857345 0.00820589 0.00885172 0.00845587 0.00836739 0.0086807 0.00854981 0.00943383 
0.0085559 0.00932846 0.0110348 0.0106253 0.00888578 0.0098447 0.0151811 0.0207115 0.0142632 0.00954755 0.00970962 0.012403 0.0180651 0.0232606 0.0125753 0.00982133 0.00953921 0.0100282 0.0255555 0.0278207 0.0185713 0.0114021 0.016082 0.0272281 0.0210398 0.0120521 0.00878396 0.0117659 0.00790535 0.00364174 0 0.00360729 0.0036858 0.00361015 0.00727572 0.0120389 0.024386 0.325395 0.0508407 0.0163588 0.0101113 0.00915403 0.00873705 0.0085672 0.00809076 0.00889312 0.0129431 0.0145242 0.0116865 0.00927261 0.00832316 0.00871334 0.00849435 0.00844281 0.0086314 0.00952524 0.00890535 0.00838921 
0.00828938 0.00961753 0.0103209 0.00992909 0.00906443 0.0093284 0.0151555 0.0171492 0.0141902 0.00953094 0.00909496 0.0131109 0.0150501 0.0217251 0.0159529 0.00960397 0.00987708 0.0110585 0.0117636 0.0483191 0.0165322 0.0116494 0.0143149 0.0214659 0.0207669 0.00865662 0.0225284 0.00913663 0.00908196 0.00362899 0.00360729 0 0.00353783 0.00356808 0.00988058 0.0115572 0.351312 0.0301613 0.0642622 0.0139936 0.0124035 0.00911862 0.00882143 0.00873861 0.0082192 0.00932279 0.0128372 0.0127903 0.0157578 0.00871141 0.00855086 0.00870664 0.0086447 0.0084172 0.00910804 0.00937613 0.00883543 0.00846408 
0.00853077 0.00838493 0.00952929 0.00872405 0.00872331 0.0102461 0.0103521 0.0114469 0.00925752 0.00947933 0.0104448 0.0091313 0.0105012 0.0109371 0.012658 0.0103487 0.009499 0.0112145 0.00985702 0.010329 0.0259313 0.0104631 0.0172729 0.0147988 0.0110025 0.0185429 0.00731069 0.0064336 0.00536472 0.00395027 0.0036858 0.00353783 0 0.00376059 0.00661185 0.162375 0.0130591 0.0209303 0.0157187 0.017708 0.00942705 0.0106378 0.00864801 0.00828523 0.00841181 0.00909708 0.0093243 0.0107259 0.00906007 0.0097506 0.00833658 0.00814562 0.00829484 0.00844437 0.00841939 0.00944162 0.00829729 0.00830326 
0.00828914 0.00802309 0.00813384 0.00820911 0.00875028 0.00957033 0.00819876 0.00817169 0.0082775 0.00924313 0.00970454 0.00843748 0.00806594 0.00866053 0.0090448 0.0116489 0.0158868 0.0101395 0.00857683 0.00857949 0.0133546 0.015507 0.0221887 0.0137573 0.0137414 0.0129895 0.00818399 0.00846568 0.0077736 0.00458758 0.00361015 0.00356808 0.00376059 0 0.713501 0.0085876 0.018095 0.00872689 0.0101885 0.0115135 0.0116566 0.0174779 0.00883515 0.00864064 0.00981245 0.0086015 0.008088 0.00804565 0.00815508 0.00930775 0.00828638 0.00797535 0.00855702 0.00827724 0.00808911 0.00804399 0.00824733 0.00825908 
0.00818761 0.00812354 0.00810657 0.00807403 0.00975391 0.00861962 0.00851398 0.00819375 0.00829792 0.009863 0.00874299 0.00832592 0.00823755 0.00849125 0.0105154 0.0190986 0.0322328 0.0128557 0.00831838 0.00924034 0.0125408 0.0406935 0.0428898 0.0123844 0.0160937 0.0114281 0.0187472 0.0143528 0.0111579 0.00969501 0.00727572 0.00988058 0.00661185 0.713501 0 0.0692504 0.00654992 0.00417227 0.00469332 0.00670912 0.0256945 0.0184418 0.00850559 0.00938913 0.0104497 0.00852153 0.00818964 0.00811522 0.00834122 0.00922757 0.00899068 0.00798559 0.00846335 0.00856364 0.00810279 0.00801402 0.00811293 0.00843019 
0.00849985 0.00817413 0.0084947 0.00867763 0.00947268 0.00911848 0.008926 0.00889161 0.00921644 0.0110696 0.0087754 0.00919094 0.00888156 0.00968188 0.0120777 0.0118928 0.0117827 0.00953377 0.00921241 0.0105256 0.0246356 0.0155205 0.0228633 0.0130717 0.0154305 0.0105239 0.011791 0.0120382 0.0158368 0.0127956 0.0120389 0.0115572 0.162375 0.0085876 0.0692504 0 0.00371506 0.00360806 0.00363049 0.0056695 0.00896507 0.0147492 0.0087006 0.0107082 0.00977157 0.00912248 0.00896975 0.00893957 0.00926329 0.0163913 0.00840234 0.00819043 0.00944395 0.00850078 0.00832464 0.00848567 0.0085245 0.0086468 
0.00828414 0.00906342 0.00920514 0.00978181 0.00907344 0.00871145 0.0122233 0.0117073 0.0110983 0.00924854 0.00852663 0.0102923 0.0112322 0.0136565 0.0109878 0.00913451 0.00881836 0.00945264 0.0111122 0.0202904 0.0130797 0.00987799 0.0122883 0.0130365 0.0106149 0.00962616 0.0100237 0.0111013 0.00984108 0.0247034 0.024386 0.351312 0.0130591 0.018095 0.00654992 0.00371506 0 0.00368061 0.00364208 0.00375683 0.0103318 0.00904818 0.00878293 0.00891009 0.00823279 0.00923257 0.0131021 0.013331 0.0195215 0.0100899 0.0085011 0.00867747 0.00855896 0.00852313 0.00921368 0.00941685 0.00914541 0.00850054 
0.00849362 0.00886779 0.0126743 0.00997983 0.00883241 0.00915581 0.0135757 0.0259883 0.0123073 0.00904029 0.00868612 0.0115495 0.021911 0.0171628 0.0146157 0.00867337 0.00866742 0.00895002 0.0168192 0.0239657 0.0134987 0.00939176 0.0132306 0.0138251 0.0102473 0.00907602 0.00891585 0.00857805 0.00955763 0.0154694 0.325395 0.0301613 0.0209303 0.00872689 0.00417227 0.00360806 0.00368061 0 0.00358228 0.00356157 0.00795962 0.00898075 0.0087232 0.00864152 0.00819091 0.00948873 0.0169994 0.0414773 0.0158841 0.00979792 0.00863869 0.00880087 0.00888126 0.00886584 0.0101545 0.0116954 0.00937177 0.00863614 
0.00834224 0.00967834 0.0100951 0.00989554 0.00867341 0.00984969 0.014932 0.0139366 0.0131374 0.00922375 0.00916431 0.0125338 0.0123023 0.0210462 0.0138139 0.00944562 0.00885295 0.0097096 0.0126667 0.0334617 0.0175214 0.0103062 0.0131089 0.0221316 0.0143931 0.0111224 0.0109522 0.00977388 0.0126511 0.230972 0.0508407 0.0642622 0.0157187 0.0101885 0.00469332 0.00363049 0.00364208 0.00358228 0 0.00355593 0.0110065 0.010916 0.00926954 0.00916951 0.0083938 0.0101461 0.026462 0.0181502 0.0233667 0.0102787 0.00867393 0.00997454 0.00866085 0.00905711 0.00941879 0.00949411 0.00905857 0.0083839 
0.0090787 0.00856593 0.0086131 0.00841375 0.00887685 0.0118994 0.00960549 0.00911557 0.00876247 0.00926546 0.0122915 0.00896548 0.00881933 0.00940225 0.0118946 0.011116 0.0109841 0.0150429 0.00911326 0.00996731 0.0169769 0.0116582 0.0199984 0.0176703 0.0186031 0.0134986 0.0120348 0.0147069 0.0127061 0.0308864 0.0163588 0.0139936 0.017708 0.0115135 0.00670912 0.0056695 0.00375683 0.00356157 0.00355593 0 0.0111425 0.0148906 0.0109842 0.00894925 0.00964774 0.0145431 0.0096559 0.00940984 0.00972547 0.010385 0.0102425 0.00845696 0.00868813 0.0102306 0.00857894 0.00851305 0.00841765 0.0082607 
0.00803521 0.00808243 0.0081387 0.00807724 0.00893399 0.00821456 0.0083326 0.00831092 0.00830387 0.00962892 0.00807138 0.00833756 0.00820317 0.00868533 0.00958238 0.0123182 0.0129687 0.0092795 0.00821948 0.00898471 0.0109008 0.0177967 0.0151557 0.0105397 0.0118813 0.00870791 0.0119263 0.00978967 0.0105348 0.0109578 0.0101113 0.0124035 0.00942705 0.0116566 0.0256945 0.00896507 0.0103318 0.00795962 0.0110065 0.0111425 0 0.616179 0.00934361 0.0134656 0.00975176 0.00876479 0.00868717 0.00855155 0.00985117 0.01065 0.0083327 0.0082627 0.00905429 0.00847184 0.00818854 0.00811921 0.00875478 0.00903914 
0.00822112 0.00795438 0.00798436 0.00810926 0.00854096 0.0088316 0.00796474 0.00798169 0.0080074 0.00867539 0.00947415 0.00807055 0.00793633 0.00814808 0.0081002 0.0107429 0.0106647 0.00916157 0.00824013 0.00804607 0.00949848 0.0117336 0.0108014 0.0095566 0.00969892 0.0122722 0.0090797 0.0114319 0.0120398 0.0104509 0.00915403 0.00911862 0.0106378 0.0174779 0.0184418 0.0147492 0.00904818 0.00898075 0.010916 0.0148906 0.616179 0 0.0296504 0.0136663 0.0195946 0.00920441 0.00833334 0.00849647 0.00836214 0.0129158 0.00893897 0.0081273 0.00917563 0.00852399 0.00795095 0.00801882 0.00807005 0.00903314 
0.00810627 0.00807871 0.00817588 0.00819278 0.00808364 0.00815726 0.00816691 0.00824163 0.00808829 0.00809333 0.0080966 0.00812937 0.00812776 0.00809031 0.00817153 0.00836639 0.00846918 0.00808659 0.00837141 0.00811381 0.00848842 0.00831706 0.00872594 0.00829872 0.00862471 0.00825585 0.0080887 0.00822552 0.00877955 0.00853087 0.00873705 0.00882143 0.00864801 0.00883515 0.00850559 0.0087006 0.00878293 0.0087232 0.00926954 0.0109842 0.00934361 0.0296504 0 0.00405378 0.0147252 0.00913197 0.0120408 0.0126318 0.0139348 0.0185486 0.00944569 0.0121979 0.0108444 0.00886614 0.00851867 0.00881661 0.00879933 0.00952768 
0.00814965 0.0081997 0.00818427 0.00813251 0.00819166 0.00843333 0.00822944 0.00823233 0.00805954 0.00813111 0.008361 0.00815946 0.00806247 0.00812236 0.00830906 0.00842523 0.00834787 0.00858811 0.00809515 0.00818823 0.00813513 0.00825689 0.00899019 0.00826993 0.00827234 0.00810969 0.00824437 0.00825884 0.00816844 0.0100315 0.0085672 0.00873861 0.00828523 0.00864064 0.00938913 0.0107082 0.00891009 0.00864152 0.00916951 0.00894925 0.0134656 0.0136663 0.00405378 0 0.019775 0.0132522 0.0152569 0.0099321 0.0690752 0.01128 0.0156497 0.00955133 0.00940965 0.0116637 0.0088533 0.00854673 0.0101385 0.00873947 
0.00823935 0.00813909 0.0081016 0.0080798 0.00829934 0.00841517 0.00813491 0.00803378 0.00806804 0.00818091 0.00838427 0.00802105 0.00804061 0.00799054 0.00817787 0.00972614 0.00970076 0.00860843 0.00808482 0.00798212 0.00836779 0.00881365 0.00921363 0.00821262 0.00837236 0.00864777 0.00821237 0.0088296 0.00857808 0.00902937 0.00809076 0.0082192 0.00841181 0.00981245 0.0104497 0.00977157 0.00823279 0.00819091 0.0083938 0.00964774 0.00975176 0.0195946 0.0147252 0.019775 0 0.0199661 0.0069053 0.00415977 0.00490823 0.00901441 0.0139599 0.0100468 0.0110055 0.00987019 0.00834347 0.0084825 0.00845845 0.00994094 
0.00818413 0.00833281 0.0084331 0.0083111 0.00836647 0.00830882 0.00843843 0.00842118 0.00829785 0.00825803 0.00828034 0.00830068 0.00825919 0.00835183 0.00848297 0.00870587 0.00874393 0.00830161 0.00826349 0.00894686 0.0093396 0.00848617 0.00891144 0.00849541 0.00919367 0.00817666 0.00829573 0.00823588 0.00856372 0.00903649 0.00889312 0.00932279 0.00909708 0.0086015 0.00852153 0.00912248 0.00923257 0.00948873 0.0101461 0.0145431 0.00876479 0.00920441 0.00913197 0.0132522 0.0199661 0 0.00357355 0.00357247 0.00360509 0.00377272 0.0507752 0.0115413 0.0246643 0.0122196 0.0104311 0.0116716 0.0110753 0.0137609 
0.00832167 0.00847443 0.00863178 0.00865228 0.00837963 0.00837111 0.00919932 0.00909869 0.0087024 0.00833237 0.00822261 0.00900785 0.00863435 0.00908603 0.00863042 0.00826335 0.00813115 0.00820989 0.00873552 0.01011 0.00865965 0.00838253 0.00840112 0.00903476 0.00836341 0.00809764 0.00816622 0.00815002 0.00828396 0.00961376 0.0129431 0.0128372 0.0093243 0.008088 0.00818964 0.00896975 0.0131021 0.0169994 0.026462 0.0096559 0.00868717 0.00833334 0.0120408 0.0152569 0.0069053 0.00357355 0 0.00354076 0.00355888 0.00417565 0.0348979 0.0638856 0.0123189 0.0140509 0.0242336 0.0312183 0.0559089 0.00979584 
0.00827532 0.00850852 0.00902296 0.00877246 0.00838398 0.00846897 0.00915491 0.0095932 0.00878601 0.00838229 0.00825948 0.00861487 0.00930486 0.00935003 0.00884438 0.00822238 0.00812714 0.00814545 0.00939448 0.00970549 0.00862201 0.00828428 0.00869345 0.00874217 0.00839611 0.00817449 0.00814847 0.00808153 0.00816106 0.00992328 0.0145242 0.0127903 0.0107259 0.00804565 0.00811522 0.00893957 0.013331 0.0414773 0.0181502 0.00940984 0.00855155 0.00849647 0.0126318 0.0099321 0.00415977 0.00357247 0.00354076 0 0.00353416 0.0035559 0.0718984 0.0258246 0.0152964 0.0151704 0.0195821 0.177156 0.0126882 0.0103784 
0.00828819 0.0084397 0.00868726 0.0085322 0.00832526 0.00858353 0.00916431 0.00895473 0.00870536 0.00828055 0.0083208 0.00860455 0.00857162 0.00886146 0.00859097 0.00827051 0.00812554 0.00830777 0.00849209 0.00894845 0.00869352 0.00831251 0.00886575 0.00867001 0.00851634 0.00814336 0.00848058 0.00810554 0.00819801 0.0108371 0.0116865 0.0157578 0.00906007 0.00815508 0.00834122 0.00926329 0.0195215 0.0158841 0.0233667 0.00972547 0.00985117 0.00836214 0.0139348 0.0690752 0.00490823 0.00360509 0.00355888 0.00353416 0 0.00354669 0.0300236 0.108141 0.0441221 0.0154432 0.0851885 0.0205747 0.0470444 0.009694 
0.00831507 0.0083294 0.00834468 0.00828645 0.00827953 0.00895445 0.00839545 0.0084249 0.00823765 0.00819098 0.00889688 0.00829276 0.008173 0.00844296 0.00865065 0.00865638 0.00860373 0.00869706 0.00821848 0.00832798 0.00854725 0.00850366 0.00959655 0.00889963 0.00846889 0.0085655 0.00819192 0.00846742 0.00839151 0.0125691 0.00927261 0.00871141 0.0097506 0.00930775 0.00922757 0.0163913 0.0100899 0.00979792 0.0102787 0.010385 0.01065 0.0129158 0.0185486 0.01128 0.00901441 0.00377272 0.00417565 0.0035559 0.00354669 0 0.0186189 0.0170179 0.185231 0.084659 0.0123799 0.0142002 0.0116084 0.0126593 
0.00829494 0.00835506 0.00836044 0.00832905 0.00860135 0.00830252 0.00840891 0.00841012 0.00823863 0.00833758 0.00841286 0.0083182 0.00828922 0.00821283 0.00833963 0.00901737 0.0087934 0.00839031 0.00820259 0.00828426 0.00851659 0.00861508 0.00863964 0.00809814 0.00828437 0.00801536 0.00828688 0.00816962 0.00828378 0.00857345 0.00832316 0.00855086 0.00833658 0.00828638 0.00899068 0.00840234 0.0085011 0.00863869 0.00867393 0.0102425 0.0083327 0.00893897 0.00944569 0.0156497 0.0139599 0.0507752 0.0348979 0.0718984 0.0300236 0.0186189 0 0.00399537 0.00383267 0.0255932 0.0212795 0.0172209 0.0121256 0.0172317 
0.00833971 0.00851678 0.00852138 0.00858011 0.008433 0.00840625 0.00854021 0.0085455 0.00849318 0.00829576 0.00807736 0.00832439 0.00829173 0.00837274 0.00822369 0.00812826 0.00805851 0.0080722 0.00832544 0.00837107 0.00825669 0.00804726 0.00814056 0.00812237 0.00815129 0.00816661 0.00809486 0.00801796 0.00825982 0.00820589 0.00871334 0.00870664 0.00814562 0.00797535 0.00798559 0.00819043 0.00867747 0.00880087 0.00997454 0.00845696 0.0082627 0.0081273 0.0121979 0.00955133 0.0100468 0.0115413 0.0638856 0.0258246 0.108141 0.0170179 0.00399537 0 0.00363821 0.0140129 0.0273701 0.0228298 0.0344258 0.00998816 
0.00837786 0.0083885 0.00832282 0.00836985 0.00834748 0.00866661 0.00854955 0.00859686 0.00823681 0.00818958 0.00846065 0.00827288 0.00826274 0.00819371 0.00836918 0.008373 0.00828916 0.00835704 0.00816035 0.00833282 0.0082644 0.00830397 0.00866476 0.0083214 0.00818874 0.00813981 0.0081734 0.00815342 0.0081422 0.00885172 0.00849435 0.0086447 0.00829484 0.00855702 0.00846335 0.00944395 0.00855896 0.00888126 0.00866085 0.00868813 0.00905429 0.00917563 0.0108444 0.00940965 0.0110055 0.0246643 0.0123189 0.0152964 0.0441221 0.185231 0.00383267 0.00363821 0 0.0233266 0.0209192 0.0237368 0.0207253 0.0227278 
0.00831842 0.00838588 0.00867502 0.00856339 0.00877094 0.00839229 0.0096375 0.00883172 0.00853391 0.00850823 0.00814485 0.00841333 0.00868122 0.00841718 0.00842493 0.00846689 0.00851003 0.00819794 0.00822449 0.00829541 0.00842872 0.00840875 0.00843596 0.00810322 0.00819996 0.00798216 0.00813431 0.00813648 0.00821287 0.00845587 0.00844281 0.0084172 0.00844437 0.00827724 0.00856364 0.00850078 0.00852313 0.00886584 0.00905711 0.0102306 0.00847184 0.00852399 0.00886614 0.0116637 0.00987019 0.0122196 0.0140509 0.0151704 0.0154432 0.084659 0.0255932 0.0140129 0.0233266 0 0.00359332 0.00357964 0.00356455 0.0035802 
0.0083438 0.00848609 0.00862324 0.00871807 0.00863564 0.00836675 0.00984098 0.00907306 0.00869785 0.0083941 0.00823012 0.00851969 0.00857724 0.00857979 0.00852184 0.00838208 0.00830481 0.00817111 0.00831897 0.00855576 0.00847447 0.00887327 0.00820212 0.0086166 0.00820878 0.00807176 0.00814237 0.00802109 0.00807725 0.00836739 0.0086314 0.00910804 0.00841939 0.00808911 0.00810279 0.00832464 0.00921368 0.0101545 0.00941879 0.00857894 0.00818854 0.00795095 0.00851867 0.0088533 0.00834347 0.0104311 0.0242336 0.0195821 0.0851885 0.0123799 0.0212795 0.0273701 0.0209192 0.00359332 0 0.00355292 0.00360013 0.00358567 
0.00843457 0.00854915 0.00912294 0.00884059 0.00852185 0.00840554 0.00943035 0.00952478 0.00917367 0.00841757 0.00821607 0.00866378 0.00894454 0.00935768 0.00887757 0.00826081 0.0082597 0.00824596 0.00840459 0.00894947 0.00850629 0.00825567 0.0081985 0.00835532 0.00818718 0.00811468 0.00812531 0.00800288 0.00804541 0.0086807 0.00952524 0.00937613 0.00944162 0.00804399 0.00801402 0.00848567 0.00941685 0.0116954 0.00949411 0.00851305 0.00811921 0.00801882 0.00881661 0.00854673 0.0084825 0.0116716 0.0312183 0.177156 0.0205747 0.0142002 0.0172209 0.0228298 0.0237368 0.00357964 0.00355292 0 0.00362136 0.00358321 
0.00845682 0.00856064 0.00880289 0.00892046 0.00904763 0.00856767 0.00939596 0.00985886 0.00914963 0.00856509 0.00831544 0.00858029 0.00932013 0.00903238 0.0089735 0.00832275 0.00830873 0.00826885 0.00839155 0.00849906 0.0083734 0.00845028 0.00841666 0.00826458 0.00844874 0.00810939 0.00811937 0.00814295 0.00823776 0.00854981 0.00890535 0.00883543 0.00829729 0.00824733 0.00811293 0.0085245 0.00914541 0.00937177 0.00905857 0.00841765 0.00875478 0.00807005 0.00879933 0.0101385 0.00845845 0.0110753 0.0559089 0.0126882 0.0470444 0.0116084 0.0121256 0.0344258 0.0207253 0.00356455 0.00360013 0.00362136 0 0.00354728 
0.00857109 0.00839622 0.00862005 0.00853255 0.0083832 0.00858604 0.00868019 0.0102779 0.00843057 0.00830111 0.00852363 0.00834043 0.00941361 0.00854072 0.00855259 0.00847376 0.00852812 0.00823917 0.00819613 0.00815104 0.00823778 0.00851861 0.00868458 0.00807829 0.00820409 0.00822473 0.00805874 0.00814205 0.00811163 0.00943383 0.00838921 0.00846408 0.00830326 0.00825908 0.00843019 0.0086468 0.00850054 0.00863614 0.0083839 0.0082607 0.00903914 0.00903314 0.00952768 0.00873947 0.00994094 0.0137609 0.00979584 0.0103784 0.009694 0.0126593 0.0172317 0.00998816 0.0227278 0.0035802 0.00358567 0.00358321 0.00354728 0 
