1BE4A
ANSERTFIAIKPDGVQRGLMGEIIKRFEQKGFRLVAMKFMRASEDLLKEHYIDLKDRPFFAGLVKYMHSGPVVAMVWEGLNVVKTGRVMLGETNPADSKPGTIRGDFCIQVGRNIIHGSDSVESAEKEIALWFRPEELVNYKSCAQNWIYE
CCCCEEEEEECHHHHHCCCHHHHHHHHHHHCCEEEEEEEEECCHHHHHHHHHHHCCCCCHHHHHHHHHCCEEEEEEEECCCHHHHHHHHHCCCCHHHCCCCCHHHHHCCECCECCEEECCCHHHHHHHHHHHCCHHHCCCCCCCCHHHHCC
0 0 0 0 0 0 0 0 0 0 0 0 0 0 0 0 0 0 0 0 0 0 0 0 0 0 0 0 0 0 0 0 0 0 0 0 0 0 0 0 0 0 0 0 0 0 0 0 0 0 0 0 0 0 0 0 0 0 0 0 0 0 0 0 0 0 0 0 0 0 0 0 0 0 0 0 0 0 0 0 0 0 0 0 0 0 0 0 0 0 0 0 0 0 0 0 0 0 0 0 0 0 0 0 0 0 0 0 0 0 0 0 0 0 0 0 0 0 0 0 0 0 0 0 0 0 0 0 0 0 0 0 0 0 0 0 0 0 0 0 0 0 0 0 0 0 0 0 0 0 0 
0 0 0 0 0 0 0 0 0 0 0 0 0 0 0 0 0 0 0 0 0 0 0 0 0 0 0 0 0 0 0 0 0 0 0 0 0 0 0 0 0 0 0 0 0 0 0 0 0 0 0 0 0 0 0 0 0 0 0 0 0 0 0 0 0 0 0 0 0 0 0 0 0 0 0 0 0 0 0 0 0 0 0 0 0 0 0 0 0 0 0 0 0 0 0 0 0 0 0 0 0 0 0 0 0 0 0 0 0 0 0 0 0 0 0 0 0 0 0 0 0 0 0 0 0 0 0 0 0 0 0 0 0 0 0 0 0 0 0 0 0 0 0 0 0 0 0 0 0 0 0 
0 0.00369156 0.00365024 0.00361489 0.00366104 0.0059687 0.135339 0.0141031 0.0139212 0.0102555 0.0101964 0.00936547 0.00961725 0.00969897 0.0235779 0.00987267 0.0101384 0.00976916 0.0105989 0.00974399 0.0100022 0.00909577 0.0293159 0.00858981 0.00918477 0.00866482 0.00847486 0.00892478 
0.00369156 0 0.003635 0.00357889 0.00368025 0.00374234 0.0563543 0.113198 0.0143912 0.0177789 0.0121394 0.0112608 0.0101237 0.0268935 0.0104002 0.00926974 0.0185111 0.0161967 0.019966 0.022421 0.0163887 0.0279386 0.00918247 0.00822659 0.00823584 0.00865111 0.00991338 0.00844844 
0.00365024 0.003635 0 0.00372687 0.00355288 0.00356639 0.056888 0.0431371 0.0854543 0.021666 0.0183009 0.0175956 0.0190265 0.011533 0.0102877 0.00987173 0.0204072 0.0398716 0.064488 0.0656018 0.0765333 0.0160481 0.00999636 0.0082083 0.00819543 0.00976217 0.00957106 0.00878257 
0.00361489 0.00357889 0.00372687 0 0.00354497 0.0035664 0.0369502 0.101091 0.0941047 0.0856557 0.0230392 0.0247933 0.0254273 0.0139532 0.0117263 0.0110966 0.0296021 0.0774613 0.101744 0.128223 0.0782769 0.0236635 0.0113698 0.00847968 0.00843709 0.0105503 0.0115813 0.00928619 
0.00366104 0.00368025 0.00355288 0.00354497 0 0.00359858 0.0405483 0.0474239 0.0629575 0.0350073 0.0366951 0.0168846 0.0157303 0.0284475 0.0188704 0.010581 0.0319805 0.0600296 0.0850597 0.0626734 0.0423142 0.0582254 0.0159477 0.00872874 0.00849161 0.0116799 0.0167555 0.00935402 
0.0059687 0.00374234 0.00356639 0.0035664 0.00359858 0 0.0263261 0.0277038 0.0215382 0.028568 0.0191026 0.0134595 0.0120769 0.0207387 0.028473 0.0206057 0.019732 0.0282048 0.0284672 0.0157573 0.013988 0.0139341 0.0230552 0.0112664 0.0128853 0.0180001 0.0101705 0.0112033 
0.135339 0.0563543 0.056888 0.0369502 0.0405483 0.0263261 0 0.0050329 0.003562 0.00356764 0.00358934 0.0036453 0.00378663 0.00462178 0.0218075 0.0542248 0.0173811 0.0165871 0.0150525 0.0279813 0.0136079 0.0112312 0.0296902 0.0116013 0.0110819 0.0108969 0.0096231 0.0118001 
0.0141031 0.113198 0.0431371 0.101091 0.0474239 0.0277038 0.0050329 0 0.0035982 0.00357575 0.0035744 0.00354423 0.00405275 0.00580244 0.00406065 0.0272224 0.0658878 0.0252743 0.0565452 0.0309703 0.030746 0.051431 0.0155325 0.00908794 0.00908595 0.011257 0.013227 0.00947378 
0.0139212 0.0143912 0.0854543 0.0941047 0.0629575 0.0215382 0.003562 0.0035982 0 0.00353778 0.00355842 0.00462726 0.00378964 0.00357649 0.00377969 0.0174015 0.0324874 0.0864475 0.0488762 0.0800693 0.0598634 0.0353993 0.0115307 0.00852999 0.00841208 0.0105758 0.0104966 0.00928609 
0.0102555 0.0177789 0.021666 0.0856557 0.0350073 0.028568 0.00356764 0.00357575 0.00353778 0 0.00352009 0.00362035 0.00356941 0.00357298 0.00356707 0.0113773 0.0238998 0.0469361 0.0567934 0.0434056 0.113317 0.0150837 0.0106171 0.00846657 0.00830061 0.00950183 0.00955331 0.00927544 
0.0101964 0.0121394 0.0183009 0.0230392 0.0366951 0.0191026 0.00358934 0.0035744 0.00355842 0.00352009 0 0.0035112 0.00356566 0.00356238 0.00357332 0.0114477 0.0134886 0.0310151 0.0416484 0.119607 0.0184173 0.0125453 0.00942986 0.00829994 0.00826755 0.00889055 0.00898356 0.00873319 
0.00936547 0.0112608 0.0175956 0.0247933 0.0168846 0.0134595 0.0036453 0.00354423 0.00462726 0.00362035 0.0035112 0 0.00393597 0.00353222 0.00356594 0.0110966 0.013925 0.0239949 0.11143 0.025535 0.0204322 0.0108293 0.00960373 0.00816743 0.00810302 0.00865306 0.00883004 0.00853045 
0.00961725 0.0101237 0.0190265 0.0254273 0.0157303 0.0120769 0.00378663 0.00405275 0.00378964 0.00356941 0.00356566 0.00393597 0 0.00355393 0.00352484 0.0138704 0.0169511 0.151738 0.0179802 0.0256267 0.0202691 0.0118162 0.00947789 0.00822657 0.0080494 0.00865906 0.00875041 0.00854737 
0.00969897 0.0268935 0.011533 0.0139532 0.0284475 0.0207387 0.00462178 0.00580244 0.00357649 0.00357298 0.00356238 0.00353222 0.00355393 0 0.00356839 0.0103681 0.174205 0.0143608 0.0312069 0.0172372 0.021666 0.0284059 0.0109806 0.00847515 0.00830427 0.00944447 0.0101221 0.00904618 
0.0235779 0.0104002 0.0102877 0.0117263 0.0188704 0.028473 0.0218075 0.00406065 0.00377969 0.00356707 0.00357332 0.00356594 0.00352484 0.00356839 0 0.141903 0.0120406 0.0248352 0.0164779 0.0162426 0.012921 0.0187978 0.0491087 0.010468 0.0109114 0.0124017 0.00971184 0.00926562 
0.00987267 0.00926974 0.00987173 0.0110966 0.010581 0.0206057 0.0542248 0.0272224 0.0174015 0.0113773 0.0114477 0.0110966 0.0138704 0.0103681 0.141903 0 0.00361715 0.0036009 0.0036183 0.0035434 0.00357836 0.00377031 0.00689423 0.0156624 0.0127645 0.0133733 0.00962977 0.0138386 
0.0101384 0.0185111 0.0204072 0.0296021 0.0319805 0.019732 0.0173811 0.0658878 0.0324874 0.0238998 0.0134886 0.013925 0.0169511 0.174205 0.0120406 0.00361715 0 0.00358133 0.00358706 0.0035967 0.00394743 0.0049016 0.00389107 0.0166855 0.0109141 0.0174388 0.0206871 0.0112156 
0.00976916 0.0161967 0.0398716 0.0774613 0.0600296 0.0282048 0.0165871 0.0252743 0.0864475 0.0469361 0.0310151 0.0239949 0.151738 0.0143608 0.0248352 0.0036009 0.00358133 0 0.00357198 0.00355129 0.00354453 0.00356247 0.00366442 0.0133936 0.00937358 0.019142 0.0261353 0.0121625 
0.0105989 0.019966 0.064488 0.101744 0.0850597 0.0284672 0.0150525 0.0565452 0.0488762 0.0567934 0.0416484 0.11143 0.0179802 0.0312069 0.0164779 0.0036183 0.00358706 0.00357198 0 0.00354038 0.00353299 0.00356943 0.00356556 0.018435 0.00984748 0.0249411 0.0231591 0.0160626 
0.00974399 0.022421 0.0656018 0.128223 0.0626734 0.0157573 0.0279813 0.0309703 0.0800693 0.0434056 0.119607 0.025535 0.0256267 0.0172372 0.0162426 0.0035434 0.0035967 0.00355129 0.00354038 0 0.00354865 0.0035586 0.00354997 0.0129563 0.0105513 0.024022 0.030087 0.0112976 
0.0100022 0.0163887 0.0765333 0.0782769 0.0423142 0.013988 0.0136079 0.030746 0.0598634 0.113317 0.0184173 0.0204322 0.0202691 0.021666 0.012921 0.00357836 0.00394743 0.00354453 0.00353299 0.00354865 0 0.00354439 0.00352682 0.0113241 0.0093495 0.0282047 0.0194956 0.0142685 
0.00909577 0.0279386 0.0160481 0.0236635 0.0582254 0.0139341 0.0112312 0.051431 0.0353993 0.0150837 0.0125453 0.0108293 0.0118162 0.0284059 0.0187978 0.00377031 0.0049016 0.00356247 0.00356943 0.0035586 0.00354439 0 0.00358403 0.0119501 0.0105966 0.0162646 0.121486 0.0150412 
0.0293159 0.00918247 0.00999636 0.0113698 0.0159477 0.0230552 0.0296902 0.0155325 0.0115307 0.0106171 0.00942986 0.00960373 0.00947789 0.0109806 0.0491087 0.00689423 0.00389107 0.00366442 0.00356556 0.00354997 0.00352682 0.00358403 0 0.0221782 0.0150434 0.0362681 0.0249501 0.0715858 
0.00858981 0.00822659 0.0082083 0.00847968 0.00872874 0.0112664 0.0116013 0.00908794 0.00852999 0.00846657 0.00829994 0.00816743 0.00822657 0.00847515 0.010468 0.0156624 0.0166855 0.0133936 0.018435 0.0129563 0.0113241 0.0119501 0.0221782 0 0.932016 0.00689049 0.0176524 0.0146313 
0.00918477 0.00823584 0.00819543 0.00843709 0.00849161 0.0128853 0.0110819 0.00908595 0.00841208 0.00830061 0.00826755 0.00810302 0.0080494 0.00830427 0.0109114 0.0127645 0.0109141 0.00937358 0.00984748 0.0105513 0.0093495 0.0105966 0.0150434 0.932016 0 0.0221168 0.00482712 0.00631085 
0.00866482 0.00865111 0.00976217 0.0105503 0.0116799 0.0180001 0.0108969 0.011257 0.0105758 0.00950183 0.00889055 0.00865306 0.00865906 0.00944447 0.0124017 0.0133733 0.0174388 0.019142 0.0249411 0.024022 0.0282047 0.0162646 0.0362681 0.00689049 0.0221168 0 0.00364844 0.0036377 
0.00847486 0.00991338 0.00957106 0.0115813 0.0167555 0.0101705 0.0096231 0.013227 0.0104966 0.00955331 0.00898356 0.00883004 0.00875041 0.0101221 0.00971184 0.00962977 0.0206871 0.0261353 0.0231591 0.030087 0.0194956 0.121486 0.0249501 0.0176524 0.00482712 0.00364844 0 0.00360027 
0.00892478 0.00844844 0.00878257 0.00928619 0.00935402 0.0112033 0.0118001 0.00947378 0.00928609 0.00927544 0.00873319 0.00853045 0.00854737 0.00904618 0.00926562 0.0138386 0.0112156 0.0121625 0.0160626 0.0112976 0.0142685 0.0150412 0.0715858 0.0146313 0.00631085 0.0036377 0.00360027 0 
