1BOLA
SSCSSTALSCSNSANSDTCCSPEYGLVVLNMQWAPGYGPDNAFTLHGLWPDKCSGAYAPSGGCDSNRASSSIASVIKSKDSSLYNSMLTYWPSNQGNNNVFWSHEWSKHGTCVSTYDPDCYDNYEEGEDIVDYFQKAMDLRSQYNVYKAFSSNGITPGGTYTATEMQSAIESYFGAKAKIDCSSGTLSDVALYFYVRGRDTYVITDALSTGSCSGDVEYPTK
CCCCCCCECCCCCCCCCCCCCCCCCEEEEEEECCCCCCCCCCCEEEEEEEECCCCCECCCCCCCCCCCCCCHHHHHHHHCHHHHHHHHHHCCCCCCCHHHHHHHHHHHCHHHCHHHCHHHCCCCCCCHHHHHHHHHHHHHHHHCCHHHHHHCCCCCCCEEEEHHHHHHHHHHHHCCCCEEEEECCEEEEEEEEEEEECCCEEEEECCCCCCCCCCEEEECCC
0 0 0 0 0 0 0 0 0 0 0 0 0 0 0 0 0 0 0 0 0 0 0 0 0 0 0 0 0 0 0 0 0 0 0 0 0 0 0 0 0 0 0 0 0 0 0 0 0 0 0 0 0 0 0 0 0 0 0 0 0 0 0 0 0 0 0 0 0 0 0 0 0 0 0 0 0 0 0 0 0 0 0 0 0 0 0 0 0 0 0 0 0 0 0 0 0 0 0 0 0 0 0 0 0 0 0 0 0 0 0 0 0 0 0 0 0 0 0 0 0 0 0 0 0 0 0 0 0 0 0 0 0 0 0 0 0 0 0 0 0 0 0 0 0 0 0 0 0 0 0 0 0 0 0 0 0 0 0 0 0 0 0 0 0 0 0 0 0 0 0 0 0 0 0 0 0 0 0 0 0 0 0 0 0 0 0 0 0 0 0 0 0 0 0 0 0 0 0 0 0 0 0 0 0 0 0 0 0 0 0 0 0 0 0 0 0 0 0 0 0 0 
0 0 0 0 0 0 0 0 0 0 0 0 0 0 0 0 0 0 0 0 0 0 0 0 0 0 0 0 0 0 0 0 0 0 0 0 0 0 0 0 0 0 0 0 0 0 0 0 0 0 0 0 0 0 0 0 0 0 0 0 0 0 0 0 0 0 0 0 0 0 0 0 0 0 0 0 0 0 0 0 0 0 0 0 0 0 0 0 0 0 0 0 0 0 0 0 0 0 0 0 0 0 0 0 0 0 0 0 0 0 0 0 0 0 0 0 0 0 0 0 0 0 0 0 0 0 0 0 0 0 0 0 0 0 0 0 0 0 0 0 0 0 0 0 0 0 0 0 0 0 0 0 0 0 0 0 0 0 0 0 0 0 0 0 0 0 0 0 0 0 0 0 0 0 0 0 0 0 0 0 0 0 0 0 0 0 0 0 0 0 0 0 0 0 0 0 0 0 0 0 0 0 0 0 0 0 0 0 0 0 0 0 0 0 0 0 0 0 0 0 0 0 
0 0.0417721 0.0210421 0.0161088 0.0140898 0.0135442 0.0140928 0.032078 0.0278435 0.0116847 0.0102755 0.00940355 0.00955042 0.00892896 0.0107497 0.0138317 0.0597343 0.00945562 0.00884286 0.00822881 0.010655 0.0100138 0.0082507 0.00835338 0.00853098 0.00915775 0.00969712 0.00844654 0.00830907 0.00823838 0.00831006 0.00827899 0.00843927 0.00825869 0.00825974 0.0081811 0.00834349 0.00969127 0.0101405 0.00852568 0.00825879 0.00820463 0.00922248 0.00971256 0.00865875 0.00841007 0.00955651 
0.0417721 0 0.00386778 0.00358944 0.00363065 0.00359639 0.00365313 0.00487255 0.0388189 0.0158296 0.0130066 0.0120572 0.0121509 0.029907 0.036905 0.425066 0.014643 0.00839038 0.00821345 0.00824112 0.0109847 0.00889082 0.00845579 0.00839164 0.00826407 0.00858675 0.00870557 0.00811096 0.00821505 0.00837552 0.00849266 0.00854725 0.00897697 0.00858937 0.00895667 0.00820457 0.00836367 0.00903344 0.00865235 0.00824347 0.00831619 0.00820801 0.00921593 0.00838871 0.00823272 0.00821671 0.00913724 
0.0210421 0.00386778 0 0.00360045 0.00356655 0.0036114 0.0037461 0.00372038 0.0172536 0.0346364 0.0209746 0.0162071 0.0215129 0.0429617 0.556136 0.0134412 0.00996999 0.00830291 0.00828208 0.0085049 0.00880262 0.00848517 0.00932672 0.00860594 0.00894998 0.00829742 0.00817458 0.00845425 0.00868432 0.00885494 0.00902586 0.00934966 0.00973932 0.00956635 0.00926669 0.00869236 0.00865198 0.00838275 0.00810517 0.00882392 0.00874926 0.00859993 0.00827851 0.00806013 0.00851227 0.00849583 0.00846092 
0.0161088 0.00358944 0.00360045 0 0.00354179 0.00356016 0.00357779 0.00357583 0.0166087 0.0144573 0.0195769 0.0357342 0.0887796 0.600828 0.0128923 0.00973088 0.00923522 0.00826581 0.00845521 0.00846159 0.00868986 0.00875098 0.0103221 0.0105062 0.00864196 0.00814089 0.00818848 0.00843321 0.00899541 0.00960159 0.00981975 0.0103733 0.0114899 0.0106692 0.00992532 0.00928821 0.0088766 0.00827797 0.00827517 0.00899922 0.00932308 0.00864567 0.00852527 0.00816776 0.00856071 0.00862628 0.00829771 
0.0140898 0.00363065 0.00356655 0.00354179 0 0.00353485 0.00354069 0.00354087 0.00977244 0.0159504 0.0280605 0.0797897 0.619087 0.0255051 0.0129238 0.00902306 0.00872582 0.00832226 0.00842278 0.00869338 0.00850979 0.00851894 0.0104712 0.00908671 0.0088631 0.00824397 0.00818664 0.00858751 0.00884331 0.00924515 0.00985978 0.00969468 0.011741 0.00990677 0.00998953 0.00900872 0.00880363 0.00827499 0.00815573 0.00907543 0.00912054 0.00877321 0.00835742 0.00807096 0.00845357 0.00865891 0.00838049 
0.0135442 0.00359639 0.0036114 0.00356016 0.00353485 0 0.00352363 0.00353709 0.0126858 0.0109929 0.10723 0.558805 0.0281326 0.0173124 0.00995787 0.00903516 0.00906181 0.00827167 0.0084015 0.00839558 0.00876977 0.00856878 0.010042 0.0103575 0.00855936 0.00816974 0.00838842 0.00828373 0.0090571 0.00933467 0.00940644 0.00988159 0.0104806 0.0104073 0.00943418 0.00913386 0.00853614 0.00827583 0.00816847 0.00868998 0.00920972 0.00853468 0.00839969 0.00807969 0.0083869 0.0085259 0.00822469 
0.0140928 0.00365313 0.0037461 0.00357779 0.00354069 0.00352363 0 0.00356631 0.0174994 0.402392 0.134136 0.0247747 0.0139999 0.0118969 0.0164196 0.00843328 0.00901997 0.00829181 0.00833064 0.00861403 0.00842937 0.0083527 0.00943069 0.0086928 0.00868196 0.00813166 0.00814649 0.00843377 0.0084675 0.00859682 0.00890734 0.00876159 0.00934423 0.00896166 0.00890711 0.00856112 0.00850811 0.00814919 0.00804709 0.00860814 0.00861152 0.00846353 0.00817303 0.00799697 0.00832739 0.00830747 0.00817201 
0.032078 0.00487255 0.00372038 0.00357583 0.00354087 0.00353709 0.00356631 0 0.395802 0.0678399 0.0169708 0.00972765 0.0141848 0.0107214 0.012097 0.0110822 0.0126815 0.0087044 0.00816691 0.00821988 0.00878337 0.00915193 0.00851113 0.0082711 0.00844643 0.008126 0.00862255 0.00810195 0.00815386 0.00818688 0.00833075 0.00831854 0.00849416 0.0083348 0.00828501 0.00820077 0.00812429 0.00811141 0.00835114 0.00813404 0.00824012 0.00806483 0.00816892 0.00821032 0.00810177 0.00807857 0.00812134 
0.0278435 0.0388189 0.0172536 0.0166087 0.00977244 0.0126858 0.0174994 0.395802 0 0.00360277 0.00360482 0.00362438 0.00354926 0.0036204 0.00439604 0.0087271 0.022038 0.00838393 0.00866703 0.00822738 0.017513 0.0103878 0.00846919 0.0101127 0.00854986 0.0090878 0.00885728 0.00819564 0.00831015 0.00870017 0.00836212 0.0090446 0.00881281 0.00920195 0.00874379 0.00873165 0.0082546 0.00964241 0.00887401 0.00830921 0.00864545 0.00835251 0.00984348 0.00865672 0.00817449 0.00862066 0.00883731 
0.0116847 0.0158296 0.0346364 0.0144573 0.0159504 0.0109929 0.402392 0.0678399 0.00360277 0 0.00360653 0.00356482 0.00356106 0.00356974 0.00495395 0.00357552 0.0068661 0.00915827 0.00827379 0.00991808 0.00853926 0.008268 0.0119642 0.00869681 0.011275 0.00813054 0.00809882 0.00860118 0.00868059 0.00866855 0.0101677 0.00918009 0.0108971 0.00966399 0.0103232 0.00860393 0.00941466 0.00811736 0.00812786 0.00915315 0.00851362 0.00876748 0.00835904 0.00804175 0.00871787 0.00837144 0.00830108 
0.0102755 0.0130066 0.0209746 0.0195769 0.0280605 0.10723 0.134136 0.0169708 0.00360482 0.00360653 0 0.00354316 0.00355047 0.00355266 0.00378055 0.00354502 0.00735635 0.00827172 0.00884862 0.00850331 0.00904941 0.00851123 0.00941403 0.0127934 0.00862559 0.00828693 0.0082696 0.00837366 0.00878714 0.0106229 0.00947389 0.0114634 0.0107894 0.0123935 0.00996389 0.0101071 0.00859955 0.0082954 0.00824333 0.00874753 0.00935944 0.00858432 0.00820421 0.00812932 0.00843514 0.00855006 0.00820478 
0.00940355 0.0120572 0.0162071 0.0357342 0.0797897 0.558805 0.0247747 0.00972765 0.00362438 0.00356482 0.00354316 0 0.00364694 0.00376004 0.00352699 0.00352827 0.0057073 0.00860547 0.00845383 0.00890857 0.00866738 0.00859311 0.0144676 0.0105932 0.00992524 0.0084983 0.00813258 0.008647 0.00935915 0.00960966 0.0109213 0.0103428 0.0138278 0.0113767 0.0119705 0.00943031 0.00918632 0.00837662 0.00816168 0.00904071 0.0091472 0.0089691 0.00850268 0.0080643 0.00854745 0.00875982 0.00832431 
0.00955042 0.0121509 0.0215129 0.0887796 0.619087 0.0281326 0.0139999 0.0141848 0.00354926 0.00356106 0.00355047 0.00364694 0 0.0035291 0.00352739 0.00351846 0.00547427 0.00883546 0.0085062 0.00865046 0.00863587 0.00887209 0.0101797 0.0104262 0.008917 0.00823821 0.0081306 0.00851807 0.00883038 0.00946783 0.00969556 0.0104037 0.0120093 0.0113517 0.0100247 0.00929041 0.00867359 0.00823058 0.00816758 0.00877525 0.00896245 0.00870457 0.00824149 0.00810495 0.00863272 0.0085288 0.00825353 
0.00892896 0.029907 0.0429617 0.600828 0.0255051 0.0173124 0.0118969 0.0107214 0.0036204 0.00356974 0.00355266 0.00376004 0.0035291 0 0.00352051 0.00351323 0.00544702 0.00823829 0.00833646 0.00844931 0.00864133 0.00840804 0.00966921 0.00994965 0.00866279 0.00819595 0.00809261 0.0082758 0.00882465 0.00910008 0.00921471 0.00925228 0.0111289 0.00971335 0.0100373 0.009053 0.0085841 0.00816015 0.00812125 0.00854094 0.00867774 0.00854621 0.00816327 0.00803815 0.00836739 0.00849017 0.00817181 
0.0107497 0.036905 0.556136 0.0128923 0.0129238 0.00995787 0.0164196 0.012097 0.00439604 0.00495395 0.00378055 0.00352699 0.00352739 0.00352051 0 0.00351335 0.0158955 0.00952324 0.00933063 0.00854905 0.00870382 0.00888361 0.00944342 0.00855548 0.00854024 0.00813218 0.00832239 0.00863965 0.00846444 0.00881651 0.00861784 0.00908692 0.00896109 0.00874484 0.00876691 0.00849792 0.00833829 0.00814041 0.00826836 0.0084393 0.00849825 0.00830158 0.00812922 0.00806291 0.0082167 0.00827667 0.00803279 
0.0138317 0.425066 0.0134412 0.00973088 0.00902306 0.00903516 0.00843328 0.0110822 0.0087271 0.00357552 0.00354502 0.00352827 0.00351846 0.00351323 0.00351335 0 0.508274 0.00931191 0.00820683 0.00857964 0.00865584 0.00859443 0.00839012 0.00837565 0.00839682 0.00818181 0.00834862 0.00820535 0.00816243 0.00821705 0.00855155 0.00847949 0.00846836 0.00842809 0.00839503 0.00819027 0.00814691 0.00816108 0.00815811 0.00824809 0.00815895 0.0082211 0.00855563 0.00809054 0.0082096 0.00815253 0.0080778 
0.0597343 0.014643 0.00996999 0.00923522 0.00872582 0.00906181 0.00901997 0.0126815 0.022038 0.0068661 0.00735635 0.0057073 0.00547427 0.00544702 0.0158955 0.508274 0 0.00906674 0.00879479 0.00832787 0.0170832 0.0104132 0.00807141 0.00829139 0.00808958 0.00928717 0.0102491 0.00832578 0.00806382 0.00815766 0.00797072 0.00819518 0.00805288 0.00812065 0.00804404 0.00805154 0.00812008 0.00939688 0.0112821 0.00816668 0.00838546 0.00811197 0.00878419 0.0101618 0.00820811 0.00848232 0.00891817 
0.00945562 0.00839038 0.00830291 0.00826581 0.00832226 0.00827167 0.00829181 0.0087044 0.00838393 0.00915827 0.00827172 0.00860547 0.00883546 0.00823829 0.00952324 0.00931191 0.00906674 0 0.00377771 0.00513401 0.0101875 0.0170599 0.0134344 0.0084865 0.025985 0.0195679 0.00913117 0.00991917 0.00910955 0.00881042 0.0118406 0.00910352 0.0108139 0.00940186 0.0110554 0.00992792 0.0141493 0.0148331 0.00956384 0.0119526 0.00875263 0.023361 0.0194533 0.00872367 0.0100678 0.00867971 0.0643238 
0.00884286 0.00821345 0.00828208 0.00845521 0.00842278 0.0084015 0.00833064 0.00816691 0.00866703 0.00827379 0.00884862 0.00845383 0.0085062 0.00833646 0.00933063 0.00820683 0.00879479 0.00377771 0 0.0049525 0.00386262 0.0122338 0.0101157 0.0439901 0.00917345 0.0119405 0.0117657 0.00858614 0.00885268 0.0149101 0.00848314 0.0146773 0.00937676 0.0132125 0.0103033 0.0209071 0.00897289 0.0121772 0.0122572 0.0088761 0.0342252 0.0107499 0.00966354 0.0107161 0.00849393 0.0597693 0.00927854 
0.00822881 0.00824112 0.0085049 0.00846159 0.00869338 0.00839558 0.00861403 0.00821988 0.00822738 0.00991808 0.00850331 0.00890857 0.00865046 0.00844931 0.00854905 0.00857964 0.00832787 0.00513401 0.0049525 0 0.00352614 0.0115327 0.0611603 0.00914128 0.0215926 0.00835031 0.00872035 0.0198548 0.0096399 0.00839204 0.015794 0.0089443 0.0160649 0.0111892 0.0147306 0.00934566 0.0141812 0.00868203 0.00905121 0.0408406 0.00894302 0.0119008 0.00970436 0.00860942 0.0420511 0.00874598 0.00937549 
0.010655 0.0109847 0.00880262 0.00868986 0.00850979 0.00876977 0.00842937 0.00878337 0.017513 0.00853926 0.00904941 0.00866738 0.00863587 0.00864133 0.00870382 0.00865584 0.0170832 0.0101875 0.00386262 0.00352614 0 0.0268578 0.00859559 0.0160826 0.00765324 0.0159971 0.03311 0.0092237 0.00937675 0.0117512 0.00893009 0.0142886 0.0127361 0.0128423 0.0100305 0.0115364 0.0089563 0.0181451 0.0619185 0.00983481 0.0113166 0.0095687 0.0108725 0.0954197 0.00907984 0.0154605 0.00902798 
0.0100138 0.00889082 0.00848517 0.00875098 0.00851894 0.00856878 0.0083527 0.00915193 0.0103878 0.008268 0.00851123 0.00859311 0.00887209 0.00840804 0.00888361 0.00859443 0.0104132 0.0170599 0.0122338 0.0115327 0.0268578 0 0.00355395 0.00357297 0.00355503 0.00428302 0.00493406 0.00561228 0.00568624 0.0277479 0.0484456 0.531245 0.0177329 0.0217291 0.0196304 0.0103932 0.00874514 0.0579188 0.0179658 0.013649 0.0114264 0.0117235 0.0437096 0.0194741 0.0102208 0.0166001 0.0189918 
0.0082507 0.00845579 0.00932672 0.0103221 0.0104712 0.010042 0.00943069 0.00851113 0.00846919 0.0119642 0.00941403 0.0144676 0.0101797 0.00966921 0.00944342 0.00839012 0.00807141 0.0134344 0.0101157 0.0611603 0.00859559 0.00355395 0 0.00353564 0.00357753 0.0035836 0.00375869 0.0059773 0.0101213 0.0459672 0.647634 0.00820366 0.0261039 0.0101852 0.0149706 0.00845912 0.0392839 0.00865216 0.00983384 0.0250282 0.0106064 0.0469578 0.0112541 0.00915635 0.0337222 0.0106936 0.0187995 
0.00835338 0.00839164 0.00860594 0.0105062 0.00908671 0.0103575 0.0086928 0.0082711 0.0101127 0.00869681 0.0127934 0.0105932 0.0104262 0.00994965 0.00855548 0.00837565 0.00829139 0.0084865 0.0439901 0.00914128 0.0160826 0.00357297 0.00353564 0 0.00351758 0.00359119 0.00459132 0.0121727 0.108022 0.634677 0.00562551 0.0138423 0.00689367 0.0122127 0.00855398 0.0351347 0.00732575 0.0158131 0.012695 0.00846036 0.0667239 0.00969037 0.00917451 0.0142445 0.0087565 0.0399543 0.00916325 
0.00853098 0.00826407 0.00894998 0.00864196 0.0088631 0.00855936 0.00868196 0.00844643 0.00854986 0.011275 0.00862559 0.00992524 0.008917 0.00866279 0.00854024 0.00839682 0.00808958 0.025985 0.00917345 0.0215926 0.00765324 0.00355503 0.00357753 0.00351758 0 0.00355075 0.00420749 0.702535 0.159501 0.00586935 0.0144924 0.00573176 0.00947736 0.00737453 0.0155723 0.00716558 0.0147797 0.00790357 0.00872982 0.0898346 0.00844893 0.0148984 0.0105845 0.00899049 0.0318905 0.00899194 0.0116864 
0.00915775 0.00858675 0.00829742 0.00814089 0.00824397 0.00816974 0.00813166 0.008126 0.0090878 0.00813054 0.00828693 0.0084983 0.00823821 0.00819595 0.00813218 0.00818181 0.00928717 0.0195679 0.0119405 0.00835031 0.0159971 0.00428302 0.0035836 0.00359119 0.00355075 0 0.789785 0.0262248 0.0046906 0.00383468 0.00378303 0.00535399 0.00571268 0.00976549 0.00627821 0.00666474 0.00658551 0.00757125 0.038885 0.00869903 0.00857089 0.00825805 0.00907984 0.0193196 0.00946919 0.0104378 0.00924735 
0.00969712 0.00870557 0.00817458 0.00818848 0.00818664 0.00838842 0.00814649 0.00862255 0.00885728 0.00809882 0.0082696 0.00813258 0.0081306 0.00809261 0.00832239 0.00834862 0.0102491 0.00913117 0.0117657 0.00872035 0.03311 0.00493406 0.00375869 0.00459132 0.00420749 0.789785 0 0.00361418 0.0035502 0.00359551 0.00360806 0.00377066 0.00381264 0.00420021 0.00478557 0.00588933 0.00620614 0.0143752 0.0108513 0.00804608 0.00988913 0.00975391 0.0148192 0.0173392 0.00863141 0.0153473 0.0150893 
0.00844654 0.00811096 0.00845425 0.00843321 0.00858751 0.00828373 0.00843377 0.00810195 0.00819564 0.00860118 0.00837366 0.008647 0.00851807 0.0082758 0.00863965 0.00820535 0.00832578 0.00991917 0.00858614 0.0198548 0.0092237 0.00561228 0.0059773 0.0121727 0.702535 0.0262248 0.00361418 0 0.00355191 0.00355231 0.00356051 0.0036368 0.00408196 0.00435906 0.00511404 0.00554462 0.0107507 0.00689804 0.00692869 0.0121914 0.00805988 0.0132326 0.0105629 0.00894927 0.0162389 0.00952449 0.0128932 
0.00830907 0.00821505 0.00868432 0.00899541 0.00884331 0.0090571 0.0084675 0.00815386 0.00831015 0.00868059 0.00878714 0.00935915 0.00883038 0.00882465 0.00846444 0.00816243 0.00806382 0.00910955 0.00885268 0.0096399 0.00937675 0.00568624 0.0101213 0.108022 0.159501 0.0046906 0.0035502 0.00355191 0 0.00360808 0.0035353 0.0035562 0.0036021 0.00414838 0.00398022 0.00808274 0.00526011 0.0059692 0.00685183 0.00872476 0.00845971 0.00956097 0.00908006 0.00891287 0.0102134 0.00985465 0.0101632 
0.00823838 0.00837552 0.00885494 0.00960159 0.00924515 0.00933467 0.00859682 0.00818688 0.00870017 0.00866855 0.0106229 0.00960966 0.00946783 0.00910008 0.00881651 0.00821705 0.00815766 0.00881042 0.0149101 0.00839204 0.0117512 0.0277479 0.0459672 0.634677 0.00586935 0.00383468 0.00359551 0.00355231 0.00360808 0 0.00350967 0.00356202 0.00366835 0.00362134 0.00394256 0.00443356 0.00413529 0.0047483 0.00885139 0.00742305 0.0138341 0.00850466 0.00823398 0.0132328 0.00861554 0.0318513 0.00923963 
0.00831006 0.00849266 0.00902586 0.00981975 0.00985978 0.00940644 0.00890734 0.00833075 0.00836212 0.0101677 0.00947389 0.0109213 0.00969556 0.00921471 0.00861784 0.00855155 0.00797072 0.0118406 0.00848314 0.015794 0.00893009 0.0484456 0.647634 0.00562551 0.0144924 0.00378303 0.00360806 0.00356051 0.0035353 0.00350967 0 0.0035428 0.00355858 0.00360176 0.00376098 0.00374453 0.00390332 0.0038377 0.00692369 0.0174161 0.00771101 0.00913328 0.00916561 0.00908405 0.0367021 0.0103498 0.0200458 
0.00827899 0.00854725 0.00934966 0.0103733 0.00969468 0.00988159 0.00876159 0.00831854 0.0090446 0.00918009 0.0114634 0.0103428 0.0104037 0.00925228 0.00908692 0.00847949 0.00819518 0.00910352 0.0146773 0.0089443 0.0142886 0.531245 0.00820366 0.0138423 0.00573176 0.00535399 0.00377066 0.0036368 0.0035562 0.00356202 0.0035428 0 0.00353139 0.00356531 0.00357555 0.00355751 0.00358436 0.00366438 0.00959687 0.00703868 0.0105465 0.00882139 0.00866221 0.0155939 0.0111709 0.0426215 0.0108949 
0.00843927 0.00897697 0.00973932 0.0114899 0.011741 0.0104806 0.00934423 0.00849416 0.00881281 0.0108971 0.0107894 0.0138278 0.0120093 0.0111289 0.00896109 0.00846836 0.00805288 0.0108139 0.00937676 0.0160649 0.0127361 0.0177329 0.0261039 0.00689367 0.00947736 0.00571268 0.00381264 0.00408196 0.0036021 0.00366835 0.00355858 0.00353139 0 0.00353618 0.0035684 0.00356921 0.00351773 0.00359491 0.00586827 0.0110948 0.00789902 0.014609 0.0388096 0.0124081 0.025439 0.0119178 0.0131529 
0.00825869 0.00858937 0.00956635 0.0106692 0.00990677 0.0104073 0.00896166 0.0083348 0.00920195 0.00966399 0.0123935 0.0113767 0.0113517 0.00971335 0.00874484 0.00842809 0.00812065 0.00940186 0.0132125 0.0111892 0.0128423 0.0217291 0.0101852 0.0122127 0.00737453 0.00976549 0.00420021 0.00435906 0.00414838 0.00362134 0.00360176 0.00356531 0.00353618 0 0.00352968 0.00354323 0.00357295 0.00356659 0.00623234 0.00678089 0.0157653 0.029965 0.651124 0.0120571 0.00956865 0.0191094 0.010362 
0.00825974 0.00895667 0.00926669 0.00992532 0.00998953 0.00943418 0.00890711 0.00828501 0.00874379 0.0103232 0.00996389 0.0119705 0.0100247 0.0100373 0.00876691 0.00839503 0.00804404 0.0110554 0.0103033 0.0147306 0.0100305 0.0196304 0.0149706 0.00855398 0.0155723 0.00627821 0.00478557 0.00511404 0.00398022 0.00394256 0.00376098 0.00357555 0.0035684 0.00352968 0 0.0035286 0.00353321 0.00352859 0.00409807 0.0143553 0.0358382 0.690662 0.0457904 0.0088789 0.0153561 0.0109423 0.0135097 
0.0081811 0.00820457 0.00869236 0.00928821 0.00900872 0.00913386 0.00856112 0.00820077 0.00873165 0.00860393 0.0101071 0.00943031 0.00929041 0.009053 0.00849792 0.00819027 0.00805154 0.00992792 0.0209071 0.00934566 0.0115364 0.0103932 0.00845912 0.0351347 0.00716558 0.00666474 0.00588933 0.00554462 0.00808274 0.00443356 0.00374453 0.00355751 0.00356921 0.00354323 0.0035286 0 0.00352359 0.00354333 0.0046125 0.0187358 0.784503 0.0269026 0.0068606 0.00995187 0.00917112 0.019429 0.00955344 
0.00834349 0.00836367 0.00865198 0.0088766 0.00880363 0.00853614 0.00850811 0.00812429 0.0082546 0.00941466 0.00859955 0.00918632 0.00867359 0.0085841 0.00833829 0.00814691 0.00812008 0.0141493 0.00897289 0.0141812 0.0089563 0.00874514 0.0392839 0.00732575 0.0147797 0.00658551 0.00620614 0.0107507 0.00526011 0.00413529 0.00390332 0.00358436 0.00351773 0.00357295 0.00353321 0.00352359 0 0.00363025 0.00484313 0.861728 0.0121965 0.00862753 0.00755244 0.008444 0.025989 0.00918545 0.0129246 
0.00969127 0.00903344 0.00838275 0.00827797 0.00827499 0.00827583 0.00814919 0.00811141 0.00964241 0.00811736 0.0082954 0.00837662 0.00823058 0.00816015 0.00814041 0.00816108 0.00939688 0.0148331 0.0121772 0.00868203 0.0181451 0.0579188 0.00865216 0.0158131 0.00790357 0.00757125 0.0143752 0.00689804 0.0059692 0.0047483 0.0038377 0.00366438 0.00359491 0.00356659 0.00352859 0.00354333 0.00363025 0 0.827584 0.00685451 0.00403934 0.00450713 0.00621185 0.0263083 0.00926832 0.0133115 0.0113614 
0.0101405 0.00865235 0.00810517 0.00827517 0.00815573 0.00816847 0.00804709 0.00835114 0.00887401 0.00812786 0.00824333 0.00816168 0.00816758 0.00812125 0.00826836 0.00815811 0.0112821 0.00956384 0.0122572 0.00905121 0.0619185 0.0179658 0.00983384 0.012695 0.00872982 0.038885 0.0108513 0.00692869 0.00685183 0.00885139 0.00692369 0.00959687 0.00586827 0.00623234 0.00409807 0.0046125 0.00484313 0.827584 0 0.00360789 0.00361121 0.00365893 0.0042592 0.0215134 0.00763811 0.0277407 0.0398211 
0.00852568 0.00824347 0.00882392 0.00899922 0.00907543 0.00868998 0.00860814 0.00813404 0.00830921 0.00915315 0.00874753 0.00904071 0.00877525 0.00854094 0.0084393 0.00824809 0.00816668 0.0119526 0.0088761 0.0408406 0.00983481 0.013649 0.0250282 0.00846036 0.0898346 0.00869903 0.00804608 0.0121914 0.00872476 0.00742305 0.0174161 0.00703868 0.0110948 0.00678089 0.0143553 0.0187358 0.861728 0.00685451 0.00360789 0 0.00356085 0.00359017 0.00377661 0.00754795 0.0539782 0.0132183 0.154292 
0.00825879 0.00831619 0.00874926 0.00932308 0.00912054 0.00920972 0.00861152 0.00824012 0.00864545 0.00851362 0.00935944 0.0091472 0.00896245 0.00867774 0.00849825 0.00815895 0.00838546 0.00875263 0.0342252 0.00894302 0.0113166 0.0114264 0.0106064 0.0667239 0.00844893 0.00857089 0.00988913 0.00805988 0.00845971 0.0138341 0.00771101 0.0105465 0.00789902 0.0157653 0.0358382 0.784503 0.0121965 0.00403934 0.00361121 0.00356085 0 0.00354309 0.00353516 0.0135496 0.0101761 0.131871 0.012353 
0.00820463 0.00820801 0.00859993 0.00864567 0.00877321 0.00853468 0.00846353 0.00806483 0.00835251 0.00876748 0.00858432 0.0089691 0.00870457 0.00854621 0.00830158 0.0082211 0.00811197 0.023361 0.0107499 0.0119008 0.0095687 0.0117235 0.0469578 0.00969037 0.0148984 0.00825805 0.00975391 0.0132326 0.00956097 0.00850466 0.00913328 0.00882139 0.014609 0.029965 0.690662 0.0269026 0.00862753 0.00450713 0.00365893 0.00359017 0.00354309 0 0.00358269 0.0142422 0.103478 0.0246786 0.0123537 
0.00922248 0.00921593 0.00827851 0.00852527 0.00835742 0.00839969 0.00817303 0.00816892 0.00984348 0.00835904 0.00820421 0.00850268 0.00824149 0.00816327 0.00812922 0.00855563 0.00878419 0.0194533 0.00966354 0.00970436 0.0108725 0.0437096 0.0112541 0.00917451 0.0105845 0.00907984 0.0148192 0.0105629 0.00908006 0.00823398 0.00916561 0.00866221 0.0388096 0.651124 0.0457904 0.0068606 0.00755244 0.00621185 0.0042592 0.00377661 0.00353516 0.00358269 0 0.0687283 0.0200847 0.008414 0.0394414 
0.00971256 0.00838871 0.00806013 0.00816776 0.00807096 0.00807969 0.00799697 0.00821032 0.00865672 0.00804175 0.00812932 0.0080643 0.00810495 0.00803815 0.00806291 0.00809054 0.0101618 0.00872367 0.0107161 0.00860942 0.0954197 0.0194741 0.00915635 0.0142445 0.00899049 0.0193196 0.0173392 0.00894927 0.00891287 0.0132328 0.00908405 0.0155939 0.0124081 0.0120571 0.0088789 0.00995187 0.008444 0.0263083 0.0215134 0.00754795 0.0135496 0.0142422 0.0687283 0 0.00376463 0.00385097 0.00443788 
0.00865875 0.00823272 0.00851227 0.00856071 0.00845357 0.0083869 0.00832739 0.00810177 0.00817449 0.00871787 0.00843514 0.00854745 0.00863272 0.00836739 0.0082167 0.0082096 0.00820811 0.0100678 0.00849393 0.0420511 0.00907984 0.0102208 0.0337222 0.0087565 0.0318905 0.00946919 0.00863141 0.0162389 0.0102134 0.00861554 0.0367021 0.0111709 0.025439 0.00956865 0.0153561 0.00917112 0.025989 0.00926832 0.00763811 0.0539782 0.0101761 0.103478 0.0200847 0.00376463 0 0.0038412 0.00383994 
0.00841007 0.00821671 0.00849583 0.00862628 0.00865891 0.0085259 0.00830747 0.00807857 0.00862066 0.00837144 0.00855006 0.00875982 0.0085288 0.00849017 0.00827667 0.00815253 0.00848232 0.00867971 0.0597693 0.00874598 0.0154605 0.0166001 0.0106936 0.0399543 0.00899194 0.0104378 0.0153473 0.00952449 0.00985465 0.0318513 0.0103498 0.0426215 0.0119178 0.0191094 0.0109423 0.019429 0.00918545 0.0133115 0.0277407 0.0132183 0.131871 0.0246786 0.008414 0.00385097 0.0038412 0 0.00360092 
0.00955651 0.00913724 0.00846092 0.00829771 0.00838049 0.00822469 0.00817201 0.00812134 0.00883731 0.00830108 0.00820478 0.00832431 0.00825353 0.00817181 0.00803279 0.0080778 0.00891817 0.0643238 0.00927854 0.00937549 0.00902798 0.0189918 0.0187995 0.00916325 0.0116864 0.00924735 0.0150893 0.0128932 0.0101632 0.00923963 0.0200458 0.0108949 0.0131529 0.010362 0.0135097 0.00955344 0.0129246 0.0113614 0.0398211 0.154292 0.012353 0.0123537 0.0394414 0.00443788 0.00383994 0.00360092 0 
