1BTEB
ETQECLFFNANWERDRTNQTGVEPCYGDKDKRRHCFATWKNISGSIEIVKQGCWLDDINCYDRTDCIEKKDSPEVYFCCCEGNMCNEKFSYFPE
CCCEEEEEECCHHHHCCCCEEEEECCCCCCCCCEEEEEEEEECCEEEEEEEEEECCCCCCCCCCCEEECCCCCCCEEEEECCCCHHHCEEECCC
0 0 0 0 0 0 0 0 0 0 0 0 0 0 0 0 0 0 0 0 0 0 0 0 0 0 0 0 0 0 0 0 0 0 0 0 0 0 0 0 0 0 0 0 0 0 0 0 0 0 0 0 0 0 0 0 0 0 0 0 0 0 0 0 0 0 0 0 0 0 0 0 0 0 0 0 0 0 0 0 0 0 0 0 0 0 0 0 0 0 0 0 0 0 
0 0 0 0 0 0 0 0 0 0 0 0 0 0 0 0 0 0 0 0 0 0 0 0 0 0 0 0 0 0 0 0 0 0 0 0 0 0 0 0 0 0 0 0 0 0 0 0 0 0 0 0 0 0 0 0 0 0 0 0 0 0 0 0 0 0 0 0 0 0 0 0 0 0 0 0 0 0 0 0 0 0 0 0 0 0 0 0 0 0 0 0 0 0 
0 0.00358703 0.00353061 0.00354555 0.00369194 0.00464793 0.0136614 0.00778301 0.00831459 0.00895802 0.774931 0.0197603 0.00978285 0.013473 0.00944467 0.0121566 0.0119997 0.00967934 0.00890139 0.0113235 0.0120427 0.00900793 0.0146387 0.00905767 0.00919173 0.00963458 0.00892199 0.00992323 0.00920821 0.012194 0.0117586 0.00897155 0.0122698 0.00899076 0.00884437 0.00904862 0.0103945 0.00998388 0.00857044 0.00863728 0.009068 
0.00358703 0 0.00355073 0.00354877 0.00380018 0.00373088 0.0072485 0.0134662 0.00914688 0.802582 0.0242351 0.0101603 0.0265265 0.011169 0.0242709 0.0105299 0.015608 0.00914916 0.0118087 0.00937227 0.00893427 0.0173963 0.00940812 0.0178504 0.00984294 0.0105404 0.0122225 0.0106962 0.0256096 0.00906267 0.0107231 0.0130799 0.0096134 0.00958586 0.0114162 0.013122 0.0115989 0.00964225 0.00903424 0.00870507 0.00880987 
0.00353061 0.00355073 0 0.00352768 0.00356812 0.00357594 0.00803575 0.00895767 0.846919 0.0231439 0.0118605 0.0112667 0.0150933 0.037302 0.0256553 0.0245849 0.0113382 0.0165273 0.00986428 0.00899198 0.00943106 0.00946544 0.0231893 0.0127343 0.0149226 0.0169285 0.0132217 0.0331639 0.0118401 0.00976858 0.0114969 0.0100731 0.00950415 0.00935806 0.0165658 0.0300893 0.0165135 0.00921924 0.00896472 0.00885041 0.00858916 
0.00354555 0.00354877 0.00352768 0 0.0035323 0.00355624 0.00797836 0.848621 0.0264816 0.0298877 0.00938548 0.0118454 0.0200785 0.0437381 0.0252433 0.0163005 0.0182016 0.0127369 0.0104241 0.00883321 0.00916867 0.0112794 0.0155609 0.0147511 0.0143175 0.0183883 0.0217708 0.0178242 0.012434 0.00935802 0.0102655 0.0105518 0.00952387 0.00949934 0.0200034 0.0384007 0.0144408 0.00923336 0.00898189 0.00871541 0.00845797 
0.00369194 0.00380018 0.00356812 0.0035323 0 0.00464762 0.767938 0.0173071 0.00965366 0.0122948 0.00854939 0.0134843 0.0268951 0.0141806 0.0148467 0.0130786 0.0103281 0.00996681 0.00972955 0.00906612 0.0107417 0.0131144 0.0100282 0.0115299 0.010144 0.0139209 0.0116694 0.0107291 0.0136057 0.00947129 0.010767 0.0148748 0.00958585 0.0104802 0.0182788 0.0135141 0.0138063 0.00937078 0.00998002 0.0101515 0.00857431 
0.00464793 0.00373088 0.00357594 0.00355624 0.00464762 0 0.0315344 0.00859714 0.00705195 0.00717748 0.00978098 0.0156495 0.0112115 0.00995716 0.0108552 0.00941691 0.00978008 0.00869423 0.00855849 0.00969723 0.0188607 0.00998091 0.00922838 0.00925815 0.00917572 0.00886778 0.00904244 0.00909073 0.00887214 0.00960809 0.0159387 0.00951437 0.0104798 0.0142943 0.00944674 0.0094841 0.00984885 0.00905782 0.0130367 0.00856117 0.00872662 
0.0136614 0.0072485 0.00803575 0.00797836 0.767938 0.0315344 0 0.00378189 0.0035791 0.00366779 0.00510977 0.00703604 0.00683091 0.00725502 0.010422 0.0341762 0.0095171 0.00870354 0.00790416 0.0126383 0.00932694 0.00879566 0.0102814 0.00893145 0.00874734 0.00848061 0.00848634 0.00863079 0.00877733 0.012367 0.00992356 0.00904948 0.0143822 0.00899633 0.00856282 0.00852681 0.00901365 0.0119713 0.00894214 0.00846079 0.0106906 
0.00778301 0.0134662 0.00895767 0.848621 0.0173071 0.00859714 0.00378189 0 0.00372718 0.00359739 0.00364672 0.0063121 0.00738959 0.0124962 0.0309535 0.0210325 0.00973441 0.00846002 0.0133288 0.0084815 0.00871511 0.00891985 0.00953821 0.00918343 0.00864668 0.00882098 0.0086577 0.00889618 0.00961871 0.00865571 0.00952104 0.0098841 0.00891806 0.00908033 0.00896657 0.00912064 0.0112159 0.00859321 0.00856463 0.00881588 0.00855369 
0.00831459 0.00914688 0.846919 0.0264816 0.00965366 0.00705195 0.0035791 0.00372718 0 0.00359954 0.00353903 0.00665205 0.0109483 0.0186613 0.0197166 0.00966996 0.0082365 0.00802125 0.00765644 0.00840747 0.0082527 0.00913577 0.00896051 0.0107372 0.00846721 0.00864745 0.00908331 0.00893082 0.00861295 0.00852785 0.00905315 0.00871469 0.00921944 0.0086945 0.00897922 0.0144672 0.00894032 0.00870628 0.00888288 0.0082632 0.0085657 
0.00895802 0.802582 0.0231439 0.0298877 0.0122948 0.00717748 0.00366779 0.00359739 0.00359954 0 0.00354921 0.00788799 0.0131028 0.0137923 0.00762773 0.007298 0.00708289 0.00722698 0.00725052 0.00733249 0.00851475 0.00826541 0.0093684 0.00826014 0.00835708 0.00889457 0.00857716 0.00890578 0.00971342 0.00849464 0.00879612 0.0112928 0.0086455 0.0087466 0.0103128 0.00923858 0.00970566 0.00849533 0.00859061 0.00894399 0.0082792 
0.774931 0.0242351 0.0118605 0.00938548 0.00854939 0.00978098 0.00510977 0.00364672 0.00353903 0.00354921 0 0.0686514 0.015385 0.0103533 0.0075656 0.0072474 0.00767534 0.00682202 0.00643082 0.00725148 0.0140717 0.00866551 0.00884286 0.00850343 0.00837593 0.00831451 0.00839693 0.00853103 0.00853391 0.0101547 0.0218119 0.00915472 0.00979309 0.0133253 0.00880739 0.00895444 0.0090004 0.00903844 0.0150814 0.00828267 0.00870865 
0.0197603 0.0101603 0.0112667 0.0118454 0.0134843 0.0156495 0.00703604 0.0063121 0.00665205 0.00788799 0.0686514 0 0.00365509 0.00359415 0.00354096 0.00355915 0.00355592 0.00392083 0.00381154 0.00504881 0.00683468 0.00627063 0.00991081 0.00697771 0.00793106 0.00813803 0.00776381 0.0112588 0.0845438 0.74334 0.0139609 0.0106164 0.030036 0.0113915 0.0115139 0.0101818 0.0124528 0.0156514 0.0129622 0.00947482 0.0144393 
0.00978285 0.0265265 0.0150933 0.0200785 0.0268951 0.0112115 0.00683091 0.00738959 0.0109483 0.0131028 0.015385 0.00365509 0 0.00356259 0.00356727 0.00355585 0.00354808 0.00357488 0.00589073 0.00377653 0.00529045 0.00685056 0.00661216 0.00979071 0.00720852 0.00787393 0.0163225 0.0438329 0.816459 0.00976854 0.0105879 0.0229953 0.0103592 0.0120788 0.0138642 0.0222267 0.0184253 0.0313389 0.00963906 0.0122475 0.00973216 
0.013473 0.011169 0.037302 0.0437381 0.0141806 0.00995716 0.00725502 0.0124962 0.0186613 0.0137923 0.0103533 0.00359415 0.00356259 0 0.00353213 0.00355796 0.0035333 0.00353475 0.00353637 0.00353475 0.0138011 0.00622814 0.017271 0.00769115 0.00797418 0.0215725 0.0628436 0.834032 0.00886512 0.0189479 0.0129323 0.0110083 0.0118079 0.0101455 0.0231233 0.0244635 0.0733285 0.00996246 0.00951651 0.0101403 0.00930743 
0.00944467 0.0242709 0.0256553 0.0252433 0.0148467 0.0108552 0.010422 0.0309535 0.0197166 0.00762773 0.0075656 0.00354096 0.00356727 0.00353213 0 0.00352852 0.00354249 0.00353418 0.00353744 0.00365349 0.00389508 0.0124952 0.00686244 0.00926522 0.00883865 0.0988806 0.785091 0.00770616 0.00949803 0.00790815 0.0099177 0.0113826 0.0100894 0.0110149 0.0195867 0.0871226 0.011174 0.0130514 0.00977004 0.00919766 0.00897929 
0.0121566 0.0105299 0.0245849 0.0163005 0.0130786 0.00941691 0.0341762 0.0210325 0.00966996 0.007298 0.0072474 0.00355915 0.00355585 0.00355796 0.00352852 0 0.00350216 0.00356838 0.00353605 0.00354857 0.00562866 0.00482317 0.0147056 0.0119357 0.164253 0.743481 0.00749574 0.0123118 0.00721412 0.00882102 0.00961604 0.00987946 0.00966251 0.00936827 0.0314914 0.0149559 0.0194179 0.00925779 0.00901347 0.00910802 0.00869972 
0.0119997 0.015608 0.0113382 0.0182016 0.0103281 0.00978008 0.0095171 0.00973441 0.0082365 0.00708289 0.00767534 0.00355592 0.00354808 0.0035333 0.00354249 0.00350216 0 0.00353398 0.00354316 0.00374243 0.0038029 0.0139456 0.00623427 0.851915 0.14273 0.00772148 0.00785837 0.00649124 0.00752947 0.00728965 0.00925026 0.0090457 0.00938296 0.0143575 0.00987114 0.0211348 0.0101475 0.0097686 0.0108083 0.00864402 0.00870768 
0.00967934 0.00914916 0.0165273 0.0127369 0.00996681 0.00869423 0.00870354 0.00846002 0.00802125 0.00722698 0.00682202 0.00392083 0.00357488 0.00353475 0.00353418 0.00356838 0.00353398 0 0.00353009 0.00356098 0.00798033 0.0166138 0.853448 0.0753199 0.00885622 0.00674843 0.00609772 0.00687924 0.00649051 0.00703409 0.0087478 0.00872195 0.00977317 0.00947539 0.0109298 0.0116582 0.011216 0.00902577 0.00899556 0.00880839 0.00862254 
0.00890139 0.0118087 0.00986428 0.0104241 0.00972955 0.00855849 0.00790416 0.0133288 0.00765644 0.00725052 0.00643082 0.00381154 0.00589073 0.00353637 0.00353744 0.00353605 0.00354316 0.00353009 0 0.00364436 0.00437034 0.935641 0.0071701 0.0117596 0.00442658 0.00488694 0.00562678 0.00546768 0.00608718 0.00610438 0.00871452 0.0134697 0.00831708 0.00950041 0.0113118 0.00948966 0.00979901 0.00851074 0.00886027 0.00946569 0.00832266 
0.0113235 0.00937227 0.00899198 0.00883321 0.00906612 0.00969723 0.0126383 0.0084815 0.00840747 0.00733249 0.00725148 0.00504881 0.00377653 0.00353475 0.00365349 0.00354857 0.00374243 0.00356098 0.00364436 0 0.987761 0.00700448 0.00369351 0.00405294 0.00397523 0.00442486 0.00486126 0.00514052 0.00546871 0.00573968 0.0154193 0.0086996 0.00941604 0.0133139 0.00887873 0.00886236 0.00877833 0.00953529 0.0192991 0.00847858 0.00888205 
0.0120427 0.00893427 0.00943106 0.00916867 0.0107417 0.0188607 0.00932694 0.00871511 0.0082527 0.00851475 0.0140717 0.00683468 0.00529045 0.0138011 0.00389508 0.00562866 0.0038029 0.00798033 0.00437034 0.987761 0 0.00376779 0.00367716 0.00364885 0.00412476 0.00396284 0.00376583 0.00405047 0.00513905 0.0136918 0.00906745 0.0092263 0.0210842 0.00973959 0.00927556 0.00853124 0.0137058 0.0120779 0.00930658 0.0104557 0.0133618 
0.00900793 0.0173963 0.00946544 0.0112794 0.0131144 0.00998091 0.00879566 0.00891985 0.00913577 0.00826541 0.00866551 0.00627063 0.00685056 0.00622814 0.0124952 0.00482317 0.0139456 0.0166138 0.935641 0.00700448 0.00376779 0 0.00352567 0.00413126 0.00355603 0.00359941 0.00370407 0.00370269 0.00777403 0.00437124 0.00920759 0.0122718 0.0107817 0.0103981 0.00930662 0.0113029 0.0105518 0.0117524 0.0142667 0.00948466 0.0103194 
0.0146387 0.00940812 0.0231893 0.0155609 0.0100282 0.00922838 0.0102814 0.00953821 0.00896051 0.0093684 0.00884286 0.00991081 0.00661216 0.017271 0.00686244 0.0147056 0.00623427 0.853448 0.0071701 0.00369351 0.00367716 0.00352567 0 0.00353521 0.00356876 0.00360708 0.0035954 0.00637208 0.00364667 0.00399161 0.00991113 0.00943179 0.00953697 0.0110289 0.014089 0.0100558 0.0135367 0.00882291 0.00889609 0.0121969 0.00873333 
0.00905767 0.0178504 0.0127343 0.0147511 0.0115299 0.00925815 0.00893145 0.00918343 0.0107372 0.00826014 0.00850343 0.00697771 0.00979071 0.00769115 0.00926522 0.0119357 0.851915 0.0753199 0.0117596 0.00405294 0.00364885 0.00413126 0.00353521 0 0.00352838 0.00354222 0.00725338 0.00349754 0.00373825 0.00377988 0.00867571 0.0108241 0.0103604 0.0118838 0.0100243 0.0176526 0.00947518 0.0110544 0.0163706 0.00898787 0.00954081 
0.00919173 0.00984294 0.0149226 0.0143175 0.010144 0.00917572 0.00874734 0.00864668 0.00846721 0.00835708 0.00837593 0.00793106 0.00720852 0.00797418 0.00883865 0.164253 0.14273 0.00885622 0.00442658 0.00397523 0.00412476 0.00355603 0.00356876 0.00352838 0 0.00358769 0.0035555 0.0035412 0.00374466 0.0037236 0.00812938 0.00861365 0.0100848 0.010111 0.0100902 0.0121361 0.0101144 0.00952744 0.00902702 0.00946422 0.00874061 
0.00963458 0.0105404 0.0169285 0.0183883 0.0139209 0.00886778 0.00848061 0.00882098 0.00864745 0.00889457 0.00831451 0.00813803 0.00787393 0.0215725 0.0988806 0.743481 0.00772148 0.00674843 0.00488694 0.00442486 0.00396284 0.00359941 0.00360708 0.00354222 0.00358769 0 0.00350177 0.0035291 0.00379572 0.00356028 0.00836125 0.00986459 0.00940333 0.0111243 0.0145229 0.0124315 0.0143938 0.00880328 0.0088177 0.00908029 0.0085608 
0.00892199 0.0122225 0.0132217 0.0217708 0.0116694 0.00904244 0.00848634 0.0086577 0.00908331 0.00857716 0.00839693 0.00776381 0.0163225 0.0628436 0.785091 0.00749574 0.00785837 0.00609772 0.00562678 0.00486126 0.00376583 0.00370407 0.0035954 0.00725338 0.0035555 0.00350177 0 0.00352303 0.00351164 0.00352656 0.00800448 0.00897169 0.0166329 0.0105288 0.0136092 0.0199482 0.0111822 0.0103734 0.0102304 0.00882303 0.00877592 
0.00992323 0.0106962 0.0331639 0.0178242 0.0107291 0.00909073 0.00863079 0.00889618 0.00893082 0.00890578 0.00853103 0.0112588 0.0438329 0.834032 0.00770616 0.0123118 0.00649124 0.00687924 0.00546768 0.00514052 0.00405047 0.00370269 0.00637208 0.00349754 0.0035412 0.0035291 0.00352303 0 0.00367617 0.00353939 0.00889285 0.0135595 0.0211997 0.00858946 0.0195877 0.0149924 0.0147307 0.0094884 0.00873522 0.0101224 0.00899056 
0.00920821 0.0256096 0.0118401 0.012434 0.0136057 0.00887214 0.00877733 0.00961871 0.00861295 0.00971342 0.00853391 0.0845438 0.816459 0.00886512 0.00949803 0.00721412 0.00752947 0.00649051 0.00608718 0.00546871 0.00513905 0.00777403 0.00364667 0.00373825 0.00374466 0.00379572 0.00351164 0.00367617 0 0.00648064 0.0170976 0.0685466 0.0117683 0.0125617 0.0186179 0.0145799 0.0116044 0.0105608 0.0101015 0.0102804 0.00931885 
0.012194 0.00906267 0.00976858 0.00935802 0.00947129 0.00960809 0.012367 0.00865571 0.00852785 0.00849464 0.0101547 0.74334 0.00976854 0.0189479 0.00790815 0.00882102 0.00728965 0.00703409 0.00610438 0.00573968 0.0136918 0.00437124 0.00399161 0.00377988 0.0037236 0.00356028 0.00352656 0.00353939 0.00648064 0 0.0370956 0.0132229 0.0132489 0.0113402 0.0111553 0.00912667 0.0143933 0.0115989 0.0119712 0.00889648 0.00884713 
0.0117586 0.0107231 0.0114969 0.0102655 0.010767 0.0159387 0.00992356 0.00952104 0.00905315 0.00879612 0.0218119 0.0139609 0.0105879 0.0129323 0.0099177 0.00961604 0.00925026 0.0087478 0.00871452 0.0154193 0.00906745 0.00920759 0.00991113 0.00867571 0.00812938 0.00836125 0.00800448 0.00889285 0.0170976 0.0370956 0 0.00354499 0.00368203 0.00762547 0.0164011 0.0154796 0.0285803 0.0228693 0.0220155 0.00944949 0.0387111 
0.00897155 0.0130799 0.0100731 0.0105518 0.0148748 0.00951437 0.00904948 0.0098841 0.00871469 0.0112928 0.00915472 0.0106164 0.0229953 0.0110083 0.0113826 0.00987946 0.0090457 0.00872195 0.0134697 0.0086996 0.0092263 0.0122718 0.00943179 0.0108241 0.00861365 0.00986459 0.00897169 0.0135595 0.0685466 0.0132229 0.00354499 0 0.0036095 0.0129882 0.0300616 0.0400581 0.023214 0.00651318 0.00875618 0.199221 0.00873487 
0.0122698 0.0096134 0.00950415 0.00952387 0.00958585 0.0104798 0.0143822 0.00891806 0.00921944 0.0086455 0.00979309 0.030036 0.0103592 0.0118079 0.0100894 0.00966251 0.00938296 0.00977317 0.00831708 0.00941604 0.0210842 0.0107817 0.00953697 0.0103604 0.0100848 0.00940333 0.0166329 0.0211997 0.0117683 0.0132489 0.00368203 0.0036095 0 0.0472997 0.0138155 0.00938243 0.00625613 0.00914117 0.042059 0.00860442 0.0106985 
0.00899076 0.00958586 0.00935806 0.00949934 0.0104802 0.0142943 0.00899633 0.00908033 0.0086945 0.0087466 0.0133253 0.0113915 0.0120788 0.0101455 0.0110149 0.00936827 0.0143575 0.00947539 0.00950041 0.0133139 0.00973959 0.0103981 0.0110289 0.0118838 0.010111 0.0111243 0.0105288 0.00858946 0.0125617 0.0113402 0.00762547 0.0129882 0.0472997 0 0.00358159 0.00356136 0.00357321 0.00449878 0.00745906 0.00765282 0.0455609 
0.00884437 0.0114162 0.0165658 0.0200034 0.0182788 0.00944674 0.00856282 0.00896657 0.00897922 0.0103128 0.00880739 0.0115139 0.0138642 0.0231233 0.0195867 0.0314914 0.00987114 0.0109298 0.0113118 0.00887873 0.00927556 0.00930662 0.014089 0.0100243 0.0100902 0.0145229 0.0136092 0.0195877 0.0186179 0.0111553 0.0164011 0.0300616 0.0138155 0.00358159 0 0.00359907 0.00354244 0.0035297 0.00597463 0.0303834 0.0236027 
0.00904862 0.013122 0.0300893 0.0384007 0.0135141 0.0094841 0.00852681 0.00912064 0.0144672 0.00923858 0.00895444 0.0101818 0.0222267 0.0244635 0.0871226 0.0149559 0.0211348 0.0116582 0.00948966 0.00886236 0.00853124 0.0113029 0.0100558 0.0176526 0.0121361 0.0124315 0.0199482 0.0149924 0.0145799 0.00912667 0.0154796 0.0400581 0.00938243 0.00356136 0.00359907 0 0.00353357 0.0035284 0.0144897 0.00849928 0.0308353 
0.0103945 0.0115989 0.0165135 0.0144408 0.0138063 0.00984885 0.00901365 0.0112159 0.00894032 0.00970566 0.0090004 0.0124528 0.0184253 0.0733285 0.011174 0.0194179 0.0101475 0.011216 0.00979901 0.00877833 0.0137058 0.0105518 0.0135367 0.00947518 0.0101144 0.0143938 0.0111822 0.0147307 0.0116044 0.0143933 0.0285803 0.023214 0.00625613 0.00357321 0.00354244 0.00353357 0 0.00356806 0.0101685 0.057983 0.00929114 
0.00998388 0.00964225 0.00921924 0.00923336 0.00937078 0.00905782 0.0119713 0.00859321 0.00870628 0.00849533 0.00903844 0.0156514 0.0313389 0.00996246 0.0130514 0.00925779 0.0097686 0.00902577 0.00851074 0.00953529 0.0120779 0.0117524 0.00882291 0.0110544 0.00952744 0.00880328 0.0103734 0.0094884 0.0105608 0.0115989 0.0228693 0.00651318 0.00914117 0.00449878 0.0035297 0.0035284 0.00356806 0 0.0378174 0.0113004 0.00901908 
0.00857044 0.00903424 0.00896472 0.00898189 0.00998002 0.0130367 0.00894214 0.00856463 0.00888288 0.00859061 0.0150814 0.0129622 0.00963906 0.00951651 0.00977004 0.00901347 0.0108083 0.00899556 0.00886027 0.0192991 0.00930658 0.0142667 0.00889609 0.0163706 0.00902702 0.0088177 0.0102304 0.00873522 0.0101015 0.0119712 0.0220155 0.00875618 0.042059 0.00745906 0.00597463 0.0144897 0.0101685 0.0378174 0 0.00358036 0.00478413 
0.00863728 0.00870507 0.00885041 0.00871541 0.0101515 0.00856117 0.00846079 0.00881588 0.0082632 0.00894399 0.00828267 0.00947482 0.0122475 0.0101403 0.00919766 0.00910802 0.00864402 0.00880839 0.00946569 0.00847858 0.0104557 0.00948466 0.0121969 0.00898787 0.00946422 0.00908029 0.00882303 0.0101224 0.0102804 0.00889648 0.00944949 0.199221 0.00860442 0.00765282 0.0303834 0.00849928 0.057983 0.0113004 0.00358036 0 0.00365122 
0.009068 0.00880987 0.00858916 0.00845797 0.00857431 0.00872662 0.0106906 0.00855369 0.0085657 0.0082792 0.00870865 0.0144393 0.00973216 0.00930743 0.00897929 0.00869972 0.00870768 0.00862254 0.00832266 0.00888205 0.0133618 0.0103194 0.00873333 0.00954081 0.00874061 0.0085608 0.00877592 0.00899056 0.00931885 0.00884713 0.0387111 0.00873487 0.0106985 0.0455609 0.0236027 0.0308353 0.00929114 0.00901908 0.00478413 0.00365122 0 
