1BYLA
FMAKLTSAVPVLTARDVAGAVEFWTDRLGFSRDFVEDDFAGVVRDDVTLFISAVQDQVVPDNTLAWVWVRGLDELYAEWSEVVSTNFRDASGPAMTEIGEQPWGREFALRDPAGNCVHFVAE
CCCCCCCCCCEEEECCHHHHHHHHHHCCCCEEEEECCCEEEEEECCEEEEEEECCCCCCHHHCEEEEEECCHHHHHHHHHCCCECCCCCCCCCEECCCEEECCEEEEEEECCCCCEEEEEEC
0 0 0 0 0 0 0 0 0 0 0 0 0 0 0 0 0 0 0 0 0 0 0 0 0 0 0 0 0 0 0 0 0 0 0 0 0 0 0 0 0 0 0 0 0 0 0 0 0 0 0 0 0 0 0 0 0 0 0 0 0 0 0 0 0 0 0 0 0 0 0 0 0 0 0 0 0 0 0 0 0 0 0 0 0 0 0 0 0 0 0 0 0 0 0 0 0 0 0 0 0 0 0 0 0 0 0 0 0 0 0 0 0 0 0 0 0 0 0 0 0 0 
0 0 0 0 0 0 0 0 0 0 0 0 0 0 0 0 0 0 0 0 0 0 0 0 0 0 0 0 0 0 0 0 0 0 0 0 0 0 0 0 0 0 0 0 0 0 0 0 0 0 0 0 0 0 0 0 0 0 0 0 0 0 0 0 0 0 0 0 0 0 0 0 0 0 0 0 0 0 0 0 0 0 0 0 0 0 0 0 0 0 0 0 0 0 0 0 0 0 0 0 0 0 0 0 0 0 0 0 0 0 0 0 0 0 0 0 0 0 0 0 0 0 
0 0.00374032 0.00366633 0.00393957 0.0965219 0.0114977 0.0119563 0.0122392 0.0390171 0.0241883 0.0123615 0.0144541 0.0130696 0.0129906 0.0219151 0.0154828 0.0162869 0.0108276 0.0189052 0.00979793 0.0131654 0.0156281 0.0135042 0.0098862 0.0121359 0.00972674 0.0115523 0.0138244 0.0127572 0.0089149 0.00921924 0.00854194 0.0082597 0.00876844 0.00855522 0.00821299 0.0085708 0.00922048 0.00958809 0.00913569 0.0123444 0.00929343 0.00861017 0.0093751 0.00927286 0.00899235 0.0102531 
0.00374032 0 0.0036858 0.00357036 0.00983779 0.0979348 0.0173887 0.025681 0.00991014 0.0108279 0.0354064 0.0139387 0.0299413 0.0149973 0.011261 0.0139918 0.0105067 0.0455746 0.00935596 0.0311873 0.00983074 0.0107206 0.0089642 0.0331916 0.00969074 0.0281523 0.010133 0.0122695 0.00872221 0.00856497 0.00870752 0.008182 0.00850633 0.00810043 0.0083735 0.0085059 0.00912442 0.0103984 0.0106245 0.0117432 0.00872372 0.00850346 0.00979919 0.0103751 0.0114576 0.00927463 0.00881907 
0.00366633 0.0036858 0 0.00354711 0.0317062 0.0104717 0.0264266 0.0272245 0.0130807 0.015957 0.0104986 0.022255 0.0163157 0.0238146 0.0105054 0.0101998 0.0303684 0.00917869 0.0384399 0.00904406 0.0283323 0.00911931 0.0160355 0.0094615 0.0310768 0.00928788 0.0353082 0.00874835 0.010499 0.00959467 0.00852905 0.00903909 0.00876358 0.00820067 0.00849741 0.00896065 0.00915769 0.00919298 0.0136408 0.0100076 0.00902318 0.00886962 0.00914974 0.0131536 0.0132879 0.0097769 0.00866314 
0.00393957 0.00357036 0.00354711 0 0.0223712 0.0226935 0.00875809 0.0143162 0.0528941 0.0142907 0.0141831 0.00965619 0.0149073 0.010413 0.0270666 0.0302885 0.00884419 0.0170167 0.00887922 0.0152142 0.0087416 0.0147012 0.0138587 0.013603 0.00864572 0.0124585 0.00858097 0.0231096 0.0116952 0.0114148 0.00943863 0.0096811 0.00833244 0.0081084 0.0127942 0.00839749 0.00851862 0.00922635 0.00875908 0.00942653 0.00928591 0.0102711 0.00944572 0.00866369 0.00939658 0.00866771 0.00895811 
0.0965219 0.00983779 0.0317062 0.0223712 0 0.00360037 0.00362464 0.00576353 0.00631476 0.00555665 0.00555993 0.00948026 0.00986248 0.446238 0.157654 0.00790461 0.0116868 0.00769134 0.0123588 0.00790072 0.0202312 0.0122526 0.0119688 0.00859864 0.0118834 0.00840792 0.0153618 0.0107816 0.0133968 0.00897451 0.0089446 0.00852777 0.00849266 0.00893541 0.00818688 0.00811403 0.00834448 0.00834798 0.00877114 0.00858769 0.0137115 0.00847975 0.0082226 0.00854231 0.00841727 0.00851935 0.00998386 
0.0114977 0.0979348 0.0104717 0.0226935 0.00360037 0 0.0036789 0.00420721 0.00472987 0.00398169 0.00546235 0.00777532 0.383951 0.100704 0.0071319 0.00802848 0.00706455 0.0101921 0.00764717 0.0151022 0.00819271 0.00960501 0.00833312 0.0132415 0.00843707 0.0152849 0.00864398 0.00983104 0.00860466 0.00845554 0.00850041 0.00816302 0.00856583 0.00818648 0.0084581 0.0082811 0.00843431 0.0096107 0.00856693 0.0093382 0.00839156 0.00828812 0.00875628 0.00860338 0.00895424 0.00860516 0.00843769 
0.0119563 0.0173887 0.0264266 0.00875809 0.00362464 0.0036789 0 0.00353594 0.00355411 0.00389554 0.00475375 0.10179 0.0901446 0.00808355 0.00560819 0.00645577 0.00749858 0.00752017 0.0115728 0.00786871 0.00909599 0.00817734 0.00900703 0.00857125 0.0187837 0.00866712 0.0101318 0.00841052 0.00864818 0.00822017 0.00827229 0.00830323 0.0081481 0.00817921 0.00836885 0.0082246 0.00875796 0.00877348 0.0108877 0.00866299 0.00844809 0.00825279 0.0084122 0.0111889 0.00897731 0.00846029 0.00834574 
0.0122392 0.025681 0.0272245 0.0143162 0.00576353 0.00420721 0.00353594 0 0.00366833 0.00423215 0.0426194 0.3748 0.00706033 0.00627828 0.00585469 0.00827003 0.00846506 0.00958812 0.00889254 0.00862783 0.00943945 0.00875293 0.00962714 0.0113704 0.00965171 0.00942995 0.00988647 0.00891603 0.00922207 0.0087815 0.00847277 0.00855777 0.00865078 0.00807184 0.00847862 0.00857845 0.00845475 0.00890419 0.00867632 0.00925106 0.00834078 0.00831308 0.00890905 0.00884133 0.0089185 0.00871937 0.00834842 
0.0390171 0.00991014 0.0130807 0.0528941 0.00631476 0.00472987 0.00355411 0.00366833 0 0.0744958 0.31942 0.00400191 0.00421881 0.00597988 0.00567489 0.0112874 0.00925414 0.00945297 0.00770716 0.0104978 0.00865913 0.0173029 0.0152752 0.00965867 0.00871113 0.00949973 0.00884041 0.0146179 0.0119729 0.0107031 0.00873488 0.0100837 0.00824877 0.00822945 0.0117173 0.00817381 0.00834127 0.00861615 0.00861809 0.00863288 0.00938102 0.0103433 0.00844054 0.00837339 0.00860474 0.00849282 0.00875204 
0.0241883 0.0108279 0.015957 0.0142907 0.00555665 0.00398169 0.00389554 0.00423215 0.0744958 0 0.00357527 0.00356025 0.00361172 0.00373205 0.00432131 0.00484894 0.00650519 0.00585235 0.00823086 0.00913036 0.759993 0.0362503 0.0114761 0.00877202 0.011642 0.00856184 0.0116407 0.0142421 0.0160835 0.00913389 0.0100295 0.00896059 0.00869009 0.00978047 0.00866827 0.00840033 0.00890721 0.00934378 0.009538 0.00942337 0.0162449 0.00970284 0.00871476 0.00931213 0.00925918 0.00941866 0.0123306 
0.0123615 0.0354064 0.0104986 0.0141831 0.00555993 0.00546235 0.00475375 0.0426194 0.31942 0.00357527 0 0.00352974 0.00353892 0.00364573 0.00406824 0.004882 0.00478894 0.00711974 0.00776665 0.903436 0.0135738 0.00899898 0.0086646 0.0230577 0.00924828 0.0161491 0.0102871 0.012743 0.00988024 0.00927176 0.00904483 0.00856269 0.0089556 0.00840637 0.00852765 0.00894147 0.00932487 0.0127575 0.0129067 0.0155563 0.00996388 0.00924734 0.0122294 0.0116443 0.0124768 0.0105942 0.00942327 
0.0144541 0.0139387 0.022255 0.00965619 0.00948026 0.00777532 0.10179 0.3748 0.00400191 0.00356025 0.00352974 0 0.00353593 0.00354605 0.00369889 0.00411495 0.00772579 0.00675976 0.957329 0.0167752 0.00989314 0.00704895 0.0119761 0.0102123 0.0312393 0.0130022 0.0178053 0.0094986 0.00926641 0.00910024 0.00881936 0.00902075 0.00863187 0.00849096 0.00881784 0.0107743 0.0159597 0.0193982 0.0390438 0.0138824 0.0105661 0.00975629 0.0142175 0.0443886 0.0246498 0.0115347 0.0108468 
0.0130696 0.0299413 0.0163157 0.0149073 0.00986248 0.383951 0.0901446 0.00706033 0.00421881 0.00361172 0.00353892 0.00353593 0 0.0035278 0.00354592 0.00431114 0.00527442 0.937563 0.0214467 0.0102699 0.00701104 0.00700179 0.00895048 0.0206353 0.0128332 0.0321999 0.0120124 0.0124858 0.00884256 0.00905414 0.00924358 0.00869947 0.00870342 0.00839015 0.00883499 0.0103936 0.0165628 0.0354685 0.0316887 0.0209524 0.0112627 0.009789 0.0199022 0.0420383 0.0359217 0.0129363 0.013131 
0.0129906 0.0149973 0.0238146 0.010413 0.446238 0.100704 0.00808355 0.00627828 0.00597988 0.00373205 0.00364573 0.00354605 0.0035278 0 0.0035778 0.00844765 0.98013 0.00681062 0.00620853 0.00634384 0.0069458 0.00707895 0.0102528 0.0115524 0.0186262 0.0113193 0.0152805 0.00969322 0.0103219 0.0106917 0.00952832 0.00945818 0.00937291 0.0083491 0.00925021 0.00984512 0.0104825 0.010654 0.0150637 0.0161013 0.00990249 0.0093889 0.0133291 0.0160283 0.0134464 0.0115357 0.0101342 
0.0219151 0.011261 0.0105054 0.0270666 0.157654 0.0071319 0.00560819 0.00585469 0.00567489 0.00432131 0.00406824 0.00369889 0.00354592 0.0035778 0 0.987214 0.00497104 0.00495526 0.00399122 0.00470822 0.00519258 0.0061859 0.012439 0.0106211 0.00921296 0.0101756 0.00940793 0.0161396 0.0154855 0.0147747 0.0100758 0.0149914 0.00855385 0.00838237 0.0177994 0.00912702 0.00929188 0.00964226 0.00996356 0.0100008 0.0110635 0.0201092 0.00986717 0.00933864 0.00961823 0.00918744 0.0108078 
0.0154828 0.0139918 0.0101998 0.0302885 0.00790461 0.00802848 0.00645577 0.00827003 0.0112874 0.00484894 0.004882 0.00411495 0.00431114 0.00844765 0.987214 0 0.00358511 0.00384289 0.00358623 0.00414415 0.00418232 0.00634434 0.00734416 0.0106285 0.00845347 0.0148658 0.00884568 0.0851635 0.0153794 0.00932901 0.0130672 0.00939928 0.00911387 0.0102713 0.0112105 0.00857221 0.00900808 0.010902 0.00937949 0.0102687 0.0163961 0.00956824 0.00912392 0.00891513 0.0100512 0.00956779 0.0141607 
0.0162869 0.0105067 0.0303684 0.00884419 0.0116868 0.00706455 0.00749858 0.00846506 0.00925414 0.00650519 0.00478894 0.00772579 0.00527442 0.98013 0.00497104 0.00358511 0 0.00355168 0.00370935 0.00353984 0.00486159 0.0037203 0.00969053 0.00862019 0.0222023 0.00820363 0.127391 0.00987562 0.011786 0.0100424 0.00868771 0.0101483 0.00899898 0.00853175 0.00878874 0.0101574 0.0100707 0.00954701 0.0185804 0.0100064 0.0106844 0.00906958 0.00921369 0.0215127 0.0090935 0.0110348 0.00893692 
0.0108276 0.0455746 0.00917869 0.0170167 0.00769134 0.0101921 0.00752017 0.00958812 0.00945297 0.00585235 0.00711974 0.00675976 0.937563 0.00681062 0.00495526 0.00384289 0.00355168 0 0.00354566 0.00399519 0.0035631 0.00380272 0.00704816 0.0202898 0.00847286 0.13711 0.0101315 0.0263772 0.00966966 0.00889872 0.0101332 0.00894993 0.00888264 0.00853706 0.011568 0.00902112 0.0115169 0.0310254 0.0122433 0.0163651 0.00922427 0.00905122 0.0164475 0.0118791 0.0408357 0.0101693 0.0107328 
0.0189052 0.00935596 0.0384399 0.00887922 0.0123588 0.00764717 0.0115728 0.00889254 0.00770716 0.00823086 0.00776665 0.957329 0.0214467 0.00620853 0.00399122 0.00358623 0.00370935 0.00354566 0 0.00354701 0.00365801 0.00358158 0.00974588 0.00857794 0.173031 0.00938613 0.0563699 0.00848959 0.0119855 0.0101057 0.00871382 0.0105757 0.00875239 0.00871124 0.00861427 0.0105652 0.0136951 0.0112217 0.0384367 0.0100921 0.0101352 0.00961791 0.00955665 0.0685348 0.0133892 0.012316 0.00928451 
0.00979793 0.0311873 0.00904406 0.0152142 0.00790072 0.0151022 0.00786871 0.00862783 0.0104978 0.00913036 0.903436 0.0167752 0.0102699 0.00634384 0.00470822 0.00414415 0.00353984 0.00399519 0.00354701 0 0.00351967 0.00354813 0.0067235 0.0801312 0.00838973 0.0891449 0.00822393 0.015376 0.00892167 0.00883661 0.00937516 0.00869791 0.00870502 0.00840559 0.0104886 0.00889797 0.0104334 0.0215679 0.0104718 0.0126851 0.00916752 0.00880977 0.0163569 0.011599 0.0256465 0.00917282 0.0100987 
0.0131654 0.00983074 0.0283323 0.0087416 0.0202312 0.00819271 0.00909599 0.00943945 0.00865913 0.759993 0.0135738 0.00989314 0.00701104 0.0069458 0.00519258 0.00418232 0.00486159 0.0035631 0.00365801 0.00351967 0 0.00355564 0.067558 0.00868219 0.0390903 0.00775765 0.0184368 0.00783254 0.0107375 0.0110544 0.00877456 0.00993665 0.00884222 0.00844159 0.00912044 0.0100746 0.00962614 0.00925518 0.0141641 0.0101056 0.00938799 0.010161 0.00969417 0.0145532 0.00921121 0.0104921 0.00888129 
0.0156281 0.0107206 0.00911931 0.0147012 0.0122526 0.00960501 0.00817734 0.00875293 0.0173029 0.0362503 0.00899898 0.00704895 0.00700179 0.00707895 0.0061859 0.00634434 0.0037203 0.00380272 0.00358158 0.00354813 0.00355564 0 0.0113081 0.0140676 0.00729437 0.0082523 0.0070102 0.0149864 0.0123592 0.0121497 0.0093855 0.0116386 0.0084904 0.00832839 0.0150637 0.00850589 0.00881362 0.0096104 0.00903236 0.00986969 0.00959136 0.0140808 0.00904301 0.00877657 0.00930603 0.00895178 0.0101897 
0.0135042 0.0089642 0.0160355 0.0138587 0.0119688 0.00833312 0.00900703 0.00962714 0.0152752 0.0114761 0.0086646 0.0119761 0.00895048 0.0102528 0.012439 0.00734416 0.00969053 0.00704816 0.00974588 0.0067235 0.067558 0.0113081 0 0.00355982 0.00358138 0.00354437 0.00395272 0.00380636 0.0208989 0.0119513 0.0108998 0.00990518 0.00866665 0.0123877 0.00891146 0.00907337 0.00973325 0.00951867 0.0106967 0.00990871 0.0318 0.0164903 0.00898798 0.0108892 0.00923598 0.0102222 0.0201073 
0.0098862 0.0331916 0.0094615 0.013603 0.00859864 0.0132415 0.00857125 0.0113704 0.00965867 0.00877202 0.0230577 0.0102123 0.0206353 0.0115524 0.0106211 0.0106285 0.00862019 0.0202898 0.00857794 0.0801312 0.00868219 0.0140676 0.00355982 0 0.00352141 0.00358636 0.00358528 0.00398215 0.00959953 0.0100565 0.0110611 0.00879239 0.0104729 0.00833046 0.00976519 0.00953571 0.0100488 0.0210608 0.0124577 0.0365218 0.00988329 0.00934732 0.0303494 0.0107689 0.0242114 0.012921 0.0104492 
0.0121359 0.00969074 0.0310768 0.00864572 0.0118834 0.00843707 0.0187837 0.00965171 0.00871113 0.011642 0.00924828 0.0312393 0.0128332 0.0186262 0.00921296 0.00845347 0.0222023 0.00847286 0.173031 0.00838973 0.0390903 0.00729437 0.00358138 0.00352141 0 0.00353046 0.00358969 0.00352652 0.00949783 0.0106745 0.0087767 0.0116592 0.00872741 0.00861333 0.00877721 0.0116726 0.0145593 0.0125977 0.0715909 0.010051 0.00984022 0.0100045 0.0103496 0.124823 0.0141493 0.0129207 0.0100871 
0.00972674 0.0281523 0.00928788 0.0124585 0.00840792 0.0152849 0.00866712 0.00942995 0.00949973 0.00856184 0.0161491 0.0130022 0.0321999 0.0113193 0.0101756 0.0148658 0.00820363 0.13711 0.00938613 0.0891449 0.00775765 0.0082523 0.00354437 0.00358636 0.00353046 0 0.00351498 0.0037683 0.00813501 0.00898596 0.0100859 0.00861075 0.00884201 0.0082744 0.0102452 0.00917634 0.0147445 0.0447861 0.0117219 0.0184272 0.00914339 0.00961923 0.0287824 0.0153872 0.0721949 0.0105337 0.0136598 
0.0115523 0.010133 0.0353082 0.00858097 0.0153618 0.00864398 0.0101318 0.00988647 0.00884041 0.0116407 0.0102871 0.0178053 0.0120124 0.0152805 0.00940793 0.00884568 0.127391 0.0101315 0.0563699 0.00822393 0.0184368 0.0070102 0.00395272 0.00358528 0.00358969 0.00351498 0 0.00351783 0.0120206 0.015215 0.00991202 0.0122319 0.00961798 0.00852246 0.00917875 0.0164893 0.012066 0.00961992 0.0234529 0.0105441 0.0106413 0.0105444 0.0114819 0.0362027 0.0108428 0.0197069 0.0105531 
0.0138244 0.0122695 0.00874835 0.0231096 0.0107816 0.00983104 0.00841052 0.00891603 0.0146179 0.0142421 0.012743 0.0094986 0.0124858 0.00969322 0.0161396 0.0851635 0.00987562 0.0263772 0.00848959 0.015376 0.00783254 0.0149864 0.00380636 0.00398215 0.00352652 0.0037683 0.00351783 0 0.0341915 0.0131133 0.0237422 0.012239 0.00931809 0.00874241 0.0308371 0.00895304 0.0090698 0.0117624 0.00929704 0.0136239 0.0123314 0.014804 0.0115358 0.00924404 0.0116631 0.0100522 0.0203071 
0.0127572 0.00872221 0.010499 0.0116952 0.0133968 0.00860466 0.00864818 0.00922207 0.0119729 0.0160835 0.00988024 0.00926641 0.00884256 0.0103219 0.0154855 0.0153794 0.011786 0.00966966 0.0119855 0.00892167 0.0107375 0.0123592 0.0208989 0.00959953 0.00949783 0.00813501 0.0120206 0.0341915 0 0.471711 0.0186569 0.0138553 0.00898124 0.0124613 0.0117335 0.00846933 0.00932631 0.00970798 0.00959211 0.0114891 0.0234154 0.0146631 0.00966231 0.00925717 0.00924456 0.0102171 0.0143851 
0.0089149 0.00856497 0.00959467 0.0114148 0.00897451 0.00845554 0.00822017 0.0087815 0.0107031 0.00913389 0.00927176 0.00910024 0.00905414 0.0106917 0.0147747 0.00932901 0.0100424 0.00889872 0.0101057 0.00883661 0.0110544 0.0121497 0.0119513 0.0100565 0.0106745 0.00898596 0.015215 0.0131133 0.471711 0 0.00359413 0.00392542 0.011277 0.020411 0.00555164 0.00740646 0.00711156 0.00835336 0.0423481 0.0160093 0.0411566 0.0096912 0.00979102 0.00958914 0.00977526 0.0125497 0.0231699 
0.00921924 0.00870752 0.00852905 0.00943863 0.0089446 0.00850041 0.00827229 0.00847277 0.00873488 0.0100295 0.00904483 0.00881936 0.00924358 0.00952832 0.0100758 0.0130672 0.00868771 0.0101332 0.00871382 0.00937516 0.00877456 0.0093855 0.0108998 0.0110611 0.0087767 0.0100859 0.00991202 0.0237422 0.0186569 0.00359413 0 0.0575892 0.00592897 0.00432771 0.00769458 0.00612502 0.00686124 0.0457131 0.0103832 0.0134404 0.00999479 0.0129395 0.00955726 0.0093581 0.00990285 0.0191282 0.0132973 
0.00854194 0.008182 0.00903909 0.0096811 0.00852777 0.00816302 0.00830323 0.00855777 0.0100837 0.00896059 0.00856269 0.00902075 0.00869947 0.00945818 0.0149914 0.00939928 0.0101483 0.00894993 0.0105757 0.00869791 0.00993665 0.0116386 0.00990518 0.00879239 0.0116592 0.00861075 0.0122319 0.012239 0.0138553 0.00392542 0.0575892 0 0.00360511 0.00408898 0.00396325 0.0052316 0.809457 0.0117029 0.00661099 0.00638598 0.0189027 0.00792743 0.00757303 0.0102164 0.00953402 0.00932003 0.0228047 
0.0082597 0.00850633 0.00876358 0.00833244 0.00849266 0.00856583 0.0081481 0.00865078 0.00824877 0.00869009 0.0089556 0.00863187 0.00870342 0.00937291 0.00855385 0.00911387 0.00899898 0.00888264 0.00875239 0.00870502 0.00884222 0.0084904 0.00866665 0.0104729 0.00872741 0.00884201 0.00961798 0.00931809 0.00898124 0.011277 0.00592897 0.00360511 0 0.00362117 0.00364147 0.848993 0.00409324 0.00539326 0.004761 0.0128194 0.00536019 0.00713157 0.0106331 0.00952812 0.00855437 0.0130244 0.00860108 
0.00876844 0.00810043 0.00820067 0.0081084 0.00893541 0.00818648 0.00817921 0.00807184 0.00822945 0.00978047 0.00840637 0.00849096 0.00839015 0.0083491 0.00838237 0.0102713 0.00853175 0.00853706 0.00871124 0.00840559 0.00844159 0.00832839 0.0123877 0.00833046 0.00861333 0.0082744 0.00852246 0.00874241 0.0124613 0.020411 0.00432771 0.00408898 0.00362117 0 0.941732 0.00402723 0.00430991 0.0036945 0.00416095 0.00402569 0.00500438 0.00776667 0.00671415 0.00723827 0.00808949 0.00736178 0.00781209 
0.00855522 0.0083735 0.00849741 0.0127942 0.00818688 0.0084581 0.00836885 0.00847862 0.0117173 0.00866827 0.00852765 0.00881784 0.00883499 0.00925021 0.0177994 0.0112105 0.00878874 0.011568 0.00861427 0.0104886 0.00912044 0.0150637 0.00891146 0.00976519 0.00877721 0.0102452 0.00917875 0.0308371 0.0117335 0.00555164 0.00769458 0.00396325 0.00364147 0.941732 0 0.00350545 0.00355854 0.00378232 0.00364044 0.00378968 0.00507264 0.00646583 0.00647685 0.00756343 0.00877454 0.012271 0.0761616 
0.00821299 0.0085059 0.00896065 0.00839749 0.00811403 0.0082811 0.0082246 0.00857845 0.00817381 0.00840033 0.00894147 0.0107743 0.0103936 0.00984512 0.00912702 0.00857221 0.0101574 0.00902112 0.0105652 0.00889797 0.0100746 0.00850589 0.00907337 0.00953571 0.0116726 0.00917634 0.0164893 0.00895304 0.00846933 0.00740646 0.00612502 0.0052316 0.848993 0.00402723 0.00350545 0 0.00352273 0.00355116 0.00358512 0.0041757 0.00368754 0.00671973 0.00702052 0.00724325 0.00957957 0.0258015 0.411757 
0.0085708 0.00912442 0.00915769 0.00851862 0.00834448 0.00843431 0.00875796 0.00845475 0.00834127 0.00890721 0.00932487 0.0159597 0.0165628 0.0104825 0.00929188 0.00900808 0.0100707 0.0115169 0.0136951 0.0104334 0.00962614 0.00881362 0.00973325 0.0100488 0.0145593 0.0147445 0.012066 0.0090698 0.00932631 0.00711156 0.00686124 0.809457 0.00409324 0.00430991 0.00355854 0.00352273 0 0.00360829 0.00365139 0.00357898 0.00366212 0.00829047 0.00640506 0.00978944 0.0175235 0.795058 0.036253 
0.00922048 0.0103984 0.00919298 0.00922635 0.00834798 0.0096107 0.00877348 0.00890419 0.00861615 0.00934378 0.0127575 0.0193982 0.0354685 0.010654 0.00964226 0.010902 0.00954701 0.0310254 0.0112217 0.0215679 0.00925518 0.0096104 0.00951867 0.0210608 0.0125977 0.0447861 0.00961992 0.0117624 0.00970798 0.00835336 0.0457131 0.0117029 0.00539326 0.0036945 0.00378232 0.00355116 0.00360829 0 0.00355631 0.00353391 0.0039111 0.00647416 0.00888516 0.00984823 0.922356 0.019529 0.0190185 
0.00958809 0.0106245 0.0136408 0.00875908 0.00877114 0.00856693 0.0108877 0.00867632 0.00861809 0.009538 0.0129067 0.0390438 0.0316887 0.0150637 0.00996356 0.00937949 0.0185804 0.0122433 0.0384367 0.0104718 0.0141641 0.00903236 0.0106967 0.0124577 0.0715909 0.0117219 0.0234529 0.00929704 0.00959211 0.0423481 0.0103832 0.00661099 0.004761 0.00416095 0.00364044 0.00358512 0.00365139 0.00355631 0 0.00353811 0.00356083 0.00747727 0.00779716 0.962521 0.0265146 0.0119834 0.0120766 
0.00913569 0.0117432 0.0100076 0.00942653 0.00858769 0.0093382 0.00866299 0.00925106 0.00863288 0.00942337 0.0155563 0.0138824 0.0209524 0.0161013 0.0100008 0.0102687 0.0100064 0.0163651 0.0100921 0.0126851 0.0101056 0.00986969 0.00990871 0.0365218 0.010051 0.0184272 0.0105441 0.0136239 0.0114891 0.0160093 0.0134404 0.00638598 0.0128194 0.00402569 0.00378968 0.0041757 0.00357898 0.00353391 0.00353811 0 0.00358559 0.00708637 0.966528 0.0231082 0.0156616 0.0212904 0.0150172 
0.0123444 0.00872372 0.00902318 0.00928591 0.0137115 0.00839156 0.00844809 0.00834078 0.00938102 0.0162449 0.00996388 0.0105661 0.0112627 0.00990249 0.0110635 0.0163961 0.0106844 0.00922427 0.0101352 0.00916752 0.00938799 0.00959136 0.0318 0.00988329 0.00984022 0.00914339 0.0106413 0.0123314 0.0234154 0.0411566 0.00999479 0.0189027 0.00536019 0.00500438 0.00507264 0.00368754 0.00366212 0.0039111 0.00356083 0.00358559 0 0.993675 0.0225461 0.0105692 0.00665049 0.00932971 0.0162602 
0.00929343 0.00850346 0.00886962 0.0102711 0.00847975 0.00828812 0.00825279 0.00831308 0.0103433 0.00970284 0.00924734 0.00975629 0.009789 0.0093889 0.0201092 0.00956824 0.00906958 0.00905122 0.00961791 0.00880977 0.010161 0.0140808 0.0164903 0.00934732 0.0100045 0.00961923 0.0105444 0.014804 0.0146631 0.0096912 0.0129395 0.00792743 0.00713157 0.00776667 0.00646583 0.00671973 0.00829047 0.00647416 0.00747727 0.00708637 0.993675 0 0.00370339 0.00356816 0.00358837 0.00369711 0.0097292 
0.00861017 0.00979919 0.00914974 0.00944572 0.0082226 0.00875628 0.0084122 0.00890905 0.00844054 0.00871476 0.0122294 0.0142175 0.0199022 0.0133291 0.00986717 0.00912392 0.00921369 0.0164475 0.00955665 0.0163569 0.00969417 0.00904301 0.00898798 0.0303494 0.0103496 0.0287824 0.0114819 0.0115358 0.00966231 0.00979102 0.00955726 0.00757303 0.0106331 0.00671415 0.00647685 0.00702052 0.00640506 0.00888516 0.00779716 0.966528 0.0225461 0.00370339 0 0.00361212 0.00361612 0.00383133 0.00487161 
0.0093751 0.0103751 0.0131536 0.00866369 0.00854231 0.00860338 0.0111889 0.00884133 0.00837339 0.00931213 0.0116443 0.0443886 0.0420383 0.0160283 0.00933864 0.00891513 0.0215127 0.0118791 0.0685348 0.011599 0.0145532 0.00877657 0.0108892 0.0107689 0.124823 0.0153872 0.0362027 0.00924404 0.00925717 0.00958914 0.0093581 0.0102164 0.00952812 0.00723827 0.00756343 0.00724325 0.00978944 0.00984823 0.962521 0.0231082 0.0105692 0.00356816 0.00361212 0 0.0035921 0.00359413 0.00355671 
0.00927286 0.0114576 0.0132879 0.00939658 0.00841727 0.00895424 0.00897731 0.0089185 0.00860474 0.00925918 0.0124768 0.0246498 0.0359217 0.0134464 0.00961823 0.0100512 0.0090935 0.0408357 0.0133892 0.0256465 0.00921121 0.00930603 0.00923598 0.0242114 0.0141493 0.0721949 0.0108428 0.0116631 0.00924456 0.00977526 0.00990285 0.00953402 0.00855437 0.00808949 0.00877454 0.00957957 0.0175235 0.922356 0.0265146 0.0156616 0.00665049 0.00358837 0.00361612 0.0035921 0 0.00356089 0.00354178 
0.00899235 0.00927463 0.0097769 0.00866771 0.00851935 0.00860516 0.00846029 0.00871937 0.00849282 0.00941866 0.0105942 0.0115347 0.0129363 0.0115357 0.00918744 0.00956779 0.0110348 0.0101693 0.012316 0.00917282 0.0104921 0.00895178 0.0102222 0.012921 0.0129207 0.0105337 0.0197069 0.0100522 0.0102171 0.0125497 0.0191282 0.00932003 0.0130244 0.00736178 0.012271 0.0258015 0.795058 0.019529 0.0119834 0.0212904 0.00932971 0.00369711 0.00383133 0.00359413 0.00356089 0 0.00354867 
0.0102531 0.00881907 0.00866314 0.00895811 0.00998386 0.00843769 0.00834574 0.00834842 0.00875204 0.0123306 0.00942327 0.0108468 0.013131 0.0101342 0.0108078 0.0141607 0.00893692 0.0107328 0.00928451 0.0100987 0.00888129 0.0101897 0.0201073 0.0104492 0.0100871 0.0136598 0.0105531 0.0203071 0.0143851 0.0231699 0.0132973 0.0228047 0.00860108 0.00781209 0.0761616 0.411757 0.036253 0.0190185 0.0120766 0.0150172 0.0162602 0.0097292 0.00487161 0.00355671 0.00354178 0.00354867 0 
