1BYSA
EPSVQVGYSPEGSARVLVLSAIDSAKTSIRMMAYSFTAPDIMKALVAAKKRGVDVKIVIDERGNTGRASIAAMNYIANSGIPLRTDSNFPIQHDKVIIVDNVTVETGSFNFTKAAETKNSENAVVIWNMPKLAESFLEHWQDRWNQGRDYRS
CCEEEEEEECCCHHHHHHHHHHHHCCCEEEEEECCECCHHHHHHHHHHHHCCCEEEEEEECCCCCCHHHHHHHHHHHHCCCCEEEECCCCCCCCCEEEECCCEEEEECCCECHHHHHCCCEEEEEEECCHHHHHHHHHHHHHHHHCCEECCC
0 0 0 0 0 0 0 0 0 0 0 0 0 0 0 0 0 0 0 0 0 0 0 0 0 0 0 0 0 0 0 0 0 0 0 0 0 0 0 0 0 0 0 0 0 0 0 0 0 0 0 0 0 0 0 0 0 0 0 0 0 0 0 0 0 0 0 0 0 0 0 0 0 0 0 0 0 0 0 0 0 0 0 0 0 0 0 0 0 0 0 0 0 0 0 0 0 0 0 0 0 0 0 0 0 0 0 0 0 0 0 0 0 0 0 0 0 0 0 0 0 0 0 0 0 0 0 0 0 0 0 0 0 0 0 0 0 0 0 0 0 0 0 0 0 0 0 0 0 0 0 0 
0 0 0 0 0 0 0 0 0 0 0 0 0 0 0 0 0 0 0 0 0 0 0 0 0 0 0 0 0 0 0 0 0 0 0 0 0 0 0 0 0 0 0 0 0 0 0 0 0 0 0 0 0 0 0 0 0 0 0 0 0 0 0 0 0 0 0 0 0 0 0 0 0 0 0 0 0 0 0 0 0 0 0 0 0 0 0 0 0 0 0 0 0 0 0 0 0 0 0 0 0 0 0 0 0 0 0 0 0 0 0 0 0 0 0 0 0 0 0 0 0 0 0 0 0 0 0 0 0 0 0 0 0 0 0 0 0 0 0 0 0 0 0 0 0 0 0 0 0 0 0 0 
0 0.00549739 0.00383809 0.00389901 0.0039811 0.00745782 0.0109498 0.0311757 0.0129552 0.0107556 0.01018 0.0115621 0.0307727 0.0152165 0.018365 0.0141387 0.0115551 0.0120214 0.0107706 0.0114528 0.0138265 0.00960114 0.00847033 0.00947105 0.0115302 0.0110169 0.00898403 0.00964717 0.0126994 0.00983707 0.00838784 0.00844382 0.00876563 0.00937384 0.0100824 0.00893825 0.00817987 0.00820958 0.00836189 0.00843731 0.00934552 0.0103956 0.00966673 0.0102007 
0.00549739 0 0.00402906 0.00370283 0.00371813 0.00423802 0.00473244 0.0147203 0.0245093 0.0103212 0.0116249 0.0189198 0.0108284 0.0107404 0.0106644 0.0165909 0.0111064 0.0147994 0.0128537 0.0120425 0.0104309 0.00943562 0.00873829 0.00972421 0.00952578 0.00967029 0.0103857 0.00996203 0.00993833 0.00874645 0.00852577 0.00837252 0.00866265 0.00886737 0.00843481 0.00841046 0.0082891 0.00834174 0.00874363 0.00867199 0.00933267 0.00877317 0.00866636 0.00862721 
0.00383809 0.00402906 0 0.00365073 0.00365772 0.00368819 0.00379859 0.0124739 0.0138069 0.0218953 0.0174096 0.0111355 0.00970956 0.00885251 0.0106777 0.012519 0.0144535 0.0202689 0.0185063 0.0113587 0.00955945 0.00903895 0.00967165 0.00890089 0.00870721 0.00930909 0.0119374 0.010566 0.00922496 0.00863716 0.0087253 0.00891995 0.00843702 0.00834248 0.00817771 0.00825222 0.00828088 0.00962419 0.00946515 0.0115247 0.00895021 0.0084135 0.00849591 0.00823597 
0.00389901 0.00370283 0.00365073 0 0.00363432 0.00369806 0.00363108 0.0142603 0.0150584 0.047124 0.0197415 0.0139392 0.00941307 0.00877042 0.0126234 0.0106344 0.026135 0.0171245 0.0279109 0.0106495 0.00931867 0.00952618 0.00922654 0.00900857 0.00861343 0.00985173 0.0118538 0.0106226 0.00891961 0.00894613 0.00875453 0.00913397 0.00836797 0.00821904 0.00819932 0.00832048 0.0084518 0.00901704 0.0108279 0.0104737 0.00890037 0.00828996 0.00864636 0.00817249 
0.0039811 0.00371813 0.00365772 0.00363432 0 0.00356361 0.00359834 0.0132139 0.0371237 0.0234255 0.0486178 0.012873 0.0107513 0.00988009 0.00933098 0.0295042 0.010457 0.0517747 0.015222 0.0116447 0.00988916 0.0106078 0.009899 0.0094324 0.00889259 0.00993802 0.0141894 0.0119729 0.00971096 0.00869503 0.009615 0.00952821 0.00841278 0.00833754 0.00828107 0.00843539 0.0083503 0.0103723 0.0101031 0.0123667 0.00918575 0.00844592 0.00823492 0.00820867 
0.00745782 0.00423802 0.00368819 0.00369806 0.00356361 0 0.00360838 0.0256891 0.0196761 0.0337895 0.0170376 0.0443726 0.0109155 0.0106333 0.0215237 0.00989893 0.0263366 0.0101133 0.0197233 0.0159532 0.00921512 0.00984577 0.0107698 0.00959111 0.00849948 0.0108283 0.0123166 0.0128071 0.00893223 0.00987821 0.00908132 0.00867842 0.00856187 0.00821593 0.00860512 0.00865462 0.00897527 0.00894116 0.0094951 0.0100263 0.00910786 0.00829166 0.00865592 0.00820827 
0.0109498 0.00473244 0.00379859 0.00363108 0.00359834 0.00360838 0 0.0212525 0.0138213 0.0106259 0.01317 0.0168077 0.0388704 0.0251894 0.0133625 0.0192931 0.00911034 0.0120301 0.00934408 0.0103106 0.0121535 0.0170805 0.00884695 0.00873119 0.00923269 0.0158425 0.0099126 0.00927126 0.0100681 0.011493 0.00909513 0.00850245 0.00826742 0.00844957 0.0107795 0.0103967 0.00852898 0.0083888 0.00869727 0.00882854 0.00846322 0.00845936 0.00903592 0.00891914 
0.0311757 0.0147203 0.0124739 0.0142603 0.0132139 0.0256891 0.0212525 0 0.00363989 0.00353842 0.00351162 0.00361491 0.0040846 0.00586333 0.577677 0.01363 0.025657 0.0127812 0.0193748 0.0127007 0.0213222 0.0141072 0.0112442 0.0108903 0.0155849 0.0277931 0.0162168 0.0120639 0.0176767 0.0131754 0.00917838 0.00877346 0.00946512 0.00999533 0.0127161 0.00866777 0.00862324 0.00867506 0.00923798 0.00914503 0.0100783 0.0108812 0.00908637 0.00910705 
0.0129552 0.0245093 0.0138069 0.0150584 0.0371237 0.0196761 0.0138213 0.00363989 0 0.00353705 0.00356671 0.0035769 0.00358464 0.00554579 0.0114662 0.64487 0.0102655 0.106597 0.0147613 0.0374787 0.0105358 0.0171028 0.0126544 0.0161618 0.0104913 0.0163421 0.0425187 0.0202975 0.0114091 0.00926874 0.0123775 0.0106086 0.00929579 0.00895256 0.00921724 0.00836712 0.00884523 0.0117797 0.0132005 0.0164193 0.0108274 0.00889519 0.00828516 0.0083832 
0.0107556 0.0103212 0.0218953 0.047124 0.0234255 0.0337895 0.0106259 0.00353842 0.00353705 0 0.00353133 0.0035673 0.00352627 0.0037313 0.0507342 0.00960951 0.60829 0.0190034 0.22629 0.0170857 0.0118037 0.0123297 0.0365318 0.0125429 0.00967789 0.0131828 0.047692 0.0432108 0.0112461 0.0107777 0.0136308 0.0220683 0.010854 0.00854317 0.0086802 0.00840014 0.0119829 0.0140584 0.0368294 0.0451588 0.0135916 0.00880636 0.00822097 0.00804493 
0.01018 0.0116249 0.0174096 0.0197415 0.0486178 0.0170376 0.01317 0.00351162 0.00356671 0.00353133 0 0.00356531 0.00353274 0.00400943 0.0133878 0.088595 0.0149121 0.605867 0.0318823 0.0642027 0.0104026 0.0181886 0.0176643 0.0202193 0.00953288 0.0163628 0.0435951 0.0383492 0.0138582 0.00966971 0.0171285 0.0211206 0.00997463 0.00901274 0.00866803 0.00872393 0.00944633 0.0254687 0.0318861 0.0461189 0.0148285 0.00947189 0.00820594 0.00822878 
0.0115621 0.0189198 0.0111355 0.0139392 0.012873 0.0443726 0.0168077 0.00361491 0.0035769 0.0035673 0.00356531 0 0.00354429 0.0046995 0.0361696 0.0113425 0.0501001 0.0123342 0.293992 0.0374629 0.0247032 0.010982 0.0241903 0.0141155 0.0096912 0.0114576 0.0245753 0.0375972 0.0127108 0.0103962 0.0127285 0.0114259 0.0103298 0.00865983 0.00904187 0.00841167 0.0100772 0.0100861 0.0131878 0.0158209 0.012857 0.00885878 0.00851031 0.00816877 
0.0307727 0.0108284 0.00970956 0.00941307 0.0107513 0.0109155 0.0388704 0.0040846 0.00358464 0.00352627 0.00353274 0.00354429 0 0.0231058 0.013528 0.0230018 0.0101739 0.0214892 0.0122522 0.251665 0.0265217 0.0264292 0.00988111 0.0107653 0.0107737 0.018119 0.0112109 0.013843 0.016972 0.0119144 0.0096536 0.00905716 0.00863222 0.0093428 0.0110657 0.00972845 0.00848418 0.00888982 0.00915763 0.00951974 0.00912109 0.00905421 0.00850464 0.00844234 
0.0152165 0.0107404 0.00885251 0.00877042 0.00988009 0.0106333 0.0251894 0.00586333 0.00554579 0.0037313 0.00400943 0.0046995 0.0231058 0 0.0288791 0.0216224 0.0115265 0.0159319 0.0133157 0.013672 0.0724712 0.0168029 0.0100883 0.0103897 0.0146659 0.0167601 0.0117141 0.0110985 0.0170898 0.0131651 0.00961521 0.00838088 0.00892308 0.0103733 0.0922344 0.00975996 0.00825935 0.00824976 0.0084574 0.00843044 0.00888611 0.0108823 0.00953719 0.00968474 
0.018365 0.0106644 0.0106777 0.0126234 0.00933098 0.0215237 0.0133625 0.577677 0.0114662 0.0507342 0.0133878 0.0361696 0.013528 0.0288791 0 0.0036067 0.00411741 0.00363625 0.00392485 0.0047905 0.00524543 0.016066 0.0132491 0.0120807 0.0159912 0.0259239 0.014363 0.0150031 0.0193137 0.0227638 0.0102573 0.0104847 0.0113326 0.0099658 0.0132553 0.00951144 0.00998071 0.00874045 0.0104629 0.00980408 0.010498 0.0110307 0.0113948 0.00973476 
0.0141387 0.0165909 0.012519 0.0106344 0.0295042 0.00989893 0.0192931 0.01363 0.64487 0.00960951 0.088595 0.0113425 0.0230018 0.0216224 0.0036067 0 0.00354486 0.00377062 0.00367876 0.00370878 0.00377705 0.0846215 0.0149477 0.0209495 0.0133336 0.0309189 0.0496034 0.0202019 0.0170274 0.0135175 0.0230838 0.0136874 0.00989404 0.0133278 0.0150672 0.012482 0.00956003 0.0197343 0.0145673 0.0186507 0.0133834 0.0111263 0.0088369 0.00963821 
0.0115551 0.0111064 0.0144535 0.026135 0.010457 0.0263366 0.00911034 0.025657 0.0102655 0.60829 0.0149121 0.0501001 0.0101739 0.0115265 0.00411741 0.00354486 0 0.00357264 0.00359979 0.00375749 0.00364919 0.0177916 0.0774618 0.012012 0.00979371 0.0180672 0.0448295 0.0278482 0.0104352 0.0159122 0.0173556 0.0234065 0.0115124 0.0087787 0.00898304 0.00878604 0.0168171 0.0133254 0.0385808 0.040972 0.0144452 0.00905755 0.00932463 0.00832271 
0.0120214 0.0147994 0.0202689 0.0171245 0.0517747 0.0101133 0.0120301 0.0127812 0.106597 0.0190034 0.605867 0.0123342 0.0214892 0.0159319 0.00363625 0.00377062 0.00357264 0 0.00354578 0.00356685 0.00357653 0.424187 0.0245618 0.0288769 0.0110597 0.0367562 0.0781734 0.036274 0.0173063 0.0148181 0.0364971 0.0324081 0.0109034 0.0107068 0.0100683 0.0116601 0.0113418 0.0488165 0.0570956 0.0701018 0.0181326 0.0107082 0.00865786 0.00855412 
0.0107706 0.0128537 0.0185063 0.0279109 0.015222 0.0197233 0.00934408 0.0193748 0.0147613 0.22629 0.0318823 0.293992 0.0122522 0.0133157 0.00392485 0.00367876 0.00359979 0.00354578 0 0.00360194 0.00356662 0.0345288 0.568415 0.016654 0.0114626 0.0204243 0.110825 0.057604 0.0147066 0.0132718 0.0251317 0.0377059 0.0131933 0.00939277 0.00929017 0.00910663 0.0173673 0.0329763 0.0650947 0.0956284 0.0219133 0.00963264 0.00885776 0.00841356 
0.0114528 0.0120425 0.0113587 0.0106495 0.0116447 0.0159532 0.0103106 0.0127007 0.0374787 0.0170857 0.0642027 0.0374629 0.251665 0.013672 0.0047905 0.00370878 0.00375749 0.00356685 0.00360194 0 0.00371096 0.0466649 0.0437738 0.620161 0.012188 0.0165448 0.0336058 0.116529 0.0237288 0.0124633 0.0207937 0.0138329 0.0164509 0.00978542 0.00992223 0.0108637 0.0144954 0.0159856 0.0210642 0.0293901 0.0287802 0.0101213 0.0093135 0.0086608 
0.0138265 0.0104309 0.00955945 0.00931867 0.00988916 0.00921512 0.0121535 0.0213222 0.0105358 0.0118037 0.0104026 0.0247032 0.0265217 0.0724712 0.00524543 0.00377705 0.00364919 0.00357653 0.00356662 0.00371096 0 0.0177084 0.0180074 0.0244774 0.493588 0.0181194 0.01352 0.016543 0.035129 0.0197044 0.0106438 0.00933898 0.00895155 0.0116511 0.0149635 0.0194584 0.00940875 0.00941121 0.0101185 0.0102966 0.009764 0.0128531 0.0103318 0.00886103 
0.00960114 0.00943562 0.00903895 0.00952618 0.0106078 0.00984577 0.0170805 0.0141072 0.0171028 0.0123297 0.0181886 0.010982 0.0264292 0.0168029 0.016066 0.0846215 0.0177916 0.424187 0.0345288 0.0466649 0.0177084 0 0.00358733 0.00364301 0.00380239 0.0288282 0.0160174 0.0387941 0.120645 0.0138742 0.0158286 0.0114297 0.0116776 0.0188774 0.0217822 0.0130054 0.0111974 0.0135815 0.0183026 0.0151833 0.0141884 0.0266734 0.00995952 0.0123691 
0.00847033 0.00873829 0.00967165 0.00922654 0.009899 0.0107698 0.00884695 0.0112442 0.0126544 0.0365318 0.0176643 0.0241903 0.00988111 0.0100883 0.0132491 0.0149477 0.0774618 0.0245618 0.568415 0.0437738 0.0180074 0.00358733 0 0.00359864 0.00408899 0.0199197 0.115117 0.1093 0.0198872 0.0121066 0.0184422 0.0147665 0.0151387 0.010673 0.011633 0.0100257 0.0147219 0.0203462 0.0211416 0.0384954 0.0210725 0.0103571 0.00900305 0.00878712 
0.00947105 0.00972421 0.00890089 0.00900857 0.0094324 0.00959111 0.00873119 0.0108903 0.0161618 0.0125429 0.0202193 0.0141155 0.0107653 0.0103897 0.0120807 0.0209495 0.012012 0.0288769 0.016654 0.620161 0.0244774 0.00364301 0.00359864 0 0.00369936 0.0487019 0.117047 0.0789771 0.0211113 0.0114449 0.017236 0.0132105 0.0128883 0.0146487 0.0115275 0.0108329 0.01345 0.0116115 0.015805 0.0196356 0.0286281 0.0104274 0.00980559 0.00872638 
0.0115302 0.00952578 0.00870721 0.00861343 0.00889259 0.00849948 0.00923269 0.0155849 0.0104913 0.00967789 0.00953288 0.0096912 0.0107737 0.0146659 0.0159912 0.0133336 0.00979371 0.0110597 0.0114626 0.012188 0.493588 0.00380239 0.00408899 0.00369936 0 0.0790366 0.0221607 0.0147707 0.0310427 0.014456 0.0118494 0.00961518 0.00925403 0.0239829 0.0191105 0.0167817 0.00967848 0.00961281 0.01067 0.0100596 0.00969021 0.0122916 0.0115022 0.00906683 
0.0110169 0.00967029 0.00930909 0.00985173 0.00993802 0.0108283 0.0158425 0.0277931 0.0163421 0.0131828 0.0163628 0.0114576 0.018119 0.0167601 0.0259239 0.0309189 0.0180672 0.0367562 0.0204243 0.0165448 0.0181194 0.0288282 0.0199197 0.0487019 0.0790366 0 0.00371577 0.00370782 0.00422921 0.00671311 0.00694531 0.0125138 0.31 0.153421 0.016714 0.0282783 0.0145728 0.0151166 0.0169209 0.015935 0.0160957 0.0262924 0.0137417 0.0156273 
0.00898403 0.0103857 0.0119374 0.0118538 0.0141894 0.0123166 0.0099126 0.0162168 0.0425187 0.047692 0.0435951 0.0245753 0.0112109 0.0117141 0.014363 0.0496034 0.0448295 0.0781734 0.110825 0.0336058 0.01352 0.0160174 0.115117 0.117047 0.0221607 0.00371577 0 0.00371428 0.00362215 0.00565086 0.015589 0.701301 0.0812174 0.00927981 0.00884248 0.0167132 0.0323235 0.0262153 0.0403592 0.0657943 0.0366288 0.0132309 0.0121256 0.00983273 
0.00964717 0.00996203 0.010566 0.0106226 0.0119729 0.0128071 0.00927126 0.0120639 0.0202975 0.0432108 0.0383492 0.0375972 0.013843 0.0110985 0.0150031 0.0202019 0.0278482 0.036274 0.057604 0.116529 0.016543 0.0387941 0.1093 0.0789771 0.0147707 0.00370782 0.00371428 0 0.00362669 0.00590704 0.744061 0.0511114 0.016215 0.00724498 0.00799976 0.0126534 0.0184005 0.0206567 0.0297992 0.0494483 0.0731598 0.0164135 0.0116893 0.010035 
0.0126994 0.00993833 0.00922496 0.00891961 0.00971096 0.00893223 0.0100681 0.0176767 0.0114091 0.0112461 0.0138582 0.0127108 0.016972 0.0170898 0.0193137 0.0170274 0.0104352 0.0173063 0.0147066 0.0237288 0.035129 0.120645 0.0198872 0.0211113 0.0310427 0.00422921 0.00362215 0.00362669 0 0.927003 0.0333527 0.00718691 0.00513264 0.00851333 0.0148072 0.0237334 0.0114221 0.0120386 0.0146442 0.0155516 0.0239003 0.0402533 0.0168475 0.0101424 
0.00983707 0.00874645 0.00863716 0.00894613 0.00869503 0.00987821 0.011493 0.0131754 0.00926874 0.0107777 0.00966971 0.0103962 0.0119144 0.0131651 0.0227638 0.0135175 0.0159122 0.0148181 0.0132718 0.0124633 0.0197044 0.0138742 0.0121066 0.0114449 0.014456 0.00671311 0.00565086 0.00590704 0.927003 0 0.00363368 0.00358026 0.00370286 0.00415259 0.00676184 0.0262964 0.0141238 0.0109999 0.0109686 0.0231063 0.0136411 0.0273571 0.013868 0.0130575 
0.00838784 0.00852577 0.0087253 0.00875453 0.009615 0.00908132 0.00909513 0.00917838 0.0123775 0.0136308 0.0171285 0.0127285 0.0096536 0.00961521 0.0102573 0.0230838 0.0173556 0.0364971 0.0251317 0.0207937 0.0106438 0.0158286 0.0184422 0.017236 0.0118494 0.00694531 0.015589 0.744061 0.0333527 0.00363368 0 0.00359005 0.00357544 0.00363831 0.00431351 0.0106478 0.0152883 0.0130885 0.0350891 0.0170204 0.0450897 0.0121536 0.00997017 0.00982949 
0.00844382 0.00837252 0.00891995 0.00913397 0.00952821 0.00867842 0.00850245 0.00877346 0.0106086 0.0220683 0.0211206 0.0114259 0.00905716 0.00838088 0.0104847 0.0136874 0.0234065 0.0324081 0.0377059 0.0138329 0.00933898 0.0114297 0.0147665 0.0132105 0.00961518 0.0125138 0.701301 0.0511114 0.00718691 0.00358026 0.00359005 0 0.00355545 0.00356122 0.00376058 0.0107233 0.0126475 0.0516801 0.0178883 0.0756526 0.0133026 0.0107196 0.0088033 0.00883045 
0.00876563 0.00866265 0.00843702 0.00836797 0.00841278 0.00856187 0.00826742 0.00946512 0.00929579 0.010854 0.00997463 0.0103298 0.00863222 0.00892308 0.0113326 0.00989404 0.0115124 0.0109034 0.0131933 0.0164509 0.00895155 0.0116776 0.0151387 0.0128883 0.00925403 0.31 0.0812174 0.016215 0.00513264 0.00370286 0.00357544 0.00355545 0 0.00356545 0.0040346 0.0100965 0.0200403 0.00995137 0.0262866 0.0192412 0.0242258 0.00917085 0.0102608 0.00879357 
0.00937384 0.00886737 0.00834248 0.00821904 0.00833754 0.00821593 0.00844957 0.00999533 0.00895256 0.00854317 0.00901274 0.00865983 0.0093428 0.0103733 0.0099658 0.0133278 0.0087787 0.0107068 0.00939277 0.00978542 0.0116511 0.0188774 0.010673 0.0146487 0.0239829 0.153421 0.00927981 0.00724498 0.00851333 0.00415259 0.00363831 0.00356122 0.00356545 0 0.0176268 0.0622602 0.00916616 0.0260347 0.0105978 0.0123731 0.00973709 0.0152662 0.0107705 0.00952762 
0.0100824 0.00843481 0.00817771 0.00819932 0.00828107 0.00860512 0.0107795 0.0127161 0.00921724 0.0086802 0.00866803 0.00904187 0.0110657 0.0922344 0.0132553 0.0150672 0.00898304 0.0100683 0.00929017 0.00992223 0.0149635 0.0217822 0.011633 0.0115275 0.0191105 0.016714 0.00884248 0.00799976 0.0148072 0.00676184 0.00431351 0.00376058 0.0040346 0.0176268 0 0.04269 0.00919144 0.00646222 0.00704909 0.00738715 0.0104959 0.0163263 0.0189484 0.0170469 
0.00893825 0.00841046 0.00825222 0.00832048 0.00843539 0.00865462 0.0103967 0.00866777 0.00836712 0.00840014 0.00872393 0.00841167 0.00972845 0.00975996 0.00951144 0.012482 0.00878604 0.0116601 0.00910663 0.0108637 0.0194584 0.0130054 0.0100257 0.0108329 0.0167817 0.0282783 0.0167132 0.0126534 0.0237334 0.0262964 0.0106478 0.0107233 0.0100965 0.0622602 0.04269 0 0.00359358 0.00356234 0.00356484 0.00362454 0.00394485 0.00773987 0.0163602 0.0184614 
0.00817987 0.0082891 0.00828088 0.0084518 0.0083503 0.00897527 0.00852898 0.00862324 0.00884523 0.0119829 0.00944633 0.0100772 0.00848418 0.00825935 0.00998071 0.00956003 0.0168171 0.0113418 0.0173673 0.0144954 0.00940875 0.0111974 0.0147219 0.01345 0.00967848 0.0145728 0.0323235 0.0184005 0.0114221 0.0141238 0.0152883 0.0126475 0.0200403 0.00916616 0.00919144 0.00359358 0 0.00354504 0.00362247 0.00358765 0.00365026 0.00369059 0.0156192 0.00999525 
0.00820958 0.00834174 0.00962419 0.00901704 0.0103723 0.00894116 0.0083888 0.00867506 0.0117797 0.0140584 0.0254687 0.0100861 0.00888982 0.00824976 0.00874045 0.0197343 0.0133254 0.0488165 0.0329763 0.0159856 0.00941121 0.0135815 0.0203462 0.0116115 0.00961281 0.0151166 0.0262153 0.0206567 0.0120386 0.0109999 0.0130885 0.0516801 0.00995137 0.0260347 0.00646222 0.00356234 0.00354504 0 0.00355633 0.00357948 0.00355251 0.0036293 0.0113035 0.00936374 
0.00836189 0.00874363 0.00946515 0.0108279 0.0101031 0.0094951 0.00869727 0.00923798 0.0132005 0.0368294 0.0318861 0.0131878 0.00915763 0.0084574 0.0104629 0.0145673 0.0385808 0.0570956 0.0650947 0.0210642 0.0101185 0.0183026 0.0211416 0.015805 0.01067 0.0169209 0.0403592 0.0297992 0.0146442 0.0109686 0.0350891 0.0178883 0.0262866 0.0105978 0.00704909 0.00356484 0.00362247 0.00355633 0 0.00356458 0.00357797 0.00356412 0.015404 0.0104675 
0.00843731 0.00867199 0.0115247 0.0104737 0.0123667 0.0100263 0.00882854 0.00914503 0.0164193 0.0451588 0.0461189 0.0158209 0.00951974 0.00843044 0.00980408 0.0186507 0.040972 0.0701018 0.0956284 0.0293901 0.0102966 0.0151833 0.0384954 0.0196356 0.0100596 0.015935 0.0657943 0.0494483 0.0155516 0.0231063 0.0170204 0.0756526 0.0192412 0.0123731 0.00738715 0.00362454 0.00358765 0.00357948 0.00356458 0 0.00357106 0.00354415 0.0129515 0.0111984 
0.00934552 0.00933267 0.00895021 0.00890037 0.00918575 0.00910786 0.00846322 0.0100783 0.0108274 0.0135916 0.0148285 0.012857 0.00912109 0.00888611 0.010498 0.0133834 0.0144452 0.0181326 0.0219133 0.0287802 0.009764 0.0141884 0.0210725 0.0286281 0.00969021 0.0160957 0.0366288 0.0731598 0.0239003 0.0136411 0.0450897 0.0133026 0.0242258 0.00973709 0.0104959 0.00394485 0.00365026 0.00355251 0.00357797 0.00357106 0 0.0035828 0.0240523 0.0129192 
0.0103956 0.00877317 0.0084135 0.00828996 0.00844592 0.00829166 0.00845936 0.0108812 0.00889519 0.00880636 0.00947189 0.00885878 0.00905421 0.0108823 0.0110307 0.0111263 0.00905755 0.0107082 0.00963264 0.0101213 0.0128531 0.0266734 0.0103571 0.0104274 0.0122916 0.0262924 0.0132309 0.0164135 0.0402533 0.0273571 0.0121536 0.0107196 0.00917085 0.0152662 0.0163263 0.00773987 0.00369059 0.0036293 0.00356412 0.00354415 0.0035828 0 0.0176034 0.02805 
0.00966673 0.00866636 0.00849591 0.00864636 0.00823492 0.00865592 0.00903592 0.00908637 0.00828516 0.00822097 0.00820594 0.00851031 0.00850464 0.00953719 0.0113948 0.0088369 0.00932463 0.00865786 0.00885776 0.0093135 0.0103318 0.00995952 0.00900305 0.00980559 0.0115022 0.0137417 0.0121256 0.0116893 0.0168475 0.013868 0.00997017 0.0088033 0.0102608 0.0107705 0.0189484 0.0163602 0.0156192 0.0113035 0.015404 0.0129515 0.0240523 0.0176034 0 0.0219422 
0.0102007 0.00862721 0.00823597 0.00817249 0.00820867 0.00820827 0.00891914 0.00910705 0.0083832 0.00804493 0.00822878 0.00816877 0.00844234 0.00968474 0.00973476 0.00963821 0.00832271 0.00855412 0.00841356 0.0086608 0.00886103 0.0123691 0.00878712 0.00872638 0.00906683 0.0156273 0.00983273 0.010035 0.0101424 0.0130575 0.00982949 0.00883045 0.00879357 0.00952762 0.0170469 0.0184614 0.00999525 0.00936374 0.0104675 0.0111984 0.0129192 0.02805 0.0219422 0 
