1CB7A
MEKKTIVLGVIGSDCHAVGNKILDHAFTNAGFNVVNIGVLSPQELFIKAAIETKADAILVSSLYGQGEIDCKGLRQKCDEAGLEGILLYVGGNIVVGKQHWPDVEKRFKDMGYDRVYAPGTPPEVGIADLKKDLNIE
CCCCEEEEEEECCCCCCHHHHHHHHHHHHHCCEEEEEEEEECHHHHHHHHHHHCCCEEEEEECCCCHHHHCCCHHHHHHHCCCCCCEEEEEECCCCCCCCHHHHHHHHHHCCCCEECCCCCCHHHHHHHHHHHCCCC
0 0 0 0 0 0 0 0 0 0 0 0 0 0 0 0 0 0 0 0 0 0 0 0 0 0 0 0 0 0 0 0 0 0 0 0 0 0 0 0 0 0 0 0 0 0 0 0 0 0 0 0 0 0 0 0 0 0 0 0 0 0 0 0 0 0 0 0 0 0 0 0 0 0 0 0 0 0 0 0 0 0 0 0 0 0 0 0 0 0 0 0 0 0 0 0 0 0 0 0 0 0 0 0 0 0 0 0 0 0 0 0 0 0 0 0 0 0 0 0 0 0 0 0 0 0 0 0 0 0 0 0 0 0 0 0 0 
0 0 0 0 0 0 0 0 0 0 0 0 0 0 0 0 0 0 0 0 0 0 0 0 0 0 0 0 0 0 0 0 0 0 0 0 0 0 0 0 0 0 0 0 0 0 0 0 0 0 0 0 0 0 0 0 0 0 0 0 0 0 0 0 0 0 0 0 0 0 0 0 0 0 0 0 0 0 0 0 0 0 0 0 0 0 0 0 0 0 0 0 0 0 0 0 0 0 0 0 0 0 0 0 0 0 0 0 0 0 0 0 0 0 0 0 0 0 0 0 0 0 0 0 0 0 0 0 0 0 0 0 0 0 0 0 0 
0 0.00377859 0.00361545 0.00361778 0.00363922 0.00434937 0.00606404 0.759201 0.0169096 0.0165264 0.0146396 0.0125554 0.016762 0.0134121 0.0144239 0.0230086 0.0596185 0.0253112 0.0169862 0.0119905 0.0128901 0.0223265 0.0200282 0.0143909 0.0113141 0.010054 0.0105116 0.0138964 0.00971405 0.0102549 
0.00377859 0 0.00362498 0.00365668 0.00371537 0.00406407 0.0041065 0.0354805 0.762672 0.0325929 0.0270099 0.039649 0.0281019 0.0451707 0.0251942 0.0147937 0.152666 0.12031 0.0679288 0.0550199 0.0304058 0.0150324 0.0217604 0.0484104 0.0322722 0.0326251 0.0219999 0.0109774 0.010407 0.00905094 
0.00361545 0.00362498 0 0.00362329 0.00364385 0.00367019 0.00363841 0.0877587 0.020435 0.524149 0.0576324 0.0594961 0.0512282 0.0718884 0.0244858 0.0109817 0.0267191 0.175078 0.152085 0.123312 0.0336654 0.0170125 0.0167896 0.0449774 0.097703 0.0686132 0.0281435 0.011658 0.00912738 0.00866352 
0.00361778 0.00365668 0.00362329 0 0.00355674 0.00358306 0.00358859 0.0178898 0.0687519 0.042231 0.397973 0.0292154 0.0718672 0.0566558 0.0204467 0.0115834 0.025191 0.0576987 0.263777 0.0961655 0.0328426 0.0157942 0.0130739 0.0329452 0.0759711 0.0619172 0.0278595 0.0115041 0.00918487 0.00883242 
0.00363922 0.00371537 0.00364385 0.00355674 0 0.00357942 0.00355991 0.0281472 0.0252362 0.125534 0.0337354 0.330732 0.0464015 0.100192 0.0214385 0.0117775 0.0257778 0.0865125 0.0888452 0.182627 0.0263192 0.0178719 0.0131807 0.0393061 0.0623766 0.0549162 0.0216666 0.0119689 0.00902377 0.0087684 
0.00434937 0.00406407 0.00367019 0.00358306 0.00357942 0 0.00363657 0.0192776 0.0322258 0.0226943 0.0945893 0.0180079 0.174246 0.0437225 0.109405 0.0129201 0.0158619 0.0354504 0.0537168 0.0260957 0.105122 0.0192502 0.0124497 0.0197057 0.0262754 0.0192285 0.0300701 0.0112109 0.00938241 0.00860335 
0.00606404 0.0041065 0.00363841 0.00358859 0.00355991 0.00363657 0 0.0159996 0.0130408 0.023825 0.0173642 0.0448547 0.0172213 0.102345 0.040429 0.164522 0.0208111 0.0138328 0.0159433 0.0174727 0.0145624 0.0537258 0.0186539 0.0120012 0.0113053 0.011113 0.0118587 0.0181027 0.0101972 0.00949213 
0.759201 0.0354805 0.0877587 0.0178898 0.0281472 0.0192776 0.0159996 0 0.00370565 0.00354942 0.00392801 0.0035942 0.00440729 0.00407879 0.00517321 0.00584159 0.0286209 0.0146458 0.0120186 0.0100083 0.0159022 0.0229078 0.0218125 0.0102877 0.0113532 0.00971608 0.0112373 0.0130967 0.0101534 0.0100876 
0.0169096 0.762672 0.020435 0.0687519 0.0252362 0.0322258 0.0130408 0.00370565 0 0.00363165 0.00353681 0.00356253 0.00354715 0.00388714 0.00471998 0.00424041 0.0346 0.0366293 0.0136413 0.0158194 0.0156128 0.0112388 0.0124318 0.0230027 0.0142722 0.0149506 0.0121578 0.00982624 0.00921143 0.00850984 
0.0165264 0.0325929 0.524149 0.042231 0.125534 0.0226943 0.023825 0.00354942 0.00363165 0 0.00353146 0.00357053 0.00365049 0.00368816 0.00376577 0.00356856 0.0197504 0.029198 0.027857 0.0454419 0.0121062 0.0114688 0.0120768 0.0242711 0.0274804 0.0329219 0.0120803 0.00975181 0.00874448 0.00843347 
0.0146396 0.0270099 0.0576324 0.397973 0.0337354 0.0945893 0.0173642 0.00392801 0.00353681 0.00353146 0 0.0035346 0.003581 0.00366272 0.00360007 0.00360336 0.015785 0.0246226 0.0579495 0.0176719 0.0246023 0.0119209 0.0136163 0.0194937 0.0596832 0.0251001 0.0217207 0.00971581 0.00894984 0.00860982 
0.0125554 0.039649 0.0594961 0.0292154 0.330732 0.0180079 0.0448547 0.0035942 0.00356253 0.00357053 0.0035346 0 0.00353142 0.00355141 0.00357311 0.00353765 0.0255763 0.0282203 0.0267025 0.0478668 0.0132097 0.0133148 0.0126345 0.0325704 0.0269564 0.0460493 0.0135223 0.0115155 0.00904816 0.00868744 
0.016762 0.0281019 0.0512282 0.0718672 0.0464015 0.174246 0.0172213 0.00440729 0.00354715 0.00365049 0.003581 0.00353142 0 0.00353289 0.00357364 0.00354493 0.0286061 0.0321603 0.0552253 0.0218803 0.0288842 0.0124991 0.0137611 0.0222196 0.0542651 0.0278683 0.0204633 0.0104467 0.00900894 0.00866986 
0.0134121 0.0451707 0.0718884 0.0566558 0.100192 0.0437225 0.102345 0.00407879 0.00388714 0.00368816 0.00366272 0.00355141 0.00353289 0 0.00358241 0.0035243 0.0271786 0.0588847 0.0688954 0.0931112 0.024548 0.0165891 0.0144811 0.0361746 0.0589055 0.0556039 0.0219584 0.0136802 0.00917627 0.00887787 
0.0144239 0.0251942 0.0244858 0.0204467 0.0214385 0.109405 0.040429 0.00517321 0.00471998 0.00376577 0.00360007 0.00357311 0.00357364 0.00358241 0 0.00352608 0.0172291 0.0280297 0.046733 0.0378282 0.0369237 0.0211485 0.0140144 0.0175572 0.0184825 0.0162013 0.028818 0.012985 0.00986264 0.00935779 
0.0230086 0.0147937 0.0109817 0.0115834 0.0117775 0.0129201 0.164522 0.00584159 0.00424041 0.00356856 0.00360336 0.00353765 0.00354493 0.0035243 0.00352608 0 0.0191232 0.0121966 0.013761 0.0114739 0.0143891 0.026399 0.0171984 0.0114729 0.0106281 0.0107504 0.01085 0.0157912 0.011495 0.00947342 
0.0596185 0.152666 0.0267191 0.025191 0.0257778 0.0158619 0.0208111 0.0286209 0.0346 0.0197504 0.015785 0.0255763 0.0286061 0.0271786 0.0172291 0.0191232 0 0.00375207 0.00356777 0.0035576 0.00363966 0.00422532 0.787748 0.0246172 0.0300742 0.0150859 0.0155522 0.0229202 0.015745 0.0169033 
0.0253112 0.12031 0.175078 0.0576987 0.0865125 0.0354504 0.0138328 0.0146458 0.0366293 0.029198 0.0246226 0.0282203 0.0321603 0.0588847 0.0280297 0.0121966 0.00375207 0 0.00356405 0.00357817 0.00364995 0.00366658 0.0736679 0.813978 0.0254787 0.0627711 0.0274078 0.0174103 0.0163307 0.0102718 
0.0169862 0.0679288 0.152085 0.263777 0.0888452 0.0537168 0.0159433 0.0120186 0.0136413 0.027857 0.0579495 0.0267025 0.0552253 0.0688954 0.046733 0.013761 0.00356777 0.00356405 0 0.00354854 0.00359564 0.00359292 0.0859919 0.0458401 0.76857 0.0454595 0.0764335 0.0175177 0.0109273 0.00984776 
0.0119905 0.0550199 0.123312 0.0961655 0.182627 0.0260957 0.0174727 0.0100083 0.0158194 0.0454419 0.0176719 0.0478668 0.0218803 0.0931112 0.0378282 0.0114739 0.0035576 0.00357817 0.00354854 0 0.00359609 0.00355698 0.0291526 0.17417 0.0625644 0.726656 0.0219885 0.0271515 0.00996559 0.00975016 
0.0128901 0.0304058 0.0336654 0.0328426 0.0263192 0.105122 0.0145624 0.0159022 0.0156128 0.0121062 0.0246023 0.0132097 0.0288842 0.024548 0.0369237 0.0143891 0.00363966 0.00364995 0.00359564 0.00359609 0 0.00362402 0.0283407 0.0384186 0.160627 0.0306866 0.679423 0.0196614 0.0128572 0.0102467 
0.0223265 0.0150324 0.0170125 0.0157942 0.0178719 0.0192502 0.0537258 0.0229078 0.0112388 0.0114688 0.0119209 0.0133148 0.0124991 0.0165891 0.0211485 0.026399 0.00422532 0.00366658 0.00359292 0.00355698 0.00362402 0 0.0261709 0.0337869 0.0358227 0.0609116 0.051643 0.693158 0.0144833 0.0126497 
0.0200282 0.0217604 0.0167896 0.0130739 0.0131807 0.0124497 0.0186539 0.0218125 0.0124318 0.0120768 0.0136163 0.0126345 0.0137611 0.0144811 0.0140144 0.0171984 0.787748 0.0736679 0.0859919 0.0291526 0.0283407 0.0261709 0 0.00505195 0.00361585 0.00365204 0.00370298 0.00601819 0.0692452 0.0277978 
0.0143909 0.0484104 0.0449774 0.0329452 0.0393061 0.0197057 0.0120012 0.0102877 0.0230027 0.0242711 0.0194937 0.0325704 0.0222196 0.0361746 0.0175572 0.0114729 0.0246172 0.813978 0.0458401 0.17417 0.0384186 0.0337869 0.00505195 0 0.00364492 0.00358657 0.00362145 0.00372803 0.0687469 0.019426 
0.0113141 0.0322722 0.097703 0.0759711 0.0623766 0.0262754 0.0113053 0.0113532 0.0142722 0.0274804 0.0596832 0.0269564 0.0542651 0.0589055 0.0184825 0.0106281 0.0300742 0.0254787 0.76857 0.0625644 0.160627 0.0358227 0.00361585 0.00364492 0 0.00357411 0.00355602 0.00358721 0.0425987 0.0129937 
0.010054 0.0326251 0.0686132 0.0619172 0.0549162 0.0192285 0.011113 0.00971608 0.0149506 0.0329219 0.0251001 0.0460493 0.0278683 0.0556039 0.0162013 0.0107504 0.0150859 0.0627711 0.0454595 0.726656 0.0306866 0.0609116 0.00365204 0.00358657 0.00357411 0 0.00356788 0.00354645 0.0235593 0.0125942 
0.0105116 0.0219999 0.0281435 0.0278595 0.0216666 0.0300701 0.0118587 0.0112373 0.0121578 0.0120803 0.0217207 0.0135223 0.0204633 0.0219584 0.028818 0.01085 0.0155522 0.0274078 0.0764335 0.0219885 0.679423 0.051643 0.00370298 0.00362145 0.00355602 0.00356788 0 0.00359447 0.0507373 0.0285568 
0.0138964 0.0109774 0.011658 0.0115041 0.0119689 0.0112109 0.0181027 0.0130967 0.00982624 0.00975181 0.00971581 0.0115155 0.0104467 0.0136802 0.012985 0.0157912 0.0229202 0.0174103 0.0175177 0.0271515 0.0196614 0.693158 0.00601819 0.00372803 0.00358721 0.00354645 0.00359447 0 0.028691 0.0827437 
0.00971405 0.010407 0.00912738 0.00918487 0.00902377 0.00938241 0.0101972 0.0101534 0.00921143 0.00874448 0.00894984 0.00904816 0.00900894 0.00917627 0.00986264 0.011495 0.015745 0.0163307 0.0109273 0.00996559 0.0128572 0.0144833 0.0692452 0.0687469 0.0425987 0.0235593 0.0507373 0.028691 0 0.00646687 
0.0102549 0.00905094 0.00866352 0.00883242 0.0087684 0.00860335 0.00949213 0.0100876 0.00850984 0.00843347 0.00860982 0.00868744 0.00866986 0.00887787 0.00935779 0.00947342 0.0169033 0.0102718 0.00984776 0.00975016 0.0102467 0.0126497 0.0277978 0.019426 0.0129937 0.0125942 0.0285568 0.0827437 0.00646687 0 
