1CC7A
AEIKHYQFNVVMTCSGCSGAVNKVLTKLEPDVSKIDISLEKQLVDVYTTLPYDFILEKIKKTGKEVRSGKQL
CCCEEEEEEECCCCCCHHHHHHHHHHCCCCCEEEEEEECCCCEEEEEECCCHHHHHHHHHCCCCCEEEEEEC
0 0 0 0 0 0 0 0 0 0 0 0 0 0 0 0 0 0 0 0 0 0 0 0 0 0 0 0 0 0 0 0 0 0 0 0 0 0 0 0 0 0 0 0 0 0 0 0 0 0 0 0 0 0 0 0 0 0 0 0 0 0 0 0 0 0 0 0 0 0 0 0 
0 0 0 0 0 0 0 0 0 0 0 0 0 0 0 0 0 0 0 0 0 0 0 0 0 0 0 0 0 0 0 0 0 0 0 0 0 0 0 0 0 0 0 0 0 0 0 0 0 0 0 0 0 0 0 0 0 0 0 0 0 0 0 0 0 0 0 0 0 0 0 0 
0 0.00393947 0.00365133 0.00400615 0.00365502 0.00655952 0.00510363 0.0435806 0.0113339 0.0108537 0.00953701 0.010094 0.0106397 0.0280601 0.018089 0.0117705 0.0117748 0.00971103 0.0108712 0.0624537 0.0124971 0.00929671 0.0104455 0.0103008 0.010788 0.0134 
0.00393947 0 0.00375908 0.00364246 0.00365086 0.00448634 0.00386387 0.0223011 0.0202151 0.00977729 0.009595 0.0103353 0.0144201 0.0124445 0.0122571 0.0153217 0.0148886 0.0105389 0.0700835 0.0101927 0.0111839 0.00906177 0.0092121 0.00983205 0.0158465 0.00966896 
0.00365133 0.00375908 0 0.00362182 0.00372404 0.0035699 0.00378762 0.0237754 0.0105003 0.0194606 0.021305 0.00967608 0.0163436 0.00893539 0.0102325 0.0301175 0.0117919 0.160719 0.00929345 0.0121895 0.0111664 0.00902026 0.0105998 0.0299625 0.00913376 0.0114288 
0.00400615 0.00364246 0.00362182 0 0.0036027 0.00364388 0.00354076 0.0097652 0.0179069 0.0211215 0.0101192 0.0383889 0.00897536 0.0110808 0.0134983 0.0102741 0.223405 0.00974188 0.0357702 0.00875516 0.00894999 0.0104437 0.020884 0.00926176 0.0136089 0.00901735 
0.00365502 0.00365086 0.00372404 0.0036027 0 0.00352578 0.00369658 0.0248604 0.00960586 0.0124132 0.0292606 0.00927309 0.0148717 0.00877014 0.010109 0.0742221 0.00945881 0.0737789 0.00878673 0.0152649 0.013273 0.0113482 0.00958739 0.0210894 0.00875126 0.010299 
0.00655952 0.00448634 0.0035699 0.00364388 0.00352578 0 0.0035309 0.0110857 0.0236467 0.0125243 0.00876485 0.0236673 0.0116863 0.0109848 0.0454426 0.0101794 0.0285131 0.0093006 0.0355189 0.00876793 0.0105873 0.0104257 0.0132455 0.00883589 0.0138723 0.00890458 
0.00510363 0.00386387 0.00378762 0.00354076 0.00369658 0.0035309 0 0.046981 0.00896598 0.00907901 0.0121578 0.00860679 0.0155589 0.0315066 0.0132675 0.0145284 0.00921522 0.0147204 0.00900593 0.0243285 0.026026 0.00873528 0.00871867 0.0109475 0.00876197 0.0113935 
0.0435806 0.0223011 0.0237754 0.0097652 0.0248604 0.0110857 0.046981 0 0.00408534 0.00369403 0.00380549 0.00366186 0.00442242 0.00836265 0.0070413 0.00790283 0.00716235 0.00952262 0.0135261 0.575333 0.0383522 0.00959378 0.00959087 0.0132691 0.0109037 0.0284188 
0.0113339 0.0202151 0.0105003 0.0179069 0.00960586 0.0236467 0.00896598 0.00408534 0 0.00357728 0.00356044 0.0036763 0.00362396 0.00360105 0.00594538 0.00728555 0.007341 0.007634 0.124537 0.0799537 0.0101587 0.00928682 0.00934869 0.00882933 0.0119866 0.00974094 
0.0108537 0.00977729 0.0194606 0.0211215 0.0124132 0.0125243 0.00907901 0.00369403 0.00357728 0 0.00354898 0.00357403 0.00357479 0.0037833 0.00604847 0.00650359 0.0101939 0.0346181 0.74166 0.00829665 0.00959905 0.00948112 0.00940567 0.00966149 0.00937748 0.0088899 
0.00953701 0.009595 0.021305 0.0101192 0.0292606 0.00876485 0.0121578 0.00380549 0.00356044 0.00354898 0 0.003578 0.0036682 0.00353916 0.00469202 0.00779487 0.0113193 0.840967 0.00691187 0.0079268 0.013567 0.00880425 0.00918287 0.0122282 0.00870923 0.00930309 
0.010094 0.0103353 0.00967608 0.0383889 0.00927309 0.0236673 0.00860679 0.00366186 0.0036763 0.00357403 0.003578 0 0.00352691 0.00354407 0.00465247 0.00683004 0.87849 0.0065907 0.00817882 0.00597067 0.00873593 0.00993004 0.011176 0.00883446 0.0110674 0.0091307 
0.0106397 0.0144201 0.0163436 0.00897536 0.0148717 0.0116863 0.0155589 0.00442242 0.00362396 0.00357479 0.0036682 0.00352691 0 0.00354119 0.00759281 0.914238 0.006668 0.00771098 0.00647722 0.00693365 0.0134053 0.0106919 0.00882349 0.0101599 0.00932598 0.0103828 
0.0280601 0.0124445 0.00893539 0.0110808 0.00877014 0.0109848 0.0315066 0.00836265 0.00360105 0.0037833 0.00353916 0.00354407 0.00354119 0 0.928041 0.00659117 0.00544395 0.00471506 0.00610292 0.00645975 0.0175682 0.00946933 0.00915209 0.00940217 0.0101611 0.01213 
0.018089 0.0122571 0.0102325 0.0134983 0.010109 0.0454426 0.0132675 0.0070413 0.00594538 0.00604847 0.00469202 0.00465247 0.00759281 0.928041 0 0.00369881 0.00357765 0.00350126 0.0039016 0.00447728 0.0462251 0.0114068 0.012613 0.0105975 0.0147782 0.0246649 
0.0117705 0.0153217 0.0301175 0.0102741 0.0742221 0.0101794 0.0145284 0.00790283 0.00728555 0.00650359 0.00779487 0.00683004 0.914238 0.00659117 0.00369881 0 0.00353855 0.00354164 0.00364817 0.00388166 0.0420145 0.027383 0.0115296 0.0175405 0.0137208 0.0198307 
0.0117748 0.0148886 0.0117919 0.223405 0.00945881 0.0285131 0.00921522 0.00716235 0.007341 0.0101939 0.0113193 0.87849 0.006668 0.00544395 0.00357765 0.00353855 0 0.00352222 0.00355911 0.00356376 0.0142022 0.0208861 0.0332092 0.0110346 0.0198236 0.011387 
0.00971103 0.0105389 0.160719 0.00974188 0.0737789 0.0093006 0.0147204 0.00952262 0.007634 0.0346181 0.840967 0.0065907 0.00771098 0.00471506 0.00350126 0.00354164 0.00352222 0 0.00353672 0.0036138 0.0190982 0.0150309 0.0175008 0.0528881 0.00942192 0.0180853 
0.0108712 0.0700835 0.00929345 0.0357702 0.00878673 0.0355189 0.00900593 0.0135261 0.124537 0.74166 0.00691187 0.00817882 0.00647722 0.00610292 0.0039016 0.00364817 0.00355911 0.00353672 0 0.00355311 0.015687 0.0136782 0.0199867 0.00941609 0.0317554 0.0124513 
0.0624537 0.0101927 0.0121895 0.00875516 0.0152649 0.00876793 0.0243285 0.575333 0.0799537 0.00829665 0.0079268 0.00597067 0.00693365 0.00645975 0.00447728 0.00388166 0.00356376 0.0036138 0.00355311 0 0.0317564 0.0114208 0.00945815 0.0151872 0.0106834 0.0453184 
0.0124971 0.0111839 0.0111664 0.00894999 0.013273 0.0105873 0.026026 0.0383522 0.0101587 0.00959905 0.013567 0.00873593 0.0134053 0.0175682 0.0462251 0.0420145 0.0142022 0.0190982 0.015687 0.0317564 0 0.00375861 0.00360458 0.0041414 0.00449349 0.0197884 
0.00929671 0.00906177 0.00902026 0.0104437 0.0113482 0.0104257 0.00873528 0.00959378 0.00928682 0.00948112 0.00880425 0.00993004 0.0106919 0.00946933 0.0114068 0.027383 0.0208861 0.0150309 0.0136782 0.0114208 0.00375861 0 0.00355205 0.00362631 0.00429877 0.00450306 
0.0104455 0.0092121 0.0105998 0.020884 0.00958739 0.0132455 0.00871867 0.00959087 0.00934869 0.00940567 0.00918287 0.011176 0.00882349 0.00915209 0.012613 0.0115296 0.0332092 0.0175008 0.0199867 0.00945815 0.00360458 0.00355205 0 0.00365645 0.00369928 0.00375567 
0.0103008 0.00983205 0.0299625 0.00926176 0.0210894 0.00883589 0.0109475 0.0132691 0.00882933 0.00966149 0.0122282 0.00883446 0.0101599 0.00940217 0.0105975 0.0175405 0.0110346 0.0528881 0.00941609 0.0151872 0.0041414 0.00362631 0.00365645 0 0.00369204 0.00373865 
0.010788 0.0158465 0.00913376 0.0136089 0.00875126 0.0138723 0.00876197 0.0109037 0.0119866 0.00937748 0.00870923 0.0110674 0.00932598 0.0101611 0.0147782 0.0137208 0.0198236 0.00942192 0.0317554 0.0106834 0.00449349 0.00429877 0.00369928 0.00369204 0 0.00384979 
0.0134 0.00966896 0.0114288 0.00901735 0.010299 0.00890458 0.0113935 0.0284188 0.00974094 0.0088899 0.00930309 0.0091307 0.0103828 0.01213 0.0246649 0.0198307 0.011387 0.0180853 0.0124513 0.0453184 0.0197884 0.00450306 0.00375567 0.00373865 0.00384979 0 
