1DCOA
HRLSAEERDQLLPNLRAVGWNELEGRDAIFKQFHFKDFNRAFGFMTRVALQAEKLDHHPEWFNVYNKVHITLSTHECAGLSERDINLASFIEQVAVSMT
CCCCHHHHHHHHHHHHHHCCEECCCCCCEEEEEECCCHHHHHHHHHHHHHHHHHHCCCCEEEEECCEEEEEECECCCCECCHHHHHHHHHHHHHHHCCC
0 0 0 0 0 0 0 0 0 0 0 0 0 0 0 0 0 0 0 0 0 0 0 0 0 0 0 0 0 0 0 0 0 0 0 0 0 0 0 0 0 0 0 0 0 0 0 0 0 0 0 0 0 0 0 0 0 0 0 0 0 0 0 0 0 0 0 0 0 0 0 0 0 0 0 0 0 0 0 0 0 0 0 0 0 0 0 0 0 0 0 0 0 0 0 0 0 0 0 
0 0 0 0 0 0 0 0 0 0 0 0 0 0 0 0 0 0 0 0 0 0 0 0 0 0 0 0 0 0 0 0 0 0 0 0 0 0 0 0 0 0 0 0 0 0 0 0 0 0 0 0 0 0 0 0 0 0 0 0 0 0 0 0 0 0 0 0 0 0 0 0 0 0 0 0 0 0 0 0 0 0 0 0 0 0 0 0 0 0 0 0 0 0 0 0 0 0 0 
0 0.00916624 0.00691337 0.579437 0.00714768 0.0100415 0.00697034 0.0262259 0.015498 0.00879841 0.00905511 0.0094847 0.00947914 0.0107204 0.00911374 0.00977739 0.00870652 0.0103443 0.0088346 0.0106922 0.0101675 
0.00916624 0 0.694851 0.00544155 0.00653819 0.00532935 0.00839044 0.00646961 0.00959162 0.00893903 0.00855526 0.00862582 0.00897874 0.0102155 0.00936925 0.00877987 0.00888964 0.00931133 0.00867123 0.010326 0.00917494 
0.00691337 0.694851 0 0.00358712 0.00384413 0.00360241 0.00400979 0.00416923 0.0389578 0.0125323 0.00998508 0.010386 0.0278786 0.011686 0.0222098 0.0105838 0.018413 0.0103764 0.148285 0.0148487 0.012179 
0.579437 0.00544155 0.00358712 0 0.00356298 0.00354354 0.00359629 0.00452444 0.0207882 0.0109933 0.0130195 0.0148897 0.00886829 0.016397 0.00943524 0.044318 0.00981862 0.230205 0.00920772 0.00913265 0.00925427 
0.00714768 0.00653819 0.00384413 0.00356298 0 0.00357837 0.00357531 0.00354735 0.0137822 0.0271741 0.0123647 0.0114232 0.00989968 0.00856775 0.0316983 0.00932965 0.388432 0.00934704 0.0138131 0.0086101 0.00855792 
0.0100415 0.00532935 0.00360241 0.00354354 0.00357837 0 0.00349626 0.00366602 0.0161148 0.0099236 0.040814 0.01089 0.00843977 0.0173845 0.00847525 0.422131 0.00924076 0.0258215 0.00915878 0.0088438 0.00872157 
0.00697034 0.00839044 0.00400979 0.00359629 0.00357531 0.00349626 0 0.0035253 0.0121596 0.0554418 0.0118834 0.0335472 0.0114742 0.00860153 0.369772 0.00902766 0.0429795 0.0107005 0.014732 0.00933081 0.00889662 
0.0262259 0.00646961 0.00416923 0.00452444 0.00354735 0.00366602 0.0035253 0 0.034984 0.00933587 0.0131969 0.0153943 0.0185305 0.190516 0.00879394 0.0184176 0.00911322 0.0265617 0.0248084 0.0142477 0.0137872 
0.015498 0.00959162 0.0389578 0.0207882 0.0137822 0.0161148 0.0121596 0.034984 0 0.0037264 0.00356126 0.00354867 0.00378194 0.00493273 0.00436579 0.00535028 0.00804427 0.840178 0.027978 0.00840956 0.0107744 
0.00879841 0.00893903 0.0125323 0.0109933 0.0271741 0.0099236 0.0554418 0.00933587 0.0037264 0 0.00352536 0.00356987 0.00356686 0.00383237 0.014963 0.0100448 0.959312 0.0142503 0.0085901 0.00821536 0.0085815 
0.00905511 0.00855526 0.00998508 0.0130195 0.0123647 0.040814 0.0118834 0.0131969 0.00356126 0.00352536 0 0.00353145 0.00352252 0.00413222 0.00579255 0.960809 0.0116135 0.00903415 0.00692505 0.0059376 0.00752483 
0.0094847 0.00862582 0.010386 0.0148897 0.0114232 0.01089 0.0335472 0.0153943 0.00354867 0.00356987 0.00353145 0 0.0034849 0.00437945 0.953702 0.0061063 0.00464173 0.00501666 0.00583243 0.00579045 0.00760377 
0.00947914 0.00897874 0.0278786 0.00886829 0.00989968 0.00843977 0.0114742 0.0185305 0.00378194 0.00356686 0.00352252 0.0034849 0 0.97835 0.00626131 0.00373351 0.00404356 0.0041831 0.00763922 0.00637311 0.00957983 
0.0107204 0.0102155 0.011686 0.016397 0.00856775 0.0173845 0.00860153 0.190516 0.00493273 0.00383237 0.00413222 0.00437945 0.97835 0 0.00357274 0.00357411 0.00352366 0.00385918 0.0038532 0.00460707 0.00774724 
0.00911374 0.00936925 0.0222098 0.00943524 0.0316983 0.00847525 0.369772 0.00879394 0.00436579 0.014963 0.00579255 0.953702 0.00626131 0.00357274 0 0.00354191 0.00360805 0.00355592 0.00359359 0.00389297 0.00736407 
0.00977739 0.00877987 0.0105838 0.044318 0.00932965 0.422131 0.00902766 0.0184176 0.00535028 0.0100448 0.960809 0.0061063 0.00373351 0.00357411 0.00354191 0 0.00354598 0.0035688 0.00353719 0.00360431 0.0059332 
0.00870652 0.00888964 0.018413 0.00981862 0.388432 0.00924076 0.0429795 0.00911322 0.00804427 0.959312 0.0116135 0.00464173 0.00404356 0.00352366 0.00360805 0.00354598 0 0.00355382 0.00353995 0.00358241 0.00570531 
0.0103443 0.00931133 0.0103764 0.230205 0.00934704 0.0258215 0.0107005 0.0265617 0.840178 0.0142503 0.00903415 0.00501666 0.0041831 0.00385918 0.00355592 0.0035688 0.00355382 0 0.00353537 0.00360759 0.00714713 
0.0088346 0.00867123 0.148285 0.00920772 0.0138131 0.00915878 0.014732 0.0248084 0.027978 0.0085901 0.00692505 0.00583243 0.00763922 0.0038532 0.00359359 0.00353719 0.00353995 0.00353537 0 0.00366101 0.00575922 
0.0106922 0.010326 0.0148487 0.00913265 0.0086101 0.0088438 0.00933081 0.0142477 0.00840956 0.00821536 0.0059376 0.00579045 0.00637311 0.00460707 0.00389297 0.00360431 0.00358241 0.00360759 0.00366101 0 0.80506 
0.0101675 0.00917494 0.012179 0.00925427 0.00855792 0.00872157 0.00889662 0.0137872 0.0107744 0.0085815 0.00752483 0.00760377 0.00957983 0.00774724 0.00736407 0.0059332 0.00570531 0.00714713 0.00575922 0.80506 0 
