1DJ0B
PPVYKIALGIEYDGSKYYGWQRQNEVRSVQEKLEKALSQVANEPITVFCAGRTDAGVHGTGQVVHFETTALRKDAAWTLGVNANLPGDIAVRWVKTVPDDFHARFSATARRYRYIIYNHRLRPAVLSKGVTHFYEPLDAERMHRAAQCLLGENDFTSFRAVQCQSRTPWRNVMHINVTRHGPYVVVDIKANAFVHHMVRNIVGSLMEVGAHNQPESWIAELLAAKDRTLAAATAKAEGLYLVAVDYPDRYDLPKPPMGPLFLAD
CCCEEEEEEEEECCCCCCCCCCCCCCCCHHHHHHHHHHHHHCCCCCCEECCCCCCCCEEEEEEEEEEECCCCCHHHHHHHHHHHCCCCEEEEEEEECCCCCCCCCCCCEEEEEEEEEECCCCCCCCCCCCEEECCCCCHHHHHHHHHHHCEEEECHHHCCCCCCCCCCEEEEEEEEEEEECCEEEEEEEECCCCCCHHHHHHHHHHHHHCCCCCCCHHHHHHHHCCHHHCCCCCCCCCEEEEEEECCHHHCCCCCCCCCCCCCC
0 0 0 0 0 0 0 0 0 0 0 0 0 0 0 0 0 0 0 0 0 0 0 0 0 0 0 0 0 0 0 0 0 0 0 0 0 0 0 0 0 0 0 0 0 0 0 0 0 0 0 0 0 0 0 0 0 0 0 0 0 0 0 0 0 0 0 0 0 0 0 0 0 0 0 0 0 0 0 0 0 0 0 0 0 0 0 0 0 0 0 0 0 0 0 0 0 0 0 0 0 0 0 0 0 0 0 0 0 0 0 0 0 0 0 0 0 0 0 0 0 0 0 0 0 0 0 0 0 0 0 0 0 0 0 0 0 0 0 0 0 0 0 0 0 0 0 0 0 0 0 0 0 0 0 0 0 0 0 0 0 0 0 0 0 0 0 0 0 0 0 0 0 0 0 0 0 0 0 0 0 0 0 0 0 0 0 0 0 0 0 0 0 0 0 0 0 0 0 0 0 0 0 0 0 0 0 0 0 0 0 0 0 0 0 0 0 0 0 0 0 0 0 0 0 0 0 0 0 0 0 0 0 0 0 0 0 0 0 0 0 0 0 0 0 0 0 0 0 0 0 0 0 0 0 0 0 0 0 0 0 0 0 0 
0 0 0 0 0 0 0 0 0 0 0 0 0 0 0 0 0 0 0 0 0 0 0 0 0 0 0 0 0 0 0 0 0 0 0 0 0 0 0 0 0 0 0 0 0 0 0 0 0 0 0 0 0 0 0 0 0 0 0 0 0 0 0 0 0 0 0 0 0 0 0 0 0 0 0 0 0 0 0 0 0 0 0 0 0 0 0 0 0 0 0 0 0 0 0 0 0 0 0 0 0 0 0 0 0 0 0 0 0 0 0 0 0 0 0 0 0 0 0 0 0 0 0 0 0 0 0 0 0 0 0 0 0 0 0 0 0 0 0 0 0 0 0 0 0 0 0 0 0 0 0 0 0 0 0 0 0 0 0 0 0 0 0 0 0 0 0 0 0 0 0 0 0 0 0 0 0 0 0 0 0 0 0 0 0 0 0 0 0 0 0 0 0 0 0 0 0 0 0 0 0 0 0 0 0 0 0 0 0 0 0 0 0 0 0 0 0 0 0 0 0 0 0 0 0 0 0 0 0 0 0 0 0 0 0 0 0 0 0 0 0 0 0 0 0 0 0 0 0 0 0 0 0 0 0 0 0 0 0 0 0 0 0 0 
0 0.0038618 0.00352561 0.00359395 0.00358428 0.00360577 0.00399137 0.00449455 0.0161273 0.0262312 0.0129314 0.0177181 0.0100441 0.00958759 0.00982797 0.0107667 0.010176 0.0114272 0.0121493 0.00947385 0.00953325 0.0176261 0.0125048 0.00985822 0.00944202 0.00898962 0.00915587 0.00862235 0.00871664 0.011683 0.00911909 0.008401 0.00859249 0.00846119 0.00866722 0.00901117 0.00903724 0.00898885 0.00883081 0.00944795 0.00841225 0.00828131 0.00873445 0.00818957 0.00805568 0.00810154 0.00850591 0.00818936 0.00813153 0.00810476 0.00809252 0.00808905 0.00811331 0.00823618 0.00832754 0.00820267 0.00802305 0.00800519 0.00823032 0.00833126 0.0082842 0.00834877 0.00848037 0.00831582 0.00830424 0.00821525 0.00876197 0.008481 0.00830077 0.00832018 0.00828161 0.00831838 0.00832739 0.00863989 
0.0038618 0 0.00367388 0.00357132 0.00358613 0.00356415 0.00366555 0.00620469 0.00459469 0.0206254 0.0115652 0.0113499 0.0193751 0.0122246 0.0130182 0.0173407 0.0174873 0.0235442 0.0179619 0.0122786 0.024172 0.00896496 0.0103243 0.0206353 0.0116875 0.0129488 0.010206 0.0100813 0.0104137 0.00973674 0.00858213 0.00908822 0.00901769 0.00934858 0.00952326 0.0102033 0.0116155 0.00976944 0.0103207 0.00854503 0.00820513 0.00842484 0.00811429 0.00801343 0.00826231 0.00842096 0.00818782 0.00808436 0.00832985 0.0083478 0.00824779 0.00846148 0.00840462 0.00841875 0.00855164 0.0083159 0.00831716 0.00815947 0.00806435 0.00826918 0.00867338 0.00881414 0.00882434 0.00871382 0.00857458 0.00840845 0.0081631 0.00828694 0.00844233 0.00856526 0.00849542 0.00849622 0.00845422 0.00833206 
0.00352561 0.00367388 0 0.00354675 0.00357234 0.00354972 0.0049878 0.00363479 0.00383635 0.014163 0.0115492 0.0119269 0.0310835 0.0206262 0.0355233 0.0303827 0.0404794 0.0601844 0.020762 0.088637 0.00923757 0.010619 0.0161647 0.0154289 0.0570247 0.0229323 0.0261836 0.0197796 0.00961873 0.0089492 0.00948784 0.00907944 0.0135076 0.0147583 0.0145239 0.0236318 0.0187527 0.021831 0.00958799 0.00873998 0.00883286 0.0083493 0.00837777 0.00838589 0.00832258 0.00838627 0.00821885 0.00820475 0.00849664 0.00849244 0.00875487 0.00853627 0.00861343 0.00932518 0.00859262 0.00919925 0.00833934 0.00822203 0.00801703 0.00843186 0.00920578 0.00943714 0.0103841 0.00950682 0.0100621 0.00862714 0.00833433 0.00831168 0.00861591 0.00875988 0.00875343 0.00875228 0.00856613 0.00838625 
0.00359395 0.00357132 0.00354675 0 0.00353582 0.00355848 0.00357449 0.00359361 0.00368699 0.0214291 0.0102361 0.0157553 0.0236794 0.0557084 0.0293421 0.0676319 0.0702908 0.0474152 0.175219 0.0133547 0.0250001 0.00904207 0.0112489 0.0455781 0.0390866 0.0722866 0.0406998 0.0183143 0.0115539 0.0092405 0.00886436 0.0116246 0.0164574 0.0160809 0.0226832 0.025792 0.0390265 0.0230525 0.0123833 0.00859945 0.00858325 0.00878693 0.00822417 0.00820115 0.00838252 0.00863663 0.00824724 0.00820556 0.00863049 0.00907146 0.00859407 0.00897382 0.00945466 0.00875464 0.0100598 0.00862435 0.00856125 0.0083173 0.00811537 0.00862144 0.0096452 0.0110458 0.0102165 0.0114095 0.00942614 0.00897243 0.00826358 0.00833535 0.00874929 0.00911385 0.00883425 0.00876848 0.00860039 0.00834407 
0.00358428 0.00358613 0.00357234 0.00353582 0 0.00353937 0.00361251 0.00359581 0.00360503 0.0144894 0.0128379 0.0125521 0.0458664 0.0244435 0.0576083 0.0394104 0.0587089 0.189145 0.02307 0.0789955 0.0101417 0.0116579 0.0137102 0.0223333 0.0893509 0.0485911 0.0567165 0.0235731 0.0103711 0.00903475 0.00963719 0.0106794 0.018744 0.0233721 0.0208188 0.0436357 0.0308396 0.0354026 0.0112745 0.00883697 0.00885764 0.00858973 0.00851599 0.00858906 0.00832735 0.00864433 0.00832277 0.00825617 0.00872353 0.00866083 0.00912494 0.00875606 0.00886274 0.00965646 0.00874809 0.00912546 0.00848593 0.00828723 0.00805469 0.00874102 0.00984117 0.0100001 0.0112805 0.00969121 0.0101996 0.00865451 0.00830958 0.00848386 0.00886999 0.00906313 0.00897043 0.00903135 0.00869499 0.00847577 
0.00360577 0.00356415 0.00354972 0.00355848 0.00353937 0 0.00352812 0.00357046 0.0035753 0.0227321 0.0105954 0.0165297 0.0173805 0.0505675 0.0256682 0.0565561 0.118818 0.0341936 0.125697 0.012489 0.0243609 0.00901591 0.0115615 0.0410451 0.0426725 0.0800134 0.0341719 0.0140859 0.010571 0.00950896 0.00896628 0.0107459 0.0181217 0.0155589 0.0265221 0.0234738 0.0383951 0.0223925 0.012211 0.00860678 0.00857942 0.00876941 0.0082513 0.00820247 0.00840281 0.00862926 0.00830259 0.00823276 0.00862679 0.0089041 0.00874515 0.00864466 0.00929042 0.00869753 0.0100931 0.00863511 0.00848793 0.00831073 0.00809012 0.00861436 0.00917824 0.0109636 0.00989607 0.0107183 0.00931738 0.00887736 0.00822191 0.00832957 0.00880549 0.0091248 0.00904144 0.00879565 0.00864492 0.00835084 
0.00399137 0.00366555 0.0049878 0.00357449 0.00361251 0.00352812 0 0.00353891 0.00354797 0.012357 0.013269 0.010437 0.0382154 0.0196131 0.0494023 0.075282 0.0338458 0.0710092 0.0151433 0.0842207 0.00927816 0.0114485 0.0112413 0.0176065 0.0702029 0.0297491 0.0243822 0.0156749 0.00947506 0.00883144 0.00898421 0.00977994 0.0143613 0.0191663 0.0148523 0.0291254 0.0200036 0.0237083 0.00964351 0.00868391 0.00877523 0.00844563 0.00840489 0.00821976 0.00830422 0.00845058 0.00823093 0.00817337 0.00850239 0.0085795 0.00862029 0.00866093 0.00868261 0.0090717 0.00859371 0.00878387 0.0083214 0.00817982 0.00802384 0.00844747 0.00941014 0.00939151 0.0103167 0.00940935 0.00953881 0.00848746 0.00827878 0.00840275 0.00861674 0.00888951 0.00877734 0.0089639 0.00855023 0.00846734 
0.00449455 0.00620469 0.00363479 0.00359361 0.00359581 0.00357046 0.00353891 0 0.00370501 0.0275776 0.0193522 0.0139152 0.0151033 0.0302669 0.0393773 0.0225383 0.0194403 0.0139665 0.0361635 0.0100221 0.0326602 0.00882212 0.0118454 0.0275195 0.0150411 0.0170314 0.0121543 0.00935207 0.00986324 0.00903807 0.00870987 0.0119808 0.0116808 0.00970406 0.0128081 0.0115575 0.0128389 0.011378 0.0116619 0.0087347 0.00837547 0.00879289 0.00821754 0.00810382 0.00830478 0.00825538 0.00822208 0.00808692 0.00831456 0.00847626 0.00829764 0.00832918 0.00850078 0.00840279 0.00875845 0.0084015 0.00822559 0.00811764 0.00805606 0.00833755 0.00880336 0.00923037 0.00915852 0.00904262 0.00873814 0.00835332 0.00818663 0.00823682 0.00859256 0.00874646 0.00866397 0.00847454 0.00838049 0.00820493 
0.0161273 0.00459469 0.00383635 0.00368699 0.00360503 0.0035753 0.00354797 0.00370501 0 0.0248726 0.0556411 0.0152881 0.0189192 0.0234471 0.0180661 0.0124396 0.0124821 0.0154516 0.0101834 0.0154664 0.00921304 0.0199008 0.0180611 0.010395 0.0123899 0.0100362 0.00968436 0.0091511 0.00872558 0.00942795 0.0152945 0.00900226 0.00905988 0.00944876 0.00902284 0.0102011 0.00930186 0.00960284 0.00903035 0.00960635 0.00934011 0.0082807 0.0087622 0.00854048 0.00809075 0.00817625 0.00834677 0.00842762 0.00818612 0.00809211 0.00826549 0.00814436 0.00809601 0.00833397 0.0081442 0.00838745 0.00803103 0.00806147 0.00815708 0.00874661 0.0085021 0.00844979 0.00880408 0.00835241 0.00860347 0.00809384 0.00850634 0.00853176 0.00854403 0.00858086 0.00848875 0.00829878 0.00822292 0.00822812 
0.0262312 0.0206254 0.014163 0.0214291 0.0144894 0.0227321 0.012357 0.0275776 0.0248726 0 0.00382329 0.0331312 0.0133016 0.0104525 0.00828303 0.00947804 0.00964384 0.00822367 0.0135219 0.00820653 0.0220666 0.0105531 0.0146237 0.0165495 0.0104328 0.0106276 0.0102518 0.00888981 0.00958755 0.0184148 0.00948159 0.0102891 0.00872086 0.00874503 0.0093177 0.00896728 0.00938373 0.00890409 0.0102409 0.0105139 0.00864671 0.00930834 0.00895785 0.00818298 0.00836486 0.00814596 0.00929755 0.00856149 0.00804898 0.00866547 0.00799405 0.00816871 0.00862245 0.00802771 0.00925642 0.00802021 0.00833159 0.0080238 0.00820594 0.00856595 0.00841394 0.00868677 0.00843562 0.00866065 0.00827216 0.00840216 0.00835105 0.00822435 0.00820568 0.00823549 0.0082039 0.00820288 0.00813964 0.00848678 
0.0129314 0.0115652 0.0115492 0.0102361 0.0128379 0.0105954 0.013269 0.0193522 0.0556411 0.00382329 0 0.0149689 0.0123685 0.0108827 0.00870163 0.00874513 0.00854039 0.00883826 0.0084025 0.0109445 0.0092737 0.0190139 0.0174126 0.0107988 0.0101689 0.00934055 0.00917192 0.00891237 0.00920355 0.00993788 0.0143805 0.00901775 0.00875951 0.0091112 0.00903147 0.00954312 0.00922811 0.00923662 0.0104909 0.0102766 0.0101111 0.00839285 0.00872433 0.0089403 0.00807635 0.0082588 0.00832888 0.00856374 0.00815822 0.00812459 0.00818808 0.00820984 0.00810105 0.00840488 0.0081284 0.00833718 0.00807235 0.00806618 0.0081368 0.00887837 0.00872049 0.00837342 0.00864025 0.00836397 0.00852745 0.00810459 0.00853855 0.00838788 0.00865867 0.00837816 0.00819797 0.00820078 0.00812167 0.00818422 
0.0177181 0.0113499 0.0119269 0.0157553 0.0125521 0.0165297 0.010437 0.0139152 0.0152881 0.0331312 0.0149689 0 0.00360242 0.00357229 0.00360075 0.00365291 0.00366755 0.00392295 0.00514557 0.00477809 0.0070911 0.00897436 0.0452378 0.0214742 0.0120999 0.0133433 0.0107338 0.00952015 0.0101343 0.0248181 0.0108964 0.0100368 0.0103072 0.0099336 0.0109925 0.011083 0.0132687 0.0109653 0.0111308 0.0151341 0.00912688 0.00905787 0.0102989 0.00827257 0.00821573 0.00821115 0.0100914 0.00843444 0.00804686 0.00860242 0.00811511 0.00825716 0.00856104 0.0081253 0.00932417 0.0081591 0.00823618 0.00822463 0.00847998 0.00857521 0.00847128 0.00916023 0.00881033 0.00924927 0.00849373 0.00873314 0.00906711 0.00820445 0.00827251 0.00861238 0.00841421 0.00838229 0.00822856 0.00864947 
0.0100441 0.0193751 0.0310835 0.0236794 0.0458664 0.0173805 0.0382154 0.0151033 0.0189192 0.0133016 0.0123685 0.00360242 0 0.00354274 0.00356343 0.00359286 0.00386206 0.00377448 0.0040914 0.00527092 0.00477983 0.00893686 0.0241318 0.0349105 0.0390002 0.0162498 0.0156228 0.0172182 0.014075 0.0105693 0.0117247 0.0121552 0.0153016 0.0207957 0.0148311 0.0270452 0.0189499 0.0280184 0.0163297 0.0106412 0.00955978 0.0092413 0.00934239 0.00835546 0.00845975 0.00945101 0.00852685 0.00818631 0.00946617 0.00847063 0.00945726 0.00874664 0.00848723 0.0100971 0.00841045 0.010102 0.00833748 0.00852518 0.00814512 0.00843796 0.0107402 0.0104903 0.0138028 0.0102139 0.0121354 0.00881389 0.00873777 0.00832895 0.00859078 0.00921833 0.00920363 0.00875011 0.00866981 0.00823352 
0.00958759 0.0122246 0.0206262 0.0557084 0.0244435 0.0505675 0.0196131 0.0302669 0.0234471 0.0104525 0.0108827 0.00357229 0.00354274 0 0.00352971 0.00356116 0.00356877 0.00356273 0.00402449 0.00358477 0.00431066 0.00408051 0.0152296 0.0295403 0.0254998 0.0338746 0.0229712 0.0138033 0.0140905 0.010136 0.00934757 0.0138842 0.0208564 0.0152014 0.0310752 0.0209392 0.0492599 0.0290883 0.0216811 0.00918245 0.00891253 0.00899902 0.00854139 0.00816951 0.0085811 0.00843228 0.00893641 0.00816923 0.00830678 0.0102376 0.00857429 0.00942907 0.0107488 0.00857762 0.0126236 0.00847074 0.00890555 0.00816194 0.00806703 0.00831604 0.00985001 0.0137125 0.0116151 0.0161261 0.0101581 0.00951987 0.00818544 0.00813994 0.00851733 0.00887838 0.00861837 0.00882285 0.00842022 0.00842972 
0.00982797 0.0130182 0.0355233 0.0293421 0.0576083 0.0256682 0.0494023 0.0393773 0.0180661 0.00828303 0.00870163 0.00360075 0.00356343 0.00352971 0 0.00352252 0.00356355 0.00358586 0.00360042 0.00416153 0.00362202 0.00411779 0.0236723 0.0182913 0.0397192 0.0244629 0.0402092 0.0213825 0.0106508 0.0101416 0.0104342 0.0115374 0.0204324 0.0263319 0.0195433 0.0463193 0.0391126 0.0559701 0.0124123 0.009854 0.00924143 0.00873782 0.00885763 0.00840908 0.00843504 0.00886155 0.00856638 0.00819576 0.00910549 0.00877132 0.0102716 0.00950644 0.00889999 0.0123022 0.00923407 0.0103463 0.008453 0.00823644 0.00816593 0.00846874 0.0109315 0.0127271 0.0177102 0.0116087 0.0153037 0.00882655 0.00866965 0.00828076 0.0086927 0.0091841 0.00945026 0.00871928 0.00858646 0.0084128 
0.0107667 0.0173407 0.0303827 0.0676319 0.0394104 0.0565561 0.075282 0.0225383 0.0124396 0.00947804 0.00874513 0.00365291 0.00359286 0.00356116 0.00352252 0 0.0035234 0.00353778 0.00356177 0.00354706 0.00372812 0.00370285 0.0222172 0.0495763 0.0235211 0.0586506 0.0313676 0.0144417 0.0150836 0.012626 0.0100322 0.0156365 0.0225553 0.0225057 0.0389451 0.0399623 0.0551043 0.0354125 0.0167434 0.00959606 0.00921974 0.00910822 0.00870341 0.00842317 0.00885372 0.00867358 0.00862861 0.00840855 0.00852494 0.0101905 0.00976319 0.00988102 0.0116429 0.0095346 0.0122645 0.00920866 0.00870731 0.00829507 0.0081302 0.00858758 0.0110838 0.0157057 0.0142295 0.0159732 0.0111807 0.00954751 0.00843021 0.00838465 0.00877806 0.00933586 0.00910247 0.00928842 0.00859015 0.00847022 
0.010176 0.0174873 0.0404794 0.0702908 0.0587089 0.118818 0.0338458 0.0194403 0.0124821 0.00964384 0.00854039 0.00366755 0.00386206 0.00356877 0.00356355 0.0035234 0 0.00353688 0.00355366 0.00354131 0.00359655 0.00368713 0.0340273 0.0355925 0.0807174 0.038681 0.0278827 0.0249397 0.0183908 0.0100868 0.0103977 0.0149909 0.029346 0.0324322 0.0416255 0.0502193 0.0513621 0.0477592 0.0184675 0.00959792 0.00933643 0.00952781 0.00882962 0.00842548 0.00868297 0.0091318 0.00865604 0.00835271 0.00890825 0.00987961 0.00995242 0.0119375 0.0102357 0.0105476 0.0100585 0.00896295 0.0090587 0.00831273 0.00816449 0.00863247 0.0114002 0.0165979 0.0172123 0.0142042 0.0134298 0.00923054 0.00852017 0.00831795 0.00886831 0.00964158 0.0097056 0.00912061 0.00884526 0.00837669 
0.0114272 0.0235442 0.0601844 0.0474152 0.189145 0.0341936 0.0710092 0.0139665 0.0154516 0.00822367 0.00883826 0.00392295 0.00377448 0.00356273 0.00358586 0.00353778 0.00353688 0 0.00355481 0.0035458 0.00354758 0.00363776 0.0366752 0.0429822 0.067619 0.042974 0.0427455 0.0362892 0.0123675 0.0103699 0.0118401 0.0157909 0.0301596 0.0485517 0.0349581 0.0616579 0.046834 0.0620867 0.0151369 0.00961008 0.0103359 0.00921818 0.00907843 0.00857037 0.00886569 0.00970584 0.00865223 0.00847836 0.00987522 0.0094616 0.0120767 0.0105025 0.0109452 0.0116242 0.00942885 0.0109407 0.00869988 0.00857608 0.0081939 0.00887495 0.0135272 0.0165077 0.0224009 0.0148285 0.0168744 0.00919377 0.0086313 0.00845909 0.00896998 0.0101949 0.00980123 0.00929277 0.00897928 0.00837603 
0.0121493 0.0179619 0.020762 0.175219 0.02307 0.125697 0.0151433 0.0361635 0.0101834 0.0135219 0.0084025 0.00514557 0.0040914 0.00402449 0.00360042 0.00356177 0.00355366 0.00355481 0 0.00352836 0.0035543 0.00353905 0.023467 0.0748842 0.0302351 0.0550249 0.0666828 0.0119623 0.0179649 0.0118709 0.00994863 0.0183711 0.0356593 0.020213 0.0442369 0.0249187 0.0630845 0.0365836 0.0234439 0.00933965 0.00945407 0.0106439 0.00857117 0.00858829 0.00958314 0.00883889 0.0088177 0.00869933 0.008407 0.0149774 0.00875633 0.0105623 0.0144717 0.00856984 0.0242138 0.00857292 0.00965495 0.00830467 0.00822439 0.0088934 0.0102111 0.021779 0.0134523 0.0284768 0.0104147 0.0102274 0.00831594 0.00832899 0.00900238 0.00943432 0.00937265 0.00931292 0.0086394 0.00840528 
0.00947385 0.0122786 0.088637 0.0133547 0.0789955 0.012489 0.0842207 0.0100221 0.0154664 0.00820653 0.0109445 0.00477809 0.00527092 0.00358477 0.00416153 0.00354706 0.00354131 0.0035458 0.00352836 0 0.00352977 0.00363868 0.02192 0.019103 0.0948208 0.0274688 0.0170347 0.0324521 0.0101804 0.00997659 0.0122078 0.0115847 0.0193147 0.0261845 0.0137018 0.044404 0.0167442 0.0376667 0.010666 0.00997452 0.0103229 0.00877054 0.0102541 0.00864977 0.00844444 0.00955828 0.00865583 0.00817225 0.0107698 0.00848638 0.0132845 0.00924582 0.0085623 0.0186526 0.00859387 0.0145747 0.00833594 0.00854524 0.00812315 0.00844736 0.0110252 0.0116799 0.0205015 0.0105351 0.0171021 0.00851785 0.00905966 0.00836067 0.00873894 0.00953307 0.00919891 0.00883103 0.00882594 0.00824555 
0.00953325 0.024172 0.00923757 0.0250001 0.0101417 0.0243609 0.00927816 0.0326602 0.00921304 0.0220666 0.0092737 0.0070911 0.00477983 0.00431066 0.00362202 0.00372812 0.00359655 0.00354758 0.0035543 0.00352977 0 0.00354795 0.0125111 0.0407423 0.0265621 0.0206442 0.0176119 0.00958458 0.0206425 0.0123014 0.0100049 0.0191009 0.0121619 0.0101363 0.0163915 0.010483 0.0175678 0.0113046 0.0185903 0.00870095 0.00894065 0.0124245 0.00840993 0.00825622 0.00923353 0.00836043 0.00869934 0.00926405 0.0081921 0.0107654 0.00826183 0.00849344 0.00987548 0.00821943 0.0114902 0.00820764 0.0085903 0.00813 0.00810668 0.00896295 0.00900638 0.010797 0.00917162 0.0111485 0.00871022 0.0100774 0.00811402 0.00813743 0.00849447 0.00855062 0.00846786 0.00844727 0.00825614 0.00828769 
0.0176261 0.00896496 0.010619 0.00904207 0.0116579 0.00901591 0.0114485 0.00882212 0.0199008 0.0105531 0.0190139 0.00897436 0.00893686 0.00408051 0.00411779 0.00370285 0.00368713 0.00363776 0.00353905 0.00363868 0.00354795 0 0.0246698 0.0122688 0.0172571 0.0125624 0.0124698 0.0133049 0.0101009 0.0277093 0.0312816 0.0114792 0.0097316 0.011457 0.00933988 0.0120437 0.00943544 0.0104068 0.00932326 0.0120754 0.020214 0.00843871 0.0106762 0.0139032 0.00818812 0.00857121 0.00848615 0.00973087 0.00893369 0.00817991 0.00906394 0.00845248 0.00822523 0.0100267 0.00810227 0.00995136 0.0081507 0.00818027 0.0083681 0.0106857 0.00886066 0.00856941 0.00946986 0.00850031 0.0092034 0.00816457 0.00939041 0.00884823 0.00819953 0.00828438 0.00822115 0.00830587 0.00821221 0.00808265 
0.0125048 0.0103243 0.0161647 0.0112489 0.0137102 0.0115615 0.0112413 0.0118454 0.0180611 0.0146237 0.0174126 0.0452378 0.0241318 0.0152296 0.0236723 0.0222172 0.0340273 0.0366752 0.023467 0.02192 0.0125111 0.0246698 0 0.00364982 0.00354862 0.00351411 0.00362456 0.00356335 0.0037985 0.00671931 0.0258424 0.0112378 0.0106197 0.0126104 0.0128597 0.0154424 0.0150793 0.0276329 0.0175635 0.0231685 0.0148701 0.00964493 0.0225966 0.011139 0.00905338 0.0092485 0.0133564 0.00968466 0.00906263 0.00886304 0.00948356 0.00882727 0.00883459 0.0105039 0.00899453 0.0106785 0.00847779 0.00889532 0.00998599 0.0110814 0.0112454 0.0102727 0.0129423 0.00971706 0.0108529 0.00946309 0.0151956 0.00881126 0.00851211 0.00900334 0.00906294 0.00857364 0.00870433 0.0090661 
0.00985822 0.0206353 0.0154289 0.0455781 0.0223333 0.0410451 0.0176065 0.0275195 0.010395 0.0165495 0.0107988 0.0214742 0.0349105 0.0295403 0.0182913 0.0495763 0.0355925 0.0429822 0.0748842 0.019103 0.0407423 0.0122688 0.00364982 0 0.00353197 0.003542 0.00358933 0.00353052 0.00385058 0.00398457 0.0161872 0.0211716 0.0149141 0.0157792 0.0215025 0.0239571 0.0611296 0.0261426 0.0357143 0.0112217 0.0111236 0.0212753 0.00933224 0.00915104 0.0119927 0.010171 0.0100731 0.00924915 0.0100458 0.0128316 0.00957189 0.0129784 0.014434 0.00992835 0.0190031 0.00926423 0.00975726 0.00861708 0.00829125 0.0102665 0.0165301 0.0285786 0.0174237 0.0338882 0.012897 0.0195853 0.00917594 0.00852278 0.00997227 0.00982114 0.0102309 0.0106911 0.00911772 0.00866441 
0.00944202 0.0116875 0.0570247 0.0390866 0.0893509 0.0426725 0.0702029 0.0150411 0.0123899 0.0104328 0.0101689 0.0120999 0.0390002 0.0254998 0.0397192 0.0235211 0.0807174 0.067619 0.0302351 0.0948208 0.0265621 0.0172571 0.00354862 0.00353197 0 0.00353525 0.00355849 0.0035536 0.00350151 0.00360408 0.0118066 0.0115744 0.0165587 0.0187987 0.0310511 0.072209 0.0377272 0.0585253 0.0150875 0.0107193 0.0122815 0.010061 0.0105381 0.00988484 0.010135 0.0115682 0.00911647 0.00878791 0.0125309 0.011012 0.0184529 0.0143783 0.0131381 0.0295881 0.0106068 0.0197564 0.00970707 0.00891266 0.00831313 0.00939279 0.0215196 0.0353077 0.0735251 0.0300171 0.064363 0.00997131 0.00936821 0.00864907 0.00975036 0.0119333 0.0126254 0.0102208 0.0100129 0.00862091 
0.00898962 0.0129488 0.0229323 0.0722866 0.0485911 0.0800134 0.0297491 0.0170314 0.0100362 0.0106276 0.00934055 0.0133433 0.0162498 0.0338746 0.0244629 0.0586506 0.038681 0.042974 0.0550249 0.0274688 0.0206442 0.0125624 0.00351411 0.003542 0.00353525 0 0.00350469 0.00352286 0.00357696 0.00359712 0.00933156 0.0106375 0.0158217 0.0204145 0.041316 0.0312343 0.0434339 0.0261039 0.0176177 0.0094942 0.0104714 0.0107083 0.00924664 0.00916213 0.0108882 0.00949656 0.00936993 0.00888679 0.00982594 0.0166578 0.0120021 0.0155874 0.016797 0.0116748 0.0198481 0.0111717 0.0119436 0.00863565 0.00827285 0.00942901 0.0168205 0.0476882 0.0377385 0.0692289 0.0254867 0.0119267 0.00885691 0.0085029 0.00969205 0.0120506 0.0117872 0.0105946 0.00913998 0.00847914 
0.00915587 0.010206 0.0261836 0.0406998 0.0567165 0.0341719 0.0243822 0.0121543 0.00968436 0.0102518 0.00917192 0.0107338 0.0156228 0.0229712 0.0402092 0.0313676 0.0278827 0.0427455 0.0666828 0.0170347 0.0176119 0.0124698 0.00362456 0.00358933 0.00355849 0.00350469 0 0.0035248 0.00353684 0.00354389 0.00879466 0.0131642 0.0195496 0.0236203 0.0345584 0.0278505 0.0208586 0.0236343 0.0133313 0.0100973 0.00970345 0.00985061 0.00911764 0.00918059 0.00940845 0.00931928 0.00918605 0.00891428 0.00963522 0.0121029 0.0115823 0.0129631 0.0127453 0.0117593 0.0146603 0.0113918 0.0096497 0.00854097 0.00833462 0.00903778 0.0152954 0.0284588 0.0411035 0.0308673 0.020991 0.00971867 0.00870023 0.00837235 0.00924788 0.0104973 0.0104638 0.00947953 0.00892083 0.00858626 
0.00862235 0.0100813 0.0197796 0.0183143 0.0235731 0.0140859 0.0156749 0.00935207 0.0091511 0.00888981 0.00891237 0.00952015 0.0172182 0.0138033 0.0213825 0.0144417 0.0249397 0.0362892 0.0119623 0.0324521 0.00958458 0.0133049 0.00356335 0.00353052 0.0035536 0.00352286 0.0035248 0 0.00352224 0.00354316 0.00994059 0.0107154 0.024847 0.0159799 0.0263217 0.0158858 0.0126261 0.0166648 0.0122509 0.00892989 0.0101823 0.00893818 0.0103528 0.00896175 0.00876301 0.00944738 0.00882885 0.0085518 0.00984889 0.00909196 0.0117588 0.00933177 0.0095871 0.013537 0.0089817 0.0108679 0.00866905 0.00858763 0.00823529 0.00890289 0.0113538 0.0186731 0.0229769 0.0125009 0.0171101 0.00869862 0.00870206 0.00824587 0.00879235 0.00930117 0.00908926 0.00880019 0.00868043 0.0081458 
0.00871664 0.0104137 0.00961873 0.0115539 0.0103711 0.010571 0.00947506 0.00986324 0.00872558 0.00958755 0.00920355 0.0101343 0.014075 0.0140905 0.0106508 0.0150836 0.0183908 0.0123675 0.0179649 0.0101804 0.0206425 0.0101009 0.0037985 0.00385058 0.00350151 0.00357696 0.00353684 0.00352224 0 0.00360459 0.0107709 0.0384049 0.0154878 0.0314241 0.0137858 0.0105223 0.0130416 0.0118365 0.0144221 0.00885941 0.00912217 0.0131494 0.00863889 0.00874944 0.00932359 0.00905251 0.00862715 0.00867444 0.0087287 0.00881008 0.00857113 0.00886923 0.0098701 0.00849191 0.00919667 0.00850166 0.0084716 0.00824938 0.00811354 0.00904992 0.0118577 0.0103316 0.0101663 0.0105288 0.00950424 0.00915455 0.00833402 0.00814899 0.00861449 0.00865754 0.00863412 0.0085618 0.00838347 0.00815917 
0.011683 0.00973674 0.0089492 0.0092405 0.00903475 0.00950896 0.00883144 0.00903807 0.00942795 0.0184148 0.00993788 0.0248181 0.0105693 0.010136 0.0101416 0.012626 0.0100868 0.0103699 0.0118709 0.00997659 0.0123014 0.0277093 0.00671931 0.00398457 0.00360408 0.00359712 0.00354389 0.00354316 0.00360459 0 0.0325024 0.0245946 0.022049 0.0141121 0.00975302 0.0107669 0.0104288 0.0100121 0.0125104 0.0125717 0.0177138 0.010001 0.00982376 0.0148493 0.00903039 0.00852051 0.0107036 0.01774 0.0088673 0.00956825 0.00849118 0.00884583 0.00914013 0.00859231 0.010334 0.00850674 0.00881015 0.00821348 0.00853708 0.0209356 0.00950296 0.00913116 0.00916804 0.00935812 0.00877381 0.00873489 0.00869333 0.00982254 0.00873115 0.00843687 0.0083569 0.00838444 0.00824674 0.00845476 
0.00911909 0.00858213 0.00948784 0.00886436 0.00963719 0.00896628 0.00898421 0.00870987 0.0152945 0.00948159 0.0143805 0.0108964 0.0117247 0.00934757 0.0104342 0.0100322 0.0103977 0.0118401 0.00994863 0.0122078 0.0100049 0.0312816 0.0258424 0.0161872 0.0118066 0.00933156 0.00879466 0.00994059 0.0107709 0.0325024 0 0.00364697 0.00352672 0.00354902 0.00354586 0.00360902 0.00374008 0.00469075 0.00462852 0.0105518 0.0168315 0.00942988 0.0458967 0.0116584 0.00906591 0.00982177 0.0186211 0.00964707 0.0106884 0.00862918 0.01008 0.00858695 0.00868518 0.0110455 0.00859122 0.00961056 0.00839023 0.00876589 0.0112385 0.0110513 0.0105842 0.00956632 0.0116505 0.00928907 0.0101976 0.00928637 0.0173234 0.00855677 0.00835683 0.00880134 0.00878897 0.00847874 0.00857443 0.00912508 
0.008401 0.00908822 0.00907944 0.0116246 0.0106794 0.0107459 0.00977994 0.0119808 0.00900226 0.0102891 0.00901775 0.0100368 0.0121552 0.0138842 0.0115374 0.0156365 0.0149909 0.0157909 0.0183711 0.0115847 0.0191009 0.0114792 0.0112378 0.0211716 0.0115744 0.0106375 0.0131642 0.0107154 0.0384049 0.0245946 0.00364697 0 0.00352914 0.00354848 0.00355171 0.00353274 0.00379492 0.00383316 0.00774668 0.00423458 0.0119477 0.0224715 0.0103457 0.00921081 0.010513 0.0110499 0.0100381 0.00911495 0.0097369 0.0110671 0.00981336 0.00999581 0.0107916 0.0091349 0.0108893 0.00986051 0.00934142 0.00896716 0.00835461 0.00934211 0.0130043 0.0161102 0.0135744 0.016037 0.011908 0.0129571 0.00901621 0.00829361 0.0088101 0.00904586 0.00909247 0.0090198 0.00887622 0.0084496 
0.00859249 0.00901769 0.0135076 0.0164574 0.018744 0.0181217 0.0143613 0.0116808 0.00905988 0.00872086 0.00875951 0.0103072 0.0153016 0.0208564 0.0204324 0.0225553 0.029346 0.0301596 0.0356593 0.0193147 0.0121619 0.0097316 0.0106197 0.0149141 0.0165587 0.0158217 0.0195496 0.024847 0.0154878 0.022049 0.00352672 0.00352914 0 0.00352992 0.0035315 0.0035102 0.00373345 0.00767925 0.00363249 0.00372158 0.0155942 0.00951005 0.00948459 0.00936388 0.0116478 0.00986042 0.00981481 0.00898969 0.0103389 0.0130742 0.0112828 0.0117514 0.0128991 0.0114653 0.0130873 0.01118 0.0106787 0.00856028 0.00854468 0.00928618 0.0151287 0.0306442 0.0272663 0.0319661 0.0238277 0.0105951 0.00894186 0.00833118 0.00924111 0.0102775 0.0108568 0.0102996 0.00902948 0.00838535 
0.00846119 0.00934858 0.0147583 0.0160809 0.0233721 0.0155589 0.0191663 0.00970406 0.00944876 0.00874503 0.0091112 0.0099336 0.0207957 0.0152014 0.0263319 0.0225057 0.0324322 0.0485517 0.020213 0.0261845 0.0101363 0.011457 0.0126104 0.0157792 0.0187987 0.0204145 0.0236203 0.0159799 0.0314241 0.0141121 0.00354902 0.00354848 0.00352992 0 0.00351814 0.00353044 0.0036488 0.00357371 0.00361807 0.00373912 0.00971157 0.00912527 0.0113025 0.0104518 0.00976527 0.0113537 0.00976944 0.00926002 0.0128055 0.0101777 0.0148342 0.011016 0.0110113 0.020567 0.0100665 0.0211535 0.00944415 0.00941707 0.00848607 0.00940174 0.0195882 0.0238161 0.0503988 0.0206837 0.0410455 0.0107772 0.00951534 0.00845455 0.00932707 0.0124337 0.0112247 0.0100645 0.00943053 0.00856942 
0.00866722 0.00952326 0.0145239 0.0226832 0.0208188 0.0265221 0.0148523 0.0128081 0.00902284 0.0093177 0.00903147 0.0109925 0.0148311 0.0310752 0.0195433 0.0389451 0.0416255 0.0349581 0.0442369 0.0137018 0.0163915 0.00933988 0.0128597 0.0215025 0.0310511 0.041316 0.0345584 0.0263217 0.0137858 0.00975302 0.00354586 0.00355171 0.0035315 0.00351814 0 0.0035822 0.00357877 0.00357224 0.00356334 0.0035555 0.00953184 0.0106299 0.00910107 0.00951824 0.0129225 0.00998137 0.00981327 0.00984762 0.0108142 0.016932 0.0118083 0.0144661 0.0181346 0.010594 0.0221345 0.0106502 0.011876 0.00884756 0.00861527 0.0102462 0.0186284 0.0527357 0.0317682 0.0781183 0.0196626 0.0149976 0.008956 0.00848312 0.0103615 0.0119925 0.0117021 0.010883 0.00935409 0.00849773 
0.00901117 0.0102033 0.0236318 0.025792 0.0436357 0.0234738 0.0291254 0.0115575 0.0102011 0.00896728 0.00954312 0.011083 0.0270452 0.0209392 0.0463193 0.0399623 0.0502193 0.0616579 0.0249187 0.044404 0.010483 0.0120437 0.0154424 0.0239571 0.072209 0.0312343 0.0278505 0.0158858 0.0105223 0.0107669 0.00360902 0.00353274 0.0035102 0.00353044 0.0035822 0 0.00355138 0.00350391 0.00356858 0.00354308 0.0115395 0.00976791 0.0119821 0.0109585 0.0107269 0.0120647 0.00973332 0.00983509 0.0181998 0.0125933 0.0252559 0.0164875 0.0131822 0.0380773 0.0117148 0.0234234 0.0103551 0.00959085 0.0089825 0.0117513 0.0358433 0.0430918 0.113567 0.0359152 0.0635813 0.0109779 0.0101005 0.00894339 0.010803 0.0163009 0.0156883 0.0125715 0.0101626 0.00863033 
0.00903724 0.0116155 0.0187527 0.0390265 0.0308396 0.0383951 0.0200036 0.0128389 0.00930186 0.00938373 0.00922811 0.0132687 0.0189499 0.0492599 0.0391126 0.0551043 0.0513621 0.046834 0.0630845 0.0167442 0.0175678 0.00943544 0.0150793 0.0611296 0.0377272 0.0434339 0.0208586 0.0126261 0.0130416 0.0104288 0.00374008 0.00379492 0.00373345 0.0036488 0.00357877 0.00355138 0 0.00353168 0.0035496 0.0035405 0.0122444 0.0190262 0.0176643 0.0103125 0.0135095 0.0112182 0.0104556 0.0106737 0.0124826 0.0252856 0.0167789 0.0168963 0.0267093 0.0129784 0.0241857 0.013655 0.0143331 0.00974795 0.00872653 0.0118529 0.0293842 0.0966203 0.0460682 0.103273 0.0267726 0.0183578 0.00925297 0.00898828 0.0116448 0.0143117 0.0161271 0.0124823 0.00988091 0.00868346 
0.00898885 0.00976944 0.021831 0.0230525 0.0354026 0.0223925 0.0237083 0.011378 0.00960284 0.00890409 0.00923662 0.0109653 0.0280184 0.0290883 0.0559701 0.0354125 0.0477592 0.0620867 0.0365836 0.0376667 0.0113046 0.0104068 0.0276329 0.0261426 0.0585253 0.0261039 0.0236343 0.0166648 0.0118365 0.0100121 0.00469075 0.00383316 0.00767925 0.00357371 0.00357224 0.00350391 0.00353168 0 0.00353071 0.00353741 0.0410101 0.0139243 0.0283957 0.01024 0.0106279 0.0160587 0.00941281 0.00938878 0.0178509 0.0149788 0.0185172 0.017163 0.013144 0.0265988 0.0119209 0.0205903 0.0108933 0.00919954 0.00846907 0.0114397 0.040882 0.0506193 0.085115 0.032571 0.0646361 0.0118052 0.00945831 0.008886 0.0105093 0.0165979 0.0151606 0.0125394 0.00988464 0.00846976 
0.00883081 0.0103207 0.00958799 0.0123833 0.0112745 0.012211 0.00964351 0.0116619 0.00903035 0.0102409 0.0104909 0.0111308 0.0163297 0.0216811 0.0124123 0.0167434 0.0184675 0.0151369 0.0234439 0.010666 0.0185903 0.00932326 0.0175635 0.0357143 0.0150875 0.0176177 0.0133313 0.0122509 0.0144221 0.0125104 0.00462852 0.00774668 0.00363249 0.00361807 0.00356334 0.00356858 0.0035496 0.00353071 0 0.00363347 0.014583 0.328076 0.0119029 0.00975922 0.0136824 0.012661 0.0105508 0.0106717 0.0107656 0.0114391 0.00979197 0.0105596 0.0122385 0.00925705 0.0131422 0.00923208 0.00940505 0.00958774 0.00861324 0.0135731 0.0170195 0.0224702 0.0149005 0.025699 0.0121369 0.017433 0.00885486 0.00879708 0.00980086 0.00985612 0.00942693 0.00928952 0.00884066 0.00843444 
0.00944795 0.00854503 0.00873998 0.00859945 0.00883697 0.00860678 0.00868391 0.0087347 0.00960635 0.0105139 0.0102766 0.0151341 0.0106412 0.00918245 0.009854 0.00959606 0.00959792 0.00961008 0.00933965 0.00997452 0.00870095 0.0120754 0.0231685 0.0112217 0.0107193 0.0094942 0.0100973 0.00892989 0.00885941 0.0125717 0.0105518 0.00423458 0.00372158 0.00373912 0.0035555 0.00354308 0.0035405 0.00353741 0.00363347 0 0.0401285 0.00910915 0.0642926 0.0168008 0.00889334 0.00954761 0.0131352 0.0135244 0.00957056 0.00871724 0.00914029 0.00872038 0.00873299 0.00924984 0.00863541 0.00917711 0.00844684 0.00841049 0.00894175 0.0157511 0.0107209 0.0097517 0.0104218 0.00962771 0.0102986 0.00874135 0.0104367 0.0101098 0.0086974 0.00859005 0.00854367 0.00854789 0.00878057 0.00823868 
0.00841225 0.00820513 0.00883286 0.00858325 0.00885764 0.00857942 0.00877523 0.00837547 0.00934011 0.00864671 0.0101111 0.00912688 0.00955978 0.00891253 0.00924143 0.00921974 0.00933643 0.0103359 0.00945407 0.0103229 0.00894065 0.020214 0.0148701 0.0111236 0.0122815 0.0104714 0.00970345 0.0101823 0.00912217 0.0177138 0.0168315 0.0119477 0.0155942 0.00971157 0.00953184 0.0115395 0.0122444 0.0410101 0.014583 0.0401285 0 0.00357775 0.00378707 0.0157011 0.0134938 0.0181223 0.0220034 0.0106432 0.0099714 0.00904917 0.0101604 0.00893197 0.009192 0.0118484 0.00901196 0.0107108 0.00870569 0.00947475 0.0117579 0.0114173 0.0109779 0.0117304 0.0123867 0.0100844 0.0112163 0.00961783 0.020247 0.00848263 0.00875831 0.00910799 0.00880776 0.00853346 0.00860664 0.00915992 
0.00828131 0.00842484 0.0083493 0.00878693 0.00858973 0.00876941 0.00844563 0.00879289 0.0082807 0.00930834 0.00839285 0.00905787 0.0092413 0.00899902 0.00873782 0.00910822 0.00952781 0.00921818 0.0106439 0.00877054 0.0124245 0.00843871 0.00964493 0.0212753 0.010061 0.0107083 0.00985061 0.00893818 0.0131494 0.010001 0.00942988 0.0224715 0.00951005 0.00912527 0.0106299 0.00976791 0.0190262 0.0139243 0.328076 0.00910915 0.00357775 0 0.00358294 0.00903095 0.0486548 0.0189942 0.00908191 0.00962031 0.00960153 0.0109581 0.00867432 0.00932841 0.0123535 0.00869391 0.0122255 0.00872832 0.00930225 0.00897063 0.00847342 0.0099493 0.0138285 0.0120231 0.00980928 0.0129983 0.00927459 0.0156185 0.0084884 0.00838789 0.00884231 0.00867702 0.00873597 0.00856226 0.00871918 0.0082572 
0.00873445 0.00811429 0.00837777 0.00822417 0.00851599 0.0082513 0.00840489 0.00821754 0.0087622 0.00895785 0.00872433 0.0102989 0.00934239 0.00854139 0.00885763 0.00870341 0.00882962 0.00907843 0.00857117 0.0102541 0.00840993 0.0106762 0.0225966 0.00933224 0.0105381 0.00924664 0.00911764 0.0103528 0.00863889 0.00982376 0.0458967 0.0103457 0.00948459 0.0113025 0.00910107 0.0119821 0.0176643 0.0283957 0.0119029 0.0642926 0.00378707 0.00358294 0 0.0524296 0.00889657 0.0165294 0.0266509 0.0150446 0.0111749 0.00848055 0.0103558 0.00929146 0.00868046 0.0115805 0.00858825 0.0118462 0.00856895 0.00864475 0.00904914 0.016854 0.0102663 0.00926959 0.0117105 0.00907068 0.0109996 0.008607 0.012918 0.010699 0.00851604 0.0085259 0.00843877 0.00834906 0.00864374 0.00818185 
0.00818957 0.00801343 0.00838589 0.00820115 0.00858906 0.00820247 0.00821976 0.00810382 0.00854048 0.00818298 0.0089403 0.00827257 0.00835546 0.00816951 0.00840908 0.00842317 0.00842548 0.00857037 0.00858829 0.00864977 0.00825622 0.0139032 0.011139 0.00915104 0.00988484 0.00916213 0.00918059 0.00896175 0.00874944 0.0148493 0.0116584 0.00921081 0.00936388 0.0104518 0.00951824 0.0109585 0.0103125 0.01024 0.00975922 0.0168008 0.0157011 0.00903095 0.0524296 0 0.00481007 0.00358468 0.00475037 0.0117108 0.0111849 0.00835377 0.231919 0.00874086 0.011383 0.0119966 0.00876523 0.0111125 0.00881666 0.00888045 0.0141345 0.0106862 0.0108096 0.00993245 0.0107183 0.00922344 0.0100815 0.00961201 0.0187874 0.00840278 0.00852302 0.0085244 0.00890704 0.00846192 0.00863776 0.00905659 
0.00805568 0.00826231 0.00832258 0.00838252 0.00832735 0.00840281 0.00830422 0.00830478 0.00809075 0.00836486 0.00807635 0.00821573 0.00845975 0.0085811 0.00843504 0.00885372 0.00868297 0.00886569 0.00958314 0.00844444 0.00923353 0.00818812 0.00905338 0.0119927 0.010135 0.0108882 0.00940845 0.00876301 0.00932359 0.00903039 0.00906591 0.010513 0.0116478 0.00976527 0.0129225 0.0107269 0.0135095 0.0106279 0.0136824 0.00889334 0.0134938 0.0486548 0.00889657 0.00481007 0 0.00567163 0.00354861 0.0134369 0.00956504 0.280099 0.00852669 0.0090287 0.00952968 0.00834149 0.0117045 0.00837173 0.00962768 0.00911792 0.00825609 0.0100273 0.0116692 0.0149121 0.00992809 0.013642 0.00948252 0.017642 0.00852035 0.00825738 0.00876868 0.00907437 0.00884505 0.00891048 0.0089125 0.00845127 
0.00810154 0.00842096 0.00838627 0.00863663 0.00864433 0.00862926 0.00845058 0.00825538 0.00817625 0.00814596 0.0082588 0.00821115 0.00945101 0.00843228 0.00886155 0.00867358 0.0091318 0.00970584 0.00883889 0.00955828 0.00836043 0.00857121 0.0092485 0.010171 0.0115682 0.00949656 0.00931928 0.00944738 0.00905251 0.00852051 0.00982177 0.0110499 0.00986042 0.0113537 0.00998137 0.0120647 0.0112182 0.0160587 0.012661 0.00954761 0.0181223 0.0189942 0.0165294 0.00358468 0.00567163 0 0.00353728 0.00842973 0.372451 0.00872127 0.0144479 0.00861521 0.0105757 0.0108065 0.00822602 0.0190613 0.00861754 0.00992744 0.00827612 0.0093789 0.0168551 0.0106259 0.0130155 0.00949537 0.0193366 0.00975117 0.00982562 0.00848617 0.00887278 0.00967242 0.00957677 0.00875498 0.00932821 0.00837908 
0.00850591 0.00818782 0.00821885 0.00824724 0.00832277 0.00830259 0.00823093 0.00822208 0.00834677 0.00929755 0.00832888 0.0100914 0.00852685 0.00893641 0.00856638 0.00862861 0.00865604 0.00865223 0.0088177 0.00865583 0.00869934 0.00848615 0.0133564 0.0100731 0.00911647 0.00936993 0.00918605 0.00882885 0.00862715 0.0107036 0.0186211 0.0100381 0.00981481 0.00976944 0.00981327 0.00973332 0.0104556 0.00941281 0.0105508 0.0131352 0.0220034 0.00908191 0.0266509 0.00475037 0.00354861 0.00353728 0 0.334429 0.00757371 0.0103058 0.0101906 0.00862144 0.00911853 0.00772237 0.0205826 0.00929086 0.0088086 0.00837643 0.0112002 0.0198474 0.00981656 0.0105254 0.0096758 0.0148163 0.0093982 0.0118843 0.0109991 0.011595 0.00911619 0.00881903 0.00884623 0.00887701 0.00850396 0.00952948 
0.00818936 0.00808436 0.00820475 0.00820556 0.00825617 0.00823276 0.00817337 0.00808692 0.00842762 0.00856149 0.00856374 0.00843444 0.00818631 0.00816923 0.00819576 0.00840855 0.00835271 0.00847836 0.00869933 0.00817225 0.00926405 0.00973087 0.00968466 0.00924915 0.00878791 0.00888679 0.00891428 0.0085518 0.00867444 0.01774 0.00964707 0.00911495 0.00898969 0.00926002 0.00984762 0.00983509 0.0106737 0.00938878 0.0106717 0.0135244 0.0106432 0.00962031 0.0150446 0.0117108 0.0134369 0.00842973 0.334429 0 0.00387354 0.00358092 0.00353985 0.00358209 0.00364118 0.00363986 0.00484544 0.00402575 0.00595724 0.00594786 0.0106009 0.00858409 0.00844486 0.00863544 0.00812896 0.00914085 0.00841476 0.0167084 0.0212625 0.00929379 0.00918964 0.00956207 0.00929514 0.0094798 0.00878206 0.0174116 
0.00813153 0.00832985 0.00849664 0.00863049 0.00872353 0.00862679 0.00850239 0.00831456 0.00818612 0.00804898 0.00815822 0.00804686 0.00946617 0.00830678 0.00910549 0.00852494 0.00890825 0.00987522 0.008407 0.0107698 0.0081921 0.00893369 0.00906263 0.0100458 0.0125309 0.00982594 0.00963522 0.00984889 0.0087287 0.0088673 0.0106884 0.0097369 0.0103389 0.0128055 0.0108142 0.0181998 0.0124826 0.0178509 0.0107656 0.00957056 0.0099714 0.00960153 0.0111749 0.0111849 0.00956504 0.372451 0.00757371 0.00387354 0 0.00353627 0.00358261 0.00352503 0.00355623 0.00411846 0.00357325 0.00546326 0.00472517 0.00863607 0.00576119 0.00743048 0.00967347 0.0087875 0.011496 0.00818844 0.0140145 0.0102857 0.0114793 0.00887078 0.0101679 0.0143605 0.0114872 0.00943791 0.0197366 0.00839421 
0.00810476 0.0083478 0.00849244 0.00907146 0.00866083 0.0089041 0.0085795 0.00847626 0.00809211 0.00866547 0.00812459 0.00860242 0.00847063 0.0102376 0.00877132 0.0101905 0.00987961 0.0094616 0.0149774 0.00848638 0.0107654 0.00817991 0.00886304 0.0128316 0.011012 0.0166578 0.0121029 0.00909196 0.00881008 0.00956825 0.00862918 0.0110671 0.0130742 0.0101777 0.016932 0.0125933 0.0252856 0.0149788 0.0114391 0.00871724 0.00904917 0.0109581 0.00848055 0.00835377 0.280099 0.00872127 0.0103058 0.00358092 0.00353627 0 0.00350163 0.00353493 0.00360246 0.00356754 0.00468884 0.00362397 0.00635745 0.00474325 0.00449961 0.0075412 0.00775217 0.00977491 0.00780419 0.014877 0.00793001 0.0128239 0.00822288 0.0119503 0.0123775 0.011389 0.0142118 0.0196249 0.00871847 0.00925177 
