1DP2A
VHQVLYRALVSTKWLAESVRAGKVGPGLRVLDASWYSPGTREARKEYLERHVPGASFFDIEECRDKASPYEVMLPSEAGFADYVGSLGISNDTHVVVYDGDDLGSFYAPRVWWMFRVFGHRTVSVLNGGFRNWLKEGHPVTSEPSRPEPAIFKATLNRSLLKTYEQVLENLESKRFQLVDSRAQGRYLGTQPEPDAVGLDSGHIRGSVNMPFMNFLTEDGFEKSPEELRAMFEAKKVDLTKPLIATCRKGVTACHIALAAYLCGKPDVAIYDGSWFEWFHRAPPETWVSQGKG
CCCCCCCCEEEHHHHHHHHHCCCCECCEEEEECCCCCCCCCCHHHHHHHCECCCCEECCCCCCCCCCCCCCCCCCCHHHHHHHHHHCCCCCCCEEEEECCCCCCCCCHHHHHHHHHHCCCCCEEEEECHHHHHHHCCCCCECCCCCCCCCCCCCCCCHHHEECHHHHHHHHHHCCCEEEECCCHHHHHCCCCCCCCCCCCCCEECCCEECCHHHHECCCCCECCHHHHHHHHHHCCCCCCCCEEEECCCCCCHHHHHHHHHHCCCCCCEEECCHHHHHHHHCCHHHEEECCEC
0 0 0 0 0 0 0 0 0 0 0 0 0 0 0 0 0 0 0 0 0 0 0 0 0 0 0 0 0 0 0 0 0 0 0 0 0 0 0 0 0 0 0 0 0 0 0 0 0 0 0 0 0 0 0 0 0 0 0 0 0 0 0 0 0 0 0 0 0 0 0 0 0 0 0 0 0 0 0 0 0 0 0 0 0 0 0 0 0 0 0 0 0 0 0 0 0 0 0 0 0 0 0 0 0 0 0 0 0 0 0 0 0 0 0 0 0 0 0 0 0 0 0 0 0 0 0 0 0 0 0 0 0 0 0 0 0 0 0 0 0 0 0 0 0 0 0 0 0 0 0 0 0 0 0 0 0 0 0 0 0 0 0 0 0 0 0 0 0 0 0 0 0 0 0 0 0 0 0 0 0 0 0 0 0 0 0 0 0 0 0 0 0 0 0 0 0 0 0 0 0 0 0 0 0 0 0 0 0 0 0 0 0 0 0 0 0 0 0 0 0 0 0 0 0 0 0 0 0 0 0 0 0 0 0 0 0 0 0 0 0 0 0 0 0 0 0 0 0 0 0 0 0 0 0 0 0 0 0 0 0 0 0 0 0 0 0 0 0 0 0 0 0 0 0 0 0 0 0 0 0 0 0 0 0 0 0 0 0 0 0 0 0 
0 0 0 0 0 0 0 0 0 0 0 0 0 0 0 0 0 0 0 0 0 0 0 0 0 0 0 0 0 0 0 0 0 0 0 0 0 0 0 0 0 0 0 0 0 0 0 0 0 0 0 0 0 0 0 0 0 0 0 0 0 0 0 0 0 0 0 0 0 0 0 0 0 0 0 0 0 0 0 0 0 0 0 0 0 0 0 0 0 0 0 0 0 0 0 0 0 0 0 0 0 0 0 0 0 0 0 0 0 0 0 0 0 0 0 0 0 0 0 0 0 0 0 0 0 0 0 0 0 0 0 0 0 0 0 0 0 0 0 0 0 0 0 0 0 0 0 0 0 0 0 0 0 0 0 0 0 0 0 0 0 0 0 0 0 0 0 0 0 0 0 0 0 0 0 0 0 0 0 0 0 0 0 0 0 0 0 0 0 0 0 0 0 0 0 0 0 0 0 0 0 0 0 0 0 0 0 0 0 0 0 0 0 0 0 0 0 0 0 0 0 0 0 0 0 0 0 0 0 0 0 0 0 0 0 0 0 0 0 0 0 0 0 0 0 0 0 0 0 0 0 0 0 0 0 0 0 0 0 0 0 0 0 0 0 0 0 0 0 0 0 0 0 0 0 0 0 0 0 0 0 0 0 0 0 0 0 0 0 0 0 0 0 
0 0.0035985 0.0043449 0.0174993 0.0223229 0.0386401 0.0313478 0.0237062 0.0340767 0.0131843 0.0177557 0.0157431 0.0126825 0.00999655 0.0114002 0.00990083 0.0142225 0.00969135 0.00938692 0.00884176 0.00883217 0.0103493 0.0103241 0.00823012 0.0083509 0.00891416 0.00837467 0.00833344 0.00898533 0.00825079 0.00830494 0.00813878 0.00855462 0.00825491 0.00940623 0.00864748 0.00840443 0.00832444 0.00873721 0.0087895 0.00865699 0.00873279 0.00828156 0.00831803 0.00904683 0.0103068 
0.0035985 0 0.0035337 0.0149422 0.0208495 0.0274992 0.0243657 0.0712908 0.0107421 0.0132084 0.0122554 0.0134662 0.00946687 0.0149145 0.0096695 0.0135409 0.00904496 0.00938375 0.00885147 0.00950651 0.009628 0.00832192 0.00836016 0.00860667 0.00862544 0.00826456 0.0087945 0.00854479 0.00822529 0.008111 0.00813667 0.00805658 0.00809825 0.00853022 0.00852463 0.00843592 0.00857533 0.00850079 0.00831545 0.00845423 0.00872955 0.00850754 0.00851504 0.00858193 0.00855605 0.00863382 
0.0043449 0.0035337 0 0.0158052 0.0212166 0.0288518 0.0121923 0.0124502 0.0457082 0.0161681 0.0190181 0.0120067 0.017133 0.00944232 0.0100132 0.00916564 0.010886 0.0113041 0.0092431 0.00869638 0.00831302 0.00930255 0.00961452 0.00906779 0.00830926 0.00928115 0.00838878 0.00822894 0.00834525 0.0085079 0.00811226 0.00817337 0.00808093 0.00853334 0.00868199 0.00855852 0.00835433 0.0081193 0.00821133 0.0087372 0.0083413 0.00817011 0.00840306 0.00828249 0.00817705 0.00959638 
0.0174993 0.0149422 0.0158052 0 0.595148 0.0106635 0.00497197 0.00586342 0.00604602 0.080048 0.0183421 0.0233708 0.013307 0.0100582 0.00857699 0.0092893 0.0121642 0.0130933 0.0084133 0.00815684 0.00844181 0.00958178 0.0132766 0.00885858 0.00890433 0.00892444 0.00816473 0.00811722 0.00857566 0.00852179 0.00861004 0.00847488 0.00819429 0.0114339 0.01229 0.00903505 0.00825968 0.00809547 0.00846912 0.00875538 0.00822443 0.0084705 0.0086744 0.00813659 0.00937413 0.0123163 
0.0223229 0.0208495 0.0212166 0.595148 0 0.00366185 0.00358736 0.00367271 0.00420995 0.025155 0.0200591 0.0233973 0.0342863 0.0146833 0.0117611 0.0125206 0.0222119 0.0138419 0.00951691 0.00976805 0.00938636 0.0123191 0.0104449 0.0086445 0.00913486 0.00895383 0.00852765 0.00871693 0.0089244 0.00803361 0.0084647 0.00851601 0.00834351 0.00867764 0.0096279 0.00874221 0.00848407 0.00845981 0.00864586 0.00851849 0.00859493 0.0087651 0.00863522 0.00815882 0.00911133 0.00962496 
0.0386401 0.0274992 0.0288518 0.0106635 0.00366185 0 0.00358652 0.00358431 0.00368284 0.0130125 0.0302344 0.013571 0.0159607 0.0534076 0.0341195 0.0255819 0.0127759 0.00971471 0.0197236 0.0130478 0.0137763 0.00925366 0.00857247 0.00839525 0.00835222 0.00861695 0.00910529 0.00921367 0.00846825 0.00825216 0.00816581 0.00802064 0.00811993 0.0079926 0.00832513 0.00838242 0.00852369 0.00853967 0.00841238 0.00839523 0.00871599 0.00844193 0.00823991 0.00841227 0.00837046 0.00850316 
0.0313478 0.0243657 0.0121923 0.00497197 0.00358736 0.00358652 0 0.00360591 0.00355614 0.0118859 0.016379 0.0124094 0.0129398 0.0501171 0.153304 0.0402577 0.0137655 0.0101065 0.0171469 0.051774 0.0160678 0.00964051 0.00812672 0.00838475 0.00836799 0.00874744 0.0107309 0.0107015 0.00867162 0.00818306 0.0082187 0.00808247 0.00825653 0.00805085 0.00812063 0.00846248 0.00888399 0.00901865 0.00834742 0.00845524 0.00889561 0.00840779 0.00840314 0.00836296 0.00843963 0.00835528 
0.0237062 0.0712908 0.0124502 0.00586342 0.00367271 0.00358431 0.00360591 0 0.00361729 0.0119398 0.0533529 0.0285106 0.0140108 0.0490101 0.0393653 0.11578 0.0173592 0.0109197 0.0166507 0.0202747 0.0249157 0.0102808 0.0083131 0.00875545 0.00883366 0.00898682 0.00997037 0.00980099 0.0085998 0.00817959 0.0082037 0.00808432 0.00811776 0.0080815 0.00819805 0.00851241 0.00878182 0.00886956 0.00830674 0.00843546 0.00875626 0.00844719 0.00832295 0.00849951 0.00828592 0.00841885 
0.0340767 0.0107421 0.0457082 0.00604602 0.00420995 0.00368284 0.00355614 0.00361729 0 0.0264805 0.027788 0.17596 0.0218662 0.0136062 0.0187358 0.0232938 0.084007 0.0172591 0.0109795 0.0113005 0.0119026 0.0173992 0.00958325 0.00960704 0.00887894 0.0100177 0.00873779 0.00880029 0.00977819 0.00871343 0.00822706 0.00839572 0.00853527 0.00855227 0.00881551 0.0087705 0.00852431 0.00855686 0.0085621 0.00866392 0.00859775 0.00846138 0.00845883 0.00827555 0.00842611 0.00911897 
0.0131843 0.0132084 0.0161681 0.080048 0.025155 0.0130125 0.0118859 0.0119398 0.0264805 0 0.0675142 0.0124667 0.0165805 0.0104287 0.0104645 0.010656 0.0159363 0.011213 0.00949983 0.00871613 0.00893399 0.012658 0.0146122 0.00917691 0.0098216 0.00902816 0.00810235 0.00829755 0.00926486 0.00853554 0.00823678 0.00839298 0.00837393 0.00954667 0.0105953 0.00878465 0.00808453 0.00806472 0.0085528 0.00857535 0.00815285 0.00835618 0.00830741 0.0080188 0.00853711 0.0102155 
0.0177557 0.0122554 0.0190181 0.0183421 0.0200591 0.0302344 0.016379 0.0533529 0.027788 0.0675142 0 0.00438171 0.0260976 0.0294223 0.0148675 0.0303665 0.0222942 0.0106556 0.0108035 0.0091476 0.0105345 0.0123567 0.0101542 0.00875954 0.00893407 0.00901964 0.00854363 0.00888394 0.00909186 0.00809488 0.00815485 0.00809223 0.00832012 0.00814368 0.00872235 0.00838935 0.00829071 0.00834269 0.00844628 0.00824789 0.00843565 0.00831016 0.00805229 0.00804125 0.00834725 0.00886907 
0.0157431 0.0134662 0.0120067 0.0233708 0.0233973 0.013571 0.0124094 0.0285106 0.17596 0.0124667 0.00438171 0 0.0184347 0.0195843 0.0221653 0.0432701 0.113411 0.0157154 0.010253 0.00982658 0.0102434 0.0117829 0.0102758 0.00980417 0.00851086 0.0100893 0.00884772 0.00889062 0.00876376 0.00913913 0.00822277 0.00865788 0.00822465 0.00887362 0.00888278 0.00863261 0.00837026 0.00837221 0.00845708 0.00842743 0.00847787 0.00819503 0.00828713 0.00821975 0.00824914 0.0089154 
0.0126825 0.00946687 0.017133 0.013307 0.0342863 0.0159607 0.0129398 0.0140108 0.0218662 0.0165805 0.0260976 0.0184347 0 0.00432127 0.00362997 0.00375976 0.00445172 0.253159 0.0283829 0.014982 0.014753 0.0266586 0.0191499 0.0096106 0.0114716 0.0134748 0.0100991 0.0107111 0.0137836 0.00846009 0.00881728 0.00834148 0.009167 0.00852353 0.0097999 0.00888527 0.00847741 0.00897226 0.00942732 0.00897518 0.00837828 0.00902786 0.00808288 0.00812965 0.00873563 0.00947325 
0.00999655 0.0149145 0.00944232 0.0100582 0.0146833 0.0534076 0.0501171 0.0490101 0.0136062 0.0104287 0.0294223 0.0195843 0.00432127 0 0.00360464 0.00362449 0.0036568 0.462376 0.188206 0.0617864 0.0402471 0.0136469 0.0100872 0.00980936 0.00977839 0.0130761 0.028111 0.0217711 0.0102815 0.0086106 0.00846577 0.0083964 0.00841517 0.00827645 0.00833086 0.00893088 0.00955378 0.00997045 0.00903497 0.00879073 0.00921447 0.00884934 0.00843764 0.00836932 0.0083735 0.00838451 
0.0114002 0.0096695 0.0100132 0.00857699 0.0117611 0.0341195 0.153304 0.0393653 0.0187358 0.0104645 0.0148675 0.0221653 0.00362997 0.00360464 0 0.00362318 0.00357289 0.0449754 0.483805 0.236755 0.051568 0.0145497 0.00898386 0.00966414 0.00932321 0.012153 0.0351993 0.022124 0.0120251 0.00851612 0.00845454 0.00845671 0.00840026 0.00814996 0.00810692 0.00886238 0.0104545 0.0114276 0.00901289 0.00908823 0.00931158 0.00909213 0.00845281 0.00852132 0.00829764 0.00830581 
0.00990083 0.0135409 0.00916564 0.0092893 0.0125206 0.0255819 0.0402577 0.11578 0.0232938 0.010656 0.0303665 0.0432701 0.00375976 0.00362449 0.00362318 0 0.0038819 0.0275713 0.047 0.434177 0.281957 0.0621936 0.0102628 0.0134365 0.0109616 0.0122492 0.0232164 0.0522684 0.0135617 0.00909974 0.00868315 0.00869486 0.00876306 0.00848577 0.00838203 0.00902878 0.00980928 0.0116458 0.00897675 0.0086496 0.00942672 0.00860846 0.00841579 0.00846691 0.00823354 0.00829085 
0.0142225 0.00904496 0.010886 0.0121642 0.0222119 0.0127759 0.0137655 0.0173592 0.084007 0.0159363 0.0222942 0.113411 0.00445172 0.0036568 0.00357289 0.0038819 0 0.0303326 0.0279741 0.0407772 0.290983 0.320956 0.0172067 0.0186794 0.016132 0.0203454 0.0113438 0.0142551 0.0369463 0.0103004 0.00865031 0.00942942 0.00913112 0.0101684 0.00981749 0.0106743 0.00913111 0.00960728 0.0122298 0.00953139 0.00858765 0.0091462 0.00894922 0.00822603 0.0083616 0.00919534 
0.00969135 0.00938375 0.0113041 0.0130933 0.0138419 0.00971471 0.0101065 0.0109197 0.0172591 0.011213 0.0106556 0.0157154 0.253159 0.462376 0.0449754 0.0275713 0.0303326 0 0.00368538 0.00362128 0.00366389 0.00411227 0.0347945 0.0131636 0.0260531 0.0220801 0.0139667 0.0125774 0.0178682 0.00881341 0.0116175 0.00888938 0.0108708 0.00962696 0.011775 0.0106796 0.00890785 0.00959787 0.01039 0.00904584 0.00867829 0.00955737 0.00844165 0.00808096 0.00936075 0.00942008 
0.00938692 0.00885147 0.0092431 0.0084133 0.00951691 0.0197236 0.0171469 0.0166507 0.0109795 0.00949983 0.0108035 0.010253 0.0283829 0.188206 0.483805 0.047 0.0279741 0.00368538 0 0.0035851 0.00360237 0.00364011 0.0119582 0.0157578 0.0106825 0.0336197 0.0399041 0.0229187 0.01131 0.00995378 0.00854824 0.00902732 0.00880845 0.00841971 0.00859223 0.00932806 0.0115976 0.010821 0.00957374 0.00896225 0.00911479 0.00920401 0.00830808 0.0084837 0.00825799 0.00824357 
0.00884176 0.00950651 0.00869638 0.00815684 0.00976805 0.0130478 0.051774 0.0202747 0.0113005 0.00871613 0.0091476 0.00982658 0.014982 0.0617864 0.236755 0.434177 0.0407772 0.00362128 0.0035851 0 0.00358481 0.00353853 0.00992636 0.0106622 0.0106187 0.0131627 0.0662386 0.0409321 0.0132865 0.00864839 0.00865795 0.00853151 0.00872321 0.00833902 0.00824734 0.00915137 0.0119199 0.0157206 0.00963043 0.00892454 0.00918346 0.00905303 0.00843419 0.00843965 0.00845938 0.00821836 
0.00883217 0.009628 0.00831302 0.00844181 0.00938636 0.0137763 0.0160678 0.0249157 0.0119026 0.00893399 0.0105345 0.0102434 0.014753 0.0402471 0.051568 0.281957 0.290983 0.00366389 0.00360237 0.00358481 0 0.00367473 0.0105884 0.0168793 0.0124402 0.013006 0.0322481 0.0787347 0.0187745 0.00962023 0.00886496 0.00917886 0.00920188 0.00875921 0.00852645 0.00912718 0.011163 0.0151842 0.00909103 0.00870134 0.00954117 0.00886215 0.00828339 0.00835312 0.00827537 0.00822883 
0.0103493 0.00832192 0.00930255 0.00958178 0.0123191 0.00925366 0.00964051 0.0102808 0.0173992 0.012658 0.0123567 0.0117829 0.0266586 0.0136469 0.0145497 0.0621936 0.320956 0.00411227 0.00364011 0.00353853 0.00367473 0 0.0406361 0.0220588 0.0276365 0.0243603 0.0125681 0.0205966 0.0825786 0.0122828 0.00890161 0.0110214 0.0101258 0.0113572 0.00995003 0.0111348 0.00903108 0.0098846 0.0124011 0.00957586 0.00862184 0.00930498 0.00895247 0.00827272 0.00831217 0.00894363 
0.0103241 0.00836016 0.00961452 0.0132766 0.0104449 0.00857247 0.00812672 0.0083131 0.00958325 0.0146122 0.0101542 0.0102758 0.0191499 0.0100872 0.00898386 0.0102628 0.0172067 0.0347945 0.0119582 0.00992636 0.0105884 0.0406361 0 0.0410501 0.0314132 0.0168855 0.0105695 0.00997146 0.0140155 0.0122335 0.00995796 0.0121007 0.0114403 0.0146693 0.0198259 0.0110209 0.00846792 0.00814792 0.00948123 0.00938415 0.00828123 0.00878225 0.00886211 0.00812864 0.00895186 0.0136856 
0.00823012 0.00860667 0.00906779 0.00885858 0.0086445 0.00839525 0.00838475 0.00875545 0.00960704 0.00917691 0.00875954 0.00980417 0.0096106 0.00980936 0.00966414 0.0134365 0.0186794 0.0131636 0.0157578 0.0106622 0.0168793 0.0220588 0.0410501 0 0.00384126 0.0156769 0.0154044 0.0235989 0.0260446 0.0114301 0.0126835 0.0116999 0.0139977 0.0114661 0.0133384 0.00968165 0.00906433 0.0117802 0.0123322 0.00903588 0.00933157 0.00990314 0.00827938 0.00847486 0.00875335 0.0087635 
0.0083509 0.00862544 0.00830926 0.00890433 0.00913486 0.00835222 0.00836799 0.00883366 0.00887894 0.0098216 0.00893407 0.00851086 0.0114716 0.00977839 0.00932321 0.0109616 0.016132 0.0260531 0.0106825 0.0106187 0.0124402 0.0276365 0.0314132 0.00384126 0 0.0227543 0.014358 0.0215828 0.0374991 0.018672 0.0122867 0.0123198 0.0111682 0.0184213 0.0140697 0.0114518 0.00920501 0.0103593 0.0102604 0.00958414 0.0087964 0.0104216 0.00906217 0.0083737 0.00849097 0.00932338 
0.00891416 0.00826456 0.00928115 0.00892444 0.00895383 0.00861695 0.00874744 0.00898682 0.0100177 0.00902816 0.00901964 0.0100893 0.0134748 0.0130761 0.012153 0.0122492 0.0203454 0.0220801 0.0336197 0.0131627 0.013006 0.0243603 0.0168855 0.0156769 0.0227543 0 0.00358548 0.00360521 0.00399432 0.0505616 0.0125474 0.0209568 0.015178 0.0110436 0.0156744 0.0433618 0.0118975 0.0115317 0.0192004 0.0118522 0.00986852 0.0120642 0.0086249 0.00850397 0.00978373 0.00964403 
0.00837467 0.0087945 0.00838878 0.00816473 0.00852765 0.00910529 0.0107309 0.00997037 0.00873779 0.00810235 0.00854363 0.00884772 0.0100991 0.028111 0.0351993 0.0232164 0.0113438 0.0139667 0.0399041 0.0662386 0.0322481 0.0125681 0.0105695 0.0154044 0.014358 0.00358548 0 0.00356605 0.00354294 0.0287219 0.0179792 0.0134729 0.014937 0.00985754 0.00997292 0.0133667 0.0525553 0.0294819 0.0116193 0.0105502 0.012255 0.00981464 0.00892949 0.00864545 0.00865264 0.00847391 
0.00833344 0.00854479 0.00822894 0.00811722 0.00871693 0.00921367 0.0107015 0.00980099 0.00880029 0.00829755 0.00888394 0.00889062 0.0107111 0.0217711 0.022124 0.0522684 0.0142551 0.0125774 0.0229187 0.0409321 0.0787347 0.0205966 0.00997146 0.0235989 0.0215828 0.00360521 0.00356605 0 0.00363512 0.0225854 0.0295505 0.0386358 0.0215066 0.0115513 0.010497 0.0132712 0.0261251 0.160491 0.0170904 0.0120999 0.014749 0.0108042 0.00946028 0.00913672 0.00850411 0.00846154 
0.00898533 0.00822529 0.00834525 0.00857566 0.0089244 0.00846825 0.00867162 0.0085998 0.00977819 0.00926486 0.00909186 0.00876376 0.0137836 0.0102815 0.0120251 0.0135617 0.0369463 0.0178682 0.01131 0.0132865 0.0187745 0.0825786 0.0140155 0.0260446 0.0374991 0.00399432 0.00354294 0.00363512 0 0.0213786 0.0335277 0.0146224 0.140462 0.0178821 0.0140548 0.0167159 0.0119044 0.0192452 0.111296 0.0134028 0.0102391 0.0192878 0.0104605 0.00844438 0.0093232 0.00985978 
0.00825079 0.008111 0.0085079 0.00852179 0.00803361 0.00825216 0.00818306 0.00817959 0.00871343 0.00853554 0.00809488 0.00913913 0.00846009 0.0086106 0.00851612 0.00909974 0.0103004 0.00881341 0.00995378 0.00864839 0.00962023 0.0122828 0.0122335 0.0114301 0.018672 0.0505616 0.0287219 0.0225854 0.0213786 0 0.00490546 0.0175273 0.119769 0.00877448 0.0235908 0.0129496 0.012526 0.0118172 0.0179921 0.0101055 0.010051 0.0116484 0.0085144 0.00869266 0.00945049 0.0100434 
0.00830494 0.00813667 0.00811226 0.00861004 0.0084647 0.00816581 0.0082187 0.0082037 0.00822706 0.00823678 0.00815485 0.00822277 0.00881728 0.00846577 0.00845454 0.00868315 0.00865031 0.0116175 0.00854824 0.00865795 0.00886496 0.00890161 0.00995796 0.0126835 0.0122867 0.0125474 0.0179792 0.0295505 0.0335277 0.00490546 0 0.121387 0.00456567 0.0101441 0.0170874 0.0155262 0.00959591 0.0136052 0.0105128 0.0107416 0.00927554 0.00900425 0.0110182 0.0083325 0.00890227 0.00959921 
0.00813878 0.00805658 0.00817337 0.00847488 0.00851601 0.00802064 0.00808247 0.00808432 0.00839572 0.00839298 0.00809223 0.00865788 0.00834148 0.0083964 0.00845671 0.00869486 0.00942942 0.00888938 0.00902732 0.00853151 0.00917886 0.0110214 0.0121007 0.0116999 0.0123198 0.0209568 0.0134729 0.0386358 0.0146224 0.0175273 0.121387 0 0.00416504 0.00502897 0.0209708 0.0163943 0.0168168 0.0128582 0.0140968 0.00983691 0.011041 0.0109248 0.00840563 0.00919926 0.00955658 0.0105501 
0.00855462 0.00809825 0.00808093 0.00819429 0.00834351 0.00811993 0.00825653 0.00811776 0.00853527 0.00837393 0.00832012 0.00822465 0.009167 0.00841517 0.00840026 0.00876306 0.00913112 0.0108708 0.00880845 0.00872321 0.00920188 0.0101258 0.0114403 0.0139977 0.0111682 0.015178 0.014937 0.0215066 0.140462 0.119769 0.00456567 0.00416504 0 0.00578905 0.0124161 0.0266516 0.0165401 0.0210198 0.0244165 0.0142256 0.0106694 0.0106549 0.0102474 0.00858855 0.00873018 0.00971644 
0.00825491 0.00853022 0.00853334 0.0114339 0.00867764 0.0079926 0.00805085 0.0080815 0.00855227 0.00954667 0.00814368 0.00887362 0.00852353 0.00827645 0.00814996 0.00848577 0.0101684 0.00962696 0.00841971 0.00833902 0.00875921 0.0113572 0.0146693 0.0114661 0.0184213 0.0110436 0.00985754 0.0115513 0.0178821 0.00877448 0.0101441 0.00502897 0.00578905 0 0.899421 0.0140257 0.011177 0.0145095 0.022094 0.0101891 0.0100971 0.013342 0.0103606 0.00882598 0.0118859 0.0149139 
0.00940623 0.00852463 0.00868199 0.01229 0.0096279 0.00832513 0.00812063 0.00819805 0.00881551 0.0105953 0.00872235 0.00888278 0.0097999 0.00833086 0.00810692 0.00838203 0.00981749 0.011775 0.00859223 0.00824734 0.00852645 0.00995003 0.0198259 0.0133384 0.0140697 0.0156744 0.00997292 0.010497 0.0140548 0.0235908 0.0170874 0.0209708 0.0124161 0.899421 0 0.0240067 0.0130457 0.0163808 0.0361911 0.0145131 0.0108475 0.0133089 0.0127367 0.00902233 0.0119216 0.0252619 
0.00864748 0.00843592 0.00855852 0.00903505 0.00874221 0.00838242 0.00846248 0.00851241 0.0087705 0.00878465 0.00838935 0.00863261 0.00888527 0.00893088 0.00886238 0.00902878 0.0106743 0.0106796 0.00932806 0.00915137 0.00912718 0.0111348 0.0110209 0.00968165 0.0114518 0.0433618 0.0133667 0.0132712 0.0167159 0.0129496 0.0155262 0.0163943 0.0266516 0.0140257 0.0240067 0 0.00399437 0.00361643 0.00376949 0.224067 0.0199368 0.0283675 0.0149369 0.0100852 0.0237761 0.017561 
0.00840443 0.00857533 0.00835433 0.00825968 0.00848407 0.00852369 0.00888399 0.00878182 0.00852431 0.00808453 0.00829071 0.00837026 0.00847741 0.00955378 0.0104545 0.00980928 0.00913111 0.00890785 0.0115976 0.0119199 0.011163 0.00903108 0.00846792 0.00906433 0.00920501 0.0118975 0.0525553 0.0261251 0.0119044 0.012526 0.00959591 0.0168168 0.0165401 0.011177 0.0130457 0.00399437 0 0.00358341 0.0035905 0.408158 0.106546 0.0179928 0.0123295 0.0203962 0.0119866 0.0124032 
0.00832444 0.00850079 0.0081193 0.00809547 0.00845981 0.00853967 0.00901865 0.00886956 0.00855686 0.00806472 0.00834269 0.00837221 0.00897226 0.00997045 0.0114276 0.0116458 0.00960728 0.00959787 0.010821 0.0157206 0.0151842 0.0098846 0.00814792 0.0117802 0.0103593 0.0115317 0.0294819 0.160491 0.0192452 0.0118172 0.0136052 0.0128582 0.0210198 0.0145095 0.0163808 0.00361643 0.00358341 0 0.00357601 0.0196803 0.5755 0.0670066 0.0133305 0.019195 0.0142817 0.0103933 
0.00873721 0.00831545 0.00821133 0.00846912 0.00864586 0.00841238 0.00834742 0.00830674 0.0085621 0.0085528 0.00844628 0.00845708 0.00942732 0.00903497 0.00901289 0.00897675 0.0122298 0.01039 0.00957374 0.00963043 0.00909103 0.0124011 0.00948123 0.0123322 0.0102604 0.0192004 0.0116193 0.0170904 0.111296 0.0179921 0.0105128 0.0140968 0.0244165 0.022094 0.0361911 0.00376949 0.0035905 0.00357601 0 0.0278626 0.0308311 0.422946 0.022511 0.0130779 0.0190044 0.0150528 
0.0087895 0.00845423 0.0087372 0.00875538 0.00851849 0.00839523 0.00845524 0.00843546 0.00866392 0.00857535 0.00824789 0.00842743 0.00897518 0.00879073 0.00908823 0.0086496 0.00953139 0.00904584 0.00896225 0.00892454 0.00870134 0.00957586 0.00938415 0.00903588 0.00958414 0.0118522 0.0105502 0.0120999 0.0134028 0.0101055 0.0107416 0.00983691 0.0142256 0.0101891 0.0145131 0.224067 0.408158 0.0196803 0.0278626 0 0.00366108 0.00374171 0.0232368 0.014484 0.0493608 0.0238104 
0.00865699 0.00872955 0.0083413 0.00822443 0.00859493 0.00871599 0.00889561 0.00875626 0.00859775 0.00815285 0.00843565 0.00847787 0.00837828 0.00921447 0.00931158 0.00942672 0.00858765 0.00867829 0.00911479 0.00918346 0.00954117 0.00862184 0.00828123 0.00933157 0.0087964 0.00986852 0.012255 0.014749 0.0102391 0.010051 0.00927554 0.011041 0.0106694 0.0100971 0.0108475 0.0199368 0.106546 0.5755 0.0308311 0.00366108 0 0.00366087 0.0145345 0.182824 0.0223553 0.0144352 
0.00873279 0.00850754 0.00817011 0.0084705 0.0087651 0.00844193 0.00840779 0.00844719 0.00846138 0.00835618 0.00831016 0.00819503 0.00902786 0.00884934 0.00909213 0.00860846 0.0091462 0.00955737 0.00920401 0.00905303 0.00886215 0.00930498 0.00878225 0.00990314 0.0104216 0.0120642 0.00981464 0.0108042 0.0192878 0.0116484 0.00900425 0.0109248 0.0106549 0.013342 0.0133089 0.0283675 0.0179928 0.0670066 0.422946 0.00374171 0.00366087 0 0.0326096 0.012386 0.101302 0.0217382 
0.00828156 0.00851504 0.00840306 0.0086744 0.00863522 0.00823991 0.00840314 0.00832295 0.00845883 0.00830741 0.00805229 0.00828713 0.00808288 0.00843764 0.00845281 0.00841579 0.00894922 0.00844165 0.00830808 0.00843419 0.00828339 0.00895247 0.00886211 0.00827938 0.00906217 0.0086249 0.00892949 0.00946028 0.0104605 0.0085144 0.0110182 0.00840563 0.0102474 0.0103606 0.0127367 0.0149369 0.0123295 0.0133305 0.022511 0.0232368 0.0145345 0.0326096 0 0.00358987 0.00376915 0.00579492 
0.00831803 0.00858193 0.00828249 0.00813659 0.00815882 0.00841227 0.00836296 0.00849951 0.00827555 0.0080188 0.00804125 0.00821975 0.00812965 0.00836932 0.00852132 0.00846691 0.00822603 0.00808096 0.0084837 0.00843965 0.00835312 0.00827272 0.00812864 0.00847486 0.0083737 0.00850397 0.00864545 0.00913672 0.00844438 0.00869266 0.0083325 0.00919926 0.00858855 0.00882598 0.00902233 0.0100852 0.0203962 0.019195 0.0130779 0.014484 0.182824 0.012386 0.00358987 0 0.00354814 0.0123294 
0.00904683 0.00855605 0.00817705 0.00937413 0.00911133 0.00837046 0.00843963 0.00828592 0.00842611 0.00853711 0.00834725 0.00824914 0.00873563 0.0083735 0.00829764 0.00823354 0.0083616 0.00936075 0.00825799 0.00845938 0.00827537 0.00831217 0.00895186 0.00875335 0.00849097 0.00978373 0.00865264 0.00850411 0.0093232 0.00945049 0.00890227 0.00955658 0.00873018 0.0118859 0.0119216 0.0237761 0.0119866 0.0142817 0.0190044 0.0493608 0.0223553 0.101302 0.00376915 0.00354814 0 0.754247 
0.0103068 0.00863382 0.00959638 0.0123163 0.00962496 0.00850316 0.00835528 0.00841885 0.00911897 0.0102155 0.00886907 0.0089154 0.00947325 0.00838451 0.00830581 0.00829085 0.00919534 0.00942008 0.00824357 0.00821836 0.00822883 0.00894363 0.0136856 0.0087635 0.00932338 0.00964403 0.00847391 0.00846154 0.00985978 0.0100434 0.00959921 0.0105501 0.00971644 0.0149139 0.0252619 0.017561 0.0124032 0.0103933 0.0150528 0.0238104 0.0144352 0.0217382 0.00579492 0.0123294 0.754247 0 
