1DWPA
PISKMVTAHFVLIHTICHGAWIWHKLKPALERAGHKVTALDMAASGIDPRQIEQINSFDEYSEPLLTFLEKLPQGEKVIIVGESCAGLNIAIAADRYVDKIAAGVFHNSLLPDTVHSPSYTVEKLLESFPDWRDTEYFTFTNITGETITTMKLGFVLLRENLFTKCTDGEYELAKMVMRKGSLFQNVLAQRPKFTEKGYGSIKKVYIWTDQDKIFLPDFQRWQIANYKPDKVYQVQGGDHKLQLTKTEEVAHILQEVADAYA
CCCCCCCCEEEEECCCCCCHHHHCCHHHHHHHCCCEEEEECCCCCCCCCCCHHHCCCHHHHCHHHHHHHHHCCCCCCEEEEEEHHHHHHHHHHHHHHHHHEEEEEEECCCCCCCCCCCCHHHHHHHHHCCCCCCCEEEEEECCCCCEEEEEECCHHHHHHHCCCCCCHHHHHHHHHHCCCECCCHHHHHCCCCCCCCCHHHCCEEEEEECCCCCCCHHHHHHHHHHCCCCEEEEECCCCCCHHHHCHHHHHHHHHHHHHHHC
0 0 0 0 0 0 0 0 0 0 0 0 0 0 0 0 0 0 0 0 0 0 0 0 0 0 0 0 0 0 0 0 0 0 0 0 0 0 0 0 0 0 0 0 0 0 0 0 0 0 0 0 0 0 0 0 0 0 0 0 0 0 0 0 0 0 0 0 0 0 0 0 0 0 0 0 0 0 0 0 0 0 0 0 0 0 0 0 0 0 0 0 0 0 0 0 0 0 0 0 0 0 0 0 0 0 0 0 0 0 0 0 0 0 0 0 0 0 0 0 0 0 0 0 0 0 0 0 0 0 0 0 0 0 0 0 0 0 0 0 0 0 0 0 0 0 0 0 0 0 0 0 0 0 0 0 0 0 0 0 0 0 0 0 0 0 0 0 0 0 0 0 0 0 0 0 0 0 0 0 0 0 0 0 0 0 0 0 0 0 0 0 0 0 0 0 0 0 0 0 0 0 0 0 0 0 0 0 0 0 0 0 0 0 0 0 0 0 0 0 0 0 0 0 0 0 0 0 0 0 0 0 0 0 0 0 0 0 0 0 0 0 0 0 0 0 0 0 0 0 0 0 0 0 0 0 0 0 0 0 0 0 
0 0 0 0 0 0 0 0 0 0 0 0 0 0 0 0 0 0 0 0 0 0 0 0 0 0 0 0 0 0 0 0 0 0 0 0 0 0 0 0 0 0 0 0 0 0 0 0 0 0 0 0 0 0 0 0 0 0 0 0 0 0 0 0 0 0 0 0 0 0 0 0 0 0 0 0 0 0 0 0 0 0 0 0 0 0 0 0 0 0 0 0 0 0 0 0 0 0 0 0 0 0 0 0 0 0 0 0 0 0 0 0 0 0 0 0 0 0 0 0 0 0 0 0 0 0 0 0 0 0 0 0 0 0 0 0 0 0 0 0 0 0 0 0 0 0 0 0 0 0 0 0 0 0 0 0 0 0 0 0 0 0 0 0 0 0 0 0 0 0 0 0 0 0 0 0 0 0 0 0 0 0 0 0 0 0 0 0 0 0 0 0 0 0 0 0 0 0 0 0 0 0 0 0 0 0 0 0 0 0 0 0 0 0 0 0 0 0 0 0 0 0 0 0 0 0 0 0 0 0 0 0 0 0 0 0 0 0 0 0 0 0 0 0 0 0 0 0 0 0 0 0 0 0 0 0 0 0 0 0 0 0 
0 0.00373424 0.00364146 0.00366349 0.00423867 0.778923 0.0149998 0.0316768 0.0139785 0.0334351 0.0312819 0.026998 0.0144352 0.0119915 0.0104008 0.0133933 0.0106703 0.0098103 0.0103952 0.0106016 0.0105578 0.00955737 0.0123147 0.00856365 0.00816441 0.00828705 0.00852766 0.00840875 0.0103562 0.00882114 0.00819928 0.00845885 0.00831046 0.00839871 0.00939943 0.00888296 0.00961019 0.00824928 0.00843802 0.00864588 0.00832789 0.00898041 0.00826357 0.00821811 0.00833171 0.00831539 0.00857205 
0.00373424 0 0.00366006 0.00365521 0.00364227 0.0312176 0.858176 0.0177107 0.107834 0.0144422 0.0319939 0.184321 0.0726805 0.0471318 0.023876 0.0101776 0.0123741 0.0167671 0.0265492 0.033636 0.027315 0.0207265 0.0109388 0.00832777 0.00880319 0.00896189 0.00936938 0.00938341 0.00857236 0.00831847 0.0090849 0.0096989 0.0105827 0.00924245 0.0085391 0.00824329 0.00846494 0.00900864 0.00951431 0.00963858 0.00878523 0.00836474 0.00832604 0.00841932 0.0086661 0.00853502 0.00827863 
0.00364146 0.00366006 0 0.00363995 0.00357125 0.0489433 0.0429607 0.815837 0.0326807 0.0357921 0.0253046 0.125252 0.303689 0.157172 0.0274959 0.0117177 0.0130251 0.0244347 0.0823049 0.0834017 0.100375 0.0277515 0.0125766 0.00860166 0.00875905 0.0102416 0.0113511 0.0100548 0.00892787 0.00859466 0.00935701 0.0116055 0.0118545 0.00993369 0.00915058 0.00813347 0.00857573 0.00991437 0.0109682 0.0119092 0.00937989 0.00872654 0.0082974 0.00846309 0.00882045 0.00881895 0.00838807 
0.00366349 0.00365521 0.00363995 0 0.0038653 0.0167733 0.107988 0.0344421 0.841119 0.0286617 0.0145695 0.0580478 0.136543 0.107627 0.0672015 0.0119599 0.011704 0.0217777 0.0351417 0.0399811 0.0406033 0.0402405 0.0125454 0.00860002 0.00904275 0.0125868 0.00970349 0.00890206 0.00859137 0.0087559 0.00906716 0.0100508 0.00954484 0.00982446 0.00882331 0.00813073 0.00853639 0.008961 0.00992505 0.00998219 0.00966447 0.00842033 0.00836985 0.00847773 0.00870335 0.00855988 0.00826227 
0.00423867 0.00364227 0.00357125 0.0038653 0 0.0235212 0.0146015 0.037619 0.0511698 0.822553 0.0204438 0.0159396 0.0282586 0.0177887 0.0216263 0.0186256 0.0191408 0.00995965 0.0129013 0.0117614 0.0118375 0.0130414 0.0209304 0.00902673 0.00831656 0.00844982 0.00826638 0.00870219 0.0089473 0.00879104 0.00862434 0.00831943 0.00854404 0.00883054 0.00883806 0.00906505 0.00845066 0.00842105 0.00897826 0.00922935 0.00848496 0.00851061 0.0081902 0.00820961 0.00847763 0.00817281 0.00829954 
0.778923 0.0312176 0.0489433 0.0167733 0.0235212 0 0.00375857 0.00369832 0.00370446 0.00393579 0.10553 0.03243 0.0119976 0.0121512 0.00992051 0.0145724 0.0112451 0.00993335 0.00969985 0.00988833 0.00964628 0.0097559 0.01255 0.00931891 0.00825517 0.00815181 0.0094421 0.00812847 0.0115263 0.0107257 0.00802428 0.00910852 0.00832276 0.00817121 0.00978183 0.00873094 0.0088962 0.00811562 0.00833898 0.00820129 0.00819276 0.00862708 0.00837165 0.0081413 0.00806717 0.0086186 0.00826466 
0.0149998 0.858176 0.0429607 0.107988 0.0146015 0.00375857 0 0.00359224 0.00358946 0.00382738 0.12448 0.0936738 0.0534542 0.0204014 0.0174901 0.0100457 0.0157312 0.0121702 0.0182535 0.0237387 0.0179989 0.0128243 0.0100981 0.0081923 0.00849118 0.00867501 0.00832118 0.0110485 0.00815967 0.0080814 0.0107872 0.00846269 0.00907459 0.00966281 0.00830491 0.00847277 0.00831379 0.00878385 0.00879581 0.00910017 0.00866072 0.00825702 0.00811433 0.00819858 0.008494 0.00834602 0.00846137 
0.0316768 0.0177107 0.815837 0.0344421 0.037619 0.00369832 0.00359224 0 0.00359169 0.00357267 0.044003 0.164106 0.141544 0.0992408 0.016967 0.0114311 0.011664 0.0197439 0.0333055 0.0401068 0.0451797 0.0166517 0.0101926 0.00904517 0.00881181 0.00902189 0.0119721 0.00848177 0.00891647 0.00926631 0.00855906 0.012215 0.0109564 0.00899028 0.00931057 0.00818346 0.00865139 0.00874392 0.0101813 0.00991369 0.0090138 0.00840819 0.00826236 0.00828634 0.00855232 0.00844912 0.00814753 
0.0139785 0.107834 0.0326807 0.841119 0.0511698 0.00370446 0.00358946 0.00359169 0 0.00375041 0.0264687 0.0690473 0.151391 0.110103 0.155719 0.0183387 0.0156857 0.0181696 0.0293793 0.0280562 0.026959 0.0535748 0.0142342 0.0087239 0.00878532 0.00910189 0.00884612 0.00967356 0.00853044 0.00878159 0.00977953 0.00943749 0.0096803 0.00966039 0.00870269 0.00824155 0.0085898 0.00888591 0.00976789 0.00979844 0.00938186 0.00836155 0.00823879 0.00840953 0.00849285 0.00847279 0.00815495 
0.0334351 0.0144422 0.0357921 0.0286617 0.822553 0.00393579 0.00382738 0.00357267 0.00375041 0 0.0188254 0.0304668 0.0684156 0.0669381 0.0932335 0.105615 0.0310824 0.0116725 0.0140364 0.0136126 0.013874 0.0149152 0.0258803 0.0100861 0.00852315 0.00857174 0.00843067 0.0086683 0.009183 0.00984964 0.00889895 0.00866195 0.0087892 0.0088403 0.00928362 0.00932342 0.0087982 0.00857184 0.00890345 0.00888625 0.00845882 0.00853276 0.00821692 0.00809816 0.00827612 0.00811489 0.00817308 
0.0312819 0.0319939 0.0253046 0.0145695 0.0204438 0.10553 0.12448 0.044003 0.0264687 0.0188254 0 0.00428521 0.00364936 0.0036282 0.00368511 0.00385287 0.111458 0.0737356 0.0146102 0.0195994 0.0141553 0.0148187 0.0259655 0.0175633 0.0104224 0.00986669 0.0094983 0.0117902 0.0171042 0.0120697 0.0116082 0.00912564 0.00975805 0.0107128 0.0135545 0.0128539 0.0101884 0.0094914 0.00911394 0.00908861 0.00895426 0.0103588 0.00864116 0.0082476 0.00866496 0.0084166 0.00968399 
0.026998 0.184321 0.125252 0.0580478 0.0159396 0.03243 0.0936738 0.164106 0.0690473 0.0304668 0.00428521 0 0.00360541 0.00359001 0.00364637 0.00355152 0.038372 0.0589111 0.299336 0.0361326 0.0599017 0.0322555 0.015662 0.0111011 0.0153957 0.0107655 0.0163593 0.0120986 0.0128151 0.0111652 0.0126709 0.0201223 0.0171177 0.0157767 0.0105628 0.00898826 0.00955983 0.0121275 0.0160741 0.0130845 0.0113145 0.00951342 0.00845497 0.00856014 0.00890027 0.00890731 0.00850387 
0.0144352 0.0726805 0.303689 0.136543 0.0282586 0.0119976 0.0534542 0.141544 0.151391 0.0684156 0.00364936 0.00360541 0 0.0035562 0.00353881 0.00354292 0.0166239 0.0570097 0.0955937 0.531538 0.0871838 0.0670066 0.0180619 0.00992825 0.0111923 0.0217724 0.0192212 0.0166767 0.0104493 0.00933767 0.0149117 0.026405 0.0440488 0.0213166 0.0122045 0.00865401 0.00942654 0.0131511 0.0256477 0.0298821 0.013733 0.00988465 0.00858556 0.00872714 0.00996186 0.0102882 0.00847865 
0.0119915 0.0471318 0.157172 0.107627 0.0177887 0.0121512 0.0204014 0.0992408 0.110103 0.0669381 0.0036282 0.00359001 0.0035562 0 0.00354094 0.00352837 0.0157391 0.0266757 0.164769 0.0612769 0.485673 0.0237949 0.0215139 0.00953645 0.0108161 0.0142274 0.0167543 0.0109904 0.0110189 0.00914617 0.0101557 0.0284455 0.0225518 0.0156357 0.0111398 0.00842548 0.00878544 0.010736 0.020563 0.0182854 0.0122212 0.00912639 0.00827853 0.00839791 0.0091228 0.00892122 0.00833012 
0.0104008 0.023876 0.0274959 0.0672015 0.0216263 0.00992051 0.0174901 0.016967 0.155719 0.0932335 0.00368511 0.00364637 0.00353881 0.00354094 0 0.00354002 0.013824 0.0324568 0.0200742 0.0713415 0.0251483 0.517471 0.0235658 0.0100585 0.00991234 0.00953386 0.00925726 0.0148202 0.0101388 0.00915004 0.0112097 0.0101661 0.0110845 0.0147638 0.010633 0.00887542 0.00902713 0.00970761 0.0116642 0.0112369 0.0101886 0.00923083 0.00821581 0.00858143 0.00857362 0.0085048 0.00814411 
0.0133933 0.0101776 0.0117177 0.0119599 0.0186256 0.0145724 0.0100457 0.0114311 0.0183387 0.105615 0.00385287 0.00355152 0.00354292 0.00352837 0.00354002 0 0.0195052 0.00873677 0.0161243 0.0113048 0.0171808 0.0368457 0.343871 0.0122152 0.00902619 0.00873329 0.00876416 0.00910644 0.0124754 0.0122374 0.00922719 0.00897076 0.00898253 0.00941538 0.0114637 0.0100886 0.00912437 0.00863469 0.0086006 0.00887875 0.00905311 0.00889764 0.00818716 0.00810428 0.00811955 0.00816641 0.008025 
0.0106703 0.0123741 0.0130251 0.011704 0.0191408 0.0112451 0.0157312 0.011664 0.0156857 0.0310824 0.111458 0.038372 0.0166239 0.0157391 0.013824 0.0195052 0 0.00360083 0.0035801 0.00357675 0.00358643 0.00365431 0.00400572 0.0379519 0.0127594 0.010369 0.00921722 0.0146377 0.0188942 0.0113312 0.0143916 0.00937255 0.0116667 0.0118126 0.0159078 0.0143662 0.0104115 0.00971614 0.00934494 0.00964229 0.00942439 0.0134946 0.00870562 0.00816803 0.0088626 0.00923993 0.0111715 
0.0098103 0.0167671 0.0244347 0.0217777 0.00995965 0.00993335 0.0121702 0.0197439 0.0181696 0.0116725 0.0737356 0.0589111 0.0570097 0.0266757 0.0324568 0.00873677 0.00360083 0 0.00353473 0.00355872 0.00357115 0.00367022 0.00360176 0.0361974 0.0184489 0.0105305 0.0114224 0.0106532 0.0117599 0.010224 0.0100229 0.0144239 0.0118468 0.0155309 0.0109027 0.00879063 0.00895213 0.0100751 0.0137709 0.0122569 0.0108905 0.00913024 0.00835635 0.00845957 0.00867969 0.00890214 0.00825249 
0.0103952 0.0265492 0.0823049 0.0351417 0.0129013 0.00969985 0.0182535 0.0333055 0.0293793 0.0140364 0.0146102 0.299336 0.0955937 0.164769 0.0200742 0.0161243 0.0035801 0.00353473 0 0.00354807 0.00361418 0.00360171 0.00363113 0.0261491 0.029161 0.0237746 0.0163529 0.0141973 0.0104396 0.0100657 0.0150815 0.0198409 0.0344734 0.0163285 0.0114659 0.00877248 0.00927211 0.0142892 0.0292272 0.0308239 0.0150492 0.00974888 0.00843487 0.00875905 0.010422 0.0097359 0.00843221 
0.0106016 0.033636 0.0834017 0.0399811 0.0117614 0.00988833 0.0237387 0.0401068 0.0280562 0.0136126 0.0195994 0.0361326 0.531538 0.0612769 0.0713415 0.0113048 0.00357675 0.00355872 0.00354807 0 0.00354183 0.00357137 0.00354405 0.0278743 0.0279224 0.0586539 0.0229886 0.014082 0.0104868 0.00988012 0.0166053 0.0299403 0.028397 0.0193402 0.0114969 0.0088318 0.00937086 0.0166476 0.035126 0.0371859 0.016509 0.00942776 0.00846178 0.00873696 0.0107085 0.00982277 0.008538 
0.0105578 0.027315 0.100375 0.0406033 0.0118375 0.00964628 0.0179989 0.0451797 0.026959 0.013874 0.0141553 0.0599017 0.0871838 0.485673 0.0251483 0.0171808 0.00358643 0.00357115 0.00361418 0.00354183 0 0.00353969 0.00353846 0.0166125 0.0422388 0.0365766 0.0574814 0.0136123 0.0111276 0.0099399 0.0155625 0.0401332 0.0335238 0.0159573 0.0115504 0.00884119 0.00910048 0.0170384 0.0380721 0.0338556 0.0150854 0.00932332 0.00839712 0.00866827 0.0099615 0.0093307 0.00840076 
0.00955737 0.0207265 0.0277515 0.0402405 0.0130414 0.0097559 0.0128243 0.0166517 0.0535748 0.0149152 0.0148187 0.0322555 0.0670066 0.0237949 0.517471 0.0368457 0.00365431 0.00367022 0.00360171 0.00357137 0.00353969 0 0.00356159 0.0141226 0.0152288 0.0212019 0.0201013 0.0985593 0.0143541 0.0109966 0.0137867 0.0149627 0.018705 0.0384014 0.0139307 0.00921013 0.00970993 0.0127358 0.0178057 0.0170485 0.0158968 0.00951868 0.00841878 0.00857982 0.00904864 0.00867837 0.00831923 
0.0123147 0.0109388 0.0125766 0.0125454 0.0209304 0.01255 0.0100981 0.0101926 0.0142342 0.0258803 0.0259655 0.015662 0.0180619 0.0215139 0.0235658 0.343871 0.00400572 0.00360176 0.00363113 0.00354405 0.00353846 0.00356159 0 0.0173352 0.00998711 0.0120566 0.0128885 0.0316345 0.141669 0.0164886 0.0115245 0.0111339 0.0117996 0.0137713 0.029638 0.0171955 0.0115461 0.0100246 0.010634 0.0101743 0.0111993 0.011836 0.00907753 0.00831464 0.00857336 0.00846659 0.0084973 
0.00856365 0.00832777 0.00860166 0.00860002 0.00902673 0.00931891 0.0081923 0.00904517 0.0087239 0.0100861 0.0175633 0.0111011 0.00992825 0.00953645 0.0100585 0.0122152 0.0379519 0.0361974 0.0261491 0.0278743 0.0166125 0.0141226 0.0173352 0 0.00455838 0.00365421 0.0040917 0.00408061 0.00677539 0.00864205 0.00702847 0.00808708 0.00817638 0.0213546 0.955578 0.0119383 0.0105187 0.00895685 0.00920412 0.00895963 0.00905395 0.0143005 0.00850867 0.00832117 0.00824945 0.00921365 0.00957667 
0.00816441 0.00880319 0.00875905 0.00904275 0.00831656 0.00825517 0.00849118 0.00881181 0.00878532 0.00852315 0.0104224 0.0153957 0.0111923 0.0108161 0.00991234 0.00902619 0.0127594 0.0184489 0.029161 0.0279224 0.0422388 0.0152288 0.00998711 0.00455838 0 0.00368004 0.0036418 0.004348 0.00368695 0.00694413 0.00766445 0.00744835 0.0141801 0.943603 0.0108582 0.00944732 0.00891147 0.0104358 0.00979664 0.00945941 0.00975195 0.00891477 0.00824422 0.0082005 0.00849708 0.00865004 0.00843686 
0.00828705 0.00896189 0.0102416 0.0125868 0.00844982 0.00815181 0.00867501 0.00902189 0.00910189 0.00857174 0.00986669 0.0107655 0.0217724 0.0142274 0.00953386 0.00873329 0.010369 0.0105305 0.0237746 0.0586539 0.0365766 0.0212019 0.0120566 0.00365421 0.00368004 0 0.00360632 0.0035821 0.00355621 0.0063484 0.00755704 0.00946066 0.948772 0.0152523 0.00758305 0.00888399 0.00887628 0.0101272 0.011951 0.0164717 0.00953233 0.00873138 0.00826458 0.0083214 0.00902263 0.00855323 0.00846052 
0.00852766 0.00936938 0.0113511 0.00970349 0.00826638 0.0094421 0.00832118 0.0119721 0.00884612 0.00843067 0.0094983 0.0163593 0.0192212 0.0167543 0.00925726 0.00876416 0.00921722 0.0114224 0.0163529 0.0229886 0.0574814 0.0201013 0.0128885 0.0040917 0.0036418 0.00360632 0 0.00352692 0.0035764 0.00826125 0.00728729 0.978082 0.0130515 0.00783194 0.00749653 0.00860779 0.00906658 0.0100386 0.0215341 0.0118278 0.00999139 0.00880906 0.0084688 0.00898999 0.00856718 0.0102654 0.00811349 
0.00840875 0.00938341 0.0100548 0.00890206 0.00870219 0.00812847 0.0110485 0.00848177 0.00967356 0.0086683 0.0117902 0.0120986 0.0166767 0.0109904 0.0148202 0.00910644 0.0146377 0.0106532 0.0141973 0.014082 0.0136123 0.0985593 0.0316345 0.00408061 0.004348 0.0035821 0.00352692 0 0.00353247 0.00681607 0.993998 0.00795671 0.00767409 0.00931422 0.00719098 0.0116782 0.0098167 0.0159923 0.0106112 0.0139677 0.0117062 0.00894708 0.00860646 0.00834371 0.0099594 0.00833482 0.00930474 
0.0103562 0.00857236 0.00892787 0.00859137 0.0089473 0.0115263 0.00815967 0.00891647 0.00853044 0.009183 0.0171042 0.0128151 0.0104493 0.0110189 0.0101388 0.0124754 0.0188942 0.0117599 0.0104396 0.0104868 0.0111276 0.0143541 0.141669 0.00677539 0.00368695 0.00355621 0.0035764 0.00353247 0 0.99792 0.00699773 0.00697262 0.00612421 0.00669804 0.0134502 0.0130466 0.0168828 0.0102915 0.0100844 0.00955193 0.00959428 0.0114032 0.0105607 0.00898266 0.00832145 0.00936807 0.00854909 
0.00882114 0.00831847 0.00859466 0.0087559 0.00879104 0.0107257 0.0080814 0.00926631 0.00878159 0.00984964 0.0120697 0.0111652 0.00933767 0.00914617 0.00915004 0.0122374 0.0113312 0.010224 0.0100657 0.00988012 0.0099399 0.0109966 0.0164886 0.00864205 0.00694413 0.0063484 0.00826125 0.00681607 0.99792 0 0.0036664 0.00360063 0.0036168 0.00428983 0.00568366 0.0185026 0.0148648 0.00970238 0.00992061 0.00905694 0.0096882 0.0205989 0.00917449 0.00893096 0.00827584 0.0108184 0.0104554 
0.00819928 0.0090849 0.00935701 0.00906716 0.00862434 0.00802428 0.0107872 0.00855906 0.00977953 0.00889895 0.0116082 0.0126709 0.0149117 0.0101557 0.0112097 0.00922719 0.0143916 0.0100229 0.0150815 0.0166053 0.0155625 0.0137867 0.0115245 0.00702847 0.00766445 0.00755704 0.00728729 0.993998 0.00699773 0.0036664 0 0.0035448 0.00355541 0.00432574 0.00367051 0.0194166 0.0127323 0.0168846 0.0103009 0.0145163 0.0120844 0.0104194 0.00863794 0.00840366 0.0114728 0.00871783 0.0115248 
0.00845885 0.0096989 0.0116055 0.0100508 0.00831943 0.00910852 0.00846269 0.012215 0.00943749 0.00866195 0.00912564 0.0201223 0.026405 0.0284455 0.0101661 0.00897076 0.00937255 0.0144239 0.0198409 0.0299403 0.0401332 0.0149627 0.0111339 0.00808708 0.00744835 0.00946066 0.978082 0.00795671 0.00697262 0.00360063 0.0035448 0 0.00352885 0.00355208 0.00355762 0.0095502 0.0112013 0.013098 0.0393091 0.0225056 0.0149759 0.00923608 0.00843595 0.00920404 0.00885557 0.0127696 0.00840951 
0.00831046 0.0105827 0.0118545 0.00954484 0.00854404 0.00832276 0.00907459 0.0109564 0.0096803 0.0087892 0.00975805 0.0171177 0.0440488 0.0225518 0.0110845 0.00898253 0.0116667 0.0118468 0.0344734 0.028397 0.0335238 0.018705 0.0117996 0.00817638 0.0141801 0.948772 0.0130515 0.00767409 0.00612421 0.0036168 0.00355541 0.00352885 0 0.00355196 0.00353686 0.0112475 0.010419 0.0203805 0.041326 0.0378016 0.013508 0.00975407 0.00868777 0.00864486 0.0117976 0.00932901 0.00852136 
0.00839871 0.00924245 0.00993369 0.00982446 0.00883054 0.00817121 0.00966281 0.00899028 0.00966039 0.0088403 0.0107128 0.0157767 0.0213166 0.0156357 0.0147638 0.00941538 0.0118126 0.0155309 0.0163285 0.0193402 0.0159573 0.0384014 0.0137713 0.0213546 0.943603 0.0152523 0.00783194 0.00931422 0.00669804 0.00428983 0.00432574 0.00355208 0.00355196 0 0.00356642 0.0131835 0.0127467 0.0284515 0.02237 0.0237195 0.0257654 0.010229 0.00897429 0.00903085 0.00977156 0.0089128 0.00897514 
0.00939943 0.0085391 0.00915058 0.00882331 0.00883806 0.00978183 0.00830491 0.00931057 0.00870269 0.00928362 0.0135545 0.0105628 0.0122045 0.0111398 0.010633 0.0114637 0.0159078 0.0109027 0.0114659 0.0114969 0.0115504 0.0139307 0.029638 0.955578 0.0108582 0.00758305 0.00749653 0.00719098 0.0134502 0.00568366 0.00367051 0.00355762 0.00353686 0.00356642 0 0.0274314 0.0159533 0.0115081 0.0167202 0.0155218 0.0203529 0.0227319 0.0104238 0.00913319 0.00863569 0.00970097 0.0087674 
0.00888296 0.00824329 0.00813347 0.00813073 0.00906505 0.00873094 0.00847277 0.00818346 0.00824155 0.00932342 0.0128539 0.00898826 0.00865401 0.00842548 0.00887542 0.0100886 0.0143662 0.00879063 0.00877248 0.0088318 0.00884119 0.00921013 0.0171955 0.0119383 0.00944732 0.00888399 0.00860779 0.0116782 0.0130466 0.0185026 0.0194166 0.0095502 0.0112475 0.0131835 0.0274314 0 0.0312415 0.0149381 0.0117429 0.011505 0.0184182 0.0424171 0.014662 0.0097618 0.0102287 0.00930208 0.0171414 
0.00961019 0.00846494 0.00857573 0.00853639 0.00845066 0.0088962 0.00831379 0.00865139 0.0085898 0.0087982 0.0101884 0.00955983 0.00942654 0.00878544 0.00902713 0.00912437 0.0104115 0.00895213 0.00927211 0.00937086 0.00910048 0.00970993 0.0115461 0.0105187 0.00891147 0.00887628 0.00906658 0.0098167 0.0168828 0.0148648 0.0127323 0.0112013 0.010419 0.0127467 0.0159533 0.0312415 0 0.00377244 0.00358697 0.00361813 0.00359858 0.00470183 0.10518 0.0146661 0.0118348 0.013239 0.0232797 
0.00824928 0.00900864 0.00991437 0.008961 0.00842105 0.00811562 0.00878385 0.00874392 0.00888591 0.00857184 0.0094914 0.0121275 0.0131511 0.010736 0.00970761 0.00863469 0.00971614 0.0100751 0.0142892 0.0166476 0.0170384 0.0127358 0.0100246 0.00895685 0.0104358 0.0101272 0.0100386 0.0159923 0.0102915 0.00970238 0.0168846 0.013098 0.0203805 0.0284515 0.0115081 0.0149381 0.00377244 0 0.00356164 0.00354482 0.00382692 0.00365799 0.232184 0.0633421 0.0235436 0.0177139 0.0145698 
0.00843802 0.00951431 0.0109682 0.00992505 0.00897826 0.00833898 0.00879581 0.0101813 0.00976789 0.00890345 0.00911394 0.0160741 0.0256477 0.020563 0.0116642 0.0086006 0.00934494 0.0137709 0.0292272 0.035126 0.0380721 0.0178057 0.010634 0.00920412 0.00979664 0.011951 0.0215341 0.0106112 0.0100844 0.00992061 0.0103009 0.0393091 0.041326 0.02237 0.0167202 0.0117429 0.00358697 0.00356164 0 0.00354621 0.00354459 0.00356592 0.0247692 0.236073 0.0602445 0.0324612 0.0100468 
0.00864588 0.00963858 0.0119092 0.00998219 0.00922935 0.00820129 0.00910017 0.00991369 0.00979844 0.00888625 0.00908861 0.0130845 0.0298821 0.0182854 0.0112369 0.00887875 0.00964229 0.0122569 0.0308239 0.0371859 0.0338556 0.0170485 0.0101743 0.00895963 0.00945941 0.0164717 0.0118278 0.0139677 0.00955193 0.00905694 0.0145163 0.0225056 0.0378016 0.0237195 0.0155218 0.011505 0.00361813 0.00354482 0.00354621 0 0.00353412 0.00354736 0.0304866 0.032724 0.361767 0.0268457 0.0123172 
0.00832789 0.00878523 0.00937989 0.00966447 0.00848496 0.00819276 0.00866072 0.0090138 0.00938186 0.00845882 0.00895426 0.0113145 0.013733 0.0122212 0.0101886 0.00905311 0.00942439 0.0108905 0.0150492 0.016509 0.0150854 0.0158968 0.0111993 0.00905395 0.00975195 0.00953233 0.00999139 0.0117062 0.00959428 0.0096882 0.0120844 0.0149759 0.013508 0.0257654 0.0203529 0.0184182 0.00359858 0.00382692 0.00354459 0.00353412 0 0.00354228 0.0170248 0.0267345 0.0211288 0.369711 0.0166363 
0.00898041 0.00836474 0.00872654 0.00842033 0.00851061 0.00862708 0.00825702 0.00840819 0.00836155 0.00853276 0.0103588 0.00951342 0.00988465 0.00912639 0.00923083 0.00889764 0.0134946 0.00913024 0.00974888 0.00942776 0.00932332 0.00951868 0.011836 0.0143005 0.00891477 0.00873138 0.00880906 0.00894708 0.0114032 0.0205989 0.0104194 0.00923608 0.00975407 0.010229 0.0227319 0.0424171 0.00470183 0.00365799 0.00356592 0.00354736 0.00354228 0 0.0198425 0.0116715 0.0149694 0.0228458 0.277577 
0.00826357 0.00832604 0.0082974 0.00836985 0.0081902 0.00837165 0.00811433 0.00826236 0.00823879 0.00821692 0.00864116 0.00845497 0.00858556 0.00827853 0.00821581 0.00818716 0.00870562 0.00835635 0.00843487 0.00846178 0.00839712 0.00841878 0.00907753 0.00850867 0.00824422 0.00826458 0.0084688 0.00860646 0.0105607 0.00917449 0.00863794 0.00843595 0.00868777 0.00897429 0.0104238 0.014662 0.10518 0.232184 0.0247692 0.0304866 0.0170248 0.0198425 0 0.00553381 0.00368451 0.00392003 0.00592091 
0.00821811 0.00841932 0.00846309 0.00847773 0.00820961 0.0081413 0.00819858 0.00828634 0.00840953 0.00809816 0.0082476 0.00856014 0.00872714 0.00839791 0.00858143 0.00810428 0.00816803 0.00845957 0.00875905 0.00873696 0.00866827 0.00857982 0.00831464 0.00832117 0.0082005 0.0083214 0.00898999 0.00834371 0.00898266 0.00893096 0.00840366 0.00920404 0.00864486 0.00903085 0.00913319 0.0097618 0.0146661 0.0633421 0.236073 0.032724 0.0267345 0.0116715 0.00553381 0 0.00356299 0.00370761 0.00371608 
0.00833171 0.0086661 0.00882045 0.00870335 0.00847763 0.00806717 0.008494 0.00855232 0.00849285 0.00827612 0.00866496 0.00890027 0.00996186 0.0091228 0.00857362 0.00811955 0.0088626 0.00867969 0.010422 0.0107085 0.0099615 0.00904864 0.00857336 0.00824945 0.00849708 0.00902263 0.00856718 0.0099594 0.00832145 0.00827584 0.0114728 0.00885557 0.0117976 0.00977156 0.00863569 0.0102287 0.0118348 0.0235436 0.0602445 0.361767 0.0211288 0.0149694 0.00368451 0.00356299 0 0.00353423 0.00368197 
0.00831539 0.00853502 0.00881895 0.00855988 0.00817281 0.0086186 0.00834602 0.00844912 0.00847279 0.00811489 0.0084166 0.00890731 0.0102882 0.00892122 0.0085048 0.00816641 0.00923993 0.00890214 0.0097359 0.00982277 0.0093307 0.00867837 0.00846659 0.00921365 0.00865004 0.00855323 0.0102654 0.00833482 0.00936807 0.0108184 0.00871783 0.0127696 0.00932901 0.0089128 0.00970097 0.00930208 0.013239 0.0177139 0.0324612 0.0268457 0.369711 0.0228458 0.00392003 0.00370761 0.00353423 0 0.00357683 
0.00857205 0.00827863 0.00838807 0.00826227 0.00829954 0.00826466 0.00846137 0.00814753 0.00815495 0.00817308 0.00968399 0.00850387 0.00847865 0.00833012 0.00814411 0.008025 0.0111715 0.00825249 0.00843221 0.008538 0.00840076 0.00831923 0.0084973 0.00957667 0.00843686 0.00846052 0.00811349 0.00930474 0.00854909 0.0104554 0.0115248 0.00840951 0.00852136 0.00897514 0.0087674 0.0171414 0.0232797 0.0145698 0.0100468 0.0123172 0.0166363 0.277577 0.00592091 0.00371608 0.00368197 0.00357683 0 
