1DXHA
AFNMHNRNLLSLMHHSTRELRYLLDLSRDLKRAKYTGTEQQHLKRKNIALIFEKTSTRTRCAFEVAAYDQGANVTYIDPNSSQIGHKESMKDTARVLGRMYDAIEYRGFKQEIVEELAKFAGVPVFNGLTDEYHPTQMLADVLTMREHSDKPLHDISYAYLGDARNNMGNSLLLIGAKLGMDVRIAAPKALWPHDEFVAQCKKFAEESGAKLTLTEDPKEAVKGVDFVHTDVWVSMGEPVEAWGERIKELLPYQVNMEIMKATGNPRAKFMHCLPAFHNSETKVGKQIAEQYPNLANGIEVTEDVFESPYNIAFEQAENRMHTIKAILVSTLADI
CCCCCCCCECCCCCCCHHHHHHHHHHHHHHHHHHHHCCCCCCCCCCEEEEEECCCCHHHHHHHHHHHHHCCCEEEEECCCCCCECCCECHHHHHHHHHHHCCEEEEECCCHHHHHHHHHHCCCCEEEEECCCCCHHHHHHHHHHHHHCCCCCHHHCEEEEECCCCCHHHHHHHHHHHHCCCEEEEECCHHHCCCHHHHHHHHHHHHHHCCEEEEECCHHHHCCCCCEEEECCCCCCCCCHHHCHHHHHHHHHHCECHHHHHCCCCCCCEEEECCCCCCCCCCHHHHHHHHHCHHHHHECCEEHHHHCCCCECHHHHHHHHHHHHHHHHHHHHCCC
0 0 0 0 0 0 0 0 0 0 0 0 0 0 0 0 0 0 0 0 0 0 0 0 0 0 0 0 0 0 0 0 0 0 0 0 0 0 0 0 0 0 0 0 0 0 0 0 0 0 0 0 0 0 0 0 0 0 0 0 0 0 0 0 0 0 0 0 0 0 0 0 0 0 0 0 0 0 0 0 0 0 0 0 0 0 0 0 0 0 0 0 0 0 0 0 0 0 0 0 0 0 0 0 0 0 0 0 0 0 0 0 0 0 0 0 0 0 0 0 0 0 0 0 0 0 0 0 0 0 0 0 0 0 0 0 0 0 0 0 0 0 0 0 0 0 0 0 0 0 0 0 0 0 0 0 0 0 0 0 0 0 0 0 0 0 0 0 0 0 0 0 0 0 0 0 0 0 0 0 0 0 0 0 0 0 0 0 0 0 0 0 0 0 0 0 0 0 0 0 0 0 0 0 0 0 0 0 0 0 0 0 0 0 0 0 0 0 0 0 0 0 0 0 0 0 0 0 0 0 0 0 0 0 0 0 0 0 0 0 0 0 0 0 0 0 0 0 0 0 0 0 0 0 0 0 0 0 0 0 0 0 0 0 0 0 0 0 0 0 0 0 0 0 0 0 0 0 0 0 0 0 0 0 0 0 0 0 0 0 0 0 0 0 0 0 0 0 0 0 0 0 0 0 0 0 0 0 0 0 0 0 0 0 0 0 0 0 0 0 0 0 0 0 0 0 0 0 0 0 0 0 0 0 0 
0 0 0 0 0 0 0 0 0 0 0 0 0 0 0 0 0 0 0 0 0 0 0 0 0 0 0 0 0 0 0 0 0 0 0 0 0 0 0 0 0 0 0 0 0 0 0 0 0 0 0 0 0 0 0 0 0 0 0 0 0 0 0 0 0 0 0 0 0 0 0 0 0 0 0 0 0 0 0 0 0 0 0 0 0 0 0 0 0 0 0 0 0 0 0 0 0 0 0 0 0 0 0 0 0 0 0 0 0 0 0 0 0 0 0 0 0 0 0 0 0 0 0 0 0 0 0 0 0 0 0 0 0 0 0 0 0 0 0 0 0 0 0 0 0 0 0 0 0 0 0 0 0 0 0 0 0 0 0 0 0 0 0 0 0 0 0 0 0 0 0 0 0 0 0 0 0 0 0 0 0 0 0 0 0 0 0 0 0 0 0 0 0 0 0 0 0 0 0 0 0 0 0 0 0 0 0 0 0 0 0 0 0 0 0 0 0 0 0 0 0 0 0 0 0 0 0 0 0 0 0 0 0 0 0 0 0 0 0 0 0 0 0 0 0 0 0 0 0 0 0 0 0 0 0 0 0 0 0 0 0 0 0 0 0 0 0 0 0 0 0 0 0 0 0 0 0 0 0 0 0 0 0 0 0 0 0 0 0 0 0 0 0 0 0 0 0 0 0 0 0 0 0 0 0 0 0 0 0 0 0 0 0 0 0 0 0 0 0 0 0 0 0 0 0 0 0 0 0 0 0 0 0 0 0 
0 0.0209076 0.0155713 0.0120343 0.0146251 0.0138123 0.0497503 0.0110738 0.0100568 0.00845473 0.00878802 0.0133236 0.0280474 0.0190624 0.0106491 0.00849956 0.00828777 0.00867143 0.0105018 0.0108024 0.00814936 0.00829241 0.00812015 0.00927856 0.0101058 0.00815545 0.00813483 0.00816105 0.00886313 0.00839948 0.00813145 0.00812081 0.008203 0.00883111 0.00869584 0.00864683 0.00828326 0.00817642 0.00879901 0.00898193 0.00822306 0.00816614 0.00862335 0.0111346 0.00857801 0.00837012 0.00833421 0.00846502 0.0100884 0.00926397 0.00930585 0.0119289 
0.0209076 0 0.00445295 0.00358716 0.00363033 0.00362152 0.00680682 0.600685 0.0094021 0.0142518 0.0153456 0.0124099 0.0132374 0.021222 0.0222811 0.010517 0.0109161 0.00903996 0.017157 0.012789 0.00929505 0.00897694 0.0087673 0.00941516 0.0110886 0.00856561 0.0088292 0.00887893 0.00915627 0.00912871 0.00834619 0.00882302 0.00877414 0.00941789 0.0105161 0.00828303 0.00963068 0.00811162 0.00862437 0.00869564 0.00826651 0.00816753 0.00837429 0.00857168 0.00857837 0.00822442 0.00811297 0.00819472 0.00826402 0.00845104 0.00882749 0.00964041 
0.0155713 0.00445295 0 0.0035726 0.00358256 0.00357752 0.00394682 0.0157409 0.607794 0.00956508 0.0173347 0.0127407 0.0119838 0.0103835 0.0397424 0.0320861 0.0126334 0.0219742 0.00962959 0.0175604 0.0155642 0.0104144 0.011593 0.008863 0.00861605 0.0105759 0.0107118 0.00957285 0.00906093 0.00832733 0.0102946 0.00890232 0.00967304 0.00867481 0.00816343 0.00948265 0.00844108 0.00847957 0.00814711 0.00845268 0.00870478 0.00844233 0.00823851 0.00822378 0.00834896 0.00850606 0.00828952 0.00831308 0.00824093 0.00844867 0.00839754 0.008335 
0.0120343 0.00358716 0.0035726 0 0.00355973 0.00354404 0.00363488 0.0811662 0.0260428 0.407241 0.0187921 0.0121332 0.0087108 0.00886613 0.0181682 0.0446403 0.0940522 0.0170573 0.0110125 0.014188 0.0235654 0.0352905 0.0136033 0.00920789 0.0096366 0.0122679 0.0229405 0.0149869 0.00951278 0.00891062 0.00991566 0.0147387 0.0109061 0.00934014 0.00868611 0.00865621 0.0106597 0.00873862 0.00827635 0.00909556 0.0091174 0.00892093 0.00841375 0.00815136 0.00843007 0.00866437 0.0087369 0.0084772 0.00820731 0.00843153 0.00847125 0.00843366 
0.0146251 0.00363033 0.00358256 0.00355973 0 0.00355039 0.00355879 0.0160422 0.0886045 0.0607558 0.27098 0.0118244 0.00993684 0.00909663 0.0190153 0.0827261 0.123787 0.036924 0.0110379 0.0170108 0.0408768 0.0484975 0.023493 0.00974825 0.00952547 0.0178369 0.0303287 0.0216298 0.0102739 0.00924208 0.0130775 0.0185058 0.0138149 0.0102094 0.00849127 0.00928706 0.0096569 0.00943623 0.00850217 0.00984472 0.0100415 0.00940315 0.00871926 0.00822871 0.00888536 0.00933477 0.00932914 0.00871302 0.00836691 0.008887 0.00862539 0.00849731 
0.0138123 0.00362152 0.00357752 0.00354404 0.00355039 0 0.00360655 0.0192909 0.0157164 0.0541771 0.128783 0.181013 0.0104157 0.0102893 0.015677 0.0288947 0.0529806 0.0653612 0.0123934 0.0135395 0.0278439 0.0203411 0.0233066 0.0102952 0.00972737 0.0124995 0.0131591 0.0199829 0.0104404 0.00895476 0.00991441 0.0122349 0.0121806 0.0102402 0.00828466 0.00885359 0.00909186 0.00894731 0.00832991 0.00891336 0.009182 0.00903548 0.0083942 0.00817181 0.00844689 0.00896125 0.00867704 0.00830198 0.00818494 0.00848788 0.00853548 0.00850215 
0.0497503 0.00680682 0.00394682 0.00363488 0.00355879 0.00360655 0 0.014838 0.0189264 0.0117151 0.0486755 0.172873 0.0375528 0.0187241 0.0193682 0.0141562 0.011901 0.0145751 0.0184384 0.0229281 0.00998099 0.0102128 0.00980909 0.0162277 0.0130363 0.00942336 0.00926581 0.00947839 0.0126433 0.0102617 0.00909824 0.00900629 0.00949505 0.00975385 0.00903813 0.00861701 0.00839076 0.00835323 0.00856425 0.0092101 0.00860805 0.00841503 0.00860606 0.00889787 0.00845651 0.00864714 0.0082646 0.00835141 0.00866857 0.00853589 0.0086489 0.00908894 
0.0110738 0.600685 0.0157409 0.0811662 0.0160422 0.0192909 0.014838 0 0.00402098 0.00386081 0.00386344 0.00452239 0.00727047 0.0100658 0.0176964 0.0101085 0.0120239 0.00901345 0.0341668 0.0113718 0.00928589 0.00960794 0.00882308 0.0113368 0.0125954 0.00832747 0.00916441 0.00905757 0.00935526 0.0101627 0.00807936 0.0101278 0.00846766 0.00968809 0.0109295 0.00804717 0.0101641 0.00824303 0.00856661 0.00831767 0.00825185 0.00828917 0.00842965 0.00840168 0.00861293 0.00817222 0.00812298 0.00827914 0.00811213 0.00817187 0.00907625 0.00928031 
0.0100568 0.0094021 0.607794 0.0260428 0.0886045 0.0157164 0.0189264 0.00402098 0 0.00358074 0.00362958 0.00396979 0.00705715 0.0061538 0.0172584 0.0278089 0.00913085 0.030017 0.00936959 0.0113816 0.0116739 0.00938303 0.0105979 0.0090146 0.00827123 0.0104127 0.00933097 0.00920913 0.00908456 0.00817876 0.0107386 0.00853002 0.0104887 0.00847708 0.00797185 0.0109561 0.00830343 0.0088417 0.00818361 0.00843566 0.0084846 0.00851784 0.00824263 0.00821961 0.00816301 0.00848889 0.00822048 0.00822838 0.00835876 0.00839665 0.00830951 0.00820735 
0.00845473 0.0142518 0.00956508 0.407241 0.0607558 0.0541771 0.0117151 0.00386081 0.00358074 0 0.00360218 0.00353711 0.00498866 0.00589839 0.0157249 0.0122937 0.055427 0.0102079 0.00947642 0.00991165 0.0113533 0.0174595 0.00944266 0.00872187 0.00876601 0.00964896 0.0141828 0.00991689 0.00864653 0.00851013 0.00923435 0.0159884 0.00922557 0.00857998 0.00873461 0.00845916 0.00945995 0.00836316 0.00812686 0.00837712 0.00859444 0.00853329 0.00814177 0.00810502 0.00826434 0.00832348 0.00835488 0.00813864 0.00806475 0.00820637 0.00816938 0.00821656 
0.00878802 0.0153456 0.0173347 0.0187921 0.27098 0.128783 0.0486755 0.00386344 0.00362958 0.00360218 0 0.00355605 0.00534161 0.00710703 0.0107034 0.0326261 0.0200288 0.0206116 0.00957981 0.0107744 0.0148294 0.0109955 0.0129444 0.00908979 0.00975452 0.00997684 0.0101475 0.0133348 0.00889223 0.00892681 0.00921142 0.0105393 0.00956495 0.00861646 0.00928902 0.00857171 0.00916863 0.00836444 0.00815347 0.00872201 0.00871334 0.00846647 0.0082224 0.00815966 0.00827757 0.00836523 0.00820892 0.0081455 0.00811227 0.00820401 0.00831017 0.00835248 
0.0133236 0.0124099 0.0127407 0.0121332 0.0118244 0.181013 0.172873 0.00452239 0.00396979 0.00353711 0.00355605 0 0.0269196 0.00676315 0.0296487 0.0135463 0.0114276 0.0160678 0.0165982 0.0212436 0.00951354 0.00932837 0.009356 0.0158082 0.0114623 0.0100952 0.00906992 0.00876976 0.0122534 0.00950368 0.00944331 0.00845902 0.00940418 0.00926455 0.00873568 0.0102818 0.0081876 0.00843975 0.00899452 0.00912307 0.00829804 0.00839048 0.00858597 0.0092725 0.00838941 0.00830063 0.00824138 0.00829262 0.00908946 0.00849599 0.00825587 0.008731 
0.0280474 0.0132374 0.0119838 0.0087108 0.00993684 0.0104157 0.0375528 0.00727047 0.00705715 0.00498866 0.00534161 0.0269196 0 0.917572 0.0125492 0.0131015 0.00889313 0.013543 0.0265589 0.0143948 0.00916388 0.00883695 0.00891319 0.0164874 0.0103599 0.00898079 0.00842505 0.00861074 0.0110745 0.00868639 0.00873995 0.00824805 0.00893456 0.0100399 0.00862275 0.00997278 0.00806959 0.00833051 0.00959492 0.0084557 0.00814461 0.00804335 0.00875182 0.0115143 0.00826146 0.00808032 0.00810986 0.00827618 0.0121439 0.00898602 0.00872811 0.0100354 
0.0190624 0.021222 0.0103835 0.00886613 0.00909663 0.0102893 0.0187241 0.0100658 0.0061538 0.00589839 0.00710703 0.00676315 0.917572 0 0.0142307 0.00835018 0.00768316 0.00757203 0.0138793 0.0149004 0.00909767 0.00875728 0.00937282 0.0110452 0.0125665 0.00849158 0.00837542 0.00870791 0.0100708 0.00926294 0.00816251 0.00813379 0.00844203 0.0092931 0.00996236 0.00823731 0.00822825 0.00806547 0.00920388 0.00883189 0.00797477 0.00811753 0.00847736 0.0111925 0.00839065 0.00798075 0.00799876 0.0081227 0.00875675 0.00872953 0.00856588 0.0106418 
0.0106491 0.0222811 0.0397424 0.0181682 0.0190153 0.015677 0.0193682 0.0176964 0.0172584 0.0157249 0.0107034 0.0296487 0.0125492 0.0142307 0 0.00375249 0.00356244 0.00359329 0.0041039 0.0739879 0.0273687 0.0165253 0.0113058 0.0260551 0.0176302 0.0178101 0.0134593 0.0130268 0.0183201 0.0126935 0.0143132 0.0120175 0.0127119 0.0229867 0.00911795 0.010223 0.00935574 0.00892973 0.0102907 0.010364 0.00942039 0.00912608 0.00992028 0.00915641 0.00861936 0.00914627 0.00858327 0.00884011 0.0084913 0.00893666 0.00854559 0.00924354 
0.00849956 0.010517 0.0320861 0.0446403 0.0827261 0.0288947 0.0141562 0.0101085 0.0278089 0.0122937 0.0326261 0.0135463 0.0131015 0.00835018 0.00375249 0 0.0035278 0.00359486 0.00363414 0.38677 0.0609911 0.0316079 0.0269309 0.0131555 0.0103775 0.0403645 0.0297235 0.0268971 0.0123499 0.00954195 0.0327024 0.0201236 0.0402982 0.0113077 0.00849504 0.0117894 0.00924228 0.010386 0.00875449 0.0103807 0.0103465 0.0102154 0.008899 0.00825153 0.00842785 0.00911569 0.00939848 0.00856557 0.00812427 0.0083885 0.00861898 0.00822281 
0.00828777 0.0109161 0.0126334 0.0940522 0.123787 0.0529806 0.011901 0.0120239 0.00913085 0.055427 0.0200288 0.0114276 0.00889313 0.00768316 0.00356244 0.0035278 0 0.00361448 0.00357249 0.022089 0.323155 0.0866623 0.0373269 0.0120251 0.0122419 0.0184356 0.0729331 0.0345758 0.0121381 0.0115749 0.0142018 0.122287 0.0151626 0.0122424 0.00956786 0.00890406 0.0250459 0.00901914 0.00876509 0.00960733 0.0130066 0.0109566 0.00875286 0.00815053 0.00872668 0.00938226 0.0096155 0.00844845 0.00797954 0.00825945 0.00825699 0.00827208 
0.00867143 0.00903996 0.0219742 0.0170573 0.036924 0.0653612 0.0145751 0.00901345 0.030017 0.0102079 0.0206116 0.0160678 0.013543 0.00757203 0.00359329 0.00359486 0.00361448 0 0.00360289 0.0281708 0.0910642 0.222164 0.0801827 0.0366447 0.0100296 0.0429149 0.0193933 0.0438345 0.0174695 0.00924151 0.0335312 0.0116214 0.0515356 0.0105139 0.00846836 0.0142083 0.00921327 0.0117996 0.00832525 0.0100224 0.0104138 0.010153 0.00903418 0.0084996 0.00841394 0.00898976 0.00928306 0.00823045 0.00815879 0.0085817 0.00827575 0.00828201 
0.0105018 0.017157 0.00962959 0.0110125 0.0110379 0.0123934 0.0184384 0.0341668 0.00936959 0.00947642 0.00957981 0.0165982 0.0265589 0.0138793 0.0041039 0.00363414 0.00357249 0.00360289 0 0.0373618 0.0220694 0.0252584 0.0530361 0.252297 0.028767 0.0113327 0.01113 0.0114562 0.0175547 0.0246596 0.00909297 0.0105455 0.00952599 0.0159427 0.013125 0.00861383 0.0096292 0.00846273 0.00910776 0.011328 0.00892814 0.00885405 0.00903478 0.00903627 0.00884786 0.00841642 0.00832624 0.00833724 0.00831504 0.00836669 0.00844292 0.00867138 
0.0108024 0.012789 0.0175604 0.014188 0.0170108 0.0135395 0.0229281 0.0113718 0.0113816 0.00991165 0.0107744 0.0212436 0.0143948 0.0149004 0.0739879 0.38677 0.022089 0.0281708 0.0373618 0 0.0036909 0.00358488 0.00359049 0.00476869 0.192671 0.0301294 0.0204288 0.0153941 0.030792 0.0139199 0.018452 0.0161516 0.0208891 0.033124 0.0100678 0.011203 0.010155 0.00953831 0.0132026 0.0140521 0.0108446 0.0103133 0.0150307 0.00971196 0.00924076 0.0092168 0.00955387 0.00950829 0.00853137 0.00923064 0.008627 0.00936185 
0.00814936 0.00929505 0.0155642 0.0235654 0.0408768 0.0278439 0.00998099 0.00928589 0.0116739 0.0113533 0.0148294 0.00951354 0.00916388 0.00909767 0.0273687 0.0609911 0.323155 0.0910642 0.0220694 0.0036909 0 0.00356252 0.00358311 0.00361451 0.0356328 0.236989 0.0334939 0.0392367 0.0126305 0.0102422 0.0374757 0.0217822 0.0359484 0.0141319 0.00873527 0.0115032 0.0106009 0.012875 0.00849756 0.0123423 0.0143831 0.0151538 0.00924516 0.00818281 0.00832884 0.0100316 0.0104254 0.00872317 0.00800161 0.00824178 0.00821797 0.00815463 
0.00829241 0.00897694 0.0104144 0.0352905 0.0484975 0.0203411 0.0102128 0.00960794 0.00938303 0.0174595 0.0109955 0.00932837 0.00883695 0.00875728 0.0165253 0.0316079 0.0866623 0.222164 0.0252584 0.00358488 0.00356252 0 0.00352774 0.00349726 0.0191461 0.0324731 0.213723 0.0257583 0.0149005 0.0120705 0.0139243 0.0754734 0.0159082 0.0141384 0.00904375 0.00950413 0.02199 0.00963398 0.00883003 0.0107048 0.0138335 0.0124406 0.010602 0.00867588 0.00869996 0.0105692 0.0103488 0.00875908 0.00803479 0.00828646 0.00818626 0.00819277 
0.00812015 0.0087673 0.011593 0.0136033 0.023493 0.0233066 0.00980909 0.00882308 0.0105979 0.00944266 0.0129444 0.009356 0.00891319 0.00937282 0.0113058 0.0269309 0.0373269 0.0801827 0.0530361 0.00359049 0.00358311 0.00352774 0 0.00399053 0.0143553 0.0407425 0.0407944 0.239505 0.0218633 0.0119836 0.0233761 0.0166625 0.0350397 0.0116522 0.00860548 0.0111036 0.00958952 0.011206 0.00851642 0.0101338 0.0151117 0.0131722 0.00907569 0.00827201 0.00851703 0.00928496 0.011177 0.00836641 0.00800386 0.00819763 0.00821071 0.00811628 
0.00927856 0.00941516 0.008863 0.00920789 0.00974825 0.0102952 0.0162277 0.0113368 0.0090146 0.00872187 0.00908979 0.0158082 0.0164874 0.0110452 0.0260551 0.0131555 0.0120251 0.0366447 0.252297 0.00476869 0.00361451 0.00349726 0.00399053 0 0.0151682 0.0177217 0.0195875 0.0471652 0.337193 0.0147449 0.0109587 0.00955621 0.0122639 0.0240452 0.0106743 0.00903926 0.00868008 0.00869646 0.0110632 0.011144 0.00902962 0.00916287 0.0110594 0.00989946 0.00847726 0.00851337 0.00861809 0.00862636 0.00847399 0.00831301 0.00835756 0.00868147 
0.0101058 0.0110886 0.00861605 0.0096366 0.00952547 0.00972737 0.0130363 0.0125954 0.00827123 0.00876601 0.00975452 0.0114623 0.0103599 0.0125665 0.0176302 0.0103775 0.0122419 0.0100296 0.028767 0.192671 0.0356328 0.0191461 0.0143553 0.0151682 0 0.00399225 0.00355931 0.00361857 0.00459032 0.510315 0.00980895 0.0219409 0.0120691 0.0467549 0.0232952 0.00899097 0.0134817 0.00965968 0.0195051 0.0125809 0.0095549 0.0100684 0.0169603 0.0116573 0.00973891 0.00875998 0.00932182 0.0107512 0.00846177 0.00909044 0.0109451 0.0110489 
0.00815545 0.00856561 0.0105759 0.0122679 0.0178369 0.0124995 0.00942336 0.00832747 0.0104127 0.00964896 0.00997684 0.0100952 0.00898079 0.00849158 0.0178101 0.0403645 0.0184356 0.0429149 0.0113327 0.0301294 0.236989 0.0324731 0.0407425 0.0177217 0.00399225 0 0.0035532 0.0035972 0.00358774 0.023679 0.703882 0.0147894 0.0882256 0.0138652 0.00936768 0.0392453 0.0103794 0.0307063 0.00975583 0.029392 0.0183476 0.0229039 0.011545 0.00850372 0.00898674 0.0120628 0.0135248 0.00911757 0.00819401 0.00895528 0.008558 0.00814948 
0.00813483 0.0088292 0.0107118 0.0229405 0.0303287 0.0131591 0.00926581 0.00916441 0.00933097 0.0141828 0.0101475 0.00906992 0.00842505 0.00837542 0.0134593 0.0297235 0.0729331 0.0193933 0.01113 0.0204288 0.0334939 0.213723 0.0407944 0.0195875 0.00355931 0.0035532 0 0.00358852 0.00354531 0.0298189 0.0273374 0.710384 0.0183042 0.021552 0.010779 0.015462 0.0397612 0.0122573 0.00980947 0.0138639 0.0460144 0.0185638 0.0121885 0.00877381 0.00904845 0.0138085 0.0127114 0.00957647 0.00817563 0.0084378 0.00838057 0.00819686 
0.00816105 0.00887893 0.00957285 0.0149869 0.0216298 0.0199829 0.00947839 0.00905757 0.00920913 0.00991689 0.0133348 0.00876976 0.00861074 0.00870791 0.0130268 0.0268971 0.0345758 0.0438345 0.0114562 0.0153941 0.0392367 0.0257583 0.239505 0.0471652 0.00361857 0.0035972 0.00358852 0 0.00362791 0.0188228 0.0515482 0.0450926 0.720663 0.0190592 0.0122387 0.0128177 0.016458 0.018792 0.0100088 0.0156702 0.0266221 0.0522787 0.0120258 0.00890701 0.00978745 0.0121896 0.0194147 0.0116129 0.00820606 0.0087252 0.00860416 0.00837739 
0.00886313 0.00915627 0.00906093 0.00951278 0.0102739 0.0104404 0.0126433 0.00935526 0.00908456 0.00864653 0.00889223 0.0122534 0.0110745 0.0100708 0.0183201 0.0123499 0.0121381 0.0174695 0.0175547 0.030792 0.0126305 0.0149005 0.0218633 0.337193 0.00459032 0.00358774 0.00354531 0.00362791 0 0.0243957 0.0197338 0.0371777 0.0477449 0.74848 0.0128352 0.0126603 0.00943789 0.0130046 0.0153796 0.02042 0.0117502 0.0146545 0.0334297 0.0115244 0.00961733 0.010194 0.0114431 0.0116465 0.00918711 0.00887343 0.00868251 0.00895076 
0.00839948 0.00912871 0.00832733 0.00891062 0.00924208 0.00895476 0.0102617 0.0101627 0.00817876 0.00851013 0.00892681 0.00950368 0.00868639 0.00926294 0.0126935 0.00954195 0.0115749 0.00924151 0.0246596 0.0139199 0.0102422 0.0120705 0.0119836 0.0147449 0.510315 0.023679 0.0298189 0.0188228 0.0243957 0 0.00356775 0.00357259 0.00357504 0.00398462 0.681634 0.00937734 0.0245863 0.00955237 0.0340371 0.0184066 0.0119431 0.0108822 0.0218687 0.0127811 0.010659 0.00951042 0.0100206 0.0120531 0.0082698 0.00858725 0.00970499 0.00951382 
0.00813145 0.00834619 0.0102946 0.00991566 0.0130775 0.00991441 0.00909824 0.00807936 0.0107386 0.00923435 0.00921142 0.00944331 0.00873995 0.00816251 0.0143132 0.0327024 0.0142018 0.0335312 0.00909297 0.018452 0.0374757 0.0139243 0.0233761 0.0109587 0.00980895 0.703882 0.0273374 0.0515482 0.0197338 0.00356775 0 0.00356846 0.00359259 0.0035625 0.0141535 0.773831 0.00952706 0.0736714 0.00989128 0.0299611 0.0346381 0.0276271 0.0150859 0.0103373 0.00990381 0.0254557 0.0174451 0.0113363 0.00870118 0.00976655 0.00859034 0.00822733 
0.00812081 0.00882302 0.00890232 0.0147387 0.0185058 0.0122349 0.00900629 0.0101278 0.00853002 0.0159884 0.0105393 0.00845902 0.00824805 0.00813379 0.0120175 0.0201236 0.122287 0.0116214 0.0105455 0.0161516 0.0217822 0.0754734 0.0166625 0.00955621 0.0219409 0.0147894 0.710384 0.0450926 0.0371777 0.00357259 0.00356846 0 0.0035545 0.00356751 0.0576688 0.0114535 0.778559 0.0105586 0.0145106 0.0218164 0.0594735 0.0322357 0.0127376 0.00915969 0.011401 0.0238869 0.0198951 0.01192 0.00817241 0.00849868 0.00861489 0.0082476 
0.008203 0.00877414 0.00967304 0.0109061 0.0138149 0.0121806 0.00949505 0.00846766 0.0104887 0.00922557 0.00956495 0.00940418 0.00893456 0.00844203 0.0127119 0.0402982 0.0151626 0.0515356 0.00952599 0.0208891 0.0359484 0.0159082 0.0350397 0.0122639 0.0120691 0.0882256 0.0183042 0.720663 0.0477449 0.00357504 0.00359259 0.0035545 0 0.0036948 0.0152803 0.103444 0.0142259 0.74577 0.0131279 0.0300329 0.0410777 0.0823669 0.0199637 0.0105508 0.0111923 0.0237773 0.0401601 0.0120387 0.00897631 0.00961686 0.00872227 0.00859959 
0.00883111 0.00941789 0.00867481 0.00934014 0.0102094 0.0102402 0.00975385 0.00968809 0.00847708 0.00857998 0.00861646 0.00926455 0.0100399 0.0092931 0.0229867 0.0113077 0.0122424 0.0105139 0.0159427 0.033124 0.0141319 0.0141384 0.0116522 0.0240452 0.0467549 0.0138652 0.021552 0.0190592 0.74848 0.00398462 0.0035625 0.00356751 0.0036948 0 0.0431555 0.0126568 0.0296088 0.0258768 0.68934 0.0314429 0.0181435 0.0219189 0.0447199 0.0142461 0.0169836 0.013083 0.0137224 0.0189636 0.0111603 0.0101831 0.0100108 0.00996324 
0.00869584 0.0105161 0.00816343 0.00868611 0.00849127 0.00828466 0.00903813 0.0109295 0.00797185 0.00873461 0.00928902 0.00873568 0.00862275 0.00996236 0.00911795 0.00849504 0.00956786 0.00846836 0.013125 0.0100678 0.00873527 0.00904375 0.00860548 0.0106743 0.0232952 0.00936768 0.010779 0.0122387 0.0128352 0.681634 0.0141535 0.0576688 0.0152803 0.0431555 0 0.00398117 0.00414038 0.00380142 0.00706162 0.0145503 0.0107491 0.0124446 0.0609053 0.0133837 0.0188458 0.00915137 0.0101877 0.0138831 0.00869675 0.00942152 0.0134747 0.0149824 
0.00864683 0.00828303 0.00948265 0.00865621 0.00928706 0.00885359 0.00861701 0.00804717 0.0109561 0.00845916 0.00857171 0.0102818 0.00997278 0.00823731 0.010223 0.0117894 0.00890406 0.0142083 0.00861383 0.011203 0.0115032 0.00950413 0.0111036 0.00903926 0.00899097 0.0392453 0.015462 0.0128177 0.0126603 0.00937734 0.773831 0.0114535 0.103444 0.0126568 0.00398117 0 0.00354593 0.00385811 0.00367578 0.0153092 0.0141636 0.035499 0.01702 0.0157543 0.00961695 0.021478 0.0135799 0.00965086 0.0101466 0.0109077 0.00876857 0.00838186 
0.00828326 0.00963068 0.00844108 0.0106597 0.0096569 0.00909186 0.00839076 0.0101641 0.00830343 0.00945995 0.00916863 0.0081876 0.00806959 0.00822825 0.00935574 0.00924228 0.0250459 0.00921327 0.0096292 0.010155 0.0106009 0.02199 0.00958952 0.00868008 0.0134817 0.0103794 0.0397612 0.016458 0.00943789 0.0245863 0.00952706 0.778559 0.0142259 0.0296088 0.00414038 0.00354593 0 0.0035351 0.00361018 0.0144502 0.0382148 0.022192 0.0145725 0.00935457 0.0145271 0.0150124 0.0168391 0.0100279 0.00831876 0.00856009 0.009188 0.00885541 
0.00817642 0.00811162 0.00847957 0.00873862 0.00943623 0.00894731 0.00835323 0.00824303 0.0088417 0.00836316 0.00836444 0.00843975 0.00833051 0.00806547 0.00892973 0.010386 0.00901914 0.0117996 0.00846273 0.00953831 0.012875 0.00963398 0.011206 0.00869646 0.00965968 0.0307063 0.0122573 0.018792 0.0130046 0.00955237 0.0736714 0.0105586 0.74577 0.0258768 0.00380142 0.00385811 0.0035351 0 0.00363112 0.0257542 0.0435384 0.0442029 0.0194144 0.0133642 0.010249 0.0213209 0.0242308 0.011668 0.00886605 0.00958742 0.00882754 0.00842309 
0.00879901 0.00862437 0.00814711 0.00827635 0.00850217 0.00832991 0.00856425 0.00856661 0.00818361 0.00812686 0.00815347 0.00899452 0.00959492 0.00920388 0.0102907 0.00875449 0.00876509 0.00832525 0.00910776 0.0132026 0.00849756 0.00883003 0.00851642 0.0110632 0.0195051 0.00975583 0.00980947 0.0100088 0.0153796 0.0340371 0.00989128 0.0145106 0.0131279 0.68934 0.00706162 0.00367578 0.00361018 0.00363112 0 0.0354002 0.0176989 0.0302267 0.0288298 0.0180506 0.0174709 0.010896 0.0106192 0.0167074 0.011376 0.0106806 0.00990295 0.0109536 
0.00898193 0.00869564 0.00845268 0.00909556 0.00984472 0.00891336 0.0092101 0.00831767 0.00843566 0.00837712 0.00872201 0.00912307 0.0084557 0.00883189 0.010364 0.0103807 0.00960733 0.0100224 0.011328 0.0140521 0.0123423 0.0107048 0.0101338 0.011144 0.0125809 0.029392 0.0138639 0.0156702 0.02042 0.0184066 0.0299611 0.0218164 0.0300329 0.0314429 0.0145503 0.0153092 0.0144502 0.0257542 0.0354002 0 0.00357137 0.00358252 0.00442475 0.0382903 0.291606 0.0246962 0.0195297 0.0215249 0.0106649 0.0130902 0.0148614 0.0134206 
0.00822306 0.00826651 0.00870478 0.0091174 0.0100415 0.009182 0.00860805 0.00825185 0.0084846 0.00859444 0.00871334 0.00829804 0.00814461 0.00797477 0.00942039 0.0103465 0.0130066 0.0104138 0.00892814 0.0108446 0.0143831 0.0138335 0.0151117 0.00902962 0.0095549 0.0183476 0.0460144 0.0266221 0.0117502 0.0119431 0.0346381 0.0594735 0.0410777 0.0181435 0.0107491 0.0141636 0.0382148 0.0435384 0.0176989 0.00357137 0 0.00362688 0.00355819 0.0221586 0.0217516 0.380466 0.041326 0.0163914 0.00907731 0.0108816 0.0102681 0.00856653 
0.00816614 0.00816753 0.00844233 0.00892093 0.00940315 0.00903548 0.00841503 0.00828917 0.00851784 0.00853329 0.00846647 0.00839048 0.00804335 0.00811753 0.00912608 0.0102154 0.0109566 0.010153 0.00885405 0.0103133 0.0151538 0.0124406 0.0131722 0.00916287 0.0100684 0.0229039 0.0185638 0.0522787 0.0146545 0.0108822 0.0276271 0.0322357 0.0823669 0.0219189 0.0124446 0.035499 0.022192 0.0442029 0.0302267 0.00358252 0.00362688 0 0.00360408 0.0158391 0.0228638 0.0460789 0.482451 0.0245118 0.0105619 0.0105693 0.0107735 0.0089297 
0.00862335 0.00837429 0.00823851 0.00841375 0.00871926 0.0083942 0.00860606 0.00842965 0.00824263 0.00814177 0.0082224 0.00858597 0.00875182 0.00847736 0.00992028 0.008899 0.00875286 0.00903418 0.00903478 0.0150307 0.00924516 0.010602 0.00907569 0.0110594 0.0169603 0.011545 0.0121885 0.0120258 0.0334297 0.0218687 0.0150859 0.0127376 0.0199637 0.0447199 0.0609053 0.01702 0.0145725 0.0194144 0.0288298 0.00442475 0.00355819 0.00360408 0 0.0486914 0.0286813 0.0337502 0.039775 0.251832 0.0121629 0.0143524 0.0118882 0.0117569 
0.0111346 0.00857168 0.00822378 0.00815136 0.00822871 0.00817181 0.00889787 0.00840168 0.00821961 0.00810502 0.00815966 0.0092725 0.0115143 0.0111925 0.00915641 0.00825153 0.00815053 0.0084996 0.00903627 0.00971196 0.00818281 0.00867588 0.00827201 0.00989946 0.0116573 0.00850372 0.00877381 0.00890701 0.0115244 0.0127811 0.0103373 0.00915969 0.0105508 0.0142461 0.0133837 0.0157543 0.00935457 0.0133642 0.0180506 0.0382903 0.0221586 0.0158391 0.0486914 0 0.0391569 0.00972785 0.0131603 0.020043 0.0485438 0.0500088 0.0210321 0.0622463 
0.00857801 0.00857837 0.00834896 0.00843007 0.00888536 0.00844689 0.00845651 0.00861293 0.00816301 0.00826434 0.00827757 0.00838941 0.00826146 0.00839065 0.00861936 0.00842785 0.00872668 0.00841394 0.00884786 0.00924076 0.00832884 0.00869996 0.00851703 0.00847726 0.00973891 0.00898674 0.00904845 0.00978745 0.00961733 0.010659 0.00990381 0.011401 0.0111923 0.0169836 0.0188458 0.00961695 0.0145271 0.010249 0.0174709 0.291606 0.0217516 0.0228638 0.0286813 0.0391569 0 0.0035623 0.0035798 0.00418771 0.0166162 0.0168057 0.0223178 0.0194267 
0.00837012 0.00822442 0.00850606 0.00866437 0.00933477 0.00896125 0.00864714 0.00817222 0.00848889 0.00832348 0.00836523 0.00830063 0.00808032 0.00798075 0.00914627 0.00911569 0.00938226 0.00898976 0.00841642 0.0092168 0.0100316 0.0105692 0.00928496 0.00851337 0.00875998 0.0120628 0.0138085 0.0121896 0.010194 0.00951042 0.0254557 0.0238869 0.0237773 0.013083 0.00915137 0.021478 0.0150124 0.0213209 0.010896 0.0246962 0.380466 0.0460789 0.0337502 0.00972785 0.0035623 0 0.00356577 0.00353257 0.0190868 0.0215012 0.0156202 0.0109772 
0.00833421 0.00811297 0.00828952 0.0087369 0.00932914 0.00867704 0.0082646 0.00812298 0.00822048 0.00835488 0.00820892 0.00824138 0.00810986 0.00799876 0.00858327 0.00939848 0.0096155 0.00928306 0.00832624 0.00955387 0.0104254 0.0103488 0.011177 0.00861809 0.00932182 0.0135248 0.0127114 0.0194147 0.0114431 0.0100206 0.0174451 0.0198951 0.0401601 0.0137224 0.0101877 0.0135799 0.0168391 0.0242308 0.0106192 0.0195297 0.041326 0.482451 0.039775 0.0131603 0.0035798 0.00356577 0 0.00353197 0.0166885 0.0294136 0.0182399 0.0123633 
0.00846502 0.00819472 0.00831308 0.0084772 0.00871302 0.00830198 0.00835141 0.00827914 0.00822838 0.00813864 0.0081455 0.00829262 0.00827618 0.0081227 0.00884011 0.00856557 0.00844845 0.00823045 0.00833724 0.00950829 0.00872317 0.00875908 0.00836641 0.00862636 0.0107512 0.00911757 0.00957647 0.0116129 0.0116465 0.0120531 0.0113363 0.01192 0.0120387 0.0189636 0.0138831 0.00965086 0.0100279 0.011668 0.0167074 0.0215249 0.0163914 0.0245118 0.251832 0.020043 0.00418771 0.00353257 0.00353197 0 0.0344968 0.0210015 0.0516332 0.0154141 
0.0100884 0.00826402 0.00824093 0.00820731 0.00836691 0.00818494 0.00866857 0.00811213 0.00835876 0.00806475 0.00811227 0.00908946 0.0121439 0.00875675 0.0084913 0.00812427 0.00797954 0.00815879 0.00831504 0.00853137 0.00800161 0.00803479 0.00800386 0.00847399 0.00846177 0.00819401 0.00817563 0.00820606 0.00918711 0.0082698 0.00870118 0.00817241 0.00897631 0.0111603 0.00869675 0.0101466 0.00831876 0.00886605 0.011376 0.0106649 0.00907731 0.0105619 0.0121629 0.0485438 0.0166162 0.0190868 0.0166885 0.0344968 0 0.00945783 0.00377671 0.0299159 
0.00926397 0.00845104 0.00844867 0.00843153 0.008887 0.00848788 0.00853589 0.00817187 0.00839665 0.00820637 0.00820401 0.00849599 0.00898602 0.00872953 0.00893666 0.0083885 0.00825945 0.0085817 0.00836669 0.00923064 0.00824178 0.00828646 0.00819763 0.00831301 0.00909044 0.00895528 0.0084378 0.0087252 0.00887343 0.00858725 0.00976655 0.00849868 0.00961686 0.0101831 0.00942152 0.0109077 0.00856009 0.00958742 0.0106806 0.0130902 0.0108816 0.0105693 0.0143524 0.0500088 0.0168057 0.0215012 0.0294136 0.0210015 0.00945783 0 0.00392804 0.0228065 
0.00930585 0.00882749 0.00839754 0.00847125 0.00862539 0.00853548 0.0086489 0.00907625 0.00830951 0.00816938 0.00831017 0.00825587 0.00872811 0.00856588 0.00854559 0.00861898 0.00825699 0.00827575 0.00844292 0.008627 0.00821797 0.00818626 0.00821071 0.00835756 0.0109451 0.008558 0.00838057 0.00860416 0.00868251 0.00970499 0.00859034 0.00861489 0.00872227 0.0100108 0.0134747 0.00876857 0.009188 0.00882754 0.00990295 0.0148614 0.0102681 0.0107735 0.0118882 0.0210321 0.0223178 0.0156202 0.0182399 0.0516332 0.00377671 0.00392804 0 0.0737594 
0.0119289 0.00964041 0.008335 0.00843366 0.00849731 0.00850215 0.00908894 0.00928031 0.00820735 0.00821656 0.00835248 0.008731 0.0100354 0.0106418 0.00924354 0.00822281 0.00827208 0.00828201 0.00867138 0.00936185 0.00815463 0.00819277 0.00811628 0.00868147 0.0110489 0.00814948 0.00819686 0.00837739 0.00895076 0.00951382 0.00822733 0.0082476 0.00859959 0.00996324 0.0149824 0.00838186 0.00885541 0.00842309 0.0109536 0.0134206 0.00856653 0.0089297 0.0117569 0.0622463 0.0194267 0.0109772 0.0123633 0.0154141 0.0299159 0.0228065 0.0737594 0 
