1E3EA
GTQGKVIKCKAAIAWKTGSPLCIEEIEVSPPKACEVRIQVIATCVCPTDINATDPKKKALFPVVLGHECAGIVESVGPGVTNFKPGDKVIPFFAPQCKRCKLCLSPLTNLCGKLRNFKYPTIDQELMEDRTSRFTCKGRSIYHFMGVSSFSQYTVVSEANLARVDDEANLERVCLIGCGFSSGYGAAINTAKVTPGSTCAVFGLGCVGLSAIIGCKIAGASRIIAIDINGEKFPKAKALGATDCLNPRELDKPVQDVITELTAGGVDYSLDCAGTAQTLKAAVDCTVLGWGSCTVVGAKVDEMTIPTVDVILGRSINGTFFGGWKSVDSVPNLVSDYKNKKFDLDLLVTHALPFESINDAIDLMKEGKSIRTILTF
CCCCCCEEEEEEEECCCCCCCEEEEEEECCCCCCEEEEEEEEECCCHHHHHCCCCCCCCCCCECCCCCEEEEEEEECCCCCCCCCCCEEEECCCCCCCCCHHHHCCCCCCCCCCCCCCCHHHCCCCCCCCCCCEEECCEEEECCCCCCCCECEEEEEHHHEEECCCCCCHHHHHHHHCHHHHHHHHHHCCCCCCCCCEEEEECCCHHHHHHHHHHHHCCCCEEEEECCCHHHHHHHHHCCCCEEECHHHCCCCHHHHHHHHHCCCECEEEECCCCHHHHHHHHHCECCCCCEEEECCCCCCEEEEEHHHHHCCCEEEECCHHHCCHHHHHHHHHHHHHCCCCCHHHHCCEEEEHHHHHHHHHHHHCCCCCCEEEEC
0 0 0 0 0 0 0 0 0 0 0 0 0 0 0 0 0 0 0 0 0 0 0 0 0 0 0 0 0 0 0 0 0 0 0 0 0 0 0 0 0 0 0 0 0 0 0 0 0 0 0 0 0 0 0 0 0 0 0 0 0 0 0 0 0 0 0 0 0 0 0 0 0 0 0 0 0 0 0 0 0 0 0 0 0 0 0 0 0 0 0 0 0 0 0 0 0 0 0 0 0 0 0 0 0 0 0 0 0 0 0 0 0 0 0 0 0 0 0 0 0 0 0 0 0 0 0 0 0 0 0 0 0 0 0 0 0 0 0 0 0 0 0 0 0 0 0 0 0 0 0 0 0 0 0 0 0 0 0 0 0 0 0 0 0 0 0 0 0 0 0 0 0 0 0 0 0 0 0 0 0 0 0 0 0 0 0 0 0 0 0 0 0 0 0 0 0 0 0 0 0 0 0 0 0 0 0 0 0 0 0 0 0 0 0 0 0 0 0 0 0 0 0 0 0 0 0 0 0 0 0 0 0 0 0 0 0 0 0 0 0 0 0 0 0 0 0 0 0 0 0 0 0 0 0 0 0 0 0 0 0 0 0 0 0 0 0 0 0 0 0 0 0 0 0 0 0 0 0 0 0 0 0 0 0 0 0 0 0 0 0 0 0 0 0 0 0 0 0 0 0 0 0 0 0 0 0 0 0 0 0 0 0 0 0 0 0 0 0 0 0 0 0 0 0 0 0 0 0 0 0 0 0 0 0 0 0 0 0 0 0 0 0 0 0 0 0 0 0 0 0 0 0 0 0 0 0 0 0 0 0 0 0 0 0 0 0 0 0 0 0 0 0 0 0 0 
0 0 0 0 0 0 0 0 0 0 0 0 0 0 0 0 0 0 0 0 0 0 0 0 0 0 0 0 0 0 0 0 0 0 0 0 0 0 0 0 0 0 0 0 0 0 0 0 0 0 0 0 0 0 0 0 0 0 0 0 0 0 0 0 0 0 0 0 0 0 0 0 0 0 0 0 0 0 0 0 0 0 0 0 0 0 0 0 0 0 0 0 0 0 0 0 0 0 0 0 0 0 0 0 0 0 0 0 0 0 0 0 0 0 0 0 0 0 0 0 0 0 0 0 0 0 0 0 0 0 0 0 0 0 0 0 0 0 0 0 0 0 0 0 0 0 0 0 0 0 0 0 0 0 0 0 0 0 0 0 0 0 0 0 0 0 0 0 0 0 0 0 0 0 0 0 0 0 0 0 0 0 0 0 0 0 0 0 0 0 0 0 0 0 0 0 0 0 0 0 0 0 0 0 0 0 0 0 0 0 0 0 0 0 0 0 0 0 0 0 0 0 0 0 0 0 0 0 0 0 0 0 0 0 0 0 0 0 0 0 0 0 0 0 0 0 0 0 0 0 0 0 0 0 0 0 0 0 0 0 0 0 0 0 0 0 0 0 0 0 0 0 0 0 0 0 0 0 0 0 0 0 0 0 0 0 0 0 0 0 0 0 0 0 0 0 0 0 0 0 0 0 0 0 0 0 0 0 0 0 0 0 0 0 0 0 0 0 0 0 0 0 0 0 0 0 0 0 0 0 0 0 0 0 0 0 0 0 0 0 0 0 0 0 0 0 0 0 0 0 0 0 0 0 0 0 0 0 0 0 0 0 0 0 0 0 0 0 0 0 0 0 0 0 0 0 
0 0.00362956 0.00394353 0.0036629 0.00388256 0.0037521 0.00383722 0.00999724 0.0127668 0.00867355 0.0117494 0.00815085 0.0240829 0.0142343 0.845042 0.0119879 0.0230577 0.0102551 0.0322201 0.00946588 0.0312702 0.00949946 0.0161451 0.0167299 0.0214619 0.0124782 0.00940821 0.0115823 0.00919503 0.0109537 0.00942897 0.0100411 0.0120003 0.0100964 0.0106327 0.00964958 0.0118237 0.011313 0.00826007 0.0125712 0.00818753 0.00816211 0.0086263 0.00827852 0.00911136 0.00926424 0.00825231 0.00890805 0.00857216 0.00909357 0.00865073 0.00874277 0.00886794 0.00828011 0.00843847 0.00857265 0.00848561 0.00868133 0.0083158 0.00850798 0.00871314 0.00882988 0.0086582 0.0082382 0.00837465 0.00839263 0.00854157 0.00844996 0.00841037 0.0083151 0.00845886 0.00878236 0.00836887 0.00845254 0.00849922 0.0086074 0.00839299 0.00915948 0.00835685 0.00857351 0.00859306 0.00845354 0.0093237 0.00837613 0.00931264 0.00956093 0.00877083 0.00877471 0.00914126 0.0100433 0.00939858 0.0101444 0.0105719 
0.00362956 0 0.00360963 0.00364036 0.00354402 0.00360524 0.00364653 0.00362233 0.00979945 0.00984713 0.00734904 0.0201266 0.00815563 0.926846 0.0105926 0.0180735 0.0094524 0.0509451 0.00880906 0.0652313 0.00897979 0.0412295 0.0107357 0.0163757 0.0100253 0.00952579 0.0161347 0.010699 0.0195221 0.00912533 0.0170791 0.00983988 0.00894179 0.0105983 0.0118877 0.0130898 0.00943298 0.00817524 0.0114412 0.00817634 0.00820903 0.00897764 0.00819178 0.00844287 0.00805678 0.00819561 0.00885825 0.00857633 0.00857937 0.00820616 0.00814713 0.00832205 0.00894131 0.00847261 0.00841247 0.00876561 0.00837516 0.00821608 0.00843306 0.00844084 0.00870641 0.00863334 0.00827703 0.0083161 0.00832967 0.00823564 0.00823237 0.00823444 0.0085518 0.00833516 0.00858745 0.00853826 0.00835721 0.0084609 0.00853211 0.00842931 0.00876591 0.0084671 0.00898116 0.00843866 0.00858035 0.00944795 0.00837687 0.0089915 0.00837888 0.00858285 0.00877012 0.00840588 0.00989799 0.009563 0.00926896 0.00901455 0.0109838 
0.00394353 0.00360963 0 0.00353138 0.003642 0.00358407 0.00356523 0.00371299 0.00788901 0.00858729 0.0140589 0.00816622 0.912848 0.0106321 0.0243643 0.00872562 0.0357814 0.00877025 0.0779238 0.00860467 0.0870334 0.00907141 0.030109 0.00974584 0.012448 0.0106072 0.0100678 0.0231977 0.00971009 0.0311529 0.0102713 0.0137398 0.00873744 0.00957279 0.018311 0.0114421 0.00938237 0.0129441 0.00818511 0.0110735 0.00813686 0.00825232 0.00923304 0.00816983 0.00839207 0.0103205 0.00840512 0.0101898 0.00851677 0.00850887 0.0086023 0.00926616 0.00822389 0.00846485 0.00914082 0.00876028 0.0087193 0.00838789 0.00846199 0.00914896 0.00904268 0.00855546 0.0084658 0.00822693 0.00834254 0.00837787 0.00837455 0.00892971 0.00846178 0.00849616 0.00838276 0.00839992 0.00842394 0.00853114 0.00847799 0.00845848 0.00826722 0.00958394 0.00844087 0.00863727 0.00832638 0.00832935 0.00942833 0.00838501 0.00890582 0.00909565 0.00879758 0.00872161 0.00852264 0.0094598 0.00943165 0.010035 0.0106236 
0.0036629 0.00364036 0.00353138 0 0.00356918 0.00355247 0.00355104 0.00354055 0.00999196 0.011314 0.00759606 0.93681 0.0093024 0.0476427 0.00858201 0.0175933 0.0088535 0.066404 0.00874659 0.0704573 0.00913075 0.0495666 0.00939055 0.0123088 0.00943398 0.00943842 0.0118666 0.0108124 0.0242308 0.00946258 0.0257554 0.00953844 0.00881195 0.011314 0.0113087 0.010172 0.00944386 0.00827396 0.00969391 0.00813504 0.00821963 0.00916093 0.00819 0.00828947 0.00807058 0.00854646 0.0089556 0.00908106 0.00864913 0.00815947 0.00825252 0.00825467 0.00849786 0.00848877 0.00845656 0.0107724 0.00855182 0.00820551 0.00859694 0.00842558 0.00859248 0.00851155 0.0082217 0.00838065 0.00823389 0.0082357 0.00817988 0.00828432 0.00847645 0.00818894 0.00832766 0.00842001 0.00823474 0.00844261 0.00842837 0.00836526 0.0087914 0.00830908 0.00873584 0.00830228 0.00837941 0.00934373 0.00830413 0.0086603 0.00830368 0.00846282 0.00858353 0.00824856 0.00945382 0.00933757 0.00913333 0.00882264 0.0108163 
0.00388256 0.00354402 0.003642 0.00356918 0 0.00353331 0.00355502 0.00354067 0.00877501 0.0102282 0.899224 0.0124088 0.0440693 0.00819541 0.0162121 0.00900414 0.0415756 0.00946992 0.0642154 0.00961666 0.0812182 0.0103817 0.0249031 0.010453 0.0123365 0.0129692 0.011976 0.0342127 0.0160503 0.0380495 0.0129252 0.0135488 0.00948499 0.013135 0.0212137 0.0142534 0.0111559 0.0113658 0.0083142 0.00918545 0.00825137 0.00835422 0.00925963 0.00847684 0.00821541 0.00990925 0.00862281 0.0117902 0.0087534 0.00847223 0.00866502 0.00921263 0.00837478 0.00854248 0.0117274 0.00905095 0.00908695 0.00841818 0.00864553 0.00884999 0.0091079 0.00872984 0.00835772 0.00827059 0.00830924 0.00834244 0.00832764 0.00855682 0.00864489 0.00848416 0.00840892 0.00830809 0.00861561 0.00855916 0.00861667 0.0084953 0.00828758 0.0092617 0.00844771 0.00848195 0.00825144 0.00835126 0.00910417 0.00841899 0.00855906 0.00867895 0.00857997 0.00862488 0.00848931 0.00928189 0.00973249 0.00982665 0.0112449 
0.0037521 0.00360524 0.00358407 0.00355247 0.00353331 0 0.00353751 0.0035491 0.0118179 0.837458 0.0164684 0.0272816 0.0114246 0.0144459 0.00969528 0.0168399 0.0180603 0.0605521 0.0163433 0.0532712 0.0186668 0.061704 0.0181979 0.0166701 0.0106766 0.0119464 0.028736 0.0365162 0.0512464 0.0207024 0.0397706 0.0137178 0.00964395 0.012461 0.0316902 0.0214853 0.0131442 0.00890046 0.00943504 0.00844578 0.00816017 0.00886746 0.00850862 0.0087826 0.00819639 0.00893999 0.0116893 0.0127079 0.0100175 0.00874612 0.00869785 0.00872273 0.00869693 0.00859287 0.00901367 0.0114496 0.00985694 0.00883965 0.00880414 0.0089452 0.00988405 0.0095094 0.00857352 0.00835128 0.00840972 0.00834305 0.0083028 0.00848373 0.00865482 0.00855933 0.00848286 0.00846861 0.0083594 0.00871758 0.00891809 0.00862671 0.00838562 0.00855453 0.00861375 0.00850111 0.00835601 0.0085863 0.00850821 0.00854147 0.00847182 0.00854231 0.00858196 0.00845428 0.00875811 0.00955556 0.00977527 0.00957585 0.00968941 
0.00383722 0.00364653 0.00356523 0.00355104 0.00355502 0.00353751 0 0.00360831 0.687931 0.0141957 0.0136432 0.0102937 0.00896777 0.0119108 0.0107285 0.0113097 0.0223927 0.0151357 0.0169813 0.0145157 0.0166278 0.0190953 0.0770782 0.0170364 0.011111 0.0142134 0.0169141 0.0188222 0.019467 0.0167846 0.0139201 0.0193911 0.00927044 0.0119349 0.015863 0.0256465 0.0115492 0.0109757 0.00879154 0.0084048 0.00822437 0.00849503 0.0090225 0.00863942 0.00817531 0.00870461 0.00926467 0.00997232 0.00917618 0.00840517 0.00835717 0.00912799 0.00840231 0.00831967 0.00862738 0.00924865 0.00915339 0.00868952 0.00832596 0.00870451 0.00900093 0.00916276 0.00848837 0.00827021 0.00832503 0.00822639 0.00823987 0.00838432 0.00848617 0.00855884 0.00841833 0.00831004 0.008404 0.00866303 0.00880891 0.00869176 0.00829822 0.00854576 0.00845014 0.00851865 0.00829201 0.00839368 0.00842437 0.00842841 0.00845854 0.00842957 0.00862466 0.00842786 0.00853204 0.00921386 0.00948375 0.00929669 0.00911026 
0.00999724 0.00362233 0.00371299 0.00354055 0.00354067 0.0035491 0.00360831 0 0.0235911 0.0103843 0.00627083 0.00646242 0.00814586 0.0075727 0.0162809 0.0199449 0.0135061 0.00961461 0.0124925 0.00924906 0.0112803 0.0104607 0.0227996 0.03338 0.0245764 0.0189575 0.0102399 0.0106358 0.0100458 0.0102843 0.00975082 0.00956737 0.0116849 0.0129015 0.0108653 0.00977757 0.0124903 0.0104345 0.00828184 0.00874258 0.00867831 0.00826484 0.0084823 0.00853066 0.00969383 0.00909344 0.00878357 0.00893119 0.00849327 0.00862718 0.00855525 0.00860587 0.00823994 0.00863419 0.00828798 0.00861251 0.0084576 0.00860796 0.00820162 0.00845421 0.00845459 0.00848967 0.00841086 0.00811583 0.00815263 0.00828711 0.0089309 0.00854733 0.00832171 0.00831452 0.00831766 0.00856273 0.00844512 0.00839974 0.00845669 0.00842041 0.00838762 0.00843924 0.00834905 0.00836471 0.00830607 0.00864528 0.0084082 0.00830958 0.00842093 0.00888972 0.00855027 0.00838334 0.00871954 0.00977431 0.00891941 0.00899518 0.00932086 
0.0127668 0.00979945 0.00788901 0.00999196 0.00877501 0.0118179 0.687931 0.0235911 0 0.00366545 0.00354782 0.0037471 0.00368437 0.00579993 0.00570817 0.0110571 0.007488 0.0136749 0.00864922 0.0140441 0.0134805 0.0434844 0.0305763 0.0798503 0.0157073 0.0108453 0.00955581 0.00974183 0.0100691 0.00909973 0.0103463 0.00961983 0.0141074 0.0114468 0.00977114 0.00975091 0.0157373 0.00829963 0.00953213 0.009038 0.00805693 0.00840696 0.00811864 0.00872711 0.00829273 0.00832897 0.00826855 0.00839321 0.00884129 0.00954818 0.00812742 0.00818499 0.0106699 0.00807021 0.0082144 0.00858406 0.00831233 0.00866365 0.00819145 0.00828456 0.00831532 0.00869024 0.00838837 0.00807142 0.00820339 0.00851652 0.00828223 0.00816503 0.00832184 0.00816165 0.00841606 0.00920422 0.00822107 0.00834121 0.0083664 0.00844027 0.00854093 0.00838336 0.00852722 0.00836424 0.00856662 0.00939258 0.00836774 0.00846838 0.0085469 0.00854664 0.00841966 0.00836426 0.0102482 0.00930186 0.00880031 0.00881977 0.0104456 
0.00867355 0.00984713 0.00858729 0.011314 0.0102282 0.837458 0.0141957 0.0103843 0.00366545 0 0.00348451 0.00357165 0.00361222 0.00379404 0.003895 0.00627245 0.0104852 0.0102552 0.0100978 0.0153275 0.0343893 0.0258645 0.0212761 0.0238686 0.0117969 0.00951446 0.010653 0.0105825 0.0118191 0.00972327 0.0106769 0.0103751 0.00898829 0.00938897 0.0121403 0.0117469 0.0090855 0.00893571 0.00848633 0.0084749 0.00801502 0.00819415 0.00843935 0.00821722 0.0079642 0.0081649 0.00841418 0.00855203 0.00857228 0.00823219 0.00810027 0.00831448 0.00830879 0.00814841 0.00837069 0.00854514 0.00833051 0.00819517 0.00819178 0.00831499 0.00847472 0.00841174 0.00825777 0.00817736 0.0082192 0.00815285 0.00818226 0.00827056 0.00836813 0.00830123 0.00833402 0.00826224 0.00833618 0.00838824 0.00839414 0.00843536 0.00827442 0.00850688 0.00835757 0.00843201 0.00829832 0.00837666 0.00845041 0.00828615 0.00842711 0.00848892 0.00845538 0.0084007 0.00874115 0.00877341 0.00891869 0.00896662 0.00900975 
0.0117494 0.00734904 0.0140589 0.00759606 0.899224 0.0164684 0.0136432 0.00627083 0.00354782 0.00348451 0 0.00353488 0.00358285 0.00358292 0.0037499 0.00595657 0.0152628 0.00766465 0.0217864 0.0156584 0.0610809 0.00891289 0.0280298 0.00864524 0.00978389 0.00920316 0.0101319 0.0160063 0.0110363 0.0161599 0.0114526 0.0102379 0.00882507 0.00878743 0.0160592 0.00989038 0.00964312 0.00898443 0.00825132 0.00855006 0.00807817 0.00816661 0.00839298 0.00826522 0.00822005 0.00871915 0.00836309 0.00941984 0.00841972 0.00822862 0.0082157 0.00830374 0.00836934 0.00811889 0.00835828 0.00874625 0.00845294 0.0082662 0.00815585 0.0084554 0.00848306 0.00866349 0.00825493 0.00813421 0.00822342 0.00817821 0.00824071 0.00845834 0.00837815 0.00827036 0.00830649 0.00826609 0.00826949 0.00839152 0.00850355 0.00833386 0.00819695 0.00856236 0.00828667 0.00849585 0.00829261 0.00828863 0.00857603 0.0082472 0.00853165 0.00848984 0.00838917 0.00844662 0.00848101 0.00870506 0.00886249 0.00903773 0.00935203 
0.00815085 0.0201266 0.00816622 0.93681 0.0124088 0.0272816 0.0102937 0.00646242 0.0037471 0.00357165 0.00353488 0 0.00357127 0.00373826 0.00354226 0.0119521 0.00717065 0.0592247 0.0117822 0.136385 0.00877844 0.07991 0.00845118 0.0169129 0.00948476 0.00924264 0.0109803 0.0117931 0.0299797 0.0100804 0.0303389 0.00935804 0.00925716 0.0114003 0.0110287 0.0112575 0.00964135 0.00827357 0.0103252 0.00820193 0.00814583 0.00873887 0.00822112 0.00866837 0.00817362 0.00826071 0.00920041 0.0092264 0.00903593 0.00825118 0.0082033 0.00830898 0.00899793 0.0084229 0.00849385 0.00916172 0.00879208 0.00829852 0.00845282 0.00842845 0.00862228 0.00892473 0.00836414 0.00833262 0.00825653 0.00828152 0.00814324 0.00831674 0.00850739 0.00834091 0.00846652 0.00837178 0.0083617 0.00846725 0.00854356 0.00841848 0.00870378 0.00841109 0.00882769 0.00836149 0.00842903 0.00931053 0.00838617 0.00864562 0.00837072 0.00852238 0.00856919 0.00840086 0.00936069 0.00932359 0.00904557 0.00890039 0.0116976 
0.0240829 0.00815563 0.912848 0.0093024 0.0440693 0.0114246 0.00896777 0.00814586 0.00368437 0.00361222 0.00358285 0.00357127 0 0.00353535 0.00403715 0.00469015 0.0307195 0.0154056 0.117335 0.00715487 0.0798544 0.00764482 0.0277581 0.00860774 0.0128579 0.0102931 0.00998796 0.0236228 0.0102974 0.0323801 0.00969338 0.0117106 0.00887436 0.00953529 0.0142763 0.0103673 0.00922228 0.0122775 0.0082054 0.0112191 0.00821222 0.00825354 0.00987088 0.00833579 0.00843283 0.0106011 0.00849819 0.0108542 0.00853008 0.00835448 0.00853915 0.00866829 0.00833297 0.00848722 0.00868084 0.008981 0.00864286 0.00855528 0.00836064 0.00921599 0.00891477 0.00859713 0.00849732 0.00817825 0.00836462 0.00844542 0.00855906 0.00893912 0.00846356 0.008519 0.00833401 0.00836535 0.00841211 0.00852151 0.00854561 0.00848867 0.00836617 0.00986366 0.0084343 0.00862493 0.00831979 0.00839416 0.00972467 0.00833891 0.00924032 0.00920113 0.00875441 0.00883797 0.00859702 0.00979259 0.00960119 0.0105629 0.00972887 
0.0142343 0.926846 0.0106321 0.0476427 0.00819541 0.0144459 0.0119108 0.0075727 0.00579993 0.00379404 0.00358292 0.00373826 0.00353535 0 0.0035588 0.0206304 0.0118893 0.0519438 0.00705461 0.0662976 0.00739891 0.0144602 0.00928588 0.0129467 0.0120874 0.0110871 0.0151441 0.0106022 0.0220953 0.00950832 0.0187541 0.00990148 0.00965106 0.0149209 0.0116043 0.0124082 0.0102299 0.00844576 0.0134309 0.00819754 0.00854319 0.0104289 0.00820615 0.00910582 0.00867901 0.00868964 0.0107831 0.00903769 0.00886311 0.00834081 0.00829442 0.00835165 0.0100269 0.00889352 0.00848364 0.00900522 0.00869675 0.00825059 0.00896007 0.00846701 0.00869268 0.00894549 0.00828252 0.00864475 0.0082881 0.00814987 0.00826022 0.0083216 0.00864533 0.00827834 0.0087345 0.00877067 0.00853226 0.00850457 0.00865764 0.00851915 0.00960493 0.00832176 0.00915963 0.00831431 0.00836981 0.0104251 0.00832923 0.00904341 0.00834223 0.00909522 0.00900429 0.00838188 0.00988161 0.0102195 0.00955755 0.00912767 0.0108645 
0.845042 0.0105926 0.0243643 0.00858201 0.0162121 0.00969528 0.0107285 0.0162809 0.00570817 0.003895 0.0037499 0.00354226 0.00403715 0.0035588 0 0.0135591 0.0693871 0.00617305 0.0665356 0.00636171 0.0120518 0.00715558 0.0162103 0.0228093 0.0231551 0.0280363 0.0103406 0.0118617 0.00906972 0.0145063 0.00910461 0.0111313 0.0105047 0.0156225 0.0121229 0.00957832 0.0112183 0.0308932 0.00816671 0.012535 0.00968541 0.00827269 0.00893163 0.00838205 0.0118298 0.0130383 0.00870599 0.00880857 0.00857533 0.00864783 0.0113194 0.0088092 0.00815467 0.00889409 0.00841369 0.00835286 0.00821724 0.0088592 0.00845561 0.00888253 0.00846041 0.00825231 0.00876107 0.00820316 0.00823013 0.00844869 0.0104944 0.00893033 0.00835547 0.00842987 0.00832467 0.00961623 0.00850764 0.0084548 0.00848231 0.00848428 0.00844148 0.00962357 0.00832525 0.00865709 0.00833647 0.00869455 0.00953144 0.00825648 0.00921388 0.00988441 0.00869561 0.00869806 0.00858429 0.0109735 0.00938851 0.0103297 0.00989034 
0.0119879 0.0180735 0.00872562 0.0175933 0.00900414 0.0168399 0.0113097 0.0199449 0.0110571 0.00627245 0.00595657 0.0119521 0.00469015 0.0206304 0.0135591 0 0.0035457 0.00361505 0.00355691 0.00385923 0.00397488 0.00413892 0.00382001 0.0105287 0.026689 0.0197025 0.011674 0.0109106 0.0128217 0.00938248 0.0124556 0.0102093 0.0272422 0.0236069 0.0128797 0.011467 0.0217586 0.00915147 0.0100741 0.0093743 0.00822298 0.00860688 0.00820045 0.00951016 0.00867539 0.00854165 0.00868302 0.00850966 0.00922576 0.00985971 0.00854682 0.00831107 0.0106627 0.00855134 0.00834193 0.00864866 0.00840717 0.00877305 0.00845446 0.00820078 0.00852139 0.00869006 0.00861371 0.0082443 0.00823578 0.00843406 0.00821122 0.00824721 0.00828194 0.00826685 0.00852217 0.00929412 0.00834647 0.00830429 0.008336 0.00838985 0.00851816 0.00837745 0.00849657 0.00826538 0.00845436 0.0089102 0.00832935 0.00838927 0.00833057 0.0084446 0.00836591 0.00829402 0.00948274 0.00891604 0.00870745 0.00868906 0.00974364 
0.0230577 0.0094524 0.0357814 0.0088535 0.0415756 0.0180603 0.0223927 0.0135061 0.007488 0.0104852 0.0152628 0.00717065 0.0307195 0.0118893 0.0693871 0.0035457 0 0.00355583 0.00361537 0.00354268 0.00375806 0.0035652 0.00774863 0.00396321 0.0212408 0.0162137 0.0195854 0.0242785 0.01316 0.0245878 0.0112071 0.0294604 0.0104291 0.012687 0.0515424 0.0285025 0.0122465 0.0127025 0.0086643 0.0110519 0.00818017 0.00835387 0.0115063 0.00852727 0.00834401 0.0108142 0.00926595 0.0115505 0.00965099 0.00879739 0.00879507 0.00934283 0.00904442 0.00824646 0.00909273 0.00955716 0.00912093 0.00884965 0.00824832 0.00890131 0.00877619 0.00881863 0.00877764 0.00819033 0.00824271 0.00822495 0.00819699 0.00848618 0.00841586 0.00837007 0.00824795 0.00824697 0.00836688 0.00842244 0.0084064 0.00836869 0.0082715 0.00895462 0.00836757 0.00841045 0.00821082 0.00838427 0.00883388 0.00834745 0.00849297 0.00857138 0.00842567 0.0084324 0.00835618 0.00895089 0.00898982 0.00914984 0.00887785 
0.0102551 0.0509451 0.00877025 0.066404 0.00946992 0.0605521 0.0151357 0.00961461 0.0136749 0.0102552 0.00766465 0.0592247 0.0154056 0.0519438 0.00617305 0.00361505 0.00355583 0 0.0035295 0.00361721 0.00359015 0.0051698 0.00365617 0.00388794 0.0129109 0.012781 0.0204103 0.0219705 0.0461553 0.0119358 0.0913267 0.0127494 0.0099822 0.0137021 0.0248607 0.0202816 0.0123882 0.00871308 0.0123303 0.00828723 0.00864586 0.011129 0.00835925 0.00918905 0.00827557 0.00878949 0.0111625 0.0111668 0.010103 0.00854323 0.00863265 0.00844553 0.00906843 0.00848193 0.00885065 0.0109964 0.00977063 0.00858503 0.00852864 0.00943398 0.00966931 0.00926895 0.0084219 0.00830862 0.0083634 0.00822789 0.00816522 0.00840726 0.00873958 0.00845301 0.00846802 0.00833338 0.0083734 0.00859539 0.0088128 0.00843802 0.00878219 0.00846304 0.00876586 0.00842308 0.00826087 0.00946786 0.00840088 0.00852029 0.00843494 0.00849506 0.00854759 0.00837233 0.00888784 0.00909636 0.00901459 0.00897662 0.0110694 
0.0322201 0.00880906 0.0779238 0.00874659 0.0642154 0.0163433 0.0169813 0.0124925 0.00864922 0.0100978 0.0217864 0.0117822 0.117335 0.00705461 0.0665356 0.00355691 0.00361537 0.0035295 0 0.00354572 0.00409199 0.00361259 0.00378255 0.00366233 0.0227794 0.0168199 0.0143064 0.0392641 0.0165106 0.125891 0.0115069 0.0210352 0.00926074 0.01272 0.0444604 0.0168958 0.0111574 0.0177289 0.00835044 0.0152716 0.00867516 0.00851214 0.0123893 0.00855583 0.00879171 0.0136273 0.00952496 0.018178 0.00976241 0.00900073 0.00992756 0.0107483 0.00844701 0.00858443 0.0097073 0.0125589 0.00982517 0.00938186 0.00872872 0.0101717 0.00974897 0.009503 0.00946371 0.00825036 0.00848293 0.00846685 0.00842525 0.00916742 0.00860201 0.00880963 0.00841399 0.00837291 0.00846843 0.00868834 0.00880702 0.00867095 0.00833001 0.0096207 0.00859475 0.00866225 0.0083828 0.00838769 0.00940472 0.00844743 0.00901179 0.00896577 0.00862899 0.00865057 0.00847592 0.00970971 0.00952856 0.0100041 0.00953057 
0.00946588 0.0652313 0.00860467 0.0704573 0.00961666 0.0532712 0.0145157 0.00924906 0.0140441 0.0153275 0.0156584 0.136385 0.00715487 0.0662976 0.00636171 0.00385923 0.00354268 0.00361721 0.00354572 0 0.00355247 0.00420703 0.00357053 0.00379016 0.0126966 0.0128235 0.0195771 0.0151699 0.134661 0.0114399 0.0519335 0.0101372 0.0104615 0.0216675 0.0175532 0.0189931 0.011029 0.00854052 0.0134253 0.00818858 0.00853765 0.010949 0.00836382 0.00920042 0.00819383 0.00951507 0.01304 0.0116517 0.0100082 0.00852144 0.00872275 0.00841109 0.00959003 0.00881709 0.00868014 0.0122276 0.00941865 0.00843758 0.0091176 0.00876333 0.00926301 0.0101559 0.00831439 0.00841246 0.00831661 0.00814936 0.00810048 0.00840388 0.00857698 0.00826768 0.00839043 0.00834848 0.00836263 0.00858696 0.00877067 0.0084321 0.00920081 0.00838622 0.00883054 0.00836738 0.00824231 0.00977592 0.00837973 0.00866633 0.00836722 0.00860523 0.00857413 0.00840553 0.00899155 0.00941883 0.00916737 0.00887403 0.0107889 
0.0312702 0.00897979 0.0870334 0.00913075 0.0812182 0.0186668 0.0166278 0.0112803 0.0134805 0.0343893 0.0610809 0.00877844 0.0798544 0.00739891 0.0120518 0.00397488 0.00375806 0.00359015 0.00409199 0.00355247 0 0.00353054 0.00363127 0.00356742 0.0164811 0.0176772 0.0133743 0.10715 0.0162321 0.103779 0.0127067 0.0198995 0.00910685 0.0139909 0.0348011 0.0165898 0.0110193 0.0142314 0.00840312 0.0122099 0.00871896 0.00835149 0.0122004 0.00857953 0.00882141 0.0127874 0.0095827 0.0176097 0.00944697 0.00892549 0.00972254 0.00999065 0.00865363 0.00857744 0.00902632 0.0103813 0.00971531 0.00946664 0.00871403 0.00973701 0.00965207 0.00990893 0.00895879 0.00816292 0.00842949 0.00833148 0.00825976 0.00879995 0.00851174 0.00860688 0.00832312 0.00831944 0.0083759 0.00859081 0.00871076 0.00856435 0.00831021 0.00929601 0.00854743 0.00847331 0.00825307 0.00844124 0.00929034 0.0084324 0.00870879 0.00889852 0.00858917 0.00860422 0.00840067 0.00945601 0.00934019 0.00980338 0.00940467 
0.00949946 0.0412295 0.00907141 0.0495666 0.0103817 0.061704 0.0190953 0.0104607 0.0434844 0.0258645 0.00891289 0.07991 0.00764482 0.0144602 0.00715558 0.00413892 0.0035652 0.0051698 0.00361259 0.00420703 0.00353054 0 0.00353528 0.00354457 0.0147319 0.0137599 0.0400657 0.0281449 0.103537 0.0143369 0.0690124 0.0103962 0.0104418 0.0132946 0.0239276 0.0195708 0.0115029 0.00865454 0.0113719 0.00837463 0.00832556 0.0100191 0.00846737 0.00905809 0.00826893 0.00913772 0.011483 0.0132331 0.0102723 0.00856578 0.00862365 0.00872149 0.0094535 0.00865343 0.00896524 0.0121392 0.00994428 0.00883797 0.00897793 0.00907909 0.00940946 0.00998979 0.00845003 0.00839552 0.00853183 0.00820251 0.00816376 0.00855715 0.00858086 0.00838851 0.00835419 0.00829269 0.00833755 0.00855565 0.00868255 0.00838205 0.00874748 0.00840051 0.00871551 0.00838232 0.0082962 0.00935848 0.00835624 0.0084644 0.00832277 0.00841291 0.0084131 0.00836602 0.00864068 0.00889035 0.00895754 0.00889906 0.0105272 
0.0161451 0.0107357 0.030109 0.00939055 0.0249031 0.0181979 0.0770782 0.0227996 0.0305763 0.0212761 0.0280298 0.00845118 0.0277581 0.00928588 0.0162103 0.00382001 0.00774863 0.00365617 0.00378255 0.00357053 0.00363127 0.00353528 0 0.0036385 0.0176005 0.0397374 0.033909 0.0361523 0.0229633 0.0813582 0.0125773 0.103635 0.0117518 0.0110323 0.0294901 0.0552732 0.0214356 0.0127104 0.00907243 0.00978133 0.0083926 0.00867618 0.0119353 0.00906579 0.00896397 0.00953485 0.00997736 0.0135214 0.0106049 0.00909286 0.00934885 0.00977148 0.00850513 0.00853809 0.00895033 0.010112 0.0102942 0.00905265 0.00833175 0.00891003 0.00918943 0.00972731 0.00855895 0.00814036 0.00834874 0.00817854 0.00822661 0.00836627 0.00844667 0.00849122 0.00830026 0.00829322 0.00827815 0.00853539 0.00870935 0.00841596 0.00824898 0.00854188 0.00838567 0.0084719 0.00822584 0.00837413 0.0084861 0.00830918 0.00851699 0.0083841 0.00846477 0.00842526 0.00837372 0.00889991 0.00909295 0.00910171 0.00882776 
0.0167299 0.0163757 0.00974584 0.0123088 0.010453 0.0166701 0.0170364 0.03338 0.0798503 0.0238686 0.00864524 0.0169129 0.00860774 0.0129467 0.0228093 0.0105287 0.00396321 0.00388794 0.00366233 0.00379016 0.00356742 0.00354457 0.0036385 0 0.0417009 0.0862301 0.0220824 0.0163434 0.0177175 0.0181131 0.0312411 0.0140361 0.0764835 0.0218917 0.0135185 0.0146991 0.033804 0.0118874 0.0099695 0.00895454 0.00972912 0.0087701 0.00860289 0.0108826 0.0125178 0.0102594 0.00955321 0.0092806 0.00925304 0.0118469 0.0110109 0.00851671 0.0104349 0.00934255 0.0085588 0.00935941 0.00858942 0.0101456 0.00897547 0.0083908 0.00869828 0.00927055 0.00891496 0.00829192 0.00820737 0.00841951 0.00901381 0.00866542 0.00844005 0.00828642 0.00867729 0.00869778 0.00838563 0.00840094 0.00847646 0.00841034 0.00866733 0.00838229 0.00843983 0.00836083 0.00827368 0.00876521 0.00834091 0.00837244 0.00845273 0.00853407 0.00845074 0.00837786 0.00851556 0.00949719 0.00873334 0.00874254 0.00942394 
0.0214619 0.0100253 0.012448 0.00943398 0.0123365 0.0106766 0.011111 0.0245764 0.0157073 0.0117969 0.00978389 0.00948476 0.0128579 0.0120874 0.0231551 0.026689 0.0212408 0.0129109 0.0227794 0.0126966 0.0164811 0.0147319 0.0176005 0.0417009 0 0.0108259 0.00625988 0.0052462 0.00617142 0.007601 0.00692254 0.00853957 0.0134648 0.0192991 0.0167191 0.0116849 0.0199328 0.0200107 0.0093513 0.0135595 0.00963463 0.00861442 0.00878307 0.0099438 0.0178138 0.0100847 0.00918358 0.00884754 0.00942065 0.0110253 0.0110557 0.00926401 0.0118675 0.00897623 0.00922089 0.00849574 0.00849843 0.0100562 0.00899899 0.00876241 0.00885726 0.00870864 0.00988082 0.00840426 0.00813768 0.00887117 0.00921221 0.00877237 0.00810626 0.00820222 0.00857403 0.0109538 0.00832273 0.00817733 0.00830056 0.00867741 0.00831282 0.0083574 0.00820205 0.00822552 0.00854263 0.00874806 0.00828087 0.00821601 0.00865024 0.00857597 0.00829637 0.00828538 0.00889441 0.00939896 0.00854795 0.00876239 0.0098887 
0.0124782 0.00952579 0.0106072 0.00943842 0.0129692 0.0119464 0.0142134 0.0189575 0.0108453 0.00951446 0.00920316 0.00924264 0.0102931 0.0110871 0.0280363 0.0197025 0.0162137 0.012781 0.0168199 0.0128235 0.0176772 0.0137599 0.0397374 0.0862301 0.0108259 0 0.00357437 0.00355254 0.00354743 0.00377281 0.00371876 0.00422496 0.00779826 0.0265255 0.0178817 0.0117386 0.0509629 0.0103561 0.00915083 0.0157659 0.00840018 0.00853633 0.0089972 0.0105712 0.00867418 0.00889191 0.00930484 0.0107145 0.01034 0.0123717 0.00911636 0.00926044 0.0120935 0.00831219 0.00860753 0.00928298 0.00871021 0.0103596 0.00831899 0.00831245 0.00916029 0.00897762 0.0101729 0.00817314 0.00819115 0.00846235 0.00821046 0.00833543 0.00832455 0.00825777 0.00837037 0.00836585 0.00832406 0.00825999 0.00833862 0.00827442 0.0081847 0.00839636 0.00819252 0.00823659 0.00826944 0.00817404 0.00836306 0.00819726 0.00839547 0.00822288 0.00831919 0.00829435 0.00847042 0.00845528 0.00840378 0.00848323 0.00871443 
0.00940821 0.0161347 0.0100678 0.0118666 0.011976 0.028736 0.0169141 0.0102399 0.00955581 0.010653 0.0101319 0.0109803 0.00998796 0.0151441 0.0103406 0.011674 0.0195854 0.0204103 0.0143064 0.0195771 0.0133743 0.0400657 0.033909 0.0220824 0.00625988 0.00357437 0 0.00352418 0.00356151 0.003546 0.00354384 0.00391576 0.00361183 0.0126939 0.0187863 0.0415557 0.010909 0.00921247 0.0110662 0.00904284 0.00829185 0.00900634 0.00950106 0.0090806 0.00829418 0.00884071 0.0119529 0.0134501 0.0116281 0.00909989 0.00878649 0.00963096 0.0093128 0.0082727 0.00926177 0.0104716 0.00978238 0.00895604 0.00814477 0.0086273 0.00915451 0.00934814 0.00852407 0.00812884 0.00831621 0.00817288 0.00802124 0.0082981 0.00842812 0.00836208 0.00811451 0.00805937 0.00822167 0.0083475 0.00836148 0.00818048 0.0081476 0.00833816 0.00824352 0.0082467 0.00808119 0.00824236 0.00829596 0.0081964 0.00829367 0.00828014 0.00836425 0.00831737 0.00828942 0.00838786 0.00851065 0.008543 0.00887162 
0.0115823 0.010699 0.0231977 0.0108124 0.0342127 0.0365162 0.0188222 0.0106358 0.00974183 0.0105825 0.0160063 0.0117931 0.0236228 0.0106022 0.0118617 0.0109106 0.0242785 0.0219705 0.0392641 0.0151699 0.10715 0.0281449 0.0361523 0.0163434 0.0052462 0.00355254 0.00352418 0 0.00356211 0.00362362 0.00356482 0.00355879 0.00359827 0.0133552 0.109424 0.0136724 0.018022 0.0115837 0.00914535 0.00925222 0.00845453 0.00936452 0.0104754 0.00935769 0.00855574 0.0100542 0.0116602 0.0297734 0.0111226 0.00971277 0.00934771 0.00897709 0.00887592 0.00836123 0.00977207 0.0129435 0.0108001 0.00925636 0.00828255 0.00910336 0.0101235 0.0108679 0.00893643 0.0081469 0.00839213 0.00829522 0.00803603 0.0084775 0.00867604 0.0083789 0.00827821 0.00809497 0.00823565 0.00849932 0.00861359 0.00831561 0.00814381 0.0084282 0.00846222 0.00833588 0.00810427 0.008295 0.00837323 0.00827371 0.0083379 0.00826164 0.00839623 0.0083583 0.00829788 0.00855223 0.00863406 0.00867597 0.00862362 
0.00919503 0.0195221 0.00971009 0.0242308 0.0160503 0.0512464 0.019467 0.0100458 0.0100691 0.0118191 0.0110363 0.0299797 0.0102974 0.0220953 0.00906972 0.0128217 0.01316 0.0461553 0.0165106 0.134661 0.0162321 0.103537 0.0229633 0.0177175 0.00617142 0.00354743 0.00356151 0.00356211 0 0.00352247 0.00356105 0.00356587 0.00359483 0.0624106 0.0193809 0.0223987 0.019091 0.00958349 0.0106427 0.00864189 0.00841538 0.00961134 0.00894234 0.00941993 0.00856397 0.00968874 0.014481 0.0192045 0.0126584 0.00902267 0.00902693 0.00871249 0.00982967 0.00835074 0.009852 0.0154532 0.0116166 0.0093495 0.00843507 0.00879912 0.0112055 0.0100993 0.00877978 0.00818157 0.00846212 0.00822053 0.00795631 0.00845427 0.00870591 0.00862211 0.00828743 0.00809343 0.00822381 0.0085781 0.00865756 0.00846585 0.0082171 0.00838925 0.00842975 0.00831003 0.00808618 0.00838592 0.00832709 0.00832725 0.00832677 0.00830826 0.0084081 0.00836405 0.00835875 0.00861991 0.00876368 0.00884831 0.00915401 
0.0109537 0.00912533 0.0311529 0.00946258 0.0380495 0.0207024 0.0167846 0.0102843 0.00909973 0.00972327 0.0161599 0.0100804 0.0323801 0.00950832 0.0145063 0.00938248 0.0245878 0.0119358 0.125891 0.0114399 0.103779 0.0143369 0.0813582 0.0181131 0.007601 0.00377281 0.003546 0.00362362 0.00352247 0 0.00354928 0.00356365 0.00354882 0.0119763 0.0224696 0.0276676 0.0596081 0.0126899 0.00873157 0.0102407 0.00833564 0.00858628 0.0101246 0.00874074 0.00870964 0.0113177 0.0109356 0.0219447 0.0103255 0.0092632 0.00889843 0.00888738 0.00875481 0.00822936 0.00941234 0.0116414 0.0104585 0.00914767 0.00827376 0.00897953 0.00961796 0.0102435 0.00880275 0.00815135 0.00832297 0.00821904 0.00815672 0.00858491 0.00848689 0.00850128 0.00823658 0.008135 0.00817816 0.00841549 0.00849157 0.00832077 0.00808827 0.00840625 0.00832154 0.00828764 0.00809193 0.00828801 0.00840833 0.00820221 0.00834753 0.00828754 0.00835453 0.00836379 0.00828189 0.00857609 0.00868381 0.00871706 0.00870272 
0.00942897 0.0170791 0.0102713 0.0257554 0.0129252 0.0397706 0.0139201 0.00975082 0.0103463 0.0106769 0.0114526 0.0303389 0.00969338 0.0187541 0.00910461 0.0124556 0.0112071 0.0913267 0.0115069 0.0519335 0.0127067 0.0690124 0.0125773 0.0312411 0.00692254 0.00371876 0.00354384 0.00356482 0.00356105 0.00354928 0 0.00359573 0.00355146 0.0136464 0.0284095 0.065952 0.023292 0.00958035 0.0102188 0.00868235 0.00845067 0.00989469 0.00886148 0.00917106 0.00903701 0.00946307 0.0127853 0.0176004 0.0108069 0.00883872 0.00928006 0.00862805 0.0093102 0.00837977 0.00884604 0.0138818 0.0100264 0.00887746 0.00831779 0.00882428 0.00957298 0.0102666 0.00873435 0.00814275 0.00831427 0.00819316 0.00812104 0.00850849 0.00854904 0.00845299 0.00826387 0.00815229 0.00833758 0.00847261 0.00859382 0.00824337 0.00860041 0.00834335 0.00833797 0.00824959 0.00814276 0.00848927 0.00829365 0.00821642 0.00824517 0.00831459 0.00835539 0.00833359 0.0082608 0.00854236 0.00862713 0.0086478 0.00863646 
0.0100411 0.00983988 0.0137398 0.00953844 0.0135488 0.0137178 0.0193911 0.00956737 0.00961983 0.0103751 0.0102379 0.00935804 0.0117106 0.00990148 0.0111313 0.0102093 0.0294604 0.0127494 0.0210352 0.0101372 0.0198995 0.0103962 0.103635 0.0140361 0.00853957 0.00422496 0.00391576 0.00355879 0.00356587 0.00356365 0.00359573 0 0.00352486 0.0105532 0.160029 0.0635599 0.0249062 0.0118253 0.00975849 0.00893804 0.00841858 0.00891938 0.0112241 0.00897785 0.0090794 0.00970352 0.0107647 0.0135536 0.0106809 0.00909268 0.00950621 0.0103018 0.00859363 0.00850451 0.00882955 0.0098534 0.0103326 0.00883212 0.00820915 0.00895827 0.00926684 0.00952321 0.00849751 0.00809995 0.00837388 0.00812235 0.00808472 0.00824272 0.00836841 0.00836272 0.00813623 0.00811734 0.00818348 0.0084443 0.00844385 0.00821001 0.00817121 0.00844837 0.00824134 0.00826169 0.00805734 0.00827711 0.00834628 0.00814552 0.00829533 0.00835955 0.00830757 0.0083324 0.0082062 0.0085314 0.00865913 0.00866047 0.00844246 
0.0120003 0.00894179 0.00873744 0.00881195 0.00948499 0.00964395 0.00927044 0.0116849 0.0141074 0.00898829 0.00882507 0.00925716 0.00887436 0.00965106 0.0105047 0.0272422 0.0104291 0.0099822 0.00926074 0.0104615 0.00910685 0.0104418 0.0117518 0.0764835 0.0134648 0.00779826 0.00361183 0.00359827 0.00359483 0.00354882 0.00355146 0.00352486 0 0.143945 0.0300506 0.0186334 0.0345697 0.0139216 0.0091342 0.00892633 0.0114633 0.00894172 0.00865186 0.0100716 0.0129463 0.0108933 0.00929145 0.00887894 0.00897954 0.00900938 0.0111722 0.008675 0.00959363 0.0100271 0.00835606 0.00863952 0.00852263 0.00926355 0.00849669 0.00831534 0.00844136 0.00844926 0.00868226 0.00811598 0.00827578 0.00829501 0.0091388 0.00839146 0.00836661 0.00809791 0.00831429 0.00865074 0.0082049 0.00828942 0.00816953 0.00818739 0.00831388 0.00820107 0.00816763 0.00813462 0.00809531 0.00839034 0.00816491 0.00805332 0.00824808 0.00837577 0.00827453 0.00821286 0.0082488 0.00862146 0.00841984 0.00843159 0.00863535 
0.0100964 0.0105983 0.00957279 0.011314 0.013135 0.012461 0.0119349 0.0129015 0.0114468 0.00938897 0.00878743 0.0114003 0.00953529 0.0149209 0.0156225 0.0236069 0.012687 0.0137021 0.01272 0.0216675 0.0139909 0.0132946 0.0110323 0.0218917 0.0192991 0.0265255 0.0126939 0.0133552 0.0624106 0.0119763 0.0136464 0.0105532 0.143945 0 0.00360896 0.00356463 0.00393721 0.0579524 0.013708 0.017674 0.0108063 0.0103004 0.00932263 0.0134045 0.0102758 0.0101663 0.0128711 0.0123198 0.0125552 0.0135112 0.0106705 0.00907189 0.0163531 0.00892567 0.00913887 0.00927802 0.00963653 0.0109535 0.00886131 0.00851212 0.00913162 0.00953088 0.0103809 0.00845504 0.00823851 0.00874964 0.00829633 0.00847076 0.00842517 0.00830681 0.00868419 0.00848871 0.00829359 0.00827553 0.00853159 0.00881194 0.00839631 0.00822297 0.00833624 0.00816738 0.00839949 0.00859945 0.00821396 0.00826936 0.00840717 0.00832563 0.0082745 0.00821025 0.00850302 0.00848234 0.00847217 0.00847484 0.00920871 
0.0106327 0.0118877 0.018311 0.0113087 0.0212137 0.0316902 0.015863 0.0108653 0.00977114 0.0121403 0.0160592 0.0110287 0.0142763 0.0116043 0.0121229 0.0128797 0.0515424 0.0248607 0.0444604 0.0175532 0.0348011 0.0239276 0.0294901 0.0135185 0.0167191 0.0178817 0.0187863 0.109424 0.0193809 0.0224696 0.0284095 0.160029 0.0300506 0.00360896 0 0.00383453 0.00358959 0.0739572 0.0304699 0.0174606 0.0103427 0.011288 0.0172043 0.0104799 0.00965204 0.0123497 0.0204447 0.0355688 0.0190765 0.0106401 0.0117352 0.0131128 0.0108001 0.00865138 0.0129654 0.0188464 0.014606 0.0110599 0.00885631 0.0106207 0.0123305 0.0123994 0.00991015 0.00837843 0.00861655 0.00849904 0.00805446 0.00881624 0.00902114 0.00881876 0.0086339 0.00815676 0.0082358 0.00863804 0.00884354 0.00836771 0.00813867 0.00849561 0.00903116 0.00836317 0.00811436 0.0083187 0.00843762 0.00838115 0.00839398 0.00827767 0.00841098 0.00835219 0.00824581 0.00872132 0.00882659 0.00883926 0.00872584 
0.00964958 0.0130898 0.0114421 0.010172 0.0142534 0.0214853 0.0256465 0.00977757 0.00975091 0.0117469 0.00989038 0.0112575 0.0103673 0.0124082 0.00957832 0.011467 0.0285025 0.0202816 0.0168958 0.0189931 0.0165898 0.0195708 0.0552732 0.0146991 0.0116849 0.0117386 0.0415557 0.0136724 0.0223987 0.0276676 0.065952 0.0635599 0.0186334 0.00356463 0.00383453 0 0.00379863 0.0241715 0.0342332 0.0126035 0.00895419 0.0117541 0.0151847 0.0107602 0.00954144 0.0109991 0.0211101 0.0232693 0.0186996 0.0101394 0.0126907 0.0144141 0.00994417 0.00884036 0.0111608 0.017377 0.0186809 0.00965267 0.00882719 0.00983832 0.0115919 0.0124424 0.0093281 0.0082709 0.00854991 0.00862209 0.00824903 0.0084861 0.00881015 0.00890455 0.00825964 0.00818205 0.00816998 0.00876499 0.00904833 0.00834232 0.00814617 0.00836999 0.0084373 0.00827042 0.00803536 0.00822781 0.00832731 0.00823977 0.00829506 0.008334 0.00833487 0.00830016 0.00818187 0.00864599 0.00885723 0.0089198 0.00855683 
0.0118237 0.00943298 0.00938237 0.00944386 0.0111559 0.0131442 0.0115492 0.0124903 0.0157373 0.0090855 0.00964312 0.00964135 0.00922228 0.0102299 0.0112183 0.0217586 0.0122465 0.0123882 0.0111574 0.011029 0.0110193 0.0115029 0.0214356 0.033804 0.0199328 0.0509629 0.010909 0.018022 0.019091 0.0596081 0.023292 0.0249062 0.0345697 0.00393721 0.00358959 0.00379863 0 0.0151064 0.0210024 0.0342454 0.0133493 0.00939586 0.0107689 0.0631169 0.0153621 0.0149399 0.0107441 0.0127704 0.0139672 0.013603 0.024286 0.0102263 0.0124599 0.01145 0.00943557 0.0107214 0.0125868 0.0124153 0.00994712 0.00968005 0.0102738 0.0118098 0.00938342 0.00844518 0.00862284 0.00846807 0.00929356 0.00896219 0.00867925 0.00842302 0.00878722 0.00888235 0.00827978 0.0084268 0.00840543 0.00830494 0.00821519 0.00824086 0.00837504 0.00814336 0.00812913 0.00848299 0.00818703 0.00821346 0.00828429 0.00842391 0.00827617 0.00821123 0.00819007 0.00899348 0.00859249 0.00849319 0.00864747 
0.011313 0.00817524 0.0129441 0.00827396 0.0113658 0.00890046 0.0109757 0.0104345 0.00829963 0.00893571 0.00898443 0.00827357 0.0122775 0.00844576 0.0308932 0.00915147 0.0127025 0.00871308 0.0177289 0.00854052 0.0142314 0.00865454 0.0127104 0.0118874 0.0200107 0.0103561 0.00921247 0.0115837 0.00958349 0.0126899 0.00958035 0.0118253 0.0139216 0.0579524 0.0739572 0.0241715 0.0151064 0 0.00358947 0.00512135 0.00416596 0.00948352 0.885315 0.041591 0.0132379 0.0146594 0.00984119 0.0207097 0.0131793 0.0268723 0.0128711 0.0158585 0.0219514 0.0096219 0.01266 0.0114542 0.0125778 0.0269466 0.00897587 0.0147504 0.0115692 0.0109319 0.0241034 0.0083317 0.0090949 0.0116673 0.00862462 0.0097252 0.0083155 0.0100111 0.00877304 0.00922998 0.008313 0.00846431 0.00840053 0.00920959 0.00806104 0.00918595 0.00810921 0.00843469 0.00894032 0.00809363 0.00882562 0.00810393 0.00903007 0.00832133 0.00817311 0.00816389 0.00825317 0.00870253 0.00848508 0.00852673 0.00876777 
