1E5MA
KKRVVVTGLGAITPIGNTLQDYWQGLMEGRNGIGPITRFDASDQACRFGGEVKDFDATQFLDRKEAKRMDRFCHFAVCASQQAINDAKLVINELNADEIGVLIGTGIGGLKVLEDQQTILLDKGPSRCSPFMIPMMIANMASGLTAINLGAKGPNNCTVTACAAGSNAIGDAFRLVQNGYAKAMICGGTEAAITPLSYAGFASARALSFRNDDPLHASRPFDKDRDGFVMGEGSGILILEELESALARGAKIYGEMVGYAMTCDAYHITAPVPDGRGATRAIAWALKDSGLKPEMVSYINAHGTSTPANDVTETRAIKQALGNHAYNIAVSSTKSMTGHLLGGSGGIEAVATVMAIAEDKVPPTINLENPDPECDLDYVPGQSRALIVDVALSNSFGFGGHNVTLAFKKYQ
CCCEEEEEEEEEECCECCHHHHHHHHHCCCCCEEECCCCCCCCCCCCEEECCCCCCHHHCCCHHHHHCCCHHHHHHHHHHHHHHHHHCCCCCCCCHHHEEEEEECCCCCHHHHHHHHHHHHHHCHHHCCCCHHHHHCCCHHHHHHHHHHCCCCCEECCCCHHHHHHHHHHHHHHHHHCCCCCEEEEEEEECCCCHHHHHHHHHCCCECCCCCCHHHCCCCCECCCCCECEECEEEEEEEEEHHHHHHCCCCCCEEEEEEEEEECCCCCCCCCCCCHHHHHHHHHHHHHHCCCHHHCCEEECCCCCCHHHHHHHHHHHHHHHHHHHHHCEEECCHHHHCECHHHHHHHHHHHHHHHHHHCEECCECCCCCECCCCCCCCCECCCEECCCCEEEEEEEECCCEEEEEEEECCC
0 0 0 0 0 0 0 0 0 0 0 0 0 0 0 0 0 0 0 0 0 0 0 0 0 0 0 0 0 0 0 0 0 0 0 0 0 0 0 0 0 0 0 0 0 0 0 0 0 0 0 0 0 0 0 0 0 0 0 0 0 0 0 0 0 0 0 0 0 0 0 0 0 0 0 0 0 0 0 0 0 0 0 0 0 0 0 0 0 0 0 0 0 0 0 0 0 0 0 0 0 0 0 0 0 0 0 0 0 0 0 0 0 0 0 0 0 0 0 0 0 0 0 0 0 0 0 0 0 0 0 0 0 0 0 0 0 0 0 0 0 0 0 0 0 0 0 0 0 0 0 0 0 0 0 0 0 0 0 0 0 0 0 0 0 0 0 0 0 0 0 0 0 0 0 0 0 0 0 0 0 0 0 0 0 0 0 0 0 0 0 0 0 0 0 0 0 0 0 0 0 0 0 0 0 0 0 0 0 0 0 0 0 0 0 0 0 0 0 0 0 0 0 0 0 0 0 0 0 0 0 0 0 0 0 0 0 0 0 0 0 0 0 0 0 0 0 0 0 0 0 0 0 0 0 0 0 0 0 0 0 0 0 0 0 0 0 0 0 0 0 0 0 0 0 0 0 0 0 0 0 0 0 0 0 0 0 0 0 0 0 0 0 0 0 0 0 0 0 0 0 0 0 0 0 0 0 0 0 0 0 0 0 0 0 0 0 0 0 0 0 0 0 0 0 0 0 0 0 0 0 0 0 0 0 0 0 0 0 0 0 0 0 0 0 0 0 0 0 0 0 0 0 0 0 0 0 0 0 0 0 0 0 0 0 0 0 0 0 0 0 0 0 0 0 0 0 0 0 0 0 0 0 0 0 0 0 0 0 0 0 0 0 0 0 0 0 0 0 0 0 0 0 0 0 0 0 0 0 0 0 
0 0 0 0 0 0 0 0 0 0 0 0 0 0 0 0 0 0 0 0 0 0 0 0 0 0 0 0 0 0 0 0 0 0 0 0 0 0 0 0 0 0 0 0 0 0 0 0 0 0 0 0 0 0 0 0 0 0 0 0 0 0 0 0 0 0 0 0 0 0 0 0 0 0 0 0 0 0 0 0 0 0 0 0 0 0 0 0 0 0 0 0 0 0 0 0 0 0 0 0 0 0 0 0 0 0 0 0 0 0 0 0 0 0 0 0 0 0 0 0 0 0 0 0 0 0 0 0 0 0 0 0 0 0 0 0 0 0 0 0 0 0 0 0 0 0 0 0 0 0 0 0 0 0 0 0 0 0 0 0 0 0 0 0 0 0 0 0 0 0 0 0 0 0 0 0 0 0 0 0 0 0 0 0 0 0 0 0 0 0 0 0 0 0 0 0 0 0 0 0 0 0 0 0 0 0 0 0 0 0 0 0 0 0 0 0 0 0 0 0 0 0 0 0 0 0 0 0 0 0 0 0 0 0 0 0 0 0 0 0 0 0 0 0 0 0 0 0 0 0 0 0 0 0 0 0 0 0 0 0 0 0 0 0 0 0 0 0 0 0 0 0 0 0 0 0 0 0 0 0 0 0 0 0 0 0 0 0 0 0 0 0 0 0 0 0 0 0 0 0 0 0 0 0 0 0 0 0 0 0 0 0 0 0 0 0 0 0 0 0 0 0 0 0 0 0 0 0 0 0 0 0 0 0 0 0 0 0 0 0 0 0 0 0 0 0 0 0 0 0 0 0 0 0 0 0 0 0 0 0 0 0 0 0 0 0 0 0 0 0 0 0 0 0 0 0 0 0 0 0 0 0 0 0 0 0 0 0 0 0 0 0 0 0 0 0 0 0 0 0 0 0 0 0 0 0 0 0 0 0 0 
0 0.00369436 0.00365345 0.00363347 0.00366939 0.00366113 0.0037931 0.0040915 0.00682204 0.0173513 0.0125154 0.0523949 0.0122789 0.0198939 0.0377442 0.0109008 0.0215391 0.013614 0.0100808 0.0115476 0.00980197 0.0114187 0.0126246 0.00823159 0.00819102 0.0100588 0.00846021 0.00876691 0.00855046 0.00835516 0.00829015 0.00822935 0.00888332 0.00890435 0.00868104 0.00849512 0.00842616 0.00835921 0.00841876 0.00832795 0.00839869 0.00851064 0.00870541 0.00875744 0.00855466 0.00864413 0.00865769 0.00868946 0.00850549 0.00856796 0.00838861 0.00837012 0.0083612 0.00838844 0.00837425 0.00848772 0.00848386 0.00883682 0.00896798 0.00877241 0.00882257 0.0115035 0.00915231 0.0108322 0.00899822 0.0103001 0.0104194 0.0106953 0.0107133 0.01001 0.011734 0.0114668 0.0100761 0.0104829 0.0098335 0.00953117 0.00972992 0.0097447 0.0117349 0.0102529 0.00949835 0.0102523 0.0108357 0.0122272 0.011597 0.0119651 0.0173478 
0.00369436 0 0.00360495 0.00359848 0.0036299 0.00361925 0.00409079 0.00683415 0.00982159 0.00656877 0.00901422 0.0207054 0.0507418 0.0126172 0.0156247 0.0503063 0.0107833 0.00974985 0.023954 0.0243615 0.0343492 0.0160465 0.0105463 0.0081716 0.00826244 0.00856144 0.00961304 0.00965924 0.00942115 0.00933387 0.00863546 0.00879442 0.00837306 0.00825647 0.00827506 0.0081544 0.00827752 0.0083377 0.00822394 0.00846161 0.00887276 0.00890577 0.00999434 0.00930195 0.00921181 0.00876349 0.00856028 0.00857187 0.00960771 0.00861814 0.00867184 0.00862823 0.00853533 0.00854092 0.00848757 0.00838898 0.00831857 0.00882149 0.00902933 0.00876581 0.00880866 0.00966633 0.00903632 0.00901532 0.0090244 0.00907748 0.00962649 0.00897955 0.00969553 0.00949166 0.00953889 0.0101065 0.0104839 0.0104921 0.0101544 0.0098557 0.00987344 0.0101271 0.0100449 0.0100026 0.0095845 0.0100394 0.0113447 0.0118884 0.0121969 0.0114459 0.014702 
0.00365345 0.00360495 0 0.00360962 0.00363384 0.00365133 0.00372511 0.0165664 0.0105153 0.00412922 0.00682539 0.0183172 0.0143677 0.0173715 0.0188174 0.0127483 0.0178165 0.0106711 0.0146356 0.0794867 0.0611268 0.0324918 0.0126395 0.00806435 0.00817527 0.00898408 0.0104663 0.0125628 0.0109126 0.010062 0.00955466 0.00871549 0.00859689 0.00826096 0.00823935 0.00826423 0.00843052 0.00835758 0.00835992 0.0084823 0.00907042 0.0095522 0.0101889 0.0101265 0.00934165 0.00898542 0.00837378 0.00879477 0.00887918 0.00918839 0.00904346 0.00910806 0.00874038 0.0089069 0.00865638 0.00853766 0.00830261 0.00897854 0.00907484 0.00873751 0.00908831 0.00961208 0.00900419 0.00851878 0.00845084 0.00887625 0.00889236 0.00862323 0.00887593 0.00874487 0.00905428 0.010507 0.0105883 0.0105804 0.0101017 0.0099875 0.0100169 0.0100889 0.00956644 0.00932235 0.00966239 0.0104294 0.0109163 0.0126084 0.0116411 0.0116816 0.0110925 
0.00363347 0.00359848 0.00360962 0 0.00359493 0.00355473 0.00385105 0.00372464 0.00417988 0.00362536 0.0057727 0.014894 0.0143454 0.0145278 0.0135706 0.0137995 0.0125815 0.00973638 0.013903 0.0439881 0.0478571 0.0258074 0.0111949 0.00809484 0.00816049 0.00875937 0.00957954 0.0103846 0.009674 0.00940915 0.00875868 0.00861768 0.00826439 0.00822618 0.0082003 0.00824336 0.0082983 0.00839719 0.00826733 0.00836402 0.00870629 0.00889516 0.00935525 0.00920587 0.00890203 0.00857109 0.00835945 0.00854562 0.00869234 0.00867524 0.00855624 0.00856213 0.008417 0.00848702 0.00840186 0.00845726 0.00825534 0.00861171 0.00873981 0.00862487 0.00862573 0.00918842 0.00871128 0.00855797 0.00843335 0.00874134 0.00889759 0.00850416 0.00885708 0.00869844 0.00884318 0.00961763 0.00999609 0.0100507 0.00964334 0.00960147 0.00973707 0.00949005 0.00933073 0.00925835 0.00937516 0.00982272 0.0105194 0.0110948 0.0109145 0.0104083 0.0123491 
0.00366939 0.0036299 0.00363384 0.00359493 0 0.00618254 0.00353844 0.00376289 0.0036389 0.00375075 0.00488587 0.0135537 0.0110956 0.0157709 0.0111238 0.0130176 0.0125443 0.00936766 0.012717 0.0348001 0.037753 0.0179061 0.014646 0.00803738 0.00809189 0.00859356 0.00928943 0.0100593 0.00971186 0.0094141 0.00876373 0.00869826 0.00824774 0.0080866 0.00815086 0.00813179 0.00831913 0.00830645 0.00826131 0.00834287 0.00863293 0.00876528 0.00922777 0.00911826 0.0087226 0.00897047 0.00828473 0.00861943 0.00856662 0.00862682 0.00850663 0.00858685 0.00839217 0.00849004 0.00839218 0.0084187 0.0082695 0.00869601 0.00865505 0.00854303 0.00845297 0.00906789 0.00853914 0.00843386 0.00838743 0.00849619 0.00867088 0.00841294 0.00846763 0.00845231 0.00863118 0.00961828 0.00986377 0.00992496 0.00961126 0.00955466 0.00954473 0.00933812 0.00883883 0.00874862 0.00917977 0.00959648 0.0102219 0.0107017 0.0103919 0.0103025 0.0103388 
0.00366113 0.00361925 0.00365133 0.00355473 0.00618254 0 0.00354389 0.00354883 0.00350669 0.00351026 0.00443044 0.0140359 0.014906 0.0116684 0.0111092 0.0104124 0.0149487 0.00898021 0.0105001 0.0331953 0.0237082 0.0212538 0.0105912 0.0080703 0.00805799 0.00882239 0.00896554 0.00957644 0.0090768 0.00891411 0.00869214 0.0083572 0.00813303 0.00805821 0.00810705 0.00809904 0.00820589 0.00924569 0.00827206 0.00830068 0.00853441 0.00863321 0.00897686 0.00875381 0.00881685 0.00847052 0.00814902 0.00835047 0.00842598 0.00845762 0.00841374 0.00847232 0.00834823 0.00839529 0.00832546 0.00838723 0.00820745 0.00841989 0.00868754 0.00843763 0.00858418 0.00902197 0.00845791 0.00847357 0.00829948 0.00843907 0.00867961 0.00841053 0.00852808 0.00834373 0.0085277 0.00915304 0.00962571 0.00971923 0.00942532 0.00948284 0.00940615 0.00910698 0.00883271 0.00861678 0.00888186 0.00934864 0.00999133 0.0102947 0.0101072 0.00996526 0.00960643 
0.0037931 0.00409079 0.00372511 0.00385105 0.00353844 0.00354389 0 0.00352724 0.00354694 0.00355502 0.0044874 0.0142514 0.0107917 0.017946 0.0101234 0.0125034 0.0112624 0.00890803 0.0115007 0.0236762 0.0316644 0.0136287 0.0106206 0.00813343 0.00816546 0.00848388 0.00918046 0.0095384 0.00944662 0.00905687 0.00865047 0.0084725 0.00822449 0.00806787 0.00812506 0.00809244 0.00825938 0.00831518 0.00818888 0.00836434 0.00861437 0.00866771 0.008945 0.00899695 0.00858736 0.00852251 0.00825591 0.00849476 0.0084947 0.00846645 0.00845429 0.0084916 0.00838966 0.00840204 0.00833042 0.00833429 0.00827461 0.00847499 0.00863105 0.00841829 0.00836072 0.00897015 0.00842959 0.00838112 0.00839708 0.0083895 0.00850964 0.00839508 0.0084854 0.00849191 0.00854038 0.00932002 0.0101107 0.00978097 0.00953707 0.009478 0.00934014 0.00910382 0.00884361 0.00884863 0.00905564 0.00946515 0.0101094 0.0104641 0.0104753 0.00996017 0.0100366 
0.0040915 0.00683415 0.0165664 0.00372464 0.00376289 0.00354883 0.00352724 0 0.00353176 0.00355554 0.00365834 0.0267894 0.0189876 0.0117337 0.0132437 0.0125462 0.014884 0.00962261 0.0118749 0.0392102 0.0267242 0.0169666 0.0100753 0.00808577 0.00812488 0.00890965 0.00937758 0.00990287 0.00954244 0.0095529 0.00902076 0.00853574 0.00816519 0.00810175 0.00815284 0.00814477 0.00824423 0.0082727 0.00834273 0.00833348 0.00879341 0.00905638 0.00945575 0.00895874 0.00894568 0.00846911 0.00816834 0.00848257 0.00861549 0.00867068 0.00853023 0.00859714 0.00843659 0.00845624 0.0084052 0.00840149 0.00823712 0.00856658 0.00865725 0.00838869 0.00875111 0.00906646 0.00842519 0.00848858 0.00834609 0.00840767 0.00852703 0.00838853 0.00850723 0.0084894 0.00867395 0.00989638 0.0096991 0.0100144 0.00967971 0.00963152 0.00956923 0.00932898 0.00894252 0.00878111 0.00947294 0.00964351 0.010342 0.0108002 0.0105731 0.0102207 0.00988614 
0.00682204 0.00982159 0.0105153 0.00417988 0.0036389 0.00350669 0.00354694 0.00353176 0 0.00353407 0.00382049 0.0215413 0.029658 0.0191786 0.0130006 0.026001 0.0156344 0.00969409 0.0113232 0.0161432 0.0152734 0.0183159 0.00983362 0.00810048 0.00818257 0.00838551 0.0090304 0.00922512 0.00897726 0.00873262 0.00851648 0.00843945 0.00815317 0.00815206 0.00813129 0.00816863 0.00817888 0.00823144 0.00816009 0.00844794 0.00864879 0.0089411 0.00894772 0.0090081 0.00849426 0.00833287 0.00811412 0.00836695 0.00851408 0.00852944 0.00854053 0.00844915 0.00831784 0.00838663 0.00829323 0.00830742 0.00816324 0.00850461 0.00877623 0.00850695 0.00847239 0.00891522 0.00863107 0.00862962 0.00846867 0.00855014 0.00879138 0.00851625 0.00870713 0.00867032 0.00860277 0.00901056 0.0100601 0.00982076 0.00945001 0.00930736 0.0092843 0.00917568 0.00905636 0.00898913 0.00898607 0.00943356 0.00997357 0.0105125 0.0103841 0.00999177 0.00959346 
0.0173513 0.00656877 0.00412922 0.00362536 0.00375075 0.00351026 0.00355502 0.00355554 0.00353407 0 0.374445 0.0198273 0.0129241 0.0260532 0.018145 0.0112713 0.0241061 0.0126012 0.00964382 0.0098961 0.00953323 0.0102069 0.012324 0.00819218 0.00817299 0.00886241 0.00849089 0.00870833 0.00833035 0.00819365 0.00826911 0.00819018 0.00827348 0.0083344 0.00826909 0.00846881 0.00814648 0.00820651 0.0082541 0.00820361 0.00834418 0.00836838 0.00850676 0.00848545 0.00837772 0.00821355 0.00817275 0.00867638 0.00849171 0.00860232 0.00830016 0.00830623 0.00824481 0.00831909 0.00818117 0.00827485 0.00818697 0.00867789 0.00852595 0.00837606 0.00884638 0.0087181 0.00843291 0.0092779 0.00853826 0.0084865 0.00925895 0.00877252 0.00899415 0.00878574 0.00888552 0.00975173 0.00915693 0.0090396 0.00883882 0.00892808 0.00883948 0.00878811 0.00897102 0.00939095 0.00867712 0.00889083 0.00935283 0.00987385 0.00963286 0.00941167 0.00940099 
0.0125154 0.00901422 0.00682539 0.0057727 0.00488587 0.00443044 0.0044874 0.00365834 0.00382049 0.374445 0 0.0314458 0.0124529 0.0406736 0.0119821 0.0127716 0.0150682 0.0100934 0.00856702 0.00848959 0.00853143 0.00927477 0.0107087 0.0084231 0.00831742 0.00828452 0.0081229 0.00807191 0.00802046 0.00803838 0.00798513 0.00801077 0.0084047 0.00984368 0.00876683 0.00890525 0.0080544 0.00815633 0.00811319 0.00805936 0.00808903 0.00812203 0.00813123 0.00812836 0.00812656 0.00816045 0.008362 0.00867593 0.00814189 0.00814876 0.00809533 0.00813721 0.0081295 0.0081043 0.00809305 0.00811069 0.00823291 0.00865974 0.00860095 0.00850511 0.00945985 0.00885835 0.00889713 0.0132034 0.00984046 0.00911814 0.0111718 0.010757 0.0115703 0.00969757 0.0101027 0.00980624 0.00937122 0.00909651 0.0087848 0.00854803 0.00850014 0.00891543 0.0104717 0.0113063 0.00872915 0.00875711 0.00980793 0.00946432 0.0100497 0.00968811 0.0126727 
0.0523949 0.0207054 0.0183172 0.014894 0.0135537 0.0140359 0.0142514 0.0267894 0.0215413 0.0198273 0.0314458 0 0.00394492 0.00377036 0.0187685 0.0109067 0.669068 0.0103709 0.00927257 0.0103738 0.00939899 0.0105144 0.0140673 0.0080081 0.00815461 0.00843402 0.00821754 0.00837537 0.00829411 0.0081995 0.00810176 0.00810471 0.00887817 0.0086223 0.00839465 0.00842094 0.00803155 0.00806746 0.00815666 0.00805126 0.00814539 0.00819446 0.00826846 0.00827365 0.00821102 0.00813499 0.00855209 0.00836299 0.00818997 0.00815853 0.00811366 0.00813615 0.0081147 0.00819614 0.0080558 0.00808843 0.0082203 0.0083296 0.00843155 0.00861723 0.00834257 0.00851717 0.00883727 0.00956708 0.00854153 0.00870383 0.00915988 0.00941279 0.00947144 0.00862783 0.00922622 0.00872411 0.00856539 0.00858886 0.00837174 0.00837863 0.00832366 0.00846725 0.00938266 0.00896743 0.00837075 0.00848298 0.00867281 0.00908286 0.00883707 0.00896759 0.0108854 
0.0122789 0.0507418 0.0143677 0.0143454 0.0110956 0.014906 0.0107917 0.0189876 0.029658 0.0129241 0.0124529 0.00394492 0 0.00359123 0.00906485 0.799621 0.0153264 0.00940026 0.0112015 0.0107444 0.0109897 0.0141903 0.00924123 0.00798 0.00806468 0.00814362 0.00847793 0.00847409 0.00840429 0.00836336 0.00831453 0.0083177 0.00815547 0.00812142 0.00810128 0.00808387 0.00811169 0.0081463 0.00808078 0.00818662 0.00832187 0.0083453 0.00853248 0.00842686 0.0082998 0.00823724 0.00808436 0.00821166 0.00827035 0.00825333 0.00823898 0.00827932 0.00821245 0.00823002 0.00813846 0.00815394 0.00807885 0.00837426 0.00863381 0.00840909 0.00847421 0.00878597 0.00847476 0.00863662 0.00838872 0.00855328 0.00854381 0.00839317 0.00837299 0.00836236 0.00852946 0.0087069 0.00902012 0.00887488 0.0086765 0.00860577 0.00857936 0.00873549 0.00861816 0.00841646 0.00851 0.00859459 0.00894771 0.00943847 0.00906549 0.00920804 0.00881099 
0.0198939 0.0126172 0.0173715 0.0145278 0.0157709 0.0116684 0.017946 0.0117337 0.0191786 0.0260532 0.0406736 0.00377036 0.00359123 0 0.599583 0.00966182 0.0569574 0.0131398 0.0102319 0.0105102 0.010872 0.0105766 0.0120008 0.00851884 0.00812851 0.00884563 0.00858282 0.00833031 0.00824321 0.00823084 0.00818982 0.00815571 0.00831131 0.00896091 0.00844301 0.0091356 0.00807703 0.00811222 0.00834518 0.00810781 0.00818181 0.00829199 0.00831042 0.00831703 0.00822678 0.00812836 0.00824628 0.00844525 0.0081578 0.00825796 0.00811577 0.00811369 0.00810124 0.00814738 0.00806116 0.00806875 0.00806481 0.00859927 0.00836158 0.008223 0.00889994 0.00856008 0.00831616 0.00936574 0.00895833 0.00840269 0.00949779 0.00880714 0.00928544 0.00893346 0.008595 0.00910754 0.00881033 0.00851327 0.00843822 0.0083909 0.00841745 0.00841665 0.0089089 0.0101961 0.00843419 0.00849326 0.00904929 0.00888809 0.00905266 0.00863717 0.00952786 
0.0377442 0.0156247 0.0188174 0.0135706 0.0111238 0.0111092 0.0101234 0.0132437 0.0130006 0.018145 0.0119821 0.0187685 0.00906485 0.599583 0 0.00379388 0.00355993 0.0527691 0.0115374 0.0262015 0.0139907 0.0120586 0.0168716 0.00801434 0.00828018 0.00875427 0.00844808 0.00853203 0.00836714 0.00829234 0.00819302 0.008095 0.00870754 0.00840329 0.00809676 0.00822137 0.00803029 0.00813795 0.00811548 0.00810348 0.00819502 0.00829875 0.00831647 0.00838299 0.00824045 0.00819051 0.00824619 0.0084671 0.0082311 0.00823473 0.00814751 0.00821864 0.00814575 0.00816961 0.00804946 0.00805644 0.0081049 0.00842456 0.0083621 0.00829463 0.00830439 0.00834123 0.00840053 0.00898529 0.00824439 0.00850999 0.00854068 0.00878393 0.00868176 0.00832166 0.00873439 0.00871877 0.00849192 0.00835901 0.00829843 0.00828777 0.00829512 0.00830224 0.00851566 0.00835449 0.00833497 0.00847141 0.00842084 0.00875701 0.00851524 0.00871198 0.0091137 
0.0109008 0.0503063 0.0127483 0.0137995 0.0130176 0.0104124 0.0125034 0.0125462 0.026001 0.0112713 0.0127716 0.0109067 0.799621 0.00966182 0.00379388 0 0.00398591 0.0108735 0.0416284 0.0206073 0.0192957 0.0374923 0.0121531 0.00839377 0.00807765 0.00812512 0.00890031 0.00858119 0.00861603 0.00835918 0.00837735 0.00846187 0.00823515 0.00805137 0.00803239 0.00799514 0.00814375 0.00813987 0.0079951 0.00836185 0.00838836 0.0084947 0.00866184 0.0085637 0.00845292 0.00831634 0.0080966 0.0082336 0.00845717 0.00829678 0.00825812 0.00832132 0.00815658 0.0082728 0.00813481 0.00818684 0.00806619 0.00838056 0.00861693 0.00833439 0.00831968 0.00880459 0.0085054 0.00854119 0.008377 0.00855941 0.00865008 0.00836568 0.00853166 0.00840274 0.00846346 0.00841253 0.00882971 0.00882896 0.00856567 0.00856542 0.00851593 0.00867696 0.00860265 0.00851792 0.00845211 0.00852718 0.00892199 0.00919579 0.0088865 0.00909223 0.00881749 
0.0215391 0.0107833 0.0178165 0.0125815 0.0125443 0.0149487 0.0112624 0.014884 0.0156344 0.0241061 0.0150682 0.669068 0.0153264 0.0569574 0.00355993 0.00398591 0 0.0168235 0.0139256 0.0384392 0.0198985 0.0558333 0.11123 0.00841935 0.00834285 0.0096651 0.00884501 0.00884572 0.00862892 0.00866279 0.00844835 0.00831103 0.00868201 0.00878481 0.0082521 0.00887833 0.00809097 0.00819346 0.00822642 0.00809275 0.00841004 0.00834202 0.00843993 0.008432 0.00845229 0.00815665 0.00813177 0.00828402 0.00824481 0.00831071 0.00830685 0.0082064 0.00814686 0.00816277 0.0083149 0.00811698 0.00808153 0.00852904 0.00845765 0.00821595 0.00850063 0.00871959 0.00835265 0.00872417 0.00827497 0.00845539 0.00889969 0.00856023 0.00858051 0.0084103 0.00848358 0.00879807 0.00861031 0.00849882 0.00846443 0.00844492 0.00837746 0.00850412 0.00863006 0.00871539 0.00839118 0.0084449 0.00857996 0.00883573 0.0089392 0.00879593 0.00894716 
0.013614 0.00974985 0.0106711 0.00973638 0.00936766 0.00898021 0.00890803 0.00962261 0.00969409 0.0126012 0.0100934 0.0103709 0.00940026 0.0131398 0.0527691 0.0108735 0.0168235 0 0.00355436 0.00356745 0.00359089 0.00360739 0.00380398 0.0127505 0.0109971 0.0167605 0.00899954 0.0096991 0.00896058 0.00901874 0.00859459 0.00864805 0.0112858 0.00952687 0.00871507 0.00826406 0.00832797 0.00864539 0.0082157 0.00815848 0.00827031 0.00857129 0.00861018 0.00866882 0.00851948 0.00905221 0.00983262 0.00894045 0.00824857 0.00836697 0.00825588 0.00829081 0.00846179 0.00819353 0.00832618 0.00815048 0.00819899 0.00855547 0.00820435 0.0082633 0.00811482 0.00838594 0.00830639 0.00956223 0.00807654 0.00849545 0.00853436 0.00860588 0.00849814 0.00816015 0.00854183 0.0087785 0.00832785 0.00829967 0.00831917 0.00829691 0.00829275 0.0082935 0.00862296 0.00819642 0.00830195 0.00846681 0.00830892 0.00870735 0.00837066 0.00890744 0.00889064 
0.0100808 0.023954 0.0146356 0.013903 0.012717 0.0105001 0.0115007 0.0118749 0.0113232 0.00964382 0.00856702 0.00927257 0.0112015 0.0102319 0.0115374 0.0416284 0.0139256 0.00355436 0 0.00353351 0.00356761 0.00355216 0.0036081 0.0180577 0.0100093 0.00982601 0.0293061 0.0134084 0.0135932 0.013087 0.0106949 0.00905629 0.00905144 0.00838992 0.00806971 0.00808087 0.0085255 0.00827814 0.00825464 0.00844626 0.00971997 0.00964359 0.010646 0.0101769 0.0100145 0.00892369 0.00932033 0.00863298 0.00927955 0.00894083 0.00908497 0.00910557 0.0088026 0.00901713 0.00848676 0.00835418 0.0083062 0.00860643 0.00863229 0.0083023 0.00825458 0.00872754 0.00829208 0.00827862 0.00816798 0.00826754 0.00847505 0.00812761 0.00825537 0.00820444 0.00836716 0.00830258 0.00850011 0.00851742 0.00838145 0.00843521 0.00839029 0.00846117 0.00838718 0.00824078 0.00837481 0.00841278 0.00846045 0.00872502 0.00860345 0.00867828 0.0086754 
0.0115476 0.0243615 0.0794867 0.0439881 0.0348001 0.0331953 0.0236762 0.0392102 0.0161432 0.0098961 0.00848959 0.0103738 0.0107444 0.0105102 0.0262015 0.0206073 0.0384392 0.00356745 0.00353351 0 0.00357588 0.00358083 0.00357567 0.0150408 0.0104727 0.01341 0.0271059 0.0887348 0.0389743 0.0291766 0.0202508 0.0148649 0.00981149 0.00854424 0.00808311 0.00829431 0.00876026 0.00869254 0.00892683 0.00932649 0.0119416 0.0162191 0.0184897 0.0173328 0.0119593 0.010916 0.00863687 0.00906137 0.0100028 0.0107 0.0102881 0.010789 0.00951199 0.00906258 0.00887791 0.00855144 0.00817424 0.00877333 0.00867954 0.00837847 0.00865032 0.00875904 0.00835421 0.00814726 0.00824805 0.00833303 0.00832907 0.00818059 0.00823898 0.0082983 0.00834621 0.00848107 0.00880474 0.00897639 0.00871503 0.00863137 0.00866496 0.00849855 0.00835372 0.00825608 0.00843463 0.00861556 0.00889136 0.00935361 0.00904237 0.00892608 0.00865481 
0.00980197 0.0343492 0.0611268 0.0478571 0.037753 0.0237082 0.0316644 0.0267242 0.0152734 0.00953323 0.00853143 0.00939899 0.0109897 0.010872 0.0139907 0.0192957 0.0198985 0.00359089 0.00356761 0.00357588 0 0.00356021 0.00354209 0.0124162 0.0107921 0.0111004 0.0281636 0.0551155 0.0573281 0.0344638 0.0236472 0.0114708 0.0101321 0.00843946 0.00809218 0.00833905 0.00900875 0.00876383 0.00935229 0.00902438 0.0127153 0.0157422 0.018889 0.0186572 0.0132263 0.00958315 0.0084577 0.009092 0.0098899 0.011359 0.0104687 0.0104327 0.00912543 0.0092264 0.00897575 0.00855784 0.00817848 0.00879289 0.00882797 0.00839857 0.00843635 0.0090057 0.00833734 0.00815824 0.00827387 0.0083647 0.00856412 0.00813778 0.00824691 0.00829448 0.00834061 0.00854741 0.00884452 0.00900202 0.00874049 0.00863533 0.00870513 0.00862751 0.00839492 0.00824462 0.00851206 0.00872432 0.00892644 0.00953381 0.00907906 0.00898927 0.00865184 
0.0114187 0.0160465 0.0324918 0.0258074 0.0179061 0.0212538 0.0136287 0.0169666 0.0183159 0.0102069 0.00927477 0.0105144 0.0141903 0.0105766 0.0120586 0.0374923 0.0558333 0.00360739 0.00355216 0.00358083 0.00356021 0 0.00366129 0.0130865 0.0171991 0.0113305 0.0205879 0.0366678 0.0274346 0.0275137 0.0139809 0.0177585 0.0114496 0.00959855 0.0084877 0.00938092 0.0098253 0.00884919 0.00904735 0.00974568 0.0106108 0.0121985 0.013859 0.0136598 0.0121262 0.00926205 0.00850644 0.00912834 0.0100479 0.0105919 0.00978917 0.00945695 0.00891394 0.00882649 0.00862264 0.00841841 0.00818841 0.00865237 0.00896331 0.00825396 0.00850667 0.00892546 0.00836633 0.00821856 0.00821519 0.00831176 0.00847043 0.0081411 0.00829279 0.00828331 0.00835048 0.00857287 0.00884426 0.00889552 0.00860313 0.00862488 0.00861482 0.00858105 0.00839386 0.00831623 0.00846814 0.00867902 0.00900937 0.00937529 0.00901749 0.00895863 0.00847927 
0.0126246 0.0105463 0.0126395 0.0111949 0.014646 0.0105912 0.0106206 0.0100753 0.00983362 0.012324 0.0107087 0.0140673 0.00924123 0.0120008 0.0168716 0.0121531 0.11123 0.00380398 0.0036081 0.00357567 0.00354209 0.00366129 0 0.0141973 0.0248601 0.0185027 0.0124749 0.0161089 0.0133475 0.0137489 0.012646 0.0118428 0.0146483 0.0133015 0.00942597 0.0110627 0.00982479 0.0095641 0.0123756 0.00900068 0.0107526 0.0113537 0.0106532 0.0105554 0.0100044 0.00878993 0.0085808 0.00983557 0.00881703 0.00915015 0.00897965 0.00916429 0.00845664 0.00836082 0.0082506 0.00822575 0.00818837 0.0089341 0.00865058 0.00842676 0.00863451 0.00884275 0.00833957 0.00868629 0.00820438 0.00833637 0.00866681 0.00820156 0.00825013 0.00829565 0.0083699 0.00878387 0.00867042 0.00851301 0.00848749 0.00845881 0.00836638 0.00853634 0.00851179 0.00841364 0.00832551 0.00834032 0.00844445 0.00880874 0.00866031 0.00877165 0.00843902 
0.00823159 0.0081716 0.00806435 0.00809484 0.00803738 0.0080703 0.00813343 0.00808577 0.00810048 0.00819218 0.0084231 0.0080081 0.00798 0.00851884 0.00801434 0.00839377 0.00841935 0.0127505 0.0180577 0.0150408 0.0124162 0.0130865 0.0141973 0 0.00683326 0.0127258 0.0183819 0.0103602 0.00956695 0.00911845 0.00894746 0.0104674 0.0133981 0.0117867 0.00939429 0.00867977 0.00849707 0.00831071 0.00805266 0.0082498 0.00836359 0.00845331 0.0084666 0.00849583 0.00835146 0.00847183 0.00977843 0.00820307 0.00814857 0.00814657 0.00819555 0.00816242 0.00812219 0.00809602 0.00803389 0.0080511 0.00826313 0.00810378 0.00802825 0.00825948 0.00802439 0.00802237 0.00810317 0.00871144 0.00799621 0.00803222 0.00811968 0.00822699 0.0080241 0.00796302 0.0080556 0.00802505 0.00825927 0.00808764 0.00803481 0.00810629 0.00806558 0.00808923 0.00807153 0.00800263 0.00804558 0.00809983 0.00809667 0.00825741 0.00820838 0.00819095 0.00825827 
0.00819102 0.00826244 0.00817527 0.00816049 0.00809189 0.00805799 0.00816546 0.00812488 0.00818257 0.00817299 0.00831742 0.00815461 0.00806468 0.00812851 0.00828018 0.00807765 0.00834285 0.0109971 0.0100093 0.0104727 0.0107921 0.0171991 0.0248601 0.00683326 0 0.0209082 0.0131491 0.013352 0.0106226 0.0114672 0.00920444 0.010552 0.015425 0.0121176 0.00927303 0.00994875 0.00943344 0.00863568 0.00866353 0.00815494 0.00858015 0.00865398 0.0088636 0.00876993 0.00844077 0.00890356 0.00863412 0.00846996 0.00815389 0.00808938 0.0082359 0.00809843 0.00813479 0.00811714 0.00810319 0.00815167 0.00812015 0.00849058 0.00811734 0.00823137 0.00829977 0.00814421 0.00814146 0.00830705 0.00804237 0.00808464 0.00818595 0.00800927 0.00807587 0.00800991 0.00815821 0.00819463 0.00824303 0.00819644 0.00810247 0.0081566 0.00810089 0.00813838 0.00814567 0.00812744 0.00820506 0.00824305 0.00824131 0.0083479 0.00830086 0.00823488 0.00816341 
0.0100588 0.00856144 0.00898408 0.00875937 0.00859356 0.00882239 0.00848388 0.00890965 0.00838551 0.00886241 0.00828452 0.00843402 0.00814362 0.00884563 0.00875427 0.00812512 0.0096651 0.0167605 0.00982601 0.01341 0.0111004 0.0113305 0.0185027 0.0127258 0.0209082 0 0.00359568 0.00354783 0.00356751 0.0035711 0.00353544 0.00379117 0.00783305 0.0328358 0.0166427 0.0159216 0.0103882 0.0161486 0.0112404 0.0118517 0.0121938 0.0162702 0.0159473 0.0159535 0.0122286 0.0263597 0.0184509 0.0203211 0.0120336 0.0111329 0.00966845 0.0100845 0.00928816 0.00916895 0.00889526 0.00898055 0.0108821 0.0108834 0.00919175 0.0101277 0.00869226 0.00862802 0.00892155 0.00938701 0.00801248 0.00822664 0.00836813 0.0082614 0.00811129 0.00799728 0.00826593 0.00926446 0.00834973 0.00834985 0.00830213 0.00834492 0.00825297 0.00817754 0.0082073 0.00807272 0.00816897 0.0082798 0.00826931 0.00873628 0.00840337 0.00866245 0.00849288 
0.00846021 0.00961304 0.0104663 0.00957954 0.00928943 0.00896554 0.00918046 0.00937758 0.0090304 0.00849089 0.0081229 0.00821754 0.00847793 0.00858282 0.00844808 0.00890031 0.00884501 0.00899954 0.0293061 0.0271059 0.0281636 0.0205879 0.0124749 0.0183819 0.0131491 0.00359568 0 0.00358748 0.00356819 0.00358173 0.00357485 0.006385 0.0125705 0.0215522 0.0120387 0.0107835 0.0131957 0.0110209 0.0114537 0.0204974 0.028424 0.0315767 0.0553141 0.0376105 0.0482329 0.0206414 0.0110776 0.0134198 0.046745 0.0171672 0.0189268 0.0169034 0.0141568 0.0118108 0.0139662 0.0103213 0.00916776 0.0117101 0.00996825 0.00956995 0.00893005 0.00932118 0.00886009 0.00814003 0.0081856 0.00813284 0.00824853 0.00797661 0.00804285 0.00808545 0.00819015 0.00835631 0.00865142 0.00894946 0.00873494 0.00857267 0.00851043 0.0084271 0.00828248 0.00808141 0.00830885 0.00869078 0.00882098 0.00945198 0.00885037 0.00870041 0.00858779 
0.00876691 0.00965924 0.0125628 0.0103846 0.0100593 0.00957644 0.0095384 0.00990287 0.00922512 0.00870833 0.00807191 0.00837537 0.00847409 0.00833031 0.00853203 0.00858119 0.00884572 0.0096991 0.0134084 0.0887348 0.0551155 0.0366678 0.0161089 0.0103602 0.013352 0.00354783 0.00358748 0 0.00353425 0.00356442 0.00352685 0.0045954 0.00383307 0.0119072 0.0100459 0.0100494 0.0125788 0.0117033 0.0146685 0.0194585 0.0433856 0.0891429 0.0710916 0.164488 0.0568492 0.0216689 0.0104093 0.0145064 0.0250878 0.0548827 0.0376714 0.0352145 0.0241524 0.0215341 0.018803 0.0109064 0.00883796 0.0102519 0.0104663 0.0105902 0.00878133 0.00922026 0.00904313 0.00812582 0.00821816 0.00816927 0.00823441 0.0079632 0.00802397 0.00810191 0.00810452 0.00856744 0.00879942 0.00915101 0.00890242 0.0085897 0.00861413 0.00849474 0.00835279 0.00812925 0.00831237 0.00875608 0.00913799 0.00986485 0.0090341 0.0088793 0.00836892 
0.00855046 0.00942115 0.0109126 0.009674 0.00971186 0.0090768 0.00944662 0.00954244 0.00897726 0.00833035 0.00802046 0.00829411 0.00840429 0.00824321 0.00836714 0.00861603 0.00862892 0.00896058 0.0135932 0.0389743 0.0573281 0.0274346 0.0133475 0.00956695 0.0106226 0.00356751 0.00356819 0.00353425 0 0.00355488 0.00354562 0.00356004 0.0035891 0.011362 0.00919964 0.00958497 0.0116957 0.0107079 0.0116638 0.0160466 0.0355215 0.0562793 0.119111 0.0613048 0.0462584 0.0177003 0.010989 0.0116917 0.0228891 0.0375391 0.0332912 0.0319719 0.0184582 0.0180696 0.0160933 0.0107914 0.00872935 0.0102818 0.00999894 0.00963837 0.00856436 0.00895656 0.00858043 0.00806591 0.00810706 0.00812014 0.00811683 0.00794415 0.00801487 0.00806918 0.00811275 0.00845449 0.00878569 0.00880981 0.00862393 0.00852784 0.00844702 0.00838262 0.00821502 0.00809462 0.00823341 0.00852466 0.0088132 0.00942422 0.00866047 0.00852149 0.00823498 
0.00835516 0.00933387 0.010062 0.00940915 0.0094141 0.00891411 0.00905687 0.0095529 0.00873262 0.00819365 0.00803838 0.0081995 0.00836336 0.00823084 0.00829234 0.00835918 0.00866279 0.00901874 0.013087 0.0291766 0.0344638 0.0275137 0.0137489 0.00911845 0.0114672 0.0035711 0.00358173 0.00356442 0.00355488 0 0.00352063 0.00354936 0.00357095 0.010727 0.0091685 0.0100345 0.011869 0.0113796 0.0124937 0.0143521 0.0347633 0.0692694 0.0538208 0.0556193 0.0268616 0.0213496 0.00998345 0.0116254 0.0210259 0.0295321 0.0324858 0.0223425 0.0170804 0.0139486 0.0134114 0.00995106 0.00872347 0.00948879 0.00961071 0.00939356 0.00854548 0.00894971 0.00859852 0.00808692 0.00814943 0.00806455 0.0081469 0.00790321 0.00798133 0.00805596 0.0080364 0.00826297 0.00854704 0.00872652 0.00860317 0.00844791 0.00842523 0.0082565 0.00810059 0.0080469 0.00817843 0.00841332 0.00897549 0.00892975 0.00880201 0.00845308 0.0083064 
0.00829015 0.00863546 0.00955466 0.00875868 0.00876373 0.00869214 0.00865047 0.00902076 0.00851648 0.00826911 0.00798513 0.00810176 0.00831453 0.00818982 0.00819302 0.00837735 0.00844835 0.00859459 0.0106949 0.0202508 0.0236472 0.0139809 0.012646 0.00894746 0.00920444 0.00353544 0.00357485 0.00352685 0.00354562 0.00352063 0 0.00362077 0.00353684 0.0109649 0.00896428 0.00967067 0.0106136 0.0102565 0.0105923 0.0125306 0.035517 0.0393544 0.037951 0.0357145 0.0319072 0.0150168 0.0104519 0.00992364 0.0160256 0.028237 0.0207552 0.0192656 0.0129481 0.0117347 0.0118391 0.00977426 0.00881428 0.00895649 0.00913392 0.00911396 0.00836954 0.00880882 0.0085181 0.00798473 0.00807389 0.00803919 0.00806247 0.007904 0.00794985 0.00804274 0.00806375 0.00821292 0.00842326 0.0085151 0.00838378 0.00839729 0.00826993 0.00827734 0.00810215 0.00802849 0.00818246 0.0083569 0.00850188 0.00879905 0.00846627 0.00841228 0.00816337 
0.00822935 0.00879442 0.00871549 0.00861768 0.00869826 0.0083572 0.0084725 0.00853574 0.00843945 0.00819018 0.00801077 0.00810471 0.0083177 0.00815571 0.008095 0.00846187 0.00831103 0.00864805 0.00905629 0.0148649 0.0114708 0.0177585 0.0118428 0.0104674 0.010552 0.00379117 0.006385 0.0045954 0.00356004 0.00354936 0.00362077 0 0.0036426 0.0128005 0.0100378 0.0107581 0.0158471 0.0125343 0.00971727 0.0167629 0.013983 0.0208952 0.0156826 0.0206949 0.0174371 0.0242259 0.0100898 0.00992365 0.0140091 0.012945 0.0127085 0.0111319 0.00997052 0.0104526 0.00951761 0.0101617 0.00890577 0.00905854 0.0098184 0.00869577 0.00829115 0.00889505 0.00840334 0.00810545 0.00801086 0.00803139 0.00812914 0.00792086 0.00804716 0.00803519 0.00808945 0.00818259 0.00842254 0.00843252 0.00831337 0.00832622 0.00819625 0.00823667 0.00810214 0.00802534 0.00817873 0.00821727 0.00840114 0.00855093 0.00848757 0.0083685 0.00812192 
0.00888332 0.00837306 0.00859689 0.00826439 0.00824774 0.00813303 0.00822449 0.00816519 0.00815317 0.00827348 0.0084047 0.00887817 0.00815547 0.00831131 0.00870754 0.00823515 0.00868201 0.0112858 0.00905144 0.00981149 0.0101321 0.0114496 0.0146483 0.0133981 0.015425 0.00783305 0.0125705 0.00383307 0.0035891 0.00357095 0.00353684 0.0036426 0 0.0409077 0.0174035 0.0182038 0.0203266 0.0152978 0.0207734 0.0118058 0.0110205 0.0129166 0.0130086 0.0146264 0.0122268 0.0128482 0.0177702 0.0156793 0.0107725 0.00992651 0.011401 0.0100892 0.0100734 0.00929392 0.00908253 0.00928017 0.00926064 0.012517 0.00859698 0.0103701 0.00968001 0.00842844 0.00894616 0.00944798 0.00822545 0.00812509 0.00881921 0.00817093 0.00815402 0.00811597 0.00810186 0.00853878 0.0082995 0.00825932 0.00815871 0.0081131 0.00810361 0.00807435 0.00826202 0.00832255 0.00812586 0.00811547 0.00824754 0.0084754 0.00835219 0.00821684 0.00821613 
0.00890435 0.00825647 0.00826096 0.00822618 0.0080866 0.00805821 0.00806787 0.00810175 0.00815206 0.0083344 0.00984368 0.0086223 0.00812142 0.00896091 0.00840329 0.00805137 0.00878481 0.00952687 0.00838992 0.00854424 0.00843946 0.00959855 0.0133015 0.0117867 0.0121176 0.0328358 0.0215522 0.0119072 0.011362 0.010727 0.0109649 0.0128005 0.0409077 0 0.160046 0.12485 0.0191665 0.0243717 0.0128777 0.0113694 0.00964661 0.0107082 0.0111577 0.0109032 0.010352 0.0124808 0.0216221 0.0174974 0.0116444 0.00903681 0.00927513 0.00900113 0.00890303 0.00874123 0.00887434 0.00919576 0.0124346 0.0123109 0.00926238 0.0105669 0.00934786 0.008678 0.00991522 0.0148809 0.0085734 0.00849631 0.0107806 0.00961493 0.00951268 0.00824809 0.00834066 0.00911577 0.00815158 0.00808526 0.00802469 0.00810763 0.00804196 0.0080598 0.00868548 0.00831702 0.0080351 0.00805877 0.00800874 0.00829254 0.00809776 0.00823456 0.0091373 
0.00868104 0.00827506 0.00823935 0.0082003 0.00815086 0.00810705 0.00812506 0.00815284 0.00813129 0.00826909 0.00876683 0.00839465 0.00810128 0.00844301 0.00809676 0.00803239 0.0082521 0.00871507 0.00806971 0.00808311 0.00809218 0.0084877 0.00942597 0.00939429 0.00927303 0.0166427 0.0120387 0.0100459 0.00919964 0.0091685 0.00896428 0.0100378 0.0174035 0.160046 0 0.19284 0.010874 0.018503 0.00770342 0.00718999 0.00811419 0.00812419 0.00902987 0.00859078 0.0081875 0.0102452 0.014662 0.0131768 0.00950177 0.00897269 0.0090069 0.00899202 0.0088227 0.00860922 0.00859264 0.00913851 0.0107133 0.0101796 0.00866731 0.00998536 0.00923351 0.00843847 0.00956266 0.0120027 0.00862851 0.00840161 0.00952918 0.00948663 0.00876612 0.00819432 0.00847754 0.00842743 0.0081294 0.00807238 0.00800771 0.00808618 0.00804175 0.00801531 0.00824404 0.00819887 0.00803323 0.00808743 0.00801948 0.0081992 0.00808756 0.00824644 0.00889284 
0.00849512 0.0081544 0.00826423 0.00824336 0.00813179 0.00809904 0.00809244 0.00814477 0.00816863 0.00846881 0.00890525 0.00842094 0.00808387 0.0091356 0.00822137 0.00799514 0.00887833 0.00826406 0.00808087 0.00829431 0.00833905 0.00938092 0.0110627 0.00867977 0.00994875 0.0159216 0.0107835 0.0100494 0.00958497 0.0100345 0.00967067 0.0107581 0.0182038 0.12485 0.19284 0 0.0060692 0.00382361 0.00397161 0.00452584 0.00570595 0.0082031 0.00721377 0.00700388 0.00699273 0.00792122 0.0102777 0.0179543 0.0102893 0.009259 0.00946435 0.0093833 0.00973482 0.00927442 0.00914749 0.00947624 0.0158933 0.0123602 0.00910043 0.012476 0.00942971 0.00884116 0.0115513 0.016869 0.00828225 0.00854186 0.00981 0.00904267 0.00902099 0.00812022 0.00860516 0.00848109 0.0081166 0.00815441 0.00803833 0.00813365 0.00803437 0.00810798 0.00908593 0.00810568 0.00797536 0.00807667 0.00807247 0.00833415 0.00810016 0.00823139 0.00974132 
0.00842616 0.00827752 0.00843052 0.0082983 0.00831913 0.00820589 0.00825938 0.00824423 0.00817888 0.00814648 0.0080544 0.00803155 0.00811169 0.00807703 0.00803029 0.00814375 0.00809097 0.00832797 0.0085255 0.00876026 0.00900875 0.0098253 0.00982479 0.00849707 0.00943344 0.0103882 0.0131957 0.0125788 0.0116957 0.011869 0.0106136 0.0158471 0.0203266 0.0191665 0.010874 0.0060692 0 0.0058776 0.00352483 0.00683015 0.00656178 0.00455616 0.00500616 0.00581499 0.00626731 0.00732904 0.00770628 0.0113117 0.0152329 0.00997363 0.0114569 0.00972068 0.010124 0.00910992 0.00969224 0.0104029 0.0153117 0.0100979 0.0123278 0.0135007 0.00947103 0.00948822 0.009737 0.00921986 0.00842297 0.00816183 0.00840108 0.00802218 0.00798513 0.0079583 0.00823271 0.00815252 0.00852736 0.00829779 0.00822486 0.00821279 0.00823227 0.00809721 0.00810998 0.00798087 0.00816229 0.00821847 0.00830048 0.00856514 0.00839648 0.00826188 0.00820737 
0.00835921 0.0083377 0.00835758 0.00839719 0.00830645 0.00924569 0.00831518 0.0082727 0.00823144 0.00820651 0.00815633 0.00806746 0.0081463 0.00811222 0.00813795 0.00813987 0.00819346 0.00864539 0.00827814 0.00869254 0.00876383 0.00884919 0.0095641 0.00831071 0.00863568 0.0161486 0.0110209 0.0117033 0.0107079 0.0113796 0.0102565 0.0125343 0.0152978 0.0243717 0.018503 0.00382361 0.0058776 0 0.00595061 0.00359408 0.00383676 0.00375939 0.00425215 0.00450862 0.00512899 0.00491994 0.00449232 0.02077 0.0109461 0.00999032 0.00967677 0.0111296 0.00933663 0.0098873 0.00969224 0.0100232 0.0105729 0.011415 0.010162 0.0109952 0.00892995 0.00910355 0.00920132 0.00903219 0.00810329 0.00819792 0.00839817 0.0080287 0.00801688 0.0079629 0.00810558 0.00835406 0.00829238 0.0083521 0.008208 0.00819018 0.00812869 0.00808678 0.00824638 0.00800951 0.00808686 0.0081955 0.00824484 0.00881869 0.0082836 0.00860252 0.00832894 
0.00841876 0.00822394 0.00835992 0.00826733 0.00826131 0.00827206 0.00818888 0.00834273 0.00816009 0.0082541 0.00811319 0.00815666 0.00808078 0.00834518 0.00811548 0.0079951 0.00822642 0.0082157 0.00825464 0.00892683 0.00935229 0.00904735 0.0123756 0.00805266 0.00866353 0.0112404 0.0114537 0.0146685 0.0116638 0.0124937 0.0105923 0.00971727 0.0207734 0.0128777 0.00770342 0.00397161 0.00352483 0.00595061 0 0.00351282 0.00356741 0.00358448 0.00363012 0.00372939 0.00411738 0.00416069 0.00580114 0.0141305 0.011019 0.0145994 0.0105278 0.0125519 0.0122456 0.00990046 0.0115879 0.00993031 0.0180347 0.00989631 0.00880108 0.014976 0.00876751 0.00873585 0.0112346 0.00842161 0.00797226 0.00802446 0.00813032 0.00803891 0.00799243 0.00791389 0.00809976 0.00816135 0.00824877 0.00839275 0.00836427 0.00817195 0.00834856 0.00807802 0.00883039 0.00794609 0.00804906 0.00815775 0.0082482 0.00860197 0.0084345 0.00825617 0.00886881 
0.00832795 0.00846161 0.0084823 0.00836402 0.00834287 0.00830068 0.00836434 0.00833348 0.00844794 0.00820361 0.00805936 0.00805126 0.00818662 0.00810781 0.00810348 0.00836185 0.00809275 0.00815848 0.00844626 0.00932649 0.00902438 0.00974568 0.00900068 0.0082498 0.00815494 0.0118517 0.0204974 0.0194585 0.0160466 0.0143521 0.0125306 0.0167629 0.0118058 0.0113694 0.00718999 0.00452584 0.00683015 0.00359408 0.00351282 0 0.00353653 0.00353156 0.0037352 0.00375162 0.00374409 0.00415496 0.00375549 0.0117864 0.0218057 0.0113085 0.0144263 0.012557 0.011776 0.0192866 0.0114072 0.0206859 0.00962459 0.0105119 0.0138546 0.0109481 0.00861714 0.0103148 0.00921521 0.00820799 0.00807891 0.00805911 0.00812011 0.0079155 0.00796722 0.00800399 0.00803212 0.00825856 0.00859736 0.00881727 0.00851674 0.00873615 0.00832254 0.0083733 0.00814535 0.00801107 0.00824835 0.00844056 0.0085743 0.00909005 0.00877522 0.00845764 0.00833891 
