1E79B
ADTSVDLEETGRVLSIGDGIARVHGLRNVQAEEMVEFSSGLKGMSLNLEPDNVGVVVFGNDKLIKEGDIVKRTGAIVDVPVGEELLGRVVDALGNAIDGKGPIGSKARRRVGLKAPGIIPRISVREPMQTGIKAVDSLVPIGRGQRELIIGDRQTGKTSIAIDTIINQKRFNDGTDEKKKLYCIYVAIGQKRSTVAQLVKRLTDADAMKYTIVVSATASDAAPLQYLAPYSGCSMGEYFRDNGKHALIIYDDLSKQAVAYRQMSLLLRRPPGREAYPGDVFYLHSRLLERAAKMNDAFGGGSLTALPVIETQAGDVSAYIPTNVISITDGQIFLETELFYKGIRPAINVGLSVSRVGSAAQTRAMKQVAGTMKLELAQYREVAAFAQFGSDLDAATQQLLSRGVRLTELLKQGQYSPMAIEEQVAVIYAGVRGYLDKLEPSKITKFENAFLSHVISQHQALLGKIRTDGKISEESDAKLKEIVTNFLAGFEA
CCCCCCCCCEECCCEEECCEEEECECCCCECCEEEEECCCCEEEEEEEECCEEEEEECCCHHHCCCCCCEEEEEEECEEEECHHHCCCEECCCCCECCCCCCCCCCEEEECCCCCCCCCCECCCCCECCCCCHHHHHHCCCECCCECEEEECCCCCHHHHHHHHHHHCHHHHCCCCCCCCCEEEEEEECCCHHHHHHHHHHHHCCCCHHHEEEEEECCCCCHHHHHHHHHHHHHHHHHHHCCCCEEEEEEECHHHHHHHHHHHHHHCCCCECHHHCECCHHHHHHHHHCCCEEECHHHCCCEEEEEEEEECCCCCCCCHHHHHHHCCCCCEEEECHHHHCCCCCCCECCCCCECHHHHCCCCHHHHHHHHHHHHHHHHHHCCCCCCCCHHHCCCCHHHHHHHHHHHHHHCCCCCCCCCCHHHHHHHHHHHHCCCCCCCCHHHHHHHHHHHHHHHHHHCHHHHHHHHHHCCCCHHHHHHHHHHHHHHHHHCCC
0 0 0 0 0 0 0 0 0 0 0 0 0 0 0 0 0 0 0 0 0 0 0 0 0 0 0 0 0 0 0 0 0 0 0 0 0 0 0 0 0 0 0 0 0 0 0 0 0 0 0 0 0 0 0 0 0 0 0 0 0 0 0 0 0 0 0 0 0 0 0 0 0 0 0 0 0 0 0 0 0 0 0 0 0 0 0 0 0 0 0 0 0 0 0 0 0 0 0 0 0 0 0 0 0 0 0 0 0 0 0 0 0 0 0 0 0 0 0 0 0 0 0 0 0 0 0 0 0 0 0 0 0 0 0 0 0 0 0 0 0 0 0 0 0 0 0 0 0 0 0 0 0 0 0 0 0 0 0 0 0 0 0 0 0 0 0 0 0 0 0 0 0 0 0 0 0 0 0 0 0 0 0 0 0 0 0 0 0 0 0 0 0 0 0 0 0 0 0 0 0 0 0 0 0 0 0 0 0 0 0 0 0 0 0 0 0 0 0 0 0 0 0 0 0 0 0 0 0 0 0 0 0 0 0 0 0 0 0 0 0 0 0 0 0 0 0 0 0 0 0 0 0 0 0 0 0 0 0 0 0 0 0 0 0 0 0 0 0 0 0 0 0 0 0 0 0 0 0 0 0 0 0 0 0 0 0 0 0 0 0 0 0 0 0 0 0 0 0 0 0 0 0 0 0 0 0 0 0 0 0 0 0 0 0 0 0 0 0 0 0 0 0 0 0 0 0 0 0 0 0 0 0 0 0 0 0 0 0 0 0 0 0 0 0 0 0 0 0 0 0 0 0 0 0 0 0 0 0 0 0 0 0 0 0 0 0 0 0 0 0 0 0 0 0 0 0 0 0 0 0 0 0 0 0 0 0 0 0 0 0 0 0 0 0 0 0 0 0 0 0 0 0 0 0 0 0 0 0 0 0 0 0 0 0 0 0 0 0 0 0 0 0 0 0 0 0 0 0 0 0 0 0 0 0 0 0 0 0 0 0 0 0 0 0 0 0 0 0 0 0 0 0 0 0 0 0 0 0 0 0 0 0 0 0 0 0 0 0 0 0 0 0 0 0 0 0 0 0 0 0 0 0 0 0 0 0 0 0 0 0 0 
0 0 0 0 0 0 0 0 0 0 0 0 0 0 0 0 0 0 0 0 0 0 0 0 0 0 0 0 0 0 0 0 0 0 0 0 0 0 0 0 0 0 0 0 0 0 0 0 0 0 0 0 0 0 0 0 0 0 0 0 0 0 0 0 0 0 0 0 0 0 0 0 0 0 0 0 0 0 0 0 0 0 0 0 0 0 0 0 0 0 0 0 0 0 0 0 0 0 0 0 0 0 0 0 0 0 0 0 0 0 0 0 0 0 0 0 0 0 0 0 0 0 0 0 0 0 0 0 0 0 0 0 0 0 0 0 0 0 0 0 0 0 0 0 0 0 0 0 0 0 0 0 0 0 0 0 0 0 0 0 0 0 0 0 0 0 0 0 0 0 0 0 0 0 0 0 0 0 0 0 0 0 0 0 0 0 0 0 0 0 0 0 0 0 0 0 0 0 0 0 0 0 0 0 0 0 0 0 0 0 0 0 0 0 0 0 0 0 0 0 0 0 0 0 0 0 0 0 0 0 0 0 0 0 0 0 0 0 0 0 0 0 0 0 0 0 0 0 0 0 0 0 0 0 0 0 0 0 0 0 0 0 0 0 0 0 0 0 0 0 0 0 0 0 0 0 0 0 0 0 0 0 0 0 0 0 0 0 0 0 0 0 0 0 0 0 0 0 0 0 0 0 0 0 0 0 0 0 0 0 0 0 0 0 0 0 0 0 0 0 0 0 0 0 0 0 0 0 0 0 0 0 0 0 0 0 0 0 0 0 0 0 0 0 0 0 0 0 0 0 0 0 0 0 0 0 0 0 0 0 0 0 0 0 0 0 0 0 0 0 0 0 0 0 0 0 0 0 0 0 0 0 0 0 0 0 0 0 0 0 0 0 0 0 0 0 0 0 0 0 0 0 0 0 0 0 0 0 0 0 0 0 0 0 0 0 0 0 0 0 0 0 0 0 0 0 0 0 0 0 0 0 0 0 0 0 0 0 0 0 0 0 0 0 0 0 0 0 0 0 0 0 0 0 0 0 0 0 0 0 0 0 0 0 0 0 0 0 0 0 0 0 0 0 0 0 0 0 0 0 0 0 0 0 0 0 0 0 0 0 0 0 
0 0.0113526 0.00538783 0.016061 0.0253494 0.00768103 0.00783317 0.00979982 0.0104622 0.0382461 0.0245304 0.0112088 0.0100856 0.00841228 0.0104324 0.0176818 0.0100254 0.00965644 0.00885797 0.00889911 0.00941258 0.00907938 0.00956666 0.0128921 0.00978891 0.00982195 0.00899332 0.00916241 0.0113035 0.0143161 0.00960269 0.00873585 0.00828076 0.0081947 0.0082417 0.00867707 0.0100952 0.00875922 0.0083241 0.0088503 0.0120645 0.00979722 0.0105446 0.00961992 0.00839187 0.00807231 0.00808552 0.00916305 0.00916087 0.00832565 0.00836675 0.00830826 0.00823366 0.00823216 0.00850391 0.00876267 0.00809286 0.00816146 0.00815239 0.00815103 0.00824779 0.00816216 0.00821898 0.00815233 0.00819324 0.00824432 0.00814084 0.00819684 0.00831511 0.00821416 0.00831455 0.00840037 0.00838147 0.00839319 0.0082166 0.00830288 0.00842632 0.00844414 0.00829631 0.00835625 0.00859228 0.00833992 0.0083512 0.00836351 0.00833594 0.00834892 0.00833661 0.0084281 0.00835287 0.00858506 0.00841067 0.00840331 0.00843312 0.00926966 0.00954693 0.0104013 
0.0113526 0 0.0153896 0.032246 0.00928839 0.00979482 0.00982608 0.0338345 0.0387367 0.0266868 0.0169095 0.0125056 0.0103212 0.0103236 0.0090612 0.0257681 0.00948079 0.0114935 0.00906384 0.00912184 0.0100938 0.00862961 0.0160936 0.00880172 0.0107659 0.0108208 0.00929054 0.0104515 0.0108053 0.0143807 0.0235121 0.0085257 0.00895494 0.00815543 0.00891678 0.00860235 0.00942765 0.00891908 0.00991135 0.00851332 0.0111315 0.0109231 0.00948068 0.00882559 0.0088021 0.00802056 0.0083697 0.00822527 0.00922984 0.00810089 0.00855281 0.00844028 0.0150117 0.00820748 0.00845579 0.0086009 0.00862872 0.00841931 0.00828116 0.00836424 0.00842321 0.0082189 0.00832292 0.00877139 0.0084224 0.00831566 0.00814224 0.00818271 0.00828575 0.00823856 0.00827681 0.00837779 0.00836103 0.00848068 0.00829269 0.00829268 0.0082515 0.00834217 0.00841041 0.0084126 0.00846308 0.00839028 0.00843262 0.00831886 0.00835408 0.00835324 0.00834983 0.00839505 0.00847518 0.00841738 0.00841707 0.00858033 0.0084502 0.00938963 0.0099376 0.0101355 
0.00538783 0.0153896 0 0.00366292 0.00359719 0.00540023 0.00957087 0.786488 0.0277947 0.0084334 0.0151103 0.0147349 0.015242 0.00922992 0.016878 0.0160721 0.0268466 0.0115061 0.0152938 0.0129285 0.0112432 0.015932 0.00923944 0.0177818 0.0162836 0.0120066 0.0199178 0.0198595 0.0191074 0.0258821 0.0136466 0.0141568 0.00934712 0.0102965 0.00902477 0.0122808 0.014568 0.0170191 0.0106334 0.0128054 0.0169591 0.0114378 0.0124061 0.010421 0.00874835 0.00849811 0.00832478 0.0117362 0.00882334 0.00879655 0.00865667 0.0089518 0.00969478 0.00991264 0.0092446 0.00979773 0.00900829 0.00870333 0.00881486 0.00904873 0.00913079 0.00898267 0.00894989 0.00852533 0.00855079 0.00890083 0.00875547 0.00869843 0.00848817 0.00836736 0.00841882 0.00873867 0.00879119 0.00871201 0.00851454 0.00852492 0.00863859 0.00831604 0.00842325 0.00855508 0.00854612 0.00842895 0.00846642 0.00845601 0.00847608 0.00851114 0.00854292 0.00861337 0.00849621 0.00874905 0.00867184 0.00870167 0.00866923 0.00920993 0.0100906 0.0103769 
0.016061 0.032246 0.00366292 0 0.0037555 0.00498578 0.903813 0.00973342 0.00684288 0.00578917 0.00974304 0.0103586 0.0157358 0.0155553 0.0130809 0.017959 0.00924739 0.0536824 0.0105303 0.0106764 0.0207536 0.00918044 0.0438138 0.00916769 0.0106521 0.0209547 0.012238 0.0231757 0.0462608 0.0198693 0.0134259 0.00966405 0.00979398 0.00849247 0.00929902 0.0121671 0.0093209 0.00935426 0.024067 0.0134552 0.0121431 0.011766 0.0115568 0.00839808 0.00853405 0.00845601 0.00932544 0.00841228 0.00848954 0.00808927 0.00840561 0.00814448 0.00904238 0.00902088 0.0101902 0.00875542 0.00836837 0.0088288 0.00896348 0.00872442 0.00915052 0.0092185 0.00863241 0.00817725 0.00887136 0.00864467 0.0086633 0.00869926 0.00843613 0.0082994 0.00857764 0.00872921 0.00880625 0.00870335 0.0086278 0.00831979 0.00817901 0.00820389 0.00845584 0.00872352 0.00862229 0.00851947 0.00880628 0.00864108 0.00860375 0.0086006 0.00857529 0.0087991 0.00881467 0.00859775 0.00869497 0.00899047 0.008799 0.0091076 0.00933449 0.00904718 
0.0253494 0.00928839 0.00359719 0.0037555 0 0.965754 0.00794359 0.00397232 0.00410294 0.0060109 0.00946522 0.0130573 0.0104808 0.00914144 0.0132123 0.0148375 0.0149687 0.0102627 0.0132718 0.0151553 0.0120052 0.012259 0.00919162 0.013845 0.015481 0.0112684 0.0138555 0.0171276 0.0232426 0.0549935 0.018443 0.00921193 0.00873626 0.00859213 0.00892968 0.00965411 0.0115618 0.0160458 0.00952851 0.0110076 0.0188209 0.0128208 0.0112072 0.00947037 0.00997591 0.00837448 0.00836481 0.00867733 0.00896449 0.00832835 0.00904013 0.00958635 0.00966729 0.00949387 0.00948651 0.0142973 0.00938717 0.00870129 0.00884465 0.00849916 0.00863221 0.00854469 0.00918106 0.00853204 0.0083884 0.00865273 0.00836684 0.00827981 0.00841204 0.00833661 0.00827486 0.00841123 0.00844168 0.00858368 0.008382 0.00823792 0.00826751 0.00822278 0.00835734 0.00846093 0.00826155 0.00864291 0.00838982 0.00833605 0.0083319 0.00833263 0.00834537 0.00847345 0.00846834 0.00835345 0.00842458 0.00862986 0.00845164 0.00900904 0.00943122 0.00953982 
0.00768103 0.00979482 0.00540023 0.00498578 0.965754 0 0.00361629 0.00372848 0.0037681 0.004417 0.0138048 0.00908533 0.0112621 0.00922066 0.0305579 0.0640496 0.0129734 0.0103751 0.0119893 0.011936 0.0107039 0.0133828 0.0120307 0.0200884 0.0159524 0.0108015 0.0172834 0.0165804 0.030719 0.037837 0.0139444 0.011009 0.00933926 0.00917973 0.0087666 0.0113561 0.0153863 0.0152016 0.0100617 0.0118778 0.0280443 0.0116264 0.0170853 0.0124529 0.00860791 0.00833962 0.00852992 0.0131292 0.0105098 0.0089367 0.00877479 0.0088749 0.00936509 0.00936566 0.00941523 0.0116306 0.00866053 0.00853377 0.00851465 0.00876067 0.00887148 0.00876236 0.00952335 0.00834432 0.00832148 0.00872597 0.00842402 0.00857466 0.00913277 0.00824605 0.0084634 0.00857666 0.00853863 0.00846925 0.00835457 0.00885284 0.00865675 0.00844199 0.00832223 0.00842576 0.00923447 0.00837472 0.00837763 0.00832726 0.0085164 0.00840112 0.00838488 0.00851346 0.00838696 0.00895079 0.00838417 0.00849912 0.00848296 0.0096162 0.00966218 0.0104669 
0.00783317 0.00982608 0.00957087 0.903813 0.00794359 0.00361629 0 0.00366725 0.00359859 0.00361934 0.00635819 0.0131527 0.00926438 0.0234803 0.0103367 0.0378561 0.00834204 0.0198294 0.0117026 0.0104787 0.0212589 0.00888748 0.0240266 0.00886524 0.00946884 0.0296146 0.0130119 0.0592732 0.0207036 0.0134566 0.0148664 0.00907808 0.0168798 0.00859235 0.0124113 0.00960707 0.0109358 0.00969679 0.0357337 0.0103681 0.0113752 0.0094891 0.0106246 0.00839131 0.00860359 0.00846632 0.0112248 0.00842357 0.00835826 0.00800033 0.00808018 0.00821627 0.009125 0.00933579 0.0101479 0.00856855 0.00898028 0.00910624 0.00923724 0.00908242 0.00963959 0.00910787 0.00834012 0.00835263 0.00891297 0.00871456 0.00874308 0.00851525 0.00829389 0.00828512 0.00845613 0.00861768 0.0087983 0.00865393 0.00840278 0.00829326 0.00814855 0.00819525 0.00838826 0.00845332 0.00837218 0.00838775 0.00845325 0.00848109 0.00856976 0.00847538 0.00854824 0.00860773 0.00851773 0.00841138 0.00843322 0.00892336 0.00854913 0.0087083 0.00893612 0.00863943 
0.00979982 0.0338345 0.786488 0.00973342 0.00397232 0.00372848 0.00366725 0 0.00353101 0.0036088 0.0121079 0.0154134 0.0275876 0.0108797 0.093561 0.0079496 0.0232924 0.0106738 0.0125203 0.0195004 0.00993857 0.0364268 0.00864889 0.0123418 0.0124835 0.0106305 0.0463175 0.0174092 0.0429222 0.0199749 0.00954052 0.045683 0.00882502 0.0135152 0.0093042 0.0228304 0.00960438 0.022385 0.0102686 0.0261916 0.00934471 0.0105012 0.00948333 0.00887833 0.00883303 0.0112474 0.00827084 0.00974817 0.00821203 0.00831735 0.00824758 0.00828407 0.00924632 0.0114917 0.0096096 0.00838613 0.00882629 0.00897461 0.00995688 0.00939961 0.00918433 0.00913136 0.00834267 0.00841108 0.00860563 0.00970386 0.0087837 0.00866243 0.00820448 0.00833315 0.00844315 0.00881737 0.00899091 0.0088093 0.00840966 0.00809992 0.0080936 0.00814197 0.00830854 0.0085254 0.00829934 0.00850562 0.00849486 0.00857255 0.00854436 0.00852217 0.00864435 0.00869789 0.00853477 0.00842288 0.00864002 0.0087589 0.00864643 0.00852188 0.00874049 0.00972345 
0.0104622 0.0387367 0.0277947 0.00684288 0.00410294 0.0037681 0.00359859 0.00353101 0 0.00511943 0.0044904 0.0176557 0.00882307 0.0353774 0.00740303 0.0221099 0.00846183 0.0123665 0.0109165 0.00932451 0.0146937 0.0085196 0.0217374 0.00837958 0.0112924 0.0150729 0.0102021 0.0252232 0.0109561 0.0174874 0.0364119 0.00851908 0.0183172 0.00844298 0.0132135 0.00852477 0.0162102 0.0108705 0.0152871 0.00868805 0.0140251 0.00956593 0.00993403 0.00848887 0.0111494 0.00823041 0.00954145 0.0081478 0.00880488 0.00810338 0.00833391 0.00856172 0.0117911 0.0086892 0.00910955 0.00891787 0.00885493 0.00844691 0.00886891 0.0085673 0.00912325 0.0086721 0.00889059 0.00839526 0.00905602 0.00850582 0.00872157 0.00831021 0.0091062 0.00836413 0.00840011 0.00855628 0.00863178 0.00866862 0.00836566 0.00847876 0.00827372 0.00835915 0.00851839 0.00833436 0.00848896 0.00842957 0.00860897 0.00842895 0.00848045 0.00845309 0.0084587 0.0086336 0.00861213 0.00844967 0.00845901 0.00861494 0.00842753 0.00978499 0.0101783 0.00963334 
0.0382461 0.0266868 0.0084334 0.00578917 0.0060109 0.004417 0.00361934 0.0036088 0.00511943 0 0.0890501 0.00696374 0.0153172 0.00932799 0.00800485 0.0133597 0.00995707 0.00917074 0.00924193 0.0096596 0.00888696 0.0100312 0.0102877 0.0170474 0.0123332 0.0101027 0.00988252 0.0102541 0.0175376 0.024014 0.0182974 0.00976488 0.00873719 0.00861256 0.00857224 0.00919086 0.0126064 0.0133618 0.00885164 0.00940304 0.0253224 0.012381 0.0135199 0.0120542 0.0098667 0.00815129 0.00818102 0.0097021 0.0125922 0.00915957 0.011008 0.010075 0.0100107 0.00842896 0.00868319 0.0103284 0.00937283 0.00820584 0.00832969 0.00827583 0.00827449 0.0081671 0.00924325 0.00972651 0.00855757 0.0081811 0.00809779 0.0080902 0.00841975 0.00830022 0.00816524 0.00828148 0.00824002 0.00836476 0.00814062 0.00840927 0.00881181 0.00873265 0.00850376 0.00829063 0.00846024 0.00879421 0.00830404 0.00833198 0.00831367 0.00828798 0.00830072 0.0083338 0.008309 0.00857766 0.00873069 0.00837573 0.00837782 0.00944638 0.0106148 0.0123169 
0.0245304 0.0169095 0.0151103 0.00974304 0.00946522 0.0138048 0.00635819 0.0121079 0.0044904 0.0890501 0 0.0620922 0.00657371 0.00362433 0.00407206 0.00528177 0.0099772 0.00770707 0.00752572 0.0079985 0.0123743 0.0104782 0.00937841 0.0126179 0.0119818 0.00893737 0.00908657 0.00929903 0.0116905 0.0195316 0.0149518 0.0109686 0.00851285 0.0087851 0.00838021 0.0103589 0.0101795 0.0127479 0.00880788 0.00931325 0.015976 0.0142358 0.0131966 0.0241953 0.0106767 0.00837666 0.00807806 0.0105329 0.013536 0.0122685 0.0120745 0.0101162 0.00890584 0.00837188 0.00850118 0.00969215 0.0090598 0.00809147 0.00809252 0.00812611 0.0081883 0.00818937 0.00849694 0.00867218 0.00803599 0.00810234 0.00801568 0.00815278 0.00842971 0.00843816 0.00810715 0.00813541 0.00814857 0.00817886 0.00813958 0.00848809 0.00870099 0.00875044 0.00854271 0.00837069 0.00853949 0.0092133 0.00833365 0.00835537 0.00829979 0.00828998 0.00829382 0.00836289 0.00836361 0.00903275 0.00913333 0.00845291 0.0085788 0.00943045 0.0102101 0.0141284 
0.0112088 0.0125056 0.0147349 0.0103586 0.0130573 0.00908533 0.0131527 0.0154134 0.0176557 0.00696374 0.0620922 0 0.00356779 0.00356974 0.00360726 0.00385688 0.00605836 0.00625006 0.0106873 0.275743 0.0332846 0.0124524 0.00797852 0.0125667 0.00880758 0.0104363 0.0108819 0.0138159 0.0133032 0.0230293 0.0187071 0.00994147 0.010085 0.00882752 0.0120248 0.00978121 0.0212671 0.0122339 0.0113344 0.00991012 0.0192179 0.011353 0.0137387 0.0100153 0.00860841 0.00833311 0.00853051 0.0112007 0.0115871 0.008552 0.00871113 0.00845722 0.00966622 0.00888081 0.00900365 0.00985542 0.00849061 0.00851069 0.00859763 0.00876964 0.0088216 0.00870469 0.00869728 0.00833571 0.00835505 0.0086221 0.00854196 0.00848933 0.00844676 0.00814401 0.00828948 0.00850015 0.00848061 0.00846553 0.00834128 0.00849742 0.00822451 0.00817413 0.00838675 0.00830569 0.00849037 0.00835428 0.00838517 0.0083534 0.00844304 0.00838338 0.00842991 0.00854192 0.00832424 0.00841917 0.00838388 0.00844491 0.00836524 0.00874114 0.00884596 0.00914265 
0.0100856 0.0103212 0.015242 0.0157358 0.0104808 0.0112621 0.00926438 0.0275876 0.00882307 0.0153172 0.00657371 0.00356779 0 0.00355624 0.00361917 0.0036628 0.00643697 0.00778235 0.646601 0.0399909 0.0167171 0.00880846 0.0117711 0.00753552 0.00887781 0.00920057 0.0163521 0.0134637 0.0267198 0.0117777 0.0103366 0.018871 0.0093746 0.0254693 0.00919297 0.0193715 0.00942632 0.0129665 0.0131262 0.0224029 0.0104428 0.0100853 0.01005 0.00876251 0.0083638 0.00890503 0.00891986 0.0115359 0.00858563 0.00816144 0.00808618 0.00805694 0.00867623 0.00994428 0.0102337 0.00882612 0.00847806 0.00875853 0.00884444 0.0091327 0.0090219 0.00932816 0.00857123 0.00820797 0.00845414 0.00881212 0.00860063 0.00860236 0.00828523 0.00821414 0.00842191 0.00865328 0.00871186 0.00864712 0.00850923 0.00830547 0.00816878 0.00815783 0.00836435 0.00841843 0.0093996 0.00834069 0.00844111 0.00849361 0.00847822 0.00845775 0.00849541 0.00858284 0.00851508 0.00859409 0.00838051 0.00852406 0.00851191 0.00854962 0.00871754 0.00855306 
0.00841228 0.0103236 0.00922992 0.0155553 0.00914144 0.00922066 0.0234803 0.0108797 0.0353774 0.00932799 0.00362433 0.00356974 0.00355624 0 0.00353299 0.00360868 0.00435998 0.755795 0.0295073 0.0177092 0.00953124 0.00893965 0.0104282 0.00645435 0.00724525 0.0117236 0.0118529 0.0393805 0.014926 0.0136295 0.0145096 0.00871651 0.100634 0.00863496 0.0270145 0.00902135 0.0132468 0.0111234 0.0550216 0.0102892 0.0111431 0.00940353 0.0100259 0.00849935 0.00860175 0.0086246 0.0118305 0.00849754 0.00841574 0.00807332 0.00810866 0.00825442 0.0105516 0.0105302 0.0108962 0.00880851 0.00878691 0.00908378 0.0101599 0.00995483 0.0105059 0.00936215 0.00843859 0.00833266 0.00898128 0.00900357 0.00898063 0.00858461 0.00843884 0.00829793 0.00864746 0.00894437 0.0102838 0.00909193 0.00849767 0.00835157 0.00816222 0.00820735 0.00839556 0.00844325 0.00852453 0.00836342 0.00844935 0.00852517 0.00860945 0.00853679 0.00859925 0.00883158 0.00856493 0.00836056 0.0084887 0.00865866 0.00855405 0.00872533 0.0085837 0.00866299 
0.0104324 0.0090612 0.016878 0.0130809 0.0132123 0.0305579 0.0103367 0.093561 0.00740303 0.00800485 0.00407206 0.00360726 0.00361917 0.00353299 0 0.00354581 0.720282 0.014345 0.0128779 0.0129426 0.0066161 0.0112047 0.00628357 0.00807089 0.00833571 0.00828032 0.0301081 0.0112547 0.0248478 0.0156542 0.00929029 0.12685 0.00864332 0.0173618 0.0089277 0.0301489 0.00936352 0.022376 0.00954994 0.0244991 0.00925525 0.0106476 0.00992409 0.00921789 0.00897036 0.0126368 0.00838254 0.0105148 0.0083144 0.00838789 0.00823358 0.00833656 0.0103346 0.0115238 0.0101163 0.00853416 0.00901844 0.00990809 0.00903221 0.00974279 0.009068 0.00939725 0.00832544 0.00853604 0.00876464 0.00912953 0.00885769 0.00869259 0.00822396 0.00834003 0.00840076 0.00885105 0.00895556 0.00864177 0.00835982 0.00815447 0.00803154 0.00812504 0.00824781 0.0084899 0.00823238 0.0085097 0.00843459 0.00856236 0.00848891 0.00846479 0.00866152 0.00868559 0.00856128 0.00845424 0.00852 0.00869579 0.00870332 0.00852356 0.00863153 0.00926425 
0.0176818 0.0257681 0.0160721 0.017959 0.0148375 0.0640496 0.0378561 0.0079496 0.0221099 0.0133597 0.00528177 0.00385688 0.0036628 0.00360868 0.00354581 0 0.0114918 0.0110359 0.0132977 0.00619144 0.00654026 0.00576954 0.0153233 0.00621945 0.00901605 0.0133573 0.00865346 0.0130705 0.00960016 0.0289166 0.151413 0.00889737 0.0156632 0.00851259 0.012413 0.00869021 0.0184547 0.0113683 0.0119929 0.00863836 0.0241387 0.0148523 0.01298 0.0105822 0.0193695 0.00858559 0.0100364 0.008433 0.0129364 0.00900197 0.00992613 0.011657 0.0115899 0.00891662 0.0091955 0.00984202 0.00936556 0.00852835 0.00838489 0.00829377 0.00861495 0.00828383 0.00960763 0.00866571 0.00857214 0.00831988 0.00842947 0.008206 0.00900274 0.0085212 0.00830723 0.00841392 0.00844644 0.00845766 0.00821226 0.00835372 0.00848372 0.00855537 0.00883177 0.0082918 0.00855536 0.00894605 0.00862742 0.00838247 0.0084676 0.00841042 0.00840026 0.00874692 0.00848363 0.00845238 0.00889704 0.00863534 0.00848446 0.00985537 0.0104719 0.0108052 
0.0100254 0.00948079 0.0268466 0.00924739 0.0149687 0.0129734 0.00834204 0.0232924 0.00846183 0.00995707 0.0099772 0.00605836 0.00643697 0.00435998 0.720282 0.0114918 0 0.0035438 0.00352742 0.0035748 0.00359567 0.00406123 0.00365851 0.00549952 0.00647005 0.00636453 0.00738843 0.00775531 0.00952784 0.0226198 0.0111836 0.0150198 0.00863658 0.0096084 0.00846738 0.0118502 0.0112172 0.0160455 0.00886282 0.0112059 0.0211681 0.0109814 0.0118701 0.0112149 0.00852479 0.00852875 0.00828903 0.0132019 0.00936831 0.00909585 0.00852286 0.0085179 0.00859093 0.00862984 0.00883589 0.00946605 0.00840721 0.00824796 0.00832514 0.00848754 0.00832102 0.00865304 0.00851981 0.00805989 0.00819804 0.00853838 0.00820907 0.00849435 0.00839275 0.00806015 0.00811998 0.00835914 0.00838839 0.00827683 0.00817511 0.00827095 0.00826592 0.0081343 0.00812358 0.00811792 0.00847238 0.00815699 0.00820488 0.0082206 0.00825434 0.00815805 0.00816081 0.00824228 0.00820213 0.00840303 0.00831161 0.00833112 0.00829056 0.00857814 0.00871409 0.00937695 
0.00965644 0.0114935 0.0115061 0.0536824 0.0102627 0.0103751 0.0198294 0.0106738 0.0123665 0.00917074 0.00770707 0.00625006 0.00778235 0.755795 0.014345 0.0110359 0.0035438 0 0.00353554 0.00360805 0.00356043 0.00355412 0.00420286 0.00358743 0.00495493 0.0088405 0.00701338 0.0123322 0.020566 0.219571 0.028777 0.00961624 0.0122192 0.00864775 0.0105346 0.0123176 0.0104839 0.0120263 0.0338986 0.014087 0.0113828 0.0130975 0.0116277 0.00907518 0.00905185 0.00872007 0.0107028 0.00888745 0.00870375 0.00815211 0.00830808 0.00808885 0.00973148 0.0108082 0.0115753 0.00886774 0.00882947 0.00957415 0.00911053 0.00925104 0.00986433 0.00942029 0.00883335 0.00832253 0.00890743 0.00895633 0.00913754 0.00881925 0.00836169 0.0082218 0.00855692 0.00870125 0.00899866 0.00864949 0.00849973 0.00834722 0.0080842 0.00807581 0.00845271 0.008418 0.00828612 0.00827499 0.00840933 0.00847367 0.00869049 0.00845548 0.00858323 0.00857725 0.00856632 0.00837809 0.00837171 0.00851505 0.00846368 0.00852076 0.00860649 0.00840757 
0.00885797 0.00906384 0.0152938 0.0105303 0.0132718 0.0119893 0.0117026 0.0125203 0.0109165 0.00924193 0.00752572 0.0106873 0.646601 0.0295073 0.0128779 0.0132977 0.00352742 0.00353554 0 0.00360516 0.00354506 0.0035641 0.00360304 0.00357939 0.00468333 0.00524678 0.00808776 0.0174937 0.275389 0.133492 0.0120126 0.00996794 0.0122601 0.00952573 0.0140391 0.0106495 0.0119035 0.0172801 0.0242454 0.0144696 0.010609 0.00968729 0.0096682 0.00868858 0.00862367 0.00966475 0.00902326 0.00880269 0.00849928 0.00797934 0.00817904 0.00827028 0.0107675 0.0128583 0.010835 0.0092163 0.00940474 0.00928309 0.0113675 0.0113066 0.0116588 0.00985402 0.00865881 0.00835251 0.00915535 0.00940006 0.00917334 0.00860288 0.00855036 0.00818231 0.0085821 0.00881057 0.00926539 0.00893155 0.0084624 0.0082616 0.00810703 0.00813108 0.00836366 0.00840353 0.00830165 0.0083754 0.00841294 0.00849165 0.00861044 0.00848662 0.00852601 0.00866758 0.00846519 0.00831906 0.00834016 0.0085001 0.00845563 0.00862767 0.00839987 0.00834673 
0.00889911 0.00912184 0.0129285 0.0106764 0.0151553 0.011936 0.0104787 0.0195004 0.00932451 0.0096596 0.0079985 0.275743 0.0399909 0.0177092 0.0129426 0.00619144 0.0035748 0.00360805 0.00360516 0 0.00354106 0.00355107 0.00355423 0.00476042 0.00426137 0.00578175 0.0210213 0.224199 0.183557 0.0215948 0.0089883 0.0146915 0.0105814 0.0150546 0.00964116 0.015027 0.0120408 0.0189595 0.017248 0.0212001 0.0106985 0.0097706 0.0102296 0.00860663 0.00882696 0.0101066 0.00899877 0.00943145 0.00851657 0.00804004 0.00820578 0.00819762 0.0115868 0.0151934 0.0125033 0.00906666 0.00912865 0.0102041 0.0114884 0.0128002 0.0113994 0.0107838 0.00866943 0.00849146 0.00919899 0.0106624 0.00957761 0.00938521 0.00843758 0.00830027 0.00861421 0.00996053 0.00916734 0.00919732 0.00852435 0.00830527 0.00797176 0.00814673 0.00831976 0.0083695 0.00829335 0.00848452 0.00850255 0.00849249 0.00873627 0.0084716 0.00874029 0.00869503 0.00880494 0.00841196 0.00847322 0.00875563 0.00856957 0.00848839 0.00844437 0.00839878 
0.00941258 0.0100938 0.0112432 0.0207536 0.0120052 0.0107039 0.0212589 0.00993857 0.0146937 0.00888696 0.0123743 0.0332846 0.0167171 0.00953124 0.0066161 0.00654026 0.00359567 0.00356043 0.00354506 0.00354106 0 0.00354614 0.00357245 0.00352605 0.00397552 0.010477 0.0405389 0.31432 0.0190084 0.00842162 0.01363 0.00935403 0.0204707 0.00887533 0.0153561 0.0105587 0.0132875 0.0136493 0.0404929 0.0129674 0.0124153 0.0119425 0.0109887 0.00878504 0.00921118 0.00883286 0.0137175 0.00866163 0.00866113 0.00811673 0.00836175 0.00839794 0.0128383 0.01402 0.0169094 0.00908918 0.00933081 0.0105822 0.0185459 0.0120117 0.0166457 0.010129 0.00899273 0.00839294 0.00948353 0.0100202 0.0110026 0.00886911 0.0084863 0.0083088 0.00903896 0.00937508 0.00966058 0.00919896 0.00867148 0.00830709 0.00812242 0.00817317 0.00836453 0.00842291 0.00828673 0.00829567 0.00848035 0.00855947 0.0088852 0.00854899 0.00866366 0.00886145 0.00849052 0.00830497 0.00841244 0.00862615 0.0084714 0.00851698 0.00843234 0.00834416 
0.00907938 0.00862961 0.015932 0.00918044 0.012259 0.0133828 0.00888748 0.0364268 0.0085196 0.0100312 0.0104782 0.0124524 0.00880846 0.00893965 0.0112047 0.00576954 0.00406123 0.00355412 0.0035641 0.00355107 0.00354614 0 0.00352054 0.00358337 0.00469359 0.00489723 0.741416 0.0161404 0.00990405 0.00871713 0.00897957 0.0196988 0.00874762 0.0129444 0.00886098 0.0195365 0.0105209 0.027424 0.0101298 0.0224831 0.0103818 0.0100812 0.00978663 0.00892561 0.00872169 0.0102882 0.00848362 0.0102259 0.00843644 0.00820091 0.00821919 0.00816033 0.0102921 0.0146664 0.0111374 0.00911343 0.00896959 0.00961417 0.010282 0.0129366 0.0102859 0.0123436 0.00862803 0.00845783 0.00874955 0.0110632 0.00914668 0.00942323 0.00861859 0.00843089 0.0085559 0.00901857 0.0091485 0.00887096 0.00843125 0.00824073 0.00801694 0.00810775 0.00829084 0.00838301 0.00819558 0.00835344 0.00842985 0.00858819 0.00851051 0.0086036 0.00860841 0.00871358 0.00854407 0.00839814 0.0084118 0.00862066 0.00846335 0.00853707 0.00836567 0.00844768 
0.00956666 0.0160936 0.00923944 0.0438138 0.00919162 0.0120307 0.0240266 0.00864889 0.0217374 0.0102877 0.00937841 0.00797852 0.0117711 0.0104282 0.00628357 0.0153233 0.00365851 0.00420286 0.00360304 0.00355423 0.00357245 0.00352054 0 0.00378458 0.00367973 0.814013 0.00597012 0.00589361 0.00706471 0.00800135 0.0185621 0.00847686 0.0270876 0.00823914 0.0113533 0.0088494 0.0147142 0.00890562 0.0290258 0.00957548 0.0134639 0.0149586 0.0126668 0.00878666 0.00991162 0.00858812 0.0111195 0.00839599 0.00902935 0.00816282 0.0084464 0.00874429 0.00913139 0.00913133 0.0105326 0.00862126 0.0089973 0.00892838 0.00887633 0.00868975 0.00913676 0.00852949 0.00864555 0.00823228 0.00892631 0.00856536 0.00863445 0.00837396 0.00827132 0.00834268 0.00842028 0.00867646 0.0086111 0.00856227 0.00837534 0.00807897 0.00807647 0.00819463 0.00837506 0.00827539 0.00826494 0.00835793 0.00837456 0.00837418 0.00870751 0.00836596 0.00850748 0.00847242 0.0084234 0.00828309 0.00840366 0.00846478 0.00841904 0.00871596 0.00874954 0.00862654 
0.0128921 0.00880172 0.0177818 0.00916769 0.013845 0.0200884 0.00886524 0.0123418 0.00837958 0.0170474 0.0126179 0.0125667 0.00753552 0.00645435 0.00807089 0.00621945 0.00549952 0.00358743 0.00357939 0.00476042 0.00352605 0.00358337 0.00378458 0 0.967498 0.00400351 0.00408307 0.00389727 0.00539357 0.00634636 0.01087 0.0110584 0.00789524 0.00894618 0.00833932 0.012326 0.00957724 0.0168115 0.00838912 0.00972145 0.0111441 0.0127457 0.00924007 0.0112914 0.0118431 0.00898427 0.00836009 0.00995142 0.00950014 0.00861799 0.0086571 0.00960767 0.00911655 0.00845792 0.00851992 0.00899989 0.00867659 0.00827696 0.00831252 0.00845079 0.00836009 0.00834787 0.00832325 0.00870511 0.00819204 0.00827153 0.00822854 0.00832992 0.00818213 0.00825294 0.00811372 0.00829068 0.00841572 0.00834987 0.00815598 0.00812977 0.00819114 0.0082192 0.0081631 0.00816847 0.00815382 0.00866357 0.00823283 0.00828216 0.00828326 0.00818811 0.00831102 0.00830803 0.00823068 0.00834288 0.00845239 0.00839514 0.00831994 0.00843122 0.00868351 0.00934862 
0.00978891 0.0107659 0.0162836 0.0106521 0.015481 0.0159524 0.00946884 0.0124835 0.0112924 0.0123332 0.0119818 0.00880758 0.00887781 0.00724525 0.00833571 0.00901605 0.00647005 0.00495493 0.00468333 0.00426137 0.00397552 0.00469359 0.00367973 0.967498 0 0.00363561 0.00356815 0.00358039 0.00367042 0.00399108 0.0153981 0.0140953 0.00874001 0.00887234 0.0098575 0.015261 0.0261746 0.0153605 0.00950008 0.0108128 0.0161026 0.0142338 0.0135497 0.0129722 0.00935526 0.00893668 0.00881976 0.0146933 0.00981339 0.00932179 0.00897855 0.00897303 0.0095754 0.00948214 0.00962174 0.0117161 0.00854515 0.00865752 0.00870828 0.0087071 0.0086736 0.00922623 0.008897 0.00823037 0.00827484 0.00889288 0.00843115 0.00842747 0.00832831 0.00826808 0.0082452 0.00863458 0.00864754 0.00842459 0.00817787 0.00831327 0.00822897 0.00810125 0.00825159 0.00824523 0.00828507 0.00818744 0.00818703 0.00824419 0.00824426 0.00845127 0.00818593 0.00859128 0.00821452 0.0083593 0.00826591 0.00828811 0.00823902 0.00856544 0.00859712 0.00891682 
0.00982195 0.0108208 0.0120066 0.0209547 0.0112684 0.0108015 0.0296146 0.0106305 0.0150729 0.0101027 0.00893737 0.0104363 0.00920057 0.0117236 0.00828032 0.0133573 0.00636453 0.0088405 0.00524678 0.00578175 0.010477 0.00489723 0.814013 0.00400351 0.00363561 0 0.00355298 0.00358669 0.00361976 0.00383266 0.0181982 0.0104511 0.0148304 0.00942933 0.035838 0.0154708 0.011969 0.0109446 0.0329403 0.0119629 0.0131634 0.0132978 0.0137786 0.0103062 0.0092164 0.00894529 0.0126288 0.0095072 0.00888757 0.00819308 0.00844327 0.00828049 0.010761 0.0112561 0.0131301 0.0108931 0.00891654 0.00956046 0.0100647 0.0101229 0.0110436 0.010191 0.00912516 0.00822178 0.00906395 0.00928284 0.00912112 0.00858451 0.00833877 0.00819105 0.00849271 0.00867409 0.00894334 0.00875667 0.00839824 0.00821043 0.00811486 0.00807343 0.00830078 0.00830077 0.00820227 0.00824027 0.00836174 0.00843733 0.00846943 0.00840673 0.00844205 0.00854197 0.00840976 0.00826311 0.00834194 0.00852432 0.00839892 0.00852346 0.00859125 0.00846638 
0.00899332 0.00929054 0.0199178 0.012238 0.0138555 0.0172834 0.0130119 0.0463175 0.0102021 0.00988252 0.00908657 0.0108819 0.0163521 0.0118529 0.0301081 0.00865346 0.00738843 0.00701338 0.00808776 0.0210213 0.0405389 0.741416 0.00597012 0.00408307 0.00356815 0.00355298 0 0.00356147 0.00359149 0.00366631 0.0111418 0.0274653 0.0194661 0.0314 0.0157481 0.0190618 0.0156537 0.0286006 0.0161848 0.0309201 0.0112386 0.0119297 0.0118422 0.00910644 0.00909633 0.0161737 0.0097295 0.0113957 0.00858898 0.00818609 0.00846255 0.00837283 0.0171892 0.0278633 0.0157467 0.0108513 0.00969622 0.01152 0.0150876 0.0224496 0.01448 0.0151839 0.00947824 0.00850122 0.00965916 0.0130106 0.0110376 0.0101224 0.0089313 0.00832416 0.00893933 0.00993908 0.0131971 0.00969017 0.00889299 0.00840073 0.00860212 0.00806449 0.00830528 0.00846359 0.00838749 0.00822598 0.008462 0.00860078 0.0086632 0.0086343 0.0087463 0.00894442 0.00869061 0.00840836 0.00836694 0.00876929 0.00860862 0.00869621 0.00849902 0.00832573 
0.00916241 0.0104515 0.0198595 0.0231757 0.0171276 0.0165804 0.0592732 0.0174092 0.0252232 0.0102541 0.00929903 0.0138159 0.0134637 0.0393805 0.0112547 0.0130705 0.00775531 0.0123322 0.0174937 0.224199 0.31432 0.0161404 0.00589361 0.00389727 0.00358039 0.00358669 0.00356147 0 0.003622 0.00360087 0.0208649 0.0197399 0.0881009 0.0161514 0.0208163 0.0149554 0.0228863 0.0226797 0.0547388 0.0226515 0.0160926 0.0153209 0.0147848 0.00947236 0.0122153 0.00992533 0.0165564 0.0104726 0.00912107 0.00827482 0.00874437 0.00866738 0.024114 0.0317199 0.026386 0.0117269 0.0106963 0.0132492 0.0255454 0.0191243 0.0294291 0.0169134 0.0105547 0.00927647 0.0123197 0.0154363 0.0156602 0.0101375 0.0101299 0.00850014 0.00974391 0.0116565 0.0135433 0.0109099 0.00933748 0.00881266 0.00823806 0.00814415 0.00858878 0.00859537 0.00863114 0.0084001 0.00865918 0.00892809 0.00917284 0.00896306 0.00913716 0.00987865 0.00896861 0.00860341 0.00855632 0.00917251 0.00889226 0.00928096 0.00879993 0.00855649 
0.0113035 0.0108053 0.0191074 0.0462608 0.0232426 0.030719 0.0207036 0.0429222 0.0109561 0.0175376 0.0116905 0.0133032 0.0267198 0.014926 0.0248478 0.00960016 0.00952784 0.020566 0.275389 0.183557 0.0190084 0.00990405 0.00706471 0.00539357 0.00367042 0.00361976 0.00359149 0.003622 0 0.00378265 0.0243138 0.0456343 0.0229046 0.0177413 0.013321 0.0419787 0.0132643 0.0178648 0.0326759 0.0716079 0.015295 0.0163688 0.0202524 0.0101885 0.00996549 0.0146297 0.0110117 0.0109706 0.00951194 0.00860737 0.00922875 0.00903385 0.0168997 0.0297789 0.03933 0.0112426 0.0109242 0.0131944 0.0141438 0.0158502 0.014817 0.0192258 0.0108322 0.00869888 0.00974755 0.0114027 0.0122219 0.0101851 0.00907137 0.00838729 0.00909589 0.0101846 0.0112644 0.0103642 0.00926051 0.0085047 0.00810696 0.00813233 0.0083164 0.00870775 0.008329 0.00830664 0.00877339 0.00878237 0.0087444 0.00883145 0.00889433 0.00926719 0.00901004 0.00855064 0.00855116 0.0091205 0.00904148 0.00879186 0.00886948 0.00866742 
0.0143161 0.0143807 0.0258821 0.0198693 0.0549935 0.037837 0.0134566 0.0199749 0.0174874 0.024014 0.0195316 0.0230293 0.0117777 0.0136295 0.0156542 0.0289166 0.0226198 0.219571 0.133492 0.0215948 0.00842162 0.00871713 0.00800135 0.00634636 0.00399108 0.00383266 0.00366631 0.00360087 0.00378265 0 0.0527411 0.0186444 0.0192691 0.0104928 0.00975219 0.0187949 0.0385914 0.0259938 0.0129182 0.0214176 0.0829275 0.0222356 0.0265466 0.0139424 0.0167307 0.00938406 0.0106276 0.0142364 0.0138539 0.009934 0.0128706 0.0121167 0.0305787 0.0152591 0.0274201 0.0294728 0.0228774 0.0105333 0.0136469 0.0140028 0.0132097 0.0140275 0.0154686 0.0103907 0.00935578 0.0119386 0.0120685 0.0105939 0.010505 0.00863583 0.00899129 0.0102794 0.0107277 0.010524 0.00932184 0.00921348 0.00847554 0.00820718 0.00847038 0.00859779 0.00843656 0.00889781 0.00858037 0.00853722 0.00855199 0.00859112 0.00857673 0.00955129 0.00888142 0.00946067 0.00869648 0.00897647 0.00885587 0.00938649 0.0100036 0.00990049 
0.00960269 0.0235121 0.0136466 0.0134259 0.018443 0.0139444 0.0148664 0.00954052 0.0364119 0.0182974 0.0149518 0.0187071 0.0103366 0.0145096 0.00929029 0.151413 0.0111836 0.028777 0.0120126 0.0089883 0.01363 0.00897957 0.0185621 0.01087 0.0153981 0.0181982 0.0111418 0.0208649 0.0243138 0.0527411 0 0.00390025 0.00385689 0.00360049 0.00392166 0.00380356 0.0142107 0.00494777 0.00631266 0.0068346 0.0187664 0.0214528 0.0280035 0.0172442 0.0190337 0.00935131 0.0174396 0.015516 0.018203 0.011267 0.011 0.0127754 0.0135736 0.0104405 0.0112427 0.0169511 0.00939192 0.00902929 0.00904011 0.00885215 0.0103901 0.00982202 0.0130287 0.00932441 0.00976558 0.0088337 0.0089796 0.00866122 0.0126402 0.00827129 0.0084043 0.00864005 0.00886928 0.00866847 0.0083608 0.00860891 0.00866037 0.00849936 0.0083316 0.00835633 0.00874958 0.00825068 0.00838606 0.00826651 0.00844627 0.00833265 0.00831649 0.00846435 0.00840869 0.00849789 0.00844001 0.00850688 0.00840605 0.00975476 0.0103479 0.0101378 
0.00873585 0.0085257 0.0141568 0.00966405 0.00921193 0.011009 0.00907808 0.045683 0.00851908 0.00976488 0.0109686 0.00994147 0.018871 0.00871651 0.12685 0.00889737 0.0150198 0.00961624 0.00996794 0.0146915 0.00935403 0.0196988 0.00847686 0.0110584 0.0140953 0.0104511 0.0274653 0.0197399 0.0456343 0.0186444 0.00390025 0 0.0035196 0.00358459 0.00349774 0.00563826 0.00374452 0.00539279 0.00588879 0.0104699 0.00505828 0.0125261 0.00969479 0.0106425 0.0094374 0.0212153 0.00898647 0.0157296 0.00902189 0.0088638 0.00841915 0.00842893 0.00973317 0.0137193 0.0109394 0.00895944 0.00872221 0.00886742 0.00893825 0.00989433 0.00883057 0.0111804 0.00845312 0.00829926 0.00856683 0.00939522 0.00853193 0.00990314 0.00823116 0.00827728 0.00838562 0.00863986 0.00912403 0.00852946 0.00841252 0.0080973 0.00813086 0.00802891 0.00822609 0.00818202 0.00817003 0.00829369 0.00828833 0.00836163 0.00833652 0.00826537 0.00836942 0.00837935 0.00832025 0.00833822 0.00841541 0.00845616 0.00836804 0.0084083 0.00846199 0.0085438 
0.00828076 0.00895494 0.00934712 0.00979398 0.00873626 0.00933926 0.0168798 0.00882502 0.0183172 0.00873719 0.00851285 0.010085 0.0093746 0.100634 0.00864332 0.0156632 0.00863658 0.0122192 0.0122601 0.0105814 0.0204707 0.00874762 0.0270876 0.00789524 0.00874001 0.0148304 0.0194661 0.0881009 0.0229046 0.0192691 0.00385689 0.0035196 0 0.00349273 0.00365434 0.00357736 0.00383007 0.00390464 0.0201803 0.00520751 0.00515387 0.00840656 0.00908535 0.00809826 0.013032 0.00857926 0.016141 0.00860978 0.00898053 0.0081678 0.00824393 0.00856319 0.0108035 0.0109392 0.0107531 0.00863851 0.00869417 0.00899959 0.0102242 0.00957952 0.0131614 0.00917479 0.00853252 0.0083171 0.00922989 0.00901581 0.00930556 0.00853447 0.00831472 0.00806835 0.00841687 0.00865865 0.00889788 0.00867504 0.00837433 0.00814132 0.00793418 0.00806432 0.0081958 0.00822234 0.00827433 0.00810175 0.0083543 0.0084008 0.00842508 0.00835817 0.00838171 0.0084748 0.00832562 0.00821707 0.00833869 0.00848452 0.00833524 0.00869343 0.00853138 0.00827226 
0.0081947 0.00815543 0.0102965 0.00849247 0.00859213 0.00917973 0.00859235 0.0135152 0.00844298 0.00861256 0.0087851 0.00882752 0.0254693 0.00863496 0.0173618 0.00851259 0.0096084 0.00864775 0.00952573 0.0150546 0.00887533 0.0129444 0.00823914 0.00894618 0.00887234 0.00942933 0.0314 0.0161514 0.0177413 0.0104928 0.00360049 0.00358459 0.00349273 0 0.00351527 0.00353887 0.00359616 0.00413035 0.00413929 0.00427302 0.00393802 0.00808619 0.00778293 0.0085313 0.00888793 0.010486 0.0087056 0.0109019 0.00845206 0.00820983 0.00813164 0.00824036 0.00908312 0.0102003 0.00886809 0.00856469 0.00831835 0.00848406 0.00924581 0.0104654 0.0086656 0.0090865 0.00812662 0.00817407 0.00847477 0.00944336 0.00861498 0.00848539 0.00817581 0.00804876 0.00825115 0.00849227 0.00870103 0.00837624 0.00823348 0.00803283 0.00800013 0.00799411 0.00810957 0.00809483 0.00807954 0.00810712 0.00822915 0.00823625 0.00829335 0.00824093 0.00828281 0.00832622 0.00821619 0.00815522 0.0082436 0.00836077 0.00833747 0.00825879 0.00825258 0.00834466 
0.0082417 0.00891678 0.00902477 0.00929902 0.00892968 0.0087666 0.0124113 0.0093042 0.0132135 0.00857224 0.00838021 0.0120248 0.00919297 0.0270145 0.0089277 0.012413 0.00846738 0.0105346 0.0140391 0.00964116 0.0153561 0.00886098 0.0113533 0.00833932 0.0098575 0.035838 0.0157481 0.0208163 0.013321 0.00975219 0.00392166 0.00349774 0.00365434 0.00351527 0 0.00361512 0.00364372 0.00359281 0.00757015 0.00380254 0.00361166 0.00803159 0.00814206 0.00834622 0.0100036 0.00853377 0.0160086 0.00870917 0.008743 0.0081683 0.00826335 0.00841649 0.0101288 0.0105326 0.0100148 0.00887168 0.00857788 0.00911296 0.0115379 0.0106843 0.0115106 0.009482 0.00846054 0.00831045 0.0091208 0.00943532 0.00926594 0.00871556 0.00825238 0.00816745 0.00842442 0.00869045 0.00894338 0.00864554 0.00826144 0.00809127 0.00793546 0.00798579 0.00821745 0.00814797 0.00813835 0.00811537 0.00825105 0.00838677 0.00833124 0.00831088 0.00831846 0.00844801 0.00832124 0.0081789 0.00832652 0.00851319 0.00836131 0.00847006 0.00833191 0.00825666 
0.00867707 0.00860235 0.0122808 0.0121671 0.00965411 0.0113561 0.00960707 0.0228304 0.00852477 0.00919086 0.0103589 0.00978121 0.0193715 0.00902135 0.0301489 0.00869021 0.0118502 0.0123176 0.0106495 0.015027 0.0105587 0.0195365 0.0088494 0.012326 0.015261 0.0154708 0.0190618 0.0149554 0.0419787 0.0187949 0.00380356 0.00563826 0.00357736 0.00353887 0.00361512 0 0.00360219 0.00370631 0.00373575 0.00362659 0.00362111 0.0101084 0.0107182 0.00975899 0.00936881 0.0241544 0.00873194 0.0114109 0.00916213 0.00855669 0.00878366 0.00868069 0.010376 0.0236875 0.0137468 0.00950214 0.00891641 0.0100513 0.00974313 0.010881 0.00967041 0.0110748 0.00871791 0.008406 0.00872035 0.00971519 0.00879585 0.00887038 0.00823894 0.00811966 0.00846763 0.00867286 0.00880262 0.00857881 0.00843747 0.00815198 0.00801757 0.00806968 0.00821075 0.00816075 0.00812372 0.00821947 0.00827227 0.00836847 0.00831846 0.00833118 0.00829973 0.00843348 0.0083257 0.008156 0.0083457 0.00838279 0.00836908 0.00840029 0.00837315 0.00841256 
