1EAOA
SMVEVLADHPGELVRTDSPNFLSSVLPTHWRSNKTLPIAFKVVALGDVPDGTLVTVMAGNDENYSAELRNATAAMKNQVARFNDLRFVGRSGRGKSFTLTITVFTNPPQVATYHRAIKITVDGP
CHHHHHHHCCCCCEECCCCCEEECCCCCEEECCCCCCCCCEEEECCCCCCCCEEEEEEEECCEEEECEECCEEEEECCEEECCCCEECCCCCCCCCEEEEEEECCCCCEEEECCCCEEEECCCC
0 0 0 0 0 0 0 0 0 0 0 0 0 0 0 0 0 0 0 0 0 0 0 0 0 0 0 0 0 0 0 0 0 0 0 0 0 0 0 0 0 0 0 0 0 0 0 0 0 0 0 0 0 0 0 0 0 0 0 0 0 0 0 0 0 0 0 0 0 0 0 0 0 0 0 0 0 0 0 0 0 0 0 0 0 0 0 0 0 0 0 0 0 0 0 0 0 0 0 0 0 0 0 0 0 0 0 0 0 0 0 0 0 0 0 0 0 0 0 0 0 0 0 0 
0 0 0 0 0 0 0 0 0 0 0 0 0 0 0 0 0 0 0 0 0 0 0 0 0 0 0 0 0 0 0 0 0 0 0 0 0 0 0 0 0 0 0 0 0 0 0 0 0 0 0 0 0 0 0 0 0 0 0 0 0 0 0 0 0 0 0 0 0 0 0 0 0 0 0 0 0 0 0 0 0 0 0 0 0 0 0 0 0 0 0 0 0 0 0 0 0 0 0 0 0 0 0 0 0 0 0 0 0 0 0 0 0 0 0 0 0 0 0 0 0 0 0 0 
0 0.00581795 0.00911826 0.0363583 0.570667 0.00883075 0.0126202 0.0172831 0.0137823 0.0168508 0.0149707 0.0281358 0.0138531 0.0135115 0.00942536 0.0103886 0.00886026 0.00937106 0.00995083 0.0160667 0.00958898 0.00911641 0.00903362 0.0121332 0.0110008 0.0143987 0.00983526 0.00918704 0.00855629 0.00965546 0.0104394 0.00938691 0.00982988 0.0112043 0.00993661 0.0169157 0.0109691 0.00853616 0.00913911 0.00874628 0.00919791 0.00949495 0.0114013 0.00851544 0.00820583 0.00859608 0.0102867 0.0107147 0.00847415 0.0094678 0.00992491 
0.00581795 0 0.0248654 0.582749 0.0078893 0.0152905 0.0100464 0.0199848 0.0219331 0.0142898 0.0170404 0.0174976 0.019497 0.00987835 0.0110122 0.00882112 0.00961812 0.00921237 0.010985 0.00978713 0.0130836 0.00911863 0.0104808 0.00865491 0.0116371 0.00977483 0.0171899 0.00898875 0.00905383 0.00887699 0.00885725 0.0146802 0.00944671 0.0101615 0.0154301 0.0101524 0.0109187 0.0110943 0.0085526 0.0103898 0.00875396 0.0104526 0.00875772 0.00982116 0.00882202 0.00858071 0.00968084 0.00996145 0.0105682 0.00844033 0.00939866 
0.00911826 0.0248654 0 0.00365497 0.00372801 0.00697413 0.00835134 0.0461186 0.0361974 0.023 0.0234729 0.120882 0.0179565 0.0147789 0.0110175 0.0138865 0.0101046 0.0124003 0.0101186 0.0169444 0.0100413 0.009356 0.00923573 0.0190044 0.0114086 0.0118471 0.0126499 0.0102582 0.00931613 0.0099945 0.0119566 0.0114177 0.0095308 0.0210193 0.0103174 0.0120719 0.0130872 0.00898047 0.0106721 0.00948485 0.0118117 0.0106906 0.0143727 0.00899661 0.00845778 0.00896961 0.0115493 0.011779 0.00885413 0.010173 0.0111913 
0.0363583 0.582749 0.00365497 0 0.00377605 0.0053836 0.0426542 0.0196191 0.0112335 0.0295682 0.161327 0.0166318 0.0111431 0.01513 0.0134987 0.00944978 0.0121125 0.010599 0.0396617 0.00978814 0.00899006 0.00947151 0.0154948 0.00888332 0.010356 0.0117575 0.00954037 0.0108305 0.0100995 0.0149114 0.00917795 0.00951829 0.0257117 0.0105262 0.0186965 0.0115366 0.00894456 0.0123475 0.00937834 0.0118087 0.0102942 0.0187159 0.00956534 0.00836058 0.00924611 0.0103055 0.00898155 0.00874417 0.0107821 0.010837 0.00897852 
0.570667 0.0078893 0.00372801 0.00377605 0 0.0152156 0.0062675 0.00733114 0.0257262 0.0147402 0.0151862 0.0557703 0.0313544 0.0125325 0.0101206 0.0119168 0.0102798 0.0129483 0.0099066 0.0185718 0.0147887 0.0092491 0.00887594 0.0161021 0.0143904 0.0109325 0.017594 0.0102747 0.00933166 0.00959656 0.0104178 0.023334 0.00931449 0.0131819 0.0155959 0.0120083 0.0200052 0.0105191 0.0103901 0.0117578 0.0120377 0.00988823 0.0146396 0.0110002 0.00882016 0.00904903 0.0114392 0.0145592 0.00944073 0.00921406 0.0106969 
0.00883075 0.0152905 0.00697413 0.0053836 0.0152156 0 0.0035445 0.00368623 0.0121726 0.0116336 0.0321147 0.0498972 0.0160149 0.00960141 0.0146324 0.00930692 0.0124256 0.00934742 0.0117366 0.0143025 0.00932674 0.00874619 0.0105278 0.0132208 0.00945978 0.0121834 0.0126003 0.00886022 0.010137 0.00897423 0.0121593 0.0098321 0.00916027 0.0218617 0.0099781 0.0122658 0.00960823 0.00963681 0.00881373 0.0103577 0.00919054 0.0118713 0.0109517 0.0085526 0.00841288 0.00849621 0.0124206 0.00916862 0.00889179 0.00865431 0.0119088 
0.0126202 0.0100464 0.00835134 0.0426542 0.0062675 0.0035445 0 0.00364087 0.00954539 0.0569212 0.0453673 0.0119417 0.00879455 0.032412 0.00841272 0.0140896 0.0161471 0.012941 0.0123319 0.00986526 0.00843804 0.0105325 0.00894506 0.0105453 0.0146378 0.0107991 0.00853561 0.0182009 0.00868177 0.0183108 0.00879696 0.00894685 0.0411951 0.00874255 0.00937349 0.0108737 0.0102358 0.00854049 0.0124986 0.00874525 0.0153117 0.010068 0.00955 0.00829148 0.00889688 0.00981257 0.0083972 0.00927967 0.00874702 0.0142496 0.00830573 
0.0172831 0.0199848 0.0461186 0.0196191 0.00733114 0.00368623 0.00364087 0 0.0674426 0.0236973 0.0115323 0.0205891 0.0317458 0.00907371 0.0120031 0.00857557 0.0131032 0.00912169 0.0115935 0.0108973 0.0160197 0.00897379 0.0101765 0.00927137 0.0102869 0.00955736 0.0310566 0.00872124 0.0103996 0.00868673 0.00995846 0.0253028 0.00870777 0.0144414 0.0142363 0.0096171 0.01143 0.0114577 0.00870762 0.0131883 0.00913462 0.010219 0.00921398 0.0104063 0.00870139 0.0084628 0.010927 0.00955256 0.0103485 0.008363 0.0103491 
0.0137823 0.0219331 0.0361974 0.0112335 0.0257262 0.0121726 0.00954539 0.0674426 0 0.00360779 0.00361227 0.00416474 0.0631854 0.0118511 0.0288963 0.0156518 0.0198198 0.012432 0.0112249 0.0245513 0.014011 0.00852451 0.0137358 0.0135891 0.0120864 0.0198578 0.0368695 0.0102606 0.0137258 0.0110159 0.0183199 0.0185143 0.0106696 0.114783 0.0195373 0.0186321 0.0149625 0.0156884 0.0102115 0.0185215 0.0130777 0.0175257 0.0147141 0.0118481 0.00921754 0.00926142 0.0206523 0.0136594 0.0140298 0.0106616 0.0191481 
0.0168508 0.0142898 0.023 0.0295682 0.0147402 0.0116336 0.0569212 0.0236973 0.00360779 0 0.00358441 0.00359307 0.0131683 0.103789 0.0174998 0.0685819 0.00999546 0.0223743 0.021798 0.00970699 0.00888835 0.0170096 0.00972145 0.0137013 0.0141267 0.0103631 0.0106687 0.0462755 0.0105355 0.0236817 0.00973797 0.0133575 0.0880121 0.0110603 0.0141951 0.016203 0.0260718 0.0117681 0.0435663 0.0162444 0.0610952 0.018949 0.0152442 0.0102543 0.0118911 0.0213205 0.0096464 0.0205054 0.0130019 0.0287686 0.00980185 
0.0149707 0.0170404 0.0234729 0.161327 0.0151862 0.0321147 0.0453673 0.0115323 0.00361227 0.00358441 0 0.00362617 0.0605448 0.0322424 0.0266354 0.012444 0.0156624 0.018657 0.0165706 0.0105471 0.0104278 0.0110594 0.0189089 0.00991751 0.0129046 0.0105641 0.0170264 0.0158334 0.0202423 0.0130055 0.0112541 0.0222444 0.0273465 0.0146373 0.0189181 0.0201051 0.01388 0.0270997 0.0172563 0.0399089 0.0294772 0.0400661 0.0138717 0.0105894 0.016042 0.0213726 0.0117721 0.0117746 0.025312 0.0223063 0.0106362 
0.0281358 0.0174976 0.120882 0.0166318 0.0557703 0.0498972 0.0119417 0.0205891 0.00416474 0.00359307 0.00362617 0 0.0498826 0.02384 0.0139526 0.0134044 0.0155957 0.0134564 0.0161579 0.0177824 0.0134474 0.0101787 0.00973962 0.0150316 0.0166295 0.0142576 0.0196336 0.0131435 0.0112823 0.014497 0.016264 0.0284919 0.0131605 0.0210349 0.0254297 0.016288 0.0266144 0.0130126 0.0147942 0.0164313 0.0193704 0.0172531 0.0237676 0.0177554 0.0105316 0.011771 0.021169 0.0230673 0.0142454 0.0118786 0.0133265 
0.0138531 0.019497 0.0179565 0.0111431 0.0313544 0.0160149 0.00879455 0.0317458 0.0631854 0.0131683 0.0605448 0.0498826 0 0.00418203 0.0037402 0.00354578 0.00385221 0.0036478 0.0058316 0.00927326 0.00672559 0.00654735 0.015116 0.00896122 0.0108031 0.0254866 0.0478306 0.00885702 0.0810327 0.0108128 0.0298172 0.0170397 0.0104407 0.0635637 0.0178508 0.0169544 0.0139552 0.018254 0.0100194 0.0230572 0.0119339 0.0288194 0.0168985 0.0135896 0.00966921 0.0100346 0.0264385 0.0132697 0.0152396 0.0114647 0.0286163 
0.0135115 0.00987835 0.0147789 0.01513 0.0125325 0.00960141 0.032412 0.00907371 0.0118511 0.103789 0.0322424 0.02384 0.00418203 0 0.00361956 0.00371031 0.00358538 0.00374037 0.00364284 0.00406794 0.00530566 0.00827589 0.00665174 0.0195204 0.0192816 0.0119215 0.00814715 0.212344 0.00845563 0.044211 0.00944385 0.0105396 0.0392293 0.0100666 0.0118828 0.0167607 0.0329147 0.00905981 0.0736538 0.00949972 0.0817225 0.0121844 0.0478303 0.00913784 0.0106475 0.0185081 0.00935007 0.0229142 0.00895244 0.0450942 0.00954549 
0.00942536 0.0110122 0.0110175 0.0134987 0.0101206 0.0146324 0.00841272 0.0120031 0.0288963 0.0174998 0.0266354 0.0139526 0.0037402 0.00361956 0 0.00357773 0.00379678 0.00354027 0.00362856 0.00356139 0.00519073 0.00538932 0.0138897 0.00630426 0.00776494 0.0101043 0.0634373 0.00825127 0.073383 0.00838626 0.0104625 0.018029 0.00925335 0.0155716 0.0123249 0.00921082 0.00903982 0.070228 0.00936819 0.200021 0.0101055 0.156755 0.00916699 0.0102438 0.014371 0.00966377 0.0121692 0.00908307 0.0670944 0.00906051 0.0131926 
0.0103886 0.00882112 0.0138865 0.00944978 0.0119168 0.00930692 0.0140896 0.00857557 0.0156518 0.0685819 0.012444 0.0134044 0.00354578 0.00371031 0.00357773 0 0.00353272 0.00355773 0.0035602 0.0035949 0.00513261 0.00678355 0.00493436 0.0576823 0.0216106 0.0155664 0.00756801 0.0355553 0.00810519 0.0301487 0.00853752 0.00922393 0.0152173 0.00883438 0.00911739 0.0111404 0.0270256 0.00875181 0.226634 0.00957787 0.323478 0.00985011 0.020362 0.00906455 0.00978563 0.0140672 0.00900847 0.025229 0.0088437 0.0440436 0.00909157 
0.00886026 0.00961812 0.0101046 0.0121125 0.0102798 0.0124256 0.0161471 0.0131032 0.0198198 0.00999546 0.0156624 0.0155957 0.00385221 0.00358538 0.00379678 0.00353272 0 0.0035264 0.00356321 0.00352756 0.00374232 0.00424703 0.0221705 0.0164106 0.0136085 0.00725786 0.017771 0.00763255 0.0247768 0.00913447 0.00903695 0.011027 0.00907092 0.0139954 0.010842 0.00936163 0.00882326 0.059022 0.00937561 0.31093 0.0105531 0.0456495 0.00923695 0.00929994 0.0110443 0.0103086 0.0131121 0.00881304 0.0324162 0.00929227 0.0114515 
0.00937106 0.00921237 0.0124003 0.010599 0.0129483 0.00934742 0.012941 0.00912169 0.012432 0.0223743 0.018657 0.0134564 0.0036478 0.00374037 0.00354027 0.00355773 0.0035264 0 0.00352225 0.00351877 0.00392772 0.0173574 0.0175947 0.318106 0.00650316 0.00666759 0.00711672 0.0246894 0.00870114 0.0103728 0.00785974 0.00892645 0.0129864 0.00932755 0.0100304 0.010379 0.0168806 0.00924996 0.139986 0.0112077 0.0633351 0.0116122 0.0151641 0.00882877 0.0104045 0.0166179 0.00923358 0.011554 0.0101259 0.0262834 0.00908909 
0.00995083 0.010985 0.0101186 0.0396617 0.0099066 0.0117366 0.0123319 0.0115935 0.0112249 0.021798 0.0165706 0.0161579 0.0058316 0.00364284 0.00362856 0.0035602 0.00356321 0.00352225 0 0.00364096 0.00908017 0.128524 0.0618045 0.00469982 0.00562419 0.00726481 0.0103668 0.00931039 0.00847613 0.00831807 0.00708045 0.0113926 0.017 0.0116428 0.0112861 0.0191613 0.00918846 0.0595325 0.00972422 0.0169483 0.0109416 0.0255298 0.0101881 0.00915362 0.0119629 0.0113155 0.0101559 0.00935726 0.0140732 0.0104606 0.00911765 
0.0160667 0.00978713 0.0169444 0.00978814 0.0185718 0.0143025 0.00986526 0.0108973 0.0245513 0.00970699 0.0105471 0.0177824 0.00927326 0.00406794 0.00356139 0.0035949 0.00352756 0.00351877 0.00364096 0 0.877777 0.00999526 0.00673433 0.00500704 0.00691772 0.00615454 0.0138863 0.0104495 0.00699057 0.00768549 0.00729154 0.0232572 0.00856215 0.0104474 0.0168176 0.0110959 0.0425667 0.00949608 0.0101169 0.00923764 0.0105411 0.00937545 0.0144918 0.0117179 0.00874914 0.00901167 0.0127774 0.0192977 0.00878655 0.00940999 0.0101251 
0.00958898 0.0130836 0.0100413 0.00899006 0.0147887 0.00932674 0.00843804 0.0160197 0.014011 0.00888835 0.0104278 0.0134474 0.00672559 0.00530566 0.00519073 0.00513261 0.00374232 0.00392772 0.00908017 0.877777 0 0.00370216 0.00415818 0.00802571 0.00402758 0.0100309 0.00838768 0.00562461 0.0110211 0.00985622 0.0322244 0.0105251 0.00803994 0.0370547 0.0102147 0.0124659 0.0108287 0.0109072 0.00898061 0.0122227 0.00923706 0.0130327 0.0125105 0.00954344 0.00893366 0.0089861 0.0178629 0.010598 0.0101684 0.00899934 0.0225828 
0.00911641 0.00911863 0.009356 0.00947151 0.0092491 0.00874619 0.0105325 0.00897379 0.00852451 0.0170096 0.0110594 0.0101787 0.00654735 0.00827589 0.00538932 0.00678355 0.00424703 0.0173574 0.128524 0.00999526 0.00370216 0 0.003703 0.00360643 0.00762245 0.00682864 0.00502024 0.0103383 0.0066416 0.0150584 0.00937173 0.00708666 0.0116399 0.00830292 0.00959957 0.0093743 0.0120464 0.00855521 0.0149842 0.00880025 0.0161484 0.00976946 0.00968008 0.00881163 0.00903271 0.0119232 0.0088055 0.0126717 0.00875657 0.0146381 0.00887115 
0.00903362 0.0104808 0.00923573 0.0154948 0.00887594 0.0105278 0.00894506 0.0101765 0.0137358 0.00972145 0.0189089 0.00973962 0.015116 0.00665174 0.0138897 0.00493436 0.0221705 0.0175947 0.0618045 0.00673433 0.00415818 0.003703 0 0.0035768 0.00364531 0.00433134 0.0140962 0.00507591 0.0117327 0.00701634 0.00712219 0.0111958 0.00738643 0.0109603 0.0102464 0.00955243 0.00889703 0.0285942 0.00855802 0.0263399 0.00877964 0.0248565 0.00876068 0.00915225 0.0100113 0.0094661 0.0101908 0.00896228 0.0234908 0.0088059 0.0101168 
0.0121332 0.00865491 0.0190044 0.00888332 0.0161021 0.0132208 0.0105453 0.00927137 0.0135891 0.0137013 0.00991751 0.0150316 0.00896122 0.0195204 0.00630426 0.0576823 0.0164106 0.318106 0.00469982 0.00500704 0.00802571 0.00360643 0.0035768 0 0.0165149 0.00497699 0.00412035 0.0157797 0.00571758 0.0135953 0.00536805 0.00983942 0.00774406 0.00748206 0.00968181 0.0120534 0.0403529 0.00841868 0.0315846 0.00906154 0.028353 0.00915707 0.0249161 0.0102983 0.0095159 0.0107264 0.00991881 0.0403355 0.00846888 0.0165887 0.00913906 
0.0110008 0.0116371 0.0114086 0.010356 0.0143904 0.00945978 0.0146378 0.0102869 0.0120864 0.0141267 0.0129046 0.0166295 0.0108031 0.0192816 0.00776494 0.0216106 0.0136085 0.00650316 0.00562419 0.00691772 0.00402758 0.00762245 0.00364531 0.0165149 0 0.00850218 0.00405437 0.0299782 0.00449335 0.00658184 0.0163889 0.00798676 0.0115916 0.00997638 0.00989902 0.111652 0.0228014 0.0099781 0.0168109 0.00938088 0.0147894 0.0102117 0.0275606 0.00989969 0.0116876 0.00998501 0.0125831 0.0234241 0.00939377 0.0152345 0.0132269 
0.0143987 0.00977483 0.0118471 0.0117575 0.0109325 0.0121834 0.0107991 0.00955736 0.0198578 0.0103631 0.0105641 0.0142576 0.0254866 0.0119215 0.0101043 0.0155664 0.00725786 0.00666759 0.00726481 0.00615454 0.0100309 0.00682864 0.00433134 0.00497699 0.00850218 0 0.0741997 0.00459778 0.00372205 0.00399533 0.00414778 0.0108978 0.00739861 0.00828273 0.0903814 0.0122763 0.0164134 0.0103289 0.00892339 0.0100759 0.00925588 0.0113897 0.0105052 0.0114985 0.00875254 0.00909815 0.0108959 0.0132589 0.00948818 0.00938622 0.0101118 
0.00983526 0.0171899 0.0126499 0.00954037 0.017594 0.0126003 0.00853561 0.0310566 0.0368695 0.0106687 0.0170264 0.0196336 0.0478306 0.00814715 0.0634373 0.00756801 0.017771 0.00711672 0.0103668 0.0138863 0.00838768 0.00502024 0.0140962 0.00412035 0.00405437 0.0741997 0 0.00365273 0.00368958 0.00360134 0.00540647 0.00597819 0.00491259 0.0508534 0.0189415 0.0289493 0.0112898 0.0255495 0.00861877 0.0310849 0.00964947 0.0368096 0.0125096 0.0152405 0.0105643 0.00975419 0.0467024 0.0116971 0.0226396 0.00993864 0.0372016 
0.00918704 0.00898875 0.0102582 0.0108305 0.0102747 0.00886022 0.0182009 0.00872124 0.0102606 0.0462755 0.0158334 0.0131435 0.00885702 0.212344 0.00825127 0.0355553 0.00763255 0.0246894 0.00931039 0.0104495 0.00562461 0.0103383 0.00507591 0.0157797 0.0299782 0.00459778 0.00365273 0 0.00356132 0.00359606 0.00353491 0.00380928 0.0222996 0.0117698 0.0141855 0.0132454 0.0224202 0.00872652 0.0791628 0.00917088 0.0637367 0.00999458 0.0211655 0.00926259 0.0107434 0.0203725 0.00928655 0.0272086 0.00899952 0.0565767 0.00945708 
0.00855629 0.00905383 0.00931613 0.0100995 0.00933166 0.010137 0.00868177 0.0103996 0.0137258 0.0105355 0.0202423 0.0112823 0.0810327 0.00845563 0.073383 0.00810519 0.0247768 0.00870114 0.00847613 0.00699057 0.0110211 0.0066416 0.0117327 0.00571758 0.00449335 0.00372205 0.00368958 0.00356132 0 0.00353307 0.00362 0.00406119 0.00565623 0.169358 0.00914903 0.00787013 0.00851313 0.0465658 0.00878233 0.0681658 0.00962035 0.0369386 0.00922378 0.00985915 0.0128908 0.00970102 0.0124779 0.00878802 0.044485 0.00908112 0.0117896 
0.00965546 0.00887699 0.0099945 0.0149114 0.00959656 0.00897423 0.0183108 0.00868673 0.0110159 0.0236817 0.0130055 0.014497 0.0108128 0.044211 0.00838626 0.0301487 0.00913447 0.0103728 0.00831807 0.00768549 0.00985622 0.0150584 0.00701634 0.0135953 0.00658184 0.00399533 0.00360134 0.00359606 0.00353307 0 0.00362933 0.00410713 0.758828 0.00436476 0.00967687 0.0124291 0.0275006 0.00948804 0.0278857 0.00919295 0.0238929 0.0100097 0.0143443 0.00960928 0.00973825 0.0143121 0.00902184 0.0232368 0.00941703 0.0225637 0.00902975 
0.0104394 0.00885725 0.0119566 0.00917795 0.0104178 0.0121593 0.00879696 0.00995846 0.0183199 0.00973797 0.0112541 0.016264 0.0298172 0.00944385 0.0104625 0.00853752 0.00903695 0.00785974 0.00708045 0.00729154 0.0322244 0.00937173 0.00712219 0.00536805 0.0163889 0.00414778 0.00540647 0.00353491 0.00362 0.00362933 0 0.897945 0.0064348 0.0040484 0.0123536 0.00799403 0.0148376 0.0129683 0.00866305 0.0125764 0.0098775 0.012109 0.0103926 0.0121112 0.00914866 0.00902308 0.0142805 0.0122803 0.0106197 0.00962042 0.0108652 
0.00938691 0.0146802 0.0114177 0.00951829 0.023334 0.0098321 0.00894685 0.0253028 0.0185143 0.0133575 0.0222444 0.0284919 0.0170397 0.0105396 0.018029 0.00922393 0.011027 0.00892645 0.0113926 0.0232572 0.0105251 0.00708666 0.0111958 0.00983942 0.00798676 0.0108978 0.00597819 0.00380928 0.00406119 0.00410713 0.897945 0 0.00361792 0.00390896 0.00586357 0.0361248 0.0236275 0.0130958 0.0109958 0.0172208 0.0132031 0.0374129 0.0250904 0.0129515 0.0105881 0.0114407 0.0461291 0.0174536 0.0142801 0.0135165 0.0362752 
0.00982988 0.00944671 0.0095308 0.0257117 0.00931449 0.00916027 0.0411951 0.00870777 0.0106696 0.0880121 0.0273465 0.0131605 0.0104407 0.0392293 0.00925335 0.0152173 0.00907092 0.0129864 0.017 0.00856215 0.00803994 0.0116399 0.00738643 0.00774406 0.0115916 0.00739861 0.00491259 0.0222996 0.00565623 0.758828 0.0064348 0.00361792 0 0.00364811 0.0185988 0.09707 0.016831 0.0113843 0.0193238 0.0102 0.0349175 0.0165291 0.0134341 0.00931012 0.0168187 0.0234093 0.0097091 0.0175931 0.0152243 0.0442794 0.00956122 
0.0112043 0.0101615 0.0210193 0.0105262 0.0131819 0.0218617 0.00874255 0.0144414 0.114783 0.0110603 0.0146373 0.0210349 0.0635637 0.0100666 0.0155716 0.00883438 0.0139954 0.00932755 0.0116428 0.0104474 0.0370547 0.00830292 0.0109603 0.00748206 0.00997638 0.00828273 0.0508534 0.0117698 0.169358 0.00436476 0.0040484 0.00390896 0.00364811 0 0.0892737 0.0112673 0.0227938 0.0315346 0.00997375 0.0600419 0.0125675 0.0247316 0.0137967 0.0209921 0.0130116 0.00984817 0.0423104 0.0203087 0.0285409 0.00950055 0.0222885 
0.00993661 0.0154301 0.0103174 0.0186965 0.0155959 0.0099781 0.00937349 0.0142363 0.0195373 0.0141951 0.0189181 0.0254297 0.0178508 0.0118828 0.0123249 0.00911739 0.010842 0.0100304 0.0112861 0.0168176 0.0102147 0.00959957 0.0102464 0.00968181 0.00989902 0.0903814 0.0189415 0.0141855 0.00914903 0.00967687 0.0123536 0.00586357 0.0185988 0.0892737 0 0.00384119 0.0143941 0.0296718 0.0109572 0.0125324 0.00996546 0.0236262 0.0240205 0.0134555 0.0105738 0.0113078 0.03654 0.0156231 0.0169324 0.012496 0.0230679 
0.0169157 0.0101524 0.0120719 0.0115366 0.0120083 0.0122658 0.0108737 0.0096171 0.0186321 0.016203 0.0201051 0.016288 0.0169544 0.0167607 0.00921082 0.0111404 0.00936163 0.010379 0.0191613 0.0110959 0.0124659 0.0093743 0.00955243 0.0120534 0.111652 0.0122763 0.0289493 0.0132454 0.00787013 0.0124291 0.00799403 0.0361248 0.09707 0.0112673 0.00384119 0 0.0519828 0.0133158 0.0119606 0.00929018 0.0145489 0.014981 0.0185003 0.0121664 0.0109027 0.0199147 0.0139536 0.0278042 0.010933 0.0216652 0.0134629 
0.0109691 0.0109187 0.0130872 0.00894456 0.0200052 0.00960823 0.0102358 0.01143 0.0149625 0.0260718 0.01388 0.0266144 0.0139552 0.0329147 0.00903982 0.0270256 0.00882326 0.0168806 0.00918846 0.0425667 0.0108287 0.0120464 0.00889703 0.0403529 0.0228014 0.0164134 0.0112898 0.0224202 0.00851313 0.0275006 0.0148376 0.0236275 0.016831 0.0227938 0.0143941 0.0519828 0 0.00354641 0.0040425 0.00357461 0.00517128 0.00394645 0.0134678 0.00737337 0.0074458 0.0100137 0.0178497 0.0985591 0.00982764 0.0711921 0.0232504 
0.00853616 0.0110943 0.00898047 0.0123475 0.0105191 0.00963681 0.00854049 0.0114577 0.0156884 0.0117681 0.0270997 0.0130126 0.018254 0.00905981 0.070228 0.00875181 0.059022 0.00924996 0.0595325 0.00949608 0.0109072 0.00855521 0.0285942 0.00841868 0.0099781 0.0103289 0.0255495 0.00872652 0.0465658 0.00948804 0.0129683 0.0130958 0.0113843 0.0315346 0.0296718 0.0133158 0.00354641 0 0.00355218 0.00368459 0.0036774 0.00500473 0.00376654 0.0071015 0.00924694 0.00872276 0.0204474 0.00900196 0.143667 0.0102235 0.0334516 
0.00913911 0.0085526 0.0106721 0.00937834 0.0103901 0.00881373 0.0124986 0.00870762 0.0102115 0.0435663 0.0172563 0.0147942 0.0100194 0.0736538 0.00936819 0.226634 0.00937561 0.139986 0.00972422 0.0101169 0.00898061 0.0149842 0.00855802 0.0315846 0.0168109 0.00892339 0.00861877 0.0791628 0.00878233 0.0278857 0.00866305 0.0109958 0.0193238 0.00997375 0.0109572 0.0119606 0.0040425 0.00355218 0 0.00356649 0.00417517 0.00365686 0.0040087 0.0059641 0.00784419 0.0100351 0.0105253 0.0639686 0.00887843 0.0534032 0.0105951 
0.00874628 0.0103898 0.00948485 0.0118087 0.0117578 0.0103577 0.00874525 0.0131883 0.0185215 0.0162444 0.0399089 0.0164313 0.0230572 0.00949972 0.200021 0.00957787 0.31093 0.0112077 0.0169483 0.00923764 0.0122227 0.00880025 0.0263399 0.00906154 0.00938088 0.0100759 0.0310849 0.00917088 0.0681658 0.00919295 0.0125764 0.0172208 0.0102 0.0600419 0.0125324 0.00929018 0.00357461 0.00368459 0.00356649 0 0.00356963 0.00358941 0.00357722 0.00736598 0.0100173 0.0116334 0.638051 0.00884594 0.0433625 0.01022 0.027681 
0.00919791 0.00875396 0.0118117 0.0102942 0.0120377 0.00919054 0.0153117 0.00913462 0.0130777 0.0610952 0.0294772 0.0193704 0.0119339 0.0817225 0.0101055 0.323478 0.0105531 0.0633351 0.0109416 0.0105411 0.00923706 0.0161484 0.00877964 0.028353 0.0147894 0.00925588 0.00964947 0.0637367 0.00962035 0.0238929 0.0098775 0.0132031 0.0349175 0.0125675 0.00996546 0.0145489 0.00517128 0.0036774 0.00417517 0.00356963 0 0.00363708 0.00366054 0.00564112 0.00944538 0.624792 0.00942974 0.028792 0.00982657 0.0891577 0.0102667 
0.00949495 0.0104526 0.0106906 0.0187159 0.00988823 0.0118713 0.010068 0.010219 0.0175257 0.018949 0.0400661 0.0172531 0.0288194 0.0121844 0.156755 0.00985011 0.0456495 0.0116122 0.0255298 0.00937545 0.0130327 0.00976946 0.0248565 0.00915707 0.0102117 0.0113897 0.0368096 0.00999458 0.0369386 0.0100097 0.012109 0.0374129 0.0165291 0.0247316 0.0236262 0.014981 0.00394645 0.00500473 0.00365686 0.00358941 0.00363708 0 0.00356048 0.00942582 0.609277 0.00898618 0.0155192 0.00890634 0.0756943 0.0105801 0.0177855 
0.0114013 0.00875772 0.0143727 0.00956534 0.0146396 0.0109517 0.00955 0.00921398 0.0147141 0.0152442 0.0138717 0.0237676 0.0168985 0.0478303 0.00916699 0.020362 0.00923695 0.0151641 0.0101881 0.0144918 0.0125105 0.00968008 0.00876068 0.0249161 0.0275606 0.0105052 0.0125096 0.0211655 0.00922378 0.0143443 0.0103926 0.0250904 0.0134341 0.0137967 0.0240205 0.0185003 0.0134678 0.00376654 0.0040087 0.00357722 0.00366054 0.00356048 0 0.484397 0.00466901 0.013971 0.00850285 0.0419954 0.00873272 0.0226622 0.0157887 
0.00851544 0.00982116 0.00899661 0.00836058 0.0110002 0.0085526 0.00829148 0.0104063 0.0118481 0.0102543 0.0105894 0.0177554 0.0135896 0.00913784 0.0102438 0.00906455 0.00929994 0.00882877 0.00915362 0.0117179 0.00954344 0.00881163 0.00915225 0.0102983 0.00989969 0.0114985 0.0152405 0.00926259 0.00985915 0.00960928 0.0121112 0.0129515 0.00931012 0.0209921 0.0134555 0.0121664 0.00737337 0.0071015 0.0059641 0.00736598 0.00564112 0.00942582 0.484397 0 0.00381493 0.00355976 0.00479065 0.00526151 0.00704852 0.0208999 0.0716954 
0.00820583 0.00882202 0.00845778 0.00924611 0.00882016 0.00841288 0.00889688 0.00870139 0.00921754 0.0118911 0.016042 0.0105316 0.00966921 0.0106475 0.014371 0.00978563 0.0110443 0.0104045 0.0119629 0.00874914 0.00893366 0.00903271 0.0100113 0.0095159 0.0116876 0.00875254 0.0105643 0.0107434 0.0128908 0.00973825 0.00914866 0.0105881 0.0168187 0.0130116 0.0105738 0.0109027 0.0074458 0.00924694 0.00784419 0.0100173 0.00944538 0.609277 0.00466901 0.00381493 0 0.00355475 0.00354886 0.00466081 0.0220897 0.0206467 0.013379 
0.00859608 0.00858071 0.00896961 0.0103055 0.00904903 0.00849621 0.00981257 0.0084628 0.00926142 0.0213205 0.0213726 0.011771 0.0100346 0.0185081 0.00966377 0.0140672 0.0103086 0.0166179 0.0113155 0.00901167 0.0089861 0.0119232 0.0094661 0.0107264 0.00998501 0.00909815 0.00975419 0.0203725 0.00970102 0.0143121 0.00902308 0.0114407 0.0234093 0.00984817 0.0113078 0.0199147 0.0100137 0.00872276 0.0100351 0.0116334 0.624792 0.00898618 0.013971 0.00355976 0.00355475 0 0.00355181 0.0120511 0.0211723 0.0145827 0.00781959 
0.0102867 0.00968084 0.0115493 0.00898155 0.0114392 0.0124206 0.0083972 0.010927 0.0206523 0.0096464 0.0117721 0.021169 0.0264385 0.00935007 0.0121692 0.00900847 0.0131121 0.00923358 0.0101559 0.0127774 0.0178629 0.0088055 0.0101908 0.00991881 0.0125831 0.0108959 0.0467024 0.00928655 0.0124779 0.00902184 0.0142805 0.0461291 0.0097091 0.0423104 0.03654 0.0139536 0.0178497 0.0204474 0.0105253 0.638051 0.00942974 0.0155192 0.00850285 0.00479065 0.00354886 0.00355181 0 0.0409955 0.017196 0.00443673 0.0132832 
0.0107147 0.00996145 0.011779 0.00874417 0.0145592 0.00916862 0.00927967 0.00955256 0.0136594 0.0205054 0.0117746 0.0230673 0.0132697 0.0229142 0.00908307 0.025229 0.00881304 0.011554 0.00935726 0.0192977 0.010598 0.0126717 0.00896228 0.0403355 0.0234241 0.0132589 0.0116971 0.0272086 0.00878802 0.0232368 0.0122803 0.0174536 0.0175931 0.0203087 0.0156231 0.0278042 0.0985591 0.00900196 0.0639686 0.00884594 0.028792 0.00890634 0.0419954 0.00526151 0.00466081 0.0120511 0.0409955 0 0.00357638 0.00408275 0.00530755 
0.00847415 0.0105682 0.00885413 0.0107821 0.00944073 0.00889179 0.00874702 0.0103485 0.0140298 0.0130019 0.025312 0.0142454 0.0152396 0.00895244 0.0670944 0.0088437 0.0324162 0.0101259 0.0140732 0.00878655 0.0101684 0.00875657 0.0234908 0.00846888 0.00939377 0.00948818 0.0226396 0.00899952 0.044485 0.00941703 0.0106197 0.0142801 0.0152243 0.0285409 0.0169324 0.010933 0.00982764 0.143667 0.00887843 0.0433625 0.00982657 0.0756943 0.00873272 0.00704852 0.0220897 0.0211723 0.017196 0.00357638 0 0.00369533 0.00385303 
0.0094678 0.00844033 0.010173 0.010837 0.00921406 0.00865431 0.0142496 0.008363 0.0106616 0.0287686 0.0223063 0.0118786 0.0114647 0.0450942 0.00906051 0.0440436 0.00929227 0.0262834 0.0104606 0.00940999 0.00899934 0.0146381 0.0088059 0.0165887 0.0152345 0.00938622 0.00993864 0.0565767 0.00908112 0.0225637 0.00962042 0.0135165 0.0442794 0.00950055 0.012496 0.0216652 0.0711921 0.0102235 0.0534032 0.01022 0.0891577 0.0105801 0.0226622 0.0208999 0.0206467 0.0145827 0.00443673 0.00408275 0.00369533 0 0.00362603 
0.00992491 0.00939866 0.0111913 0.00897852 0.0106969 0.0119088 0.00830573 0.0103491 0.0191481 0.00980185 0.0106362 0.0133265 0.0286163 0.00954549 0.0131926 0.00909157 0.0114515 0.00908909 0.00911765 0.0101251 0.0225828 0.00887115 0.0101168 0.00913906 0.0132269 0.0101118 0.0372016 0.00945708 0.0117896 0.00902975 0.0108652 0.0362752 0.00956122 0.0222885 0.0230679 0.0134629 0.0232504 0.0334516 0.0105951 0.027681 0.0102667 0.0177855 0.0157887 0.0716954 0.013379 0.00781959 0.0132832 0.00530755 0.00385303 0.00362603 0 
