1EIXC
VTNSPVVVALDYHNRDDALAFVDKIDPRDCRLKVGKEMFTLFGPQFVRELQQRGFDIFLDLKFHDIPNTAAHAVAAAADLGVWMVNVHASGGARMMTAAREALVPFGKDAPLLIAVTVLTSMEASDLVDLGMTLSPADYAERLAALTQKCGLDGVVCSAQEAVRFKQVFGQEFKLVTPGIRPQGSEAGDQRRIMTPEQALSAGVDYMVIGRPVTQSVDPAQTLKAINASLQR
CCCCCEEEEECCCCHHHHHHHHCCCCCCCCEEEECHHHHHHHHHHHHHHHHHCCCCEEEEEEECCCHHHHHHHHHHHHHHCCCEEEEEHHHHHHHHHHHHHHCHHHHHHCCEEEEECCCCCCCHHHHHHHCCCCCHHHHHHHHHHHHHHCCCCEEECCHHHHHHHHHHHCCCCEEEECCECCCCCCCCCCCCCECHHHHHHHCCCEEEECHHHHCCCCHHHHHHHHHHHHHC
0 0 0 0 0 0 0 0 0 0 0 0 0 0 0 0 0 0 0 0 0 0 0 0 0 0 0 0 0 0 0 0 0 0 0 0 0 0 0 0 0 0 0 0 0 0 0 0 0 0 0 0 0 0 0 0 0 0 0 0 0 0 0 0 0 0 0 0 0 0 0 0 0 0 0 0 0 0 0 0 0 0 0 0 0 0 0 0 0 0 0 0 0 0 0 0 0 0 0 0 0 0 0 0 0 0 0 0 0 0 0 0 0 0 0 0 0 0 0 0 0 0 0 0 0 0 0 0 0 0 0 0 0 0 0 0 0 0 0 0 0 0 0 0 0 0 0 0 0 0 0 0 0 0 0 0 0 0 0 0 0 0 0 0 0 0 0 0 0 0 0 0 0 0 0 0 0 0 0 0 0 0 0 0 0 0 0 0 0 0 0 0 0 0 0 0 0 0 0 0 0 0 0 0 0 0 0 0 0 0 0 0 0 0 0 0 0 0 0 0 0 0 0 0 0 0 0 0 0 0 0 0 
0 0 0 0 0 0 0 0 0 0 0 0 0 0 0 0 0 0 0 0 0 0 0 0 0 0 0 0 0 0 0 0 0 0 0 0 0 0 0 0 0 0 0 0 0 0 0 0 0 0 0 0 0 0 0 0 0 0 0 0 0 0 0 0 0 0 0 0 0 0 0 0 0 0 0 0 0 0 0 0 0 0 0 0 0 0 0 0 0 0 0 0 0 0 0 0 0 0 0 0 0 0 0 0 0 0 0 0 0 0 0 0 0 0 0 0 0 0 0 0 0 0 0 0 0 0 0 0 0 0 0 0 0 0 0 0 0 0 0 0 0 0 0 0 0 0 0 0 0 0 0 0 0 0 0 0 0 0 0 0 0 0 0 0 0 0 0 0 0 0 0 0 0 0 0 0 0 0 0 0 0 0 0 0 0 0 0 0 0 0 0 0 0 0 0 0 0 0 0 0 0 0 0 0 0 0 0 0 0 0 0 0 0 0 0 0 0 0 0 0 0 0 0 0 0 0 0 0 0 0 0 0 
0 0.0037248 0.00369618 0.00367255 0.00526638 0.150065 0.0503508 0.0166225 0.0655636 0.0487075 0.0214047 0.0212365 0.0125347 0.0192252 0.0126526 0.0291271 0.0183545 0.0180157 0.0117935 0.0123594 0.0153592 0.0149889 0.0114615 0.0129139 0.010698 0.0164924 0.00946664 0.00871404 0.010044 0.00854209 0.00881313 0.00877362 0.00922484 0.00870429 0.00948563 0.0089809 0.00870384 0.00898625 0.00972959 
0.0037248 0 0.00369129 0.00363274 0.003616 0.417887 0.0684631 0.114429 0.0135829 0.026619 0.0831636 0.0320222 0.049704 0.0220336 0.0458211 0.012084 0.0212853 0.0307758 0.0365032 0.0172346 0.0111106 0.0106526 0.020417 0.016457 0.0244989 0.0106773 0.00891714 0.00950822 0.0090129 0.0085324 0.00919683 0.00904961 0.00845869 0.00804665 0.0081503 0.0086046 0.0100655 0.0109113 0.00881265 
0.00369618 0.00369129 0 0.00367423 0.00359052 0.0308192 0.576129 0.0272549 0.0278396 0.0305679 0.0340029 0.128736 0.034032 0.127766 0.017823 0.0162225 0.0178263 0.0432421 0.0455616 0.0226208 0.0103908 0.0116609 0.0200106 0.0452672 0.0207516 0.0146086 0.00964934 0.00941078 0.00942206 0.00879745 0.0098626 0.0094992 0.008556 0.00823389 0.00822627 0.00924816 0.00966497 0.0108868 0.00956737 
0.00367255 0.00363274 0.00367423 0 0.00365344 0.0658329 0.0270017 0.69638 0.0212121 0.0142164 0.0475887 0.0202802 0.0429446 0.0129537 0.0601869 0.0125646 0.0136047 0.0198401 0.0257178 0.015551 0.0128727 0.0120356 0.0184797 0.0149463 0.0230876 0.0105822 0.0090864 0.00946781 0.00870469 0.00903374 0.00930184 0.00887943 0.00838118 0.00823132 0.00819061 0.00882086 0.00967793 0.00945589 0.00863887 
0.00526638 0.003616 0.00359052 0.00365344 0 0.0165433 0.0583613 0.0279424 0.594457 0.0266924 0.0112351 0.0195273 0.009533 0.0169429 0.00966356 0.029124 0.0166349 0.0111548 0.00943723 0.012682 0.0101791 0.0170121 0.00982433 0.0106602 0.00996263 0.0150545 0.00951507 0.00854294 0.00960858 0.00846884 0.00845091 0.00837224 0.00841357 0.00921598 0.00893298 0.009119 0.00855795 0.00851018 0.00908053 
0.150065 0.417887 0.0308192 0.0658329 0.0165433 0 0.00359755 0.00362827 0.00378203 0.0982568 0.05646 0.0106167 0.0214441 0.0105286 0.0243003 0.0191554 0.0235329 0.0117642 0.0171218 0.010198 0.0250527 0.0131121 0.0123027 0.0110264 0.0133223 0.0144094 0.00909669 0.00847951 0.00968677 0.00944707 0.00862344 0.00876329 0.00905856 0.00840682 0.00918243 0.00902288 0.00861769 0.00883044 0.00885999 
0.0503508 0.0684631 0.576129 0.0270017 0.0583613 0.00359755 0 0.003601 0.00355057 0.391242 0.0407303 0.086069 0.0125097 0.0677552 0.013759 0.0214114 0.0170961 0.0470396 0.0124372 0.0483013 0.0116044 0.0139306 0.0177906 0.0293386 0.0159492 0.0119792 0.0094878 0.00896788 0.00895985 0.00823685 0.00985076 0.0091601 0.00838238 0.00841886 0.00822385 0.00858157 0.0093517 0.0102843 0.00860855 
0.0166225 0.114429 0.0272549 0.69638 0.0279424 0.00362827 0.003601 0 0.00355279 0.0158586 0.32112 0.0294478 0.100203 0.0152817 0.176633 0.0131165 0.0178759 0.0203049 0.0507308 0.0148259 0.0162459 0.0109914 0.0221203 0.0168642 0.0369264 0.0109796 0.00880722 0.0095772 0.00877232 0.00904018 0.00911175 0.00908992 0.00827062 0.00809317 0.00812915 0.0084751 0.00943247 0.00970745 0.00843564 
0.0655636 0.0135829 0.0278396 0.0212121 0.594457 0.00378203 0.00355057 0.00355279 0 0.0338716 0.0170538 0.135367 0.0164663 0.0284474 0.0248351 0.180768 0.0253668 0.0160922 0.0104913 0.0178921 0.0172317 0.0254889 0.0121807 0.013391 0.0117802 0.0219853 0.0117126 0.00875576 0.010199 0.00952832 0.00876172 0.00878063 0.00853918 0.00925031 0.00905663 0.0103068 0.00864824 0.0091263 0.00940229 
0.0487075 0.026619 0.0305679 0.0142164 0.0266924 0.0982568 0.391242 0.0158586 0.0338716 0 0.00385826 0.00356133 0.00355079 0.00363649 0.00375785 0.00537094 0.125457 0.0273636 0.0152917 0.0168878 0.0202168 0.0364235 0.0196284 0.0203688 0.0127948 0.0274798 0.0125981 0.00903829 0.0123381 0.00913334 0.00941818 0.00968512 0.00992054 0.00904789 0.0101395 0.0100272 0.00921638 0.00954813 0.00977382 
0.0214047 0.0831636 0.0340029 0.0475887 0.0112351 0.05646 0.0407303 0.32112 0.0170538 0.00385826 0 0.00356696 0.0035514 0.00355418 0.00380761 0.00365446 0.199001 0.0546087 0.0395081 0.0188157 0.0144945 0.017967 0.0502353 0.0253486 0.0450659 0.013028 0.0102379 0.0116072 0.00988556 0.00935058 0.0109919 0.0102097 0.0088394 0.0082694 0.00824161 0.00894133 0.0102276 0.0108503 0.00911533 
0.0212365 0.0320222 0.128736 0.0202802 0.0195273 0.0106167 0.086069 0.0294478 0.135367 0.00356133 0.00356696 0 0.00352263 0.00353743 0.00354345 0.00368724 0.0287294 0.197261 0.0325681 0.0289891 0.0118425 0.0152362 0.0283713 0.0919469 0.0243838 0.0213492 0.0102857 0.0108787 0.0104254 0.00884584 0.0129967 0.0126856 0.00881601 0.00832326 0.00819471 0.00942786 0.0127399 0.0130324 0.00991728 
0.0125347 0.049704 0.034032 0.0429446 0.009533 0.0214441 0.0125097 0.100203 0.0164663 0.00355079 0.0035514 0.00352263 0 0.00351922 0.00352335 0.00353742 0.0463646 0.0284142 0.119525 0.0140224 0.0156072 0.0116415 0.0342376 0.0299501 0.0423445 0.0116574 0.0092622 0.00996633 0.00963097 0.00881518 0.0101269 0.0109696 0.00882205 0.00812281 0.00809468 0.00880332 0.0108603 0.0113248 0.00931565 
0.0192252 0.0220336 0.127766 0.0129537 0.0169429 0.0105286 0.0677552 0.0152817 0.0284474 0.00363649 0.00355418 0.00353743 0.00351922 0 0.00351994 0.00355402 0.0399454 0.0961336 0.0192571 0.0428699 0.00937038 0.0175888 0.0221033 0.0673845 0.0166807 0.0183654 0.0100772 0.0099272 0.00990029 0.00852044 0.0114672 0.0119812 0.00864813 0.00834538 0.00825278 0.00940079 0.0102566 0.0111327 0.00918582 
0.0126526 0.0458211 0.017823 0.0601869 0.00966356 0.0243003 0.013759 0.176633 0.0248351 0.00375785 0.00380761 0.00354345 0.00352335 0.00351994 0 0.00366751 0.0474188 0.032267 0.133613 0.0275612 0.0251288 0.0136589 0.0266933 0.0191447 0.0723648 0.012751 0.0094609 0.0107137 0.0103047 0.00929201 0.00990356 0.0096061 0.00898256 0.00814044 0.00829239 0.008555 0.0114973 0.0102267 0.00887209 
0.0291271 0.012084 0.0162225 0.0125646 0.029124 0.0191554 0.0214114 0.0131165 0.180768 0.00537094 0.00365446 0.00368724 0.00353742 0.00355402 0.00366751 0 0.0237413 0.0210381 0.0216937 0.197882 0.0460107 0.0244121 0.0126429 0.0146297 0.015381 0.0453366 0.0123707 0.00969727 0.0129753 0.00939466 0.00916333 0.00931958 0.00884174 0.00958057 0.00911549 0.00964385 0.00877957 0.00902593 0.0119973 
0.0183545 0.0212853 0.0178263 0.0136047 0.0166349 0.0235329 0.0170961 0.0178759 0.0253668 0.125457 0.199001 0.0287294 0.0463646 0.0399454 0.0474188 0.0237413 0 0.00358569 0.00356725 0.00359377 0.00369523 0.630221 0.0220569 0.0321859 0.0166544 0.0389559 0.0170611 0.0109966 0.0187709 0.0120042 0.0114606 0.0113117 0.0115404 0.0101353 0.0100705 0.0106583 0.012005 0.0112441 0.0117681 
0.0180157 0.0307758 0.0432421 0.0198401 0.0111548 0.0117642 0.0470396 0.0203049 0.0160922 0.0273636 0.0546087 0.197261 0.0284142 0.0961336 0.032267 0.0210381 0.00358569 0 0.00356882 0.00355775 0.00354193 0.0427407 0.710594 0.0225522 0.0547999 0.0167337 0.0148174 0.0196441 0.011508 0.00898637 0.0159813 0.0143729 0.00893396 0.00840057 0.00833312 0.00968605 0.0135774 0.0137995 0.00958277 
0.0117935 0.0365032 0.0455616 0.0257178 0.00943723 0.0171218 0.0124372 0.0507308 0.0104913 0.0152917 0.0395081 0.0325681 0.119525 0.0192571 0.133613 0.0216937 0.00356725 0.00356882 0 0.0035427 0.0035266 0.0352419 0.0415967 0.662299 0.0270742 0.0202893 0.0117831 0.0118621 0.0116071 0.0100611 0.0126369 0.0126751 0.0096266 0.00834444 0.00826395 0.00904197 0.0136222 0.0166452 0.0107675 
0.0123594 0.0172346 0.0226208 0.015551 0.012682 0.010198 0.0483013 0.0148259 0.0178921 0.0168878 0.0188157 0.0289891 0.0140224 0.0428699 0.0275612 0.197882 0.00359377 0.00355775 0.0035427 0 0.00353865 0.0193852 0.0568867 0.0389851 0.702403 0.0228193 0.0148653 0.0177944 0.0136327 0.0091496 0.0131074 0.0165998 0.00927182 0.00907779 0.00854583 0.0093865 0.011313 0.0137571 0.00954698 
0.0153592 0.0111106 0.0103908 0.0128727 0.0101791 0.0250527 0.0116044 0.0162459 0.0172317 0.0202168 0.0144945 0.0118425 0.0156072 0.00937038 0.0251288 0.0460107 0.00369523 0.00354193 0.0035266 0.00353865 0 0.025487 0.0144141 0.0340766 0.0329157 0.583973 0.0142806 0.0119973 0.0242013 0.0134228 0.00970495 0.00952228 0.0106344 0.0100064 0.0102811 0.0105963 0.0096172 0.00987205 0.0111208 
0.0149889 0.0106526 0.0116609 0.0120356 0.0170121 0.0131121 0.0139306 0.0109914 0.0254889 0.0364235 0.017967 0.0152362 0.0116415 0.0175888 0.0136589 0.0244121 0.630221 0.0427407 0.0352419 0.0193852 0.025487 0 0.00379421 0.00360951 0.00363468 0.00422514 0.225257 0.0143237 0.0318056 0.018738 0.0132291 0.0142581 0.0166327 0.0130343 0.0132583 0.0156601 0.0142267 0.012007 0.0175596 
0.0114615 0.020417 0.0200106 0.0184797 0.00982433 0.0123027 0.0177906 0.0221203 0.0121807 0.0196284 0.0502353 0.0283713 0.0342376 0.0221033 0.0266933 0.0126429 0.0220569 0.710594 0.0415967 0.0568867 0.0144141 0.00379421 0 0.00357967 0.00361825 0.00368741 0.113562 0.111413 0.0129122 0.0143934 0.0270114 0.0223429 0.0115461 0.00929132 0.00925689 0.0153152 0.0261195 0.0320245 0.0113274 
0.0129139 0.016457 0.0452672 0.0149463 0.0106602 0.0110264 0.0293386 0.0168642 0.013391 0.0203688 0.0253486 0.0919469 0.0299501 0.0673845 0.0191447 0.0146297 0.0321859 0.0225522 0.662299 0.0389851 0.0340766 0.00360951 0.00357967 0 0.00355092 0.00357737 0.352067 0.0247652 0.0361729 0.0117102 0.0381228 0.026155 0.0125025 0.00911955 0.00888468 0.0127746 0.0322332 0.0358783 0.0140991 
0.010698 0.0244989 0.0207516 0.0230876 0.00996263 0.0133223 0.0159492 0.0369264 0.0117802 0.0127948 0.0450659 0.0243838 0.0423445 0.0166807 0.0723648 0.015381 0.0166544 0.0547999 0.0270742 0.702403 0.0329157 0.00363468 0.00361825 0.00355092 0 0.0035993 0.0203624 0.538504 0.0392551 0.0169054 0.0227767 0.0545535 0.0148289 0.0103941 0.00921455 0.0120863 0.0266134 0.0500095 0.0126374 
0.0164924 0.0106773 0.0146086 0.0105822 0.0150545 0.0144094 0.0119792 0.0109796 0.0219853 0.0274798 0.013028 0.0213492 0.0116574 0.0183654 0.012751 0.0453366 0.0389559 0.0167337 0.0202893 0.0228193 0.583973 0.00422514 0.00368741 0.00357737 0.0035993 0 0.0265347 0.0180895 0.658974 0.0176133 0.0149544 0.01793 0.0206962 0.0154337 0.015498 0.0266579 0.015733 0.0215716 0.0192139 
0.00946664 0.00891714 0.00964934 0.0090864 0.00951507 0.00909669 0.0094878 0.00880722 0.0117126 0.0125981 0.0102379 0.0102857 0.0092622 0.0100772 0.0094609 0.0123707 0.0170611 0.0148174 0.0117831 0.0148653 0.0142806 0.225257 0.113562 0.352067 0.0203624 0.0265347 0 0.00382635 0.00361843 0.548154 0.0381241 0.0558757 0.0177003 0.0157319 0.0233797 0.0352785 0.0352779 0.0145073 0.0303127 
0.00871404 0.00950822 0.00941078 0.00946781 0.00854294 0.00847951 0.00896788 0.0095772 0.00875576 0.00903829 0.0116072 0.0108787 0.00996633 0.0099272 0.0107137 0.00969727 0.0109966 0.0196441 0.0118621 0.0177944 0.0119973 0.0143237 0.111413 0.0247652 0.538504 0.0180895 0.00382635 0 0.00379116 0.0178289 0.600519 0.0767248 0.0202774 0.0154779 0.0127572 0.0128083 0.0493195 0.0794913 0.0124259 
0.010044 0.0090129 0.00942206 0.00870469 0.00960858 0.00968677 0.00895985 0.00877232 0.010199 0.0123381 0.00988556 0.0104254 0.00963097 0.00990029 0.0103047 0.0129753 0.0187709 0.011508 0.0116071 0.0136327 0.0242013 0.0318056 0.0129122 0.0361729 0.0392551 0.658974 0.00361843 0.00379116 0 0.0519856 0.0161515 0.463302 0.100329 0.0332586 0.0184065 0.0238102 0.0162591 0.0279645 0.067366 
0.00854209 0.0085324 0.00879745 0.00903374 0.00846884 0.00944707 0.00823685 0.00904018 0.00952832 0.00913334 0.00935058 0.00884584 0.00881518 0.00852044 0.00929201 0.00939466 0.0120042 0.00898637 0.0100611 0.0091496 0.0134228 0.018738 0.0143934 0.0117102 0.0169054 0.0176133 0.548154 0.0178289 0.0519856 0 0.00359582 0.00360042 0.00437712 0.00523981 0.0277051 0.0567078 0.0234966 0.0166378 0.0297773 
0.00881313 0.00919683 0.0098626 0.00930184 0.00845091 0.00862344 0.00985076 0.00911175 0.00876172 0.00941818 0.0109919 0.0129967 0.0101269 0.0114672 0.00990356 0.00916333 0.0114606 0.0159813 0.0126369 0.0131074 0.00970495 0.0132291 0.0270114 0.0381228 0.0227767 0.0149544 0.0381241 0.600519 0.0161515 0.00359582 0 0.00355605 0.00355031 0.00516066 0.0132778 0.0405279 0.0969244 0.0547157 0.0143686 
0.00877362 0.00904961 0.0094992 0.00887943 0.00837224 0.00876329 0.0091601 0.00908992 0.00878063 0.00968512 0.0102097 0.0126856 0.0109696 0.0119812 0.0096061 0.00931958 0.0113117 0.0143729 0.0126751 0.0165998 0.00952228 0.0142581 0.0223429 0.026155 0.0545535 0.01793 0.0558757 0.0767248 0.463302 0.00360042 0.00355605 0 0.00358077 0.00423566 0.0147477 0.0196889 0.0707329 0.159861 0.0263743 
0.00922484 0.00845869 0.008556 0.00838118 0.00841357 0.00905856 0.00838238 0.00827062 0.00853918 0.00992054 0.0088394 0.00881601 0.00882205 0.00864813 0.00898256 0.00884174 0.0115404 0.00893396 0.0096266 0.00927182 0.0106344 0.0166327 0.0115461 0.0125025 0.0148289 0.0206962 0.0177003 0.0202774 0.100329 0.00437712 0.00355031 0.00358077 0 0.0718284 0.0105818 0.0213844 0.0262969 0.0405996 0.065892 
0.00870429 0.00804665 0.00823389 0.00823132 0.00921598 0.00840682 0.00841886 0.00809317 0.00925031 0.00904789 0.0082694 0.00832326 0.00812281 0.00834538 0.00814044 0.00958057 0.0101353 0.00840057 0.00834444 0.00907779 0.0100064 0.0130343 0.00929132 0.00911955 0.0103941 0.0154337 0.0157319 0.0154779 0.0332586 0.00523981 0.00516066 0.00423566 0.0718284 0 0.771123 0.0173154 0.0215323 0.0255897 0.0337031 
0.00948563 0.0081503 0.00822627 0.00819061 0.00893298 0.00918243 0.00822385 0.00812915 0.00905663 0.0101395 0.00824161 0.00819471 0.00809468 0.00825278 0.00829239 0.00911549 0.0100705 0.00833312 0.00826395 0.00854583 0.0102811 0.0132583 0.00925689 0.00888468 0.00921455 0.015498 0.0233797 0.0127572 0.0184065 0.0277051 0.0132778 0.0147477 0.0105818 0.771123 0 0.0155604 0.0109171 0.0092935 0.0309589 
0.0089809 0.0086046 0.00924816 0.00882086 0.009119 0.00902288 0.00858157 0.0084751 0.0103068 0.0100272 0.00894133 0.00942786 0.00880332 0.00940079 0.008555 0.00964385 0.0106583 0.00968605 0.00904197 0.0093865 0.0105963 0.0156601 0.0153152 0.0127746 0.0120863 0.0266579 0.0352785 0.0128083 0.0238102 0.0567078 0.0405279 0.0196889 0.0213844 0.0173154 0.0155604 0 0.0035929 0.00360488 0.00388356 
0.00870384 0.0100655 0.00966497 0.00967793 0.00855795 0.00861769 0.0093517 0.00943247 0.00864824 0.00921638 0.0102276 0.0127399 0.0108603 0.0102566 0.0114973 0.00877957 0.012005 0.0135774 0.0136222 0.011313 0.0096172 0.0142267 0.0261195 0.0322332 0.0266134 0.015733 0.0352779 0.0493195 0.0162591 0.0234966 0.0969244 0.0707329 0.0262969 0.0215323 0.0109171 0.0035929 0 0.00435585 0.00356637 
0.00898625 0.0109113 0.0108868 0.00945589 0.00851018 0.00883044 0.0102843 0.00970745 0.0091263 0.00954813 0.0108503 0.0130324 0.0113248 0.0111327 0.0102267 0.00902593 0.0112441 0.0137995 0.0166452 0.0137571 0.00987205 0.012007 0.0320245 0.0358783 0.0500095 0.0215716 0.0145073 0.0794913 0.0279645 0.0166378 0.0547157 0.159861 0.0405996 0.0255897 0.0092935 0.00360488 0.00435585 0 0.00356227 
0.00972959 0.00881265 0.00956737 0.00863887 0.00908053 0.00885999 0.00860855 0.00843564 0.00940229 0.00977382 0.00911533 0.00991728 0.00931565 0.00918582 0.00887209 0.0119973 0.0117681 0.00958277 0.0107675 0.00954698 0.0111208 0.0175596 0.0113274 0.0140991 0.0126374 0.0192139 0.0303127 0.0124259 0.067366 0.0297773 0.0143686 0.0263743 0.065892 0.0337031 0.0309589 0.00388356 0.00356637 0.00356227 0 
