1EXTA
SVCPQGKYIHPQNNSICCTKCHKGTYLYNDCPGPGQDTDCRECESGSFTASENHLRHCLSCSKCRKEMGQVEISSCTVDRDTVCGCRKNQYRHYWSENLFQCFNCSLCLNGTVHLSCQEKQNTVCTCHAGFFLRENECVSCSNCKKSLECTKLCLPQIEN
CCCCCCEEECCCCCCCEEECECCCEEEEECCCCCCCCCEEEECCCCEECCCCECCCCCEECCCCCHHHCCEEEECCECCECCEEECCCCEEEEEEECCEEEEEECCCCCCEEEEECCECCECCEEEECCCEEEECCEEEEHHHCCCCCCCHHHHCCCCCC
0 0 0 0 0 0 0 0 0 0 0 0 0 0 0 0 0 0 0 0 0 0 0 0 0 0 0 0 0 0 0 0 0 0 0 0 0 0 0 0 0 0 0 0 0 0 0 0 0 0 0 0 0 0 0 0 0 0 0 0 0 0 0 0 0 0 0 0 0 0 0 0 0 0 0 0 0 0 0 0 0 0 0 0 0 0 0 0 0 0 0 0 0 0 0 0 0 0 0 0 0 0 0 0 0 0 0 0 0 0 0 0 0 0 0 0 0 0 0 0 0 0 0 0 0 0 0 0 0 0 0 0 0 0 0 0 0 0 0 0 0 0 0 0 0 0 0 0 0 0 0 0 0 0 0 0 0 0 0 0 
0 0 0 0 0 0 0 0 0 0 0 0 0 0 0 0 0 0 0 0 0 0 0 0 0 0 0 0 0 0 0 0 0 0 0 0 0 0 0 0 0 0 0 0 0 0 0 0 0 0 0 0 0 0 0 0 0 0 0 0 0 0 0 0 0 0 0 0 0 0 0 0 0 0 0 0 0 0 0 0 0 0 0 0 0 0 0 0 0 0 0 0 0 0 0 0 0 0 0 0 0 0 0 0 0 0 0 0 0 0 0 0 0 0 0 0 0 0 0 0 0 0 0 0 0 0 0 0 0 0 0 0 0 0 0 0 0 0 0 0 0 0 0 0 0 0 0 0 0 0 0 0 0 0 0 0 0 0 0 0 
0 0.00428735 0.00453784 0.0134295 0.0132751 0.732728 0.0110835 0.0151935 0.00963104 0.0106672 0.0105581 0.0171705 0.0116144 0.00875712 0.0108819 0.0191084 0.0105245 0.013258 0.0113242 0.00886124 0.0120767 0.00939665 0.00940051 0.00923552 0.0108524 0.0116658 0.0106216 0.00909877 0.00844873 0.0111845 0.00857728 0.00814882 0.00826851 0.00819104 0.00816647 0.00842789 0.00951057 0.00849614 0.00817086 0.00846566 0.00833535 0.00841978 0.00895293 0.00836909 0.00810232 0.00810166 0.00861279 0.00895683 0.0093345 0.00903248 0.00863548 0.00814286 0.00882325 0.00882957 0.00892137 0.00808376 0.00875565 0.00969263 0.00847034 0.00807478 0.0081802 0.00906488 
0.00428735 0 0.00356294 0.00995774 0.925106 0.0072452 0.0100335 0.00861128 0.022831 0.00983642 0.0227697 0.00907655 0.00985387 0.0127513 0.0163722 0.00922414 0.0116967 0.0123644 0.00913492 0.0130515 0.00960012 0.00921352 0.011163 0.00980086 0.00876441 0.00881161 0.00868256 0.00884447 0.015817 0.00888642 0.008293 0.00875761 0.00846094 0.00828603 0.0083026 0.00857451 0.00813903 0.00843041 0.00921078 0.00862251 0.00867218 0.00884587 0.00828125 0.00831214 0.0083291 0.0082507 0.00837346 0.0080478 0.00822793 0.00816846 0.00821861 0.00858355 0.00825615 0.00822571 0.00816041 0.00847569 0.00833113 0.00831303 0.0081363 0.00826668 0.00840997 0.00823809 
0.00453784 0.00356294 0 0.902507 0.00727601 0.00723669 0.00771632 0.0298095 0.0135345 0.012522 0.00993347 0.0207255 0.0207589 0.0119284 0.00882527 0.0100577 0.0161485 0.0130124 0.0144681 0.013611 0.0105976 0.0162893 0.008944 0.00901695 0.00931576 0.0120373 0.0113934 0.0174213 0.00931551 0.0104438 0.0113292 0.00895665 0.00845705 0.00839181 0.008465 0.00833442 0.00840625 0.0117392 0.00877723 0.00886013 0.00873985 0.00842024 0.00866363 0.00990964 0.00840211 0.0083145 0.00827345 0.00839508 0.00939449 0.00899109 0.010164 0.00845604 0.00824937 0.00845635 0.0102057 0.00868709 0.00828001 0.00851063 0.0093934 0.00836889 0.00843984 0.00837613 
0.0134295 0.00995774 0.902507 0 0.00355382 0.003699 0.00409396 0.00525593 0.00872098 0.0112361 0.0318967 0.0291022 0.013717 0.00801717 0.00937698 0.0391817 0.0104094 0.0151187 0.0115459 0.00951012 0.0165787 0.00964802 0.00912248 0.0100118 0.0136253 0.012318 0.0111881 0.0108128 0.00880425 0.0247778 0.00876429 0.00845823 0.00862474 0.00857482 0.00831778 0.00836946 0.010579 0.00882923 0.00867243 0.00917662 0.00852559 0.00871773 0.0100811 0.00825109 0.00817171 0.00825024 0.00845569 0.00876424 0.00923559 0.00889636 0.00916459 0.00826753 0.00903559 0.00868685 0.00878919 0.00815485 0.0086327 0.00948628 0.00849175 0.00816376 0.00836283 0.0109112 
0.0132751 0.925106 0.00727601 0.00355382 0 0.00352758 0.00499638 0.00580307 0.0143762 0.0245557 0.0175455 0.019159 0.00853543 0.0147736 0.0225623 0.00831838 0.0133735 0.0135291 0.0102025 0.0133467 0.00976921 0.00955554 0.00954698 0.0107898 0.00910844 0.00874682 0.00870365 0.00928692 0.0336843 0.00875869 0.00855873 0.00949992 0.00868747 0.00848853 0.00865104 0.00881362 0.00836392 0.0087332 0.0095123 0.00884408 0.00888164 0.00931621 0.00834556 0.00858761 0.00851994 0.0083594 0.00856745 0.00830289 0.00819361 0.00822706 0.0082702 0.0100291 0.00827488 0.00854575 0.0081388 0.00937764 0.00831969 0.00830342 0.00824352 0.00838059 0.00868977 0.00824835 
0.732728 0.0072452 0.00723669 0.003699 0.00352758 0 0.00448348 0.00576307 0.0100781 0.0080408 0.00507456 0.00483126 0.0103543 0.00956743 0.00803516 0.0126594 0.0098981 0.0090907 0.00865847 0.00941449 0.00900451 0.0100666 0.0089289 0.00857299 0.00862436 0.00870423 0.00837868 0.0112374 0.00908317 0.0104273 0.0088309 0.00858221 0.0087276 0.00841687 0.00852178 0.00825249 0.00813687 0.00896217 0.00874473 0.00952679 0.00891148 0.00846792 0.00845401 0.00845604 0.00819522 0.00829319 0.00819995 0.00814208 0.0082079 0.00808251 0.00862277 0.00848428 0.0083535 0.00817115 0.00834101 0.00834713 0.00821398 0.00816014 0.00831622 0.00822598 0.00829625 0.00821135 
0.0110835 0.0100335 0.00771632 0.00409396 0.00499638 0.00448348 0 0.0457651 0.00539763 0.00410519 0.00370729 0.00437409 0.00940651 0.0076939 0.00712241 0.00839592 0.0145369 0.0171976 0.0974806 0.0123934 0.00989166 0.0158369 0.00843582 0.00874008 0.0120047 0.0197313 0.0185888 0.0100228 0.00910006 0.00943706 0.0101752 0.00852568 0.00816646 0.00809152 0.00848193 0.00809668 0.00924681 0.0104647 0.00824672 0.00813713 0.00829665 0.00807351 0.00856564 0.0137349 0.00807611 0.00824398 0.00809926 0.00936107 0.0110149 0.0107158 0.00887529 0.00836265 0.00798343 0.00965321 0.00891476 0.0085171 0.00800516 0.00971902 0.00851719 0.00805436 0.00808546 0.00845653 
0.0151935 0.00861128 0.0298095 0.00525593 0.00580307 0.00576307 0.0457651 0 0.00359956 0.00358164 0.0036303 0.00409599 0.012897 0.00715555 0.00828938 0.713146 0.0112885 0.0179198 0.0122587 0.0103711 0.0162046 0.0107399 0.00904719 0.0102991 0.0157498 0.0134531 0.0132807 0.0106571 0.00893828 0.0230242 0.00891147 0.00865802 0.00848209 0.0086877 0.00836629 0.00874445 0.0130464 0.00914059 0.00867965 0.0088558 0.00841883 0.00888511 0.0126282 0.0083095 0.00813904 0.00816232 0.00877206 0.0096914 0.00948726 0.00942066 0.00871186 0.00825296 0.00872381 0.0097993 0.00888561 0.00812011 0.00882077 0.0101359 0.00849146 0.00814351 0.00830717 0.0108466 
0.00963104 0.022831 0.0135345 0.00872098 0.0143762 0.0100781 0.00539763 0.00359956 0 0.00360512 0.00372557 0.00360166 0.00844459 0.00811855 0.66836 0.0287037 0.0109734 0.0095131 0.0090212 0.00954128 0.00971063 0.00920427 0.0100402 0.011043 0.00943561 0.00949503 0.00914959 0.00950774 0.0111746 0.0100282 0.00860952 0.00883069 0.00906753 0.00942927 0.00858912 0.00904331 0.00870703 0.00870573 0.0094421 0.0101078 0.00907469 0.0097245 0.00840463 0.00829493 0.00839585 0.00834089 0.00877839 0.0083378 0.00827625 0.00816696 0.00826179 0.00860368 0.00930218 0.0084585 0.00819465 0.00840563 0.00879106 0.00865851 0.00820839 0.00823084 0.00868711 0.0086893 
0.0106672 0.00983642 0.012522 0.0112361 0.0245557 0.0080408 0.00410519 0.00358164 0.00360512 0 0.00356804 0.0035427 0.00686505 0.531819 0.0130014 0.013063 0.00820403 0.00910935 0.00863022 0.00915051 0.00864238 0.00948307 0.0100101 0.00926987 0.00909089 0.00859176 0.00845807 0.00921262 0.0101888 0.00902669 0.00846976 0.00914038 0.0104444 0.00915618 0.00999198 0.00850503 0.00853513 0.00874186 0.00968898 0.0109087 0.0151602 0.00879778 0.00853227 0.00855493 0.00854693 0.00920709 0.00843027 0.00847556 0.00807305 0.00818691 0.00821718 0.00948994 0.00841956 0.0085852 0.00820563 0.00889637 0.00834614 0.00858915 0.0081238 0.00843075 0.00869182 0.00837514 
0.0105581 0.0227697 0.00993347 0.0318967 0.0175455 0.00507456 0.00370729 0.0036303 0.00372557 0.00356804 0 0.00360411 0.176175 0.0185927 0.0161896 0.00673842 0.00986287 0.0100286 0.00868494 0.00955787 0.0102521 0.00928878 0.00989898 0.00927885 0.00860758 0.00890948 0.00861414 0.00939883 0.0110516 0.00961629 0.00870316 0.00932245 0.00883343 0.00888285 0.00854893 0.00886665 0.0083189 0.00865619 0.00957944 0.0122483 0.00887287 0.00911557 0.00848368 0.00868733 0.00861084 0.00831564 0.00847781 0.00815807 0.0080847 0.00805454 0.00840853 0.00856148 0.00864113 0.00819212 0.00844683 0.00839613 0.00840005 0.00817074 0.00839969 0.00818782 0.00839021 0.00814706 
0.0171705 0.00907655 0.0207255 0.0291022 0.019159 0.00483126 0.00437409 0.00409599 0.00360166 0.0035427 0.00360411 0 0.14836 0.00667818 0.00641154 0.00637341 0.00848415 0.0112265 0.00982116 0.0129987 0.00953275 0.0137523 0.0086366 0.0088541 0.00902425 0.0101873 0.00989946 0.0128451 0.00974111 0.0109193 0.0104992 0.00880107 0.00852278 0.00824565 0.00838891 0.00825964 0.00836092 0.010883 0.00935346 0.00864086 0.0087038 0.00854097 0.00874611 0.0104097 0.00814166 0.00821534 0.00816539 0.00828125 0.00852124 0.00831973 0.00906193 0.00833133 0.00826695 0.00826248 0.00879468 0.00830306 0.00812978 0.00821739 0.00870019 0.00814496 0.00829269 0.00815473 
0.0116144 0.00985387 0.0207589 0.013717 0.00853543 0.0103543 0.00940651 0.012897 0.00844459 0.00686505 0.176175 0.14836 0 0.0035456 0.00366705 0.00463393 0.00483982 0.0112463 0.00937064 0.00797436 0.0261773 0.0103707 0.00928987 0.00956469 0.0256391 0.0143529 0.0115983 0.0102122 0.00890964 0.0419831 0.0093426 0.00872945 0.00870205 0.00912639 0.00851457 0.0086975 0.0121359 0.0087851 0.00858399 0.00908271 0.00900456 0.00866463 0.0106709 0.008303 0.00834806 0.00813639 0.00888135 0.00949295 0.00949543 0.0090098 0.00881146 0.00815192 0.00932074 0.0091425 0.00885274 0.00815406 0.00885697 0.00989961 0.00852606 0.00811598 0.00827019 0.0117331 
0.00875712 0.0127513 0.0119284 0.00801717 0.0147736 0.00956743 0.0076939 0.00715555 0.00811855 0.531819 0.0185927 0.00667818 0.0035456 0 0.0042513 0.00354203 0.00436178 0.00610125 0.00985998 0.00941764 0.00803623 0.00912806 0.009123 0.0223821 0.00877691 0.00894189 0.00852089 0.00875617 0.012101 0.0101895 0.00851668 0.00881439 0.00905394 0.00846698 0.00876473 0.00869434 0.00840568 0.00851977 0.00908831 0.0090359 0.00919219 0.00909905 0.00834775 0.00840133 0.00821917 0.00848808 0.0083685 0.0083249 0.00808358 0.00809701 0.00818582 0.00878544 0.00842309 0.00847147 0.00808131 0.00850229 0.00844596 0.00845257 0.00801994 0.00826094 0.0084646 0.00836942 
0.0108819 0.0163722 0.00882527 0.00937698 0.0225623 0.00803516 0.00712241 0.00828938 0.66836 0.0130014 0.0161896 0.00641154 0.00366705 0.0042513 0 0.00361781 0.00423666 0.057001 0.00565848 0.00813431 0.0105718 0.00895193 0.0173976 0.00931065 0.00848349 0.00878742 0.00863457 0.0102701 0.0152225 0.00894046 0.00851119 0.0105724 0.00866531 0.00870921 0.00869602 0.0087474 0.00824582 0.00886092 0.0114656 0.00904381 0.00927384 0.009 0.00835755 0.00830253 0.00862476 0.00838924 0.00843165 0.00812738 0.00807375 0.00799225 0.0083361 0.00845841 0.00848769 0.00824455 0.0082467 0.00834428 0.00832892 0.0082004 0.00818683 0.00822922 0.00843088 0.00811813 
0.0191084 0.00922414 0.0100577 0.0391817 0.00831838 0.0126594 0.00839592 0.713146 0.0287037 0.013063 0.00673842 0.00637341 0.00463393 0.00354203 0.00361781 0 0.0907103 0.00648042 0.0164649 0.016143 0.00812774 0.0309794 0.00858292 0.00891289 0.00923382 0.012286 0.0110537 0.0167415 0.00871557 0.0122783 0.0120258 0.00913968 0.00851109 0.00851545 0.00837896 0.00842677 0.00839494 0.0125567 0.008876 0.00870447 0.00859377 0.00836613 0.00900811 0.0103079 0.00839823 0.0081636 0.00819328 0.00817647 0.00927245 0.00857263 0.0106565 0.00828916 0.00841596 0.00816794 0.0102072 0.0082059 0.00823095 0.00819372 0.00954896 0.00809689 0.00810582 0.00865075 
0.0105245 0.0116967 0.0161485 0.0104094 0.0133735 0.0098981 0.0145369 0.0112885 0.0109734 0.00820403 0.00986287 0.00848415 0.00483982 0.00436178 0.00423666 0.0907103 0 0.00451908 0.0121903 0.00828346 0.305183 0.0111774 0.00935795 0.0104144 0.0122047 0.0201548 0.0168915 0.0102806 0.0106003 0.0303135 0.00915745 0.00892179 0.0089251 0.00872512 0.00857493 0.00891671 0.0110935 0.00903201 0.0088959 0.0089904 0.00850741 0.00924561 0.0112995 0.00838971 0.00840041 0.00822814 0.00867024 0.0090522 0.0104263 0.00947275 0.00880949 0.00832478 0.00880317 0.0101218 0.00876373 0.00822735 0.00874318 0.0102106 0.00861574 0.00813287 0.00845734 0.0114824 
0.013258 0.0123644 0.0130124 0.0151187 0.0135291 0.0090907 0.0171976 0.0179198 0.0095131 0.00910935 0.0100286 0.0112265 0.0112463 0.00610125 0.057001 0.00648042 0.00451908 0 0.0500416 0.339979 0.0118134 0.0165178 0.00900977 0.0114194 0.0136608 0.0190004 0.0171158 0.0138673 0.0140943 0.0118415 0.0118775 0.00956575 0.00859771 0.00858767 0.00861518 0.009096 0.00938964 0.0125798 0.00928492 0.00879572 0.00880761 0.00931476 0.00958413 0.0113967 0.00858433 0.00842467 0.00874189 0.00963718 0.0104197 0.0100108 0.009724 0.008701 0.00868831 0.00933816 0.00968969 0.0087078 0.00857275 0.00947455 0.00917073 0.00833913 0.00869187 0.00895383 
0.0113242 0.00913492 0.0144681 0.0115459 0.0102025 0.00865847 0.0974806 0.0122587 0.0090212 0.00863022 0.00868494 0.00982116 0.00937064 0.00985998 0.00565848 0.0164649 0.0121903 0.0500416 0 0.0291249 0.00584013 0.0122346 0.00807775 0.00911839 0.0211182 0.0369441 0.0524785 0.0114043 0.0095523 0.0125436 0.0111623 0.00903894 0.00842766 0.00829273 0.00883286 0.00848202 0.0108391 0.0110752 0.00859956 0.00867215 0.00847908 0.00846076 0.00918496 0.0137683 0.00821515 0.00821778 0.00837602 0.0097737 0.0166476 0.0160675 0.009768 0.00856797 0.00811417 0.0103578 0.00958126 0.0086257 0.008288 0.011168 0.00896062 0.00819658 0.00815823 0.00956032 
0.00886124 0.0130515 0.013611 0.00951012 0.0133467 0.00941449 0.0123934 0.0103711 0.00954128 0.00915051 0.00955787 0.0129987 0.00797436 0.00941764 0.00813431 0.016143 0.00828346 0.339979 0.0291249 0 0.00475256 0.00895921 0.0310424 0.0332696 0.0183808 0.0129756 0.0114067 0.00944531 0.015804 0.015569 0.00899111 0.0096014 0.00895561 0.0085002 0.00873515 0.00920849 0.0104299 0.00937011 0.00978518 0.00897517 0.00903324 0.00968562 0.0105598 0.00958234 0.00853579 0.00849317 0.00903899 0.00998033 0.00990489 0.00948172 0.0086087 0.00889926 0.00855913 0.011573 0.00846668 0.00866413 0.00849397 0.0118572 0.00829812 0.00851887 0.00895645 0.00958723 
0.0120767 0.00960012 0.0105976 0.0165787 0.00976921 0.00900451 0.00989166 0.0162046 0.00971063 0.00864238 0.0102521 0.00953275 0.0261773 0.00803623 0.0105718 0.00812774 0.305183 0.0118134 0.00584013 0.00475256 0 0.0553115 0.00907894 0.0167984 0.0216365 0.0183906 0.0132061 0.0170021 0.0102225 0.0273238 0.0184965 0.00891659 0.00845839 0.00864252 0.00838771 0.00917368 0.00854534 0.0116212 0.00927889 0.00945049 0.00861231 0.0109724 0.0102981 0.00987373 0.00885921 0.0083718 0.0087779 0.00844197 0.0105922 0.00903697 0.013086 0.0085224 0.00971223 0.00825727 0.0127443 0.00849019 0.00879844 0.00831187 0.0112043 0.0083952 0.00838965 0.00935513 
0.00939665 0.00921352 0.0162893 0.00964802 0.00955554 0.0100666 0.0158369 0.0107399 0.00920427 0.00948307 0.00928878 0.0137523 0.0103707 0.00912806 0.00895193 0.0309794 0.0111774 0.0165178 0.0122346 0.00895921 0.0553115 0 0.00387701 0.00369051 0.00662347 0.00619402 0.00903905 0.00822215 0.00739202 0.247539 0.0094088 0.00901569 0.00923424 0.012768 0.0102223 0.00948775 0.0177662 0.0114111 0.00895718 0.00995558 0.0145341 0.00911823 0.0140288 0.0117976 0.0092264 0.00930842 0.0106406 0.0171874 0.0121768 0.0128004 0.00980859 0.00944135 0.00966911 0.0177391 0.0097184 0.00915759 0.00968984 0.0163819 0.00941018 0.00870768 0.00899672 0.012897 
0.00940051 0.011163 0.008944 0.00912248 0.00954698 0.0089289 0.00843582 0.00904719 0.0100402 0.0100101 0.00989898 0.0086366 0.00928987 0.009123 0.0173976 0.00858292 0.00935795 0.00900977 0.00807775 0.0310424 0.00907894 0.00387701 0 0.00372682 0.00356046 0.00411542 0.00501762 0.00733637 0.0358875 0.0133762 0.00826053 0.00909622 0.0142462 0.00891657 0.00871011 0.00969046 0.00847698 0.00902672 0.0108793 0.0115776 0.00981858 0.0112911 0.00861368 0.00910594 0.00987677 0.00918206 0.00983441 0.00861509 0.00884632 0.00862174 0.00947572 0.00947508 0.0117608 0.00863267 0.00924104 0.00892776 0.0101024 0.00874127 0.00872786 0.00892958 0.00922709 0.00897252 
0.00923552 0.00980086 0.00901695 0.0100118 0.0107898 0.00857299 0.00874008 0.0102991 0.011043 0.00926987 0.00927885 0.0088541 0.00956469 0.0223821 0.00931065 0.00891289 0.0104144 0.0114194 0.00911839 0.0332696 0.0167984 0.00369051 0.00372682 0 0.00354257 0.00433141 0.0059084 0.017132 0.0351783 0.00803802 0.00964304 0.0151121 0.00969483 0.00817886 0.00863667 0.00878811 0.0083251 0.00993546 0.0117627 0.00987364 0.00941271 0.00980638 0.00872347 0.00977253 0.0104318 0.00893982 0.00926638 0.0087196 0.00917477 0.00908653 0.010209 0.0100315 0.00989857 0.00863579 0.0102866 0.0101368 0.00944677 0.00879296 0.00947919 0.00951922 0.00924897 0.00856452 
0.0108524 0.00876441 0.00931576 0.0136253 0.00910844 0.00862436 0.0120047 0.0157498 0.00943561 0.00909089 0.00860758 0.00902425 0.0256391 0.00877691 0.00848349 0.00923382 0.0122047 0.0136608 0.0211182 0.0183808 0.0216365 0.00662347 0.00356046 0.00354257 0 0.0190647 0.017526 0.0878718 0.00680918 0.00863725 0.0181871 0.00943236 0.00799457 0.0077132 0.00836183 0.00803899 0.00901001 0.0214255 0.0101252 0.00915965 0.0100181 0.00854733 0.00955622 0.0223372 0.00888081 0.00884105 0.00871757 0.0102457 0.0111138 0.0106197 0.0123758 0.00955799 0.00850582 0.0100314 0.0128591 0.0105541 0.00853098 0.010273 0.0109428 0.0093291 0.00883658 0.00857784 
0.0116658 0.00881161 0.0120373 0.012318 0.00874682 0.00870423 0.0197313 0.0134531 0.00949503 0.00859176 0.00890948 0.0101873 0.0143529 0.00894189 0.00878742 0.012286 0.0201548 0.0190004 0.0369441 0.0129756 0.0183906 0.00619402 0.00411542 0.00433141 0.0190647 0 0.794191 0.00636537 0.00619726 0.00810529 0.0106186 0.00794837 0.00679028 0.00691744 0.00741963 0.0086917 0.010602 0.0117247 0.00859598 0.00858165 0.00818734 0.00913575 0.01112 0.0126459 0.00975898 0.00865979 0.00980152 0.0121241 0.0304428 0.0225453 0.0151151 0.00862381 0.0100236 0.0115069 0.0156425 0.00908878 0.00973067 0.0113345 0.0123579 0.00888765 0.008657 0.0128465 
0.0106216 0.00868256 0.0113934 0.0111881 0.00870365 0.00837868 0.0185888 0.0132807 0.00914959 0.00845807 0.00861414 0.00989946 0.0115983 0.00852089 0.00863457 0.0110537 0.0168915 0.0171158 0.0524785 0.0114067 0.0132061 0.00903905 0.00501762 0.0059084 0.017526 0.794191 0 0.0218783 0.00485176 0.00766987 0.00874477 0.00661236 0.00629965 0.00788825 0.00721618 0.00752289 0.0102618 0.0113145 0.00851929 0.00771494 0.00779896 0.00839915 0.0101975 0.0160108 0.00896067 0.0083685 0.00950285 0.0112201 0.0286159 0.0256511 0.0140949 0.00866341 0.0097232 0.0112795 0.013899 0.00895867 0.00899786 0.0118033 0.0110671 0.00866257 0.00869926 0.0130098 
0.00909877 0.00884447 0.0174213 0.0108128 0.00928692 0.0112374 0.0100228 0.0106571 0.00950774 0.00921262 0.00939883 0.0128451 0.0102122 0.00875617 0.0102701 0.0167415 0.0102806 0.0138673 0.0114043 0.00944531 0.0170021 0.00822215 0.00733637 0.017132 0.0878718 0.00636537 0.0218783 0 0.00361418 0.00368437 0.00478069 0.00744213 0.0934768 0.0291163 0.00621808 0.00710016 0.0235418 0.00915089 0.00822981 0.0108414 0.0087904 0.00912002 0.0209266 0.0101442 0.00985603 0.00918578 0.0100719 0.0131211 0.0111286 0.0111555 0.0201928 0.00905752 0.024563 0.0125975 0.0131219 0.00900307 0.0139053 0.0133415 0.0113135 0.00925136 0.011315 0.0203157 
0.00844873 0.015817 0.00931551 0.00880425 0.0336843 0.00908317 0.00910006 0.00893828 0.0111746 0.0101888 0.0110516 0.00974111 0.00890964 0.012101 0.0152225 0.00871557 0.0106003 0.0140943 0.0095523 0.015804 0.0102225 0.00739202 0.0358875 0.0351783 0.00680918 0.00619726 0.00485176 0.00361418 0 0.00354722 0.0037644 0.133348 0.0131801 0.00492238 0.00571975 0.00708011 0.00593393 0.00687922 0.014201 0.00807829 0.00930891 0.0120984 0.00802268 0.0109542 0.0129112 0.00935765 0.010728 0.0101426 0.0089601 0.00929528 0.00886956 0.0366408 0.00984452 0.0111366 0.0087492 0.0162474 0.00987329 0.00978131 0.00883499 0.0115969 0.0228369 0.00906243 
0.0111845 0.00888642 0.0104438 0.0247778 0.00875869 0.0104273 0.00943706 0.0230242 0.0100282 0.00902669 0.00961629 0.0109193 0.0419831 0.0101895 0.00894046 0.0122783 0.0303135 0.0118415 0.0125436 0.015569 0.0273238 0.247539 0.0133762 0.00803802 0.00863725 0.00810529 0.00766987 0.00368437 0.00354722 0 0.128302 0.0337808 0.00403079 0.00428626 0.00559295 0.00573793 0.0077863 0.011011 0.00806711 0.00857224 0.00885386 0.00765669 0.0137772 0.0250439 0.0112523 0.00870065 0.010123 0.00992241 0.0126121 0.011122 0.0531035 0.00909413 0.0142896 0.00931488 0.0356892 0.0100434 0.010883 0.00943519 0.0188883 0.0114943 0.0093333 0.0145455 
0.00857728 0.008293 0.0113292 0.00876429 0.00855873 0.0088309 0.0101752 0.00891147 0.00860952 0.00846976 0.00870316 0.0104992 0.0093426 0.00851668 0.00851119 0.0120258 0.00915745 0.0118775 0.0111623 0.00899111 0.0184965 0.0094088 0.00826053 0.00964304 0.0181871 0.0106186 0.00874477 0.00478069 0.0037644 0.128302 0 0.00379501 0.00360063 0.00355437 0.00355074 0.00373207 0.00455365 0.00479308 0.00558359 0.00596918 0.00590263 0.00933856 0.720703 0.0202398 0.00826768 0.00794523 0.00901108 0.0157919 0.0113532 0.0113516 0.0105581 0.00905563 0.00981339 0.0162204 0.0103492 0.00897491 0.00976473 0.0166597 0.0100013 0.00893301 0.00927555 0.0176783 
0.00814882 0.00875761 0.00895665 0.00845823 0.00949992 0.00858221 0.00852568 0.00865802 0.00883069 0.00914038 0.00932245 0.00880107 0.00872945 0.00881439 0.0105724 0.00913968 0.00892179 0.00956575 0.00903894 0.0096014 0.00891659 0.00901569 0.00909622 0.0151121 0.00943236 0.00794837 0.00661236 0.00744213 0.133348 0.0337808 0.00379501 0 0.00356657 0.00354061 0.0036266 0.00389233 0.00386685 0.00475666 0.00624977 0.00636157 0.00845849 0.677806 0.0669738 0.00886143 0.00823104 0.00882285 0.0115045 0.00921883 0.00877707 0.00882747 0.00883847 0.0106492 0.0106427 0.00968886 0.00920419 0.00987162 0.00964598 0.00989946 0.00889311 0.00936175 0.0123197 0.00948073 
0.00826851 0.00846094 0.00845705 0.00862474 0.00868747 0.0087276 0.00816646 0.00848209 0.00906753 0.0104444 0.00883343 0.00852278 0.00870205 0.00905394 0.00866531 0.00851109 0.0089251 0.00859771 0.00842766 0.00895561 0.00845839 0.00923424 0.0142462 0.00969483 0.00799457 0.00679028 0.00629965 0.0934768 0.0131801 0.00403079 0.00360063 0.00356657 0 0.00353406 0.00354343 0.00354846 0.0035793 0.00403235 0.00549957 0.00975387 0.702488 0.0442763 0.0161628 0.00776603 0.00866396 0.00920507 0.00838008 0.00822846 0.00825227 0.00816675 0.00908466 0.00988963 0.00984291 0.00869505 0.00932081 0.00964061 0.00910126 0.00860108 0.00882785 0.00952425 0.00912767 0.00872956 
0.00819104 0.00828603 0.00839181 0.00857482 0.00848853 0.00841687 0.00809152 0.0086877 0.00942927 0.00915618 0.00888285 0.00824565 0.00912639 0.00846698 0.00870921 0.00851545 0.00872512 0.00858767 0.00829273 0.0085002 0.00864252 0.012768 0.00891657 0.00817886 0.0077132 0.00691744 0.00788825 0.0291163 0.00492238 0.00428626 0.00355437 0.00354061 0.00353406 0 0.00349265 0.00352658 0.0035181 0.00388566 0.00517716 0.690718 0.0651838 0.0136671 0.0055191 0.00738854 0.00968328 0.00794446 0.0100683 0.00789764 0.00794618 0.0080321 0.00971262 0.00902778 0.0111632 0.00843256 0.00954461 0.00868171 0.00980595 0.00838515 0.00919175 0.00892046 0.00898206 0.00883523 
0.00816647 0.0083026 0.008465 0.00831778 0.00865104 0.00852178 0.00848193 0.00836629 0.00858912 0.00999198 0.00854893 0.00838891 0.00851457 0.00876473 0.00869602 0.00837896 0.00857493 0.00861518 0.00883286 0.00873515 0.00838771 0.0102223 0.00871011 0.00863667 0.00836183 0.00741963 0.00721618 0.00621808 0.00571975 0.00559295 0.00355074 0.0036266 0.00354343 0.00349265 0 0.00351563 0.00355452 0.00390317 0.593328 0.0665432 0.0103392 0.00508462 0.005214 0.0104489 0.00749022 0.00950224 0.00802536 0.00868352 0.00799322 0.00822852 0.00840679 0.0122304 0.00858989 0.0100225 0.00874095 0.0110471 0.00857799 0.00983043 0.00865207 0.00927277 0.00927624 0.00857489 
0.00842789 0.00857451 0.00833442 0.00836946 0.00881362 0.00825249 0.00809668 0.00874445 0.00904331 0.00850503 0.00886665 0.00825964 0.0086975 0.00869434 0.0087474 0.00842677 0.00891671 0.009096 0.00848202 0.00920849 0.00917368 0.00948775 0.00969046 0.00878811 0.00803899 0.0086917 0.00752289 0.00710016 0.00708011 0.00573793 0.00373207 0.00389233 0.00354846 0.00352658 0.00351563 0 0.00356651 0.0393358 0.214023 0.00503254 0.00401563 0.00453535 0.00490113 0.00742737 0.010048 0.00792298 0.00882166 0.00800127 0.00850306 0.00833031 0.00988098 0.00890527 0.0108731 0.00831783 0.010198 0.00950149 0.00975915 0.00851408 0.0093782 0.0095209 0.00910106 0.00882423 
0.00951057 0.00813903 0.00840625 0.010579 0.00836392 0.00813687 0.00924681 0.0130464 0.00870703 0.00853513 0.0083189 0.00836092 0.0121359 0.00840568 0.00824582 0.00839494 0.0110935 0.00938964 0.0108391 0.0104299 0.00854534 0.0177662 0.00847698 0.0083251 0.00901001 0.010602 0.0102618 0.0235418 0.00593393 0.0077863 0.00455365 0.00386685 0.0035793 0.0035181 0.00355452 0.00356651 0 0.912295 0.00404247 0.00355861 0.00403787 0.00383786 0.00421768 0.0132824 0.00755774 0.00772434 0.00756858 0.00789921 0.00993977 0.0112313 0.0135521 0.0090355 0.00846047 0.00898383 0.0136009 0.0104977 0.00849772 0.00971245 0.0129199 0.00958989 0.00870829 0.00879717 
0.00849614 0.00843041 0.0117392 0.00882923 0.0087332 0.00896217 0.0104647 0.00914059 0.00870573 0.00874186 0.00865619 0.010883 0.0087851 0.00851977 0.00886092 0.0125567 0.00903201 0.0125798 0.0110752 0.00937011 0.0116212 0.0114111 0.00902672 0.00993546 0.0214255 0.0117247 0.0113145 0.00915089 0.00687922 0.011011 0.00479308 0.00475666 0.00403235 0.00388566 0.00390317 0.0393358 0.912295 0 0.0035549 0.00356832 0.00355044 0.00356939 0.00373866 0.00754304 0.00676333 0.00726335 0.00996236 0.0534899 0.0151427 0.0117717 0.0108065 0.00980098 0.0101396 0.0307962 0.0116134 0.00982569 0.0098843 0.0203969 0.0109311 0.00985154 0.0101699 0.0194203 
0.00817086 0.00921078 0.00877723 0.00867243 0.0095123 0.00874473 0.00824672 0.00867965 0.0094421 0.00968898 0.00957944 0.00935346 0.00858399 0.00908831 0.0114656 0.008876 0.0088959 0.00928492 0.00859956 0.00978518 0.00927889 0.00895718 0.0108793 0.0117627 0.0101252 0.00859598 0.00851929 0.00822981 0.014201 0.00806711 0.00558359 0.00624977 0.00549957 0.00517716 0.593328 0.214023 0.00404247 0.0035549 0 0.00353333 0.00353031 0.00357847 0.00365413 0.00602225 0.00663678 0.00797499 0.0273931 0.0404661 0.00801314 0.00866345 0.00905567 0.0133674 0.0117581 0.0108785 0.00941677 0.0106142 0.0105688 0.00991898 0.00927436 0.010898 0.0143389 0.0100743 
0.00846566 0.00862251 0.00886013 0.00917662 0.00884408 0.00952679 0.00813713 0.0088558 0.0101078 0.0109087 0.0122483 0.00864086 0.00908271 0.0090359 0.00904381 0.00870447 0.0089904 0.00879572 0.00867215 0.00897517 0.00945049 0.00995558 0.0115776 0.00987364 0.00915965 0.00858165 0.00771494 0.0108414 0.00807829 0.00857224 0.00596918 0.00636157 0.00975387 0.690718 0.0665432 0.00503254 0.00355861 0.00356832 0.00353333 0 0.00352319 0.00355876 0.00363477 0.00603609 0.00896185 0.0140674 0.0278078 0.0285881 0.00714446 0.00761865 0.0106805 0.00886201 0.0213556 0.00856775 0.0104978 0.00905582 0.0130868 0.00882241 0.0100222 0.0117707 0.0104673 0.010888 
0.00833535 0.00867218 0.00873985 0.00852559 0.00888164 0.00891148 0.00829665 0.00841883 0.00907469 0.0151602 0.00887287 0.0087038 0.00900456 0.00919219 0.00927384 0.00859377 0.00850741 0.00880761 0.00847908 0.00903324 0.00861231 0.0145341 0.00981858 0.00941271 0.0100181 0.00818734 0.00779896 0.0087904 0.00930891 0.00885386 0.00590263 0.00845849 0.702488 0.0651838 0.0103392 0.00401563 0.00403787 0.00355044 0.00353031 0.00352319 0 0.00353468 0.00353875 0.00585593 0.00870466 0.0460724 0.0108861 0.00919819 0.00692942 0.00748153 0.0100787 0.0148217 0.00850358 0.0103632 0.00884416 0.0129887 0.00903575 0.0103229 0.00883079 0.0104105 0.0118989 0.00908215 
0.00841978 0.00884587 0.00842024 0.00871773 0.00931621 0.00846792 0.00807351 0.00888511 0.0097245 0.00879778 0.00911557 0.00854097 0.00866463 0.00909905 0.009 0.00836613 0.00924561 0.00931476 0.00846076 0.00968562 0.0109724 0.00911823 0.0112911 0.00980638 0.00854733 0.00913575 0.00839915 0.00912002 0.0120984 0.00765669 0.00933856 0.677806 0.0442763 0.0136671 0.00508462 0.00453535 0.00383786 0.00356939 0.00357847 0.00355876 0.00353468 0 0.00361432 0.0127847 0.0317909 0.0106266 0.00783559 0.00621097 0.0064848 0.00746135 0.0104315 0.009581 0.0127167 0.00826164 0.0100931 0.010821 0.0107151 0.00842791 0.00951926 0.0107508 0.0113075 0.00902453 
0.00895293 0.00828125 0.00866363 0.0100811 0.00834556 0.00845401 0.00856564 0.0126282 0.00840463 0.00853227 0.00848368 0.00874611 0.0106709 0.00834775 0.00835755 0.00900811 0.0112995 0.00958413 0.00918496 0.0105598 0.0102981 0.0140288 0.00861368 0.00872347 0.00955622 0.01112 0.0101975 0.0209266 0.00802268 0.0137772 0.720703 0.0669738 0.0161628 0.0055191 0.005214 0.00490113 0.00421768 0.00373866 0.00365413 0.00363477 0.00353875 0.00361432 0 0.0297606 0.00639716 0.00512638 0.00535848 0.00558243 0.00732671 0.00775852 0.0201425 0.00854075 0.00910597 0.00874003 0.0194628 0.00932464 0.00988473 0.00899669 0.0136752 0.00908653 0.00926054 0.0113221 
0.00836909 0.00831214 0.00990964 0.00825109 0.00858761 0.00845604 0.0137349 0.0083095 0.00829493 0.00855493 0.00868733 0.0104097 0.008303 0.00840133 0.00830253 0.0103079 0.00838971 0.0113967 0.0137683 0.00958234 0.00987373 0.0117976 0.00910594 0.00977253 0.0223372 0.0126459 0.0160108 0.0101442 0.0109542 0.0250439 0.0202398 0.00886143 0.00776603 0.00738854 0.0104489 0.00742737 0.0132824 0.00754304 0.00602225 0.00603609 0.00585593 0.0127847 0.0297606 0 0.00359312 0.00375392 0.00368582 0.00510432 0.00715814 0.0115735 0.00724296 0.0100073 0.00935807 0.432262 0.00940978 0.0130384 0.00908359 0.0675409 0.00979687 0.0106765 0.0115013 0.0167887 
0.00810232 0.0083291 0.00840211 0.00817171 0.00851994 0.00819522 0.00807611 0.00813904 0.00839585 0.00854693 0.00861084 0.00814166 0.00834806 0.00821917 0.00862476 0.00839823 0.00840041 0.00858433 0.00821515 0.00853579 0.00885921 0.0092264 0.00987677 0.0104318 0.00888081 0.00975898 0.00896067 0.00985603 0.0129112 0.0112523 0.00826768 0.00823104 0.00866396 0.00968328 0.00749022 0.010048 0.00755774 0.00676333 0.00663678 0.00896185 0.00870466 0.0317909 0.00639716 0.00359312 0 0.00355553 0.00403673 0.00393687 0.00451565 0.00601551 0.00825988 0.006917 0.446526 0.0278519 0.0116591 0.00800611 0.0280581 0.00900879 0.009686 0.00902346 0.0100525 0.0109307 
0.00810166 0.0082507 0.0083145 0.00825024 0.0083594 0.00829319 0.00824398 0.00816232 0.00834089 0.00920709 0.00831564 0.00821534 0.00813639 0.00848808 0.00838924 0.0081636 0.00822814 0.00842467 0.00821778 0.00849317 0.0083718 0.00930842 0.00918206 0.00893982 0.00884105 0.00865979 0.0083685 0.00918578 0.00935765 0.00870065 0.00794523 0.00882285 0.00920507 0.00794446 0.00950224 0.00792298 0.00772434 0.00726335 0.00797499 0.0140674 0.0460724 0.0106266 0.00512638 0.00375392 0.00355553 0 0.00358253 0.00356443 0.00380247 0.00574517 0.00684158 0.282087 0.027752 0.00917202 0.00821582 0.015553 0.00833812 0.00961638 0.00843369 0.00914766 0.00991369 0.00831543 
0.00861279 0.00837346 0.00827345 0.00845569 0.00856745 0.00819995 0.00809926 0.00877206 0.00877839 0.00843027 0.00847781 0.00816539 0.00888135 0.0083685 0.00843165 0.00819328 0.00867024 0.00874189 0.00837602 0.00903899 0.0087779 0.0106406 0.00983441 0.00926638 0.00871757 0.00980152 0.00950285 0.0100719 0.010728 0.010123 0.00901108 0.0115045 0.00838008 0.0100683 0.00802536 0.00882166 0.00756858 0.00996236 0.0273931 0.0278078 0.0108861 0.00783559 0.00535848 0.00368582 0.00403673 0.00358253 0 0.00356449 0.00430991 0.00689385 0.138534 0.0272039 0.0101814 0.00701245 0.015867 0.00965908 0.0113543 0.00822078 0.0102586 0.0109416 0.00939252 0.00925481 
0.00895683 0.0080478 0.00839508 0.00876424 0.00830289 0.00814208 0.00936107 0.0096914 0.0083378 0.00847556 0.00815807 0.00828125 0.00949295 0.0083249 0.00812738 0.00817647 0.0090522 0.00963718 0.0097737 0.00998033 0.00844197 0.0171874 0.00861509 0.0087196 0.0102457 0.0121241 0.0112201 0.0131211 0.0101426 0.00992241 0.0157919 0.00921883 0.00822846 0.00789764 0.00868352 0.00800127 0.00789921 0.0534899 0.0404661 0.0285881 0.00919819 0.00621097 0.00558243 0.00510432 0.00393687 0.00356443 0.00356449 0 0.00867298 0.0175 0.0765263 0.00932607 0.00737153 0.00940338 0.0125923 0.0120432 0.00804502 0.0115966 0.0127495 0.0102322 0.00910956 0.00891029 
0.0093345 0.00822793 0.00939449 0.00923559 0.00819361 0.0082079 0.0110149 0.00948726 0.00827625 0.00807305 0.0080847 0.00852124 0.00949543 0.00808358 0.00807375 0.00927245 0.0104263 0.0104197 0.0166476 0.00990489 0.0105922 0.0121768 0.00884632 0.00917477 0.0111138 0.0304428 0.0286159 0.0111286 0.0089601 0.0126121 0.0113532 0.00877707 0.00825227 0.00794618 0.00799322 0.00850306 0.00993977 0.0151427 0.00801314 0.00714446 0.00692942 0.0064848 0.00732671 0.00715814 0.00451565 0.00380247 0.00430991 0.00867298 0 0.896635 0.0193236 0.00742105 0.00680042 0.00672535 0.0113411 0.00820034 0.00929459 0.0117803 0.0112213 0.00901556 0.00865424 0.0127585 
0.00903248 0.00816846 0.00899109 0.00889636 0.00822706 0.00808251 0.0107158 0.00942066 0.00816696 0.00818691 0.00805454 0.00831973 0.0090098 0.00809701 0.00799225 0.00857263 0.00947275 0.0100108 0.0160675 0.00948172 0.00903697 0.0128004 0.00862174 0.00908653 0.0106197 0.0225453 0.0256511 0.0111555 0.00929528 0.011122 0.0113516 0.00882747 0.00816675 0.0080321 0.00822852 0.00833031 0.0112313 0.0117717 0.00866345 0.00761865 0.00748153 0.00746135 0.00775852 0.0115735 0.00601551 0.00574517 0.00689385 0.0175 0.896635 0 0.063871 0.00462782 0.00393302 0.00558309 0.008843 0.00774805 0.00730609 0.0170944 0.0103799 0.00876923 0.00830569 0.0105913 
0.00863548 0.00821861 0.010164 0.00916459 0.0082702 0.00862277 0.00887529 0.00871186 0.00826179 0.00821718 0.00840853 0.00906193 0.00881146 0.00818582 0.0083361 0.0106565 0.00880949 0.009724 0.009768 0.0086087 0.013086 0.00980859 0.00947572 0.010209 0.0123758 0.0151151 0.0140949 0.0201928 0.00886956 0.0531035 0.0105581 0.00883847 0.00908466 0.00971262 0.00840679 0.00988098 0.0135521 0.0108065 0.00905567 0.0106805 0.0100787 0.0104315 0.0201425 0.00724296 0.00825988 0.00684158 0.138534 0.0765263 0.0193236 0.063871 0 0.00359465 0.00372914 0.00382393 0.00696902 0.00551605 0.0982534 0.14341 0.0161674 0.00762339 0.00884449 0.0485749 
0.00814286 0.00858355 0.00845604 0.00826753 0.0100291 0.00848428 0.00836265 0.00825296 0.00860368 0.00948994 0.00856148 0.00833133 0.00815192 0.00878544 0.00845841 0.00828916 0.00832478 0.008701 0.00856797 0.00889926 0.0085224 0.00944135 0.00947508 0.0100315 0.00955799 0.00862381 0.00866341 0.00905752 0.0366408 0.00909413 0.00905563 0.0106492 0.00988963 0.00902778 0.0122304 0.00890527 0.0090355 0.00980098 0.0133674 0.00886201 0.0148217 0.009581 0.00854075 0.0100073 0.006917 0.282087 0.0272039 0.00932607 0.00742105 0.00462782 0.00359465 0 0.00355533 0.00365316 0.00401962 0.132977 0.0835343 0.0834423 0.00647345 0.011019 0.0253412 0.00662239 
0.00882325 0.00825615 0.00824937 0.00903559 0.00827488 0.0083535 0.00798343 0.00872381 0.00930218 0.00841956 0.00864113 0.00826695 0.00932074 0.00842309 0.00848769 0.00841596 0.00880317 0.00868831 0.00811417 0.00855913 0.00971223 0.00966911 0.0117608 0.00989857 0.00850582 0.0100236 0.0097232 0.024563 0.00984452 0.0142896 0.00981339 0.0106427 0.00984291 0.0111632 0.00858989 0.0108731 0.00846047 0.0101396 0.0117581 0.0213556 0.00850358 0.0127167 0.00910597 0.00935807 0.446526 0.027752 0.0101814 0.00737153 0.00680042 0.00393302 0.00372914 0.00355533 0 0.00351855 0.0674979 0.0834955 0.0757443 0.00540321 0.0148954 0.0190232 0.00697389 0.00703951 
0.00882957 0.00822571 0.00845635 0.00868685 0.00854575 0.00817115 0.00965321 0.0097993 0.0084585 0.0085852 0.00819212 0.00826248 0.0091425 0.00847147 0.00824455 0.00816794 0.0101218 0.00933816 0.0103578 0.011573 0.00825727 0.0177391 0.00863267 0.00863579 0.0100314 0.0115069 0.0112795 0.0125975 0.0111366 0.00931488 0.0162204 0.00968886 0.00869505 0.00843256 0.0100225 0.00831783 0.00898383 0.0307962 0.0108785 0.00856775 0.0103632 0.00826164 0.00874003 0.432262 0.0278519 0.00917202 0.00701245 0.00940338 0.00672535 0.00558309 0.00382393 0.00365316 0.00351855 0 0.115324 0.0668251 0.00394392 0.0069846 0.0250886 0.0074477 0.00678503 0.00600327 
0.00892137 0.00816041 0.0102057 0.00878919 0.0081388 0.00834101 0.00891476 0.00888561 0.00819465 0.00820563 0.00844683 0.00879468 0.00885274 0.00808131 0.0082467 0.0102072 0.00876373 0.00968969 0.00958126 0.00846668 0.0127443 0.0097184 0.00924104 0.0102866 0.0128591 0.0156425 0.013899 0.0131219 0.0087492 0.0356892 0.0103492 0.00920419 0.00932081 0.00954461 0.00874095 0.010198 0.0136009 0.0116134 0.00941677 0.0104978 0.00884416 0.0100931 0.0194628 0.00940978 0.0116591 0.00821582 0.015867 0.0125923 0.0113411 0.008843 0.00696902 0.00401962 0.0674979 0.115324 0 0.00375621 0.00379646 0.00480201 0.00505965 0.00556908 0.0103992 0.916238 
0.00808376 0.00847569 0.00868709 0.00815485 0.00937764 0.00834713 0.0085171 0.00812011 0.00840563 0.00889637 0.00839613 0.00830306 0.00815406 0.00850229 0.00834428 0.0082059 0.00822735 0.0087078 0.0086257 0.00866413 0.00849019 0.00915759 0.00892776 0.0101368 0.0105541 0.00908878 0.00895867 0.00900307 0.0162474 0.0100434 0.00897491 0.00987162 0.00964061 0.00868171 0.0110471 0.00950149 0.0104977 0.00982569 0.0106142 0.00905582 0.0129887 0.010821 0.00932464 0.0130384 0.00800611 0.015553 0.00965908 0.0120432 0.00820034 0.00774805 0.00551605 0.132977 0.0834955 0.0668251 0.00375621 0 0.0037581 0.00373756 0.00424212 0.00989393 0.950327 0.00557537 
0.00875565 0.00833113 0.00828001 0.0086327 0.00831969 0.00821398 0.00800516 0.00882077 0.00879106 0.00834614 0.00840005 0.00812978 0.00885697 0.00844596 0.00832892 0.00823095 0.00874318 0.00857275 0.008288 0.00849397 0.00879844 0.00968984 0.0101024 0.00944677 0.00853098 0.00973067 0.00899786 0.0139053 0.00987329 0.010883 0.00976473 0.00964598 0.00910126 0.00980595 0.00857799 0.00975915 0.00849772 0.0098843 0.0105688 0.0130868 0.00903575 0.0107151 0.00988473 0.00908359 0.0280581 0.00833812 0.0113543 0.00804502 0.00929459 0.00730609 0.0982534 0.0835343 0.0757443 0.00394392 0.00379646 0.0037581 0 0.00361634 0.0065246 0.950358 0.00443712 0.00444466 
0.00969263 0.00831303 0.00851063 0.00948628 0.00830342 0.00816014 0.00971902 0.0101359 0.00865851 0.00858915 0.00817074 0.00821739 0.00989961 0.00845257 0.0082004 0.00819372 0.0102106 0.00947455 0.011168 0.0118572 0.00831187 0.0163819 0.00874127 0.00879296 0.010273 0.0113345 0.0118033 0.0133415 0.00978131 0.00943519 0.0166597 0.00989946 0.00860108 0.00838515 0.00983043 0.00851408 0.00971245 0.0203969 0.00991898 0.00882241 0.0103229 0.00842791 0.00899669 0.0675409 0.00900879 0.00961638 0.00822078 0.0115966 0.0117803 0.0170944 0.14341 0.0834423 0.00540321 0.0069846 0.00480201 0.00373756 0.00361634 0 0.972158 0.00545265 0.00426183 0.00364756 
0.00847034 0.0081363 0.0093934 0.00849175 0.00824352 0.00831622 0.00851719 0.00849146 0.00820839 0.0081238 0.00839969 0.00870019 0.00852606 0.00801994 0.00818683 0.00954896 0.00861574 0.00917073 0.00896062 0.00829812 0.0112043 0.00941018 0.00872786 0.00947919 0.0109428 0.0123579 0.0110671 0.0113135 0.00883499 0.0188883 0.0100013 0.00889311 0.00882785 0.00919175 0.00865207 0.0093782 0.0129199 0.0109311 0.00927436 0.0100222 0.00883079 0.00951926 0.0136752 0.00979687 0.009686 0.00843369 0.0102586 0.0127495 0.0112213 0.0103799 0.0161674 0.00647345 0.0148954 0.0250886 0.00505965 0.00424212 0.0065246 0.972158 0 0.00359089 0.00354726 0.00378608 
0.00807478 0.00826668 0.00836889 0.00816376 0.00838059 0.00822598 0.00805436 0.00814351 0.00823084 0.00843075 0.00818782 0.00814496 0.00811598 0.00826094 0.00822922 0.00809689 0.00813287 0.00833913 0.00819658 0.00851887 0.0083952 0.00870768 0.00892958 0.00951922 0.0093291 0.00888765 0.00866257 0.00925136 0.0115969 0.0114943 0.00893301 0.00936175 0.00952425 0.00892046 0.00927277 0.0095209 0.00958989 0.00985154 0.010898 0.0117707 0.0104105 0.0107508 0.00908653 0.0106765 0.00902346 0.00914766 0.0109416 0.0102322 0.00901556 0.00876923 0.00762339 0.011019 0.0190232 0.0074477 0.00556908 0.00989393 0.950358 0.00545265 0.00359089 0 0.00355411 0.00360084 
