1F0PA
SRPGLPVEYLQVPSPSMGRDIKVQFQSGGNNSPAVYLLDGLRAQDDYNGWDINTPAFEWYYQSGLSIVMPVGGQSSFYSDWYSPACGKAGCQTYKWETFLTSELPQWLSANRAVKPTGSAAIGLSMAGSSAMILAAYHPQQFIYAGSLSALLDPSQGMGPSLIGLAMGDAGGYKAADMWGPSSDPAWERNDPTQQIPKLVANNTRLWVYCGNGTPNELGGANIPAEFLENFVRSSNLKFQDAYNAAGGHNAVFNFPPNGTHSWEYWGAQLNAMKGDLQSSLGAG
CCCCCCCEEEEEEECCCCEEEEEEEECCCCCCCEEEEECCCCCCCCCCHHHHHCCHHHHHCCCCCEEEEECCCCCCCCCECCCCEEECCEEECCEHHHHHHCHHHHHHHHHHCCCCCCEEEEEECHHHHHHHHHHHHCCCCEEEEEEECCCCCCCCCCHHHHHHHHHHHCCCCCHHHHHCCCCCHHHHHCCCCCCHHHHHHCCCEEEEECCCCCCCCCCCCCHHHHHHHHHHHHHHHHHHHHHHHCCCCCEEEECCCCCCCCHHHHHHHHHHCHHHHHHHHCCC
0 0 0 0 0 0 0 0 0 0 0 0 0 0 0 0 0 0 0 0 0 0 0 0 0 0 0 0 0 0 0 0 0 0 0 0 0 0 0 0 0 0 0 0 0 0 0 0 0 0 0 0 0 0 0 0 0 0 0 0 0 0 0 0 0 0 0 0 0 0 0 0 0 0 0 0 0 0 0 0 0 0 0 0 0 0 0 0 0 0 0 0 0 0 0 0 0 0 0 0 0 0 0 0 0 0 0 0 0 0 0 0 0 0 0 0 0 0 0 0 0 0 0 0 0 0 0 0 0 0 0 0 0 0 0 0 0 0 0 0 0 0 0 0 0 0 0 0 0 0 0 0 0 0 0 0 0 0 0 0 0 0 0 0 0 0 0 0 0 0 0 0 0 0 0 0 0 0 0 0 0 0 0 0 0 0 0 0 0 0 0 0 0 0 0 0 0 0 0 0 0 0 0 0 0 0 0 0 0 0 0 0 0 0 0 0 0 0 0 0 0 0 0 0 0 0 0 0 0 0 0 0 0 0 0 0 0 0 0 0 0 0 0 0 0 0 0 0 0 0 0 0 0 0 0 0 0 0 0 0 0 0 0 0 0 0 0 0 0 0 0 0 0 0 0 0 0 0 0 0 0 0 0 0 
0 0 0 0 0 0 0 0 0 0 0 0 0 0 0 0 0 0 0 0 0 0 0 0 0 0 0 0 0 0 0 0 0 0 0 0 0 0 0 0 0 0 0 0 0 0 0 0 0 0 0 0 0 0 0 0 0 0 0 0 0 0 0 0 0 0 0 0 0 0 0 0 0 0 0 0 0 0 0 0 0 0 0 0 0 0 0 0 0 0 0 0 0 0 0 0 0 0 0 0 0 0 0 0 0 0 0 0 0 0 0 0 0 0 0 0 0 0 0 0 0 0 0 0 0 0 0 0 0 0 0 0 0 0 0 0 0 0 0 0 0 0 0 0 0 0 0 0 0 0 0 0 0 0 0 0 0 0 0 0 0 0 0 0 0 0 0 0 0 0 0 0 0 0 0 0 0 0 0 0 0 0 0 0 0 0 0 0 0 0 0 0 0 0 0 0 0 0 0 0 0 0 0 0 0 0 0 0 0 0 0 0 0 0 0 0 0 0 0 0 0 0 0 0 0 0 0 0 0 0 0 0 0 0 0 0 0 0 0 0 0 0 0 0 0 0 0 0 0 0 0 0 0 0 0 0 0 0 0 0 0 0 0 0 0 0 0 0 0 0 0 0 0 0 0 0 0 0 0 0 0 0 0 0 
0 0.00399161 0.00380991 0.00381464 0.00382195 0.00571925 0.00783441 0.0102605 0.00807384 0.00933013 0.00918077 0.0106078 0.0143259 0.693594 0.0600694 0.014365 0.0110199 0.0117843 0.0111765 0.0162061 0.0139219 0.00995835 0.00976176 0.00972602 0.0125776 0.00995007 0.00881726 0.00861298 0.011737 0.00864357 0.00835599 0.00962844 0.00986075 0.00849274 0.00831866 0.00836131 0.00849978 0.00865401 0.00862847 0.00848477 0.00825602 0.00823726 0.00816913 0.00819619 0.00824458 0.00863221 0.00845625 0.0081871 0.00819491 0.00817445 0.00844394 0.00843682 0.00833351 0.00838437 0.00881057 
0.00399161 0 0.00359436 0.00363331 0.00362605 0.00396978 0.0038126 0.00606811 0.0110398 0.0071237 0.0123609 0.00957974 0.894822 0.0306919 0.010046 0.0113162 0.0170122 0.0155257 0.0133465 0.00947192 0.0121579 0.0135594 0.0120456 0.0109619 0.0095701 0.00860703 0.00866847 0.00891537 0.0089134 0.00845152 0.00866976 0.00842348 0.0087001 0.0082479 0.00855706 0.00909831 0.00869701 0.00887848 0.00834736 0.00812104 0.00838127 0.0083822 0.00837223 0.00834438 0.00833495 0.00810922 0.00808199 0.00828849 0.00852527 0.0083205 0.0082021 0.00815929 0.00826135 0.00832227 0.00833303 
0.00380991 0.00359436 0 0.00355824 0.0037035 0.00357028 0.0036665 0.00828845 0.00640588 0.0132759 0.00780919 0.947013 0.0113616 0.0104281 0.00909467 0.0108201 0.0159424 0.0212022 0.0118677 0.0104139 0.00973188 0.0211788 0.0203936 0.0109976 0.00953335 0.00818807 0.00886313 0.00848662 0.00899168 0.0084583 0.00827917 0.00867628 0.00799862 0.00820222 0.0095715 0.0102667 0.0123884 0.00927187 0.00852186 0.00843282 0.00849675 0.00934323 0.00928319 0.0093601 0.0085825 0.00825112 0.00811521 0.00847997 0.00880195 0.00860812 0.00829618 0.00821924 0.0083673 0.0084603 0.00833607 
0.00381464 0.00363331 0.00355824 0 0.00354528 0.00363586 0.00353645 0.00542716 0.0146911 0.00722233 0.964408 0.00911104 0.0119631 0.00819532 0.00841658 0.0104649 0.0121238 0.0192338 0.0121516 0.00899145 0.0164833 0.0134163 0.03254 0.0117345 0.00900504 0.00890406 0.00880951 0.00871929 0.00842989 0.00885606 0.00852677 0.00813456 0.00890075 0.00871614 0.00890808 0.0136659 0.0110025 0.0104068 0.00823346 0.00828055 0.00871448 0.00885651 0.0092169 0.00885031 0.00871228 0.00810818 0.00820961 0.00843577 0.00869559 0.00838262 0.00813847 0.00825519 0.00822184 0.00831764 0.00830034 
0.00382195 0.00362605 0.0037035 0.00354528 0 0.00352527 0.00355432 0.00734908 0.00692783 0.976909 0.007667 0.0156198 0.00734368 0.00846847 0.00773904 0.0101945 0.0138748 0.016705 0.0130153 0.0101171 0.0107821 0.026121 0.0198494 0.0108054 0.00931368 0.00814252 0.00883064 0.00851358 0.00880543 0.00843147 0.00825557 0.00859596 0.00799648 0.00825733 0.00974505 0.0108301 0.0115946 0.00918443 0.00843626 0.00854493 0.00844927 0.00950664 0.00865639 0.00929648 0.00838507 0.00830865 0.00812009 0.00849287 0.0086904 0.00843475 0.00823209 0.00819562 0.008349 0.00846201 0.00829707 
0.00571925 0.00396978 0.00357028 0.00363586 0.00352527 0 0.00352513 0.00564978 0.990707 0.00732623 0.00949461 0.00664911 0.00846826 0.00770095 0.00752344 0.011206 0.0134705 0.010761 0.0134827 0.00916841 0.0143333 0.0119929 0.0130772 0.0119306 0.00908094 0.00880086 0.00940631 0.00983396 0.00838787 0.00898187 0.0091121 0.00817133 0.00906034 0.00889326 0.00904025 0.00944145 0.00895941 0.00903545 0.00825462 0.00862343 0.00853347 0.00838322 0.00852054 0.00841827 0.00851992 0.00814191 0.00830367 0.00834939 0.00826909 0.00821482 0.00803099 0.00821842 0.00811178 0.00814479 0.00807014 
0.00783441 0.0038126 0.0036665 0.00353645 0.00355432 0.00352513 0 0.98444 0.007797 0.00699721 0.00518171 0.00678619 0.00642293 0.00727967 0.00826065 0.0170666 0.0111022 0.00995722 0.0100626 0.015716 0.0167579 0.0102225 0.00946531 0.00906073 0.0100857 0.00954129 0.015313 0.00864196 0.00936031 0.011518 0.00832039 0.00913619 0.00909591 0.0108019 0.00878235 0.00845321 0.00867823 0.00846385 0.00868819 0.00999182 0.00815513 0.00828121 0.00819841 0.00832888 0.00815448 0.00881998 0.00859388 0.00819325 0.00825928 0.00808253 0.00817269 0.00835662 0.00818606 0.00810873 0.00810761 
0.0102605 0.00606811 0.00828845 0.00542716 0.00734908 0.00564978 0.98444 0 0.0036711 0.00364959 0.00359424 0.00380971 0.00363036 0.00403891 0.00766356 0.0131525 0.010341 0.00981518 0.0108613 0.0273428 0.0288445 0.0127933 0.0106051 0.00985783 0.0168241 0.00938417 0.00985846 0.00868604 0.0160737 0.00870102 0.00830373 0.0120219 0.00941502 0.0087345 0.00863849 0.00852661 0.00871029 0.00855051 0.0107499 0.00869675 0.00826614 0.00829038 0.00823767 0.00827323 0.00815667 0.00864586 0.00827378 0.00817419 0.00817801 0.00821649 0.00825714 0.00836896 0.00820754 0.00826292 0.00840395 
0.00807384 0.0110398 0.00640588 0.0146911 0.00692783 0.990707 0.007797 0.0036711 0 0.00352848 0.00356787 0.00361018 0.00356099 0.00444346 0.0042474 0.00867676 0.0101743 0.0101968 0.0134307 0.0103075 0.0143607 0.0145342 0.0142828 0.0117039 0.00962895 0.00908044 0.00880622 0.0100782 0.0089656 0.00858671 0.008943 0.00828604 0.00942473 0.00838455 0.00861342 0.0104458 0.00903748 0.00952423 0.00841425 0.00813334 0.00847209 0.00848398 0.00852571 0.00854366 0.00851768 0.00812824 0.00817973 0.00835718 0.00851673 0.00833821 0.0081217 0.00813013 0.00825879 0.00826991 0.0082798 
0.00933013 0.0071237 0.0132759 0.00722233 0.976909 0.00732623 0.00699721 0.00364959 0.00352848 0 0.00353135 0.00361165 0.0036025 0.00358372 0.0036488 0.00790183 0.00992274 0.0112968 0.0124425 0.0180813 0.0123335 0.0324033 0.0260086 0.0117825 0.0101386 0.00827464 0.00983463 0.00868592 0.00962503 0.00877242 0.00839944 0.00914766 0.00810577 0.00844501 0.0111183 0.0139361 0.0159767 0.00988446 0.00868635 0.00907159 0.00850884 0.010391 0.00951352 0.0101264 0.00871687 0.00851645 0.00811814 0.00864472 0.00879553 0.00859507 0.00830508 0.00821254 0.00834737 0.00849459 0.0082689 
0.00918077 0.0123609 0.00780919 0.964408 0.007667 0.00949461 0.00518171 0.00359424 0.00356787 0.00353135 0 0.00353072 0.00354935 0.00357483 0.00355647 0.00798645 0.00970085 0.0187233 0.0212714 0.0126675 0.0186423 0.0192501 0.0374385 0.0136121 0.00932175 0.00907808 0.00899114 0.00910991 0.0086364 0.00891313 0.00862876 0.00818672 0.00899153 0.00870748 0.00991756 0.0189133 0.0146655 0.013083 0.00844901 0.00831793 0.00941397 0.00958459 0.010545 0.00988052 0.00981989 0.00819412 0.00831865 0.00861981 0.00912676 0.00862451 0.00824289 0.00823198 0.00827563 0.00835929 0.00831195 
0.0106078 0.00957974 0.947013 0.00911104 0.0156198 0.00664911 0.00678619 0.00380971 0.00361018 0.00361165 0.00353072 0 0.00353444 0.00357817 0.00355336 0.00857978 0.0131123 0.0341334 0.0318519 0.013688 0.0140098 0.0476327 0.0443993 0.0203603 0.0109571 0.00834203 0.00996736 0.00908143 0.00947493 0.00884813 0.0085839 0.00880236 0.00821532 0.0086178 0.0137339 0.0212507 0.0265314 0.0114514 0.00897337 0.00897081 0.00897503 0.0111797 0.0107423 0.0113057 0.00913863 0.00872594 0.00826508 0.00895588 0.00933278 0.00901622 0.00848354 0.00823216 0.00832374 0.00851682 0.00837239 
0.0143259 0.894822 0.0113616 0.0119631 0.00734368 0.00846826 0.00642293 0.00363036 0.00356099 0.0036025 0.00354935 0.00353444 0 0.00354536 0.00354694 0.00816407 0.0191811 0.0689786 0.0176315 0.00830391 0.0178747 0.0272195 0.0967185 0.0205085 0.0103637 0.00862861 0.00933088 0.00954701 0.00911284 0.00877797 0.00863626 0.00841076 0.00848015 0.00870828 0.0118219 0.0257287 0.0194599 0.0141814 0.00871734 0.00834495 0.00921372 0.0101875 0.0104704 0.010524 0.00953087 0.00837974 0.00814165 0.00878108 0.00948219 0.00879616 0.00832696 0.00813046 0.00826579 0.00834188 0.00824694 
0.693594 0.0306919 0.0104281 0.00819532 0.00846847 0.00770095 0.00727967 0.00403891 0.00444346 0.00358372 0.00357483 0.00357817 0.00354536 0 0.00356115 0.0188389 0.0707572 0.0172149 0.021361 0.0114413 0.0143018 0.0315082 0.0233833 0.036335 0.0121009 0.00885653 0.0107652 0.0126746 0.00916466 0.00925075 0.00921257 0.00864435 0.00892811 0.0090619 0.0114891 0.0123867 0.0124837 0.0121186 0.00879368 0.00909037 0.00881929 0.00914099 0.00943004 0.00936558 0.00917102 0.00866986 0.00821164 0.0085715 0.00882566 0.00871784 0.00822048 0.008228 0.00825869 0.00829535 0.00818729 
0.0600694 0.010046 0.00909467 0.00841658 0.00773904 0.00752344 0.00826065 0.00766356 0.0042474 0.0036488 0.00355647 0.00355336 0.00354694 0.00356115 0 0.0388833 0.011401 0.0144473 0.0095735 0.0161865 0.0182419 0.0122791 0.0114775 0.00966101 0.0152413 0.0108995 0.0158548 0.00897985 0.0104924 0.0128421 0.00847215 0.00909465 0.00966734 0.0119822 0.00903687 0.00889846 0.00898228 0.00902672 0.0102299 0.0104139 0.00822328 0.00832199 0.00840736 0.00844557 0.00843429 0.0090391 0.00859436 0.00822623 0.00834913 0.00817678 0.00828867 0.0082782 0.00813428 0.00810475 0.00810975 
0.014365 0.0113162 0.0108201 0.0104649 0.0101945 0.011206 0.0170666 0.0131525 0.00867676 0.00790183 0.00798645 0.00857978 0.00816407 0.0188389 0.0388833 0 0.00362058 0.00358728 0.00364253 0.00397377 0.680894 0.0238675 0.0240718 0.0130303 0.0308092 0.0116103 0.0137757 0.0108067 0.0204086 0.0100237 0.0091448 0.0136097 0.0132417 0.0108868 0.0109515 0.0113548 0.0127521 0.0116096 0.0136315 0.00904567 0.00892034 0.00889188 0.00905623 0.00917091 0.00925774 0.0102949 0.00878012 0.00842661 0.00855115 0.00858523 0.00892678 0.00832634 0.00821418 0.0083502 0.00867772 
0.0110199 0.0170122 0.0159424 0.0121238 0.0138748 0.0134705 0.0111022 0.010341 0.0101743 0.00992274 0.00970085 0.0131123 0.0191811 0.0707572 0.011401 0.00362058 0 0.00357065 0.00360732 0.00361897 0.0552989 0.742643 0.0254606 0.0521159 0.0120347 0.0098263 0.0105883 0.0162896 0.0106394 0.0095748 0.00997664 0.0090338 0.00962077 0.00936167 0.0177731 0.0252648 0.0246522 0.0182583 0.009409 0.00893551 0.0100553 0.0104273 0.0116729 0.0123422 0.0104035 0.00899625 0.00838009 0.00918822 0.00954889 0.00907467 0.0084069 0.00827626 0.00846092 0.00855451 0.00829115 
0.0117843 0.0155257 0.0212022 0.0192338 0.016705 0.010761 0.00995722 0.00981518 0.0101968 0.0112968 0.0187233 0.0341334 0.0689786 0.0172149 0.0144473 0.00358728 0.00357065 0 0.00357472 0.00354605 0.092515 0.055284 0.734076 0.0252674 0.0191004 0.00886736 0.0117614 0.0107858 0.0104023 0.0100583 0.0093273 0.00916421 0.00884346 0.00975935 0.0191377 0.0644795 0.0558726 0.0217881 0.00986889 0.00906634 0.0111928 0.0177417 0.0157117 0.0199103 0.0123062 0.00916078 0.00862769 0.0098444 0.0107241 0.00983691 0.00883571 0.00836784 0.00861491 0.00881828 0.00848524 
0.0111765 0.0133465 0.0118677 0.0121516 0.0130153 0.0134827 0.0100626 0.0108613 0.0134307 0.0124425 0.0212714 0.0318519 0.0176315 0.021361 0.0095735 0.00364253 0.00360732 0.00357472 0 0.00390499 0.0210384 0.161277 0.0687691 0.571858 0.0166945 0.0108626 0.0115259 0.0211669 0.010883 0.00946602 0.0117397 0.00940051 0.00960566 0.00989256 0.0170404 0.0221147 0.0230085 0.0332942 0.00999208 0.00961414 0.0100782 0.0110399 0.0123269 0.0117081 0.0120953 0.0098575 0.00844594 0.00929251 0.00982684 0.00974043 0.00859984 0.00841484 0.00845345 0.00847658 0.00838981 
0.0162061 0.00947192 0.0104139 0.00899145 0.0101171 0.00916841 0.015716 0.0273428 0.0103075 0.0180813 0.0126675 0.013688 0.00830391 0.0114413 0.0161865 0.00397377 0.00361897 0.00354605 0.00390499 0 0.0307118 0.018569 0.0952696 0.0413491 0.47443 0.0112464 0.0193197 0.0105329 0.0152027 0.0120193 0.00870814 0.0118524 0.0104563 0.0133477 0.0106056 0.0112045 0.0123322 0.0163952 0.0145411 0.0114666 0.00867431 0.00902191 0.0094615 0.0102023 0.00965621 0.0119563 0.00880221 0.00854353 0.00870481 0.00855777 0.00863403 0.00827784 0.00830081 0.00819569 0.00818891 
0.0139219 0.0121579 0.00973188 0.0164833 0.0107821 0.0143333 0.0167579 0.0288445 0.0143607 0.0123335 0.0186423 0.0140098 0.0178747 0.0143018 0.0182419 0.680894 0.0552989 0.092515 0.0210384 0.0307118 0 0.00368735 0.00359316 0.00361638 0.00426123 0.0235646 0.0212194 0.0131803 0.0350109 0.0125933 0.0101215 0.017155 0.0250473 0.0203385 0.0148434 0.0144168 0.0149273 0.0152129 0.0192074 0.0129071 0.00963191 0.0101558 0.00969488 0.0103236 0.0109463 0.0134964 0.00920796 0.00870665 0.009293 0.0091089 0.00992928 0.00871695 0.00820988 0.008342 0.00922155 
0.00995835 0.0135594 0.0211788 0.0134163 0.026121 0.0119929 0.0102225 0.0127933 0.0145342 0.0324033 0.0192501 0.0476327 0.0272195 0.0315082 0.0122791 0.0238675 0.742643 0.055284 0.161277 0.018569 0.00368735 0 0.0035795 0.00357753 0.00358112 0.00775058 0.0233923 0.031785 0.0164732 0.0109601 0.0164873 0.00985053 0.0100615 0.0115615 0.0382841 0.0415809 0.045393 0.030682 0.0117046 0.0104857 0.0157901 0.015966 0.0228939 0.020832 0.0156843 0.0106921 0.00893048 0.0106331 0.0105563 0.0104364 0.00883975 0.00823654 0.00852705 0.00874188 0.00843929 
0.00976176 0.0120456 0.0203936 0.03254 0.0198494 0.0130772 0.00946531 0.0106051 0.0142828 0.0260086 0.0374385 0.0443993 0.0967185 0.0233833 0.0114775 0.0240718 0.0254606 0.734076 0.0687691 0.0952696 0.00359316 0.0035795 0 0.00353717 0.00354001 0.00727886 0.0153459 0.0120233 0.0152041 0.0129818 0.00960908 0.0100802 0.00915115 0.0119482 0.0264145 0.112343 0.0897897 0.0345506 0.0116459 0.010493 0.015149 0.0325618 0.0338736 0.054839 0.0169292 0.0100732 0.00878207 0.0103225 0.0144732 0.0104536 0.00953444 0.00830946 0.00851531 0.00868723 0.00852622 
0.00972602 0.0109619 0.0109976 0.0117345 0.0108054 0.0119306 0.00906073 0.00985783 0.0117039 0.0117825 0.0136121 0.0203603 0.0205085 0.036335 0.00966101 0.0130303 0.0521159 0.0252674 0.571858 0.0413491 0.00361638 0.00357753 0.00353717 0 0.00360688 0.00980642 0.0101047 0.0568654 0.012323 0.00895851 0.0244562 0.00941744 0.00932296 0.0102607 0.0295599 0.0300086 0.0269387 0.0553388 0.0109251 0.00966418 0.0119765 0.0121919 0.0174874 0.0161784 0.0212207 0.00976219 0.00877127 0.00969964 0.00991872 0.0107528 0.00847681 0.00816417 0.00831151 0.00852431 0.00815274 
0.0125776 0.0095701 0.00953335 0.00900504 0.00931368 0.00908094 0.0100857 0.0168241 0.00962895 0.0101386 0.00932175 0.0109571 0.0103637 0.0121009 0.0152413 0.0308092 0.0120347 0.0191004 0.0166945 0.47443 0.00426123 0.00358112 0.00354001 0.00360688 0 0.0111158 0.0416514 0.0142315 0.0280096 0.0146249 0.00866434 0.0211819 0.0106044 0.0197814 0.0124527 0.0123084 0.0128602 0.0163805 0.0255102 0.0134859 0.00891631 0.00941087 0.00968887 0.0105131 0.0106725 0.0142012 0.00972828 0.00864771 0.00882659 0.00861954 0.00872774 0.00830908 0.00811859 0.0081037 0.00816658 
0.00995007 0.00860703 0.00818807 0.00890406 0.00814252 0.00880086 0.00954129 0.00938417 0.00908044 0.00827464 0.00907808 0.00834203 0.00862861 0.00885653 0.0108995 0.0116103 0.0098263 0.00886736 0.0108626 0.0112464 0.0235646 0.00775058 0.00727886 0.00980642 0.0111158 0 0.0307592 0.0108633 0.00667832 0.00713385 0.00724251 0.00847807 0.358665 0.0131021 0.00910425 0.00901033 0.00869481 0.0104707 0.0121251 0.00994347 0.00836745 0.00830586 0.00832823 0.00828748 0.00863352 0.00978136 0.00872836 0.00797116 0.00811374 0.00803011 0.00848288 0.0082267 0.00804494 0.00797414 0.00911048 
0.00881726 0.00866847 0.00886313 0.00880951 0.00883064 0.00940631 0.015313 0.00985846 0.00880622 0.00983463 0.00899114 0.00996736 0.00933088 0.0107652 0.0158548 0.0137757 0.0105883 0.0117614 0.0115259 0.0193197 0.0212194 0.0233923 0.0153459 0.0101047 0.0416514 0.0307592 0 0.00358493 0.00361755 0.0040742 0.00528111 0.908709 0.00611301 0.0149301 0.0123741 0.0114701 0.011066 0.0110989 0.0177426 0.0102542 0.00901675 0.00956884 0.00913703 0.00951423 0.00985749 0.014775 0.00830427 0.00836902 0.00855295 0.00850955 0.00939139 0.00815365 0.00804492 0.00820315 0.00866437 
0.00861298 0.00891537 0.00848662 0.00871929 0.00851358 0.00983396 0.00864196 0.00868604 0.0100782 0.00868592 0.00910991 0.00908143 0.00954701 0.0126746 0.00897985 0.0108067 0.0162896 0.0107858 0.0211669 0.0105329 0.0131803 0.031785 0.0120233 0.0568654 0.0142315 0.0108633 0.00358493 0 0.00381701 0.00401872 0.982922 0.0055529 0.007201 0.0103944 0.0203334 0.0116926 0.0112447 0.0359982 0.0104526 0.00952163 0.0107575 0.00902969 0.00946378 0.00950628 0.0155397 0.00920916 0.00836338 0.00872633 0.00874516 0.00896732 0.00832632 0.00803038 0.0082031 0.00821568 0.00812507 
0.011737 0.0089134 0.00899168 0.00842989 0.00880543 0.00838787 0.00936031 0.0160737 0.0089656 0.00962503 0.0086364 0.00947493 0.00911284 0.00916466 0.0104924 0.0204086 0.0106394 0.0104023 0.010883 0.0152027 0.0350109 0.0164732 0.0152041 0.012323 0.0280096 0.00667832 0.00361755 0.00381701 0 0.973017 0.00442702 0.00565526 0.00497226 0.0231848 0.0111881 0.011404 0.0104621 0.012013 0.0200789 0.018475 0.00882785 0.00909014 0.00938825 0.00938704 0.00961916 0.0138026 0.0102246 0.00889001 0.00848564 0.00864177 0.00872253 0.00844291 0.00813432 0.00835834 0.00813146 
0.00864357 0.00845152 0.0084583 0.00885606 0.00843147 0.00898187 0.011518 0.00870102 0.00858671 0.00877242 0.00891313 0.00884813 0.00877797 0.00925075 0.0128421 0.0100237 0.0095748 0.0100583 0.00946602 0.0120193 0.0125933 0.0109601 0.0129818 0.00895851 0.0146249 0.00713385 0.0040742 0.00401872 0.973017 0 0.00366156 0.00360682 0.00638592 0.01793 0.0118414 0.0105693 0.0109574 0.00975431 0.013 0.00960764 0.00882472 0.00940524 0.00875844 0.00889879 0.00894661 0.0132366 0.00821266 0.00817221 0.00828651 0.0082487 0.00898709 0.00823319 0.00797688 0.00810199 0.0084654 
0.00835599 0.00866976 0.00827917 0.00852677 0.00825557 0.0091121 0.00832039 0.00830373 0.008943 0.00839944 0.00862876 0.0085839 0.00863626 0.00921257 0.00847215 0.0091448 0.00997664 0.0093273 0.0117397 0.00870814 0.0101215 0.0164873 0.00960908 0.0244562 0.00866434 0.00724251 0.00528111 0.982922 0.00442702 0.00366156 0 0.00608927 0.00582186 0.00984903 0.0161522 0.0109001 0.0107817 0.021706 0.00883472 0.00916119 0.00969235 0.00868281 0.00895249 0.00876341 0.0111941 0.00854483 0.00812397 0.0083962 0.00845487 0.00838594 0.00819081 0.00796536 0.00807259 0.00809083 0.00808125 
0.00962844 0.00842348 0.00867628 0.00813456 0.00859596 0.00817133 0.00913619 0.0120219 0.00828604 0.00914766 0.00818672 0.00880236 0.00841076 0.00864435 0.00909465 0.0136097 0.0090338 0.00916421 0.00940051 0.0118524 0.017155 0.00985053 0.0100802 0.00941744 0.0211819 0.00847807 0.908709 0.0055529 0.00565526 0.00360682 0.00608927 0 0.00699711 0.0160214 0.0107432 0.0111348 0.0122319 0.0120573 0.0219849 0.0130542 0.00850464 0.00878156 0.00879158 0.00896049 0.00876375 0.0119213 0.00884436 0.00829522 0.00815261 0.00816523 0.00827209 0.00814289 0.00801425 0.00805451 0.00803291 
0.00986075 0.0087001 0.00799862 0.00890075 0.00799648 0.00906034 0.00909591 0.00941502 0.00942473 0.00810577 0.00899153 0.00821532 0.00848015 0.00892811 0.00966734 0.0132417 0.00962077 0.00884346 0.00960566 0.0104563 0.0250473 0.0100615 0.00915115 0.00932296 0.0106044 0.358665 0.00611301 0.007201 0.00497226 0.00638592 0.00582186 0.00699711 0 0.0338442 0.0106145 0.0100056 0.00976756 0.0114301 0.0183868 0.0153318 0.00979537 0.00886272 0.00881952 0.00882079 0.00943839 0.0107879 0.0103272 0.0082008 0.00814801 0.00828016 0.00913295 0.00889675 0.00812023 0.008015 0.00933327 
0.00849274 0.0082479 0.00820222 0.00871614 0.00825733 0.00889326 0.0108019 0.0087345 0.00838455 0.00844501 0.00870748 0.0086178 0.00870828 0.0090619 0.0119822 0.0108868 0.00936167 0.00975935 0.00989256 0.0133477 0.0203385 0.0115615 0.0119482 0.0102607 0.0197814 0.0131021 0.0149301 0.0103944 0.0231848 0.01793 0.00984903 0.0160214 0.0338442 0 0.00379441 0.0035745 0.00360643 0.00367413 0.0050292 0.0857702 0.0413832 0.0101409 0.0103254 0.0101522 0.0135127 0.0239148 0.00999726 0.00892386 0.00934447 0.00915845 0.0128125 0.00854552 0.00809462 0.00834922 0.00968315 
0.00831866 0.00855706 0.0095715 0.00890808 0.00974505 0.00904025 0.00878235 0.00863849 0.00861342 0.0111183 0.00991756 0.0137339 0.0118219 0.0114891 0.00903687 0.0109515 0.0177731 0.0191377 0.0170404 0.0106056 0.0148434 0.0382841 0.0264145 0.0295599 0.0124527 0.00910425 0.0123741 0.0203334 0.0111881 0.0118414 0.0161522 0.0107432 0.0106145 0.00379441 0 0.00358755 0.00357425 0.00368552 0.00357327 0.0519568 0.04494 0.168555 0.0164906 0.0191684 0.021381 0.0137147 0.00962986 0.0176934 0.0155011 0.0168428 0.00974366 0.00839173 0.00846741 0.00933118 0.00852766 
0.00836131 0.00909831 0.0102667 0.0136659 0.0108301 0.00944145 0.00845321 0.00852661 0.0104458 0.0139361 0.0189133 0.0212507 0.0257287 0.0123867 0.00889846 0.0113548 0.0252648 0.0644795 0.0221147 0.0112045 0.0144168 0.0415809 0.112343 0.0300086 0.0123084 0.00901033 0.0114701 0.0116926 0.011404 0.0105693 0.0109001 0.0111348 0.0100056 0.0035745 0.00358755 0 0.00354428 0.00356247 0.00355172 0.0175944 0.0478391 0.0569824 0.246497 0.0376514 0.032643 0.0116307 0.00991932 0.0201732 0.0558682 0.0205423 0.0112618 0.00851544 0.00881084 0.00926769 0.00886027 
0.00849978 0.00869701 0.0123884 0.0110025 0.0115946 0.00895941 0.00867823 0.00871029 0.00903748 0.0159767 0.0146655 0.0265314 0.0194599 0.0124837 0.00898228 0.0127521 0.0246522 0.0558726 0.0230085 0.0123322 0.0149273 0.045393 0.0897897 0.0269387 0.0128602 0.00869481 0.011066 0.0112447 0.0104621 0.0109574 0.0107817 0.0122319 0.00976756 0.00360643 0.00357425 0.00354428 0 0.0035467 0.0035362 0.0235235 0.0225905 0.0815984 0.0469598 0.263895 0.0157744 0.0233337 0.00988229 0.0244595 0.0390871 0.0248329 0.0112848 0.00859122 0.00868904 0.00945049 0.00862602 
0.00865401 0.00887848 0.00927187 0.0104068 0.00918443 0.00903545 0.00846385 0.00855051 0.00952423 0.00988446 0.013083 0.0114514 0.0141814 0.0121186 0.00902672 0.0116096 0.0182583 0.0217881 0.0332942 0.0163952 0.0152129 0.030682 0.0345506 0.0553388 0.0163805 0.0104707 0.0110989 0.0359982 0.012013 0.00975431 0.021706 0.0120573 0.0114301 0.00367413 0.00368552 0.00356247 0.0035467 0 0.00379412 0.0139467 0.0480381 0.0292546 0.0471156 0.0297095 0.517488 0.0238339 0.0114694 0.0150268 0.0219173 0.0347793 0.0145938 0.00882188 0.00866193 0.00942394 0.00869037 
0.00862847 0.00834736 0.00852186 0.00823346 0.00843626 0.00825462 0.00868819 0.0107499 0.00841425 0.00868635 0.00844901 0.00897337 0.00871734 0.00879368 0.0102299 0.0136315 0.009409 0.00986889 0.00999208 0.0145411 0.0192074 0.0117046 0.0116459 0.0109251 0.0255102 0.0121251 0.0177426 0.0104526 0.0200789 0.013 0.00883472 0.0219849 0.0183868 0.0050292 0.00357327 0.00355172 0.0035362 0.00379412 0 0.0201649 0.0116271 0.0255447 0.0189811 0.0333928 0.0281478 0.523171 0.0122746 0.0104785 0.009468 0.0103555 0.0123668 0.00883442 0.00826335 0.00854821 0.00875497 
0.00848477 0.00812104 0.00843282 0.00828055 0.00854493 0.00862343 0.00999182 0.00869675 0.00813334 0.00907159 0.00831793 0.00897081 0.00834495 0.00909037 0.0104139 0.00904567 0.00893551 0.00906634 0.00961414 0.0114666 0.0129071 0.0104857 0.010493 0.00966418 0.0134859 0.00994347 0.0102542 0.00952163 0.018475 0.00960764 0.00916119 0.0130542 0.0153318 0.0857702 0.0519568 0.0175944 0.0235235 0.0139467 0.0201649 0 0.00410917 0.00360368 0.00356597 0.00363662 0.00382226 0.00554104 0.030443 0.0114342 0.0102302 0.0103078 0.0152249 0.00859537 0.00832269 0.00890385 0.00977535 
0.00825602 0.00838127 0.00849675 0.00871448 0.00844927 0.00853347 0.00815513 0.00826614 0.00847209 0.00850884 0.00941397 0.00897503 0.00921372 0.00881929 0.00822328 0.00892034 0.0100553 0.0111928 0.0100782 0.00867431 0.00963191 0.0157901 0.015149 0.0119765 0.00891631 0.00836745 0.00901675 0.0107575 0.00882785 0.00882472 0.00969235 0.00850464 0.00979537 0.0413832 0.04494 0.0478391 0.0225905 0.0480381 0.0116271 0.00410917 0 0.00354352 0.00357515 0.00355344 0.00373566 0.0036505 0.0157205 0.0235328 0.0168589 0.0143765 0.00922842 0.00846632 0.00848607 0.0088103 0.00845002 
0.00823726 0.0083822 0.00934323 0.00885651 0.00950664 0.00838322 0.00828121 0.00829038 0.00848398 0.010391 0.00958459 0.0111797 0.0101875 0.00914099 0.00832199 0.00889188 0.0104273 0.0177417 0.0110399 0.00902191 0.0101558 0.015966 0.0325618 0.0121919 0.00941087 0.00830586 0.00956884 0.00902969 0.00909014 0.00940524 0.00868281 0.00878156 0.00886272 0.0101409 0.168555 0.0569824 0.0815984 0.0292546 0.0255447 0.00360368 0.00354352 0 0.00354847 0.00353068 0.00357377 0.00361082 0.0536484 0.0199176 0.0518874 0.0151724 0.0115373 0.00842558 0.008736 0.00926083 0.00851953 
0.00816913 0.00837223 0.00928319 0.0092169 0.00865639 0.00852054 0.00819841 0.00823767 0.00852571 0.00951352 0.010545 0.0107423 0.0104704 0.00943004 0.00840736 0.00905623 0.0116729 0.0157117 0.0123269 0.0094615 0.00969488 0.0228939 0.0338736 0.0174874 0.00968887 0.00832823 0.00913703 0.00946378 0.00938825 0.00875844 0.00895249 0.00879158 0.00881952 0.0103254 0.0164906 0.246497 0.0469598 0.0471156 0.0189811 0.00356597 0.00357515 0.00354847 0 0.00354563 0.0035628 0.0035299 0.0149233 0.114275 0.0350616 0.0331987 0.0113749 0.00843552 0.00860397 0.00996507 0.00866441 
0.00819619 0.00834438 0.0093601 0.00885031 0.00929648 0.00841827 0.00832888 0.00827323 0.00854366 0.0101264 0.00988052 0.0113057 0.010524 0.00936558 0.00844557 0.00917091 0.0123422 0.0199103 0.0117081 0.0102023 0.0103236 0.020832 0.054839 0.0161784 0.0105131 0.00828748 0.00951423 0.00950628 0.00938704 0.00889879 0.00876341 0.00896049 0.00882079 0.0101522 0.0191684 0.0376514 0.263895 0.0297095 0.0333928 0.00363662 0.00355344 0.00353068 0.00354563 0 0.00354115 0.0035412 0.0187047 0.0360931 0.213769 0.0235561 0.0160027 0.00848813 0.00894029 0.00970998 0.00868203 
0.00824458 0.00833495 0.0085825 0.00871228 0.00838507 0.00851992 0.00815448 0.00815667 0.00851768 0.00871687 0.00981989 0.00913863 0.00953087 0.00917102 0.00843429 0.00925774 0.0104035 0.0123062 0.0120953 0.00965621 0.0109463 0.0156843 0.0169292 0.0212207 0.0106725 0.00863352 0.00985749 0.0155397 0.00961916 0.00894661 0.0111941 0.00876375 0.00943839 0.0135127 0.021381 0.032643 0.0157744 0.517488 0.0281478 0.00382226 0.00373566 0.00357377 0.0035628 0.00354115 0 0.00374749 0.0170565 0.0362161 0.0413163 0.251632 0.0186618 0.00887721 0.00880545 0.00953596 0.0091988 
0.00863221 0.00810922 0.00825112 0.00810818 0.00830865 0.00814191 0.00881998 0.00864586 0.00812824 0.00851645 0.00819412 0.00872594 0.00837974 0.00866986 0.0090391 0.0102949 0.00899625 0.00916078 0.0098575 0.0119563 0.0134964 0.0106921 0.0100732 0.00976219 0.0142012 0.00978136 0.014775 0.00920916 0.0138026 0.0132366 0.00854483 0.0119213 0.0107879 0.0239148 0.0137147 0.0116307 0.0233337 0.0238339 0.523171 0.00554104 0.0036505 0.00361082 0.0035299 0.0035412 0.00374749 0 0.0163126 0.0154743 0.0266923 0.0630877 0.283918 0.0102959 0.00855635 0.00904391 0.00951227 
0.00845625 0.00808199 0.00811521 0.00820961 0.00812009 0.00830367 0.00859388 0.00827378 0.00817973 0.00811814 0.00831865 0.00826508 0.00814165 0.00821164 0.00859436 0.00878012 0.00838009 0.00862769 0.00844594 0.00880221 0.00920796 0.00893048 0.00878207 0.00877127 0.00972828 0.00872836 0.00830427 0.00836338 0.0102246 0.00821266 0.00812397 0.00884436 0.0103272 0.00999726 0.00962986 0.00991932 0.00988229 0.0114694 0.0122746 0.030443 0.0157205 0.0536484 0.0149233 0.0187047 0.0170565 0.0163126 0 0.00369626 0.0035655 0.00371113 0.00413515 0.103957 0.0117943 0.0119576 0.0257022 
0.0081871 0.00828849 0.00847997 0.00843577 0.00849287 0.00834939 0.00819325 0.00817419 0.00835718 0.00864472 0.00861981 0.00895588 0.00878108 0.0085715 0.00822623 0.00842661 0.00918822 0.0098444 0.00929251 0.00854353 0.00870665 0.0106331 0.0103225 0.00969964 0.00864771 0.00797116 0.00836902 0.00872633 0.00889001 0.00817221 0.0083962 0.00829522 0.0082008 0.00892386 0.0176934 0.0201732 0.0244595 0.0150268 0.0104785 0.0114342 0.0235328 0.0199176 0.114275 0.0360931 0.0362161 0.0154743 0.00369626 0 0.00359556 0.00354997 0.0036417 0.182866 0.048047 0.0462957 0.0104952 
0.00819491 0.00852527 0.00880195 0.00869559 0.0086904 0.00826909 0.00825928 0.00817801 0.00851673 0.00879553 0.00912676 0.00933278 0.00948219 0.00882566 0.00834913 0.00855115 0.00954889 0.0107241 0.00982684 0.00870481 0.009293 0.0105563 0.0144732 0.00991872 0.00882659 0.00811374 0.00855295 0.00874516 0.00848564 0.00828651 0.00845487 0.00815261 0.00814801 0.00934447 0.0155011 0.0558682 0.0390871 0.0219173 0.009468 0.0102302 0.0168589 0.0518874 0.0350616 0.213769 0.0413163 0.0266923 0.0035655 0.00359556 0 0.00354325 0.00353946 0.0303279 0.258309 0.0343835 0.0147264 
0.00817445 0.0083205 0.00860812 0.00838262 0.00843475 0.00821482 0.00808253 0.00821649 0.00833821 0.00859507 0.00862451 0.00901622 0.00879616 0.00871784 0.00817678 0.00858523 0.00907467 0.00983691 0.00974043 0.00855777 0.0091089 0.0104364 0.0104536 0.0107528 0.00861954 0.00803011 0.00850955 0.00896732 0.00864177 0.0082487 0.00838594 0.00816523 0.00828016 0.00915845 0.0168428 0.0205423 0.0248329 0.0347793 0.0103555 0.0103078 0.0143765 0.0151724 0.0331987 0.0235561 0.251632 0.0630877 0.00371113 0.00354997 0.00354325 0 0.00359864 0.029738 0.0292891 0.434472 0.0200767 
0.00844394 0.0082021 0.00829618 0.00813847 0.00823209 0.00803099 0.00817269 0.00825714 0.0081217 0.00830508 0.00824289 0.00848354 0.00832696 0.00822048 0.00828867 0.00892678 0.0084069 0.00883571 0.00859984 0.00863403 0.00992928 0.00883975 0.00953444 0.00847681 0.00872774 0.00848288 0.00939139 0.00832632 0.00872253 0.00898709 0.00819081 0.00827209 0.00913295 0.0128125 0.00974366 0.0112618 0.0112848 0.0145938 0.0123668 0.0152249 0.00922842 0.0115373 0.0113749 0.0160027 0.0186618 0.283918 0.00413515 0.0036417 0.00353946 0.00359864 0 0.0190875 0.0126558 0.0342233 0.327297 
0.00843682 0.00815929 0.00821924 0.00825519 0.00819562 0.00821842 0.00835662 0.00836896 0.00813013 0.00821254 0.00823198 0.00823216 0.00813046 0.008228 0.0082782 0.00832634 0.00827626 0.00836784 0.00841484 0.00827784 0.00871695 0.00823654 0.00830946 0.00816417 0.00830908 0.0082267 0.00815365 0.00803038 0.00844291 0.00823319 0.00796536 0.00814289 0.00889675 0.00854552 0.00839173 0.00851544 0.00859122 0.00882188 0.00883442 0.00859537 0.00846632 0.00842558 0.00843552 0.00848813 0.00887721 0.0102959 0.103957 0.182866 0.0303279 0.029738 0.0190875 0 0.0048795 0.00379904 0.00468397 
0.00833351 0.00826135 0.0083673 0.00822184 0.008349 0.00811178 0.00818606 0.00820754 0.00825879 0.00834737 0.00827563 0.00832374 0.00826579 0.00825869 0.00813428 0.00821418 0.00846092 0.00861491 0.00845345 0.00830081 0.00820988 0.00852705 0.00851531 0.00831151 0.00811859 0.00804494 0.00804492 0.0082031 0.00813432 0.00797688 0.00807259 0.00801425 0.00812023 0.00809462 0.00846741 0.00881084 0.00868904 0.00866193 0.00826335 0.00832269 0.00848607 0.008736 0.00860397 0.00894029 0.00880545 0.00855635 0.0117943 0.048047 0.258309 0.0292891 0.0126558 0.0048795 0 0.004362 0.00370052 
0.00838437 0.00832227 0.0084603 0.00831764 0.00846201 0.00814479 0.00810873 0.00826292 0.00826991 0.00849459 0.00835929 0.00851682 0.00834188 0.00829535 0.00810475 0.0083502 0.00855451 0.00881828 0.00847658 0.00819569 0.008342 0.00874188 0.00868723 0.00852431 0.0081037 0.00797414 0.00820315 0.00821568 0.00835834 0.00810199 0.00809083 0.00805451 0.008015 0.00834922 0.00933118 0.00926769 0.00945049 0.00942394 0.00854821 0.00890385 0.0088103 0.00926083 0.00996507 0.00970998 0.00953596 0.00904391 0.0119576 0.0462957 0.0343835 0.434472 0.0342233 0.00379904 0.004362 0 0.0035574 
0.00881057 0.00833303 0.00833607 0.00830034 0.00829707 0.00807014 0.00810761 0.00840395 0.0082798 0.0082689 0.00831195 0.00837239 0.00824694 0.00818729 0.00810975 0.00867772 0.00829115 0.00848524 0.00838981 0.00818891 0.00922155 0.00843929 0.00852622 0.00815274 0.00816658 0.00911048 0.00866437 0.00812507 0.00813146 0.0084654 0.00808125 0.00803291 0.00933327 0.00968315 0.00852766 0.00886027 0.00862602 0.00869037 0.00875497 0.00977535 0.00845002 0.00851953 0.00866441 0.00868203 0.0091988 0.00951227 0.0257022 0.0104952 0.0147264 0.0200767 0.327297 0.00468397 0.00370052 0.0035574 0 
