1F37A
AEFKHVFVCVQDRPPGHPQGSCAQRGSREVFQAFMEKIQTDPQLFMTTVITPTGCMNACMMGPVVVVYPDGVWYGQVKPEDVDEIVEKHLKGGEPVERLVISKGKPPGM
CCCEEEEEECCCCCCCCCCCCCCCCCHHHHHHHHHHHHHHCCCHHHCEEEEEECCCCCHHHCCCEEEECCCEEECCCCHHHHHHHHHHCCCCCCCCHHHEEEECCCCCC
0 0 0 0 0 0 0 0 0 0 0 0 0 0 0 0 0 0 0 0 0 0 0 0 0 0 0 0 0 0 0 0 0 0 0 0 0 0 0 0 0 0 0 0 0 0 0 0 0 0 0 0 0 0 0 0 0 0 0 0 0 0 0 0 0 0 0 0 0 0 0 0 0 0 0 0 0 0 0 0 0 0 0 0 0 0 0 0 0 0 0 0 0 0 0 0 0 0 0 0 0 0 0 0 0 0 0 0 0 
0 0 0 0 0 0 0 0 0 0 0 0 0 0 0 0 0 0 0 0 0 0 0 0 0 0 0 0 0 0 0 0 0 0 0 0 0 0 0 0 0 0 0 0 0 0 0 0 0 0 0 0 0 0 0 0 0 0 0 0 0 0 0 0 0 0 0 0 0 0 0 0 0 0 0 0 0 0 0 0 0 0 0 0 0 0 0 0 0 0 0 0 0 0 0 0 0 0 0 0 0 0 0 0 0 0 0 0 0 
0 0.00373701 0.00366925 0.00366523 0.00375225 0.00622944 0.538882 0.0144861 0.0170868 0.0104765 0.0115686 0.0229048 0.0312329 0.0151896 0.0143933 0.0162744 0.0100502 0.00914496 0.017229 0.00923873 0.00858608 0.0103949 0.0115246 
0.00373701 0 0.00361514 0.0035924 0.00382213 0.00375628 0.062442 0.699123 0.022159 0.0474581 0.0335997 0.0147946 0.0364195 0.0933683 0.0309306 0.0113253 0.0116236 0.0177872 0.0107218 0.00967871 0.0101956 0.0115957 0.00919261 
0.00366925 0.00361514 0 0.00359069 0.00361698 0.00359125 0.0938824 0.0553447 0.700103 0.0491136 0.0416045 0.0132637 0.0516917 0.0940414 0.0589272 0.010376 0.0140682 0.0118647 0.0111568 0.0123664 0.0118296 0.0120528 0.00913837 
0.00366523 0.0035924 0.00359069 0 0.00356925 0.00354956 0.0248596 0.197329 0.0953493 0.595642 0.0196556 0.0196426 0.0310741 0.159647 0.0474415 0.0109454 0.0116558 0.0174349 0.0109931 0.0145283 0.0147294 0.0114605 0.00881277 
0.00375225 0.00382213 0.00361698 0.00356925 0 0.00357588 0.0253656 0.0615978 0.165013 0.037609 0.626169 0.0236978 0.0334904 0.0481266 0.1065 0.015063 0.0139288 0.0243746 0.0124937 0.013147 0.0118399 0.0117177 0.0089209 
0.00622944 0.00375628 0.00359125 0.00354956 0.00357588 0 0.0250817 0.0244915 0.0284566 0.0301257 0.0268551 0.553869 0.031429 0.0202709 0.0142442 0.0139491 0.02138 0.0103339 0.0166085 0.0192272 0.00903111 0.00902523 0.00983224 
0.538882 0.062442 0.0938824 0.0248596 0.0253656 0.0250817 0 0.00439955 0.00363148 0.00364492 0.00366728 0.00415075 0.0387938 0.0134054 0.0188633 0.0254651 0.0138265 0.0101302 0.03038 0.0135173 0.010044 0.0119798 0.0197862 
0.0144861 0.699123 0.0553447 0.197329 0.0615978 0.0244915 0.00439955 0 0.00361103 0.00361265 0.00360317 0.00359284 0.0311144 0.0603303 0.036402 0.0132677 0.012705 0.0345503 0.0109783 0.0122799 0.0139057 0.0166096 0.00967616 
0.0170868 0.022159 0.700103 0.0953493 0.165013 0.0284566 0.00363148 0.00361103 0 0.00354809 0.00358318 0.00355571 0.0231059 0.0426554 0.0453772 0.0185937 0.0130125 0.0112295 0.0118294 0.0127845 0.0130912 0.0131509 0.00946799 
0.0104765 0.0474581 0.0491136 0.595642 0.037609 0.0301257 0.00364492 0.00361265 0.00354809 0 0.00354132 0.00353186 0.0177903 0.0376735 0.0349805 0.00930496 0.0101663 0.0107617 0.0100335 0.0103127 0.0123512 0.00978469 0.00903874 
0.0115686 0.0335997 0.0416045 0.0196556 0.626169 0.0268551 0.00366728 0.00360317 0.00358318 0.00354132 0 0.00353402 0.0157933 0.0605374 0.0338163 0.00980065 0.0106633 0.0282246 0.0118482 0.0116252 0.0111253 0.0134289 0.00884395 
0.0229048 0.0147946 0.0132637 0.0196426 0.0236978 0.553869 0.00415075 0.00359284 0.00355571 0.00353186 0.00353402 0 0.0311747 0.0183011 0.0277438 0.0240336 0.0132019 0.0121957 0.0372522 0.0245024 0.0101704 0.00984552 0.0109166 
0.0312329 0.0364195 0.0516917 0.0310741 0.0334904 0.031429 0.0387938 0.0311144 0.0231059 0.0177903 0.0157933 0.0311747 0 0.00368757 0.00366781 0.00405653 0.00573922 0.00769053 0.877869 0.0333011 0.0133012 0.0159174 0.0241373 
0.0151896 0.0933683 0.0940414 0.159647 0.0481266 0.0202709 0.0134054 0.0603303 0.0426554 0.0376735 0.0605374 0.0183011 0.00368757 0 0.00361705 0.00354652 0.00576282 0.861355 0.0515505 0.0220846 0.0225553 0.0342204 0.0109287 
0.0143933 0.0309306 0.0589272 0.0474415 0.1065 0.0142442 0.0188633 0.036402 0.0453772 0.0349805 0.0338163 0.0277438 0.00366781 0.00361705 0 0.00356347 0.630237 0.0782787 0.00694578 0.0155995 0.0185458 0.0195536 0.0111403 
0.0162744 0.0113253 0.010376 0.0109454 0.015063 0.0139491 0.0254651 0.0132677 0.0185937 0.00930496 0.00980065 0.0240336 0.00405653 0.00354652 0.00356347 0 0.109887 0.00502583 0.00541056 0.0230752 0.00978978 0.0106946 0.010113 
0.0100502 0.0116236 0.0140682 0.0116558 0.0139288 0.02138 0.0138265 0.012705 0.0130125 0.0101663 0.0106633 0.0132019 0.00573922 0.00576282 0.630237 0.109887 0 0.00359014 0.00361143 0.0261219 0.0241561 0.0153206 0.0544343 
0.00914496 0.0177872 0.0118647 0.0174349 0.0243746 0.0103339 0.0101302 0.0345503 0.0112295 0.0107617 0.0282246 0.0121957 0.00769053 0.861355 0.0782787 0.00502583 0.00359014 0 0.00361358 0.0135169 0.0188481 0.211933 0.00962306 
0.017229 0.0107218 0.0111568 0.0109931 0.0124937 0.0166085 0.03038 0.0109783 0.0118294 0.0100335 0.0118482 0.0372522 0.877869 0.0515505 0.00694578 0.00541056 0.00361143 0.00361358 0 0.0294337 0.0128548 0.0235754 0.0857895 
0.00923873 0.00967871 0.0123664 0.0145283 0.013147 0.0192272 0.0135173 0.0122799 0.0127845 0.0103127 0.0116252 0.0245024 0.0333011 0.0220846 0.0155995 0.0230752 0.0261219 0.0135169 0.0294337 0 0.00357805 0.00369244 0.00504893 
0.00858608 0.0101956 0.0118296 0.0147294 0.0118399 0.00903111 0.010044 0.0139057 0.0130912 0.0123512 0.0111253 0.0101704 0.0133012 0.0225553 0.0185458 0.00978978 0.0241561 0.0188481 0.0128548 0.00357805 0 0.00381233 0.00366195 
0.0103949 0.0115957 0.0120528 0.0114605 0.0117177 0.00902523 0.0119798 0.0166096 0.0131509 0.00978469 0.0134289 0.00984552 0.0159174 0.0342204 0.0195536 0.0106946 0.0153206 0.211933 0.0235754 0.00369244 0.00381233 0 0.00364205 
0.0115246 0.00919261 0.00913837 0.00881277 0.0089209 0.00983224 0.0197862 0.00967616 0.00946799 0.00903874 0.00884395 0.0109166 0.0241373 0.0109287 0.0111403 0.010113 0.0544343 0.00962306 0.0857895 0.00504893 0.00366195 0.00364205 0 
