1FGBF
TPQNITDLCAEYHNTQIHTLNDKIFSYTESLAGKREMAIITFKNGATFQVEVPGSQHIDSQKKAIERMKDTLRIAYLTEAKVEKLCVWNNKTPHAIAAISMAN
CCCCHHHHHCCCCCEEECCCCECCCEEEEECCCCCCEEEEECCCCCEEEECCCCCCCCCHHHHHHHHHHHHHHHHHHHCCCEEEEEEECCCCCEEEEEEEEEC
0 0 0 0 0 0 0 0 0 0 0 0 0 0 0 0 0 0 0 0 0 0 0 0 0 0 0 0 0 0 0 0 0 0 0 0 0 0 0 0 0 0 0 0 0 0 0 0 0 0 0 0 0 0 0 0 0 0 0 0 0 0 0 0 0 0 0 0 0 0 0 0 0 0 0 0 0 0 0 0 0 0 0 0 0 0 0 0 0 0 0 0 0 0 0 0 0 0 0 0 0 0 0 
0 0 0 0 0 0 0 0 0 0 0 0 0 0 0 0 0 0 0 0 0 0 0 0 0 0 0 0 0 0 0 0 0 0 0 0 0 0 0 0 0 0 0 0 0 0 0 0 0 0 0 0 0 0 0 0 0 0 0 0 0 0 0 0 0 0 0 0 0 0 0 0 0 0 0 0 0 0 0 0 0 0 0 0 0 0 0 0 0 0 0 0 0 0 0 0 0 0 0 0 0 0 0 
0 0.00389708 0.00381204 0.00707605 0.00672235 0.0146322 0.0400688 0.0215872 0.0694053 0.0108097 0.00883006 0.0104395 0.0106686 0.0327239 0.0114993 0.0100253 0.00957005 0.0249778 0.0117807 0.00881316 0.00895219 0.00859807 0.00867129 0.00927194 0.0123403 0.00869684 0.0084466 0.00852324 0.0086081 0.00857166 0.00852223 0.00832448 0.0085688 0.0124813 
0.00389708 0 0.0037372 0.00469177 0.0158733 0.0466607 0.0371145 0.0316695 0.00719363 0.00856381 0.0325787 0.0105645 0.0254847 0.0105617 0.00946263 0.0125014 0.0251466 0.00869297 0.00885682 0.0103168 0.00848186 0.00899575 0.00888492 0.0120993 0.00837767 0.0084389 0.00965587 0.00843009 0.00897388 0.00928123 0.0085665 0.00855714 0.010581 0.00853383 
0.00381204 0.0037372 0 0.0302952 0.0313623 0.039624 0.0161616 0.00711194 0.0101133 0.0214924 0.0097337 0.0146525 0.0154209 0.0217429 0.0172225 0.0124703 0.0107085 0.0131746 0.0141563 0.00889032 0.00881969 0.00897426 0.00913278 0.00880663 0.00884687 0.0111768 0.00897729 0.00905463 0.00924419 0.00909176 0.0088922 0.00933297 0.00906665 0.0102536 
0.00707605 0.00469177 0.0302952 0 0.0556846 0.0125318 0.00374644 0.00401532 0.00528978 0.0124617 0.00997458 0.00794892 0.0143972 0.0202169 0.0185845 0.0134029 0.00970421 0.022099 0.0344321 0.00899404 0.00860952 0.00880405 0.00855343 0.00886587 0.0112065 0.0113019 0.00868692 0.00869435 0.00958007 0.00875733 0.00884292 0.00836204 0.00880372 0.0128753 
0.00672235 0.0158733 0.0313623 0.0556846 0 0.00354879 0.00359459 0.00365152 0.00410499 0.0113892 0.00906255 0.00985747 0.0167646 0.924086 0.0184699 0.0101379 0.0168115 0.0183485 0.0132811 0.0140259 0.0107194 0.010777 0.0132979 0.012018 0.0120585 0.0111506 0.0099902 0.0115475 0.0119202 0.0129379 0.00977849 0.011507 0.00949523 0.0185776 
0.0146322 0.0466607 0.039624 0.0125318 0.00354879 0 0.00353829 0.00354545 0.00362618 0.00850418 0.0122474 0.0150432 0.942044 0.0158876 0.00879261 0.0188672 0.0144672 0.0176021 0.0147234 0.0109849 0.0133427 0.0185422 0.0149541 0.0198393 0.0103279 0.00920432 0.0149326 0.015259 0.0225825 0.0170207 0.0205623 0.0109241 0.0328987 0.0139637 
0.0400688 0.0371145 0.0161616 0.00374644 0.00359459 0.00353829 0 0.00353875 0.00358121 0.00603403 0.0175067 0.941068 0.0116003 0.0110101 0.0104985 0.0119801 0.0259107 0.0102158 0.00951041 0.0108875 0.0173367 0.0181801 0.0271525 0.0128908 0.00942895 0.00943866 0.0132835 0.0247453 0.0223369 0.0316989 0.0171289 0.0417551 0.0106478 0.0138114 
0.0215872 0.0316695 0.00711194 0.00401532 0.00365152 0.00354545 0.00353875 0 0.00370008 0.00703232 0.938477 0.0129191 0.0119222 0.008309 0.0110651 0.0184509 0.0135516 0.0124937 0.0110538 0.011523 0.0146741 0.0149087 0.0158605 0.0151255 0.00974265 0.00994757 0.0193893 0.0146758 0.0208475 0.0169364 0.0250158 0.0141498 0.0158748 0.0123548 
0.0694053 0.00719363 0.0101133 0.00528978 0.00410499 0.00362618 0.00358121 0.00370008 0 0.942176 0.0101083 0.00821116 0.0101699 0.0229857 0.0204325 0.0104714 0.0137331 0.0162554 0.020849 0.0115584 0.0108903 0.0112565 0.012493 0.0111853 0.0106269 0.0193836 0.0107523 0.0138455 0.0133024 0.0200369 0.0107766 0.0129068 0.0112615 0.0173892 
0.0108097 0.00856381 0.0214924 0.0124617 0.0113892 0.00850418 0.00603403 0.00703232 0.942176 0 0.0035821 0.00358166 0.00365575 0.00442073 0.00935357 0.00784002 0.00929201 0.0729174 0.108809 0.0129072 0.0129431 0.0132424 0.0146454 0.0127418 0.0195248 0.016413 0.0130737 0.0147112 0.0162752 0.0157671 0.0126534 0.0118649 0.0111345 0.0373185 
0.00883006 0.0325787 0.0097337 0.00997458 0.00906255 0.0122474 0.0175067 0.938477 0.0101083 0.0035821 0 0.00356501 0.00357401 0.00359345 0.00653357 0.0125328 0.0308207 0.859404 0.0174419 0.0300126 0.0224509 0.0354932 0.0473442 0.0302694 0.0120102 0.0126828 0.0413869 0.0283741 0.0521251 0.049269 0.0336845 0.02396 0.039359 0.0187503 
0.0104395 0.0105645 0.0146525 0.00794892 0.00985747 0.0150432 0.941068 0.0129191 0.00821116 0.00358166 0.00356501 0 0.00357525 0.00360082 0.00681494 0.014073 0.934061 0.00866664 0.013874 0.0249205 0.0625735 0.0507529 0.135276 0.0294148 0.0110852 0.014565 0.0350761 0.104167 0.0799012 0.131965 0.0745382 0.109731 0.0216961 0.0261156 
0.0106686 0.0254847 0.0154209 0.0143972 0.0167646 0.942044 0.0116003 0.0119222 0.0101699 0.00365575 0.00357401 0.00357525 0 0.00364086 0.018867 0.959727 0.0260582 0.0195736 0.0209455 0.0155448 0.0329128 0.0479436 0.0378763 0.0538748 0.0152321 0.0132347 0.052371 0.0468208 0.0736648 0.0523474 0.104919 0.0303405 0.0640161 0.040743 
0.0327239 0.0105617 0.0217429 0.0202169 0.924086 0.0158876 0.0110101 0.008309 0.0229857 0.00442073 0.00359345 0.00360082 0.00364086 0 0.955578 0.0108394 0.0124939 0.0107784 0.0193419 0.016465 0.0134934 0.0135171 0.0182897 0.0150829 0.0152097 0.0411384 0.0138857 0.0202668 0.0189522 0.0265844 0.0136302 0.0198851 0.0153017 0.0393814 
0.0114993 0.00946263 0.0172225 0.0185845 0.0184699 0.00879261 0.0104985 0.0110651 0.0204325 0.00935357 0.00653357 0.00681494 0.018867 0.955578 0 0.00376597 0.0037111 0.00405212 0.0277208 0.0152716 0.0106708 0.0119251 0.011699 0.0108836 0.0152188 0.0135996 0.0103167 0.0111828 0.013979 0.013802 0.0100711 0.0116965 0.0101447 0.0217119 
0.0100253 0.0125014 0.0124703 0.0134029 0.0101379 0.0188672 0.0119801 0.0184509 0.0104714 0.00784002 0.0125328 0.014073 0.959727 0.0108394 0.00376597 0 0.00371329 0.00365543 0.0715862 0.0220074 0.0278724 0.0273894 0.0220684 0.0175905 0.0170374 0.0108903 0.0221563 0.0286921 0.026367 0.0194565 0.0346684 0.0113237 0.0217853 0.0206 
0.00957005 0.0251466 0.0107085 0.00970421 0.0168115 0.0144672 0.0259107 0.0135516 0.0137331 0.00929201 0.0308207 0.934061 0.0260582 0.0124939 0.0037111 0.00371329 0 0.00360031 0.0131757 0.0438345 0.0215672 0.0228444 0.0666551 0.0586279 0.0104151 0.0140459 0.0337417 0.0232956 0.0281269 0.0535756 0.0160555 0.0431697 0.0206674 0.0165478 
0.0249778 0.00869297 0.0131746 0.022099 0.0183485 0.0176021 0.0102158 0.0124937 0.0162554 0.0729174 0.859404 0.00866664 0.0195736 0.0107784 0.00405212 0.00365543 0.00360031 0 0.0451582 0.0129775 0.0269356 0.0249713 0.0216007 0.0289276 0.0547838 0.0210528 0.0129479 0.0143958 0.0207674 0.0134204 0.02447 0.0108061 0.017799 0.0358847 
0.0117807 0.00885682 0.0141563 0.0344321 0.0132811 0.0147234 0.00951041 0.0110538 0.020849 0.108809 0.0174419 0.013874 0.0209455 0.0193419 0.0277208 0.0715862 0.0131757 0.0451582 0 0.00484507 0.00358834 0.00375929 0.00355321 0.0038876 0.0056833 0.0081468 0.00818766 0.0096237 0.0117398 0.0119168 0.0132864 0.00996232 0.114893 0.131205 
0.00881316 0.0103168 0.00889032 0.00899404 0.0140259 0.0109849 0.0108875 0.011523 0.0115584 0.0129072 0.0300126 0.0249205 0.0155448 0.016465 0.0152716 0.0220074 0.0438345 0.0129775 0.00484507 0 0.00354873 0.00356691 0.00355768 0.00357242 0.00360755 0.0063809 0.00876237 0.00883674 0.0105257 0.0176023 0.00987734 0.0400163 0.0327191 0.0119003 
0.00895219 0.00848186 0.00881969 0.00860952 0.0107194 0.0133427 0.0173367 0.0146741 0.0108903 0.0129431 0.0224509 0.0625735 0.0329128 0.0134934 0.0106708 0.0278724 0.0215672 0.0269356 0.00358834 0.00354873 0 0.00352297 0.00355914 0.00350285 0.00352661 0.00628933 0.00899892 0.0160658 0.0161323 0.0225603 0.0704831 0.140542 0.015627 0.0232455 
0.00859807 0.00899575 0.00897426 0.00880405 0.010777 0.0185422 0.0181801 0.0149087 0.0112565 0.0132424 0.0354932 0.0507529 0.0479436 0.0135171 0.0119251 0.0273894 0.0228444 0.0249713 0.00375929 0.00356691 0.00352297 0 0.00352491 0.00354866 0.00357961 0.00511726 0.0113326 0.0205305 0.0172152 0.0329834 0.187792 0.0262739 0.0120091 0.0141992 
0.00867129 0.00888492 0.00913278 0.00855343 0.0132979 0.0149541 0.0271525 0.0158605 0.012493 0.0146454 0.0473442 0.135276 0.0378763 0.0182897 0.011699 0.0220684 0.0666551 0.0216007 0.00355321 0.00355768 0.00355914 0.00352491 0 0.0035206 0.00351231 0.00601748 0.0167899 0.0280944 0.0655694 0.275131 0.014777 0.0170802 0.0181632 0.0190126 
0.00927194 0.0120993 0.00880663 0.00886587 0.012018 0.0198393 0.0128908 0.0151255 0.0111853 0.0127418 0.0302694 0.0294148 0.0538748 0.0150829 0.0108836 0.0175905 0.0586279 0.0289276 0.0038876 0.00357242 0.00350285 0.00354866 0.0035206 0 0.00353266 0.0082848 0.0224797 0.252145 0.0333385 0.0131604 0.0111682 0.00937727 0.0120125 0.0150823 
0.0123403 0.00837767 0.00884687 0.0112065 0.0120585 0.0103279 0.00942895 0.00974265 0.0106269 0.0195248 0.0120102 0.0110852 0.0152321 0.0152097 0.0152188 0.0170374 0.0104151 0.0547838 0.0056833 0.00360755 0.00352661 0.00357961 0.00351231 0.00353266 0 0.0204696 0.235606 0.0106737 0.0115501 0.00709249 0.0073967 0.00720794 0.00885589 0.0166993 
0.00869684 0.0084389 0.0111768 0.0113019 0.0111506 0.00920432 0.00943866 0.00994757 0.0193836 0.016413 0.0126828 0.014565 0.0132347 0.0411384 0.0135996 0.0108903 0.0140459 0.0210528 0.0081468 0.0063809 0.00628933 0.00511726 0.00601748 0.0082848 0.0204696 0 0.00361595 0.00360932 0.00356215 0.00361819 0.00360191 0.00362282 0.00393888 0.0111719 
0.0084466 0.00965587 0.00897729 0.00868692 0.0099902 0.0149326 0.0132835 0.0193893 0.0107523 0.0130737 0.0413869 0.0350761 0.052371 0.0138857 0.0103167 0.0221563 0.0337417 0.0129479 0.00818766 0.00876237 0.00899892 0.0113326 0.0167899 0.0224797 0.235606 0.00361595 0 0.00359559 0.00358273 0.00363554 0.00364821 0.00375629 0.0048643 0.00486056 
0.00852324 0.00843009 0.00905463 0.00869435 0.0115475 0.015259 0.0247453 0.0146758 0.0138455 0.0147112 0.0283741 0.104167 0.0468208 0.0202668 0.0111828 0.0286921 0.0232956 0.0143958 0.0096237 0.00883674 0.0160658 0.0205305 0.0280944 0.252145 0.0106737 0.00360932 0.00359559 0 0.00354288 0.00359118 0.00355914 0.00362717 0.00384882 0.00608335 
0.0086081 0.00897388 0.00924419 0.00958007 0.0119202 0.0225825 0.0223369 0.0208475 0.0133024 0.0162752 0.0521251 0.0799012 0.0736648 0.0189522 0.013979 0.026367 0.0281269 0.0207674 0.0117398 0.0105257 0.0161323 0.0172152 0.0655694 0.0333385 0.0115501 0.00356215 0.00358273 0.00354288 0 0.00355804 0.00359919 0.00356102 0.00359403 0.00519385 
0.00857166 0.00928123 0.00909176 0.00875733 0.0129379 0.0170207 0.0316989 0.0169364 0.0200369 0.0157671 0.049269 0.131965 0.0523474 0.0265844 0.013802 0.0194565 0.0535756 0.0134204 0.0119168 0.0176023 0.0225603 0.0329834 0.275131 0.0131604 0.00709249 0.00361819 0.00363554 0.00359118 0.00355804 0 0.00356504 0.00358514 0.00367964 0.00454108 
0.00852223 0.0085665 0.0088922 0.00884292 0.00977849 0.0205623 0.0171289 0.0250158 0.0107766 0.0126534 0.0336845 0.0745382 0.104919 0.0136302 0.0100711 0.0346684 0.0160555 0.02447 0.0132864 0.00987734 0.0704831 0.187792 0.014777 0.0111682 0.0073967 0.00360191 0.00364821 0.00355914 0.00359919 0.00356504 0 0.00360193 0.00366614 0.00389095 
0.00832448 0.00855714 0.00933297 0.00836204 0.011507 0.0109241 0.0417551 0.0141498 0.0129068 0.0118649 0.02396 0.109731 0.0303405 0.0198851 0.0116965 0.0113237 0.0431697 0.0108061 0.00996232 0.0400163 0.140542 0.0262739 0.0170802 0.00937727 0.00720794 0.00362282 0.00375629 0.00362717 0.00356102 0.00358514 0.00360193 0 0.00352838 0.00352553 
0.0085688 0.010581 0.00906665 0.00880372 0.00949523 0.0328987 0.0106478 0.0158748 0.0112615 0.0111345 0.039359 0.0216961 0.0640161 0.0153017 0.0101447 0.0217853 0.0206674 0.017799 0.114893 0.0327191 0.015627 0.0120091 0.0181632 0.0120125 0.00885589 0.00393888 0.0048643 0.00384882 0.00359403 0.00367964 0.00366614 0.00352838 0 0.00353712 
0.0124813 0.00853383 0.0102536 0.0128753 0.0185776 0.0139637 0.0138114 0.0123548 0.0173892 0.0373185 0.0187503 0.0261156 0.040743 0.0393814 0.0217119 0.0206 0.0165478 0.0358847 0.131205 0.0119003 0.0232455 0.0141992 0.0190126 0.0150823 0.0166993 0.0111719 0.00486056 0.00608335 0.00519385 0.00454108 0.00389095 0.00352553 0.00353712 0 
