1FLMA
MLPGTFFEVLKNEGVVAIATQGEDGPHLVNTWNSYLKVLDGNRIVVPVGGMHKTEANVARDERVLMTLGSRKVAGRNGPGTGFLIRGSAAFRTDGPEFEAIARFKWARAALVITVVSAEQTL
CCCHHHHHHHCCCCEEEEEEECCCCEEEEEEEHHHCEEECCCEEEEEECCCHHHHHHHHHCCEEEEEEEEEEEECCCCEEEEEEEEEEEEEECCCHHHHCCCCCCCCCEEEEEEEEEEEECC
0 0 0 0 0 0 0 0 0 0 0 0 0 0 0 0 0 0 0 0 0 0 0 0 0 0 0 0 0 0 0 0 0 0 0 0 0 0 0 0 0 0 0 0 0 0 0 0 0 0 0 0 0 0 0 0 0 0 0 0 0 0 0 0 0 0 0 0 0 0 0 0 0 0 0 0 0 0 0 0 0 0 0 0 0 0 0 0 0 0 0 0 0 0 0 0 0 0 0 0 0 0 0 0 0 0 0 0 0 0 0 0 0 0 0 0 0 0 0 0 0 0 
0 0 0 0 0 0 0 0 0 0 0 0 0 0 0 0 0 0 0 0 0 0 0 0 0 0 0 0 0 0 0 0 0 0 0 0 0 0 0 0 0 0 0 0 0 0 0 0 0 0 0 0 0 0 0 0 0 0 0 0 0 0 0 0 0 0 0 0 0 0 0 0 0 0 0 0 0 0 0 0 0 0 0 0 0 0 0 0 0 0 0 0 0 0 0 0 0 0 0 0 0 0 0 0 0 0 0 0 0 0 0 0 0 0 0 0 0 0 0 0 0 0 
0 0.00363172 0.00363197 0.00362319 0.00356327 0.00382389 0.00514191 0.00907711 0.00825857 0.00818632 0.00872905 0.00883458 0.0115718 0.868656 0.0139763 0.0118136 0.025337 0.0276719 0.0154415 0.0168491 0.0108383 0.0174076 0.0198502 0.0208783 0.0127627 0.0122216 0.0121259 0.0115538 0.0105221 0.00995461 0.00930938 0.00874682 0.0101964 0.00980956 0.0154432 0.0086755 0.00867566 0.0090089 0.00921547 0.0107574 0.00975856 0.00952959 0.00968579 0.00876655 0.00927631 0.00862893 0.00968186 0.00911909 0.0148051 0.0109422 0.00985284 0.0101396 0.010607 0.00955183 0.0104922 0.00890878 0.0085146 0.00839033 0.00805763 0.00841003 0.0104977 
0.00363172 0 0.0036017 0.00360108 0.00365033 0.00368116 0.00373043 0.00765025 0.0083628 0.00944787 0.00973455 0.0117875 0.905719 0.00880124 0.0107612 0.0271221 0.012611 0.0132351 0.0636082 0.0237539 0.0308196 0.0193238 0.0128337 0.0128042 0.0568764 0.0245249 0.0611384 0.0207072 0.0281125 0.014882 0.0119455 0.0121747 0.0104616 0.0212996 0.0100278 0.00866291 0.012484 0.0117638 0.0185832 0.0270226 0.0165991 0.0215401 0.0127709 0.0143637 0.00911956 0.012697 0.0114303 0.0160049 0.00958125 0.012223 0.0171773 0.0271659 0.0153657 0.0230206 0.0111935 0.013019 0.00911958 0.00882597 0.00910434 0.00897991 0.00897724 
0.00363197 0.0036017 0 0.00357223 0.00356928 0.00363609 0.00361709 0.00644046 0.00952796 0.0120352 0.0202431 0.913929 0.0154104 0.00740821 0.0130328 0.0129155 0.0110043 0.0133772 0.0199501 0.0940573 0.0484149 0.0302536 0.0119258 0.0149671 0.0234984 0.147956 0.054931 0.167768 0.0360545 0.0445914 0.018458 0.0143007 0.0338416 0.0130708 0.0138866 0.00898666 0.0113797 0.0298588 0.0343853 0.0490622 0.0642715 0.0283864 0.0544392 0.0143806 0.0279744 0.0141436 0.0488854 0.0108878 0.00993704 0.0108421 0.0351638 0.0511249 0.0838823 0.0281159 0.0594233 0.0157057 0.014568 0.0143686 0.0103158 0.0101591 0.00852205 
0.00362319 0.00360108 0.00357223 0 0.00355998 0.00362692 0.00358509 0.00491934 0.00893129 0.0323708 0.919002 0.020715 0.0120061 0.00612881 0.0113102 0.010964 0.0113025 0.0108799 0.0249972 0.0422286 0.0711424 0.0268335 0.0147591 0.0114648 0.0343026 0.0381541 0.243965 0.0476043 0.0666891 0.0249731 0.0208419 0.0176245 0.0129449 0.0184782 0.0101102 0.0090418 0.011471 0.0191339 0.032718 0.0673701 0.0333248 0.0560115 0.0159209 0.0239686 0.0105587 0.0455011 0.0157276 0.0143064 0.0094047 0.0126113 0.0175986 0.0685987 0.0392867 0.0457467 0.0171653 0.0184747 0.0116864 0.0103657 0.0134006 0.00899697 0.00873874 
0.00356327 0.00365033 0.00356928 0.00355998 0 0.00353887 0.00356702 0.00396422 0.019458 0.919313 0.0254817 0.0178784 0.00646735 0.00608607 0.00950345 0.0113437 0.00976264 0.00972544 0.0168418 0.0365837 0.0393152 0.0200353 0.0123068 0.0100749 0.0183961 0.0574806 0.0635248 0.0803696 0.0301666 0.0269603 0.0177058 0.0127069 0.0148329 0.0113718 0.00959197 0.00862197 0.0102469 0.0185269 0.03029 0.0401647 0.0325536 0.0301274 0.0147561 0.014595 0.0147016 0.0137284 0.0146583 0.0104925 0.00894071 0.0105086 0.0194047 0.0437111 0.0380922 0.0288419 0.018404 0.0134139 0.0107281 0.0105095 0.00966156 0.00864185 0.0084557 
0.00382389 0.00368116 0.00363609 0.00362692 0.00353887 0 0.00355571 0.0134012 0.933044 0.0242679 0.0110475 0.0064399 0.00860055 0.00586108 0.00911683 0.0281771 0.0108307 0.0101706 0.0133111 0.0199976 0.0157322 0.0312422 0.0135263 0.00977056 0.0136581 0.0235186 0.0255992 0.0264648 0.0208512 0.0163607 0.0105222 0.00984818 0.0108008 0.0112401 0.0116742 0.00875835 0.0098149 0.0142608 0.0147537 0.026953 0.0200089 0.0112869 0.0134385 0.0102519 0.0104337 0.00926878 0.0118351 0.0101091 0.00887149 0.00908539 0.0135963 0.0182163 0.0186923 0.0127341 0.0164669 0.00916966 0.0125094 0.00927245 0.00837555 0.00904298 0.00830102 
0.00514191 0.00373043 0.00361709 0.00358509 0.00356702 0.00355571 0 0.948579 0.0135376 0.0073071 0.00510236 0.00467531 0.00529623 0.0051799 0.0129329 0.00848616 0.0138191 0.0152167 0.0118356 0.0099495 0.0097791 0.0107818 0.0248376 0.0144446 0.0104097 0.0115535 0.0114143 0.0107003 0.00992554 0.0107708 0.00922149 0.0086904 0.00872699 0.00923993 0.0114902 0.0107974 0.00987542 0.00929016 0.00985429 0.0103317 0.00956208 0.00940476 0.00885589 0.00886171 0.00864498 0.00883015 0.00873688 0.00875772 0.00914027 0.0119162 0.00933954 0.00931766 0.00924195 0.00937586 0.0087706 0.00853195 0.00846787 0.00822539 0.00830481 0.00835304 0.00859654 
0.00907711 0.00765025 0.00644046 0.00491934 0.00396422 0.0134012 0.948579 0 0.00359943 0.00356974 0.00354077 0.00354456 0.00357445 0.00369093 0.00615358 0.00699387 0.0184085 0.00894067 0.00899351 0.00968343 0.0134949 0.00995761 0.0224293 0.0143422 0.0102752 0.00973139 0.0107582 0.00966072 0.0101215 0.00901005 0.00873429 0.00874262 0.00883419 0.00932802 0.0116416 0.00853237 0.00880204 0.00885037 0.00912018 0.00967651 0.00883889 0.00920947 0.00862381 0.00867611 0.00861094 0.00865236 0.00841293 0.0089038 0.0111651 0.011295 0.00897283 0.00948782 0.00896231 0.00898078 0.00843336 0.00840948 0.00821505 0.00814239 0.00810841 0.00813852 0.00925528 
0.00825857 0.0083628 0.00952796 0.00893129 0.019458 0.933044 0.0135376 0.00359943 0 0.00356935 0.00352862 0.00353856 0.00358716 0.00373169 0.00589517 0.0123782 0.00800239 0.00890887 0.0147029 0.0158442 0.0123515 0.0228015 0.0110011 0.0134325 0.0152798 0.0229337 0.0163926 0.0257123 0.0125035 0.013899 0.0105428 0.0101792 0.0106549 0.0104287 0.0103677 0.00858395 0.0101019 0.0107192 0.0133672 0.0149622 0.0181996 0.010455 0.0133714 0.00945691 0.01026 0.00910168 0.0120204 0.00931383 0.00953068 0.00947989 0.0145571 0.0157284 0.0178068 0.0111637 0.0135643 0.00905515 0.00889475 0.00877365 0.00842422 0.00888567 0.00849867 
0.00818632 0.00944787 0.0120352 0.0323708 0.919313 0.0242679 0.0073071 0.00356974 0.00356935 0 0.00353543 0.00356235 0.00352687 0.00353954 0.00541105 0.00811434 0.00811254 0.00895961 0.0157109 0.0136681 0.0245099 0.0112597 0.0106614 0.0104769 0.014733 0.0368587 0.0401251 0.0325634 0.0297449 0.0154619 0.0143754 0.0109505 0.011967 0.0109868 0.00910999 0.00867197 0.00996452 0.015512 0.0195217 0.032753 0.0197819 0.0236067 0.0125455 0.014079 0.00978021 0.0124939 0.0134675 0.0102731 0.00875347 0.00957774 0.0137922 0.032724 0.0276313 0.0251421 0.0125148 0.0123317 0.0100387 0.00942598 0.00938653 0.00875883 0.00842338 
0.00872905 0.00973455 0.0202431 0.919002 0.0254817 0.0110475 0.00510236 0.00354077 0.00352862 0.00353543 0 0.00352334 0.00353309 0.00362672 0.00435766 0.00834641 0.0115399 0.0076094 0.0170494 0.0187854 0.0223829 0.010037 0.0165579 0.0092232 0.0206116 0.0183234 0.0781699 0.0222154 0.0226791 0.0185038 0.0112691 0.0118122 0.0103337 0.0113552 0.00924191 0.00858191 0.0110538 0.013834 0.0183211 0.029042 0.01924 0.0258026 0.0112876 0.0157774 0.00948161 0.0153127 0.0107092 0.0108828 0.00874173 0.00930999 0.0123521 0.0396655 0.0236475 0.0302638 0.0131584 0.0127767 0.00950161 0.00908121 0.00938907 0.00863984 0.00843472 
0.00883458 0.0117875 0.913929 0.020715 0.0178784 0.0064399 0.00467531 0.00354456 0.00353856 0.00356235 0.00352334 0 0.00351953 0.00353605 0.00394285 0.00587424 0.00690065 0.0117711 0.00759679 0.0213488 0.00970724 0.0149353 0.0147606 0.00992175 0.00972958 0.0549301 0.0167755 0.0423878 0.0144496 0.0145337 0.0117378 0.00938695 0.0139713 0.00902094 0.00991215 0.00853241 0.00906017 0.0152295 0.0174953 0.0187019 0.0275485 0.0116574 0.0204731 0.00959233 0.0135823 0.00941821 0.0167808 0.00885615 0.00879643 0.00879058 0.0139768 0.0208052 0.039252 0.0117238 0.0186343 0.00957746 0.00978251 0.0096976 0.00870628 0.00902492 0.00825527 
0.0115718 0.905719 0.0154104 0.0120061 0.00646735 0.00860055 0.00529623 0.00357445 0.00358716 0.00352687 0.00353309 0.00351953 0 0.00352714 0.00493577 0.0370209 0.00550941 0.00607265 0.0132204 0.00708419 0.00797694 0.0264964 0.00865848 0.00922845 0.0153466 0.0100605 0.0155962 0.0109364 0.0131577 0.0109806 0.00952357 0.00916877 0.00877436 0.0107819 0.00924134 0.00867523 0.0105929 0.0186909 0.01052 0.0131215 0.0102676 0.0116753 0.00912666 0.0102965 0.00863553 0.00984117 0.00903343 0.00980948 0.00850873 0.00923644 0.0104124 0.0129523 0.00998508 0.0114258 0.00898672 0.00937052 0.00873829 0.00840231 0.00834035 0.0089998 0.00816829 
0.868656 0.00880124 0.00740821 0.00612881 0.00608607 0.00586108 0.0051799 0.00369093 0.00373169 0.00353954 0.00362672 0.00353605 0.00352714 0 0.0591457 0.00393362 0.00372532 0.00713169 0.0062362 0.0064783 0.0177582 0.0140416 0.00961527 0.0159251 0.00982661 0.00992317 0.0101954 0.0109138 0.00996589 0.00972245 0.00921929 0.0085641 0.00896364 0.00902637 0.01083 0.0109319 0.0101686 0.0105077 0.0102179 0.0104475 0.00987738 0.00937982 0.00918031 0.00891061 0.00903115 0.0087347 0.00900736 0.00898693 0.00920058 0.0119538 0.0104687 0.0105961 0.0104966 0.00936122 0.00922018 0.00866404 0.00837019 0.0084706 0.00826039 0.00864513 0.00853951 
0.0139763 0.0107612 0.0130328 0.0113102 0.00950345 0.00911683 0.0129329 0.00615358 0.00589517 0.00541105 0.00435766 0.00394285 0.00493577 0.0591457 0 0.00361844 0.00374465 0.00709466 0.016932 0.773017 0.0249529 0.0172565 0.0084286 0.023553 0.0101588 0.0132433 0.00993716 0.0138269 0.00954374 0.0101318 0.00907632 0.00910733 0.0117658 0.00963489 0.0194182 0.00968672 0.00893891 0.0101205 0.00944564 0.0103841 0.0107787 0.00911829 0.0116641 0.00886786 0.0105083 0.00882837 0.0108713 0.00912774 0.0156101 0.0107928 0.0110503 0.0102507 0.0112259 0.00930641 0.0115634 0.00861566 0.00861533 0.00883335 0.00824599 0.0091486 0.00949802 
0.0118136 0.0271221 0.0129155 0.010964 0.0113437 0.0281771 0.00848616 0.00699387 0.0123782 0.00811434 0.00834641 0.00587424 0.0370209 0.00393362 0.00361844 0 0.00511933 0.0162744 0.899869 0.0168466 0.0123494 0.00787556 0.00668422 0.0116732 0.0332146 0.0103599 0.013501 0.010148 0.0114953 0.00933577 0.00931262 0.00885493 0.00916938 0.0126535 0.0093615 0.00914304 0.010675 0.00927917 0.00956279 0.0105696 0.010354 0.0102005 0.00910586 0.00928443 0.00889095 0.00912775 0.00911476 0.0103982 0.0089341 0.0103429 0.0127507 0.0107282 0.0105787 0.0107815 0.00918305 0.00870321 0.00842177 0.00842421 0.00835348 0.0088319 0.00843695 
0.025337 0.012611 0.0110043 0.0113025 0.00976264 0.0108307 0.0138191 0.0184085 0.00800239 0.00811254 0.0115399 0.00690065 0.00550941 0.00372532 0.00374465 0.00511933 0 0.966668 0.0111651 0.00444922 0.00482512 0.00572819 0.00884191 0.0126775 0.0120983 0.0102536 0.0113698 0.00986807 0.00967104 0.00945778 0.00887856 0.00853062 0.00873109 0.0107893 0.00996775 0.011193 0.0103096 0.00894596 0.00942061 0.010095 0.00973935 0.0103266 0.00861545 0.0104508 0.00840428 0.00965316 0.00870711 0.00951331 0.00993561 0.0152533 0.00942068 0.0098394 0.0093694 0.01053 0.00891871 0.00956882 0.00846226 0.00833691 0.00858824 0.00826105 0.00977949 
0.0276719 0.0132351 0.0133772 0.0108799 0.00972544 0.0101706 0.0152167 0.00894067 0.00890887 0.00895961 0.0076094 0.0117711 0.00607265 0.00713169 0.00709466 0.0162744 0.966668 0 0.00403412 0.00364582 0.00358519 0.00389142 0.00400866 0.0621611 0.010344 0.01165 0.0099346 0.0152426 0.0140871 0.0112147 0.00935874 0.0090517 0.013409 0.00939386 0.0498408 0.0104816 0.00901353 0.010078 0.00986752 0.00987675 0.0121736 0.00883741 0.0133977 0.00867138 0.0152322 0.0086871 0.0137925 0.00939801 0.0198129 0.0157136 0.0132508 0.010001 0.0133447 0.00898323 0.0152478 0.00872905 0.00884304 0.00908534 0.00813477 0.00962691 0.010322 
0.0154415 0.0636082 0.0199501 0.0249972 0.0168418 0.0133111 0.0118356 0.00899351 0.0147029 0.0157109 0.0170494 0.00759679 0.0132204 0.0062362 0.016932 0.899869 0.0111651 0.00403412 0 0.00360288 0.00360358 0.00376977 0.00387811 0.014843 0.107728 0.010999 0.0590834 0.0241139 0.0279063 0.0106716 0.0116218 0.0111571 0.00943791 0.0543971 0.00933038 0.00901629 0.0317295 0.0103927 0.0168591 0.0282353 0.0112154 0.0304887 0.00935748 0.0325189 0.00880541 0.0272896 0.00936703 0.0314106 0.0102975 0.0393491 0.0186903 0.050469 0.0143733 0.0645944 0.010312 0.0230016 0.00956741 0.00888046 0.0106828 0.00876096 0.0112576 
0.0168491 0.0237539 0.0940573 0.0422286 0.0365837 0.0199976 0.0099495 0.00968343 0.0158442 0.0136681 0.0187854 0.0213488 0.00708419 0.0064783 0.773017 0.0168466 0.00444922 0.00364582 0.00360288 0 0.003562 0.0035826 0.0035667 0.0218562 0.0166976 0.130028 0.043621 0.110398 0.0140305 0.0252771 0.0128664 0.012003 0.0238527 0.00994668 0.012891 0.00933381 0.0108523 0.0257997 0.0278014 0.0395522 0.0557165 0.01412 0.0509258 0.0101002 0.0257756 0.0106149 0.0496926 0.0100484 0.0099671 0.013458 0.0557849 0.0493617 0.178767 0.0181645 0.0618533 0.0121994 0.0166829 0.013187 0.00977047 0.0111152 0.00865324 
0.0108383 0.0308196 0.0484149 0.0711424 0.0393152 0.0157322 0.0097791 0.0134949 0.0123515 0.0245099 0.0223829 0.00970724 0.00797694 0.0177582 0.0249529 0.0123494 0.00482512 0.00358519 0.00360358 0.003562 0 0.00358547 0.00354564 0.0184538 0.0395706 0.0544588 0.110354 0.0179714 0.0327059 0.0125215 0.0141385 0.0134743 0.0119885 0.0129521 0.0103228 0.00856779 0.0125486 0.0146208 0.0411131 0.0386437 0.02321 0.046536 0.0108144 0.0224799 0.00937017 0.0242337 0.0122409 0.0133027 0.00905802 0.0132282 0.0228318 0.193522 0.032783 0.0590968 0.0150822 0.0229088 0.0117113 0.0114669 0.0112217 0.00893627 0.00898196 
0.0174076 0.0193238 0.0302536 0.0268335 0.0200353 0.0312422 0.0107818 0.00995761 0.0228015 0.0112597 0.010037 0.0149353 0.0264964 0.0140416 0.0172565 0.00787556 0.00572819 0.00389142 0.00376977 0.0035826 0.00358547 0 0.00354269 0.0209482 0.0333812 0.0513404 0.0283824 0.0464088 0.0119597 0.0142783 0.0103814 0.00883184 0.0106438 0.0105342 0.0155708 0.00986288 0.0116481 0.013325 0.0125183 0.0160723 0.0195683 0.0121947 0.0139457 0.00939264 0.0122572 0.00914652 0.0151326 0.0107879 0.00943086 0.0111488 0.0414383 0.0149685 0.0306965 0.0118223 0.0152564 0.00936425 0.00962927 0.00944404 0.00885234 0.0098297 0.00836634 
0.0198502 0.0128337 0.0119258 0.0147591 0.0123068 0.0135263 0.0248376 0.0224293 0.0110011 0.0106614 0.0165579 0.0147606 0.00865848 0.00961527 0.0084286 0.00668422 0.00884191 0.00400866 0.00387811 0.0035667 0.00354564 0.00354269 0 0.0301064 0.0165651 0.0136462 0.0226637 0.010655 0.0160011 0.0110297 0.00995923 0.00872653 0.008653 0.0140342 0.0140598 0.0112111 0.0116116 0.00966683 0.00995014 0.0115504 0.00957789 0.0121921 0.00884761 0.0128524 0.00859373 0.011073 0.00877869 0.0108205 0.010984 0.0344455 0.0102138 0.0128824 0.00988211 0.0144631 0.00882752 0.00986368 0.00857671 0.00842489 0.00880745 0.00839132 0.0117479 
0.0208783 0.0128042 0.0149671 0.0114648 0.0100749 0.00977056 0.0144446 0.0143422 0.0134325 0.0104769 0.0092232 0.00992175 0.00922845 0.0159251 0.023553 0.0116732 0.0126775 0.0621611 0.014843 0.0218562 0.0184538 0.0209482 0.0301064 0 0.00558631 0.00355317 0.00354247 0.00368836 0.00354804 0.00360993 0.00391904 0.00458022 0.00625775 0.00610994 0.0206928 0.0108835 0.00750759 0.0091354 0.00894011 0.00947315 0.0111847 0.00864237 0.0268021 0.00890057 0.151878 0.0148935 0.0568305 0.0129914 0.0253317 0.0201429 0.0205579 0.0104823 0.0147633 0.00947425 0.0155896 0.00916494 0.00956428 0.0094857 0.00843273 0.010152 0.0116911 
0.0127627 0.0568764 0.0234984 0.0343026 0.0183961 0.0136581 0.0104097 0.0102752 0.0152798 0.014733 0.0206116 0.00972958 0.0153466 0.00982661 0.0101588 0.0332146 0.0120983 0.010344 0.107728 0.0166976 0.0395706 0.0333812 0.0165651 0.00558631 0 0.00356873 0.00353929 0.00357203 0.00358889 0.00358151 0.00424513 0.00423774 0.00432236 0.0183182 0.00832271 0.00658988 0.00983527 0.00797592 0.0111264 0.0117172 0.00913559 0.021111 0.00901912 0.215082 0.0110792 0.120329 0.0117561 0.0549485 0.00970366 0.0429885 0.0243557 0.048414 0.0127171 0.0502688 0.0105835 0.0365748 0.00997356 0.00945462 0.0123067 0.00916568 0.012429 
0.0122216 0.0245249 0.147956 0.0381541 0.0574806 0.0235186 0.0115535 0.00973139 0.0229337 0.0368587 0.0183234 0.0549301 0.0100605 0.00992317 0.0132433 0.0103599 0.0102536 0.01165 0.010999 0.130028 0.0544588 0.0513404 0.0136462 0.00355317 0.00356873 0 0.00355208 0.00354477 0.00354343 0.00350947 0.00368179 0.00372723 0.00923085 0.00434218 0.0064669 0.00701445 0.00774046 0.0120384 0.0105711 0.0125381 0.0211819 0.00932933 0.293078 0.0101452 0.122508 0.0137376 0.0499228 0.00971983 0.0113412 0.011287 0.0538495 0.0370131 0.158165 0.0139079 0.127246 0.0109745 0.0198376 0.0192589 0.0100317 0.0182613 0.00888697 
0.0121259 0.0611384 0.054931 0.243965 0.0635248 0.0255992 0.0114143 0.0107582 0.0163926 0.0401251 0.0781699 0.0167755 0.0155962 0.0101954 0.00993716 0.013501 0.0113698 0.0099346 0.0590834 0.043621 0.110354 0.0283824 0.0226637 0.00354247 0.00353929 0.00355208 0 0.00354975 0.00354731 0.00353777 0.00360998 0.00649141 0.0050258 0.00518099 0.00653852 0.00664278 0.0122599 0.00967686 0.0138591 0.0202142 0.0123313 0.356392 0.0138489 0.209137 0.023354 0.0675666 0.00957422 0.0371017 0.010668 0.0257189 0.018594 0.182221 0.0296678 0.191478 0.0126972 0.0682384 0.0137547 0.0121328 0.0289882 0.0093248 0.011034 
0.0115538 0.0207072 0.167768 0.0476043 0.0803696 0.0264648 0.0107003 0.00966072 0.0257123 0.0325634 0.0222154 0.0423878 0.0109364 0.0109138 0.0138269 0.010148 0.00986807 0.0152426 0.0241139 0.110398 0.0179714 0.0464088 0.010655 0.00368836 0.00357203 0.00354477 0.00354975 0 0.0035378 0.0035726 0.00378102 0.00362702 0.00384432 0.00370676 0.00444485 0.00721258 0.00812607 0.0111441 0.0111817 0.0132445 0.351026 0.0198536 0.236572 0.0251148 0.0449616 0.00863577 0.044605 0.00958589 0.0115495 0.0108708 0.050551 0.0307328 0.169347 0.0150746 0.0984011 0.0111909 0.0184474 0.0219627 0.00937962 0.0143695 0.00901212 
0.0105221 0.0281125 0.0360545 0.0666891 0.0301666 0.0208512 0.00992554 0.0101215 0.0125035 0.0297449 0.0226791 0.0144496 0.0131577 0.00996589 0.00954374 0.0114953 0.00967104 0.0140871 0.0279063 0.0140305 0.0327059 0.0119597 0.0160011 0.00354804 0.00358889 0.00354343 0.00354731 0.0035378 0 0.00354178 0.00353588 0.00353654 0.00357839 0.00401535 0.00366191 0.00598884 0.00751868 0.00862025 0.0108893 0.286339 0.0213066 0.178927 0.0212539 0.0215595 0.00817826 0.032103 0.00892347 0.0158921 0.00887965 0.0158907 0.0140957 0.0738905 0.016889 0.0547274 0.0108038 0.0311283 0.0128031 0.00984168 0.0127638 0.0089644 0.00973715 
0.00995461 0.014882 0.0445914 0.0249731 0.0269603 0.0163607 0.0107708 0.00901005 0.013899 0.0154619 0.0185038 0.0145337 0.0109806 0.00972245 0.0101318 0.00933577 0.00945778 0.0112147 0.0106716 0.0252771 0.0125215 0.0142783 0.0110297 0.00360993 0.00358151 0.00350947 0.00353777 0.0035726 0.00354178 0 0.00355848 0.00355028 0.00361898 0.0035645 0.00373773 0.00566369 0.00813558 0.00840962 0.260245 0.0372917 0.154997 0.0249059 0.0196267 0.00930614 0.0214008 0.0087278 0.0108389 0.00904949 0.0106884 0.0102229 0.0229989 0.0193948 0.0407547 0.0117227 0.0346933 0.011688 0.0108767 0.0108406 0.00922674 0.00989578 0.00902726 
0.00930938 0.0119455 0.018458 0.0208419 0.0177058 0.0105222 0.00922149 0.00873429 0.0105428 0.0143754 0.0112691 0.0117378 0.00952357 0.00921929 0.00907632 0.00931262 0.00887856 0.00935874 0.0116218 0.0128664 0.0141385 0.0103814 0.00995923 0.00391904 0.00424513 0.00368179 0.00360998 0.00378102 0.00353588 0.00355848 0 0.00347416 0.00356046 0.00365818 0.00363185 0.00558526 0.00667061 0.165393 0.0304897 0.149945 0.0628477 0.0209172 0.00849462 0.0222537 0.00856315 0.00946849 0.00907466 0.00944001 0.0148804 0.0125487 0.0126487 0.0208532 0.0139262 0.0198768 0.0118016 0.0122025 0.00918658 0.00936923 0.00920025 0.00882002 0.00918061 
0.00874682 0.0121747 0.0143007 0.0176245 0.0127069 0.00984818 0.0086904 0.00874262 0.0101792 0.0109505 0.0118122 0.00938695 0.00916877 0.0085641 0.00910733 0.00885493 0.00853062 0.0090517 0.0111571 0.012003 0.0134743 0.00883184 0.00872653 0.00458022 0.00423774 0.00372723 0.00649141 0.00362702 0.00353654 0.00355028 0.00347416 0 0.00356688 0.00357216 0.0035671 0.00612799 0.0321575 0.0133138 0.133641 0.0834329 0.0142027 0.0196891 0.00906555 0.0141949 0.00829867 0.00935881 0.00833962 0.008999 0.00857712 0.0125244 0.0107329 0.0162554 0.0187314 0.0158987 0.00967466 0.0110719 0.00933017 0.0089068 0.00911493 0.00858208 0.00869569 
0.0101964 0.0104616 0.0338416 0.0129449 0.0148329 0.0108008 0.00872699 0.00883419 0.0106549 0.011967 0.0103337 0.0139713 0.00877436 0.00896364 0.0117658 0.00916938 0.00873109 0.013409 0.00943791 0.0238527 0.0119885 0.0106438 0.008653 0.00625775 0.00432236 0.00923085 0.0050258 0.00384432 0.00357839 0.00361898 0.00356046 0.00356688 0 0.00353896 0.00357456 0.0121648 0.00768101 0.177792 0.0844082 0.0143878 0.0236229 0.00724329 0.0127025 0.00753967 0.0158146 0.0077171 0.0175284 0.00804868 0.0089369 0.0110389 0.017676 0.0221458 0.032087 0.0100611 0.0284223 0.00914525 0.0106717 0.0121099 0.00879316 0.0103025 0.00851851 
0.00980956 0.0212996 0.0130708 0.0184782 0.0113718 0.0112401 0.00923993 0.00932802 0.0104287 0.0109868 0.0113552 0.00902094 0.0107819 0.00902637 0.00963489 0.0126535 0.0107893 0.00939386 0.0543971 0.00994668 0.0129521 0.0105342 0.0140342 0.00610994 0.0183182 0.00434218 0.00518099 0.00370676 0.00401535 0.0035645 0.00365818 0.00357216 0.00353896 0 0.00679215 0.00509393 0.350489 0.0398113 0.0192464 0.017648 0.00950274 0.011498 0.00624346 0.0108469 0.00694854 0.0191203 0.00757387 0.0226521 0.00829559 0.0171101 0.0161546 0.0233522 0.0101798 0.0298072 0.00877079 0.0190965 0.0095038 0.00872592 0.0104455 0.00877241 0.0105609 
0.0154432 0.0100278 0.0138866 0.0101102 0.00959197 0.0116742 0.0114902 0.0116416 0.0103677 0.00910999 0.00924191 0.00991215 0.00924134 0.01083 0.0194182 0.0093615 0.00996775 0.0498408 0.00933038 0.012891 0.0103228 0.0155708 0.0140598 0.0206928 0.00832271 0.0064669 0.00653852 0.00444485 0.00366191 0.00373773 0.00363185 0.0035671 0.00357456 0.00679215 0 0.868484 0.0151864 0.00686067 0.0160472 0.00621896 0.00927437 0.00618989 0.00904018 0.00643736 0.00975035 0.00693019 0.0123391 0.00759547 0.0137047 0.0223439 0.0138494 0.0103039 0.0150319 0.00915593 0.0159335 0.00887981 0.00911558 0.00928145 0.00849884 0.0101724 0.00910246 
0.0086755 0.00866291 0.00898666 0.0090418 0.00862197 0.00875835 0.0107974 0.00853237 0.00858395 0.00867197 0.00858191 0.00853241 0.00867523 0.0109319 0.00968672 0.00914304 0.011193 0.0104816 0.00901629 0.00933381 0.00856779 0.00986288 0.0112111 0.0108835 0.00658988 0.00701445 0.00664278 0.00721258 0.00598884 0.00566369 0.00558526 0.00612799 0.0121648 0.00509393 0.868484 0 0.00371917 0.00362479 0.00349593 0.00359679 0.00374121 0.00370968 0.00413204 0.00376917 0.00642669 0.00528926 0.00712977 0.00628066 0.0187219 0.0122062 0.0105262 0.00904911 0.00943743 0.00858084 0.0126558 0.00862427 0.00849266 0.00859866 0.00813368 0.00934133 0.0109606 
0.00867566 0.012484 0.0113797 0.011471 0.0102469 0.0098149 0.00987542 0.00880204 0.0101019 0.00996452 0.0110538 0.00906017 0.0105929 0.0101686 0.00893891 0.010675 0.0103096 0.00901353 0.0317295 0.0108523 0.0125486 0.0116481 0.0116116 0.00750759 0.00983527 0.00774046 0.0122599 0.00812607 0.00751868 0.00813558 0.00667061 0.0321575 0.00768101 0.350489 0.0151864 0.00371917 0 0.00357317 0.00356189 0.00354694 0.00359688 0.00369223 0.00371222 0.00436095 0.00410635 0.00665279 0.00559689 0.0322881 0.00794598 0.0171166 0.0124847 0.0139231 0.0102742 0.0172136 0.00933547 0.0122257 0.00894328 0.00874284 0.00947611 0.00885929 0.0114864 
0.0090089 0.0117638 0.0298588 0.0191339 0.0185269 0.0142608 0.00929016 0.00885037 0.0107192 0.015512 0.013834 0.0152295 0.0186909 0.0105077 0.0101205 0.00927917 0.00894596 0.010078 0.0103927 0.0257997 0.0146208 0.013325 0.00966683 0.0091354 0.00797592 0.0120384 0.00967686 0.0111441 0.00862025 0.00840962 0.165393 0.0133138 0.177792 0.0398113 0.00686067 0.00362479 0.00357317 0 0.00355559 0.00356643 0.00355149 0.00362372 0.00398239 0.00362244 0.00441998 0.00412034 0.0117244 0.0108359 0.00656267 0.0113359 0.0165872 0.0204478 0.0303861 0.0116802 0.0191279 0.0101182 0.0108807 0.0106484 0.00933194 0.0104135 0.00888494 
0.00921547 0.0185832 0.0343853 0.032718 0.03029 0.0147537 0.00985429 0.00912018 0.0133672 0.0195217 0.0183211 0.0174953 0.01052 0.0102179 0.00944564 0.00956279 0.00942061 0.00986752 0.0168591 0.0278014 0.0411131 0.0125183 0.00995014 0.00894011 0.0111264 0.0105711 0.0138591 0.0111817 0.0108893 0.260245 0.0304897 0.133641 0.0844082 0.0192464 0.0160472 0.00349593 0.00356189 0.00355559 0 0.00357379 0.00358102 0.00356714 0.00358258 0.00485677 0.00415787 0.014351 0.00511551 0.00620014 0.0152983 0.0157941 0.021212 0.0337059 0.023073 0.0225231 0.0161557 0.0158253 0.0122192 0.0115488 0.0109729 0.0105843 0.0111668 
0.0107574 0.0270226 0.0490622 0.0673701 0.0401647 0.026953 0.0103317 0.00967651 0.0149622 0.032753 0.029042 0.0187019 0.0131215 0.0104475 0.0103841 0.0105696 0.010095 0.00987675 0.0282353 0.0395522 0.0386437 0.0160723 0.0115504 0.00947315 0.0117172 0.0125381 0.0202142 0.0132445 0.286339 0.0372917 0.149945 0.0834329 0.0143878 0.017648 0.00621896 0.00359679 0.00354694 0.00356643 0.00357379 0 0.00354119 0.0035244 0.00355539 0.00358727 0.00521496 0.00509652 0.00927106 0.00960445 0.00701997 0.0272099 0.0309117 0.0474575 0.0303754 0.0345555 0.0174107 0.0234511 0.0147813 0.0110963 0.0158863 0.0136338 0.0177686 
0.00975856 0.0165991 0.0642715 0.0333248 0.0325536 0.0200089 0.00956208 0.00883889 0.0181996 0.0197819 0.01924 0.0275485 0.0102676 0.00987738 0.0107787 0.010354 0.00973935 0.0121736 0.0112154 0.0557165 0.02321 0.0195683 0.00957789 0.0111847 0.00913559 0.0211819 0.0123313 0.351026 0.0213066 0.154997 0.0628477 0.0142027 0.0236229 0.00950274 0.00927437 0.00374121 0.00359688 0.00355149 0.00358102 0.00354119 0 0.00353129 0.00357614 0.00361633 0.00383524 0.00369747 0.00472365 0.00397986 0.0124319 0.0121855 0.0270151 0.0248289 0.0629751 0.0126128 0.0415342 0.0112618 0.013481 0.0186694 0.0122041 0.0481536 0.00962217 
0.00952959 0.0215401 0.0283864 0.0560115 0.0301274 0.0112869 0.00940476 0.00920947 0.010455 0.0236067 0.0258026 0.0116574 0.0116753 0.00937982 0.00911829 0.0102005 0.0103266 0.00883741 0.0304887 0.01412 0.046536 0.0121947 0.0121921 0.00864237 0.021111 0.00932933 0.356392 0.0198536 0.178927 0.0249059 0.0209172 0.0196891 0.00724329 0.011498 0.00618989 0.00370968 0.00369223 0.00362372 0.00356714 0.0035244 0.00353129 0 0.00353017 0.00365487 0.00355756 0.00696596 0.0036483 0.00705074 0.00398041 0.0216399 0.0125868 0.0519983 0.0131425 0.0851502 0.00930927 0.0426504 0.0104256 0.0150694 0.0330022 0.00866434 0.0203749 
0.00968579 0.0127709 0.0544392 0.0159209 0.0147561 0.0134385 0.00885589 0.00862381 0.0133714 0.0125455 0.0112876 0.0204731 0.00912666 0.00918031 0.0116641 0.00910586 0.00861545 0.0133977 0.00935748 0.0509258 0.0108144 0.0139457 0.00884761 0.0268021 0.00901912 0.293078 0.0138489 0.236572 0.0212539 0.0196267 0.00849462 0.00906555 0.0127025 0.00624346 0.00904018 0.00413204 0.00371222 0.00398239 0.00358258 0.00355539 0.00357614 0.00353017 0 0.00344555 0.00366142 0.00352478 0.00383879 0.0035028 0.00408136 0.0101807 0.0247658 0.0122034 0.049077 0.00924169 0.0580893 0.00878593 0.0468484 0.0256145 0.00838827 0.0259645 0.00848445 
0.00876655 0.0143637 0.0143806 0.0239686 0.014595 0.0102519 0.00886171 0.00867611 0.00945691 0.014079 0.0157774 0.00959233 0.0102965 0.00891061 0.00886786 0.00928443 0.0104508 0.00867138 0.0325189 0.0101002 0.0224799 0.00939264 0.0128524 0.00890057 0.215082 0.0101452 0.209137 0.0251148 0.0215595 0.00930614 0.0222537 0.0141949 0.00753967 0.0108469 0.00643736 0.00376917 0.00436095 0.00362244 0.00485677 0.00358727 0.00361633 0.00365487 0.00344555 0 0.00352773 0.004019 0.00355658 0.00464015 0.00359426 0.0242593 0.0101226 0.0373414 0.00966398 0.0750859 0.0089573 0.224751 0.010071 0.00859854 0.0233419 0.00854336 0.0149565 
0.00927631 0.00911956 0.0279744 0.0105587 0.0147016 0.0104337 0.00864498 0.00861094 0.01026 0.00978021 0.00948161 0.0135823 0.00863553 0.00903115 0.0105083 0.00889095 0.00840428 0.0152322 0.00880541 0.0257756 0.00937017 0.0122572 0.00859373 0.151878 0.0110792 0.122508 0.023354 0.0449616 0.00817826 0.0214008 0.00856315 0.00829867 0.0158146 0.00694854 0.00975035 0.00642669 0.00410635 0.00441998 0.00415787 0.00521496 0.00383524 0.00355756 0.00366142 0.00352773 0 0.00349226 0.00362597 0.00353786 0.00472542 0.0111058 0.0237822 0.010069 0.049037 0.00865962 0.254838 0.0085143 0.0103877 0.0179125 0.0082345 0.016114 0.00859199 
0.00862893 0.012697 0.0141436 0.0455011 0.0137284 0.00926878 0.00883015 0.00865236 0.00910168 0.0124939 0.0153127 0.00941821 0.00984117 0.0087347 0.00882837 0.00912775 0.00965316 0.0086871 0.0272896 0.0106149 0.0242337 0.00914652 0.011073 0.0148935 0.120329 0.0137376 0.0675666 0.00863577 0.032103 0.0087278 0.00946849 0.00935881 0.0077171 0.0191203 0.00693019 0.00528926 0.00665279 0.00412034 0.014351 0.00509652 0.00369747 0.00696596 0.00352478 0.004019 0.00349226 0 0.00352368 0.00389008 0.00356884 0.0354303 0.011495 0.0351806 0.00998496 0.31373 0.00859219 0.0257344 0.0091717 0.00871953 0.0150545 0.00858469 0.0115713 
0.00968186 0.0114303 0.0488854 0.0157276 0.0146583 0.0118351 0.00873688 0.00841293 0.0120204 0.0134675 0.0107092 0.0167808 0.00903343 0.00900736 0.0108713 0.00911476 0.00870711 0.0137925 0.00936703 0.0496926 0.0122409 0.0151326 0.00877869 0.0568305 0.0117561 0.0499228 0.00957422 0.044605 0.00892347 0.0108389 0.00907466 0.00833962 0.0175284 0.00757387 0.0123391 0.00712977 0.00559689 0.0117244 0.00511551 0.00927106 0.00472365 0.0036483 0.00383879 0.00355658 0.00362597 0.00352368 0 0.00354216 0.00368555 0.0106598 0.0304349 0.0125665 0.261608 0.00923259 0.0539118 0.00948559 0.0115504 0.016369 0.00842561 0.0221017 0.00882735 
0.00911909 0.0160049 0.0108878 0.0143064 0.0104925 0.0101091 0.00875772 0.0089038 0.00931383 0.0102731 0.0108828 0.00885615 0.00980948 0.00898693 0.00912774 0.0103982 0.00951331 0.00939801 0.0314106 0.0100484 0.0133027 0.0107879 0.0108205 0.0129914 0.0549485 0.00971983 0.0371017 0.00958589 0.0158921 0.00904949 0.00944001 0.008999 0.00804868 0.0226521 0.00759547 0.00628066 0.0322881 0.0108359 0.00620014 0.00960445 0.00397986 0.00705074 0.0035028 0.00464015 0.00353786 0.00389008 0.00354216 0 0.00359969 0.0279212 0.0142606 0.195164 0.0111524 0.0293065 0.0090528 0.023409 0.00933259 0.00877768 0.0111035 0.00897059 0.0112952 
0.0148051 0.00958125 0.00993704 0.0094047 0.00894071 0.00887149 0.00914027 0.0111651 0.00953068 0.00875347 0.00874173 0.00879643 0.00850873 0.00920058 0.0156101 0.0089341 0.00993561 0.0198129 0.0102975 0.0099671 0.00905802 0.00943086 0.010984 0.0253317 0.00970366 0.0113412 0.010668 0.0115495 0.00887965 0.0106884 0.0148804 0.00857712 0.0089369 0.00829559 0.0137047 0.0187219 0.00794598 0.00656267 0.0152983 0.00701997 0.0124319 0.00398041 0.00408136 0.00359426 0.00472542 0.00356884 0.00368555 0.00359969 0 0.0168168 0.191693 0.0113124 0.0168611 0.00998602 0.0123 0.0092646 0.00917412 0.00939692 0.00857828 0.0109261 0.0103253 
0.0109422 0.012223 0.0108421 0.0126113 0.0105086 0.00908539 0.0119162 0.011295 0.00947989 0.00957774 0.00930999 0.00879058 0.00923644 0.0119538 0.0107928 0.0103429 0.0152533 0.0157136 0.0393491 0.013458 0.0132282 0.0111488 0.0344455 0.0201429 0.0429885 0.011287 0.0257189 0.0108708 0.0158907 0.0102229 0.0125487 0.0125244 0.0110389 0.0171101 0.0223439 0.0122062 0.0171166 0.0113359 0.0157941 0.0272099 0.0121855 0.0216399 0.0101807 0.0242593 0.0111058 0.0354303 0.0106598 0.0279212 0.0168168 0 0.00361028 0.00362903 0.00360774 0.00469433 0.00376323 0.005105 0.00454715 0.0043502 0.00535546 0.00620744 0.0393781 
0.00985284 0.0171773 0.0351638 0.0175986 0.0194047 0.0135963 0.00933954 0.00897283 0.0145571 0.0137922 0.0123521 0.0139768 0.0104124 0.0104687 0.0110503 0.0127507 0.00942068 0.0132508 0.0186903 0.0557849 0.0228318 0.0414383 0.0102138 0.0205579 0.0243557 0.0538495 0.018594 0.050551 0.0140957 0.0229989 0.0126487 0.0107329 0.017676 0.0161546 0.0138494 0.0105262 0.0124847 0.0165872 0.021212 0.0309117 0.0270151 0.0125868 0.0247658 0.0101226 0.0237822 0.011495 0.0304349 0.0142606 0.191693 0.00361028 0 0.00357511 0.00353896 0.00362833 0.00368611 0.0037081 0.003729 0.00441615 0.00421715 0.01393 0.00819562 
0.0101396 0.0271659 0.0511249 0.0685987 0.0437111 0.0182163 0.00931766 0.00948782 0.0157284 0.032724 0.0396655 0.0208052 0.0129523 0.0105961 0.0102507 0.0107282 0.0098394 0.010001 0.050469 0.0493617 0.193522 0.0149685 0.0128824 0.0104823 0.048414 0.0370131 0.182221 0.0307328 0.0738905 0.0193948 0.0208532 0.0162554 0.0221458 0.0233522 0.0103039 0.00904911 0.0139231 0.0204478 0.0337059 0.0474575 0.0248289 0.0519983 0.0122034 0.0373414 0.010069 0.0351806 0.0125665 0.195164 0.0113124 0.00362903 0.00357511 0 0.00357548 0.00373637 0.00363109 0.00363587 0.00368828 0.00375959 0.00597445 0.00495138 0.00629536 
0.010607 0.0153657 0.0838823 0.0392867 0.0380922 0.0186923 0.00924195 0.00896231 0.0178068 0.0276313 0.0236475 0.039252 0.00998508 0.0104966 0.0112259 0.0105787 0.0093694 0.0133447 0.0143733 0.178767 0.032783 0.0306965 0.00988211 0.0147633 0.0127171 0.158165 0.0296678 0.169347 0.016889 0.0407547 0.0139262 0.0187314 0.032087 0.0101798 0.0150319 0.00943743 0.0102742 0.0303861 0.023073 0.0303754 0.0629751 0.0131425 0.049077 0.00966398 0.049037 0.00998496 0.261608 0.0111524 0.0168611 0.00360774 0.00353896 0.00357548 0 0.00355842 0.00371761 0.00360421 0.00363524 0.00519015 0.00364615 0.00616051 0.00545456 
0.00955183 0.0230206 0.0281159 0.0457467 0.0288419 0.0127341 0.00937586 0.00898078 0.0111637 0.0251421 0.0302638 0.0117238 0.0114258 0.00936122 0.00930641 0.0107815 0.01053 0.00898323 0.0645944 0.0181645 0.0590968 0.0118223 0.0144631 0.00947425 0.0502688 0.0139079 0.191478 0.0150746 0.0547274 0.0117227 0.0198768 0.0158987 0.0100611 0.0298072 0.00915593 0.00858084 0.0172136 0.0116802 0.0225231 0.0345555 0.0126128 0.0851502 0.00924169 0.0750859 0.00865962 0.31373 0.00923259 0.0293065 0.00998602 0.00469433 0.00362833 0.00373637 0.00355842 0 0.00360648 0.00379936 0.00365938 0.00364117 0.00446237 0.00375511 0.00581872 
0.0104922 0.0111935 0.0594233 0.0171653 0.018404 0.0164669 0.0087706 0.00843336 0.0135643 0.0125148 0.0131584 0.0186343 0.00898672 0.00922018 0.0115634 0.00918305 0.00891871 0.0152478 0.010312 0.0618533 0.0150822 0.0152564 0.00882752 0.0155896 0.0105835 0.127246 0.0126972 0.0984011 0.0108038 0.0346933 0.0118016 0.00967466 0.0284223 0.00877079 0.0159335 0.0126558 0.00933547 0.0191279 0.0161557 0.0174107 0.0415342 0.00930927 0.0580893 0.0089573 0.254838 0.00859219 0.0539118 0.0090528 0.0123 0.00376323 0.00368611 0.00363109 0.00371761 0.00360648 0 0.00356111 0.00362568 0.00367956 0.00359799 0.00403866 0.00375021 
0.00890878 0.013019 0.0157057 0.0184747 0.0134139 0.00916966 0.00853195 0.00840948 0.00905515 0.0123317 0.0127767 0.00957746 0.00937052 0.00866404 0.00861566 0.00870321 0.00956882 0.00872905 0.0230016 0.0121994 0.0229088 0.00936425 0.00986368 0.00916494 0.0365748 0.0109745 0.0682384 0.0111909 0.0311283 0.011688 0.0122025 0.0110719 0.00914525 0.0190965 0.00887981 0.00862427 0.0122257 0.0101182 0.0158253 0.0234511 0.0112618 0.0426504 0.00878593 0.224751 0.0085143 0.0257344 0.00948559 0.023409 0.0092646 0.005105 0.0037081 0.00363587 0.00360421 0.00379936 0.00356111 0 0.00355594 0.00356503 0.00388912 0.00360702 0.00410392 
0.0085146 0.00911958 0.014568 0.0116864 0.0107281 0.0125094 0.00846787 0.00821505 0.00889475 0.0100387 0.00950161 0.00978251 0.00873829 0.00837019 0.00861533 0.00842177 0.00846226 0.00884304 0.00956741 0.0166829 0.0117113 0.00962927 0.00857671 0.00956428 0.00997356 0.0198376 0.0137547 0.0184474 0.0128031 0.0108767 0.00918658 0.00933017 0.0106717 0.0095038 0.00911558 0.00849266 0.00894328 0.0108807 0.0122192 0.0147813 0.013481 0.0104256 0.0468484 0.010071 0.0103877 0.0091717 0.0115504 0.00933259 0.00917412 0.00454715 0.003729 0.00368828 0.00363524 0.00365938 0.00362568 0.00355594 0 0.00354513 0.00355214 0.00355386 0.00391522 
0.00839033 0.00882597 0.0143686 0.0103657 0.0105095 0.00927245 0.00822539 0.00814239 0.00877365 0.00942598 0.00908121 0.0096976 0.00840231 0.0084706 0.00883335 0.00842421 0.00833691 0.00908534 0.00888046 0.013187 0.0114669 0.00944404 0.00842489 0.0094857 0.00945462 0.0192589 0.0121328 0.0219627 0.00984168 0.0108406 0.00936923 0.0089068 0.0121099 0.00872592 0.00928145 0.00859866 0.00874284 0.0106484 0.0115488 0.0110963 0.0186694 0.0150694 0.0256145 0.00859854 0.0179125 0.00871953 0.016369 0.00877768 0.00939692 0.0043502 0.00441615 0.00375959 0.00519015 0.00364117 0.00367956 0.00356503 0.00354513 0 0.00351948 0.00363137 0.00355928 
0.00805763 0.00910434 0.0103158 0.0134006 0.00966156 0.00837555 0.00830481 0.00810841 0.00842422 0.00938653 0.00938907 0.00870628 0.00834035 0.00826039 0.00824599 0.00835348 0.00858824 0.00813477 0.0106828 0.00977047 0.0112217 0.00885234 0.00880745 0.00843273 0.0123067 0.0100317 0.0289882 0.00937962 0.0127638 0.00922674 0.00920025 0.00911493 0.00879316 0.0104455 0.00849884 0.00813368 0.00947611 0.00933194 0.0109729 0.0158863 0.0122041 0.0330022 0.00838827 0.0233419 0.0082345 0.0150545 0.00842561 0.0111035 0.00857828 0.00535546 0.00421715 0.00597445 0.00364615 0.00446237 0.00359799 0.00388912 0.00355214 0.00351948 0 0.00352393 0.00355336 
0.00841003 0.00897991 0.0101591 0.00899697 0.00864185 0.00904298 0.00835304 0.00813852 0.00888567 0.00875883 0.00863984 0.00902492 0.0089998 0.00864513 0.0091486 0.0088319 0.00826105 0.00962691 0.00876096 0.0111152 0.00893627 0.0098297 0.00839132 0.010152 0.00916568 0.0182613 0.0093248 0.0143695 0.0089644 0.00989578 0.00882002 0.00858208 0.0103025 0.00877241 0.0101724 0.00934133 0.00885929 0.0104135 0.0105843 0.0136338 0.0481536 0.00866434 0.0259645 0.00854336 0.016114 0.00858469 0.0221017 0.00897059 0.0109261 0.00620744 0.01393 0.00495138 0.00616051 0.00375511 0.00403866 0.00360702 0.00355386 0.00363137 0.00352393 0 0.00353454 
0.0104977 0.00897724 0.00852205 0.00873874 0.0084557 0.00830102 0.00859654 0.00925528 0.00849867 0.00842338 0.00843472 0.00825527 0.00816829 0.00853951 0.00949802 0.00843695 0.00977949 0.010322 0.0112576 0.00865324 0.00898196 0.00836634 0.0117479 0.0116911 0.012429 0.00888697 0.011034 0.00901212 0.00973715 0.00902726 0.00918061 0.00869569 0.00851851 0.0105609 0.00910246 0.0109606 0.0114864 0.00888494 0.0111668 0.0177686 0.00962217 0.0203749 0.00848445 0.0149565 0.00859199 0.0115713 0.00882735 0.0112952 0.0103253 0.0393781 0.00819562 0.00629536 0.00545456 0.00581872 0.00375021 0.00410392 0.00391522 0.00355928 0.00355336 0.00353454 0 
