1FZCC
EASILTHDSSIRYLQEIYNSNNQKIVNLKEKVAQLEAQCQEPCKDTVQIHDITGKDCQDIANKGAKQSGLYFIKPLKANQQFLVYCEIDGSGNGWTVFQKRLDGSVDFKKNWIQYKEGFGHLSPTGTTEFWLGNEKIHLISTQSAIPYALRVELEDWNGRTSTADYAMFKVGPEADKYRLTYAYFAGGDAGDAFDGFDFGDDPSDKFFTSHNGMQFSTWDNDNDKFEGNCAEQDGSGWWMNKCHAGHLNGVYYQGGTYSKASTPNGYDNGIIWATWKTRWYSMKKTTMKIIPFNRLTIGEG
CCCCCCHHHHHHHHHHHHHHHHHHHHHHHHHHHHHHHHCCCCCEECCCCCCCCECCHHHHHCCCCCCCEEEEECCCCCCCCEEEEEEECCCCCEEEEEEEECCCCCCCCCCHHHHHHCEEEECCCCCCCEECCHHHHHHHHCCCCCCEEEEEEEECCCCCEEEEEEECCEECCHHHCCCEECCEECCCCCCCHHHCCCCCCCCCHHHHCCCCCCCCEECCECCCCCCCCHHHHHCCCECCCCECCEECCCECCCCCECCHHHCCCCCCCECEECCCCCCCECCCEEEEEEEECCCCCCCCC
0 0 0 0 0 0 0 0 0 0 0 0 0 0 0 0 0 0 0 0 0 0 0 0 0 0 0 0 0 0 0 0 0 0 0 0 0 0 0 0 0 0 0 0 0 0 0 0 0 0 0 0 0 0 0 0 0 0 0 0 0 0 0 0 0 0 0 0 0 0 0 0 0 0 0 0 0 0 0 0 0 0 0 0 0 0 0 0 0 0 0 0 0 0 0 0 0 0 0 0 0 0 0 0 0 0 0 0 0 0 0 0 0 0 0 0 0 0 0 0 0 0 0 0 0 0 0 0 0 0 0 0 0 0 0 0 0 0 0 0 0 0 0 0 0 0 0 0 0 0 0 0 0 0 0 0 0 0 0 0 0 0 0 0 0 0 0 0 0 0 0 0 0 0 0 0 0 0 0 0 0 0 0 0 0 0 0 0 0 0 0 0 0 0 0 0 0 0 0 0 0 0 0 0 0 0 0 0 0 0 0 0 0 0 0 0 0 0 0 0 0 0 0 0 0 0 0 0 0 0 0 0 0 0 0 0 0 0 0 0 0 0 0 0 0 0 0 0 0 0 0 0 0 0 0 0 0 0 0 0 0 0 0 0 0 0 0 0 0 0 0 0 0 0 0 0 0 0 0 0 0 0 0 0 0 0 0 0 0 0 0 0 0 0 0 0 0 0 0 0 0 
0 0 0 0 0 0 0 0 0 0 0 0 0 0 0 0 0 0 0 0 0 0 0 0 0 0 0 0 0 0 0 0 0 0 0 0 0 0 0 0 0 0 0 0 0 0 0 0 0 0 0 0 0 0 0 0 0 0 0 0 0 0 0 0 0 0 0 0 0 0 0 0 0 0 0 0 0 0 0 0 0 0 0 0 0 0 0 0 0 0 0 0 0 0 0 0 0 0 0 0 0 0 0 0 0 0 0 0 0 0 0 0 0 0 0 0 0 0 0 0 0 0 0 0 0 0 0 0 0 0 0 0 0 0 0 0 0 0 0 0 0 0 0 0 0 0 0 0 0 0 0 0 0 0 0 0 0 0 0 0 0 0 0 0 0 0 0 0 0 0 0 0 0 0 0 0 0 0 0 0 0 0 0 0 0 0 0 0 0 0 0 0 0 0 0 0 0 0 0 0 0 0 0 0 0 0 0 0 0 0 0 0 0 0 0 0 0 0 0 0 0 0 0 0 0 0 0 0 0 0 0 0 0 0 0 0 0 0 0 0 0 0 0 0 0 0 0 0 0 0 0 0 0 0 0 0 0 0 0 0 0 0 0 0 0 0 0 0 0 0 0 0 0 0 0 0 0 0 0 0 0 0 0 0 0 0 0 0 0 0 0 0 0 0 0 0 0 0 0 0 0 
0 0.00520145 0.0312857 0.0173806 0.0137887 0.0120951 0.018946 0.0140711 0.0156648 0.0124348 0.00931216 0.0111179 0.0086772 0.0123215 0.00990356 0.0119919 0.00916259 0.00979583 0.00909057 0.0093439 0.00891607 0.00919323 0.0119622 0.00896648 0.00845765 0.00878774 0.00978302 0.00883713 0.00907791 0.00936176 0.00875592 0.0082547 0.00880334 0.00819941 0.00922412 0.00818626 0.00864274 0.0097243 0.00819689 0.00870888 0.00806357 0.00819805 0.00822904 0.00831622 0.00925781 0.0086572 0.00837698 0.00913424 0.00837682 0.00888204 0.00836068 0.00815761 0.00842269 0.00810242 0.00809448 0.00804281 0.00809099 0.0083354 0.00980497 0.00831002 0.00805113 0.00814372 0.00823677 0.00819765 0.00810864 0.00816849 0.00824967 0.00828815 0.00826794 0.00820242 0.00860354 
0.00520145 0 0.119115 0.0158254 0.0126969 0.0105689 0.0211168 0.0281392 0.0172182 0.0100252 0.00965846 0.00902946 0.0115841 0.00892063 0.0165338 0.0103849 0.00937333 0.00906973 0.00899364 0.00915156 0.00885916 0.00975839 0.00925707 0.0108018 0.0089082 0.00884743 0.00948338 0.0106558 0.00838668 0.0107919 0.0085186 0.00878658 0.00814165 0.0105802 0.00814306 0.00908621 0.00811091 0.00852392 0.00868307 0.00809127 0.00835307 0.00806194 0.00839918 0.00840799 0.00836157 0.00893941 0.00954198 0.0084365 0.00877079 0.00834106 0.00838708 0.00832894 0.00861773 0.00807621 0.00831968 0.00817348 0.0081479 0.0081805 0.00853012 0.00870433 0.00810538 0.00818468 0.00853717 0.00836633 0.00831034 0.00826122 0.0083203 0.00826646 0.00835135 0.00831301 0.00831791 
0.0312857 0.119115 0 0.0343422 0.0119177 0.0105516 0.0105576 0.0698535 0.019456 0.0100294 0.0103047 0.00925999 0.0113574 0.0122183 0.0275466 0.0132391 0.00911053 0.00868895 0.00876832 0.00918845 0.00885355 0.00921504 0.0137149 0.0117346 0.008964 0.00842194 0.0134045 0.0118042 0.00963227 0.0130348 0.00840747 0.00859543 0.00816798 0.0112822 0.00808478 0.00920746 0.00917789 0.00945299 0.00926415 0.00799003 0.00841896 0.0079883 0.00824315 0.00982081 0.00902355 0.0124647 0.010765 0.00874215 0.00905442 0.00879918 0.0087855 0.00883059 0.0113478 0.00822384 0.00960168 0.00846364 0.00818356 0.00879118 0.010116 0.00950676 0.00817259 0.0082704 0.00995042 0.0086273 0.00838561 0.00816645 0.00847313 0.0082155 0.00838234 0.00819138 0.00889663 
0.0173806 0.0158254 0.0343422 0 0.00358255 0.00355459 0.0036602 0.00426726 0.0120884 0.00851952 0.00868122 0.0145574 0.623777 0.0146935 0.0206005 0.0104445 0.00959061 0.0105909 0.0101981 0.0113218 0.00998448 0.0111917 0.0287028 0.0102594 0.00960684 0.010238 0.0165891 0.0101165 0.0104272 0.0103447 0.0101255 0.00971722 0.00933727 0.0104758 0.00925925 0.00896335 0.0100736 0.00866251 0.00818975 0.00840655 0.00838547 0.0085068 0.00889371 0.0102027 0.00878394 0.00931415 0.0087009 0.00927858 0.00828259 0.00927395 0.00812948 0.00836704 0.00830675 0.0080437 0.00820599 0.00813467 0.00818763 0.00815256 0.00867361 0.00823323 0.00828994 0.00840864 0.00832142 0.00845332 0.00812099 0.00819133 0.00831048 0.00834176 0.00843764 0.00824456 0.00870816 
0.0137887 0.0126969 0.0119177 0.00358255 0 0.00355716 0.00397839 0.00361072 0.0082601 0.0142463 0.0161503 0.714649 0.0179043 0.0145858 0.00961382 0.00872709 0.0157049 0.012408 0.0190645 0.0141557 0.0128232 0.0211994 0.0119436 0.00966673 0.0134429 0.0156847 0.0113454 0.0096504 0.00958884 0.00906192 0.0140596 0.0166009 0.0136168 0.0140773 0.0104543 0.0117206 0.00929111 0.00820429 0.00865697 0.00921569 0.0102495 0.00957689 0.0109002 0.0092274 0.00846156 0.00863343 0.00861125 0.0086294 0.00843668 0.00901621 0.00836245 0.00828027 0.00802185 0.00806754 0.00805932 0.00827532 0.00818305 0.00802173 0.00815099 0.00812772 0.00816115 0.00833388 0.0080483 0.00823742 0.0082283 0.00836292 0.00841077 0.00851711 0.00852116 0.0084297 0.00848597 
0.0120951 0.0105689 0.0105516 0.00355459 0.00355716 0 0.00355621 0.00349064 0.0132744 0.0154942 0.854124 0.0325237 0.0117163 0.00962141 0.0119005 0.00992273 0.0133452 0.0285091 0.0264984 0.0239459 0.0258664 0.0128762 0.0116294 0.0103622 0.0159609 0.0158767 0.0104274 0.00929578 0.00926996 0.00969475 0.0179186 0.0338572 0.0246328 0.0186476 0.0251233 0.0102418 0.00904292 0.00832513 0.00901624 0.0121789 0.0132512 0.016008 0.011572 0.00945058 0.00877757 0.00847852 0.00871024 0.00870387 0.00847715 0.00846048 0.00833847 0.00813354 0.00802074 0.00821439 0.00806997 0.00826303 0.00813236 0.00802904 0.00803437 0.00836003 0.00832729 0.00828551 0.00810175 0.00825484 0.00833091 0.00855879 0.00889694 0.00892205 0.0091269 0.00862576 0.00849228 
0.018946 0.0211168 0.0105576 0.0036602 0.00397839 0.00355621 0 0.0035853 0.0135996 0.849214 0.0109572 0.0133687 0.00803832 0.0153378 0.00735804 0.0125916 0.0148327 0.0201229 0.0153678 0.0197116 0.0207051 0.018013 0.0116709 0.014178 0.016746 0.0230889 0.00965222 0.0112269 0.0135196 0.0104507 0.0215339 0.0141 0.0185118 0.0122304 0.0158654 0.0120748 0.00920584 0.00896123 0.00907099 0.00983427 0.0105252 0.0120277 0.0118168 0.00992851 0.00955164 0.00861963 0.00912115 0.00955545 0.00873229 0.00878575 0.00855298 0.00833052 0.00808023 0.00816902 0.00815188 0.0082883 0.00827134 0.00813697 0.00844007 0.00829933 0.00822969 0.00831121 0.00805849 0.00830947 0.00831431 0.00880851 0.00874746 0.00884259 0.00856131 0.00855791 0.00828873 
0.0140711 0.0281392 0.0698535 0.00426726 0.00361072 0.00349064 0.0035853 0 0.747912 0.00841083 0.0113067 0.00709657 0.0108696 0.00687603 0.0165732 0.0140795 0.0121056 0.00924619 0.0112582 0.0116936 0.0110072 0.0127417 0.0163899 0.022232 0.0116721 0.0105468 0.0134624 0.0167503 0.0103621 0.0244329 0.0104525 0.0133556 0.00921071 0.0157901 0.00871538 0.0114343 0.00917949 0.0100732 0.00992773 0.00858933 0.00949926 0.00896167 0.00991889 0.0105921 0.00892135 0.00983466 0.0110968 0.00879096 0.00979819 0.00852975 0.0087025 0.00847184 0.00867809 0.00833647 0.00855524 0.00826168 0.00828679 0.00847046 0.00876705 0.00907118 0.00819424 0.00826548 0.00850448 0.00834892 0.0082477 0.00830079 0.0090756 0.00841381 0.00838802 0.00826959 0.00824134 
0.0156648 0.0172182 0.019456 0.0120884 0.0082601 0.0132744 0.0135996 0.747912 0 0.00365593 0.00357241 0.00354971 0.00360466 0.00370419 0.00420128 0.0105024 0.00803125 0.00814143 0.00853505 0.0130456 0.02615 0.304117 0.0760231 0.013935 0.0114401 0.0102729 0.0244106 0.0121042 0.013673 0.0157666 0.0130143 0.012499 0.0107146 0.011804 0.0104116 0.0108961 0.0132108 0.00950645 0.00878809 0.00895326 0.00903366 0.00880269 0.00980189 0.0132329 0.00945725 0.0123663 0.00969891 0.0113166 0.00872351 0.0100333 0.00843989 0.00863747 0.00834548 0.00814226 0.00840891 0.00820015 0.00821045 0.00824604 0.00878295 0.00832956 0.00837823 0.00838119 0.00838295 0.00858089 0.00813148 0.00821157 0.00839986 0.00838618 0.00838686 0.00856275 0.00887888 
0.0124348 0.0100252 0.0100294 0.00851952 0.0142463 0.0154942 0.849214 0.00841083 0.00365593 0 0.00354775 0.0035563 0.00353536 0.00365632 0.00358353 0.00666445 0.00953308 0.00910621 0.0120909 0.0392644 0.328508 0.0464861 0.0123142 0.0109967 0.0185671 0.0209919 0.0109131 0.0118033 0.011693 0.0108801 0.0359444 0.0161939 0.0264066 0.0137013 0.028575 0.0122659 0.00967552 0.00853356 0.00897258 0.0112471 0.0101831 0.0161733 0.0133673 0.00978433 0.00918857 0.00866657 0.00908684 0.00910744 0.00852237 0.00895011 0.00844908 0.00840018 0.00796892 0.00806378 0.00806616 0.00829677 0.00822044 0.00800003 0.00806207 0.00818328 0.00828162 0.00839268 0.00803471 0.00825754 0.00837246 0.00852871 0.00860559 0.00871578 0.00901126 0.00860054 0.00846447 
0.00931216 0.00965846 0.0103047 0.00868122 0.0161503 0.854124 0.0109572 0.0113067 0.00357241 0.00354775 0 0.00353535 0.00352535 0.00355662 0.00377173 0.00607907 0.0100177 0.0180283 0.0279326 0.343819 0.057267 0.0203116 0.0111295 0.0129691 0.0214159 0.0135972 0.0111388 0.0111793 0.00964624 0.0133996 0.0158975 0.104517 0.0175408 0.11637 0.0160712 0.0261123 0.0090997 0.00836051 0.010671 0.0110333 0.035909 0.0186969 0.0179684 0.0102783 0.00846493 0.00897468 0.00930729 0.00888784 0.00874736 0.00845818 0.00830773 0.00831252 0.00812716 0.00818874 0.00812114 0.00839969 0.00836441 0.00802814 0.00803262 0.0085443 0.00861689 0.00854488 0.00808691 0.00834577 0.00839569 0.00866893 0.00940522 0.00902376 0.0102136 0.00891911 0.00843331 
0.0111179 0.00902946 0.00925999 0.0145574 0.714649 0.0325237 0.0133687 0.00709657 0.00354971 0.0035563 0.00353535 0 0.0035409 0.00356813 0.00392743 0.00713499 0.0082697 0.0452349 0.367122 0.0513662 0.0128117 0.012331 0.0100642 0.0111973 0.0130375 0.0196489 0.0102738 0.0103203 0.0109459 0.0100809 0.0335694 0.0162007 0.108504 0.0100975 0.0714261 0.00934906 0.0117242 0.00877845 0.00874061 0.0223538 0.0111565 0.03391 0.0115167 0.00997348 0.00933343 0.00858028 0.00872176 0.00907863 0.00846174 0.00843149 0.00832148 0.00830876 0.00802344 0.00809775 0.0080997 0.00825158 0.00822691 0.00805136 0.00808564 0.0083659 0.00831652 0.00833768 0.0080303 0.00817578 0.00827588 0.00857845 0.00876497 0.00889048 0.00934923 0.00857033 0.00863 
0.0086772 0.0115841 0.0113574 0.623777 0.0179043 0.0117163 0.00803832 0.0108696 0.00360466 0.00353536 0.00352535 0.0035409 0 0.00351644 0.00361222 0.00488488 0.0367649 0.785984 0.029375 0.0137499 0.00811418 0.0109084 0.00785418 0.0108088 0.0135072 0.0110874 0.0111569 0.00984947 0.00926639 0.0108759 0.0110032 0.108319 0.0103931 0.086384 0.00939613 0.0269569 0.00882923 0.00825739 0.011943 0.00906139 0.0327336 0.0101594 0.0156385 0.00986361 0.008222 0.00923687 0.00949859 0.00867606 0.00847185 0.00831753 0.00845992 0.00832581 0.00807001 0.00811233 0.00813131 0.00827498 0.00836494 0.00800937 0.0079992 0.00843037 0.00829395 0.00827775 0.0081191 0.00813021 0.0083261 0.00848175 0.00904943 0.00866733 0.00970762 0.00849689 0.00841119 
0.0123215 0.00892063 0.0122183 0.0146935 0.0145858 0.00962141 0.0153378 0.00687603 0.00370419 0.00365632 0.00355662 0.00356813 0.00351644 0 0.00351521 0.0166765 0.862469 0.0488451 0.0102012 0.0073488 0.010264 0.00699932 0.00695932 0.00970243 0.0120865 0.0152861 0.00896364 0.0102066 0.0113782 0.00936321 0.0426211 0.00954216 0.0309826 0.00880311 0.0300156 0.00892842 0.00960062 0.00968007 0.00869805 0.0139295 0.00865988 0.0125597 0.00943747 0.00932205 0.0105011 0.00827043 0.00865581 0.00935514 0.00832437 0.00862646 0.00856261 0.00821384 0.0080544 0.00813883 0.00809798 0.00819574 0.00829202 0.0081521 0.0083491 0.00819541 0.00818039 0.00812274 0.00807412 0.00818625 0.00824588 0.00856536 0.00835767 0.00972732 0.00833794 0.00834527 0.00807741 
0.00990356 0.0165338 0.0275466 0.0206005 0.00961382 0.0119005 0.00735804 0.0165732 0.00420128 0.00358353 0.00377173 0.00392743 0.00361222 0.00351521 0 0.896755 0.0221209 0.00723754 0.00524351 0.00795301 0.00618718 0.00686469 0.00620613 0.0161346 0.00957166 0.00871722 0.012621 0.0126219 0.00883241 0.0439833 0.0103455 0.0110711 0.00843676 0.0157409 0.00836872 0.0120337 0.00837497 0.00943733 0.0104964 0.00827119 0.00937631 0.00846958 0.00903101 0.00881967 0.00824677 0.0104222 0.0101138 0.00841559 0.00897399 0.00818181 0.00834031 0.00831428 0.0089893 0.00837837 0.00855907 0.00817289 0.00811197 0.0082299 0.00852868 0.00868815 0.00821386 0.00814173 0.00863397 0.00824245 0.00822311 0.00830278 0.00864023 0.00819267 0.00832767 0.00813004 0.00815232 
0.0119919 0.0103849 0.0132391 0.0104445 0.00872709 0.00992273 0.0125916 0.0140795 0.0105024 0.00666445 0.00607907 0.00713499 0.00488488 0.0166765 0.896755 0 0.00357005 0.00366249 0.00357492 0.00358721 0.00372861 0.00392327 0.00786773 0.0113919 0.00987265 0.0117645 0.0204078 0.0100245 0.0115474 0.0104649 0.010794 0.00952634 0.0176268 0.00905197 0.0115267 0.00938849 0.0261655 0.00892649 0.00824209 0.00862757 0.00855406 0.00882608 0.00928462 0.0127608 0.0089218 0.00989947 0.00851495 0.0101431 0.00830848 0.010615 0.00828088 0.0084152 0.00812312 0.00798806 0.00805792 0.00812397 0.00804714 0.00802394 0.00838529 0.00812472 0.00813309 0.00820516 0.00805246 0.00824793 0.00803089 0.00815864 0.0082607 0.00831323 0.00864756 0.00816712 0.00877599 
0.00916259 0.00937333 0.00911053 0.00959061 0.0157049 0.0133452 0.0148327 0.0121056 0.00803125 0.00953308 0.0100177 0.0082697 0.0367649 0.862469 0.0221209 0.00357005 0 0.00354433 0.00354737 0.00358115 0.00353403 0.00421932 0.00381602 0.0110273 0.0188352 0.0175759 0.0133575 0.0110835 0.00963802 0.0102076 0.0155575 0.0247918 0.0117782 0.0200049 0.00971814 0.0501816 0.00902497 0.00825414 0.00944653 0.00877365 0.0117681 0.0110119 0.0141485 0.0142714 0.00849481 0.00867959 0.008856 0.00875213 0.00847135 0.00854935 0.00822878 0.00838932 0.00799398 0.0080484 0.00809134 0.00826598 0.00821728 0.00800368 0.00800617 0.00817005 0.00827147 0.00836398 0.00802577 0.00811703 0.00827755 0.00843256 0.00876292 0.00878636 0.00888739 0.00852688 0.00840804 
0.00979583 0.00906973 0.00868895 0.0105909 0.012408 0.0285091 0.0201229 0.00924619 0.00814143 0.00910621 0.0180283 0.0452349 0.785984 0.0488451 0.00723754 0.00366249 0.00354433 0 0.00355259 0.00358061 0.00355388 0.0036426 0.00366795 0.0136238 0.0211613 0.0228501 0.0125973 0.00972454 0.0100372 0.0106515 0.0223204 0.0239674 0.0443547 0.0147069 0.0699436 0.0111139 0.00984162 0.0086242 0.00889098 0.015287 0.0130218 0.0249049 0.0194735 0.0101981 0.00894452 0.00868829 0.00876838 0.00902345 0.00856368 0.00875302 0.00844329 0.00834647 0.0080045 0.00810521 0.00811913 0.00832774 0.00828103 0.00808801 0.0080507 0.00833786 0.00844332 0.00846624 0.00803079 0.00828277 0.00835263 0.00895539 0.00937866 0.00907843 0.00937324 0.00891531 0.00845886 
0.00909057 0.00899364 0.00876832 0.0101981 0.0190645 0.0264984 0.0153678 0.0112582 0.00853505 0.0120909 0.0279326 0.367122 0.029375 0.0102012 0.00524351 0.00357492 0.00354737 0.00355259 0 0.00356644 0.0035355 0.00353537 0.00356418 0.014918 0.0190292 0.0180468 0.0111898 0.0104109 0.00987483 0.0118316 0.0242284 0.0531931 0.0333283 0.050134 0.0201871 0.0148129 0.00974293 0.00868673 0.0103367 0.0140087 0.0228191 0.0299229 0.0152196 0.0107658 0.00844921 0.00873875 0.00888489 0.00887336 0.00870989 0.00838916 0.00830885 0.00830714 0.00809478 0.00825393 0.00820632 0.0083534 0.00831559 0.00807108 0.0080972 0.00861632 0.00852315 0.00842687 0.00809039 0.00820574 0.00837707 0.00889681 0.00919939 0.00924134 0.00959713 0.00899114 0.00842086 
0.0093439 0.00915156 0.00918845 0.0113218 0.0141557 0.0239459 0.0197116 0.0116936 0.0130456 0.0392644 0.343819 0.0513662 0.0137499 0.0073488 0.00795301 0.00358721 0.00358115 0.00358061 0.00356644 0 0.00354244 0.00353904 0.00359413 0.0131343 0.022509 0.0311112 0.0222699 0.0105197 0.0109001 0.0113143 0.0238929 0.0606926 0.0433528 0.0352727 0.0201526 0.0183832 0.00967505 0.00881986 0.0109822 0.0141313 0.0264677 0.0189227 0.0181624 0.011188 0.00898538 0.00929547 0.00940522 0.00924228 0.0088504 0.00878584 0.00870634 0.00855552 0.00806451 0.00819209 0.00821079 0.00848557 0.00849165 0.00800123 0.00804918 0.00860335 0.00855815 0.00856116 0.00804739 0.00831278 0.00841874 0.00868433 0.00931989 0.00912506 0.00942142 0.00901787 0.00859098 
0.00891607 0.00885916 0.00885355 0.00998448 0.0128232 0.0258664 0.0207051 0.0110072 0.02615 0.328508 0.057267 0.0128117 0.00811418 0.010264 0.00618718 0.00372861 0.00353403 0.00355388 0.0035355 0.00354244 0 0.00354672 0.00354748 0.018558 0.0237971 0.0459371 0.0127037 0.0105679 0.0108307 0.0106084 0.0238025 0.0383878 0.035737 0.0152627 0.0292536 0.0124248 0.010937 0.00858055 0.0126483 0.0162826 0.0131592 0.0223198 0.0133979 0.0115059 0.00873038 0.00869308 0.00924453 0.00944312 0.00882968 0.00866554 0.00832557 0.00821606 0.00795589 0.00808096 0.00803346 0.00827174 0.00820559 0.00797347 0.00802119 0.00846799 0.0083222 0.00817548 0.00800391 0.00811267 0.00818595 0.00866783 0.00853378 0.00897411 0.00888136 0.00843715 0.00832473 
0.00919323 0.00975839 0.00921504 0.0111917 0.0211994 0.0128762 0.018013 0.0127417 0.304117 0.0464861 0.0203116 0.012331 0.0109084 0.00699932 0.00686469 0.00392327 0.00421932 0.0036426 0.00353537 0.00353904 0.00354672 0 0.00375585 0.0193831 0.0606584 0.0361946 0.0156864 0.0166542 0.0126762 0.0141618 0.0240908 0.0191229 0.0119799 0.0163559 0.0110346 0.0171529 0.00892126 0.00982509 0.0102017 0.0101521 0.0115131 0.0105941 0.0152189 0.011223 0.00876943 0.00926588 0.00979538 0.0101773 0.00906886 0.00901322 0.00851777 0.00844951 0.00812425 0.0081488 0.00815298 0.00828022 0.00817067 0.00812995 0.00822117 0.0083181 0.00823221 0.00810937 0.00801479 0.00824001 0.0085668 0.00830818 0.00877075 0.00861102 0.00880411 0.00831915 0.00813764 
0.0119622 0.00925707 0.0137149 0.0287028 0.0119436 0.0116294 0.0116709 0.0163899 0.0760231 0.0123142 0.0111295 0.0100642 0.00785418 0.00695932 0.00620613 0.00786773 0.00381602 0.00366795 0.00356418 0.00359413 0.00354748 0.00375585 0 0.0456486 0.0130344 0.0230516 0.0386609 0.0140676 0.0140942 0.0295613 0.0133799 0.010227 0.0119226 0.00951889 0.0100382 0.00907082 0.0116099 0.0150256 0.00969416 0.00934046 0.00926431 0.00939626 0.00952562 0.0113555 0.0108611 0.0088559 0.0118326 0.0103756 0.0104463 0.00871104 0.00960516 0.00820918 0.00859178 0.00850966 0.00852129 0.00839857 0.00813558 0.00869351 0.00956578 0.0094359 0.00830605 0.00811246 0.00821651 0.00892064 0.00818789 0.00840316 0.00834214 0.00840363 0.0082382 0.00808973 0.00805977 
0.00896648 0.0108018 0.0117346 0.0102594 0.00966673 0.0103622 0.014178 0.022232 0.013935 0.0109967 0.0129691 0.0111973 0.0108088 0.00970243 0.0161346 0.0113919 0.0110273 0.0136238 0.014918 0.0131343 0.018558 0.0193831 0.0456486 0 0.00358003 0.00357138 0.00418276 0.00619429 0.117114 0.0186727 0.0155228 0.0121746 0.013289 0.012092 0.010332 0.0132348 0.0187426 0.00928429 0.00899065 0.00962372 0.00973878 0.00979725 0.0101442 0.018005 0.00906452 0.0142033 0.00916957 0.0129932 0.00906144 0.0121451 0.00844301 0.0098206 0.00859533 0.00812951 0.00844048 0.0081503 0.00846336 0.00824894 0.00894622 0.00865264 0.00831468 0.00864514 0.00847028 0.00828094 0.00809426 0.00816887 0.00836783 0.00833732 0.00837332 0.00841391 0.00940499 
0.00845765 0.0089082 0.008964 0.00960684 0.0134429 0.0159609 0.016746 0.0116721 0.0114401 0.0185671 0.0214159 0.0130375 0.0135072 0.0120865 0.00957166 0.00987265 0.0188352 0.0211613 0.0190292 0.022509 0.0237971 0.0606584 0.0130344 0.00358003 0 0.00371757 0.00366205 0.116593 0.0129323 0.0236325 0.0233979 0.0259911 0.013625 0.0169878 0.0108849 0.0170816 0.00979944 0.00888796 0.0100561 0.00983844 0.0126248 0.0112094 0.0195723 0.0111621 0.00921413 0.00933099 0.00990394 0.0109429 0.00911666 0.00886127 0.00841349 0.00835 0.00805593 0.00809948 0.00811964 0.00833216 0.00817142 0.0079742 0.00798037 0.00813383 0.00827077 0.00823707 0.00802321 0.00807178 0.00824192 0.00838298 0.00863117 0.00875013 0.00871119 0.008536 0.00834598 
0.00878774 0.00884743 0.00842194 0.010238 0.0156847 0.0158767 0.0230889 0.0105468 0.0102729 0.0209919 0.0135972 0.0196489 0.0110874 0.0152861 0.00871722 0.0117645 0.0175759 0.0228501 0.0180468 0.0311112 0.0459371 0.0361946 0.0230516 0.00357138 0.00371757 0 0.00379004 0.0148363 0.112499 0.0113358 0.0489744 0.0160618 0.0227758 0.0110268 0.0173416 0.0129114 0.0116523 0.00939662 0.00940507 0.0117765 0.00976862 0.0169778 0.0178957 0.012946 0.011057 0.0091824 0.00974162 0.0122689 0.00932831 0.00995959 0.00861451 0.00845483 0.00802219 0.00811506 0.0081053 0.00831631 0.00826383 0.00800315 0.00815121 0.00812642 0.00821916 0.00826775 0.00796108 0.00808063 0.00836814 0.00842205 0.00876331 0.0086527 0.00865832 0.00856222 0.0081835 
0.00978302 0.00948338 0.0134045 0.0165891 0.0113454 0.0104274 0.00965222 0.0134624 0.0244106 0.0109131 0.0111388 0.0102738 0.0111569 0.00896364 0.012621 0.0204078 0.0133575 0.0125973 0.0111898 0.0222699 0.0127037 0.0156864 0.0386609 0.00418276 0.00366205 0.00379004 0 0.149395 0.00976074 0.0348184 0.01398 0.016033 0.0118084 0.0139011 0.00938662 0.0181714 0.0141264 0.0134071 0.0112287 0.0089378 0.0108227 0.00952898 0.0120479 0.0170874 0.0113371 0.0116244 0.0149464 0.0104527 0.0131135 0.0095184 0.00999051 0.0086937 0.00918997 0.00878948 0.00914751 0.00850924 0.00841242 0.0089128 0.00915838 0.00935355 0.00855963 0.00830489 0.00830964 0.00837026 0.00822901 0.00850908 0.00830102 0.0084411 0.00836496 0.00812048 0.00836849 
0.00883713 0.0106558 0.0118042 0.0101165 0.0096504 0.00929578 0.0112269 0.0167503 0.0121042 0.0118033 0.0111793 0.0103203 0.00984947 0.0102066 0.0126219 0.0100245 0.0110835 0.00972454 0.0104109 0.0105197 0.0105679 0.0166542 0.0140676 0.00619429 0.116593 0.0148363 0.149395 0 0.00389096 0.0206382 0.0461074 0.0177466 0.0145926 0.0143579 0.00985673 0.0159002 0.0171766 0.0107672 0.0106116 0.00964246 0.0094159 0.00989639 0.011756 0.0152684 0.0115948 0.0211952 0.0133822 0.0194686 0.010004 0.0153513 0.00887974 0.00981722 0.00872683 0.00827967 0.00864049 0.00844178 0.00848882 0.00820948 0.00879626 0.00897968 0.00829869 0.00875547 0.00819746 0.00823422 0.00817783 0.00817552 0.00847902 0.00839551 0.00862028 0.00825179 0.00863301 
0.00907791 0.00838668 0.00963227 0.0104272 0.00958884 0.00926996 0.0135196 0.0103621 0.013673 0.011693 0.00964624 0.0109459 0.00926639 0.0113782 0.00883241 0.0115474 0.00963802 0.0100372 0.00987483 0.0109001 0.0108307 0.0126762 0.0140942 0.117114 0.0129323 0.112499 0.00976074 0.00389096 0 0.0211816 0.0206568 0.0129524 0.0114939 0.00958613 0.0160807 0.0152476 0.0278259 0.0109857 0.00969314 0.00929944 0.009188 0.0103597 0.0155257 0.0134217 0.0161398 0.013844 0.0153666 0.0142133 0.0124988 0.0101382 0.00990279 0.00847022 0.00861363 0.00844785 0.008274 0.00860136 0.00826858 0.00852854 0.00919757 0.00883214 0.00836102 0.00841082 0.008105 0.0081914 0.00817995 0.00833489 0.00843893 0.00854657 0.00863781 0.0083123 0.00829047 
0.00936176 0.0107919 0.0130348 0.0103447 0.00906192 0.00969475 0.0104507 0.0244329 0.0157666 0.0108801 0.0133996 0.0100809 0.0108759 0.00936321 0.0439833 0.0104649 0.0102076 0.0106515 0.0118316 0.0113143 0.0106084 0.0141618 0.0295613 0.0186727 0.0236325 0.0113358 0.0348184 0.0206382 0.0211816 0 0.0042517 0.00351617 0.00358316 0.00383722 0.0037373 0.00428624 0.00562265 0.0118423 0.00791296 0.00895665 0.0170607 0.00909899 0.00947923 0.0907868 0.0417803 0.0247329 0.0233442 0.0218523 0.0124455 0.0173567 0.00957463 0.0119725 0.0104145 0.008901 0.0096323 0.00903281 0.0092419 0.00884873 0.00961975 0.00964777 0.00872003 0.00932919 0.0088649 0.00868781 0.00834217 0.00823493 0.00869703 0.00853576 0.00922684 0.00847716 0.0100753 
0.00875592 0.0085186 0.00840747 0.0101255 0.0140596 0.0179186 0.0215339 0.0104525 0.0130143 0.0359444 0.0158975 0.0335694 0.0110032 0.0426211 0.0103455 0.010794 0.0155575 0.0223204 0.0242284 0.0238929 0.0238025 0.0240908 0.0133799 0.0155228 0.0233979 0.0489744 0.01398 0.0461074 0.0206568 0.0042517 0 0.00356938 0.00355757 0.00355159 0.00369739 0.00367584 0.00367398 0.00751361 0.00771195 0.00990689 0.00819357 0.00963494 0.0716306 0.780339 0.0192363 0.012765 0.0171164 0.0161786 0.013581 0.0126787 0.0108776 0.00911363 0.00836679 0.00829662 0.00823874 0.00910606 0.00850216 0.0081347 0.00860705 0.00851486 0.00892688 0.00874386 0.00809443 0.00827746 0.00843682 0.00905976 0.00926417 0.0125988 0.00991429 0.0113848 0.00877119 
0.0082547 0.00878658 0.00859543 0.00971722 0.0166009 0.0338572 0.0141 0.0133556 0.012499 0.0161939 0.104517 0.0162007 0.108319 0.00954216 0.0110711 0.00952634 0.0247918 0.0239674 0.0531931 0.0606926 0.0383878 0.0191229 0.010227 0.0121746 0.0259911 0.0160618 0.016033 0.0177466 0.0129524 0.00351617 0.00356938 0 0.00352827 0.00362543 0.00353078 0.00362723 0.0035798 0.00696622 0.00914835 0.00774839 0.0146865 0.0167844 0.868326 0.0189254 0.00870726 0.0122186 0.0134706 0.0107722 0.0101973 0.00950527 0.00878381 0.00908147 0.00836814 0.00843946 0.00839938 0.00885836 0.00845719 0.00825007 0.00822093 0.00859539 0.00938467 0.00861652 0.00813536 0.00845745 0.00885685 0.00959373 0.0156202 0.0110866 0.0301382 0.00990712 0.00889444 
0.00880334 0.00814165 0.00816798 0.00933727 0.0136168 0.0246328 0.0185118 0.00921071 0.0107146 0.0264066 0.0175408 0.108504 0.0103931 0.0309826 0.00843676 0.0176268 0.0117782 0.0443547 0.0333283 0.0433528 0.035737 0.0119799 0.0119226 0.013289 0.013625 0.0227758 0.0118084 0.0145926 0.0114939 0.00358316 0.00355757 0.00352827 0 0.00351177 0.00365883 0.00354926 0.00362525 0.00777277 0.00680929 0.0184896 0.0145022 0.97633 0.0137611 0.0104502 0.0112384 0.00840616 0.0100418 0.0121563 0.00989876 0.0102104 0.00975935 0.00871473 0.00824229 0.00843432 0.00826149 0.00855304 0.00850491 0.00832644 0.00853725 0.00832167 0.00893223 0.0085202 0.00800374 0.00861769 0.00847378 0.0111726 0.00944874 0.0247407 0.0108967 0.00997548 0.00886954 
0.00819941 0.0105802 0.0112822 0.0104758 0.0140773 0.0186476 0.0122304 0.0157901 0.011804 0.0137013 0.11637 0.0100975 0.086384 0.00880311 0.0157409 0.00905197 0.0200049 0.0147069 0.050134 0.0352727 0.0152627 0.0163559 0.00951889 0.012092 0.0169878 0.0110268 0.0139011 0.0143579 0.00958613 0.00383722 0.00355159 0.00362543 0.00351177 0 0.00352528 0.00378501 0.00355684 0.00532547 0.0195128 0.00800913 0.968752 0.0166261 0.0113084 0.00935654 0.00764 0.0135407 0.0152161 0.00918194 0.0113392 0.00895083 0.00860407 0.0092157 0.00910904 0.00838709 0.00879322 0.00867128 0.00850429 0.00814244 0.00811088 0.00902714 0.00877591 0.00862894 0.00876566 0.0084041 0.00942454 0.00902238 0.0205561 0.0102745 0.0182601 0.00925454 0.00860629 
0.00922412 0.00814306 0.00808478 0.00925925 0.0104543 0.0251233 0.0158654 0.00871538 0.0104116 0.028575 0.0160712 0.0714261 0.00939613 0.0300156 0.00836872 0.0115267 0.00971814 0.0699436 0.0201871 0.0201526 0.0292536 0.0110346 0.0100382 0.010332 0.0108849 0.0173416 0.00938662 0.00985673 0.0160807 0.0037373 0.00369739 0.00353078 0.00365883 0.00352528 0 0.00352512 0.00362368 0.017561 0.00672418 0.964774 0.00981037 0.0214501 0.00778961 0.00724579 0.0112178 0.00771659 0.00923737 0.0114413 0.00947075 0.00967468 0.00946972 0.00856751 0.00816943 0.00843112 0.00819847 0.00857369 0.00852452 0.00829863 0.00910739 0.00838893 0.00916409 0.00852119 0.00801001 0.0085859 0.00832824 0.0127281 0.00907394 0.0147966 0.00981114 0.0097405 0.00855629 
0.00818626 0.00908621 0.00920746 0.00896335 0.0117206 0.0102418 0.0120748 0.0114343 0.0108961 0.0122659 0.0261123 0.00934906 0.0269569 0.00892842 0.0120337 0.00938849 0.0501816 0.0111139 0.0148129 0.0183832 0.0124248 0.0171529 0.00907082 0.0132348 0.0170816 0.0129114 0.0181714 0.0159002 0.0152476 0.00428624 0.00367584 0.00362723 0.00354926 0.00378501 0.00352512 0 0.00354957 0.00544379 0.981822 0.00666892 0.0186141 0.00674803 0.010556 0.00870597 0.00754297 0.0193987 0.0167272 0.0123943 0.0118896 0.0113491 0.00911021 0.00939957 0.00860562 0.00871195 0.00865171 0.00899687 0.00854576 0.00822391 0.00830167 0.00880083 0.00884703 0.00845411 0.00817815 0.00818866 0.00909315 0.00870714 0.0108627 0.00877499 0.0106475 0.00871984 0.00835978 
0.00864274 0.00811091 0.00917789 0.0100736 0.00929111 0.00904292 0.00920584 0.00917949 0.0132108 0.00967552 0.0090997 0.0117242 0.00882923 0.00960062 0.00837497 0.0261655 0.00902497 0.00984162 0.00974293 0.00967505 0.010937 0.00892126 0.0116099 0.0187426 0.00979944 0.0116523 0.0141264 0.0171766 0.0278259 0.00562265 0.00367398 0.0035798 0.00362525 0.00355684 0.00362368 0.00354957 0 0.995717 0.00568212 0.0140904 0.00465221 0.0113941 0.00708206 0.00954176 0.0113514 0.00837062 0.0126614 0.0186553 0.0135649 0.0116613 0.0110014 0.00872824 0.0090112 0.00869662 0.0091407 0.00894747 0.00865824 0.00953942 0.0103481 0.00950759 0.00864524 0.00824669 0.00834991 0.00843934 0.00815411 0.00853918 0.00840287 0.00872416 0.00858212 0.00833762 0.00836313 
0.0097243 0.00852392 0.00945299 0.00866251 0.00820429 0.00832513 0.00896123 0.0100732 0.00950645 0.00853356 0.00836051 0.00877845 0.00825739 0.00968007 0.00943733 0.00892649 0.00825414 0.0086242 0.00868673 0.00881986 0.00858055 0.00982509 0.0150256 0.00928429 0.00888796 0.00939662 0.0134071 0.0107672 0.0109857 0.0118423 0.00751361 0.00696622 0.00777277 0.00532547 0.017561 0.00544379 0.995717 0 0.00381601 0.00376272 0.00353848 0.00370869 0.00375577 0.00494443 0.00749147 0.00791661 0.0115544 0.0247026 0.0105736 0.0153183 0.00934441 0.010426 0.010051 0.00865252 0.00891958 0.00852386 0.00877823 0.00919758 0.0108836 0.00849913 0.00832589 0.00873305 0.0083921 0.0082796 0.00798517 0.0081525 0.0080828 0.00834701 0.00820805 0.00825768 0.00921472 
0.00819689 0.00868307 0.00926415 0.00818975 0.00865697 0.00901624 0.00907099 0.00992773 0.00878809 0.00897258 0.010671 0.00874061 0.011943 0.00869805 0.0104964 0.00824209 0.00944653 0.00889098 0.0103367 0.0109822 0.0126483 0.0102017 0.00969416 0.00899065 0.0100561 0.00940507 0.0112287 0.0106116 0.00969314 0.00791296 0.00771195 0.00914835 0.00680929 0.0195128 0.00672418 0.981822 0.00568212 0.00381601 0 0.00353967 0.00354246 0.00355256 0.00563277 0.00364418 0.00475004 0.00811299 0.0116706 0.00921876 0.0115325 0.010279 0.00880729 0.00931948 0.00865313 0.00815901 0.00822758 0.00839098 0.00833228 0.00811869 0.00824639 0.00829102 0.00828157 0.00833506 0.00819466 0.00809687 0.00833768 0.00810937 0.00879897 0.00840672 0.008928 0.00837593 0.00841349 
0.00870888 0.00809127 0.00799003 0.00840655 0.00921569 0.0121789 0.00983427 0.00858933 0.00895326 0.0112471 0.0110333 0.0223538 0.00906139 0.0139295 0.00827119 0.00862757 0.00877365 0.015287 0.0140087 0.0141313 0.0162826 0.0101521 0.00934046 0.00962372 0.00983844 0.0117765 0.0089378 0.00964246 0.00929944 0.00895665 0.00990689 0.00774839 0.0184896 0.00800913 0.964774 0.00666892 0.0140904 0.00376272 0.00353967 0 0.0035416 0.00359298 0.00358727 0.00355448 0.00432714 0.00426215 0.00840375 0.0115047 0.00892171 0.00939874 0.00889916 0.00864456 0.00822791 0.00822266 0.00823242 0.00834891 0.0084166 0.0081549 0.00882907 0.00826209 0.0086358 0.0083805 0.0080115 0.00833452 0.00815571 0.0101947 0.00940973 0.012433 0.00984642 0.00915285 0.00846334 
0.00806357 0.00835307 0.00841896 0.00838547 0.0102495 0.0132512 0.0105252 0.00949926 0.00903366 0.0101831 0.035909 0.0111565 0.0327336 0.00865988 0.00937631 0.00855406 0.0117681 0.0130218 0.0228191 0.0264677 0.0131592 0.0115131 0.00926431 0.00973878 0.0126248 0.00976862 0.0108227 0.0094159 0.009188 0.0170607 0.00819357 0.0146865 0.0145022 0.968752 0.00981037 0.0186141 0.00465221 0.00353848 0.00354246 0.0035416 0 0.00352886 0.00352832 0.00358923 0.00367076 0.00521563 0.0115221 0.00956537 0.00939235 0.00890392 0.00876642 0.00977144 0.00825454 0.0083939 0.00833459 0.00858136 0.00841968 0.008115 0.00813127 0.00829829 0.00865444 0.00844879 0.00804074 0.00810799 0.00865287 0.00934258 0.0139459 0.0106004 0.012794 0.0092271 0.00849109 
0.00819805 0.00806194 0.0079883 0.0085068 0.00957689 0.016008 0.0120277 0.00896167 0.00880269 0.0161733 0.0186969 0.03391 0.0101594 0.0125597 0.00846958 0.00882608 0.0110119 0.0249049 0.0299229 0.0189227 0.0223198 0.0105941 0.00939626 0.00979725 0.0112094 0.0169778 0.00952898 0.00989639 0.0103597 0.00909899 0.00963494 0.0167844 0.97633 0.0166261 0.0214501 0.00674803 0.0113941 0.00370869 0.00355256 0.00359298 0.00352886 0 0.00351674 0.00353651 0.00383605 0.00791108 0.00838539 0.0107024 0.00945023 0.00953242 0.00983642 0.00878226 0.00830481 0.00832748 0.00835168 0.00864621 0.00852952 0.00816408 0.00837889 0.00825667 0.00884588 0.00849589 0.00800426 0.00824697 0.00834401 0.0104644 0.0106198 0.0136098 0.0115652 0.00967876 0.00850425 
0.00822904 0.00839918 0.00824315 0.00889371 0.0109002 0.011572 0.0118168 0.00991889 0.00980189 0.0133673 0.0179684 0.0115167 0.0156385 0.00943747 0.00903101 0.00928462 0.0141485 0.0194735 0.0152196 0.0181624 0.0133979 0.0152189 0.00952562 0.0101442 0.0195723 0.0178957 0.0120479 0.011756 0.0155257 0.00947923 0.0716306 0.868326 0.0137611 0.0113084 0.00778961 0.010556 0.00708206 0.00375577 0.00563277 0.00358727 0.00352832 0.00351674 0 0.00353431 0.00397904 0.0491054 0.0103408 0.0148761 0.0110284 0.0884475 0.00940781 0.0096606 0.00858962 0.00885942 0.00873044 0.00923043 0.00937684 0.00827797 0.00848194 0.00870092 0.00912248 0.0089016 0.0081257 0.00865724 0.00881957 0.00982934 0.010379 0.0113084 0.0114684 0.00930546 0.00874116 
0.00831622 0.00840799 0.00982081 0.0102027 0.0092274 0.00945058 0.00992851 0.0105921 0.0132329 0.00978433 0.0102783 0.00997348 0.00986361 0.00932205 0.00881967 0.0127608 0.0142714 0.0101981 0.0107658 0.011188 0.0115059 0.011223 0.0113555 0.018005 0.0111621 0.012946 0.0170874 0.0152684 0.0134217 0.0907868 0.780339 0.0189254 0.0104502 0.00935654 0.00724579 0.00870597 0.00954176 0.00494443 0.00364418 0.00355448 0.00358923 0.00353651 0.00353431 0 0.0208517 0.00437173 0.0362043 0.0138759 0.116966 0.01196 0.0123107 0.0104484 0.0108714 0.00964313 0.0107499 0.0108575 0.00968099 0.0100949 0.0105833 0.0104875 0.00998907 0.00887055 0.00920615 0.0085685 0.00834362 0.00844034 0.00931813 0.00891379 0.0094307 0.00914828 0.00871799 
0.00925781 0.00836157 0.00902355 0.00878394 0.00846156 0.00877757 0.00955164 0.00892135 0.00945725 0.00918857 0.00846493 0.00933343 0.008222 0.0105011 0.00824677 0.0089218 0.00849481 0.00894452 0.00844921 0.00898538 0.00873038 0.00876943 0.0108611 0.00906452 0.00921413 0.011057 0.0113371 0.0115948 0.0161398 0.0417803 0.0192363 0.00870726 0.0112384 0.00764 0.0112178 0.00754297 0.0113514 0.00749147 0.00475004 0.00432714 0.00367076 0.00383605 0.00397904 0.0208517 0 0.00369999 0.0103122 0.753327 0.0127283 0.028062 0.015336 0.0112072 0.00934499 0.00985877 0.00934468 0.00920718 0.0097284 0.0101243 0.0138391 0.0095868 0.00879217 0.00933778 0.00840046 0.00851558 0.0081891 0.00835257 0.00821792 0.00907602 0.00836529 0.0086688 0.00912526 
0.0086572 0.00893941 0.0124647 0.00931415 0.00863343 0.00847852 0.00861963 0.00983466 0.0123663 0.00866657 0.00897468 0.00858028 0.00923687 0.00827043 0.0104222 0.00989947 0.00867959 0.00868829 0.00873875 0.00929547 0.00869308 0.00926588 0.0088559 0.0142033 0.00933099 0.0091824 0.0116244 0.0211952 0.013844 0.0247329 0.012765 0.0122186 0.00840616 0.0135407 0.00771659 0.0193987 0.00837062 0.00791661 0.00811299 0.00426215 0.00521563 0.00791108 0.0491054 0.00437173 0.00369999 0 0.814826 0.0118141 0.044051 0.0108116 0.0159666 0.011797 0.0152786 0.00983959 0.012398 0.0110526 0.00874326 0.0102636 0.0101289 0.0113861 0.00867939 0.00849232 0.00960015 0.00889881 0.00840936 0.00811976 0.0086086 0.00831158 0.00856953 0.00847139 0.00838121 
0.00837698 0.00954198 0.010765 0.0087009 0.00861125 0.00871024 0.00912115 0.0110968 0.00969891 0.00908684 0.00930729 0.00872176 0.00949859 0.00865581 0.0101138 0.00851495 0.008856 0.00876838 0.00888489 0.00940522 0.00924453 0.00979538 0.0118326 0.00916957 0.00990394 0.00974162 0.0149464 0.0133822 0.0153666 0.0233442 0.0171164 0.0134706 0.0100418 0.0152161 0.00923737 0.0167272 0.0126614 0.0115544 0.0116706 0.00840375 0.0115221 0.00838539 0.0103408 0.0362043 0.0103122 0.814826 0 0.00383213 0.00564095 0.0763234 0.0167239 0.0201105 0.0159715 0.0099341 0.0129513 0.0108449 0.0114393 0.00961397 0.0104617 0.0124996 0.00888559 0.0108353 0.00907029 0.00864976 0.00849537 0.00833497 0.00915404 0.00870255 0.00954405 0.00914294 0.00989809 
0.00913424 0.0084365 0.00874215 0.00927858 0.0086294 0.00870387 0.00955545 0.00879096 0.0113166 0.00910744 0.00888784 0.00907863 0.00867606 0.00935514 0.00841559 0.0101431 0.00875213 0.00902345 0.00887336 0.00924228 0.00944312 0.0101773 0.0103756 0.0129932 0.0109429 0.0122689 0.0104527 0.0194686 0.0142133 0.0218523 0.0161786 0.0107722 0.0121563 0.00918194 0.0114413 0.0123943 0.0186553 0.0247026 0.00921876 0.0115047 0.00956537 0.0107024 0.0148761 0.0138759 0.753327 0.0118141 0.00383213 0 0.0411982 0.00660064 0.0396507 0.011984 0.0175099 0.0122191 0.0153516 0.0176328 0.0113597 0.0139558 0.017509 0.0123068 0.01039 0.00971354 0.0102609 0.00898804 0.00839478 0.00848947 0.008634 0.00908366 0.00868626 0.00934563 0.00945586 
0.00837682 0.00877079 0.00905442 0.00828259 0.00843668 0.00847715 0.00873229 0.00979819 0.00872351 0.00852237 0.00874736 0.00846174 0.00847185 0.00832437 0.00897399 0.00830848 0.00847135 0.00856368 0.00870989 0.0088504 0.00882968 0.00906886 0.0104463 0.00906144 0.00911666 0.00932831 0.0131135 0.010004 0.0124988 0.0124455 0.013581 0.0101973 0.00989876 0.0113392 0.00947075 0.0118896 0.0135649 0.0105736 0.0115325 0.00892171 0.00939235 0.00945023 0.0110284 0.116966 0.0127283 0.044051 0.00564095 0.0411982 0 0.00811341 0.0194005 0.0493836 0.0135124 0.0105205 0.0121865 0.0100682 0.0116267 0.00974854 0.0106954 0.010762 0.00872212 0.00990982 0.00904961 0.00855852 0.00839734 0.00823506 0.00852079 0.00844634 0.00889273 0.00866623 0.00973341 
0.00888204 0.00834106 0.00879918 0.00927395 0.00901621 0.00846048 0.00878575 0.00852975 0.0100333 0.00895011 0.00845818 0.00843149 0.00831753 0.00862646 0.00818181 0.010615 0.00854935 0.00875302 0.00838916 0.00878584 0.00866554 0.00901322 0.00871104 0.0121451 0.00886127 0.00995959 0.0095184 0.0153513 0.0101382 0.0173567 0.0126787 0.00950527 0.0102104 0.00895083 0.00967468 0.0113491 0.0116613 0.0153183 0.010279 0.00939874 0.00890392 0.00953242 0.0884475 0.01196 0.028062 0.0108116 0.0763234 0.00660064 0.00811341 0 0.0554977 0.0181752 0.0150805 0.0108271 0.0139608 0.0155074 0.00986247 0.0121392 0.013604 0.011426 0.00959892 0.00897586 0.00986981 0.00929641 0.00832743 0.00828523 0.00845725 0.00864775 0.00852062 0.00882334 0.00885659 
0.00836068 0.00838708 0.0087855 0.00812948 0.00836245 0.00833847 0.00855298 0.0087025 0.00843989 0.00844908 0.00830773 0.00832148 0.00845992 0.00856261 0.00834031 0.00828088 0.00822878 0.00844329 0.00830885 0.00870634 0.00832557 0.00851777 0.00960516 0.00844301 0.00841349 0.00861451 0.00999051 0.00887974 0.00990279 0.00957463 0.0108776 0.00878381 0.00975935 0.00860407 0.00946972 0.00911021 0.0110014 0.00934441 0.00880729 0.00889916 0.00876642 0.00983642 0.00940781 0.0123107 0.015336 0.0159666 0.0167239 0.0396507 0.0194005 0.0554977 0 0.00373421 0.0068663 0.141927 0.0138221 0.0146325 0.0181979 0.0132561 0.0191799 0.0125587 0.0164763 0.013731 0.0098191 0.00875228 0.00867387 0.00861121 0.00863147 0.00914895 0.00920243 0.0097123 0.0125902 
