1G69B
HHHGIRMTRISREMMKELLSVYFIMGSNNTKADPVTVVQKALKGGATLYQFREKGGDALTGEARIKFAEKAQAACREAGVPFIVNDDVELALNLKADGIHIGQEDANAKEVRAAIGDMILGVAAHTMSEVKQAEEDGADYVGLGPIYPTETKKDTRAVQGVSLIEAVRRQGISIPIVGIGGITIDNAAPVIQAGADGVSMISAISQAEDPESAARKFREEIQTYKTGR
CCCCCCCCCCCHHHHHHHCCEEEEECHHHCCCCHHHHHHHHHHHCCCEEEECCCCCCCCCHHHHHHHHHHHHHHHHHHCCCEEEECCHHHHHHHCCCEEEECCCCCCHHHHHHHCCCCEEEEEECCHHHHHHHHHHCCCEEEECCCCCCCCCCCCCCCCCCHHHHHHHHCCCCCCEEEECCCCCCCCHHHHHCCCCEEEECHHHHCCCCHHHHHHHHHHHHHHHHCCC
0 0 0 0 0 0 0 0 0 0 0 0 0 0 0 0 0 0 0 0 0 0 0 0 0 0 0 0 0 0 0 0 0 0 0 0 0 0 0 0 0 0 0 0 0 0 0 0 0 0 0 0 0 0 0 0 0 0 0 0 0 0 0 0 0 0 0 0 0 0 0 0 0 0 0 0 0 0 0 0 0 0 0 0 0 0 0 0 0 0 0 0 0 0 0 0 0 0 0 0 0 0 0 0 0 0 0 0 0 0 0 0 0 0 0 0 0 0 0 0 0 0 0 0 0 0 0 0 0 0 0 0 0 0 0 0 0 0 0 0 0 0 0 0 0 0 0 0 0 0 0 0 0 0 0 0 0 0 0 0 0 0 0 0 0 0 0 0 0 0 0 0 0 0 0 0 0 0 0 0 0 0 0 0 0 0 0 0 0 0 0 0 0 0 0 0 0 0 0 0 0 0 0 0 0 0 0 0 0 0 0 0 0 0 0 0 0 0 0 0 0 0 0 0 0 0 0 0 
0 0 0 0 0 0 0 0 0 0 0 0 0 0 0 0 0 0 0 0 0 0 0 0 0 0 0 0 0 0 0 0 0 0 0 0 0 0 0 0 0 0 0 0 0 0 0 0 0 0 0 0 0 0 0 0 0 0 0 0 0 0 0 0 0 0 0 0 0 0 0 0 0 0 0 0 0 0 0 0 0 0 0 0 0 0 0 0 0 0 0 0 0 0 0 0 0 0 0 0 0 0 0 0 0 0 0 0 0 0 0 0 0 0 0 0 0 0 0 0 0 0 0 0 0 0 0 0 0 0 0 0 0 0 0 0 0 0 0 0 0 0 0 0 0 0 0 0 0 0 0 0 0 0 0 0 0 0 0 0 0 0 0 0 0 0 0 0 0 0 0 0 0 0 0 0 0 0 0 0 0 0 0 0 0 0 0 0 0 0 0 0 0 0 0 0 0 0 0 0 0 0 0 0 0 0 0 0 0 0 0 0 0 0 0 0 0 0 0 0 0 0 0 0 0 0 0 0 
0 0.00368531 0.00367053 0.00366497 0.00516244 0.177381 0.0289306 0.0125602 0.073542 0.0258415 0.0146107 0.0140517 0.019511 0.0138526 0.0136109 0.009667 0.0152768 0.0106049 0.0123233 0.0100132 0.0112026 0.00919458 0.0128319 0.0116653 0.00954314 0.00955087 0.0114398 0.00926977 0.00858013 0.00891693 0.00928309 0.00882257 0.00830605 0.00869642 0.00891186 
0.00368531 0 0.00358878 0.00359103 0.00371775 0.426821 0.0723491 0.0890971 0.0132576 0.0351367 0.0575173 0.0349876 0.0120153 0.0181102 0.0252486 0.0278278 0.010053 0.0116433 0.0167883 0.0217334 0.0154404 0.0164496 0.00933834 0.0101306 0.0118098 0.0153382 0.00949588 0.00919836 0.00956033 0.00965178 0.00861534 0.00857049 0.00876901 0.00921341 0.00871073 
0.00367053 0.00358878 0 0.00355644 0.00354278 0.0326832 0.58665 0.0313345 0.0220329 0.0197143 0.0819406 0.039107 0.0117633 0.0138287 0.0468184 0.0237641 0.0107932 0.0108874 0.0215508 0.0306839 0.0336107 0.013552 0.00975334 0.010549 0.0145057 0.0157474 0.0094242 0.00925452 0.0101039 0.0101852 0.00866012 0.00919399 0.00926763 0.00980184 0.00904916 
0.00366497 0.00359103 0.00355644 0 0.00358386 0.0532371 0.0418442 0.665937 0.0252191 0.0245492 0.0340329 0.0983432 0.0169098 0.0136015 0.0226976 0.0367582 0.0119124 0.0112579 0.0170911 0.0196744 0.0149262 0.0161469 0.00999475 0.0101374 0.0120309 0.0147602 0.0108958 0.00915034 0.00970292 0.0109177 0.00861332 0.00864534 0.00865834 0.00933233 0.00842726 
0.00516244 0.00371775 0.00354278 0.00358386 0 0.0194806 0.02476 0.033098 0.586184 0.0303319 0.0144082 0.0159735 0.02924 0.0204932 0.0113308 0.0111016 0.0170918 0.017437 0.0103039 0.010233 0.0102828 0.0096935 0.0108044 0.0141089 0.0092572 0.00926145 0.0116555 0.0102449 0.00854531 0.00852922 0.00905358 0.00908144 0.0083105 0.00854538 0.00846741 
0.177381 0.426821 0.0326832 0.0532371 0.0194806 0 0.00370301 0.0036025 0.00386151 0.202427 0.0393033 0.0147554 0.0333202 0.0222304 0.0183966 0.0115925 0.0201805 0.0159205 0.0135283 0.0117879 0.0113555 0.0103442 0.0141174 0.0116164 0.0104241 0.0103041 0.0144902 0.00992435 0.00868944 0.00889554 0.00959829 0.00882927 0.00843102 0.00862271 0.00914304 
0.0289306 0.0723491 0.58665 0.0418442 0.02476 0.00370301 0 0.00367551 0.00355436 0.41598 0.109214 0.0863771 0.012729 0.01646 0.0577961 0.0191112 0.0133973 0.0110104 0.0283226 0.0190758 0.0282069 0.0128201 0.0109544 0.0108948 0.0167021 0.0141544 0.0111639 0.00931724 0.0094988 0.0104698 0.00878746 0.00883845 0.0091026 0.00911693 0.00873637 
0.0125602 0.0890971 0.0313345 0.665937 0.033098 0.0036025 0.00367551 0 0.00363658 0.0186574 0.483407 0.136083 0.0521562 0.013781 0.0206203 0.0667166 0.0103433 0.0122687 0.0149066 0.0267041 0.0147567 0.0313107 0.0101786 0.0103141 0.0124555 0.0256407 0.00993309 0.00944341 0.0102227 0.0102419 0.00849879 0.00881396 0.00897817 0.00982992 0.00844626 
0.073542 0.0132576 0.0220329 0.0252191 0.586184 0.00386151 0.00355436 0.00363658 0 0.054559 0.0176745 0.400059 0.146339 0.0230522 0.0189627 0.0125468 0.0291334 0.0190365 0.0118098 0.0118802 0.0131738 0.010596 0.015707 0.0149528 0.0100306 0.00957939 0.017092 0.0111762 0.0088085 0.00862622 0.00888266 0.0097625 0.00882079 0.00859586 0.00865661 
0.0258415 0.0351367 0.0197143 0.0245492 0.0303319 0.202427 0.41598 0.0186574 0.054559 0 0.00362136 0.0036685 0.00400544 0.0272097 0.0349735 0.013448 0.104373 0.0452643 0.0271815 0.0240624 0.0194733 0.0147497 0.0300987 0.0331399 0.0229871 0.0135328 0.031899 0.018355 0.0135498 0.0113717 0.0165998 0.0112017 0.010278 0.0104783 0.0163743 
0.0146107 0.0575173 0.0819406 0.0340329 0.0144082 0.0393033 0.109214 0.483407 0.0176745 0.00362136 0 0.00360481 0.00353416 0.189355 0.0393139 0.185198 0.0120617 0.0283383 0.0532307 0.047614 0.0367746 0.0346318 0.0122002 0.0223952 0.0465214 0.0438975 0.0118765 0.0165145 0.0200323 0.0198069 0.00928188 0.0103171 0.0108636 0.0144315 0.00934754 
0.0140517 0.0349876 0.039107 0.0983432 0.0159735 0.0147554 0.0863771 0.136083 0.400059 0.0036685 0.00360481 0 0.00371682 0.0151507 0.554015 0.0455788 0.0345307 0.0154115 0.0351648 0.0335507 0.0413509 0.0413531 0.0171511 0.0142169 0.0415183 0.0544622 0.0265463 0.0123748 0.0155123 0.0259107 0.00981409 0.00984178 0.0116983 0.013041 0.0095987 
0.019511 0.0120153 0.0117633 0.0169098 0.02924 0.0333202 0.012729 0.0521562 0.146339 0.00400544 0.00353416 0.00371682 0 0.139296 0.0165274 0.24097 0.0424987 0.0295569 0.0149307 0.0159929 0.0152411 0.018143 0.0354682 0.023654 0.0114984 0.0159884 0.0397536 0.0159282 0.00968484 0.00983621 0.0118804 0.0133563 0.00920417 0.00991638 0.0101217 
0.0138526 0.0181102 0.0138287 0.0136015 0.0204932 0.0222304 0.01646 0.013781 0.0230522 0.0272097 0.189355 0.0151507 0.139296 0 0.00356766 0.003595 0.0037607 0.53707 0.0217225 0.0457749 0.0147414 0.0163563 0.0245601 0.0304038 0.0177179 0.014517 0.0234422 0.0161886 0.0153655 0.0106483 0.0164327 0.0112928 0.0100878 0.010746 0.0140228 
0.0136109 0.0252486 0.0468184 0.0226976 0.0113308 0.0183966 0.0577961 0.0206203 0.0189627 0.0349735 0.0393139 0.554015 0.0165274 0.00356766 0 0.0035965 0.00358982 0.0443409 0.591745 0.0266306 0.141192 0.0193191 0.0165321 0.0178912 0.0730674 0.0236394 0.0157061 0.0185766 0.019141 0.0205431 0.0094307 0.0101636 0.0135086 0.0145791 0.0096043 
0.009667 0.0278278 0.0237641 0.0367582 0.0111016 0.0115925 0.0191112 0.0667166 0.0125468 0.013448 0.185198 0.0455788 0.24097 0.003595 0.0035965 0 0.00356839 0.0271057 0.0271465 0.527758 0.0290916 0.231693 0.0141502 0.0155373 0.0176664 0.0964884 0.0144874 0.0109272 0.0199311 0.0236303 0.0110341 0.00970014 0.0102199 0.0192198 0.00970619 
0.0152768 0.010053 0.0107932 0.0119124 0.0170918 0.0201805 0.0133973 0.0103433 0.0291334 0.104373 0.0120617 0.0345307 0.0424987 0.0037607 0.00358982 0.00356839 0 0.0212384 0.0313679 0.0212554 0.219669 0.0370873 0.222737 0.0179206 0.0132215 0.0125685 0.0670789 0.0164424 0.0102597 0.0116437 0.0136345 0.0130611 0.00931116 0.0104843 0.0105066 
0.0106049 0.0116433 0.0108874 0.0112579 0.017437 0.0159205 0.0110104 0.0122687 0.0190365 0.0452643 0.0283383 0.0154115 0.0295569 0.53707 0.0443409 0.0271057 0.0212384 0 0.00485066 0.00357352 0.00363675 0.00364982 0.00438391 0.0847892 0.0179599 0.0165577 0.03235 0.0267461 0.0156749 0.0114859 0.0198685 0.0164431 0.0105508 0.0109086 0.0237079 
0.0123233 0.0167883 0.0215508 0.0170911 0.0103039 0.0135283 0.0283226 0.0149066 0.0118098 0.0271815 0.0532307 0.0351648 0.0149307 0.0217225 0.591745 0.0271465 0.0313679 0.00485066 0 0.00359713 0.00355549 0.0035866 0.00357525 0.0281248 0.0954996 0.0267878 0.0192958 0.0260503 0.0325838 0.0248418 0.0103067 0.0148436 0.0217921 0.0204261 0.0107045 
0.0100132 0.0217334 0.0306839 0.0196744 0.010233 0.0117879 0.0190758 0.0267041 0.0118802 0.0240624 0.047614 0.0335507 0.0159929 0.0457749 0.0266306 0.527758 0.0212554 0.00357352 0.00359713 0 0.00354453 0.00354832 0.00355195 0.256122 0.0260856 0.0953475 0.014418 0.0222483 0.0332806 0.0270326 0.0125938 0.0120946 0.0191397 0.0281658 0.0114335 
0.0112026 0.0154404 0.0336107 0.0149262 0.0102828 0.0113555 0.0282069 0.0147567 0.0131738 0.0194733 0.0367746 0.0413509 0.0152411 0.0147414 0.141192 0.0290916 0.219669 0.00363675 0.00355549 0.00354453 0 0.00354568 0.00355531 0.0255561 0.486586 0.0226456 0.0455033 0.01629 0.0301507 0.0281285 0.0116273 0.0117693 0.0216047 0.0200578 0.0121639 
0.00919458 0.0164496 0.013552 0.0161469 0.0096935 0.0103442 0.0128201 0.0313107 0.010596 0.0147497 0.0346318 0.0413531 0.018143 0.0163563 0.0193191 0.231693 0.0370873 0.00364982 0.0035866 0.00354832 0.00354568 0 0.00355308 0.0450154 0.0244229 0.600518 0.0251844 0.0150607 0.0199471 0.0358938 0.0147868 0.0108247 0.0126159 0.0291503 0.0124681 
0.0128319 0.00933834 0.00975334 0.00999475 0.0108044 0.0141174 0.0109544 0.0101786 0.015707 0.0300987 0.0122002 0.0171511 0.0354682 0.0245601 0.0165321 0.0141502 0.222737 0.00438391 0.00357525 0.00355195 0.00355531 0.00355308 0 0.01961 0.045655 0.0333172 0.572428 0.0192233 0.0112051 0.0120288 0.0185461 0.01682 0.0105325 0.0114016 0.0143415 
0.0116653 0.0101306 0.010549 0.0101374 0.0141089 0.0116164 0.0108948 0.0103141 0.0149528 0.0331399 0.0223952 0.0142169 0.023654 0.0304038 0.0178912 0.0155373 0.0179206 0.0847892 0.0281248 0.256122 0.0255561 0.0450154 0.01961 0 0.00361061 0.00359179 0.0052859 0.259863 0.0534035 0.013726 0.0256951 0.022368 0.0141986 0.0141277 0.0270657 
0.00954314 0.0118098 0.0145057 0.0120309 0.0092572 0.0104241 0.0167021 0.0124555 0.0100306 0.0229871 0.0465214 0.0415183 0.0114984 0.0177179 0.0730674 0.0176664 0.0132215 0.0179599 0.0954996 0.0260856 0.486586 0.0244229 0.045655 0.00361061 0 0.00381022 0.00370337 0.479027 0.14489 0.0548946 0.0119151 0.018834 0.0353974 0.0292853 0.0129542 
0.00955087 0.0153382 0.0157474 0.0147602 0.00926145 0.0103041 0.0141544 0.0256407 0.00957939 0.0135328 0.0438975 0.0544622 0.0159884 0.014517 0.0236394 0.0964884 0.0125685 0.0165577 0.0267878 0.0953475 0.0226456 0.600518 0.0333172 0.00359179 0.00381022 0 0.00382956 0.021387 0.406473 0.195107 0.0361668 0.0155287 0.0310637 0.0739655 0.014646 
0.0114398 0.00949588 0.0094242 0.0108958 0.0116555 0.0144902 0.0111639 0.00993309 0.017092 0.031899 0.0118765 0.0265463 0.0397536 0.0234422 0.0157061 0.0144874 0.0670789 0.03235 0.0192958 0.014418 0.0455033 0.0251844 0.572428 0.0052859 0.00370337 0.00382956 0 0.0324001 0.0186817 0.406626 0.281396 0.0279388 0.0135854 0.0204452 0.0314374 
0.00926977 0.00919836 0.00925452 0.00915034 0.0102449 0.00992435 0.00931724 0.00944341 0.0111762 0.018355 0.0165145 0.0123748 0.0159282 0.0161886 0.0185766 0.0109272 0.0164424 0.0267461 0.0260503 0.0222483 0.01629 0.0150607 0.0192233 0.259863 0.479027 0.021387 0.0324001 0 0.0036417 0.0036192 0.00386894 0.118016 0.0623566 0.0163927 0.0604056 
0.00858013 0.00956033 0.0101039 0.00970292 0.00854531 0.00868944 0.0094988 0.0102227 0.0088085 0.0135498 0.0200323 0.0155123 0.00968484 0.0153655 0.019141 0.0199311 0.0102597 0.0156749 0.0325838 0.0332806 0.0301507 0.0199471 0.0112051 0.0534035 0.14489 0.406473 0.0186817 0.0036417 0 0.00368405 0.003565 0.357786 0.072767 0.157784 0.0173348 
0.00891693 0.00965178 0.0101852 0.0109177 0.00852922 0.00889554 0.0104698 0.0102419 0.00862622 0.0113717 0.0198069 0.0259107 0.00983621 0.0106483 0.0205431 0.0236303 0.0116437 0.0114859 0.0248418 0.0270326 0.0281285 0.0358938 0.0120288 0.013726 0.0548946 0.195107 0.406626 0.0036192 0.00368405 0 0.00355049 0.0161427 0.50263 0.11216 0.0351761 
0.00928309 0.00861534 0.00866012 0.00861332 0.00905358 0.00959829 0.00878746 0.00849879 0.00888266 0.0165998 0.00928188 0.00981409 0.0118804 0.0164327 0.0094307 0.0110341 0.0136345 0.0198685 0.0103067 0.0125938 0.0116273 0.0147868 0.0185461 0.0256951 0.0119151 0.0361668 0.281396 0.00386894 0.003565 0.00355049 0 0.0498623 0.0159338 0.329192 0.102081 
0.00882257 0.00857049 0.00919399 0.00864534 0.00908144 0.00882927 0.00883845 0.00881396 0.0097625 0.0112017 0.0103171 0.00984178 0.0133563 0.0112928 0.0101636 0.00970014 0.0130611 0.0164431 0.0148436 0.0120946 0.0117693 0.0108247 0.01682 0.022368 0.018834 0.0155287 0.0279388 0.118016 0.357786 0.0161427 0.0498623 0 0.00357734 0.00360643 0.00444305 
0.00830605 0.00876901 0.00926763 0.00865834 0.0083105 0.00843102 0.0091026 0.00897817 0.00882079 0.010278 0.0108636 0.0116983 0.00920417 0.0100878 0.0135086 0.0102199 0.00931116 0.0105508 0.0217921 0.0191397 0.0216047 0.0126159 0.0105325 0.0141986 0.0353974 0.0310637 0.0135854 0.0623566 0.072767 0.50263 0.0159338 0.00357734 0 0.00361423 0.00357192 
0.00869642 0.00921341 0.00980184 0.00933233 0.00854538 0.00862271 0.00911693 0.00982992 0.00859586 0.0104783 0.0144315 0.013041 0.00991638 0.010746 0.0145791 0.0192198 0.0104843 0.0109086 0.0204261 0.0281658 0.0200578 0.0291503 0.0114016 0.0141277 0.0292853 0.0739655 0.0204452 0.0163927 0.157784 0.11216 0.329192 0.00360643 0.00361423 0 0.00354649 
0.00891186 0.00871073 0.00904916 0.00842726 0.00846741 0.00914304 0.00873637 0.00844626 0.00865661 0.0163743 0.00934754 0.0095987 0.0101217 0.0140228 0.0096043 0.00970619 0.0105066 0.0237079 0.0107045 0.0114335 0.0121639 0.0124681 0.0143415 0.0270657 0.0129542 0.014646 0.0314374 0.0604056 0.0173348 0.0351761 0.102081 0.00444305 0.00357192 0.00354649 0 
