1G99A
MKVLVINAGSSSLKYQLIDMTNESALAVGLCERIGIDNSIITQKKFDGKKLEKLTDLPTHKDALEEVVKALTDDEFGVIKDMGEINAVGHRVVHGGEKFTTSALYDEGVEKAIKDCFELAPLHNPPNMMGISACAEIMPGTPMVIVFDTAFHQTMPPYAYMYALPYDLYEKHGVRKYGFHGTSHKYVAERAALMLGKPAEETKIITCHLGNGSSITAVEGGKSVETSMGFTPLEGLAMGTRCGSIDPAIVPFLMEKEGLTTREIDTLMNKKSGVLGVSGLSNDFRDLDEAASKGNRKAELALEIFAYKVKKFIGEYSAVLNGADAVVFTAGIGENSASIRKRILTGLDGIGIKIDDEKNKIRGQEIDISTPDAKVRVFVIPTNEELAIARETKEIVET
CEEEEEEECCCCEEEEEEECCCCEEEEEEEEECCCCCCCEEEEEECCCCEEEEECCCCCHHHHHHHHHHHHCCCCCCCCCCHHHCCEEEEEECCCCCCCCCCEECCHHHHHHHHHCHHHCCCCHHHHHHHHHHHHHHCCCCCEEEEECCHHHHHCCHHHHCCCCCHHHHHHHCCCCCCCCHHHHHHHHHHHHHHHCCCHHHCEEEEEEECCCEEEEEEECCEEEEECCCCCCCCCCCCCCCCCCCCCCHHHHHHHHHCCCHHHHHHHHHHCCHHHHHHCCCCCHHHHHHHHHCCCHHHHHHHHHHHHHHHHHHHHHHHHCCCCCEEEEEHHHHHHCHHHHHHHHCCCHHHCCCECCCHHHCCCCCEECECCCCCCEEEECCCCHHHHHHHHHHHHHHC
0 0 0 0 0 0 0 0 0 0 0 0 0 0 0 0 0 0 0 0 0 0 0 0 0 0 0 0 0 0 0 0 0 0 0 0 0 0 0 0 0 0 0 0 0 0 0 0 0 0 0 0 0 0 0 0 0 0 0 0 0 0 0 0 0 0 0 0 0 0 0 0 0 0 0 0 0 0 0 0 0 0 0 0 0 0 0 0 0 0 0 0 0 0 0 0 0 0 0 0 0 0 0 0 0 0 0 0 0 0 0 0 0 0 0 0 0 0 0 0 0 0 0 0 0 0 0 0 0 0 0 0 0 0 0 0 0 0 0 0 0 0 0 0 0 0 0 0 0 0 0 0 0 0 0 0 0 0 0 0 0 0 0 0 0 0 0 0 0 0 0 0 0 0 0 0 0 0 0 0 0 0 0 0 0 0 0 0 0 0 0 0 0 0 0 0 0 0 0 0 0 0 0 0 0 0 0 0 0 0 0 0 0 0 0 0 0 0 0 0 0 0 0 0 0 0 0 0 0 0 0 0 0 0 0 0 0 0 0 0 0 0 0 0 0 0 0 0 0 0 0 0 0 0 0 0 0 0 0 0 0 0 0 0 0 0 0 0 0 0 0 0 0 0 0 0 0 0 0 0 0 0 0 0 0 0 0 0 0 0 0 0 0 0 0 0 0 0 0 0 0 0 0 0 0 0 0 0 0 0 0 0 0 0 0 0 0 0 0 0 0 0 0 0 0 0 0 0 0 0 0 0 0 0 0 0 0 0 0 0 0 0 0 0 0 0 0 0 0 0 0 0 0 0 0 0 0 0 0 0 0 0 0 0 0 0 0 0 0 0 0 0 0 0 0 0 0 0 0 0 0 0 0 0 0 0 0 0 0 0 0 0 0 0 0 0 0 0 
0 0 0 0 0 0 0 0 0 0 0 0 0 0 0 0 0 0 0 0 0 0 0 0 0 0 0 0 0 0 0 0 0 0 0 0 0 0 0 0 0 0 0 0 0 0 0 0 0 0 0 0 0 0 0 0 0 0 0 0 0 0 0 0 0 0 0 0 0 0 0 0 0 0 0 0 0 0 0 0 0 0 0 0 0 0 0 0 0 0 0 0 0 0 0 0 0 0 0 0 0 0 0 0 0 0 0 0 0 0 0 0 0 0 0 0 0 0 0 0 0 0 0 0 0 0 0 0 0 0 0 0 0 0 0 0 0 0 0 0 0 0 0 0 0 0 0 0 0 0 0 0 0 0 0 0 0 0 0 0 0 0 0 0 0 0 0 0 0 0 0 0 0 0 0 0 0 0 0 0 0 0 0 0 0 0 0 0 0 0 0 0 0 0 0 0 0 0 0 0 0 0 0 0 0 0 0 0 0 0 0 0 0 0 0 0 0 0 0 0 0 0 0 0 0 0 0 0 0 0 0 0 0 0 0 0 0 0 0 0 0 0 0 0 0 0 0 0 0 0 0 0 0 0 0 0 0 0 0 0 0 0 0 0 0 0 0 0 0 0 0 0 0 0 0 0 0 0 0 0 0 0 0 0 0 0 0 0 0 0 0 0 0 0 0 0 0 0 0 0 0 0 0 0 0 0 0 0 0 0 0 0 0 0 0 0 0 0 0 0 0 0 0 0 0 0 0 0 0 0 0 0 0 0 0 0 0 0 0 0 0 0 0 0 0 0 0 0 0 0 0 0 0 0 0 0 0 0 0 0 0 0 0 0 0 0 0 0 0 0 0 0 0 0 0 0 0 0 0 0 0 0 0 0 0 0 0 0 0 0 0 0 0 0 0 0 0 0 
0 0.00395801 0.00362743 0.00376083 0.00404094 0.00500164 0.00638149 0.0135696 0.00982924 0.0123287 0.0133267 0.0156154 0.0415587 0.875796 0.0249754 0.0128516 0.0175268 0.0174623 0.0155567 0.0155469 0.0147223 0.0110403 0.0284459 0.0402058 0.0194932 0.0197468 0.0152991 0.0129109 0.0227712 0.0225107 0.0111928 0.0104694 0.00979726 0.0180388 0.0156003 0.0112895 0.011152 0.01219 0.0112903 0.0138458 0.00931349 0.00959536 0.00992674 0.00948143 0.0107468 0.00958494 0.0120906 0.00867608 0.00881198 0.00860349 0.00899424 0.00877006 0.00851997 0.00864382 0.00821787 0.00836842 0.00849588 0.00869183 0.00858153 0.00847194 0.00852101 0.00819625 0.00831028 0.00840935 0.00931165 0.00875341 0.00929672 0.00902066 0.0099305 0.00938818 0.00961623 0.0118829 0.010171 0.0102522 0.011581 0.0104174 0.0110531 0.0112003 0.0130544 
0.00395801 0 0.00368859 0.00366723 0.003696 0.00381242 0.00401213 0.00824199 0.0104085 0.0109375 0.0150965 0.0453868 0.886277 0.031276 0.0141977 0.0329651 0.0231091 0.0232315 0.0178016 0.0249089 0.0127749 0.0267362 0.0123716 0.0517304 0.0624043 0.0306173 0.0255957 0.0223254 0.0136232 0.0153291 0.0344952 0.0113043 0.0178063 0.0114358 0.04044 0.0207713 0.0246248 0.0198925 0.0196227 0.0127324 0.0107995 0.00955803 0.0106221 0.0109762 0.0131846 0.0129754 0.0105284 0.00845748 0.00898228 0.00906752 0.00942993 0.00915081 0.00865584 0.00824123 0.00818691 0.00853127 0.00866491 0.00876649 0.00873157 0.00857554 0.00833449 0.00805622 0.00838128 0.00846973 0.00853951 0.00837366 0.00905677 0.00951269 0.00963412 0.00938983 0.0088191 0.0109316 0.00984131 0.00908628 0.00946695 0.00970695 0.0105219 0.0107308 0.0114018 
0.00362743 0.00368859 0 0.0036707 0.00364108 0.00369886 0.00363087 0.00749949 0.00801269 0.0192408 0.053354 0.87952 0.0276662 0.0120656 0.0111956 0.0158507 0.0284781 0.0453231 0.0264833 0.0314913 0.0320451 0.0139316 0.0119298 0.0211675 0.0804978 0.0610114 0.0628606 0.017598 0.0105858 0.0111838 0.0151085 0.0269413 0.0123469 0.0103543 0.0159802 0.0434436 0.043639 0.0702711 0.029383 0.0160618 0.00965378 0.009587 0.0105532 0.0138926 0.0300687 0.0162298 0.0107147 0.00908038 0.00968534 0.0103487 0.010825 0.0105308 0.00916883 0.00856264 0.00832997 0.00897189 0.00944123 0.00937416 0.0097964 0.00882813 0.00843899 0.00821134 0.00863065 0.00898202 0.00885768 0.00867802 0.00922323 0.00995705 0.0107319 0.00961243 0.00876018 0.00985459 0.00946187 0.00914246 0.00944357 0.0100359 0.0110872 0.0115671 0.0113147 
0.00376083 0.00366723 0.0036707 0 0.00364535 0.00363962 0.00358102 0.00593025 0.0102329 0.0296612 0.934818 0.0370931 0.0124868 0.0108646 0.00949129 0.0138795 0.0187111 0.024737 0.0261313 0.0233616 0.0285683 0.0120398 0.0113227 0.016761 0.0377416 0.117 0.028797 0.0194489 0.00971092 0.0114274 0.0135762 0.0189675 0.013128 0.00955515 0.0159565 0.0201905 0.0685292 0.0392205 0.0240271 0.0150108 0.00907118 0.00948168 0.0094132 0.0135089 0.0213187 0.0144722 0.0100351 0.0087072 0.00941026 0.00982045 0.0103817 0.00953966 0.00889419 0.00825265 0.00834172 0.00877935 0.00902763 0.0096862 0.00915397 0.00867818 0.0082801 0.0082034 0.00851191 0.00871539 0.00862842 0.00837843 0.00922053 0.00981895 0.00993379 0.00940185 0.00874547 0.00933425 0.00916608 0.00930064 0.00973683 0.010138 0.0106863 0.0109218 0.0109485 
0.00404094 0.003696 0.00364108 0.00364535 0 0.00364138 0.00353801 0.00699151 0.00868787 0.960121 0.0242536 0.0138766 0.0111869 0.00787599 0.00937213 0.0105102 0.0140464 0.0218673 0.0140158 0.0228808 0.0121659 0.0156183 0.0100417 0.0132512 0.060467 0.0253447 0.0501546 0.0111208 0.00971133 0.00933132 0.0171057 0.0116887 0.0106577 0.00899434 0.0113771 0.0199725 0.0281065 0.0436484 0.0167336 0.0121042 0.0090444 0.00870521 0.00980611 0.0105664 0.0216864 0.0134595 0.00969569 0.00866758 0.00932361 0.0100044 0.00934497 0.00982493 0.0086236 0.00832524 0.00829671 0.00857 0.00898925 0.00906426 0.00901163 0.00850157 0.00813308 0.00811956 0.00841679 0.0087201 0.00845248 0.00819095 0.00874121 0.00945627 0.00955819 0.00907804 0.00857176 0.00953343 0.00916092 0.0088259 0.00881141 0.00940882 0.0102487 0.0103529 0.00996122 
0.00500164 0.00381242 0.00369886 0.00363962 0.00364138 0 0.00372567 0.00602592 0.977577 0.00707958 0.0108492 0.00830876 0.0121505 0.0101526 0.00860254 0.0113982 0.0102632 0.0105861 0.0131395 0.0100839 0.016028 0.0105136 0.0133359 0.0179072 0.0147613 0.0238027 0.00995555 0.0258505 0.0090287 0.0123001 0.00905519 0.0106022 0.0104311 0.00905295 0.0104811 0.01171 0.0138651 0.0109076 0.0138582 0.0104007 0.00900512 0.00949213 0.00871034 0.00966097 0.0100736 0.0104483 0.00871886 0.00837109 0.0087086 0.00860861 0.00872785 0.00839404 0.00848486 0.0081638 0.00826154 0.00846909 0.00834158 0.00845687 0.0084 0.00834415 0.00804191 0.00810531 0.00831041 0.00825308 0.00824725 0.00811987 0.00853076 0.00906759 0.00908365 0.00886639 0.00861958 0.00876899 0.00871202 0.00891108 0.00930846 0.00932023 0.00978193 0.00984119 0.00960234 
0.00638149 0.00401213 0.00363087 0.00358102 0.00353801 0.00372567 0 0.979708 0.0044165 0.00468912 0.00486115 0.00611459 0.00724741 0.00882999 0.0112379 0.00908113 0.00894967 0.00936256 0.00913965 0.0100609 0.00865416 0.0112096 0.0272639 0.0176325 0.0111259 0.00909825 0.0106213 0.00866064 0.0107156 0.0122676 0.0110945 0.00863834 0.00862423 0.0107679 0.0119611 0.0090987 0.00901901 0.00919807 0.0087724 0.0104903 0.0107844 0.00905132 0.00924645 0.00830975 0.00877916 0.00854657 0.00993075 0.00858969 0.00833178 0.00830682 0.0081891 0.00815059 0.00810065 0.00819351 0.00848823 0.00818918 0.00822766 0.00822074 0.00822921 0.00810405 0.00812867 0.00826296 0.00818693 0.00816076 0.0081189 0.00820013 0.0089972 0.00872095 0.00850278 0.00853709 0.008612 0.0122841 0.0102244 0.00867843 0.0103388 0.0095778 0.00921841 0.00904098 0.00987164 
0.0135696 0.00824199 0.00749949 0.00593025 0.00699151 0.00602592 0.979708 0 0.00353518 0.00368413 0.00355179 0.00364846 0.00375732 0.00501264 0.00814852 0.00669325 0.00897382 0.0112245 0.0089598 0.0186887 0.0144661 0.729766 0.0432279 0.0141696 0.0132223 0.00927208 0.0142563 0.00935517 0.0476785 0.0117575 0.0177318 0.00898562 0.0120831 0.0286733 0.012804 0.00864305 0.00871712 0.00899623 0.00869957 0.0130839 0.0102443 0.0101487 0.00980322 0.00851016 0.00868823 0.00870146 0.0105331 0.00819296 0.00888944 0.0082879 0.00826626 0.00847204 0.00809245 0.00832813 0.00816166 0.00817938 0.00855832 0.00823269 0.00829543 0.00846547 0.00829094 0.00802549 0.00815372 0.00824002 0.008127 0.00838998 0.0100058 0.00883446 0.00854245 0.00892295 0.0089323 0.0161907 0.0123835 0.00885717 0.0118594 0.00950128 0.0102386 0.0099009 0.0119468 
0.00982924 0.0104085 0.00801269 0.0102329 0.00868787 0.977577 0.0044165 0.00353518 0 0.00352808 0.00353144 0.00354243 0.00358671 0.0037093 0.00580531 0.0225256 0.00743124 0.00793363 0.0182963 0.0108393 0.877441 0.00945197 0.00992215 0.0119923 0.00922887 0.017585 0.00847717 0.0305302 0.00887339 0.0144568 0.00861243 0.0123353 0.00975419 0.00896429 0.00935249 0.00915953 0.0105129 0.00921283 0.0100619 0.00862567 0.0083318 0.00904998 0.00817731 0.0089305 0.00894588 0.00916519 0.00835783 0.00871403 0.008371 0.00835809 0.00855824 0.00834949 0.00831255 0.00806424 0.00812861 0.00837342 0.00826326 0.00841405 0.00834071 0.00822438 0.00825533 0.00810318 0.00823964 0.00822024 0.00822448 0.00809126 0.00847245 0.00871619 0.0087114 0.00868933 0.00898121 0.00873534 0.00854963 0.00945933 0.00983332 0.00983312 0.00913452 0.00945643 0.00987775 
0.0123287 0.0109375 0.0192408 0.0296612 0.960121 0.00707958 0.00468912 0.00368413 0.00352808 0 0.003519 0.00355416 0.00355128 0.00353336 0.00660093 0.00719203 0.00946219 0.0200983 0.0248258 0.917779 0.00893232 0.0110078 0.00793976 0.0101204 0.0206404 0.00949342 0.0409779 0.00874212 0.010439 0.00880598 0.0185389 0.00909714 0.00929155 0.00941979 0.0123031 0.0108923 0.0152671 0.0196335 0.0101361 0.0100328 0.00890178 0.00838992 0.00940388 0.00952186 0.0140745 0.00998299 0.00923084 0.00824405 0.00905495 0.00886948 0.00878481 0.00931672 0.00840252 0.00817259 0.00812667 0.00840517 0.00865965 0.00858816 0.00870333 0.0084234 0.00815863 0.00805917 0.00826001 0.00848523 0.00834257 0.00822082 0.0087339 0.00890664 0.00893292 0.00875486 0.00841929 0.010685 0.00964333 0.00870367 0.00872672 0.00898495 0.0102291 0.00982431 0.0095713 
0.0133267 0.0150965 0.053354 0.934818 0.0242536 0.0108492 0.00486115 0.00355179 0.00353144 0.003519 0 0.00352414 0.00353307 0.00354183 0.00516458 0.0103254 0.0136633 0.0363472 0.875369 0.00823333 0.0150794 0.00745612 0.00914296 0.0119936 0.0119684 0.0614029 0.00959141 0.0165158 0.00880981 0.0114936 0.00942904 0.0134125 0.00971211 0.00900217 0.0114054 0.0161037 0.0260629 0.0218464 0.0135253 0.0098684 0.00848452 0.00881343 0.00892109 0.0110537 0.0140635 0.0113103 0.00924313 0.00874803 0.00878314 0.00885926 0.00921288 0.00879223 0.00849856 0.00816235 0.00813832 0.00846893 0.00860161 0.00875374 0.00863306 0.00833775 0.00816285 0.00810549 0.00829775 0.00842735 0.0083119 0.0082117 0.00857186 0.00891733 0.00908594 0.00875971 0.00847106 0.00869924 0.00860895 0.00887171 0.00866091 0.00898715 0.00965329 0.00984645 0.00942951 
0.0156154 0.0453868 0.87952 0.0370931 0.0138766 0.00830876 0.00611459 0.00364846 0.00354243 0.00355416 0.00352414 0 0.00352513 0.00356859 0.00478573 0.0302329 0.118081 0.769281 0.00977333 0.016612 0.00859149 0.00987817 0.00803436 0.00999326 0.0423292 0.0155837 0.0266978 0.00931737 0.0094888 0.009077 0.0114347 0.0124454 0.0102405 0.00900199 0.0109983 0.0200316 0.0375011 0.0333385 0.0166442 0.011102 0.00879152 0.00873325 0.00891946 0.0114148 0.0206995 0.0125667 0.00956702 0.00836636 0.0093824 0.00960244 0.00927631 0.00997062 0.00861281 0.00830553 0.00822793 0.008582 0.00899758 0.0089632 0.0089585 0.00851363 0.00820817 0.00812173 0.00834863 0.00852333 0.00847812 0.00830253 0.00873353 0.0094407 0.00937162 0.00910754 0.00858165 0.00898603 0.0087768 0.00874153 0.00856429 0.00910677 0.0100375 0.0101929 0.00966085 
0.0415587 0.886277 0.0276662 0.0124868 0.0111869 0.0121505 0.00724741 0.00375732 0.00358671 0.00355128 0.00353307 0.00352513 0 0.00354647 0.0246542 0.666758 0.159941 0.0135461 0.00872949 0.00784998 0.00883218 0.00824711 0.00898078 0.0215284 0.0173454 0.014277 0.0109457 0.0176956 0.00910697 0.00992945 0.0109897 0.00960352 0.0116792 0.00948734 0.01125 0.0170288 0.0234749 0.0155956 0.0219264 0.0126168 0.00920923 0.00912449 0.0090727 0.0101032 0.0119237 0.0131071 0.00925434 0.00822035 0.00881753 0.00873855 0.00899418 0.00878586 0.00846565 0.00813592 0.00812038 0.00841696 0.00846198 0.0085813 0.00854341 0.00825854 0.00809752 0.00804504 0.00825811 0.00836508 0.00826878 0.00812495 0.00847818 0.00906983 0.00905031 0.00889327 0.00851596 0.00883832 0.00877643 0.00856629 0.00870312 0.0090314 0.00990707 0.00997282 0.00929095 
0.875796 0.031276 0.0120656 0.0108646 0.00787599 0.0101526 0.00882999 0.00501264 0.0037093 0.00353336 0.00354183 0.00356859 0.00354647 0 0.769345 0.0313261 0.00752358 0.00597593 0.00616904 0.00677022 0.00710174 0.00722222 0.0094775 0.0204942 0.0103561 0.0105167 0.00921795 0.0110629 0.0111212 0.0175204 0.00951833 0.00882675 0.00914177 0.0115682 0.0150516 0.00981079 0.0106734 0.0100389 0.00986815 0.0150631 0.0112256 0.0107592 0.0102891 0.00872983 0.00953019 0.00943286 0.00986931 0.009 0.00842839 0.00860988 0.00852207 0.00836844 0.00831622 0.00826203 0.00845658 0.00827808 0.008377 0.00836937 0.00840501 0.00825597 0.00815883 0.0082763 0.00817227 0.00830314 0.00819857 0.00821959 0.00878794 0.00883034 0.00868568 0.00868419 0.00903259 0.00957613 0.00899743 0.00881165 0.0100266 0.00955136 0.00917865 0.00919161 0.00933037 
0.0249754 0.0141977 0.0111956 0.00949129 0.00937213 0.00860254 0.0112379 0.00814852 0.00580531 0.00660093 0.00516458 0.00478573 0.0246542 0.769345 0 0.00369662 0.00355248 0.00360562 0.00373767 0.00378669 0.00395546 0.00487161 0.00661423 0.00882498 0.00814733 0.0089269 0.00826271 0.00960949 0.0165114 0.012726 0.00970665 0.0106092 0.00997382 0.0158075 0.0102202 0.00846619 0.00855526 0.00863575 0.00868992 0.0103356 0.00867076 0.00964362 0.00849091 0.00816907 0.0083751 0.00852665 0.00933966 0.00820589 0.00815773 0.00808873 0.00813013 0.00814638 0.00799205 0.00813139 0.00801201 0.00805601 0.0080679 0.00813847 0.0082015 0.0080031 0.00823028 0.00801142 0.00804756 0.00805506 0.00805455 0.00812472 0.0085993 0.00844117 0.0083925 0.00832852 0.0087757 0.0112339 0.00925172 0.00908821 0.0103834 0.00922781 0.00876391 0.00886241 0.0101357 
0.0128516 0.0329651 0.0158507 0.0138795 0.0105102 0.0113982 0.00908113 0.00669325 0.0225256 0.00719203 0.0103254 0.0302329 0.666758 0.0313261 0.00369662 0 0.00353039 0.00356283 0.00361142 0.00359439 0.00371 0.00419763 0.0039787 0.00837655 0.00948747 0.00932598 0.00887048 0.0126088 0.0104569 0.0111064 0.0122749 0.0093438 0.0106361 0.00952082 0.00964949 0.0101427 0.0102371 0.00954011 0.00976001 0.0089107 0.00855469 0.00887757 0.00825865 0.0087483 0.00918205 0.00921688 0.00859099 0.00822004 0.00848184 0.00840394 0.00842882 0.00835434 0.00825893 0.00808497 0.00807613 0.00829715 0.00835088 0.00841543 0.00835885 0.00828524 0.00806398 0.00802989 0.0082271 0.00823386 0.00824255 0.00810884 0.00842073 0.00856875 0.00860251 0.00858781 0.00843468 0.00908058 0.00869781 0.00860839 0.0087112 0.00874429 0.00879798 0.00893659 0.00910182 
0.0175268 0.0231091 0.0284781 0.0187111 0.0140464 0.0102632 0.00894967 0.00897382 0.00743124 0.00946219 0.0136633 0.118081 0.159941 0.00752358 0.00355248 0.00353039 0 0.00356486 0.00354318 0.00358778 0.00393446 0.00359275 0.00361307 0.0084788 0.00850719 0.0100749 0.00967443 0.00945501 0.0355 0.0144032 0.00907295 0.0108744 0.00896307 0.00931812 0.011475 0.0106733 0.0138929 0.0138976 0.00976307 0.00928599 0.00862267 0.00856107 0.00855235 0.0092428 0.0109851 0.0093985 0.00860271 0.00827603 0.00860152 0.00862875 0.00872654 0.00862965 0.00836948 0.0081667 0.00810702 0.00840103 0.00846987 0.00853015 0.00853597 0.00826818 0.00811327 0.00802264 0.00828154 0.00836099 0.00823022 0.00815351 0.00846905 0.00870474 0.00875414 0.00860594 0.0084265 0.00915994 0.00882658 0.00857534 0.00868636 0.00877555 0.00903264 0.00911616 0.00933089 
0.0174623 0.0232315 0.0453231 0.024737 0.0218673 0.0105861 0.00936256 0.0112245 0.00793363 0.0200983 0.0363472 0.769281 0.0135461 0.00597593 0.00360562 0.00356283 0.00356486 0 0.00354431 0.00354439 0.0035791 0.00356275 0.00359191 0.0083167 0.0102186 0.00927665 0.0122173 0.0161974 0.561985 0.00836732 0.0117168 0.00888002 0.00952027 0.00907741 0.0118907 0.0120102 0.0185233 0.0195703 0.0116859 0.0114949 0.00863725 0.00860032 0.00856416 0.010073 0.0138815 0.0106478 0.00902961 0.00826132 0.0089271 0.00877578 0.00887122 0.00874148 0.00842014 0.00812438 0.00809113 0.00841274 0.00854643 0.00869368 0.00853719 0.00832041 0.00815204 0.0079897 0.00828362 0.00830057 0.00831351 0.00814038 0.00861109 0.00871399 0.00879432 0.00857481 0.00835426 0.00932637 0.00887974 0.0084917 0.00855638 0.00870625 0.00928498 0.00934087 0.00909569 
0.0155567 0.0178016 0.0264833 0.0261313 0.0140158 0.0131395 0.00913965 0.0089598 0.0182963 0.0248258 0.875369 0.00977333 0.00872949 0.00616904 0.00373767 0.00361142 0.00354318 0.00354431 0 0.00354525 0.0035792 0.00355779 0.00361024 0.00922567 0.00842594 0.0132561 0.0103108 0.861534 0.00842354 0.0108884 0.00828227 0.0135137 0.0086633 0.00872346 0.0101578 0.0124596 0.0168735 0.0153378 0.0138912 0.00931072 0.00854751 0.00885233 0.00849989 0.00970842 0.0135456 0.0100647 0.00862888 0.00856009 0.00858953 0.00901057 0.00886718 0.00876764 0.00842561 0.00806837 0.00816163 0.00838969 0.00842458 0.00899953 0.00848716 0.0082775 0.0080395 0.00807234 0.00829589 0.00833874 0.00818032 0.00814288 0.00851686 0.0087719 0.00871811 0.00855711 0.00844944 0.008482 0.00839545 0.0088146 0.00878334 0.00890208 0.00905687 0.00915937 0.00911059 
0.0155469 0.0249089 0.0314913 0.0233616 0.0228808 0.0100839 0.0100609 0.0186887 0.0108393 0.917779 0.00823333 0.016612 0.00784998 0.00677022 0.00378669 0.00359439 0.00358778 0.00354439 0.00354525 0 0.00354649 0.00362227 0.00353113 0.0075238 0.0144254 0.0101376 0.935666 0.00810737 0.00877268 0.00790928 0.0164805 0.00830652 0.00996609 0.00925711 0.0134797 0.011287 0.0229176 0.0186133 0.0101657 0.00959095 0.00877229 0.00859887 0.00859475 0.00936004 0.0134511 0.0101364 0.00895294 0.00829148 0.0088971 0.00872801 0.0088501 0.00879387 0.00835135 0.00810238 0.00812652 0.00838555 0.00852442 0.0085745 0.00854504 0.00830013 0.00812961 0.00802409 0.00827885 0.0082962 0.00829201 0.00812556 0.00849416 0.0086852 0.00880793 0.00856174 0.00830044 0.00985457 0.00904479 0.00847258 0.00839291 0.00871162 0.00921463 0.00914 0.00895925 
0.0147223 0.0127749 0.0320451 0.0285683 0.0121659 0.016028 0.00865416 0.0144661 0.877441 0.00893232 0.0150794 0.00859149 0.00883218 0.00710174 0.00395546 0.00371 0.00393446 0.0035791 0.0035792 0.00354649 0 0.00351954 0.00354215 0.00919186 0.00879264 0.949408 0.00787093 0.0138912 0.00740724 0.0117454 0.00801829 0.0162908 0.00856991 0.00856377 0.00920677 0.0114036 0.016544 0.0133691 0.0104272 0.00916702 0.00839599 0.00870169 0.00832454 0.0091591 0.0114866 0.0094428 0.00862527 0.00863816 0.00844777 0.0085761 0.00859012 0.00851031 0.00846837 0.00808493 0.00810663 0.00835777 0.00843999 0.00845451 0.00841533 0.00816337 0.00812399 0.00809492 0.00824187 0.00824363 0.00816918 0.00808546 0.00846075 0.00863241 0.00865999 0.00845721 0.00844943 0.00847032 0.00834593 0.0088203 0.00871399 0.00886282 0.00878031 0.00889939 0.00913032 
0.0110403 0.0267362 0.0139316 0.0120398 0.0156183 0.0105136 0.0112096 0.729766 0.00945197 0.0110078 0.00745612 0.00987817 0.00824711 0.00722222 0.00487161 0.00419763 0.00359275 0.00356275 0.00355779 0.00362227 0.00351954 0 0.00357781 0.0109532 0.922287 0.00798473 0.0141843 0.00698603 0.00924659 0.00812159 0.0181732 0.00817694 0.0093866 0.00916988 0.00941465 0.0106369 0.010032 0.00987446 0.010266 0.00988516 0.00872776 0.0083762 0.00844275 0.00862468 0.00927353 0.00891399 0.00874202 0.00815716 0.00841844 0.00839281 0.00836413 0.00834104 0.00827324 0.00803594 0.00810019 0.00827826 0.00829438 0.00832453 0.00834829 0.0081934 0.00810634 0.00794037 0.0082064 0.00814096 0.00815319 0.00805049 0.0084352 0.00851241 0.0086127 0.00845391 0.00835278 0.00982179 0.00927351 0.00837874 0.00866766 0.00859155 0.00895245 0.00892338 0.00899546 
0.0284459 0.0123716 0.0119298 0.0113227 0.0100417 0.0133359 0.0272639 0.0432279 0.00992215 0.00793976 0.00914296 0.00803436 0.00898078 0.0094775 0.00661423 0.0039787 0.00361307 0.00359191 0.00361024 0.00353113 0.00354215 0.00357781 0 0.912591 0.0101209 0.00896941 0.00616252 0.00698502 0.00660415 0.0125459 0.00794653 0.00845981 0.00799389 0.0111172 0.015286 0.00903919 0.00925049 0.00931112 0.00932615 0.0104529 0.0100018 0.0090971 0.00952766 0.00847379 0.00881132 0.00858213 0.00896844 0.00886681 0.00820069 0.00822366 0.0081535 0.00821027 0.00806498 0.0081222 0.00820452 0.00812454 0.00817176 0.00812581 0.00819166 0.00810207 0.00813087 0.0080742 0.00808459 0.00816166 0.00806755 0.00811439 0.00849954 0.00848552 0.00843283 0.00838976 0.00844521 0.00933869 0.0088511 0.00862372 0.0093194 0.00890488 0.00858083 0.00865915 0.00874702 
0.0402058 0.0517304 0.0211675 0.016761 0.0132512 0.0179072 0.0176325 0.0141696 0.0119923 0.0101204 0.0119936 0.00999326 0.0215284 0.0204942 0.00882498 0.00837655 0.0084788 0.0083167 0.00922567 0.0075238 0.00919186 0.0109532 0.912591 0 0.00365481 0.00358462 0.00357375 0.00391376 0.00423187 0.0117659 0.00659585 0.00797022 0.0127497 0.851955 0.0202285 0.0113462 0.0104397 0.0114501 0.011336 0.0587211 0.010532 0.0150163 0.010113 0.00936332 0.00971762 0.0102425 0.0136236 0.00856814 0.00841509 0.00847661 0.00854791 0.00839726 0.00831564 0.00837595 0.00825586 0.00821417 0.00825362 0.00843231 0.00838766 0.00816643 0.00889456 0.00818743 0.00812156 0.00814131 0.00824402 0.0083754 0.0086115 0.00853724 0.00855856 0.0085975 0.00893983 0.00994916 0.00873424 0.00890372 0.00984491 0.00904836 0.00885073 0.00924428 0.0103927 
0.0194932 0.0624043 0.0804978 0.0377416 0.060467 0.0147613 0.0111259 0.0132223 0.00922887 0.0206404 0.0119684 0.0423292 0.0173454 0.0103561 0.00814733 0.00948747 0.00850719 0.0102186 0.00842594 0.0144254 0.00879264 0.922287 0.0101209 0.00365481 0 0.00357488 0.00355647 0.00362727 0.00361832 0.00582892 0.00764892 0.00772582 0.848442 0.0348269 0.0217045 0.0181409 0.019723 0.0182853 0.0458982 0.0120106 0.0102751 0.010183 0.0099385 0.012569 0.018222 0.0140438 0.0106536 0.00841345 0.00932549 0.00926466 0.00926033 0.00952782 0.00863279 0.00842379 0.00818942 0.00854527 0.00882559 0.00897777 0.00870758 0.00850796 0.008207 0.00802971 0.00833647 0.00851037 0.00848884 0.00828784 0.00853622 0.00904329 0.00907904 0.00898963 0.00861767 0.00906953 0.00875028 0.00860436 0.00848167 0.00883268 0.00953486 0.00964413 0.00930743 
0.0197468 0.0306173 0.0610114 0.117 0.0253447 0.0238027 0.00909825 0.00927208 0.017585 0.00949342 0.0614029 0.0155837 0.014277 0.0105167 0.0089269 0.00932598 0.0100749 0.00927665 0.0132561 0.0101376 0.949408 0.00798473 0.00896941 0.00358462 0.00357488 0 0.00355681 0.00354312 0.00363209 0.00698263 0.00614908 0.911931 0.0409003 0.0138764 0.011501 0.0165839 0.0251732 0.0365266 0.0172004 0.0106704 0.00891088 0.00936506 0.00885557 0.0126227 0.0227394 0.0140262 0.00916156 0.00847696 0.00892619 0.0091909 0.00977935 0.00891851 0.00881759 0.00817706 0.00822712 0.00857486 0.00895638 0.00911597 0.00876122 0.00839967 0.0081237 0.008068 0.00834401 0.00841061 0.00840413 0.00831053 0.00847738 0.00873146 0.00882943 0.00855278 0.00843825 0.0084833 0.00840757 0.00858657 0.00853718 0.00879541 0.00899621 0.00909859 0.00903492 
0.0152991 0.0255957 0.0628606 0.028797 0.0501546 0.00995555 0.0106213 0.0142563 0.00847717 0.0409779 0.00959141 0.0266978 0.0109457 0.00921795 0.00826271 0.00887048 0.00967443 0.0122173 0.0103108 0.935666 0.00787093 0.0141843 0.00616252 0.00357375 0.00355647 0.00355681 0 0.00353684 0.00354687 0.004777 0.924569 0.0179214 0.0232552 0.00832969 0.0110802 0.0119368 0.0410895 0.0213874 0.0108579 0.0101702 0.00890765 0.0086209 0.00945944 0.0105412 0.020452 0.0107794 0.00932658 0.00825167 0.00901842 0.00938018 0.00891139 0.00921408 0.00842186 0.00824094 0.00809629 0.00852625 0.0088487 0.0087655 0.00861251 0.00831925 0.00816484 0.00798569 0.00830846 0.00841849 0.00835328 0.00814699 0.00857553 0.0086414 0.00874218 0.00851303 0.00833291 0.00931183 0.00883416 0.00841811 0.00837458 0.00861274 0.00894799 0.00897384 0.00874891 
0.0129109 0.0223254 0.017598 0.0194489 0.0111208 0.0258505 0.00866064 0.00935517 0.0305302 0.00874212 0.0165158 0.00931737 0.0176956 0.0110629 0.00960949 0.0126088 0.00945501 0.0161974 0.861534 0.00810737 0.0138912 0.00698603 0.00698502 0.00391376 0.00362727 0.00354312 0.00353684 0 0.00360437 0.939909 0.0183268 0.0533776 0.00695642 0.00664415 0.0108193 0.014599 0.0121229 0.0105939 0.0135459 0.00927967 0.00905912 0.00945837 0.00858992 0.00996894 0.00956847 0.0109609 0.00854639 0.0084638 0.00850931 0.00853323 0.00858629 0.0084714 0.00846936 0.00802165 0.00812147 0.00842672 0.00833612 0.00861717 0.00839112 0.0082663 0.00806619 0.00802776 0.00831058 0.00827532 0.00817325 0.00809916 0.008391 0.00853511 0.00865038 0.0084922 0.00833033 0.00841077 0.00840292 0.00870423 0.00859219 0.00872145 0.00876533 0.00884725 0.00857955 
0.0227712 0.0136232 0.0105858 0.00971092 0.00971133 0.0090287 0.0107156 0.0476785 0.00887339 0.010439 0.00880981 0.0094888 0.00910697 0.0111212 0.0165114 0.0104569 0.0355 0.561985 0.00842354 0.00877268 0.00740724 0.00924659 0.00660415 0.00423187 0.00361832 0.00363209 0.00354687 0.00360437 0 0.0764746 0.0177697 0.00438579 0.00498866 0.00701223 0.0171117 0.00923165 0.00911765 0.00916683 0.00893432 0.0108868 0.0137931 0.00877067 0.0110468 0.00849342 0.0086434 0.0086135 0.00904272 0.00847239 0.00823262 0.00822686 0.00809218 0.00818568 0.00809725 0.00810428 0.00858628 0.0080714 0.0081856 0.00813313 0.0081408 0.00809825 0.00804528 0.008181 0.00806437 0.00810509 0.0080541 0.00808752 0.00857845 0.00837141 0.0084038 0.00832441 0.00821639 0.0101978 0.00940409 0.00838552 0.00952459 0.00881238 0.00861769 0.00854949 0.00863285 
0.0225107 0.0153291 0.0111838 0.0114274 0.00933132 0.0123001 0.0122676 0.0117575 0.0144568 0.00880598 0.0114936 0.009077 0.00992945 0.0175204 0.012726 0.0111064 0.0144032 0.00836732 0.0108884 0.00790928 0.0117454 0.00812159 0.0125459 0.0117659 0.00582892 0.00698263 0.004777 0.939909 0.0764746 0 0.00380325 0.00362318 0.00408554 0.00606158 0.028235 0.0121046 0.00938703 0.00905788 0.01032 0.01286 0.0103039 0.0161386 0.00919637 0.00844906 0.00864101 0.00879341 0.00976247 0.00925966 0.00810897 0.00811629 0.00822074 0.00804878 0.00810889 0.00815812 0.00812128 0.00802798 0.00801852 0.00823271 0.00811588 0.00798038 0.00866464 0.00830198 0.0079935 0.00800467 0.00805927 0.00826583 0.00850144 0.00838638 0.00829704 0.00825783 0.00895818 0.00963472 0.00871667 0.00925069 0.011544 0.00949031 0.00848786 0.00864623 0.0100545 
0.0111928 0.0344952 0.0151085 0.0135762 0.0171057 0.00905519 0.0110945 0.0177318 0.00861243 0.0185389 0.00942904 0.0114347 0.0109897 0.00951833 0.00970665 0.0122749 0.00907295 0.0117168 0.00828227 0.0164805 0.00801829 0.0181732 0.00794653 0.00659585 0.00764892 0.00614908 0.924569 0.0183268 0.0177697 0.00380325 0 0.00352228 0.00423591 0.00372227 0.0193658 0.0146391 0.0154093 0.0120427 0.0104551 0.0100522 0.0112652 0.00897845 0.00894328 0.00888399 0.00976024 0.0089044 0.0088758 0.00807891 0.00876369 0.00829842 0.00836781 0.00864261 0.00823937 0.0081377 0.00798882 0.00825923 0.00842945 0.00839759 0.008376 0.00837397 0.00807788 0.00796122 0.00819832 0.0082169 0.00828333 0.00816465 0.00862572 0.00847949 0.00849406 0.00847448 0.00836362 0.0107499 0.00950604 0.00843144 0.00870221 0.00858538 0.00885916 0.00865583 0.0091957 
0.0104694 0.0113043 0.0269413 0.0189675 0.0116887 0.0106022 0.00863834 0.00898562 0.0123353 0.00909714 0.0134125 0.0124454 0.00960352 0.00882675 0.0106092 0.0093438 0.0108744 0.00888002 0.0135137 0.00830652 0.0162908 0.00817694 0.00845981 0.00797022 0.00772582 0.911931 0.0179214 0.0533776 0.00438579 0.00362318 0.00352228 0 0.00355756 0.00356074 0.0135785 0.0120482 0.0162316 0.0172209 0.0104603 0.00902384 0.0087117 0.00890905 0.00852015 0.00904811 0.0119881 0.00889976 0.00836248 0.00825196 0.00840681 0.00853038 0.00849748 0.00841225 0.00832567 0.00804447 0.00803488 0.00830018 0.00833842 0.00836259 0.00837035 0.00817021 0.00807206 0.00800801 0.0081991 0.00835063 0.00820517 0.00803305 0.00833406 0.00847534 0.00853473 0.00835076 0.00829036 0.0085728 0.00839811 0.00853828 0.0085055 0.00849459 0.00860863 0.00865547 0.00870315 
0.00979726 0.0178063 0.0123469 0.013128 0.0106577 0.0104311 0.00862423 0.0120831 0.00975419 0.00929155 0.00971211 0.0102405 0.0116792 0.00914177 0.00997382 0.0106361 0.00896307 0.00952027 0.0086633 0.00996609 0.00856991 0.0093866 0.00799389 0.0127497 0.848442 0.0409003 0.0232552 0.00695642 0.00498866 0.00408554 0.00423591 0.00355756 0 0.00378269 0.0101621 0.0177096 0.013798 0.0120404 0.0156657 0.010058 0.00945828 0.00915735 0.00851429 0.00890049 0.00925303 0.00918349 0.00843642 0.00824741 0.00841274 0.00835859 0.00842806 0.00836206 0.0083182 0.00802936 0.00816302 0.0082768 0.00834293 0.00837696 0.00833095 0.00815623 0.00810661 0.00794351 0.00820839 0.00825041 0.00819036 0.00807726 0.00837041 0.0084372 0.00858147 0.0084033 0.00824283 0.00872235 0.00859754 0.00843246 0.00850817 0.00852314 0.00867188 0.00868528 0.00850412 
0.0180388 0.0114358 0.0103543 0.00955515 0.00899434 0.00905295 0.0107679 0.0286733 0.00896429 0.00941979 0.00900217 0.00900199 0.00948734 0.0115682 0.0158075 0.00952082 0.00931812 0.00907741 0.00872346 0.00925711 0.00856377 0.00916988 0.0111172 0.851955 0.0348269 0.0138764 0.00832969 0.00664415 0.00701223 0.00606158 0.00372227 0.00356074 0.00378269 0 0.0194692 0.00977591 0.0117497 0.0113486 0.0116757 0.023769 0.0139013 0.00933423 0.0111727 0.00865945 0.0086244 0.00853021 0.00922899 0.00980941 0.00833564 0.00814101 0.00811625 0.00811543 0.00805084 0.00807368 0.00859412 0.00809972 0.00817819 0.00812735 0.0080894 0.00807485 0.00809899 0.00823053 0.00808043 0.00812919 0.00808116 0.00810802 0.00855369 0.00833878 0.00834858 0.00829282 0.00822896 0.0105305 0.00942853 0.00848208 0.00947781 0.00879698 0.00847984 0.00850232 0.00869756 
0.0156003 0.04044 0.0159802 0.0159565 0.0113771 0.0104811 0.0119611 0.012804 0.00935249 0.0123031 0.0114054 0.0109983 0.01125 0.0150516 0.0102202 0.00964949 0.011475 0.0118907 0.0101578 0.0134797 0.00920677 0.00941465 0.015286 0.0202285 0.0217045 0.011501 0.0110802 0.0108193 0.0171117 0.028235 0.0193658 0.0135785 0.0101621 0.0194692 0 0.00449479 0.00358611 0.00357475 0.0035867 0.00386743 0.0232769 0.0262101 0.0322511 0.02057 0.0178349 0.0126558 0.0238858 0.00889882 0.00955476 0.00954575 0.00914348 0.00936748 0.00876836 0.00890165 0.00842362 0.00846713 0.00878247 0.00907596 0.00863672 0.00849127 0.00882314 0.0080855 0.00826297 0.00848948 0.00839469 0.00890738 0.00885257 0.00855368 0.00841536 0.00852288 0.00850019 0.00995576 0.00872979 0.00837443 0.00909245 0.00861187 0.00861209 0.00865427 0.00903551 
0.0112895 0.0207713 0.0434436 0.0201905 0.0199725 0.01171 0.0090987 0.00864305 0.00915953 0.0108923 0.0161037 0.0200316 0.0170288 0.00981079 0.00846619 0.0101427 0.0106733 0.0120102 0.0124596 0.011287 0.0114036 0.0106369 0.00903919 0.0113462 0.0181409 0.0165839 0.0119368 0.014599 0.00923165 0.0121046 0.0146391 0.0120482 0.0177096 0.00977591 0.00449479 0 0.00356493 0.00354102 0.00358619 0.00356714 0.0115908 0.0135438 0.024354 0.0309618 0.0358254 0.0224481 0.0125217 0.00837292 0.0099475 0.010282 0.0107185 0.010964 0.00996132 0.00835056 0.00810923 0.00883819 0.00896797 0.00967629 0.00951656 0.00867637 0.0082984 0.00797348 0.00838605 0.0085519 0.00912429 0.00887141 0.00840231 0.00862286 0.00856885 0.00840657 0.00832793 0.00857138 0.00838185 0.0083719 0.00833223 0.0084254 0.0086689 0.00879535 0.00857209 
0.011152 0.0246248 0.043639 0.0685292 0.0281065 0.0138651 0.00901901 0.00871712 0.0105129 0.0152671 0.0260629 0.0375011 0.0234749 0.0106734 0.00855526 0.0102371 0.0138929 0.0185233 0.0168735 0.0229176 0.016544 0.010032 0.00925049 0.0104397 0.019723 0.0251732 0.0410895 0.0121229 0.00911765 0.00938703 0.0154093 0.0162316 0.013798 0.0117497 0.00358611 0.00356493 0 0.00353138 0.00355051 0.00354317 0.00884793 0.0145716 0.0128957 0.058498 0.061271 0.0428881 0.0140216 0.00858875 0.0106626 0.0148276 0.0175185 0.0145062 0.0119419 0.00849351 0.00839532 0.00926638 0.0109563 0.0130101 0.0114995 0.00921065 0.00838681 0.00813355 0.00852951 0.00939823 0.00947602 0.00866342 0.00839931 0.00867473 0.00913508 0.00853364 0.00820751 0.00832575 0.00827033 0.00833909 0.00823491 0.00832319 0.00867119 0.00881242 0.0085655 
0.01219 0.0198925 0.0702711 0.0392205 0.0436484 0.0109076 0.00919807 0.00899623 0.00921283 0.0196335 0.0218464 0.0333385 0.0155956 0.0100389 0.00863575 0.00954011 0.0138976 0.0195703 0.0153378 0.0186133 0.0133691 0.00987446 0.00931112 0.0114501 0.0182853 0.0365266 0.0213874 0.0105939 0.00916683 0.00905788 0.0120427 0.0172209 0.0120404 0.0113486 0.00357475 0.00354102 0.00353138 0 0.00352203 0.0035427 0.00971292 0.0111375 0.0190039 0.026249 0.142279 0.0222202 0.0159849 0.00845747 0.0104917 0.0156924 0.0141745 0.0150255 0.00994729 0.00865485 0.00829069 0.00901417 0.0132152 0.0111057 0.011247 0.00888555 0.0083271 0.00810329 0.00847992 0.00928098 0.00883964 0.00864703 0.008429 0.00855941 0.00873687 0.00840216 0.00818039 0.00830854 0.0083225 0.00834295 0.00829038 0.00833869 0.00860746 0.0086453 0.00847022 
0.0112903 0.0196227 0.029383 0.0240271 0.0167336 0.0138582 0.0087724 0.00869957 0.0100619 0.0101361 0.0135253 0.0166442 0.0219264 0.00986815 0.00868992 0.00976001 0.00976307 0.0116859 0.0138912 0.0101657 0.0104272 0.010266 0.00932615 0.011336 0.0458982 0.0172004 0.0108579 0.0135459 0.00893432 0.01032 0.0104551 0.0104603 0.0156657 0.0116757 0.0035867 0.00358619 0.00355051 0.00352203 0 0.00354187 0.0161083 0.0394725 0.0124891 0.0336963 0.027252 0.0880512 0.0126971 0.00900645 0.00963506 0.0111358 0.0114974 0.0107701 0.00993021 0.00845 0.00840214 0.00916426 0.00967861 0.0101278 0.00926713 0.00870223 0.00835008 0.00819267 0.00852432 0.00883051 0.00906445 0.00841321 0.00845807 0.00869827 0.00898048 0.00872677 0.00820241 0.00827041 0.00834132 0.0083874 0.00825827 0.0083861 0.00870864 0.00878884 0.00850865 
0.0138458 0.0127324 0.0160618 0.0150108 0.0121042 0.0104007 0.0104903 0.0130839 0.00862567 0.0100328 0.0098684 0.011102 0.0126168 0.0150631 0.0103356 0.0089107 0.00928599 0.0114949 0.00931072 0.00959095 0.00916702 0.00988516 0.0104529 0.0587211 0.0120106 0.0106704 0.0101702 0.00927967 0.0108868 0.01286 0.0100522 0.00902384 0.010058 0.023769 0.00386743 0.00356714 0.00354317 0.0035427 0.00354187 0 0.0311781 0.0271631 0.021494 0.0128701 0.0212685 0.0226635 0.0809909 0.0100674 0.00954302 0.0095094 0.00995065 0.00938437 0.00960581 0.00887565 0.00977251 0.00863693 0.0094411 0.00919562 0.00909317 0.00858443 0.00864665 0.00864551 0.0083156 0.00856137 0.0087982 0.00849033 0.0087494 0.00876279 0.00879432 0.0084687 0.00831528 0.00870718 0.00848978 0.00838526 0.00863677 0.00858287 0.00862493 0.00871082 0.0086248 
0.00931349 0.0107995 0.00965378 0.00907118 0.0090444 0.00900512 0.0107844 0.0102443 0.0083318 0.00890178 0.00848452 0.00879152 0.00920923 0.0112256 0.00867076 0.00855469 0.00862267 0.00863725 0.00854751 0.00877229 0.00839599 0.00872776 0.0100018 0.010532 0.0102751 0.00891088 0.00890765 0.00905912 0.0137931 0.0103039 0.0112652 0.0087117 0.00945828 0.0139013 0.0232769 0.0115908 0.00884793 0.00971292 0.0161083 0.0311781 0 0.00416709 0.0355672 0.0241455 0.0125722 0.0293259 0.0233857 0.00889592 0.00938709 0.00865048 0.00838521 0.0086593 0.00834905 0.00946809 0.0082236 0.00836304 0.00862211 0.00849657 0.00842209 0.00856458 0.00899418 0.00818008 0.00818626 0.00818161 0.00835322 0.0089242 0.00844127 0.008425 0.00833418 0.00843037 0.00847462 0.0101104 0.00871135 0.00830992 0.00882951 0.00846436 0.00845844 0.00848927 0.00902554 
0.00959536 0.00955803 0.009587 0.00948168 0.00870521 0.00949213 0.00905132 0.0101487 0.00904998 0.00838992 0.00881343 0.00873325 0.00912449 0.0107592 0.00964362 0.00887757 0.00856107 0.00860032 0.00885233 0.00859887 0.00870169 0.0083762 0.0090971 0.0150163 0.010183 0.00936506 0.0086209 0.00945837 0.00877067 0.0161386 0.00897845 0.00890905 0.00915735 0.00933423 0.0262101 0.0135438 0.0145716 0.0111375 0.0394725 0.0271631 0.00416709 0 0.0149249 0.0188528 0.0199844 0.0322239 0.0648913 0.013061 0.0090659 0.00876373 0.00909106 0.00863584 0.00907001 0.00842954 0.00983815 0.00883577 0.00846452 0.00901461 0.00858266 0.00834223 0.00904627 0.00870557 0.00852663 0.00826075 0.00859385 0.00854336 0.00863425 0.00876382 0.00837691 0.00849243 0.00852959 0.00866749 0.00837987 0.00864508 0.00884849 0.00867202 0.00862835 0.00882327 0.00873225 
0.00992674 0.0106221 0.0105532 0.0094132 0.00980611 0.00871034 0.00924645 0.00980322 0.00817731 0.00940388 0.00892109 0.00891946 0.0090727 0.0102891 0.00849091 0.00825865 0.00855235 0.00856416 0.00849989 0.00859475 0.00832454 0.00844275 0.00952766 0.010113 0.0099385 0.00885557 0.00945944 0.00858992 0.0110468 0.00919637 0.00894328 0.00852015 0.00851429 0.0111727 0.0322511 0.024354 0.0128957 0.0190039 0.0124891 0.021494 0.0355672 0.0149249 0 0.00379467 0.00360834 0.00364346 0.00401574 0.160283 0.01927 0.0171626 0.0117602 0.013374 0.0104174 0.0167843 0.0101285 0.00956454 0.0107739 0.0110989 0.0106213 0.01021 0.0127593 0.0092033 0.00933213 0.00937131 0.00944834 0.0164993 0.00899636 0.00884722 0.00860955 0.00886153 0.00890857 0.00934116 0.00823901 0.00820114 0.00875921 0.00843193 0.00840735 0.00852297 0.00901578 
0.00948143 0.0109762 0.0138926 0.0135089 0.0105664 0.00966097 0.00830975 0.00851016 0.0089305 0.00952186 0.0110537 0.0114148 0.0101032 0.00872983 0.00816907 0.0087483 0.0092428 0.010073 0.00970842 0.00936004 0.0091591 0.00862468 0.00847379 0.00936332 0.012569 0.0126227 0.0105412 0.00996894 0.00849342 0.00844906 0.00888399 0.00904811 0.00890049 0.00865945 0.02057 0.0309618 0.058498 0.026249 0.0336963 0.0128701 0.0241455 0.0188528 0.00379467 0 0.00358709 0.00357909 0.00375618 0.0306085 0.171804 0.0416498 0.0431141 0.0265226 0.0242982 0.0103195 0.00948697 0.0166581 0.0208674 0.0292796 0.0235147 0.0144656 0.00966754 0.00854894 0.0109074 0.0131581 0.0184145 0.0101933 0.00922927 0.00920458 0.00954695 0.00904725 0.00846123 0.0087639 0.00835662 0.00829469 0.00815759 0.00846898 0.00880042 0.00929898 0.00863124 
0.0107468 0.0131846 0.0300687 0.0213187 0.0216864 0.0100736 0.00877916 0.00868823 0.00894588 0.0140745 0.0140635 0.0206995 0.0119237 0.00953019 0.0083751 0.00918205 0.0109851 0.0138815 0.0135456 0.0134511 0.0114866 0.00927353 0.00881132 0.00971762 0.018222 0.0227394 0.020452 0.00956847 0.0086434 0.00864101 0.00976024 0.0119881 0.00925303 0.0086244 0.0178349 0.0358254 0.061271 0.142279 0.027252 0.0212685 0.0125722 0.0199844 0.00360834 0.00358709 0 0.00359761 0.0035552 0.0318491 0.0891226 0.254946 0.0822379 0.136532 0.0263438 0.0117784 0.0103001 0.0190784 0.062672 0.0517977 0.0606314 0.0166423 0.0095811 0.00881124 0.0118235 0.0473661 0.0163328 0.0108135 0.00983985 0.0112022 0.0113979 0.0104571 0.00864956 0.00829257 0.00838719 0.00845081 0.00814028 0.00862711 0.00944449 0.00965565 0.0090258 
