1HAVB
STLEIAGLVRKNLVQFGVGEKNGSVRWVMNALGVKDDWLLVPSHAYKFEKDYEMMEFYFNRGGTYYSISAGNVVIQSLDVGFQDVVLMKVPTIPKFRDITQHFIKKGDVPRALNRLATLVTTVNGTPMLISEGPLKMEEKATYVHKKNDGTTVDLTVDQAWRGKGEGLPGMXGGALVSSNQSIQNAILGIHVAGGNSILVAKLVTQEMFQNIDK
CHHHHHHHHHHHEEEEEEECCCCCCEEEEEEEEEEECEEEEEHHHCCCCCCCCCCEEEEEECCEEEEEEHHHCEEECCCCCCCCEEEEECCCCCCECCCHHHECCHHHHHHCCCCCEEEEEEECCEEEEEEECCCEEEEEEEEEECCCCCCCEEEEEEEEEEEECCCCCCCCCCEEEECCHHHCCCEEEEEEEECCCEEEEEECCHHHHHHCCC
0 0 0 0 0 0 0 0 0 0 0 0 0 0 0 0 0 0 0 0 0 0 0 0 0 0 0 0 0 0 0 0 0 0 0 0 0 0 0 0 0 0 0 0 0 0 0 0 0 0 0 0 0 0 0 0 0 0 0 0 0 0 0 0 0 0 0 0 0 0 0 0 0 0 0 0 0 0 0 0 0 0 0 0 0 0 0 0 0 0 0 0 0 0 0 0 0 0 0 0 0 0 0 0 0 0 0 0 0 0 0 0 0 0 0 0 0 0 0 0 0 0 0 0 0 0 0 0 0 0 0 0 0 0 0 0 0 0 0 0 0 0 0 0 0 0 0 0 0 0 0 0 0 0 0 0 0 0 0 0 0 0 0 0 0 0 0 0 0 0 0 0 0 0 0 0 0 0 0 0 0 0 0 0 0 0 0 0 0 0 0 0 0 0 0 0 0 0 0 0 0 0 0 0 0 0 0 0 0 0 0 0 0 0 
0 0 0 0 0 0 0 0 0 0 0 0 0 0 0 0 0 0 0 0 0 0 0 0 0 0 0 0 0 0 0 0 0 0 0 0 0 0 0 0 0 0 0 0 0 0 0 0 0 0 0 0 0 0 0 0 0 0 0 0 0 0 0 0 0 0 0 0 0 0 0 0 0 0 0 0 0 0 0 0 0 0 0 0 0 0 0 0 0 0 0 0 0 0 0 0 0 0 0 0 0 0 0 0 0 0 0 0 0 0 0 0 0 0 0 0 0 0 0 0 0 0 0 0 0 0 0 0 0 0 0 0 0 0 0 0 0 0 0 0 0 0 0 0 0 0 0 0 0 0 0 0 0 0 0 0 0 0 0 0 0 0 0 0 0 0 0 0 0 0 0 0 0 0 0 0 0 0 0 0 0 0 0 0 0 0 0 0 0 0 0 0 0 0 0 0 0 0 0 0 0 0 0 0 0 0 0 0 0 0 0 0 0 0 
0 0.0036643 0.00366442 0.00367894 0.00369326 0.00374408 0.00494726 0.00862029 0.00681431 0.00714712 0.0073408 0.00836402 0.0199351 0.369243 0.0426484 0.0111178 0.0134859 0.01536 0.0109594 0.0150328 0.0119535 0.0128831 0.023797 0.012297 0.0111978 0.0101474 0.0114738 0.0118031 0.0205854 0.0096038 0.00885081 0.00923065 0.00948898 0.0123672 0.0169826 0.00977475 0.00943485 0.0139546 0.0129207 0.011209 0.0110008 0.0112252 0.0146565 0.0127781 0.0092834 0.00930339 0.00896327 0.0090247 0.00899764 0.00940542 0.00932605 0.0126357 0.00819001 0.00811661 0.00829296 0.00835726 0.00888616 0.00841234 0.0112879 0.00824155 0.00852443 0.00820109 0.0082975 0.00838926 0.00860102 0.00834513 0.00863778 0.00827366 0.00934072 0.00952762 0.00817963 0.0091653 0.00828053 0.00867854 0.00826164 0.00842771 0.00814181 0.00837296 0.00820272 0.00842434 0.00849412 0.00838597 0.00850207 0.00841334 0.00920737 0.0085443 0.00841978 0.00846985 0.00851041 0.00830212 0.00849487 0.00825822 0.00884888 0.00825646 0.00825698 0.00839249 0.00863865 0.00844183 0.00885783 
0.0036643 0 0.00363797 0.00365736 0.0036772 0.00370055 0.00381884 0.00688602 0.00739086 0.00790161 0.00917982 0.0204838 0.557176 0.0672654 0.0214317 0.0158424 0.0173583 0.00935734 0.0108002 0.0232472 0.0166447 0.0203577 0.0115206 0.0115543 0.0213413 0.0148211 0.0199487 0.0165446 0.0116264 0.00885292 0.00940775 0.0107156 0.0109506 0.0180823 0.0110081 0.00923468 0.0107161 0.00999697 0.016627 0.0234235 0.0191068 0.0156639 0.0117839 0.00900846 0.00866271 0.00903282 0.0105806 0.0112278 0.011889 0.0105963 0.0111196 0.00888738 0.00804627 0.00834562 0.00857189 0.00960881 0.00951421 0.00961108 0.00869166 0.00837076 0.00859005 0.0085892 0.00903657 0.00870662 0.00861378 0.00882509 0.00919099 0.00891312 0.00839636 0.00877205 0.00854774 0.00915547 0.00947736 0.00853205 0.00889978 0.00857236 0.00889363 0.00877518 0.00898804 0.00859129 0.0081722 0.00853082 0.00883768 0.00899013 0.00844213 0.00853693 0.00900124 0.00920955 0.00886255 0.00888865 0.00909485 0.00876027 0.00830186 0.00819067 0.00855293 0.00895156 0.0093152 0.00895993 0.00861808 
0.00366442 0.00363797 0 0.00364488 0.00367301 0.00371312 0.00372409 0.00833778 0.00913916 0.0136272 0.0214743 0.600539 0.0563993 0.0459316 0.0190355 0.0238792 0.0124275 0.0112543 0.0126797 0.02418 0.0427498 0.0164987 0.0105692 0.0127506 0.0209313 0.043308 0.0435866 0.0219662 0.00967505 0.00920188 0.00988657 0.0158197 0.0345005 0.010819 0.0107143 0.00990931 0.00959043 0.00959197 0.0135246 0.0411672 0.0583817 0.0163909 0.0110533 0.00842905 0.0083256 0.00954805 0.0133025 0.0216454 0.0221949 0.0191586 0.0111386 0.00868897 0.00819384 0.00837059 0.00999265 0.0108783 0.0130168 0.0102749 0.00867953 0.00923141 0.00885573 0.00943684 0.00964399 0.00942897 0.00928158 0.0105468 0.00990366 0.0088774 0.00850739 0.00851012 0.00919988 0.0101747 0.0103379 0.00947621 0.00877223 0.00931048 0.00893687 0.00936542 0.00922342 0.00864968 0.00813733 0.00866625 0.00961636 0.00920804 0.00841054 0.0087971 0.00963457 0.0106949 0.00942138 0.00943648 0.0096386 0.00872694 0.00829548 0.00822071 0.00884525 0.00941964 0.00960648 0.00955527 0.00862268 
0.00367894 0.00365736 0.00364488 0 0.00362568 0.00365298 0.0036553 0.00781626 0.0106736 0.0310718 0.518914 0.0485567 0.0271351 0.0145342 0.0214183 0.0167798 0.0125002 0.00940608 0.0110234 0.026286 0.0286531 0.0172736 0.0109003 0.0112979 0.0309709 0.0334345 0.0740786 0.014831 0.010933 0.0091777 0.00978335 0.0231905 0.0165633 0.0150205 0.00997211 0.00963116 0.00998859 0.00941634 0.0150418 0.0507309 0.0515169 0.0246916 0.0104832 0.0089929 0.00849807 0.00978448 0.0124439 0.0240884 0.0259092 0.0176439 0.0105046 0.0089191 0.00811823 0.0084733 0.00965532 0.0116749 0.0137274 0.00928338 0.00870258 0.00878363 0.0090547 0.0097794 0.00983091 0.0098836 0.0102708 0.00939779 0.0107304 0.00879578 0.0086415 0.00912445 0.00877334 0.010547 0.00980027 0.00918846 0.00930038 0.00881176 0.00925602 0.00927016 0.00894256 0.00861702 0.00817386 0.00891606 0.00953993 0.00913784 0.00856042 0.00918002 0.0100948 0.0108141 0.00967164 0.00948972 0.00969471 0.00876078 0.00837342 0.00831079 0.00868078 0.00947365 0.00974094 0.00916816 0.00872739 
0.00369326 0.0036772 0.00367301 0.00362568 0 0.00362329 0.00363325 0.00937427 0.145295 0.405312 0.0578268 0.0163176 0.0125855 0.0223482 0.0152939 0.0161603 0.0104809 0.00947041 0.0115506 0.0190207 0.0401082 0.0129195 0.00953796 0.0122923 0.0227861 0.0523072 0.032994 0.016291 0.00950965 0.00921064 0.012758 0.0134583 0.021188 0.0106728 0.011034 0.0102378 0.00947624 0.00955519 0.0139415 0.0347248 0.0544502 0.0152414 0.0101338 0.00846999 0.00834465 0.00936773 0.0131049 0.0218711 0.0204549 0.0166746 0.0108913 0.00858732 0.00820487 0.0083547 0.00974932 0.0110069 0.0121117 0.00932252 0.00852144 0.00880976 0.00897624 0.00923744 0.00946675 0.00930711 0.0090229 0.010091 0.00952466 0.00885961 0.00836913 0.00850419 0.00870794 0.00980308 0.00977785 0.00897459 0.00873363 0.00920314 0.00910184 0.00892705 0.00901687 0.00845258 0.00809337 0.00863333 0.00940184 0.0091475 0.00842721 0.00861131 0.00964649 0.010537 0.00927533 0.00929706 0.00949004 0.00863639 0.00821845 0.00818001 0.00877305 0.00922816 0.00924866 0.00926576 0.00856898 
0.00374408 0.00370055 0.00371312 0.00365298 0.00362329 0 0.0037359 0.196485 0.323058 0.0328632 0.0105287 0.0120224 0.0128167 0.0114169 0.0131795 0.0107883 0.0134157 0.00880229 0.0107429 0.0323872 0.0128784 0.0218094 0.00937916 0.013757 0.0211082 0.0123107 0.0160608 0.018877 0.00988704 0.0116889 0.00993759 0.00964153 0.0103392 0.0120076 0.00996859 0.0106635 0.0129333 0.00973625 0.0133201 0.0204276 0.0163903 0.0165002 0.0104056 0.009447 0.00874091 0.00970312 0.01059 0.0118544 0.0113046 0.0103116 0.00950319 0.00851311 0.00841227 0.00837455 0.00862403 0.00913514 0.00908911 0.0087885 0.00855216 0.00937072 0.00866885 0.00850971 0.00867719 0.0086773 0.00853717 0.00866305 0.00879212 0.0085626 0.00832423 0.00878601 0.00859867 0.00892892 0.00871377 0.00851144 0.00842359 0.00848289 0.00839197 0.0085559 0.00834092 0.0083487 0.00810572 0.00864901 0.00897496 0.00884648 0.00834727 0.00882919 0.00914321 0.00946629 0.00867812 0.00861271 0.00887999 0.00843642 0.00818969 0.00828527 0.00856196 0.00879057 0.00874501 0.00862906 0.00828911 
0.00494726 0.00381884 0.00372409 0.0036553 0.00363325 0.0037359 0 0.306605 0.0140764 0.0082924 0.00745726 0.00832348 0.00940218 0.0104482 0.0090311 0.00949533 0.0100681 0.00962364 0.0168639 0.0119913 0.0102574 0.0109358 0.0109038 0.0245612 0.0114536 0.00950313 0.0100829 0.00986041 0.0126845 0.0155436 0.00975574 0.00909934 0.0090968 0.00958264 0.0103797 0.0151913 0.00921301 0.010809 0.0188565 0.0103472 0.0098137 0.0101917 0.0101361 0.0143412 0.0110585 0.0123022 0.00935707 0.00918215 0.00916239 0.00906688 0.00852112 0.00883412 0.00922791 0.00845415 0.00845479 0.00838067 0.00868419 0.00833972 0.00902979 0.0102056 0.00865127 0.00862236 0.00831399 0.00821465 0.00859099 0.00832831 0.00854085 0.00824602 0.00851006 0.0110902 0.00843647 0.00869858 0.00843741 0.00831638 0.00819298 0.00814829 0.00826556 0.00825379 0.00809861 0.00822512 0.00827399 0.00950618 0.00857576 0.00848456 0.00857334 0.0092333 0.00848608 0.00835142 0.00841057 0.0082467 0.0083208 0.00808408 0.00838674 0.00885271 0.00822183 0.00836578 0.00836366 0.0082296 0.00835958 
0.00862029 0.00688602 0.00833778 0.00781626 0.00937427 0.196485 0.306605 0 0.00382204 0.00365416 0.003654 0.00374294 0.00385359 0.00402962 0.00469736 0.00600087 0.00682757 0.0069855 0.00710624 0.00836192 0.00840353 0.00862082 0.0137878 0.0120717 0.00907923 0.00963008 0.0090386 0.0120628 0.014793 0.0110471 0.00953682 0.00920445 0.0100267 0.00950497 0.0174236 0.0122262 0.00914224 0.0153138 0.0139369 0.00940032 0.00921581 0.00967602 0.0146426 0.0119479 0.00888711 0.00928721 0.00856781 0.00847941 0.00847685 0.00834007 0.00899645 0.00954143 0.00857345 0.00815057 0.00812543 0.00862457 0.00821279 0.00829708 0.0096554 0.00936175 0.00811796 0.00810773 0.00807517 0.0084182 0.00809997 0.00923792 0.00811635 0.00845838 0.00868043 0.00954383 0.00881682 0.00816324 0.0089565 0.00803397 0.0081042 0.00800709 0.00796987 0.00798407 0.00807439 0.00804231 0.00936225 0.00819517 0.00812761 0.00820741 0.00890712 0.00834384 0.00813307 0.00818275 0.00798922 0.00809648 0.00808324 0.008076 0.00833462 0.00849197 0.00808041 0.0081854 0.00807304 0.0081834 0.00845181 
0.00681431 0.00739086 0.00913916 0.0106736 0.145295 0.323058 0.0140764 0.00382204 0 0.00353381 0.00356546 0.00360048 0.00361785 0.00371026 0.00400669 0.00486324 0.00808898 0.0053383 0.00632789 0.00811843 0.00832682 0.00840162 0.00641254 0.00973433 0.0172343 0.00915576 0.0137085 0.00976851 0.00948966 0.00907885 0.00963757 0.00949611 0.00934357 0.0110554 0.00919213 0.00968193 0.010172 0.00900986 0.0109321 0.013057 0.0118032 0.010842 0.00973073 0.00928852 0.00837615 0.00866315 0.00904378 0.0097147 0.00928997 0.00902835 0.00914209 0.008553 0.00804966 0.00811137 0.00821596 0.00849045 0.00885071 0.00833254 0.00837474 0.00823231 0.00829771 0.00823331 0.00833192 0.00824856 0.00850954 0.00827876 0.00878368 0.00829162 0.00819682 0.00884452 0.0082218 0.00873252 0.00846653 0.00832236 0.00816742 0.00819302 0.00811688 0.00825229 0.00815293 0.00842494 0.00807874 0.00813456 0.00849718 0.00843394 0.00814185 0.00822549 0.00838568 0.00862374 0.0083744 0.00844383 0.00837303 0.00837111 0.00811318 0.00804747 0.00829302 0.00845313 0.00852493 0.00860777 0.00820759 
0.00714712 0.00790161 0.0136272 0.0310718 0.405312 0.0328632 0.0082924 0.00365416 0.00353381 0 0.0035267 0.00360003 0.00358373 0.00362973 0.00366718 0.00469427 0.00497479 0.00481844 0.00640078 0.00809777 0.00817538 0.00699098 0.00959684 0.0107797 0.0095779 0.0178676 0.0102686 0.0106342 0.00848725 0.00904891 0.00892021 0.0100525 0.0140308 0.00884074 0.00953659 0.009783 0.00882759 0.00914647 0.0103999 0.0145487 0.0218385 0.00962864 0.00985397 0.0083443 0.0081951 0.00862447 0.0101672 0.0122788 0.0129139 0.0120167 0.00897375 0.00822604 0.00811375 0.00803377 0.00858178 0.0100966 0.00922528 0.00900517 0.00816234 0.00893055 0.00834726 0.00854024 0.00860247 0.00912027 0.00827097 0.00998835 0.00859055 0.00855425 0.00812067 0.008254 0.00887026 0.00869268 0.0100084 0.00829343 0.00842337 0.00838354 0.00838793 0.00841668 0.00883389 0.00824288 0.00814111 0.00822556 0.00871121 0.00853857 0.0081671 0.00836057 0.00853755 0.00907457 0.00851353 0.00856265 0.00868122 0.00836038 0.00802144 0.00813206 0.00829748 0.00862775 0.0088067 0.00861787 0.00823783 
0.0073408 0.00917982 0.0214743 0.518914 0.0578268 0.0105287 0.00745726 0.003654 0.00356546 0.0035267 0 0.00353841 0.00366155 0.00361582 0.00350422 0.00381732 0.00411209 0.0039894 0.00674424 0.00788199 0.00773551 0.00681399 0.00573621 0.00898562 0.0153075 0.00984473 0.020381 0.00926464 0.00911633 0.00861527 0.00909121 0.0101175 0.00986431 0.0105104 0.00918609 0.00936832 0.00940288 0.00876981 0.0113147 0.0199173 0.0221377 0.0134184 0.00924647 0.00874859 0.00835658 0.00905249 0.00936468 0.0164623 0.014426 0.0133264 0.00912334 0.00856444 0.00801044 0.00815346 0.00874191 0.00919423 0.0121645 0.0085538 0.00836512 0.0082517 0.00851391 0.0084772 0.00872949 0.00852156 0.00955023 0.00862795 0.00983291 0.00826151 0.00838601 0.00863446 0.00838263 0.00950776 0.00888555 0.00874258 0.00837703 0.00847051 0.00837972 0.00883176 0.008423 0.0084462 0.00802264 0.00826074 0.0087733 0.00865643 0.00815949 0.00844121 0.00894398 0.00910537 0.00885934 0.00877993 0.00886329 0.00843165 0.00812223 0.00806734 0.008468 0.00897095 0.00897503 0.008712 0.00837356 
0.00836402 0.0204838 0.600539 0.0485567 0.0163176 0.0120224 0.00832348 0.00374294 0.00360048 0.00360003 0.00353841 0 0.00354498 0.0035573 0.00354469 0.00354811 0.00359868 0.00361455 0.0065057 0.00757901 0.00854363 0.00726308 0.00815083 0.0129878 0.0122009 0.0279012 0.0141123 0.0135739 0.0093741 0.00961284 0.00934853 0.0112662 0.0191417 0.00975426 0.0123927 0.0114552 0.00908033 0.010111 0.0165752 0.0261949 0.038056 0.0125635 0.0120121 0.0085213 0.00869097 0.00931229 0.0147859 0.0195958 0.0236331 0.0167826 0.0117721 0.00881655 0.00814843 0.00821639 0.00975117 0.012268 0.0121076 0.00993915 0.00902186 0.0091874 0.00870761 0.0092002 0.00917703 0.0106654 0.00876597 0.0124686 0.00933369 0.00898221 0.0086249 0.00854424 0.00910847 0.00948161 0.0127821 0.00865389 0.00878946 0.0087257 0.00899775 0.00866645 0.00935858 0.00846201 0.0082734 0.0086102 0.00928418 0.00898349 0.00860561 0.00860902 0.00916952 0.0105999 0.00900488 0.00918237 0.00912889 0.00865085 0.00815681 0.00826279 0.0087057 0.00898345 0.00919351 0.00902872 0.00886998 
0.0199351 0.557176 0.0563993 0.0271351 0.0125855 0.0128167 0.00940218 0.00385359 0.00361785 0.00358373 0.00366155 0.00354498 0 0.00354624 0.00355022 0.00358952 0.00360256 0.00364427 0.00445267 0.0103122 0.0101172 0.00986055 0.00820418 0.0108284 0.0310671 0.0165033 0.0302422 0.0118109 0.0108862 0.00882492 0.010151 0.0140779 0.0137737 0.0159463 0.010891 0.00966465 0.0117429 0.00989278 0.0160838 0.0465447 0.053642 0.0267401 0.0108445 0.0085952 0.0084541 0.00976368 0.0153923 0.0388062 0.0320114 0.026991 0.0117117 0.00897555 0.0081235 0.00848785 0.010579 0.0120352 0.0214096 0.0100975 0.00889461 0.00873885 0.00953498 0.00940906 0.0110158 0.00967259 0.012005 0.00953477 0.0143229 0.00899767 0.00910166 0.00866163 0.00869427 0.0128105 0.00962019 0.0111717 0.00885827 0.00961005 0.00929305 0.0104182 0.00895454 0.00911011 0.00811863 0.00890803 0.00976356 0.00926017 0.00844329 0.00912646 0.0109688 0.0109733 0.0102602 0.00940385 0.0101074 0.00884046 0.00825838 0.0082214 0.00882983 0.00965729 0.010534 0.00951389 0.00857197 
0.369243 0.0672654 0.0459316 0.0145342 0.0223482 0.0114169 0.0104482 0.00402962 0.00371026 0.00362973 0.00361582 0.0035573 0.00354624 0 0.00353684 0.00354435 0.00364065 0.00360305 0.00412479 0.00679377 0.0646757 0.00632491 0.00592422 0.0130427 0.0180026 0.0276802 0.0227547 0.0148037 0.00994629 0.00910553 0.00990224 0.0150959 0.0224616 0.0129572 0.0115137 0.0107106 0.00992299 0.0111264 0.0191305 0.0505154 0.0647767 0.0192641 0.0131383 0.0085584 0.0084989 0.00960573 0.0205705 0.0332625 0.0402386 0.0285342 0.0126777 0.00891366 0.00814829 0.00828462 0.0107284 0.0157091 0.0166337 0.0110056 0.00899789 0.00943311 0.00922462 0.0103769 0.0104704 0.0123911 0.00947542 0.0128405 0.0113388 0.00970071 0.00877401 0.00864124 0.00914664 0.0104882 0.0140702 0.0091377 0.00984365 0.00947963 0.00961991 0.00939258 0.0102927 0.00851885 0.00828261 0.00880061 0.0100572 0.00941935 0.00844807 0.00950869 0.0106415 0.0126207 0.0101902 0.0102204 0.00978201 0.00895217 0.00821739 0.00821165 0.00883838 0.00989457 0.0101867 0.00983332 0.00857743 
0.0426484 0.0214317 0.0190355 0.0214183 0.0152939 0.0131795 0.0090311 0.00469736 0.00400669 0.00366718 0.00350422 0.00354469 0.00355022 0.00353684 0 0.00353873 0.00359169 0.00353319 0.00365207 0.072941 0.0118424 0.00524404 0.00872498 0.0110724 0.018613 0.0202211 0.0245798 0.0137826 0.0105417 0.00893286 0.00975008 0.0126695 0.0186247 0.0109007 0.0113259 0.0100384 0.0107232 0.0100244 0.016383 0.0414766 0.0427276 0.0215513 0.0108607 0.0085648 0.00859879 0.00949453 0.01476 0.0292742 0.0294076 0.023201 0.0113593 0.00901883 0.00818784 0.00838859 0.0102822 0.0138673 0.0169198 0.0106195 0.00882192 0.00880899 0.00914058 0.00976327 0.0104846 0.0100724 0.0105128 0.0102676 0.0133857 0.00949621 0.00864437 0.00859324 0.00899696 0.0107258 0.011078 0.00989612 0.00915991 0.00976408 0.009211 0.00992217 0.00951635 0.00877351 0.00824735 0.00888605 0.0100048 0.00948856 0.00860572 0.00906586 0.0112907 0.0129006 0.0111724 0.00983833 0.00997371 0.00966952 0.00836546 0.00836651 0.00925804 0.0106135 0.0115503 0.0100499 0.00881403 
0.0111178 0.0158424 0.0238792 0.0167798 0.0161603 0.0107883 0.00949533 0.00600087 0.00486324 0.00469427 0.00381732 0.00354811 0.00358952 0.00354435 0.00353873 0 0.00354538 0.00351719 0.00395956 0.00972554 0.0218314 0.00922223 0.00388747 0.010111 0.0150816 0.0160297 0.0185515 0.0126644 0.00929184 0.00893131 0.00919707 0.0128454 0.012099 0.0113659 0.00955658 0.0101347 0.0094912 0.00966417 0.013537 0.0246543 0.045676 0.0132314 0.0106881 0.00887119 0.00859723 0.00921536 0.0124701 0.0204278 0.0216161 0.0165588 0.0103833 0.0086868 0.00821132 0.00822255 0.00917871 0.00986227 0.0119421 0.00861293 0.00860278 0.00848048 0.00864806 0.00925354 0.00920026 0.00894683 0.0095832 0.00940256 0.00946294 0.00865561 0.00840541 0.00853343 0.00853441 0.0100501 0.00905689 0.00885855 0.00866053 0.00882327 0.00872286 0.00883734 0.0087212 0.00848339 0.00811437 0.00849514 0.00900876 0.00893612 0.0085358 0.00858574 0.0092258 0.00960575 0.00913628 0.00891078 0.0089114 0.00855543 0.00834981 0.00810818 0.00868185 0.00899723 0.00921776 0.00889411 0.00842489 
0.0134859 0.0173583 0.0124275 0.0125002 0.0104809 0.0134157 0.0100681 0.00682757 0.00808898 0.00497479 0.00411209 0.00359868 0.00360256 0.00364065 0.00359169 0.00354538 0 0.00460651 0.0175186 0.0133084 0.00506039 0.00468386 0.00367503 0.00950214 0.0148126 0.0107219 0.0131255 0.0118125 0.0099292 0.00940858 0.00994749 0.00916054 0.0100649 0.0118118 0.00989216 0.00971777 0.0122279 0.00959175 0.0108557 0.0184917 0.0134706 0.015709 0.00987602 0.00907667 0.0089289 0.00936891 0.0101558 0.0107901 0.0104494 0.0101569 0.00944904 0.00842207 0.00822203 0.00835821 0.00844444 0.00891714 0.00896894 0.00872666 0.0085591 0.00874515 0.00887404 0.00861224 0.00848824 0.00839174 0.0085207 0.00831528 0.00888946 0.00840711 0.00837643 0.00850598 0.00841022 0.00883027 0.00877098 0.00851751 0.00843139 0.0084639 0.0083515 0.00845176 0.00836124 0.00836296 0.00805171 0.00848836 0.00873748 0.00862797 0.00836222 0.0084443 0.00875728 0.00921458 0.00875368 0.00853549 0.00862835 0.00842681 0.00814963 0.0081363 0.00844357 0.00864531 0.00869786 0.00851862 0.00822184 
0.01536 0.00935734 0.0112543 0.00940608 0.00947041 0.00880229 0.00962364 0.0069855 0.0053383 0.00481844 0.0039894 0.00361455 0.00364427 0.00360305 0.00353319 0.00351719 0.00460651 0 0.00401379 0.00362784 0.00359342 0.00356525 0.00377267 0.0102563 0.00957122 0.0093264 0.00983508 0.00979074 0.00973737 0.0099346 0.00838897 0.0088571 0.00892431 0.00892644 0.0104812 0.0109301 0.00874861 0.0108908 0.0135067 0.0115061 0.0147678 0.00968056 0.0125887 0.0087325 0.00894393 0.0095395 0.00877051 0.0101004 0.0103359 0.0100019 0.00879177 0.00896613 0.00826713 0.00811835 0.00838527 0.00855524 0.00866274 0.00835224 0.00958971 0.00935767 0.00822347 0.00826292 0.00834463 0.00839953 0.00831051 0.00847239 0.00857173 0.00833523 0.00846115 0.00858098 0.00827669 0.00844493 0.00863278 0.00817294 0.00826316 0.00841518 0.00839741 0.00844898 0.00820018 0.00816738 0.00812849 0.00852812 0.00847279 0.00839576 0.00831608 0.00859326 0.00841779 0.00898147 0.00841653 0.00836478 0.00837978 0.00815385 0.00831559 0.00817531 0.00826753 0.00840166 0.00842975 0.0083293 0.00834084 
0.0109594 0.0108002 0.0126797 0.0110234 0.0115506 0.0107429 0.0168639 0.00710624 0.00632789 0.00640078 0.00674424 0.0065057 0.00445267 0.00412479 0.00365207 0.00395956 0.0175186 0.00401379 0 0.00355382 0.00354323 0.00387691 0.00365142 0.0114456 0.00974365 0.0100933 0.0143001 0.0117216 0.0266051 0.0098629 0.00874329 0.00931554 0.0100452 0.010113 0.0168537 0.011579 0.00936954 0.0166357 0.0220966 0.0148378 0.0156796 0.0113845 0.0503795 0.0103136 0.00917245 0.010856 0.0104203 0.0129402 0.0129993 0.0129084 0.00956939 0.0111047 0.00826413 0.00816237 0.00882424 0.00933395 0.0103581 0.00876328 0.0126669 0.00931958 0.00854044 0.00863666 0.00887961 0.00897894 0.0086912 0.00933433 0.00928339 0.00971689 0.0111276 0.00898098 0.0086347 0.00923789 0.00930312 0.00854951 0.00833115 0.0084626 0.00853909 0.00847677 0.00866179 0.00841409 0.00897836 0.00881291 0.00874531 0.00934522 0.0116227 0.00909379 0.00884845 0.00921801 0.00858649 0.00854399 0.00895978 0.00832063 0.0087316 0.0083176 0.0082951 0.00916845 0.0089226 0.00861971 0.00900437 
0.0150328 0.0232472 0.02418 0.026286 0.0190207 0.0323872 0.0119913 0.00836192 0.00811843 0.00809777 0.00788199 0.00757901 0.0103122 0.00679377 0.072941 0.00972554 0.0133084 0.00362784 0.00355382 0 0.00354756 0.00355056 0.0035504 0.013366 0.0308419 0.0199426 0.0270341 0.032612 0.0124316 0.00913502 0.0110661 0.01169 0.0125367 0.0168557 0.0121128 0.0112721 0.0198295 0.0108327 0.0249285 0.0827565 0.0324561 0.0619414 0.0120549 0.0097561 0.00932128 0.0118271 0.0252886 0.0224927 0.025926 0.0192377 0.0132657 0.00908491 0.00825329 0.00838996 0.0100669 0.0127983 0.0132721 0.0109955 0.00895742 0.00918922 0.00956039 0.00919416 0.00967102 0.00937875 0.00968331 0.0102079 0.0110266 0.0098276 0.00868511 0.00880296 0.00919585 0.0106896 0.0125949 0.00906001 0.00879539 0.00911111 0.00919644 0.00901376 0.00934333 0.00900262 0.00824369 0.00892024 0.0106553 0.0098119 0.00868742 0.00949011 0.011874 0.010595 0.00990374 0.00967108 0.00937633 0.00901774 0.00836455 0.00820999 0.00900414 0.00957103 0.0103023 0.00987156 0.00883634 
0.0119535 0.0166447 0.0427498 0.0286531 0.0401082 0.0128784 0.0102574 0.00840353 0.00832682 0.00817538 0.00773551 0.00854363 0.0101172 0.0646757 0.0118424 0.0218314 0.00506039 0.00359342 0.00354323 0.00354756 0 0.00353437 0.00352114 0.0117864 0.0199487 0.0464475 0.0401611 0.0124965 0.0100166 0.00906392 0.00949421 0.0143687 0.0190404 0.0115446 0.0105905 0.0125141 0.0101055 0.0157064 0.0165644 0.0410554 0.163789 0.0211948 0.0110321 0.00899596 0.00909414 0.0107377 0.0177564 0.0520288 0.039499 0.0317936 0.0122414 0.00917185 0.00820988 0.00846986 0.01058 0.0134864 0.0211543 0.0109554 0.00892045 0.00903101 0.0094346 0.0103173 0.0108763 0.0102371 0.0106091 0.0108848 0.0139617 0.0095693 0.00908348 0.00871608 0.00931432 0.0118784 0.0114721 0.0101503 0.00972518 0.010222 0.00982297 0.010064 0.0103189 0.00884473 0.00827574 0.00938565 0.0107901 0.00982873 0.00877291 0.00954297 0.0105086 0.0137313 0.0108326 0.010667 0.0107377 0.00928245 0.00833149 0.0084527 0.00906983 0.00977317 0.0109252 0.00995573 0.0092326 
0.0128831 0.0203577 0.0164987 0.0172736 0.0129195 0.0218094 0.0109358 0.00862082 0.00840162 0.00699098 0.00681399 0.00726308 0.00986055 0.00632491 0.00524404 0.00922223 0.00468386 0.00356525 0.00387691 0.00355056 0.00353437 0 0.0035302 0.0105891 0.0365019 0.0247972 0.0194518 0.0141111 0.00984497 0.00898963 0.0105027 0.00948607 0.0104942 0.0137281 0.01038 0.0109057 0.0265241 0.0099539 0.0122846 0.0470373 0.0179403 0.0214326 0.0118023 0.00989551 0.0103348 0.0122495 0.0151224 0.0129256 0.0146987 0.01179 0.0112484 0.00874762 0.00849283 0.00851439 0.00873979 0.0095823 0.00956097 0.00974693 0.00885029 0.00918156 0.00914917 0.00898312 0.00874766 0.00862939 0.00873641 0.00902417 0.00991494 0.00918039 0.00864889 0.00895033 0.00880011 0.00952063 0.00940003 0.00855015 0.00910611 0.00882046 0.0085122 0.00875363 0.00873274 0.00848222 0.00823636 0.00905785 0.00935225 0.00896977 0.00841822 0.00916753 0.0100108 0.00960107 0.00889315 0.00886023 0.00875653 0.00883087 0.00830702 0.00837977 0.00866221 0.0089861 0.0089522 0.00887517 0.0083293 
0.023797 0.0115206 0.0105692 0.0109003 0.00953796 0.00937916 0.0109038 0.0137878 0.00641254 0.00959684 0.00573621 0.00815083 0.00820418 0.00592422 0.00872498 0.00388747 0.00367503 0.00377267 0.00365142 0.0035504 0.00352114 0.0035302 0 0.0215349 0.0199947 0.007984 0.00820354 0.00791693 0.0101203 0.012529 0.00858311 0.00857568 0.00835482 0.00902318 0.00981384 0.0285795 0.00930187 0.0138717 0.028417 0.0117998 0.0110905 0.0118059 0.0134374 0.0150677 0.0161758 0.0160427 0.0102854 0.0101461 0.00995984 0.00933521 0.0089475 0.00933513 0.00979565 0.00843584 0.00854978 0.00864112 0.00906456 0.00876481 0.0108502 0.0117763 0.00927195 0.00858873 0.00849652 0.00848749 0.00885524 0.00851771 0.00882463 0.00853426 0.0090547 0.0107545 0.00846265 0.00863352 0.00851672 0.00858834 0.008308 0.00834488 0.00848689 0.00846696 0.00832725 0.00830088 0.0082958 0.0100148 0.00860912 0.00848481 0.00864303 0.00949468 0.00856761 0.00866553 0.00861226 0.00830372 0.00862632 0.00820192 0.00836996 0.00867069 0.00836582 0.00843382 0.00849962 0.00828567 0.00846474 
0.012297 0.0115543 0.0127506 0.0112979 0.0122923 0.013757 0.0245612 0.0120717 0.00973433 0.0107797 0.00898562 0.0129878 0.0108284 0.0130427 0.0110724 0.010111 0.00950214 0.0102563 0.0114456 0.013366 0.0117864 0.0105891 0.0215349 0 0.00357673 0.00356402 0.00356032 0.00363113 0.00392572 0.00510938 0.00568467 0.00635927 0.00791901 0.0102758 0.956336 0.0114851 0.00874251 0.023794 0.0182329 0.0138268 0.0115627 0.0116518 0.0316638 0.0116474 0.0104473 0.0119885 0.0118201 0.0100067 0.0104695 0.0101479 0.0121645 0.0118343 0.00863315 0.00823508 0.00838322 0.00907289 0.0086073 0.00973299 0.012572 0.0113705 0.00837426 0.00826689 0.00855577 0.00886832 0.0082976 0.00967411 0.00834394 0.00904603 0.00988845 0.00859091 0.00915601 0.00825537 0.00970355 0.00809735 0.00823064 0.00830403 0.00831136 0.00824151 0.00891846 0.00823034 0.00980731 0.00841184 0.00861154 0.0087503 0.00942681 0.00886302 0.00866276 0.0087459 0.00838931 0.00846887 0.00838125 0.00839995 0.00852642 0.0082803 0.00825836 0.00841612 0.0085422 0.00879748 0.00895842 
0.0111978 0.0213413 0.0209313 0.0309709 0.0227861 0.0211082 0.0114536 0.00907923 0.0172343 0.0095779 0.0153075 0.0122009 0.0310671 0.0180026 0.018613 0.0150816 0.0148126 0.00957122 0.00974365 0.0308419 0.0199487 0.0365019 0.0199947 0.00357673 0 0.00359441 0.00353996 0.00376708 0.00362974 0.00439239 0.00590826 0.00776649 0.00993233 0.98242 0.00723431 0.00784933 0.020857 0.00936631 0.0192203 0.0334604 0.0171769 0.0338035 0.0107093 0.0111443 0.00957233 0.0129651 0.0144484 0.0217821 0.0164142 0.0187993 0.0119841 0.009535 0.00821386 0.00847698 0.00968714 0.00944992 0.016399 0.00989855 0.00951593 0.00866657 0.0101507 0.00913691 0.00930658 0.00894068 0.0118571 0.00867967 0.0129488 0.00921318 0.00919298 0.00992415 0.00846782 0.0137063 0.00862355 0.010913 0.00858358 0.00914656 0.00866914 0.0094783 0.00858283 0.0100407 0.00833329 0.00899174 0.00983437 0.00978352 0.00874774 0.00910078 0.0108432 0.0102652 0.0101633 0.00928783 0.00956836 0.00892942 0.00836375 0.00830022 0.00896181 0.00926903 0.0105024 0.00957059 0.00881895 
0.0101474 0.0148211 0.043308 0.0334345 0.0523072 0.0123107 0.00950313 0.00963008 0.00915576 0.0178676 0.00984473 0.0279012 0.0165033 0.0276802 0.0202211 0.0160297 0.0107219 0.0093264 0.0100933 0.0199426 0.0464475 0.0247972 0.007984 0.00356402 0.00359441 0 0.00354255 0.00355399 0.00353653 0.00432926 0.00825872 0.00844583 0.968932 0.00877001 0.00688284 0.00878542 0.00847071 0.00981496 0.0114335 0.0190466 0.0379179 0.0135808 0.012473 0.00882824 0.00903725 0.00961697 0.0173634 0.0192675 0.0331291 0.0203741 0.0120994 0.00877189 0.00834716 0.00841853 0.00945432 0.0162717 0.0122298 0.0107547 0.00891707 0.00955244 0.00878896 0.0103341 0.010201 0.0115504 0.00921912 0.0151553 0.0102832 0.0105304 0.00864003 0.00849444 0.00985067 0.00969927 0.0158156 0.00879808 0.00978089 0.00926232 0.00929347 0.00925771 0.011745 0.00843606 0.00840809 0.00859903 0.0100967 0.00941849 0.00854159 0.00872781 0.009823 0.0118792 0.0101436 0.0111712 0.00991205 0.00892171 0.00832173 0.00825176 0.00887385 0.010082 0.0103838 0.010057 0.00859873 
0.0114738 0.0199487 0.0435866 0.0740786 0.032994 0.0160608 0.0100829 0.0090386 0.0137085 0.0102686 0.020381 0.0141123 0.0302422 0.0227547 0.0245798 0.0185515 0.0131255 0.00983508 0.0143001 0.0270341 0.0401611 0.0194518 0.00820354 0.00356032 0.00353996 0.00354255 0 0.0035242 0.00354234 0.00472074 0.00813347 0.958496 0.00999529 0.0064073 0.00514572 0.00756969 0.00895932 0.0111308 0.0141247 0.0316102 0.0373732 0.0194833 0.0103691 0.00938211 0.00875774 0.0106095 0.0136656 0.0523781 0.0328643 0.0271135 0.0117555 0.00948563 0.00826348 0.00856381 0.0102368 0.0118495 0.0229632 0.00995915 0.00955745 0.00878294 0.0101955 0.0109466 0.0114508 0.00995765 0.0130237 0.0100712 0.0171433 0.00937795 0.00910844 0.00904655 0.00874635 0.0160884 0.00952124 0.014767 0.00909682 0.010872 0.010364 0.0123347 0.00945459 0.00928179 0.00819336 0.00891176 0.0107153 0.00976171 0.00876011 0.00899186 0.0109738 0.012002 0.0118118 0.00989517 0.01238 0.0089234 0.00831553 0.0082614 0.00891644 0.0100552 0.0115386 0.00949465 0.00894188 
0.0118031 0.0165446 0.0219662 0.014831 0.016291 0.018877 0.00986041 0.0120628 0.00976851 0.0106342 0.00926464 0.0135739 0.0118109 0.0148037 0.0137826 0.0126644 0.0118125 0.00979074 0.0117216 0.032612 0.0124965 0.0141111 0.00791693 0.00363113 0.00376708 0.00355399 0.0035242 0 0.00353602 0.00657996 0.995742 0.00460222 0.00538685 0.00469561 0.00482892 0.00787562 0.0104354 0.0091554 0.0132601 0.0208685 0.0159093 0.0178244 0.0130976 0.00946692 0.00963162 0.010036 0.0213054 0.0123737 0.0164934 0.012824 0.0130005 0.00863136 0.00878626 0.00860106 0.00890859 0.0109707 0.00940181 0.0129017 0.00881458 0.0100776 0.00910887 0.00905129 0.00900831 0.00961069 0.00870988 0.00972339 0.00901467 0.0113386 0.00851121 0.00897634 0.00958066 0.00881246 0.0104584 0.00846668 0.00872097 0.00876462 0.00895465 0.0088155 0.00887848 0.00832765 0.0082051 0.00910387 0.00947292 0.00897991 0.00838374 0.00929008 0.0098157 0.0102926 0.00903179 0.00876844 0.00894399 0.00879534 0.00818354 0.00843683 0.0086348 0.0089643 0.00888978 0.00890575 0.00832815 
0.0205854 0.0116264 0.00967505 0.010933 0.00950965 0.00988704 0.0126845 0.014793 0.00948966 0.00848725 0.00911633 0.0093741 0.0108862 0.00994629 0.0105417 0.00929184 0.0099292 0.00973737 0.0266051 0.0124316 0.0100166 0.00984497 0.0101203 0.00392572 0.00362974 0.00353653 0.00354234 0.00353602 0 0.996294 0.00421908 0.00367624 0.00401171 0.00447857 0.00398251 0.00922508 0.00769719 0.00830718 0.0179492 0.0103899 0.0097223 0.0110198 0.0104957 0.0180919 0.0119855 0.0187739 0.00982116 0.00972891 0.0097066 0.00922469 0.00866859 0.00966058 0.0102754 0.00868978 0.00858847 0.00858484 0.0091092 0.0083572 0.0100559 0.0118688 0.00887644 0.00850445 0.00837473 0.00832828 0.00885893 0.0082653 0.00876119 0.00832154 0.00890081 0.0145726 0.0083663 0.00873978 0.00831155 0.00839832 0.00822568 0.00824819 0.00839987 0.00830843 0.00812259 0.00841193 0.00818763 0.0104511 0.00856938 0.00838754 0.00854648 0.00945316 0.00866472 0.00845714 0.00835437 0.00850119 0.00832078 0.00832901 0.00824303 0.00875193 0.0082977 0.00831858 0.00841317 0.008345 0.00830641 
0.0096038 0.00885292 0.00920188 0.0091777 0.00921064 0.0116889 0.0155436 0.0110471 0.00907885 0.00904891 0.00861527 0.00961284 0.00882492 0.00910553 0.00893286 0.00893131 0.00940858 0.0099346 0.0098629 0.00913502 0.00906392 0.00898963 0.012529 0.00510938 0.00439239 0.00432926 0.00472074 0.00657996 0.996294 0 0.00384441 0.00360047 0.00386269 0.00375355 0.00458656 0.00611043 0.006406 0.0187093 0.0114886 0.00905686 0.00924424 0.00976271 0.0323801 0.0127196 0.00975022 0.010143 0.00924081 0.00872898 0.00869469 0.00885577 0.0110396 0.0112648 0.00882706 0.00836036 0.0082379 0.008666 0.00838291 0.00865549 0.012309 0.00952043 0.00824416 0.00824736 0.0081594 0.00857431 0.0081866 0.00927355 0.00824185 0.0087533 0.00993356 0.00869894 0.00889749 0.00821367 0.00918772 0.00807244 0.00808404 0.00806584 0.00804749 0.00802204 0.00820982 0.00810841 0.0106145 0.00823251 0.00813461 0.00864764 0.0100415 0.00824691 0.00807943 0.00813197 0.00805296 0.00806328 0.00801021 0.00819327 0.00878579 0.0083238 0.00800741 0.00806491 0.00811335 0.00821074 0.00858679 
0.00885081 0.00940775 0.00988657 0.00978335 0.012758 0.00993759 0.00975574 0.00953682 0.00963757 0.00892021 0.00909121 0.00934853 0.010151 0.00990224 0.00975008 0.00919707 0.00994749 0.00838897 0.00874329 0.0110661 0.00949421 0.0105027 0.00858311 0.00568467 0.00590826 0.00825872 0.00813347 0.995742 0.00421908 0.00384441 0 0.00411597 0.0036033 0.00372047 0.00354562 0.00500456 0.00797684 0.0086038 0.00922342 0.0116225 0.00975744 0.0147357 0.00999957 0.0111821 0.00890833 0.00964884 0.00965292 0.0096694 0.00974442 0.00970776 0.0102741 0.00901203 0.00835815 0.00832383 0.00833132 0.00872441 0.00882353 0.00867233 0.00892182 0.00830039 0.00833691 0.00845082 0.00839072 0.008381 0.00877773 0.0083929 0.00862241 0.00871361 0.0085994 0.00857145 0.00823137 0.00861154 0.00842975 0.00846956 0.00820854 0.00814948 0.00818478 0.008267 0.00812762 0.00836953 0.0083187 0.00811482 0.00833176 0.00863044 0.0084583 0.00817366 0.00835062 0.0085061 0.00828833 0.00829606 0.00820689 0.00842608 0.00822146 0.00799615 0.00820478 0.00834096 0.00840021 0.00854114 0.00814739 
0.00923065 0.0107156 0.0158197 0.0231905 0.0134583 0.00964153 0.00909934 0.00920445 0.00949611 0.0100525 0.0101175 0.0112662 0.0140779 0.0150959 0.0126695 0.0128454 0.00916054 0.0088571 0.00931554 0.01169 0.0143687 0.00948607 0.00857568 0.00635927 0.00776649 0.00844583 0.958496 0.00460222 0.00367624 0.00360047 0.00411597 0 0.00352422 0.00351878 0.00353429 0.00436977 0.00617151 0.0109286 0.0102492 0.0113708 0.015761 0.0124473 0.00976743 0.00930633 0.0091018 0.00973417 0.0104095 0.0169491 0.0155811 0.0127131 0.00987893 0.00875231 0.00838104 0.00850969 0.00886835 0.0098502 0.0105588 0.00881808 0.0086889 0.00880798 0.00875071 0.00887129 0.00929982 0.0091537 0.00909139 0.00952392 0.00968575 0.00889993 0.00851608 0.0086702 0.00871037 0.00990611 0.00974602 0.00931823 0.00851234 0.0087073 0.00881119 0.0088378 0.00866863 0.00835839 0.00825684 0.00835387 0.00893412 0.00879222 0.00843924 0.00846388 0.00912026 0.00961273 0.00897706 0.00875465 0.00896232 0.00850665 0.00825001 0.00812852 0.00857035 0.00881012 0.00918049 0.00886596 0.00842878 
0.00948898 0.0109506 0.0345005 0.0165633 0.021188 0.0103392 0.0090968 0.0100267 0.00934357 0.0140308 0.00986431 0.0191417 0.0137737 0.0224616 0.0186247 0.012099 0.0100649 0.00892431 0.0100452 0.0125367 0.0190404 0.0104942 0.00835482 0.00791901 0.00993233 0.968932 0.00999529 0.00538685 0.00401171 0.00386269 0.0036033 0.00352422 0 0.00352058 0.00353606 0.00590598 0.00595994 0.0193174 0.0128662 0.0182575 0.0163194 0.0106102 0.0119663 0.00900747 0.00870773 0.00967166 0.0149414 0.0161863 0.0197182 0.0162584 0.011125 0.00878931 0.00860694 0.00845768 0.0096191 0.0148658 0.0107265 0.00999801 0.00872788 0.00952712 0.00871268 0.00999973 0.00929654 0.00995977 0.00895703 0.012814 0.00948796 0.00942656 0.00850338 0.00856713 0.0100913 0.00896111 0.0149869 0.00842773 0.00904764 0.00895324 0.0090211 0.00880304 0.00982682 0.00817398 0.00848543 0.00844416 0.00932564 0.0086206 0.00843915 0.00851467 0.00896975 0.0117805 0.00876567 0.00952784 0.00890137 0.00862749 0.00829616 0.00816766 0.00874768 0.00937034 0.00903417 0.00923685 0.00838141 
0.0123672 0.0180823 0.010819 0.0150205 0.0106728 0.0120076 0.00958264 0.00950497 0.0110554 0.00884074 0.0105104 0.00975426 0.0159463 0.0129572 0.0109007 0.0113659 0.0118118 0.00892644 0.010113 0.0168557 0.0115446 0.0137281 0.00902318 0.0102758 0.98242 0.00877001 0.0064073 0.00469561 0.00447857 0.00375355 0.00372047 0.00351878 0.00352058 0 0.00352769 0.00983952 0.0273723 0.00579534 0.0108521 0.0129461 0.0107921 0.017459 0.00909175 0.0164702 0.0118691 0.0124641 0.0108919 0.0145262 0.0115085 0.0112061 0.010586 0.00979367 0.00853282 0.00890532 0.00893761 0.00918551 0.0153142 0.00888587 0.00996699 0.00873467 0.0103993 0.00905827 0.00889148 0.00851308 0.0115163 0.0085189 0.0117209 0.0089563 0.00923565 0.0110437 0.00839758 0.0140492 0.00840939 0.0108636 0.0084397 0.0086602 0.00871253 0.00919102 0.00834414 0.0103859 0.00811268 0.0089696 0.00891423 0.00914289 0.00857792 0.00871569 0.00987793 0.00910461 0.00946298 0.00847252 0.00956982 0.00858728 0.00881242 0.00833065 0.00869165 0.00864205 0.00903461 0.00841389 0.00849966 
0.0169826 0.0110081 0.0107143 0.00997211 0.011034 0.00996859 0.0103797 0.0174236 0.00919213 0.00953659 0.00918609 0.0123927 0.010891 0.0115137 0.0113259 0.00955658 0.00989216 0.0104812 0.0168537 0.0121128 0.0105905 0.01038 0.00981384 0.956336 0.00723431 0.00688284 0.00514572 0.00482892 0.00398251 0.00458656 0.00354562 0.00353429 0.00353606 0.00352769 0 0.062338 0.00401957 0.00459832 0.0116154 0.00894848 0.00888369 0.00854625 0.0220712 0.0133994 0.0133041 0.0179729 0.0134064 0.0103392 0.0107639 0.0103842 0.01043 0.00935524 0.0123952 0.00861605 0.00866284 0.00991698 0.00868442 0.0112369 0.0103298 0.0215329 0.00902092 0.00869833 0.00861146 0.0102503 0.00842775 0.0117825 0.00858901 0.00906463 0.00881277 0.0103835 0.010352 0.00836471 0.0107235 0.00822991 0.00852892 0.0084801 0.00859457 0.00826128 0.00897445 0.00820958 0.0103308 0.0109501 0.00922379 0.00847911 0.00904328 0.0114997 0.00888471 0.00906704 0.00844353 0.00874089 0.00836686 0.00847617 0.00864578 0.00982712 0.00862601 0.00865922 0.00845166 0.00865316 0.00836512 
0.00977475 0.00923468 0.00990931 0.00963116 0.0102378 0.0106635 0.0151913 0.0122262 0.00968193 0.009783 0.00936832 0.0114552 0.00966465 0.0107106 0.0100384 0.0101347 0.00971777 0.0109301 0.011579 0.0112721 0.0125141 0.0109057 0.0285795 0.0114851 0.00784933 0.00878542 0.00756969 0.00787562 0.00922508 0.00611043 0.00500456 0.00436977 0.00590598 0.00983952 0.062338 0 0.00362705 0.0040091 0.00975581 0.0223751 0.0340148 0.023498 0.20915 0.0116662 0.0107021 0.0127058 0.0113436 0.0103383 0.0102685 0.00995437 0.0115289 0.0129391 0.00968266 0.00905634 0.00887622 0.0100687 0.00943317 0.00945618 0.0151887 0.0111899 0.00882162 0.0087809 0.00871799 0.00975702 0.00864291 0.0103817 0.00867497 0.010103 0.0110702 0.00950814 0.00999358 0.00854667 0.0105271 0.00831352 0.00838782 0.00836816 0.00836719 0.00827496 0.00885516 0.00831943 0.0112652 0.00853678 0.00871449 0.0092352 0.0106458 0.00873995 0.00840983 0.00865794 0.00837562 0.00847326 0.00827794 0.00848457 0.00909687 0.00843556 0.00824433 0.0085395 0.00839657 0.00912739 0.00932261 
0.00943485 0.0107161 0.00959043 0.00998859 0.00947624 0.0129333 0.00921301 0.00914224 0.010172 0.00882759 0.00940288 0.00908033 0.0117429 0.00992299 0.0107232 0.0094912 0.0122279 0.00874861 0.00936954 0.0198295 0.0101055 0.0265241 0.00930187 0.00874251 0.020857 0.00847071 0.00895932 0.0104354 0.00769719 0.006406 0.00797684 0.00617151 0.00595994 0.0273723 0.00401957 0.00362705 0 0.00358661 0.0109562 0.0293377 0.0132676 0.145848 0.00789054 0.0132606 0.0102209 0.0108358 0.0138052 0.0106076 0.00991341 0.00988519 0.01301 0.00920696 0.00856158 0.00902136 0.00881043 0.00901243 0.0101662 0.0106361 0.0088325 0.00885923 0.00970172 0.00869122 0.00872345 0.00860031 0.00922811 0.00856365 0.00922839 0.00939141 0.00871573 0.00989856 0.00858649 0.00973144 0.00845639 0.00865201 0.00834378 0.00837882 0.00840978 0.00851528 0.00831024 0.00954593 0.00817573 0.00865872 0.00902881 0.00934742 0.00847223 0.00860679 0.00930877 0.00876729 0.00891801 0.00846215 0.00887557 0.00857301 0.00823494 0.00824595 0.00866691 0.00861071 0.00899536 0.00919254 0.00836423 
