1HKFA
SKAQVLQSVAGQTLTVRCQYPPTGSLYEKKGWCKEASALVCIRLVTSSKPRTMAWTSRFTIWDDPDAGFFTVTMTDLREEDSGHYWCRIYRPSDNSVSKSVRFYLVVS
CCCEEEEECCCCCEEEEEECCCCCCCCCEEEEEEEEECCEEEEEEEECCCCCCECCCCEEEEEECCCCEEEEEECCCCHHHCEEEEEEEECCCCCCEEEEEEEEEEEC
0 0 0 0 0 0 0 0 0 0 0 0 0 0 0 0 0 0 0 0 0 0 0 0 0 0 0 0 0 0 0 0 0 0 0 0 0 0 0 0 0 0 0 0 0 0 0 0 0 0 0 0 0 0 0 0 0 0 0 0 0 0 0 0 0 0 0 0 0 0 0 0 0 0 0 0 0 0 0 0 0 0 0 0 0 0 0 0 0 0 0 0 0 0 0 0 0 0 0 0 0 0 0 0 0 0 0 0 
0 0 0 0 0 0 0 0 0 0 0 0 0 0 0 0 0 0 0 0 0 0 0 0 0 0 0 0 0 0 0 0 0 0 0 0 0 0 0 0 0 0 0 0 0 0 0 0 0 0 0 0 0 0 0 0 0 0 0 0 0 0 0 0 0 0 0 0 0 0 0 0 0 0 0 0 0 0 0 0 0 0 0 0 0 0 0 0 0 0 0 0 0 0 0 0 0 0 0 0 0 0 0 0 0 0 0 0 
0 0.00378105 0.00363225 0.00480359 0.00480653 0.0108281 0.00960439 0.00961366 0.0145926 0.0364168 0.0532795 0.0131877 0.00913325 0.00943202 0.0099395 0.00957048 0.00939026 0.0112174 0.0103059 0.0207058 0.0170743 0.0104518 0.0101775 0.0100969 0.0106488 0.0100665 0.011045 0.0206062 0.0124126 0.0167242 0.0108421 0.00997837 0.00956764 0.0100639 0.0112766 0.0103941 0.00919828 0.00991834 0.00944906 0.0106797 0.0151225 0.0090601 0.00821456 0.00849376 0.00836729 0.00888171 0.00844559 0.00943664 0.0123008 0.00990593 0.00872647 0.00861772 0.00885718 0.00881277 0.00907561 0.00923609 0.00928557 0.00931895 0.0101932 0.0117259 
0.00378105 0 0.0036015 0.00372561 0.00358892 0.00622332 0.0193134 0.00906941 0.042753 0.0116964 0.0110007 0.00897933 0.0148848 0.00985164 0.0158167 0.00869855 0.013572 0.00874679 0.0123889 0.00964541 0.0109005 0.0126659 0.0115553 0.0104219 0.0142688 0.00920203 0.0231958 0.0094768 0.0089806 0.00964715 0.020224 0.00890519 0.0179551 0.00933389 0.00901187 0.0100996 0.00903415 0.0174669 0.00895576 0.0252625 0.00902735 0.00849123 0.0103906 0.0088263 0.0129789 0.00892422 0.0130683 0.0087345 0.00942175 0.00865992 0.00855145 0.00869149 0.0102817 0.00900037 0.0116274 0.00894097 0.0120272 0.0086862 0.0131068 0.00895742 
0.00363225 0.0036015 0 0.00353521 0.00358842 0.00927221 0.0070515 0.0726296 0.00758976 0.0121682 0.00647646 0.00887766 0.0102333 0.0163798 0.00985572 0.0160411 0.00858779 0.0228124 0.00959176 0.00898886 0.0087973 0.0195357 0.0115494 0.0145677 0.0104428 0.0536509 0.00881847 0.0116504 0.00915604 0.0152745 0.00877438 0.0760697 0.00913085 0.00995811 0.00871718 0.00858675 0.0181125 0.00940884 0.0684536 0.0090812 0.0121726 0.00992859 0.00832502 0.0275941 0.00946085 0.0216037 0.00993758 0.0100966 0.00881317 0.00885082 0.00859267 0.0100516 0.00895871 0.0154256 0.0094707 0.0208032 0.00910622 0.0230943 0.00871839 0.0130989 
0.00480359 0.00372561 0.00353521 0 0.00353895 0.00729048 0.0955362 0.00681143 0.0109522 0.00617188 0.00813557 0.0145852 0.0104743 0.00905491 0.0137576 0.00862346 0.0218925 0.00872338 0.0103493 0.00870993 0.0138265 0.00913471 0.0105719 0.00954533 0.0169215 0.00890681 0.0274974 0.00856641 0.0093185 0.00956026 0.0385518 0.00878255 0.0200406 0.00929892 0.00855774 0.0115409 0.00904566 0.0464625 0.00881295 0.0242142 0.00851174 0.00855569 0.013877 0.00877048 0.0133028 0.00986692 0.0126773 0.00852022 0.00863259 0.00915095 0.00903554 0.00862367 0.0104624 0.00859667 0.0118243 0.008782 0.0158092 0.00861805 0.0122576 0.00852856 
0.00480653 0.00358892 0.00358842 0.00353895 0 0.0559038 0.00650234 0.0071205 0.00492617 0.00746899 0.00583615 0.0130582 0.00874927 0.0089895 0.00841143 0.0175373 0.00849201 0.00932373 0.00863078 0.00926258 0.0132626 0.0115114 0.0087735 0.00900577 0.00884504 0.0113453 0.00872972 0.0146706 0.0156285 0.0479402 0.00872003 0.0105199 0.00851722 0.0088421 0.00898072 0.0124424 0.0204231 0.00878632 0.01056 0.00868679 0.0138134 0.0244266 0.00832913 0.00887844 0.00870956 0.00948842 0.00850366 0.00873264 0.00929885 0.0131169 0.00904636 0.00873698 0.00840109 0.00920289 0.00869627 0.00985863 0.00852887 0.0100897 0.00858198 0.011197 
0.0108281 0.00622332 0.00927221 0.00729048 0.0559038 0 0.00359155 0.00386016 0.00358295 0.00532785 0.00389537 0.010592 0.00820884 0.00831315 0.00810663 0.0133279 0.0132674 0.0262224 0.0106019 0.0287869 0.0114472 0.0161232 0.0106261 0.0108542 0.0105597 0.0159798 0.00993545 0.0683729 0.0230295 0.0373442 0.00899191 0.0197254 0.00858411 0.0124119 0.0138416 0.0103189 0.0171436 0.00903406 0.0174361 0.00938779 0.15067 0.0138276 0.00825069 0.00966775 0.00857663 0.0125214 0.00857764 0.0110821 0.0174508 0.0125985 0.0101965 0.0102101 0.00934822 0.011751 0.00956439 0.012327 0.00903502 0.0138595 0.00917268 0.0226278 
0.00960439 0.0193134 0.0070515 0.0955362 0.00650234 0.00359155 0 0.00356617 0.00363484 0.00354182 0.00569172 0.00776653 0.00775142 0.00781563 0.0242012 0.0111448 0.0244206 0.0081599 0.0221855 0.00952691 0.0142039 0.00884295 0.0124346 0.0101033 0.0204441 0.00893854 0.0596271 0.00916138 0.00984742 0.00906682 0.0603083 0.0086598 0.0325239 0.00949707 0.00939714 0.0147671 0.0089617 0.0424441 0.00869886 0.202502 0.00895615 0.00839341 0.0124616 0.00873372 0.0162368 0.00871095 0.0228424 0.00847819 0.0103913 0.00973441 0.00964886 0.00921936 0.012289 0.0090778 0.0167698 0.00867172 0.0192 0.00858304 0.0180819 0.00868837 
0.00961366 0.00906941 0.0726296 0.00681143 0.0071205 0.00386016 0.00356617 0 0.00351948 0.00395433 0.00352723 0.00774834 0.00749374 0.0240097 0.0186523 0.0427674 0.00779587 0.0240783 0.00839031 0.00859176 0.00815378 0.0156127 0.0097612 0.0231805 0.0092644 0.0408415 0.00869513 0.0146703 0.0102557 0.0233842 0.0087061 0.118938 0.0090453 0.0115343 0.00903743 0.00880663 0.0257632 0.00901732 0.362547 0.00885553 0.0185738 0.0126976 0.008507 0.040686 0.0098589 0.0538963 0.00908078 0.0139291 0.00908612 0.00926598 0.00883375 0.0120369 0.0090219 0.0233162 0.00919163 0.0342285 0.00877205 0.0470333 0.00863275 0.0145759 
0.0145926 0.042753 0.00758976 0.0109522 0.00492617 0.00358295 0.00363484 0.00351948 0 0.00351717 0.00384929 0.00772392 0.0096634 0.026644 0.0273825 0.00716692 0.0218671 0.00755014 0.00865236 0.00821284 0.0128972 0.00826969 0.0276374 0.0093467 0.0220419 0.00854648 0.0208297 0.00865464 0.00882767 0.0087922 0.0566653 0.00875702 0.0420336 0.00912978 0.00881579 0.0150289 0.00883048 0.312626 0.00904191 0.0365542 0.00860622 0.00862611 0.0148052 0.0099364 0.0266717 0.00903141 0.0374399 0.00859599 0.00912825 0.00929742 0.00962392 0.00938682 0.0153253 0.00928196 0.0233873 0.0090705 0.0452712 0.00883891 0.0155656 0.00867493 
0.0364168 0.0116964 0.0121682 0.00617188 0.00746899 0.00532785 0.00354182 0.00395433 0.00351717 0 0.00351521 0.00751831 0.0384021 0.016339 0.00728764 0.0173354 0.00676605 0.0103741 0.00789659 0.00811502 0.00813436 0.0378577 0.00866723 0.0148976 0.0086697 0.0201745 0.00860738 0.0122344 0.00971942 0.0340885 0.00878023 0.0305523 0.00866444 0.0123896 0.00897261 0.00861487 0.20057 0.00877328 0.0321652 0.00873023 0.015324 0.0143135 0.00856222 0.0135503 0.00912681 0.0192421 0.00868107 0.0119875 0.00879258 0.00920011 0.0087257 0.00897391 0.00853427 0.0115704 0.00881957 0.0324378 0.00854842 0.0150773 0.0088445 0.0111524 
0.0532795 0.0110007 0.00647646 0.00813557 0.00583615 0.00389537 0.00569172 0.00352723 0.00384929 0.00351521 0 0.0697906 0.0127028 0.00634487 0.0110886 0.00643144 0.00901997 0.00666858 0.00755754 0.00792898 0.0380673 0.0083399 0.0149576 0.00833393 0.00944652 0.00856397 0.0152258 0.00879005 0.0141053 0.0153731 0.0172675 0.00863085 0.0103468 0.00883065 0.00878988 0.136057 0.00924757 0.0135867 0.00864456 0.0134478 0.00865875 0.0101703 0.0110998 0.00863726 0.0110166 0.00849173 0.00973182 0.00835284 0.00910985 0.0115863 0.00896991 0.00840397 0.00913388 0.00842855 0.0159469 0.00864456 0.0100696 0.00834087 0.00985215 0.00869332 
0.0131877 0.00897933 0.00887766 0.0145852 0.0130582 0.010592 0.00776653 0.00774834 0.00772392 0.00751831 0.0697906 0 0.00356509 0.00364248 0.00354295 0.00356101 0.00361383 0.00398026 0.00402254 0.00749037 0.00714754 0.00676891 0.00867757 0.00719371 0.00952634 0.00771025 0.022567 0.161373 0.016535 0.0142202 0.00989604 0.00907656 0.00930302 0.00998311 0.0133389 0.0104676 0.00969803 0.00999646 0.00900511 0.01099 0.0143873 0.0102355 0.00858655 0.00910612 0.00954373 0.00922633 0.00912593 0.0125249 0.0188699 0.0091875 0.00877157 0.00848556 0.0087165 0.00897632 0.00909991 0.00901293 0.00917617 0.00899989 0.00947837 0.0121259 
0.00913325 0.0148848 0.0102333 0.0104743 0.00874927 0.00820884 0.00775142 0.00749374 0.0096634 0.0384021 0.0127028 0.00356509 0 0.00359847 0.00352148 0.00352312 0.00356501 0.00354289 0.00390228 0.00397594 0.00545026 0.00659331 0.00638552 0.00807948 0.00992729 0.0166284 0.155455 0.27846 0.00852811 0.0104465 0.0105945 0.0101954 0.00969636 0.0195317 0.00876987 0.00897193 0.0113821 0.0110056 0.0146102 0.0111759 0.00946433 0.00910881 0.00947537 0.0100985 0.0114523 0.0110723 0.0152975 0.0104001 0.0112181 0.00848132 0.00853451 0.00860203 0.0092707 0.0105189 0.0104298 0.0107226 0.0106785 0.0101529 0.0103749 0.0106792 
0.00943202 0.00985164 0.0163798 0.00905491 0.0089895 0.00831315 0.00781563 0.0240097 0.026644 0.016339 0.00634487 0.00364248 0.00359847 0 0.00353566 0.00351216 0.00352447 0.00360262 0.00353389 0.00363235 0.00494433 0.00681567 0.0105534 0.00869628 0.0186771 0.152055 0.427317 0.037491 0.0078185 0.0100617 0.00957435 0.0165921 0.0120382 0.0125964 0.00946158 0.00905024 0.0127677 0.0158077 0.0351524 0.0111108 0.00978756 0.00997042 0.0103272 0.0211683 0.0167548 0.0294528 0.0222097 0.0150129 0.009096 0.00876138 0.00891082 0.0105866 0.0118215 0.017105 0.0151486 0.0245005 0.013488 0.0224961 0.0105237 0.0143809 
0.0099395 0.0158167 0.00985572 0.0137576 0.00841143 0.00810663 0.0242012 0.0186523 0.0273825 0.00728764 0.0110886 0.00354295 0.00352148 0.00353566 0 0.0035091 0.00354126 0.00353148 0.00356098 0.0038731 0.00446952 0.00505623 0.0161694 0.0124019 0.252782 0.303957 0.092696 0.00821884 0.00808312 0.00921508 0.0178885 0.0107737 0.0234671 0.0098108 0.0119864 0.0100006 0.0101215 0.0529456 0.0117111 0.0243067 0.00902378 0.00958354 0.0147202 0.0152602 0.0458697 0.0368632 0.0663726 0.00977541 0.0101001 0.00876458 0.00942991 0.00986417 0.0177218 0.0128702 0.0335778 0.0130828 0.0423379 0.0114954 0.0190946 0.0101687 
0.00957048 0.00869855 0.0160411 0.00862346 0.0175373 0.0133279 0.0111448 0.0427674 0.00716692 0.0173354 0.00643144 0.00356101 0.00352312 0.00351216 0.0035091 0 0.0035162 0.00353655 0.00362877 0.00358792 0.00380177 0.00566516 0.00528922 0.516826 0.123079 0.0764025 0.00742817 0.00965472 0.0076417 0.0114146 0.00844258 0.0222294 0.00857875 0.0144826 0.00870454 0.00891711 0.019533 0.00916373 0.0388197 0.00897146 0.0135392 0.0107118 0.0089173 0.0258486 0.0225831 0.0520811 0.00975666 0.0132372 0.00872242 0.00891339 0.00861719 0.0102581 0.0090968 0.0177639 0.00990959 0.0308148 0.00972338 0.0207846 0.00897411 0.0129456 
0.00939026 0.013572 0.00858779 0.0218925 0.00849201 0.0132674 0.0244206 0.00779587 0.0218671 0.00676605 0.00901997 0.00361383 0.00356501 0.00352447 0.00354126 0.0035162 0 0.00345701 0.00352693 0.00356244 0.00397392 0.00415309 0.559598 0.0828928 0.0592985 0.0061709 0.0122736 0.00672604 0.0074027 0.00858504 0.0191021 0.00828177 0.0221149 0.00855187 0.00831513 0.010804 0.00886029 0.0306498 0.0090313 0.0182702 0.00853835 0.008644 0.0196239 0.0178155 0.0347523 0.00917083 0.0246029 0.00875396 0.00870843 0.00839966 0.00878366 0.00853605 0.0113576 0.00888192 0.0230706 0.00898377 0.0279265 0.00872409 0.0115088 0.00866135 
0.0112174 0.00874679 0.0228124 0.00872338 0.00932373 0.0262224 0.0081599 0.0240783 0.00755014 0.0103741 0.00666858 0.00398026 0.00354289 0.00360262 0.00353148 0.00353655 0.00345701 0 0.0035219 0.0035301 0.00384007 0.547309 0.0853651 0.0482168 0.00477081 0.00890175 0.00679372 0.00764812 0.00718565 0.0146346 0.00826246 0.0220065 0.00855285 0.00885901 0.00857326 0.00858847 0.0129639 0.00952554 0.0196215 0.00891199 0.0102773 0.0166417 0.0109421 0.0165398 0.0095066 0.0186667 0.00925877 0.00953341 0.00871551 0.00882219 0.00859958 0.00949612 0.00870231 0.0145438 0.00918199 0.0147563 0.00880726 0.0138578 0.00860099 0.0111648 
0.0103059 0.0123889 0.00959176 0.0103493 0.00863078 0.0106019 0.0221855 0.00839031 0.00865236 0.00789659 0.00755754 0.00402254 0.00390228 0.00353389 0.00356098 0.00362877 0.00352693 0.0035219 0 0.00383976 0.0268743 0.167871 0.0105189 0.0041599 0.00515471 0.00562262 0.0071627 0.00602172 0.00765629 0.0108948 0.0163934 0.00879459 0.00884662 0.00880478 0.00812468 0.0105887 0.0113011 0.00983145 0.00910966 0.0108164 0.00898811 0.019797 0.0117425 0.00912116 0.0109609 0.00884534 0.00927745 0.00893989 0.00872975 0.00928852 0.0093775 0.00859359 0.00979471 0.00875145 0.00943759 0.00868288 0.00921072 0.00867706 0.00966479 0.00869681 
0.0207058 0.00964541 0.00898886 0.00870993 0.00926258 0.0287869 0.00952691 0.00859176 0.00821284 0.00811502 0.00792898 0.00749037 0.00397594 0.00363235 0.0038731 0.00358792 0.00356244 0.0035301 0.00383976 0 0.756472 0.0059328 0.00380533 0.00373956 0.00408585 0.00481304 0.00508691 0.00582146 0.0107145 0.0248925 0.00870369 0.00859343 0.00827241 0.00836491 0.00858523 0.0150575 0.0107642 0.00951131 0.00896679 0.00958392 0.00951436 0.0239955 0.00886202 0.00929862 0.00882596 0.00893137 0.00863827 0.00864572 0.00921366 0.0138979 0.00948768 0.00905125 0.0088317 0.00931124 0.00900775 0.00928779 0.0088352 0.00900484 0.00886617 0.0095771 
0.0170743 0.0109005 0.0087973 0.0138265 0.0132626 0.0114472 0.0142039 0.00815378 0.0128972 0.00813436 0.0380673 0.00714754 0.00545026 0.00494433 0.00446952 0.00380177 0.00397392 0.00384007 0.0268743 0.756472 0 0.00418787 0.00353481 0.00362954 0.0036743 0.00382375 0.00777039 0.00503309 0.00990085 0.00965413 0.013283 0.00801355 0.0118475 0.00947213 0.0268928 0.0133772 0.00913514 0.015025 0.00867219 0.0167952 0.0138027 0.00958086 0.00948446 0.0087616 0.0102882 0.00884221 0.0113812 0.00881553 0.0608277 0.00981586 0.00955675 0.00890721 0.0101282 0.0090526 0.0109103 0.00897778 0.0118368 0.00876865 0.0150348 0.0155657 
0.0104518 0.0126659 0.0195357 0.00913471 0.0115114 0.0161232 0.00884295 0.0156127 0.00826969 0.0378577 0.0083399 0.00676891 0.00659331 0.00681567 0.00505623 0.00566516 0.00415309 0.547309 0.167871 0.0059328 0.00418787 0 0.00373335 0.00355363 0.00354358 0.00389047 0.00369224 0.00650553 0.00676503 0.0113168 0.00833413 0.0276288 0.00841759 0.0272799 0.0106095 0.00901357 0.0168708 0.00895235 0.0203719 0.0091289 0.0195414 0.0107212 0.00889526 0.0113863 0.00981989 0.0147019 0.00908911 0.054952 0.00982349 0.00994936 0.00932895 0.00935136 0.00891666 0.0121959 0.0093026 0.0161914 0.0090697 0.0168754 0.00973145 0.0138796 
0.0101775 0.0115553 0.0115494 0.0105719 0.0087735 0.0106261 0.0124346 0.0097612 0.0276374 0.00866723 0.0149576 0.00867757 0.00638552 0.0105534 0.0161694 0.00528922 0.559598 0.0853651 0.0105189 0.00380533 0.00353481 0.00373335 0 0.00354411 0.0035654 0.00354971 0.00396525 0.0036303 0.00601713 0.0104953 0.0142059 0.0110285 0.0169705 0.0114821 0.0162602 0.0103949 0.00998092 0.0201299 0.00993042 0.01638 0.0091813 0.00938834 0.0104387 0.0100566 0.0176179 0.0100888 0.058599 0.00908864 0.00893772 0.00917613 0.00912689 0.00934791 0.0121686 0.0103919 0.0183236 0.0101341 0.0179519 0.0106116 0.0112012 0.00954907 
0.0100969 0.0104219 0.0145677 0.00954533 0.00900577 0.0108542 0.0101033 0.0231805 0.0093467 0.0148976 0.00833393 0.00719371 0.00807948 0.00869628 0.0124019 0.516826 0.0828928 0.0482168 0.0041599 0.00373956 0.00362954 0.00355363 0.00354411 0 0.00355885 0.00352492 0.00357359 0.00354752 0.00561156 0.00931923 0.00920312 0.0163183 0.0112745 0.0786909 0.00940612 0.00887765 0.0148063 0.0118143 0.0186674 0.00955456 0.00970592 0.00985071 0.00890485 0.0140564 0.0112036 0.0491246 0.011154 0.00977927 0.00886914 0.00912214 0.00890309 0.00978012 0.0099703 0.0159933 0.0114497 0.0179852 0.0118878 0.0152695 0.00966334 0.0119501 
0.0106488 0.0142688 0.0104428 0.0169215 0.00884504 0.0105597 0.0204441 0.0092644 0.0220419 0.0086697 0.00944652 0.00952634 0.00992729 0.0186771 0.252782 0.123079 0.0592985 0.00477081 0.00515471 0.00408585 0.0036743 0.00354358 0.0035654 0.00355885 0 0.00352256 0.00368254 0.00353497 0.00547236 0.00839621 0.0182817 0.00941108 0.103883 0.00887807 0.00813392 0.0109044 0.00951508 0.0263818 0.00991647 0.0148589 0.00891419 0.00913189 0.0126169 0.00995761 0.0457517 0.0101595 0.0194182 0.00929927 0.00940766 0.00968761 0.009944 0.0101013 0.0160994 0.0107671 0.021618 0.0122212 0.0221661 0.00983593 0.0136123 0.00938766 
0.0100665 0.00920203 0.0536509 0.00890681 0.0113453 0.0159798 0.00893854 0.0408415 0.00854648 0.0201745 0.00856397 0.00771025 0.0166284 0.152055 0.303957 0.0764025 0.0061709 0.00890175 0.00562262 0.00481304 0.00382375 0.00389047 0.00354971 0.00352492 0.00352256 0 0.00351845 0.00358699 0.0060052 0.018357 0.00848085 0.180314 0.00864092 0.0101845 0.00814512 0.0085637 0.0178312 0.00905112 0.0353325 0.00894445 0.0153739 0.0120049 0.00870587 0.0313867 0.00988182 0.025617 0.0099771 0.0121037 0.00946177 0.00996085 0.00919505 0.0132084 0.0097753 0.024589 0.0108835 0.0301071 0.00960973 0.0329574 0.00910356 0.0161014 
0.011045 0.0231958 0.00881847 0.0274974 0.00872972 0.00993545 0.0596271 0.00869513 0.0208297 0.00860738 0.0152258 0.022567 0.155455 0.427317 0.092696 0.00742817 0.0122736 0.00679372 0.0071627 0.00508691 0.00777039 0.00369224 0.00396525 0.00357359 0.00368254 0.00351845 0 0.0035544 0.0120313 0.00896368 0.243212 0.00817064 0.0141785 0.00924267 0.00757933 0.0148317 0.00985581 0.0250179 0.00873184 0.0424711 0.0087697 0.00968253 0.0272128 0.00933869 0.0183909 0.00904683 0.0158034 0.00911556 0.00990472 0.0109342 0.0111032 0.00924683 0.0120363 0.009418 0.0177257 0.00906181 0.0175077 0.0090211 0.0210903 0.00907591 
0.0206062 0.0094768 0.0116504 0.00856641 0.0146706 0.0683729 0.00916138 0.0146703 0.00865464 0.0122344 0.00879005 0.161373 0.27846 0.037491 0.00821884 0.00965472 0.00672604 0.00764812 0.00602172 0.00582146 0.00503309 0.00650553 0.0036303 0.00354752 0.00353497 0.00358699 0.0035544 0 0.0193951 0.216758 0.00820431 0.0142579 0.00758306 0.011371 0.00760308 0.012418 0.0180292 0.008782 0.0147792 0.00874371 0.0219062 0.0438028 0.00879582 0.0103613 0.00895564 0.0101677 0.0086224 0.0096419 0.0104995 0.0194281 0.0101131 0.00990211 0.00920045 0.011216 0.00939569 0.0115887 0.00903635 0.0110964 0.00878037 0.0167094 
0.0124126 0.0089806 0.00915604 0.0093185 0.0156285 0.0230295 0.00984742 0.0102557 0.00882767 0.00971942 0.0141053 0.016535 0.00852811 0.0078185 0.00808312 0.0076417 0.0074027 0.00718565 0.00765629 0.0107145 0.00990085 0.00676503 0.00601713 0.00561156 0.00547236 0.0060052 0.0120313 0.0193951 0 0.032574 0.00444798 0.00446706 0.00415946 0.00469284 0.00613589 0.00898896 0.00851218 0.00766613 0.00856616 0.00904286 0.024566 0.0185319 0.00859294 0.00838382 0.00901896 0.00858183 0.0088619 0.00908617 0.0211423 0.0159514 0.00968616 0.0089092 0.00871089 0.00917001 0.00893137 0.00933204 0.00911814 0.00988606 0.00986413 0.0193576 
0.0167242 0.00964715 0.0152745 0.00956026 0.0479402 0.0373442 0.00906682 0.0233842 0.0087922 0.0340885 0.0153731 0.0142202 0.0104465 0.0100617 0.00921508 0.0114146 0.00858504 0.0146346 0.0108948 0.0248925 0.00965413 0.0113168 0.0104953 0.00931923 0.00839621 0.018357 0.00896368 0.216758 0.032574 0 0.00358487 0.00389037 0.00356928 0.00380567 0.00486507 0.00612775 0.00934695 0.00745599 0.0166018 0.0112655 0.987362 0.0164956 0.00844108 0.0116741 0.00898773 0.0155562 0.00883129 0.026615 0.0289883 0.0184554 0.0109625 0.0118261 0.00978797 0.0148436 0.0100404 0.0184753 0.00964331 0.0209177 0.0109982 0.0558253 
0.0108421 0.020224 0.00877438 0.0385518 0.00872003 0.00899191 0.0603083 0.0087061 0.0566653 0.00878023 0.0172675 0.00989604 0.0105945 0.00957435 0.0178885 0.00844258 0.0191021 0.00826246 0.0163934 0.00870369 0.013283 0.00833413 0.0142059 0.00920312 0.0182817 0.00848085 0.243212 0.00820431 0.00444798 0.00358487 0 0.00353447 0.00357562 0.00391749 0.00358368 0.00646538 0.006658 0.0126495 0.00787093 0.995441 0.00795739 0.00804662 0.0221187 0.00855011 0.0222609 0.00839028 0.0310156 0.00935219 0.0105539 0.00998332 0.0110398 0.00915892 0.0168187 0.00928979 0.0249808 0.00923484 0.0319627 0.00885064 0.0508167 0.00928397 
0.00997837 0.00890519 0.0760697 0.00878255 0.0105199 0.0197254 0.0086598 0.118938 0.00875702 0.0305523 0.00863085 0.00907656 0.0101954 0.0165921 0.0107737 0.0222294 0.00828177 0.0220065 0.00879459 0.00859343 0.00801355 0.0276288 0.0110285 0.0163183 0.00941108 0.180314 0.00817064 0.0142579 0.00446706 0.00389037 0.00353447 0 0.00360314 0.00353023 0.00357697 0.00431518 0.0103649 0.00774254 0.993898 0.00738781 0.0107868 0.0126967 0.00809228 0.0155467 0.0085844 0.0387359 0.00864061 0.0151491 0.0095366 0.0105445 0.0094496 0.0149642 0.00914645 0.0293247 0.00953763 0.0482184 0.00907619 0.0801993 0.00886812 0.0213255 
0.00956764 0.0179551 0.00913085 0.0200406 0.00851722 0.00858411 0.0325239 0.0090453 0.0420336 0.00866444 0.0103468 0.00930302 0.00969636 0.0120382 0.0234671 0.00857875 0.0221149 0.00855285 0.00884662 0.00827241 0.0118475 0.00841759 0.0169705 0.0112745 0.103883 0.00864092 0.0141785 0.00758306 0.00415946 0.00356928 0.00357562 0.00360314 0 0.00351657 0.00353211 0.00517318 0.0069887 0.97953 0.00790843 0.00873633 0.00667261 0.00761138 0.0104804 0.00877035 0.0252882 0.00868015 0.0252787 0.00870078 0.00884781 0.00897808 0.00954395 0.00920892 0.019045 0.00934921 0.0302709 0.00928386 0.0634447 0.00910642 0.0174591 0.00954403 
0.0100639 0.00933389 0.00995811 0.00929892 0.0088421 0.0124119 0.00949707 0.0115343 0.00912978 0.0123896 0.00883065 0.00998311 0.0195317 0.0125964 0.0098108 0.0144826 0.00855187 0.00885901 0.00880478 0.00836491 0.00947213 0.0272799 0.0114821 0.0786909 0.00887807 0.0101845 0.00924267 0.011371 0.00469284 0.00380567 0.00391749 0.00353023 0.00351657 0 0.00354075 0.00453457 0.969505 0.0107488 0.00663869 0.00624998 0.00627041 0.00901245 0.00846674 0.0138456 0.00873893 0.0129207 0.00865945 0.0111137 0.00981836 0.0105055 0.00932765 0.00942236 0.00903699 0.0118801 0.00932805 0.0239448 0.00904796 0.010904 0.0100182 0.0135679 
0.0112766 0.00901187 0.00871718 0.00855774 0.00898072 0.0138416 0.00939714 0.00903743 0.00881579 0.00897261 0.00878988 0.0133389 0.00876987 0.00946158 0.0119864 0.00870454 0.00831513 0.00857326 0.00812468 0.00858523 0.0268928 0.0106095 0.0162602 0.00940612 0.00813392 0.00814512 0.00757933 0.00760308 0.00613589 0.00486507 0.00358368 0.00357697 0.00353211 0.00354075 0 0.97177 0.00990139 0.0042461 0.0041778 0.00485007 0.00544041 0.00924856 0.00789013 0.00813981 0.00816191 0.00835219 0.00824439 0.0122555 0.00922897 0.013091 0.00990145 0.00887901 0.00950227 0.00948738 0.010853 0.00941589 0.00919356 0.00948956 0.00913975 0.0127829 
0.0103941 0.0100996 0.00858675 0.0115409 0.0124424 0.0103189 0.0147671 0.00880663 0.0150289 0.00861487 0.136057 0.0104676 0.00897193 0.00905024 0.0100006 0.00891711 0.010804 0.00858847 0.0105887 0.0150575 0.0133772 0.00901357 0.0103949 0.00887765 0.0109044 0.0085637 0.0148317 0.012418 0.00898896 0.00612775 0.00646538 0.00431518 0.00517318 0.00453457 0.97177 0 0.00361728 0.00366041 0.00358853 0.00413205 0.00449755 0.00606383 0.00757408 0.00730962 0.00918573 0.00790936 0.111933 0.0123052 0.0511318 0.0110057 0.00957718 0.00913331 0.0112157 0.00958898 0.0132698 0.0091404 0.0145611 0.00912914 0.0211321 0.0159999 
0.00919828 0.00903415 0.0181125 0.00904566 0.0204231 0.0171436 0.0089617 0.0257632 0.00883048 0.20057 0.00924757 0.00969803 0.0113821 0.0127677 0.0101215 0.019533 0.00886029 0.0129639 0.0113011 0.0107642 0.00913514 0.0168708 0.00998092 0.0148063 0.00951508 0.0178312 0.00985581 0.0180292 0.00851218 0.00934695 0.006658 0.0103649 0.0069887 0.969505 0.00990139 0.00361728 0 0.0035471 0.00357485 0.00373527 0.00423846 0.00735858 0.00743896 0.0104186 0.00812885 0.129642 0.00946897 0.0516838 0.0122893 0.0114679 0.00987256 0.0109729 0.00968876 0.0215633 0.00945501 0.0278363 0.00919353 0.031088 0.0107698 0.0256439 
0.00991834 0.0174669 0.00940884 0.0464625 0.00878632 0.00903406 0.0424441 0.00901732 0.312626 0.00877328 0.0135867 0.00999646 0.0110056 0.0158077 0.0529456 0.00916373 0.0306498 0.00952554 0.00983145 0.00951131 0.015025 0.00895235 0.0201299 0.0118143 0.0263818 0.00905112 0.0250179 0.008782 0.00766613 0.00745599 0.0126495 0.00774254 0.97953 0.0107488 0.0042461 0.00366041 0.0035471 0 0.00354819 0.00363845 0.00356694 0.00604027 0.0106973 0.0076926 0.131412 0.00783914 0.0636211 0.00836818 0.0112446 0.00972643 0.0112157 0.00991633 0.0232834 0.0096805 0.0397838 0.00977904 0.0603575 0.00944792 0.0324548 0.0107498 
0.00944906 0.00895576 0.0684536 0.00881295 0.01056 0.0174361 0.00869886 0.362547 0.00904191 0.0321652 0.00864456 0.00900511 0.0146102 0.0351524 0.0117111 0.0388197 0.0090313 0.0196215 0.00910966 0.00896679 0.00867219 0.0203719 0.00993042 0.0186674 0.00991647 0.0353325 0.00873184 0.0147792 0.00856616 0.0166018 0.00787093 0.993898 0.00790843 0.00663869 0.0041778 0.00358853 0.00357485 0.00354819 0 0.0035595 0.00377381 0.00986687 0.00683394 0.136084 0.007473 0.0679939 0.00865203 0.0247323 0.00964012 0.0100813 0.00962027 0.0166181 0.00920308 0.0313471 0.00988084 0.0657882 0.00960274 0.0760181 0.00896322 0.0350118 
0.0106797 0.0252625 0.0090812 0.0242142 0.00868679 0.00938779 0.202502 0.00885553 0.0365542 0.00873023 0.0134478 0.01099 0.0111759 0.0111108 0.0243067 0.00897146 0.0182702 0.00891199 0.0108164 0.00958392 0.0167952 0.0091289 0.01638 0.00955456 0.0148589 0.00894445 0.0424711 0.00874371 0.00904286 0.0112655 0.995441 0.00738781 0.00873633 0.00624998 0.00485007 0.00413205 0.00373527 0.00363845 0.0035595 0 0.00354879 0.00567513 0.117021 0.00691783 0.0443805 0.00851189 0.0224492 0.00760744 0.00933965 0.0107458 0.0116213 0.00942917 0.0151718 0.009584 0.025821 0.00939691 0.0332814 0.0093261 0.0584794 0.0124476 
0.0151225 0.00902735 0.0121726 0.00851174 0.0138134 0.15067 0.00895615 0.0185738 0.00860622 0.015324 0.00865875 0.0143873 0.00946433 0.00978756 0.00902378 0.0135392 0.00853835 0.0102773 0.00898811 0.00951436 0.0138027 0.0195414 0.0091813 0.00970592 0.00891419 0.0153739 0.0087697 0.0219062 0.024566 0.987362 0.00795739 0.0107868 0.00667261 0.00627041 0.00544041 0.00449755 0.00423846 0.00356694 0.00377381 0.00354879 0 0.149691 0.0068463 0.0511384 0.00619699 0.00839167 0.00670676 0.00851829 0.0101456 0.020372 0.0106201 0.0105194 0.00915426 0.0151239 0.00963032 0.0171003 0.00941809 0.0220867 0.00995726 0.0437551 
0.0090601 0.00849123 0.00992859 0.00855569 0.0244266 0.0138276 0.00839341 0.0126976 0.00862611 0.0143135 0.0101703 0.0102355 0.00910881 0.00997042 0.00958354 0.0107118 0.008644 0.0166417 0.019797 0.0239955 0.00958086 0.0107212 0.00938834 0.00985071 0.00913189 0.0120049 0.00968253 0.0438028 0.0185319 0.0164956 0.00804662 0.0126967 0.00761138 0.00901245 0.00924856 0.00606383 0.00735858 0.00604027 0.00986687 0.00567513 0.149691 0 0.00356257 0.00360258 0.00355476 0.00375567 0.00375045 0.00441914 0.00874052 0.00923393 0.00762055 0.00936758 0.00816908 0.0102208 0.00869411 0.113694 0.0302203 0.490581 0.0129001 0.0839697 
0.00821456 0.0103906 0.00832502 0.013877 0.00832913 0.00825069 0.0124616 0.008507 0.0148052 0.00856222 0.0110998 0.00858655 0.00947537 0.0103272 0.0147202 0.0089173 0.0196239 0.0109421 0.0117425 0.00886202 0.00948446 0.00889526 0.0104387 0.00890485 0.0126169 0.00870587 0.0272128 0.00879582 0.00859294 0.00844108 0.0221187 0.00809228 0.0104804 0.00846674 0.00789013 0.00757408 0.00743896 0.0106973 0.00683394 0.117021 0.0068463 0.00356257 0 0.00353164 0.00353026 0.00351102 0.00351678 0.00366889 0.00378084 0.00693111 0.00726685 0.00711225 0.00980878 0.00772854 0.0990973 0.0349794 0.609679 0.0125079 0.0674098 0.00874103 
0.00849376 0.0088263 0.0275941 0.00877048 0.00887844 0.00966775 0.00873372 0.040686 0.0099364 0.0135503 0.00863726 0.00910612 0.0100985 0.0211683 0.0152602 0.0258486 0.0178155 0.0165398 0.00912116 0.00929862 0.0087616 0.0113863 0.0100566 0.0140564 0.00995761 0.0313867 0.00933869 0.0103613 0.00838382 0.0116741 0.00855011 0.0155467 0.00877035 0.0138456 0.00813981 0.00730962 0.0104186 0.0076926 0.136084 0.00691783 0.0511384 0.00360258 0.00353164 0 0.00351381 0.00354478 0.00355775 0.00355684 0.00376651 0.00705689 0.00695454 0.0109269 0.00751838 0.112469 0.0586186 0.632126 0.0124692 0.0583969 0.00866398 0.027354 
0.00836729 0.0129789 0.00946085 0.0133028 0.00870956 0.00857663 0.0162368 0.0098589 0.0266717 0.00912681 0.0110166 0.00954373 0.0114523 0.0167548 0.0458697 0.0225831 0.0347523 0.0095066 0.0109609 0.00882596 0.0102882 0.00981989 0.0176179 0.0112036 0.0457517 0.00988182 0.0183909 0.00895564 0.00901896 0.00898773 0.0222609 0.0085844 0.0252882 0.00873893 0.00816191 0.00918573 0.00812885 0.131412 0.007473 0.0443805 0.00619699 0.00355476 0.00353026 0.00351381 0 0.00352913 0.00353466 0.0035287 0.00369471 0.00687888 0.00997817 0.00721096 0.107841 0.0620339 0.664641 0.0160846 0.0394403 0.008156 0.020852 0.0101681 
0.00888171 0.00892422 0.0216037 0.00986692 0.00948842 0.0125214 0.00871095 0.0538963 0.00903141 0.0192421 0.00849173 0.00922633 0.0110723 0.0294528 0.0368632 0.0520811 0.00917083 0.0186667 0.00884534 0.00893137 0.00884221 0.0147019 0.0100888 0.0491246 0.0101595 0.025617 0.00904683 0.0101677 0.00858183 0.0155562 0.00839028 0.0387359 0.00868015 0.0129207 0.00835219 0.00790936 0.129642 0.00783914 0.0679939 0.00851189 0.00839167 0.00375567 0.00351102 0.00354478 0.00352913 0 0.00351788 0.00353729 0.00353926 0.0095162 0.00705832 0.156685 0.0478827 0.650286 0.0135105 0.0383797 0.00822257 0.0314455 0.00834755 0.0198592 
0.00844559 0.0130683 0.00993758 0.0126773 0.00850366 0.00857764 0.0228424 0.00908078 0.0374399 0.00868107 0.00973182 0.00912593 0.0152975 0.0222097 0.0663726 0.00975666 0.0246029 0.00925877 0.00927745 0.00863827 0.0113812 0.00908911 0.058599 0.011154 0.0194182 0.0099771 0.0158034 0.0086224 0.0088619 0.00883129 0.0310156 0.00864061 0.0252787 0.00865945 0.00824439 0.111933 0.00946897 0.0636211 0.00865203 0.0224492 0.00670676 0.00375045 0.00351678 0.00355775 0.00353466 0.00351788 0 0.00352068 0.00353796 0.00645477 0.149379 0.0962715 0.693737 0.0092503 0.0432154 0.00787223 0.0408799 0.00802632 0.0244978 0.00889083 
0.00943664 0.0087345 0.0100966 0.00852022 0.00873264 0.0110821 0.00847819 0.0139291 0.00859599 0.0119875 0.00835284 0.0125249 0.0104001 0.0150129 0.00977541 0.0132372 0.00875396 0.00953341 0.00893989 0.00864572 0.00881553 0.054952 0.00908864 0.00977927 0.00929927 0.0121037 0.00911556 0.0096419 0.00908617 0.026615 0.00935219 0.0151491 0.00870078 0.0111137 0.0122555 0.0123052 0.0516838 0.00836818 0.0247323 0.00760744 0.00851829 0.00441914 0.00366889 0.00355684 0.0035287 0.00353729 0.00352068 0 0.00353357 0.122168 0.186168 0.34211 0.00930631 0.0145938 0.00838757 0.014051 0.00784259 0.0133545 0.00920598 0.0158493 
0.0123008 0.00942175 0.00881317 0.00863259 0.00929885 0.0174508 0.0103913 0.00908612 0.00912825 0.00879258 0.00910985 0.0188699 0.0112181 0.009096 0.0101001 0.00872242 0.00870843 0.00871551 0.00872975 0.00921366 0.0608277 0.00982349 0.00893772 0.00886914 0.00940766 0.00946177 0.00990472 0.0104995 0.0211423 0.0289883 0.0105539 0.0095366 0.00884781 0.00981836 0.00922897 0.0511318 0.0122893 0.0112446 0.00964012 0.00933965 0.0101456 0.00874052 0.00378084 0.00376651 0.00369471 0.00353926 0.00353796 0.00353357 0 0.582416 0.0984039 0.00903846 0.00880987 0.00835708 0.0150621 0.0100507 0.0119747 0.00906111 0.0103931 0.0195732 
0.00990593 0.00865992 0.00885082 0.00915095 0.0131169 0.0125985 0.00973441 0.00926598 0.00929742 0.00920011 0.0115863 0.0091875 0.00848132 0.00876138 0.00876458 0.00891339 0.00839966 0.00882219 0.00928852 0.0138979 0.00981586 0.00994936 0.00917613 0.00912214 0.00968761 0.00996085 0.0109342 0.0194281 0.0159514 0.0184554 0.00998332 0.0105445 0.00897808 0.0105055 0.013091 0.0110057 0.0114679 0.00972643 0.0100813 0.0107458 0.020372 0.00923393 0.00693111 0.00705689 0.00687888 0.0095162 0.00645477 0.122168 0.582416 0 0.00406378 0.00374104 0.00373304 0.0039074 0.00458342 0.00506683 0.00690229 0.00774596 0.00941514 0.0207166 
0.00872647 0.00855145 0.00859267 0.00903554 0.00904636 0.0101965 0.00964886 0.00883375 0.00962392 0.0087257 0.00896991 0.00877157 0.00853451 0.00891082 0.00942991 0.00861719 0.00878366 0.00859958 0.0093775 0.00948768 0.00955675 0.00932895 0.00912689 0.00890309 0.009944 0.00919505 0.0111032 0.0101131 0.00968616 0.0109625 0.0110398 0.0094496 0.00954395 0.00932765 0.00990145 0.00957718 0.00987256 0.0112157 0.00962027 0.0116213 0.0106201 0.00762055 0.00726685 0.00695454 0.00997817 0.00705832 0.149379 0.186168 0.0984039 0.00406378 0 0.00535526 0.00367113 0.00369701 0.00380411 0.0042104 0.00507856 0.00640001 0.00975714 0.0111241 
0.00861772 0.00869149 0.0100516 0.00862367 0.00873698 0.0102101 0.00921936 0.0120369 0.00938682 0.00897391 0.00840397 0.00848556 0.00860203 0.0105866 0.00986417 0.0102581 0.00853605 0.00949612 0.00859359 0.00905125 0.00890721 0.00935136 0.00934791 0.00978012 0.0101013 0.0132084 0.00924683 0.00990211 0.0089092 0.0118261 0.00915892 0.0149642 0.00920892 0.00942236 0.00887901 0.00913331 0.0109729 0.00991633 0.0166181 0.00942917 0.0105194 0.00936758 0.00711225 0.0109269 0.00721096 0.156685 0.0962715 0.34211 0.00903846 0.00374104 0.00535526 0 0.00358105 0.00367304 0.00370217 0.00379004 0.00397194 0.00572425 0.00581908 0.00745166 
0.00885718 0.0102817 0.00895871 0.0104624 0.00840109 0.00934822 0.012289 0.0090219 0.0153253 0.00853427 0.00913388 0.0087165 0.0092707 0.0118215 0.0177218 0.0090968 0.0113576 0.00870231 0.00979471 0.0088317 0.0101282 0.00891666 0.0121686 0.0099703 0.0160994 0.0097753 0.0120363 0.00920045 0.00871089 0.00978797 0.0168187 0.00914645 0.019045 0.00903699 0.00950227 0.0112157 0.00968876 0.0232834 0.00920308 0.0151718 0.00915426 0.00816908 0.00980878 0.00751838 0.107841 0.0478827 0.693737 0.00930631 0.00880987 0.00373304 0.00367113 0.00358105 0 0.00356052 0.00364722 0.00368282 0.00389124 0.00388373 0.00486656 0.00684747 
0.00881277 0.00900037 0.0154256 0.00859667 0.00920289 0.011751 0.0090778 0.0233162 0.00928196 0.0115704 0.00842855 0.00897632 0.0105189 0.017105 0.0128702 0.0177639 0.00888192 0.0145438 0.00875145 0.00931124 0.0090526 0.0121959 0.0103919 0.0159933 0.0107671 0.024589 0.009418 0.011216 0.00917001 0.0148436 0.00928979 0.0293247 0.00934921 0.0118801 0.00948738 0.00958898 0.0215633 0.0096805 0.0313471 0.009584 0.0151239 0.0102208 0.00772854 0.112469 0.0620339 0.650286 0.0092503 0.0145938 0.00835708 0.0039074 0.00369701 0.00367304 0.00356052 0 0.00358591 0.00364229 0.00369958 0.00388655 0.0039622 0.0066891 
0.00907561 0.0116274 0.0094707 0.0118243 0.00869627 0.00956439 0.0167698 0.00919163 0.0233873 0.00881957 0.0159469 0.00909991 0.0104298 0.0151486 0.0335778 0.00990959 0.0230706 0.00918199 0.00943759 0.00900775 0.0109103 0.0093026 0.0183236 0.0114497 0.021618 0.0108835 0.0177257 0.00939569 0.00893137 0.0100404 0.0249808 0.00953763 0.0302709 0.00932805 0.010853 0.0132698 0.00945501 0.0397838 0.00988084 0.025821 0.00963032 0.00869411 0.0990973 0.0586186 0.664641 0.0135105 0.0432154 0.00838757 0.0150621 0.00458342 0.00380411 0.00370217 0.00364722 0.00358591 0 0.00359667 0.00362869 0.00366629 0.00378524 0.00496558 
0.00923609 0.00894097 0.0208032 0.008782 0.00985863 0.012327 0.00867172 0.0342285 0.0090705 0.0324378 0.00864456 0.00901293 0.0107226 0.0245005 0.0130828 0.0308148 0.00898377 0.0147563 0.00868288 0.00928779 0.00897778 0.0161914 0.0101341 0.0179852 0.0122212 0.0301071 0.00906181 0.0115887 0.00933204 0.0184753 0.00923484 0.0482184 0.00928386 0.0239448 0.00941589 0.0091404 0.0278363 0.00977904 0.0657882 0.00939691 0.0171003 0.113694 0.0349794 0.632126 0.0160846 0.0383797 0.00787223 0.014051 0.0100507 0.00506683 0.0042104 0.00379004 0.00368282 0.00364229 0.00359667 0 0.00357339 0.0037254 0.00375485 0.00494598 
0.00928557 0.0120272 0.00910622 0.0158092 0.00852887 0.00903502 0.0192 0.00877205 0.0452712 0.00854842 0.0100696 0.00917617 0.0106785 0.013488 0.0423379 0.00972338 0.0279265 0.00880726 0.00921072 0.0088352 0.0118368 0.0090697 0.0179519 0.0118878 0.0221661 0.00960973 0.0175077 0.00903635 0.00911814 0.00964331 0.0319627 0.00907619 0.0634447 0.00904796 0.00919356 0.0145611 0.00919353 0.0603575 0.00960274 0.0332814 0.00941809 0.0302203 0.609679 0.0124692 0.0394403 0.00822257 0.0408799 0.00784259 0.0119747 0.00690229 0.00507856 0.00397194 0.00389124 0.00369958 0.00362869 0.00357339 0 0.00361378 0.00388755 0.00375496 
0.00931895 0.0086862 0.0230943 0.00861805 0.0100897 0.0138595 0.00858304 0.0470333 0.00883891 0.0150773 0.00834087 0.00899989 0.0101529 0.0224961 0.0114954 0.0207846 0.00872409 0.0138578 0.00867706 0.00900484 0.00876865 0.0168754 0.0106116 0.0152695 0.00983593 0.0329574 0.0090211 0.0110964 0.00988606 0.0209177 0.00885064 0.0801993 0.00910642 0.010904 0.00948956 0.00912914 0.031088 0.00944792 0.0760181 0.0093261 0.0220867 0.490581 0.0125079 0.0583969 0.008156 0.0314455 0.00802632 0.0133545 0.00906111 0.00774596 0.00640001 0.00572425 0.00388373 0.00388655 0.00366629 0.0037254 0.00361378 0 0.00360559 0.00383026 
0.0101932 0.0131068 0.00871839 0.0122576 0.00858198 0.00917268 0.0180819 0.00863275 0.0155656 0.0088445 0.00985215 0.00947837 0.0103749 0.0105237 0.0190946 0.00897411 0.0115088 0.00860099 0.00966479 0.00886617 0.0150348 0.00973145 0.0112012 0.00966334 0.0136123 0.00910356 0.0210903 0.00878037 0.00986413 0.0109982 0.0508167 0.00886812 0.0174591 0.0100182 0.00913975 0.0211321 0.0107698 0.0324548 0.00896322 0.0584794 0.00995726 0.0129001 0.0674098 0.00866398 0.020852 0.00834755 0.0244978 0.00920598 0.0103931 0.00941514 0.00975714 0.00581908 0.00486656 0.0039622 0.00378524 0.00375485 0.00388755 0.00360559 0 0.00374695 
0.0117259 0.00895742 0.0130989 0.00852856 0.011197 0.0226278 0.00868837 0.0145759 0.00867493 0.0111524 0.00869332 0.0121259 0.0106792 0.0143809 0.0101687 0.0129456 0.00866135 0.0111648 0.00869681 0.0095771 0.0155657 0.0138796 0.00954907 0.0119501 0.00938766 0.0161014 0.00907591 0.0167094 0.0193576 0.0558253 0.00928397 0.0213255 0.00954403 0.0135679 0.0127829 0.0159999 0.0256439 0.0107498 0.0350118 0.0124476 0.0437551 0.0839697 0.00874103 0.027354 0.0101681 0.0198592 0.00889083 0.0158493 0.0195732 0.0207166 0.0111241 0.00745166 0.00684747 0.0066891 0.00496558 0.00494598 0.00375496 0.00383026 0.00374695 0 
