1HNJA
MYTKIIGTGSYLPEQVRTNADLEKMVDTSDEWIVTRTGIRERHIAAPNETVSTMGFEAATRAIEMAGIEKDQIGLIVVATTSATHAFPSAACQIQSMLGIKGCPAFDVAAACAGFTYALSVADQYVKSGAVKYALVVGSDVLARTCDPTDRGTIIIFGDGAGAAVLAASEEPGIISTHLHADGSYGELLTLPNADRVNPENSIHLTMAGNEVFKVAVTELAHIVDETLAANNLDRSQLDWLVPHQANLRIISATAKKLGMSMDNVVVTLDRHGNTSAASVPCALDEAVRDGRIKPGQLVLLEAFGGGFTWGSALVRF
CEEEEEEEEEECCCEEEEHHHHHCCCCCCHHHHHHHHCCCEEEECCCCCCHHHHHHHHHHHHHHHHCCCHHHCCEEEEECCCCCCCCCCHHHHHHHHHCCCCCCEEEECCHHHHHHHHHHHHHHHHHCCCCCEEEEEEEECHHHHCCCCCHHHHCCECCEEEEEEEEEECCCCEEEEEEEECHHHHHHEECCCCCCCCCCCCCCCEECHHHHHHHHHHHHHHHHHHHHHHCCCCHHHCCEEEECCCCHHHHHHHHHHCCCCHHHECCCHHHHCECHHHHHHHHHHHHHHCCCCCCCCEEEEEEEECCCEEEEEEEEC
0 0 0 0 0 0 0 0 0 0 0 0 0 0 0 0 0 0 0 0 0 0 0 0 0 0 0 0 0 0 0 0 0 0 0 0 0 0 0 0 0 0 0 0 0 0 0 0 0 0 0 0 0 0 0 0 0 0 0 0 0 0 0 0 0 0 0 0 0 0 0 0 0 0 0 0 0 0 0 0 0 0 0 0 0 0 0 0 0 0 0 0 0 0 0 0 0 0 0 0 0 0 0 0 0 0 0 0 0 0 0 0 0 0 0 0 0 0 0 0 0 0 0 0 0 0 0 0 0 0 0 0 0 0 0 0 0 0 0 0 0 0 0 0 0 0 0 0 0 0 0 0 0 0 0 0 0 0 0 0 0 0 0 0 0 0 0 0 0 0 0 0 0 0 0 0 0 0 0 0 0 0 0 0 0 0 0 0 0 0 0 0 0 0 0 0 0 0 0 0 0 0 0 0 0 0 0 0 0 0 0 0 0 0 0 0 0 0 0 0 0 0 0 0 0 0 0 0 0 0 0 0 0 0 0 0 0 0 0 0 0 0 0 0 0 0 0 0 0 0 0 0 0 0 0 0 0 0 0 0 0 0 0 0 0 0 0 0 0 0 0 0 0 0 0 0 0 0 0 0 0 0 0 0 0 0 0 0 0 0 0 0 0 0 0 0 0 0 0 0 0 0 0 0 0 0 0 0 0 0 0 0 0 0 0 0 0 
0 0 0 0 0 0 0 0 0 0 0 0 0 0 0 0 0 0 0 0 0 0 0 0 0 0 0 0 0 0 0 0 0 0 0 0 0 0 0 0 0 0 0 0 0 0 0 0 0 0 0 0 0 0 0 0 0 0 0 0 0 0 0 0 0 0 0 0 0 0 0 0 0 0 0 0 0 0 0 0 0 0 0 0 0 0 0 0 0 0 0 0 0 0 0 0 0 0 0 0 0 0 0 0 0 0 0 0 0 0 0 0 0 0 0 0 0 0 0 0 0 0 0 0 0 0 0 0 0 0 0 0 0 0 0 0 0 0 0 0 0 0 0 0 0 0 0 0 0 0 0 0 0 0 0 0 0 0 0 0 0 0 0 0 0 0 0 0 0 0 0 0 0 0 0 0 0 0 0 0 0 0 0 0 0 0 0 0 0 0 0 0 0 0 0 0 0 0 0 0 0 0 0 0 0 0 0 0 0 0 0 0 0 0 0 0 0 0 0 0 0 0 0 0 0 0 0 0 0 0 0 0 0 0 0 0 0 0 0 0 0 0 0 0 0 0 0 0 0 0 0 0 0 0 0 0 0 0 0 0 0 0 0 0 0 0 0 0 0 0 0 0 0 0 0 0 0 0 0 0 0 0 0 0 0 0 0 0 0 0 0 0 0 0 0 0 0 0 0 0 0 0 0 0 0 0 0 0 0 0 0 0 0 0 0 0 0 
0 0.0039085 0.00380887 0.00359048 0.00371913 0.00371001 0.00389621 0.00416153 0.00619753 0.0150471 0.0100487 0.00779603 0.0089922 0.07964 0.020028 0.0103336 0.0147077 0.0217381 0.012686 0.0112904 0.0119291 0.0113215 0.0152288 0.00877379 0.00832753 0.00833721 0.0094534 0.00884559 0.00868235 0.0093449 0.0107255 0.00871059 0.00855365 0.00817013 0.00873471 0.00855505 0.00831209 0.00812201 0.00834724 0.00871919 0.00852239 0.0084477 0.00832627 0.00824383 0.00839212 0.00853152 0.00825526 0.00810402 0.00818116 0.00811683 0.00805191 0.00801057 0.00801126 0.0083436 0.00803773 0.00822767 0.00812556 0.00823322 0.00833993 0.00829837 0.00827503 0.00830964 0.00848077 0.00907854 0.00847124 0.00850825 0.00848644 0.00843945 0.00841891 0.008344 0.00836219 0.00884282 0.00845254 0.00844374 0.00827328 0.00840037 0.00853539 0.00854969 0.0086845 0.00941459 
0.0039085 0 0.00369559 0.0037372 0.00361279 0.00372249 0.00365285 0.0040469 0.00528892 0.00813812 0.00639221 0.00965501 0.0249407 0.00617715 0.0166119 0.0448495 0.0143892 0.0144047 0.0267045 0.0289288 0.0218166 0.0161705 0.011671 0.00941646 0.00866436 0.00837867 0.0105151 0.00913646 0.00969819 0.0103449 0.0103538 0.00962832 0.00906082 0.00863015 0.00825325 0.00830654 0.00825779 0.00849183 0.00852651 0.00951473 0.00942684 0.00912882 0.00873881 0.00851433 0.0083535 0.00826919 0.00826957 0.0083459 0.0083965 0.00845349 0.00829916 0.00829265 0.00814895 0.00810527 0.00826562 0.00821513 0.00807363 0.00820922 0.00839971 0.00840026 0.00833325 0.00824472 0.00896866 0.00826282 0.00851369 0.00849009 0.00861771 0.00861575 0.00853834 0.00848407 0.00838833 0.00838311 0.00828105 0.00846713 0.0084153 0.0084233 0.00853548 0.00860048 0.00887757 0.00858512 
0.00380887 0.00369559 0 0.00361267 0.00362523 0.00362331 0.00367847 0.00446224 0.00409098 0.00404061 0.00648637 0.0139052 0.00642849 0.00883773 0.0165078 0.0111231 0.0249329 0.0102456 0.0124488 0.0267912 0.037176 0.0176424 0.00990747 0.00835988 0.00887316 0.00997249 0.00814301 0.00925265 0.00926428 0.0138874 0.0149619 0.0112294 0.00973806 0.0085831 0.0083577 0.00826711 0.00835932 0.00858268 0.00913148 0.0112079 0.0118741 0.0109424 0.00927725 0.00881266 0.00851161 0.00808805 0.00830839 0.00853558 0.00862605 0.00846008 0.00841396 0.00832919 0.00821612 0.00805444 0.00814586 0.00813646 0.00810882 0.00812943 0.00840333 0.00857567 0.00838432 0.00820723 0.00829607 0.00826118 0.00854271 0.00871877 0.00876403 0.00871354 0.00870835 0.00859066 0.00844303 0.00834593 0.00869321 0.00848925 0.00844097 0.00857436 0.00867122 0.0088596 0.00872367 0.00919599 
0.00359048 0.0037372 0.00361267 0 0.00361466 0.00364453 0.00354641 0.00408121 0.00361485 0.00385152 0.00791332 0.00680537 0.0105652 0.0058382 0.0109637 0.033755 0.0108086 0.0109695 0.0159457 0.0231826 0.0490169 0.0152606 0.0102365 0.00880808 0.00889369 0.00846096 0.0105109 0.00881779 0.0102044 0.0134762 0.0159824 0.0119961 0.010351 0.00897359 0.00839206 0.0082491 0.0081808 0.00863436 0.00943415 0.00976891 0.0101371 0.0101796 0.00944997 0.00896967 0.00831631 0.00815667 0.00832 0.00841678 0.00875247 0.00850835 0.0086295 0.00837258 0.00821335 0.00806241 0.00838581 0.00815601 0.00803059 0.00820707 0.00848053 0.00853716 0.008466 0.00828312 0.00867412 0.00824975 0.00852986 0.00875356 0.00887608 0.00877178 0.0087286 0.00867311 0.00850225 0.00834234 0.00832011 0.00856428 0.00854422 0.00858602 0.00876209 0.00883575 0.00893935 0.00867992 
0.00371913 0.00361279 0.00362523 0.00361466 0 0.00363998 0.00354762 0.00356292 0.00355109 0.00390653 0.0048557 0.00715043 0.00562907 0.00707332 0.0124361 0.00998069 0.0153101 0.0098108 0.0113887 0.0238258 0.0447004 0.0232278 0.00993069 0.0084709 0.00875773 0.00919999 0.00828819 0.00881601 0.00928128 0.0147787 0.0162468 0.0120563 0.0104873 0.00892809 0.00852943 0.00839171 0.00821298 0.00872896 0.00921035 0.00992382 0.0102812 0.0102318 0.00909313 0.00876179 0.00843529 0.00811553 0.00824782 0.00849029 0.00852894 0.00850159 0.00830407 0.00832969 0.00815603 0.00801443 0.00813453 0.00806262 0.00806426 0.00805986 0.00842569 0.00856249 0.00838824 0.00821721 0.00817073 0.00815797 0.00839729 0.00871199 0.00875219 0.00862646 0.00861267 0.00850312 0.00840002 0.00833749 0.00834686 0.00842155 0.00839609 0.00849627 0.00862253 0.00871351 0.00870609 0.00892267 
0.00371001 0.00372249 0.00362331 0.00364453 0.00363998 0 0.00354684 0.00356887 0.00355833 0.00360361 0.00505352 0.00567107 0.010248 0.00578483 0.0145086 0.0176488 0.013803 0.0127969 0.0138364 0.0233517 0.0503184 0.0233582 0.0119044 0.008524 0.00890367 0.0086379 0.00888564 0.00859629 0.0100615 0.0146358 0.0174172 0.0136489 0.0118913 0.00925728 0.00857241 0.0083217 0.00832952 0.00867585 0.00954024 0.00968646 0.0110987 0.0111157 0.010386 0.00937812 0.00844471 0.00817954 0.00845688 0.00850117 0.00914195 0.00850715 0.00877208 0.00833651 0.00825184 0.00807189 0.00811034 0.00812304 0.00802706 0.00818766 0.00857287 0.00849735 0.00848647 0.00826756 0.00826355 0.00822872 0.00855715 0.00870262 0.00880651 0.00869404 0.00874047 0.00856271 0.00845846 0.00830841 0.00827889 0.00867192 0.00847465 0.00871942 0.00863972 0.00886894 0.00867139 0.00880647 
0.00389621 0.00365285 0.00367847 0.00354641 0.00354762 0.00354684 0 0.00356628 0.00353346 0.00363408 0.0038008 0.00618087 0.0070608 0.0223246 0.0111238 0.0112634 0.0178233 0.0109155 0.0106677 0.0203509 0.0429864 0.0246663 0.0110304 0.00836478 0.00848377 0.008884 0.00834373 0.00832223 0.00888697 0.0129501 0.0139931 0.0114576 0.00964013 0.00889734 0.0084231 0.00816748 0.00818511 0.00850766 0.00874567 0.0091013 0.00962839 0.00964793 0.00897659 0.00859556 0.00833295 0.00804424 0.00823096 0.00835656 0.00842073 0.00844329 0.00831263 0.00822235 0.0081415 0.00796796 0.0080995 0.00808728 0.00801104 0.00807834 0.00837698 0.00838069 0.0083401 0.0082161 0.00818238 0.0082339 0.0083375 0.00851105 0.0086003 0.00851875 0.00855814 0.0084798 0.00844209 0.00832144 0.00823183 0.00838906 0.00837748 0.00842116 0.00847435 0.00856998 0.00849963 0.00939722 
0.00416153 0.0040469 0.00446224 0.00408121 0.00356292 0.00356887 0.00356628 0 0.00354921 0.00357214 0.00428486 0.00545165 0.0378276 0.00511805 0.0122541 0.0148418 0.0118319 0.0115716 0.011475 0.0166979 0.056651 0.0198873 0.011283 0.00840927 0.00882967 0.00859693 0.00876338 0.00841684 0.00958431 0.011994 0.0147343 0.0109222 0.0107322 0.00886295 0.00857107 0.00814444 0.00824144 0.00863059 0.00922052 0.009307 0.00982933 0.00968041 0.00924522 0.00876008 0.00834668 0.00811581 0.00824708 0.00839619 0.00880799 0.00841397 0.00838063 0.00823984 0.0081794 0.00807717 0.00812833 0.00806985 0.00806038 0.00804394 0.00830999 0.00842665 0.00840486 0.00822479 0.00820115 0.00816944 0.00831107 0.00851911 0.00857818 0.00851139 0.00849957 0.0084399 0.00838077 0.00829278 0.00820639 0.00840241 0.00844806 0.00845414 0.00848299 0.00856469 0.00847841 0.00850453 
0.00619753 0.00528892 0.00409098 0.00361485 0.00355109 0.00355833 0.00353346 0.00354921 0 0.00370233 0.00430788 0.027339 0.00511785 0.00413869 0.01074 0.0151434 0.0277285 0.0137277 0.0104435 0.0224197 0.0232081 0.0301263 0.0120889 0.0084059 0.00854333 0.0088025 0.00839298 0.00857909 0.00944545 0.0112467 0.0117722 0.0102424 0.00943541 0.00858701 0.00832389 0.00842296 0.00816393 0.00855555 0.00866247 0.00899828 0.00913398 0.00927512 0.00870397 0.00849269 0.00831142 0.00809618 0.00824531 0.00854109 0.00844736 0.00854311 0.00831113 0.0083537 0.00814945 0.0080305 0.00804342 0.0082246 0.00803892 0.00809819 0.00840819 0.00837468 0.00832602 0.00814718 0.00816475 0.00828144 0.00834763 0.00859118 0.0086696 0.00860934 0.00855966 0.00846905 0.00853199 0.00838614 0.00827328 0.00849725 0.00841962 0.0084441 0.00850335 0.00863168 0.00851923 0.00844036 
0.0150471 0.00813812 0.00404061 0.00385152 0.00390653 0.00360361 0.00363408 0.00357214 0.00370233 0 0.0256221 0.00639588 0.00372586 0.00397744 0.0221831 0.010668 0.0117406 0.0177095 0.0182789 0.0113552 0.0123205 0.0134569 0.0199054 0.00976098 0.0083236 0.00829804 0.0090487 0.0099922 0.00873306 0.00937961 0.00941309 0.00902353 0.00902433 0.00853436 0.00860149 0.00921246 0.00883298 0.00833781 0.00842665 0.0085451 0.00884106 0.00868241 0.00853212 0.00841515 0.00806535 0.00825487 0.00858442 0.00823428 0.00844065 0.00815166 0.00820015 0.00810958 0.00803979 0.00811657 0.00821446 0.00829939 0.00808473 0.00814071 0.00865776 0.00827804 0.00823235 0.00819781 0.00844363 0.00862972 0.00900792 0.00844381 0.00845921 0.0084511 0.0083689 0.0083437 0.00836578 0.00844145 0.00880222 0.00839332 0.0083603 0.00839868 0.0084328 0.00845547 0.00841001 0.00847055 
0.0100487 0.00639221 0.00648637 0.00791332 0.0048557 0.00505352 0.0038008 0.00428486 0.00430788 0.0256221 0 0.00391522 0.00356173 0.00424563 0.0291085 0.0112686 0.0101023 0.153174 0.0121061 0.010446 0.00953471 0.00964402 0.0135415 0.00846453 0.00815544 0.00823354 0.00897435 0.00865675 0.00834373 0.00838643 0.00849432 0.00827599 0.00823388 0.00815549 0.00839826 0.00845805 0.00801835 0.00799558 0.00809648 0.00819919 0.00821019 0.008287 0.00818931 0.00814507 0.00803668 0.00824348 0.0080933 0.0080162 0.00811653 0.00799909 0.00801162 0.00796686 0.00797178 0.00816755 0.00799139 0.00812402 0.00797735 0.00805085 0.00815087 0.00814196 0.00810193 0.00804403 0.00836213 0.00835085 0.00828738 0.00833633 0.00830485 0.00829726 0.00829043 0.00825347 0.00819993 0.00822223 0.00825142 0.00828228 0.0081915 0.00826375 0.0082553 0.00833604 0.00835442 0.00844239 
0.00779603 0.00965501 0.0139052 0.00680537 0.00715043 0.00567107 0.00618087 0.00545165 0.027339 0.00639588 0.00391522 0 0.00363521 0.00355956 0.0131287 0.0230408 0.187741 0.00948889 0.0107622 0.0172427 0.0133291 0.0118907 0.00974575 0.00833753 0.00859248 0.00875759 0.00831679 0.0083219 0.00861668 0.00912292 0.00888623 0.008634 0.00848835 0.00835949 0.00818572 0.00811272 0.00809949 0.00824859 0.00855098 0.00856925 0.00851962 0.0084401 0.00845118 0.00833392 0.00832364 0.00805697 0.00805943 0.00825518 0.00830166 0.00826747 0.00818449 0.00818356 0.00808457 0.00803703 0.00803529 0.00815733 0.00811474 0.00811574 0.00820453 0.00829706 0.00818688 0.00808216 0.00823781 0.00818386 0.00840599 0.00844118 0.00849518 0.0084955 0.00846586 0.00838775 0.00836588 0.008325 0.00829825 0.00839152 0.00834588 0.00838246 0.00842073 0.00854232 0.00854212 0.00842522 
0.0089922 0.0249407 0.00642849 0.0105652 0.00562907 0.010248 0.0070608 0.0378276 0.00511785 0.00372586 0.00356173 0.00363521 0 0.00351821 0.0103575 0.31013 0.0184189 0.0135305 0.0103606 0.0131409 0.0127925 0.0128471 0.00975218 0.00875607 0.0086537 0.00826686 0.00932594 0.0087139 0.0087303 0.00903783 0.00900334 0.00877367 0.008578 0.00843471 0.0081906 0.00824355 0.00817293 0.00837491 0.00840932 0.00856002 0.00854378 0.00878313 0.00852338 0.00838804 0.00817847 0.00810852 0.00822588 0.0081997 0.00837084 0.00820124 0.00831596 0.0081138 0.00812269 0.00801201 0.00828431 0.0082006 0.00802496 0.0081103 0.008253 0.00823198 0.00815291 0.0080801 0.00841726 0.00827197 0.00839679 0.00842615 0.00844885 0.00838325 0.00838871 0.00836186 0.00831086 0.00827224 0.00831139 0.00837066 0.00830859 0.0083495 0.00841254 0.00841545 0.00848838 0.00832586 
0.07964 0.00617715 0.00883773 0.0058382 0.00707332 0.00578483 0.0223246 0.00511805 0.00413869 0.00397744 0.00424563 0.00355956 0.00351821 0 0.360657 0.00994208 0.0182621 0.0354695 0.0224629 0.0121755 0.0103787 0.0111806 0.0131395 0.0117498 0.00835726 0.00879018 0.00858298 0.0112056 0.00918926 0.00863675 0.00882423 0.008671 0.00849571 0.00884514 0.00869472 0.0108055 0.0095399 0.00844126 0.00832145 0.00836651 0.00853894 0.00833963 0.00832428 0.00818494 0.00824721 0.00820331 0.00972498 0.00827603 0.00814842 0.00823162 0.00808736 0.00808795 0.0080444 0.00813356 0.00847863 0.00878799 0.00848884 0.00828136 0.00837524 0.00824392 0.00806458 0.00807337 0.00883618 0.0101683 0.00882951 0.00838194 0.0083323 0.00834133 0.0083275 0.0083068 0.00825443 0.00834327 0.00927532 0.00833081 0.00823709 0.00832932 0.00835347 0.00849206 0.00834265 0.00872886 
0.020028 0.0166119 0.0165078 0.0109637 0.0124361 0.0145086 0.0111238 0.0122541 0.01074 0.0221831 0.0291085 0.0131287 0.0103575 0.360657 0 0.00479158 0.0035602 0.00369187 0.126342 0.0277094 0.0129885 0.016853 0.0197337 0.00958825 0.00857858 0.00861742 0.00994805 0.0110904 0.00883768 0.00916797 0.00949503 0.00865047 0.00844866 0.00845532 0.00926058 0.00917701 0.00816823 0.00814642 0.00832825 0.00834446 0.00843399 0.00844163 0.00847272 0.00822163 0.00812356 0.00836726 0.00821415 0.00808895 0.00815271 0.00808338 0.00812138 0.00802354 0.00804638 0.0082897 0.00814478 0.00858429 0.00804736 0.00827799 0.00831414 0.00815863 0.00812111 0.00811134 0.00834689 0.00842731 0.00839078 0.00828008 0.00825713 0.00823036 0.00855576 0.00820614 0.00839123 0.00825618 0.00825825 0.00830146 0.00818337 0.0082408 0.00827962 0.00828453 0.008371 0.00855722 
0.0103336 0.0448495 0.0111231 0.033755 0.00998069 0.0176488 0.0112634 0.0148418 0.0151434 0.010668 0.0112686 0.0230408 0.31013 0.00994208 0.00479158 0 0.00364311 0.00363983 0.0730828 0.145373 0.0520718 0.0217283 0.0125663 0.00946542 0.00965145 0.00928367 0.0100742 0.0089989 0.011227 0.0122894 0.0113253 0.010637 0.00933592 0.0093079 0.00873284 0.00824733 0.00815233 0.00850709 0.00850843 0.00885389 0.00907975 0.00910793 0.00857562 0.0085649 0.00835477 0.00814342 0.00819534 0.00822964 0.00844 0.00833067 0.00823946 0.00826137 0.00806678 0.00805171 0.00814793 0.00814806 0.00798812 0.00810942 0.00836326 0.00831268 0.00818985 0.00804428 0.00811356 0.00810194 0.00834042 0.00840574 0.00842895 0.00842332 0.00841095 0.00836931 0.00830824 0.00821891 0.00827222 0.00839464 0.00834861 0.00834945 0.00838616 0.00846609 0.00848148 0.00836851 
0.0147077 0.0143892 0.0249329 0.0108086 0.0153101 0.013803 0.0178233 0.0118319 0.0277285 0.0117406 0.0101023 0.187741 0.0184189 0.0182621 0.0035602 0.00364311 0 0.00353271 0.0182653 0.0489758 0.134597 0.102416 0.0149747 0.00954738 0.0101239 0.0113692 0.0086871 0.00943671 0.010266 0.0146783 0.0166421 0.0131437 0.011616 0.0106135 0.00908538 0.00855447 0.00836239 0.00873642 0.00930121 0.00953654 0.0105861 0.0110025 0.00946432 0.0087878 0.0085585 0.00830476 0.00830392 0.00871969 0.00876357 0.00861208 0.00862631 0.00849792 0.00824325 0.00809184 0.00819634 0.00843663 0.00803613 0.00831243 0.00823114 0.0084807 0.0083273 0.00827317 0.00812155 0.0081089 0.00830456 0.00852051 0.00862473 0.00850906 0.00850003 0.00842036 0.00840097 0.00825984 0.00822052 0.00842578 0.0084182 0.00839418 0.00845809 0.0085372 0.00849725 0.00840102 
0.0217381 0.0144047 0.0102456 0.0109695 0.0098108 0.0127969 0.0109155 0.0115716 0.0137277 0.0177095 0.153174 0.00948889 0.0135305 0.0354695 0.00369187 0.00363983 0.00353271 0 0.0317292 0.0237809 0.0448586 0.133722 0.189679 0.0157569 0.00929444 0.00903952 0.0118938 0.0149516 0.0104093 0.0110824 0.0118067 0.0104878 0.00978691 0.0104459 0.00940751 0.0107189 0.0101328 0.00901423 0.00881731 0.00944291 0.00915599 0.00933419 0.00887737 0.00881049 0.00828852 0.00832798 0.0104318 0.00841805 0.00846416 0.00840898 0.00828842 0.00829851 0.00814836 0.00823606 0.00895612 0.00842189 0.00827559 0.00821107 0.00855511 0.00833474 0.00823827 0.00815133 0.00856017 0.00860379 0.00871224 0.00848339 0.00857963 0.00843762 0.00833586 0.00832771 0.00834895 0.00830646 0.00852128 0.00833311 0.00834266 0.00839422 0.00836669 0.00845044 0.00844745 0.00840075 
0.012686 0.0267045 0.0124488 0.0159457 0.0113887 0.0138364 0.0106677 0.011475 0.0104435 0.0182789 0.0121061 0.0107622 0.0103606 0.0224629 0.126342 0.0730828 0.0182653 0.0317292 0 0.00382557 0.00368481 0.00364589 0.00504869 0.104602 0.0192057 0.010299 0.0328966 0.0522169 0.0699975 0.0232168 0.0304645 0.0186578 0.0135204 0.0110232 0.0208459 0.0138029 0.0124448 0.01096 0.0105718 0.0124389 0.0132586 0.0149815 0.0107018 0.0105142 0.00916522 0.0108176 0.0104443 0.00894837 0.00907522 0.00910304 0.00867775 0.00858981 0.00849419 0.00985821 0.00924261 0.00896258 0.00826414 0.00849994 0.00965265 0.00863671 0.00853958 0.00863667 0.00922432 0.00889786 0.00865556 0.00854222 0.00872391 0.00882128 0.00868657 0.0085122 0.00849893 0.00843345 0.00828715 0.00841266 0.00833048 0.00838466 0.00846979 0.00857719 0.00862153 0.00879854 
0.0112904 0.0289288 0.0267912 0.0231826 0.0238258 0.0233517 0.0203509 0.0166979 0.0224197 0.0113552 0.010446 0.0172427 0.0131409 0.0121755 0.0277094 0.145373 0.0489758 0.0237809 0.00382557 0 0.00357102 0.00360415 0.00390888 0.472113 0.0671281 0.0267565 0.0132916 0.0286501 0.0819663 0.135465 0.0632313 0.0597186 0.0272452 0.0214322 0.0119138 0.0104563 0.0114611 0.0180434 0.0177193 0.0263573 0.0373844 0.0358554 0.0214221 0.018773 0.011162 0.00897346 0.0109068 0.0115681 0.0114569 0.0130839 0.0101556 0.00968736 0.00881756 0.00831452 0.00882488 0.00842544 0.00822572 0.00854275 0.00901 0.00970828 0.0090509 0.00851034 0.00825824 0.00816896 0.00842615 0.00876321 0.00911497 0.00887511 0.00877645 0.00861863 0.00865246 0.00842457 0.00824629 0.00856154 0.00860783 0.00855412 0.00869947 0.00886659 0.00869909 0.00864806 
0.0119291 0.0218166 0.037176 0.0490169 0.0447004 0.0503184 0.0429864 0.056651 0.0232081 0.0123205 0.00953471 0.0133291 0.0127925 0.0103787 0.0129885 0.0520718 0.134597 0.0448586 0.00368481 0.00357102 0 0.00365175 0.0035872 0.0242774 0.542367 0.023896 0.0150647 0.0157223 0.0705868 0.14633 0.290297 0.100177 0.108033 0.0264438 0.0119187 0.0104659 0.01154 0.0198158 0.0423251 0.0540247 0.069032 0.0884468 0.05379 0.0482013 0.011525 0.00885391 0.0103851 0.015265 0.0220122 0.0193721 0.0164727 0.0130918 0.00885905 0.00826628 0.00863628 0.00854264 0.00824019 0.0082201 0.00987938 0.0107044 0.00986093 0.00888668 0.00830133 0.00813036 0.00859758 0.00960778 0.00980082 0.00950641 0.00937524 0.00909285 0.00894791 0.00848938 0.00836457 0.008762 0.00880115 0.00882742 0.00919392 0.0093847 0.00918799 0.00898153 
0.0113215 0.0161705 0.0176424 0.0152606 0.0232278 0.0233582 0.0246663 0.0198873 0.0301263 0.0134569 0.00964402 0.0118907 0.0128471 0.0111806 0.016853 0.0217283 0.102416 0.133722 0.00364589 0.00360415 0.00365175 0 0.00360706 0.030745 0.024794 0.623759 0.020254 0.0164402 0.0358926 0.0746449 0.0839079 0.0934011 0.0400958 0.0732738 0.0152757 0.0132879 0.0112089 0.0164501 0.0204958 0.0258993 0.0335111 0.0478768 0.0434224 0.0217506 0.0164124 0.00907132 0.0110822 0.0122112 0.014249 0.0115581 0.0128555 0.0107875 0.00916235 0.00826618 0.00944622 0.00923745 0.00854013 0.00844269 0.00915843 0.0098116 0.00947663 0.00855875 0.0083667 0.00836546 0.00868228 0.00916716 0.00953501 0.00938396 0.008963 0.00878531 0.00873389 0.00860166 0.0085432 0.00862902 0.00867306 0.00862515 0.00891551 0.00908825 0.00867016 0.00868212 
0.0152288 0.011671 0.00990747 0.0102365 0.00993069 0.0119044 0.0110304 0.011283 0.0120889 0.0199054 0.0135415 0.00974575 0.00975218 0.0131395 0.0197337 0.0125663 0.0149747 0.189679 0.00504869 0.00390888 0.0035872 0.00360706 0 0.0173815 0.019103 0.0255816 0.636932 0.0265606 0.0154608 0.0216558 0.028935 0.0183337 0.0241801 0.0204752 0.0296328 0.0194627 0.016541 0.0137159 0.0112362 0.0142546 0.0157663 0.0157383 0.0121572 0.0115707 0.00928661 0.0101463 0.0191554 0.00984699 0.00929993 0.00961985 0.00932867 0.00888201 0.00854649 0.00900957 0.011722 0.00966644 0.00922813 0.00853323 0.00944246 0.00897602 0.0084777 0.00846736 0.00914216 0.00940628 0.00908728 0.00871101 0.00882531 0.0087044 0.0084337 0.00856927 0.00825734 0.00840859 0.00874186 0.00831311 0.0083297 0.00835553 0.00847518 0.00875781 0.00840819 0.00852196 
0.00877379 0.00941646 0.00835988 0.00880808 0.0084709 0.008524 0.00836478 0.00840927 0.0084059 0.00976098 0.00846453 0.00833753 0.00875607 0.0117498 0.00958825 0.00946542 0.00954738 0.0157569 0.104602 0.472113 0.0242774 0.030745 0.0173815 0 0.00384516 0.00360727 0.00543515 0.0798376 0.0234276 0.015551 0.0146766 0.0140271 0.0108241 0.0110829 0.0172223 0.0139527 0.0106027 0.00942385 0.00947155 0.0104899 0.0101607 0.0107565 0.0100003 0.00959331 0.00908141 0.0122952 0.00956295 0.00853735 0.00864468 0.00868686 0.00863801 0.00837994 0.00846471 0.0103742 0.00881622 0.00920623 0.00810152 0.00883137 0.00836394 0.00827375 0.00827801 0.00831034 0.0086957 0.00831073 0.00812566 0.00818751 0.00823227 0.00817597 0.0081996 0.00817649 0.0080461 0.00813965 0.00805318 0.00814235 0.00811099 0.00817823 0.00822318 0.00820461 0.00820827 0.0083805 
0.00832753 0.00866436 0.00887316 0.00889369 0.00875773 0.00890367 0.00848377 0.00882967 0.00854333 0.0083236 0.00815544 0.00859248 0.0086537 0.00835726 0.00857858 0.00965145 0.0101239 0.00929444 0.0192057 0.0671281 0.542367 0.024794 0.019103 0.00384516 0 0.00358728 0.0035996 0.0274517 0.0664224 0.028021 0.0256315 0.0209083 0.0211136 0.0140475 0.0094401 0.00926078 0.00917007 0.010966 0.0104562 0.0128037 0.0153328 0.0162255 0.012624 0.0102434 0.00933623 0.00853635 0.00883468 0.00911499 0.0097347 0.00938209 0.00882894 0.008801 0.0085536 0.00818897 0.00838523 0.00818391 0.00809293 0.00812465 0.00840539 0.00847678 0.00842591 0.00817733 0.00798732 0.00798342 0.00815838 0.00834297 0.00839584 0.0084011 0.00842931 0.0082941 0.00820508 0.00804978 0.00807212 0.00820007 0.00825617 0.008319 0.00841202 0.00834973 0.00827191 0.00811499 
0.00833721 0.00837867 0.00997249 0.00846096 0.00919999 0.0086379 0.008884 0.00859693 0.0088025 0.00829804 0.00823354 0.00875759 0.00826686 0.00879018 0.00861742 0.00928367 0.0113692 0.00903952 0.010299 0.0267565 0.023896 0.623759 0.0255816 0.00360727 0.00358728 0 0.0035417 0.0133967 0.0179794 0.0266402 0.028485 0.0179385 0.0230191 0.0223913 0.0109324 0.00943996 0.00977765 0.0112973 0.0107966 0.0106349 0.0126368 0.0135876 0.0115852 0.0100843 0.0097755 0.0083575 0.0089586 0.00999519 0.0089495 0.00911704 0.0090058 0.00892441 0.00870778 0.00807576 0.00844596 0.00858398 0.00821058 0.00814171 0.00822695 0.00880738 0.00838438 0.00820349 0.00807079 0.00808555 0.00820108 0.00832578 0.00845419 0.00832754 0.00838589 0.00822013 0.00823177 0.00801471 0.00828666 0.00821345 0.00828853 0.00827506 0.0083553 0.00838661 0.00825225 0.00819828 
0.0094534 0.0105151 0.00814301 0.0105109 0.00828819 0.00888564 0.00834373 0.00876338 0.00839298 0.0090487 0.00897435 0.00831679 0.00932594 0.00858298 0.00994805 0.0100742 0.0086871 0.0118938 0.0328966 0.0132916 0.0150647 0.020254 0.636932 0.00543515 0.0035996 0.0035417 0 0.0201668 0.0159923 0.0173209 0.0196156 0.0233209 0.0184298 0.0232114 0.0252201 0.0205215 0.0145824 0.0111666 0.0100838 0.0114784 0.0107479 0.0102426 0.0103168 0.010292 0.00861022 0.010487 0.0205046 0.00875342 0.00916774 0.00902402 0.00870481 0.00862982 0.00839012 0.00949577 0.0156181 0.00872649 0.0084569 0.00855935 0.00988128 0.00827711 0.00821773 0.00830877 0.011344 0.00896679 0.00858172 0.00818084 0.00826062 0.0082815 0.00816498 0.00815023 0.00806181 0.00819756 0.00824459 0.00811707 0.00813991 0.00811042 0.00822707 0.00820103 0.00825811 0.00815082 
0.00884559 0.00913646 0.00925265 0.00881779 0.00881601 0.00859629 0.00832223 0.00841684 0.00857909 0.0099922 0.00865675 0.0083219 0.0087139 0.0112056 0.0110904 0.0089989 0.00943671 0.0149516 0.0522169 0.0286501 0.0157223 0.0164402 0.0265606 0.0798376 0.0274517 0.0133967 0.0201668 0 0.00410417 0.00356087 0.003611 0.00368703 0.0036577 0.00444314 0.00776834 0.0357905 0.0398258 0.017041 0.0137811 0.0167955 0.0158553 0.0158317 0.0131542 0.021445 0.0112461 0.0192042 0.0262382 0.0116625 0.011198 0.0109909 0.0101655 0.00924008 0.00947536 0.0170383 0.0114305 0.0137238 0.00905419 0.011645 0.0112984 0.00936379 0.00927679 0.00983747 0.0110979 0.00926377 0.00864675 0.00857186 0.00866774 0.00858086 0.00854524 0.00836095 0.00842533 0.00835809 0.00827821 0.00834686 0.00830273 0.00839966 0.00844939 0.00852213 0.00850168 0.00894118 
0.00868235 0.00969819 0.00926428 0.0102044 0.00928128 0.0100615 0.00888697 0.00958431 0.00944545 0.00873306 0.00834373 0.00861668 0.0087303 0.00918926 0.00883768 0.011227 0.010266 0.0104093 0.0699975 0.0819663 0.0705868 0.0358926 0.0154608 0.0234276 0.0664224 0.0179794 0.0159923 0.00410417 0 0.00357509 0.00360697 0.00360467 0.0036107 0.00565853 0.00382269 0.0243262 0.0308331 0.041751 0.0248716 0.0346185 0.0395879 0.0332773 0.0723385 0.0199567 0.0185979 0.0110542 0.0170532 0.0232998 0.0181048 0.019185 0.0131553 0.0127458 0.0132588 0.00974688 0.0108713 0.0101835 0.00869644 0.00899025 0.0130321 0.0131262 0.0117786 0.00892573 0.00902101 0.00813703 0.00864503 0.00942613 0.0093712 0.00932203 0.00897742 0.00906299 0.00887087 0.00835984 0.00822072 0.00870798 0.00862641 0.00868831 0.00893546 0.00875988 0.00879932 0.00856085 
0.0093449 0.0103449 0.0138874 0.0134762 0.0147787 0.0146358 0.0129501 0.011994 0.0112467 0.00937961 0.00838643 0.00912292 0.00903783 0.00863675 0.00916797 0.0122894 0.0146783 0.0110824 0.0232168 0.135465 0.14633 0.0746449 0.0216558 0.015551 0.028021 0.0266402 0.0173209 0.00356087 0.00357509 0 0.0035933 0.00359984 0.00376793 0.00361062 0.00363619 0.0168433 0.0224615 0.0455888 0.0445574 0.0665638 0.0814765 0.189203 0.0494571 0.0529482 0.0158022 0.00983218 0.0155527 0.0279817 0.0424185 0.0320725 0.0301821 0.0258092 0.0109199 0.00921368 0.0100288 0.00946325 0.00853933 0.0090025 0.0120016 0.0267589 0.0161003 0.00902726 0.00855945 0.008182 0.00934284 0.0116725 0.0126878 0.0115129 0.0117435 0.0102631 0.00952009 0.00879153 0.00849433 0.0092208 0.0100831 0.00951021 0.0102394 0.0102173 0.0102937 0.0095223 
0.0107255 0.0103538 0.0149619 0.0159824 0.0162468 0.0174172 0.0139931 0.0147343 0.0117722 0.00941309 0.00849432 0.00888623 0.00900334 0.00882423 0.00949503 0.0113253 0.0166421 0.0118067 0.0304645 0.0632313 0.290297 0.0839079 0.028935 0.0146766 0.0256315 0.028485 0.0196156 0.003611 0.00360697 0.0035933 0 0.00371841 0.00357379 0.0036247 0.00360984 0.0197522 0.0213867 0.0270628 0.0773311 0.0602205 0.200788 0.103542 0.134074 0.0425316 0.0203537 0.00970328 0.0142663 0.0243341 0.0459948 0.038904 0.0434639 0.0220087 0.0126088 0.00920258 0.00997113 0.00944379 0.00877436 0.00879493 0.0130691 0.0205977 0.0192377 0.00946544 0.00858854 0.00819235 0.0091758 0.0117435 0.014692 0.0143967 0.0120718 0.0115887 0.0108442 0.00915046 0.00865995 0.00947997 0.0104821 0.00974625 0.0106529 0.011209 0.0101984 0.00933494 
0.00871059 0.00962832 0.0112294 0.0119961 0.0120563 0.0136489 0.0114576 0.0109222 0.0102424 0.00902353 0.00827599 0.008634 0.00877367 0.008671 0.00865047 0.010637 0.0131437 0.0104878 0.0186578 0.0597186 0.100177 0.0934011 0.0183337 0.0140271 0.0209083 0.0179385 0.0233209 0.00368703 0.00360467 0.00359984 0.00371841 0 0.00357944 0.00355688 0.00355868 0.0178319 0.0184545 0.0440251 0.0322183 0.178662 0.0556972 0.145766 0.0511698 0.0543315 0.014082 0.010282 0.0138601 0.0185739 0.0322644 0.0341007 0.0227906 0.0170259 0.0106149 0.00929972 0.0100293 0.00955465 0.0086703 0.00875498 0.0114014 0.0161805 0.0170074 0.00940234 0.00870633 0.00813067 0.00871314 0.0098152 0.011415 0.0113058 0.0104548 0.0103039 0.00924792 0.00864163 0.00837474 0.00908 0.0096263 0.00908447 0.00969775 0.00978631 0.0091411 0.00906158 
0.00855365 0.00906082 0.00973806 0.010351 0.0104873 0.0118913 0.00964013 0.0107322 0.00943541 0.00902433 0.00823388 0.00848835 0.008578 0.00849571 0.00844866 0.00933592 0.011616 0.00978691 0.0135204 0.0272452 0.108033 0.0400958 0.0241801 0.0108241 0.0211136 0.0230191 0.0184298 0.0036577 0.0036107 0.00376793 0.00357379 0.00357944 0 0.00357125 0.003537 0.0137285 0.0165326 0.0205499 0.132413 0.033765 0.0892142 0.0522314 0.0520308 0.025855 0.0182193 0.00939659 0.0118574 0.0135626 0.0336109 0.0208436 0.0209457 0.0136296 0.0108286 0.00904538 0.00929482 0.00909876 0.00854823 0.00866296 0.0102547 0.0131264 0.0131517 0.00906308 0.00843281 0.00811564 0.00854202 0.00982104 0.0109869 0.0102644 0.00969032 0.0096063 0.00921811 0.00854286 0.00821357 0.00872237 0.00889464 0.00891038 0.00918075 0.0091503 0.00885323 0.00903014 
0.00817013 0.00863015 0.0085831 0.00897359 0.00892809 0.00925728 0.00889734 0.00886295 0.00858701 0.00853436 0.00815549 0.00835949 0.00843471 0.00884514 0.00845532 0.0093079 0.0106135 0.0104459 0.0110232 0.0214322 0.0264438 0.0732738 0.0204752 0.0110829 0.0140475 0.0223913 0.0232114 0.00444314 0.00565853 0.00361062 0.0036247 0.00355688 0.00357125 0 0.00360382 0.0196251 0.0136269 0.13056 0.0216876 0.0425673 0.0253233 0.0493631 0.0221683 0.0295443 0.0198252 0.0114942 0.0115836 0.0172211 0.0145906 0.014065 0.0111875 0.0105983 0.0109121 0.00954741 0.0117773 0.0103397 0.00900532 0.0089264 0.00991696 0.0112988 0.0122707 0.0108124 0.00831442 0.0084322 0.00840522 0.0088602 0.00894615 0.00891036 0.00881272 0.00858741 0.00855492 0.0081731 0.00821607 0.00855085 0.00857715 0.00849407 0.00880448 0.00874929 0.00852754 0.00823443 
0.00873471 0.00825325 0.0083577 0.00839206 0.00852943 0.00857241 0.0084231 0.00857107 0.00832389 0.00860149 0.00839826 0.00818572 0.0081906 0.00869472 0.00926058 0.00873284 0.00908538 0.00940751 0.0208459 0.0119138 0.0119187 0.0152757 0.0296328 0.0172223 0.0094401 0.0109324 0.0252201 0.00776834 0.00382269 0.00363619 0.00360984 0.00355868 0.003537 0.00360382 0 0.0305579 0.0900602 0.0192626 0.0248008 0.0233141 0.017723 0.0155748 0.01745 0.0117177 0.0156127 0.0123708 0.0239827 0.0100521 0.011242 0.0101304 0.00988883 0.00890897 0.00915429 0.0101009 0.0149473 0.0118116 0.0104544 0.0090288 0.011503 0.00898527 0.00922678 0.00871847 0.00891597 0.010061 0.00855103 0.00845089 0.00848951 0.00841563 0.00830613 0.00828256 0.00814535 0.00823241 0.00855147 0.00832537 0.00822075 0.00824423 0.00829383 0.00841613 0.00822476 0.00848213 
0.00855505 0.00830654 0.00826711 0.0082491 0.00839171 0.0083217 0.00816748 0.00814444 0.00842296 0.00921246 0.00845805 0.00811272 0.00824355 0.0108055 0.00917701 0.00824733 0.00855447 0.0107189 0.0138029 0.0104563 0.0104659 0.0132879 0.0194627 0.0139527 0.00926078 0.00943996 0.0205215 0.0357905 0.0243262 0.0168433 0.0197522 0.0178319 0.0137285 0.0196251 0.0305579 0 0.0506323 0.00648402 0.00456918 0.00448197 0.00597998 0.00612902 0.00699338 0.00756584 0.00853009 0.011589 0.0145799 0.0106067 0.00951988 0.0094411 0.0089229 0.00852261 0.00940292 0.0160803 0.0197213 0.02019 0.0152227 0.0175495 0.0124493 0.00915516 0.00922582 0.0111041 0.0168286 0.0170157 0.00933614 0.00861713 0.00854493 0.00874095 0.00833752 0.0082586 0.00839585 0.00958853 0.00903721 0.0081904 0.00829822 0.00813498 0.00838238 0.00821564 0.00855603 0.00935048 
0.00831209 0.00825779 0.00835932 0.0081808 0.00821298 0.00832952 0.00818511 0.00824144 0.00816393 0.00883298 0.00801835 0.00809949 0.00817293 0.0095399 0.00816823 0.00815233 0.00836239 0.0101328 0.0124448 0.0114611 0.01154 0.0112089 0.016541 0.0106027 0.00917007 0.00977765 0.0145824 0.0398258 0.0308331 0.0224615 0.0213867 0.0184545 0.0165326 0.0136269 0.0900602 0.0506323 0 0.00363599 0.00357991 0.00355171 0.00370148 0.00361031 0.00377712 0.00428336 0.00563047 0.00831016 0.0119173 0.00910738 0.00907992 0.00971481 0.0097441 0.00926628 0.0107496 0.0219328 0.00960922 0.0150959 0.00900029 0.0129294 0.0115902 0.00964283 0.00972479 0.0111236 0.00887694 0.00869112 0.00844655 0.00850916 0.00861713 0.00846707 0.00852166 0.00837415 0.00868133 0.00887172 0.00816726 0.00822539 0.00823624 0.00840183 0.00835164 0.0084503 0.00823987 0.0095983 
0.00812201 0.00849183 0.00858268 0.00863436 0.00872896 0.00867585 0.00850766 0.00863059 0.00855555 0.00833781 0.00799558 0.00824859 0.00837491 0.00844126 0.00814642 0.00850709 0.00873642 0.00901423 0.01096 0.0180434 0.0198158 0.0164501 0.0137159 0.00942385 0.010966 0.0112973 0.0111666 0.017041 0.041751 0.0455888 0.0270628 0.0440251 0.0205499 0.13056 0.0192626 0.00648402 0.00363599 0 0.00359809 0.00356549 0.00363108 0.00379681 0.00396229 0.00402178 0.00492332 0.00492936 0.00948405 0.00891393 0.0103072 0.00949432 0.00962269 0.00920673 0.0238269 0.0139158 0.010428 0.00929411 0.00932182 0.00996259 0.0103087 0.0140459 0.0135962 0.00975952 0.00841149 0.00813055 0.00827774 0.00942497 0.00954153 0.00960222 0.00921253 0.00951702 0.0088044 0.00829272 0.00808727 0.00856126 0.00929953 0.00872372 0.00976767 0.00878744 0.0091749 0.00856352 
0.00834724 0.00852651 0.00913148 0.00943415 0.00921035 0.00954024 0.00874567 0.00922052 0.00866247 0.00842665 0.00809648 0.00855098 0.00840932 0.00832145 0.00832825 0.00850843 0.00930121 0.00881731 0.0105718 0.0177193 0.0423251 0.0204958 0.0112362 0.00947155 0.0104562 0.0107966 0.0100838 0.0137811 0.0248716 0.0445574 0.0773311 0.0322183 0.132413 0.0216876 0.0248008 0.00456918 0.00357991 0.00359809 0 0.00355031 0.00383789 0.00359557 0.00361217 0.00389723 0.00367054 0.00381541 0.0083794 0.00993859 0.00995774 0.0107149 0.00962525 0.0148636 0.017399 0.04148 0.00882704 0.00980939 0.00896037 0.00921651 0.0103861 0.0171271 0.0136773 0.00940635 0.00852418 0.00821035 0.00845625 0.0099432 0.011947 0.0103852 0.0110472 0.0101201 0.00930499 0.00845211 0.00825267 0.00884562 0.00943831 0.0100741 0.00950958 0.0115348 0.00890786 0.0090632 
0.00871919 0.00951473 0.0112079 0.00976891 0.00992382 0.00968646 0.0091013 0.009307 0.00899828 0.0085451 0.00819919 0.00856925 0.00856002 0.00836651 0.00834446 0.00885389 0.00953654 0.00944291 0.0124389 0.0263573 0.0540247 0.0258993 0.0142546 0.0104899 0.0128037 0.0106349 0.0114784 0.0167955 0.0346185 0.0665638 0.0602205 0.178662 0.033765 0.0425673 0.0233141 0.00448197 0.00355171 0.00356549 0.00355031 0 0.00355022 0.00357229 0.00361821 0.00358363 0.00361298 0.00365775 0.00939974 0.00919791 0.0114644 0.0102858 0.0158279 0.0218276 0.039054 0.0203668 0.00922157 0.00960163 0.00909365 0.0092942 0.0145415 0.0187028 0.0163551 0.00989023 0.00892133 0.00814193 0.0088021 0.0116688 0.0135051 0.0140614 0.0115353 0.0126316 0.0102484 0.00868537 0.00842016 0.00929105 0.0108978 0.00989141 0.0125388 0.0100048 0.00921649 0.00922653 
0.00852239 0.00942684 0.0118741 0.0101371 0.0102812 0.0110987 0.00962839 0.00982933 0.00913398 0.00884106 0.00821019 0.00851962 0.00854378 0.00853894 0.00843399 0.00907975 0.0105861 0.00915599 0.0132586 0.0373844 0.069032 0.0335111 0.0157663 0.0101607 0.0153328 0.0126368 0.0107479 0.0158553 0.0395879 0.0814765 0.200788 0.0556972 0.0892142 0.0253233 0.017723 0.00597998 0.00370148 0.00363108 0.00383789 0.00355022 0 0.00356161 0.00358364 0.00358699 0.00358815 0.0036025 0.0083962 0.010924 0.0122931 0.0173021 0.0539687 0.0617957 0.0215111 0.00925602 0.00979721 0.00981154 0.00936915 0.00955563 0.0148142 0.0352098 0.0178345 0.00993591 0.00866797 0.00826059 0.00905045 0.0126368 0.0165202 0.0147186 0.0132513 0.0118346 0.0103195 0.00868674 0.00856578 0.0098098 0.0108706 0.0110946 0.0116547 0.0123593 0.00974483 0.00998137 
0.0084477 0.00912882 0.0109424 0.0101796 0.0102318 0.0111157 0.00964793 0.00968041 0.00927512 0.00868241 0.008287 0.0084401 0.00878313 0.00833963 0.00844163 0.00910793 0.0110025 0.00933419 0.0149815 0.0358554 0.0884468 0.0478768 0.0157383 0.0107565 0.0162255 0.0135876 0.0102426 0.0158317 0.0332773 0.189203 0.103542 0.145766 0.0522314 0.0493631 0.0155748 0.00612902 0.00361031 0.00379681 0.00359557 0.00357229 0.00356161 0 0.00358266 0.00356786 0.00358133 0.00355911 0.00814983 0.0127074 0.0156136 0.0454497 0.0667668 0.0207259 0.0151046 0.00768406 0.00952386 0.00987172 0.0092739 0.00945099 0.015574 0.0282454 0.0255771 0.0105103 0.00897662 0.00835442 0.00916885 0.0146245 0.0192054 0.017968 0.0145192 0.0139531 0.0109675 0.00884805 0.00859497 0.0102089 0.0120034 0.0109961 0.0132848 0.0123515 0.0111079 0.00962645 
0.00832627 0.00873881 0.00927725 0.00944997 0.00909313 0.010386 0.00897659 0.00924522 0.00870397 0.00853212 0.00818931 0.00845118 0.00852338 0.00832428 0.00847272 0.00857562 0.00946432 0.00887737 0.0107018 0.0214221 0.05379 0.0434224 0.0121572 0.0100003 0.012624 0.0115852 0.0103168 0.0131542 0.0723385 0.0494571 0.134074 0.0511698 0.0520308 0.0221683 0.01745 0.00699338 0.00377712 0.00396229 0.00361217 0.00361821 0.00358364 0.00358266 0 0.00354736 0.00357637 0.00354584 0.00572338 0.0137639 0.0291858 0.0410105 0.0186113 0.0186432 0.00824742 0.0076346 0.00998804 0.00981476 0.0092806 0.00934448 0.0123435 0.0226799 0.018272 0.0100981 0.00903337 0.00845417 0.00873616 0.010467 0.0139349 0.0134837 0.0114904 0.0123428 0.00962442 0.00859454 0.00843959 0.00913065 0.0104712 0.0101195 0.0108255 0.0104922 0.00907402 0.00931525 
0.00824383 0.00851433 0.00881266 0.00896967 0.00876179 0.00937812 0.00859556 0.00876008 0.00849269 0.00841515 0.00814507 0.00833392 0.00838804 0.00818494 0.00822163 0.0085649 0.0087878 0.00881049 0.0105142 0.018773 0.0482013 0.0217506 0.0115707 0.00959331 0.0102434 0.0100843 0.010292 0.021445 0.0199567 0.0529482 0.0425316 0.0543315 0.025855 0.0295443 0.0117177 0.00756584 0.00428336 0.00402178 0.00389723 0.00358363 0.00358699 0.00356786 0.00354736 0 0.00353243 0.00353367 0.00672267 0.0226665 0.0445831 0.0249013 0.0129408 0.00795421 0.00780854 0.00738912 0.00942472 0.00873497 0.00891467 0.00903949 0.0114475 0.0239631 0.0173049 0.00983043 0.00877482 0.00816444 0.00852283 0.0102016 0.0114468 0.0109022 0.0104895 0.00986637 0.00908395 0.00854189 0.00840646 0.00889279 0.009631 0.00930014 0.00970128 0.00983033 0.00884331 0.00888088 
0.00839212 0.0083535 0.00851161 0.00831631 0.00843529 0.00844471 0.00833295 0.00834668 0.00831142 0.00806535 0.00803668 0.00832364 0.00817847 0.00824721 0.00812356 0.00835477 0.0085585 0.00828852 0.00916522 0.011162 0.011525 0.0164124 0.00928661 0.00908141 0.00933623 0.0097755 0.00861022 0.0112461 0.0185979 0.0158022 0.0203537 0.014082 0.0182193 0.0198252 0.0156127 0.00853009 0.00563047 0.00492332 0.00367054 0.00361298 0.00358815 0.00358133 0.00357637 0.00353243 0 0.00390395 0.00855806 0.0726521 0.0135495 0.00962639 0.00713576 0.00696104 0.00700434 0.00612126 0.00880998 0.0102049 0.0102964 0.00889807 0.00949383 0.0125705 0.0110902 0.00912598 0.00842804 0.00861524 0.00877295 0.00918046 0.00902848 0.00893016 0.00876677 0.00851767 0.00851162 0.0081657 0.00849193 0.00852043 0.00863721 0.00847197 0.00867255 0.00889888 0.00841634 0.00842756 
