1I6AA
ETMSGPLHIGLIPTVGPYLLPHIIPMLHQTFPKLEMYLHEAQTHQLLAQLDSGKLDAVILALVKESEAFIEVPLFDEPMLLAIYEDHPWANREAVPMADLAGEKLLMLEDGHCLRDQAMGFCFEAGADEDTHFRATSLETLRNMVAAGSGITLLPALAVPPERKRDGVVYLPAIKPEPRRTIGLVYRPGSPLRSRYEQLAEAIRARMDGHFD
CCCCEEEEEEECCCCHHHHHHHHHHHHHHHCCCEEEEEEECCHHHHHHHHHHCCCCEEEEECCHHHCCCEEEEEEEEEEEEEEECCCHHHHCCCEEHHHHCCCEEECCCCCCCCCCCCCCCCCCCCCEEECCCCCCCHHHHHHHHHCCCCEEEEEHHHCCCCCEECCEEEECEECCCCEEEEEEEECCCCCCHHHHHHHHHHHHHHHCCCCC
0 0 0 0 0 0 0 0 0 0 0 0 0 0 0 0 0 0 0 0 0 0 0 0 0 0 0 0 0 0 0 0 0 0 0 0 0 0 0 0 0 0 0 0 0 0 0 0 0 0 0 0 0 0 0 0 0 0 0 0 0 0 0 0 0 0 0 0 0 0 0 0 0 0 0 0 0 0 0 0 0 0 0 0 0 0 0 0 0 0 0 0 0 0 0 0 0 0 0 0 0 0 0 0 0 0 0 0 0 0 0 0 0 0 0 0 0 0 0 0 0 0 0 0 0 0 0 0 0 0 0 0 0 0 0 0 0 0 0 0 0 0 0 0 0 0 0 0 0 0 0 0 0 0 0 0 0 0 0 0 0 0 0 0 0 0 0 0 0 0 0 0 0 0 0 0 0 0 0 0 0 0 0 0 0 0 0 0 0 0 0 0 0 0 0 0 0 0 0 0 0 0 0 0 0 0 0 0 0 0 0 0 
0 0 0 0 0 0 0 0 0 0 0 0 0 0 0 0 0 0 0 0 0 0 0 0 0 0 0 0 0 0 0 0 0 0 0 0 0 0 0 0 0 0 0 0 0 0 0 0 0 0 0 0 0 0 0 0 0 0 0 0 0 0 0 0 0 0 0 0 0 0 0 0 0 0 0 0 0 0 0 0 0 0 0 0 0 0 0 0 0 0 0 0 0 0 0 0 0 0 0 0 0 0 0 0 0 0 0 0 0 0 0 0 0 0 0 0 0 0 0 0 0 0 0 0 0 0 0 0 0 0 0 0 0 0 0 0 0 0 0 0 0 0 0 0 0 0 0 0 0 0 0 0 0 0 0 0 0 0 0 0 0 0 0 0 0 0 0 0 0 0 0 0 0 0 0 0 0 0 0 0 0 0 0 0 0 0 0 0 0 0 0 0 0 0 0 0 0 0 0 0 0 0 0 0 0 0 0 0 0 0 0 0 
0 0.00356746 0.00357047 0.00372005 0.00356599 0.00361517 0.00698073 0.312267 0.00888218 0.0132098 0.00853131 0.0108263 0.00860998 0.0189213 0.0192615 0.0108447 0.0113573 0.0106226 0.0155061 0.00971894 0.00881822 0.00956338 0.00836558 0.00877086 0.0084243 0.00829872 0.0083786 0.00871419 0.00895149 0.00879357 0.010338 0.00870839 0.00875302 0.00969196 0.00827989 0.00882511 0.00826839 0.00830519 0.00866166 0.00798057 0.00800636 0.00810875 0.00832107 0.00815518 0.0083028 0.00813626 0.00851405 0.00794621 0.00805544 0.0081583 0.00810177 0.00829678 0.00810356 0.00797669 0.00812037 0.00795184 0.00807209 0.00809136 0.00819171 0.00820832 0.00824099 0.00809557 0.00836729 
0.00356746 0 0.00351811 0.00357793 0.00349302 0.00505208 0.00362856 0.00946697 0.403813 0.00839322 0.0201589 0.00832833 0.0129173 0.00865783 0.0114304 0.0232809 0.0123684 0.0131854 0.008778 0.00860409 0.0104399 0.00833536 0.0101748 0.0087362 0.00865014 0.00915752 0.00840701 0.00906954 0.00960847 0.0103665 0.00966128 0.0109703 0.00867648 0.00844 0.00818257 0.00882433 0.00827031 0.00827782 0.00825266 0.00810047 0.00813445 0.00804335 0.00805939 0.00841502 0.00842909 0.00829643 0.00819344 0.00796707 0.00800314 0.00810928 0.00830679 0.00851064 0.00810017 0.00802999 0.00808094 0.00805955 0.00810954 0.00838417 0.00820441 0.0084312 0.00829158 0.00828458 0.00822861 
0.00357047 0.00351811 0 0.00355606 0.00359557 0.00354409 0.00365508 0.046133 0.00852237 0.395953 0.00841974 0.0235581 0.00873993 0.00864114 0.0161709 0.0144673 0.0321684 0.0109203 0.0106218 0.0103092 0.00864406 0.0223932 0.00879077 0.0136954 0.0110903 0.0087886 0.0107738 0.0101996 0.0143867 0.0128166 0.0209083 0.0107276 0.00994946 0.00870756 0.0084934 0.00822523 0.00818659 0.00880563 0.00865065 0.00809386 0.00836839 0.00815285 0.0086807 0.00836447 0.00904207 0.00845929 0.00832097 0.00803661 0.00802724 0.00820986 0.00852862 0.00849056 0.00830879 0.00826598 0.00806532 0.00802246 0.00874739 0.00826953 0.00913172 0.0085955 0.00878005 0.00851887 0.00828061 
0.00372005 0.00357793 0.00355606 0 0.00356236 0.00355777 0.00359725 0.00992996 0.113707 0.00870647 0.465762 0.00872099 0.0118435 0.010305 0.0105722 0.0347871 0.0263726 0.0182693 0.0092656 0.00911963 0.0171378 0.00874302 0.0360749 0.0105984 0.0100924 0.0209502 0.00990674 0.0138668 0.0154005 0.0319331 0.0183026 0.0378674 0.0092507 0.00872509 0.00823153 0.00863681 0.00940714 0.00848814 0.00876162 0.00896983 0.00830365 0.00816281 0.00833592 0.00968271 0.00985335 0.00863397 0.00841204 0.00824215 0.00807813 0.00846642 0.00882324 0.00935155 0.00822393 0.0084378 0.00804997 0.00837886 0.00828393 0.0099098 0.0084736 0.00926343 0.00901523 0.00864157 0.00828522 
0.00356599 0.00349302 0.00359557 0.00356236 0 0.00352595 0.00357525 0.0828014 0.0091212 0.171039 0.00924113 0.308748 0.00952159 0.00969167 0.0237596 0.0237753 0.0856319 0.0161261 0.0110608 0.010504 0.00910604 0.0306005 0.00940598 0.0178301 0.0188816 0.00970496 0.0158032 0.0135159 0.0307456 0.0233445 0.0551896 0.0178414 0.0148024 0.00876681 0.00888386 0.00841163 0.00843691 0.0105773 0.00945985 0.0081141 0.00852743 0.00824715 0.00910226 0.00888108 0.0112044 0.00876675 0.0087687 0.00804011 0.00804822 0.00841015 0.00913537 0.008959 0.00841694 0.00830057 0.00812733 0.00804562 0.00889472 0.00844371 0.00979991 0.00893622 0.0096778 0.00883724 0.00847577 
0.00361517 0.00505208 0.00354409 0.00355777 0.00352595 0 0.00360549 0.0118143 0.0846812 0.00995872 0.0322307 0.0111083 0.393961 0.0126823 0.0132317 0.0687947 0.0303056 0.0511058 0.0131484 0.00987265 0.0146324 0.0093353 0.0134028 0.0116736 0.0116339 0.0134845 0.00988087 0.0131748 0.015654 0.0269551 0.0187928 0.0262994 0.0127345 0.0091042 0.00859796 0.00912079 0.00900198 0.0108719 0.0102944 0.00831348 0.00845487 0.00823618 0.00852003 0.00986857 0.0096801 0.00900369 0.00840223 0.00800615 0.00803222 0.00844254 0.00879439 0.00911066 0.00824384 0.00833435 0.00815112 0.00816789 0.00833061 0.00896097 0.00847386 0.00962942 0.00894433 0.00884506 0.00838514 
0.00698073 0.00362856 0.00365508 0.00359725 0.00357525 0.00360549 0 0.0240904 0.0111058 0.016108 0.01326 0.0143063 0.0212366 0.395297 0.0294701 0.0147463 0.0209904 0.020623 0.0309554 0.0208229 0.0095005 0.00897015 0.00918957 0.0104555 0.00987328 0.00917855 0.00906241 0.0095399 0.0114037 0.0135226 0.012953 0.0116086 0.010826 0.0104191 0.0112966 0.00952006 0.0118555 0.00922517 0.0142558 0.00970294 0.0083557 0.00874011 0.0109398 0.00896037 0.00915643 0.00847252 0.00863219 0.00847074 0.00813064 0.0095811 0.00885921 0.00879391 0.00867807 0.00818699 0.00845151 0.00889476 0.0081869 0.00825335 0.00828149 0.00858913 0.00879076 0.00841639 0.00919454 
0.312267 0.00946697 0.046133 0.00992996 0.0828014 0.0118143 0.0240904 0 0.00403005 0.00376683 0.00358702 0.00376741 0.00403165 0.00400749 0.0533394 0.0162831 0.0129142 0.0156082 0.0474282 0.0198026 0.00956193 0.0145827 0.00866192 0.0110237 0.0102761 0.0086661 0.00956425 0.00932883 0.0107042 0.0100922 0.0124921 0.0101422 0.0117995 0.0139954 0.0115993 0.0108778 0.00895189 0.00969108 0.0120118 0.00819182 0.00861351 0.00894497 0.00940675 0.00836482 0.00887039 0.00862046 0.010132 0.00814912 0.00875088 0.00845943 0.00833271 0.00865142 0.00938071 0.0092181 0.00868245 0.00799188 0.00947595 0.00805316 0.00933653 0.00840081 0.00852403 0.0082043 0.00870931 
0.00888218 0.403813 0.00852237 0.113707 0.0091212 0.0846812 0.0111058 0.00403005 0 0.00352541 0.00362126 0.00349752 0.00380465 0.00407025 0.0109166 0.0290816 0.0129397 0.0235335 0.0102647 0.010124 0.0213918 0.00845973 0.0160368 0.00917132 0.00917114 0.0120678 0.00873871 0.0104758 0.0106127 0.0153237 0.0105628 0.0191746 0.0094233 0.00934642 0.00879731 0.00978929 0.00991172 0.00885635 0.00901551 0.00910653 0.00836888 0.00816677 0.00819958 0.00991898 0.00872219 0.0084296 0.00835021 0.00830075 0.00804581 0.00835497 0.0085162 0.00905862 0.00805802 0.00817276 0.0081123 0.00871236 0.00808984 0.00936223 0.00827716 0.0092399 0.00856052 0.00853204 0.00833922 
0.0132098 0.00839322 0.395953 0.00870647 0.171039 0.00995872 0.016108 0.00376683 0.00352541 0 0.00354123 0.00358724 0.00363474 0.00355219 0.0200796 0.0128215 0.0350792 0.0118989 0.0123249 0.0116856 0.00881334 0.0304777 0.00890599 0.015852 0.0132376 0.00899152 0.012332 0.0109547 0.015513 0.014576 0.0304892 0.0115357 0.011724 0.00893869 0.0096001 0.00865516 0.00856714 0.00984461 0.00901307 0.00817629 0.00853734 0.00831455 0.00886317 0.00853229 0.0108055 0.00859138 0.00852203 0.00808598 0.00810369 0.00824343 0.00893855 0.00861927 0.00863045 0.00848401 0.00820688 0.00798791 0.00949077 0.0083032 0.00995173 0.0086627 0.00923085 0.00861813 0.00835134 
0.00853131 0.0201589 0.00841974 0.465762 0.00924113 0.0322307 0.01326 0.00358702 0.00362126 0.00354123 0 0.00352263 0.00353243 0.00361295 0.00981579 0.026894 0.0232453 0.0167657 0.0097041 0.00911695 0.014314 0.00858296 0.0186912 0.00974816 0.00982184 0.0133386 0.00921667 0.0112719 0.0122405 0.0194708 0.0139574 0.0238659 0.00906651 0.00904524 0.00850857 0.00920915 0.00914034 0.0085957 0.00888084 0.00845772 0.00818532 0.00827145 0.00819559 0.00926501 0.00905047 0.00864777 0.00845548 0.00808625 0.0080337 0.00823613 0.00852097 0.00901078 0.00813383 0.00822367 0.00802197 0.0081851 0.00816771 0.00929123 0.0083972 0.00911327 0.00871503 0.00845565 0.00834544 
0.0108263 0.00832833 0.0235581 0.00872099 0.308748 0.0111083 0.0143063 0.00376741 0.00349752 0.00358724 0.00352263 0 0.00366505 0.0035271 0.01441 0.0179139 0.0302578 0.0124875 0.00904513 0.009789 0.00862163 0.0139782 0.00881581 0.0109326 0.0113219 0.00870399 0.0100281 0.00991299 0.0111004 0.0123151 0.0166182 0.0115524 0.009685 0.00865357 0.00852292 0.00856522 0.00847271 0.00877597 0.00871458 0.00808956 0.00833866 0.00819093 0.00831445 0.00839164 0.00927556 0.00837383 0.008313 0.00797708 0.00800988 0.00818294 0.00856787 0.00856233 0.00817942 0.0081005 0.00810112 0.00795673 0.00840081 0.00832356 0.00854754 0.00862568 0.00870896 0.00841375 0.0082164 
0.00860998 0.0129173 0.00873993 0.0118435 0.00952159 0.393961 0.0212366 0.00403165 0.00380465 0.00363474 0.00353243 0.00366505 0 0.0035465 0.0111274 0.0179672 0.0240097 0.024524 0.00951096 0.00894729 0.0106193 0.00862507 0.00905702 0.00933807 0.00910628 0.00933461 0.00876585 0.00878085 0.00997155 0.0109717 0.010429 0.0109431 0.00966099 0.0087647 0.0085447 0.00863954 0.00846999 0.00909985 0.00866916 0.00812295 0.0082968 0.00809247 0.00811111 0.00839584 0.00841725 0.00829788 0.00830655 0.00800921 0.00806041 0.00807123 0.00831867 0.00834455 0.0081124 0.00800027 0.00803619 0.00798798 0.00807477 0.00856364 0.0081833 0.00839524 0.00838026 0.00823512 0.008183 
0.0189213 0.00865783 0.00864114 0.010305 0.00969167 0.0126823 0.395297 0.00400749 0.00407025 0.00355219 0.00361295 0.0035271 0.0035465 0 0.0176373 0.0145752 0.0133434 0.0208118 0.0261145 0.0178809 0.00896452 0.00857596 0.00892775 0.00914809 0.00888225 0.00936085 0.00855413 0.00873887 0.00969219 0.0098176 0.00957104 0.00977561 0.00897632 0.00935156 0.00933 0.0103224 0.0136197 0.00838168 0.010395 0.00986622 0.00809624 0.008392 0.00952231 0.00837138 0.00828838 0.00823294 0.00833213 0.00824934 0.00802994 0.00896694 0.00817094 0.00825933 0.00811795 0.00812136 0.00814573 0.00857196 0.00804571 0.00847315 0.00813136 0.00824174 0.00823197 0.00815954 0.00825713 
0.0192615 0.0114304 0.0161709 0.0105722 0.0237596 0.0132317 0.0294701 0.0533394 0.0109166 0.0200796 0.00981579 0.01441 0.0111274 0.0176373 0 0.0038206 0.0035913 0.00363825 0.00430917 0.0305806 0.0106229 0.0162464 0.0172459 0.0272504 0.0317305 0.0101478 0.0110633 0.0103959 0.014509 0.0166576 0.0206078 0.0149355 0.0128422 0.0180419 0.0176367 0.0193201 0.0186837 0.0159361 0.0280547 0.00975291 0.00983855 0.0116361 0.0144643 0.0110844 0.0136553 0.00999162 0.0162732 0.0082251 0.00857698 0.0103308 0.0110846 0.010299 0.01033 0.00887595 0.00915541 0.00838678 0.00915483 0.00869624 0.00985476 0.00985379 0.0102968 0.00940684 0.0109932 
0.0108447 0.0232809 0.0144673 0.0347871 0.0237753 0.0687947 0.0147463 0.0162831 0.0290816 0.0128215 0.026894 0.0179139 0.0179672 0.0145752 0.0038206 0 0.00358403 0.00362468 0.00374397 0.0106801 0.0321734 0.0145698 0.048902 0.0210869 0.019676 0.0135923 0.0110192 0.0167093 0.0224066 0.0237514 0.0462049 0.0301942 0.0225123 0.0109622 0.0136627 0.0128533 0.0140722 0.0331024 0.0145448 0.00968063 0.0103404 0.00973978 0.01111 0.0277999 0.0227639 0.0162142 0.00969228 0.00829972 0.0081017 0.00990927 0.0168732 0.015093 0.00933952 0.00909867 0.00847832 0.0084626 0.00911555 0.0107144 0.0107859 0.0171225 0.0147269 0.011933 0.00938829 
0.0113573 0.0123684 0.0321684 0.0263726 0.0856319 0.0303056 0.0209904 0.0129142 0.0129397 0.0350792 0.0232453 0.0302578 0.0240097 0.0133434 0.0035913 0.00358403 0 0.00358271 0.00357188 0.0226814 0.0169835 0.066856 0.0194744 0.0184915 0.0184058 0.0112144 0.0117212 0.0132143 0.0183024 0.0394308 0.0389037 0.0581124 0.0184522 0.0106239 0.0110118 0.0105946 0.012865 0.0161222 0.0182756 0.00938344 0.00994303 0.00920174 0.0105376 0.0193954 0.0638093 0.0178969 0.00981592 0.0082072 0.00801637 0.00969196 0.0160379 0.0155211 0.0109479 0.0085691 0.0083261 0.00838215 0.00936494 0.011113 0.015558 0.0172307 0.0246414 0.0120799 0.00924326 
0.0106226 0.0131854 0.0109203 0.0182693 0.0161261 0.0511058 0.020623 0.0156082 0.0235335 0.0118989 0.0167657 0.0124875 0.024524 0.0208118 0.00363825 0.00362468 0.00358271 0 0.00364237 0.0270084 0.0512613 0.023003 0.00992765 0.0124679 0.0138022 0.00950831 0.00906669 0.00977539 0.0124761 0.0237216 0.022444 0.0207822 0.0264843 0.0123352 0.0134849 0.0119 0.0135197 0.027102 0.0183354 0.0105996 0.0115558 0.00905704 0.0114586 0.0165151 0.0182231 0.0140883 0.00940064 0.00849551 0.00830212 0.0105645 0.0118033 0.0124182 0.00910833 0.00861604 0.00857025 0.00865705 0.00888894 0.00936536 0.00974875 0.0122154 0.0121498 0.011411 0.00905898 
0.0155061 0.008778 0.0106218 0.0092656 0.0110608 0.0131484 0.0309554 0.0474282 0.0102647 0.0123249 0.0097041 0.00904513 0.00951096 0.0261145 0.00430917 0.00374397 0.00357188 0.00364237 0 0.0329571 0.012305 0.00891681 0.00834933 0.0103025 0.0119082 0.00909155 0.00762973 0.00847123 0.0116921 0.0128223 0.0133943 0.013046 0.0110031 0.0158563 0.0152784 0.0128785 0.0175236 0.011575 0.0300382 0.0116546 0.00875361 0.0103212 0.016921 0.0097413 0.0101991 0.00928825 0.0101667 0.00908089 0.00833209 0.0129253 0.00929906 0.00895488 0.00893495 0.00898068 0.00852532 0.00950843 0.00854222 0.00830893 0.00871341 0.00893533 0.00915322 0.00901305 0.00899383 
0.00971894 0.00860409 0.0103092 0.00911963 0.010504 0.00987265 0.0208229 0.0198026 0.010124 0.0116856 0.00911695 0.009789 0.00894729 0.0178809 0.0305806 0.0106801 0.0226814 0.0270084 0.0329571 0 0.00368983 0.00357498 0.00359058 0.00360075 0.00384059 0.00376417 0.00373639 0.00452385 0.00585976 0.00626117 0.00740605 0.00834165 0.00950789 0.0185942 0.0130816 0.0155845 0.012313 0.0114115 0.0187675 0.00896156 0.00943685 0.0110983 0.00925463 0.00931101 0.00936923 0.00902512 0.0121796 0.0084393 0.00867929 0.00875714 0.00859062 0.00983452 0.00909034 0.00865077 0.00884869 0.00823563 0.00822606 0.00869154 0.00850205 0.00851861 0.00858094 0.00852245 0.0103748 
0.00881822 0.0104399 0.00864406 0.0171378 0.00910604 0.0146324 0.0095005 0.00956193 0.0213918 0.00881334 0.014314 0.00862163 0.0106193 0.00896452 0.0106229 0.0321734 0.0169835 0.0512613 0.012305 0.00368983 0 0.00356026 0.00353507 0.00356313 0.00350712 0.00358778 0.00363572 0.00384949 0.00429779 0.00609581 0.00604893 0.00775683 0.00824101 0.00818673 0.00862737 0.0094213 0.0113383 0.0107489 0.0100063 0.0105627 0.00870091 0.00863886 0.00874213 0.0105124 0.00968846 0.00914439 0.00875606 0.0083839 0.00810878 0.00855787 0.00924134 0.0095396 0.0083513 0.00820852 0.00839358 0.00857214 0.00816503 0.0092873 0.0085033 0.00978087 0.00886904 0.00907004 0.00852474 
0.00956338 0.00833536 0.0223932 0.00874302 0.0306005 0.0093353 0.00897015 0.0145827 0.00845973 0.0304777 0.00858296 0.0139782 0.00862507 0.00857596 0.0162464 0.0145698 0.066856 0.023003 0.00891681 0.00357498 0.00356026 0 0.00353916 0.00352051 0.00382116 0.00355299 0.00406218 0.00363546 0.00406723 0.00423655 0.00666476 0.00700683 0.00908155 0.0063292 0.00820291 0.00716893 0.00895256 0.0103931 0.00920759 0.00846126 0.00925247 0.00844434 0.00907898 0.00893007 0.0151126 0.00869819 0.00860167 0.0080701 0.00809151 0.00857966 0.00917661 0.00877681 0.00941636 0.00845006 0.00812635 0.00799902 0.0093989 0.00824112 0.0109246 0.00879097 0.010891 0.00884842 0.00840468 
0.00836558 0.0101748 0.00879077 0.0360749 0.00940598 0.0134028 0.00918957 0.00866192 0.0160368 0.00890599 0.0186912 0.00881581 0.00905702 0.00892775 0.0172459 0.048902 0.0194744 0.00992765 0.00834933 0.00359058 0.00353507 0.00353916 0 0.00351492 0.00351511 0.00353095 0.0035419 0.00366539 0.00366221 0.00574775 0.00464511 0.00803215 0.00576239 0.00614066 0.00757076 0.00771585 0.0107946 0.00883483 0.00932535 0.00925089 0.00861511 0.00871777 0.00864221 0.0164233 0.0119534 0.0092749 0.00880394 0.00819508 0.00797106 0.00860428 0.00999387 0.0101669 0.00862935 0.00828746 0.00810061 0.00872859 0.00823155 0.0113012 0.00881707 0.0134541 0.0106987 0.00952536 0.0084935 
0.00877086 0.0087362 0.0136954 0.0105984 0.0178301 0.0116736 0.0104555 0.0110237 0.00917132 0.015852 0.00974816 0.0109326 0.00933807 0.00914809 0.0272504 0.0210869 0.0184915 0.0124679 0.0103025 0.00360075 0.00356313 0.00352051 0.00351492 0 0.00352449 0.00351975 0.00354041 0.00356128 0.00363749 0.00390508 0.00446032 0.00467175 0.00721983 0.00564051 0.00772761 0.0076929 0.00965545 0.0112003 0.0109382 0.00894933 0.00885341 0.0090163 0.00935393 0.0101162 0.0187694 0.00978117 0.0090928 0.00817134 0.00808283 0.00862661 0.0100926 0.0100252 0.00940647 0.0083373 0.00824454 0.00814813 0.00932576 0.0087944 0.0115388 0.0121102 0.0126515 0.0096438 0.0086357 
0.0084243 0.00865014 0.0110903 0.0100924 0.0188816 0.0116339 0.00987328 0.0102761 0.00917114 0.0132376 0.00982184 0.0113219 0.00910628 0.00888225 0.0317305 0.019676 0.0184058 0.0138022 0.0119082 0.00384059 0.00350712 0.00382116 0.00351511 0.00352449 0 0.00352485 0.00351457 0.00355696 0.00359063 0.00395973 0.00407799 0.0113357 0.00487894 0.005248 0.00766479 0.00710824 0.00947065 0.00978515 0.0109188 0.00862857 0.00900685 0.00875048 0.00882126 0.0104456 0.0174268 0.00990946 0.00901053 0.00815281 0.00804358 0.00847223 0.0100887 0.00977821 0.00925047 0.00834747 0.00817646 0.0080883 0.00870318 0.00889912 0.0110705 0.0102455 0.0126742 0.00932695 0.00874557 
0.00829872 0.00915752 0.0087886 0.0209502 0.00970496 0.0134845 0.00917855 0.0086661 0.0120678 0.00899152 0.0133386 0.00870399 0.00933461 0.00936085 0.0101478 0.0135923 0.0112144 0.00950831 0.00909155 0.00376417 0.00358778 0.00355299 0.00353095 0.00351975 0.00352485 0 0.00362306 0.00354027 0.00354603 0.00354318 0.00378097 0.00379021 0.00432863 0.00378551 0.00656364 0.00675059 0.00956103 0.00881574 0.0115047 0.0087911 0.00857095 0.00862799 0.00872765 0.0119186 0.0132392 0.00966302 0.00882434 0.00808208 0.00800791 0.00865794 0.00958723 0.00978927 0.00859732 0.00825686 0.00813905 0.00833533 0.00841767 0.0106441 0.00910859 0.0133754 0.0107088 0.00977246 0.00857468 
0.0083786 0.00840701 0.0107738 0.00990674 0.0158032 0.00988087 0.00906241 0.00956425 0.00873871 0.012332 0.00921667 0.0100281 0.00876585 0.00855413 0.0110633 0.0110192 0.0117212 0.00906669 0.00762973 0.00373639 0.00363572 0.00406218 0.0035419 0.00354041 0.00351457 0.00362306 0 0.00351259 0.00352821 0.00355123 0.00355112 0.00412227 0.00358929 0.00370666 0.00628626 0.00606411 0.00869949 0.0104561 0.00912115 0.00861077 0.00874305 0.00884135 0.00888656 0.0106084 0.0148538 0.00921731 0.00890969 0.00801233 0.00802742 0.00841275 0.00992678 0.00908527 0.008894 0.0081372 0.00817046 0.00808357 0.00895176 0.00850334 0.0105043 0.00984668 0.0107295 0.00968528 0.00841372 
0.00871419 0.00906954 0.0101996 0.0138668 0.0135159 0.0131748 0.0095399 0.00932883 0.0104758 0.0109547 0.0112719 0.00991299 0.00878085 0.00873887 0.0103959 0.0167093 0.0132143 0.00977539 0.00847123 0.00452385 0.00384949 0.00363546 0.00366539 0.00356128 0.00355696 0.00354027 0.00351259 0 0.00352253 0.00356425 0.00353786 0.0035315 0.00352157 0.00362106 0.0061918 0.00652412 0.0101818 0.00935874 0.0101103 0.00884091 0.00877536 0.00866725 0.00912687 0.0116605 0.0162599 0.00962988 0.00887049 0.0080602 0.00798946 0.00885067 0.0102241 0.0100735 0.00905606 0.00830072 0.00821268 0.00836444 0.00842241 0.0095272 0.0098956 0.0134526 0.0129738 0.00938542 0.00850955 
0.00895149 0.00960847 0.0143867 0.0154005 0.0307456 0.015654 0.0114037 0.0107042 0.0106127 0.015513 0.0122405 0.0111004 0.00997155 0.00969219 0.014509 0.0224066 0.0183024 0.0124761 0.0116921 0.00585976 0.00429779 0.00406723 0.00366221 0.00363749 0.00359063 0.00354603 0.00352821 0.00352253 0 0.00356298 0.0035581 0.00355821 0.00354224 0.00360229 0.00669547 0.00729964 0.0102666 0.0143163 0.0129683 0.0091558 0.00943287 0.009487 0.0101256 0.016276 0.0331085 0.0128574 0.0104566 0.00823203 0.00816527 0.00944094 0.0146684 0.0132357 0.0114188 0.00857042 0.00833196 0.00837832 0.0102119 0.0107729 0.017744 0.0186788 0.0226348 0.0127767 0.00905753 
0.00879357 0.0103665 0.0128166 0.0319331 0.0233445 0.0269551 0.0135226 0.0100922 0.0153237 0.014576 0.0194708 0.0123151 0.0109717 0.0098176 0.0166576 0.0237514 0.0394308 0.0237216 0.0128223 0.00626117 0.00609581 0.00423655 0.00574775 0.00390508 0.00395973 0.00354318 0.00355123 0.00356425 0.00356298 0 0.00355243 0.00363682 0.00358601 0.00358628 0.00706348 0.00834362 0.0242741 0.0134288 0.0193343 0.00999506 0.00962356 0.00963214 0.0107481 0.0267487 0.0435617 0.0204567 0.0105436 0.00824821 0.00813691 0.0101446 0.0198595 0.0205079 0.0115072 0.00890855 0.00836964 0.00893117 0.00933509 0.0167766 0.0174289 0.032955 0.0279738 0.0177847 0.00950804 
0.010338 0.00966128 0.0209083 0.0183026 0.0551896 0.0187928 0.012953 0.0124921 0.0105628 0.0304892 0.0139574 0.0166182 0.010429 0.00957104 0.0206078 0.0462049 0.0389037 0.022444 0.0133943 0.00740605 0.00604893 0.00666476 0.00464511 0.00446032 0.00407799 0.00378097 0.00355112 0.00353786 0.0035581 0.00355243 0 0.00353882 0.00352052 0.00354667 0.00723698 0.00770573 0.0126645 0.021608 0.014882 0.00961523 0.0105892 0.00951664 0.0127449 0.0238165 0.0689321 0.0189075 0.0108486 0.00832374 0.00826866 0.0109568 0.0232852 0.0180745 0.0123736 0.00897575 0.00849145 0.00859423 0.011525 0.0129709 0.0308866 0.0245591 0.0365214 0.0147597 0.00971871 
0.00870839 0.0109703 0.0107276 0.0378674 0.0178414 0.0262994 0.0116086 0.0101422 0.0191746 0.0115357 0.0238659 0.0115524 0.0109431 0.00977561 0.0149355 0.0301942 0.0581124 0.0207822 0.013046 0.00834165 0.00775683 0.00700683 0.00803215 0.00467175 0.0113357 0.00379021 0.00412227 0.0035315 0.00355821 0.00363682 0.00353882 0 0.00353465 0.0035359 0.00695911 0.0178613 0.0222105 0.0118301 0.0223546 0.0102136 0.00946733 0.00942967 0.0105425 0.0315339 0.0459371 0.0170773 0.0101195 0.00837725 0.00819537 0.0101834 0.0171072 0.019081 0.0100353 0.0088524 0.00840417 0.00872575 0.00899157 0.0167773 0.0142532 0.0285167 0.0217592 0.0124628 0.00908139 
0.00875302 0.00867648 0.00994946 0.0092507 0.0148024 0.0127345 0.010826 0.0117995 0.0094233 0.011724 0.00906651 0.009685 0.00966099 0.00897632 0.0128422 0.0225123 0.0184522 0.0264843 0.0110031 0.00950789 0.00824101 0.00908155 0.00576239 0.00721983 0.00487894 0.00432863 0.00358929 0.00352157 0.00354224 0.00358601 0.00352052 0.00353465 0 0.00356451 0.0111706 0.0221587 0.0107402 0.0408933 0.0134582 0.0094987 0.0111261 0.00890854 0.0126237 0.0110604 0.0158211 0.0117986 0.00929191 0.0084041 0.00825581 0.0104661 0.0115224 0.0104715 0.00894443 0.00867512 0.00837878 0.0083735 0.00943117 0.0085276 0.00992566 0.00979467 0.0107259 0.0106216 0.00880129 
0.00969196 0.00844 0.00870756 0.00872509 0.00876681 0.0091042 0.0104191 0.0139954 0.00934642 0.00893869 0.00904524 0.00865357 0.0087647 0.00935156 0.0180419 0.0109622 0.0106239 0.0123352 0.0158563 0.0185942 0.00818673 0.0063292 0.00614066 0.00564051 0.005248 0.00378551 0.00370666 0.00362106 0.00360229 0.00358628 0.00354667 0.0035359 0.00356451 0 0.0258744 0.0073046 0.0198446 0.00947576 0.0533553 0.0129048 0.00876746 0.00993192 0.0151802 0.0107302 0.00922372 0.00895422 0.00928592 0.00891738 0.00820766 0.0146303 0.00892999 0.00896804 0.00861115 0.00877155 0.00842333 0.0102558 0.00832146 0.0084505 0.00846635 0.00881613 0.00858147 0.00859444 0.00894664 
0.00827989 0.00818257 0.0084934 0.00823153 0.00888386 0.00859796 0.0112966 0.0115993 0.00879731 0.0096001 0.00850857 0.00852292 0.0085447 0.00933 0.0176367 0.0136627 0.0110118 0.0134849 0.0152784 0.0130816 0.00862737 0.00820291 0.00757076 0.00772761 0.00766479 0.00656364 0.00628626 0.0061918 0.00669547 0.00706348 0.00723698 0.00695911 0.0111706 0.0258744 0 0.0038147 0.00740595 0.0314951 0.0159001 0.0116981 0.0101446 0.0114969 0.0104601 0.0097692 0.00949818 0.00991961 0.0140921 0.00908279 0.00947884 0.00926142 0.00904069 0.00950689 0.0089875 0.0088236 0.0105078 0.00853252 0.00907869 0.00824793 0.00890563 0.00841986 0.00854951 0.00861423 0.00961977 
0.00882511 0.00882433 0.00822523 0.00863681 0.00841163 0.00912079 0.00952006 0.0108778 0.00978929 0.00865516 0.00920915 0.00856522 0.00863954 0.0103224 0.0193201 0.0128533 0.0105946 0.0119 0.0128785 0.0155845 0.0094213 0.00716893 0.00771585 0.0076929 0.00710824 0.00675059 0.00606411 0.00652412 0.00729964 0.00834362 0.00770573 0.0178613 0.0221587 0.0073046 0.0038147 0 0.0277653 0.0123511 0.00750251 0.0170013 0.0126562 0.00962569 0.0153005 0.0103951 0.00945276 0.0108487 0.0126724 0.0116643 0.00846443 0.0137961 0.00919908 0.0102295 0.00852889 0.0111763 0.00870546 0.0118483 0.00848177 0.00850292 0.00848615 0.00873191 0.00875959 0.0088999 0.00901595 
0.00826839 0.00827031 0.00818659 0.00940714 0.00843691 0.00900198 0.0118555 0.00895189 0.00991172 0.00856714 0.00914034 0.00847271 0.00846999 0.0136197 0.0186837 0.0140722 0.012865 0.0135197 0.0175236 0.012313 0.0113383 0.00895256 0.0107946 0.00965545 0.00947065 0.00956103 0.00869949 0.0101818 0.0102666 0.0242741 0.0126645 0.0222105 0.0107402 0.0198446 0.00740595 0.0277653 0 0.00376404 0.00365446 0.486409 0.0100856 0.0441736 0.0110004 0.0132353 0.0110873 0.0101103 0.0164559 0.00974037 0.00958113 0.0109008 0.00935965 0.0128077 0.00933082 0.00880109 0.0102382 0.0103446 0.00839598 0.0100176 0.00854902 0.00932262 0.00876023 0.00886959 0.0127858 
0.00830519 0.00827782 0.00880563 0.00848814 0.0105773 0.0108719 0.00922517 0.00969108 0.00885635 0.00984461 0.0085957 0.00877597 0.00909985 0.00838168 0.0159361 0.0331024 0.0161222 0.027102 0.011575 0.0114115 0.0107489 0.0103931 0.00883483 0.0112003 0.00978515 0.00881574 0.0104561 0.00935874 0.0143163 0.0134288 0.021608 0.0118301 0.0408933 0.00947576 0.0314951 0.0123511 0.00376404 0 0.00362314 0.0100521 0.731601 0.0107721 0.012131 0.0164653 0.0141782 0.0219512 0.0102581 0.00907653 0.00892902 0.00951995 0.0191619 0.0135724 0.00901711 0.00976564 0.00900203 0.00842934 0.0119062 0.00859473 0.0103677 0.00987712 0.0110539 0.014437 0.0091394 
0.00866166 0.00825266 0.00865065 0.00876162 0.00945985 0.0102944 0.0142558 0.0120118 0.00901551 0.00901307 0.00888084 0.00871458 0.00866916 0.010395 0.0280547 0.0145448 0.0182756 0.0183354 0.0300382 0.0187675 0.0100063 0.00920759 0.00932535 0.0109382 0.0109188 0.0115047 0.00912115 0.0101103 0.0129683 0.0193343 0.014882 0.0223546 0.0134582 0.0533553 0.0159001 0.00750251 0.00365446 0.00362314 0 0.0765053 0.0103198 0.537536 0.022834 0.013722 0.0170315 0.014249 0.0223611 0.00986496 0.00890511 0.0202891 0.0111804 0.0139562 0.0108775 0.0130218 0.00957848 0.0129755 0.00911759 0.00900503 0.00977661 0.0114087 0.0117301 0.012926 0.0131373 
0.00798057 0.00810047 0.00809386 0.00896983 0.0081141 0.00831348 0.00970294 0.00819182 0.00910653 0.00817629 0.00845772 0.00808956 0.00812295 0.00986622 0.00975291 0.00968063 0.00938344 0.0105996 0.0116546 0.00896156 0.0105627 0.00846126 0.00925089 0.00894933 0.00862857 0.0087911 0.00861077 0.00884091 0.0091558 0.00999506 0.00961523 0.0102136 0.0094987 0.0129048 0.0116981 0.0170013 0.486409 0.0100521 0.0765053 0 0.00361853 0.00381236 0.0251596 0.0227357 0.0128167 0.0105584 0.016924 0.0103422 0.0100765 0.0122405 0.00995647 0.014859 0.00984922 0.00929729 0.0117071 0.0114938 0.00847725 0.0107713 0.00879506 0.00977188 0.00903191 0.00894563 0.0142314 
0.00800636 0.00813445 0.00836839 0.00830365 0.00852743 0.00845487 0.0083557 0.00861351 0.00836888 0.00853734 0.00818532 0.00833866 0.0082968 0.00809624 0.00983855 0.0103404 0.00994303 0.0115558 0.00875361 0.00943685 0.00870091 0.00925247 0.00861511 0.00885341 0.00900685 0.00857095 0.00874305 0.00877536 0.00943287 0.00962356 0.0105892 0.00946733 0.0111261 0.00876746 0.0101446 0.0126562 0.0100856 0.731601 0.0103198 0.00361853 0 0.00359901 0.0154579 0.0307428 0.014108 0.0232785 0.0101956 0.00966175 0.00958348 0.00977964 0.0165452 0.0107895 0.00895419 0.00944387 0.00935505 0.00863028 0.0142064 0.00864013 0.00935171 0.00900306 0.00969872 0.0126276 0.00924564 
0.00810875 0.00804335 0.00815285 0.00816281 0.00824715 0.00823618 0.00874011 0.00894497 0.00816677 0.00831455 0.00827145 0.00819093 0.00809247 0.008392 0.0116361 0.00973978 0.00920174 0.00905704 0.0103212 0.0110983 0.00863886 0.00844434 0.00871777 0.0090163 0.00875048 0.00862799 0.00884135 0.00866725 0.009487 0.00963214 0.00951664 0.00942967 0.00890854 0.00993192 0.0114969 0.00962569 0.0441736 0.0107721 0.537536 0.00381236 0.00359901 0 0.0211545 0.0123786 0.0180897 0.0202208 0.0305086 0.010484 0.00883986 0.0177743 0.00977866 0.0106574 0.00976014 0.0119021 0.00905499 0.0150052 0.00906988 0.0088216 0.00891617 0.00942566 0.00941973 0.00950083 0.0104857 
0.00832107 0.00805939 0.0086807 0.00833592 0.00910226 0.00852003 0.0109398 0.00940675 0.00819958 0.00886317 0.00819559 0.00831445 0.00811111 0.00952231 0.0144643 0.01111 0.0105376 0.0114586 0.016921 0.00925463 0.00874213 0.00907898 0.00864221 0.00935393 0.00882126 0.00872765 0.00888656 0.00912687 0.0101256 0.0107481 0.0127449 0.0105425 0.0126237 0.0151802 0.0104601 0.0153005 0.0110004 0.012131 0.022834 0.0251596 0.0154579 0.0211545 0 0.00460813 0.0036294 0.00363004 0.00387282 0.0110614 0.0141158 0.0155116 0.0136484 0.0161555 0.0212051 0.015093 0.0230471 0.0114082 0.0177607 0.0094657 0.0161888 0.0110315 0.0127609 0.0127115 0.0370792 
0.00815518 0.00841502 0.00836447 0.00968271 0.00888108 0.00986857 0.00896037 0.00836482 0.00991898 0.00853229 0.00926501 0.00839164 0.00839584 0.00837138 0.0110844 0.0277999 0.0193954 0.0165151 0.0097413 0.00931101 0.0105124 0.00893007 0.0164233 0.0101162 0.0104456 0.0119186 0.0106084 0.0116605 0.016276 0.0267487 0.0238165 0.0315339 0.0110604 0.0107302 0.0097692 0.0103951 0.0132353 0.0164653 0.013722 0.0227357 0.0307428 0.0123786 0.00460813 0 0.00357379 0.00355628 0.00356912 0.0116516 0.00911536 0.0128181 0.0222439 0.0293951 0.00963505 0.0119409 0.0108898 0.0137882 0.0101533 0.0218584 0.0130693 0.0400672 0.0205001 0.0359592 0.0131008 
0.0083028 0.00842909 0.00904207 0.00985335 0.0112044 0.0096801 0.00915643 0.00887039 0.00872219 0.0108055 0.00905047 0.00927556 0.00841725 0.00828838 0.0136553 0.0227639 0.0638093 0.0182231 0.0101991 0.00936923 0.00968846 0.0151126 0.0119534 0.0187694 0.0174268 0.0132392 0.0148538 0.0162599 0.0331085 0.0435617 0.0689321 0.0459371 0.0158211 0.00922372 0.00949818 0.00945276 0.0110873 0.0141782 0.0170315 0.0128167 0.014108 0.0180897 0.0036294 0.00357379 0 0.00355177 0.00352796 0.00692076 0.00880399 0.0135805 0.0343382 0.0203289 0.0124744 0.0104036 0.00972184 0.010131 0.0169101 0.0140208 0.0372062 0.0247703 0.102207 0.0329778 0.0124635 
0.00813626 0.00829643 0.00845929 0.00863397 0.00876675 0.00900369 0.00847252 0.00862046 0.0084296 0.00859138 0.00864777 0.00837383 0.00829788 0.00823294 0.00999162 0.0162142 0.0178969 0.0140883 0.00928825 0.00902512 0.00914439 0.00869819 0.0092749 0.00978117 0.00990946 0.00966302 0.00921731 0.00962988 0.0128574 0.0204567 0.0189075 0.0170773 0.0117986 0.00895422 0.00991961 0.0108487 0.0101103 0.0219512 0.014249 0.0105584 0.0232785 0.0202208 0.00363004 0.00355628 0.00355177 0 0.00352895 0.00707851 0.00925549 0.0137546 0.0238328 0.0129264 0.0113487 0.00940407 0.00976446 0.0105574 0.0147309 0.010076 0.0109319 0.0216029 0.0194911 0.0640953 0.0110537 
0.00851405 0.00819344 0.00832097 0.00841204 0.0087687 0.00840223 0.00863219 0.010132 0.00835021 0.00852203 0.00845548 0.008313 0.00830655 0.00833213 0.0162732 0.00969228 0.00981592 0.00940064 0.0101667 0.0121796 0.00875606 0.00860167 0.00880394 0.0090928 0.00901053 0.00882434 0.00890969 0.00887049 0.0104566 0.0105436 0.0108486 0.0101195 0.00929191 0.00928592 0.0140921 0.0126724 0.0164559 0.0102581 0.0223611 0.016924 0.0101956 0.0305086 0.00387282 0.00356912 0.00352796 0.00352895 0 0.0164782 0.0056066 0.0268723 0.00820732 0.0316543 0.00983797 0.0112274 0.0098395 0.0162024 0.00935834 0.00893866 0.00974641 0.0103586 0.0109809 0.0128194 0.0183596 
0.00794621 0.00796707 0.00803661 0.00824215 0.00804011 0.00800615 0.00847074 0.00814912 0.00830075 0.00808598 0.00808625 0.00797708 0.00800921 0.00824934 0.0082251 0.00829972 0.0082072 0.00849551 0.00908089 0.0084393 0.0083839 0.0080701 0.00819508 0.00817134 0.00815281 0.00808208 0.00801233 0.0080602 0.00823203 0.00824821 0.00832374 0.00837725 0.0084041 0.00891738 0.00908279 0.0116643 0.00974037 0.00907653 0.00986496 0.0103422 0.00966175 0.010484 0.0110614 0.0116516 0.00692076 0.00707851 0.0164782 0 0.015123 0.00490872 0.808169 0.0078314 0.00496872 0.00547002 0.0193823 0.00782772 0.00848351 0.0084616 0.00783936 0.00835566 0.008229 0.00932461 0.0143803 
0.00805544 0.00800314 0.00802724 0.00807813 0.00804822 0.00803222 0.00813064 0.00875088 0.00804581 0.00810369 0.0080337 0.00800988 0.00806041 0.00802994 0.00857698 0.0081017 0.00801637 0.00830212 0.00833209 0.00867929 0.00810878 0.00809151 0.00797106 0.00808283 0.00804358 0.00800791 0.00802742 0.00798946 0.00816527 0.00813691 0.00826866 0.00819537 0.00825581 0.00820766 0.00947884 0.00846443 0.00958113 0.00892902 0.00890511 0.0100765 0.00958348 0.00883986 0.0141158 0.00911536 0.00880399 0.00925549 0.0056066 0.015123 0 0.936643 0.00524013 0.00488539 0.00373557 0.00866888 0.00544553 0.00795499 0.00824452 0.00704426 0.00869977 0.0079645 0.0082437 0.00988839 0.00945368 
0.0081583 0.00810928 0.00820986 0.00846642 0.00841015 0.00844254 0.0095811 0.00845943 0.00835497 0.00824343 0.00823613 0.00818294 0.00807123 0.00896694 0.0103308 0.00990927 0.00969196 0.0105645 0.0129253 0.00875714 0.00855787 0.00857966 0.00860428 0.00862661 0.00847223 0.00865794 0.00841275 0.00885067 0.00944094 0.0101446 0.0109568 0.0101834 0.0104661 0.0146303 0.00926142 0.0137961 0.0109008 0.00951995 0.0202891 0.0122405 0.00977964 0.0177743 0.0155116 0.0128181 0.0135805 0.0137546 0.0268723 0.00490872 0.936643 0 0.00365461 0.00365486 0.00386233 0.00371307 0.00700439 0.00854997 0.00770283 0.0103665 0.0104207 0.013394 0.0112655 0.0207084 0.0437466 
0.00810177 0.00830679 0.00852862 0.00882324 0.00913537 0.00879439 0.00885921 0.00833271 0.0085162 0.00893855 0.00852097 0.00856787 0.00831867 0.00817094 0.0110846 0.0168732 0.0160379 0.0118033 0.00929906 0.00859062 0.00924134 0.00917661 0.00999387 0.0100926 0.0100887 0.00958723 0.00992678 0.0102241 0.0146684 0.0198595 0.0232852 0.0171072 0.0115224 0.00892999 0.00904069 0.00919908 0.00935965 0.0191619 0.0111804 0.00995647 0.0165452 0.00977866 0.0136484 0.0222439 0.0343382 0.0238328 0.00820732 0.808169 0.00524013 0.00365461 0 0.00372509 0.00354549 0.00370511 0.00470014 0.0071102 0.0108435 0.0121756 0.012587 0.0155021 0.0192639 0.0478241 0.0145831 
0.00829678 0.00851064 0.00849056 0.00935155 0.008959 0.00911066 0.00879391 0.00865142 0.00905862 0.00861927 0.00901078 0.00856233 0.00834455 0.00825933 0.010299 0.015093 0.0155211 0.0124182 0.00895488 0.00983452 0.0095396 0.00877681 0.0101669 0.0100252 0.00977821 0.00978927 0.00908527 0.0100735 0.0132357 0.0205079 0.0180745 0.019081 0.0104715 0.00896804 0.00950689 0.0102295 0.0128077 0.0135724 0.0139562 0.014859 0.0107895 0.0106574 0.0161555 0.0293951 0.0203289 0.0129264 0.0316543 0.0078314 0.00488539 0.00365486 0.00372509 0 0.00354151 0.00359155 0.00576977 0.0102684 0.0251992 0.0123191 0.00885581 0.016029 0.0254769 0.02564 0.0138909 
0.00810356 0.00810017 0.00830879 0.00822393 0.00841694 0.00824384 0.00867807 0.00938071 0.00805802 0.00863045 0.00813383 0.00817942 0.0081124 0.00811795 0.01033 0.00933952 0.0109479 0.00910833 0.00893495 0.00909034 0.0083513 0.00941636 0.00862935 0.00940647 0.00925047 0.00859732 0.008894 0.00905606 0.0114188 0.0115072 0.0123736 0.0100353 0.00894443 0.00861115 0.0089875 0.00852889 0.00933082 0.00901711 0.0108775 0.00984922 0.00895419 0.00976014 0.0212051 0.00963505 0.0124744 0.0113487 0.00983797 0.00496872 0.00373557 0.00386233 0.00354549 0.00354151 0 0.00655957 0.00354668 0.00548741 0.0177487 0.00644842 0.0120574 0.0131621 0.0110053 0.00889706 0.00865347 
0.00797669 0.00802999 0.00826598 0.0084378 0.00830057 0.00833435 0.00818699 0.0092181 0.00817276 0.00848401 0.00822367 0.0081005 0.00800027 0.00812136 0.00887595 0.00909867 0.0085691 0.00861604 0.00898068 0.00865077 0.00820852 0.00845006 0.00828746 0.0083373 0.00834747 0.00825686 0.0081372 0.00830072 0.00857042 0.00890855 0.00897575 0.0088524 0.00867512 0.00877155 0.0088236 0.0111763 0.00880109 0.00976564 0.0130218 0.00929729 0.00944387 0.0119021 0.015093 0.0119409 0.0104036 0.00940407 0.0112274 0.00547002 0.00866888 0.00371307 0.00370511 0.00359155 0.00655957 0 0.00417181 0.00393406 0.0264627 0.00492476 0.00662374 0.00632467 0.00727021 0.00750445 0.0129458 
0.00812037 0.00808094 0.00806532 0.00804997 0.00812733 0.00815112 0.00845151 0.00868245 0.0081123 0.00820688 0.00802197 0.00810112 0.00803619 0.00814573 0.00915541 0.00847832 0.0083261 0.00857025 0.00852532 0.00884869 0.00839358 0.00812635 0.00810061 0.00824454 0.00817646 0.00813905 0.00817046 0.00821268 0.00833196 0.00836964 0.00849145 0.00840417 0.00837878 0.00842333 0.0105078 0.00870546 0.0102382 0.00900203 0.00957848 0.0117071 0.00935505 0.00905499 0.0230471 0.0108898 0.00972184 0.00976446 0.0098395 0.0193823 0.00544553 0.00700439 0.00470014 0.00576977 0.00354668 0.00417181 0 0.0410245 0.00490985 0.00409871 0.00462931 0.00596221 0.00638725 0.00884619 0.00938981 
0.00795184 0.00805955 0.00802246 0.00837886 0.00804562 0.00816789 0.00889476 0.00799188 0.00871236 0.00798791 0.0081851 0.00795673 0.00798798 0.00857196 0.00838678 0.0084626 0.00838215 0.00865705 0.00950843 0.00823563 0.00857214 0.00799902 0.00872859 0.00814813 0.0080883 0.00833533 0.00808357 0.00836444 0.00837832 0.00893117 0.00859423 0.00872575 0.0083735 0.0102558 0.00853252 0.0118483 0.0103446 0.00842934 0.0129755 0.0114938 0.00863028 0.0150052 0.0114082 0.0137882 0.010131 0.0105574 0.0162024 0.00782772 0.00795499 0.00854997 0.0071102 0.0102684 0.00548741 0.00393406 0.0410245 0 0.00351298 0.00364146 0.00354717 0.00372454 0.00363477 0.00386488 0.00714375 
0.00807209 0.00810954 0.00874739 0.00828393 0.00889472 0.00833061 0.0081869 0.00947595 0.00808984 0.00949077 0.00816771 0.00840081 0.00807477 0.00804571 0.00915483 0.00911555 0.00936494 0.00888894 0.00854222 0.00822606 0.00816503 0.0093989 0.00823155 0.00932576 0.00870318 0.00841767 0.00895176 0.00842241 0.0102119 0.00933509 0.011525 0.00899157 0.00943117 0.00832146 0.00907869 0.00848177 0.00839598 0.0119062 0.00911759 0.00847725 0.0142064 0.00906988 0.0177607 0.0101533 0.0169101 0.0147309 0.00935834 0.00848351 0.00824452 0.00770283 0.0108435 0.0251992 0.0177487 0.0264627 0.00490985 0.00351298 0 0.0035325 0.00356341 0.00355494 0.00380521 0.00531035 0.00377238 
0.00809136 0.00838417 0.00826953 0.0099098 0.00844371 0.00896097 0.00825335 0.00805316 0.00936223 0.0083032 0.00929123 0.00832356 0.00856364 0.00847315 0.00869624 0.0107144 0.011113 0.00936536 0.00830893 0.00869154 0.0092873 0.00824112 0.0113012 0.0087944 0.00889912 0.0106441 0.00850334 0.0095272 0.0107729 0.0167766 0.0129709 0.0167773 0.0085276 0.0084505 0.00824793 0.00850292 0.0100176 0.00859473 0.00900503 0.0107713 0.00864013 0.0088216 0.0094657 0.0218584 0.0140208 0.010076 0.00893866 0.0084616 0.00704426 0.0103665 0.0121756 0.0123191 0.00644842 0.00492476 0.00409871 0.00364146 0.0035325 0 0.00352472 0.00359479 0.00356935 0.00358225 0.00363226 
0.00819171 0.00820441 0.00913172 0.0084736 0.00979991 0.00847386 0.00828149 0.00933653 0.00827716 0.00995173 0.0083972 0.00854754 0.0081833 0.00813136 0.00985476 0.0107859 0.015558 0.00974875 0.00871341 0.00850205 0.0085033 0.0109246 0.00881707 0.0115388 0.0110705 0.00910859 0.0105043 0.0098956 0.017744 0.0174289 0.0308866 0.0142532 0.00992566 0.00846635 0.00890563 0.00848615 0.00854902 0.0103677 0.00977661 0.00879506 0.00935171 0.00891617 0.0161888 0.0130693 0.0372062 0.0109319 0.00974641 0.00783936 0.00869977 0.0104207 0.012587 0.00885581 0.0120574 0.00662374 0.00462931 0.00354717 0.00356341 0.00352472 0 0.00354893 0.00355141 0.0035343 0.00358037 
