1I8NA
ETITAGNEDCWSKRPGWKLPDNLLTKTEFTSVDECRKMCEESAVEPSCYILQINTETNECYRNNEGDVTWSSLQYDQPNVVQWHLHACS
CEEECCCCEEEEEEECCECCHHHEEECCCCCHHHHHHHHHHCCCCCCCCEEEEECCCCCEEEECCCCCCHHHCECCCCCEEEEEEEECC
0 0 0 0 0 0 0 0 0 0 0 0 0 0 0 0 0 0 0 0 0 0 0 0 0 0 0 0 0 0 0 0 0 0 0 0 0 0 0 0 0 0 0 0 0 0 0 0 0 0 0 0 0 0 0 0 0 0 0 0 0 0 0 0 0 0 0 0 0 0 0 0 0 0 0 0 0 0 0 0 0 0 0 0 0 0 0 0 0 
0 0 0 0 0 0 0 0 0 0 0 0 0 0 0 0 0 0 0 0 0 0 0 0 0 0 0 0 0 0 0 0 0 0 0 0 0 0 0 0 0 0 0 0 0 0 0 0 0 0 0 0 0 0 0 0 0 0 0 0 0 0 0 0 0 0 0 0 0 0 0 0 0 0 0 0 0 0 0 0 0 0 0 0 0 0 0 0 0 
0 0.00396854 0.00617391 0.00889516 0.0212655 0.053881 0.273036 0.0240611 0.00747033 0.0237544 0.028895 0.0153551 0.0177837 0.0368214 0.0477532 0.0158105 0.0530192 0.0105039 0.0294608 0.0100448 0.0139258 0.0116001 0.0142892 0.015663 0.0149492 0.0112128 0.0231125 0.0106093 0.0231923 0.00943726 0.0131356 0.0113846 
0.00396854 0 0.00369033 0.00583725 0.0237036 0.120807 0.00764256 0.00646782 0.0140693 0.00617037 0.00968447 0.0149343 0.0226761 0.0118252 0.0135945 0.0460742 0.00948577 0.0438074 0.00883683 0.0131224 0.0101487 0.0120746 0.00941004 0.00908603 0.00971442 0.0140113 0.00908571 0.0115919 0.00863023 0.0128626 0.00960144 0.00904409 
0.00617391 0.00369033 0 0.0531039 0.061755 0.00509647 0.004679 0.00738916 0.00569733 0.00644722 0.0129675 0.0226844 0.0112006 0.0140489 0.0172599 0.0106109 0.0322836 0.00957678 0.0134893 0.0165608 0.00988058 0.0090323 0.00962539 0.0156963 0.013661 0.00945268 0.00979173 0.00875548 0.0110019 0.00878404 0.0093211 0.00999883 
0.00889516 0.00583725 0.0531039 0 0.00356104 0.0035352 0.00355061 0.003562 0.00424282 0.00363708 0.00748476 0.00534034 0.00809331 0.0172456 0.0193347 0.0100734 0.0147609 0.010151 0.0144546 0.00845709 0.00910977 0.00910283 0.0132243 0.00969068 0.00927259 0.0090637 0.01009 0.00982296 0.0105428 0.00993081 0.0106162 0.0211726 
0.0212655 0.0237036 0.061755 0.00356104 0 0.00353743 0.00351429 0.00355905 0.00369896 0.00352713 0.00515414 0.00590558 0.00853895 0.00850499 0.0169033 0.0247201 0.0138614 0.01786 0.00961025 0.00941449 0.00953938 0.0144559 0.00963913 0.00821943 0.00964007 0.0144522 0.0138767 0.0192551 0.0143832 0.0168956 0.0391206 0.00953437 
0.053881 0.120807 0.00509647 0.0035352 0.00353743 0 0.00352705 0.00353606 0.00349446 0.00357516 0.00407667 0.00676877 0.00708019 0.0149481 0.0180004 0.0170447 0.0327579 0.010788 0.0099516 0.00891362 0.0149233 0.0111565 0.00905479 0.00837561 0.00979778 0.0126243 0.0378854 0.024579 0.029646 0.0566355 0.0112451 0.0090177 
0.273036 0.00764256 0.004679 0.00355061 0.00351429 0.00352705 0 0.00352908 0.00352636 0.00364484 0.00375834 0.00580823 0.00656508 0.0130636 0.0110314 0.0195603 0.0148224 0.0150512 0.00891868 0.0102744 0.00945943 0.0103425 0.00935536 0.00823046 0.00917326 0.012704 0.0178752 0.0254003 0.0535096 0.0126804 0.0107679 0.00886263 
0.0240611 0.00646782 0.00738916 0.003562 0.00355905 0.00353606 0.00352908 0 0.00356585 0.00370092 0.00587153 0.00497766 0.00821945 0.0194172 0.0116354 0.0106125 0.0243339 0.00919912 0.00895372 0.00880264 0.00992263 0.00893791 0.00855125 0.00847314 0.00860503 0.0100294 0.0193917 0.0520159 0.0126921 0.0111195 0.0100531 0.00854853 
0.00747033 0.0140693 0.00569733 0.00424282 0.00369896 0.00349446 0.00352636 0.00356585 0 0.00355792 0.00425162 0.0120483 0.00651222 0.0071887 0.00961741 0.0163736 0.00963098 0.0108832 0.00835756 0.00953071 0.00893823 0.00914237 0.00831026 0.00842959 0.00957004 0.01067 0.0216943 0.0115117 0.0105619 0.0099676 0.00899565 0.00828754 
0.0237544 0.00617037 0.00644722 0.00363708 0.00352713 0.00357516 0.00364484 0.00370092 0.00355792 0 0.0142092 0.00630485 0.00606057 0.00678766 0.0161445 0.0107123 0.0120967 0.00869982 0.00955458 0.0118395 0.0096022 0.00843748 0.00874917 0.00993501 0.00984675 0.0179115 0.00890094 0.0088676 0.00871732 0.00865069 0.00894871 0.0087976 
0.028895 0.00968447 0.0129675 0.00748476 0.00515414 0.00407667 0.00375834 0.00587153 0.00425162 0.0142092 0 0.019875 0.0054105 0.00975584 0.0206632 0.0105885 0.0110674 0.00940673 0.013849 0.0124868 0.0093624 0.00955865 0.00982256 0.0470701 0.0127088 0.00870999 0.00878568 0.0086505 0.008455 0.00840418 0.00847254 0.00941944 
0.0153551 0.0149343 0.0226844 0.00534034 0.00590558 0.00676877 0.00580823 0.00497766 0.0120483 0.00630485 0.019875 0 0.00357564 0.00394843 0.01597 0.0132133 0.0127641 0.0419007 0.025976 0.0107395 0.00903039 0.014099 0.0782596 0.0107035 0.00983932 0.00927451 0.00943003 0.0119036 0.00924621 0.00987341 0.0100437 0.016146 
0.0177837 0.0226761 0.0112006 0.00809331 0.00853895 0.00708019 0.00656508 0.00821945 0.00651222 0.00606057 0.0054105 0.00357564 0 0.00372234 0.0151168 0.0186433 0.0346079 0.0188259 0.012526 0.00907634 0.0149848 0.0683556 0.00972032 0.0113408 0.00901306 0.00989745 0.0101699 0.00911014 0.00980939 0.00895749 0.0144051 0.00896331 
0.0368214 0.0118252 0.0140489 0.0172456 0.00850499 0.0149481 0.0130636 0.0194172 0.0071887 0.00678766 0.00975584 0.00394843 0.00372234 0 0.0254402 0.0432226 0.0223502 0.0197842 0.021318 0.0260496 0.0180127 0.00968585 0.0106892 0.0158579 0.0148241 0.0102376 0.00904647 0.00964704 0.00920922 0.00923962 0.00910171 0.00894504 
0.0477532 0.0135945 0.0172599 0.0193347 0.0169033 0.0180004 0.0110314 0.0116354 0.00961741 0.0161445 0.0206632 0.01597 0.0151168 0.0254402 0 0.00388886 0.00355529 0.00362313 0.00394207 0.00587832 0.00921653 0.0124645 0.488217 0.011594 0.041981 0.0135958 0.0152129 0.0123764 0.0877676 0.0109158 0.0132834 0.023626 
0.0158105 0.0460742 0.0106109 0.0100734 0.0247201 0.0170447 0.0195603 0.0106125 0.0163736 0.0107123 0.0105885 0.0132133 0.0186433 0.0432226 0.00388886 0 0.00355461 0.00359541 0.00356513 0.00591246 0.00677731 0.812097 0.032999 0.00874066 0.0198086 0.0545919 0.0129715 0.247002 0.0135506 0.0360277 0.0147424 0.0110046 
0.0530192 0.00948577 0.0322836 0.0147609 0.0138614 0.0327579 0.0148224 0.0243339 0.00963098 0.0120967 0.0110674 0.0127641 0.0346079 0.0223502 0.00355529 0.00355461 0 0.00353014 0.00355052 0.00483103 0.895538 0.0280967 0.0222037 0.0100042 0.0193177 0.0121252 0.397967 0.0122585 0.114609 0.0131279 0.0345435 0.00967153 
0.0105039 0.0438074 0.00957678 0.010151 0.01786 0.010788 0.0150512 0.00919912 0.0108832 0.00869982 0.00940673 0.0419007 0.0188259 0.0197842 0.00362313 0.00359541 0.00353014 0 0.0058735 0.853496 0.0208338 0.0131771 0.00560835 0.00855053 0.0106984 0.190874 0.010344 0.0579779 0.0101607 0.0331443 0.0106194 0.0120676 
0.0294608 0.00883683 0.0134893 0.0144546 0.00961025 0.0099516 0.00891868 0.00895372 0.00835756 0.00955458 0.013849 0.025976 0.012526 0.021318 0.00394207 0.00356513 0.00355052 0.0058735 0 0.094828 0.00827948 0.00515165 0.00548611 0.0121503 0.0672588 0.0110544 0.0142427 0.00933701 0.0204036 0.00872483 0.0172669 0.00977012 
0.0100448 0.0131224 0.0165608 0.00845709 0.00941449 0.00891362 0.0102744 0.00880264 0.00953071 0.0118395 0.0124868 0.0107395 0.00907634 0.0260496 0.00587832 0.00591246 0.00483103 0.853496 0.094828 0 0.00361507 0.00370132 0.00987953 0.0116426 0.0133273 0.0101035 0.00945469 0.0497923 0.00924079 0.0134663 0.00934697 0.0340165 
0.0139258 0.0101487 0.00988058 0.00910977 0.00953938 0.0149233 0.00945943 0.00992263 0.00893823 0.0096022 0.0093624 0.00903039 0.0149848 0.0180127 0.00921653 0.00677731 0.895538 0.0208338 0.00827948 0.00361507 0 0.00452057 0.0035316 0.00764144 0.0117425 0.0160779 0.0385371 0.0104977 0.0350467 0.00987492 0.0179895 0.00889551 
0.0116001 0.0120746 0.0090323 0.00910283 0.0144559 0.0111565 0.0103425 0.00893791 0.00914237 0.00843748 0.00955865 0.014099 0.0683556 0.00968585 0.0124645 0.812097 0.0280967 0.0131771 0.00515165 0.00370132 0.00452057 0 0.00360631 0.0094129 0.0146 0.0398835 0.0133749 0.0165644 0.0127826 0.0151129 0.0117415 0.00930872 
0.0142892 0.00941004 0.00962539 0.0132243 0.00963913 0.00905479 0.00935536 0.00855125 0.00831026 0.00874917 0.00982256 0.0782596 0.00972032 0.0106892 0.488217 0.032999 0.0222037 0.00560835 0.00548611 0.00987953 0.0035316 0.00360631 0 0.0366073 0.0198614 0.0115908 0.0125216 0.0104613 0.0117304 0.00911618 0.0107756 0.00947089 
0.015663 0.00908603 0.0156963 0.00969068 0.00821943 0.00837561 0.00823046 0.00847314 0.00842959 0.00993501 0.0470701 0.0107035 0.0113408 0.0158579 0.011594 0.00874066 0.0100042 0.00855053 0.0121503 0.0116426 0.00764144 0.0094129 0.0366073 0 0.0327344 0.00893427 0.00462056 0.0040589 0.00467881 0.00493009 0.00783888 0.00945925 
0.0149492 0.00971442 0.013661 0.00927259 0.00964007 0.00979778 0.00917326 0.00860503 0.00957004 0.00984675 0.0127088 0.00983932 0.00901306 0.0148241 0.041981 0.0198086 0.0193177 0.0106984 0.0672588 0.0133273 0.0117425 0.0146 0.0198614 0.0327344 0 0.00374128 0.00354837 0.0035367 0.00356082 0.00363594 0.00369071 0.00470607 
0.0112128 0.0140113 0.00945268 0.0090637 0.0144522 0.0126243 0.012704 0.0100294 0.01067 0.0179115 0.00870999 0.00927451 0.00989745 0.0102376 0.0135958 0.0545919 0.0121252 0.190874 0.0110544 0.0101035 0.0160779 0.0398835 0.0115908 0.00893427 0.00374128 0 0.00357286 0.0035401 0.00357409 0.00357474 0.00482273 0.00396329 
0.0231125 0.00908571 0.00979173 0.01009 0.0138767 0.0378854 0.0178752 0.0193917 0.0216943 0.00890094 0.00878568 0.00943003 0.0101699 0.00904647 0.0152129 0.0129715 0.397967 0.010344 0.0142427 0.00945469 0.0385371 0.0133749 0.0125216 0.00462056 0.00354837 0.00357286 0 0.00352673 0.00353003 0.00354133 0.00354877 0.00358082 
0.0106093 0.0115919 0.00875548 0.00982296 0.0192551 0.024579 0.0254003 0.0520159 0.0115117 0.0088676 0.0086505 0.0119036 0.00911014 0.00964704 0.0123764 0.247002 0.0122585 0.0579779 0.00933701 0.0497923 0.0104977 0.0165644 0.0104613 0.0040589 0.0035367 0.0035401 0.00352673 0 0.00354609 0.00354004 0.00356125 0.00362858 
0.0231923 0.00863023 0.0110019 0.0105428 0.0143832 0.029646 0.0535096 0.0126921 0.0105619 0.00871732 0.008455 0.00924621 0.00980939 0.00920922 0.0877676 0.0135506 0.114609 0.0101607 0.0204036 0.00924079 0.0350467 0.0127826 0.0117304 0.00467881 0.00356082 0.00357409 0.00353003 0.00354609 0 0.00353881 0.00352552 0.00361512 
0.00943726 0.0128626 0.00878404 0.00993081 0.0168956 0.0566355 0.0126804 0.0111195 0.0099676 0.00865069 0.00840418 0.00987341 0.00895749 0.00923962 0.0109158 0.0360277 0.0131279 0.0331443 0.00872483 0.0134663 0.00987492 0.0151129 0.00911618 0.00493009 0.00363594 0.00357474 0.00354133 0.00354004 0.00353881 0 0.00351231 0.00351726 
0.0131356 0.00960144 0.0093211 0.0106162 0.0391206 0.0112451 0.0107679 0.0100531 0.00899565 0.00894871 0.00847254 0.0100437 0.0144051 0.00910171 0.0132834 0.0147424 0.0345435 0.0106194 0.0172669 0.00934697 0.0179895 0.0117415 0.0107756 0.00783888 0.00369071 0.00482273 0.00354877 0.00356125 0.00352552 0.00351231 0 0.00352203 
0.0113846 0.00904409 0.00999883 0.0211726 0.00953437 0.0090177 0.00886263 0.00854853 0.00828754 0.0087976 0.00941944 0.016146 0.00896331 0.00894504 0.023626 0.0110046 0.00967153 0.0120676 0.00977012 0.0340165 0.00889551 0.00930872 0.00947089 0.00945925 0.00470607 0.00396329 0.00358082 0.00362858 0.00361512 0.00351726 0.00352203 0 
