1J08A
GLISEEDKRIIKEEFFSKMVNPVKLIVFIGKEHCQYCDQLKQLVQELSELTDKLSYEIVDFDTPEGKELAEKYRIDRAPATTITQDGKDFGVRYFGIPAGHEFAAFLEDIVDVSKGDTDLMQDSKEEVSKIDKDVRILIFVTPTCPYCPLAVRMAHKFAIENTKAGKGKILGDMVEAIEYPEWADQYNVMAVPKIVIQVNGEDKVQFEGAYPEKMFLEKLLSALS
CCCCHHHHHHHHHHCHHHCCCCEEEEEEECCCCCCCHHHHHHHHHHHHCCCCCEEEEEEECCCHHHHHHHHHCCCCCCCEEEEEECCECCCEEEECCCCCCHHHHHHHHHHHHHHCCCCCCHHHHHHHCCCCCCEEEEEEECCCCCCHHHHHHHHHHHHHHHHHCCCCCEEEEEEECCCCHHHHHCCCCCCCCEEEEEECCEEEEEEECCCCHHHHHHHHHHHCC
0 0 0 0 0 0 0 0 0 0 0 0 0 0 0 0 0 0 0 0 0 0 0 0 0 0 0 0 0 0 0 0 0 0 0 0 0 0 0 0 0 0 0 0 0 0 0 0 0 0 0 0 0 0 0 0 0 0 0 0 0 0 0 0 0 0 0 0 0 0 0 0 0 0 0 0 0 0 0 0 0 0 0 0 0 0 0 0 0 0 0 0 0 0 0 0 0 0 0 0 0 0 0 0 0 0 0 0 0 0 0 0 0 0 0 0 0 0 0 0 0 0 0 0 0 0 0 0 0 0 0 0 0 0 0 0 0 0 0 0 0 0 0 0 0 0 0 0 0 0 0 0 0 0 0 0 0 0 0 0 0 0 0 0 0 0 0 0 0 0 0 0 0 0 0 0 0 0 0 0 0 0 0 0 0 0 0 0 0 0 0 0 0 0 0 0 0 0 0 0 0 0 0 0 0 0 0 0 0 0 0 0 0 0 0 0 0 0 0 0 0 0 0 0 0 
0 0 0 0 0 0 0 0 0 0 0 0 0 0 0 0 0 0 0 0 0 0 0 0 0 0 0 0 0 0 0 0 0 0 0 0 0 0 0 0 0 0 0 0 0 0 0 0 0 0 0 0 0 0 0 0 0 0 0 0 0 0 0 0 0 0 0 0 0 0 0 0 0 0 0 0 0 0 0 0 0 0 0 0 0 0 0 0 0 0 0 0 0 0 0 0 0 0 0 0 0 0 0 0 0 0 0 0 0 0 0 0 0 0 0 0 0 0 0 0 0 0 0 0 0 0 0 0 0 0 0 0 0 0 0 0 0 0 0 0 0 0 0 0 0 0 0 0 0 0 0 0 0 0 0 0 0 0 0 0 0 0 0 0 0 0 0 0 0 0 0 0 0 0 0 0 0 0 0 0 0 0 0 0 0 0 0 0 0 0 0 0 0 0 0 0 0 0 0 0 0 0 0 0 0 0 0 0 0 0 0 0 0 0 0 0 0 0 0 0 0 0 0 0 0 
0 0.00358496 0.0036744 0.00363859 0.00375205 0.00386257 0.00663467 0.464279 0.009208 0.0155057 0.00913909 0.0102258 0.0145399 0.0142886 0.0151723 0.0116452 0.00977232 0.0123938 0.00964513 0.0191902 0.0095116 0.0111071 0.00876458 0.0100721 0.014425 0.0121086 0.00832788 0.0113029 0.00871224 0.00922763 0.00876913 0.012231 0.0102417 0.00823404 0.00837552 0.00823011 0.00827349 0.00823866 0.00853721 0.00833208 0.00847939 0.00835307 0.00860462 0.00828982 0.00986233 0.00822593 0.00807386 0.00807751 0.00876315 0.00802354 0.0086607 0.00842265 
0.00358496 0 0.00357103 0.00360916 0.00361496 0.00397198 0.00385688 0.0119804 0.624995 0.00896139 0.0151133 0.0114201 0.0103808 0.0146396 0.0130349 0.0187815 0.0356294 0.0101984 0.0346647 0.00875514 0.00876865 0.00959536 0.019738 0.0112842 0.00994962 0.00839745 0.0144786 0.00928073 0.0152305 0.0101215 0.0131548 0.00897765 0.00849738 0.00938216 0.0087424 0.00889372 0.00883982 0.00868209 0.00842363 0.00840659 0.00871326 0.00923283 0.00881675 0.00893551 0.00822682 0.00805423 0.00830454 0.00845495 0.00831422 0.00904516 0.00827861 0.00837287 
0.0036744 0.00357103 0 0.00357534 0.00359115 0.0036619 0.00364131 0.114624 0.010457 0.509887 0.0110905 0.0181099 0.0193481 0.00943812 0.0133593 0.0395643 0.0204921 0.141726 0.0107953 0.0103863 0.00836242 0.0136991 0.0143674 0.0245423 0.0104643 0.011088 0.0102051 0.0444748 0.0196765 0.0283761 0.0122283 0.0104618 0.00966194 0.00918737 0.0114232 0.0095872 0.010932 0.010577 0.0086122 0.0086491 0.0099482 0.0100926 0.0145893 0.00936872 0.00861711 0.00808249 0.00835002 0.00840682 0.00921658 0.00847018 0.00889106 0.00833989 
0.00363859 0.00360916 0.00357534 0 0.00355509 0.00358868 0.00359542 0.0230693 0.0635196 0.0151619 0.447408 0.0203659 0.0128545 0.0121066 0.0141255 0.0217138 0.145469 0.0433366 0.022337 0.00928458 0.00863284 0.0118863 0.0288608 0.0167711 0.0117725 0.008915 0.0154857 0.0158563 0.0380607 0.0191969 0.0135965 0.0100935 0.00917001 0.0103684 0.0107272 0.0123276 0.0105801 0.00950864 0.00866255 0.0088835 0.0096505 0.0112216 0.0119983 0.0096093 0.00851862 0.00802572 0.00841741 0.00860709 0.00874325 0.00883635 0.00855684 0.00827272 
0.00375205 0.00361496 0.00359115 0.00355509 0 0.00361135 0.003578 0.0246818 0.0200164 0.101939 0.0233335 0.404648 0.0172668 0.0117958 0.0125547 0.0628558 0.050995 0.0928521 0.0155754 0.0101976 0.00848192 0.0125807 0.0256606 0.0303248 0.0120936 0.00988805 0.0120649 0.0407281 0.0302554 0.032653 0.0144416 0.0116378 0.0098421 0.0102091 0.0125163 0.0112501 0.0123124 0.010583 0.008707 0.00887727 0.0109269 0.0110804 0.0135354 0.00959134 0.00872203 0.00811934 0.00844341 0.008706 0.00897432 0.00870449 0.00870025 0.00821689 
0.00386257 0.00397198 0.0036619 0.00358868 0.00361135 0 0.00357218 0.0164226 0.0354574 0.0128343 0.0486654 0.0141636 0.448651 0.0178185 0.0218343 0.0271139 0.037168 0.0223311 0.0442481 0.0102838 0.00971616 0.0118576 0.0258002 0.0449001 0.0154106 0.00929904 0.0163618 0.0153809 0.0202794 0.0169552 0.0174696 0.010423 0.00911083 0.0103252 0.00996018 0.0102074 0.00997863 0.0103153 0.00876205 0.00907289 0.00984194 0.0108038 0.0114234 0.00909466 0.00837188 0.00810001 0.0086143 0.00855799 0.0087446 0.00857271 0.00844886 0.00806606 
0.00663467 0.00385688 0.00364131 0.00359542 0.003578 0.00357218 0 0.0294947 0.0113428 0.0146026 0.0106326 0.0189552 0.0217841 0.457033 0.0256561 0.0143082 0.0122012 0.0123603 0.0107935 0.0137036 0.0138449 0.0204156 0.0106166 0.0123778 0.0250987 0.013341 0.00943345 0.0102768 0.00967164 0.0098464 0.0101628 0.0147548 0.0118492 0.00900497 0.00872593 0.00877959 0.00888028 0.00879629 0.00920204 0.0102788 0.00895954 0.00897498 0.00938964 0.00858486 0.00869883 0.00887864 0.00828802 0.0083088 0.00835711 0.00826728 0.00827347 0.00842921 
0.464279 0.0119804 0.114624 0.0230693 0.0246818 0.0164226 0.0294947 0 0.00407856 0.00386644 0.00362454 0.00375435 0.00741952 0.00526435 0.0360362 0.0123575 0.00975643 0.0128448 0.0096843 0.0294108 0.0112714 0.0179786 0.00924978 0.0109925 0.0184636 0.0156574 0.0085978 0.0111624 0.00885283 0.00946031 0.00919001 0.0174792 0.0114123 0.0082704 0.00834671 0.0082204 0.00830818 0.00836185 0.00889289 0.00836357 0.00891927 0.00833864 0.00870293 0.00830873 0.0106014 0.00840337 0.00817621 0.00799224 0.00924034 0.00802658 0.00921664 0.00844749 
0.009208 0.624995 0.010457 0.0635196 0.0200164 0.0354574 0.0113428 0.00407856 0 0.00353435 0.00357977 0.00366377 0.0036341 0.00485233 0.0133521 0.0155417 0.0176554 0.00904074 0.0232741 0.00866597 0.00949464 0.00896319 0.0159209 0.0098308 0.00948332 0.00840148 0.0143983 0.0087014 0.0126043 0.00927239 0.0110457 0.00885546 0.00834232 0.00867903 0.00827955 0.00839424 0.00836291 0.00830205 0.00824255 0.00830581 0.00833731 0.00888581 0.00837386 0.00855347 0.00820763 0.00805128 0.00801858 0.00836565 0.00806054 0.00874091 0.00808985 0.008259 
0.0155057 0.00896139 0.509887 0.0151619 0.101939 0.0128343 0.0146026 0.00386644 0.00353435 0 0.00363366 0.00361406 0.00379538 0.00357785 0.0110585 0.0150816 0.0149393 0.0301079 0.0087789 0.00944403 0.00834051 0.0103291 0.00927119 0.0113357 0.0090971 0.0110674 0.0086342 0.0200533 0.0102865 0.0167302 0.00967041 0.00892838 0.00879076 0.0084634 0.00888045 0.00861441 0.00871044 0.00852442 0.00823022 0.008137 0.0088984 0.008674 0.00948427 0.0084719 0.00825286 0.00798889 0.0081351 0.0081312 0.008638 0.00817471 0.00840069 0.00800197 
0.00913909 0.0151133 0.0110905 0.447408 0.0233335 0.0486654 0.0106326 0.00362454 0.00357977 0.00363366 0 0.00354356 0.00354778 0.00367286 0.0105509 0.0116779 0.0306235 0.0132689 0.0108056 0.00862969 0.0085023 0.00900739 0.011235 0.00950876 0.00909833 0.00849773 0.0104017 0.00965962 0.0196391 0.0122362 0.00975166 0.00885134 0.00837005 0.00852526 0.00863814 0.00877295 0.00862331 0.00839345 0.0083154 0.0082206 0.00869016 0.0089821 0.00897421 0.00851874 0.00819502 0.00804313 0.00809473 0.00822942 0.00819753 0.00850371 0.00811535 0.00808621 
0.0102258 0.0114201 0.0181099 0.0203659 0.404648 0.0141636 0.0189552 0.00375435 0.00366377 0.00361406 0.00354356 0 0.0035709 0.00355842 0.012218 0.0157859 0.0215354 0.0170275 0.0131812 0.00838947 0.00837788 0.00917234 0.0101368 0.0106533 0.00911568 0.00912813 0.00943326 0.0150084 0.012504 0.014423 0.00929493 0.00869342 0.00852156 0.00846552 0.00884595 0.00857907 0.00886693 0.00841226 0.00823119 0.00827804 0.00861336 0.00920161 0.00918545 0.00848767 0.00812234 0.00799077 0.00803965 0.00823248 0.00824125 0.00841944 0.00808752 0.00802006 
0.0145399 0.0103808 0.0193481 0.0128545 0.0172668 0.448651 0.0217841 0.00741952 0.0036341 0.00379538 0.00354778 0.0035709 0 0.00355652 0.0140893 0.0310632 0.0142566 0.0306479 0.0152205 0.012946 0.00861608 0.0116508 0.0125224 0.0210339 0.0103058 0.00990412 0.00996005 0.0144148 0.0114778 0.0108197 0.0113366 0.00894509 0.00898503 0.00855025 0.00880369 0.00850819 0.008564 0.00889796 0.00836124 0.00820398 0.00888473 0.00862678 0.0101158 0.00847301 0.00830189 0.00798131 0.00820908 0.00810465 0.00862461 0.00814705 0.00850773 0.0079679 
0.0142886 0.0146396 0.00943812 0.0121066 0.0117958 0.0178185 0.457033 0.00526435 0.00485233 0.00357785 0.00367286 0.00355842 0.00355652 0 0.025483 0.0128952 0.0215192 0.0113398 0.0470052 0.0151996 0.0169993 0.0150597 0.0126573 0.0110727 0.0202465 0.0121921 0.0114119 0.00960192 0.0107302 0.00987024 0.00943857 0.0108925 0.0105667 0.00893963 0.00831018 0.00837821 0.00861092 0.00835331 0.00935658 0.00988392 0.0084838 0.00870029 0.00858453 0.00833961 0.00831463 0.00881007 0.00812162 0.00839397 0.00808384 0.00863897 0.00807254 0.00862368 
0.0151723 0.0130349 0.0133593 0.0141255 0.0125547 0.0218343 0.0256561 0.0360362 0.0133521 0.0110585 0.0105509 0.012218 0.0140893 0.025483 0 0.00359256 0.00357342 0.00356122 0.00365836 0.00416321 0.00629163 0.00823465 0.00939858 0.0109191 0.0860505 0.0240055 0.0178148 0.0123628 0.0143378 0.0117412 0.0162074 0.0268667 0.0145716 0.0101257 0.00933219 0.00957135 0.00948868 0.0111719 0.013189 0.0113888 0.0100435 0.0100219 0.00976498 0.00949297 0.0112023 0.00826106 0.00809486 0.00832016 0.00822371 0.00842634 0.0083122 0.0095223 
0.0116452 0.0187815 0.0395643 0.0217138 0.0628558 0.0271139 0.0143082 0.0123575 0.0155417 0.0150816 0.0116779 0.0157859 0.0310632 0.0128952 0.00359256 0 0.0035643 0.00357967 0.0037113 0.00368439 0.00453625 0.00962626 0.0107704 0.192624 0.0322839 0.0270294 0.0185855 0.0449936 0.023438 0.0417521 0.0215875 0.0154408 0.011881 0.0132767 0.0136324 0.0130032 0.0153619 0.0136628 0.00935459 0.0107426 0.0141651 0.012603 0.0171421 0.0100819 0.00889096 0.00809225 0.00839633 0.0084676 0.00899885 0.00837317 0.0089112 0.00824467 
0.00977232 0.0356294 0.0204921 0.145469 0.050995 0.037168 0.0122012 0.00975643 0.0176554 0.0149393 0.0306235 0.0215354 0.0142566 0.0215192 0.00357342 0.0035643 0 0.00354739 0.00357972 0.0035575 0.00413232 0.00790563 0.122922 0.025923 0.0229433 0.0125625 0.0407277 0.0254967 0.131839 0.0478455 0.0355262 0.0115254 0.01043 0.0221543 0.0189538 0.0320944 0.0260579 0.0131743 0.00990113 0.0094347 0.0135255 0.0318552 0.020539 0.0127098 0.00863315 0.00811727 0.00833553 0.0105148 0.00885825 0.0142732 0.00849314 0.00852209 
0.0123938 0.0101984 0.141726 0.0433366 0.0928521 0.0223311 0.0123603 0.0128448 0.00904074 0.0301079 0.0132689 0.0170275 0.0306479 0.0113398 0.00356122 0.00357967 0.00354739 0 0.00354417 0.00354105 0.00375838 0.025548 0.0176367 0.0313692 0.0289297 0.0162003 0.0129871 0.170329 0.039973 0.0828207 0.0177355 0.0152262 0.0117082 0.013444 0.0342638 0.0201957 0.0225703 0.0161354 0.00932109 0.00925843 0.0174608 0.0190387 0.0296487 0.00952717 0.00909744 0.0081049 0.00857699 0.00884007 0.0115369 0.00890053 0.00953681 0.00828909 
0.00964513 0.0346647 0.0107953 0.022337 0.0155754 0.0442481 0.0107935 0.0096843 0.0232741 0.0087789 0.0108056 0.0131812 0.0152205 0.0470052 0.00365836 0.0037113 0.00357972 0.00354417 0 0.00357825 0.00867655 0.0184931 0.0557583 0.0243533 0.0151138 0.0124894 0.037378 0.0128158 0.0297198 0.0160362 0.0435419 0.011347 0.0102012 0.014287 0.0117123 0.0118976 0.0123621 0.0113575 0.00940196 0.0100333 0.010418 0.0127322 0.0108386 0.0100605 0.00843828 0.00825307 0.00841537 0.00903563 0.00848088 0.00892865 0.00823948 0.00824916 
0.0191902 0.00875514 0.0103863 0.00928458 0.0101976 0.0102838 0.0137036 0.0294108 0.00866597 0.00944403 0.00862969 0.00838947 0.012946 0.0151996 0.00416321 0.00368439 0.0035575 0.00354105 0.00357825 0 0.544631 0.016146 0.0190032 0.0220009 0.0262386 0.0199147 0.00971769 0.0116012 0.00939821 0.0105609 0.0104778 0.0189615 0.0135518 0.00866721 0.00910999 0.00858617 0.00858046 0.0107056 0.00881885 0.0105703 0.00894318 0.00861717 0.00900961 0.00831616 0.00837321 0.008369 0.00807782 0.00810452 0.00828487 0.00806118 0.00822693 0.00804314 
0.0095116 0.00876865 0.00836242 0.00863284 0.00848192 0.00971616 0.0138449 0.0112714 0.00949464 0.00834051 0.0085023 0.00837788 0.00861608 0.0169993 0.00629163 0.00453625 0.00413232 0.00375838 0.00867655 0.544631 0 0.0967839 0.00768477 0.00543944 0.00692249 0.0122323 0.01009 0.00862841 0.00884807 0.00859587 0.0101218 0.0132998 0.0100611 0.00828898 0.00813467 0.00813362 0.00810403 0.00821298 0.0101198 0.0095655 0.0080773 0.00808979 0.00804429 0.00856516 0.00932225 0.00870652 0.00795477 0.00810803 0.00792548 0.00825658 0.00800057 0.0093175 
0.0111071 0.00959536 0.0136991 0.0118863 0.0125807 0.0118576 0.0204156 0.0179786 0.00896319 0.0103291 0.00900739 0.00917234 0.0116508 0.0150597 0.00823465 0.00962626 0.00790563 0.025548 0.0184931 0.016146 0.0967839 0 0.0035884 0.0036665 0.0037241 0.136987 0.0155432 0.0268517 0.0171737 0.0138631 0.013265 0.0283074 0.0161262 0.00981342 0.0101607 0.00934749 0.00907311 0.00996639 0.0124709 0.00934913 0.0107787 0.0099009 0.010885 0.00939132 0.0121146 0.00817493 0.00808966 0.00811386 0.00858343 0.00818621 0.00866293 0.00895401 
0.00876458 0.019738 0.0143674 0.0288608 0.0256606 0.0258002 0.0106166 0.00924978 0.0159209 0.00927119 0.011235 0.0101368 0.0125224 0.0126573 0.00939858 0.0107704 0.122922 0.0176367 0.0557583 0.0190032 0.00768477 0.0035884 0 0.00365048 0.00366504 0.0306118 0.160011 0.0224858 0.0647749 0.0462619 0.0297192 0.0118683 0.0114639 0.0184876 0.0124209 0.0149406 0.0146465 0.0119579 0.00963386 0.00967507 0.0112973 0.0197134 0.0139469 0.0133028 0.00865417 0.00806938 0.00833801 0.00891104 0.00861476 0.00983758 0.00860081 0.00848234 
0.0100721 0.0112842 0.0245423 0.0167711 0.0303248 0.0449001 0.0123778 0.0109925 0.0098308 0.0113357 0.00950876 0.0106533 0.0210339 0.0110727 0.0109191 0.192624 0.025923 0.0313692 0.0243533 0.0220009 0.00543944 0.0036665 0.00365048 0 0.00366645 0.0251461 0.0295885 0.127934 0.0409965 0.0896819 0.120458 0.0300726 0.011542 0.0134348 0.0171636 0.014329 0.0173086 0.0249394 0.00987818 0.00994593 0.0157683 0.0136588 0.0246879 0.0113722 0.008792 0.00813403 0.00871579 0.00861344 0.0097606 0.00895994 0.00966678 0.00814199 
0.014425 0.00994962 0.0104643 0.0117725 0.0120936 0.0154106 0.0250987 0.0184636 0.00948332 0.0090971 0.00909833 0.00911568 0.0103058 0.0202465 0.0860505 0.0322839 0.0229433 0.0289297 0.0151138 0.0262386 0.00692249 0.0037241 0.00366504 0.00366645 0 0.0209417 0.0191716 0.0266947 0.0494698 0.026705 0.0552227 0.198674 0.0184765 0.0115307 0.0105565 0.0116733 0.0100329 0.0142369 0.0161407 0.0144522 0.00992858 0.0115245 0.010943 0.00994485 0.00940312 0.00913004 0.00838657 0.00867108 0.00850502 0.00852188 0.00851948 0.00886611 
0.0121086 0.00839745 0.011088 0.008915 0.00988805 0.00929904 0.013341 0.0156574 0.00840148 0.0110674 0.00849773 0.00912813 0.00990412 0.0121921 0.0240055 0.0270294 0.0125625 0.0162003 0.0124894 0.0199147 0.0122323 0.136987 0.0306118 0.0251461 0.0209417 0 0.00363526 0.00360368 0.00354971 0.00364614 0.00392063 0.00553207 0.606026 0.0148216 0.0134448 0.0101801 0.0106187 0.0116273 0.0204187 0.0170149 0.0284327 0.0105768 0.0191413 0.0108313 0.0272406 0.00930476 0.00937879 0.0085336 0.011096 0.00857423 0.0114215 0.0115962 
0.00832788 0.0144786 0.0102051 0.0154857 0.0120649 0.0163618 0.00943345 0.0085978 0.0143983 0.0086342 0.0104017 0.00943326 0.00996005 0.0114119 0.0178148 0.0185855 0.0407277 0.0129871 0.037378 0.00971769 0.01009 0.0155432 0.160011 0.0295885 0.0191716 0.00363526 0 0.00352668 0.00354435 0.00357143 0.00401291 0.00374854 0.0550793 0.608012 0.0124764 0.0282223 0.0210514 0.0260732 0.018284 0.0204565 0.0213108 0.0700598 0.0187052 0.0421959 0.0096263 0.00895838 0.00898541 0.0146552 0.00897585 0.0170141 0.00947696 0.0094331 
0.0113029 0.00928073 0.0444748 0.0158563 0.0407281 0.0153809 0.0102768 0.0111624 0.0087014 0.0200533 0.00965962 0.0150084 0.0144148 0.00960192 0.0123628 0.0449936 0.0254967 0.170329 0.0128158 0.0116012 0.00862841 0.0268517 0.0224858 0.127934 0.0266947 0.00360368 0.00352668 0 0.00353729 0.00357325 0.00360915 0.00365196 0.140308 0.0241312 0.553721 0.0292229 0.0857323 0.0421526 0.0120431 0.0174312 0.086456 0.0369731 0.254042 0.0128334 0.012367 0.00875341 0.0132766 0.0106792 0.0371365 0.0112321 0.0179968 0.0088276 
0.00871224 0.0152305 0.0196765 0.0380607 0.0302554 0.0202794 0.00967164 0.00885283 0.0126043 0.0102865 0.0196391 0.012504 0.0114778 0.0107302 0.0143378 0.023438 0.131839 0.039973 0.0297198 0.00939821 0.00884807 0.0171737 0.0647749 0.0409965 0.0494698 0.00354971 0.00354435 0.00353729 0 0.00354538 0.00358113 0.00357935 0.0481763 0.143551 0.0411918 0.602147 0.05094 0.0318153 0.0129395 0.0192699 0.0399085 0.230827 0.0771486 0.0343257 0.00942589 0.00969595 0.0102525 0.0219522 0.0165578 0.0286806 0.0106441 0.00906286 
0.00922763 0.0101215 0.0283761 0.0191969 0.032653 0.0169552 0.0098464 0.00946031 0.00927239 0.0167302 0.0122362 0.014423 0.0108197 0.00987024 0.0117412 0.0417521 0.0478455 0.0828207 0.0160362 0.0105609 0.00859587 0.0138631 0.0462619 0.0896819 0.026705 0.00364614 0.00357143 0.00357325 0.00354538 0 0.00354756 0.00356992 0.0716345 0.0670751 0.216666 0.0674442 0.512286 0.0290325 0.0158733 0.0135279 0.0846108 0.066726 0.173835 0.0174407 0.0111111 0.00873989 0.0119334 0.0151339 0.0247468 0.0166218 0.0116391 0.00884658 
0.00876913 0.0131548 0.0122283 0.0135965 0.0144416 0.0174696 0.0101628 0.00919001 0.0110457 0.00967041 0.00975166 0.00929493 0.0113366 0.00943857 0.0162074 0.0215875 0.0355262 0.0177355 0.0435419 0.0104778 0.0101218 0.013265 0.0297192 0.120458 0.0552227 0.00392063 0.00401291 0.00360915 0.00358113 0.00354756 0 0.00360066 0.0304862 0.139214 0.0497156 0.0777632 0.0497113 0.611205 0.0227315 0.0275966 0.0279846 0.0465049 0.0391944 0.050144 0.0103301 0.00961264 0.0113497 0.0113064 0.0103985 0.0121154 0.0129021 0.0094784 
0.012231 0.00897765 0.0104618 0.0100935 0.0116378 0.010423 0.0147548 0.0174792 0.00885546 0.00892838 0.00885134 0.00869342 0.00894509 0.0108925 0.0268667 0.0154408 0.0115254 0.0152262 0.011347 0.0189615 0.0132998 0.0283074 0.0118683 0.0300726 0.198674 0.00553207 0.00374854 0.00365196 0.00357935 0.00356992 0.00360066 0 0.0709756 0.0195916 0.0464284 0.0298745 0.043374 0.0690632 0.56279 0.0224431 0.0210251 0.0156411 0.0239604 0.0124128 0.0176505 0.0206629 0.00992953 0.00988152 0.00980258 0.00920312 0.0101084 0.0109064 
0.0102417 0.00849738 0.00966194 0.00917001 0.0098421 0.00911083 0.0118492 0.0114123 0.00834232 0.00879076 0.00837005 0.00852156 0.00898503 0.0105667 0.0145716 0.011881 0.01043 0.0117082 0.0102012 0.0135518 0.0100611 0.0161262 0.0114639 0.011542 0.0184765 0.606026 0.0550793 0.140308 0.0481763 0.0716345 0.0304862 0.0709756 0 0.00544739 0.00359434 0.00359235 0.00365157 0.00399546 0.00489138 0.160483 0.055358 0.0169641 0.0291018 0.0168538 0.0596503 0.0179189 0.0121205 0.0111206 0.0170553 0.00987702 0.0174694 0.0163956 
0.00823404 0.00938216 0.00918737 0.0103684 0.0102091 0.0103252 0.00900497 0.0082704 0.00867903 0.0084634 0.00852526 0.00846552 0.00855025 0.00893963 0.0101257 0.0132767 0.0221543 0.013444 0.014287 0.00866721 0.00828898 0.00981342 0.0184876 0.0134348 0.0115307 0.0148216 0.608012 0.0241312 0.143551 0.0670751 0.139214 0.0195916 0.00544739 0 0.00354396 0.00355884 0.00368451 0.00355251 0.00380257 0.0623808 0.0827477 0.051517 0.03131 0.0482372 0.0113953 0.00943762 0.0129643 0.0181725 0.00997409 0.021419 0.0161879 0.0104325 
0.00837552 0.0087424 0.0114232 0.0107272 0.0125163 0.00996018 0.00872593 0.00834671 0.00827955 0.00888045 0.00863814 0.00884595 0.00880369 0.00831018 0.00933219 0.0136324 0.0189538 0.0342638 0.0117123 0.00910999 0.00813467 0.0101607 0.0124209 0.0171636 0.0105565 0.0134448 0.0124764 0.553721 0.0411918 0.216666 0.0497156 0.0464284 0.00359434 0.00354396 0 0.00353135 0.00352779 0.0035489 0.00354763 0.0267395 0.0612372 0.0771675 0.0923123 0.015347 0.0110324 0.00862306 0.010069 0.0109107 0.0222246 0.014595 0.0143374 0.00921549 
0.00823011 0.00889372 0.0095872 0.0123276 0.0112501 0.0102074 0.00877959 0.0082204 0.00839424 0.00861441 0.00877295 0.00857907 0.00850819 0.00837821 0.00957135 0.0130032 0.0320944 0.0201957 0.0118976 0.00858617 0.00813362 0.00934749 0.0149406 0.014329 0.0116733 0.0101801 0.0282223 0.0292229 0.602147 0.0674442 0.0777632 0.0298745 0.00359235 0.00355884 0.00353135 0 0.00352889 0.00355946 0.00353861 0.0265637 0.0531448 0.115288 0.0662333 0.0223312 0.0103478 0.00887233 0.00909577 0.0138838 0.0151022 0.0198091 0.010729 0.00932282 
0.00827349 0.00883982 0.010932 0.0105801 0.0123124 0.00997863 0.00888028 0.00830818 0.00836291 0.00871044 0.00862331 0.00886693 0.008564 0.00861092 0.00948868 0.0153619 0.0260579 0.0225703 0.0123621 0.00858046 0.00810403 0.00907311 0.0146465 0.0173086 0.0100329 0.0106187 0.0210514 0.0857323 0.05094 0.512286 0.0497113 0.043374 0.00365157 0.00368451 0.00352779 0.00352889 0 0.00353914 0.00352892 0.0302266 0.106334 0.0739698 0.0864284 0.022094 0.0099731 0.00877316 0.00932985 0.0195076 0.0138812 0.0232293 0.0107836 0.00915026 
0.00823866 0.00868209 0.010577 0.00950864 0.010583 0.0103153 0.00879629 0.00836185 0.00830205 0.00852442 0.00839345 0.00841226 0.00889796 0.00835331 0.0111719 0.0136628 0.0131743 0.0161354 0.0113575 0.0107056 0.00821298 0.00996639 0.0119579 0.0249394 0.0142369 0.0116273 0.0260732 0.0421526 0.0318153 0.0290325 0.611205 0.0690632 0.00399546 0.00355251 0.0035489 0.00355946 0.00353914 0 0.00369129 0.0303681 0.0677749 0.0540365 0.0813223 0.0430835 0.0133202 0.00892025 0.0124408 0.00994675 0.0134567 0.00974048 0.034518 0.00950308 
0.00853721 0.00842363 0.0086122 0.00866255 0.008707 0.00876205 0.00920204 0.00889289 0.00824255 0.00823022 0.0083154 0.00823119 0.00836124 0.00935658 0.013189 0.00935459 0.00990113 0.00932109 0.00940196 0.00881885 0.0101198 0.0124709 0.00963386 0.00987818 0.0161407 0.0204187 0.018284 0.0120431 0.0129395 0.0158733 0.0227315 0.56279 0.00489138 0.00380257 0.00354763 0.00353861 0.00352892 0.00369129 0 0.0273937 0.0200924 0.0327996 0.0257851 0.0473368 0.050143 0.0244554 0.00967613 0.0107551 0.00897945 0.011347 0.00964647 0.0224589 
0.00833208 0.00840659 0.0086491 0.0088835 0.00887727 0.00907289 0.0102788 0.00836357 0.00830581 0.008137 0.0082206 0.00827804 0.00820398 0.00988392 0.0113888 0.0107426 0.0094347 0.00925843 0.0100333 0.0105703 0.0095655 0.00934913 0.00967507 0.00994593 0.0144522 0.0170149 0.0204565 0.0174312 0.0192699 0.0135279 0.0275966 0.0224431 0.160483 0.0623808 0.0267395 0.0265637 0.0302266 0.0303681 0.0273937 0 0.00363119 0.00357201 0.00364117 0.00370011 0.00429398 0.00534425 0.00558486 0.00665682 0.00691074 0.0102835 0.0187197 0.933832 
0.00847939 0.00871326 0.0099482 0.0096505 0.0109269 0.00984194 0.00895954 0.00891927 0.00833731 0.0088984 0.00869016 0.00861336 0.00888473 0.0084838 0.0100435 0.0141651 0.0135255 0.0174608 0.010418 0.00894318 0.0080773 0.0107787 0.0112973 0.0157683 0.00992858 0.0284327 0.0213108 0.086456 0.0399085 0.0846108 0.0279846 0.0210251 0.055358 0.0827477 0.0612372 0.0531448 0.106334 0.0677749 0.0200924 0.00363119 0 0.00355575 0.00359189 0.00364438 0.00378882 0.00474228 0.00767527 0.00642827 0.0139871 0.0191429 0.942843 0.00949675 
0.00835307 0.00923283 0.0100926 0.0112216 0.0110804 0.0108038 0.00897498 0.00833864 0.00888581 0.008674 0.0089821 0.00920161 0.00862678 0.00870029 0.0100219 0.012603 0.0318552 0.0190387 0.0127322 0.00861717 0.00808979 0.0099009 0.0197134 0.0136588 0.0115245 0.0105768 0.0700598 0.0369731 0.230827 0.066726 0.0465049 0.0156411 0.0169641 0.051517 0.0771675 0.115288 0.0739698 0.0540365 0.0327996 0.00357201 0.00355575 0 0.00355892 0.003555 0.0035602 0.00420936 0.00545767 0.015925 0.030572 0.894991 0.00935965 0.00843129 
0.00860462 0.00881675 0.0145893 0.0119983 0.0135354 0.0114234 0.00938964 0.00870293 0.00837386 0.00948427 0.00897421 0.00918545 0.0101158 0.00858453 0.00976498 0.0171421 0.020539 0.0296487 0.0108386 0.00900961 0.00804429 0.010885 0.0139469 0.0246879 0.010943 0.0191413 0.0187052 0.254042 0.0771486 0.173835 0.0391944 0.0239604 0.0291018 0.03131 0.0923123 0.0662333 0.0864284 0.0813223 0.0257851 0.00364117 0.00359189 0.00355892 0 0.00357109 0.00355929 0.00513846 0.0169391 0.115737 0.9039 0.011652 0.00978549 0.00656459 
0.00828982 0.00893551 0.00936872 0.0096093 0.00959134 0.00909466 0.00858486 0.00830873 0.00855347 0.0084719 0.00851874 0.00848767 0.00847301 0.00833961 0.00949297 0.0100819 0.0127098 0.00952717 0.0100605 0.00831616 0.00856516 0.00939132 0.0133028 0.0113722 0.00994485 0.0108313 0.0421959 0.0128334 0.0343257 0.0174407 0.050144 0.0124128 0.0168538 0.0482372 0.015347 0.0223312 0.022094 0.0430835 0.0473368 0.00370011 0.00364438 0.003555 0.00357109 0 0.00359881 0.00930072 0.88794 0.202186 0.0131575 0.00656447 0.00704205 0.00864895 
0.00986233 0.00822682 0.00861711 0.00851862 0.00872203 0.00837188 0.00869883 0.0106014 0.00820763 0.00825286 0.00819502 0.00812234 0.00830189 0.00831463 0.0112023 0.00889096 0.00863315 0.00909744 0.00843828 0.00837321 0.00932225 0.0121146 0.00865417 0.008792 0.00940312 0.0272406 0.0096263 0.012367 0.00942589 0.0111111 0.0103301 0.0176505 0.0596503 0.0113953 0.0110324 0.0103478 0.0099731 0.0133202 0.050143 0.00429398 0.00378882 0.0035602 0.00355929 0.00359881 0 0.990998 0.024407 0.00404068 0.006082 0.00447812 0.00604752 0.0082751 
0.00822593 0.00805423 0.00808249 0.00802572 0.00811934 0.00810001 0.00887864 0.00840337 0.00805128 0.00798889 0.00804313 0.00799077 0.00798131 0.00881007 0.00826106 0.00809225 0.00811727 0.0081049 0.00825307 0.008369 0.00870652 0.00817493 0.00806938 0.00813403 0.00913004 0.00930476 0.00895838 0.00875341 0.00969595 0.00873989 0.00961264 0.0206629 0.0179189 0.00943762 0.00862306 0.00887233 0.00877316 0.00892025 0.0244554 0.00534425 0.00474228 0.00420936 0.00513846 0.00930072 0.990998 0 0.00404799 0.00358257 0.00366119 0.00376389 0.00379138 0.0138153 
0.00807386 0.00830454 0.00835002 0.00841741 0.00844341 0.0086143 0.00828802 0.00817621 0.00801858 0.0081351 0.00809473 0.00803965 0.00820908 0.00812162 0.00809486 0.00839633 0.00833553 0.00857699 0.00841537 0.00807782 0.00795477 0.00808966 0.00833801 0.00871579 0.00838657 0.00937879 0.00898541 0.0132766 0.0102525 0.0119334 0.0113497 0.00992953 0.0121205 0.0129643 0.010069 0.00909577 0.00932985 0.0124408 0.00967613 0.00558486 0.00767527 0.00545767 0.0169391 0.88794 0.024407 0.00404799 0 0.0035272 0.00361475 0.00353717 0.00476607 0.00382021 
0.00807751 0.00845495 0.00840682 0.00860709 0.008706 0.00855799 0.0083088 0.00799224 0.00836565 0.0081312 0.00822942 0.00823248 0.00810465 0.00839397 0.00832016 0.0084676 0.0105148 0.00884007 0.00903563 0.00810452 0.00810803 0.00811386 0.00891104 0.00861344 0.00867108 0.0085336 0.0146552 0.0106792 0.0219522 0.0151339 0.0113064 0.00988152 0.0111206 0.0181725 0.0109107 0.0138838 0.0195076 0.00994675 0.0107551 0.00665682 0.00642827 0.015925 0.115737 0.202186 0.00404068 0.00358257 0.0035272 0 0.00349476 0.00375167 0.00357217 0.00403714 
0.00876315 0.00831422 0.00921658 0.00874325 0.00897432 0.0087446 0.00835711 0.00924034 0.00806054 0.008638 0.00819753 0.00824125 0.00862461 0.00808384 0.00822371 0.00899885 0.00885825 0.0115369 0.00848088 0.00828487 0.00792548 0.00858343 0.00861476 0.0097606 0.00850502 0.011096 0.00897585 0.0371365 0.0165578 0.0247468 0.0103985 0.00980258 0.0170553 0.00997409 0.0222246 0.0151022 0.0138812 0.0134567 0.00897945 0.00691074 0.0139871 0.030572 0.9039 0.0131575 0.006082 0.00366119 0.00361475 0.00349476 0 0.00356533 0.00395375 0.00356119 
0.00802354 0.00904516 0.00847018 0.00883635 0.00870449 0.00857271 0.00826728 0.00802658 0.00874091 0.00817471 0.00850371 0.00841944 0.00814705 0.00863897 0.00842634 0.00837317 0.0142732 0.00890053 0.00892865 0.00806118 0.00825658 0.00818621 0.00983758 0.00895994 0.00852188 0.00857423 0.0170141 0.0112321 0.0286806 0.0166218 0.0121154 0.00920312 0.00987702 0.021419 0.014595 0.0198091 0.0232293 0.00974048 0.011347 0.0102835 0.0191429 0.894991 0.011652 0.00656447 0.00447812 0.00376389 0.00353717 0.00375167 0.00356533 0 0.00360637 0.00363145 
0.0086607 0.00827861 0.00889106 0.00855684 0.00870025 0.00844886 0.00827347 0.00921664 0.00808985 0.00840069 0.00811535 0.00808752 0.00850773 0.00807254 0.0083122 0.0089112 0.00849314 0.00953681 0.00823948 0.00822693 0.00800057 0.00866293 0.00860081 0.00966678 0.00851948 0.0114215 0.00947696 0.0179968 0.0106441 0.0116391 0.0129021 0.0101084 0.0174694 0.0161879 0.0143374 0.010729 0.0107836 0.034518 0.00964647 0.0187197 0.942843 0.00935965 0.00978549 0.00704205 0.00604752 0.00379138 0.00476607 0.00357217 0.00395375 0.00360637 0 0.00363076 
0.00842265 0.00837287 0.00833989 0.00827272 0.00821689 0.00806606 0.00842921 0.00844749 0.008259 0.00800197 0.00808621 0.00802006 0.0079679 0.00862368 0.0095223 0.00824467 0.00852209 0.00828909 0.00824916 0.00804314 0.0093175 0.00895401 0.00848234 0.00814199 0.00886611 0.0115962 0.0094331 0.0088276 0.00906286 0.00884658 0.0094784 0.0109064 0.0163956 0.0104325 0.00921549 0.00932282 0.00915026 0.00950308 0.0224589 0.933832 0.00949675 0.00843129 0.00656459 0.00864895 0.0082751 0.0138153 0.00382021 0.00403714 0.00356119 0.00363145 0.00363076 0 
