1J25A
GVKVVVDSRELRSEVVKRLKLLGVKLEVKTLDVGDYIISEDVAIERKSANDLIQSIIDGGLFDQVKRLKEAYSRPIMIVEGSLYGIRNVHPNAIRGAIAAVTVDFGVPIIFSSTPEETAQYIFLIAKREQEER
CCEEEEEHHHCCCHHHHHHHHCCCEEEEECCCCCCEECCCCEEEEEEEHHHHHHHHHCCCHHHHHHHHHHHCCEEEEEEECCCCCCCCCCHHHHHHHHHHHHHCCCCCEEEECCHHHHHHHHHHHHHHHHHHC
0 0 0 0 0 0 0 0 0 0 0 0 0 0 0 0 0 0 0 0 0 0 0 0 0 0 0 0 0 0 0 0 0 0 0 0 0 0 0 0 0 0 0 0 0 0 0 0 0 0 0 0 0 0 0 0 0 0 0 0 0 0 0 0 0 0 0 0 0 0 0 0 0 0 0 0 0 0 0 0 0 0 0 0 0 0 0 0 0 0 0 0 0 0 0 0 0 0 0 0 0 0 0 0 0 0 0 0 0 0 0 0 0 0 0 0 0 0 0 0 0 0 0 0 0 0 0 0 0 0 0 0 0 
0 0 0 0 0 0 0 0 0 0 0 0 0 0 0 0 0 0 0 0 0 0 0 0 0 0 0 0 0 0 0 0 0 0 0 0 0 0 0 0 0 0 0 0 0 0 0 0 0 0 0 0 0 0 0 0 0 0 0 0 0 0 0 0 0 0 0 0 0 0 0 0 0 0 0 0 0 0 0 0 0 0 0 0 0 0 0 0 0 0 0 0 0 0 0 0 0 0 0 0 0 0 0 0 0 0 0 0 0 0 0 0 0 0 0 0 0 0 0 0 0 0 0 0 0 0 0 0 0 0 0 0 0 
0 0.00379092 0.00364837 0.00486773 0.00410637 0.705002 0.0125018 0.0358274 0.0111129 0.0316428 0.0412197 0.0253166 0.0579572 0.0304187 0.0125981 0.0192242 0.0127966 0.0110322 0.0474543 0.0130715 0.0106473 0.0164862 0.0150529 0.0134355 0.0103487 0.0207024 0.00965827 0.00905858 0.00940591 0.0100924 
0.00379092 0 0.00360097 0.00356424 0.00355238 0.0183016 0.833503 0.0100073 0.0536352 0.0110462 0.0265597 0.0238445 0.0620155 0.101556 0.052985 0.0247833 0.0174027 0.0255474 0.0103752 0.0113582 0.0250753 0.0400112 0.0609624 0.0428637 0.0277165 0.0105482 0.01331 0.0102531 0.0107793 0.00885061 
0.00364837 0.00360097 0 0.00354599 0.00353467 0.0519116 0.0138586 0.752401 0.0115845 0.0150133 0.0155642 0.0161258 0.019748 0.0754891 0.115934 0.0671015 0.0489178 0.0107567 0.0118494 0.00975743 0.0164938 0.0718297 0.121117 0.144793 0.0230958 0.0112977 0.0103915 0.0175237 0.0114119 0.008552 
0.00486773 0.00356424 0.00354599 0 0.00360671 0.0149013 0.0557782 0.0110867 0.578584 0.0111918 0.0305561 0.0290261 0.0165792 0.0241021 0.0314811 0.038718 0.0145023 0.0147624 0.0108033 0.009608 0.0117396 0.0209818 0.0431919 0.0309739 0.0383701 0.010053 0.0127062 0.0105338 0.00941127 0.00840135 
0.00410637 0.00355238 0.00353467 0.00360671 0 0.0170183 0.0093956 0.0103267 0.00911091 0.387534 0.0132892 0.0221649 0.018738 0.0109467 0.0139451 0.0106282 0.0104446 0.0098957 0.0126567 0.0100606 0.00905514 0.0101859 0.0115066 0.0112105 0.0104434 0.0150492 0.0114797 0.00853055 0.00849753 0.00872675 
0.705002 0.0183016 0.0519116 0.0149013 0.0170183 0 0.00426057 0.00459945 0.0038349 0.00498252 0.012449 0.0117047 0.0164401 0.0168766 0.0092956 0.0123721 0.0117357 0.0119704 0.0815479 0.0136808 0.00987717 0.0112294 0.0139811 0.013313 0.0103729 0.0211212 0.00901402 0.00946821 0.00974884 0.0101314 
0.0125018 0.833503 0.0138586 0.0557782 0.0093956 0.00426057 0 0.00355394 0.00371764 0.00367102 0.00752666 0.0115694 0.0150589 0.0135725 0.0283871 0.011283 0.011054 0.0497512 0.00835807 0.0109983 0.0172369 0.0170489 0.0160357 0.0153339 0.0190958 0.00935969 0.0162934 0.00864674 0.00909779 0.00961467 
0.0358274 0.0100073 0.752401 0.0110867 0.0103267 0.00459945 0.00355394 0 0.0035179 0.00356957 0.00672246 0.00694092 0.00803558 0.0136798 0.0113829 0.0133953 0.0172069 0.00812483 0.00985115 0.00914723 0.00980303 0.0147631 0.0222773 0.0230531 0.00970572 0.00989372 0.00858317 0.00974467 0.00945479 0.00829137 
0.0111129 0.0536352 0.0115845 0.578584 0.00911091 0.0038349 0.00371764 0.0035179 0 0.00367232 0.00796874 0.0151013 0.010643 0.015185 0.0121839 0.011319 0.00937409 0.0100052 0.00710016 0.0086736 0.0130296 0.0103688 0.0138447 0.0112053 0.0140496 0.00869976 0.00992876 0.00871813 0.00868272 0.00841309 
0.0316428 0.0110462 0.0150133 0.0111918 0.387534 0.00498252 0.00367102 0.00356957 0.00367232 0 0.0251643 0.00872014 0.0191466 0.011272 0.0115768 0.0201714 0.0102286 0.00749421 0.00796909 0.0103144 0.00913946 0.0103569 0.0100881 0.0100278 0.00906544 0.0114546 0.0130916 0.00844829 0.00841072 0.00893584 
0.0412197 0.0265597 0.0155642 0.0305561 0.0132892 0.012449 0.00752666 0.00672246 0.00796874 0.0251643 0 0.00439863 0.00827706 0.024968 0.0893232 0.0141222 0.00699413 0.00866949 0.0122537 0.0178942 0.0149185 0.0128248 0.0155825 0.0132513 0.0165972 0.0168886 0.0111794 0.00978455 0.0103079 0.0112877 
0.0253166 0.0238445 0.0161258 0.0290261 0.0221649 0.0117047 0.0115694 0.00694092 0.0151013 0.00872014 0.00439863 0 0.0177617 0.100382 0.00593604 0.00487068 0.00649129 0.00783286 0.00589243 0.0131383 0.0121863 0.0124432 0.0159423 0.0151385 0.0177991 0.0155382 0.0132474 0.00922317 0.0110173 0.0100224 
0.0579572 0.0620155 0.019748 0.0165792 0.018738 0.0164401 0.0150589 0.00803558 0.010643 0.0191466 0.00827706 0.0177617 0 0.00357869 0.00354612 0.00353913 0.00358213 0.00399492 0.0040913 0.351087 0.0198191 0.0229457 0.0161272 0.0153028 0.0139446 0.0242586 0.0228796 0.0103029 0.00971952 0.0166146 
0.0304187 0.101556 0.0754891 0.0241021 0.0109467 0.0168766 0.0135725 0.0136798 0.015185 0.011272 0.024968 0.100382 0.00357869 0 0.00356347 0.0035264 0.0035654 0.00362403 0.00380868 0.0157509 0.420288 0.0193192 0.0684353 0.0339221 0.0265204 0.0135634 0.0104125 0.0161121 0.0158392 0.0095162 
0.0125981 0.052985 0.115934 0.0314811 0.0139451 0.0092956 0.0283871 0.0113829 0.0121839 0.0115768 0.0893232 0.00593604 0.00354612 0.00356347 0 0.00352449 0.0034815 0.00354195 0.00355217 0.0173 0.0143142 0.421565 0.0449821 0.133467 0.0278146 0.0137761 0.011584 0.0134843 0.0134088 0.00957943 
0.0192242 0.0247833 0.0671015 0.038718 0.0106282 0.0123721 0.011283 0.0133953 0.011319 0.0201714 0.0141222 0.00487068 0.00353913 0.0035264 0.00352449 0 0.00352557 0.00351822 0.00355074 0.0110436 0.0289546 0.023887 0.497233 0.0312222 0.0282469 0.0103904 0.00970519 0.0133813 0.0123311 0.00895909 
0.0127966 0.0174027 0.0489178 0.0145023 0.0104446 0.0117357 0.011054 0.0172069 0.00937409 0.0102286 0.00699413 0.00649129 0.00358213 0.0035654 0.0034815 0.00352557 0 0.00351786 0.00353158 0.0142436 0.0133757 0.0689234 0.0210455 0.355583 0.0122349 0.0124931 0.0098002 0.00994651 0.00980445 0.00933181 
0.0110322 0.0255474 0.0107567 0.0147624 0.0098957 0.0119704 0.0497512 0.00812483 0.0100052 0.00749421 0.00866949 0.00783286 0.00399492 0.00362403 0.00354195 0.00351822 0.00351786 0 0.00357896 0.0103382 0.0288666 0.0122479 0.0235717 0.0146687 0.202802 0.00930927 0.0110034 0.00905309 0.00964053 0.00850208 
0.0474543 0.0103752 0.0118494 0.0108033 0.0126567 0.0815479 0.00835807 0.00985115 0.00710016 0.00796909 0.0122537 0.00589243 0.0040913 0.00380868 0.00355217 0.00355074 0.00353158 0.00357896 0 0.0374491 0.00934319 0.0128684 0.0131841 0.0147542 0.0128906 0.184683 0.0130769 0.00976126 0.00943589 0.00863312 
0.0130715 0.0113582 0.00975743 0.009608 0.0100606 0.0136808 0.0109983 0.00914723 0.0086736 0.0103144 0.0178942 0.0131383 0.351087 0.0157509 0.0173 0.0110436 0.0142436 0.0103382 0.0374491 0 0.0073125 0.00356698 0.00357816 0.00353947 0.00372566 0.0042628 0.0222482 0.0108651 0.00925053 0.0115982 
0.0106473 0.0250753 0.0164938 0.0117396 0.00905514 0.00987717 0.0172369 0.00980303 0.0130296 0.00913946 0.0149185 0.0121863 0.0198191 0.420288 0.0143142 0.0289546 0.0133757 0.0288666 0.00934319 0.0073125 0 0.00353411 0.00355827 0.00352353 0.00359693 0.00364607 0.0528817 0.0197784 0.0146466 0.00905218 
0.0164862 0.0400112 0.0718297 0.0209818 0.0101859 0.0112294 0.0170489 0.0147631 0.0103688 0.0103569 0.0128248 0.0124432 0.0229457 0.0193192 0.421565 0.023887 0.0689234 0.0122479 0.0128684 0.00356698 0.00353411 0 0.0035447 0.00356037 0.00358054 0.00357033 0.0330733 0.0769316 0.0149364 0.0102454 
0.0150529 0.0609624 0.121117 0.0431919 0.0115066 0.0139811 0.0160357 0.0222773 0.0138447 0.0100881 0.0155825 0.0159423 0.0161272 0.0684353 0.0449821 0.497233 0.0210455 0.0235717 0.0131841 0.00357816 0.00355827 0.0035447 0 0.00353413 0.00357662 0.00374483 0.294446 0.0512207 0.0480305 0.0107334 
0.0134355 0.0428637 0.144793 0.0309739 0.0112105 0.013313 0.0153339 0.0230531 0.0112053 0.0100278 0.0132513 0.0151385 0.0153028 0.0339221 0.133467 0.0312222 0.355583 0.0146687 0.0147542 0.00353947 0.00352353 0.00356037 0.00353413 0 0.00354996 0.00355049 0.0265014 0.435025 0.0272469 0.0125783 
0.0103487 0.0277165 0.0230958 0.0383701 0.0104434 0.0103729 0.0190958 0.00970572 0.0140496 0.00906544 0.0165972 0.0177991 0.0139446 0.0265204 0.0278146 0.0282469 0.0122349 0.202802 0.0128906 0.00372566 0.00359693 0.00358054 0.00357662 0.00354996 0 0.00357551 0.0306953 0.0247856 0.516332 0.0139124 
0.0207024 0.0105482 0.0112977 0.010053 0.0150492 0.0211212 0.00935969 0.00989372 0.00869976 0.0114546 0.0168886 0.0155382 0.0242586 0.0135634 0.0137761 0.0103904 0.0124931 0.00930927 0.184683 0.0042628 0.00364607 0.00357033 0.00374483 0.00355049 0.00357551 0 0.0135061 0.0178954 0.0384362 0.450175 
0.00965827 0.01331 0.0103915 0.0127062 0.0114797 0.00901402 0.0162934 0.00858317 0.00992876 0.0130916 0.0111794 0.0132474 0.0228796 0.0104125 0.011584 0.00970519 0.0098002 0.0110034 0.0130769 0.0222482 0.0528817 0.0330733 0.294446 0.0265014 0.0306953 0.0135061 0 0.00363625 0.00370937 0.00494084 
0.00905858 0.0102531 0.0175237 0.0105338 0.00853055 0.00946821 0.00864674 0.00974467 0.00871813 0.00844829 0.00978455 0.00922317 0.0103029 0.0161121 0.0134843 0.0133813 0.00994651 0.00905309 0.00976126 0.0108651 0.0197784 0.0769316 0.0512207 0.435025 0.0247856 0.0178954 0.00363625 0 0.00556349 0.00360996 
0.00940591 0.0107793 0.0114119 0.00941127 0.00849753 0.00974884 0.00909779 0.00945479 0.00868272 0.00841072 0.0103079 0.0110173 0.00971952 0.0158392 0.0134088 0.0123311 0.00980445 0.00964053 0.00943589 0.00925053 0.0146466 0.0149364 0.0480305 0.0272469 0.516332 0.0384362 0.00370937 0.00556349 0 0.00357895 
0.0100924 0.00885061 0.008552 0.00840135 0.00872675 0.0101314 0.00961467 0.00829137 0.00841309 0.00893584 0.0112877 0.0100224 0.0166146 0.0095162 0.00957943 0.00895909 0.00933181 0.00850208 0.00863312 0.0115982 0.00905218 0.0102454 0.0107334 0.0125783 0.0139124 0.450175 0.00494084 0.00360996 0.00357895 0 
