1J54A
RQIVLDTETTGMNQIGAHYEGHKIIEIGAVEVVNRRLTGNNFHVYLKPDRLVDPEAFGVHGIADEFLLDKPTFAEVADEFMDYIRGAELVIHNAAFDIGFMDYEFSLLKRDIPKTNTFCKVTDSLAVARKMFPGKRNSLDALCARYEIDNSKRTLHGALLDAQILAEVYLAMTG
CEEEEEEEECCCCCCCCCCCCCCEEEEEEEEEECCEECCCCEEEECCCCCCCCHHHHHHHCCCHHHHCCCCCHHHHHHHHHHHHCCCEEEECCHHHHHHHHHHHHHHCCCCCCCHHHCCEEEEHHHHHHHHCCCCCCCHHHHHHHCCCCCCCCCCCCHHHHHHHHHHHHHHHCC
0 0 0 0 0 0 0 0 0 0 0 0 0 0 0 0 0 0 0 0 0 0 0 0 0 0 0 0 0 0 0 0 0 0 0 0 0 0 0 0 0 0 0 0 0 0 0 0 0 0 0 0 0 0 0 0 0 0 0 0 0 0 0 0 0 0 0 0 0 0 0 0 0 0 0 0 0 0 0 0 0 0 0 0 0 0 0 0 0 0 0 0 0 0 0 0 0 0 0 0 0 0 0 0 0 0 0 0 0 0 0 0 0 0 0 0 0 0 0 0 0 0 0 0 0 0 0 0 0 0 0 0 0 0 0 0 0 0 0 0 0 0 0 0 0 0 0 0 0 0 0 0 0 0 0 0 0 0 0 0 0 0 0 0 0 0 0 0 0 0 0 0 0 0 
0 0 0 0 0 0 0 0 0 0 0 0 0 0 0 0 0 0 0 0 0 0 0 0 0 0 0 0 0 0 0 0 0 0 0 0 0 0 0 0 0 0 0 0 0 0 0 0 0 0 0 0 0 0 0 0 0 0 0 0 0 0 0 0 0 0 0 0 0 0 0 0 0 0 0 0 0 0 0 0 0 0 0 0 0 0 0 0 0 0 0 0 0 0 0 0 0 0 0 0 0 0 0 0 0 0 0 0 0 0 0 0 0 0 0 0 0 0 0 0 0 0 0 0 0 0 0 0 0 0 0 0 0 0 0 0 0 0 0 0 0 0 0 0 0 0 0 0 0 0 0 0 0 0 0 0 0 0 0 0 0 0 0 0 0 0 0 0 0 0 0 0 0 0 
0 0.0038129 0.00366478 0.00366538 0.00369089 0.00378114 0.00414003 0.008863 0.177084 0.0516959 0.0625895 0.0258888 0.0521902 0.0249782 0.0560312 0.0274611 0.104003 0.0259878 0.0151338 0.0228674 0.0284069 0.0140135 0.0125903 0.0214344 0.0250023 0.0180912 0.0154573 0.0151496 0.00941123 0.00886926 0.00891018 0.00897724 
0.0038129 0 0.0036358 0.00364004 0.00364676 0.00366817 0.00386198 0.00465287 0.055551 0.180842 0.0372065 0.0929155 0.035614 0.0908014 0.0518941 0.181511 0.0399413 0.0114132 0.0159221 0.0130957 0.0213367 0.0225155 0.0339943 0.0114099 0.0186844 0.0652784 0.0214799 0.0123666 0.00908187 0.00976308 0.00997998 0.00879416 
0.00366478 0.0036358 0 0.0036322 0.00362583 0.00373412 0.00361146 0.00371932 0.0319439 0.0298118 0.218212 0.030568 0.109365 0.0650203 0.214271 0.0832281 0.0213452 0.0101375 0.00900741 0.00954973 0.00974666 0.0247521 0.0135736 0.012365 0.0119273 0.0302179 0.0521078 0.0106808 0.00878056 0.00938979 0.00904004 0.00860923 
0.00366538 0.00364004 0.0036322 0 0.00361034 0.00360958 0.00355207 0.00360488 0.0163717 0.0720215 0.0238712 0.161267 0.0295353 0.269526 0.0533679 0.0701493 0.0242609 0.00986638 0.00901177 0.00922742 0.0114901 0.0105349 0.0289923 0.00999764 0.011147 0.0350193 0.0221191 0.0122829 0.00852531 0.00953009 0.00952556 0.00862032 
0.00369089 0.00364676 0.00362583 0.00361034 0 0.00352149 0.00354124 0.00355995 0.0149102 0.0139519 0.12786 0.0175542 0.275398 0.0396395 0.0532119 0.0359024 0.0173594 0.00968329 0.00863404 0.0090333 0.00901371 0.015268 0.0100259 0.0144449 0.00964967 0.0142072 0.0279162 0.0104177 0.00841994 0.00878164 0.00865686 0.00866327 
0.00378114 0.00366817 0.00373412 0.00360958 0.00352149 0 0.00354812 0.00353674 0.0327647 0.0419422 0.0322233 0.255016 0.0262603 0.0342481 0.0232942 0.0175529 0.0137278 0.00937728 0.00861655 0.00900442 0.00976397 0.00949032 0.0170264 0.00927272 0.00926926 0.0191419 0.0152043 0.00977712 0.00832869 0.00872616 0.00888186 0.00839993 
0.00414003 0.00386198 0.00361146 0.00355207 0.00354124 0.00354812 0 0.00360981 0.0233455 0.06072 0.234799 0.0176059 0.0307839 0.019551 0.023132 0.0223858 0.0240725 0.0118985 0.00980865 0.00994526 0.00955013 0.0149389 0.0122324 0.0125963 0.00960176 0.0127524 0.0220224 0.0100986 0.00839703 0.0086918 0.00895692 0.00838719 
0.008863 0.00465287 0.00371932 0.00360488 0.00355995 0.00353674 0.00360981 0 0.128066 0.0683932 0.0306684 0.0342051 0.0155551 0.0194917 0.0160384 0.0152582 0.0174325 0.0199531 0.012605 0.011889 0.0189095 0.00947051 0.0109042 0.0150204 0.0140458 0.0107921 0.0106629 0.0135414 0.00942339 0.00826883 0.00862459 0.00865637 
0.177084 0.055551 0.0319439 0.0163717 0.0149102 0.0327647 0.0233455 0.128066 0 0.00408485 0.00357643 0.00361758 0.00360773 0.00364667 0.00401689 0.00476401 0.00486278 0.0115929 0.00834178 0.0167837 0.011556 0.0113809 0.00971961 0.0258811 0.0320471 0.0205649 0.014425 0.0182685 0.0100489 0.00905383 0.00907644 0.0122221 
0.0516959 0.180842 0.0298118 0.0720215 0.0139519 0.0419422 0.06072 0.0683932 0.00408485 0 0.0035581 0.00357176 0.00356771 0.00361457 0.00418903 0.00391996 0.00769387 0.00456197 0.00761747 0.00805757 0.0146829 0.0084224 0.040878 0.0103587 0.0172845 0.081922 0.0210534 0.0153849 0.00910813 0.00970312 0.0121155 0.00901992 
0.0625895 0.0372065 0.218212 0.0238712 0.12786 0.0322233 0.234799 0.0306684 0.00357643 0.0035581 0 0.00353962 0.00354633 0.00360501 0.0036656 0.00639303 0.00390443 0.00436641 0.0061802 0.00755149 0.00833532 0.0353968 0.00945109 0.0665505 0.015281 0.0293129 0.0838834 0.0118498 0.00950706 0.010795 0.00913918 0.00924117 
0.0258888 0.0929155 0.030568 0.161267 0.0175542 0.255016 0.0176059 0.0342051 0.00361758 0.00357176 0.00353962 0 0.00354334 0.00354393 0.0035833 0.0036022 0.00398676 0.0036458 0.00522442 0.00688806 0.0128577 0.00832222 0.0624693 0.0102413 0.0146012 0.0466587 0.0200507 0.0135731 0.00871416 0.00937943 0.0107404 0.00897338 
0.0521902 0.035614 0.109365 0.0295353 0.275398 0.0262603 0.0307839 0.0155551 0.00360773 0.00356771 0.00354633 0.00354334 0 0.003531 0.00356603 0.00359446 0.00354157 0.00362187 0.00476487 0.00669329 0.00764012 0.033054 0.0124578 0.0564808 0.0137863 0.0235715 0.0306063 0.0121642 0.00897558 0.0093019 0.00906094 0.00872031 
0.0249782 0.0908014 0.0650203 0.269526 0.0396395 0.0342481 0.019551 0.0194917 0.00364667 0.00361457 0.00360501 0.00354393 0.003531 0 0.00354956 0.00351795 0.00358626 0.00359097 0.00501161 0.00658384 0.0144544 0.0141051 0.035973 0.0188419 0.0145723 0.033494 0.0325618 0.0118714 0.00874529 0.00941484 0.00920066 0.00887999 
0.0560312 0.0518941 0.214271 0.0533679 0.0532119 0.0232942 0.023132 0.0160384 0.00401689 0.00418903 0.0036656 0.0035833 0.00356603 0.00354956 0 0.00356668 0.0035945 0.00355431 0.00390933 0.00568772 0.0193139 0.0123228 0.030782 0.0125855 0.0115402 0.0350099 0.0204805 0.0126871 0.00877598 0.0092713 0.00954568 0.00888281 
0.0274611 0.181511 0.0832281 0.0701493 0.0359024 0.0175529 0.0223858 0.0152582 0.00476401 0.00391996 0.00639303 0.0036022 0.00359446 0.00351795 0.00356668 0 0.00358095 0.0035442 0.00432669 0.00788123 0.021409 0.0476924 0.00839687 0.0156274 0.0249377 0.0248707 0.0381845 0.010155 0.00901382 0.0100518 0.00894214 0.00876652 
0.104003 0.0399413 0.0213452 0.0242609 0.0173594 0.0137278 0.0240725 0.0174325 0.00486278 0.00769387 0.00390443 0.00398676 0.00354157 0.00358626 0.0035945 0.00358095 0 0.00353854 0.0051171 0.836839 0.0604342 0.0101145 0.0202391 0.00871928 0.0126188 0.0280652 0.0168709 0.0116244 0.008694 0.0091379 0.0098006 0.00844246 
0.0259878 0.0114132 0.0101375 0.00986638 0.00968329 0.00937728 0.0118985 0.0199531 0.0115929 0.00456197 0.00436641 0.0036458 0.00362187 0.00359097 0.00355431 0.0035442 0.00353854 0 0.950241 0.00454878 0.0136825 0.00803549 0.00873634 0.0113008 0.0157073 0.0096081 0.0105426 0.0109683 0.0101717 0.00842433 0.00834693 0.00854093 
0.0151338 0.0159221 0.00900741 0.00901177 0.00863404 0.00861655 0.00980865 0.012605 0.00834178 0.00761747 0.0061802 0.00522442 0.00476487 0.00501161 0.00390933 0.00432669 0.0051171 0.950241 0 0.00524104 0.00508153 0.0428574 0.00859052 0.0106147 0.011773 0.0105713 0.00927306 0.0118962 0.00867381 0.00829703 0.0084537 0.00897243 
0.0228674 0.0130957 0.00954973 0.00922742 0.0090333 0.00900442 0.00994526 0.011889 0.0167837 0.00805757 0.00755149 0.00688806 0.00669329 0.00658384 0.00568772 0.00788123 0.836839 0.00454878 0.00524104 0 0.062907 0.00767705 0.00656843 0.00624093 0.0136998 0.0114413 0.00959784 0.0102708 0.00934218 0.00835136 0.00872984 0.0085344 
0.0284069 0.0213367 0.00974666 0.0114901 0.00901371 0.00976397 0.00955013 0.0189095 0.011556 0.0146829 0.00833532 0.0128577 0.00764012 0.0144544 0.0193139 0.021409 0.0604342 0.0136825 0.00508153 0.062907 0 0.00356691 0.00404457 0.0040056 0.0806274 0.0135176 0.00981959 0.0246724 0.00884581 0.00855844 0.00928729 0.0109604 
0.0140135 0.0225155 0.0247521 0.0105349 0.015268 0.00949032 0.0149389 0.00947051 0.0113809 0.0084224 0.0353968 0.00832222 0.033054 0.0141051 0.0123228 0.0476924 0.0101145 0.00803549 0.0428574 0.00767705 0.00356691 0 0.00356067 0.00375092 0.0174416 0.0325141 0.023207 0.00951608 0.0087718 0.00946764 0.00864191 0.0088749 
0.0125903 0.0339943 0.0135736 0.0289923 0.0100259 0.0170264 0.0122324 0.0109042 0.00971961 0.040878 0.00945109 0.0624693 0.0124578 0.035973 0.030782 0.00839687 0.0202391 0.00873634 0.00859052 0.00656843 0.00404457 0.00356067 0 0.00356593 0.0121721 0.0441439 0.0504228 0.0125308 0.00866576 0.00937736 0.0117146 0.00837826 
0.0214344 0.0114099 0.012365 0.00999764 0.0144449 0.00927272 0.0125963 0.0150204 0.0258811 0.0103587 0.0665505 0.0102413 0.0564808 0.0188419 0.0125855 0.0156274 0.00871928 0.0113008 0.0106147 0.00624093 0.0040056 0.00375092 0.00356593 0 0.0205818 0.0129852 0.0480519 0.0971362 0.0110681 0.00897355 0.00846723 0.0101845 
0.0250023 0.0186844 0.0119273 0.011147 0.00964967 0.00926926 0.00960176 0.0140458 0.0320471 0.0172845 0.015281 0.0146012 0.0137863 0.0145723 0.0115402 0.0249377 0.0126188 0.0157073 0.011773 0.0136998 0.0806274 0.0174416 0.0121721 0.0205818 0 0.00463304 0.00361254 0.00475184 0.62267 0.01272 0.0132002 0.0269155 
0.0180912 0.0652784 0.0302179 0.0350193 0.0142072 0.0191419 0.0127524 0.0107921 0.0205649 0.081922 0.0293129 0.0466587 0.0235715 0.033494 0.0350099 0.0248707 0.0280652 0.0096081 0.0105713 0.0114413 0.0135176 0.0325141 0.0441439 0.0129852 0.00463304 0 0.00378056 0.00357719 0.027828 0.662014 0.025166 0.012737 
0.0154573 0.0214799 0.0521078 0.0221191 0.0279162 0.0152043 0.0220224 0.0106629 0.014425 0.0210534 0.0838834 0.0200507 0.0306063 0.0325618 0.0204805 0.0381845 0.0168709 0.0105426 0.00927306 0.00959784 0.00981959 0.023207 0.0504228 0.0480519 0.00361254 0.00378056 0 0.00357499 0.037749 0.0444328 0.623057 0.0160101 
0.0151496 0.0123666 0.0106808 0.0122829 0.0104177 0.00977712 0.0100986 0.0135414 0.0182685 0.0153849 0.0118498 0.0135731 0.0121642 0.0118714 0.0126871 0.010155 0.0116244 0.0109683 0.0118962 0.0102708 0.0246724 0.00951608 0.0125308 0.0971362 0.00475184 0.00357719 0.00357499 0 0.0224605 0.0157509 0.0299862 0.510672 
0.00941123 0.00908187 0.00878056 0.00852531 0.00841994 0.00832869 0.00839703 0.00942339 0.0100489 0.00910813 0.00950706 0.00871416 0.00897558 0.00874529 0.00877598 0.00901382 0.008694 0.0101717 0.00867381 0.00934218 0.00884581 0.0087718 0.00866576 0.0110681 0.62267 0.027828 0.037749 0.0224605 0 0.00445202 0.00357586 0.00375681 
0.00886926 0.00976308 0.00938979 0.00953009 0.00878164 0.00872616 0.0086918 0.00826883 0.00905383 0.00970312 0.010795 0.00937943 0.0093019 0.00941484 0.0092713 0.0100518 0.0091379 0.00842433 0.00829703 0.00835136 0.00855844 0.00946764 0.00937736 0.00897355 0.01272 0.662014 0.0444328 0.0157509 0.00445202 0 0.00384349 0.00354287 
0.00891018 0.00997998 0.00904004 0.00952556 0.00865686 0.00888186 0.00895692 0.00862459 0.00907644 0.0121155 0.00913918 0.0107404 0.00906094 0.00920066 0.00954568 0.00894214 0.0098006 0.00834693 0.0084537 0.00872984 0.00928729 0.00864191 0.0117146 0.00846723 0.0132002 0.025166 0.623057 0.0299862 0.00357586 0.00384349 0 0.00352759 
0.00897724 0.00879416 0.00860923 0.00862032 0.00866327 0.00839993 0.00838719 0.00865637 0.0122221 0.00901992 0.00924117 0.00897338 0.00872031 0.00887999 0.00888281 0.00876652 0.00844246 0.00854093 0.00897243 0.0085344 0.0109604 0.0088749 0.00837826 0.0101845 0.0269155 0.012737 0.0160101 0.510672 0.00375681 0.00354287 0.00352759 0 
