1J79A
SQVLKIRRPDDWHLHLRDGDMLKTVVPYTSEIYGRAIVMPNLAPPVTTVEAAVAYRQRILDAVPAPHDFTPLMTCYLTDSLDPNELERGFNEGVFTAAXLYPANATTNSSHGVTSVDAIMPVLERMEKIGMPLLVHGEVTHADIDIFDREARFIESVMEPLRQRLTALKVVFEHITTKDAADYVRDGNERLAATITPQHLMFNRNHMLVGGVRPHLYCLPILKRNIHQQALRELVASGFQRVFLGTDSAPHARHRKESSCGCAGCFNAPTALGSYATVFEEMNALQHFEAFCSVNGPQFYGLPVNDTFIELVREEQQVAESIALTDDTLVPFLAGETVRWSVK
CCEEEEECCCEEEECCCCHHHHHHHHHHHHCCCCEEEECCCCCCCCCCHHHHHHHHHHHHHHCCCCCCCEEEEEEECCCCCCHHHHHHHHHCCCEEEEEECCCCCCCCCCCCCCCCHHHHHHHHHHHHHCCCEEECCCCCCCCCCHHHHHHHHHHHCHHHHHHHCCCCCEEECCCCCHHHHHHHHCCCCCEEEEECHHHHHCCHHHHHCCCECHHHCCCCCCCCHHHHHHHHHHHHHCCCCEEECCCECCCCHHHHCCCCECCCCCCCCCHHHHHHHHHHHCCCHHHHHHHHHCHHHHHHCCCCCCCEEEEECCCEECCCCEECCCCEECCCCCCCEECCEEC
0 0 0 0 0 0 0 0 0 0 0 0 0 0 0 0 0 0 0 0 0 0 0 0 0 0 0 0 0 0 0 0 0 0 0 0 0 0 0 0 0 0 0 0 0 0 0 0 0 0 0 0 0 0 0 0 0 0 0 0 0 0 0 0 0 0 0 0 0 0 0 0 0 0 0 0 0 0 0 0 0 0 0 0 0 0 0 0 0 0 0 0 0 0 0 0 0 0 0 0 0 0 0 0 0 0 0 0 0 0 0 0 0 0 0 0 0 0 0 0 0 0 0 0 0 0 0 0 0 0 0 0 0 0 0 0 0 0 0 0 0 0 0 0 0 0 0 0 0 0 0 0 0 0 0 0 0 0 0 0 0 0 0 0 0 0 0 0 0 0 0 0 0 0 0 0 0 0 0 0 0 0 0 0 0 0 0 0 0 0 0 0 0 0 0 0 0 0 0 0 0 0 0 0 0 0 0 0 0 0 0 0 0 0 0 0 0 0 0 0 0 0 0 0 0 0 0 0 0 0 0 0 0 0 0 0 0 0 0 0 0 0 0 0 0 0 0 0 0 0 0 0 0 0 0 0 0 0 0 0 0 0 0 0 0 0 0 0 0 0 0 0 0 0 0 0 0 0 0 0 0 0 0 0 0 0 0 0 0 0 0 0 0 0 0 0 0 0 0 0 0 0 0 0 0 0 0 0 0 0 0 0 0 0 0 0 0 0 0 0 0 0 0 0 0 0 0 0 0 0 0 0 0 0 0 0 0 0 0 0 0 0 0 
0 0 0 0 0 0 0 0 0 0 0 0 0 0 0 0 0 0 0 0 0 0 0 0 0 0 0 0 0 0 0 0 0 0 0 0 0 0 0 0 0 0 0 0 0 0 0 0 0 0 0 0 0 0 0 0 0 0 0 0 0 0 0 0 0 0 0 0 0 0 0 0 0 0 0 0 0 0 0 0 0 0 0 0 0 0 0 0 0 0 0 0 0 0 0 0 0 0 0 0 0 0 0 0 0 0 0 0 0 0 0 0 0 0 0 0 0 0 0 0 0 0 0 0 0 0 0 0 0 0 0 0 0 0 0 0 0 0 0 0 0 0 0 0 0 0 0 0 0 0 0 0 0 0 0 0 0 0 0 0 0 0 0 0 0 0 0 0 0 0 0 0 0 0 0 0 0 0 0 0 0 0 0 0 0 0 0 0 0 0 0 0 0 0 0 0 0 0 0 0 0 0 0 0 0 0 0 0 0 0 0 0 0 0 0 0 0 0 0 0 0 0 0 0 0 0 0 0 0 0 0 0 0 0 0 0 0 0 0 0 0 0 0 0 0 0 0 0 0 0 0 0 0 0 0 0 0 0 0 0 0 0 0 0 0 0 0 0 0 0 0 0 0 0 0 0 0 0 0 0 0 0 0 0 0 0 0 0 0 0 0 0 0 0 0 0 0 0 0 0 0 0 0 0 0 0 0 0 0 0 0 0 0 0 0 0 0 0 0 0 0 0 0 0 0 0 0 0 0 0 0 0 0 0 0 0 0 0 0 0 0 0 0 
0 0.00384476 0.00386189 0.00376177 0.00572546 0.0060544 0.00639634 0.00880434 0.0260643 0.0701719 0.0113372 0.0140457 0.0194849 0.0145844 0.00858556 0.00936541 0.00886405 0.00968271 0.00913388 0.0136462 0.00980646 0.00911226 0.00868774 0.00891212 0.0091857 0.0111462 0.00887957 0.00839399 0.00897067 0.00885219 0.0082429 0.00865092 0.00853543 0.00826758 0.00828188 0.00837282 0.00881639 0.0089438 0.00852799 0.00840408 0.00879978 0.00898684 0.00870423 0.009655 0.00862608 0.00921104 0.00872479 0.00930357 0.00883446 0.00963697 0.00917362 0.0101092 0.00948893 0.00927807 0.0102705 0.00911499 0.00962034 0.00933688 
0.00384476 0 0.00361897 0.00539593 0.00359955 0.00431047 0.00872858 0.0078362 0.0261045 0.0140185 0.137318 0.0171675 0.0136833 0.00869289 0.018692 0.00938041 0.0211656 0.0100234 0.0212875 0.00937988 0.00953747 0.0102323 0.0129874 0.0131981 0.0110671 0.00973389 0.00947577 0.00897352 0.00875502 0.0098692 0.00856279 0.0083708 0.00882613 0.00853991 0.00893504 0.00861464 0.00858481 0.00837756 0.00857157 0.00860608 0.00840511 0.00828976 0.00828341 0.00863474 0.0103158 0.00857209 0.00893229 0.00913094 0.00896487 0.00885266 0.010274 0.00878439 0.00876105 0.00968933 0.00889529 0.0102063 0.00927677 0.00996889 
0.00386189 0.00361897 0 0.0035692 0.00362695 0.00421755 0.00613817 0.0171914 0.00709077 0.0180684 0.0144919 0.0439088 0.00984228 0.0128177 0.00869731 0.026353 0.0127702 0.0286425 0.00947408 0.0102745 0.00906303 0.0120422 0.0133704 0.0160341 0.0110467 0.00853715 0.00880201 0.00893607 0.00831992 0.0083803 0.00867868 0.00830086 0.00819593 0.00862331 0.00869699 0.00866675 0.0081694 0.00805531 0.00840334 0.00850149 0.00828818 0.00829437 0.00825502 0.00962155 0.00858004 0.00908224 0.0085921 0.00848012 0.00843598 0.00896103 0.00849694 0.00930719 0.0090062 0.00869249 0.00967319 0.00853863 0.0089363 0.00875882 
0.00376177 0.00539593 0.0035692 0 0.00353096 0.00388383 0.013203 0.00659845 0.00603732 0.011781 0.0292274 0.0133204 0.0223963 0.00848736 0.0143775 0.00913516 0.0138798 0.00906752 0.016236 0.00879354 0.00983409 0.00913128 0.010444 0.0100003 0.00921895 0.00873064 0.00866346 0.00853121 0.00848483 0.00884058 0.00825609 0.00821181 0.00828837 0.00828149 0.00851546 0.00834173 0.00818105 0.00823495 0.00838289 0.008358 0.00822544 0.00816072 0.00823056 0.00849644 0.00949336 0.00856995 0.00859524 0.00862665 0.00851906 0.00842798 0.00921374 0.0084889 0.00876871 0.00879841 0.00870823 0.0090779 0.0088597 0.00907157 
0.00572546 0.00359955 0.00362695 0.00353096 0 0.024775 0.00531574 0.0037871 0.00493761 0.0229498 0.0113757 0.0130494 0.0200717 0.0136183 0.00850757 0.00950279 0.00893166 0.00949872 0.00871086 0.0113853 0.0117761 0.00881974 0.00885775 0.00890891 0.00857933 0.0089766 0.00934872 0.00820511 0.00855172 0.00850292 0.00821326 0.00830215 0.00829726 0.00811418 0.0082224 0.00814339 0.00821002 0.00844224 0.00830776 0.00817121 0.00815768 0.00830858 0.00822475 0.0088758 0.00836981 0.00830671 0.00831106 0.00835981 0.00836504 0.00835793 0.00877329 0.00853888 0.00905539 0.00879909 0.00896498 0.00849829 0.00892734 0.0085461 
0.0060544 0.00431047 0.00421755 0.00388383 0.024775 0 0.00362693 0.00357657 0.00359255 0.190371 0.0281745 0.0177061 0.0338081 0.0134106 0.00987062 0.0111034 0.0121817 0.0117524 0.0108236 0.017942 0.0103796 0.0101659 0.0100198 0.0106855 0.0102081 0.0118227 0.00939898 0.009278 0.00914451 0.0083264 0.00828908 0.00844779 0.0081042 0.00837946 0.00843404 0.00862343 0.00844431 0.00819299 0.00823034 0.00829987 0.008316 0.00832942 0.00814967 0.00833253 0.0083096 0.00837184 0.00835066 0.00834843 0.00825036 0.00835339 0.00830118 0.00841245 0.00833861 0.00857347 0.00840811 0.00840095 0.00840685 0.00853745 
0.00639634 0.00872858 0.00613817 0.013203 0.00531574 0.00362693 0 0.00358168 0.00356665 0.0445797 0.31717 0.034577 0.0201013 0.00913923 0.0292139 0.0131164 0.0283064 0.0147309 0.025056 0.00963272 0.00985335 0.013456 0.0196714 0.0197178 0.0131596 0.00976159 0.00993228 0.010091 0.00922988 0.00886895 0.00869641 0.00883938 0.00828481 0.0085016 0.00907352 0.00869415 0.00834307 0.00805332 0.00840455 0.00855706 0.00852299 0.00818833 0.00817577 0.00837361 0.00854976 0.00859967 0.00851783 0.00843445 0.00829141 0.00835492 0.00841859 0.00848955 0.00842504 0.0088082 0.00837184 0.0086004 0.00845059 0.00853114 
0.00880434 0.0078362 0.0171914 0.00659845 0.0037871 0.00357657 0.00358168 0 0.00370317 0.027426 0.0514219 0.391068 0.0355504 0.0118738 0.011369 0.0221271 0.017621 0.0264879 0.0210824 0.0172033 0.00945008 0.0155741 0.0139737 0.0160772 0.0222363 0.010832 0.00943109 0.012347 0.00948189 0.00872207 0.00903723 0.0086061 0.00817226 0.00858237 0.00878426 0.00908963 0.00832766 0.00796362 0.00826733 0.00874271 0.00842977 0.00811272 0.00808521 0.0083279 0.00842755 0.00856173 0.00846929 0.00831193 0.00823144 0.00836276 0.00829179 0.00859268 0.00857434 0.00876558 0.00837869 0.0085684 0.00846019 0.00851944 
0.0260643 0.0261045 0.00709077 0.00603732 0.00493761 0.00359255 0.00356665 0.00370317 0 0.0282748 0.0548612 0.0299961 0.564915 0.0100384 0.0110971 0.0110447 0.0144118 0.0112526 0.0160952 0.0131899 0.0139352 0.0099668 0.0105408 0.010642 0.0101008 0.015296 0.0131895 0.00906295 0.0101283 0.00912149 0.00835687 0.00993469 0.00840215 0.00821606 0.00856898 0.00826607 0.00864672 0.00873553 0.00832834 0.0084527 0.00837689 0.00833983 0.0082649 0.00848349 0.00864045 0.0083555 0.00843106 0.00850974 0.00832498 0.00842488 0.00884384 0.00867438 0.00888922 0.00916196 0.00870653 0.00876304 0.00872251 0.00870148 
0.0701719 0.0140185 0.0180684 0.011781 0.0229498 0.190371 0.0445797 0.027426 0.0282748 0 0.00361824 0.00354085 0.00372017 0.645698 0.0135023 0.0185507 0.0159401 0.0128655 0.0125621 0.0302235 0.0140041 0.0128252 0.0123025 0.0123361 0.0116105 0.0200463 0.0120143 0.00964753 0.0112902 0.00945238 0.00847983 0.00898753 0.00855063 0.00834503 0.00859418 0.00889416 0.0092493 0.00902694 0.00848771 0.00844008 0.00847916 0.00853779 0.0082338 0.00842515 0.00839642 0.00834485 0.00836825 0.00846794 0.00833186 0.00846339 0.00847836 0.00859207 0.008461 0.00879997 0.00854855 0.00855226 0.00860586 0.00869813 
0.0113372 0.137318 0.0144919 0.0292274 0.0113757 0.0281745 0.31717 0.0514219 0.0548612 0.00361824 0 0.00360435 0.00360919 0.0286906 0.599024 0.0182958 0.0569029 0.0444966 0.043495 0.0124232 0.0120848 0.0245086 0.029473 0.0341566 0.0196569 0.0123186 0.0126342 0.0127359 0.0102782 0.00944538 0.00937762 0.0088939 0.00853803 0.00875781 0.00940293 0.00928878 0.00853262 0.00808572 0.00836173 0.00871614 0.00840631 0.00813485 0.00811936 0.00844559 0.00855791 0.00861333 0.00855695 0.00844799 0.00834055 0.00838585 0.00847163 0.0085797 0.00850676 0.00891087 0.0084552 0.00862611 0.00860299 0.00856466 
0.0140457 0.0171675 0.0439088 0.0133204 0.0130494 0.0177061 0.034577 0.391068 0.0299961 0.00354085 0.00360435 0 0.00366463 0.0202671 0.0238547 0.409267 0.0504655 0.119529 0.105989 0.023918 0.01325 0.0283797 0.0270933 0.0323931 0.0520308 0.0140024 0.0116576 0.0184447 0.0127265 0.00933418 0.0100447 0.00957445 0.00862748 0.00897377 0.00982636 0.00988441 0.00859271 0.00800462 0.0084731 0.00888452 0.00828518 0.00807633 0.00798691 0.00842646 0.0085255 0.00861885 0.00857519 0.00834124 0.00830661 0.00832486 0.0084029 0.00853919 0.00860906 0.00884633 0.00848172 0.00864292 0.00850143 0.00866629 
0.0194849 0.0136833 0.00984228 0.0223963 0.0200717 0.0338081 0.0201013 0.0355504 0.564915 0.00372017 0.00360919 0.00366463 0 0.0158557 0.0190659 0.0241221 0.293064 0.0311637 0.0905419 0.20679 0.0239789 0.0130553 0.0195024 0.0151302 0.0154921 0.0406482 0.018699 0.0107836 0.0221151 0.0110515 0.00913722 0.0124113 0.00911295 0.00868137 0.00931527 0.00895375 0.0091226 0.00897373 0.00857441 0.00861626 0.00857011 0.00848804 0.00824594 0.00873692 0.00853981 0.00844666 0.00842365 0.00846162 0.00836658 0.00841727 0.00876574 0.0087508 0.00917042 0.00919378 0.00889093 0.00877393 0.00870461 0.00867384 
0.0145844 0.00869289 0.0128177 0.00848736 0.0136183 0.0134106 0.00913923 0.0118738 0.0100384 0.645698 0.0286906 0.0202671 0.0158557 0 0.00377427 0.00362123 0.0036124 0.00390617 0.00363106 0.00489824 0.0437926 0.0128424 0.0106413 0.0103236 0.0122507 0.0158439 0.0131639 0.00971925 0.0104494 0.00955491 0.00877293 0.00902721 0.00836698 0.00851126 0.00836544 0.00947962 0.00931816 0.0087384 0.0083814 0.00814058 0.0083305 0.00865896 0.00830867 0.00873891 0.00815282 0.00844105 0.00822547 0.00831739 0.00816906 0.00847289 0.00826468 0.0087277 0.00838943 0.008547 0.00870232 0.00836573 0.00837736 0.00843846 
0.00858556 0.018692 0.00869731 0.0143775 0.00850757 0.00987062 0.0292139 0.011369 0.0110971 0.0135023 0.599024 0.0238547 0.0190659 0.00377427 0 0.00353714 0.00351939 0.00354236 0.00364118 0.00358858 0.041457 0.0329939 0.0142185 0.0174781 0.013145 0.0118392 0.0121789 0.0127532 0.00993635 0.00977134 0.00881712 0.0088222 0.00835674 0.00854022 0.00964947 0.00870553 0.00867096 0.00797121 0.00818464 0.00842745 0.00824858 0.00806147 0.00801195 0.00814993 0.00841397 0.00835903 0.00830489 0.00821747 0.00810016 0.00820079 0.00823819 0.00828063 0.00821039 0.00839534 0.00813461 0.00840265 0.00824477 0.00833578 
0.00936541 0.00938041 0.026353 0.00913516 0.00950279 0.0111034 0.0131164 0.0221271 0.0110447 0.0185507 0.0182958 0.409267 0.0241221 0.00362123 0.00353714 0 0.00355816 0.003593 0.00354739 0.00357743 0.0309822 0.0411187 0.0332338 0.022564 0.0189029 0.0118378 0.0131098 0.0125525 0.0110068 0.00907714 0.00956661 0.00923901 0.00829956 0.00918055 0.010729 0.0107614 0.00904457 0.00803067 0.00839917 0.00868713 0.00857579 0.00808662 0.00801638 0.0081872 0.00840629 0.00841214 0.00840577 0.00827663 0.00818158 0.00818225 0.00824872 0.00823032 0.00826696 0.00831607 0.00819704 0.00828053 0.00824934 0.00830529 
0.00886405 0.0211656 0.0127702 0.0138798 0.00893166 0.0121817 0.0283064 0.017621 0.0144118 0.0159401 0.0569029 0.0504655 0.293064 0.0036124 0.00351939 0.00355816 0 0.00352586 0.00355779 0.00357401 0.0281029 0.0471846 0.0669501 0.0760383 0.0207775 0.0172459 0.0134805 0.014823 0.0156685 0.00983646 0.0104916 0.0102725 0.00856842 0.00958184 0.0152544 0.0115926 0.00915624 0.00800514 0.00854637 0.00888407 0.00855917 0.00806455 0.00794652 0.0081286 0.00841242 0.00850323 0.00843286 0.00822897 0.00812816 0.0081683 0.00819946 0.00821464 0.0082357 0.00834453 0.008182 0.00827761 0.00824009 0.00832958 
0.00968271 0.0100234 0.0286425 0.00906752 0.00949872 0.0117524 0.0147309 0.0264879 0.0112526 0.0128655 0.0444966 0.119529 0.0311637 0.00390617 0.00354236 0.003593 0.00352586 0 0.00353371 0.0035469 0.0252139 0.0430026 0.123857 0.0653875 0.0330127 0.0148801 0.0142047 0.0153206 0.0133177 0.00939998 0.0105365 0.00994681 0.00840821 0.0101476 0.0126651 0.0114009 0.00921456 0.00798929 0.00847862 0.0088338 0.00871442 0.00810468 0.00803413 0.00815742 0.00850734 0.00845688 0.00845152 0.00832483 0.00818441 0.00816556 0.00827077 0.0082297 0.00830811 0.00841938 0.00820505 0.00832605 0.00828112 0.00838661 
0.00913388 0.0212875 0.00947408 0.016236 0.00871086 0.0108236 0.025056 0.0210824 0.0160952 0.0125621 0.043495 0.105989 0.0905419 0.00363106 0.00364118 0.00354739 0.00355779 0.00353371 0 0.00378558 0.0203708 0.0525176 0.0399462 0.0902657 0.122379 0.0277692 0.0138186 0.0325617 0.0180351 0.0101385 0.011122 0.0108776 0.0088031 0.00910039 0.0117992 0.010198 0.00965839 0.00815594 0.00836269 0.00888453 0.00842215 0.00818285 0.00802588 0.00822163 0.00853542 0.00850189 0.0083879 0.00819526 0.00819951 0.00809783 0.00828801 0.00818971 0.00830372 0.00837964 0.00823997 0.0083037 0.00826301 0.00835867 
0.0136462 0.00937988 0.0102745 0.00879354 0.0113853 0.017942 0.00963272 0.0172033 0.0131899 0.0302235 0.0124232 0.023918 0.20679 0.00489824 0.00358858 0.00357743 0.00357401 0.0035469 0.00378558 0 0.0405203 0.0203106 0.0274058 0.0239981 0.161158 0.212452 0.0234818 0.0142802 0.025377 0.0141807 0.00978053 0.0117137 0.0101333 0.00933341 0.00922271 0.00966222 0.00966063 0.00921596 0.00893555 0.00860987 0.00916568 0.00853961 0.00827672 0.00854894 0.00842085 0.00835051 0.00823826 0.00818056 0.00818754 0.00814571 0.00845348 0.00832443 0.00875607 0.00861505 0.0086208 0.00838897 0.00844547 0.00848106 
0.00980646 0.00953747 0.00906303 0.00983409 0.0117761 0.0103796 0.00985335 0.00945008 0.0139352 0.0140041 0.0120848 0.01325 0.0239789 0.0437926 0.041457 0.0309822 0.0281029 0.0252139 0.0203708 0.0405203 0 0.00366854 0.00357437 0.0036123 0.00370776 0.00575285 0.122834 0.0148497 0.0288322 0.0175314 0.0097452 0.0162391 0.00997455 0.00870109 0.00976841 0.00997914 0.015313 0.00959405 0.00887237 0.00858918 0.009643 0.00889564 0.00836495 0.00862535 0.00821337 0.00820865 0.00828251 0.00862594 0.00829138 0.00838065 0.00858289 0.00849502 0.00853782 0.00864324 0.00838316 0.00835305 0.00843838 0.00862101 
0.00911226 0.0102323 0.0120422 0.00913128 0.00881974 0.0101659 0.013456 0.0155741 0.0099668 0.0128252 0.0245086 0.0283797 0.0130553 0.0128424 0.0329939 0.0411187 0.0471846 0.0430026 0.0525176 0.0203106 0.00366854 0 0.00357782 0.0035872 0.00366344 0.00367949 0.100143 0.0652623 0.0131549 0.0131404 0.0179243 0.010796 0.00907044 0.0119876 0.0127814 0.0145602 0.00979256 0.0081387 0.00879101 0.00932519 0.00881006 0.00805968 0.0079533 0.00818336 0.00848143 0.00843542 0.00838534 0.00819313 0.00824296 0.00810268 0.00827137 0.00822497 0.00829341 0.00848967 0.00813787 0.00829285 0.00829214 0.00829477 
0.00868774 0.0129874 0.0133704 0.010444 0.00885775 0.0100198 0.0196714 0.0139737 0.0105408 0.0123025 0.029473 0.0270933 0.0195024 0.0106413 0.0142185 0.0332338 0.0669501 0.123857 0.0399462 0.0274058 0.00357437 0.00357782 0 0.00356163 0.00355959 0.00358952 0.109841 0.0379354 0.0196172 0.0138459 0.0117842 0.0119126 0.00941008 0.0119943 0.0321667 0.01584 0.00977202 0.00812726 0.00895106 0.00938683 0.00890546 0.00813021 0.00806155 0.00819384 0.00863839 0.00868475 0.00859983 0.00817782 0.00818541 0.00809564 0.0082213 0.00815754 0.00822846 0.0083262 0.00815278 0.00828692 0.00817503 0.00835839 
0.00891212 0.0131981 0.0160341 0.0100003 0.00890891 0.0106855 0.0197178 0.0160772 0.010642 0.0123361 0.0341566 0.0323931 0.0151302 0.0103236 0.0174781 0.022564 0.0760383 0.0653875 0.0902657 0.0239981 0.0036123 0.0035872 0.00356163 0 0.00356507 0.00363229 0.272202 0.047559 0.0260765 0.0145773 0.0149728 0.0131889 0.009288 0.0149015 0.0305883 0.0153509 0.00990376 0.00816032 0.00932171 0.00943125 0.00889937 0.00816564 0.00805233 0.00822534 0.00865695 0.00870245 0.00854554 0.0081791 0.00825209 0.00809534 0.00824533 0.00815739 0.00830515 0.00829295 0.00820168 0.00827128 0.00825484 0.00831756 
0.0091857 0.0110671 0.0110467 0.00921895 0.00857933 0.0102081 0.0131596 0.0222363 0.0101008 0.0116105 0.0196569 0.0520308 0.0154921 0.0122507 0.013145 0.0189029 0.0207775 0.0330127 0.122379 0.161158 0.00370776 0.00366344 0.00355959 0.00356507 0 0.00374248 0.0255139 0.522689 0.0552943 0.0116327 0.0279581 0.0135757 0.00965237 0.0139634 0.0141771 0.0206716 0.00956969 0.00829329 0.00877673 0.00962318 0.00880701 0.00807017 0.00798342 0.008229 0.00860229 0.00855069 0.00854355 0.00814271 0.00826335 0.00806901 0.0082662 0.0081355 0.00830179 0.00841997 0.00818529 0.00826836 0.00818711 0.00832865 
0.0111462 0.00973389 0.00853715 0.00873064 0.0089766 0.0118227 0.00976159 0.010832 0.015296 0.0200463 0.0123186 0.0140024 0.0406482 0.0158439 0.0118392 0.0118378 0.0172459 0.0148801 0.0277692 0.212452 0.00575285 0.00367949 0.00358952 0.00363229 0.00374248 0 0.0267146 0.0285147 0.655179 0.0219259 0.0111474 0.0226082 0.0145885 0.00946207 0.0113415 0.010527 0.0121985 0.0105506 0.00993363 0.00872512 0.00954528 0.00899221 0.00892561 0.00862717 0.00849088 0.00833411 0.00827076 0.00825245 0.00823638 0.00816563 0.00851913 0.00830538 0.00874161 0.00854153 0.00842815 0.00833452 0.0084276 0.00836081 
0.00887957 0.00947577 0.00880201 0.00866346 0.00934872 0.00939898 0.00993228 0.00943109 0.0131895 0.0120143 0.0126342 0.0116576 0.018699 0.0131639 0.0121789 0.0131098 0.0134805 0.0142047 0.0138186 0.0234818 0.122834 0.100143 0.109841 0.272202 0.0255139 0.0267146 0 0.0036397 0.0036802 0.666301 0.0174017 0.0834154 0.0182299 0.0153835 0.0167907 0.0127032 0.0332768 0.0116237 0.0116898 0.0111079 0.0129798 0.00943402 0.00862727 0.00843114 0.00857389 0.00850191 0.00839017 0.00878087 0.00813019 0.00842432 0.00844255 0.00854945 0.00841272 0.00877131 0.008237 0.00833793 0.00832002 0.00843455 
0.00839399 0.00897352 0.00893607 0.00853121 0.00820511 0.009278 0.010091 0.012347 0.00906295 0.00964753 0.0127359 0.0184447 0.0107836 0.00971925 0.0127532 0.0125525 0.014823 0.0153206 0.0325617 0.0142802 0.0148497 0.0652623 0.0379354 0.047559 0.522689 0.0285147 0.0036397 0 0.00375628 0.0256282 0.883994 0.0154887 0.0130743 0.0222046 0.0168215 0.0561584 0.0116337 0.00884043 0.00982313 0.0140664 0.0100053 0.00840419 0.00806099 0.00816488 0.00863519 0.00864295 0.00866853 0.00822543 0.00822235 0.00816844 0.00830345 0.00845753 0.00841252 0.00861324 0.00824999 0.00835524 0.00834574 0.00824357 
0.00897067 0.00875502 0.00831992 0.00848483 0.00855172 0.00914451 0.00922988 0.00948189 0.0101283 0.0112902 0.0102782 0.0127265 0.0221151 0.0104494 0.00993635 0.0110068 0.0156685 0.0133177 0.0180351 0.025377 0.0288322 0.0131549 0.0196172 0.0260765 0.0552943 0.655179 0.0036802 0.00375628 0 0.0694915 0.018094 0.807055 0.0175184 0.012626 0.020655 0.0195924 0.0305225 0.0113929 0.0123444 0.00957143 0.0128638 0.00943755 0.00892352 0.00846191 0.00837844 0.00827699 0.0082793 0.0084942 0.00812972 0.00809083 0.00840593 0.00828767 0.00859305 0.00860372 0.0082427 0.00818945 0.00832818 0.0082707 
0.00885219 0.0098692 0.0083803 0.00884058 0.00850292 0.0083264 0.00886895 0.00872207 0.00912149 0.00945238 0.00944538 0.00933418 0.0110515 0.00955491 0.00977134 0.00907714 0.00983646 0.00939998 0.0101385 0.0141807 0.0175314 0.0131404 0.0138459 0.0145773 0.0116327 0.0219259 0.666301 0.0256282 0.0694915 0 0.00388272 0.00369387 0.589083 0.0323224 0.0627187 0.0134951 0.071168 0.0263425 0.0373383 0.0106919 0.020561 0.0110389 0.00975993 0.00899521 0.0105033 0.00857257 0.00890252 0.00952274 0.00845033 0.00845407 0.00978978 0.00854229 0.00888672 0.00916467 0.00847631 0.00899779 0.00884263 0.00908263 
0.0082429 0.00856279 0.00867868 0.00825609 0.00821326 0.00828908 0.00869641 0.00903723 0.00835687 0.00847983 0.00937762 0.0100447 0.00913722 0.00877293 0.00881712 0.00956661 0.0104916 0.0105365 0.011122 0.00978053 0.0097452 0.0179243 0.0117842 0.0149728 0.0279581 0.0111474 0.0174017 0.883994 0.018094 0.00388272 0 0.00364158 0.0272803 0.432237 0.0287135 0.30029 0.0131193 0.0105802 0.0113474 0.0569805 0.010624 0.00913052 0.00826916 0.00855255 0.00860379 0.0088665 0.00870499 0.00823104 0.00810496 0.00816013 0.0081684 0.00849066 0.00831098 0.0086262 0.00819008 0.00823504 0.00843938 0.00818028 
0.00865092 0.0083708 0.00830086 0.00821181 0.00830215 0.00844779 0.00883938 0.0086061 0.00993469 0.00898753 0.0088939 0.00957445 0.0124113 0.00902721 0.0088222 0.00923901 0.0102725 0.00994681 0.0108776 0.0117137 0.0162391 0.010796 0.0119126 0.0131889 0.0135757 0.0226082 0.0834154 0.0154887 0.807055 0.00369387 0.00364158 0 0.0446133 0.0138942 0.32144 0.0374987 0.313572 0.0175616 0.0202817 0.0105665 0.042713 0.0130842 0.010129 0.00893733 0.00857064 0.00856437 0.00850023 0.00919382 0.00829835 0.0082296 0.00856305 0.00858993 0.00891226 0.00872253 0.00837862 0.00829544 0.0084033 0.00836208 
0.00853543 0.00882613 0.00819593 0.00828837 0.00829726 0.0081042 0.00828481 0.00817226 0.00840215 0.00855063 0.00853803 0.00862748 0.00911295 0.00836698 0.00835674 0.00829956 0.00856842 0.00840821 0.0088031 0.0101333 0.00997455 0.00907044 0.00941008 0.009288 0.00965237 0.0145885 0.0182299 0.0130743 0.0175184 0.589083 0.0272803 0.0446133 0 0.00360641 0.00358286 0.00361571 0.0044123 0.057338 0.0373844 0.0110563 0.0219487 0.0132562 0.0103428 0.00899459 0.00977151 0.00825798 0.00883393 0.00964029 0.00842478 0.00871745 0.00949431 0.00879653 0.00866886 0.00951895 0.00845947 0.0089953 0.00865974 0.00888895 
0.00826758 0.00853991 0.00862331 0.00828149 0.00811418 0.00837946 0.0085016 0.00858237 0.00821606 0.00834503 0.00875781 0.00897377 0.00868137 0.00851126 0.00854022 0.00918055 0.00958184 0.0101476 0.00910039 0.00933341 0.00870109 0.0119876 0.0119943 0.0149015 0.0139634 0.00946207 0.0153835 0.0222046 0.012626 0.0323224 0.432237 0.0138942 0.00360641 0 0.00355489 0.0036075 0.00368387 0.0156353 0.0216068 0.0432243 0.0108722 0.0110312 0.00850168 0.00871752 0.00858489 0.00994479 0.00892397 0.00844065 0.00829892 0.0082341 0.00831102 0.00863632 0.00858219 0.00873932 0.00854655 0.00821288 0.00861195 0.00830524 
0.00828188 0.00893504 0.00869699 0.00851546 0.0082224 0.00843404 0.00907352 0.00878426 0.00856898 0.00859418 0.00940293 0.00982636 0.00931527 0.00836544 0.00964947 0.010729 0.0152544 0.0126651 0.0117992 0.00922271 0.00976841 0.0127814 0.0321667 0.0305883 0.0141771 0.0113415 0.0167907 0.0168215 0.020655 0.0627187 0.0287135 0.32144 0.00358286 0.00355489 0 0.00357508 0.00370281 0.0100156 0.0548629 0.0220473 0.0240442 0.00913206 0.00856186 0.008408 0.0113905 0.0110906 0.0106425 0.0088844 0.0082227 0.00820622 0.00847573 0.00827852 0.00856822 0.00878669 0.00826964 0.0084039 0.00836853 0.00854849 
0.00837282 0.00861464 0.00866675 0.00834173 0.00814339 0.00862343 0.00869415 0.00908963 0.00826607 0.00889416 0.00928878 0.00988441 0.00895375 0.00947962 0.00870553 0.0107614 0.0115926 0.0114009 0.010198 0.00966222 0.00997914 0.0145602 0.01584 0.0153509 0.0206716 0.010527 0.0127032 0.0561584 0.0195924 0.0134951 0.30029 0.0374987 0.00361571 0.0036075 0.00357508 0 0.00355054 0.0100869 0.0147421 0.175262 0.0209297 0.0119781 0.00913818 0.00972467 0.0090846 0.0127493 0.00918784 0.00856076 0.00826645 0.00838751 0.00840668 0.00884026 0.00881159 0.00883106 0.00866891 0.00836897 0.00867879 0.00845083 
0.00881639 0.00858481 0.0081694 0.00818105 0.00821002 0.00844431 0.00834307 0.00832766 0.00864672 0.0092493 0.00853262 0.00859271 0.0091226 0.00931816 0.00867096 0.00904457 0.00915624 0.00921456 0.00965839 0.00966063 0.015313 0.00979256 0.00977202 0.00990376 0.00956969 0.0121985 0.0332768 0.0116337 0.0305225 0.071168 0.0131193 0.313572 0.0044123 0.00368387 0.00370281 0.00355054 0 0.0639784 0.0389033 0.0151761 0.16805 0.0169738 0.0146336 0.0103849 0.00971796 0.00849408 0.00905541 0.0098054 0.00907774 0.00841548 0.00988719 0.00876013 0.00995856 0.00933369 0.00897843 0.00866084 0.00911614 0.00844605 
0.0089438 0.00837756 0.00805531 0.00823495 0.00844224 0.00819299 0.00805332 0.00796362 0.00873553 0.00902694 0.00808572 0.00800462 0.00897373 0.0087384 0.00797121 0.00803067 0.00800514 0.00798929 0.00815594 0.00921596 0.00959405 0.0081387 0.00812726 0.00816032 0.00829329 0.0105506 0.0116237 0.00884043 0.0113929 0.0263425 0.0105802 0.0175616 0.057338 0.0156353 0.0100156 0.0100869 0.0639784 0 0.0225975 0.0158004 0.0490958 0.081176 0.0950709 0.0107792 0.00896183 0.00806172 0.00848699 0.0105692 0.00926235 0.00938677 0.010683 0.00991368 0.0102394 0.0101768 0.00946425 0.00947412 0.0100372 0.0088529 
0.00852799 0.00857157 0.00840334 0.00838289 0.00830776 0.00823034 0.00840455 0.00826733 0.00832834 0.00848771 0.00836173 0.0084731 0.00857441 0.0083814 0.00818464 0.00839917 0.00854637 0.00847862 0.00836269 0.00893555 0.00887237 0.00879101 0.00895106 0.00932171 0.00877673 0.00993363 0.0116898 0.00982313 0.0123444 0.0373383 0.0113474 0.0202817 0.0373844 0.0216068 0.0548629 0.0147421 0.0389033 0.0225975 0 0.00396719 0.00370014 0.00714333 0.0197383 0.0180541 0.0128923 0.0103267 0.0104923 0.0151561 0.00915269 0.0109095 0.0104072 0.0112532 0.0103205 0.0132032 0.0090531 0.0104385 0.00963122 0.00983968 
0.00840408 0.00860608 0.00850149 0.008358 0.00817121 0.00829987 0.00855706 0.00874271 0.0084527 0.00844008 0.00871614 0.00888452 0.00861626 0.00814058 0.00842745 0.00868713 0.00888407 0.0088338 0.00888453 0.00860987 0.00858918 0.00932519 0.00938683 0.00943125 0.00962318 0.00872512 0.0111079 0.0140664 0.00957143 0.0106919 0.0569805 0.0105665 0.0110563 0.0432243 0.0220473 0.175262 0.0151761 0.0158004 0.00396719 0 0.00382096 0.00543551 0.0219397 0.0105596 0.0130184 0.0121364 0.0164864 0.00911844 0.00962189 0.00898582 0.00924145 0.00977583 0.0112975 0.0103995 0.00969101 0.00869425 0.0102019 0.00914117 
0.00879978 0.00840511 0.00828818 0.00822544 0.00815768 0.008316 0.00852299 0.00842977 0.00837689 0.00847916 0.00840631 0.00828518 0.00857011 0.0083305 0.00824858 0.00857579 0.00855917 0.00871442 0.00842215 0.00916568 0.009643 0.00881006 0.00890546 0.00889937 0.00880701 0.00954528 0.0129798 0.0100053 0.0128638 0.020561 0.010624 0.042713 0.0219487 0.0108722 0.0240442 0.0209297 0.16805 0.0490958 0.00370014 0.00382096 0 0.0102729 0.0172081 0.0148665 0.0108971 0.00997307 0.0120661 0.0221276 0.0102081 0.0103218 0.0122775 0.0112646 0.0130377 0.0136523 0.0106488 0.0100514 0.010642 0.00928751 
0.00898684 0.00828976 0.00829437 0.00816072 0.00830858 0.00832942 0.00818833 0.00811272 0.00833983 0.00853779 0.00813485 0.00807633 0.00848804 0.00865896 0.00806147 0.00808662 0.00806455 0.00810468 0.00818285 0.00853961 0.00889564 0.00805968 0.00813021 0.00816564 0.00807017 0.00899221 0.00943402 0.00840419 0.00943755 0.0110389 0.00913052 0.0130842 0.0132562 0.0110312 0.00913206 0.0119781 0.0169738 0.081176 0.00714333 0.00543551 0.0102729 0 0.277026 0.0140568 0.0101858 0.00923466 0.0105274 0.0154026 0.0107602 0.0121704 0.0111638 0.0135184 0.0131256 0.0139484 0.0106858 0.0103392 0.0108296 0.00950605 
0.00870423 0.00828341 0.00825502 0.00823056 0.00822475 0.00814967 0.00817577 0.00808521 0.0082649 0.0082338 0.00811936 0.00798691 0.00824594 0.00830867 0.00801195 0.00801638 0.00794652 0.00803413 0.00802588 0.00827672 0.00836495 0.0079533 0.00806155 0.00805233 0.00798342 0.00892561 0.00862727 0.00806099 0.00892352 0.00975993 0.00826916 0.010129 0.0103428 0.00850168 0.00856186 0.00913818 0.0146336 0.0950709 0.0197383 0.0219397 0.0172081 0.277026 0 0.0183015 0.00997746 0.00926751 0.0112851 0.0213216 0.0109904 0.011922 0.0125847 0.0130969 0.0123706 0.0134586 0.0102065 0.0103702 0.0109033 0.0108737 
0.009655 0.00863474 0.00962155 0.00849644 0.0088758 0.00833253 0.00837361 0.0083279 0.00848349 0.00842515 0.00844559 0.00842646 0.00873692 0.00873891 0.00814993 0.0081872 0.0081286 0.00815742 0.00822163 0.00854894 0.00862535 0.00818336 0.00819384 0.00822534 0.008229 0.00862717 0.00843114 0.00816488 0.00846191 0.00899521 0.00855255 0.00893733 0.00899459 0.00871752 0.008408 0.00972467 0.0103849 0.0107792 0.0180541 0.0105596 0.0148665 0.0140568 0.0183015 0 0.00465978 0.00373132 0.00380378 0.00523407 0.00644598 0.017813 0.00943754 0.038128 0.0236352 0.0195312 0.0241586 0.0144099 0.0203722 0.0192731 
0.00862608 0.0103158 0.00858004 0.00949336 0.00836981 0.0083096 0.00854976 0.00842755 0.00864045 0.00839642 0.00855791 0.0085255 0.00853981 0.00815282 0.00841397 0.00840629 0.00841242 0.00850734 0.00853542 0.00842085 0.00821337 0.00848143 0.00863839 0.00865695 0.00860229 0.00849088 0.00857389 0.00863519 0.00837844 0.0105033 0.00860379 0.00857064 0.00977151 0.00858489 0.0113905 0.0090846 0.00971796 0.00896183 0.0128923 0.0130184 0.0108971 0.0101858 0.00997746 0.00465978 0 0.00356014 0.00368326 0.00398258 0.00697087 0.00693426 0.0306557 0.00923452 0.0136374 0.0155962 0.0115531 0.0172848 0.0146621 0.0165816 
0.00921104 0.00857209 0.00908224 0.00856995 0.00830671 0.00837184 0.00859967 0.00856173 0.0083555 0.00834485 0.00861333 0.00861885 0.00844666 0.00844105 0.00835903 0.00841214 0.00850323 0.00845688 0.00850189 0.00835051 0.00820865 0.00843542 0.00868475 0.00870245 0.00855069 0.00833411 0.00850191 0.00864295 0.00827699 0.00857257 0.0088665 0.00856437 0.00825798 0.00994479 0.0110906 0.0127493 0.00849408 0.00806172 0.0103267 0.0121364 0.00997307 0.00923466 0.00926751 0.00373132 0.00356014 0 0.00359238 0.00359169 0.00422568 0.0174109 0.00736655 0.0115501 0.0109147 0.00957777 0.0124895 0.0086358 0.0100314 0.00995198 
0.00872479 0.00893229 0.0085921 0.00859524 0.00831106 0.00835066 0.00851783 0.00846929 0.00843106 0.00836825 0.00855695 0.00857519 0.00842365 0.00822547 0.00830489 0.00840577 0.00843286 0.00845152 0.0083879 0.00823826 0.00828251 0.00838534 0.00859983 0.00854554 0.00854355 0.00827076 0.00839017 0.00866853 0.0082793 0.00890252 0.00870499 0.00850023 0.00883393 0.00892397 0.0106425 0.00918784 0.00905541 0.00848699 0.0104923 0.0164864 0.0120661 0.0105274 0.0112851 0.00380378 0.00368326 0.00359238 0 0.00364812 0.00709441 0.0207806 0.017846 0.0104324 0.0132205 0.0193988 0.0117513 0.0141851 0.0126443 0.0179875 
0.00930357 0.00913094 0.00848012 0.00862665 0.00835981 0.00834843 0.00843445 0.00831193 0.00850974 0.00846794 0.00844799 0.00834124 0.00846162 0.00831739 0.00821747 0.00827663 0.00822897 0.00832483 0.00819526 0.00818056 0.00862594 0.00819313 0.00817782 0.0081791 0.00814271 0.00825245 0.00878087 0.00822543 0.0084942 0.00952274 0.00823104 0.00919382 0.00964029 0.00844065 0.0088844 0.00856076 0.0098054 0.0105692 0.0151561 0.00911844 0.0221276 0.0154026 0.0213216 0.00523407 0.00398258 0.00359169 0.00364812 0 0.0347929 0.00534204 0.0164229 0.00970773 0.0227733 0.0174176 0.0154855 0.0138741 0.0256141 0.0126258 
0.00883446 0.00896487 0.00843598 0.00851906 0.00836504 0.00825036 0.00829141 0.00823144 0.00832498 0.00833186 0.00834055 0.00830661 0.00836658 0.00816906 0.00810016 0.00818158 0.00812816 0.00818441 0.00819951 0.00818754 0.00829138 0.00824296 0.00818541 0.00825209 0.00826335 0.00823638 0.00813019 0.00822235 0.00812972 0.00845033 0.00810496 0.00829835 0.00842478 0.00829892 0.0082227 0.00826645 0.00907774 0.00926235 0.00915269 0.00962189 0.0102081 0.0107602 0.0109904 0.00644598 0.00697087 0.00422568 0.00709441 0.0347929 0 0.00455565 0.00928643 0.177563 0.0119 0.0312909 0.012939 0.0855325 0.0135478 0.0263569 
0.00963697 0.00885266 0.00896103 0.00842798 0.00835793 0.00835339 0.00835492 0.00836276 0.00842488 0.00846339 0.00838585 0.00832486 0.00841727 0.00847289 0.00820079 0.00818225 0.0081683 0.00816556 0.00809783 0.00814571 0.00838065 0.00810268 0.00809564 0.00809534 0.00806901 0.00816563 0.00842432 0.00816844 0.00809083 0.00845407 0.00816013 0.0082296 0.00871745 0.0082341 0.00820622 0.00838751 0.00841548 0.00938677 0.0109095 0.00898582 0.0103218 0.0121704 0.011922 0.017813 0.00693426 0.0174109 0.0207806 0.00534204 0.00455565 0 0.0934166 0.0100419 0.0314519 0.00995768 0.0823641 0.0103343 0.024875 0.00983663 
0.00917362 0.010274 0.00849694 0.00921374 0.00877329 0.00830118 0.00841859 0.00829179 0.00884384 0.00847836 0.00847163 0.0084029 0.00876574 0.00826468 0.00823819 0.00824872 0.00819946 0.00827077 0.00828801 0.00845348 0.00858289 0.00827137 0.0082213 0.00824533 0.0082662 0.00851913 0.00844255 0.00830345 0.00840593 0.00978978 0.0081684 0.00856305 0.00949431 0.00831102 0.00847573 0.00840668 0.00988719 0.010683 0.0104072 0.00924145 0.0122775 0.0111638 0.0125847 0.00943754 0.0306557 0.00736655 0.017846 0.0164229 0.00928643 0.0934166 0 0.00437213 0.00733932 0.769726 0.0128915 0.0461803 0.0200751 0.0602124 
0.0101092 0.00878439 0.00930719 0.0084889 0.00853888 0.00841245 0.00848955 0.00859268 0.00867438 0.00859207 0.0085797 0.00853919 0.0087508 0.0087277 0.00828063 0.00823032 0.00821464 0.0082297 0.00818971 0.00832443 0.00849502 0.00822497 0.00815754 0.00815739 0.0081355 0.00830538 0.00854945 0.00845753 0.00828767 0.00854229 0.00849066 0.00858993 0.00879653 0.00863632 0.00827852 0.00884026 0.00876013 0.00991368 0.0112532 0.00977583 0.0112646 0.0135184 0.0130969 0.038128 0.00923452 0.0115501 0.0104324 0.00970773 0.177563 0.0100419 0.00437213 0 0.840906 0.00927367 0.0461019 0.0126956 0.0592195 0.0136855 
0.00948893 0.00876105 0.0090062 0.00876871 0.00905539 0.00833861 0.00842504 0.00857434 0.00888922 0.008461 0.00850676 0.00860906 0.00917042 0.00838943 0.00821039 0.00826696 0.0082357 0.00830811 0.00830372 0.00875607 0.00853782 0.00829341 0.00822846 0.00830515 0.00830179 0.00874161 0.00841272 0.00841252 0.00859305 0.00888672 0.00831098 0.00891226 0.00866886 0.00858219 0.00856822 0.00881159 0.00995856 0.0102394 0.0103205 0.0112975 0.0130377 0.0131256 0.0123706 0.0236352 0.0136374 0.0109147 0.0132205 0.0227733 0.0119 0.0314519 0.00733932 0.840906 0 0.00393236 0.0192185 0.166582 0.0232694 0.0479902 
0.00927807 0.00968933 0.00869249 0.00879841 0.00879909 0.00857347 0.0088082 0.00876558 0.00916196 0.00879997 0.00891087 0.00884633 0.00919378 0.008547 0.00839534 0.00831607 0.00834453 0.00841938 0.00837964 0.00861505 0.00864324 0.00848967 0.0083262 0.00829295 0.00841997 0.00854153 0.00877131 0.00861324 0.00860372 0.00916467 0.0086262 0.00872253 0.00951895 0.00873932 0.00878669 0.00883106 0.00933369 0.0101768 0.0132032 0.0103995 0.0136523 0.0139484 0.0134586 0.0195312 0.0155962 0.00957777 0.0193988 0.0174176 0.0312909 0.00995768 0.769726 0.00927367 0.00393236 0 0.14638 0.0203206 0.0702499 0.022094 
0.0102705 0.00889529 0.00967319 0.00870823 0.00896498 0.00840811 0.00837184 0.00837869 0.00870653 0.00854855 0.0084552 0.00848172 0.00889093 0.00870232 0.00813461 0.00819704 0.008182 0.00820505 0.00823997 0.0086208 0.00838316 0.00813787 0.00815278 0.00820168 0.00818529 0.00842815 0.008237 0.00824999 0.0082427 0.00847631 0.00819008 0.00837862 0.00845947 0.00854655 0.00826964 0.00866891 0.00897843 0.00946425 0.0090531 0.00969101 0.0106488 0.0106858 0.0102065 0.0241586 0.0115531 0.0124895 0.0117513 0.0154855 0.012939 0.0823641 0.0128915 0.0461019 0.0192185 0.14638 0 0.0075627 0.00757759 0.158565 
0.00911499 0.0102063 0.00853863 0.0090779 0.00849829 0.00840095 0.0086004 0.0085684 0.00876304 0.00855226 0.00862611 0.00864292 0.00877393 0.00836573 0.00840265 0.00828053 0.00827761 0.00832605 0.0083037 0.00838897 0.00835305 0.00829285 0.00828692 0.00827128 0.00826836 0.00833452 0.00833793 0.00835524 0.00818945 0.00899779 0.00823504 0.00829544 0.0089953 0.00821288 0.0084039 0.00836897 0.00866084 0.00947412 0.0104385 0.00869425 0.0100514 0.0103392 0.0103702 0.0144099 0.0172848 0.0086358 0.0141851 0.0138741 0.0855325 0.0103343 0.0461803 0.0126956 0.166582 0.0203206 0.0075627 0 0.140801 0.00820572 
0.00962034 0.00927677 0.0089363 0.0088597 0.00892734 0.00840685 0.00845059 0.00846019 0.00872251 0.00860586 0.00860299 0.00850143 0.00870461 0.00837736 0.00824477 0.00824934 0.00824009 0.00828112 0.00826301 0.00844547 0.00843838 0.00829214 0.00817503 0.00825484 0.00818711 0.0084276 0.00832002 0.00834574 0.00832818 0.00884263 0.00843938 0.0084033 0.00865974 0.00861195 0.00836853 0.00867879 0.00911614 0.0100372 0.00963122 0.0102019 0.010642 0.0108296 0.0109033 0.0203722 0.0146621 0.0100314 0.0126443 0.0256141 0.0135478 0.024875 0.0200751 0.0592195 0.0232694 0.0702499 0.00757759 0.140801 0 0.0152531 
0.00933688 0.00996889 0.00875882 0.00907157 0.0085461 0.00853745 0.00853114 0.00851944 0.00870148 0.00869813 0.00856466 0.00866629 0.00867384 0.00843846 0.00833578 0.00830529 0.00832958 0.00838661 0.00835867 0.00848106 0.00862101 0.00829477 0.00835839 0.00831756 0.00832865 0.00836081 0.00843455 0.00824357 0.0082707 0.00908263 0.00818028 0.00836208 0.00888895 0.00830524 0.00854849 0.00845083 0.00844605 0.0088529 0.00983968 0.00914117 0.00928751 0.00950605 0.0108737 0.0192731 0.0165816 0.00995198 0.0179875 0.0126258 0.0263569 0.00983663 0.0602124 0.0136855 0.0479902 0.022094 0.158565 0.00820572 0.0152531 0 
