1JHJA
ATPNKTPPGADPKQLERTGTVREIGSQAVWSLSSCKPGFGVDQLRDDNLETYWQSDGSQPHLVNIQFRRKTTVKTLCIYADYKSDESYTPSKISVRVGNNFHNLQEIRQLELVEPSGWIHVPLTDNHKKPTRTFMIQIAVLANHQNGRDTHMRQIKIYTPV
CCCCCCCCCCCHHHHHHCCCEEECHHHEEEEECCCECCECCHHHHCCCCCCCEECCCCCCEEEEEEEEEEEEECEEEEEEEHHHHHHHCEEEEEEEEECCCCCCEEEEEEECCCCEEEEEEECECCCCCEEEEEEEEEEEEEEHHHCCCCEECEEEEEEEC
0 0 0 0 0 0 0 0 0 0 0 0 0 0 0 0 0 0 0 0 0 0 0 0 0 0 0 0 0 0 0 0 0 0 0 0 0 0 0 0 0 0 0 0 0 0 0 0 0 0 0 0 0 0 0 0 0 0 0 0 0 0 0 0 0 0 0 0 0 0 0 0 0 0 0 0 0 0 0 0 0 0 0 0 0 0 0 0 0 0 0 0 0 0 0 0 0 0 0 0 0 0 0 0 0 0 0 0 0 0 0 0 0 0 0 0 0 0 0 0 0 0 0 0 0 0 0 0 0 0 0 0 0 0 0 0 0 0 0 0 0 0 0 0 0 0 0 0 0 0 0 0 0 0 0 0 0 0 0 0 0 
0 0 0 0 0 0 0 0 0 0 0 0 0 0 0 0 0 0 0 0 0 0 0 0 0 0 0 0 0 0 0 0 0 0 0 0 0 0 0 0 0 0 0 0 0 0 0 0 0 0 0 0 0 0 0 0 0 0 0 0 0 0 0 0 0 0 0 0 0 0 0 0 0 0 0 0 0 0 0 0 0 0 0 0 0 0 0 0 0 0 0 0 0 0 0 0 0 0 0 0 0 0 0 0 0 0 0 0 0 0 0 0 0 0 0 0 0 0 0 0 0 0 0 0 0 0 0 0 0 0 0 0 0 0 0 0 0 0 0 0 0 0 0 0 0 0 0 0 0 0 0 0 0 0 0 0 0 0 0 0 0 
0 0.0049316 0.00395222 0.0060292 0.00467293 0.0147021 0.00777587 0.0835735 0.0128708 0.0147864 0.0115708 0.0148322 0.0151542 0.0103726 0.01419 0.00959322 0.0167674 0.00870769 0.0150966 0.00874212 0.0105082 0.00914911 0.0156112 0.0100643 0.0330898 0.0120907 0.0122477 0.00967158 0.0122065 0.009729 0.0125552 0.0146166 0.00974544 0.00948697 0.00849796 0.0127379 0.00895748 0.0115155 0.00887116 0.0101295 0.0142281 0.00906303 0.00829526 0.00871177 0.00832888 0.0081917 0.0115544 0.0103862 0.0083314 0.00857772 0.00823174 0.00919306 0.0083874 0.0105015 0.0087801 0.0112326 0.00862261 0.00852493 0.00817605 0.00865636 0.00830049 0.0085274 0.00901379 0.00857632 0.0095939 0.00870842 0.00880153 0.00833545 0.00822503 0.00916788 0.00808168 0.00850382 0.00842006 0.00887637 0.00842788 0.00857139 0.00830864 0.00868778 0.00909357 
0.0049316 0 0.00357546 0.00361284 0.0106461 0.00591653 0.0436471 0.00645317 0.00815814 0.0104323 0.0161134 0.0146305 0.0104675 0.028718 0.0103791 0.0157512 0.00901434 0.0135544 0.00873932 0.00966263 0.00877057 0.00948389 0.00894481 0.0274752 0.00874481 0.0100395 0.0166431 0.013854 0.010811 0.0123226 0.0177788 0.00974781 0.00875856 0.00985799 0.0107829 0.00891971 0.0132585 0.00968688 0.0113649 0.0104712 0.00873866 0.00853917 0.00872157 0.00815049 0.0082274 0.0087117 0.00849941 0.0091781 0.00839235 0.00860122 0.00868341 0.0085998 0.00976375 0.00844982 0.00836028 0.00856994 0.00846359 0.00820972 0.00851726 0.00827549 0.00894164 0.00867105 0.00893088 0.00957147 0.0091169 0.00913395 0.00856939 0.00837554 0.00836127 0.00829689 0.0082605 0.00827703 0.00823332 0.00854375 0.00918434 0.00882356 0.00851959 0.00827219 0.0081861 
0.00395222 0.00357546 0 0.0198307 0.00407689 0.0158814 0.00535277 0.00684724 0.00921368 0.0130722 0.0182629 0.0122935 0.0224666 0.012094 0.0139251 0.0106197 0.0118577 0.00928351 0.0111663 0.00898186 0.00890593 0.00884725 0.0113225 0.00916181 0.0145308 0.01828 0.0127501 0.0106321 0.0118524 0.0121893 0.0128418 0.0133534 0.013931 0.00968326 0.00941827 0.0100414 0.00982139 0.010458 0.0107174 0.00987836 0.00983458 0.011767 0.00846427 0.00829454 0.00840692 0.00847662 0.00876459 0.00943256 0.0104988 0.00877598 0.00878299 0.00887871 0.00882279 0.00879506 0.00885015 0.0107158 0.0096905 0.00852161 0.00825248 0.00837574 0.00839825 0.00880991 0.00963386 0.00896544 0.00926484 0.0091601 0.00894489 0.00839741 0.00832815 0.00840998 0.00944292 0.00867965 0.00944961 0.00852828 0.00855686 0.00881333 0.00863977 0.00852768 0.00818235 
0.0060292 0.00361284 0.0198307 0 0.00356614 0.00365436 0.00359042 0.00421301 0.00450857 0.00690787 0.00914047 0.0134611 0.0126657 0.0111273 0.0135467 0.00921993 0.021062 0.00845635 0.0255093 0.00848056 0.0141675 0.00885014 0.0160684 0.0090607 0.0422378 0.0118673 0.0158942 0.00976756 0.0149463 0.0101595 0.0156109 0.0137047 0.00989624 0.0103229 0.0086142 0.0150293 0.00899577 0.015 0.00896343 0.0111832 0.0140236 0.00839384 0.00844484 0.00890357 0.00842668 0.00827819 0.0125123 0.00996491 0.00817093 0.00923111 0.00835825 0.0115302 0.00862688 0.0133303 0.00882568 0.0107408 0.00828589 0.00916058 0.00813977 0.0104019 0.00831717 0.009013 0.0104945 0.00867935 0.0116668 0.00863353 0.010132 0.00834588 0.00838626 0.009936 0.00823348 0.0102945 0.00863495 0.00993384 0.00849256 0.00998814 0.00867493 0.00876764 0.00905807 
0.00467293 0.0106461 0.00407689 0.00356614 0 0.00352052 0.00365466 0.00353281 0.00437871 0.00677258 0.00973792 0.0100203 0.0105086 0.01437 0.0100354 0.0341083 0.00867727 0.0343591 0.00850761 0.0122548 0.00852944 0.0123313 0.00863042 0.0316471 0.00872791 0.0118086 0.0108063 0.0258034 0.0112312 0.0204288 0.0109225 0.0108856 0.0088083 0.00889616 0.0131902 0.00895677 0.0243641 0.00924074 0.0163657 0.00920803 0.00878585 0.0083625 0.00842484 0.0081666 0.0085218 0.00913827 0.0083237 0.0109708 0.00838193 0.008409 0.0107697 0.0086399 0.0149593 0.0083753 0.0102104 0.00849291 0.00830652 0.00809297 0.00919633 0.00817206 0.00958329 0.00889501 0.00901881 0.0121776 0.00877027 0.0117525 0.00838483 0.00848566 0.00844733 0.00847304 0.00821831 0.00809532 0.00856862 0.00838013 0.0106097 0.00857027 0.00896679 0.00845775 0.00834496 
0.0147021 0.00591653 0.0158814 0.00365436 0.00352052 0 0.00352413 0.00362309 0.00424986 0.00637911 0.00906486 0.0087898 0.010173 0.013764 0.0747282 0.00940235 0.111056 0.00865336 0.0391511 0.00851381 0.01403 0.00863739 0.0558058 0.00882195 0.0210763 0.00995297 0.0407291 0.0144679 0.0601272 0.0154746 0.0175609 0.00885743 0.00872529 0.0114801 0.00923277 0.0688589 0.010192 0.0566918 0.0120941 0.0119237 0.00863367 0.00837497 0.0084505 0.0101832 0.00911177 0.00852953 0.0146966 0.00845601 0.00826995 0.0125022 0.00905342 0.0254312 0.00932855 0.0134405 0.00834286 0.00810485 0.00812188 0.010104 0.0084575 0.0133473 0.00909995 0.0129665 0.0198165 0.0110011 0.0234491 0.00987129 0.0137124 0.00937016 0.00850833 0.00825703 0.00820586 0.00854897 0.00880885 0.0117713 0.00928985 0.0136921 0.00923872 0.00873992 0.00841397 
0.00777587 0.0436471 0.00535277 0.00359042 0.00365466 0.00352413 0 0.00357131 0.00478171 0.00789213 0.0131159 0.01431 0.0110173 0.0223341 0.0106664 0.055307 0.00880654 0.0320669 0.00856135 0.0131901 0.00859092 0.0154166 0.00870794 0.0331349 0.008629 0.0110779 0.0112927 0.0275126 0.0103624 0.0179491 0.0114786 0.0104788 0.00909364 0.00930238 0.0212199 0.009049 0.0266644 0.00993452 0.0186271 0.00963528 0.00858623 0.00913474 0.00910828 0.00827954 0.00858097 0.0102988 0.0083019 0.0111561 0.00935407 0.00858362 0.012507 0.00871128 0.0152577 0.00827765 0.0092862 0.00872555 0.00900012 0.00822581 0.00994853 0.00828651 0.00964146 0.00958177 0.00894625 0.014012 0.00885544 0.0115928 0.00862955 0.00859876 0.00847977 0.00845679 0.00859697 0.00814794 0.00895291 0.00866574 0.0108235 0.00888235 0.00896445 0.00825125 0.00826482 
0.0835735 0.00645317 0.00684724 0.00421301 0.00353281 0.00362309 0.00357131 0 0.00697831 0.00666289 0.0181165 0.0113822 0.0166456 0.0100114 0.0200184 0.00867801 0.0268973 0.00841153 0.0151151 0.00839505 0.00912599 0.00846657 0.012299 0.00863755 0.021543 0.0129603 0.0127859 0.00917219 0.0111521 0.00915964 0.0135924 0.0099155 0.011057 0.0119258 0.00846537 0.0114915 0.00889544 0.0111663 0.00871316 0.00988234 0.00969649 0.00952303 0.00843554 0.0084847 0.0083638 0.00820044 0.0112069 0.00834031 0.00909322 0.00909089 0.00842217 0.00945408 0.00837866 0.0103983 0.00818181 0.00941729 0.00843409 0.00877887 0.00822411 0.00881105 0.0083092 0.00845417 0.0101289 0.00851969 0.00969765 0.00843635 0.00894073 0.00826948 0.0082857 0.0081611 0.00866797 0.00865017 0.00850116 0.00884084 0.0083349 0.00890482 0.00840405 0.00839126 0.00806425 
0.0128708 0.00815814 0.00921368 0.00450857 0.00437871 0.00424986 0.00478171 0.00697831 0 0.955664 0.0135589 0.0175141 0.0120461 0.00990595 0.00835646 0.00875102 0.00869843 0.00882307 0.00829118 0.00837934 0.00818144 0.00864404 0.00867875 0.0103783 0.0104811 0.0110374 0.00909861 0.00869841 0.00852132 0.00862395 0.00904672 0.0110693 0.00980764 0.00859578 0.00837563 0.00844147 0.00859977 0.0083338 0.00840511 0.00845244 0.0100509 0.0100128 0.00835607 0.00821921 0.00817188 0.00827691 0.00837252 0.0110854 0.00928776 0.00809272 0.00808336 0.00816373 0.00815699 0.00815564 0.00868023 0.0115224 0.0096311 0.00822739 0.00805801 0.00798705 0.00806673 0.0080116 0.00810037 0.00805972 0.00806715 0.00814576 0.00804041 0.00805856 0.0080596 0.00832885 0.0089143 0.00809913 0.00826617 0.00811016 0.00810334 0.0079674 0.00799631 0.00809583 0.00843183 
0.0147864 0.0104323 0.0130722 0.00690787 0.00677258 0.00637911 0.00789213 0.00666289 0.955664 0 0.0475129 0.0175301 0.0126563 0.00961652 0.0090102 0.00926526 0.0085937 0.00891798 0.00842554 0.00842003 0.00820579 0.00869822 0.00892562 0.0104301 0.011368 0.0106385 0.009896 0.00891107 0.00879962 0.00888186 0.0100206 0.0129565 0.0101715 0.00869291 0.00850302 0.00871833 0.00889545 0.00853544 0.00859829 0.00924123 0.0112625 0.010814 0.00849493 0.00830628 0.00830224 0.0084268 0.00865516 0.0121812 0.00950639 0.00816086 0.00817235 0.00819984 0.00840057 0.00816614 0.00938676 0.0145864 0.00962054 0.00820983 0.00812524 0.00802169 0.00809944 0.00806004 0.00815431 0.00816054 0.00814758 0.0083253 0.00816671 0.00803261 0.0082196 0.00897141 0.00904639 0.008213 0.00853397 0.00809549 0.00820878 0.00802451 0.00809798 0.00826492 0.00884915 
0.0115708 0.0161134 0.0182629 0.00914047 0.00973792 0.00906486 0.0131159 0.0181165 0.0135589 0.0475129 0 0.00383751 0.005542 0.0134451 0.013562 0.00800453 0.00702013 0.00699018 0.00707663 0.00724549 0.00701493 0.00772725 0.00801844 0.012941 0.0100768 0.00997036 0.0105733 0.00960892 0.0111693 0.00979062 0.0145354 0.0165638 0.00937129 0.00976319 0.00934536 0.00937738 0.0098962 0.00998091 0.00995499 0.0118894 0.0126269 0.00894301 0.00883289 0.00853482 0.00854122 0.00862649 0.00915964 0.0112003 0.00846211 0.00874063 0.00860223 0.00867183 0.00872951 0.00890387 0.00887716 0.0110093 0.00843193 0.00845353 0.00836037 0.00839625 0.00852737 0.00853339 0.00896607 0.00886323 0.00888892 0.00896255 0.00855352 0.00835614 0.00868041 0.00983213 0.00848791 0.00850351 0.00835552 0.00871992 0.00858377 0.00856124 0.00858436 0.00870254 0.00957521 
0.0148322 0.0146305 0.0122935 0.0134611 0.0100203 0.0087898 0.01431 0.0113822 0.0175141 0.0175301 0.00383751 0 0.0432715 0.0182886 0.00676388 0.00591116 0.00756972 0.00633509 0.00686778 0.00672046 0.00674615 0.00695499 0.00763296 0.00901466 0.00912244 0.0105255 0.0113265 0.00943753 0.00940253 0.00972124 0.0148476 0.0103571 0.0107915 0.00937327 0.0090235 0.00894094 0.00947375 0.00935942 0.00921538 0.0103281 0.00986069 0.0108981 0.00866909 0.00845411 0.00845111 0.00848895 0.00901067 0.0097212 0.0099475 0.00885014 0.00872192 0.00862941 0.00870522 0.00872907 0.00842879 0.0101672 0.00924957 0.00853608 0.00829581 0.00846184 0.00846036 0.00860229 0.00876973 0.00876635 0.00886369 0.00878081 0.00845511 0.00837797 0.00847101 0.00841735 0.0108349 0.00841974 0.0086188 0.00858689 0.00849592 0.00854188 0.00844878 0.00825985 0.00813012 
0.0151542 0.0104675 0.0224666 0.0126657 0.0105086 0.010173 0.0110173 0.0166456 0.0120461 0.0126563 0.005542 0.0432715 0 0.00358353 0.0035546 0.0035647 0.00354007 0.00365872 0.00361112 0.00370863 0.00406204 0.00553903 0.00604493 0.00786698 0.0237594 0.00798194 0.00788589 0.00870622 0.00861976 0.0100507 0.0103658 0.0247106 0.0112283 0.0104949 0.0101595 0.0109336 0.0117798 0.0109951 0.0107079 0.0128614 0.0152512 0.0105799 0.00935051 0.00895811 0.00890622 0.00929018 0.00956799 0.0193932 0.0097548 0.00947398 0.00941757 0.00945577 0.0103017 0.00955217 0.0127216 0.0127594 0.00954704 0.00853335 0.00880688 0.00869613 0.00931931 0.00964697 0.00973712 0.0101496 0.0101142 0.0105638 0.00925255 0.00891181 0.00878087 0.0113308 0.00906373 0.00905648 0.0090863 0.00950285 0.00935857 0.00923267 0.00920113 0.00892988 0.0106868 
0.0103726 0.028718 0.012094 0.0111273 0.01437 0.013764 0.0223341 0.0100114 0.00990595 0.00961652 0.0134451 0.0182886 0.00358353 0 0.0035755 0.00355412 0.00356601 0.00360291 0.00364018 0.00371578 0.00433177 0.00429725 0.00565344 0.00933387 0.00685889 0.00852493 0.0101058 0.0102853 0.0109964 0.0164027 0.0202961 0.0100889 0.00943941 0.0146618 0.0159738 0.0135008 0.0263429 0.0172945 0.0309255 0.0185521 0.0132517 0.00930636 0.011748 0.00921962 0.00962722 0.0105857 0.0144891 0.0106519 0.0091877 0.0131035 0.0174067 0.013337 0.0175018 0.0147018 0.00989713 0.00923159 0.00863778 0.00944304 0.00971632 0.00957648 0.0141117 0.0162767 0.0219371 0.0248862 0.0175814 0.0281878 0.0135852 0.0123762 0.0104619 0.00887831 0.00868035 0.008991 0.00929404 0.0118446 0.0165831 0.0142488 0.0145588 0.0122369 0.00910374 
0.01419 0.0103791 0.0139251 0.0135467 0.0100354 0.0747282 0.0106664 0.0200184 0.00835646 0.0090102 0.013562 0.00676388 0.0035546 0.0035755 0 0.00353689 0.0035452 0.00354127 0.00360008 0.00362631 0.00378837 0.0040978 0.00848971 0.00560319 0.00803154 0.0076324 0.0101507 0.0120512 0.0224923 0.0178453 0.0218201 0.0078075 0.00876546 0.013733 0.0152411 0.0480179 0.0181689 0.10156 0.0287352 0.0307791 0.00982163 0.00931521 0.00955568 0.014178 0.0111009 0.0120152 0.0201915 0.00979041 0.0096094 0.0228205 0.0159144 0.0653813 0.0168504 0.0271175 0.00944906 0.00861454 0.00875177 0.0114354 0.0108253 0.0267714 0.0196334 0.0393036 0.0794834 0.0250903 0.118974 0.0232663 0.0525856 0.0183852 0.0122276 0.00885677 0.00879126 0.0116783 0.012172 0.0279798 0.0208689 0.0565678 0.0214158 0.0112043 0.00975589 
0.00959322 0.0157512 0.0106197 0.00921993 0.0341083 0.00940235 0.055307 0.00867801 0.00875102 0.00926526 0.00800453 0.00591116 0.0035647 0.00355412 0.00353689 0 0.00352661 0.00360387 0.00353017 0.00366144 0.00356891 0.0114875 0.00387481 0.0063276 0.00495093 0.00699615 0.00801648 0.0262567 0.0107667 0.022902 0.0105353 0.00873345 0.00905013 0.0102406 0.0447977 0.00964131 0.102135 0.0138197 0.0994367 0.0111298 0.00994473 0.0102435 0.0126419 0.00892908 0.0147031 0.028102 0.00879966 0.0180355 0.0108537 0.010229 0.0646799 0.011971 0.115633 0.00888865 0.0168308 0.0089417 0.00919152 0.008872 0.0267443 0.00954482 0.0400674 0.027186 0.0194975 0.125161 0.0153549 0.0910271 0.0147889 0.0190056 0.0105713 0.00885565 0.00925874 0.00887362 0.0141123 0.0112405 0.0608578 0.0180463 0.0270378 0.00982783 0.00962223 
0.0167674 0.00901434 0.0118577 0.021062 0.00867727 0.111056 0.00880654 0.0268973 0.00869843 0.0085937 0.00702013 0.00756972 0.00354007 0.00356601 0.0035452 0.00352661 0 0.00352688 0.00360489 0.00352538 0.0109681 0.00362985 0.00585737 0.00377892 0.00717521 0.00646554 0.0112271 0.00795157 0.0176279 0.00874074 0.0153395 0.0062243 0.00923466 0.016672 0.0088001 0.0776009 0.0093552 0.104931 0.0109573 0.0179155 0.0094806 0.0090227 0.00888335 0.0160171 0.00999845 0.00886582 0.0363838 0.00887724 0.00873741 0.0274069 0.0102144 0.104694 0.0095646 0.0435223 0.00871621 0.00854898 0.00851733 0.0138887 0.00900319 0.0346664 0.0105241 0.0214038 0.0816241 0.0119163 0.100399 0.0143663 0.0426782 0.0116185 0.013892 0.00888899 0.00864452 0.0110651 0.00984049 0.0251561 0.0113475 0.0636244 0.0123675 0.0110046 0.00919863 
0.00870769 0.0135544 0.00928351 0.00845635 0.0343591 0.00865336 0.0320669 0.00841153 0.00882307 0.00891798 0.00699018 0.00633509 0.00365872 0.00360291 0.00354127 0.00360387 0.00352688 0 0.00351287 0.00365481 0.00352363 0.00387384 0.00367567 0.00488722 0.00380819 0.00577305 0.00825638 0.0146705 0.00719412 0.0159256 0.00713799 0.00789078 0.00847255 0.00848582 0.038509 0.00846133 0.0767832 0.00901426 0.0409228 0.00903163 0.00919511 0.00975263 0.0109536 0.00873247 0.0101864 0.019021 0.00848574 0.0206755 0.0112015 0.00913899 0.0472991 0.00911201 0.0733701 0.00865405 0.0163047 0.00925257 0.00937622 0.00849098 0.0216689 0.00880945 0.0269541 0.0194749 0.0112482 0.072026 0.011823 0.0448796 0.00970805 0.0144541 0.00919258 0.00865176 0.00865911 0.00823783 0.0109781 0.00909519 0.0389418 0.0105249 0.0162077 0.00884629 0.00994475 
0.0150966 0.00873932 0.0111663 0.0255093 0.00850761 0.0391511 0.00856135 0.0151151 0.00829118 0.00842554 0.00707663 0.00686778 0.00361112 0.00364018 0.00360008 0.00353017 0.00360489 0.00351287 0 0.00353675 0.00357588 0.0035587 0.00443874 0.00357143 0.00528155 0.00506309 0.0078833 0.00585872 0.0160836 0.0110688 0.0133575 0.00912918 0.00942482 0.014044 0.00846993 0.0328121 0.00879978 0.0302398 0.00912026 0.0132669 0.00909032 0.00874084 0.00877828 0.0127538 0.00913867 0.00864596 0.0199793 0.00923507 0.00852239 0.0201312 0.00902039 0.0372684 0.00901728 0.0242055 0.00847469 0.0084728 0.00836478 0.0113492 0.00855914 0.0171777 0.0129895 0.012456 0.0296652 0.0102512 0.0389213 0.00982125 0.0221862 0.00913757 0.00895401 0.00881666 0.00822432 0.0093477 0.00891258 0.0160408 0.00929454 0.0221287 0.00938021 0.0100309 0.00880821 
0.00874212 0.00966263 0.00898186 0.00848056 0.0122548 0.00851381 0.0131901 0.00839505 0.00837934 0.00842003 0.00724549 0.00672046 0.00370863 0.00371578 0.00362631 0.00366144 0.00352538 0.00365481 0.00353675 0 0.00347644 0.00359116 0.00363375 0.00365044 0.00490292 0.00464275 0.00508093 0.0090053 0.00731593 0.0116758 0.0110428 0.00557131 0.00827327 0.00858949 0.015144 0.00825995 0.0154204 0.00869481 0.0261076 0.00867672 0.00877539 0.00894591 0.00898451 0.00845932 0.0087591 0.0126508 0.0117873 0.0103514 0.00937437 0.00860736 0.0169478 0.00869968 0.0202435 0.00853209 0.0101804 0.00862447 0.00859948 0.0083366 0.0108238 0.00946839 0.0109495 0.0112277 0.00963997 0.017858 0.00944954 0.021111 0.00888182 0.00965889 0.00860337 0.00836492 0.00816093 0.00821865 0.00887972 0.00861762 0.0135196 0.00889811 0.0106649 0.00849884 0.00825149 
0.0105082 0.00877057 0.00890593 0.0141675 0.00852944 0.01403 0.00859092 0.00912599 0.00818144 0.00820579 0.00701493 0.00674615 0.00406204 0.00433177 0.00378837 0.00356891 0.0109681 0.00352363 0.00357588 0.00347644 0 0.00352527 0.00353716 0.00503953 0.00369649 0.00374549 0.00595544 0.00481846 0.00849927 0.00735832 0.0134647 0.00491034 0.00921661 0.00952299 0.00848767 0.0132723 0.0086988 0.0183962 0.00899491 0.0128673 0.00851431 0.00877242 0.00855305 0.0090269 0.00907451 0.00983852 0.0100294 0.0085551 0.00841602 0.0118679 0.009024 0.0165348 0.00916253 0.0124592 0.00836432 0.00837672 0.00845414 0.0088529 0.00896306 0.0100168 0.0094351 0.0127003 0.0152365 0.0100128 0.017627 0.00962847 0.0120771 0.00869334 0.00834016 0.00841347 0.00823518 0.00845927 0.00872707 0.0103657 0.00901793 0.0141741 0.00906937 0.00849434 0.00822984 
0.00914911 0.00948389 0.00884725 0.00885014 0.0123313 0.00863739 0.0154166 0.00846657 0.00864404 0.00869822 0.00772725 0.00695499 0.00553903 0.00429725 0.0040978 0.0114875 0.00362985 0.00387384 0.0035587 0.00359116 0.00352527 0 0.00457775 0.00366305 0.00354996 0.00368767 0.00395083 0.00736752 0.0061221 0.0172854 0.00560587 0.00469885 0.00786745 0.00848148 0.0127899 0.00847296 0.0248813 0.00882701 0.0377323 0.0089432 0.00873011 0.00943829 0.00913171 0.00887764 0.0101309 0.0110754 0.00856558 0.0118043 0.00920687 0.00881206 0.0196395 0.00899965 0.0376094 0.0085933 0.0102267 0.00911951 0.00896692 0.00879919 0.0107497 0.00883969 0.0184669 0.0113322 0.0103858 0.0164611 0.0097924 0.0165268 0.00937512 0.0096252 0.00853042 0.00847306 0.00838431 0.00821132 0.00910816 0.00882845 0.0141282 0.00940139 0.0114167 0.00847459 0.00831745 
0.0156112 0.00894481 0.0113225 0.0160684 0.00863042 0.0558058 0.00870794 0.012299 0.00867875 0.00892562 0.00801844 0.00763296 0.00604493 0.00565344 0.00848971 0.00387481 0.00585737 0.00367567 0.00443874 0.00363375 0.00353716 0.00457775 0 0.00352249 0.00364195 0.00380354 0.00606932 0.00841368 0.00722455 0.00569928 0.0048915 0.00466551 0.00808293 0.0109363 0.00872685 0.0315859 0.00899295 0.0347013 0.0101977 0.01188 0.00932285 0.0090381 0.00930331 0.0133349 0.00921851 0.00872611 0.018311 0.00881447 0.00866556 0.0190982 0.00977588 0.0400893 0.00922684 0.0199092 0.00860663 0.0087588 0.0107423 0.0114135 0.00897864 0.0304849 0.00986308 0.0158267 0.0302162 0.0110017 0.0375976 0.0109172 0.021863 0.00956043 0.00873319 0.00852841 0.00830159 0.00918621 0.00905065 0.0171009 0.010205 0.0243988 0.00981259 0.00898633 0.00860094 
0.0100643 0.0274752 0.00916181 0.0090607 0.0316471 0.00882195 0.0331349 0.00863755 0.0103783 0.0104301 0.012941 0.00901466 0.00786698 0.00933387 0.00560319 0.0063276 0.00377892 0.00488722 0.00357143 0.00365044 0.00503953 0.00366305 0.00352249 0 0.00353221 0.00364469 0.00392575 0.00404695 0.00396246 0.00443122 0.00456175 0.00415517 0.00767587 0.00866043 0.0222734 0.00841215 0.0286736 0.00925036 0.0193794 0.0103361 0.00903168 0.0116461 0.0132741 0.00885665 0.00964973 0.0149329 0.00872527 0.017636 0.0116493 0.00927081 0.0210521 0.00906037 0.0258643 0.00881137 0.0124513 0.0106445 0.0122392 0.00927052 0.0262114 0.00955488 0.0149257 0.0114651 0.00996054 0.0254058 0.0100671 0.0206403 0.0096762 0.0110074 0.00955882 0.00862114 0.00938868 0.00849096 0.0100676 0.00937807 0.018114 0.00960276 0.0114272 0.00910471 0.00842323 
0.0330898 0.00874481 0.0145308 0.0422378 0.00872791 0.0210763 0.008629 0.021543 0.0104811 0.011368 0.0100768 0.00912244 0.0237594 0.00685889 0.00803154 0.00495093 0.00717521 0.00380819 0.00528155 0.00490292 0.00369649 0.00354996 0.00364195 0.00353221 0 0.0071687 0.00601704 0.00363545 0.00397261 0.0040142 0.00371869 0.00358291 0.00902475 0.0113927 0.00814583 0.0225402 0.00900201 0.0200147 0.00910822 0.013981 0.0145691 0.0120017 0.00875585 0.0109175 0.0091658 0.0086061 0.0172435 0.00939025 0.0102352 0.0175673 0.00920322 0.0190943 0.00893696 0.0172345 0.00881948 0.0136155 0.0097175 0.0140594 0.00859914 0.0151106 0.00920619 0.0113487 0.0192097 0.00943159 0.024706 0.009465 0.0148021 0.00914774 0.00900851 0.00881416 0.00880721 0.0110834 0.0101998 0.0133368 0.00896279 0.0150807 0.00956311 0.00968077 0.00885971 
0.0120907 0.0100395 0.01828 0.0118673 0.0118086 0.00995297 0.0110779 0.0129603 0.0110374 0.0106385 0.00997036 0.0105255 0.00798194 0.00852493 0.0076324 0.00699615 0.00646554 0.00577305 0.00506309 0.00464275 0.00374549 0.00368767 0.00380354 0.00364469 0.0071687 0 0.00357508 0.0035285 0.00358789 0.00358817 0.00378427 0.00387558 0.00788291 0.00779358 0.0111867 0.0127461 0.0119806 0.0128181 0.0224259 0.0101004 0.01793 0.0118422 0.00954088 0.00884546 0.00926414 0.00979387 0.0101251 0.0243481 0.0122278 0.0113855 0.0145822 0.0106076 0.0153239 0.0102191 0.0225499 0.0125661 0.0107838 0.00935863 0.0107768 0.00946355 0.0133398 0.0134827 0.0168439 0.018888 0.0151484 0.0167537 0.0112696 0.0120767 0.00976976 0.0109032 0.00933131 0.0100073 0.014844 0.010479 0.0143523 0.0121877 0.0128124 0.00925276 0.0149267 
0.0122477 0.0166431 0.0127501 0.0158942 0.0108063 0.0407291 0.0112927 0.0127859 0.00909861 0.009896 0.0105733 0.0113265 0.00788589 0.0101058 0.0101507 0.00801648 0.0112271 0.00825638 0.0078833 0.00508093 0.00595544 0.00395083 0.00606932 0.00392575 0.00601704 0.00357508 0 0.00353822 0.00353445 0.00357743 0.00360528 0.00358062 0.00682025 0.00997368 0.0087343 0.0177476 0.0121691 0.0390899 0.0122507 0.0433065 0.0106344 0.0101369 0.0146885 0.010616 0.00963056 0.00954861 0.034653 0.00995368 0.0106312 0.0322347 0.0121389 0.0332069 0.0110727 0.0619341 0.00930483 0.0104208 0.0093176 0.0165743 0.00964891 0.0178576 0.013089 0.028371 0.0335178 0.0191578 0.0458763 0.0166424 0.0295308 0.011333 0.0120447 0.00988042 0.00914043 0.0104341 0.0106604 0.033559 0.0146145 0.0403815 0.0130956 0.0206537 0.00952431 
0.00967158 0.013854 0.0106321 0.00976756 0.0258034 0.0144679 0.0275126 0.00917219 0.00869841 0.00891107 0.00960892 0.00943753 0.00870622 0.0102853 0.0120512 0.0262567 0.00795157 0.0146705 0.00585872 0.0090053 0.00481846 0.00736752 0.00841368 0.00404695 0.00363545 0.0035285 0.00353822 0 0.00354025 0.00353833 0.0035499 0.00353415 0.00676919 0.0079101 0.0236221 0.0164065 0.0734598 0.0170319 0.0743324 0.0108449 0.0114009 0.00948383 0.0115013 0.0111661 0.0124732 0.030527 0.00993073 0.0135626 0.0116403 0.0121218 0.0651815 0.0148888 0.183967 0.0103459 0.0163268 0.0092872 0.00939904 0.00951847 0.0277684 0.0118436 0.050152 0.0422465 0.0336526 0.109846 0.0351886 0.101408 0.0286631 0.0324314 0.0108391 0.00949734 0.00936916 0.00959548 0.0176087 0.0146405 0.105176 0.0312076 0.0627217 0.0116409 0.0106792 
0.0122065 0.010811 0.0118524 0.0149463 0.0112312 0.0601272 0.0103624 0.0111521 0.00852132 0.00879962 0.0111693 0.00940253 0.00861976 0.0109964 0.0224923 0.0107667 0.0176279 0.00719412 0.0160836 0.00731593 0.00849927 0.0061221 0.00722455 0.00396246 0.00397261 0.00358789 0.00353445 0.00354025 0 0.00353313 0.00351932 0.00352899 0.00766406 0.010261 0.0239699 0.0658301 0.0451312 0.0586283 0.0147454 0.022989 0.00936286 0.00977233 0.0101873 0.0135621 0.0149331 0.0127815 0.0173107 0.0097663 0.0104937 0.0388688 0.0150671 0.170687 0.0136169 0.0281316 0.00995758 0.00920506 0.00908821 0.0169902 0.0117428 0.0359192 0.0218466 0.0429896 0.104311 0.0342384 0.126028 0.0323317 0.0740823 0.0181493 0.0125555 0.00924366 0.00927758 0.0126762 0.011993 0.0542086 0.0234425 0.128287 0.024029 0.0154226 0.00993717 
0.009729 0.0123226 0.0121893 0.0101595 0.0204288 0.0154746 0.0179491 0.00915964 0.00862395 0.00888186 0.00979062 0.00972124 0.0100507 0.0164027 0.0178453 0.022902 0.00874074 0.0159256 0.0110688 0.0116758 0.00735832 0.0172854 0.00569928 0.00443122 0.0040142 0.00358817 0.00357743 0.00353833 0.00353313 0 0.00352893 0.0035225 0.00699189 0.0191975 0.0685506 0.01517 0.0571617 0.0127416 0.031464 0.0103366 0.0109848 0.00916661 0.0118438 0.0107483 0.0107623 0.0168397 0.00994249 0.0121328 0.011552 0.0124393 0.147989 0.0137437 0.0577624 0.0109492 0.0133242 0.00912379 0.00955599 0.0100876 0.0235545 0.012459 0.0329855 0.0448708 0.0344318 0.0897149 0.0426452 0.0863637 0.0239754 0.0256464 0.0111263 0.00929698 0.00934628 0.00995415 0.0180299 0.0158886 0.103236 0.0387636 0.0375597 0.0106224 0.0105273 
0.0125552 0.0177788 0.0128418 0.0156109 0.0109225 0.0175609 0.0114786 0.0135924 0.00904672 0.0100206 0.0145354 0.0148476 0.0103658 0.0202961 0.0218201 0.0105353 0.0153395 0.00713799 0.0133575 0.0110428 0.0134647 0.00560587 0.0048915 0.00456175 0.00371869 0.00378427 0.00360528 0.0035499 0.00351932 0.00352893 0 0.00353849 0.0161611 0.0324573 0.0115017 0.0349703 0.00838755 0.0162886 0.00895359 0.0206386 0.00923519 0.010459 0.0116706 0.00969398 0.00915223 0.00988851 0.0305108 0.0104498 0.0110655 0.0979246 0.0108655 0.0252788 0.010979 0.0392418 0.0095147 0.0105651 0.00955959 0.0171386 0.0102609 0.0138316 0.0121603 0.0175803 0.0356443 0.0165738 0.0445499 0.0152825 0.0212577 0.0128716 0.0147005 0.00968286 0.01098 0.0142322 0.0111761 0.0583194 0.0120885 0.0308388 0.0126128 0.0159689 0.00995049 
0.0146166 0.00974781 0.0133534 0.0137047 0.0108856 0.00885743 0.0104788 0.0099155 0.0110693 0.0129565 0.0165638 0.0103571 0.0247106 0.0100889 0.0078075 0.00873345 0.0062243 0.00789078 0.00912918 0.00557131 0.00491034 0.00469885 0.00466551 0.00415517 0.00358291 0.00387558 0.00358062 0.00353415 0.00352899 0.0035225 0.00353849 0 0.0209427 0.00539822 0.0159054 0.00556673 0.00654742 0.00620686 0.00722263 0.00754702 0.00893753 0.0140111 0.00891673 0.00813394 0.00834561 0.00874886 0.00846913 0.0157038 0.0581854 0.00958781 0.0113105 0.0093743 0.00997879 0.0089199 0.0116409 0.0140588 0.0158105 0.0111833 0.0091797 0.00902956 0.00951043 0.0104504 0.0098257 0.0115058 0.00997525 0.0105323 0.00929996 0.00903318 0.00965586 0.0107935 0.0142191 0.00938185 0.0180614 0.00960875 0.0103741 0.00929188 0.00995997 0.00877715 0.00987193 
0.00974544 0.00875856 0.013931 0.00989624 0.0088083 0.00872529 0.00909364 0.011057 0.00980764 0.0101715 0.00937129 0.0107915 0.0112283 0.00943941 0.00876546 0.00905013 0.00923466 0.00847255 0.00942482 0.00827327 0.00921661 0.00786745 0.00808293 0.00767587 0.00902475 0.00788291 0.00682025 0.00676919 0.00766406 0.00699189 0.0161611 0.0209427 0 0.00356601 0.00354179 0.00352666 0.00351066 0.00355836 0.00354573 0.0037655 0.00537822 0.00677473 0.00655351 0.00743158 0.00812053 0.00789019 0.0103783 0.0463648 0.00892353 0.0103937 0.00962252 0.0087105 0.0096327 0.00943547 0.0151796 0.0147434 0.0116944 0.00903134 0.00912774 0.00879125 0.00910454 0.00934331 0.0103932 0.00960179 0.0107066 0.00979133 0.0101815 0.00878974 0.00970115 0.0181309 0.00896747 0.00909141 0.00946629 0.00961778 0.00920588 0.00920657 0.00896853 0.00902451 0.0124118 
0.00948697 0.00985799 0.00968326 0.0103229 0.00889616 0.0114801 0.00930238 0.0119258 0.00859578 0.00869291 0.00976319 0.00937327 0.0104949 0.0146618 0.013733 0.0102406 0.016672 0.00848582 0.014044 0.00858949 0.00952299 0.00848148 0.0109363 0.00866043 0.0113927 0.00779358 0.00997368 0.0079101 0.010261 0.0191975 0.0324573 0.00539822 0.00356601 0 0.00353184 0.00355621 0.00354173 0.00352634 0.00395732 0.00425774 0.00381609 0.00665939 0.00745207 0.00809948 0.00794169 0.0079088 0.0531386 0.0168337 0.0112388 0.0132531 0.00943779 0.0157554 0.00912385 0.0202017 0.00882086 0.00979234 0.00904973 0.0122176 0.00890634 0.0117894 0.0101329 0.0134026 0.0158871 0.0140368 0.0221632 0.0128459 0.0171155 0.0100824 0.0114744 0.00962634 0.0089475 0.00971043 0.00898741 0.0170653 0.010486 0.0187968 0.0108672 0.0143544 0.00932424 
0.00849796 0.0107829 0.00941827 0.0086142 0.0131902 0.00923277 0.0212199 0.00846537 0.00837563 0.00850302 0.00934536 0.0090235 0.0101595 0.0159738 0.0152411 0.0447977 0.0088001 0.038509 0.00846993 0.015144 0.00848767 0.0127899 0.00872685 0.0222734 0.00814583 0.0111867 0.0087343 0.0236221 0.0239699 0.0685506 0.0115017 0.0159054 0.00354179 0.00353184 0 0.00352226 0.00362064 0.00357964 0.00361637 0.00355393 0.00358953 0.00787262 0.00851054 0.00728416 0.00859841 0.0350273 0.0167551 0.648922 0.0110618 0.00931576 0.0470178 0.00908998 0.0685242 0.00883337 0.0146816 0.00924679 0.0100465 0.0087811 0.0237923 0.0091099 0.0278068 0.0199696 0.014656 0.0584081 0.0135705 0.058265 0.0120204 0.0307634 0.00996204 0.00903386 0.00928349 0.00895368 0.0136175 0.00992642 0.0498502 0.0134453 0.0331808 0.00996779 0.0102442 
0.0127379 0.00891971 0.0100414 0.0150293 0.00895677 0.0688589 0.009049 0.0114915 0.00844147 0.00871833 0.00937738 0.00894094 0.0109336 0.0135008 0.0480179 0.00964131 0.0776009 0.00846133 0.0328121 0.00825995 0.0132723 0.00847296 0.0315859 0.00841215 0.0225402 0.0127461 0.0177476 0.0164065 0.0658301 0.01517 0.0349703 0.00556673 0.00352666 0.00355621 0.00352226 0 0.00353254 0.00363627 0.00360454 0.00359136 0.0036308 0.00700007 0.00724519 0.0107292 0.0121398 0.0186488 0.707241 0.0100568 0.0088169 0.0206514 0.00916793 0.065409 0.008975 0.0301978 0.00880389 0.00913634 0.00929027 0.0201625 0.00902852 0.045288 0.0114195 0.0248228 0.0780408 0.0132305 0.143955 0.013152 0.135651 0.0127732 0.0104451 0.00919457 0.00907219 0.0119634 0.0112893 0.048237 0.0116467 0.10961 0.0141759 0.0142669 0.00987191 
0.00895748 0.0132585 0.00982139 0.00899577 0.0243641 0.010192 0.0266644 0.00889544 0.00859977 0.00889545 0.0098962 0.00947375 0.0117798 0.0263429 0.0181689 0.102135 0.0093552 0.0767832 0.00879978 0.0154204 0.0086988 0.0248813 0.00899295 0.0286736 0.00900201 0.0119806 0.0121691 0.0734598 0.0451312 0.0571617 0.00838755 0.00654742 0.00351066 0.00354173 0.00362064 0.00353254 0 0.00353056 0.00355633 0.00358103 0.00354615 0.00746519 0.0110214 0.00826061 0.0327328 0.705023 0.00929486 0.0192241 0.0111792 0.0096611 0.0734039 0.00923709 0.0756195 0.00900715 0.0155216 0.00996158 0.0109475 0.00928723 0.050212 0.0101074 0.0581217 0.0404879 0.019432 0.170468 0.0172758 0.285198 0.0147803 0.0311239 0.0116427 0.00967548 0.0106304 0.0097682 0.0209341 0.0126783 0.189448 0.0238808 0.0652618 0.0112272 0.0107475 
0.0115155 0.00968688 0.010458 0.015 0.00924074 0.0566918 0.00993452 0.0111663 0.0083338 0.00853544 0.00998091 0.00935942 0.0109951 0.0172945 0.10156 0.0138197 0.104931 0.00901426 0.0302398 0.00869481 0.0183962 0.00882701 0.0347013 0.00925036 0.0200147 0.0128181 0.0390899 0.0170319 0.0586283 0.0127416 0.0162886 0.00620686 0.00355836 0.00352634 0.00357964 0.00363627 0.00353056 0 0.00355656 0.00360581 0.00356112 0.00749958 0.0106971 0.128312 0.455212 0.0118507 0.028 0.00837832 0.00905672 0.0262822 0.0097126 0.0595457 0.00997997 0.0286736 0.00927324 0.00927493 0.00895583 0.0191097 0.00995494 0.0520457 0.016515 0.0355857 0.14781 0.0205698 0.388794 0.0198906 0.0946436 0.0163816 0.0135832 0.00987061 0.0098025 0.0156797 0.0120986 0.0863279 0.0174573 0.208629 0.0202547 0.0173508 0.0111713 
0.00887116 0.0113649 0.0107174 0.00896343 0.0163657 0.0120941 0.0186271 0.00871316 0.00840511 0.00859829 0.00995499 0.00921538 0.0107079 0.0309255 0.0287352 0.0994367 0.0109573 0.0409228 0.00912026 0.0261076 0.00899491 0.0377323 0.0101977 0.0193794 0.00910822 0.0224259 0.0122507 0.0743324 0.0147454 0.031464 0.00895359 0.00722263 0.00354573 0.00395732 0.00361637 0.00360454 0.00355633 0.00355656 0 0.00354871 0.00353478 0.0139748 0.39089 0.0474325 0.0220512 0.0174963 0.00739217 0.0103437 0.0116939 0.0102033 0.0401175 0.0100761 0.0464183 0.00932744 0.0141204 0.00903605 0.0109252 0.00947897 0.0367129 0.011721 0.0365325 0.0506373 0.0227749 0.285348 0.0239083 0.123471 0.0182467 0.0369193 0.011226 0.00955243 0.00985112 0.0101357 0.0386863 0.0127599 0.14704 0.0240695 0.0556916 0.0111723 0.0116632 
0.0101295 0.0104712 0.00987836 0.0111832 0.00920803 0.0119237 0.00963528 0.00988234 0.00845244 0.00924123 0.0118894 0.0103281 0.0128614 0.0185521 0.0307791 0.0111298 0.0179155 0.00903163 0.0132669 0.00867672 0.0128673 0.0089432 0.01188 0.0103361 0.013981 0.0101004 0.0433065 0.0108449 0.022989 0.0103366 0.0206386 0.00754702 0.0037655 0.00425774 0.00355393 0.00359136 0.00358103 0.00360581 0.00354871 0 0.00403907 0.364303 0.0635662 0.0132282 0.00689812 0.00672697 0.0114861 0.00944135 0.00905511 0.0170337 0.0092627 0.0147402 0.00923788 0.0174411 0.00890089 0.0101475 0.00978098 0.0150841 0.0105512 0.0119896 0.011498 0.0151212 0.0730055 0.0140077 0.0326795 0.0120151 0.0182496 0.0100939 0.0163234 0.0092422 0.0118172 0.013798 0.0104966 0.0355355 0.0110281 0.0252052 0.0105313 0.0167108 0.00920636 
0.0142281 0.00873866 0.00983458 0.0140236 0.00878585 0.00863367 0.00858623 0.00969649 0.0100509 0.0112625 0.0126269 0.00986069 0.0152512 0.0132517 0.00982163 0.00994473 0.0094806 0.00919511 0.00909032 0.00877539 0.00851431 0.00873011 0.00932285 0.00903168 0.0145691 0.01793 0.0106344 0.0114009 0.00936286 0.0109848 0.00923519 0.00893753 0.00537822 0.00381609 0.00358953 0.0036308 0.00354615 0.00356112 0.00353478 0.00403907 0 0.0823599 0.00798911 0.006799 0.0059003 0.00617671 0.00710393 0.00875714 0.0121751 0.00898366 0.00893657 0.00860524 0.00868316 0.00929717 0.00948807 0.0133926 0.0141713 0.012541 0.00893231 0.00923345 0.00908101 0.0286234 0.0100579 0.0102281 0.0101982 0.00986524 0.00922738 0.0090525 0.00899748 0.011184 0.0207509 0.010373 0.0148194 0.0101661 0.00941972 0.0093774 0.00936675 0.00880312 0.00995658 
0.00906303 0.00853917 0.011767 0.00839384 0.0083625 0.00837497 0.00913474 0.00952303 0.0100128 0.010814 0.00894301 0.0108981 0.0105799 0.00930636 0.00931521 0.0102435 0.0090227 0.00975263 0.00874084 0.00894591 0.00877242 0.00943829 0.0090381 0.0116461 0.0120017 0.0118422 0.0101369 0.00948383 0.00977233 0.00916661 0.010459 0.0140111 0.00677473 0.00665939 0.00787262 0.00700007 0.00746519 0.00749958 0.0139748 0.364303 0.0823599 0 0.00356583 0.00356184 0.00362156 0.00387533 0.00404177 0.0078512 0.00607546 0.00603395 0.00690392 0.00761848 0.0128964 0.0102971 0.0704457 0.0199932 0.010361 0.00854562 0.00935083 0.00841181 0.00973851 0.00893188 0.0117775 0.00962171 0.00996854 0.010281 0.00983703 0.0088788 0.00986136 0.0170519 0.00916948 0.00901822 0.0095812 0.00935175 0.0096231 0.00929905 0.00942452 0.00947629 0.0145951 
0.00829526 0.00872157 0.00846427 0.00844484 0.00842484 0.0084505 0.00910828 0.00843554 0.00835607 0.00849493 0.00883289 0.00866909 0.00935051 0.011748 0.00955568 0.0126419 0.00888335 0.0109536 0.00877828 0.00898451 0.00855305 0.00913171 0.00930331 0.0132741 0.00875585 0.00954088 0.0146885 0.0115013 0.0101873 0.0118438 0.0116706 0.00891673 0.00655351 0.00745207 0.00851054 0.00724519 0.0110214 0.0106971 0.39089 0.0635662 0.00798911 0.00356583 0 0.00359524 0.00357536 0.00356565 0.0037909 0.00384683 0.00520424 0.00607945 0.00774656 0.00781506 0.0152176 0.0256295 0.0140778 0.0085538 0.00866537 0.00868777 0.00911971 0.00855306 0.00904171 0.0126318 0.00948689 0.0125964 0.0104389 0.0144072 0.00955584 0.00995611 0.0101777 0.00906611 0.00949853 0.00878299 0.00906344 0.0102299 0.01194 0.00991565 0.00965254 0.0123865 0.00908336 
0.00871177 0.00815049 0.00829454 0.00890357 0.0081666 0.0101832 0.00827954 0.0084847 0.00821921 0.00830628 0.00853482 0.00845411 0.00895811 0.00921962 0.014178 0.00892908 0.0160171 0.00873247 0.0127538 0.00845932 0.0090269 0.00887764 0.0133349 0.00885665 0.0109175 0.00884546 0.010616 0.0111661 0.0135621 0.0107483 0.00969398 0.00813394 0.00743158 0.00809948 0.00728416 0.0107292 0.00826061 0.128312 0.0474325 0.0132282 0.006799 0.00356184 0.00359524 0 0.00356152 0.00357249 0.00379991 0.00356541 0.00450035 0.00779088 0.00648832 0.0211065 0.01429 0.0124467 0.00910153 0.00743597 0.0079949 0.00869521 0.00846336 0.00926964 0.0123187 0.00888953 0.0129492 0.00877118 0.0157747 0.00977195 0.0120218 0.00924357 0.00860144 0.00873595 0.00853398 0.00867091 0.00880714 0.0118292 0.0092559 0.0130587 0.0123345 0.00928945 0.00862565 
0.00832888 0.0082274 0.00840692 0.00842668 0.0085218 0.00911177 0.00858097 0.0083638 0.00817188 0.00830224 0.00854122 0.00845111 0.00890622 0.00962722 0.0111009 0.0147031 0.00999845 0.0101864 0.00913867 0.0087591 0.00907451 0.0101309 0.00921851 0.00964973 0.0091658 0.00926414 0.00963056 0.0124732 0.0149331 0.0107623 0.00915223 0.00834561 0.00812053 0.00794169 0.00859841 0.0121398 0.0327328 0.455212 0.0220512 0.00689812 0.0059003 0.00362156 0.00357536 0.00356152 0 0.00353788 0.00356104 0.00361487 0.00486392 0.00535586 0.0131164 0.0252922 0.0100897 0.00899095 0.00716688 0.00754238 0.00821844 0.0083323 0.00876933 0.010062 0.00899879 0.0107134 0.00995947 0.012679 0.0118125 0.0132429 0.0124457 0.00936471 0.00872395 0.0085768 0.00862801 0.00866264 0.00934234 0.00958508 0.0116941 0.0153901 0.0118332 0.00911253 0.00864691 
0.0081917 0.0087117 0.00847662 0.00827819 0.00913827 0.00852953 0.0102988 0.00820044 0.00827691 0.0084268 0.00862649 0.00848895 0.00929018 0.0105857 0.0120152 0.028102 0.00886582 0.019021 0.00864596 0.0126508 0.00983852 0.0110754 0.00872611 0.0149329 0.0086061 0.00979387 0.00954861 0.030527 0.0127815 0.0168397 0.00988851 0.00874886 0.00789019 0.0079088 0.0350273 0.0186488 0.705023 0.0118507 0.0174963 0.00672697 0.00617671 0.00387533 0.00356565 0.00357249 0.00353788 0 0.00351123 0.00371904 0.00582982 0.00602173 0.0579999 0.0105871 0.0160827 0.00616264 0.00987796 0.00742134 0.00852722 0.00808391 0.0211029 0.00823984 0.0127307 0.00962022 0.0103372 0.0183319 0.0104509 0.0235213 0.00997404 0.0119078 0.00921142 0.00880972 0.00930241 0.0085942 0.0100273 0.00907135 0.0412259 0.0107548 0.0152912 0.0095818 0.00886924 
0.0115544 0.00849941 0.00876459 0.0125123 0.0083237 0.0146966 0.0083019 0.0112069 0.00837252 0.00865516 0.00915964 0.00901067 0.00956799 0.0144891 0.0201915 0.00879966 0.0363838 0.00848574 0.0199793 0.0117873 0.0100294 0.00856558 0.018311 0.00872527 0.0172435 0.0101251 0.034653 0.00993073 0.0173107 0.00994249 0.0305108 0.00846913 0.0103783 0.0531386 0.0167551 0.707241 0.00929486 0.028 0.00739217 0.0114861 0.00710393 0.00404177 0.0037909 0.00379991 0.00356104 0.00351123 0 0.00352757 0.00394791 0.0474591 0.00559453 0.0243418 0.00563537 0.0152934 0.00596661 0.00710848 0.00788941 0.0246122 0.00812024 0.0148747 0.00847732 0.0110014 0.0152112 0.00930409 0.0280008 0.00944836 0.0169085 0.00987315 0.00969048 0.00898069 0.00910652 0.0168458 0.00903589 0.0573023 0.00900123 0.0202747 0.00955451 0.0133296 0.00904013 
