1JOSA
RSDRVAQEIQKEIAVILQREVKDPRIGMVTVSDVEVSSDLSYAKIFVTFLFDHDEMAIEQGMKGLEKASPYIRSLLGKAMRLRIVPEIRFIYDQSLVEGM
CHHHHHHHHHHHHHHHHHHHCCCCCCCCEEEEEEEECCCCCEEEEEEEECCCCCHHHHHHHHHHHHHCHHHHHHHHHHHHCCCCCCEEEEEECCCCCCCC
0 0 0 0 0 0 0 0 0 0 0 0 0 0 0 0 0 0 0 0 0 0 0 0 0 0 0 0 0 0 0 0 0 0 0 0 0 0 0 0 0 0 0 0 0 0 0 0 0 0 0 0 0 0 0 0 0 0 0 0 0 0 0 0 0 0 0 0 0 0 0 0 0 0 0 0 0 0 0 0 0 0 0 0 0 0 0 0 0 0 0 0 0 0 0 0 0 0 0 0 
0 0 0 0 0 0 0 0 0 0 0 0 0 0 0 0 0 0 0 0 0 0 0 0 0 0 0 0 0 0 0 0 0 0 0 0 0 0 0 0 0 0 0 0 0 0 0 0 0 0 0 0 0 0 0 0 0 0 0 0 0 0 0 0 0 0 0 0 0 0 0 0 0 0 0 0 0 0 0 0 0 0 0 0 0 0 0 0 0 0 0 0 0 0 0 0 0 0 0 0 
0 0.00358384 0.00395316 0.00366676 0.00354936 0.0056424 0.0039884 0.0396363 0.007903 0.0159297 0.00816647 0.0155743 0.00870492 0.0188311 0.0104515 0.69912 0.00918021 0.018427 0.00863345 0.0176573 0.00902782 0.0210722 
0.00358384 0 0.00358453 0.00365562 0.00356864 0.00362049 0.00900386 0.00382852 0.0138846 0.00700953 0.0241568 0.00805889 0.0287586 0.00889228 0.752585 0.0187853 0.0256201 0.0087894 0.0422374 0.00890043 0.0339209 0.00894523 
0.00395316 0.00358453 0 0.00355919 0.00355559 0.00478183 0.00366981 0.00556034 0.00670998 0.0218254 0.00997459 0.0264135 0.00910774 0.72071 0.0188723 0.029609 0.00866661 0.0413255 0.00871016 0.0758671 0.00902826 0.00997593 
0.00366676 0.00365562 0.00355919 0 0.00360109 0.00353569 0.00364663 0.00359156 0.0102774 0.00659741 0.0081375 0.00902944 0.23632 0.0743065 0.0118516 0.00832564 0.0114837 0.00879435 0.02465 0.00969114 0.0107321 0.00872717 
0.00354936 0.00356864 0.00355559 0.00360109 0 0.00345815 0.00367934 0.00353112 0.0064738 0.00577514 0.0285031 0.0766779 0.669855 0.00878202 0.0150186 0.00802481 0.0265936 0.00920447 0.019776 0.00964585 0.0116404 0.00850321 
0.0056424 0.00362049 0.00478183 0.00353569 0.00345815 0 0.00352678 0.00383211 0.00437425 0.0216261 0.029281 0.755351 0.0077461 0.0246491 0.00713632 0.0147487 0.00879195 0.0435726 0.00879219 0.0487054 0.00899953 0.00990325 
0.0039884 0.00900386 0.00366981 0.00364663 0.00367934 0.00352678 0 0.0035409 0.0325966 0.0202862 0.766576 0.0070473 0.0220765 0.00717365 0.0397959 0.00717277 0.0256453 0.00887498 0.0379343 0.0091665 0.0224766 0.00861966 
0.0396363 0.00382852 0.00556034 0.00359156 0.00353112 0.00383211 0.0035409 0 0.0169674 0.656288 0.00459604 0.0109228 0.0065011 0.0198562 0.00696642 0.0306216 0.0110519 0.0305367 0.00854282 0.0170727 0.00861948 0.0148829 
0.007903 0.0138846 0.00670998 0.0102774 0.0064738 0.00437425 0.0325966 0.0169674 0 0.00357911 0.00366951 0.00355143 0.00392823 0.00363237 0.00626244 0.00517042 0.212953 0.00899748 0.0193981 0.00885195 0.0225873 0.014541 
0.0159297 0.00700953 0.0218254 0.00659741 0.00577514 0.0216261 0.0202862 0.656288 0.00357911 0 0.00354397 0.00360473 0.00356273 0.00396073 0.00367827 0.00621726 0.0108106 0.206276 0.00872016 0.0534804 0.0097637 0.0187942 
0.00816647 0.0241568 0.00997459 0.0081375 0.0285031 0.029281 0.766576 0.00459604 0.00366951 0.00354397 0 0.00353145 0.00362041 0.00355025 0.00461172 0.00361355 0.0825814 0.00903721 0.263336 0.00935515 0.0492138 0.00899564 
0.0155743 0.00805889 0.0264135 0.00902944 0.0766779 0.755351 0.0070473 0.0109228 0.00355143 0.00360473 0.00353145 0 0.00354243 0.00355918 0.00358666 0.00370989 0.0168577 0.162001 0.0107394 0.220659 0.00957043 0.0116845 
0.00870492 0.0287586 0.00910774 0.23632 0.669855 0.0077461 0.0220765 0.0065011 0.00392823 0.00356273 0.00362041 0.00354243 0 0.00359112 0.0036459 0.00355937 0.0752467 0.0116919 0.222211 0.0102093 0.0600762 0.00943716 
0.0188311 0.00889228 0.72071 0.0743065 0.00878202 0.0246491 0.00717365 0.0198562 0.00363237 0.00396073 0.00355025 0.00355918 0.00359112 0 0.00355094 0.0036956 0.0109468 0.152487 0.0114909 0.168368 0.0100563 0.0130134 
0.0104515 0.752585 0.0188723 0.0118516 0.0150186 0.00713632 0.0397959 0.00696642 0.00626244 0.00367827 0.00461172 0.00358666 0.0036459 0.00355094 0 0.00354789 0.0478452 0.00946876 0.0816539 0.0110484 0.0954458 0.0090636 
0.69912 0.0187853 0.029609 0.00832564 0.00802481 0.0147487 0.00717277 0.0306216 0.00517042 0.00621726 0.00361355 0.00370989 0.00355937 0.0036956 0.00354789 0 0.011409 0.0301484 0.0104167 0.0342635 0.0127286 0.0590483 
0.00918021 0.0256201 0.00866661 0.0114837 0.0265936 0.00879195 0.0256453 0.0110519 0.212953 0.0108106 0.0825814 0.0168577 0.0752467 0.0109468 0.0478452 0.011409 0 0.00364069 0.00384723 0.00360671 0.00390155 0.00420967 
0.018427 0.0087894 0.0413255 0.00879435 0.00920447 0.0435726 0.00887498 0.0305367 0.00899748 0.206276 0.00903721 0.162001 0.0116919 0.152487 0.00946876 0.0301484 0.00364069 0 0.00354479 0.00378786 0.00368954 0.00688208 
0.00863345 0.0422374 0.00871016 0.02465 0.019776 0.00879219 0.0379343 0.00854282 0.0193981 0.00872016 0.263336 0.0107394 0.222211 0.0114909 0.0816539 0.0104167 0.00384723 0.00354479 0 0.00352146 0.00368877 0.00364542 
0.0176573 0.00890043 0.0758671 0.00969114 0.00964585 0.0487054 0.0091665 0.0170727 0.00885195 0.0534804 0.00935515 0.220659 0.0102093 0.168368 0.0110484 0.0342635 0.00360671 0.00378786 0.00352146 0 0.00352413 0.00363761 
0.00902782 0.0339209 0.00902826 0.0107321 0.0116404 0.00899953 0.0224766 0.00861948 0.0225873 0.0097637 0.0492138 0.00957043 0.0600762 0.0100563 0.0954458 0.0127286 0.00390155 0.00368954 0.00368877 0.00352413 0 0.00357757 
0.0210722 0.00894523 0.00997593 0.00872717 0.00850321 0.00990325 0.00861966 0.0148829 0.014541 0.0187942 0.00899564 0.0116845 0.00943716 0.0130134 0.0090636 0.0590483 0.00420967 0.00688208 0.00364542 0.00363761 0.00357757 0 
