1JSGA
CPTLGEAVTDHPDRLWAWEKFVYLDEKQHAWLPLTIEIKDRLQLRVLLRREDVVLGRPMTPTQIGPSLLPIMWQLYPDGRYRSSDSSFWRLVYHIKIDGVEDMLLELLPDD
CCCCEEECCCCCCEEEEEECCEEEECCCCEEEEEEEEEECCCEEEEEEEECCCCCCCCCCHHHHCCCCCCCEEEECCCCCEEECCCCEEEEEEEEEECCEEEEEEEEECCC
0 0 0 0 0 0 0 0 0 0 0 0 0 0 0 0 0 0 0 0 0 0 0 0 0 0 0 0 0 0 0 0 0 0 0 0 0 0 0 0 0 0 0 0 0 0 0 0 0 0 0 0 0 0 0 0 0 0 0 0 0 0 0 0 0 0 0 0 0 0 0 0 0 0 0 0 0 0 0 0 0 0 0 0 0 0 0 0 0 0 0 0 0 0 0 0 0 0 0 0 0 0 0 0 0 0 0 0 0 0 0 
0 0 0 0 0 0 0 0 0 0 0 0 0 0 0 0 0 0 0 0 0 0 0 0 0 0 0 0 0 0 0 0 0 0 0 0 0 0 0 0 0 0 0 0 0 0 0 0 0 0 0 0 0 0 0 0 0 0 0 0 0 0 0 0 0 0 0 0 0 0 0 0 0 0 0 0 0 0 0 0 0 0 0 0 0 0 0 0 0 0 0 0 0 0 0 0 0 0 0 0 0 0 0 0 0 0 0 0 0 0 0 
0 0.00474185 0.00589712 0.00641925 0.00963801 0.012319 0.0303861 0.0109295 0.0301045 0.0103357 0.00949051 0.0152188 0.0210622 0.0122816 0.0098954 0.010074 0.00996545 0.00994887 0.0104497 0.0117985 0.0106765 0.0115118 0.0182224 0.0122921 0.0117326 0.011121 0.011867 0.0107041 0.00927704 0.0103731 0.0187849 0.00867108 0.00850352 0.00883825 0.0115008 0.00995114 0.00886721 0.0119899 0.00878331 0.00837752 0.00846988 0.00871432 0.00839993 0.0082965 0.00826563 0.00838344 0.00875721 0.0112989 0.00898021 0.00812745 0.00817853 0.00834228 0.00830668 0.00842606 0.00852796 0.00935516 0.0110641 
0.00474185 0 0.0036762 0.00693918 0.0135074 0.014556 0.00780415 0.00998152 0.00738066 0.00851707 0.0154145 0.0209623 0.00809898 0.00931749 0.014945 0.0105127 0.00868639 0.00902835 0.00890175 0.0097856 0.00896978 0.0115536 0.00949595 0.0102131 0.0172143 0.00982305 0.0105918 0.0103512 0.00909034 0.0108147 0.00948398 0.00866452 0.00915541 0.00892504 0.00845775 0.00909293 0.00962388 0.00855596 0.00849409 0.00893362 0.00824869 0.0082468 0.00837597 0.0082962 0.0081793 0.00840079 0.00946547 0.00844625 0.00845367 0.00836138 0.00820459 0.00863168 0.00860442 0.00863201 0.00850075 0.00926593 0.00844461 
0.00589712 0.0036762 0 0.0241037 0.0203479 0.00677255 0.0107316 0.00602225 0.00656325 0.0163097 0.0137204 0.00869936 0.00923308 0.013265 0.0172911 0.00947956 0.00861418 0.00909998 0.00996238 0.0091651 0.0100707 0.00905059 0.0104021 0.0250912 0.0101941 0.00993014 0.00968124 0.0100089 0.00912682 0.00931236 0.00985843 0.011326 0.00895017 0.00851565 0.00854882 0.0135551 0.00855598 0.00853427 0.0114033 0.00865916 0.00845927 0.00838982 0.00838116 0.00832644 0.00817967 0.00838137 0.00824811 0.00841774 0.0109518 0.00831227 0.00836034 0.00849198 0.00871343 0.00855781 0.00870507 0.00848377 0.00859773 
0.00641925 0.00693918 0.0241037 0 0.0036382 0.00373893 0.00350241 0.003632 0.00389632 0.00468166 0.00621491 0.00682654 0.0180148 0.0555637 0.0102739 0.00884569 0.0153579 0.00893972 0.0110024 0.00865602 0.0121189 0.0107134 0.0317601 0.0149213 0.00945007 0.0185641 0.00953421 0.014651 0.00857492 0.0124655 0.0106829 0.0109823 0.00864896 0.00995434 0.00922045 0.0088678 0.00885578 0.0094666 0.00875563 0.00828118 0.00968111 0.00834185 0.00881653 0.00844279 0.0082499 0.00828806 0.00855658 0.00884412 0.00873307 0.00824173 0.00864523 0.00874185 0.00962333 0.00863871 0.0103984 0.00884431 0.00958213 
0.00963801 0.0135074 0.0203479 0.0036382 0 0.00351931 0.0036125 0.00411918 0.00481635 0.00437183 0.00582114 0.0191869 0.510095 0.00884211 0.00896988 0.00889136 0.00904335 0.0134857 0.0087341 0.0220052 0.0121752 0.0479583 0.00984301 0.00936598 0.0389698 0.00932016 0.0639406 0.00933774 0.0307931 0.00902048 0.0175741 0.00876903 0.0267948 0.00921906 0.0117672 0.00938449 0.00888717 0.010424 0.00840493 0.0127054 0.00858698 0.0207619 0.00863511 0.00955157 0.00915956 0.00978614 0.00852234 0.00978945 0.00831789 0.00924266 0.00894843 0.0136809 0.00998132 0.0235405 0.00939508 0.012809 0.0087338 
0.012319 0.014556 0.00677255 0.00373893 0.00351931 0 0.00353244 0.00353349 0.00358004 0.00380504 0.0100599 0.577882 0.00873295 0.00706069 0.00827808 0.00833431 0.00862812 0.00840201 0.0201195 0.0101647 0.0422306 0.00845109 0.00997339 0.0111653 0.00889659 0.0613472 0.0102554 0.064196 0.00880089 0.0200188 0.0085119 0.0113724 0.00909107 0.0125323 0.00855342 0.0087185 0.00935239 0.0083651 0.00888962 0.00854986 0.0355726 0.00873996 0.0135748 0.0106643 0.00967392 0.00899963 0.00917797 0.0081832 0.00865831 0.00874777 0.0144572 0.0134584 0.0286841 0.0106841 0.0303114 0.00940845 0.00847489 
0.0303861 0.00780415 0.0107316 0.00350241 0.0036125 0.00353244 0 0.00351022 0.00352377 0.00492833 0.70865 0.0708541 0.00524792 0.00661482 0.00791678 0.0104318 0.00881284 0.0130603 0.0148865 0.0400566 0.00845475 0.0208052 0.0082834 0.00870505 0.0244427 0.009906 0.0458996 0.0095557 0.0223259 0.00866141 0.0104174 0.00899 0.0144113 0.00871929 0.00882116 0.00920038 0.00838943 0.00906543 0.00840608 0.0122547 0.00874547 0.0141914 0.00892682 0.00905365 0.0102893 0.00938537 0.00838728 0.00887592 0.00825469 0.00874736 0.00970562 0.0158055 0.0113203 0.0202204 0.0105898 0.00998463 0.00852169 
0.0109295 0.00998152 0.00602225 0.003632 0.00411918 0.00353349 0.00351022 0 0.00357979 0.0368561 0.131279 0.00453241 0.00385931 0.00680825 0.00996281 0.00821969 0.00801439 0.0148451 0.0136508 0.00830293 0.0106556 0.00805364 0.00790772 0.0096949 0.0096881 0.0138925 0.00944572 0.0121636 0.00880751 0.0114952 0.00833073 0.0098857 0.00889493 0.00919341 0.00838659 0.00886857 0.00957411 0.00824918 0.00866899 0.00866678 0.00942997 0.00852613 0.00862953 0.00869285 0.00835859 0.00839013 0.00848664 0.00816165 0.00833248 0.00835851 0.00868408 0.008869 0.00964262 0.0088846 0.00914071 0.00909085 0.00833362 
0.0301045 0.00738066 0.00656325 0.00389632 0.00481635 0.00358004 0.00352377 0.00357979 0 0.895754 0.0039471 0.00409731 0.00373558 0.0156691 0.0126494 0.00726358 0.0123959 0.00887347 0.00775105 0.0089414 0.00812928 0.00767519 0.0077468 0.0132152 0.0101071 0.00893639 0.00921216 0.00909952 0.00913425 0.00833948 0.00915355 0.0126949 0.00919236 0.00837851 0.008489 0.0152625 0.0084397 0.00871016 0.0135986 0.00917043 0.00831372 0.00854883 0.00833676 0.00832685 0.00830529 0.00842504 0.00817903 0.00837864 0.0103342 0.00846915 0.00837662 0.00853169 0.00869418 0.00856741 0.00847381 0.00853174 0.00837804 
0.0103357 0.00851707 0.0163097 0.00468166 0.00437183 0.00380504 0.00492833 0.0368561 0.895754 0 0.0035687 0.00366507 0.00445206 0.0077087 0.00847533 0.0954129 0.0734836 0.0123227 0.00818825 0.00971969 0.00796404 0.00939783 0.0197657 0.0116119 0.0139126 0.010863 0.014261 0.0104295 0.00980892 0.0102933 0.0253689 0.0118033 0.0100953 0.00946844 0.0317304 0.0112441 0.00936315 0.0172882 0.00958917 0.0098397 0.0090743 0.0102093 0.00879927 0.00881 0.00877385 0.0087487 0.00890427 0.0133678 0.00897271 0.00880262 0.00893912 0.0100165 0.00972378 0.0101646 0.0098485 0.0108574 0.0137844 
0.00949051 0.0154145 0.0137204 0.00621491 0.00582114 0.0100599 0.70865 0.131279 0.0039471 0.0035687 0 0.00380957 0.00356333 0.00502171 0.538597 0.0711167 0.0324535 0.00810722 0.0103173 0.00771564 0.00848791 0.0108669 0.010342 0.0115773 0.0117465 0.0248037 0.0132209 0.0175336 0.00986012 0.020523 0.00955599 0.0106878 0.0104466 0.0177882 0.00905264 0.0092621 0.012027 0.00922856 0.00886155 0.010618 0.0159498 0.00925853 0.010266 0.00991086 0.00922818 0.00889761 0.0102947 0.00854269 0.00871841 0.00950671 0.0122846 0.0135495 0.0172758 0.0143299 0.0201751 0.0139322 0.00911013 
0.0152188 0.0209623 0.00869936 0.00682654 0.0191869 0.577882 0.0708541 0.00453241 0.00409731 0.00366507 0.00380957 0 0.00374308 0.49212 0.0662664 0.0220475 0.00680709 0.00726447 0.00713257 0.00813135 0.00847398 0.0095492 0.00769435 0.00991051 0.0192415 0.0108651 0.0177469 0.010782 0.0162514 0.0112452 0.00988301 0.00970443 0.0162696 0.0106674 0.00886133 0.0114113 0.0114496 0.00875257 0.00964398 0.0127489 0.00993742 0.0106279 0.00926592 0.00931944 0.00905525 0.009555 0.00905512 0.00880413 0.00950724 0.0102184 0.00999415 0.0124202 0.0124352 0.0140529 0.0120527 0.0144794 0.0091075 
0.0210622 0.00809898 0.00923308 0.0180148 0.510095 0.00873295 0.00524792 0.00385931 0.00373558 0.00445206 0.00356333 0.00374308 0 0.0617923 0.0241905 0.00397715 0.00392547 0.00493422 0.0052506 0.00601564 0.0060927 0.00640532 0.00691504 0.0144669 0.00894675 0.00842216 0.00905919 0.00938935 0.00926654 0.008421 0.0118117 0.0132906 0.00932412 0.00853197 0.00907939 0.015059 0.00834335 0.00931088 0.0131129 0.00902507 0.00864682 0.00870952 0.00848942 0.00847734 0.00863798 0.00843465 0.00827887 0.00857274 0.0108619 0.00844263 0.0087235 0.00886304 0.00892681 0.00900752 0.0088918 0.00884791 0.0088867 
0.0122816 0.00931749 0.013265 0.0555637 0.00884211 0.00706069 0.00661482 0.00680825 0.0156691 0.0077087 0.00502171 0.49212 0.0617923 0 0.00376574 0.00352898 0.00353692 0.00356063 0.00365155 0.00402417 0.00398419 0.00432595 0.00691298 0.0070169 0.0078985 0.00761406 0.00982424 0.00846681 0.00818765 0.00914044 0.0500944 0.0192042 0.0109466 0.00943401 0.0121821 0.0103094 0.00923246 0.0131034 0.0101269 0.00934653 0.00934891 0.00927063 0.00887816 0.00909273 0.00858685 0.00891286 0.00868964 0.0112177 0.00914448 0.00864931 0.00879868 0.0096702 0.00939385 0.0101634 0.00957597 0.0104448 0.0108276 
0.0098954 0.014945 0.0172911 0.0102739 0.00896988 0.00827808 0.00791678 0.00996281 0.0126494 0.00847533 0.538597 0.0662664 0.0241905 0.00376574 0 0.0035691 0.00353382 0.00356099 0.00359975 0.00363702 0.00377961 0.00504992 0.00428996 0.00688187 0.00789826 0.0101017 0.0100687 0.0110599 0.00857219 0.0324591 0.368925 0.0237832 0.0120357 0.0128124 0.00953927 0.00955379 0.0112691 0.00919454 0.00920693 0.0118834 0.0143711 0.0101838 0.0113253 0.0106874 0.00978345 0.00948807 0.0105246 0.00886369 0.00878961 0.00980232 0.0141259 0.0151719 0.0215097 0.0137098 0.0204055 0.0129831 0.00922379 
0.010074 0.0105127 0.00947956 0.00884569 0.00889136 0.00833431 0.0104318 0.00821969 0.00726358 0.0954129 0.0711167 0.0220475 0.00397715 0.00352898 0.0035691 0 0.00351668 0.00352591 0.00355542 0.00365184 0.00379812 0.00400444 0.0038669 0.00661464 0.0081158 0.00953122 0.0119968 0.00930506 0.0171277 0.374732 0.138522 0.0102034 0.0119156 0.010347 0.00899752 0.00958695 0.009286 0.00884403 0.00934341 0.0121351 0.0129663 0.0137974 0.0120856 0.0125418 0.0107391 0.0184014 0.00878525 0.00850318 0.00881349 0.0101528 0.0160857 0.0269126 0.024867 0.0275601 0.0236367 0.017996 0.00872819 
0.00996545 0.00868639 0.00861418 0.0153579 0.00904335 0.00862812 0.00881284 0.00801439 0.0123959 0.0734836 0.0324535 0.00680709 0.00392547 0.00353692 0.00353382 0.00351668 0 0.00351495 0.00347055 0.00358932 0.00357711 0.00363748 0.00389344 0.00589729 0.0074061 0.00867108 0.00913823 0.0149236 0.3451 0.104297 0.0104707 0.00995609 0.0131596 0.00930898 0.00872554 0.00927118 0.00874396 0.00862711 0.0093888 0.010814 0.0132693 0.0118157 0.0110316 0.0107894 0.0123782 0.0108478 0.00884281 0.00842559 0.00863927 0.00938301 0.0134773 0.0180705 0.0192506 0.0173908 0.0264379 0.0100321 0.00870091 
0.00994887 0.00902835 0.00909998 0.00893972 0.0134857 0.00840201 0.0130603 0.0148451 0.00887347 0.0123227 0.00810722 0.00726447 0.00493422 0.00356063 0.00356099 0.00352591 0.00351495 0 0.00353125 0.00361082 0.00357803 0.00368957 0.00366661 0.00499739 0.00830952 0.00780686 0.0167956 0.0721636 0.233029 0.0097022 0.0107281 0.0102542 0.0109277 0.00912714 0.00923565 0.00961145 0.0087726 0.00898412 0.00888116 0.0114426 0.0102051 0.0130889 0.010109 0.0129659 0.0110471 0.0102328 0.00867761 0.00886683 0.00854447 0.00925786 0.0117812 0.0174269 0.01609 0.0241669 0.014372 0.0123745 0.00889476 
0.0104497 0.00890175 0.00996238 0.0110024 0.0087341 0.0201195 0.0148865 0.0136508 0.00775105 0.00818825 0.0103173 0.00713257 0.0052506 0.00365155 0.00359975 0.00355542 0.00347055 0.00353125 0 0.00357954 0.00363711 0.00363659 0.00374256 0.00520132 0.00606987 0.0160151 0.033076 0.870515 0.00900008 0.0141253 0.00721529 0.0103348 0.00915057 0.0109542 0.00869552 0.00918022 0.00902789 0.00857151 0.0090297 0.00895348 0.015295 0.00894217 0.0135067 0.00998541 0.0092517 0.00879564 0.00945264 0.00832714 0.00890881 0.00866834 0.0116519 0.0110955 0.0171394 0.00981532 0.019379 0.00929232 0.00863119 
0.0117985 0.0097856 0.0091651 0.00865602 0.0220052 0.0101647 0.0400566 0.00830293 0.0089414 0.00971969 0.00771564 0.00813135 0.00601564 0.00402417 0.00363702 0.00365184 0.00358932 0.00361082 0.00357954 0 0.00361396 0.00368458 0.00362036 0.00411421 0.00983034 0.00918906 0.929788 0.00820584 0.0104228 0.0066856 0.00803735 0.00897584 0.0121329 0.00874979 0.0115185 0.0112259 0.00878055 0.0109225 0.00940331 0.0119107 0.00875415 0.0212728 0.00901648 0.0102525 0.00942875 0.0105539 0.0084731 0.00982574 0.00855187 0.00937182 0.00942082 0.0133102 0.00954738 0.0164186 0.00951608 0.00985422 0.00874399 
0.0106765 0.00896978 0.0100707 0.0121189 0.0121752 0.0422306 0.00845475 0.0106556 0.00812928 0.00796404 0.00848791 0.00847398 0.0060927 0.00398419 0.00377961 0.00379812 0.00357711 0.00357803 0.00363711 0.00361396 0 0.0035396 0.00365482 0.0046266 0.00540045 0.968359 0.00723369 0.0100071 0.00639953 0.00865849 0.00634414 0.00980062 0.00879317 0.0134119 0.00854925 0.00924318 0.00950524 0.0084979 0.00977714 0.00864989 0.020416 0.00877488 0.0103796 0.00971555 0.00925492 0.00890096 0.00973529 0.00843808 0.00924584 0.00858506 0.0107813 0.00973582 0.0134257 0.00912414 0.0159401 0.00899269 0.00865156 
0.0115118 0.0115536 0.00905059 0.0107134 0.0479583 0.00845109 0.0208052 0.00805364 0.00767519 0.00939783 0.0108669 0.0095492 0.00640532 0.00432595 0.00504992 0.00400444 0.00363748 0.00368957 0.00363659 0.00368458 0.0035396 0 0.00380117 0.00414741 0.97237 0.0063421 0.00787793 0.00612215 0.00895153 0.00659015 0.00673881 0.00896715 0.0121067 0.00902469 0.0091 0.0109936 0.00965675 0.00914441 0.00909973 0.0128541 0.00869524 0.0103792 0.00875547 0.0086999 0.00893679 0.00890546 0.00865177 0.00903739 0.00901402 0.00932142 0.0088162 0.00910785 0.0089015 0.00965888 0.00888117 0.00961566 0.00845555 
0.0182224 0.00949595 0.0104021 0.0317601 0.00984301 0.00997339 0.0082834 0.00790772 0.0077468 0.0197657 0.010342 0.00769435 0.00691504 0.00691298 0.00428996 0.0038669 0.00389344 0.00366661 0.00374256 0.00362036 0.00365482 0.00380117 0 0.971748 0.00431259 0.00437597 0.00420854 0.00508257 0.00492598 0.00564397 0.00673844 0.013665 0.00934348 0.00883084 0.00878897 0.0164432 0.00867729 0.00897908 0.034147 0.00907742 0.00871674 0.00853807 0.00856832 0.00843038 0.00863406 0.00850396 0.00848426 0.00855573 0.0130084 0.00862526 0.00850765 0.00844776 0.00875888 0.00848929 0.00880548 0.00871948 0.00869715 
0.0122921 0.0102131 0.0250912 0.0149213 0.00936598 0.0111653 0.00870505 0.0096949 0.0132152 0.0116119 0.0115773 0.00991051 0.0144669 0.0070169 0.00688187 0.00661464 0.00589729 0.00499739 0.00520132 0.00411421 0.0046266 0.00414741 0.971748 0 0.00354473 0.00356174 0.00354978 0.00368392 0.0036052 0.0040926 0.00568737 0.0240054 0.009532 0.0120214 0.0154208 0.0104989 0.010497 0.0161428 0.00991421 0.00903041 0.0108076 0.00887521 0.00918337 0.00904238 0.00905119 0.00877522 0.0109571 0.0126126 0.0104146 0.00877835 0.00939875 0.00951417 0.0101473 0.00917499 0.0109964 0.0113242 0.0158711 
0.0117326 0.0172143 0.0101941 0.00945007 0.0389698 0.00889659 0.0244427 0.0096881 0.0101071 0.0139126 0.0117465 0.0192415 0.00894675 0.0078985 0.00789826 0.0081158 0.0074061 0.00830952 0.00606987 0.00983034 0.00540045 0.97237 0.00431259 0.00354473 0 0.00354185 0.0035612 0.0035664 0.0036194 0.00451706 0.00466922 0.0155486 0.052213 0.0105118 0.0131611 0.011628 0.0108087 0.0127482 0.0100089 0.0189234 0.00904368 0.0241757 0.00917874 0.0121091 0.0103641 0.015589 0.0094346 0.0117962 0.008933 0.0118926 0.0104402 0.0237199 0.0115862 0.0361203 0.0148701 0.0464284 0.00971593 
0.011121 0.00982305 0.00993014 0.0185641 0.00932016 0.0613472 0.009906 0.0138925 0.00893639 0.010863 0.0248037 0.0108651 0.00842216 0.00761406 0.0101017 0.00953122 0.00867108 0.00780686 0.0160151 0.00918906 0.968359 0.0063421 0.00437597 0.00356174 0.00354185 0 0.00356152 0.00355534 0.00354428 0.00361492 0.00359643 0.0322751 0.0127507 0.0281335 0.00921899 0.0110614 0.0111935 0.00882503 0.0114084 0.0107487 0.0778184 0.00987384 0.0287238 0.0158964 0.0210466 0.0120749 0.0132093 0.008769 0.0101068 0.0109967 0.0416484 0.0243337 0.0938306 0.0250053 0.165945 0.0124614 0.00923468 
0.011867 0.0105918 0.00968124 0.00953421 0.0639406 0.0102554 0.0458996 0.00944572 0.00921216 0.014261 0.0132209 0.0177469 0.00905919 0.00982424 0.0100687 0.0119968 0.00913823 0.0167956 0.033076 0.929788 0.00723369 0.00787793 0.00420854 0.00354978 0.0035612 0.00356152 0 0.00357444 0.00356335 0.00357793 0.00363543 0.0175392 0.0818485 0.0107538 0.0134083 0.0134323 0.00915166 0.0106073 0.00994219 0.0466101 0.011178 0.0707673 0.01301 0.0258224 0.0173147 0.0275728 0.00973844 0.0103129 0.0094811 0.0203842 0.0217454 0.12111 0.0370998 0.24044 0.0238788 0.03535 0.00985098 
0.0107041 0.0103512 0.0100089 0.014651 0.00933774 0.064196 0.0095557 0.0121636 0.00909952 0.0104295 0.0175336 0.010782 0.00938935 0.00846681 0.0110599 0.00930506 0.0149236 0.0721636 0.870515 0.00820584 0.0100071 0.00612215 0.00508257 0.00368392 0.0035664 0.00355534 0.00357444 0 0.00355694 0.00358685 0.00354489 0.0228354 0.0112992 0.033747 0.00902569 0.0104345 0.0115904 0.00897272 0.0118956 0.0103668 0.0684012 0.0100327 0.0355045 0.0208096 0.0180928 0.0112899 0.0141014 0.00879691 0.0105251 0.0112299 0.0452071 0.0291673 0.172109 0.018944 0.0947727 0.0135398 0.00978323 
0.00927704 0.00909034 0.00912682 0.00857492 0.0307931 0.00880089 0.0223259 0.00880751 0.00913425 0.00980892 0.00986012 0.0162514 0.00926654 0.00818765 0.00857219 0.0171277 0.3451 0.233029 0.00900008 0.0104228 0.00639953 0.00895153 0.00492598 0.0036052 0.0036194 0.00354428 0.00356335 0.00355694 0 0.00352849 0.00351589 0.0107065 0.0411171 0.00945613 0.0166038 0.00952168 0.00857888 0.0129249 0.00939267 0.0194434 0.0094106 0.0522508 0.00997296 0.012305 0.010782 0.0137574 0.00913183 0.00987286 0.00872549 0.0111446 0.0121107 0.12948 0.0149432 0.0558786 0.0151548 0.0217489 0.0098558 
0.0103731 0.0108147 0.00931236 0.0124655 0.00902048 0.0200188 0.00866141 0.0114952 0.00833948 0.0102933 0.020523 0.0112452 0.008421 0.00914044 0.0324591 0.374732 0.104297 0.0097022 0.0141253 0.0066856 0.00865849 0.00659015 0.00564397 0.0040926 0.00451706 0.00361492 0.00357793 0.00358685 0.00352849 0 0.00364815 0.0219033 0.0102587 0.0701915 0.00866119 0.0108751 0.0248818 0.00838 0.0155413 0.00997986 0.033555 0.00883091 0.0140999 0.0100321 0.00952092 0.00914703 0.0115658 0.00841691 0.0101489 0.00977173 0.050288 0.0108862 0.0190564 0.0104612 0.021597 0.0112211 0.00876902 
0.0187849 0.00948398 0.00985843 0.0106829 0.0175741 0.0085119 0.0104174 0.00833073 0.00915355 0.0253689 0.00955599 0.00988301 0.0118117 0.0500944 0.368925 0.138522 0.0104707 0.0107281 0.00721529 0.00803735 0.00634414 0.00673881 0.00673844 0.00568737 0.00466922 0.00359643 0.00363543 0.00354489 0.00351589 0.00364815 0 0.0167085 0.0330214 0.00926994 0.0214661 0.0280765 0.00861077 0.0139154 0.0181261 0.0223398 0.00872858 0.0111649 0.00859553 0.00889296 0.0094447 0.00917448 0.00855471 0.010434 0.0155631 0.0206125 0.00899407 0.00994226 0.00936306 0.0105587 0.0090298 0.00966492 0.0096226 
0.00867108 0.00866452 0.011326 0.0109823 0.00876903 0.0113724 0.00899 0.0098857 0.0126949 0.0118033 0.0106878 0.00970443 0.0132906 0.0192042 0.0237832 0.0102034 0.00995609 0.0102542 0.0103348 0.00897584 0.00980062 0.00896715 0.013665 0.0240054 0.0155486 0.0322751 0.0175392 0.0228354 0.0107065 0.0219033 0.0167085 0 0.003586 0.00362739 0.00458942 0.00577553 0.00634103 0.0309296 0.034711 0.00790613 0.0113754 0.00822134 0.0112668 0.017212 0.0139184 0.00975167 0.0143079 0.0123366 0.0115148 0.00903801 0.010363 0.010117 0.0144205 0.00973269 0.0160835 0.0118845 0.016667 
0.00850352 0.00915541 0.00895017 0.00864896 0.0267948 0.00909107 0.0144113 0.00889493 0.00919236 0.0100953 0.0104466 0.0162696 0.00932412 0.0109466 0.0120357 0.0119156 0.0131596 0.0109277 0.00915057 0.0121329 0.00879317 0.0121067 0.00934348 0.009532 0.052213 0.0127507 0.0818485 0.0112992 0.0411171 0.0102587 0.0330214 0.003586 0 0.00371921 0.00359406 0.00762966 0.0122596 0.855561 0.00911626 0.0169761 0.0098397 0.0246461 0.0108616 0.0216984 0.0137551 0.0117136 0.00966482 0.0127581 0.0087114 0.0102381 0.00988581 0.0178369 0.0102843 0.0203481 0.0101957 0.0243867 0.0101697 
0.00883825 0.00892504 0.00851565 0.00995434 0.00921906 0.0125323 0.00871929 0.00919341 0.00837851 0.00946844 0.0177882 0.0106674 0.00853197 0.00943401 0.0128124 0.010347 0.00930898 0.00912714 0.0109542 0.00874979 0.0134119 0.00902469 0.00883084 0.0120214 0.0105118 0.0281335 0.0107538 0.033747 0.00945613 0.0701915 0.00926994 0.00362739 0.00371921 0 0.00352113 0.0142044 0.932616 0.00485406 0.012107 0.0204205 0.0182097 0.0109082 0.0160859 0.00850477 0.00872616 0.00827219 0.0115508 0.00796576 0.0092892 0.00955379 0.0121732 0.00977228 0.0139728 0.00951772 0.0198816 0.0112031 0.00879362 
0.0115008 0.00845775 0.00854882 0.00922045 0.0117672 0.00855342 0.00882116 0.00838659 0.008489 0.0317304 0.00905264 0.00886133 0.00907939 0.0121821 0.00953927 0.00899752 0.00872554 0.00923565 0.00869552 0.0115185 0.00854925 0.0091 0.00878897 0.0154208 0.0131611 0.00921899 0.0134083 0.00902569 0.0166038 0.00866119 0.0214661 0.00458942 0.00359406 0.00352113 0 0.959965 0.00404902 0.00608933 0.0143442 0.0260239 0.0108483 0.0167915 0.00738166 0.00738807 0.00791771 0.00861355 0.00768859 0.00943558 0.0121513 0.00930411 0.00866713 0.00960869 0.00913882 0.0118002 0.00883137 0.00975633 0.00912806 
0.00995114 0.00909293 0.0135551 0.0088678 0.00938449 0.0087185 0.00920038 0.00886857 0.0152625 0.0112441 0.0092621 0.0114113 0.015059 0.0103094 0.00955379 0.00958695 0.00927118 0.00961145 0.00918022 0.0112259 0.00924318 0.0109936 0.0164432 0.0104989 0.011628 0.0110614 0.0134323 0.0104345 0.00952168 0.0108751 0.0280765 0.00577553 0.00762966 0.0142044 0.959965 0 0.00379912 0.00496889 0.00749466 0.233744 0.0832838 0.0357849 0.0062531 0.00734139 0.00790036 0.0077771 0.00896237 0.0264118 0.00934861 0.00841556 0.00870766 0.00950261 0.00918801 0.0103263 0.00971917 0.0168464 0.0322971 
0.00886721 0.00962388 0.00855598 0.00885578 0.00888717 0.00935239 0.00838943 0.00957411 0.0084397 0.00936315 0.012027 0.0114496 0.00834335 0.00923246 0.0112691 0.009286 0.00874396 0.0087726 0.00902789 0.00878055 0.00950524 0.00965675 0.00867729 0.010497 0.0108087 0.0111935 0.00915166 0.0115904 0.00857888 0.0248818 0.00861077 0.00634103 0.0122596 0.932616 0.00404902 0.00379912 0 0.00378547 0.186656 0.0465045 0.00881465 0.00504637 0.00653322 0.00607496 0.0064001 0.0066971 0.0117527 0.0071442 0.00863851 0.00918646 0.00832951 0.0084301 0.00951456 0.00842376 0.010005 0.0169303 0.00864464 
0.0119899 0.00855596 0.00853427 0.0094666 0.010424 0.0083651 0.00906543 0.00824918 0.00871016 0.0172882 0.00922856 0.00875257 0.00931088 0.0131034 0.00919454 0.00884403 0.00862711 0.00898412 0.00857151 0.0109225 0.0084979 0.00914441 0.00897908 0.0161428 0.0127482 0.00882503 0.0106073 0.00897272 0.0129249 0.00838 0.0139154 0.0309296 0.855561 0.00485406 0.00608933 0.00496889 0.00378547 0 0.0960019 0.0311343 0.00371883 0.0114763 0.00459867 0.00603553 0.00632595 0.00716939 0.00601854 0.00778186 0.0103974 0.00847667 0.00787282 0.00895383 0.00838138 0.00935021 0.00912368 0.0100121 0.0110804 
0.00878331 0.00849409 0.0114033 0.00875563 0.00840493 0.00888962 0.00840608 0.00866899 0.0135986 0.00958917 0.00886155 0.00964398 0.0131129 0.0101269 0.00920693 0.00934341 0.0093888 0.00888116 0.0090297 0.00940331 0.00977714 0.00909973 0.034147 0.00991421 0.0100089 0.0114084 0.00994219 0.0118956 0.00939267 0.0155413 0.0181261 0.034711 0.00911626 0.012107 0.0143442 0.00749466 0.186656 0.0960019 0 0.00356216 0.00364409 0.00355339 0.00361295 0.00360689 0.00391339 0.00369001 0.00452096 0.0153642 0.00648076 0.00654339 0.00781127 0.00746519 0.00879693 0.0088197 0.0114017 0.0187422 0.501447 
0.00837752 0.00893362 0.00865916 0.00828118 0.0127054 0.00854986 0.0122547 0.00866678 0.00917043 0.0098397 0.010618 0.0127489 0.00902507 0.00934653 0.0118834 0.0121351 0.010814 0.0114426 0.00895348 0.0119107 0.00864989 0.0128541 0.00907742 0.00903041 0.0189234 0.0107487 0.0466101 0.0103668 0.0194434 0.00997986 0.0223398 0.00790613 0.0169761 0.0204205 0.0260239 0.233744 0.0465045 0.0311343 0.00356216 0 0.00353009 0.00355648 0.00354779 0.00364303 0.00384557 0.00390081 0.00507075 0.016459 0.0057989 0.00800557 0.00720525 0.0100084 0.0094463 0.0131261 0.0102426 0.615568 0.129514 
0.00846988 0.00824869 0.00845927 0.00968111 0.00858698 0.0355726 0.00874547 0.00942997 0.00831372 0.0090743 0.0159498 0.00993742 0.00864682 0.00934891 0.0143711 0.0129663 0.0132693 0.0102051 0.015295 0.00875415 0.020416 0.00869524 0.00871674 0.0108076 0.00904368 0.0778184 0.011178 0.0684012 0.0094106 0.033555 0.00872858 0.0113754 0.0098397 0.0182097 0.0108483 0.0832838 0.00881465 0.00371883 0.00364409 0.00353009 0 0.00346745 0.0035343 0.00359248 0.00366393 0.00377946 0.00486202 0.00372625 0.00735421 0.00662435 0.0104929 0.00893134 0.0206125 0.00853027 0.631663 0.157977 0.0134313 
0.00871432 0.0082468 0.00838982 0.00834185 0.0207619 0.00873996 0.0141914 0.00852613 0.00854883 0.0102093 0.00925853 0.0106279 0.00870952 0.00927063 0.0101838 0.0137974 0.0118157 0.0130889 0.00894217 0.0212728 0.00877488 0.0103792 0.00853807 0.00887521 0.0241757 0.00987384 0.0707673 0.0100327 0.0522508 0.00883091 0.0111649 0.00822134 0.0246461 0.0109082 0.0167915 0.0357849 0.00504637 0.0114763 0.00355339 0.00355648 0.00346745 0 0.00356174 0.00352292 0.00378875 0.00370491 0.00353107 0.00398542 0.0049277 0.00771041 0.00875647 0.0112901 0.00841404 0.515712 0.198015 0.0893327 0.00880281 
0.00839993 0.00837597 0.00838116 0.00881653 0.00863511 0.0135748 0.00892682 0.00862953 0.00833676 0.00879927 0.010266 0.00926592 0.00848942 0.00887816 0.0113253 0.0120856 0.0110316 0.010109 0.0135067 0.00901648 0.0103796 0.00875547 0.00856832 0.00918337 0.00917874 0.0287238 0.01301 0.0355045 0.00997296 0.0140999 0.00859553 0.0112668 0.0108616 0.0160859 0.00738166 0.0062531 0.00653322 0.00459867 0.00361295 0.00354779 0.0035343 0.00356174 0 0.00355507 0.00354332 0.00355691 0.00353726 0.00357929 0.00538934 0.00626644 0.00769588 0.00791935 0.140042 0.287067 0.0631769 0.00876793 0.00781479 
0.0082965 0.0082962 0.00832644 0.00844279 0.00955157 0.0106643 0.00905365 0.00869285 0.00832685 0.00881 0.00991086 0.00931944 0.00847734 0.00909273 0.0106874 0.0125418 0.0107894 0.0129659 0.00998541 0.0102525 0.00971555 0.0086999 0.00843038 0.00904238 0.0121091 0.0158964 0.0258224 0.0208096 0.012305 0.0100321 0.00889296 0.017212 0.0216984 0.00850477 0.00738807 0.00734139 0.00607496 0.00603553 0.00360689 0.00364303 0.00359248 0.00352292 0.00355507 0 0.00347823 0.00355875 0.00360759 0.00356489 0.00463923 0.00698131 0.00702717 0.0690556 0.700942 0.0447568 0.0191089 0.00818296 0.008235 
0.00826563 0.0081793 0.00817967 0.0082499 0.00915956 0.00967392 0.0102893 0.00835859 0.00830529 0.00877385 0.00922818 0.00905525 0.00863798 0.00858685 0.00978345 0.0107391 0.0123782 0.0110471 0.0092517 0.00942875 0.00925492 0.00893679 0.00863406 0.00905119 0.0103641 0.0210466 0.0173147 0.0180928 0.010782 0.00952092 0.0094447 0.0139184 0.0137551 0.00872616 0.00791771 0.00790036 0.0064001 0.00632595 0.00391339 0.00384557 0.00366393 0.00378875 0.00354332 0.00347823 0 0.00353885 0.0035693 0.00359062 0.00395935 0.00495572 0.0256046 0.793757 0.0461827 0.0175182 0.0100759 0.0121707 0.00753276 
0.00838344 0.00840079 0.00838137 0.00828806 0.00978614 0.00899963 0.00938537 0.00839013 0.00842504 0.0087487 0.00889761 0.009555 0.00843465 0.00891286 0.00948807 0.0184014 0.0108478 0.0102328 0.00879564 0.0105539 0.00890096 0.00890546 0.00850396 0.00877522 0.015589 0.0120749 0.0275728 0.0112899 0.0137574 0.00914703 0.00917448 0.00975167 0.0117136 0.00827219 0.00861355 0.0077771 0.0066971 0.00716939 0.00369001 0.00390081 0.00377946 0.00370491 0.00355691 0.00355875 0.00353885 0 0.00353546 0.00358648 0.00460574 0.0161861 0.804362 0.0391125 0.0105662 0.0080886 0.00750038 0.0166746 0.00694669 
0.00875721 0.00946547 0.00824811 0.00855658 0.00852234 0.00917797 0.00838728 0.00848664 0.00817903 0.00890427 0.0102947 0.00905512 0.00827887 0.00868964 0.0105246 0.00878525 0.00884281 0.00867761 0.00945264 0.0084731 0.00973529 0.00865177 0.00848426 0.0109571 0.0094346 0.0132093 0.00973844 0.0141014 0.00913183 0.0115658 0.00855471 0.0143079 0.00966482 0.0115508 0.00768859 0.00896237 0.0117527 0.00601854 0.00452096 0.00507075 0.00486202 0.00353107 0.00353726 0.00360759 0.0035693 0.00353546 0 0.00368422 0.00465452 0.948666 0.0225812 0.00800471 0.0080357 0.0064823 0.0203925 0.00731604 0.00690222 
0.0112989 0.00844625 0.00841774 0.00884412 0.00978945 0.0081832 0.00887592 0.00816165 0.00837864 0.0133678 0.00854269 0.00880413 0.00857274 0.0112177 0.00886369 0.00850318 0.00842559 0.00886683 0.00832714 0.00982574 0.00843808 0.00903739 0.00855573 0.0126126 0.0117962 0.008769 0.0103129 0.00879691 0.00987286 0.00841691 0.010434 0.0123366 0.0127581 0.00796576 0.00943558 0.0264118 0.0071442 0.00778186 0.0153642 0.016459 0.00372625 0.00398542 0.00357929 0.00356489 0.00359062 0.00358648 0.00368422 0 0.996362 0.00798437 0.00653387 0.00403695 0.00458208 0.00599914 0.00589186 0.00706274 0.00715614 
0.00898021 0.00845367 0.0109518 0.00873307 0.00831789 0.00865831 0.00825469 0.00833248 0.0103342 0.00897271 0.00871841 0.00950724 0.0108619 0.00914448 0.00878961 0.00881349 0.00863927 0.00854447 0.00890881 0.00855187 0.00924584 0.00901402 0.0130084 0.0104146 0.008933 0.0101068 0.0094811 0.0105251 0.00872549 0.0101489 0.0155631 0.0115148 0.0087114 0.0092892 0.0121513 0.00934861 0.00863851 0.0103974 0.00648076 0.0057989 0.00735421 0.0049277 0.00538934 0.00463923 0.00395935 0.00460574 0.00465452 0.996362 0 0.00368069 0.00353627 0.0035669 0.0036047 0.00368652 0.00390388 0.00445175 0.0100729 
0.00812745 0.00836138 0.00831227 0.00824173 0.00924266 0.00874777 0.00874736 0.00835851 0.00846915 0.00880262 0.00950671 0.0102184 0.00844263 0.00864931 0.00980232 0.0101528 0.00938301 0.00925786 0.00866834 0.00937182 0.00858506 0.00932142 0.00862526 0.00877835 0.0118926 0.0109967 0.0203842 0.0112299 0.0111446 0.00977173 0.0206125 0.00903801 0.0102381 0.00955379 0.00930411 0.00841556 0.00918646 0.00847667 0.00654339 0.00800557 0.00662435 0.00771041 0.00626644 0.00698131 0.00495572 0.0161861 0.948666 0.00798437 0.00368069 0 0.00359586 0.00352594 0.00353868 0.00356671 0.00363738 0.00456397 0.00464146 
0.00817853 0.00820459 0.00836034 0.00864523 0.00894843 0.0144572 0.00970562 0.00868408 0.00837662 0.00893912 0.0122846 0.00999415 0.0087235 0.00879868 0.0141259 0.0160857 0.0134773 0.0117812 0.0116519 0.00942082 0.0107813 0.0088162 0.00850765 0.00939875 0.0104402 0.0416484 0.0217454 0.0452071 0.0121107 0.050288 0.00899407 0.010363 0.00988581 0.0121732 0.00866713 0.00870766 0.00832951 0.00787282 0.00781127 0.00720525 0.0104929 0.00875647 0.00769588 0.00702717 0.0256046 0.804362 0.0225812 0.00653387 0.00353627 0.00359586 0 0.00353294 0.00355407 0.00355061 0.00359966 0.00359968 0.00401356 
0.00834228 0.00863168 0.00849198 0.00874185 0.0136809 0.0134584 0.0158055 0.008869 0.00853169 0.0100165 0.0135495 0.0124202 0.00886304 0.0096702 0.0151719 0.0269126 0.0180705 0.0174269 0.0110955 0.0133102 0.00973582 0.00910785 0.00844776 0.00951417 0.0237199 0.0243337 0.12111 0.0291673 0.12948 0.0108862 0.00994226 0.010117 0.0178369 0.00977228 0.00960869 0.00950261 0.0084301 0.00895383 0.00746519 0.0100084 0.00893134 0.0112901 0.00791935 0.0690556 0.793757 0.0391125 0.00800471 0.00403695 0.0035669 0.00352594 0.00353294 0 0.00354943 0.00353952 0.00356978 0.00358259 0.00379351 
0.00830668 0.00860442 0.00871343 0.00962333 0.00998132 0.0286841 0.0113203 0.00964262 0.00869418 0.00972378 0.0172758 0.0124352 0.00892681 0.00939385 0.0215097 0.024867 0.0192506 0.01609 0.0171394 0.00954738 0.0134257 0.0089015 0.00875888 0.0101473 0.0115862 0.0938306 0.0370998 0.172109 0.0149432 0.0190564 0.00936306 0.0144205 0.0102843 0.0139728 0.00913882 0.00918801 0.00951456 0.00838138 0.00879693 0.0094463 0.0206125 0.00841404 0.140042 0.700942 0.0461827 0.0105662 0.0080357 0.00458208 0.0036047 0.00353868 0.00355407 0.00354943 0 0.00354264 0.00357944 0.00358667 0.00363457 
0.00842606 0.00863201 0.00855781 0.00863871 0.0235405 0.0106841 0.0202204 0.0088846 0.00856741 0.0101646 0.0143299 0.0140529 0.00900752 0.0101634 0.0137098 0.0275601 0.0173908 0.0241669 0.00981532 0.0164186 0.00912414 0.00965888 0.00848929 0.00917499 0.0361203 0.0250053 0.24044 0.018944 0.0558786 0.0104612 0.0105587 0.00973269 0.0203481 0.00951772 0.0118002 0.0103263 0.00842376 0.00935021 0.0088197 0.0131261 0.00853027 0.515712 0.287067 0.0447568 0.0175182 0.0080886 0.0064823 0.00599914 0.00368652 0.00356671 0.00355061 0.00353952 0.00354264 0 0.00354682 0.00358905 0.0036297 
0.00852796 0.00850075 0.00870507 0.0103984 0.00939508 0.0303114 0.0105898 0.00914071 0.00847381 0.0098485 0.0201751 0.0120527 0.0088918 0.00957597 0.0204055 0.0236367 0.0264379 0.014372 0.019379 0.00951608 0.0159401 0.00888117 0.00880548 0.0109964 0.0148701 0.165945 0.0238788 0.0947727 0.0151548 0.021597 0.0090298 0.0160835 0.0101957 0.0198816 0.00883137 0.00971917 0.010005 0.00912368 0.0114017 0.0102426 0.631663 0.198015 0.0631769 0.0191089 0.0100759 0.00750038 0.0203925 0.00589186 0.00390388 0.00363738 0.00359966 0.00356978 0.00357944 0.00354682 0 0.00354716 0.00357245 
0.00935516 0.00926593 0.00848377 0.00884431 0.012809 0.00940845 0.00998463 0.00909085 0.00853174 0.0108574 0.0139322 0.0144794 0.00884791 0.0104448 0.0129831 0.017996 0.0100321 0.0123745 0.00929232 0.00985422 0.00899269 0.00961566 0.00871948 0.0113242 0.0464284 0.0124614 0.03535 0.0135398 0.0217489 0.0112211 0.00966492 0.0118845 0.0243867 0.0112031 0.00975633 0.0168464 0.0169303 0.0100121 0.0187422 0.615568 0.157977 0.0893327 0.00876793 0.00818296 0.0121707 0.0166746 0.00731604 0.00706274 0.00445175 0.00456397 0.00359968 0.00358259 0.00358667 0.00358905 0.00354716 0 0.00362042 
0.0110641 0.00844461 0.00859773 0.00958213 0.0087338 0.00847489 0.00852169 0.00833362 0.00837804 0.0137844 0.00911013 0.0091075 0.0088867 0.0108276 0.00922379 0.00872819 0.00870091 0.00889476 0.00863119 0.00874399 0.00865156 0.00845555 0.00869715 0.0158711 0.00971593 0.00923468 0.00985098 0.00978323 0.0098558 0.00876902 0.0096226 0.016667 0.0101697 0.00879362 0.00912806 0.0322971 0.00864464 0.0110804 0.501447 0.129514 0.0134313 0.00880281 0.00781479 0.008235 0.00753276 0.00694669 0.00690222 0.00715614 0.0100729 0.00464146 0.00401356 0.00379351 0.00363457 0.0036297 0.00357245 0.00362042 0 
