1JYOB
LQAHQDIIANIGEKLGLPLTFDDNNQCLLLLDSDIFTSIEAKDDIWLLNGMIIPLSPVCGDSIWRQIMVINGELAANNEGTLAYIDAAETLLLIHAITDLTNTYHIISQLESFVNQQEALKNILQEYAKV
CHHHHHHHHHHHHHHCCCCCCCCCCEEEEEECCCEEEEEEEECCEEEEEEEEEECCCCCCHHHHHHHHHHHHHHHHCCCCEEEEEHHHCEEEEEEEECCCCCHHHHHHHHHHHHHHHHHHHHHHHHHCCC
0 0 0 0 0 0 0 0 0 0 0 0 0 0 0 0 0 0 0 0 0 0 0 0 0 0 0 0 0 0 0 0 0 0 0 0 0 0 0 0 0 0 0 0 0 0 0 0 0 0 0 0 0 0 0 0 0 0 0 0 0 0 0 0 0 0 0 0 0 0 0 0 0 0 0 0 0 0 0 0 0 0 0 0 0 0 0 0 0 0 0 0 0 0 0 0 0 0 0 0 0 0 0 0 0 0 0 0 0 0 0 0 0 0 0 0 0 0 0 0 0 0 0 0 0 0 0 0 0 0 
0 0 0 0 0 0 0 0 0 0 0 0 0 0 0 0 0 0 0 0 0 0 0 0 0 0 0 0 0 0 0 0 0 0 0 0 0 0 0 0 0 0 0 0 0 0 0 0 0 0 0 0 0 0 0 0 0 0 0 0 0 0 0 0 0 0 0 0 0 0 0 0 0 0 0 0 0 0 0 0 0 0 0 0 0 0 0 0 0 0 0 0 0 0 0 0 0 0 0 0 0 0 0 0 0 0 0 0 0 0 0 0 0 0 0 0 0 0 0 0 0 0 0 0 0 0 0 0 0 0 
0 0.00356721 0.00354896 0.00352216 0.00370106 0.00820905 0.00541914 0.00632351 0.00608601 0.00765676 0.00803645 0.658782 0.0127024 0.0281157 0.00911453 0.0096633 0.00878478 0.0116732 0.00865464 0.00896473 0.00941976 0.0099453 0.00895619 0.0274834 0.0107516 0.00917814 0.00926514 0.0110881 0.020496 0.0104973 0.00918899 0.0098621 0.00956098 0.00963434 0.0103305 0.00933778 0.01228 
0.00356721 0 0.00355828 0.00356325 0.00487472 0.00381234 0.0046291 0.00698596 0.00885933 0.00956294 0.837742 0.0101282 0.0251855 0.00981377 0.00916049 0.0149809 0.0126824 0.0136373 0.0112775 0.0206457 0.0156627 0.013378 0.0287882 0.0116594 0.0103362 0.0145169 0.0198848 0.0204608 0.0111497 0.0106915 0.0195226 0.0259619 0.0312817 0.0200888 0.0210283 0.022005 0.0104059 
0.00354896 0.00355828 0 0.00357331 0.0036337 0.00360418 0.00449226 0.00820262 0.0108419 0.917319 0.0120393 0.0150461 0.00775083 0.00788787 0.00915965 0.0166504 0.025245 0.0216717 0.0187663 0.0164529 0.0273622 0.0344818 0.0142482 0.0139251 0.0109101 0.0181945 0.0621901 0.0173317 0.00992734 0.0116945 0.0253041 0.0840792 0.0828081 0.0582837 0.0533385 0.0217143 0.010043 
0.00352216 0.00356325 0.00357331 0 0.00355215 0.00358727 0.00529027 0.0101127 0.908638 0.0135859 0.0141206 0.00760225 0.00795601 0.00741363 0.0110974 0.0147929 0.0285897 0.0224925 0.016152 0.0200532 0.0385692 0.0283172 0.0182195 0.0133217 0.0120356 0.0356236 0.0569478 0.0198051 0.0112894 0.0121767 0.0338059 0.100114 0.10615 0.0864515 0.0719416 0.0251294 0.0106302 
0.00370106 0.00487472 0.0036337 0.00355215 0 0.00375234 0.00675281 0.958367 0.0145079 0.0146486 0.00736427 0.00823373 0.0107286 0.00792555 0.0124005 0.0245822 0.0197217 0.0152826 0.0135844 0.0193672 0.018983 0.0171434 0.0247329 0.0234563 0.0275929 0.0174366 0.0228817 0.0358571 0.0103557 0.0139902 0.0191657 0.0339784 0.0415438 0.0302008 0.0247874 0.0396195 0.0116467 
0.00820905 0.00381234 0.00360418 0.00358727 0.00375234 0 0.900787 0.0119345 0.00654719 0.00440652 0.0109382 0.00512496 0.0100354 0.007742 0.0189289 0.0135161 0.0109563 0.0104156 0.0131064 0.0122732 0.0111242 0.0142429 0.016612 0.0236977 0.0201776 0.0128909 0.012041 0.011779 0.0162379 0.0227681 0.0124975 0.0129641 0.0124302 0.0125532 0.0109748 0.0127302 0.0184407 
0.00541914 0.0046291 0.00449226 0.00529027 0.00675281 0.900787 0 0.00356091 0.00355793 0.00357332 0.00358093 0.00379712 0.0038363 0.00572993 0.00563209 0.00844975 0.00710788 0.00750179 0.00701737 0.00797972 0.0207448 0.3025 0.0140232 0.0336062 0.0151167 0.011761 0.013185 0.0137003 0.021598 0.0167769 0.0155491 0.0159997 0.0145632 0.0135646 0.0153751 0.0112393 0.0177543 
0.00632351 0.00698596 0.00820262 0.0101127 0.958367 0.0119345 0.00356091 0 0.00354783 0.0035739 0.00358535 0.00361697 0.00395669 0.00407542 0.00593642 0.00827024 0.0120804 0.00906355 0.00855773 0.0242631 0.366448 0.0294418 0.0288728 0.01594 0.0111079 0.0175859 0.0238629 0.0225986 0.014159 0.0120584 0.0265436 0.0349226 0.040305 0.0270907 0.0285826 0.0334542 0.0133233 
0.00608601 0.00885933 0.0108419 0.908638 0.0145079 0.00654719 0.00355793 0.00354783 0 0.00356108 0.0035715 0.00355641 0.00352429 0.00374294 0.00473144 0.00939928 0.0101628 0.0235338 0.0114396 0.787413 0.0537638 0.0151032 0.0128003 0.0128424 0.010685 0.0178186 0.0377966 0.0174499 0.0110354 0.0119447 0.021098 0.054584 0.0515826 0.0567626 0.041892 0.0258511 0.0118228 
0.00765676 0.00956294 0.917319 0.0135859 0.0146486 0.00440652 0.00357332 0.0035739 0.00356108 0 0.00350577 0.00366084 0.00359639 0.00377839 0.0040812 0.00805189 0.0189608 0.00989467 0.919641 0.0132256 0.0165396 0.0233732 0.0123381 0.0140399 0.012584 0.0122358 0.0284846 0.0159275 0.00971867 0.0116858 0.0130024 0.0333317 0.0593782 0.020812 0.0409283 0.0166548 0.00966368 
0.00803645 0.837742 0.0120393 0.0141206 0.00736427 0.0109382 0.00358093 0.00358535 0.0035715 0.00350577 0 0.00353784 0.00365541 0.00356678 0.00398437 0.0057362 0.0189462 0.917547 0.00686964 0.0228459 0.00892835 0.00982728 0.00946699 0.00867818 0.00950059 0.0191338 0.0209794 0.0120901 0.0132936 0.0103572 0.0182085 0.0268142 0.0216773 0.0596761 0.0157566 0.0155451 0.0109843 
0.658782 0.0101282 0.0150461 0.00760225 0.00823373 0.00512496 0.00379712 0.00361697 0.00355641 0.00366084 0.00353784 0 0.00352356 0.00365292 0.00378168 0.00895328 0.912734 0.00587652 0.00781326 0.00720656 0.0121063 0.00926626 0.00679176 0.0127691 0.017546 0.00997205 0.0221792 0.0151475 0.00891082 0.0119748 0.0108891 0.026087 0.0339151 0.012211 0.032822 0.0129647 0.00906666 
0.0127024 0.0251855 0.00775083 0.00795601 0.0107286 0.0100354 0.0038363 0.00395669 0.00352429 0.00359639 0.00365541 0.00352356 0 0.00358077 0.00962189 0.913201 0.00782017 0.00709246 0.00436327 0.011066 0.00682707 0.00822209 0.00941198 0.00706864 0.0104494 0.0218866 0.0107475 0.0110495 0.0128856 0.0112932 0.0240599 0.0115741 0.0110537 0.0164585 0.00991483 0.0146527 0.011973 
0.0281157 0.00981377 0.00788787 0.00741363 0.00792555 0.007742 0.00572993 0.00407542 0.00374294 0.00377839 0.00356678 0.00365292 0.00358077 0 0.984705 0.00847583 0.00398652 0.00394448 0.00437507 0.00609203 0.00843007 0.00791004 0.00575718 0.00775047 0.0253899 0.010035 0.00981715 0.0103169 0.0109564 0.0200038 0.0113238 0.0100266 0.0103074 0.00903248 0.00954161 0.00964705 0.00929565 
0.00911453 0.00916049 0.00915965 0.0110974 0.0124005 0.0189289 0.00563209 0.00593642 0.00473144 0.0040812 0.00398437 0.00378168 0.00962189 0.984705 0 0.00359227 0.0035314 0.0036849 0.00354815 0.00364979 0.00383402 0.0040249 0.00579697 0.00766922 0.0304311 0.0152266 0.0135937 0.0128213 0.033543 0.0210942 0.0231996 0.0177503 0.0151155 0.0177446 0.0138655 0.0118897 0.0207303 
0.0096633 0.0149809 0.0166504 0.0147929 0.0245822 0.0135161 0.00844975 0.00827024 0.00939928 0.00805189 0.0057362 0.00895328 0.913201 0.00847583 0.00359227 0 0.00357212 0.00353892 0.00354327 0.00363681 0.00401784 0.00511365 0.00503947 0.00715516 0.0250739 0.0494503 0.0304662 0.0316115 0.0118343 0.0176484 0.0473735 0.0536322 0.0705194 0.0328721 0.0505458 0.0340911 0.0110422 
0.00878478 0.0126824 0.025245 0.0285897 0.0197217 0.0109563 0.00710788 0.0120804 0.0101628 0.0189608 0.0189462 0.912734 0.00782017 0.00398652 0.0035314 0.00357212 0 0.00352535 0.00353536 0.00354603 0.00368004 0.00431299 0.00629434 0.00408427 0.0170858 0.0215508 0.0719658 0.0193733 0.0124746 0.012068 0.0221957 0.0858969 0.0780531 0.0850409 0.0552361 0.0359451 0.0131932 
0.0116732 0.0136373 0.0216717 0.0224925 0.0152826 0.0104156 0.00750179 0.00906355 0.0235338 0.00989467 0.917547 0.00587652 0.00709246 0.00394448 0.0036849 0.00353892 0.00352535 0 0.00354156 0.00353641 0.00371027 0.00368893 0.00366881 0.00362729 0.012631 0.0293607 0.0439798 0.0163376 0.0114148 0.0102931 0.024548 0.0503208 0.0793666 0.0665414 0.0666429 0.030957 0.0108871 
0.00865464 0.0112775 0.0187663 0.016152 0.0135844 0.0131064 0.00701737 0.00855773 0.0114396 0.919641 0.00686964 0.00781326 0.00436327 0.00437507 0.00354815 0.00354327 0.00353536 0.00354156 0 0.00351688 0.0035436 0.00354365 0.00352981 0.00359416 0.0170449 0.013006 0.0412672 0.0174449 0.010117 0.0107789 0.0129761 0.0505991 0.0533628 0.0350642 0.0489983 0.0266842 0.0109496 
0.00896473 0.0206457 0.0164529 0.0200532 0.0193672 0.0122732 0.00797972 0.0242631 0.787413 0.0132256 0.0228459 0.00720656 0.011066 0.00609203 0.00364979 0.00363681 0.00354603 0.00353641 0.00351688 0 0.00354521 0.00356448 0.00353525 0.00360452 0.0196418 0.0267801 0.0299642 0.0161899 0.0131666 0.0117104 0.0285416 0.0439377 0.0595949 0.0622469 0.0349547 0.0226887 0.0141265 
0.00941976 0.0156627 0.0273622 0.0385692 0.018983 0.0111242 0.0207448 0.366448 0.0537638 0.0165396 0.00892835 0.0121063 0.00682707 0.00843007 0.00383402 0.00401784 0.00368004 0.00371027 0.0035436 0.00354521 0 0.00387755 0.00355311 0.00355687 0.0225067 0.0296414 0.0619082 0.0357568 0.0108197 0.012114 0.0256279 0.124001 0.0955906 0.0594306 0.0687687 0.0303263 0.0116365 
0.0099453 0.013378 0.0344818 0.0283172 0.0171434 0.0142429 0.3025 0.0294418 0.0151032 0.0233732 0.00982728 0.00926626 0.00822209 0.00791004 0.0040249 0.00511365 0.00431299 0.00368893 0.00354365 0.00356448 0.00387755 0 0.00358031 0.00356143 0.0219151 0.0247884 0.100235 0.0219337 0.0113136 0.0132035 0.0222303 0.0764839 0.0842763 0.0438961 0.0672606 0.0199658 0.0130658 
0.00895619 0.0287882 0.0142482 0.0182195 0.0247329 0.016612 0.0140232 0.0288728 0.0128003 0.0123381 0.00946699 0.00679176 0.00941198 0.00575718 0.00579697 0.00503947 0.00629434 0.00366881 0.00352981 0.00353525 0.00355311 0.00358031 0 0.00359927 0.0129453 0.0667331 0.0303421 0.0328144 0.0135692 0.0106664 0.0498825 0.0206553 0.0249518 0.0396109 0.0175843 0.0490845 0.0101265 
0.0274834 0.0116594 0.0139251 0.0133217 0.0234563 0.0236977 0.0336062 0.01594 0.0128424 0.0140399 0.00867818 0.0127691 0.00706864 0.00775047 0.00766922 0.00715516 0.00408427 0.00362729 0.00359416 0.00360452 0.00355687 0.00356143 0.00359927 0 0.0450024 0.0142144 0.0329954 0.0348211 0.017966 0.0365116 0.0126775 0.0181385 0.0167176 0.0121652 0.0384538 0.0158434 0.0147533 
0.0107516 0.0103362 0.0109101 0.0120356 0.0275929 0.0201776 0.0151167 0.0111079 0.010685 0.012584 0.00950059 0.017546 0.0104494 0.0253899 0.0304311 0.0250739 0.0170858 0.012631 0.0170449 0.0196418 0.0225067 0.0219151 0.0129453 0.0450024 0 0.00369893 0.00358535 0.00425222 0.00423488 0.00619938 0.00802492 0.00935985 0.0115473 0.657885 0.0294083 0.017056 0.0373479 
0.00917814 0.0145169 0.0181945 0.0356236 0.0174366 0.0128909 0.011761 0.0175859 0.0178186 0.0122358 0.0191338 0.00997205 0.0218866 0.010035 0.0152266 0.0494503 0.0215508 0.0293607 0.013006 0.0267801 0.0296414 0.0247884 0.0667331 0.0142144 0.00369893 0 0.00358334 0.00370224 0.00361404 0.0050494 0.0114837 0.0108794 0.820254 0.0275108 0.0112288 0.0396576 0.0166086 
0.00926514 0.0198848 0.0621901 0.0569478 0.0228817 0.012041 0.013185 0.0238629 0.0377966 0.0284846 0.0209794 0.0221792 0.0107475 0.00981715 0.0135937 0.0304662 0.0719658 0.0439798 0.0412672 0.0299642 0.0619082 0.100235 0.0303421 0.0329954 0.00358535 0.00358334 0 0.00352904 0.00353401 0.00402067 0.00919281 0.920986 0.0238653 0.0154046 0.0229322 0.0162921 0.0165945 
0.0110881 0.0204608 0.0173317 0.0198051 0.0358571 0.011779 0.0137003 0.0225986 0.0174499 0.0159275 0.0120901 0.0151475 0.0110495 0.0103169 0.0128213 0.0316115 0.0193733 0.0163376 0.0174449 0.0161899 0.0357568 0.0219337 0.0328144 0.0348211 0.00425222 0.00370224 0.00352904 0 0.00354195 0.00544817 0.943004 0.011989 0.0200031 0.0140626 0.0128177 0.0152403 0.00984488 
0.020496 0.0111497 0.00992734 0.0112894 0.0103557 0.0162379 0.021598 0.014159 0.0110354 0.00971867 0.0132936 0.00891082 0.0128856 0.0109564 0.033543 0.0118343 0.0124746 0.0114148 0.010117 0.0131666 0.0108197 0.0113136 0.0135692 0.017966 0.00423488 0.00361404 0.00353401 0.00354195 0 0.896114 0.0106018 0.00453374 0.00850964 0.00534474 0.0047311 0.00546217 0.0110146 
0.0104973 0.0106915 0.0116945 0.0121767 0.0139902 0.0227681 0.0167769 0.0120584 0.0119447 0.0116858 0.0103572 0.0119748 0.0112932 0.0200038 0.0210942 0.0176484 0.012068 0.0102931 0.0107789 0.0117104 0.012114 0.0132035 0.0106664 0.0365116 0.00619938 0.0050494 0.00402067 0.00544817 0.896114 0 0.00371802 0.00357818 0.00367242 0.00361883 0.00364562 0.00371444 0.0070443 
0.00918899 0.0195226 0.0253041 0.0338059 0.0191657 0.0124975 0.0155491 0.0265436 0.021098 0.0130024 0.0182085 0.0108891 0.0240599 0.0113238 0.0231996 0.0473735 0.0221957 0.024548 0.0129761 0.0285416 0.0256279 0.0222303 0.0498825 0.0126775 0.00802492 0.0114837 0.00919281 0.943004 0.0106018 0.00371802 0 0.00361085 0.00363458 0.00366956 0.00371271 0.00432809 0.00460108 
0.0098621 0.0259619 0.0840792 0.100114 0.0339784 0.0129641 0.0159997 0.0349226 0.054584 0.0333317 0.0268142 0.026087 0.0115741 0.0100266 0.0177503 0.0536322 0.0858969 0.0503208 0.0505991 0.0439377 0.124001 0.0764839 0.0206553 0.0181385 0.00935985 0.0108794 0.920986 0.011989 0.00453374 0.00357818 0.00361085 0 0.0035921 0.00363198 0.00560176 0.00362868 0.00397527 
0.00956098 0.0312817 0.0828081 0.10615 0.0415438 0.0124302 0.0145632 0.040305 0.0515826 0.0593782 0.0216773 0.0339151 0.0110537 0.0103074 0.0151155 0.0705194 0.0780531 0.0793666 0.0533628 0.0595949 0.0955906 0.0842763 0.0249518 0.0167176 0.0115473 0.820254 0.0238653 0.0200031 0.00850964 0.00367242 0.00363458 0.0035921 0 0.00356468 0.00353199 0.00353679 0.00415526 
0.00963434 0.0200888 0.0582837 0.0864515 0.0302008 0.0125532 0.0135646 0.0270907 0.0567626 0.020812 0.0596761 0.012211 0.0164585 0.00903248 0.0177446 0.0328721 0.0850409 0.0665414 0.0350642 0.0622469 0.0594306 0.0438961 0.0396109 0.0121652 0.657885 0.0275108 0.0154046 0.0140626 0.00534474 0.00361883 0.00366956 0.00363198 0.00356468 0 0.00353946 0.00355146 0.00360332 
0.0103305 0.0210283 0.0533385 0.0719416 0.0247874 0.0109748 0.0153751 0.0285826 0.041892 0.0409283 0.0157566 0.032822 0.00991483 0.00954161 0.0138655 0.0505458 0.0552361 0.0666429 0.0489983 0.0349547 0.0687687 0.0672606 0.0175843 0.0384538 0.0294083 0.0112288 0.0229322 0.0128177 0.0047311 0.00364562 0.00371271 0.00560176 0.00353199 0.00353946 0 0.00355794 0.00360032 
0.00933778 0.022005 0.0217143 0.0251294 0.0396195 0.0127302 0.0112393 0.0334542 0.0258511 0.0166548 0.0155451 0.0129647 0.0146527 0.00964705 0.0118897 0.0340911 0.0359451 0.030957 0.0266842 0.0226887 0.0303263 0.0199658 0.0490845 0.0158434 0.017056 0.0396576 0.0162921 0.0152403 0.00546217 0.00371444 0.00432809 0.00362868 0.00353679 0.00355146 0.00355794 0 0.00354699 
0.01228 0.0104059 0.010043 0.0106302 0.0116467 0.0184407 0.0177543 0.0133233 0.0118228 0.00966368 0.0109843 0.00906666 0.011973 0.00929565 0.0207303 0.0110422 0.0131932 0.0108871 0.0109496 0.0141265 0.0116365 0.0130658 0.0101265 0.0147533 0.0373479 0.0166086 0.0165945 0.00984488 0.0110146 0.0070443 0.00460108 0.00397527 0.00415526 0.00360332 0.00360032 0.00354699 0 
