1K3RA
MNRVDLSLFIPDSLTAETGDLKIKTYKVVLIARAASIFGVKRIVIYHDDADGEARFIRDILTYMDTPQYLRRKVFPIMRELKHVGILPPLRTPHHPTGKPVTGEYRQGLTVKRVKKGTLVDIGADKLALCREKLTVNRIMSFRVVRLGKEILIEPDEPEDRYWGYEVLDTRRNLAESLKTVGADVVVATSRNASPITSILDEVKTRMRGAREAAILFGGPYKGLPEIDADIWVNTLPGQCTETVRTEEAVLATLSVFNMLTQ
CCCCEEEEEEECCCCCCCCCHHHHHHHHHHHHHHHHHCCCCEEEEEECCCCCCHHHHHHHHHHHHCCHHHHHHHCCCCHHHHHHHHCCCCCCCCCCCCCCCCCCEEEEEEEEECCCCEEEECCCCCEEECCCCCCCCCEEEEEEEECCCCCEEEECCCCCCCCCCEEEEEEEEHHHHHHHHCCCEEEEECCCCCECCCCHHHHHHHHCCCCEEEEECCCCCCCCCCCCCCEEEECCCCCCCCCCCHHHHHHHHHHHHHHHCC
0 0 0 0 0 0 0 0 0 0 0 0 0 0 0 0 0 0 0 0 0 0 0 0 0 0 0 0 0 0 0 0 0 0 0 0 0 0 0 0 0 0 0 0 0 0 0 0 0 0 0 0 0 0 0 0 0 0 0 0 0 0 0 0 0 0 0 0 0 0 0 0 0 0 0 0 0 0 0 0 0 0 0 0 0 0 0 0 0 0 0 0 0 0 0 0 0 0 0 0 0 0 0 0 0 0 0 0 0 0 0 0 0 0 0 0 0 0 0 0 0 0 0 0 0 0 0 0 0 0 0 0 0 0 0 0 0 0 0 0 0 0 0 0 0 0 0 0 0 0 0 0 0 0 0 0 0 0 0 0 0 0 0 0 0 0 0 0 0 0 0 0 0 0 0 0 0 0 0 0 0 0 0 0 0 0 0 0 0 0 0 0 0 0 0 0 0 0 0 0 0 0 0 0 0 0 0 0 0 0 0 0 0 0 0 0 0 0 0 0 0 0 0 0 0 0 0 0 0 0 0 0 0 0 0 0 0 0 0 0 0 0 0 0 0 0 0 0 0 0 0 0 0 0 0 0 0 0 0 0 0 0 
0 0 0 0 0 0 0 0 0 0 0 0 0 0 0 0 0 0 0 0 0 0 0 0 0 0 0 0 0 0 0 0 0 0 0 0 0 0 0 0 0 0 0 0 0 0 0 0 0 0 0 0 0 0 0 0 0 0 0 0 0 0 0 0 0 0 0 0 0 0 0 0 0 0 0 0 0 0 0 0 0 0 0 0 0 0 0 0 0 0 0 0 0 0 0 0 0 0 0 0 0 0 0 0 0 0 0 0 0 0 0 0 0 0 0 0 0 0 0 0 0 0 0 0 0 0 0 0 0 0 0 0 0 0 0 0 0 0 0 0 0 0 0 0 0 0 0 0 0 0 0 0 0 0 0 0 0 0 0 0 0 0 0 0 0 0 0 0 0 0 0 0 0 0 0 0 0 0 0 0 0 0 0 0 0 0 0 0 0 0 0 0 0 0 0 0 0 0 0 0 0 0 0 0 0 0 0 0 0 0 0 0 0 0 0 0 0 0 0 0 0 0 0 0 0 0 0 0 0 0 0 0 0 0 0 0 0 0 0 0 0 0 0 0 0 0 0 0 0 0 0 0 0 0 0 0 0 0 0 0 0 0 
0 0.0037068 0.00367555 0.00364839 0.00378796 0.00382035 0.00571188 0.132277 0.0172418 0.0177292 0.0133585 0.0100264 0.021743 0.00929927 0.00835795 0.00856952 0.00884902 0.00865279 0.00959741 0.00839231 0.00910319 0.00984349 0.0100136 0.0085474 0.00898307 0.0113127 0.009374 0.00848098 0.00963477 0.00882096 0.00818929 0.00840595 0.00815813 0.00873229 0.00822298 0.00824288 0.00958413 0.00991174 0.00811754 0.00864742 0.00862804 0.00956404 0.00810182 0.00827507 0.0082074 0.00805148 0.00803118 0.00811256 0.00880074 0.00865286 0.0084172 0.0084923 0.00834354 0.00927059 0.00882661 0.00841554 0.00818902 0.00839412 0.00850141 0.00879556 0.00833765 0.00828771 0.00824529 0.00849723 
0.0037068 0 0.00369692 0.00366192 0.00370518 0.00377711 0.00369767 0.102827 0.222356 0.018504 0.0205545 0.0281948 0.00999451 0.00911318 0.00912072 0.0109537 0.0104545 0.0120711 0.00931417 0.0118412 0.00867699 0.00882741 0.00948864 0.010301 0.01076 0.00889704 0.00927624 0.00874282 0.00874561 0.00811041 0.00884124 0.00847948 0.0102074 0.0089479 0.00948825 0.00870099 0.00836706 0.00813897 0.00971553 0.00823371 0.00842811 0.00813157 0.00947407 0.00876968 0.00877248 0.00860193 0.00831958 0.0083474 0.00808633 0.00911998 0.00875115 0.00919089 0.00880511 0.00839545 0.00806029 0.00829617 0.00863828 0.00897849 0.0089452 0.0086494 0.00863521 0.00838891 0.0085107 0.0083283 
0.00367555 0.00369692 0 0.00363562 0.00362762 0.00359416 0.00357192 0.302307 0.0633547 0.222915 0.061877 0.0162432 0.0126568 0.00869413 0.011132 0.013551 0.0204398 0.0153589 0.0255647 0.0102639 0.00948879 0.00837808 0.00922631 0.0105972 0.0114871 0.0107665 0.00885809 0.00906755 0.00858153 0.00827186 0.00864595 0.0109183 0.00962531 0.0137361 0.00944472 0.0088087 0.00860938 0.00899966 0.00856371 0.00874045 0.00817724 0.00890662 0.00863554 0.00958633 0.00972183 0.00867216 0.00863219 0.008351 0.00819409 0.00867848 0.0094378 0.00984122 0.00903957 0.0084461 0.00803496 0.00841711 0.00866191 0.00953666 0.00910742 0.00871042 0.00839334 0.00860203 0.00866299 0.00838702 
0.00364839 0.00366192 0.00363562 0 0.00358215 0.0035656 0.00355771 0.0392253 0.422182 0.126958 0.195992 0.0258187 0.0101423 0.00927898 0.0113262 0.0246365 0.0218659 0.0351568 0.0165958 0.0183421 0.00885941 0.00852236 0.00937744 0.0119243 0.0183144 0.00973867 0.00901489 0.00933628 0.0088215 0.00828405 0.00915695 0.00969827 0.0161955 0.0109948 0.0122102 0.0089388 0.00841477 0.00841769 0.00981782 0.00849331 0.00829943 0.00831027 0.00960493 0.0104839 0.00981814 0.00941611 0.00860309 0.00850095 0.00817773 0.00929533 0.00942272 0.0105634 0.00950315 0.00863063 0.00804978 0.00842365 0.00896209 0.00987213 0.00953788 0.00891986 0.0087287 0.00863348 0.00892466 0.00836435 
0.00378796 0.00370518 0.00362762 0.00358215 0 0.00355601 0.00353949 0.0595746 0.0665671 0.518613 0.12148 0.0600287 0.0139717 0.00931215 0.0134679 0.0198277 0.0296725 0.0225985 0.0259437 0.0123062 0.00943425 0.00848685 0.00965669 0.0130078 0.0146917 0.0100632 0.00908086 0.00907981 0.00883667 0.0084227 0.00909092 0.0113279 0.0110636 0.0136465 0.0100867 0.00888128 0.00847835 0.00881907 0.00880811 0.00874789 0.00821852 0.00862023 0.00946635 0.0106477 0.0106525 0.009087 0.00872898 0.0084249 0.00821232 0.00897383 0.00957983 0.0108253 0.00948518 0.00851174 0.00810228 0.00848178 0.00881518 0.00976609 0.00923452 0.00881661 0.00849298 0.008771 0.00885195 0.00843434 
0.00382035 0.00377711 0.00359416 0.0035656 0.00355601 0 0.00375559 0.0161221 0.0519717 0.0485718 0.312374 0.10277 0.0220695 0.00930791 0.0100582 0.0126883 0.0115415 0.0157449 0.0113604 0.00958588 0.00868232 0.00827436 0.00957595 0.0104988 0.0133378 0.00907847 0.00881826 0.00917704 0.00863375 0.00825908 0.00865204 0.00903498 0.0098597 0.00900814 0.00898152 0.0083876 0.00819208 0.00840807 0.00879704 0.00823423 0.008188 0.00835442 0.00873202 0.00884844 0.00885194 0.00849585 0.00826725 0.00832142 0.00805913 0.00858863 0.00886622 0.00928322 0.00924059 0.0083987 0.00802185 0.00820644 0.00857568 0.00891131 0.00915657 0.00886677 0.00840901 0.00848962 0.0089263 0.00817041 
0.00571188 0.00369767 0.00357192 0.00355771 0.00353949 0.00375559 0 0.0174742 0.0163782 0.028253 0.0214369 0.218906 0.0910512 0.0137575 0.00931806 0.0088516 0.00983994 0.009601 0.00911202 0.0087453 0.00847282 0.00834327 0.0123148 0.00898189 0.00937122 0.0101073 0.0109226 0.00843693 0.00913131 0.00889825 0.00827322 0.0082958 0.00846008 0.00845976 0.00838079 0.0082659 0.00821222 0.00902693 0.0083773 0.00809215 0.00809108 0.00880792 0.0083097 0.00825926 0.00828165 0.00816566 0.00806363 0.00804066 0.0080867 0.00908788 0.00840869 0.00856723 0.00830516 0.00867546 0.00827766 0.00832312 0.00822412 0.00832152 0.00833551 0.00843374 0.00843226 0.00822101 0.00825316 0.00815757 
0.132277 0.102827 0.302307 0.0392253 0.0595746 0.0161221 0.0174742 0 0.00397018 0.00359817 0.00361145 0.00364208 0.00500221 0.0837168 0.0108106 0.0121603 0.0109164 0.0109694 0.0114425 0.00968982 0.0100932 0.0138748 0.013888 0.0106445 0.0107271 0.0151723 0.0149404 0.00933691 0.012376 0.0093121 0.00885097 0.00871889 0.00890348 0.00929703 0.00905765 0.00892613 0.0110775 0.00988695 0.00865453 0.00852534 0.00956926 0.00926383 0.00892714 0.00869472 0.00855477 0.0082873 0.00826886 0.00821047 0.0094428 0.00976634 0.00910961 0.00897302 0.00910419 0.00933445 0.00857583 0.00888158 0.00861882 0.00876897 0.00895407 0.0088314 0.00895257 0.00830577 0.00852818 0.00843322 
0.0172418 0.222356 0.0633547 0.422182 0.0665671 0.0519717 0.0163782 0.00397018 0 0.00358117 0.00354122 0.00399275 0.00366394 0.027218 0.0433561 0.0204443 0.0226356 0.0270384 0.0159829 0.0175727 0.0111783 0.010797 0.0144364 0.0205594 0.0194567 0.0107614 0.0126457 0.0124042 0.00987809 0.00863003 0.0118 0.0098163 0.0148666 0.0122002 0.0117431 0.00997925 0.00916917 0.00907334 0.0112374 0.0087062 0.00894217 0.00871839 0.0110922 0.00969204 0.00976853 0.0093336 0.00852375 0.00861847 0.00838562 0.0106314 0.00977806 0.0110577 0.0103284 0.00874777 0.00806709 0.00834354 0.00904865 0.00987026 0.00990829 0.00897998 0.00858809 0.0086197 0.00887923 0.00845461 
0.0177292 0.018504 0.222915 0.126958 0.518613 0.0485718 0.028253 0.00359817 0.00358117 0 0.00354872 0.00354783 0.00355707 0.0206906 0.0305394 0.0531278 0.0557267 0.0543313 0.0575959 0.0227673 0.0131169 0.0089301 0.0113634 0.0254887 0.0276098 0.0130049 0.00974963 0.0109092 0.00968909 0.0088665 0.0113992 0.0189273 0.0188889 0.0307791 0.0154207 0.00975376 0.00882233 0.0101469 0.0101946 0.00982198 0.00833046 0.00912329 0.0103739 0.013756 0.0127624 0.0101006 0.00955304 0.00856461 0.00841988 0.00929012 0.0124937 0.0140673 0.0121867 0.00876116 0.00816537 0.00849634 0.00965694 0.0122842 0.0104728 0.00968322 0.00861894 0.00900296 0.00933901 0.00850146 
0.0133585 0.0205545 0.061877 0.195992 0.12148 0.312374 0.0214369 0.00361145 0.00354122 0.00354872 0 0.00353243 0.00353549 0.0159883 0.0245017 0.0556991 0.0485617 0.0533189 0.0388181 0.0217315 0.0110804 0.00904961 0.0107241 0.0196763 0.0286499 0.0121058 0.00985869 0.0101202 0.00968136 0.00864379 0.00973907 0.0148982 0.0195688 0.0200546 0.0130528 0.00974761 0.00873799 0.00924246 0.0097513 0.00896671 0.00846841 0.00880907 0.00946679 0.0120514 0.0109885 0.0097253 0.00881679 0.00845482 0.00834758 0.00902661 0.0101931 0.0130755 0.0106094 0.00869519 0.00808763 0.00845529 0.00915522 0.0108749 0.0101073 0.00954553 0.00847316 0.0087151 0.00896918 0.00842878 
0.0100264 0.0281948 0.0162432 0.0258187 0.0600287 0.10277 0.218906 0.00364208 0.00399275 0.00354783 0.00353243 0 0.00363841 0.0122752 0.0215987 0.0207079 0.0201238 0.0374693 0.0122679 0.0138753 0.0102925 0.00900669 0.0102961 0.0141758 0.0268801 0.011507 0.00957891 0.0102345 0.00921174 0.00859062 0.00926914 0.00934404 0.0133406 0.00957082 0.00948994 0.00880566 0.00846986 0.00857732 0.0104633 0.0083049 0.00861613 0.00844314 0.00978395 0.00910566 0.00893385 0.00861019 0.00828956 0.0084219 0.00815846 0.00898451 0.00921613 0.00982835 0.00924949 0.00851193 0.00806182 0.00825967 0.00876678 0.00922407 0.00920741 0.0087271 0.008438 0.00839402 0.00851319 0.00817097 
0.021743 0.00999451 0.0126568 0.0101423 0.0139717 0.0220695 0.0910512 0.00500221 0.00366394 0.00355707 0.00353549 0.00363841 0 0.020329 0.0125917 0.0140225 0.0198288 0.0119914 0.0135576 0.00953092 0.0102 0.00967105 0.0161318 0.00963611 0.0108518 0.0161426 0.0126485 0.00869577 0.0095168 0.0103618 0.0083685 0.00868554 0.00854086 0.0087863 0.00849091 0.00834294 0.00851612 0.0111794 0.00830332 0.0084525 0.00809181 0.01044 0.00824642 0.00855823 0.00843952 0.00818243 0.00816157 0.00811163 0.00828572 0.00936339 0.00876675 0.00899573 0.00849852 0.00876269 0.00854035 0.00845755 0.00828395 0.00845319 0.00829614 0.00844937 0.00822047 0.00818901 0.00816985 0.00811529 
0.00929927 0.00911318 0.00869413 0.00927898 0.00931215 0.00930791 0.0137575 0.0837168 0.027218 0.0206906 0.0159883 0.0122752 0.020329 0 0.00361773 0.00355816 0.00358778 0.0036018 0.00397183 0.00399919 0.00499241 0.0112053 0.0087802 0.00953124 0.010282 0.0189132 0.0202492 0.0113594 0.0380123 0.0119127 0.0117749 0.00924849 0.0114668 0.0105949 0.010103 0.0123039 0.0259824 0.0117921 0.0108001 0.0100384 0.0222912 0.0103946 0.00987315 0.00907095 0.00905614 0.00881802 0.00855641 0.0099311 0.0160236 0.0121098 0.00933525 0.0096142 0.0108919 0.0161978 0.00999009 0.0090895 0.00865058 0.00875316 0.00944218 0.0112631 0.00879335 0.00812015 0.00847015 0.00910805 
0.00835795 0.00912072 0.011132 0.0113262 0.0134679 0.0100582 0.00931806 0.0108106 0.0433561 0.0305394 0.0245017 0.0215987 0.0125917 0.00361773 0 0.00355889 0.0035607 0.00357279 0.00362623 0.00380892 0.00376979 0.00458926 0.00729807 0.00973096 0.0123391 0.0100224 0.00955565 0.0251547 0.0187317 0.00908203 0.0100576 0.0125839 0.0122204 0.0153076 0.0111948 0.0136207 0.00975588 0.0100246 0.00989673 0.0118125 0.00894254 0.00925734 0.0112297 0.0112863 0.010622 0.00953309 0.00889348 0.00987432 0.00912766 0.0092875 0.0134055 0.0130055 0.0131605 0.00945281 0.00812761 0.00827688 0.00911838 0.0113495 0.0116073 0.00929749 0.00818373 0.00847525 0.0088349 0.00823082 
0.00856952 0.0109537 0.013551 0.0246365 0.0198277 0.0126883 0.0088516 0.0121603 0.0204443 0.0531278 0.0556991 0.0207079 0.0140225 0.00355816 0.00355889 0 0.00354037 0.003541 0.00356555 0.00349591 0.00358839 0.00375034 0.00758621 0.00953827 0.00870063 0.00807755 0.0135468 0.0118627 0.0123882 0.0101431 0.0121015 0.0141321 0.0222029 0.0154185 0.0241644 0.010279 0.0108744 0.00969224 0.0140441 0.00914157 0.00887315 0.00926028 0.0135608 0.0158454 0.0173598 0.0126212 0.0108843 0.00900236 0.00849869 0.0117232 0.0132669 0.0336404 0.0135441 0.00924835 0.00813062 0.00866651 0.0101135 0.0170727 0.0135959 0.0100794 0.00852231 0.00865518 0.00893989 0.00847589 
0.00884902 0.0104545 0.0204398 0.0218659 0.0296725 0.0115415 0.00983994 0.0109164 0.0226356 0.0557267 0.0485617 0.0201238 0.0198288 0.00358778 0.0035607 0.00354037 0 0.00353249 0.0035624 0.00355814 0.00353634 0.00357781 0.00765638 0.00931242 0.00894112 0.0104247 0.0209172 0.0178158 0.0105995 0.00982615 0.0117019 0.0210023 0.0175627 0.043947 0.0150254 0.0155971 0.00964264 0.012222 0.0114335 0.0116886 0.00881802 0.0100856 0.0135027 0.0271894 0.0193338 0.0160323 0.0127082 0.00897606 0.00896447 0.0103917 0.0298422 0.0260222 0.0172165 0.00960761 0.00817053 0.00861371 0.0118387 0.0214641 0.0151965 0.0107003 0.00856916 0.0092792 0.00912427 0.00867785 
0.00865279 0.0120711 0.0153589 0.0351568 0.0225985 0.0157449 0.009601 0.0109694 0.0270384 0.0543313 0.0533189 0.0374693 0.0119914 0.0036018 0.00357279 0.003541 0.00353249 0 0.00354515 0.00358035 0.00359407 0.00362342 0.00665734 0.00944473 0.0118055 0.270661 0.0193773 0.0115135 0.0109796 0.0094094 0.0143141 0.0145943 0.054453 0.0186526 0.037721 0.0109141 0.0100566 0.00982332 0.0180731 0.00932403 0.0101098 0.00962221 0.0202614 0.0183077 0.0323755 0.0167602 0.0104593 0.00927747 0.00865752 0.0132069 0.0164072 0.0421421 0.0164967 0.0102267 0.00824547 0.00883723 0.0121767 0.0188905 0.0174355 0.010638 0.008885 0.00882288 0.00987421 0.00862073 
0.00959741 0.00931417 0.0255647 0.0165958 0.0259437 0.0113604 0.00911202 0.0114425 0.0159829 0.0575959 0.0388181 0.0122679 0.0135576 0.00397183 0.00362623 0.00356555 0.0035624 0.00354515 0 0.00355459 0.00358971 0.00355995 0.00660956 0.00921999 0.30105 0.0827331 0.011909 0.0108519 0.0108522 0.010785 0.0102168 0.0373496 0.013315 0.0494548 0.0117633 0.0121362 0.0106263 0.0141919 0.00964725 0.016436 0.00884222 0.0129368 0.0110302 0.0370608 0.017398 0.0108803 0.0115378 0.00876216 0.00950203 0.00993932 0.0231469 0.0229154 0.0163607 0.00980922 0.00876063 0.00862101 0.00987961 0.0214665 0.0130983 0.00991218 0.00854758 0.00978357 0.00902113 0.00869838 
0.00839231 0.0118412 0.0102639 0.0183421 0.0123062 0.00958588 0.0087453 0.00968982 0.0175727 0.0227673 0.0217315 0.0138753 0.00953092 0.00399919 0.00380892 0.00349591 0.00355814 0.00358035 0.00355459 0 0.00354097 0.00355897 0.00575223 0.163093 0.101078 0.0113278 0.0107053 0.00887981 0.0101709 0.00970155 0.0192119 0.0118182 0.0269162 0.0107289 0.0245247 0.00943422 0.00961164 0.00926293 0.0221203 0.00865358 0.0113545 0.00890288 0.0267516 0.0123667 0.0126765 0.0134093 0.00905157 0.00922347 0.00841123 0.0118192 0.0112346 0.0298373 0.0121454 0.00916044 0.00817381 0.00847201 0.0098915 0.0129909 0.0122603 0.00897078 0.00892149 0.00841013 0.00932859 0.00835143 
0.00910319 0.00867699 0.00948879 0.00885941 0.00943425 0.00868232 0.00847282 0.0100932 0.0111783 0.0131169 0.0110804 0.0102925 0.0102 0.00499241 0.00376979 0.00358839 0.00353634 0.00359407 0.00358971 0.00354097 0 0.0036139 0.0372957 0.273758 0.0176483 0.00781991 0.0091701 0.0117012 0.00856922 0.0155898 0.0107896 0.0119997 0.00918628 0.0145775 0.00896196 0.0106449 0.00891197 0.0135314 0.00917628 0.0128345 0.00839404 0.0140143 0.00980569 0.0104576 0.00990273 0.00884065 0.00888885 0.00855419 0.00874312 0.0097 0.0145998 0.0103691 0.0105421 0.00878227 0.00846375 0.008517 0.00888642 0.00951061 0.00941191 0.00863961 0.00835638 0.00856692 0.00831394 0.00821324 
0.00984349 0.00882741 0.00837808 0.00852236 0.00848685 0.00827436 0.00834327 0.0138748 0.010797 0.0089301 0.00904961 0.00900669 0.00967105 0.0112053 0.00458926 0.00375034 0.00357781 0.00362342 0.00355995 0.00355897 0.0036139 0 0.593749 0.0202524 0.00472163 0.00559936 0.0138645 0.00873732 0.0109255 0.0170437 0.00990463 0.00888553 0.00951602 0.00895304 0.00940518 0.00868407 0.0100244 0.0151959 0.0106782 0.0084998 0.00946663 0.0142383 0.010091 0.00889485 0.00891078 0.0087893 0.00854878 0.00838159 0.00866026 0.0170903 0.01014 0.00926913 0.00896407 0.00986767 0.00920242 0.0102718 0.00907718 0.00837875 0.00847502 0.00858596 0.00968834 0.00846044 0.0081249 0.00813264 
0.0100136 0.00948864 0.00922631 0.00937744 0.00965669 0.00957595 0.0123148 0.013888 0.0144364 0.0113634 0.0107241 0.0102961 0.0161318 0.0087802 0.00729807 0.00758621 0.00765638 0.00665734 0.00660956 0.00575223 0.0372957 0.593749 0 0.00361744 0.00358083 0.00424888 0.0101382 0.0093382 0.60947 0.0173257 0.0106665 0.0107502 0.0100318 0.0148545 0.0104466 0.0135259 0.0251205 0.0253999 0.00994695 0.0142314 0.0171332 0.0226403 0.0105383 0.0119713 0.0112084 0.00953596 0.00970417 0.0108518 0.0207677 0.0171884 0.0141384 0.0112077 0.0121718 0.0189499 0.0116868 0.0101038 0.0103105 0.00979352 0.0112062 0.0147661 0.00869372 0.0086203 0.00892593 0.010302 
0.0085474 0.010301 0.0105972 0.0119243 0.0130078 0.0104988 0.00898189 0.0106445 0.0205594 0.0254887 0.0196763 0.0141758 0.00963611 0.00953124 0.00973096 0.00953827 0.00931242 0.00944473 0.00921999 0.163093 0.273758 0.0202524 0.00361744 0 0.00367459 0.00357641 0.00861435 0.650086 0.0420249 0.0108205 0.0178584 0.0127678 0.0196514 0.0154748 0.0187766 0.0175906 0.011908 0.0108622 0.0249522 0.0112344 0.0115087 0.00996849 0.0284823 0.0168128 0.0134996 0.0114039 0.00986861 0.0107776 0.00945462 0.0141691 0.024858 0.0280637 0.0233935 0.010714 0.00856259 0.00907831 0.0131623 0.0177985 0.0158309 0.0104517 0.00886702 0.00895293 0.0102764 0.00868449 
0.00898307 0.01076 0.0114871 0.0183144 0.0146917 0.0133378 0.00937122 0.0107271 0.0194567 0.0276098 0.0286499 0.0268801 0.0108518 0.010282 0.0123391 0.00870063 0.00894112 0.0118055 0.30105 0.101078 0.0176483 0.00472163 0.00358083 0.00367459 0 0.00358782 0.506511 0.0595569 0.0242137 0.010255 0.0174169 0.0134662 0.0187116 0.0199978 0.0175443 0.0173466 0.0107922 0.012392 0.0193756 0.0151442 0.00972426 0.0116711 0.0219743 0.0164739 0.0172139 0.0117802 0.0103344 0.0110929 0.0089473 0.0149787 0.0244359 0.0440549 0.0434322 0.0116257 0.00882992 0.00949681 0.0136973 0.0201115 0.0370131 0.0122876 0.00943227 0.00965665 0.0117245 0.00899516 
0.0113127 0.00889704 0.0107665 0.00973867 0.0100632 0.00907847 0.0101073 0.0151723 0.0107614 0.0130049 0.0121058 0.011507 0.0161426 0.0189132 0.0100224 0.00807755 0.0104247 0.270661 0.0827331 0.0113278 0.00781991 0.00559936 0.00424888 0.00357641 0.00358782 0 0.0395028 0.0138576 0.0134528 0.013811 0.00998628 0.012402 0.0112846 0.0163742 0.0108864 0.0108221 0.0185578 0.021084 0.00939827 0.0123641 0.0119551 0.0210563 0.0100061 0.0120885 0.0123375 0.00982853 0.00917211 0.00866513 0.0114574 0.0164155 0.0146866 0.0135415 0.0188236 0.0238885 0.0109709 0.0116148 0.00993928 0.0112532 0.0106933 0.015567 0.010389 0.00890536 0.00871233 0.00960001 
0.009374 0.00927624 0.00885809 0.00901489 0.00908086 0.00881826 0.0109226 0.0149404 0.0126457 0.00974963 0.00985869 0.00957891 0.0126485 0.0202492 0.00955565 0.0135468 0.0209172 0.0193773 0.011909 0.0107053 0.0091701 0.0138645 0.0101382 0.00861435 0.506511 0.0395028 0 0.00371716 0.00366494 0.0362779 0.0159275 0.0283767 0.0282878 0.0160716 0.0145212 0.0120162 0.0257165 0.0198098 0.0187699 0.0105567 0.0281122 0.0190077 0.0190714 0.0105748 0.01027 0.0101768 0.00936237 0.0112244 0.0177335 0.0547495 0.013385 0.0126769 0.0111716 0.0193215 0.0121108 0.0143548 0.0104776 0.00968486 0.0106425 0.0136261 0.0124508 0.00850025 0.00909749 0.0102067 
0.00848098 0.00874282 0.00906755 0.00933628 0.00907981 0.00917704 0.00843693 0.00933691 0.0124042 0.0109092 0.0101202 0.0102345 0.00869577 0.0113594 0.0251547 0.0118627 0.0178158 0.0115135 0.0108519 0.00887981 0.0117012 0.00873732 0.0093382 0.650086 0.0595569 0.0138576 0.00371716 0 0.00430022 0.0151516 0.0494814 0.0145632 0.00991357 0.0104504 0.00856607 0.0164397 0.0098376 0.0132698 0.0120973 0.0169562 0.00914416 0.0113588 0.0196567 0.0111308 0.00991967 0.0091502 0.0090786 0.0103982 0.00969263 0.0118203 0.0306111 0.0116931 0.0247002 0.00995401 0.00902062 0.00892498 0.0120716 0.0109271 0.0149381 0.00976757 0.0085776 0.00897693 0.00922858 0.00855613 
0.00963477 0.00874561 0.00858153 0.0088215 0.00883667 0.00863375 0.00913131 0.012376 0.00987809 0.00968909 0.00968136 0.00921174 0.0095168 0.0380123 0.0187317 0.0123882 0.0105995 0.0109796 0.0108522 0.0101709 0.00856922 0.0109255 0.60947 0.0420249 0.0242137 0.0134528 0.00366494 0.00430022 0 0.0602943 0.011864 0.0112898 0.0126929 0.0103271 0.0114369 0.00946141 0.0140171 0.0151085 0.0135753 0.00963124 0.0118701 0.0185442 0.0111118 0.00995786 0.0104662 0.00934816 0.00918752 0.00892948 0.0101789 0.0232267 0.0116368 0.0130763 0.0121536 0.0185838 0.0106387 0.0128012 0.0100471 0.00965937 0.00986563 0.0126833 0.0107134 0.00854684 0.00897164 0.0092256 
0.00882096 0.00811041 0.00827186 0.00828405 0.0084227 0.00825908 0.00889825 0.0093121 0.00863003 0.0088665 0.00864379 0.00859062 0.0103618 0.0119127 0.00908203 0.0101431 0.00982615 0.0094094 0.010785 0.00970155 0.0155898 0.0170437 0.0173257 0.0108205 0.010255 0.013811 0.0362779 0.0151516 0.0602943 0 0.00409275 0.00355242 0.00354873 0.00370063 0.00374593 0.00415057 0.00675707 0.0110151 0.00723157 0.00919558 0.0133483 0.0165963 0.0108164 0.0100963 0.00949868 0.00896665 0.00916353 0.00963279 0.0219792 0.016754 0.0110142 0.0104546 0.0102667 0.0174176 0.0111966 0.0103323 0.00881333 0.00893896 0.00939856 0.0111557 0.0087477 0.00850019 0.00849352 0.0092019 
0.00818929 0.00884124 0.00864595 0.00915695 0.00909092 0.00865204 0.00827322 0.00885097 0.0118 0.0113992 0.00973907 0.00926914 0.0083685 0.0117749 0.0100576 0.0121015 0.0117019 0.0143141 0.0102168 0.0192119 0.0107896 0.00990463 0.0106665 0.0178584 0.0174169 0.00998628 0.0159275 0.0494814 0.011864 0.00409275 0 0.00354398 0.00354171 0.00358525 0.00364275 0.00393045 0.00378237 0.00691395 0.00850416 0.00767218 0.0081083 0.00981261 0.0331755 0.010177 0.00999919 0.00999381 0.00901783 0.0110692 0.00925084 0.0166261 0.0195092 0.0142336 0.015997 0.00969145 0.00892845 0.00916012 0.0151891 0.0132082 0.0135774 0.00909992 0.00933306 0.00891394 0.0092778 0.00841533 
0.00840595 0.00847948 0.0109183 0.00969827 0.0113279 0.00903498 0.0082958 0.00871889 0.0098163 0.0189273 0.0148982 0.00934404 0.00868554 0.00924849 0.0125839 0.0141321 0.0210023 0.0145943 0.0373496 0.0118182 0.0119997 0.00888553 0.0107502 0.0127678 0.0134662 0.012402 0.0283767 0.0145632 0.0112898 0.00355242 0.00354398 0 0.00354304 0.00354291 0.00351226 0.00352026 0.0037549 0.00780049 0.00686582 0.00803537 0.00713706 0.0233311 0.00989006 0.0178024 0.0142621 0.0105308 0.0135749 0.00868363 0.0104338 0.010839 0.0213569 0.0305889 0.014684 0.0101684 0.0084662 0.00894296 0.0103756 0.0327885 0.0125729 0.0109649 0.0084704 0.0112958 0.00877533 0.00878919 
0.00815813 0.0102074 0.00962531 0.0161955 0.0110636 0.0098597 0.00846008 0.00890348 0.0148666 0.0188889 0.0195688 0.0133406 0.00854086 0.0114668 0.0122204 0.0222029 0.0175627 0.054453 0.013315 0.0269162 0.00918628 0.00951602 0.0100318 0.0196514 0.0187116 0.0112846 0.0282878 0.00991357 0.0126929 0.00354873 0.00354171 0.00354304 0 0.0035321 0.00354868 0.00357226 0.00357718 0.00603425 0.00989889 0.00713469 0.702981 0.00918734 0.0213839 0.0111517 0.0166879 0.0203122 0.00962768 0.0122861 0.00857528 0.0216231 0.0173485 0.0491514 0.0175183 0.0108789 0.00862894 0.00919155 0.0236322 0.019444 0.027945 0.00997629 0.0106923 0.00875203 0.014061 0.00882178 
0.00873229 0.0089479 0.0137361 0.0109948 0.0136465 0.00900814 0.00845976 0.00929703 0.0122002 0.0307791 0.0200546 0.00957082 0.0087863 0.0105949 0.0153076 0.0154185 0.043947 0.0186526 0.0494548 0.0107289 0.0145775 0.00895304 0.0148545 0.0154748 0.0199978 0.0163742 0.0160716 0.0104504 0.0103271 0.00370063 0.00358525 0.00354291 0.0035321 0 0.00354626 0.00356903 0.00362796 0.0093144 0.0072665 0.775046 0.0130261 0.0154393 0.00965546 0.0240749 0.0273306 0.0115451 0.0168037 0.00898157 0.0109183 0.0122761 0.047043 0.0298223 0.0239693 0.0109617 0.00875893 0.0101347 0.0130527 0.0562779 0.0173299 0.0131515 0.0087394 0.0156432 0.00933333 0.00939756 
0.00822298 0.00948825 0.00944472 0.0122102 0.0100867 0.00898152 0.00838079 0.00905765 0.0117431 0.0154207 0.0130528 0.00948994 0.00849091 0.010103 0.0111948 0.0241644 0.0150254 0.037721 0.0117633 0.0245247 0.00896196 0.00940518 0.0104466 0.0187766 0.0175443 0.0108864 0.0145212 0.00856607 0.0114369 0.00374593 0.00364275 0.00351226 0.00354868 0.00354626 0 0.00353541 0.00355134 0.00574724 0.711091 0.0165146 0.0181627 0.00871924 0.0215023 0.0199297 0.0141648 0.01521 0.0102323 0.010706 0.00855758 0.0207891 0.0133223 0.0530298 0.0139587 0.0102059 0.0085183 0.00912479 0.017378 0.0230779 0.0206236 0.00965835 0.0108227 0.00875307 0.0116329 0.00877388 
0.00824288 0.00870099 0.0088087 0.0089388 0.00888128 0.0083876 0.0082659 0.00892613 0.00997925 0.00975376 0.00974761 0.00880566 0.00834294 0.0123039 0.0136207 0.010279 0.0155971 0.0109141 0.0121362 0.00943422 0.0106449 0.00868407 0.0135259 0.0175906 0.0173466 0.0108221 0.0120162 0.0164397 0.00946141 0.00415057 0.00393045 0.00352026 0.00357226 0.00356903 0.00353541 0 0.0035834 0.198891 0.0212176 0.0111498 0.00628006 0.0111605 0.0205842 0.0117175 0.0102604 0.0102794 0.00929209 0.00915109 0.0088911 0.0113965 0.022566 0.0126429 0.0213228 0.00922238 0.00915349 0.00969012 0.0132789 0.01194 0.0134048 0.00957943 0.00892818 0.00953377 0.00920805 0.00864907 
0.00958413 0.00836706 0.00860938 0.00841477 0.00847835 0.00819208 0.00821222 0.0110775 0.00916917 0.00882233 0.00873799 0.00846986 0.00851612 0.0259824 0.00975588 0.0108744 0.00964264 0.0100566 0.0106263 0.00961164 0.00891197 0.0100244 0.0251205 0.011908 0.0107922 0.0185578 0.0257165 0.0098376 0.0140171 0.00675707 0.00378237 0.0037549 0.00357718 0.00362796 0.00355134 0.0035834 0 0.309215 0.00767659 0.00533599 0.00758577 0.0189288 0.0113146 0.0098953 0.0104311 0.0094028 0.00911166 0.00839867 0.0112069 0.0233328 0.0124316 0.0114452 0.0110307 0.0176229 0.012106 0.0144429 0.010527 0.00952264 0.00949754 0.0113925 0.0124155 0.00902931 0.00861556 0.00884166 
0.00991174 0.00813897 0.00899966 0.00841769 0.00881907 0.00840807 0.00902693 0.00988695 0.00907334 0.0101469 0.00924246 0.00857732 0.0111794 0.0117921 0.0100246 0.00969224 0.012222 0.00982332 0.0141919 0.00926293 0.0135314 0.0151959 0.0253999 0.0108622 0.012392 0.021084 0.0198098 0.0132698 0.0151085 0.0110151 0.00691395 0.00780049 0.00603425 0.0093144 0.00574724 0.198891 0.309215 0 0.00360706 0.00381337 0.00370534 0.0410098 0.00933932 0.0257411 0.024683 0.0130482 0.0154361 0.00902369 0.0406271 0.0155159 0.0227788 0.0111052 0.0137607 0.0210603 0.0169467 0.0147135 0.0109941 0.0129839 0.0110062 0.0162697 0.00886056 0.012103 0.00862555 0.0133691 
0.00811754 0.00971553 0.00856371 0.00981782 0.00880811 0.00879704 0.0083773 0.00865453 0.0112374 0.0101946 0.0097513 0.0104633 0.00830332 0.0108001 0.00989673 0.0140441 0.0114335 0.0180731 0.00964725 0.0221203 0.00917628 0.0106782 0.00994695 0.0249522 0.0193756 0.00939827 0.0187699 0.0120973 0.0135753 0.00723157 0.00850416 0.00686582 0.00989889 0.0072665 0.711091 0.0212176 0.00767659 0.00360706 0 0.00355861 0.0036305 0.00773233 0.097393 0.0129583 0.0148271 0.0144272 0.00840342 0.0155019 0.00751227 0.0270692 0.0147575 0.0269906 0.0196514 0.0107949 0.00946026 0.0102329 0.02231 0.0131584 0.0206352 0.00968491 0.0125321 0.00856491 0.0160959 0.00868357 
0.00864742 0.00823371 0.00874045 0.00849331 0.00874789 0.00823423 0.00809215 0.00852534 0.0087062 0.00982198 0.00896671 0.0083049 0.0084525 0.0100384 0.0118125 0.00914157 0.0116886 0.00932403 0.016436 0.00865358 0.0128345 0.0084998 0.0142314 0.0112344 0.0151442 0.0123641 0.0105567 0.0169562 0.00963124 0.00919558 0.00767218 0.00803537 0.00713469 0.775046 0.0165146 0.0111498 0.00533599 0.00381337 0.00355861 0 0.00353475 0.0640431 0.0113126 0.0451608 0.0109535 0.00789253 0.0110209 0.00723993 0.00782825 0.00971299 0.023881 0.013174 0.016941 0.00989544 0.00941998 0.0095004 0.00992441 0.016713 0.0111541 0.0104209 0.00842134 0.0150286 0.00856429 0.00907966 
0.00862804 0.00842811 0.00817724 0.00829943 0.00821852 0.008188 0.00809108 0.00956926 0.00894217 0.00833046 0.00846841 0.00861613 0.00809181 0.0222912 0.00894254 0.00887315 0.00881802 0.0101098 0.00884222 0.0113545 0.00839404 0.00946663 0.0171332 0.0115087 0.00972426 0.0119551 0.0281122 0.00914416 0.0118701 0.0133483 0.0081083 0.00713706 0.702981 0.0130261 0.0181627 0.00628006 0.00758577 0.00370534 0.0036305 0.00353475 0 0.0138128 0.0307475 0.0081456 0.00795029 0.0104554 0.0073619 0.00703671 0.00623687 0.0259888 0.0111803 0.010477 0.00988612 0.0128199 0.0106456 0.0151176 0.0120223 0.00902151 0.010168 0.00989881 0.0232625 0.00839649 0.00909076 0.00848517 
0.00956404 0.00813157 0.00890662 0.00831027 0.00862023 0.00835442 0.00880792 0.00926383 0.00871839 0.00912329 0.00880907 0.00844314 0.01044 0.0103946 0.00925734 0.00926028 0.0100856 0.00962221 0.0129368 0.00890288 0.0140143 0.0142383 0.0226403 0.00996849 0.0116711 0.0210563 0.0190077 0.0113588 0.0185442 0.0165963 0.00981261 0.0233311 0.00918734 0.0154393 0.00871924 0.0111605 0.0189288 0.0410098 0.00773233 0.0640431 0.0138128 0 0.00466214 0.00355353 0.00361227 0.00370334 0.0040801 0.00397878 0.0120698 0.0148191 0.0173951 0.0126459 0.0126062 0.0417911 0.0183176 0.0196459 0.0112531 0.0141907 0.0115579 0.022492 0.0093478 0.0126953 0.00890194 0.015258 
0.00810182 0.00947407 0.00863554 0.00960493 0.00946635 0.00873202 0.0083097 0.00892714 0.0110922 0.0103739 0.00946679 0.00978395 0.00824642 0.00987315 0.0112297 0.0135608 0.0135027 0.0202614 0.0110302 0.0267516 0.00980569 0.010091 0.0105383 0.0284823 0.0219743 0.0100061 0.0190714 0.0196567 0.0111118 0.0108164 0.0331755 0.00989006 0.0213839 0.00965546 0.0215023 0.0205842 0.0113146 0.00933932 0.097393 0.0113126 0.0307475 0.00466214 0 0.00355535 0.00354228 0.00354202 0.00361766 0.00465437 0.00357003 0.0250759 0.0155507 0.0173531 0.0286139 0.011849 0.0103186 0.013456 0.0440659 0.0185187 0.0352881 0.0110524 0.0179587 0.00972589 0.0233928 0.00925945 
0.00827507 0.00876968 0.00958633 0.0104839 0.0106477 0.00884844 0.00825926 0.00869472 0.00969204 0.013756 0.0120514 0.00910566 0.00855823 0.00907095 0.0112863 0.0158454 0.0271894 0.0183077 0.0370608 0.0123667 0.0104576 0.00889485 0.0119713 0.0168128 0.0164739 0.0120885 0.0105748 0.0111308 0.00995786 0.0100963 0.010177 0.0178024 0.0111517 0.0240749 0.0199297 0.0117175 0.0098953 0.0257411 0.0129583 0.0451608 0.0081456 0.00355353 0.00355535 0 0.0035264 0.00354332 0.00355972 0.00349732 0.00362105 0.0135385 0.0169233 0.0255544 0.0197408 0.0146137 0.00895341 0.0104042 0.0164891 0.0581873 0.0201625 0.0129906 0.00944548 0.0212495 0.0105247 0.0100729 
0.0082074 0.00877248 0.00972183 0.00981814 0.0106525 0.00885194 0.00828165 0.00855477 0.00976853 0.0127624 0.0109885 0.00893385 0.00843952 0.00905614 0.010622 0.0173598 0.0193338 0.0323755 0.017398 0.0126765 0.00990273 0.00891078 0.0112084 0.0134996 0.0172139 0.0123375 0.01027 0.00991967 0.0104662 0.00949868 0.00999919 0.0142621 0.0166879 0.0273306 0.0141648 0.0102604 0.0104311 0.024683 0.0148271 0.0109535 0.00795029 0.00361227 0.00354228 0.0035264 0 0.00357034 0.00353758 0.00349833 0.00356929 0.0109089 0.0165382 0.0227514 0.0179997 0.0172949 0.00854521 0.0102123 0.0164611 0.0371539 0.0233356 0.0153421 0.0102176 0.0119817 0.0111267 0.0102886 
0.00805148 0.00860193 0.00867216 0.00941611 0.009087 0.00849585 0.00816566 0.0082873 0.0093336 0.0101006 0.0097253 0.00861019 0.00818243 0.00881802 0.00953309 0.0126212 0.0160323 0.0167602 0.0108803 0.0134093 0.00884065 0.0087893 0.00953596 0.0114039 0.0117802 0.00982853 0.0101768 0.0091502 0.00934816 0.00896665 0.00999381 0.0105308 0.0203122 0.0115451 0.01521 0.0102794 0.0094028 0.0130482 0.0144272 0.00789253 0.0104554 0.00370334 0.00354202 0.00354332 0.00357034 0 0.00354461 0.00353771 0.00354835 0.012723 0.0104833 0.019427 0.0246799 0.0205581 0.00828681 0.0104758 0.0159762 0.0172689 0.0183568 0.0100665 0.0103139 0.0089916 0.0105682 0.0090469 
0.00803118 0.00831958 0.00863219 0.00860309 0.00872898 0.00826725 0.00806363 0.00826886 0.00852375 0.00955304 0.00881679 0.00828956 0.00816157 0.00855641 0.00889348 0.0108843 0.0127082 0.0104593 0.0115378 0.00905157 0.00888885 0.00854878 0.00970417 0.00986861 0.0103344 0.00917211 0.00936237 0.0090786 0.00918752 0.00916353 0.00901783 0.0135749 0.00962768 0.0168037 0.0102323 0.00929209 0.00911166 0.0154361 0.00840342 0.0110209 0.0073619 0.0040801 0.00361766 0.00355972 0.00353758 0.00354461 0 0.00352493 0.00360136 0.0105101 0.0150744 0.0258484 0.0134746 0.0100616 0.0082364 0.00926765 0.0100898 0.0271956 0.0104902 0.00980094 0.00874757 0.0103286 0.00914808 0.0087357 
0.00811256 0.0083474 0.008351 0.00850095 0.0084249 0.00832142 0.00804066 0.00821047 0.00861847 0.00856461 0.00845482 0.0084219 0.00811163 0.0099311 0.00987432 0.00900236 0.00897606 0.00927747 0.00876216 0.00922347 0.00855419 0.00838159 0.0108518 0.0107776 0.0110929 0.00866513 0.0112244 0.0103982 0.00892948 0.00963279 0.0110692 0.00868363 0.0122861 0.00898157 0.010706 0.00915109 0.00839867 0.00902369 0.0155019 0.00723993 0.00703671 0.00397878 0.00465437 0.00349732 0.00349833 0.00353771 0.00352493 0 0.00355049 0.0105497 0.0207929 0.0109121 0.015178 0.00822926 0.00817586 0.00997894 0.0142224 0.0100069 0.0153462 0.00925691 0.0100595 0.00880242 0.0104404 0.00847101 
0.00880074 0.00808633 0.00819409 0.00817773 0.00821232 0.00805913 0.0080867 0.0094428 0.00838562 0.00841988 0.00834758 0.00815846 0.00828572 0.0160236 0.00912766 0.00849869 0.00896447 0.00865752 0.00950203 0.00841123 0.00874312 0.00866026 0.0207677 0.00945462 0.0089473 0.0114574 0.0177335 0.00969263 0.0101789 0.0219792 0.00925084 0.0104338 0.00857528 0.0109183 0.00855758 0.0088911 0.0112069 0.0406271 0.00751227 0.00782825 0.00623687 0.0120698 0.00357003 0.00362105 0.00356929 0.00354835 0.00360136 0.00355049 0 0.0148123 0.00936826 0.00830243 0.00713779 0.00932612 0.0118007 0.0177881 0.0101445 0.0106705 0.00953635 0.0135494 0.0114105 0.00971052 0.00851706 0.010229 
0.00865286 0.00911998 0.00867848 0.00929533 0.00897383 0.00858863 0.00908788 0.00976634 0.0106314 0.00929012 0.00902661 0.00898451 0.00936339 0.0121098 0.0092875 0.0117232 0.0103917 0.0132069 0.00993932 0.0118192 0.0097 0.0170903 0.0171884 0.0141691 0.0149787 0.0164155 0.0547495 0.0118203 0.0232267 0.016754 0.0166261 0.010839 0.0216231 0.0122761 0.0207891 0.0113965 0.0233328 0.0155159 0.0270692 0.00971299 0.0259888 0.0148191 0.0250759 0.0135385 0.0109089 0.012723 0.0105101 0.0105497 0.0148123 0 0.00371171 0.00360862 0.00366391 0.00416851 0.0113296 0.129269 0.0868673 0.0162733 0.0246181 0.0280816 0.0475715 0.0110816 0.0143684 0.0177363 
0.0084172 0.00875115 0.0094378 0.00942272 0.00957983 0.00886622 0.00840869 0.00910961 0.00977806 0.0124937 0.0101931 0.00921613 0.00876675 0.00933525 0.0134055 0.0132669 0.0298422 0.0164072 0.0231469 0.0112346 0.0145998 0.01014 0.0141384 0.024858 0.0244359 0.0146866 0.013385 0.0306111 0.0116368 0.0110142 0.0195092 0.0213569 0.0173485 0.047043 0.0133223 0.022566 0.0124316 0.0227788 0.0147575 0.023881 0.0111803 0.0173951 0.0155507 0.0169233 0.0165382 0.0104833 0.0150744 0.0207929 0.00936826 0.00371171 0 0.00362957 0.00359172 0.00376512 0.00934707 0.0582359 0.0984251 0.139519 0.0384225 0.0197659 0.0139888 0.0559332 0.0207465 0.0130285 
0.0084923 0.00919089 0.00984122 0.0105634 0.0108253 0.00928322 0.00856723 0.00897302 0.0110577 0.0140673 0.0130755 0.00982835 0.00899573 0.0096142 0.0130055 0.0336404 0.0260222 0.0421421 0.0229154 0.0298373 0.0103691 0.00926913 0.0112077 0.0280637 0.0440549 0.0135415 0.0126769 0.0116931 0.0130763 0.0104546 0.0142336 0.0305889 0.0491514 0.0298223 0.0530298 0.0126429 0.0114452 0.0111052 0.0269906 0.013174 0.010477 0.0126459 0.0173531 0.0255544 0.0227514 0.019427 0.0258484 0.0109121 0.00830243 0.00360862 0.00362957 0 0.00361028 0.00358377 0.00663575 0.0301627 0.0856849 0.152346 0.138389 0.0228086 0.0157856 0.0249622 0.0433616 0.013848 
0.00834354 0.00880511 0.00903957 0.00950315 0.00948518 0.00924059 0.00830516 0.00910419 0.0103284 0.0121867 0.0106094 0.00924949 0.00849852 0.0108919 0.0131605 0.0135441 0.0172165 0.0164967 0.0163607 0.0121454 0.0105421 0.00896407 0.0121718 0.0233935 0.0434322 0.0188236 0.0111716 0.0247002 0.0121536 0.0102667 0.015997 0.014684 0.0175183 0.0239693 0.0139587 0.0213228 0.0110307 0.0137607 0.0196514 0.016941 0.00988612 0.0126062 0.0286139 0.0197408 0.0179997 0.0246799 0.0134746 0.015178 0.00713779 0.00366391 0.00359172 0.00361028 0 0.00372751 0.0168261 0.0189939 0.0606892 0.0937071 0.184511 0.103742 0.0119079 0.0209619 0.0628113 0.0199713 
0.00927059 0.00839545 0.0084461 0.00863063 0.00851174 0.0083987 0.00867546 0.00933445 0.00874777 0.00876116 0.00869519 0.00851193 0.00876269 0.0161978 0.00945281 0.00924835 0.00960761 0.0102267 0.00980922 0.00916044 0.00878227 0.00986767 0.0189499 0.010714 0.0116257 0.0238885 0.0193215 0.00995401 0.0185838 0.0174176 0.00969145 0.0101684 0.0108789 0.0109617 0.0102059 0.00922238 0.0176229 0.0210603 0.0107949 0.00989544 0.0128199 0.0417911 0.011849 0.0146137 0.0172949 0.0205581 0.0100616 0.00822926 0.00932612 0.00416851 0.00376512 0.00358377 0.00372751 0 0.114454 0.0240213 0.0176979 0.0190551 0.0576922 0.152697 0.0206504 0.011497 0.0141138 0.0248234 
0.00882661 0.00806029 0.00803496 0.00804978 0.00810228 0.00802185 0.00827766 0.00857583 0.00806709 0.00816537 0.00808763 0.00806182 0.00854035 0.00999009 0.00812761 0.00813062 0.00817053 0.00824547 0.00876063 0.00817381 0.00846375 0.00920242 0.0116868 0.00856259 0.00882992 0.0109709 0.0121108 0.00902062 0.0106387 0.0111966 0.00892845 0.0084662 0.00862894 0.00875893 0.0085183 0.00915349 0.012106 0.0169467 0.00946026 0.00941998 0.0106456 0.0183176 0.0103186 0.00895341 0.00854521 0.00828681 0.0082364 0.00817586 0.0118007 0.0113296 0.00934707 0.00663575 0.0168261 0.114454 0 0.0226097 0.0121662 0.00997147 0.0150365 0.0350729 0.011583 0.00965843 0.00901665 0.0136271 
0.00841554 0.00829617 0.00841711 0.00842365 0.00848178 0.00820644 0.00832312 0.00888158 0.00834354 0.00849634 0.00845529 0.00825967 0.00845755 0.0090895 0.00827688 0.00866651 0.00861371 0.00883723 0.00862101 0.00847201 0.008517 0.0102718 0.0101038 0.00907831 0.00949681 0.0116148 0.0143548 0.00892498 0.0128012 0.0103323 0.00916012 0.00894296 0.00919155 0.0101347 0.00912479 0.00969012 0.0144429 0.0147135 0.0102329 0.0095004 0.0151176 0.0196459 0.013456 0.0104042 0.0102123 0.0104758 0.00926765 0.00997894 0.0177881 0.129269 0.0582359 0.0301627 0.0189939 0.0240213 0.0226097 0 0.00379642 0.00355689 0.00356995 0.00413364 0.0424426 0.015929 0.012694 0.0477181 
0.00818902 0.00863828 0.00866191 0.00896209 0.00881518 0.00857568 0.00822412 0.00861882 0.00904865 0.00965694 0.00915522 0.00876678 0.00828395 0.00865058 0.00911838 0.0101135 0.0118387 0.0121767 0.00987961 0.0098915 0.00888642 0.00907718 0.0103105 0.0131623 0.0136973 0.00993928 0.0104776 0.0120716 0.0100471 0.00881333 0.0151891 0.0103756 0.0236322 0.0130527 0.017378 0.0132789 0.010527 0.0109941 0.02231 0.00992441 0.0120223 0.0112531 0.0440659 0.0164891 0.0164611 0.0159762 0.0100898 0.0142224 0.0101445 0.0868673 0.0984251 0.0856849 0.0606892 0.0176979 0.0121662 0.00379642 0 0.00356921 0.00360491 0.00361479 0.051803 0.0318408 0.111302 0.0137762 
0.00839412 0.00897849 0.00953666 0.00987213 0.00976609 0.00891131 0.00832152 0.00876897 0.00987026 0.0122842 0.0108749 0.00922407 0.00845319 0.00875316 0.0113495 0.0170727 0.0214641 0.0188905 0.0214665 0.0129909 0.00951061 0.00837875 0.00979352 0.0177985 0.0201115 0.0112532 0.00968486 0.0109271 0.00965937 0.00893896 0.0132082 0.0327885 0.019444 0.0562779 0.0230779 0.01194 0.00952264 0.0129839 0.0131584 0.016713 0.00902151 0.0141907 0.0185187 0.0581873 0.0371539 0.0172689 0.0271956 0.0100069 0.0106705 0.0162733 0.139519 0.152346 0.0937071 0.0190551 0.00997147 0.00355689 0.00356921 0 0.00358628 0.00357529 0.0164018 0.229165 0.0245112 0.024134 
