1K8KF
TATLRPYLSAVRATLQAALCLENFSSQVVERHNKPEVEVRSSKELLLQPVTISRNEKEKVLIEGSINSVRVSIAVKQADEIEKILCHKFMRFMMMRAENFFILRRKPVEGYDISFLITNFHTEQMYKHKLVDFVIHFMEEIDKEISEMKLSVNARARIVAEEFLKN
CCCHHHHHHHHHHHHHHHCCCCCCCCCCCCCCCCCHHHHCCCHHHECCCEEEECCCCCEEEEEEECCEEEEEEECCCCCHHHHHHHHHHHHHHHHCCCCCCCECCCCCCCCCEEEEEEHHHHHHCCHHHHHHHHHHHHHHHHHHHHHHHHHHHHHHHHHHHHHHCC
0 0 0 0 0 0 0 0 0 0 0 0 0 0 0 0 0 0 0 0 0 0 0 0 0 0 0 0 0 0 0 0 0 0 0 0 0 0 0 0 0 0 0 0 0 0 0 0 0 0 0 0 0 0 0 0 0 0 0 0 0 0 0 0 0 0 0 0 0 0 0 0 0 0 0 0 0 0 0 0 0 0 0 0 0 0 0 0 0 0 0 0 0 0 0 0 0 0 0 0 0 0 0 0 0 0 0 0 0 0 0 0 0 0 0 0 0 0 0 0 0 0 0 0 0 0 0 0 0 0 0 0 0 0 0 0 0 0 0 0 0 0 0 0 0 0 0 0 0 0 0 0 0 0 0 0 0 0 0 0 0 0 0 0 0 0 
0 0 0 0 0 0 0 0 0 0 0 0 0 0 0 0 0 0 0 0 0 0 0 0 0 0 0 0 0 0 0 0 0 0 0 0 0 0 0 0 0 0 0 0 0 0 0 0 0 0 0 0 0 0 0 0 0 0 0 0 0 0 0 0 0 0 0 0 0 0 0 0 0 0 0 0 0 0 0 0 0 0 0 0 0 0 0 0 0 0 0 0 0 0 0 0 0 0 0 0 0 0 0 0 0 0 0 0 0 0 0 0 0 0 0 0 0 0 0 0 0 0 0 0 0 0 0 0 0 0 0 0 0 0 0 0 0 0 0 0 0 0 0 0 0 0 0 0 0 0 0 0 0 0 0 0 0 0 0 0 0 0 0 0 0 0 
0 0.00463108 0.00382469 0.00394153 0.00492158 0.00687212 0.0075394 0.00752892 0.00910016 0.0160579 0.00964817 0.0229762 0.010285 0.00922416 0.0101071 0.00980359 0.0111827 0.0114984 0.020294 0.0377613 0.0102137 0.009309 0.00992536 0.00992037 0.0104016 0.0141606 
0.00463108 0 0.00371334 0.00368 0.00393172 0.00645975 0.010267 0.00956777 0.7341 0.0203045 0.0135924 0.0142915 0.0185327 0.018153 0.0104161 0.0257589 0.0104073 0.0241855 0.0251162 0.0225976 0.0237476 0.0118341 0.0195338 0.0107316 0.0151246 0.0189632 
0.00382469 0.00371334 0 0.00368582 0.00368815 0.0183945 0.0118904 0.871471 0.0164673 0.0163419 0.0126691 0.0106575 0.0154474 0.010861 0.0583964 0.00955557 0.06211 0.016421 0.0238375 0.0103619 0.0106985 0.0698044 0.0175717 0.0596977 0.0140585 0.0125291 
0.00394153 0.00368 0.00368582 0 0.00366471 0.00651169 0.850916 0.0127185 0.034694 0.0101825 0.015474 0.00971004 0.00894673 0.0490182 0.0100164 0.0385814 0.0111964 0.0910732 0.0151429 0.0205262 0.0172661 0.0146467 0.0655076 0.0193842 0.0595496 0.0104109 
0.00492158 0.00393172 0.00368815 0.00366471 0 0.89228 0.00820786 0.00848464 0.00663791 0.00756925 0.00770855 0.0134829 0.0252558 0.00985507 0.0144004 0.00969676 0.0130406 0.0118819 0.0474978 0.026275 0.0153537 0.0143611 0.0114155 0.0157803 0.0115557 0.015272 
0.00687212 0.00645975 0.0183945 0.00651169 0.89228 0 0.00372599 0.00357789 0.0035486 0.0036839 0.0036713 0.00527281 0.00665051 0.00659807 0.0121365 0.00740921 0.0115852 0.0177774 0.778596 0.0170343 0.0141888 0.0174304 0.0112837 0.0114114 0.0104607 0.0303804 
0.0075394 0.010267 0.0118904 0.850916 0.00820786 0.00372599 0 0.00379 0.00357964 0.00356066 0.00363392 0.00383224 0.00616608 0.00973291 0.0066559 0.0198838 0.0120929 0.827658 0.013556 0.0161655 0.0435999 0.0216107 0.0536008 0.017014 0.0443289 0.0104464 
0.00752892 0.00956777 0.871471 0.0127185 0.00848464 0.00357789 0.00379 0 0.00353764 0.0035437 0.00352321 0.00356182 0.0054885 0.00593972 0.0217002 0.00944574 0.823409 0.0119522 0.0105111 0.0123046 0.012235 0.108524 0.0331871 0.17195 0.0162546 0.0120885 
0.00910016 0.7341 0.0164673 0.034694 0.00663791 0.0035486 0.00357964 0.00353764 0 0.00353104 0.0035668 0.00357684 0.00416115 0.0110266 0.0101072 0.838855 0.01513 0.0183506 0.00853176 0.0171843 0.0210728 0.019125 0.231111 0.0356757 0.0570487 0.0111658 
0.0160579 0.0203045 0.0163419 0.0101825 0.00756925 0.0036839 0.00356066 0.0035437 0.00353104 0 0.00352253 0.00357229 0.00423363 0.00458582 0.825416 0.00682872 0.0232827 0.00890596 0.0129551 0.010371 0.0127955 0.0638226 0.0259132 0.119711 0.0138474 0.0131806 
0.00964817 0.0135924 0.0126691 0.015474 0.00770855 0.0036713 0.00363392 0.00352321 0.0035668 0.00352253 0 0.00360042 0.00377423 0.814868 0.00467543 0.0102809 0.00543324 0.0180357 0.00814995 0.0295698 0.0220915 0.0134294 0.042841 0.0134267 0.053274 0.0105033 
0.0229762 0.0142915 0.0106575 0.00971004 0.0134829 0.00527281 0.00383224 0.00356182 0.00357684 0.00357229 0.00360042 0 0.185125 0.00423474 0.00540674 0.00377941 0.0053284 0.00575981 0.0116877 0.0222457 0.0130272 0.0142538 0.0106621 0.0154392 0.0128817 0.0163893 
0.010285 0.0185327 0.0154474 0.00894673 0.0252558 0.00665051 0.00616608 0.0054885 0.00416115 0.00423363 0.00377423 0.185125 0 0.00359331 0.0035836 0.00356922 0.00370742 0.00457774 0.00886028 0.0451642 0.0187585 0.0250273 0.0130581 0.0168568 0.0122281 0.117437 
0.00922416 0.018153 0.010861 0.0490182 0.00985507 0.00659807 0.00973291 0.00593972 0.0110266 0.00458582 0.814868 0.00423474 0.00359331 0 0.00354956 0.00363882 0.00361545 0.00454039 0.00382369 0.0179996 0.0494959 0.015341 0.0772679 0.0136333 0.19604 0.0106417 
0.0101071 0.0104161 0.0583964 0.0100164 0.0144004 0.0121365 0.0066559 0.0217002 0.0101072 0.825416 0.00467543 0.00540674 0.0035836 0.00354956 0 0.00361461 0.00359933 0.00363821 0.00372365 0.0166288 0.0150255 0.10919 0.0184233 0.377137 0.0124074 0.0178906 
0.00980359 0.0257589 0.00955557 0.0385814 0.00969676 0.00740921 0.0198838 0.00944574 0.838855 0.00682872 0.0102809 0.00377941 0.00356922 0.00363882 0.00361461 0 0.00356309 0.00373909 0.00358724 0.020516 0.070948 0.0156982 0.52729 0.019482 0.0625266 0.0107201 
0.0111827 0.0104073 0.06211 0.0111964 0.0130406 0.0115852 0.0120929 0.823409 0.01513 0.0232827 0.00543324 0.0053284 0.00370742 0.00361545 0.00359933 0.00356309 0 0.00356136 0.00359783 0.014346 0.0130347 0.431777 0.0249411 0.178044 0.016504 0.0148473 
0.0114984 0.0241855 0.016421 0.0910732 0.0118819 0.0177774 0.827658 0.0119522 0.0183506 0.00890596 0.0180357 0.00575981 0.00457774 0.00454039 0.00363821 0.00373909 0.00356136 0 0.00359944 0.03345 0.165868 0.0191332 0.143596 0.031391 0.170613 0.0123404 
0.020294 0.0251162 0.0238375 0.0151429 0.0474978 0.778596 0.013556 0.0105111 0.00853176 0.0129551 0.00814995 0.0116877 0.00886028 0.00382369 0.00372365 0.00358724 0.00359783 0.00359944 0 0.0987091 0.0230006 0.0363442 0.0152618 0.0381187 0.0278283 0.0462279 
0.0377613 0.0225976 0.0103619 0.0205262 0.026275 0.0170343 0.0161655 0.0123046 0.0171843 0.010371 0.0295698 0.0222457 0.0451642 0.0179996 0.0166288 0.020516 0.014346 0.03345 0.0987091 0 0.0347293 0.012659 0.0107558 0.00983012 0.0129594 0.0203203 
0.0102137 0.0237476 0.0106985 0.0172661 0.0153537 0.0141888 0.0435999 0.012235 0.0210728 0.0127955 0.0220915 0.0130272 0.0187585 0.0494959 0.0150255 0.070948 0.0130347 0.165868 0.0230006 0.0347293 0 0.0036186 0.00358136 0.00357361 0.00369959 0.00475382 
0.009309 0.0118341 0.0698044 0.0146467 0.0143611 0.0174304 0.0216107 0.108524 0.019125 0.0638226 0.0134294 0.0142538 0.0250273 0.015341 0.10919 0.0156982 0.431777 0.0191332 0.0363442 0.012659 0.0036186 0 0.00356924 0.00358457 0.00359757 0.00366055 
0.00992536 0.0195338 0.0175717 0.0655076 0.0114155 0.0112837 0.0536008 0.0331871 0.231111 0.0259132 0.042841 0.0106621 0.0130581 0.0772679 0.0184233 0.52729 0.0249411 0.143596 0.0152618 0.0107558 0.00358136 0.00356924 0 0.0036515 0.0035368 0.00353975 
0.00992037 0.0107316 0.0596977 0.0193842 0.0157803 0.0114114 0.017014 0.17195 0.0356757 0.119711 0.0134267 0.0154392 0.0168568 0.0136333 0.377137 0.019482 0.178044 0.031391 0.0381187 0.00983012 0.00357361 0.00358457 0.0036515 0 0.00353166 0.00349807 
0.0104016 0.0151246 0.0140585 0.0595496 0.0115557 0.0104607 0.0443289 0.0162546 0.0570487 0.0138474 0.053274 0.0128817 0.0122281 0.19604 0.0124074 0.0625266 0.016504 0.170613 0.0278283 0.0129594 0.00369959 0.00359757 0.0035368 0.00353166 0 0.00351832 
0.0141606 0.0189632 0.0125291 0.0104109 0.015272 0.0303804 0.0104464 0.0120885 0.0111658 0.0131806 0.0105033 0.0163893 0.117437 0.0106417 0.0178906 0.0107201 0.0148473 0.0123404 0.0462279 0.0203203 0.00475382 0.00366055 0.00353975 0.00349807 0.00351832 0 
