1KMJA
IFSVDKVRADFPVLSREVNGLPLAYLDSAASAQKPSQVIDAEAEFYRHGYAAVHRGIHTLSAQATEKMENVRKRASLFINARSAEELVFVRGTTEGINLVANSWGNSNVRAGDNIIISQMEHHANIVPWQMLCARVGAELRVIPLNPDGTLQLETLPTLFDEKTRLLAITHVSNVLGTENPLAEMITLAHQHGAKVLVDGAQAVMHHPVDVQALDCDFYVFSGHKLYGPTGIGILYVKEALLQEMPPWEGGGSMIATVSLSEGTTWTKAPWRFEAGTPNTGGIIGLGAALEYVSALGLNNIAEYEQNLMHYALSQLESVPDLTLYGPQNRLGVIAFNLGKHHAYDVGSFLDNYGIAVRTGHHCAMPLMAYYNVPAMCRASLAMYNTHEEVDRLVTGLQRIHRLLG
CCCHHHHHHCCHHHHCEECCEECEECCCCCCCCCCHHHHHHHHHHHHHCCCCCCCCCCHHHHHHHHHHHHHHHHHHHHCCCCCHHHEEEECCHHHHHHHHHHHCHHHHCCCCCEEEEECCCCHHHCHHHHHHHHHHCCEEEEECECCCCCECHHHHHHHCCCCEEEEEEECECCCCCCECCHHHHHHHHHHCCCEEEEECCCCCCCCCCCHHHHCCCEEEEEHHHCCCCCCCEEEEECHHHHHHCCCCCCCCCCEEEEECCCEEEECCCCHHHCCCCCCHHHHHHHHHHHHHHHHHCHHHHHHHHHHHHHHHHHHHCCCCCEEEECCCCCCCEEEEEECCCCHHHHHHHHHHCCEECEEECCCCHHHHHHCCCCCEEEEECCCCCCHHHHHHHHHHHHHHHHHHC
0 0 0 0 0 0 0 0 0 0 0 0 0 0 0 0 0 0 0 0 0 0 0 0 0 0 0 0 0 0 0 0 0 0 0 0 0 0 0 0 0 0 0 0 0 0 0 0 0 0 0 0 0 0 0 0 0 0 0 0 0 0 0 0 0 0 0 0 0 0 0 0 0 0 0 0 0 0 0 0 0 0 0 0 0 0 0 0 0 0 0 0 0 0 0 0 0 0 0 0 0 0 0 0 0 0 0 0 0 0 0 0 0 0 0 0 0 0 0 0 0 0 0 0 0 0 0 0 0 0 0 0 0 0 0 0 0 0 0 0 0 0 0 0 0 0 0 0 0 0 0 0 0 0 0 0 0 0 0 0 0 0 0 0 0 0 0 0 0 0 0 0 0 0 0 0 0 0 0 0 0 0 0 0 0 0 0 0 0 0 0 0 0 0 0 0 0 0 0 0 0 0 0 0 0 0 0 0 0 0 0 0 0 0 0 0 0 0 0 0 0 0 0 0 0 0 0 0 0 0 0 0 0 0 0 0 0 0 0 0 0 0 0 0 0 0 0 0 0 0 0 0 0 0 0 0 0 0 0 0 0 0 0 0 0 0 0 0 0 0 0 0 0 0 0 0 0 0 0 0 0 0 0 0 0 0 0 0 0 0 0 0 0 0 0 0 0 0 0 0 0 0 0 0 0 0 0 0 0 0 0 0 0 0 0 0 0 0 0 0 0 0 0 0 0 0 0 0 0 0 0 0 0 0 0 0 0 0 0 0 0 0 0 0 0 0 0 0 0 0 0 0 0 0 0 0 0 0 0 0 0 0 0 0 0 0 0 0 0 0 0 0 0 0 0 0 0 0 0 0 0 0 0 0 0 0 0 0 0 0 0 0 0 0 0 0 0 0 0 0 0 0 0 0 0 
0 0 0 0 0 0 0 0 0 0 0 0 0 0 0 0 0 0 0 0 0 0 0 0 0 0 0 0 0 0 0 0 0 0 0 0 0 0 0 0 0 0 0 0 0 0 0 0 0 0 0 0 0 0 0 0 0 0 0 0 0 0 0 0 0 0 0 0 0 0 0 0 0 0 0 0 0 0 0 0 0 0 0 0 0 0 0 0 0 0 0 0 0 0 0 0 0 0 0 0 0 0 0 0 0 0 0 0 0 0 0 0 0 0 0 0 0 0 0 0 0 0 0 0 0 0 0 0 0 0 0 0 0 0 0 0 0 0 0 0 0 0 0 0 0 0 0 0 0 0 0 0 0 0 0 0 0 0 0 0 0 0 0 0 0 0 0 0 0 0 0 0 0 0 0 0 0 0 0 0 0 0 0 0 0 0 0 0 0 0 0 0 0 0 0 0 0 0 0 0 0 0 0 0 0 0 0 0 0 0 0 0 0 0 0 0 0 0 0 0 0 0 0 0 0 0 0 0 0 0 0 0 0 0 0 0 0 0 0 0 0 0 0 0 0 0 0 0 0 0 0 0 0 0 0 0 0 0 0 0 0 0 0 0 0 0 0 0 0 0 0 0 0 0 0 0 0 0 0 0 0 0 0 0 0 0 0 0 0 0 0 0 0 0 0 0 0 0 0 0 0 0 0 0 0 0 0 0 0 0 0 0 0 0 0 0 0 0 0 0 0 0 0 0 0 0 0 0 0 0 0 0 0 0 0 0 0 0 0 0 0 0 0 0 0 0 0 0 0 0 0 0 0 0 0 0 0 0 0 0 0 0 0 0 0 0 0 0 0 0 0 0 0 0 0 0 0 0 0 0 0 0 0 0 0 0 0 0 0 0 0 0 0 0 0 0 0 0 0 0 0 0 0 0 0 
0 0.0051508 0.00425372 0.939214 0.00530671 0.0420844 0.0101599 0.00908622 0.00973442 0.00950717 0.0100943 0.00848295 0.00850709 0.00896984 0.00858533 0.00920502 0.00803641 0.00818616 0.00888438 0.00818424 0.00890614 0.00955597 0.00840119 0.00844934 0.00814998 0.00826696 0.00831924 0.00846716 0.00819026 0.00818357 0.00924946 0.00835438 0.00809456 0.00821979 0.00805476 0.00823056 0.00802803 0.00814793 0.00811928 0.00806192 0.00814893 0.00813163 0.00816551 0.00815648 0.00841988 0.00835045 0.00819685 0.00814653 0.00817614 0.00808432 0.00838108 0.00830145 0.00812648 0.00809359 0.00822471 0.00851234 0.0085577 0.00834724 0.00854241 0.0084383 0.00847332 0.00838351 0.00831673 0.00845416 0.0086861 0.00886608 0.00898746 0.00919659 0.00853939 0.00869886 0.00983063 0.00848713 0.00889578 0.00864292 0.0105272 
0.0051508 0 0.990088 0.00614737 0.0230287 0.0103153 0.01379 0.00946353 0.00928864 0.00971395 0.00946174 0.00915302 0.00827129 0.00852357 0.00879843 0.00861164 0.00852054 0.00803834 0.00804935 0.00830596 0.00989257 0.0116279 0.00988219 0.0080984 0.00817289 0.00819601 0.00815853 0.0082265 0.008195 0.00883807 0.0082861 0.00821237 0.00850694 0.00807844 0.00830069 0.00814756 0.00834337 0.00823067 0.00815645 0.0080774 0.00809685 0.00829181 0.00837537 0.00828635 0.0082217 0.00838768 0.00832456 0.00838191 0.00823494 0.00836773 0.00829731 0.00888137 0.00832447 0.00813801 0.00844855 0.0105966 0.00838237 0.00855651 0.00857742 0.00878772 0.00872715 0.00845759 0.00864724 0.00844218 0.00956014 0.00936752 0.00887658 0.00868839 0.00887873 0.00900648 0.00917493 0.00949122 0.00849641 0.00977874 0.00918329 
0.00425372 0.990088 0 0.0136753 0.00360813 0.0149109 0.0106372 0.0086402 0.00903244 0.00942981 0.00852471 0.00843502 0.00826382 0.00842921 0.00854014 0.00824331 0.00807527 0.00795773 0.00813465 0.00801681 0.00853386 0.00907393 0.00818133 0.00807292 0.00801732 0.00812821 0.00809091 0.00805248 0.00799428 0.00810669 0.00875859 0.00807512 0.00809832 0.00800573 0.00798746 0.00807857 0.00797649 0.00801997 0.00806781 0.00801537 0.00805227 0.0080134 0.00804779 0.00810799 0.0080275 0.00817336 0.00802043 0.0080332 0.00804268 0.00815273 0.00820669 0.00812454 0.00802774 0.00802515 0.00811871 0.00854284 0.00832648 0.00826141 0.00829035 0.00829708 0.00833919 0.00825422 0.00826444 0.00823979 0.00864399 0.00852429 0.008453 0.00844104 0.00838528 0.00844161 0.00852115 0.00847755 0.00827094 0.00859175 0.00912166 
0.939214 0.00614737 0.0136753 0 0.00817772 0.00403091 0.0127984 0.0102587 0.00938142 0.00909863 0.00963643 0.00887622 0.00872011 0.00884799 0.00850702 0.00877654 0.00805325 0.00801268 0.00827422 0.00803632 0.00853663 0.00838464 0.00838119 0.00825208 0.00810612 0.00823849 0.00829598 0.00822381 0.00820253 0.00836657 0.00813079 0.00821957 0.00818025 0.00813687 0.00823639 0.00820514 0.00818552 0.00817969 0.0081395 0.00806051 0.00808764 0.00823744 0.00820793 0.00821263 0.00818117 0.00817581 0.00809434 0.00810327 0.00807058 0.00811594 0.00811739 0.00813075 0.00809099 0.00807679 0.0081293 0.00856216 0.00840963 0.00834085 0.00833947 0.00840295 0.00839116 0.00843385 0.00834624 0.00835274 0.00839945 0.00848353 0.00842327 0.00857098 0.00834425 0.00835494 0.00883589 0.00833473 0.00845981 0.00842354 0.00894949 
0.00530671 0.0230287 0.00360813 0.00817772 0 0.00900525 0.0150649 0.0187991 0.0305297 0.0167933 0.00996457 0.0132601 0.0108832 0.010414 0.0109829 0.00873454 0.00835856 0.00833833 0.0090357 0.00889181 0.00896077 0.0099386 0.00854376 0.00864771 0.00871076 0.00898066 0.00907655 0.00917763 0.00861167 0.00828645 0.00880876 0.0083858 0.00855046 0.00843564 0.00847467 0.00850739 0.00842632 0.00847953 0.00835054 0.00825085 0.00815271 0.00819024 0.00843826 0.00848327 0.00829249 0.00840507 0.00810522 0.00818233 0.00815719 0.00811113 0.00815108 0.00814462 0.00814859 0.00805417 0.00811145 0.0085575 0.00837117 0.00837242 0.00833449 0.008498 0.00849843 0.00850763 0.00856406 0.0082916 0.00854719 0.00878293 0.00860634 0.0085761 0.00834985 0.00833842 0.00869261 0.00857029 0.00874542 0.00876912 0.00946811 
0.0420844 0.0103153 0.0149109 0.00403091 0.00900525 0 0.0161201 0.0153179 0.0393473 0.0511877 0.0141788 0.0129931 0.0108468 0.0110894 0.00969598 0.0103946 0.00842585 0.00870127 0.00861031 0.00848831 0.00898321 0.00888418 0.00916925 0.00860731 0.00875446 0.0095158 0.00927201 0.00924781 0.00881687 0.00890453 0.0088006 0.00903923 0.00859471 0.0086209 0.00881414 0.00872362 0.00875144 0.00867104 0.00845333 0.00858529 0.00847103 0.00877705 0.00887529 0.00867816 0.00867543 0.0086306 0.00833787 0.00821467 0.00821379 0.00813828 0.00824106 0.00832443 0.00819579 0.00813617 0.00822264 0.00880778 0.00876212 0.00862412 0.00882987 0.00933665 0.00907303 0.00908495 0.00884081 0.00878184 0.00917712 0.00954392 0.0093563 0.00868773 0.00862172 0.00853446 0.00967701 0.00914979 0.00894678 0.00926917 0.00945388 
0.0101599 0.01379 0.0106372 0.0127984 0.0150649 0.0161201 0 0.00358651 0.00360713 0.00369791 0.0600171 0.0510063 0.0144283 0.0144499 0.0243587 0.0104821 0.0139993 0.0105219 0.0136202 0.0183812 0.0147272 0.0167878 0.0113996 0.00942272 0.0116776 0.0125587 0.0119972 0.0121952 0.012011 0.0109364 0.00972923 0.00844253 0.0120321 0.0092313 0.0109766 0.0102025 0.00926437 0.00887307 0.00900635 0.00983878 0.0100142 0.00846682 0.0089829 0.00870365 0.009094 0.0108999 0.00809062 0.00820321 0.00817582 0.00835998 0.00859048 0.00814313 0.00805082 0.00815673 0.00843146 0.00876088 0.00820079 0.00827942 0.00839456 0.00835905 0.00845334 0.0085006 0.00853864 0.00831185 0.00852175 0.00870995 0.00847855 0.00815628 0.00828561 0.00822892 0.00828474 0.00848738 0.0084133 0.00863514 0.00919325 
0.00908622 0.00946353 0.0086402 0.0102587 0.0187991 0.0153179 0.00358651 0 0.00355735 0.00356132 0.0923446 0.149222 0.0825342 0.0327755 0.0115001 0.00999661 0.0108992 0.0163874 0.0197 0.0111721 0.00973011 0.00959739 0.00927878 0.0129118 0.0145875 0.0223539 0.0299141 0.0160684 0.0117889 0.0087384 0.00838906 0.00904911 0.00998276 0.014075 0.0114142 0.00918981 0.00891291 0.00994772 0.0106002 0.00943261 0.00943714 0.00871764 0.00925053 0.0103605 0.00998583 0.00935777 0.0081777 0.00844445 0.00846087 0.00834276 0.00821382 0.00812291 0.00831929 0.00818552 0.00810642 0.00823958 0.00841087 0.00840682 0.00828039 0.00859223 0.00871429 0.00877776 0.00867581 0.00856823 0.0083091 0.00864117 0.00854357 0.00822412 0.00830131 0.00828114 0.00840213 0.00862418 0.00862128 0.00872284 0.00891461 
0.00973442 0.00928864 0.00903244 0.00938142 0.0305297 0.0393473 0.00360713 0.00355735 0 0.00361756 0.0192148 0.0619632 0.176472 0.176559 0.0293091 0.0127867 0.0138271 0.0135811 0.0345959 0.0118635 0.0107178 0.00946128 0.0100283 0.0134109 0.0169141 0.020922 0.0314509 0.0421328 0.0137907 0.00953825 0.00864772 0.0100986 0.0123289 0.0133597 0.0175773 0.0105216 0.00925587 0.0109397 0.0106844 0.0112954 0.00931783 0.00922621 0.0102553 0.0101314 0.0101532 0.00882333 0.00840398 0.00836807 0.00852057 0.00833441 0.00818797 0.0084818 0.00837291 0.00824249 0.00812649 0.00832981 0.00850029 0.00860681 0.00824323 0.00839154 0.00879319 0.00882773 0.0086491 0.00853718 0.00825633 0.00871748 0.00864481 0.00824876 0.00836107 0.00825609 0.00848573 0.00872851 0.00881291 0.00867575 0.00887783 
0.00950717 0.00971395 0.00942981 0.00909863 0.0167933 0.0511877 0.00369791 0.00356132 0.00361756 0 0.0191309 0.0208723 0.0332863 0.0773587 0.145409 0.0136938 0.0107394 0.00967663 0.00947122 0.0126742 0.0191521 0.0184528 0.0165851 0.00922245 0.0111419 0.0114418 0.0107671 0.0141483 0.0117785 0.0126814 0.00955471 0.00994626 0.00991903 0.0090873 0.0103187 0.0108176 0.0102609 0.00930453 0.00890864 0.00903771 0.0138708 0.00978265 0.00886415 0.0086764 0.00869077 0.00871747 0.00844192 0.00804915 0.00809356 0.00818989 0.00831886 0.00850712 0.00807483 0.00805733 0.0081807 0.00880001 0.00829821 0.0082459 0.00833086 0.00868817 0.00842208 0.00847601 0.00837344 0.00825629 0.00842053 0.00870125 0.00849555 0.00820554 0.00827274 0.00823257 0.00857839 0.00851499 0.00838643 0.0085227 0.0085769 
0.0100943 0.00946174 0.00852471 0.00963643 0.00996457 0.0141788 0.0600171 0.0923446 0.0192148 0.0191309 0 0.00358929 0.003542 0.00360866 0.00391103 0.756241 0.0123042 0.0151381 0.0154778 0.015865 0.0137279 0.0156182 0.0179218 0.0214858 0.011805 0.0152039 0.0166149 0.0117479 0.018512 0.0123554 0.0133756 0.0184317 0.0106888 0.0106733 0.0103278 0.0150022 0.0106661 0.0098762 0.00953125 0.00935352 0.0124297 0.00979785 0.00896243 0.00887775 0.0107492 0.0118254 0.00832648 0.00813825 0.00826436 0.00831426 0.0089627 0.00833994 0.00799232 0.00811196 0.00855477 0.00828917 0.00822829 0.00827318 0.00840078 0.00832201 0.00839839 0.00864996 0.00856182 0.00836756 0.00833489 0.00826469 0.00851123 0.00817328 0.00820192 0.00819701 0.00842874 0.00835096 0.00832399 0.00848163 0.0088652 
0.00848295 0.00915302 0.00843502 0.00887622 0.0132601 0.0129931 0.0510063 0.149222 0.0619632 0.0208723 0.00358929 0 0.00358504 0.00357738 0.00361912 0.0216653 0.743726 0.0182635 0.0408391 0.0159969 0.0125648 0.0145888 0.0170628 0.0265064 0.0597757 0.0615309 0.0386673 0.0433669 0.014755 0.0107003 0.00913224 0.0101494 0.0547855 0.0226336 0.0255121 0.010302 0.0125028 0.0178115 0.0158997 0.0156986 0.00931264 0.00960035 0.0137617 0.013811 0.0149513 0.00971918 0.00824388 0.00866972 0.00860915 0.00867208 0.00843459 0.00822112 0.00836271 0.00835091 0.00825028 0.00838056 0.00850892 0.00845866 0.0082962 0.00861645 0.00863893 0.00895171 0.0089439 0.00853884 0.00832312 0.00853171 0.00846997 0.00822417 0.00833643 0.00824859 0.00846889 0.00861611 0.00887152 0.00867888 0.00893757 
0.00850709 0.00827129 0.00826382 0.00872011 0.0108832 0.0108468 0.0144283 0.0825342 0.176472 0.0332863 0.003542 0.00358504 0 0.00358338 0.00354834 0.039173 0.0164269 0.662781 0.0269704 0.027276 0.00971551 0.00935689 0.0103797 0.0282417 0.0480454 0.115296 0.155131 0.0388424 0.0266085 0.00928006 0.00888988 0.0111523 0.0222541 0.0773603 0.0238731 0.0135635 0.0109413 0.0193007 0.0368493 0.0124276 0.00983748 0.00995005 0.0146347 0.0197531 0.0143114 0.00941098 0.00838262 0.00856014 0.00910591 0.00845073 0.00835393 0.00817627 0.00836812 0.00834348 0.0081818 0.00832769 0.00857577 0.00862 0.00827583 0.00847896 0.00878656 0.0092124 0.00891475 0.00874315 0.00826211 0.00854793 0.00848578 0.00824894 0.00830217 0.00830185 0.00839117 0.00865005 0.00880891 0.00893412 0.00903768 
0.00896984 0.00852357 0.00842921 0.00884799 0.010414 0.0110894 0.0144499 0.0327755 0.176559 0.0773587 0.00360866 0.00357738 0.00358338 0 0.00373473 0.0177829 0.0356971 0.0189378 0.657511 0.0137839 0.0155017 0.0106201 0.0108201 0.015698 0.0200145 0.0271976 0.0402306 0.0812134 0.0176035 0.0113912 0.00929174 0.0108938 0.0187443 0.0192729 0.0453508 0.0125355 0.00996869 0.0173753 0.0151716 0.0146684 0.0092628 0.00991111 0.0122926 0.0121048 0.0128173 0.00936181 0.00838045 0.00840238 0.00845885 0.00830628 0.0082343 0.00829564 0.00820717 0.00818175 0.00810467 0.00822015 0.00837922 0.00849306 0.0081731 0.00845547 0.00859575 0.00868732 0.00867999 0.0084315 0.00826473 0.00847574 0.00838266 0.00809538 0.0081681 0.00818442 0.0083418 0.00849996 0.00856576 0.00853264 0.00867146 
0.00858533 0.00879843 0.00854014 0.00850702 0.0109829 0.00969598 0.0243587 0.0115001 0.0293091 0.145409 0.00391103 0.00361912 0.00354834 0.00373473 0 0.0145797 0.0100144 0.0197838 0.0166241 0.305206 0.0241974 0.0199963 0.0189432 0.00971507 0.0117639 0.0113948 0.0129482 0.0241453 0.0179504 0.0147302 0.00992087 0.011563 0.010447 0.00999032 0.0109914 0.0154973 0.0132969 0.00976286 0.00909807 0.00921278 0.00945343 0.0106734 0.00919568 0.00896154 0.00918095 0.00915456 0.00863572 0.00806653 0.0081686 0.0081094 0.00826036 0.00833281 0.00807269 0.00805435 0.00814877 0.00847046 0.0080766 0.00809591 0.00823514 0.00852843 0.00828249 0.00831571 0.00831166 0.00811199 0.00824524 0.00846635 0.00827517 0.00812071 0.00806975 0.00808193 0.00844469 0.00832078 0.00829826 0.00836242 0.00831232 
0.00920502 0.00861164 0.00824331 0.00877654 0.00873454 0.0103946 0.0104821 0.00999661 0.0127867 0.0136938 0.756241 0.0216653 0.039173 0.0177829 0.0145797 0 0.00442482 0.00361885 0.00403478 0.00411341 0.00524459 0.0145601 0.0150081 0.016017 0.00981184 0.011186 0.0180143 0.00996964 0.0156254 0.01318 0.0173952 0.0191464 0.00943074 0.0107745 0.0097755 0.0179719 0.00893812 0.00919298 0.00911316 0.00901681 0.012775 0.00985002 0.00838976 0.00837795 0.0100677 0.0118668 0.00864778 0.00803873 0.00872811 0.00841876 0.00969447 0.00894289 0.00803744 0.00840341 0.00885155 0.00812268 0.00817008 0.00810607 0.00845698 0.00822826 0.00817926 0.00833477 0.00818739 0.00829142 0.00831179 0.00815176 0.00836337 0.00818488 0.00813248 0.00805823 0.00825194 0.00822709 0.00826444 0.0082337 0.00888162 
0.00803641 0.00852054 0.00807527 0.00805325 0.00835856 0.00842585 0.0139993 0.0108992 0.0138271 0.0107394 0.0123042 0.743726 0.0164269 0.0356971 0.0100144 0.00442482 0 0.00363939 0.00358759 0.00358846 0.00390233 0.0073922 0.0144486 0.0138156 0.016947 0.0266631 0.0129503 0.0197158 0.00935113 0.0100783 0.00908885 0.00906174 0.0244592 0.0100464 0.0132824 0.00900398 0.010174 0.0108501 0.0101376 0.0100031 0.00862643 0.00882543 0.00938813 0.00934657 0.00932913 0.00886606 0.00807878 0.00822677 0.00866702 0.00855889 0.008187 0.0080936 0.00812724 0.0080997 0.00814289 0.00837272 0.00819653 0.00823812 0.00812454 0.00820218 0.00843746 0.00840668 0.00840529 0.00818043 0.0082141 0.00819388 0.00814131 0.00807705 0.00807682 0.00808111 0.00819939 0.00835195 0.00834974 0.00849036 0.00846307 
0.00818616 0.00803834 0.00795773 0.00801268 0.00833833 0.00870127 0.0105219 0.0163874 0.0135811 0.00967663 0.0151381 0.0182635 0.662781 0.0189378 0.0197838 0.00361885 0.00363939 0 0.00352505 0.0035443 0.00356662 0.00587503 0.015229 0.015563 0.0518847 0.0215489 0.0419527 0.0135568 0.0108013 0.00879836 0.00886421 0.0100707 0.0132803 0.0303278 0.0102904 0.00960386 0.00931948 0.0128009 0.0160467 0.00912904 0.00898273 0.00869784 0.0112699 0.0121746 0.00980124 0.00895308 0.00813009 0.00822826 0.00894252 0.00825271 0.00821667 0.00812006 0.008154 0.00814422 0.00805172 0.00827739 0.00825361 0.00831692 0.00809339 0.0082368 0.0085375 0.00866809 0.00856437 0.00828224 0.00817301 0.00835558 0.00823952 0.00813523 0.00816923 0.00803802 0.00824631 0.00839789 0.00848159 0.00845292 0.00838395 
0.00888438 0.00804935 0.00813465 0.00827422 0.0090357 0.00861031 0.0136202 0.0197 0.0345959 0.00947122 0.0154778 0.0408391 0.0269704 0.657511 0.0166241 0.00403478 0.00358759 0.00352505 0 0.00353332 0.00360653 0.00610694 0.0127062 0.0384068 0.0145287 0.0415989 0.0288257 0.0414001 0.0157941 0.0107719 0.00987516 0.0123964 0.0179707 0.0185344 0.0378326 0.0117159 0.0102376 0.0166508 0.0150033 0.0117403 0.00964071 0.0100023 0.0115825 0.0114635 0.0135125 0.00866355 0.0085624 0.00827379 0.00862551 0.0082752 0.00822888 0.00825493 0.00818681 0.00810161 0.00799267 0.00813959 0.00833044 0.0083988 0.00807029 0.00828374 0.00853195 0.00888011 0.00857465 0.00826562 0.0080249 0.00824543 0.00822551 0.00809017 0.0080622 0.00806671 0.00825231 0.00832391 0.0085402 0.00840388 0.0083698 
0.00818424 0.00830596 0.00801681 0.00803632 0.00889181 0.00848831 0.0183812 0.0111721 0.0118635 0.0126742 0.015865 0.0159969 0.027276 0.0137839 0.305206 0.00411341 0.00358846 0.0035443 0.00353332 0 0.00367712 0.00883954 0.0328923 0.00970546 0.0248592 0.0178208 0.0230806 0.0162275 0.0169458 0.013514 0.00947376 0.0113686 0.0148206 0.0115411 0.0131424 0.0115445 0.016663 0.0107662 0.0112507 0.0102063 0.00913664 0.0105378 0.00954369 0.011104 0.00995629 0.00923267 0.00839134 0.00814059 0.0081267 0.00823229 0.00812009 0.00845078 0.00800006 0.00802933 0.00808936 0.00857636 0.00806655 0.00809159 0.00820842 0.00833155 0.00835827 0.00839983 0.00839334 0.00812785 0.00822554 0.0082579 0.00820167 0.00806286 0.00803344 0.00798163 0.00829249 0.00832298 0.00828877 0.00834182 0.00837737 
0.00890614 0.00989257 0.00853386 0.00853663 0.00896077 0.00898321 0.0147272 0.00973011 0.0107178 0.0191521 0.0137279 0.0125648 0.00971551 0.0155017 0.0241974 0.00524459 0.00390233 0.00356662 0.00360653 0.00367712 0 0.954839 0.0163056 0.0114884 0.0108341 0.0129887 0.0110754 0.0183593 0.0163256 0.0432838 0.0246118 0.0128717 0.0112952 0.00918972 0.0112023 0.0184481 0.0142614 0.00969057 0.00871235 0.00975863 0.0111273 0.0119118 0.00892012 0.00842955 0.00893992 0.0134464 0.00979361 0.0081563 0.00812397 0.00824785 0.0088673 0.00992498 0.00819484 0.00806727 0.00852107 0.0097678 0.00809585 0.00804119 0.00851722 0.00852085 0.0081571 0.00813067 0.00818006 0.00807006 0.00870165 0.00861286 0.008374 0.00807627 0.00806131 0.00814556 0.00848856 0.00818608 0.00813127 0.00820293 0.00839129 
0.00955597 0.0116279 0.00907393 0.00838464 0.0099386 0.00888418 0.0167878 0.00959739 0.00946128 0.0184528 0.0156182 0.0145888 0.00935689 0.0106201 0.0199963 0.0145601 0.0073922 0.00587503 0.00610694 0.00883954 0.954839 0 0.0317558 0.00855334 0.0137423 0.00962116 0.00856905 0.0107453 0.0192023 0.0739885 0.0490528 0.0138054 0.0164592 0.00923016 0.0120828 0.0117112 0.0146654 0.00942029 0.00853366 0.00953909 0.0110357 0.0120738 0.00878654 0.00852368 0.00873056 0.0137959 0.0104278 0.00849998 0.00837892 0.00897693 0.0096282 0.0116937 0.00849909 0.0082267 0.0100021 0.0129686 0.00813609 0.00825742 0.00887859 0.00880859 0.00835251 0.00813077 0.00839659 0.00806154 0.0105823 0.00888071 0.00872939 0.00837036 0.0082992 0.00865667 0.00887346 0.00859121 0.00811254 0.0085031 0.00866355 
0.00840119 0.00988219 0.00818133 0.00838119 0.00854376 0.00916925 0.0113996 0.00927878 0.0100283 0.0165851 0.0179218 0.0170628 0.0103797 0.0108201 0.0189432 0.0150081 0.0144486 0.015229 0.0127062 0.0328923 0.0163056 0.0317558 0 0.00507609 0.00355564 0.00392681 0.00358666 0.00372518 0.00472275 0.0076407 0.0140174 0.0314347 0.0215327 0.0110106 0.010788 0.0180318 0.0157314 0.0103144 0.00930014 0.0104995 0.0148554 0.0119559 0.00980399 0.00882123 0.00938717 0.0214164 0.00895398 0.00845903 0.00849301 0.0093998 0.0109725 0.0096493 0.0082618 0.00837485 0.0105806 0.00987662 0.00805411 0.00817426 0.00864958 0.00847707 0.00827465 0.00832333 0.00830089 0.00812614 0.0088498 0.00818871 0.00827305 0.00819226 0.00817056 0.00825431 0.0082459 0.0082659 0.00818797 0.00851268 0.00850795 
0.00844934 0.0080984 0.00807292 0.00825208 0.00864771 0.00860731 0.00942272 0.0129118 0.0134109 0.00922245 0.0214858 0.0265064 0.0282417 0.015698 0.00971507 0.016017 0.0138156 0.015563 0.0384068 0.00970546 0.0114884 0.00855334 0.00507609 0 0.00355961 0.00359144 0.00352528 0.00356434 0.00368322 0.00397007 0.01045 0.0297236 0.0342213 0.0310505 0.0153967 0.0104567 0.0139327 0.021708 0.0173702 0.0102479 0.0105111 0.0115491 0.014326 0.0116266 0.0141447 0.0108087 0.0084901 0.00820304 0.00906664 0.00831388 0.00884026 0.00827864 0.00814793 0.00832207 0.00817677 0.00808936 0.00838466 0.00831827 0.00813863 0.00832472 0.00852162 0.00881414 0.00845622 0.00857608 0.00808967 0.00830952 0.00825082 0.00808971 0.00812786 0.00798645 0.00822569 0.00828827 0.00833492 0.00842476 0.00832812 
0.00814998 0.00817289 0.00801732 0.00810612 0.00871076 0.00875446 0.0116776 0.0145875 0.0169141 0.0111419 0.011805 0.0597757 0.0480454 0.0200145 0.0117639 0.00981184 0.016947 0.0518847 0.0145287 0.0248592 0.0108341 0.0137423 0.00355564 0.00355961 0 0.0035686 0.00357826 0.00352028 0.00359474 0.00387346 0.00723786 0.0622877 0.0436903 0.0591839 0.0224176 0.0118213 0.0214126 0.0287212 0.034334 0.019706 0.0097718 0.0113086 0.0208732 0.0358698 0.0181884 0.0106276 0.00852762 0.00869161 0.00926582 0.0088308 0.00845482 0.0083698 0.00841354 0.00828292 0.00822857 0.00864185 0.00846096 0.00874133 0.00827033 0.00855465 0.00916797 0.0103185 0.00982249 0.00865443 0.00824723 0.00838276 0.00834443 0.00820378 0.00820492 0.00803529 0.00827114 0.00854042 0.00879791 0.00867438 0.00858002 
0.00826696 0.00819601 0.00812821 0.00823849 0.00898066 0.0095158 0.0125587 0.0223539 0.020922 0.0114418 0.0152039 0.0615309 0.115296 0.0271976 0.0113948 0.011186 0.0266631 0.0215489 0.0415989 0.0178208 0.0129887 0.00962116 0.00392681 0.00359144 0.0035686 0 0.00356928 0.00354343 0.00354077 0.0036599 0.00793197 0.0182977 0.277154 0.0372307 0.0580103 0.013768 0.0258846 0.0468746 0.0660555 0.0212209 0.011436 0.0144813 0.0360741 0.0530513 0.0211758 0.0109074 0.00878189 0.00934814 0.0104684 0.00935316 0.00871811 0.00854092 0.00857984 0.00847531 0.0084476 0.00866156 0.00847962 0.0087629 0.00829221 0.00898599 0.0092594 0.0119273 0.0103355 0.00894595 0.0083358 0.00840403 0.00830909 0.00827158 0.00810942 0.00801454 0.00832949 0.00854198 0.00871207 0.00880152 0.00869629 
0.00831924 0.00815853 0.00809091 0.00829598 0.00907655 0.00927201 0.0119972 0.0299141 0.0314509 0.0107671 0.0166149 0.0386673 0.155131 0.0402306 0.0129482 0.0180143 0.0129503 0.0419527 0.0288257 0.0230806 0.0110754 0.00856905 0.00358666 0.00352528 0.00357826 0.00356928 0 0.0035493 0.00353074 0.00361264 0.00790142 0.0298145 0.0296202 0.525422 0.0271706 0.0250446 0.0162534 0.0623113 0.0865166 0.0223728 0.0132866 0.0169268 0.0343328 0.0622101 0.0374212 0.0109443 0.00890212 0.00916817 0.0138448 0.00879034 0.00901352 0.0085543 0.00887291 0.00873004 0.0083584 0.00839268 0.00900989 0.00882048 0.00843183 0.00886733 0.0101 0.0131046 0.0102149 0.00921966 0.00833506 0.00861301 0.00852499 0.00837796 0.00823521 0.00805474 0.0087627 0.00885244 0.00916411 0.00892707 0.00872328 
0.00846716 0.0082265 0.00805248 0.00822381 0.00917763 0.00924781 0.0121952 0.0160684 0.0421328 0.0141483 0.0117479 0.0433669 0.0388424 0.0812134 0.0241453 0.00996964 0.0197158 0.0135568 0.0414001 0.0162275 0.0183593 0.0107453 0.00372518 0.00356434 0.00352028 0.00354343 0.0035493 0 0.00354477 0.00366028 0.00818438 0.0140134 0.0909972 0.0246143 0.578929 0.0372886 0.0240272 0.0308525 0.0367123 0.0654447 0.0156331 0.0122312 0.0305519 0.0299338 0.0373018 0.0138176 0.00875784 0.00924288 0.00897753 0.00971653 0.00860333 0.00850933 0.00861502 0.00854256 0.00842993 0.00837744 0.00850283 0.00880316 0.00831006 0.00865131 0.00937592 0.00946956 0.0099283 0.00868751 0.00837408 0.00849737 0.00846582 0.00810534 0.00825433 0.00810872 0.00832086 0.00860218 0.00858232 0.00871157 0.00862067 
0.00819026 0.008195 0.00799428 0.00820253 0.00861167 0.00881687 0.012011 0.0117889 0.0137907 0.0117785 0.018512 0.014755 0.0266085 0.0176035 0.0179504 0.0156254 0.00935113 0.0108013 0.0157941 0.0169458 0.0163256 0.0192023 0.00472275 0.00368322 0.00359474 0.00354077 0.00353074 0.00354477 0 0.00361546 0.00821361 0.0344732 0.0142881 0.0427835 0.0192712 0.259241 0.0241208 0.0152591 0.017815 0.015568 0.0195742 0.0173686 0.0132388 0.0165223 0.0150502 0.0139038 0.009322 0.00838102 0.00877712 0.0083833 0.00908287 0.00890248 0.00827471 0.00821577 0.00848319 0.00830579 0.00815343 0.00833233 0.0084917 0.00863297 0.00858324 0.00890167 0.00879867 0.00840189 0.0084319 0.00843484 0.00834268 0.00806749 0.00803893 0.00800865 0.00854074 0.00827186 0.00834772 0.0084172 0.00833235 
0.00818357 0.00883807 0.00810669 0.00836657 0.00828645 0.00890453 0.0109364 0.0087384 0.00953825 0.0126814 0.0123554 0.0107003 0.00928006 0.0113912 0.0147302 0.01318 0.0100783 0.00879836 0.0107719 0.013514 0.0432838 0.0739885 0.0076407 0.00397007 0.00387346 0.0036599 0.00361264 0.00366028 0.00361546 0 0.905649 0.0135866 0.0155333 0.0108523 0.0509413 0.0308191 0.0157968 0.0104659 0.00910881 0.0126205 0.0165603 0.0130654 0.00976281 0.00896296 0.0100287 0.0206462 0.0095298 0.0082147 0.00815147 0.00834591 0.00939352 0.00984344 0.00819595 0.00810694 0.00886327 0.0090283 0.00808478 0.00804046 0.00859366 0.00873871 0.00824891 0.00811276 0.008203 0.00799295 0.00891617 0.00851229 0.00833724 0.00797661 0.00801307 0.00801608 0.00848792 0.00815614 0.00810905 0.00818878 0.00832678 
0.00924946 0.0082861 0.00875859 0.00813079 0.00880876 0.0088006 0.00972923 0.00838906 0.00864772 0.00955471 0.0133756 0.00913224 0.00888988 0.00929174 0.00992087 0.0173952 0.00908885 0.00886421 0.00987516 0.00947376 0.0246118 0.0490528 0.0140174 0.01045 0.00723786 0.00793197 0.00790142 0.00818438 0.00821361 0.905649 0 0.043666 0.0107554 0.0113964 0.0165714 0.0410864 0.0133959 0.0105256 0.00920152 0.00978905 0.0171188 0.0150886 0.00902211 0.00863595 0.00961807 0.0147211 0.0112477 0.00822267 0.00833392 0.00836762 0.00976819 0.0109168 0.00836965 0.00821838 0.00896434 0.00922266 0.00821448 0.0080455 0.00876268 0.00880581 0.00804765 0.00808478 0.00802784 0.00820741 0.00837578 0.00964891 0.00831838 0.00832135 0.00803878 0.00806058 0.00910354 0.00803698 0.00803821 0.00803366 0.0088453 
0.00835438 0.00821237 0.00807512 0.00821957 0.0083858 0.00903923 0.00844253 0.00904911 0.0100986 0.00994626 0.0184317 0.0101494 0.0111523 0.0108938 0.011563 0.0191464 0.00906174 0.0100707 0.0123964 0.0113686 0.0128717 0.0138054 0.0314347 0.0297236 0.0622877 0.0182977 0.0298145 0.0140134 0.0344732 0.0135866 0.043666 0 0.00391742 0.00357803 0.00505295 0.00430837 0.0644895 0.0145539 0.0143104 0.0110421 0.032366 0.0290642 0.0130988 0.0114865 0.0133375 0.0196121 0.0108875 0.00917535 0.0106045 0.00948655 0.015974 0.00988787 0.00856976 0.00958897 0.0109119 0.00820183 0.00882709 0.00836553 0.00909466 0.00854692 0.00840994 0.00901729 0.00838436 0.00887063 0.00836682 0.00822836 0.00848431 0.00837529 0.00800821 0.00809288 0.00863416 0.00814835 0.00843849 0.00826057 0.00911472 
0.00809456 0.00850694 0.00809832 0.00818025 0.00855046 0.00859471 0.0120321 0.00998276 0.0123289 0.00991903 0.0106888 0.0547855 0.0222541 0.0187443 0.010447 0.00943074 0.0244592 0.0132803 0.0179707 0.0148206 0.0112952 0.0164592 0.0215327 0.0342213 0.0436903 0.277154 0.0296202 0.0909972 0.0142881 0.0155333 0.0107554 0.00391742 0 0.0035667 0.00357389 0.00358104 0.0865422 0.100013 0.0197268 0.0481508 0.0101227 0.0222619 0.0553885 0.0293622 0.0219873 0.0158124 0.00946182 0.0118135 0.00969457 0.0145997 0.00938805 0.00999059 0.00930476 0.0101509 0.00938576 0.00950527 0.00830811 0.00924758 0.00846675 0.00878818 0.0103085 0.0100242 0.0110037 0.00868379 0.00897251 0.00852291 0.00839687 0.00813608 0.00826416 0.00803014 0.00826689 0.00877766 0.00855969 0.00920325 0.00853169 
0.00821979 0.00807844 0.00800573 0.00813687 0.00843564 0.0086209 0.0092313 0.014075 0.0133597 0.0090873 0.0106733 0.0226336 0.0773603 0.0192729 0.00999032 0.0107745 0.0100464 0.0303278 0.0185344 0.0115411 0.00918972 0.00923016 0.0110106 0.0310505 0.0591839 0.0372307 0.525422 0.0246143 0.0427835 0.0108523 0.0113964 0.00357803 0.0035667 0 0.00356996 0.00354083 0.228103 0.059876 0.230584 0.0143899 0.012684 0.016391 0.0373088 0.0613776 0.0332674 0.010442 0.00929631 0.00937006 0.0196365 0.00954859 0.0094093 0.00891324 0.00990278 0.00948735 0.0086844 0.00837814 0.00897584 0.00870932 0.00853402 0.00882854 0.00972383 0.0153043 0.0113217 0.00991537 0.0085594 0.00847382 0.00865934 0.00845588 0.00818657 0.00802379 0.00837678 0.00871093 0.00932642 0.00883111 0.00875966 
0.00805476 0.00830069 0.00798746 0.00823639 0.00847467 0.00881414 0.0109766 0.0114142 0.0175773 0.0103187 0.0103278 0.0255121 0.0238731 0.0453508 0.0109914 0.0097755 0.0132824 0.0102904 0.0378326 0.0131424 0.0112023 0.0120828 0.010788 0.0153967 0.0224176 0.0580103 0.0271706 0.578929 0.0192712 0.0509413 0.0165714 0.00505295 0.00357389 0.00356996 0 0.00394179 0.0190412 0.364617 0.0778818 0.204642 0.0150043 0.0149033 0.0368842 0.0374993 0.0525878 0.0223815 0.00962226 0.0102429 0.00932286 0.0130166 0.00907634 0.00953673 0.00912735 0.0097002 0.00888405 0.0088195 0.00879771 0.0098399 0.00846488 0.00917545 0.0108989 0.0107484 0.0115789 0.00890921 0.00870674 0.00863051 0.00865165 0.00850862 0.00810554 0.00811204 0.00852347 0.00905187 0.00878081 0.00925236 0.00857319 
0.00823056 0.00814756 0.00807857 0.00820514 0.00850739 0.00872362 0.0102025 0.00918981 0.0105216 0.0108176 0.0150022 0.010302 0.0135635 0.0125355 0.0154973 0.0179719 0.00900398 0.00960386 0.0117159 0.0115445 0.0184481 0.0117112 0.0180318 0.0104567 0.0118213 0.013768 0.0250446 0.0372886 0.259241 0.0308191 0.0410864 0.00430837 0.00358104 0.00354083 0.00394179 0 0.0316158 0.0203564 0.186481 0.0465837 0.104748 0.0221026 0.0160899 0.0139508 0.0362896 0.0253996 0.0159912 0.00867835 0.00892109 0.008675 0.0128941 0.0121645 0.00869964 0.00862643 0.00939567 0.00922181 0.0084159 0.00829411 0.00968349 0.009945 0.0086611 0.00937286 0.00867289 0.0088568 0.00873579 0.00890103 0.0085846 0.00864774 0.0080313 0.00814425 0.00929887 0.00832777 0.00849772 0.00838687 0.0085029 
0.00802803 0.00834337 0.00797649 0.00818552 0.00842632 0.00875144 0.00926437 0.00891291 0.00925587 0.0102609 0.0106661 0.0125028 0.0109413 0.00996869 0.0132969 0.00893812 0.010174 0.00931948 0.0102376 0.016663 0.0142614 0.0146654 0.0157314 0.0139327 0.0214126 0.0258846 0.0162534 0.0240272 0.0241208 0.0157968 0.0133959 0.0644895 0.0865422 0.228103 0.0190412 0.0316158 0 0.00362004 0.00354061 0.00357334 0.00361251 0.0601887 0.0126022 0.0173686 0.0139915 0.773411 0.0125465 0.00970188 0.0100323 0.010025 0.019299 0.0106462 0.00932103 0.0092345 0.0146906 0.00939152 0.00842159 0.0087365 0.0105972 0.00956126 0.0101003 0.00954248 0.00973384 0.00971415 0.00981214 0.00883446 0.00860593 0.00822473 0.00805743 0.00817141 0.00853751 0.00870804 0.00855934 0.00873223 0.00891394 
0.00814793 0.00823067 0.00801997 0.00817969 0.00847953 0.00867104 0.00887307 0.00994772 0.0109397 0.00930453 0.0098762 0.0178115 0.0193007 0.0173753 0.00976286 0.00919298 0.0108501 0.0128009 0.0166508 0.0107662 0.00969057 0.00942029 0.0103144 0.021708 0.0287212 0.0468746 0.0623113 0.0308525 0.0152591 0.0104659 0.0105256 0.0145539 0.100013 0.059876 0.364617 0.0203564 0.00362004 0 0.00357506 0.00361782 0.00354669 0.0177865 0.0917842 0.0131242 0.82138 0.013898 0.00990316 0.0186942 0.010185 0.0167301 0.0104258 0.00960987 0.0100958 0.0107954 0.00960024 0.00871819 0.00923104 0.00992659 0.00880463 0.0106123 0.0116947 0.0150665 0.0134949 0.0123339 0.00896321 0.0089001 0.00877782 0.0082569 0.0082544 0.00818973 0.0084503 0.00898897 0.00892681 0.00965842 0.00886404 
0.00811928 0.00815645 0.00806781 0.0081395 0.00835054 0.00845333 0.00900635 0.0106002 0.0106844 0.00890864 0.00953125 0.0158997 0.0368493 0.0151716 0.00909807 0.00911316 0.0101376 0.0160467 0.0150033 0.0112507 0.00871235 0.00853366 0.00930014 0.0173702 0.034334 0.0660555 0.0865166 0.0367123 0.017815 0.00910881 0.00920152 0.0143104 0.0197268 0.230584 0.0778818 0.186481 0.00354061 0.00357506 0 0.00354048 0.0035252 0.0185154 0.0207523 0.915628 0.0180385 0.0111937 0.0103424 0.0102985 0.0295686 0.00962319 0.0102109 0.00926422 0.0104337 0.00977534 0.009115 0.00850679 0.00939031 0.0102274 0.00896173 0.00902288 0.0115236 0.0193006 0.0166372 0.0104018 0.0086143 0.0084501 0.00898029 0.00859102 0.00822441 0.00808295 0.00853681 0.00901176 0.0103557 0.00963537 0.00895559 
0.00806192 0.0080774 0.00801537 0.00806051 0.00825085 0.00858529 0.00983878 0.00943261 0.0112954 0.00903771 0.00935352 0.0156986 0.0124276 0.0146684 0.00921278 0.00901681 0.0100031 0.00912904 0.0117403 0.0102063 0.00975863 0.00953909 0.0104995 0.0102479 0.019706 0.0212209 0.0223728 0.0654447 0.015568 0.0126205 0.00978905 0.0110421 0.0481508 0.0143899 0.204642 0.0465837 0.00357334 0.00361782 0.00354048 0 0.00353657 0.0123125 0.910272 0.0111163 0.0373566 0.0147415 0.00981317 0.0114902 0.00908083 0.0141391 0.0088956 0.00997485 0.00951355 0.00975522 0.00895637 0.00892912 0.00861772 0.0106715 0.00873661 0.00943105 0.0114927 0.0108211 0.0120728 0.00911828 0.00891298 0.00905753 0.00855092 0.00827838 0.00814342 0.00814153 0.00858318 0.00917456 0.00862364 0.0092029 0.0084907 
0.00814893 0.00809685 0.00805227 0.00808764 0.00815271 0.00847103 0.0100142 0.00943714 0.00931783 0.0138708 0.0124297 0.00931264 0.00983748 0.0092628 0.00945343 0.012775 0.00862643 0.00898273 0.00964071 0.00913664 0.0111273 0.0110357 0.0148554 0.0105111 0.0097718 0.011436 0.0132866 0.0156331 0.0195742 0.0165603 0.0171188 0.032366 0.0101227 0.012684 0.0150043 0.104748 0.00361251 0.00354669 0.0035252 0.00353657 0 0.864134 0.00844355 0.00792309 0.0119739 0.0167935 0.0162213 0.00905441 0.00909752 0.00875879 0.0162914 0.0162228 0.00904578 0.00886148 0.0107005 0.0104668 0.00898931 0.00851947 0.00999469 0.0110944 0.0090973 0.00943286 0.00878945 0.00934777 0.00858663 0.00907529 0.00878468 0.00885857 0.00813456 0.00814535 0.0101523 0.00832932 0.00857631 0.00833821 0.0087813 
0.00813163 0.00829181 0.0080134 0.00823744 0.00819024 0.00877705 0.00846682 0.00871764 0.00922621 0.00978265 0.00979785 0.00960035 0.00995005 0.00991111 0.0106734 0.00985002 0.00882543 0.00869784 0.0100023 0.0105378 0.0119118 0.0120738 0.0119559 0.0115491 0.0113086 0.0144813 0.0169268 0.0122312 0.0173686 0.0130654 0.0150886 0.0290642 0.0222619 0.016391 0.0149033 0.0221026 0.0601887 0.0177865 0.0185154 0.0123125 0.864134 0 0.00368672 0.00383682 0.00367102 0.00429328 0.0515311 0.0115357 0.0148268 0.012768 0.03542 0.0124927 0.00940615 0.0101178 0.0177403 0.00925424 0.00884593 0.00884475 0.0113485 0.0100323 0.0097338 0.00991321 0.00970068 0.00989363 0.0106691 0.00909512 0.00895046 0.00857307 0.00812584 0.00826617 0.0092939 0.0084229 0.00858539 0.00883402 0.00941795 
0.00816551 0.00837537 0.00804779 0.00820793 0.00843826 0.00887529 0.0089829 0.00925053 0.0102553 0.00886415 0.00896243 0.0137617 0.0146347 0.0122926 0.00919568 0.00838976 0.00938813 0.0112699 0.0115825 0.00954369 0.00892012 0.00878654 0.00980399 0.014326 0.0208732 0.0360741 0.0343328 0.0305519 0.0132388 0.00976281 0.00902211 0.0130988 0.0553885 0.0373088 0.0368842 0.0160899 0.0126022 0.0917842 0.0207523 0.910272 0.00844355 0.00368672 0 0.00356264 0.00363999 0.00362732 0.021044 0.0526748 0.0150533 0.0304709 0.0128475 0.0109518 0.0107923 0.0110628 0.0109049 0.00921871 0.00996265 0.0105511 0.0091207 0.0110729 0.0131962 0.0171416 0.015627 0.0104153 0.00934722 0.00880073 0.00881 0.00826 0.00837324 0.00813956 0.00854982 0.00987433 0.00922324 0.0110884 0.00884978 
0.00815648 0.00828635 0.00810799 0.00821263 0.00848327 0.00867816 0.00870365 0.0103605 0.0101314 0.0086764 0.00887775 0.013811 0.0197531 0.0121048 0.00896154 0.00837795 0.00934657 0.0121746 0.0114635 0.011104 0.00842955 0.00852368 0.00882123 0.0116266 0.0358698 0.0530513 0.0622101 0.0299338 0.0165223 0.00896296 0.00863595 0.0114865 0.0293622 0.0613776 0.0374993 0.0139508 0.0173686 0.0131242 0.915628 0.0111163 0.00792309 0.00383682 0.00356264 0 0.00359835 0.00357119 0.0123195 0.0191482 0.0732006 0.0150882 0.0113451 0.00924829 0.0107706 0.0110241 0.0093061 0.00894917 0.00964834 0.010878 0.0090745 0.00942095 0.014689 0.0235481 0.0260489 0.0105513 0.00894783 0.00860638 0.00885406 0.00861437 0.00815739 0.00813432 0.00843267 0.00938586 0.0105891 0.010026 0.00899669 
0.00841988 0.0082217 0.0080275 0.00818117 0.00829249 0.00867543 0.009094 0.00998583 0.0101532 0.00869077 0.0107492 0.0149513 0.0143114 0.0128173 0.00918095 0.0100677 0.00932913 0.00980124 0.0135125 0.00995629 0.00893992 0.00873056 0.00938717 0.0141447 0.0181884 0.0211758 0.0374212 0.0373018 0.0150502 0.0100287 0.00961807 0.0133375 0.0219873 0.0332674 0.0525878 0.0362896 0.0139915 0.82138 0.0180385 0.0373566 0.0119739 0.00367102 0.00363999 0.00359835 0 0.00359281 0.0151819 0.0244025 0.0161506 0.0386676 0.0167453 0.0113987 0.0128827 0.0146122 0.0101221 0.00901913 0.0113153 0.0120935 0.0100155 0.0106291 0.0134638 0.0218892 0.013308 0.0166873 0.00865554 0.00960857 0.0101198 0.0086191 0.00832013 0.00823127 0.00910835 0.00953978 0.00980424 0.00975027 0.00921668 
0.00835045 0.00838768 0.00817336 0.00817581 0.00840507 0.0086306 0.0108999 0.00935777 0.00882333 0.00871747 0.0118254 0.00971918 0.00941098 0.00936181 0.00915456 0.0118668 0.00886606 0.00895308 0.00866355 0.00923267 0.0134464 0.0137959 0.0214164 0.0108087 0.0106276 0.0109074 0.0109443 0.0138176 0.0139038 0.0206462 0.0147211 0.0196121 0.0158124 0.010442 0.0223815 0.0253996 0.773411 0.013898 0.0111937 0.0147415 0.0167935 0.00429328 0.00362732 0.00357119 0.00359281 0 0.0337465 0.00993991 0.0102735 0.0146843 0.0289803 0.0281802 0.0105184 0.00896478 0.0226286 0.0271837 0.00918044 0.00878106 0.0109156 0.0152921 0.0104861 0.00911899 0.0095665 0.00874099 0.0103967 0.0108591 0.00955351 0.00895973 0.00819682 0.00830766 0.0109906 0.00876186 0.00860094 0.00931563 0.0087267 
0.00819685 0.00832456 0.00802043 0.00809434 0.00810522 0.00833787 0.00809062 0.0081777 0.00840398 0.00844192 0.00832648 0.00824388 0.00838262 0.00838045 0.00863572 0.00864778 0.00807878 0.00813009 0.0085624 0.00839134 0.00979361 0.0104278 0.00895398 0.0084901 0.00852762 0.00878189 0.00890212 0.00875784 0.009322 0.0095298 0.0112477 0.0108875 0.00946182 0.00929631 0.00962226 0.0159912 0.0125465 0.00990316 0.0103424 0.00981317 0.0162213 0.0515311 0.021044 0.0123195 0.0151819 0.0337465 0 0.00384112 0.00378069 0.00398372 0.00537654 0.00632715 0.00601916 0.00985241 0.360319 0.0126149 0.00902913 0.00857221 0.0115258 0.00888483 0.00852081 0.00883865 0.00856898 0.00905798 0.00987543 0.00848715 0.00865484 0.00828607 0.00810785 0.00825879 0.00840277 0.00809958 0.00842392 0.00836332 0.00926481 
0.00814653 0.00838191 0.0080332 0.00810327 0.00818233 0.00821467 0.00820321 0.00844445 0.00836807 0.00804915 0.00813825 0.00866972 0.00856014 0.00840238 0.00806653 0.00803873 0.00822677 0.00822826 0.00827379 0.00814059 0.0081563 0.00849998 0.00845903 0.00820304 0.00869161 0.00934814 0.00916817 0.00924288 0.00838102 0.0082147 0.00822267 0.00917535 0.0118135 0.00937006 0.0102429 0.00867835 0.00970188 0.0186942 0.0102985 0.0114902 0.00905441 0.0115357 0.0526748 0.0191482 0.0244025 0.00993991 0.00384112 0 0.00366325 0.00456808 0.0036064 0.00465219 0.00726595 0.0776109 0.155393 0.00934342 0.00853 0.00873415 0.00852137 0.00860215 0.00924408 0.00911038 0.00960579 0.00867922 0.00841077 0.00824868 0.00819956 0.00806876 0.00808009 0.00805769 0.00816827 0.00841483 0.00831351 0.00874131 0.00814792 
