1KQRA
LDGPYQPTTFNPPVDYWMLLAPTAAGVVVEGTNNTDRWLATILVEPNVTSETRSYTLFGTQEQITIANASQTQWKFIDVVKTTQNGSYSQYGPLQSTPKLYAVMKHNGKIYTYNGETPNVTTKYYSTTNYDSVNMTAFCDFYIIPREEESTCTEYINNGL
CEEEECCEEECCCCCEEEEECCCCCEEEEEEECCCCCEEEEEEECCCEEEEEEEEEECCEEEEEEEEECCCCCEEEEEEEECCCCCCCEEEEEEEECCCCEEEEEECCEEEEEEEECCCCEEEEEECCCHHHCEEEECCCEEEEEHHHHHHHHHHHHHCC
0 0 0 0 0 0 0 0 0 0 0 0 0 0 0 0 0 0 0 0 0 0 0 0 0 0 0 0 0 0 0 0 0 0 0 0 0 0 0 0 0 0 0 0 0 0 0 0 0 0 0 0 0 0 0 0 0 0 0 0 0 0 0 0 0 0 0 0 0 0 0 0 0 0 0 0 0 0 0 0 0 0 0 0 0 0 0 0 0 0 0 0 0 0 0 0 0 0 0 0 0 0 0 0 0 0 0 0 0 0 0 0 0 0 0 0 0 0 0 0 0 0 0 0 0 0 0 0 0 0 0 0 0 0 0 0 0 0 0 0 0 0 0 0 0 0 0 0 0 0 0 0 0 0 0 0 0 0 0 0 
0 0 0 0 0 0 0 0 0 0 0 0 0 0 0 0 0 0 0 0 0 0 0 0 0 0 0 0 0 0 0 0 0 0 0 0 0 0 0 0 0 0 0 0 0 0 0 0 0 0 0 0 0 0 0 0 0 0 0 0 0 0 0 0 0 0 0 0 0 0 0 0 0 0 0 0 0 0 0 0 0 0 0 0 0 0 0 0 0 0 0 0 0 0 0 0 0 0 0 0 0 0 0 0 0 0 0 0 0 0 0 0 0 0 0 0 0 0 0 0 0 0 0 0 0 0 0 0 0 0 0 0 0 0 0 0 0 0 0 0 0 0 0 0 0 0 0 0 0 0 0 0 0 0 0 0 0 0 0 0 
0 0.00851199 0.0038777 0.017144 0.00397873 0.00522529 0.0146916 0.0115538 0.0144169 0.0128392 0.0298448 0.0601824 0.0226342 0.0188061 0.0195384 0.0134841 0.0153483 0.00954334 0.0514545 0.0138392 0.0125872 0.0131458 0.0217989 0.0128726 0.0142246 0.0191112 0.0112373 0.00887275 0.00882124 0.00856017 0.00935577 0.00869677 0.0127176 0.00911898 0.01142 0.0116803 0.00902677 0.00833915 0.00845561 0.00996281 0.0084765 0.0130962 0.00891193 0.0104107 0.0113809 0.0100779 0.0115938 0.00978525 0.0109424 0.0107038 0.00997773 0.0100714 0.0119052 0.00887204 0.00811545 0.00824761 0.00818724 0.00827987 0.0081924 0.00841236 0.0103075 0.00894556 0.00885978 0.00993214 0.00986701 0.00845915 0.00986186 0.00838202 0.00867245 0.00883743 0.00889875 0.00834535 0.00834593 0.00806619 0.00865894 0.00828666 0.0080707 0.00806993 0.00834912 0.00807802 0.00899174 0.00872899 0.00810541 0.00822022 0.00946672 0.0083352 0.00866404 0.00870662 0.0085031 0.00847261 
0.00851199 0 0.00475692 0.00355227 0.00378755 0.028249 0.00749867 0.00714516 0.00836344 0.00845995 0.0132023 0.0076596 0.00984138 0.0121848 0.00982232 0.0114099 0.00858332 0.0117005 0.00838588 0.00894888 0.0100987 0.0121494 0.00981556 0.0117515 0.0097855 0.0090466 0.00930583 0.00861926 0.00863824 0.00853578 0.00839502 0.00918015 0.00866663 0.00997611 0.00911221 0.00873666 0.00819971 0.00830528 0.00855203 0.00844124 0.00944903 0.00871373 0.00947069 0.00860025 0.00835149 0.00839668 0.00887287 0.00928196 0.00881599 0.00862981 0.00888014 0.00887598 0.00836663 0.00795088 0.00803743 0.00811748 0.00803146 0.00797199 0.00819384 0.00843468 0.00822093 0.00812214 0.00840311 0.00844462 0.00835463 0.00849608 0.00812721 0.00800587 0.0083347 0.00831919 0.0081653 0.00814137 0.00810463 0.00811603 0.00805172 0.00794789 0.00802453 0.00802766 0.00804256 0.00820045 0.00804706 0.00795994 0.00813412 0.00820371 0.00809837 0.00811228 0.00828842 0.00844237 0.00817041 0.00806076 
0.0038777 0.00475692 0 0.00362991 0.00379307 0.00619761 0.00393327 0.00611039 0.00953125 0.0134838 0.00800522 0.00891483 0.00836356 0.0107365 0.00903187 0.00894724 0.00971225 0.00848958 0.00844292 0.00886793 0.0098318 0.00886597 0.00922505 0.00907627 0.010005 0.00848133 0.00869616 0.00867629 0.00833812 0.00836838 0.00843196 0.00836764 0.00854448 0.00844543 0.00900993 0.00823451 0.00834846 0.00837362 0.00833604 0.00840252 0.00836613 0.00885199 0.00836185 0.00854111 0.00822519 0.00840016 0.00950259 0.00854383 0.00860343 0.00874429 0.00847086 0.00870142 0.00823934 0.00817095 0.00807831 0.00804248 0.00799431 0.0080589 0.00814828 0.00820505 0.00818479 0.00817538 0.00829901 0.00838356 0.00844603 0.008267 0.00812554 0.0080395 0.00828301 0.0082416 0.00823499 0.0081335 0.00808896 0.00807884 0.0079734 0.00803784 0.00803112 0.00801153 0.00811523 0.00810443 0.00805595 0.00814944 0.00804272 0.00813412 0.00815659 0.00797098 0.00825497 0.00834571 0.00818132 0.00799935 
0.017144 0.00355227 0.00362991 0 0.00967037 0.0043636 0.0040087 0.00761542 0.0162172 0.00770943 0.00769108 0.00880412 0.0136199 0.00997322 0.00917575 0.0093087 0.00866039 0.00876506 0.00922552 0.0133495 0.00912 0.0108162 0.00915301 0.00936054 0.00891755 0.0168467 0.014062 0.00858266 0.0086032 0.00885812 0.00847974 0.00883066 0.00863612 0.00902476 0.00855171 0.00908149 0.00996001 0.00857781 0.00853215 0.00832294 0.00902072 0.00853849 0.0087677 0.00837233 0.00903753 0.0109177 0.00849969 0.00864383 0.00863692 0.00845827 0.00860331 0.00861121 0.0089275 0.00900988 0.00817487 0.00821181 0.00815352 0.00804408 0.00829441 0.00821569 0.00863476 0.00925328 0.00824184 0.00833988 0.00825096 0.00807401 0.00828078 0.00859729 0.00828346 0.00835821 0.00816696 0.00812112 0.00809861 0.00813939 0.00819516 0.00842589 0.00809809 0.0081362 0.00811057 0.00814125 0.0080966 0.00845608 0.00810236 0.0081475 0.00813925 0.00865431 0.00815431 0.00831925 0.00805723 0.0081116 
0.00397873 0.00378755 0.00379307 0.00967037 0 0.00425122 0.00368758 0.00445035 0.00574089 0.019296 0.0104869 0.0198262 0.00896828 0.0092687 0.00862163 0.00862976 0.00884179 0.00884121 0.0161068 0.0114201 0.00925007 0.00962463 0.00974788 0.0101349 0.0100142 0.018836 0.0108775 0.00895211 0.00877714 0.00863694 0.00878021 0.00873827 0.00899424 0.00957368 0.00932312 0.0132259 0.00899272 0.00856397 0.00854544 0.00873392 0.00912173 0.00921057 0.00895024 0.0089195 0.0114137 0.00904763 0.00870702 0.00884143 0.00872279 0.00859678 0.0086189 0.00888118 0.0118457 0.00836424 0.00806543 0.00812597 0.00808982 0.00806775 0.00816744 0.00834248 0.0103641 0.0084173 0.00828241 0.00833079 0.00833037 0.00828815 0.00878494 0.00815501 0.00822849 0.00822135 0.0081941 0.0080932 0.00802537 0.00801 0.00890158 0.0082346 0.00804634 0.00798455 0.00803785 0.00807677 0.00884738 0.00830444 0.00806351 0.00813687 0.00828768 0.00824317 0.0081928 0.00820433 0.00850807 0.0085446 
0.00522529 0.028249 0.00619761 0.0043636 0.00425122 0 0.00396306 0.00500751 0.02594 0.0104803 0.0110579 0.00621202 0.00807536 0.0102693 0.00862224 0.00841723 0.00946089 0.00979474 0.00988998 0.00972805 0.014015 0.00886769 0.0095603 0.00915174 0.0175892 0.00875617 0.0096227 0.00992866 0.00861477 0.00880128 0.00864053 0.00866228 0.00930567 0.00885386 0.0152953 0.00842543 0.0089631 0.00880552 0.00868224 0.00897806 0.00884902 0.0108677 0.00863969 0.0107491 0.00836405 0.00860907 0.00983239 0.00869813 0.00857817 0.00863387 0.00856358 0.00967255 0.00860119 0.00842402 0.00827287 0.0081195 0.0081509 0.00813958 0.00811009 0.00869267 0.008281 0.00841753 0.00836965 0.00822472 0.00823989 0.00862916 0.00813493 0.00824575 0.008374 0.0082928 0.00821292 0.00802468 0.00804858 0.00807589 0.00827317 0.00824527 0.00814065 0.00802128 0.00820746 0.00829272 0.00823173 0.00852943 0.00812253 0.00842738 0.00807438 0.0080428 0.00851224 0.00825751 0.00827178 0.0080773 
0.0146916 0.00749867 0.00393327 0.0040087 0.00368758 0.00396306 0 0.0226224 0.00901718 0.0119336 0.00555899 0.00742329 0.0118493 0.0100878 0.00847883 0.00919467 0.0090667 0.00987078 0.0100994 0.0179921 0.0101455 0.00943555 0.00940776 0.011889 0.0093254 0.0178183 0.0409188 0.00858105 0.00920092 0.00885577 0.00853177 0.0101081 0.00853021 0.012276 0.00855735 0.0123994 0.0109085 0.00852992 0.0087246 0.00827145 0.0118277 0.00849219 0.011885 0.00837743 0.0109513 0.0154471 0.00877702 0.00896992 0.00901929 0.00853489 0.00906757 0.00871848 0.00967311 0.0101468 0.00818407 0.00816169 0.00816124 0.00796928 0.00854495 0.00823575 0.00919183 0.0117059 0.00843797 0.00834705 0.00851697 0.00814822 0.00839238 0.00952264 0.00864402 0.00845177 0.00832767 0.00826068 0.00823069 0.00825579 0.00807666 0.00921274 0.00808361 0.00830575 0.00812539 0.00828784 0.00838466 0.00885894 0.00863129 0.00810235 0.00843711 0.00969094 0.00840627 0.00834706 0.00824426 0.00809943 
0.0115538 0.00714516 0.00611039 0.00761542 0.00445035 0.00500751 0.0226224 0 0.00373103 0.00352243 0.00354297 0.00369271 0.00638039 0.00626265 0.00764521 0.00882925 0.0173509 0.014173 0.0449132 0.0101051 0.00917281 0.00955512 0.021364 0.0112401 0.0119521 0.015277 0.0103682 0.00919789 0.00867166 0.0085779 0.0117218 0.00873608 0.0109246 0.00897863 0.0128067 0.0102537 0.00910965 0.00846026 0.00863948 0.00978265 0.00910477 0.0127366 0.00900048 0.0110796 0.0109082 0.0113846 0.010286 0.0098855 0.0107844 0.0114054 0.00979249 0.00986724 0.0119233 0.00845868 0.00810815 0.00824133 0.00822491 0.00839591 0.00832562 0.00857864 0.010298 0.0102452 0.00899597 0.00902041 0.00868873 0.00935363 0.00916948 0.00864586 0.0084265 0.00868369 0.00877484 0.00840533 0.00830588 0.00817344 0.00902329 0.00827162 0.00816988 0.00810953 0.00831941 0.0082432 0.00917095 0.00861547 0.00830017 0.00842616 0.00863661 0.00849646 0.00866281 0.00866137 0.00885479 0.00909541 
0.0144169 0.00836344 0.00953125 0.0162172 0.00574089 0.02594 0.00901718 0.00373103 0 0.00357141 0.00352755 0.00357977 0.00572111 0.00879093 0.0199432 0.0252905 0.0287312 0.0394001 0.00847406 0.00979275 0.0143744 0.025207 0.0217811 0.0179781 0.0186607 0.0110156 0.0116581 0.00922844 0.00910146 0.0167331 0.00934368 0.0103497 0.0090664 0.0167167 0.0100006 0.0110939 0.00876873 0.00881937 0.00933581 0.0092866 0.014727 0.00972662 0.0175935 0.00975721 0.00983209 0.0163351 0.0146217 0.0255968 0.0248432 0.0194965 0.0234074 0.0122232 0.00965363 0.0083299 0.00853643 0.00829629 0.00893054 0.00872357 0.010398 0.0092689 0.00920813 0.0110952 0.0147462 0.0136443 0.0180675 0.00993464 0.00866296 0.00832408 0.0105467 0.0126989 0.0112044 0.0106224 0.00866339 0.00887459 0.00826048 0.00822134 0.00839186 0.00839523 0.00856246 0.00905701 0.00848546 0.00827699 0.00914985 0.00873171 0.00879089 0.00887662 0.0100007 0.0112234 0.00968836 0.00851298 
0.0128392 0.00845995 0.0134838 0.00770943 0.019296 0.0104803 0.0119336 0.00352243 0.00357141 0 0.00352461 0.00356118 0.00688382 0.0128999 0.048513 0.0433554 0.0345619 0.0137493 0.00737406 0.010009 0.0139484 0.0397908 0.0255909 0.0517295 0.0197158 0.0113957 0.010336 0.0101178 0.0225316 0.0112214 0.0106947 0.0111201 0.0154398 0.0141318 0.0126103 0.00965341 0.0092554 0.0088689 0.0106243 0.0140084 0.0136138 0.0235549 0.0173429 0.0126597 0.0094127 0.0139334 0.0226826 0.0548258 0.050434 0.0492854 0.0494917 0.0194906 0.00946193 0.00877255 0.0087729 0.00990248 0.00924849 0.0104883 0.0139635 0.0105295 0.00897239 0.011829 0.0219275 0.0829236 0.0316244 0.0114871 0.00898786 0.00886386 0.0136279 0.0272809 0.0228348 0.015633 0.0112245 0.00875867 0.00832727 0.00853659 0.00878311 0.00995423 0.0112214 0.0088493 0.00848458 0.00923761 0.0101695 0.0100051 0.0092414 0.00943545 0.0132077 0.0226445 0.0100074 0.00839213 
0.0298448 0.0132023 0.00800522 0.00769108 0.0104869 0.0110579 0.00555899 0.00354297 0.00352755 0.00352461 0 0.00362893 0.0103491 0.0395891 0.0288232 0.0266926 0.0116122 0.0111258 0.0070116 0.00987745 0.027781 0.0168902 0.0355539 0.0201482 0.056925 0.0138573 0.0101607 0.0147697 0.00955875 0.00917827 0.00940181 0.00984393 0.0108764 0.0117492 0.0141489 0.0108214 0.00909936 0.00935131 0.00926758 0.0102177 0.0113501 0.0126167 0.0134601 0.0157798 0.0147794 0.0111627 0.0315014 0.0274248 0.0274535 0.030689 0.0335673 0.0296159 0.0104966 0.00872891 0.00945463 0.00873686 0.0089077 0.00986744 0.0109065 0.0136917 0.00919819 0.0113591 0.0256264 0.0245993 0.0183553 0.0152309 0.00909981 0.00923054 0.01328 0.0179533 0.0177388 0.012876 0.00983476 0.0102133 0.00838553 0.00892956 0.0088024 0.00875137 0.00912272 0.00944341 0.00868481 0.00931513 0.0106028 0.0101611 0.00915965 0.0110398 0.0198813 0.0158305 0.0127385 0.00851657 
0.0601824 0.0076596 0.00891483 0.00880412 0.0198262 0.00621202 0.00742329 0.00369271 0.00357977 0.00356118 0.00362893 0 0.0242765 0.0193949 0.0170029 0.00882037 0.00704516 0.00852184 0.00956636 0.0209327 0.0123851 0.0131401 0.012928 0.0183964 0.0178741 0.0551452 0.0456636 0.00934099 0.00892916 0.00909861 0.00896655 0.00994012 0.00923239 0.0106591 0.0104844 0.0163952 0.0137821 0.00878683 0.00907375 0.00889912 0.0107225 0.00946857 0.0115759 0.0104911 0.0212161 0.0248643 0.0108994 0.0125025 0.0152045 0.0130351 0.0140524 0.0155208 0.0159918 0.0125284 0.00849281 0.0088285 0.00851606 0.00850192 0.00980025 0.0112198 0.012924 0.0221564 0.0121742 0.01255 0.0114779 0.0100671 0.00976232 0.0118931 0.00976633 0.0106351 0.00986559 0.00931817 0.00914412 0.00879933 0.00936419 0.0103453 0.00846289 0.00864475 0.00864371 0.00892187 0.00934146 0.0108249 0.00923398 0.008872 0.0094827 0.0130372 0.0110332 0.0103587 0.00896211 0.00864893 
0.0226342 0.00984138 0.00836356 0.0136199 0.00896828 0.00807536 0.0118493 0.00638039 0.00572111 0.00688382 0.0103491 0.0242765 0 0.00379272 0.00359578 0.0035686 0.00356758 0.00367489 0.00528748 0.0109984 0.0086243 0.00831566 0.0120926 0.0141252 0.102554 0.533818 0.0153676 0.00925615 0.00923305 0.00876588 0.00912679 0.0104637 0.0100251 0.0117045 0.0115401 0.0184373 0.0108272 0.00901548 0.00902259 0.009844 0.0116879 0.0118857 0.0120766 0.0110788 0.0167845 0.0228889 0.0134038 0.0129941 0.0119359 0.0125635 0.0114629 0.0129217 0.0211856 0.00958904 0.00849963 0.00846064 0.00849931 0.00875833 0.00884 0.00961433 0.0159594 0.0176471 0.0103531 0.0103326 0.00936977 0.00940611 0.0111318 0.00945107 0.00903932 0.009222 0.00890406 0.00866214 0.00841036 0.00837262 0.0103554 0.00865483 0.00832618 0.00812929 0.00829277 0.00839681 0.0103196 0.00905368 0.00859899 0.00857972 0.00980523 0.0101208 0.00953991 0.00947023 0.00922816 0.0103459 
0.0188061 0.0121848 0.0107365 0.00997322 0.0092687 0.0102693 0.0100878 0.00626265 0.00879093 0.0128999 0.0395891 0.0193949 0.00379272 0 0.0035814 0.0035789 0.00356504 0.0036598 0.00422994 0.00858771 0.011727 0.012909 0.0143036 0.123194 0.542849 0.0240421 0.0113533 0.0114026 0.0100982 0.00957113 0.0095604 0.0106042 0.0108622 0.014834 0.0142754 0.0131418 0.00910855 0.00903279 0.00965819 0.0103022 0.0165069 0.0128441 0.016398 0.0132797 0.0116223 0.0144849 0.0321137 0.0227432 0.0330324 0.0216687 0.0334112 0.0209129 0.0127135 0.00879832 0.0090746 0.00876779 0.00957196 0.00978664 0.0128176 0.0109074 0.0108944 0.0115217 0.024464 0.0179262 0.0147388 0.010751 0.0100137 0.00863677 0.0126755 0.0147817 0.0131232 0.0102243 0.00930945 0.00918484 0.0087585 0.00844231 0.00861404 0.00840783 0.00872251 0.00916691 0.00857499 0.00855878 0.0102237 0.00910179 0.0090382 0.00995209 0.0124959 0.0133968 0.0102395 0.00897703 
0.0195384 0.00982232 0.00903187 0.00917575 0.00862163 0.00862224 0.00847883 0.00764521 0.0199432 0.048513 0.0288232 0.0170029 0.00359578 0.0035814 0 0.0036305 0.0035414 0.00358364 0.00357922 0.00858673 0.0091371 0.0136944 0.0740313 0.544025 0.0490333 0.0110071 0.00995801 0.00944756 0.00989522 0.00992683 0.0102983 0.00985553 0.0149448 0.0119553 0.0147762 0.00959788 0.00908184 0.00921763 0.00986391 0.015787 0.0127139 0.0249453 0.0142148 0.0151479 0.0097571 0.0135873 0.0219049 0.0476745 0.0411304 0.0992262 0.0467607 0.01705 0.0102203 0.00908763 0.00871878 0.0100907 0.00968541 0.0154637 0.0143453 0.0123911 0.00975307 0.0125693 0.0217458 0.0494183 0.0285165 0.0127603 0.00888405 0.00900836 0.0123004 0.0308978 0.0249759 0.0152475 0.0116727 0.00877519 0.00871622 0.00877681 0.00854664 0.00966 0.0107645 0.00887914 0.00900914 0.00944519 0.00984037 0.0106854 0.00911339 0.00938543 0.0136864 0.0235141 0.0103798 0.00865087 
0.0134841 0.0114099 0.00894724 0.0093087 0.00862976 0.00841723 0.00919467 0.00882925 0.0252905 0.0433554 0.0266926 0.00882037 0.0035686 0.0035789 0.0036305 0 0.00357193 0.00354316 0.00355562 0.00690371 0.0109426 0.0337511 0.770322 0.0518672 0.0155823 0.0106535 0.00972478 0.00858686 0.0102043 0.0101692 0.00870001 0.0150017 0.00943414 0.0275342 0.0100171 0.0118743 0.00862355 0.00876336 0.0115332 0.00993314 0.0336685 0.0110431 0.0386013 0.0102043 0.0119383 0.0131921 0.0175915 0.0553207 0.108636 0.0560013 0.0724448 0.0172067 0.0108141 0.00857667 0.0093653 0.00915213 0.0118092 0.00995026 0.0245223 0.0106643 0.0101035 0.0109213 0.0246212 0.053407 0.0523306 0.0114945 0.00923952 0.00897666 0.0137401 0.0327559 0.0292866 0.0244816 0.0108204 0.0095926 0.00848332 0.00848224 0.00863158 0.0103829 0.00930442 0.0101205 0.00864242 0.00872496 0.0124974 0.00923785 0.0100005 0.00982407 0.013609 0.0263474 0.0120324 0.00856524 
0.0153483 0.00858332 0.00971225 0.00866039 0.00884179 0.00946089 0.0090667 0.0173509 0.0287312 0.0345619 0.0116122 0.00704516 0.00356758 0.00356504 0.0035414 0.00357193 0 0.00353635 0.00353496 0.00646595 0.0196885 0.792811 0.0338732 0.012893 0.0138443 0.00834355 0.00829637 0.00905795 0.00907845 0.00899146 0.0120401 0.00913908 0.0154495 0.0101803 0.0195143 0.00948493 0.00894048 0.00875996 0.00967694 0.0182067 0.00956259 0.0346363 0.0100546 0.0204545 0.00978458 0.0110757 0.0220006 0.0441362 0.0501777 0.0585169 0.0328324 0.0170431 0.010116 0.00917084 0.00870949 0.00986665 0.00900166 0.0169431 0.0103464 0.0131878 0.00939486 0.0108314 0.018396 0.0534478 0.0208521 0.0125456 0.00900751 0.00919131 0.0106204 0.036444 0.0300785 0.0127895 0.0136036 0.00921882 0.00892347 0.0093091 0.00864966 0.00899594 0.0114045 0.00887271 0.00929202 0.00993051 0.00926768 0.0112066 0.00896559 0.00927009 0.0134044 0.017615 0.0103434 0.00841648 
0.00954334 0.0117005 0.00848958 0.00876506 0.00884121 0.00979474 0.00987078 0.014173 0.0394001 0.0137493 0.0111258 0.00852184 0.00367489 0.0036598 0.00358364 0.00354316 0.00353635 0 0.003573 0.0164751 0.921282 0.0149548 0.00961922 0.0121488 0.0162282 0.0113534 0.012285 0.0082513 0.00887511 0.0084731 0.00833606 0.0113418 0.00862165 0.0147355 0.0114239 0.0135694 0.00889429 0.00946612 0.00918995 0.00853992 0.0151753 0.0088521 0.0161445 0.009374 0.012045 0.0115287 0.0153472 0.0203898 0.0172145 0.0123292 0.0197952 0.0162564 0.00978164 0.0089821 0.00922586 0.00850339 0.00889376 0.00859417 0.0108313 0.00987214 0.00922117 0.010244 0.0174716 0.0123484 0.0129385 0.0100258 0.00879638 0.00898032 0.0134535 0.0133415 0.0102787 0.0100375 0.00883004 0.00961581 0.0082676 0.0084888 0.0084452 0.0085708 0.00842797 0.0099403 0.00842522 0.00844174 0.0106885 0.00869464 0.00892062 0.00919011 0.010181 0.0121045 0.00918084 0.00843325 
0.0514545 0.00838588 0.00844292 0.00922552 0.0161068 0.00988998 0.0100994 0.0449132 0.00847406 0.00737406 0.0070116 0.00956636 0.00528748 0.00422994 0.00357922 0.00355562 0.00353496 0.003573 0 0.945444 0.0130563 0.0056843 0.00725133 0.00809518 0.00820465 0.0119727 0.0158763 0.00860153 0.00777603 0.00787577 0.00960741 0.00829344 0.0106375 0.00878196 0.0112827 0.00901726 0.0245455 0.00898647 0.00862136 0.0106071 0.00887822 0.0107415 0.00867799 0.0102957 0.0108755 0.0196302 0.0135199 0.00985219 0.0101815 0.0103611 0.00961222 0.0100005 0.0116776 0.0187803 0.00846933 0.008913 0.00830002 0.00873503 0.00887172 0.00949677 0.00962502 0.0190016 0.0095068 0.0095646 0.00911949 0.00902116 0.00856984 0.0136081 0.0096171 0.00908553 0.00925175 0.00859493 0.00866057 0.00832696 0.00963077 0.0117362 0.00855626 0.00838956 0.0089349 0.00844714 0.00952654 0.0137381 0.00836777 0.00872131 0.00853437 0.0102409 0.00940659 0.00868278 0.00850817 0.00855622 
0.0138392 0.00894888 0.00886793 0.0133495 0.0114201 0.00972805 0.0179921 0.0101051 0.00979275 0.010009 0.00987745 0.0209327 0.0109984 0.00858771 0.00858673 0.00690371 0.00646595 0.0164751 0.945444 0 0.00360228 0.00355604 0.00362995 0.00370707 0.00382897 0.00483186 0.00652104 0.00656512 0.00666802 0.00676737 0.00837539 0.00922974 0.0264002 0.0745316 0.0144675 0.0392714 0.00902868 0.00819862 0.00838626 0.00956079 0.00997529 0.0109279 0.0107315 0.0113665 0.0219563 0.0188983 0.0145803 0.0129204 0.0143713 0.0123074 0.0121989 0.0140067 0.0755299 0.0094004 0.00878367 0.00873567 0.00885748 0.00891838 0.00926435 0.0101905 0.0195924 0.0201003 0.0122677 0.0120053 0.01095 0.0104582 0.0146033 0.00993214 0.00981004 0.0102411 0.010511 0.00935523 0.00865082 0.00880061 0.0122697 0.00902845 0.00855685 0.00817903 0.00855924 0.00873977 0.0122287 0.00943072 0.00882245 0.00916787 0.0106058 0.0102619 0.00949338 0.0112502 0.00980753 0.0117376 
0.0125872 0.0100987 0.0098318 0.00912 0.00925007 0.014015 0.0101455 0.00917281 0.0143744 0.0139484 0.027781 0.0123851 0.0086243 0.011727 0.0091371 0.0109426 0.0196885 0.921282 0.0130563 0.00360228 0 0.00352894 0.00358207 0.00356107 0.00364916 0.00367457 0.00529578 0.00628267 0.00736331 0.0090509 0.0124485 0.018109 0.032735 0.0122866 0.0275404 0.0108034 0.00829175 0.0082661 0.00865215 0.00928702 0.0104728 0.0124302 0.0111864 0.0182867 0.0103707 0.0134686 0.0252333 0.027807 0.0216048 0.0251842 0.0299982 0.0619797 0.0105568 0.00911625 0.00895622 0.00927872 0.00913064 0.0100931 0.0120443 0.0139369 0.00983573 0.0140391 0.0274694 0.0240456 0.0194415 0.0142065 0.0104151 0.00906027 0.0125466 0.0195209 0.0161148 0.0121151 0.0108316 0.00961794 0.00866636 0.00867525 0.00873405 0.00887221 0.00901789 0.00975585 0.00912267 0.00907617 0.0102909 0.0103948 0.00918699 0.0100646 0.0154646 0.0166519 0.0124464 0.00894926 
0.0131458 0.0121494 0.00886597 0.0108162 0.00962463 0.00886769 0.00943555 0.00955512 0.025207 0.0397908 0.0168902 0.0131401 0.00831566 0.012909 0.0136944 0.0337511 0.792811 0.0149548 0.0056843 0.00355604 0.00352894 0 0.00354928 0.00356846 0.00357716 0.00358876 0.00495261 0.00576713 0.00818479 0.0154263 0.0294893 0.0264091 0.0104529 0.0241727 0.00827367 0.00977865 0.00793216 0.00829805 0.00998872 0.00937913 0.0204335 0.00957628 0.026537 0.0099048 0.0109549 0.0140677 0.0246017 0.043544 0.0687736 0.0505131 0.141132 0.0146855 0.0116219 0.00886607 0.0104951 0.00996837 0.0116968 0.0110899 0.0264925 0.0105195 0.0100174 0.0128408 0.0297666 0.0574855 0.0492556 0.0151658 0.00959476 0.00935117 0.0189541 0.037607 0.0290845 0.0374519 0.0137538 0.0100665 0.00873063 0.00871841 0.00937934 0.0112365 0.0112044 0.0108929 0.00879856 0.00889545 0.0169912 0.0103997 0.0100662 0.0112337 0.0165128 0.0507753 0.0125093 0.00872184 
0.0217989 0.00981556 0.00922505 0.00915301 0.00974788 0.0095603 0.00940776 0.021364 0.0217811 0.0255909 0.0355539 0.012928 0.0120926 0.0143036 0.0740313 0.770322 0.0338732 0.00961922 0.00725133 0.00362995 0.00358207 0.00354928 0 0.00358277 0.00361961 0.003589 0.00437811 0.00911848 0.0107326 0.0128407 0.0252393 0.0276222 0.019931 0.00911603 0.0136121 0.00943376 0.00858828 0.00866473 0.00938 0.0167397 0.0103291 0.0280835 0.0131481 0.0173587 0.00988651 0.0152 0.0441827 0.0520758 0.0643442 0.186472 0.0413134 0.0280627 0.0108371 0.00990957 0.00992777 0.0119373 0.0110985 0.0215787 0.0130284 0.0195911 0.00983945 0.0181383 0.0451478 0.06808 0.0643666 0.0162148 0.00924515 0.0101044 0.0174818 0.049133 0.0647283 0.0219016 0.0181887 0.00940729 0.00911523 0.00948899 0.00976412 0.0116184 0.0174609 0.0100429 0.0091922 0.0114234 0.0116129 0.014873 0.0101914 0.0104838 0.043883 0.0367524 0.0138859 0.0087083 
0.0128726 0.0117515 0.00907627 0.00936054 0.0101349 0.00915174 0.011889 0.0112401 0.0179781 0.0517295 0.0201482 0.0183964 0.0141252 0.123194 0.544025 0.0518672 0.012893 0.0121488 0.00809518 0.00370707 0.00356107 0.00356846 0.00358277 0 0.00360636 0.00362038 0.00524033 0.00721085 0.0248136 0.0170661 0.00881134 0.0262678 0.00822321 0.0164712 0.00942033 0.0108994 0.00840714 0.00869564 0.0118398 0.00938447 0.0322734 0.0113575 0.0333415 0.0102225 0.0123289 0.0204095 0.0236533 0.0975436 0.179105 0.0465089 0.112656 0.0205376 0.0121442 0.00969157 0.0110992 0.0112575 0.014784 0.0113854 0.0360301 0.0109819 0.0114295 0.0196861 0.046258 0.113427 0.059992 0.0132875 0.00966532 0.0104129 0.024361 0.0689235 0.0393023 0.0376231 0.0124473 0.0104997 0.0088591 0.00924107 0.0102088 0.0140915 0.0135788 0.0114959 0.00906814 0.00932025 0.0223049 0.0112167 0.010635 0.0154249 0.0223331 0.0714649 0.0135616 0.00892722 
0.0142246 0.0097855 0.010005 0.00891755 0.0100142 0.0175892 0.0093254 0.0119521 0.0186607 0.0197158 0.056925 0.0178741 0.102554 0.542849 0.0490333 0.0155823 0.0138443 0.0162282 0.00820465 0.00382897 0.00364916 0.00357716 0.00361961 0.00360636 0 0.00358278 0.00415186 0.0364347 0.00558943 0.00569574 0.00943342 0.00670912 0.0088377 0.00831051 0.0140054 0.00871069 0.00917812 0.0100554 0.00818008 0.0155331 0.00968323 0.0156454 0.0106798 0.0352493 0.0114783 0.0131855 0.0471045 0.065516 0.0223677 0.0403611 0.0267303 0.0543651 0.0114419 0.0108936 0.0107651 0.00981585 0.00976191 0.0132 0.0115656 0.0258116 0.00979145 0.0158557 0.045027 0.0277761 0.0205451 0.0249058 0.00926244 0.011061 0.0151868 0.0224645 0.0251097 0.0130585 0.0120209 0.0107116 0.00908883 0.0110802 0.0101462 0.00924662 0.0123128 0.0111026 0.00927741 0.0117784 0.0106707 0.0147001 0.00955671 0.0101251 0.024586 0.0169129 0.013001 0.00861104 
0.0191112 0.0090466 0.00848133 0.0168467 0.018836 0.00875617 0.0178183 0.015277 0.0110156 0.0113957 0.0138573 0.0551452 0.533818 0.0240421 0.0110071 0.0106535 0.00834355 0.0113534 0.0119727 0.00483186 0.00367457 0.00358876 0.003589 0.00362038 0.00358278 0 0.054924 0.00478616 0.00388017 0.0041853 0.00422059 0.0115206 0.00576792 0.0127675 0.00709858 0.0139645 0.0131699 0.00842735 0.00910064 0.00801916 0.0146533 0.00893363 0.015447 0.00950848 0.0311206 0.0347911 0.0145572 0.0137568 0.0152801 0.0115253 0.0132794 0.013121 0.0247389 0.0146685 0.00925993 0.00882629 0.00885611 0.00867365 0.0120609 0.0100031 0.0171262 0.0307294 0.0106744 0.0111251 0.0112452 0.00940697 0.0115284 0.0147154 0.0116952 0.0103775 0.00921353 0.00950368 0.00897927 0.00881471 0.00930157 0.0139012 0.00877771 0.00900805 0.00877866 0.00899781 0.00968364 0.0107878 0.0112341 0.00870973 0.0119272 0.0177747 0.00973522 0.0103094 0.00954317 0.00923669 
0.0112373 0.00930583 0.00869616 0.014062 0.0108775 0.0096227 0.0409188 0.0103682 0.0116581 0.010336 0.0101607 0.0456636 0.0153676 0.0113533 0.00995801 0.00972478 0.00829637 0.012285 0.0158763 0.00652104 0.00529578 0.00495261 0.00437811 0.00524033 0.00415186 0.054924 0 0.00359096 0.0035878 0.00362237 0.00363153 0.00409303 0.00375908 0.00666986 0.00449928 0.0266113 0.00652745 0.00674142 0.00698181 0.00707793 0.0132548 0.00810409 0.0155109 0.00947181 0.411406 0.0181816 0.0105429 0.0101447 0.0110998 0.00957612 0.0102367 0.0108294 0.0280001 0.00956526 0.00909318 0.00890724 0.00902602 0.00861693 0.0104519 0.0093307 0.0266471 0.013864 0.00976648 0.00943592 0.00919574 0.00922236 0.0160093 0.00909741 0.00954868 0.00900822 0.0086755 0.00884163 0.00843901 0.00855147 0.0135005 0.00873582 0.00848195 0.00873673 0.00822651 0.00896929 0.0107319 0.0085887 0.00965812 0.00837164 0.0122032 0.0108169 0.00902087 0.00880365 0.00915401 0.0110182 
0.00887275 0.00861926 0.00867629 0.00858266 0.00895211 0.00992866 0.00858105 0.00919789 0.00922844 0.0101178 0.0147697 0.00934099 0.00925615 0.0114026 0.00944756 0.00858686 0.00905795 0.0082513 0.00860153 0.00656512 0.00628267 0.00576713 0.00911848 0.00721085 0.0364347 0.00478616 0.00359096 0 0.00360514 0.00356291 0.00361427 0.00363159 0.00445414 0.0038972 0.00727156 0.00439791 0.00586522 0.00647826 0.00629649 0.0086886 0.00720003 0.0105385 0.00767538 0.155002 0.0312294 0.00890454 0.0110493 0.00896845 0.00896985 0.0102805 0.00916012 0.0111173 0.0100458 0.00909031 0.00841799 0.00862794 0.00848389 0.00897291 0.00869348 0.0107587 0.00940896 0.00915636 0.0100739 0.00958155 0.00921925 0.0111423 0.00845749 0.00873408 0.0088386 0.00932925 0.00929376 0.00856921 0.00876593 0.00841568 0.0088507 0.00832496 0.00835507 0.00813935 0.00878708 0.00835611 0.00836196 0.00866676 0.00838292 0.00928099 0.00825005 0.00822289 0.00902456 0.00868984 0.00870354 0.00825851 
0.00882124 0.00863824 0.00833812 0.0086032 0.00877714 0.00861477 0.00920092 0.00867166 0.00910146 0.0225316 0.00955875 0.00892916 0.00923305 0.0100982 0.00989522 0.0102043 0.00907845 0.00887511 0.00777603 0.00666802 0.00736331 0.00818479 0.0107326 0.0248136 0.00558943 0.00388017 0.0035878 0.00360514 0 0.00363676 0.00353036 0.00377484 0.00364962 0.00447048 0.00373966 0.00378625 0.00534204 0.00608065 0.00829963 0.00663505 0.00951028 0.00776565 0.0376716 0.190905 0.0133495 0.00882574 0.00857197 0.0112087 0.00972305 0.00942433 0.0109054 0.00891447 0.00907511 0.00861024 0.00833612 0.00865914 0.00870797 0.0085084 0.00985903 0.00888922 0.0089151 0.00900401 0.00924042 0.0103469 0.01001 0.00888845 0.00841659 0.00842078 0.00888506 0.00973176 0.00927864 0.00921289 0.00861862 0.00851848 0.00839861 0.00839199 0.00819726 0.00844638 0.00844938 0.0085407 0.00834229 0.00823533 0.00870094 0.00839689 0.00835665 0.00839755 0.00844365 0.00954315 0.00852785 0.00821907 
0.00856017 0.00853578 0.00836838 0.00885812 0.00863694 0.00880128 0.00885577 0.0085779 0.0167331 0.0112214 0.00917827 0.00909861 0.00876588 0.00957113 0.00992683 0.0101692 0.00899146 0.0084731 0.00787577 0.00676737 0.0090509 0.0154263 0.0128407 0.0170661 0.00569574 0.0041853 0.00362237 0.00356291 0.00363676 0 0.0035197 0.00357026 0.00356492 0.00396704 0.00364278 0.00371882 0.00469456 0.00635532 0.0069322 0.00682793 0.0089216 0.0107327 0.758422 0.00982019 0.00798887 0.00816218 0.00867851 0.00939413 0.00982524 0.0104192 0.0108401 0.00951478 0.00910811 0.00859581 0.00848701 0.00880206 0.00865396 0.00870696 0.0100201 0.00887017 0.00898147 0.00872521 0.00954305 0.0105097 0.0110094 0.008944 0.00855806 0.00846448 0.00923762 0.00993591 0.00967666 0.00922057 0.00849736 0.00855606 0.00858898 0.00816617 0.00822739 0.00859757 0.00844364 0.00860146 0.00822539 0.00817735 0.00848174 0.00831293 0.0085223 0.00823237 0.00875055 0.0096623 0.0085694 0.00833173 
0.00935577 0.00839502 0.00843196 0.00847974 0.00878021 0.00864053 0.00853177 0.0117218 0.00934368 0.0106947 0.00940181 0.00896655 0.00912679 0.0095604 0.0102983 0.00870001 0.0120401 0.00833606 0.00960741 0.00837539 0.0124485 0.0294893 0.0252393 0.00881134 0.00943342 0.00422059 0.00363153 0.00361427 0.00353036 0.0035197 0 0.0034874 0.00358971 0.00364133 0.00386798 0.00356802 0.00558433 0.00604921 0.00567206 0.00823714 0.00809298 0.952928 0.00831147 0.00916691 0.00678607 0.0081328 0.00871145 0.00912315 0.00987971 0.0114059 0.0110523 0.00971734 0.00886471 0.00912659 0.00817966 0.00889403 0.0084091 0.0129991 0.00871604 0.00948861 0.00853322 0.00917873 0.00974811 0.0133452 0.00947409 0.00913095 0.00832604 0.00852105 0.008755 0.0100786 0.0102235 0.00879023 0.00955811 0.00843042 0.00850439 0.00835696 0.00827765 0.00819216 0.00899357 0.00824931 0.0087366 0.00864596 0.00824976 0.00885653 0.00822651 0.00826172 0.00914836 0.00990708 0.0083757 0.00821147 
0.00869677 0.00918015 0.00836764 0.00883066 0.00873827 0.00866228 0.0101081 0.00873608 0.0103497 0.0111201 0.00984393 0.00994012 0.0104637 0.0106042 0.00985553 0.0150017 0.00913908 0.0113418 0.00829344 0.00922974 0.018109 0.0264091 0.0276222 0.0262678 0.00670912 0.0115206 0.00409303 0.00363159 0.00377484 0.00357026 0.0034874 0 0.00350611 0.00363112 0.00356528 0.00384106 0.00413663 0.00556715 0.0058512 0.00824768 0.964544 0.00790623 0.0176117 0.00692804 0.0124033 0.00840862 0.00834058 0.0127123 0.0119413 0.010282 0.0141487 0.00888567 0.0111697 0.00858671 0.00881034 0.0088282 0.00948472 0.00841672 0.0116055 0.00870659 0.0104108 0.0095219 0.012267 0.0110487 0.012333 0.00891964 0.00892524 0.00845601 0.00961463 0.0113566 0.00989045 0.0102327 0.00878256 0.00872782 0.00836687 0.00840139 0.00839372 0.00922073 0.00846938 0.00996941 0.00829572 0.00813631 0.00964034 0.0082243 0.00880787 0.00889677 0.00893615 0.0110398 0.00863006 0.00839745 
0.0127176 0.00866663 0.00854448 0.00863612 0.00899424 0.00930567 0.00853021 0.0109246 0.0090664 0.0154398 0.0108764 0.00923239 0.0100251 0.0108622 0.0149448 0.00943414 0.0154495 0.00862165 0.0106375 0.0264002 0.032735 0.0104529 0.019931 0.00822321 0.0088377 0.00576792 0.00375908 0.00445414 0.00364962 0.00356492 0.00358971 0.00350611 0 0.00351744 0.00388369 0.00355323 0.0044097 0.00578222 0.00609628 0.973423 0.00659712 0.0187724 0.00620652 0.0234473 0.00650678 0.00842542 0.0115737 0.00922277 0.0130947 0.0141836 0.00896076 0.0116712 0.00884217 0.0106032 0.00850395 0.0100914 0.00862987 0.0145053 0.00881411 0.0120327 0.00880047 0.0113619 0.0105101 0.0155916 0.0112002 0.0105003 0.00841981 0.00981369 0.00930599 0.0132803 0.0147791 0.00960327 0.00970615 0.00848092 0.00907272 0.00896478 0.00863614 0.008461 0.0138348 0.0084105 0.00901607 0.0111494 0.00845296 0.0111153 0.00838439 0.00845917 0.0118484 0.0101205 0.00913459 0.00832453 
0.00911898 0.00997611 0.00844543 0.00902476 0.00957368 0.00885386 0.012276 0.00897863 0.0167167 0.0141318 0.0117492 0.0106591 0.0117045 0.014834 0.0119553 0.0275342 0.0101803 0.0147355 0.00878196 0.0745316 0.0122866 0.0241727 0.00911603 0.0164712 0.00831051 0.0127675 0.00666986 0.0038972 0.00447048 0.00396704 0.00364133 0.00363112 0.00351744 0 0.00352507 0.00383977 0.00422385 0.0096032 0.949247 0.00594832 0.0239331 0.00575409 0.0245144 0.00685352 0.00842379 0.0101245 0.0096166 0.0248989 0.0156757 0.00986843 0.0182323 0.00929866 0.0111603 0.00942592 0.0105987 0.00913211 0.0105062 0.00851787 0.0193156 0.00888627 0.0109327 0.0103226 0.0173119 0.015813 0.0171024 0.00914291 0.00967139 0.00887114 0.0143856 0.0148605 0.0109016 0.0163319 0.00896294 0.00929848 0.00851576 0.00856833 0.0089509 0.0130722 0.00863449 0.0101842 0.00859798 0.00832411 0.0163013 0.00861733 0.0106 0.0109261 0.0095019 0.0229146 0.00906065 0.0086775 
0.01142 0.00911221 0.00900993 0.00855171 0.00932312 0.0152953 0.00855735 0.0128067 0.0100006 0.0126103 0.0141489 0.0104844 0.0115401 0.0142754 0.0147762 0.0100171 0.0195143 0.0114239 0.0112827 0.0144675 0.0275404 0.00827367 0.0136121 0.00942033 0.0140054 0.00709858 0.00449928 0.00727156 0.00373966 0.00364278 0.00386798 0.00356528 0.00388369 0.00352507 0 0.00353766 0.0115825 0.98088 0.00415686 0.00871104 0.00437801 0.0165333 0.00554397 0.0157808 0.00600979 0.00947806 0.0317209 0.00897658 0.00933368 0.0133229 0.0100428 0.0159042 0.00945289 0.0139178 0.0101669 0.0093695 0.00858669 0.0132101 0.00892119 0.0158394 0.00882791 0.0133221 0.0152676 0.0136362 0.0101193 0.014795 0.00853169 0.0126605 0.0114725 0.0113756 0.0155402 0.00917515 0.00939891 0.0087749 0.00908738 0.0109584 0.0121243 0.00854617 0.011809 0.00866628 0.0094985 0.0129429 0.00871881 0.0137484 0.00846413 0.00870411 0.0207733 0.0100461 0.00985857 0.00847889 
0.0116803 0.00873666 0.00823451 0.00908149 0.0132259 0.00842543 0.0123994 0.0102537 0.0110939 0.00965341 0.0108214 0.0163952 0.0184373 0.0131418 0.00959788 0.0118743 0.00948493 0.0135694 0.00901726 0.0392714 0.0108034 0.00977865 0.00943376 0.0108994 0.00871069 0.0139645 0.0266113 0.00439791 0.00378625 0.00371882 0.00356802 0.00384106 0.00355323 0.00383977 0.00353766 0 0.9876 0.00370726 0.00406563 0.00368429 0.00685893 0.00408701 0.00934482 0.00550145 0.00736136 0.0314231 0.00807395 0.00913105 0.00919946 0.00861412 0.0110949 0.00918803 0.0138598 0.0113932 0.00883515 0.00870565 0.0088354 0.00828553 0.0125183 0.00890094 0.0113615 0.0182671 0.0110545 0.00976069 0.010375 0.00873174 0.00985435 0.0129194 0.01029 0.00997334 0.00887621 0.00933577 0.00844399 0.00872789 0.00836425 0.012469 0.00832159 0.00920062 0.00849181 0.00887765 0.00855391 0.00898001 0.0100492 0.00837114 0.00985803 0.0158565 0.00881902 0.0104357 0.0088592 0.00844718 
0.00902677 0.00819971 0.00834846 0.00996001 0.00899272 0.0089631 0.0109085 0.00910965 0.00876873 0.0092554 0.00909936 0.0137821 0.0108272 0.00910855 0.00908184 0.00862355 0.00894048 0.00889429 0.0245455 0.00902868 0.00829175 0.00793216 0.00858828 0.00840714 0.00917812 0.0131699 0.00652745 0.00586522 0.00534204 0.00469456 0.00558433 0.00413663 0.0044097 0.00422385 0.0115825 0.9876 0 0.0037665 0.00354965 0.00385683 0.00378837 0.00408632 0.00408864 0.00476115 0.00510799 0.00697084 0.00700256 0.00705185 0.00854084 0.00771339 0.00909495 0.0330134 0.0846971 0.00951342 0.00823523 0.00871633 0.00829674 0.00860804 0.00849635 0.00947986 0.0152709 0.010046 0.00879419 0.00882174 0.00866302 0.00997768 0.0115169 0.00921449 0.00880631 0.00873638 0.00873958 0.00836964 0.00879884 0.00837117 0.0119317 0.00893927 0.00837186 0.00828112 0.00865272 0.00839902 0.0116099 0.0091111 0.00813181 0.00849703 0.00899182 0.00834184 0.00847376 0.00849232 0.00872545 0.010437 
0.00833915 0.00830528 0.00837362 0.00857781 0.00856397 0.00880552 0.00852992 0.00846026 0.00881937 0.0088689 0.00935131 0.00878683 0.00901548 0.00903279 0.00921763 0.00876336 0.00875996 0.00946612 0.00898647 0.00819862 0.0082661 0.00829805 0.00866473 0.00869564 0.0100554 0.00842735 0.00674142 0.00647826 0.00608065 0.00635532 0.00604921 0.00556715 0.00578222 0.0096032 0.98088 0.00370726 0.0037665 0 0.00398804 0.00358169 0.00362069 0.00369139 0.0044485 0.00534499 0.0037683 0.00592725 0.00650997 0.00729786 0.0074795 0.00820043 0.0233587 0.0485039 0.0122792 0.00841387 0.00818227 0.00829027 0.00828594 0.00810751 0.00855395 0.0099139 0.00893433 0.00898175 0.00931213 0.00881032 0.00882865 0.00912371 0.00845745 0.00847154 0.00877517 0.00906506 0.00857925 0.00878016 0.00837811 0.0162572 0.00919526 0.00843721 0.00827461 0.00831089 0.00828656 0.0087029 0.0089256 0.00820966 0.00826042 0.00849008 0.00826241 0.00815961 0.00847502 0.0085874 0.00879206 0.00831089 
0.00845561 0.00855203 0.00833604 0.00853215 0.00854544 0.00868224 0.0087246 0.00863948 0.00933581 0.0106243 0.00926758 0.00907375 0.00902259 0.00965819 0.00986391 0.0115332 0.00967694 0.00918995 0.00862136 0.00838626 0.00865215 0.00998872 0.00938 0.0118398 0.00818008 0.00910064 0.00698181 0.00629649 0.00829963 0.0069322 0.00567206 0.0058512 0.00609628 0.949247 0.00415686 0.00406563 0.00354965 0.00398804 0 0.00365998 0.00355363 0.00354473 0.00423317 0.00383077 0.0036353 0.00633078 0.00611502 0.00733648 0.00782927 0.010409 0.0414399 0.0166961 0.0085272 0.00827602 0.00828234 0.00855911 0.00823047 0.00845228 0.00979039 0.00875847 0.00891289 0.00896004 0.00954787 0.0102729 0.0103615 0.00884276 0.00882601 0.00847716 0.00960449 0.00982005 0.010361 0.00941304 0.00868658 0.00878066 0.00841771 0.00843414 0.00845306 0.00889768 0.00872441 0.0088032 0.00839691 0.00824542 0.00939431 0.00847888 0.00891322 0.00867793 0.00868178 0.0118498 0.00873783 0.00837778 
0.00996281 0.00844124 0.00840252 0.00832294 0.00873392 0.00897806 0.00827145 0.00978265 0.0092866 0.0140084 0.0102177 0.00889912 0.009844 0.0103022 0.015787 0.00993314 0.0182067 0.00853992 0.0106071 0.00956079 0.00928702 0.00937913 0.0167397 0.00938447 0.0155331 0.00801916 0.00707793 0.0086886 0.00663505 0.00682793 0.00823714 0.00824768 0.973423 0.00594832 0.00871104 0.00368429 0.00385683 0.00358169 0.00365998 0 0.0034693 0.00369507 0.00362413 0.00372659 0.00358337 0.00581275 0.00868601 0.00711912 0.0106125 0.0838384 0.0164772 0.0113151 0.00833785 0.00929879 0.00804942 0.00871947 0.00841966 0.0103706 0.00841419 0.0110293 0.00862197 0.0105267 0.0105569 0.0134473 0.0098966 0.0101247 0.00841277 0.00984596 0.00913062 0.0144155 0.0133536 0.00892896 0.00977892 0.0085038 0.00895189 0.00930998 0.00890434 0.00846732 0.0118754 0.00846739 0.00940766 0.01044 0.00836451 0.0112428 0.00831129 0.00842309 0.0116367 0.00996249 0.00896199 0.00834541 
0.0084765 0.00944903 0.00836613 0.00902072 0.00912173 0.00884902 0.0118277 0.00910477 0.014727 0.0136138 0.0113501 0.0107225 0.0116879 0.0165069 0.0127139 0.0336685 0.00956259 0.0151753 0.00887822 0.00997529 0.0104728 0.0204335 0.0103291 0.0322734 0.00968323 0.0146533 0.0132548 0.00720003 0.00951028 0.0089216 0.00809298 0.964544 0.00659712 0.0239331 0.00437801 0.00685893 0.00378837 0.00362069 0.00355363 0.0034693 0 0.00352648 0.00392793 0.00353705 0.00424106 0.00887338 0.00654003 0.0169955 0.0807705 0.0127677 0.0132251 0.00886697 0.00984749 0.00826772 0.00943843 0.00927728 0.0106226 0.0082439 0.0167759 0.00876821 0.0125306 0.0102832 0.0174397 0.0127745 0.0147679 0.00922105 0.0103596 0.00892012 0.0160751 0.0123009 0.0106829 0.0165219 0.00892792 0.00997148 0.00860626 0.00865102 0.00875737 0.0121571 0.00866578 0.0117067 0.00869776 0.0084023 0.0214011 0.00857582 0.0110463 0.0134811 0.00935894 0.0224927 0.00947114 0.0088122 
