1KVAA
MLKQVEIFTDGSCLGNPGPGGYGAILRYRGREKTFSAGYTRTTNNRMELMAAIVALEALKEHCEVILSTDSQYVRQGITQWIHNWKKRGWKTADKKPVKNVDLWQRLDAALGQHQIKWEWVKGHAGHPENERCAELARAAAMNPTLEDTGYQVEV
CCCCEEEEEEEEECCCCEEEEEEEEEEECCEEEEEEEEEEEECHHHHHHHHHHHHHHCCCCCCEEEEEECCHHHHHHHHHCHHHHHHCCCECCCCCECCCHHHHHHHHHHHCCCEEEEEECECCECCHHHHHHHHHHHHHHHCCCECCCCCCCCC
0 0 0 0 0 0 0 0 0 0 0 0 0 0 0 0 0 0 0 0 0 0 0 0 0 0 0 0 0 0 0 0 0 0 0 0 0 0 0 0 0 0 0 0 0 0 0 0 0 0 0 0 0 0 0 0 0 0 0 0 0 0 0 0 0 0 0 0 0 0 0 0 0 0 0 0 0 0 0 0 0 0 0 0 0 0 0 0 0 0 0 0 0 0 0 0 0 0 0 0 0 0 0 0 0 0 0 0 0 0 0 0 0 0 0 0 0 0 0 0 0 0 0 0 0 0 0 0 0 0 0 0 0 0 0 0 0 0 0 0 0 0 0 0 0 0 0 0 0 0 0 0 0 0 0 
0 0 0 0 0 0 0 0 0 0 0 0 0 0 0 0 0 0 0 0 0 0 0 0 0 0 0 0 0 0 0 0 0 0 0 0 0 0 0 0 0 0 0 0 0 0 0 0 0 0 0 0 0 0 0 0 0 0 0 0 0 0 0 0 0 0 0 0 0 0 0 0 0 0 0 0 0 0 0 0 0 0 0 0 0 0 0 0 0 0 0 0 0 0 0 0 0 0 0 0 0 0 0 0 0 0 0 0 0 0 0 0 0 0 0 0 0 0 0 0 0 0 0 0 0 0 0 0 0 0 0 0 0 0 0 0 0 0 0 0 0 0 0 0 0 0 0 0 0 0 0 0 0 0 0 
0 0.00364353 0.00361706 0.00358023 0.00356318 0.00359697 0.00372225 0.00446658 0.0113197 0.00956957 0.00745956 0.00839658 0.00857179 0.0104998 0.0107091 0.012569 0.0165278 0.0278547 0.0221434 0.279073 0.0123746 0.00988897 0.0107227 0.00917628 0.0155181 0.00924187 0.0124467 0.00933863 0.0114604 0.00908386 0.00984963 0.0477326 0.0117246 0.0282847 0.00961775 0.0133672 0.0101361 0.0210155 0.0107271 0.0105258 0.00916537 0.00874472 0.00820153 0.00869249 0.00826796 0.0083708 0.00908089 0.00884572 0.0104484 
0.00364353 0 0.00365586 0.00350182 0.00357642 0.00355076 0.00359992 0.00461221 0.00485406 0.00627895 0.00923706 0.00761928 0.012846 0.00990038 0.013729 0.0235512 0.0445384 0.0312507 0.370748 0.00957067 0.00907741 0.0106175 0.00887783 0.0155928 0.00918631 0.0174627 0.0105295 0.0178385 0.00989387 0.0106133 0.014723 0.0111325 0.0139681 0.0130282 0.0440871 0.0128581 0.0230965 0.00962625 0.00841966 0.00850376 0.0084069 0.00853167 0.00955636 0.00833526 0.00932339 0.00837446 0.00821581 0.00799049 0.00818772 
0.00361706 0.00365586 0 0.00356109 0.00358048 0.00356182 0.00371256 0.00380613 0.00440124 0.00740082 0.00811466 0.0110097 0.0128894 0.020723 0.0218155 0.0626795 0.0486526 0.412405 0.0131289 0.0114023 0.00840335 0.00888245 0.0115222 0.00917809 0.0193803 0.0113286 0.0265341 0.0137394 0.0210935 0.0152075 0.0120952 0.0106724 0.00990614 0.0298729 0.0274305 0.0770303 0.0142621 0.0109053 0.00822547 0.0082593 0.00828843 0.0096169 0.00940991 0.011859 0.00888091 0.00905139 0.00805665 0.00798835 0.00815117 
0.00358023 0.00350182 0.00356109 0 0.00353088 0.00352592 0.00364915 0.00356796 0.00399238 0.00676483 0.0075839 0.00979843 0.0163196 0.0146924 0.0314037 0.0459403 0.423615 0.0191 0.0167499 0.00956749 0.0085264 0.00898838 0.00931539 0.0109752 0.0107776 0.0148504 0.0133937 0.017982 0.0184859 0.014612 0.0121023 0.0105299 0.0101952 0.0152537 0.0380764 0.0380297 0.0176359 0.010448 0.00824163 0.00821279 0.00830302 0.00886698 0.00969359 0.0102176 0.00891546 0.0087936 0.00802394 0.00796805 0.00803668 
0.00356318 0.00357642 0.00358048 0.00353088 0 0.00353749 0.00352959 0.00356977 0.00356388 0.00586 0.00764218 0.0108971 0.0127442 0.0311203 0.0385391 0.419962 0.0131607 0.015517 0.0104661 0.009077 0.00797596 0.00878696 0.00929633 0.00940693 0.011086 0.0117711 0.0149693 0.0180998 0.0143133 0.0116311 0.0107121 0.00931319 0.00926437 0.0135953 0.0237166 0.0270279 0.014329 0.0101441 0.00815881 0.00821773 0.0081876 0.00865178 0.0094077 0.00976178 0.00878435 0.00865057 0.00798425 0.00794429 0.00801762 
0.00359697 0.00355076 0.00356182 0.00352592 0.00353749 0 0.00351941 0.00353018 0.00354459 0.00422622 0.00623659 0.00724322 0.067574 0.0205267 0.406394 0.00992376 0.0111112 0.00916674 0.0101763 0.00809492 0.00782886 0.00825871 0.00858187 0.0104237 0.00899141 0.0113029 0.011892 0.0124653 0.010557 0.0103695 0.00970284 0.00933416 0.00921583 0.0105788 0.0209063 0.0160816 0.0121605 0.00921476 0.00804862 0.00807476 0.00813718 0.00840189 0.00904828 0.00884534 0.00876582 0.00851827 0.0079681 0.00792949 0.00794572 
0.00372225 0.00359992 0.00371256 0.00364915 0.00352959 0.00351941 0 0.00352816 0.00355746 0.00577193 0.00700987 0.0614605 0.0258599 0.399358 0.00801153 0.011409 0.00905829 0.0106308 0.00808215 0.00829127 0.00764995 0.00838264 0.0102543 0.00847502 0.0123463 0.0097749 0.0139915 0.00971806 0.0129318 0.00919709 0.00989425 0.0100468 0.00880157 0.0197074 0.0123373 0.031957 0.0103637 0.0097183 0.00806199 0.00805766 0.00821446 0.00936356 0.00861474 0.0108195 0.00854803 0.00891043 0.00800114 0.00794167 0.00795995 
0.00446658 0.00461221 0.00380613 0.00356796 0.00356977 0.00353018 0.00352816 0 0.00365802 0.00503045 0.0691682 0.0095545 0.363084 0.0114921 0.00818708 0.00844669 0.0125647 0.00803342 0.0190789 0.00777443 0.00961655 0.0114531 0.00850457 0.0100441 0.00873127 0.0124403 0.00924414 0.0133207 0.00948955 0.0105125 0.014061 0.0100651 0.012072 0.00966596 0.0174485 0.0103303 0.0179489 0.00987405 0.00848765 0.00852226 0.00842056 0.00842942 0.00914682 0.00840219 0.00886339 0.00824466 0.00799499 0.00800981 0.00808702 
0.0113197 0.00485406 0.00440124 0.00399238 0.00356388 0.00354459 0.00355746 0.00365802 0 0.117619 0.00712331 0.130991 0.00580638 0.00684981 0.00693805 0.00768893 0.00802287 0.00842171 0.00795978 0.00913288 0.0119059 0.008501 0.00820452 0.00827489 0.00928656 0.00861466 0.00939485 0.00905223 0.00935221 0.00866446 0.008966 0.025586 0.0106932 0.0104731 0.00889359 0.00966162 0.00912527 0.0113446 0.00943541 0.00876975 0.00832588 0.00828931 0.00816468 0.00833307 0.00816233 0.00805784 0.00811154 0.00858566 0.00897337 
0.00956957 0.00627895 0.00740082 0.00676483 0.00586 0.00422622 0.00577193 0.00503045 0.117619 0 0.00410323 0.00353262 0.00355947 0.00356605 0.00358337 0.00373633 0.00429385 0.00418475 0.00533015 0.00962093 0.00601079 0.00645594 0.00689962 0.0068467 0.00818194 0.00702854 0.00755293 0.00751049 0.00842544 0.0084225 0.126193 0.134214 0.00905062 0.0116205 0.008596 0.00918455 0.00897184 0.0146589 0.00910283 0.00922794 0.00798772 0.00813536 0.00798634 0.00816452 0.00798191 0.00819191 0.00831663 0.00821799 0.00901476 
0.00745956 0.00923706 0.00811466 0.0075839 0.00764218 0.00623659 0.00700987 0.0691682 0.00712331 0.00410323 0 0.00353845 0.0035755 0.00375547 0.00357521 0.00392194 0.00375751 0.00500924 0.00854867 0.00522485 0.00581184 0.00631682 0.0065734 0.00740694 0.00707394 0.00874088 0.00763071 0.00914253 0.00886699 0.188086 0.0233131 0.00829493 0.00958031 0.00866375 0.0106532 0.00897961 0.0101837 0.00857498 0.00806483 0.008088 0.00803555 0.00814406 0.00820421 0.0080369 0.00819547 0.00805493 0.00799455 0.00791224 0.00797187 
0.00839658 0.00761928 0.0110097 0.00979843 0.0108971 0.00724322 0.0614605 0.0095545 0.130991 0.00353262 0.00353845 0 0.00352228 0.00353408 0.003528 0.00354042 0.00371817 0.004761 0.00406243 0.00407754 0.00557513 0.00616199 0.00730475 0.00635162 0.00856556 0.0073018 0.0125354 0.00891042 0.723661 0.0234241 0.00881603 0.00904212 0.00878274 0.0128655 0.0105335 0.0161715 0.00938892 0.00974169 0.00810199 0.00812992 0.00808176 0.00868816 0.00822086 0.00933843 0.00828913 0.00853334 0.00796973 0.00795338 0.00793784 
0.00857179 0.012846 0.0128894 0.0163196 0.0127442 0.067574 0.0258599 0.363084 0.00580638 0.00355947 0.0035755 0.00352228 0 0.00354676 0.00354009 0.00372163 0.00355797 0.00386788 0.003696 0.00390744 0.00522384 0.00632083 0.00659238 0.00893076 0.00734706 0.0120464 0.0124807 0.873667 0.0198114 0.00981223 0.00903505 0.00975988 0.00957803 0.0107523 0.0190036 0.013904 0.0120478 0.00963782 0.00806528 0.00803367 0.00812915 0.00837883 0.00955428 0.00877337 0.00869563 0.00840478 0.00799519 0.00792099 0.00793737 
0.0104998 0.00990038 0.020723 0.0146924 0.0311203 0.0205267 0.399358 0.0114921 0.00684981 0.00356605 0.00375547 0.00353408 0.00354676 0 0.00351425 0.00351596 0.00356033 0.00353827 0.00393745 0.00369326 0.00539089 0.00623586 0.00742758 0.0067046 0.00830495 0.00944332 0.852975 0.018622 0.0132572 0.00861927 0.0110676 0.0156044 0.0107108 0.0131145 0.0146219 0.0204637 0.0115422 0.0108995 0.00816481 0.00811904 0.00818092 0.00872535 0.00879165 0.00946914 0.00863942 0.00866851 0.00800437 0.00794689 0.00796881 
0.0107091 0.013729 0.0218155 0.0314037 0.0385391 0.406394 0.00801153 0.00818708 0.00693805 0.00358337 0.00357521 0.003528 0.00354009 0.00351425 0 0.00355672 0.00356959 0.0035781 0.00352054 0.00356768 0.00486563 0.00616595 0.0061515 0.00685777 0.0109281 0.895212 0.0167581 0.010608 0.00873479 0.010217 0.00929375 0.00961441 0.0103836 0.0140085 0.0186017 0.019357 0.0138047 0.0101781 0.00823558 0.00825891 0.00833991 0.00892323 0.00962279 0.00947247 0.00919679 0.00931384 0.0080711 0.00799138 0.00798238 
0.012569 0.0235512 0.0626795 0.0459403 0.419962 0.00992376 0.011409 0.00844669 0.00768893 0.00373633 0.00392194 0.00354042 0.00372163 0.00351596 0.00355672 0 0.00354288 0.00352689 0.00355351 0.00357775 0.0044508 0.00500616 0.00653485 0.0102963 0.938131 0.0151802 0.011784 0.00865283 0.0117814 0.00937234 0.0139023 0.00892988 0.0118532 0.0233144 0.024421 0.0354039 0.0142858 0.0111032 0.00824321 0.00825195 0.00843801 0.00993059 0.00981956 0.0118014 0.00908051 0.0090313 0.00808602 0.00798827 0.00798944 
0.0165278 0.0445384 0.0486526 0.423615 0.0131607 0.0111112 0.00905829 0.0125647 0.00802287 0.00429385 0.00375751 0.00371817 0.00355797 0.00356033 0.00356959 0.00354288 0 0.00353877 0.0035671 0.00356128 0.00383608 0.00573332 0.00869913 0.961526 0.01504 0.0140024 0.00774022 0.0118056 0.00951276 0.0151228 0.00946563 0.0091164 0.0127669 0.0143253 0.0505278 0.029551 0.0181172 0.0111896 0.00832828 0.00836186 0.00860673 0.00920363 0.0123177 0.00994168 0.00996654 0.00914388 0.0081121 0.00799781 0.00802277 
0.0278547 0.0312507 0.412405 0.0191 0.015517 0.00916674 0.0106308 0.00803342 0.00842171 0.00418475 0.00500924 0.004761 0.00386788 0.00353827 0.0035781 0.00352689 0.00353877 0 0.00355145 0.00353759 0.00610597 0.00616261 0.953241 0.0107028 0.00975152 0.00663658 0.0100379 0.00788003 0.010154 0.0086918 0.0115882 0.00821307 0.0094898 0.0329351 0.0187984 0.0625635 0.0125913 0.0117619 0.0083205 0.00832699 0.00837902 0.0102849 0.00931159 0.0139114 0.0089701 0.00914282 0.00806295 0.00800228 0.00801823 
0.0221434 0.370748 0.0131289 0.0167499 0.0104661 0.0101763 0.00808215 0.0190789 0.00795978 0.00533015 0.00854867 0.00406243 0.003696 0.00393745 0.00352054 0.00355351 0.0035671 0.00355145 0 0.00367662 0.00761268 0.995372 0.00757537 0.00897715 0.00481679 0.0106721 0.00617343 0.00909732 0.00821209 0.0109068 0.00937574 0.010129 0.0136227 0.0101022 0.0229519 0.0111251 0.0309676 0.010224 0.00877683 0.00856871 0.00883194 0.00847591 0.00936221 0.00843725 0.00991463 0.00854408 0.00818264 0.00812176 0.00814689 
0.279073 0.00957067 0.0114023 0.00956749 0.009077 0.00809492 0.00829127 0.00777443 0.00913288 0.00962093 0.00522485 0.00407754 0.00390744 0.00369326 0.00356768 0.00357775 0.00356128 0.00353759 0.00367662 0 0.995007 0.00388368 0.00429326 0.00368583 0.00500001 0.00448587 0.00605042 0.00671012 0.00726173 0.00654525 0.00712766 0.00827416 0.0107155 0.0146135 0.00899806 0.0109517 0.00933558 0.0155467 0.0108335 0.0092877 0.00882301 0.00863826 0.00810639 0.00883503 0.0083004 0.00832305 0.00836093 0.00906814 0.00942973 
0.0123746 0.00907741 0.00840335 0.0085264 0.00797596 0.00782886 0.00764995 0.00961655 0.0119059 0.00601079 0.00581184 0.00557513 0.00522384 0.00539089 0.00486563 0.0044508 0.00383608 0.00610597 0.00761268 0.995007 0 0.00389692 0.00364729 0.00376596 0.00391814 0.00380836 0.00367585 0.00400575 0.00446014 0.00550007 0.00732936 0.0195775 0.0155005 0.00921266 0.00963543 0.00876551 0.00952474 0.0153324 0.0116435 0.0109181 0.0085417 0.00810593 0.00830751 0.00803372 0.00806907 0.00823107 0.00903265 0.0088212 0.00938793 
0.00988897 0.0106175 0.00888245 0.00898838 0.00878696 0.00825871 0.00838264 0.0114531 0.008501 0.00645594 0.00631682 0.00616199 0.00632083 0.00623586 0.00616595 0.00500616 0.00573332 0.00616261 0.995372 0.00388368 0.00389692 0 0.00382853 0.00361154 0.00363811 0.00361515 0.00358945 0.00380563 0.00407413 0.00558387 0.00932127 0.00945529 0.00990591 0.0106189 0.00925313 0.00895588 0.0127377 0.00896129 0.00917494 0.00904397 0.00827144 0.00833028 0.00824216 0.00821461 0.00826736 0.00809411 0.0081725 0.00821243 0.00837643 
0.0107227 0.00887783 0.0115222 0.00931539 0.00929633 0.00858187 0.0102543 0.00850457 0.00820452 0.00689962 0.0065734 0.00730475 0.00659238 0.00742758 0.0061515 0.00653485 0.00869913 0.953241 0.00757537 0.00429326 0.00364729 0.00382853 0 0.00358734 0.00358954 0.00353514 0.00367574 0.00370804 0.00394662 0.00538489 0.00437623 0.00457638 0.00907966 0.013395 0.0092883 0.0147536 0.00889896 0.00891849 0.00829827 0.00832264 0.00811407 0.00846185 0.00814105 0.00946653 0.00816655 0.0129342 0.00794855 0.00798881 0.00811196 
0.00917628 0.0155928 0.00917809 0.0109752 0.00940693 0.0104237 0.00847502 0.0100441 0.00827489 0.0068467 0.00740694 0.00635162 0.00893076 0.0067046 0.00685777 0.0102963 0.961526 0.0107028 0.00897715 0.00368583 0.00376596 0.00361154 0.00358734 0 0.00346648 0.00356703 0.0035299 0.00365156 0.0040298 0.00394986 0.0037965 0.00387077 0.0231327 0.00870395 0.0390262 0.00896205 0.0118224 0.0086321 0.00863495 0.00896485 0.00898857 0.00815834 0.0142052 0.00827153 0.00960072 0.00832657 0.00838499 0.00805866 0.00820348 
0.0155181 0.00918631 0.0193803 0.0107776 0.011086 0.00899141 0.0123463 0.00873127 0.00928656 0.00818194 0.00707394 0.00856556 0.00734706 0.00830495 0.0109281 0.938131 0.01504 0.00975152 0.00481679 0.00500001 0.00391814 0.00363811 0.00358954 0.00346648 0 0.00351822 0.00353561 0.00358692 0.00379173 0.0039523 0.00370436 0.00433737 0.00867266 0.0775571 0.00883577 0.0360634 0.00926902 0.01109 0.00838452 0.00835083 0.0081531 0.0122909 0.00814411 0.015302 0.00819301 0.00831353 0.00798862 0.00799805 0.00846758 
0.00924187 0.0174627 0.0113286 0.0148504 0.0117711 0.0113029 0.0097749 0.0124403 0.00861466 0.00702854 0.00874088 0.0073018 0.0120464 0.00944332 0.895212 0.0151802 0.0140024 0.00663658 0.0106721 0.00448587 0.00380836 0.00361515 0.00353514 0.00356703 0.00351822 0 0.00350891 0.00358254 0.00355937 0.00353585 0.00358571 0.00366413 0.0385388 0.00906632 0.0684516 0.00910513 0.0142363 0.00892046 0.00837637 0.00860465 0.00925953 0.00826053 0.018567 0.00839682 0.00999314 0.00859119 0.00822944 0.00798592 0.00800788 
0.0124467 0.0105295 0.0265341 0.0133937 0.0149693 0.011892 0.0139915 0.00924414 0.00939485 0.00755293 0.00763071 0.0125354 0.0124807 0.852975 0.0167581 0.011784 0.00774022 0.0100379 0.00617343 0.00605042 0.00367585 0.00358945 0.00367574 0.0035299 0.00353561 0.00350891 0 0.00351086 0.00352087 0.00354177 0.00349156 0.00361974 0.0103391 0.0460196 0.00965387 0.0350944 0.0100477 0.0108689 0.00820053 0.00832713 0.00821274 0.0106449 0.0083529 0.0140462 0.00865208 0.00882031 0.00801259 0.00796251 0.00799459 
0.00933863 0.0178385 0.0137394 0.017982 0.0180998 0.0124653 0.00971806 0.0133207 0.00905223 0.00751049 0.00914253 0.00891042 0.873667 0.018622 0.010608 0.00865283 0.0118056 0.00788003 0.00909732 0.00671012 0.00400575 0.00380563 0.00370804 0.00365156 0.00358692 0.00358254 0.00351086 0 0.00352224 0.00354734 0.0035329 0.00359993 0.0201001 0.0104098 0.0405047 0.0113829 0.0175094 0.00937273 0.00849621 0.00860245 0.00853312 0.00841301 0.0132024 0.00872897 0.00944843 0.00858918 0.00807053 0.0079743 0.00801064 
0.0114604 0.00989387 0.0210935 0.0184859 0.0143133 0.010557 0.0129318 0.00948955 0.00935221 0.00842544 0.00886699 0.723661 0.0198114 0.0132572 0.00873479 0.0117814 0.00951276 0.010154 0.00821209 0.00726173 0.00446014 0.00407413 0.00394662 0.0040298 0.00379173 0.00355937 0.00352087 0.00352224 0 0.00357232 0.0035368 0.00363973 0.0090613 0.0293521 0.0145194 0.0291512 0.010746 0.0106106 0.00832949 0.0083678 0.00824786 0.00965969 0.00847214 0.010605 0.00847302 0.00844341 0.00807497 0.00798067 0.00812053 
0.00908386 0.0106133 0.0152075 0.014612 0.0116311 0.0103695 0.00919709 0.0105125 0.00866446 0.0084225 0.188086 0.0234241 0.00981223 0.00861927 0.010217 0.00937234 0.0151228 0.0086918 0.0109068 0.00654525 0.00550007 0.00558387 0.00538489 0.00394986 0.0039523 0.00353585 0.00354177 0.00354734 0.00357232 0 0.00358717 0.00356759 0.0123318 0.0101342 0.0230416 0.0146007 0.0130463 0.00885299 0.00842642 0.00850629 0.00830058 0.00842499 0.00927906 0.00852836 0.00843297 0.00833389 0.00800284 0.00800588 0.00803287 
0.00984963 0.014723 0.0120952 0.0121023 0.0107121 0.00970284 0.00989425 0.014061 0.008966 0.126193 0.0233131 0.00881603 0.00903505 0.0110676 0.00929375 0.0139023 0.00946563 0.0115882 0.00937574 0.00712766 0.00732936 0.00932127 0.00437623 0.0037965 0.00370436 0.00358571 0.00349156 0.0035329 0.0035368 0.00358717 0 0.00355223 0.0117801 0.0134868 0.0133271 0.0218355 0.0259689 0.00992492 0.00850283 0.00857064 0.00856084 0.00870566 0.00841005 0.00852572 0.00883337 0.00818196 0.00802548 0.0080535 0.00808443 
0.0477326 0.0111325 0.0106724 0.0105299 0.00931319 0.00933416 0.0100468 0.0100651 0.025586 0.134214 0.00829493 0.00904212 0.00975988 0.0156044 0.00961441 0.00892988 0.0091164 0.00821307 0.010129 0.00827416 0.0195775 0.00945529 0.00457638 0.00387077 0.00433737 0.00366413 0.00361974 0.00359993 0.00363973 0.00356759 0.00355223 0 0.0151752 0.0167126 0.0106157 0.0136639 0.0393591 0.0424844 0.0153052 0.0129046 0.0131785 0.00903823 0.0084469 0.00857744 0.0082466 0.00858149 0.0101374 0.0106545 0.0107699 
0.0117246 0.0139681 0.00990614 0.0101952 0.00926437 0.00921583 0.00880157 0.012072 0.0106932 0.00905062 0.00958031 0.00878274 0.00957803 0.0107108 0.0103836 0.0118532 0.0127669 0.0094898 0.0136227 0.0107155 0.0155005 0.00990591 0.00907966 0.0231327 0.00867266 0.0385388 0.0103391 0.0201001 0.0090613 0.0123318 0.0117801 0.0151752 0 0.00385666 0.00367606 0.00355805 0.00382224 0.00403088 0.0270493 0.022844 0.0401285 0.00869429 0.0138067 0.00851459 0.00990476 0.00950525 0.0126148 0.00979499 0.00968559 
0.0282847 0.0130282 0.0298729 0.0152537 0.0135953 0.0105788 0.0197074 0.00966596 0.0104731 0.0116205 0.00866375 0.0128655 0.0107523 0.0131145 0.0140085 0.0233144 0.0143253 0.0329351 0.0101022 0.0146135 0.00921266 0.0106189 0.013395 0.00870395 0.0775571 0.00906632 0.0460196 0.0104098 0.0293521 0.0101342 0.0134868 0.0167126 0.00385666 0 0.00357649 0.00354561 0.00377299 0.00391519 0.0110122 0.0102852 0.00908439 0.0805348 0.00854545 0.0395684 0.00894219 0.00949646 0.00842223 0.00860868 0.0104067 
0.00961775 0.0440871 0.0274305 0.0380764 0.0237166 0.0209063 0.0123373 0.0174485 0.00889359 0.008596 0.0106532 0.0105335 0.0190036 0.0146219 0.0186017 0.024421 0.0505278 0.0187984 0.0229519 0.00899806 0.00963543 0.00925313 0.0092883 0.0390262 0.00883577 0.0684516 0.00965387 0.0405047 0.0145194 0.0230416 0.0133271 0.0106157 0.00367606 0.00357649 0 0.00353316 0.00356188 0.00356293 0.0103834 0.0111603 0.0131211 0.00886224 0.154496 0.00945391 0.0206563 0.00952225 0.00897552 0.00838495 0.00841999 
0.0133672 0.0128581 0.0770303 0.0380297 0.0270279 0.0160816 0.031957 0.0103303 0.00966162 0.00918455 0.00897961 0.0161715 0.013904 0.0204637 0.019357 0.0354039 0.029551 0.0625635 0.0111251 0.0109517 0.00876551 0.00895588 0.0147536 0.00896205 0.0360634 0.00910513 0.0350944 0.0113829 0.0291512 0.0146007 0.0218355 0.0136639 0.00355805 0.00354561 0.00353316 0 0.00352865 0.00355358 0.00895598 0.00891466 0.00894654 0.0265938 0.00945343 0.0847608 0.00940666 0.010926 0.00833681 0.0083847 0.00855482 
0.0101361 0.0230965 0.0142621 0.0176359 0.014329 0.0121605 0.0103637 0.0179489 0.00912527 0.00897184 0.0101837 0.00938892 0.0120478 0.0115422 0.0138047 0.0142858 0.0181172 0.0125913 0.0309676 0.00933558 0.00952474 0.0127377 0.00889896 0.0118224 0.00926902 0.0142363 0.0100477 0.0175094 0.010746 0.0130463 0.0259689 0.0393591 0.00382224 0.00377299 0.00356188 0.00352865 0 0.00380324 0.0136346 0.0109769 0.0234338 0.00942811 0.0153038 0.00927346 0.0387115 0.00900506 0.00897132 0.00876214 0.00881489 
0.0210155 0.00962625 0.0109053 0.010448 0.0101441 0.00921476 0.0097183 0.00987405 0.0113446 0.0146589 0.00857498 0.00974169 0.00963782 0.0108995 0.0101781 0.0111032 0.0111896 0.0117619 0.010224 0.0155467 0.0153324 0.00896129 0.00891849 0.0086321 0.01109 0.00892046 0.0108689 0.00937273 0.0106106 0.00885299 0.00992492 0.0424844 0.00403088 0.00391519 0.00356293 0.00355358 0.00380324 0 0.0393665 0.0118922 0.0116326 0.0101054 0.00854763 0.0114213 0.00889839 0.0145608 0.00923581 0.0106561 0.0110817 
0.0107271 0.00841966 0.00822547 0.00824163 0.00815881 0.00804862 0.00806199 0.00848765 0.00943541 0.00910283 0.00806483 0.00810199 0.00806528 0.00816481 0.00823558 0.00824321 0.00832828 0.0083205 0.00877683 0.0108335 0.0116435 0.00917494 0.00829827 0.00863495 0.00838452 0.00837637 0.00820053 0.00849621 0.00832949 0.00842642 0.00850283 0.0153052 0.0270493 0.0110122 0.0103834 0.00895598 0.0136346 0.0393665 0 0.948691 0.0193565 0.00863189 0.00926743 0.00816931 0.00954926 0.00904019 0.0274168 0.0217245 0.0197554 
0.0105258 0.00850376 0.0082593 0.00821279 0.00821773 0.00807476 0.00805766 0.00852226 0.00876975 0.00922794 0.008088 0.00812992 0.00803367 0.00811904 0.00825891 0.00825195 0.00836186 0.00832699 0.00856871 0.0092877 0.0109181 0.00904397 0.00832264 0.00896485 0.00835083 0.00860465 0.00832713 0.00860245 0.0083678 0.00850629 0.00857064 0.0129046 0.022844 0.0102852 0.0111603 0.00891466 0.0109769 0.0118922 0.948691 0 0.0138195 0.00781241 0.00855922 0.00737465 0.00868934 0.00949046 0.0177449 0.0191288 0.0250062 
0.00916537 0.0084069 0.00828843 0.00830302 0.0081876 0.00813718 0.00821446 0.00842056 0.00832588 0.00798772 0.00803555 0.00808176 0.00812915 0.00818092 0.00833991 0.00843801 0.00860673 0.00837902 0.00883194 0.00882301 0.0085417 0.00827144 0.00811407 0.00898857 0.0081531 0.00925953 0.00821274 0.00853312 0.00824786 0.00830058 0.00856084 0.0131785 0.0401285 0.00908439 0.0131211 0.00894654 0.0234338 0.0116326 0.0193565 0.0138195 0 0.00363282 0.00379666 0.0035396 0.00403109 0.0042306 0.00944701 0.00743898 0.0165833 
0.00874472 0.00853167 0.0096169 0.00886698 0.00865178 0.00840189 0.00936356 0.00842942 0.00828931 0.00813536 0.00814406 0.00868816 0.00837883 0.00872535 0.00892323 0.00993059 0.00920363 0.0102849 0.00847591 0.00863826 0.00810593 0.00833028 0.00846185 0.00815834 0.0122909 0.00826053 0.0106449 0.00841301 0.00965969 0.00842499 0.00870566 0.00903823 0.00869429 0.0805348 0.00886224 0.0265938 0.00942811 0.0101054 0.00863189 0.00781241 0.00363282 0 0.00351365 0.00355606 0.00359067 0.00358448 0.00361502 0.00500965 0.0111246 
0.00820153 0.00955636 0.00940991 0.00969359 0.0094077 0.00904828 0.00861474 0.00914682 0.00816468 0.00798634 0.00820421 0.00822086 0.00955428 0.00879165 0.00962279 0.00981956 0.0123177 0.00931159 0.00936221 0.00810639 0.00830751 0.00824216 0.00814105 0.0142052 0.00814411 0.018567 0.0083529 0.0132024 0.00847214 0.00927906 0.00841005 0.0084469 0.0138067 0.00854545 0.154496 0.00945343 0.0153038 0.00854763 0.00926743 0.00855922 0.00379666 0.00351365 0 0.00351289 0.00357175 0.00355978 0.00367096 0.00461096 0.00845477 
0.00869249 0.00833526 0.011859 0.0102176 0.00976178 0.00884534 0.0108195 0.00840219 0.00833307 0.00816452 0.0080369 0.00933843 0.00877337 0.00946914 0.00947247 0.0118014 0.00994168 0.0139114 0.00843725 0.00883503 0.00803372 0.00821461 0.00946653 0.00827153 0.015302 0.00839682 0.0140462 0.00872897 0.010605 0.00852836 0.00852572 0.00857744 0.00851459 0.0395684 0.00945391 0.0847608 0.00927346 0.0114213 0.00816931 0.00737465 0.0035396 0.00355606 0.00351289 0 0.00365913 0.00352115 0.00361443 0.00377225 0.0090173 
0.00826796 0.00932339 0.00888091 0.00891546 0.00878435 0.00876582 0.00854803 0.00886339 0.00816233 0.00798191 0.00819547 0.00828913 0.00869563 0.00863942 0.00919679 0.00908051 0.00996654 0.0089701 0.00991463 0.0083004 0.00806907 0.00826736 0.00816655 0.00960072 0.00819301 0.00999314 0.00865208 0.00944843 0.00847302 0.00843297 0.00883337 0.0082466 0.00990476 0.00894219 0.0206563 0.00940666 0.0387115 0.00889839 0.00954926 0.00868934 0.00403109 0.00359067 0.00357175 0.00365913 0 0.00351729 0.003823 0.00422276 0.00869654 
0.0083708 0.00837446 0.00905139 0.0087936 0.00865057 0.00851827 0.00891043 0.00824466 0.00805784 0.00819191 0.00805493 0.00853334 0.00840478 0.00866851 0.00931384 0.0090313 0.00914388 0.00914282 0.00854408 0.00832305 0.00823107 0.00809411 0.0129342 0.00832657 0.00831353 0.00859119 0.00882031 0.00858918 0.00844341 0.00833389 0.00818196 0.00858149 0.00950525 0.00949646 0.00952225 0.010926 0.00900506 0.0145608 0.00904019 0.00949046 0.0042306 0.00358448 0.00355978 0.00352115 0.00351729 0 0.0036227 0.0037586 0.0114604 
0.00908089 0.00821581 0.00805665 0.00802394 0.00798425 0.0079681 0.00800114 0.00799499 0.00811154 0.00831663 0.00799455 0.00796973 0.00799519 0.00800437 0.0080711 0.00808602 0.0081121 0.00806295 0.00818264 0.00836093 0.00903265 0.0081725 0.00794855 0.00838499 0.00798862 0.00822944 0.00801259 0.00807053 0.00807497 0.00800284 0.00802548 0.0101374 0.0126148 0.00842223 0.00897552 0.00833681 0.00897132 0.00923581 0.0274168 0.0177449 0.00944701 0.00361502 0.00367096 0.00361443 0.003823 0.0036227 0 0.841036 0.0185403 
0.00884572 0.00799049 0.00798835 0.00796805 0.00794429 0.00792949 0.00794167 0.00800981 0.00858566 0.00821799 0.00791224 0.00795338 0.00792099 0.00794689 0.00799138 0.00798827 0.00799781 0.00800228 0.00812176 0.00906814 0.0088212 0.00821243 0.00798881 0.00805866 0.00799805 0.00798592 0.00796251 0.0079743 0.00798067 0.00800588 0.0080535 0.0106545 0.00979499 0.00860868 0.00838495 0.0083847 0.00876214 0.0106561 0.0217245 0.0191288 0.00743898 0.00500965 0.00461096 0.00377225 0.00422276 0.0037586 0.841036 0 0.145415 
0.0104484 0.00818772 0.00815117 0.00803668 0.00801762 0.00794572 0.00795995 0.00808702 0.00897337 0.00901476 0.00797187 0.00793784 0.00793737 0.00796881 0.00798238 0.00798944 0.00802277 0.00801823 0.00814689 0.00942973 0.00938793 0.00837643 0.00811196 0.00820348 0.00846758 0.00800788 0.00799459 0.00801064 0.00812053 0.00803287 0.00808443 0.0107699 0.00968559 0.0104067 0.00841999 0.00855482 0.00881489 0.0110817 0.0197554 0.0250062 0.0165833 0.0111246 0.00845477 0.0090173 0.00869654 0.0114604 0.0185403 0.145415 0 
