1L5BA
LGKFSQTCYNSAIQGSVLTSTCERTNGGYNTSSIDLNSVIENVDGSLKWQPSNFIETCRNTQLAGSSELAAECKTRAQQFVSTKINLDDHIANIDGTLKYE
CCCHHHCEEEEEEECCEEEEEEECCCCCEEEEEEEHHHCEEEECCEEEECCCCHHHHEEEEEEECCCEEEEEEECCCCCEEEEEEEHHHCEEECCCCEEEC
0 0 0 0 0 0 0 0 0 0 0 0 0 0 0 0 0 0 0 0 0 0 0 0 0 0 0 0 0 0 0 0 0 0 0 0 0 0 0 0 0 0 0 0 0 0 0 0 0 0 0 0 0 0 0 0 0 0 0 0 0 0 0 0 0 0 0 0 0 0 0 0 0 0 0 0 0 0 0 0 0 0 0 0 0 0 0 0 0 0 0 0 0 0 0 0 0 0 0 0 0 
0 0 0 0 0 0 0 0 0 0 0 0 0 0 0 0 0 0 0 0 0 0 0 0 0 0 0 0 0 0 0 0 0 0 0 0 0 0 0 0 0 0 0 0 0 0 0 0 0 0 0 0 0 0 0 0 0 0 0 0 0 0 0 0 0 0 0 0 0 0 0 0 0 0 0 0 0 0 0 0 0 0 0 0 0 0 0 0 0 0 0 0 0 0 0 0 0 0 0 0 0 
0 0.00367738 0.00360279 0.00393052 0.00359815 0.0048986 0.00645599 0.00551988 0.00601505 0.00553959 0.00749568 0.00836547 0.36009 0.198203 0.0102076 0.00852295 0.00801181 0.0106788 0.00832377 0.0139485 0.0194045 0.0188683 0.00884682 0.0112763 0.0149516 0.00958771 0.011837 0.00868512 0.0220649 0.0139406 0.00858547 0.00861575 0.008859 0.00841868 0.0103589 0.0120815 0.00909491 0.00937842 0.00882525 0.00927932 0.00848495 0.0101292 0.0105665 0.00912914 0.00822209 0.00835897 0.0092652 0.00824907 0.0105933 0.0106568 0.00982576 0.00825519 0.0108426 0.0109552 0.00824271 0.0165648 
0.00367738 0 0.00356368 0.0035531 0.00359253 0.00409836 0.00371206 0.00568259 0.00622147 0.00811134 0.00960881 0.373896 0.086095 0.00831509 0.00802209 0.00823008 0.00811967 0.00820939 0.00973525 0.0100566 0.00963626 0.00874707 0.0142457 0.00913711 0.00850731 0.00931554 0.00891515 0.0122663 0.00874958 0.00860875 0.00920186 0.00862702 0.0086069 0.00915002 0.00905779 0.0088516 0.00916872 0.00936081 0.0101936 0.00912558 0.00969511 0.00892328 0.00880797 0.00826991 0.00840246 0.00839204 0.008398 0.00912853 0.00877004 0.00863192 0.00834888 0.00909214 0.00880605 0.00816393 0.0091889 0.00869885 
0.00360279 0.00356368 0 0.00379325 0.00354344 0.00354341 0.00353934 0.00440277 0.00478598 0.00644515 0.060676 0.153946 0.0133291 0.0071623 0.00762722 0.00782207 0.00823635 0.00859452 0.0110651 0.00826587 0.00819546 0.00930346 0.00944931 0.00876377 0.00824001 0.00917401 0.00893808 0.00927664 0.00842848 0.00871079 0.00899973 0.00865042 0.00894117 0.00963014 0.00844026 0.00847304 0.00904508 0.00885152 0.0106014 0.00919915 0.012687 0.0085017 0.008512 0.00824722 0.00826139 0.00883618 0.00856516 0.0103223 0.00834079 0.00863142 0.00847004 0.00826621 0.00836697 0.00827275 0.0084192 0.00832066 
0.00393052 0.0035531 0.00379325 0 0.00352 0.00356942 0.00352801 0.00419409 0.00768966 0.0130051 0.277762 0.00889709 0.0135965 0.00574184 0.00764534 0.00758633 0.0078892 0.0119686 0.0083415 0.0118887 0.00762539 0.012248 0.00848164 0.00971398 0.00851245 0.00847692 0.0127012 0.00856143 0.0106648 0.0104846 0.00853725 0.00945796 0.00978603 0.00849017 0.00995772 0.00852548 0.0085974 0.0114601 0.00925281 0.0208672 0.00871647 0.0112295 0.00846589 0.00836217 0.00876307 0.00846074 0.0130938 0.00833306 0.0110947 0.00829858 0.00910922 0.0085115 0.00865269 0.00977437 0.00827777 0.0104044 
0.00359815 0.00359253 0.00354344 0.00352 0 0.00353248 0.00356488 0.00450043 0.00553674 0.802636 0.00698502 0.0156379 0.00549121 0.00682961 0.00792434 0.00786226 0.0135501 0.00784981 0.0211466 0.00802479 0.0090294 0.00868939 0.0196766 0.00862514 0.00830115 0.0129887 0.00850223 0.0205923 0.008597 0.00846663 0.0100526 0.0088498 0.00868768 0.0125425 0.0085554 0.00903626 0.0106757 0.00886925 0.024579 0.00911509 0.0247059 0.00854028 0.0093688 0.00844575 0.00838005 0.0130363 0.00836275 0.0158115 0.00844188 0.00989891 0.00836788 0.00865922 0.00865872 0.00819508 0.009848 0.00845169 
0.0048986 0.00409836 0.00354341 0.00356942 0.00353248 0 0.0035413 0.00457097 0.892954 0.00534711 0.00864931 0.00457394 0.0071985 0.00547827 0.00802376 0.0110003 0.00775834 0.0124007 0.00831932 0.0285759 0.00792436 0.014156 0.00875283 0.0128437 0.0087222 0.00905022 0.03055 0.00862736 0.0101506 0.0137893 0.00879662 0.00910695 0.00892182 0.00855877 0.0130819 0.0086022 0.00919514 0.0186026 0.00877677 0.0163764 0.00867904 0.0143853 0.00847055 0.00870026 0.00927815 0.00839721 0.0110315 0.00847283 0.0128625 0.0083308 0.00964161 0.00926755 0.0086738 0.0107254 0.00849226 0.010779 
0.00645599 0.00371206 0.00353934 0.00352801 0.00356488 0.0035413 0 0.960898 0.00410878 0.00431411 0.00370956 0.00462694 0.00471421 0.00505167 0.0120992 0.00756985 0.00780568 0.00775553 0.0105858 0.00828346 0.0140795 0.0155707 0.00932067 0.00870816 0.00974359 0.0253683 0.00873034 0.0108416 0.0101239 0.0121845 0.00876373 0.008437 0.0083784 0.0087854 0.0085063 0.012369 0.0168353 0.0093503 0.00981028 0.00877727 0.00945226 0.00842314 0.010971 0.0106504 0.00832933 0.008514 0.00830685 0.00887025 0.00841835 0.011539 0.0101079 0.00846284 0.0102992 0.00953321 0.00896701 0.00884793 
0.00551988 0.00568259 0.00440277 0.00419409 0.00450043 0.00457097 0.960898 0 0.00362289 0.00358054 0.00356889 0.00360649 0.00371473 0.00542197 0.00896707 0.00711134 0.00760111 0.0079363 0.0116097 0.014971 0.940907 0.0120999 0.0132156 0.0113701 0.0163464 0.0160866 0.00918278 0.0134192 0.0215183 0.010893 0.00951467 0.00896892 0.00906666 0.0102807 0.0102467 0.0249561 0.0155884 0.00998602 0.0112306 0.0094008 0.0106276 0.00960428 0.0277482 0.00962617 0.00846278 0.00918516 0.00871628 0.0102833 0.00992886 0.0227948 0.0101739 0.00958336 0.0171162 0.00975555 0.00982557 0.012964 
0.00601505 0.00622147 0.00478598 0.00768966 0.00553674 0.892954 0.00410878 0.00362289 0 0.00357638 0.00357316 0.00360156 0.0038036 0.00357727 0.00668522 0.00712577 0.00722055 0.00947474 0.00945345 0.954449 0.00945066 0.0130513 0.00923595 0.0205025 0.0089375 0.00857833 0.0193168 0.00923008 0.0132489 0.0119217 0.00885281 0.00933093 0.00995682 0.00873404 0.0208793 0.00945612 0.00923596 0.0217736 0.00927155 0.0216781 0.00904813 0.0391987 0.00904045 0.00870645 0.00935439 0.00861509 0.013276 0.00854276 0.0248538 0.00898917 0.00987122 0.0105429 0.00968079 0.0101888 0.00873697 0.0137425 
0.00553959 0.00811134 0.00644515 0.0130051 0.802636 0.00534711 0.00431411 0.00358054 0.00357638 0 0.00357153 0.00356165 0.00355914 0.00360505 0.00699791 0.0066614 0.0080048 0.00818839 0.948114 0.00966314 0.00999009 0.00846112 0.0209207 0.00866732 0.00862838 0.0122354 0.00863936 0.0185965 0.00874857 0.00888423 0.010872 0.0093372 0.00897648 0.0237469 0.00875057 0.0103588 0.0122453 0.00923453 0.0317355 0.00975328 0.0710022 0.00864467 0.0116573 0.00875147 0.00849672 0.0134593 0.00870253 0.0346316 0.00862039 0.0121764 0.00880436 0.00927451 0.00913173 0.0085841 0.0102139 0.00883864 
0.00749568 0.00960881 0.060676 0.277762 0.00698502 0.00864931 0.00370956 0.00356889 0.00357316 0.00357153 0 0.00354264 0.00354305 0.0035312 0.0052398 0.0071769 0.00714949 0.945658 0.00927743 0.0128122 0.00634613 0.0137444 0.00844298 0.0142578 0.00848826 0.00836821 0.0165717 0.00870699 0.0152724 0.0114149 0.00872549 0.0103934 0.0221383 0.00876063 0.0114412 0.008865 0.00895641 0.0193899 0.0100829 0.0802377 0.00916467 0.0166789 0.00885472 0.00863242 0.00912054 0.00871635 0.0233273 0.00878588 0.0157238 0.00866354 0.00975876 0.00909682 0.00907183 0.0100505 0.0085393 0.0122264 
0.00836547 0.373896 0.153946 0.00889709 0.0156379 0.00457394 0.00462694 0.00360649 0.00360156 0.00356165 0.00354264 0 0.00351752 0.00359839 0.00655938 0.00604563 0.944778 0.00762926 0.0142179 0.00644776 0.00644195 0.00791373 0.0159811 0.00885325 0.00828141 0.0118271 0.00845217 0.0224688 0.00882393 0.00877485 0.0104084 0.0204816 0.00880425 0.0133096 0.00868625 0.00992048 0.0122433 0.00915327 0.0623575 0.00934586 0.029751 0.00865533 0.0103447 0.00885658 0.00848068 0.0164829 0.0086414 0.0194609 0.0087167 0.0113449 0.00879053 0.00909845 0.0090573 0.00844475 0.00982733 0.00961369 
0.36009 0.086095 0.0133291 0.0135965 0.00549121 0.0071985 0.00471421 0.00371473 0.0038036 0.00355914 0.00354305 0.00351752 0 0.00355837 0.00769586 0.984561 0.00609065 0.0141616 0.00676666 0.00825021 0.00574113 0.0133546 0.00829817 0.0146851 0.00825049 0.00878625 0.0261549 0.00849959 0.011445 0.0139898 0.0118475 0.00970974 0.00900135 0.00861014 0.0131098 0.0086126 0.00926271 0.0566482 0.00896583 0.0165574 0.00873654 0.015422 0.00850824 0.00868966 0.0113953 0.00847848 0.0113011 0.00853601 0.0139638 0.00851947 0.0105084 0.00935596 0.00905411 0.0104121 0.00848883 0.012697 
0.198203 0.00831509 0.0071623 0.00574184 0.00682961 0.00547827 0.00505167 0.00542197 0.00357727 0.00360505 0.0035312 0.00359839 0.00355837 0 0.993 0.00468704 0.00705424 0.00500261 0.00673667 0.00600396 0.00658459 0.0100846 0.00931064 0.00771482 0.00795816 0.0284949 0.00855024 0.00979642 0.00853366 0.0223576 0.00930256 0.00854742 0.00854625 0.00939957 0.00862585 0.00991431 0.0464554 0.00943569 0.0109333 0.00885901 0.0100971 0.00860695 0.010546 0.0176034 0.00868232 0.00906848 0.00858232 0.0101519 0.00853259 0.0120792 0.0116178 0.0088138 0.00945043 0.0105328 0.00987784 0.00883396 
0.0102076 0.00802209 0.00762722 0.00764534 0.00792434 0.00802376 0.0120992 0.00896707 0.00668522 0.00699791 0.0052398 0.00655938 0.00769586 0.993 0 0.00383144 0.00360171 0.00363823 0.00385063 0.00377395 0.00451013 0.00666382 0.00698692 0.00718 0.0194396 0.00910045 0.00788318 0.00879754 0.0139932 0.00943062 0.00863184 0.00841698 0.00883838 0.00917184 0.00924083 0.0174309 0.0105963 0.00896537 0.00923644 0.00862847 0.0090914 0.00878121 0.0197285 0.00951402 0.00874433 0.00893062 0.00869812 0.00953807 0.00930971 0.0135232 0.0090318 0.00880075 0.0120543 0.00940537 0.00898394 0.0115312 
0.00852295 0.00823008 0.00782207 0.00758633 0.00786226 0.0110003 0.00756985 0.00711134 0.00712577 0.0066614 0.0071769 0.00604563 0.984561 0.00468704 0.00383144 0 0.00359402 0.00354536 0.00354199 0.00368386 0.0035803 0.00528178 0.00639946 0.00813049 0.00720396 0.00756647 0.00805072 0.00845218 0.00905932 0.00840611 0.00832493 0.00838892 0.00839379 0.00847018 0.0117095 0.00894671 0.00897066 0.00982404 0.00890452 0.00917881 0.00868402 0.0129928 0.00889184 0.00884119 0.0087083 0.00847024 0.00876299 0.00861908 0.00987147 0.00858291 0.00857364 0.00895285 0.00884106 0.00841044 0.00891605 0.00877886 
0.00801181 0.00811967 0.00823635 0.0078892 0.0135501 0.00775834 0.00780568 0.00760111 0.00722055 0.0080048 0.00714949 0.944778 0.00609065 0.00705424 0.00360171 0.00359402 0 0.00352787 0.0035599 0.0035209 0.00353777 0.00623149 0.00661166 0.00590461 0.00723288 0.00829553 0.00732819 0.00887539 0.00734459 0.00832308 0.0084423 0.00857912 0.00835835 0.0107474 0.00839069 0.00872623 0.00976804 0.00859679 0.0107829 0.00865754 0.0159457 0.00848532 0.00896148 0.00862729 0.00842826 0.00906847 0.00845604 0.0115648 0.00854773 0.00901929 0.00867187 0.00853658 0.00846782 0.008378 0.00866543 0.008425 
0.0106788 0.00820939 0.00859452 0.0119686 0.00784981 0.0124007 0.00775553 0.0079363 0.00947474 0.00818839 0.945658 0.00762926 0.0141616 0.00500261 0.00363823 0.00354536 0.00352787 0 0.00351667 0.00354192 0.00352597 0.00538708 0.00558825 0.018846 0.00900834 0.00672951 0.00934893 0.00715173 0.01112 0.0101066 0.00823901 0.00959095 0.0104373 0.00826195 0.0110334 0.00856684 0.0085786 0.0118494 0.00899009 0.0248623 0.00850856 0.0128521 0.00855729 0.00884183 0.00881161 0.00847688 0.019214 0.00850599 0.0133758 0.00841124 0.00935273 0.00873517 0.00876374 0.0104576 0.00841044 0.0132076 
0.00832377 0.00973525 0.0110651 0.0083415 0.0211466 0.00831932 0.0105858 0.0116097 0.00945345 0.948114 0.00927743 0.0142179 0.00676666 0.00673667 0.00385063 0.00354199 0.0035599 0.00351667 0 0.00352428 0.00354997 0.00384534 0.0314706 0.0195374 0.00632267 0.00998634 0.00712801 0.0148158 0.00748257 0.00838979 0.0116778 0.00986465 0.00872806 0.0180507 0.00864551 0.00967844 0.0133785 0.00906033 0.0458269 0.00912217 0.0387285 0.00863352 0.0113437 0.00950722 0.00872107 0.019406 0.00869974 0.037751 0.00867085 0.0126799 0.00893862 0.00961336 0.00910306 0.00845406 0.0130346 0.00887911 
0.0139485 0.0100566 0.00826587 0.0118887 0.00802479 0.0285759 0.00828346 0.014971 0.954449 0.00966314 0.0128122 0.00644776 0.00825021 0.00600396 0.00377395 0.00368386 0.0035209 0.00354192 0.00352428 0 0.00353212 0.0606792 0.024734 0.00479349 0.00553397 0.00638631 0.02331 0.0072043 0.0077952 0.0175341 0.00871022 0.00927392 0.00969309 0.00827324 0.0177968 0.00876942 0.0100732 0.0353908 0.00895873 0.030896 0.00867826 0.0281248 0.00895417 0.00967116 0.011474 0.00857498 0.0188039 0.00868567 0.0266929 0.00879961 0.0135912 0.0115406 0.00899895 0.0185363 0.00878232 0.0169203 
0.0194045 0.00963626 0.00819546 0.00762539 0.0090294 0.00792436 0.0140795 0.940907 0.00945066 0.00999009 0.00634613 0.00644195 0.00574113 0.00658459 0.00451013 0.0035803 0.00353777 0.00352597 0.00354997 0.00353212 0 0.0304754 0.00389953 0.00361851 0.00934868 0.0189574 0.00568676 0.00665244 0.00804136 0.0214148 0.00908344 0.0078171 0.00804301 0.00951106 0.00831196 0.0166944 0.0378821 0.00955297 0.0142663 0.00912966 0.0126443 0.00864118 0.0214874 0.0163581 0.00861282 0.0098963 0.00869445 0.0132458 0.00894025 0.0331104 0.0142612 0.0104515 0.0142009 0.0110258 0.0117089 0.00943458 
0.0188683 0.00874707 0.00930346 0.012248 0.00868939 0.014156 0.0155707 0.0120999 0.0130513 0.00846112 0.0137444 0.00791373 0.0133546 0.0100846 0.00666382 0.00528178 0.00623149 0.00538708 0.00384534 0.0606792 0.0304754 0 0.00357535 0.00370727 0.00456874 0.00386734 0.00758982 0.0051527 0.964582 0.0115005 0.0076647 0.00842235 0.00931976 0.00835667 0.014053 0.0170384 0.0100838 0.015888 0.00922254 0.0139606 0.00867818 0.0358497 0.014095 0.0103231 0.00930862 0.00886128 0.014192 0.00933652 0.0238783 0.0141617 0.0161913 0.00981671 0.0226106 0.0162294 0.00936478 0.0563334 
0.00884682 0.0142457 0.00944931 0.00848164 0.0196766 0.00875283 0.00932067 0.0132156 0.00923595 0.0209207 0.00844298 0.0159811 0.00829817 0.00931064 0.00698692 0.00639946 0.00661166 0.00558825 0.0314706 0.024734 0.00389953 0.00357535 0 0.00359359 0.00356522 0.00707518 0.00492845 0.933447 0.00746863 0.00662163 0.00926375 0.0080755 0.00788072 0.0110831 0.00843595 0.00971975 0.0142837 0.00912256 0.0184618 0.00881384 0.024556 0.00853944 0.0107945 0.0093929 0.0088751 0.0126014 0.00866939 0.0196134 0.00885432 0.0116169 0.00951256 0.0184495 0.00892322 0.00864221 0.0188821 0.00887604 
0.0112763 0.00913711 0.00876377 0.00971398 0.00862514 0.0128437 0.00870816 0.0113701 0.0205025 0.00866732 0.0142578 0.00885325 0.0146851 0.00771482 0.00718 0.00813049 0.00590461 0.018846 0.0195374 0.00479349 0.00361851 0.00370727 0.00359359 0 0.00362847 0.0040411 0.9829 0.00413468 0.0047378 0.013503 0.00714128 0.00754891 0.00823809 0.00823801 0.0134226 0.00876898 0.00995589 0.0145771 0.0092786 0.0125691 0.00880235 0.0127251 0.00865686 0.0091447 0.009496 0.00860431 0.0103334 0.0089032 0.0116611 0.00885165 0.0106524 0.0105815 0.00910365 0.0126832 0.0094071 0.0108282 
0.0149516 0.00850731 0.00824001 0.00851245 0.00830115 0.0087222 0.00974359 0.0163464 0.0089375 0.00862838 0.00848826 0.00828141 0.00825049 0.00795816 0.0194396 0.00720396 0.00723288 0.00900834 0.00632267 0.00553397 0.00934868 0.00456874 0.00356522 0.00362847 0 0.980983 0.0067166 0.00369072 0.0055174 0.0103213 0.00647454 0.00662383 0.00739513 0.00764859 0.00790595 0.00895499 0.0122934 0.00931549 0.00863768 0.00872316 0.00830661 0.00862552 0.008694 0.0108578 0.00858206 0.00831641 0.00892873 0.0084173 0.00910195 0.00908484 0.0131303 0.00861811 0.00949592 0.0148286 0.00838271 0.0106057 
0.00958771 0.00931554 0.00917401 0.00847692 0.0129887 0.00905022 0.0253683 0.0160866 0.00857833 0.0122354 0.00836821 0.0118271 0.00878625 0.0284949 0.00910045 0.00756647 0.00829553 0.00672951 0.00998634 0.00638631 0.0189574 0.00386734 0.00707518 0.0040411 0.980983 0 0.00360442 0.00405721 0.00387635 0.00531634 0.00710875 0.00718761 0.00735142 0.0134252 0.00808334 0.0400025 0.0198756 0.00816446 0.0135977 0.00830187 0.0153763 0.00856652 0.0515524 0.0102271 0.00868503 0.0114813 0.00852106 0.0171383 0.0090523 0.0636865 0.00974253 0.0115796 0.021091 0.00907579 0.0182015 0.0123697 
0.011837 0.00891515 0.00893808 0.0127012 0.00850223 0.03055 0.00873034 0.00918278 0.0193168 0.00863936 0.0165717 0.00845217 0.0261549 0.00855024 0.00788318 0.00805072 0.00732819 0.00934893 0.00712801 0.02331 0.00568676 0.00758982 0.00492845 0.9829 0.0067166 0.00360442 0 0.00352653 0.00358675 0.00702551 0.00609288 0.00744167 0.0111585 0.00706944 0.0455449 0.00842555 0.0081974 0.0208548 0.0087232 0.0175708 0.00825567 0.048559 0.00863277 0.00913021 0.00995292 0.00865118 0.0182105 0.00851589 0.0536092 0.00868281 0.0125365 0.0123045 0.00980445 0.0149154 0.00878888 0.0323038 
0.00868512 0.0122663 0.00927664 0.00856143 0.0205923 0.00862736 0.0108416 0.0134192 0.00923008 0.0185965 0.00870699 0.0224688 0.00849959 0.00979642 0.00879754 0.00845218 0.00887539 0.00715173 0.0148158 0.0072043 0.00665244 0.0051527 0.933447 0.00413468 0.00369072 0.00405721 0.00352653 0 0.00353075 0.00470033 0.0129966 0.00634384 0.00662472 0.0173284 0.00713676 0.00829163 0.0159617 0.00978861 0.0144373 0.00824692 0.0307555 0.00821637 0.012827 0.00967963 0.00883805 0.0108423 0.0085609 0.0292666 0.00862096 0.0172288 0.00899988 0.0197865 0.0098758 0.00851614 0.0254538 0.0085441 
0.0220649 0.00874958 0.00842848 0.0106648 0.008597 0.0101506 0.0101239 0.0215183 0.0132489 0.00874857 0.0152724 0.00882393 0.011445 0.00853366 0.0139932 0.00905932 0.00734459 0.01112 0.00748257 0.0077952 0.00804136 0.964582 0.00746863 0.0047378 0.0055174 0.00387635 0.00358675 0.00353075 0 0.0313125 0.00532999 0.00564532 0.0101323 0.00665176 0.00816226 0.00861744 0.0129391 0.0121675 0.00843318 0.0193391 0.00814145 0.0109715 0.0105768 0.0145969 0.00932252 0.00846622 0.0142171 0.00868715 0.0115597 0.0100114 0.0270079 0.00952543 0.0119014 0.0317638 0.00871221 0.0223253 
0.0139406 0.00860875 0.00871079 0.0104846 0.00846663 0.0137893 0.0121845 0.010893 0.0119217 0.00888423 0.0114149 0.00877485 0.0139898 0.0223576 0.00943062 0.00840611 0.00832308 0.0101066 0.00838979 0.0175341 0.0214148 0.0115005 0.00662163 0.013503 0.0103213 0.00531634 0.00702551 0.00470033 0.0313125 0 0.00358365 0.00358034 0.00387361 0.00358096 0.00403456 0.00405914 0.0046085 0.00626009 0.0054046 0.00692372 0.00608747 0.382671 0.0951592 0.00930883 0.0082177 0.00836343 0.0124199 0.0084644 0.0307049 0.0120283 0.0136337 0.00981179 0.0344831 0.0167383 0.00925482 0.112928 
0.00858547 0.00920186 0.00899973 0.00853725 0.0100526 0.00879662 0.00876373 0.00951467 0.00885281 0.010872 0.00872549 0.0104084 0.0118475 0.00930256 0.00863184 0.00832493 0.0084423 0.00823901 0.0116778 0.00871022 0.00908344 0.0076647 0.00926375 0.00714128 0.00647454 0.00710875 0.00609288 0.0129966 0.00532999 0.00358365 0 0.00352091 0.00371914 0.00356896 0.00358653 0.00370936 0.0049178 0.00548633 0.00633755 0.00694402 0.36912 0.0277839 0.0138091 0.00822246 0.00827578 0.00870301 0.00804078 0.0111967 0.00844788 0.0122876 0.00894038 0.0134952 0.00910781 0.00869079 0.0136144 0.00922173 
0.00861575 0.00862702 0.00865042 0.00945796 0.0088498 0.00910695 0.008437 0.00896892 0.00933093 0.0093372 0.0103934 0.0204816 0.00970974 0.00854742 0.00841698 0.00838892 0.00857912 0.00959095 0.00986465 0.00927392 0.0078171 0.00842235 0.0080755 0.00754891 0.00662383 0.00718761 0.00744167 0.00634384 0.00564532 0.00358034 0.00352091 0 0.00356789 0.0035722 0.00360484 0.00353228 0.00478521 0.00576575 0.00654466 0.077291 0.0651155 0.0259013 0.00663366 0.00761358 0.00796195 0.00809109 0.00876178 0.00868297 0.0085197 0.00772007 0.00908897 0.00860001 0.00888852 0.0096069 0.00881106 0.00992376 
0.008859 0.0086069 0.00894117 0.00978603 0.00868768 0.00892182 0.0083784 0.00906666 0.00995682 0.00897648 0.0221383 0.00880425 0.00900135 0.00854625 0.00883838 0.00839379 0.00835835 0.0104373 0.00872806 0.00969309 0.00804301 0.00931976 0.00788072 0.00823809 0.00739513 0.00735142 0.0111585 0.00662472 0.0101323 0.00387361 0.00371914 0.00356789 0 0.00366101 0.00358786 0.00355025 0.00405514 0.00527047 0.0131916 0.233358 0.0126521 0.00741611 0.00631524 0.00796684 0.00800026 0.00802889 0.00975476 0.00820576 0.00943803 0.00778972 0.00954417 0.00876909 0.00864892 0.0111579 0.00883934 0.0112586 
0.00841868 0.00915002 0.00963014 0.00849017 0.0125425 0.00855877 0.0087854 0.0102807 0.00873404 0.0237469 0.00876063 0.0133096 0.00861014 0.00939957 0.00917184 0.00847018 0.0107474 0.00826195 0.0180507 0.00827324 0.00951106 0.00835667 0.0110831 0.00823801 0.00764859 0.0134252 0.00706944 0.0173284 0.00665176 0.00358096 0.00356896 0.0035722 0.00366101 0 0.00354947 0.00360245 0.00591725 0.00565472 0.747382 0.00840168 0.0126209 0.0059904 0.0074045 0.0080891 0.00769449 0.0107171 0.00782275 0.0154887 0.00797772 0.00982925 0.00878786 0.00902673 0.0103129 0.00844336 0.0122548 0.00872019 
0.0103589 0.00905779 0.00844026 0.00995772 0.0085554 0.0130819 0.0085063 0.0102467 0.0208793 0.00875057 0.0114412 0.00868625 0.0131098 0.00862585 0.00924083 0.0117095 0.00839069 0.0110334 0.00864551 0.0177968 0.00831196 0.014053 0.00843595 0.0134226 0.00790595 0.00808334 0.0455449 0.00713676 0.00816226 0.00403456 0.00358653 0.00360484 0.00358786 0.00354947 0 0.00354417 0.00450735 0.885421 0.00760365 0.00844407 0.00509534 0.00812276 0.00592476 0.00837065 0.0107424 0.00779617 0.0128773 0.00796123 0.0169983 0.00779987 0.0114022 0.0207273 0.00956141 0.0178694 0.00972797 0.0173902 
0.0120815 0.0088516 0.00847304 0.00852548 0.00903626 0.0086022 0.012369 0.0249561 0.00945612 0.0103588 0.008865 0.00992048 0.0086126 0.00991431 0.0174309 0.00894671 0.00872623 0.00856684 0.00967844 0.00876942 0.0166944 0.0170384 0.00971975 0.00876898 0.00895499 0.0400025 0.00842555 0.00829163 0.00861744 0.00405914 0.00370936 0.00353228 0.00355025 0.00360245 0.00354417 0 0.947796 0.00621355 0.00434765 0.00411536 0.00533061 0.0051266 0.00852093 0.0128769 0.0083346 0.00862471 0.00800753 0.00992081 0.00813212 0.0124963 0.0191656 0.00970137 0.0139406 0.0140313 0.0126833 0.012211 
0.00909491 0.00916872 0.00904508 0.0085974 0.0106757 0.00919514 0.0168353 0.0155884 0.00923596 0.0122453 0.00895641 0.0122433 0.00926271 0.0464554 0.0105963 0.00897066 0.00976804 0.0085786 0.0133785 0.0100732 0.0378821 0.0100838 0.0142837 0.00995589 0.0122934 0.0198756 0.0081974 0.0159617 0.0129391 0.0046085 0.0049178 0.00478521 0.00405514 0.00591725 0.00450735 0.947796 0 0.00356651 0.00359456 0.003555 0.00380549 0.00369463 0.00869133 0.00829049 0.00699984 0.00834203 0.00841754 0.015001 0.0109578 0.954577 0.010606 0.0132875 0.0215744 0.0102604 0.0179552 0.0181884 
0.00937842 0.00936081 0.00885152 0.0114601 0.00886925 0.0186026 0.0093503 0.00998602 0.0217736 0.00923453 0.0193899 0.00915327 0.0566482 0.00943569 0.00896537 0.00982404 0.00859679 0.0118494 0.00906033 0.0353908 0.00955297 0.015888 0.00912256 0.0145771 0.00931549 0.00816446 0.0208548 0.00978861 0.0121675 0.00626009 0.00548633 0.00576575 0.00527047 0.00565472 0.885421 0.00621355 0.00356651 0 0.0035506 0.00356497 0.00356725 0.00391792 0.00361055 0.00629656 0.00737876 0.00703598 0.00980456 0.00824829 0.977704 0.0110835 0.0124366 0.0149012 0.0107618 0.0164282 0.0109665 0.031169 
0.00882525 0.0101936 0.0106014 0.00925281 0.024579 0.00877677 0.00981028 0.0112306 0.00927155 0.0317355 0.0100829 0.0623575 0.00896583 0.0109333 0.00923644 0.00890452 0.0107829 0.00899009 0.0458269 0.00895873 0.0142663 0.00922254 0.0184618 0.0092786 0.00863768 0.0135977 0.0087232 0.0144373 0.00843318 0.0054046 0.00633755 0.00654466 0.0131916 0.747382 0.00760365 0.00434765 0.00359456 0.0035506 0 0.00354911 0.00351774 0.00352997 0.00370151 0.00724983 0.00642233 0.00928523 0.00799629 0.98074 0.0092789 0.00973402 0.00876344 0.0111382 0.0155645 0.0091731 0.0146113 0.00993786 
0.00927932 0.00912558 0.00919915 0.0208672 0.00911509 0.0163764 0.00877727 0.0094008 0.0216781 0.00975328 0.0802377 0.00934586 0.0165574 0.00885901 0.00862847 0.00917881 0.00865754 0.0248623 0.00912217 0.030896 0.00912966 0.0139606 0.00881384 0.0125691 0.00872316 0.00830187 0.0175708 0.00824692 0.0193391 0.00692372 0.00694402 0.077291 0.233358 0.00840168 0.00844407 0.00411536 0.003555 0.00356497 0.00354911 0 0.00353767 0.00361681 0.00354083 0.00546521 0.00776549 0.00708653 0.982336 0.00963112 0.0122631 0.0058689 0.00994364 0.00942672 0.00985033 0.0151503 0.00860816 0.0301174 
0.00848495 0.00969511 0.012687 0.00871647 0.0247059 0.00867904 0.00945226 0.0106276 0.00904813 0.0710022 0.00916467 0.029751 0.00873654 0.0100971 0.0090914 0.00868402 0.0159457 0.00850856 0.0387285 0.00867826 0.0126443 0.00867818 0.024556 0.00880235 0.00830661 0.0153763 0.00825567 0.0307555 0.00814145 0.00608747 0.36912 0.0651155 0.0126521 0.0126209 0.00509534 0.00533061 0.00380549 0.00356725 0.00351774 0.00353767 0 0.00351141 0.00359739 0.00551812 0.00586378 0.981383 0.00742755 0.0187223 0.00613238 0.00782173 0.00798299 0.00985317 0.00936967 0.00828848 0.016368 0.00908298 
0.0101292 0.00892328 0.0085017 0.0112295 0.00854028 0.0143853 0.00842314 0.00960428 0.0391987 0.00864467 0.0166789 0.00865533 0.015422 0.00860695 0.00878121 0.0129928 0.00848532 0.0128521 0.00863352 0.0281248 0.00864118 0.0358497 0.00853944 0.0127251 0.00862552 0.00856652 0.048559 0.00821637 0.0109715 0.382671 0.0277839 0.0259013 0.00741611 0.0059904 0.00812276 0.0051266 0.00369463 0.00391792 0.00352997 0.00361681 0.00351141 0 0.00352641 0.0067329 0.973637 0.00588288 0.0106549 0.00641913 0.0118925 0.00538977 0.00920781 0.0106189 0.0090266 0.0254607 0.00897992 0.0404961 
0.0105665 0.00880797 0.008512 0.00846589 0.0093688 0.00847055 0.010971 0.0277482 0.00904045 0.0116573 0.00885472 0.0103447 0.00850824 0.010546 0.0197285 0.00889184 0.00896148 0.00855729 0.0113437 0.00895417 0.0214874 0.014095 0.0107945 0.00865686 0.008694 0.0515524 0.00863277 0.012827 0.0105768 0.0951592 0.0138091 0.00663366 0.00631524 0.0074045 0.00592476 0.00852093 0.00869133 0.00361055 0.00370151 0.00354083 0.00359739 0.00352641 0 0.981747 0.00563762 0.00629094 0.0050329 0.00876693 0.00551456 0.00994773 0.0103885 0.0102583 0.0122497 0.0117933 0.0141564 0.00996854 
0.00912914 0.00826991 0.00824722 0.00836217 0.00844575 0.00870026 0.0106504 0.00962617 0.00870645 0.00875147 0.00863242 0.00885658 0.00868966 0.0176034 0.00951402 0.00884119 0.00862729 0.00884183 0.00950722 0.00967116 0.0163581 0.0103231 0.0093929 0.0091447 0.0108578 0.0102271 0.00913021 0.00967963 0.0145969 0.00930883 0.00822246 0.00761358 0.00796684 0.0080891 0.00837065 0.0128769 0.00829049 0.00629656 0.00724983 0.00546521 0.00551812 0.0067329 0.981747 0 0.00364578 0.00353269 0.0037801 0.00398558 0.00415004 0.00473987 0.00588565 0.00731265 0.0160434 0.00985526 0.0133488 0.0423111 
0.00822209 0.00840246 0.00826139 0.00876307 0.00838005 0.00927815 0.00832933 0.00846278 0.00935439 0.00849672 0.00912054 0.00848068 0.0113953 0.00868232 0.00874433 0.0087083 0.00842826 0.00881161 0.00872107 0.011474 0.00861282 0.00930862 0.0088751 0.009496 0.00858206 0.00868503 0.00995292 0.00883805 0.00932252 0.0082177 0.00827578 0.00796195 0.00800026 0.00769449 0.0107424 0.0083346 0.00699984 0.00737876 0.00642233 0.00776549 0.00586378 0.973637 0.00563762 0.00364578 0 0.00367934 0.00353434 0.00356707 0.00375405 0.00365232 0.00521051 0.00899142 0.00671687 0.00880601 0.0101047 0.0226672 
0.00835897 0.00839204 0.00883618 0.00846074 0.0130363 0.00839721 0.008514 0.00918516 0.00861509 0.0134593 0.00871635 0.0164829 0.00847848 0.00906848 0.00893062 0.00847024 0.00906847 0.00847688 0.019406 0.00857498 0.0098963 0.00886128 0.0126014 0.00860431 0.00831641 0.0114813 0.00865118 0.0108423 0.00846622 0.00836343 0.00870301 0.00809109 0.00802889 0.0107171 0.00779617 0.00862471 0.00834203 0.00703598 0.00928523 0.00708653 0.981383 0.00588288 0.00629094 0.00353269 0.00367934 0 0.0035199 0.00360199 0.00353216 0.00363448 0.00536183 0.00599248 0.00643787 0.00783349 0.0116202 0.00834328 
0.0092652 0.008398 0.00856516 0.0130938 0.00836275 0.0110315 0.00830685 0.00871628 0.013276 0.00870253 0.0233273 0.0086414 0.0113011 0.00858232 0.00869812 0.00876299 0.00845604 0.019214 0.00869974 0.0188039 0.00869445 0.014192 0.00866939 0.0103334 0.00892873 0.00852106 0.0182105 0.0085609 0.0142171 0.0124199 0.00804078 0.00876178 0.00975476 0.00782275 0.0128773 0.00800753 0.00841754 0.00980456 0.00799629 0.982336 0.00742755 0.0106549 0.0050329 0.0037801 0.00353434 0.0035199 0 0.0035477 0.00360009 0.00352327 0.00564972 0.00575537 0.00991273 0.0159839 0.00781466 0.0352756 
0.00824907 0.00912853 0.0103223 0.00833306 0.0158115 0.00847283 0.00887025 0.0102833 0.00854276 0.0346316 0.00878588 0.0194609 0.00853601 0.0101519 0.00953807 0.00861908 0.0115648 0.00850599 0.037751 0.00868567 0.0132458 0.00933652 0.0196134 0.0089032 0.0084173 0.0171383 0.00851589 0.0292666 0.00868715 0.0084644 0.0111967 0.00868297 0.00820576 0.0154887 0.00796123 0.00992081 0.015001 0.00824829 0.98074 0.00963112 0.0187223 0.00641913 0.00876693 0.00398558 0.00356707 0.00360199 0.0035477 0 0.00352516 0.00360004 0.00415876 0.00989865 0.0111277 0.00710623 0.0205741 0.00786123 
0.0105933 0.00877004 0.00834079 0.0110947 0.00844188 0.0128625 0.00841835 0.00992886 0.0248538 0.00862039 0.0157238 0.0087167 0.0139638 0.00853259 0.00930971 0.00987147 0.00854773 0.0133758 0.00867085 0.0266929 0.00894025 0.0238783 0.00885432 0.0116611 0.00910195 0.0090523 0.0536092 0.00862096 0.0115597 0.0307049 0.00844788 0.0085197 0.00943803 0.00797772 0.0169983 0.00813212 0.0109578 0.977704 0.0092789 0.0122631 0.00613238 0.0118925 0.00551456 0.00415004 0.00375405 0.00353216 0.00360009 0.00352516 0 0.00352482 0.00495713 0.0113004 0.00430531 0.0268036 0.00709399 0.0305254 
0.0106568 0.00863192 0.00863142 0.00829858 0.00989891 0.0083308 0.011539 0.0227948 0.00898917 0.0121764 0.00866354 0.0113449 0.00851947 0.0120792 0.0135232 0.00858291 0.00901929 0.00841124 0.0126799 0.00879961 0.0331104 0.0141617 0.0116169 0.00885165 0.00908484 0.0636865 0.00868281 0.0172288 0.0100114 0.0120283 0.0122876 0.00772007 0.00778972 0.00982925 0.00779987 0.0124963 0.954577 0.0110835 0.00973402 0.0058689 0.00782173 0.00538977 0.00994773 0.00473987 0.00365232 0.00363448 0.00352327 0.00360004 0.00352482 0 0.0122123 0.00398082 0.0056313 0.00640247 0.0133423 0.00778069 
0.00982576 0.00834888 0.00847004 0.00910922 0.00836788 0.00964161 0.0101079 0.0101739 0.00987122 0.00880436 0.00975876 0.00879053 0.0105084 0.0116178 0.0090318 0.00857364 0.00867187 0.00935273 0.00893862 0.0135912 0.0142612 0.0161913 0.00951256 0.0106524 0.0131303 0.00974253 0.0125365 0.00899988 0.0270079 0.0136337 0.00894038 0.00908897 0.00954417 0.00878786 0.0114022 0.0191656 0.010606 0.0124366 0.00876344 0.00994364 0.00798299 0.00920781 0.0103885 0.00588565 0.00521051 0.00536183 0.00564972 0.00415876 0.00495713 0.0122123 0 0.00357346 0.00383411 0.00742717 0.0133731 0.971417 
0.00825519 0.00909214 0.00826621 0.0085115 0.00865922 0.00926755 0.00846284 0.00958336 0.0105429 0.00927451 0.00909682 0.00909845 0.00935596 0.0088138 0.00880075 0.00895285 0.00853658 0.00873517 0.00961336 0.0115406 0.0104515 0.00981671 0.0184495 0.0105815 0.00861811 0.0115796 0.0123045 0.0197865 0.00952543 0.00981179 0.0134952 0.00860001 0.00876909 0.00902673 0.0207273 0.00970137 0.0132875 0.0149012 0.0111382 0.00942672 0.00985317 0.0106189 0.0102583 0.00731265 0.00899142 0.00599248 0.00575537 0.00989865 0.0113004 0.00398082 0.00357346 0 0.00390584 0.0134417 0.951323 0.00788818 
0.0108426 0.00880605 0.00836697 0.00865269 0.00865872 0.0086738 0.0102992 0.0171162 0.00968079 0.00913173 0.00907183 0.0090573 0.00905411 0.00945043 0.0120543 0.00884106 0.00846782 0.00876374 0.00910306 0.00899895 0.0142009 0.0226106 0.00892322 0.00910365 0.00949592 0.021091 0.00980445 0.0098758 0.0119014 0.0344831 0.00910781 0.00888852 0.00864892 0.0103129 0.00956141 0.0139406 0.0215744 0.0107618 0.0155645 0.00985033 0.00936967 0.0090266 0.0122497 0.0160434 0.00671687 0.00643787 0.00991273 0.0111277 0.00430531 0.0056313 0.00383411 0.00390584 0 0.97155 0.00649932 0.0139855 
0.0109552 0.00816393 0.00827275 0.00977437 0.00819508 0.0107254 0.00953321 0.00975555 0.0101888 0.0085841 0.0100505 0.00844475 0.0104121 0.0105328 0.00940537 0.00841044 0.008378 0.0104576 0.00845406 0.0185363 0.0110258 0.0162294 0.00864221 0.0126832 0.0148286 0.00907579 0.0149154 0.00851614 0.0317638 0.0167383 0.00869079 0.0096069 0.0111579 0.00844336 0.0178694 0.0140313 0.0102604 0.0164282 0.0091731 0.0151503 0.00828848 0.0254607 0.0117933 0.00985526 0.00880601 0.00783349 0.0159839 0.00710623 0.0268036 0.00640247 0.00742717 0.0134417 0.97155 0 0.00362391 0.0103127 
0.00824271 0.0091889 0.0084192 0.00827777 0.009848 0.00849226 0.00896701 0.00982557 0.00873697 0.0102139 0.0085393 0.00982733 0.00848883 0.00987784 0.00898394 0.00891605 0.00866543 0.00841044 0.0130346 0.00878232 0.0117089 0.00936478 0.0188821 0.0094071 0.00838271 0.0182015 0.00878888 0.0254538 0.00871221 0.00925482 0.0136144 0.00881106 0.00883934 0.0122548 0.00972797 0.0126833 0.0179552 0.0109665 0.0146113 0.00860816 0.016368 0.00897992 0.0141564 0.0133488 0.0101047 0.0116202 0.00781466 0.0205741 0.00709399 0.0133423 0.0133731 0.951323 0.00649932 0.00362391 0 0.00363984 
0.0165648 0.00869885 0.00832066 0.0104044 0.00845169 0.010779 0.00884793 0.012964 0.0137425 0.00883864 0.0122264 0.00961369 0.012697 0.00883396 0.0115312 0.00877886 0.008425 0.0132076 0.00887911 0.0169203 0.00943458 0.0563334 0.00887604 0.0108282 0.0106057 0.0123697 0.0323038 0.0085441 0.0223253 0.112928 0.00922173 0.00992376 0.0112586 0.00872019 0.0173902 0.012211 0.0181884 0.031169 0.00993786 0.0301174 0.00908298 0.0404961 0.00996854 0.0423111 0.0226672 0.00834328 0.0352756 0.00786123 0.0305254 0.00778069 0.971417 0.00788818 0.0139855 0.0103127 0.00363984 0 
