1LJ0A
GSDPAVTYYRLEEVAKRNTSEETWMVLHGRVYDLTRFLSEHPGGEEVLREQAGADATESFEDVGHSPDAREMSKQYYIGDVHPNDLKPK
CCCCCCCEECHHHHCCCEECCEEEEEECCEEEECCCCHHHCCCCCHHHHHCCCCECHHHHHHHCCCHHHHHHHHCCEEEEECHHHCCCC
0 0 0 0 0 0 0 0 0 0 0 0 0 0 0 0 0 0 0 0 0 0 0 0 0 0 0 0 0 0 0 0 0 0 0 0 0 0 0 0 0 0 0 0 0 0 0 0 0 0 0 0 0 0 0 0 0 0 0 0 0 0 0 0 0 0 0 0 0 0 0 0 0 0 0 0 0 0 0 0 0 0 0 0 0 0 0 0 0 
0 0 0 0 0 0 0 0 0 0 0 0 0 0 0 0 0 0 0 0 0 0 0 0 0 0 0 0 0 0 0 0 0 0 0 0 0 0 0 0 0 0 0 0 0 0 0 0 0 0 0 0 0 0 0 0 0 0 0 0 0 0 0 0 0 0 0 0 0 0 0 0 0 0 0 0 0 0 0 0 0 0 0 0 0 0 0 0 0 
0 0.00631569 0.0195897 0.0742605 0.00865697 0.0145491 0.00897101 0.0339153 0.016963 0.0158918 0.0146919 0.0113717 0.0108676 0.0276695 0.0225459 0.0096692 0.00878705 0.00837441 0.00900256 0.00971574 
0.00631569 0 0.0388895 0.00939359 0.00904557 0.00852027 0.0328539 0.00990061 0.0146261 0.0109676 0.0105807 0.01432 0.0166433 0.0106256 0.0155454 0.0133121 0.00880298 0.00885402 0.00861952 0.00952354 
0.0195897 0.0388895 0 0.00596282 0.00379867 0.62446 0.00482147 0.00512479 0.0045332 0.00919398 0.00758079 0.00841752 0.00752895 0.0149916 0.0214404 0.00958293 0.00874405 0.00836549 0.00898067 0.0101413 
0.0742605 0.00939359 0.00596282 0 0.844883 0.00542465 0.0036913 0.00361584 0.00411408 0.00432886 0.00666521 0.00879772 0.00800098 0.00658397 0.0131951 0.0107522 0.00841621 0.0082259 0.00853224 0.00862114 
0.00865697 0.00904557 0.00379867 0.844883 0 0.00353778 0.00354962 0.00353318 0.00356178 0.00376041 0.00442355 0.00521678 0.00574314 0.00866381 0.0211733 0.00966787 0.00881506 0.00869159 0.00921598 0.011087 
0.0145491 0.00852027 0.62446 0.00542465 0.00353778 0 0.00352508 0.00353566 0.00365657 0.00356687 0.00399166 0.00518584 0.00814959 0.0080782 0.0160891 0.00969153 0.0100929 0.0122271 0.0116967 0.0101229 
0.00897101 0.0328539 0.00482147 0.0036913 0.00354962 0.00352508 0 0.00354181 0.00354324 0.00353849 0.00408971 0.00709836 0.0104125 0.788694 0.0101452 0.00998039 0.0207093 0.0251019 0.0223727 0.0093656 
0.0339153 0.00990061 0.00512479 0.00361584 0.00353318 0.00353566 0.00354181 0 0.00352759 0.00355277 0.00457336 0.00754848 0.910619 0.00649367 0.00940036 0.0125504 0.0263209 0.0550649 0.0190573 0.0106948 
0.016963 0.0146261 0.0045332 0.00411408 0.00356178 0.00365657 0.00354324 0.00352759 0 0.00361431 0.0045557 0.970926 0.00637956 0.00439898 0.0196326 0.0141815 0.0377241 0.0179477 0.0651821 0.0102981 
0.0158918 0.0109676 0.00919398 0.00432886 0.00376041 0.00356687 0.00353849 0.00355277 0.00361431 0 0.960982 0.00685116 0.00426841 0.00405063 0.0159856 0.0172344 0.0103616 0.0160157 0.0138367 0.0178845 
0.0146919 0.0105807 0.00758079 0.00666521 0.00442355 0.00399166 0.00408971 0.00457336 0.0045557 0.960982 0 0.00356099 0.00359683 0.00428462 0.0377715 0.0165778 0.0116294 0.00985579 0.0230725 0.0152412 
0.0113717 0.01432 0.00841752 0.00879772 0.00521678 0.00518584 0.00709836 0.00754848 0.970926 0.00685116 0.00356099 0 0.00596884 0.00358099 0.0141299 0.0127383 0.020674 0.0260533 0.0142658 0.0106492 
0.0108676 0.0166433 0.00752895 0.00800098 0.00574314 0.00814959 0.0104125 0.910619 0.00637956 0.00426841 0.00359683 0.00596884 0 0.00356539 0.0196083 0.015289 0.0221743 0.0331233 0.0243694 0.0100356 
0.0276695 0.0106256 0.0149916 0.00658397 0.00866381 0.0080782 0.788694 0.00649367 0.00439898 0.00405063 0.00428462 0.00358099 0.00356539 0 0.0465007 0.0158395 0.0120374 0.0106153 0.0362187 0.0108187 
0.0225459 0.0155454 0.0214404 0.0131951 0.0211733 0.0160891 0.0101452 0.00940036 0.0196326 0.0159856 0.0377715 0.0141299 0.0196083 0.0465007 0 0.0209736 0.00956195 0.00981754 0.0124338 0.035668 
0.0096692 0.0133121 0.00958293 0.0107522 0.00966787 0.00969153 0.00998039 0.0125504 0.0141815 0.0172344 0.0165778 0.0127383 0.015289 0.0158395 0.0209736 0 0.00430133 0.00361235 0.00361022 0.00748289 
0.00878705 0.00880298 0.00874405 0.00841621 0.00881506 0.0100929 0.0207093 0.0263209 0.0377241 0.0103616 0.0116294 0.020674 0.0221743 0.0120374 0.00956195 0.00430133 0 0.0035425 0.00370683 0.00355574 
0.00837441 0.00885402 0.00836549 0.0082259 0.00869159 0.0122271 0.0251019 0.0550649 0.0179477 0.0160157 0.00985579 0.0260533 0.0331233 0.0106153 0.00981754 0.00361235 0.0035425 0 0.00353041 0.00356949 
0.00900256 0.00861952 0.00898067 0.00853224 0.00921598 0.0116967 0.0223727 0.0190573 0.0651821 0.0138367 0.0230725 0.0142658 0.0243694 0.0362187 0.0124338 0.00361022 0.00370683 0.00353041 0 0.00354029 
0.00971574 0.00952354 0.0101413 0.00862114 0.011087 0.0101229 0.0093656 0.0106948 0.0102981 0.0178845 0.0152412 0.0106492 0.0100356 0.0108187 0.035668 0.00748289 0.00355574 0.00356949 0.00354029 0 
