1M4DA
MHTQVHTARLVHTADLDSETRQDIRQMVTGAFAGDFTETDWEHTLGGMHALIWHHGAIIAHAAVIQRRLIYRGNALRCGYVEGVAVRADWRGQRLVSALLDAVEQVMRGAYQLGALSSSARARRLYASRGWLPWHGPTSVLAPTGPVRTPDDDGTVFVLPIDISLDTSAELMCDWRAGDVW
CCCCCCCCEEEEHHHCCHHHHHHHHHHHHHHCCCCCCHHHHHCCCCCEEEEEEECCEEEEEEEEEEEEEEECCEEEEEEEEEEEEECHHHCCCCHHHHHHHHHHHHHHHHCCEEEEECCCCCHHHHHHCCCEECCCCEEEEECCEEEECHHHCCCEEEEECCCCCCCCCCEEEECCCCCCC
0 0 0 0 0 0 0 0 0 0 0 0 0 0 0 0 0 0 0 0 0 0 0 0 0 0 0 0 0 0 0 0 0 0 0 0 0 0 0 0 0 0 0 0 0 0 0 0 0 0 0 0 0 0 0 0 0 0 0 0 0 0 0 0 0 0 0 0 0 0 0 0 0 0 0 0 0 0 0 0 0 0 0 0 0 0 0 0 0 0 0 0 0 0 0 0 0 0 0 0 0 0 0 0 0 0 0 0 0 0 0 0 0 0 0 0 0 0 0 0 0 0 0 0 0 0 0 0 0 0 0 0 0 0 0 0 0 0 0 0 0 0 0 0 0 0 0 0 0 0 0 0 0 0 0 0 0 0 0 0 0 0 0 0 0 0 0 0 0 0 0 0 0 0 0 0 0 0 0 0 0 
0 0 0 0 0 0 0 0 0 0 0 0 0 0 0 0 0 0 0 0 0 0 0 0 0 0 0 0 0 0 0 0 0 0 0 0 0 0 0 0 0 0 0 0 0 0 0 0 0 0 0 0 0 0 0 0 0 0 0 0 0 0 0 0 0 0 0 0 0 0 0 0 0 0 0 0 0 0 0 0 0 0 0 0 0 0 0 0 0 0 0 0 0 0 0 0 0 0 0 0 0 0 0 0 0 0 0 0 0 0 0 0 0 0 0 0 0 0 0 0 0 0 0 0 0 0 0 0 0 0 0 0 0 0 0 0 0 0 0 0 0 0 0 0 0 0 0 0 0 0 0 0 0 0 0 0 0 0 0 0 0 0 0 0 0 0 0 0 0 0 0 0 0 0 0 0 0 0 0 0 0 
0 0.00373601 0.00370652 0.00396748 0.0400659 0.0176268 0.0127045 0.0629001 0.00990504 0.0113505 0.011716 0.0284003 0.0147551 0.0154238 0.0109465 0.0153299 0.0106837 0.0182208 0.0137173 0.010728 0.0116969 0.00983013 0.0193067 0.0118182 0.0139234 0.0128776 0.0172083 0.00949481 0.00916515 0.0104331 0.0089514 0.010004 0.00948751 0.00851839 0.0108179 0.00891139 0.00955638 0.010469 0.0136375 0.0087359 0.00908294 0.00865969 0.00852387 0.0121909 0.00810999 0.00832401 0.00852778 0.00853882 0.00842414 0.00905149 0.00905728 0.00828728 0.00829574 0.00808801 0.0109112 0.0089041 0.00858585 0.00871472 0.00814366 0.0096314 0.00862127 0.008136 0.00818702 0.00815047 
0.00373601 0 0.00356353 0.00354044 0.023055 0.0387527 0.167219 0.0217675 0.0348188 0.0107621 0.0090888 0.0137879 0.0301511 0.0226952 0.0269681 0.0143773 0.030277 0.0215818 0.0216763 0.025629 0.0113486 0.020464 0.0130964 0.0300952 0.011245 0.0103075 0.00847443 0.0128126 0.0149131 0.0109318 0.0172105 0.0127358 0.0107398 0.0156013 0.0102256 0.0158375 0.0116754 0.0118312 0.0102746 0.00901793 0.00988809 0.00941601 0.00935827 0.00833327 0.00809409 0.00804366 0.00825799 0.00874044 0.00965342 0.00900065 0.0082449 0.0083366 0.00824526 0.00840322 0.0081906 0.00833223 0.00951124 0.0090913 0.00896309 0.00824194 0.00863413 0.00843007 0.00917632 0.00822184 
0.00370652 0.00356353 0 0.00352667 0.0124461 0.111234 0.0236598 0.0459156 0.0164465 0.0239596 0.00913164 0.0110242 0.0292175 0.0188172 0.0146703 0.0241938 0.0122184 0.0180983 0.0179241 0.0143082 0.020883 0.010181 0.0136226 0.0119361 0.0169354 0.00875966 0.00932276 0.00939892 0.0108788 0.0158759 0.010029 0.011377 0.0143251 0.00927409 0.0127729 0.00994001 0.0126322 0.0118602 0.0088475 0.00856012 0.00961402 0.00985215 0.0087012 0.00865795 0.0082109 0.0081705 0.00817142 0.00863502 0.0094747 0.00899154 0.00822647 0.00805539 0.00823519 0.00823918 0.0082314 0.0083976 0.00891477 0.00945885 0.00836184 0.00825365 0.00816262 0.0085061 0.00864933 0.00817937 
0.00396748 0.00354044 0.00352667 0 0.08179 0.0122842 0.0245797 0.01505 0.0131944 0.0143833 0.0203867 0.0211391 0.0131926 0.0132822 0.0151439 0.0124128 0.0132193 0.0115809 0.0128107 0.0221405 0.0109918 0.0105553 0.0102608 0.0106449 0.0102782 0.011545 0.0114799 0.00969157 0.0107721 0.00978972 0.0102241 0.00959863 0.0100267 0.0102545 0.00955363 0.0106708 0.00955586 0.0100909 0.0107881 0.0110853 0.00868589 0.00883199 0.00873376 0.00940198 0.0081895 0.00811731 0.00960251 0.00861731 0.0084287 0.00873924 0.00821994 0.00862966 0.00819235 0.0081203 0.00831007 0.0092936 0.00862841 0.00835465 0.00825556 0.00822843 0.00869034 0.00824192 0.00829388 0.00816225 
0.0400659 0.023055 0.0124461 0.08179 0 0.00369998 0.00357541 0.00359644 0.00356223 0.00371908 0.00407665 0.00632895 0.00709164 0.00741327 0.0083213 0.00911288 0.0102372 0.055895 0.642495 0.0342512 0.0114856 0.0105384 0.0104836 0.0122557 0.0126883 0.0300609 0.0102691 0.00961586 0.0103486 0.00993358 0.0107306 0.0102976 0.0109962 0.00989478 0.010788 0.0111235 0.0115835 0.0123861 0.0343236 0.0106135 0.0099418 0.00987734 0.00980588 0.014512 0.00815494 0.00837195 0.00882446 0.00849309 0.0088015 0.0100674 0.0113102 0.00813864 0.00811826 0.00838472 0.0107184 0.00866662 0.00883384 0.00907604 0.00861803 0.0105842 0.00829111 0.00816073 0.00879775 0.00860076 
0.0176268 0.0387527 0.111234 0.0122842 0.00369998 0 0.00363141 0.0035478 0.00354551 0.00364573 0.00357756 0.00508784 0.00732137 0.007747 0.00834128 0.0128083 0.0459475 0.783433 0.018761 0.0111834 0.0120486 0.0138604 0.0148769 0.0116948 0.0291285 0.0103552 0.00901867 0.0116689 0.00985032 0.0172797 0.0103548 0.0237905 0.017026 0.0108868 0.0181531 0.0145855 0.0195265 0.0224659 0.0113032 0.0105397 0.0156059 0.013266 0.0102579 0.00971789 0.00843427 0.00829588 0.00846273 0.0115506 0.0116516 0.0120328 0.00869199 0.00816084 0.00837984 0.00846537 0.00879255 0.00853427 0.011626 0.0104404 0.00919303 0.00887221 0.00853762 0.00957219 0.0094907 0.00857225 
0.0127045 0.167219 0.0236598 0.0245797 0.00357541 0.00363141 0 0.0035499 0.00354244 0.0035424 0.00355058 0.00415176 0.00826369 0.00701827 0.0300547 0.0744113 0.82172 0.032523 0.0124974 0.0153391 0.0109559 0.0219894 0.011971 0.0319977 0.0117052 0.0146306 0.00858296 0.0117313 0.0213785 0.0142321 0.0410219 0.0194015 0.0226987 0.0406287 0.0179804 0.0538619 0.0441937 0.0162397 0.0139229 0.0146261 0.0177631 0.0318166 0.0144289 0.0102646 0.00846353 0.00836984 0.00969303 0.0127117 0.0425243 0.0127536 0.00909564 0.00852573 0.00857013 0.00957591 0.0086743 0.0101413 0.0154117 0.0227086 0.012318 0.00886871 0.010106 0.00963678 0.0125025 0.00866051 
0.0629001 0.0217675 0.0459156 0.01505 0.00359644 0.0035478 0.0035499 0 0.00352042 0.00354353 0.00352343 0.0041158 0.00708091 0.0221064 0.0903524 0.867931 0.015654 0.0175229 0.0120864 0.0121234 0.0129332 0.0104305 0.0199061 0.0122698 0.0247276 0.00955441 0.00902071 0.0102568 0.0120045 0.0501551 0.0117271 0.0274986 0.0347136 0.0146041 0.0472131 0.0340587 0.0449324 0.0269234 0.0101223 0.0102424 0.0276931 0.0267724 0.0143715 0.0100087 0.00843608 0.00850271 0.0087481 0.0166179 0.0206362 0.0194166 0.00908337 0.0083064 0.00884924 0.00872889 0.0087437 0.00907397 0.0171866 0.0212475 0.0102633 0.00887918 0.0089146 0.0111159 0.0103715 0.00916691 
0.00990504 0.0348188 0.0164465 0.0131944 0.00356223 0.00354551 0.00354244 0.00352042 0 0.00351622 0.00352144 0.00385829 0.0222398 0.145858 0.792667 0.00771069 0.0113643 0.00986592 0.0101827 0.0139735 0.00990313 0.0292836 0.0112476 0.0161797 0.0122184 0.0101153 0.0080289 0.0101418 0.0157923 0.0131951 0.0209124 0.0132572 0.0152885 0.028048 0.0190165 0.0314414 0.0207926 0.0130936 0.0108236 0.0106424 0.0115242 0.027321 0.0107213 0.00907412 0.00829067 0.00831799 0.00895054 0.00943807 0.0278121 0.0103398 0.00879644 0.00833647 0.00834363 0.00891208 0.00850998 0.00889534 0.0112538 0.0148261 0.00954036 0.00842819 0.00896468 0.00875757 0.0105543 0.00859624 
0.0113505 0.0107621 0.0239596 0.0143833 0.00371908 0.00364573 0.0035424 0.00354353 0.00351622 0 0.00352292 0.00507441 0.897012 0.0708295 0.00682495 0.011099 0.0059488 0.0105522 0.00806493 0.00846342 0.0194661 0.00758698 0.00994644 0.00821877 0.0116636 0.00763153 0.00836351 0.0114612 0.00975084 0.0117023 0.009877 0.0107089 0.0143077 0.0119304 0.0127653 0.0103516 0.011894 0.0148844 0.00942385 0.00892938 0.011637 0.0100009 0.0100131 0.00888435 0.00825268 0.00827669 0.00833058 0.00995359 0.00935521 0.0098447 0.00841466 0.00812979 0.008385 0.00840472 0.00826251 0.00866774 0.00958936 0.0090186 0.00858624 0.00828497 0.00828332 0.00867934 0.00878006 0.00820112 
0.011716 0.0090888 0.00913164 0.0203867 0.00407665 0.00357756 0.00355058 0.00352343 0.00352144 0.00352292 0 0.961002 0.0231191 0.00377571 0.0037923 0.00410595 0.00467165 0.00554367 0.00664034 0.0151137 0.00626819 0.00714326 0.00680109 0.00740889 0.00710492 0.00742252 0.0112352 0.00891995 0.00841146 0.00855804 0.00855229 0.00873233 0.00949668 0.00893031 0.00895496 0.00948356 0.00914628 0.0108856 0.0105492 0.0106443 0.00876812 0.0087135 0.00860513 0.00914336 0.00820844 0.00803652 0.00998453 0.0084103 0.00844839 0.00840649 0.00823077 0.00877202 0.00813889 0.00815543 0.00821291 0.00974733 0.00840707 0.00827936 0.00844991 0.00814617 0.00891996 0.0082793 0.00840047 0.00807885 
0.0284003 0.0137879 0.0110242 0.0211391 0.00632895 0.00508784 0.00415176 0.0041158 0.00385829 0.00507441 0.961002 0 0.00368451 0.00354159 0.00359168 0.00363076 0.00363 0.00378952 0.00410526 0.00540336 0.00500813 0.00620707 0.00740069 0.00698846 0.00840719 0.0167915 0.0100121 0.00881761 0.0090655 0.0104855 0.00966459 0.0114912 0.010723 0.0117072 0.0110189 0.0111598 0.0116229 0.0125977 0.0367799 0.0148411 0.0130422 0.010937 0.00960281 0.0164114 0.00824571 0.00924056 0.00988789 0.00930665 0.00929764 0.0104839 0.0123023 0.00859021 0.00821345 0.00858192 0.0136686 0.0097777 0.00991061 0.00968112 0.00911888 0.0127063 0.00883098 0.0085969 0.00900797 0.00895202 
0.0147551 0.0301511 0.0292175 0.0131926 0.00709164 0.00732137 0.00826369 0.00708091 0.0222398 0.897012 0.0231191 0.00368451 0 0.00356525 0.00355276 0.00360765 0.00368004 0.00420991 0.0154228 0.00521141 0.00617169 0.00794013 0.00788347 0.00901553 0.0244933 0.0107219 0.00965718 0.0110837 0.0104098 0.0133001 0.0147283 0.0159402 0.0247262 0.013408 0.0182028 0.0182173 0.0174369 0.0296824 0.026173 0.0167199 0.029578 0.0196914 0.0147504 0.0117162 0.00856526 0.00856222 0.00932185 0.0151495 0.0176799 0.0150453 0.00980379 0.00843318 0.00894248 0.00908827 0.00976785 0.00965046 0.0165186 0.0145149 0.0110932 0.00952154 0.00925607 0.0104348 0.0107188 0.00867992 
0.0154238 0.0226952 0.0188172 0.0132822 0.00741327 0.007747 0.00701827 0.0221064 0.145858 0.0708295 0.00377571 0.00354159 0.00356525 0 0.0037386 0.00356098 0.0035551 0.00363571 0.00373419 0.00402012 0.00462034 0.00670451 0.00666468 0.0103948 0.00930551 0.00789667 0.00731825 0.00963227 0.0127771 0.0215979 0.0124771 0.0192914 0.0237183 0.021119 0.0225718 0.033423 0.0321596 0.0433893 0.101486 0.0133456 0.0227345 0.0485301 0.0141329 0.0116489 0.00850283 0.00867634 0.00956973 0.0155743 0.0417103 0.0154508 0.00943881 0.00862422 0.00901768 0.00936658 0.00912065 0.00985053 0.0208009 0.0317209 0.0112544 0.00920718 0.00980926 0.0109701 0.012358 0.00896255 
0.0109465 0.0269681 0.0146703 0.0151439 0.0083213 0.00834128 0.0300547 0.0903524 0.792667 0.00682495 0.0037923 0.00359168 0.00355276 0.0037386 0 0.00358838 0.00354532 0.00357341 0.00356091 0.00420465 0.00396805 0.00469951 0.0114867 0.0130392 0.00752424 0.009152 0.00723978 0.00988966 0.0122502 0.0128231 0.0189669 0.019796 0.0195563 0.0235305 0.0164093 0.0302863 0.0549612 0.311204 0.0585371 0.0118817 0.0232804 0.031718 0.0168218 0.0107707 0.00846338 0.00861662 0.00939771 0.0151883 0.0381392 0.0155581 0.00931312 0.00860755 0.00906797 0.00942962 0.00866973 0.0100881 0.02064 0.0240693 0.0126081 0.0088564 0.00971169 0.0117618 0.0119668 0.00872482 
0.0153299 0.0143773 0.0241938 0.0124128 0.00911288 0.0128083 0.0744113 0.867931 0.00771069 0.011099 0.00410595 0.00363076 0.00360765 0.00356098 0.00358838 0 0.00355921 0.00359397 0.00359794 0.00362281 0.00363254 0.00610083 0.0051194 0.00541376 0.00710856 0.00717985 0.00705459 0.0085262 0.00992937 0.018108 0.0120257 0.0178935 0.0235545 0.0109411 0.032355 0.0336662 0.418042 0.135187 0.0121049 0.012748 0.0227466 0.0348858 0.0112213 0.0132478 0.0084419 0.00849962 0.00922001 0.0159038 0.0275012 0.0154117 0.00888426 0.00846078 0.0095255 0.00877691 0.00914767 0.00936468 0.0174234 0.022916 0.0104764 0.00940022 0.00907782 0.0113973 0.0100271 0.00928781 
0.0106837 0.030277 0.0122184 0.0132193 0.0102372 0.0459475 0.82172 0.015654 0.0113643 0.0059488 0.00467165 0.00363 0.00368004 0.0035551 0.00354532 0.00355921 0 0.00356258 0.00357184 0.00362279 0.00355518 0.00393792 0.0040314 0.0056204 0.00442601 0.00588341 0.00622473 0.00879674 0.0105746 0.0112062 0.0199891 0.017666 0.013247 0.0295816 0.0236717 0.641802 0.0780763 0.0152247 0.0144352 0.0162021 0.0192353 0.0251132 0.0155402 0.00963784 0.00854868 0.00855237 0.00999659 0.0121429 0.0351245 0.0130382 0.00928097 0.00876112 0.00851877 0.00949773 0.008723 0.0102786 0.0176323 0.0205102 0.0139136 0.00882343 0.00989097 0.0097194 0.011702 0.00876734 
0.0182208 0.0215818 0.0180983 0.0115809 0.055895 0.783433 0.032523 0.0175229 0.00986592 0.0105522 0.00554367 0.00378952 0.00420991 0.00363571 0.00357341 0.00359397 0.00356258 0 0.0036726 0.0035539 0.003579 0.00362979 0.00403087 0.00429682 0.00462728 0.00435911 0.00686658 0.00787064 0.00999702 0.0154835 0.0142436 0.0127295 0.0211288 0.0344063 0.850233 0.0422838 0.0459072 0.0277055 0.0117154 0.0148876 0.0329278 0.0413294 0.0146917 0.0112763 0.00852939 0.00868734 0.00950821 0.0242726 0.0348366 0.0189986 0.0097518 0.0086097 0.0100706 0.00922033 0.00905306 0.01066 0.0253736 0.0359851 0.0124348 0.00988714 0.0100286 0.0140192 0.0122528 0.00912526 
0.0137173 0.0216763 0.0179241 0.0128107 0.642495 0.018761 0.0124974 0.0120864 0.0101827 0.00806493 0.00664034 0.00410526 0.0154228 0.00373419 0.00356091 0.00359794 0.00357184 0.0036726 0 0.00360827 0.00352699 0.00355829 0.00384336 0.00578269 0.00406113 0.00381068 0.00674468 0.00904046 0.0101291 0.02559 0.0104013 0.0186507 0.0578268 0.88033 0.0329813 0.0263467 0.0229299 0.0208235 0.0143268 0.0147817 0.0315865 0.0532813 0.0141287 0.0112203 0.0085487 0.00853736 0.0101161 0.0204655 0.0483476 0.0194317 0.00927278 0.00856757 0.00939038 0.009416 0.00920699 0.0107616 0.0286341 0.040655 0.0141107 0.00921242 0.0102138 0.0130411 0.0125602 0.00910168 
0.010728 0.025629 0.0143082 0.0221405 0.0342512 0.0111834 0.0153391 0.0121234 0.0139735 0.00846342 0.0151137 0.00540336 0.00521141 0.00402012 0.00420465 0.00362281 0.00362279 0.0035539 0.00360827 0 0.00352654 0.00353134 0.0036571 0.00369532 0.00401504 0.00378095 0.00522369 0.00819999 0.0122368 0.0119469 0.0161853 0.0242585 0.900136 0.0397291 0.0144032 0.0188455 0.0203004 0.0162457 0.0116506 0.0151424 0.0199013 0.0341177 0.0154727 0.0107689 0.00857798 0.0086466 0.00938945 0.014765 0.0428174 0.0167892 0.00949416 0.00888478 0.00927005 0.00945042 0.00892251 0.0105912 0.0230966 0.027997 0.0132447 0.00936222 0.00999368 0.0112152 0.011866 0.00931367 
0.0116969 0.0113486 0.020883 0.0109918 0.0114856 0.0120486 0.0109559 0.0129332 0.00990313 0.0194661 0.00626819 0.00500813 0.00617169 0.00462034 0.00396805 0.00363254 0.00355518 0.003579 0.00352699 0.00352654 0 0.00355562 0.00352063 0.0036476 0.00356885 0.00366671 0.00535788 0.00703298 0.00660199 0.0150246 0.0105205 0.90456 0.045958 0.0101903 0.0139809 0.0129285 0.0164763 0.0138665 0.0094136 0.0108428 0.0179606 0.0247572 0.0114234 0.0113843 0.00834066 0.00834492 0.00929035 0.0134352 0.0257266 0.0143534 0.00899006 0.00833845 0.00869633 0.0089709 0.00902453 0.0091989 0.0157571 0.0226494 0.0103838 0.00903086 0.0091457 0.0109983 0.0100322 0.00872695 
0.00983013 0.020464 0.010181 0.0105553 0.0105384 0.0138604 0.0219894 0.0104305 0.0292836 0.00758698 0.00714326 0.00620707 0.00794013 0.00670451 0.00469951 0.00610083 0.00393792 0.00362979 0.00355829 0.00353134 0.00355562 0 0.00352015 0.00352349 0.00355427 0.00357428 0.00409106 0.00669059 0.0112926 0.00839692 0.948276 0.0221632 0.0140354 0.0119585 0.0105705 0.0195135 0.0117053 0.0109277 0.00957387 0.01355 0.013329 0.024345 0.0116247 0.0093106 0.00849696 0.00850834 0.00910699 0.0114732 0.0280463 0.011442 0.00895398 0.00868492 0.00883094 0.00903534 0.00870819 0.0101798 0.0130731 0.0179033 0.0111503 0.00875751 0.0091495 0.00960376 0.0116153 0.0086178 
0.0193067 0.0130964 0.0136226 0.0102608 0.0104836 0.0148769 0.011971 0.0199061 0.0112476 0.00994644 0.00680109 0.00740069 0.00788347 0.00666468 0.0114867 0.0051194 0.0040314 0.00403087 0.00384336 0.0036571 0.00352063 0.00352015 0 0.00442362 0.0035392 0.00355497 0.00388452 0.00754886 0.00625 0.967499 0.0155037 0.0105948 0.0100098 0.00902382 0.0117349 0.0125137 0.011087 0.010797 0.00912044 0.0140063 0.0232361 0.0250006 0.0127523 0.0101428 0.00862684 0.00848215 0.00946992 0.0162941 0.0227188 0.01529 0.00894875 0.00858017 0.00889567 0.00884666 0.00938428 0.00940294 0.0163595 0.028448 0.0109024 0.00921633 0.00925071 0.0111073 0.0103243 0.008765 
0.0118182 0.0300952 0.0119361 0.0106449 0.0122557 0.0116948 0.0319977 0.0122698 0.0161797 0.00821877 0.00740889 0.00698846 0.00901553 0.0103948 0.0130392 0.00541376 0.0056204 0.00429682 0.00578269 0.00369532 0.0036476 0.00352349 0.00442362 0 0.00367832 0.00355898 0.00843629 0.00513058 0.955461 0.0173928 0.0167312 0.0094229 0.0117493 0.0117421 0.00930532 0.0149699 0.0114451 0.0149685 0.00975128 0.0153643 0.0186534 0.0324513 0.014165 0.00951896 0.00854635 0.00867956 0.0102552 0.0147172 0.0436698 0.0122338 0.00905151 0.00876059 0.00943548 0.00964871 0.00906962 0.0100504 0.0224838 0.0284099 0.0122511 0.00891126 0.00986866 0.0101865 0.0126306 0.0087707 
0.0139234 0.011245 0.0169354 0.0102782 0.0126883 0.0291285 0.0117052 0.0247276 0.0122184 0.0116636 0.00710492 0.00840719 0.0244933 0.00930551 0.00752424 0.00710856 0.00442601 0.00462728 0.00406113 0.00401504 0.00356885 0.00355427 0.0035392 0.00367832 0 0.00363937 0.00482783 0.99701 0.00683277 0.00748055 0.00508805 0.00706907 0.0100656 0.0083648 0.00996115 0.00908803 0.0113813 0.0195438 0.00883091 0.0108382 0.0209429 0.0178831 0.0137195 0.0131216 0.0090886 0.0088635 0.00948524 0.0139947 0.0135084 0.0175117 0.00909706 0.00855515 0.00961067 0.00906999 0.00949705 0.0100808 0.0139418 0.0134667 0.00970415 0.00942174 0.00891205 0.0106881 0.0100579 0.0088651 
0.0128776 0.0103075 0.00875966 0.011545 0.0300609 0.0103552 0.0146306 0.00955441 0.0101153 0.00763153 0.00742252 0.0167915 0.0107219 0.00789667 0.009152 0.00717985 0.00588341 0.00435911 0.00381068 0.00378095 0.00366671 0.00357428 0.00355497 0.00355898 0.00363937 0 0.997033 0.00827942 0.00403859 0.00407931 0.0051003 0.0052126 0.007911 0.0105536 0.00691484 0.0100481 0.00823345 0.00981241 0.0110457 0.0172838 0.0108676 0.0103505 0.010173 0.0121823 0.00986194 0.00843138 0.0159144 0.00930022 0.00963764 0.0095172 0.00955567 0.0118394 0.00859263 0.0084979 0.00886949 0.014275 0.0100504 0.00911857 0.00881913 0.00865036 0.0122903 0.00874149 0.00903667 0.00847859 
0.0172083 0.00847443 0.00932276 0.0114799 0.0102691 0.00901867 0.00858296 0.00902071 0.0080289 0.00836351 0.0112352 0.0100121 0.00965718 0.00731825 0.00723978 0.00705459 0.00622473 0.00686658 0.00674468 0.00522369 0.00535788 0.00409106 0.00388452 0.00843629 0.00482783 0.997033 0 0.00415692 0.00356739 0.0035675 0.00358992 0.00361897 0.00362343 0.00411355 0.00680224 0.00500561 0.00602851 0.00692239 0.00973465 0.0123711 0.0102547 0.00992427 0.0088585 0.0181693 0.0084391 0.00908077 0.00934179 0.00919035 0.00861528 0.00947385 0.0107105 0.00840087 0.00825676 0.00819476 0.014114 0.00947037 0.00880902 0.00871971 0.00833085 0.0122153 0.00823997 0.00823319 0.00840716 0.00874131 
0.00949481 0.0128126 0.00939892 0.00969157 0.00961586 0.0116689 0.0117313 0.0102568 0.0101418 0.0114612 0.00891995 0.00881761 0.0110837 0.00963227 0.00988966 0.0085262 0.00879674 0.00787064 0.00904046 0.00819999 0.00703298 0.00669059 0.00754886 0.00513058 0.99701 0.00827942 0.00415692 0 0.00355053 0.00352622 0.00352396 0.00352405 0.00365528 0.00455879 0.00431621 0.00484076 0.00617456 0.0139556 0.00823285 0.0157902 0.0155564 0.0113232 0.0130781 0.0106301 0.00853036 0.00838849 0.00887542 0.0100752 0.0106046 0.0114733 0.00947206 0.00837003 0.00827539 0.00874868 0.00954834 0.0086859 0.0107271 0.00946445 0.009985 0.00931061 0.00846489 0.00901249 0.00925301 0.00840767 
0.00916515 0.0149131 0.0108788 0.0107721 0.0103486 0.00985032 0.0213785 0.0120045 0.0157923 0.00975084 0.00841146 0.0090655 0.0104098 0.0127771 0.0122502 0.00992937 0.0105746 0.00999702 0.0101291 0.0122368 0.00660199 0.0112926 0.00625 0.955461 0.00683277 0.00403859 0.00356739 0.00355053 0 0.00352112 0.00353412 0.00355419 0.00352665 0.00500891 0.00373287 0.00608241 0.00552712 0.00666997 0.00515826 0.014382 0.0132629 0.0222325 0.0116463 0.00995236 0.00849471 0.00857144 0.00926092 0.0111617 0.0302145 0.0111285 0.00901064 0.00868253 0.00883469 0.00904401 0.0088789 0.00924124 0.0153312 0.0227773 0.0110151 0.00886028 0.00958727 0.00969324 0.0112918 0.00883427 
0.0104331 0.0109318 0.0158759 0.00978972 0.00993358 0.0172797 0.0142321 0.0501551 0.0131951 0.0117023 0.00855804 0.0104855 0.0133001 0.0215979 0.0128231 0.018108 0.0112062 0.0154835 0.02559 0.0119469 0.0150246 0.00839692 0.967499 0.0173928 0.00748055 0.00407931 0.0035675 0.00352622 0.00352112 0 0.00351703 0.0035184 0.00375506 0.00359668 0.00432792 0.00533645 0.00520939 0.00755098 0.00575692 0.0131223 0.0325079 0.0307175 0.0121614 0.0131679 0.00864073 0.00863051 0.00911599 0.0202111 0.0231507 0.0176545 0.00910264 0.00851725 0.00941126 0.00901069 0.00962348 0.00962876 0.019767 0.0343117 0.0101394 0.00978449 0.00885404 0.0147479 0.0108739 0.00945867 
0.0089514 0.0172105 0.010029 0.0102241 0.0107306 0.0103548 0.0410219 0.0117271 0.0209124 0.009877 0.00855229 0.00966459 0.0147283 0.0124771 0.0189669 0.0120257 0.0199891 0.0142436 0.0104013 0.0161853 0.0105205 0.948276 0.0155037 0.0167312 0.00508805 0.0051003 0.00358992 0.00352396 0.00353412 0.00351703 0 0.00352343 0.00352126 0.00358242 0.00366985 0.00413304 0.00400952 0.00445412 0.00410004 0.0507429 0.0139305 0.0269501 0.0156528 0.00991677 0.00866708 0.00853916 0.0108262 0.0114478 0.0320632 0.011686 0.00924881 0.00887851 0.00872685 0.00945983 0.00874713 0.0110688 0.0177445 0.0192799 0.0123877 0.00879926 0.0104132 0.0103366 0.0129569 0.00897473 
0.010004 0.0127358 0.011377 0.00959863 0.0102976 0.0237905 0.0194015 0.0274986 0.0132572 0.0107089 0.00873233 0.0114912 0.0159402 0.0192914 0.019796 0.0178935 0.017666 0.0127295 0.0186507 0.0242585 0.90456 0.0221632 0.0105948 0.0094229 0.00706907 0.0052126 0.00361897 0.00352405 0.00355419 0.0035184 0.00352343 0 0.00355968 0.00357024 0.00357415 0.00355114 0.00447341 0.00370723 0.0043064 0.0181966 0.0834868 0.0234313 0.0130255 0.0106273 0.00879546 0.00866373 0.0101407 0.0176914 0.0235168 0.0140856 0.00932607 0.00905552 0.00962118 0.00914102 0.00920694 0.0100885 0.0192376 0.0260616 0.0104449 0.00911563 0.00929952 0.0127243 0.0112701 0.00899199 
0.00948751 0.0107398 0.0143251 0.0100267 0.0109962 0.017026 0.0226987 0.0347136 0.0152885 0.0143077 0.00949668 0.010723 0.0247262 0.0237183 0.0195563 0.0235545 0.013247 0.0211288 0.0578268 0.900136 0.045958 0.0140354 0.0100098 0.0117493 0.0100656 0.007911 0.00362343 0.00365528 0.00352665 0.00375506 0.00352126 0.00355968 0 0.00356308 0.00353836 0.00356227 0.00370605 0.003949 0.00366557 0.0307396 0.024372 0.0740854 0.0122203 0.0117398 0.00862986 0.00866625 0.0095205 0.0161458 0.0239483 0.014897 0.00934989 0.00869408 0.00914999 0.00896931 0.0094156 0.0096583 0.0168707 0.0238725 0.0103909 0.00977653 0.00902165 0.0122707 0.0106163 0.00909624 
0.00851839 0.0156013 0.00927409 0.0102545 0.00989478 0.0108868 0.0406287 0.0146041 0.028048 0.0119304 0.00893031 0.0117072 0.013408 0.021119 0.0235305 0.0109411 0.0295816 0.0344063 0.88033 0.0397291 0.0101903 0.0119585 0.00902382 0.0117421 0.0083648 0.0105536 0.00411355 0.00455879 0.00500891 0.00359668 0.00358242 0.00357024 0.00356308 0 0.00354203 0.00356628 0.00360391 0.00359523 0.00379581 0.0225757 0.0167956 0.0191994 0.0324477 0.00976842 0.00857157 0.00844761 0.00943664 0.0106654 0.0350307 0.0118257 0.00919815 0.00860127 0.00866666 0.00979955 0.00908314 0.00945219 0.0155035 0.0196964 0.0131715 0.00878618 0.00982845 0.00947333 0.012237 0.00866991 
0.0108179 0.0102256 0.0127729 0.00955363 0.010788 0.0181531 0.0179804 0.0472131 0.0190165 0.0127653 0.00895496 0.0110189 0.0182028 0.0225718 0.0164093 0.032355 0.0236717 0.850233 0.0329813 0.0144032 0.0139809 0.0105705 0.0117349 0.00930532 0.00996115 0.00691484 0.00680224 0.00431621 0.00373287 0.00432792 0.00366985 0.00357415 0.00353836 0.00354203 0 0.00352947 0.00354895 0.00361881 0.00356332 0.0298746 0.0318842 0.0406329 0.0107379 0.0184336 0.00857901 0.00878014 0.00979996 0.019974 0.0226059 0.0154079 0.00920765 0.00872065 0.0097924 0.00887307 0.00940053 0.0103705 0.0208154 0.0330518 0.00994267 0.00963601 0.0093864 0.0146844 0.010409 0.00916451 
0.00891139 0.0158375 0.00994001 0.0106708 0.0111235 0.0145855 0.0538619 0.0340587 0.0314414 0.0103516 0.00948356 0.0111598 0.0182173 0.033423 0.0302863 0.0336662 0.641802 0.0422838 0.0263467 0.0188455 0.0129285 0.0195135 0.0125137 0.0149699 0.00908803 0.0100481 0.00500561 0.00484076 0.00608241 0.00533645 0.00413304 0.00355114 0.00356227 0.00356628 0.00352947 0 0.00353969 0.00356264 0.00357924 0.0369007 0.0505687 0.0396421 0.0247825 0.0108467 0.00903351 0.00871219 0.0104524 0.0149379 0.0424719 0.0163897 0.00990237 0.00897495 0.00916329 0.0100158 0.00990948 0.0106748 0.0226277 0.0251882 0.0174087 0.00989769 0.0103376 0.0116896 0.0129092 0.00954499 
0.00955638 0.0116754 0.0126322 0.00955586 0.0115835 0.0195265 0.0441937 0.0449324 0.0207926 0.011894 0.00914628 0.0116229 0.0174369 0.0321596 0.0549612 0.418042 0.0780763 0.0459072 0.0229299 0.0203004 0.0164763 0.0117053 0.011087 0.0114451 0.0113813 0.00823345 0.00602851 0.00617456 0.00552712 0.00520939 0.00400952 0.00447341 0.00370605 0.00360391 0.00354895 0.00353969 0 0.00354181 0.00355416 0.0348621 0.0390003 0.108682 0.0206744 0.0137241 0.00860488 0.00861001 0.0102764 0.0152118 0.0455453 0.0145152 0.00946186 0.00880189 0.00972627 0.0100953 0.00962389 0.0103986 0.0192911 0.0368876 0.0118005 0.00962365 0.00970862 0.0113472 0.0123856 0.00889383 
0.010469 0.0118312 0.0118602 0.0100909 0.0123861 0.0224659 0.0162397 0.0269234 0.0130936 0.0148844 0.0108856 0.0125977 0.0296824 0.0433893 0.311204 0.135187 0.0152247 0.0277055 0.0208235 0.0162457 0.0138665 0.0109277 0.010797 0.0149685 0.0195438 0.00981241 0.00692239 0.0139556 0.00666997 0.00755098 0.00445412 0.00370723 0.003949 0.00359523 0.00361881 0.00356264 0.00354181 0 0.00359765 0.0128723 0.0530366 0.041246 0.0649924 0.0196095 0.00935442 0.00925173 0.0103259 0.0218135 0.0188848 0.0216872 0.00978869 0.00896493 0.011852 0.00977652 0.00982334 0.0111263 0.0200861 0.0189996 0.0130407 0.0101755 0.00911398 0.0156858 0.0116581 0.00966148 
0.0136375 0.0102746 0.0088475 0.0107881 0.0343236 0.0113032 0.0139229 0.0101223 0.0108236 0.00942385 0.0105492 0.0367799 0.026173 0.101486 0.0585371 0.0121049 0.0144352 0.0117154 0.0143268 0.0116506 0.0094136 0.00957387 0.00912044 0.00975128 0.00883091 0.0110457 0.00973465 0.00823285 0.00515826 0.00575692 0.00410004 0.0043064 0.00366557 0.00379581 0.00356332 0.00357924 0.00355416 0.00359765 0 0.0432814 0.0127429 0.0194189 0.0361626 0.0666466 0.0106682 0.00930115 0.0254955 0.0117742 0.0112601 0.0101274 0.0109476 0.022011 0.00928386 0.00924557 0.0104688 0.0242021 0.0121519 0.0106769 0.00958907 0.00972619 0.0221242 0.00953822 0.00988948 0.00946873 
0.0087359 0.00901793 0.00856012 0.0110853 0.0106135 0.0105397 0.0146261 0.0102424 0.0106424 0.00892938 0.0106443 0.0148411 0.0167199 0.0133456 0.0118817 0.012748 0.0162021 0.0148876 0.0147817 0.0151424 0.0108428 0.01355 0.0140063 0.0153643 0.0108382 0.0172838 0.0123711 0.0157902 0.014382 0.0131223 0.0507429 0.0181966 0.0307396 0.0225757 0.0298746 0.0369007 0.0348621 0.0128723 0.0432814 0 0.0036991 0.00356949 0.00367289 0.00381355 0.0133476 0.0156663 0.0179316 0.0139359 0.0133789 0.0112839 0.0180306 0.0127251 0.00916079 0.00978118 0.0228138 0.0256001 0.0149012 0.0132534 0.0107307 0.0232592 0.0140487 0.0094765 0.0103495 0.0118636 
0.00908294 0.00988809 0.00961402 0.00868589 0.0099418 0.0156059 0.0177631 0.0276931 0.0115242 0.011637 0.00876812 0.0130422 0.029578 0.0227345 0.0232804 0.0227466 0.0192353 0.0329278 0.0315865 0.0199013 0.0179606 0.013329 0.0232361 0.0186534 0.0209429 0.0108676 0.0102547 0.0155564 0.0132629 0.0325079 0.0139305 0.0834868 0.024372 0.0167956 0.0318842 0.0505687 0.0390003 0.0530366 0.0127429 0.0036991 0 0.00353786 0.00358385 0.00362749 0.0265819 0.0146415 0.0146734 0.0388053 0.0167031 0.0250335 0.0102296 0.0105988 0.0100271 0.0111872 0.0131267 0.0135501 0.0444537 0.0172982 0.0287472 0.010774 0.0110741 0.0153421 0.0158035 0.00984541 
0.00865969 0.00941601 0.00985215 0.00883199 0.00987734 0.013266 0.0318166 0.0267724 0.027321 0.0100009 0.0087135 0.010937 0.0196914 0.0485301 0.031718 0.0348858 0.0251132 0.0413294 0.0532813 0.0341177 0.0247572 0.024345 0.0250006 0.0324513 0.0178831 0.0103505 0.00992427 0.0113232 0.0222325 0.0307175 0.0269501 0.0234313 0.0740854 0.0191994 0.0406329 0.0396421 0.108682 0.041246 0.0194189 0.00356949 0.00353786 0 0.00354271 0.00358969 0.0156499 0.0130344 0.0117206 0.0202776 0.0524513 0.0167619 0.0108335 0.00923092 0.0130584 0.00945556 0.0110938 0.0142749 0.0211016 0.0818409 0.0121893 0.0115721 0.010117 0.0209223 0.0144395 0.00946951 
0.00852387 0.00935827 0.0087012 0.00873376 0.00980588 0.0102579 0.0144289 0.0143715 0.0107213 0.0100131 0.00860513 0.00960281 0.0147504 0.0141329 0.0168218 0.0112213 0.0155402 0.0146917 0.0141287 0.0154727 0.0114234 0.0116247 0.0127523 0.014165 0.0137195 0.010173 0.0088585 0.0130781 0.0116463 0.0121614 0.0156528 0.0130255 0.0122203 0.0324477 0.0107379 0.0247825 0.0206744 0.0649924 0.0361626 0.00367289 0.00358385 0.00354271 0 0.00360078 0.0148767 0.0146417 0.0120173 0.0179444 0.025358 0.0268478 0.01052 0.0106211 0.00933008 0.0129919 0.00930718 0.011693 0.0336765 0.0119001 0.0228921 0.00918434 0.0107982 0.0126159 0.0196077 0.00914865 
0.0121909 0.00833327 0.00865795 0.00940198 0.014512 0.00971789 0.0102646 0.0100087 0.00907412 0.00888435 0.00914336 0.0164114 0.0117162 0.0116489 0.0107707 0.0132478 0.00963784 0.0112763 0.0112203 0.0107689 0.0113843 0.0093106 0.0101428 0.00951896 0.0131216 0.0121823 0.0181693 0.0106301 0.00995236 0.0131679 0.00991677 0.0106273 0.0117398 0.00976842 0.0184336 0.0108467 0.0137241 0.0196095 0.0666466 0.00381355 0.00362749 0.00358969 0.00360078 0 0.0335742 0.0117306 0.0261353 0.0133171 0.012856 0.0245539 0.0294436 0.0134055 0.0107126 0.00999219 0.0186573 0.0263957 0.0116344 0.0155862 0.00928814 0.0235357 0.0142851 0.011782 0.00974368 0.0110824 
0.00810999 0.00809409 0.0082109 0.0081895 0.00815494 0.00843427 0.00846353 0.00843608 0.00829067 0.00825268 0.00820844 0.00824571 0.00856526 0.00850283 0.00846338 0.0084419 0.00854868 0.00852939 0.0085487 0.00857798 0.00834066 0.00849696 0.00862684 0.00854635 0.0090886 0.00986194 0.0084391 0.00853036 0.00849471 0.00864073 0.00866708 0.00879546 0.00862986 0.00857157 0.00857901 0.00903351 0.00860488 0.00935442 0.0106682 0.0133476 0.0265819 0.0156499 0.0148767 0.0335742 0 0.00393693 0.00410376 0.0147539 0.00745582 0.00647337 0.00605366 0.00603683 0.00681211 0.00706692 0.011485 0.00914631 0.00996849 0.0295452 0.00874262 0.0101425 0.0087601 0.00894118 0.0102495 0.0103046 
0.00832401 0.00804366 0.0081705 0.00811731 0.00837195 0.00829588 0.00836984 0.00850271 0.00831799 0.00827669 0.00803652 0.00924056 0.00856222 0.00867634 0.00861662 0.00849962 0.00855237 0.00868734 0.00853736 0.0086466 0.00834492 0.00850834 0.00848215 0.00867956 0.0088635 0.00843138 0.00908077 0.00838849 0.00857144 0.00863051 0.00853916 0.00866373 0.00866625 0.00844761 0.00878014 0.00871219 0.00861001 0.00925173 0.00930115 0.0156663 0.0146415 0.0130344 0.0146417 0.0117306 0.00393693 0 0.0226146 0.00530905 0.0036877 0.0045576 0.00427137 0.00627224 0.0061121 0.00655319 0.00610722 0.0143624 0.0138112 0.00919897 0.00837661 0.00915472 0.0102231 0.00914044 0.00927469 0.00866597 
0.00852778 0.00825799 0.00817142 0.00960251 0.00882446 0.00846273 0.00969303 0.0087481 0.00895054 0.00833058 0.00998453 0.00988789 0.00932185 0.00956973 0.00939771 0.00922001 0.00999659 0.00950821 0.0101161 0.00938945 0.00929035 0.00910699 0.00946992 0.0102552 0.00948524 0.0159144 0.00934179 0.00887542 0.00926092 0.00911599 0.0108262 0.0101407 0.0095205 0.00943664 0.00979996 0.0104524 0.0102764 0.0103259 0.0254955 0.0179316 0.0146734 0.0117206 0.0120173 0.0261353 0.00410376 0.0226146 0 0.00362216 0.00358219 0.00360876 0.00394608 0.00442257 0.00441777 0.0063259 0.0500563 0.0493624 0.0119106 0.0115942 0.0106638 0.0206115 0.0177897 0.00998359 0.0113324 0.0142845 
0.00853882 0.00874044 0.00863502 0.00861731 0.00849309 0.0115506 0.0127117 0.0166179 0.00943807 0.00995359 0.0084103 0.00930665 0.0151495 0.0155743 0.0151883 0.0159038 0.0121429 0.0242726 0.0204655 0.014765 0.0134352 0.0114732 0.0162941 0.0147172 0.0139947 0.00930022 0.00919035 0.0100752 0.0111617 0.0202111 0.0114478 0.0176914 0.0161458 0.0106654 0.019974 0.0149379 0.0152118 0.0218135 0.0117742 0.0139359 0.0388053 0.0202776 0.0179444 0.0133171 0.0147539 0.00530905 0.00362216 0 0.00357064 0.00359136 0.00362041 0.0038378 0.00812135 0.0144694 0.766334 0.0133236 0.0219864 0.0134033 0.0155354 0.0132231 0.0129669 0.041011 0.015835 0.0109089 
0.00842414 0.00965342 0.0094747 0.0084287 0.0088015 0.0116516 0.0425243 0.0206362 0.0278121 0.00935521 0.00844839 0.00929764 0.0176799 0.0417103 0.0381392 0.0275012 0.0351245 0.0348366 0.0483476 0.0428174 0.0257266 0.0280463 0.0227188 0.0436698 0.0135084 0.00963764 0.00861528 0.0106046 0.0302145 0.0231507 0.0320632 0.0235168 0.0239483 0.0350307 0.0226059 0.0424719 0.0455453 0.0188848 0.0112601 0.0133789 0.0167031 0.0524513 0.025358 0.012856 0.00745582 0.0036877 0.00358219 0.00357064 0 0.0035571 0.00354226 0.00387841 0.00583937 0.771741 0.00806712 0.0118367 0.0143415 0.0212958 0.0128004 0.0112314 0.0163259 0.0185766 0.0378739 0.0101932 
0.00905149 0.00900065 0.00899154 0.00873924 0.0100674 0.0120328 0.0127536 0.0194166 0.0103398 0.0098447 0.00840649 0.0104839 0.0150453 0.0154508 0.0155581 0.0154117 0.0130382 0.0189986 0.0194317 0.0167892 0.0143534 0.011442 0.01529 0.0122338 0.0175117 0.0095172 0.00947385 0.0114733 0.0111285 0.0176545 0.011686 0.0140856 0.014897 0.0118257 0.0154079 0.0163897 0.0145152 0.0216872 0.0101274 0.0112839 0.0250335 0.0167619 0.0268478 0.0245539 0.00647337 0.0045576 0.00360876 0.00359136 0.0035571 0 0.00369492 0.00423062 0.901521 0.00475863 0.00410071 0.0110289 0.0190562 0.0157596 0.0113613 0.0118218 0.012654 0.0286145 0.0263031 0.0135214 
0.00905728 0.0082449 0.00822647 0.00821994 0.0113102 0.00869199 0.00909564 0.00908337 0.00879644 0.00841466 0.00823077 0.0123023 0.00980379 0.00943881 0.00931312 0.00888426 0.00928097 0.0097518 0.00927278 0.00949416 0.00899006 0.00895398 0.00894875 0.00905151 0.00909706 0.00955567 0.0107105 0.00947206 0.00901064 0.00910264 0.00924881 0.00932607 0.00934989 0.00919815 0.00920765 0.00990237 0.00946186 0.00978869 0.0109476 0.0180306 0.0102296 0.0108335 0.01052 0.0294436 0.00605366 0.00427137 0.00394608 0.00362041 0.00354226 0.00369492 0 0.980599 0.0038031 0.00369175 0.00395491 0.015421 0.00980273 0.00995094 0.00895102 0.0130637 0.0169939 0.0104 0.0112532 0.010589 
0.00828728 0.0083366 0.00805539 0.00862966 0.00813864 0.00816084 0.00852573 0.0083064 0.00833647 0.00812979 0.00877202 0.00859021 0.00843318 0.00862422 0.00860755 0.00846078 0.00876112 0.0086097 0.00856757 0.00888478 0.00833845 0.00868492 0.00858017 0.00876059 0.00855515 0.0118394 0.00840087 0.00837003 0.00868253 0.00851725 0.00887851 0.00905552 0.00869408 0.00860127 0.00872065 0.00897495 0.00880189 0.00896493 0.022011 0.0127251 0.0105988 0.00923092 0.0106211 0.0134055 0.00603683 0.00627224 0.00442257 0.0038378 0.00387841 0.00423062 0.980599 0 0.00359122 0.00363439 0.00577885 0.00828751 0.00808578 0.0281135 0.0389255 0.0604121 0.0136687 0.00907155 0.00934893 0.0131496 
0.00829574 0.00824526 0.00823519 0.00819235 0.00811826 0.00837984 0.00857013 0.00884924 0.00834363 0.008385 0.00813889 0.00821345 0.00894248 0.00901768 0.00906797 0.0095255 0.00851877 0.0100706 0.00939038 0.00927005 0.00869633 0.00883094 0.00889567 0.00943548 0.00961067 0.00859263 0.00825676 0.00827539 0.00883469 0.00941126 0.00872685 0.00962118 0.00914999 0.00866666 0.0097924 0.00916329 0.00972627 0.011852 0.00928386 0.00916079 0.0100271 0.0130584 0.00933008 0.0107126 0.00681211 0.0061121 0.00441777 0.00812135 0.00583937 0.901521 0.0038031 0.00359122 0 0.00354266 0.00365308 0.00816535 0.0223847 0.0280319 0.0278157 0.0105884 0.00860837 0.0107544 0.0113857 0.00853285 
0.00808801 0.00840322 0.00823918 0.0081203 0.00838472 0.00846537 0.00957591 0.00872889 0.00891208 0.00840472 0.00815543 0.00858192 0.00908827 0.00936658 0.00942962 0.00877691 0.00949773 0.00922033 0.009416 0.00945042 0.0089709 0.00903534 0.00884666 0.00964871 0.00906999 0.0084979 0.00819476 0.00874868 0.00904401 0.00901069 0.00945983 0.00914102 0.00896931 0.00979955 0.00887307 0.0100158 0.0100953 0.00977652 0.00924557 0.00978118 0.0111872 0.00945556 0.0129919 0.00999219 0.00706692 0.00655319 0.0063259 0.0144694 0.771741 0.00475863 0.00369175 0.00363439 0.00354266 0 0.00380003 0.0150289 0.0226458 0.0322176 0.00951724 0.00729762 0.0100121 0.0114976 0.0131529 0.00855425 
0.0109112 0.0081906 0.0082314 0.00831007 0.0107184 0.00879255 0.0086743 0.0087437 0.00850998 0.00826251 0.00821291 0.0136686 0.00976785 0.00912065 0.00866973 0.00914767 0.008723 0.00905306 0.00920699 0.00892251 0.00902453 0.00870819 0.00938428 0.00906962 0.00949705 0.00886949 0.014114 0.00954834 0.0088789 0.00962348 0.00874713 0.00920694 0.0094156 0.00908314 0.00940053 0.00990948 0.00962389 0.00982334 0.0104688 0.0228138 0.0131267 0.0110938 0.00930718 0.0186573 0.011485 0.00610722 0.0500563 0.766334 0.00806712 0.00410071 0.00395491 0.00577885 0.00365308 0.00380003 0 0.0568391 0.0281049 0.00692058 0.00604896 0.0103533 0.0158534 0.0126527 0.00918083 0.0122896 
0.0089041 0.00833223 0.0083976 0.0092936 0.00866662 0.00853427 0.0101413 0.00907397 0.00889534 0.00866774 0.00974733 0.0097777 0.00965046 0.00985053 0.0100881 0.00936468 0.0102786 0.01066 0.0107616 0.0105912 0.0091989 0.0101798 0.00940294 0.0100504 0.0100808 0.014275 0.00947037 0.0086859 0.00924124 0.00962876 0.0110688 0.0100885 0.0096583 0.00945219 0.0103705 0.0106748 0.0103986 0.0111263 0.0242021 0.0256001 0.0135501 0.0142749 0.011693 0.0263957 0.00914631 0.0143624 0.0493624 0.0133236 0.0118367 0.0110289 0.015421 0.00828751 0.00816535 0.0150289 0.0568391 0 0.00373778 0.00361064 0.00367602 0.00456309 0.0156787 0.0111183 0.0161364 0.0426653 
0.00858585 0.00951124 0.00891477 0.00862841 0.00883384 0.011626 0.0154117 0.0171866 0.0112538 0.00958936 0.00840707 0.00991061 0.0165186 0.0208009 0.02064 0.0174234 0.0176323 0.0253736 0.0286341 0.0230966 0.0157571 0.0130731 0.0163595 0.0224838 0.0139418 0.0100504 0.00880902 0.0107271 0.0153312 0.019767 0.0177445 0.0192376 0.0168707 0.0155035 0.0208154 0.0226277 0.0192911 0.0200861 0.0121519 0.0149012 0.0444537 0.0211016 0.0336765 0.0116344 0.00996849 0.0138112 0.0119106 0.0219864 0.0143415 0.0190562 0.00980273 0.00808578 0.0223847 0.0226458 0.0281049 0.00373778 0 0.00358836 0.00357041 0.00369295 0.0205749 0.0183455 0.0503984 0.011204 
0.00871472 0.0090913 0.00945885 0.00835465 0.00907604 0.0104404 0.0227086 0.0212475 0.0148261 0.0090186 0.00827936 0.00968112 0.0145149 0.0317209 0.0240693 0.022916 0.0205102 0.0359851 0.040655 0.027997 0.0226494 0.0179033 0.028448 0.0284099 0.0134667 0.00911857 0.00871971 0.00946445 0.0227773 0.0343117 0.0192799 0.0260616 0.0238725 0.0196964 0.0330518 0.0251882 0.0368876 0.0189996 0.0106769 0.0132534 0.0172982 0.0818409 0.0119001 0.0155862 0.0295452 0.00919897 0.0115942 0.0134033 0.0212958 0.0157596 0.00995094 0.0281135 0.0280319 0.0322176 0.00692058 0.00361064 0.00358836 0 0.00355219 0.00357187 0.0100497 0.0557218 0.0226759 0.0130796 
0.00814366 0.00896309 0.00836184 0.00825556 0.00861803 0.00919303 0.012318 0.0102633 0.00954036 0.00858624 0.00844991 0.00911888 0.0110932 0.0112544 0.0126081 0.0104764 0.0139136 0.0124348 0.0141107 0.0132447 0.0103838 0.0111503 0.0109024 0.0122511 0.00970415 0.00881913 0.00833085 0.009985 0.0110151 0.0101394 0.0123877 0.0104449 0.0103909 0.0131715 0.00994267 0.0174087 0.0118005 0.0130407 0.00958907 0.0107307 0.0287472 0.0121893 0.0228921 0.00928814 0.00874262 0.00837661 0.0106638 0.0155354 0.0128004 0.0113613 0.00895102 0.0389255 0.0278157 0.00951724 0.00604896 0.00367602 0.00357041 0.00355219 0 0.00353562 0.0241805 0.0159901 0.0437358 0.00798727 
