1MG3F
TDPRAKWVPQDNDIQACDYWRHCSIDGNICDCSGGSLTNCPPGTKLATASXVASCYNPTDGQSYLIAYRDCCGYNVSGRCPCLNTEGELPVYRPEFANDIIWCFGAEDDAMTYHCTISPIVGKAS
CCCCCCCCCECCCCCCCCEHHHCCCEEEEHHHCCCECCEECCCCEECCCCEEEEEEECCCCEEEEEEECEEECCCCCCCCEEECCCCCCCCCCHHHCCCECCCCCCHHHCCCEEEECCCEEEECC
0 0 0 0 0 0 0 0 0 0 0 0 0 0 0 0 0 0 0 0 0 0 0 0 0 0 0 0 0 0 0 0 0 0 0 0 0 0 0 0 0 0 0 0 0 0 0 0 0 0 0 0 0 0 0 0 0 0 0 0 0 0 0 0 0 0 0 0 0 0 0 0 0 0 0 0 0 0 0 0 0 0 0 0 0 0 0 0 0 0 0 0 0 0 0 0 0 0 0 0 0 0 0 0 0 0 0 0 0 0 0 0 0 0 0 0 0 0 0 0 0 0 0 0 0 
0 0 0 0 0 0 0 0 0 0 0 0 0 0 0 0 0 0 0 0 0 0 0 0 0 0 0 0 0 0 0 0 0 0 0 0 0 0 0 0 0 0 0 0 0 0 0 0 0 0 0 0 0 0 0 0 0 0 0 0 0 0 0 0 0 0 0 0 0 0 0 0 0 0 0 0 0 0 0 0 0 0 0 0 0 0 0 0 0 0 0 0 0 0 0 0 0 0 0 0 0 0 0 0 0 0 0 0 0 0 0 0 0 0 0 0 0 0 0 0 0 0 0 0 0 
0 0.735946 0.0108032 0.00916596 0.0124593 0.0120515 0.043895 0.0138426 0.0140243 0.0162348 0.0210049 0.013631 0.00972436 0.00879021 0.00859923 0.00866651 0.00914358 0.0102157 0.0100525 0.00882493 0.00869071 0.00884112 0.00877035 0.009294 0.00968758 0.00935926 0.00860432 0.010824 0.00897637 0.00834605 0.009228 0.0133572 0.00868315 0.00815542 0.00809332 0.00910734 0.00912895 0.00800712 0.00813141 0.00885363 
0.735946 0 0.00617748 0.00454676 0.0045268 0.00564604 0.0318125 0.0135699 0.012573 0.0201093 0.0182454 0.0199243 0.0108425 0.00919579 0.0086346 0.00877859 0.0093241 0.0104695 0.0117332 0.00917165 0.0100369 0.00935222 0.00975514 0.0103597 0.0122694 0.0110663 0.010987 0.0130362 0.0112861 0.013474 0.00957799 0.0224611 0.0110795 0.00882048 0.00859783 0.015638 0.00992832 0.00831002 0.00826858 0.00900657 
0.0108032 0.00617748 0 0.00366537 0.00355006 0.0036524 0.0162291 0.00906738 0.0123495 0.017832 0.0162927 0.0199772 0.0142441 0.00999587 0.016485 0.0084779 0.0124091 0.0171974 0.00949384 0.00958374 0.01103 0.0131316 0.0120075 0.0139639 0.0156224 0.0109453 0.0116178 0.026814 0.0119759 0.00915838 0.0178577 0.00980006 0.00975197 0.00977905 0.00912795 0.0152835 0.00982515 0.00849448 0.00890671 0.00990105 
0.00916596 0.00454676 0.00366537 0 0.00355599 0.00352398 0.00658981 0.0153959 0.00991853 0.0121858 0.0175323 0.0239819 0.0223694 0.0435703 0.0093938 0.0205025 0.0108817 0.00971565 0.00914389 0.0136554 0.0201998 0.0256843 0.0342013 0.0236706 0.0156362 0.0134676 0.0385322 0.0139652 0.00922511 0.0212379 0.00984322 0.00983775 0.0134616 0.0121185 0.0317678 0.00955982 0.0101703 0.0102758 0.00985951 0.00836704 
0.0124593 0.0045268 0.00355006 0.00355599 0 0.00350877 0.00859201 0.0154634 0.00804436 0.0186857 0.0174237 0.0131629 0.0566527 0.0105879 0.0220958 0.00933164 0.0157673 0.00901852 0.00925428 0.0110514 0.0138699 0.0211707 0.0209385 0.0500501 0.0126656 0.0149684 0.0417227 0.0142511 0.0121273 0.0143317 0.0143149 0.00960641 0.0107025 0.0216117 0.011982 0.0132396 0.00987658 0.0104431 0.00977459 0.00844301 
0.0120515 0.00564604 0.0036524 0.00352398 0.00350877 0 0.0393024 0.00834526 0.010169 0.0114588 0.0107148 0.0263821 0.01054 0.0115416 0.0086128 0.00917833 0.00841397 0.00914069 0.0109919 0.00961427 0.0102335 0.0110466 0.0111087 0.0180362 0.0193889 0.0138346 0.0118577 0.0245691 0.0104435 0.0103484 0.0136371 0.0112543 0.0192359 0.00943363 0.0113943 0.0113658 0.0115869 0.00869484 0.00878922 0.00874648 
0.043895 0.0318125 0.0162291 0.00658981 0.00859201 0.0393024 0 0.264053 0.00617306 0.0251107 0.0292864 0.0175414 0.012367 0.00882542 0.00910544 0.00788081 0.0130456 0.0115393 0.0134035 0.00910697 0.0096361 0.00980876 0.0106106 0.0151716 0.0140634 0.0104317 0.010123 0.0180971 0.0142064 0.00940791 0.0140277 0.0220071 0.0100786 0.00880023 0.00907891 0.0135008 0.0109017 0.00840707 0.00918191 0.0116626 
0.0138426 0.0135699 0.00906738 0.0153959 0.0154634 0.00834526 0.264053 0 0.00531887 0.0155745 0.088346 0.0139106 0.0127117 0.00825675 0.00779097 0.00819401 0.0106313 0.0125942 0.00996438 0.0115121 0.0097273 0.0105674 0.0104148 0.0131322 0.0130575 0.00982718 0.0212247 0.0325638 0.0114509 0.0109363 0.0172933 0.0144427 0.0101241 0.0103428 0.00978664 0.0132561 0.00986754 0.00861384 0.00917664 0.00916425 
0.0140243 0.012573 0.0123495 0.00991853 0.00804436 0.010169 0.00617306 0.00531887 0 0.0477621 0.00582998 0.00906735 0.00862379 0.00869438 0.00666162 0.00773272 0.00762967 0.00680922 0.00938387 0.00871206 0.0087928 0.00938496 0.00913616 0.0131231 0.0105477 0.0109177 0.0109157 0.0139845 0.0092737 0.0126337 0.00994898 0.0125037 0.0104617 0.00943722 0.00991874 0.00953508 0.0109279 0.00879945 0.00851792 0.00830869 
0.0162348 0.0201093 0.017832 0.0121858 0.0186857 0.0114588 0.0251107 0.0155745 0.0477621 0 0.00432922 0.0253124 0.0152612 0.00592 0.00763246 0.0062751 0.00824928 0.00975391 0.00970628 0.0114764 0.0100247 0.0108027 0.0110051 0.0133189 0.0163491 0.0107771 0.0235899 0.025506 0.0183982 0.011355 0.0173733 0.0143417 0.0111891 0.0101256 0.00992675 0.014735 0.0114236 0.00886912 0.00945864 0.0105697 
0.0210049 0.0182454 0.0162927 0.0175323 0.0174237 0.0107148 0.0292864 0.088346 0.00582998 0.00432922 0 0.0104858 0.00585138 0.00510396 0.00470855 0.00558006 0.00629479 0.00560045 0.00999147 0.0095824 0.00889947 0.0107866 0.00945989 0.0181564 0.0116743 0.0168247 0.0189929 0.018726 0.0119098 0.0203324 0.0111618 0.0197681 0.0167576 0.0103185 0.0108528 0.0117846 0.0149645 0.00965518 0.00940094 0.00940503 
0.013631 0.0199243 0.0199772 0.0239819 0.0131629 0.0263821 0.0175414 0.0139106 0.00906735 0.0253124 0.0104858 0 0.00360671 0.00358009 0.00363324 0.00359566 0.00359099 0.00687611 0.00857504 0.00848596 0.0107846 0.00970103 0.0154734 0.0208157 0.937646 0.010942 0.0112271 0.0343572 0.0175121 0.011532 0.0203392 0.0155013 0.0175124 0.0102986 0.0164811 0.0179219 0.0163563 0.00997439 0.00972831 0.0169756 
0.00972436 0.0108425 0.0142441 0.0223694 0.0566527 0.01054 0.012367 0.0127117 0.00862379 0.0152612 0.00585138 0.00360671 0 0.0035901 0.00354028 0.00352458 0.00391643 0.00353813 0.00767292 0.0084839 0.00832935 0.0131725 0.0184173 0.975532 0.0127782 0.0100479 0.0227588 0.012625 0.0123331 0.0181596 0.0120136 0.0113088 0.0107414 0.0303288 0.0146555 0.0137757 0.0120736 0.01103 0.0145842 0.00957621 
0.00879021 0.00919579 0.00999587 0.0435703 0.0105879 0.0115416 0.00882542 0.00825675 0.00869438 0.00592 0.00510396 0.00358009 0.0035901 0 0.00355172 0.00356854 0.00359679 0.00371429 0.00488874 0.00658294 0.00923663 0.0135494 0.931503 0.0095689 0.0101806 0.00902953 0.00943804 0.0100919 0.00878996 0.0111894 0.0100044 0.00914311 0.0135754 0.011228 0.0364259 0.00929125 0.0111126 0.0156613 0.00994352 0.00869998 
0.00859923 0.0086346 0.016485 0.0093938 0.0220958 0.0086128 0.00910544 0.00779097 0.00666162 0.00763246 0.00470855 0.00363324 0.00354028 0.00355172 0 0.00350962 0.00357375 0.00351676 0.00455882 0.00696072 0.0119655 0.963651 0.00982614 0.00921832 0.00779168 0.00798739 0.00792708 0.00913515 0.0114564 0.00847815 0.0127287 0.00895793 0.00953373 0.0234558 0.00937404 0.0174391 0.0102486 0.0095096 0.0104777 0.00883672 
0.00866651 0.00877859 0.0084779 0.0205025 0.00933164 0.00917833 0.00788081 0.00819401 0.00773272 0.0062751 0.00558006 0.00359566 0.00352458 0.00356854 0.00350962 0 0.00353316 0.00351829 0.00425683 0.0140016 0.964587 0.0104722 0.00922891 0.00713969 0.00802042 0.00652368 0.00814399 0.00804846 0.0081237 0.0137083 0.00850939 0.00899245 0.0119159 0.0102073 0.0266735 0.00880915 0.00957468 0.0107391 0.00905849 0.00830749 
0.00914358 0.0093241 0.0124091 0.0108817 0.0157673 0.00841397 0.0130456 0.0106313 0.00762967 0.00824928 0.00629479 0.00359099 0.00391643 0.00359679 0.00357375 0.00353316 0 0.0035835 0.0061025 0.984105 0.00665995 0.00716426 0.00786004 0.00943633 0.00651936 0.00745739 0.0102842 0.00883379 0.0143014 0.00855761 0.0116279 0.00983695 0.0107812 0.017443 0.00945205 0.0115249 0.00991241 0.009305 0.00935772 0.00837559 
0.0102157 0.0104695 0.0171974 0.00971565 0.00901852 0.00914069 0.0115393 0.0125942 0.00680922 0.00975391 0.00560045 0.00687611 0.00353813 0.00371429 0.00351676 0.00351829 0.0035835 0 0.978513 0.00578958 0.0041834 0.00424286 0.00487529 0.00595124 0.00572703 0.00630331 0.00619832 0.00803466 0.00869603 0.00866988 0.00845364 0.0104256 0.0129579 0.00909925 0.00998235 0.0089259 0.011492 0.00853818 0.00845291 0.00839706 
0.0100525 0.0117332 0.00949384 0.00914389 0.00925428 0.0109919 0.0134035 0.00996438 0.00938387 0.00970628 0.00999147 0.00857504 0.00767292 0.00488874 0.00455882 0.00425683 0.0061025 0.978513 0 0.00388961 0.0035708 0.00358535 0.00360473 0.00380999 0.00451296 0.00412199 0.00475275 0.00759463 0.00979729 0.00770126 0.015405 0.00983919 0.00925979 0.00887273 0.009452 0.0146037 0.0100024 0.00859452 0.0094326 0.0125821 
0.00882493 0.00917165 0.00958374 0.0136554 0.0110514 0.00961427 0.00910697 0.0115121 0.00871206 0.0114764 0.0095824 0.00848596 0.0084839 0.00658294 0.00696072 0.0140016 0.984105 0.00578958 0.00388961 0 0.00353619 0.00353879 0.00355374 0.00429115 0.00453412 0.00369049 0.00678564 0.00566226 0.00803514 0.013556 0.0136428 0.00965509 0.00992626 0.0105697 0.0129233 0.00991548 0.0103092 0.00953244 0.0101879 0.00925866 
0.00869071 0.0100369 0.01103 0.0201998 0.0138699 0.0102335 0.0096361 0.0097273 0.0087928 0.0100247 0.00889947 0.0107846 0.00832935 0.00923663 0.0119655 0.964587 0.00665995 0.0041834 0.0035708 0.00353619 0 0.00356036 0.00355545 0.00683358 0.0036992 0.00392943 0.00408423 0.00533409 0.0108733 0.00874613 0.0138667 0.00938264 0.0131337 0.0170063 0.0140366 0.0117157 0.012189 0.0122126 0.0103938 0.00940299 
0.00884112 0.00935222 0.0131316 0.0256843 0.0211707 0.0110466 0.00980876 0.0105674 0.00938496 0.0108027 0.0107866 0.00970103 0.0131725 0.0135494 0.963651 0.0104722 0.00716426 0.00424286 0.00358535 0.00353879 0.00356036 0 0.00355844 0.003552 0.00362079 0.00361562 0.00419735 0.0051073 0.00943784 0.018697 0.0105319 0.0110719 0.0140202 0.0243965 0.0276201 0.0143149 0.0139457 0.0196168 0.0134992 0.00984465 
0.00877035 0.00975514 0.0120075 0.0342013 0.0209385 0.0111087 0.0106106 0.0104148 0.00913616 0.0110051 0.00945989 0.0154734 0.0184173 0.931503 0.00982614 0.00922891 0.00786004 0.00487529 0.00360473 0.00355374 0.00355545 0.00355844 0 0.00353694 0.00353898 0.00355807 0.00508878 0.00382351 0.00968629 0.00936827 0.013092 0.0106969 0.0162573 0.0233875 0.0356545 0.0152294 0.0179211 0.017106 0.0143695 0.00929604 
0.009294 0.0103597 0.0139639 0.0236706 0.0500501 0.0180362 0.0151716 0.0131322 0.0131231 0.0133189 0.0181564 0.0208157 0.975532 0.0095689 0.00921832 0.00713969 0.00943633 0.00595124 0.00380999 0.00429115 0.00683358 0.003552 0.00353694 0 0.0035453 0.00358869 0.00462336 0.00472387 0.00985346 0.0201037 0.0141324 0.0156651 0.0128334 0.0463184 0.0440168 0.0247448 0.0144345 0.0210319 0.0189093 0.0109114 
0.00968758 0.0122694 0.0156224 0.0156362 0.0126656 0.0193889 0.0140634 0.0130575 0.0105477 0.0163491 0.0116743 0.937646 0.0127782 0.0101806 0.00779168 0.00802042 0.00651936 0.00572703 0.00451296 0.00453412 0.0036992 0.00362079 0.00353898 0.0035453 0 0.00498549 0.00353634 0.00406815 0.00959158 0.00736923 0.012642 0.0138858 0.0220316 0.0106587 0.0163499 0.0166284 0.0212013 0.0104383 0.0111459 0.0108216 
0.00935926 0.0110663 0.0109453 0.0134676 0.0149684 0.0138346 0.0104317 0.00982718 0.0109177 0.0107771 0.0168247 0.010942 0.0100479 0.00902953 0.00798739 0.00652368 0.00745739 0.00630331 0.00412199 0.00369049 0.00392943 0.00361562 0.00355807 0.00358869 0.00498549 0 0.00356344 0.00353948 0.0109706 0.0075121 0.0742404 0.0108867 0.0151547 0.0118338 0.0148667 0.0307392 0.0112989 0.0107639 0.0106852 0.0110478 
0.00860432 0.010987 0.0116178 0.0385322 0.0417227 0.0118577 0.010123 0.0212247 0.0109157 0.0235899 0.0189929 0.0112271 0.0227588 0.00943804 0.00792708 0.00814399 0.0102842 0.00619832 0.00475275 0.00678564 0.00408423 0.00419735 0.00508878 0.00462336 0.00353634 0.00356344 0 0.00355689 0.011582 0.109721 0.0100868 0.0129952 0.0178655 0.0264772 0.0497208 0.011446 0.0120628 0.0154087 0.0170435 0.00930494 
0.010824 0.0130362 0.026814 0.0139652 0.0142511 0.0245691 0.0180971 0.0325638 0.0139845 0.025506 0.018726 0.0343572 0.012625 0.0100919 0.00913515 0.00804846 0.00883379 0.00803466 0.00759463 0.00566226 0.00533409 0.0051073 0.00382351 0.00472387 0.00406815 0.00353948 0.00355689 0 0.0596684 0.017644 0.034572 0.016065 0.041313 0.0141742 0.0169139 0.0443504 0.0216621 0.0113325 0.0102729 0.0118219 
0.00897637 0.0112861 0.0119759 0.00922511 0.0121273 0.0104435 0.0142064 0.0114509 0.0092737 0.0183982 0.0119098 0.0175121 0.0123331 0.00878996 0.0114564 0.0081237 0.0143014 0.00869603 0.00979729 0.00803514 0.0108733 0.00943784 0.00968629 0.00985346 0.00959158 0.0109706 0.011582 0.0596684 0 0.00354994 0.00363068 0.0115362 0.0164251 0.0141086 0.00927866 0.0322036 0.013178 0.00919059 0.00961382 0.0128531 
0.00834605 0.013474 0.00915838 0.0212379 0.0143317 0.0103484 0.00940791 0.0109363 0.0126337 0.011355 0.0203324 0.011532 0.0181596 0.0111894 0.00847815 0.0137083 0.00855761 0.00866988 0.00770126 0.013556 0.00874613 0.018697 0.00936827 0.0201037 0.00736923 0.0075121 0.109721 0.017644 0.00354994 0 0.00357146 0.0108261 0.0232154 0.0174203 0.0431375 0.0106841 0.0118081 0.0179552 0.0112399 0.00881554 
0.009228 0.00957799 0.0178577 0.00984322 0.0143149 0.0136371 0.0140277 0.0172933 0.00994898 0.0173733 0.0111618 0.0203392 0.0120136 0.0100044 0.0127287 0.00850939 0.0116279 0.00845364 0.015405 0.0136428 0.0138667 0.0105319 0.013092 0.0141324 0.012642 0.0742404 0.0100868 0.034572 0.00363068 0.00357146 0 0.0367512 0.0171795 0.025922 0.0183129 0.0498679 0.0227641 0.010043 0.012061 0.0106068 
0.0133572 0.0224611 0.00980006 0.00983775 0.00960641 0.0112543 0.0220071 0.0144427 0.0125037 0.0143417 0.0197681 0.0155013 0.0113088 0.00914311 0.00895793 0.00899245 0.00983695 0.0104256 0.00983919 0.00965509 0.00938264 0.0110719 0.0106969 0.0156651 0.0138858 0.0108867 0.0129952 0.016065 0.0115362 0.0108261 0.0367512 0 0.0239082 0.0102989 0.00965628 0.0277149 0.0143679 0.0113103 0.00987782 0.0140106 
0.00868315 0.0110795 0.00975197 0.0134616 0.0107025 0.0192359 0.0100786 0.0101241 0.0104617 0.0111891 0.0167576 0.0175124 0.0107414 0.0135754 0.00953373 0.0119159 0.0107812 0.0129579 0.00925979 0.00992626 0.0131337 0.0140202 0.0162573 0.0128334 0.0220316 0.0151547 0.0178655 0.041313 0.0164251 0.0232154 0.0171795 0.0239082 0 0.00361121 0.00353366 0.00372062 0.00471729 0.00527456 0.0100826 0.0424515 
0.00815542 0.00882048 0.00977905 0.0121185 0.0216117 0.00943363 0.00880023 0.0103428 0.00943722 0.0101256 0.0103185 0.0102986 0.0303288 0.011228 0.0234558 0.0102073 0.017443 0.00909925 0.00887273 0.0105697 0.0170063 0.0243965 0.0233875 0.0463184 0.0106587 0.0118338 0.0264772 0.0141742 0.0141086 0.0174203 0.025922 0.0102989 0.00361121 0 0.0035658 0.00356999 0.00405576 0.00494625 0.0281252 0.00650019 
0.00809332 0.00859783 0.00912795 0.0317678 0.011982 0.0113943 0.00907891 0.00978664 0.00991874 0.00992675 0.0108528 0.0164811 0.0146555 0.0364259 0.00937404 0.0266735 0.00945205 0.00998235 0.009452 0.0129233 0.0140366 0.0276201 0.0356545 0.0440168 0.0163499 0.0148667 0.0497208 0.0169139 0.00927866 0.0431375 0.0183129 0.00965628 0.00353366 0.0035658 0 0.00354802 0.00559167 0.011978 0.00460898 0.0048682 
0.00910734 0.015638 0.0152835 0.00955982 0.0132396 0.0113658 0.0135008 0.0132561 0.00953508 0.014735 0.0117846 0.0179219 0.0137757 0.00929125 0.0174391 0.00880915 0.0115249 0.0089259 0.0146037 0.00991548 0.0117157 0.0143149 0.0152294 0.0247448 0.0166284 0.0307392 0.011446 0.0443504 0.0322036 0.0106841 0.0498679 0.0277149 0.00372062 0.00356999 0.00354802 0 0.00770039 0.00416197 0.00418873 0.00697097 
0.00912895 0.00992832 0.00982515 0.0101703 0.00987658 0.0115869 0.0109017 0.00986754 0.0109279 0.0114236 0.0149645 0.0163563 0.0120736 0.0111126 0.0102486 0.00957468 0.00991241 0.011492 0.0100024 0.0103092 0.012189 0.0139457 0.0179211 0.0144345 0.0212013 0.0112989 0.0120628 0.0216621 0.013178 0.0118081 0.0227641 0.0143679 0.00471729 0.00405576 0.00559167 0.00770039 0 0.0036175 0.0035897 0.00503706 
0.00800712 0.00831002 0.00849448 0.0102758 0.0104431 0.00869484 0.00840707 0.00861384 0.00879945 0.00886912 0.00965518 0.00997439 0.01103 0.0156613 0.0095096 0.0107391 0.009305 0.00853818 0.00859452 0.00953244 0.0122126 0.0196168 0.017106 0.0210319 0.0104383 0.0107639 0.0154087 0.0113325 0.00919059 0.0179552 0.010043 0.0113103 0.00527456 0.00494625 0.011978 0.00416197 0.0036175 0 0.00359078 0.00363448 
0.00813141 0.00826858 0.00890671 0.00985951 0.00977459 0.00878922 0.00918191 0.00917664 0.00851792 0.00945864 0.00940094 0.00972831 0.0145842 0.00994352 0.0104777 0.00905849 0.00935772 0.00845291 0.0094326 0.0101879 0.0103938 0.0134992 0.0143695 0.0189093 0.0111459 0.0106852 0.0170435 0.0102729 0.00961382 0.0112399 0.012061 0.00987782 0.0100826 0.0281252 0.00460898 0.00418873 0.0035897 0.00359078 0 0.00369304 
0.00885363 0.00900657 0.00990105 0.00836704 0.00844301 0.00874648 0.0116626 0.00916425 0.00830869 0.0105697 0.00940503 0.0169756 0.00957621 0.00869998 0.00883672 0.00830749 0.00837559 0.00839706 0.0125821 0.00925866 0.00940299 0.00984465 0.00929604 0.0109114 0.0108216 0.0110478 0.00930494 0.0118219 0.0128531 0.00881554 0.0106068 0.0140106 0.0424515 0.00650019 0.0048682 0.00697097 0.00503706 0.00363448 0.00369304 0 
