1MOXC
VSHFNDCPDSHTQFCFHGTCRFLVQEDKPACVCHSGYVGARCEHADLLA
CCCEECCCCCCCCCCCCEEEEEECCCCEEEEEECCCEECCCCCEECCCC
0 0 0 0 0 0 0 0 0 0 0 0 0 0 0 0 0 0 0 0 0 0 0 0 0 0 0 0 0 0 0 0 0 0 0 0 0 0 0 0 0 0 0 0 0 0 0 0 0 
0 0 0 0 0 0 0 0 0 0 0 0 0 0 0 0 0 0 0 0 0 0 0 0 0 0 0 0 0 0 0 0 0 0 0 0 0 0 0 0 0 0 0 0 0 0 0 0 0 
0 0.00590841 0.0125048 0.0170115 0.0101235 0.00996754 0.0119087 0.0451033 0.00850144 0.008878 0.00918042 0.00957578 0.0108932 0.0178951 0.0104644 0.0592533 0.0104045 0.0166903 
0.00590841 0 0.029372 0.00810388 0.00682683 0.00733397 0.0294988 0.00839063 0.00778138 0.00798289 0.0083002 0.00912292 0.0266401 0.0101677 0.0250857 0.00993764 0.0150058 0.00901392 
0.0125048 0.029372 0 0.003533 0.00370077 0.0035918 0.00359191 0.00530359 0.00504067 0.00583195 0.00606775 0.00841933 0.00894734 0.942223 0.0082035 0.0178962 0.00938885 0.0236642 
0.0170115 0.00810388 0.003533 0 0.00428512 0.00357521 0.00394892 0.00361942 0.00465627 0.00571303 0.00635259 0.00872635 0.947671 0.00933201 0.00988847 0.008389 0.0104403 0.00844423 
0.0101235 0.00682683 0.00370077 0.00428512 0 0.00355413 0.00357125 0.00354496 0.00470745 0.00534761 0.00584655 0.950576 0.00935875 0.00689908 0.00723624 0.00768276 0.00816138 0.00849046 
0.00996754 0.00733397 0.0035918 0.00357521 0.00355413 0 0.00455693 0.00366631 0.00567168 0.00426175 0.94617 0.0184717 0.00696163 0.00626511 0.00716426 0.00796947 0.00877042 0.00868663 
0.0119087 0.0294988 0.00359191 0.00394892 0.00357125 0.00455693 0 0.00355679 0.00424445 0.967002 0.00849671 0.0109154 0.00695709 0.0059365 0.009016 0.0103992 0.0112404 0.00967074 
0.0451033 0.00839063 0.00530359 0.00361942 0.00354496 0.00366631 0.00355679 0 0.989049 0.00384702 0.00423419 0.00480967 0.00570332 0.00565741 0.010131 0.0103706 0.0119465 0.0122841 
0.00850144 0.00778138 0.00504067 0.00465627 0.00470745 0.00567168 0.00424445 0.989049 0 0.00355704 0.00352453 0.00355688 0.00356956 0.00386613 0.00589025 0.0117678 0.00734598 0.00892313 
0.008878 0.00798289 0.00583195 0.00571303 0.00534761 0.00426175 0.967002 0.00384702 0.00355704 0 0.00352287 0.00356149 0.00353342 0.00354157 0.00501136 0.00526666 0.00979773 0.00923466 
0.00918042 0.0083002 0.00606775 0.00635259 0.00584655 0.94617 0.00849671 0.00423419 0.00352453 0.00352287 0 0.00352873 0.00352661 0.00353402 0.00383953 0.0051156 0.00748143 0.0100117 
0.00957578 0.00912292 0.00841933 0.00872635 0.950576 0.0184717 0.0109154 0.00480967 0.00355688 0.00356149 0.00352873 0 0.0035316 0.00352318 0.00622101 0.0105176 0.0134991 0.00854108 
0.0108932 0.0266401 0.00894734 0.947671 0.00935875 0.00696163 0.00695709 0.00570332 0.00356956 0.00353342 0.00352661 0.0035316 0 0.00357931 0.00689072 0.111391 0.011444 0.00963104 
0.0178951 0.0101677 0.942223 0.00933201 0.00689908 0.00626511 0.0059365 0.00565741 0.00386613 0.00354157 0.00353402 0.00352318 0.00357931 0 0.0561703 0.00659462 0.0139527 0.0204654 
0.0104644 0.0250857 0.0082035 0.00988847 0.00723624 0.00716426 0.009016 0.010131 0.00589025 0.00501136 0.00383953 0.00622101 0.00689072 0.0561703 0 0.00619504 0.00527184 0.641487 
0.0592533 0.00993764 0.0178962 0.008389 0.00768276 0.00796947 0.0103992 0.0103706 0.0117678 0.00526666 0.0051156 0.0105176 0.111391 0.00659462 0.00619504 0 0.870609 0.0113426 
0.0104045 0.0150058 0.00938885 0.0104403 0.00816138 0.00877042 0.0112404 0.0119465 0.00734598 0.00979773 0.00748143 0.0134991 0.011444 0.0139527 0.00527184 0.870609 0 0.00411752 
0.0166903 0.00901392 0.0236642 0.00844423 0.00849046 0.00868663 0.00967074 0.0122841 0.00892313 0.00923466 0.0100117 0.00854108 0.00963104 0.0204654 0.641487 0.0113426 0.00411752 0 
