1MVOA
MNKKILVVDDEESIVTLLQYNLERSGYDVITASDGEEALKKAETEKPDLIVLDVMLPKLDGIEVCKQLRQQKLMFPILMLTAKDEEFDKVLGLELGADDYMTKPFSPREVNARVKAILRRS
CCCEEEEECCCHHHHHHHHHHHHHCCCEEEEECCHHHHHHHHHHHCCCEEEEECCCCCCCHHHHHHHHHHCCCCCCEEEEECCCCCCCHHHHHHCCCCEEEECCCCHHHHHHHHHHHHHCC
0 0 0 0 0 0 0 0 0 0 0 0 0 0 0 0 0 0 0 0 0 0 0 0 0 0 0 0 0 0 0 0 0 0 0 0 0 0 0 0 0 0 0 0 0 0 0 0 0 0 0 0 0 0 0 0 0 0 0 0 0 0 0 0 0 0 0 0 0 0 0 0 0 0 0 0 0 0 0 0 0 0 0 0 0 0 0 0 0 0 0 0 0 0 0 0 0 0 0 0 0 0 0 0 0 0 0 0 0 0 0 0 0 0 0 0 0 0 0 0 0 
0 0 0 0 0 0 0 0 0 0 0 0 0 0 0 0 0 0 0 0 0 0 0 0 0 0 0 0 0 0 0 0 0 0 0 0 0 0 0 0 0 0 0 0 0 0 0 0 0 0 0 0 0 0 0 0 0 0 0 0 0 0 0 0 0 0 0 0 0 0 0 0 0 0 0 0 0 0 0 0 0 0 0 0 0 0 0 0 0 0 0 0 0 0 0 0 0 0 0 0 0 0 0 0 0 0 0 0 0 0 0 0 0 0 0 0 0 0 0 0 0 
0 0.00474558 0.00362894 0.00452545 0.00629389 0.799439 0.0127042 0.0134447 0.0233573 0.0150937 0.0620951 0.0217751 0.0148784 0.0116386 0.0201923 0.030961 0.0110023 0.0105873 0.00935274 0.0185373 0.00949353 0.00910394 0.00861539 0.0132924 
0.00474558 0 0.00357268 0.0036758 0.00442373 0.0245592 0.835498 0.0244153 0.0182923 0.0205379 0.203498 0.159559 0.0508025 0.0604904 0.0111075 0.0367839 0.0516513 0.0222791 0.0292782 0.0107074 0.0126929 0.0119181 0.0261114 0.00965586 
0.00362894 0.00357268 0 0.00365756 0.00361389 0.0534853 0.0340845 0.731418 0.0225282 0.0123755 0.0284351 0.314142 0.195357 0.046482 0.0184129 0.0252257 0.0778869 0.117869 0.017565 0.0106922 0.00993828 0.0289684 0.0125081 0.00956618 
0.00452545 0.0036758 0.00365756 0 0.00372758 0.0216545 0.058998 0.0337975 0.744398 0.0169578 0.0230372 0.0570476 0.242941 0.206755 0.0281749 0.0190571 0.0527682 0.0711691 0.0508878 0.0108612 0.010744 0.0156699 0.0204704 0.00945451 
0.00629389 0.00442373 0.00361389 0.00372758 0 0.0321456 0.0180041 0.0449345 0.0276585 0.782833 0.0282553 0.0219376 0.0195871 0.107686 0.0684537 0.0355391 0.0158318 0.014466 0.0178253 0.0170837 0.0134283 0.0100393 0.0108412 0.010553 
0.799439 0.0245592 0.0534853 0.0216545 0.0321456 0 0.00431165 0.00350864 0.00454289 0.0038012 0.0336825 0.0212979 0.0125902 0.0130258 0.0531626 0.0144426 0.0115753 0.0130545 0.010209 0.0203591 0.00949577 0.00953103 0.00859854 0.0187195 
0.0127042 0.835498 0.0340845 0.058998 0.0180041 0.00431165 0 0.00357662 0.00356763 0.00378434 0.0329509 0.0604542 0.019971 0.0426309 0.0107026 0.018685 0.0284344 0.0169155 0.0228894 0.00989466 0.00921335 0.0121341 0.0180903 0.00901732 
0.0134447 0.0244153 0.731418 0.0337975 0.0449345 0.00350864 0.00357662 0 0.00356503 0.00359629 0.045557 0.0291498 0.101513 0.0227314 0.011423 0.0174375 0.0261925 0.0482671 0.0168128 0.00964775 0.00997246 0.012908 0.0139204 0.00906227 
0.0233573 0.0182923 0.0225282 0.744398 0.0276585 0.00454289 0.00356763 0.00356503 0 0.00358443 0.0165296 0.0487135 0.0405808 0.0533233 0.0435493 0.013755 0.021481 0.0320929 0.0167176 0.0115663 0.00958684 0.0161846 0.00957267 0.0100555 
0.0150937 0.0205379 0.0123755 0.0169578 0.782833 0.0038012 0.00378434 0.00359629 0.00358443 0 0.0307245 0.0150877 0.0255656 0.0518138 0.0530432 0.0233618 0.0116052 0.0105736 0.0151732 0.0117249 0.0128608 0.00907082 0.0112903 0.00930824 
0.0620951 0.203498 0.0284351 0.0230372 0.0282553 0.0336825 0.0329509 0.045557 0.0165296 0.0307245 0 0.00407605 0.00361148 0.00367336 0.00384346 0.186468 0.0595754 0.017889 0.0157637 0.0258515 0.0211865 0.0164152 0.0126878 0.0203422 
0.0217751 0.159559 0.314142 0.0570476 0.0219376 0.0212979 0.0604542 0.0291498 0.0487135 0.0150877 0.00407605 0 0.00355641 0.00368087 0.00381504 0.647136 0.111106 0.0917785 0.0270316 0.0178485 0.0218607 0.0324272 0.0342437 0.0132197 
0.0148784 0.0508025 0.195357 0.242941 0.0195871 0.0125902 0.019971 0.101513 0.0405808 0.0255656 0.00361148 0.00355641 0 0.00362156 0.00357798 0.0688002 0.658243 0.133976 0.0787285 0.0127107 0.0150481 0.0430996 0.0226143 0.0123543 
0.0116386 0.0604904 0.046482 0.206755 0.107686 0.0130258 0.0426309 0.0227314 0.0533233 0.0518138 0.00367336 0.00368087 0.00362156 0 0.00362678 0.0529314 0.0778381 0.638858 0.145392 0.0234196 0.0124935 0.0174933 0.0808739 0.0106398 
0.0201923 0.0111075 0.0184129 0.0281749 0.0684537 0.0531626 0.0107026 0.011423 0.0435493 0.0530432 0.00384346 0.00381504 0.00357798 0.00362678 0 0.0160008 0.0454814 0.0541644 0.487465 0.136463 0.0168068 0.0133647 0.0104649 0.0258154 
0.030961 0.0367839 0.0252257 0.0190571 0.0355391 0.0144426 0.018685 0.0174375 0.013755 0.0233618 0.186468 0.647136 0.0688002 0.0529314 0.0160008 0 0.0036085 0.00357532 0.00361762 0.00381379 0.0250486 0.0218039 0.0155549 0.0434282 
0.0110023 0.0516513 0.0778869 0.0527682 0.0158318 0.0115753 0.0284344 0.0261925 0.021481 0.0116052 0.0595754 0.111106 0.658243 0.0778381 0.0454814 0.0036085 0 0.00353891 0.0036021 0.00356809 0.341095 0.0242725 0.0913691 0.0120902 
0.0105873 0.0222791 0.117869 0.0711691 0.014466 0.0130545 0.0169155 0.0482671 0.0320929 0.0105736 0.017889 0.0917785 0.133976 0.638858 0.0541644 0.00357532 0.00353891 0 0.00356593 0.0035369 0.0184338 0.626159 0.016145 0.0369741 
0.00935274 0.0292782 0.017565 0.0508878 0.0178253 0.010209 0.0228894 0.0168128 0.0167176 0.0151732 0.0157637 0.0270316 0.0787285 0.145392 0.487465 0.00361762 0.0036021 0.00356593 0 0.00356495 0.0456798 0.0156155 0.629595 0.0168564 
0.0185373 0.0107074 0.0106922 0.0108612 0.0170837 0.0203591 0.00989466 0.00964775 0.0115663 0.0117249 0.0258515 0.0178485 0.0127107 0.0234196 0.136463 0.00381379 0.00356809 0.0035369 0.00356495 0 0.0201922 0.0304874 0.0124277 0.366888 
0.00949353 0.0126929 0.00993828 0.010744 0.0134283 0.00949577 0.00921335 0.00997246 0.00958684 0.0128608 0.0211865 0.0218607 0.0150481 0.0124935 0.0168068 0.0250486 0.341095 0.0184338 0.0456798 0.0201922 0 0.00359443 0.00354569 0.00422138 
0.00910394 0.0119181 0.0289684 0.0156699 0.0100393 0.00953103 0.0121341 0.012908 0.0161846 0.00907082 0.0164152 0.0324272 0.0430996 0.0174933 0.0133647 0.0218039 0.0242725 0.626159 0.0156155 0.0304874 0.00359443 0 0.00356702 0.00358862 
0.00861539 0.0261114 0.0125081 0.0204704 0.0108412 0.00859854 0.0180903 0.0139204 0.00957267 0.0112903 0.0126878 0.0342437 0.0226143 0.0808739 0.0104649 0.0155549 0.0913691 0.016145 0.629595 0.0124277 0.00354569 0.00356702 0 0.00354135 
0.0132924 0.00965586 0.00956618 0.00945451 0.010553 0.0187195 0.00901732 0.00906227 0.0100555 0.00930824 0.0203422 0.0132197 0.0123543 0.0106398 0.0258154 0.0434282 0.0120902 0.0369741 0.0168564 0.366888 0.00422138 0.00358862 0.00354135 0 
