1N2SA
MNILLFGKTGQVGWELQRSLAPVGNLIALDVHSKEFCGDFSNPKGVAETVRKLRPDVIVNAAAHTAVDKAESEPELAQLLNATSVEAIAKAANETGAWVVHYSTDYVFPGTGDIPWQETDATSPLNVYGKTKLAGEKALQDNCPKHLIFRTSWVYAGKGNNFAKTMLRLAKERQTLSVINDQYGAPTGAELLADCTAHAIRVALNKPEVAGLYHLVAGGTTTWHDYAALVFDEARKAGITLALTELNAVPTSAYPTPASRPGNSRLNTEKFQRNFDLILPQWELGVKRMLTEMFTTTT
CEEEEECCCCHHHHHHHHHCCCCCEEEEECCCCCCCCCCCCCHHHHHHHHHHHCCCEEEECCCCCCHHHHCCCHHHHHHHHCHHHHHHHHHHCCCCCEEEEEEEHHHCCCCCCCCECCCCCCCCCCHHHHHHHHHHHHHHHHCCCEEEEEECCEECCCCCCHHHHHHHHHHHCCEEEEECCCEECCEEHHHHHHHHHHHHHHHHHCHHHCEEEECCCECCEEHHHHHHHHHHHHHHHCCCCCCCEEEEECCCCCCCCCCCCCECCECCHHHHHHHCCCCCEHHHHHHHHHHHHHCCCC
0 0 0 0 0 0 0 0 0 0 0 0 0 0 0 0 0 0 0 0 0 0 0 0 0 0 0 0 0 0 0 0 0 0 0 0 0 0 0 0 0 0 0 0 0 0 0 0 0 0 0 0 0 0 0 0 0 0 0 0 0 0 0 0 0 0 0 0 0 0 0 0 0 0 0 0 0 0 0 0 0 0 0 0 0 0 0 0 0 0 0 0 0 0 0 0 0 0 0 0 0 0 0 0 0 0 0 0 0 0 0 0 0 0 0 0 0 0 0 0 0 0 0 0 0 0 0 0 0 0 0 0 0 0 0 0 0 0 0 0 0 0 0 0 0 0 0 0 0 0 0 0 0 0 0 0 0 0 0 0 0 0 0 0 0 0 0 0 0 0 0 0 0 0 0 0 0 0 0 0 0 0 0 0 0 0 0 0 0 0 0 0 0 0 0 0 0 0 0 0 0 0 0 0 0 0 0 0 0 0 0 0 0 0 0 0 0 0 0 0 0 0 0 0 0 0 0 0 0 0 0 0 0 0 0 0 0 0 0 0 0 0 0 0 0 0 0 0 0 0 0 0 0 0 0 0 0 0 0 0 0 0 0 0 0 0 0 0 0 0 0 0 0 0 0 0 0 0 0 0 0 0 0 0 0 0 0 0 0 0 0 0 0 0 0 0 0 0 
0 0 0 0 0 0 0 0 0 0 0 0 0 0 0 0 0 0 0 0 0 0 0 0 0 0 0 0 0 0 0 0 0 0 0 0 0 0 0 0 0 0 0 0 0 0 0 0 0 0 0 0 0 0 0 0 0 0 0 0 0 0 0 0 0 0 0 0 0 0 0 0 0 0 0 0 0 0 0 0 0 0 0 0 0 0 0 0 0 0 0 0 0 0 0 0 0 0 0 0 0 0 0 0 0 0 0 0 0 0 0 0 0 0 0 0 0 0 0 0 0 0 0 0 0 0 0 0 0 0 0 0 0 0 0 0 0 0 0 0 0 0 0 0 0 0 0 0 0 0 0 0 0 0 0 0 0 0 0 0 0 0 0 0 0 0 0 0 0 0 0 0 0 0 0 0 0 0 0 0 0 0 0 0 0 0 0 0 0 0 0 0 0 0 0 0 0 0 0 0 0 0 0 0 0 0 0 0 0 0 0 0 0 0 0 0 0 0 0 0 0 0 0 0 0 0 0 0 0 0 0 0 0 0 0 0 0 0 0 0 0 0 0 0 0 0 0 0 0 0 0 0 0 0 0 0 0 0 0 0 0 0 0 0 0 0 0 0 0 0 0 0 0 0 0 0 0 0 0 0 0 0 0 0 0 0 0 0 0 0 0 0 0 0 0 0 0 0 
0 0.0041814 0.0036525 0.00379353 0.00469794 0.708553 0.011829 0.0301675 0.0122211 0.0665586 0.0377294 0.0255016 0.0135909 0.0281889 0.0140564 0.0116335 0.0106733 0.01379 0.0110392 0.0099888 0.0110278 0.00836155 0.00885359 0.00889562 0.00943645 0.00972421 0.00962861 0.00932976 0.00835464 0.00837194 0.00914569 0.00824498 0.00891751 0.00832045 0.00847366 0.00814182 0.00831063 0.00829703 0.0083333 0.00850699 0.00831143 0.00838922 0.00841326 0.00833295 0.00825567 0.00826874 0.00840936 0.0083635 0.00833784 0.00845539 0.00844253 0.0085133 0.00877937 0.0088669 
0.0041814 0 0.00365392 0.00366797 0.00367859 0.0165873 0.769541 0.0103456 0.0783956 0.0131334 0.239106 0.0604067 0.0571756 0.0118632 0.0139748 0.0194206 0.0199463 0.0157322 0.0179596 0.00953498 0.00915049 0.0083684 0.0089053 0.0100838 0.009886 0.010027 0.00926508 0.00845286 0.00839077 0.00843387 0.00817501 0.0095067 0.00848803 0.00913644 0.0082179 0.00812 0.00828203 0.00828643 0.00832418 0.00832953 0.00842825 0.00840668 0.00839713 0.00819201 0.0082396 0.00814014 0.00826257 0.00867407 0.00846543 0.00833665 0.00832357 0.00821299 0.00904017 0.00819057 
0.0036525 0.00365392 0 0.00367283 0.00356501 0.0267963 0.0163566 0.769984 0.0168867 0.0292423 0.0206894 0.305076 0.0322957 0.0215987 0.0108703 0.0230283 0.0348165 0.0397669 0.0230411 0.012026 0.00914696 0.00806612 0.00869399 0.0113124 0.0149286 0.0120066 0.0104212 0.00867182 0.00829443 0.00828043 0.00860082 0.00861929 0.00929601 0.00866792 0.00819646 0.0081157 0.00828822 0.00832681 0.0082798 0.00837521 0.0085316 0.00867251 0.00847526 0.00820382 0.00824182 0.00824485 0.0083589 0.00839285 0.00855921 0.00841375 0.00831299 0.0082002 0.00848317 0.00822759 
0.00379353 0.00366797 0.00367283 0 0.00371478 0.0136776 0.0806808 0.0169882 0.813494 0.0234067 0.0221519 0.0283884 0.412941 0.026618 0.0108049 0.0188807 0.0293696 0.0257711 0.0233006 0.0149943 0.0100692 0.00829247 0.00895763 0.0111681 0.0126228 0.0121571 0.0106335 0.0087618 0.00843767 0.00834194 0.0080644 0.00878434 0.00868823 0.00878205 0.00811873 0.00825352 0.00814651 0.00827139 0.00841857 0.00835992 0.00859457 0.00875165 0.00846259 0.00815036 0.00818228 0.00824741 0.00825543 0.00852008 0.00842546 0.00834669 0.00825436 0.00822175 0.00840588 0.00819282 
0.00469794 0.00367859 0.00356501 0.00371478 0 0.0285582 0.0129242 0.025603 0.0337827 0.770766 0.0210434 0.0148458 0.0206494 0.215125 0.0152948 0.0100436 0.00983101 0.0104673 0.0101083 0.00979303 0.0101567 0.0100786 0.0100594 0.00888063 0.00890222 0.00895366 0.00890058 0.00883398 0.00890358 0.00845019 0.00894121 0.00825936 0.0083119 0.00823375 0.00841598 0.00854344 0.00824864 0.00871538 0.00861897 0.00895897 0.00831622 0.00826709 0.00896304 0.00965445 0.00834634 0.00833442 0.00844915 0.00827186 0.00818124 0.00820378 0.00832741 0.00884232 0.0088762 0.00836772 
0.708553 0.0165873 0.0267963 0.0136776 0.0285582 0 0.00460815 0.00358756 0.00379531 0.00506035 0.0766 0.0134425 0.0111476 0.0200487 0.0100682 0.00878032 0.0091278 0.00925941 0.00867214 0.00900453 0.00993101 0.00852931 0.00877433 0.00821946 0.00833663 0.00827998 0.00876204 0.00895582 0.00809255 0.00818982 0.00876654 0.00802289 0.00855784 0.00804068 0.0083964 0.00805514 0.00810211 0.00823307 0.00824912 0.00831108 0.00807147 0.00804806 0.00819106 0.0083305 0.00807324 0.0081262 0.00826917 0.0080253 0.00810354 0.00809425 0.00811348 0.00827376 0.00837517 0.00861033 
0.011829 0.769541 0.0163566 0.0806808 0.0129242 0.00460815 0 0.00355144 0.00354904 0.00467992 0.0568209 0.0319971 0.0174695 0.00938369 0.0088422 0.0102006 0.0110309 0.00965688 0.0103006 0.00889175 0.00872262 0.00815869 0.0081744 0.00886906 0.00875769 0.00899509 0.00884996 0.00824586 0.00803201 0.00822665 0.00798165 0.0085056 0.00834482 0.00864612 0.00812787 0.00808987 0.00812196 0.00806083 0.00811451 0.00816137 0.00824718 0.00825253 0.00814638 0.00812454 0.00807952 0.00807607 0.00807423 0.00838829 0.00825288 0.00820066 0.00821831 0.00811435 0.00868936 0.00811366 
0.0301675 0.0103456 0.769984 0.0169882 0.025603 0.00358756 0.00355144 0 0.00352502 0.00360656 0.0503159 0.085565 0.0164196 0.0108062 0.0108388 0.0119279 0.0176593 0.0173928 0.0125964 0.00938802 0.00862983 0.00812702 0.00858418 0.00912479 0.0116023 0.010516 0.00963425 0.00843137 0.00820524 0.00815829 0.00872715 0.00823872 0.00921035 0.00833994 0.00810785 0.00812214 0.00814841 0.0082197 0.00813728 0.0081929 0.00823159 0.00835135 0.00817617 0.00813946 0.00811593 0.00807078 0.00820783 0.00823349 0.00835516 0.00821313 0.00808731 0.00812634 0.00823296 0.00812143 
0.0122211 0.0783956 0.0168867 0.813494 0.0337827 0.00379531 0.00354904 0.00352502 0 0.00356457 0.0205928 0.131975 0.176123 0.0313141 0.01073 0.017954 0.0160266 0.0180266 0.0142837 0.0159433 0.00930274 0.00847061 0.00859377 0.0103769 0.0115555 0.0107283 0.0103019 0.00913973 0.00824173 0.00832857 0.00860224 0.00864246 0.00874872 0.00861997 0.00814539 0.00813368 0.00810784 0.00812473 0.00827434 0.00825921 0.00845765 0.00842511 0.00827758 0.00811612 0.00809986 0.00815293 0.00816225 0.00843824 0.00834857 0.00820263 0.00813658 0.00805029 0.00836136 0.00810861 
0.0665586 0.0131334 0.0292423 0.0234067 0.770766 0.00506035 0.00467992 0.00360656 0.00356457 0 0.0256892 0.0217044 0.131223 0.258199 0.0195668 0.0121326 0.0122289 0.0108387 0.0115249 0.0099805 0.0104195 0.0119922 0.0109301 0.0092922 0.00945771 0.00919299 0.00878655 0.00881507 0.009067 0.00825659 0.0106524 0.00834225 0.0084486 0.00820392 0.0084815 0.00866662 0.00820255 0.00871085 0.0083168 0.00888169 0.00826415 0.00820266 0.00840047 0.00930158 0.00831364 0.00819735 0.00829902 0.00829572 0.0081491 0.00805064 0.00820654 0.00861154 0.00901814 0.00823842 
0.0377294 0.239106 0.0206894 0.0221519 0.0210434 0.0766 0.0568209 0.0503159 0.0205928 0.0256892 0 0.00367882 0.0036616 0.00398413 0.763663 0.0331697 0.0377496 0.0339642 0.0147976 0.0130854 0.0211319 0.013872 0.0178666 0.0151171 0.0137524 0.0141498 0.011188 0.0123389 0.00904639 0.0099267 0.00896598 0.0100338 0.00891425 0.00955709 0.00992114 0.00829103 0.00888672 0.00899521 0.00936435 0.00911991 0.00848051 0.00865352 0.00922034 0.00870194 0.00829116 0.00846247 0.00840476 0.00849108 0.00832757 0.00828746 0.00837065 0.00831145 0.00927184 0.00836489 
0.0255016 0.0604067 0.305076 0.0283884 0.0148458 0.0134425 0.0319971 0.085565 0.131975 0.0217044 0.00367882 0 0.00362063 0.00363397 0.0568853 0.755675 0.0448364 0.0902028 0.0459205 0.0211396 0.0118784 0.00925812 0.0107066 0.028004 0.0346778 0.0225016 0.0156519 0.00940437 0.00905156 0.00858661 0.00910363 0.00904416 0.0117131 0.0091409 0.00860313 0.00834745 0.00833545 0.00877896 0.008883 0.00866527 0.00881637 0.00900923 0.00900345 0.00814174 0.00812731 0.00832536 0.00836839 0.00854199 0.00852953 0.00844058 0.00817492 0.00803526 0.00842261 0.00815062 
0.0135909 0.0571756 0.0322957 0.412941 0.0206494 0.0111476 0.0174695 0.0164196 0.176123 0.131223 0.0036616 0.00362063 0 0.00395859 0.041129 0.0538531 0.569755 0.0681558 0.154108 0.0982766 0.0213508 0.00994189 0.0105346 0.0224586 0.0292537 0.0319375 0.0230103 0.01147 0.00955061 0.00913462 0.00874369 0.00977357 0.00931183 0.0100984 0.00840863 0.00863756 0.00853805 0.00868361 0.00903834 0.00873571 0.00908453 0.00932931 0.00889438 0.00826053 0.00816933 0.00847308 0.00811639 0.00845375 0.00853226 0.00837807 0.0081472 0.00802314 0.0081823 0.00801207 
0.0281889 0.0118632 0.0215987 0.026618 0.215125 0.0200487 0.00938369 0.0108062 0.0313141 0.258199 0.00398413 0.00363397 0.00395859 0 0.0191845 0.0352693 0.0302838 0.374587 0.0498572 0.111307 0.0650364 0.0169926 0.0157077 0.0112681 0.0160709 0.0120225 0.0185073 0.0136953 0.0117141 0.00940004 0.016092 0.00863855 0.00970891 0.00851154 0.00937718 0.00974125 0.00860602 0.0105909 0.0089517 0.0122961 0.00848603 0.00849165 0.00946726 0.00928673 0.00861147 0.0084776 0.00871138 0.00828501 0.00813832 0.00810832 0.0082435 0.00856001 0.00844173 0.0082867 
0.0140564 0.0139748 0.0108703 0.0108049 0.0152948 0.0100682 0.0088422 0.0108388 0.01073 0.0195668 0.763663 0.0568853 0.041129 0.0191845 0 0.00458814 0.00358553 0.00359528 0.00357691 0.00372432 0.00410714 0.0126023 0.0421557 0.0174228 0.0155372 0.014399 0.0125515 0.0176622 0.0105306 0.011812 0.014254 0.00850765 0.0105776 0.00933618 0.0133435 0.00906922 0.00920406 0.0102051 0.00981519 0.00934555 0.00840238 0.00889476 0.00988791 0.00915029 0.00863538 0.00882255 0.00889905 0.00801608 0.00821426 0.00848309 0.00832236 0.0084395 0.00838372 0.0085563 
0.0116335 0.0194206 0.0230283 0.0188807 0.0100436 0.00878032 0.0102006 0.0119279 0.017954 0.0121326 0.0331697 0.755675 0.0538531 0.0352693 0.00458814 0 0.00353629 0.0035597 0.00356843 0.00431445 0.00362154 0.00887896 0.0830947 0.0609672 0.043577 0.0271659 0.0312697 0.0117378 0.0103679 0.0100192 0.00884932 0.0111802 0.0116069 0.0122425 0.00912697 0.00854055 0.00873827 0.00944692 0.0106815 0.00886018 0.0101717 0.0106769 0.00942936 0.00820166 0.00825132 0.00847399 0.00821525 0.00851458 0.00875447 0.00867696 0.00821178 0.00795215 0.00810622 0.00803545 
0.0106733 0.0199463 0.0348165 0.0293696 0.00983101 0.0091278 0.0110309 0.0176593 0.0160266 0.0122289 0.0377496 0.0448364 0.569755 0.0302838 0.00358553 0.00353629 0 0.00355265 0.00359734 0.00352758 0.00353983 0.00830197 0.01908 0.198367 0.0642854 0.119522 0.0200286 0.0136678 0.00915591 0.00927065 0.00866146 0.012703 0.0144584 0.0127051 0.00896129 0.00847342 0.0085864 0.00884392 0.00887669 0.00942419 0.0107094 0.012425 0.00922879 0.008178 0.00819119 0.00837064 0.00827317 0.00866449 0.00878145 0.00868947 0.00818753 0.00798516 0.00811079 0.00801568 
0.01379 0.0157322 0.0397669 0.0257711 0.0104673 0.00925941 0.00965688 0.0173928 0.0180266 0.0108387 0.0339642 0.0902028 0.0681558 0.374587 0.00359528 0.0035597 0.00355265 0 0.00353176 0.00352166 0.0036119 0.00706175 0.0195457 0.0273833 0.373526 0.0482035 0.0524944 0.0108663 0.00970016 0.00926665 0.00983555 0.00930773 0.0277295 0.0100979 0.00958859 0.00866078 0.00869723 0.00889645 0.00912929 0.0091646 0.0105789 0.0100253 0.0100417 0.0081104 0.00822022 0.00854125 0.00845547 0.00837413 0.00886459 0.00876986 0.00823098 0.00799427 0.00804047 0.00801779 
0.0110392 0.0179596 0.0230411 0.0233006 0.0101083 0.00867214 0.0103006 0.0125964 0.0142837 0.0115249 0.0147976 0.0459205 0.154108 0.0498572 0.00357691 0.00356843 0.00359734 0.00353176 0 0.0035349 0.00352358 0.00723377 0.0136262 0.0977192 0.0485716 0.255218 0.0172811 0.0131467 0.0091305 0.00932588 0.00857549 0.0124374 0.0102859 0.0130411 0.00905409 0.00850855 0.00879052 0.00869043 0.00886824 0.00909495 0.0100719 0.0111682 0.00967997 0.00816871 0.00830069 0.00843829 0.00818711 0.00868396 0.00867617 0.00849175 0.00817794 0.00794629 0.00804983 0.00802915 
0.0099888 0.00953498 0.012026 0.0149943 0.00979303 0.00900453 0.00889175 0.00938802 0.0159433 0.0099805 0.0130854 0.0211396 0.0982766 0.111307 0.00372432 0.00431445 0.00352758 0.00352166 0.0035349 0 0.0035265 0.00686293 0.0209234 0.0181889 0.0440802 0.0220179 0.190872 0.0142516 0.010705 0.0108648 0.00954364 0.00922878 0.0104502 0.00975744 0.00904365 0.0091145 0.0088092 0.00983511 0.0112077 0.00940023 0.00980324 0.0102264 0.00943666 0.00825674 0.00839762 0.009178 0.00824864 0.00826448 0.00835479 0.0084938 0.00809213 0.00805669 0.00806162 0.00810376 
0.0110278 0.00915049 0.00914696 0.0100692 0.0101567 0.00993101 0.00872262 0.00862983 0.00930274 0.0104195 0.0211319 0.0118784 0.0213508 0.0650364 0.00410714 0.00362154 0.00353983 0.0036119 0.00352358 0.0035265 0 0.0341456 0.0208952 0.0134394 0.0154491 0.0191766 0.0182047 0.0755811 0.0148037 0.0112188 0.011582 0.00922102 0.00890092 0.0088221 0.00893329 0.0103091 0.00901585 0.0125194 0.0109041 0.0105465 0.00861163 0.00868879 0.00894391 0.00938907 0.00883694 0.00910566 0.00861864 0.00811126 0.0081983 0.00811397 0.00811008 0.00856149 0.00832895 0.00859632 
0.00836155 0.0083684 0.00806612 0.00829247 0.0100786 0.00852931 0.00815869 0.00812702 0.00847061 0.0119922 0.013872 0.00925812 0.00994189 0.0169926 0.0126023 0.00887896 0.00830197 0.00706175 0.00723377 0.00686293 0.0341456 0 0.0156478 0.0103052 0.0105844 0.0100897 0.014131 0.0177853 0.0149991 0.0188118 0.00962277 0.0102895 0.00825541 0.00925289 0.0111285 0.00943461 0.0113457 0.0135341 0.0119628 0.00888957 0.00809383 0.00819283 0.00913659 0.0145564 0.00883154 0.00890319 0.00848203 0.00867946 0.00794981 0.00812488 0.0086301 0.0101919 0.0138315 0.00919825 
0.00885359 0.0089053 0.00869399 0.00895763 0.0100594 0.00877433 0.0081744 0.00858418 0.00859377 0.0109301 0.0178666 0.0107066 0.0105346 0.0157077 0.0421557 0.0830947 0.01908 0.0195457 0.0136262 0.0209234 0.0208952 0.0156478 0 0.00468273 0.00355515 0.00358284 0.00361492 0.00397251 0.00517895 0.00745968 0.116052 0.0152274 0.0135963 0.0127533 0.0225751 0.012722 0.0149808 0.017678 0.0192409 0.0143892 0.0092375 0.0102479 0.0130102 0.0107498 0.0101723 0.011895 0.0102197 0.00860398 0.0082764 0.00877729 0.00886405 0.00891427 0.0093773 0.0090313 
0.00889562 0.0100838 0.0113124 0.0111681 0.00888063 0.00821946 0.00886906 0.00912479 0.0103769 0.0092922 0.0151171 0.028004 0.0224586 0.0112681 0.0174228 0.0609672 0.198367 0.0273833 0.0977192 0.0181889 0.0134394 0.0103052 0.00468273 0 0.00358502 0.003533 0.00382958 0.00356682 0.00570636 0.00572075 0.0227877 0.103005 0.0132323 0.0398217 0.010203 0.0121957 0.0104535 0.0148285 0.0112986 0.0118278 0.0213575 0.0188063 0.0105577 0.00898889 0.00934475 0.00934865 0.00868155 0.00955406 0.00919301 0.00994694 0.0084358 0.00806075 0.00825345 0.0081425 
0.00943645 0.009886 0.0149286 0.0126228 0.00890222 0.00833663 0.00875769 0.0116023 0.0115555 0.00945771 0.0137524 0.0346778 0.0292537 0.0160709 0.0155372 0.043577 0.0642854 0.373526 0.0485716 0.0440802 0.0154491 0.0105844 0.00355515 0.00358502 0 0.00352888 0.00356295 0.00605888 0.0038126 0.00509792 0.0193922 0.013246 0.113269 0.0139226 0.012672 0.0091951 0.0101797 0.0106496 0.0110034 0.0114239 0.0255712 0.0216897 0.0138155 0.00895393 0.00864644 0.00929787 0.00886586 0.00919203 0.0128675 0.009895 0.00842454 0.00803389 0.0081113 0.00808301 
0.00972421 0.010027 0.0120066 0.0121571 0.00895366 0.00827998 0.00899509 0.010516 0.0107283 0.00919299 0.0141498 0.0225016 0.0319375 0.0120225 0.014399 0.0271659 0.119522 0.0482035 0.255218 0.0220179 0.0191766 0.0100897 0.00358284 0.003533 0.00352888 0 0.00353393 0.00354401 0.00369142 0.00535525 0.0121074 0.0319422 0.0165254 0.0414414 0.0101313 0.00937681 0.00994028 0.0108066 0.0105674 0.0123637 0.0197142 0.0325577 0.0119129 0.00863155 0.00876704 0.00939643 0.0085884 0.00968965 0.0103949 0.0093797 0.00844068 0.00803477 0.00816406 0.00808643 
0.00962861 0.00926508 0.0104212 0.0106335 0.00890058 0.00876204 0.00884996 0.00963425 0.0103019 0.00878655 0.011188 0.0156519 0.0230103 0.0185073 0.0125515 0.0312697 0.0200286 0.0524944 0.0172811 0.190872 0.0182047 0.014131 0.00361492 0.00382958 0.00356295 0.00353393 0 0.00357606 0.00418296 0.0195242 0.0163712 0.0118425 0.0195035 0.0214424 0.0237275 0.0119892 0.0130538 0.0149129 0.0175292 0.0125274 0.0160022 0.0233828 0.0159858 0.00935872 0.00935821 0.0103336 0.0092032 0.0086887 0.00939853 0.00945071 0.00839058 0.00832712 0.00818345 0.00818703 
0.00932976 0.00845286 0.00867182 0.0087618 0.00883398 0.00895582 0.00824586 0.00843137 0.00913973 0.00881507 0.0123389 0.00940437 0.01147 0.0136953 0.0176622 0.0117378 0.0136678 0.0108663 0.0131467 0.0142516 0.0755811 0.0177853 0.00397251 0.00356682 0.00605888 0.00354401 0.00357606 0 0.0135537 0.00409974 0.0130299 0.013851 0.00939773 0.0160058 0.0157303 0.0170641 0.0125314 0.0203709 0.0149647 0.0159425 0.0100779 0.0110956 0.0142905 0.0105458 0.0103308 0.00963976 0.00908203 0.00894962 0.00830038 0.00842644 0.00845801 0.00893501 0.00936404 0.00825893 
0.00835464 0.00839077 0.00829443 0.00843767 0.00890358 0.00809255 0.00803201 0.00820524 0.00824173 0.009067 0.00904639 0.00905156 0.00955061 0.0117141 0.0105306 0.0103679 0.00915591 0.00970016 0.0091305 0.010705 0.0148037 0.0149991 0.00517895 0.00570636 0.0038126 0.00369142 0.00418296 0.0135537 0 0.00393778 0.0264402 0.0125011 0.0161628 0.0128029 0.0221782 0.0141996 0.0203397 0.0210439 0.0220517 0.00979717 0.00908821 0.0100005 0.011837 0.0101527 0.00965834 0.0134982 0.00870731 0.00816864 0.0081573 0.00822055 0.00835711 0.00854025 0.00828208 0.00860888 
0.00837194 0.00843387 0.00828043 0.00834194 0.00845019 0.00818982 0.00822665 0.00815829 0.00832857 0.00825659 0.0099267 0.00858661 0.00913462 0.00940004 0.011812 0.0100192 0.00927065 0.00926665 0.00932588 0.0108648 0.0112188 0.0188118 0.00745968 0.00572075 0.00509792 0.00535525 0.0195242 0.00409974 0.00393778 0 0.0200191 0.0131992 0.0107111 0.0261708 0.0178232 0.0178274 0.0130728 0.0229377 0.0125846 0.0113945 0.0093352 0.00975079 0.0102315 0.0111416 0.0110798 0.00903317 0.00871108 0.00838426 0.0080484 0.00824083 0.0081678 0.00872749 0.00925791 0.00839339 
0.00914569 0.00817501 0.00860082 0.0080644 0.00894121 0.00876654 0.00798165 0.00872715 0.00860224 0.0106524 0.00896598 0.00910363 0.00874369 0.016092 0.014254 0.00884932 0.00866146 0.00983555 0.00857549 0.00954364 0.011582 0.00962277 0.116052 0.0227877 0.0193922 0.0121074 0.0163712 0.0130299 0.0264402 0.0200191 0 0.00377231 0.0038458 0.00364382 0.00558971 0.00677989 0.00628793 0.00829878 0.00951396 0.024114 0.0098135 0.00987984 0.01394 0.0122567 0.0111871 0.0158191 0.0186158 0.00836817 0.0096349 0.0092043 0.00982777 0.00966497 0.0089532 0.0116952 
0.00824498 0.0095067 0.00861929 0.00878434 0.00825936 0.00802289 0.0085056 0.00823872 0.00864246 0.00834225 0.0100338 0.00904416 0.00977357 0.00863855 0.00850765 0.0111802 0.012703 0.00930773 0.0124374 0.00922878 0.00922102 0.0102895 0.0152274 0.103005 0.013246 0.0319422 0.0118425 0.013851 0.0125011 0.0131992 0.00377231 0 0.00353977 0.00393026 0.00362152 0.00415472 0.00677993 0.00637921 0.0129549 0.0120806 0.015628 0.0114964 0.00948446 0.0104177 0.0108002 0.00898401 0.00837652 0.0172429 0.00829496 0.00975754 0.00941515 0.00821865 0.0114473 0.0081896 
0.00891751 0.00848803 0.00929601 0.00868823 0.0083119 0.00855784 0.00834482 0.00921035 0.00874872 0.0084486 0.00891425 0.0117131 0.00931183 0.00970891 0.0105776 0.0116069 0.0144584 0.0277295 0.0102859 0.0104502 0.00890092 0.00825541 0.0135963 0.0132323 0.113269 0.0165254 0.0195035 0.00939773 0.0161628 0.0107111 0.0038458 0.00353977 0 0.00355718 0.00357781 0.00525426 0.00447447 0.00728271 0.00550229 0.0129127 0.0116046 0.0127412 0.00982425 0.00908584 0.0089057 0.00925111 0.0145958 0.00843469 0.017916 0.00914336 0.0084584 0.00822392 0.00808481 0.00830726 
0.00832045 0.00913644 0.00866792 0.00878205 0.00823375 0.00804068 0.00864612 0.00833994 0.00861997 0.00820392 0.00955709 0.0091409 0.0100984 0.00851154 0.00933618 0.0122425 0.0127051 0.0100979 0.0130411 0.00975744 0.0088221 0.00925289 0.0127533 0.0398217 0.0139226 0.0414414 0.0214424 0.0160058 0.0128029 0.0261708 0.00364382 0.00393026 0.00355718 0 0.00362062 0.00414992 0.152936 0.00599837 0.00756325 0.0122973 0.0212655 0.0151563 0.0105042 0.00965308 0.0113828 0.0101606 0.00859002 0.0191515 0.00859031 0.00926133 0.00883248 0.00830792 0.00921629 0.00804595 
0.00847366 0.0082179 0.00819646 0.00811873 0.00841598 0.0083964 0.00812787 0.00810785 0.00814539 0.0084815 0.00992114 0.00860313 0.00840863 0.00937718 0.0133435 0.00912697 0.00896129 0.00958859 0.00905409 0.00904365 0.00893329 0.0111285 0.0225751 0.010203 0.012672 0.0101313 0.0237275 0.0157303 0.0221782 0.0178232 0.00558971 0.00362152 0.00357781 0.00362062 0 0.185078 0.00432203 0.0102273 0.00537516 0.0195766 0.0098799 0.0123923 0.01661 0.0151212 0.0119901 0.0108498 0.0131484 0.00876225 0.00855735 0.00852802 0.0089615 0.00961721 0.0100422 0.00847359 
0.00814182 0.00812 0.0081157 0.00825352 0.00854344 0.00805514 0.00808987 0.00812214 0.00813368 0.00866662 0.00829103 0.00834745 0.00863756 0.00974125 0.00906922 0.00854055 0.00847342 0.00866078 0.00850855 0.0091145 0.0103091 0.00943461 0.012722 0.0121957 0.0091951 0.00937681 0.0119892 0.0170641 0.0141996 0.0178274 0.00677989 0.00415472 0.00525426 0.00414992 0.185078 0 0.00404122 0.00388174 0.0295324 0.0122228 0.0127822 0.0115247 0.0163912 0.0143245 0.0119592 0.0570934 0.00970815 0.00874987 0.00845491 0.00912403 0.00939249 0.00961121 0.00906328 0.00965056 
0.00831063 0.00828203 0.00828822 0.00814651 0.00824864 0.00810211 0.00812196 0.00814841 0.00810784 0.00820255 0.00888672 0.00833545 0.00853805 0.00860602 0.00920406 0.00873827 0.0085864 0.00869723 0.00879052 0.0088092 0.00901585 0.0113457 0.0149808 0.0104535 0.0101797 0.00994028 0.0130538 0.0125314 0.0203397 0.0130728 0.00628793 0.00677993 0.00447447 0.152936 0.00432203 0.00404122 0 0.0344764 0.00394738 0.0180075 0.0119942 0.0121697 0.0138456 0.0184175 0.0218277 0.0117619 0.00907069 0.00888214 0.0083167 0.00845682 0.00864963 0.00973693 0.0119532 0.00964751 
0.00829703 0.00828643 0.00832681 0.00827139 0.00871538 0.00823307 0.00806083 0.0082197 0.00812473 0.00871085 0.00899521 0.00877896 0.00868361 0.0105909 0.0102051 0.00944692 0.00884392 0.00889645 0.00869043 0.00983511 0.0125194 0.0135341 0.017678 0.0148285 0.0106496 0.0108066 0.0149129 0.0203709 0.0210439 0.0229377 0.00829878 0.00637921 0.00728271 0.00599837 0.0102273 0.00388174 0.0344764 0 0.00455402 0.0153219 0.0207343 0.0213015 0.0263252 0.0262322 0.016799 0.0295019 0.0117434 0.00906686 0.00862857 0.00921621 0.0114487 0.0129604 0.0110234 0.0123124 
0.0083333 0.00832418 0.0082798 0.00841857 0.00861897 0.00824912 0.00811451 0.00813728 0.00827434 0.0083168 0.00936435 0.008883 0.00903834 0.0089517 0.00981519 0.0106815 0.00887669 0.00912929 0.00886824 0.0112077 0.0109041 0.0119628 0.0192409 0.0112986 0.0110034 0.0105674 0.0175292 0.0149647 0.0220517 0.0125846 0.00951396 0.0129549 0.00550229 0.00756325 0.00537516 0.0295324 0.00394738 0.00455402 0 0.0258983 0.0118167 0.0267764 0.0234084 0.0218775 0.0222929 0.0128001 0.0114262 0.0095701 0.00854528 0.00940301 0.0090502 0.0114589 0.0123073 0.0129376 
0.00850699 0.00832953 0.00837521 0.00835992 0.00895897 0.00831108 0.00816137 0.0081929 0.00825921 0.00888169 0.00911991 0.00866527 0.00873571 0.0122961 0.00934555 0.00886018 0.00942419 0.0091646 0.00909495 0.00940023 0.0105465 0.00888957 0.0143892 0.0118278 0.0114239 0.0123637 0.0125274 0.0159425 0.00979717 0.0113945 0.024114 0.0120806 0.0129127 0.0122973 0.0195766 0.0122228 0.0180075 0.0153219 0.0258983 0 0.0039951 0.00358908 0.00519078 0.00593142 0.00774565 0.01543 0.0507596 0.0113429 0.0106907 0.0106004 0.0148187 0.0108636 0.0125085 0.0106209 
0.00831143 0.00842825 0.0085316 0.00859457 0.00831622 0.00807147 0.00824718 0.00823159 0.00845765 0.00826415 0.00848051 0.00881637 0.00908453 0.00848603 0.00840238 0.0101717 0.0107094 0.0105789 0.0100719 0.00980324 0.00861163 0.00809383 0.0092375 0.0213575 0.0255712 0.0197142 0.0160022 0.0100779 0.00908821 0.0093352 0.0098135 0.015628 0.0116046 0.0212655 0.0098799 0.0127822 0.0119942 0.0207343 0.0118167 0.0039951 0 0.00733059 0.00356829 0.00475227 0.00602585 0.0204002 0.0115175 0.0391302 0.00996875 0.018861 0.00934121 0.0085994 0.00879386 0.00824265 
0.00838922 0.00840668 0.00867251 0.00875165 0.00826709 0.00804806 0.00825253 0.00835135 0.00842511 0.00820266 0.00865352 0.00900923 0.00932931 0.00849165 0.00889476 0.0106769 0.012425 0.0100253 0.0111682 0.0102264 0.00868879 0.00819283 0.0102479 0.0188063 0.0216897 0.0325577 0.0233828 0.0110956 0.0100005 0.00975079 0.00987984 0.0114964 0.0127412 0.0151563 0.0123923 0.0115247 0.0121697 0.0213015 0.0267764 0.00358908 0.00733059 0 0.00356465 0.00498845 0.0121974 0.00680563 0.0123364 0.0118926 0.0143846 0.0145714 0.00977945 0.00930778 0.00899511 0.0084227 
0.00841326 0.00839713 0.00847526 0.00846259 0.00896304 0.00819106 0.00814638 0.00817617 0.00827758 0.00840047 0.00922034 0.00900345 0.00889438 0.00946726 0.00988791 0.00942936 0.00922879 0.0100417 0.00967997 0.00943666 0.00894391 0.00913659 0.0130102 0.0105577 0.0138155 0.0119129 0.0159858 0.0142905 0.011837 0.0102315 0.01394 0.00948446 0.00982425 0.0105042 0.01661 0.0163912 0.0138456 0.0263252 0.0234084 0.00519078 0.00356829 0.00356465 0 0.0204024 0.00663317 0.017684 0.0162843 0.00964579 0.00963774 0.0118314 0.0133823 0.0125193 0.0113373 0.00939205 
0.00833295 0.00819201 0.00820382 0.00815036 0.00965445 0.0083305 0.00812454 0.00813946 0.00811612 0.00930158 0.00870194 0.00814174 0.00826053 0.00928673 0.00915029 0.00820166 0.008178 0.0081104 0.00816871 0.00825674 0.00938907 0.0145564 0.0107498 0.00898889 0.00895393 0.00863155 0.00935872 0.0105458 0.0101527 0.0111416 0.0122567 0.0104177 0.00908584 0.00965308 0.0151212 0.0143245 0.0184175 0.0262322 0.0218775 0.00593142 0.00475227 0.00498845 0.0204024 0 0.1635 0.00578155 0.0129694 0.00971453 0.00893953 0.00946706 0.0176295 0.0359946 0.0466909 0.0286142 
0.00825567 0.0082396 0.00824182 0.00818228 0.00834634 0.00807324 0.00807952 0.00811593 0.00809986 0.00831364 0.00829116 0.00812731 0.00816933 0.00861147 0.00863538 0.00825132 0.00819119 0.00822022 0.00830069 0.00839762 0.00883694 0.00883154 0.0101723 0.00934475 0.00864644 0.00876704 0.00935821 0.0103308 0.00965834 0.0110798 0.0111871 0.0108002 0.0089057 0.0113828 0.0119901 0.0119592 0.0218277 0.016799 0.0222929 0.00774565 0.00602585 0.0121974 0.00663317 0.1635 0 0.00370837 0.0151751 0.0151515 0.00879715 0.0140341 0.0140211 0.0149401 0.0200144 0.0112813 
0.00826874 0.00814014 0.00824485 0.00824741 0.00833442 0.0081262 0.00807607 0.00807078 0.00815293 0.00819735 0.00846247 0.00832536 0.00847308 0.0084776 0.00882255 0.00847399 0.00837064 0.00854125 0.00843829 0.009178 0.00910566 0.00890319 0.011895 0.00934865 0.00929787 0.00939643 0.0103336 0.00963976 0.0134982 0.00903317 0.0158191 0.00898401 0.00925111 0.0101606 0.0108498 0.0570934 0.0117619 0.0295019 0.0128001 0.01543 0.0204002 0.00680563 0.017684 0.00578155 0.00370837 0 0.0167946 0.00884047 0.00934023 0.0116194 0.0172152 0.0176739 0.0132335 0.0175041 
0.00840936 0.00826257 0.0083589 0.00825543 0.00844915 0.00826917 0.00807423 0.00820783 0.00816225 0.00829902 0.00840476 0.00836839 0.00811639 0.00871138 0.00889905 0.00821525 0.00827317 0.00845547 0.00818711 0.00824864 0.00861864 0.00848203 0.0102197 0.00868155 0.00886586 0.0085884 0.0092032 0.00908203 0.00870731 0.00871108 0.0186158 0.00837652 0.0145958 0.00859002 0.0131484 0.00970815 0.00907069 0.0117434 0.0114262 0.0507596 0.0115175 0.0123364 0.0162843 0.0129694 0.0151751 0.0167946 0 0.00413445 0.00360136 0.00366338 0.00450824 0.0128377 0.0105858 0.0169357 
0.0083635 0.00867407 0.00839285 0.00852008 0.00827186 0.0080253 0.00838829 0.00823349 0.00843824 0.00829572 0.00849108 0.00854199 0.00845375 0.00828501 0.00801608 0.00851458 0.00866449 0.00837413 0.00868396 0.00826448 0.00811126 0.00867946 0.00860398 0.00955406 0.00919203 0.00968965 0.0086887 0.00894962 0.00816864 0.00838426 0.00836817 0.0172429 0.00843469 0.0191515 0.00876225 0.00874987 0.00888214 0.00906686 0.0095701 0.0113429 0.0391302 0.0118926 0.00964579 0.00971453 0.0151515 0.00884047 0.00413445 0 0.00360802 0.00361452 0.00369829 0.00787738 0.0171727 0.00830218 
0.00833784 0.00846543 0.00855921 0.00842546 0.00818124 0.00810354 0.00825288 0.00835516 0.00834857 0.0081491 0.00832757 0.00852953 0.00853226 0.00813832 0.00821426 0.00875447 0.00878145 0.00886459 0.00867617 0.00835479 0.0081983 0.00794981 0.0082764 0.00919301 0.0128675 0.0103949 0.00939853 0.00830038 0.0081573 0.0080484 0.0096349 0.00829496 0.017916 0.00859031 0.00855735 0.00845491 0.0083167 0.00862857 0.00854528 0.0106907 0.00996875 0.0143846 0.00963774 0.00893953 0.00879715 0.00934023 0.00360136 0.00360802 0 0.00353879 0.00353037 0.00746968 0.00756286 0.00856814 
0.00845539 0.00833665 0.00841375 0.00834669 0.00820378 0.00809425 0.00820066 0.00821313 0.00820263 0.00805064 0.00828746 0.00844058 0.00837807 0.00810832 0.00848309 0.00867696 0.00868947 0.00876986 0.00849175 0.0084938 0.00811397 0.00812488 0.00877729 0.00994694 0.009895 0.0093797 0.00945071 0.00842644 0.00822055 0.00824083 0.0092043 0.00975754 0.00914336 0.00926133 0.00852802 0.00912403 0.00845682 0.00921621 0.00940301 0.0106004 0.018861 0.0145714 0.0118314 0.00946706 0.0140341 0.0116194 0.00366338 0.00361452 0.00353879 0 0.00352951 0.00778923 0.00958728 0.00858668 
0.00844253 0.00832357 0.00831299 0.00825436 0.00832741 0.00811348 0.00821831 0.00808731 0.00813658 0.00820654 0.00837065 0.00817492 0.0081472 0.0082435 0.00832236 0.00821178 0.00818753 0.00823098 0.00817794 0.00809213 0.00811008 0.0086301 0.00886405 0.0084358 0.00842454 0.00844068 0.00839058 0.00845801 0.00835711 0.0081678 0.00982777 0.00941515 0.0084584 0.00883248 0.0089615 0.00939249 0.00864963 0.0114487 0.0090502 0.0148187 0.00934121 0.00977945 0.0133823 0.0176295 0.0140211 0.0172152 0.00450824 0.00369829 0.00353037 0.00352951 0 0.0164429 0.0226717 0.00945002 
0.0085133 0.00821299 0.0082002 0.00822175 0.00884232 0.00827376 0.00811435 0.00812634 0.00805029 0.00861154 0.00831145 0.00803526 0.00802314 0.00856001 0.0084395 0.00795215 0.00798516 0.00799427 0.00794629 0.00805669 0.00856149 0.0101919 0.00891427 0.00806075 0.00803389 0.00803477 0.00832712 0.00893501 0.00854025 0.00872749 0.00966497 0.00821865 0.00822392 0.00830792 0.00961721 0.00961121 0.00973693 0.0129604 0.0114589 0.0108636 0.0085994 0.00930778 0.0125193 0.0359946 0.0149401 0.0176739 0.0128377 0.00787738 0.00746968 0.00778923 0.0164429 0 0.321319 0.0182255 
0.00877937 0.00904017 0.00848317 0.00840588 0.0088762 0.00837517 0.00868936 0.00823296 0.00836136 0.00901814 0.00927184 0.00842261 0.0081823 0.00844173 0.00838372 0.00810622 0.00811079 0.00804047 0.00804983 0.00806162 0.00832895 0.0138315 0.0093773 0.00825345 0.0081113 0.00816406 0.00818345 0.00936404 0.00828208 0.00925791 0.0089532 0.0114473 0.00808481 0.00921629 0.0100422 0.00906328 0.0119532 0.0110234 0.0123073 0.0125085 0.00879386 0.00899511 0.0113373 0.0466909 0.0200144 0.0132335 0.0105858 0.0171727 0.00756286 0.00958728 0.0226717 0.321319 0 0.0874279 
0.0088669 0.00819057 0.00822759 0.00819282 0.00836772 0.00861033 0.00811366 0.00812143 0.00810861 0.00823842 0.00836489 0.00815062 0.00801207 0.0082867 0.0085563 0.00803545 0.00801568 0.00801779 0.00802915 0.00810376 0.00859632 0.00919825 0.0090313 0.0081425 0.00808301 0.00808643 0.00818703 0.00825893 0.00860888 0.00839339 0.0116952 0.0081896 0.00830726 0.00804595 0.00847359 0.00965056 0.00964751 0.0123124 0.0129376 0.0106209 0.00824265 0.0084227 0.00939205 0.0286142 0.0112813 0.0175041 0.0169357 0.00830218 0.00856814 0.00858668 0.00945002 0.0182255 0.0874279 0 
