1NSFA
KPAFGTNQEDYASYIMNGIIKWGDPVTRVLDDGELLVQQTKNSDRTPLVSVLLEGPPHSGKTALAAKIAEESNFPFIKICSPDKMIGFSETAKCQAMKKIFDDAYKSQLSCVVVDDIERLLDYVPIGPRFSNLVLQALLVLLKKAPPQGRKLLIIGTTSRKDVLQEMEMLNAFSTTIHVPNIATGEQLLEALELLGNFKDKERTTIAQQVKGKKVWIGIKKLLMLIEMSLQMDPEYRVRKFLALLRE
CCCCCCECCCCCCCCCCCCCCCCHHHHHHHHHHHHHHHHHHHCCCCCEEEEEEECCCCCCHHHHHHHHHHHHCCCEEEEECHHHCCCCCHHHHHHHHHHHHHHHHCCCEEEEEECCHHHHCCCECCCCECCHHHHHHHHHHCCCCCCCCCEEEEEEEECCHHHHHHCCHHHCCCEEEECCCEEEHHHHHHHHHHHCCCCHHHHHHHHHHHCCCEEEECHHHHHHHHHHHCCCCHHHHHHHHHHHHHC
0 0 0 0 0 0 0 0 0 0 0 0 0 0 0 0 0 0 0 0 0 0 0 0 0 0 0 0 0 0 0 0 0 0 0 0 0 0 0 0 0 0 0 0 0 0 0 0 0 0 0 0 0 0 0 0 0 0 0 0 0 0 0 0 0 0 0 0 0 0 0 0 0 0 0 0 0 0 0 0 0 0 0 0 0 0 0 0 0 0 0 0 0 0 0 0 0 0 0 0 0 0 0 0 0 0 0 0 0 0 0 0 0 0 0 0 0 0 0 0 0 0 0 0 0 0 0 0 0 0 0 0 0 0 0 0 0 0 0 0 0 0 0 0 0 0 0 0 0 0 0 0 0 0 0 0 0 0 0 0 0 0 0 0 0 0 0 0 0 0 0 0 0 0 0 0 0 0 0 0 0 0 0 0 0 0 0 0 0 0 0 0 0 0 0 0 0 0 0 0 0 0 0 0 0 0 0 0 0 0 0 0 0 0 0 0 0 0 0 0 0 0 0 0 0 0 0 0 0 0 0 0 0 0 0 0 0 0 0 0 0 0 0 0 0 0 0 
0 0 0 0 0 0 0 0 0 0 0 0 0 0 0 0 0 0 0 0 0 0 0 0 0 0 0 0 0 0 0 0 0 0 0 0 0 0 0 0 0 0 0 0 0 0 0 0 0 0 0 0 0 0 0 0 0 0 0 0 0 0 0 0 0 0 0 0 0 0 0 0 0 0 0 0 0 0 0 0 0 0 0 0 0 0 0 0 0 0 0 0 0 0 0 0 0 0 0 0 0 0 0 0 0 0 0 0 0 0 0 0 0 0 0 0 0 0 0 0 0 0 0 0 0 0 0 0 0 0 0 0 0 0 0 0 0 0 0 0 0 0 0 0 0 0 0 0 0 0 0 0 0 0 0 0 0 0 0 0 0 0 0 0 0 0 0 0 0 0 0 0 0 0 0 0 0 0 0 0 0 0 0 0 0 0 0 0 0 0 0 0 0 0 0 0 0 0 0 0 0 0 0 0 0 0 0 0 0 0 0 0 0 0 0 0 0 0 0 0 0 0 0 0 0 0 0 0 0 0 0 0 0 0 0 0 0 0 0 0 0 0 0 0 0 0 0 
0 0.026372 0.0131376 0.0116505 0.0153621 0.0128203 0.013565 0.0284714 0.0148345 0.0122571 0.00847837 0.00951511 0.0136442 0.0105049 0.00840728 0.00848466 0.00851662 0.00908939 0.0126806 0.0152912 0.0130329 0.0109089 0.00883612 0.0084195 0.00845973 0.00840322 0.00828819 0.00831442 0.0104942 0.010626 0.00841552 0.00908149 0.00912607 0.0106487 0.00829029 0.00892359 0.00954603 0.0093759 0.00823511 0.0095723 
0.026372 0 0.00376457 0.00364413 0.00369816 0.00369978 0.00396549 0.00858185 0.068031 0.0193249 0.0147047 0.013267 0.0379928 0.0130326 0.014638 0.0134552 0.0156955 0.0138095 0.0299135 0.0131611 0.0112742 0.0108522 0.010554 0.0108574 0.0110061 0.0103005 0.0101415 0.01014 0.0137363 0.00914642 0.00858299 0.00922046 0.0118933 0.009426 0.00856079 0.0103424 0.0092641 0.00866584 0.00877212 0.0104522 
0.0131376 0.00376457 0 0.00371463 0.00363994 0.00363356 0.00515384 0.00385375 0.0516099 0.0595115 0.0131054 0.0281282 0.0125577 0.0122627 0.0163274 0.0372572 0.0348913 0.0407607 0.014319 0.00914027 0.00865266 0.00906435 0.0129331 0.0164617 0.0156152 0.0158936 0.0130484 0.0114823 0.00983431 0.00849133 0.00872762 0.00909114 0.00887504 0.00850621 0.00866087 0.00864683 0.00819679 0.00870724 0.00875031 0.00872665 
0.0116505 0.00364413 0.00371463 0 0.0036376 0.00359957 0.0036416 0.00380095 0.0873805 0.0335706 0.0884976 0.015419 0.0147578 0.0117587 0.0482443 0.0642245 0.16022 0.0439374 0.0152093 0.00879156 0.00841537 0.00984188 0.0177044 0.0425728 0.053162 0.0395273 0.0380893 0.0141604 0.00952641 0.00888248 0.00960932 0.00922212 0.00973054 0.00894998 0.00868118 0.00855921 0.00867915 0.00909718 0.00965607 0.00903327 
0.0153621 0.00369816 0.00363994 0.0036376 0 0.00361733 0.00361729 0.00360072 0.0647791 0.152969 0.0379963 0.0571982 0.0130746 0.015935 0.0302863 0.237621 0.165055 0.0793753 0.017681 0.00879306 0.00843385 0.0105698 0.0268863 0.0848128 0.0860478 0.092493 0.0559421 0.0204491 0.0100396 0.00986061 0.00920238 0.0113613 0.00982124 0.00946201 0.00921972 0.00864906 0.00858299 0.00955968 0.010066 0.00935349 
0.0128203 0.00369978 0.00363356 0.00359957 0.00361733 0 0.0035683 0.00355273 0.0550865 0.0707709 0.258315 0.0353672 0.0223474 0.0136781 0.0823281 0.116612 0.273581 0.0773222 0.0210875 0.00884906 0.00846625 0.0103949 0.0322092 0.0916324 0.110511 0.0775228 0.0738677 0.0194763 0.0105562 0.00917528 0.0106737 0.0108974 0.0102482 0.00942316 0.00947525 0.00876353 0.00878481 0.00950224 0.0103952 0.00897395 
0.013565 0.00396549 0.00515384 0.0036416 0.00361729 0.0035683 0 0.00382126 0.0183972 0.0613634 0.0492742 0.307396 0.0257188 0.0106648 0.0162601 0.0626953 0.0499679 0.161438 0.0274048 0.00899977 0.00894771 0.0096569 0.0128193 0.0238227 0.025845 0.0215451 0.0178444 0.0191425 0.00919845 0.00880638 0.00868747 0.0101304 0.00870972 0.00862492 0.0087787 0.00829107 0.00833697 0.0086001 0.00900174 0.00844204 
0.0284714 0.00858185 0.00385375 0.00380095 0.00360072 0.00355273 0.00382126 0 0.0206538 0.0213629 0.0353659 0.049199 0.294367 0.0205468 0.0133337 0.0116968 0.0172441 0.0203152 0.0602284 0.0133031 0.0122426 0.0134028 0.0104843 0.0109786 0.0112789 0.0100875 0.00988419 0.0102297 0.0122957 0.00996957 0.00864876 0.00845626 0.00989567 0.0104449 0.00842545 0.0087994 0.00942816 0.00829248 0.0083206 0.00845767 
0.0148345 0.068031 0.0516099 0.0873805 0.0647791 0.0550865 0.0183972 0.0206538 0 0.00358298 0.00357986 0.00354153 0.00411855 0.0613703 0.0974682 0.0153822 0.0192924 0.0148391 0.0360326 0.0133097 0.0118073 0.0115728 0.0122326 0.011119 0.0112626 0.0106655 0.00980232 0.00974665 0.0163834 0.00890568 0.00859217 0.00880931 0.0124589 0.00921928 0.00859341 0.0108064 0.0086154 0.00862882 0.00846783 0.0107422 
0.0122571 0.0193249 0.0595115 0.0335706 0.152969 0.0707709 0.0613634 0.0213629 0.00358298 0 0.00353554 0.00360566 0.00358577 0.0413351 0.0393338 0.223145 0.0282786 0.0389396 0.0145762 0.0104249 0.00956597 0.0101125 0.0176168 0.0194147 0.0209709 0.0200477 0.0148728 0.0141243 0.0098755 0.00898054 0.00857474 0.0112663 0.00869106 0.00920484 0.0091653 0.00914473 0.00817695 0.00949018 0.00864872 0.00887913 
0.00847837 0.0147047 0.0131054 0.0884976 0.0379963 0.258315 0.0492742 0.0353659 0.00357986 0.00353554 0 0.00352778 0.0035337 0.0119956 0.0688617 0.0355117 0.364546 0.0234796 0.011183 0.00870844 0.00847429 0.00920854 0.0129179 0.0352621 0.0331426 0.0237139 0.0276954 0.0117028 0.00898713 0.00844214 0.0103281 0.00856739 0.00984758 0.00864366 0.00864557 0.00867715 0.00879919 0.00838075 0.00992992 0.00836663 
0.00951511 0.013267 0.0281282 0.015419 0.0571982 0.0353672 0.307396 0.049199 0.00354153 0.00360566 0.00352778 0 0.00357016 0.0177756 0.0184535 0.0966834 0.0560705 0.436432 0.0259242 0.00971672 0.00900127 0.0102629 0.0188929 0.0193264 0.0207105 0.0219204 0.0153198 0.0200658 0.00945853 0.00904894 0.0086269 0.0118922 0.00863787 0.00950873 0.00888851 0.0084518 0.00845965 0.00930109 0.00889976 0.00850644 
0.0136442 0.0379928 0.0125577 0.0147578 0.0130746 0.0223474 0.0257188 0.294367 0.00411855 0.00358577 0.0035337 0.00357016 0 0.0168254 0.0184646 0.0184602 0.0344634 0.0400912 0.412491 0.0164499 0.0147329 0.0170843 0.0112246 0.0107292 0.0110728 0.0103369 0.0108066 0.0101212 0.0131625 0.0114574 0.00870523 0.00845575 0.010201 0.0128365 0.00842825 0.0089898 0.00974682 0.00835244 0.00832561 0.0085326 
0.0105049 0.0130326 0.0122627 0.0117587 0.015935 0.0136781 0.0106648 0.0205468 0.0613703 0.0413351 0.0119956 0.0177756 0.0168254 0 0.00355128 0.00357299 0.00359264 0.00360627 0.00473261 0.0116703 0.012474 0.0624104 0.0131223 0.0129895 0.0108877 0.0105847 0.0124702 0.0102122 0.0173952 0.0106536 0.00860879 0.00969988 0.012068 0.0100981 0.00867371 0.0123292 0.00857682 0.00955107 0.00840158 0.0115026 
0.00840728 0.014638 0.0163274 0.0482443 0.0302863 0.0823281 0.0162601 0.0133337 0.0974682 0.0393338 0.0688617 0.0184535 0.0184646 0.00355128 0 0.00355059 0.00357335 0.00376665 0.00362946 0.00876604 0.00915873 0.0196552 0.126395 0.0257645 0.0392584 0.02732 0.0220575 0.0171719 0.0119163 0.00874398 0.0133947 0.009071 0.0122215 0.0091296 0.0102464 0.00948053 0.00861572 0.00865782 0.0104391 0.00875631 
0.00848466 0.0134552 0.0372572 0.0642245 0.237621 0.116612 0.0626953 0.0116968 0.0153822 0.223145 0.0355117 0.0966834 0.0184602 0.00357299 0.00355059 0 0.00358186 0.00355885 0.00360673 0.0077349 0.0085328 0.021217 0.0413173 0.240123 0.081499 0.11149 0.0513198 0.034981 0.0108117 0.011244 0.00995906 0.0177182 0.00992434 0.0112412 0.00966634 0.00963623 0.0088335 0.0119744 0.011838 0.00960371 
0.00851662 0.0156955 0.0348913 0.16022 0.165055 0.273581 0.0499679 0.0172441 0.0192924 0.0282786 0.364546 0.0560705 0.0344634 0.00359264 0.00357335 0.00358186 0 0.00355751 0.00356891 0.00748103 0.00913664 0.0235739 0.0798364 0.13106 0.313125 0.0910752 0.183054 0.0261812 0.0137665 0.0101347 0.0185105 0.0133913 0.012329 0.0113042 0.0107405 0.0107856 0.00914167 0.0111407 0.0166465 0.0100436 
0.00908939 0.0138095 0.0407607 0.0439374 0.0793753 0.0773222 0.161438 0.0203152 0.0148391 0.0389396 0.0234796 0.436432 0.0400912 0.00360627 0.00376665 0.00355885 0.00355751 0 0.00369245 0.00990122 0.0123452 0.015195 0.0435308 0.0937852 0.065186 0.203121 0.0411142 0.156328 0.0156917 0.0109874 0.0136819 0.0227125 0.013899 0.0111779 0.0151819 0.0101699 0.0108638 0.010424 0.016934 0.00963796 
0.0126806 0.0299135 0.014319 0.0152093 0.017681 0.0210875 0.0274048 0.0602284 0.0360326 0.0145762 0.011183 0.0259242 0.412491 0.00473261 0.00362946 0.00360673 0.00356891 0.00369245 0 0.0851979 0.0180556 0.0379947 0.0191129 0.019585 0.033815 0.0188065 0.0698261 0.0204998 0.0576754 0.0178144 0.0108535 0.0115145 0.0173399 0.0218414 0.0101815 0.0115806 0.01314 0.0106161 0.00947666 0.0113721 
0.0152912 0.0131611 0.00914027 0.00879156 0.00879306 0.00884906 0.00899977 0.0133031 0.0133097 0.0104249 0.00870844 0.00971672 0.0164499 0.0116703 0.00876604 0.0077349 0.00748103 0.00990122 0.0851979 0 0.968589 0.0198623 0.0120837 0.00959875 0.00961996 0.00997596 0.00917298 0.0130251 0.0181252 0.0142325 0.0106695 0.00985042 0.0152647 0.0146684 0.00986341 0.0131295 0.0125735 0.00910427 0.00886808 0.0112455 
0.0130329 0.0112742 0.00865266 0.00841537 0.00843385 0.00846625 0.00894771 0.0122426 0.0118073 0.00956597 0.00847429 0.00900127 0.0147329 0.012474 0.00915873 0.0085328 0.00913664 0.0123452 0.0180556 0.968589 0 0.0274704 0.0110766 0.0108359 0.0100627 0.0101696 0.00973609 0.0116445 0.0228218 0.0133302 0.0092549 0.00965845 0.0136718 0.0135025 0.00958783 0.0126846 0.0114647 0.00874919 0.00868817 0.0109538 
0.0109089 0.0108522 0.00906435 0.00984188 0.0105698 0.0103949 0.0096569 0.0134028 0.0115728 0.0101125 0.00920854 0.0102629 0.0170843 0.0624104 0.0196552 0.021217 0.0235739 0.015195 0.0379947 0.0198623 0.0274704 0 0.00473926 0.00361932 0.0037075 0.00372112 0.00394808 0.00516828 0.0149351 0.0418741 0.0134414 0.0137325 0.028829 0.0195335 0.0127778 0.021926 0.0151629 0.012237 0.0107507 0.0219268 
0.00883612 0.010554 0.0129331 0.0177044 0.0268863 0.0322092 0.0128193 0.0104843 0.0122326 0.0176168 0.0129179 0.0188929 0.0112246 0.0131223 0.126395 0.0413173 0.0798364 0.0435308 0.0191129 0.0120837 0.0110766 0.00473926 0 0.00363517 0.00362302 0.00360815 0.00362864 0.00554489 0.00543261 0.0320017 0.0340053 0.0337771 0.0133932 0.0172564 0.0184432 0.0123794 0.011554 0.0178171 0.0159218 0.0126307 
0.0084195 0.0108574 0.0164617 0.0425728 0.0848128 0.0916324 0.0238227 0.0109786 0.011119 0.0194147 0.0352621 0.0193264 0.0107292 0.0129895 0.0257645 0.240123 0.13106 0.0937852 0.019585 0.00959875 0.0108359 0.00361932 0.00363517 0 0.00359289 0.00363573 0.00363175 0.00363517 0.00384984 0.0209928 0.035362 0.0215938 0.0147739 0.0153511 0.0118434 0.0105478 0.0119644 0.0188239 0.0204401 0.0113012 
0.00845973 0.0110061 0.0156152 0.053162 0.0860478 0.110511 0.025845 0.0112789 0.0112626 0.0209709 0.0331426 0.0207105 0.0110728 0.0108877 0.0392584 0.081499 0.313125 0.065186 0.033815 0.00961996 0.0100627 0.0037075 0.00362302 0.00359289 0 0.003594 0.00359595 0.0036369 0.00383694 0.0330274 0.024772 0.0246464 0.0161679 0.0146626 0.012044 0.0108441 0.0121594 0.0201085 0.0221207 0.0115548 
0.00840322 0.0103005 0.0158936 0.0395273 0.092493 0.0775228 0.0215451 0.0100875 0.0106655 0.0200477 0.0237139 0.0219204 0.0103369 0.0105847 0.02732 0.11149 0.0910752 0.203121 0.0188065 0.00997596 0.0101696 0.00372112 0.00360815 0.00363573 0.003594 0 0.00356622 0.00360205 0.0035969 0.0219837 0.0198618 0.0248039 0.0182449 0.0133804 0.0116527 0.0104568 0.0115691 0.0159936 0.018328 0.0118151 
0.00828819 0.0101415 0.0130484 0.0380893 0.0559421 0.0738677 0.0178444 0.00988419 0.00980232 0.0148728 0.0276954 0.0153198 0.0108066 0.0124702 0.0220575 0.0513198 0.183054 0.0411142 0.0698261 0.00917298 0.00973609 0.00394808 0.00362864 0.00363175 0.00359595 0.00356622 0 0.00355243 0.00357524 0.0207653 0.034476 0.0271347 0.0194111 0.0145881 0.0107054 0.0110441 0.0109376 0.0156571 0.0200864 0.011566 
0.00831442 0.01014 0.0114823 0.0141604 0.0204491 0.0194763 0.0191425 0.0102297 0.00974665 0.0141243 0.0117028 0.0200658 0.0101212 0.0102122 0.0171719 0.034981 0.0261812 0.156328 0.0204998 0.0130251 0.0116445 0.00516828 0.00554489 0.00363517 0.0036369 0.00360205 0.00355243 0 0.00358891 0.0189841 0.028778 0.0915536 0.0256974 0.0132412 0.0267596 0.0117507 0.0112945 0.0152492 0.0228042 0.011296 
0.0104942 0.0137363 0.00983431 0.00952641 0.0100396 0.0105562 0.00919845 0.0122957 0.0163834 0.0098755 0.00898713 0.00945853 0.0131625 0.0173952 0.0119163 0.0108117 0.0137665 0.0156917 0.0576754 0.0181252 0.0228218 0.0149351 0.00543261 0.00384984 0.00383694 0.0035969 0.00357524 0.00358891 0 0.0286513 0.0141148 0.014092 0.0956092 0.0283117 0.0110847 0.0254818 0.0189061 0.012113 0.0110233 0.0144561 
0.010626 0.00914642 0.00849133 0.00888248 0.00986061 0.00917528 0.00880638 0.00996957 0.00890568 0.00898054 0.00844214 0.00904894 0.0114574 0.0106536 0.00874398 0.011244 0.0101347 0.0109874 0.0178144 0.0142325 0.0133302 0.0418741 0.0320017 0.0209928 0.0330274 0.0219837 0.0207653 0.0189841 0.0286513 0 0.00433385 0.00393794 0.00431842 0.00660933 0.00675254 0.0296256 0.0307814 0.014811 0.0108338 0.0274295 
0.00841552 0.00858299 0.00872762 0.00960932 0.00920238 0.0106737 0.00868747 0.00864876 0.00859217 0.00857474 0.0103281 0.0086269 0.00870523 0.00860879 0.0133947 0.00995906 0.0185105 0.0136819 0.0108535 0.0106695 0.0092549 0.0134414 0.0340053 0.035362 0.024772 0.0198618 0.034476 0.028778 0.0141148 0.00433385 0 0.0036911 0.00378415 0.00568748 0.00824213 0.0121364 0.014418 0.0119319 0.0307191 0.0102283 
0.00908149 0.00922046 0.00909114 0.00922212 0.0113613 0.0108974 0.0101304 0.00845626 0.00880931 0.0112663 0.00856739 0.0118922 0.00845575 0.00969988 0.009071 0.0177182 0.0133913 0.0227125 0.0115145 0.00985042 0.00965845 0.0137325 0.0337771 0.0215938 0.0246464 0.0248039 0.0271347 0.0915536 0.014092 0.00393794 0.0036911 0 0.00363578 0.0113128 0.0164242 0.00461307 0.0115516 0.0539505 0.0111407 0.0124076 
0.00912607 0.0118933 0.00887504 0.00973054 0.00982124 0.0102482 0.00870972 0.00989567 0.0124589 0.00869106 0.00984758 0.00863787 0.010201 0.012068 0.0122215 0.00992434 0.012329 0.013899 0.0173399 0.0152647 0.0136718 0.028829 0.0133932 0.0147739 0.0161679 0.0182449 0.0194111 0.0256974 0.0956092 0.00431842 0.00378415 0.00363578 0 0.0156319 0.00943475 0.00533277 0.0278303 0.0102564 0.0194698 0.0138035 
0.0106487 0.009426 0.00850621 0.00894998 0.00946201 0.00942316 0.00862492 0.0104449 0.00921928 0.00920484 0.00864366 0.00950873 0.0128365 0.0100981 0.0091296 0.0112412 0.0113042 0.0111779 0.0218414 0.0146684 0.0135025 0.0195335 0.0172564 0.0153511 0.0146626 0.0133804 0.0145881 0.0132412 0.0283117 0.00660933 0.00568748 0.0113128 0.0156319 0 0.00406547 0.00388373 0.0372609 0.0269726 0.0117928 0.0561346 
0.00829029 0.00856079 0.00866087 0.00868118 0.00921972 0.00947525 0.0087787 0.00842545 0.00859341 0.0091653 0.00864557 0.00888851 0.00842825 0.00867371 0.0102464 0.00966634 0.0107405 0.0151819 0.0101815 0.00986341 0.00958783 0.0127778 0.0184432 0.0118434 0.012044 0.0116527 0.0107054 0.0267596 0.0110847 0.00675254 0.00824213 0.0164242 0.00943475 0.00406547 0 0.00355493 0.0114864 0.0212497 0.0570858 0.0100286 
0.00892359 0.0103424 0.00864683 0.00855921 0.00864906 0.00876353 0.00829107 0.0087994 0.0108064 0.00914473 0.00867715 0.0084518 0.0089898 0.0123292 0.00948053 0.00963623 0.0107856 0.0101699 0.0115806 0.0131295 0.0126846 0.021926 0.0123794 0.0105478 0.0108441 0.0104568 0.0110441 0.0117507 0.0254818 0.0296256 0.0121364 0.00461307 0.00533277 0.00388373 0.00355493 0 0.0410802 0.0123656 0.021544 0.0295596 
0.00954603 0.0092641 0.00819679 0.00867915 0.00858299 0.00878481 0.00833697 0.00942816 0.0086154 0.00817695 0.00879919 0.00845965 0.00974682 0.00857682 0.00861572 0.0088335 0.00914167 0.0108638 0.01314 0.0125735 0.0114647 0.0151629 0.011554 0.0119644 0.0121594 0.0115691 0.0109376 0.0112945 0.0189061 0.0307814 0.014418 0.0115516 0.0278303 0.0372609 0.0114864 0.0410802 0 0.00686798 0.00415136 0.00525609 
0.0093759 0.00866584 0.00870724 0.00909718 0.00955968 0.00950224 0.0086001 0.00829248 0.00862882 0.00949018 0.00838075 0.00930109 0.00835244 0.00955107 0.00865782 0.0119744 0.0111407 0.010424 0.0106161 0.00910427 0.00874919 0.012237 0.0178171 0.0188239 0.0201085 0.0159936 0.0156571 0.0152492 0.012113 0.014811 0.0119319 0.0539505 0.0102564 0.0269726 0.0212497 0.0123656 0.00686798 0 0.00816088 0.00370759 
0.00823511 0.00877212 0.00875031 0.00965607 0.010066 0.0103952 0.00900174 0.0083206 0.00846783 0.00864872 0.00992992 0.00889976 0.00832561 0.00840158 0.0104391 0.011838 0.0166465 0.016934 0.00947666 0.00886808 0.00868817 0.0107507 0.0159218 0.0204401 0.0221207 0.018328 0.0200864 0.0228042 0.0110233 0.0108338 0.0307191 0.0111407 0.0194698 0.0117928 0.0570858 0.021544 0.00415136 0.00816088 0 0.00356907 
0.0095723 0.0104522 0.00872665 0.00903327 0.00935349 0.00897395 0.00844204 0.00845767 0.0107422 0.00887913 0.00836663 0.00850644 0.0085326 0.0115026 0.00875631 0.00960371 0.0100436 0.00963796 0.0113721 0.0112455 0.0109538 0.0219268 0.0126307 0.0113012 0.0115548 0.0118151 0.011566 0.011296 0.0144561 0.0274295 0.0102283 0.0124076 0.0138035 0.0561346 0.0100286 0.0295596 0.00525609 0.00370759 0.00356907 0 
