1NVMB
MNQKLKVAIIGSGNIGTDLMIKVLRNAKYLEMGAMVGIDAASDGLARAQRMGVTTTYAGVEGLIKLPEFADIDFVFDATSASAHVQNEALLRQAKPGIRLIDLTPAAIGPYCVPVVNLEEHLGKLNVNMVTCGGQATIPMVAAVSRVAKVHYAEIVASISSKSAGPGTRANIDEFTETTSKAIEVIGGAAKGKAIIIMNPAEPPLIMRDTVYVLSAAADQAAVAASVAEMVQAVQAYVPGYRLKQQVQFDVIPESAPLNIPGLGRFSGLKTSVFLEVEGAAHYLPAYAGNLDIMTSAALATAERMAQSMLNA
CCCCEEEEEECCCHHHHHHHHHHHHHCCCEEEEEEECCCCCCHHHHHHHHCCCCEECCHHHHHHHCHHHHHEEEEEECCCHHHHHHHHHHHHHHCCCCEEEECCCCCCCCECCHHHHCCCCCCCCEEECCCHHHHHHHHHHHHHHCCCCEEEEEEEEEEEHHHCCHHHHCCHHHHHHHHHHHHHHCCCCCCEEEEEEEECCCCCCCEEEEEEEEECCCCHHHHHHHHHHHHHHHHCCCCCEEECCCCEEEEECCCCCEEECCCEEECEEEEEEEEEECCCCCCCCCCCHHHHHHHHHHHHHHHHHHHHHHCC
0 0 0 0 0 0 0 0 0 0 0 0 0 0 0 0 0 0 0 0 0 0 0 0 0 0 0 0 0 0 0 0 0 0 0 0 0 0 0 0 0 0 0 0 0 0 0 0 0 0 0 0 0 0 0 0 0 0 0 0 0 0 0 0 0 0 0 0 0 0 0 0 0 0 0 0 0 0 0 0 0 0 0 0 0 0 0 0 0 0 0 0 0 0 0 0 0 0 0 0 0 0 0 0 0 0 0 0 0 0 0 0 0 0 0 0 0 0 0 0 0 0 0 0 0 0 0 0 0 0 0 0 0 0 0 0 0 0 0 0 0 0 0 0 0 0 0 0 0 0 0 0 0 0 0 0 0 0 0 0 0 0 0 0 0 0 0 0 0 0 0 0 0 0 0 0 0 0 0 0 0 0 0 0 0 0 0 0 0 0 0 0 0 0 0 0 0 0 0 0 0 0 0 0 0 0 0 0 0 0 0 0 0 0 0 0 0 0 0 0 0 0 0 0 0 0 0 0 0 0 0 0 0 0 0 0 0 0 0 0 0 0 0 0 0 0 0 0 0 0 0 0 0 0 0 0 0 0 0 0 0 0 0 0 0 0 0 0 0 0 0 0 0 0 0 0 0 0 0 0 0 0 0 0 0 0 0 0 0 0 0 0 0 0 0 0 0 0 0 0 0 0 0 0 0 0 0 0 0 0 0 0 
0 0 0 0 0 0 0 0 0 0 0 0 0 0 0 0 0 0 0 0 0 0 0 0 0 0 0 0 0 0 0 0 0 0 0 0 0 0 0 0 0 0 0 0 0 0 0 0 0 0 0 0 0 0 0 0 0 0 0 0 0 0 0 0 0 0 0 0 0 0 0 0 0 0 0 0 0 0 0 0 0 0 0 0 0 0 0 0 0 0 0 0 0 0 0 0 0 0 0 0 0 0 0 0 0 0 0 0 0 0 0 0 0 0 0 0 0 0 0 0 0 0 0 0 0 0 0 0 0 0 0 0 0 0 0 0 0 0 0 0 0 0 0 0 0 0 0 0 0 0 0 0 0 0 0 0 0 0 0 0 0 0 0 0 0 0 0 0 0 0 0 0 0 0 0 0 0 0 0 0 0 0 0 0 0 0 0 0 0 0 0 0 0 0 0 0 0 0 0 0 0 0 0 0 0 0 0 0 0 0 0 0 0 0 0 0 0 0 0 0 0 0 0 0 0 0 0 0 0 0 0 0 0 0 0 0 0 0 0 0 0 0 0 0 0 0 0 0 0 0 0 0 0 0 0 0 0 0 0 0 0 0 0 0 0 0 0 0 0 0 0 0 0 0 0 0 0 0 0 0 0 0 0 0 0 0 0 0 0 0 0 0 0 0 0 0 0 0 0 0 0 0 0 0 0 0 0 0 0 0 0 0 
0 0.0036921 0.00378513 0.00364239 0.00369161 0.00605739 0.479202 0.0217073 0.0214282 0.00933193 0.0122268 0.0101042 0.035546 0.0205224 0.0204031 0.038443 0.00856228 0.0169672 0.00995091 0.0120154 0.011631 0.0112137 0.0103468 0.0107845 0.00944378 0.010543 0.00879903 0.00855308 0.00861011 0.0118266 0.00810601 0.00862409 0.00893568 0.00837138 0.00950953 0.00852092 0.00914737 0.00851774 0.00860111 0.00877457 0.0101484 0.00828375 0.00866496 0.00944147 0.00896053 0.00868016 0.00838575 0.00824068 0.00853676 0.00828157 0.00840608 0.0083127 0.00868342 0.00845417 0.00850321 0.00837731 0.00889057 0.00864965 0.00822248 0.00975334 0.00826407 0.00893095 0.00836347 0.00857761 0.00988286 0.00943682 0.00832455 0.00932575 0.00890763 0.00833927 0.00910802 0.0089348 0.00838546 0.00834697 0.0085235 0.00845135 0.00856336 0.00844215 0.00878364 0.00843504 0.0114069 
0.0036921 0 0.00354395 0.00353743 0.00414703 0.00368428 0.0144277 0.587632 0.0240311 0.0208438 0.0136575 0.0266747 0.00991108 0.0108753 0.00996799 0.00860508 0.0490969 0.00988174 0.0251809 0.010708 0.012403 0.0104745 0.0142911 0.00995775 0.0108893 0.00815727 0.00991693 0.00837614 0.00882474 0.00818826 0.00910556 0.00878585 0.00866455 0.010635 0.00869571 0.00958312 0.00880701 0.0100038 0.00845101 0.00857982 0.00822975 0.00850428 0.00870244 0.00925941 0.00988219 0.0087011 0.00839683 0.00805673 0.00818976 0.00832698 0.0085524 0.00844512 0.00847322 0.00860527 0.00857936 0.00833006 0.00821349 0.00817225 0.00841544 0.00814269 0.00855261 0.00826091 0.00832799 0.00831879 0.00820864 0.00821032 0.00840549 0.00824761 0.00834819 0.00836328 0.00820501 0.00825465 0.0083409 0.00834829 0.00835707 0.00849346 0.00863256 0.00852356 0.00850134 0.00871741 0.00850441 
0.00378513 0.00354395 0 0.00356802 0.0036346 0.00357523 0.120145 0.0114148 0.426689 0.0963638 0.0635654 0.0188196 0.0170441 0.0111364 0.0094607 0.0286699 0.0092931 0.193532 0.019262 0.0314837 0.00963818 0.0110245 0.0180551 0.0214026 0.00948071 0.00870573 0.0086596 0.00929141 0.00877141 0.0100739 0.00876239 0.0100844 0.0123828 0.00963037 0.0143954 0.0102224 0.0141076 0.00975499 0.0101775 0.00843628 0.00878004 0.00843277 0.0102085 0.0108512 0.0113061 0.00993853 0.00886461 0.00822076 0.00869918 0.00850019 0.00935475 0.00881396 0.00987758 0.00935277 0.00943894 0.00848473 0.00839957 0.00835485 0.00829735 0.00840351 0.00827879 0.00885678 0.00854573 0.00840683 0.00840617 0.00858288 0.00836564 0.00834878 0.00838942 0.0083737 0.00844884 0.00869765 0.00847615 0.0085818 0.00876194 0.00882389 0.00905973 0.0089173 0.00902816 0.00881452 0.00964637 
0.00364239 0.00353743 0.00356802 0 0.00360683 0.00356965 0.0278724 0.118091 0.026609 0.167355 0.312801 0.0357721 0.0163389 0.0106747 0.00961242 0.0118333 0.043063 0.0344283 0.25922 0.0219429 0.0139428 0.0121207 0.0438177 0.0217266 0.0161316 0.00854805 0.00974628 0.00943302 0.0104278 0.00873089 0.0099848 0.012656 0.0120967 0.0184877 0.0142231 0.0172888 0.0151975 0.0174763 0.00968678 0.00921853 0.0085006 0.00893676 0.0104375 0.0137339 0.013966 0.0112314 0.00911418 0.0084485 0.00850703 0.00895594 0.00918564 0.00946007 0.00972401 0.00988418 0.00980815 0.00864923 0.00846382 0.00841137 0.00834389 0.00832315 0.00838626 0.0086351 0.00867856 0.0084536 0.00837663 0.00839338 0.00848874 0.00838377 0.00838742 0.00846698 0.00842825 0.00842096 0.00860082 0.00875749 0.00878817 0.00903604 0.00953725 0.00906591 0.00907013 0.00887158 0.00881662 
0.00369161 0.00414703 0.0036346 0.00360683 0 0.00387717 0.0223138 0.0465611 0.0416183 0.0623919 0.111248 0.566163 0.0452892 0.0153716 0.0109601 0.0131202 0.0151879 0.0593761 0.0348346 0.278629 0.015075 0.0125703 0.0265244 0.0702277 0.0165097 0.00912311 0.00944208 0.011391 0.0097776 0.00887854 0.0102281 0.0132345 0.0110476 0.012775 0.0148003 0.0122875 0.0154759 0.0122408 0.0106603 0.00862246 0.00849207 0.00884246 0.0116132 0.0119537 0.0141756 0.0117872 0.00977074 0.00838319 0.00856687 0.0088281 0.00911787 0.00909881 0.00958362 0.0101272 0.0100049 0.00896685 0.00838317 0.00845396 0.00856837 0.00827489 0.00840223 0.00856942 0.00864253 0.00844669 0.00833361 0.00860413 0.00870597 0.00836585 0.00862342 0.00876697 0.00846078 0.00847797 0.0087347 0.00883735 0.00893189 0.00928553 0.00962593 0.00956151 0.00938634 0.00912132 0.00886036 
0.00605739 0.00368428 0.00357523 0.00356965 0.00387717 0 0.0340524 0.0174671 0.0277161 0.0272949 0.054315 0.106909 0.627843 0.0192603 0.0152275 0.0222123 0.0105796 0.0129564 0.0172014 0.0284461 0.146651 0.0165992 0.0120061 0.016588 0.0340528 0.0127829 0.0108575 0.00885843 0.0125385 0.0100134 0.00920794 0.00934337 0.00952576 0.00995644 0.010332 0.0111886 0.010787 0.010195 0.00969368 0.00982389 0.00861386 0.00839524 0.00936421 0.0106294 0.0105018 0.0101302 0.00876969 0.00862815 0.00860502 0.00842233 0.00847957 0.00874642 0.0095194 0.00891834 0.00917169 0.00849268 0.00870505 0.00852897 0.00828501 0.0082512 0.00834092 0.00857924 0.00823166 0.00820971 0.00838906 0.00854527 0.00839582 0.00833267 0.00860828 0.00843415 0.00839337 0.00866168 0.00846451 0.00837391 0.00849252 0.00859082 0.00863497 0.00878208 0.00909488 0.00858683 0.00920639 
0.479202 0.0144277 0.120145 0.0278724 0.0223138 0.0340524 0 0.00358644 0.00358183 0.0035804 0.00360931 0.00369481 0.00444857 0.0204885 0.0260202 0.0218445 0.00896561 0.0156403 0.00964998 0.0164298 0.016092 0.0102186 0.0098424 0.0122005 0.0119587 0.00992742 0.00850743 0.00857204 0.00965388 0.00921311 0.00813859 0.00854864 0.00874326 0.00835944 0.00909008 0.00846651 0.00916353 0.00845492 0.00918372 0.00932407 0.00858492 0.00811035 0.00840969 0.00865949 0.00854086 0.00848471 0.00841439 0.00823985 0.0082166 0.00815974 0.0082314 0.00818894 0.00831382 0.00834899 0.00835194 0.00831032 0.00871354 0.00819846 0.00810581 0.00871728 0.00812218 0.00831288 0.00823942 0.00821009 0.00847247 0.00836535 0.0081535 0.00836088 0.00823148 0.00817223 0.00835042 0.00841106 0.00826197 0.00825011 0.00827262 0.00843535 0.00836305 0.00838085 0.00844689 0.00833602 0.00932979 
0.0217073 0.587632 0.0114148 0.118091 0.0465611 0.0174671 0.00358644 0 0.00353344 0.00357565 0.00357688 0.00456755 0.00359675 0.0178863 0.00997068 0.00855276 0.0321033 0.00960548 0.0308011 0.012236 0.0121526 0.0097251 0.0140972 0.0109354 0.0124588 0.00816715 0.00910591 0.00832893 0.00922685 0.00810294 0.00902608 0.00913508 0.00902204 0.0117561 0.00901841 0.0102051 0.00934026 0.0110637 0.00869069 0.00863414 0.00808557 0.0084217 0.00885514 0.00998919 0.00956915 0.00911125 0.00852878 0.00815779 0.00818747 0.00857507 0.00860842 0.00891845 0.00849971 0.00884868 0.00854439 0.00838024 0.00816728 0.00819017 0.00820497 0.00809232 0.00825841 0.00819583 0.0082449 0.00822599 0.00805789 0.00817105 0.00824198 0.00810845 0.00836035 0.00824167 0.00816965 0.00818942 0.00825321 0.00831777 0.00837072 0.00837085 0.00854213 0.00850402 0.00848542 0.00852457 0.00834246 
0.0214282 0.0240311 0.426689 0.026609 0.0416183 0.0277161 0.00358183 0.00353344 0 0.00352767 0.00352479 0.00354908 0.00358335 0.0124174 0.00969309 0.0192129 0.00899974 0.0785414 0.0145373 0.0251434 0.00934284 0.0100161 0.0186456 0.0209663 0.00939734 0.00858111 0.00830968 0.00913784 0.00885106 0.00910996 0.0084498 0.00983632 0.0123844 0.00982274 0.0143415 0.0100446 0.0145276 0.00994611 0.00994044 0.00844284 0.00818853 0.00842278 0.00987593 0.0101595 0.0116939 0.00933011 0.00877096 0.00815485 0.00858794 0.00849957 0.00907229 0.00855546 0.00943563 0.00880327 0.00900468 0.00838727 0.00828151 0.00815789 0.0082097 0.00811778 0.00818298 0.00847207 0.00839096 0.00821849 0.00813376 0.00824143 0.00817016 0.00816622 0.00831539 0.00819272 0.00827571 0.00831613 0.0084365 0.00842543 0.00842411 0.0085958 0.008585 0.00858345 0.00872255 0.00857169 0.00861432 
0.00933193 0.0208438 0.0963638 0.167355 0.0623919 0.0272949 0.0035804 0.00357565 0.00352767 0 0.00354778 0.00356403 0.0035648 0.0136459 0.0120588 0.00920772 0.0250485 0.0206662 0.0593988 0.0187942 0.0125742 0.0111097 0.0184984 0.0152471 0.0126473 0.00843273 0.00910284 0.00863892 0.010729 0.00831652 0.0091889 0.0108618 0.011075 0.0160029 0.0108369 0.0149093 0.0126577 0.0144894 0.0088175 0.00861314 0.00820538 0.00844081 0.00946571 0.0122865 0.0110591 0.0101593 0.00888321 0.00819518 0.00816871 0.00868837 0.00870811 0.0089306 0.00892891 0.00932088 0.00909829 0.00846251 0.00827828 0.00826018 0.00822578 0.00812556 0.00818033 0.00837634 0.00839891 0.00831154 0.00813999 0.00819973 0.00822019 0.0081424 0.00823381 0.0082351 0.00825781 0.00825855 0.00831667 0.00839464 0.00835915 0.00854442 0.0086059 0.00858394 0.00853469 0.00850799 0.00841728 
0.0122268 0.0136575 0.0635654 0.312801 0.111248 0.054315 0.00360931 0.00357688 0.00352479 0.00354778 0 0.00352689 0.00353717 0.0125712 0.0116503 0.0187332 0.0136004 0.0810635 0.0605029 0.0379605 0.0112525 0.0109774 0.0263382 0.029867 0.0131596 0.00857727 0.00915049 0.00942334 0.0103383 0.00902939 0.00972168 0.0156309 0.0163245 0.0173395 0.0199829 0.0162832 0.0195272 0.0144973 0.0101483 0.00872782 0.00822031 0.00870668 0.010633 0.0136412 0.0153412 0.0121795 0.00979749 0.00828698 0.00884981 0.00910439 0.00929298 0.00924173 0.0104147 0.00987301 0.00966433 0.00870724 0.00833022 0.00823859 0.00825495 0.00816783 0.00838218 0.0086906 0.00849826 0.00830413 0.0081727 0.00824064 0.00825297 0.00821112 0.00832582 0.00822967 0.00829313 0.00835464 0.00848677 0.00847132 0.008787 0.00927285 0.00916231 0.0090006 0.00878596 0.0086129 0.00850123 
0.0101042 0.0266747 0.0188196 0.0357721 0.566163 0.106909 0.00369481 0.00456755 0.00354908 0.00356403 0.00352689 0 0.00361223 0.0484782 0.0233563 0.0108386 0.0300911 0.0270878 0.0473556 0.0894855 0.0201236 0.0108047 0.0240422 0.0429007 0.01865 0.00879286 0.00923026 0.0102254 0.0104094 0.00855461 0.0104479 0.0105586 0.0107562 0.0132968 0.0130395 0.0121104 0.0129028 0.0126378 0.00971247 0.00869822 0.00815009 0.00851772 0.00993442 0.0114246 0.0127996 0.0106404 0.00913122 0.00822438 0.00823468 0.00876665 0.00910069 0.00902675 0.00905362 0.00930715 0.00925485 0.00868462 0.00825482 0.00811575 0.00827269 0.00810449 0.00820216 0.00833064 0.00843006 0.00823602 0.0081399 0.00823451 0.0083704 0.00813686 0.00827105 0.00837776 0.00823048 0.00842899 0.00837703 0.0084443 0.00843479 0.00869325 0.00874822 0.00874999 0.00870355 0.00855008 0.00837488 
0.035546 0.00991108 0.0170441 0.0163389 0.0452892 0.627843 0.00444857 0.00359675 0.00358335 0.0035648 0.00353717 0.00361223 0 0.0250672 0.12584 0.03035 0.0102406 0.0186764 0.0157331 0.0548824 0.0545477 0.0169295 0.0130225 0.0196094 0.029099 0.0135086 0.010534 0.00894102 0.0153525 0.0103836 0.00920226 0.00958506 0.0103332 0.0100158 0.0103174 0.00947063 0.0106049 0.00927284 0.00952648 0.0107998 0.00898664 0.00860067 0.00945923 0.010141 0.0104182 0.00924961 0.00864617 0.00845244 0.00856027 0.00830581 0.00832184 0.00845612 0.0085589 0.00858451 0.00856201 0.00831156 0.00854876 0.00830666 0.00810223 0.00816654 0.0081444 0.00821976 0.0081826 0.00813915 0.00821933 0.0082401 0.0081937 0.0081752 0.00826147 0.00823443 0.00825409 0.0083443 0.00830119 0.00833762 0.00836948 0.00847002 0.00841952 0.00853431 0.00853127 0.00830792 0.00859014 
0.0205224 0.0108753 0.0111364 0.0106747 0.0153716 0.0192603 0.0204885 0.0178863 0.0124174 0.0136459 0.0125712 0.0484782 0.0250672 0 0.00484786 0.0131485 0.0151855 0.0115627 0.0135477 0.0176458 0.023511 0.0172045 0.0130629 0.0135294 0.0152963 0.017172 0.0106602 0.00932205 0.0109568 0.0092882 0.00849663 0.00866652 0.00853283 0.00856752 0.00871884 0.00868261 0.00874844 0.00861016 0.00889153 0.010114 0.00859944 0.00823288 0.00834964 0.00853974 0.00863927 0.00832319 0.00830286 0.00833765 0.00828509 0.00825253 0.00821298 0.00822122 0.00820821 0.00830969 0.00827593 0.00816488 0.008687 0.0083145 0.00819417 0.00831128 0.00815539 0.00807983 0.00811954 0.00811012 0.00833453 0.00825191 0.00808287 0.00821926 0.00822789 0.00804036 0.00806845 0.00817697 0.00806986 0.00809002 0.0081084 0.00821133 0.00819333 0.00821194 0.00827576 0.00819179 0.00840865 
0.0204031 0.00996799 0.0094607 0.00961242 0.0109601 0.0152275 0.0260202 0.00997068 0.00969309 0.0120588 0.0116503 0.0233563 0.12584 0.00484786 0 0.0243176 0.0082931 0.00989553 0.00962324 0.0250278 0.024577 0.0161793 0.0121598 0.0108338 0.0140513 0.0169421 0.0124882 0.00873743 0.00918761 0.0103297 0.00836354 0.00824263 0.0083627 0.00819675 0.00841659 0.00832654 0.00852278 0.00837001 0.00858379 0.00921734 0.0089357 0.00817481 0.00823477 0.00857306 0.00869415 0.00826071 0.0082744 0.00814393 0.00841045 0.00813408 0.00810535 0.00810388 0.00810949 0.00819603 0.00819648 0.00819615 0.00842406 0.00843892 0.00819545 0.00832116 0.00817385 0.00813641 0.00804386 0.00802735 0.00823868 0.008358 0.00804901 0.00816072 0.00832389 0.00806234 0.00816486 0.00809339 0.00815977 0.00814281 0.00809699 0.0081408 0.00811376 0.00830118 0.00822124 0.00819152 0.00855958 
0.038443 0.00860508 0.0286699 0.0118333 0.0131202 0.0222123 0.0218445 0.00855276 0.0192129 0.00920772 0.0187332 0.0108386 0.03035 0.0131485 0.0243176 0 0.00355594 0.00371913 0.00364504 0.00381343 0.00371323 0.0338674 0.0190129 0.0188181 0.0132088 0.0169109 0.0105182 0.0128853 0.0128398 0.0201726 0.00861583 0.0102125 0.0118646 0.00906389 0.014754 0.00947201 0.0131846 0.00920959 0.0122881 0.010037 0.0127261 0.00840134 0.0102235 0.00986944 0.0101387 0.00951121 0.00937587 0.00906945 0.00886069 0.00848291 0.00918972 0.0085049 0.010567 0.00889427 0.00905939 0.00872059 0.00960925 0.00873581 0.00800742 0.0108149 0.00799191 0.00944789 0.00820778 0.00819214 0.00982687 0.00970474 0.0080178 0.0091919 0.00876395 0.00803657 0.00950192 0.0085683 0.00836582 0.00821061 0.00898591 0.0083756 0.0093407 0.00834585 0.00940736 0.00816626 0.0114685 
0.00856228 0.0490969 0.0092931 0.043063 0.0151879 0.0105796 0.00896561 0.0321033 0.00899974 0.0250485 0.0136004 0.0300911 0.0102406 0.0151855 0.0082931 0.00355594 0 0.0035208 0.00355921 0.0035472 0.00359881 0.0462983 0.0431034 0.0126889 0.018536 0.00894013 0.01298 0.00960561 0.0115125 0.00860497 0.0132942 0.00999843 0.00963646 0.028051 0.0104967 0.0180578 0.0103434 0.0237283 0.00899169 0.0104033 0.00823925 0.0090628 0.00971637 0.0139551 0.0117225 0.0124095 0.00917198 0.00841826 0.00825313 0.00903245 0.00873754 0.0100473 0.00884414 0.0108933 0.00908668 0.0085908 0.00844329 0.00825822 0.00837668 0.00812628 0.00844699 0.0082595 0.00839529 0.00835679 0.0080843 0.00817275 0.00834554 0.0080991 0.00821838 0.00831563 0.00810623 0.00820593 0.00863381 0.00846819 0.00873046 0.00900475 0.0086395 0.00877551 0.00879522 0.00887831 0.00830517 
0.0169672 0.00988174 0.193532 0.0344283 0.0593761 0.0129564 0.0156403 0.00960548 0.0785414 0.0206662 0.0810635 0.0270878 0.0186764 0.0115627 0.00989553 0.00371913 0.0035208 0 0.00353162 0.00354885 0.00354197 0.387026 0.0477759 0.110816 0.0112776 0.0109366 0.00990839 0.0172697 0.0101793 0.0130356 0.0119044 0.0262755 0.0569582 0.022519 0.0853347 0.0245659 0.106406 0.0174814 0.0195941 0.00899172 0.0091675 0.00947053 0.0221753 0.0281073 0.0384679 0.0215904 0.0122369 0.00870958 0.00887631 0.00981679 0.0129301 0.0106668 0.0180367 0.0128527 0.0138466 0.00994494 0.00869452 0.0085305 0.00835067 0.00824425 0.00829195 0.0106594 0.0087958 0.00848831 0.00833744 0.00857973 0.00833761 0.00831473 0.00844365 0.00830618 0.00840175 0.00875651 0.00901587 0.00893473 0.00972961 0.00920925 0.0100237 0.00937629 0.00994044 0.00905014 0.00890673 
0.00995091 0.0251809 0.019262 0.25922 0.0348346 0.0172014 0.00964998 0.0308011 0.0145373 0.0593988 0.0605029 0.0473556 0.0157331 0.0135477 0.00962324 0.00364504 0.00355921 0.00353162 0 0.00443838 0.00359023 0.0320484 0.601119 0.0270596 0.0435624 0.00905782 0.0125665 0.0103975 0.0178695 0.00932489 0.0230803 0.0301429 0.0227961 0.0879376 0.0282765 0.0613557 0.0320998 0.0808631 0.0109575 0.0102215 0.0086385 0.00980506 0.0169323 0.0462346 0.033223 0.0374371 0.0112664 0.00859285 0.00853835 0.0111402 0.0104462 0.0157227 0.0107893 0.0168323 0.0140861 0.00943582 0.00868788 0.0082867 0.00831899 0.00815673 0.00848121 0.00866474 0.00875798 0.00852611 0.0081744 0.00830797 0.00839333 0.00812335 0.00827013 0.00833761 0.00818422 0.00839932 0.00879071 0.0089474 0.00881111 0.0100387 0.00909987 0.00946693 0.00933638 0.0088058 0.00834626 
0.0120154 0.010708 0.0314837 0.0219429 0.278629 0.0284461 0.0164298 0.012236 0.0251434 0.0187942 0.0379605 0.0894855 0.0548824 0.0176458 0.0250278 0.00381343 0.0035472 0.00354885 0.00443838 0 0.00371173 0.0436234 0.0397505 0.792986 0.0360502 0.0170291 0.0110324 0.0559278 0.0151447 0.0118726 0.0142464 0.0244671 0.0304034 0.0190433 0.0332188 0.0191403 0.0443746 0.0173092 0.0347673 0.00942022 0.00947766 0.00954892 0.0136058 0.0196641 0.0228996 0.0182256 0.0152934 0.00869337 0.00919762 0.0105688 0.0102561 0.0104946 0.0130884 0.0115031 0.0116566 0.0101419 0.00861547 0.00828613 0.00837414 0.0081674 0.00820054 0.00855148 0.00864972 0.00840526 0.00815374 0.0082432 0.00834969 0.00822638 0.00824671 0.00841252 0.00825919 0.00842801 0.00871989 0.0086983 0.00891222 0.00896414 0.00927855 0.00911404 0.00934166 0.00867759 0.00844659 
0.011631 0.012403 0.00963818 0.0139428 0.015075 0.146651 0.016092 0.0121526 0.00934284 0.0125742 0.0112525 0.0201236 0.0545477 0.023511 0.024577 0.00371323 0.00359881 0.00354197 0.00359023 0.00371173 0 0.0225714 0.027803 0.0392532 0.760912 0.0191828 0.0223814 0.00960389 0.0805901 0.0135254 0.0103974 0.0113875 0.0106685 0.0127373 0.0109865 0.0136057 0.0116412 0.0135745 0.00944599 0.0200302 0.00997058 0.00914019 0.00914039 0.0107156 0.0108957 0.0105675 0.00883205 0.00891833 0.00968232 0.0085796 0.00874629 0.0087834 0.00880682 0.00918842 0.00895316 0.00870902 0.00952014 0.00906495 0.00818237 0.00817239 0.00888985 0.00821383 0.00830489 0.00814192 0.00839117 0.00857096 0.00823034 0.0083104 0.00857083 0.00824677 0.00834575 0.00872344 0.00833632 0.0083682 0.00851241 0.00851416 0.00847062 0.00884359 0.00881824 0.0084347 0.00828648 
0.0112137 0.0104745 0.0110245 0.0121207 0.0125703 0.0165992 0.0102186 0.0097251 0.0100161 0.0111097 0.0109774 0.0108047 0.0169295 0.0172045 0.0161793 0.0338674 0.0462983 0.387026 0.0320484 0.0436234 0.0225714 0 0.00752693 0.00358758 0.00415036 0.0214733 0.0888468 0.0127964 0.0394792 0.0206165 0.0128256 0.0123104 0.0112911 0.0225844 0.0155823 0.0151867 0.0149544 0.0146089 0.0124669 0.0187128 0.010398 0.00964746 0.0108744 0.0139102 0.0157081 0.0127491 0.0107015 0.010193 0.00937225 0.00877291 0.00881462 0.00910582 0.00913594 0.00994823 0.00977803 0.00921956 0.0112731 0.00835512 0.0083109 0.008558 0.00871548 0.00821524 0.00830469 0.00833149 0.00853328 0.00821382 0.00808589 0.00856325 0.00818755 0.00805627 0.00820523 0.00861808 0.00825515 0.00846917 0.00838029 0.00875392 0.00862452 0.00870325 0.00861279 0.00866791 0.00840687 
0.0103468 0.0142911 0.0180551 0.0438177 0.0265244 0.0120061 0.0098424 0.0140972 0.0186456 0.0184984 0.0263382 0.0240422 0.0130225 0.0130629 0.0121598 0.0190129 0.0431034 0.0477759 0.601119 0.0397505 0.027803 0.00752693 0 0.00368612 0.00355303 0.0187026 0.146602 0.0891245 0.0188172 0.0184423 0.0335054 0.024891 0.0351668 0.0393208 0.0310638 0.0362253 0.0384268 0.043802 0.020151 0.0123987 0.00972668 0.0130998 0.0238549 0.0483781 0.0434067 0.0368926 0.0144 0.0089156 0.00939579 0.0110617 0.0120103 0.0123604 0.0151985 0.0165352 0.016342 0.0119749 0.00906319 0.00841894 0.00849811 0.00829294 0.00859531 0.00923041 0.00882372 0.00862777 0.00825328 0.00829583 0.0085466 0.00830658 0.00817224 0.00844684 0.00825718 0.00875901 0.00907561 0.00891707 0.00920242 0.00958854 0.01009 0.00950767 0.00966183 0.00890386 0.00846167 
0.0107845 0.00995775 0.0214026 0.0217266 0.0702277 0.016588 0.0122005 0.0109354 0.0209663 0.0152471 0.029867 0.0429007 0.0196094 0.0135294 0.0108338 0.0188181 0.0126889 0.110816 0.0270596 0.792986 0.0392532 0.00358758 0.00368612 0 0.0036108 0.0235449 0.020288 0.366139 0.034963 0.0186287 0.0225464 0.0301796 0.039886 0.0220414 0.0457544 0.0223521 0.0514113 0.0225141 0.0534646 0.0106254 0.0108284 0.0111253 0.024902 0.0287359 0.0458909 0.0273491 0.020766 0.00899638 0.0100134 0.0120172 0.0126169 0.0118547 0.0199085 0.0177316 0.0192876 0.0139016 0.00883958 0.00863599 0.00850515 0.00830314 0.00850997 0.00946209 0.00863131 0.00864528 0.00818389 0.00843668 0.00843596 0.00827673 0.00831843 0.00843142 0.00836813 0.00850241 0.00926734 0.00898012 0.00917257 0.00927051 0.00976589 0.00940249 0.00959691 0.00871286 0.00857292 
0.00944378 0.0108893 0.00948071 0.0161316 0.0165097 0.0340528 0.0119587 0.0124588 0.00939734 0.0126473 0.0131596 0.01865 0.029099 0.0152963 0.0140513 0.0132088 0.018536 0.0112776 0.0435624 0.0360502 0.760912 0.00415036 0.00355303 0.0036108 0 0.0244018 0.0297711 0.0209584 0.433175 0.0168306 0.0160448 0.0158837 0.0144788 0.0225262 0.0141431 0.0233949 0.0184225 0.0306922 0.0128769 0.0324299 0.0111828 0.0107289 0.0109393 0.0201817 0.0158765 0.0164657 0.012195 0.0118744 0.0122013 0.0100193 0.00949125 0.0101177 0.0109797 0.0163937 0.0124231 0.00966378 0.0102594 0.00887978 0.00823497 0.0081581 0.0100848 0.00827541 0.00848165 0.00820932 0.0083702 0.00864643 0.00819935 0.00832983 0.00857467 0.00818556 0.00830158 0.00924684 0.008962 0.00836524 0.0086025 0.00869756 0.00872445 0.00914173 0.00877863 0.00871112 0.00828143 
0.010543 0.00815727 0.00870573 0.00854805 0.00912311 0.0127829 0.00992742 0.00816715 0.00858111 0.00843273 0.00857727 0.00879286 0.0135086 0.017172 0.0169421 0.0169109 0.00894013 0.0109366 0.00905782 0.0170291 0.0191828 0.0214733 0.0187026 0.0235449 0.0244018 0 0.0189119 0.0145369 0.0762164 0.0221745 0.00999902 0.00946155 0.00953467 0.00947869 0.0102173 0.0099216 0.0105557 0.00958655 0.012045 0.0189205 0.010824 0.00846979 0.00885121 0.00907326 0.00943621 0.00896407 0.00986361 0.00992623 0.00971391 0.00823064 0.00820625 0.00824221 0.00844572 0.00881007 0.00851742 0.00891544 0.011397 0.00857717 0.0080865 0.00872022 0.00851445 0.00814097 0.00807513 0.00809384 0.00885641 0.00851331 0.00806331 0.00854497 0.00825673 0.00804349 0.00842059 0.00843304 0.0080587 0.00805919 0.00813441 0.00812445 0.00821901 0.00809178 0.00831985 0.00816131 0.00916485 
0.00879903 0.00991693 0.0086596 0.00974628 0.00944208 0.0108575 0.00850743 0.00910591 0.00830968 0.00910284 0.00915049 0.00923026 0.010534 0.0106602 0.0124882 0.0105182 0.01298 0.00990839 0.0125665 0.0110324 0.0223814 0.0888468 0.146602 0.020288 0.0297711 0.0189119 0 0.00416855 0.00375185 0.0795248 0.0232193 0.0145998 0.00957024 0.0206764 0.0141386 0.0167884 0.0113457 0.0190769 0.00996773 0.0370397 0.011569 0.0109884 0.0110052 0.0135871 0.0122149 0.0128342 0.00958641 0.0108049 0.00993989 0.00912022 0.00867316 0.01024 0.0089131 0.0106516 0.00951849 0.00912469 0.0117637 0.00877738 0.00842689 0.00838956 0.0105964 0.00818738 0.00836356 0.0082893 0.00860684 0.00828454 0.00829223 0.00853811 0.008312 0.00815445 0.0081382 0.00841868 0.00848015 0.00830568 0.00843037 0.00878133 0.00848773 0.00909312 0.00837035 0.00886567 0.00816042 
0.00855308 0.00837614 0.00929141 0.00943302 0.011391 0.00885843 0.00857204 0.00832893 0.00913784 0.00863892 0.00942334 0.0102254 0.00894102 0.00932205 0.00873743 0.0128853 0.00960561 0.0172697 0.0103975 0.0559278 0.00960389 0.0127964 0.0891245 0.366139 0.0209584 0.0145369 0.00416855 0 0.00375796 0.0306353 0.0524592 0.0279445 0.038424 0.0132786 0.0283263 0.0136523 0.0274702 0.0105888 0.110273 0.0105946 0.0101751 0.0107027 0.0124602 0.0142934 0.0193098 0.0124613 0.0220884 0.00865759 0.00902133 0.00999438 0.00978073 0.00914312 0.0109497 0.0104678 0.0112962 0.0121557 0.00855391 0.00819419 0.00845829 0.00850174 0.00808877 0.00902706 0.00830217 0.00826757 0.00814357 0.00811686 0.00833925 0.00808861 0.00798102 0.00821312 0.00810054 0.00809407 0.0086018 0.00840819 0.00858141 0.00853072 0.00901385 0.00856979 0.00880128 0.00840292 0.00843278 
0.00861011 0.00882474 0.00877141 0.0104278 0.0097776 0.0125385 0.00965388 0.00922685 0.00885106 0.010729 0.0103383 0.0104094 0.0153525 0.0109568 0.00918761 0.0128398 0.0115125 0.0101793 0.0178695 0.0151447 0.0805901 0.0394792 0.0188172 0.034963 0.433175 0.0762164 0.00375185 0.00375796 0 0.0192262 0.0164009 0.0533273 0.0184483 0.0321798 0.0149904 0.0329286 0.0150019 0.0445426 0.0214841 0.0578184 0.0122375 0.0115575 0.0121343 0.0198524 0.0191233 0.0169147 0.0124114 0.0140045 0.0123623 0.0109116 0.00945099 0.0120002 0.0113522 0.0162937 0.013285 0.0100453 0.0112715 0.00938067 0.00816419 0.00822913 0.0115844 0.0084152 0.00904161 0.00827292 0.00817912 0.00895518 0.00816529 0.00814454 0.00838621 0.00818234 0.00825731 0.0150756 0.00840357 0.00846579 0.00850427 0.00877674 0.00896892 0.00915405 0.0085744 0.00889427 0.00819056 
0.0118266 0.00818826 0.0100739 0.00873089 0.00887854 0.0100134 0.00921311 0.00810294 0.00910996 0.00831652 0.00902939 0.00855461 0.0103836 0.0092882 0.0103297 0.0201726 0.00860497 0.0130356 0.00932489 0.0118726 0.0135254 0.0206165 0.0184423 0.0186287 0.0168306 0.0221745 0.0795248 0.0306353 0.0192262 0 0.00401751 0.00356923 0.00354458 0.00358678 0.003841 0.00383948 0.00474649 0.00426033 0.00493919 0.00703237 0.0952757 0.0128375 0.0181166 0.0218103 0.0201453 0.0139607 0.0138341 0.0145421 0.0142066 0.00947312 0.0109592 0.0097213 0.0140004 0.011421 0.012066 0.0109283 0.0173345 0.00927582 0.00831152 0.0114834 0.00860133 0.00972163 0.00825384 0.00845115 0.0106831 0.00932951 0.00816418 0.0103007 0.00846797 0.00806379 0.00893975 0.0085175 0.00872942 0.00833939 0.00912417 0.00846874 0.00920594 0.00861064 0.00962361 0.00841994 0.0103404 
0.00810601 0.00910556 0.00876239 0.0099848 0.0102281 0.00920794 0.00813859 0.00902608 0.0084498 0.0091889 0.00972168 0.0104479 0.00920226 0.00849663 0.00836354 0.00861583 0.0132942 0.0119044 0.0230803 0.0142464 0.0103974 0.0128256 0.0335054 0.0225464 0.0160448 0.00999902 0.0232193 0.0524592 0.0164009 0.00401751 0 0.00352869 0.00353884 0.00352553 0.00356717 0.00392474 0.0036854 0.0050257 0.00448378 0.00435748 0.012528 0.0495737 0.0239198 0.0534117 0.0424444 0.0359086 0.0188461 0.00985169 0.0102419 0.0147935 0.0113163 0.0245684 0.0131959 0.0329227 0.0208577 0.0136076 0.0155365 0.00841241 0.00858866 0.00837125 0.00891241 0.00881377 0.00915352 0.00932015 0.00821898 0.00819538 0.00849644 0.00822485 0.00811296 0.00831655 0.00824692 0.00875544 0.00894534 0.00912012 0.00907561 0.0107591 0.00992231 0.0110227 0.00948529 0.00978228 0.00846128 
0.00862409 0.00878585 0.0100844 0.012656 0.0132345 0.00934337 0.00854864 0.00913508 0.00983632 0.0108618 0.0156309 0.0105586 0.00958506 0.00866652 0.00824263 0.0102125 0.00999843 0.0262755 0.0301429 0.0244671 0.0113875 0.0123104 0.024891 0.0301796 0.0158837 0.00946155 0.0145998 0.0279445 0.0533273 0.00356923 0.00352869 0 0.00351885 0.0034941 0.00354063 0.00360206 0.00389459 0.00400948 0.0040155 0.00373662 0.020013 0.0155586 0.0542178 0.0670698 0.0930554 0.0607821 0.025343 0.0112248 0.0105508 0.0169794 0.0280976 0.0252613 0.0419204 0.040103 0.0434278 0.0499556 0.0110358 0.00857657 0.00838796 0.00845983 0.00908128 0.0100683 0.0108298 0.00888013 0.0084123 0.0084788 0.00842736 0.0083404 0.0083403 0.00837463 0.00839859 0.0100397 0.0094915 0.0102311 0.0116658 0.0133044 0.015931 0.0156941 0.0145448 0.0104131 0.00858812 
0.00893568 0.00866455 0.0123828 0.0120967 0.0110476 0.00952576 0.00874326 0.00902204 0.0123844 0.011075 0.0163245 0.0107562 0.0103332 0.00853283 0.0083627 0.0118646 0.00963646 0.0569582 0.0227961 0.0304034 0.0106685 0.0112911 0.0351668 0.039886 0.0144788 0.00953467 0.00957024 0.038424 0.0184483 0.00354458 0.00353884 0.00351885 0 0.00354407 0.00359119 0.00356943 0.00366013 0.00381981 0.00380202 0.0036566 0.0706747 0.0152183 0.058395 0.066425 0.117341 0.0564878 0.0299249 0.0113156 0.011449 0.0180867 0.0386533 0.0207867 0.0731403 0.0328438 0.110057 0.0241861 0.0111145 0.00866945 0.00838225 0.00964234 0.00843801 0.0138919 0.00963825 0.00950168 0.00891971 0.00869505 0.0084146 0.00866972 0.00838187 0.0083316 0.00924765 0.0101954 0.0118216 0.0103437 0.0157059 0.0128856 0.0243817 0.0139405 0.0206586 0.00940991 0.0108582 
0.00837138 0.010635 0.00963037 0.0184877 0.012775 0.00995644 0.00835944 0.0117561 0.00982274 0.0160029 0.0173395 0.0132968 0.0100158 0.00856752 0.00819675 0.00906389 0.028051 0.022519 0.0879376 0.0190433 0.0127373 0.0225844 0.0393208 0.0220414 0.0225262 0.00947869 0.0206764 0.0132786 0.0321798 0.00358678 0.00352553 0.0034941 0.00354407 0 0.00353581 0.00355683 0.00359689 0.00400461 0.00357956 0.00361985 0.0173463 0.227543 0.0298509 0.186334 0.0934883 0.135249 0.0228783 0.0116004 0.0161014 0.0327108 0.0227022 0.0970203 0.0294889 0.218319 0.0687357 0.0155851 0.0105567 0.0086341 0.00924956 0.00837336 0.0109078 0.00943447 0.0181733 0.00960321 0.00830312 0.00860761 0.00910623 0.00824206 0.0084453 0.00860567 0.00852133 0.0122641 0.0111381 0.0163619 0.0126185 0.0250982 0.0195195 0.0384088 0.0139607 0.0139693 0.00840533 
0.00950953 0.00869571 0.0143954 0.0142231 0.0148003 0.010332 0.00909008 0.00901841 0.0143415 0.0108369 0.0199829 0.0130395 0.0103174 0.00871884 0.00841659 0.014754 0.0104967 0.0853347 0.0282765 0.0332188 0.0109865 0.0155823 0.0310638 0.0457544 0.0141431 0.0102173 0.0141386 0.0283263 0.0149904 0.003841 0.00356717 0.00354063 0.00359119 0.00353581 0 0.00354388 0.00356969 0.00361167 0.00357227 0.00357663 0.0487732 0.0178981 0.406944 0.0784357 0.201044 0.0799485 0.0319052 0.0108585 0.013619 0.0166904 0.0696146 0.0241114 0.232246 0.049788 0.0856838 0.0177914 0.0107712 0.0091102 0.00865864 0.00947109 0.00884472 0.0177376 0.011645 0.0104065 0.00873896 0.00894287 0.00863524 0.00883425 0.00857354 0.00860803 0.00935691 0.0122979 0.0155789 0.011786 0.0252034 0.015439 0.0369628 0.0174334 0.0343754 0.0100568 0.00955007 
0.00852092 0.00958312 0.0102224 0.0172888 0.0122875 0.0111886 0.00846651 0.0102051 0.0100446 0.0149093 0.0162832 0.0121104 0.00947063 0.00868261 0.00832654 0.00947201 0.0180578 0.0245659 0.0613557 0.0191403 0.0136057 0.0151867 0.0362253 0.0223521 0.0233949 0.0099216 0.0167884 0.0136523 0.0329286 0.00383948 0.00392474 0.00360206 0.00356943 0.00355683 0.00354388 0 0.00355034 0.00359206 0.00356438 0.00356895 0.0167329 0.0553919 0.0361195 0.455755 0.0757417 0.140986 0.0227666 0.0121427 0.011749 0.0305007 0.0256193 0.121934 0.0292973 0.0974641 0.0457273 0.0182428 0.0106492 0.00859672 0.00870868 0.00858101 0.011498 0.00962394 0.016252 0.00962138 0.00878209 0.00864045 0.00875402 0.00862924 0.00856575 0.00851372 0.00865907 0.0123262 0.0100819 0.0153918 0.0134248 0.0243362 0.0172342 0.0272937 0.0149482 0.0116928 0.0091772 
0.00914737 0.00880701 0.0141076 0.0151975 0.0154759 0.010787 0.00916353 0.00934026 0.0145276 0.0126577 0.0195272 0.0129028 0.0106049 0.00874844 0.00852278 0.0131846 0.0103434 0.106406 0.0320998 0.0443746 0.0116412 0.0149544 0.0384268 0.0514113 0.0184225 0.0105557 0.0113457 0.0274702 0.0150019 0.00474649 0.0036854 0.00389459 0.00366013 0.00359689 0.00356969 0.00355034 0 0.0036039 0.00356483 0.00354068 0.0340084 0.0246198 0.171041 0.0787636 0.515811 0.0599079 0.0495492 0.0115094 0.0159915 0.0219555 0.127492 0.0247587 0.133644 0.0564202 0.0934371 0.0258947 0.011256 0.00901911 0.00869358 0.00946513 0.00916856 0.0205148 0.0114157 0.0124731 0.00905038 0.00926686 0.00889673 0.00905909 0.00875658 0.00879886 0.00992152 0.012851 0.0202732 0.0151182 0.0281666 0.0178452 0.0428847 0.0192412 0.0317593 0.0103761 0.0102364 
0.00851774 0.0100038 0.00975499 0.0174763 0.0122408 0.010195 0.00845492 0.0110637 0.00994611 0.0144894 0.0144973 0.0126378 0.00927284 0.00861016 0.00837001 0.00920959 0.0237283 0.0174814 0.0808631 0.0173092 0.0135745 0.0146089 0.043802 0.0225141 0.0306922 0.00958655 0.0190769 0.0105888 0.0445426 0.00426033 0.0050257 0.00400948 0.00381981 0.00400461 0.00361167 0.00359206 0.0036039 0 0.00354319 0.00353846 0.0145238 0.0626035 0.0378149 0.2183 0.0753507 0.485599 0.0204945 0.0131629 0.0125083 0.0473188 0.0216261 0.092181 0.0240206 0.121858 0.0648693 0.0190491 0.0107507 0.0086657 0.00931134 0.00862898 0.0112094 0.00941405 0.0217613 0.0101076 0.00852984 0.008523 0.00955372 0.00847473 0.00854824 0.00902722 0.00868548 0.0128456 0.0112671 0.0220667 0.0120683 0.0304034 0.0173202 0.0314082 0.0131773 0.0164403 0.0086585 
0.00860111 0.00845101 0.0101775 0.00968678 0.0106603 0.00969368 0.00918372 0.00869069 0.00994044 0.0088175 0.0101483 0.00971247 0.00952648 0.00889153 0.00858379 0.0122881 0.00899169 0.0195941 0.0109575 0.0347673 0.00944599 0.0124669 0.020151 0.0534646 0.0128769 0.012045 0.00996773 0.110273 0.0214841 0.00493919 0.00448378 0.0040155 0.00380202 0.00357956 0.00357227 0.00356438 0.00356483 0.00354319 0 0.00353354 0.019625 0.015695 0.0475778 0.0320991 0.0745715 0.0332977 0.389873 0.0125257 0.0260067 0.0165328 0.0185934 0.0105994 0.0311764 0.0160645 0.0255423 0.0232545 0.0107049 0.00956454 0.00894007 0.00908194 0.00887168 0.0131096 0.00879616 0.00990663 0.008708 0.00889408 0.00880839 0.00880988 0.00857842 0.0087335 0.00881189 0.0101327 0.0122582 0.00980474 0.0116901 0.0097136 0.0141796 0.0102694 0.0132147 0.00884167 0.00949098 
0.00877457 0.00857982 0.00843628 0.00921853 0.00862246 0.00982389 0.00932407 0.00863414 0.00844284 0.00861314 0.00872782 0.00869822 0.0107998 0.010114 0.00921734 0.010037 0.0104033 0.00899172 0.0102215 0.00942022 0.0200302 0.0187128 0.0123987 0.0106254 0.0324299 0.0189205 0.0370397 0.0105946 0.0578184 0.00703237 0.00435748 0.00373662 0.0036566 0.00361985 0.00357663 0.00356895 0.00354068 0.00353846 0.00353354 0 0.0179572 0.0175241 0.0146625 0.0197102 0.0148311 0.0383757 0.0217428 0.159439 0.0181447 0.0148181 0.0101923 0.0126109 0.0110821 0.0119262 0.0115486 0.0110584 0.0153623 0.0134422 0.00892698 0.00893625 0.0132758 0.00877777 0.00868362 0.00853912 0.00942553 0.0109923 0.00890287 0.00874324 0.0103404 0.00869641 0.00896232 0.0142527 0.00910563 0.00905415 0.00889293 0.00917474 0.00878449 0.0099291 0.00869434 0.00968104 0.00872125 
0.0101484 0.00822975 0.00878004 0.0085006 0.00849207 0.00861386 0.00858492 0.00808557 0.00818853 0.00820538 0.00822031 0.00815009 0.00898664 0.00859944 0.0089357 0.0127261 0.00823925 0.0091675 0.0086385 0.00947766 0.00997058 0.010398 0.00972668 0.0108284 0.0111828 0.010824 0.011569 0.0101751 0.0122375 0.0952757 0.012528 0.020013 0.0706747 0.0173463 0.0487732 0.0167329 0.0340084 0.0145238 0.019625 0.0179572 0 0.00377819 0.00354474 0.00357919 0.00353952 0.00392094 0.00386072 0.00549289 0.0118067 0.00839782 0.00851989 0.0094705 0.0145521 0.0116015 0.0265217 0.0231174 0.0367702 0.0141718 0.00914481 0.025165 0.0111965 0.0113279 0.0088612 0.00944675 0.0190112 0.0126407 0.00873665 0.0165621 0.00992033 0.00864903 0.0105628 0.00923625 0.00941077 0.00866804 0.00985074 0.00897286 0.0100656 0.00895643 0.00990367 0.0092699 0.0150298 
0.00828375 0.00850428 0.00843277 0.00893676 0.00884246 0.00839524 0.00811035 0.0084217 0.00842278 0.00844081 0.00870668 0.00851772 0.00860067 0.00823288 0.00817481 0.00840134 0.0090628 0.00947053 0.00980506 0.00954892 0.00914019 0.00964746 0.0130998 0.0111253 0.0107289 0.00846979 0.0109884 0.0107027 0.0115575 0.0128375 0.0495737 0.0155586 0.0152183 0.227543 0.0178981 0.0553919 0.0246198 0.0626035 0.015695 0.0175241 0.00377819 0 0.00357364 0.00350697 0.00349221 0.00354452 0.00359415 0.0037312 0.00852785 0.0102254 0.00879135 0.0154775 0.0135218 0.0590572 0.0254993 0.0178544 0.0120902 0.00960006 0.0144346 0.00918211 0.0114846 0.00962478 0.00978508 0.0116287 0.00925051 0.00891963 0.0107392 0.0090923 0.00848567 0.00947454 0.00829858 0.0102792 0.0109657 0.010739 0.0101997 0.0148586 0.0123382 0.0177962 0.0120562 0.0155892 0.00875371 
0.00866496 0.00870244 0.0102085 0.0104375 0.0116132 0.00936421 0.00840969 0.00885514 0.00987593 0.00946571 0.010633 0.00993442 0.00945923 0.00834964 0.00823477 0.0102235 0.00971637 0.0221753 0.0169323 0.0136058 0.00914039 0.0108744 0.0238549 0.024902 0.0109393 0.00885121 0.0110052 0.0124602 0.0121343 0.0181166 0.0239198 0.0542178 0.058395 0.0298509 0.406944 0.0361195 0.171041 0.0378149 0.0475778 0.0146625 0.00354474 0.00357364 0 0.00355181 0.00349046 0.00364938 0.00368948 0.00361711 0.00967129 0.0114801 0.0225581 0.0167514 0.0997684 0.040253 0.0396198 0.0256891 0.011024 0.0120381 0.00923762 0.00975785 0.00991072 0.0266091 0.0152538 0.0116072 0.00931722 0.00999208 0.00928064 0.00942234 0.00919445 0.00931049 0.0102143 0.0155801 0.0241472 0.0182418 0.0358206 0.0267181 0.0733757 0.038938 0.0525406 0.0123524 0.0101635 
0.00944147 0.00925941 0.0108512 0.0137339 0.0119537 0.0106294 0.00865949 0.00998919 0.0101595 0.0122865 0.0136412 0.0114246 0.010141 0.00853974 0.00857306 0.00986944 0.0139551 0.0281073 0.0462346 0.0196641 0.0107156 0.0139102 0.0483781 0.0287359 0.0201817 0.00907326 0.0135871 0.0142934 0.0198524 0.0218103 0.0534117 0.0670698 0.066425 0.186334 0.0784357 0.455755 0.0787636 0.2183 0.0320991 0.0197102 0.00357919 0.00350697 0.00355181 0 0.00359321 0.0035857 0.00358875 0.00357275 0.0096438 0.0217613 0.0163093 0.0375491 0.0374659 0.0524612 0.0485538 0.0192493 0.0129701 0.0118098 0.0113878 0.00996437 0.0179841 0.0265029 0.0333974 0.0176811 0.00990536 0.0109996 0.0116329 0.0102273 0.00972487 0.01097 0.0114289 0.0266305 0.0325659 0.0511687 0.0412973 0.121327 0.110149 0.130029 0.0630674 0.0267122 0.00991552 
0.00896053 0.00988219 0.0113061 0.013966 0.0141756 0.0105018 0.00854086 0.00956915 0.0116939 0.0110591 0.0153412 0.0127996 0.0104182 0.00863927 0.00869415 0.0101387 0.0117225 0.0384679 0.033223 0.0228996 0.0108957 0.0157081 0.0434067 0.0458909 0.0158765 0.00943621 0.0122149 0.0193098 0.0191233 0.0201453 0.0424444 0.0930554 0.117341 0.0934883 0.201044 0.0757417 0.515811 0.0753507 0.0745715 0.0148311 0.00353952 0.00349221 0.00349046 0.00359321 0 0.00357099 0.00359967 0.00353925 0.012825 0.0133365 0.0359482 0.0383668 0.0308783 0.0421365 0.0383788 0.0216272 0.0129261 0.0126613 0.0102305 0.0114122 0.0123329 0.0377224 0.0305978 0.0219897 0.00968838 0.0110748 0.0114123 0.0108216 0.0101804 0.0106098 0.0152384 0.0231062 0.0482226 0.0409475 0.0927758 0.0930776 0.16456 0.0913736 0.10962 0.0227245 0.0115507 
