1O5UA
EVKIEKPTPEKLKELSVEKWPIWEKEVSEFDWYYDTNETCYILEGKVEVTTEDGKKYVIEKGDLVTFPKGLRCRWKVLEPVRKHYNLF
CCEEECCCHHHHHHHCHHHCCEEEECCEEEEEECCCCEEEEEEEEEEEEEECCCCEEEEECCCEEEECCCCEEEEEEEEEEEEEEEEC
0 0 0 0 0 0 0 0 0 0 0 0 0 0 0 0 0 0 0 0 0 0 0 0 0 0 0 0 0 0 0 0 0 0 0 0 0 0 0 0 0 0 0 0 0 0 0 0 0 0 0 0 0 0 0 0 0 0 0 0 0 0 0 0 0 0 0 0 0 0 0 0 0 0 0 0 0 0 0 0 0 0 0 0 0 0 0 0 
0 0 0 0 0 0 0 0 0 0 0 0 0 0 0 0 0 0 0 0 0 0 0 0 0 0 0 0 0 0 0 0 0 0 0 0 0 0 0 0 0 0 0 0 0 0 0 0 0 0 0 0 0 0 0 0 0 0 0 0 0 0 0 0 0 0 0 0 0 0 0 0 0 0 0 0 0 0 0 0 0 0 0 0 0 0 0 0 
0 0.00409685 0.00494938 0.0210929 0.0094723 0.024356 0.0395841 0.0116944 0.0120451 0.00905804 0.0106584 0.00889457 0.0255258 0.0130214 0.00967615 0.00968172 0.0129332 0.0101076 0.00896574 0.0102185 0.0090499 0.011217 0.00935038 0.0151707 0.00948351 0.0136569 0.0167317 0.0147961 0.0101366 0.0110331 0.0105534 0.0150595 0.0138206 0.00899611 0.0134007 0.0123013 0.0119822 0.0083982 0.0101194 0.00855128 0.0109802 0.00865256 0.00914367 0.00895439 0.00895962 0.00848213 0.00875621 0.00851883 0.00859351 0.00862648 0.00904112 0.0101624 
0.00409685 0 0.00393543 0.00939411 0.0314487 0.0270089 0.010153 0.011026 0.0099673 0.00940796 0.00834441 0.0129997 0.00870744 0.010059 0.0128171 0.00933889 0.00943055 0.00942132 0.00890388 0.00861477 0.00957618 0.00876665 0.0100747 0.00942502 0.011977 0.00965667 0.010344 0.00989063 0.0158328 0.00918612 0.0131829 0.00921097 0.00987309 0.0152596 0.0101714 0.00930543 0.00888135 0.0122636 0.00846949 0.00886017 0.00852425 0.00873703 0.00846441 0.00831115 0.00830229 0.00876275 0.00840704 0.00849301 0.00844466 0.00856429 0.00988431 0.00837831 
0.00494938 0.00393543 0 0.035075 0.00948013 0.0113469 0.011925 0.0161931 0.00908881 0.00838701 0.00943644 0.00837834 0.0102729 0.0139664 0.0102334 0.00914225 0.00936463 0.00896278 0.00849811 0.0086687 0.00883248 0.00933103 0.00940704 0.0102014 0.00981385 0.00930121 0.0103947 0.0137532 0.00991504 0.00966458 0.00891352 0.0112186 0.0167587 0.00972158 0.00930049 0.00934087 0.0166036 0.00878305 0.00852611 0.00841495 0.00873083 0.00845657 0.00852209 0.00825196 0.00842394 0.00867127 0.0085346 0.00829704 0.00848057 0.00859685 0.00865589 0.00853873 
0.0210929 0.00939411 0.035075 0 0.00380038 0.0036089 0.00409423 0.00381787 0.00450823 0.00916326 0.0330531 0.00792432 0.0108631 0.00669572 0.0073253 0.0076442 0.012362 0.00871197 0.00834119 0.00899599 0.00897462 0.00949596 0.00955016 0.0101933 0.00974237 0.00995999 0.0148667 0.00987868 0.0107183 0.00964035 0.00997147 0.0127663 0.0109414 0.0100284 0.0103268 0.0130863 0.00911742 0.00919174 0.0091764 0.00893471 0.00936991 0.009033 0.00871231 0.00863923 0.00854797 0.00881906 0.00868474 0.00874406 0.00882102 0.00881465 0.00890993 0.0110379 
0.0094723 0.0314487 0.00948013 0.00380038 0 0.00372389 0.00359113 0.00366585 0.00413541 0.0424615 0.00558879 0.007965 0.0052509 0.00618524 0.00692556 0.00886985 0.00883337 0.00927735 0.008313 0.00851121 0.018866 0.00846112 0.00994488 0.00917817 0.0116219 0.00916176 0.00973879 0.00869994 0.0117892 0.0100194 0.010983 0.00899203 0.00922033 0.0122083 0.00973293 0.00924113 0.00838331 0.00995701 0.00843067 0.00987875 0.00877181 0.00942714 0.00857208 0.00863123 0.00839293 0.00889931 0.00859077 0.00934037 0.00885956 0.00887273 0.00910628 0.00845627 
0.024356 0.0270089 0.0113469 0.0036089 0.00372389 0 0.00354909 0.00396519 0.0509738 0.00377162 0.00595261 0.00403053 0.00568297 0.00700511 0.0108693 0.00735788 0.0107423 0.00764811 0.00806456 0.00988206 0.00818164 0.0124125 0.00820118 0.0197205 0.00846699 0.0143686 0.00831938 0.00972719 0.00932169 0.0126421 0.00990333 0.00902125 0.00962678 0.00918341 0.0194977 0.00850248 0.012591 0.00867765 0.0150293 0.00850498 0.0130319 0.00856861 0.00914294 0.00849352 0.0086857 0.00846049 0.0109559 0.00857176 0.00873124 0.00883482 0.00920842 0.00827406 
0.0395841 0.010153 0.011925 0.00409423 0.00359113 0.00354909 0 0.0746562 0.00378419 0.0052932 0.00364506 0.00379388 0.00420061 0.00998991 0.0169072 0.0105366 0.00758579 0.00899202 0.00809384 0.00759557 0.0110415 0.00794303 0.0129888 0.00812649 0.0137359 0.00830386 0.0140885 0.0110691 0.011974 0.00880831 0.00958988 0.00970946 0.0130927 0.0124518 0.00862607 0.0117181 0.010332 0.013527 0.0084346 0.0105224 0.00852068 0.00933675 0.00858518 0.0084946 0.0082569 0.0101295 0.00845575 0.00868633 0.00870388 0.00854573 0.0085453 0.0093044 
0.0116944 0.011026 0.0161931 0.00381787 0.00366585 0.00396519 0.0746562 0 0.00382048 0.00370491 0.0035806 0.00370917 0.00429055 0.00521314 0.00568588 0.00845724 0.00750984 0.0165407 0.0133748 0.00964116 0.0130045 0.00766455 0.0104319 0.00828201 0.013818 0.00869713 0.0585239 0.0100886 0.0118948 0.00891645 0.0108456 0.016191 0.0114717 0.0117979 0.00976302 0.0385219 0.00899612 0.0114917 0.00854288 0.0112742 0.00891438 0.0597343 0.00887158 0.0088438 0.00866319 0.0105426 0.00848404 0.0101813 0.00914921 0.00892797 0.00908707 0.014535 
0.0120451 0.0099673 0.00908881 0.00450823 0.00413541 0.0509738 0.00378419 0.00382048 0 0.00351885 0.00363632 0.00448708 0.00414672 0.00496785 0.0067039 0.0063556 0.0339179 0.0265663 0.0109635 0.0105397 0.00717877 0.0148857 0.00772317 0.0247974 0.00798009 0.0386221 0.00822728 0.0102059 0.00900944 0.0150484 0.00949397 0.00926406 0.0115819 0.00892585 0.0351063 0.00850155 0.0126207 0.00848617 0.0176635 0.0085568 0.127198 0.00870418 0.010557 0.0087074 0.0110084 0.00860213 0.0148701 0.00876923 0.00990057 0.00943859 0.0105333 0.00866498 
0.00905804 0.00940796 0.00838701 0.00916326 0.0424615 0.00377162 0.0052932 0.00370491 0.00351885 0 0.00356054 0.00354028 0.00352629 0.00423597 0.00654001 0.0322559 0.01432 0.022434 0.00933811 0.00672654 0.015065 0.00707536 0.020242 0.00769592 0.0375669 0.00796643 0.0120339 0.00812051 0.0120635 0.00875175 0.0133788 0.00845338 0.00883978 0.0243779 0.00861824 0.0132936 0.00836413 0.0181031 0.00841209 0.205178 0.00856648 0.0180349 0.00882355 0.00966439 0.0084272 0.0212802 0.00870218 0.0145638 0.00934901 0.0100561 0.00878943 0.00947635 
0.0106584 0.00834441 0.00943644 0.0330531 0.00558879 0.00595261 0.00364506 0.0035806 0.00363632 0.00356054 0 0.00351578 0.00355307 0.00404201 0.0135779 0.0149335 0.0388333 0.00706473 0.00652403 0.00903757 0.00640377 0.0136385 0.00713242 0.0217734 0.00760424 0.0126335 0.00758108 0.00942539 0.00854784 0.0218384 0.00844181 0.00858596 0.0116169 0.00861458 0.0197249 0.00835881 0.0119914 0.00839748 0.15044 0.00844205 0.0194903 0.00866127 0.010343 0.00910857 0.021243 0.00857088 0.0145068 0.00898855 0.0106792 0.00929518 0.00880237 0.00850657 
0.00889457 0.0129997 0.00837834 0.00792432 0.007965 0.00403053 0.00379388 0.00370917 0.00448708 0.00354028 0.00351578 0 0.00361206 0.0125566 0.0211909 0.0161549 0.00703497 0.00717667 0.00772169 0.00566279 0.00808743 0.00645711 0.0140957 0.0070842 0.0112602 0.00725628 0.00846976 0.00812087 0.0141943 0.00857185 0.0117148 0.00835701 0.00881903 0.0222095 0.00894242 0.00970053 0.00842078 0.100147 0.00839921 0.0132048 0.00864283 0.0108063 0.00867713 0.0128431 0.00848282 0.0100825 0.00864411 0.0101944 0.00894779 0.00882525 0.00901684 0.00864907 
0.0255258 0.00870744 0.0102729 0.0108631 0.0052509 0.00568297 0.00420061 0.00429055 0.00414672 0.00352629 0.00355307 0.00361206 0 0.0642038 0.0268831 0.00426437 0.00518159 0.00513891 0.00523547 0.00623989 0.00622557 0.0102525 0.0069545 0.00958497 0.00716771 0.00912476 0.00727546 0.0166283 0.00880077 0.00932246 0.00847282 0.0107378 0.0179173 0.00889398 0.0126363 0.00851886 0.15687 0.00850031 0.0100509 0.00843955 0.0103812 0.00851858 0.00908843 0.00853774 0.00863361 0.00855154 0.00948452 0.00867784 0.00875027 0.00868539 0.0086729 0.00893232 
0.0130214 0.010059 0.0139664 0.00669572 0.00618524 0.00700511 0.00998991 0.00521314 0.00496785 0.00423597 0.00404201 0.0125566 0.0642038 0 0.00353825 0.0035443 0.00356544 0.0035425 0.00363538 0.00359918 0.00370545 0.00439537 0.00523338 0.00939698 0.00831883 0.00684995 0.0158748 0.00886956 0.00880155 0.00878191 0.0126695 0.0150499 0.0115796 0.011873 0.0103734 0.0427772 0.0103349 0.00966827 0.00894668 0.0103627 0.00935051 0.0101923 0.00900261 0.00905178 0.00880092 0.009353 0.00899325 0.0099861 0.00952649 0.00917917 0.011282 0.0370301 
0.00967615 0.0128171 0.0102334 0.0073253 0.00692556 0.0108693 0.0169072 0.00568588 0.0067039 0.00654001 0.0135779 0.0211909 0.0268831 0.00353825 0 0.00358278 0.00354407 0.00354497 0.00359948 0.00355781 0.00414186 0.00439374 0.00460046 0.00607942 0.00617409 0.0146199 0.00981695 0.00806409 0.00921554 0.0112185 0.0140579 0.0100363 0.013774 0.0108592 0.0756653 0.00916863 0.0101614 0.00963913 0.0138862 0.00964115 0.0202446 0.00978817 0.00975375 0.0101391 0.00977558 0.00920427 0.0130166 0.0105136 0.0115413 0.0102477 0.0273788 0.0100398 
0.00968172 0.00933889 0.00914225 0.0076442 0.00886985 0.00735788 0.0105366 0.00845724 0.0063556 0.0322559 0.0149335 0.0161549 0.00426437 0.0035443 0.00358278 0 0.00353246 0.00354258 0.00355584 0.00358268 0.00383244 0.00390493 0.00475408 0.00459029 0.0112105 0.00618933 0.00754322 0.0071206 0.0109135 0.0117095 0.0123927 0.00932776 0.0103995 0.0626303 0.0102514 0.0129483 0.00870017 0.0164687 0.00925582 0.0270737 0.0098805 0.0182612 0.0125796 0.0123433 0.0120191 0.0146882 0.0107577 0.0201996 0.0231117 0.0384414 0.0113974 0.0126438 
0.0129332 0.00943055 0.00936463 0.012362 0.00883337 0.0107423 0.00758579 0.00750984 0.0339179 0.01432 0.0388333 0.00703497 0.00518159 0.00356544 0.00354407 0.00353246 0 0.00352873 0.00354017 0.00349708 0.00354718 0.00404868 0.00414139 0.0132557 0.00482535 0.00742445 0.00597202 0.00910298 0.00938549 0.018119 0.0113556 0.0126863 0.0365296 0.0109753 0.0354358 0.00887704 0.0176273 0.00907939 0.0348011 0.0103812 0.0365039 0.0115332 0.014853 0.0165381 0.0196085 0.00983717 0.031809 0.0173961 0.052486 0.0148885 0.0136283 0.0162689 
0.0101076 0.00942132 0.00896278 0.00871197 0.00927735 0.00764811 0.00899202 0.0165407 0.0265663 0.022434 0.00706473 0.00717667 0.00513891 0.0035425 0.00354497 0.00354258 0.00352873 0 0.0034984 0.00351779 0.00356291 0.00362193 0.0101383 0.00380352 0.00498833 0.00428074 0.00742481 0.00749614 0.0100024 0.0112005 0.012017 0.00946253 0.0104256 0.0199979 0.0112464 0.0257177 0.00885175 0.0194856 0.0093095 0.0215693 0.0107789 0.0167313 0.011566 0.0148322 0.00978445 0.0159896 0.0120781 0.0407697 0.0133658 0.0130681 0.0120908 0.0115082 
0.00896574 0.00890388 0.00849811 0.00834119 0.008313 0.00806456 0.00809384 0.0133748 0.0109635 0.00933811 0.00652403 0.00772169 0.00523547 0.00363538 0.00359948 0.00355584 0.00354017 0.0034984 0 0.00355773 0.00353428 0.00392096 0.00406372 0.00374062 0.00449222 0.00385003 0.00450847 0.00679948 0.00841788 0.00897318 0.01001 0.00805917 0.00992404 0.0136254 0.0188275 0.00891375 0.00844508 0.0105561 0.00907417 0.0128625 0.00962568 0.0144219 0.00962203 0.00948857 0.00917486 0.0143904 0.0193758 0.0132803 0.0111902 0.0103587 0.00920593 0.00918646 
0.0102185 0.00861477 0.0086687 0.00899599 0.00851121 0.00988206 0.00759557 0.00964116 0.0105397 0.00672654 0.00903757 0.00566279 0.00623989 0.00359918 0.00355781 0.00358268 0.00349708 0.00351779 0.00355773 0 0.00392138 0.00368174 0.00359481 0.00417441 0.00366691 0.00423864 0.00360344 0.00739366 0.00705358 0.0145886 0.00732063 0.00796077 0.0126356 0.0108918 0.0369031 0.00833579 0.0112385 0.00830588 0.0196833 0.00847387 0.0267887 0.00875253 0.0115666 0.00901347 0.0189314 0.0137875 0.0184877 0.00920787 0.011604 0.0096403 0.00994728 0.00896297 
0.0090499 0.00957618 0.00883248 0.00897462 0.018866 0.00818164 0.0110415 0.0130045 0.00717877 0.015065 0.00640377 0.00808743 0.00622557 0.00370545 0.00414186 0.00383244 0.00354718 0.00356291 0.00353428 0.00392138 0 0.00351125 0.00363205 0.00353917 0.00443514 0.00355631 0.00408198 0.00611101 0.0141715 0.00711453 0.00876151 0.00931962 0.0127873 0.0438517 0.0091772 0.0135358 0.00827043 0.0181494 0.00829681 0.0410563 0.00870633 0.0185876 0.00876197 0.0189692 0.0247227 0.0172449 0.0088062 0.0171623 0.00998461 0.0132334 0.0132538 0.0118765 
0.011217 0.00876665 0.00933103 0.00949596 0.00846112 0.0124125 0.00794303 0.00766455 0.0148857 0.00707536 0.0136385 0.00645711 0.0102525 0.00439537 0.00439374 0.00390493 0.00404868 0.00362193 0.00392096 0.00368174 0.00351125 0 0.00345302 0.00387853 0.00349788 0.00457307 0.00361456 0.0197978 0.0066856 0.012727 0.00918677 0.601402 0.0219011 0.00859359 0.0296026 0.00808815 0.0143647 0.00815614 0.036613 0.00836359 0.0302304 0.00851451 0.0391957 0.02526 0.0143794 0.00853953 0.0251849 0.00924419 0.0152519 0.0119156 0.0135426 0.0095776 
0.00935038 0.0100747 0.00940704 0.00955016 0.00994488 0.00820118 0.0129888 0.0104319 0.00772317 0.020242 0.00713242 0.0140957 0.0069545 0.00523338 0.00460046 0.00475408 0.00414139 0.0101383 0.00406372 0.00359481 0.00363205 0.00345302 0 0.00353738 0.00366061 0.00358203 0.00394161 0.00529052 0.0119053 0.00837811 0.751705 0.0567284 0.00885832 0.027198 0.00866299 0.0365241 0.00811684 0.035945 0.0082051 0.0544024 0.00860945 0.111948 0.0103239 0.0134187 0.00858149 0.0272334 0.0087694 0.0242062 0.0122868 0.0130202 0.0092945 0.0116989 
0.0151707 0.00942502 0.0102014 0.0101933 0.00917817 0.0197205 0.00812649 0.00828201 0.0247974 0.00769592 0.0217734 0.0070842 0.00958497 0.00939698 0.00607942 0.00459029 0.0132557 0.00380352 0.00374062 0.00417441 0.00353917 0.00387853 0.00353738 0 0.00353117 0.0045429 0.0035462 0.0106553 0.00675715 0.812298 0.0311334 0.00860259 0.0173805 0.00829781 0.0418218 0.00793354 0.0280271 0.00824817 0.0610221 0.00843062 0.192519 0.0086171 0.0199939 0.00966622 0.0204324 0.00870395 0.0512246 0.010052 0.0192464 0.0113928 0.0132062 0.00976542 
0.00948351 0.011977 0.00981385 0.00974237 0.0116219 0.00846699 0.0137359 0.013818 0.00798009 0.0375669 0.00760424 0.0112602 0.00716771 0.00831883 0.00617409 0.0112105 0.00482535 0.00498833 0.00449222 0.00366691 0.00443514 0.00349788 0.00366061 0.00353117 0 0.00351595 0.00371937 0.00505559 0.823384 0.0736644 0.0113952 0.00713855 0.00798002 0.044265 0.00845647 0.0176573 0.00816934 0.0495388 0.00827008 0.233314 0.00855466 0.0513719 0.00912634 0.0137605 0.00853805 0.0320633 0.00880542 0.0217242 0.0107432 0.0115927 0.00940113 0.0133451 
0.0136569 0.00965667 0.00930121 0.00995999 0.00916176 0.0143686 0.00830386 0.00869713 0.0386221 0.00796643 0.0126335 0.00725628 0.00912476 0.00684995 0.0146199 0.00618933 0.00742445 0.00428074 0.00385003 0.00423864 0.00355631 0.00457307 0.00358203 0.0045429 0.00351595 0 0.00359724 0.848281 0.0652385 0.0193026 0.00655197 0.00664694 0.0109094 0.00781178 0.0318529 0.00768321 0.0312849 0.00862274 0.183072 0.00827574 0.0281283 0.00841477 0.0115614 0.00886117 0.016329 0.00841416 0.0190428 0.00877817 0.00974486 0.00926545 0.0122955 0.00887214 
0.0167317 0.010344 0.0103947 0.0148667 0.00973879 0.00831938 0.0140885 0.0585239 0.00822728 0.0120339 0.00758108 0.00846976 0.00727546 0.0158748 0.00981695 0.00754322 0.00597202 0.00742481 0.00450847 0.00360344 0.00408198 0.00361456 0.00394161 0.0035462 0.00371937 0.00359724 0 0.08034 0.0138951 0.00397872 0.00518372 0.00643745 0.00936516 0.0164858 0.00733185 0.0182627 0.0111086 0.145851 0.00814072 0.0180773 0.00847414 0.0129367 0.00863896 0.0105985 0.00836627 0.017695 0.00851201 0.00984801 0.00906012 0.00872831 0.00894175 0.0118149 
0.0147961 0.00989063 0.0137532 0.00987868 0.00869994 0.00972719 0.0110691 0.0100886 0.0102059 0.00812051 0.00942539 0.00812087 0.0166283 0.00886956 0.00806409 0.0071206 0.00910298 0.00749614 0.00679948 0.00739366 0.00611101 0.0197978 0.00529052 0.0106553 0.00505559 0.848281 0.08034 0 0.00380251 0.00353962 0.0037936 0.00427991 0.00653902 0.00543978 0.0378073 0.0563211 0.0501651 0.00734473 0.0097983 0.00780533 0.0138569 0.00816407 0.0108515 0.00852019 0.0111247 0.00846948 0.0115176 0.0089229 0.00948069 0.00917157 0.0106776 0.0180908 
0.0101366 0.0158328 0.00991504 0.0107183 0.0117892 0.00932169 0.011974 0.0118948 0.00900944 0.0120635 0.00854784 0.0141943 0.00880077 0.00880155 0.00921554 0.0109135 0.00938549 0.0100024 0.00841788 0.00705358 0.0141715 0.0066856 0.0119053 0.00675715 0.823384 0.0652385 0.0138951 0.00380251 0 0.00353475 0.00355524 0.00357823 0.00469688 0.0152702 0.0719581 0.0911731 0.00742934 0.0134442 0.00732625 0.0163107 0.0085239 0.0352416 0.00908998 0.0107794 0.00877879 0.0135243 0.00910994 0.0125049 0.0120951 0.0110487 0.0154246 0.0130947 
0.0110331 0.00918612 0.00966458 0.00964035 0.0100194 0.0126421 0.00880831 0.00891645 0.0150484 0.00875175 0.0218384 0.00857185 0.00932246 0.00878191 0.0112185 0.0117095 0.018119 0.0112005 0.00897318 0.0145886 0.00711453 0.012727 0.00837811 0.812298 0.0736644 0.0193026 0.00397872 0.00353962 0.00353475 0 0.00355933 0.00353201 0.00636648 0.0231319 0.146426 0.00636911 0.00993332 0.0071141 0.0171003 0.00826835 0.0420677 0.00984057 0.0204023 0.00999215 0.0126225 0.00879059 0.0195214 0.0112511 0.0132248 0.0146073 0.0134398 0.0111074 
0.0105534 0.0131829 0.00891352 0.00997147 0.010983 0.00990333 0.00958988 0.0108456 0.00949397 0.0133788 0.00844181 0.0117148 0.00847282 0.0126695 0.0140579 0.0123927 0.0113556 0.012017 0.01001 0.00732063 0.00876151 0.00918677 0.751705 0.0311334 0.0113952 0.00655197 0.00518372 0.0037936 0.00355524 0.00355933 0 0.00363224 0.0333467 0.137547 0.0049713 0.00537546 0.00757749 0.013788 0.00746561 0.0154015 0.00895832 0.0184202 0.00909344 0.0111253 0.00870695 0.0113006 0.00944466 0.0128378 0.0101013 0.00980434 0.014552 0.0119898 
0.0150595 0.00921097 0.0112186 0.0127663 0.00899203 0.00902125 0.00970946 0.016191 0.00926406 0.00845338 0.00858596 0.00835701 0.0107378 0.0150499 0.0100363 0.00932776 0.0126863 0.00946253 0.00805917 0.00796077 0.00931962 0.601402 0.0567284 0.00860259 0.00713855 0.00664694 0.00643745 0.00427991 0.00357823 0.00353201 0.00363224 0 0.110145 0.00468831 0.00397931 0.00478669 0.0174894 0.00727549 0.00811706 0.00826573 0.0116146 0.00839665 0.00842554 0.00813319 0.00840147 0.00870723 0.00923108 0.00887273 0.00880627 0.00898107 0.00901208 0.0124407 
0.0138206 0.00987309 0.0167587 0.0109414 0.00922033 0.00962678 0.0130927 0.0114717 0.0115819 0.00883978 0.0116169 0.00881903 0.0179173 0.0115796 0.013774 0.0103995 0.0365296 0.0104256 0.00992404 0.0126356 0.0127873 0.0219011 0.00885832 0.0173805 0.00798002 0.0109094 0.00936516 0.00653902 0.00469688 0.00636648 0.0333467 0.110145 0 0.0036128 0.0037718 0.00573382 0.0123275 0.00596272 0.085005 0.0488244 0.0239589 0.00762396 0.00956265 0.00749497 0.00939889 0.00820848 0.0148499 0.00862152 0.0132707 0.0114152 0.0114119 0.0270538 
0.00899611 0.0152596 0.00972158 0.0100284 0.0122083 0.00918341 0.0124518 0.0117979 0.00892585 0.0243779 0.00861458 0.0222095 0.00889398 0.011873 0.0108592 0.0626303 0.0109753 0.0199979 0.0136254 0.0108918 0.0438517 0.00859359 0.027198 0.00829781 0.044265 0.00781178 0.0164858 0.00543978 0.0152702 0.0231319 0.137547 0.00468831 0.0036128 0 0.00358594 0.00362981 0.00476685 0.0990161 0.050188 0.0338011 0.00735849 0.0182182 0.00736883 0.00862434 0.00752016 0.0133522 0.00840548 0.0173531 0.00977242 0.0119098 0.0152672 0.016175 
0.0134007 0.0101714 0.00930049 0.0103268 0.00973293 0.0194977 0.00862607 0.00976302 0.0351063 0.00861824 0.0197249 0.00894242 0.0126363 0.0103734 0.0756653 0.0102514 0.0354358 0.0112464 0.0188275 0.0369031 0.0091772 0.0296026 0.00866299 0.0418218 0.00845647 0.0318529 0.00733185 0.0378073 0.0719581 0.146426 0.0049713 0.00397931 0.0037718 0.00358594 0 0.00353895 0.0622664 0.0188788 0.0365901 0.00559562 0.0170833 0.00687058 0.0105564 0.00731849 0.0141672 0.00751589 0.017727 0.00832719 0.00971976 0.0101769 0.0141423 0.00984538 
0.0123013 0.00930543 0.00934087 0.0130863 0.00924113 0.00850248 0.0117181 0.0385219 0.00850155 0.0132936 0.00835881 0.00970053 0.00851886 0.0427772 0.00916863 0.0129483 0.00887704 0.0257177 0.00891375 0.00833579 0.0135358 0.00808815 0.0365241 0.00793354 0.0176573 0.00768321 0.0182627 0.0563211 0.0911731 0.00636911 0.00537546 0.00478669 0.00573382 0.00362981 0.00353895 0 0.0185413 0.0166521 0.00371875 0.00757917 0.00462731 0.00776184 0.00617491 0.00657358 0.0063638 0.0117691 0.00683726 0.00751504 0.00810563 0.00800602 0.00781927 0.0127371 
0.0119822 0.00888135 0.0166036 0.00911742 0.00838331 0.012591 0.010332 0.00899612 0.0126207 0.00836413 0.0119914 0.00842078 0.15687 0.0103349 0.0101614 0.00870017 0.0176273 0.00885175 0.00844508 0.0112385 0.00827043 0.0143647 0.00811684 0.0280271 0.00816934 0.0312849 0.0111086 0.0501651 0.00742934 0.00993332 0.00757749 0.0174894 0.0123275 0.00476685 0.0622664 0.0185413 0 0.00354381 0.00433118 0.00353237 0.00470605 0.00367012 0.00412563 0.00430019 0.00596078 0.00507903 0.0121164 0.00791925 0.00705575 0.00713172 0.00975866 0.0340226 
0.0083982 0.0122636 0.00878305 0.00919174 0.00995701 0.00867765 0.013527 0.0114917 0.00848617 0.0181031 0.00839748 0.100147 0.00850031 0.00966827 0.00963913 0.0164687 0.00907939 0.0194856 0.0105561 0.00830588 0.0181494 0.00815614 0.035945 0.00824817 0.0495388 0.00862274 0.145851 0.00734473 0.0134442 0.0071141 0.013788 0.00727549 0.00596272 0.0990161 0.0188788 0.0166521 0.00354381 0 0.00352154 0.0036986 0.00352003 0.00400335 0.00364823 0.00425981 0.00375333 0.00577723 0.00434188 0.00697542 0.00718426 0.00793878 0.0117015 0.0113261 
0.0101194 0.00846949 0.00852611 0.0091764 0.00843067 0.0150293 0.0084346 0.00854288 0.0176635 0.00841209 0.15044 0.00839921 0.0100509 0.00894668 0.0138862 0.00925582 0.0348011 0.0093095 0.00907417 0.0196833 0.00829681 0.036613 0.0082051 0.0610221 0.00827008 0.183072 0.00814072 0.0097983 0.00732625 0.0171003 0.00746561 0.00811706 0.085005 0.050188 0.0365901 0.00371875 0.00433118 0.00352154 0 0.00345435 0.00358364 0.00352444 0.00365059 0.00357574 0.00418921 0.00372461 0.00799517 0.00462812 0.0133938 0.0122322 0.0121284 0.00728203 
0.00855128 0.00886017 0.00841495 0.00893471 0.00987875 0.00850498 0.0105224 0.0112742 0.0085568 0.205178 0.00844205 0.0132048 0.00843955 0.0103627 0.00964115 0.0270737 0.0103812 0.0215693 0.0128625 0.00847387 0.0410563 0.00836359 0.0544024 0.00843062 0.233314 0.00827574 0.0180773 0.00780533 0.0163107 0.00826835 0.0154015 0.00826573 0.0488244 0.0338011 0.00559562 0.00757917 0.00353237 0.0036986 0.00345435 0 0.0035535 0.00359907 0.00355984 0.00491471 0.00356014 0.00581595 0.00376386 0.00663463 0.0089862 0.00646166 0.00649099 0.00908348 
0.0109802 0.00852425 0.00873083 0.00936991 0.00877181 0.0130319 0.00852068 0.00891438 0.127198 0.00856648 0.0194903 0.00864283 0.0103812 0.00935051 0.0202446 0.0098805 0.0365039 0.0107789 0.00962568 0.0267887 0.00870633 0.0302304 0.00860945 0.192519 0.00855466 0.0281283 0.00847414 0.0138569 0.0085239 0.0420677 0.00895832 0.0116146 0.0239589 0.00735849 0.0170833 0.00462731 0.00470605 0.00352003 0.00358364 0.0035535 0 0.00350668 0.00354843 0.00360259 0.00416566 0.00356373 0.0101856 0.00555515 0.00739923 0.00675668 0.00635966 0.00695504 
0.00865256 0.00873703 0.00845657 0.009033 0.00942714 0.00856861 0.00933675 0.0597343 0.00870418 0.0180349 0.00866127 0.0108063 0.00851858 0.0101923 0.00978817 0.0182612 0.0115332 0.0167313 0.0144219 0.00875253 0.0185876 0.00851451 0.111948 0.0086171 0.0513719 0.00841477 0.0129367 0.00816407 0.0352416 0.00984057 0.0184202 0.00839665 0.00762396 0.0182182 0.00687058 0.00776184 0.00367012 0.00400335 0.00352444 0.00359907 0.00350668 0 0.00351991 0.00353972 0.00357133 0.0038921 0.00387123 0.00483044 0.00692066 0.00521238 0.00714678 0.00787985 
0.00914367 0.00846441 0.00852209 0.00871231 0.00857208 0.00914294 0.00858518 0.00887158 0.010557 0.00882355 0.010343 0.00867713 0.00908843 0.00900261 0.00975375 0.0125796 0.014853 0.011566 0.00962203 0.0115666 0.00876197 0.0391957 0.0103239 0.0199939 0.00912634 0.0115614 0.00863896 0.0108515 0.00908998 0.0204023 0.00909344 0.00842554 0.00956265 0.00736883 0.0105564 0.00617491 0.00412563 0.00364823 0.00365059 0.00355984 0.00354843 0.00351991 0 0.00354441 0.00352092 0.00354579 0.00371091 0.00375127 0.00407146 0.00519681 0.00479663 0.00655919 
0.00895439 0.00831115 0.00825196 0.00863923 0.00863123 0.00849352 0.0084946 0.0088438 0.0087074 0.00966439 0.00910857 0.0128431 0.00853774 0.00905178 0.0101391 0.0123433 0.0165381 0.0148322 0.00948857 0.00901347 0.0189692 0.02526 0.0134187 0.00966622 0.0137605 0.00886117 0.0105985 0.00852019 0.0107794 0.00999215 0.0111253 0.00813319 0.00749497 0.00862434 0.00731849 0.00657358 0.00430019 0.00425981 0.00357574 0.00491471 0.00360259 0.00353972 0.00354441 0 0.00383318 0.00355807 0.00356618 0.00352721 0.00468779 0.0037146 0.00413071 0.00526331 
0.00895962 0.00830229 0.00842394 0.00854797 0.00839293 0.0086857 0.0082569 0.00866319 0.0110084 0.0084272 0.021243 0.00848282 0.00863361 0.00880092 0.00977558 0.0120191 0.0196085 0.00978445 0.00917486 0.0189314 0.0247227 0.0143794 0.00858149 0.0204324 0.00853805 0.016329 0.00836627 0.0111247 0.00877879 0.0126225 0.00870695 0.00840147 0.00939889 0.00752016 0.0141672 0.0063638 0.00596078 0.00375333 0.00418921 0.00356014 0.00416566 0.00357133 0.00352092 0.00383318 0 0.0035076 0.00356275 0.00355558 0.0036499 0.00364393 0.00359356 0.00476778 
0.00848213 0.00876275 0.00867127 0.00881906 0.00889931 0.00846049 0.0101295 0.0105426 0.00860213 0.0212802 0.00857088 0.0100825 0.00855154 0.009353 0.00920427 0.0146882 0.00983717 0.0159896 0.0143904 0.0137875 0.0172449 0.00853953 0.0272334 0.00870395 0.0320633 0.00841416 0.017695 0.00846948 0.0135243 0.00879059 0.0113006 0.00870723 0.00820848 0.0133522 0.00751589 0.0117691 0.00507903 0.00577723 0.00372461 0.00581595 0.00356373 0.0038921 0.00354579 0.00355807 0.0035076 0 0.00352421 0.00353306 0.00357089 0.00362623 0.00358203 0.00418842 
0.00875621 0.00840704 0.0085346 0.00868474 0.00859077 0.0109559 0.00845575 0.00848404 0.0148701 0.00870218 0.0145068 0.00864411 0.00948452 0.00899325 0.0130166 0.0107577 0.031809 0.0120781 0.0193758 0.0184877 0.0088062 0.0251849 0.0087694 0.0512246 0.00880542 0.0190428 0.00851201 0.0115176 0.00910994 0.0195214 0.00944466 0.00923108 0.0148499 0.00840548 0.017727 0.00683726 0.0121164 0.00434188 0.00799517 0.00376386 0.0101856 0.00387123 0.00371091 0.00356618 0.00356275 0.00352421 0 0.00352191 0.0035659 0.00355696 0.00362617 0.00402051 
0.00851883 0.00849301 0.00829704 0.00874406 0.00934037 0.00857176 0.00868633 0.0101813 0.00876923 0.0145638 0.00898855 0.0101944 0.00867784 0.0099861 0.0105136 0.0201996 0.0173961 0.0407697 0.0132803 0.00920787 0.0171623 0.00924419 0.0242062 0.010052 0.0217242 0.00877817 0.00984801 0.0089229 0.0125049 0.0112511 0.0128378 0.00887273 0.00862152 0.0173531 0.00832719 0.00751504 0.00791925 0.00697542 0.00462812 0.00663463 0.00555515 0.00483044 0.00375127 0.00352721 0.00355558 0.00353306 0.00352191 0 0.00355117 0.00352748 0.00361902 0.00376029 
0.00859351 0.00844466 0.00848057 0.00882102 0.00885956 0.00873124 0.00870388 0.00914921 0.00990057 0.00934901 0.0106792 0.00894779 0.00875027 0.00952649 0.0115413 0.0231117 0.052486 0.0133658 0.0111902 0.011604 0.00998461 0.0152519 0.0122868 0.0192464 0.0107432 0.00974486 0.00906012 0.00948069 0.0120951 0.0132248 0.0101013 0.00880627 0.0132707 0.00977242 0.00971976 0.00810563 0.00705575 0.00718426 0.0133938 0.0089862 0.00739923 0.00692066 0.00407146 0.00468779 0.0036499 0.00357089 0.0035659 0.00355117 0 0.00362236 0.00364845 0.00369633 
0.00862648 0.00856429 0.00859685 0.00881465 0.00887273 0.00883482 0.00854573 0.00892797 0.00943859 0.0100561 0.00929518 0.00882525 0.00868539 0.00917917 0.0102477 0.0384414 0.0148885 0.0130681 0.0103587 0.0096403 0.0132334 0.0119156 0.0130202 0.0113928 0.0115927 0.00926545 0.00872831 0.00917157 0.0110487 0.0146073 0.00980434 0.00898107 0.0114152 0.0119098 0.0101769 0.00800602 0.00713172 0.00793878 0.0122322 0.00646166 0.00675668 0.00521238 0.00519681 0.0037146 0.00364393 0.00362623 0.00355696 0.00352748 0.00362236 0 0.00363043 0.00364213 
0.00904112 0.00988431 0.00865589 0.00890993 0.00910628 0.00920842 0.0085453 0.00908707 0.0105333 0.00878943 0.00880237 0.00901684 0.0086729 0.011282 0.0273788 0.0113974 0.0136283 0.0120908 0.00920593 0.00994728 0.0132538 0.0135426 0.0092945 0.0132062 0.00940113 0.0122955 0.00894175 0.0106776 0.0154246 0.0134398 0.014552 0.00901208 0.0114119 0.0152672 0.0141423 0.00781927 0.00975866 0.0117015 0.0121284 0.00649099 0.00635966 0.00714678 0.00479663 0.00413071 0.00359356 0.00358203 0.00362617 0.00361902 0.00364845 0.00363043 0 0.00398905 
0.0101624 0.00837831 0.00853873 0.0110379 0.00845627 0.00827406 0.0093044 0.014535 0.00866498 0.00947635 0.00850657 0.00864907 0.00893232 0.0370301 0.0100398 0.0126438 0.0162689 0.0115082 0.00918646 0.00896297 0.0118765 0.0095776 0.0116989 0.00976542 0.0133451 0.00887214 0.0118149 0.0180908 0.0130947 0.0111074 0.0119898 0.0124407 0.0270538 0.016175 0.00984538 0.0127371 0.0340226 0.0113261 0.00728203 0.00908348 0.00695504 0.00787985 0.00655919 0.00526331 0.00476778 0.00418842 0.00402051 0.00376029 0.00369633 0.00364213 0.00398905 0 
