1OJRA
MQNITQSWFVQGMIKATTDAWLKGWDERNGGNLTLRLDDADIAPYHDNFHQQPRYIPLSQPMPLLANTPFIVTGSGKFFRNVQLDPAANLGIVKVDSDGAGYHILWGLTNEAVPTSELPAHFLSHCERIKATNGKDRVIMHCHATNLIALTYVLENDTAVFTRQLWEGSTECLVVFPDGVGILPWMVPGTDAIGQATAQEMQKHSLVLWPFHGVFGSGPTLDETFGLIDTAEKSAQVLVKVYSMGGMKQTISREELIALGKRFGVTPLASALAL
CCCHHHCHHHHHHHHHHHHHHHHCCCCCCCCEEEEECCHHHHHHHHHHCCCCCEEEECCCCCHHHCCCEEEEEECCCCHHHCCCCHHHHEEEEEECCCCCEEEEEEECCCCCCECCCHHHHHHHHHHHHHHCCCCCCEEEEECCHHHHHHCCCCCCCHHHHHHHHHHCCCCHHHHCCCCEEECCCCCCCCHHHHHHHHHHHCCCCEEEECCCEEEEEECCHHHHHHHHHHHHHHHHHHHHHHHCCCCCCCCCHHHHHHHHHHHCCCCCHHHHCC
0 0 0 0 0 0 0 0 0 0 0 0 0 0 0 0 0 0 0 0 0 0 0 0 0 0 0 0 0 0 0 0 0 0 0 0 0 0 0 0 0 0 0 0 0 0 0 0 0 0 0 0 0 0 0 0 0 0 0 0 0 0 0 0 0 0 0 0 0 0 0 0 0 0 0 0 0 0 0 0 0 0 0 0 0 0 0 0 0 0 0 0 0 0 0 0 0 0 0 0 0 0 0 0 0 0 0 0 0 0 0 0 0 0 0 0 0 0 0 0 0 0 0 0 0 0 0 0 0 0 0 0 0 0 0 0 0 0 0 0 0 0 0 0 0 0 0 0 0 0 0 0 0 0 0 0 0 0 0 0 0 0 0 0 0 0 0 0 0 0 0 0 0 0 0 0 0 0 0 0 0 0 0 0 0 0 0 0 0 0 0 0 0 0 0 0 0 0 0 0 0 0 0 0 0 0 0 0 0 0 0 0 0 0 0 0 0 0 0 0 0 0 0 0 0 0 0 0 0 0 0 0 0 0 0 0 0 0 0 0 0 0 0 0 0 0 0 0 0 0 0 0 0 0 0 0 0 0 0 0 0 0 0 0 0 0 0 0 0 0 0 0 0 0 
0 0 0 0 0 0 0 0 0 0 0 0 0 0 0 0 0 0 0 0 0 0 0 0 0 0 0 0 0 0 0 0 0 0 0 0 0 0 0 0 0 0 0 0 0 0 0 0 0 0 0 0 0 0 0 0 0 0 0 0 0 0 0 0 0 0 0 0 0 0 0 0 0 0 0 0 0 0 0 0 0 0 0 0 0 0 0 0 0 0 0 0 0 0 0 0 0 0 0 0 0 0 0 0 0 0 0 0 0 0 0 0 0 0 0 0 0 0 0 0 0 0 0 0 0 0 0 0 0 0 0 0 0 0 0 0 0 0 0 0 0 0 0 0 0 0 0 0 0 0 0 0 0 0 0 0 0 0 0 0 0 0 0 0 0 0 0 0 0 0 0 0 0 0 0 0 0 0 0 0 0 0 0 0 0 0 0 0 0 0 0 0 0 0 0 0 0 0 0 0 0 0 0 0 0 0 0 0 0 0 0 0 0 0 0 0 0 0 0 0 0 0 0 0 0 0 0 0 0 0 0 0 0 0 0 0 0 0 0 0 0 0 0 0 0 0 0 0 0 0 0 0 0 0 0 0 0 0 0 0 0 0 0 0 0 0 0 0 0 0 0 0 0 0 
0 0.00368111 0.00367737 0.00361583 0.00506745 0.0384766 0.0139897 0.0115798 0.0565326 0.0198265 0.0156637 0.018912 0.0117388 0.0157218 0.0183647 0.0109515 0.0105744 0.0110132 0.0101343 0.0120093 0.0169432 0.010423 0.00868658 0.0096587 0.00921206 0.00994577 0.0103654 0.0171538 0.0117885 0.00990888 0.00938894 0.00929169 0.00901892 0.00991121 0.00831001 0.00854213 0.0103035 0.00836162 0.00841299 0.00828425 0.00847634 0.00827211 0.00825356 0.00821661 0.00820759 0.0082149 0.00832018 
0.00368111 0 0.00358399 0.00374056 0.00374443 0.0409397 0.0199521 0.0877158 0.0128502 0.0139347 0.049733 0.0272977 0.053912 0.0141535 0.0133146 0.0137526 0.0130708 0.0218109 0.03486 0.0123328 0.0128612 0.00905559 0.0144461 0.00987506 0.0226546 0.0139947 0.0171552 0.0110802 0.00893342 0.0102986 0.0131359 0.0134738 0.0107377 0.0090303 0.00838999 0.0090399 0.00872477 0.00846336 0.00883877 0.00890747 0.00831231 0.00837304 0.0086021 0.00884652 0.00881082 0.00852905 0.00814962 
0.00367737 0.00358399 0 0.00355752 0.00356174 0.0152438 0.127475 0.0129303 0.0314317 0.0136932 0.02901 0.115138 0.0413607 0.0290907 0.00993749 0.0104187 0.0264569 0.0484207 0.0336969 0.0319259 0.00987112 0.00989341 0.00951822 0.0440737 0.015091 0.0485173 0.0173258 0.0111835 0.00850969 0.00946472 0.0175831 0.0210547 0.0154358 0.00885523 0.00842519 0.00900683 0.00873795 0.00852063 0.00942443 0.00919225 0.00829052 0.00832757 0.00881197 0.00934561 0.00899511 0.00843977 0.00816473 
0.00361583 0.00374056 0.00355752 0 0.00360698 0.0519835 0.0155343 0.162161 0.0188281 0.0160736 0.0418074 0.0335249 0.0499806 0.0173833 0.0139967 0.0171815 0.0193702 0.0271095 0.0331423 0.0157567 0.013705 0.00957379 0.0226162 0.0104742 0.0264525 0.0147808 0.0326991 0.0101273 0.0089412 0.0120334 0.016139 0.0193717 0.0129493 0.01018 0.00865882 0.00927923 0.00883187 0.00865004 0.00896496 0.00911196 0.00826846 0.00844034 0.0087194 0.00902168 0.00893562 0.00844634 0.00808576 
0.00506745 0.00374443 0.00356174 0.00360698 0 0.0238628 0.0179796 0.0128433 0.172433 0.031404 0.0188779 0.0191726 0.01245 0.0217695 0.0132708 0.02364 0.0157014 0.0119323 0.0105275 0.0133949 0.0118321 0.0198548 0.0109303 0.0106713 0.0098047 0.0114263 0.0108747 0.0167386 0.0115933 0.0147126 0.0101036 0.00951093 0.00981301 0.00934317 0.00986204 0.00879154 0.00938849 0.00933623 0.00874206 0.00840546 0.00836542 0.00892725 0.00850894 0.00871209 0.00853068 0.00814087 0.00815942 
0.0384766 0.0409397 0.0152438 0.0519835 0.0238628 0 0.00398047 0.00422868 0.00471654 0.0182173 0.0122383 0.013459 0.0657173 0.0177337 0.0487733 0.0128154 0.0101322 0.011389 0.011705 0.0110961 0.0269958 0.0118904 0.0102997 0.00959427 0.0116177 0.00971739 0.0115049 0.0181539 0.0129381 0.0102885 0.00889628 0.00905182 0.00901911 0.00979963 0.00830108 0.00831919 0.0103539 0.00885508 0.00826769 0.0082837 0.00907681 0.00829025 0.00813202 0.00818798 0.00828192 0.00820009 0.00847071 
0.0139897 0.0199521 0.127475 0.0155343 0.0179796 0.00398047 0 0.00367499 0.00435469 0.0113047 0.0208323 0.050281 0.015257 0.0354385 0.00992541 0.0100266 0.0147474 0.014629 0.0114155 0.0189034 0.0105812 0.0101442 0.00959324 0.0150786 0.00950671 0.0136251 0.0121526 0.0105525 0.00923923 0.00942404 0.0112383 0.0100686 0.00961073 0.00856527 0.00827656 0.0085393 0.0085747 0.00821738 0.00848916 0.00843884 0.00820899 0.00809567 0.00831868 0.0085801 0.00836947 0.00830009 0.00804876 
0.0115798 0.0877158 0.0129303 0.162161 0.0128433 0.00422868 0.00367499 0 0.00362133 0.0138426 0.0513852 0.0347129 0.0391413 0.0113927 0.0120361 0.0133063 0.0117018 0.0137013 0.0195529 0.0104557 0.0130986 0.0102407 0.0206538 0.00894691 0.0165164 0.0120483 0.017742 0.00999072 0.00932848 0.011596 0.0117617 0.0128987 0.00999859 0.00903058 0.00866894 0.0085437 0.00844827 0.00855799 0.00856196 0.00857655 0.00821638 0.00824823 0.00843739 0.0085268 0.00854743 0.00824664 0.0080385 
0.0565326 0.0128502 0.0314317 0.0188281 0.172433 0.00471654 0.00435469 0.00362133 0 0.0915345 0.0300315 0.0221483 0.010667 0.0172954 0.0124879 0.0152858 0.0138614 0.0109153 0.0096486 0.0143616 0.0114573 0.0237279 0.0102683 0.0112697 0.00950313 0.0115141 0.0114313 0.0158885 0.0131343 0.0158739 0.0103245 0.00948719 0.0100082 0.00926914 0.0105598 0.00850311 0.00952024 0.00947867 0.00880021 0.00831906 0.00882426 0.0090215 0.00841296 0.0085785 0.00836997 0.0081298 0.00828684 
0.0198265 0.0139347 0.0136932 0.0160736 0.031404 0.0182173 0.0113047 0.0138426 0.0915345 0 0.00360899 0.00359169 0.00354039 0.00387347 0.00533692 0.0191847 0.0112187 0.0142762 0.0124235 0.0384102 0.0529001 0.0181093 0.0119527 0.0107772 0.0117653 0.0117143 0.0138433 0.0261563 0.0164605 0.0266565 0.0142074 0.0114171 0.0103597 0.0120859 0.00918993 0.0090875 0.0128297 0.0103831 0.00857402 0.00895269 0.01081 0.0090241 0.00830234 0.00853802 0.00851416 0.0085719 0.00867398 
0.0156637 0.049733 0.02901 0.0418074 0.0188779 0.0122383 0.0208323 0.0513852 0.0300315 0.00360899 0 0.0036261 0.00358083 0.00374451 0.00380061 0.0146543 0.0672583 0.0224517 0.088909 0.0361474 0.0201105 0.0127204 0.0323152 0.0167402 0.028565 0.0275057 0.0460113 0.013883 0.0118774 0.0281729 0.0536231 0.0387226 0.0217508 0.0128461 0.00933163 0.0117612 0.0104192 0.00956278 0.011732 0.0103946 0.00917635 0.00869367 0.00986066 0.0104878 0.00987723 0.00919828 0.00826726 
0.018912 0.0272977 0.115138 0.0335249 0.0191726 0.013459 0.050281 0.0347129 0.0221483 0.00359169 0.0036261 0 0.00356467 0.00355903 0.0035743 0.0152459 0.0275336 0.275305 0.0486062 0.0482805 0.0130294 0.014283 0.0148046 0.0512754 0.0383335 0.0934379 0.0333935 0.0152591 0.00943383 0.0176377 0.0760313 0.119649 0.0515857 0.0111235 0.0104751 0.0128038 0.0101615 0.00964805 0.0129501 0.0137315 0.00891959 0.00899322 0.0112565 0.013639 0.0136933 0.00970404 0.00853816 
0.0117388 0.053912 0.0413607 0.0499806 0.01245 0.0657173 0.015257 0.0391413 0.010667 0.00354039 0.00358083 0.00356467 0 0.00358857 0.00357775 0.0138731 0.0866859 0.0950596 0.194714 0.0157171 0.0173455 0.0100175 0.0223575 0.0169021 0.102293 0.0399987 0.0354851 0.012005 0.00941736 0.0173492 0.0529233 0.142471 0.0248806 0.0131646 0.00933788 0.0109739 0.00974901 0.00990669 0.0118094 0.0129979 0.00869422 0.00909749 0.0104549 0.012129 0.0119411 0.00921091 0.00840933 
0.0157218 0.0141535 0.0290907 0.0173833 0.0217695 0.0177337 0.0354385 0.0113927 0.0172954 0.00387347 0.00374451 0.00355903 0.00358857 0 0.00363013 0.0379082 0.0314835 0.0297996 0.015632 0.109226 0.0108259 0.0130932 0.010769 0.0287103 0.0144098 0.0234204 0.0342816 0.0157504 0.0105578 0.0138812 0.0301232 0.0171304 0.0322545 0.0103864 0.00937907 0.0105528 0.00907146 0.00913872 0.009807 0.0100822 0.00839737 0.00881645 0.00942495 0.00932582 0.00918966 0.00852284 0.00825101 
0.0183647 0.0133146 0.00993749 0.0139967 0.0132708 0.0487733 0.00992541 0.0120361 0.0124879 0.00533692 0.00380061 0.0035743 0.00357775 0.00363013 0 0.0449317 0.0129162 0.0126693 0.0203329 0.0107059 0.0711464 0.0154542 0.0279133 0.00927236 0.0123116 0.010354 0.0134323 0.0190747 0.0191519 0.0194674 0.00968746 0.0105306 0.0093067 0.0119273 0.0122921 0.00861022 0.0100186 0.0101952 0.00843906 0.00843774 0.00847563 0.0093502 0.00831421 0.0084732 0.00832896 0.00822657 0.00817003 
0.0109515 0.0137526 0.0104187 0.0171815 0.02364 0.0128154 0.0100266 0.0133063 0.0152858 0.0191847 0.0146543 0.0152459 0.0138731 0.0379082 0.0449317 0 0.00357917 0.00358212 0.0036115 0.00360191 0.00405682 0.00625236 0.00698634 0.00699057 0.00881421 0.0106362 0.0980946 0.396117 0.0145034 0.0279318 0.014774 0.0139521 0.0125262 0.0256074 0.00928637 0.00945276 0.0177933 0.00999007 0.00910233 0.00951643 0.011259 0.00903846 0.00862955 0.0088051 0.00892619 0.00895486 0.00890791 
0.0105744 0.0130708 0.0264569 0.0193702 0.0157014 0.0101322 0.0147474 0.0117018 0.0138614 0.0112187 0.0672583 0.0275336 0.0866859 0.0314835 0.0129162 0.00357917 0 0.00357188 0.0035483 0.00358318 0.00369615 0.00733798 0.00753165 0.00874989 0.0128297 0.213748 0.363038 0.045549 0.0102142 0.0229934 0.0473147 0.0252881 0.0237311 0.0110819 0.00942629 0.0119619 0.0103818 0.00955875 0.0113231 0.0103593 0.00937457 0.00876322 0.00963674 0.0103822 0.00987001 0.00917078 0.00837341 
0.0110132 0.0218109 0.0484207 0.0271095 0.0119323 0.011389 0.014629 0.0137013 0.0109153 0.0142762 0.0224517 0.275305 0.0950596 0.0297996 0.0126693 0.00358212 0.00357188 0 0.00358394 0.00360014 0.00356941 0.00770297 0.0106845 0.0259 0.15405 0.408112 0.0873936 0.010793 0.00927736 0.0252293 0.0563615 0.0966701 0.0292114 0.0120451 0.0101272 0.0106883 0.00999706 0.00999163 0.012829 0.0123777 0.00886322 0.00901471 0.0106753 0.0137209 0.0127207 0.00971978 0.00849979 
0.0101343 0.03486 0.0336969 0.0331423 0.0105275 0.011705 0.0114155 0.0195529 0.0096486 0.0124235 0.088909 0.0486062 0.194714 0.015632 0.0203329 0.0036115 0.0035483 0.00358394 0 0.00354159 0.00358434 0.00643565 0.0250878 0.0488758 0.729503 0.0324215 0.0125292 0.00981625 0.00877471 0.0240189 0.0455098 0.0909643 0.0173004 0.0129953 0.0098435 0.011432 0.00991867 0.0103755 0.01257 0.0132537 0.00879157 0.0091545 0.0106909 0.0139673 0.0128988 0.00911432 0.00842121 
0.0120093 0.0123328 0.0319259 0.0157567 0.0133949 0.0110961 0.0189034 0.0104557 0.0143616 0.0384102 0.0361474 0.0482805 0.0157171 0.109226 0.0107059 0.00360191 0.00358318 0.00360014 0.00354159 0 0.00354665 0.024782 0.0490642 0.802211 0.0107111 0.0109164 0.0151668 0.0114694 0.00944364 0.0144126 0.0355187 0.0221783 0.0626877 0.0104502 0.00932611 0.0145754 0.00971011 0.00922623 0.011797 0.0115894 0.0086576 0.00894041 0.00998564 0.010646 0.01018 0.00890069 0.00824733 
0.0169432 0.0128612 0.00987112 0.013705 0.0118321 0.0269958 0.0105812 0.0130986 0.0114573 0.0529001 0.0201105 0.0130294 0.0173455 0.0108259 0.0711464 0.00405682 0.00369615 0.00356941 0.00358434 0.00354665 0 0.131991 0.774303 0.00702945 0.00783959 0.00840822 0.00994029 0.0109847 0.0161 0.0358258 0.0115404 0.0137327 0.0124894 0.0212166 0.020061 0.00923072 0.0122853 0.0133284 0.00902884 0.0090181 0.00892752 0.0104697 0.00870521 0.00874701 0.00867113 0.00843063 0.00833203 
0.010423 0.00905559 0.00989341 0.00957379 0.0198548 0.0118904 0.0101442 0.0102407 0.0237279 0.0181093 0.0127204 0.014283 0.0100175 0.0130932 0.0154542 0.00625236 0.00733798 0.00770297 0.00643565 0.024782 0.131991 0 0.00362371 0.00355309 0.00358929 0.00375191 0.0040448 0.00773966 0.0124486 0.0540299 0.0143728 0.0105023 0.0106905 0.0135182 0.00962137 0.00878828 0.0154108 0.00965853 0.00861383 0.0087616 0.0101966 0.00905462 0.00832279 0.00847504 0.00839527 0.00850507 0.00881472 
0.00868658 0.0144461 0.00951822 0.0226162 0.0109303 0.0102997 0.00959324 0.0206538 0.0102683 0.0119527 0.0323152 0.0148046 0.0223575 0.010769 0.0279133 0.00698634 0.00753165 0.0106845 0.0250878 0.0490642 0.774303 0.00362371 0 0.00355204 0.00356827 0.00361615 0.0039126 0.00393131 0.00864371 0.0299689 0.0302565 0.0192797 0.0120386 0.0113136 0.00906069 0.00993633 0.0104178 0.00925618 0.00960764 0.00955987 0.0091291 0.00856902 0.00896556 0.00923115 0.00923647 0.00881038 0.00846928 
0.0096587 0.00987506 0.0440737 0.0104742 0.0106713 0.00959427 0.0150786 0.00894691 0.0112697 0.0107772 0.0167402 0.0512754 0.0169021 0.0287103 0.00927236 0.00699057 0.00874989 0.0259 0.0488758 0.802211 0.00702945 0.00355309 0.00355204 0 0.00355062 0.00361052 0.00364754 0.00365388 0.00672551 0.0243756 0.0370818 0.0317894 0.0230844 0.00968306 0.00903546 0.0100613 0.00925685 0.00932605 0.0135374 0.0105475 0.00865773 0.00867625 0.00992313 0.0120166 0.0111456 0.00899069 0.00832394 
0.00921206 0.0226546 0.015091 0.0264525 0.0098047 0.0116177 0.00950671 0.0165164 0.00950313 0.0117653 0.028565 0.0383335 0.102293 0.0144098 0.0123116 0.00881421 0.0128297 0.15405 0.729503 0.0107111 0.00783959 0.00358929 0.00356827 0.00355062 0 0.00355922 0.00359135 0.00356853 0.00617917 0.0413898 0.0417286 0.0705758 0.0204295 0.0119126 0.0103259 0.0102884 0.00980776 0.010083 0.0130488 0.0125053 0.00910787 0.00910616 0.0108598 0.0141623 0.014094 0.00916295 0.00838332 
0.00994577 0.0139947 0.0485173 0.0147808 0.0114263 0.00971739 0.0136251 0.0120483 0.0115141 0.0117143 0.0275057 0.0934379 0.0399987 0.0234204 0.010354 0.0106362 0.213748 0.408112 0.0324215 0.0109164 0.00840822 0.00375191 0.00361615 0.00361052 0.00355922 0 0.00355527 0.00355407 0.00647573 0.0312937 0.0801733 0.105674 0.0307527 0.0119922 0.00996853 0.0121973 0.0106786 0.00995277 0.0172575 0.013357 0.00903315 0.00902951 0.0117602 0.0163608 0.0146385 0.0093739 0.00837615 
0.0103654 0.0171552 0.0173258 0.0326991 0.0108747 0.0115049 0.0121526 0.017742 0.0114313 0.0138433 0.0460113 0.0333935 0.0354851 0.0342816 0.0134323 0.0980946 0.363038 0.0873936 0.0125292 0.0151668 0.00994029 0.0040448 0.0039126 0.00364754 0.00359135 0.00355527 0 0.00363575 0.0145608 0.0272655 0.0683739 0.0819377 0.10672 0.0192427 0.011256 0.0202553 0.0114885 0.0102332 0.0139057 0.0158293 0.0092931 0.00972287 0.0121153 0.0126101 0.0125437 0.00964296 0.00841089 
0.0171538 0.0110802 0.0111835 0.0101273 0.0167386 0.0181539 0.0105525 0.00999072 0.0158885 0.0261563 0.013883 0.0152591 0.012005 0.0157504 0.0190747 0.396117 0.045549 0.010793 0.00981625 0.0114694 0.0109847 0.00773966 0.00393131 0.00365388 0.00356853 0.00355407 0.00363575 0 0.0746765 0.0371222 0.0159952 0.0195908 0.037736 0.0386823 0.0170481 0.0106436 0.0154129 0.0142716 0.00979707 0.00958885 0.00979669 0.0118869 0.00914265 0.0091801 0.009291 0.00898271 0.0088995 
0.0117885 0.00893342 0.00850969 0.0089412 0.0115933 0.0129381 0.00923923 0.00932848 0.0131343 0.0164605 0.0118774 0.00943383 0.00941736 0.0105578 0.0191519 0.0145034 0.0102142 0.00927736 0.00877471 0.00944364 0.0161 0.0124486 0.00864371 0.00672551 0.00617917 0.00647573 0.0145608 0.0746765 0 0.0187236 0.0149151 0.011928 0.014994 0.0579734 0.0132282 0.00933457 0.0130641 0.012263 0.00861357 0.00842255 0.00923619 0.0101041 0.00843906 0.0082767 0.00824409 0.00820978 0.00887448 
0.00990888 0.0102986 0.00946472 0.0120334 0.0147126 0.0102885 0.00942404 0.011596 0.0158739 0.0266565 0.0281729 0.0176377 0.0173492 0.0138812 0.0194674 0.0279318 0.0229934 0.0252293 0.0240189 0.0144126 0.0358258 0.0540299 0.0299689 0.0243756 0.0413898 0.0312937 0.0272655 0.0371222 0.0187236 0 0.00382676 0.00356905 0.00363751 0.00377476 0.30973 0.0200252 0.0432661 0.0381882 0.0184479 0.0136297 0.0165761 0.0169595 0.0130668 0.0125106 0.0115475 0.010344 0.011776 
0.00938894 0.0131359 0.0175831 0.016139 0.0101036 0.00889628 0.0112383 0.0117617 0.0103245 0.0142074 0.0536231 0.0760313 0.0529233 0.0301232 0.00968746 0.014774 0.0473147 0.0563615 0.0455098 0.0355187 0.0115404 0.0143728 0.0302565 0.0370818 0.0417286 0.0801733 0.0683739 0.0159952 0.0149151 0.00382676 0 0.00358163 0.0035972 0.00356804 0.0774055 0.165541 0.0140294 0.0240958 0.0651956 0.0393529 0.0124305 0.0128332 0.0285354 0.0302302 0.0254146 0.0236224 0.00878243 
0.00929169 0.0134738 0.0210547 0.0193717 0.00951093 0.00905182 0.0100686 0.0128987 0.00948719 0.0114171 0.0387226 0.119649 0.142471 0.0171304 0.0105306 0.0139521 0.0252881 0.0966701 0.0909643 0.0221783 0.0137327 0.0105023 0.0192797 0.0317894 0.0705758 0.105674 0.0819377 0.0195908 0.011928 0.00356905 0.00358163 0 0.00355999 0.00353129 0.0944339 0.0361876 0.0425373 0.0168012 0.0464858 0.0592635 0.0115504 0.0118171 0.0241189 0.0607627 0.0800235 0.0136625 0.00911268 
0.00901892 0.0107377 0.0154358 0.0129493 0.00981301 0.00901911 0.00961073 0.00999859 0.0100082 0.0103597 0.0217508 0.0515857 0.0248806 0.0322545 0.0093067 0.0125262 0.0237311 0.0292114 0.0173004 0.0626877 0.0124894 0.0106905 0.0120386 0.0230844 0.0204295 0.0307527 0.10672 0.037736 0.014994 0.00363751 0.0035972 0.00355999 0 0.00373369 0.0171105 0.240424 0.0432096 0.0139352 0.031782 0.0418454 0.014497 0.0100765 0.0222953 0.0279964 0.0201119 0.0198011 0.00954017 
0.00991121 0.0090303 0.00885523 0.01018 0.00934317 0.00979963 0.00856527 0.00903058 0.00926914 0.0120859 0.0128461 0.0111235 0.0131646 0.0103864 0.0119273 0.0256074 0.0110819 0.0120451 0.0129953 0.0104502 0.0212166 0.0135182 0.0113136 0.00968306 0.0119126 0.0119922 0.0192427 0.0386823 0.0579734 0.00377476 0.00356804 0.00353129 0.00373369 0 0.0278285 0.0160104 0.284147 0.0186269 0.0163789 0.0135202 0.0116397 0.0123945 0.0200598 0.0106323 0.0109591 0.01024 0.00912467 
0.00831001 0.00838999 0.00842519 0.00865882 0.00986204 0.00830108 0.00827656 0.00866894 0.0105598 0.00918993 0.00933163 0.0104751 0.00933788 0.00937907 0.0122921 0.00928637 0.00942629 0.0101272 0.0098435 0.00932611 0.020061 0.00962137 0.00906069 0.00903546 0.0103259 0.00996853 0.011256 0.0170481 0.0132282 0.30973 0.0774055 0.0944339 0.0171105 0.0278285 0 0.00481641 0.00371975 0.478381 0.0255049 0.0187457 0.0198156 0.0191607 0.0126623 0.0122664 0.0109447 0.0116232 0.0183244 
0.00854213 0.0090399 0.00900683 0.00927923 0.00879154 0.00831919 0.0085393 0.0085437 0.00850311 0.0090875 0.0117612 0.0128038 0.0109739 0.0105528 0.00861022 0.00945276 0.0119619 0.0106883 0.011432 0.0145754 0.00923072 0.00878828 0.00993633 0.0100613 0.0102884 0.0121973 0.0202553 0.0106436 0.00933457 0.0200252 0.165541 0.0361876 0.240424 0.0160104 0.00481641 0 0.00362449 0.0216414 0.500002 0.074061 0.0138199 0.0151982 0.0589485 0.0149072 0.0165753 0.0328701 0.010815 
0.0103035 0.00872477 0.00873795 0.00883187 0.00938849 0.0103539 0.0085747 0.00844827 0.00952024 0.0128297 0.0104192 0.0101615 0.00974901 0.00907146 0.0100186 0.0177933 0.0103818 0.00999706 0.00991867 0.00971011 0.0122853 0.0154108 0.0104178 0.00925685 0.00980776 0.0106786 0.0114885 0.0154129 0.0130641 0.0432661 0.0140294 0.0425373 0.0432096 0.284147 0.00371975 0.00362449 0 0.0315997 0.0191083 0.406279 0.106155 0.0394519 0.0144877 0.022418 0.0162036 0.0321851 0.0307607 
0.00836162 0.00846336 0.00852063 0.00865004 0.00933623 0.00885508 0.00821738 0.00855799 0.00947867 0.0103831 0.00956278 0.00964805 0.00990669 0.00913872 0.0101952 0.00999007 0.00955875 0.00999163 0.0103755 0.00922623 0.0133284 0.00965853 0.00925618 0.00932605 0.010083 0.00995277 0.0102332 0.0142716 0.012263 0.0381882 0.0240958 0.0168012 0.0139352 0.0186269 0.478381 0.0216414 0.0315997 0 0.00361402 0.00360183 0.00380102 0.00554867 0.00619765 0.0125753 0.832303 0.0196607 0.0224299 
0.00841299 0.00883877 0.00942443 0.00896496 0.00874206 0.00826769 0.00848916 0.00856196 0.00880021 0.00857402 0.011732 0.0129501 0.0118094 0.009807 0.00843906 0.00910233 0.0113231 0.012829 0.01257 0.011797 0.00902884 0.00861383 0.00960764 0.0135374 0.0130488 0.0172575 0.0139057 0.00979707 0.00861357 0.0184479 0.0651956 0.0464858 0.031782 0.0163789 0.0255049 0.500002 0.0191083 0.00361402 0 0.00359892 0.00358368 0.00460226 0.0189973 0.890121 0.020135 0.014302 0.00705803 
0.00828425 0.00890747 0.00919225 0.00911196 0.00840546 0.0082837 0.00843884 0.00857655 0.00831906 0.00895269 0.0103946 0.0137315 0.0129979 0.0100822 0.00843774 0.00951643 0.0103593 0.0123777 0.0132537 0.0115894 0.0090181 0.0087616 0.00955987 0.0105475 0.0125053 0.013357 0.0158293 0.00958885 0.00842255 0.0136297 0.0393529 0.0592635 0.0418454 0.0135202 0.0187457 0.074061 0.406279 0.00360183 0.00359892 0 0.00355378 0.00644957 0.955195 0.0157925 0.02076 0.00818376 0.00764145 
0.00847634 0.00831231 0.00829052 0.00826846 0.00836542 0.00907681 0.00820899 0.00821638 0.00882426 0.01081 0.00917635 0.00891959 0.00869422 0.00839737 0.00847563 0.011259 0.00937457 0.00886322 0.00879157 0.0086576 0.00892752 0.0101966 0.0091291 0.00865773 0.00910787 0.00903315 0.0092931 0.00979669 0.00923619 0.0165761 0.0124305 0.0115504 0.014497 0.0116397 0.0198156 0.0138199 0.106155 0.00380102 0.00358368 0.00355378 0 0.961908 0.010469 0.00613505 0.00444088 0.00577997 0.00555852 
0.00827211 0.00837304 0.00832757 0.00844034 0.00892725 0.00829025 0.00809567 0.00824823 0.0090215 0.0090241 0.00869367 0.00899322 0.00909749 0.00881645 0.0093502 0.00903846 0.00876322 0.00901471 0.0091545 0.00894041 0.0104697 0.00905462 0.00856902 0.00867625 0.00910616 0.00902951 0.00972287 0.0118869 0.0101041 0.0169595 0.0128332 0.0118171 0.0100765 0.0123945 0.0191607 0.0151982 0.0394519 0.00554867 0.00460226 0.00644957 0.961908 0 0.00363506 0.00356945 0.00361627 0.00363755 0.00522204 
0.00825356 0.0086021 0.00881197 0.0087194 0.00850894 0.00813202 0.00831868 0.00843739 0.00841296 0.00830234 0.00986066 0.0112565 0.0104549 0.00942495 0.00831421 0.00862955 0.00963674 0.0106753 0.0106909 0.00998564 0.00870521 0.00832279 0.00896556 0.00992313 0.0108598 0.0117602 0.0121153 0.00914265 0.00843906 0.0130668 0.0285354 0.0241189 0.0222953 0.0200598 0.0126623 0.0589485 0.0144877 0.00619765 0.0189973 0.955195 0.010469 0.00363506 0 0.00355795 0.00358177 0.00394299 0.00371552 
0.00821661 0.00884652 0.00934561 0.00902168 0.00871209 0.00818798 0.0085801 0.0085268 0.0085785 0.00853802 0.0104878 0.013639 0.012129 0.00932582 0.0084732 0.0088051 0.0103822 0.0137209 0.0139673 0.010646 0.00874701 0.00847504 0.00923115 0.0120166 0.0141623 0.0163608 0.0126101 0.0091801 0.0082767 0.0125106 0.0302302 0.0607627 0.0279964 0.0106323 0.0122664 0.0149072 0.022418 0.0125753 0.890121 0.0157925 0.00613505 0.00356945 0.00355795 0 0.00355434 0.00356782 0.00358136 
0.00820759 0.00881082 0.00899511 0.00893562 0.00853068 0.00828192 0.00836947 0.00854743 0.00836997 0.00851416 0.00987723 0.0136933 0.0119411 0.00918966 0.00832896 0.00892619 0.00987001 0.0127207 0.0128988 0.01018 0.00867113 0.00839527 0.00923647 0.0111456 0.014094 0.0146385 0.0125437 0.009291 0.00824409 0.0115475 0.0254146 0.0800235 0.0201119 0.0109591 0.0109447 0.0165753 0.0162036 0.832303 0.020135 0.02076 0.00444088 0.00361627 0.00358177 0.00355434 0 0.00353216 0.00356261 
0.0082149 0.00852905 0.00843977 0.00844634 0.00814087 0.00820009 0.00830009 0.00824664 0.0081298 0.0085719 0.00919828 0.00970404 0.00921091 0.00852284 0.00822657 0.00895486 0.00917078 0.00971978 0.00911432 0.00890069 0.00843063 0.00850507 0.00881038 0.00899069 0.00916295 0.0093739 0.00964296 0.00898271 0.00820978 0.010344 0.0236224 0.0136625 0.0198011 0.01024 0.0116232 0.0328701 0.0321851 0.0196607 0.014302 0.00818376 0.00577997 0.00363755 0.00394299 0.00356782 0.00353216 0 0.00354088 
0.00832018 0.00814962 0.00816473 0.00808576 0.00815942 0.00847071 0.00804876 0.0080385 0.00828684 0.00867398 0.00826726 0.00853816 0.00840933 0.00825101 0.00817003 0.00890791 0.00837341 0.00849979 0.00842121 0.00824733 0.00833203 0.00881472 0.00846928 0.00832394 0.00838332 0.00837615 0.00841089 0.0088995 0.00887448 0.011776 0.00878243 0.00911268 0.00954017 0.00912467 0.0183244 0.010815 0.0307607 0.0224299 0.00705803 0.00764145 0.00555852 0.00522204 0.00371552 0.00358136 0.00356261 0.00354088 0 
