1OK0A
DTTVSEPAPSCVTLYQSWRYSQADNGCAETVTVKVVYEDDTEGLCYAVAPGQITTVGDGYIGSHGHARYLARCL
CCCCCCECCCCEEEEECCCEEEEEECCCCCEEEEEEECCCCECCCEEECCCCEEEEEECCCCCCCCEEEEEECC
0 0 0 0 0 0 0 0 0 0 0 0 0 0 0 0 0 0 0 0 0 0 0 0 0 0 0 0 0 0 0 0 0 0 0 0 0 0 0 0 0 0 0 0 0 0 0 0 0 0 0 0 0 0 0 0 0 0 0 0 0 0 0 0 0 0 0 0 0 0 0 0 0 0 
0 0 0 0 0 0 0 0 0 0 0 0 0 0 0 0 0 0 0 0 0 0 0 0 0 0 0 0 0 0 0 0 0 0 0 0 0 0 0 0 0 0 0 0 0 0 0 0 0 0 0 0 0 0 0 0 0 0 0 0 0 0 0 0 0 0 0 0 0 0 0 0 0 0 
0 0.00510658 0.00405971 0.00383428 0.00433728 0.00566963 0.00813338 0.00715567 0.00649272 0.00718733 0.00844192 0.0103164 0.0246576 0.0112492 0.00958493 0.0102754 0.00938474 0.0105376 0.0125559 0.0450159 0.0133746 0.00996816 0.0116428 0.0140736 0.00948556 0.00871632 0.00890272 0.00868817 0.0118785 0.0119352 0.00872083 0.00860254 0.00882679 0.0084364 0.0114741 
0.00510658 0 0.00416298 0.00360332 0.00361473 0.00540609 0.00481162 0.00592099 0.00537668 0.0248168 0.0405241 0.759558 0.0231688 0.00885532 0.0305671 0.00987174 0.0304539 0.0105473 0.0449062 0.0143734 0.0136182 0.0105922 0.0572884 0.0116522 0.0152259 0.00899681 0.0122623 0.0106104 0.0143765 0.019892 0.00901813 0.0121673 0.00995832 0.0154142 0.0146737 
0.00405971 0.00416298 0 0.00353605 0.00365573 0.00354491 0.00433659 0.00437968 0.0125108 0.0246869 0.807471 0.0060717 0.00791668 0.0246441 0.00839913 0.052587 0.00938395 0.031981 0.00896198 0.00941392 0.00933552 0.0306995 0.00870317 0.0102312 0.00932543 0.0167259 0.00919055 0.0100419 0.00959981 0.00851528 0.0154996 0.00910172 0.0156901 0.00962418 0.00990925 
0.00383428 0.00360332 0.00353605 0 0.00352806 0.00354055 0.00416792 0.00789706 0.0177441 0.855912 0.0057816 0.00532095 0.0104433 0.00816398 0.0264548 0.00880614 0.0541266 0.00903299 0.0104431 0.00829194 0.0101219 0.0085867 0.0103147 0.00872468 0.0118787 0.00932807 0.0168463 0.00920995 0.00867975 0.00988699 0.00870865 0.0216791 0.0113338 0.0116469 0.00873194 
0.00433728 0.00361473 0.00365573 0.00352806 0 0.00353913 0.00809903 0.0453979 0.732334 0.00496688 0.00819657 0.00488196 0.00807938 0.0205981 0.00806345 0.0213756 0.00857057 0.0408441 0.0150243 0.00973664 0.0097415 0.0154799 0.00884272 0.0108362 0.00944619 0.0127242 0.00897939 0.00970167 0.010019 0.00909362 0.012699 0.00955347 0.010871 0.00943543 0.00992147 
0.00566963 0.00540609 0.00354491 0.00354055 0.00353913 0 0.0961148 0.530108 0.00397038 0.00420745 0.0037779 0.00535604 0.0210405 0.00780846 0.0119063 0.0078285 0.00979027 0.00842722 0.0163535 0.0108587 0.0151835 0.00849589 0.0113497 0.0116709 0.00996604 0.00846147 0.0091464 0.00882359 0.00927952 0.018894 0.00862827 0.00908888 0.00874657 0.00951615 0.00857127 
0.00813338 0.00481162 0.00433659 0.00416792 0.00809903 0.0961148 0 0.00386303 0.00351901 0.00355802 0.003656 0.00357241 0.00723992 0.00768792 0.0070511 0.0141863 0.0144849 0.0746724 0.0189379 0.0117571 0.0103311 0.00933371 0.0206389 0.0110263 0.0091635 0.00958973 0.00904847 0.00898581 0.0139246 0.00952468 0.00934695 0.00910574 0.0095608 0.00884235 0.0202627 
0.00715567 0.00592099 0.00437968 0.00789706 0.0453979 0.530108 0.00386303 0 0.00355329 0.00355956 0.0037084 0.0035597 0.00803006 0.006338 0.0120865 0.00903559 0.0601797 0.0135348 0.0148336 0.00865471 0.00969134 0.0113682 0.0121639 0.00927884 0.0162822 0.00866456 0.0111262 0.0119801 0.00915669 0.0105829 0.00919862 0.0111884 0.00949907 0.0239125 0.00943334 
0.00649272 0.00537668 0.0125108 0.0177441 0.732334 0.00397038 0.00351901 0.00355329 0 0.00352026 0.00359356 0.00353015 0.00533149 0.0117504 0.00748458 0.109127 0.00906186 0.0142089 0.00761267 0.007713 0.00877736 0.00920081 0.00839154 0.0103439 0.00858108 0.0350161 0.00909423 0.00912241 0.00918485 0.00849333 0.0138772 0.00950048 0.0230355 0.00911258 0.0101848 
0.00718733 0.0248168 0.0246869 0.855912 0.00496688 0.00420745 0.00355802 0.00355956 0.00352026 0 0.00351415 0.0035207 0.00924978 0.00645429 0.10201 0.00705565 0.0157474 0.00722548 0.00977803 0.00728839 0.00943664 0.00829993 0.0168184 0.00867729 0.0248458 0.00863385 0.0213314 0.00962141 0.00844598 0.0125153 0.00862977 0.0395023 0.00995447 0.0125925 0.0087901 
0.00844192 0.0405241 0.807471 0.0057816 0.00819657 0.0037779 0.003656 0.0037084 0.00359356 0.00351415 0 0.00352647 0.00639473 0.0935117 0.00705023 0.0115454 0.00687368 0.0103954 0.00628104 0.00782896 0.00955245 0.0301941 0.00828484 0.0123071 0.00890542 0.0157396 0.00869855 0.00973879 0.010674 0.00896603 0.027479 0.00914118 0.0122162 0.0095771 0.010028 
0.0103164 0.759558 0.0060717 0.00532095 0.00488196 0.00535604 0.00357241 0.0035597 0.00353015 0.0035207 0.00352647 0 0.0866623 0.00495257 0.0076973 0.00473934 0.00806207 0.006432 0.00973306 0.00752219 0.0121429 0.00801791 0.0139924 0.010502 0.0100104 0.00867771 0.00957898 0.00921517 0.0108431 0.0258044 0.00901692 0.0101506 0.00930871 0.0111387 0.00979113 
0.0246576 0.0231688 0.00791668 0.0104433 0.00807938 0.0210405 0.00723992 0.00803006 0.00533149 0.00924978 0.00639473 0.0866623 0 0.00359457 0.00391666 0.00368993 0.0039988 0.00407572 0.00873745 0.0118802 0.0132429 0.00983441 0.189996 0.0143176 0.0192931 0.00969068 0.0160113 0.0130782 0.0172686 0.033307 0.00954347 0.0154044 0.0114965 0.0153976 0.0183938 
0.0112492 0.00885532 0.0246441 0.00816398 0.0205981 0.00780846 0.00768792 0.006338 0.0117504 0.00645429 0.0935117 0.00495257 0.00359457 0 0.0035747 0.00367682 0.00367546 0.0038147 0.00383207 0.00734181 0.00847343 0.116416 0.00937095 0.0160219 0.00915476 0.0339134 0.00978502 0.0131725 0.0140141 0.00891752 0.0354909 0.010478 0.0212402 0.0117309 0.0183438 
0.00958493 0.0305671 0.00839913 0.0264548 0.00806345 0.0119063 0.0070511 0.0120865 0.00748458 0.10201 0.00705023 0.0076973 0.00391666 0.0035747 0 0.00359512 0.00467533 0.0036722 0.00385382 0.00566725 0.0478609 0.00867412 0.0340407 0.0100224 0.0358299 0.00994672 0.0256704 0.0124629 0.00956539 0.0215329 0.00976665 0.0529181 0.0160613 0.0309766 0.0104786 
0.0102754 0.00987174 0.052587 0.00880614 0.0213756 0.0078285 0.0141863 0.00903559 0.109127 0.00705565 0.0115454 0.00473934 0.00368993 0.00367682 0.00359512 0 0.00360009 0.00357946 0.0036043 0.00589759 0.0104798 0.013391 0.0135705 0.0179808 0.00993588 0.0471929 0.012419 0.011507 0.013841 0.00944293 0.0395575 0.0164142 0.0606803 0.0141482 0.0177887 
0.00938474 0.0304539 0.00938395 0.0541266 0.00857057 0.00979027 0.0144849 0.0601797 0.00906186 0.0157474 0.00687368 0.00806207 0.0039988 0.00367546 0.00467533 0.00360009 0 0.00354514 0.00356532 0.00477123 0.0165014 0.0189779 0.0238187 0.0099315 0.0244846 0.0135002 0.0265205 0.015841 0.0104991 0.0150178 0.0111755 0.0888025 0.0225629 0.043102 0.0118125 
0.0105376 0.0105473 0.031981 0.00903299 0.0408441 0.00842722 0.0746724 0.0135348 0.0142089 0.00722548 0.0103954 0.006432 0.00407572 0.0038147 0.0036722 0.00357946 0.00354514 0 0.00356546 0.112137 0.0110397 0.0449519 0.00865953 0.0146091 0.0142214 0.0176427 0.0111553 0.0149798 0.0144574 0.0100257 0.0322906 0.0122924 0.0224943 0.0188038 0.0183583 
0.0125559 0.0449062 0.00896198 0.0104431 0.0150243 0.0163535 0.0189379 0.0148336 0.00761267 0.00977803 0.00628104 0.00973306 0.00873745 0.00383207 0.00385382 0.0036043 0.00356532 0.00356546 0 0.0446264 0.0441977 0.00792973 0.0231158 0.0141547 0.0137438 0.00934162 0.011116 0.0103005 0.0181137 0.0377833 0.0100568 0.0119439 0.00993541 0.0139135 0.0129195 
0.0450159 0.0143734 0.00941392 0.00829194 0.00973664 0.0108587 0.0117571 0.00865471 0.007713 0.00728839 0.00782896 0.00752219 0.0118802 0.00734181 0.00566725 0.00589759 0.00477123 0.112137 0.0446264 0 0.026414 0.00518687 0.00473317 0.0102471 0.00765007 0.00783158 0.0089046 0.007937 0.0119215 0.0118956 0.00951128 0.00845792 0.00903356 0.00870348 0.01541 
0.0133746 0.0136182 0.00933552 0.0101219 0.0097415 0.0151835 0.0103311 0.00969134 0.00877736 0.00943664 0.00955245 0.0121429 0.0132429 0.00847343 0.0478609 0.0104798 0.0165014 0.0110397 0.0441977 0.026414 0 0.00406327 0.00389999 0.00744443 0.0111873 0.0254394 0.0107299 0.00778268 0.0134704 0.011928 0.0087904 0.0107868 0.00985327 0.0107806 0.0199663 
0.00996816 0.0105922 0.0306995 0.0085867 0.0154799 0.00849589 0.00933371 0.0113682 0.00920081 0.00829993 0.0301941 0.00801791 0.00983441 0.116416 0.00867412 0.013391 0.0189779 0.0449519 0.00792973 0.00518687 0.00406327 0 0.00354177 0.013049 0.0265814 0.0193431 0.00594924 0.00885107 0.00686674 0.00855199 0.0198252 0.00845358 0.00931907 0.016771 0.0102436 
0.0116428 0.0572884 0.00870317 0.0103147 0.00884272 0.0113497 0.0206389 0.0121639 0.00839154 0.0168184 0.00828484 0.0139924 0.189996 0.00937095 0.0340407 0.0135705 0.0238187 0.00865953 0.0231158 0.00473317 0.00389999 0.00354177 0 0.0589577 0.0124936 0.00432684 0.00584689 0.00666319 0.00693894 0.0279945 0.00911473 0.0111629 0.0102076 0.0128444 0.0102838 
0.0140736 0.0116522 0.0102312 0.00872468 0.0108362 0.0116709 0.0110263 0.00927884 0.0103439 0.00867729 0.0123071 0.010502 0.0143176 0.0160219 0.0100224 0.0179808 0.0099315 0.0146091 0.0141547 0.0102471 0.00744443 0.013049 0.0589577 0 0.00373035 0.00367818 0.00359707 0.00389208 0.00625415 0.007715 0.00876923 0.00837877 0.014148 0.0107134 0.211775 
0.00948556 0.0152259 0.00932543 0.0118787 0.00944619 0.00996604 0.0091635 0.0162822 0.00858108 0.0248458 0.00890542 0.0100104 0.0192931 0.00915476 0.0358299 0.00993588 0.0244846 0.0142214 0.0137438 0.00765007 0.0111873 0.0265814 0.0124936 0.00373035 0 0.00357373 0.00360783 0.00420153 0.00368026 0.00913141 0.00790181 0.0127039 0.0105694 0.181849 0.0221533 
0.00871632 0.00899681 0.0167259 0.00932807 0.0127242 0.00846147 0.00958973 0.00866456 0.0350161 0.00863385 0.0157396 0.00867771 0.00969068 0.0339134 0.00994672 0.0471929 0.0135002 0.0176427 0.00934162 0.00783158 0.0254394 0.0193431 0.00432684 0.00367818 0.00357373 0 0.00356699 0.00358607 0.00362673 0.00709661 0.0131595 0.012371 0.0996739 0.0309921 0.0134184 
0.00890272 0.0122623 0.00919055 0.0168463 0.00897939 0.0091464 0.00904847 0.0111262 0.00909423 0.0213314 0.00869855 0.00957898 0.0160113 0.00978502 0.0256704 0.012419 0.0265205 0.0111553 0.011116 0.0089046 0.0107299 0.00594924 0.00584689 0.00359707 0.00360783 0.00356699 0 0.0035897 0.00353976 0.0104 0.0115872 0.115231 0.0556311 0.0177127 0.00949271 
0.00868817 0.0106104 0.0100419 0.00920995 0.00970167 0.00882359 0.00898581 0.0119801 0.00912241 0.00962141 0.00973879 0.00921517 0.0130782 0.0131725 0.0124629 0.011507 0.015841 0.0149798 0.0103005 0.007937 0.00778268 0.00885107 0.00666319 0.00389208 0.00420153 0.00358607 0.0035897 0 0.0035592 0.0138831 0.0860654 0.0256065 0.0110169 0.0140743 0.00979045 
0.0118785 0.0143765 0.00959981 0.00867975 0.010019 0.00927952 0.0139246 0.00915669 0.00918485 0.00844598 0.010674 0.0108431 0.0172686 0.0140141 0.00956539 0.013841 0.0104991 0.0144574 0.0181137 0.0119215 0.0134704 0.00686674 0.00693894 0.00625415 0.00368026 0.00362673 0.00353976 0.0035592 0 0.142754 0.0284382 0.0100403 0.00933471 0.00960533 0.0294785 
0.0119352 0.019892 0.00851528 0.00988699 0.00909362 0.018894 0.00952468 0.0105829 0.00849333 0.0125153 0.00896603 0.0258044 0.033307 0.00891752 0.0215329 0.00944293 0.0150178 0.0100257 0.0377833 0.0118956 0.011928 0.00855199 0.0279945 0.007715 0.00913141 0.00709661 0.0104 0.0138831 0.142754 0 0.00356649 0.00358615 0.0036366 0.00385934 0.00496308 
0.00872083 0.00901813 0.0154996 0.00870865 0.012699 0.00862827 0.00934695 0.00919862 0.0138772 0.00862977 0.027479 0.00901692 0.00954347 0.0354909 0.00976665 0.0395575 0.0111755 0.0322906 0.0100568 0.00951128 0.0087904 0.0198252 0.00911473 0.00876923 0.00790181 0.0131595 0.0115872 0.0860654 0.0284382 0.00356649 0 0.00354063 0.00358284 0.00360594 0.00429509 
0.00860254 0.0121673 0.00910172 0.0216791 0.00955347 0.00908888 0.00910574 0.0111884 0.00950048 0.0395023 0.00914118 0.0101506 0.0154044 0.010478 0.0529181 0.0164142 0.0888025 0.0122924 0.0119439 0.00845792 0.0107868 0.00845358 0.0111629 0.00837877 0.0127039 0.012371 0.115231 0.0256065 0.0100403 0.00358615 0.00354063 0 0.00355993 0.00355312 0.0036134 
0.00882679 0.00995832 0.0156901 0.0113338 0.010871 0.00874657 0.0095608 0.00949907 0.0230355 0.00995447 0.0122162 0.00930871 0.0114965 0.0212402 0.0160613 0.0606803 0.0225629 0.0224943 0.00993541 0.00903356 0.00985327 0.00931907 0.0102076 0.014148 0.0105694 0.0996739 0.0556311 0.0110169 0.00933471 0.0036366 0.00358284 0.00355993 0 0.00353644 0.00365127 
0.0084364 0.0154142 0.00962418 0.0116469 0.00943543 0.00951615 0.00884235 0.0239125 0.00911258 0.0125925 0.0095771 0.0111387 0.0153976 0.0117309 0.0309766 0.0141482 0.043102 0.0188038 0.0139135 0.00870348 0.0107806 0.016771 0.0128444 0.0107134 0.181849 0.0309921 0.0177127 0.0140743 0.00960533 0.00385934 0.00360594 0.00355312 0.00353644 0 0.00355887 
0.0114741 0.0146737 0.00990925 0.00873194 0.00992147 0.00857127 0.0202627 0.00943334 0.0101848 0.0087901 0.010028 0.00979113 0.0183938 0.0183438 0.0104786 0.0177887 0.0118125 0.0183583 0.0129195 0.01541 0.0199663 0.0102436 0.0102838 0.211775 0.0221533 0.0134184 0.00949271 0.00979045 0.0294785 0.00496308 0.00429509 0.0036134 0.00365127 0.00355887 0 
