1OZ2A
ECWSWESYLEEQKAITAPVSLFQDSQAVTHNKNGFKLGMKLEGIDPQHPSMYFILTVAEVCGYRLRLHFDGYSECHDFWVNANSPDIHPAGWFEKTGHKLQPPKGYKEEEFSWSQYLRSTRAQAAPKHLFVSQSHSPPPLGFQVGMKLEAVDRMNPSLVCVASVTDVVDSRFLVHFDNWDDTYDYWCDPSSPYIHPVGWCQKQGKPLTPPQDYPDPDNFCWEKYLEETGASAVPTWAFKVRPPHSFLVNMKLEAVDRRNPALIRVASVEDVEDHRIKIHFDGWSHGYDFWIDADHPDIHPAGWCSKTGHPLQPPLGPREPSSAS
CCCCHHHHHHHHCCCECCHHHCCHHHHCCCCCCCCCCCCEEEEEECCEEEEEEEEEEEEEECCEEEEEECCCCHHHCEEEECCCCCEECCCHHHHHCCCEECCCCCCHHHCCHHHHHHHHCCCECCHHHCCCCCCCCCCCCCCCCCEEEEECCCCCCCEEEEEEEEEECCEEEEEECCCCHHHCEEECCCCCCEECCCHHHHHCCCEECCCCCCCHHHCCHHHHHHHHCCCECCHHHCCCCCCCCCCCCCEEEEECCCCCCCEEEEEEEEECCCEEEEEECCECHHHCEEEECCCCCEECCCHHHHHCCCCECCCCCCCCCECC
0 0 0 0 0 0 0 0 0 0 0 0 0 0 0 0 0 0 0 0 0 0 0 0 0 0 0 0 0 0 0 0 0 0 0 0 0 0 0 0 0 0 0 0 0 0 0 0 0 0 0 0 0 0 0 0 0 0 0 0 0 0 0 0 0 0 0 0 0 0 0 0 0 0 0 0 0 0 0 0 0 0 0 0 0 0 0 0 0 0 0 0 0 0 0 0 0 0 0 0 0 0 0 0 0 0 0 0 0 0 0 0 0 0 0 0 0 0 0 0 0 0 0 0 0 0 0 0 0 0 0 0 0 0 0 0 0 0 0 0 0 0 0 0 0 0 0 0 0 0 0 0 0 0 0 0 0 0 0 0 0 0 0 0 0 0 0 0 0 0 0 0 0 0 0 0 0 0 0 0 0 0 0 0 0 0 0 0 0 0 0 0 0 0 0 0 0 0 0 0 0 0 0 0 0 0 0 0 0 0 0 0 0 0 0 0 0 0 0 0 0 0 0 0 0 0 0 0 0 0 0 0 0 0 0 0 0 0 0 0 0 0 0 0 0 0 0 0 0 0 0 0 0 0 0 0 0 0 0 0 0 0 0 0 0 0 0 0 0 0 0 0 0 0 0 0 0 0 0 0 0 0 0 0 0 0 0 0 0 0 0 0 0 0 0 0 0 0 0 0 0 0 0 0 0 0 0 0 0 0 0 0 0 0 0 0 0 0 0 0 0 0 0 0 
0 0 0 0 0 0 0 0 0 0 0 0 0 0 0 0 0 0 0 0 0 0 0 0 0 0 0 0 0 0 0 0 0 0 0 0 0 0 0 0 0 0 0 0 0 0 0 0 0 0 0 0 0 0 0 0 0 0 0 0 0 0 0 0 0 0 0 0 0 0 0 0 0 0 0 0 0 0 0 0 0 0 0 0 0 0 0 0 0 0 0 0 0 0 0 0 0 0 0 0 0 0 0 0 0 0 0 0 0 0 0 0 0 0 0 0 0 0 0 0 0 0 0 0 0 0 0 0 0 0 0 0 0 0 0 0 0 0 0 0 0 0 0 0 0 0 0 0 0 0 0 0 0 0 0 0 0 0 0 0 0 0 0 0 0 0 0 0 0 0 0 0 0 0 0 0 0 0 0 0 0 0 0 0 0 0 0 0 0 0 0 0 0 0 0 0 0 0 0 0 0 0 0 0 0 0 0 0 0 0 0 0 0 0 0 0 0 0 0 0 0 0 0 0 0 0 0 0 0 0 0 0 0 0 0 0 0 0 0 0 0 0 0 0 0 0 0 0 0 0 0 0 0 0 0 0 0 0 0 0 0 0 0 0 0 0 0 0 0 0 0 0 0 0 0 0 0 0 0 0 0 0 0 0 0 0 0 0 0 0 0 0 0 0 0 0 0 0 0 0 0 0 0 0 0 0 0 0 0 0 0 0 0 0 0 0 0 0 0 0 0 0 0 0 
0 0.0375209 0.0166055 0.0124675 0.0122307 0.0150399 0.0189411 0.0155751 0.0113391 0.0106143 0.0103625 0.0104491 0.0104253 0.0108083 0.0110553 0.0107701 0.00979 0.00918452 0.00909822 0.00965846 0.0123897 0.0237456 0.0114343 0.00989433 0.00918524 0.00988762 0.014758 0.0141478 0.00970367 0.00914509 0.0111401 0.0138698 0.0110971 0.0107851 0.00995409 0.0171879 0.0105411 0.00848098 0.0083386 0.00846874 0.0103195 0.0101985 0.0085727 0.00818135 0.0081545 0.00844071 0.00820818 0.00831978 0.00817075 0.00822846 0.00958249 0.00981258 0.00856804 0.0081418 0.00813444 0.0082904 0.00897838 0.00934781 0.00829593 0.00859908 0.00921504 0.00857869 0.00942163 0.00873038 0.0118664 0.00953223 0.00838935 0.00820499 0.00825891 0.00889393 0.00956229 0.00852099 0.00818993 0.00824514 0.00835949 0.00832737 0.00832428 0.00829119 0.00871781 0.00981123 0.00852658 0.00853652 0.00830014 0.00827481 0.00866712 0.0123871 0.00971723 0.00844854 0.0082694 0.0087414 0.00913208 0.0087599 0.0120469 0.0150554 
0.0375209 0 0.00425247 0.00357054 0.0036064 0.00388383 0.00560447 0.00636009 0.00608307 0.00715552 0.00782213 0.0454828 0.250086 0.121059 0.0149493 0.0385655 0.0100121 0.0140113 0.00980248 0.0122677 0.0173584 0.0363882 0.0106912 0.0156433 0.00996973 0.0206841 0.0256421 0.0137756 0.0121585 0.0123415 0.0269178 0.0141786 0.0160606 0.00973416 0.0131963 0.0117582 0.00940113 0.00831822 0.00913475 0.00918253 0.0121627 0.00908036 0.00847629 0.00897546 0.00875012 0.009239 0.00826474 0.00890145 0.00825849 0.0086053 0.0103858 0.00856396 0.00831279 0.00882103 0.00842297 0.00875796 0.0100017 0.0083935 0.00817399 0.00899158 0.00821786 0.00867303 0.00812752 0.00839922 0.0089735 0.0085894 0.0082261 0.0084506 0.00837726 0.00882633 0.00832633 0.0081963 0.00827107 0.00825871 0.00833987 0.00820823 0.008112 0.00816785 0.00827045 0.00834434 0.00821458 0.00830936 0.00829516 0.00818624 0.00864527 0.00854198 0.00824293 0.00826112 0.00823738 0.0085157 0.00818734 0.00841708 0.00879874 0.00985707 
0.0166055 0.00425247 0 0.00356968 0.00357669 0.00374585 0.00374253 0.00424987 0.00700658 0.00626495 0.0549395 0.185568 0.104653 0.0100876 0.0318165 0.00951645 0.0253221 0.00859446 0.0112146 0.0139116 0.0117665 0.009437 0.0604892 0.0114692 0.0442297 0.0136746 0.0169056 0.0115054 0.0232642 0.0384179 0.0107835 0.0138369 0.0102437 0.0118672 0.00866141 0.00870868 0.00840078 0.0134444 0.0104507 0.0124695 0.00895438 0.00851965 0.00988599 0.0110304 0.0125992 0.00932823 0.0109178 0.00873911 0.00959435 0.0087573 0.00874256 0.00833219 0.00980423 0.00980418 0.0114382 0.00947467 0.00863312 0.00846931 0.00861132 0.00838153 0.00832321 0.00827488 0.008172 0.00807963 0.00810303 0.00821592 0.00855042 0.00859528 0.00850571 0.00819152 0.00848943 0.00847994 0.00865622 0.00851725 0.00856016 0.00847512 0.00827969 0.00824869 0.00814657 0.00814943 0.00873207 0.00844408 0.00864115 0.00837619 0.00831726 0.00817893 0.00831295 0.00846188 0.00836423 0.00829417 0.00826767 0.00853462 0.00825718 0.00852254 
0.0124675 0.00357054 0.00356968 0 0.00353915 0.00356765 0.00354194 0.00410968 0.00498739 0.0666642 0.192962 0.147737 0.0100363 0.023848 0.0100403 0.0205868 0.00862036 0.0162398 0.0120615 0.0220151 0.00880793 0.0140533 0.0116478 0.0827735 0.019001 0.0291278 0.00989588 0.0140425 0.0365845 0.0181661 0.0145971 0.0107728 0.00987464 0.00876729 0.00898755 0.00853414 0.00910639 0.0104277 0.0242743 0.0112384 0.0090133 0.00875901 0.0105436 0.0167706 0.0138308 0.0173345 0.0100606 0.0123756 0.00976069 0.0097443 0.00859668 0.00872554 0.00964596 0.0142727 0.0123313 0.0102236 0.00867688 0.00861532 0.00882363 0.00834977 0.00843923 0.00835629 0.00807924 0.00802857 0.00801929 0.00818208 0.00858729 0.00887253 0.00856662 0.00822861 0.00827509 0.00854681 0.00866877 0.00868582 0.00866209 0.00846635 0.00837755 0.00835817 0.00809763 0.00814451 0.00842306 0.00859933 0.00867866 0.00849571 0.00829063 0.00808921 0.00853616 0.00856696 0.00849915 0.00824794 0.00823439 0.0082998 0.00817213 0.00838956 
0.0122307 0.0036064 0.00357669 0.00353915 0 0.00353219 0.00354236 0.00376169 0.0771872 0.180983 0.174212 0.0133829 0.0219127 0.0103818 0.0163105 0.00955224 0.0151542 0.0107959 0.025545 0.00945137 0.00967303 0.0095747 0.0321464 0.0181307 0.0509675 0.0157142 0.0122576 0.0126488 0.0271259 0.0260293 0.0119899 0.00978036 0.00945502 0.00919517 0.00876441 0.00840463 0.00867604 0.0132263 0.0149036 0.0125675 0.00901056 0.0086923 0.0109827 0.0146612 0.017273 0.0125376 0.0125072 0.00956921 0.0110478 0.00904168 0.00875568 0.00847301 0.0100238 0.0122147 0.0135022 0.0097423 0.00889917 0.00872001 0.00875451 0.00850812 0.00835651 0.00835525 0.00809146 0.0080646 0.00799226 0.00827513 0.00898207 0.00883375 0.00867591 0.008244 0.00845041 0.0086086 0.00885468 0.00875662 0.00874646 0.00852242 0.00836406 0.0083475 0.008155 0.00817776 0.00861392 0.00856224 0.00882942 0.00849582 0.00830695 0.00817423 0.00836637 0.00857104 0.00853817 0.0082652 0.00831712 0.00830546 0.0082342 0.00841739 
0.0150399 0.00388383 0.00374585 0.00356765 0.00353219 0 0.00355974 0.00499913 0.395634 0.0279557 0.00693436 0.00868176 0.00935901 0.0108129 0.00801521 0.0102526 0.0103774 0.00935769 0.00829476 0.0108539 0.00839498 0.0173901 0.0160388 0.0177526 0.0114492 0.024638 0.011635 0.0128084 0.021018 0.0271102 0.0121959 0.0120265 0.0108338 0.0100573 0.00941439 0.00883098 0.0097641 0.00947561 0.0101355 0.0101324 0.00896408 0.00940682 0.00949922 0.0103167 0.00962596 0.00972864 0.00898399 0.00878028 0.00866329 0.00873595 0.00842594 0.00898339 0.00925845 0.00951757 0.00946431 0.00911382 0.00865047 0.00856702 0.0085102 0.00830613 0.0083011 0.00820475 0.00804418 0.00804838 0.00809271 0.00836175 0.00853837 0.00847132 0.00840911 0.00819867 0.00825187 0.00833296 0.00839243 0.00836991 0.00836409 0.00827504 0.008163 0.00811397 0.0080297 0.00815842 0.00836294 0.0082905 0.00835527 0.00827872 0.00818912 0.00815979 0.00819973 0.00833967 0.00831071 0.0081804 0.00827176 0.00831559 0.00815217 0.0085012 
0.0189411 0.00560447 0.00374253 0.00354194 0.00354236 0.00355974 0 0.928724 0.00648379 0.00387272 0.00413617 0.00693114 0.00671257 0.00670082 0.00798293 0.00806803 0.00803656 0.00742432 0.00750386 0.00729007 0.0107391 0.0177136 0.0109793 0.00927082 0.00923842 0.00918349 0.0183148 0.0173159 0.0101542 0.0114576 0.0136258 0.012871 0.00991119 0.0117627 0.00868987 0.0106064 0.0109858 0.00860927 0.00853417 0.00860023 0.00908942 0.0105002 0.00858616 0.00855602 0.00865439 0.00848411 0.00846964 0.00825015 0.00831468 0.00816016 0.00871055 0.00933056 0.00854138 0.00837679 0.00847286 0.00838432 0.00852259 0.00895802 0.00816081 0.00832123 0.00830213 0.00810363 0.00827252 0.00807908 0.00842176 0.00841008 0.00816014 0.00815852 0.00818731 0.00814827 0.00859733 0.00816374 0.0081781 0.00815293 0.00822906 0.00816122 0.00805149 0.00803496 0.00809943 0.00820355 0.00823295 0.00815167 0.00817942 0.00811484 0.0082023 0.00854319 0.00834409 0.00820313 0.00818705 0.00821151 0.00831571 0.00822187 0.00836934 0.00900593 
0.0155751 0.00636009 0.00424987 0.00410968 0.00376169 0.00499913 0.928724 0 0.00355333 0.00353468 0.00355674 0.00356638 0.00361887 0.00387226 0.00439711 0.00594841 0.00635293 0.00657012 0.00627334 0.0076822 0.0090382 0.0114827 0.00778738 0.00956825 0.00824514 0.0115319 0.0133539 0.0101527 0.0098018 0.00969114 0.0157908 0.0102159 0.0116127 0.00895781 0.0108955 0.0104406 0.00862877 0.00816524 0.00869542 0.00855202 0.00993298 0.00840591 0.00822684 0.00841223 0.00834032 0.00869987 0.00813929 0.00859645 0.0080937 0.00827343 0.00910247 0.00826147 0.00808368 0.00838385 0.00826312 0.00831906 0.00902623 0.00811795 0.00802661 0.00828853 0.00802518 0.00818287 0.00801373 0.00813842 0.00869041 0.0081451 0.00801827 0.00810396 0.00814891 0.00823701 0.00821627 0.00812035 0.00809881 0.00810654 0.00816761 0.00800177 0.00797157 0.00800606 0.00808739 0.00827138 0.00808911 0.00823872 0.0081441 0.0080905 0.00822365 0.0082363 0.00806138 0.00808068 0.0081342 0.00821829 0.0080842 0.00819914 0.00845944 0.0092498 
0.0113391 0.00608307 0.00700658 0.00498739 0.0771872 0.395634 0.00648379 0.00355333 0 0.00358582 0.00354426 0.00355427 0.00362776 0.00363632 0.00404942 0.00425844 0.00639813 0.00593874 0.00645145 0.00713303 0.00714368 0.00724425 0.0119502 0.00825352 0.0124362 0.00947491 0.0109902 0.00987088 0.0153427 0.0162383 0.00980387 0.0101406 0.00900117 0.00994934 0.00843745 0.0085826 0.00817372 0.0100936 0.00874324 0.00960042 0.0087653 0.00821707 0.00876809 0.00881505 0.00946019 0.00845496 0.00894325 0.00825041 0.00867612 0.008268 0.00836867 0.00815965 0.00867423 0.00862619 0.00890878 0.00847673 0.00836524 0.00809983 0.00832929 0.00817619 0.00815066 0.00808504 0.00803508 0.00794741 0.00807653 0.0080113 0.00826786 0.00831854 0.00828312 0.00811083 0.00808678 0.00829604 0.00828664 0.00821708 0.00828209 0.00822548 0.00816158 0.00804592 0.00805494 0.00802915 0.00837722 0.00823479 0.00826529 0.00817572 0.00812934 0.00807944 0.00809372 0.00832144 0.00819954 0.00813681 0.00811584 0.00820644 0.00813417 0.0083625 
0.0106143 0.00715552 0.00626495 0.0666642 0.180983 0.0279557 0.00387272 0.00353468 0.00358582 0 0.00355125 0.00354984 0.00359245 0.00359139 0.00371879 0.0046114 0.00438203 0.0055825 0.00608691 0.00730572 0.00670534 0.00910056 0.00823582 0.0160855 0.00936084 0.0134553 0.0109787 0.0105274 0.0211989 0.015407 0.0114108 0.00914731 0.0094479 0.00863925 0.00877393 0.00840035 0.00855643 0.00951278 0.0184654 0.0103264 0.00895494 0.00850848 0.00958868 0.0148983 0.0124529 0.0144766 0.0094477 0.0125932 0.00943246 0.00917542 0.00855544 0.00841902 0.00899489 0.013658 0.0107537 0.009904 0.00872535 0.00839815 0.00857262 0.00827489 0.00825619 0.00820196 0.008049 0.00798779 0.00803616 0.00808242 0.0084759 0.00860147 0.00839088 0.00822698 0.0082135 0.00841574 0.00844207 0.00871402 0.00847879 0.00843125 0.00819966 0.0081657 0.00807822 0.00807832 0.00832685 0.00832923 0.00849472 0.00831112 0.00821985 0.00808051 0.0082059 0.00838864 0.00831605 0.00819169 0.00820656 0.00822203 0.00806783 0.00829484 
0.0103625 0.00782213 0.0549395 0.192962 0.174212 0.00693436 0.00413617 0.00355674 0.00354426 0.00355125 0 0.00353233 0.00356053 0.00357786 0.00366521 0.00378102 0.00492026 0.00481215 0.00590263 0.00719931 0.00647741 0.00750475 0.0126478 0.0114994 0.01876 0.0203747 0.0142465 0.0132554 0.023563 0.0245331 0.0123517 0.0106447 0.0097156 0.00936549 0.00872143 0.00865079 0.00868875 0.0164407 0.0177754 0.0151711 0.00922553 0.00867723 0.0117173 0.0191546 0.0240194 0.0151328 0.0165287 0.0105941 0.0127728 0.00973825 0.00878338 0.00856599 0.0113797 0.0145075 0.0172957 0.0112347 0.00884267 0.00876702 0.00891711 0.00855785 0.00833927 0.00833027 0.0080616 0.00804209 0.00796489 0.00814784 0.00887929 0.00880387 0.00871066 0.00825002 0.00831936 0.00854715 0.0088099 0.00872935 0.00876541 0.00846166 0.00836102 0.00824594 0.00809706 0.00808846 0.00846905 0.00859694 0.00874931 0.00844107 0.00829358 0.00811173 0.00823487 0.0085229 0.00850277 0.00822209 0.0082536 0.008269 0.00811779 0.00831412 
0.0104491 0.0454828 0.185568 0.147737 0.0133829 0.00868176 0.00693114 0.00356638 0.00355427 0.00354984 0.00353233 0 0.00354078 0.00357339 0.00361288 0.0036099 0.00394562 0.00410161 0.0069096 0.00552606 0.00666385 0.00945233 0.0102649 0.016995 0.0137329 0.016201 0.0103047 0.0125906 0.0320306 0.0272628 0.0284069 0.0100792 0.0101223 0.00913606 0.00898442 0.00873822 0.0092546 0.0139447 0.027466 0.0139531 0.0100971 0.00894047 0.0119239 0.0263294 0.0222075 0.0214894 0.0140749 0.0145537 0.0120149 0.0106335 0.00905858 0.00879482 0.0104726 0.0204108 0.0159368 0.0121957 0.00930158 0.00873917 0.00895514 0.00866688 0.00847063 0.00837892 0.00811791 0.00807947 0.00799376 0.00822782 0.008779 0.00901708 0.00873784 0.0083118 0.00839509 0.00862215 0.00885132 0.0088595 0.00878377 0.00859007 0.00837167 0.00832082 0.00810375 0.00814311 0.00850683 0.00859004 0.00878684 0.00853237 0.00830328 0.00811977 0.00855218 0.00857146 0.00852728 0.00827787 0.00826421 0.00828425 0.00814061 0.00837833 
0.0104253 0.250086 0.104653 0.0100363 0.0219127 0.00935901 0.00671257 0.00361887 0.00362776 0.00359245 0.00356053 0.00354078 0 0.00354519 0.00358322 0.00364698 0.00360242 0.00419251 0.00383277 0.00457057 0.00558744 0.00799359 0.0127984 0.011822 0.0187318 0.0118223 0.0140135 0.0162094 0.0414388 0.0511544 0.0134082 0.0107261 0.0103874 0.00956857 0.00907312 0.00867194 0.00912231 0.0171884 0.0233521 0.0159877 0.00946445 0.00914147 0.0144326 0.022973 0.0269999 0.0197327 0.0168759 0.0118563 0.0157803 0.0102416 0.00892879 0.00926148 0.0122847 0.0175448 0.020599 0.0117382 0.00896601 0.00891547 0.00912766 0.00868042 0.00852024 0.0085333 0.00810529 0.00811983 0.00801366 0.00821696 0.00893108 0.00907116 0.00879266 0.00836138 0.0083956 0.00877842 0.00894004 0.0089596 0.00894458 0.00859205 0.00846321 0.00832539 0.00817827 0.00815827 0.00854941 0.0087676 0.00886537 0.00856077 0.00832963 0.00812758 0.00824181 0.00874252 0.00856023 0.00833232 0.00830909 0.00837711 0.00817169 0.0083958 
0.0108083 0.121059 0.0100876 0.023848 0.0103818 0.0108129 0.00670082 0.00387226 0.00363632 0.00359139 0.00357786 0.00357339 0.00354519 0 0.00355868 0.00372926 0.00361182 0.00359342 0.00373305 0.00369659 0.00497457 0.00930218 0.00959223 0.0216657 0.0114687 0.0248593 0.019888 0.020923 0.0610241 0.0275109 0.0129289 0.0117591 0.0102824 0.00974783 0.00912076 0.00869556 0.00948094 0.0153051 0.034536 0.0142201 0.0101918 0.00933218 0.0134283 0.0276215 0.0262664 0.0229285 0.0145198 0.0163728 0.0120371 0.0116179 0.00899918 0.00918485 0.0107144 0.0215965 0.0171774 0.012884 0.00919929 0.00885691 0.00914412 0.00864648 0.00854856 0.00842516 0.00815297 0.00810507 0.00801403 0.00826798 0.00889786 0.00908459 0.00879175 0.00838029 0.00869707 0.00875407 0.00898063 0.00882001 0.00884035 0.00858185 0.00845155 0.00838485 0.008144 0.00817076 0.0085053 0.00860818 0.00886772 0.00855534 0.0083441 0.00811791 0.00861698 0.00857363 0.00857593 0.00828782 0.0082702 0.00833558 0.00813491 0.00837805 
0.0110553 0.0149493 0.0318165 0.0100403 0.0163105 0.00801521 0.00798293 0.00439711 0.00404942 0.00371879 0.00366521 0.00361288 0.00358322 0.00355868 0 0.00356948 0.00361419 0.00364811 0.00362037 0.00366372 0.00407822 0.00817799 0.014341 0.0102265 0.0204086 0.0145775 0.417203 0.0271351 0.0300355 0.020915 0.0129609 0.0109209 0.00997716 0.0101758 0.00894999 0.00868505 0.00931218 0.0192835 0.0211876 0.0194301 0.00963066 0.00979292 0.0142762 0.0258997 0.0308349 0.0178525 0.0232191 0.0111126 0.0168678 0.00997783 0.00912085 0.00930871 0.0123388 0.0168945 0.021927 0.011608 0.00921198 0.00890666 0.00916747 0.00880149 0.0085327 0.00850911 0.00816765 0.00812303 0.00801069 0.00823889 0.00897241 0.00894562 0.00877217 0.00833994 0.0084201 0.00877948 0.00892714 0.00881684 0.00885437 0.00854654 0.00846427 0.00836658 0.00815024 0.00817631 0.0086151 0.00867363 0.00877844 0.00852706 0.0083291 0.0081594 0.00836572 0.00868863 0.00864772 0.0083335 0.00832609 0.00835251 0.00815862 0.00839217 
0.0107701 0.0385655 0.00951645 0.0205868 0.00955224 0.0102526 0.00806803 0.00594841 0.00425844 0.0046114 0.00378102 0.0036099 0.00364698 0.00372926 0.00356948 0 0.00355041 0.00361133 0.00363423 0.0036585 0.00387548 0.0102728 0.00859632 0.0312605 0.0112983 0.547733 0.167629 0.0131764 0.0233941 0.0174719 0.0114561 0.0124175 0.00969612 0.0091315 0.00958424 0.00925188 0.00998895 0.0112668 0.0329978 0.0115952 0.00969047 0.00934901 0.0122438 0.0214238 0.0171166 0.028618 0.010929 0.0169414 0.0107161 0.0113579 0.00871054 0.00895922 0.00981873 0.0196831 0.013018 0.0127098 0.00872217 0.00872107 0.00877478 0.00844532 0.00839047 0.0083721 0.00813229 0.00810399 0.00810804 0.00826994 0.00874085 0.00896286 0.00867892 0.00833685 0.00837821 0.00864938 0.0087605 0.00878606 0.00875777 0.0084481 0.0083607 0.00835069 0.00810073 0.00824562 0.00837542 0.00859216 0.00866682 0.00846948 0.0082627 0.00815053 0.00828548 0.00850714 0.0084385 0.00825983 0.00820342 0.00827829 0.00828682 0.00860382 
0.00979 0.0100121 0.0253221 0.00862036 0.0151542 0.0103774 0.00803656 0.00635293 0.00639813 0.00438203 0.00492026 0.00394562 0.00360242 0.00361182 0.00361419 0.00355041 0 0.00355767 0.0036407 0.00360568 0.00362992 0.00563635 0.0146984 0.00977622 0.551089 0.226538 0.0185665 0.0108787 0.012828 0.0131925 0.00979411 0.0103367 0.00907494 0.0107417 0.00861126 0.00877964 0.00876563 0.0128309 0.0111721 0.0113561 0.00894568 0.00916829 0.00955208 0.0131432 0.0184671 0.0102207 0.0152246 0.00888835 0.0119417 0.00864933 0.00878014 0.0086265 0.0094446 0.010735 0.0128883 0.00937715 0.00873227 0.00846123 0.00851145 0.0084734 0.00827835 0.00822766 0.00813711 0.00803576 0.0080478 0.00817561 0.00858826 0.00856768 0.00854371 0.00824687 0.00833845 0.00847717 0.00861854 0.00853255 0.00854138 0.00839063 0.0082849 0.00813856 0.00807109 0.00813825 0.00866778 0.00836451 0.00863539 0.00833976 0.00826565 0.00820534 0.00827728 0.00843734 0.00839799 0.00819768 0.00825514 0.00823237 0.00819147 0.00844784 
0.00918452 0.0140113 0.00859446 0.0162398 0.0107959 0.00935769 0.00742432 0.00657012 0.00593874 0.0055825 0.00481215 0.00410161 0.00419251 0.00359342 0.00364811 0.00361133 0.00355767 0 0.00357463 0.00361811 0.00355456 0.00489505 0.00840199 0.29109 0.317547 0.0117948 0.00726487 0.00900805 0.0104642 0.0109292 0.00900217 0.00958426 0.00865179 0.00891068 0.00864079 0.00855763 0.00875132 0.00925121 0.0135504 0.00933914 0.00882938 0.00854442 0.00932483 0.0119051 0.0114066 0.0143481 0.00933466 0.00996983 0.00901865 0.00891946 0.00841023 0.00841876 0.00879703 0.0109822 0.010089 0.00909528 0.00840025 0.00831298 0.00845249 0.00826846 0.00829596 0.00818689 0.00813911 0.00799205 0.00807244 0.00809678 0.00836528 0.00842221 0.00837146 0.00812108 0.00816668 0.00835863 0.00851231 0.00850865 0.0084532 0.00824241 0.0080545 0.00806349 0.00804541 0.00808668 0.00830432 0.00832592 0.00838655 0.00827892 0.00818631 0.00810581 0.00808301 0.00833777 0.00834208 0.00819245 0.00817596 0.00818111 0.00814551 0.00848245 
0.00909822 0.00980248 0.0112146 0.0120615 0.025545 0.00829476 0.00750386 0.00627334 0.00645145 0.00608691 0.00590263 0.0069096 0.00383277 0.00373305 0.00362037 0.00363423 0.0036407 0.00357463 0 0.00352976 0.00355436 0.00437922 0.119737 0.712918 0.0137305 0.00766347 0.00664911 0.0085271 0.0107681 0.0151851 0.00892097 0.00907227 0.00859454 0.00882299 0.00857362 0.00849399 0.00843308 0.00983873 0.0127393 0.0100023 0.00867888 0.00841103 0.00971626 0.0120072 0.0142308 0.0111308 0.00999039 0.00915949 0.00976364 0.00877158 0.00834022 0.00826606 0.00899349 0.0109895 0.0105332 0.00936211 0.00837276 0.00828095 0.00843246 0.00826275 0.00819806 0.00814948 0.00801328 0.00798728 0.00798696 0.00808863 0.00830631 0.00844126 0.00837323 0.00814632 0.00813809 0.00833305 0.0084938 0.00841077 0.00844303 0.00821934 0.00811075 0.00808585 0.00803123 0.00809703 0.00828819 0.00837504 0.0084235 0.00826723 0.00817066 0.00806686 0.0080852 0.00833508 0.00832096 0.00817198 0.00820626 0.00819132 0.00807759 0.0082804 
0.00965846 0.0122677 0.0139116 0.0220151 0.00945137 0.0108539 0.00729007 0.0076822 0.00713303 0.00730572 0.00719931 0.00552606 0.00457057 0.00369659 0.00366372 0.0036585 0.00360568 0.00361811 0.00352976 0 0.00362033 0.0136837 0.857158 0.00552108 0.00675377 0.00697952 0.00626254 0.00859441 0.0126422 0.0127205 0.00900625 0.0103459 0.00980145 0.00927803 0.00911604 0.00873506 0.00895729 0.00898068 0.00953399 0.00918187 0.00843456 0.00877612 0.00885476 0.0093574 0.00895318 0.0094252 0.00863219 0.00902141 0.00837991 0.0086875 0.00821472 0.0084722 0.00868731 0.00908668 0.00887067 0.0086074 0.00829077 0.00825133 0.00833762 0.0081632 0.0081515 0.00809732 0.0079909 0.00800423 0.00808833 0.00809597 0.00824684 0.00827182 0.00821028 0.00805075 0.00807307 0.00822656 0.00826154 0.00835293 0.00824768 0.00813731 0.00810671 0.00807293 0.00799577 0.00814104 0.00822018 0.00825995 0.00822198 0.00813711 0.00808282 0.00804877 0.00804535 0.00824103 0.00817859 0.00807642 0.00808798 0.00809899 0.00811264 0.00836358 
0.0123897 0.0173584 0.0117665 0.00880793 0.00967303 0.00839498 0.0107391 0.0090382 0.00714368 0.00670534 0.00647741 0.00666385 0.00558744 0.00497457 0.00407822 0.00387548 0.00362992 0.00355456 0.00355436 0.00362033 0 0.973282 0.00587581 0.00389653 0.00440675 0.0052728 0.0072696 0.0126603 0.00966331 0.00988739 0.0117108 0.0147342 0.0105286 0.0162605 0.00881154 0.0113841 0.010829 0.00906114 0.00867546 0.00871266 0.0091816 0.0107893 0.00842879 0.00861441 0.00886206 0.00841558 0.00873061 0.00819811 0.00844289 0.0081284 0.00884976 0.00980355 0.00848404 0.00842896 0.0087144 0.00830319 0.0087837 0.00886599 0.00814355 0.00835548 0.00831006 0.00808633 0.00828898 0.00801519 0.00847493 0.00825544 0.00813903 0.00810807 0.00808234 0.00817992 0.00854276 0.00807972 0.0081765 0.00816503 0.00817382 0.00822431 0.00805992 0.00801314 0.00805438 0.00814037 0.00859351 0.00809644 0.00816371 0.00800641 0.00817194 0.00844649 0.00839415 0.00810246 0.00808834 0.00813658 0.00814839 0.00817061 0.00827169 0.00869945 
0.0237456 0.0363882 0.009437 0.0140533 0.0095747 0.0173901 0.0177136 0.0114827 0.00724425 0.00910056 0.00750475 0.00945233 0.00799359 0.00930218 0.00817799 0.0102728 0.00563635 0.00489505 0.00437922 0.0136837 0.973282 0 0.00358269 0.0035575 0.0035683 0.00377312 0.00538156 0.00850518 0.0105206 0.0117508 0.116716 0.0157733 0.0220824 0.0111429 0.0185262 0.0160411 0.0117221 0.00886896 0.00994478 0.010062 0.0175426 0.00970822 0.0091875 0.00947016 0.00917165 0.0100131 0.00862202 0.00955769 0.00836711 0.00909584 0.0131515 0.00947877 0.00864291 0.00920591 0.00872875 0.00942057 0.0116806 0.00851306 0.00846159 0.00965753 0.00850261 0.00880312 0.00815592 0.00854116 0.00904055 0.00856854 0.00813796 0.00835404 0.00842912 0.00897479 0.0089891 0.00822141 0.00831681 0.00830202 0.00835746 0.00818903 0.00813366 0.00813824 0.00834916 0.00870668 0.00815265 0.00829832 0.00826433 0.00817605 0.00864869 0.0084887 0.00821043 0.00821185 0.00822793 0.00852014 0.00813123 0.00836728 0.00861079 0.00957895 
0.0114343 0.0106912 0.0604892 0.0116478 0.0321464 0.0160388 0.0109793 0.00778738 0.0119502 0.00823582 0.0126478 0.0102649 0.0127984 0.00959223 0.014341 0.00859632 0.0146984 0.00840199 0.119737 0.857158 0.00587581 0.00358269 0 0.00355062 0.00361551 0.00361073 0.00378075 0.00763814 0.0134147 0.172004 0.026054 0.0191261 0.0117051 0.0165116 0.00930303 0.0101412 0.00916075 0.0247464 0.0125884 0.0216368 0.00998157 0.00951228 0.0141263 0.0138333 0.0199916 0.011143 0.0168505 0.00920678 0.0119513 0.0093397 0.00945417 0.00907675 0.0130918 0.011159 0.0150062 0.0106341 0.00939067 0.00883319 0.00906585 0.00863802 0.00856437 0.0084073 0.00827102 0.00806081 0.00813418 0.00814961 0.00862873 0.00871537 0.00858172 0.00825744 0.00831015 0.00851115 0.00868433 0.00880513 0.00856789 0.00849886 0.0083106 0.0081698 0.00810634 0.00807527 0.00873626 0.00844442 0.00870978 0.00834824 0.00823723 0.00810467 0.00825904 0.00842095 0.00839686 0.00829144 0.00820232 0.00840223 0.00813956 0.00839727 
0.00989433 0.0156433 0.0114692 0.0827735 0.0181307 0.0177526 0.00927082 0.00956825 0.00825352 0.0160855 0.0114994 0.016995 0.011822 0.0216657 0.0102265 0.0312605 0.00977622 0.29109 0.712918 0.00552108 0.00389653 0.0035575 0.00355062 0 0.00354306 0.00355742 0.00357288 0.0103393 0.132019 0.0413294 0.0553892 0.0111769 0.0109124 0.00881647 0.00985937 0.00885005 0.0102578 0.0122273 0.0650224 0.0134569 0.0101637 0.00914732 0.0141071 0.0324561 0.0234918 0.0426201 0.0118668 0.0232469 0.0118026 0.0144636 0.00901494 0.00920942 0.0109454 0.0301508 0.0190715 0.0153309 0.00880472 0.00905909 0.00914639 0.0085269 0.00864408 0.00842835 0.00814007 0.00806352 0.00800234 0.00825521 0.00906592 0.00916919 0.00874483 0.008346 0.00835742 0.00873558 0.00900093 0.00915163 0.00898881 0.00857508 0.00833347 0.0083933 0.00806492 0.00817147 0.00855902 0.00874713 0.00888743 0.00854824 0.00826115 0.00803543 0.00827586 0.00855931 0.00857614 0.00822249 0.0081986 0.00824811 0.00803319 0.00831416 
0.00918524 0.00996973 0.0442297 0.019001 0.0509675 0.0114492 0.00923842 0.00824514 0.0124362 0.00936084 0.01876 0.0137329 0.0187318 0.0114687 0.0204086 0.0112983 0.551089 0.317547 0.0137305 0.00675377 0.00440675 0.0035683 0.00361551 0.00354306 0 0.00353014 0.00354983 0.0738438 0.0549997 0.150442 0.0168102 0.0129322 0.00970497 0.0118471 0.00895306 0.00895615 0.00903719 0.0380722 0.0216232 0.0221919 0.00944176 0.00930714 0.0140972 0.0278718 0.0487595 0.0149527 0.033444 0.0107681 0.0194496 0.0103082 0.00940487 0.00895156 0.0137597 0.0189031 0.0324383 0.0113742 0.0092247 0.00903556 0.00915867 0.00897204 0.00866926 0.00848309 0.00824405 0.0081192 0.00802164 0.00824798 0.00906876 0.00910887 0.00887786 0.00843537 0.00842015 0.00869519 0.00906798 0.00922196 0.00888672 0.00862197 0.00844197 0.00827658 0.00810795 0.00814011 0.00892645 0.00869383 0.00918381 0.00851813 0.00832294 0.0081336 0.00835077 0.00861458 0.00860729 0.00836037 0.00830197 0.00830821 0.00813779 0.00832331 
0.00988762 0.0206841 0.0136746 0.0291278 0.0157142 0.024638 0.00918349 0.0115319 0.00947491 0.0134553 0.0203747 0.016201 0.0118223 0.0248593 0.0145775 0.547733 0.226538 0.0117948 0.00766347 0.00697952 0.0052728 0.00377312 0.00361073 0.00355742 0.00353014 0 0.00358975 0.0231795 0.162233 0.0414158 0.0140784 0.0112185 0.0173577 0.00951033 0.0139148 0.00922124 0.0116094 0.011086 0.0201388 0.0147927 0.00983183 0.00933649 0.0120136 0.0176081 0.0125975 0.0207269 0.00959657 0.0114339 0.00946905 0.0115603 0.00892885 0.00901391 0.0102742 0.0157685 0.0118878 0.0134096 0.00898327 0.00874962 0.00918683 0.00853369 0.00848594 0.00859704 0.00807333 0.00810113 0.00813865 0.00816875 0.0086942 0.00872658 0.00867883 0.00821086 0.00829074 0.00859027 0.00870221 0.00879999 0.00860506 0.00850206 0.00827407 0.00819755 0.00806192 0.00812437 0.00847933 0.00851011 0.00866372 0.00835078 0.00814875 0.00803864 0.00820243 0.00841489 0.00843017 0.00809823 0.00813277 0.00827215 0.00804549 0.00831593 
0.014758 0.0256421 0.0169056 0.00989588 0.0122576 0.011635 0.0183148 0.0133539 0.0109902 0.0109787 0.0142465 0.0103047 0.0140135 0.019888 0.417203 0.167629 0.0185665 0.00726487 0.00664911 0.00626254 0.0072696 0.00538156 0.00378075 0.00357288 0.00354983 0.00358975 0 0.132265 0.0212032 0.0122363 0.0187725 0.0191963 0.0131165 0.0214298 0.0114008 0.0149257 0.0149742 0.0108724 0.00988637 0.0103364 0.0124718 0.0151076 0.00972232 0.00988506 0.0101797 0.00956711 0.00969874 0.00869416 0.00899972 0.00855686 0.0103773 0.0127979 0.0098594 0.00932059 0.00944343 0.00908629 0.0104828 0.0108567 0.00862625 0.00894269 0.00931797 0.00837391 0.00871082 0.00817091 0.00871469 0.00884263 0.0083748 0.00833017 0.00834638 0.00846927 0.0090563 0.00828405 0.00835943 0.00831951 0.00833914 0.00832844 0.00813228 0.00806754 0.00813595 0.00835658 0.00840366 0.00823477 0.00842852 0.00813108 0.00840154 0.00886854 0.00864724 0.00822324 0.00821198 0.00823764 0.00843594 0.00821078 0.00834142 0.00896457 
0.0141478 0.0137756 0.0115054 0.0140425 0.0126488 0.0128084 0.0173159 0.0101527 0.00987088 0.0105274 0.0132554 0.0125906 0.0162094 0.020923 0.0271351 0.0131764 0.0108787 0.00900805 0.0085271 0.00859441 0.0126603 0.00850518 0.00763814 0.0103393 0.0738438 0.0231795 0.132265 0 0.00354578 0.00355581 0.0036485 0.00534015 0.0118668 0.0165992 0.0161184 0.0137744 0.0108083 0.011116 0.0106258 0.0111285 0.0184433 0.0102148 0.0102859 0.0104719 0.0110612 0.010149 0.00953621 0.00915438 0.00911441 0.00890261 0.0130777 0.00939769 0.00987639 0.00986852 0.0100773 0.00948906 0.0131936 0.0094645 0.00882996 0.0103484 0.00865034 0.00944897 0.00815024 0.0086052 0.00907377 0.00822228 0.00825236 0.00868378 0.00836163 0.00896876 0.00877448 0.00821501 0.00846991 0.00840906 0.00831011 0.00821767 0.00811227 0.00806864 0.00829086 0.00828811 0.0082803 0.00819291 0.00840724 0.00813268 0.00869879 0.00857713 0.00893546 0.00814725 0.00819718 0.00846759 0.0082217 0.00827013 0.00845476 0.00894179 
0.00970367 0.0121585 0.0232642 0.0365845 0.0271259 0.021018 0.0101542 0.0098018 0.0153427 0.0211989 0.023563 0.0320306 0.0414388 0.0610241 0.0300355 0.0233941 0.012828 0.0104642 0.0107681 0.0126422 0.00966331 0.0105206 0.0134147 0.132019 0.0549997 0.162233 0.0212032 0.00354578 0 0.00355759 0.00355822 0.0114144 0.0244288 0.0182338 0.0107213 0.00959836 0.0102671 0.0156198 0.0295866 0.017521 0.0103936 0.00921896 0.0163466 0.0199082 0.019392 0.0180466 0.0113148 0.0127772 0.0109169 0.0116591 0.00925647 0.00905831 0.0123678 0.0185692 0.015978 0.0132316 0.00944559 0.0089036 0.00990754 0.00873615 0.00864121 0.00832931 0.00821696 0.00805478 0.00808691 0.00819584 0.00876266 0.00910464 0.00871092 0.00831786 0.00830564 0.00878399 0.00896592 0.00900038 0.00879486 0.00854373 0.0083957 0.00825838 0.00807655 0.00808067 0.00842127 0.00857042 0.00877764 0.0084484 0.00826685 0.0080936 0.00814433 0.00858749 0.00844625 0.00825278 0.00816887 0.00829186 0.00805536 0.00827785 
0.00914509 0.0123415 0.0384179 0.0181661 0.0260293 0.0271102 0.0114576 0.00969114 0.0162383 0.015407 0.0245331 0.0272628 0.0511544 0.0275109 0.020915 0.0174719 0.0131925 0.0109292 0.0151851 0.0127205 0.00988739 0.0117508 0.172004 0.0413294 0.150442 0.0414158 0.0122363 0.00355581 0.00355759 0 0.00355646 0.0218213 0.0311145 0.0168692 0.0125164 0.00948635 0.0110599 0.0215803 0.0158545 0.0363268 0.00994799 0.00989657 0.0142522 0.0174734 0.0191933 0.0125846 0.0140258 0.0101189 0.0108618 0.0121826 0.00928639 0.00914938 0.0128135 0.0138366 0.0186263 0.0136995 0.00944928 0.00938998 0.00941742 0.00884673 0.0088553 0.00866143 0.00818837 0.0080521 0.00806295 0.00820014 0.00884152 0.00893313 0.00908384 0.00830996 0.00838051 0.0087488 0.00889742 0.00896861 0.00868486 0.00856868 0.00831086 0.00825588 0.00805087 0.00805946 0.00850006 0.0085323 0.008828 0.00839178 0.00832702 0.00804886 0.008184 0.00847424 0.00848619 0.0080936 0.00811516 0.00824462 0.00796347 0.00816191 
0.0111401 0.0269178 0.0107835 0.0145971 0.0119899 0.0121959 0.0136258 0.0157908 0.00980387 0.0114108 0.0123517 0.0284069 0.0134082 0.0129289 0.0129609 0.0114561 0.00979411 0.00900217 0.00892097 0.00900625 0.0117108 0.116716 0.026054 0.0553892 0.0168102 0.0140784 0.0187725 0.0036485 0.00355822 0.00355646 0 0.0331884 0.0139804 0.0162116 0.0168407 0.0138744 0.018017 0.0101499 0.0117078 0.0112512 0.0166092 0.0135639 0.00999784 0.0106972 0.0102479 0.0105377 0.00907378 0.0091994 0.00901257 0.00909898 0.0104154 0.0127824 0.00949925 0.0108782 0.00959248 0.0108505 0.0107363 0.0110448 0.00869274 0.00896153 0.00959847 0.0084068 0.00873315 0.00812163 0.00854763 0.00895612 0.00835116 0.00852663 0.00839166 0.0083413 0.00883055 0.00832035 0.00850784 0.00838492 0.008363 0.00832454 0.00812781 0.008028 0.00806029 0.00847642 0.00827385 0.00823254 0.00845164 0.00814809 0.00828617 0.0084328 0.00857231 0.0082231 0.00816943 0.0081776 0.00821144 0.00816704 0.00813973 0.00855121 
0.0138698 0.0141786 0.0138369 0.0107728 0.00978036 0.0120265 0.012871 0.0102159 0.0101406 0.00914731 0.0106447 0.0100792 0.0107261 0.0117591 0.0109209 0.0124175 0.0103367 0.00958426 0.00907227 0.0103459 0.0147342 0.0157733 0.0191261 0.0111769 0.0129322 0.0112185 0.0191963 0.00534015 0.0114144 0.0218213 0.0331884 0 0.00407057 0.0267298 0.0615145 0.0233595 0.0108869 0.0112319 0.00934452 0.0112899 0.0141896 0.0097508 0.00977919 0.00931635 0.00934671 0.00908345 0.00885111 0.00869587 0.00865265 0.00904265 0.0121974 0.00938199 0.00945181 0.00883906 0.00923478 0.00908485 0.0119354 0.00881138 0.00865392 0.00967221 0.00862826 0.00951011 0.00819138 0.00848954 0.00889988 0.00821476 0.00823592 0.00822697 0.00831907 0.00872553 0.00840156 0.00814878 0.00828188 0.00825015 0.00818522 0.00816492 0.00811214 0.00808635 0.00819785 0.00812727 0.00829526 0.00813144 0.00822461 0.0081018 0.00830891 0.0083561 0.00842135 0.00823154 0.00808539 0.00822377 0.00803365 0.00818313 0.00828314 0.00880389 
0.0110971 0.0160606 0.0102437 0.00987464 0.00945502 0.0108338 0.00991119 0.0116127 0.00900117 0.0094479 0.0097156 0.0101223 0.0103874 0.0102824 0.00997716 0.00969612 0.00907494 0.00865179 0.00859454 0.00980145 0.0105286 0.0220824 0.0117051 0.0109124 0.00970497 0.0173577 0.0131165 0.0118668 0.0244288 0.0311145 0.0139804 0.00407057 0 0.0496827 0.0122607 0.0160154 0.0136433 0.0101021 0.00968853 0.0108529 0.0108898 0.0117227 0.00943769 0.0094417 0.00917619 0.0091453 0.00864365 0.00857657 0.00857341 0.00875141 0.00918622 0.0112343 0.00909577 0.00924501 0.00888105 0.00951436 0.00931017 0.0094124 0.00859573 0.00842701 0.0100236 0.00834552 0.0085273 0.00812964 0.00878818 0.00861578 0.00830303 0.00834314 0.0085334 0.0081865 0.00861902 0.00826957 0.00838209 0.0083382 0.00827151 0.00819782 0.0080611 0.00803864 0.00808063 0.00822413 0.00824306 0.00816498 0.00823895 0.0083364 0.00820826 0.0083962 0.00832305 0.00814452 0.00819467 0.00813826 0.00820558 0.00838347 0.00812527 0.00858332 
0.0107851 0.00973416 0.0118672 0.00876729 0.00919517 0.0100573 0.0117627 0.00895781 0.00994934 0.00863925 0.00936549 0.00913606 0.00956857 0.00974783 0.0101758 0.0091315 0.0107417 0.00891068 0.00882299 0.00927803 0.0162605 0.0111429 0.0165116 0.00881647 0.0118471 0.00951033 0.0214298 0.0165992 0.0182338 0.0168692 0.0162116 0.0267298 0.0496827 0 0.00386839 0.029886 0.011525 0.0133495 0.00916293 0.0109988 0.0150445 0.0112254 0.00941706 0.00928263 0.00932006 0.00880772 0.00983251 0.00853466 0.00946966 0.00876905 0.0136981 0.00975131 0.00962153 0.00858954 0.00922295 0.00883728 0.0135331 0.00865042 0.00855739 0.0106918 0.00858205 0.00919127 0.00866872 0.00833522 0.00903251 0.00819535 0.00836704 0.00818697 0.00818313 0.00850068 0.00877589 0.00810554 0.00822242 0.0081753 0.00810228 0.00836311 0.00813244 0.00802574 0.00847241 0.00814869 0.0092567 0.00809846 0.00840767 0.00805948 0.00829045 0.0086975 0.00868719 0.00811839 0.00810182 0.0081643 0.0080608 0.00815441 0.00841808 0.00884254 
0.00995409 0.0131963 0.00866141 0.00898755 0.00876441 0.00941439 0.00868987 0.0108955 0.00843745 0.00877393 0.00872143 0.00898442 0.00907312 0.00912076 0.00894999 0.00958424 0.00861126 0.00864079 0.00857362 0.00911604 0.00881154 0.0185262 0.00930303 0.00985937 0.00895306 0.0139148 0.0114008 0.0161184 0.0107213 0.0125164 0.0168407 0.0615145 0.0122607 0.00386839 0 0.068007 0.0155118 0.00936001 0.0108514 0.012691 0.0117322 0.0116917 0.00936355 0.00909507 0.00879629 0.00910524 0.00841618 0.00893132 0.00833841 0.00926547 0.00872706 0.0108129 0.00911384 0.00871916 0.00849734 0.00928938 0.00871427 0.00924149 0.00873111 0.00825666 0.00952958 0.00825351 0.00851156 0.00814956 0.0086671 0.00863044 0.00814161 0.00816624 0.00812927 0.00818669 0.0083751 0.00812432 0.00813202 0.00811924 0.00816619 0.00803807 0.00802043 0.0080167 0.00799305 0.0084022 0.00804123 0.00825175 0.00813162 0.00805241 0.00807785 0.00822864 0.00817737 0.00804578 0.0079826 0.00811971 0.00816342 0.00810964 0.00819665 0.00888796 
0.0171879 0.0117582 0.00870868 0.00853414 0.00840463 0.00883098 0.0106064 0.0104406 0.0085826 0.00840035 0.00865079 0.00873822 0.00867194 0.00869556 0.00868505 0.00925188 0.00877964 0.00855763 0.00849399 0.00873506 0.0113841 0.0160411 0.0101412 0.00885005 0.00895615 0.00922124 0.0149257 0.0137744 0.00959836 0.00948635 0.0138744 0.0233595 0.0160154 0.029886 0.068007 0 0.0337827 0.0143684 0.0109454 0.0136642 0.0337646 0.0215161 0.0114576 0.009482 0.00923656 0.00987105 0.0113896 0.00989949 0.00892385 0.0095422 0.0155039 0.016313 0.0113059 0.0090052 0.00884457 0.00938026 0.0165114 0.0118438 0.00902554 0.0105979 0.0119625 0.0106408 0.010716 0.00953733 0.015402 0.00986078 0.00814929 0.00822025 0.00817026 0.00968417 0.00975941 0.00826991 0.00806864 0.0080259 0.00815968 0.00805849 0.00807456 0.00814642 0.00871668 0.00986692 0.0084014 0.00851141 0.00798915 0.00815629 0.00852894 0.012464 0.00908857 0.00811216 0.00798727 0.00855931 0.00878675 0.00837458 0.0108906 0.0138235 
0.0105411 0.00940113 0.00840078 0.00910639 0.00867604 0.0097641 0.0109858 0.00862877 0.00817372 0.00855643 0.00868875 0.0092546 0.00912231 0.00948094 0.00931218 0.00998895 0.00876563 0.00875132 0.00843308 0.00895729 0.010829 0.0117221 0.00916075 0.0102578 0.00903719 0.0116094 0.0149742 0.0108083 0.0102671 0.0110599 0.018017 0.0108869 0.0136433 0.011525 0.0155118 0.0337827 0 0.00426661 0.0035613 0.00363239 0.00471818 0.0102538 0.00864177 0.0105669 0.0146667 0.857324 0.0159574 0.014249 0.00933241 0.0151779 0.0239504 0.0155855 0.010685 0.0127191 0.00970458 0.0175688 0.0207616 0.012743 0.0106449 0.0190924 0.0121431 0.0150673 0.009428 0.0118498 0.011706 0.00970883 0.00837151 0.00923828 0.00919611 0.0122163 0.00869669 0.00863749 0.00896435 0.0087326 0.00929129 0.00817431 0.0083058 0.00851106 0.00914942 0.00944978 0.00813289 0.00932808 0.00826112 0.00866406 0.00955239 0.00877893 0.00812565 0.00825978 0.00818415 0.0094629 0.00819823 0.0086303 0.00873963 0.00950207 
0.00848098 0.00831822 0.0134444 0.0104277 0.0132263 0.00947561 0.00860927 0.00816524 0.0100936 0.00951278 0.0164407 0.0139447 0.0171884 0.0153051 0.0192835 0.0112668 0.0128309 0.00925121 0.00983873 0.00898068 0.00906114 0.00886896 0.0247464 0.0122273 0.0380722 0.011086 0.0108724 0.011116 0.0156198 0.0215803 0.0101499 0.0112319 0.0101021 0.0133495 0.00936001 0.0143684 0.00426661 0 0.00357064 0.00357986 0.0036455 0.00695165 0.0122801 0.0126086 0.896238 0.0122889 0.0299658 0.00834482 0.0181649 0.0119412 0.0131733 0.00984294 0.0322961 0.0125238 0.041431 0.0130322 0.0153736 0.0117424 0.0170281 0.0125567 0.0124776 0.010448 0.00938765 0.00865473 0.00876015 0.00837778 0.0149705 0.0104129 0.0124743 0.00899738 0.008946 0.00956395 0.0110952 0.0128589 0.00922333 0.00987298 0.00863909 0.00854902 0.00815023 0.00806624 0.0110717 0.00862073 0.0115389 0.0089309 0.00903894 0.00802352 0.00846861 0.0086019 0.00931914 0.00832854 0.00828803 0.00830301 0.00795626 0.00821623 
