1PXVB
GHHHHHHEFDQVQYENTLKNFKIREQQFDNSWAAGFSMAALLNATKNTDTYNAHDIMRTLYPEVSEQDLPNCATFPNQMIEYGKSQGRDIHYQEGVPSYNQVDQLTKDNVGIMILAQSVSQNPNDPHLGHALAVVGNAKINDQEKLIYWNPWDTELSIQDADSSLLHLSFNRDYNWYGSMIGY
CCCCCCCCCCCEEEEEECCCCCCCCCCCCCCCHHHHHHHHHHHHHCCCCCCCHHHHHHHHCCCCCCCCHHHCCECHHHHHHHHHHCCCCCEEEECCCCHHHHHHHHHCCCCEEEEEEECCCCCCCCCCEEEEEEEEEEEECCEEEEEEECCCCCCCEEEECCCCEEEECCCEEEEEEEEEECC
0 0 0 0 0 0 0 0 0 0 0 0 0 0 0 0 0 0 0 0 0 0 0 0 0 0 0 0 0 0 0 0 0 0 0 0 0 0 0 0 0 0 0 0 0 0 0 0 0 0 0 0 0 0 0 0 0 0 0 0 0 0 0 0 0 0 0 0 0 0 0 0 0 0 0 0 0 0 0 0 0 0 0 0 0 0 0 0 0 0 0 0 0 0 0 0 0 0 0 0 0 0 0 0 0 0 0 0 0 0 0 0 0 0 0 0 0 0 0 0 0 0 0 0 0 0 0 0 0 0 0 0 0 0 0 0 0 0 0 0 0 0 0 0 0 0 0 0 0 0 0 0 0 0 0 0 0 0 0 0 0 0 0 0 0 0 0 0 0 0 0 0 0 0 0 0 0 0 0 0 0 0 0 
0 0 0 0 0 0 0 0 0 0 0 0 0 0 0 0 0 0 0 0 0 0 0 0 0 0 0 0 0 0 0 0 0 0 0 0 0 0 0 0 0 0 0 0 0 0 0 0 0 0 0 0 0 0 0 0 0 0 0 0 0 0 0 0 0 0 0 0 0 0 0 0 0 0 0 0 0 0 0 0 0 0 0 0 0 0 0 0 0 0 0 0 0 0 0 0 0 0 0 0 0 0 0 0 0 0 0 0 0 0 0 0 0 0 0 0 0 0 0 0 0 0 0 0 0 0 0 0 0 0 0 0 0 0 0 0 0 0 0 0 0 0 0 0 0 0 0 0 0 0 0 0 0 0 0 0 0 0 0 0 0 0 0 0 0 0 0 0 0 0 0 0 0 0 0 0 0 0 0 0 0 0 0 
0 0.00365884 0.00386688 0.00381853 0.00377372 0.00479014 0.0230879 0.00854556 0.00845233 0.00835686 0.00990074 0.00919233 0.00863202 0.00924501 0.00857066 0.00881609 0.00848206 0.0105723 0.0081401 0.00828576 0.00853763 0.00862606 0.00873653 0.00858186 0.00852655 0.00842701 0.00828474 0.00885773 0.00820551 0.0132869 0.00818957 0.00811427 0.00824217 0.00844624 0.00857754 0.00834101 0.00917056 0.00820838 0.00811605 0.00814416 0.00846329 0.00809601 0.00844339 0.00805408 0.00970013 0.00877943 0.00801995 0.00863414 0.00807574 0.00840128 0.00807151 0.00815651 0.00829176 0.00817621 0.00831367 
0.00365884 0 0.00373975 0.00368799 0.00388458 0.00491753 0.00971354 0.00862304 0.00827897 0.0084964 0.008246 0.00837748 0.00900679 0.00875748 0.00874553 0.00828872 0.00847026 0.00822604 0.00805034 0.00822395 0.00830467 0.0084616 0.00861443 0.00854027 0.00832324 0.00820361 0.0082614 0.00817344 0.00943471 0.00820646 0.00797781 0.00815918 0.00819416 0.00849284 0.00871321 0.00844983 0.00816836 0.0079874 0.00813825 0.00804814 0.00812157 0.00802476 0.00811495 0.00830098 0.00802843 0.00792572 0.00828624 0.00810941 0.00842716 0.00803876 0.00821585 0.00814366 0.00826806 0.00824067 0.00810515 
0.00386688 0.00373975 0 0.00474487 0.00364782 0.00357012 0.0103469 0.00820772 0.00881612 0.00828617 0.00828706 0.00852425 0.00905667 0.0128981 0.00954653 0.00942845 0.00829454 0.00839354 0.00826453 0.00843577 0.00897424 0.00919384 0.00963314 0.00954008 0.00905391 0.00910725 0.0083192 0.00885118 0.00825097 0.00863376 0.00809504 0.00820335 0.00848872 0.0088443 0.00953276 0.00866246 0.00831476 0.00814025 0.00826522 0.00823289 0.00809703 0.00806826 0.00855579 0.00826326 0.00816397 0.00821553 0.00819871 0.00858477 0.00830473 0.00854992 0.00830449 0.00831151 0.0083787 0.0084056 0.00819886 
0.00381853 0.00368799 0.00474487 0 0.00358238 0.00354505 0.00888234 0.00897724 0.00844098 0.00894555 0.00821402 0.00830447 0.00959281 0.0104316 0.0101641 0.00850915 0.00875359 0.00809971 0.00815664 0.00840602 0.00898552 0.00930692 0.00954603 0.00946113 0.00888761 0.00874833 0.00852509 0.00831971 0.010116 0.00809108 0.00805967 0.00827655 0.00839955 0.00892481 0.00946925 0.00901445 0.00828145 0.00815039 0.00823798 0.00811425 0.008234 0.00808981 0.00814793 0.00881365 0.00807706 0.00811449 0.00839355 0.0083312 0.00879758 0.00824647 0.00850331 0.00821323 0.00839302 0.00843297 0.00816058 
0.00377372 0.00388458 0.00364782 0.00358238 0 0.00363663 0.0104776 0.00858712 0.0092409 0.00895935 0.00837304 0.00926347 0.0106473 0.0114476 0.00902922 0.0088952 0.00831046 0.00831068 0.00828982 0.00859519 0.00900584 0.00901347 0.00932591 0.00962217 0.0089133 0.00910626 0.00834067 0.00851355 0.00831751 0.00842369 0.00805041 0.00826439 0.00837724 0.00870094 0.00929067 0.00885197 0.00856403 0.00809749 0.00835889 0.00828358 0.00812528 0.00811611 0.00840919 0.0081943 0.00823866 0.0082135 0.00821163 0.00837509 0.00815591 0.00822723 0.00818177 0.00821986 0.00836247 0.00840733 0.00819578 
0.00479014 0.00491753 0.00357012 0.00354505 0.00363663 0 0.0239811 0.0156226 0.00858821 0.00890009 0.00955148 0.0113242 0.00920901 0.00916903 0.00878108 0.00879756 0.00826916 0.00836829 0.0101065 0.00843293 0.00859741 0.00866977 0.00863163 0.0086616 0.00847521 0.00853361 0.00830204 0.00814462 0.00862015 0.00816916 0.00873182 0.00817322 0.00820594 0.00865092 0.00881742 0.00848476 0.00861546 0.0116274 0.00818996 0.00804147 0.00842245 0.00895506 0.00810353 0.00826094 0.00823466 0.00817215 0.0081694 0.00812891 0.00816626 0.00811311 0.00811779 0.00809924 0.00822495 0.00817371 0.00852579 
0.0230879 0.00971354 0.0103469 0.00888234 0.0104776 0.0239811 0 0.0179265 0.00841096 0.012135 0.0293559 0.0203574 0.0114208 0.01002 0.00934829 0.00963779 0.00955793 0.0150275 0.0166869 0.00946135 0.00905292 0.00959968 0.00958498 0.00953716 0.00921802 0.0092527 0.00872748 0.00872815 0.00918816 0.0142542 0.0111197 0.00867463 0.00844118 0.00893796 0.00877546 0.00922917 0.0129568 0.0121793 0.00846823 0.00852358 0.00982553 0.0116101 0.0084674 0.0083826 0.0104045 0.00959173 0.00815754 0.0082543 0.0081093 0.00806858 0.00816092 0.00812499 0.00818199 0.00828607 0.0100586 
0.00854556 0.00862304 0.00820772 0.00897724 0.00858712 0.0156226 0.0179265 0 0.00387657 0.00389485 0.00489835 0.0142857 0.0148995 0.0155499 0.0105131 0.00871248 0.0175881 0.0165612 0.00999151 0.00934874 0.00985594 0.0101895 0.0108954 0.00943114 0.00998508 0.00925382 0.00995023 0.00857664 0.0141369 0.0112465 0.00869365 0.00892403 0.00962686 0.0094848 0.00967006 0.00920683 0.011671 0.00875131 0.00855681 0.00847575 0.0114075 0.00886178 0.00823347 0.00955441 0.00928075 0.00810965 0.0083597 0.00818754 0.0090374 0.00811255 0.00847822 0.00812468 0.00845798 0.00828065 0.00907828 
0.00845233 0.00827897 0.00881612 0.00844098 0.0092409 0.00858821 0.00841096 0.00387657 0 0.0036508 0.00354414 0.0116722 0.0190107 0.0211891 0.0108366 0.011511 0.0107346 0.00943532 0.00934211 0.00927677 0.0113827 0.0107016 0.0107404 0.0114165 0.0101718 0.0101396 0.00968054 0.0101232 0.00921171 0.00947864 0.00851436 0.00906848 0.00921235 0.0102346 0.0116709 0.0113147 0.00924892 0.00852844 0.00883382 0.00905816 0.00843687 0.00830352 0.00917019 0.00863754 0.00867667 0.00817759 0.0081634 0.00909123 0.00846464 0.00855026 0.00842269 0.00859705 0.0083505 0.00911474 0.00861147 
0.00835686 0.0084964 0.00828617 0.00894555 0.00895935 0.00890009 0.012135 0.00389485 0.0036508 0 0.00416231 0.0098815 0.0287604 0.0208697 0.0128687 0.0107285 0.0115416 0.00865494 0.00892681 0.0112308 0.0091066 0.00930054 0.00943287 0.00969238 0.00922728 0.0133825 0.00900688 0.00882823 0.00928889 0.00875345 0.00852641 0.00895314 0.0086364 0.0091585 0.0100146 0.0105534 0.00869051 0.0083624 0.00897559 0.00836605 0.00822535 0.00820491 0.00860717 0.00837449 0.00853023 0.00810563 0.00829435 0.0083257 0.00824512 0.00823893 0.00831993 0.00820987 0.00821529 0.00861416 0.00833637 
0.00990074 0.008246 0.00828706 0.00821402 0.00837304 0.00955148 0.0293559 0.00489835 0.00354414 0.00416231 0 0.0262983 0.0203931 0.0114401 0.0104332 0.0123258 0.00927338 0.0148384 0.0153225 0.00933865 0.00925108 0.00916927 0.00956268 0.0091066 0.00985581 0.00885126 0.00879077 0.00846092 0.00890075 0.00901012 0.0113698 0.00861005 0.00874508 0.00915158 0.00904689 0.00891828 0.009852 0.0123013 0.00839231 0.00824099 0.00880046 0.0110636 0.00841135 0.00831622 0.0086835 0.00902088 0.00816805 0.00813014 0.00820767 0.00818949 0.00819047 0.00816732 0.00833984 0.00836344 0.00864463 
0.00919233 0.00837748 0.00852425 0.00830447 0.00926347 0.0113242 0.0203574 0.0142857 0.0116722 0.0098815 0.0262983 0 0.00363445 0.00371181 0.00363357 0.00355672 0.00576313 0.00483372 0.0115102 0.0125882 0.0110097 0.0126098 0.0206137 0.252399 0.0212195 0.0187031 0.0139106 0.0144234 0.0103913 0.0368848 0.00982092 0.0102067 0.0108638 0.0134076 0.0139362 0.0123279 0.0274139 0.0119987 0.00973592 0.010322 0.0148635 0.011622 0.0114715 0.0103723 0.0211087 0.0102284 0.00857261 0.0100698 0.00885781 0.00951387 0.00887528 0.0104429 0.00930805 0.0109026 0.0155233 
0.00863202 0.00900679 0.00905667 0.00959281 0.0106473 0.00920901 0.0114208 0.0148995 0.0190107 0.0287604 0.0203931 0.00363445 0 0.00356877 0.00358146 0.00358954 0.00372605 0.00362749 0.0175111 0.0188999 0.0154512 0.0239416 0.496354 0.0565074 0.0288698 0.0221313 0.0280629 0.0107522 0.0208331 0.00986122 0.0096105 0.0158101 0.015349 0.0350468 0.0431573 0.0417838 0.0128085 0.0115392 0.0132262 0.0133436 0.0104555 0.0117965 0.0133727 0.0198337 0.0101509 0.00939763 0.0109352 0.0105338 0.0132374 0.0106168 0.015246 0.0126435 0.0239483 0.0218602 0.0123599 
0.00924501 0.00875748 0.0128981 0.0104316 0.0114476 0.00916903 0.01002 0.0155499 0.0211891 0.0208697 0.0114401 0.00371181 0.00356877 0 0.00354346 0.00356138 0.00360832 0.00360538 0.0117713 0.0187458 0.0272266 0.605877 0.0559306 0.062976 0.0635274 0.0393372 0.0149675 0.0300315 0.0106351 0.0119427 0.00890939 0.0103283 0.0221636 0.0375779 0.0982951 0.0365441 0.0171866 0.0110529 0.014247 0.013741 0.010979 0.0110359 0.0201248 0.0167903 0.013606 0.00943729 0.00951748 0.0255383 0.0125369 0.0348591 0.0139855 0.0341828 0.0456869 0.0360972 0.0131263 
0.00857066 0.00874553 0.00954653 0.0101641 0.00902922 0.00878108 0.00934829 0.0105131 0.0108366 0.0128687 0.0104332 0.00363357 0.00358146 0.00354346 0 0.00354872 0.0035791 0.00353906 0.0130113 0.0139518 0.63399 0.0218391 0.0403199 0.0267717 0.0260545 0.0142333 0.0193787 0.00944289 0.0131016 0.0088475 0.00838743 0.0104029 0.0132704 0.0341395 0.0422662 0.0273483 0.0127872 0.0101542 0.0115077 0.0106827 0.0101671 0.0109377 0.0106938 0.0173091 0.00982189 0.00912159 0.00960172 0.0109997 0.0190112 0.0107966 0.0164483 0.0207106 0.0373496 0.0165098 0.0114104 
0.00881609 0.00828872 0.00942845 0.00850915 0.0088952 0.00879756 0.00963779 0.00871248 0.011511 0.0107285 0.0123258 0.00355672 0.00358954 0.00356138 0.00354872 0 0.00352367 0.00354693 0.00958255 0.575849 0.0380362 0.0289935 0.0276864 0.0282678 0.0149505 0.0181741 0.00963521 0.0162806 0.00864291 0.013001 0.00827874 0.00905813 0.0158767 0.0184471 0.0413364 0.018858 0.0134055 0.00922474 0.0100365 0.0116516 0.009275 0.00908012 0.0177163 0.00982445 0.0125551 0.00893901 0.00873815 0.0259075 0.00908373 0.0187737 0.00940986 0.0246586 0.0127764 0.0164642 0.0103681 
0.00848206 0.00847026 0.00829454 0.00875359 0.00831046 0.00826916 0.00955793 0.0175881 0.0107346 0.0115416 0.00927338 0.00576313 0.00372605 0.00360832 0.0035791 0.00352367 0 0.00385994 0.515545 0.0341964 0.0425988 0.0137716 0.0221071 0.0140837 0.013645 0.0109056 0.0143362 0.0083196 0.0194463 0.00822454 0.00927094 0.0146587 0.00982445 0.0142486 0.0166356 0.0285498 0.0106758 0.0100464 0.0138626 0.00924451 0.0100362 0.0103989 0.00901058 0.0184446 0.00890609 0.00867991 0.0137894 0.00863584 0.0143981 0.00957524 0.0113384 0.00886788 0.0118136 0.0118849 0.0100446 
0.0105723 0.00822604 0.00839354 0.00809971 0.00831068 0.00836829 0.0150275 0.0165612 0.00943532 0.00865494 0.0148384 0.00483372 0.00362749 0.00360538 0.00353906 0.00354693 0.00385994 0 0.0282754 0.0148808 0.0116888 0.0157347 0.0107701 0.0119398 0.0105494 0.012139 0.00883142 0.0108876 0.008213 0.0174016 0.016295 0.00887978 0.00935512 0.0106816 0.0110422 0.0125769 0.0160732 0.0194765 0.00896757 0.0103361 0.00965098 0.0122036 0.0110003 0.00867985 0.0143401 0.0146327 0.00839621 0.0107305 0.00849303 0.00934283 0.00851037 0.00934363 0.00875832 0.00996199 0.0110382 
0.0081401 0.00805034 0.00826453 0.00815664 0.00828982 0.0101065 0.0166869 0.00999151 0.00934211 0.00892681 0.0153225 0.0115102 0.0175111 0.0117713 0.0130113 0.00958255 0.515545 0.0282754 0 0.00361452 0.0035632 0.00359715 0.00358578 0.00387808 0.00375761 0.00383149 0.00430251 0.00515575 0.00673542 0.0101465 0.00616215 0.00752427 0.00779868 0.00878223 0.00881232 0.0122561 0.0303603 0.0112279 0.0106512 0.00916112 0.0230931 0.0122935 0.00961449 0.0110668 0.0170853 0.00966855 0.00910684 0.00889751 0.00919192 0.00890984 0.00918461 0.0091358 0.010564 0.0101783 0.0176058 
0.00828576 0.00822395 0.00843577 0.00840602 0.00859519 0.00843293 0.00946135 0.00934874 0.00927677 0.0112308 0.00933865 0.0125882 0.0188999 0.0187458 0.0139518 0.575849 0.0341964 0.0148808 0.00361452 0 0.00367437 0.00359678 0.00357439 0.00355866 0.00397846 0.00381707 0.00417324 0.00474479 0.0105523 0.00548499 0.00625793 0.00765041 0.00853271 0.0103855 0.0126574 0.0426747 0.0106915 0.0118268 0.0114481 0.0142011 0.011083 0.0113496 0.0127736 0.0168771 0.00982049 0.00987994 0.00963486 0.0105597 0.0102425 0.010026 0.0103999 0.0122416 0.0136127 0.0210906 0.0114443 
0.00853763 0.00830467 0.00897424 0.00898552 0.00900584 0.00859741 0.00905292 0.00985594 0.0113827 0.0091066 0.00925108 0.0110097 0.0154512 0.0272266 0.63399 0.0380362 0.0425988 0.0116888 0.0035632 0.00367437 0 0.00356017 0.00355347 0.00363369 0.00686079 0.00407226 0.00378938 0.0135785 0.00664134 0.00773298 0.00602194 0.00777057 0.0104467 0.0143534 0.0332839 0.0125309 0.0158305 0.00981707 0.014362 0.0137657 0.0108428 0.00986496 0.017309 0.0116089 0.0124126 0.00931655 0.00905029 0.0186851 0.0105452 0.020582 0.0114909 0.022743 0.0232027 0.0200236 0.0129444 
0.00862606 0.0084616 0.00919384 0.00930692 0.00901347 0.00866977 0.00959968 0.0101895 0.0107016 0.00930054 0.00916927 0.0126098 0.0239416 0.605877 0.0218391 0.0289935 0.0137716 0.0157347 0.00359715 0.00359678 0.00356017 0 0.00354246 0.00359685 0.00358224 0.00360863 0.00545235 0.00407641 0.00425494 0.00423778 0.00577452 0.00730347 0.00932389 0.0187587 0.0158133 0.0161846 0.0111038 0.0145314 0.0180592 0.0133732 0.0107854 0.0112697 0.0129704 0.0177072 0.0110461 0.0095518 0.0108028 0.014434 0.0179889 0.0155315 0.0136723 0.0208939 0.0380115 0.0233079 0.0123499 
0.00873653 0.00861443 0.00963314 0.00954603 0.00932591 0.00863163 0.00958498 0.0108954 0.0107404 0.00943287 0.00956268 0.0206137 0.496354 0.0559306 0.0403199 0.0276864 0.0221071 0.0107701 0.00358578 0.00357439 0.00355347 0.00354246 0 0.0035636 0.003567 0.00358817 0.00355936 0.00391753 0.00421887 0.00424398 0.00621935 0.00793468 0.0141601 0.0146758 0.0182923 0.0163325 0.303879 0.0152105 0.0174711 0.013035 0.0118607 0.0132464 0.0161563 0.0166321 0.0135371 0.00995208 0.0111127 0.0154114 0.0159392 0.0173715 0.0215295 0.0284003 0.0365935 0.0273067 0.0138798 
0.00858186 0.00854027 0.00954008 0.00946113 0.00962217 0.0086616 0.00953716 0.00943114 0.0114165 0.00969238 0.0091066 0.252399 0.0565074 0.062976 0.0267717 0.0282678 0.0140837 0.0119398 0.00387808 0.00355866 0.00363369 0.00359685 0.0035636 0 0.00356037 0.00356421 0.00354528 0.00366292 0.00359875 0.00416834 0.00573074 0.00831875 0.00980989 0.0136051 0.017896 0.321477 0.213099 0.0105852 0.0124225 0.0131631 0.0105713 0.0108683 0.0165351 0.0171548 0.0111619 0.00972805 0.0101778 0.0171529 0.0149222 0.0313496 0.0154315 0.022934 0.0404361 0.0295005 0.0123679 
0.00852655 0.00832324 0.00905391 0.00888761 0.0089133 0.00847521 0.00921802 0.00998508 0.0101718 0.00922728 0.00985581 0.0212195 0.0288698 0.0635274 0.0260545 0.0149505 0.013645 0.0105494 0.00375761 0.00397846 0.00686079 0.00358224 0.003567 0.00356037 0 0.00353449 0.00352835 0.00358567 0.00360438 0.00368751 0.00516623 0.00890845 0.00937081 0.013612 0.0412211 0.35478 0.0240069 0.0092938 0.0121942 0.0101746 0.0105047 0.0100898 0.0134105 0.0145362 0.0110747 0.00927387 0.00982443 0.0139531 0.0156971 0.0144654 0.0145787 0.0197181 0.0300493 0.024726 0.0134653 
0.00842701 0.00820361 0.00910725 0.00874833 0.00910626 0.00853361 0.0092527 0.00925382 0.0101396 0.0133825 0.00885126 0.0187031 0.0221313 0.0393372 0.0142333 0.0181741 0.0109056 0.012139 0.00383149 0.00381707 0.00407226 0.00360863 0.00358817 0.00356421 0.00353449 0 0.00353373 0.00356782 0.0035855 0.00353858 0.00458434 0.00523986 0.0105885 0.0176648 0.805624 0.0205968 0.00873348 0.00883651 0.0100398 0.00969866 0.00974473 0.00983833 0.0117367 0.0121148 0.0119279 0.00955551 0.00893467 0.0204499 0.0115221 0.017114 0.0104281 0.0201977 0.0187656 0.0276335 0.013925 
0.00828474 0.0082614 0.0083192 0.00852509 0.00834067 0.00830204 0.00872748 0.00995023 0.00968054 0.00900688 0.00879077 0.0139106 0.0280629 0.0149675 0.0193787 0.00963521 0.0143362 0.00883142 0.00430251 0.00417324 0.00378938 0.00545235 0.00355936 0.00354528 0.00352835 0.00353373 0 0.00346385 0.00359477 0.00352631 0.00383679 0.00673257 0.00853263 0.89768 0.0291836 0.0092126 0.00716645 0.00907775 0.00939839 0.00880497 0.0116257 0.00999266 0.00887367 0.0176242 0.00923249 0.00869848 0.0119119 0.00897069 0.0158429 0.00891504 0.0161126 0.00954032 0.0230752 0.0117453 0.0138029 
0.00885773 0.00817344 0.00885118 0.00831971 0.00851355 0.00814462 0.00872815 0.00857664 0.0101232 0.00882823 0.00846092 0.0144234 0.0107522 0.0300315 0.00944289 0.0162806 0.0083196 0.0108876 0.00515575 0.00474479 0.0135785 0.00407641 0.00391753 0.00366292 0.00358567 0.00356782 0.00346385 0 0.00354721 0.0037421 0.00455389 0.00923702 0.941133 0.0133624 0.00623167 0.00668298 0.00672319 0.00837563 0.0083503 0.0109568 0.00825631 0.00876932 0.0170695 0.00869044 0.0144631 0.0102606 0.00832187 0.023523 0.00847516 0.0187596 0.00869076 0.0185179 0.00933863 0.0147972 0.0108373 
0.00820551 0.00943471 0.00825097 0.010116 0.00831751 0.00862015 0.00918816 0.0141369 0.00921171 0.00928889 0.00890075 0.0103913 0.0208331 0.0106351 0.0131016 0.00864291 0.0194463 0.008213 0.00673542 0.0105523 0.00664134 0.00425494 0.00421887 0.00359875 0.00360438 0.0035855 0.00359477 0.00354721 0 0.00354402 0.0061074 0.991376 0.00450947 0.00501357 0.00540278 0.00905414 0.00573207 0.00940413 0.0153544 0.00864131 0.0108356 0.0124267 0.00872611 0.0398281 0.00864938 0.00861069 0.024184 0.00829298 0.0212355 0.00832635 0.0189865 0.00858267 0.0162654 0.0109561 0.00982842 
0.0132869 0.00820646 0.00863376 0.00809108 0.00842369 0.00816916 0.0142542 0.0112465 0.00947864 0.00875345 0.00901012 0.0368848 0.00986122 0.0119427 0.0088475 0.013001 0.00822454 0.0174016 0.0101465 0.00548499 0.00773298 0.00423778 0.00424398 0.00416834 0.00368751 0.00353858 0.00352631 0.0037421 0.00354402 0 0.998244 0.00401645 0.0037683 0.00421898 0.00424834 0.00472605 0.00575706 0.014694 0.00879079 0.00898786 0.00810692 0.0125891 0.0185048 0.00851156 0.0306619 0.027149 0.0083105 0.0130484 0.00833266 0.012788 0.00835802 0.0106104 0.00880714 0.0103792 0.0110945 
0.00818957 0.00797781 0.00809504 0.00805967 0.00805041 0.00873182 0.0111197 0.00869365 0.00851436 0.00852641 0.0113698 0.00982092 0.0096105 0.00890939 0.00838743 0.00827874 0.00927094 0.016295 0.00616215 0.00625793 0.00602194 0.00577452 0.00621935 0.00573074 0.00516623 0.00458434 0.00383679 0.00455389 0.0061074 0.998244 0 0.00413355 0.0035464 0.00356794 0.00354735 0.00377737 0.00379955 0.00680233 0.00717334 0.00686635 0.00942969 0.00877598 0.00917823 0.00976619 0.0148173 0.00842182 0.00811164 0.00837781 0.00840326 0.00811151 0.00838007 0.0092409 0.00846501 0.00882311 0.0120545 
0.00811427 0.00815918 0.00820335 0.00827655 0.00826439 0.00817322 0.00867463 0.00892403 0.00906848 0.00895314 0.00861005 0.0102067 0.0158101 0.0103283 0.0104029 0.00905813 0.0146587 0.00887978 0.00752427 0.00765041 0.00777057 0.00730347 0.00793468 0.00831875 0.00890845 0.00523986 0.00673257 0.00923702 0.991376 0.00401645 0.00413355 0 0.00354376 0.00356497 0.0035696 0.00361531 0.0036792 0.0062956 0.00752079 0.00745838 0.00944076 0.0103864 0.00884764 0.0144268 0.0091708 0.00867486 0.00918592 0.00844953 0.00919576 0.00842134 0.0117433 0.00880382 0.00943261 0.0117553 0.00929305 
0.00824217 0.00819416 0.00848872 0.00839955 0.00837724 0.00820594 0.00844118 0.00962686 0.00921235 0.0086364 0.00874508 0.0108638 0.015349 0.0221636 0.0132704 0.0158767 0.00982445 0.00935512 0.00779868 0.00853271 0.0104467 0.00932389 0.0141601 0.00980989 0.00937081 0.0105885 0.00853263 0.941133 0.00450947 0.0037683 0.0035464 0.00354376 0 0.00355303 0.00352562 0.00356618 0.00354869 0.00675728 0.00929287 0.00830139 0.227474 0.012519 0.0112387 0.00991729 0.00957314 0.00860626 0.00849047 0.0106083 0.00906597 0.0134095 0.00964208 0.0113961 0.017892 0.0116986 0.0103156 
0.00844624 0.00849284 0.0088443 0.00892481 0.00870094 0.00865092 0.00893796 0.0094848 0.0102346 0.0091585 0.00915158 0.0134076 0.0350468 0.0375779 0.0341395 0.0184471 0.0142486 0.0106816 0.00878223 0.0103855 0.0143534 0.0187587 0.0146758 0.0136051 0.013612 0.0176648 0.89768 0.0133624 0.00501357 0.00421898 0.00356794 0.00356497 0.00355303 0 0.00352542 0.00372778 0.00354531 0.0121681 0.0107973 0.335724 0.0305909 0.0119681 0.0110928 0.0113562 0.0126852 0.00887781 0.00930517 0.0126278 0.0148467 0.0136506 0.0128942 0.0192042 0.0231841 0.0218611 0.0124835 
0.00857754 0.00871321 0.00953276 0.00946925 0.00929067 0.00881742 0.00877546 0.00967006 0.0116709 0.0100146 0.00904689 0.0139362 0.0431573 0.0982951 0.0422662 0.0413364 0.0166356 0.0110422 0.00881232 0.0126574 0.0332839 0.0158133 0.0182923 0.017896 0.0412211 0.805624 0.0291836 0.00623167 0.00540278 0.00424834 0.00354735 0.0035696 0.00352562 0.00352542 0 0.00354154 0.00352814 0.00901898 0.34153 0.0265146 0.0138939 0.0086588 0.0109454 0.02322 0.011367 0.00875323 0.0110214 0.0147572 0.013252 0.0153224 0.0152767 0.0200496 0.0347022 0.040885 0.0136551 
0.00834101 0.00844983 0.00866246 0.00901445 0.00885197 0.00848476 0.00922917 0.00920683 0.0113147 0.0105534 0.00891828 0.0123279 0.0417838 0.0365441 0.0273483 0.018858 0.0285498 0.0125769 0.0122561 0.0426747 0.0125309 0.0161846 0.0163325 0.321477 0.35478 0.0205968 0.0092126 0.00668298 0.00905414 0.00472605 0.00377737 0.00361531 0.00356618 0.00372778 0.00354154 0 0.00354371 0.297149 0.0469414 0.0251886 0.00898938 0.0100172 0.017046 0.0307141 0.0126759 0.00924991 0.0190098 0.0156832 0.0118291 0.0117924 0.0126128 0.0143862 0.0231546 0.0833849 0.0261182 
0.00917056 0.00816836 0.00831476 0.00828145 0.00856403 0.00861546 0.0129568 0.011671 0.00924892 0.00869051 0.009852 0.0274139 0.0128085 0.0171866 0.0127872 0.0134055 0.0106758 0.0160732 0.0303603 0.0106915 0.0158305 0.0111038 0.303879 0.213099 0.0240069 0.00873348 0.00716645 0.00672319 0.00573207 0.00575706 0.00379955 0.0036792 0.00354869 0.00354531 0.00352814 0.00354371 0 0.0494533 0.0266202 0.00762275 0.0177807 0.0150869 0.0106202 0.0103342 0.0241193 0.0171371 0.0167469 0.0118383 0.00946941 0.00909831 0.01043 0.0109167 0.0112543 0.0211684 0.0627095 
0.00820838 0.0079874 0.00814025 0.00815039 0.00809749 0.0116274 0.0121793 0.00875131 0.00852844 0.0083624 0.0123013 0.0119987 0.0115392 0.0110529 0.0101542 0.00922474 0.0100464 0.0194765 0.0112279 0.0118268 0.00981707 0.0145314 0.0152105 0.0105852 0.0092938 0.00883651 0.00907775 0.00837563 0.00940413 0.014694 0.00680233 0.0062956 0.00675728 0.0121681 0.00901898 0.297149 0.0494533 0 0.00365835 0.00373746 0.00419272 0.00503497 0.00619208 0.0245217 0.0587989 0.0101677 0.00737297 0.00737111 0.008843 0.00813409 0.00895345 0.00887286 0.02112 0.0101106 0.0243204 
0.00811605 0.00813825 0.00826522 0.00823798 0.00835889 0.00818996 0.00846823 0.00855681 0.00883382 0.00897559 0.00839231 0.00973592 0.0132262 0.014247 0.0115077 0.0100365 0.0138626 0.00896757 0.0106512 0.0114481 0.014362 0.0180592 0.0174711 0.0124225 0.0121942 0.0100398 0.00939839 0.0083503 0.0153544 0.00879079 0.00717334 0.00752079 0.00929287 0.0107973 0.34153 0.0469414 0.0266202 0.00365835 0 0.00356437 0.00415714 0.00573056 0.0149315 0.039748 0.0223159 0.00689358 0.00762888 0.00768691 0.00780411 0.00813164 0.0135535 0.0184621 0.0136152 0.0423708 0.0102558 
0.00814416 0.00804814 0.00823289 0.00811425 0.00828358 0.00804147 0.00852358 0.00847575 0.00905816 0.00836605 0.00824099 0.010322 0.0133436 0.013741 0.0106827 0.0116516 0.00924451 0.0103361 0.00916112 0.0142011 0.0137657 0.0133732 0.013035 0.0131631 0.0101746 0.00969866 0.00880497 0.0109568 0.00864131 0.00898786 0.00686635 0.00745838 0.00830139 0.335724 0.0265146 0.0251886 0.00762275 0.00373746 0.00356437 0 0.00354928 0.0226896 0.0339371 0.0133814 0.00870779 0.00745097 0.00798944 0.00709381 0.00679479 0.012235 0.015267 0.015434 0.00933975 0.0206672 0.0105675 
0.00846329 0.00812157 0.00809703 0.008234 0.00812528 0.00842245 0.00982553 0.0114075 0.00843687 0.00822535 0.00880046 0.0148635 0.0104555 0.010979 0.0101671 0.009275 0.0100362 0.00965098 0.0230931 0.011083 0.0108428 0.0107854 0.0118607 0.0105713 0.0105047 0.00974473 0.0116257 0.00825631 0.0108356 0.00810692 0.00942969 0.00944076 0.227474 0.0305909 0.0138939 0.00898938 0.0177807 0.00419272 0.00415714 0.00354928 0 0.0313999 0.00790884 0.00658179 0.00629005 0.00750137 0.00782379 0.00606676 0.00854773 0.0147319 0.0111137 0.00752807 0.01024 0.00981172 0.0265881 
0.00809601 0.00802476 0.00806826 0.00808981 0.00811611 0.00895506 0.0116101 0.00886178 0.00830352 0.00820491 0.0110636 0.011622 0.0117965 0.0110359 0.0109377 0.00908012 0.0103989 0.0122036 0.0122935 0.0113496 0.00986496 0.0112697 0.0132464 0.0108683 0.0100898 0.00983833 0.00999266 0.00876932 0.0124267 0.0125891 0.00877598 0.0103864 0.012519 0.0119681 0.0086588 0.0100172 0.0150869 0.00503497 0.00573056 0.0226896 0.0313999 0 0.00542994 0.00365957 0.0036916 0.00410919 0.00538898 0.00500218 0.64614 0.00648881 0.00782784 0.00642302 0.00774165 0.00738944 0.0236787 
0.00844339 0.00811495 0.00855579 0.00814793 0.00840919 0.00810353 0.0084674 0.00823347 0.00917019 0.00860717 0.00841135 0.0114715 0.0133727 0.0201248 0.0106938 0.0177163 0.00901058 0.0110003 0.00961449 0.0127736 0.017309 0.0129704 0.0161563 0.0165351 0.0134105 0.0117367 0.00887367 0.0170695 0.00872611 0.0185048 0.00917823 0.00884764 0.0112387 0.0110928 0.0109454 0.017046 0.0106202 0.00619208 0.0149315 0.0339371 0.00790884 0.00542994 0 0.0035871 0.00359778 0.00400293 0.00445133 0.852107 0.0049811 0.0113922 0.00598761 0.00855792 0.00665627 0.0240506 0.0147513 
0.00805408 0.00830098 0.00826326 0.00881365 0.0081943 0.00826094 0.0083826 0.00955441 0.00863754 0.00837449 0.00831622 0.0103723 0.0198337 0.0167903 0.0173091 0.00982445 0.0184446 0.00867985 0.0110668 0.0168771 0.0116089 0.0177072 0.0166321 0.0171548 0.0145362 0.0121148 0.0176242 0.00869044 0.0398281 0.00851156 0.00976619 0.0144268 0.00991729 0.0113562 0.02322 0.0307141 0.0103342 0.0245217 0.039748 0.0133814 0.00658179 0.00365957 0.0035871 0 0.00354176 0.00362903 0.926232 0.00394697 0.00968821 0.00460377 0.00901609 0.0057453 0.0169587 0.0218648 0.0121535 
0.00970013 0.00802843 0.00816397 0.00807706 0.00823866 0.00823466 0.0104045 0.00928075 0.00867667 0.00853023 0.0086835 0.0211087 0.0101509 0.013606 0.00982189 0.0125551 0.00890609 0.0143401 0.0170853 0.00982049 0.0124126 0.0110461 0.0135371 0.0111619 0.0110747 0.0119279 0.00923249 0.0144631 0.00864938 0.0306619 0.0148173 0.0091708 0.00957314 0.0126852 0.011367 0.0126759 0.0241193 0.0587989 0.0223159 0.00870779 0.00629005 0.0036916 0.00359778 0.00354176 0 0.923168 0.00360094 0.00788192 0.00357401 0.0129178 0.00430185 0.0175617 0.00604045 0.0102562 0.0113788 
0.00877943 0.00792572 0.00821553 0.00811449 0.0082135 0.00817215 0.00959173 0.00810965 0.00817759 0.00810563 0.00902088 0.0102284 0.00939763 0.00943729 0.00912159 0.00893901 0.00867991 0.0146327 0.00966855 0.00987994 0.00931655 0.0095518 0.00995208 0.00972805 0.00927387 0.00955551 0.00869848 0.0102606 0.00861069 0.027149 0.00842182 0.00867486 0.00860626 0.00887781 0.00875323 0.00924991 0.0171371 0.0101677 0.00689358 0.00745097 0.00750137 0.00410919 0.00400293 0.00362903 0.923168 0 0.00372522 0.00352772 0.00362306 0.00370452 0.00371063 0.00375292 0.00415601 0.00527733 0.00993376 
0.00801995 0.00828624 0.00819871 0.00839355 0.00821163 0.0081694 0.00815754 0.0083597 0.0081634 0.00829435 0.00816805 0.00857261 0.0109352 0.00951748 0.00960172 0.00873815 0.0137894 0.00839621 0.00910684 0.00963486 0.00905029 0.0108028 0.0111127 0.0101778 0.00982443 0.00893467 0.0119119 0.00832187 0.024184 0.0083105 0.00811164 0.00918592 0.00849047 0.00930517 0.0110214 0.0190098 0.0167469 0.00737297 0.00762888 0.00798944 0.00782379 0.00538898 0.00445133 0.926232 0.00360094 0.00372522 0 0.00354248 0.00357116 0.00352601 0.0038652 0.00360293 0.00382543 0.00530777 0.0047097 
0.00863414 0.00810941 0.00858477 0.0083312 0.00837509 0.00812891 0.0082543 0.00818754 0.00909123 0.0083257 0.00813014 0.0100698 0.0105338 0.0255383 0.0109997 0.0259075 0.00863584 0.0107305 0.00889751 0.0105597 0.0186851 0.014434 0.0154114 0.0171529 0.0139531 0.0204499 0.00897069 0.023523 0.00829298 0.0130484 0.00837781 0.00844953 0.0106083 0.0126278 0.0147572 0.0156832 0.0118383 0.00737111 0.00768691 0.00709381 0.00606676 0.00500218 0.852107 0.00394697 0.00788192 0.00352772 0.00354248 0 0.00354733 0.00353482 0.00353127 0.00360393 0.00361795 0.00378875 0.00418137 
0.00807574 0.00842716 0.00830473 0.00879758 0.00815591 0.00816626 0.0081093 0.0090374 0.00846464 0.00824512 0.00820767 0.00885781 0.0132374 0.0125369 0.0190112 0.00908373 0.0143981 0.00849303 0.00919192 0.0102425 0.0105452 0.0179889 0.0159392 0.0149222 0.0156971 0.0115221 0.0158429 0.00847516 0.0212355 0.00833266 0.00840326 0.00919576 0.00906597 0.0148467 0.013252 0.0118291 0.00946941 0.008843 0.00780411 0.00679479 0.00854773 0.64614 0.0049811 0.00968821 0.00357401 0.00362306 0.00357116 0.00354733 0 0.00346804 0.00357931 0.00355905 0.00359377 0.00377581 0.00363773 
0.00840128 0.00803876 0.00854992 0.00824647 0.00822723 0.00811311 0.00806858 0.00811255 0.00855026 0.00823893 0.00818949 0.00951387 0.0106168 0.0348591 0.0107966 0.0187737 0.00957524 0.00934283 0.00890984 0.010026 0.020582 0.0155315 0.0173715 0.0313496 0.0144654 0.017114 0.00891504 0.0187596 0.00832635 0.012788 0.00811151 0.00842134 0.0134095 0.0136506 0.0153224 0.0117924 0.00909831 0.00813409 0.00813164 0.012235 0.0147319 0.00648881 0.0113922 0.00460377 0.0129178 0.00370452 0.00352601 0.00353482 0.00346804 0 0.0036967 0.00356023 0.00352956 0.00366838 0.00356544 
0.00807151 0.00821585 0.00830449 0.00850331 0.00818177 0.00811779 0.00816092 0.00847822 0.00842269 0.00831993 0.00819047 0.00887528 0.015246 0.0139855 0.0164483 0.00940986 0.0113384 0.00851037 0.00918461 0.0103999 0.0114909 0.0136723 0.0215295 0.0154315 0.0145787 0.0104281 0.0161126 0.00869076 0.0189865 0.00835802 0.00838007 0.0117433 0.00964208 0.0128942 0.0152767 0.0126128 0.01043 0.00895345 0.0135535 0.015267 0.0111137 0.00782784 0.00598761 0.00901609 0.00430185 0.00371063 0.0038652 0.00353127 0.00357931 0.0036967 0 0.00353521 0.00353409 0.00358526 0.00368066 
0.00815651 0.00814366 0.00831151 0.00821323 0.00821986 0.00809924 0.00812499 0.00812468 0.00859705 0.00820987 0.00816732 0.0104429 0.0126435 0.0341828 0.0207106 0.0246586 0.00886788 0.00934363 0.0091358 0.0122416 0.022743 0.0208939 0.0284003 0.022934 0.0197181 0.0201977 0.00954032 0.0185179 0.00858267 0.0106104 0.0092409 0.00880382 0.0113961 0.0192042 0.0200496 0.0143862 0.0109167 0.00887286 0.0184621 0.015434 0.00752807 0.00642302 0.00855792 0.0057453 0.0175617 0.00375292 0.00360293 0.00360393 0.00355905 0.00356023 0.00353521 0 0.00352395 0.00354362 0.0035201 
0.00829176 0.00826806 0.0083787 0.00839302 0.00836247 0.00822495 0.00818199 0.00845798 0.0083505 0.00821529 0.00833984 0.00930805 0.0239483 0.0456869 0.0373496 0.0127764 0.0118136 0.00875832 0.010564 0.0136127 0.0232027 0.0380115 0.0365935 0.0404361 0.0300493 0.0187656 0.0230752 0.00933863 0.0162654 0.00880714 0.00846501 0.00943261 0.017892 0.0231841 0.0347022 0.0231546 0.0112543 0.02112 0.0136152 0.00933975 0.01024 0.00774165 0.00665627 0.0169587 0.00604045 0.00415601 0.00382543 0.00361795 0.00359377 0.00352956 0.00353409 0.00352395 0 0.00352419 0.00353583 
0.00817621 0.00824067 0.0084056 0.00843297 0.00840733 0.00817371 0.00828607 0.00828065 0.00911474 0.00861416 0.00836344 0.0109026 0.0218602 0.0360972 0.0165098 0.0164642 0.0118849 0.00996199 0.0101783 0.0210906 0.0200236 0.0233079 0.0273067 0.0295005 0.024726 0.0276335 0.0117453 0.0147972 0.0109561 0.0103792 0.00882311 0.0117553 0.0116986 0.0218611 0.040885 0.0833849 0.0211684 0.0101106 0.0423708 0.0206672 0.00981172 0.00738944 0.0240506 0.0218648 0.0102562 0.00527733 0.00530777 0.00378875 0.00377581 0.00366838 0.00358526 0.00354362 0.00352419 0 0.00361496 
0.00831367 0.00810515 0.00819886 0.00816058 0.00819578 0.00852579 0.0100586 0.00907828 0.00861147 0.00833637 0.00864463 0.0155233 0.0123599 0.0131263 0.0114104 0.0103681 0.0100446 0.0110382 0.0176058 0.0114443 0.0129444 0.0123499 0.0138798 0.0123679 0.0134653 0.013925 0.0138029 0.0108373 0.00982842 0.0110945 0.0120545 0.00929305 0.0103156 0.0124835 0.0136551 0.0261182 0.0627095 0.0243204 0.0102558 0.0105675 0.0265881 0.0236787 0.0147513 0.0121535 0.0113788 0.00993376 0.0047097 0.00418137 0.00363773 0.00356544 0.00368066 0.0035201 0.00353583 0.00361496 0 
