1PYTA
KEDFVGHQVLRITAADEAEVQTVKELEDLEHLQLDFWRGPGQPGSPIDVRVPFPSLQAVKVFLEAHGIRYRIMIEDVQSLLDEEQEQMFASQSR
CCCCCCCEEEEEECCCHHHHHHHHCCCCCHHHCCEEEECCCCCCCCEEEEECHHHHHHHHHHHHHCCCEEEEEECCHHHHHHHHHHHHHHCCCC
0 0 0 0 0 0 0 0 0 0 0 0 0 0 0 0 0 0 0 0 0 0 0 0 0 0 0 0 0 0 0 0 0 0 0 0 0 0 0 0 0 0 0 0 0 0 0 0 0 0 0 0 0 0 0 0 0 0 0 0 0 0 0 0 0 0 0 0 0 0 0 0 0 0 0 0 0 0 0 0 0 0 0 0 0 0 0 0 0 0 0 0 0 0 
0 0 0 0 0 0 0 0 0 0 0 0 0 0 0 0 0 0 0 0 0 0 0 0 0 0 0 0 0 0 0 0 0 0 0 0 0 0 0 0 0 0 0 0 0 0 0 0 0 0 0 0 0 0 0 0 0 0 0 0 0 0 0 0 0 0 0 0 0 0 0 0 0 0 0 0 0 0 0 0 0 0 0 0 0 0 0 0 0 0 0 0 0 0 
0 0.00358933 0.00356097 0.00361367 0.0036193 0.00816679 0.0781621 0.0132888 0.0123139 0.0270934 0.02401 0.0123742 0.0157177 0.0133736 0.0553257 0.0107829 0.00940711 0.0100739 0.0125365 0.0118611 0.0249163 
0.00358933 0 0.00354953 0.00357541 0.00484201 0.00370973 0.0563395 0.114603 0.0428232 0.0255099 0.0147889 0.0775995 0.0240861 0.0969225 0.0109157 0.00959544 0.0177497 0.0187056 0.0204742 0.101911 0.0112604 
0.00356097 0.00354953 0 0.00376171 0.00358317 0.00356048 0.0192632 0.098265 0.0500494 0.014984 0.0186296 0.0164042 0.344352 0.0151986 0.0160624 0.00907089 0.0230851 0.013216 0.260184 0.0151743 0.0132351 
0.00361367 0.00357541 0.00376171 0 0.00353896 0.00362767 0.0567604 0.0473501 0.0461581 0.0233091 0.0114061 0.199159 0.0154594 0.0960708 0.00952591 0.0151202 0.00948541 0.258156 0.0126289 0.0595567 0.00948467 
0.0036193 0.00484201 0.00358317 0.00353896 0 0.00355807 0.013097 0.0683508 0.0840357 0.0137465 0.0804615 0.0102256 0.0558822 0.0127829 0.0233156 0.00868007 0.223664 0.00906091 0.04736 0.0105854 0.0168607 
0.00816679 0.00370973 0.00356048 0.00362767 0.00355807 0 0.0466162 0.0160032 0.0355835 0.0914545 0.020075 0.0224622 0.00994545 0.0234214 0.0139309 0.150789 0.00953848 0.0142195 0.00916047 0.0197392 0.0109331 
0.0781621 0.0563395 0.0192632 0.0567604 0.013097 0.0466162 0 0.00352276 0.00355751 0.00370608 0.00696476 0.00844615 0.00856757 0.472584 0.0190863 0.0182195 0.00891505 0.0167321 0.0102036 0.0187414 0.0148964 
0.0132888 0.114603 0.098265 0.0473501 0.0683508 0.0160032 0.00352276 0 0.00356234 0.00353979 0.0103388 0.00969416 0.540354 0.0307645 0.0121202 0.00936006 0.0392663 0.0110917 0.0601928 0.0189018 0.0152862 
0.0123139 0.0428232 0.0500494 0.0461581 0.0840357 0.0355835 0.00355751 0.00356234 0 0.00355883 0.0101605 0.155032 0.022542 0.0167922 0.00778455 0.0109834 0.0173385 0.0193756 0.0192989 0.0369483 0.0122092 
0.0270934 0.0255099 0.014984 0.0233091 0.0137465 0.0914545 0.00370608 0.00353979 0.00355883 0 0.0642639 0.144384 0.00910452 0.0107163 0.00959558 0.0211232 0.0119041 0.0105705 0.0113051 0.0140515 0.0258898 
0.02401 0.0147889 0.0186296 0.0114061 0.0804615 0.020075 0.00696476 0.0103388 0.0101605 0.0642639 0 0.00360949 0.00354244 0.00362706 0.0040276 0.0355071 0.0373429 0.0102065 0.028047 0.0117098 0.0427112 
0.0123742 0.0775995 0.0164042 0.199159 0.0102256 0.0224622 0.00844615 0.00969416 0.155032 0.144384 0.00360949 0 0.00353646 0.003578 0.00354243 0.0491532 0.013981 0.0895673 0.0105204 0.0998154 0.00967825 
0.0157177 0.0240861 0.344352 0.0154594 0.0558822 0.00994545 0.00856757 0.540354 0.022542 0.00910452 0.00354244 0.00353646 0 0.00356008 0.00366929 0.0105244 0.15498 0.0138336 0.24538 0.0118768 0.0248197 
0.0133736 0.0969225 0.0151986 0.0960708 0.0127829 0.0234214 0.472584 0.0307645 0.0167922 0.0107163 0.00362706 0.003578 0.00356008 0 0.0035614 0.0393427 0.0121809 0.111596 0.0130645 0.216954 0.0120129 
0.0553257 0.0109157 0.0160624 0.00952591 0.0233156 0.0139309 0.0190863 0.0121202 0.00778455 0.00959558 0.0040276 0.00354243 0.00366929 0.0035614 0 0.0288509 0.0357151 0.00829841 0.020843 0.0116196 0.150718 
0.0107829 0.00959544 0.00907089 0.0151202 0.00868007 0.150789 0.0182195 0.00936006 0.0109834 0.0211232 0.0355071 0.0491532 0.0105244 0.0393427 0.0288509 0 0.00358726 0.00387309 0.00353151 0.00423276 0.00434019 
0.00940711 0.0177497 0.0230851 0.00948541 0.223664 0.00953848 0.00891505 0.0392663 0.0173385 0.0119041 0.0373429 0.013981 0.15498 0.0121809 0.0357151 0.00358726 0 0.00352413 0.00371832 0.00354601 0.00408264 
0.0100739 0.0187056 0.013216 0.258156 0.00906091 0.0142195 0.0167321 0.0110917 0.0193756 0.0105705 0.0102065 0.0895673 0.0138336 0.111596 0.00829841 0.00387309 0.00352413 0 0.00353891 0.00356525 0.00354457 
0.0125365 0.0204742 0.260184 0.0126289 0.04736 0.00916047 0.0102036 0.0601928 0.0192989 0.0113051 0.028047 0.0105204 0.24538 0.0130645 0.020843 0.00353151 0.00371832 0.00353891 0 0.00351893 0.00355421 
0.0118611 0.101911 0.0151743 0.0595567 0.0105854 0.0197392 0.0187414 0.0189018 0.0369483 0.0140515 0.0117098 0.0998154 0.0118768 0.216954 0.0116196 0.00423276 0.00354601 0.00356525 0.00351893 0 0.00354001 
0.0249163 0.0112604 0.0132351 0.00948467 0.0168607 0.0109331 0.0148964 0.0152862 0.0122092 0.0258898 0.0427112 0.00967825 0.0248197 0.0120129 0.150718 0.00434019 0.00408264 0.00354457 0.00355421 0.00354001 0 
