1Q4KB
DCHLSDMLQQLHSVNASKPSERGLVRQEEAEDPACIPIFWVSKWVDYSDKYGLGYQLCDNSVGVLFNDSTRLILYNDGDSLQYIERDGTESYLTVSSHPNSLMKKITLLKYFRNYMSEHLLKAGANITPREGDELARLPYLRTWFRTRSAIILHLSNGSVQINFFQDHTKLILCPLMAAVTYIDEKRDFRTYRLSLLEEYGCCKELASRLRYARTMVDKLLSSR
CCHHHHHHHHHHHHHHCCCCCCCCCCHHHHECHHHCCCCCEEEEEEECCCCEEEEEECCCCEEEEECCCCEEEECCCCCEEEEECCCCCEEEEECCCCCHHHHHHHHHHHHHHHHHHHHECCCCCCCCCCCCCCCCCCCCEEEEEECCCEEEEEECCCCEEEEECCCCCEEEEECCCCEEEEECCCCCEEEEEHHHHHHHCCCHHHHHHHHHHHHHHHHHHHCC
0 0 0 0 0 0 0 0 0 0 0 0 0 0 0 0 0 0 0 0 0 0 0 0 0 0 0 0 0 0 0 0 0 0 0 0 0 0 0 0 0 0 0 0 0 0 0 0 0 0 0 0 0 0 0 0 0 0 0 0 0 0 0 0 0 0 0 0 0 0 0 0 0 0 0 0 0 0 0 0 0 0 0 0 0 0 0 0 0 0 0 0 0 0 0 0 0 0 0 0 0 0 0 0 0 0 0 0 0 0 0 0 0 0 0 0 0 0 0 0 0 0 0 0 0 0 0 0 0 0 0 0 0 0 0 0 0 0 0 0 0 0 0 0 0 0 0 0 0 0 0 0 0 0 0 0 0 0 0 0 0 0 0 0 0 0 0 0 0 0 0 0 0 0 0 0 0 0 0 0 0 0 0 0 0 0 0 0 0 0 0 0 0 0 0 0 0 0 0 0 0 0 0 0 0 0 0 0 0 0 0 0 0 0 0 0 0 0 0 0 0 0 0 0 
0 0 0 0 0 0 0 0 0 0 0 0 0 0 0 0 0 0 0 0 0 0 0 0 0 0 0 0 0 0 0 0 0 0 0 0 0 0 0 0 0 0 0 0 0 0 0 0 0 0 0 0 0 0 0 0 0 0 0 0 0 0 0 0 0 0 0 0 0 0 0 0 0 0 0 0 0 0 0 0 0 0 0 0 0 0 0 0 0 0 0 0 0 0 0 0 0 0 0 0 0 0 0 0 0 0 0 0 0 0 0 0 0 0 0 0 0 0 0 0 0 0 0 0 0 0 0 0 0 0 0 0 0 0 0 0 0 0 0 0 0 0 0 0 0 0 0 0 0 0 0 0 0 0 0 0 0 0 0 0 0 0 0 0 0 0 0 0 0 0 0 0 0 0 0 0 0 0 0 0 0 0 0 0 0 0 0 0 0 0 0 0 0 0 0 0 0 0 0 0 0 0 0 0 0 0 0 0 0 0 0 0 0 0 0 0 0 0 0 0 0 0 0 0 
0 0.00680525 0.00447451 0.00453652 0.00503684 0.00872237 0.00547469 0.00725028 0.0104549 0.0076919 0.00747923 0.00805478 0.00813627 0.0113933 0.0142238 0.0100212 0.00951724 0.0100109 0.0143875 0.0149841 0.00962594 0.0104069 0.0112755 0.0129953 0.00893648 0.00923393 0.0105123 0.0110896 0.0101738 0.00847523 0.00843583 0.00875724 0.0104834 0.0231074 0.00916383 0.00808855 0.00813272 0.00820493 0.00824446 0.00913365 0.00967177 0.0082928 0.00823667 0.00831241 0.00837172 0.00922959 0.00883749 0.0082811 0.00808465 0.00825862 0.00886802 0.00904656 0.00830346 0.00821494 0.00831747 0.00911358 0.00899131 0.00803953 0.00808235 0.00832188 0.00875218 0.00877633 0.00799502 0.00801839 0.00817767 0.00934438 
0.00680525 0 0.00365236 0.0036845 0.00364762 0.00365547 0.00361714 0.00445731 0.00702033 0.00758197 0.0100958 0.0100157 0.00988476 0.436174 0.034191 0.0132521 0.0144308 0.0112687 0.0627002 0.0139594 0.0168911 0.0135088 0.0264533 0.0107448 0.0130622 0.0106899 0.011682 0.0187875 0.00904028 0.00895257 0.00882985 0.00940818 0.0128542 0.00928755 0.00913553 0.00893477 0.00870063 0.00855468 0.00880613 0.01013 0.0108824 0.0102031 0.0103737 0.00949918 0.00913324 0.0111229 0.00923605 0.00854069 0.00929149 0.00868944 0.00935012 0.00872859 0.00998621 0.0100287 0.00914841 0.00919323 0.0086251 0.0088167 0.00863995 0.00891444 0.0102609 0.00820874 0.00821421 0.00816023 0.00847497 0.00883227 
0.00447451 0.00365236 0 0.00360603 0.00361525 0.00356315 0.00358574 0.00358614 0.00588059 0.00831009 0.00887333 0.00855293 0.0891541 0.208029 0.00936943 0.0215582 0.0132111 0.0271983 0.00915933 0.0117424 0.0187056 0.0237683 0.00989483 0.0109725 0.0144646 0.0172553 0.0182241 0.00941431 0.00874619 0.00950444 0.00914882 0.0101639 0.00883599 0.00855401 0.00872348 0.00987263 0.0104088 0.0104698 0.00996181 0.00866976 0.0091484 0.0127054 0.0148806 0.0127571 0.0113301 0.00862038 0.00856972 0.0112435 0.00965584 0.0108015 0.00851948 0.00852189 0.010875 0.0112755 0.010522 0.00848603 0.00844605 0.0089613 0.0103326 0.00952102 0.00846326 0.00806278 0.00841096 0.0084342 0.00866112 0.00846864 
0.00453652 0.0036845 0.00360603 0 0.00360814 0.00353605 0.00353791 0.00357675 0.00601249 0.00716831 0.0105631 0.03004 0.784021 0.0133128 0.0106854 0.0126405 0.0334104 0.0115446 0.0107423 0.011298 0.0235921 0.015314 0.0105247 0.00977666 0.0131581 0.0253798 0.0140703 0.0100019 0.00869708 0.00893843 0.0113005 0.00970206 0.00883197 0.00842542 0.00886914 0.0103592 0.0149387 0.011382 0.0108049 0.00857905 0.00934541 0.0132813 0.0232504 0.0203528 0.0118022 0.00880555 0.00877731 0.00968901 0.0165468 0.009581 0.00866614 0.00858497 0.0112537 0.0155937 0.0108316 0.00856211 0.00846001 0.00950886 0.0113918 0.0100404 0.00859883 0.00810112 0.00849634 0.00855323 0.00864606 0.00837827 
0.00503684 0.00364762 0.00361525 0.00360814 0 0.00351976 0.00352078 0.00354353 0.00457166 0.0071261 0.0312546 0.945173 0.0240776 0.0119048 0.00900508 0.0230385 0.0200619 0.0205448 0.00958394 0.0138619 0.0207472 0.0148722 0.0138425 0.0107728 0.013887 0.0248199 0.0166213 0.00982082 0.00881325 0.00998175 0.0104309 0.0100908 0.0090116 0.00854956 0.00890057 0.0117161 0.0139576 0.0143926 0.0101333 0.00882049 0.00956472 0.0163135 0.0297517 0.024975 0.0122927 0.00917423 0.00877638 0.0116126 0.0172552 0.0116838 0.00925622 0.00876753 0.014241 0.0192801 0.0126932 0.00906325 0.00862196 0.0101629 0.0125372 0.0114071 0.00937731 0.00817514 0.00858722 0.00865433 0.00912494 0.00849045 
0.00872237 0.00365547 0.00356315 0.00353605 0.00351976 0 0.00352357 0.00351765 0.00451116 0.0174761 0.911608 0.0230847 0.0131005 0.00790965 0.0127718 0.0104869 0.0350846 0.0119829 0.00992348 0.00970151 0.022317 0.0220873 0.00982986 0.00926291 0.0141713 0.0176758 0.0126378 0.0094671 0.00877939 0.00981306 0.0101823 0.00938942 0.00870104 0.00877807 0.00912408 0.0100899 0.0125374 0.0104553 0.00952076 0.00840253 0.00925894 0.0122791 0.0203308 0.0201344 0.0101835 0.00854372 0.00882438 0.00934925 0.0167198 0.00948845 0.00857878 0.00837331 0.0104537 0.0157728 0.0103011 0.00845414 0.00837357 0.00909981 0.0109518 0.00958853 0.00852576 0.00816044 0.00839514 0.00845419 0.00849413 0.00821097 
0.00547469 0.00361714 0.00358574 0.00353791 0.00352078 0.00352357 0 0.00354307 0.0208228 0.891532 0.0114778 0.0141859 0.00758102 0.00731696 0.00791881 0.0203259 0.0103613 0.0149438 0.00865838 0.011006 0.0266148 0.0216615 0.0101744 0.00994072 0.0104521 0.0136711 0.0126372 0.00890914 0.00916497 0.00905226 0.00897113 0.00897771 0.00887206 0.00865806 0.00871323 0.00992776 0.00881563 0.00899931 0.00855732 0.00830925 0.00866046 0.00964018 0.0109698 0.010189 0.0101631 0.00840962 0.00859473 0.00932819 0.00899135 0.00982181 0.00829719 0.00834061 0.00939384 0.00968291 0.00989404 0.00830831 0.00837827 0.00862969 0.0091015 0.00865252 0.00848041 0.00804125 0.00821081 0.0082523 0.00821026 0.00816038 
0.00725028 0.00445731 0.00358614 0.00357675 0.00354353 0.00351765 0.00354307 0 0.91543 0.0115475 0.0198746 0.00536359 0.00621629 0.00740748 0.0175752 0.00977973 0.0107124 0.00991498 0.0156791 0.0348185 0.0111822 0.0114128 0.0132758 0.0130138 0.0105842 0.00921513 0.00945765 0.0118868 0.0126281 0.00900959 0.00892685 0.00869837 0.00986002 0.01202 0.0108285 0.00848971 0.00850505 0.00848345 0.00861058 0.00833879 0.011432 0.00904142 0.00888622 0.00886894 0.00848776 0.00885403 0.011902 0.0083804 0.00878752 0.00831158 0.00839092 0.00993291 0.00890412 0.00869109 0.00853401 0.00836186 0.00910118 0.00858403 0.00852665 0.0084664 0.00839878 0.00871012 0.00825173 0.00812933 0.00827397 0.0081689 
0.0104549 0.00702033 0.00588059 0.00601249 0.00457166 0.00451116 0.0208228 0.91543 0 0.00374417 0.00355122 0.00354721 0.00365042 0.00398208 0.00672433 0.00761971 0.00754078 0.0139372 0.762983 0.0143366 0.0114813 0.0150263 0.0204874 0.0150657 0.0103008 0.0101259 0.0120245 0.0202702 0.01079 0.0090951 0.00953198 0.00947338 0.0188774 0.00943303 0.00954951 0.00848792 0.00854175 0.00843153 0.00852173 0.0110164 0.0107097 0.00936071 0.00910384 0.00907948 0.00903391 0.01079 0.00945121 0.00868146 0.00859973 0.00888415 0.00936794 0.0092364 0.00912217 0.00887726 0.00881565 0.00959004 0.00859302 0.00829749 0.00853779 0.00863701 0.00955126 0.00822174 0.00807727 0.00807255 0.00826441 0.00961064 
0.0076919 0.00758197 0.00831009 0.00716831 0.0071261 0.0174761 0.891532 0.0115475 0.00374417 0 0.00352566 0.00353265 0.00366936 0.00367262 0.00590994 0.00802675 0.00972324 0.780507 0.0363315 0.00891064 0.01696 0.0181261 0.0122559 0.00869629 0.0162054 0.0110536 0.033292 0.0111618 0.00870604 0.0095731 0.00883504 0.0141692 0.00917309 0.00858839 0.00856937 0.00941082 0.00911521 0.00937873 0.00974783 0.00870613 0.00874487 0.0118298 0.0126565 0.01312 0.00982432 0.00914512 0.00839959 0.00895005 0.0116727 0.0093885 0.00888261 0.00824202 0.010737 0.0100396 0.0101424 0.00849651 0.00821127 0.00916024 0.00898955 0.00943805 0.00860891 0.00799395 0.00832147 0.00816711 0.00852779 0.00834145 
0.00747923 0.0100958 0.00887333 0.0105631 0.0312546 0.911608 0.0114778 0.0198746 0.00355122 0.00352566 0 0.003618 0.00356124 0.00355087 0.00516897 0.0107082 0.77117 0.0575911 0.0111095 0.00902095 0.0123943 0.0175492 0.00966251 0.0118634 0.00936937 0.0397839 0.0128462 0.00946695 0.00867915 0.00878179 0.0113275 0.00892791 0.00992813 0.0083409 0.00863331 0.00931849 0.0144319 0.0116732 0.00909837 0.00875395 0.00875165 0.0123725 0.0256956 0.017079 0.0119252 0.00865057 0.00865505 0.010559 0.0119571 0.0121493 0.00883823 0.00844506 0.0105089 0.0154516 0.0106842 0.00848956 0.00844954 0.00908519 0.0117802 0.00967496 0.00864693 0.00805034 0.00838354 0.00845654 0.00849402 0.00845165 
0.00805478 0.0100157 0.00855293 0.03004 0.945173 0.0230847 0.0141859 0.00536359 0.00354721 0.00353265 0.003618 0 0.00353075 0.00354096 0.00682475 0.73661 0.0863918 0.022664 0.00902427 0.0114851 0.0152545 0.0102544 0.0121764 0.00881277 0.0303257 0.0134237 0.0172475 0.00999194 0.00878876 0.00987553 0.0093604 0.0104311 0.00902233 0.00882105 0.00909117 0.0116868 0.0137421 0.0127229 0.00971983 0.00876185 0.0101203 0.0139963 0.0253975 0.0262865 0.0102912 0.00919676 0.00934659 0.00961805 0.0194925 0.00971128 0.0094574 0.00872525 0.0130056 0.0162479 0.0110944 0.0087495 0.00871895 0.00993737 0.0110924 0.0102925 0.00901334 0.00828793 0.00851877 0.0086344 0.00906587 0.00837498 
0.00813627 0.00988476 0.0891541 0.784021 0.0240776 0.0131005 0.00758102 0.00621629 0.00365042 0.00366936 0.00356124 0.00353075 0 0.00358509 0.679316 0.0549642 0.0132746 0.0138684 0.00760342 0.0104264 0.013126 0.026729 0.00911533 0.0155611 0.0128323 0.0157513 0.0220349 0.0100971 0.00935125 0.00924425 0.00949384 0.00976915 0.00997011 0.00857524 0.00958647 0.00941525 0.00983199 0.00934271 0.00946 0.00869544 0.0092747 0.0120472 0.0135022 0.0120186 0.017077 0.00856584 0.00872409 0.0105505 0.00989273 0.0132636 0.00852632 0.00875323 0.0106702 0.0117002 0.0120115 0.00857199 0.00847961 0.00886767 0.00954657 0.0100898 0.00863774 0.00809039 0.00831799 0.00828176 0.00862632 0.00833917 
0.0113933 0.436174 0.208029 0.0133128 0.0119048 0.00790965 0.00731696 0.00740748 0.00398208 0.00367262 0.00355087 0.00354096 0.00358509 0 0.0375159 0.00880691 0.00533921 0.00845874 0.0097925 0.012018 0.0122451 0.0093021 0.0219487 0.0130146 0.0113793 0.00975063 0.0136744 0.0163972 0.0108713 0.00881985 0.00884496 0.00932821 0.0105641 0.0140396 0.0129434 0.00928378 0.00883634 0.00888455 0.00951872 0.00923542 0.0122919 0.0105841 0.0114041 0.0103744 0.0104231 0.0114322 0.0117396 0.00893991 0.00962172 0.00939449 0.0100375 0.00978075 0.0101925 0.0106616 0.00980913 0.00912173 0.00912079 0.00906131 0.00913405 0.00901497 0.00907924 0.00850378 0.00820073 0.00814778 0.00836441 0.00826625 
0.0142238 0.034191 0.00936943 0.0106854 0.00900508 0.0127718 0.00791881 0.0175752 0.00672433 0.00590994 0.00516897 0.00682475 0.679316 0.0375159 0 0.00358324 0.0036131 0.00367742 0.00446424 0.00659499 0.00774521 0.00951696 0.636548 0.0140557 0.0101074 0.00917806 0.0128217 0.0220892 0.011547 0.0092333 0.00903082 0.0100844 0.0202942 0.0105761 0.0102168 0.00888586 0.00858825 0.00862367 0.00929934 0.0124238 0.0115412 0.0102038 0.0107037 0.00974107 0.00973572 0.0133023 0.0100643 0.00858449 0.00909922 0.00890036 0.0111578 0.00906484 0.00943081 0.00926256 0.00944079 0.011516 0.00861086 0.00846843 0.0085989 0.00887553 0.0109002 0.00819332 0.0080235 0.00803442 0.00835898 0.00966066 
0.0100212 0.0132521 0.0215582 0.0126405 0.0230385 0.0104869 0.0203259 0.00977973 0.00761971 0.00802675 0.0107082 0.73661 0.0549642 0.00880691 0.00358324 0 0.00354739 0.00361417 0.00361809 0.00719058 0.0109953 0.652521 0.0298406 0.0106308 0.0129591 0.0144964 0.0193263 0.0127082 0.00915747 0.0117722 0.0100117 0.0152869 0.0107756 0.00904814 0.0102783 0.0121606 0.0132011 0.0135472 0.0117746 0.00961482 0.0111284 0.0254928 0.0257384 0.0237674 0.0170316 0.0096577 0.00924962 0.0177236 0.0123808 0.0141971 0.00949216 0.00936149 0.0172578 0.0167035 0.0132251 0.00927511 0.00895218 0.0108099 0.0117365 0.0112048 0.00986284 0.0083936 0.00858946 0.00857134 0.00908379 0.00903296 
0.00951724 0.0144308 0.0132111 0.0334104 0.0200619 0.0350846 0.0103613 0.0107124 0.00754078 0.00972324 0.77117 0.0863918 0.0132746 0.00533921 0.0036131 0.00354739 0 0.00363305 0.00356927 0.00604158 0.647825 0.0646054 0.0247368 0.00810016 0.0143267 0.0184457 0.0304967 0.0104759 0.00930755 0.0102989 0.0233535 0.0117937 0.00986139 0.00919971 0.0102119 0.0150276 0.026502 0.0236706 0.0121129 0.0093033 0.0134522 0.0259827 0.0829187 0.0680861 0.0172829 0.00998553 0.0106564 0.0124451 0.0550046 0.0120737 0.00956611 0.00924908 0.0197971 0.0396402 0.0196657 0.00912201 0.00892454 0.0117683 0.0197467 0.0141113 0.00934083 0.00830847 0.00856987 0.00895055 0.00937529 0.00863848 
0.0100109 0.0112687 0.0271983 0.0115446 0.0205448 0.0119829 0.0149438 0.00991498 0.0139372 0.780507 0.0575911 0.022664 0.0138684 0.00845874 0.00367742 0.00361417 0.00363305 0 0.0037124 0.607992 0.0509687 0.0275146 0.00769291 0.00959081 0.0322562 0.016264 0.0180712 0.00988516 0.00953363 0.0151131 0.00965803 0.0126987 0.0110712 0.00911819 0.0104385 0.0110448 0.0116231 0.0103496 0.0101509 0.00894406 0.01056 0.0170796 0.0215074 0.0155614 0.0188957 0.00900688 0.00933297 0.0157713 0.0111842 0.0158756 0.0087281 0.0095391 0.012644 0.015166 0.0131883 0.00882734 0.00897069 0.00979131 0.0113146 0.0108602 0.00894194 0.00837323 0.00872038 0.00847323 0.00866436 0.00857431 
0.0143875 0.0627002 0.00915933 0.0107423 0.00958394 0.00992348 0.00865838 0.0156791 0.762983 0.0363315 0.0111095 0.00902427 0.00760342 0.0097925 0.00446424 0.00361809 0.00356927 0.0037124 0 0.0419486 0.0144031 0.00526609 0.0145612 0.0126067 0.0120897 0.00844668 0.0117598 0.0188495 0.0315391 0.0092744 0.00913037 0.00960744 0.0123046 0.022301 0.0182495 0.00939487 0.00874207 0.0089829 0.00927283 0.00888448 0.017084 0.0106002 0.0105862 0.0102433 0.00953048 0.011895 0.0146385 0.00882121 0.0100451 0.00883311 0.0105596 0.0128155 0.0102514 0.00965139 0.0102463 0.00922117 0.0111939 0.00928967 0.00880527 0.00936921 0.00920952 0.00971703 0.00838374 0.00825994 0.00850628 0.00831507 
0.0149841 0.0139594 0.0117424 0.011298 0.0138619 0.00970151 0.011006 0.0348185 0.0143366 0.00891064 0.00902095 0.0114851 0.0104264 0.012018 0.00659499 0.00719058 0.00604158 0.607992 0.0419486 0 0.00361718 0.00362014 0.00533833 0.0139141 0.00667083 0.0228968 0.097896 0.692976 0.011078 0.00848773 0.00952528 0.00980178 0.0364792 0.0100249 0.0122914 0.00886431 0.00951753 0.00917067 0.00898459 0.015627 0.0153274 0.0123515 0.0108127 0.0101473 0.0106943 0.0135867 0.0105808 0.0105439 0.0089316 0.0120519 0.0112601 0.0109107 0.0106623 0.0105592 0.0101965 0.013403 0.00954344 0.00853191 0.0088701 0.00935779 0.0117551 0.00842244 0.00807333 0.00815175 0.00850051 0.0113794 
0.00962594 0.0168911 0.0187056 0.0235921 0.0207472 0.022317 0.0266148 0.0111822 0.0114813 0.01696 0.0123943 0.0152545 0.013126 0.0122451 0.00774521 0.0109953 0.647825 0.0509687 0.0144031 0.00361718 0 0.00392477 0.0035828 0.0051942 0.0518035 0.025103 0.766378 0.0102092 0.00826957 0.0103105 0.00889206 0.0180049 0.00999063 0.0108927 0.0113999 0.0191256 0.0129274 0.0149839 0.0137764 0.00917481 0.0136381 0.0313412 0.0332126 0.0339578 0.0145731 0.0098969 0.0109222 0.0123061 0.0225371 0.0114782 0.00970554 0.00960576 0.027107 0.0221786 0.0161114 0.00917408 0.00907898 0.0129989 0.0122817 0.0141239 0.00953229 0.00840862 0.00868624 0.00864742 0.00990404 0.00877145 
0.0104069 0.0135088 0.0237683 0.015314 0.0148722 0.0220873 0.0216615 0.0114128 0.0150263 0.0181261 0.0175492 0.0102544 0.026729 0.0093021 0.00951696 0.652521 0.0646054 0.0275146 0.00526609 0.00362014 0.00392477 0 0.00354107 0.073266 0.0243884 0.725739 0.0157288 0.00733243 0.00925301 0.00928126 0.0154244 0.00933925 0.0135616 0.00922684 0.0147452 0.0117165 0.0146837 0.0115184 0.0117938 0.00925635 0.0112978 0.0213503 0.0257248 0.0185705 0.0250999 0.00918509 0.0101285 0.0203638 0.0118991 0.0190182 0.00891108 0.010027 0.0129109 0.0205458 0.0174262 0.00909812 0.00938629 0.0098198 0.0133098 0.0120064 0.00918357 0.00839243 0.0087311 0.00868471 0.00895773 0.00864489 
0.0112755 0.0264533 0.00989483 0.0105247 0.0138425 0.00982986 0.0101744 0.0132758 0.0204874 0.0122559 0.00966251 0.0121764 0.00911533 0.0219487 0.636548 0.0298406 0.0247368 0.00769291 0.0145612 0.00533833 0.0035828 0.00354107 0 0.0334171 0.661314 0.00541047 0.00690842 0.00852213 0.0116409 0.0188601 0.00839669 0.00952805 0.0111348 0.0280071 0.016501 0.0101676 0.00878943 0.00893047 0.00928671 0.00898935 0.019421 0.0107412 0.0104414 0.0103731 0.00922677 0.0117284 0.0166969 0.00891839 0.00995381 0.00892627 0.0104837 0.0121877 0.0103985 0.00958413 0.00978619 0.00918941 0.0108955 0.00946286 0.00883532 0.00907793 0.00933742 0.0094777 0.00839705 0.00832355 0.00856976 0.00839842 
0.0129953 0.0107448 0.0109725 0.00977666 0.0107728 0.00926291 0.00994072 0.0130138 0.0150657 0.00869629 0.0118634 0.00881277 0.0155611 0.0130146 0.0140557 0.0106308 0.00810016 0.00959081 0.0126067 0.0139141 0.0051942 0.073266 0.0334171 0 0.00390955 0.00356825 0.00374344 0.00414582 0.00824224 0.00636731 0.00815381 0.0109664 0.888778 0.009239 0.0119093 0.00854635 0.00927043 0.00873914 0.00910975 0.0172801 0.012737 0.0100489 0.00954876 0.00894723 0.0111041 0.0112583 0.00909767 0.0105458 0.00850162 0.0103511 0.00999334 0.0118814 0.00902182 0.00940931 0.00921297 0.0108807 0.00960769 0.00829381 0.00897205 0.00886361 0.010632 0.00835346 0.0081125 0.00814384 0.00822986 0.0127468 
0.00893648 0.0130622 0.0144646 0.0131581 0.013887 0.0141713 0.0104521 0.0105842 0.0103008 0.0162054 0.00936937 0.0303257 0.0128323 0.0113793 0.0101074 0.0129591 0.0143267 0.0322562 0.0120897 0.00667083 0.0518035 0.0243884 0.661314 0.00390955 0 0.00352885 0.00358941 0.00368234 0.00546256 0.00652899 0.00837963 0.943975 0.0121727 0.0121716 0.00919796 0.0149459 0.00915383 0.0111994 0.0132954 0.00878889 0.0102786 0.0146805 0.012437 0.0252109 0.00971858 0.00964493 0.00982762 0.00901346 0.0190069 0.00912597 0.00896332 0.00847519 0.0200856 0.0111646 0.0115028 0.00935003 0.00842394 0.0109745 0.00917358 0.0099302 0.00913346 0.00826853 0.00830271 0.00818435 0.0100212 0.00843728 
0.00923393 0.0106899 0.0172553 0.0253798 0.0248199 0.0176758 0.0136711 0.00921513 0.0101259 0.0110536 0.0397839 0.0134237 0.0157513 0.00975063 0.00917806 0.0144964 0.0184457 0.016264 0.00844668 0.0228968 0.025103 0.725739 0.00541047 0.00356825 0.00352885 0 0.00353911 0.00356437 0.00607279 0.0076637 0.924212 0.012065 0.00894244 0.00888512 0.0113431 0.0104357 0.0342724 0.0183423 0.0096395 0.00958024 0.00984873 0.0193261 0.0525108 0.0223883 0.0163148 0.00901533 0.00906405 0.0191508 0.0131806 0.015929 0.00905038 0.00898587 0.0124935 0.0483729 0.0133433 0.00888881 0.00881823 0.00964893 0.0203893 0.0106366 0.00878976 0.00820762 0.00839709 0.00905741 0.00866418 0.0086874 
0.0105123 0.011682 0.0182241 0.0140703 0.0166213 0.0126378 0.0126372 0.00945765 0.0120245 0.033292 0.0128462 0.0172475 0.0220349 0.0136744 0.0128217 0.0193263 0.0304967 0.0180712 0.0117598 0.097896 0.766378 0.0157288 0.00690842 0.00374344 0.00358941 0.00353911 0 0.00360815 0.0203965 0.939574 0.00882668 0.00880837 0.00740975 0.0105631 0.0110138 0.0160723 0.012357 0.0104567 0.0127305 0.00900325 0.010614 0.0193472 0.0176034 0.0183806 0.0166067 0.00929616 0.0111726 0.012413 0.0143405 0.0154342 0.00915054 0.00994852 0.0150885 0.0138634 0.0200507 0.00914357 0.00922895 0.0113485 0.010796 0.0129533 0.00909611 0.00857159 0.00885376 0.0084508 0.00922096 0.00875596 
0.0110896 0.0187875 0.00941431 0.0100019 0.00982082 0.0094671 0.00890914 0.0118868 0.0202702 0.0111618 0.00946695 0.00999194 0.0100971 0.0163972 0.0220892 0.0127082 0.0104759 0.00988516 0.0188495 0.692976 0.0102092 0.00733243 0.00852213 0.00414582 0.00368234 0.00356437 0.00360815 0 0.937392 0.00765964 0.0049198 0.00541914 0.0108551 0.0195129 0.0176361 0.0124665 0.00883575 0.0090742 0.00919469 0.00919505 0.0166211 0.0101829 0.00985162 0.00963265 0.00922359 0.0105206 0.015384 0.00887749 0.00945029 0.00886923 0.0101145 0.0117278 0.00983002 0.00932297 0.0095303 0.00905485 0.0105592 0.00913062 0.00871354 0.00920459 0.00935454 0.00960128 0.00833272 0.00832177 0.00886561 0.0083703 
0.0101738 0.00904028 0.00874619 0.00869708 0.00881325 0.00877939 0.00916497 0.0126281 0.01079 0.00870604 0.00867915 0.00878876 0.00935125 0.0108713 0.011547 0.00915747 0.00930755 0.00953363 0.0315391 0.011078 0.00826957 0.00925301 0.0116409 0.00824224 0.00546256 0.00607279 0.0203965 0.937392 0 0.00377337 0.0037719 0.00388745 0.00499434 0.0108945 0.0101347 0.00854628 0.00855441 0.0087137 0.00889829 0.0119069 0.00998736 0.00873408 0.00875364 0.00857743 0.00871306 0.0114887 0.0088999 0.0084944 0.00856994 0.0084868 0.00935559 0.00883896 0.00846373 0.00865876 0.00848805 0.0102174 0.00847088 0.00821902 0.0083632 0.00841441 0.00982897 0.00827031 0.00804802 0.00804154 0.00818491 0.0100542 
0.00847523 0.00895257 0.00950444 0.00893843 0.00998175 0.00981306 0.00905226 0.00900959 0.0090951 0.0095731 0.00878179 0.00987553 0.00924425 0.00881985 0.0092333 0.0117722 0.0102989 0.0151131 0.0092744 0.00848773 0.0103105 0.00928126 0.0188601 0.00636731 0.00652899 0.0076637 0.939574 0.00765964 0.00377337 0 0.00358826 0.00366568 0.00368263 0.00945727 0.00914744 0.00939389 0.00882347 0.00963347 0.00915512 0.0090089 0.00917005 0.0101829 0.00966779 0.00975654 0.00935416 0.00872341 0.00854943 0.00932579 0.00885662 0.00897501 0.00852872 0.0083832 0.00975238 0.00905211 0.00929064 0.00851266 0.00826851 0.00862009 0.00849404 0.0087535 0.00868161 0.00815675 0.00824385 0.00811569 0.00856384 0.0087298 
0.00843583 0.00882985 0.00914882 0.0113005 0.0104309 0.0101823 0.00897113 0.00892685 0.00953198 0.00883504 0.0113275 0.0093604 0.00949384 0.00884496 0.00903082 0.0100117 0.0233535 0.00965803 0.00913037 0.00952528 0.00889206 0.0154244 0.00839669 0.00815381 0.00837963 0.924212 0.00882668 0.0049198 0.0037719 0.00358826 0 0.00352871 0.00360143 0.00875845 0.00920307 0.00943953 0.0133265 0.0104333 0.0088771 0.00899174 0.00894382 0.00993945 0.0129593 0.0110217 0.0092556 0.00869795 0.00852549 0.00922363 0.0103002 0.00924672 0.00849242 0.00832656 0.00886188 0.0128035 0.00879086 0.0084467 0.00831174 0.00840322 0.0101417 0.00861615 0.00850261 0.00812566 0.00811151 0.00840307 0.00832904 0.00867395 
0.00875724 0.00940818 0.0101639 0.00970206 0.0100908 0.00938942 0.00897771 0.00869837 0.00947338 0.0141692 0.00892791 0.0104311 0.00976915 0.00932821 0.0100844 0.0152869 0.0117937 0.0126987 0.00960744 0.00980178 0.0180049 0.00933925 0.00952805 0.0109664 0.943975 0.012065 0.00880837 0.00541914 0.00388745 0.00366568 0.00352871 0 0.00360901 0.0107028 0.0100548 0.0126315 0.0102202 0.00952093 0.0101727 0.00857229 0.00986514 0.0124834 0.0101499 0.0108004 0.00926634 0.00876261 0.00928243 0.00910416 0.0101258 0.00892529 0.00850563 0.00864357 0.0112231 0.00961778 0.0101058 0.00841477 0.00860697 0.0100033 0.00857317 0.00953439 0.00845092 0.00836924 0.00826493 0.00818697 0.00874995 0.00817054 
0.0104834 0.0128542 0.00883599 0.00883197 0.0090116 0.00870104 0.00887206 0.00986002 0.0188774 0.00917309 0.00992813 0.00902233 0.00997011 0.0105641 0.0202942 0.0107756 0.00986139 0.0110712 0.0123046 0.0364792 0.00999063 0.0135616 0.0111348 0.888778 0.0121727 0.00894244 0.00740975 0.0108551 0.00499434 0.00368263 0.00360143 0.00360901 0 0.0229405 0.0189655 0.00909045 0.00976366 0.00974105 0.00972442 0.0111806 0.0174747 0.0103175 0.0103295 0.00913996 0.0103728 0.00951103 0.0131306 0.0110477 0.00859955 0.00925162 0.0092164 0.0135328 0.00940026 0.00904345 0.00904584 0.0091964 0.0117997 0.00854655 0.00910782 0.00859096 0.00924285 0.0104729 0.00851375 0.00860651 0.00817644 0.00938464 
0.0231074 0.00928755 0.00855401 0.00842542 0.00854956 0.00877807 0.00865806 0.01202 0.00943303 0.00858839 0.0083409 0.00882105 0.00857524 0.0140396 0.0105761 0.00904814 0.00919971 0.00911819 0.022301 0.0100249 0.0108927 0.00922684 0.0280071 0.009239 0.0121716 0.00888512 0.0105631 0.0195129 0.0108945 0.00945727 0.00875845 0.0107028 0.0229405 0 0.0192523 0.00966207 0.00804901 0.00872675 0.011139 0.0122366 0.0118477 0.0106003 0.0088684 0.00946499 0.0098633 0.0223614 0.0148731 0.0090416 0.0106682 0.00937509 0.0145316 0.0109077 0.0104699 0.00911102 0.0103487 0.0126756 0.00981025 0.00923984 0.00853388 0.00942049 0.0135537 0.0103143 0.00823041 0.00834398 0.0101888 0.0108258 
0.00916383 0.00913553 0.00872348 0.00886914 0.00890057 0.00912408 0.00871323 0.0108285 0.00954951 0.00856937 0.00863331 0.00909117 0.00958647 0.0129434 0.0102168 0.0102783 0.0102119 0.0104385 0.0182495 0.0122914 0.0113999 0.0147452 0.016501 0.0119093 0.00919796 0.0113431 0.0110138 0.0176361 0.0101347 0.00914744 0.00920307 0.0100548 0.0189655 0.0192523 0 0.00365701 0.00351764 0.00357863 0.00360856 0.00537092 0.00756291 0.00730815 0.00933404 0.0082112 0.0196991 0.494064 0.0313704 0.0118509 0.0123878 0.0142115 0.0352446 0.0249984 0.01806 0.0184246 0.0152315 0.0291277 0.0204684 0.0117889 0.0131554 0.0133172 0.0297625 0.0110739 0.00928329 0.00908667 0.0119068 0.028602 
0.00808855 0.00893477 0.00987263 0.0103592 0.0117161 0.0100899 0.00992776 0.00848971 0.00848792 0.00941082 0.00931849 0.0116868 0.00941525 0.00928378 0.00888586 0.0121606 0.0150276 0.0110448 0.00939487 0.00886431 0.0191256 0.0117165 0.0101676 0.00854635 0.0149459 0.0104357 0.0160723 0.0124665 0.00854628 0.00939389 0.00943953 0.0126315 0.00909045 0.00966207 0.00365701 0 0.00357516 0.00355594 0.00373119 0.00361241 0.00452999 0.0091958 0.00702507 0.015878 0.0963964 0.290171 0.00858058 0.0112518 0.0137615 0.0198228 0.0103504 0.0117043 0.038354 0.0175248 0.0391501 0.0125184 0.0108289 0.0205974 0.0132374 0.0324029 0.0144537 0.00913262 0.00956436 0.00940513 0.0242731 0.00943334 
0.00813272 0.00870063 0.0104088 0.0149387 0.0139576 0.0125374 0.00881563 0.00850505 0.00854175 0.00911521 0.0144319 0.0137421 0.00983199 0.00883634 0.00858825 0.0132011 0.026502 0.0116231 0.00874207 0.00951753 0.0129274 0.0146837 0.00878943 0.00927043 0.00915383 0.0342724 0.012357 0.00883575 0.00855441 0.00882347 0.0133265 0.0102202 0.00976366 0.00804901 0.00351764 0.00357516 0 0.00353648 0.00353336 0.00354107 0.00475564 0.0054399 0.0202986 0.0770322 0.700475 0.00726586 0.00864522 0.0107852 0.0208431 0.0129313 0.00894728 0.0116757 0.0166247 0.0752193 0.0182513 0.0101638 0.0113001 0.0124168 0.0527867 0.0135733 0.00974815 0.00897369 0.0101876 0.0163498 0.00951218 0.00993049 
0.00820493 0.00855468 0.0104698 0.011382 0.0143926 0.0104553 0.00899931 0.00848345 0.00843153 0.00937873 0.0116732 0.0127229 0.00934271 0.00888455 0.00862367 0.0135472 0.0236706 0.0103496 0.0089829 0.00917067 0.0149839 0.0115184 0.00893047 0.00873914 0.0111994 0.0183423 0.0104567 0.0090742 0.0087137 0.00963347 0.0104333 0.00952093 0.00974105 0.00872675 0.00357863 0.00355594 0.00353648 0 0.00354174 0.00352882 0.00365387 0.00856051 0.0711911 0.752896 0.0081594 0.00668071 0.00828771 0.014638 0.0123998 0.0108935 0.00873666 0.0110336 0.0257968 0.0518436 0.0241479 0.00987291 0.0102529 0.0200955 0.0276416 0.0150789 0.00967751 0.0093899 0.0119757 0.0115139 0.0105122 0.0093302 
0.00824446 0.00880613 0.00996181 0.0108049 0.0101333 0.00952076 0.00855732 0.00861058 0.00852173 0.00974783 0.00909837 0.00971983 0.00946 0.00951872 0.00929934 0.0117746 0.0121129 0.0101509 0.00927283 0.00898459 0.0137764 0.0117938 0.00928671 0.00910975 0.0132954 0.0096395 0.0127305 0.00919469 0.00889829 0.00915512 0.0088771 0.0101727 0.00972442 0.011139 0.00360856 0.00373119 0.00353336 0.00354174 0 0.00353191 0.00841778 0.0596424 0.656391 0.007915 0.00838563 0.00687667 0.0137064 0.0108312 0.0142292 0.0097279 0.00957506 0.0110244 0.0385264 0.0170737 0.0239439 0.0130017 0.0118666 0.0213155 0.0135078 0.018936 0.0113692 0.0152452 0.0107404 0.00914646 0.0133297 0.00918132 
0.00913365 0.01013 0.00866976 0.00857905 0.00882049 0.00840253 0.00830925 0.00833879 0.0110164 0.00870613 0.00875395 0.00876185 0.00869544 0.00923542 0.0124238 0.00961482 0.0093033 0.00894406 0.00888448 0.015627 0.00917481 0.00925635 0.00898935 0.0172801 0.00878889 0.00958024 0.00900325 0.00919505 0.0119069 0.0090089 0.00899174 0.00857229 0.0111806 0.0122366 0.00537092 0.00361241 0.00354107 0.00352882 0.00353191 0 0.135324 0.574499 0.00470077 0.00446127 0.00575365 0.00713902 0.0185044 0.0152726 0.00781265 0.00925576 0.0113415 0.0531315 0.0113532 0.0106466 0.0146308 0.013897 0.0225041 0.0106392 0.0107546 0.0118672 0.0144682 0.0160083 0.00931088 0.00971928 0.00918203 0.0128421 
0.00967177 0.0108824 0.0091484 0.00934541 0.00956472 0.00925894 0.00866046 0.011432 0.0107097 0.00874487 0.00875165 0.0101203 0.0092747 0.0122919 0.0115412 0.0111284 0.0134522 0.01056 0.017084 0.0153274 0.0136381 0.0112978 0.019421 0.012737 0.0102786 0.00984873 0.010614 0.0166211 0.00998736 0.00917005 0.00894382 0.00986514 0.0174747 0.0118477 0.00756291 0.00452999 0.00475564 0.00365387 0.00841778 0.135324 0 0.00358868 0.00356204 0.00356475 0.00366133 0.00459752 0.0139249 0.00906431 0.00864686 0.0101089 0.82298 0.0412252 0.0262568 0.016435 0.0140898 0.0308614 0.0343553 0.0199844 0.0147087 0.0152811 0.0288109 0.0154479 0.0113765 0.0100783 0.0137795 0.0250446 
0.0082928 0.0102031 0.0127054 0.0132813 0.0163135 0.0122791 0.00964018 0.00904142 0.00936071 0.0118298 0.0123725 0.0139963 0.0120472 0.0105841 0.0102038 0.0254928 0.0259827 0.0170796 0.0106002 0.0123515 0.0313412 0.0213503 0.0107412 0.0100489 0.0146805 0.0193261 0.0193472 0.0101829 0.00873408 0.0101829 0.00993945 0.0124834 0.0103175 0.0106003 0.00730815 0.0091958 0.0054399 0.00856051 0.0596424 0.574499 0.00358868 0 0.00356745 0.00358519 0.00371616 0.00368535 0.00730749 0.0157918 0.0145441 0.848125 0.0330072 0.0186459 0.0605858 0.0306041 0.0394418 0.0127881 0.0209749 0.0570713 0.0331087 0.0371098 0.0146699 0.0112068 0.0165568 0.0127922 0.0253692 0.0115566 
0.00823667 0.0103737 0.0148806 0.0232504 0.0297517 0.0203308 0.0109698 0.00888622 0.00910384 0.0126565 0.0256956 0.0253975 0.0135022 0.0114041 0.0107037 0.0257384 0.0829187 0.0215074 0.0105862 0.0108127 0.0332126 0.0257248 0.0104414 0.00954876 0.012437 0.0525108 0.0176034 0.00985162 0.00875364 0.00966779 0.0129593 0.0101499 0.0103295 0.0088684 0.00933404 0.00702507 0.0202986 0.0711911 0.656391 0.00470077 0.00356204 0.00356745 0 0.00354271 0.00360365 0.00357336 0.00728054 0.0119353 0.829473 0.0513418 0.014386 0.0115075 0.0236413 0.0843172 0.0307779 0.013391 0.0129585 0.0279181 0.0857334 0.0275396 0.0146754 0.010215 0.0130218 0.032329 0.0136037 0.0111633 
0.00831241 0.00949918 0.0127571 0.0203528 0.024975 0.0201344 0.010189 0.00886894 0.00907948 0.01312 0.017079 0.0262865 0.0120186 0.0103744 0.00974107 0.0237674 0.0680861 0.0155614 0.0102433 0.0101473 0.0339578 0.0185705 0.0103731 0.00894723 0.0252109 0.0223883 0.0183806 0.00963265 0.00857743 0.00975654 0.0110217 0.0108004 0.00913996 0.00946499 0.0082112 0.015878 0.0770322 0.752896 0.007915 0.00446127 0.00356475 0.00358519 0.00354271 0 0.00358603 0.00357688 0.00830788 0.765405 0.0777659 0.0172451 0.00904211 0.0126628 0.0317718 0.0366635 0.0317848 0.0112107 0.0132424 0.0414841 0.0433235 0.0363308 0.0121379 0.0102126 0.0153974 0.0160659 0.0215623 0.00991457 
0.00837172 0.00913324 0.0113301 0.0118022 0.0122927 0.0101835 0.0101631 0.00848776 0.00903391 0.00982432 0.0119252 0.0102912 0.017077 0.0104231 0.00973572 0.0170316 0.0172829 0.0188957 0.00953048 0.0106943 0.0145731 0.0250999 0.00922677 0.0111041 0.00971858 0.0163148 0.0166067 0.00922359 0.00871306 0.00935416 0.0092556 0.00926634 0.0103728 0.0098633 0.0196991 0.0963964 0.700475 0.0081594 0.00838563 0.00575365 0.00366133 0.00371616 0.00360365 0.00358603 0 0.00359352 0.739178 0.0725107 0.0148628 0.0141603 0.00797191 0.0142303 0.0163109 0.0263321 0.029535 0.0138756 0.0162574 0.02141 0.0368782 0.0457898 0.0147325 0.0101977 0.0127893 0.0122684 0.0118048 0.0159847 
0.00922959 0.0111229 0.00862038 0.00880555 0.00917423 0.00854372 0.00840962 0.00885403 0.01079 0.00914512 0.00865057 0.00919676 0.00856584 0.0114322 0.0133023 0.0096577 0.00998553 0.00900688 0.011895 0.0135867 0.0098969 0.00918509 0.0117284 0.0112583 0.00964493 0.00901533 0.00929616 0.0105206 0.0114887 0.00872341 0.00869795 0.00876261 0.00951103 0.0223614 0.494064 0.290171 0.00726586 0.00668071 0.00687667 0.00713902 0.00459752 0.00368535 0.00357336 0.00357688 0.00359352 0 0.0670579 0.00641121 0.00504532 0.00544125 0.00919901 0.0151157 0.01324 0.0106499 0.0164496 0.0359718 0.0196244 0.0141439 0.0105572 0.0145515 0.0245023 0.0182345 0.00965652 0.0092401 0.011076 0.0107698 
0.00883749 0.00923605 0.00856972 0.00877731 0.00877638 0.00882438 0.00859473 0.011902 0.00945121 0.00839959 0.00865505 0.00934659 0.00872409 0.0117396 0.0100643 0.00924962 0.0106564 0.00933297 0.0146385 0.0105808 0.0109222 0.0101285 0.0166969 0.00909767 0.00982762 0.00906405 0.0111726 0.015384 0.0088999 0.00854943 0.00852549 0.00928243 0.0131306 0.0148731 0.0313704 0.00858058 0.00864522 0.00828771 0.0137064 0.0185044 0.0139249 0.00730749 0.00728054 0.00830788 0.739178 0.0670579 0 0.0035735 0.0035948 0.003589 0.00451238 0.0089661 0.014608 0.0101494 0.39052 0.114001 0.0167087 0.0149218 0.0102985 0.0193661 0.0275074 0.013777 0.00949664 0.00979499 0.0158705 0.0370194 
0.0082811 0.00854069 0.0112435 0.00968901 0.0116126 0.00934925 0.00932819 0.0083804 0.00868146 0.00895005 0.010559 0.00961805 0.0105505 0.00893991 0.00858449 0.0177236 0.0124451 0.0157713 0.00882121 0.0105439 0.0123061 0.0203638 0.00891839 0.0105458 0.00901346 0.0191508 0.012413 0.00887749 0.0084944 0.00932579 0.00922363 0.00910416 0.0110477 0.0090416 0.0118509 0.0112518 0.0107852 0.014638 0.0108312 0.0152726 0.00906431 0.0157918 0.0119353 0.765405 0.0725107 0.00641121 0.0035735 0 0.00354393 0.00357855 0.00355112 0.0088588 0.0111481 0.44274 0.0497134 0.0149574 0.0102017 0.0117358 0.0197402 0.0204013 0.0112582 0.00937902 0.0169151 0.0132267 0.0298497 0.0153855 
0.00808465 0.00929149 0.00965584 0.0165468 0.0172552 0.0167198 0.00899135 0.00878752 0.00859973 0.0116727 0.0119571 0.0194925 0.00989273 0.00962172 0.00909922 0.0123808 0.0550046 0.0111842 0.0100451 0.0089316 0.0225371 0.0118991 0.00995381 0.00850162 0.0190069 0.0131806 0.0143405 0.00945029 0.00856994 0.00885662 0.0103002 0.0101258 0.00859955 0.0106682 0.0123878 0.0137615 0.0208431 0.0123998 0.0142292 0.00781265 0.00864686 0.0145441 0.829473 0.0777659 0.0148628 0.00504532 0.0035948 0.00354393 0 0.00352552 0.00353363 0.00549831 0.484689 0.0607703 0.0272291 0.00924431 0.00849755 0.0206083 0.0153524 0.0201338 0.0111332 0.0110675 0.0107927 0.0548707 0.0223499 0.00906514 
0.00825862 0.00868944 0.0108015 0.009581 0.0116838 0.00948845 0.00982181 0.00831158 0.00888415 0.0093885 0.0121493 0.00971128 0.0132636 0.00939449 0.00890036 0.0141971 0.0120737 0.0158756 0.00883311 0.0120519 0.0114782 0.0190182 0.00892627 0.0103511 0.00912597 0.015929 0.0154342 0.00886923 0.0084868 0.00897501 0.00924672 0.00892529 0.00925162 0.00937509 0.0142115 0.0198228 0.0129313 0.0108935 0.0097279 0.00925576 0.0101089 0.848125 0.0513418 0.0172451 0.0141603 0.00544125 0.003589 0.00357855 0.00352552 0 0.00355472 0.438081 0.0484171 0.0492546 0.0126875 0.00776969 0.00961774 0.0106151 0.017636 0.0182308 0.0126826 0.00959643 0.0484429 0.0109758 0.0111893 0.012901 
0.00886802 0.00935012 0.00851948 0.00866614 0.00925622 0.00857878 0.00829719 0.00839092 0.00936794 0.00888261 0.00883823 0.0094574 0.00852632 0.0100375 0.0111578 0.00949216 0.00956611 0.0087281 0.0105596 0.0112601 0.00970554 0.00891108 0.0104837 0.00999334 0.00896332 0.00905038 0.00915054 0.0101145 0.00935559 0.00852872 0.00849242 0.00850563 0.0092164 0.0145316 0.0352446 0.0103504 0.00894728 0.00873666 0.00957506 0.0113415 0.82298 0.0330072 0.014386 0.00904211 0.00797191 0.00919901 0.00451238 0.00355112 0.00353363 0.00355472 0 0.0617157 0.0178407 0.00626522 0.00814622 0.00850751 0.01104 0.0112431 0.00912505 0.0116577 0.0279434 0.0381768 0.00973312 0.00946785 0.0107112 0.0110151 
0.00904656 0.00872859 0.00852189 0.00858497 0.00876753 0.00837331 0.00834061 0.00993291 0.0092364 0.00824202 0.00844506 0.00872525 0.00875323 0.00978075 0.00906484 0.00936149 0.00924908 0.0095391 0.0128155 0.0109107 0.00960576 0.010027 0.0121877 0.0118814 0.00847519 0.00898587 0.00994852 0.0117278 0.00883896 0.0083832 0.00832656 0.00864357 0.0135328 0.0109077 0.0249984 0.0117043 0.0116757 0.0110336 0.0110244 0.0531315 0.0412252 0.0186459 0.0115075 0.0126628 0.0142303 0.0151157 0.0089661 0.0088588 0.00549831 0.438081 0.0617157 0 0.00394896 0.00355612 0.00361389 0.00399883 0.0106525 0.00868173 0.00861256 0.0160734 0.920314 0.0130742 0.00961156 0.0111088 0.0116796 0.0356855 
0.00830346 0.00998621 0.010875 0.0112537 0.014241 0.0104537 0.00939384 0.00890412 0.00912217 0.010737 0.0105089 0.0130056 0.0106702 0.0101925 0.00943081 0.0172578 0.0197971 0.012644 0.0102514 0.0106623 0.027107 0.0129109 0.0103985 0.00902182 0.0200856 0.0124935 0.0150885 0.00983002 0.00846373 0.00975238 0.00886188 0.0112231 0.00940026 0.0104699 0.01806 0.038354 0.0166247 0.0257968 0.0385264 0.0113532 0.0262568 0.0605858 0.0236413 0.0317718 0.0163109 0.01324 0.014608 0.0111481 0.484689 0.0484171 0.0178407 0.00394896 0 0.00367905 0.00358811 0.00357508 0.00688597 0.0161511 0.0125904 0.971279 0.018847 0.0113267 0.014796 0.0119635 0.0368211 0.0101145 
0.00821494 0.0100287 0.0112755 0.0155937 0.0192801 0.0157728 0.00968291 0.00869109 0.00887726 0.0100396 0.0154516 0.0162479 0.0117002 0.0106616 0.00926256 0.0167035 0.0396402 0.015166 0.00965139 0.0105592 0.0221786 0.0205458 0.00958413 0.00940931 0.0111646 0.0483729 0.0138634 0.00932297 0.00865876 0.00905211 0.0128035 0.00961778 0.00904345 0.00911102 0.0184246 0.0175248 0.0752193 0.0518436 0.0170737 0.0106466 0.016435 0.0306041 0.0843172 0.0366635 0.0263321 0.0106499 0.0101494 0.44274 0.0607703 0.0492546 0.00626522 0.00355612 0.00367905 0 0.00355199 0.00354384 0.00529361 0.011721 0.956753 0.0172909 0.0101784 0.00862698 0.011204 0.0231051 0.0105395 0.0102534 
0.00831747 0.00914841 0.010522 0.0108316 0.0126932 0.0103011 0.00989404 0.00853401 0.00881565 0.0101424 0.0106842 0.0110944 0.0120115 0.00980913 0.00944079 0.0132251 0.0196657 0.0131883 0.0102463 0.0101965 0.0161114 0.0174262 0.00978619 0.00921297 0.0115028 0.0133433 0.0200507 0.0095303 0.00848805 0.00929064 0.00879086 0.0101058 0.00904584 0.0103487 0.0152315 0.0391501 0.0182513 0.0241479 0.0239439 0.0146308 0.0140898 0.0394418 0.0307779 0.0317848 0.029535 0.0164496 0.39052 0.0497134 0.0272291 0.0126875 0.00814622 0.00361389 0.00358811 0.00355199 0 0.00377794 0.0109581 0.958094 0.0148455 0.0194794 0.00927528 0.00941013 0.0205021 0.0116848 0.0118334 0.00932281 
0.00911358 0.00919323 0.00848603 0.00856211 0.00906325 0.00845414 0.00830831 0.00836186 0.00959004 0.00849651 0.00848956 0.0087495 0.00857199 0.00912173 0.011516 0.00927511 0.00912201 0.00882734 0.00922117 0.013403 0.00917408 0.00909812 0.00918941 0.0108807 0.00935003 0.00888881 0.00914357 0.00905485 0.0102174 0.00851266 0.0084467 0.00841477 0.0091964 0.0126756 0.0291277 0.0125184 0.0101638 0.00987291 0.0130017 0.013897 0.0308614 0.0127881 0.013391 0.0112107 0.0138756 0.0359718 0.114001 0.0149574 0.00924431 0.00776969 0.00850751 0.00399883 0.00357508 0.00354384 0.00377794 0 0.956205 0.00792835 0.00523106 0.00582425 0.0101398 0.0319978 0.00826228 0.00803662 0.00882193 0.0127905 
