1Q92A
GRALRVLVDMDGVLADFEGGFLRKFRARFPDQPFIALEDRRGFWVSEQYGRLRPGLSEKAISIWESKNFFFELEPLPGAVEAVKEMASLQNTDVFICTSPIKMFKYCPYEKYAWVEKYFGPDFLEQIVLTRDKTVVSADLLIDDRPDITGAEPTPSWEHVLFTACHNQHLQLQPPRRRLHSWADDWKAILDSKRP
CCCEEEEECCECCCECHHHHHHHHHHHHCCCCCCCCHHHCCCCCHHHHHHHHCCCHHHHHHHHHCCCCCCCCCCECCCHHHHHHHHHHCCCEEEEEEECCCCCCCCHHHHHHHHHHHHHCHHHHHHEEECCCCCCCCCCEEEECCCCCCCCCCCCCCEEEEECCCCCCCCCCCCCCEEECCCCCCHHHHHHCCCC
0 0 0 0 0 0 0 0 0 0 0 0 0 0 0 0 0 0 0 0 0 0 0 0 0 0 0 0 0 0 0 0 0 0 0 0 0 0 0 0 0 0 0 0 0 0 0 0 0 0 0 0 0 0 0 0 0 0 0 0 0 0 0 0 0 0 0 0 0 0 0 0 0 0 0 0 0 0 0 0 0 0 0 0 0 0 0 0 0 0 0 0 0 0 0 0 0 0 0 0 0 0 0 0 0 0 0 0 0 0 0 0 0 0 0 0 0 0 0 0 0 0 0 0 0 0 0 0 0 0 0 0 0 0 0 0 0 0 0 0 0 0 0 0 0 0 0 0 0 0 0 0 0 0 0 0 0 0 0 0 0 0 0 0 0 0 0 0 0 0 0 0 0 0 0 0 0 0 0 0 0 0 0 0 0 0 0 0 0 0 0 0 0 0 0 
0 0 0 0 0 0 0 0 0 0 0 0 0 0 0 0 0 0 0 0 0 0 0 0 0 0 0 0 0 0 0 0 0 0 0 0 0 0 0 0 0 0 0 0 0 0 0 0 0 0 0 0 0 0 0 0 0 0 0 0 0 0 0 0 0 0 0 0 0 0 0 0 0 0 0 0 0 0 0 0 0 0 0 0 0 0 0 0 0 0 0 0 0 0 0 0 0 0 0 0 0 0 0 0 0 0 0 0 0 0 0 0 0 0 0 0 0 0 0 0 0 0 0 0 0 0 0 0 0 0 0 0 0 0 0 0 0 0 0 0 0 0 0 0 0 0 0 0 0 0 0 0 0 0 0 0 0 0 0 0 0 0 0 0 0 0 0 0 0 0 0 0 0 0 0 0 0 0 0 0 0 0 0 0 0 0 0 0 0 0 0 0 0 0 0 
0 0.00370806 0.00366554 0.00370587 0.00429454 0.0116221 0.0222709 0.0181173 0.0137069 0.00833972 0.0110133 0.00872154 0.0103919 0.00946942 0.0154212 0.0106708 0.00818693 0.0101976 0.0129104 0.00875218 0.0092065 0.0098064 0.00838042 0.00830873 0.00889694 0.00848158 0.0104064 0.0088727 0.00815004 0.00904914 
0.00370806 0 0.00357405 0.00373452 0.00403574 0.00493493 0.00847663 0.0120036 0.00928454 0.0154227 0.0102063 0.0375035 0.0134453 0.0189559 0.00988461 0.00865168 0.00898854 0.00879569 0.00920929 0.0117587 0.00971089 0.00881228 0.00827287 0.00944974 0.00971764 0.0101157 0.00890256 0.00827469 0.00864693 0.00821492 
0.00366554 0.00357405 0 0.0036631 0.0035869 0.00378261 0.00735744 0.0108297 0.0129377 0.00991608 0.0755221 0.0287338 0.0920053 0.0136619 0.00979283 0.0104889 0.00897499 0.009365 0.0123835 0.0124364 0.0137762 0.00887504 0.00877139 0.00984145 0.0165615 0.0117434 0.0101961 0.00846441 0.00844286 0.00850834 
0.00370587 0.00373452 0.0036631 0 0.00370402 0.00400942 0.0130255 0.0103449 0.00966812 0.0181502 0.0150511 0.0617425 0.026085 0.0294411 0.00970465 0.00933978 0.0111327 0.00898015 0.0104234 0.0142056 0.0128245 0.00942246 0.00875052 0.0105091 0.0119748 0.0138157 0.00971573 0.00836903 0.00907932 0.0081622 
0.00429454 0.00403574 0.0035869 0.00370402 0 0.00966754 0.0172536 0.0155615 0.013638 0.00865511 0.013326 0.0101825 0.0145371 0.0108644 0.013253 0.0131244 0.00882298 0.00992353 0.0125066 0.0094048 0.0103473 0.00944526 0.00919523 0.00886333 0.00944875 0.00918444 0.0130487 0.00843602 0.00813445 0.00836232 
0.0116221 0.00493493 0.00378261 0.00400942 0.00966754 0 0.565405 0.0188378 0.00923842 0.00826127 0.00827071 0.00880148 0.00855411 0.00912506 0.011877 0.00857756 0.00808065 0.00978804 0.00893986 0.00833129 0.00861462 0.00978604 0.00842382 0.00812685 0.00817312 0.00819402 0.00995109 0.00810777 0.00806561 0.0085382 
0.0222709 0.00847663 0.00735744 0.0130255 0.0172536 0.565405 0 0.267599 0.0131873 0.00844872 0.0101919 0.00880222 0.00949025 0.00958639 0.0139621 0.0124235 0.00828146 0.00978622 0.0123546 0.00862839 0.00932586 0.00946651 0.00902764 0.00824597 0.00837016 0.00834244 0.0107747 0.00918692 0.00817482 0.00915941 
0.0181173 0.0120036 0.0108297 0.0103449 0.0155615 0.0188378 0.267599 0 0.0275247 0.00869045 0.00909092 0.00946719 0.00891369 0.011963 0.0210376 0.0153292 0.00967946 0.0105153 0.0147208 0.0109389 0.00898396 0.0110748 0.010479 0.00835838 0.00839428 0.00862196 0.0105327 0.0099032 0.00825245 0.00906642 
0.0137069 0.00928454 0.0129377 0.00966812 0.013638 0.00923842 0.0131873 0.0275247 0 0.00363531 0.00358093 0.00359137 0.00360085 0.00381963 0.00541264 0.0417094 0.00934005 0.0235478 0.0288186 0.010351 0.0125191 0.0154031 0.0101772 0.00908219 0.00970167 0.0089609 0.0170654 0.00965673 0.00850745 0.0117418 
0.00833972 0.0154227 0.00991608 0.0181502 0.00865511 0.00826127 0.00844872 0.00869045 0.00363531 0 0.00354137 0.00356166 0.0035059 0.00447551 0.00372833 0.00943201 0.0219198 0.00955913 0.00979324 0.0216488 0.0100308 0.0104869 0.00871654 0.012198 0.00961732 0.015639 0.00904751 0.00850709 0.00878848 0.00836642 
0.0110133 0.0102063 0.0755221 0.0150511 0.013326 0.00827071 0.0101919 0.00909092 0.00358093 0.00354137 0 0.00355158 0.00352776 0.00354162 0.00360637 0.0421266 0.00955609 0.0127087 0.0190063 0.0142624 0.0208944 0.00948535 0.00964002 0.0123389 0.0640106 0.0110508 0.0135581 0.00861733 0.00852214 0.00928099 
0.00872154 0.0375035 0.0287338 0.0617425 0.0101825 0.00880148 0.00880222 0.00946719 0.00359137 0.00356166 0.00355158 0 0.00356817 0.00353853 0.00357689 0.0114965 0.032464 0.011089 0.0146045 0.0473717 0.0156065 0.0134089 0.00956879 0.0308762 0.0272503 0.0498755 0.0102159 0.00915484 0.00926471 0.00865574 
0.0103919 0.0134453 0.0920053 0.026085 0.0145371 0.00855411 0.00949025 0.00891369 0.00360085 0.0035059 0.00352776 0.00356817 0 0.00352333 0.0035503 0.196376 0.0126021 0.0231436 0.0189322 0.0257506 0.0480898 0.0122239 0.0113698 0.0186157 0.113157 0.0236022 0.0171805 0.008799 0.00881326 0.00903766 
0.00946942 0.0189559 0.0136619 0.0294411 0.0108644 0.00912506 0.00958639 0.011963 0.00381963 0.00447551 0.00354162 0.00353853 0.00352333 0 0.00369901 0.0120778 0.333938 0.020003 0.0130811 0.0336864 0.049572 0.0184332 0.0100957 0.0178731 0.0179321 0.0440599 0.0138195 0.00904907 0.00985086 0.00860617 
0.0154212 0.00988461 0.00979283 0.00970465 0.013253 0.011877 0.0139621 0.0210376 0.00541264 0.00372833 0.00360637 0.00357689 0.0035503 0.00369901 0 0.0205106 0.0107223 0.450086 0.0233834 0.0147647 0.0160946 0.0333395 0.0200333 0.0101751 0.0103696 0.0125487 0.0239787 0.0134484 0.00889998 0.0095616 
0.0106708 0.00865168 0.0104889 0.00933978 0.0131244 0.00857756 0.0124235 0.0153292 0.0417094 0.00943201 0.0421266 0.0114965 0.196376 0.0120778 0.0205106 0 0.0035769 0.00369682 0.0130517 0.0121688 0.0289425 0.0474746 0.0115031 0.0118885 0.0168196 0.0111399 0.0349594 0.0129796 0.0108811 0.0351306 
0.00818693 0.00898854 0.00897499 0.0111327 0.00882298 0.00808065 0.00828146 0.00967946 0.00934005 0.0219198 0.00955609 0.032464 0.0126021 0.333938 0.0107223 0.0035769 0 0.00366914 0.0107885 0.0689724 0.0520416 0.00882426 0.0104287 0.019273 0.0120832 0.0397014 0.0109868 0.00969395 0.0303642 0.00864333 
0.0101976 0.00879569 0.009365 0.00898015 0.00992353 0.00978804 0.00978622 0.0105153 0.0235478 0.00955913 0.0127087 0.011089 0.0231436 0.020003 0.450086 0.00369682 0.00366914 0 0.0590458 0.0296147 0.0212487 0.0401212 0.0182273 0.0113234 0.0131574 0.0177298 0.0505571 0.0200303 0.00951087 0.0111659 
0.0129104 0.00920929 0.0123835 0.0104234 0.0125066 0.00893986 0.0123546 0.0147208 0.0288186 0.00979324 0.0190063 0.0146045 0.0189322 0.0130811 0.0233834 0.0130517 0.0107885 0.0590458 0 0.00370944 0.00371543 0.00469818 0.309914 0.0295107 0.0388522 0.0173326 0.0699467 0.0371197 0.0128816 0.0270645 
0.00875218 0.0117587 0.0124364 0.0142056 0.0094048 0.00833129 0.00862839 0.0109389 0.010351 0.0216488 0.0142624 0.0473717 0.0257506 0.0336864 0.0147647 0.0121688 0.0689724 0.0296147 0.00370944 0 0.00376877 0.00360612 0.0195931 0.488239 0.0322826 0.185491 0.0194086 0.0133293 0.0509677 0.0108559 
0.0092065 0.00971089 0.0137762 0.0128245 0.0103473 0.00861462 0.00932586 0.00898396 0.0125191 0.0100308 0.0208944 0.0156065 0.0480898 0.049572 0.0160946 0.0289425 0.0520416 0.0212487 0.00371543 0.00376877 0 0.00366494 0.0353457 0.029449 0.596004 0.0954014 0.0719829 0.0133888 0.0176218 0.0130807 
0.0098064 0.00881228 0.00887504 0.00942246 0.00944526 0.00978604 0.00946651 0.0110748 0.0154031 0.0104869 0.00948535 0.0134089 0.0122239 0.0184332 0.0333395 0.0474746 0.00882426 0.0401212 0.00469818 0.00360612 0.00366494 0 0.034953 0.0889259 0.0144754 0.313556 0.146611 0.016656 0.0115718 0.0138346 
0.00838042 0.00827287 0.00877139 0.00875052 0.00919523 0.00842382 0.00902764 0.010479 0.0101772 0.00871654 0.00964002 0.00956879 0.0113698 0.0100957 0.0200333 0.0115031 0.0104287 0.0182273 0.309914 0.0195931 0.0353457 0.034953 0 0.00361066 0.00356615 0.00360138 0.00395476 0.0460655 0.0107723 0.0574957 
0.00830873 0.00944974 0.00984145 0.0105091 0.00886333 0.00812685 0.00824597 0.00835838 0.00908219 0.012198 0.0123389 0.0308762 0.0186157 0.0178731 0.0101751 0.0118885 0.019273 0.0113234 0.0295107 0.488239 0.029449 0.0889259 0.00361066 0 0.00357996 0.00356957 0.00356999 0.022785 0.105636 0.0108781 
0.00889694 0.00971764 0.0165615 0.0119748 0.00944875 0.00817312 0.00837016 0.00839428 0.00970167 0.00961732 0.0640106 0.0272503 0.113157 0.0179321 0.0103696 0.0168196 0.0120832 0.0131574 0.0388522 0.0322826 0.596004 0.0144754 0.00356615 0.00357996 0 0.00355263 0.00355717 0.224695 0.0162041 0.0301591 
0.00848158 0.0101157 0.0117434 0.0138157 0.00918444 0.00819402 0.00834244 0.00862196 0.0089609 0.015639 0.0110508 0.0498755 0.0236022 0.0440599 0.0125487 0.0111399 0.0397014 0.0177298 0.0173326 0.185491 0.0954014 0.313556 0.00360138 0.00356957 0.00355263 0 0.00369657 0.0162408 0.495059 0.017051 
0.0104064 0.00890256 0.0101961 0.00971573 0.0130487 0.00995109 0.0107747 0.0105327 0.0170654 0.00904751 0.0135581 0.0102159 0.0171805 0.0138195 0.0239787 0.0349594 0.0109868 0.0505571 0.0699467 0.0194086 0.0719829 0.146611 0.00395476 0.00356999 0.00355717 0.00369657 0 0.0418981 0.0120504 0.436158 
0.0088727 0.00827469 0.00846441 0.00836903 0.00843602 0.00810777 0.00918692 0.0099032 0.00965673 0.00850709 0.00861733 0.00915484 0.008799 0.00904907 0.0134484 0.0129796 0.00969395 0.0200303 0.0371197 0.0133293 0.0133888 0.016656 0.0460655 0.022785 0.224695 0.0162408 0.0418981 0 0.00382079 0.00457392 
0.00815004 0.00864693 0.00844286 0.00907932 0.00813445 0.00806561 0.00817482 0.00825245 0.00850745 0.00878848 0.00852214 0.00926471 0.00881326 0.00985086 0.00889998 0.0108811 0.0303642 0.00951087 0.0128816 0.0509677 0.0176218 0.0115718 0.0107723 0.105636 0.0162041 0.495059 0.0120504 0.00382079 0 0.00359322 
0.00904914 0.00821492 0.00850834 0.0081622 0.00836232 0.0085382 0.00915941 0.00906642 0.0117418 0.00836642 0.00928099 0.00865574 0.00903766 0.00860617 0.0095616 0.0351306 0.00864333 0.0111659 0.0270645 0.0108559 0.0130807 0.0138346 0.0574957 0.0108781 0.0301591 0.017051 0.436158 0.00457392 0.00359322 0 
