1QPOB
GLSDWELAAARAAIARGLDEDLRYGPDVTTLATVPASATTTASLVTREAGVVAGLDVALLTLNEVLGTNGYRVLDRVEDGARVPPGEALMTLEAQTRGLLTAERTMLNLVGHLSGIATATAAWVDAVRGTKAKIRDTRKTLPGLRALQKYAVRTGGGVNHRLGLGDAALIKDNHVAAAGSVVDALRAVRNAAPDLPCEVEVDSLEQLDAVLPEKPELILLDNFAVWQTQTAVQRRDSRAPTVMLESSGGLSLQTAATYAETGVDYLAVGALTHSVRVLDIGLDM
CCCHHHHHHHHHHHHHHHHHHHCCCCCHHHHHHCCCCCEEEEEEEECCCEECCCHHHHHHHHHHHHCCCCEEEEEECCCCCEECCCCEEEEEEEEHHHHHHHHHHHHHHHHHHHHHHHHHHHHHHHCCCCCCEEECCCCCCCCCHHHHHHHHHHCCCECCCCCCCCCEEECHHHHHHHCCHHHHHHHHHHHCCCCCEEEEECCHHHHHHHHHHCCCEEEEECCCHHHHHHHHHHHHHHCCCCEEEEECCCCCCCHHHHHHCCCCEEECHHHCCCECCCCEEEEC
0 0 0 0 0 0 0 0 0 0 0 0 0 0 0 0 0 0 0 0 0 0 0 0 0 0 0 0 0 0 0 0 0 0 0 0 0 0 0 0 0 0 0 0 0 0 0 0 0 0 0 0 0 0 0 0 0 0 0 0 0 0 0 0 0 0 0 0 0 0 0 0 0 0 0 0 0 0 0 0 0 0 0 0 0 0 0 0 0 0 0 0 0 0 0 0 0 0 0 0 0 0 0 0 0 0 0 0 0 0 0 0 0 0 0 0 0 0 0 0 0 0 0 0 0 0 0 0 0 0 0 0 0 0 0 0 0 0 0 0 0 0 0 0 0 0 0 0 0 0 0 0 0 0 0 0 0 0 0 0 0 0 0 0 0 0 0 0 0 0 0 0 0 0 0 0 0 0 0 0 0 0 0 0 0 0 0 0 0 0 0 0 0 0 0 0 0 0 0 0 0 0 0 0 0 0 0 0 0 0 0 0 0 0 0 0 0 0 0 0 0 0 0 0 0 0 0 0 0 0 0 0 0 0 0 0 0 0 0 0 0 0 0 0 0 0 0 0 0 0 0 0 0 0 0 0 0 0 0 0 0 0 0 0 0 0 0 0 0 0 0 0 0 0 0 0 0 0 0 0 0 0 0 0 
0 0 0 0 0 0 0 0 0 0 0 0 0 0 0 0 0 0 0 0 0 0 0 0 0 0 0 0 0 0 0 0 0 0 0 0 0 0 0 0 0 0 0 0 0 0 0 0 0 0 0 0 0 0 0 0 0 0 0 0 0 0 0 0 0 0 0 0 0 0 0 0 0 0 0 0 0 0 0 0 0 0 0 0 0 0 0 0 0 0 0 0 0 0 0 0 0 0 0 0 0 0 0 0 0 0 0 0 0 0 0 0 0 0 0 0 0 0 0 0 0 0 0 0 0 0 0 0 0 0 0 0 0 0 0 0 0 0 0 0 0 0 0 0 0 0 0 0 0 0 0 0 0 0 0 0 0 0 0 0 0 0 0 0 0 0 0 0 0 0 0 0 0 0 0 0 0 0 0 0 0 0 0 0 0 0 0 0 0 0 0 0 0 0 0 0 0 0 0 0 0 0 0 0 0 0 0 0 0 0 0 0 0 0 0 0 0 0 0 0 0 0 0 0 0 0 0 0 0 0 0 0 0 0 0 0 0 0 0 0 0 0 0 0 0 0 0 0 0 0 0 0 0 0 0 0 0 0 0 0 0 0 0 0 0 0 0 0 0 0 0 0 0 0 0 0 0 0 0 0 0 0 0 0 
0 0.00370726 0.00372014 0.00357981 0.0037886 0.00365487 0.00394359 0.0281233 0.00734339 0.0148859 0.0126965 0.0117463 0.00910323 0.0092859 0.009357 0.0309195 0.014206 0.0102839 0.0113874 0.00914938 0.00904171 0.0108056 0.00857029 0.010896 0.00866083 0.0751765 0.0100572 0.00836151 0.0104016 0.00877049 0.00849261 0.00837344 0.0105245 0.0086523 0.00824263 0.00808326 0.00840455 0.00840614 0.00821903 0.00826706 0.00815437 0.00815469 0.00825267 0.00824099 0.00813233 0.00821012 0.0080907 0.00832491 0.00815867 0.00834544 0.00850486 0.00845874 0.00818747 0.00826555 0.00822006 0.00859108 
0.00370726 0 0.00371379 0.00363406 0.0036314 0.0035919 0.00418674 0.00373477 0.00641365 0.00707863 0.0138645 0.00932677 0.010053 0.00913904 0.0207309 0.00910951 0.00917136 0.0108802 0.00903678 0.0113343 0.0111395 0.00900658 0.0131707 0.00851332 0.071461 0.00895211 0.00820043 0.00911953 0.00830183 0.00803805 0.00836408 0.00848032 0.00847823 0.00867043 0.00821635 0.00840037 0.008309 0.00828949 0.00822746 0.00842171 0.00837256 0.00827745 0.0080447 0.00805918 0.00827054 0.00823772 0.00822563 0.00808847 0.00818277 0.0083602 0.00821095 0.00836643 0.00834993 0.0083269 0.00828959 0.00824812 
0.00372014 0.00371379 0 0.0035572 0.00360636 0.00356573 0.003563 0.00360614 0.00517378 0.00611288 0.00956241 0.0138282 0.00938867 0.0221425 0.00945603 0.00929193 0.0106534 0.00842305 0.0100641 0.010214 0.0113218 0.0232437 0.00879229 0.128211 0.00862194 0.00964676 0.00978564 0.00834953 0.00863953 0.00818913 0.00865532 0.00871052 0.00852588 0.00831856 0.00873905 0.00837915 0.00874287 0.00812657 0.00842804 0.00851016 0.0085835 0.00820609 0.00811713 0.00835083 0.00834534 0.00833891 0.00811317 0.00804921 0.00832307 0.00831963 0.00820084 0.00810776 0.00826584 0.00835452 0.0082037 0.00858123 
0.00357981 0.00363406 0.0035572 0 0.00358798 0.00354503 0.003581 0.00356952 0.00461767 0.00626481 0.0221364 0.00949307 0.0367501 0.0125321 0.0106276 0.00927113 0.00870844 0.0121491 0.00928017 0.0137544 0.0292123 0.0104189 0.22218 0.00905013 0.0128426 0.00868617 0.00836564 0.00964681 0.00866273 0.00798855 0.00872137 0.00894216 0.00876277 0.00934192 0.00842525 0.00955276 0.00854057 0.00842365 0.00861578 0.0093348 0.00868417 0.00851451 0.00828266 0.00816596 0.00869472 0.00832398 0.00827762 0.0081039 0.00836254 0.00846929 0.00832203 0.00852494 0.0084565 0.00838353 0.00834419 0.00840673 
0.0037886 0.0036314 0.00360636 0.00358798 0 0.00352972 0.00355866 0.00355903 0.0046817 0.0065717 0.0111974 0.0542281 0.0114146 0.0183491 0.0143397 0.00987256 0.0108366 0.0087593 0.0116469 0.0171448 0.0218288 0.269945 0.0100759 0.0423008 0.00894322 0.0103125 0.0106947 0.0089014 0.00934183 0.00801642 0.00942306 0.00976598 0.00915209 0.00848456 0.0104913 0.00903111 0.00973367 0.00825786 0.00878762 0.00913884 0.00957741 0.00878153 0.00821332 0.0083873 0.00883699 0.00850938 0.00831773 0.00812192 0.00848798 0.00875028 0.00832202 0.0081994 0.0083922 0.00847956 0.00835628 0.00851729 
0.00365487 0.0035919 0.00356573 0.00354503 0.00352972 0 0.00354755 0.00354951 0.0041913 0.0108539 0.0318457 0.0143465 0.035598 0.0176683 0.0163822 0.0100722 0.00908056 0.009622 0.00999197 0.0196611 0.211206 0.0176964 0.0472524 0.0114783 0.0132765 0.00907054 0.00891637 0.0117772 0.00941216 0.00805943 0.00932799 0.0110054 0.00933452 0.00879742 0.00880879 0.0110197 0.00897485 0.00844986 0.00882242 0.00984116 0.010006 0.00903664 0.00828782 0.00834926 0.0091046 0.00851376 0.00839402 0.00813435 0.00860451 0.0088253 0.00841693 0.0081886 0.00869878 0.00853545 0.00847681 0.00859789 
0.00394359 0.00418674 0.003563 0.003581 0.00355866 0.00354755 0 0.0035449 0.0051413 0.141221 0.0141073 0.0193492 0.0114475 0.0144985 0.0248476 0.0162307 0.0108194 0.0106911 0.0104115 0.124069 0.0184386 0.0232166 0.0120335 0.0137157 0.0118965 0.0116064 0.0101806 0.0124229 0.00990671 0.00818105 0.010415 0.0112863 0.00948871 0.00845259 0.0090305 0.00904029 0.00875679 0.00834208 0.00858689 0.00894492 0.00941003 0.00858719 0.00828952 0.00817538 0.00863365 0.00834089 0.00825054 0.00807376 0.00837113 0.00877518 0.00834869 0.0082085 0.00830285 0.00838905 0.00835982 0.00835025 
0.0281233 0.00373477 0.00360614 0.00356952 0.00355903 0.00354951 0.0035449 0 0.129254 0.012519 0.033486 0.0109609 0.0103284 0.00953764 0.0137843 0.0193173 0.0170621 0.0105595 0.0900553 0.0110371 0.0126444 0.0111626 0.0103385 0.0094072 0.00947389 0.0130268 0.0136641 0.00905251 0.0105148 0.0094762 0.012493 0.00901362 0.00992307 0.00936456 0.00871163 0.00851916 0.00843023 0.0086627 0.00932718 0.00867247 0.00862856 0.00829714 0.00831547 0.00879343 0.00831659 0.00820809 0.00816684 0.00812375 0.00859514 0.0084363 0.00829382 0.00890235 0.00855384 0.00851942 0.00819938 0.00848537 
0.00734339 0.00641365 0.00517378 0.00461767 0.0046817 0.0041913 0.0051413 0.129254 0 0.00782314 0.0222589 0.0257592 0.00913021 0.00966988 0.0110854 0.0268456 0.0156985 0.0282218 0.0114259 0.0120522 0.0100169 0.0100924 0.00922038 0.00919819 0.00983889 0.0150229 0.00992929 0.00980376 0.0100177 0.00872569 0.00921436 0.00903105 0.0100057 0.00834999 0.00828145 0.00827954 0.00830013 0.00862526 0.00846324 0.00847254 0.0083267 0.00831255 0.00830597 0.00838017 0.00837271 0.00816637 0.00816322 0.00834651 0.00849636 0.0083973 0.00843241 0.00849375 0.00851219 0.00833126 0.00822261 0.00838242 
0.0148859 0.00707863 0.00611288 0.00626481 0.0065717 0.0108539 0.141221 0.012519 0.00782314 0 0.031255 0.0109379 0.00972621 0.00980085 0.0249545 0.0212196 0.0345605 0.0150924 0.0141865 0.0116172 0.0109176 0.0108431 0.00955169 0.00907289 0.0102412 0.0142806 0.0117986 0.00968213 0.0108029 0.00876747 0.0128535 0.00976845 0.00967487 0.00901622 0.00864503 0.00839201 0.00858539 0.00879387 0.00848261 0.00853693 0.00848204 0.00850512 0.00839166 0.00840687 0.00832494 0.00810205 0.00822418 0.00832758 0.00852054 0.00862571 0.00860455 0.00858092 0.00842856 0.00837476 0.0082361 0.00838843 
0.0126965 0.0138645 0.00956241 0.0221364 0.0111974 0.0318457 0.0141073 0.033486 0.0222589 0.031255 0 0.00372685 0.00378268 0.00376066 0.00368836 0.00647959 0.0100009 0.0282088 0.0111657 0.0094867 0.0108772 0.010791 0.0160106 0.00900987 0.170151 0.0520599 0.00958497 0.012059 0.0134255 0.00944916 0.00895734 0.00868116 0.0145576 0.0101287 0.00804472 0.00870136 0.00853416 0.0110482 0.0088359 0.00840581 0.00824964 0.00836688 0.00860742 0.00811821 0.00844789 0.00803636 0.00814934 0.00831669 0.00840168 0.00829829 0.00859889 0.0100381 0.00908689 0.00834912 0.00835495 0.0083473 
0.0117463 0.00932677 0.0138282 0.00949307 0.0542281 0.0143465 0.0193492 0.0109609 0.0257592 0.0109379 0.00372685 0 0.00356939 0.00356857 0.0041164 0.00388788 0.0103502 0.00657125 0.00899143 0.0109632 0.0102656 0.0196247 0.00905644 0.190659 0.0191981 0.0114137 0.012204 0.00903465 0.0101301 0.00823252 0.00878531 0.00990299 0.00888842 0.00809859 0.00869988 0.00823071 0.00905048 0.00820768 0.00816618 0.00841255 0.00843971 0.00843226 0.00803394 0.00822894 0.00824639 0.00832636 0.00819256 0.00807025 0.00820712 0.008431 0.00822496 0.0080813 0.00812765 0.00826995 0.00821834 0.00818799 
0.00910323 0.010053 0.00938867 0.0367501 0.0114146 0.035598 0.0114475 0.0103284 0.00913021 0.00972621 0.00378268 0.00356939 0 0.00357241 0.00352531 0.00359158 0.00542153 0.00671824 0.00922557 0.0130608 0.0163986 0.00931383 0.184537 0.0153734 0.0101554 0.00737782 0.00878026 0.0100759 0.00861529 0.00808462 0.00850734 0.00862404 0.00850895 0.00868959 0.00828335 0.00913887 0.00843299 0.00829628 0.00840111 0.00869717 0.00863324 0.008469 0.00812025 0.00813077 0.0083721 0.00829805 0.0083126 0.00805016 0.00819764 0.00840037 0.00831294 0.00836453 0.0082447 0.00827337 0.00823675 0.00819882 
0.0092859 0.00913904 0.0221425 0.0125321 0.0183491 0.0176683 0.0144985 0.00953764 0.00966988 0.00980085 0.00376066 0.00356857 0.00357241 0 0.00354191 0.0035244 0.0055301 0.0102465 0.00772844 0.00978401 0.00989928 0.0681444 0.0388437 0.0100892 0.00799989 0.00790283 0.009587 0.00886299 0.00891332 0.00800903 0.00852654 0.00870578 0.00869698 0.00823042 0.00843509 0.00868968 0.00852851 0.00823572 0.00827823 0.00859057 0.0087896 0.0084382 0.00812701 0.00809046 0.0082843 0.00819401 0.00812604 0.00804562 0.0081581 0.00831895 0.00807158 0.00810325 0.00811915 0.00824697 0.00816466 0.00814863 
0.009357 0.0207309 0.00945603 0.0106276 0.0143397 0.0163822 0.0248476 0.0137843 0.0110854 0.0249545 0.00368836 0.0041164 0.00352531 0.00354191 0 0.00352311 0.0117744 0.0219214 0.00873063 0.0110727 0.0180142 0.116813 0.00900767 0.0098411 0.00876391 0.00762686 0.00935495 0.011474 0.00912089 0.00806938 0.00898719 0.0105582 0.00849715 0.00827878 0.00851089 0.00874235 0.0084747 0.00822863 0.00836358 0.00886686 0.00862883 0.00844984 0.00812378 0.00811393 0.00843254 0.00823999 0.00825771 0.00807771 0.00819665 0.00826792 0.00816603 0.00809982 0.00821687 0.00826827 0.00808415 0.00829828 
0.0309195 0.00910951 0.00929193 0.00927113 0.00987256 0.0100722 0.0162307 0.0193173 0.0268456 0.0212196 0.00647959 0.00388788 0.00359158 0.0035244 0.00352311 0 0.0564597 0.00719064 0.0141735 0.0253359 0.135704 0.0125999 0.0084336 0.00786396 0.00734394 0.00884039 0.0155877 0.00937582 0.0115198 0.009278 0.0131317 0.00858461 0.00931549 0.00946181 0.00832618 0.00824989 0.00858461 0.00845214 0.00899924 0.00835295 0.0083244 0.00816185 0.00825693 0.00874751 0.00813351 0.00814817 0.00807726 0.00813583 0.00850083 0.00821381 0.00820631 0.00852272 0.00825319 0.00824235 0.00809387 0.00821067 
0.014206 0.00917136 0.0106534 0.00870844 0.0108366 0.00908056 0.0108194 0.0170621 0.0156985 0.0345605 0.0100009 0.0103502 0.00542153 0.0055301 0.0117744 0.0564597 0 0.00497432 0.00744541 0.0300048 0.00655376 0.00726008 0.00577101 0.0081994 0.00569913 0.0216171 0.0242159 0.00963268 0.0121486 0.0116197 0.0103189 0.00935326 0.0101744 0.00865938 0.00906207 0.00805282 0.00909573 0.00835183 0.00876243 0.00840415 0.00822429 0.00822347 0.00823442 0.00942155 0.00807772 0.00816483 0.00799203 0.00848492 0.00844015 0.00812764 0.00828269 0.00835213 0.00805579 0.00837492 0.00809773 0.0084245 
0.0102839 0.0108802 0.00842305 0.0121491 0.0087593 0.009622 0.0106911 0.0105595 0.0282218 0.0150924 0.0282088 0.00657125 0.00671824 0.0102465 0.0219214 0.00719064 0.00497432 0 0.0510562 0.0053358 0.00454174 0.00423856 0.00746048 0.00504688 0.00970075 0.00494546 0.0101306 0.0180107 0.00942719 0.00938863 0.0117585 0.00887892 0.00962706 0.0115882 0.00808431 0.00865235 0.00811774 0.00982519 0.00982599 0.00829319 0.00823489 0.00837421 0.00828843 0.00815505 0.00831372 0.00807389 0.00839 0.00808809 0.008342 0.00827392 0.00824808 0.00977226 0.00872221 0.0080878 0.00825997 0.00816982 
0.0113874 0.00903678 0.0100641 0.00928017 0.0116469 0.00999197 0.0104115 0.0900553 0.0114259 0.0141865 0.0111657 0.00899143 0.00922557 0.00772844 0.00873063 0.0141735 0.00744541 0.0510562 0 0.00395327 0.00353995 0.00358909 0.00359529 0.00374156 0.00387522 0.00861297 0.0774204 0.00986886 0.0179279 0.00916236 0.0114897 0.00953137 0.0134234 0.00865774 0.00851647 0.0083565 0.00917595 0.00943563 0.00869308 0.00890823 0.00860516 0.0084689 0.00835299 0.00839775 0.00814488 0.00817961 0.0080667 0.00824646 0.0083934 0.00825504 0.00856345 0.00825825 0.00826378 0.00825299 0.00814372 0.00836131 
0.00914938 0.0113343 0.010214 0.0137544 0.0171448 0.0196611 0.124069 0.0110371 0.0120522 0.0116172 0.0094867 0.0109632 0.0130608 0.00978401 0.0110727 0.0253359 0.0300048 0.0053358 0.00395327 0 0.00356673 0.00355983 0.00355443 0.00357418 0.00476047 0.00357325 0.0216955 0.0364809 0.0101597 0.0082344 0.0107024 0.0134438 0.00991012 0.00873407 0.00913271 0.00913258 0.00932076 0.00875399 0.0087845 0.00916063 0.00977962 0.00909917 0.00830223 0.00814611 0.00876299 0.00848914 0.00844584 0.00817533 0.00845856 0.00861306 0.00847444 0.0081565 0.00847018 0.00848041 0.00840533 0.00829329 
0.00904171 0.0111395 0.0113218 0.0292123 0.0218288 0.211206 0.0184386 0.0126444 0.0100169 0.0109176 0.0108772 0.0102656 0.0163986 0.00989928 0.0180142 0.135704 0.00655376 0.00454174 0.00353995 0.00356673 0 0.00354492 0.0035543 0.00353421 0.00356621 0.00357561 0.0230941 0.0175468 0.0125155 0.00821012 0.0115798 0.0127362 0.0106843 0.0091562 0.00959146 0.019746 0.00935265 0.0090825 0.00908801 0.0118395 0.0125791 0.00977394 0.00853628 0.00836229 0.00920931 0.00871706 0.00858222 0.00820181 0.00878569 0.0092055 0.00847787 0.00816461 0.00861339 0.00855121 0.00840829 0.00842234 
0.0108056 0.00900658 0.0232437 0.0104189 0.269945 0.0176964 0.0232166 0.0111626 0.0100924 0.0108431 0.010791 0.0196247 0.00931383 0.0681444 0.116813 0.0125999 0.00726008 0.00423856 0.00358909 0.00355983 0.00354492 0 0.00354469 0.00356119 0.00355925 0.00363881 0.0348159 0.0104512 0.0158449 0.00841288 0.0115448 0.0121703 0.0101144 0.008636 0.0148735 0.0100748 0.0142493 0.00841987 0.00884901 0.0101325 0.0140124 0.00914367 0.00836972 0.00853185 0.00889414 0.00941835 0.00834918 0.00810867 0.00864763 0.00880257 0.00841696 0.00802856 0.00841916 0.00868557 0.00835586 0.0086496 
0.00857029 0.0131707 0.00879229 0.22218 0.0100759 0.0472524 0.0120335 0.0103385 0.00922038 0.00955169 0.0160106 0.00905644 0.184537 0.0388437 0.00900767 0.0084336 0.00577101 0.00746048 0.00359529 0.00355443 0.0035543 0.00354469 0 0.00351839 0.0035666 0.00352444 0.0102961 0.035123 0.00951858 0.00817467 0.00944613 0.0103163 0.00999355 0.0112417 0.00844774 0.0272216 0.00881581 0.0100393 0.00922106 0.0104532 0.0101715 0.00940519 0.00868138 0.00813245 0.0094635 0.00841505 0.008654 0.00812919 0.00857348 0.00867223 0.008426 0.00854502 0.00893048 0.00832057 0.00851349 0.00834623 
0.010896 0.00851332 0.128211 0.00905013 0.0423008 0.0114783 0.0137157 0.0094072 0.00919819 0.00907289 0.00900987 0.190659 0.0153734 0.0100892 0.0098411 0.00786396 0.0081994 0.00504688 0.00374156 0.00357418 0.00353421 0.00356119 0.00351839 0 0.00351946 0.00358181 0.044371 0.00916555 0.0140567 0.00835663 0.00973894 0.00977403 0.00927394 0.00833144 0.0116829 0.00908784 0.0119819 0.00819331 0.00863713 0.0088588 0.0112574 0.00848548 0.00808951 0.00919911 0.00839299 0.00903102 0.00820972 0.00808682 0.00849984 0.0084282 0.00820541 0.00801195 0.00823248 0.00847378 0.00817841 0.00832217 
0.00866083 0.071461 0.00862194 0.0128426 0.00894322 0.0132765 0.0118965 0.00947389 0.00983889 0.0102412 0.170151 0.0191981 0.0101554 0.00799989 0.00876391 0.00734394 0.00569913 0.00970075 0.00387522 0.00476047 0.00356621 0.00355925 0.0035666 0.00351946 0 0.00355683 0.00908862 0.102296 0.0101256 0.00843068 0.00944455 0.0110375 0.0093819 0.0104173 0.00843516 0.011446 0.00849687 0.00942236 0.00888062 0.00894054 0.00873859 0.00887075 0.00849376 0.00805658 0.00879832 0.00826565 0.00836088 0.00810233 0.00841346 0.00850876 0.00817758 0.0084128 0.00841738 0.00818752 0.00835931 0.00811032 
0.0751765 0.00895211 0.00964676 0.00868617 0.0103125 0.00907054 0.0116064 0.0130268 0.0150229 0.0142806 0.0520599 0.0114137 0.00737782 0.00790283 0.00762686 0.00884039 0.0216171 0.00494546 0.00861297 0.00357325 0.00357561 0.00363881 0.00352444 0.00358181 0.00355683 0 0.0398312 0.0100232 0.0950024 0.0108742 0.0165898 0.00973792 0.0101236 0.00984047 0.00936377 0.0083655 0.00941955 0.00830364 0.00933085 0.00879906 0.00844033 0.00853024 0.00827861 0.00964523 0.00819944 0.00841542 0.00814628 0.00827309 0.00860881 0.00827865 0.00822949 0.00829844 0.00814506 0.00845604 0.00798674 0.00819842 
0.0100572 0.00820043 0.00978564 0.00836564 0.0106947 0.00891637 0.0101806 0.0136641 0.00992929 0.0117986 0.00958497 0.012204 0.00878026 0.009587 0.00935495 0.0155877 0.0242159 0.0101306 0.0774204 0.0216955 0.0230941 0.0348159 0.0102961 0.044371 0.00908862 0.0398312 0 0.0037676 0.00394128 0.03368 0.0611316 0.0215966 0.035589 0.0104023 0.0167588 0.00932212 0.0144473 0.0109516 0.0126336 0.0110298 0.0109937 0.0093638 0.00959588 0.0128106 0.00818236 0.00926654 0.00813424 0.00928924 0.00928337 0.00839178 0.00962933 0.00829692 0.00873443 0.00869936 0.00805352 0.00923719 
0.00836151 0.00911953 0.00834953 0.00964681 0.0089014 0.0117772 0.0124229 0.00905251 0.00980376 0.00968213 0.012059 0.00903465 0.0100759 0.00886299 0.011474 0.00937582 0.00963268 0.0180107 0.00986886 0.0364809 0.0175468 0.0104512 0.035123 0.00916555 0.102296 0.0100232 0.0037676 0 0.00359341 0.0122918 0.0305795 0.159698 0.0150001 0.0164948 0.0102047 0.0186646 0.0101503 0.0116146 0.0106857 0.0140357 0.0111504 0.0139424 0.00891907 0.00855177 0.0113986 0.00848818 0.0104198 0.00810298 0.00911611 0.00959879 0.00891341 0.00858695 0.00942002 0.00841292 0.00988266 0.00822416 
0.0104016 0.00830183 0.00863953 0.00866273 0.00934183 0.00941216 0.00990671 0.0105148 0.0100177 0.0108029 0.0134255 0.0101301 0.00861529 0.00891332 0.00912089 0.0115198 0.0121486 0.00942719 0.0179279 0.0101597 0.0125155 0.0158449 0.00951858 0.0140567 0.0101256 0.0950024 0.00394128 0.00359341 0 0.215557 0.0319892 0.0350075 0.114449 0.0150719 0.0174829 0.00964868 0.0119563 0.012558 0.0138255 0.0104888 0.0108344 0.00952578 0.0099379 0.012445 0.00864395 0.00874439 0.0083534 0.00855032 0.010508 0.00866144 0.00903966 0.0087098 0.00881805 0.00870153 0.00834337 0.00882576 
0.00877049 0.00803805 0.00818913 0.00798855 0.00801642 0.00805943 0.00818105 0.0094762 0.00872569 0.00876747 0.00944916 0.00823252 0.00808462 0.00800903 0.00806938 0.009278 0.0116197 0.00938863 0.00916236 0.0082344 0.00821012 0.00841288 0.00817467 0.00835663 0.00843068 0.0108742 0.03368 0.0122918 0.215557 0 0.0385741 0.0212372 0.0308865 0.0147073 0.00933223 0.00840398 0.00957538 0.0128663 0.0100399 0.00859602 0.00831994 0.00939426 0.00957192 0.00930613 0.00810514 0.00804702 0.00818214 0.00899542 0.00892875 0.00817525 0.00897468 0.00952164 0.00852291 0.00799701 0.00817082 0.00867636 
0.00849261 0.00836408 0.00865532 0.00872137 0.00942306 0.00932799 0.010415 0.012493 0.00921436 0.0128535 0.00895734 0.00878531 0.00850734 0.00852654 0.00898719 0.0131317 0.0103189 0.0117585 0.0114897 0.0107024 0.0115798 0.0115448 0.00944613 0.00973894 0.00944455 0.0165898 0.0611316 0.0305795 0.0319892 0.0385741 0 0.0036587 0.00386961 0.437008 0.0304756 0.0524641 0.0166087 0.033428 0.0316563 0.0270423 0.017841 0.0145265 0.0181488 0.0127569 0.0109774 0.0110765 0.010389 0.0133321 0.0148958 0.0111872 0.0160282 0.00991871 0.0123488 0.00945456 0.00974005 0.0115477 
0.00837344 0.00848032 0.00871052 0.00894216 0.00976598 0.0110054 0.0112863 0.00901362 0.00903105 0.00976845 0.00868116 0.00990299 0.00862404 0.00870578 0.0105582 0.00858461 0.00935326 0.00887892 0.00953137 0.0134438 0.0127362 0.0121703 0.0103163 0.00977403 0.0110375 0.00973792 0.0215966 0.159698 0.0350075 0.0212372 0.0036587 0 0.00365999 0.0293348 0.392188 0.0214163 0.180156 0.0135875 0.0167854 0.0383114 0.0218132 0.0420546 0.0103697 0.0117618 0.0163751 0.0109613 0.0122969 0.00858187 0.011513 0.0227209 0.0101457 0.00857981 0.00976613 0.0105318 0.010394 0.00941057 
0.0105245 0.00847823 0.00852588 0.00876277 0.00915209 0.00933452 0.00948871 0.00992307 0.0100057 0.00967487 0.0145576 0.00888842 0.00850895 0.00869698 0.00849715 0.00931549 0.0101744 0.00962706 0.0134234 0.00991012 0.0106843 0.0101144 0.00999355 0.00927394 0.0093819 0.0101236 0.035589 0.0150001 0.114449 0.0308865 0.00386961 0.00365999 0 0.0421456 0.013532 0.143391 0.0236179 0.320987 0.0307906 0.0158764 0.0141162 0.0139341 0.0174652 0.0174741 0.0125717 0.00969023 0.00962215 0.00962266 0.0231054 0.0109411 0.0119665 0.0126266 0.0151128 0.0100574 0.00978276 0.00897804 
0.0086523 0.00867043 0.00831856 0.00934192 0.00848456 0.00879742 0.00845259 0.00936456 0.00834999 0.00901622 0.0101287 0.00809859 0.00868959 0.00823042 0.00827878 0.00946181 0.00865938 0.0115882 0.00865774 0.00873407 0.0091562 0.008636 0.0112417 0.00833144 0.0104173 0.00984047 0.0104023 0.0164948 0.0150719 0.0147073 0.437008 0.0293348 0.0421456 0 0.0036588 0.0036405 0.00362324 0.00504341 0.0560582 0.0309633 0.0126014 0.0201148 0.0370368 0.0141985 0.0188925 0.00949776 0.0127489 0.0129751 0.0166175 0.0116163 0.0156182 0.0153576 0.0177572 0.00872672 0.0101607 0.0105222 
0.00824263 0.00821635 0.00873905 0.00842525 0.0104913 0.00880879 0.0090305 0.00871163 0.00828145 0.00864503 0.00804472 0.00869988 0.00828335 0.00843509 0.00851089 0.00832618 0.00906207 0.00808431 0.00851647 0.00913271 0.00959146 0.0148735 0.00844774 0.0116829 0.00843516 0.00936377 0.0167588 0.0102047 0.0174829 0.00933223 0.0304756 0.392188 0.013532 0.0036588 0 0.00357804 0.00363592 0.00356821 0.192241 0.0489827 0.0916644 0.0272772 0.0109627 0.0265342 0.0113384 0.0352032 0.0096548 0.00992186 0.0151831 0.0141179 0.0114558 0.00828878 0.00958086 0.0234938 0.00918043 0.0114756 
0.00808326 0.00840037 0.00837915 0.00955276 0.00903111 0.0110197 0.00904029 0.00851916 0.00827954 0.00839201 0.00870136 0.00823071 0.00913887 0.00868968 0.00874235 0.00824989 0.00805282 0.00865235 0.0083565 0.00913258 0.019746 0.0100748 0.0272216 0.00908784 0.011446 0.0083655 0.00932212 0.0186646 0.00964868 0.00840398 0.0524641 0.0214163 0.143391 0.0036405 0.00357804 0 0.0035503 0.00369055 0.0271868 0.303381 0.0508322 0.0505003 0.0123493 0.00946581 0.0587479 0.011149 0.0217102 0.00872207 0.0152224 0.0152186 0.0109474 0.00907798 0.0123034 0.00988283 0.0218799 0.00949598 
0.00840455 0.008309 0.00874287 0.00854057 0.00973367 0.00897485 0.00875679 0.00843023 0.00830013 0.00858539 0.00853416 0.00905048 0.00843299 0.00852851 0.0084747 0.00858461 0.00909573 0.00811774 0.00917595 0.00932076 0.00935265 0.0142493 0.00881581 0.0119819 0.00849687 0.00941955 0.0144473 0.0101503 0.0119563 0.00957538 0.0166087 0.180156 0.0236179 0.00362324 0.00363592 0.0035503 0 0.0036005 0.0223619 0.0340224 0.409631 0.0536121 0.0183358 0.0347036 0.0106203 0.0336393 0.00955451 0.0112369 0.0126827 0.0149907 0.0126279 0.00860948 0.00981993 0.0256589 0.0090902 0.012486 
0.00840614 0.00828949 0.00812657 0.00842365 0.00825786 0.00844986 0.00834208 0.0086627 0.00862526 0.00879387 0.0110482 0.00820768 0.00829628 0.00823572 0.00822863 0.00845214 0.00835183 0.00982519 0.00943563 0.00875399 0.0090825 0.00841987 0.0100393 0.00819331 0.00942236 0.00830364 0.0109516 0.0116146 0.012558 0.0128663 0.033428 0.0135875 0.320987 0.00504341 0.00356821 0.00369055 0.0036005 0 0.0510635 0.026789 0.0164379 0.267693 0.0963738 0.0132244 0.0224561 0.00901556 0.0127904 0.00915664 0.0195531 0.0122407 0.0137397 0.0183648 0.0236868 0.00884029 0.0127207 0.0101206 
0.00821903 0.00822746 0.00842804 0.00861578 0.00878762 0.00882242 0.00858689 0.00932718 0.00846324 0.00848261 0.0088359 0.00816618 0.00840111 0.00827823 0.00836358 0.00899924 0.00876243 0.00982599 0.00869308 0.0087845 0.00908801 0.00884901 0.00922106 0.00863713 0.00888062 0.00933085 0.0126336 0.0106857 0.0138255 0.0100399 0.0316563 0.0167854 0.0307906 0.0560582 0.192241 0.0271868 0.0223619 0.0510635 0 0.00478098 0.00359428 0.00365754 0.00397747 0.669128 0.022186 0.0222093 0.0110011 0.0160196 0.0290155 0.0178524 0.0218932 0.0170051 0.0291142 0.0123556 0.0111733 0.0157404 
0.00826706 0.00842171 0.00851016 0.0093348 0.00913884 0.00984116 0.00894492 0.00867247 0.00847254 0.00853693 0.00840581 0.00841255 0.00869717 0.00859057 0.00886686 0.00835295 0.00840415 0.00829319 0.00890823 0.00916063 0.0118395 0.0101325 0.0104532 0.0088588 0.00894054 0.00879906 0.0110298 0.0140357 0.0104888 0.00859602 0.0270423 0.0383114 0.0158764 0.0309633 0.0489827 0.303381 0.0340224 0.026789 0.00478098 0 0.00357528 0.00360062 0.00364879 0.0745764 0.739357 0.0146814 0.0520529 0.0107144 0.0357991 0.0323414 0.0143494 0.0111876 0.0208998 0.0203044 0.0186725 0.0123857 
0.00815437 0.00837256 0.0085835 0.00868417 0.00957741 0.010006 0.00941003 0.00862856 0.0083267 0.00848204 0.00824964 0.00843971 0.00863324 0.0087896 0.00862883 0.0083244 0.00822429 0.00823489 0.00860516 0.00977962 0.0125791 0.0140124 0.0101715 0.0112574 0.00873859 0.00844033 0.0109937 0.0111504 0.0108344 0.00831994 0.017841 0.0218132 0.0141162 0.0126014 0.0916644 0.0508322 0.409631 0.0164379 0.00359428 0.00357528 0 0.00355534 0.00355446 0.0537303 0.0332093 0.613558 0.0146429 0.0126183 0.0190921 0.0288133 0.0191224 0.00887533 0.0132417 0.0323585 0.0164342 0.0181569 
0.00815469 0.00827745 0.00820609 0.00851451 0.00878153 0.00903664 0.00858719 0.00829714 0.00831255 0.00850512 0.00836688 0.00843226 0.008469 0.0084382 0.00844984 0.00816185 0.00822347 0.00837421 0.0084689 0.00909917 0.00977394 0.00914367 0.00940519 0.00848548 0.00887075 0.00853024 0.0093638 0.0139424 0.00952578 0.00939426 0.0145265 0.0420546 0.0139341 0.0201148 0.0272772 0.0505003 0.0536121 0.267693 0.00365754 0.00360062 0.00355534 0 0.00436405 0.016865 0.0899728 0.0292579 0.500136 0.0118404 0.0188796 0.0374976 0.0260146 0.0112469 0.013397 0.0142055 0.021837 0.0116913 
0.00825267 0.0080447 0.00811713 0.00828266 0.00821332 0.00828782 0.00828952 0.00831547 0.00830597 0.00839166 0.00860742 0.00803394 0.00812025 0.00812701 0.00812378 0.00825693 0.00823442 0.00828843 0.00835299 0.00830223 0.00853628 0.00836972 0.00868138 0.00808951 0.00849376 0.00827861 0.00959588 0.00891907 0.0099379 0.00957192 0.0181488 0.0103697 0.0174652 0.0370368 0.0109627 0.0123493 0.0183358 0.0963738 0.00397747 0.00364879 0.00355446 0.00436405 0 0.0193061 0.0149694 0.0219673 0.0241328 0.259491 0.0153656 0.0130628 0.0217558 0.012655 0.0144311 0.0127312 0.0104955 0.0157309 
0.00824099 0.00805918 0.00835083 0.00816596 0.0083873 0.00834926 0.00817538 0.00879343 0.00838017 0.00840687 0.00811821 0.00822894 0.00813077 0.00809046 0.00811393 0.00874751 0.00942155 0.00815505 0.00839775 0.00814611 0.00836229 0.00853185 0.00813245 0.00919911 0.00805658 0.00964523 0.0128106 0.00855177 0.012445 0.00930613 0.0127569 0.0117618 0.0174741 0.0141985 0.0265342 0.00946581 0.0347036 0.0132244 0.669128 0.0745764 0.0537303 0.016865 0.0193061 0 0.00364336 0.00361047 0.00363531 0.00486855 0.0568688 0.0137078 0.0420245 0.011453 0.0157746 0.0173362 0.0105645 0.0416419 
0.00813233 0.00827054 0.00834534 0.00869472 0.00883699 0.0091046 0.00863365 0.00831659 0.00837271 0.00832494 0.00844789 0.00824639 0.0083721 0.0082843 0.00843254 0.00813351 0.00807772 0.00831372 0.00814488 0.00876299 0.00920931 0.00889414 0.0094635 0.00839299 0.00879832 0.00819944 0.00818236 0.0113986 0.00864395 0.00810514 0.0109774 0.0163751 0.0125717 0.0188925 0.0113384 0.0587479 0.0106203 0.0224561 0.022186 0.739357 0.0332093 0.0899728 0.0149694 0.00364336 0 0.00357805 0.00358808 0.00358513 0.0331779 0.077075 0.0126242 0.0146524 0.023592 0.0120865 0.0808682 0.0107212 
0.00821012 0.00823772 0.00833891 0.00832398 0.00850938 0.00851376 0.00834089 0.00820809 0.00816637 0.00810205 0.00803636 0.00832636 0.00829805 0.00819401 0.00823999 0.00814817 0.00816483 0.00807389 0.00817961 0.00848914 0.00871706 0.00941835 0.00841505 0.00903102 0.00826565 0.00841542 0.00926654 0.00848818 0.00874439 0.00804702 0.0110765 0.0109613 0.00969023 0.00949776 0.0352032 0.011149 0.0336393 0.00901556 0.0222093 0.0146814 0.613558 0.0292579 0.0219673 0.00361047 0.00357805 0 0.0035489 0.00356023 0.139498 0.0159343 0.0238351 0.00904744 0.0112495 0.0489398 0.0099587 0.0248941 
0.0080907 0.00822563 0.00811317 0.00827762 0.00831773 0.00839402 0.00825054 0.00816684 0.00816322 0.00822418 0.00814934 0.00819256 0.0083126 0.00812604 0.00825771 0.00807726 0.00799203 0.00839 0.0080667 0.00844584 0.00858222 0.00834918 0.008654 0.00820972 0.00836088 0.00814628 0.00813424 0.0104198 0.0083534 0.00818214 0.010389 0.0122969 0.00962215 0.0127489 0.0096548 0.0217102 0.00955451 0.0127904 0.0110011 0.0520529 0.0146429 0.500136 0.0241328 0.00363531 0.00358808 0.0035489 0 0.00366196 0.0125388 0.334839 0.0151547 0.0112326 0.0148786 0.0121974 0.0283785 0.00973315 
0.00832491 0.00808847 0.00804921 0.0081039 0.00812192 0.00813435 0.00807376 0.00812375 0.00834651 0.00832758 0.00831669 0.00807025 0.00805016 0.00804562 0.00807771 0.00813583 0.00848492 0.00808809 0.00824646 0.00817533 0.00820181 0.00810867 0.00812919 0.00808682 0.00810233 0.00827309 0.00928924 0.00810298 0.00855032 0.00899542 0.0133321 0.00858187 0.00962266 0.0129751 0.00992186 0.00872207 0.0112369 0.00915664 0.0160196 0.0107144 0.0126183 0.0118404 0.259491 0.00486855 0.00358513 0.00356023 0.00366196 0 0.0277637 0.012931 0.201179 0.0119655 0.01219 0.010481 0.0093187 0.0212135 
0.00815867 0.00818277 0.00832307 0.00836254 0.00848798 0.00860451 0.00837113 0.00859514 0.00849636 0.00852054 0.00840168 0.00820712 0.00819764 0.0081581 0.00819665 0.00850083 0.00844015 0.008342 0.0083934 0.00845856 0.00878569 0.00864763 0.00857348 0.00849984 0.00841346 0.00860881 0.00928337 0.00911611 0.010508 0.00892875 0.0148958 0.011513 0.0231054 0.0166175 0.0151831 0.0152224 0.0126827 0.0195531 0.0290155 0.0357991 0.0190921 0.0188796 0.0153656 0.0568688 0.0331779 0.139498 0.0125388 0.0277637 0 0.00363083 0.00369045 0.0127154 0.0202232 0.0424715 0.0153268 0.100386 
0.00834544 0.0083602 0.00831963 0.00846929 0.00875028 0.0088253 0.00877518 0.0084363 0.0083973 0.00862571 0.00829829 0.008431 0.00840037 0.00831895 0.00826792 0.00821381 0.00812764 0.00827392 0.00825504 0.00861306 0.0092055 0.00880257 0.00867223 0.0084282 0.00850876 0.00827865 0.00839178 0.00959879 0.00866144 0.00817525 0.0111872 0.0227209 0.0109411 0.0116163 0.0141179 0.0152186 0.0149907 0.0122407 0.0178524 0.0323414 0.0288133 0.0374976 0.0130628 0.0137078 0.077075 0.0159343 0.334839 0.012931 0.00363083 0 0.00362686 0.0154302 0.0205657 0.0191411 0.222103 0.0168011 
0.00850486 0.00821095 0.00820084 0.00832203 0.00832202 0.00841693 0.00834869 0.00829382 0.00843241 0.00860455 0.00859889 0.00822496 0.00831294 0.00807158 0.00816603 0.00820631 0.00828269 0.00824808 0.00856345 0.00847444 0.00847787 0.00841696 0.008426 0.00820541 0.00817758 0.00822949 0.00962933 0.00891341 0.00903966 0.00897468 0.0160282 0.0101457 0.0119665 0.0156182 0.0114558 0.0109474 0.0126279 0.0137397 0.0218932 0.0143494 0.0191224 0.0260146 0.0217558 0.0420245 0.0126242 0.0238351 0.0151547 0.201179 0.00369045 0.00362686 0 0.014444 0.0169452 0.0576581 0.0128401 0.0893538 
0.00845874 0.00836643 0.00810776 0.00852494 0.0081994 0.0081886 0.0082085 0.00890235 0.00849375 0.00858092 0.0100381 0.0080813 0.00836453 0.00810325 0.00809982 0.00852272 0.00835213 0.00977226 0.00825825 0.0081565 0.00816461 0.00802856 0.00854502 0.00801195 0.0084128 0.00829844 0.00829692 0.00858695 0.0087098 0.00952164 0.00991871 0.00857981 0.0126266 0.0153576 0.00828878 0.00907798 0.00860948 0.0183648 0.0170051 0.0111876 0.00887533 0.0112469 0.012655 0.011453 0.0146524 0.00904744 0.0112326 0.0119655 0.0127154 0.0154302 0.014444 0 0.044163 0.00477754 0.00732546 0.00749198 
0.00818747 0.00834993 0.00826584 0.0084565 0.0083922 0.00869878 0.00830285 0.00855384 0.00851219 0.00842856 0.00908689 0.00812765 0.0082447 0.00811915 0.00821687 0.00825319 0.00805579 0.00872221 0.00826378 0.00847018 0.00861339 0.00841916 0.00893048 0.00823248 0.00841738 0.00814506 0.00873443 0.00942002 0.00881805 0.00852291 0.0123488 0.00976613 0.0151128 0.0177572 0.00958086 0.0123034 0.00981993 0.0236868 0.0291142 0.0208998 0.0132417 0.013397 0.0144311 0.0157746 0.023592 0.0112495 0.0148786 0.01219 0.0202232 0.0205657 0.0169452 0.044163 0 0.00356267 0.00430816 0.00425976 
0.00826555 0.0083269 0.00835452 0.00838353 0.00847956 0.00853545 0.00838905 0.00851942 0.00833126 0.00837476 0.00834912 0.00826995 0.00827337 0.00824697 0.00826827 0.00824235 0.00837492 0.0080878 0.00825299 0.00848041 0.00855121 0.00868557 0.00832057 0.00847378 0.00818752 0.00845604 0.00869936 0.00841292 0.00870153 0.00799701 0.00945456 0.0105318 0.0100574 0.00872672 0.0234938 0.00988283 0.0256589 0.00884029 0.0123556 0.0203044 0.0323585 0.0142055 0.0127312 0.0173362 0.0120865 0.0489398 0.0121974 0.010481 0.0424715 0.0191411 0.0576581 0.00477754 0.00356267 0 0.00391552 0.00364464 
0.00822006 0.00828959 0.0082037 0.00834419 0.00835628 0.00847681 0.00835982 0.00819938 0.00822261 0.0082361 0.00835495 0.00821834 0.00823675 0.00816466 0.00808415 0.00809387 0.00809773 0.00825997 0.00814372 0.00840533 0.00840829 0.00835586 0.00851349 0.00817841 0.00835931 0.00798674 0.00805352 0.00988266 0.00834337 0.00817082 0.00974005 0.010394 0.00978276 0.0101607 0.00918043 0.0218799 0.0090902 0.0127207 0.0111733 0.0186725 0.0164342 0.021837 0.0104955 0.0105645 0.0808682 0.0099587 0.0283785 0.0093187 0.0153268 0.222103 0.0128401 0.00732546 0.00430816 0.00391552 0 0.00364844 
0.00859108 0.00824812 0.00858123 0.00840673 0.00851729 0.00859789 0.00835025 0.00848537 0.00838242 0.00838843 0.0083473 0.00818799 0.00819882 0.00814863 0.00829828 0.00821067 0.0084245 0.00816982 0.00836131 0.00829329 0.00842234 0.0086496 0.00834623 0.00832217 0.00811032 0.00819842 0.00923719 0.00822416 0.00882576 0.00867636 0.0115477 0.00941057 0.00897804 0.0105222 0.0114756 0.00949598 0.012486 0.0101206 0.0157404 0.0123857 0.0181569 0.0116913 0.0157309 0.0416419 0.0107212 0.0248941 0.00973315 0.0212135 0.100386 0.0168011 0.0893538 0.00749198 0.00425976 0.00364464 0.00364844 0 
