1R26A
IRMRARYPSVVDVYSVEQFRNIMSEDILTVAWFTAVWCGPCKTIERPMEKIAYEFPTVKFAKVDADNNSEIVSKCRVLQLPTFIIARSGKMLGHVIGANPGMLRQKLRDIIKD
CCCCCCCCCCEEECCHHHHHHHHHCCCCEEEEEECCCCHHHHHCHHHHHHHHHHCCCCEEEEEECCCCHHHHHHCCCCCCCEEEEEECCEEEEEEECCCHHHHHHHHHHHHHC
0 0 0 0 0 0 0 0 0 0 0 0 0 0 0 0 0 0 0 0 0 0 0 0 0 0 0 0 0 0 0 0 0 0 0 0 0 0 0 0 0 0 0 0 0 0 0 0 0 0 0 0 0 0 0 0 0 0 0 0 0 0 0 0 0 0 0 0 0 0 0 0 0 0 0 0 0 0 0 0 0 0 0 0 0 0 0 0 0 0 0 0 0 0 0 0 0 0 0 0 0 0 0 0 0 0 0 0 0 0 0 0 0 
0 0 0 0 0 0 0 0 0 0 0 0 0 0 0 0 0 0 0 0 0 0 0 0 0 0 0 0 0 0 0 0 0 0 0 0 0 0 0 0 0 0 0 0 0 0 0 0 0 0 0 0 0 0 0 0 0 0 0 0 0 0 0 0 0 0 0 0 0 0 0 0 0 0 0 0 0 0 0 0 0 0 0 0 0 0 0 0 0 0 0 0 0 0 0 0 0 0 0 0 0 0 0 0 0 0 0 0 0 0 0 0 0 
0 0.00386189 0.00457214 0.0623237 0.0287362 0.0210005 0.0113241 0.0132861 0.0206916 0.020387 0.0134743 0.0120889 0.010321 0.0134975 0.0127028 0.0111939 0.0102487 0.0133298 0.0105925 0.00933648 0.0109684 0.00890965 0.00829107 0.00824316 0.0085272 0.00833235 0.00885353 0.00955671 
0.00386189 0 0.003575 0.0204122 0.0759861 0.0138988 0.0271687 0.0203993 0.0122277 0.0129998 0.0137804 0.0104466 0.0130352 0.0114822 0.0105697 0.00991345 0.0114963 0.0119908 0.00942018 0.00923049 0.00867109 0.00865386 0.00850334 0.00830941 0.00823686 0.00907177 0.00841673 0.00876591 
0.00457214 0.003575 0 0.0287111 0.015679 0.0336764 0.0163579 0.0372235 0.0263136 0.0140457 0.0124137 0.0103612 0.00905577 0.0133725 0.0129358 0.0152069 0.0106874 0.00980078 0.00917334 0.00958493 0.00881992 0.00978114 0.00856216 0.00838425 0.00923557 0.00833785 0.00934078 0.00880281 
0.0623237 0.0204122 0.0287111 0 0.00370538 0.00361015 0.0036168 0.00364089 0.00486986 0.729949 0.0240573 0.025938 0.0199401 0.0192049 0.0495316 0.0487468 0.0315507 0.025986 0.0183748 0.0129331 0.0196603 0.0110713 0.00980739 0.00930394 0.0100562 0.0126473 0.00965611 0.0219053 
0.0287362 0.0759861 0.015679 0.00370538 0 0.00358188 0.00356673 0.00360261 0.00373744 0.0570794 0.707273 0.0256503 0.0541242 0.0440539 0.0141433 0.0162099 0.0907676 0.057878 0.032488 0.0243326 0.00992782 0.00864312 0.0101532 0.01122 0.0136408 0.0141478 0.0354549 0.0100778 
0.0210005 0.0138988 0.0336764 0.00361015 0.00358188 0 0.00354698 0.00353726 0.00354913 0.0501778 0.0467555 0.665302 0.0494514 0.0706623 0.0115525 0.0156839 0.0365445 0.184551 0.0866754 0.0220776 0.00947583 0.00868896 0.0112989 0.0122492 0.0237465 0.0352826 0.0225926 0.010632 
0.0113241 0.0271687 0.0163579 0.0036168 0.00356673 0.00354698 0 0.00354424 0.00353816 0.0240167 0.108776 0.0664238 0.720848 0.0196123 0.0243952 0.0119011 0.0401034 0.134532 0.0925514 0.0130124 0.00965493 0.00878893 0.00940531 0.0161484 0.0228437 0.0419457 0.0114453 0.0110502 
0.0132861 0.0203993 0.0372235 0.00364089 0.00360261 0.00353726 0.00354424 0 0.00377592 0.021385 0.0571374 0.10902 0.026425 0.71508 0.0141287 0.0143141 0.0381454 0.0321152 0.0195645 0.033609 0.00948232 0.00866706 0.0108525 0.00978905 0.0156186 0.00969121 0.0366178 0.0100507 
0.0206916 0.0122277 0.0263136 0.00486986 0.00373744 0.00354913 0.00353816 0.00377592 0 0.0260643 0.0224403 0.0239018 0.0373566 0.0270084 0.636482 0.0272033 0.0126458 0.013989 0.0133216 0.00991456 0.0133198 0.0155563 0.00925896 0.00940597 0.00932079 0.0105562 0.00942377 0.0172516 
0.020387 0.0129998 0.0140457 0.729949 0.0570794 0.0501778 0.0240167 0.021385 0.0260643 0 0.00417179 0.00358041 0.00367528 0.0036219 0.00522436 0.0866207 0.0217278 0.0177835 0.0148924 0.0123681 0.025513 0.0132676 0.00998517 0.0101921 0.00920215 0.0141126 0.00960035 0.0253363 
0.0134743 0.0137804 0.0124137 0.0240573 0.707273 0.0467555 0.108776 0.0571374 0.0224403 0.00417179 0 0.00353927 0.00356586 0.00359202 0.00357808 0.0406094 0.0982764 0.032992 0.0232467 0.0319412 0.0117171 0.00954985 0.0113339 0.00982311 0.0138608 0.0103393 0.0372927 0.0112466 
0.0120889 0.0104466 0.0103612 0.025938 0.0256503 0.665302 0.0664238 0.10902 0.0239018 0.00358041 0.00353927 0 0.00352162 0.00355317 0.00355043 0.0306178 0.0521906 0.0656972 0.0335442 0.0177094 0.0103832 0.00899549 0.0107037 0.0113984 0.0178319 0.0233973 0.018619 0.0114757 
0.010321 0.0130352 0.00905577 0.0199401 0.0541242 0.0494514 0.720848 0.026425 0.0373566 0.00367528 0.00356586 0.00352162 0 0.00351869 0.00354269 0.0248089 0.0492686 0.116738 0.0597703 0.0133631 0.00985566 0.00945658 0.0094981 0.0125054 0.0130194 0.0450946 0.0115544 0.0117936 
0.0134975 0.0114822 0.0133725 0.0192049 0.0440539 0.0706623 0.0196123 0.71508 0.0270084 0.0036219 0.00359202 0.00355317 0.00351869 0 0.00358106 0.0339348 0.0971749 0.0609499 0.0352404 0.064974 0.0127382 0.00942797 0.0131262 0.00903467 0.019838 0.00939469 0.0645445 0.0107304 
0.0127028 0.0105697 0.0129358 0.0495316 0.0141433 0.0115525 0.0243952 0.0141287 0.636482 0.00522436 0.00357808 0.00355043 0.00354269 0.00358106 0 0.0324666 0.0175259 0.029482 0.0297489 0.0328101 0.046346 0.0152847 0.00978903 0.0102832 0.00963692 0.0113541 0.0102165 0.0404913 
0.0111939 0.00991345 0.0152069 0.0487468 0.0162099 0.0156839 0.0119011 0.0143141 0.0272033 0.0866207 0.0406094 0.0306178 0.0248089 0.0339348 0.0324666 0 0.00368114 0.00361566 0.00359181 0.00365539 0.00452496 0.00462688 0.00549323 0.00612673 0.00632941 0.0127383 0.0102394 0.932869 
0.0102487 0.0114963 0.0106874 0.0315507 0.0907676 0.0365445 0.0401034 0.0381454 0.0126458 0.0217278 0.0982764 0.0521906 0.0492686 0.0971749 0.0175259 0.00368114 0 0.0035779 0.00351351 0.00370987 0.00374096 0.0039888 0.00772659 0.004951 0.010107 0.0120973 0.962571 0.0115184 
0.0133298 0.0119908 0.00980078 0.025986 0.057878 0.184551 0.134532 0.0321152 0.013989 0.0177835 0.032992 0.0656972 0.116738 0.0609499 0.029482 0.00361566 0.0035779 0 0.00353773 0.00355771 0.00357927 0.00406726 0.00501279 0.00986916 0.0156826 0.94049 0.0117808 0.0110724 
0.0105925 0.00942018 0.00917334 0.0183748 0.032488 0.0866754 0.0925514 0.0195645 0.0133216 0.0148924 0.0232467 0.0335442 0.0597703 0.0352404 0.0297489 0.00359181 0.00351351 0.00353773 0 0.00353003 0.00354801 0.00380437 0.00812823 0.0572812 0.866027 0.0228116 0.00868478 0.015014 
0.00933648 0.00923049 0.00958493 0.0129331 0.0243326 0.0220776 0.0130124 0.033609 0.00991456 0.0123681 0.0319412 0.0177094 0.0133631 0.064974 0.0328101 0.00365539 0.00370987 0.00355771 0.00353003 0 0.00353348 0.00493194 0.9682 0.0442346 0.00587076 0.00497635 0.0142053 0.00720422 
0.0109684 0.00867109 0.00881992 0.0196603 0.00992782 0.00947583 0.00965493 0.00948232 0.0133198 0.025513 0.0117171 0.0103832 0.00985566 0.0127382 0.046346 0.00452496 0.00374096 0.00357927 0.00354801 0.00353348 0 0.992159 0.00992032 0.00370536 0.00369481 0.00556912 0.0052895 0.00782579 
0.00890965 0.00865386 0.00978114 0.0110713 0.00864312 0.00868896 0.00878893 0.00866706 0.0155563 0.0132676 0.00954985 0.00899549 0.00945658 0.00942797 0.0152847 0.00462688 0.0039888 0.00406726 0.00380437 0.00493194 0.992159 0 0.003805 0.00359138 0.00371726 0.00371975 0.00477333 0.00649337 
0.00829107 0.00850334 0.00856216 0.00980739 0.0101532 0.0112989 0.00940531 0.0108525 0.00925896 0.00998517 0.0113339 0.0107037 0.0094981 0.0131262 0.00978903 0.00549323 0.00772659 0.00501279 0.00812823 0.9682 0.00992032 0.003805 0 0.00360528 0.00352673 0.00366347 0.00392419 0.00423036 
0.00824316 0.00830941 0.00838425 0.00930394 0.01122 0.0122492 0.0161484 0.00978905 0.00940597 0.0101921 0.00982311 0.0113984 0.0125054 0.00903467 0.0102832 0.00612673 0.004951 0.00986916 0.0572812 0.0442346 0.00370536 0.00359138 0.00360528 0 0.0035135 0.00358656 0.00357328 0.00356205 
0.0085272 0.00823686 0.00923557 0.0100562 0.0136408 0.0237465 0.0228437 0.0156186 0.00932079 0.00920215 0.0138608 0.0178319 0.0130194 0.019838 0.00963692 0.00632941 0.010107 0.0156826 0.866027 0.00587076 0.00369481 0.00371726 0.00352673 0.0035135 0 0.00354083 0.00354141 0.00353242 
0.00833235 0.00907177 0.00833785 0.0126473 0.0141478 0.0352826 0.0419457 0.00969121 0.0105562 0.0141126 0.0103393 0.0233973 0.0450946 0.00939469 0.0113541 0.0127383 0.0120973 0.94049 0.0228116 0.00497635 0.00556912 0.00371975 0.00366347 0.00358656 0.00354083 0 0.00353877 0.00355967 
0.00885353 0.00841673 0.00934078 0.00965611 0.0354549 0.0225926 0.0114453 0.0366178 0.00942377 0.00960035 0.0372927 0.018619 0.0115544 0.0645445 0.0102165 0.0102394 0.962571 0.0117808 0.00868478 0.0142053 0.0052895 0.00477333 0.00392419 0.00357328 0.00354141 0.00353877 0 0.00352145 
0.00955671 0.00876591 0.00880281 0.0219053 0.0100778 0.010632 0.0110502 0.0100507 0.0172516 0.0253363 0.0112466 0.0114757 0.0117936 0.0107304 0.0404913 0.932869 0.0115184 0.0110724 0.015014 0.00720422 0.00782579 0.00649337 0.00423036 0.00356205 0.00353242 0.00355967 0.00352145 0 
