1R8HA
SSATPIVQFQGESNCLKCFRYRLNDKHRHLFDLISSTWHWASPKAPHKHAIVTVTYHSEEQRQQFLNVVKIPPTIRHKLGFMSMHLL
CCEEEEEEEEECHHHHHHHHHHHHHHCHHHCCCEECCECECCCCCCCCCEEEEEECCCHHHHHHHHHHCCCCCCCEEEEEEEEHHHC
0 0 0 0 0 0 0 0 0 0 0 0 0 0 0 0 0 0 0 0 0 0 0 0 0 0 0 0 0 0 0 0 0 0 0 0 0 0 0 0 0 0 0 0 0 0 0 0 0 0 0 0 0 0 0 0 0 0 0 0 0 0 0 0 0 0 0 0 0 0 0 0 0 0 0 0 0 0 0 0 0 0 0 0 0 0 0 
0 0 0 0 0 0 0 0 0 0 0 0 0 0 0 0 0 0 0 0 0 0 0 0 0 0 0 0 0 0 0 0 0 0 0 0 0 0 0 0 0 0 0 0 0 0 0 0 0 0 0 0 0 0 0 0 0 0 0 0 0 0 0 0 0 0 0 0 0 0 0 0 0 0 0 0 0 0 0 0 0 0 0 0 0 0 0 
0 0.00371306 0.00358721 0.0036343 0.00365754 0.00365503 0.00382265 0.00476748 0.00793722 0.0188647 0.0154077 0.0106305 0.0108428 0.0179057 0.0100204 0.0104572 0.0124561 0.0102882 0.0211448 0.00926682 0.00843012 0.0082314 0.00818905 0.00833006 0.00837521 0.00850999 0.0125914 
0.00371306 0 0.00364437 0.00359726 0.00358476 0.00356533 0.00359471 0.00576755 0.00398137 0.0147462 0.0111412 0.00906251 0.00894287 0.0121907 0.0207315 0.0165338 0.0156385 0.0185979 0.00940083 0.00869795 0.00924307 0.00828302 0.00843661 0.00910961 0.00877035 0.00932089 0.00872178 
0.00358721 0.00364437 0 0.00353472 0.00356648 0.00354448 0.0036204 0.00352446 0.00360128 0.0156759 0.0100935 0.008827 0.00901469 0.0139376 0.0238797 0.0581963 0.0494937 0.0164067 0.00971774 0.00889439 0.00973578 0.0101333 0.0115606 0.0130644 0.015049 0.00895775 0.00860444 
0.0036343 0.00359726 0.00353472 0 0.00356033 0.0035752 0.00356318 0.00358681 0.00362573 0.0263527 0.0147283 0.0106087 0.0100456 0.0190166 0.06454 0.0828953 0.119341 0.0278238 0.0305503 0.00992356 0.0108922 0.0140096 0.0151578 0.0230936 0.0204033 0.0108553 0.00951416 
0.00365754 0.00358476 0.00356648 0.00356033 0 0.0035455 0.00366226 0.00357507 0.00357308 0.0257187 0.0133604 0.0121213 0.00951074 0.0177277 0.0354678 0.180375 0.0482295 0.165449 0.0114678 0.00921146 0.0119503 0.0143836 0.0183408 0.018855 0.0199589 0.0113628 0.00898009 
0.00365503 0.00356533 0.00354448 0.0035752 0.0035455 0 0.00353314 0.00355794 0.00354123 0.0157667 0.0205942 0.00946315 0.00964735 0.0117231 0.0612581 0.0402669 0.409449 0.0186141 0.0194156 0.0100114 0.00950045 0.0165317 0.0140903 0.0145161 0.0265793 0.00952179 0.00916001 
0.00382265 0.00359471 0.0036204 0.00356318 0.00366226 0.00353314 0 0.00353538 0.00353177 0.0223224 0.0135385 0.00981837 0.00934407 0.0126747 0.0136913 0.3267 0.0211294 0.0977834 0.0112085 0.00875496 0.0122001 0.00988759 0.0121076 0.0160042 0.0117081 0.0115769 0.00887446 
0.00476748 0.00576755 0.00352446 0.00358681 0.00357507 0.00355794 0.00353538 0 0.0035732 0.021378 0.036931 0.0108933 0.010305 0.0102828 0.0844023 0.0118655 0.0535074 0.0174836 0.0226287 0.0096351 0.00892444 0.0088207 0.00879576 0.00890068 0.0113416 0.00974903 0.00884423 
0.00793722 0.00398137 0.00360128 0.00362573 0.00357308 0.00354123 0.00353177 0.0035732 0 0.0293057 0.0417822 0.0261731 0.0198986 0.0625749 0.0105784 0.0158073 0.0106278 0.0261781 0.016682 0.0109429 0.00916032 0.0085381 0.00922044 0.00904793 0.0091541 0.00900993 0.0102683 
0.0188647 0.0147462 0.0156759 0.0263527 0.0257187 0.0157667 0.0223224 0.021378 0.0293057 0 0.00482314 0.00437741 0.00961946 0.0141926 0.02221 0.0136886 0.0146949 0.0297976 0.0343092 0.0100984 0.0094617 0.00894164 0.00881375 0.00885272 0.00903265 0.0102646 0.0151409 
0.0154077 0.0111412 0.0100935 0.0147283 0.0133604 0.0205942 0.0135385 0.036931 0.0417822 0.00482314 0 0.00938601 0.00473624 0.0143013 0.0143042 0.0132178 0.0127883 0.0242617 0.0294264 0.0116327 0.00899279 0.0086816 0.00886874 0.0088009 0.00931966 0.0100172 0.0111876 
0.0106305 0.00906251 0.008827 0.0106087 0.0121213 0.00946315 0.00981837 0.0108933 0.0261731 0.00437741 0.00938601 0 0.004203 0.0162035 0.0179184 0.0121002 0.00801439 0.0103151 0.0111539 0.0096193 0.00950572 0.00850525 0.00861828 0.00903844 0.00869172 0.00921397 0.0141743 
0.0108428 0.00894287 0.00901469 0.0100456 0.00951074 0.00964735 0.00934407 0.010305 0.0198986 0.00961946 0.00473624 0.004203 0 0.0165278 0.0110731 0.00815806 0.00688309 0.00993341 0.0124807 0.011743 0.00868965 0.00838379 0.00856906 0.00862416 0.00869705 0.00874409 0.0101094 
0.0179057 0.0121907 0.0139376 0.0190166 0.0177277 0.0117231 0.0126747 0.0102828 0.0625749 0.0141926 0.0143013 0.0162035 0.0165278 0 0.0036132 0.00355591 0.00359696 0.00364295 0.00441949 0.0903762 0.0145048 0.0097878 0.00999591 0.00970301 0.0103527 0.0131685 0.0239784 
0.0100204 0.0207315 0.0238797 0.06454 0.0354678 0.0612581 0.0136913 0.0844023 0.0105784 0.02221 0.0143042 0.0179184 0.0110731 0.0036132 0 0.00354655 0.00357229 0.00419365 0.00366667 0.0336038 0.0522324 0.0141592 0.0138979 0.0125243 0.0184538 0.0158124 0.0110537 
0.0104572 0.0165338 0.0581963 0.0828953 0.180375 0.0402669 0.3267 0.0118655 0.0158073 0.0136886 0.0132178 0.0121002 0.00815806 0.00355591 0.00354655 0 0.00358233 0.0036184 0.00358134 0.0175555 0.0242581 0.0416029 0.0247388 0.0414838 0.0215196 0.0155006 0.0107298 
0.0124561 0.0156385 0.0494937 0.119341 0.0482295 0.409449 0.0211294 0.0535074 0.0106278 0.0146949 0.0127883 0.00801439 0.00688309 0.00359696 0.00357229 0.00358233 0 0.00358993 0.00358547 0.024212 0.0177931 0.0403581 0.0589465 0.0172983 0.0689419 0.0120187 0.0110511 
0.0102882 0.0185979 0.0164067 0.0278238 0.165449 0.0186141 0.0977834 0.0174836 0.0261781 0.0297976 0.0242617 0.0103151 0.00993341 0.00364295 0.00419365 0.0036184 0.00358993 0 0.00375634 0.0126226 0.0361871 0.0164905 0.0187002 0.0625247 0.0174534 0.0629828 0.00989193 
0.0211448 0.00940083 0.00971774 0.0305503 0.0114678 0.0194156 0.0112085 0.0226287 0.016682 0.0343092 0.0294264 0.0111539 0.0124807 0.00441949 0.00366667 0.00358134 0.00358547 0.00375634 0 0.0232299 0.0103173 0.0110043 0.0137564 0.0102321 0.0318861 0.0155986 0.0386563 
0.00926682 0.00869795 0.00889439 0.00992356 0.00921146 0.0100114 0.00875496 0.0096351 0.0109429 0.0100984 0.0116327 0.0096193 0.011743 0.0903762 0.0336038 0.0175555 0.024212 0.0126226 0.0232299 0 0.00369665 0.00396565 0.00357848 0.00379315 0.00388959 0.00405658 0.00742945 
0.00843012 0.00924307 0.00973578 0.0108922 0.0119503 0.00950045 0.0122001 0.00892444 0.00916032 0.0094617 0.00899279 0.00950572 0.00868965 0.0145048 0.0522324 0.0242581 0.0177931 0.0361871 0.0103173 0.00369665 0 0.00376114 0.00356281 0.00361087 0.00359287 0.00509186 0.00348423 
0.0082314 0.00828302 0.0101333 0.0140096 0.0143836 0.0165317 0.00988759 0.0088207 0.0085381 0.00894164 0.0086816 0.00850525 0.00838379 0.0097878 0.0141592 0.0416029 0.0403581 0.0164905 0.0110043 0.00396565 0.00376114 0 0.00352074 0.00353955 0.00373732 0.00354694 0.00350446 
0.00818905 0.00843661 0.0115606 0.0151578 0.0183408 0.0140903 0.0121076 0.00879576 0.00922044 0.00881375 0.00886874 0.00861828 0.00856906 0.00999591 0.0138979 0.0247388 0.0589465 0.0187002 0.0137564 0.00357848 0.00356281 0.00352074 0 0.00354822 0.00355124 0.00352712 0.0035008 
0.00833006 0.00910961 0.0130644 0.0230936 0.018855 0.0145161 0.0160042 0.00890068 0.00904793 0.00885272 0.0088009 0.00903844 0.00862416 0.00970301 0.0125243 0.0414838 0.0172983 0.0625247 0.0102321 0.00379315 0.00361087 0.00353955 0.00354822 0 0.00353997 0.00354733 0.00344722 
0.00837521 0.00877035 0.015049 0.0204033 0.0199589 0.0265793 0.0117081 0.0113416 0.0091541 0.00903265 0.00931966 0.00869172 0.00869705 0.0103527 0.0184538 0.0215196 0.0689419 0.0174534 0.0318861 0.00388959 0.00359287 0.00373732 0.00355124 0.00353997 0 0.00353925 0.00351259 
0.00850999 0.00932089 0.00895775 0.0108553 0.0113628 0.00952179 0.0115769 0.00974903 0.00900993 0.0102646 0.0100172 0.00921397 0.00874409 0.0131685 0.0158124 0.0155006 0.0120187 0.0629828 0.0155986 0.00405658 0.00509186 0.00354694 0.00352712 0.00354733 0.00353925 0 0.00345406 
0.0125914 0.00872178 0.00860444 0.00951416 0.00898009 0.00916001 0.00887446 0.00884423 0.0102683 0.0151409 0.0111876 0.0141743 0.0101094 0.0239784 0.0110537 0.0107298 0.0110511 0.00989193 0.0386563 0.00742945 0.00348423 0.00350446 0.0035008 0.00344722 0.00351259 0.00345406 0 
