1RHFA
GAPVKLTVSQGQPVKLNCSVEGXEEPDIQWVKDGAVVQNLDQLYIPVSEQHWIGFLSLKSVERSDAGRYWCQVEDGGETEISQPVWLTVEGVPFFTVEPKDLAVPPNAPFQLSCEAVGPPEPVTIVWWRGTTKIGGPAPSPSVLNVTGVTQSTXFSCEAHNLKGLASSRTATVHLQ
CCCEEEEEECCCCEEEEEEEECCCCCCEEEEECCEECCCCEEEEEEEECCEEEEEEEECCCCHHHCEEEEEEECCCCCCEECCCEEEEEECCCEEEECCCCEEECCCCCEEEEEEEECCCCCCEEEEEECCEECCCCEECCEEEEECCCCCCEEEEEEEEECCEEEECCCEEEEEC
0 0 0 0 0 0 0 0 0 0 0 0 0 0 0 0 0 0 0 0 0 0 0 0 0 0 0 0 0 0 0 0 0 0 0 0 0 0 0 0 0 0 0 0 0 0 0 0 0 0 0 0 0 0 0 0 0 0 0 0 0 0 0 0 0 0 0 0 0 0 0 0 0 0 0 0 0 0 0 0 0 0 0 0 0 0 0 0 0 0 0 0 0 0 0 0 0 0 0 0 0 0 0 0 0 0 0 0 0 0 0 0 0 0 0 0 0 0 0 0 0 0 0 0 0 0 0 0 0 0 0 0 0 0 0 0 0 0 0 0 0 0 0 0 0 0 0 0 0 0 0 0 0 0 0 0 0 0 0 0 0 0 0 0 0 0 0 0 0 0 0 0 0 0 0 0 
0 0 0 0 0 0 0 0 0 0 0 0 0 0 0 0 0 0 0 0 0 0 0 0 0 0 0 0 0 0 0 0 0 0 0 0 0 0 0 0 0 0 0 0 0 0 0 0 0 0 0 0 0 0 0 0 0 0 0 0 0 0 0 0 0 0 0 0 0 0 0 0 0 0 0 0 0 0 0 0 0 0 0 0 0 0 0 0 0 0 0 0 0 0 0 0 0 0 0 0 0 0 0 0 0 0 0 0 0 0 0 0 0 0 0 0 0 0 0 0 0 0 0 0 0 0 0 0 0 0 0 0 0 0 0 0 0 0 0 0 0 0 0 0 0 0 0 0 0 0 0 0 0 0 0 0 0 0 0 0 0 0 0 0 0 0 0 0 0 0 0 0 0 0 0 0 
0 0.00402907 0.00374917 0.003685 0.00411859 0.0059595 0.00871274 0.0082925 0.00847215 0.00748697 0.0335343 0.0406611 0.0277436 0.0331918 0.0149936 0.00938902 0.0100582 0.0106196 0.016582 0.0105754 0.0140868 0.0117279 0.0094296 0.00996022 0.00978937 0.00984188 0.00943587 0.00996013 0.0154999 0.0125518 0.00963718 0.00894688 0.0105854 0.00899943 0.01132 0.0102374 0.0260358 0.0125345 0.00854341 0.00905531 0.00876972 0.00989964 0.00884664 0.0175897 0.00943635 0.0103514 0.0116558 0.00830774 0.00965445 0.00848887 0.00976934 0.0109938 0.00888852 0.00889045 0.00872132 0.0118461 0.00949802 0.00849234 0.0117593 0.0104413 0.0081159 0.00856421 0.00808015 0.00870082 0.00806938 0.00858632 0.00916838 0.00865796 0.00859747 0.00809336 0.008132 0.00818146 0.0086392 0.00884406 0.00850388 0.0083222 0.00854228 0.00854503 0.00804071 0.0081722 0.00826284 0.00964373 0.00862426 0.00807245 0.0081286 0.00806068 0.00814579 0.008061 0.00814684 0.00801965 0.00842024 0.00826066 0.0080384 0.00811081 0.00862265 0.00937457 0.00803542 0.00832447 0.00814499 0.00864568 
0.00402907 0 0.00362323 0.00360111 0.00522516 0.0037972 0.00598554 0.0104649 0.00684098 0.0187379 0.0132505 0.0168686 0.0112544 0.0126187 0.00849971 0.011925 0.00916496 0.01211 0.00903577 0.00933653 0.0093395 0.00912664 0.00977725 0.00888493 0.0097068 0.00898143 0.00937946 0.0107201 0.0094198 0.00919914 0.00957821 0.00962053 0.00890846 0.012478 0.00907322 0.0182882 0.00931359 0.00855702 0.00954817 0.00852412 0.0101887 0.00852356 0.0106307 0.00849056 0.00893706 0.00865767 0.00835105 0.00987495 0.00837413 0.0103083 0.00837436 0.00914348 0.00866946 0.00837399 0.00927723 0.00825446 0.00836737 0.00852842 0.00830325 0.00820743 0.00887813 0.00821344 0.00921234 0.00814454 0.00876331 0.00809896 0.00843026 0.00859921 0.00846015 0.0084378 0.00823419 0.00816458 0.00815047 0.00841048 0.00809441 0.00806794 0.0081088 0.00811746 0.00814828 0.00809113 0.00867516 0.00811373 0.0080154 0.00817884 0.00818243 0.0083133 0.00822362 0.00838587 0.008131 0.00822169 0.00803461 0.00799708 0.00821912 0.00810533 0.00830208 0.00807852 0.00832563 0.00810702 0.00826152 0.00814984 
0.00374917 0.00362323 0 0.0038954 0.00358537 0.00356496 0.00788491 0.00648507 0.0213636 0.0125849 0.0202421 0.0077631 0.0131138 0.00776067 0.0100174 0.00852301 0.0151369 0.00892868 0.00834647 0.00882176 0.00855609 0.00926748 0.00869797 0.0103651 0.00922616 0.010428 0.00909849 0.00904822 0.00890592 0.00936551 0.0098903 0.00928331 0.0193291 0.00931597 0.0311094 0.00903113 0.0105383 0.010261 0.0083487 0.0153394 0.00875378 0.0171757 0.00868097 0.00981986 0.00830333 0.00836524 0.00955972 0.00844986 0.0180861 0.00893498 0.0100952 0.00838682 0.00836881 0.00964604 0.00833714 0.00883414 0.00850203 0.00813087 0.00867259 0.00963718 0.00809379 0.0115388 0.00821592 0.0104254 0.0082869 0.00892899 0.00811486 0.00829503 0.00959872 0.00879099 0.00899097 0.0082275 0.00809937 0.00808877 0.00803461 0.00798137 0.00796467 0.00818707 0.00818866 0.00871264 0.00832554 0.00890536 0.00853566 0.00824595 0.00854809 0.00837014 0.00862135 0.00849012 0.00854926 0.00827708 0.00814644 0.00807764 0.00813932 0.00823215 0.00810804 0.00855337 0.00818541 0.00847514 0.00828188 0.00838521 
0.003685 0.00360111 0.0038954 0 0.00355366 0.00357774 0.00462168 0.0198515 0.00758544 0.0308145 0.0067507 0.0242943 0.00655328 0.00968506 0.00813721 0.018405 0.0090721 0.0094414 0.00862976 0.00926454 0.00949818 0.00978481 0.00963625 0.00959136 0.0115462 0.00953476 0.0112087 0.00937673 0.00940597 0.0101841 0.00920571 0.0206137 0.00928552 0.0452805 0.00955632 0.0175836 0.00888819 0.00866263 0.0119098 0.00885661 0.0209049 0.00869739 0.0125123 0.00843312 0.00928248 0.00851534 0.00851184 0.0137597 0.00880853 0.0192164 0.00840341 0.00982566 0.0102034 0.00832957 0.0107998 0.00818718 0.00904426 0.00898285 0.00833262 0.0083038 0.0104426 0.00825381 0.0120222 0.00822811 0.0109888 0.00814156 0.00879386 0.0103454 0.00888926 0.0117361 0.00862015 0.00830088 0.00805894 0.00849057 0.00810606 0.00818578 0.00801663 0.00837302 0.00858948 0.00831701 0.0095423 0.00804395 0.00811943 0.00839917 0.00853879 0.00946954 0.00866728 0.00893648 0.00843421 0.00833886 0.00811504 0.00813979 0.00830955 0.00819984 0.00847756 0.00812861 0.00878542 0.00824604 0.00839409 0.00813072 
0.00411859 0.00522516 0.00358537 0.00355366 0 0.00356115 0.0190414 0.00785428 0.0358402 0.00547738 0.0118282 0.00622498 0.0117154 0.00711308 0.0158243 0.00839379 0.0111806 0.0102422 0.00824191 0.0101509 0.00919159 0.00965165 0.009259 0.00932091 0.00879971 0.00936914 0.00873706 0.00970064 0.00877825 0.0100665 0.01396 0.0086586 0.0181366 0.00878851 0.0152349 0.00921655 0.0125362 0.0117797 0.00862176 0.0127893 0.00845642 0.0122964 0.00858855 0.0111754 0.00858257 0.00873203 0.0102622 0.00842475 0.0124713 0.00838366 0.0116773 0.00827881 0.00868888 0.0107461 0.00824193 0.0100113 0.0088929 0.00825035 0.00868639 0.00981907 0.0080998 0.0103383 0.00813473 0.00946584 0.00810453 0.0091057 0.00802673 0.00875791 0.0100344 0.00832723 0.00858385 0.00816341 0.00798983 0.00809385 0.00803919 0.00797672 0.00799464 0.00843792 0.00812444 0.00870779 0.00813116 0.00891392 0.00848047 0.00819695 0.00843609 0.00827285 0.00846089 0.00835309 0.00838041 0.00813614 0.00811329 0.00812445 0.0081774 0.00832902 0.00807659 0.00869735 0.00820604 0.00855477 0.00813081 0.00822763 
0.0059595 0.0037972 0.00356496 0.00357774 0.00356115 0 0.0126598 0.0246946 0.00423792 0.00647188 0.00568328 0.0065762 0.00641945 0.0101403 0.00991085 0.00930896 0.00865813 0.00839866 0.00862368 0.0118344 0.0104174 0.0138132 0.00892407 0.00867671 0.00897707 0.00848359 0.00858584 0.00866051 0.0092815 0.015953 0.00875746 0.00957529 0.00865379 0.010153 0.00882133 0.0104643 0.0095407 0.0135737 0.00984799 0.0084769 0.0090547 0.00841494 0.00909774 0.00846148 0.0100616 0.00840653 0.0108283 0.00916245 0.00837837 0.00925206 0.00831681 0.00988743 0.0125496 0.00833625 0.00862838 0.00835294 0.00992912 0.00824377 0.00821363 0.00906636 0.00873551 0.00813712 0.00862149 0.00813144 0.00845546 0.00802426 0.00872396 0.0110769 0.00825026 0.00830934 0.00816001 0.00805983 0.00806793 0.00866265 0.00806742 0.00827279 0.00800967 0.00909003 0.00821377 0.00806322 0.00848645 0.0081684 0.00873883 0.00820438 0.00815994 0.00823693 0.00816531 0.00819203 0.00807617 0.00814502 0.00806559 0.00853112 0.00812337 0.00806235 0.00837855 0.00850667 0.00834005 0.00808114 0.00815962 0.00807922 
0.00871274 0.00598554 0.00788491 0.00462168 0.0190414 0.0126598 0 0.00357424 0.00374484 0.00355602 0.00400037 0.00360718 0.00561546 0.00511267 0.010503 0.00737628 0.00860036 0.010881 0.0194461 0.011243 0.0144211 0.0117532 0.0091122 0.0104697 0.00914081 0.010463 0.00912793 0.0110731 0.018058 0.0133427 0.0117914 0.00865862 0.0149715 0.00880404 0.0154133 0.0096654 0.121599 0.0164926 0.00848124 0.0120217 0.00855598 0.0149832 0.00857411 0.0498877 0.00926359 0.0149534 0.0160448 0.00838936 0.0135742 0.00837629 0.0141247 0.0109758 0.00885156 0.0114556 0.00862815 0.0284031 0.0102381 0.00846997 0.0169889 0.01488 0.00812979 0.0109968 0.00805501 0.0118911 0.00803894 0.00965233 0.00939785 0.00869239 0.0101533 0.00822612 0.00855402 0.00848176 0.0090141 0.00890758 0.00842835 0.00809796 0.00874752 0.00903601 0.00803951 0.0091824 0.00839853 0.0126182 0.00964457 0.00811048 0.00845717 0.00812832 0.00887434 0.00824572 0.00845697 0.00825578 0.00874335 0.00909273 0.00808434 0.00846245 0.0088184 0.0115525 0.00806846 0.00918305 0.00819013 0.00930835 
0.0082925 0.0104649 0.00648507 0.0198515 0.00785428 0.0246946 0.00357424 0 0.00355063 0.00364404 0.00356969 0.00418153 0.00353668 0.0050533 0.00629023 0.0130562 0.00813367 0.0113257 0.0100298 0.00903515 0.0112375 0.00930879 0.00974229 0.00882717 0.0108328 0.00875839 0.0102751 0.00959389 0.00970355 0.0105833 0.00897014 0.0176558 0.0087632 0.0296481 0.00886683 0.119707 0.00963786 0.00875663 0.0177276 0.0085741 0.0216084 0.00861044 0.0383036 0.00840865 0.0107186 0.00851859 0.00840542 0.0232631 0.00846432 0.0219662 0.00839432 0.0117319 0.011462 0.00826641 0.0188775 0.00822926 0.00876916 0.0107447 0.00836506 0.00820393 0.0146723 0.00827083 0.014084 0.00814496 0.0127706 0.00825444 0.0100321 0.0108426 0.0084248 0.0111725 0.00844829 0.00857799 0.00814798 0.00862153 0.00813554 0.00832293 0.00805303 0.00821586 0.00937967 0.00826926 0.0108716 0.0080408 0.00807769 0.00870868 0.00837241 0.00914622 0.00826904 0.00896042 0.00827582 0.00841664 0.00806174 0.00810939 0.00875503 0.00827055 0.0089155 0.00809173 0.00957044 0.00821994 0.00879582 0.00812933 
0.00847215 0.00684098 0.0213636 0.00758544 0.0358402 0.00423792 0.00374484 0.00355063 0 0.00354048 0.00360731 0.00355537 0.00397716 0.0035609 0.01263 0.00695215 0.011133 0.00929538 0.0116807 0.00811218 0.00803689 0.00917704 0.00849241 0.0108065 0.00849892 0.0121146 0.0087067 0.0103168 0.00880788 0.0095267 0.0169074 0.00874553 0.0369922 0.00881461 0.218693 0.00891587 0.015065 0.0130819 0.00857675 0.0438884 0.00860426 0.0784099 0.00854387 0.0147209 0.00833083 0.00883856 0.0122312 0.00849054 0.0603844 0.00854836 0.0251383 0.00833564 0.00843238 0.0246385 0.00843792 0.0121393 0.00893015 0.00822401 0.00923664 0.0116634 0.00818023 0.0358263 0.00822668 0.0248772 0.00824575 0.0147011 0.00812441 0.00817214 0.015731 0.00894843 0.0120634 0.00849039 0.00811088 0.00811532 0.00801526 0.00794354 0.00796598 0.00840069 0.00823652 0.0114912 0.00830992 0.0105507 0.00898973 0.0082731 0.0102707 0.00853563 0.0118016 0.00901933 0.0103369 0.00838793 0.00825733 0.00831714 0.00822844 0.00870818 0.00813664 0.00986819 0.00815498 0.0098907 0.00831617 0.00907502 
0.00748697 0.0187379 0.0125849 0.0308145 0.00547738 0.00647188 0.00355602 0.00364404 0.00354048 0 0.00352932 0.00367174 0.00352107 0.00385531 0.00590218 0.0150124 0.00709167 0.0134484 0.0206259 0.00769591 0.00852559 0.00902438 0.00898032 0.00882649 0.0109831 0.00937149 0.0114151 0.00862079 0.0090312 0.00994686 0.00856343 0.0271257 0.00868708 0.174036 0.00888578 0.0224996 0.00875186 0.00878038 0.0156376 0.00875146 0.0501986 0.00876843 0.0246711 0.00839499 0.00954147 0.00830808 0.00831894 0.0245685 0.0087199 0.0371784 0.00841239 0.0112163 0.0117305 0.00848615 0.017523 0.00821492 0.00874347 0.00893279 0.00821551 0.00826461 0.014777 0.00833536 0.0206469 0.00833384 0.018596 0.00818467 0.00940911 0.0107128 0.00860906 0.0162065 0.00902794 0.00845893 0.0080932 0.00840936 0.00807731 0.00829374 0.00800142 0.00824961 0.0092288 0.0083268 0.010669 0.00807239 0.00810701 0.00898136 0.00842839 0.0111499 0.00860162 0.0103394 0.00854042 0.00857751 0.00809545 0.00812181 0.00852611 0.00821579 0.00872254 0.00804029 0.00959198 0.00826369 0.00860102 0.00812512 
0.0335343 0.0132505 0.0202421 0.0067507 0.0118282 0.00568328 0.00400037 0.00356969 0.00360731 0.00352932 0 0.00351721 0.00367825 0.00353347 0.0102028 0.0064568 0.0153118 0.019324 0.0100412 0.00769447 0.00771875 0.00888328 0.00841452 0.00982529 0.00880799 0.0114961 0.00844028 0.00981993 0.00862682 0.00899673 0.0147244 0.00853814 0.167551 0.00877374 0.0380557 0.00885317 0.0147999 0.0140952 0.00847003 0.0550243 0.00866925 0.0390591 0.00845218 0.0136883 0.00831133 0.00875397 0.0120476 0.00855426 0.0441034 0.00853239 0.0197595 0.00839381 0.00849382 0.0161595 0.00844598 0.012971 0.00881208 0.00826483 0.00905994 0.0120891 0.00821233 0.0239045 0.00830457 0.0201896 0.00823045 0.0115291 0.00820691 0.00818652 0.0145221 0.00891085 0.0112115 0.00839704 0.00813544 0.00807281 0.00810408 0.00796429 0.00805873 0.00870318 0.00831451 0.0111432 0.00822208 0.0104454 0.00904189 0.00830168 0.0101407 0.00849054 0.0117612 0.00865583 0.00965043 0.00830272 0.00820233 0.00851375 0.00834051 0.00857881 0.00814175 0.00981412 0.00827107 0.00985181 0.00825775 0.00861081 
0.0406611 0.0168686 0.0077631 0.0242943 0.00622498 0.0065762 0.00360718 0.00418153 0.00355537 0.00367174 0.00351721 0 0.00351772 0.00374795 0.00510574 0.0193281 0.0136416 0.00850776 0.00982638 0.00718041 0.00815133 0.00908785 0.00900379 0.00939247 0.0110508 0.00852889 0.0112242 0.00858818 0.00888206 0.0101022 0.00848206 0.148336 0.00867541 0.0321282 0.00876635 0.0216545 0.00865399 0.00854096 0.0245278 0.00875938 0.0331883 0.00864519 0.0189249 0.00842852 0.00923721 0.00840133 0.00840898 0.0190462 0.00854412 0.0298259 0.00842184 0.0100678 0.0109745 0.00839594 0.0161097 0.00824381 0.00861894 0.00880859 0.00817293 0.00821259 0.0137679 0.00827576 0.0192985 0.00816689 0.013693 0.00814454 0.00881301 0.0104069 0.0087507 0.0139047 0.00863244 0.00836892 0.00801989 0.00820656 0.00799871 0.00805668 0.00795845 0.00817608 0.00886603 0.00825808 0.010219 0.00806125 0.0081201 0.00878035 0.00843761 0.00995543 0.00843575 0.00956213 0.00850893 0.00847687 0.00806639 0.00809245 0.00848333 0.00818639 0.00832125 0.00805364 0.0090092 0.0082313 0.00846626 0.0081663 
0.0277436 0.0112544 0.0131138 0.00655328 0.0117154 0.00641945 0.00561546 0.00353668 0.00397716 0.00352107 0.00367825 0.00351772 0 0.00353659 0.0221704 0.0130301 0.0176152 0.0106558 0.00619404 0.00773622 0.00805819 0.0090531 0.0106358 0.00946438 0.0083793 0.0112948 0.00853665 0.0101815 0.0084862 0.00937593 0.129184 0.00842541 0.0161807 0.00854236 0.0288968 0.00899849 0.0136084 0.0190823 0.0086026 0.0159923 0.00849392 0.0227146 0.00859599 0.0125025 0.00837561 0.00892344 0.0117197 0.00839589 0.018296 0.00840848 0.0173297 0.00826198 0.00844723 0.018606 0.00824588 0.0109088 0.00883185 0.00826711 0.00890317 0.0105217 0.00814777 0.01394 0.00811455 0.0117338 0.00812976 0.0108609 0.00806721 0.00842287 0.0118046 0.0083742 0.00897199 0.00819921 0.00805446 0.00810208 0.00803528 0.00794992 0.00801606 0.00832664 0.00813135 0.00919508 0.00802546 0.00968382 0.00854109 0.0082503 0.00881068 0.00824945 0.00950665 0.00834477 0.00848596 0.00811899 0.00816854 0.00828641 0.00818665 0.00842188 0.00800324 0.00922647 0.00812032 0.00891203 0.00808653 0.00850864 
0.0331918 0.0126187 0.00776067 0.00968506 0.00711308 0.0101403 0.00511267 0.0050533 0.0035609 0.00385531 0.00353347 0.00374795 0.00353659 0 0.0255575 0.0215835 0.00580969 0.00638267 0.00632404 0.00887355 0.00870606 0.0148242 0.00871029 0.00850542 0.0097115 0.00845617 0.00879909 0.00867757 0.0100498 0.116184 0.00882521 0.00958337 0.00855203 0.0118703 0.00888554 0.012357 0.00985477 0.0129305 0.0106319 0.00851868 0.0101451 0.0084773 0.0196377 0.00868125 0.0126977 0.00865608 0.0117761 0.0115934 0.00838603 0.0108341 0.00831034 0.0125124 0.01831 0.0083816 0.00976221 0.00854559 0.0111497 0.00845548 0.0085538 0.00980513 0.00940775 0.00817644 0.00946882 0.00813223 0.00893544 0.00802446 0.00976679 0.0129587 0.00831533 0.00848975 0.00816206 0.0080626 0.00816785 0.00907421 0.00812373 0.00865728 0.00806206 0.00966801 0.00843458 0.0081329 0.00893729 0.00820742 0.00898006 0.00834263 0.00816363 0.00849774 0.00814043 0.00824812 0.00811003 0.00817578 0.00815679 0.00880871 0.00819327 0.00804273 0.00875715 0.00872844 0.00847504 0.00806446 0.00822044 0.00818868 
0.0149936 0.00849971 0.0100174 0.00813721 0.0158243 0.00991085 0.010503 0.00629023 0.01263 0.00590218 0.0102028 0.00510574 0.0221704 0.0255575 0 0.00354321 0.00356135 0.00388031 0.00401082 0.00433201 0.00695753 0.00736379 0.00774859 0.038702 0.0170371 0.0119274 0.00885869 0.0102454 0.0220942 0.00909538 0.0114631 0.00832814 0.0147646 0.00849162 0.0162262 0.00922119 0.0708753 0.0172376 0.00848056 0.0137818 0.00853951 0.0166869 0.00863779 0.0466163 0.0087969 0.0133187 0.0168684 0.00873555 0.0176579 0.00852932 0.0150839 0.0105162 0.0087228 0.0128821 0.00859472 0.0309679 0.00990459 0.00860914 0.0162771 0.0141532 0.00818372 0.0124 0.00821107 0.012467 0.00825393 0.0100322 0.00931659 0.0084844 0.0115108 0.00848177 0.00907785 0.00844495 0.00871629 0.00847909 0.00827353 0.00799024 0.00839795 0.00876112 0.00809534 0.00961061 0.00820428 0.0119018 0.00899509 0.00809179 0.00865574 0.00825803 0.00930052 0.00837204 0.00860317 0.00814553 0.00862115 0.00900562 0.00809974 0.00836999 0.00845518 0.011254 0.00807408 0.00931317 0.00813953 0.00918961 
0.00938902 0.011925 0.00852301 0.018405 0.00839379 0.00930896 0.00737628 0.0130562 0.00695215 0.0150124 0.0064568 0.0193281 0.0130301 0.0215835 0.00354321 0 0.00358359 0.00354752 0.00361025 0.00404907 0.00574958 0.00892871 0.0223827 0.0124635 0.017186 0.00909643 0.00994596 0.01561 0.00872267 0.00984947 0.00849135 0.0154179 0.00893223 0.0239448 0.00896086 0.0351942 0.00909376 0.00864173 0.020092 0.00875199 0.0254671 0.00870633 0.0331128 0.00851833 0.0102768 0.00846834 0.00863036 0.0246544 0.00890722 0.0228173 0.00874766 0.0119135 0.0112 0.00855362 0.0204719 0.00845652 0.00848838 0.0100711 0.00835853 0.008351 0.014012 0.00851377 0.0136543 0.00834769 0.0121971 0.00848707 0.00915592 0.00979492 0.00886419 0.012823 0.00879339 0.00882125 0.00821311 0.00810171 0.00802136 0.00797683 0.00797425 0.00807358 0.0090746 0.00841723 0.0102258 0.00812467 0.00801947 0.00887077 0.00860286 0.00952751 0.00856158 0.00924745 0.00863202 0.00853145 0.00812498 0.00803201 0.00871556 0.00828766 0.00828152 0.0080352 0.00943615 0.00831333 0.00852851 0.00817598 
0.0100582 0.00916496 0.0151369 0.0090721 0.0111806 0.00865813 0.00860036 0.00813367 0.011133 0.00709167 0.0153118 0.0136416 0.0176152 0.00580969 0.00356135 0.00358359 0 0.00353632 0.00354325 0.00391329 0.00684595 0.0338974 0.0121632 0.0125751 0.0104952 0.0149877 0.0111237 0.00858617 0.00831687 0.00836962 0.0119157 0.00970872 0.0140324 0.00978146 0.0275233 0.010173 0.00973466 0.010512 0.00900361 0.0183268 0.00993237 0.0382689 0.00921752 0.00957326 0.00863813 0.00855891 0.0100061 0.00919178 0.021878 0.0101206 0.0104477 0.00871318 0.00891556 0.0133222 0.00896184 0.00950766 0.008845 0.00846075 0.00849958 0.00950628 0.00851417 0.0146144 0.00912139 0.0122264 0.00940466 0.00940665 0.00843534 0.00856915 0.0122463 0.0107995 0.0123135 0.00856082 0.00810797 0.00808509 0.00799165 0.00796562 0.0080109 0.00822028 0.0083878 0.0103669 0.00854767 0.00836585 0.00819988 0.00840256 0.0100032 0.00910223 0.0106553 0.00925476 0.00963928 0.00862224 0.00827373 0.00810669 0.00837825 0.00845296 0.0082206 0.00825408 0.00836087 0.00888649 0.00860511 0.00863217 
0.0106196 0.01211 0.00892868 0.0094414 0.0102422 0.00839866 0.010881 0.0113257 0.00929538 0.0134484 0.019324 0.00850776 0.0106558 0.00638267 0.00388031 0.00354752 0.00353632 0 0.00357128 0.00477288 0.969051 0.00940467 0.0117484 0.00825148 0.0102713 0.00960192 0.00875253 0.00833863 0.00827445 0.0103436 0.0102624 0.00912416 0.00914936 0.01017 0.0109725 0.0106394 0.00985946 0.0107412 0.0105257 0.0100574 0.00985819 0.00958776 0.00966494 0.00940918 0.00953364 0.00908892 0.00983774 0.0100024 0.00981709 0.00908173 0.0107682 0.00868136 0.00990518 0.0100282 0.00899467 0.00905463 0.00898261 0.00889704 0.0085014 0.0100874 0.00875744 0.0090289 0.00858901 0.00891869 0.00852542 0.00916027 0.00832107 0.00914138 0.00992929 0.00894146 0.00893893 0.00848834 0.00812246 0.00825394 0.00817847 0.00804439 0.00810671 0.00843593 0.00841966 0.00853569 0.00829922 0.00846234 0.00823089 0.00828321 0.00848168 0.00859003 0.00851529 0.00852635 0.00856075 0.00828961 0.00818302 0.0081323 0.00816452 0.00821635 0.00811201 0.00843132 0.0081735 0.00836695 0.0081736 0.00819443 
0.016582 0.00903577 0.00834647 0.00862976 0.00824191 0.00862368 0.0194461 0.0100298 0.0116807 0.0206259 0.0100412 0.00982638 0.00619404 0.00632404 0.00401082 0.00361025 0.00354325 0.00357128 0 0.989548 0.0047318 0.0170248 0.00729361 0.00752066 0.0084079 0.00741855 0.00751545 0.0073979 0.00764244 0.0138127 0.00934178 0.00857053 0.00834831 0.00898376 0.00869805 0.00952974 0.00945662 0.0155384 0.00931192 0.00866136 0.00868343 0.00862157 0.00881608 0.00878143 0.0110567 0.00863788 0.0133863 0.0092541 0.00864197 0.00868591 0.00854055 0.00904867 0.0129792 0.00879232 0.00842508 0.00859298 0.0113159 0.00845399 0.0083269 0.0110687 0.00851459 0.00845399 0.00835682 0.00831804 0.0082978 0.00828593 0.00849221 0.0108018 0.00862396 0.00845928 0.00840812 0.00811972 0.00801136 0.00888707 0.00803748 0.00838239 0.00798526 0.00968175 0.00829489 0.00816727 0.00814716 0.00813576 0.00900872 0.00824656 0.00825053 0.00824063 0.00829253 0.00831998 0.00824042 0.00810213 0.00810943 0.00880443 0.00812815 0.00812509 0.00814959 0.00886301 0.00825091 0.00809688 0.00806949 0.00808611 
0.0105754 0.00933653 0.00882176 0.00926454 0.0101509 0.0118344 0.011243 0.00903515 0.00811218 0.00769591 0.00769447 0.00718041 0.00773622 0.00887355 0.00433201 0.00404907 0.00391329 0.00477288 0.989548 0 0.00498492 0.00535975 0.00988225 0.00665914 0.00649403 0.00649038 0.00637841 0.00714427 0.0096961 0.00774165 0.00792978 0.00759415 0.0079169 0.00803031 0.00822481 0.00997133 0.0208091 0.0100275 0.00957462 0.00855357 0.00871496 0.00877765 0.00944266 0.0129987 0.0104528 0.0122796 0.0108795 0.00925833 0.009155 0.00891474 0.00950591 0.0115206 0.00925443 0.00898573 0.00923242 0.0111261 0.00892905 0.00914579 0.0105677 0.00898404 0.00843086 0.00832639 0.00826053 0.00825236 0.00818864 0.00830845 0.0095094 0.00892347 0.00853596 0.00811893 0.0081761 0.00827443 0.00870463 0.00870044 0.0086643 0.00833802 0.00875038 0.00830021 0.00816987 0.00808967 0.00852421 0.0087514 0.00818405 0.00813089 0.00804093 0.00806101 0.00807506 0.00821281 0.00807605 0.00818651 0.00844992 0.00808304 0.00808132 0.00800963 0.0087424 0.00862764 0.00827789 0.0080247 0.00818294 0.0084942 
0.0140868 0.0093395 0.00855609 0.00949818 0.00919159 0.0104174 0.0144211 0.0112375 0.00803689 0.00852559 0.00771875 0.00815133 0.00805819 0.00870606 0.00695753 0.00574958 0.00684595 0.969051 0.0047318 0.00498492 0 0.0318108 0.00624834 0.00501699 0.00568332 0.00557123 0.00624222 0.0068449 0.00779034 0.00989555 0.00776414 0.0079519 0.00781852 0.00859851 0.00831328 0.0189931 0.0198606 0.0130502 0.00974733 0.00848488 0.00902839 0.00855226 0.0102914 0.00919816 0.017439 0.0092866 0.0125251 0.00987872 0.00855938 0.00961214 0.00867333 0.0107781 0.0139615 0.00866419 0.00960432 0.00870327 0.0105272 0.00916973 0.00886941 0.0104047 0.00933693 0.00828202 0.00872418 0.00819191 0.00849809 0.00824731 0.00912673 0.0115451 0.00834057 0.00812724 0.00811461 0.0083058 0.00811065 0.00951891 0.00823726 0.00872535 0.00815272 0.00932978 0.0082837 0.00802303 0.00879954 0.00816532 0.00877122 0.00828154 0.00799989 0.0080907 0.00809735 0.0081363 0.00803725 0.0081494 0.00814168 0.00872723 0.00818855 0.00812466 0.00840425 0.00864067 0.00841654 0.00801483 0.00832191 0.00813168 
0.0117279 0.00912664 0.00926748 0.00978481 0.00965165 0.0138132 0.0117532 0.00930879 0.00917704 0.00902438 0.00888328 0.00908785 0.0090531 0.0148242 0.00736379 0.00892871 0.0338974 0.00940467 0.0170248 0.00535975 0.0318108 0 0.00374456 0.00364427 0.00366604 0.00382196 0.00389645 0.0042494 0.00817373 0.006212 0.00617039 0.00682344 0.00682769 0.00780043 0.010714 0.475194 0.152658 0.0097198 0.00856388 0.00848765 0.00885592 0.00850366 0.00936511 0.016489 0.0101531 0.0109338 0.0098114 0.0090903 0.00899763 0.0100663 0.00933276 0.0149598 0.00952914 0.00866241 0.00934228 0.0137421 0.00921009 0.00901779 0.0120552 0.00892729 0.00835901 0.00835463 0.00855501 0.00834313 0.00846873 0.00828414 0.0105503 0.00884668 0.00839943 0.00825014 0.00823505 0.00831367 0.00910043 0.00898555 0.0085292 0.00826094 0.00861539 0.00823283 0.00805608 0.00811039 0.00890051 0.0087212 0.00819186 0.0080244 0.00813514 0.00805259 0.00813034 0.00815377 0.0081334 0.00811992 0.00833763 0.0081716 0.00804023 0.008085 0.00908606 0.00850564 0.00812957 0.00804584 0.00824717 0.00853144 
0.0094296 0.00977725 0.00869797 0.00963625 0.009259 0.00892407 0.0091122 0.00974229 0.00849241 0.00898032 0.00841452 0.00900379 0.0106358 0.00871029 0.00774859 0.0223827 0.0121632 0.0117484 0.00729361 0.00988225 0.00624834 0.00374456 0 0.00355253 0.0036307 0.00361959 0.00371758 0.0042131 0.0038933 0.00551679 0.00622617 0.00643973 0.00664124 0.00900693 0.487847 0.127402 0.0147663 0.00826986 0.00877456 0.0083085 0.00869792 0.00845274 0.00956683 0.00876892 0.00944603 0.00872759 0.00911761 0.00970559 0.00896758 0.00979167 0.00911038 0.00922477 0.00895749 0.00867759 0.0096329 0.00858655 0.00865521 0.00890568 0.0086693 0.0084753 0.00852407 0.00841785 0.00860014 0.00831116 0.00848929 0.00835787 0.00846519 0.00843513 0.00849787 0.00846128 0.0082806 0.00831738 0.00818753 0.00843297 0.00807776 0.00805245 0.00807687 0.0080538 0.00806953 0.00814234 0.00843223 0.0081409 0.00801587 0.00806527 0.00816964 0.00822289 0.00821237 0.00835797 0.00818858 0.00816949 0.0080979 0.00798347 0.00806716 0.00814175 0.00824752 0.00802973 0.00809425 0.00805557 0.00824315 0.00815967 
0.00996022 0.00888493 0.0103651 0.00959136 0.00932091 0.00867671 0.0104697 0.00882717 0.0108065 0.00882649 0.00982529 0.00939247 0.00946438 0.00850542 0.038702 0.0124635 0.0125751 0.00825148 0.00752066 0.00665914 0.00501699 0.00364427 0.00355253 0 0.00355337 0.00359372 0.00373135 0.00354877 0.00364854 0.00534849 0.00607036 0.00650581 0.0104067 0.486286 0.0819009 0.0162437 0.00843396 0.00939638 0.00829054 0.00923033 0.00852592 0.00963957 0.00857804 0.00927792 0.00880428 0.0086538 0.00992314 0.0089912 0.0124164 0.00967559 0.0100413 0.00880196 0.00888822 0.00962183 0.00874535 0.00937178 0.00915088 0.00856024 0.008702 0.00930707 0.00834435 0.00997175 0.0085244 0.00967454 0.00864718 0.00858379 0.00840839 0.00844943 0.00932148 0.00885918 0.00910791 0.00826019 0.00821752 0.00820256 0.00807777 0.00804552 0.00804067 0.00822012 0.00815154 0.0086998 0.00839077 0.00836237 0.00820736 0.00810483 0.00856072 0.00836134 0.00884474 0.00864535 0.00881087 0.00829447 0.00818529 0.00806683 0.00817473 0.00822779 0.0081107 0.00831133 0.0080765 0.00837783 0.00820456 0.0082785 
0.00978937 0.0097068 0.00922616 0.0115462 0.00879971 0.00897707 0.00914081 0.0108328 0.00849892 0.0109831 0.00880799 0.0110508 0.0083793 0.0097115 0.0170371 0.017186 0.0104952 0.0102713 0.0084079 0.00649403 0.00568332 0.00366604 0.0036307 0.00355337 0 0.00363928 0.00357418 0.00359031 0.00360507 0.00449509 0.00602039 0.010451 0.438268 0.124376 0.0192613 0.00852115 0.00762516 0.00825288 0.0090683 0.0082681 0.0104671 0.00836236 0.00937277 0.00856943 0.00950428 0.00863877 0.00903017 0.0112307 0.00911697 0.0131352 0.00880463 0.00971645 0.0101551 0.00876332 0.0098246 0.00862881 0.00932288 0.00878235 0.00854297 0.00871341 0.00925248 0.00866107 0.0103211 0.00861435 0.00967334 0.00838667 0.00863471 0.0094363 0.00889338 0.0108899 0.00893271 0.00879031 0.00809946 0.00842238 0.00805508 0.00811331 0.00801564 0.00822526 0.00830351 0.00837917 0.00908324 0.00815567 0.0081492 0.00825821 0.00844021 0.00899835 0.00858644 0.00904841 0.0085198 0.0082412 0.00807581 0.00808227 0.00821913 0.00818578 0.00855835 0.00814996 0.00838088 0.00821617 0.00851878 0.00817107 
0.00984188 0.00898143 0.010428 0.00953476 0.00936914 0.00848359 0.010463 0.00875839 0.0121146 0.00937149 0.0114961 0.00852889 0.0112948 0.00845617 0.0119274 0.00909643 0.0149877 0.00960192 0.00741855 0.00649038 0.00557123 0.00382196 0.00361959 0.00359372 0.00363928 0 0.00353746 0.00358001 0.00350012 0.00395363 0.00565353 0.366919 0.135089 0.0124098 0.00848319 0.00692591 0.0071544 0.0089199 0.00820295 0.00968365 0.00858711 0.0100064 0.00844474 0.00906661 0.0088453 0.00862819 0.0099631 0.00904126 0.0142375 0.00949202 0.0102913 0.00870814 0.0091573 0.00954652 0.00889291 0.00951779 0.00931121 0.00855498 0.0086691 0.00983352 0.00841101 0.0114237 0.00854245 0.0102416 0.00848502 0.00854114 0.00836581 0.00858084 0.0097951 0.00924202 0.00934953 0.00824613 0.00817114 0.00821676 0.0080908 0.00803141 0.00805842 0.00826517 0.00810956 0.00877368 0.00835685 0.00832425 0.0082524 0.00812583 0.00863259 0.00837329 0.00892813 0.00851225 0.00864732 0.00820946 0.00815056 0.00809845 0.00814114 0.00818869 0.00809197 0.00833667 0.00810575 0.00843337 0.00818421 0.00820817 
0.00943587 0.00937946 0.00909849 0.0112087 0.00873706 0.00858584 0.00912793 0.0102751 0.0087067 0.0114151 0.00844028 0.0112242 0.00853665 0.00879909 0.00885869 0.00994596 0.0111237 0.00875253 0.00751545 0.00637841 0.00624222 0.00389645 0.00371758 0.00373135 0.00357418 0.00353746 0 0.0035231 0.0035383 0.00385991 0.287398 0.158517 0.0162213 0.00758005 0.00663678 0.00723979 0.0065583 0.00802499 0.00899616 0.00840019 0.00907942 0.0084447 0.00900448 0.00844358 0.00912354 0.00844907 0.00891392 0.0105003 0.00903833 0.0121367 0.008864 0.00913668 0.00960322 0.00873478 0.00959421 0.00865272 0.00908804 0.00855337 0.00838885 0.00879733 0.00905235 0.00869611 0.00968563 0.00854489 0.00949812 0.00831949 0.00836941 0.0092214 0.0091939 0.0108224 0.00898733 0.00834699 0.00804919 0.00821696 0.00803015 0.00801963 0.00799367 0.00820966 0.00825434 0.0083189 0.00891148 0.00812256 0.00809989 0.00820199 0.00835984 0.00865771 0.00844104 0.00861066 0.00837549 0.00818061 0.00802894 0.00807489 0.00817347 0.00809393 0.00816931 0.00814751 0.00828387 0.00818204 0.00824776 0.00816234 
0.00996013 0.0107201 0.00904822 0.00937673 0.00970064 0.00866051 0.0110731 0.00959389 0.0103168 0.00862079 0.00981993 0.00858818 0.0101815 0.00867757 0.0102454 0.01561 0.00858617 0.00833863 0.0073979 0.00714427 0.0068449 0.0042494 0.0042131 0.00354877 0.00359031 0.00358001 0.0035231 0 0.00365326 0.00618929 0.247852 0.00656639 0.0052779 0.00581847 0.00668417 0.00647662 0.00706922 0.00868224 0.00892781 0.00872122 0.00826275 0.0087952 0.00859819 0.00927085 0.00932312 0.00894898 0.0100605 0.00934727 0.0101197 0.00910173 0.0109233 0.00893732 0.0094467 0.0101982 0.00917586 0.00950879 0.00951915 0.00907029 0.00891209 0.00948542 0.0085078 0.00947054 0.00841859 0.00917548 0.00837012 0.00895235 0.0083463 0.00917546 0.00969165 0.00862462 0.00859797 0.008292 0.00808775 0.00840775 0.00819537 0.0080863 0.00810806 0.00856236 0.00820497 0.00842589 0.00851515 0.00844887 0.00839978 0.00815931 0.00837607 0.0082512 0.00845027 0.00830752 0.00834276 0.00815888 0.00813448 0.00818585 0.0081593 0.00818189 0.00805049 0.00849816 0.00827735 0.00828531 0.00816695 0.00815094 
0.0154999 0.0094198 0.00890592 0.00940597 0.00877825 0.0092815 0.018058 0.00970355 0.00880788 0.0090312 0.00862682 0.00888206 0.0084862 0.0100498 0.0220942 0.00872267 0.00831687 0.00827445 0.00764244 0.0096961 0.00779034 0.00817373 0.0038933 0.00364854 0.00360507 0.00350012 0.0035383 0.00365326 0 0.943468 0.00629484 0.00369858 0.00395088 0.00459028 0.00570545 0.00693301 0.00678443 0.0119225 0.00849321 0.00824691 0.00828561 0.00824731 0.00853799 0.00982221 0.0117318 0.00896385 0.01509 0.00929233 0.00889444 0.00927577 0.00900624 0.0101316 0.0156315 0.00890731 0.00872631 0.0101462 0.0129822 0.00858634 0.00919757 0.0132222 0.0086291 0.00843039 0.00847682 0.00837382 0.00840358 0.00824403 0.00888729 0.0116177 0.00881964 0.0083439 0.00831781 0.00814735 0.00815756 0.00930804 0.00820213 0.00856082 0.008114 0.0104239 0.00814124 0.00814577 0.00849659 0.00850378 0.00939801 0.00816924 0.00808826 0.00815854 0.00811175 0.00815599 0.00809297 0.00810144 0.00812527 0.00915489 0.00811971 0.00804422 0.00822467 0.00948001 0.00834903 0.00808483 0.00817945 0.00823325 
0.0125518 0.00919914 0.00936551 0.0101841 0.0100665 0.015953 0.0133427 0.0105833 0.0095267 0.00994686 0.00899673 0.0101022 0.00937593 0.116184 0.00909538 0.00984947 0.00836962 0.0103436 0.0138127 0.00774165 0.00989555 0.006212 0.00551679 0.00534849 0.00449509 0.00395363 0.00385991 0.00618929 0.943468 0 0.00359004 0.00355638 0.00355257 0.00363427 0.00386206 0.00390748 0.00709819 0.00728818 0.0078688 0.00767526 0.00921088 0.00805986 0.020528 0.0229037 0.0119864 0.0121511 0.0117267 0.0100221 0.00959498 0.011067 0.0104859 0.0229357 0.0108509 0.00936106 0.0114947 0.0178724 0.0109102 0.00950915 0.0156658 0.0110503 0.0090404 0.00875623 0.00944711 0.00869476 0.00948705 0.00846258 0.0337484 0.00981016 0.009471 0.00889454 0.00847603 0.00890378 0.00988155 0.00905643 0.00888771 0.00828042 0.00911853 0.00867277 0.00826851 0.00832234 0.00909641 0.0100005 0.00845162 0.0081974 0.00827358 0.00839911 0.00826529 0.00865618 0.00840272 0.00879003 0.00909098 0.00834776 0.00818635 0.00815395 0.00954737 0.00886165 0.00838655 0.00815571 0.00853409 0.00886954 
0.00963718 0.00957821 0.0098903 0.00920571 0.01396 0.00875746 0.0117914 0.00897014 0.0169074 0.00856343 0.0147244 0.00848206 0.129184 0.00882521 0.0114631 0.00849135 0.0119157 0.0102624 0.00934178 0.00792978 0.00776414 0.00617039 0.00622617 0.00607036 0.00602039 0.00565353 0.287398 0.247852 0.00629484 0.00359004 0 0.00353633 0.00355568 0.00354518 0.00360641 0.00371796 0.00412706 0.00688857 0.00745798 0.00973636 0.00792948 0.0163161 0.010085 0.0418792 0.0089317 0.00916907 0.0107137 0.00902004 0.0161499 0.00872365 0.0181824 0.00908723 0.00949444 0.014295 0.00932305 0.0120809 0.00925784 0.00977594 0.00944878 0.01045 0.00876764 0.0137644 0.00857983 0.0122988 0.00847864 0.0558027 0.0086829 0.0087002 0.016223 0.00936206 0.0112543 0.00868124 0.00832228 0.00834084 0.00813444 0.00803462 0.00814299 0.00827724 0.00832786 0.00990405 0.00837624 0.00873431 0.0082052 0.00818192 0.00917185 0.00850412 0.0101693 0.00874653 0.013592 0.0084619 0.00830731 0.00813784 0.00818361 0.00850565 0.00818169 0.00834786 0.00811022 0.00869399 0.00829605 0.00853495 
0.00894688 0.00962053 0.00928331 0.0206137 0.0086586 0.00957529 0.00865862 0.0176558 0.00874553 0.0271257 0.00853814 0.148336 0.00842541 0.00958337 0.00832814 0.0154179 0.00970872 0.00912416 0.00857053 0.00759415 0.0079519 0.00682344 0.00643973 0.00650581 0.010451 0.366919 0.158517 0.00656639 0.00369858 0.00355638 0.00353633 0 0.00352139 0.00362892 0.00353813 0.00356234 0.00357743 0.00687429 0.00943563 0.00762505 0.0276435 0.00830505 0.0508216 0.00836502 0.00906367 0.00840726 0.00863108 0.0169037 0.00878858 0.032262 0.00861506 0.0129191 0.0106123 0.00895197 0.0157656 0.00856179 0.00913326 0.00904015 0.00853125 0.00880229 0.0132222 0.00912282 0.0199847 0.00874894 0.0415941 0.00865434 0.00905058 0.00986857 0.00948038 0.0216589 0.010187 0.00902392 0.0082999 0.00821316 0.00816453 0.00803961 0.00808029 0.0083223 0.0091534 0.00891351 0.010172 0.00833369 0.00821404 0.00874812 0.00906897 0.0126005 0.0100348 0.0182067 0.0105578 0.00886283 0.00826698 0.00816181 0.00863623 0.0083063 0.00834267 0.00814028 0.00889345 0.00839866 0.0087059 0.00838701 
0.0105854 0.00890846 0.0193291 0.00928552 0.0181366 0.00865379 0.0149715 0.0087632 0.0369922 0.00868708 0.167551 0.00867541 0.0161807 0.00855203 0.0147646 0.00893223 0.0140324 0.00914936 0.00834831 0.0079169 0.00781852 0.00682769 0.00664124 0.0104067 0.438268 0.135089 0.0162213 0.0052779 0.00395088 0.00355257 0.00355568 0.00352139 0 0.00364632 0.00361882 0.00356686 0.00362884 0.00788091 0.00694317 0.024879 0.008321 0.0745254 0.0171163 0.0158894 0.00827813 0.00883972 0.0122736 0.00856647 0.0459182 0.00888753 0.0284178 0.00881624 0.00896911 0.0270037 0.00880952 0.0142268 0.00995856 0.0087913 0.00931085 0.0130023 0.00871859 0.0322071 0.00877819 0.0728179 0.00875272 0.0134053 0.00840808 0.00871617 0.0243082 0.0105 0.0191694 0.00872151 0.00829421 0.00837158 0.00810286 0.00808112 0.00807153 0.00873184 0.00845686 0.0157058 0.00850616 0.00949701 0.00869884 0.00835356 0.0138277 0.0102624 0.0266306 0.01248 0.0135771 0.00854191 0.00843281 0.0086238 0.00835686 0.00879829 0.00811165 0.00939649 0.00834039 0.0102597 0.00839511 0.00894006 
0.00899943 0.012478 0.00931597 0.0452805 0.00878851 0.010153 0.00880404 0.0296481 0.00881461 0.174036 0.00877374 0.0321282 0.00854236 0.0118703 0.00849162 0.0239448 0.00978146 0.01017 0.00898376 0.00803031 0.00859851 0.00780043 0.00900693 0.486286 0.124376 0.0124098 0.00758005 0.00581847 0.00459028 0.00363427 0.00354518 0.00362892 0.00364632 0 0.00353138 0.0035527 0.00354567 0.00614684 0.0261856 0.00813837 0.0846709 0.0113931 0.0192202 0.00825199 0.0103684 0.00873943 0.00875033 0.0342232 0.00891324 0.0754386 0.00871427 0.0139493 0.0169789 0.00879783 0.0268246 0.00880006 0.00936594 0.0101565 0.00882292 0.00887184 0.0237807 0.00896097 0.0839876 0.00886565 0.0273079 0.00858097 0.0105946 0.0112585 0.00954585 0.0486782 0.0108495 0.00954629 0.0083752 0.00821981 0.00809192 0.00807301 0.00802043 0.00831917 0.0115775 0.00898264 0.016815 0.00834562 0.00820124 0.0109281 0.00958566 0.0230135 0.0110333 0.0192238 0.00989288 0.0103401 0.00833803 0.00818423 0.00928715 0.00830384 0.0093764 0.0081807 0.0118869 0.00835272 0.00977574 0.00845881 
0.01132 0.00907322 0.0311094 0.00955632 0.0152349 0.00882133 0.0154133 0.00886683 0.218693 0.00888578 0.0380557 0.00876635 0.0288968 0.00888554 0.0162262 0.00896086 0.0275233 0.0109725 0.00869805 0.00822481 0.00831328 0.010714 0.487847 0.0819009 0.0192613 0.00848319 0.00663678 0.00668417 0.00570545 0.00386206 0.00360641 0.00353813 0.00361882 0.00353138 0 0.00352341 0.00359303 0.0231108 0.00744605 0.0926307 0.0282404 0.0272756 0.00794876 0.0134778 0.0084775 0.00918765 0.0160339 0.00875641 0.085877 0.00894324 0.025842 0.00929584 0.00907128 0.0405964 0.00905869 0.0161634 0.0105161 0.00904401 0.010534 0.0143136 0.00870933 0.123283 0.00893643 0.0343141 0.00889169 0.0167769 0.00882198 0.00874701 0.0389567 0.012106 0.0222759 0.00888712 0.00844014 0.0083752 0.0082042 0.00811254 0.00811763 0.00916171 0.0087198 0.0234909 0.00859774 0.00989377 0.0087295 0.00861164 0.0199362 0.00979208 0.0209708 0.0099734 0.0167358 0.00882389 0.0086005 0.00883698 0.00853252 0.00930425 0.00831712 0.00993931 0.00838682 0.0126767 0.00852985 0.00932689 
0.0102374 0.0182882 0.00903113 0.0175836 0.00921655 0.0104643 0.0096654 0.119707 0.00891587 0.0224996 0.00885317 0.0216545 0.00899849 0.012357 0.00922119 0.0351942 0.010173 0.0106394 0.00952974 0.00997133 0.0189931 0.475194 0.127402 0.0162437 0.00852115 0.00692591 0.00723979 0.00647662 0.00693301 0.00390748 0.00371796 0.00356234 0.00356686 0.0035527 0.00352341 0 0.00356591 0.00739163 0.0842381 0.027023 0.011787 0.00737145 0.017438 0.00777765 0.0148847 0.00944167 0.00951571 0.0539133 0.00892032 0.0227656 0.00955746 0.019031 0.0232154 0.00952606 0.0383002 0.00881603 0.0102579 0.0203665 0.00888309 0.00949189 0.0550708 0.0090567 0.0195948 0.00898236 0.0186342 0.00919012 0.0108126 0.0172267 0.0100615 0.021797 0.0100054 0.00960327 0.00832921 0.00880278 0.00855738 0.0084017 0.00831268 0.00913063 0.0136551 0.00876141 0.0177793 0.00843283 0.00887565 0.0116767 0.00901744 0.0129538 0.00914897 0.0118683 0.00910268 0.00986309 0.0083609 0.00886779 0.00979973 0.00833192 0.00849301 0.00897014 0.0109512 0.00847599 0.00938667 0.00844684 
