1RR9E
RVGQVTGLAWTEVGGDLLTIETACVPGKGKLTYTGSLGEVMQESIQAALTVVRARAEKLGINPDFYEKRDIHVHVPEGATPKDGPAAGIAMCTALVSCLTGNPVRADVAMTGEITLRGQVLPIGGLKEKLLAAHRGGIKTVLIPFENKRDLEEIPDNVIADLDIHPVKRIEEVLTLALQNEPSGMQVVTAK
CCCEEEEECEECCCCCEEEEEEEEEECCCCEEEECCECHHHHHHHHHHHHHHHCCHHHHCCCHHHHCCEEEEEECCCCCCCEECCCCHHHHHHHHHHHHHCCCECCCEEECCEECCCCEEECCCCHHHHHHHHHHCCCCEEEEEHHHHHHHCCCCHHHHHHCCCEEECEHHHHHHHHECCCCCCCCCCCCC
0 0 0 0 0 0 0 0 0 0 0 0 0 0 0 0 0 0 0 0 0 0 0 0 0 0 0 0 0 0 0 0 0 0 0 0 0 0 0 0 0 0 0 0 0 0 0 0 0 0 0 0 0 0 0 0 0 0 0 0 0 0 0 0 0 0 0 0 0 0 0 0 0 0 0 0 0 0 0 0 0 0 0 0 0 0 0 0 0 0 0 0 0 0 0 0 0 0 0 0 0 0 0 0 0 0 0 0 0 0 0 0 0 0 0 0 0 0 0 0 0 0 0 0 0 0 0 0 0 0 0 0 0 0 0 0 0 0 0 0 0 0 0 0 0 0 0 0 0 0 0 0 0 0 0 0 0 0 0 0 0 0 0 0 0 0 0 0 0 0 0 0 0 0 0 0 0 0 0 0 0 0 0 0 0 0 0 0 0 0 0 
0 0 0 0 0 0 0 0 0 0 0 0 0 0 0 0 0 0 0 0 0 0 0 0 0 0 0 0 0 0 0 0 0 0 0 0 0 0 0 0 0 0 0 0 0 0 0 0 0 0 0 0 0 0 0 0 0 0 0 0 0 0 0 0 0 0 0 0 0 0 0 0 0 0 0 0 0 0 0 0 0 0 0 0 0 0 0 0 0 0 0 0 0 0 0 0 0 0 0 0 0 0 0 0 0 0 0 0 0 0 0 0 0 0 0 0 0 0 0 0 0 0 0 0 0 0 0 0 0 0 0 0 0 0 0 0 0 0 0 0 0 0 0 0 0 0 0 0 0 0 0 0 0 0 0 0 0 0 0 0 0 0 0 0 0 0 0 0 0 0 0 0 0 0 0 0 0 0 0 0 0 0 0 0 0 0 0 0 0 0 0 
0 0.00359547 0.00359178 0.00360822 0.00372353 0.00480828 0.00667051 0.0107075 0.00774828 0.0126293 0.00951262 0.263885 0.0204332 0.0175185 0.0142539 0.011153 0.0253003 0.0132371 0.00981199 0.0093783 0.0282787 0.0166626 0.0118175 0.0126618 0.0111152 0.015604 0.00978053 0.0204174 0.0087534 0.00942324 0.00911974 0.0090267 0.00858109 0.010874 0.00882067 0.00930755 0.0092576 0.00844242 0.00885431 0.00953735 0.00891937 0.00960792 0.00887103 0.00934098 0.00823825 0.00803446 0.00823791 0.00935885 0.00817298 
0.00359547 0 0.00360758 0.00359604 0.00355508 0.00406075 0.00441813 0.00706413 0.0198928 0.00856491 0.294802 0.0116046 0.0317543 0.012999 0.013856 0.0259819 0.00955575 0.00972775 0.00979278 0.0193453 0.0103482 0.0103498 0.00993082 0.0138074 0.0457853 0.0160055 0.0497265 0.00980269 0.00864273 0.00837238 0.00833879 0.00862289 0.0106281 0.00948237 0.00852256 0.0086576 0.00821498 0.0087452 0.00840524 0.00870591 0.0103118 0.0108869 0.00974279 0.00834857 0.00801161 0.00833276 0.0081304 0.0081419 0.00805815 
0.00359178 0.00360758 0 0.00356185 0.00354277 0.00362632 0.00370963 0.00991462 0.00810839 0.255521 0.0104287 0.0345234 0.0122869 0.0149549 0.0234319 0.00962578 0.00873892 0.00934353 0.0171339 0.0109508 0.00996879 0.00914477 0.00947265 0.017352 0.0245518 0.0988503 0.0133698 0.0117803 0.00840301 0.00845589 0.00825306 0.00904248 0.0103923 0.00957083 0.00864656 0.00883361 0.00869718 0.00872233 0.00853262 0.00900855 0.0104302 0.0145883 0.00902565 0.00837014 0.00817167 0.0082631 0.00814722 0.00821589 0.00799814 
0.00360822 0.00359604 0.00356185 0 0.00355175 0.00364971 0.00420401 0.0101787 0.208994 0.0134639 0.0231063 0.0114458 0.0193595 0.0224759 0.0123115 0.0111665 0.0094896 0.0106973 0.0106185 0.0194546 0.0132624 0.0100773 0.0105246 0.0160343 0.0339323 0.0209477 0.0655012 0.0137641 0.0089907 0.00864729 0.0086275 0.00947378 0.0130513 0.0101665 0.00923192 0.00912678 0.00871903 0.00890847 0.00842287 0.00937448 0.0106782 0.0114919 0.00978059 0.00838258 0.0080641 0.00829684 0.0082194 0.0081259 0.00810295 
0.00372353 0.00355508 0.00354277 0.00355175 0 0.00360453 0.00363677 0.105795 0.00854246 0.0142299 0.00963764 0.00879934 0.0135247 0.0100918 0.00980392 0.00810303 0.00887368 0.00981269 0.00857379 0.00926346 0.012517 0.0123793 0.0113711 0.0102602 0.0128876 0.0168185 0.0126158 0.0154076 0.00854494 0.00826297 0.00891201 0.00923223 0.00853308 0.0100726 0.0086124 0.00864993 0.00843272 0.00826089 0.00845523 0.00913317 0.00863735 0.00997475 0.00844976 0.00837472 0.00811601 0.00817822 0.00823563 0.00816853 0.00823551 
0.00480828 0.00406075 0.00362632 0.00364971 0.00360453 0 0.00430752 0.0302797 0.0125648 0.0250969 0.00721684 0.0131883 0.00747497 0.00870333 0.00831433 0.00759021 0.0104393 0.00983974 0.0103938 0.0100859 0.0165532 0.0131415 0.00959178 0.0108532 0.00943719 0.0119868 0.00990978 0.0130876 0.00835266 0.00929344 0.00838247 0.00873739 0.00901101 0.00892845 0.00883339 0.00861032 0.00898377 0.00845707 0.00844893 0.00887571 0.00869483 0.00889556 0.00832906 0.008327 0.00806518 0.00803719 0.00805225 0.00882631 0.00808642 
0.00667051 0.00441813 0.00370963 0.00420401 0.00363677 0.00430752 0 0.0222723 0.0171173 0.00433674 0.00801509 0.00566329 0.00709646 0.00667121 0.00709602 0.0073071 0.0065405 0.0139139 0.00856883 0.00913866 0.0103527 0.0256031 0.012568 0.00879723 0.00903102 0.00875073 0.0099843 0.00940808 0.0221846 0.00828154 0.0112406 0.00975153 0.00853031 0.00897465 0.00888332 0.00930412 0.00853581 0.00828581 0.00838171 0.00909091 0.00832527 0.00830523 0.00823762 0.00821388 0.0081934 0.00810436 0.00850575 0.00845172 0.0093005 
0.0107075 0.00706413 0.00991462 0.0101787 0.105795 0.0302797 0.0222723 0 0.0037263 0.00369339 0.00372629 0.00363595 0.00358244 0.0038589 0.00454882 0.00494496 0.0101732 0.00884783 0.00855661 0.00879129 0.0354504 0.011336 0.0173362 0.0112453 0.00938907 0.0128104 0.0092275 0.0222701 0.00857225 0.00939848 0.00902876 0.00871809 0.00868242 0.00933937 0.00913456 0.00865983 0.0094464 0.00842166 0.00905833 0.00923368 0.0086001 0.00877268 0.00875085 0.00889697 0.00810897 0.0080555 0.00808708 0.0101108 0.00820407 
0.00774828 0.0198928 0.00810839 0.208994 0.00854246 0.0125648 0.0171173 0.0037263 0 0.00356924 0.00357591 0.00355958 0.00362951 0.00370221 0.00374664 0.00567496 0.00429619 0.00897949 0.00725829 0.0227784 0.00935254 0.0116444 0.013835 0.0108998 0.0353116 0.0100845 0.0476544 0.00965067 0.0102076 0.00844149 0.0106181 0.00985957 0.00973236 0.00969758 0.0083611 0.0107489 0.00820021 0.00963088 0.00894801 0.00980157 0.0119501 0.00984475 0.00965629 0.00874099 0.0080049 0.00825031 0.00886558 0.00827079 0.00928777 
0.0126293 0.00856491 0.255521 0.0134639 0.0142299 0.0250969 0.00433674 0.00369339 0.00356924 0 0.0035306 0.00358611 0.00356724 0.00361445 0.00373642 0.0036208 0.00376978 0.00685721 0.0242107 0.00812026 0.0106934 0.00773935 0.00952423 0.0250593 0.0113396 0.159946 0.00996098 0.016546 0.00834622 0.00880875 0.00826326 0.0090919 0.0108619 0.00914679 0.00999498 0.00845548 0.0110261 0.0083629 0.0083047 0.00951737 0.00990559 0.0183154 0.00906155 0.00845583 0.008826 0.0084993 0.0082101 0.00950616 0.00805862 
0.00951262 0.294802 0.0104287 0.0231063 0.00963764 0.00721684 0.00801509 0.00372629 0.00357591 0.0035306 0 0.00352413 0.00354201 0.00356023 0.00360561 0.0036634 0.0036169 0.0145528 0.00672785 0.0100781 0.00768693 0.0083586 0.0154389 0.00991769 0.135273 0.0130461 0.0646671 0.00957454 0.0091926 0.0083839 0.00895885 0.00981503 0.00923292 0.0107535 0.00844458 0.00949778 0.00826734 0.00904743 0.0089123 0.00922832 0.0125709 0.0122382 0.00944055 0.00889449 0.00810782 0.0082448 0.0084956 0.00812217 0.00855338 
0.263885 0.0116046 0.0345234 0.0114458 0.00879934 0.0131883 0.00566329 0.00363595 0.00355958 0.00358611 0.00352413 0 0.00352224 0.00355869 0.00349782 0.0035696 0.00361679 0.00624175 0.00877862 0.00738751 0.010654 0.00814756 0.0104087 0.0422349 0.0144625 0.150592 0.0127667 0.0180097 0.00840223 0.00866492 0.00828909 0.00911899 0.0107142 0.00960975 0.00885022 0.00859894 0.00937669 0.00843374 0.00847303 0.00912575 0.0104526 0.0177163 0.00920969 0.00853583 0.00855538 0.00829459 0.00826341 0.00882879 0.00809084 
0.0204332 0.0317543 0.0122869 0.0193595 0.0135247 0.00747497 0.00709646 0.00358244 0.00362951 0.00356724 0.00354201 0.00352224 0 0.00353385 0.00355659 0.00355426 0.00356015 0.00611554 0.00626546 0.0129991 0.0887612 0.0108116 0.0143005 0.0111578 0.0798004 0.0220746 0.0652738 0.011335 0.00903782 0.00868257 0.00849416 0.00946748 0.0110064 0.0103533 0.00860937 0.00913358 0.00850887 0.00891537 0.00877006 0.00930044 0.0131433 0.0158422 0.00961067 0.00898641 0.00813936 0.00827894 0.00823978 0.00815999 0.00813087 
0.0175185 0.012999 0.0149549 0.0224759 0.0100918 0.00870333 0.00667121 0.0038589 0.00370221 0.00361445 0.00356023 0.00355869 0.00353385 0 0.00354289 0.00357134 0.00353497 0.00542539 0.0067564 0.0835344 0.255224 0.0080365 0.0111397 0.0207599 0.0305849 0.119976 0.0169123 0.0131531 0.00864095 0.0086103 0.00834152 0.00929551 0.0102413 0.0100516 0.00866014 0.00878032 0.00853171 0.00867053 0.00887297 0.00946745 0.0115582 0.0184003 0.00973788 0.00852393 0.0081746 0.00836464 0.00828287 0.00830587 0.00806372 
0.0142539 0.013856 0.0234319 0.0123115 0.00980392 0.00831433 0.00709602 0.00454882 0.00374664 0.00373642 0.00360561 0.00349782 0.00355659 0.00354289 0 0.00352695 0.00352594 0.00739376 0.107839 0.261934 0.0294475 0.00713675 0.010819 0.0179533 0.0595302 0.0547568 0.0195965 0.0122714 0.00868732 0.00860323 0.00840706 0.00919615 0.0128089 0.00972092 0.00885393 0.00877577 0.00887188 0.00871201 0.00884818 0.00902413 0.011248 0.0173924 0.00952891 0.0086572 0.00820649 0.00825409 0.00818717 0.0082234 0.00802894 
0.011153 0.0259819 0.00962578 0.0111665 0.00810303 0.00759021 0.0073071 0.00494496 0.00567496 0.0036208 0.0036634 0.0035696 0.00355426 0.00357134 0.00352695 0 0.00372945 0.0921899 0.274203 0.0246448 0.00568797 0.00695739 0.00952809 0.015118 0.0168468 0.0125709 0.0276371 0.00983804 0.00877922 0.00831621 0.00843164 0.0086205 0.0101755 0.00900115 0.00867172 0.00906974 0.00841926 0.00844117 0.00835172 0.00845745 0.00968572 0.00954029 0.0088344 0.00821541 0.00799691 0.00803252 0.00805287 0.00801508 0.00806906 
0.0253003 0.00955575 0.00873892 0.0094896 0.00887368 0.0104393 0.0065405 0.0101732 0.00429619 0.00376978 0.0036169 0.00361679 0.00356015 0.00353497 0.00352594 0.00372945 0 0.436696 0.00781104 0.00413052 0.00508502 0.00702098 0.0143696 0.00993249 0.00903969 0.00954058 0.0093404 0.0124935 0.00989971 0.00853509 0.0102964 0.0104633 0.00884607 0.0088788 0.00966801 0.00889146 0.00940482 0.00826468 0.00811947 0.00971683 0.00878343 0.00853807 0.00822656 0.00820745 0.00820154 0.00806881 0.0081314 0.00881271 0.00840179 
0.0132371 0.00972775 0.00934353 0.0106973 0.00981269 0.00983974 0.0139139 0.00884783 0.00897949 0.00685721 0.0145528 0.00624175 0.00611554 0.00542539 0.00739376 0.0921899 0.436696 0 0.00393182 0.00416729 0.00483704 0.00961075 0.0281807 0.00914711 0.0133937 0.00898483 0.0127334 0.0116844 0.0100832 0.0091782 0.0114784 0.00955758 0.00857205 0.00976037 0.00850676 0.0102454 0.00862159 0.00870137 0.009322 0.00981158 0.00883192 0.00842677 0.00873797 0.00915077 0.00809136 0.00810399 0.00842107 0.0096105 0.008891 
0.00981199 0.00979278 0.0171339 0.0106185 0.00857379 0.0103938 0.00856883 0.00855661 0.00725829 0.0242107 0.00672785 0.00877862 0.00626546 0.0067564 0.107839 0.274203 0.00781104 0.00393182 0 0.00406221 0.0037157 0.00413514 0.011311 0.0295896 0.00942413 0.074289 0.0093521 0.010627 0.00855089 0.00874672 0.00831767 0.00843764 0.00991872 0.0087506 0.00923424 0.00834178 0.00895531 0.00838334 0.00827743 0.00857328 0.00879751 0.00964355 0.00854572 0.00852238 0.00812736 0.00831009 0.00808313 0.00862431 0.00800046 
0.0093783 0.0193453 0.0109508 0.0194546 0.00926346 0.0100859 0.00913866 0.00879129 0.0227784 0.00812026 0.0100781 0.00738751 0.0129991 0.0835344 0.261934 0.0246448 0.00413052 0.00416729 0.00406221 0 0.00356704 0.00539419 0.0135394 0.0110165 0.0396257 0.0107027 0.117617 0.0103432 0.00896061 0.00841503 0.00850317 0.00886753 0.0119008 0.00908289 0.00874851 0.00913603 0.00838338 0.00869369 0.00835349 0.00866781 0.00979909 0.00982508 0.00916403 0.00835498 0.0079864 0.00816163 0.00802976 0.00810378 0.00809649 
0.0282787 0.0103482 0.00996879 0.0132624 0.012517 0.0165532 0.0103527 0.0354504 0.00935254 0.0106934 0.00768693 0.010654 0.0887612 0.255224 0.0294475 0.00568797 0.00508502 0.00483704 0.0037157 0.00356704 0 0.062653 0.0129828 0.0147243 0.0095591 0.0227706 0.0123192 0.0964461 0.0107745 0.0103892 0.0118209 0.0121138 0.00982257 0.010692 0.0118598 0.00998931 0.0108991 0.00837744 0.00862194 0.0105496 0.00888388 0.00872982 0.00829287 0.00868405 0.00869107 0.00805469 0.00831617 0.00991286 0.00900582 
0.0166626 0.0103498 0.00914477 0.0100773 0.0123793 0.0131415 0.0256031 0.011336 0.0116444 0.00773935 0.0083586 0.00814756 0.0108116 0.0080365 0.00713675 0.00695739 0.00702098 0.00961075 0.00413514 0.00539419 0.062653 0 0.0232502 0.00954513 0.0107995 0.00984206 0.0181001 0.0161136 0.0298617 0.0111374 0.0654105 0.0115551 0.00940467 0.0107773 0.011344 0.0124036 0.0106728 0.00846838 0.00970989 0.0111924 0.00858364 0.00820068 0.00844605 0.00987007 0.00857091 0.00803544 0.00874853 0.0117104 0.012795 
0.0118175 0.00993082 0.00947265 0.0105246 0.0113711 0.00959178 0.012568 0.0173362 0.013835 0.00952423 0.0154389 0.0104087 0.0143005 0.0111397 0.010819 0.00952809 0.0143696 0.0281807 0.011311 0.0135394 0.0129828 0.0232502 0 0.0048591 0.0035135 0.00373285 0.00353805 0.00408793 0.00828018 0.0155529 0.0222923 0.0347989 0.0103181 0.0180816 0.0105148 0.0169956 0.0137055 0.0106284 0.0136421 0.0203454 0.0141131 0.00971297 0.00994261 0.0126929 0.00879489 0.00845278 0.0088152 0.0102123 0.00891128 
0.0126618 0.0138074 0.017352 0.0160343 0.0102602 0.0108532 0.00879723 0.0112453 0.0108998 0.0250593 0.00991769 0.0422349 0.0111578 0.0207599 0.0179533 0.015118 0.00993249 0.00914711 0.0295896 0.0110165 0.0147243 0.00954513 0.0048591 0 0.00352206 0.00353006 0.00354309 0.00366302 0.00758403 0.00855475 0.0113344 0.0154746 0.0442553 0.0103279 0.0139909 0.00957462 0.0151783 0.0116558 0.00934299 0.014907 0.0278945 0.0328267 0.0112859 0.00928239 0.00838654 0.00873944 0.00831493 0.00895203 0.00808281 
0.0111152 0.0457853 0.0245518 0.0339323 0.0128876 0.00943719 0.00903102 0.00938907 0.0353116 0.0113396 0.135273 0.0144625 0.0798004 0.0305849 0.0595302 0.0168468 0.00903969 0.0133937 0.00942413 0.0396257 0.0095591 0.0107995 0.0035135 0.00352206 0 0.0035413 0.00357743 0.00354826 0.00669685 0.00671919 0.0102556 0.0242541 0.0118775 0.0188163 0.00903015 0.0132009 0.00928145 0.0130292 0.0104886 0.0139399 0.0570675 0.0606254 0.01972 0.00925592 0.00906508 0.00880089 0.00990127 0.00837693 0.00849774 
0.015604 0.0160055 0.0988503 0.0209477 0.0168185 0.0119868 0.00875073 0.0128104 0.0100845 0.159946 0.0130461 0.150592 0.0220746 0.119976 0.0547568 0.0125709 0.00954058 0.00898483 0.074289 0.0107027 0.0227706 0.00984206 0.00373285 0.00353006 0.0035413 0 0.00354221 0.0035464 0.00652499 0.0106318 0.00943341 0.0183744 0.0401238 0.0147962 0.016134 0.00940625 0.0160734 0.00987969 0.0106631 0.0153474 0.0346511 0.156807 0.0139692 0.00974905 0.00914694 0.00947671 0.00891888 0.00948276 0.00812619 
0.00978053 0.0497265 0.0133698 0.0655012 0.0126158 0.00990978 0.0099843 0.0092275 0.0476544 0.00996098 0.0646671 0.0127667 0.0652738 0.0169123 0.0195965 0.0276371 0.0093404 0.0127334 0.0093521 0.117617 0.0123192 0.0181001 0.00353805 0.00354309 0.00357743 0.00354221 0 0.00359654 0.0158202 0.0100507 0.0139486 0.0193525 0.0345035 0.0414442 0.0104698 0.0251446 0.00925141 0.0303519 0.0116631 0.0123788 0.0430593 0.0238913 0.0321207 0.0100119 0.00848842 0.00981268 0.00908529 0.00832709 0.0092492 
0.0204174 0.00980269 0.0117803 0.0137641 0.0154076 0.0130876 0.00940808 0.0222701 0.00965067 0.016546 0.00957454 0.0180097 0.011335 0.0131531 0.0122714 0.00983804 0.0124935 0.0116844 0.010627 0.0103432 0.0964461 0.0161136 0.00408793 0.00366302 0.00354826 0.0035464 0.00359654 0 0.00979189 0.0178006 0.0140029 0.0198512 0.0323387 0.0522664 0.0275477 0.0126989 0.0243809 0.0101954 0.0145107 0.0199062 0.0113374 0.0180869 0.0107668 0.0117979 0.00983784 0.0084746 0.00905316 0.0117587 0.00935466 
0.0087534 0.00864273 0.00840301 0.0089907 0.00854494 0.00835266 0.0221846 0.00857225 0.0102076 0.00834622 0.0091926 0.00840223 0.00903782 0.00864095 0.00868732 0.00877922 0.00989971 0.0100832 0.00855089 0.00896061 0.0107745 0.0298617 0.00828018 0.00758403 0.00669685 0.00652499 0.0158202 0.00979189 0 0.00631093 0.0250662 0.0176313 0.0160875 0.0191108 0.0106523 0.0361374 0.00992973 0.012653 0.0119823 0.0114122 0.0119055 0.00900301 0.00998269 0.0104654 0.00819907 0.00817193 0.00867483 0.00946891 0.00904961 
0.00942324 0.00837238 0.00845589 0.00864729 0.00826297 0.00929344 0.00828154 0.00939848 0.00844149 0.00880875 0.0083839 0.00866492 0.00868257 0.0086103 0.00860323 0.00831621 0.00853509 0.0091782 0.00874672 0.00841503 0.0103892 0.0111374 0.0155529 0.00855475 0.00671919 0.0106318 0.0100507 0.0178006 0.00631093 0 0.033103 0.0109562 0.038975 0.0232279 0.0268686 0.0106987 0.0148618 0.00985671 0.00945066 0.0109406 0.00942572 0.00954123 0.00919943 0.00936776 0.00850864 0.00814232 0.0080924 0.0103893 0.00873629 
0.00911974 0.00833879 0.00825306 0.0086275 0.00891201 0.00838247 0.0112406 0.00902876 0.0106181 0.00826326 0.00895885 0.00828909 0.00849416 0.00834152 0.00840706 0.00843164 0.0102964 0.0114784 0.00831767 0.00850317 0.0118209 0.0654105 0.0222923 0.0113344 0.0102556 0.00943341 0.0139486 0.0140029 0.0250662 0.033103 0 0.0406284 0.008932 0.0101713 0.00702416 0.0367762 0.00976545 0.0142047 0.0217429 0.0198072 0.0146288 0.00975376 0.0111115 0.0155969 0.00896357 0.00886314 0.013076 0.0192081 0.0372997 
0.0090267 0.00862289 0.00904248 0.00947378 0.00923223 0.00873739 0.00975153 0.00871809 0.00985957 0.0090919 0.00981503 0.00911899 0.00946748 0.00929551 0.00919615 0.0086205 0.0104633 0.00955758 0.00843764 0.00886753 0.0121138 0.0115551 0.0347989 0.0154746 0.0242541 0.0183744 0.0193525 0.0198512 0.0176313 0.0109562 0.0406284 0 0.00433963 0.00355072 0.0040677 0.00850799 0.0185747 0.0114522 0.0179954 0.186142 0.0340836 0.0206265 0.0121219 0.0218834 0.0103395 0.00919866 0.0124183 0.0146724 0.00967849 
0.00858109 0.0106281 0.0103923 0.0130513 0.00853308 0.00901101 0.00853031 0.00868242 0.00973236 0.0108619 0.00923292 0.0107142 0.0110064 0.0102413 0.0128089 0.0101755 0.00884607 0.00857205 0.00991872 0.0119008 0.00982257 0.00940467 0.0103181 0.0442553 0.0118775 0.0401238 0.0345035 0.0323387 0.0160875 0.038975 0.008932 0.00433963 0 0.00366611 0.00749754 0.0273758 0.0148381 0.0707724 0.00967964 0.013931 0.150791 0.0228562 0.0406068 0.0108269 0.00898644 0.0283047 0.00873142 0.0115863 0.00922203 
0.010874 0.00948237 0.00957083 0.0101665 0.0100726 0.00892845 0.00897465 0.00933937 0.00969758 0.00914679 0.0107535 0.00960975 0.0103533 0.0100516 0.00972092 0.00900115 0.0088788 0.00976037 0.0087506 0.00908289 0.010692 0.0107773 0.0180816 0.0103279 0.0188163 0.0147962 0.0414442 0.0522664 0.0191108 0.0232279 0.0101713 0.00355072 0.00366611 0 0.014605 0.0093095 0.0312338 0.0171568 0.0228243 0.0243981 0.0129876 0.0575252 0.0155426 0.0203473 0.0110272 0.00907766 0.0142766 0.0110329 0.0117876 
0.00882067 0.00852256 0.00864656 0.00923192 0.0086124 0.00883339 0.00888332 0.00913456 0.0083611 0.00999498 0.00844458 0.00885022 0.00860937 0.00866014 0.00885393 0.00867172 0.00966801 0.00850676 0.00923424 0.00874851 0.0118598 0.011344 0.0105148 0.0139909 0.00903015 0.016134 0.0104698 0.0275477 0.0106523 0.0268686 0.00702416 0.0040677 0.00749754 0.014605 0 0.00474383 0.00901761 0.0308345 0.193341 0.0216819 0.0193701 0.0121759 0.0146339 0.0149714 0.0101511 0.0109162 0.00893663 0.0326496 0.00948138 
0.00930755 0.0086576 0.00883361 0.00912678 0.00864993 0.00861032 0.00930412 0.00865983 0.0107489 0.00845548 0.00949778 0.00859894 0.00913358 0.00878032 0.00877577 0.00906974 0.00889146 0.0102454 0.00834178 0.00913603 0.00998931 0.0124036 0.0169956 0.00957462 0.0132009 0.00940625 0.0251446 0.0126989 0.0361374 0.0106987 0.0367762 0.00850799 0.0273758 0.0093095 0.00474383 0 0.0135251 0.216458 0.00906941 0.0322955 0.022213 0.0117804 0.0139406 0.0124194 0.0100489 0.00928661 0.0141983 0.011226 0.0167276 
0.0092576 0.00821498 0.00869718 0.00871903 0.00843272 0.00898377 0.00853581 0.0094464 0.00820021 0.0110261 0.00826734 0.00937669 0.00850887 0.00853171 0.00887188 0.00841926 0.00940482 0.00862159 0.00895531 0.00838338 0.0108991 0.0106728 0.0137055 0.0151783 0.00928145 0.0160734 0.00925141 0.0243809 0.00992973 0.0148618 0.00976545 0.0185747 0.0148381 0.0312338 0.00901761 0.0135251 0 0.00361812 0.00375692 0.113589 0.0239099 0.0254112 0.0125704 0.0184593 0.0125616 0.00961676 0.00936964 0.0396992 0.00882675 
0.00844242 0.0087452 0.00872233 0.00890847 0.00826089 0.00845707 0.00828581 0.00842166 0.00963088 0.0083629 0.00904743 0.00843374 0.00891537 0.00867053 0.00871201 0.00844117 0.00826468 0.00870137 0.00838334 0.00869369 0.00837744 0.00846838 0.0106284 0.0116558 0.0130292 0.00987969 0.0303519 0.0101954 0.012653 0.00985671 0.0142047 0.0114522 0.0707724 0.0171568 0.0308345 0.216458 0.00361812 0 0.00384777 0.0223934 0.0951586 0.0151806 0.0298132 0.00939366 0.009529 0.0129639 0.00903042 0.00988487 0.00945543 
0.00885431 0.00840524 0.00853262 0.00842287 0.00845523 0.00844893 0.00838171 0.00905833 0.00894801 0.0083047 0.0089123 0.00847303 0.00877006 0.00887297 0.00884818 0.00835172 0.00811947 0.009322 0.00827743 0.00835349 0.00862194 0.00970989 0.0136421 0.00934299 0.0104886 0.0106631 0.0116631 0.0145107 0.0119823 0.00945066 0.0217429 0.0179954 0.00967964 0.0228243 0.193341 0.00906941 0.00375692 0.00384777 0 0.0266961 0.0141388 0.0368495 0.0122206 0.0164508 0.00982884 0.00899617 0.0124072 0.0114282 0.0125115 
0.00953735 0.00870591 0.00900855 0.00937448 0.00913317 0.00887571 0.00909091 0.00923368 0.00980157 0.00951737 0.00922832 0.00912575 0.00930044 0.00946745 0.00902413 0.00845745 0.00971683 0.00981158 0.00857328 0.00866781 0.0105496 0.0111924 0.0203454 0.014907 0.0139399 0.0153474 0.0123788 0.0199062 0.0114122 0.0109406 0.0198072 0.186142 0.013931 0.0243981 0.0216819 0.0322955 0.113589 0.0223934 0.0266961 0 0.00457685 0.00361125 0.00358154 0.00382464 0.23437 0.0113408 0.0251817 0.0303585 0.0158423 
0.00891937 0.0103118 0.0104302 0.0106782 0.00863735 0.00869483 0.00832527 0.0086001 0.0119501 0.00990559 0.0125709 0.0104526 0.0131433 0.0115582 0.011248 0.00968572 0.00878343 0.00883192 0.00879751 0.00979909 0.00888388 0.00858364 0.0141131 0.0278945 0.0570675 0.0346511 0.0430593 0.0113374 0.0119055 0.00942572 0.0146288 0.0340836 0.150791 0.0129876 0.0193701 0.022213 0.0239099 0.0951586 0.0141388 0.00457685 0 0.00358445 0.00355721 0.00357191 0.0336977 0.115715 0.0110152 0.0137899 0.0123001 
0.00960792 0.0108869 0.0145883 0.0114919 0.00997475 0.00889556 0.00830523 0.00877268 0.00984475 0.0183154 0.0122382 0.0177163 0.0158422 0.0184003 0.0173924 0.00954029 0.00853807 0.00842677 0.00964355 0.00982508 0.00872982 0.00820068 0.00971297 0.0328267 0.0606254 0.156807 0.0238913 0.0180869 0.00900301 0.00954123 0.00975376 0.0206265 0.0228562 0.0575252 0.0121759 0.0117804 0.0254112 0.0151806 0.0368495 0.00361125 0.00358445 0 0.00354667 0.00352209 0.142414 0.0232951 0.0229609 0.0108023 0.0095709 
0.00887103 0.00974279 0.00902565 0.00978059 0.00844976 0.00832906 0.00823762 0.00875085 0.00965629 0.00906155 0.00944055 0.00920969 0.00961067 0.00973788 0.00952891 0.0088344 0.00822656 0.00873797 0.00854572 0.00916403 0.00829287 0.00844605 0.00994261 0.0112859 0.01972 0.0139692 0.0321207 0.0107668 0.00998269 0.00919943 0.0111115 0.0121219 0.0406068 0.0155426 0.0146339 0.0139406 0.0125704 0.0298132 0.0122206 0.00358154 0.00355721 0.00354667 0 0.00355139 0.010037 0.145598 0.0192406 0.0111994 0.0115531 
0.00934098 0.00834857 0.00837014 0.00838258 0.00837472 0.008327 0.00821388 0.00889697 0.00874099 0.00845583 0.00889449 0.00853583 0.00898641 0.00852393 0.0086572 0.00821541 0.00820745 0.00915077 0.00852238 0.00835498 0.00868405 0.00987007 0.0126929 0.00928239 0.00925592 0.00974905 0.0100119 0.0117979 0.0104654 0.00936776 0.0155969 0.0218834 0.0108269 0.0203473 0.0149714 0.0124194 0.0184593 0.00939366 0.0164508 0.00382464 0.00357191 0.00352209 0.00355139 0 0.0115718 0.00820621 0.101624 0.0136645 0.0167829 
0.00823825 0.00801161 0.00817167 0.0080641 0.00811601 0.00806518 0.0081934 0.00810897 0.0080049 0.008826 0.00810782 0.00855538 0.00813936 0.0081746 0.00820649 0.00799691 0.00820154 0.00809136 0.00812736 0.0079864 0.00869107 0.00857091 0.00879489 0.00838654 0.00906508 0.00914694 0.00848842 0.00983784 0.00819907 0.00850864 0.00896357 0.0103395 0.00898644 0.0110272 0.0101511 0.0100489 0.0125616 0.009529 0.00982884 0.23437 0.0336977 0.142414 0.010037 0.0115718 0 0.00367979 0.00366627 0.00431648 0.00600086 
0.00803446 0.00833276 0.0082631 0.00829684 0.00817822 0.00803719 0.00810436 0.0080555 0.00825031 0.0084993 0.0082448 0.00829459 0.00827894 0.00836464 0.00825409 0.00803252 0.00806881 0.00810399 0.00831009 0.00816163 0.00805469 0.00803544 0.00845278 0.00873944 0.00880089 0.00947671 0.00981268 0.0084746 0.00817193 0.00814232 0.00886314 0.00919866 0.0283047 0.00907766 0.0109162 0.00928661 0.00961676 0.0129639 0.00899617 0.0113408 0.115715 0.0232951 0.145598 0.00820621 0.00367979 0 0.00351587 0.00355314 0.00553344 
0.00823791 0.0081304 0.00814722 0.0082194 0.00823563 0.00805225 0.00850575 0.00808708 0.00886558 0.0082101 0.0084956 0.00826341 0.00823978 0.00828287 0.00818717 0.00805287 0.0081314 0.00842107 0.00808313 0.00802976 0.00831617 0.00874853 0.0088152 0.00831493 0.00990127 0.00891888 0.00908529 0.00905316 0.00867483 0.0080924 0.013076 0.0124183 0.00873142 0.0142766 0.00893663 0.0141983 0.00936964 0.00903042 0.0124072 0.0251817 0.0110152 0.0229609 0.0192406 0.101624 0.00366627 0.00351587 0 0.00364121 0.00634074 
0.00935885 0.0081419 0.00821589 0.0081259 0.00816853 0.00882631 0.00845172 0.0101108 0.00827079 0.00950616 0.00812217 0.00882879 0.00815999 0.00830587 0.0082234 0.00801508 0.00881271 0.0096105 0.00862431 0.00810378 0.00991286 0.0117104 0.0102123 0.00895203 0.00837693 0.00948276 0.00832709 0.0117587 0.00946891 0.0103893 0.0192081 0.0146724 0.0115863 0.0110329 0.0326496 0.011226 0.0396992 0.00988487 0.0114282 0.0303585 0.0137899 0.0108023 0.0111994 0.0136645 0.00431648 0.00355314 0.00364121 0 0.0399283 
0.00817298 0.00805815 0.00799814 0.00810295 0.00823551 0.00808642 0.0093005 0.00820407 0.00928777 0.00805862 0.00855338 0.00809084 0.00813087 0.00806372 0.00802894 0.00806906 0.00840179 0.008891 0.00800046 0.00809649 0.00900582 0.012795 0.00891128 0.00808281 0.00849774 0.00812619 0.0092492 0.00935466 0.00904961 0.00873629 0.0372997 0.00967849 0.00922203 0.0117876 0.00948138 0.0167276 0.00882675 0.00945543 0.0125115 0.0158423 0.0123001 0.0095709 0.0115531 0.0167829 0.00600086 0.00553344 0.00634074 0.0399283 0 
