1S68A
MFKKYSSLENHYNSKFIEKLYSLGLTGGEWVAREKIHGTNFSLIIERDKVTCAKRTGPILPAEDFFGYEIILKNYADSIKAVQDIMETSAVVSYQVFGEFAGPGIQKNVDYCDKDFYVFDIIVTTESGDVTYVDDYMMESFCNTFKFKMAPLLGRGKFEELIKLPNDLDSVVQDYNFTVDHAGLVDANKCVWNAEAKGEVFTAEGYVLKPCYPSWLRNGNRVAIKCKNSKFSE
CCCCCCCCEECCCHHHHHHHHHHCCCCCCEEEEECCCCEEEEEEEECCCEEEEECCEECCCCCCCCCCHHHHHHCHHHHHHHHHHHHHHCEEEEEEEEEEECCCCCCCCCCCCCEEEEEEEEEEECCCCEEECCHHHHHHHHHHHCCEECCEEEEECHHHHCCCCCCCECCHHHHHHHHHHHCHHHHHHCCCCCCCCCCCCECCEEEEEECCCCECCCCCECCEEEECHHHCC
0 0 0 0 0 0 0 0 0 0 0 0 0 0 0 0 0 0 0 0 0 0 0 0 0 0 0 0 0 0 0 0 0 0 0 0 0 0 0 0 0 0 0 0 0 0 0 0 0 0 0 0 0 0 0 0 0 0 0 0 0 0 0 0 0 0 0 0 0 0 0 0 0 0 0 0 0 0 0 0 0 0 0 0 0 0 0 0 0 0 0 0 0 0 0 0 0 0 0 0 0 0 0 0 0 0 0 0 0 0 0 0 0 0 0 0 0 0 0 0 0 0 0 0 0 0 0 0 0 0 0 0 0 0 0 0 0 0 0 0 0 0 0 0 0 0 0 0 0 0 0 0 0 0 0 0 0 0 0 0 0 0 0 0 0 0 0 0 0 0 0 0 0 0 0 0 0 0 0 0 0 0 0 0 0 0 0 0 0 0 0 0 0 0 0 0 0 0 0 0 0 0 0 0 0 0 0 0 0 0 0 0 0 0 0 0 0 0 0 0 0 0 0 0 0 0 0 0 0 0 0 0 0 
0 0 0 0 0 0 0 0 0 0 0 0 0 0 0 0 0 0 0 0 0 0 0 0 0 0 0 0 0 0 0 0 0 0 0 0 0 0 0 0 0 0 0 0 0 0 0 0 0 0 0 0 0 0 0 0 0 0 0 0 0 0 0 0 0 0 0 0 0 0 0 0 0 0 0 0 0 0 0 0 0 0 0 0 0 0 0 0 0 0 0 0 0 0 0 0 0 0 0 0 0 0 0 0 0 0 0 0 0 0 0 0 0 0 0 0 0 0 0 0 0 0 0 0 0 0 0 0 0 0 0 0 0 0 0 0 0 0 0 0 0 0 0 0 0 0 0 0 0 0 0 0 0 0 0 0 0 0 0 0 0 0 0 0 0 0 0 0 0 0 0 0 0 0 0 0 0 0 0 0 0 0 0 0 0 0 0 0 0 0 0 0 0 0 0 0 0 0 0 0 0 0 0 0 0 0 0 0 0 0 0 0 0 0 0 0 0 0 0 0 0 0 0 0 0 0 0 0 0 0 0 0 0 
0 0.0057089 0.0315638 0.0195894 0.0109391 0.0142434 0.0138564 0.0132171 0.0133663 0.00896901 0.0117248 0.00966293 0.0130924 0.00936493 0.0133719 0.0101573 0.0137268 0.00897239 0.00951125 0.0113826 0.00955938 0.0178965 0.0089344 0.00835788 0.00829168 0.00812706 0.00839856 0.00820277 0.00848222 0.00822886 0.00826615 0.00833144 0.00911686 0.00864808 0.00810084 0.00828784 0.0082138 0.0081409 0.00845323 0.00823541 0.00841899 0.00819991 0.00819911 0.00854602 0.00836155 0.00836014 0.00843624 0.00860954 0.00867887 0.00823464 0.00807419 0.00801183 0.00824881 0.00809414 0.00903396 0.00916117 0.00855268 0.00808108 0.00810084 0.0080614 0.00814497 0.00827197 0.0089242 0.00870753 0.00815503 0.00815979 0.00810904 0.0086962 
0.0057089 0 0.0223313 0.0117983 0.0103895 0.0178345 0.015525 0.0119194 0.00901311 0.0104641 0.00857973 0.0103756 0.00901535 0.0132323 0.00915729 0.019233 0.00857535 0.00878795 0.0103318 0.00857516 0.0263194 0.00856674 0.0118178 0.00828617 0.00823427 0.00848848 0.00830099 0.00827871 0.00825316 0.008519 0.00817479 0.00836192 0.00842127 0.00850724 0.00829942 0.00828084 0.00819902 0.0083176 0.00827992 0.00836599 0.0082808 0.00820377 0.00822344 0.00819954 0.00848454 0.00810234 0.00815474 0.00864898 0.00820557 0.00841496 0.00804651 0.00809102 0.00802963 0.00844377 0.00875894 0.00870886 0.00839861 0.00812386 0.00814275 0.00808055 0.00807913 0.00816561 0.00825676 0.00859761 0.00841509 0.00809415 0.00814436 0.00816772 
0.0315638 0.0223313 0 0.00387621 0.00357437 0.00363587 0.00416875 0.00547218 0.0106039 0.00741887 0.0461316 0.12204 0.0397604 0.0106999 0.0321344 0.0125158 0.00926999 0.0101372 0.0107073 0.0246044 0.0111888 0.0153075 0.0122473 0.00949462 0.00920645 0.00945613 0.0101252 0.00956133 0.00966707 0.00956073 0.00953989 0.00929111 0.0162825 0.00947296 0.00895136 0.00942976 0.00913554 0.00961236 0.00969085 0.0102018 0.009397 0.00888969 0.00947213 0.0117209 0.00846017 0.00836236 0.0101598 0.0084215 0.00923758 0.00882972 0.00839021 0.00838505 0.00864837 0.00940955 0.0089797 0.00904037 0.00852334 0.00828486 0.00840062 0.00846289 0.00830506 0.00883882 0.00864838 0.00875846 0.00866781 0.00831657 0.00844601 0.00913094 
0.0195894 0.0117983 0.00387621 0 0.00353343 0.00357094 0.00353996 0.00624792 0.00677116 0.0402875 0.114361 0.038045 0.0105902 0.0181861 0.00892694 0.00832249 0.0122695 0.00988483 0.0313234 0.0102134 0.0102107 0.0104913 0.0106444 0.013515 0.0148197 0.0142861 0.0178382 0.0151812 0.0148316 0.0149987 0.0134627 0.0112571 0.0098974 0.00869382 0.0121572 0.0168677 0.0157478 0.0152356 0.0203173 0.0155614 0.0188953 0.0115214 0.00984861 0.0085939 0.00830337 0.00868161 0.00852128 0.00858623 0.00860394 0.00906854 0.00910088 0.00902709 0.00901258 0.00836323 0.00827135 0.00824767 0.00836117 0.00863029 0.00891061 0.00881433 0.00859733 0.00829801 0.00805659 0.00818041 0.00839812 0.00846913 0.00855206 0.00831471 
0.0109391 0.0103895 0.00357437 0.00353343 0 0.00352372 0.00370266 0.00477158 0.0424596 0.0702152 0.0444025 0.0120459 0.0163041 0.00874367 0.00714636 0.00936678 0.00983894 0.0216671 0.010067 0.00903712 0.00892385 0.00887902 0.0102443 0.0157946 0.028734 0.0267956 0.0240765 0.0361189 0.0273937 0.0247685 0.0221226 0.0128894 0.0101651 0.00909209 0.0133712 0.0303254 0.0309675 0.0333765 0.029352 0.0412991 0.030434 0.0236972 0.00981676 0.00842955 0.00840395 0.00844754 0.00883644 0.00838688 0.00853826 0.00906913 0.00973613 0.0107957 0.00894655 0.00843917 0.00816389 0.00819684 0.00845384 0.00885433 0.00934697 0.00931124 0.00890006 0.00836582 0.00796623 0.00804285 0.00856007 0.00854207 0.00886411 0.00826409 
0.0142434 0.0178345 0.00363587 0.00357094 0.00352372 0 0.00353907 0.0207639 0.183881 0.0121047 0.0120857 0.0139515 0.0100655 0.00862132 0.00798348 0.00858079 0.0235682 0.00965951 0.012032 0.0120566 0.00985496 0.0125917 0.0104486 0.01374 0.0123994 0.0124768 0.0166899 0.0145602 0.0149245 0.014826 0.0128045 0.0159412 0.01029 0.00898924 0.011303 0.0154001 0.0143051 0.0130889 0.0168484 0.0138716 0.0170229 0.0125444 0.0105399 0.00856086 0.00844481 0.00919738 0.00876064 0.00850429 0.00879379 0.00895063 0.00913643 0.00902501 0.0085962 0.00848551 0.00840692 0.00826059 0.00853717 0.00861087 0.00908794 0.00871971 0.00863072 0.00818444 0.00813351 0.00821256 0.00859814 0.0083663 0.00841648 0.00818567 
0.0138564 0.015525 0.00416875 0.00353996 0.00370266 0.00353907 0 0.132559 0.0094546 0.00589254 0.00979234 0.00819633 0.00741959 0.00870558 0.00699674 0.0202432 0.00790177 0.00922569 0.00974216 0.00939922 0.0143018 0.010889 0.0215633 0.00934645 0.01049 0.0102869 0.0101951 0.0102889 0.0110991 0.0106116 0.00987897 0.0101577 0.0127431 0.0117347 0.0105546 0.0101739 0.00985383 0.0104374 0.0101021 0.0109507 0.0100786 0.0101914 0.00888236 0.00882853 0.0102567 0.00833691 0.0090407 0.00974778 0.00857676 0.0121021 0.0086154 0.00869739 0.00835957 0.00843543 0.0093423 0.00914114 0.00905846 0.00838089 0.00841738 0.00834068 0.0082065 0.00829245 0.00854197 0.00872463 0.00877814 0.00819002 0.00826062 0.00815934 
0.0132171 0.0119194 0.00547218 0.00624792 0.00477158 0.0207639 0.132559 0 0.00362222 0.00355585 0.00353545 0.00356299 0.00357243 0.00374362 0.010847 0.00697346 0.00653354 0.00695212 0.00770964 0.0511948 0.00827923 0.0413891 0.0103753 0.00923728 0.00904676 0.00925497 0.00926103 0.00940014 0.00926436 0.00956471 0.0090876 0.00987494 0.0153483 0.00905974 0.0091655 0.00921815 0.00939575 0.00949843 0.00907976 0.00998322 0.0094592 0.00899601 0.00915702 0.0110186 0.00829112 0.00845768 0.00992133 0.00831261 0.00996537 0.00872664 0.00828951 0.00822861 0.00855991 0.00896542 0.00890056 0.00885423 0.00845669 0.00810393 0.0081644 0.00815906 0.00811147 0.00854064 0.00849015 0.00856289 0.0085264 0.00804476 0.00817873 0.00904207 
0.0133663 0.00901311 0.0106039 0.00677116 0.0424596 0.183881 0.0094546 0.00362222 0 0.00356329 0.00358756 0.00356904 0.00363746 0.00417987 0.00375143 0.00568682 0.00836451 0.00710904 0.0152242 0.0118713 0.0206009 0.0187479 0.00967562 0.0115369 0.011994 0.010001 0.0170103 0.0107211 0.0163756 0.0105525 0.0141115 0.0103422 0.0107487 0.00860178 0.00946874 0.0143336 0.0111113 0.011577 0.0176578 0.0126313 0.0175341 0.0102981 0.00934877 0.00838455 0.00825747 0.00853929 0.00831344 0.00837342 0.00843216 0.00849642 0.00877281 0.00894053 0.00884081 0.00812882 0.00824061 0.00832742 0.00814535 0.00848173 0.00859491 0.00856273 0.00857459 0.00832705 0.00805331 0.00821605 0.00821629 0.00835647 0.0083616 0.00835039 
0.00896901 0.0104641 0.00741887 0.0402875 0.0702152 0.0121047 0.00589254 0.00355585 0.00356329 0 0.00353446 0.00353433 0.00355675 0.00356963 0.00360257 0.00608771 0.00585753 0.00866448 0.00747934 0.225541 0.0134076 0.00996052 0.0117997 0.0120363 0.0137067 0.0336637 0.0139068 0.0539336 0.0137013 0.0511249 0.0133108 0.0177414 0.00961975 0.00908248 0.0173658 0.0210036 0.0292113 0.0362175 0.0290731 0.0643916 0.0203882 0.0249928 0.0096323 0.00861242 0.00847671 0.00834634 0.00928581 0.00841703 0.00914445 0.00901628 0.00954282 0.0139011 0.00859674 0.00900382 0.00833733 0.00822698 0.00845041 0.00880814 0.00928567 0.00949972 0.00872552 0.00833161 0.00802954 0.00812006 0.00846472 0.00848632 0.00866463 0.00846901 
0.0117248 0.00857973 0.0461316 0.114361 0.0444025 0.0120857 0.00979234 0.00353545 0.00358756 0.00353446 0 0.0035273 0.00357236 0.00355497 0.0036872 0.00437225 0.0108854 0.0066601 0.318583 0.209207 0.00703189 0.0102754 0.0104134 0.0163547 0.0340599 0.0135809 0.0829279 0.0189306 0.0711377 0.0178368 0.039658 0.0109597 0.0111741 0.00981647 0.0115948 0.0474821 0.0292747 0.0301546 0.0929846 0.0225469 0.0798191 0.0188113 0.0109265 0.00879471 0.00838173 0.00911784 0.00867309 0.00852863 0.00867549 0.00947302 0.0110144 0.0105316 0.0108987 0.00836997 0.00823895 0.00820672 0.00853485 0.00901452 0.0100659 0.00927087 0.00906031 0.0083166 0.00799656 0.00814808 0.00866468 0.0086811 0.00862284 0.00866788 
0.00966293 0.0103756 0.12204 0.038045 0.0120459 0.0139515 0.00819633 0.00356299 0.00356904 0.00353433 0.0035273 0 0.00354793 0.00354504 0.00354595 0.00563303 0.00523795 0.459299 0.182482 0.0554374 0.0082987 0.0079094 0.0143004 0.0205973 0.0207906 0.081633 0.0198631 0.103517 0.0228492 0.0630988 0.0156832 0.0202424 0.00966119 0.00949704 0.0283716 0.0351671 0.0573279 0.0798464 0.0322911 0.120036 0.0346864 0.0370492 0.0114488 0.00893503 0.00881899 0.00889424 0.00947231 0.00872231 0.00930748 0.0106504 0.0115105 0.0188608 0.00926431 0.00915885 0.00855253 0.00838528 0.00896917 0.00958443 0.0107912 0.0111598 0.00953339 0.00872024 0.00814649 0.00823823 0.00894761 0.00881184 0.00958019 0.0085075 
0.0130924 0.00901535 0.0397604 0.0105902 0.0163041 0.0100655 0.00741959 0.00357243 0.00363746 0.00355675 0.00357236 0.00354793 0 0.00353364 0.00359111 0.00505091 0.545703 0.106652 0.0738894 0.00910054 0.00659133 0.00890237 0.0112582 0.0181163 0.0456848 0.0137623 0.0874171 0.024066 0.0446736 0.0174625 0.0359735 0.0114586 0.0120686 0.0105377 0.0127269 0.050247 0.0355677 0.0250063 0.0855115 0.0253622 0.0637441 0.0196742 0.0114971 0.00913184 0.00863647 0.00927661 0.00895627 0.00881249 0.00883056 0.00963754 0.0110928 0.0111913 0.00979983 0.00850028 0.00837173 0.008333 0.00858408 0.0090065 0.0100286 0.00991133 0.0092578 0.00849419 0.00807662 0.00824233 0.00869719 0.00878037 0.00881421 0.00843537 
0.00936493 0.0132323 0.0106999 0.0181861 0.00874367 0.00862132 0.00870558 0.00374362 0.00417987 0.00356963 0.00355497 0.00354504 0.00353364 0 0.00363296 0.36231 0.118182 0.0665031 0.00811281 0.00522596 0.00967595 0.00882137 0.0134376 0.015552 0.0107881 0.0212125 0.0119971 0.0163655 0.0108561 0.0172284 0.010041 0.0225955 0.00915539 0.00937316 0.015201 0.0120253 0.0145358 0.0174555 0.0112075 0.0193468 0.0112442 0.0121434 0.00961221 0.00856054 0.0090877 0.00868161 0.0091401 0.00880798 0.00901749 0.00952356 0.00883508 0.0094133 0.00836054 0.00907857 0.00848512 0.00844143 0.00833323 0.00868964 0.00885169 0.00875681 0.00857 0.00832815 0.00811853 0.00834843 0.00838436 0.00846026 0.00844815 0.00809521 
0.0133719 0.00915729 0.0321344 0.00892694 0.00714636 0.00798348 0.00699674 0.010847 0.00375143 0.00360257 0.0036872 0.00354595 0.00359111 0.00363296 0 0.390455 0.0137914 0.00383197 0.00433121 0.00554508 0.0071824 0.00797574 0.0172187 0.00931625 0.0100611 0.00925104 0.0102291 0.00892559 0.00987756 0.00922691 0.00990437 0.00905445 0.0131759 0.0126613 0.00961529 0.00997343 0.0094403 0.00922939 0.0118597 0.00904623 0.0101834 0.00904997 0.00861203 0.00868569 0.0109899 0.0086634 0.00869341 0.00994445 0.00845406 0.0107807 0.0086662 0.0082547 0.0083957 0.00824316 0.00971894 0.00916423 0.00885147 0.00829397 0.0083791 0.0082504 0.00813123 0.00824016 0.00878988 0.00884676 0.00864737 0.00813322 0.00813354 0.00828265 
0.0101573 0.019233 0.0125158 0.00832249 0.00936678 0.00858079 0.0202432 0.00697346 0.00568682 0.00608771 0.00437225 0.00563303 0.00505091 0.36231 0.390455 0 0.00355414 0.00357698 0.00366127 0.00468277 0.00556698 0.00615835 0.0358614 0.00962439 0.0091143 0.0111972 0.00897928 0.00983852 0.00923263 0.0101546 0.00881936 0.00964713 0.0144811 0.00940065 0.00985374 0.00901805 0.00906809 0.010049 0.00924132 0.0115998 0.00902887 0.00917713 0.00928235 0.0121944 0.0100421 0.00855226 0.0117359 0.00858094 0.0100224 0.00966167 0.00852121 0.00877219 0.0085838 0.011923 0.00963362 0.0101121 0.0088319 0.00829383 0.00835108 0.00843817 0.00826925 0.00882369 0.00913258 0.00967086 0.0088784 0.00813303 0.00860796 0.00884194 
0.0137268 0.00857535 0.00926999 0.0122695 0.00983894 0.0235682 0.00790177 0.00653354 0.00836451 0.00585753 0.0108854 0.00523795 0.545703 0.118182 0.0137914 0.00355414 0 0.00352328 0.00361091 0.00360768 0.00390036 0.0118986 0.0103175 0.0204688 0.0124498 0.00923024 0.0186402 0.00967719 0.0128386 0.00933547 0.0121996 0.0091913 0.00961096 0.00908442 0.0094525 0.0133701 0.0109507 0.0102411 0.0197547 0.00960031 0.0153256 0.00938555 0.00923615 0.00856776 0.00824962 0.00975338 0.00829756 0.00890917 0.00826256 0.0086285 0.00883038 0.00835208 0.00955533 0.00818973 0.00839182 0.00840174 0.00824686 0.00843565 0.00869555 0.00853746 0.00837812 0.00817225 0.00845205 0.00826719 0.00825976 0.00835446 0.0083212 0.00835099 
0.00897239 0.00878795 0.0101372 0.00988483 0.0216671 0.00965951 0.00922569 0.00695212 0.00710904 0.00866448 0.0066601 0.459299 0.106652 0.0665031 0.00383197 0.00357698 0.00352328 0 0.00352745 0.00356829 0.00403948 0.00468368 0.0387757 0.0109374 0.0138795 0.0164273 0.011738 0.0192398 0.0113997 0.0155226 0.011285 0.0101765 0.00921499 0.00903906 0.0109894 0.0141993 0.0140466 0.0185065 0.0124201 0.0219631 0.0128512 0.0138798 0.00906605 0.00852663 0.00862227 0.00828572 0.00876345 0.00818724 0.00842331 0.00889721 0.00866498 0.0107309 0.00837947 0.00848496 0.00820948 0.0081926 0.00834339 0.00851912 0.00886927 0.00876639 0.00857158 0.00827289 0.00805842 0.00810265 0.00851185 0.00834829 0.00869686 0.00827802 
0.00951125 0.0103318 0.0107073 0.0313234 0.010067 0.012032 0.00974216 0.00770964 0.0152242 0.00747934 0.318583 0.182482 0.0738894 0.00811281 0.00433121 0.00366127 0.00361091 0.00352745 0 0.00366095 0.00441707 0.699066 0.0128635 0.0128302 0.0116164 0.0111097 0.0115896 0.0113527 0.0115005 0.0110119 0.0105968 0.0120184 0.00986136 0.00933748 0.0137843 0.0115683 0.0132597 0.0115018 0.0118401 0.0115408 0.0125339 0.00987765 0.010312 0.00865333 0.00887872 0.00950203 0.00892661 0.00861901 0.00915571 0.00892651 0.00905499 0.00861812 0.00887851 0.00865985 0.00850521 0.00856375 0.00829187 0.00855776 0.00876894 0.00853142 0.00842626 0.00835018 0.00809736 0.00829501 0.00825898 0.00827953 0.00832004 0.00823624 
0.0113826 0.00857516 0.0246044 0.0102134 0.00903712 0.0120566 0.00939922 0.0511948 0.0118713 0.225541 0.209207 0.0554374 0.00910054 0.00522596 0.00554508 0.00468277 0.00360768 0.00356829 0.00366095 0 0.921591 0.00415125 0.017246 0.00941524 0.00995803 0.0106194 0.0102806 0.00926845 0.00968704 0.0102225 0.00978665 0.00922326 0.0124998 0.0134165 0.00982839 0.0104374 0.00959778 0.00893357 0.00979541 0.00919848 0.00957665 0.00918707 0.00863894 0.00971342 0.0115221 0.00862379 0.00869515 0.00993054 0.00848429 0.0118383 0.00858694 0.00851557 0.00831548 0.00838932 0.00985923 0.00930803 0.00938783 0.00853078 0.00832445 0.00823106 0.00816574 0.00835693 0.00886677 0.00906396 0.00903918 0.00820025 0.00820944 0.00848139 
0.00955938 0.0263194 0.0111888 0.0102107 0.00892385 0.00985496 0.0143018 0.00827923 0.0206009 0.0134076 0.00703189 0.0082987 0.00659133 0.00967595 0.0071824 0.00556698 0.00390036 0.00403948 0.00441707 0.921591 0 0.0120691 0.0189187 0.0120762 0.0093768 0.0100873 0.00889247 0.00984203 0.00893411 0.00939373 0.00878619 0.00987284 0.0133697 0.00891161 0.0103413 0.00874019 0.00874499 0.00916771 0.00853526 0.00960327 0.00864372 0.00869239 0.00906815 0.010113 0.00918309 0.00858496 0.0104362 0.00849845 0.0101442 0.00880805 0.00834341 0.00835905 0.00820923 0.0111719 0.00919876 0.00972466 0.00832894 0.0082249 0.00814269 0.00821711 0.00806109 0.00850051 0.00889424 0.00918731 0.00835947 0.00808008 0.00818296 0.00841542 
0.0178965 0.00856674 0.0153075 0.0104913 0.00887902 0.0125917 0.010889 0.0413891 0.0187479 0.00996052 0.0102754 0.0079094 0.00890237 0.00882137 0.00797574 0.00615835 0.0118986 0.00468368 0.699066 0.00415125 0.0120691 0 0.0131981 0.0120277 0.0101153 0.0108693 0.0158384 0.00983473 0.0109932 0.0093582 0.00970046 0.0104317 0.0153825 0.0123124 0.00951449 0.00906174 0.00876617 0.0087791 0.00948642 0.00877139 0.00908866 0.00872769 0.00883599 0.00899232 0.00975712 0.00920626 0.00851012 0.0108049 0.00844512 0.00982336 0.00849473 0.00816997 0.00865336 0.0081764 0.0102568 0.00947683 0.00879256 0.00824738 0.00816689 0.00814386 0.00815123 0.00824798 0.00907515 0.00898723 0.00858417 0.00814307 0.00808388 0.00850856 
0.0089344 0.0118178 0.0122473 0.0106444 0.0102443 0.0104486 0.0215633 0.0103753 0.00967562 0.0117997 0.0104134 0.0143004 0.0112582 0.0134376 0.0172187 0.0358614 0.0103175 0.0387757 0.0128635 0.017246 0.0189187 0.0131981 0 0.00393125 0.00355254 0.0036825 0.00370002 0.00372094 0.00379194 0.00435599 0.00545125 0.00677404 0.0149185 0.0187829 0.0117149 0.0109927 0.0120363 0.0125451 0.0111327 0.0136198 0.0122336 0.0127537 0.0131845 0.138637 0.0134663 0.0100567 0.0249948 0.00987836 0.0152876 0.0129484 0.00972146 0.0100671 0.00991617 0.0278817 0.0119068 0.0113339 0.00922496 0.00874009 0.00877106 0.00898613 0.00922772 0.0108958 0.0104254 0.0101126 0.00927794 0.00837286 0.00894978 0.01042 
0.00835788 0.00828617 0.00949462 0.013515 0.0157946 0.01374 0.00934645 0.00923728 0.0115369 0.0120363 0.0163547 0.0205973 0.0181163 0.015552 0.00931625 0.00962439 0.0204688 0.0109374 0.0128302 0.00941524 0.0120762 0.0120277 0.00393125 0 0.00353144 0.00355164 0.00363855 0.00381563 0.00374152 0.003972 0.00470711 0.00708346 0.00750314 0.00956945 0.0217376 0.0157638 0.0180436 0.0142544 0.018891 0.0176927 0.0193032 0.0152166 0.106114 0.0130749 0.00914088 0.0133505 0.00921861 0.00979351 0.0091216 0.0106558 0.0124715 0.0102327 0.0125053 0.00857114 0.00875229 0.00824535 0.00859501 0.00967671 0.0105996 0.00998445 0.00912687 0.00846815 0.00815518 0.00809742 0.00855586 0.00862061 0.00876243 0.00830338 
0.00829168 0.00823427 0.00920645 0.0148197 0.028734 0.0123994 0.01049 0.00904676 0.011994 0.0137067 0.0340599 0.0207906 0.0456848 0.0107881 0.0100611 0.0091143 0.0124498 0.0138795 0.0116164 0.00995803 0.0093768 0.0101153 0.00355254 0.00353144 0 0.00352091 0.00354325 0.00356357 0.00361576 0.00567313 0.00502092 0.00424601 0.0046591 0.00968409 0.0116064 0.0294609 0.0137287 0.0162944 0.0291503 0.0168571 0.0306247 0.0913238 0.0879346 0.0092991 0.00910537 0.00958908 0.00969255 0.00938947 0.00916443 0.0104746 0.0123837 0.0204346 0.0100677 0.00877876 0.00866403 0.00816557 0.00859925 0.0096427 0.0116157 0.0120609 0.00967405 0.00852675 0.00817228 0.00805228 0.00858392 0.00875184 0.00871232 0.00853322 
0.00812706 0.00848848 0.00945613 0.0142861 0.0267956 0.0124768 0.0102869 0.00925497 0.010001 0.0336637 0.0135809 0.081633 0.0137623 0.0212125 0.00925104 0.0111972 0.00923024 0.0164273 0.0111097 0.0106194 0.0100873 0.0108693 0.0036825 0.00355164 0.00352091 0 0.00353685 0.00354664 0.00356488 0.0036552 0.00364466 0.00377068 0.00401962 0.0103617 0.0187253 0.012173 0.0280968 0.0200883 0.0145941 0.0391923 0.0891559 0.159438 0.0112684 0.00970547 0.00972081 0.00901516 0.010384 0.00907474 0.00948106 0.0109429 0.0133927 0.0226641 0.00962283 0.0103055 0.00866726 0.00817517 0.00882698 0.00979663 0.0127489 0.0128748 0.00963361 0.00899819 0.00811909 0.00814601 0.00890291 0.00880737 0.0091511 0.00885504 
0.00839856 0.00830099 0.0101252 0.0178382 0.0240765 0.0166899 0.0101951 0.00926103 0.0170103 0.0139068 0.0829279 0.0198631 0.0874171 0.0119971 0.0102291 0.00897928 0.0186402 0.011738 0.0115896 0.0102806 0.00889247 0.0158384 0.00370002 0.00363855 0.00354325 0.00353685 0 0.00353205 0.00353739 0.00353975 0.00368842 0.00360531 0.00364873 0.0110544 0.0109955 0.0271018 0.0201824 0.0158472 0.0625907 0.0898427 0.205546 0.0196766 0.0169101 0.00957049 0.00908152 0.0111787 0.0095833 0.00992887 0.0100628 0.013623 0.0178795 0.0144543 0.0162543 0.00888762 0.00870019 0.00822386 0.00892021 0.0117411 0.0153344 0.0141621 0.0103416 0.00872904 0.00812559 0.00809562 0.00896887 0.00935348 0.00880292 0.00880402 
0.00820277 0.00827871 0.00956133 0.0151812 0.0361189 0.0145602 0.0102889 0.00940014 0.0107211 0.0539336 0.0189306 0.103517 0.024066 0.0163655 0.00892559 0.00983852 0.00967719 0.0192398 0.0113527 0.00926845 0.00984203 0.00983473 0.00372094 0.00381563 0.00356357 0.00354664 0.00353205 0 0.00352577 0.00353974 0.00355144 0.00361704 0.00367217 0.00940989 0.0149138 0.0194543 0.0273471 0.0386349 0.129627 0.20945 0.0200872 0.0299207 0.0133671 0.00982789 0.00925259 0.00937486 0.0101268 0.00959827 0.00952179 0.0116405 0.0139609 0.0292175 0.0103719 0.00972012 0.00860653 0.00825862 0.00923042 0.0111566 0.017914 0.0165971 0.0114933 0.00887894 0.00802304 0.00810013 0.00933596 0.00941539 0.00998732 0.00858575 
0.00848222 0.00825316 0.00966707 0.0148316 0.0273937 0.0149245 0.0110991 0.00926436 0.0163756 0.0137013 0.0711377 0.0228492 0.0446736 0.0108561 0.00987756 0.00923263 0.0128386 0.0113997 0.0115005 0.00968704 0.00893411 0.0109932 0.00379194 0.00374152 0.00361576 0.00356488 0.00353739 0.00352577 0 0.00352482 0.00353909 0.00358444 0.00356732 0.00962495 0.0116105 0.0204193 0.0314483 0.166317 0.143272 0.0157543 0.0364659 0.0154005 0.0159588 0.0094312 0.00929901 0.00961797 0.01034 0.00999781 0.00973852 0.0124237 0.017004 0.0162799 0.012326 0.00920595 0.0093045 0.00848547 0.00905261 0.0109169 0.0142982 0.0155979 0.0107035 0.00900811 0.00827535 0.00821224 0.00888517 0.00946432 0.00900108 0.00869075 
0.00822886 0.008519 0.00956073 0.0149987 0.0247685 0.014826 0.0106116 0.00956471 0.0105525 0.0511249 0.0178368 0.0630988 0.0174625 0.0172284 0.00922691 0.0101546 0.00933547 0.0155226 0.0110119 0.0102225 0.00939373 0.0093582 0.00435599 0.003972 0.00567313 0.0036552 0.00353975 0.00353974 0.00352482 0 0.00354445 0.0035613 0.00358857 0.00881 0.023437 0.0211846 0.553639 0.0603716 0.014267 0.0284825 0.017704 0.0285557 0.0110773 0.0109052 0.00969951 0.00957096 0.0111477 0.00932931 0.00999887 0.0116759 0.0142506 0.0239019 0.0104948 0.0101987 0.00902039 0.0083865 0.0092786 0.0116153 0.0160806 0.0174806 0.0109276 0.0092027 0.00809335 0.00820963 0.00939222 0.00903942 0.00957331 0.00869086 
0.00826615 0.00817479 0.00953989 0.0134627 0.0221226 0.0128045 0.00987897 0.0090876 0.0141115 0.0133108 0.039658 0.0156832 0.0359735 0.010041 0.00990437 0.00881936 0.0121996 0.011285 0.0105968 0.00978665 0.00878619 0.00970046 0.00545125 0.00470711 0.00502092 0.00364466 0.00368842 0.00355144 0.00353909 0.00354445 0 0.00370237 0.00355199 0.0127014 0.014462 0.729533 0.0361865 0.0155259 0.0255116 0.0149474 0.0297486 0.016461 0.0132786 0.00922405 0.00922877 0.00962447 0.00960494 0.00955323 0.00920653 0.0113295 0.0148357 0.0152841 0.0128926 0.00883241 0.00864234 0.00812923 0.00882189 0.0103982 0.0144447 0.012968 0.0100302 0.00880695 0.0081074 0.00799641 0.00900001 0.0094638 0.00894203 0.00871353 
0.00833144 0.00836192 0.00929111 0.0112571 0.0128894 0.0159412 0.0101577 0.00987494 0.0103422 0.0177414 0.0109597 0.0202424 0.0114586 0.0225955 0.00905445 0.00964713 0.0091913 0.0101765 0.0120184 0.00922326 0.00987284 0.0104317 0.00677404 0.00708346 0.00424601 0.00377068 0.00360531 0.00361704 0.00358444 0.0035613 0.00370237 0 0.00357351 0.0111315 0.729079 0.0278881 0.0276034 0.0154547 0.0123696 0.0175655 0.0135345 0.0197583 0.013577 0.0106006 0.00947893 0.0121485 0.0110749 0.0104243 0.0110088 0.0113579 0.0128167 0.0124957 0.0102853 0.00956616 0.00964054 0.00868883 0.00898115 0.00975379 0.00993075 0.0102932 0.0095471 0.00861198 0.00817625 0.00845624 0.0088569 0.00869662 0.00870169 0.00830677 
0.00911686 0.00842127 0.0162825 0.0098974 0.0101651 0.01029 0.0127431 0.0153483 0.0107487 0.00961975 0.0111741 0.00966119 0.0120686 0.00915539 0.0131759 0.0144811 0.00961096 0.00921499 0.00986136 0.0124998 0.0133697 0.0153825 0.0149185 0.00750314 0.0046591 0.00401962 0.00364873 0.00367217 0.00356732 0.00358857 0.00355199 0.00357351 0 0.74221 0.0142401 0.0459508 0.0109339 0.0233249 0.0160845 0.0113324 0.0132254 0.0115356 0.0135852 0.0188946 0.0168304 0.0103062 0.0212025 0.0166782 0.0130139 0.0225715 0.0109356 0.00952756 0.00964324 0.0106175 0.0148658 0.0118237 0.0132168 0.00958016 0.00919141 0.00903148 0.00880932 0.0100007 0.00986388 0.0102899 0.0113398 0.0087805 0.00852321 0.00852043 
0.00864808 0.00850724 0.00947296 0.00869382 0.00909209 0.00898924 0.0117347 0.00905974 0.00860178 0.00908248 0.00981647 0.00949704 0.0105377 0.00937316 0.0126613 0.00940065 0.00908442 0.00903906 0.00933748 0.0134165 0.00891161 0.0123124 0.0187829 0.00956945 0.00968409 0.0103617 0.0110544 0.00940989 0.00962495 0.00881 0.0127014 0.0111315 0.74221 0 0.00381336 0.00355824 0.00356568 0.00357616 0.00360267 0.00369416 0.00420429 0.00478634 0.00681133 0.00895821 0.00759634 0.00831309 0.0140389 0.013244 0.0164221 0.0174478 0.0105572 0.00956593 0.0112172 0.0145357 0.0136704 0.0113886 0.00968267 0.00871241 0.00901517 0.00903995 0.00897068 0.011518 0.0096498 0.00968265 0.00921564 0.00866213 0.00857266 0.0104478 
0.00810084 0.00829942 0.00895136 0.0121572 0.0133712 0.011303 0.0105546 0.0091655 0.00946874 0.0173658 0.0115948 0.0283716 0.0127269 0.015201 0.00961529 0.00985374 0.0094525 0.0109894 0.0137843 0.00982839 0.0103413 0.00951449 0.0117149 0.0217376 0.0116064 0.0187253 0.0109955 0.0149138 0.0116105 0.023437 0.014462 0.729079 0.0142401 0.00381336 0 0.00359452 0.00352831 0.00354713 0.00358689 0.00380029 0.0037864 0.00523461 0.00625374 0.00684386 0.0074003 0.0103856 0.0107453 0.0125832 0.0149949 0.0179629 0.01833 0.0180811 0.0118777 0.0125083 0.0107178 0.0091917 0.00989553 0.0135773 0.0135289 0.0134912 0.0108756 0.0100464 0.00833656 0.00841815 0.00977368 0.00912952 0.0103379 0.00890158 
0.00828784 0.00828084 0.00942976 0.0168677 0.0303254 0.0154001 0.0101739 0.00921815 0.0143336 0.0210036 0.0474821 0.0351671 0.050247 0.0120253 0.00997343 0.00901805 0.0133701 0.0141993 0.0115683 0.0104374 0.00874019 0.00906174 0.0109927 0.0157638 0.0294609 0.012173 0.0271018 0.0194543 0.0204193 0.0211846 0.729533 0.0278881 0.0459508 0.00355824 0.00359452 0 0.00352783 0.0035371 0.00360778 0.00370865 0.00383282 0.00404895 0.00520114 0.0054415 0.0121708 0.00864685 0.00952403 0.0128534 0.0117294 0.0164244 0.0255485 0.0280836 0.018175 0.00977711 0.0100731 0.00876369 0.0105847 0.0176314 0.0305505 0.033997 0.0154155 0.0099696 0.00833335 0.00830773 0.0106049 0.0129052 0.0100338 0.00920407 
0.0082138 0.00819902 0.00913554 0.0157478 0.0309675 0.0143051 0.00985383 0.00939575 0.0111113 0.0292113 0.0292747 0.0573279 0.0355677 0.0145358 0.0094403 0.00906809 0.0109507 0.0140466 0.0132597 0.00959778 0.00874499 0.00876617 0.0120363 0.0180436 0.0137287 0.0280968 0.0201824 0.0273471 0.0314483 0.553639 0.0361865 0.0276034 0.0109339 0.00356568 0.00352831 0.00352783 0 0.00358197 0.00353047 0.00359403 0.00369492 0.0041433 0.00376031 0.00417409 0.0075477 0.00808459 0.00975379 0.0110473 0.0110593 0.0137623 0.02411 0.0290681 0.0125703 0.010139 0.00950408 0.00869639 0.0106227 0.0160478 0.0336671 0.0335778 0.014 0.00987479 0.00824687 0.00821776 0.0105188 0.0105075 0.0110581 0.00886322 
0.0081409 0.0083176 0.00961236 0.0152356 0.0333765 0.0130889 0.0104374 0.00949843 0.011577 0.0362175 0.0301546 0.0798464 0.0250063 0.0174555 0.00922939 0.010049 0.0102411 0.0185065 0.0115018 0.00893357 0.00916771 0.0087791 0.0125451 0.0142544 0.0162944 0.0200883 0.0158472 0.0386349 0.166317 0.0603716 0.0155259 0.0154547 0.0233249 0.00357616 0.00354713 0.0035371 0.00358197 0 0.00352341 0.0035385 0.00362143 0.00359443 0.00378448 0.00362306 0.00769627 0.00745909 0.0104262 0.0115714 0.0109075 0.0182065 0.0187173 0.0381078 0.011193 0.0123469 0.0100541 0.0089444 0.0113046 0.0190897 0.0363297 0.0370905 0.0163676 0.010295 0.00825404 0.00852898 0.0107129 0.0110529 0.0121029 0.00876072 
0.00845323 0.00827992 0.00969085 0.0203173 0.029352 0.0168484 0.0101021 0.00907976 0.0176578 0.0290731 0.0929846 0.0322911 0.0855115 0.0112075 0.0118597 0.00924132 0.0197547 0.0124201 0.0118401 0.00979541 0.00853526 0.00948642 0.0111327 0.018891 0.0291503 0.0145941 0.0625907 0.129627 0.143272 0.014267 0.0255116 0.0123696 0.0160845 0.00360267 0.00358689 0.00360778 0.00353047 0.00352341 0 0.00352522 0.00352708 0.00357847 0.00358976 0.00361733 0.00662661 0.00866457 0.00813707 0.0134076 0.0154477 0.0145971 0.037026 0.0190639 0.0253079 0.00921834 0.0100347 0.00893318 0.0112482 0.0229138 0.0395277 0.0405939 0.0192961 0.0101776 0.00852162 0.00839128 0.0103988 0.0154514 0.0105169 0.00907152 
0.00823541 0.00836599 0.0102018 0.0155614 0.0412991 0.0138716 0.0109507 0.00998322 0.0126313 0.0643916 0.0225469 0.120036 0.0253622 0.0193468 0.00904623 0.0115998 0.00960031 0.0219631 0.0115408 0.00919848 0.00960327 0.00877139 0.0136198 0.0176927 0.0168571 0.0391923 0.0898427 0.20945 0.0157543 0.0284825 0.0149474 0.0175655 0.0113324 0.00369416 0.00380029 0.00370865 0.00359403 0.0035385 0.00352522 0 0.00360094 0.00354979 0.00358335 0.00359556 0.00751373 0.00711279 0.0172103 0.0164337 0.0120801 0.0196692 0.0204475 0.0620728 0.0105118 0.0128275 0.0107009 0.00918852 0.0131831 0.022901 0.0467689 0.0514506 0.0177568 0.0106137 0.0082908 0.00850263 0.012906 0.0120711 0.0152479 0.00898666 
0.00841899 0.0082808 0.009397 0.0188953 0.030434 0.0170229 0.0100786 0.0094592 0.0175341 0.0203882 0.0798191 0.0346864 0.0637441 0.0112442 0.0101834 0.00902887 0.0153256 0.0128512 0.0125339 0.00957665 0.00864372 0.00908866 0.0122336 0.0193032 0.0306247 0.0891559 0.205546 0.0200872 0.0364659 0.017704 0.0297486 0.0135345 0.0132254 0.00420429 0.0037864 0.00383282 0.00369492 0.00362143 0.00352708 0.00360094 0 0.00354429 0.00357459 0.00358498 0.00595729 0.0103176 0.416006 0.0166293 0.0123958 0.0170353 0.0356015 0.0213388 0.0265863 0.00971847 0.010854 0.00927487 0.0123001 0.0227681 0.0457048 0.0515327 0.0197636 0.0104815 0.00879583 0.00853373 0.0111322 0.0147281 0.0108101 0.00929824 
0.00819991 0.00820377 0.00888969 0.0115214 0.0236972 0.0125444 0.0101914 0.00899601 0.0102981 0.0249928 0.0188113 0.0370492 0.0196742 0.0121434 0.00904997 0.00917713 0.00938555 0.0138798 0.00987765 0.00918707 0.00869239 0.00872769 0.0127537 0.0152166 0.0913238 0.159438 0.0196766 0.0299207 0.0154005 0.0285557 0.016461 0.0197583 0.0115356 0.00478634 0.00523461 0.00404895 0.0041433 0.00359443 0.00357847 0.00354979 0.00354429 0 0.00356896 0.00355514 0.00950422 0.374082 0.0757555 0.0106418 0.00993234 0.0165347 0.0160794 0.0361627 0.0116869 0.0102601 0.0100703 0.00915819 0.0101392 0.0152611 0.0307263 0.0267381 0.0130024 0.00997155 0.00846893 0.00839017 0.0100051 0.0102732 0.0103628 0.00881533 
0.00819911 0.00822344 0.00947213 0.00984861 0.00981676 0.0105399 0.00888236 0.00915702 0.00934877 0.0096323 0.0109265 0.0114488 0.0114971 0.00961221 0.00861203 0.00928235 0.00923615 0.00906605 0.010312 0.00863894 0.00906815 0.00883599 0.0131845 0.106114 0.0879346 0.0112684 0.0169101 0.0133671 0.0159588 0.0110773 0.0132786 0.013577 0.0135852 0.00681133 0.00625374 0.00520114 0.00376031 0.00378448 0.00358976 0.00358335 0.00357459 0.00356896 0 0.00359546 0.438731 0.0631961 0.0124454 0.0125895 0.0141047 0.0135646 0.0248142 0.0109962 0.0152098 0.00959611 0.0118137 0.0100582 0.0105663 0.0109396 0.0112287 0.0109392 0.0108947 0.00907367 0.00868094 0.00898748 0.00983016 0.00915264 0.00909817 0.00843826 
0.00854602 0.00819954 0.0117209 0.0085939 0.00842955 0.00856086 0.00882853 0.0110186 0.00838455 0.00861242 0.00879471 0.00893503 0.00913184 0.00856054 0.00868569 0.0121944 0.00856776 0.00852663 0.00865333 0.00971342 0.010113 0.00899232 0.138637 0.0130749 0.0092991 0.00970547 0.00957049 0.00982789 0.0094312 0.0109052 0.00922405 0.0106006 0.0188946 0.00895821 0.00684386 0.0054415 0.00417409 0.00362306 0.00361733 0.00359556 0.00358498 0.00355514 0.00359546 0 0.132652 0.00586353 0.00617999 0.0161719 0.0125909 0.0234534 0.0114407 0.00965968 0.00912503 0.0124596 0.015778 0.0136394 0.0154277 0.010147 0.00974514 0.00914102 0.00868132 0.00976524 0.0105936 0.0106116 0.011873 0.00883931 0.00850949 0.00883808 
0.00836155 0.00848454 0.00846017 0.00830337 0.00840395 0.00844481 0.0102567 0.00829112 0.00825747 0.00847671 0.00838173 0.00881899 0.00863647 0.0090877 0.0109899 0.0100421 0.00824962 0.00862227 0.00887872 0.0115221 0.00918309 0.00975712 0.0134663 0.00914088 0.00910537 0.00972081 0.00908152 0.00925259 0.00929901 0.00969951 0.00922877 0.00947893 0.0168304 0.00759634 0.0074003 0.0121708 0.0075477 0.00769627 0.00662661 0.00751373 0.00595729 0.00950422 0.438731 0.132652 0 0.00372081 0.00382271 0.0175485 0.0249812 0.0166442 0.00973282 0.0117231 0.0101031 0.029932 0.0144457 0.0127152 0.0101015 0.00906588 0.00918854 0.00931872 0.00928311 0.0140349 0.00997143 0.0106144 0.00970944 0.00864538 0.00918835 0.0109249 
0.00836014 0.00810234 0.00836236 0.00868161 0.00844754 0.00919738 0.00833691 0.00845768 0.00853929 0.00834634 0.00911784 0.00889424 0.00927661 0.00868161 0.0086634 0.00855226 0.00975338 0.00828572 0.00950203 0.00862379 0.00858496 0.00920626 0.0100567 0.0133505 0.00958908 0.00901516 0.0111787 0.00937486 0.00961797 0.00957096 0.00962447 0.0121485 0.0103062 0.00831309 0.0103856 0.00864685 0.00808459 0.00745909 0.00866457 0.00711279 0.0103176 0.374082 0.0631961 0.00586353 0.00372081 0 0.00357194 0.0346858 0.0206308 0.0125788 0.0243409 0.00937741 0.0547864 0.00863245 0.01215 0.00964213 0.00928614 0.0101168 0.00921725 0.00908048 0.0104135 0.00878429 0.00898745 0.0085122 0.00872803 0.00908444 0.00874162 0.00862019 
0.00843624 0.00815474 0.0101598 0.00852128 0.00883644 0.00876064 0.0090407 0.00992133 0.00831344 0.00928581 0.00867309 0.00947231 0.00895627 0.0091401 0.00869341 0.0117359 0.00829756 0.00876345 0.00892661 0.00869515 0.0104362 0.00851012 0.0249948 0.00921861 0.00969255 0.010384 0.0095833 0.0101268 0.01034 0.0111477 0.00960494 0.0110749 0.0212025 0.0140389 0.0107453 0.00952403 0.00975379 0.0104262 0.00813707 0.0172103 0.416006 0.0757555 0.0124454 0.00617999 0.00382271 0.00357194 0 0.0322447 0.0354539 0.0344384 0.0136508 0.0206707 0.0115734 0.02802 0.0181122 0.0167858 0.0163738 0.0102253 0.00946387 0.00964532 0.00945443 0.0105589 0.0102222 0.0107955 0.0132312 0.00878806 0.00925508 0.00908285 
0.00860954 0.00864898 0.0084215 0.00858623 0.00838688 0.00850429 0.00974778 0.00831261 0.00837342 0.00841703 0.00852863 0.00872231 0.00881249 0.00880798 0.00994445 0.00858094 0.00890917 0.00818724 0.00861901 0.00993054 0.00849845 0.0108049 0.00987836 0.00979351 0.00938947 0.00907474 0.00992887 0.00959827 0.00999781 0.00932931 0.00955323 0.0104243 0.0166782 0.013244 0.0125832 0.0128534 0.0110473 0.0115714 0.0134076 0.0164337 0.0166293 0.0106418 0.0125895 0.0161719 0.0175485 0.0346858 0.0322447 0 0.00452868 0.00512344 0.00955238 0.00591668 0.0114361 0.0141085 0.0344481 0.0252284 0.0128913 0.0119186 0.0100199 0.00995102 0.011257 0.0154251 0.0134827 0.0142425 0.0108831 0.0098438 0.00965069 0.014904 
0.00867887 0.00820557 0.00923758 0.00860394 0.00853826 0.00879379 0.00857676 0.00996537 0.00843216 0.00914445 0.00867549 0.00930748 0.00883056 0.00901749 0.00845406 0.0100224 0.00826256 0.00842331 0.00915571 0.00848429 0.0101442 0.00844512 0.0152876 0.0091216 0.00916443 0.00948106 0.0100628 0.00952179 0.00973852 0.00999887 0.00920653 0.0110088 0.0130139 0.0164221 0.0149949 0.0117294 0.0110593 0.0109075 0.0154477 0.0120801 0.0123958 0.00993234 0.0141047 0.0125909 0.0249812 0.0206308 0.0354539 0.00452868 0 0.0171107 0.00459473 0.00453974 0.00610334 0.00530095 0.0352755 0.023917 0.0199209 0.0112083 0.0102815 0.0097924 0.011146 0.0131778 0.0124599 0.0137407 0.017627 0.00934467 0.010011 0.00978266 
0.00823464 0.00841496 0.00882972 0.00906854 0.00906913 0.00895063 0.0121021 0.00872664 0.00849642 0.00901628 0.00947302 0.0106504 0.00963754 0.00952356 0.0107807 0.00966167 0.0086285 0.00889721 0.00892651 0.0118383 0.00880805 0.00982336 0.0129484 0.0106558 0.0104746 0.0109429 0.013623 0.0116405 0.0124237 0.0116759 0.0113295 0.0113579 0.0225715 0.0174478 0.0179629 0.0164244 0.0137623 0.0182065 0.0145971 0.0196692 0.0170353 0.0165347 0.0135646 0.0234534 0.0166442 0.0125788 0.0344384 0.00512344 0.0171107 0 0.00362602 0.00358165 0.00370351 0.00493504 0.0281601 0.0248947 0.0274431 0.0154859 0.0158792 0.014653 0.0197755 0.0300644 0.0122748 0.0147303 0.0176628 0.0121319 0.0118724 0.0192631 
0.00807419 0.00804651 0.00839021 0.00910088 0.00973613 0.00913643 0.0086154 0.00828951 0.00877281 0.00954282 0.0110144 0.0115105 0.0110928 0.00883508 0.0086662 0.00852121 0.00883038 0.00866498 0.00905499 0.00858694 0.00834341 0.00849473 0.00972146 0.0124715 0.0123837 0.0133927 0.0178795 0.0139609 0.017004 0.0142506 0.0148357 0.0128167 0.0109356 0.0105572 0.01833 0.0255485 0.02411 0.0187173 0.037026 0.0204475 0.0356015 0.0160794 0.0248142 0.0114407 0.00973282 0.0243409 0.0136508 0.00955238 0.00459473 0.00362602 0 0.00354374 0.00363056 0.00366793 0.0139419 0.0138812 0.0140381 0.0279368 0.0202484 0.0327453 0.0221942 0.0113893 0.0095602 0.00970629 0.0110476 0.0144721 0.0130778 0.0102501 
0.00801183 0.00809102 0.00838505 0.00902709 0.0107957 0.00902501 0.00869739 0.00822861 0.00894053 0.0139011 0.0105316 0.0188608 0.0111913 0.0094133 0.0082547 0.00877219 0.00835208 0.0107309 0.00861812 0.00851557 0.00835905 0.00816997 0.0100671 0.0102327 0.0204346 0.0226641 0.0144543 0.0292175 0.0162799 0.0239019 0.0152841 0.0124957 0.00952756 0.00956593 0.0180811 0.0280836 0.0290681 0.0381078 0.0190639 0.0620728 0.0213388 0.0361627 0.0109962 0.00965968 0.0117231 0.00937741 0.0206707 0.00591668 0.00453974 0.00358165 0.00354374 0 0.00354421 0.00357018 0.00926259 0.0100696 0.0126439 0.0178627 0.06075 0.0396888 0.0137937 0.0103829 0.00843167 0.00873234 0.010467 0.0110802 0.0163634 0.00916889 
0.00824881 0.00802963 0.00864837 0.00901258 0.00894655 0.0085962 0.00835957 0.00855991 0.00884081 0.00859674 0.0108987 0.00926431 0.00979983 0.00836054 0.0083957 0.0085838 0.00955533 0.00837947 0.00887851 0.00831548 0.00820923 0.00865336 0.00991617 0.0125053 0.0100677 0.00962283 0.0162543 0.0103719 0.012326 0.0104948 0.0128926 0.0102853 0.00964324 0.0112172 0.0118777 0.018175 0.0125703 0.011193 0.0253079 0.0105118 0.0265863 0.0116869 0.0152098 0.00912503 0.0101031 0.0547864 0.0115734 0.0114361 0.00610334 0.00370351 0.00363056 0.00354421 0 0.00357583 0.0131996 0.011202 0.0123592 0.0249913 0.0178439 0.0139772 0.0173739 0.00969992 0.00986651 0.00960756 0.0107101 0.0149421 0.00912528 0.00980422 
0.00809414 0.00844377 0.00940955 0.00836323 0.00843917 0.00848551 0.00843543 0.00896542 0.00812882 0.00900382 0.00836997 0.00915885 0.00850028 0.00907857 0.00824316 0.011923 0.00818973 0.00848496 0.00865985 0.00838932 0.0111719 0.0081764 0.0278817 0.00857114 0.00877876 0.0103055 0.00888762 0.00972012 0.00920595 0.0101987 0.00883241 0.00956616 0.0106175 0.0145357 0.0125083 0.00977711 0.010139 0.0123469 0.00921834 0.0128275 0.00971847 0.0102601 0.00959611 0.0124596 0.029932 0.00863245 0.02802 0.0141085 0.00530095 0.00493504 0.00366793 0.00357018 0.00357583 0 0.0264564 0.0184269 0.0341332 0.0109218 0.0114173 0.0106104 0.0102803 0.0126896 0.0119859 0.0165739 0.0236901 0.00911074 0.0108119 0.00858676 
