1SH0A
GTYCGAPILGPGSAPKLSTKTKFWRSSTAPLPPGTYEPAYLGGKDPRVKGGPSLQQVMRDQLKPFTEPRGKPPKPSVLEAAKKTIINVLEQTIDPPDKWSFAQACASLDKTTSSGHPHHMRKNDCWNGESFTGKLADQASKANLMFEEGKNMTPVYTGALKDELVKTDKIYGKIKKRLLWGSDLATMIRCARAFGGLMDELKTHCVTLPIRVGMNMNEDGPIIFERHSRYRYHYDADYSRWDSTQQRAVLAAALEIMVKFSSEPHLAQVVAEDLLSPSVVDVGDFTISINEGLPSGVPCTSQWNSIAHWLLTLCALSEVTNLSPDIIQANSLFSFYGDDEIVSTDIKLDPEKLTAKLKEYGLKPTRPDKTEGPLVISEDLNGLTFLRRTVTRDPAGWFGKLEQSSILRQMYWTRGPNHEDPSETMIPHSQRPIQLMSLLGEAALHGPAFYSKISKLVIAELKEGGMDFYVPRQEPMFRWMRFSDLSTWEGDRNLAPSFVNED
CEECCEEEEEECCCCCCCCCEEEEECCCCCCCCCCCEECCCCCCCCCCCCCCCHHHHHHHHHHHHHCCCCCCCCHHHHHHHHHHHHHHHHCCCCCCCCCCHHHHHHHCCCCCECCCCCCCEHHHHECCCCECCHHHHHHHHHHHHHHCCCCCCCEEEEEECCCEECCHHHHCCCCCCEEEECCHHHHHHHHHHHHHHHHHHHHCCCCCCECCCCCHHHHHHHHHHHHHCCCEEECCEECCHHHHCCHHHHHHHHHHHHHCCCCHHHHHHHHHHHHCCEEEECCCEEEEECCCCCCCCCCHHHHHHHHHHHHHHHHHHHHHCCCHHHHHHCEEEEEECCEEEEEECCCCCHHHHHHHHHHCCCCEECCCCCCCCCCCECCCCCCEECCEEEEEECCEEEEEECHHHHHHHHHEEEEEEECCCCCECCCCCHHHHHHHHHHHHHHCCCHHHHHHHHHHHHHHHHHCCCCCCCCCHHHHHHHHHHCCCCCCCCCHHHCCCCCCCC
0 0 0 0 0 0 0 0 0 0 0 0 0 0 0 0 0 0 0 0 0 0 0 0 0 0 0 0 0 0 0 0 0 0 0 0 0 0 0 0 0 0 0 0 0 0 0 0 0 0 0 0 0 0 0 0 0 0 0 0 0 0 0 0 0 0 0 0 0 0 0 0 0 0 0 0 0 0 0 0 0 0 0 0 0 0 0 0 0 0 0 0 0 0 0 0 0 0 0 0 0 0 0 0 0 0 0 0 0 0 0 0 0 0 0 0 0 0 0 0 0 0 0 0 0 0 0 0 0 0 0 0 0 0 0 0 0 0 0 0 0 0 0 0 0 0 0 0 0 0 0 0 0 0 0 0 0 0 0 0 0 0 0 0 0 0 0 0 0 0 0 0 0 0 0 0 0 0 0 0 0 0 0 0 0 0 0 0 0 0 0 0 0 0 0 0 0 0 0 0 0 0 0 0 0 0 0 0 0 0 0 0 0 0 0 0 0 0 0 0 0 0 0 0 0 0 0 0 0 0 0 0 0 0 0 0 0 0 0 0 0 0 0 0 0 0 0 0 0 0 0 0 0 0 0 0 0 0 0 0 0 0 0 0 0 0 0 0 0 0 0 0 0 0 0 0 0 0 0 0 0 0 0 0 0 0 0 0 0 0 0 0 0 0 0 0 0 0 0 0 0 0 0 0 0 0 0 0 0 0 0 0 0 0 0 0 0 0 0 0 0 0 0 0 0 0 0 0 0 0 0 0 0 0 0 0 0 0 0 0 0 0 0 0 0 0 0 0 0 0 0 0 0 0 0 0 0 0 0 0 0 0 0 0 0 0 0 0 0 0 0 0 0 0 0 0 0 0 0 0 0 0 0 0 0 0 0 0 0 0 0 0 0 0 0 0 0 0 0 0 0 0 0 0 0 0 0 0 0 0 0 0 0 0 0 0 0 0 0 0 0 0 0 0 0 0 0 0 0 0 0 0 0 0 0 0 0 0 0 0 0 0 0 0 0 0 0 0 0 0 0 0 0 0 0 0 0 0 0 0 0 0 0 0 0 0 0 0 0 0 0 0 0 0 0 0 0 0 0 0 0 0 0 0 0 0 0 0 0 0 0 0 0 0 0 0 0 0 0 0 0 0 
0 0 0 0 0 0 0 0 0 0 0 0 0 0 0 0 0 0 0 0 0 0 0 0 0 0 0 0 0 0 0 0 0 0 0 0 0 0 0 0 0 0 0 0 0 0 0 0 0 0 0 0 0 0 0 0 0 0 0 0 0 0 0 0 0 0 0 0 0 0 0 0 0 0 0 0 0 0 0 0 0 0 0 0 0 0 0 0 0 0 0 0 0 0 0 0 0 0 0 0 0 0 0 0 0 0 0 0 0 0 0 0 0 0 0 0 0 0 0 0 0 0 0 0 0 0 0 0 0 0 0 0 0 0 0 0 0 0 0 0 0 0 0 0 0 0 0 0 0 0 0 0 0 0 0 0 0 0 0 0 0 0 0 0 0 0 0 0 0 0 0 0 0 0 0 0 0 0 0 0 0 0 0 0 0 0 0 0 0 0 0 0 0 0 0 0 0 0 0 0 0 0 0 0 0 0 0 0 0 0 0 0 0 0 0 0 0 0 0 0 0 0 0 0 0 0 0 0 0 0 0 0 0 0 0 0 0 0 0 0 0 0 0 0 0 0 0 0 0 0 0 0 0 0 0 0 0 0 0 0 0 0 0 0 0 0 0 0 0 0 0 0 0 0 0 0 0 0 0 0 0 0 0 0 0 0 0 0 0 0 0 0 0 0 0 0 0 0 0 0 0 0 0 0 0 0 0 0 0 0 0 0 0 0 0 0 0 0 0 0 0 0 0 0 0 0 0 0 0 0 0 0 0 0 0 0 0 0 0 0 0 0 0 0 0 0 0 0 0 0 0 0 0 0 0 0 0 0 0 0 0 0 0 0 0 0 0 0 0 0 0 0 0 0 0 0 0 0 0 0 0 0 0 0 0 0 0 0 0 0 0 0 0 0 0 0 0 0 0 0 0 0 0 0 0 0 0 0 0 0 0 0 0 0 0 0 0 0 0 0 0 0 0 0 0 0 0 0 0 0 0 0 0 0 0 0 0 0 0 0 0 0 0 0 0 0 0 0 0 0 0 0 0 0 0 0 0 0 0 0 0 0 0 0 0 0 0 0 0 0 0 0 0 0 0 0 0 0 0 0 0 0 0 0 0 0 0 0 0 0 0 0 0 0 0 0 0 0 0 0 0 0 
0 0.00626603 0.00531215 0.767716 0.00740728 0.00657896 0.00655366 0.0164612 0.0127338 0.0132277 0.00953722 0.0132568 0.0163625 0.0120201 0.0218111 0.00872349 0.00930847 0.00871115 0.00872415 0.00837296 0.0082576 0.00843329 0.00818758 0.00893918 0.00836539 0.00844417 0.00877285 0.00839245 0.00840124 0.00823171 0.00816048 0.00819603 0.00832957 0.00839966 0.00833275 0.00821217 0.00828193 0.0082862 0.00835626 0.00838191 0.00855833 0.00829951 0.00841536 0.00839954 0.00857279 0.00866834 0.00850926 0.00860469 0.00874597 0.00865236 0.00865896 0.00925489 0.00865061 0.00883125 0.00874066 0.00879581 0.00882779 0.00900267 0.00958351 0.00988284 0.0129042 0.0143032 0.0110952 0.0101403 0.0101374 0.00991761 0.00962685 0.0096343 0.0101533 0.00995054 0.00954709 0.00967428 0.00970222 0.00966091 0.0112897 0.010217 0.0100438 0.0099589 0.0110763 0.00985557 0.00997557 0.0128176 0.0234419 
0.00626603 0 0.801196 0.00925623 0.00421224 0.00433748 0.00566592 0.00603017 0.0166709 0.00912005 0.00869518 0.0168695 0.0119739 0.0169948 0.0115094 0.00920156 0.00907472 0.00891018 0.00930283 0.0090358 0.00819118 0.00820745 0.00806971 0.00819026 0.00843475 0.00893982 0.00837757 0.00842162 0.00804273 0.0081916 0.00816558 0.00857266 0.00838953 0.00823444 0.00815687 0.00819181 0.00834747 0.00841498 0.00832791 0.00840044 0.00847634 0.0085123 0.0083974 0.00837502 0.00852742 0.00868851 0.00871352 0.00859489 0.00851525 0.00845398 0.00852627 0.00906322 0.00872988 0.00879076 0.00866011 0.008578 0.00862514 0.00898177 0.00993489 0.00922708 0.0120149 0.0122906 0.0109121 0.0104908 0.00987109 0.00927637 0.00915 0.00897657 0.00997958 0.0098223 0.00925683 0.00894151 0.00872714 0.00912234 0.0112647 0.0117 0.0120868 0.010295 0.0109973 0.00968602 0.00963243 0.0126319 0.0203895 
0.00531215 0.801196 0 0.00366642 0.0035828 0.00388019 0.00353581 0.00728472 0.00944261 0.00696987 0.00793744 0.00866516 0.120172 0.00912527 0.0123536 0.00845962 0.00896668 0.00854408 0.00890903 0.0080459 0.00807591 0.00803137 0.00813281 0.00851676 0.00880112 0.00812243 0.00832319 0.0084115 0.00795685 0.0080111 0.00806902 0.00848854 0.00805739 0.0082174 0.00817128 0.0079873 0.00859775 0.00821024 0.00831908 0.00827325 0.00835983 0.00829073 0.00834001 0.00837437 0.0083124 0.00858923 0.0086821 0.00835909 0.00837574 0.00839302 0.00834466 0.00851918 0.00838087 0.00847633 0.00834004 0.00833972 0.00833149 0.00911819 0.00967962 0.00896924 0.0105834 0.009709 0.0117927 0.0097317 0.00889966 0.00901387 0.00881535 0.00876443 0.00972651 0.00904904 0.00878585 0.00860538 0.00873642 0.00869832 0.0112908 0.00964039 0.0093896 0.0090626 0.00947485 0.00901331 0.00893754 0.012065 0.016279 
0.767716 0.00925623 0.00366642 0 0.00355522 0.00359413 0.00407114 0.00380911 0.00712586 0.00891889 0.00789425 0.0399667 0.0164618 0.00928169 0.00879592 0.00820275 0.00814782 0.00802149 0.00821469 0.00816645 0.00834895 0.00841885 0.00824547 0.0083279 0.00811722 0.00822127 0.00814417 0.00811581 0.00822922 0.0082323 0.00804781 0.00807834 0.00814669 0.00826878 0.00817161 0.00824695 0.00815159 0.00825748 0.0083664 0.00836567 0.00841372 0.00825178 0.00838647 0.00841035 0.00852833 0.00835006 0.00826822 0.00842594 0.00854803 0.00850761 0.00836346 0.0085412 0.00834941 0.00847246 0.00854429 0.00852687 0.00852853 0.00840641 0.00856256 0.00894247 0.0100393 0.0106519 0.00947812 0.00911099 0.00895691 0.00886827 0.00889058 0.00889298 0.00898023 0.00892119 0.00858942 0.00865981 0.00868743 0.0090248 0.0100168 0.00922478 0.00916185 0.00941254 0.00966923 0.00925366 0.00941378 0.0120266 0.0138516 
0.00740728 0.00421224 0.0035828 0.00355522 0 0.0035385 0.00358052 0.00355256 0.00739696 0.00818497 0.0269915 0.033938 0.0196168 0.00873829 0.00873557 0.0080292 0.00803754 0.00805489 0.00815069 0.00822947 0.00853655 0.00838642 0.00892285 0.00837983 0.00820286 0.00811077 0.0081407 0.00824855 0.0082372 0.0082938 0.00804518 0.00815667 0.0081651 0.00834221 0.00820423 0.00809474 0.00821869 0.00830138 0.00839623 0.00840042 0.00832734 0.00824338 0.00841203 0.00849356 0.00847373 0.00835995 0.00833453 0.00852788 0.00861797 0.00862737 0.00847958 0.00845114 0.00834971 0.00858209 0.00871892 0.00867702 0.00857994 0.00853229 0.00891205 0.00851436 0.0091957 0.00945123 0.0102609 0.00917703 0.0090361 0.00908742 0.00899542 0.00877399 0.00893776 0.00878718 0.00898699 0.00895225 0.00907935 0.00888543 0.00987337 0.00926357 0.00922684 0.00930085 0.00972944 0.00927901 0.00897495 0.0109084 0.0124332 
0.00657896 0.00433748 0.00388019 0.00359413 0.0035385 0 0.00354436 0.00354062 0.00726821 0.0133831 0.0418963 0.0167442 0.00787815 0.00857225 0.00833498 0.0082161 0.0080572 0.00802322 0.00818703 0.00822921 0.00831902 0.0084274 0.00841301 0.00828126 0.00810383 0.00809944 0.00808336 0.00810789 0.00808555 0.00814428 0.00808571 0.00815197 0.00816025 0.00823734 0.00812356 0.00815699 0.00815568 0.00831472 0.00836982 0.00836509 0.00830519 0.00822252 0.00837845 0.00848635 0.00844643 0.00833711 0.00831554 0.00843162 0.00857799 0.00851854 0.00843798 0.00839028 0.0082992 0.00847112 0.00860406 0.00856136 0.00840206 0.00841021 0.00887381 0.00859212 0.00935759 0.00976315 0.00947704 0.0090881 0.00905688 0.00894545 0.00893192 0.00873674 0.00891944 0.0087574 0.00875792 0.00877924 0.00888437 0.00882053 0.00989013 0.00940364 0.00929782 0.00936088 0.00974674 0.00935636 0.00904216 0.0109201 0.0126877 
0.00655366 0.00566592 0.00353581 0.00407114 0.00358052 0.00354436 0 0.00366108 0.00836932 0.0785675 0.00979768 0.00966215 0.00768546 0.00872408 0.00922533 0.00807544 0.00816485 0.00802044 0.00812447 0.00828259 0.00832772 0.00826264 0.00821591 0.00821116 0.00804101 0.00815256 0.00812445 0.00801031 0.00804513 0.00818129 0.00804549 0.00811949 0.00807679 0.00804719 0.00811725 0.0080916 0.00813853 0.00818907 0.00827606 0.00834658 0.00828305 0.00840388 0.00832286 0.00841932 0.00845285 0.00830471 0.00837862 0.00841 0.00849837 0.00846857 0.00851868 0.0082938 0.00830095 0.00849478 0.008499 0.00851048 0.00840678 0.00839858 0.00862611 0.00855199 0.00948527 0.0103583 0.00902291 0.00901153 0.0090428 0.00874817 0.00874011 0.00865882 0.00856661 0.00877807 0.00866602 0.00860442 0.00869066 0.00876361 0.00921938 0.00939093 0.00945104 0.00899249 0.00943494 0.00897008 0.00896963 0.00987256 0.0138378 
0.0164612 0.00603017 0.00728472 0.00380911 0.00355256 0.00354062 0.00366108 0 0.0819918 0.0101323 0.00743789 0.00711547 0.00843496 0.00955966 0.00831638 0.00925667 0.00895682 0.0090256 0.00981264 0.00939595 0.00814656 0.00824421 0.00808022 0.00807635 0.00825258 0.00885943 0.00833412 0.00867297 0.00805872 0.00799431 0.00801453 0.00888179 0.00830339 0.00809253 0.00807312 0.00814225 0.00825888 0.00848648 0.00824322 0.00825371 0.00830788 0.00854426 0.00830041 0.00830675 0.00831126 0.00839123 0.00888644 0.00833584 0.00834199 0.0083333 0.00831814 0.00859107 0.00859632 0.00845426 0.00842527 0.0083443 0.00835929 0.00860484 0.00951754 0.00880729 0.0115679 0.0110584 0.0096844 0.0100655 0.00905183 0.00896478 0.00882352 0.00866469 0.0093185 0.00946727 0.00875235 0.00857817 0.00864947 0.00868021 0.0103829 0.0120859 0.0105566 0.0106568 0.00966009 0.00986548 0.0090656 0.0117865 0.0182229 
0.0127338 0.0166709 0.00944261 0.00712586 0.00739696 0.00726821 0.00836932 0.0819918 0 0.00386293 0.00356583 0.00354578 0.00515996 0.00965346 0.0231329 0.00998921 0.010667 0.00975711 0.0112463 0.00967069 0.00836345 0.00819838 0.00846569 0.00841035 0.011093 0.00852835 0.00896342 0.00954467 0.00804045 0.00817658 0.00817937 0.00916779 0.00819033 0.00818334 0.00829823 0.00817869 0.00888772 0.00832451 0.00837411 0.00832982 0.00853971 0.00850402 0.00841867 0.00858527 0.0083955 0.00907885 0.0089064 0.00838462 0.00842059 0.0083442 0.00844089 0.00875469 0.00848243 0.00885651 0.00841794 0.00834441 0.00844847 0.00970165 0.0105997 0.00960616 0.0120356 0.0110504 0.0114996 0.0109476 0.0089929 0.00921624 0.00891819 0.00902023 0.0103443 0.0093022 0.00882243 0.00866215 0.00882213 0.00877525 0.0125998 0.0106763 0.0118866 0.00907112 0.00978132 0.00897927 0.00900467 0.0134355 0.0189875 
0.0132277 0.00912005 0.00696987 0.00891889 0.00818497 0.0133831 0.0785675 0.0101323 0.00386293 0 0.00353809 0.00359768 0.00354635 0.00959679 0.00917065 0.00848627 0.00843584 0.00808325 0.00809069 0.00835201 0.00847421 0.00859025 0.00833977 0.00934239 0.00817985 0.00853609 0.00818215 0.00817286 0.00828917 0.00828575 0.00807444 0.00816425 0.00817454 0.00826483 0.00818341 0.00837413 0.00812656 0.00824523 0.00834889 0.00835204 0.0083961 0.00825184 0.00840143 0.00841698 0.00850454 0.00829602 0.00826544 0.00845176 0.00858701 0.00851989 0.00840869 0.00838139 0.00834364 0.00858612 0.00858562 0.00855652 0.00848689 0.00836628 0.00831952 0.00859709 0.00962187 0.0106301 0.00884195 0.00875065 0.00921331 0.00876965 0.008753 0.00892618 0.00849407 0.00864798 0.00865912 0.0086845 0.00872123 0.00884386 0.00876168 0.00882908 0.00881406 0.00898775 0.00890539 0.00869315 0.00888849 0.00917776 0.011838 
0.00953722 0.00869518 0.00793744 0.00789425 0.0269915 0.0418963 0.00979768 0.00743789 0.00356583 0.00353809 0 0.00351445 0.00354312 0.00797516 0.0118511 0.00823192 0.00810816 0.00811273 0.00817972 0.00863673 0.00888412 0.00894321 0.0104746 0.00889178 0.00839922 0.00817353 0.00824334 0.00826824 0.00829831 0.0084569 0.00807865 0.00813566 0.00814216 0.00835825 0.00820397 0.00807666 0.00822726 0.00830331 0.0084358 0.0085126 0.00833536 0.00833455 0.00835866 0.00861367 0.00854534 0.00845796 0.00864033 0.00853175 0.00868716 0.00871067 0.00857383 0.0083656 0.00835058 0.00875165 0.00875487 0.00867587 0.00847511 0.00856799 0.00858022 0.00834576 0.0088438 0.00873353 0.00894341 0.00915609 0.00908821 0.00913721 0.00895725 0.00863909 0.00857807 0.00861056 0.00901451 0.00907759 0.00928732 0.00875028 0.00953264 0.00957018 0.00942689 0.00884435 0.00919954 0.00891662 0.00852828 0.00963564 0.0104375 
0.0132568 0.0168695 0.00866516 0.0399667 0.033938 0.0167442 0.00966215 0.00711547 0.00354578 0.00359768 0.00351445 0 0.00355739 0.0122677 0.0331811 0.00843351 0.00831402 0.00820335 0.00798919 0.00897181 0.00909324 0.00873632 0.00872054 0.0092078 0.00811492 0.00821636 0.0082403 0.00813914 0.00835354 0.00834385 0.00815142 0.00810337 0.00812273 0.00824584 0.0081327 0.00816642 0.00808577 0.00824817 0.0083679 0.00843346 0.00836414 0.00822977 0.0083942 0.00840589 0.00848521 0.00831446 0.00838882 0.0084549 0.00871811 0.00855351 0.0084749 0.00830675 0.00832418 0.00865474 0.00875681 0.0086187 0.00848074 0.00841149 0.00835603 0.00845535 0.00896957 0.0100268 0.0086759 0.00858822 0.00895041 0.00898792 0.00870661 0.00854429 0.00841924 0.00859886 0.00871129 0.00895596 0.0091292 0.00873772 0.00867812 0.00908939 0.00906441 0.00952075 0.00885333 0.00877129 0.00868194 0.0089542 0.0109528 
0.0163625 0.0119739 0.120172 0.0164618 0.0196168 0.00787815 0.00768546 0.00843496 0.00515996 0.00354635 0.00354312 0.00355739 0 0.0288428 0.0190353 0.0098217 0.00951179 0.00982772 0.00918397 0.0103693 0.00868111 0.00848842 0.00845897 0.00822133 0.00839196 0.0086425 0.00848535 0.00862986 0.0081006 0.00822209 0.00821155 0.00879025 0.00830379 0.00821145 0.00815091 0.00809917 0.0081814 0.00847112 0.00826564 0.00834679 0.00839899 0.00862116 0.00828658 0.008325 0.00839494 0.00835096 0.00891145 0.00842826 0.00849216 0.00844701 0.00840532 0.00863059 0.00875431 0.0085387 0.0084774 0.00847603 0.00844623 0.00856617 0.00869119 0.00852554 0.00989322 0.00983855 0.00907179 0.00931274 0.00865939 0.00876346 0.00854236 0.00842411 0.00851519 0.0091083 0.00868824 0.00885718 0.00876995 0.0085537 0.00947851 0.0102649 0.0127779 0.00883286 0.0102274 0.00852115 0.00863045 0.00950135 0.0126487 
0.0120201 0.0169948 0.00912527 0.00928169 0.00873829 0.00857225 0.00872408 0.00955966 0.00965346 0.00959679 0.00797516 0.0122677 0.0288428 0 0.00782007 0.0118475 0.0108688 0.00860702 0.00923092 0.00859288 0.00832572 0.00816563 0.00816115 0.00846124 0.00821989 0.00822687 0.00838022 0.00814235 0.00815533 0.00817021 0.00807391 0.00820066 0.00805386 0.0081563 0.00808515 0.0080754 0.00812675 0.00808033 0.00822194 0.00819519 0.00819322 0.00815029 0.00823843 0.00824159 0.00828814 0.00823647 0.00834273 0.00834265 0.00835165 0.00833623 0.00842129 0.00834601 0.00832049 0.00840889 0.00838947 0.00835354 0.00837137 0.00846842 0.00871489 0.00867504 0.00988218 0.0103282 0.00891515 0.00870869 0.00856316 0.00838521 0.00839355 0.00836416 0.00852373 0.00849318 0.00853826 0.00834164 0.0083647 0.0084608 0.00914715 0.00874229 0.00864698 0.00856056 0.00840946 0.00831294 0.00844284 0.0091464 0.0129684 
0.0218111 0.0115094 0.0123536 0.00879592 0.00873557 0.00833498 0.00922533 0.00831638 0.0231329 0.00917065 0.0118511 0.0331811 0.0190353 0.00782007 0 0.0113519 0.00943261 0.011307 0.00917699 0.00940671 0.00828492 0.00823452 0.00834808 0.0082596 0.00823871 0.00950651 0.00826911 0.00855188 0.00805564 0.00817237 0.00809801 0.00859836 0.00818548 0.00812949 0.00809894 0.0081507 0.00814351 0.0084457 0.00822796 0.00821979 0.00827048 0.00832864 0.0083146 0.00826913 0.00825061 0.00826834 0.00848648 0.00836297 0.00839004 0.00831457 0.00835575 0.00840309 0.00852617 0.00837332 0.00831842 0.00833326 0.00839262 0.0084742 0.00868406 0.00842644 0.00939545 0.00950043 0.00871511 0.00899003 0.00841856 0.00841747 0.00835177 0.00834271 0.00841476 0.00865893 0.00840914 0.00838776 0.00831512 0.00834578 0.00906918 0.00942025 0.0101103 0.0083972 0.00914107 0.00829633 0.00840809 0.00902876 0.0115558 
0.00872349 0.00920156 0.00845962 0.00820275 0.0080292 0.0082161 0.00807544 0.00925667 0.00998921 0.00848627 0.00823192 0.00843351 0.0098217 0.0118475 0.0113519 0 0.67362 0.00816661 0.0552275 0.0134314 0.00968767 0.00921418 0.00844616 0.010252 0.0123187 0.013169 0.0134491 0.0108629 0.00930001 0.00848292 0.00975816 0.0123896 0.00872545 0.00813845 0.00870395 0.00921768 0.00884823 0.008439 0.00793249 0.00794228 0.00874155 0.00840545 0.00810981 0.00795965 0.00806366 0.00834394 0.0085658 0.00804719 0.00804787 0.00800065 0.00801288 0.00853905 0.00818469 0.00818566 0.00807319 0.00804314 0.00804556 0.00838757 0.00857241 0.00846202 0.0107712 0.0104525 0.00862847 0.00870925 0.00852108 0.00823957 0.00832119 0.00841423 0.00838775 0.00832703 0.00826548 0.00820103 0.00823782 0.00826446 0.00869877 0.00853 0.00835885 0.00821744 0.00824394 0.00816547 0.00824528 0.0088165 0.0126093 
0.00930847 0.00907472 0.00896668 0.00814782 0.00803754 0.0080572 0.00816485 0.00895682 0.010667 0.00843584 0.00810816 0.00831402 0.00951179 0.0108688 0.00943261 0.67362 0 0.0263839 0.0289978 0.0235486 0.00967943 0.00934913 0.00862578 0.0121202 0.0127513 0.0256601 0.0146909 0.0120904 0.0087436 0.00851557 0.0101067 0.0243205 0.00918592 0.00847003 0.00910862 0.0106157 0.00874046 0.00890673 0.00798911 0.00797637 0.00838346 0.0088251 0.00813267 0.00800479 0.00817693 0.0083253 0.0089114 0.00803619 0.00802403 0.00801062 0.00805905 0.0083388 0.00837987 0.00822137 0.00810219 0.00802518 0.00809418 0.00820667 0.00834746 0.00868088 0.0124504 0.010615 0.00853417 0.00874714 0.00828916 0.00814306 0.00811848 0.00821009 0.00827398 0.00849697 0.00816144 0.00814231 0.00812712 0.00817203 0.00865897 0.00885699 0.00830436 0.00814222 0.00813412 0.00808741 0.00818822 0.0085733 0.0131817 
0.00871115 0.00891018 0.00854408 0.00802149 0.00805489 0.00802322 0.00802044 0.0090256 0.00975711 0.00808325 0.00811273 0.00820335 0.00982772 0.00860702 0.011307 0.00816661 0.0263839 0 0.704913 0.0109791 0.00965242 0.00943487 0.0098165 0.00977146 0.0233174 0.0108126 0.0183993 0.0118177 0.00872598 0.00927441 0.0107654 0.0160662 0.0084999 0.00854493 0.00978417 0.00806467 0.00997288 0.00807919 0.00799534 0.00817171 0.00844478 0.00815344 0.00800592 0.00839773 0.00808859 0.00876998 0.00824475 0.00797613 0.00808257 0.00800709 0.00813437 0.00827539 0.00804841 0.0080348 0.00807071 0.00807101 0.00808222 0.00869138 0.00868897 0.00828739 0.00962014 0.00824796 0.00926151 0.00857249 0.00819459 0.00818988 0.00820554 0.00816476 0.00868137 0.00821392 0.00819546 0.00816435 0.00824533 0.00811974 0.00991662 0.00837799 0.00833673 0.00821273 0.00835249 0.0081314 0.00817518 0.00888444 0.017018 
0.00872415 0.00930283 0.00890903 0.00821469 0.00815069 0.00818703 0.00812447 0.00981264 0.0112463 0.00809069 0.00817972 0.00798919 0.00918397 0.00923092 0.00917699 0.0552275 0.0289978 0.704913 0 0.0242842 0.0103928 0.0101238 0.0102342 0.011846 0.045747 0.0246125 0.0345916 0.0248101 0.00895589 0.00877035 0.0113541 0.0310361 0.0092085 0.0081567 0.00920439 0.00906922 0.0113247 0.00870949 0.00801818 0.00804477 0.00891466 0.00900844 0.0081175 0.00818954 0.00811789 0.00960379 0.00916881 0.00811178 0.00809953 0.00805262 0.00812843 0.00870288 0.00831437 0.00833474 0.00809882 0.00808323 0.00807854 0.00870579 0.0092671 0.00847882 0.0109705 0.00903469 0.00917222 0.00910458 0.00825956 0.00829154 0.00821869 0.00821654 0.00894553 0.00862778 0.00826252 0.00824172 0.00822702 0.00816454 0.00912945 0.00867392 0.00826569 0.00819507 0.00832241 0.00819717 0.00823615 0.00960471 0.0142861 
0.00837296 0.0090358 0.0080459 0.00816645 0.00822947 0.00822921 0.00828259 0.00939595 0.00967069 0.00835201 0.00863673 0.00897181 0.0103693 0.00859288 0.00940671 0.0134314 0.0235486 0.0109791 0.0242842 0 0.00395211 0.00363344 0.00362943 0.00378467 0.00561827 0.00733864 0.0163069 0.0170615 0.0157337 0.0118122 0.0334688 0.0148038 0.0109607 0.00950805 0.0177083 0.00896527 0.0126816 0.00872929 0.0084734 0.00927942 0.0111481 0.00844635 0.00852982 0.00876712 0.00954962 0.00973865 0.0085513 0.00819666 0.00851794 0.00867833 0.00842709 0.00878588 0.00805112 0.00858593 0.00854339 0.00844999 0.00871483 0.0085818 0.00818601 0.00844714 0.0087967 0.00827254 0.00848682 0.00853459 0.00829637 0.00834215 0.00830807 0.00831224 0.00836808 0.00839652 0.00832968 0.00825353 0.00834118 0.00825268 0.00850152 0.00861161 0.00826461 0.00818779 0.00824665 0.00818787 0.00812737 0.00850662 0.00931353 
0.0082576 0.00819118 0.00807591 0.00834895 0.00853655 0.00831902 0.00832772 0.00814656 0.00836345 0.00847421 0.00888412 0.00909324 0.00868111 0.00832572 0.00828492 0.00968767 0.00967943 0.00965242 0.0103928 0.00395211 0 0.00358289 0.00356577 0.00383652 0.00359919 0.00744152 0.00746953 0.0243082 0.0144393 0.0219229 0.0107636 0.0111707 0.00923795 0.0133702 0.00957898 0.00857837 0.00841377 0.00843245 0.00903661 0.0105607 0.00914566 0.00837347 0.00885094 0.00956639 0.00992676 0.00846502 0.00815527 0.00841862 0.00883035 0.00886414 0.0085418 0.00828196 0.00818977 0.0085993 0.00877616 0.00875829 0.0086203 0.00821955 0.00816536 0.00811775 0.0081262 0.00820459 0.00830558 0.00833838 0.0085912 0.00843498 0.00841778 0.0083001 0.00815574 0.00825239 0.00840497 0.00841243 0.0085083 0.00836707 0.00822137 0.00825407 0.0083132 0.00828583 0.00829245 0.00828256 0.0082069 0.00824256 0.00837605 
0.00843329 0.00820745 0.00803137 0.00841885 0.00838642 0.0084274 0.00826264 0.00824421 0.00819838 0.00859025 0.00894321 0.00873632 0.00848842 0.00816563 0.00823452 0.00921418 0.00934913 0.00943487 0.0101238 0.00363344 0.00358289 0 0.00356381 0.00359902 0.00355286 0.0050244 0.00747771 0.0106223 0.0238324 0.0107923 0.0848499 0.00933249 0.00919532 0.00905993 0.0100142 0.00837515 0.00831846 0.00830077 0.00881514 0.00976698 0.00881477 0.00830397 0.00863611 0.0103089 0.00894646 0.0083413 0.00816728 0.00873567 0.00917923 0.00920943 0.00852818 0.00838259 0.00820313 0.0087074 0.00888827 0.00874555 0.00842654 0.00817156 0.00807434 0.00811694 0.00813391 0.00813576 0.00815396 0.00828327 0.00843929 0.00839479 0.00834214 0.00827511 0.00814994 0.00814193 0.00835332 0.00837021 0.00850436 0.00829846 0.0082401 0.00822407 0.00827765 0.00823021 0.00830572 0.00825519 0.00819105 0.00824732 0.00827341 
0.00818758 0.00806971 0.00813281 0.00824547 0.00892285 0.00841301 0.00821591 0.00808022 0.00846569 0.00833977 0.0104746 0.00872054 0.00845897 0.00816115 0.00834808 0.00844616 0.00862578 0.0098165 0.0102342 0.00362943 0.00356577 0.00356381 0 0.00355404 0.00364563 0.0043722 0.0110186 0.0301053 0.010011 0.133951 0.0102895 0.00917129 0.00941649 0.00947664 0.0104164 0.00819742 0.00857615 0.00825321 0.00927927 0.01025 0.00866134 0.00824773 0.00873047 0.0107917 0.00900813 0.00860577 0.00824713 0.00847436 0.00905994 0.00898807 0.00849103 0.0082421 0.00814825 0.00859742 0.00899709 0.008886 0.00849322 0.00821523 0.00813915 0.00813164 0.00819091 0.00807569 0.00821815 0.0083205 0.00842384 0.00841214 0.0083769 0.0084345 0.00811616 0.00823269 0.00838703 0.00847965 0.00857357 0.00829992 0.00820802 0.00830775 0.00832223 0.0082502 0.00830371 0.00827421 0.00821287 0.00824954 0.00838224 
0.00893918 0.00819026 0.00851676 0.0083279 0.00837983 0.00828126 0.00821116 0.00807635 0.00841035 0.00934239 0.00889178 0.0092078 0.00822133 0.00846124 0.0082596 0.010252 0.0121202 0.00977146 0.011846 0.00378467 0.00383652 0.00359902 0.00355404 0 0.00352725 0.00846419 0.0166599 0.00980095 0.246017 0.0151391 0.0242908 0.0104293 0.01089 0.019492 0.00936464 0.0101047 0.00830001 0.00948079 0.0099435 0.0100113 0.009035 0.00886167 0.009903 0.0088779 0.0105595 0.00816988 0.008627 0.00857907 0.00876986 0.008739 0.00831443 0.00829268 0.00816392 0.00863467 0.00873735 0.00856495 0.00836783 0.00810846 0.0081329 0.00823835 0.00831781 0.00873181 0.00819105 0.00821541 0.0083705 0.00833559 0.00830448 0.00823666 0.00809272 0.00813395 0.00828858 0.0086003 0.00837939 0.0082333 0.00814034 0.00907772 0.00821903 0.00828195 0.00822722 0.00819179 0.00815136 0.00817318 0.00871216 
0.00836539 0.00843475 0.00880112 0.00811722 0.00820286 0.00810383 0.00804101 0.00825258 0.011093 0.00817985 0.00839922 0.00811492 0.00839196 0.00821989 0.00823871 0.0123187 0.0127513 0.0233174 0.045747 0.00561827 0.00359919 0.00355286 0.00364563 0.00352725 0 0.0297997 0.00603078 0.177311 0.00950966 0.0188136 0.0169466 0.0208224 0.0135251 0.0090116 0.0125718 0.00936841 0.0118803 0.00988409 0.00835136 0.00848809 0.00893391 0.00944964 0.00830362 0.009354 0.00830005 0.00908908 0.00887581 0.00823701 0.00834884 0.00821135 0.00816161 0.00842918 0.00838076 0.00826501 0.00830101 0.00825183 0.00819797 0.00840607 0.00874746 0.00818261 0.00912599 0.00831318 0.00850079 0.00885331 0.00825158 0.0082305 0.00822034 0.00820547 0.0082961 0.00837819 0.00827004 0.00825262 0.00828923 0.008215 0.00859853 0.00856669 0.00829756 0.0081781 0.00825152 0.00823788 0.00819166 0.00850942 0.00940298 
0.00844417 0.00893982 0.00812243 0.00822127 0.00811077 0.00809944 0.00815256 0.00885943 0.00852835 0.00853609 0.00817353 0.00821636 0.0086425 0.00822687 0.00950651 0.013169 0.0256601 0.0108126 0.0246125 0.00733864 0.00744152 0.0050244 0.0043722 0.00846419 0.0297997 0 0.00525333 0.0153576 0.0201857 0.022351 0.0308669 0.0246393 0.010518 0.0119016 0.0132764 0.00960095 0.0128259 0.00854617 0.00845371 0.00869026 0.0094745 0.00847034 0.0083749 0.00856826 0.00869039 0.00954887 0.00858075 0.00825453 0.0083048 0.00824561 0.00824591 0.0083675 0.00814325 0.00839659 0.00828975 0.00822345 0.00828634 0.0082819 0.00832052 0.00833444 0.00955527 0.00853909 0.00839477 0.00829767 0.00826254 0.0081659 0.00821612 0.00817352 0.00820418 0.00835071 0.00826324 0.00821902 0.00824557 0.00813514 0.00840026 0.00811523 0.00817437 0.00815987 0.00816353 0.00809727 0.00809507 0.00824249 0.0102267 
0.00877285 0.00837757 0.00832319 0.00814417 0.0081407 0.00808336 0.00812445 0.00833412 0.00896342 0.00818215 0.00824334 0.0082403 0.00848535 0.00838022 0.00826911 0.0134491 0.0146909 0.0183993 0.0345916 0.0163069 0.00746953 0.00747771 0.0110186 0.0166599 0.00603078 0.00525333 0 0.0421748 0.00987461 0.018529 0.0303306 0.0228918 0.0112238 0.0100952 0.00957946 0.0108613 0.00983634 0.00981166 0.00841029 0.00850317 0.00882827 0.00905843 0.00843248 0.00839208 0.00869879 0.00851571 0.00857884 0.00823596 0.00834339 0.00824113 0.0083263 0.00847583 0.00829667 0.00835487 0.00827699 0.00828799 0.00817498 0.0082803 0.00837902 0.00820772 0.00884223 0.00840798 0.00834818 0.00841306 0.00821552 0.00820296 0.00813832 0.0081076 0.00823747 0.00820566 0.00819076 0.00817109 0.0081751 0.00816948 0.00839376 0.00832279 0.00822966 0.0081764 0.00818706 0.00810354 0.0081123 0.00854085 0.00941464 
0.00839245 0.00842162 0.0084115 0.00811581 0.00824855 0.00810789 0.00801031 0.00867297 0.00954467 0.00817286 0.00826824 0.00813914 0.00862986 0.00814235 0.00855188 0.0108629 0.0120904 0.0118177 0.0248101 0.0170615 0.0243082 0.0106223 0.0301053 0.00980095 0.177311 0.0153576 0.0421748 0 0.00408822 0.00360626 0.00400991 0.0376809 0.0312743 0.00973292 0.0175999 0.00880841 0.0172701 0.00935466 0.00901396 0.00906851 0.0110251 0.00895561 0.00842764 0.00951926 0.00884012 0.0112544 0.00848811 0.00836022 0.00847411 0.00871116 0.00847818 0.0084836 0.00807906 0.00865265 0.00850345 0.00851121 0.00830503 0.00894846 0.00899352 0.00823145 0.00904737 0.00806462 0.00854513 0.00845423 0.00828786 0.00829209 0.00834249 0.00829513 0.00832782 0.00830202 0.0081928 0.00822063 0.00838106 0.00827803 0.00863338 0.00822337 0.00817312 0.00817165 0.00822987 0.00816555 0.00809496 0.00860503 0.00930464 
0.00840124 0.00804273 0.00795685 0.00822922 0.0082372 0.00808555 0.00804513 0.00805872 0.00804045 0.00828917 0.00829831 0.00835354 0.0081006 0.00815533 0.00805564 0.00930001 0.0087436 0.00872598 0.00895589 0.0157337 0.0144393 0.0238324 0.010011 0.246017 0.00950966 0.0201857 0.00987461 0.00408822 0 0.00360108 0.00358673 0.0131074 0.0113085 0.0190479 0.0095925 0.00992907 0.0084068 0.00830108 0.00887237 0.010302 0.00894749 0.00822406 0.00872808 0.00910974 0.00987118 0.00835927 0.0080799 0.00838176 0.00864621 0.00873006 0.00847021 0.00815054 0.00824153 0.00851347 0.00857607 0.00855698 0.00839109 0.00815056 0.00809449 0.00807589 0.00824519 0.00829238 0.00807966 0.00822449 0.00833828 0.00829522 0.0082408 0.00815008 0.00807537 0.00818468 0.00819911 0.0082789 0.00831806 0.00818259 0.00812174 0.00814696 0.00815939 0.0082158 0.00818291 0.00812173 0.0080932 0.00814435 0.00844544 
0.00823171 0.0081916 0.0080111 0.0082323 0.0082938 0.00814428 0.00818129 0.00799431 0.00817658 0.00828575 0.0084569 0.00834385 0.00822209 0.00817021 0.00817237 0.00848292 0.00851557 0.00927441 0.00877035 0.0118122 0.0219229 0.0107923 0.133951 0.0151391 0.0188136 0.022351 0.018529 0.00360626 0.00360108 0 0.00357114 0.0124259 0.0140866 0.0286088 0.0133832 0.00909747 0.00914833 0.00867019 0.00969056 0.00972638 0.00912915 0.0084983 0.00910576 0.00975174 0.00965538 0.00846767 0.00828772 0.00859609 0.00890308 0.00873531 0.00864114 0.00831504 0.00811426 0.00850249 0.00871199 0.00885884 0.00838074 0.00819582 0.00804355 0.00815449 0.0081558 0.00815182 0.00817276 0.00823741 0.00838817 0.00830397 0.00830606 0.00818651 0.00808077 0.00815344 0.0082469 0.00833338 0.00836122 0.00820309 0.00812901 0.00815054 0.00817679 0.00819538 0.00818531 0.00815793 0.00806571 0.00816519 0.00820816 
0.00816048 0.00816558 0.00806902 0.00804781 0.00804518 0.00808571 0.00804549 0.00801453 0.00817937 0.00807444 0.00807865 0.00815142 0.00821155 0.00807391 0.00809801 0.00975816 0.0101067 0.0107654 0.0113541 0.0334688 0.0107636 0.0848499 0.0102895 0.0242908 0.0169466 0.0308669 0.0303306 0.00400991 0.00358673 0.00357114 0 0.03031 0.0133408 0.0146897 0.0319462 0.0146969 0.00993837 0.010734 0.00840795 0.00906764 0.00976046 0.00925522 0.00847189 0.00856051 0.00863718 0.0087489 0.00859152 0.0081932 0.00832488 0.0083311 0.00826434 0.00852913 0.0081681 0.00819199 0.00842053 0.00830398 0.00830836 0.00829016 0.00804939 0.00821495 0.00847147 0.00842581 0.00823458 0.00822436 0.0082026 0.0081694 0.00810917 0.00807221 0.00808565 0.00816375 0.00817642 0.00825136 0.00822143 0.00810411 0.00817098 0.00830933 0.00825757 0.00829914 0.00815261 0.00810811 0.00803267 0.00811269 0.00858471 
0.00819603 0.00857266 0.00848854 0.00807834 0.00815667 0.00815197 0.00811949 0.00888179 0.00916779 0.00816425 0.00813566 0.00810337 0.00879025 0.00820066 0.00859836 0.0123896 0.0243205 0.0160662 0.0310361 0.0148038 0.0111707 0.00933249 0.00917129 0.0104293 0.0208224 0.0246393 0.0228918 0.0376809 0.0131074 0.0124259 0.03031 0 0.0379884 0.0166054 0.0542123 0.018856 0.0311478 0.0118266 0.00923465 0.0101627 0.0147211 0.0101806 0.0091115 0.0087905 0.0101093 0.0129779 0.0097599 0.008442 0.00846124 0.00832486 0.0084827 0.00989392 0.00847246 0.00843641 0.00830897 0.00825882 0.00845914 0.00917143 0.00928045 0.00865024 0.0108915 0.00942954 0.00912847 0.00887098 0.00823097 0.0081448 0.00809983 0.00816347 0.00844046 0.00842345 0.00810579 0.00813733 0.00815421 0.00812513 0.00877517 0.00850828 0.00826964 0.00803651 0.00808612 0.00808855 0.00800952 0.00862793 0.0113783 
0.00832957 0.00838953 0.00805739 0.00814669 0.0081651 0.00816025 0.00807679 0.00830339 0.00819033 0.00817454 0.00814216 0.00812273 0.00830379 0.00805386 0.00818548 0.00872545 0.00918592 0.0084999 0.0092085 0.0109607 0.00923795 0.00919532 0.00941649 0.01089 0.0135251 0.010518 0.0112238 0.0312743 0.0113085 0.0140866 0.0133408 0.0379884 0 0.0044469 0.00359474 0.00411049 0.0121483 0.0449239 0.0122942 0.0129834 0.0175188 0.0121691 0.0112816 0.0111171 0.0110481 0.0200017 0.00905543 0.00851921 0.00897278 0.00879817 0.00869941 0.00994963 0.00835508 0.00866179 0.00873551 0.00866444 0.0087724 0.00900661 0.00840752 0.00832834 0.00863397 0.00843305 0.0084415 0.00901066 0.00833785 0.00831396 0.00829532 0.00854624 0.00824175 0.0083411 0.00823537 0.00822365 0.00834796 0.00812286 0.00838854 0.00820538 0.00818718 0.00811253 0.00808764 0.00805275 0.00801913 0.00822966 0.00883136 
0.00839966 0.00823444 0.0082174 0.00826878 0.00834221 0.00823734 0.00804719 0.00809253 0.00818334 0.00826483 0.00835825 0.00824584 0.00821145 0.0081563 0.00812949 0.00813845 0.00847003 0.00854493 0.0081567 0.00950805 0.0133702 0.00905993 0.00947664 0.019492 0.0090116 0.0119016 0.0100952 0.00973292 0.0190479 0.0286088 0.0146897 0.0166054 0.0044469 0 0.00490349 0.00671393 0.0240386 0.0152506 0.0474833 0.0295076 0.0131039 0.00914175 0.0136154 0.010304 0.031451 0.0101052 0.0084509 0.00961738 0.00942445 0.00954497 0.0116025 0.00887744 0.00817775 0.00893334 0.00959553 0.00895438 0.00952185 0.00853669 0.00801723 0.0085137 0.00813009 0.00823899 0.00835933 0.00818846 0.00850885 0.00851238 0.00839037 0.00843054 0.0080966 0.00810742 0.0084495 0.0086482 0.00852358 0.00843516 0.00819549 0.00819577 0.00819684 0.00824632 0.00816273 0.00816475 0.0080938 0.00811765 0.00820451 
0.00833275 0.00815687 0.00817128 0.00817161 0.00820423 0.00812356 0.00811725 0.00807312 0.00829823 0.00818341 0.00820397 0.0081327 0.00815091 0.00808515 0.00809894 0.00870395 0.00910862 0.00978417 0.00920439 0.0177083 0.00957898 0.0100142 0.0104164 0.00936464 0.0125718 0.0132764 0.00957946 0.0175999 0.0095925 0.0133832 0.0319462 0.0542123 0.00359474 0.00490349 0 0.00591813 0.00426132 0.0171802 0.014568 0.0296672 0.029393 0.0135054 0.00978528 0.0131492 0.0113309 0.0145093 0.0111934 0.00921466 0.00991461 0.0101642 0.0110525 0.0114149 0.00947546 0.00939201 0.00909845 0.00953338 0.00935914 0.00908624 0.00847003 0.00820994 0.00865151 0.00868409 0.00840178 0.00861068 0.00841483 0.0084026 0.00819751 0.00824617 0.00813758 0.00840039 0.00818833 0.00835704 0.00831549 0.00818208 0.00824284 0.00849048 0.00835744 0.00804424 0.00808876 0.00799934 0.00809478 0.00808389 0.00855693 
0.00821217 0.00819181 0.0079873 0.00824695 0.00809474 0.00815699 0.0080916 0.00814225 0.00817869 0.00837413 0.00807666 0.00816642 0.00809917 0.0080754 0.0081507 0.00921768 0.0106157 0.00806467 0.00906922 0.00896527 0.00857837 0.00837515 0.00819742 0.0101047 0.00936841 0.00960095 0.0108613 0.00880841 0.00992907 0.00909747 0.0146969 0.018856 0.00411049 0.00671393 0.00591813 0 0.00547136 0.0137749 0.0138869 0.0136695 0.0164385 0.010385 0.0113305 0.00881594 0.0135876 0.00988512 0.00855783 0.00893338 0.00826867 0.00846775 0.00839934 0.00922819 0.00820726 0.00838587 0.0083248 0.00823266 0.00877818 0.0082661 0.00802404 0.00880472 0.00925279 0.00930454 0.00842005 0.00811378 0.0085156 0.00810078 0.00811101 0.00815585 0.0080819 0.0081983 0.0081664 0.0081436 0.00814501 0.00816195 0.008159 0.00800417 0.0080538 0.00811123 0.0080174 0.00805188 0.0080061 0.00805872 0.0099508 
0.00828193 0.00834747 0.00859775 0.00815159 0.00821869 0.00815568 0.00813853 0.00825888 0.00888772 0.00812656 0.00822726 0.00808577 0.0081814 0.00812675 0.00814351 0.00884823 0.00874046 0.00997288 0.0113247 0.0126816 0.00841377 0.00831846 0.00857615 0.00830001 0.0118803 0.0128259 0.00983634 0.0172701 0.0084068 0.00914833 0.00993837 0.0311478 0.0121483 0.0240386 0.00426132 0.00547136 0 0.0137353 0.015649 0.0189455 0.0200496 0.0125679 0.00954965 0.0107097 0.00901803 0.0166375 0.0109879 0.00839375 0.00859608 0.00841125 0.00872337 0.0087088 0.00841567 0.00834525 0.00834458 0.00831622 0.00838792 0.00897227 0.0120588 0.00819234 0.0090106 0.00819841 0.00852143 0.00909328 0.00818417 0.00820642 0.0081051 0.00811883 0.00830278 0.00820142 0.0080872 0.00812913 0.0081606 0.00810621 0.00860659 0.00835714 0.00811725 0.00800949 0.00810947 0.00803896 0.0080587 0.00861618 0.00885304 
0.0082862 0.00841498 0.00821024 0.00825748 0.00830138 0.00831472 0.00818907 0.00848648 0.00832451 0.00824523 0.00830331 0.00824817 0.00847112 0.00808033 0.0084457 0.008439 0.00890673 0.00807919 0.00870949 0.00872929 0.00843245 0.00830077 0.00825321 0.00948079 0.00988409 0.00854617 0.00981166 0.00935466 0.00830108 0.00867019 0.010734 0.0118266 0.0449239 0.0152506 0.0171802 0.0137749 0.0137353 0 0.00364781 0.00357076 0.00373706 0.00520491 0.00479667 0.0150206 0.0300549 0.671183 0.0129749 0.0104655 0.0106851 0.0113115 0.0101418 0.0177998 0.0102419 0.0105903 0.0107522 0.0096002 0.0113032 0.0126147 0.00878176 0.00952779 0.00973287 0.00909726 0.00987615 0.00887681 0.00857195 0.00854162 0.00832007 0.00889898 0.0095863 0.00841309 0.00840675 0.00833192 0.00839845 0.00836502 0.00925085 0.00812442 0.00802033 0.00805849 0.00798418 0.00798196 0.00799074 0.00851762 0.00924529 
0.00835626 0.00832791 0.00831908 0.0083664 0.00839623 0.00836982 0.00827606 0.00824322 0.00837411 0.00834889 0.0084358 0.0083679 0.00826564 0.00822194 0.00822796 0.00793249 0.00798911 0.00799534 0.00801818 0.0084734 0.00903661 0.00881514 0.00927927 0.0099435 0.00835136 0.00845371 0.00841029 0.00901396 0.00887237 0.00969056 0.00840795 0.00923465 0.0122942 0.0474833 0.014568 0.0138869 0.015649 0.00364781 0 0.00359882 0.00359113 0.0040785 0.0167536 0.0274357 0.755272 0.00907239 0.011207 0.0177893 0.0274562 0.0206786 0.0236432 0.00989328 0.00922798 0.0232624 0.018228 0.0209734 0.0133395 0.00929961 0.00856807 0.00840927 0.00824441 0.00835426 0.00876552 0.00854939 0.00930173 0.00917099 0.00884485 0.00898488 0.00812419 0.0083423 0.00898838 0.00967219 0.00983968 0.00877494 0.0081855 0.00858708 0.00845954 0.00841348 0.00810337 0.00820389 0.00815146 0.00815729 0.00808638 
0.00838191 0.00840044 0.00827325 0.00836567 0.00840042 0.00836509 0.00834658 0.00825371 0.00832982 0.00835204 0.0085126 0.00843346 0.00834679 0.00819519 0.00821979 0.00794228 0.00797637 0.00817171 0.00804477 0.00927942 0.0105607 0.00976698 0.01025 0.0100113 0.00848809 0.00869026 0.00850317 0.00906851 0.010302 0.00972638 0.00906764 0.0101627 0.0129834 0.0295076 0.0296672 0.0136695 0.0189455 0.00357076 0.00359882 0 0.00356423 0.0180766 0.0500783 0.568397 0.0107093 0.00699982 0.0116204 0.0217138 0.0244042 0.0278294 0.0314518 0.0133 0.00977905 0.0158201 0.0207867 0.0253185 0.0209102 0.00976263 0.00917557 0.00862068 0.00855273 0.00935911 0.00900552 0.00897685 0.00980343 0.0105905 0.0100519 0.00913246 0.00821059 0.00892279 0.0105245 0.0106094 0.0109955 0.0100854 0.00827828 0.00889667 0.00850025 0.00829231 0.00820231 0.00823288 0.00851056 0.0081082 0.00814471 
0.00855833 0.00847634 0.00835983 0.00841372 0.00832734 0.00830519 0.00828305 0.00830788 0.00853971 0.0083961 0.00833536 0.00836414 0.00839899 0.00819322 0.00827048 0.00874155 0.00838346 0.00844478 0.00891466 0.0111481 0.00914566 0.00881477 0.00866134 0.009035 0.00893391 0.0094745 0.00882827 0.0110251 0.00894749 0.00912915 0.00976046 0.0147211 0.0175188 0.0131039 0.029393 0.0164385 0.0200496 0.00373706 0.00359113 0.00356423 0 0.0588577 0.507162 0.00387421 0.00520164 0.0062565 0.0155689 0.0123868 0.013026 0.0117778 0.0151488 0.0246466 0.0123888 0.0105451 0.0125952 0.0109605 0.012182 0.0114334 0.00949899 0.00942062 0.0101751 0.010384 0.00912323 0.0100835 0.00928524 0.00872686 0.00880487 0.00827657 0.00825694 0.011216 0.00886526 0.00876625 0.0090155 0.00927406 0.00846494 0.0107654 0.00839929 0.00810568 0.00805471 0.00808223 0.00820911 0.00822704 0.00926521 
