1SPPB
ARINGPDECGRVIKDTSGSISNTDRQKNLCTWTILMKPDQKVRMAIPYLNLACGKEYVEVFDGLLSGPSYGKLCAGAAIVFLSTANTMTIKYNRISGNSSSPFLIYFYGSSP
CEEEHHHHCCEEECCCEEEEECCCCCCCEEEEEEECCCCCEEEEEEEEEECCECCEEEEEECCCCCCCEEEEECEEEEEEEECCCCEEEEEEEECCCCCCCCCEEEEEEECC
0 0 0 0 0 0 0 0 0 0 0 0 0 0 0 0 0 0 0 0 0 0 0 0 0 0 0 0 0 0 0 0 0 0 0 0 0 0 0 0 0 0 0 0 0 0 0 0 0 0 0 0 0 0 0 0 0 0 0 0 0 0 0 0 0 0 0 0 0 0 0 0 0 0 0 0 0 0 0 0 0 0 0 0 0 0 0 0 0 0 0 0 0 0 0 0 0 0 0 0 0 0 0 0 0 0 0 0 0 0 0 0 
0 0 0 0 0 0 0 0 0 0 0 0 0 0 0 0 0 0 0 0 0 0 0 0 0 0 0 0 0 0 0 0 0 0 0 0 0 0 0 0 0 0 0 0 0 0 0 0 0 0 0 0 0 0 0 0 0 0 0 0 0 0 0 0 0 0 0 0 0 0 0 0 0 0 0 0 0 0 0 0 0 0 0 0 0 0 0 0 0 0 0 0 0 0 0 0 0 0 0 0 0 0 0 0 0 0 0 0 0 0 0 0 
0 0.00474176 0.00405532 0.00929838 0.0293645 0.283399 0.0375107 0.00950801 0.0617524 0.0109236 0.123225 0.0282751 0.00957061 0.0347387 0.0101282 0.0225267 0.00967681 0.0438936 0.0295019 0.0112509 0.02737 0.0113436 0.0158956 0.0106617 0.0102283 0.0115735 0.00941444 0.0211171 0.0108521 0.0141584 0.0121651 0.0107479 0.0160535 0.00991226 0.0150496 0.0100444 0.00871281 0.00872366 0.0085241 0.00971905 0.00885007 0.00849017 0.00941491 0.00881067 0.00887522 0.0110106 0.0092885 0.0128729 0.0107593 0.00898788 0.0115768 0.00944005 0.01018 0.00907481 0.00916704 0.0106402 0.010909 0.00911235 0.00984253 0.00881381 0.00913777 0.00930007 0.0112857 
0.00474176 0 0.00362473 0.0123765 0.121188 0.0160019 0.00754659 0.0277781 0.00775209 0.103994 0.00971794 0.00962932 0.0365501 0.00840619 0.017468 0.00915378 0.0301208 0.00969302 0.0103596 0.0421405 0.00904811 0.0172561 0.0108887 0.0106696 0.00977462 0.00891097 0.037786 0.00886906 0.0117707 0.0101852 0.0141688 0.011199 0.00963807 0.0196947 0.00928516 0.00951868 0.00922595 0.00875562 0.0092464 0.00824503 0.00849032 0.00979385 0.0085241 0.00862025 0.00991393 0.00861803 0.0145069 0.00874266 0.00901739 0.0106693 0.00861891 0.0100958 0.00852234 0.00958089 0.00927184 0.00875768 0.0089588 0.0101145 0.00864429 0.00932014 0.00860309 0.00881939 0.00876059 
0.00405532 0.00362473 0 0.174663 0.00901872 0.00529592 0.0151553 0.00640531 0.0348388 0.00922425 0.0240779 0.0227354 0.00828048 0.0120194 0.00874221 0.0178415 0.00848603 0.0204402 0.0321686 0.00910318 0.0130588 0.00971553 0.0126034 0.00913721 0.00901058 0.0117861 0.00887734 0.0169006 0.0114415 0.0188897 0.0104955 0.00939208 0.0117482 0.00999211 0.0137099 0.0124289 0.00870931 0.00845694 0.00842694 0.00867753 0.0103139 0.00845501 0.00865438 0.00869582 0.008625 0.0106058 0.00872175 0.0114106 0.0155736 0.00887316 0.0104321 0.00872224 0.00986827 0.00893304 0.00904135 0.00846099 0.0128345 0.00901616 0.00969337 0.00880477 0.00905065 0.00853974 0.00888149 
0.00929838 0.0123765 0.174663 0 0.00406354 0.00421627 0.00523614 0.0163015 0.0129577 0.0221044 0.00817926 0.00881823 0.00802457 0.00825753 0.0102281 0.00895394 0.011997 0.0156552 0.0108988 0.0116014 0.00926066 0.011146 0.00954346 0.009327 0.0091176 0.00871906 0.0111044 0.0117558 0.0111267 0.0105965 0.00961325 0.010121 0.00933743 0.0097255 0.0124169 0.00863473 0.00838042 0.00847306 0.00832215 0.00889338 0.00822664 0.00847988 0.0087264 0.00853297 0.00873299 0.00856774 0.00872561 0.010869 0.00871091 0.0086597 0.00857433 0.0089884 0.00843388 0.00857522 0.00858957 0.01033 0.00867602 0.00865736 0.00843619 0.00856684 0.00829167 0.00853403 0.0102812 
0.0293645 0.121188 0.00901872 0.00406354 0 0.00461804 0.00871121 0.0197473 0.0190731 0.0108792 0.00649878 0.00795236 0.00934298 0.00974915 0.00863297 0.0178191 0.0152575 0.012888 0.0117389 0.0104895 0.0109922 0.00914075 0.00989573 0.00901583 0.00873391 0.0097989 0.00944647 0.0106245 0.00939152 0.0102636 0.0108042 0.0091271 0.0106966 0.0107554 0.00945435 0.00883334 0.00899961 0.00858309 0.0087526 0.00825441 0.00831583 0.00860044 0.00845126 0.00847446 0.00862735 0.00919287 0.00944756 0.00929943 0.0086506 0.00867491 0.00902504 0.00851287 0.00882665 0.00839153 0.00911138 0.00825416 0.0088017 0.00851866 0.0086459 0.00836013 0.00847916 0.00874018 0.00843683 
0.283399 0.0160019 0.00529592 0.00421627 0.00461804 0 0.0334464 0.0187478 0.00443297 0.00509764 0.00633932 0.00893214 0.0109419 0.00774547 0.00975109 0.00969608 0.0131548 0.0144698 0.013367 0.0144792 0.00877645 0.0113657 0.00924522 0.00930185 0.00893262 0.00890924 0.0126785 0.00943528 0.0181776 0.0146581 0.0096696 0.0110025 0.00924519 0.0100536 0.0107384 0.0131889 0.00905055 0.00895273 0.00839403 0.00863871 0.00955549 0.008649 0.00847071 0.00868728 0.00926672 0.00857548 0.0106136 0.00928365 0.0116616 0.0102122 0.008709 0.00975138 0.00847573 0.00923885 0.0086169 0.00881656 0.0106766 0.0092463 0.00848066 0.00885252 0.00852624 0.00855021 0.00997559 
0.0375107 0.00754659 0.0151553 0.00523614 0.00871121 0.0334464 0 0.00371567 0.00355948 0.00361262 0.00386823 0.00838929 0.0061597 0.0075434 0.00791934 0.0382325 0.00930503 0.0343289 0.0178178 0.00820146 0.0134164 0.00872056 0.0106361 0.00874092 0.0086504 0.00984702 0.0086425 0.0298528 0.0106516 0.0126544 0.0103762 0.00904201 0.0108833 0.00912821 0.0156516 0.00909573 0.00848974 0.0084661 0.00842505 0.00980775 0.00852853 0.00838087 0.00856586 0.00865332 0.00859865 0.00938867 0.00854108 0.0179436 0.00941336 0.00837387 0.00967518 0.00848775 0.0100957 0.00843112 0.00909952 0.0107383 0.00954678 0.00831567 0.00896143 0.0084052 0.00856748 0.00892774 0.0113297 
0.00950801 0.0277781 0.00640531 0.0163015 0.0197473 0.0187478 0.00371567 0 0.00352663 0.00356939 0.00356557 0.00539587 0.00961207 0.00753122 0.0572966 0.0108102 0.0417087 0.00922049 0.0081455 0.0466244 0.00866705 0.0305134 0.00990887 0.0128019 0.0114093 0.00885426 0.0349487 0.00890317 0.0104485 0.00941709 0.0153437 0.024629 0.0105689 0.0233219 0.00988873 0.00873414 0.00895757 0.0090849 0.0090175 0.00858257 0.00844969 0.00927965 0.00903579 0.00933702 0.0141281 0.0088991 0.0156279 0.00934921 0.00847832 0.013043 0.00935468 0.0308245 0.00930504 0.0133256 0.00930754 0.00940133 0.00862897 0.0138961 0.00950042 0.0134721 0.00946193 0.00967481 0.00933385 
0.0617524 0.00775209 0.0348388 0.0129577 0.0190731 0.00443297 0.00355948 0.00352663 0 0.0035251 0.00354352 0.0108129 0.00689663 0.0471143 0.0103249 0.0578442 0.00836526 0.0112701 0.0131841 0.0085583 0.0679815 0.00985617 0.0345288 0.0115708 0.0130723 0.0372685 0.00895141 0.0146583 0.00847439 0.010294 0.0155124 0.0134453 0.09463 0.010704 0.0112721 0.00889002 0.00898971 0.00958177 0.00942554 0.00891011 0.00927076 0.00904177 0.0111132 0.0137716 0.0103949 0.0386548 0.00931081 0.0104985 0.00924301 0.00984211 0.0592838 0.0111148 0.0473971 0.0122145 0.0108268 0.00883768 0.00963403 0.0105839 0.0404659 0.0124801 0.0166933 0.00977342 0.00981386 
0.0109236 0.103994 0.00922425 0.0221044 0.0108792 0.00509764 0.00361262 0.00356939 0.0035251 0 0.00370909 0.0085799 0.0471303 0.0117782 0.058758 0.0122346 0.0153677 0.00883163 0.00893882 0.0335704 0.00965197 0.0401807 0.0113828 0.0160748 0.0169849 0.00929838 0.0335402 0.00954039 0.0102174 0.00957778 0.0159395 0.0262569 0.0135512 0.0676033 0.014045 0.00892659 0.00947497 0.00902465 0.0099243 0.00873086 0.00872531 0.00967484 0.00949551 0.00961627 0.0162619 0.00964136 0.0223006 0.0093523 0.00907477 0.0221788 0.0106966 0.026677 0.0113321 0.0194743 0.0104099 0.0089527 0.00934906 0.0172847 0.0111899 0.0173795 0.010697 0.0107908 0.00913782 
0.123225 0.00971794 0.0240779 0.00817926 0.00649878 0.00633932 0.00386823 0.00356557 0.00354352 0.00370909 0 0.0576127 0.00878343 0.0290641 0.00659761 0.00864236 0.00696269 0.0209366 0.0242951 0.00865527 0.0132517 0.00955239 0.0159377 0.0102647 0.00949068 0.0128369 0.0105339 0.0406055 0.0122431 0.0195237 0.0122384 0.0107746 0.0129598 0.0125326 0.0462543 0.0137671 0.00887184 0.00869246 0.00896553 0.00993445 0.0127214 0.00887657 0.00905457 0.0103214 0.00948938 0.00975528 0.00965224 0.0151093 0.0220076 0.00966191 0.0129583 0.00986269 0.012172 0.00986879 0.0104497 0.0119497 0.0185874 0.00921523 0.0103904 0.00945298 0.00943217 0.0089503 0.0104652 
0.0282751 0.00962932 0.0227354 0.00881823 0.00795236 0.00893214 0.00838929 0.00539587 0.0108129 0.0085799 0.0576127 0 0.00364573 0.00355909 0.00352598 0.00356776 0.00357577 0.00462079 0.0154089 0.00611243 0.00866605 0.00722491 0.00823611 0.013627 0.0370537 0.0482457 0.00909266 0.0439168 0.00993881 0.0156749 0.00949277 0.00903516 0.0119208 0.00943765 0.015181 0.00991864 0.00874568 0.00861816 0.00871958 0.0104705 0.00913247 0.00876981 0.00893015 0.00937531 0.00883157 0.010852 0.00907267 0.0202087 0.0106827 0.00879439 0.0115657 0.00891889 0.0100884 0.0088717 0.0827908 0.0111426 0.0107804 0.00857373 0.00948499 0.00879694 0.00884504 0.00907919 0.0163057 
0.00957061 0.0365501 0.00828048 0.00802457 0.00934298 0.0109419 0.0061597 0.00961207 0.00689663 0.0471303 0.00878343 0.00364573 0 0.00353212 0.00351874 0.00353477 0.00362058 0.00353995 0.00543638 0.010189 0.0069054 0.0129219 0.0117469 0.100815 0.0489456 0.00833373 0.0529978 0.00800079 0.00835626 0.00868917 0.0126918 0.0147248 0.00991078 0.022752 0.0100631 0.0088188 0.00913657 0.00922707 0.00938989 0.00869625 0.00864562 0.00967785 0.00976392 0.0096085 0.0144494 0.00938581 0.0222742 0.00917492 0.00904169 0.0193883 0.0097868 0.0213228 0.00981735 0.122649 0.0102514 0.00950106 0.00954051 0.0166465 0.0102196 0.0122553 0.010176 0.0138745 0.0089526 
0.0347387 0.00840619 0.0120194 0.00825753 0.00974915 0.00774547 0.0075434 0.00753122 0.0471143 0.0117782 0.0290641 0.00355909 0.00353212 0 0.00355122 0.00355028 0.00352536 0.00357982 0.00723682 0.00645012 0.0330951 0.00902489 0.131927 0.0482661 0.00886735 0.0311941 0.00799317 0.0131391 0.0076756 0.00915649 0.0149628 0.0113452 0.0453434 0.0111629 0.0114689 0.00926494 0.00910336 0.010732 0.0103766 0.0102153 0.0107536 0.00932107 0.0118867 0.0166642 0.0123723 0.0670014 0.00954134 0.0108376 0.0102804 0.01014 0.0573468 0.0120592 0.22403 0.014947 0.0139671 0.00892626 0.0123009 0.011288 0.0511583 0.015489 0.0323687 0.0106332 0.00882587 
0.0101282 0.017468 0.00874221 0.0102281 0.00863297 0.00975109 0.00791934 0.0572966 0.0103249 0.058758 0.00659761 0.00352598 0.00351874 0.00355122 0 0.00354011 0.00356804 0.00353472 0.00457687 0.0264614 0.0126493 0.150462 0.0730902 0.0161243 0.0250817 0.00790491 0.0190771 0.00809692 0.00796109 0.00945239 0.0160226 0.050682 0.0179428 0.0428313 0.011007 0.00930995 0.0109681 0.0112541 0.0107753 0.0100118 0.00943016 0.0122139 0.0151054 0.0184 0.0889604 0.0142885 0.0252105 0.00944642 0.00948673 0.0381588 0.0167752 0.292501 0.0176204 0.0771973 0.0113353 0.0102942 0.00977684 0.0367149 0.0267957 0.09465 0.0221873 0.0128381 0.00937085 
0.0225267 0.00915378 0.0178415 0.00895394 0.0178191 0.00969608 0.0382325 0.0108102 0.0578442 0.0122346 0.00864236 0.00356776 0.00353477 0.00355028 0.00354011 0 0.00352227 0.00358544 0.013313 0.0099642 0.121043 0.0615462 0.0323526 0.0176331 0.00829814 0.0164258 0.00825764 0.011452 0.00791397 0.0104547 0.0182714 0.0151141 0.0926512 0.0118364 0.0121669 0.00993771 0.00937605 0.0111007 0.0107994 0.010088 0.00944225 0.010207 0.0149422 0.0502438 0.012538 0.062545 0.0105733 0.0115274 0.0128856 0.011674 0.240122 0.0133936 0.0981234 0.014726 0.0145372 0.00898666 0.0127788 0.0130403 0.0987596 0.0198613 0.0310296 0.0106121 0.00901541 
0.00967681 0.0301208 0.00848603 0.011997 0.0152575 0.0131548 0.00930503 0.0417087 0.00836526 0.0153677 0.00696269 0.00357577 0.00362058 0.00352536 0.00356804 0.00352227 0 0.00352745 0.00953015 0.112256 0.0355079 0.0121711 0.0132705 0.00860084 0.0100122 0.00724964 0.0172345 0.0075614 0.00844711 0.00926927 0.0155057 0.0320193 0.0108978 0.0551396 0.0103934 0.00911308 0.00978541 0.00955659 0.0101546 0.00890001 0.00916216 0.0134438 0.0191021 0.00992411 0.0204902 0.00967232 0.0319374 0.00908205 0.0094089 0.115486 0.010405 0.0408147 0.0104041 0.0263607 0.0103984 0.00916985 0.00949872 0.0342717 0.0125695 0.0267661 0.0113652 0.012176 0.00878718 
0.0438936 0.00969302 0.0204402 0.0156552 0.012888 0.0144698 0.0343289 0.00922049 0.0112701 0.00883163 0.0209366 0.00462079 0.00353995 0.00357982 0.00353472 0.00358544 0.00352745 0 0.128528 0.00566396 0.007574 0.0102352 0.00860642 0.00795454 0.00664041 0.00943488 0.00679131 0.0159374 0.0100072 0.0264565 0.0110123 0.0101252 0.0130794 0.012618 0.037434 0.0165696 0.00936237 0.00884403 0.00959221 0.0114887 0.0209177 0.0116014 0.00945188 0.0114633 0.00929463 0.0124825 0.00970923 0.0245434 0.0898109 0.00976543 0.0162399 0.00959331 0.0132544 0.0102946 0.0118589 0.00968274 0.0283784 0.00963229 0.0122963 0.00988352 0.0102621 0.00931406 0.010447 
0.0295019 0.0103596 0.0321686 0.0108988 0.0117389 0.013367 0.0178178 0.0081455 0.0131841 0.00893882 0.0242951 0.0154089 0.00543638 0.00723682 0.00457687 0.013313 0.00953015 0.128528 0 0.00363681 0.00365176 0.00356478 0.00364092 0.00357797 0.00380379 0.00419128 0.0041 0.0201312 0.00744567 0.0114682 0.00819049 0.00847875 0.0119187 0.00961191 0.0253186 0.0109341 0.00886072 0.00891868 0.00927588 0.0120574 0.00991143 0.00900737 0.00944061 0.0103905 0.00927839 0.0142836 0.0097673 0.0301391 0.0147522 0.00927645 0.0142846 0.00935693 0.0165874 0.00948435 0.0123232 0.0142805 0.0169793 0.00915471 0.0111643 0.00973772 0.00970306 0.011234 0.0169489 
0.0112509 0.0421405 0.00910318 0.0116014 0.0104895 0.0144792 0.00820146 0.0466244 0.0085583 0.0335704 0.00865527 0.00611243 0.010189 0.00645012 0.0264614 0.0099642 0.112256 0.00566396 0.00363681 0 0.00352659 0.00355987 0.0035445 0.00359333 0.0036031 0.0037017 0.0135845 0.00416987 0.00666604 0.00685451 0.00937573 0.0120564 0.00828307 0.037364 0.00952767 0.0098191 0.00952149 0.0104929 0.011016 0.00897694 0.00866859 0.0131063 0.0106056 0.0105152 0.0269828 0.00925934 0.0436558 0.00928483 0.00961315 0.0406951 0.0100077 0.0583224 0.0101207 0.0274134 0.0105404 0.0108279 0.0103551 0.0335965 0.0113865 0.0241572 0.0114493 0.0119007 0.00976447 
0.02737 0.00904811 0.0130588 0.00926066 0.0109922 0.00877645 0.0134164 0.00866705 0.0679815 0.00965197 0.0132517 0.00866605 0.0069054 0.0330951 0.0126493 0.121043 0.0355079 0.007574 0.00365176 0.00352659 0 0.0035255 0.0035355 0.00353456 0.00354352 0.0047266 0.00368344 0.00425492 0.00568332 0.00831187 0.0109348 0.00888555 0.045508 0.00936459 0.0128136 0.0101864 0.010392 0.011131 0.0107138 0.00959183 0.0117755 0.0108923 0.014051 0.0233515 0.0110152 0.0956466 0.00987045 0.0132192 0.0129743 0.0106806 0.132611 0.0119086 0.120597 0.0168736 0.0177498 0.0108338 0.0148915 0.0130674 0.0933652 0.0192954 0.0369782 0.012088 0.00948392 
0.0113436 0.0172561 0.00971553 0.011146 0.00914075 0.0113657 0.00872056 0.0305134 0.00985617 0.0401807 0.00955239 0.00722491 0.0129219 0.00902489 0.150462 0.0615462 0.0121711 0.0102352 0.00356478 0.00355987 0.0035255 0 0.00352722 0.00355522 0.00352172 0.00358282 0.00397234 0.00363458 0.00527745 0.00694114 0.00939875 0.0242343 0.00903381 0.0307497 0.0191699 0.00979094 0.0101434 0.011962 0.0103965 0.0100628 0.009317 0.0121676 0.0139581 0.0132215 0.095823 0.0128427 0.0367379 0.0103913 0.0103345 0.0590989 0.0160343 0.179356 0.0188978 0.0823581 0.0248445 0.0110333 0.0103868 0.0603559 0.0274753 0.129595 0.0270533 0.0143179 0.0107858 
0.0158956 0.0108887 0.0126034 0.00954346 0.00989573 0.00924522 0.0106361 0.00990887 0.0345288 0.0113828 0.0159377 0.00823611 0.0117469 0.131927 0.0730902 0.0323526 0.0132705 0.00860642 0.00364092 0.0035445 0.0035355 0.00352722 0 0.00354018 0.0035217 0.00353887 0.00357475 0.00365581 0.00434197 0.00788211 0.0168132 0.00992167 0.0357247 0.0163217 0.0649897 0.00949345 0.0100621 0.00968396 0.0109638 0.00996686 0.0103286 0.0112729 0.0125437 0.0339282 0.0131079 0.0838049 0.0123588 0.0133556 0.0137313 0.0142605 0.125546 0.0241616 0.120007 0.0582268 0.0189614 0.00984753 0.0147046 0.0167135 0.143362 0.0337805 0.0429003 0.0166623 0.00994234 
0.0106617 0.0106696 0.00913721 0.009327 0.00901583 0.00930185 0.00874092 0.0128019 0.0115708 0.0160748 0.0102647 0.013627 0.100815 0.0482661 0.0161243 0.0176331 0.00860084 0.00795454 0.00357797 0.00359333 0.00353456 0.00355522 0.00354018 0 0.00354123 0.00354809 0.00355064 0.00355448 0.00393 0.00758741 0.00907726 0.0209747 0.0338611 0.0562951 0.0173545 0.00900369 0.00861959 0.00965657 0.00872412 0.00927546 0.00868303 0.00967212 0.0216294 0.0125048 0.0250362 0.0132309 0.0145567 0.00994561 0.00956704 0.0396808 0.0216435 0.0382129 0.0572258 0.034004 0.010767 0.00944275 0.0100153 0.033525 0.0262214 0.033925 0.0351484 0.0115551 0.00933734 
0.0102283 0.00977462 0.00901058 0.0091176 0.00873391 0.00893262 0.0086504 0.0114093 0.0130723 0.0169849 0.00949068 0.0370537 0.0489456 0.00886735 0.0250817 0.00829814 0.0100122 0.00664041 0.00380379 0.0036031 0.00354352 0.00352172 0.0035217 0.00354123 0 0.00352208 0.00353803 0.00353563 0.00371849 0.00627924 0.0128027 0.0150751 0.0529304 0.0333834 0.00843206 0.0084078 0.00853948 0.00892476 0.00869666 0.00860088 0.00832798 0.0251345 0.00934004 0.0122934 0.0182627 0.0121961 0.0125536 0.00959734 0.0104573 0.0154691 0.0166857 0.0586803 0.0165652 0.0252608 0.0103554 0.00891671 0.0129952 0.0153868 0.0231709 0.0316132 0.0178511 0.00992963 0.00922066 
0.0115735 0.00891097 0.0117861 0.00871906 0.0097989 0.00890924 0.00984702 0.00885426 0.0372685 0.00929838 0.0128369 0.0482457 0.00833373 0.0311941 0.00790491 0.0164258 0.00724964 0.00943488 0.00419128 0.0037017 0.0047266 0.00358282 0.00353887 0.00354809 0.00352208 0 0.00356022 0.0035594 0.00372465 0.00622795 0.0139001 0.0218862 0.0655128 0.00962371 0.00745449 0.00855063 0.00851862 0.00903651 0.00894326 0.00862494 0.014087 0.00884757 0.0107495 0.0117873 0.00975687 0.0279755 0.00936648 0.0110675 0.0108546 0.0100923 0.081573 0.0110493 0.0458943 0.0119578 0.0113998 0.00886091 0.0104881 0.0104173 0.0490995 0.0132798 0.0166991 0.0103873 0.00893587 
0.00941444 0.037786 0.00887734 0.0111044 0.00944647 0.0126785 0.0086425 0.0349487 0.00895141 0.0335402 0.0105339 0.00909266 0.0529978 0.00799317 0.0190771 0.00825764 0.0172345 0.00679131 0.0041 0.0135845 0.00368344 0.00397234 0.00357475 0.00355064 0.00353803 0.00356022 0 0.00352807 0.00628128 0.00931684 0.0438722 0.0499596 0.0073763 0.0143106 0.00782104 0.0115448 0.01134 0.0100659 0.0090914 0.00874945 0.00889255 0.0117359 0.00882881 0.00911922 0.0175741 0.00872028 0.0384271 0.00905156 0.00958804 0.0460347 0.00933653 0.0311191 0.00937129 0.0209348 0.0100614 0.00960516 0.00925302 0.0367262 0.0100239 0.0182307 0.0100151 0.0109153 0.00958448 
0.0211171 0.00886906 0.0169006 0.0117558 0.0106245 0.00943528 0.0298528 0.00890317 0.0146583 0.00954039 0.0406055 0.0439168 0.00800079 0.0131391 0.00809692 0.011452 0.0075614 0.0159374 0.0201312 0.00416987 0.00425492 0.00363458 0.00365581 0.00355448 0.00353563 0.0035594 0.00352807 0 0.00972225 0.0842211 0.0251216 0.00518514 0.00763353 0.00704457 0.00960965 0.0139513 0.00855855 0.00820077 0.00830548 0.0108379 0.0138376 0.00860164 0.00902504 0.0109577 0.00880996 0.0131907 0.00950545 0.0409321 0.0372349 0.00926456 0.0164328 0.00904671 0.0136167 0.00929732 0.0119302 0.00967379 0.0310251 0.00922848 0.0114522 0.00927468 0.00958885 0.00907804 0.00980644 
0.0108521 0.0117707 0.0114415 0.0111267 0.00939152 0.0181776 0.0106516 0.0104485 0.00847439 0.0102174 0.0122431 0.00993881 0.00835626 0.0076756 0.00796109 0.00791397 0.00844711 0.0100072 0.00744567 0.00666604 0.00568332 0.00527745 0.00434197 0.00393 0.00371849 0.00372465 0.00628128 0.00972225 0 0.535173 0.00396988 0.00389764 0.00364636 0.00507408 0.00609383 0.00844602 0.00744599 0.0073828 0.00739799 0.00856317 0.00874149 0.00826887 0.00799678 0.0084162 0.00921007 0.00839101 0.0111891 0.0133833 0.0125481 0.0107723 0.00866998 0.00976279 0.00862827 0.0087876 0.00922578 0.0137048 0.0121869 0.00921522 0.00849895 0.00868752 0.00840337 0.00904401 0.0153089 
0.0141584 0.0101852 0.0188897 0.0105965 0.0102636 0.0146581 0.0126544 0.00941709 0.010294 0.00957778 0.0195237 0.0156749 0.00868917 0.00915649 0.00945239 0.0104547 0.00926927 0.0264565 0.0114682 0.00685451 0.00831187 0.00694114 0.00788211 0.00758741 0.00627924 0.00622795 0.00931684 0.0842211 0.535173 0 0.00356689 0.00354741 0.00356668 0.0036969 0.00486605 0.00845063 0.00700621 0.00777221 0.0088159 0.0249075 0.0179509 0.0282333 0.00975819 0.00903548 0.00891035 0.0114747 0.00950908 0.0312993 0.0141591 0.0106467 0.0109798 0.0101175 0.0103228 0.0102164 0.0106712 0.0362185 0.0150472 0.0103693 0.0113253 0.0106181 0.0097351 0.0111478 0.016491 
0.0121651 0.0141688 0.0104955 0.00961325 0.0108042 0.0096696 0.0103762 0.0153437 0.0155124 0.0159395 0.0122384 0.00949277 0.0126918 0.0149628 0.0160226 0.0182714 0.0155057 0.0110123 0.00819049 0.00937573 0.0109348 0.00939875 0.0168132 0.00907726 0.0128027 0.0139001 0.0438722 0.0251216 0.00396988 0.00356689 0 0.00353894 0.00347029 0.00363037 0.0036701 0.00844534 0.00831314 0.00766191 0.021987 0.0364845 0.017058 0.0113109 0.00918936 0.0138844 0.0222715 0.0135217 0.0174535 0.0108861 0.0112545 0.0206295 0.0229947 0.0141955 0.02743 0.0141797 0.056827 0.010182 0.0146821 0.0235709 0.0280211 0.0192056 0.0209577 0.0171701 0.0118482 
0.0107479 0.011199 0.00939208 0.010121 0.0091271 0.0110025 0.00904201 0.024629 0.0134453 0.0262569 0.0107746 0.00903516 0.0147248 0.0113452 0.050682 0.0151141 0.0320193 0.0101252 0.00847875 0.0120564 0.00888555 0.0242343 0.00992167 0.0209747 0.0150751 0.0218862 0.0499596 0.00518514 0.00389764 0.00354741 0.00353894 0 0.0035441 0.00357551 0.00356464 0.00739248 0.00781456 0.0176907 0.0388229 0.313737 0.00915984 0.00946598 0.0108192 0.0224768 0.0278394 0.013091 0.0195103 0.0109464 0.0101071 0.0281485 0.0138156 0.0772665 0.013878 0.118549 0.0103391 0.0111142 0.011254 0.0430095 0.0289891 0.0741014 0.0272938 0.013734 0.0105088 
0.0160535 0.00963807 0.0117482 0.00933743 0.0106966 0.00924519 0.0108833 0.0105689 0.09463 0.0135512 0.0129598 0.0119208 0.00991078 0.0453434 0.0179428 0.0926512 0.0108978 0.0130794 0.0119187 0.00828307 0.045508 0.00903381 0.0357247 0.0338611 0.0529304 0.0655128 0.0073763 0.00763353 0.00364636 0.00356668 0.00347029 0.0035441 0 0.00357551 0.00354336 0.0091196 0.0156688 0.0387134 0.479934 0.0146342 0.0087733 0.010216 0.0121866 0.016174 0.0151478 0.0405567 0.0109373 0.0113141 0.012329 0.0132249 0.0975951 0.0146777 0.248156 0.0190411 0.0205489 0.00929375 0.0174416 0.0176837 0.17084 0.039358 0.0619826 0.0149371 0.00976504 
0.00991226 0.0196947 0.00999211 0.0097255 0.0107554 0.0100536 0.00912821 0.0233219 0.010704 0.0676033 0.0125326 0.00943765 0.022752 0.0111629 0.0428313 0.0118364 0.0551396 0.012618 0.00961191 0.037364 0.00936459 0.0307497 0.0163217 0.0562951 0.0333834 0.00962371 0.0143106 0.00704457 0.00507408 0.0036969 0.00363037 0.00357551 0.00357551 0 0.00372238 0.0156713 0.0519509 0.268534 0.0144326 0.00830729 0.00813521 0.0114928 0.0109652 0.0106461 0.0152028 0.0105914 0.0395435 0.0112364 0.00994945 0.042809 0.0126334 0.0770215 0.0128521 0.0434377 0.0161201 0.0111165 0.0115448 0.0427581 0.0192767 0.0451079 0.0144228 0.0255366 0.0104725 
0.0150496 0.00928516 0.0137099 0.0124169 0.00945435 0.0107384 0.0156516 0.00988873 0.0112721 0.014045 0.0462543 0.015181 0.0100631 0.0114689 0.011007 0.0121669 0.0103934 0.037434 0.0253186 0.00952767 0.0128136 0.0191699 0.0649897 0.0173545 0.00843206 0.00745449 0.00782104 0.00960965 0.00609383 0.00486605 0.0036701 0.00356464 0.00354336 0.00372238 0 0.312753 0.0165168 0.00709133 0.0176034 0.0159718 0.0203517 0.00775331 0.010042 0.00885625 0.00913929 0.0102662 0.0142239 0.0245746 0.0189076 0.0108918 0.0172281 0.0107768 0.0142316 0.0114554 0.0169656 0.0120528 0.0235876 0.0129254 0.0146481 0.0115233 0.0130576 0.0108837 0.0147363 
0.0100444 0.00951868 0.0124289 0.00863473 0.00883334 0.0131889 0.00909573 0.00873414 0.00889002 0.00892659 0.0137671 0.00991864 0.0088188 0.00926494 0.00930995 0.00993771 0.00911308 0.0165696 0.0109341 0.0098191 0.0101864 0.00979094 0.00949345 0.00900369 0.0084078 0.00855063 0.0115448 0.0139513 0.00844602 0.00845063 0.00844534 0.00739248 0.0091196 0.0156713 0.312753 0 0.00373668 0.00353275 0.00365258 0.0040466 0.0036752 0.00460572 0.00456272 0.0133894 0.0174977 0.017153 0.00722639 0.015862 0.0104184 0.00809327 0.008273 0.00878856 0.00904083 0.00893643 0.00894486 0.0161323 0.0120761 0.00958241 0.0101855 0.0093347 0.00943333 0.0100369 0.0162345 
0.00871281 0.00922595 0.00870931 0.00838042 0.00899961 0.00905055 0.00848974 0.00895757 0.00898971 0.00947497 0.00887184 0.00874568 0.00913657 0.00910336 0.0109681 0.00937605 0.00978541 0.00936237 0.00886072 0.00952149 0.010392 0.0101434 0.0100621 0.00861959 0.00853948 0.00851862 0.01134 0.00855855 0.00744599 0.00700621 0.00831314 0.00781456 0.0156688 0.0519509 0.0165168 0.00373668 0 0.00353683 0.00377634 0.00356822 0.00362855 0.00392485 0.00467525 0.0149121 0.0108998 0.00602376 0.00931462 0.00787888 0.00721288 0.0080679 0.00858119 0.0084829 0.00855212 0.00863356 0.0133659 0.00886056 0.00934199 0.0111334 0.0100796 0.0107061 0.00971164 0.00994095 0.00950479 
0.00872366 0.00875562 0.00845694 0.00847306 0.00858309 0.00895273 0.0084661 0.0090849 0.00958177 0.00902465 0.00869246 0.00861816 0.00922707 0.010732 0.0112541 0.0111007 0.00955659 0.00884403 0.00891868 0.0104929 0.011131 0.011962 0.00968396 0.00965657 0.00892476 0.00903651 0.0100659 0.00820077 0.0073828 0.00777221 0.00766191 0.0176907 0.0387134 0.268534 0.00709133 0.00353275 0.00353683 0 0.00354088 0.00361661 0.00364644 0.00469286 0.0043675 0.00508259 0.00463135 0.00643425 0.00700132 0.00659744 0.00724608 0.00819465 0.00893321 0.0088723 0.00912007 0.0104026 0.0086304 0.00875539 0.0091197 0.0102265 0.0115452 0.011181 0.0106478 0.00908124 0.00902549 
0.0085241 0.0092464 0.00842694 0.00832215 0.0087526 0.00839403 0.00842505 0.0090175 0.00942554 0.0099243 0.00896553 0.00871958 0.00938989 0.0103766 0.0107753 0.0107994 0.0101546 0.00959221 0.00927588 0.011016 0.0107138 0.0103965 0.0109638 0.00872412 0.00869666 0.00894326 0.0090914 0.00830548 0.00739799 0.0088159 0.021987 0.0388229 0.479934 0.0144326 0.0176034 0.00365258 0.00377634 0.00354088 0 0.00358466 0.00385261 0.0110217 0.00406927 0.00413224 0.00740576 0.00528422 0.0164613 0.00563338 0.00694153 0.00908736 0.00908467 0.00809474 0.0120212 0.00875855 0.0112623 0.00793526 0.00968109 0.0106239 0.012121 0.00988041 0.0105959 0.0103825 0.00864105 
0.00971905 0.00824503 0.00867753 0.00889338 0.00825441 0.00863871 0.00980775 0.00858257 0.00891011 0.00873086 0.00993445 0.0104705 0.00869625 0.0102153 0.0100118 0.010088 0.00890001 0.0114887 0.0120574 0.00897694 0.00959183 0.0100628 0.00996686 0.00927546 0.00860088 0.00862494 0.00874945 0.0108379 0.00856317 0.0249075 0.0364845 0.313737 0.0146342 0.00830729 0.0159718 0.0040466 0.00356822 0.00361661 0.00358466 0 0.013103 0.00345686 0.00440257 0.0112985 0.00874103 0.0137702 0.00450542 0.00646601 0.0096097 0.00750244 0.00847646 0.00817821 0.00826332 0.00870463 0.00808948 0.00894678 0.012999 0.00927572 0.010167 0.0100031 0.00947855 0.00897659 0.0107595 
0.00885007 0.00849032 0.0103139 0.00822664 0.00831583 0.00955549 0.00852853 0.00844969 0.00927076 0.00872531 0.0127214 0.00913247 0.00864562 0.0107536 0.00943016 0.00944225 0.00916216 0.0209177 0.00991143 0.00866859 0.0117755 0.009317 0.0103286 0.00868303 0.00832798 0.014087 0.00889255 0.0138376 0.00874149 0.0179509 0.017058 0.00915984 0.0087733 0.00813521 0.0203517 0.0036752 0.00362855 0.00364644 0.00385261 0.013103 0 0.00524988 0.0035675 0.00357873 0.00354889 0.00372022 0.00382651 0.00470932 0.00643972 0.00672175 0.00820776 0.00700888 0.0104973 0.00754811 0.0132441 0.0853528 0.00992971 0.00885899 0.0102021 0.00916552 0.00906093 0.00958643 0.0121888 
0.00849017 0.00979385 0.00845501 0.00847988 0.00860044 0.008649 0.00838087 0.00927965 0.00904177 0.00967484 0.00887657 0.00876981 0.00967785 0.00932107 0.0122139 0.010207 0.0134438 0.0116014 0.00900737 0.0131063 0.0108923 0.0121676 0.0112729 0.00967212 0.0251345 0.00884757 0.0117359 0.00860164 0.00826887 0.0282333 0.0113109 0.00946598 0.010216 0.0114928 0.00775331 0.00460572 0.00392485 0.00469286 0.0110217 0.00345686 0.00524988 0 0.00430524 0.00374418 0.0035885 0.00360877 0.00402083 0.00355475 0.00544306 0.00713275 0.00653526 0.00790896 0.00770342 0.0115996 0.0893793 0.0163441 0.0091753 0.0131667 0.0104301 0.0112737 0.0107594 0.0110368 0.00948142 
0.00941491 0.0085241 0.00865438 0.0087264 0.00845126 0.00847071 0.00856586 0.00903579 0.0111132 0.00949551 0.00905457 0.00893015 0.00976392 0.0118867 0.0151054 0.0149422 0.0191021 0.00945188 0.00944061 0.0106056 0.014051 0.0139581 0.0125437 0.0216294 0.00934004 0.0107495 0.00882881 0.00902504 0.00799678 0.00975819 0.00918936 0.0108192 0.0121866 0.0109652 0.010042 0.00456272 0.00467525 0.0043675 0.00406927 0.00440257 0.0035675 0.00430524 0 0.00351773 0.0035353 0.00356483 0.00354931 0.00361281 0.0056051 0.00669256 0.00754737 0.00732745 0.0110386 0.109327 0.036388 0.00867584 0.00913813 0.0103234 0.0130574 0.0122523 0.0118394 0.010266 0.00915643 
0.00881067 0.00862025 0.00869582 0.00853297 0.00847446 0.00868728 0.00865332 0.00933702 0.0137716 0.00961627 0.0103214 0.00937531 0.0096085 0.0166642 0.0184 0.0502438 0.00992411 0.0114633 0.0103905 0.0105152 0.0233515 0.0132215 0.0339282 0.0125048 0.0122934 0.0117873 0.00911922 0.0109577 0.0084162 0.00903548 0.0138844 0.0224768 0.016174 0.0106461 0.00885625 0.0133894 0.0149121 0.00508259 0.00413224 0.0112985 0.00357873 0.00374418 0.00351773 0 0.00353382 0.00352728 0.00357553 0.00365282 0.00501157 0.00684465 0.00957436 0.0112686 0.127422 0.0517818 0.0172644 0.00839387 0.0107372 0.0103061 0.0207093 0.0140729 0.0158738 0.0104233 0.00977448 
0.00887522 0.00991393 0.008625 0.00873299 0.00862735 0.00926672 0.00859865 0.0141281 0.0103949 0.0162619 0.00948938 0.00883157 0.0144494 0.0123723 0.0889604 0.012538 0.0204902 0.00929463 0.00927839 0.0269828 0.0110152 0.095823 0.0131079 0.0250362 0.0182627 0.00975687 0.0175741 0.00880996 0.00921007 0.00891035 0.0222715 0.0278394 0.0151478 0.0152028 0.00913929 0.0174977 0.0108998 0.00463135 0.00740576 0.00874103 0.00354889 0.0035885 0.0035353 0.00353382 0 0.00354026 0.00355327 0.00354782 0.00438267 0.00878343 0.0103963 0.165452 0.0262485 0.0154398 0.00755046 0.00827599 0.00972705 0.0205777 0.0145205 0.0340846 0.014439 0.0113748 0.00969013 
0.0110106 0.00861803 0.0106058 0.00856774 0.00919287 0.00857548 0.00938867 0.0088991 0.0386548 0.00964136 0.00975528 0.010852 0.00938581 0.0670014 0.0142885 0.062545 0.00967232 0.0124825 0.0142836 0.00925934 0.0956466 0.0128427 0.0838049 0.0132309 0.0121961 0.0279755 0.00872028 0.0131907 0.00839101 0.0114747 0.0135217 0.013091 0.0405567 0.0105914 0.0102662 0.017153 0.00602376 0.00643425 0.00528422 0.0137702 0.00372022 0.00360877 0.00356483 0.00352728 0.00354026 0 0.00352838 0.00358845 0.00479852 0.0115912 0.221213 0.0229901 0.0266395 0.00829782 0.00894826 0.00691957 0.0127562 0.0105333 0.0468805 0.0129392 0.0221293 0.0120213 0.00900214 
0.0092885 0.0145069 0.00872175 0.00872561 0.00944756 0.0106136 0.00854108 0.0156279 0.00931081 0.0223006 0.00965224 0.00907267 0.0222742 0.00954134 0.0252105 0.0105733 0.0319374 0.00970923 0.0097673 0.0436558 0.00987045 0.0367379 0.0123588 0.0145567 0.0125536 0.00936648 0.0384271 0.00950545 0.0111891 0.00950908 0.0174535 0.0195103 0.0109373 0.0395435 0.0142239 0.00722639 0.00931462 0.00700132 0.0164613 0.00450542 0.00382651 0.00402083 0.00354931 0.00357553 0.00355327 0.00352838 0 0.00354608 0.00474741 0.22219 0.0350619 0.0138694 0.0071011 0.011853 0.00808616 0.00780758 0.00998606 0.0305379 0.011971 0.0230732 0.0117621 0.0148525 0.0121425 
0.0128729 0.00874266 0.0114106 0.010869 0.00929943 0.00928365 0.0179436 0.00934921 0.0104985 0.0093523 0.0151093 0.0202087 0.00917492 0.0108376 0.00944642 0.0115274 0.00908205 0.0245434 0.0301391 0.00928483 0.0132192 0.0103913 0.0133556 0.00994561 0.00959734 0.0110675 0.00905156 0.0409321 0.0133833 0.0312993 0.0108861 0.0109464 0.0113141 0.0112364 0.0245746 0.015862 0.00787888 0.00659744 0.00563338 0.00646601 0.00470932 0.00355475 0.00361281 0.00365282 0.00354782 0.00358845 0.00354608 0 0.19145 0.0174178 0.00701691 0.00571208 0.00652283 0.00723094 0.0082634 0.00764764 0.0236324 0.0101008 0.0136909 0.0103111 0.0116785 0.0110059 0.0166283 
0.0107593 0.00901739 0.0155736 0.00871091 0.0086506 0.0116616 0.00941336 0.00847832 0.00924301 0.00907477 0.0220076 0.0106827 0.00904169 0.0102804 0.00948673 0.0128856 0.0094089 0.0898109 0.0147522 0.00961315 0.0129743 0.0103345 0.0137313 0.00956704 0.0104573 0.0108546 0.00958804 0.0372349 0.0125481 0.0141591 0.0112545 0.0101071 0.012329 0.00994945 0.0189076 0.0104184 0.00721288 0.00724608 0.00694153 0.0096097 0.00643972 0.00544306 0.0056051 0.00501157 0.00438267 0.00479852 0.00474741 0.19145 0 0.00359913 0.00359862 0.00357154 0.00360854 0.00357481 0.00368882 0.00470294 0.0160721 0.00895158 0.0125291 0.00961791 0.0106167 0.0172637 0.088534 
0.00898788 0.0106693 0.00887316 0.0086597 0.00867491 0.0102122 0.00837387 0.013043 0.00984211 0.0221788 0.00966191 0.00879439 0.0193883 0.01014 0.0381588 0.011674 0.115486 0.00976543 0.00927645 0.0406951 0.0106806 0.0590989 0.0142605 0.0396808 0.0154691 0.0100923 0.0460347 0.00926456 0.0107723 0.0106467 0.0206295 0.0281485 0.0132249 0.042809 0.0108918 0.00809327 0.0080679 0.00819465 0.00908736 0.00750244 0.00672175 0.00713275 0.00669256 0.00684465 0.00878343 0.0115912 0.22219 0.0174178 0.00359913 0 0.00358097 0.00357073 0.00359687 0.00364874 0.00374946 0.00375357 0.0112329 0.0280018 0.0107469 0.0237078 0.0157204 0.0841702 0.0204549 
0.0115768 0.00861891 0.0104321 0.00857433 0.00902504 0.008709 0.00967518 0.00935468 0.0592838 0.0106966 0.0129583 0.0115657 0.0097868 0.0573468 0.0167752 0.240122 0.010405 0.0162399 0.0142846 0.0100077 0.132611 0.0160343 0.125546 0.0216435 0.0166857 0.081573 0.00933653 0.0164328 0.00866998 0.0109798 0.0229947 0.0138156 0.0975951 0.0126334 0.0172281 0.008273 0.00858119 0.00893321 0.00908467 0.00847646 0.00820776 0.00653526 0.00754737 0.00957436 0.0103963 0.221213 0.0350619 0.00701691 0.00359862 0.00358097 0 0.0035375 0.003602 0.00354422 0.0035911 0.00355135 0.0146873 0.0107348 0.0349437 0.020848 0.0458264 0.0225658 0.0124961 
0.00944005 0.0100958 0.00872224 0.0089884 0.00851287 0.00975138 0.00848775 0.0308245 0.0111148 0.026677 0.00986269 0.00891889 0.0213228 0.0120592 0.292501 0.0133936 0.0408147 0.00959331 0.00935693 0.0583224 0.0119086 0.179356 0.0241616 0.0382129 0.0586803 0.0110493 0.0311191 0.00904671 0.00976279 0.0101175 0.0141955 0.0772665 0.0146777 0.0770215 0.0107768 0.00878856 0.0084829 0.0088723 0.00809474 0.00817821 0.00700888 0.00790896 0.00732745 0.0112686 0.165452 0.0229901 0.0138694 0.00571208 0.00357154 0.00357073 0.0035375 0 0.00352608 0.00357354 0.00356384 0.00358731 0.0103998 0.0207509 0.0144046 0.0613588 0.0219034 0.0150769 0.0114848 
0.01018 0.00852234 0.00986827 0.00843388 0.00882665 0.00847573 0.0100957 0.00930504 0.0473971 0.0113321 0.012172 0.0100884 0.00981735 0.22403 0.0176204 0.0981234 0.0104041 0.0132544 0.0165874 0.0101207 0.120597 0.0188978 0.120007 0.0572258 0.0165652 0.0458943 0.00937129 0.0136167 0.00862827 0.0103228 0.02743 0.013878 0.248156 0.0128521 0.0142316 0.00904083 0.00855212 0.00912007 0.0120212 0.00826332 0.0104973 0.00770342 0.0110386 0.127422 0.0262485 0.0266395 0.0071011 0.00652283 0.00360854 0.00359687 0.003602 0.00352608 0 0.00353368 0.00354244 0.00353864 0.0145784 0.0131051 0.130205 0.0271698 0.022908 0.014316 0.00974009 
0.00907481 0.00958089 0.00893304 0.00857522 0.00839153 0.00923885 0.00843112 0.0133256 0.0122145 0.0194743 0.00986879 0.0088717 0.122649 0.014947 0.0771973 0.014726 0.0263607 0.0102946 0.00948435 0.0274134 0.0168736 0.0823581 0.0582268 0.034004 0.0252608 0.0119578 0.0209348 0.00929732 0.0087876 0.0102164 0.0141797 0.118549 0.0190411 0.0434377 0.0114554 0.00893643 0.00863356 0.0104026 0.00875855 0.00870463 0.00754811 0.0115996 0.109327 0.0517818 0.0154398 0.00829782 0.011853 0.00723094 0.00357481 0.00364874 0.00354422 0.00357354 0.00353368 0 0.0035266 0.00352568 0.0121209 0.0782373 0.0438401 0.0411973 0.0221684 0.013127 0.013904 
0.00916704 0.00927184 0.00904135 0.00858957 0.00911138 0.0086169 0.00909952 0.00930754 0.0108268 0.0104099 0.0104497 0.0827908 0.0102514 0.0139671 0.0113353 0.0145372 0.0103984 0.0118589 0.0123232 0.0105404 0.0177498 0.0248445 0.0189614 0.010767 0.0103554 0.0113998 0.0100614 0.0119302 0.00922578 0.0106712 0.056827 0.0103391 0.0205489 0.0161201 0.0169656 0.00894486 0.0133659 0.0086304 0.0112623 0.00808948 0.0132441 0.0893793 0.036388 0.0172644 0.00755046 0.00894826 0.00808616 0.0082634 0.00368882 0.00374946 0.0035911 0.00356384 0.00354244 0.0035266 0 0.00363654 0.0892082 0.0392106 0.0300679 0.0168774 0.0114284 0.014612 0.00937271 
0.0106402 0.00875768 0.00846099 0.01033 0.00825416 0.00881656 0.0107383 0.00940133 0.00883768 0.0089527 0.0119497 0.0111426 0.00950106 0.00892626 0.0102942 0.00898666 0.00916985 0.00968274 0.0142805 0.0108279 0.0108338 0.0110333 0.00984753 0.00944275 0.00891671 0.00886091 0.00960516 0.00967379 0.0137048 0.0362185 0.010182 0.0111142 0.00929375 0.0111165 0.0120528 0.0161323 0.00886056 0.00875539 0.00793526 0.00894678 0.0853528 0.0163441 0.00867584 0.00839387 0.00827599 0.00691957 0.00780758 0.00764764 0.00470294 0.00375357 0.00355135 0.00358731 0.00353864 0.00352568 0.00363654 0 0.0542805 0.0203828 0.00903581 0.0106837 0.00859641 0.00955481 0.0165498 
0.010909 0.0089588 0.0128345 0.00867602 0.0088017 0.0106766 0.00954678 0.00862897 0.00963403 0.00934906 0.0185874 0.0107804 0.00954051 0.0123009 0.00977684 0.0127788 0.00949872 0.0283784 0.0169793 0.0103551 0.0148915 0.0103868 0.0147046 0.0100153 0.0129952 0.0104881 0.00925302 0.0310251 0.0121869 0.0150472 0.0146821 0.011254 0.0174416 0.0115448 0.0235876 0.0120761 0.00934199 0.0091197 0.00968109 0.012999 0.00992971 0.0091753 0.00913813 0.0107372 0.00972705 0.0127562 0.00998606 0.0236324 0.0160721 0.0112329 0.0146873 0.0103998 0.0145784 0.0121209 0.0892082 0.0542805 0 0.00368444 0.00357558 0.00360053 0.00362244 0.00430404 0.0105197 
0.00911235 0.0101145 0.00901616 0.00865736 0.00851866 0.0092463 0.00831567 0.0138961 0.0105839 0.0172847 0.00921523 0.00857373 0.0166465 0.011288 0.0367149 0.0130403 0.0342717 0.00963229 0.00915471 0.0335965 0.0130674 0.0603559 0.0167135 0.033525 0.0153868 0.0104173 0.0367262 0.00922848 0.00921522 0.0103693 0.0235709 0.0430095 0.0176837 0.0427581 0.0129254 0.00958241 0.0111334 0.0102265 0.0106239 0.00927572 0.00885899 0.0131667 0.0103234 0.0103061 0.0205777 0.0105333 0.0305379 0.0101008 0.00895158 0.0280018 0.0107348 0.0207509 0.0131051 0.0782373 0.0392106 0.0203828 0.00368444 0 0.00354101 0.00355466 0.00358212 0.00372186 0.00487276 
0.00984253 0.00864429 0.00969337 0.00843619 0.0086459 0.00848066 0.00896143 0.00950042 0.0404659 0.0111899 0.0103904 0.00948499 0.0102196 0.0511583 0.0267957 0.0987596 0.0125695 0.0122963 0.0111643 0.0113865 0.0933652 0.0274753 0.143362 0.0262214 0.0231709 0.0490995 0.0100239 0.0114522 0.00849895 0.0113253 0.0280211 0.0289891 0.17084 0.0192767 0.0146481 0.0101855 0.0100796 0.0115452 0.012121 0.010167 0.0102021 0.0104301 0.0130574 0.0207093 0.0145205 0.0468805 0.011971 0.0136909 0.0125291 0.0107469 0.0349437 0.0144046 0.130205 0.0438401 0.0300679 0.00903581 0.00357558 0.00354101 0 0.00355725 0.00356323 0.00360323 0.00397754 
0.00881381 0.00932014 0.00880477 0.00856684 0.00836013 0.00885252 0.0084052 0.0134721 0.0124801 0.0173795 0.00945298 0.00879694 0.0122553 0.015489 0.09465 0.0198613 0.0267661 0.00988352 0.00973772 0.0241572 0.0192954 0.129595 0.0337805 0.033925 0.0316132 0.0132798 0.0182307 0.00927468 0.00868752 0.0106181 0.0192056 0.0741014 0.039358 0.0451079 0.0115233 0.0093347 0.0107061 0.011181 0.00988041 0.0100031 0.00916552 0.0112737 0.0122523 0.0140729 0.0340846 0.0129392 0.0230732 0.0103111 0.00961791 0.0237078 0.020848 0.0613588 0.0271698 0.0411973 0.0168774 0.0106837 0.00360053 0.00355466 0.00355725 0 0.00357137 0.00359315 0.00391882 
