1T15A
RMSMVVSGLTPEEFMLVYKFARKHHITLTNLITEETTHVVMKTDAEFVCERTLKYFLGIAGGKWVVSYFWVTQSIKERKMLNEHDFEVRGDVVNGRNHQGPKRARESQDRKIFRGLEICCYGPFTNMPTDQLEWMVQLCGASVVKELSSFTLGTGVHPIVVVQPDAWTEDNGFHAIGQMCEAPVVTREWVLDSVALYQCQELDTYLIPQIP
CCEEEEECCCHHHHHHHHHHHHHHCCEECCCCCCCCCEEEECECCCCEECCEHHHHHHHHCCCEEEECHHHHHHHHCCCCCCHHHHECCEECCCECCCCHHHHHHCCCCCCCCCCCEEEECCCCCCCCHHHHHHHHHHCCCEECCCHHHCCCCCCCCEEEEECHHHCCCCHHHHCCCCCCCCCEEEHHHHHHHHHHCCCCCCHHHECCCCC
0 0 0 0 0 0 0 0 0 0 0 0 0 0 0 0 0 0 0 0 0 0 0 0 0 0 0 0 0 0 0 0 0 0 0 0 0 0 0 0 0 0 0 0 0 0 0 0 0 0 0 0 0 0 0 0 0 0 0 0 0 0 0 0 0 0 0 0 0 0 0 0 0 0 0 0 0 0 0 0 0 0 0 0 0 0 0 0 0 0 0 0 0 0 0 0 0 0 0 0 0 0 0 0 0 0 0 0 0 0 0 0 0 0 0 0 0 0 0 0 0 0 0 0 0 0 0 0 0 0 0 0 0 0 0 0 0 0 0 0 0 0 0 0 0 0 0 0 0 0 0 0 0 0 0 0 0 0 0 0 0 0 0 0 0 0 0 0 0 0 0 0 0 0 0 0 0 0 0 0 0 0 0 0 0 0 0 0 0 0 0 0 0 0 0 0 0 0 0 0 0 0 0 0 0 0 0 0 0 0 0 
0 0 0 0 0 0 0 0 0 0 0 0 0 0 0 0 0 0 0 0 0 0 0 0 0 0 0 0 0 0 0 0 0 0 0 0 0 0 0 0 0 0 0 0 0 0 0 0 0 0 0 0 0 0 0 0 0 0 0 0 0 0 0 0 0 0 0 0 0 0 0 0 0 0 0 0 0 0 0 0 0 0 0 0 0 0 0 0 0 0 0 0 0 0 0 0 0 0 0 0 0 0 0 0 0 0 0 0 0 0 0 0 0 0 0 0 0 0 0 0 0 0 0 0 0 0 0 0 0 0 0 0 0 0 0 0 0 0 0 0 0 0 0 0 0 0 0 0 0 0 0 0 0 0 0 0 0 0 0 0 0 0 0 0 0 0 0 0 0 0 0 0 0 0 0 0 0 0 0 0 0 0 0 0 0 0 0 0 0 0 0 0 0 0 0 0 0 0 0 0 0 0 0 0 0 0 0 0 0 0 0 
0 0.00368147 0.00364869 0.00372122 0.00468169 0.105814 0.0296567 0.0450705 0.0155978 0.0146157 0.0189711 0.0209327 0.0130163 0.0139328 0.0211035 0.0190952 0.012482 0.0104882 0.0234637 0.00993813 0.00951755 0.00978813 0.0100879 0.00882288 0.00883484 0.00885952 0.0105027 0.00865936 0.00901131 0.00871893 0.00824672 0.0087518 0.00860522 0.010845 0.00877941 0.00823732 0.00888934 0.00832449 
0.00368147 0 0.00356499 0.00359832 0.00374402 0.0329969 0.0382505 0.0493204 0.0829037 0.0307079 0.0172023 0.0108389 0.0113455 0.0101808 0.0108113 0.0170248 0.0415581 0.0356264 0.0122394 0.00866793 0.00914866 0.00866068 0.00826689 0.00877485 0.0114574 0.00993275 0.00896229 0.00831315 0.00846812 0.00830333 0.00937582 0.00981624 0.0100558 0.00888111 0.0083177 0.00861026 0.00841971 0.00804636 
0.00364869 0.00356499 0 0.00356446 0.00356162 0.0174049 0.0141318 0.0188802 0.0787656 0.0530382 0.0152579 0.0091623 0.00993549 0.00921821 0.0093913 0.0142715 0.067253 0.0308917 0.0123934 0.00865908 0.00859757 0.00842046 0.00818644 0.00904405 0.0121379 0.0113227 0.0089648 0.00850242 0.00831559 0.00840253 0.00945775 0.012831 0.0103348 0.00949258 0.00852036 0.00845112 0.00858184 0.00805339 
0.00372122 0.00359832 0.00356446 0 0.00364294 0.0263616 0.0181253 0.0158457 0.0541164 0.0913398 0.0158798 0.00974972 0.0117471 0.0114694 0.0101195 0.0172839 0.0222464 0.0381054 0.0107908 0.00921302 0.00877739 0.00860209 0.00842523 0.00948159 0.0108866 0.0100142 0.00856855 0.00843832 0.00835354 0.00840917 0.00921767 0.00965364 0.0102909 0.00858926 0.0083197 0.00854996 0.00822305 0.00807587 
0.00468169 0.00374402 0.00356162 0.00364294 0 0.0158355 0.0415388 0.022308 0.0164002 0.0314665 0.0545909 0.0182919 0.0160285 0.0162272 0.0154762 0.0205841 0.0110956 0.0127969 0.0159274 0.0118114 0.0108318 0.00929402 0.0106341 0.0109574 0.00923709 0.00874046 0.00939057 0.00901426 0.00855114 0.00915937 0.00876038 0.00893877 0.00861499 0.00916062 0.00908657 0.0082076 0.0082277 0.00852124 
0.105814 0.0329969 0.0174049 0.0263616 0.0158355 0 0.00463554 0.010372 0.022718 0.0261045 0.0101252 0.0164666 0.0371 0.0117261 0.0744459 0.0171949 0.012013 0.0108203 0.0211166 0.0124116 0.0107965 0.0115594 0.0115738 0.0121661 0.00835391 0.00977392 0.00908134 0.0121365 0.00897096 0.00890526 0.00845638 0.00892361 0.00908497 0.0094523 0.00927359 0.00853214 0.00916624 0.00922964 
0.0296567 0.0382505 0.0141318 0.0181253 0.0415388 0.00463554 0 0.0253537 0.0183666 0.0138493 0.0158617 0.0381124 0.0138262 0.0315854 0.0176436 0.0166901 0.0118968 0.0111551 0.0115333 0.0153825 0.0197999 0.0101166 0.0159651 0.0104433 0.0097947 0.00845825 0.00970167 0.00880838 0.0093951 0.00981651 0.00858927 0.00846539 0.00864248 0.00867869 0.00968936 0.0082864 0.00826744 0.00928146 
0.0450705 0.0493204 0.0188802 0.0158457 0.022308 0.010372 0.0253537 0 0.0036579 0.00363027 0.00368833 0.00498431 0.00878183 0.0123979 0.0117166 0.338597 0.0184338 0.0159057 0.0470238 0.0119184 0.0132737 0.0125146 0.0121766 0.0138018 0.010692 0.00994905 0.0129822 0.00915431 0.00978739 0.0100644 0.00903896 0.00955733 0.00963047 0.0118454 0.00955461 0.00841757 0.00938995 0.00854051 
0.0155978 0.0829037 0.0787656 0.0541164 0.0164002 0.022718 0.0183666 0.0036579 0 0.00359476 0.00354569 0.00477862 0.0097214 0.00755389 0.00766549 0.0257197 0.392575 0.0429465 0.0176444 0.00974302 0.012936 0.00995788 0.00931587 0.0103536 0.0287019 0.014366 0.00951168 0.00855543 0.00878111 0.00856171 0.010502 0.0136896 0.0123054 0.0104225 0.0087813 0.00884129 0.00878727 0.00811175 
0.0146157 0.0307079 0.0530382 0.0913398 0.0314665 0.0261045 0.0138493 0.00363027 0.00359476 0 0.00352827 0.00373602 0.0114172 0.0102504 0.00721298 0.0233518 0.0542393 0.300895 0.0194069 0.0117618 0.0105478 0.00990282 0.00921895 0.0123082 0.0175774 0.0277474 0.00938151 0.00962674 0.00877447 0.00880035 0.0107925 0.0152446 0.0138583 0.0098155 0.00879083 0.00882951 0.00926019 0.00813269 
0.0189711 0.0172023 0.0152579 0.0158798 0.0545909 0.0101252 0.0158617 0.00368833 0.00354569 0.00352827 0 0.0044665 0.00737841 0.0200587 0.00684371 0.0370539 0.0148934 0.014704 0.102315 0.0108691 0.0124138 0.00919729 0.0104533 0.0117366 0.012998 0.00965501 0.0116774 0.00884003 0.00889076 0.00976368 0.00929209 0.011151 0.00988473 0.0111206 0.00943789 0.00830063 0.00940151 0.00833864 
0.0209327 0.0108389 0.0091623 0.00974972 0.0182919 0.0164666 0.0381124 0.00498431 0.00477862 0.00373602 0.0044665 0 0.0765425 0.182456 0.0378171 0.0185348 0.0132507 0.0106215 0.0185737 0.0298134 0.0182969 0.0124 0.0322571 0.0122946 0.00932232 0.00855773 0.0109161 0.00963234 0.0100905 0.010512 0.00856661 0.00819502 0.00819714 0.0101761 0.00952096 0.00818834 0.00862152 0.0109448 
0.0130163 0.0113455 0.00993549 0.0117471 0.0160285 0.0371 0.0138262 0.00878183 0.0097214 0.0114172 0.00737841 0.0765425 0 0.00489787 0.0104102 0.0221943 0.0166576 0.0201203 0.0293599 0.0153475 0.0129798 0.0237007 0.0151408 0.0115273 0.00913343 0.0103069 0.0118697 0.0104209 0.0104035 0.00868922 0.00854863 0.00864739 0.00905817 0.0108546 0.00847097 0.00853918 0.0093237 0.00844864 
0.0139328 0.0101808 0.00921821 0.0114694 0.0162272 0.0117261 0.0315854 0.0123979 0.00755389 0.0102504 0.0200587 0.182456 0.00489787 0 0.0164764 0.0209086 0.0142793 0.0410853 0.0207714 0.0131433 0.0221391 0.0125729 0.0131903 0.0103251 0.0110954 0.00873416 0.0106688 0.0090238 0.009012 0.00909493 0.00851981 0.00853065 0.00897704 0.00943554 0.00880992 0.00831774 0.00845286 0.00851757 
0.0211035 0.0108113 0.0093913 0.0101195 0.0154762 0.0744459 0.0176436 0.0117166 0.00766549 0.00721298 0.00684371 0.0378171 0.0104102 0.0164764 0 0.0252255 0.00957519 0.00779972 0.0172254 0.0511871 0.0272148 0.0163238 0.10269 0.0199278 0.00976348 0.00975904 0.0108168 0.0177327 0.01044 0.0118199 0.00873202 0.00832006 0.00859516 0.0119914 0.0103267 0.00875453 0.0103943 0.0122739 
0.0190952 0.0170248 0.0142715 0.0172839 0.0205841 0.0171949 0.0166901 0.338597 0.0257197 0.0233518 0.0370539 0.0185348 0.0221943 0.0209086 0.0252255 0 0.00363356 0.00359188 0.00480137 0.0215723 0.0196405 0.0148648 0.0132744 0.0267482 0.0145069 0.0122554 0.0241521 0.0113978 0.012098 0.0117469 0.0105774 0.0114628 0.012372 0.0167554 0.00951572 0.00876123 0.010324 0.00832379 
0.012482 0.0415581 0.067253 0.0222464 0.0110956 0.012013 0.0118968 0.0184338 0.392575 0.0542393 0.0148934 0.0132507 0.0166576 0.0142793 0.00957519 0.00363356 0 0.00359883 0.00354083 0.015093 0.0261283 0.0114582 0.00938253 0.0130799 0.0585712 0.0391488 0.011172 0.00942757 0.0101173 0.00968049 0.0175292 0.0292976 0.0216863 0.0108237 0.00952302 0.0103234 0.00939319 0.00813667 
0.0104882 0.0356264 0.0308917 0.0381054 0.0127969 0.0108203 0.0111551 0.0159057 0.0429465 0.300895 0.014704 0.0106215 0.0201203 0.0410853 0.00779972 0.00359188 0.00359883 0 0.00355602 0.0220632 0.0229277 0.0138887 0.00946801 0.0120461 0.0552571 0.0437843 0.01396 0.00922961 0.00972641 0.0091878 0.0144475 0.0259167 0.0286364 0.0116011 0.00915448 0.0100712 0.00908227 0.00826602 
0.0234637 0.0122394 0.0123934 0.0107908 0.0159274 0.0211166 0.0115333 0.0470238 0.0176444 0.0194069 0.102315 0.0185737 0.0293599 0.0207714 0.0172254 0.00480137 0.00354083 0.00355602 0 0.0272429 0.0209346 0.0333538 0.0213772 0.0336091 0.0134785 0.0134637 0.0174088 0.0149281 0.010948 0.0167077 0.0115166 0.011139 0.0105892 0.0128296 0.0134034 0.00897194 0.0100295 0.00978259 
0.00993813 0.00866793 0.00865908 0.00921302 0.0118114 0.0124116 0.0153825 0.0119184 0.00974302 0.0117618 0.0108691 0.0298134 0.0153475 0.0131433 0.0511871 0.0215723 0.015093 0.0220632 0.0272429 0 0.0242553 0.00492469 0.025819 0.0155653 0.0105875 0.0123739 0.0141851 0.0124942 0.0128667 0.0103694 0.00910598 0.00905161 0.0102636 0.0153525 0.00928177 0.00923596 0.0124677 0.0104799 
0.00951755 0.00914866 0.00859757 0.00877739 0.0108318 0.0107965 0.0197999 0.0132737 0.012936 0.0105478 0.0124138 0.0182969 0.0129798 0.0221391 0.0272148 0.0196405 0.0261283 0.0229277 0.0209346 0.0242553 0 0.00986941 0.0254133 0.0286862 0.02241 0.0129319 0.0192131 0.0113674 0.020492 0.0123098 0.0105764 0.00904819 0.0099902 0.0146857 0.010153 0.00885883 0.0099476 0.00857166 
0.00978813 0.00866068 0.00842046 0.00860209 0.00929402 0.0115594 0.0101166 0.0125146 0.00995788 0.00990282 0.00919729 0.0124 0.0237007 0.0125729 0.0163238 0.0148648 0.0114582 0.0138887 0.0333538 0.00492469 0.00986941 0 0.650433 0.0136709 0.0140167 0.0213072 0.0126312 0.0129186 0.0097616 0.0107208 0.00965076 0.00878494 0.00948556 0.0105614 0.0102966 0.00863145 0.00879444 0.00873369 
0.0100879 0.00826689 0.00818644 0.00842523 0.0106341 0.0115738 0.0159651 0.0121766 0.00931587 0.00921895 0.0104533 0.0322571 0.0151408 0.0131903 0.10269 0.0132744 0.00938253 0.00946801 0.0213772 0.025819 0.0254133 0.650433 0 0.0378856 0.0114368 0.0115623 0.0308265 0.0137484 0.0168069 0.0122835 0.00924466 0.00855921 0.00907874 0.0143108 0.0106753 0.00844366 0.00992135 0.0110922 
0.00882288 0.00877485 0.00904405 0.00948159 0.0109574 0.0121661 0.0104433 0.0138018 0.0103536 0.0123082 0.0117366 0.0122946 0.0115273 0.0103251 0.0199278 0.0267482 0.0130799 0.0120461 0.0336091 0.0155653 0.0286862 0.0136709 0.0378856 0 0.00358845 0.00368692 0.00391121 0.25783 0.0200534 0.0257125 0.0134799 0.0152793 0.0173222 0.0269093 0.0168827 0.0099639 0.0194179 0.00899033 
0.00883484 0.0114574 0.0121379 0.0108866 0.00923709 0.00835391 0.0097947 0.010692 0.0287019 0.0175774 0.012998 0.00932232 0.00913343 0.0110954 0.00976348 0.0145069 0.0585712 0.0552571 0.0134785 0.0105875 0.02241 0.0140167 0.0114368 0.00358845 0 0.00353139 0.00356427 0.0217983 0.0927469 0.0137506 0.0671773 0.0459937 0.0447208 0.0173903 0.0129413 0.0167433 0.0134133 0.00836364 
0.00885952 0.00993275 0.0113227 0.0100142 0.00874046 0.00977392 0.00845825 0.00994905 0.014366 0.0277474 0.00965501 0.00855773 0.0103069 0.00873416 0.00975904 0.0122554 0.0391488 0.0437843 0.0134637 0.0123739 0.0129319 0.0213072 0.0115623 0.00368692 0.00353139 0 0.00353844 0.051208 0.0159052 0.0121353 0.0260516 0.0682888 0.0720593 0.0155212 0.0121159 0.0153436 0.0106896 0.00891233 
0.0105027 0.00896229 0.0089648 0.00856855 0.00939057 0.00908134 0.00970167 0.0129822 0.00951168 0.00938151 0.0116774 0.0109161 0.0118697 0.0106688 0.0108168 0.0241521 0.011172 0.01396 0.0174088 0.0141851 0.0192131 0.0126312 0.0308265 0.00391121 0.00356427 0.00353844 0 0.0154205 0.0507627 0.0204944 0.0148687 0.014628 0.0246832 0.0343201 0.0201799 0.00996076 0.0126475 0.0098174 
0.00865936 0.00831315 0.00850242 0.00843832 0.00901426 0.0121365 0.00880838 0.00915431 0.00855543 0.00962674 0.00884003 0.00963234 0.0104209 0.0090238 0.0177327 0.0113978 0.00942757 0.00922961 0.0149281 0.0124942 0.0113674 0.0129186 0.0137484 0.25783 0.0217983 0.051208 0.0154205 0 0.0112241 0.0210449 0.0196625 0.0161332 0.0262124 0.0223547 0.0150598 0.0138715 0.0169182 0.0101532 
0.00901131 0.00846812 0.00831559 0.00835354 0.00855114 0.00897096 0.0093951 0.00978739 0.00878111 0.00877447 0.00889076 0.0100905 0.0104035 0.009012 0.01044 0.012098 0.0101173 0.00972641 0.010948 0.0128667 0.020492 0.0097616 0.0168069 0.0200534 0.0927469 0.0159052 0.0507627 0.0112241 0 0.0235661 0.023333 0.0137225 0.0434865 0.0478635 0.0219019 0.0153374 0.0129965 0.0115234 
0.00871893 0.00830333 0.00840253 0.00840917 0.00915937 0.00890526 0.00981651 0.0100644 0.00856171 0.00880035 0.00976368 0.010512 0.00868922 0.00909493 0.0118199 0.0117469 0.00968049 0.0091878 0.0167077 0.0103694 0.0123098 0.0107208 0.0122835 0.0257125 0.0137506 0.0121353 0.0204944 0.0210449 0.0235661 0 0.00372372 0.00360876 0.00368822 0.00414722 0.133432 0.0139232 0.0270151 0.0106794 
0.00824672 0.00937582 0.00945775 0.00921767 0.00876038 0.00845638 0.00858927 0.00903896 0.010502 0.0107925 0.00929209 0.00856661 0.00854863 0.00851981 0.00873202 0.0105774 0.0175292 0.0144475 0.0115166 0.00910598 0.0105764 0.00965076 0.00924466 0.0134799 0.0671773 0.0260516 0.0148687 0.0196625 0.023333 0.00372372 0 0.00357887 0.00360782 0.0036659 0.092989 0.104645 0.0146933 0.00941024 
0.0087518 0.00981624 0.012831 0.00965364 0.00893877 0.00892361 0.00846539 0.00955733 0.0136896 0.0152446 0.011151 0.00819502 0.00864739 0.00853065 0.00832006 0.0114628 0.0292976 0.0259167 0.011139 0.00905161 0.00904819 0.00878494 0.00855921 0.0152793 0.0459937 0.0682888 0.014628 0.0161332 0.0137225 0.00360876 0.00357887 0 0.00362317 0.00354916 0.30997 0.025612 0.0204148 0.0093159 
0.00860522 0.0100558 0.0103348 0.0102909 0.00861499 0.00908497 0.00864248 0.00963047 0.0123054 0.0138583 0.00988473 0.00819714 0.00905817 0.00897704 0.00859516 0.012372 0.0216863 0.0286364 0.0105892 0.0102636 0.0099902 0.00948556 0.00907874 0.0173222 0.0447208 0.0720593 0.0246832 0.0262124 0.0434865 0.00368822 0.00360782 0.00362317 0 0.00357707 0.0230933 0.510038 0.0290646 0.0109872 
0.010845 0.00888111 0.00949258 0.00858926 0.00916062 0.0094523 0.00867869 0.0118454 0.0104225 0.0098155 0.0111206 0.0101761 0.0108546 0.00943554 0.0119914 0.0167554 0.0108237 0.0116011 0.0128296 0.0153525 0.0146857 0.0105614 0.0143108 0.0269093 0.0173903 0.0155212 0.0343201 0.0223547 0.0478635 0.00414722 0.0036659 0.00354916 0.00357707 0 0.0318117 0.0166514 0.404702 0.0152994 
0.00877941 0.0083177 0.00852036 0.0083197 0.00908657 0.00927359 0.00968936 0.00955461 0.0087813 0.00879083 0.00943789 0.00952096 0.00847097 0.00880992 0.0103267 0.00951572 0.00952302 0.00915448 0.0134034 0.00928177 0.010153 0.0102966 0.0106753 0.0168827 0.0129413 0.0121159 0.0201799 0.0150598 0.0219019 0.133432 0.092989 0.30997 0.0230933 0.0318117 0 0.00363607 0.00358974 0.0164936 
0.00823732 0.00861026 0.00845112 0.00854996 0.0082076 0.00853214 0.0082864 0.00841757 0.00884129 0.00882951 0.00830063 0.00818834 0.00853918 0.00831774 0.00875453 0.00876123 0.0103234 0.0100712 0.00897194 0.00923596 0.00885883 0.00863145 0.00844366 0.0099639 0.0167433 0.0153436 0.00996076 0.0138715 0.0153374 0.0139232 0.104645 0.025612 0.510038 0.0166514 0.00363607 0 0.00355119 0.0164991 
0.00888934 0.00841971 0.00858184 0.00822305 0.0082277 0.00916624 0.00826744 0.00938995 0.00878727 0.00926019 0.00940151 0.00862152 0.0093237 0.00845286 0.0103943 0.010324 0.00939319 0.00908227 0.0100295 0.0124677 0.0099476 0.00879444 0.00992135 0.0194179 0.0134133 0.0106896 0.0126475 0.0169182 0.0129965 0.0270151 0.0146933 0.0204148 0.0290646 0.404702 0.00358974 0.00355119 0 0.0153369 
0.00832449 0.00804636 0.00805339 0.00807587 0.00852124 0.00922964 0.00928146 0.00854051 0.00811175 0.00813269 0.00833864 0.0109448 0.00844864 0.00851757 0.0122739 0.00832379 0.00813667 0.00826602 0.00978259 0.0104799 0.00857166 0.00873369 0.0110922 0.00899033 0.00836364 0.00891233 0.0098174 0.0101532 0.0115234 0.0106794 0.00941024 0.0093159 0.0109872 0.0152994 0.0164936 0.0164991 0.0153369 0 
