1TULA
GTPDIIVNAQINSEDENVLDFIIEDEYYLKKRGVGAHIIKVASSPQLRLLYKNAYSTVSCGNYGVLCNLVQNGEYDLNAIMFNCAEIKLNKGQMLFQTKIWR
CCCCEEEEEEECCCCCCEEEEEECCCEEECCCCCEEEEEEECCCHHHHHHHCCEEEEEECCCEEEEEECCCCCCCCCEEEEEECCCEEECCCCEEEEEEEEC
0 0 0 0 0 0 0 0 0 0 0 0 0 0 0 0 0 0 0 0 0 0 0 0 0 0 0 0 0 0 0 0 0 0 0 0 0 0 0 0 0 0 0 0 0 0 0 0 0 0 0 0 0 0 0 0 0 0 0 0 0 0 0 0 0 0 0 0 0 0 0 0 0 0 0 0 0 0 0 0 0 0 0 0 0 0 0 0 0 0 0 0 0 0 0 0 0 0 0 0 0 0 
0 0 0 0 0 0 0 0 0 0 0 0 0 0 0 0 0 0 0 0 0 0 0 0 0 0 0 0 0 0 0 0 0 0 0 0 0 0 0 0 0 0 0 0 0 0 0 0 0 0 0 0 0 0 0 0 0 0 0 0 0 0 0 0 0 0 0 0 0 0 0 0 0 0 0 0 0 0 0 0 0 0 0 0 0 0 0 0 0 0 0 0 0 0 0 0 0 0 0 0 0 0 
0 0.00360031 0.0037878 0.0036151 0.00398811 0.00416196 0.0124419 0.0140178 0.0117682 0.00857405 0.0123984 0.0115066 0.118616 0.0288252 0.0117023 0.0690801 0.021614 0.0102774 0.0141089 0.00948984 0.0297108 0.0101212 0.0820359 0.0109497 0.0122748 0.00960554 0.0101582 0.0129957 0.0120068 0.0237212 0.00941303 0.0169595 0.00902447 0.0168661 0.011262 0.0101344 0.0201182 0.00903042 0.0107924 0.00933187 0.013496 0.0230683 0.00860319 0.0364522 0.00911379 0.00911669 0.00995877 0.00917228 0.0104128 0.00888878 0.0121447 0.0115307 
0.00360031 0 0.00356886 0.00362366 0.00361042 0.0056511 0.00388019 0.0148506 0.00947932 0.0171542 0.00957289 0.054552 0.0242427 0.0173594 0.0261368 0.00912803 0.0104814 0.0279391 0.00980651 0.0289579 0.00904439 0.105416 0.00926766 0.0131919 0.00926528 0.0110592 0.0120882 0.00991522 0.0106129 0.009035 0.0312544 0.0091333 0.0340051 0.00893805 0.00986188 0.0141344 0.00909586 0.0271886 0.0111392 0.016766 0.00875909 0.00885613 0.0159242 0.00845537 0.00950531 0.0101239 0.0121519 0.0137198 0.0100443 0.0118665 0.00933105 0.010063 
0.0037878 0.00356886 0 0.00355022 0.00402549 0.00355179 0.00361793 0.00724882 0.0112952 0.00786675 0.0412935 0.0257825 0.597735 0.0135788 0.00842209 0.0106077 0.0112571 0.00911434 0.0250508 0.00893558 0.10432 0.00933585 0.0170739 0.00868855 0.0129648 0.00964147 0.00997251 0.0130357 0.00853064 0.0139723 0.00873493 0.076539 0.00896722 0.0275714 0.00850453 0.00842161 0.030278 0.00954133 0.0563336 0.00905774 0.00892983 0.0153412 0.00821662 0.0116482 0.00841803 0.0102454 0.021502 0.0130127 0.0202657 0.00965086 0.0134858 0.00912561 
0.0036151 0.00362366 0.00355022 0 0.00352181 0.0037589 0.00353127 0.00693526 0.00697092 0.0282391 0.0118048 0.792256 0.00822442 0.00800038 0.00948957 0.00802017 0.00925979 0.0137157 0.00920952 0.0479406 0.00854544 0.0426307 0.00859805 0.0115969 0.00866146 0.0131725 0.0120505 0.00869755 0.0109721 0.00848195 0.0207626 0.0087131 0.0767139 0.00864732 0.00937752 0.0132235 0.00865059 0.0451387 0.00926119 0.0135266 0.00854903 0.00850354 0.011267 0.00821063 0.00925173 0.00910351 0.0123119 0.0178321 0.0104093 0.0142507 0.00870675 0.0101077 
0.00398811 0.00361042 0.00402549 0.00352181 0 0.00351437 0.00357372 0.00557073 0.0148096 0.00852927 0.876721 0.00799548 0.0137395 0.0123217 0.00792226 0.0117524 0.0120752 0.00868385 0.0234971 0.008655 0.0569281 0.00867006 0.0192435 0.00868924 0.0134588 0.00916223 0.00942971 0.0122347 0.00857144 0.0143043 0.00865663 0.0574576 0.00877635 0.0182658 0.00853644 0.00834116 0.026889 0.00892818 0.0208537 0.0086958 0.00898734 0.0161069 0.00825234 0.0142763 0.00840301 0.0099928 0.0145125 0.0108578 0.0140506 0.00914659 0.011582 0.00895944 
0.00416196 0.0056511 0.00355179 0.0037589 0.00351437 0 0.00354947 0.0140978 0.0146033 0.837639 0.00818516 0.012154 0.00676149 0.00791268 0.0274723 0.00798042 0.0088573 0.018648 0.00884534 0.0146172 0.00857235 0.0295561 0.0085819 0.0101327 0.00887991 0.00894599 0.00942003 0.00879037 0.00934108 0.0085387 0.0174451 0.00866642 0.0134367 0.00880253 0.00871471 0.0112384 0.00869618 0.0117717 0.00859918 0.0105528 0.00826386 0.00838739 0.011753 0.00820551 0.00852609 0.00884449 0.00920445 0.00957604 0.00868226 0.00906517 0.00844034 0.00895005 
0.0124419 0.00388019 0.00361793 0.00353127 0.00357372 0.00354947 0 0.0424674 0.624555 0.00666339 0.00939972 0.00783999 0.0113582 0.0267802 0.00793004 0.00863947 0.0232979 0.00938833 0.00986031 0.0088709 0.0103941 0.00911945 0.0171674 0.0133663 0.00960662 0.00869324 0.0085826 0.00883834 0.0093181 0.0225748 0.00874998 0.00940693 0.00863733 0.00929587 0.00940953 0.0119107 0.00931656 0.00849752 0.00872807 0.0085551 0.00923824 0.0181952 0.00825963 0.00984264 0.0108045 0.00866904 0.00887504 0.00864304 0.00886519 0.00834916 0.0093606 0.00920257 
0.0140178 0.0148506 0.00724882 0.00693526 0.00557073 0.0140978 0.0424674 0 0.00377348 0.00353986 0.0035677 0.00360211 0.00462253 0.0067144 0.00718476 0.0162108 0.0121027 0.0116412 0.0132001 0.0132959 0.0118321 0.019677 0.02572 0.0162579 0.00961057 0.00963932 0.00969527 0.00958415 0.0181716 0.0125648 0.0116883 0.00964852 0.0103392 0.0105764 0.0266167 0.0205288 0.00953574 0.00976797 0.00910427 0.0106341 0.0145932 0.0119198 0.00994906 0.0149119 0.0101863 0.00918144 0.00970493 0.0102346 0.0102637 0.00978943 0.0100535 0.0184735 
0.0117682 0.00947932 0.0112952 0.00697092 0.0148096 0.0146033 0.624555 0.00377348 0 0.0035584 0.00353333 0.00361794 0.00368787 0.00565328 0.00851069 0.00886692 0.00925266 0.0101504 0.0115974 0.00942319 0.0256431 0.0132948 0.0214854 0.00907072 0.0117709 0.00941934 0.00998827 0.0221662 0.00885391 0.0108021 0.0101243 0.022807 0.010162 0.0640424 0.00929454 0.00918831 0.0297393 0.0103694 0.0221831 0.0124496 0.0091386 0.011253 0.0094699 0.0103223 0.00875373 0.0116518 0.0198378 0.0132614 0.0245041 0.0100338 0.0178818 0.0100626 
0.00857405 0.0171542 0.00786675 0.0282391 0.00852927 0.837639 0.00666339 0.00353986 0.0035584 0 0.00354759 0.00354766 0.00358096 0.00530726 0.00630777 0.00932607 0.00823653 0.0114387 0.0113354 0.0227687 0.0101588 0.0348786 0.0116896 0.0103043 0.00944857 0.0166302 0.0170364 0.00948379 0.0115186 0.00903671 0.0243753 0.0138411 0.0894616 0.0100602 0.0113873 0.0136381 0.010518 0.0760533 0.0195924 0.0176507 0.00960555 0.00911293 0.01221 0.00881324 0.00952779 0.0140446 0.0380918 0.04839 0.0202774 0.0333942 0.0117507 0.0169167 
0.0123984 0.00957289 0.0412935 0.0118048 0.876721 0.00818516 0.00939972 0.0035677 0.00353333 0.00354759 0 0.00366831 0.00355724 0.00527309 0.00942824 0.0275071 0.0105116 0.0106423 0.0209833 0.0126054 0.0419079 0.0120484 0.0172432 0.00928068 0.0143923 0.0136767 0.0126277 0.0134304 0.00920702 0.0128499 0.0122658 0.0928552 0.0127162 0.0242773 0.00963725 0.00994921 0.0404945 0.0184825 0.0579111 0.0125273 0.0100068 0.0135551 0.00942673 0.0107643 0.00946394 0.0174667 0.0546275 0.0290015 0.0556406 0.0162611 0.0202793 0.0128387 
0.0115066 0.054552 0.0257825 0.792256 0.00799548 0.012154 0.00783999 0.00360211 0.00361794 0.00354766 0.00366831 0 0.00355647 0.00570068 0.0222719 0.00711017 0.0100132 0.0194777 0.0116873 0.0196272 0.00971225 0.0322773 0.00979153 0.0113572 0.0113276 0.0105119 0.010987 0.0100019 0.0115688 0.0100371 0.0388138 0.010424 0.0196147 0.0111071 0.0117623 0.0131852 0.0109663 0.0218511 0.012241 0.0243848 0.00937043 0.00968861 0.0167871 0.00885158 0.0104551 0.0149508 0.0147141 0.0257024 0.0134611 0.0150795 0.0124227 0.0133952 
0.118616 0.0242427 0.597735 0.00822442 0.0137395 0.00676149 0.0113582 0.00462253 0.00368787 0.00358096 0.00355724 0.00355647 0 0.0732429 0.00508498 0.00521088 0.0241914 0.00819828 0.0160876 0.00866466 0.0180292 0.00878635 0.028264 0.0121911 0.012242 0.00875639 0.00890538 0.0100436 0.0100779 0.0437966 0.00942644 0.0124061 0.00908533 0.0132707 0.0102007 0.0129695 0.0152337 0.00884107 0.0109598 0.00915604 0.0135589 0.033806 0.00854851 0.0168218 0.0128457 0.00942552 0.0102702 0.0096853 0.0101417 0.00877892 0.0102927 0.0103747 
0.0288252 0.0173594 0.0135788 0.00800038 0.0123217 0.00791268 0.0267802 0.0067144 0.00565328 0.00530726 0.00527309 0.00570068 0.0732429 0 0.0038144 0.00489032 0.00700587 0.0170011 0.0536745 0.012278 0.014047 0.00875736 0.0543239 0.0109685 0.01045 0.00932354 0.0093859 0.0117242 0.0147073 0.0164492 0.00920298 0.0138134 0.00907645 0.0134936 0.0150957 0.0104383 0.0117253 0.00909552 0.00926744 0.00975482 0.0184957 0.0186758 0.00926045 0.0574869 0.00906411 0.00879891 0.00922348 0.00893826 0.00918635 0.00881765 0.00989676 0.0146173 
0.0117023 0.0261368 0.00842209 0.00948957 0.00792226 0.0274723 0.00793004 0.00718476 0.00851069 0.00630777 0.00942824 0.0222719 0.00508498 0.0038144 0 0.00444685 0.00755741 0.0394576 0.00743863 0.0071115 0.00654171 0.0163046 0.00710752 0.0106459 0.00950436 0.00881091 0.00930168 0.00921906 0.00930853 0.00950148 0.0159987 0.00864732 0.0100345 0.00979824 0.00939107 0.0102968 0.00933602 0.0092681 0.00882382 0.015372 0.00875123 0.00892829 0.0348175 0.00858229 0.00910613 0.00956009 0.00867298 0.00871443 0.0086021 0.00868304 0.00930471 0.00853332 
0.0690801 0.00912803 0.0106077 0.00802017 0.0117524 0.00798042 0.00863947 0.0162108 0.00886692 0.00932607 0.0275071 0.00711017 0.00521088 0.00489032 0.00444685 0 0.0645483 0.00658409 0.00838522 0.00495855 0.0110788 0.00593838 0.00916873 0.0115607 0.0110552 0.00865019 0.00866764 0.00910513 0.00865098 0.029928 0.00919423 0.00978033 0.00876073 0.0099623 0.00900299 0.0130974 0.0105744 0.00856247 0.0100126 0.00875531 0.00893929 0.0510145 0.0085255 0.0125233 0.0115407 0.00920773 0.00900232 0.00864523 0.00885146 0.0085667 0.00953672 0.00902917 
0.021614 0.0104814 0.0112571 0.00925979 0.0120752 0.0088573 0.0232979 0.0121027 0.00925266 0.00823653 0.0105116 0.0100132 0.0241914 0.00700587 0.00755741 0.0645483 0 0.00357649 0.00358403 0.00355856 0.00561409 0.00392321 0.0062058 0.0109542 0.00888917 0.0092197 0.00913011 0.0126077 0.0199488 0.0123438 0.00898519 0.0102834 0.00889489 0.0130796 0.0154837 0.0127287 0.0101807 0.00927427 0.0094252 0.00924256 0.0448203 0.0149373 0.00918003 0.0238769 0.00936238 0.00917694 0.00931779 0.00924476 0.00915598 0.00891178 0.0108777 0.0167568 
0.0102774 0.0279391 0.00911434 0.0137157 0.00868385 0.018648 0.00938833 0.0116412 0.0101504 0.0114387 0.0106423 0.0194777 0.00819828 0.0170011 0.0394576 0.00658409 0.00357649 0 0.0035511 0.00352994 0.00354781 0.00450314 0.00364517 0.0102274 0.0110865 0.00942326 0.010575 0.0155654 0.015176 0.00897779 0.0166371 0.00867852 0.0144863 0.0101001 0.0110912 0.0107292 0.0104698 0.0149352 0.00945612 0.0514728 0.00915503 0.00943702 0.0124122 0.00906094 0.00935825 0.0102076 0.0123753 0.0116428 0.0105 0.0104462 0.0103785 0.0114373 
0.0141089 0.00980651 0.0250508 0.00920952 0.0234971 0.00884534 0.00986031 0.0132001 0.0115974 0.0113354 0.0209833 0.0116873 0.0160876 0.0536745 0.00743863 0.00838522 0.00358403 0.0035511 0 0.00352587 0.00362118 0.00357542 0.00367814 0.00781327 0.0108453 0.00976771 0.018264 0.016831 0.00936659 0.00988449 0.0088676 0.0203913 0.00958658 0.0147911 0.00894685 0.0092021 0.0176275 0.0106612 0.10442 0.00941064 0.00978689 0.0119285 0.00894263 0.00957714 0.00882874 0.0104364 0.0179004 0.0148622 0.0139285 0.0133506 0.0121991 0.00963366 
0.00948984 0.0289579 0.00893558 0.0479406 0.008655 0.0146172 0.0088709 0.0132959 0.00942319 0.0227687 0.0126054 0.0196272 0.00866466 0.012278 0.0071115 0.00495855 0.00355856 0.00352994 0.00352587 0 0.00352024 0.0037193 0.00354631 0.0109596 0.00924226 0.026618 0.0223643 0.0095336 0.0113348 0.00865683 0.0170755 0.00852411 0.0394535 0.00859634 0.00955495 0.0134526 0.00928842 0.125679 0.00984937 0.0148695 0.00873873 0.00900485 0.0116368 0.00859869 0.00963049 0.0103946 0.0214808 0.0193664 0.0134268 0.0144753 0.00972066 0.0114673 
0.0297108 0.00904439 0.10432 0.00854544 0.0569281 0.00857235 0.0103941 0.0118321 0.0256431 0.0101588 0.0419079 0.00971225 0.0180292 0.014047 0.00654171 0.0110788 0.00561409 0.00354781 0.00362118 0.00352024 0 0.0035244 0.00374783 0.00775608 0.0355774 0.0138285 0.0128281 0.0172266 0.00873667 0.0164465 0.00837517 0.0546664 0.00846592 0.0209221 0.00871108 0.008901 0.128161 0.00949227 0.0525866 0.00935836 0.00954475 0.0224366 0.00876091 0.0170644 0.00915947 0.0130724 0.0266384 0.0175489 0.025774 0.0100467 0.0152552 0.0107558 
0.0101212 0.105416 0.00933585 0.0426307 0.00867006 0.0295561 0.00911945 0.019677 0.0132948 0.0348786 0.0120484 0.0322773 0.00878635 0.00875736 0.0163046 0.00593838 0.00392321 0.00450314 0.00357542 0.0037193 0.0035244 0 0.00353983 0.0470315 0.015111 0.0169037 0.0154451 0.0121443 0.0132942 0.00974259 0.0503403 0.00865217 0.0293314 0.00916104 0.0115168 0.0414011 0.00955856 0.039161 0.0099793 0.0273726 0.0091989 0.00966598 0.042877 0.00855127 0.0172489 0.0120216 0.0155818 0.0170619 0.010187 0.0146286 0.0107027 0.0123203 
0.0820359 0.00926766 0.0170739 0.00859805 0.0192435 0.0085819 0.0171674 0.02572 0.0214854 0.0116896 0.0172432 0.00979153 0.028264 0.0543239 0.00710752 0.00916873 0.0062058 0.00364517 0.00367814 0.00354631 0.00374783 0.00353983 0 0.0166995 0.019194 0.0089737 0.00872752 0.0125181 0.0122906 0.0376688 0.00889506 0.0158298 0.00843978 0.0167414 0.0115283 0.0130685 0.023792 0.00880038 0.0143346 0.00918259 0.0137973 0.0629953 0.00873402 0.0252465 0.0127919 0.0108985 0.0105692 0.00946284 0.0109467 0.0087832 0.012742 0.010795 
0.0109497 0.0131919 0.00868855 0.0115969 0.00868924 0.0101327 0.0133663 0.0162579 0.00907072 0.0103043 0.00928068 0.0113572 0.0121911 0.0109685 0.0106459 0.0115607 0.0109542 0.0102274 0.00781327 0.0109596 0.00775608 0.0470315 0.0166995 0 0.00371554 0.00358822 0.00361537 0.0036763 0.00478462 0.00539165 0.00679983 0.00574243 0.0132592 0.022858 0.270195 0.0310743 0.00838228 0.0114348 0.00829628 0.0121441 0.0144523 0.0118434 0.0151844 0.0131892 0.0122024 0.00936552 0.00924329 0.00957379 0.00892688 0.00973932 0.00939666 0.0178322 
0.0122748 0.00926528 0.0129648 0.00866146 0.0134588 0.00887991 0.00960662 0.00961057 0.0117709 0.00944857 0.0143923 0.0113276 0.012242 0.01045 0.00950436 0.0110552 0.00888917 0.0110865 0.0108453 0.00924226 0.0355774 0.015111 0.019194 0.00371554 0 0.00353157 0.0036072 0.00539126 0.00359812 0.00581514 0.00558398 0.00969395 0.0153744 0.269803 0.0181729 0.00815414 0.019922 0.00824734 0.0129374 0.00996208 0.0101254 0.0144869 0.0096891 0.0142071 0.00894735 0.0100992 0.0103173 0.0102036 0.0104663 0.0093422 0.0151285 0.00988659 
0.00960554 0.0110592 0.00964147 0.0131725 0.00916223 0.00894599 0.00869324 0.00963932 0.00941934 0.0166302 0.0136767 0.0105119 0.00875639 0.00932354 0.00881091 0.00865019 0.0092197 0.00942326 0.00976771 0.026618 0.0138285 0.0169037 0.0089737 0.00358822 0.00353157 0 0.00375185 0.00363377 0.00356167 0.00483249 0.00942978 0.0189878 0.181635 0.02512 0.00672474 0.00940114 0.00874844 0.0127219 0.01136 0.0101052 0.00849107 0.00954108 0.00919465 0.00863207 0.0090997 0.0094947 0.0133293 0.0117892 0.0114197 0.011191 0.00941227 0.00974769 
0.0101582 0.0120882 0.00997251 0.0120505 0.00942971 0.00942003 0.0085826 0.00969527 0.00998827 0.0170364 0.0126277 0.010987 0.00890538 0.0093859 0.00930168 0.00866764 0.00913011 0.010575 0.018264 0.0223643 0.0128281 0.0154451 0.00872752 0.00361537 0.0036072 0.00375185 0 0.00352652 0.00360017 0.00487985 0.0301545 0.0678953 0.0447016 0.00636995 0.00625893 0.00887592 0.00933864 0.0128763 0.00988732 0.00917318 0.00865266 0.0100866 0.0100036 0.00869944 0.00937675 0.0095216 0.0148431 0.0125304 0.0113764 0.0106851 0.00927714 0.00976231 
0.0129957 0.00991522 0.0130357 0.00869755 0.0122347 0.00879037 0.00883834 0.00958415 0.0221662 0.00948379 0.0134304 0.0100019 0.0100436 0.0117242 0.00921906 0.00910513 0.0126077 0.0155654 0.016831 0.0095336 0.0172266 0.0121443 0.0125181 0.0036763 0.00539126 0.00363377 0.00352652 0 0.00352997 0.0119982 0.0517789 0.0242289 0.00501726 0.00635248 0.00555289 0.00820973 0.0269688 0.00847818 0.0095412 0.00942233 0.008495 0.013807 0.00912016 0.0111674 0.0092933 0.0109896 0.0105858 0.0125371 0.0109789 0.00893174 0.0117456 0.00999088 
0.0120068 0.0106129 0.00853064 0.0109721 0.00857144 0.00934108 0.0093181 0.0181716 0.00885391 0.0115186 0.00920702 0.0115688 0.0100779 0.0147073 0.00930853 0.00865098 0.0199488 0.015176 0.00936659 0.0113348 0.00873667 0.0132942 0.0122906 0.00478462 0.00359812 0.00356167 0.00360017 0.00352997 0 0.204317 0.0285991 0.00387158 0.00562124 0.00471281 0.00560455 0.0221771 0.00817379 0.00905877 0.00837359 0.00996869 0.011076 0.0152976 0.0109119 0.00886032 0.0141907 0.00916923 0.00960349 0.0097813 0.00907397 0.00920062 0.00908695 0.0122482 
0.0237212 0.009035 0.0139723 0.00848195 0.0143043 0.0085387 0.0225748 0.0125648 0.0108021 0.00903671 0.0128499 0.0100371 0.0437966 0.0164492 0.00950148 0.029928 0.0123438 0.00897779 0.00988449 0.00865683 0.0164465 0.00974259 0.0376688 0.00539165 0.00581514 0.00483249 0.00487985 0.0119982 0.204317 0 0.00355032 0.00362279 0.0035938 0.00413086 0.0043696 0.00902664 0.0102687 0.00770087 0.00984603 0.0121869 0.814977 0.0192699 0.00929005 0.0517153 0.0109027 0.00964331 0.0099378 0.00970224 0.0106568 0.00912572 0.0121742 0.0198953 
0.00941303 0.0312544 0.00873493 0.0207626 0.00865663 0.0174451 0.00874998 0.0116883 0.0101243 0.0243753 0.0122658 0.0388138 0.00942644 0.00920298 0.0159987 0.00919423 0.00898519 0.0166371 0.0088676 0.0170755 0.00837517 0.0503403 0.00889506 0.00679983 0.00558398 0.00942978 0.0301545 0.0517789 0.0285991 0.00355032 0 0.00353376 0.00355504 0.00387648 0.00386822 0.0135849 0.00788537 0.0107272 0.0101312 0.92572 0.0112266 0.00855851 0.0345633 0.00905711 0.0115586 0.0115317 0.0134102 0.013758 0.0103239 0.013067 0.0128982 0.0166201 
0.0169595 0.0091333 0.076539 0.0087131 0.0574576 0.00866642 0.00940693 0.00964852 0.022807 0.0138411 0.0928552 0.010424 0.0124061 0.0138134 0.00864732 0.00978033 0.0102834 0.00867852 0.0203913 0.00852411 0.0546664 0.00865217 0.0158298 0.00574243 0.00969395 0.0189878 0.0678953 0.0242289 0.00387158 0.00362279 0.00353376 0 0.00375526 0.00373343 0.00352721 0.00664374 0.0153811 0.00844551 0.955034 0.00906814 0.00839177 0.0169271 0.00830329 0.013468 0.0087154 0.0115235 0.0167962 0.0129312 0.0214076 0.0119516 0.0193028 0.0103224 
0.00902447 0.0340051 0.00896722 0.0767139 0.00877635 0.0134367 0.00863733 0.0103392 0.010162 0.0894616 0.0127162 0.0196147 0.00908533 0.00907645 0.0100345 0.00876073 0.00889489 0.0144863 0.00958658 0.0394535 0.00846592 0.0293314 0.00843978 0.0132592 0.0153744 0.181635 0.0447016 0.00501726 0.00562124 0.0035938 0.00355504 0.00375526 0 0.00356004 0.00353856 0.0174034 0.00764885 0.954386 0.00955086 0.0114627 0.00787263 0.00799259 0.0133469 0.00842101 0.010398 0.00956603 0.01629 0.0173023 0.0131273 0.0185458 0.00927759 0.0133004 
0.0168661 0.00893805 0.0275714 0.00864732 0.0182658 0.00880253 0.00929587 0.0105764 0.0640424 0.0100602 0.0242773 0.0111071 0.0132707 0.0134936 0.00979824 0.0099623 0.0130796 0.0101001 0.0147911 0.00859634 0.0209221 0.00916104 0.0167414 0.022858 0.269803 0.02512 0.00636995 0.00635248 0.00471281 0.00413086 0.00387648 0.00373343 0.00356004 0 0.00353356 0.00798822 0.982062 0.00787047 0.0146276 0.00866459 0.00819945 0.0192143 0.00882347 0.0134902 0.00968867 0.0130755 0.012988 0.012783 0.013388 0.00905739 0.02415 0.0105168 
0.011262 0.00986188 0.00850453 0.00937752 0.00853644 0.00871471 0.00940953 0.0266167 0.00929454 0.0113873 0.00963725 0.0117623 0.0102007 0.0150957 0.00939107 0.00900299 0.0154837 0.0110912 0.00894685 0.00955495 0.00871108 0.0115168 0.0115283 0.270195 0.0181729 0.00672474 0.00625893 0.00555289 0.00560455 0.0043696 0.00386822 0.00352721 0.00353856 0.00353356 0 0.952491 0.00658775 0.00815177 0.00707277 0.00867566 0.00930961 0.0117958 0.00939413 0.00862814 0.0151674 0.0103166 0.0110234 0.00986538 0.00934185 0.00928443 0.00992788 0.0198981 
0.0101344 0.0141344 0.00842161 0.0132235 0.00834116 0.0112384 0.0119107 0.0205288 0.00918831 0.0136381 0.00994921 0.0131852 0.0129695 0.0104383 0.0102968 0.0130974 0.0127287 0.0107292 0.0092021 0.0134526 0.008901 0.0414011 0.0130685 0.0310743 0.00815414 0.00940114 0.00887592 0.00820973 0.0221771 0.00902664 0.0135849 0.00664374 0.0174034 0.00798822 0.952491 0 0.00360514 0.003639 0.00353907 0.00375768 0.0041385 0.00533053 0.0131022 0.00759228 0.0147888 0.0084326 0.0107265 0.0103746 0.0111669 0.0156841 0.012116 0.0438952 
0.0201182 0.00909586 0.030278 0.00865059 0.026889 0.00869618 0.00931656 0.00953574 0.0297393 0.010518 0.0404945 0.0109663 0.0152337 0.0117253 0.00933602 0.0105744 0.0101807 0.0104698 0.0176275 0.00928842 0.128161 0.00955856 0.023792 0.00838228 0.019922 0.00874844 0.00933864 0.0269688 0.00817379 0.0102687 0.00788537 0.0153811 0.00764885 0.982062 0.00658775 0.00360514 0 0.00356146 0.00354607 0.00361676 0.00356521 0.00728857 0.00742987 0.0295991 0.00760075 0.0167692 0.00951676 0.0136023 0.0159715 0.0099708 0.0666312 0.036276 
0.00903042 0.0271886 0.00954133 0.0451387 0.00892818 0.0117717 0.00849752 0.00976797 0.0103694 0.0760533 0.0184825 0.0218511 0.00884107 0.00909552 0.0092681 0.00856247 0.00927427 0.0149352 0.0106612 0.125679 0.00949227 0.039161 0.00880038 0.0114348 0.00824734 0.0127219 0.0128763 0.00847818 0.00905877 0.00770087 0.0107272 0.00844551 0.954386 0.00787047 0.00815177 0.003639 0.00356146 0 0.00354513 0.00359154 0.00353867 0.00422561 0.00840279 0.00759498 0.0239123 0.00756987 0.0209859 0.010775 0.0119371 0.0258982 0.0188975 0.0291201 
0.0107924 0.0111392 0.0563336 0.00926119 0.0208537 0.00859918 0.00872807 0.00910427 0.0221831 0.0195924 0.0579111 0.012241 0.0109598 0.00926744 0.00882382 0.0100126 0.0094252 0.00945612 0.10442 0.00984937 0.0525866 0.0099793 0.0143346 0.00829628 0.0129374 0.01136 0.00988732 0.0095412 0.00837359 0.00984603 0.0101312 0.955034 0.00955086 0.0146276 0.00707277 0.00353907 0.00354607 0.00354513 0 0.00353243 0.00352653 0.0067508 0.00841586 0.0410744 0.00740447 0.0146241 0.0104628 0.0144095 0.0395765 0.0236752 0.0205238 0.0130234 
0.00933187 0.016766 0.00905774 0.0135266 0.0086958 0.0105528 0.0085551 0.0106341 0.0124496 0.0176507 0.0125273 0.0243848 0.00915604 0.00975482 0.015372 0.00875531 0.00924256 0.0514728 0.00941064 0.0148695 0.00935836 0.0273726 0.00918259 0.0121441 0.00996208 0.0101052 0.00917318 0.00942233 0.00996869 0.0121869 0.92572 0.00906814 0.0114627 0.00866459 0.00867566 0.00375768 0.00361676 0.00359154 0.00353243 0 0.00367415 0.0131953 0.0311458 0.00513823 0.0100623 0.010549 0.0141329 0.0308592 0.0188439 0.0158891 0.015406 0.0140673 
0.013496 0.00875909 0.00892983 0.00854903 0.00898734 0.00826386 0.00923824 0.0145932 0.0091386 0.00960555 0.0100068 0.00937043 0.0135589 0.0184957 0.00875123 0.00893929 0.0448203 0.00915503 0.00978689 0.00873873 0.00954475 0.0091989 0.0137973 0.0144523 0.0101254 0.00849107 0.00865266 0.008495 0.011076 0.814977 0.0112266 0.00839177 0.00787263 0.00819945 0.00930961 0.0041385 0.00356521 0.00353867 0.00352653 0.00367415 0 0.0500071 0.00439198 0.00471904 0.0105022 0.0143554 0.0138194 0.0136888 0.00887297 0.00762023 0.0113472 0.0133889 
0.0230683 0.00885613 0.0153412 0.00850354 0.0161069 0.00838739 0.0181952 0.0119198 0.011253 0.00911293 0.0135551 0.00968861 0.033806 0.0186758 0.00892829 0.0510145 0.0149373 0.00943702 0.0119285 0.00900485 0.0224366 0.00966598 0.0629953 0.0118434 0.0144869 0.00954108 0.0100866 0.013807 0.0152976 0.0192699 0.00855851 0.0169271 0.00799259 0.0192143 0.0117958 0.00533053 0.00728857 0.00422561 0.0067508 0.0131953 0.0500071 0 0.00364728 0.0056549 0.0057705 0.00983544 0.103826 0.0143993 0.00959112 0.00731951 0.0129641 0.0186226 
0.00860319 0.0159242 0.00821662 0.011267 0.00825234 0.011753 0.00825963 0.00994906 0.0094699 0.01221 0.00942673 0.0167871 0.00854851 0.00926045 0.0348175 0.0085255 0.00918003 0.0124122 0.00894263 0.0116368 0.00876091 0.042877 0.00873402 0.0151844 0.0096891 0.00919465 0.0100036 0.00912016 0.0109119 0.00929005 0.0345633 0.00830329 0.0133469 0.00882347 0.00939413 0.0131022 0.00742987 0.00840279 0.00841586 0.0311458 0.00439198 0.00364728 0 0.00356752 0.0175216 0.0903275 0.0122203 0.00721144 0.00650729 0.00719838 0.00899712 0.00910297 
0.0364522 0.00845537 0.0116482 0.00821063 0.0142763 0.00820551 0.00984264 0.0149119 0.0103223 0.00881324 0.0107643 0.00885158 0.0168218 0.0574869 0.00858229 0.0125233 0.0238769 0.00906094 0.00957714 0.00859869 0.0170644 0.00855127 0.0252465 0.0131892 0.0142071 0.00863207 0.00869944 0.0111674 0.00886032 0.0517153 0.00905711 0.013468 0.00842101 0.0134902 0.00862814 0.00759228 0.0295991 0.00759498 0.0410744 0.00513823 0.00471904 0.0056549 0.00356752 0 0.0771332 0.00993043 0.00430278 0.00476648 0.00684874 0.00616119 0.0125251 0.00873287 
0.00911379 0.00950531 0.00841803 0.00925173 0.00840301 0.00852609 0.0108045 0.0101863 0.00875373 0.00952779 0.00946394 0.0104551 0.0128457 0.00906411 0.00910613 0.0115407 0.00936238 0.00935825 0.00882874 0.00963049 0.00915947 0.0172489 0.0127919 0.0122024 0.00894735 0.0090997 0.00937675 0.0092933 0.0141907 0.0109027 0.0115586 0.0087154 0.010398 0.00968867 0.0151674 0.0147888 0.00760075 0.0239123 0.00740447 0.0100623 0.0105022 0.0057705 0.0175216 0.0771332 0 0.00368708 0.00354906 0.00356883 0.00359551 0.00384155 0.00408888 0.0159746 
0.00911669 0.0101239 0.0102454 0.00910351 0.0099928 0.00884449 0.00866904 0.00918144 0.0116518 0.0140446 0.0174667 0.0149508 0.00942552 0.00879891 0.00956009 0.00920773 0.00917694 0.0102076 0.0104364 0.0103946 0.0130724 0.0120216 0.0108985 0.00936552 0.0100992 0.0094947 0.0095216 0.0109896 0.00916923 0.00964331 0.0115317 0.0115235 0.00956603 0.0130755 0.0103166 0.0084326 0.0167692 0.00756987 0.0146241 0.010549 0.0143554 0.00983544 0.0903275 0.00993043 0.00368708 0 0.003556 0.00355948 0.00353469 0.00352631 0.00385997 0.00452983 
0.00995877 0.0121519 0.021502 0.0123119 0.0145125 0.00920445 0.00887504 0.00970493 0.0198378 0.0380918 0.0546275 0.0147141 0.0102702 0.00922348 0.00867298 0.00900232 0.00931779 0.0123753 0.0179004 0.0214808 0.0266384 0.0155818 0.0105692 0.00924329 0.0103173 0.0133293 0.0148431 0.0105858 0.00960349 0.0099378 0.0134102 0.0167962 0.01629 0.012988 0.0110234 0.0107265 0.00951676 0.0209859 0.0104628 0.0141329 0.0138194 0.103826 0.0122203 0.00430278 0.00354906 0.003556 0 0.00352085 0.00353033 0.00356645 0.00363283 0.00408773 
0.00917228 0.0137198 0.0130127 0.0178321 0.0108578 0.00957604 0.00864304 0.0102346 0.0132614 0.04839 0.0290015 0.0257024 0.0096853 0.00893826 0.00871443 0.00864523 0.00924476 0.0116428 0.0148622 0.0193664 0.0175489 0.0170619 0.00946284 0.00957379 0.0102036 0.0117892 0.0125304 0.0125371 0.0097813 0.00970224 0.013758 0.0129312 0.0173023 0.012783 0.00986538 0.0103746 0.0136023 0.010775 0.0144095 0.0308592 0.0136888 0.0143993 0.00721144 0.00476648 0.00356883 0.00355948 0.00352085 0 0.00352331 0.00356108 0.00417058 0.00424974 
0.0104128 0.0100443 0.0202657 0.0104093 0.0140506 0.00868226 0.00886519 0.0102637 0.0245041 0.0202774 0.0556406 0.0134611 0.0101417 0.00918635 0.0086021 0.00885146 0.00915598 0.0105 0.0139285 0.0134268 0.025774 0.010187 0.0109467 0.00892688 0.0104663 0.0114197 0.0113764 0.0109789 0.00907397 0.0106568 0.0103239 0.0214076 0.0131273 0.013388 0.00934185 0.0111669 0.0159715 0.0119371 0.0395765 0.0188439 0.00887297 0.00959112 0.00650729 0.00684874 0.00359551 0.00353469 0.00353033 0.00352331 0 0.0036923 0.00353847 0.00381678 
0.00888878 0.0118665 0.00965086 0.0142507 0.00914659 0.00906517 0.00834916 0.00978943 0.0100338 0.0333942 0.0162611 0.0150795 0.00877892 0.00881765 0.00868304 0.0085667 0.00891178 0.0104462 0.0133506 0.0144753 0.0100467 0.0146286 0.0087832 0.00973932 0.0093422 0.011191 0.0106851 0.00893174 0.00920062 0.00912572 0.013067 0.0119516 0.0185458 0.00905739 0.00928443 0.0156841 0.0099708 0.0258982 0.0236752 0.0158891 0.00762023 0.00731951 0.00719838 0.00616119 0.00384155 0.00352631 0.00356645 0.00356108 0.0036923 0 0.00354589 0.0035604 
0.0121447 0.00933105 0.0134858 0.00870675 0.011582 0.00844034 0.0093606 0.0100535 0.0178818 0.0117507 0.0202793 0.0124227 0.0102927 0.00989676 0.00930471 0.00953672 0.0108777 0.0103785 0.0121991 0.00972066 0.0152552 0.0107027 0.012742 0.00939666 0.0151285 0.00941227 0.00927714 0.0117456 0.00908695 0.0121742 0.0128982 0.0193028 0.00927759 0.02415 0.00992788 0.012116 0.0666312 0.0188975 0.0205238 0.015406 0.0113472 0.0129641 0.00899712 0.0125251 0.00408888 0.00385997 0.00363283 0.00417058 0.00353847 0.00354589 0 0.00355217 
0.0115307 0.010063 0.00912561 0.0101077 0.00895944 0.00895005 0.00920257 0.0184735 0.0100626 0.0169167 0.0128387 0.0133952 0.0103747 0.0146173 0.00853332 0.00902917 0.0167568 0.0114373 0.00963366 0.0114673 0.0107558 0.0123203 0.010795 0.0178322 0.00988659 0.00974769 0.00976231 0.00999088 0.0122482 0.0198953 0.0166201 0.0103224 0.0133004 0.0105168 0.0198981 0.0438952 0.036276 0.0291201 0.0130234 0.0140673 0.0133889 0.0186226 0.00910297 0.00873287 0.0159746 0.00452983 0.00408773 0.00424974 0.00381678 0.0035604 0.00355217 0 
