1V5XA
MRVKICGITRLEDALLAEALGAFALGFVLAPGSRRRIAPEAARAIGEALGPFVVRVGVFRDQPPEEVLRLMEEARLQVAQLHGEEPPEWAEAVGRFYPVIKAFPLEGPARPEWADYPAQALLLDGKRPGSGEAYPRAWAKPLLATGRRVILAGGIAPENLEEVLALRPYALDLASGVEEAPGVKSAEKLRALFARLASLR
CEEEECCCCCHHHHHHHHHHCCCEEEEECCCCCCCECCHHHHHHHHHHCCCCCEEEEEECCCCHHHHHHHHHHCCCCEEEECCCCCHHHHHHHCCCCCEEEEEECCCCCCHHHHHCCCCEEEEECCCCCCCCCCCHHHHHHHHHCCCCEEECCCCCCCCHHHHHHHCCCEEEECHHHEEECCEECHHHHHHHHHHHHHCC
0 0 0 0 0 0 0 0 0 0 0 0 0 0 0 0 0 0 0 0 0 0 0 0 0 0 0 0 0 0 0 0 0 0 0 0 0 0 0 0 0 0 0 0 0 0 0 0 0 0 0 0 0 0 0 0 0 0 0 0 0 0 0 0 0 0 0 0 0 0 0 0 0 0 0 0 0 0 0 0 0 0 0 0 0 0 0 0 0 0 0 0 0 0 0 0 0 0 0 0 0 0 0 0 0 0 0 0 0 0 0 0 0 0 0 0 0 0 0 0 0 0 0 0 0 0 0 0 0 0 0 0 0 0 0 0 0 0 0 0 0 0 0 0 0 0 0 0 0 0 0 0 0 0 0 0 0 0 0 0 0 0 0 0 0 0 0 0 0 0 0 0 0 0 0 0 0 0 0 0 0 0 0 0 0 0 0 0 0 0 0 0 0 0 0 0 0 0 0 0 
0 0 0 0 0 0 0 0 0 0 0 0 0 0 0 0 0 0 0 0 0 0 0 0 0 0 0 0 0 0 0 0 0 0 0 0 0 0 0 0 0 0 0 0 0 0 0 0 0 0 0 0 0 0 0 0 0 0 0 0 0 0 0 0 0 0 0 0 0 0 0 0 0 0 0 0 0 0 0 0 0 0 0 0 0 0 0 0 0 0 0 0 0 0 0 0 0 0 0 0 0 0 0 0 0 0 0 0 0 0 0 0 0 0 0 0 0 0 0 0 0 0 0 0 0 0 0 0 0 0 0 0 0 0 0 0 0 0 0 0 0 0 0 0 0 0 0 0 0 0 0 0 0 0 0 0 0 0 0 0 0 0 0 0 0 0 0 0 0 0 0 0 0 0 0 0 0 0 0 0 0 0 0 0 0 0 0 0 0 0 0 0 0 0 0 0 0 0 0 0 
0 0.00386027 0.00366015 0.00435199 0.210146 0.038068 0.0230519 0.0256193 0.0834712 0.0281982 0.0263389 0.016468 0.0196321 0.0204703 0.0146764 0.0237413 0.0192509 0.0130101 0.0121386 0.0144148 0.015174 0.0119614 0.0126834 0.0110252 0.00910315 0.0125494 0.0105365 0.0103243 0.0109303 0.010033 0.0100952 0.00913368 0.00924594 0.0106051 0.00886621 0.00855331 0.00865938 0.00943902 0.00835824 0.00831487 0.00826912 0.00832729 0.00877398 
0.00386027 0 0.00374749 0.00362319 0.10984 0.203932 0.0610294 0.113376 0.0243875 0.0128946 0.0432068 0.0498653 0.060486 0.0452626 0.0300179 0.0130704 0.024079 0.0512594 0.0148271 0.0137485 0.0213595 0.0192784 0.0159081 0.0191441 0.0126693 0.00899384 0.0132408 0.0146524 0.0136187 0.0122851 0.00865685 0.0104547 0.00966067 0.00917332 0.00872272 0.00925022 0.00887906 0.00874936 0.00823835 0.00826857 0.00803135 0.00829279 0.00829295 
0.00366015 0.00374749 0 0.00358557 0.0681983 0.0605443 0.272776 0.163423 0.0365019 0.0142055 0.0167311 0.0605523 0.0229469 0.0629337 0.06644 0.0098115 0.0149936 0.0373237 0.0593997 0.0105039 0.013939 0.0175504 0.0200499 0.0198859 0.0106624 0.00927082 0.0104804 0.0133023 0.0157607 0.012526 0.00950282 0.00873003 0.00967291 0.00937074 0.00898088 0.00897849 0.00956695 0.0083085 0.00812211 0.00831231 0.00808087 0.00829925 0.00822959 
0.00435199 0.00362319 0.00358557 0 0.0251944 0.204268 0.0665695 0.183724 0.285429 0.022022 0.037693 0.0134409 0.0265201 0.019036 0.0259302 0.0293325 0.0260713 0.0170118 0.015937 0.0386721 0.024854 0.0140392 0.0142978 0.0158485 0.00994777 0.010608 0.0158504 0.0125852 0.0131304 0.0123952 0.0112377 0.0109147 0.00898956 0.0122562 0.00935271 0.00854674 0.00849174 0.00925128 0.0085404 0.00810172 0.00815319 0.00872949 0.00819925 
0.210146 0.10984 0.0681983 0.0251944 0 0.0037602 0.00357183 0.00360303 0.00444174 0.0204357 0.299454 0.027095 0.0190184 0.0195122 0.0188917 0.023279 0.0260932 0.0163202 0.01507 0.0169725 0.0176751 0.0156513 0.0141489 0.0112692 0.0130956 0.017417 0.0129221 0.013951 0.0117833 0.0112768 0.0124516 0.0104099 0.00921864 0.0119216 0.00921063 0.00910479 0.00869271 0.00950105 0.00814306 0.00810344 0.00815632 0.00838764 0.00875459 
0.038068 0.203932 0.0605443 0.204268 0.0037602 0 0.00356659 0.00360735 0.00362164 0.00838229 0.0396043 0.304339 0.0388057 0.0489757 0.0261893 0.0106576 0.0167347 0.0424029 0.014927 0.013773 0.0138719 0.0231485 0.0194332 0.0214676 0.0152539 0.00906175 0.0125408 0.018753 0.0187601 0.0156347 0.00897565 0.0090427 0.00965216 0.00979898 0.00882285 0.00963194 0.00900212 0.0087435 0.00817278 0.00834432 0.00807768 0.0084005 0.00819956 
0.0230519 0.0610294 0.272776 0.0665695 0.00357183 0.00356659 0 0.00355278 0.0037993 0.00747539 0.034182 0.0618934 0.312305 0.0924893 0.0340258 0.0108548 0.0183677 0.033682 0.0398247 0.0130782 0.0140135 0.0249404 0.0520092 0.0394689 0.0122609 0.0102137 0.010628 0.0220109 0.0417115 0.0156425 0.00942887 0.00910093 0.00998631 0.0104813 0.00883203 0.0097429 0.0100619 0.00879188 0.00818438 0.00847285 0.00808411 0.00829926 0.00818441 
0.0256193 0.113376 0.163423 0.183724 0.00360303 0.00360735 0.00355278 0 0.00381232 0.0139188 0.024755 0.0948605 0.0564352 0.249057 0.0960158 0.0236343 0.0140696 0.0433938 0.0643531 0.0199106 0.0140794 0.0293898 0.0303427 0.0187698 0.0191689 0.00962157 0.0109791 0.0210571 0.0204205 0.0247042 0.00997464 0.00933449 0.0111431 0.0114154 0.00931117 0.00969516 0.00974291 0.0085273 0.00831891 0.00830485 0.00809135 0.00843861 0.00827482 
0.0834712 0.0243875 0.0365019 0.285429 0.00444174 0.00362164 0.0037993 0.00381232 0 0.137342 0.0405739 0.0206329 0.0243974 0.0266562 0.233875 0.0522293 0.0293223 0.0124556 0.0249152 0.0332583 0.0297188 0.0120759 0.0133188 0.0121577 0.0103408 0.0134208 0.0157622 0.0110804 0.0117023 0.012378 0.0135596 0.0110939 0.00967632 0.012136 0.0100929 0.00874887 0.00926852 0.00917515 0.00876063 0.00814455 0.0081225 0.00865232 0.00829598 
0.0281982 0.0128946 0.0142055 0.022022 0.0204357 0.00838229 0.00747539 0.0139188 0.137342 0 0.0851587 0.0159284 0.0111108 0.012921 0.0140391 0.0358594 0.0174705 0.0106681 0.0106426 0.0109795 0.016599 0.00967579 0.00921195 0.00888357 0.00862224 0.0158374 0.0133806 0.00889488 0.00842468 0.00883601 0.0109688 0.0115808 0.00882711 0.00989803 0.00976904 0.00810961 0.00825151 0.0095855 0.00875472 0.0082278 0.00824724 0.0090091 0.00952846 
0.0263389 0.0432068 0.0167311 0.037693 0.299454 0.0396043 0.034182 0.024755 0.0405739 0.0851587 0 0.00360793 0.00360405 0.00360738 0.00366859 0.0067599 0.105719 0.026705 0.0156369 0.0432203 0.033838 0.0206379 0.0159027 0.0133951 0.0129044 0.0251985 0.0258671 0.0186557 0.0127415 0.0127098 0.0162635 0.0137518 0.010857 0.0154373 0.00983263 0.0092272 0.00885502 0.0122092 0.00834358 0.00814203 0.00823739 0.00839051 0.00945032 
0.016468 0.0498653 0.0605523 0.0134409 0.027095 0.304339 0.0618934 0.0948605 0.0206329 0.0159284 0.00360793 0 0.00356641 0.00354815 0.00380589 0.00366177 0.0555424 0.0866585 0.0395424 0.0130246 0.0199061 0.04208 0.0315072 0.0251981 0.0194848 0.012099 0.0171414 0.0386229 0.0319041 0.0195406 0.0103589 0.0102702 0.0143249 0.010788 0.00948224 0.0109205 0.0110525 0.00889229 0.00851548 0.00830325 0.00812491 0.00843242 0.00847981 
0.0196321 0.060486 0.0229469 0.0265201 0.0190184 0.0388057 0.312305 0.0564352 0.0243974 0.0111108 0.00360405 0.00356641 0 0.00355872 0.0035925 0.0035623 0.250427 0.0622317 0.024485 0.0140988 0.0202574 0.0288113 0.0497831 0.0562789 0.0218099 0.00986895 0.0158035 0.034096 0.0500134 0.0226108 0.0105211 0.0108545 0.0117783 0.0118151 0.00991049 0.0127251 0.0101018 0.00924797 0.00840794 0.00839414 0.00814045 0.00851089 0.00831862 
0.0204703 0.0452626 0.0629337 0.019036 0.0195122 0.0489757 0.0924893 0.249057 0.0266562 0.012921 0.00360738 0.00354815 0.00355872 0 0.00357918 0.00356108 0.0444263 0.435489 0.0316173 0.0165393 0.018355 0.0478591 0.0802659 0.0646027 0.0169103 0.0106416 0.0150321 0.0650519 0.0745819 0.0291557 0.0102258 0.0100654 0.0143523 0.013554 0.00979 0.0122931 0.0123384 0.00919878 0.00845606 0.00844697 0.00811669 0.00849198 0.00841861 
0.0146764 0.0300179 0.06644 0.0259302 0.0188917 0.0261893 0.0340258 0.0960158 0.233875 0.0140391 0.00366859 0.00380589 0.0035925 0.00357918 0 0.0038182 0.0350474 0.0474122 0.608182 0.0205498 0.017876 0.0341076 0.032294 0.0175215 0.0199555 0.0121096 0.0123667 0.0211204 0.0281765 0.0340003 0.0114563 0.00987771 0.0125783 0.0128746 0.00953587 0.00993981 0.0109448 0.00888792 0.00844137 0.0085659 0.00798185 0.00847706 0.00820848 
0.0237413 0.0130704 0.0098115 0.0293325 0.023279 0.0106576 0.0108548 0.0236343 0.0522293 0.0358594 0.0067599 0.00366177 0.0035623 0.00356108 0.0038182 0 0.0230631 0.0190232 0.0318201 0.536657 0.0438259 0.013575 0.0103886 0.0102936 0.00927199 0.0116551 0.0184995 0.0101478 0.00990304 0.0106002 0.014215 0.0137364 0.00910503 0.013402 0.0111185 0.00868206 0.00843954 0.00913613 0.00958865 0.00823602 0.00805607 0.00944325 0.00827643 
0.0192509 0.024079 0.0149936 0.0260713 0.0260932 0.0167347 0.0183677 0.0140696 0.0293223 0.0174705 0.105719 0.0555424 0.250427 0.0444263 0.0350474 0.0230631 0 0.00369659 0.00363108 0.00364107 0.102468 0.0475151 0.0282713 0.0241859 0.0135456 0.0305854 0.039903 0.0337042 0.0157606 0.0138065 0.0207221 0.0194398 0.0132508 0.0198431 0.0146932 0.0104497 0.00969663 0.0140245 0.00884802 0.0084224 0.00848015 0.00890758 0.0101096 
0.0130101 0.0512594 0.0373237 0.0170118 0.0163202 0.0424029 0.033682 0.0433938 0.0124556 0.0106681 0.026705 0.0866585 0.0622317 0.435489 0.0474122 0.0190232 0.00369659 0 0.00394495 0.0035678 0.229695 0.0648807 0.0629056 0.0560451 0.0452557 0.0113351 0.0227986 0.0684157 0.0397293 0.0356402 0.0105635 0.0211925 0.0221189 0.0136203 0.010556 0.0202331 0.0117483 0.0106359 0.0087611 0.00845253 0.00814052 0.00865317 0.00856871 
0.0121386 0.0148271 0.0593997 0.015937 0.01507 0.014927 0.0398247 0.0643531 0.0249152 0.0106426 0.0156369 0.0395424 0.024485 0.0316173 0.608182 0.0318201 0.00363108 0.00394495 0 0.00372435 0.0244439 0.280856 0.0390245 0.0727505 0.038601 0.0586969 0.0136537 0.0262951 0.0380021 0.070132 0.0193428 0.0102355 0.0358386 0.0163807 0.0114778 0.0114722 0.0303182 0.00910466 0.00865798 0.00885976 0.0080903 0.00898212 0.00850009 
0.0144148 0.0137485 0.0105039 0.0386721 0.0169725 0.013773 0.0130782 0.0199106 0.0332583 0.0109795 0.0432203 0.0130246 0.0140988 0.0165393 0.0205498 0.536657 0.00364107 0.0035678 0.00372435 0 0.0427491 0.0186791 0.163999 0.0234912 0.058466 0.0377776 0.0222208 0.012702 0.0144449 0.0241411 0.0299492 0.0167003 0.01128 0.0491208 0.0127078 0.0104033 0.0115288 0.0145246 0.0102154 0.00844252 0.00827741 0.00985775 0.00844447 
0.015174 0.0213595 0.013939 0.024854 0.0176751 0.0138719 0.0140135 0.0140794 0.0297188 0.016599 0.033838 0.0199061 0.0202574 0.018355 0.017876 0.0438259 0.102468 0.229695 0.0244439 0.0427491 0 0.00361223 0.0035766 0.00357876 0.00361408 0.00430205 0.0456121 0.0362157 0.0150311 0.0146756 0.0297118 0.0364162 0.0203042 0.0323577 0.0182821 0.0141004 0.0117093 0.0245768 0.00926467 0.00868084 0.0097446 0.00947518 0.0131225 
0.0119614 0.0192784 0.0175504 0.0140392 0.0156513 0.0231485 0.0249404 0.0293898 0.0120759 0.00967579 0.0206379 0.04208 0.0288113 0.0478591 0.0341076 0.013575 0.0475151 0.0648807 0.280856 0.0186791 0.00361223 0 0.00358117 0.00359409 0.00361468 0.00360198 0.272909 0.0361888 0.038582 0.0298436 0.0145508 0.021592 0.0310607 0.0146359 0.0135094 0.0256125 0.0153222 0.0109619 0.00907147 0.00903167 0.00831783 0.00942495 0.00895838 
0.0126834 0.0159081 0.0200499 0.0142978 0.0141489 0.0194332 0.0520092 0.0303427 0.0133188 0.00921195 0.0159027 0.0315072 0.0497831 0.0802659 0.032294 0.0103886 0.0282713 0.0629056 0.0390245 0.163999 0.0035766 0.00358117 0 0.00353597 0.0035485 0.0035518 0.0174999 0.319649 0.0364585 0.0383638 0.0190196 0.0155881 0.0178717 0.0157163 0.0151736 0.0178614 0.0229601 0.0106302 0.00971399 0.0085969 0.00831329 0.00895166 0.008744 
0.0110252 0.0191441 0.0198859 0.0158485 0.0112692 0.0214676 0.0394689 0.0187698 0.0121577 0.00888357 0.0133951 0.0251981 0.0562789 0.0646027 0.0175215 0.0102936 0.0241859 0.0560451 0.0727505 0.0234912 0.00357876 0.00359409 0.00353597 0 0.00354368 0.00353651 0.0252686 0.0306642 0.380818 0.0375493 0.0142549 0.0130118 0.0157405 0.0145534 0.0119379 0.0202474 0.0197259 0.0101851 0.009376 0.00872869 0.00837263 0.00873312 0.00857353 
0.00910315 0.0126693 0.0106624 0.00994777 0.0130956 0.0152539 0.0122609 0.0191689 0.0103408 0.00862224 0.0129044 0.0194848 0.0218099 0.0169103 0.0199555 0.00927199 0.0135456 0.0452557 0.038601 0.058466 0.00361408 0.00361468 0.0035485 0.00354368 0 0.00358567 0.0160365 0.0374927 0.0245441 0.347248 0.0133639 0.0123263 0.0214702 0.0159275 0.010055 0.0215667 0.0128266 0.0100143 0.00945564 0.00884505 0.00823681 0.00901107 0.00846791 
0.0125494 0.00899384 0.00927082 0.010608 0.017417 0.00906175 0.0102137 0.00962157 0.0134208 0.0158374 0.0251985 0.012099 0.00986895 0.0106416 0.0121096 0.0116551 0.0305854 0.0113351 0.0586969 0.0377776 0.00430205 0.00360198 0.0035518 0.00353651 0.00358567 0 0.0265842 0.0148851 0.021064 0.0307912 0.320414 0.0172153 0.013563 0.0192591 0.0202187 0.00890518 0.0121489 0.0103187 0.0133327 0.00850688 0.00812316 0.0138404 0.00904554 
0.0105365 0.0132408 0.0104804 0.0158504 0.0129221 0.0125408 0.010628 0.0109791 0.0157622 0.0133806 0.0258671 0.0171414 0.0158035 0.0150321 0.0123667 0.0184995 0.039903 0.0227986 0.0136537 0.0222208 0.0456121 0.272909 0.0174999 0.0252686 0.0160365 0.0265842 0 0.00362807 0.00354625 0.00362697 0.00380741 0.340466 0.0230157 0.0380412 0.0282673 0.0189999 0.0120171 0.0275259 0.0110818 0.00919743 0.0106721 0.0104188 0.0140509 
0.0103243 0.0146524 0.0133023 0.0125852 0.013951 0.018753 0.0220109 0.0210571 0.0110804 0.00889488 0.0186557 0.0386229 0.034096 0.0650519 0.0211204 0.0101478 0.0337042 0.0684157 0.0262951 0.012702 0.0362157 0.0361888 0.319649 0.0306642 0.0374927 0.0148851 0.00362807 0 0.0035346 0.0035893 0.00358428 0.334618 0.132086 0.0176536 0.023111 0.0423801 0.0248529 0.0123823 0.0101016 0.010056 0.00866158 0.010924 0.00957849 
0.0109303 0.0136187 0.0157607 0.0131304 0.0117833 0.0187601 0.0417115 0.0204205 0.0117023 0.00842468 0.0127415 0.0319041 0.0500134 0.0745819 0.0281765 0.00990304 0.0157606 0.0397293 0.0380021 0.0144449 0.0150311 0.038582 0.0364585 0.380818 0.0245441 0.021064 0.00354625 0.0035346 0 0.00363545 0.00354558 0.111266 0.172114 0.0355665 0.0169526 0.0363181 0.0273045 0.0123236 0.0102392 0.00892169 0.00883739 0.00902924 0.00884112 
0.010033 0.0122851 0.012526 0.0123952 0.0112768 0.0156347 0.0156425 0.0247042 0.012378 0.00883601 0.0127098 0.0195406 0.0226108 0.0291557 0.0340003 0.0106002 0.0138065 0.0356402 0.070132 0.0241411 0.0146756 0.0298436 0.0383638 0.0375493 0.347248 0.0307912 0.00362697 0.0035893 0.00363545 0 0.00381269 0.0322062 0.208387 0.21651 0.0169954 0.0310385 0.0488868 0.0208577 0.00979005 0.0120092 0.00880776 0.0109763 0.00931686 
0.0100952 0.00865685 0.00950282 0.0112377 0.0124516 0.00897565 0.00942887 0.00997464 0.0135596 0.0109688 0.0162635 0.0103589 0.0105211 0.0102258 0.0114563 0.014215 0.0207221 0.0105635 0.0193428 0.0299492 0.0297118 0.0145508 0.0190196 0.0142549 0.0133639 0.320414 0.00380741 0.00358428 0.00354558 0.00381269 0 0.0195668 0.0408324 0.350643 0.0358265 0.0111582 0.0189407 0.0212915 0.0137052 0.00874621 0.00899119 0.0142296 0.010801 
0.00913368 0.0104547 0.00873003 0.0109147 0.0104099 0.0090427 0.00910093 0.00933449 0.0110939 0.0115808 0.0137518 0.0102702 0.0108545 0.0100654 0.00987771 0.0137364 0.0194398 0.0211925 0.0102355 0.0167003 0.0364162 0.021592 0.0155881 0.0130118 0.0123263 0.0172153 0.340466 0.334618 0.111266 0.0322062 0.0195668 0 0.00387788 0.00382428 0.150387 0.0447766 0.0120098 0.0458823 0.0238676 0.0102225 0.0146137 0.0141685 0.0235711 
0.00924594 0.00966067 0.00967291 0.00898956 0.00921864 0.00965216 0.00998631 0.0111431 0.00967632 0.00882711 0.010857 0.0143249 0.0117783 0.0143523 0.0125783 0.00910503 0.0132508 0.0221189 0.0358386 0.01128 0.0203042 0.0310607 0.0178717 0.0157405 0.0214702 0.013563 0.0230157 0.132086 0.172114 0.208387 0.0408324 0.00387788 0 0.00384484 0.12585 0.112346 0.146797 0.0161433 0.0112814 0.0312709 0.00890606 0.026757 0.0138444 
0.0106051 0.00917332 0.00937074 0.0122562 0.0119216 0.00979898 0.0104813 0.0114154 0.012136 0.00989803 0.0154373 0.010788 0.0118151 0.013554 0.0128746 0.013402 0.0198431 0.0136203 0.0163807 0.0491208 0.0323577 0.0146359 0.0157163 0.0145534 0.0159275 0.0192591 0.0380412 0.0176536 0.0355665 0.21651 0.350643 0.00382428 0.00384484 0 0.0249226 0.120962 0.123316 0.175248 0.0202724 0.0107254 0.0203791 0.021811 0.0182413 
0.00886621 0.00872272 0.00898088 0.00935271 0.00921063 0.00882285 0.00883203 0.00931117 0.0100929 0.00976904 0.00983263 0.00948224 0.00991049 0.00979 0.00953587 0.0111185 0.0146932 0.010556 0.0114778 0.0127078 0.0182821 0.0135094 0.0151736 0.0119379 0.010055 0.0202187 0.0282673 0.023111 0.0169526 0.0169954 0.0358265 0.150387 0.12585 0.0249226 0 0.00447776 0.00357906 0.00450766 0.00411642 0.00479655 0.0141211 0.0109309 0.0305443 
0.00855331 0.00925022 0.00897849 0.00854674 0.00910479 0.00963194 0.0097429 0.00969516 0.00874887 0.00810961 0.0092272 0.0109205 0.0127251 0.0122931 0.00993981 0.00868206 0.0104497 0.0202331 0.0114722 0.0104033 0.0141004 0.0256125 0.0178614 0.0202474 0.0215667 0.00890518 0.0189999 0.0423801 0.0363181 0.0310385 0.0111582 0.0447766 0.112346 0.120962 0.00447776 0 0.00435404 0.00354553 0.00387296 0.0106424 0.00707944 0.00955218 0.00834826 
0.00865938 0.00887906 0.00956695 0.00849174 0.00869271 0.00900212 0.0100619 0.00974291 0.00926852 0.00825151 0.00885502 0.0110525 0.0101018 0.0123384 0.0109448 0.00843954 0.00969663 0.0117483 0.0303182 0.0115288 0.0117093 0.0153222 0.0229601 0.0197259 0.0128266 0.0121489 0.0120171 0.0248529 0.0273045 0.0488868 0.0189407 0.0120098 0.146797 0.123316 0.00357906 0.00435404 0 0.00354873 0.0050363 0.00661668 0.00544591 0.00989263 0.0106646 
0.00943902 0.00874936 0.0083085 0.00925128 0.00950105 0.0087435 0.00879188 0.0085273 0.00917515 0.0095855 0.0122092 0.00889229 0.00924797 0.00919878 0.00888792 0.00913613 0.0140245 0.0106359 0.00910466 0.0145246 0.0245768 0.0109619 0.0106302 0.0101851 0.0100143 0.0103187 0.0275259 0.0123823 0.0123236 0.0208577 0.0212915 0.0458823 0.0161433 0.175248 0.00450766 0.00354553 0.00354873 0 0.0115612 0.00378695 0.00475726 0.0127118 0.00777922 
0.00835824 0.00823835 0.00812211 0.0085404 0.00814306 0.00817278 0.00818438 0.00831891 0.00876063 0.00875472 0.00834358 0.00851548 0.00840794 0.00845606 0.00844137 0.00958865 0.00884802 0.0087611 0.00865798 0.0102154 0.00926467 0.00907147 0.00971399 0.009376 0.00945564 0.0133327 0.0110818 0.0101016 0.0102392 0.00979005 0.0137052 0.0238676 0.0112814 0.0202724 0.00411642 0.00387296 0.0050363 0.0115612 0 0.00358507 0.00355365 0.00375638 0.258593 
0.00831487 0.00826857 0.00831231 0.00810172 0.00810344 0.00834432 0.00847285 0.00830485 0.00814455 0.0082278 0.00814203 0.00830325 0.00839414 0.00844697 0.0085659 0.00823602 0.0084224 0.00845253 0.00885976 0.00844252 0.00868084 0.00903167 0.0085969 0.00872869 0.00884505 0.00850688 0.00919743 0.010056 0.00892169 0.0120092 0.00874621 0.0102225 0.0312709 0.0107254 0.00479655 0.0106424 0.00661668 0.00378695 0.00358507 0 0.00395396 0.00719249 0.17529 
0.00826912 0.00803135 0.00808087 0.00815319 0.00815632 0.00807768 0.00808411 0.00809135 0.0081225 0.00824724 0.00823739 0.00812491 0.00814045 0.00811669 0.00798185 0.00805607 0.00848015 0.00814052 0.0080903 0.00827741 0.0097446 0.00831783 0.00831329 0.00837263 0.00823681 0.00812316 0.0106721 0.00866158 0.00883739 0.00880776 0.00899119 0.0146137 0.00890606 0.0203791 0.0141211 0.00707944 0.00544591 0.00475726 0.00355365 0.00395396 0 0.915276 0.00404042 
0.00832729 0.00829279 0.00829925 0.00872949 0.00838764 0.0084005 0.00829926 0.00843861 0.00865232 0.0090091 0.00839051 0.00843242 0.00851089 0.00849198 0.00847706 0.00944325 0.00890758 0.00865317 0.00898212 0.00985775 0.00947518 0.00942495 0.00895166 0.00873312 0.00901107 0.0138404 0.0104188 0.010924 0.00902924 0.0109763 0.0142296 0.0141685 0.026757 0.021811 0.0109309 0.00955218 0.00989263 0.0127118 0.00375638 0.00719249 0.915276 0 0.0105839 
0.00877398 0.00829295 0.00822959 0.00819925 0.00875459 0.00819956 0.00818441 0.00827482 0.00829598 0.00952846 0.00945032 0.00847981 0.00831862 0.00841861 0.00820848 0.00827643 0.0101096 0.00856871 0.00850009 0.00844447 0.0131225 0.00895838 0.008744 0.00857353 0.00846791 0.00904554 0.0140509 0.00957849 0.00884112 0.00931686 0.010801 0.0235711 0.0138444 0.0182413 0.0305443 0.00834826 0.0106646 0.00777922 0.258593 0.17529 0.00404042 0.0105839 0 
