1V74A
LNDPLDSGRFSRKQLDKKYKHAGDFGISDTKKNRETLTKFRDAIEEHLSDKDTVEKGTYRREKGSKVYFNPNTMNVVIIKSNGEFLSGWKINPDADNGRIYLETGEL
CCCCCCECCECHHHHHHHHHHHHHHCCCCCCCCHHHHHHHHHHHHHHHHCCCCEECCECCCCCCCEEEECCCCCEEEEECCCCCEEEEEECCCCCHHHHHHHHHCEC
0 0 0 0 0 0 0 0 0 0 0 0 0 0 0 0 0 0 0 0 0 0 0 0 0 0 0 0 0 0 0 0 0 0 0 0 0 0 0 0 0 0 0 0 0 0 0 0 0 0 0 0 0 0 0 0 0 0 0 0 0 0 0 0 0 0 0 0 0 0 0 0 0 0 0 0 0 0 0 0 0 0 0 0 0 0 0 0 0 0 0 0 0 0 0 0 0 0 0 0 0 0 0 0 0 0 0 
0 0 0 0 0 0 0 0 0 0 0 0 0 0 0 0 0 0 0 0 0 0 0 0 0 0 0 0 0 0 0 0 0 0 0 0 0 0 0 0 0 0 0 0 0 0 0 0 0 0 0 0 0 0 0 0 0 0 0 0 0 0 0 0 0 0 0 0 0 0 0 0 0 0 0 0 0 0 0 0 0 0 0 0 0 0 0 0 0 0 0 0 0 0 0 0 0 0 0 0 0 0 0 0 0 0 0 
0 0.903405 0.0127213 0.0115894 0.0234149 0.0114953 0.00890044 0.00916689 0.0132532 0.0108176 0.00854285 0.00837144 0.00985645 0.0132206 0.00964991 0.0080955 0.00808841 0.00809599 0.00831027 0.00911164 0.0222403 
0.903405 0 0.0369185 0.021033 0.0624526 0.0176763 0.0178942 0.00959274 0.0233727 0.0122214 0.0108526 0.00912578 0.0107746 0.0268917 0.0142586 0.00869285 0.00823597 0.00828787 0.00878679 0.0101662 0.0203531 
0.0127213 0.0369185 0 0.0130443 0.0199911 0.0405442 0.0292256 0.025919 0.184254 0.0116495 0.0177143 0.010567 0.021429 0.0522133 0.0148068 0.0113988 0.00885353 0.00884085 0.0118883 0.0159252 0.0220691 
0.0115894 0.021033 0.0130443 0 0.134372 0.0141789 0.00975267 0.0764556 0.00832145 0.0146666 0.00996099 0.00972265 0.01496 0.0114088 0.0128755 0.0091682 0.00878132 0.00861448 0.0109557 0.0101308 0.0140513 
0.0234149 0.0624526 0.0199911 0.134372 0 0.0400896 0.00693001 0.0105028 0.0179332 0.0118132 0.0100116 0.00914169 0.0121874 0.02517 0.0167954 0.00919462 0.00846329 0.00838491 0.0096828 0.0166387 0.153663 
0.0114953 0.0176763 0.0405442 0.0141789 0.0400896 0 0.00369204 0.0126385 0.00491864 0.0122148 0.00694985 0.0111326 0.0269049 0.60341 0.0132661 0.00851367 0.00978965 0.00827165 0.0116315 0.0247331 0.0256561 
0.00890044 0.0178942 0.0292256 0.00975267 0.00693001 0.00369204 0 0.00359129 0.00361598 0.00446226 0.0242528 0.0116583 0.641409 0.0169625 0.0119252 0.0146089 0.00866728 0.0137034 0.0139099 0.00989066 0.00936867 
0.00916689 0.00959274 0.025919 0.0764556 0.0105028 0.0126385 0.00359129 0 0.00353614 0.0129818 0.0185838 0.671071 0.0154395 0.00806887 0.0104479 0.00996219 0.0174676 0.00936941 0.0152304 0.0138916 0.0219976 
0.0132532 0.0233727 0.184254 0.00832145 0.0179332 0.00491864 0.00361598 0.00353614 0 0.0352322 0.630374 0.00605344 0.00811472 0.0131191 0.0212666 0.0150263 0.00774353 0.0112614 0.0113253 0.0141027 0.0391307 
0.0108176 0.0122214 0.0116495 0.0146666 0.0118132 0.0122148 0.00446226 0.0129818 0.0352322 0 0.00359124 0.00359461 0.0036347 0.00387216 0.00726389 0.00671413 0.00679544 0.00947838 0.0243335 0.798457 0.0506508 
0.00854285 0.0108526 0.0177143 0.00996099 0.0100116 0.00694985 0.0242528 0.0185838 0.630374 0.00359124 0 0.00356133 0.00360439 0.0036074 0.00910751 0.00929938 0.00898107 0.0307385 0.758108 0.0121459 0.0123497 
0.00837144 0.00912578 0.010567 0.00972265 0.00914169 0.0111326 0.0116583 0.671071 0.00605344 0.00359461 0.00356133 0 0.00364792 0.0036424 0.00744369 0.0205337 0.0408397 0.713928 0.0138459 0.0117084 0.0196467 
0.00985645 0.0107746 0.021429 0.01496 0.0121874 0.0269049 0.641409 0.0154395 0.00811472 0.0036347 0.00360439 0.00364792 0 0.00363051 0.0334793 0.0713508 0.588591 0.0156652 0.0115257 0.012752 0.0198961 
0.0132206 0.0268917 0.0522133 0.0114088 0.02517 0.60341 0.0169625 0.00806887 0.0131191 0.00387216 0.0036074 0.0036424 0.00363051 0 0.588702 0.132476 0.00599483 0.00704746 0.00772673 0.014593 0.0247879 
0.00964991 0.0142586 0.0148068 0.0128755 0.0167954 0.0132661 0.0119252 0.0104479 0.0212666 0.00726389 0.00910751 0.00744369 0.0334793 0.588702 0 0.00371533 0.0035247 0.00355778 0.0035715 0.00665504 0.0624256 
0.0080955 0.00869285 0.0113988 0.0091682 0.00919462 0.00851367 0.0146089 0.00996219 0.0150263 0.00671413 0.00929938 0.0205337 0.0713508 0.132476 0.00371533 0 0.00353647 0.00348906 0.00357866 0.00444227 0.0149418 
0.00808841 0.00823597 0.00885353 0.00878132 0.00846329 0.00978965 0.00866728 0.0174676 0.00774353 0.00679544 0.00898107 0.0408397 0.588591 0.00599483 0.0035247 0.00353647 0 0.00354619 0.00352001 0.00375527 0.0134963 
0.00809599 0.00828787 0.00884085 0.00861448 0.00838491 0.00827165 0.0137034 0.00936941 0.0112614 0.00947838 0.0307385 0.713928 0.0156652 0.00704746 0.00355778 0.00348906 0.00354619 0 0.00354409 0.00355174 0.0181746 
0.00831027 0.00878679 0.0118883 0.0109557 0.0096828 0.0116315 0.0139099 0.0152304 0.0113253 0.0243335 0.758108 0.0138459 0.0115257 0.00772673 0.0035715 0.00357866 0.00352001 0.00354409 0 0.00367026 0.0159363 
0.00911164 0.0101662 0.0159252 0.0101308 0.0166387 0.0247331 0.00989066 0.0138916 0.0141027 0.798457 0.0121459 0.0117084 0.012752 0.014593 0.00665504 0.00444227 0.00375527 0.00355174 0.00367026 0 0.114475 
0.0222403 0.0203531 0.0220691 0.0140513 0.153663 0.0256561 0.00936867 0.0219976 0.0391307 0.0506508 0.0123497 0.0196467 0.0198961 0.0247879 0.0624256 0.0149418 0.0134963 0.0181746 0.0159363 0.114475 0 
