1VI6A
EYEYLVPPDDYLAAGVHIGTQIKTGDMKKFIFKVRQDGLYVLDIRKLDERIRVAAKFLSRYEPSKILLVAARQYAHKPVQMFSKVVGSDYIVGRFIPGTLTNPMLSEYREPEVVFVNDPAIDKQAVSEATAVGIPVVALCDSNNSSADVDLVIPTNNKGRRALAIVYWLLAREIAKIRGQDFTYSIEDFEAEL
CCCCCCCHHHHHHHCCCECCCCCCCCCHHHEEEECCCCCEEECHHHHHHHHHHHHHHHCCCCHHHEEEEECCHHHHHHHHHHHHHHCCEEEECCCCCCCCCCCCCCCCCCCCEEEECCCCCCHHHHHHHHHCCCCEEEEECCCCCCCCCCEEEECCCCCHHHHHHHHHHHHHHHHHHHCCCCCCCHHHHCCCC
0 0 0 0 0 0 0 0 0 0 0 0 0 0 0 0 0 0 0 0 0 0 0 0 0 0 0 0 0 0 0 0 0 0 0 0 0 0 0 0 0 0 0 0 0 0 0 0 0 0 0 0 0 0 0 0 0 0 0 0 0 0 0 0 0 0 0 0 0 0 0 0 0 0 0 0 0 0 0 0 0 0 0 0 0 0 0 0 0 0 0 0 0 0 0 0 0 0 0 0 0 0 0 0 0 0 0 0 0 0 0 0 0 0 0 0 0 0 0 0 0 0 0 0 0 0 0 0 0 0 0 0 0 0 0 0 0 0 0 0 0 0 0 0 0 0 0 0 0 0 0 0 0 0 0 0 0 0 0 0 0 0 0 0 0 0 0 0 0 0 0 0 0 0 0 0 0 0 0 0 0 0 0 0 0 0 0 0 0 0 0 0 0 
0 0 0 0 0 0 0 0 0 0 0 0 0 0 0 0 0 0 0 0 0 0 0 0 0 0 0 0 0 0 0 0 0 0 0 0 0 0 0 0 0 0 0 0 0 0 0 0 0 0 0 0 0 0 0 0 0 0 0 0 0 0 0 0 0 0 0 0 0 0 0 0 0 0 0 0 0 0 0 0 0 0 0 0 0 0 0 0 0 0 0 0 0 0 0 0 0 0 0 0 0 0 0 0 0 0 0 0 0 0 0 0 0 0 0 0 0 0 0 0 0 0 0 0 0 0 0 0 0 0 0 0 0 0 0 0 0 0 0 0 0 0 0 0 0 0 0 0 0 0 0 0 0 0 0 0 0 0 0 0 0 0 0 0 0 0 0 0 0 0 0 0 0 0 0 0 0 0 0 0 0 0 0 0 0 0 0 0 0 0 0 0 0 
0 0.011722 0.0108894 0.00816066 0.0190004 0.0174449 0.0154586 0.0316126 0.0137418 0.010628 0.0110506 0.0129355 0.0149318 0.0103077 0.00892603 0.00925777 0.0120188 0.00989331 0.0089525 0.00988607 0.0141141 0.0099428 0.00850473 0.00859552 0.00876152 0.0109034 0.00922762 0.00828842 0.00841486 0.00911806 
0.011722 0 0.00355503 0.00365494 0.00399345 0.00430534 0.0122692 0.478897 0.0404977 0.0121912 0.0145206 0.0144417 0.028916 0.00947305 0.0121884 0.011965 0.0177379 0.0114136 0.0104134 0.0126562 0.0197304 0.00969613 0.00996541 0.0107336 0.0102359 0.0120321 0.00958422 0.00947535 0.00976601 0.00958125 
0.0108894 0.00355503 0 0.00373553 0.00364641 0.00636463 0.0682262 0.19002 0.0110289 0.0145019 0.0161083 0.0143597 0.00929575 0.00878136 0.00989673 0.0142415 0.00933676 0.00915753 0.0110369 0.0126118 0.00911884 0.00911013 0.00880733 0.00997266 0.00899736 0.0085144 0.00893371 0.00868927 0.00858358 0.00831192 
0.00816066 0.00365494 0.00373553 0 0.00395154 0.0295104 0.783795 0.00639516 0.010283 0.0137377 0.0183811 0.0139197 0.00927668 0.00902959 0.0105288 0.0120262 0.00950874 0.00897852 0.0109095 0.0112194 0.00888291 0.00872818 0.00905717 0.0098053 0.00953962 0.00837381 0.00856644 0.0089403 0.00838263 0.00819581 
0.0190004 0.00399345 0.00364641 0.00395154 0 0.925575 0.00802784 0.00752325 0.0273915 0.0118175 0.0104413 0.010027 0.0129898 0.0120014 0.0104867 0.00883495 0.0105928 0.0136978 0.00887611 0.0088618 0.00982877 0.0117206 0.0084875 0.0085501 0.00844831 0.00853323 0.0110168 0.00822019 0.00829169 0.00809499 
0.0174449 0.00430534 0.00636463 0.0295104 0.925575 0 0.00363052 0.00396698 0.0437488 0.0396332 0.0310665 0.0225315 0.0248247 0.0168073 0.0122209 0.0173017 0.0212315 0.0172758 0.0156387 0.0159676 0.0184504 0.0160012 0.011116 0.0122799 0.0113305 0.0125005 0.0115467 0.0107082 0.00961377 0.0109804 
0.0154586 0.0122692 0.0682262 0.783795 0.00802784 0.00363052 0 0.00378216 0.0227861 0.0828738 0.0735675 0.147068 0.0169157 0.00974744 0.0302387 0.0479172 0.0168881 0.0116389 0.0227211 0.0466066 0.0155025 0.0132948 0.019882 0.0187507 0.0230555 0.0100609 0.011376 0.0139875 0.0125951 0.00886911 
0.0316126 0.478897 0.19002 0.00639516 0.00752325 0.00396698 0.00378216 0 0.0338894 0.0189907 0.0554315 0.0589984 0.177801 0.0162946 0.0142027 0.0189717 0.0378237 0.0279289 0.0151231 0.0206482 0.0301927 0.0238938 0.0134231 0.0163514 0.0177377 0.0132749 0.0218151 0.0119944 0.00999505 0.00995029 
0.0137418 0.0404977 0.0110289 0.010283 0.0273915 0.0437488 0.0227861 0.0338894 0 0.00355398 0.00356254 0.0035801 0.00385014 0.0309918 0.0199577 0.0157474 0.0329109 0.0733914 0.014383 0.0158309 0.0268693 0.0242609 0.0184176 0.0129893 0.0119748 0.016665 0.0182262 0.0118534 0.0106451 0.0128183 
0.010628 0.0121912 0.0145019 0.0137377 0.0118175 0.0396332 0.0828738 0.0189907 0.00355398 0 0.00354536 0.00362456 0.0035752 0.282699 0.0594989 0.047862 0.014194 0.0287886 0.120056 0.0442993 0.0198006 0.0232619 0.0363023 0.0490395 0.0202417 0.010937 0.0173154 0.0331962 0.015575 0.00947319 
0.0110506 0.0145206 0.0161083 0.0183811 0.0104413 0.0310665 0.0735675 0.0554315 0.00356254 0.00354536 0 0.00358772 0.00356401 0.036959 0.48489 0.0674769 0.0303725 0.0212779 0.0997927 0.172487 0.0257696 0.0192172 0.0649212 0.152036 0.0646486 0.0152691 0.0197336 0.0406214 0.0289784 0.0107535 
0.0129355 0.0144417 0.0143597 0.0139197 0.010027 0.0225315 0.147068 0.0589984 0.0035801 0.00362456 0.00358772 0 0.00395876 0.0351013 0.0339342 0.605251 0.0532216 0.0173757 0.0389188 0.112782 0.0695573 0.020645 0.0300927 0.0435633 0.0563696 0.0248088 0.0145791 0.0180988 0.0251003 0.0105659 
0.0149318 0.028916 0.00929575 0.00927668 0.0129898 0.0248247 0.0169157 0.177801 0.00385014 0.0035752 0.00356401 0.00395876 0 0.0143777 0.0206529 0.0299547 0.614525 0.0213602 0.0122806 0.0207817 0.0531038 0.0285264 0.0120537 0.0131981 0.015911 0.0260774 0.0159355 0.0102631 0.010209 0.0123332 
0.0103077 0.00947305 0.00878136 0.00902959 0.0120014 0.0168073 0.00974744 0.0162946 0.0309918 0.282699 0.036959 0.0351013 0.0143777 0 0.00444014 0.00367324 0.00392482 0.0476209 0.0214768 0.013156 0.0183052 0.0155968 0.0147183 0.0108582 0.0105177 0.0142559 0.0137813 0.0101921 0.00913333 0.0123534 
0.00892603 0.0121884 0.00989673 0.0105288 0.0104867 0.0122209 0.0302387 0.0142027 0.0199577 0.0594989 0.48489 0.0339342 0.0206529 0.00444014 0 0.00352481 0.00353602 0.100193 0.119357 0.0401617 0.0153686 0.0180821 0.0357817 0.0469508 0.0174884 0.0107491 0.0166193 0.0283238 0.0156356 0.00974334 
0.00925777 0.011965 0.0142415 0.0120262 0.00883495 0.0173017 0.0479172 0.0189717 0.0157474 0.047862 0.0674769 0.605251 0.0299547 0.00367324 0.00352481 0 0.00363454 0.0214375 0.129792 0.238455 0.0399089 0.0192505 0.0312268 0.0369413 0.0875135 0.0179469 0.0145936 0.0260061 0.0419791 0.0104822 
0.0120188 0.0177379 0.00933676 0.00950874 0.0105928 0.0212315 0.0168881 0.0378237 0.0329109 0.014194 0.0303725 0.0532216 0.614525 0.00392482 0.00353602 0.00363454 0 0.0251886 0.0246074 0.154319 0.288646 0.0322431 0.0167549 0.0217331 0.0313255 0.0793442 0.0210473 0.0143461 0.015507 0.0260022 
0.00989331 0.0114136 0.00915753 0.00897852 0.0136978 0.0172758 0.0116389 0.0279289 0.0733914 0.0287886 0.0212779 0.0173757 0.0213602 0.0476209 0.100193 0.0214375 0.0251886 0 0.00388014 0.00364094 0.00512823 0.196368 0.102466 0.0189541 0.017175 0.0250793 0.106886 0.0245204 0.0130508 0.0203041 
0.0089525 0.0104134 0.0110369 0.0109095 0.00887611 0.0156387 0.0227211 0.0151231 0.014383 0.120056 0.0997927 0.0389188 0.0122806 0.0214768 0.119357 0.129792 0.0246074 0.00388014 0 0.00363584 0.00357985 0.45021 0.144745 0.173682 0.0354071 0.0193803 0.0367362 0.127726 0.0453783 0.0121992 
0.00988607 0.0126562 0.0126118 0.0112194 0.0088618 0.0159676 0.0466066 0.0206482 0.0158309 0.0442993 0.172487 0.112782 0.0207817 0.013156 0.0401617 0.238455 0.154319 0.00364094 0.00363584 0 0.003663 0.0385598 0.486508 0.126764 0.423716 0.0294294 0.0285499 0.0660304 0.104831 0.0159297 
0.0141141 0.0197304 0.00911884 0.00888291 0.00982877 0.0184504 0.0155025 0.0301927 0.0268693 0.0198006 0.0257696 0.0695573 0.0531038 0.0183052 0.0153686 0.0399089 0.288646 0.00512823 0.00357985 0.003663 0 0.0447915 0.0319221 0.285785 0.116759 0.419317 0.0391111 0.020584 0.0255349 0.03493 
0.0099428 0.00969613 0.00911013 0.00872818 0.0117206 0.0160012 0.0132948 0.0238938 0.0242609 0.0232619 0.0192172 0.020645 0.0285264 0.0155968 0.0180821 0.0192505 0.0322431 0.196368 0.45021 0.0385598 0.0447915 0 0.00366354 0.00361357 0.00365191 0.00383515 0.028009 0.0409296 0.0120087 0.091995 
0.00850473 0.00996541 0.00880733 0.00905717 0.0084875 0.011116 0.019882 0.0134231 0.0184176 0.0363023 0.0649212 0.0300927 0.0120537 0.0147183 0.0357817 0.0312268 0.0167549 0.102466 0.144745 0.486508 0.0319221 0.00366354 0 0.00362712 0.00360205 0.00356462 0.238144 0.0261823 0.139153 0.0151998 
0.00859552 0.0107336 0.00997266 0.0098053 0.0085501 0.0122799 0.0187507 0.0163514 0.0129893 0.0490395 0.152036 0.0435633 0.0131981 0.0108582 0.0469508 0.0369413 0.0217331 0.0189541 0.173682 0.126764 0.285785 0.00361357 0.00362712 0 0.00355478 0.00354194 0.0168349 0.522714 0.0187426 0.0259006 
0.00876152 0.0102359 0.00899736 0.00953962 0.00844831 0.0113305 0.0230555 0.0177377 0.0119748 0.0202417 0.0646486 0.0563696 0.015911 0.0105177 0.0174884 0.0875135 0.0313255 0.017175 0.0354071 0.423716 0.116759 0.00365191 0.00360205 0.00355478 0 0.00377555 0.0556225 0.0359785 0.411422 0.0123189 
0.0109034 0.0120321 0.0085144 0.00837381 0.00853323 0.0125005 0.0100609 0.0132749 0.016665 0.010937 0.0152691 0.0248088 0.0260774 0.0142559 0.0107491 0.0179469 0.0793442 0.0250793 0.0193803 0.0294294 0.419317 0.00383515 0.00356462 0.00354194 0.00377555 0 0.0290098 0.0474513 0.0131584 0.331253 
0.00922762 0.00958422 0.00893371 0.00856644 0.0110168 0.0115467 0.011376 0.0218151 0.0182262 0.0173154 0.0197336 0.0145791 0.0159355 0.0137813 0.0166193 0.0145936 0.0210473 0.106886 0.0367362 0.0285499 0.0391111 0.028009 0.238144 0.0168349 0.0556225 0.0290098 0 0.00362102 0.00362922 0.00397108 
0.00828842 0.00947535 0.00868927 0.0089403 0.00822019 0.0107082 0.0139875 0.0119944 0.0118534 0.0331962 0.0406214 0.0180988 0.0102631 0.0101921 0.0283238 0.0260061 0.0143461 0.0245204 0.127726 0.0660304 0.020584 0.0409296 0.0261823 0.522714 0.0359785 0.0474513 0.00362102 0 0.00360138 0.00355332 
0.00841486 0.00976601 0.00858358 0.00838263 0.00829169 0.00961377 0.0125951 0.00999505 0.0106451 0.015575 0.0289784 0.0251003 0.010209 0.00913333 0.0156356 0.0419791 0.015507 0.0130508 0.0453783 0.104831 0.0255349 0.0120087 0.139153 0.0187426 0.411422 0.0131584 0.00362922 0.00360138 0 0.00359493 
0.00911806 0.00958125 0.00831192 0.00819581 0.00809499 0.0109804 0.00886911 0.00995029 0.0128183 0.00947319 0.0107535 0.0105659 0.0123332 0.0123534 0.00974334 0.0104822 0.0260022 0.0203041 0.0121992 0.0159297 0.03493 0.091995 0.0151998 0.0259006 0.0123189 0.331253 0.00397108 0.00355332 0.00359493 0 
