1VJHA
STLKGALSVKFDVKCPADKFFSAFVEDTNRPFEKNGKTEIEAVDLVKKTXTIQXSGSEIQKYFKTLKGSIAVTPIGVGDGSHVVWTFHFEKVHKDIDDPHSIIDESVKYFKKLDEAILNF
CCCEEEEEEEEEECCCHHHHHHHHHHHCCCCCCCCCEEEEEEEECCCCEEEEEEECCCHHHCEEEEEEEEEEEECCCCCCEEEEEEEEEEECCCCCCCCHHHHHHHHHHHHHHHHHHHHC
0 0 0 0 0 0 0 0 0 0 0 0 0 0 0 0 0 0 0 0 0 0 0 0 0 0 0 0 0 0 0 0 0 0 0 0 0 0 0 0 0 0 0 0 0 0 0 0 0 0 0 0 0 0 0 0 0 0 0 0 0 0 0 0 0 0 0 0 0 0 0 0 0 0 0 0 0 0 0 0 0 0 0 0 0 0 0 0 0 0 0 0 0 0 0 0 0 0 0 0 0 0 0 0 0 0 0 0 0 0 0 0 0 0 0 0 0 0 0 0 
0 0 0 0 0 0 0 0 0 0 0 0 0 0 0 0 0 0 0 0 0 0 0 0 0 0 0 0 0 0 0 0 0 0 0 0 0 0 0 0 0 0 0 0 0 0 0 0 0 0 0 0 0 0 0 0 0 0 0 0 0 0 0 0 0 0 0 0 0 0 0 0 0 0 0 0 0 0 0 0 0 0 0 0 0 0 0 0 0 0 0 0 0 0 0 0 0 0 0 0 0 0 0 0 0 0 0 0 0 0 0 0 0 0 0 0 0 0 0 0 
0 0.00400536 0.00374564 0.00383646 0.00416869 0.00419155 0.00587422 0.00609012 0.0135643 0.0177429 0.0340036 0.0103722 0.0133423 0.00957585 0.0128848 0.00939567 0.0105197 0.0165768 0.0252404 0.00979218 0.012921 0.00959762 0.0127709 0.00976916 0.0227835 0.0122417 0.00884582 0.0101107 0.00901418 0.0111787 0.00893007 0.0110478 0.00952934 0.012246 0.00894669 0.0114717 0.0124843 0.00913462 0.00864562 0.00849501 0.00892635 0.0085576 0.00892698 0.00832138 0.00913193 0.00839335 0.0169854 0.0107133 
0.00400536 0 0.00360133 0.00370369 0.00362873 0.00368092 0.00388847 0.00542983 0.00889041 0.0077728 0.00940574 0.0300755 0.00883273 0.0132331 0.00886515 0.0115192 0.00986764 0.0103476 0.0100193 0.0258953 0.00919926 0.0200215 0.00966862 0.0178868 0.00969983 0.0105904 0.00904221 0.00864896 0.0140926 0.00881939 0.0169251 0.00907468 0.0152911 0.00942904 0.0131125 0.00929095 0.00978923 0.00870154 0.00855108 0.0112691 0.0086389 0.0128548 0.00857672 0.0117256 0.00855081 0.0305866 0.00903709 0.00911365 
0.00374564 0.00360133 0 0.00360392 0.00367265 0.00365698 0.00406009 0.00409392 0.00478653 0.00484055 0.017648 0.0088218 0.0328531 0.00890679 0.0177469 0.00982354 0.0118022 0.00939186 0.013971 0.00901711 0.035494 0.00959014 0.0363334 0.00914886 0.0101579 0.00921047 0.00882047 0.0120971 0.00888972 0.0239328 0.00901135 0.0252419 0.00906705 0.0279907 0.0088979 0.011115 0.00880384 0.00869706 0.00993838 0.0091915 0.0242046 0.00937327 0.0168932 0.00874849 0.0342152 0.00865913 0.00907755 0.00841441 
0.00383646 0.00370369 0.00360392 0 0.00363306 0.00377492 0.00366739 0.00430977 0.00376816 0.00631853 0.00897771 0.0250415 0.00891891 0.0236066 0.00882428 0.0198789 0.0092375 0.00982554 0.00939891 0.0215008 0.00907303 0.047828 0.00980266 0.0147263 0.00940062 0.0118437 0.00887798 0.00869898 0.0210301 0.00880266 0.0286603 0.0088899 0.0299798 0.00927688 0.0243741 0.00859598 0.010014 0.00884417 0.0085548 0.0162358 0.00896381 0.0275175 0.00872821 0.0462866 0.00877258 0.0132177 0.00853448 0.00869556 
0.00416869 0.00362873 0.00367265 0.00363306 0 0.00359806 0.00368825 0.00369319 0.00376696 0.00384106 0.0144009 0.00930967 0.0222026 0.00878392 0.0230264 0.00957195 0.0102052 0.00919623 0.0140819 0.00907534 0.041051 0.00968307 0.0304731 0.00912329 0.0098132 0.00928501 0.00880913 0.0121547 0.0088173 0.0227759 0.00912753 0.0274966 0.00891752 0.0316068 0.00886495 0.0106646 0.00901219 0.00872571 0.00980889 0.00920475 0.0246824 0.0094434 0.0495863 0.00891641 0.0162533 0.00863117 0.0107006 0.00862392 
0.00419155 0.00368092 0.00365698 0.00377492 0.00359806 0 0.00358321 0.00376831 0.00359998 0.00376192 0.00893553 0.0229879 0.00896769 0.0318029 0.00894141 0.0154161 0.00905998 0.00906139 0.00913177 0.0280424 0.00944479 0.0360169 0.00994514 0.0152761 0.00882039 0.0106204 0.0090942 0.00874129 0.0207321 0.00896424 0.0311053 0.00899502 0.0302849 0.00927064 0.022751 0.00865608 0.00902369 0.00864712 0.00858195 0.0171274 0.0090552 0.0561193 0.00898055 0.018409 0.00869131 0.0200667 0.00858351 0.00857507 
0.00587422 0.00388847 0.00406009 0.00366739 0.00368825 0.00358321 0 0.00360658 0.00384877 0.00360266 0.0174731 0.00899789 0.0506882 0.00903195 0.0253392 0.00951847 0.0103444 0.00938585 0.0196938 0.00894766 0.0470271 0.00916732 0.042197 0.00900951 0.00971817 0.00927874 0.00897123 0.0143156 0.00884123 0.0311687 0.00906556 0.0342406 0.00885172 0.0354877 0.00882649 0.0109155 0.00863099 0.00897545 0.0110265 0.00899094 0.0682877 0.00929516 0.0217544 0.00870029 0.0212909 0.00856198 0.00968455 0.00843506 
0.00609012 0.00542983 0.00409392 0.00430977 0.00369319 0.00376831 0.00360658 0 0.00353032 0.00375408 0.00922546 0.0635393 0.00883496 0.0393661 0.00940816 0.0253575 0.00928146 0.00990272 0.00934765 0.0425756 0.00919303 0.0664705 0.00972525 0.0162845 0.00920587 0.0129927 0.0096897 0.00949752 0.0337704 0.00911061 0.0521153 0.00885141 0.0523401 0.00906361 0.0343808 0.00846613 0.0102209 0.00898358 0.00875732 0.0659385 0.00900373 0.0435198 0.00873818 0.0321117 0.00861463 0.0206022 0.00853633 0.00898753 
0.0135643 0.00889041 0.00478653 0.00376816 0.00376696 0.00359998 0.00384877 0.00353032 0 0.00356294 0.0473141 0.0093073 0.0333423 0.00910768 0.0180025 0.00953791 0.0194366 0.0101361 0.029809 0.00958231 0.048133 0.00904703 0.0248428 0.0107082 0.0123316 0.0100461 0.0128505 0.021716 0.00872095 0.0309607 0.00900482 0.040978 0.00899659 0.029281 0.00872279 0.0124759 0.00838634 0.00962831 0.0399471 0.00892909 0.0259672 0.00907062 0.0227665 0.00877718 0.0204325 0.0085769 0.0122848 0.00844699 
0.0177429 0.0077728 0.00484055 0.00631853 0.00384106 0.00376192 0.00360266 0.00375408 0.00356294 0 0.0135859 0.0207495 0.00871684 0.0195124 0.00875488 0.0129208 0.0109524 0.0377434 0.0117998 0.0240077 0.00917635 0.0171919 0.00898511 0.0150885 0.0115536 0.057226 0.00946632 0.0085064 0.0154914 0.00857822 0.0188149 0.00875019 0.0161394 0.0087324 0.0162805 0.00844159 0.0108969 0.0282217 0.00876017 0.0119935 0.00846786 0.0141409 0.00849739 0.0128811 0.00833689 0.0124125 0.00876167 0.0094598 
0.0340036 0.00940574 0.017648 0.00897771 0.0144009 0.00893553 0.0174731 0.00922546 0.0473141 0.0135859 0 0.00393392 0.00369311 0.00354457 0.00468031 0.00370433 0.00453342 0.00686086 0.0154988 0.0066598 0.0118145 0.007534 0.0118424 0.00980363 0.774791 0.0112893 0.00896275 0.0126373 0.00827877 0.0148073 0.00843264 0.0191235 0.00857006 0.0225125 0.00873566 0.0167654 0.0148209 0.010109 0.0111952 0.00849713 0.0130603 0.00872432 0.0125598 0.00844579 0.0155286 0.00838753 0.0141369 0.0148665 
0.0103722 0.0300755 0.0088218 0.0250415 0.00930967 0.0229879 0.00899789 0.0635393 0.0093073 0.0207495 0.00393392 0 0.00374884 0.0037041 0.00359597 0.00382096 0.0040827 0.0036673 0.00577893 0.0128179 0.00697606 0.0194311 0.0082844 0.837669 0.0307969 0.0120096 0.00953686 0.00826816 0.0184909 0.00839179 0.0314369 0.00844539 0.0283884 0.00882901 0.0247374 0.00888915 0.0117129 0.00946254 0.00879128 0.01711 0.00862483 0.0259218 0.00868496 0.0249973 0.00850195 0.0176683 0.00908968 0.0101476 
0.0133423 0.00883273 0.0328531 0.00891891 0.0222026 0.00896769 0.0506882 0.00883496 0.0333423 0.00871684 0.00369311 0.00374884 0 0.00354548 0.00372037 0.00375401 0.00377184 0.00375572 0.00844881 0.00629872 0.0128865 0.00746911 0.801927 0.0369903 0.0165843 0.00877008 0.00900302 0.0141043 0.00822696 0.0357121 0.00850206 0.0394337 0.00853491 0.0467771 0.00864579 0.0141121 0.00874396 0.0090436 0.0120047 0.0088562 0.0553601 0.00914118 0.0378784 0.00863344 0.0435944 0.00879257 0.013031 0.00885042 
0.00957585 0.0132331 0.00890679 0.0236066 0.00878392 0.0318029 0.00903195 0.0393661 0.00910768 0.0195124 0.00354457 0.0037041 0.00354548 0 0.00371966 0.00377469 0.00357691 0.00357823 0.00507881 0.0112428 0.00676565 0.753631 0.0783827 0.0158075 0.00728036 0.0106767 0.00908295 0.00823671 0.0238539 0.0084334 0.029637 0.00845627 0.0289021 0.00871598 0.0318003 0.00851541 0.00969383 0.00925964 0.00884983 0.0249648 0.00880558 0.0509313 0.00876046 0.0320954 0.00865685 0.0203717 0.00873226 0.00891802 
0.0128848 0.00886515 0.0177469 0.00882428 0.0230264 0.00894141 0.0253392 0.00940816 0.0180025 0.00875488 0.00468031 0.00359597 0.00372037 0.00371966 0 0.00353791 0.00357944 0.00360291 0.00640306 0.00575644 0.211598 0.0957413 0.0194344 0.00713768 0.00704703 0.00868758 0.00847018 0.0115858 0.00832904 0.0196788 0.00844352 0.0208287 0.00867372 0.0289035 0.00881217 0.0110107 0.00881568 0.00932607 0.011572 0.00883356 0.0355098 0.00913647 0.030641 0.00867244 0.0239846 0.00871268 0.0100889 0.0086453 
0.00939567 0.0115192 0.00982354 0.0198789 0.00957195 0.0154161 0.00951847 0.0253575 0.00953791 0.0129208 0.00370433 0.00382096 0.00375401 0.00377469 0.00353791 0 0.00354707 0.00352865 0.00446831 0.0894562 0.674522 0.0190027 0.0077421 0.00880563 0.00686383 0.00948361 0.00891287 0.0089289 0.0140964 0.00895794 0.0186078 0.00961208 0.0196169 0.00992761 0.0207006 0.00894201 0.00926462 0.00906171 0.00920418 0.0211873 0.00963378 0.0304965 0.00947689 0.0180733 0.00943612 0.0132965 0.00909253 0.0091905 
0.0105197 0.00986764 0.0118022 0.0092375 0.0102052 0.00905998 0.0103444 0.00928146 0.0194366 0.0109524 0.00453342 0.0040827 0.00377184 0.00357691 0.00357944 0.00354707 0 0.0035557 0.0312545 0.82334 0.0120828 0.00736222 0.00706267 0.00879572 0.00702151 0.00906762 0.0105472 0.00917025 0.00887665 0.0121404 0.00950178 0.0116632 0.00956783 0.0123771 0.00928978 0.0174871 0.00870439 0.00936316 0.0138798 0.00917428 0.0123085 0.0103738 0.0110363 0.00911169 0.0103028 0.00942599 0.0108484 0.00862708 
0.0165768 0.0103476 0.00939186 0.00982554 0.00919623 0.00906139 0.00938585 0.00990272 0.0101361 0.0377434 0.00686086 0.0036673 0.00375572 0.00357823 0.00360291 0.00352865 0.0035557 0 0.921697 0.00552622 0.00536865 0.00504463 0.00649655 0.00696929 0.00963049 0.0195834 0.00851665 0.00818837 0.00897453 0.00921017 0.00984694 0.00973005 0.00994751 0.0104543 0.0107838 0.00944121 0.00990652 0.0190394 0.00940297 0.00970554 0.00929317 0.0102385 0.00982667 0.00926271 0.00928582 0.00924264 0.00958034 0.0100769 
0.0252404 0.0100193 0.013971 0.00939891 0.0140819 0.00913177 0.0196938 0.00934765 0.029809 0.0117998 0.0154988 0.00577893 0.00844881 0.00507881 0.00640306 0.00446831 0.0312545 0.921697 0 0.00378336 0.00356407 0.00350162 0.00365945 0.00365335 0.00458597 0.0116536 0.00863062 0.013036 0.00878534 0.0230231 0.0100125 0.0685904 0.0175544 0.334823 0.00893367 0.0183631 0.0140654 0.0145829 0.0134368 0.00880848 0.0160554 0.00911488 0.0183143 0.00887563 0.0187802 0.00883123 0.0193997 0.0169929 
0.00979218 0.0258953 0.00901711 0.0215008 0.00907534 0.0280424 0.00894766 0.0425756 0.00958231 0.0240077 0.0066598 0.0128179 0.00629872 0.0112428 0.00575644 0.0894562 0.82334 0.00552622 0.00378336 0 0.00353599 0.00359589 0.00356395 0.00412308 0.00364593 0.00818183 0.0104011 0.00753022 0.0286075 0.00944378 0.106107 0.0129791 0.421233 0.00903307 0.0285076 0.00909872 0.0149302 0.0111234 0.0106675 0.0327293 0.00912023 0.0507454 0.00912147 0.0406933 0.00901804 0.04572 0.0107473 0.0119079 
0.012921 0.00919926 0.035494 0.00907303 0.041051 0.00944479 0.0470271 0.00919303 0.048133 0.00917635 0.0118145 0.00697606 0.0128865 0.00676565 0.211598 0.674522 0.0120828 0.00536865 0.00356407 0.00353599 0 0.00357171 0.00359935 0.00357399 0.0036142 0.00821514 0.00781805 0.0283643 0.00853121 0.109817 0.0124299 0.500241 0.00866402 0.0503959 0.0087503 0.0175034 0.00869023 0.0094539 0.0217812 0.00983297 0.0901299 0.0105554 0.075663 0.00902441 0.112554 0.00934946 0.0221291 0.00936573 
0.00959762 0.0200215 0.00959014 0.047828 0.00968307 0.0360169 0.00916732 0.0664705 0.00904703 0.0171919 0.007534 0.0194311 0.00746911 0.753631 0.0957413 0.0190027 0.00736222 0.00504463 0.00350162 0.00359589 0.00357171 0 0.0035747 0.00355682 0.00360276 0.00706257 0.0169147 0.00983609 0.0943316 0.0104056 0.482547 0.00849771 0.0361558 0.00910345 0.0475555 0.00830484 0.0118929 0.0111539 0.0102332 0.057153 0.0101197 0.130915 0.00958469 0.0924757 0.00938053 0.0510053 0.00947647 0.0105487 
0.0127709 0.00966862 0.0363334 0.00980266 0.0304731 0.00994514 0.042197 0.00972525 0.0248428 0.00898511 0.0118424 0.0082844 0.801927 0.0783827 0.0194344 0.0077421 0.00706267 0.00649655 0.00365945 0.00356395 0.00359935 0.0035747 0 0.00355279 0.00355897 0.0221894 0.021457 0.0783077 0.00908409 0.361461 0.00861316 0.0243932 0.00862778 0.0356196 0.00882327 0.0145077 0.00845159 0.0102967 0.0213356 0.0104733 0.0664373 0.0124643 0.0795142 0.00948101 0.0562778 0.010255 0.0182198 0.0092409 
0.00976916 0.0178868 0.00914886 0.0147263 0.00912329 0.0152761 0.00900951 0.0162845 0.0107082 0.0150885 0.00980363 0.837669 0.0369903 0.0158075 0.00713768 0.00880563 0.00879572 0.00696929 0.00365335 0.00412308 0.00357399 0.00355682 0.00355279 0 0.00355883 0.00953377 0.063399 0.0181851 0.06267 0.00775723 0.0202343 0.00803775 0.0185099 0.00920205 0.022236 0.00882697 0.00894334 0.0127401 0.0121414 0.0230336 0.00964973 0.0478234 0.00991905 0.0286796 0.00952777 0.0197837 0.0149711 0.0102761 
0.0227835 0.00969983 0.0101579 0.00940062 0.0098132 0.00882039 0.00971817 0.00920587 0.0123316 0.0115536 0.774791 0.0307969 0.0165843 0.00728036 0.00704703 0.00686383 0.00702151 0.00963049 0.00458597 0.00364593 0.0036142 0.00360276 0.00355897 0.00355883 0 0.110263 0.0152571 0.0115747 0.00670126 0.00973668 0.00788882 0.0144249 0.00864582 0.0135744 0.00871255 0.00898029 0.00887916 0.0193946 0.011837 0.00887379 0.0160881 0.0102524 0.0158116 0.00894794 0.012516 0.00960183 0.0134803 0.0109938 
0.0122417 0.0105904 0.00921047 0.0118437 0.00928501 0.0106204 0.00927874 0.0129927 0.0100461 0.057226 0.0112893 0.0120096 0.00877008 0.0106767 0.00868758 0.00948361 0.00906762 0.0195834 0.0116536 0.00818183 0.00821514 0.00706257 0.0221894 0.00953377 0.110263 0 0.00418972 0.00357702 0.00407954 0.00359601 0.00409769 0.00376962 0.00505128 0.00407106 0.00691811 0.00483333 0.0175569 0.00780911 0.00786628 0.00960586 0.00917792 0.010381 0.010561 0.012226 0.00871032 0.0114532 0.0128209 0.240481 
0.00884582 0.00904221 0.00882047 0.00887798 0.00880913 0.0090942 0.00897123 0.0096897 0.0128505 0.00946632 0.00896275 0.00953686 0.00900302 0.00908295 0.00847018 0.00891287 0.0105472 0.00851665 0.00863062 0.0104011 0.00781805 0.0169147 0.021457 0.063399 0.0152571 0.00418972 0 0.00367272 0.00358997 0.00359021 0.00361501 0.00384681 0.00396356 0.0042702 0.0047393 0.00985736 0.00664831 0.00759799 0.00855731 0.00827972 0.00844322 0.00925182 0.00873688 0.0109563 0.00906013 0.0101012 0.0564448 0.151709 
0.0101107 0.00864896 0.0120971 0.00869898 0.0121547 0.00874129 0.0143156 0.00949752 0.021716 0.0085064 0.0126373 0.00826816 0.0141043 0.00823671 0.0115858 0.0089289 0.00917025 0.00818837 0.013036 0.00753022 0.0283643 0.00983609 0.0783077 0.0181851 0.0115747 0.00357702 0.00367272 0 0.00349758 0.00361763 0.00350536 0.00421052 0.00370791 0.00428604 0.00545957 0.0043822 0.00457605 0.00847266 0.00915341 0.00784544 0.0126928 0.00843406 0.0229079 0.00821028 0.017762 0.0104341 0.667875 0.0110968 
0.00901418 0.0140926 0.00888972 0.0210301 0.0088173 0.0207321 0.00884123 0.0337704 0.00872095 0.0154914 0.00827877 0.0184909 0.00822696 0.0238539 0.00832904 0.0140964 0.00887665 0.00897453 0.00878534 0.0286075 0.00853121 0.0943316 0.00908409 0.06267 0.00670126 0.00407954 0.00358997 0.00349758 0 0.00351777 0.00361456 0.00355637 0.0045436 0.00367251 0.00587472 0.00375367 0.00521012 0.00725227 0.00750269 0.0169316 0.00787122 0.0278075 0.0078616 0.0239963 0.00860028 0.850533 0.0109638 0.0101008 
0.0111787 0.00881939 0.0239328 0.00880266 0.0227759 0.00896424 0.0311687 0.00911061 0.0309607 0.00857822 0.0148073 0.00839179 0.0357121 0.0084334 0.0196788 0.00895794 0.0121404 0.00921017 0.0230231 0.00944378 0.109817 0.0104056 0.361461 0.00775723 0.00973668 0.00359601 0.00359021 0.00361763 0.00351777 0 0.00350763 0.00353833 0.00360146 0.0039929 0.00357171 0.00420081 0.00386132 0.00695566 0.0140989 0.00749494 0.0315066 0.00845004 0.0175699 0.00835869 0.897443 0.00883177 0.0195275 0.00860375 
0.00893007 0.0169251 0.00901135 0.0286603 0.00912753 0.0311053 0.00906556 0.0521153 0.00900482 0.0188149 0.00843264 0.0314369 0.00850206 0.029637 0.00844352 0.0186078 0.00950178 0.00984694 0.0100125 0.106107 0.0124299 0.482547 0.00861316 0.0202343 0.00788882 0.00409769 0.00361501 0.00350536 0.00361456 0.00350763 0 0.00356059 0.00459861 0.00353752 0.00371696 0.00358656 0.00365495 0.00887095 0.00764939 0.0352291 0.00753453 0.0293371 0.00892742 0.924064 0.0094019 0.0307994 0.00876198 0.0133774 
0.0110478 0.00907468 0.0252419 0.0088899 0.0274966 0.00899502 0.0342406 0.00885141 0.040978 0.00875019 0.0191235 0.00844539 0.0394337 0.00845627 0.0208287 0.00961208 0.0116632 0.00973005 0.0685904 0.0129791 0.500241 0.00849771 0.0243932 0.00803775 0.0144249 0.00376962 0.00384681 0.00421052 0.00355637 0.00353833 0.00356059 0 0.00353991 0.00363332 0.00356388 0.00369179 0.00360518 0.00673652 0.0246449 0.00710752 0.0127762 0.0105208 0.938207 0.0086543 0.0273402 0.00808294 0.025322 0.0105669 
0.00952934 0.0152911 0.00906705 0.0299798 0.00891752 0.0302849 0.00885172 0.0523401 0.00899659 0.0161394 0.00857006 0.0283884 0.00853491 0.0289021 0.00867372 0.0196169 0.00956783 0.00994751 0.0175544 0.421233 0.00866402 0.0361558 0.00862778 0.0185099 0.00864582 0.00505128 0.00396356 0.00370791 0.0045436 0.00360146 0.00459861 0.00353991 0 0.00354262 0.00371451 0.00355229 0.00365303 0.0102062 0.00749264 0.015329 0.00808774 0.938602 0.0100077 0.025307 0.00853402 0.0355201 0.00939535 0.0112824 
0.012246 0.00942904 0.0279907 0.00927688 0.0316068 0.00927064 0.0354877 0.00906361 0.029281 0.0087324 0.0225125 0.00882901 0.0467771 0.00871598 0.0289035 0.00992761 0.0123771 0.0104543 0.334823 0.00903307 0.0503959 0.00910345 0.0356196 0.00920205 0.0135744 0.00407106 0.0042702 0.00428604 0.00367251 0.0039929 0.00353752 0.00363332 0.00354262 0 0.00353483 0.00367416 0.0034799 0.00602004 0.0144235 0.00747648 0.948923 0.00870657 0.0239733 0.00747297 0.0361859 0.0080047 0.0173759 0.00869194 
0.00894669 0.0131125 0.0088979 0.0243741 0.00886495 0.022751 0.00882649 0.0343808 0.00872279 0.0162805 0.00873566 0.0247374 0.00864579 0.0318003 0.00881217 0.0207006 0.00928978 0.0107838 0.00893367 0.0285076 0.0087503 0.0475555 0.00882327 0.022236 0.00871255 0.00691811 0.0047393 0.00545957 0.00587472 0.00357171 0.00371696 0.00356388 0.00371451 0.00353483 0 0.00352979 0.00355832 0.00684664 0.00823444 0.954633 0.00776143 0.021839 0.00686214 0.0428831 0.00763393 0.0183208 0.00814021 0.0103705 
0.0114717 0.00929095 0.011115 0.00859598 0.0106646 0.00865608 0.0109155 0.00846613 0.0124759 0.00844159 0.0167654 0.00888915 0.0141121 0.00851541 0.0110107 0.00894201 0.0174871 0.00944121 0.0183631 0.00909872 0.0175034 0.00830484 0.0145077 0.00882697 0.00898029 0.00483333 0.00985736 0.0043822 0.00375367 0.00420081 0.00358656 0.00369179 0.00355229 0.00367416 0.00352979 0 0.00356637 0.00632761 0.96181 0.00641342 0.00755919 0.00617549 0.0230277 0.00640691 0.00999817 0.00717864 0.0101865 0.00771354 
0.0124843 0.00978923 0.00880384 0.010014 0.00901219 0.00902369 0.00863099 0.0102209 0.00838634 0.0108969 0.0148209 0.0117129 0.00874396 0.00969383 0.00881568 0.00926462 0.00870439 0.00990652 0.0140654 0.0149302 0.00869023 0.0118929 0.00845159 0.00894334 0.00887916 0.0175569 0.00664831 0.00457605 0.00521012 0.00386132 0.00365495 0.00360518 0.00365303 0.0034799 0.00355832 0.00356637 0 0.932642 0.00616688 0.00523713 0.00516412 0.0175186 0.00622817 0.00767951 0.00633843 0.00823537 0.0068654 0.00812197 
0.00913462 0.00870154 0.00869706 0.00884417 0.00872571 0.00864712 0.00897545 0.00898358 0.00962831 0.0282217 0.010109 0.00946254 0.0090436 0.00925964 0.00932607 0.00906171 0.00936316 0.0190394 0.0145829 0.0111234 0.0094539 0.0111539 0.0102967 0.0127401 0.0193946 0.00780911 0.00759799 0.00847266 0.00725227 0.00695566 0.00887095 0.00673652 0.0102062 0.00602004 0.00684664 0.00632761 0.932642 0 0.0036032 0.00358051 0.00379205 0.00358023 0.00368537 0.00373934 0.00405689 0.00674782 0.00590156 0.0164937 
0.00864562 0.00855108 0.00993838 0.0085548 0.00980889 0.00858195 0.0110265 0.00875732 0.0399471 0.00876017 0.0111952 0.00879128 0.0120047 0.00884983 0.011572 0.00920418 0.0138798 0.00940297 0.0134368 0.0106675 0.0217812 0.0102332 0.0213356 0.0121414 0.011837 0.00786628 0.00855731 0.00915341 0.00750269 0.0140989 0.00764939 0.0246449 0.00749264 0.0144235 0.00823444 0.96181 0.00616688 0.0036032 0 0.00363502 0.00354404 0.0035491 0.00374351 0.00366146 0.00402378 0.00402416 0.0130516 0.00605277 
0.00849501 0.0112691 0.0091915 0.0162358 0.00920475 0.0171274 0.00899094 0.0659385 0.00892909 0.0119935 0.00849713 0.01711 0.0088562 0.0249648 0.00883356 0.0211873 0.00917428 0.00970554 0.00880848 0.0327293 0.00983297 0.057153 0.0104733 0.0230336 0.00887379 0.00960586 0.00827972 0.00784544 0.0169316 0.00749494 0.0352291 0.00710752 0.015329 0.00747648 0.954633 0.00641342 0.00523713 0.00358051 0.00363502 0 0.0035403 0.00352889 0.00353009 0.00369618 0.00358943 0.00630317 0.00400934 0.00401017 
0.00892635 0.0086389 0.0242046 0.00896381 0.0246824 0.0090552 0.0682877 0.00900373 0.0259672 0.00846786 0.0130603 0.00862483 0.0553601 0.00880558 0.0355098 0.00963378 0.0123085 0.00929317 0.0160554 0.00912023 0.0901299 0.0101197 0.0664373 0.00964973 0.0160881 0.00917792 0.00844322 0.0126928 0.00787122 0.0315066 0.00753453 0.0127762 0.00808774 0.948923 0.00776143 0.00755919 0.00516412 0.00379205 0.00354404 0.0035403 0 0.00351213 0.00352576 0.00352244 0.00389019 0.00360975 0.00372231 0.00468507 
0.0085576 0.0128548 0.00937327 0.0275175 0.0094434 0.0561193 0.00929516 0.0435198 0.00907062 0.0141409 0.00872432 0.0259218 0.00914118 0.0509313 0.00913647 0.0304965 0.0103738 0.0102385 0.00911488 0.0507454 0.0105554 0.130915 0.0124643 0.0478234 0.0102524 0.010381 0.00925182 0.00843406 0.0278075 0.00845004 0.0293371 0.0105208 0.938602 0.00870657 0.021839 0.00617549 0.0175186 0.00358023 0.0035491 0.00352889 0.00351213 0 0.00351764 0.00614398 0.00354764 0.00417227 0.00357641 0.00432625 
0.00892698 0.00857672 0.0168932 0.00872821 0.0495863 0.00898055 0.0217544 0.00873818 0.0227665 0.00849739 0.0125598 0.00868496 0.0378784 0.00876046 0.030641 0.00947689 0.0110363 0.00982667 0.0183143 0.00912147 0.075663 0.00958469 0.0795142 0.00991905 0.0158116 0.010561 0.00873688 0.0229079 0.0078616 0.0175699 0.00892742 0.938207 0.0100077 0.0239733 0.00686214 0.0230277 0.00622817 0.00368537 0.00374351 0.00353009 0.00352576 0.00351764 0 0.00352387 0.00357042 0.00352053 0.00357226 0.00370578 
0.00832138 0.0117256 0.00874849 0.0462866 0.00891641 0.018409 0.00870029 0.0321117 0.00877718 0.0128811 0.00844579 0.0249973 0.00863344 0.0320954 0.00867244 0.0180733 0.00911169 0.00926271 0.00887563 0.0406933 0.00902441 0.0924757 0.00948101 0.0286796 0.00894794 0.012226 0.0109563 0.00821028 0.0239963 0.00835869 0.924064 0.0086543 0.025307 0.00747297 0.0428831 0.00640691 0.00767951 0.00373934 0.00366146 0.00369618 0.00352244 0.00614398 0.00352387 0 0.00353106 0.00360458 0.00353432 0.00434137 
0.00913193 0.00855081 0.0342152 0.00877258 0.0162533 0.00869131 0.0212909 0.00861463 0.0204325 0.00833689 0.0155286 0.00850195 0.0435944 0.00865685 0.0239846 0.00943612 0.0103028 0.00928582 0.0187802 0.00901804 0.112554 0.00938053 0.0562778 0.00952777 0.012516 0.00871032 0.00906013 0.017762 0.00860028 0.897443 0.0094019 0.0273402 0.00853402 0.0361859 0.00763393 0.00999817 0.00633843 0.00405689 0.00402378 0.00358943 0.00389019 0.00354764 0.00357042 0.00353106 0 0.00349321 0.00361349 0.00354813 
0.00839335 0.0305866 0.00865913 0.0132177 0.00863117 0.0200667 0.00856198 0.0206022 0.0085769 0.0124125 0.00838753 0.0176683 0.00879257 0.0203717 0.00871268 0.0132965 0.00942599 0.00924264 0.00883123 0.04572 0.00934946 0.0510053 0.010255 0.0197837 0.00960183 0.0114532 0.0101012 0.0104341 0.850533 0.00883177 0.0307994 0.00808294 0.0355201 0.0080047 0.0183208 0.00717864 0.00823537 0.00674782 0.00402416 0.00630317 0.00360975 0.00417227 0.00352053 0.00360458 0.00349321 0 0.00351843 0.00355993 
0.0169854 0.00903709 0.00907755 0.00853448 0.0107006 0.00858351 0.00968455 0.00853633 0.0122848 0.00876167 0.0141369 0.00908968 0.013031 0.00873226 0.0100889 0.00909253 0.0108484 0.00958034 0.0193997 0.0107473 0.0221291 0.00947647 0.0182198 0.0149711 0.0134803 0.0128209 0.0564448 0.667875 0.0109638 0.0195275 0.00876198 0.025322 0.00939535 0.0173759 0.00814021 0.0101865 0.0068654 0.00590156 0.0130516 0.00400934 0.00372231 0.00357641 0.00357226 0.00353432 0.00361349 0.00351843 0 0.00358012 
0.0107133 0.00911365 0.00841441 0.00869556 0.00862392 0.00857507 0.00843506 0.00898753 0.00844699 0.0094598 0.0148665 0.0101476 0.00885042 0.00891802 0.0086453 0.0091905 0.00862708 0.0100769 0.0169929 0.0119079 0.00936573 0.0105487 0.0092409 0.0102761 0.0109938 0.240481 0.151709 0.0110968 0.0101008 0.00860375 0.0133774 0.0105669 0.0112824 0.00869194 0.0103705 0.00771354 0.00812197 0.0164937 0.00605277 0.00401017 0.00468507 0.00432625 0.00370578 0.00434137 0.00354813 0.00355993 0.00358012 0 
