1YCQA
EKLVQPTPLLLSLLKSAGAQKETFTMKEVIYHLGQYIMAKQLYDEKQQHIVHCSNDPLGELFGVQEFSVKEPRRLYAMISRNLVSANV
CCCEEECHHHHHHHHHCCCCCCCECHHHHHHHHHHHHHHHCCECCCCCCEEECCCCHHHHHHCCCEEECCCHHHHHHHHHCCEEECCC
0 0 0 0 0 0 0 0 0 0 0 0 0 0 0 0 0 0 0 0 0 0 0 0 0 0 0 0 0 0 0 0 0 0 0 0 0 0 0 0 0 0 0 0 0 0 0 0 0 0 0 0 0 0 0 0 0 0 0 0 0 0 0 0 0 0 0 0 0 0 0 0 0 0 0 0 0 0 0 0 0 0 0 0 0 0 0 0 
0 0 0 0 0 0 0 0 0 0 0 0 0 0 0 0 0 0 0 0 0 0 0 0 0 0 0 0 0 0 0 0 0 0 0 0 0 0 0 0 0 0 0 0 0 0 0 0 0 0 0 0 0 0 0 0 0 0 0 0 0 0 0 0 0 0 0 0 0 0 0 0 0 0 0 0 0 0 0 0 0 0 0 0 0 0 0 0 
0 0.00365677 0.00397341 0.0553855 0.0168475 0.0187482 0.0105584 0.0157097 0.00962433 0.0106645 0.0128651 0.0124247 0.00844872 0.0162067 
0.00365677 0 0.00360615 0.0110821 0.0128369 0.0110989 0.0409178 0.0110646 0.0117126 0.0102612 0.0103029 0.0084801 0.0162398 0.00829922 
0.00397341 0.00360615 0 0.0281752 0.0162546 0.0422778 0.0142537 0.0130283 0.0134086 0.011051 0.0105751 0.0359372 0.00855461 0.0101123 
0.0553855 0.0110821 0.0281752 0 0.23681 0.0198216 0.0191426 0.0202007 0.0138488 0.0134869 0.0183379 0.0192037 0.00975709 0.014491 
0.0168475 0.0128369 0.0162546 0.23681 0 0.0594789 0.105539 0.0186689 0.015925 0.0113824 0.0339578 0.0196435 0.012836 0.0161846 
0.0187482 0.0110989 0.0422778 0.0198216 0.0594789 0 0.00358291 0.00364454 0.0316262 0.0122346 0.777147 0.0160694 0.0119742 0.0212852 
0.0105584 0.0409178 0.0142537 0.0191426 0.105539 0.00358291 0 0.00358846 0.00925079 0.957931 0.00923661 0.0163568 0.025763 0.0138686 
0.0157097 0.0110646 0.0130283 0.0202007 0.0186689 0.00364454 0.00358846 0 0.826445 0.00878679 0.131148 0.0168369 0.0158137 0.015358 
0.00962433 0.0117126 0.0134086 0.0138488 0.015925 0.0316262 0.00925079 0.826445 0 0.00363811 0.00379029 0.0383745 0.0151909 0.0422008 
0.0106645 0.0102612 0.011051 0.0134869 0.0113824 0.0122346 0.957931 0.00878679 0.00363811 0 0.00364692 0.0267012 0.0817182 0.0164522 
0.0128651 0.0103029 0.0105751 0.0183379 0.0339578 0.777147 0.00923661 0.131148 0.00379029 0.00364692 0 0.0231706 0.021582 0.0804008 
0.0124247 0.0084801 0.0359372 0.0192037 0.0196435 0.0160694 0.0163568 0.0168369 0.0383745 0.0267012 0.0231706 0 0.00359808 0.00691822 
0.00844872 0.0162398 0.00855461 0.00975709 0.012836 0.0119742 0.025763 0.0158137 0.0151909 0.0817182 0.021582 0.00359808 0 0.00377805 
0.0162067 0.00829922 0.0101123 0.014491 0.0161846 0.0212852 0.0138686 0.015358 0.0422008 0.0164522 0.0804008 0.00691822 0.00377805 0 
