2A8VA
MNLTELKNTPVSELITLGENMGLENLARMRKQDIIFAILKQHAKSGEDIFGDGVLEILQDGFGFLRSADSSYLAGPDDIYVSPSQIRRFNLRTGDTISGKIRPPKEGERYFALLKVNE
CEHHHHHCCCHHHHHHHHHCCCCCCHHHCCHHHHHHHHHHHHHHCCCCEEEEEEEEECCCCCEEEECCCCCCCCCCCCEEECHHHHHHHCCCCCCEEEEEEECCCCCCCCEEEEEECC
0 0 0 0 0 0 0 0 0 0 0 0 0 0 0 0 0 0 0 0 0 0 0 0 0 0 0 0 0 0 0 0 0 0 0 0 0 0 0 0 0 0 0 0 0 0 0 0 0 0 0 0 0 0 0 0 0 0 0 0 0 0 0 0 0 0 0 0 0 0 0 0 0 0 0 0 0 0 0 0 0 0 0 0 0 0 0 0 0 0 0 0 0 0 0 0 0 0 0 0 0 0 0 0 0 0 0 0 0 0 0 0 0 0 0 0 0 0 
0 0 0 0 0 0 0 0 0 0 0 0 0 0 0 0 0 0 0 0 0 0 0 0 0 0 0 0 0 0 0 0 0 0 0 0 0 0 0 0 0 0 0 0 0 0 0 0 0 0 0 0 0 0 0 0 0 0 0 0 0 0 0 0 0 0 0 0 0 0 0 0 0 0 0 0 0 0 0 0 0 0 0 0 0 0 0 0 0 0 0 0 0 0 0 0 0 0 0 0 0 0 0 0 0 0 0 0 0 0 0 0 0 0 0 0 0 0 
0 0.0188388 0.0266172 0.0102258 0.0122063 0.00967628 0.0121101 0.00939191 0.0125379 0.0160825 0.0237198 0.0115829 0.00947375 0.0172663 0.0180832 0.0111832 0.0171462 0.0195064 0.00861526 0.00872901 0.0083564 0.00923383 0.00822915 0.011689 0.0161881 0.00900829 0.00862026 0.00849772 0.00860228 0.00958989 
0.0188388 0 0.00358952 0.00360109 0.00353349 0.00388505 0.00370143 0.00511623 0.00508884 0.0196676 0.0084515 0.00821975 0.0113576 0.026239 0.0292567 0.0102828 0.0523954 0.0105228 0.0161392 0.00857976 0.013584 0.00881563 0.0343538 0.0123585 0.0160927 0.00990088 0.00970444 0.00921324 0.00960548 0.0293752 
0.0266172 0.00358952 0 0.00352935 0.00354017 0.00356727 0.00366825 0.0036808 0.0091635 0.00402115 0.00751446 0.00844951 0.0094925 0.0114911 0.00929899 0.0450247 0.00963158 0.0147913 0.00873178 0.0198409 0.00885254 0.0332203 0.00865752 0.0130509 0.00932878 0.0144127 0.00943657 0.00936666 0.0142347 0.0085297 
0.0102258 0.00360109 0.00352935 0 0.00351093 0.00356825 0.00353671 0.0142663 0.00360682 0.00499381 0.00716223 0.00859499 0.0093073 0.00820719 0.0154367 0.00925945 0.0207269 0.0083461 0.025892 0.00860105 0.0458608 0.00870898 0.0220679 0.00855293 0.00964431 0.00912647 0.0168217 0.0119075 0.00868664 0.0113847 
0.0122063 0.00353349 0.00354017 0.00351093 0 0.0034555 0.0036601 0.00353751 0.00359651 0.0035192 0.0076032 0.00716817 0.00738928 0.00837269 0.0095651 0.0270765 0.0086513 0.0126218 0.00833901 0.0406843 0.00865006 0.025884 0.00855184 0.0107126 0.0086303 0.0115803 0.009775 0.00926048 0.00988572 0.00821077 
0.00967628 0.00388505 0.00356727 0.00356825 0.0034555 0 0.003521 0.00380476 0.00357092 0.00366981 0.00692598 0.00770697 0.00831189 0.0176398 0.039764 0.00887189 0.0141943 0.00854011 0.0354758 0.00875836 0.0352548 0.00894263 0.0142409 0.00880755 0.0109486 0.0105223 0.0152704 0.0116833 0.0088568 0.0112404 
0.0121101 0.00370143 0.00366825 0.00353671 0.0036601 0.003521 0 0.00353355 0.00360097 0.00354674 0.0066483 0.00794017 0.0191175 0.784391 0.00910562 0.0164562 0.0090818 0.0180353 0.00855417 0.0412328 0.0090248 0.0297962 0.00869794 0.0120944 0.00903807 0.0128083 0.0107634 0.00983668 0.012914 0.00853332 
0.00939191 0.00511623 0.0036808 0.0142663 0.00353751 0.00380476 0.00353355 0 0.0035507 0.00367867 0.00603331 0.0104098 0.885306 0.00895621 0.0154902 0.00909151 0.0188559 0.00883944 0.0309033 0.00872066 0.0453937 0.00880338 0.0169901 0.00867889 0.0112015 0.00996866 0.0161385 0.0119288 0.00874363 0.0158795 
0.0125379 0.00508884 0.0091635 0.00360682 0.00359651 0.00357092 0.00360097 0.0035507 0 0.00356648 0.0157331 0.941906 0.016618 0.00852275 0.00953274 0.0389054 0.00913716 0.0237572 0.00910272 0.0218388 0.00922676 0.022727 0.00874933 0.0115538 0.0104676 0.0174717 0.010342 0.00943913 0.0142044 0.00856376 
0.0160825 0.0196676 0.00402115 0.00499381 0.0035192 0.00366981 0.00354674 0.00367867 0.00356648 0 0.924238 0.0170541 0.0103089 0.00678638 0.0312705 0.00933786 0.0187848 0.0132067 0.0178248 0.00856884 0.0114329 0.00902313 0.0113704 0.00877744 0.0266437 0.010139 0.00965242 0.00919962 0.00856604 0.0137466 
0.0237198 0.0084515 0.00751446 0.00716223 0.0076032 0.00692598 0.0066483 0.00603331 0.0157331 0.924238 0 0.00360585 0.0036227 0.00457322 0.01699 0.0131284 0.359133 0.0198312 0.0101307 0.010051 0.00977289 0.0104287 0.010255 0.0298956 0.0155288 0.0112569 0.00987884 0.00958107 0.0120097 0.0217844 
0.0115829 0.00821975 0.00844951 0.00859499 0.00716817 0.00770697 0.00794017 0.0104098 0.941906 0.0170541 0.00360585 0 0.00359227 0.00365584 0.0170382 0.382981 0.0191273 0.0100781 0.0144308 0.0106889 0.0133689 0.0129395 0.0148822 0.0136575 0.0107724 0.0199622 0.0152376 0.0121286 0.0160622 0.0120569 
0.00947375 0.0113576 0.0094925 0.0093073 0.00738928 0.00831189 0.0191175 0.885306 0.016618 0.0103089 0.0036227 0.00359227 0 0.00366818 0.227171 0.0600083 0.0259944 0.00947266 0.0131358 0.0114606 0.0144394 0.0140977 0.0151646 0.00990091 0.0108014 0.0171116 0.0125578 0.0158549 0.0122137 0.0104161 
0.0172663 0.026239 0.0114911 0.00820719 0.00837269 0.0176398 0.784391 0.00895621 0.00852275 0.00678638 0.00457322 0.00365584 0.00366818 0 0.0218151 0.024113 0.0344354 0.0190572 0.0118791 0.0101029 0.0105831 0.0127691 0.00970211 0.0154538 0.0220725 0.0129682 0.011363 0.00978074 0.0100111 0.0107514 
0.0180832 0.0292567 0.00929899 0.0154367 0.0095651 0.039764 0.00910562 0.0154902 0.00953274 0.0312705 0.01699 0.0170382 0.227171 0.0218151 0 0.0035846 0.0052611 0.0144029 0.0392705 0.00955517 0.0342417 0.0100684 0.0366512 0.0174839 0.0345803 0.0126622 0.0139457 0.0114476 0.0106737 0.0709731 
0.0111832 0.0102828 0.0450247 0.00925945 0.0270765 0.00887189 0.0164562 0.00909151 0.0389054 0.00933786 0.0131284 0.382981 0.0600083 0.024113 0.0035846 0 0.00362321 0.0355685 0.0116552 0.0436616 0.0099678 0.0516236 0.0113977 0.0177979 0.0119967 0.0466604 0.00984847 0.0100451 0.0406462 0.00916035 
0.0171462 0.0523954 0.00963158 0.0207269 0.0086513 0.0141943 0.0090818 0.0188559 0.00913716 0.0187848 0.359133 0.0191273 0.0259944 0.0344354 0.0052611 0.00362321 0 0.0166963 0.0439201 0.00918436 0.0223911 0.00974905 0.0282784 0.0130227 0.0403952 0.0108702 0.0123842 0.0110097 0.00902309 0.0318238 
0.0195064 0.0105228 0.0147913 0.0083461 0.0126218 0.00854011 0.0180353 0.00883944 0.0237572 0.0132067 0.0198312 0.0100781 0.00947266 0.0190572 0.0144029 0.0355685 0.0166963 0 0.00366408 0.0042187 0.00355699 0.00412312 0.00399915 0.0138158 0.0125354 0.0103242 0.00905497 0.00917737 0.0306568 0.0271499 
0.00861526 0.0161392 0.00873178 0.025892 0.00833901 0.0354758 0.00855417 0.0309033 0.00910272 0.0178248 0.0101307 0.0144308 0.0131358 0.0118791 0.0392705 0.0116552 0.0439201 0.00366408 0 0.00357136 0.00358431 0.00357544 0.00457636 0.00366365 0.00980114 0.00836056 0.0120564 0.0125243 0.0151137 0.168114 
0.00872901 0.00857976 0.0198409 0.00860105 0.0406843 0.00875836 0.0412328 0.00872066 0.0218388 0.00856884 0.010051 0.0106889 0.0114606 0.0101029 0.00955517 0.0436616 0.00918436 0.0042187 0.00357136 0 0.00352307 0.00351883 0.00353974 0.00365621 0.00708444 0.00924716 0.00843818 0.0109821 0.107701 0.0137826 
0.0083564 0.013584 0.00885254 0.0458608 0.00865006 0.0352548 0.0090248 0.0453937 0.00922676 0.0114329 0.00977289 0.0133689 0.0144394 0.0105831 0.0342417 0.0099678 0.0223911 0.00355699 0.00358431 0.00352307 0 0.00352196 0.00355747 0.00352734 0.00892713 0.00844139 0.021073 0.0624646 0.0489375 0.0557105 
0.00923383 0.00881563 0.0332203 0.00870898 0.025884 0.00894263 0.0297962 0.00880338 0.022727 0.00902313 0.0104287 0.0129395 0.0140977 0.0127691 0.0100684 0.0516236 0.00974905 0.00412312 0.00357544 0.00351883 0.00352196 0 0.00353625 0.00366447 0.0076521 0.032387 0.0173502 0.12078 0.078228 0.00853009 
0.00822915 0.0343538 0.00865752 0.0220679 0.00855184 0.0142409 0.00869794 0.0169901 0.00874933 0.0113704 0.010255 0.0148822 0.0151646 0.00970211 0.0366512 0.0113977 0.0282784 0.00399915 0.00457636 0.00353974 0.00355747 0.00353625 0 0.00356102 0.035825 0.0247062 0.247751 0.0236191 0.00846348 0.0152131 
0.011689 0.0123585 0.0130509 0.00855293 0.0107126 0.00880755 0.0120944 0.00867889 0.0115538 0.00877744 0.0298956 0.0136575 0.00990091 0.0154538 0.0174839 0.0177979 0.0130227 0.0138158 0.00366365 0.00365621 0.00352734 0.00366447 0.00356102 0 0.0549543 0.284672 0.00684239 0.00685363 0.00844926 0.00697534 
0.0161881 0.0160927 0.00932878 0.00964431 0.0086303 0.0109486 0.00903807 0.0112015 0.0104676 0.0266437 0.0155288 0.0107724 0.0108014 0.0220725 0.0345803 0.0119967 0.0403952 0.0125354 0.00980114 0.00708444 0.00892713 0.0076521 0.035825 0.0549543 0 0.00361552 0.003585 0.00356588 0.00382743 0.0107719 
0.00900829 0.00990088 0.0144127 0.00912647 0.0115803 0.0105223 0.0128083 0.00996866 0.0174717 0.010139 0.0112569 0.0199622 0.0171116 0.0129682 0.0126622 0.0466604 0.0108702 0.0103242 0.00836056 0.00924716 0.00844139 0.032387 0.0247062 0.284672 0.00361552 0 0.00355689 0.00367399 0.00435271 0.00401952 
0.00862026 0.00970444 0.00943657 0.0168217 0.009775 0.0152704 0.0107634 0.0161385 0.010342 0.00965242 0.00987884 0.0152376 0.0125578 0.011363 0.0139457 0.00984847 0.0123842 0.00905497 0.0120564 0.00843818 0.021073 0.0173502 0.247751 0.00684239 0.003585 0.00355689 0 0.00363002 0.00365328 0.00396124 
0.00849772 0.00921324 0.00936666 0.0119075 0.00926048 0.0116833 0.00983668 0.0119288 0.00943913 0.00919962 0.00958107 0.0121286 0.0158549 0.00978074 0.0114476 0.0100451 0.0110097 0.00917737 0.0125243 0.0109821 0.0624646 0.12078 0.0236191 0.00685363 0.00356588 0.00367399 0.00363002 0 0.00353552 0.00362179 
0.00860228 0.00960548 0.0142347 0.00868664 0.00988572 0.0088568 0.012914 0.00874363 0.0142044 0.00856604 0.0120097 0.0160622 0.0122137 0.0100111 0.0106737 0.0406462 0.00902309 0.0306568 0.0151137 0.107701 0.0489375 0.078228 0.00846348 0.00844926 0.00382743 0.00435271 0.00365328 0.00353552 0 0.00357655 
0.00958989 0.0293752 0.0085297 0.0113847 0.00821077 0.0112404 0.00853332 0.0158795 0.00856376 0.0137466 0.0217844 0.0120569 0.0104161 0.0107514 0.0709731 0.00916035 0.0318238 0.0271499 0.168114 0.0137826 0.0557105 0.00853009 0.0152131 0.00697534 0.0107719 0.00401952 0.00396124 0.00362179 0.00357655 0 
