2IRFG
RMRMRPWLEEQINSNTIPGLKWLNKEKKIFQIPWMHAARHGWDVEKDAPLFRNWAIHTGKHQPGIDKPDPKTWKANFRCAMNSLPDIEEVKDRSIKKGNNAFRVYRMLP
CCCHHHHHHHHHHCCCCCCCEEEECCCCEEEEECCCCCCCCCCHHHHCHHHHHHHHHCCCCCCCCCCCCHHHHHHHHHHHHHHCCCEEECCCCCECCCCCCEEEEEECC
0 0 0 0 0 0 0 0 0 0 0 0 0 0 0 0 0 0 0 0 0 0 0 0 0 0 0 0 0 0 0 0 0 0 0 0 0 0 0 0 0 0 0 0 0 0 0 0 0 0 0 0 0 0 0 0 0 0 0 0 0 0 0 0 0 0 0 0 0 0 0 0 0 0 0 0 0 0 0 0 0 0 0 0 0 0 0 0 0 0 0 0 0 0 0 0 0 0 0 0 0 0 0 0 0 0 0 0 0 
0 0 0 0 0 0 0 0 0 0 0 0 0 0 0 0 0 0 0 0 0 0 0 0 0 0 0 0 0 0 0 0 0 0 0 0 0 0 0 0 0 0 0 0 0 0 0 0 0 0 0 0 0 0 0 0 0 0 0 0 0 0 0 0 0 0 0 0 0 0 0 0 0 0 0 0 0 0 0 0 0 0 0 0 0 0 0 0 0 0 0 0 0 0 0 0 0 0 0 0 0 0 0 0 0 0 0 0 0 
0 0.00405661 0.00459104 0.0052107 0.00575745 0.00769632 0.570639 0.0507083 0.0734377 0.00895311 0.00880575 0.0104158 0.0100881 0.00867517 0.00872008 0.00858497 0.00849374 0.00964484 0.00912975 
0.00405661 0 0.00405263 0.00353651 0.00818831 0.528345 0.0726011 0.0510688 0.00624108 0.0100747 0.00911122 0.00909113 0.00831374 0.00881172 0.00966867 0.0103328 0.010267 0.00868383 0.00891953 
0.00459104 0.00405263 0 0.00364326 0.0660661 0.127759 0.0308608 0.00510981 0.00576902 0.0094146 0.00974995 0.00875949 0.00858209 0.00878089 0.00904771 0.0087895 0.00879591 0.010634 0.00834097 
0.0052107 0.00353651 0.00364326 0 0.77693 0.0128841 0.00669595 0.00435392 0.00477303 0.0118284 0.00840757 0.00866926 0.00993546 0.0123463 0.00840763 0.00839454 0.00845353 0.00836374 0.00823261 
0.00575745 0.00818831 0.0660661 0.77693 0 0.00359958 0.00357278 0.00357484 0.00383625 0.0284938 0.00961923 0.0181756 0.0130088 0.0113115 0.00986561 0.0100757 0.00963436 0.012664 0.0143501 
0.00769632 0.528345 0.127759 0.0128841 0.00359958 0 0.0037253 0.0035532 0.00357781 0.0226086 0.019369 0.0118056 0.00976314 0.0109445 0.0167731 0.0181646 0.0180168 0.0122662 0.0106748 
0.570639 0.0726011 0.0308608 0.00669595 0.00357278 0.0037253 0 0.00356935 0.00355645 0.0198919 0.0261043 0.0123361 0.00861012 0.010797 0.0266177 0.0293307 0.0238157 0.0203144 0.00902773 
0.0507083 0.0510688 0.00510981 0.00435392 0.00357484 0.0035532 0.00356935 0 0.0035568 0.0205359 0.0361106 0.0175033 0.00851047 0.010422 0.0168137 0.0226365 0.0171969 0.0118124 0.00914338 
0.0734377 0.00624108 0.00576902 0.00477303 0.00383625 0.00357781 0.00355645 0.0035568 0 0.014 0.0203989 0.0451518 0.0114869 0.018888 0.0130086 0.00971655 0.00952703 0.0114143 0.00859379 
0.00895311 0.0100747 0.0094146 0.0118284 0.0284938 0.0226086 0.0198919 0.0205359 0.014 0 0.00365319 0.00385658 0.012478 0.0163218 0.011713 0.0284055 0.0191934 0.0136908 0.326377 
0.00880575 0.00911122 0.00974995 0.00840757 0.00961923 0.019369 0.0261043 0.0361106 0.0203989 0.00365319 0 0.00357584 0.0111627 0.0121963 0.0424395 0.0139679 0.00904661 0.289383 0.00838814 
0.0104158 0.00909113 0.00875949 0.00866926 0.0181756 0.0118056 0.0123361 0.0175033 0.0451518 0.00385658 0.00357584 0 0.0134587 0.0401453 0.0162656 0.0126828 0.0672339 0.010686 0.0122645 
0.0100881 0.00831374 0.00858209 0.00993546 0.0130088 0.00976314 0.00861012 0.00851047 0.0114869 0.012478 0.0111627 0.0134587 0 0.381245 0.00868755 0.00648732 0.0063655 0.00888061 0.0152108 
0.00867517 0.00881172 0.00878089 0.0123463 0.0113115 0.0109445 0.010797 0.010422 0.018888 0.0163218 0.0121963 0.0401453 0.381245 0 0.00357632 0.00358424 0.00354759 0.00367445 0.00618277 
0.00872008 0.00966867 0.00904771 0.00840763 0.00986561 0.0167731 0.0266177 0.0168137 0.0130086 0.011713 0.0424395 0.0162656 0.00868755 0.00357632 0 0.00352295 0.00357168 0.00390714 0.00365079 
0.00858497 0.0103328 0.0087895 0.00839454 0.0100757 0.0181646 0.0293307 0.0226365 0.00971655 0.0284055 0.0139679 0.0126828 0.00648732 0.00358424 0.00352295 0 0.00365831 0.00357108 0.00365789 
0.00849374 0.010267 0.00879591 0.00845353 0.00963436 0.0180168 0.0238157 0.0171969 0.00952703 0.0191934 0.00904661 0.0672339 0.0063655 0.00354759 0.00357168 0.00365831 0 0.00355975 0.00357075 
0.00964484 0.00868383 0.010634 0.00836374 0.012664 0.0122662 0.0203144 0.0118124 0.0114143 0.0136908 0.289383 0.010686 0.00888061 0.00367445 0.00390714 0.00357108 0.00355975 0 0.00355417 
0.00912975 0.00891953 0.00834097 0.00823261 0.0143501 0.0106748 0.00902773 0.00914338 0.00859379 0.326377 0.00838814 0.0122645 0.0152108 0.00618277 0.00365079 0.00365789 0.00357075 0.00355417 0 
