1BG2A
DLAECNIKVMCRFRPLNESEVNRGDKYIAKFQGEDTVVIASKPYAFDRVFQSSTSQEQVYNDCAKKIVKDVLEGYNGTIFAYGQTSSGKTHTMEGKLHDPEGMGIIPRIVQDIFNYIYSMDENLEFHIKVSYFEIYLDKIRDLLDVSKTNLSVHEDKNRVPYVKGCTERFVCSPDEVMDTIDEGKSNRHVAVTNMNEHSSRSHSIFLINVKQENTQTEQKLSGKLYLVDLAGSEKVSKTGAEGAVLDEAKNINKSLSALGNVISALAEGSTYVPYRDSKMTRILQDSLGGNCRTTIVICCSPSSYNESETKSTLLFGQRAKTI
CCCCCEEEEEEEECCCCHHHHHHCCCECCEEECCCEEEECCEEEECCEEECCCCCHHHHHHHHCHHHHHHHHCCCCEEEEEECCCCCCHHHHHCECCCCCCCECHHHHHHHHHHHHHHHHCCCEEEEEEEEEEEEECCEEEECCCCCCCCECEEECCCCCEEECCCCCEEECCHHHHHHHHHHHHHHCCCCCCCHHHHHHHCEEEEEEEEEEEECCCCCEEEEEEEEEECCCCCCCCCCCCCCCCCCCCCCCCHHHHHHHHHHHHHHCCCCCCCHHHCHHHHHHHHCCCCCCEEEEEEEECCEHHHHHHHHHHHHHHHCCCCC
0 0 0 0 0 0 0 0 0 0 0 0 0 0 0 0 0 0 0 0 0 0 0 0 0 0 0 0 0 0 0 0 0 0 0 0 0 0 0 0 0 0 0 0 0 0 0 0 0 0 0 0 0 0 0 0 0 0 0 0 0 0 0 0 0 0 0 0 0 0 0 0 0 0 0 0 0 0 0 0 0 0 0 0 0 0 0 0 0 0 0 0 0 0 0 0 0 0 0 0 0 0 0 0 0 0 0 0 0 0 0 0 0 0 0 0 0 0 0 0 0 0 0 0 0 0 0 0 0 0 0 0 0 0 0 0 0 0 0 0 0 0 0 0 0 0 0 0 0 0 0 0 0 0 0 0 0 0 0 0 0 0 0 0 0 0 0 0 0 0 0 0 0 0 0 0 0 0 0 0 0 0 0 0 0 0 0 0 0 0 0 0 0 0 0 0 0 0 0 0 0 0 0 0 0 0 0 0 0 0 0 0 0 0 0 0 0 0 0 0 0 0 0 0 0 0 0 0 0 0 0 0 0 0 0 0 0 0 0 0 0 0 0 0 0 0 0 0 0 0 0 0 0 0 0 0 0 0 0 0 0 0 0 0 0 0 0 0 0 0 0 0 0 0 0 0 0 0 0 0 0 0 0 0 0 0 0 0 0 0 0 0 0 0 0 0 0 0 0 0 0 0 0 0 0 0 0 0 0 0 0 0 0 0 0 0 0 0 0 0 0 0 0 
0 0 0 0 0 0 0 0 0 0 0 0 0 0 0 0 0 0 0 0 0 0 0 0 0 0 0 0 0 0 0 0 0 0 0 0 0 0 0 0 0 0 0 0 0 0 0 0 0 0 0 0 0 0 0 0 0 0 0 0 0 0 0 0 0 0 0 0 0 0 0 0 0 0 0 0 0 0 0 0 0 0 0 0 0 0 0 0 0 0 0 0 0 0 0 0 0 0 0 0 0 0 0 0 0 0 0 0 0 0 0 0 0 0 0 0 0 0 0 0 0 0 0 0 0 0 0 0 0 0 0 0 0 0 0 0 0 0 0 0 0 0 0 0 0 0 0 0 0 0 0 0 0 0 0 0 0 0 0 0 0 0 0 0 0 0 0 0 0 0 0 0 0 0 0 0 0 0 0 0 0 0 0 0 0 0 0 0 0 0 0 0 0 0 0 0 0 0 0 0 0 0 0 0 0 0 0 0 0 0 0 0 0 0 0 0 0 0 0 0 0 0 0 0 0 0 0 0 0 0 0 0 0 0 0 0 0 0 0 0 0 0 0 0 0 0 0 0 0 0 0 0 0 0 0 0 0 0 0 0 0 0 0 0 0 0 0 0 0 0 0 0 0 0 0 0 0 0 0 0 0 0 0 0 0 0 0 0 0 0 0 0 0 0 0 0 0 0 0 0 0 0 0 0 0 0 0 0 0 0 0 0 0 0 0 0 0 0 0 0 0 0 0 
0 0.0036827 0.00379883 0.00367799 0.003707 0.00362144 0.00403755 0.007898 0.03258 0.0356285 0.00848832 0.0722847 0.0226961 0.0125465 0.0169004 0.0212442 0.0111016 0.0102166 0.00915072 0.0349622 0.01855 0.0091404 0.0188602 0.00937168 0.00970642 0.00909699 0.011231 0.009212 0.0154418 0.00880636 0.009793 0.00817697 0.00915238 0.00816326 0.00971619 0.00829711 0.00928517 0.00845194 0.00919858 0.00860293 0.0085947 0.00896436 0.00815067 0.00988943 0.00915302 0.00817123 0.00838081 0.00878016 0.00865579 0.00815482 0.00813392 0.00856762 0.00829431 0.00833954 0.00833677 0.00826022 0.00811558 0.00820529 0.00807425 0.00826944 0.00822053 0.0084258 0.00835465 0.00824781 0.00859881 0.00808568 0.00824785 0.00810846 0.00810968 0.00826422 0.00817385 0.008029 0.00816219 0.00811123 0.00823319 0.00814345 0.00831989 0.0082749 0.00817337 0.00863615 0.0083897 0.00835964 0.00851254 0.00850472 0.0084738 0.00873334 0.00847815 0.00862454 0.00896054 
0.0036827 0 0.0036183 0.00365338 0.00364397 0.00364462 0.00372563 0.00477273 0.011514 0.00894613 0.101597 0.00834735 0.0154203 0.0624369 0.0143846 0.0162082 0.0099768 0.00944123 0.0448346 0.00882093 0.0119854 0.0272934 0.0106081 0.0138942 0.0111912 0.0229071 0.0133413 0.0210034 0.00925571 0.00900562 0.00828887 0.0104397 0.00802432 0.0136265 0.00836151 0.0147409 0.00853284 0.0150811 0.00924706 0.0101143 0.013241 0.00858296 0.0127264 0.00827076 0.00806742 0.0125305 0.00854768 0.00847593 0.01114 0.0089744 0.00803259 0.00811213 0.00852944 0.00818738 0.00901231 0.0081836 0.00815202 0.00840169 0.00824148 0.0085162 0.00856819 0.00860826 0.00883886 0.0092781 0.00826713 0.00866173 0.00814974 0.00828602 0.00807603 0.00811449 0.00808175 0.00810281 0.00812099 0.00840328 0.00812248 0.00850721 0.00830827 0.00876112 0.00827358 0.00821901 0.00830969 0.00844506 0.00844363 0.00867067 0.00865662 0.00867304 0.00849128 0.00861181 0.00831617 
0.00379883 0.0036183 0 0.00361621 0.00361421 0.00355795 0.00450809 0.00357832 0.00928713 0.0486945 0.00833282 0.0105871 0.0153236 0.0143021 0.0321647 0.00940501 0.00872461 0.0225446 0.00903808 0.012951 0.0243659 0.00922105 0.00946873 0.00947834 0.025538 0.0150153 0.0425439 0.0131389 0.0101109 0.00807051 0.00820361 0.00814907 0.0115147 0.00862185 0.0194175 0.00869663 0.0191833 0.010072 0.01592 0.0112214 0.0103654 0.0155573 0.00831331 0.00865627 0.00955426 0.00833846 0.00948934 0.00856582 0.00799738 0.00826502 0.00813155 0.00805327 0.00814243 0.00862923 0.00805347 0.00819163 0.00829145 0.00801172 0.00813808 0.00865683 0.00880753 0.00935414 0.00976754 0.00861759 0.00898854 0.00829311 0.00872862 0.008251 0.00817961 0.00802229 0.00826451 0.00809473 0.00824906 0.00820214 0.00831466 0.00839721 0.00908959 0.00876718 0.00847651 0.00828567 0.00829331 0.0084719 0.00875159 0.00891276 0.00904821 0.00900101 0.00879225 0.00837335 0.00819231 
0.00367799 0.00365338 0.00361621 0 0.00355395 0.00360317 0.00356479 0.00363818 0.00880053 0.00976104 0.0269833 0.00854286 0.0129448 0.0510218 0.0147258 0.0140353 0.0113163 0.00887796 0.0199391 0.0092516 0.0122419 0.0171694 0.0100779 0.0166353 0.0132514 0.0865198 0.0289618 0.0248436 0.010203 0.00868119 0.00820983 0.00996529 0.00830161 0.0210991 0.00963539 0.0305138 0.0100072 0.024467 0.0123978 0.0151419 0.0211076 0.00961093 0.0116548 0.00861901 0.00820477 0.0115446 0.00930629 0.00922975 0.00987384 0.00893879 0.00810281 0.00812081 0.0083968 0.00837327 0.00842266 0.00825792 0.00821527 0.00814671 0.00865393 0.00864841 0.00933649 0.00949934 0.00987227 0.0096752 0.008668 0.00884259 0.00839232 0.00845466 0.00813667 0.00804478 0.00805525 0.00814816 0.00821164 0.00839277 0.00847061 0.00930365 0.00919427 0.0096588 0.00891178 0.00847624 0.00834616 0.00875042 0.00894169 0.00912267 0.00925674 0.00956395 0.00917245 0.00862872 0.00826591 
0.003707 0.00364397 0.00361421 0.00355395 0 0.00352801 0.00356038 0.00354921 0.00916001 0.0314086 0.00946183 0.0134088 0.013563 0.0225202 0.0446076 0.0128017 0.00919231 0.0128886 0.00975422 0.015924 0.0275218 0.0118447 0.0129918 0.0101969 0.0500299 0.0317627 0.0749196 0.0223129 0.0121126 0.00820403 0.00834288 0.00836062 0.0128477 0.00961735 0.0274497 0.0100552 0.0254607 0.0123929 0.0241007 0.0154042 0.0124315 0.0211393 0.0088885 0.00920052 0.00949446 0.00880489 0.010715 0.00914824 0.00810145 0.00847679 0.00824392 0.00830801 0.00824947 0.0089102 0.00822866 0.00823698 0.00831748 0.00815627 0.00828681 0.00879131 0.00925021 0.0099344 0.00955527 0.0091086 0.00904943 0.00854172 0.00849757 0.00838299 0.00821799 0.00808997 0.0081481 0.00810651 0.00822256 0.00827542 0.0084244 0.00880411 0.00896908 0.00898358 0.00861733 0.00874377 0.00829504 0.00853601 0.00900023 0.00909864 0.00939386 0.00933963 0.00975613 0.00873023 0.00835517 
0.00362144 0.00364462 0.00355795 0.00360317 0.00352801 0 0.00356992 0.0036809 0.00819257 0.0130571 0.0309782 0.00938024 0.0111904 0.0376012 0.0264157 0.0143203 0.00915403 0.00944915 0.0244548 0.0105865 0.0117279 0.0179707 0.0120056 0.0206607 0.0142263 0.106351 0.0358531 0.0379723 0.0118277 0.00834003 0.00850147 0.00967239 0.00852308 0.0224555 0.0121912 0.0272254 0.0121395 0.0289168 0.0189835 0.0182209 0.0224723 0.0113861 0.011392 0.00861832 0.00837402 0.010812 0.00977208 0.00939243 0.00881908 0.00891047 0.00812232 0.00816268 0.00859658 0.00837833 0.00842912 0.0083293 0.00822081 0.00824545 0.00832348 0.00880997 0.00952732 0.00982177 0.00975196 0.00977707 0.00864072 0.0088797 0.00841246 0.00841629 0.00820756 0.00805716 0.00804687 0.00806639 0.00821518 0.00833182 0.0084207 0.0088374 0.00897082 0.00937042 0.00871352 0.00848704 0.00832238 0.00854515 0.00901898 0.00911242 0.00932211 0.00968845 0.00897855 0.00857292 0.00827485 
0.00403755 0.00372563 0.00450809 0.00356479 0.00356038 0.00356992 0 0.00354603 0.0149854 0.0420921 0.018868 0.0170396 0.0122622 0.0213775 0.0597294 0.0124119 0.00894707 0.030808 0.0107504 0.0193378 0.0144138 0.021015 0.0151819 0.0136196 0.0482029 0.0143005 0.0417997 0.0348989 0.0142386 0.00871088 0.0091074 0.00856421 0.0138309 0.00901775 0.0140698 0.00930567 0.0144292 0.0105267 0.0197557 0.0153805 0.0119826 0.0166833 0.00878989 0.0086927 0.00975772 0.00864752 0.0102927 0.0086455 0.00803585 0.00820204 0.00823038 0.00805911 0.00812742 0.00878651 0.0081171 0.00811422 0.00850684 0.00804484 0.00817998 0.00892368 0.00874883 0.0091427 0.00899878 0.00850452 0.00868519 0.00824425 0.00831036 0.00818649 0.00807545 0.00798036 0.00818764 0.0080306 0.00814791 0.0083255 0.00822969 0.00835178 0.00857155 0.00868044 0.00835682 0.00830108 0.00822747 0.00846157 0.00895348 0.00897968 0.00921882 0.00901487 0.00881089 0.00834098 0.00823185 
0.007898 0.00477273 0.00357832 0.00363818 0.00354921 0.0036809 0.00354603 0 0.041307 0.0253406 0.0235957 0.0123498 0.0245419 0.0172044 0.0135899 0.02739 0.0276348 0.00871957 0.0133991 0.0124067 0.0159073 0.0121351 0.0150049 0.0398726 0.0108914 0.0129464 0.0115693 0.0135223 0.0144465 0.0104961 0.0115197 0.0163236 0.00818884 0.0101358 0.00889701 0.00951301 0.00889344 0.0096191 0.00958186 0.0092121 0.0103426 0.00844794 0.00880192 0.00856343 0.00938891 0.00924185 0.00839402 0.00859685 0.0122378 0.00978647 0.00807717 0.00809085 0.00879787 0.00813592 0.00847612 0.00859691 0.00805322 0.00837948 0.00934065 0.00826281 0.00856894 0.00858851 0.00853038 0.0084026 0.00824045 0.00861195 0.00806563 0.00813462 0.00802815 0.00802275 0.0084266 0.00803108 0.00807752 0.00812573 0.0083498 0.00820846 0.00855492 0.00837997 0.00815865 0.00814289 0.00856859 0.00837429 0.00841865 0.00846554 0.00856278 0.0087616 0.00838636 0.00854816 0.00894464 
0.03258 0.011514 0.00928713 0.00880053 0.00916001 0.00819257 0.0149854 0.041307 0 0.0131996 0.00433316 0.00534563 0.00744729 0.00987734 0.0108974 0.0726147 0.00943909 0.00855645 0.00859171 0.0163619 0.0154511 0.0137251 0.0129115 0.0167696 0.0100052 0.00917134 0.00926642 0.00944038 0.011748 0.0208099 0.029346 0.00972921 0.0088157 0.00829956 0.00859472 0.00831576 0.00859457 0.00818075 0.00836118 0.00834323 0.00828503 0.00825373 0.00833713 0.00936561 0.0104659 0.00819682 0.00815016 0.00934944 0.0123058 0.00849409 0.00813196 0.00848651 0.00872675 0.00821552 0.00905201 0.00894556 0.00814232 0.00862574 0.00901708 0.00803515 0.00804058 0.00810694 0.00811008 0.00805706 0.00812023 0.00801736 0.00801297 0.00798271 0.00798525 0.00827825 0.00890728 0.00804807 0.00798895 0.00802905 0.00797682 0.00800804 0.0080665 0.00805822 0.00800605 0.00853375 0.00907993 0.00827739 0.00832319 0.00834206 0.0082914 0.00831318 0.00830944 0.00851747 0.00960197 
0.0356285 0.00894613 0.0486945 0.00976104 0.0314086 0.0130571 0.0420921 0.0253406 0.0131996 0 0.003659 0.00400621 0.00500486 0.00647475 0.885991 0.0401898 0.00686274 0.00771647 0.0069709 0.0483982 0.0163106 0.00947158 0.0459392 0.0117923 0.0131645 0.0101029 0.0135876 0.0103913 0.0169008 0.00857346 0.0100477 0.00816947 0.0106173 0.00812684 0.010833 0.00824415 0.0109986 0.00837329 0.00941099 0.00860759 0.00834874 0.0102975 0.00819326 0.00994556 0.0104631 0.00821816 0.00920979 0.00878487 0.00821605 0.00809056 0.00817977 0.00835539 0.00817526 0.00860855 0.00813881 0.00823335 0.00829906 0.00828542 0.00829376 0.00830876 0.00835949 0.00838589 0.00889552 0.00817745 0.00919634 0.00805444 0.0085279 0.00807055 0.00821096 0.00816619 0.00848937 0.00802166 0.0083423 0.00810431 0.00848111 0.0080929 0.00861862 0.00825228 0.00811082 0.00847819 0.008568 0.00830588 0.00873046 0.00857376 0.00849345 0.0084046 0.00832452 0.00846295 0.00847607 
0.00848832 0.101597 0.00833282 0.0269833 0.00946183 0.0309782 0.018868 0.0235957 0.00433316 0.003659 0 0.00356751 0.00421405 0.927751 0.00690819 0.00611543 0.00584752 0.00635863 0.0153724 0.00681111 0.0082482 0.154022 0.00927961 0.0121212 0.00957715 0.0116827 0.009513 0.0194742 0.00883267 0.00976929 0.00838503 0.0106397 0.00809334 0.0106718 0.00813934 0.0106588 0.00816917 0.0098685 0.00836405 0.00861249 0.00926731 0.00828689 0.0113705 0.00825318 0.00809111 0.0108641 0.00862447 0.0082843 0.0100927 0.00901066 0.00832821 0.00807268 0.00859246 0.00839928 0.00900662 0.00830098 0.00817009 0.00853383 0.00808991 0.00840076 0.00819958 0.00840627 0.00822014 0.00836014 0.00810138 0.00851004 0.00804971 0.00822121 0.00809019 0.0080955 0.00810737 0.0081593 0.00800064 0.00815631 0.00803167 0.00827523 0.00820063 0.00829162 0.00817744 0.00801186 0.00823005 0.00831603 0.00829878 0.00834194 0.00836041 0.00836442 0.00831417 0.00825897 0.00822551 
0.0722847 0.00834735 0.0105871 0.00854286 0.0134088 0.00938024 0.0170396 0.0123498 0.00534563 0.00400621 0.00356751 0 0.978397 0.00576591 0.00468312 0.00417701 0.00817406 0.0165242 0.0057587 0.0129359 0.0340127 0.00789864 0.0100172 0.0111389 0.0100321 0.00877711 0.00965509 0.0091749 0.011429 0.00896853 0.010477 0.00889926 0.00892934 0.00808606 0.00886768 0.00811708 0.00853513 0.00808083 0.00837739 0.00831351 0.00820998 0.00845598 0.00812488 0.00854594 0.00972231 0.00805536 0.00808266 0.00823019 0.00863208 0.00811959 0.00804101 0.00811784 0.00810483 0.00808781 0.0079916 0.00816418 0.00801515 0.00801099 0.00832097 0.0080432 0.00809055 0.00815489 0.00808178 0.00805489 0.00815621 0.00797275 0.00801835 0.00794835 0.00799237 0.00798164 0.00820577 0.00795304 0.00800825 0.00793817 0.0079815 0.0079598 0.00801299 0.00804694 0.00792863 0.00799448 0.00824746 0.00818903 0.00826684 0.00824136 0.00821534 0.00818845 0.00814829 0.00820512 0.00844999 
0.0226961 0.0154203 0.0153236 0.0129448 0.013563 0.0111904 0.0122622 0.0245419 0.00744729 0.00500486 0.00421405 0.978397 0 0.00359998 0.00371744 0.00397346 0.00438949 0.00406023 0.00638242 0.866334 0.0100144 0.0130534 0.016353 0.0250268 0.0114401 0.0123805 0.0126672 0.0104679 0.0162509 0.010095 0.0115904 0.00915641 0.00886377 0.0088288 0.00938227 0.00900925 0.0095179 0.00892965 0.00912215 0.00875911 0.00867998 0.00911769 0.0092427 0.0111359 0.00950614 0.00851931 0.00897191 0.0110948 0.0109874 0.00831627 0.00826278 0.00923403 0.00824441 0.00847428 0.00940076 0.00829394 0.00829085 0.00859428 0.00839196 0.00839082 0.00825174 0.00852729 0.00871582 0.00841259 0.00846552 0.00813866 0.00820062 0.00811125 0.00808229 0.00835459 0.00825303 0.00802466 0.00804421 0.00805647 0.00813248 0.00811692 0.00847153 0.00838343 0.0083373 0.00870494 0.00831447 0.0082874 0.00841588 0.00843529 0.00839519 0.00840022 0.00839671 0.00867009 0.00858179 
0.0125465 0.0624369 0.0143021 0.0510218 0.0225202 0.0376012 0.0213775 0.0172044 0.00987734 0.00647475 0.927751 0.00576591 0.00359998 0 0.00361368 0.00363357 0.00400861 0.00539519 0.938622 0.00846741 0.00877608 0.0134995 0.00859534 0.0210466 0.0329966 0.0303036 0.0294136 0.0258649 0.0108266 0.00913145 0.00924221 0.00963552 0.00876316 0.0123333 0.00990675 0.0135149 0.0111612 0.0150234 0.0128568 0.0117605 0.0141235 0.0108798 0.0127587 0.00911148 0.00854945 0.0109382 0.0104469 0.0098779 0.00997997 0.00866487 0.00833134 0.00845746 0.0085765 0.00862029 0.00936155 0.00827861 0.00844601 0.00836248 0.00817093 0.00951583 0.00905063 0.00987794 0.00981167 0.0101465 0.00886087 0.00899858 0.00847828 0.00854482 0.00836765 0.00819197 0.00799742 0.00812046 0.00818089 0.00834852 0.00831429 0.00878326 0.00902978 0.00915429 0.00871449 0.00847243 0.0082312 0.00863512 0.00865467 0.00881858 0.0087796 0.00896657 0.00870547 0.0084692 0.00817789 
0.0169004 0.0143846 0.0321647 0.0147258 0.0446076 0.0264157 0.0597294 0.0135899 0.0108974 0.885991 0.00690819 0.00468312 0.00371744 0.00361368 0 0.00360874 0.00435522 0.981452 0.00463524 0.00751686 0.00849659 0.0140978 0.00859334 0.0149567 0.032167 0.0205663 0.0287375 0.0559031 0.0145674 0.00948045 0.00980796 0.00943318 0.0119528 0.00926343 0.0127993 0.0105713 0.0169478 0.0118325 0.0149698 0.0164067 0.0125909 0.0160404 0.00989926 0.00896691 0.010688 0.00949087 0.0126805 0.00953688 0.00848081 0.00842767 0.00851061 0.00814152 0.00834715 0.00924876 0.00833349 0.00837424 0.00863085 0.00824407 0.00870169 0.00906241 0.0100008 0.0103052 0.0106349 0.00946037 0.009208 0.00872578 0.00869039 0.00852641 0.00825474 0.00802265 0.00821759 0.00827846 0.0084214 0.00829155 0.00835785 0.00870731 0.00926546 0.0090761 0.00867561 0.00838641 0.00834064 0.00857554 0.00891136 0.00897344 0.00945602 0.00894762 0.00884048 0.00836007 0.008219 
0.0212442 0.0162082 0.00940501 0.0140353 0.0128017 0.0143203 0.0124119 0.02739 0.0726147 0.0401898 0.00611543 0.00417701 0.00397346 0.00363357 0.00360874 0 0.976828 0.00393006 0.00383432 0.00460358 0.0102571 0.00704599 0.0148868 0.0273738 0.0113311 0.0118333 0.0122856 0.0150906 0.0262662 0.0129234 0.0152296 0.0178423 0.00872037 0.00969337 0.0092322 0.00981811 0.00939355 0.0102459 0.00936033 0.00942742 0.0107067 0.0089394 0.00931077 0.00906508 0.0117431 0.00920405 0.00861124 0.00986936 0.0169078 0.0103355 0.00835595 0.00864515 0.00955845 0.00843003 0.00886394 0.00950841 0.0082496 0.00884661 0.00913217 0.00862143 0.00864415 0.00918361 0.00880554 0.00894964 0.00847616 0.00849164 0.00817337 0.00823399 0.00815825 0.00809048 0.00878973 0.00812923 0.00810209 0.00815425 0.00819745 0.00826011 0.00835829 0.00860742 0.00822869 0.00850362 0.00872162 0.00837191 0.00842991 0.0084962 0.00851844 0.0085534 0.00851421 0.00857368 0.00866278 
0.0111016 0.0099768 0.00872461 0.0113163 0.00919231 0.00915403 0.00894707 0.0276348 0.00943909 0.00686274 0.00584752 0.00817406 0.00438949 0.00400861 0.00435522 0.976828 0 0.00371052 0.00360127 0.00560667 0.00419666 0.00410013 0.0140006 0.0163677 0.00908649 0.00966868 0.00918452 0.00930277 0.0102956 0.00930073 0.00934945 0.00889533 0.00817413 0.00827396 0.00816208 0.00826591 0.00817588 0.00832307 0.00819931 0.0083154 0.00822813 0.00814081 0.00837549 0.00884853 0.00836769 0.00822447 0.00824935 0.00866734 0.00912206 0.00813031 0.00804316 0.00871098 0.00804112 0.00813707 0.0083936 0.00806066 0.00803796 0.0081693 0.00801912 0.00812178 0.00801742 0.00810115 0.00817904 0.00805141 0.00801596 0.00801129 0.00796245 0.00799291 0.00795541 0.00814838 0.00801559 0.00806529 0.00798697 0.00800564 0.00795702 0.00801086 0.00808366 0.00806171 0.00796148 0.00810251 0.00813264 0.00813847 0.00817883 0.00818374 0.00818916 0.00816861 0.00820379 0.00826746 0.00826784 
0.0102166 0.00944123 0.0225446 0.00887796 0.0128886 0.00944915 0.030808 0.00871957 0.00855645 0.00771647 0.00635863 0.0165242 0.00406023 0.00539519 0.981452 0.00393006 0.00371052 0 0.00364485 0.00360082 0.00393212 0.00770837 0.00656682 0.0111769 0.0171276 0.00906833 0.0117925 0.010458 0.00890318 0.00848798 0.0083259 0.00810899 0.00950918 0.00818856 0.0102165 0.00822858 0.00956489 0.00833589 0.00907454 0.00847562 0.00841158 0.00923825 0.00823849 0.00855937 0.00850966 0.00825261 0.00910218 0.00819217 0.00805404 0.00807368 0.00827172 0.0081209 0.00803444 0.00839078 0.00798701 0.00806704 0.00815073 0.00803135 0.0079925 0.0083033 0.0082885 0.00836771 0.00839265 0.00827638 0.00838924 0.0080692 0.00821795 0.00804791 0.00813363 0.00794928 0.00805429 0.00801414 0.00813586 0.00804688 0.00812842 0.00807699 0.00817423 0.00815827 0.00805427 0.00805811 0.00809516 0.00817026 0.00821741 0.00826009 0.00831263 0.00820276 0.00818282 0.00812118 0.00809601 
0.00915072 0.0448346 0.00903808 0.0199391 0.00975422 0.0244548 0.0107504 0.0133991 0.00859171 0.0069709 0.0153724 0.0057587 0.00638242 0.938622 0.00463524 0.00383432 0.00360127 0.00364485 0 0.00356306 0.00385105 0.0198335 0.00451199 0.0171928 0.0129404 0.0156844 0.0110993 0.0211157 0.00981082 0.00954758 0.00861723 0.0105632 0.00831417 0.0138694 0.00833121 0.0130253 0.00853468 0.0129113 0.00895457 0.010056 0.010936 0.00870387 0.0112082 0.0083457 0.00820521 0.0130191 0.00869435 0.0085763 0.00991245 0.0087197 0.00817386 0.00817915 0.00826311 0.00825326 0.00887577 0.008166 0.00829534 0.00814318 0.00819028 0.00840821 0.00844641 0.00861558 0.00854911 0.00856521 0.00831905 0.0084514 0.00826828 0.00823265 0.0081169 0.0080688 0.00796347 0.00830262 0.00807123 0.00825574 0.00814889 0.00833501 0.00836552 0.00844959 0.00834466 0.00814504 0.00819451 0.00831311 0.0084143 0.00845744 0.0085413 0.00846975 0.00835314 0.0082613 0.00814667 
0.0349622 0.00882093 0.012951 0.0092516 0.015924 0.0105865 0.0193378 0.0124067 0.0163619 0.0483982 0.00681111 0.0129359 0.866334 0.00846741 0.00751686 0.00460358 0.00560667 0.00360082 0.00356306 0 0.031455 0.00404433 0.00454321 0.0144889 0.0162287 0.0126564 0.0141032 0.0158122 0.0273321 0.00989328 0.0123858 0.0093346 0.0112321 0.00831034 0.0113108 0.00836455 0.0105258 0.00870985 0.00985027 0.00970382 0.00881803 0.0102765 0.00846341 0.00937007 0.0120755 0.00830513 0.0088808 0.00987569 0.0086563 0.00891197 0.00813218 0.00827949 0.00822263 0.00850053 0.00817075 0.00836708 0.00814739 0.00816436 0.0084265 0.00834246 0.00840385 0.00859315 0.00874238 0.00836686 0.00839326 0.00810941 0.00826452 0.00809109 0.0081368 0.00800434 0.00833785 0.0079758 0.00822156 0.00801229 0.00808005 0.00818489 0.00834026 0.00852897 0.00809144 0.00815845 0.00834727 0.00819947 0.00832432 0.00830822 0.00832523 0.00828859 0.00823891 0.00821124 0.00844096 
0.01855 0.0119854 0.0243659 0.0122419 0.0275218 0.0117279 0.0144138 0.0159073 0.0154511 0.0163106 0.0082482 0.0340127 0.0100144 0.00877608 0.00849659 0.0102571 0.00419666 0.00393212 0.00385105 0.031455 0 0.0036093 0.00358739 0.085373 0.0316144 0.0217991 0.0242816 0.0116128 0.0155011 0.00929523 0.0111476 0.00889864 0.00938314 0.0089394 0.00975433 0.00958187 0.0103981 0.00924684 0.0102647 0.00908833 0.00973501 0.0102452 0.00868886 0.0102111 0.010412 0.00931846 0.00942051 0.00991562 0.00873931 0.00831054 0.00814018 0.00889077 0.00828903 0.00839657 0.00894007 0.00828084 0.00828572 0.00857426 0.00859833 0.0085017 0.00895723 0.00906843 0.00946086 0.00859357 0.00869866 0.00819046 0.0083268 0.00816349 0.00802085 0.00809268 0.00817476 0.00800134 0.00813453 0.00811275 0.00824429 0.00813484 0.0087585 0.00842273 0.00818906 0.008553 0.0083238 0.00820135 0.00832914 0.00842043 0.00838709 0.00835422 0.00825867 0.0083604 0.00823209 
0.0091404 0.0272934 0.00922105 0.0171694 0.0118447 0.0179707 0.021015 0.0121351 0.0137251 0.00947158 0.154022 0.00789864 0.0130534 0.0134995 0.0140978 0.00704599 0.00410013 0.00770837 0.0198335 0.00404433 0.0036093 0 0.00359248 0.0180061 0.0468574 0.0187984 0.0217909 0.0969884 0.0103488 0.00990994 0.00973434 0.00911966 0.00868802 0.00927114 0.00857488 0.00954169 0.00881886 0.0102109 0.009349 0.00933825 0.0101957 0.00885769 0.0108963 0.00847434 0.008305 0.00978288 0.00944151 0.0087823 0.00848669 0.00853582 0.00840219 0.00804311 0.00825884 0.00862171 0.00819925 0.00810837 0.00851656 0.00808973 0.00821179 0.00845948 0.00841937 0.00871761 0.00859126 0.00858842 0.00836507 0.00827045 0.00828204 0.00815744 0.00812399 0.00796978 0.00799285 0.00808249 0.0080944 0.00814403 0.00814918 0.00825382 0.00851549 0.00844534 0.00844317 0.00809201 0.0081369 0.00826087 0.00833327 0.00836392 0.00851413 0.00844686 0.00830153 0.00819104 0.00811941 
0.0188602 0.0106081 0.00946873 0.0100779 0.0129918 0.0120056 0.0151819 0.0150049 0.0129115 0.0459392 0.00927961 0.0100172 0.016353 0.00859534 0.00859334 0.0148868 0.0140006 0.00656682 0.00451199 0.00454321 0.00358739 0.00359248 0 0.0254407 0.0132765 0.0197103 0.0244492 0.0443868 0.104349 0.0119776 0.0123921 0.0135355 0.00842734 0.00919355 0.00895171 0.00930375 0.00925921 0.00930084 0.00927792 0.0093176 0.00985565 0.00889175 0.00895615 0.00914971 0.00972615 0.0088719 0.00863785 0.0095017 0.011974 0.00957089 0.00821202 0.00822371 0.00869423 0.00822439 0.0086449 0.0086755 0.00810657 0.00848882 0.0085614 0.00826646 0.00832614 0.00855015 0.00845705 0.00837546 0.00820095 0.00821415 0.0080397 0.00810166 0.00804796 0.00801529 0.00818684 0.00797825 0.00798471 0.00803142 0.00801384 0.00809119 0.00817889 0.00824532 0.00810389 0.00828096 0.00827979 0.00819733 0.00827473 0.00829765 0.00830117 0.00836847 0.00828726 0.00829221 0.00837154 
0.00937168 0.0138942 0.00947834 0.0166353 0.0101969 0.0206607 0.0136196 0.0398726 0.0167696 0.0117923 0.0121212 0.0111389 0.0250268 0.0210466 0.0149567 0.0273738 0.0163677 0.0111769 0.0171928 0.0144889 0.085373 0.0180061 0.0254407 0 0.00513409 0.00367531 0.00363116 0.00367071 0.0048645 0.0117105 0.0217874 0.022625 0.00917823 0.013008 0.00880842 0.0151995 0.0108363 0.0145436 0.00978904 0.0119713 0.0110907 0.00962954 0.0149364 0.013894 0.00998484 0.0118046 0.01007 0.0159791 0.016778 0.00961602 0.00821762 0.0125718 0.00901687 0.00838428 0.0141105 0.00905268 0.00846501 0.011043 0.00900909 0.00884771 0.00903441 0.00977403 0.00926201 0.00970854 0.00843579 0.00918239 0.0082163 0.00854973 0.00822031 0.00961227 0.0080951 0.00807701 0.00807606 0.0085086 0.00816903 0.00904383 0.00869902 0.00885185 0.00843945 0.00930121 0.00829537 0.00821021 0.00829136 0.00842947 0.0084544 0.00842723 0.00839664 0.00836346 0.00837559 
0.00970642 0.0111912 0.025538 0.0132514 0.0500299 0.0142263 0.0482029 0.0108914 0.0100052 0.0131645 0.00957715 0.0100321 0.0114401 0.0329966 0.032167 0.0113311 0.00908649 0.0171276 0.0129404 0.0162287 0.0316144 0.0468574 0.0132765 0.00513409 0 0.00359075 0.0035686 0.00405553 0.00370689 0.0077189 0.0122098 0.00950516 0.0250993 0.00964898 0.0253454 0.011226 0.0389811 0.0126592 0.0378426 0.0164294 0.0140495 0.0266282 0.0128516 0.0113399 0.0122468 0.0103132 0.0196728 0.0109646 0.00876205 0.00854985 0.00974302 0.00858233 0.00845987 0.0117556 0.00864482 0.00846246 0.00910083 0.00847455 0.00826545 0.0109133 0.0100218 0.0119725 0.0137771 0.00964932 0.0115135 0.00855764 0.00929078 0.00848477 0.00864407 0.00825608 0.00808088 0.00814352 0.00837685 0.00849425 0.00869635 0.00867375 0.0101219 0.00915326 0.00926122 0.0086406 0.00810473 0.00836148 0.00858489 0.00867832 0.00877816 0.00873449 0.00850498 0.00832432 0.00805752 
0.00909699 0.0229071 0.0150153 0.0865198 0.0317627 0.106351 0.0143005 0.0129464 0.00917134 0.0101029 0.0116827 0.00877711 0.0123805 0.0303036 0.0205663 0.0118333 0.00966868 0.00906833 0.0156844 0.0126564 0.0217991 0.0187984 0.0197103 0.00367531 0.00359075 0 0.00357412 0.00359448 0.00356979 0.00705308 0.010712 0.0123578 0.00992382 0.0453036 0.0137147 0.0530238 0.0156003 0.0735335 0.0241081 0.037465 0.0541177 0.0203252 0.016265 0.00995672 0.00990837 0.0222118 0.0130349 0.0121225 0.00946762 0.0101271 0.00844209 0.00859006 0.00899993 0.00871003 0.00941866 0.00869725 0.00842992 0.00911289 0.00863501 0.0106287 0.0186614 0.0223003 0.0173099 0.0188025 0.0108741 0.012692 0.00927503 0.00979491 0.0084478 0.00828259 0.00806141 0.00834931 0.0085891 0.00933324 0.0090419 0.0118334 0.0118818 0.0118571 0.010471 0.00900744 0.00819728 0.00847719 0.00901955 0.00949449 0.00950136 0.00996983 0.00866548 0.00848104 0.00803536 
0.011231 0.0133413 0.0425439 0.0289618 0.0749196 0.0358531 0.0417997 0.0115693 0.00926642 0.0135876 0.009513 0.00965509 0.0126672 0.0294136 0.0287375 0.0122856 0.00918452 0.0117925 0.0110993 0.0141032 0.0242816 0.0217909 0.0244492 0.00363116 0.0035686 0.00357412 0 0.00356735 0.00355839 0.00820841 0.0113597 0.0103578 0.0198716 0.0202736 0.040194 0.0199735 0.0571808 0.0331961 0.0598591 0.0414502 0.0327883 0.0470148 0.0118347 0.0101564 0.0117265 0.0143588 0.0223762 0.0130229 0.00923738 0.00971881 0.00877653 0.0088661 0.00862929 0.00968937 0.00928773 0.00885579 0.00889921 0.00915286 0.00872525 0.0123349 0.0182947 0.0193078 0.0239788 0.0157473 0.0139748 0.0109065 0.0108323 0.00921209 0.00863204 0.00833061 0.00829346 0.00832476 0.00919034 0.00927093 0.00983709 0.01017 0.0138364 0.0116184 0.0098163 0.00956075 0.00824602 0.00868087 0.00900119 0.00916731 0.0094525 0.00965284 0.00903747 0.00917629 0.00808166 
0.009212 0.0210034 0.0131389 0.0248436 0.0223129 0.0379723 0.0348989 0.0135223 0.00944038 0.0103913 0.0194742 0.0091749 0.0104679 0.0258649 0.0559031 0.0150906 0.00930277 0.010458 0.0211157 0.0158122 0.0116128 0.0969884 0.0443868 0.00367071 0.00405553 0.00359448 0.00356735 0 0.00353966 0.00761833 0.0168927 0.0116155 0.0264152 0.014853 0.0159241 0.0257103 0.0207519 0.024765 0.0258345 0.0317235 0.0257643 0.017625 0.0224333 0.0115173 0.00965945 0.0177549 0.0288943 0.0179969 0.00940423 0.00943892 0.00980525 0.00858031 0.00866879 0.0113839 0.00945624 0.00857516 0.00988833 0.00902815 0.00912709 0.011919 0.0143918 0.0153221 0.0160354 0.0135478 0.0107835 0.0101987 0.00913889 0.0091235 0.00863334 0.00811747 0.00818325 0.00840215 0.00849883 0.00882199 0.00869271 0.00991945 0.0104325 0.0104402 0.00997592 0.00901165 0.00827477 0.0083839 0.00865298 0.0089561 0.00922713 0.00941883 0.00878504 0.00831849 0.00799539 
0.0154418 0.00925571 0.0101109 0.010203 0.0121126 0.0118277 0.0142386 0.0144465 0.011748 0.0169008 0.00883267 0.011429 0.0162509 0.0108266 0.0145674 0.0262662 0.0102956 0.00890318 0.00981082 0.0273321 0.0155011 0.0103488 0.104349 0.0048645 0.00370689 0.00356979 0.00355839 0.00353966 0 0.0255414 0.018751 0.0253085 0.00955023 0.0106989 0.0107746 0.0110717 0.0119725 0.0121536 0.0115411 0.0134957 0.012962 0.0108889 0.00998878 0.0168295 0.0138108 0.00973664 0.011158 0.0229547 0.0128713 0.0106571 0.0085839 0.00946484 0.00995572 0.00886208 0.00996326 0.00924308 0.00841051 0.010817 0.0108849 0.00904925 0.00962164 0.00973894 0.00996799 0.00952061 0.00900813 0.00861042 0.00866254 0.00844875 0.00837736 0.00837469 0.00830905 0.00807874 0.00817405 0.00831758 0.00835973 0.00872443 0.00881587 0.00910018 0.0085199 0.00933542 0.00823956 0.00813171 0.00853185 0.00847248 0.00852926 0.00869692 0.00821037 0.00840096 0.00832905 
0.00880636 0.00900562 0.00807051 0.00868119 0.00820403 0.00834003 0.00871088 0.0104961 0.0208099 0.00857346 0.00976929 0.00896853 0.010095 0.00913145 0.00948045 0.0129234 0.00930073 0.00848798 0.00954758 0.00989328 0.00929523 0.00990994 0.0119776 0.0117105 0.0077189 0.00705308 0.00820841 0.00761833 0.0255414 0 0.92056 0.0148636 0.00877125 0.0109726 0.00857575 0.0114942 0.00898074 0.0103494 0.00887677 0.00952744 0.0101992 0.00868578 0.011226 0.0113584 0.00957923 0.011333 0.00941266 0.0107265 0.038471 0.0120954 0.00868257 0.00943409 0.0101351 0.00849817 0.0114064 0.00908909 0.00833231 0.0103635 0.00905235 0.00812539 0.00811879 0.0081239 0.0080599 0.00823813 0.00808295 0.00819495 0.00798192 0.00812724 0.00803639 0.00874264 0.00866534 0.00797447 0.00795107 0.00811414 0.00798395 0.0081264 0.00802945 0.00804711 0.00806659 0.00848479 0.00822917 0.00796638 0.00804744 0.00805181 0.0080146 0.00802096 0.00798623 0.00828848 0.0111797 
0.009793 0.00828887 0.00820361 0.00820983 0.00834288 0.00850147 0.0091074 0.0115197 0.029346 0.0100477 0.00838503 0.010477 0.0115904 0.00924221 0.00980796 0.0152296 0.00934945 0.0083259 0.00861723 0.0123858 0.0111476 0.00973434 0.0123921 0.0217874 0.0122098 0.010712 0.0113597 0.0168927 0.018751 0.92056 0 0.0141715 0.00915121 0.0101176 0.0098327 0.00948219 0.0110725 0.0102147 0.0117438 0.0119404 0.0102903 0.0104433 0.0106213 0.0172639 0.0186027 0.00979033 0.0113019 0.0166611 0.0546324 0.0104917 0.00898963 0.010189 0.0106445 0.00971941 0.0111377 0.0101033 0.00854095 0.0107713 0.0100057 0.00826235 0.00817967 0.00844748 0.00845593 0.00825165 0.00832211 0.00814675 0.00806524 0.00807446 0.00819755 0.00910807 0.00890058 0.00800462 0.00801593 0.00801044 0.00804033 0.00803988 0.0082235 0.00816797 0.00835596 0.00953716 0.00850216 0.00803654 0.00816171 0.00815368 0.00810366 0.00809626 0.00802748 0.00873414 0.0101636 
0.00817697 0.0104397 0.00814907 0.00996529 0.00836062 0.00967239 0.00856421 0.0163236 0.00972921 0.00816947 0.0106397 0.00889926 0.00915641 0.00963552 0.00943318 0.0178423 0.00889533 0.00810899 0.0105632 0.0093346 0.00889864 0.00911966 0.0135355 0.022625 0.00950516 0.0123578 0.0103578 0.0116155 0.0253085 0.0148636 0.0141715 0 0.00432267 0.00389967 0.00356419 0.00429031 0.00367464 0.00457971 0.00374319 0.00484348 0.00655602 0.00485592 0.0240365 0.0143081 0.00658831 0.0123902 0.00760489 0.0333659 0.0388705 0.0211906 0.0109727 0.0270536 0.0176493 0.00876786 0.0574326 0.0132227 0.00944623 0.0318658 0.0102693 0.00867515 0.00961179 0.00970613 0.0088996 0.0124788 0.00848293 0.0125267 0.00823624 0.0113899 0.00816486 0.0414832 0.00876259 0.00849067 0.00809807 0.00913004 0.00811029 0.00958796 0.00865556 0.00917572 0.0093002 0.00951603 0.00824965 0.0081816 0.00840811 0.00852983 0.00843277 0.00841718 0.00827824 0.0088658 0.00889035 
0.00915238 0.00802432 0.0115147 0.00830161 0.0128477 0.00852308 0.0138309 0.00818884 0.0088157 0.0106173 0.00809334 0.00892934 0.00886377 0.00876316 0.0119528 0.00872037 0.00817413 0.00950918 0.00831417 0.0112321 0.00938314 0.00868802 0.00842734 0.00917823 0.0250993 0.00992382 0.0198716 0.0264152 0.00955023 0.00877125 0.00915121 0.00432267 0 0.00354734 0.00362023 0.00348909 0.00370581 0.0035866 0.00402716 0.00378573 0.0040737 0.0101816 0.00591108 0.0103338 0.00986011 0.00657654 0.0269308 0.00794005 0.00833886 0.00848877 0.0225927 0.00859844 0.00848879 0.0311482 0.00833178 0.0092474 0.0156454 0.0086238 0.00847939 0.00958061 0.0105124 0.0111409 0.0206045 0.00869104 0.021619 0.00820351 0.013609 0.00810285 0.0591577 0.00814509 0.00855382 0.00827277 0.0094987 0.0083081 0.0106749 0.00828173 0.0137346 0.00881538 0.00897413 0.00903615 0.00823353 0.00825503 0.00847479 0.00871507 0.00844815 0.00839086 0.00839244 0.00807422 0.00804838 
0.00816326 0.0136265 0.00862185 0.0210991 0.00961735 0.0224555 0.00901775 0.0101358 0.00829956 0.00812684 0.0106718 0.00808606 0.0088288 0.0123333 0.00926343 0.00969337 0.00827396 0.00818856 0.0138694 0.00831034 0.0089394 0.00927114 0.00919355 0.013008 0.00964898 0.0453036 0.0202736 0.014853 0.0106989 0.0109726 0.0101176 0.00389967 0.00354734 0 0.00351245 0.00365745 0.00354586 0.00382063 0.00357631 0.0038177 0.00683902 0.00431762 0.0129113 0.00573861 0.00594323 0.0196772 0.0074215 0.00992924 0.0168031 0.021909 0.00836022 0.00946021 0.0150774 0.00843385 0.0182018 0.0111789 0.00879274 0.0120539 0.00976338 0.0114445 0.0215139 0.0278019 0.0145721 0.0594195 0.0090881 0.0483684 0.00851279 0.0754685 0.00872979 0.00892951 0.00824023 0.00955194 0.00867968 0.0142619 0.00875174 0.0192453 0.0107347 0.0184773 0.011226 0.00860213 0.00811847 0.00843272 0.009152 0.00941817 0.00955894 0.00984941 0.00860333 0.00846939 0.00800294 
0.00971619 0.00836151 0.0194175 0.00963539 0.0274497 0.0121912 0.0140698 0.00889701 0.00859472 0.010833 0.00813934 0.00886768 0.00938227 0.00990675 0.0127993 0.0092322 0.00816208 0.0102165 0.00833121 0.0113108 0.00975433 0.00857488 0.00895171 0.00880842 0.0253454 0.0137147 0.040194 0.0159241 0.0107746 0.00857575 0.0098327 0.00356419 0.00362023 0.00351245 0 0.00348211 0.00361967 0.00356796 0.00360056 0.00415674 0.00369224 0.0116448 0.00439857 0.00582635 0.0144044 0.00637786 0.0108704 0.00746311 0.00835352 0.00883619 0.00979376 0.0086735 0.00850683 0.0146163 0.00861121 0.00913746 0.00996975 0.00867649 0.00934005 0.0135339 0.0198325 0.0233524 0.0679922 0.0104488 0.0650901 0.00891869 0.133819 0.00885342 0.0107696 0.00881467 0.00889245 0.00832422 0.0116839 0.0087811 0.0189064 0.00997205 0.0330224 0.0136231 0.00979505 0.0113152 0.00829368 0.00849855 0.00929633 0.00998884 0.00943257 0.0090941 0.00868769 0.00815977 0.00803843 
0.00829711 0.0147409 0.00869663 0.0305138 0.0100552 0.0272254 0.00930567 0.00951301 0.00831576 0.00824415 0.0106588 0.00811708 0.00900925 0.0135149 0.0105713 0.00981811 0.00826591 0.00822858 0.0130253 0.00836455 0.00958187 0.00954169 0.00930375 0.0151995 0.011226 0.0530238 0.0199735 0.0257103 0.0110717 0.0114942 0.00948219 0.00429031 0.00348909 0.00365745 0.00348211 0 0.0035341 0.0035741 0.00355723 0.00360521 0.00437281 0.00434643 0.0054681 0.00446584 0.00559705 0.0148417 0.00672286 0.0076918 0.0177689 0.0164937 0.00834111 0.00899253 0.012642 0.00877711 0.0155607 0.0108033 0.00893645 0.0122895 0.0107144 0.0182022 0.0337904 0.0599915 0.0164934 0.0902149 0.0104617 0.161094 0.00898066 0.0237654 0.00878587 0.00896703 0.00817464 0.00953898 0.00885242 0.0192482 0.00914466 0.0361182 0.0139636 0.031962 0.0137938 0.00931978 0.00827641 0.0089407 0.00941339 0.0106719 0.0098971 0.0107246 0.00878912 0.00830467 0.00799801 
0.00928517 0.00853284 0.0191833 0.0100072 0.0254607 0.0121395 0.0144292 0.00889344 0.00859457 0.0109986 0.00816917 0.00853513 0.0095179 0.0111612 0.0169478 0.00939355 0.00817588 0.00956489 0.00853468 0.0105258 0.0103981 0.00881886 0.00925921 0.0108363 0.0389811 0.0156003 0.0571808 0.0207519 0.0119725 0.00898074 0.0110725 0.00367464 0.00370581 0.00354586 0.00361967 0.0035341 0 0.0035493 0.00353481 0.00360676 0.00360914 0.00403273 0.00422182 0.00459038 0.00987397 0.0061509 0.00933435 0.00841538 0.00864332 0.0101491 0.0112188 0.00995879 0.00894434 0.0164016 0.00892796 0.0100407 0.0116884 0.00911304 0.0124953 0.0213969 0.0433184 0.0325688 0.083117 0.0133384 0.215082 0.00977638 0.0366919 0.00975158 0.0112461 0.00890212 0.00876077 0.00831479 0.0125327 0.00923429 0.0237763 0.0108874 0.0430851 0.015076 0.0138578 0.0116282 0.00831911 0.0085292 0.00944245 0.0111212 0.0101134 0.00951813 0.00901425 0.00832793 0.00802361 
0.00845194 0.0150811 0.010072 0.024467 0.0123929 0.0289168 0.0105267 0.0096191 0.00818075 0.00837329 0.0098685 0.00808083 0.00892965 0.0150234 0.0118325 0.0102459 0.00832307 0.00833589 0.0129113 0.00870985 0.00924684 0.0102109 0.00930084 0.0145436 0.0126592 0.0735335 0.0331961 0.024765 0.0121536 0.0103494 0.0102147 0.00457971 0.0035866 0.00382063 0.00356796 0.0035741 0.0035493 0 0.00354916 0.00357367 0.00364924 0.00360482 0.00433779 0.00380361 0.0059264 0.0154117 0.00769068 0.00762104 0.0152262 0.0158785 0.0112275 0.0108564 0.0118173 0.00897567 0.0148246 0.0112053 0.00913858 0.011586 0.0105901 0.0269019 0.0455678 0.0787087 0.0272703 0.275387 0.0124582 0.0635858 0.0101814 0.0265703 0.00935347 0.00887942 0.00816504 0.00959414 0.00936397 0.0217928 0.010835 0.0433815 0.0186311 0.0353976 0.0167634 0.010483 0.00826561 0.00920696 0.00971012 0.0119921 0.0110738 0.0121408 0.00930638 0.00880723 0.00802317 
0.00919858 0.00924706 0.01592 0.0123978 0.0241007 0.0189835 0.0197557 0.00958186 0.00836118 0.00941099 0.00836405 0.00837739 0.00912215 0.0128568 0.0149698 0.00936033 0.00819931 0.00907454 0.00895457 0.00985027 0.0102647 0.009349 0.00927792 0.00978904 0.0378426 0.0241081 0.0598591 0.0258345 0.0115411 0.00887677 0.0117438 0.00374319 0.00402716 0.00357631 0.00360056 0.00355723 0.00353481 0.00354916 0 0.00353257 0.00355387 0.00351006 0.00362205 0.00373765 0.00980951 0.00553754 0.00767363 0.00656384 0.00911007 0.0156962 0.00999244 0.00878186 0.00885623 0.0140759 0.00907335 0.00969431 0.0105438 0.00929687 0.011977 0.0251363 0.0541812 0.0439 0.232457 0.0198731 0.0807208 0.0128856 0.0310501 0.0119848 0.0102506 0.00916842 0.00853426 0.00853206 0.0129708 0.0108978 0.0241265 0.0168472 0.0468228 0.0238252 0.01617 0.0118436 0.00846434 0.00882642 0.0105013 0.0110857 0.0107567 0.0109338 0.00918257 0.00836667 0.00799201 
0.00860293 0.0101143 0.0112214 0.0151419 0.0154042 0.0182209 0.0153805 0.0092121 0.00834323 0.00860759 0.00861249 0.00831351 0.00875911 0.0117605 0.0164067 0.00942742 0.0083154 0.00847562 0.010056 0.00970382 0.00908833 0.00933825 0.0093176 0.0119713 0.0164294 0.037465 0.0414502 0.0317235 0.0134957 0.00952744 0.0119404 0.00484348 0.00378573 0.0038177 0.00415674 0.00360521 0.00360676 0.00357367 0.00353257 0 0.00356892 0.00357425 0.00358542 0.00369919 0.00530805 0.00964625 0.0072587 0.0155533 0.0179309 0.0101047 0.00919413 0.0088474 0.00993564 0.00965581 0.0103439 0.00982613 0.00934887 0.0107675 0.0105076 0.0212015 0.0494134 0.154881 0.0422546 0.048314 0.0223751 0.0235078 0.0149533 0.0138031 0.0105032 0.00921711 0.00831046 0.00898142 0.00970138 0.012861 0.0169212 0.0205186 0.0285535 0.0251086 0.0187652 0.0130986 0.00820891 0.00926676 0.00946263 0.0112393 0.0108474 0.0117522 0.00920595 0.00871562 0.00800972 
