1BHJB
VDSVYRTRSLGVAAEGIPDQYADGEAARVWQLYIGDTRSRTAEYKAWLLGLLRQHGCHRVLDVACGTGVDSIMLVEEGFSVTSVDASDKMLKYALKERWNRRKEPAFDKWVIEEANWLTLDKDVPAGDGFDAVICLGNSFAHLPDSKGDQSEHRLALKNIASMVRPGGLLVIDHRNYDYILSTGCAPPGKNIYYKSDLTKDITTSVLTVNNKAHMVTLDYTVQVPGAGRDGAPGFSKFRLSYYPHCLASFTELVQEAFGGRCQHSVLGDFKPYRPGQAYVPCYFIHVLKKTG
CCCCCCCCCCCCCCCCCCCCCCCCHHHHHHHHHCCCCCCECHHHHHHHHHHHHHCCCCEEEECCCCCCHHHHHHHHCCCEEEEEECCHHHHHHHHHHHHHHHHCHHHHHCEEEECCCCCHHHCCCCCCCEEEEEECCCHHHHCCCCCCCCHHHHHHHHHHHHCEEEEEEEEEEEECHHHHHHHCCCCCCCCCCECCCCCCCEEEEEEEECCEEEEEEEEEEEEECCCCCCCCCEEEEEEEEECCCCHHHHHHHHHHCCCCCCCCCEECCCCECCCCCCCCCCEEEEEEECCC
0 0 0 0 0 0 0 0 0 0 0 0 0 0 0 0 0 0 0 0 0 0 0 0 0 0 0 0 0 0 0 0 0 0 0 0 0 0 0 0 0 0 0 0 0 0 0 0 0 0 0 0 0 0 0 0 0 0 0 0 0 0 0 0 0 0 0 0 0 0 0 0 0 0 0 0 0 0 0 0 0 0 0 0 0 0 0 0 0 0 0 0 0 0 0 0 0 0 0 0 0 0 0 0 0 0 0 0 0 0 0 0 0 0 0 0 0 0 0 0 0 0 0 0 0 0 0 0 0 0 0 0 0 0 0 0 0 0 0 0 0 0 0 0 0 0 0 0 0 0 0 0 0 0 0 0 0 0 0 0 0 0 0 0 0 0 0 0 0 0 0 0 0 0 0 0 0 0 0 0 0 0 0 0 0 0 0 0 0 0 0 0 0 0 0 0 0 0 0 0 0 0 0 0 0 0 0 0 0 0 0 0 0 0 0 0 0 0 0 0 0 0 0 0 0 0 0 0 0 0 0 0 0 0 0 0 0 0 0 0 0 0 0 0 0 0 0 0 0 0 0 0 0 0 0 0 0 0 0 0 0 0 0 0 0 0 0 0 0 0 0 0 0 0 0 0 0 0 0 0 0 0 0 0 0 0 0 0 0 0 0 0 
0 0 0 0 0 0 0 0 0 0 0 0 0 0 0 0 0 0 0 0 0 0 0 0 0 0 0 0 0 0 0 0 0 0 0 0 0 0 0 0 0 0 0 0 0 0 0 0 0 0 0 0 0 0 0 0 0 0 0 0 0 0 0 0 0 0 0 0 0 0 0 0 0 0 0 0 0 0 0 0 0 0 0 0 0 0 0 0 0 0 0 0 0 0 0 0 0 0 0 0 0 0 0 0 0 0 0 0 0 0 0 0 0 0 0 0 0 0 0 0 0 0 0 0 0 0 0 0 0 0 0 0 0 0 0 0 0 0 0 0 0 0 0 0 0 0 0 0 0 0 0 0 0 0 0 0 0 0 0 0 0 0 0 0 0 0 0 0 0 0 0 0 0 0 0 0 0 0 0 0 0 0 0 0 0 0 0 0 0 0 0 0 0 0 0 0 0 0 0 0 0 0 0 0 0 0 0 0 0 0 0 0 0 0 0 0 0 0 0 0 0 0 0 0 0 0 0 0 0 0 0 0 0 0 0 0 0 0 0 0 0 0 0 0 0 0 0 0 0 0 0 0 0 0 0 0 0 0 0 0 0 0 0 0 0 0 0 0 0 0 0 0 0 0 0 0 0 0 0 0 0 0 0 0 0 0 0 0 0 0 0 0 
0 0.0320383 0.0130489 0.0162796 0.034027 0.0248194 0.0111797 0.00917056 0.00928536 0.00983031 0.0130582 0.0152994 0.00867288 0.00866742 0.0103211 0.0129667 0.00855944 0.0084227 0.00831674 0.00876923 0.0108438 0.0118672 0.00811872 0.0079785 0.00802962 0.00804237 0.00809288 0.00819857 0.00818828 0.00813904 0.00803748 0.00811383 0.00926455 0.0163379 0.00983252 0.00880232 0.00820659 0.0085181 0.00824916 0.00830023 0.00854324 0.00922933 0.00991116 0.00835381 0.00811233 0.00829022 0.00803673 0.00829219 0.00808033 0.00835873 0.00808312 0.00845279 0.00807472 0.008475 0.00899925 0.00956232 0.00841723 0.00808811 0.0082538 0.00805146 0.00813298 0.00803909 0.00807414 0.00864536 0.00932062 0.00868225 0.0121629 0.00941435 0.00829133 0.00823809 0.00826963 0.00835207 0.00830205 0.00992398 
0.0320383 0 0.00544349 0.00357951 0.00383457 0.703889 0.0118914 0.0394522 0.0120301 0.0134702 0.0228015 0.0273332 0.00882281 0.00961981 0.0137978 0.0136729 0.0102991 0.0101436 0.0112868 0.0109333 0.0168209 0.00855075 0.00824542 0.00801305 0.00815819 0.00827293 0.00856253 0.00889245 0.00935192 0.00881235 0.0089596 0.00838176 0.00921434 0.00927861 0.00856327 0.00901115 0.00824706 0.00867371 0.00837433 0.00831156 0.00848741 0.00864642 0.00861285 0.00823773 0.00818495 0.00881323 0.0083886 0.00885483 0.0084344 0.00897682 0.00830786 0.0091311 0.00823479 0.0090052 0.00849617 0.00856667 0.00845546 0.00824862 0.00869949 0.00832936 0.00837745 0.00835318 0.00823576 0.0085661 0.0084634 0.00839859 0.00891946 0.00855512 0.00841951 0.0084492 0.00842648 0.00842363 0.00835783 0.00907244 
0.0130489 0.00544349 0 0.00384629 0.00356082 0.0177237 0.769293 0.0218594 0.110988 0.0434112 0.011433 0.0103178 0.0357481 0.0118563 0.00922062 0.0107998 0.0137201 0.0346408 0.0338933 0.0272347 0.0105475 0.00908128 0.0083885 0.00841516 0.00849454 0.00962353 0.00945728 0.0129223 0.0130637 0.0126409 0.00987808 0.0104061 0.00847669 0.00882026 0.00931378 0.00837483 0.00914741 0.00841277 0.00846041 0.00849301 0.00844002 0.00835136 0.00822336 0.00822772 0.00863883 0.00851839 0.00916941 0.00863408 0.00924431 0.00847256 0.00938081 0.00844214 0.00923073 0.0084366 0.00855138 0.00851696 0.00826221 0.00865009 0.00836322 0.00865112 0.00854971 0.00877088 0.00849131 0.00834345 0.00829041 0.00823544 0.00842272 0.00833401 0.00863191 0.00864011 0.00871732 0.00859724 0.00870001 0.00847368 
0.0162796 0.00357951 0.00384629 0 0.00364314 0.0466186 0.0200944 0.262895 0.0599957 0.251146 0.0184252 0.012936 0.0118102 0.021984 0.0107014 0.0113656 0.0196213 0.0277888 0.0492105 0.0582538 0.0133889 0.00889088 0.00856687 0.00837465 0.00883541 0.00989481 0.0121169 0.0136368 0.0173789 0.01441 0.0115633 0.0101229 0.0087154 0.00858032 0.00884654 0.00883577 0.00881538 0.0086089 0.00856882 0.00847179 0.00826139 0.00809483 0.00825888 0.00836748 0.00859423 0.00895207 0.00925243 0.00892636 0.00941941 0.00888221 0.00889329 0.00877986 0.00879844 0.00843457 0.00814203 0.00850305 0.00845982 0.00853451 0.00862463 0.00874725 0.00879422 0.00894332 0.00862466 0.00830794 0.00823423 0.00832137 0.00821798 0.00857538 0.00859956 0.0086748 0.00863152 0.00853491 0.00838549 0.00817736 
0.034027 0.00383457 0.00356082 0.00364314 0 0.0169371 0.0157026 0.023584 0.2382 0.0919721 0.411264 0.016655 0.00962952 0.0106939 0.0283026 0.0156553 0.0112463 0.0173132 0.02218 0.033139 0.0454891 0.0111352 0.00819002 0.00819935 0.00869292 0.0107828 0.0106753 0.0127013 0.0132762 0.0117491 0.011007 0.00981032 0.00957147 0.00976766 0.00971263 0.00885462 0.00845537 0.00887945 0.00838894 0.00829173 0.0082469 0.00838154 0.00955322 0.00815465 0.00847548 0.00875221 0.00880476 0.00871787 0.00876063 0.00880608 0.00853212 0.0087173 0.00867263 0.0083507 0.00856604 0.00917036 0.00830247 0.00858489 0.0084834 0.00864653 0.00862129 0.00879835 0.00848081 0.00864885 0.00847409 0.00875584 0.00841098 0.00895661 0.00874874 0.00978552 0.00922247 0.00877521 0.00834766 0.00826138 
0.0248194 0.703889 0.0177237 0.0466186 0.0169371 0 0.00393105 0.00368333 0.00362563 0.00376319 0.00519472 0.0943829 0.00872702 0.0141514 0.0165734 0.0120182 0.0111354 0.00987006 0.0120157 0.0119376 0.0228471 0.00895217 0.00852094 0.00801072 0.00836431 0.00828353 0.00878648 0.00910633 0.00987844 0.00908173 0.00911785 0.00893401 0.0130316 0.0105883 0.00843673 0.00970658 0.00828454 0.00927577 0.00847694 0.00858949 0.00944672 0.00999463 0.00895998 0.00844557 0.00811712 0.00928889 0.00826262 0.00939338 0.00825836 0.0098215 0.00813952 0.00997865 0.00816402 0.0105585 0.00904795 0.00854537 0.00884009 0.0081969 0.00906219 0.00821543 0.00894054 0.0083148 0.00909389 0.00913364 0.00860887 0.00864905 0.00954891 0.00873182 0.00834211 0.00844573 0.00845765 0.00843247 0.00852885 0.0101265 
0.0111797 0.0118914 0.769293 0.0200944 0.0157026 0.00393105 0 0.00358309 0.00359005 0.00493357 0.00385613 0.0115897 0.114675 0.00931206 0.00976945 0.0123568 0.0116815 0.0253595 0.0241352 0.0263873 0.0108635 0.00888082 0.00823205 0.0091587 0.00850532 0.0106922 0.010706 0.0147711 0.0137852 0.0164105 0.0102404 0.0114669 0.00869533 0.00873624 0.00971688 0.00828416 0.0100303 0.00839806 0.00867316 0.00851413 0.00836111 0.00840339 0.00815636 0.00823145 0.00934025 0.00852202 0.0102419 0.00860802 0.0108515 0.00836495 0.0111958 0.00827873 0.0106732 0.00833187 0.0088403 0.00886089 0.00822379 0.00940454 0.0083651 0.00950694 0.00860236 0.0093626 0.00863566 0.00850243 0.00835891 0.00820644 0.00831174 0.00824676 0.00858797 0.00873565 0.00872183 0.00856789 0.00858555 0.00822974 
0.00917056 0.0394522 0.0218594 0.262895 0.023584 0.00368333 0.00358309 0 0.00359019 0.00357834 0.00371501 0.260213 0.0101933 0.0319774 0.00945571 0.0100343 0.016938 0.0344963 0.0548609 0.0229115 0.0119048 0.00859141 0.00884984 0.00862134 0.0102915 0.0118254 0.0163378 0.0210999 0.0320598 0.0213833 0.0194775 0.0104765 0.00914962 0.00834388 0.00845558 0.00878689 0.00881366 0.00897875 0.00886069 0.00865556 0.00837982 0.00847797 0.00812451 0.00829207 0.00863724 0.00989843 0.00944309 0.00993231 0.00926327 0.00968183 0.0088749 0.00966555 0.00885227 0.00882695 0.00873306 0.00825965 0.00835141 0.00865739 0.00883237 0.00896903 0.00897644 0.00916776 0.00896545 0.00880067 0.00815866 0.00818114 0.00813332 0.00832043 0.00858381 0.00878646 0.00888806 0.00865046 0.00860319 0.00924631 
0.00928536 0.0120301 0.110988 0.0599957 0.2382 0.00362563 0.00359005 0.00359019 0 0.00356137 0.00355129 0.0171026 0.363317 0.0164784 0.0165365 0.0109396 0.023874 0.0417152 0.103569 0.0342034 0.0140483 0.00913906 0.00909094 0.00924656 0.0105054 0.0149795 0.0186028 0.037254 0.0432305 0.035907 0.0263768 0.0115392 0.00971992 0.00833315 0.00872536 0.00873769 0.00995359 0.00910944 0.00898732 0.00875626 0.00845747 0.00820592 0.00833015 0.00832109 0.00979437 0.00972872 0.0117296 0.0101083 0.0113548 0.00938574 0.010454 0.0091562 0.0101926 0.00874413 0.0083461 0.00856047 0.00843655 0.00938514 0.00905716 0.0100364 0.00963262 0.0104588 0.00919387 0.00870823 0.00824878 0.00831253 0.00803241 0.00865631 0.0089246 0.00939076 0.00926505 0.00886371 0.00878029 0.0086403 
0.00983031 0.0134702 0.0434112 0.251146 0.0919721 0.00376319 0.00493357 0.00357834 0.00356137 0 0.00364685 0.0155162 0.0210735 0.499416 0.0176622 0.016471 0.0160146 0.0341598 0.0350019 0.103476 0.018645 0.00943008 0.00868817 0.00869223 0.00893613 0.0114165 0.0117305 0.0159212 0.0189051 0.0205826 0.0120523 0.0160986 0.00975258 0.00872498 0.00916794 0.00878086 0.00901924 0.0085014 0.00854993 0.0084407 0.00831607 0.00810994 0.00826473 0.00844626 0.0086561 0.00899958 0.0096325 0.00902835 0.00946801 0.0087952 0.00924727 0.00860313 0.00913015 0.0084252 0.00832127 0.00840171 0.00858402 0.0087475 0.00860735 0.00898579 0.00891649 0.00924063 0.00895695 0.00844925 0.00822831 0.00825535 0.00808987 0.00842294 0.00860465 0.00885275 0.00875131 0.0086266 0.00851062 0.00811875 
0.0130582 0.0228015 0.011433 0.0184252 0.411264 0.00519472 0.00385613 0.00371501 0.00355129 0.00364685 0 0.0184333 0.0137658 0.0257603 0.639013 0.0164481 0.0150554 0.0113978 0.0175052 0.0216599 0.050416 0.0125431 0.00841991 0.00834358 0.0086805 0.00950448 0.0099218 0.011177 0.0113858 0.0107459 0.0100766 0.00968421 0.0127735 0.0103599 0.0097916 0.00858682 0.00826317 0.00836413 0.00821744 0.00818631 0.00821209 0.00838337 0.00914884 0.00815205 0.00838466 0.00849108 0.00861802 0.00856484 0.00847767 0.00854468 0.00838885 0.0085151 0.00830594 0.00836202 0.00853559 0.00913982 0.00826728 0.00826168 0.008293 0.00837505 0.00828866 0.00847103 0.00832308 0.00898968 0.00841629 0.00857307 0.00842773 0.00881051 0.00832157 0.0083759 0.00836058 0.00835762 0.00821358 0.00824156 
0.0152994 0.0273332 0.0103178 0.012936 0.016655 0.0943829 0.0115897 0.260213 0.0171026 0.0155162 0.0184333 0 0.00416366 0.00367257 0.00422521 0.0158056 0.0137498 0.0103574 0.0145622 0.01471 0.0426049 0.0098994 0.00947287 0.00835702 0.00887563 0.00896218 0.00928914 0.00974834 0.0105564 0.00968271 0.00944781 0.00934453 0.0143378 0.0121304 0.00868006 0.00977926 0.00850469 0.00922214 0.00859336 0.00870311 0.00948057 0.0112596 0.00872474 0.00853122 0.00827232 0.0091967 0.00847242 0.0093099 0.00855662 0.00957311 0.00838805 0.00986194 0.00835434 0.0104297 0.00998103 0.00843785 0.00870208 0.00823152 0.00905502 0.00831212 0.00874311 0.00834931 0.00861035 0.00976306 0.00849183 0.00864133 0.00931953 0.0085995 0.00824982 0.00830903 0.00847433 0.008296 0.00838573 0.0097707 
0.00867288 0.00882281 0.0357481 0.0118102 0.00962952 0.00872702 0.114675 0.0101933 0.363317 0.0210735 0.0137658 0.00416366 0 0.00371148 0.00359154 0.0137747 0.0151754 0.0407015 0.0230219 0.021222 0.0112611 0.0100474 0.0084438 0.00906477 0.00861766 0.00963383 0.0100225 0.0116181 0.0127472 0.0137916 0.0102157 0.0108431 0.00897263 0.00890819 0.00958354 0.00830629 0.00960419 0.00839243 0.00858918 0.00857819 0.00849889 0.00854544 0.00824878 0.00821815 0.00910908 0.00847561 0.00977145 0.00874645 0.00978323 0.0083895 0.0103503 0.00826711 0.0101639 0.0083726 0.00919233 0.0084944 0.00822229 0.00915361 0.00828764 0.00905764 0.00863815 0.00888542 0.00869202 0.00842882 0.00820466 0.00819743 0.00832829 0.00817546 0.00852406 0.0085647 0.00853747 0.00845361 0.00857273 0.00826604 
0.00866742 0.00961981 0.0118563 0.021984 0.0106939 0.0141514 0.00931206 0.0319774 0.0164784 0.499416 0.0257603 0.00367257 0.00371148 0 0.00357264 0.0102989 0.0297773 0.0196248 0.0328371 0.0308593 0.0135761 0.00907157 0.00921776 0.00838288 0.00877916 0.00939751 0.010743 0.0118856 0.0132815 0.0121996 0.0110124 0.0111939 0.00917505 0.0086652 0.008572 0.00886624 0.0083906 0.00841129 0.00840098 0.00833404 0.00835521 0.00823407 0.00826016 0.00839423 0.00823635 0.00899844 0.00856492 0.00876709 0.0085216 0.00889905 0.00836916 0.0088926 0.00844928 0.00855178 0.00824262 0.00829471 0.00849787 0.00826904 0.00856769 0.00853257 0.00853074 0.0086651 0.00851026 0.00828079 0.00807316 0.00807953 0.00812686 0.00821389 0.00838394 0.00844624 0.00849712 0.00836411 0.00819621 0.00813339 
0.0103211 0.0137978 0.00922062 0.0107014 0.0283026 0.0165734 0.00976945 0.00945571 0.0165365 0.0176622 0.639013 0.00422521 0.00359154 0.00357264 0 0.0231395 0.0172328 0.0122064 0.0180061 0.0286383 0.0600848 0.020742 0.0084279 0.00818535 0.00845112 0.00919342 0.00968455 0.0102436 0.0100866 0.00966238 0.00936022 0.00978922 0.0106832 0.0106517 0.0108258 0.00879359 0.00834027 0.00835096 0.00823226 0.00826733 0.0082586 0.0085012 0.00958164 0.00813707 0.00839922 0.00839258 0.00855717 0.0084931 0.00849882 0.0083823 0.00838995 0.00842918 0.00820377 0.00831156 0.00845798 0.00951687 0.00828145 0.00814265 0.00827566 0.00821644 0.00831245 0.00825426 0.00833873 0.0084557 0.00834061 0.00818207 0.00840875 0.00884668 0.00813556 0.00825387 0.00820509 0.00815547 0.00810403 0.00823985 
0.0129667 0.0136729 0.0107998 0.0113656 0.0156553 0.0120182 0.0123568 0.0100343 0.0109396 0.016471 0.0164481 0.0158056 0.0137747 0.0102989 0.0231395 0 0.00368572 0.00354305 0.00358854 0.00363061 0.0058705 0.0984337 0.00889785 0.00884579 0.00916175 0.00995671 0.0126393 0.0127742 0.0125534 0.0138873 0.0109042 0.0116857 0.0263614 0.0161771 0.0119647 0.00871083 0.00946638 0.00870842 0.00869305 0.0087003 0.00918084 0.014191 0.00887411 0.00832263 0.00865954 0.00868797 0.00924221 0.00916558 0.0102446 0.00876598 0.00962565 0.00869169 0.00933961 0.00904792 0.0150873 0.00909436 0.00832468 0.00862951 0.00831379 0.00891698 0.00883127 0.00913252 0.00897019 0.0121078 0.00863698 0.00934621 0.00957135 0.00870388 0.00830503 0.00852359 0.00858953 0.00841377 0.00860028 0.00970336 
0.00855944 0.0102991 0.0137201 0.0196213 0.0112463 0.0111354 0.0116815 0.016938 0.023874 0.0160146 0.0150554 0.0137498 0.0151754 0.0297773 0.0172328 0.00368572 0 0.0035487 0.00355494 0.00362892 0.00359507 0.0149735 0.0287781 0.00943409 0.0113811 0.0301506 0.0179823 0.0280537 0.0414257 0.024928 0.0209206 0.0164466 0.0113601 0.00936167 0.00925339 0.0130325 0.00877827 0.00964603 0.00885865 0.00865784 0.00900379 0.0086131 0.00837993 0.00889523 0.00899554 0.0121685 0.0106381 0.0140428 0.00999921 0.0121986 0.00919814 0.0120327 0.00921131 0.0110996 0.00877008 0.00840228 0.00900447 0.00893858 0.0103319 0.00991247 0.0113189 0.00993872 0.0102795 0.00936431 0.00834417 0.00845867 0.00820033 0.0084313 0.00891004 0.00938839 0.00924997 0.00880007 0.00865501 0.00859134 
0.0084227 0.0101436 0.0346408 0.0277888 0.0173132 0.00987006 0.0253595 0.0344963 0.0417152 0.0341598 0.0113978 0.0103574 0.0407015 0.0196248 0.0122064 0.00354305 0.0035487 0 0.00360985 0.00354635 0.00354926 0.031228 0.012565 0.0430311 0.0149647 0.0286234 0.0763202 0.0693527 0.0966488 0.0976133 0.0370106 0.0226286 0.0111979 0.009573 0.0123798 0.0104162 0.022387 0.0131215 0.0138537 0.0124828 0.00917207 0.00891355 0.00891992 0.00957253 0.0187251 0.0187962 0.0402904 0.0188956 0.0337116 0.0142385 0.0277645 0.0126659 0.0248179 0.00999252 0.00987071 0.00977643 0.00949583 0.0170912 0.0145077 0.0218518 0.0191392 0.0249803 0.0126904 0.0110748 0.008639 0.00911679 0.0080823 0.0100859 0.0108607 0.0133578 0.0132729 0.0110905 0.0107975 0.00884021 
0.00831674 0.0112868 0.0338933 0.0492105 0.02218 0.0120157 0.0241352 0.0548609 0.103569 0.0350019 0.0175052 0.0145622 0.0230219 0.0328371 0.0180061 0.00358854 0.00355494 0.00360985 0 0.00359657 0.00358612 0.0234243 0.0463291 0.0232902 0.0324722 0.0372699 0.072245 0.195733 0.139625 0.122716 0.10737 0.0278933 0.0130131 0.00967478 0.0110269 0.0180811 0.0204781 0.0179566 0.015205 0.0140879 0.0100746 0.00916155 0.00890936 0.0108694 0.0196209 0.0380736 0.0403365 0.0456647 0.0315244 0.0324247 0.0221414 0.0276003 0.0212398 0.0146812 0.00952747 0.0093192 0.0111544 0.0174293 0.0217822 0.0232799 0.0295504 0.0292036 0.0174117 0.0110305 0.00918395 0.00883777 0.00815448 0.0100511 0.0121083 0.0166586 0.0152199 0.0119885 0.010364 0.00925026 
0.00876923 0.0109333 0.0272347 0.0582538 0.033139 0.0119376 0.0263873 0.0229115 0.0342034 0.103476 0.0216599 0.01471 0.021222 0.0308593 0.0286383 0.00363061 0.00362892 0.00354635 0.00359657 0 0.00366785 0.017889 0.0234304 0.0190694 0.01633 0.0473898 0.0447194 0.0645568 0.147499 0.0842523 0.0523538 0.113147 0.0201661 0.0112004 0.0118604 0.0157386 0.0146117 0.0112567 0.011466 0.0100688 0.0119462 0.00935033 0.009406 0.0105623 0.013353 0.0158534 0.0232458 0.0181937 0.0216956 0.014129 0.0167186 0.0122723 0.0152674 0.0126537 0.0100184 0.00971507 0.0105943 0.0131182 0.0121556 0.0169905 0.0146006 0.0191503 0.0177308 0.0116805 0.00872897 0.0091417 0.00815916 0.00937595 0.0101719 0.0113215 0.0112776 0.010089 0.00979709 0.0085246 
0.0108438 0.0168209 0.0105475 0.0133889 0.0454891 0.0228471 0.0108635 0.0119048 0.0140483 0.018645 0.050416 0.0426049 0.0112611 0.0135761 0.0600848 0.0058705 0.00359507 0.00354926 0.00358612 0.00366785 0 0.0287356 0.0101255 0.012589 0.0184006 0.0204559 0.0282381 0.0287948 0.0294534 0.0576647 0.0280565 0.0256125 0.0935461 0.0189237 0.0234645 0.0110789 0.0104095 0.00976377 0.00918181 0.00937275 0.00895859 0.01014 0.0149642 0.0101785 0.0101739 0.0109565 0.0119036 0.0124437 0.0112149 0.0102963 0.010489 0.00963882 0.00966136 0.00969603 0.0110151 0.0155643 0.00967976 0.00911954 0.00922261 0.00943587 0.0106725 0.00990311 0.0105666 0.0119759 0.0101327 0.00959384 0.0091827 0.012176 0.00931007 0.00903296 0.0092909 0.00889735 0.00884338 0.00890812 
0.0118672 0.00855075 0.00908128 0.00889088 0.0111352 0.00895217 0.00888082 0.00859141 0.00913906 0.00943008 0.0125431 0.0098994 0.0100474 0.00907157 0.020742 0.0984337 0.0149735 0.031228 0.0234243 0.017889 0.0287356 0 0.00372649 0.00361742 0.00360947 0.00369661 0.00378618 0.0039323 0.00409826 0.00593314 0.00481111 0.00585206 0.0199414 0.024486 0.0159584 0.00957983 0.0121451 0.00923642 0.00981297 0.00926712 0.0099057 0.0249683 0.0101529 0.00901215 0.0100231 0.00890211 0.0111794 0.00924426 0.0108881 0.00892404 0.0111328 0.00895284 0.010926 0.00950457 0.0365734 0.00991298 0.00865804 0.00940154 0.00847264 0.00976381 0.00890688 0.00959986 0.00926378 0.0180566 0.00906334 0.0101945 0.0112841 0.00857878 0.00847817 0.00880402 0.00897956 0.0086919 0.00883337 0.010592 
0.00811872 0.00824542 0.0083885 0.00856687 0.00819002 0.00852094 0.00823205 0.00884984 0.00909094 0.00868817 0.00841991 0.00947287 0.0084438 0.00921776 0.0084279 0.00889785 0.0287781 0.012565 0.0463291 0.0234304 0.0101255 0.00372649 0 0.00351803 0.00355607 0.00360013 0.00367676 0.00387675 0.00477595 0.00452846 0.004758 0.00786991 0.00531994 0.00926454 0.00891941 0.01162 0.00864505 0.00938452 0.00875052 0.00878008 0.009173 0.00863409 0.00858366 0.00897097 0.00855253 0.0105776 0.00875466 0.011583 0.00860999 0.0108986 0.00846552 0.010439 0.00845146 0.0158078 0.00841133 0.00834821 0.00866137 0.00837604 0.00933834 0.00850155 0.0095391 0.00885599 0.00970276 0.00837587 0.00818832 0.00815212 0.00819172 0.00812731 0.00842808 0.00844979 0.00854177 0.00839692 0.00835379 0.00823977 
0.0079785 0.00801305 0.00841516 0.00837465 0.00819935 0.00801072 0.0091587 0.00862134 0.00924656 0.00869223 0.00834358 0.00835702 0.00906477 0.00838288 0.00818535 0.00884579 0.00943409 0.0430311 0.0232902 0.0190694 0.012589 0.00361742 0.00351803 0 0.00351511 0.00353334 0.00370526 0.00355299 0.00375753 0.00415155 0.00779303 0.00562741 0.00440296 0.00837687 0.0101792 0.00841947 0.0112326 0.00856565 0.00915389 0.0088304 0.00838185 0.0082664 0.00849795 0.00830696 0.0098532 0.00871773 0.0139079 0.00872958 0.0130736 0.00855029 0.0122329 0.00857639 0.0172068 0.00845009 0.00847061 0.00867453 0.00822491 0.00970989 0.00843051 0.010797 0.00904251 0.0106145 0.00857257 0.00840191 0.00807438 0.00802754 0.0080072 0.00813561 0.00832869 0.00870677 0.00868967 0.00854159 0.00851761 0.00804745 
0.00802962 0.00815819 0.00849454 0.00883541 0.00869292 0.00836431 0.00850532 0.0102915 0.0105054 0.00893613 0.0086805 0.00887563 0.00861766 0.00877916 0.00845112 0.00916175 0.0113811 0.0149647 0.0324722 0.01633 0.0184006 0.00360947 0.00355607 0.00351511 0 0.00371816 0.00357266 0.00361383 0.00358536 0.00502167 0.00375548 0.00373937 0.00384868 0.00862711 0.00908179 0.0100367 0.00889815 0.0103093 0.00893216 0.00912134 0.00861881 0.00848983 0.00851048 0.00896861 0.00903557 0.0128076 0.00976074 0.013426 0.00952024 0.0117289 0.00901039 0.0144012 0.00902524 0.00942521 0.00853487 0.00840106 0.00876141 0.00884232 0.0103063 0.00935685 0.0120506 0.0102518 0.00935568 0.00888807 0.00823514 0.0081469 0.00810767 0.00830735 0.00880676 0.00944623 0.00957505 0.00901915 0.0085292 0.00831789 
0.00804237 0.00827293 0.00962353 0.00989481 0.0107828 0.00828353 0.0106922 0.0118254 0.0149795 0.0114165 0.00950448 0.00896218 0.00963383 0.00939751 0.00919342 0.00995671 0.0301506 0.0286234 0.0372699 0.0473898 0.0204559 0.00369661 0.00360013 0.00353334 0.00371816 0 0.00355417 0.00354647 0.00578383 0.0037053 0.00415896 0.00366955 0.00374058 0.00968528 0.0120356 0.00983131 0.0140153 0.00994658 0.0113937 0.00974219 0.00967469 0.00924529 0.00917041 0.00915778 0.0122396 0.0124565 0.0217619 0.0130721 0.0211849 0.0110286 0.0204597 0.0109788 0.0151044 0.00983932 0.00986829 0.00932576 0.00935799 0.0123687 0.01071 0.0168368 0.0141098 0.0188429 0.0118706 0.00969714 0.00844664 0.00843401 0.00815649 0.00877138 0.0103265 0.0125941 0.0119093 0.0102991 0.00991605 0.00857479 
0.00809288 0.00856253 0.00945728 0.0121169 0.0106753 0.00878648 0.010706 0.0163378 0.0186028 0.0117305 0.0099218 0.00928914 0.0100225 0.010743 0.00968455 0.0126393 0.0179823 0.0763202 0.072245 0.0447194 0.0282381 0.00378618 0.00367676 0.00370526 0.00357266 0.00355417 0 0.00358424 0.0036257 0.00357545 0.0035772 0.0037896 0.00391554 0.010744 0.0151123 0.0159344 0.0125672 0.0135648 0.0112023 0.0126782 0.0101366 0.0105518 0.00912354 0.010588 0.0125025 0.0263591 0.0215505 0.0285243 0.017403 0.0289356 0.0141213 0.0197116 0.0136168 0.0143651 0.010817 0.00926138 0.0105507 0.012353 0.0192731 0.0166306 0.0266899 0.0268916 0.0146128 0.0114562 0.00858347 0.00877931 0.00829201 0.00935373 0.0110853 0.0148031 0.0162133 0.0122647 0.0104832 0.00993647 
0.00819857 0.00889245 0.0129223 0.0136368 0.0127013 0.00910633 0.0147711 0.0210999 0.037254 0.0159212 0.011177 0.00974834 0.0116181 0.0118856 0.0102436 0.0127742 0.0280537 0.0693527 0.195733 0.0645568 0.0287948 0.0039323 0.00387675 0.00355299 0.00361383 0.00354647 0.00358424 0 0.00355566 0.00358802 0.00356842 0.00361364 0.00368782 0.0114318 0.0146004 0.0192241 0.0246774 0.0149171 0.0175221 0.0133423 0.0121817 0.010056 0.0102358 0.0112475 0.022933 0.0229623 0.0483899 0.0278671 0.0507319 0.0189698 0.0314773 0.0167884 0.0307063 0.0127316 0.0111026 0.0106518 0.0121372 0.0228701 0.0211453 0.0378444 0.0408397 0.0498848 0.0227525 0.0130704 0.00921856 0.00927387 0.00834479 0.0106364 0.0146142 0.0227275 0.0239089 0.0150665 0.0135592 0.00964798 
0.00818828 0.00935192 0.0130637 0.0173789 0.0132762 0.00987844 0.0137852 0.0320598 0.0432305 0.0189051 0.0113858 0.0105564 0.0127472 0.0132815 0.0100866 0.0125534 0.0414257 0.0966488 0.139625 0.147499 0.0294534 0.00409826 0.00477595 0.00375753 0.00358536 0.00578383 0.0036257 0.00355566 0 0.0035522 0.00358081 0.00356943 0.003577 0.0138637 0.0179845 0.0253792 0.0244642 0.0213203 0.0165463 0.0171797 0.0119287 0.0106395 0.010357 0.0144271 0.0188046 0.0448459 0.0363857 0.059411 0.0292692 0.0412383 0.0211505 0.0356285 0.0207678 0.0199982 0.0106442 0.0112605 0.0168143 0.0201872 0.0346188 0.0353832 0.0588696 0.0497074 0.029304 0.0140828 0.00944172 0.00947405 0.00838245 0.0110651 0.016998 0.0278915 0.0296302 0.020041 0.0131364 0.00937228 
0.00813904 0.00881235 0.0126409 0.01441 0.0117491 0.00908173 0.0164105 0.0213833 0.035907 0.0205826 0.0107459 0.00968271 0.0137916 0.0121996 0.00966238 0.0138873 0.024928 0.0976133 0.122716 0.0842523 0.0576647 0.00593314 0.00452846 0.00415155 0.00502167 0.0037053 0.00357545 0.00358802 0.0035522 0 0.00353604 0.00356603 0.00354565 0.0128602 0.0196285 0.018035 0.0337687 0.0193965 0.0205975 0.0132743 0.0104603 0.00961928 0.0104802 0.0108681 0.0290464 0.022549 0.0696584 0.0230766 0.061974 0.0172758 0.0485931 0.0145521 0.0429165 0.0115224 0.0109189 0.0111805 0.0116477 0.0306492 0.0202573 0.0491656 0.0304096 0.0633538 0.0216511 0.0130931 0.00928804 0.00920284 0.00831164 0.0110088 0.0144866 0.0266632 0.029045 0.0171678 0.0122026 0.00920026 
0.00803748 0.0089596 0.00987808 0.0115633 0.011007 0.00911785 0.0102404 0.0194775 0.0263768 0.0120523 0.0100766 0.00944781 0.0102157 0.0110124 0.00936022 0.0109042 0.0209206 0.0370106 0.10737 0.0523538 0.0280565 0.00481111 0.004758 0.00779303 0.00375548 0.00415896 0.0035772 0.00356842 0.00358081 0.00353604 0 0.00353762 0.00353617 0.0101643 0.0128954 0.0220424 0.0172803 0.0229548 0.0144212 0.0138597 0.0101814 0.00924208 0.00933147 0.0106469 0.0151128 0.0435504 0.0191597 0.0412262 0.0178851 0.0379969 0.013587 0.0268118 0.01424 0.0165611 0.00969395 0.00950796 0.0116374 0.0138601 0.0263554 0.017618 0.0381224 0.0291471 0.0198133 0.0117461 0.00873407 0.00884928 0.00817772 0.00940256 0.0125991 0.0188275 0.0176662 0.0135563 0.0100576 0.00901547 
0.00811383 0.00838176 0.0104061 0.0101229 0.00981032 0.00893401 0.0114669 0.0104765 0.0115392 0.0160986 0.00968421 0.00934453 0.0108431 0.0111939 0.00978922 0.0116857 0.0164466 0.0226286 0.0278933 0.113147 0.0256125 0.00585206 0.00786991 0.00562741 0.00373937 0.00366955 0.0037896 0.00361364 0.00356943 0.00356603 0.00353762 0 0.00354586 0.0132402 0.0146059 0.0175623 0.0151018 0.0110928 0.0115998 0.00975096 0.0126166 0.00961732 0.0101817 0.0115363 0.0136316 0.012119 0.0224237 0.0130202 0.0184231 0.0106209 0.0140032 0.0103621 0.0143602 0.0139899 0.0101958 0.0109298 0.0110666 0.0125288 0.0104581 0.0151701 0.0136526 0.0178071 0.0208592 0.0121499 0.00924931 0.0093903 0.00836828 0.010152 0.0121065 0.01221 0.0116658 0.010121 0.0098639 0.00878856 
0.00926455 0.00921434 0.00847669 0.0087154 0.00957147 0.0130316 0.00869533 0.00914962 0.00971992 0.00975258 0.0127735 0.0143378 0.00897263 0.00917505 0.0106832 0.0263614 0.0113601 0.0111979 0.0130131 0.0201661 0.0935461 0.0199414 0.00531994 0.00440296 0.00384868 0.00374058 0.00391554 0.00368782 0.003577 0.00354565 0.00353617 0.00354586 0 0.0425094 0.0271059 0.0131674 0.011381 0.0105972 0.00943655 0.00950438 0.00958163 0.0118557 0.0164493 0.0102 0.0095865 0.0108689 0.0110837 0.012615 0.0108657 0.0101293 0.0101533 0.00981656 0.0103664 0.00979566 0.0116044 0.0193113 0.0103737 0.00975647 0.00972349 0.0104184 0.0109404 0.0107702 0.0109647 0.0165421 0.0121697 0.0104385 0.00988455 0.0130114 0.0093417 0.00914996 0.00927777 0.0090045 0.00909707 0.00925105 
0.0163379 0.00927861 0.00882026 0.00858032 0.00976766 0.0105883 0.00873624 0.00834388 0.00833315 0.00872498 0.0103599 0.0121304 0.00890819 0.0086652 0.0106517 0.0161771 0.00936167 0.009573 0.00967478 0.0112004 0.0189237 0.024486 0.00926454 0.00837687 0.00862711 0.00968528 0.010744 0.0114318 0.0138637 0.0128602 0.0101643 0.0132402 0.0425094 0 0.10794 0.0116802 0.0114164 0.0082914 0.00917761 0.0091952 0.0111191 0.0217304 0.0148377 0.0106459 0.0108364 0.0100587 0.0112842 0.0110178 0.0123498 0.0100411 0.0147355 0.012598 0.0126469 0.0120525 0.026523 0.0277035 0.0115423 0.010975 0.0100224 0.0107112 0.0112556 0.0101583 0.0117212 0.0198093 0.0198076 0.0162268 0.0253161 0.0136744 0.00959578 0.00900599 0.00912512 0.00935324 0.00968016 0.0136147 
0.00983252 0.00856327 0.00931378 0.00884654 0.00971263 0.00843673 0.00971688 0.00845558 0.00872536 0.00916794 0.0097916 0.00868006 0.00958354 0.008572 0.0108258 0.0119647 0.00925339 0.0123798 0.0110269 0.0118604 0.0234645 0.0159584 0.00891941 0.0101792 0.00908179 0.0120356 0.0151123 0.0146004 0.0179845 0.0196285 0.0128954 0.0146059 0.0271059 0.10794 0 0.00374211 0.0039014 0.00375607 0.00386204 0.00427004 0.00501772 0.012127 0.00852338 0.00697782 0.0104138 0.0074609 0.0137054 0.0200737 0.0744638 0.0924172 0.294288 0.00913525 0.0309673 0.0100998 0.0715436 0.0272826 0.0098163 0.0164163 0.00944674 0.016774 0.0108009 0.013752 0.0120436 0.0301892 0.014769 0.0160738 0.0146205 0.0118084 0.0109515 0.0106957 0.0108601 0.0103575 0.0122563 0.0139438 
0.00880232 0.00901115 0.00837483 0.00883577 0.00885462 0.00970658 0.00828416 0.00878689 0.00873769 0.00878086 0.00858682 0.00977926 0.00830629 0.00886624 0.00879359 0.00871083 0.0130325 0.0104162 0.0180811 0.0157386 0.0110789 0.00957983 0.01162 0.00841947 0.0100367 0.00983131 0.0159344 0.0192241 0.0253792 0.018035 0.0220424 0.0175623 0.0131674 0.0116802 0.00374211 0 0.0036259 0.00369661 0.00371612 0.00376053 0.00616935 0.0053017 0.00649527 0.00974206 0.00653914 0.0132038 0.00861741 0.0923092 0.0867092 0.394001 0.00790741 0.0364319 0.008238 0.0877376 0.00999627 0.00999527 0.0250631 0.0087829 0.0235718 0.00948693 0.0214262 0.0107539 0.0215456 0.0107689 0.0106185 0.0100078 0.00979222 0.0101033 0.0108112 0.011276 0.0121517 0.0120782 0.0101563 0.0115715 
0.00820659 0.00824706 0.00914741 0.00881538 0.00845537 0.00828454 0.0100303 0.00881366 0.00995359 0.00901924 0.00826317 0.00850469 0.00960419 0.0083906 0.00834027 0.00946638 0.00877827 0.022387 0.0204781 0.0146117 0.0104095 0.0121451 0.00864505 0.0112326 0.00889815 0.0140153 0.0125672 0.0246774 0.0244642 0.0337687 0.0172803 0.0151018 0.011381 0.0114164 0.0039014 0.0036259 0 0.00365921 0.00365994 0.00378339 0.00385311 0.00411714 0.00686096 0.00642159 0.0132294 0.00760675 0.161705 0.138316 0.477659 0.00800681 0.0419621 0.00800609 0.0677222 0.00846252 0.0137225 0.0154774 0.0087527 0.0307488 0.00928918 0.0289179 0.0112488 0.0306738 0.0105732 0.0111749 0.0103529 0.00933514 0.00922016 0.00983528 0.0113092 0.0147375 0.0143202 0.0131213 0.0121173 0.00945487 
0.0085181 0.00867371 0.00841277 0.0086089 0.00887945 0.00927577 0.00839806 0.00897875 0.00910944 0.0085014 0.00836413 0.00922214 0.00839243 0.00841129 0.00835096 0.00870842 0.00964603 0.0131215 0.0179566 0.0112567 0.00976377 0.00923642 0.00938452 0.00856565 0.0103093 0.00994658 0.0135648 0.0149171 0.0213203 0.0193965 0.0229548 0.0110928 0.0105972 0.0082914 0.00375607 0.00369661 0.00365921 0 0.00363265 0.00373988 0.00378351 0.00384025 0.00542742 0.00789347 0.00687906 0.105304 0.212819 0.436609 0.00800442 0.0218516 0.00815934 0.038165 0.0084167 0.0159432 0.00964338 0.00994086 0.0126041 0.0090434 0.0192712 0.00998093 0.0254168 0.0115133 0.0125211 0.00959137 0.00929368 0.00899591 0.00915364 0.00972826 0.0105805 0.0130785 0.0142992 0.0142873 0.00953877 0.0103244 
0.00824916 0.00837433 0.00846041 0.00856882 0.00838894 0.00847694 0.00867316 0.00886069 0.00898732 0.00854993 0.00821744 0.00859336 0.00858918 0.00840098 0.00823226 0.00869305 0.00885865 0.0138537 0.015205 0.011466 0.00918181 0.00981297 0.00875052 0.00915389 0.00893216 0.0113937 0.0112023 0.0175221 0.0165463 0.0205975 0.0144212 0.0115998 0.00943655 0.00917761 0.00386204 0.00371612 0.00365994 0.00363265 0 0.00365404 0.00376806 0.00369212 0.00491993 0.00626677 0.0348484 0.273838 0.37716 0.00803255 0.0114148 0.00818718 0.0315999 0.00894753 0.0115586 0.0093476 0.0100068 0.0111467 0.00908171 0.0128304 0.010195 0.0159335 0.0110525 0.0183498 0.00971695 0.0097889 0.00918911 0.00897954 0.00905959 0.00949537 0.0101891 0.0134145 0.0138817 0.011009 0.00962783 0.00948707 
0.00830023 0.00831156 0.00849301 0.00847179 0.00829173 0.00858949 0.00851413 0.00865556 0.00875626 0.0084407 0.00818631 0.00870311 0.00857819 0.00833404 0.00826733 0.0087003 0.00865784 0.0124828 0.0140879 0.0100688 0.00937275 0.00926712 0.00878008 0.0088304 0.00912134 0.00974219 0.0126782 0.0133423 0.0171797 0.0132743 0.0138597 0.00975096 0.00950438 0.0091952 0.00427004 0.00376053 0.00378339 0.00373988 0.00365404 0 0.0036425 0.00378129 0.00480413 0.0136446 0.418262 0.256759 0.012082 0.0103383 0.00943628 0.0196935 0.00984654 0.00899035 0.00984494 0.00964382 0.0104101 0.0108992 0.00984112 0.0107843 0.0122813 0.0109829 0.0134435 0.011869 0.0106183 0.0092424 0.00949545 0.00891887 0.00929824 0.00933101 0.0104075 0.0132616 0.0120629 0.0118814 0.00937345 0.00949434 
0.00854324 0.00848741 0.00844002 0.00826139 0.0082469 0.00944672 0.00836111 0.00837982 0.00845747 0.00831607 0.00821209 0.00948057 0.00849889 0.00835521 0.0082586 0.00918084 0.00900379 0.00917207 0.0100746 0.0119462 0.00895859 0.0099057 0.009173 0.00838185 0.00861881 0.00967469 0.0101366 0.0121817 0.0119287 0.0104603 0.0101814 0.0126166 0.00958163 0.0111191 0.00501772 0.00616935 0.00385311 0.00378351 0.00376806 0.0036425 0 0.00420159 0.00905376 0.872056 0.0482049 0.0137272 0.00680726 0.00851954 0.0195918 0.00818088 0.00787253 0.00908735 0.00931396 0.0115099 0.00904467 0.0117291 0.0136898 0.0100214 0.0101579 0.00967875 0.0104846 0.0104844 0.0124672 0.0101645 0.00985843 0.00981602 0.00947319 0.010782 0.0112744 0.0102588 0.00978368 0.00972654 0.00947513 0.00949789 
0.00922933 0.00864642 0.00835136 0.00809483 0.00838154 0.00999463 0.00840339 0.00847797 0.00820592 0.00810994 0.00838337 0.0112596 0.00854544 0.00823407 0.0085012 0.014191 0.0086131 0.00891355 0.00916155 0.00935033 0.01014 0.0249683 0.00863409 0.0082664 0.00848983 0.00924529 0.0105518 0.010056 0.0106395 0.00961928 0.00924208 0.00961732 0.0118557 0.0217304 0.012127 0.0053017 0.00411714 0.00384025 0.00369212 0.00378129 0.00420159 0 0.991423 0.00934921 0.00700987 0.00479802 0.00891552 0.00860607 0.00768153 0.00691788 0.00820361 0.00809563 0.00963961 0.00914644 0.012507 0.0266299 0.0111383 0.011529 0.00980551 0.0107483 0.0107342 0.0103021 0.0109559 0.0125192 0.0177039 0.0111966 0.0155869 0.0163245 0.0105508 0.0100218 0.00979074 0.00999035 0.00962791 0.0104964 
0.00991116 0.00861285 0.00822336 0.00825888 0.00955322 0.00895998 0.00815636 0.00812451 0.00833015 0.00826473 0.00914884 0.00872474 0.00824878 0.00826016 0.00958164 0.00887411 0.00837993 0.00891992 0.00890936 0.009406 0.0149642 0.0101529 0.00858366 0.00849795 0.00851048 0.00917041 0.00912354 0.0102358 0.010357 0.0104802 0.00933147 0.0101817 0.0164493 0.0148377 0.00852338 0.00649527 0.00686096 0.00542742 0.00491993 0.00480413 0.00905376 0.991423 0 0.00383314 0.00373542 0.00363996 0.00393043 0.0040553 0.00473421 0.00506483 0.00645972 0.00691892 0.00942552 0.00851589 0.0199779 0.0137484 0.00994528 0.0100132 0.00928698 0.0104951 0.00991076 0.0103798 0.0109379 0.0273259 0.0112283 0.0136446 0.013283 0.0111118 0.00943441 0.00943731 0.00962225 0.00974902 0.010382 0.0151449 
0.00835381 0.00823773 0.00822772 0.00836748 0.00815465 0.00844557 0.00823145 0.00829207 0.00832109 0.00844626 0.00815205 0.00853122 0.00821815 0.00839423 0.00813707 0.00832263 0.00889523 0.00957253 0.0108694 0.0105623 0.0101785 0.00901215 0.00897097 0.00830696 0.00896861 0.00915778 0.010588 0.0112475 0.0144271 0.0108681 0.0106469 0.0115363 0.0102 0.0106459 0.00697782 0.00974206 0.00642159 0.00789347 0.00626677 0.0136446 0.872056 0.00934921 0.00383314 0 0.00360344 0.0036133 0.00367282 0.00379134 0.00401115 0.00459536 0.00532882 0.00727003 0.00629542 0.0159271 0.00765245 0.00930687 0.0145276 0.00861524 0.0133883 0.0088691 0.0154229 0.00946222 0.0205604 0.0101718 0.0103418 0.00956029 0.00953278 0.00951531 0.0100944 0.0100736 0.0106247 0.0101324 0.0101019 0.0104549 
0.00811233 0.00818495 0.00863883 0.00859423 0.00847548 0.00811712 0.00934025 0.00863724 0.00979437 0.0086561 0.00838466 0.00827232 0.00910908 0.00823635 0.00839922 0.00865954 0.00899554 0.0187251 0.0196209 0.013353 0.0101739 0.0100231 0.00855253 0.0098532 0.00903557 0.0122396 0.0125025 0.022933 0.0188046 0.0290464 0.0151128 0.0136316 0.0095865 0.0108364 0.0104138 0.00653914 0.0132294 0.00687906 0.0348484 0.418262 0.0482049 0.00700987 0.00373542 0.00360344 0 0.00359893 0.0036624 0.00367788 0.00379058 0.00373243 0.00560974 0.00484532 0.0111088 0.00670632 0.00858462 0.0119311 0.00869427 0.021556 0.00861739 0.0227477 0.00979642 0.0284328 0.0104386 0.0119307 0.00991917 0.00965822 0.00926324 0.0104285 0.0118248 0.017841 0.0181795 0.0152329 0.0114839 0.00973151 
0.00829022 0.00881323 0.00851839 0.00895207 0.00875221 0.00928889 0.00852202 0.00989843 0.00972872 0.00899958 0.00849108 0.0091967 0.00847561 0.00899844 0.00839258 0.00868797 0.0121685 0.0187962 0.0380736 0.0158534 0.0109565 0.00890211 0.0105776 0.00871773 0.0128076 0.0124565 0.0263591 0.0229623 0.0448459 0.022549 0.0435504 0.012119 0.0108689 0.0100587 0.0074609 0.0132038 0.00760675 0.105304 0.273838 0.256759 0.0137272 0.00479802 0.00363996 0.0036133 0.00359893 0 0.00355331 0.0036294 0.00367233 0.00375446 0.00376332 0.0086648 0.0052639 0.00907608 0.00684041 0.00860209 0.019409 0.00845959 0.0270362 0.00931017 0.0319249 0.0116828 0.0213809 0.0183607 0.0115759 0.00919373 0.00927525 0.0110313 0.0142703 0.0265564 0.0316284 0.0230159 0.0110795 0.0116478 
0.00803673 0.0083886 0.00916941 0.00925243 0.00880476 0.00826262 0.0102419 0.00944309 0.0117296 0.0096325 0.00861802 0.00847242 0.00977145 0.00856492 0.00855717 0.00924221 0.0106381 0.0402904 0.0403365 0.0232458 0.0119036 0.0111794 0.00875466 0.0139079 0.00976074 0.0217619 0.0215505 0.0483899 0.0363857 0.0696584 0.0191597 0.0224237 0.0110837 0.0112842 0.0137054 0.00861741 0.161705 0.212819 0.37716 0.012082 0.00680726 0.00891552 0.00393043 0.00367282 0.0036624 0.00355331 0 0.00356706 0.00363261 0.00363333 0.0041488 0.00382046 0.00651428 0.00550152 0.00769498 0.0131134 0.00857524 0.0291156 0.00872295 0.034403 0.0118644 0.036552 0.0255735 0.444396 0.0101649 0.00995857 0.00943571 0.0121492 0.0229744 0.0397713 0.037259 0.0254195 0.0181983 0.0100118 
0.00829219 0.00885483 0.00863408 0.00892636 0.00871787 0.00939338 0.00860802 0.00993231 0.0101083 0.00902835 0.00856484 0.0093099 0.00874645 0.00876709 0.0084931 0.00916558 0.0140428 0.0188956 0.0456647 0.0181937 0.0124437 0.00924426 0.011583 0.00872958 0.013426 0.0130721 0.0285243 0.0278671 0.059411 0.0230766 0.0412262 0.0130202 0.012615 0.0110178 0.0200737 0.0923092 0.138316 0.436609 0.00803255 0.0103383 0.00851954 0.00860607 0.0040553 0.00379134 0.00367788 0.0036294 0.00356706 0 0.00358443 0.00366484 0.0036524 0.00396162 0.00418441 0.00504719 0.00666002 0.00899714 0.0175217 0.00852421 0.0315296 0.00960135 0.0282731 0.0303892 0.615942 0.0131472 0.0102707 0.0102603 0.00964005 0.0127006 0.0191758 0.0327727 0.0330101 0.0267374 0.0121614 0.0123005 
0.00808033 0.0084344 0.00924431 0.00941941 0.00876063 0.00825836 0.0108515 0.00926327 0.0113548 0.00946801 0.00847767 0.00855662 0.00978323 0.0085216 0.00849882 0.0102446 0.00999921 0.0337116 0.0315244 0.0216956 0.0112149 0.0108881 0.00860999 0.0130736 0.00952024 0.0211849 0.017403 0.0507319 0.0292692 0.061974 0.0178851 0.0184231 0.0108657 0.0123498 0.0744638 0.0867092 0.477659 0.00800442 0.0114148 0.00943628 0.0195918 0.00768153 0.00473421 0.00401115 0.00379058 0.00367233 0.00363261 0.00358443 0 0.00353995 0.00381594 0.00365623 0.00402606 0.00398145 0.00530668 0.0119647 0.00851866 0.0321175 0.00869799 0.0376282 0.0187136 0.729747 0.0155576 0.0142278 0.0112461 0.0100545 0.0100042 0.0121814 0.0220257 0.0322423 0.0306002 0.0208736 0.0154999 0.0105421 
0.00835873 0.00897682 0.00847256 0.00888221 0.00880608 0.0098215 0.00836495 0.00968183 0.00938574 0.0087952 0.00854468 0.00957311 0.0083895 0.00889905 0.0083823 0.00876598 0.0121986 0.0142385 0.0324247 0.014129 0.0102963 0.00892404 0.0108986 0.00855029 0.0117289 0.0110286 0.0289356 0.0189698 0.0412383 0.0172758 0.0379969 0.0106209 0.0101293 0.0100411 0.0924172 0.394001 0.00800681 0.0218516 0.00818718 0.0196935 0.00818088 0.00691788 0.00506483 0.00459536 0.00373243 0.00375446 0.00363333 0.00366484 0.00353995 0 0.00355278 0.00376871 0.00365228 0.00381496 0.00395978 0.00807143 0.0204119 0.00807138 0.0286017 0.0127976 0.784944 0.0133173 0.0193898 0.0103544 0.00984488 0.00950843 0.00918149 0.0117562 0.0139741 0.023861 0.0249151 0.0210808 0.0123612 0.0114712 
