1BIKA
SCQLGYSAGPCMGMTSRYFYNGTSMACETFQYGGCMGNGNNFVTEKECLQTCRTVAACNLPIVRGPCRAFIQLWAFDAVKGKCVLFPYGGCQGNGNKFYSEKECREYCGV
CCCCCCCCCCCCCCEEEEEEECCCCEEEEEEECCCCCCCCCECCHHHHHHHHCCHHHHHCCCCCCCCCCCEEEEEEECCCCEEEEEEECCCCCCCCCECCHHHHHHHHCC
0 0 0 0 0 0 0 0 0 0 0 0 0 0 0 0 0 0 0 0 0 0 0 0 0 0 0 0 0 0 0 0 0 0 0 0 0 0 0 0 0 0 0 0 0 0 0 0 0 0 0 0 0 0 0 0 0 0 0 0 0 0 0 0 0 0 0 0 0 0 0 0 0 0 0 0 0 0 0 0 0 0 0 0 0 0 0 0 0 0 0 0 0 0 0 0 0 0 0 0 0 0 0 0 0 0 0 0 0 0 
0 0 0 0 0 0 0 0 0 0 0 0 0 0 0 0 0 0 0 0 0 0 0 0 0 0 0 0 0 0 0 0 0 0 0 0 0 0 0 0 0 0 0 0 0 0 0 0 0 0 0 0 0 0 0 0 0 0 0 0 0 0 0 0 0 0 0 0 0 0 0 0 0 0 0 0 0 0 0 0 0 0 0 0 0 0 0 0 0 0 0 0 0 0 0 0 0 0 0 0 0 0 0 0 0 0 0 0 0 0 
0 0.00399889 0.00373972 0.00359558 0.00402977 0.00488471 0.00925521 0.00670298 0.00658774 0.0114308 0.00710511 0.00869309 0.0266898 0.921909 0.0131572 0.0099762 0.00838995 0.00844626 0.00870633 0.0085654 0.00944303 0.013556 0.00886614 0.00896679 0.00834374 0.00861848 0.00833197 0.00841332 0.0110336 0.0102267 
0.00399889 0 0.00356958 0.00356448 0.00357517 0.00363896 0.00368411 0.00505841 0.00633424 0.005753 0.0065305 0.014705 0.87792 0.00990749 0.00884478 0.00879064 0.00869887 0.00886638 0.00922703 0.00962137 0.0103178 0.00865063 0.00825369 0.00870864 0.00885028 0.00852176 0.0087604 0.00887177 0.00852749 0.00825406 
0.00373972 0.00356958 0 0.00354035 0.00382177 0.003559 0.00355844 0.00497924 0.0055496 0.00673074 0.0208372 0.885743 0.0165485 0.00737762 0.00831922 0.0086661 0.00905276 0.00991744 0.0129795 0.0137958 0.0094029 0.0085452 0.00849122 0.00868018 0.00986884 0.0126855 0.00937114 0.00912145 0.00828136 0.00816281 
0.00359558 0.00356448 0.00354035 0 0.00355825 0.00356806 0.00355935 0.00446564 0.00717007 0.0197498 0.946868 0.019663 0.00789765 0.00788461 0.00840997 0.00942192 0.00905729 0.01363 0.0235134 0.0162173 0.0104702 0.00907874 0.00861494 0.00938255 0.0131478 0.0136639 0.0129194 0.00888626 0.00889413 0.00824416 
0.00402977 0.00357517 0.00382177 0.00355825 0 0.0035386 0.00356365 0.00439014 0.0212724 0.961055 0.0116208 0.00710001 0.00756248 0.00788597 0.00847608 0.00898853 0.0116599 0.0167716 0.0211624 0.0219907 0.0119435 0.00898541 0.00887814 0.0102599 0.0170824 0.0162773 0.0112784 0.00962309 0.00888816 0.00835217 
0.00488471 0.00363896 0.003559 0.00356806 0.0035386 0 0.00356674 0.0194665 0.986078 0.00706732 0.00641221 0.006401 0.00946468 0.00878329 0.0102709 0.0101258 0.0108876 0.0109457 0.0115568 0.0143717 0.0160988 0.00902378 0.0094916 0.0105572 0.0101695 0.00989421 0.00927293 0.0110731 0.00910403 0.00876114 
0.00925521 0.00368411 0.00355844 0.00355935 0.00356365 0.00356674 0 0.965794 0.00570265 0.00436409 0.00423524 0.00550979 0.0059225 0.00863157 0.0122787 0.0146926 0.00854182 0.00888103 0.00908521 0.00939537 0.00915177 0.0102459 0.0133726 0.00988473 0.00910093 0.00875106 0.00880374 0.00842209 0.0102659 0.0102614 
0.00670298 0.00505841 0.00497924 0.00446564 0.00439014 0.0194665 0.965794 0 0.00363392 0.00357124 0.00356914 0.00365003 0.00399541 0.00435096 0.0147078 0.0137331 0.00907965 0.00882462 0.0093864 0.00939791 0.0102736 0.015963 0.0100275 0.00882323 0.00871485 0.00923492 0.0086214 0.00888955 0.0133473 0.0108089 
0.00658774 0.00633424 0.0055496 0.00717007 0.0212724 0.986078 0.00570265 0.00363392 0 0.00354157 0.00357073 0.00360967 0.00365056 0.00393572 0.00793256 0.0101351 0.0131881 0.0106919 0.0102028 0.0111486 0.0128065 0.00931308 0.00851233 0.00952915 0.00975434 0.00884884 0.0105884 0.00917871 0.0090938 0.00855911 
0.0114308 0.005753 0.00673074 0.0197498 0.961055 0.00706732 0.00436409 0.00357124 0.00354157 0 0.00352973 0.00354953 0.00358922 0.0035977 0.00662252 0.0102509 0.0101945 0.0122611 0.0151466 0.0202582 0.0101483 0.00869037 0.00851711 0.00914726 0.0113345 0.0118891 0.0113748 0.00927579 0.0085751 0.00829649 
0.00710511 0.0065305 0.0208372 0.946868 0.0116208 0.00641221 0.00423524 0.00356914 0.00357073 0.00352973 0 0.00352985 0.00357456 0.00353785 0.00604872 0.0091452 0.0126983 0.0109347 0.0251376 0.0131696 0.00954009 0.0085664 0.00891763 0.008763 0.0106382 0.0184284 0.00900721 0.0098223 0.00832679 0.00814096 
0.00869309 0.014705 0.885743 0.019663 0.00710001 0.006401 0.00550979 0.00365003 0.00360967 0.00354953 0.00352985 0 0.00352311 0.00353923 0.00694075 0.0107816 0.00898659 0.0346621 0.0122793 0.015711 0.00983137 0.00931336 0.00843496 0.0108199 0.0206557 0.00904408 0.0261148 0.00854247 0.00968494 0.00833563 
0.0266898 0.87792 0.0165485 0.00789765 0.00756248 0.00946468 0.0059225 0.00399541 0.00365056 0.00358922 0.00357456 0.00352311 0 0.00352895 0.00745434 0.00921281 0.0244181 0.00985831 0.0185586 0.0138084 0.0168229 0.0087805 0.0100825 0.00996729 0.00923436 0.0173431 0.00863891 0.0170221 0.00859699 0.00887497 
0.921909 0.00990749 0.00737762 0.00788461 0.00788597 0.00878329 0.00863157 0.00435096 0.00393572 0.0035977 0.00353785 0.00353923 0.00352895 0 0.0385327 0.0210694 0.00918353 0.0117694 0.0111666 0.0133163 0.0131717 0.0147019 0.0138153 0.00980912 0.0097751 0.00864712 0.00954138 0.0086626 0.014429 0.0101883 
0.0131572 0.00884478 0.00831922 0.00840997 0.00847608 0.0102709 0.0122787 0.0147078 0.00793256 0.00662252 0.00604872 0.00694075 0.00745434 0.0385327 0 0.0224835 0.00875326 0.0097351 0.00984222 0.0103897 0.0148198 0.0303203 0.0121575 0.010313 0.00898644 0.00864122 0.00919084 0.00941633 0.0128234 0.0686684 
0.0099762 0.00879064 0.0086661 0.00942192 0.00898853 0.0101258 0.0146926 0.0137331 0.0101351 0.0102509 0.0091452 0.0107816 0.00921281 0.0210694 0.0224835 0 0.00415324 0.00358808 0.00362428 0.00371919 0.00426771 0.00573877 0.0066996 0.00716156 0.00737892 0.00747708 0.0117112 0.00992539 0.930541 0.0129889 
0.00838995 0.00869887 0.00905276 0.00905729 0.0116599 0.0108876 0.00854182 0.00907965 0.0131881 0.0101945 0.0126983 0.00898659 0.0244181 0.00918353 0.00875326 0.00415324 0 0.00352969 0.00354259 0.00355722 0.00359543 0.00358512 0.00540404 0.00629514 0.00621443 0.00779717 0.00790511 0.959437 0.00929943 0.00904818 
0.00844626 0.00886638 0.00991744 0.01363 0.0167716 0.0109457 0.00888103 0.00882462 0.0106919 0.0122611 0.0109347 0.0346621 0.00985831 0.0117694 0.0097351 0.00358808 0.00352969 0 0.00352937 0.00354113 0.00356173 0.0035789 0.00549959 0.00625836 0.00795384 0.00868385 0.960727 0.00984699 0.00816441 0.00851636 
0.00870633 0.00922703 0.0129795 0.0235134 0.0211624 0.0115568 0.00908521 0.0093864 0.0102028 0.0151466 0.0251376 0.0122793 0.0185586 0.0111666 0.00984222 0.00362428 0.00354259 0.00352937 0 0.00352981 0.00359187 0.00356515 0.00480021 0.00744327 0.00876064 0.965443 0.0131103 0.00906853 0.00751612 0.00898763 
0.0085654 0.00962137 0.0137958 0.0162173 0.0219907 0.0143717 0.00939537 0.00939791 0.0111486 0.0202582 0.0131696 0.015711 0.0138084 0.0133163 0.0103897 0.00371919 0.00355722 0.00354113 0.00352981 0 0.00352778 0.00355352 0.00531999 0.0147142 0.980241 0.0139702 0.0128001 0.00773612 0.00898351 0.00858699 
0.00944303 0.0103178 0.0094029 0.0104702 0.0119435 0.0160988 0.00915177 0.0102736 0.0128065 0.0101483 0.00954009 0.00983137 0.0168229 0.0131717 0.0148198 0.00426771 0.00359543 0.00356173 0.00359187 0.00352778 0 0.00359259 0.0104261 0.996384 0.00882494 0.0088519 0.0071658 0.00949993 0.0077584 0.0104587 
0.013556 0.00865063 0.0085452 0.00907874 0.00898541 0.00902378 0.0102459 0.015963 0.00931308 0.00869037 0.0085664 0.00931336 0.0087805 0.0147019 0.0303203 0.00573877 0.00358512 0.0035789 0.00356515 0.00355352 0.00359259 0 0.998627 0.00683578 0.00667707 0.00465208 0.00553182 0.00598583 0.00917446 0.0125625 
0.00886614 0.00825369 0.00849122 0.00861494 0.00887814 0.0094916 0.0133726 0.0100275 0.00851233 0.00851711 0.00891763 0.00843496 0.0100825 0.0138153 0.0121575 0.0066996 0.00540404 0.00549959 0.00480021 0.00531999 0.0104261 0.998627 0 0.0036543 0.00355279 0.00360651 0.00354751 0.00414685 0.00444382 0.012539 
0.00896679 0.00870864 0.00868018 0.00938255 0.0102599 0.0105572 0.00988473 0.00882323 0.00952915 0.00914726 0.008763 0.0108199 0.00996729 0.00980912 0.010313 0.00716156 0.00629514 0.00625836 0.00744327 0.0147142 0.996384 0.00683578 0.0036543 0 0.00356039 0.00355172 0.00356152 0.0039443 0.00410267 0.00815798 
0.00834374 0.00885028 0.00986884 0.0131478 0.0170824 0.0101695 0.00910093 0.00871485 0.00975434 0.0113345 0.0106382 0.0206557 0.00923436 0.0097751 0.00898644 0.00737892 0.00621443 0.00795384 0.00876064 0.980241 0.00882494 0.00667707 0.00355279 0.00356039 0 0.00354211 0.00354022 0.00356509 0.00358361 0.00707459 
0.00861848 0.00852176 0.0126855 0.0136639 0.0162773 0.00989421 0.00875106 0.00923492 0.00884884 0.0118891 0.0184284 0.00904408 0.0173431 0.00864712 0.00864122 0.00747708 0.00779717 0.00868385 0.965443 0.0139702 0.0088519 0.00465208 0.00360651 0.00355172 0.00354211 0 0.00353591 0.00361387 0.0035313 0.00631034 
0.00833197 0.0087604 0.00937114 0.0129194 0.0112784 0.00927293 0.00880374 0.0086214 0.0105884 0.0113748 0.00900721 0.0261148 0.00863891 0.00954138 0.00919084 0.0117112 0.00790511 0.960727 0.0131103 0.0128001 0.0071658 0.00553182 0.00354751 0.00356152 0.00354022 0.00353591 0 0.00351945 0.00354519 0.00631355 
0.00841332 0.00887177 0.00912145 0.00888626 0.00962309 0.0110731 0.00842209 0.00888955 0.00917871 0.00927579 0.0098223 0.00854247 0.0170221 0.0086626 0.00941633 0.00992539 0.959437 0.00984699 0.00906853 0.00773612 0.00949993 0.00598583 0.00414685 0.0039443 0.00356509 0.00361387 0.00351945 0 0.00352397 0.00877341 
0.0110336 0.00852749 0.00828136 0.00889413 0.00888816 0.00910403 0.0102659 0.0133473 0.0090938 0.0085751 0.00832679 0.00968494 0.00859699 0.014429 0.0128234 0.930541 0.00929943 0.00816441 0.00751612 0.00898351 0.0077584 0.00917446 0.00444382 0.00410267 0.00358361 0.0035313 0.00354519 0.00352397 0 0.0505035 
0.0102267 0.00825406 0.00816281 0.00824416 0.00835217 0.00876114 0.0102614 0.0108089 0.00855911 0.00829649 0.00814096 0.00833563 0.00887497 0.0101883 0.0686684 0.0129889 0.00904818 0.00851636 0.00898763 0.00858699 0.0104587 0.0125625 0.012539 0.00815798 0.00707459 0.00631034 0.00631355 0.00877341 0.0505035 0 
