1BV1A
GVFNYETETTSVIPAARLFKAFILDGDNLFPKVAPQAISSVENIEGNGGPGTIKKISFPEGLPFKYVKDRVDEVDHTNFKYNYSVIEGGPIGDTLEKISNEIKIVATPDGGSILKISNKYHTKGDHEVKAEQVKASKEMGETLLRAVESYLLAHSDAYN
CEEEEEEEEEECCCHHHHHHHHCCCHHHHHHHHCCCCCCEEEEEECCCCCCCEEEEECCCCCCCCEEEEEEEEEECCCCEEEEEEEEECCCECCEEEEEEEEEEEECCCCCEEEEEEEEEEECCCCCCCHHHHHHHHHHHHHHHHHHHHHHHHCCCCCC
0 0 0 0 0 0 0 0 0 0 0 0 0 0 0 0 0 0 0 0 0 0 0 0 0 0 0 0 0 0 0 0 0 0 0 0 0 0 0 0 0 0 0 0 0 0 0 0 0 0 0 0 0 0 0 0 0 0 0 0 0 0 0 0 0 0 0 0 0 0 0 0 0 0 0 0 0 0 0 0 0 0 0 0 0 0 0 0 0 0 0 0 0 0 0 0 0 0 0 0 0 0 0 0 0 0 0 0 0 0 0 0 0 0 0 0 0 0 0 0 0 0 0 0 0 0 0 0 0 0 0 0 0 0 0 0 0 0 0 0 0 0 0 0 0 0 0 0 0 0 0 0 0 0 0 0 0 0 0 
0 0 0 0 0 0 0 0 0 0 0 0 0 0 0 0 0 0 0 0 0 0 0 0 0 0 0 0 0 0 0 0 0 0 0 0 0 0 0 0 0 0 0 0 0 0 0 0 0 0 0 0 0 0 0 0 0 0 0 0 0 0 0 0 0 0 0 0 0 0 0 0 0 0 0 0 0 0 0 0 0 0 0 0 0 0 0 0 0 0 0 0 0 0 0 0 0 0 0 0 0 0 0 0 0 0 0 0 0 0 0 0 0 0 0 0 0 0 0 0 0 0 0 0 0 0 0 0 0 0 0 0 0 0 0 0 0 0 0 0 0 0 0 0 0 0 0 0 0 0 0 0 0 0 0 0 0 0 0 
0 0.0072572 0.00425151 0.00469174 0.00413335 0.00597848 0.00570854 0.00638783 0.00861886 0.0264656 0.0311746 0.0125327 0.0113059 0.00971051 0.00954437 0.0153731 0.0167899 0.0125969 0.0134085 0.0118694 0.0187895 0.0128652 0.00993187 0.0106682 0.012136 0.00962015 0.00922116 0.00906163 0.00903164 0.00911584 0.0126894 0.00926379 0.00920124 0.00898737 0.00906915 0.00964228 0.0089964 0.00878567 0.00883369 0.0106076 0.0106005 0.00971301 0.00868422 0.00871084 0.00873242 0.00853341 0.0089488 0.00852634 0.00866411 0.00908904 0.00925061 0.00871065 0.0105411 0.00860589 0.00851475 0.00873692 0.00850786 0.00897329 0.00839449 0.00841632 0.00823728 0.00817127 0.00936405 0.00930666 
0.0072572 0 0.00374298 0.00372854 0.00369255 0.00496958 0.00413064 0.00447562 0.00782782 0.00457774 0.00994511 0.0151123 0.00898029 0.00896581 0.0098854 0.00886728 0.00929931 0.010011 0.00976065 0.0134419 0.00870529 0.00919638 0.00941319 0.00874353 0.00888279 0.00876907 0.00903176 0.00830036 0.00869301 0.00927783 0.0083668 0.00821534 0.00885035 0.00843344 0.00876915 0.0084109 0.00885998 0.00825437 0.0085465 0.00826189 0.00823364 0.00863585 0.00822138 0.00837799 0.00846017 0.00836263 0.00828721 0.00822192 0.00871599 0.0085684 0.00872619 0.00837884 0.00857115 0.00812914 0.00826885 0.00831174 0.00839857 0.00832148 0.00820546 0.00820593 0.00807908 0.00829346 0.00831828 0.008176 
0.00425151 0.00374298 0 0.00396115 0.00364768 0.00370328 0.00405747 0.00435862 0.00382869 0.00410164 0.0109968 0.00857346 0.01414 0.00914667 0.0084106 0.00909632 0.0086419 0.0095321 0.0151581 0.00877724 0.00930124 0.00858819 0.00862359 0.00965646 0.00840822 0.0111622 0.00841603 0.00912126 0.00986142 0.00834206 0.00817674 0.00821876 0.00815952 0.00912029 0.00834839 0.010666 0.00840332 0.00890352 0.00851768 0.00804123 0.00815677 0.00824342 0.0084152 0.00840217 0.00840125 0.00888235 0.00815888 0.00893041 0.00818606 0.0101248 0.00830413 0.00890575 0.00835199 0.00814003 0.00813393 0.00834326 0.0095174 0.00816427 0.00853788 0.00810627 0.00844078 0.0081819 0.00839235 0.00806856 
0.00469174 0.00372854 0.00396115 0 0.00372128 0.00377527 0.00442157 0.00395064 0.00365777 0.00434893 0.00886637 0.0147876 0.0088944 0.00932112 0.00897425 0.00857477 0.00916848 0.00939059 0.00968897 0.0107013 0.00872574 0.00865619 0.00886543 0.00883895 0.0102063 0.0087273 0.0111419 0.00844026 0.00938928 0.00855477 0.00827866 0.00806292 0.0088566 0.00837147 0.00982899 0.00852515 0.0105735 0.00889006 0.00813314 0.00834227 0.00811634 0.00901591 0.00814589 0.00846238 0.00882046 0.00830855 0.00891349 0.0083344 0.0107821 0.00835429 0.0112849 0.00820784 0.00840255 0.00804966 0.00824492 0.0092593 0.00828719 0.00887421 0.00811283 0.00882348 0.00810851 0.00839685 0.00812436 0.00824562 
0.00413335 0.00369255 0.00364768 0.00372128 0 0.00430019 0.00371224 0.00365607 0.00369229 0.00369746 0.0114121 0.0085147 0.011174 0.00870263 0.00873425 0.012064 0.00895806 0.00903341 0.0111102 0.00878229 0.00906879 0.00871363 0.0086024 0.00959355 0.00843258 0.0113117 0.00841903 0.00952929 0.00883098 0.00849929 0.00824596 0.00826764 0.00817414 0.00897034 0.00844446 0.0103134 0.00857077 0.00865282 0.00838768 0.00808484 0.00819194 0.00830996 0.00833023 0.00835951 0.00858389 0.00895785 0.00814008 0.00936981 0.00824481 0.0105568 0.00830925 0.00864342 0.00834324 0.00812738 0.00820116 0.00834602 0.00905519 0.00813398 0.00860648 0.00808074 0.00832286 0.00815567 0.0084655 0.00814244 
0.00597848 0.00496958 0.00370328 0.00377527 0.00430019 0 0.00354394 0.00353647 0.00359249 0.00367523 0.00896845 0.0133072 0.00850992 0.00965268 0.00904551 0.00834146 0.00908074 0.00908319 0.00958036 0.010285 0.00865017 0.00857224 0.00917851 0.00875206 0.0100209 0.0090479 0.010878 0.00822555 0.00926349 0.00855143 0.0081986 0.00800685 0.00881435 0.00841551 0.0107006 0.00852688 0.0159792 0.00858415 0.00809505 0.00829192 0.0081087 0.00876104 0.00806819 0.00873433 0.00866796 0.00834677 0.00928328 0.00813586 0.00993247 0.00823009 0.0102264 0.0081941 0.008339 0.00801475 0.00827255 0.00947145 0.00840134 0.00927529 0.00812749 0.00868372 0.00810244 0.00845275 0.00811113 0.00823762 
0.00570854 0.00413064 0.00405747 0.00442157 0.00371224 0.00354394 0 0.00352991 0.00364829 0.00355388 0.0141671 0.00850314 0.0224189 0.00914994 0.00848683 0.00943382 0.00900587 0.00947673 0.0132985 0.00881489 0.00983078 0.00895077 0.008891 0.0170245 0.00899473 0.0133279 0.00842058 0.0100711 0.00973694 0.00837989 0.00834606 0.0085047 0.00840803 0.0109311 0.00866272 0.0128897 0.00885869 0.00925522 0.00874975 0.00808643 0.00822653 0.00830492 0.00904233 0.00867236 0.0086914 0.0104033 0.00822355 0.0106521 0.00823469 0.0130623 0.00837788 0.00911361 0.00834419 0.00827073 0.00828355 0.00853441 0.0116584 0.00823954 0.00940325 0.00818887 0.00876295 0.00828691 0.00868426 0.0081564 
0.00638783 0.00447562 0.00435862 0.00395064 0.00365607 0.00353647 0.00352991 0 0.00352663 0.00362933 0.00961904 0.0320826 0.00913303 0.0140983 0.00981505 0.00840305 0.0106355 0.00977304 0.0125053 0.016258 0.00889708 0.00962541 0.0128672 0.013903 0.0139026 0.00873227 0.014264 0.00855457 0.00920006 0.00919543 0.00857192 0.00821619 0.012525 0.00919678 0.01415 0.00894246 0.0122001 0.00931324 0.00831779 0.00888398 0.00817447 0.0106617 0.00845905 0.0105108 0.0107293 0.00859397 0.0128072 0.00855539 0.014297 0.00846633 0.013967 0.00845491 0.00875513 0.00820266 0.00876379 0.0117071 0.00852492 0.0124821 0.00828415 0.00962161 0.00827347 0.00926463 0.00825344 0.00847547 
0.00861886 0.00782782 0.00382869 0.00365777 0.00369229 0.00359249 0.00364829 0.00352663 0 0.00361101 0.0213952 0.0091797 0.0171554 0.0102023 0.0107228 0.0105806 0.0111647 0.0123612 0.0132811 0.00947675 0.0109639 0.0104591 0.0148879 0.0105811 0.00848831 0.0113623 0.00844775 0.00896593 0.00926696 0.00871215 0.0085442 0.0102737 0.00898603 0.0104616 0.00852688 0.0113933 0.00856564 0.00861487 0.00937296 0.00812523 0.00850685 0.00878048 0.0104011 0.00871805 0.0083988 0.00992701 0.00829887 0.0102151 0.00830146 0.0102697 0.00834635 0.00879331 0.00830462 0.00903175 0.00872502 0.00836321 0.0107629 0.00822168 0.0085771 0.0081802 0.00864674 0.0082981 0.0085227 0.00813797 
0.0264656 0.00457774 0.00410164 0.00434893 0.00369746 0.00367523 0.00355388 0.00362933 0.00361101 0 0.0105862 0.0205789 0.00944267 0.0103328 0.0126633 0.0190586 0.0232449 0.010141 0.00997374 0.014226 0.0130938 0.0259319 0.0111613 0.00873424 0.0108781 0.00850878 0.0103124 0.00833905 0.00867877 0.00911834 0.00891549 0.0115334 0.0098062 0.00879296 0.00986401 0.00886507 0.00916494 0.00862694 0.00825084 0.0104154 0.00918076 0.0213029 0.00859249 0.00868039 0.00916756 0.00840039 0.0102732 0.00820385 0.0104916 0.00819156 0.0101943 0.00824612 0.0088884 0.0106963 0.00865475 0.00960076 0.00832347 0.00918774 0.0082307 0.0089313 0.00806114 0.00851937 0.00830005 0.00853166 
0.0311746 0.00994511 0.0109968 0.00886637 0.0114121 0.00896845 0.0141671 0.00961904 0.0213952 0.0105862 0 0.00398659 0.00383116 0.00352787 0.00379409 0.00751836 0.0104205 0.00934944 0.00983948 0.0106847 0.833055 0.0205597 0.0101091 0.0119263 0.00869161 0.0168875 0.00853166 0.0108819 0.0101593 0.00898766 0.0139982 0.01461 0.00983357 0.0109654 0.00872266 0.0142178 0.00931576 0.00898009 0.0120741 0.00963312 0.0140997 0.0105456 0.0133746 0.0094817 0.00887962 0.0114099 0.00847144 0.0110147 0.00843366 0.0157185 0.00876037 0.0108147 0.0132675 0.010105 0.00857564 0.00850385 0.0117392 0.008281 0.0104794 0.00830201 0.00934286 0.00822471 0.00952122 0.00983854 
0.0125327 0.0151123 0.00857346 0.0147876 0.0085147 0.0133072 0.00850314 0.0320826 0.0091797 0.0205789 0.00398659 0 0.00353786 0.00360013 0.00588645 0.00369766 0.00778076 0.00976104 0.00888038 0.872835 0.0261598 0.0123674 0.0196816 0.00866674 0.0196526 0.00824985 0.0331931 0.008374 0.00935779 0.0186235 0.00899428 0.00896832 0.0166952 0.00863721 0.0209049 0.00873683 0.017763 0.0103336 0.00854632 0.0146482 0.00886772 0.01796 0.0087689 0.0109891 0.0123606 0.00851238 0.0168467 0.00825714 0.0247126 0.00832664 0.0263299 0.00859823 0.0103555 0.00829717 0.00938206 0.0146041 0.0082792 0.0191119 0.00827142 0.0112741 0.00814168 0.0110918 0.00857217 0.00918224 
0.0113059 0.00898029 0.01414 0.0088944 0.011174 0.00850992 0.0224189 0.00913303 0.0171554 0.00944267 0.00383116 0.00353786 0 0.00381293 0.00355733 0.00371368 0.00631919 0.00745545 0.765844 0.021158 0.0151287 0.00955243 0.00872566 0.0162413 0.00850074 0.0245007 0.00825624 0.0145956 0.0143007 0.00883049 0.00858711 0.00955155 0.00885784 0.0150072 0.00901714 0.0194998 0.00940271 0.0101088 0.010685 0.00836052 0.00872071 0.00868788 0.0125199 0.0102028 0.00980727 0.0180721 0.00852775 0.0177841 0.00849002 0.0295498 0.00909529 0.0110872 0.00868361 0.00884622 0.00916363 0.00948296 0.0259088 0.00873195 0.0125726 0.00857759 0.0116895 0.00950112 0.00899159 0.00833484 
0.00971051 0.00896581 0.00914667 0.00932112 0.00870263 0.00965268 0.00914994 0.0140983 0.0102023 0.0103328 0.00352787 0.00360013 0.00381293 0 0.00355013 0.00357195 0.00637962 0.522191 0.107329 0.0146583 0.00720671 0.00867284 0.00972633 0.00920433 0.0109917 0.00942759 0.0103647 0.00895686 0.011359 0.00869259 0.00866099 0.00860363 0.00931714 0.010014 0.0099845 0.011111 0.0114387 0.0104792 0.009174 0.00852143 0.00847088 0.00989497 0.00906115 0.0103945 0.0118602 0.0101606 0.0105155 0.00912695 0.0101176 0.0104911 0.0119934 0.00882057 0.008628 0.00870358 0.00887362 0.0125862 0.0102492 0.0105024 0.00895467 0.00930272 0.00894137 0.00893028 0.00854027 0.00832567 
0.00954437 0.0098854 0.0084106 0.00897425 0.00873425 0.00904551 0.00848683 0.00981505 0.0107228 0.0126633 0.00379409 0.00588645 0.00355733 0.00355013 0 0.00364817 0.185206 0.0676858 0.0317718 0.00951771 0.00623427 0.00929126 0.0103349 0.00842061 0.00866363 0.00830457 0.0132765 0.00841371 0.00864268 0.0168993 0.00826878 0.00865368 0.0100868 0.008694 0.00916907 0.00883565 0.00929587 0.00882503 0.00859657 0.00892376 0.00845048 0.0110395 0.00889295 0.00878822 0.00891347 0.00850722 0.00891459 0.00837992 0.0100451 0.00850669 0.0099917 0.00867876 0.00854394 0.00856198 0.0088214 0.00902757 0.00838052 0.00886417 0.00824059 0.00867464 0.00812555 0.00862228 0.00850322 0.00822222 
0.0153731 0.00886728 0.00909632 0.00857477 0.012064 0.00834146 0.00943382 0.00840305 0.0105806 0.0190586 0.00751836 0.00369766 0.00371368 0.00357195 0.00364817 0 0.643543 0.0160752 0.00907323 0.00632594 0.00976298 0.0145083 0.0084509 0.00838995 0.00811755 0.00955989 0.00844879 0.00860147 0.00884465 0.00817506 0.0116839 0.0147411 0.00854024 0.00953233 0.00842967 0.00933733 0.0084871 0.00835971 0.0101328 0.00850894 0.0127524 0.0137382 0.0092004 0.00850641 0.00841746 0.00916671 0.00837338 0.00940079 0.00822779 0.010858 0.00835919 0.00899123 0.00927097 0.0129786 0.00899961 0.00840906 0.0106422 0.00818642 0.00879989 0.00816847 0.00840923 0.00817303 0.00856187 0.00834336 
0.0167899 0.00929931 0.0086419 0.00916848 0.00895806 0.00908074 0.00900587 0.0106355 0.0111647 0.0232449 0.0104205 0.00778076 0.00631919 0.00637962 0.185206 0.643543 0 0.00378952 0.00358361 0.00363127 0.00402322 0.0138406 0.00932578 0.00862271 0.0175644 0.342039 0.0180076 0.00824873 0.00871272 0.012955 0.023363 0.0129603 0.0124127 0.00931739 0.0119022 0.0100116 0.0113605 0.00941395 0.00978575 0.0317969 0.0150321 0.024955 0.0103664 0.0108604 0.0112589 0.00957566 0.0118797 0.0090279 0.0138347 0.0095333 0.0143689 0.0098934 0.0242111 0.0114445 0.0100947 0.0107175 0.00922005 0.0132695 0.00899961 0.00946546 0.008603 0.00983301 0.0103189 0.0193261 
0.0125969 0.010011 0.0095321 0.00939059 0.00903341 0.00908319 0.00947673 0.00977304 0.0123612 0.010141 0.00934944 0.00976104 0.00745545 0.522191 0.0676858 0.0160752 0.00378952 0 0.0036185 0.00360254 0.00359777 0.00947234 0.013651 0.0111856 0.536416 0.0200324 0.00888166 0.00914334 0.0134434 0.0132513 0.00937774 0.0111981 0.0135548 0.012999 0.0135696 0.0158986 0.0135664 0.0109803 0.0167026 0.00972001 0.0101638 0.0110533 0.0146794 0.0169387 0.0157266 0.0176875 0.0119165 0.012653 0.0109066 0.0154976 0.0128345 0.0137686 0.0106002 0.0107845 0.0132504 0.0146563 0.0203453 0.0128826 0.012916 0.011953 0.0113705 0.0110653 0.0160146 0.00993178 
0.0134085 0.00976065 0.0151581 0.00968897 0.0111102 0.00958036 0.0132985 0.0125053 0.0132811 0.00997374 0.00983948 0.00888038 0.765844 0.107329 0.0317718 0.00907323 0.00358361 0.0036185 0 0.00352767 0.00355376 0.0139008 0.0123773 0.803584 0.0143154 0.028615 0.0100905 0.0137584 0.0208623 0.01056 0.00974739 0.0102563 0.012413 0.0313249 0.0131974 0.0348159 0.0163397 0.0230394 0.0168655 0.00914639 0.00923691 0.0103324 0.0172611 0.0303525 0.0231886 0.0399898 0.0140636 0.0266649 0.0111254 0.0339963 0.0164451 0.0177268 0.0100021 0.0120138 0.0156807 0.0260456 0.0420786 0.0140431 0.0285368 0.01354 0.0212652 0.0168801 0.0129397 0.00902043 
0.0118694 0.0134419 0.00877724 0.0107013 0.00878229 0.010285 0.00881489 0.016258 0.00947675 0.014226 0.0106847 0.872835 0.021158 0.0146583 0.00951771 0.00632594 0.00363127 0.00360254 0.00352767 0 0.00354866 0.0158013 0.805658 0.0110988 0.0186089 0.00718313 0.0193091 0.00758743 0.0114496 0.0223428 0.00872523 0.00963292 0.0369699 0.0106842 0.0313377 0.0110134 0.0241067 0.0177286 0.0108512 0.0144689 0.00906663 0.0236009 0.0121031 0.0168286 0.0271036 0.0103268 0.03278 0.00889494 0.03384 0.00940684 0.0376082 0.0115176 0.0111364 0.0108673 0.0260638 0.0262102 0.0104704 0.042346 0.00936736 0.0195567 0.0103322 0.017779 0.0118218 0.00994968 
0.0187895 0.00870529 0.00930124 0.00872574 0.00906879 0.00865017 0.00983078 0.00889708 0.0109639 0.0130938 0.833055 0.0261598 0.0151287 0.00720671 0.00623427 0.00976298 0.00402322 0.00359777 0.00355376 0.00354866 0 0.788058 0.00969744 0.00956362 0.00649974 0.0107886 0.00659191 0.0081925 0.00852484 0.0083063 0.0195344 0.0259226 0.00964655 0.0160051 0.00986208 0.016738 0.00962097 0.00942549 0.0149247 0.0133505 0.0194021 0.0163739 0.0125861 0.0113446 0.00975084 0.0181384 0.00926788 0.0148183 0.0089136 0.0184978 0.0093243 0.0135575 0.0138984 0.0277922 0.0112566 0.0101331 0.019454 0.00921305 0.0130003 0.00969086 0.0114628 0.00921445 0.0122956 0.00985618 
0.0128652 0.00919638 0.00858819 0.00865619 0.00871363 0.00857224 0.00895077 0.00962541 0.0104591 0.0259319 0.0205597 0.0123674 0.00955243 0.00867284 0.00929126 0.0145083 0.0138406 0.00947234 0.0139008 0.0158013 0.788058 0 0.00376995 0.00357632 0.0035861 0.00361954 0.00389683 0.00369723 0.00385919 0.00516525 0.0113186 0.0100466 0.00817076 0.00797736 0.00914827 0.00987003 0.00929805 0.0085997 0.0111572 0.167036 0.0294659 0.0222285 0.0126103 0.0102358 0.0110221 0.0102311 0.0102083 0.00968553 0.0116975 0.011405 0.0131844 0.0108667 0.0233147 0.014583 0.0113592 0.0111099 0.0105994 0.0125283 0.00987933 0.00936776 0.00965722 0.0112216 0.0116309 0.017225 
0.00993187 0.00941319 0.00862359 0.00886543 0.0086024 0.00917851 0.008891 0.0128672 0.0148879 0.0111613 0.0101091 0.0196816 0.00872566 0.00972633 0.0103349 0.0084509 0.00932578 0.013651 0.0123773 0.805658 0.00969744 0.00376995 0 0.00359789 0.00353237 0.0035438 0.00353821 0.00365381 0.00389004 0.00785848 0.00468234 0.00818725 0.0106268 0.00723861 0.0134397 0.00810527 0.0129778 0.0165999 0.117935 0.414729 0.00904963 0.0127939 0.0104603 0.0124055 0.013793 0.0100749 0.0145658 0.00902972 0.0145234 0.00966434 0.0178474 0.0126805 0.0117426 0.0101605 0.0134977 0.0169907 0.0113438 0.0217381 0.0107871 0.0142231 0.00980462 0.0165959 0.0200684 0.00997701 
0.0106682 0.00874353 0.00965646 0.00883895 0.00959355 0.00875206 0.0170245 0.013903 0.0105811 0.00873424 0.0119263 0.00866674 0.0162413 0.00920433 0.00842061 0.00838995 0.00862271 0.0111856 0.803584 0.0110988 0.00956362 0.00357632 0.00359789 0 0.0035095 0.00357916 0.00353307 0.0036584 0.00667616 0.0038423 0.00407528 0.00715665 0.00702578 0.0127107 0.00806496 0.01082 0.0127127 0.158381 0.430314 0.00983978 0.00835939 0.00939422 0.0126355 0.0135534 0.0121475 0.0261157 0.00963477 0.0180182 0.00927797 0.0294719 0.0103808 0.0154812 0.00947067 0.0110755 0.0127704 0.0135147 0.0344554 0.0112689 0.025241 0.0109591 0.0221805 0.0126491 0.0128149 0.0089242 
0.012136 0.00888279 0.00840822 0.0102063 0.00843258 0.0100209 0.00899473 0.0139026 0.00848831 0.0108781 0.00869161 0.0196526 0.00850074 0.0109917 0.00866363 0.00811755 0.0175644 0.536416 0.0143154 0.0186089 0.00649974 0.0035861 0.00353237 0.0035095 0 0.00352429 0.00359028 0.00400297 0.00357568 0.00364859 0.0036388 0.0058587 0.0092037 0.00650022 0.0131509 0.0120189 0.547654 0.154267 0.00976317 0.0116599 0.00793957 0.0135367 0.00935534 0.0140059 0.0177058 0.00908252 0.0283433 0.00854622 0.025752 0.00900827 0.0367471 0.00883062 0.0112044 0.00919733 0.0125543 0.0287541 0.0105064 0.0430053 0.00910167 0.0269836 0.00984621 0.0218823 0.00898912 0.00949109 
0.00962015 0.00876907 0.0111622 0.0087273 0.0113117 0.0090479 0.0133279 0.00873227 0.0113623 0.00850878 0.0168875 0.00824985 0.0245007 0.00942759 0.00830457 0.00955989 0.342039 0.0200324 0.028615 0.00718313 0.0107886 0.00361954 0.0035438 0.00357916 0.00352429 0 0.00346963 0.00353693 0.00357329 0.00355321 0.00370101 0.00690612 0.00656779 0.0177397 0.0079186 0.623809 0.0810221 0.011073 0.0149693 0.00747846 0.00823868 0.00860774 0.0158439 0.0110438 0.00927787 0.0293369 0.00852125 0.0347384 0.00846782 0.041467 0.0091341 0.0173832 0.0087914 0.0121005 0.0112076 0.00980863 0.0619419 0.00913339 0.0421977 0.00904945 0.0288159 0.00936925 0.0148301 0.0085237 
0.00922116 0.00903176 0.00841603 0.0111419 0.00841903 0.010878 0.00842058 0.014264 0.00844775 0.0103124 0.00853166 0.0331931 0.00825624 0.0103647 0.0132765 0.00844879 0.0180076 0.00888166 0.0100905 0.0193091 0.00659191 0.00389683 0.00353821 0.00353307 0.00359028 0.00346963 0 0.00355189 0.00352606 0.00366781 0.00354835 0.00524305 0.0116643 0.00837788 0.618355 0.0495526 0.0259607 0.0106266 0.00704041 0.0101956 0.00771746 0.0171364 0.00818858 0.0107688 0.0175453 0.00846692 0.0244942 0.00820024 0.0361824 0.00845655 0.0414162 0.00862987 0.0104417 0.00885438 0.0106439 0.0352565 0.00881405 0.0604964 0.0089295 0.0268636 0.00853302 0.0188298 0.00871433 0.00926398 
0.00906163 0.00830036 0.00912126 0.00844026 0.00952929 0.00822555 0.0100711 0.00855457 0.00896593 0.00833905 0.0108819 0.008374 0.0145956 0.00895686 0.00841371 0.00860147 0.00824873 0.00914334 0.0137584 0.00758743 0.0081925 0.00369723 0.00365381 0.0036584 0.00400297 0.00353693 0.00355189 0 0.00356239 0.00354612 0.00354679 0.00473024 0.00620804 0.114313 0.104081 0.0171748 0.00697409 0.00707924 0.00885756 0.00699232 0.00772538 0.00802956 0.00992117 0.0094996 0.00877223 0.0165085 0.00846849 0.0126214 0.0083249 0.0171103 0.00923767 0.0111196 0.00878418 0.00917688 0.0103714 0.010521 0.0244349 0.00954083 0.0167446 0.00924402 0.0128766 0.00928714 0.0107832 0.00862651 
0.00903164 0.00869301 0.00986142 0.00938928 0.00883098 0.00926349 0.00973694 0.00920006 0.00926696 0.00867877 0.0101593 0.00935779 0.0143007 0.011359 0.00864268 0.00884465 0.00871272 0.0134434 0.0208623 0.0114496 0.00852484 0.00385919 0.00389004 0.00667616 0.00357568 0.00357329 0.00352606 0.00356239 0 0.00351915 0.00354089 0.00501298 0.058918 0.826272 0.00886352 0.00944283 0.0108843 0.0105516 0.0114909 0.00666183 0.0075057 0.00833407 0.0101718 0.0128146 0.0111597 0.0124753 0.00986707 0.0113772 0.00896692 0.0158206 0.0104952 0.0120235 0.00927002 0.00985511 0.0104765 0.0146899 0.0266882 0.0122927 0.0169454 0.010413 0.0130806 0.0104591 0.010131 0.008688 
0.00911584 0.00927783 0.00834206 0.00855477 0.00849929 0.00855143 0.00837989 0.00919543 0.00871215 0.00911834 0.00898766 0.0186235 0.00883049 0.00869259 0.0168993 0.00817506 0.012955 0.0132513 0.01056 0.0223428 0.0083063 0.00516525 0.00785848 0.0038423 0.00364859 0.00355321 0.00366781 0.00354612 0.00351915 0 0.00353174 0.0136856 0.927071 0.00684955 0.00804831 0.00679412 0.00719162 0.00713875 0.00666388 0.00690624 0.00731615 0.0138448 0.0106622 0.0108561 0.0113694 0.00857399 0.011033 0.00828518 0.0126837 0.00853783 0.0157474 0.0117207 0.0108121 0.00942201 0.0121692 0.0130081 0.00924667 0.0114618 0.00886703 0.0105865 0.00862409 0.010351 0.0102731 0.00908848 
0.0126894 0.0083668 0.00817674 0.00827866 0.00824596 0.0081986 0.00834606 0.00857192 0.0085442 0.00891549 0.0139982 0.00899428 0.00858711 0.00866099 0.00826878 0.0116839 0.023363 0.00937774 0.00974739 0.00872523 0.0195344 0.0113186 0.00468234 0.00407528 0.0036388 0.00370101 0.00354835 0.00354679 0.00354089 0.00353174 0 0.970457 0.00489597 0.0102362 0.00424577 0.00567845 0.00562791 0.00616713 0.00627379 0.00860567 0.0104652 0.0179418 0.00911326 0.00874141 0.00827973 0.0088053 0.00859758 0.00906306 0.00873514 0.0093603 0.00984543 0.00917062 0.0120897 0.0158525 0.0102039 0.00915691 0.00948055 0.00889885 0.00893916 0.0087735 0.00876645 0.00889189 0.00922374 0.00948613 
0.00926379 0.00821534 0.00821876 0.00806292 0.00826764 0.00800685 0.0085047 0.00821619 0.0102737 0.0115334 0.01461 0.00896832 0.00955155 0.00860363 0.00865368 0.0147411 0.0129603 0.0111981 0.0102563 0.00963292 0.0259226 0.0100466 0.00818725 0.00715665 0.0058587 0.00690612 0.00524305 0.00473024 0.00501298 0.0136856 0.970457 0 0.00367213 0.00355948 0.00356895 0.00369676 0.00364895 0.00369602 0.0045247 0.00714242 0.0098321 0.00709841 0.0088751 0.00761388 0.00782437 0.00905496 0.007902 0.00997907 0.00896115 0.473124 0.0111085 0.0112721 0.0173439 0.0140693 0.0100445 0.0092297 0.0117366 0.00906884 0.0105368 0.0085897 0.00939664 0.00928158 0.0116868 0.0181969 
0.00920124 0.00885035 0.00815952 0.0088566 0.00817414 0.00881435 0.00840803 0.012525 0.00898603 0.0098062 0.00983357 0.0166952 0.00885784 0.00931714 0.0100868 0.00854024 0.0124127 0.0135548 0.012413 0.0369699 0.00964655 0.00817076 0.0106268 0.00702578 0.0092037 0.00656779 0.0116643 0.00620804 0.058918 0.927071 0.00489597 0.00367213 0 0.00354383 0.00354479 0.00357703 0.0040012 0.00378372 0.00417638 0.00435062 0.00601513 0.0112948 0.00748947 0.0100362 0.0105753 0.00878108 0.0115794 0.0103075 0.642763 0.0100679 0.0197996 0.0106589 0.015464 0.00970887 0.0127419 0.0158596 0.00943098 0.0187492 0.00912749 0.0139704 0.010826 0.0180645 0.0150079 0.0105335 
0.00898737 0.00843344 0.00912029 0.00837147 0.00897034 0.00841551 0.0109311 0.00919678 0.0104616 0.00879296 0.0109654 0.00863721 0.0150072 0.010014 0.008694 0.00953233 0.00931739 0.012999 0.0313249 0.0106842 0.0160051 0.00797736 0.00723861 0.0127107 0.00650022 0.0177397 0.00837788 0.114313 0.826272 0.00684955 0.0102362 0.00355948 0.00354383 0 0.00352852 0.00354937 0.00353121 0.00365076 0.00376766 0.00364236 0.00551823 0.00624483 0.00774539 0.0104678 0.00918467 0.0137263 0.00807822 0.724262 0.0092581 0.0232538 0.00955906 0.018595 0.0098418 0.0111887 0.0120465 0.0108335 0.0311146 0.00951291 0.0212099 0.0109254 0.0201261 0.0110747 0.0148352 0.00904636 
0.00906915 0.00876915 0.00834839 0.00982899 0.00844446 0.0107006 0.00866272 0.01415 0.00852688 0.00986401 0.00872266 0.0209049 0.00901714 0.0099845 0.00916907 0.00842967 0.0119022 0.0135696 0.0131974 0.0313377 0.00986208 0.00914827 0.0134397 0.00806496 0.0131509 0.0079186 0.618355 0.104081 0.00886352 0.00804831 0.00424577 0.00356895 0.00354479 0.00352852 0 0.00353016 0.00360804 0.00356814 0.00358474 0.00400027 0.00454274 0.010232 0.00693107 0.00999586 0.0182078 0.00850698 0.733155 0.0102189 0.0271014 0.00897413 0.0292287 0.00877108 0.0134254 0.0101517 0.0124748 0.0258267 0.00952829 0.0453765 0.00924445 0.0275088 0.00958571 0.0289907 0.00955107 0.0103802 
0.00964228 0.0084109 0.010666 0.00852515 0.0103134 0.00852688 0.0128897 0.00894246 0.0113933 0.00886507 0.0142178 0.00873683 0.0194998 0.011111 0.00883565 0.00933733 0.0100116 0.0158986 0.0348159 0.0110134 0.016738 0.00987003 0.00810527 0.01082 0.0120189 0.623809 0.0495526 0.0171748 0.00944283 0.00679412 0.00567845 0.00369676 0.00357703 0.00354937 0.00353016 0 0.00355024 0.00354438 0.00360912 0.00350729 0.00510774 0.00637866 0.0105728 0.0122994 0.00878625 0.730189 0.00962615 0.0265592 0.00789236 0.0321948 0.00869731 0.015002 0.0102852 0.0121908 0.0130966 0.0107516 0.0547847 0.00949003 0.0290928 0.0100678 0.028598 0.0103528 0.0141415 0.00914298 
0.0089964 0.00885998 0.00840332 0.0105735 0.00857077 0.0159792 0.00885869 0.0122001 0.00856564 0.00916494 0.00931576 0.017763 0.00940271 0.0114387 0.00929587 0.0084871 0.0113605 0.0135664 0.0163397 0.0241067 0.00962097 0.00929805 0.0129778 0.0127127 0.547654 0.0810221 0.0259607 0.00697409 0.0108843 0.00719162 0.00562791 0.00364895 0.0040012 0.00353121 0.00360804 0.00355024 0 0.00359192 0.00356268 0.00401451 0.0041318 0.00858589 0.00758613 0.0146826 0.601186 0.0132192 0.02495 0.00798586 0.0165851 0.00862329 0.0215086 0.00934365 0.00991119 0.0101229 0.0110561 0.0237989 0.0105199 0.0285017 0.0100823 0.019803 0.0099304 0.0159174 0.010472 0.00939816 
0.00878567 0.00825437 0.00890352 0.00889006 0.00865282 0.00858415 0.00925522 0.00931324 0.00861487 0.00862694 0.00898009 0.0103336 0.0101088 0.0104792 0.00882503 0.00835971 0.00941395 0.0109803 0.0230394 0.0177286 0.00942549 0.0085997 0.0165999 0.158381 0.154267 0.011073 0.0106266 0.00707924 0.0105516 0.00713875 0.00616713 0.00369602 0.00378372 0.00365076 0.00356814 0.00354438 0.00359192 0 0.00354982 0.00356074 0.00402891 0.00778162 0.0102501 0.150097 0.0238743 0.0106703 0.00918327 0.00982482 0.00981416 0.00900329 0.0131308 0.00901382 0.00923442 0.00905219 0.0113836 0.0142384 0.0131481 0.0209364 0.0115654 0.0116347 0.0100625 0.013967 0.00983585 0.00898847 
0.00883369 0.0085465 0.00851768 0.00813314 0.00838768 0.00809505 0.00874975 0.00831779 0.00937296 0.00825084 0.0120741 0.00854632 0.010685 0.009174 0.00859657 0.0101328 0.00978575 0.0167026 0.0168655 0.0108512 0.0149247 0.0111572 0.117935 0.430314 0.00976317 0.0149693 0.00704041 0.00885756 0.0114909 0.00666388 0.00627379 0.0045247 0.00417638 0.00376766 0.00358474 0.00360912 0.00356268 0.00354982 0 0.00355093 0.00483267 0.0066882 0.0837019 0.0197978 0.0108594 0.0105457 0.00714471 0.0109787 0.0069109 0.0194637 0.00804923 0.0146982 0.00862011 0.0131328 0.0110204 0.0094784 0.0243524 0.00902714 0.0119476 0.00867649 0.0131586 0.00890407 0.0162946 0.00853954 
0.0106076 0.00826189 0.00804123 0.00834227 0.00808484 0.00829192 0.00808643 0.00888398 0.00812523 0.0104154 0.00963312 0.0146482 0.00836052 0.00852143 0.00892376 0.00850894 0.0317969 0.00972001 0.00914639 0.0144689 0.0133505 0.167036 0.414729 0.00983978 0.0116599 0.00747846 0.0101956 0.00699232 0.00666183 0.00690624 0.00860567 0.00714242 0.00435062 0.00364236 0.00400027 0.00350729 0.00401451 0.00356074 0.00355093 0 0.020085 0.0762359 0.0163525 0.021253 0.00763683 0.00569606 0.00911641 0.00606577 0.0154563 0.00705069 0.0125768 0.00753232 0.0107305 0.0129371 0.01201 0.0127645 0.00874478 0.0124604 0.00835929 0.0110252 0.00841534 0.00996192 0.00887556 0.0140001 
0.0106005 0.00823364 0.00815677 0.00811634 0.00819194 0.0081087 0.00822653 0.00817447 0.00850685 0.00918076 0.0140997 0.00886772 0.00872071 0.00847088 0.00845048 0.0127524 0.0150321 0.0101638 0.00923691 0.00906663 0.0194021 0.0294659 0.00904963 0.00835939 0.00793957 0.00823868 0.00771746 0.00772538 0.0075057 0.00731615 0.0104652 0.0098321 0.00601513 0.00551823 0.00454274 0.00510774 0.0041318 0.00402891 0.00483267 0.020085 0 0.738965 0.00447391 0.00382965 0.0039896 0.00425525 0.00408283 0.00479643 0.00555577 0.00667439 0.00707271 0.00710964 0.00922614 0.0151809 0.0093627 0.00844908 0.00938304 0.00848473 0.00886073 0.00824894 0.00841027 0.00825711 0.00994701 0.014729 
0.00971301 0.00863585 0.00824342 0.00901591 0.00830996 0.00876104 0.00830492 0.0106617 0.00878048 0.0213029 0.0105456 0.01796 0.00868788 0.00989497 0.0110395 0.0137382 0.024955 0.0110533 0.0103324 0.0236009 0.0163739 0.0222285 0.0127939 0.00939422 0.0135367 0.00860774 0.0171364 0.00802956 0.00833407 0.0138448 0.0179418 0.00709841 0.0112948 0.00624483 0.010232 0.00637866 0.00858589 0.00778162 0.0066882 0.0762359 0.738965 0 0.00359934 0.00359991 0.00367857 0.00365477 0.0045731 0.00367491 0.00751294 0.00415841 0.0107375 0.00611745 0.02061 0.00909093 0.00997235 0.0169904 0.00852645 0.0202363 0.00818145 0.0130276 0.0081013 0.0123072 0.00999748 0.273359 
0.00868422 0.00822138 0.0084152 0.00814589 0.00833023 0.00806819 0.00904233 0.00845905 0.0104011 0.00859249 0.0133746 0.0087689 0.0125199 0.00906115 0.00889295 0.0092004 0.0103664 0.0146794 0.0172611 0.0121031 0.0125861 0.0126103 0.0104603 0.0126355 0.00935534 0.0158439 0.00818858 0.00992117 0.0101718 0.0106622 0.00911326 0.0088751 0.00748947 0.00774539 0.00693107 0.0105728 0.00758613 0.0102501 0.0837019 0.0163525 0.00447391 0.00359934 0 0.00355259 0.00353922 0.00354886 0.00357706 0.00379376 0.00369727 0.00802488 0.00425227 0.0114913 0.00761532 0.00977283 0.00946102 0.00915148 0.017519 0.00811248 0.0148885 0.00828977 0.0118446 0.00912669 0.0955788 0.150899 
0.00871084 0.00837799 0.00840217 0.00846238 0.00835951 0.00873433 0.00867236 0.0105108 0.00871805 0.00868039 0.0094817 0.0109891 0.0102028 0.0103945 0.00878822 0.00850641 0.0108604 0.0169387 0.0303525 0.0168286 0.0113446 0.0102358 0.0124055 0.0135534 0.0140059 0.0110438 0.0107688 0.0094996 0.0128146 0.0108561 0.00874141 0.00761388 0.0100362 0.0104678 0.00999586 0.0122994 0.0146826 0.150097 0.0197978 0.021253 0.00382965 0.00359991 0.00355259 0 0.00353295 0.00352683 0.00354804 0.00351019 0.00423189 0.0038029 0.00516778 0.00606408 0.00617804 0.0087195 0.00939071 0.0127077 0.0100136 0.0126913 0.00983168 0.0104993 0.00984802 0.0330992 0.795185 0.00979737 
0.00873242 0.00846017 0.00840125 0.00882046 0.00858389 0.00866796 0.0086914 0.0107293 0.0083988 0.00916756 0.00887962 0.0123606 0.00980727 0.0118602 0.00891347 0.00841746 0.0112589 0.0157266 0.0231886 0.0271036 0.00975084 0.0110221 0.013793 0.0121475 0.0177058 0.00927787 0.0175453 0.00877223 0.0111597 0.0113694 0.00827973 0.00782437 0.0105753 0.00918467 0.0182078 0.00878625 0.601186 0.0238743 0.0108594 0.00763683 0.0039896 0.00367857 0.00353922 0.00353295 0 0.00352329 0.00353547 0.00352794 0.00371319 0.00369293 0.00596223 0.0042543 0.00819895 0.00784622 0.0110336 0.0125257 0.00950972 0.0167221 0.00835506 0.0109606 0.0118373 0.90092 0.0111371 0.00988361 
0.00853341 0.00836263 0.00888235 0.00830855 0.00895785 0.00834677 0.0104033 0.00859397 0.00992701 0.00840039 0.0114099 0.00851238 0.0180721 0.0101606 0.00850722 0.00916671 0.00957566 0.0176875 0.0399898 0.0103268 0.0181384 0.0102311 0.0100749 0.0261157 0.00908252 0.0293369 0.00846692 0.0165085 0.0124753 0.00857399 0.0088053 0.00905496 0.00878108 0.0137263 0.00850698 0.730189 0.0132192 0.0106703 0.0105457 0.00569606 0.00425525 0.00365477 0.00354886 0.00352683 0.00352329 0 0.00351015 0.00351461 0.00354735 0.00471635 0.00358272 0.00381165 0.00683215 0.00970931 0.00865461 0.00848159 0.0336384 0.00776902 0.0121705 0.00988774 0.961085 0.00939585 0.0138685 0.00826538 
0.0089488 0.00828721 0.00815888 0.00891349 0.00814008 0.00928328 0.00822355 0.0128072 0.00829887 0.0102732 0.00847144 0.0168467 0.00852775 0.0105155 0.00891459 0.00837338 0.0118797 0.0119165 0.0140636 0.03278 0.00926788 0.0102083 0.0145658 0.00963477 0.0283433 0.00852125 0.0244942 0.00846849 0.00986707 0.011033 0.00859758 0.007902 0.0115794 0.00807822 0.733155 0.00962615 0.02495 0.00918327 0.00714471 0.00911641 0.00408283 0.0045731 0.00357706 0.00354804 0.00353547 0.00351015 0 0.00352237 0.00378124 0.00356276 0.00383672 0.00369536 0.00401639 0.00663915 0.00769177 0.0127011 0.00744945 0.016931 0.0108165 0.97727 0.00837531 0.0222367 0.00847611 0.0173961 
0.00852634 0.00822192 0.00893041 0.0083344 0.00936981 0.00813586 0.0106521 0.00855539 0.0102151 0.00820385 0.0110147 0.00825714 0.0177841 0.00912695 0.00837992 0.00940079 0.0090279 0.012653 0.0266649 0.00889494 0.0148183 0.00968553 0.00902972 0.0180182 0.00854622 0.0347384 0.00820024 0.0126214 0.0113772 0.00828518 0.00906306 0.00997907 0.0103075 0.724262 0.0102189 0.0265592 0.00798586 0.00982482 0.0109787 0.00606577 0.00479643 0.00367491 0.00379376 0.00351019 0.00352794 0.00351461 0.00352237 0 0.00349825 0.00365721 0.00357747 0.00381866 0.00366945 0.00923148 0.0072746 0.00669706 0.0148345 0.00805139 0.975353 0.00799212 0.0123193 0.00786251 0.0145462 0.00800493 
0.00866411 0.00871599 0.00818606 0.0107821 0.00824481 0.00993247 0.00823469 0.014297 0.00830146 0.0104916 0.00843366 0.0247126 0.00849002 0.0101176 0.0100451 0.00822779 0.0138347 0.0109066 0.0111254 0.03384 0.0089136 0.0116975 0.0145234 0.00927797 0.025752 0.00846782 0.0361824 0.0083249 0.00896692 0.0126837 0.00873514 0.00896115 0.642763 0.0092581 0.0271014 0.00789236 0.0165851 0.00981416 0.0069109 0.0154563 0.00555577 0.00751294 0.00369727 0.00423189 0.00371319 0.00354735 0.00378124 0.00349825 0 0.00353118 0.0038335 0.00355736 0.00361387 0.00666997 0.00748773 0.0118919 0.00814352 0.981269 0.00806941 0.0117095 0.00705141 0.0165354 0.00815972 0.0110984 
0.00908904 0.0085684 0.0101248 0.00835429 0.0105568 0.00823009 0.0130623 0.00846633 0.0102697 0.00819156 0.0157185 0.00832664 0.0295498 0.0104911 0.00850669 0.010858 0.0095333 0.0154976 0.0339963 0.00940684 0.0184978 0.011405 0.00966434 0.0294719 0.00900827 0.041467 0.00845655 0.0171103 0.0158206 0.00853783 0.0093603 0.473124 0.0100679 0.0232538 0.00897413 0.0321948 0.00862329 0.00900329 0.0194637 0.00705069 0.00667439 0.00415841 0.00802488 0.0038029 0.00369293 0.00471635 0.00356276 0.00365721 0.00353118 0 0.0035488 0.00360518 0.00362374 0.0077699 0.00763363 0.0076716 0.990924 0.00898453 0.0160912 0.00727416 0.0273481 0.00818053 0.0166695 0.00817077 
0.00925061 0.00872619 0.00830413 0.0112849 0.00830925 0.0102264 0.00837788 0.013967 0.00834635 0.0101943 0.00876037 0.0263299 0.00909529 0.0119934 0.0099917 0.00835919 0.0143689 0.0128345 0.0164451 0.0376082 0.0093243 0.0131844 0.0178474 0.0103808 0.0367471 0.0091341 0.0414162 0.00923767 0.0104952 0.0157474 0.00984543 0.0111085 0.0197996 0.00955906 0.0292287 0.00869731 0.0215086 0.0131308 0.00804923 0.0125768 0.00707271 0.0107375 0.00425227 0.00516778 0.00596223 0.00358272 0.00383672 0.00357747 0.0038335 0.0035488 0 0.00352835 0.00354315 0.00540068 0.0158274 0.985068 0.00988915 0.022917 0.00685743 0.0164212 0.00694158 0.0151637 0.00817287 0.00978849 
0.00871065 0.00837884 0.00890575 0.00820784 0.00864342 0.0081941 0.00911361 0.00845491 0.00879331 0.00824612 0.0108147 0.00859823 0.0110872 0.00882057 0.00867876 0.00899123 0.0098934 0.0137686 0.0177268 0.0115176 0.0135575 0.0108667 0.0126805 0.0154812 0.00883062 0.0173832 0.00862987 0.0111196 0.0120235 0.0117207 0.00917062 0.0112721 0.0106589 0.018595 0.00877108 0.015002 0.00934365 0.00901382 0.0146982 0.00753232 0.00710964 0.00611745 0.0114913 0.00606408 0.0042543 0.00381165 0.00369536 0.00381866 0.00355736 0.00360518 0.00352835 0 0.00361694 0.00787283 0.958733 0.0100428 0.0150497 0.00636367 0.0117167 0.00653543 0.0104807 0.00745146 0.0151029 0.00807957 
0.0105411 0.00857115 0.00835199 0.00840255 0.00834324 0.008339 0.00834419 0.00875513 0.00830462 0.0088884 0.0132675 0.0103555 0.00868361 0.008628 0.00854394 0.00927097 0.0242111 0.0106002 0.0100021 0.0111364 0.0138984 0.0233147 0.0117426 0.00947067 0.0112044 0.0087914 0.0104417 0.00878418 0.00927002 0.0108121 0.0120897 0.0173439 0.015464 0.0098418 0.0134254 0.0102852 0.00991119 0.00923442 0.00862011 0.0107305 0.00922614 0.02061 0.00761532 0.00617804 0.00819895 0.00683215 0.00401639 0.00366945 0.00361387 0.00362374 0.00354315 0.00361694 0 0.975968 0.0107263 0.00621651 0.00533005 0.00817008 0.0067003 0.007602 0.00689042 0.00856409 0.00825913 0.00987164 
0.00860589 0.00812914 0.00814003 0.00804966 0.00812738 0.00801475 0.00827073 0.00820266 0.00903175 0.0106963 0.010105 0.00829717 0.00884622 0.00870358 0.00856198 0.0129786 0.0114445 0.0107845 0.0120138 0.0108673 0.0277922 0.014583 0.0101605 0.0110755 0.00919733 0.0121005 0.00885438 0.00917688 0.00985511 0.00942201 0.0158525 0.0140693 0.00970887 0.0111887 0.0101517 0.0121908 0.0101229 0.00905219 0.0131328 0.0129371 0.0151809 0.00909093 0.00977283 0.0087195 0.00784622 0.00970931 0.00663915 0.00923148 0.00666997 0.0077699 0.00540068 0.00787283 0.975968 0 0.00366699 0.0035484 0.00368424 0.00364717 0.00381023 0.00366771 0.00442967 0.00470054 0.0096997 0.0143069 
0.00851475 0.00826885 0.00813393 0.00824492 0.00820116 0.00827255 0.00828355 0.00876379 0.00872502 0.00865475 0.00857564 0.00938206 0.00916363 0.00887362 0.0088214 0.00899961 0.0100947 0.0132504 0.0156807 0.0260638 0.0112566 0.0113592 0.0134977 0.0127704 0.0125543 0.0112076 0.0106439 0.0103714 0.0104765 0.0121692 0.0102039 0.0100445 0.0127419 0.0120465 0.0124748 0.0130966 0.0110561 0.0113836 0.0110204 0.01201 0.0093627 0.00997235 0.00946102 0.00939071 0.0110336 0.00865461 0.00769177 0.0072746 0.00748773 0.00763363 0.0158274 0.958733 0.0107263 0.00366699 0 0.00353569 0.00353576 0.0035601 0.00352374 0.0036755 0.00358257 0.00391556 0.00892977 0.00715678 
0.00873692 0.00831174 0.00834326 0.0092593 0.00834602 0.00947145 0.00853441 0.0117071 0.00836321 0.00960076 0.00850385 0.0146041 0.00948296 0.0125862 0.00902757 0.00840906 0.0107175 0.0146563 0.0260456 0.0262102 0.0101331 0.0111099 0.0169907 0.0135147 0.0287541 0.00980863 0.0352565 0.010521 0.0146899 0.0130081 0.00915691 0.0092297 0.0158596 0.0108335 0.0258267 0.0107516 0.0237989 0.0142384 0.0094784 0.0127645 0.00844908 0.0169904 0.00915148 0.0127077 0.0125257 0.00848159 0.0127011 0.00669706 0.0118919 0.0076716 0.985068 0.0100428 0.00621651 0.0035484 0.00353569 0 0.00354417 0.00357175 0.00355172 0.00360541 0.00357905 0.0083598 0.00399712 0.00437163 
0.00850786 0.00839857 0.0095174 0.00828719 0.00905519 0.00840134 0.0116584 0.00852492 0.0107629 0.00832347 0.0117392 0.0082792 0.0259088 0.0102492 0.00838052 0.0106422 0.00922005 0.0203453 0.0420786 0.0104704 0.019454 0.0105994 0.0113438 0.0344554 0.0105064 0.0619419 0.00881405 0.0244349 0.0266882 0.00924667 0.00948055 0.0117366 0.00943098 0.0311146 0.00952829 0.0547847 0.0105199 0.0131481 0.0243524 0.00874478 0.00938304 0.00852645 0.017519 0.0100136 0.00950972 0.0336384 0.00744945 0.0148345 0.00814352 0.990924 0.00988915 0.0150497 0.00533005 0.00368424 0.00353576 0.00354417 0 0.00351354 0.00354176 0.00355295 0.00446332 0.00363703 0.00440572 0.00370903 
0.00897329 0.00832148 0.00816427 0.00887421 0.00813398 0.00927529 0.00823954 0.0124821 0.00822168 0.00918774 0.008281 0.0191119 0.00873195 0.0105024 0.00886417 0.00818642 0.0132695 0.0128826 0.0140431 0.042346 0.00921305 0.0125283 0.0217381 0.0112689 0.0430053 0.00913339 0.0604964 0.00954083 0.0122927 0.0114618 0.00889885 0.00906884 0.0187492 0.00951291 0.0453765 0.00949003 0.0285017 0.0209364 0.00902714 0.0124604 0.00848473 0.0202363 0.00811248 0.0126913 0.0167221 0.00776902 0.016931 0.00805139 0.981269 0.00898453 0.022917 0.00636367 0.00817008 0.00364717 0.0035601 0.00357175 0.00351354 0 0.00351955 0.00365725 0.00353016 0.00365478 0.00366662 0.00425532 
