1BZMA
ASPDWGYDDKNGPEQWSKLYPIANGNNQSPVDIKTSETKHDTSLKPISVSYNPATAKEIINVGHSFHVNFEDNDNRSVLKGGPFSDSYRLFQFHFHWGSTNEHGSEHTVDGVKYSAELHVAHWNSAKYSSLAEAASKADGLAVIGVLMKVGEANPKLQKVLDALQAIKTKGKRAPFTNFDPSTLLPSSLDFWTYPGSLTHPPLYESVTWIICKESISVSSEQLAQFRSLLSNVEGDNAVPMQHNNRPTQPLKGRTVRASF
CCCCCCCCCCCCCCCHHHHCHHHHCCCCCCCEECHHHCEECCCCCCEEEECCHHHEEEEEECCCCEEEEECCCCCCCEEEECCCCCCEEEEEEEEEECCCCCCCCCCEECCEECCEEEEEEEECCCCCCCHHHHCCCCCCEEEEEEEEEECCCCHHHHHHHHHHHHHCCCCCEEECCCCCHHHHCCCCCCEEEEEECCCCCCCCCCEEEEEECCCEEECHHHHHHHHCCECCCCCCCCCECCCCCCCCCCCCCCCCEECC
0 0 0 0 0 0 0 0 0 0 0 0 0 0 0 0 0 0 0 0 0 0 0 0 0 0 0 0 0 0 0 0 0 0 0 0 0 0 0 0 0 0 0 0 0 0 0 0 0 0 0 0 0 0 0 0 0 0 0 0 0 0 0 0 0 0 0 0 0 0 0 0 0 0 0 0 0 0 0 0 0 0 0 0 0 0 0 0 0 0 0 0 0 0 0 0 0 0 0 0 0 0 0 0 0 0 0 0 0 0 0 0 0 0 0 0 0 0 0 0 0 0 0 0 0 0 0 0 0 0 0 0 0 0 0 0 0 0 0 0 0 0 0 0 0 0 0 0 0 0 0 0 0 0 0 0 0 0 0 0 0 0 0 0 0 0 0 0 0 0 0 0 0 0 0 0 0 0 0 0 0 0 0 0 0 0 0 0 0 0 0 0 0 0 0 0 0 0 0 0 0 0 0 0 0 0 0 0 0 0 0 0 0 0 0 0 0 0 0 0 0 0 0 0 0 0 0 0 0 0 0 0 0 0 0 0 0 0 0 0 0 0 0 0 0 0 0 0 0 0 0 0 0 0 0 0 0 0 0 0 
0 0 0 0 0 0 0 0 0 0 0 0 0 0 0 0 0 0 0 0 0 0 0 0 0 0 0 0 0 0 0 0 0 0 0 0 0 0 0 0 0 0 0 0 0 0 0 0 0 0 0 0 0 0 0 0 0 0 0 0 0 0 0 0 0 0 0 0 0 0 0 0 0 0 0 0 0 0 0 0 0 0 0 0 0 0 0 0 0 0 0 0 0 0 0 0 0 0 0 0 0 0 0 0 0 0 0 0 0 0 0 0 0 0 0 0 0 0 0 0 0 0 0 0 0 0 0 0 0 0 0 0 0 0 0 0 0 0 0 0 0 0 0 0 0 0 0 0 0 0 0 0 0 0 0 0 0 0 0 0 0 0 0 0 0 0 0 0 0 0 0 0 0 0 0 0 0 0 0 0 0 0 0 0 0 0 0 0 0 0 0 0 0 0 0 0 0 0 0 0 0 0 0 0 0 0 0 0 0 0 0 0 0 0 0 0 0 0 0 0 0 0 0 0 0 0 0 0 0 0 0 0 0 0 0 0 0 0 0 0 0 0 0 0 0 0 0 0 0 0 0 0 0 0 0 0 0 0 0 0 
0 0.00433965 0.00538466 0.110532 0.00783349 0.0293821 0.00792141 0.041455 0.00895338 0.0112176 0.0108537 0.00952406 0.0123062 0.0143063 0.0102552 0.0162064 0.00941183 0.036016 0.009315 0.0148315 0.0090394 0.0130666 0.0101416 0.0106621 0.01163 0.00909396 0.00934534 0.0102286 0.00882243 0.0100558 0.00911007 0.0100471 0.0089365 0.0104762 0.00854674 0.00864861 0.0107002 0.00849125 0.0112954 0.00836262 0.00959542 0.00861982 0.0089609 0.00911479 0.00894198 0.008964 0.0091702 0.00881683 0.00864983 0.00909308 0.00856421 0.00850574 0.0081902 0.00850256 0.00809963 0.00888727 0.00804671 0.00902653 0.00814331 0.00824124 0.00821357 0.00803816 0.00807248 0.00801226 0.00808148 0.00827324 0.00846681 0.00863594 0.00832965 0.00815752 0.0080232 0.00843115 0.00810274 0.00845302 0.0085482 0.00916995 0.00818315 
0.00433965 0 0.0332652 0.00523829 0.0439793 0.00696162 0.0539584 0.0100972 0.046611 0.0102355 0.00895625 0.0107999 0.0107785 0.0128796 0.0354807 0.0100735 0.0128654 0.0091743 0.0289999 0.0175717 0.0171286 0.00855224 0.0141076 0.0261275 0.00959883 0.0102082 0.00991483 0.0088083 0.0119474 0.00894389 0.0113263 0.00881881 0.0105132 0.0103736 0.0144745 0.0137299 0.00850077 0.0211192 0.00874616 0.0107244 0.00852386 0.00963786 0.009318 0.00855801 0.00952578 0.012449 0.00888699 0.00853296 0.00926468 0.00878213 0.00875494 0.008471 0.00939059 0.00807997 0.00913804 0.00843765 0.00933917 0.00804258 0.00911775 0.00861439 0.00803655 0.00837418 0.00801563 0.00879219 0.00886686 0.00812042 0.0084099 0.00846545 0.00840378 0.0087313 0.0110936 0.00804238 0.00915165 0.0101995 0.00827571 0.00830162 0.00930347 
0.00538466 0.0332652 0 0.0164583 0.00457328 0.0242217 0.0185033 0.0109619 0.00681809 0.00696765 0.00844454 0.00799233 0.00934045 0.0135982 0.00962496 0.00995354 0.00894436 0.0115532 0.0124301 0.0108619 0.00906686 0.00990705 0.0128911 0.00944002 0.00994693 0.00866302 0.0089815 0.00868366 0.00887234 0.00886317 0.00890308 0.00905632 0.0100002 0.00916208 0.00990906 0.0086145 0.00961152 0.00861823 0.00858268 0.00836386 0.00862495 0.00821423 0.00835527 0.00847032 0.00928571 0.00815004 0.00825539 0.00827254 0.00824834 0.00840222 0.00811276 0.008201 0.00813985 0.00825675 0.00832731 0.00829954 0.00799974 0.00881518 0.00807557 0.00810152 0.00809797 0.0079836 0.00804492 0.00807795 0.00806983 0.00806697 0.0081272 0.00811061 0.00802387 0.00836634 0.00804498 0.00806314 0.00834495 0.00841625 0.00847234 0.00828587 0.00822801 
0.110532 0.00523829 0.0164583 0 0.0391162 0.00934528 0.00579931 0.0117784 0.00811488 0.007534 0.00787363 0.00823044 0.0133453 0.009656 0.0127829 0.00994651 0.00829632 0.0103866 0.0098464 0.0166033 0.00898991 0.00910516 0.00956579 0.0129881 0.00935647 0.00877449 0.00879784 0.00864838 0.00856086 0.00886261 0.00869527 0.00913407 0.00876489 0.0103746 0.00841244 0.010595 0.00851199 0.00988192 0.00832785 0.00827619 0.00835546 0.0082921 0.00831038 0.00854314 0.0083888 0.00967973 0.00818419 0.00807054 0.00814274 0.00817402 0.00805883 0.00805025 0.00804487 0.00807889 0.00797757 0.00839884 0.00804531 0.00829944 0.00830862 0.00809183 0.00797801 0.00795552 0.00808883 0.00794049 0.0081308 0.00799825 0.00807504 0.00803746 0.00799693 0.00803227 0.00829917 0.00807155 0.00800816 0.00836194 0.00815239 0.00815044 0.00802875 
0.00783349 0.0439793 0.00457328 0.0391162 0 0.00358196 0.0038698 0.00371247 0.00514605 0.00450385 0.0101928 0.0174674 0.00970193 0.0171104 0.0129442 0.00871699 0.0180738 0.00853011 0.0659112 0.01406 0.0196884 0.00875126 0.0987834 0.0214246 0.0102421 0.0116359 0.0113787 0.00905533 0.0159794 0.00877804 0.0121718 0.00867152 0.0180507 0.00931771 0.0183404 0.00948215 0.00958021 0.0173865 0.00853033 0.0135446 0.0089483 0.011141 0.00906299 0.00888176 0.0140573 0.00988049 0.00905271 0.0096465 0.0099208 0.00935109 0.0101107 0.00864207 0.0105137 0.00821112 0.012012 0.00810936 0.00913821 0.00840997 0.00869243 0.00829863 0.00807504 0.00858613 0.00799226 0.00877493 0.00855412 0.00822636 0.00855852 0.00869238 0.00815883 0.00952274 0.0101723 0.00799203 0.00955029 0.00913 0.00817206 0.00827283 0.00943494 
0.0293821 0.00696162 0.0242217 0.00934528 0.00358196 0 0.00356539 0.00377329 0.0038521 0.00696544 0.0102999 0.00763264 0.0165286 0.00691464 0.00833491 0.0341571 0.00823666 0.0584068 0.00830055 0.0273448 0.00894742 0.095287 0.00879731 0.00924847 0.02009 0.011359 0.0105776 0.0229312 0.00878378 0.0317131 0.00923334 0.024958 0.0086936 0.011028 0.00825156 0.00889214 0.00961209 0.00846343 0.0256395 0.00882044 0.0228274 0.00936208 0.0124853 0.0134404 0.00835553 0.00873374 0.0103972 0.0114202 0.00933451 0.0136901 0.00907791 0.0109375 0.00834748 0.0107879 0.00806585 0.00959257 0.00812657 0.00942242 0.00829576 0.00829706 0.00851897 0.00807256 0.0085079 0.0080447 0.0081506 0.00862194 0.00862379 0.00854214 0.00857012 0.00820302 0.00802471 0.00891977 0.00808699 0.00805179 0.00821224 0.00895498 0.0080844 
0.00792141 0.0539584 0.0185033 0.00579931 0.0038698 0.00356539 0 0.00352789 0.0142532 0.00489107 0.00906633 0.013244 0.00832493 0.00758904 0.0113749 0.00846529 0.0514876 0.00849098 0.020403 0.00928027 0.147019 0.00918631 0.0137221 0.0130897 0.0105653 0.0163007 0.0142528 0.00920615 0.0332432 0.00883629 0.0491633 0.00982036 0.0108357 0.00863087 0.0115297 0.00885354 0.00840512 0.0135019 0.0086044 0.0250609 0.00890515 0.0182007 0.011486 0.0101711 0.010549 0.00926932 0.00989831 0.0106866 0.0137459 0.0104051 0.0133902 0.00877019 0.0111365 0.00825425 0.00859442 0.00796803 0.00972976 0.00803238 0.00830656 0.00885568 0.00827827 0.00865024 0.00812038 0.0082541 0.00837472 0.00844119 0.00912739 0.0090199 0.00837268 0.00828799 0.00943768 0.00809868 0.00847085 0.00817991 0.00797821 0.00802912 0.00847759 
0.041455 0.0100972 0.0109619 0.0117784 0.00371247 0.00377329 0.00352789 0 0.00901099 0.00472811 0.00975981 0.00566547 0.00688953 0.00743326 0.00910348 0.0218681 0.00742233 0.0159088 0.00922034 0.0995765 0.00885913 0.0172769 0.00962535 0.0165927 0.0114564 0.00954906 0.0108799 0.0152557 0.00876284 0.0213466 0.00892232 0.014021 0.00989041 0.0152354 0.00832741 0.00993722 0.0101452 0.0106704 0.0128518 0.00839278 0.0111095 0.00891696 0.00905312 0.00989149 0.00911316 0.0122815 0.00925324 0.00892609 0.00864847 0.00931161 0.00843344 0.00920844 0.00825935 0.00864091 0.00815352 0.0103278 0.00801124 0.010658 0.00889745 0.0083611 0.00825048 0.00796556 0.00824355 0.00800993 0.00862283 0.00825892 0.00837072 0.00837422 0.00814835 0.00832964 0.00846381 0.00885038 0.00812986 0.00875778 0.00854631 0.00935764 0.00802503 
0.00895338 0.046611 0.00681809 0.00811488 0.00514605 0.0038521 0.0142532 0.00901099 0 0.0036193 0.0035586 0.00356721 0.00362177 0.00415678 0.00442035 0.00493571 0.00597699 0.00578033 0.582521 0.0144829 0.0124903 0.00847233 0.0439664 0.0156275 0.0105537 0.0111082 0.0111405 0.0107106 0.0173641 0.00915563 0.0131939 0.00918005 0.0231127 0.00976328 0.0201483 0.00925628 0.0101855 0.0136004 0.0090765 0.0121389 0.00935008 0.0112968 0.0113873 0.00990378 0.0171089 0.00962259 0.00955889 0.00946552 0.00987978 0.00929691 0.0114609 0.00891298 0.0106763 0.00865794 0.0146944 0.00818916 0.00985892 0.0086713 0.00863581 0.0082079 0.0082197 0.00846302 0.00806779 0.0101731 0.00848714 0.00816133 0.00842162 0.00853419 0.00871719 0.0100794 0.0100193 0.0080109 0.00961709 0.00858986 0.00819036 0.00809613 0.00863857 
0.0112176 0.0102355 0.00696765 0.007534 0.00450385 0.00696544 0.00489107 0.00472811 0.0036193 0 0.003587 0.00352799 0.00357015 0.00356972 0.00441845 0.00561695 0.00692998 0.0855253 0.112447 0.0102489 0.00919566 0.0150294 0.00978885 0.00974293 0.0127645 0.0133743 0.0121823 0.0236161 0.0118236 0.0132983 0.012064 0.0146916 0.0109376 0.00914809 0.0086415 0.008507 0.00853188 0.0092775 0.0123896 0.0108212 0.0130625 0.0137366 0.0123838 0.0116661 0.00982993 0.00872376 0.0109728 0.0124533 0.0116279 0.0167859 0.0101129 0.0106155 0.00886766 0.00884345 0.00821749 0.00829169 0.00816703 0.00848124 0.0084052 0.00868349 0.00861166 0.00823849 0.00828356 0.00805481 0.00826846 0.00854568 0.00895307 0.00882545 0.00845289 0.00828449 0.00814905 0.00825775 0.00812635 0.00798367 0.00799297 0.00843548 0.00807034 
0.0108537 0.00895625 0.00844454 0.00787363 0.0101928 0.0102999 0.00906633 0.00975981 0.0035586 0.003587 0 0.00354752 0.00353795 0.0035591 0.004445 0.0141162 0.0406918 0.764857 0.00811864 0.0102023 0.0140283 0.0159504 0.010218 0.0107089 0.0180515 0.0211547 0.0310099 0.0261049 0.0183885 0.0376096 0.0299286 0.0207246 0.0100135 0.00907275 0.00898744 0.00857757 0.00859544 0.010959 0.0209151 0.0220936 0.0542673 0.0305128 0.0384962 0.0145071 0.00982423 0.00981097 0.0172642 0.0381371 0.0355055 0.0381781 0.0323739 0.0189307 0.0160928 0.00933646 0.00829854 0.00826746 0.00833274 0.00827167 0.00843918 0.00999509 0.00911171 0.00889796 0.00855147 0.00820376 0.00828825 0.00989887 0.0111685 0.0118132 0.00958321 0.00826913 0.00824491 0.00843644 0.00822917 0.00801803 0.00796786 0.00823936 0.00806096 
0.00952406 0.0107999 0.00799233 0.00823044 0.0174674 0.00763264 0.013244 0.00566547 0.00356721 0.00352799 0.00354752 0 0.00355296 0.00355819 0.00760968 0.0235438 0.851845 0.00756612 0.00703551 0.0110259 0.0165379 0.0129174 0.00976741 0.0111617 0.0122223 0.0412683 0.0283855 0.0209546 0.0338551 0.0290194 0.0463434 0.0142654 0.0101098 0.0090391 0.00929971 0.00876453 0.00847609 0.0137677 0.0166875 0.0481531 0.0209286 0.0553485 0.0389842 0.0130399 0.0104516 0.00980812 0.0183523 0.0467159 0.0431962 0.0431221 0.0340779 0.0217348 0.0179211 0.00885215 0.00836754 0.00810849 0.00849331 0.00830998 0.00890962 0.00964535 0.00924652 0.00943972 0.00837463 0.00837744 0.00863403 0.00907369 0.0136411 0.0148514 0.00900626 0.00847643 0.00845782 0.00830896 0.00822335 0.00805616 0.00797163 0.00812824 0.00815645 
0.0123062 0.0107785 0.00934045 0.0133453 0.00970193 0.0165286 0.00832493 0.00688953 0.00362177 0.00357015 0.00353795 0.00355296 0 0.0035465 0.0112309 0.889392 0.00648157 0.00772809 0.00626767 0.0128133 0.0160344 0.0168215 0.0115241 0.0106622 0.025559 0.0142678 0.0159048 0.0199521 0.0188006 0.0180343 0.0165272 0.030081 0.0134632 0.010703 0.0091687 0.00953748 0.00959861 0.0126024 0.0253034 0.0130418 0.0176154 0.0188208 0.0177927 0.022919 0.0112157 0.0110549 0.014844 0.023816 0.0201624 0.0184813 0.0176869 0.01314 0.0105104 0.00917286 0.00827632 0.00829546 0.00848417 0.00819875 0.00841467 0.00945571 0.0088868 0.00869062 0.00840105 0.00809876 0.00843454 0.00916278 0.010003 0.00974084 0.00911806 0.00828554 0.00816254 0.00851148 0.00819488 0.00800979 0.00799459 0.00812417 0.00803678 
0.0143063 0.0128796 0.0135982 0.009656 0.0171104 0.00691464 0.00758904 0.00743326 0.00415678 0.00356972 0.0035591 0.00355819 0.0035465 0 0.861321 0.00542197 0.00451062 0.00482272 0.00755009 0.0164549 0.00940546 0.0117979 0.0125009 0.0198425 0.0104856 0.0103783 0.0106349 0.0123379 0.0108268 0.010917 0.0106988 0.0144081 0.0274633 0.0130201 0.011213 0.0112335 0.00921085 0.0184529 0.0100644 0.0101781 0.0109582 0.0109217 0.0128412 0.0109437 0.0154566 0.0162433 0.00968993 0.0106205 0.0111976 0.0115015 0.00997393 0.00932974 0.00908487 0.00838924 0.00892744 0.00877735 0.00817437 0.008311 0.00942102 0.00854491 0.00815476 0.00817859 0.00809142 0.00832258 0.00920698 0.00838397 0.0087959 0.00885554 0.00826886 0.0085529 0.00873213 0.00818127 0.00824948 0.00861545 0.00817816 0.00824221 0.00808413 
0.0102552 0.0354807 0.00962496 0.0127829 0.0129442 0.00833491 0.0113749 0.00910348 0.00442035 0.00441845 0.004445 0.00760968 0.0112309 0.861321 0 0.00358307 0.00359141 0.00358069 0.00426339 0.00783062 0.00829174 0.00874921 0.132467 0.0181999 0.0107769 0.0133625 0.0142125 0.0108352 0.0186747 0.00900005 0.0316198 0.00978485 0.0269289 0.0102576 0.0147728 0.00965686 0.0116609 0.0237849 0.0100375 0.0155393 0.00975964 0.0224193 0.0111861 0.0105096 0.0201652 0.0128921 0.0110696 0.0115876 0.0115424 0.0107834 0.0122999 0.00916155 0.00986402 0.0085342 0.0123681 0.00843373 0.00823817 0.00878567 0.00870035 0.00829208 0.00833045 0.00815353 0.00813852 0.00915746 0.00849337 0.00826735 0.00876837 0.00877957 0.00851125 0.0102535 0.00872743 0.00817863 0.00925561 0.00843108 0.00819756 0.00827602 0.00844946 
0.0162064 0.0100735 0.00995354 0.00994651 0.00871699 0.0341571 0.00846529 0.0218681 0.00493571 0.00561695 0.0141162 0.0235438 0.889392 0.00542197 0.00358307 0 0.00356358 0.00368644 0.00356372 0.0114112 0.00865162 0.108892 0.0164956 0.00985738 0.0246831 0.0118858 0.0140668 0.0393354 0.00965978 0.131274 0.0105364 0.0711308 0.0101334 0.0127433 0.00890664 0.00895644 0.00929994 0.0103246 0.0579964 0.0104743 0.101966 0.0144057 0.0280378 0.0275859 0.00997158 0.0100746 0.0213364 0.0258899 0.0200209 0.0394511 0.0139318 0.0203119 0.00998868 0.0132033 0.00824115 0.0086677 0.00828348 0.00887601 0.00865201 0.00940466 0.0101533 0.00845722 0.00863161 0.0082846 0.00853709 0.00990644 0.0103785 0.0107029 0.00951767 0.00859935 0.00811384 0.00893119 0.00819002 0.00805663 0.00798874 0.00839663 0.00807375 
0.00941183 0.0128654 0.00894436 0.00829632 0.0180738 0.00823666 0.0514876 0.00742233 0.00597699 0.00692998 0.0406918 0.851845 0.00648157 0.00451062 0.00359141 0.00356358 0 0.00355586 0.00357251 0.00666335 0.0826926 0.0141072 0.0387726 0.0130562 0.00906782 0.0299764 0.0404794 0.0111587 0.303631 0.00991336 0.234293 0.010246 0.015517 0.00896922 0.0102212 0.00891208 0.00844631 0.0246104 0.0104437 0.239903 0.0122213 0.120309 0.0481151 0.0159367 0.0137597 0.0104938 0.0195406 0.0536336 0.0856829 0.0309152 0.0821058 0.0160903 0.0433162 0.00875105 0.00914473 0.00803805 0.00937929 0.00818815 0.00923319 0.00948707 0.00983544 0.0122438 0.00841216 0.00860994 0.00876891 0.0100388 0.0147993 0.0161802 0.00976002 0.00851745 0.00907994 0.00830817 0.00862299 0.0080666 0.00794428 0.00809095 0.00818553 
0.036016 0.0091743 0.0115532 0.0103866 0.00853011 0.0584068 0.00849098 0.0159088 0.00578033 0.0855253 0.764857 0.00756612 0.00772809 0.00482272 0.00358069 0.00368644 0.00355586 0 0.00356772 0.10116 0.0111101 0.0591586 0.00764464 0.00808767 0.0223647 0.0112968 0.0107437 0.15779 0.00916448 0.0804604 0.00959986 0.108092 0.00993431 0.0123685 0.00879695 0.00896512 0.0107572 0.00929108 0.0824647 0.00927664 0.0535829 0.0199771 0.0246063 0.0325596 0.0103988 0.00985931 0.0146767 0.0212253 0.0135176 0.026435 0.0127392 0.0208158 0.0090652 0.0129143 0.00823319 0.00883133 0.00820772 0.00961193 0.00846821 0.00877432 0.00989815 0.00828839 0.00893284 0.00811329 0.00831292 0.00913439 0.0105435 0.00998662 0.00923882 0.00872261 0.0080889 0.00889604 0.00809934 0.00804792 0.00804603 0.00835133 0.00802713 
0.009315 0.0289999 0.0124301 0.0098464 0.0659112 0.00830055 0.020403 0.00922034 0.582521 0.112447 0.00811864 0.00703551 0.00626767 0.00755009 0.00426339 0.00356372 0.00357251 0.00356772 0 0.0200535 0.0353251 0.00642835 0.0144134 0.0238327 0.00959502 0.010751 0.0240793 0.0091888 0.0225313 0.00881513 0.0151342 0.00942407 0.0344798 0.0107387 0.0189541 0.0128276 0.00873606 0.0417456 0.00865908 0.0149756 0.00937033 0.0134095 0.0103891 0.0101838 0.0177356 0.0170897 0.0100925 0.0101768 0.0119914 0.0104646 0.0110801 0.00899175 0.0106015 0.00826437 0.0111587 0.00847288 0.00901954 0.00807605 0.00972918 0.00954271 0.00815352 0.0105006 0.00804252 0.00922739 0.0100344 0.0084789 0.00893662 0.00907648 0.00862839 0.00891447 0.0130797 0.00802318 0.00938727 0.00910349 0.00811409 0.00812688 0.008623 
0.0148315 0.0175717 0.0108619 0.0166033 0.01406 0.0273448 0.00928027 0.0995765 0.0144829 0.0102489 0.0102023 0.0110259 0.0128133 0.0164549 0.00783062 0.0114112 0.00666335 0.10116 0.0200535 0 0.00368691 0.00363583 0.00392303 0.00869177 0.0171819 0.0321394 0.0610879 0.0251853 0.00872734 0.0113728 0.00767236 0.0128418 0.022632 0.0180606 0.0136772 0.012059 0.0207808 0.0160901 0.0222295 0.0100523 0.0190571 0.0112575 0.011663 0.0131358 0.0172069 0.0176657 0.0155485 0.0150071 0.012018 0.0156085 0.0113022 0.0104692 0.0094041 0.0102346 0.0124364 0.0114999 0.00825819 0.0132206 0.00868465 0.00845173 0.00877447 0.00820334 0.00843885 0.0090623 0.00857127 0.00851726 0.00875917 0.00904788 0.00897586 0.017241 0.00843106 0.00860377 0.00936198 0.00899112 0.00856587 0.00884722 0.0086402 
0.0090394 0.0171286 0.00906686 0.00898991 0.0196884 0.00894742 0.147019 0.00885913 0.0124903 0.00919566 0.0140283 0.0165379 0.0160344 0.00940546 0.00829174 0.00865162 0.0826926 0.0111101 0.0353251 0.00368691 0 0.00360345 0.00358257 0.0139966 0.0156131 0.0631126 0.0229267 0.00944176 0.0171025 0.00810154 0.0127924 0.0111652 0.00944242 0.00977554 0.012936 0.00958845 0.00892398 0.0167948 0.0103094 0.0493987 0.011255 0.0295263 0.0217215 0.0149125 0.0121742 0.00993388 0.0175839 0.0248669 0.0292418 0.0203607 0.0235201 0.011693 0.0175616 0.00920353 0.00916403 0.00817536 0.0108184 0.00825484 0.00876726 0.00911543 0.00862373 0.00913345 0.0084369 0.00847118 0.00836665 0.0090891 0.0119904 0.0114309 0.00917903 0.00855785 0.00875535 0.00824143 0.00897948 0.00806158 0.00795133 0.00813751 0.00823898 
0.0130666 0.00855224 0.00990705 0.00910516 0.00875126 0.095287 0.00918631 0.0172769 0.00847233 0.0150294 0.0159504 0.0129174 0.0168215 0.0117979 0.00874921 0.108892 0.0141072 0.0591586 0.00642835 0.00363583 0.00360345 0 0.00355181 0.0140248 0.100715 0.0160091 0.00838916 0.0176604 0.00724842 0.0134638 0.00816465 0.0186323 0.00832275 0.0110309 0.00886967 0.00913212 0.0100682 0.00943313 0.0340448 0.00970807 0.0262665 0.0123989 0.0205296 0.0287993 0.0100115 0.0101884 0.0151793 0.0264195 0.0149717 0.0197467 0.0124389 0.0159976 0.00915065 0.0123169 0.00819479 0.00868052 0.0082259 0.00888397 0.00842074 0.00885077 0.00890225 0.00832735 0.00866592 0.00802396 0.00836631 0.0093629 0.00938318 0.00989905 0.00936514 0.00825606 0.00806964 0.00898996 0.00802599 0.00801817 0.00799834 0.00834483 0.00797299 
0.0101416 0.0141076 0.0128911 0.00956579 0.0987834 0.00879731 0.0137221 0.00962535 0.0439664 0.00978885 0.010218 0.00976741 0.0115241 0.0125009 0.132467 0.0164956 0.0387726 0.00764464 0.0144134 0.00392303 0.00358257 0.00355181 0 0.0534551 0.0247286 0.00750474 0.00756311 0.00774171 0.00830167 0.0069909 0.0103291 0.00653082 0.011819 0.0127137 0.0154519 0.013318 0.00995166 0.0324376 0.00932306 0.0117406 0.0093876 0.0140079 0.00980457 0.0106861 0.0193028 0.0189355 0.0106396 0.0101114 0.0106237 0.0101736 0.00984703 0.00925668 0.00971883 0.00829548 0.00919969 0.00912174 0.00855479 0.00838299 0.0101643 0.00865313 0.00820669 0.00840663 0.00805512 0.00849217 0.00986038 0.00849427 0.00877649 0.00897058 0.0084875 0.00848967 0.0101216 0.00803263 0.00863825 0.00894535 0.00814194 0.00834251 0.00818596 
0.0106621 0.0261275 0.00944002 0.0129881 0.0214246 0.00924847 0.0130897 0.0165927 0.0156275 0.00974293 0.0107089 0.0111617 0.0106622 0.0198425 0.0181999 0.00985738 0.0130562 0.00808767 0.0238327 0.00869177 0.0139966 0.0140248 0.0534551 0 0.00384912 0.00360447 0.00356971 0.00358464 0.00379052 0.00379311 0.00386212 0.00396182 0.00835911 0.0139635 0.022732 0.0109185 0.0190631 0.024167 0.0102191 0.0131804 0.00972246 0.0113739 0.0112687 0.009639 0.0245255 0.0172061 0.0123759 0.0107356 0.0116347 0.0114285 0.0113886 0.00923355 0.0107367 0.00960991 0.0172489 0.00965749 0.00887002 0.01082 0.00889295 0.00836221 0.00832889 0.00843503 0.00837298 0.00986392 0.00879133 0.00836304 0.00861426 0.00878239 0.00844512 0.0110799 0.0100441 0.00825198 0.0105092 0.00955315 0.00853683 0.00831372 0.0090933 
0.01163 0.00959883 0.00994693 0.00935647 0.0102421 0.02009 0.0105653 0.0114564 0.0105537 0.0127645 0.0180515 0.0122223 0.025559 0.0104856 0.0107769 0.0246831 0.00906782 0.0223647 0.00959502 0.0171819 0.0156131 0.100715 0.0247286 0.00384912 0 0.0037962 0.003544 0.00356235 0.0035754 0.0036683 0.00364424 0.00597774 0.00421827 0.0175122 0.0093084 0.00999962 0.0112204 0.0129566 0.0344484 0.0111252 0.0210955 0.0167802 0.0188086 0.0193461 0.0163186 0.0168503 0.0250399 0.0254996 0.019768 0.0316027 0.0191069 0.0173627 0.0109171 0.0136081 0.00914995 0.00886399 0.00877831 0.00923042 0.00884824 0.00901964 0.0100669 0.00838696 0.00908404 0.00846087 0.00836535 0.00984803 0.0107008 0.0103782 0.0105219 0.00890369 0.00814847 0.00880817 0.00826704 0.00810713 0.00800914 0.00848804 0.00809948 
0.00909396 0.0102082 0.00866302 0.00877449 0.0116359 0.011359 0.0163007 0.00954906 0.0111082 0.0133743 0.0211547 0.0412683 0.0142678 0.0103783 0.0133625 0.0118858 0.0299764 0.0112968 0.010751 0.0321394 0.0631126 0.0160091 0.00750474 0.00360447 0.0037962 0 0.00356529 0.00353609 0.00355518 0.00355939 0.00403926 0.00360356 0.0038154 0.00772879 0.00902106 0.00807367 0.00866124 0.0146704 0.0137859 0.0379832 0.0206979 0.0388286 0.0381308 0.0255078 0.0898112 0.0110287 0.0208129 0.0634622 0.054769 0.0518175 0.0690265 0.0289105 0.0329403 0.0107011 0.00877138 0.00829266 0.0086618 0.00869076 0.00895802 0.01052 0.0112589 0.0134822 0.00861902 0.00860722 0.00911738 0.0115413 0.020579 0.0236924 0.0105905 0.00876276 0.00875213 0.00839284 0.00842468 0.00807705 0.00795739 0.00813367 0.00815881 
0.00934534 0.00991483 0.0089815 0.00879784 0.0113787 0.0105776 0.0142528 0.0108799 0.0111405 0.0121823 0.0310099 0.0283855 0.0159048 0.0106349 0.0142125 0.0140668 0.0404794 0.0107437 0.0240793 0.0610879 0.0229267 0.00838916 0.00756311 0.00356971 0.003544 0.00356529 0 0.00353584 0.00353246 0.00351785 0.00355045 0.00381131 0.00367244 0.00846572 0.0088602 0.00818347 0.00886412 0.0155576 0.0131626 0.0331327 0.0212892 0.0536708 0.0366894 0.185975 0.0122977 0.0122334 0.0296323 0.0551145 0.0822464 0.0619983 0.0742598 0.050581 0.0336461 0.00982483 0.00948429 0.0084215 0.00890438 0.00872986 0.00938092 0.0116538 0.014348 0.0120726 0.00907587 0.00886779 0.00921573 0.0115972 0.0296431 0.0207675 0.0118676 0.00911319 0.00855011 0.008669 0.0087042 0.00808618 0.00796965 0.00821958 0.0081887 
0.0102286 0.0088083 0.00868366 0.00864838 0.00905533 0.0229312 0.00920615 0.0152557 0.0107106 0.0236161 0.0261049 0.0209546 0.0199521 0.0123379 0.0108352 0.0393354 0.0111587 0.15779 0.0091888 0.0251853 0.00944176 0.0176604 0.00774171 0.00358464 0.00356235 0.00353609 0.00353584 0 0.00352259 0.00357047 0.00353305 0.00361192 0.00372977 0.00854261 0.00750916 0.00772938 0.00987491 0.00947984 0.0492326 0.0114934 0.093994 0.0158416 0.431743 0.0267257 0.0109176 0.0111712 0.0263957 0.0641585 0.0400101 0.0891675 0.0500016 0.0576428 0.0151797 0.017106 0.00851236 0.00868106 0.00833362 0.00961565 0.0087203 0.0117774 0.015418 0.0101468 0.00951442 0.00859276 0.00964857 0.0154075 0.0205058 0.0235524 0.011597 0.00895082 0.00825836 0.00947833 0.00831864 0.00805288 0.0079912 0.00836769 0.00806157 
0.00882243 0.0119474 0.00887234 0.00856086 0.0159794 0.00878378 0.0332432 0.00876284 0.0173641 0.0118236 0.0183885 0.0338551 0.0188006 0.0108268 0.0186747 0.00965978 0.303631 0.00916448 0.0225313 0.00872734 0.0171025 0.00724842 0.00830167 0.00379052 0.0035754 0.00355518 0.00353246 0.00352259 0 0.00353192 0.00353817 0.00355099 0.00369194 0.0067466 0.00795214 0.00772789 0.00803355 0.0249905 0.00939452 0.115271 0.0107499 0.593104 0.023105 0.013237 0.0145207 0.0116319 0.02384 0.0491658 0.0852811 0.0428182 0.105694 0.0167384 0.0436422 0.00926985 0.00993505 0.00821752 0.0102104 0.00850916 0.0100722 0.0120125 0.0114847 0.014323 0.00904245 0.00878545 0.0101112 0.0122732 0.0282259 0.0214285 0.0111023 0.00941225 0.00925973 0.00835128 0.00886819 0.00806215 0.0079593 0.00810631 0.00821636 
0.0100558 0.00894389 0.00886317 0.00886261 0.00877804 0.0317131 0.00883629 0.0213466 0.00915563 0.0132983 0.0376096 0.0290194 0.0180343 0.010917 0.00900005 0.131274 0.00991336 0.0804604 0.00881513 0.0113728 0.00810154 0.0134638 0.0069909 0.00379311 0.0036683 0.00355939 0.00351785 0.00357047 0.00353192 0 0.00352574 0.00359126 0.00353903 0.00761892 0.00662456 0.00710755 0.0118186 0.00821638 0.0833012 0.0100308 0.660629 0.0171647 0.0419277 0.022487 0.0123926 0.0108631 0.0286392 0.0607946 0.0326037 0.115429 0.0234322 0.0727839 0.0121109 0.0170869 0.00860204 0.00888609 0.00826698 0.0101767 0.00911963 0.00997976 0.0198526 0.00939791 0.0100657 0.00957749 0.0100328 0.0134477 0.021905 0.0263526 0.0144533 0.0088802 0.00831852 0.0101094 0.00845095 0.00808223 0.00803494 0.00845574 0.00812144 
0.00911007 0.0113263 0.00890308 0.00869527 0.0121718 0.00923334 0.0491633 0.00892232 0.0131939 0.012064 0.0299286 0.0463434 0.0165272 0.0106988 0.0316198 0.0105364 0.234293 0.00959986 0.0151342 0.00767236 0.0127924 0.00816465 0.0103291 0.00386212 0.00364424 0.00403926 0.00355045 0.00353305 0.00353817 0.00352574 0 0.00353965 0.00352706 0.00783367 0.0167071 0.00790372 0.00810453 0.0349452 0.00911217 0.671464 0.0148885 0.0645329 0.0306091 0.0181819 0.0126108 0.0115486 0.0244162 0.0690154 0.10415 0.0252975 0.113516 0.0211042 0.0479008 0.00928927 0.00943798 0.00818335 0.0108886 0.00857047 0.00980851 0.0137582 0.0117354 0.0187339 0.00886444 0.00970195 0.0103665 0.0127194 0.0301984 0.0242471 0.0129409 0.00891294 0.00919026 0.00836672 0.00894507 0.00815901 0.00796349 0.00816697 0.00841356 
0.0100471 0.00881881 0.00905632 0.00913407 0.00867152 0.024958 0.00982036 0.014021 0.00918005 0.0146916 0.0207246 0.0142654 0.030081 0.0144081 0.00978485 0.0711308 0.010246 0.108092 0.00942407 0.0128418 0.0111652 0.0186323 0.00653082 0.00396182 0.00597774 0.00360356 0.00381131 0.00361192 0.00355099 0.00359126 0.00353965 0 0.00355843 0.01145 0.0187748 0.00746994 0.0110672 0.00841144 0.603749 0.0104103 0.0499076 0.0145999 0.0446145 0.0531646 0.0116339 0.0114291 0.0305954 0.034262 0.0183193 0.0439215 0.0196285 0.0300323 0.0106423 0.0195207 0.00837503 0.00870195 0.00849758 0.00942005 0.00906333 0.0106751 0.0134991 0.0086562 0.0109925 0.00840213 0.0101335 0.0111988 0.0130029 0.013597 0.0131091 0.00875079 0.00822136 0.00925354 0.00826319 0.00801533 0.00795937 0.00822463 0.00804971 
0.0089365 0.0105132 0.0100002 0.00876489 0.0180507 0.0086936 0.0108357 0.00989041 0.0231127 0.0109376 0.0100135 0.0101098 0.0134632 0.0274633 0.0269289 0.0101334 0.015517 0.00993431 0.0344798 0.022632 0.00944242 0.00832275 0.011819 0.00835911 0.00421827 0.0038154 0.00367244 0.00372977 0.00369194 0.00353903 0.00352706 0.00355843 0 0.0358359 0.0113492 0.0118546 0.00850083 0.519243 0.00948932 0.0168436 0.00954619 0.034302 0.0121196 0.0184051 0.037663 0.0292291 0.0116686 0.0129348 0.0138867 0.0118504 0.0152897 0.0098406 0.0112154 0.00860961 0.0123718 0.00903455 0.00859406 0.00873775 0.00987513 0.00905246 0.00859004 0.00893969 0.00847937 0.0100299 0.0101783 0.00870681 0.00928406 0.00925103 0.00873481 0.00935846 0.0101085 0.00813533 0.00883692 0.00866519 0.00806165 0.00820524 0.0081148 
0.0104762 0.0103736 0.00916208 0.0103746 0.00931771 0.011028 0.00863087 0.0152354 0.00976328 0.00914809 0.00907275 0.0090391 0.010703 0.0130201 0.0102576 0.0127433 0.00896922 0.0123685 0.0107387 0.0180606 0.00977554 0.0110309 0.0127137 0.0139635 0.0175122 0.00772879 0.00846572 0.00854261 0.0067466 0.00761892 0.00783367 0.01145 0.0358359 0 0.00406368 0.00415606 0.983951 0.00615055 0.00884212 0.0062486 0.014438 0.00709876 0.00735799 0.00914518 0.0091172 0.0147044 0.0116214 0.0101995 0.009954 0.0101688 0.0094422 0.00930595 0.00887612 0.0103089 0.0103277 0.0108755 0.00845424 0.0118506 0.00877936 0.00845077 0.00832323 0.00815775 0.00846851 0.00895881 0.00855305 0.00853844 0.00846071 0.00867963 0.00857961 0.00933222 0.00827066 0.00902729 0.00901354 0.00941734 0.00944311 0.00875743 0.00853542 
0.00854674 0.0144745 0.00990906 0.00841244 0.0183404 0.00825156 0.0115297 0.00832741 0.0201483 0.0086415 0.00898744 0.00929971 0.0091687 0.011213 0.0147728 0.00890664 0.0102212 0.00879695 0.0189541 0.0136772 0.012936 0.00886967 0.0154519 0.022732 0.0093084 0.00902106 0.0088602 0.00750916 0.00795214 0.00662456 0.0167071 0.0187748 0.0113492 0.00406368 0 0.998975 0.00450803 0.0181966 0.00534541 0.0117361 0.006471 0.00773783 0.00659743 0.00978064 0.00908329 0.021231 0.010733 0.0100046 0.0102191 0.00991726 0.00979123 0.00886364 0.0102177 0.00845036 0.0101893 0.00901718 0.0116339 0.00824886 0.0101794 0.00861941 0.00832843 0.008445 0.0082624 0.00924759 0.00931458 0.00851 0.00863176 0.00871431 0.00839925 0.00901057 0.0119617 0.00817663 0.00902773 0.00943539 0.00816297 0.00817979 0.00869775 
0.00864861 0.0137299 0.0086145 0.010595 0.00948215 0.00889214 0.00885354 0.00993722 0.00925628 0.008507 0.00857757 0.00876453 0.00953748 0.0112335 0.00965686 0.00895644 0.00891208 0.00896512 0.0128276 0.012059 0.00958845 0.00913212 0.013318 0.0109185 0.00999962 0.00807367 0.00818347 0.00772938 0.00772789 0.00710755 0.00790372 0.00746994 0.0118546 0.00415606 0.998975 0 0.00945237 0.00476288 0.0079633 0.00504251 0.00442514 0.00432819 0.00460001 0.0062244 0.00982966 0.0132578 0.0102762 0.00892854 0.009037 0.00899043 0.00877423 0.00864407 0.00899645 0.00908123 0.0151924 0.00951593 0.0088631 0.00958737 0.0083565 0.00838211 0.00814883 0.00806964 0.00834145 0.00873587 0.00819378 0.00817914 0.00823126 0.00829726 0.00850779 0.0096106 0.00850067 0.00846219 0.00914851 0.00879001 0.0087555 0.00827907 0.00880593 
0.0107002 0.00850077 0.00961152 0.00851199 0.00958021 0.00961209 0.00840512 0.0101452 0.0101855 0.00853188 0.00859544 0.00847609 0.00959861 0.00921085 0.0116609 0.00929994 0.00844631 0.0107572 0.00873606 0.0207808 0.00892398 0.0100682 0.00995166 0.0190631 0.0112204 0.00866124 0.00886412 0.00987491 0.00803355 0.0118186 0.00810453 0.0110672 0.00850083 0.983951 0.00450803 0.00945237 0 0.0144552 0.00419025 0.00357273 0.00375264 0.004336 0.00455342 0.00847552 0.00581033 0.0155717 0.0108937 0.00931379 0.00898874 0.00942943 0.00877607 0.00958389 0.00856108 0.0138601 0.00912879 0.0118754 0.00842672 0.00979414 0.00916687 0.00820847 0.00831317 0.00803704 0.00843492 0.00818582 0.00880334 0.00820397 0.00821523 0.00835634 0.00838396 0.00844919 0.00844859 0.00867482 0.00823359 0.00895517 0.00835027 0.00896143 0.00801651 
0.00849125 0.0211192 0.00861823 0.00988192 0.0173865 0.00846343 0.0135019 0.0106704 0.0136004 0.0092775 0.010959 0.0137677 0.0126024 0.0184529 0.0237849 0.0103246 0.0246104 0.00929108 0.0417456 0.0160901 0.0167948 0.00943313 0.0324376 0.024167 0.0129566 0.0146704 0.0155576 0.00947984 0.0249905 0.00821638 0.0349452 0.00841144 0.519243 0.00615055 0.0181966 0.00476288 0.0144552 0 0.00357921 0.0036191 0.00357619 0.00368926 0.00367212 0.00373633 0.00678521 0.0610864 0.0192167 0.0174953 0.0208908 0.0130414 0.0201146 0.00966278 0.213306 0.00931122 0.0292651 0.0101765 0.0129053 0.0115836 0.0110167 0.00981641 0.00880059 0.00954547 0.00839598 0.015017 0.0107611 0.00960505 0.0114166 0.0117641 0.009882 0.0161125 0.0117296 0.00830045 0.0195557 0.0097873 0.00854733 0.00826102 0.00947029 
0.0112954 0.00874616 0.00858268 0.00832785 0.00853033 0.0256395 0.0086044 0.0128518 0.0090765 0.0123896 0.0209151 0.0166875 0.0253034 0.0100644 0.0100375 0.0579964 0.0104437 0.0824647 0.00865908 0.0222295 0.0103094 0.0340448 0.00932306 0.0102191 0.0344484 0.0137859 0.0131626 0.0492326 0.00939452 0.0833012 0.00911217 0.603749 0.00948932 0.00884212 0.00534541 0.0079633 0.00419025 0.00357921 0 0.00355389 0.0035649 0.00356307 0.00355956 0.00451487 0.00360732 0.0320567 0.0627749 0.0498712 0.0180791 0.0504633 0.0150468 0.343059 0.00925206 0.031105 0.00864243 0.0114393 0.00914205 0.013137 0.010293 0.0116909 0.0161733 0.00907751 0.0144367 0.00886438 0.00934568 0.0187966 0.0194054 0.0195308 0.0171715 0.00898925 0.00834718 0.0141018 0.00830138 0.00821577 0.00808482 0.00898234 0.008138 
0.00836262 0.0107244 0.00836386 0.00827619 0.0135446 0.00882044 0.0250609 0.00839278 0.0121389 0.0108212 0.0220936 0.0481531 0.0130418 0.0101781 0.0155393 0.0104743 0.239903 0.00927664 0.0149756 0.0100523 0.0493987 0.00970807 0.0117406 0.0131804 0.0111252 0.0379832 0.0331327 0.0114934 0.115271 0.0100308 0.671464 0.0104103 0.0168436 0.0062486 0.0117361 0.00504251 0.00357273 0.0036191 0.00355389 0 0.00354175 0.00354514 0.00354931 0.00354329 0.00357251 0.0174336 0.0430402 0.0394684 0.074966 0.0179389 0.442611 0.0110408 0.0644866 0.00894696 0.012634 0.00862482 0.0125821 0.00860368 0.00971248 0.0151063 0.012024 0.0306857 0.00918902 0.00994182 0.00990684 0.0148654 0.0452065 0.0492691 0.012222 0.0101621 0.0109149 0.00839416 0.00928133 0.00818155 0.00797241 0.00812449 0.00839322 
0.00959542 0.00852386 0.00862495 0.00835546 0.0089483 0.0228274 0.00890515 0.0111095 0.00935008 0.0130625 0.0542673 0.0209286 0.0176154 0.0109582 0.00975964 0.101966 0.0122213 0.0535829 0.00937033 0.0190571 0.011255 0.0262665 0.0093876 0.00972246 0.0210955 0.0206979 0.0212892 0.093994 0.0107499 0.660629 0.0148885 0.0499076 0.00954619 0.014438 0.006471 0.00442514 0.00375264 0.00357619 0.0035649 0.00354175 0 0.0035483 0.00354627 0.00358478 0.00358059 0.0272095 0.0332014 0.109609 0.0219576 0.442953 0.0181363 0.0773489 0.0112866 0.0307534 0.00886443 0.0112411 0.00855678 0.011638 0.00966854 0.0123514 0.0400051 0.0107226 0.012817 0.009475 0.00973428 0.0201195 0.0513196 0.036358 0.0181452 0.00979351 0.00858801 0.0102763 0.00890391 0.00819904 0.00821276 0.00886348 0.00822513 
0.00861982 0.00963786 0.00821423 0.0082921 0.011141 0.00936208 0.0182007 0.00891696 0.0112968 0.0137366 0.0305128 0.0553485 0.0188208 0.0109217 0.0224193 0.0144057 0.120309 0.0199771 0.0134095 0.0112575 0.0295263 0.0123989 0.0140079 0.0113739 0.0167802 0.0388286 0.0536708 0.0158416 0.593104 0.0171647 0.0645329 0.0145999 0.034302 0.00709876 0.00773783 0.00432819 0.004336 0.00368926 0.00356307 0.00354514 0.0035483 0 0.00354103 0.00357234 0.00357439 0.0223454 0.0849855 0.0457292 0.492393 0.0272265 0.104199 0.022973 0.0618341 0.0105432 0.0114043 0.00889878 0.0113104 0.00890156 0.010411 0.0293635 0.0153272 0.0245092 0.00987791 0.0105712 0.0113715 0.0234739 0.0674885 0.0552235 0.0169259 0.0103553 0.00971627 0.00907183 0.00944916 0.00820009 0.00799198 0.00831406 0.00838882 
0.0089609 0.009318 0.00835527 0.00831038 0.00906299 0.0124853 0.011486 0.00905312 0.0113873 0.0123838 0.0384962 0.0389842 0.0177927 0.0128412 0.0111861 0.0280378 0.0481151 0.0246063 0.0103891 0.011663 0.0217215 0.0205296 0.00980457 0.0112687 0.0188086 0.0381308 0.0366894 0.431743 0.023105 0.0419277 0.0306091 0.0446145 0.0121196 0.00735799 0.00659743 0.00460001 0.00455342 0.00367212 0.00355956 0.00354931 0.00354627 0.00354103 0 0.00355177 0.00355098 0.016294 0.0395991 0.550023 0.0284343 0.10628 0.0414241 0.0447012 0.0238016 0.0145089 0.00896049 0.00923986 0.00930962 0.00993181 0.0122545 0.0185149 0.0258224 0.0167527 0.0105573 0.0102616 0.0118462 0.0261362 0.0560029 0.0682808 0.0196285 0.00987353 0.00882666 0.00936587 0.00894803 0.00818302 0.00801771 0.00838306 0.00832303 
0.00911479 0.00855801 0.00847032 0.00854314 0.00888176 0.0134404 0.0101711 0.00989149 0.00990378 0.0116661 0.0145071 0.0130399 0.022919 0.0109437 0.0105096 0.0275859 0.0159367 0.0325596 0.0101838 0.0131358 0.0149125 0.0287993 0.0106861 0.009639 0.0193461 0.0255078 0.185975 0.0267257 0.013237 0.022487 0.0181819 0.0531646 0.0184051 0.00914518 0.00978064 0.0062244 0.00847552 0.00373633 0.00451487 0.00354329 0.00358478 0.00357234 0.00355177 0 0.00354422 0.0123383 0.518872 0.0401602 0.071853 0.0335555 0.046616 0.0222694 0.0157134 0.0222628 0.00978391 0.00930864 0.00988388 0.0108802 0.00959627 0.0151094 0.0137239 0.00981064 0.0151427 0.00908673 0.011171 0.0166216 0.0198975 0.0236449 0.0230549 0.00934326 0.00861416 0.0116114 0.00897132 0.0082737 0.0080024 0.00832081 0.00811489 
0.00894198 0.00952578 0.00928571 0.0083888 0.0140573 0.00835553 0.010549 0.00911316 0.0171089 0.00982993 0.00982423 0.0104516 0.0112157 0.0154566 0.0201652 0.00997158 0.0137597 0.0103988 0.0177356 0.0172069 0.0121742 0.0100115 0.0193028 0.0245255 0.0163186 0.0898112 0.0122977 0.0109176 0.0145207 0.0123926 0.0126108 0.0116339 0.037663 0.0091172 0.00908329 0.00982966 0.00581033 0.00678521 0.00360732 0.00357251 0.00358059 0.00357439 0.00355098 0.00354422 0 0.520864 0.0198644 0.0370262 0.0259915 0.0260926 0.0195715 0.0165989 0.0152103 0.0112262 0.0223607 0.0101368 0.00939266 0.0093125 0.0138578 0.0098412 0.00937511 0.0102191 0.00896837 0.0109824 0.0123569 0.00958521 0.0113279 0.0118281 0.0106318 0.010996 0.0122308 0.00828097 0.0108556 0.0098156 0.00822225 0.00854317 0.00829181 
0.008964 0.012449 0.00815004 0.00967973 0.00988049 0.00873374 0.00926932 0.0122815 0.00962259 0.00872376 0.00981097 0.00980812 0.0110549 0.0162433 0.0128921 0.0100746 0.0104938 0.00985931 0.0170897 0.0176657 0.00993388 0.0101884 0.0189355 0.0172061 0.0168503 0.0110287 0.0122334 0.0111712 0.0116319 0.0108631 0.0115486 0.0114291 0.0292291 0.0147044 0.021231 0.0132578 0.0155717 0.0610864 0.0320567 0.0174336 0.0272095 0.0223454 0.016294 0.0123383 0.520864 0 0.00472282 0.00362367 0.00361542 0.00366758 0.00373595 0.00387432 0.0043757 0.00537899 0.0145362 0.0277671 0.0104951 0.0378778 0.0137387 0.00987215 0.010598 0.00909222 0.00987847 0.0207171 0.021373 0.0108235 0.0121817 0.0117837 0.0122682 0.0220593 0.0104045 0.00889001 0.0201327 0.0109162 0.0101104 0.00894716 0.0108696 
0.0091702 0.00888699 0.00825539 0.00818419 0.00905271 0.0103972 0.00989831 0.00925324 0.00955889 0.0109728 0.0172642 0.0183523 0.014844 0.00968993 0.0110696 0.0213364 0.0195406 0.0146767 0.0100925 0.0155485 0.0175839 0.0151793 0.0106396 0.0123759 0.0250399 0.0208129 0.0296323 0.0263957 0.02384 0.0286392 0.0244162 0.0305954 0.0116686 0.0116214 0.010733 0.0102762 0.0108937 0.0192167 0.0627749 0.0430402 0.0332014 0.0849855 0.0395991 0.518872 0.0198644 0.00472282 0 0.00360784 0.00359621 0.00378015 0.00368766 0.00400112 0.00481822 0.00807187 0.00551467 0.0175356 0.0507721 0.0108567 0.0131586 0.0219288 0.0140762 0.0126403 0.0127093 0.0101239 0.0126217 0.0399322 0.0402534 0.0377777 0.0240379 0.011239 0.00993886 0.0121657 0.0106126 0.00884513 0.0082899 0.00898759 0.00867546 
0.00881683 0.00853296 0.00827254 0.00807054 0.0096465 0.0114202 0.0106866 0.00892609 0.00946552 0.0124533 0.0381371 0.0467159 0.023816 0.0106205 0.0115876 0.0258899 0.0536336 0.0212253 0.0101768 0.0150071 0.0248669 0.0264195 0.0101114 0.0107356 0.0254996 0.0634622 0.0551145 0.0641585 0.0491658 0.0607946 0.0690154 0.034262 0.0129348 0.0101995 0.0100046 0.00892854 0.00931379 0.0174953 0.0498712 0.0394684 0.109609 0.0457292 0.550023 0.0401602 0.0370262 0.00362367 0.00360784 0 0.00361081 0.00361201 0.00390799 0.00369448 0.00419839 0.00408917 0.00411272 0.0242272 0.0114409 0.01193 0.012206 0.0206845 0.0318927 0.0272895 0.0137919 0.00957808 0.0139873 0.0345692 0.138234 0.124562 0.0337883 0.0125632 0.0101662 0.0113644 0.0100541 0.00849283 0.0080858 0.00884142 0.00855815 
