1CFZA
MRILVLGVGNILLTDEAIGVRIVEALEQRYILPDYVEILDGGTAGMELLGDMANRDHLIIADAIVSKKNAPGTMMILRDEEVPALFTNKISPHQLGLADVLSALRFTGEFPKKLTLVGVIPESLEPHIGLTPTVEAMIEPALEQVLAALRESGVEAIPRSDS
CCEEEEEECCCCEHHHHHHHHHHHHHHHHEECCCCEEEEEEECCCHHHHHHHCCCCEEEEEEECCCCCCCCCCEEEEECCHHHHHHCCCCCHHHHHHHHHHHHHHHCCCCCCEEEEEEECCCCCCCECCCCHHHHCCHHHHHHHHHHHHHCCCCCCEEHHHC
0 0 0 0 0 0 0 0 0 0 0 0 0 0 0 0 0 0 0 0 0 0 0 0 0 0 0 0 0 0 0 0 0 0 0 0 0 0 0 0 0 0 0 0 0 0 0 0 0 0 0 0 0 0 0 0 0 0 0 0 0 0 0 0 0 0 0 0 0 0 0 0 0 0 0 0 0 0 0 0 0 0 0 0 0 0 0 0 0 0 0 0 0 0 0 0 0 0 0 0 0 0 0 0 0 0 0 0 0 0 0 0 0 0 0 0 0 0 0 0 0 0 0 0 0 0 0 0 0 0 0 0 0 0 0 0 0 0 0 0 0 0 0 0 0 0 0 0 0 0 0 0 0 0 0 0 0 0 0 0 0 0 
0 0 0 0 0 0 0 0 0 0 0 0 0 0 0 0 0 0 0 0 0 0 0 0 0 0 0 0 0 0 0 0 0 0 0 0 0 0 0 0 0 0 0 0 0 0 0 0 0 0 0 0 0 0 0 0 0 0 0 0 0 0 0 0 0 0 0 0 0 0 0 0 0 0 0 0 0 0 0 0 0 0 0 0 0 0 0 0 0 0 0 0 0 0 0 0 0 0 0 0 0 0 0 0 0 0 0 0 0 0 0 0 0 0 0 0 0 0 0 0 0 0 0 0 0 0 0 0 0 0 0 0 0 0 0 0 0 0 0 0 0 0 0 0 0 0 0 0 0 0 0 0 0 0 0 0 0 0 0 0 0 0 
0 0.00383471 0.0036888 0.0037199 0.00370652 0.00711656 0.0157606 0.0344358 0.0200995 0.327699 0.0195135 0.0268942 0.0107784 0.00938349 0.0121157 0.0229183 0.161506 0.0398728 0.0269457 0.0274197 0.0198524 0.0125596 0.0405332 0.0392119 0.0217355 0.015126 0.0120642 0.0179999 0.0150334 0.0126115 0.0111188 0.010674 0.0114834 0.00974174 0.0124406 0.00871269 0.00905766 0.00895593 
0.00383471 0 0.00359516 0.00361494 0.00401887 0.00374997 0.00663189 0.0328447 0.0195481 0.0312405 0.374159 0.0295626 0.0253698 0.0168593 0.0217564 0.0100688 0.032951 0.39773 0.100883 0.111298 0.0522201 0.0462936 0.0189448 0.0208033 0.100652 0.0371601 0.0273756 0.0106899 0.011092 0.0234595 0.0254027 0.0294588 0.0211174 0.0206817 0.0105342 0.00814691 0.00839525 0.00836252 
0.0036888 0.00359516 0 0.00374428 0.00363625 0.00360904 0.00424998 0.0130071 0.0131023 0.0165021 0.0209614 0.299779 0.0369268 0.0553405 0.0151178 0.0118165 0.0207522 0.0530541 0.410836 0.202489 0.205193 0.0618667 0.0277286 0.0136909 0.0363933 0.165077 0.0269009 0.010852 0.00977186 0.0160876 0.0522 0.0460228 0.0584797 0.022918 0.0114895 0.00803477 0.00824484 0.00811041 
0.0037199 0.00361494 0.00374428 0 0.00359205 0.00355232 0.00457828 0.0145821 0.0133517 0.0162958 0.0162419 0.0395571 0.238776 0.0219639 0.021986 0.0106613 0.0158321 0.0680972 0.12966 0.348863 0.145871 0.0483997 0.0226133 0.0129314 0.0344832 0.068965 0.0304232 0.00980573 0.0093661 0.0166885 0.0277875 0.0502868 0.0351935 0.0222813 0.0110401 0.00803451 0.00821719 0.00812121 
0.00370652 0.00401887 0.00363625 0.00359205 0 0.00355091 0.0045448 0.0178187 0.0252579 0.0115686 0.0255862 0.0153937 0.0141946 0.144302 0.0364318 0.0221675 0.0124583 0.0269059 0.0674445 0.0559349 0.162719 0.129737 0.0329508 0.010285 0.0220984 0.0351044 0.0270545 0.0116451 0.00935611 0.011099 0.024252 0.019706 0.0253848 0.0234494 0.010808 0.00814064 0.0081539 0.00809526 
0.00711656 0.00374997 0.00360904 0.00355232 0.00355091 0 0.0331015 0.0250354 0.024512 0.0305714 0.00944976 0.0117721 0.0105195 0.0108295 0.0785007 0.0675902 0.0154275 0.01506 0.0136848 0.0233336 0.021521 0.0596308 0.0572373 0.0161593 0.0107568 0.0108544 0.0131868 0.0133083 0.0100686 0.00954267 0.00943957 0.0111201 0.0101922 0.0104719 0.0130869 0.00890092 0.00839038 0.00804706 
0.0157606 0.00663189 0.00424998 0.00457828 0.0045448 0.0331015 0 0.0208074 0.0219021 0.0243507 0.0103535 0.0104317 0.00931614 0.00811588 0.00911629 0.0391214 0.0212115 0.0123868 0.0102038 0.0107895 0.0102267 0.0109453 0.02202 0.0182584 0.0102271 0.0093406 0.00935596 0.0112021 0.011021 0.00908402 0.00844374 0.0083874 0.00838516 0.00848881 0.0100556 0.0123379 0.00927856 0.00856315 
0.0344358 0.0328447 0.0130071 0.0145821 0.0178187 0.0250354 0.0208074 0 0.00367081 0.00443513 0.00845508 0.00885588 0.00418482 0.00447915 0.00917434 0.00786918 0.014016 0.019121 0.0103573 0.0115528 0.0109768 0.0129789 0.023275 0.0131032 0.012621 0.0103348 0.0123465 0.0136636 0.00902544 0.00982131 0.00877551 0.00894565 0.0088273 0.00959809 0.0125219 0.00861357 0.00850193 0.00885036 
0.0200995 0.0195481 0.0131023 0.0133517 0.0252579 0.024512 0.0219021 0.00367081 0 0.0421566 0.00789855 0.00402841 0.00386987 0.00429486 0.0053437 0.0081671 0.0154323 0.0116869 0.011334 0.0111241 0.010556 0.0167977 0.0148263 0.014486 0.0112152 0.0101183 0.0112376 0.0112055 0.0104644 0.00952524 0.00900704 0.00889988 0.00887841 0.0100833 0.0101255 0.00924104 0.00879347 0.0084394 
0.327699 0.0312405 0.0165021 0.0162958 0.0115686 0.0305714 0.0243507 0.00443513 0.0421566 0 0.00367554 0.00379986 0.00366491 0.00358357 0.00402803 0.00937958 0.0415823 0.028471 0.0139205 0.0156736 0.0156626 0.0106266 0.0466813 0.041902 0.0111963 0.0115587 0.0139399 0.0246802 0.0111056 0.0151246 0.00924258 0.0114106 0.0100064 0.00961936 0.0175156 0.00892082 0.00911322 0.00934652 
0.0195135 0.374159 0.0209614 0.0162419 0.0255862 0.00944976 0.0103535 0.00845508 0.00789855 0.00367554 0 0.00356727 0.00358872 0.00365263 0.00370525 0.0036834 0.0190582 0.0283406 0.0274369 0.0184525 0.0122948 0.0352956 0.0104313 0.00982657 0.0463412 0.0135553 0.0115391 0.00943629 0.0110345 0.0100203 0.0249863 0.0115517 0.0122917 0.0146301 0.00893697 0.00853467 0.00840271 0.00841314 
0.0268942 0.0295626 0.299779 0.0395571 0.0153937 0.0117721 0.0104317 0.00885588 0.00402841 0.00379986 0.00356727 0 0.00358313 0.00354634 0.00356964 0.0037418 0.0123921 0.0336704 0.031252 0.0515624 0.0648136 0.011524 0.0152696 0.0134895 0.0109298 0.0285137 0.0112835 0.00955656 0.00894778 0.0164082 0.0122184 0.0315875 0.0267368 0.0109128 0.00954169 0.00811978 0.00828146 0.00812131 
0.0107784 0.0253698 0.0369268 0.238776 0.0141946 0.0105195 0.00931614 0.00418482 0.00386987 0.00366491 0.00358872 0.00358313 0 0.00352789 0.00357095 0.00361615 0.00899982 0.0168136 0.043338 0.0456843 0.0234963 0.011149 0.0096118 0.00898786 0.0136009 0.0163367 0.013058 0.00850747 0.00864402 0.0102804 0.0173176 0.0209582 0.0197301 0.0117337 0.00872773 0.0080466 0.00806009 0.00800581 
0.00938349 0.0168593 0.0553405 0.0219639 0.144302 0.0108295 0.00811588 0.00447915 0.00429486 0.00358357 0.00365263 0.00354634 0.00352789 0 0.00352244 0.00353482 0.00966055 0.0140832 0.0571682 0.0347839 0.0319943 0.0198124 0.00930235 0.00884155 0.0110989 0.0243148 0.0105229 0.00897427 0.00852724 0.00891682 0.0279864 0.0167032 0.0215666 0.0129859 0.00892466 0.00801739 0.00804975 0.00797176 
0.0121157 0.0217564 0.0151178 0.021986 0.0364318 0.0785007 0.00911629 0.00917434 0.0053437 0.00402803 0.00370525 0.00356964 0.00357095 0.00352244 0 0.00355217 0.0108652 0.036718 0.0232012 0.0298553 0.017484 0.025427 0.0207755 0.00974079 0.0133647 0.0116976 0.0150228 0.00958894 0.0086875 0.0127318 0.00977512 0.0124757 0.011135 0.0132276 0.00959522 0.00815057 0.00832073 0.00799465 
0.0229183 0.0100688 0.0118165 0.0106613 0.0221675 0.0675902 0.0391214 0.00786918 0.0081671 0.00937958 0.0036834 0.0037418 0.00361615 0.00353482 0.00355217 0 0.0188248 0.014887 0.0137184 0.0145613 0.0169766 0.0168848 0.0498792 0.0153916 0.0101302 0.0104607 0.0102399 0.0163849 0.010565 0.00899461 0.00937649 0.00934276 0.00987043 0.00954315 0.0160303 0.0091574 0.00848537 0.00824425 
0.161506 0.032951 0.0207522 0.0158321 0.0124583 0.0154275 0.0212115 0.014016 0.0154323 0.0415823 0.0190582 0.0123921 0.00899982 0.00966055 0.0108652 0.0188248 0 0.00399259 0.00354176 0.00367928 0.00355213 0.00369238 0.00415776 0.0462129 0.0109361 0.0123524 0.0145326 0.036841 0.114476 0.0185369 0.0194039 0.0122353 0.0148199 0.0139257 0.0190465 0.00947748 0.00980245 0.00991534 
0.0398728 0.39773 0.0530541 0.0680972 0.0269059 0.01506 0.0123868 0.019121 0.0116869 0.028471 0.0283406 0.0336704 0.0168136 0.0140832 0.036718 0.014887 0.00399259 0 0.00369007 0.00357684 0.0036585 0.00367648 0.0038505 0.0179615 0.0628824 0.0200908 0.0515436 0.021344 0.0180206 0.275702 0.0334068 0.0675952 0.0413644 0.0378356 0.0133225 0.00843502 0.00877572 0.00885149 
0.0269457 0.100883 0.410836 0.12966 0.0674445 0.0136848 0.0102038 0.0103573 0.011334 0.0139205 0.0274369 0.031252 0.043338 0.0571682 0.0232012 0.0137184 0.00354176 0.00369007 0 0.00354779 0.00354718 0.00361385 0.00360283 0.0130784 0.0322811 0.0809499 0.0289421 0.0646225 0.0185961 0.0277678 0.335289 0.10351 0.201842 0.0469404 0.0172337 0.00847702 0.00865306 0.00845326 
0.0274197 0.111298 0.202489 0.348863 0.0559349 0.0233336 0.0107895 0.0115528 0.0111241 0.0156736 0.0184525 0.0515624 0.0456843 0.0347839 0.0298553 0.0145613 0.00367928 0.00357684 0.00354779 0 0.00354741 0.00358936 0.00358092 0.0223834 0.0434387 0.0714252 0.13072 0.0231786 0.0149392 0.0442049 0.087245 0.349998 0.104025 0.0735341 0.0173626 0.00866892 0.00865713 0.00845984 
0.0198524 0.0522201 0.205193 0.145871 0.162719 0.021521 0.0102267 0.0109768 0.010556 0.0156626 0.0122948 0.0648136 0.0234963 0.0319943 0.017484 0.0169766 0.00355213 0.0036585 0.00354718 0.00354741 0 0.00354396 0.00356758 0.0364927 0.0366527 0.14653 0.0359325 0.0118808 0.0128711 0.0416413 0.11099 0.0896056 0.278633 0.0431658 0.0252226 0.00838564 0.0084252 0.00846568 
0.0125596 0.0462936 0.0618667 0.0483997 0.129737 0.0596308 0.0109453 0.0129789 0.0167977 0.0106266 0.0352956 0.011524 0.011149 0.0198124 0.025427 0.0168848 0.00369238 0.00367648 0.00361385 0.00358936 0.00354396 0 0.00354454 0.0190627 0.116669 0.0525751 0.0279624 0.0143581 0.020056 0.0198146 0.035572 0.0446921 0.0350556 0.238132 0.021371 0.00894803 0.00859021 0.00832557 
0.0405332 0.0189448 0.0277286 0.0226133 0.0329508 0.0572373 0.02202 0.023275 0.0148263 0.0466813 0.0104313 0.0152696 0.0096118 0.00930235 0.0207755 0.0498792 0.00415776 0.0038505 0.00360283 0.00358092 0.00356758 0.00354454 0 0.0835725 0.0390751 0.0184721 0.0197636 0.0365863 0.0255313 0.0278309 0.0190433 0.0201137 0.0258591 0.0231138 0.157249 0.0106429 0.0105262 0.00838932 
0.0392119 0.0208033 0.0136909 0.0129314 0.010285 0.0161593 0.0182584 0.0131032 0.014486 0.041902 0.00982657 0.0134895 0.00898786 0.00884155 0.00974079 0.0153916 0.0462129 0.0179615 0.0130784 0.0223834 0.0364927 0.0190627 0.0835725 0 0.00414559 0.00355244 0.00363915 0.00422591 0.118652 0.0255714 0.0188367 0.0142823 0.0132411 0.0125348 0.0262073 0.00960745 0.0104844 0.010625 
0.0217355 0.100652 0.0363933 0.0344832 0.0220984 0.0107568 0.0102271 0.012621 0.0112152 0.0111963 0.0463412 0.0109298 0.0136009 0.0110989 0.0133647 0.0101302 0.0109361 0.0628824 0.0322811 0.0434387 0.0366527 0.116669 0.0390751 0.00414559 0 0.00356215 0.00358146 0.00360456 0.0493708 0.149709 0.0410265 0.0771075 0.0292895 0.0446144 0.0130203 0.00871579 0.0089639 0.00945542 
0.015126 0.0371601 0.165077 0.068965 0.0351044 0.0108544 0.0093406 0.0103348 0.0101183 0.0115587 0.0135553 0.0285137 0.0163367 0.0243148 0.0116976 0.0104607 0.0123524 0.0200908 0.0809499 0.0714252 0.14653 0.0525751 0.0184721 0.00355244 0.00356215 0 0.00354173 0.00355475 0.0443623 0.0418329 0.190704 0.0847431 0.240569 0.0368621 0.0157434 0.00878665 0.00888201 0.00868424 
0.0120642 0.0273756 0.0269009 0.0304232 0.0270545 0.0131868 0.00935596 0.0123465 0.0112376 0.0139399 0.0115391 0.0112835 0.013058 0.0105229 0.0150228 0.0102399 0.0145326 0.0515436 0.0289421 0.13072 0.0359325 0.0279624 0.0197636 0.00363915 0.00358146 0.00354173 0 0.00363247 0.0127264 0.0561307 0.0285876 0.189803 0.0398959 0.171742 0.0215752 0.00909924 0.00939209 0.0085601 
0.0179999 0.0106899 0.010852 0.00980573 0.0116451 0.0133083 0.0112021 0.0136636 0.0112055 0.0246802 0.00943629 0.00955656 0.00850747 0.00897427 0.00958894 0.0163849 0.036841 0.021344 0.0646225 0.0231786 0.0118808 0.0143581 0.0365863 0.00422591 0.00360456 0.00355475 0.00363247 0 0.0216725 0.0143128 0.0235546 0.0173559 0.0307388 0.0328545 0.128278 0.0132451 0.0109642 0.00836635 
0.0150334 0.011092 0.00977186 0.0093661 0.00935611 0.0100686 0.011021 0.00902544 0.0104644 0.0111056 0.0110345 0.00894778 0.00864402 0.00852724 0.0086875 0.010565 0.114476 0.0180206 0.0185961 0.0149392 0.0128711 0.020056 0.0255313 0.118652 0.0493708 0.0443623 0.0127264 0.0216725 0 0.00522121 0.00361185 0.00406271 0.00365825 0.00381232 0.00483441 0.0156101 0.0199029 0.0155443 
0.0126115 0.0234595 0.0160876 0.0166885 0.011099 0.00954267 0.00908402 0.00982131 0.00952524 0.0151246 0.0100203 0.0164082 0.0102804 0.00891682 0.0127318 0.00899461 0.0185369 0.275702 0.0277678 0.0442049 0.0416413 0.0198146 0.0278309 0.0255714 0.149709 0.0418329 0.0561307 0.0143128 0.00522121 0 0.00356171 0.0035867 0.00359659 0.00363402 0.00423087 0.00795604 0.0170284 0.0114469 
0.0111188 0.0254027 0.0522 0.0277875 0.024252 0.00943957 0.00844374 0.00877551 0.00900704 0.00924258 0.0249863 0.0122184 0.0173176 0.0279864 0.00977512 0.00937649 0.0194039 0.0334068 0.335289 0.087245 0.11099 0.035572 0.0190433 0.0188367 0.0410265 0.190704 0.0285876 0.0235546 0.00361185 0.00356171 0 0.00357063 0.0035992 0.00362739 0.00362301 0.00803661 0.0112181 0.00969754 
0.010674 0.0294588 0.0460228 0.0502868 0.019706 0.0111201 0.0083874 0.00894565 0.00889988 0.0114106 0.0115517 0.0315875 0.0209582 0.0167032 0.0124757 0.00934276 0.0122353 0.0675952 0.10351 0.349998 0.0896056 0.0446921 0.0201137 0.0142823 0.0771075 0.0847431 0.189803 0.0173559 0.00406271 0.0035867 0.00357063 0 0.00357366 0.00359818 0.00361207 0.00646567 0.0121809 0.0093633 
0.0114834 0.0211174 0.0584797 0.0351935 0.0253848 0.0101922 0.00838516 0.0088273 0.00887841 0.0100064 0.0122917 0.0267368 0.0197301 0.0215666 0.011135 0.00987043 0.0148199 0.0413644 0.201842 0.104025 0.278633 0.0350556 0.0258591 0.0132411 0.0292895 0.240569 0.0398959 0.0307388 0.00365825 0.00359659 0.0035992 0.00357366 0 0.00356961 0.00358027 0.00679675 0.0109779 0.00919921 
0.00974174 0.0206817 0.022918 0.0222813 0.0234494 0.0104719 0.00848881 0.00959809 0.0100833 0.00961936 0.0146301 0.0109128 0.0117337 0.0129859 0.0132276 0.00954315 0.0139257 0.0378356 0.0469404 0.0735341 0.0431658 0.238132 0.0231138 0.0125348 0.0446144 0.0368621 0.171742 0.0328545 0.00381232 0.00363402 0.00362739 0.00359818 0.00356961 0 0.00356454 0.00818455 0.0136707 0.0111166 
0.0124406 0.0105342 0.0114895 0.0110401 0.010808 0.0130869 0.0100556 0.0125219 0.0101255 0.0175156 0.00893697 0.00954169 0.00872773 0.00892466 0.00959522 0.0160303 0.0190465 0.0133225 0.0172337 0.0173626 0.0252226 0.021371 0.157249 0.0262073 0.0130203 0.0157434 0.0215752 0.128278 0.00483441 0.00423087 0.00362301 0.00361207 0.00358027 0.00356454 0 0.0221718 0.0181656 0.0118675 
0.00871269 0.00814691 0.00803477 0.00803451 0.00814064 0.00890092 0.0123379 0.00861357 0.00924104 0.00892082 0.00853467 0.00811978 0.0080466 0.00801739 0.00815057 0.0091574 0.00947748 0.00843502 0.00847702 0.00866892 0.00838564 0.00894803 0.0106429 0.00960745 0.00871579 0.00878665 0.00909924 0.0132451 0.0156101 0.00795604 0.00803661 0.00646567 0.00679675 0.00818455 0.0221718 0 0.0429453 0.0233675 
0.00905766 0.00839525 0.00824484 0.00821719 0.0081539 0.00839038 0.00927856 0.00850193 0.00879347 0.00911322 0.00840271 0.00828146 0.00806009 0.00804975 0.00832073 0.00848537 0.00980245 0.00877572 0.00865306 0.00865713 0.0084252 0.00859021 0.0105262 0.0104844 0.0089639 0.00888201 0.00939209 0.0109642 0.0199029 0.0170284 0.0112181 0.0121809 0.0109779 0.0136707 0.0181656 0.0429453 0 0.00494078 
0.00895593 0.00836252 0.00811041 0.00812121 0.00809526 0.00804706 0.00856315 0.00885036 0.0084394 0.00934652 0.00841314 0.00812131 0.00800581 0.00797176 0.00799465 0.00824425 0.00991534 0.00885149 0.00845326 0.00845984 0.00846568 0.00832557 0.00838932 0.010625 0.00945542 0.00868424 0.0085601 0.00836635 0.0155443 0.0114469 0.00969754 0.0093633 0.00919921 0.0111166 0.0118675 0.0233675 0.00494078 0 
