1CIPA
REVKLLLLGAGESGKSTIVKQMKIIHEAGYSEEECKQYKAVVYSNTIQSIIAIIRAMGRLKIDFGDAARADDARQLFVLAGAAEEGFMTAELAGVIKRLWKDSGVQACFNRSREYQLNDSAAYYLNDLDRIAQPNYIPTQQDVLRTRVKTTGIVETHFTFKDLHFKMFDVGGQRSERKKWIHCFEGVTAIIFCVALSDYDLVLAEDEEMNRMHESMKLFDSICNNKWFTDTSIILFLNKKDLFEEKIKKSPLTICYPEYAGSNTYEEAAAYIQCQFEDLNKRKDTKEIYTHFTCATDTKNVQFVFDAVTDVIIKNN
CEEEEEEECCCCCCHHHHHHHHHHHHCCCCCHHHHHHCHHHHHHHHHHHHHHHHHHHHHHCCCCCCCCHHHHHHHHHHHHHHHCCCCCCHHHHHHHHHHHHCHHHHHHHCCHHHCCCCCCHHHHHCCHHHHCCCCCCCCHHHHHCCCCCCCCEEEEEEEECCEEEEEEEECCCHHHHHHHHHHCCCCCEEEEEEEHHHHHCEECCEEEEEHHHHHHHHHHHHHCCHHHCCCEEEEEEECHHHHHHHHCCCCHHHCCCCCCCCCCHHHHHHHHHHHHHCCCCCCCCCCEEEEECCCCCHHHHHHHHHHHHHHHHHHC
0 0 0 0 0 0 0 0 0 0 0 0 0 0 0 0 0 0 0 0 0 0 0 0 0 0 0 0 0 0 0 0 0 0 0 0 0 0 0 0 0 0 0 0 0 0 0 0 0 0 0 0 0 0 0 0 0 0 0 0 0 0 0 0 0 0 0 0 0 0 0 0 0 0 0 0 0 0 0 0 0 0 0 0 0 0 0 0 0 0 0 0 0 0 0 0 0 0 0 0 0 0 0 0 0 0 0 0 0 0 0 0 0 0 0 0 0 0 0 0 0 0 0 0 0 0 0 0 0 0 0 0 0 0 0 0 0 0 0 0 0 0 0 0 0 0 0 0 0 0 0 0 0 0 0 0 0 0 0 0 0 0 0 0 0 0 0 0 0 0 0 0 0 0 0 0 0 0 0 0 0 0 0 0 0 0 0 0 0 0 0 0 0 0 0 0 0 0 0 0 0 0 0 0 0 0 0 0 0 0 0 0 0 0 0 0 0 0 0 0 0 0 0 0 0 0 0 0 0 0 0 0 0 0 0 0 0 0 0 0 0 0 0 0 0 0 0 0 0 0 0 0 0 0 0 0 0 0 0 0 0 0 0 0 0 0 0 0 0 0 0 0 0 0 0 0 0 0 0 0 0 0 0 0 0 0 0 0 0 0 0 0 0 0 0 0 0 0 0 0 0 0 0 0 0 0 0 0 0 0 0 0 0 0 0 0 
0 0 0 0 0 0 0 0 0 0 0 0 0 0 0 0 0 0 0 0 0 0 0 0 0 0 0 0 0 0 0 0 0 0 0 0 0 0 0 0 0 0 0 0 0 0 0 0 0 0 0 0 0 0 0 0 0 0 0 0 0 0 0 0 0 0 0 0 0 0 0 0 0 0 0 0 0 0 0 0 0 0 0 0 0 0 0 0 0 0 0 0 0 0 0 0 0 0 0 0 0 0 0 0 0 0 0 0 0 0 0 0 0 0 0 0 0 0 0 0 0 0 0 0 0 0 0 0 0 0 0 0 0 0 0 0 0 0 0 0 0 0 0 0 0 0 0 0 0 0 0 0 0 0 0 0 0 0 0 0 0 0 0 0 0 0 0 0 0 0 0 0 0 0 0 0 0 0 0 0 0 0 0 0 0 0 0 0 0 0 0 0 0 0 0 0 0 0 0 0 0 0 0 0 0 0 0 0 0 0 0 0 0 0 0 0 0 0 0 0 0 0 0 0 0 0 0 0 0 0 0 0 0 0 0 0 0 0 0 0 0 0 0 0 0 0 0 0 0 0 0 0 0 0 0 0 0 0 0 0 0 0 0 0 0 0 0 0 0 0 0 0 0 0 0 0 0 0 0 0 0 0 0 0 0 0 0 0 0 0 0 0 0 0 0 0 0 0 0 0 0 0 0 0 0 0 0 0 0 0 0 0 0 0 0 0 
0 0.00374137 0.00377642 0.00366492 0.00380639 0.00401592 0.00773356 0.0112277 0.00818024 0.00821805 0.00807896 0.00845175 0.00811228 0.00935645 0.0118203 0.00844802 0.00905673 0.00835653 0.00852153 0.00877393 0.00840829 0.00876858 0.00866211 0.0092542 0.00882689 0.00961469 0.00930109 0.00921078 0.00852161 0.00904316 0.00849549 0.00858989 0.00825592 0.00805496 0.00819651 0.00814238 0.0086346 0.00846153 0.00847762 0.00875343 0.00867492 0.0090608 0.00826923 0.00899681 0.00846928 0.00840101 0.00845212 0.00868476 0.00872537 
0.00374137 0 0.00363709 0.0036513 0.00369735 0.00465803 0.00447975 0.00852734 0.00856775 0.00818898 0.00850266 0.00810635 0.00976317 0.00828573 0.00994874 0.0100365 0.00812954 0.0097289 0.00838199 0.00887843 0.00866569 0.0083342 0.00830346 0.00897205 0.00902919 0.00878598 0.00869262 0.00863298 0.00851811 0.00824714 0.00825907 0.00853592 0.00814834 0.00812049 0.0080787 0.00820569 0.00808426 0.00830614 0.00867262 0.00845485 0.00856045 0.00844292 0.0083636 0.00824507 0.00866964 0.00832532 0.00836783 0.00839542 0.00853909 
0.00377642 0.00363709 0 0.00364615 0.00394808 0.00371866 0.00366567 0.00891967 0.00843162 0.00867947 0.00826928 0.00915432 0.00864449 0.00896086 0.00814895 0.00819332 0.00923151 0.00868157 0.00906684 0.0092343 0.00952337 0.00921553 0.00828001 0.00955518 0.00954446 0.0104561 0.0100965 0.0103458 0.0085989 0.00843289 0.00835183 0.00814414 0.0082324 0.00812641 0.00832603 0.00812524 0.00814591 0.0085035 0.00885876 0.00934129 0.00945998 0.00928316 0.00829288 0.00823279 0.00835915 0.00849966 0.00856496 0.00850484 0.00869643 
0.00366492 0.0036513 0.00364615 0 0.00376911 0.00363536 0.00374978 0.00981674 0.00850047 0.00855606 0.00893502 0.00852694 0.0107947 0.00890512 0.00880417 0.00948697 0.00840166 0.00997797 0.00926952 0.0113526 0.0106247 0.00988431 0.00942033 0.0101872 0.0106506 0.0127101 0.0119298 0.010737 0.00937917 0.00881647 0.0083182 0.00822419 0.00816415 0.00820122 0.0082172 0.00817077 0.00819862 0.0085064 0.00962553 0.00970409 0.0106263 0.00966884 0.00887389 0.00826402 0.00866694 0.00882149 0.00893392 0.0089153 0.00914899 
0.00380639 0.00369735 0.00394808 0.00376911 0 0.00359259 0.00358605 0.00951059 0.00905983 0.00908185 0.00866878 0.00952485 0.00918921 0.00917059 0.00838316 0.00853754 0.00904871 0.00945406 0.0101177 0.0109078 0.0114639 0.0102405 0.00878119 0.0101221 0.0106122 0.0138218 0.0126705 0.0118892 0.00920529 0.00917218 0.00848785 0.0081773 0.00830847 0.00815509 0.00831146 0.00816287 0.00822397 0.00889545 0.00932833 0.0101853 0.0101616 0.00987805 0.00867944 0.00830342 0.00875559 0.00874182 0.00884629 0.0087232 0.00920399 
0.00401592 0.00465803 0.00371866 0.00363536 0.00359259 0 0.00383577 0.0090137 0.00839386 0.00888836 0.00853191 0.00887801 0.00922139 0.00944483 0.00832311 0.00843046 0.0086987 0.00896566 0.00918175 0.00935634 0.00959582 0.00956286 0.00873928 0.00941912 0.0107903 0.0107832 0.0108384 0.00987734 0.00902545 0.00856998 0.00848987 0.00826149 0.00812044 0.0081481 0.00823425 0.00826799 0.00802479 0.008457 0.00978874 0.0103631 0.0101018 0.00947646 0.00888888 0.00829341 0.00855241 0.00894128 0.00888594 0.00878931 0.00927093 
0.00773356 0.00447975 0.00366567 0.00374978 0.00358605 0.00383577 0 0.00914429 0.00841789 0.00898193 0.00873134 0.00852062 0.0116698 0.00947512 0.0101198 0.00912071 0.00843173 0.00876482 0.0087728 0.00907047 0.00924068 0.00900196 0.0104918 0.0119732 0.00906174 0.0102114 0.0104724 0.00918509 0.00897109 0.00935231 0.0094431 0.00840874 0.0084285 0.00806605 0.00817185 0.00810079 0.00829406 0.00990783 0.00888948 0.0100967 0.00991431 0.00969686 0.00873725 0.00924704 0.00886025 0.0087808 0.00890773 0.00877835 0.00937073 
0.0112277 0.00852734 0.00891967 0.00981674 0.00951059 0.0090137 0.00914429 0 0.0197008 0.00382519 0.00373225 0.0043614 0.00396207 0.00807477 0.010013 0.00573936 0.00717656 0.00704784 0.00869589 0.00857628 0.00966327 0.0704009 0.581465 0.0222179 0.0130658 0.0105259 0.0119912 0.0111385 0.0116938 0.0201859 0.0171826 0.0148659 0.00969099 0.00867293 0.00917521 0.00912422 0.0126658 0.00944078 0.00981945 0.0103125 0.00917536 0.00979056 0.00918957 0.0155934 0.00840665 0.00816296 0.00825288 0.00822192 0.0083848 
0.00818024 0.00856775 0.00843162 0.00850047 0.00905983 0.00839386 0.00841789 0.0197008 0 0.00371633 0.00366318 0.00364873 0.00368354 0.00458801 0.00441239 0.00535464 0.00600029 0.00704231 0.010108 0.00709067 0.0542231 0.552417 0.0146018 0.0125069 0.0177464 0.0118206 0.0138524 0.0105469 0.0117856 0.010142 0.0137199 0.00972072 0.0085933 0.00867171 0.00858048 0.00902846 0.00868609 0.0085615 0.0108782 0.0102578 0.0118009 0.0090712 0.00940816 0.00917046 0.00806382 0.00832867 0.00828566 0.00828273 0.00818039 
0.00821805 0.00818898 0.00867947 0.00855606 0.00908185 0.00888836 0.00898193 0.00382519 0.00371633 0 0.00363875 0.00367469 0.00360243 0.00380523 0.00363689 0.00416237 0.0077109 0.00513255 0.00861302 0.0275355 0.675187 0.0203872 0.00698192 0.009753 0.012775 0.0183258 0.0148794 0.0144355 0.00964749 0.0098891 0.0102119 0.00846904 0.00852572 0.00840975 0.0106071 0.00846677 0.00911363 0.00879646 0.00943401 0.0175475 0.0130944 0.0150256 0.00870651 0.00869461 0.00810924 0.00838683 0.0083295 0.00842335 0.0083444 
0.00807896 0.00850266 0.00826928 0.00893502 0.00866878 0.00853191 0.00873134 0.00373225 0.00366318 0.00363875 0 0.00377092 0.00358701 0.00375381 0.00394096 0.0052538 0.0040278 0.00777362 0.00886828 0.763608 0.0245775 0.00604058 0.00741523 0.0113598 0.0126421 0.0163994 0.0200053 0.0126865 0.011185 0.00934902 0.00887489 0.00871415 0.00846339 0.00881947 0.00853467 0.00931009 0.00890116 0.00840998 0.0117315 0.0116029 0.0211095 0.010411 0.00933617 0.00848114 0.00828169 0.00824453 0.00862147 0.00825658 0.0083508 
0.00845175 0.00810635 0.00915432 0.00852694 0.00952485 0.00887801 0.00852062 0.0043614 0.00364873 0.00367469 0.00377092 0 0.0034654 0.00365929 0.00355844 0.00520359 0.00769654 0.00485455 0.871182 0.0168913 0.00608935 0.006495 0.00613925 0.0129105 0.0151315 0.0177959 0.0173613 0.0131989 0.00976808 0.010269 0.0105897 0.0084524 0.00955701 0.00850772 0.0109918 0.00853019 0.0105232 0.00901697 0.0090965 0.0181197 0.0131912 0.0140279 0.0085272 0.00900101 0.00812664 0.00850529 0.00841268 0.00865766 0.0080757 
0.00811228 0.00976317 0.00864449 0.0107947 0.00918921 0.00922139 0.0116698 0.00396207 0.00368354 0.00360243 0.00358701 0.0034654 0 0.00354878 0.00373623 0.00699002 0.00383219 0.872734 0.00467856 0.00676581 0.00642444 0.00551224 0.00817151 0.0137396 0.0218936 0.0215897 0.0198068 0.0171812 0.0139347 0.0100929 0.00889103 0.0112425 0.00895178 0.00905742 0.00860946 0.0110761 0.00913971 0.00893253 0.0276956 0.0237123 0.0268763 0.013297 0.0116782 0.00866998 0.00861962 0.00863433 0.00965461 0.00871983 0.00862996 
0.00935645 0.00828573 0.00896086 0.00890512 0.00917059 0.00944483 0.00947512 0.00807477 0.00458801 0.00380523 0.00375381 0.00365929 0.00354878 0 0.00356549 0.00372499 0.928864 0.00369879 0.0158908 0.00407709 0.00508998 0.00720375 0.0065574 0.014055 0.0151256 0.0142524 0.0156424 0.0133102 0.012456 0.013819 0.0137488 0.00933741 0.00937524 0.00897411 0.0119797 0.00884828 0.0120822 0.0110396 0.012714 0.013248 0.013206 0.0158188 0.00991792 0.0103211 0.00830431 0.00882023 0.00870246 0.00988589 0.00821512 
0.0118203 0.00994874 0.00814895 0.00880417 0.00838316 0.00832311 0.0101198 0.010013 0.00441239 0.00363689 0.00394096 0.00355844 0.00373623 0.00356549 0 0.972665 0.0037326 0.005099 0.00364464 0.00459609 0.00528711 0.00454164 0.00764175 0.0326677 0.012983 0.0102538 0.0109739 0.0113079 0.0119033 0.0144535 0.015367 0.0158277 0.0192817 0.00896039 0.00846012 0.0106081 0.010579 0.0159515 0.0114352 0.0101778 0.00986342 0.00927602 0.00996213 0.011121 0.0113832 0.00857792 0.00832175 0.00841352 0.00920341 
0.00844802 0.0100365 0.00819332 0.00948697 0.00853754 0.00843046 0.00912071 0.00573936 0.00535464 0.00416237 0.0052538 0.00520359 0.00699002 0.00372499 0.972665 0 0.00353337 0.00375121 0.00353641 0.00362987 0.00381077 0.00357845 0.0091541 0.0593093 0.0211215 0.0115275 0.0120495 0.0113636 0.0150711 0.0182473 0.0117205 0.0235029 0.0102584 0.00895197 0.00877423 0.0107119 0.0114862 0.0123064 0.0163295 0.0112918 0.010916 0.00947795 0.0102893 0.0139437 0.00976889 0.00818136 0.00855671 0.0082102 0.0093663 
0.00905673 0.00812954 0.00923151 0.00840166 0.00904871 0.0086987 0.00843173 0.00717656 0.00600029 0.0077109 0.0040278 0.00769654 0.00383219 0.928864 0.0037326 0.00353337 0 0.00352206 0.00359196 0.00354924 0.00356935 0.00428411 0.00369022 0.0255338 0.0255795 0.0186491 0.0131509 0.01491 0.0130514 0.0125549 0.0146685 0.00902626 0.00875744 0.00851798 0.0121629 0.00863879 0.0122274 0.0104397 0.0115059 0.0240348 0.0142054 0.0152346 0.0104092 0.0114879 0.00825548 0.00903773 0.00843544 0.00916248 0.00814748 
0.00835653 0.0097289 0.00868157 0.00997797 0.00945406 0.00896566 0.00876482 0.00704784 0.00704231 0.00513255 0.00777362 0.00485455 0.872734 0.00369879 0.005099 0.00375121 0.00352206 0 0.00352315 0.0035432 0.00355793 0.00355152 0.00364043 0.0180699 0.0283326 0.022837 0.0224334 0.023884 0.016735 0.0102441 0.00891128 0.0107576 0.00874024 0.0105116 0.0085357 0.0127185 0.00928936 0.009338 0.0270384 0.0218676 0.0340354 0.0203647 0.0229396 0.0089365 0.00913359 0.00882989 0.0101073 0.00875819 0.00881755 
0.00852153 0.00838199 0.00906684 0.00926952 0.0101177 0.00918175 0.0087728 0.00869589 0.010108 0.00861302 0.00886828 0.871182 0.00467856 0.0158908 0.00364464 0.00353641 0.00359196 0.00352315 0 0.00354076 0.00357366 0.00360017 0.00354902 0.0181143 0.0235385 0.0464515 0.0290165 0.023386 0.0121045 0.0120235 0.0114584 0.00873265 0.00881106 0.00852312 0.0145759 0.00862964 0.0109584 0.0104322 0.013569 0.0444405 0.0412985 0.0375551 0.0100386 0.00998343 0.00834817 0.00945106 0.0100906 0.00973823 0.00857617 
0.00877393 0.00887843 0.0092343 0.0113526 0.0109078 0.00935634 0.00907047 0.00857628 0.00709067 0.0275355 0.763608 0.0168913 0.00676581 0.00407709 0.00459609 0.00362987 0.00354924 0.0035432 0.00354076 0 0.00355976 0.00354515 0.0035761 0.0332444 0.0386991 0.0562305 0.0556154 0.0336529 0.0176555 0.010953 0.00913625 0.00951467 0.00874884 0.00919445 0.00925412 0.0109531 0.0102442 0.0107445 0.0280321 0.0563391 0.0817323 0.0303334 0.0144616 0.00998373 0.00934563 0.00943191 0.0126835 0.00936561 0.00877582 
0.00840829 0.00866569 0.00952337 0.0106247 0.0114639 0.00959582 0.00924068 0.00966327 0.0542231 0.675187 0.0245775 0.00608935 0.00642444 0.00508998 0.00528711 0.00381077 0.00356935 0.00355793 0.00357366 0.00355976 0 0.00355128 0.00354327 0.0388641 0.0871206 0.0610018 0.0556023 0.0542334 0.0208338 0.0145845 0.0102522 0.00950161 0.00873998 0.00914307 0.0116963 0.0108308 0.0104059 0.0114701 0.0461872 0.0743519 0.0654481 0.0416949 0.0156404 0.00972122 0.00890959 0.009645 0.0137454 0.0099929 0.00885758 
0.00876858 0.0083342 0.00921553 0.00988431 0.0102405 0.00956286 0.00900196 0.0704009 0.552417 0.0203872 0.00604058 0.006495 0.00551224 0.00720375 0.00454164 0.00357845 0.00428411 0.00355152 0.00360017 0.00354515 0.00355128 0 0.00353227 0.0211573 0.0745591 0.0970008 0.0584606 0.0548659 0.0387894 0.0198295 0.0126042 0.0111268 0.00854249 0.00922409 0.0119076 0.0129415 0.0115746 0.0127234 0.025592 0.037883 0.0356976 0.0388489 0.0273858 0.0110362 0.00850591 0.0109915 0.0106893 0.0124768 0.00915412 
0.00866211 0.00830346 0.00828001 0.00942033 0.00878119 0.00873928 0.0104918 0.581465 0.0146018 0.00698192 0.00741523 0.00613925 0.00817151 0.0065574 0.00764175 0.0091541 0.00369022 0.00364043 0.00354902 0.0035761 0.00354327 0.00353227 0 0.0490581 0.0313753 0.0436206 0.0506381 0.0365389 0.0507375 0.0482237 0.0163859 0.0143707 0.0122189 0.00884831 0.00874945 0.0133214 0.0183488 0.0146165 0.0155084 0.0167495 0.0194828 0.0160666 0.0187403 0.0181635 0.0106642 0.00884546 0.00928922 0.0100262 0.0118782 
0.0092542 0.00897205 0.00955518 0.0101872 0.0101221 0.00941912 0.0119732 0.0222179 0.0125069 0.009753 0.0113598 0.0129105 0.0137396 0.014055 0.0326677 0.0593093 0.0255338 0.0180699 0.0181143 0.0332444 0.0388641 0.0211573 0.0490581 0 0.00386609 0.0036194 0.00365304 0.00365607 0.00403711 0.005412 0.0128204 0.021844 0.0116174 0.0100516 0.0102576 0.0141281 0.0292291 0.271873 0.0366872 0.0552308 0.0227584 0.0267208 0.0162759 0.0442226 0.0155232 0.0114333 0.0109219 0.0108753 0.0145066 
0.00882689 0.00902919 0.00954446 0.0106506 0.0106122 0.0107903 0.00906174 0.0130658 0.0177464 0.012775 0.0126421 0.0151315 0.0218936 0.0151256 0.012983 0.0211215 0.0255795 0.0283326 0.0235385 0.0386991 0.0871206 0.0745591 0.0313753 0.00386609 0 0.00359766 0.00360182 0.00386618 0.00375494 0.00382214 0.010031 0.0114212 0.00775878 0.0108953 0.0113716 0.0257655 0.00973589 0.0216002 0.511867 0.0513085 0.178369 0.0632575 0.0571794 0.0131362 0.0126679 0.0153064 0.0198776 0.0157824 0.0100746 
0.00961469 0.00878598 0.0104561 0.0127101 0.0138218 0.0107832 0.0102114 0.0105259 0.0118206 0.0183258 0.0163994 0.0177959 0.0215897 0.0142524 0.0102538 0.0115275 0.0186491 0.022837 0.0464515 0.0562305 0.0610018 0.0970008 0.0436206 0.0036194 0.00359766 0 0.00355078 0.00361169 0.00357799 0.00359103 0.00641579 0.00781551 0.00773777 0.00833664 0.0274281 0.0112987 0.00865977 0.0193227 0.0389311 0.578156 0.125565 0.283049 0.0247867 0.0142068 0.0108515 0.021333 0.0375274 0.026928 0.0141964 
0.00930109 0.00869262 0.0100965 0.0119298 0.0126705 0.0108384 0.0104724 0.0119912 0.0138524 0.0148794 0.0200053 0.0173613 0.0198068 0.0156424 0.0109739 0.0120495 0.0131509 0.0224334 0.0290165 0.0556154 0.0556023 0.0584606 0.0506381 0.00365304 0.00360182 0.00355078 0 0.00354808 0.0035665 0.0035713 0.00811342 0.00889714 0.00876846 0.0103523 0.0156744 0.0158569 0.00894387 0.0159954 0.0763831 0.0930669 0.587179 0.0757728 0.0510217 0.0139116 0.0119718 0.0213034 0.0333456 0.0208095 0.0151837 
0.00921078 0.00863298 0.0103458 0.010737 0.0118892 0.00987734 0.00918509 0.0111385 0.0105469 0.0144355 0.0126865 0.0131989 0.0171812 0.0133102 0.0113079 0.0113636 0.01491 0.023884 0.023386 0.0336529 0.0542334 0.0548659 0.0365389 0.00365607 0.00386618 0.00361169 0.00354808 0 0.00355604 0.00356093 0.00728408 0.0157347 0.0180631 0.00869265 0.0141706 0.0127663 0.0107392 0.0187419 0.0437125 0.222758 0.0711699 0.371942 0.0223359 0.0167985 0.0109262 0.018348 0.0275734 0.0174479 0.012955 
0.00852161 0.00851811 0.0085989 0.00937917 0.00920529 0.00902545 0.00897109 0.0116938 0.0117856 0.00964749 0.011185 0.00976808 0.0139347 0.012456 0.0119033 0.0150711 0.0130514 0.016735 0.0121045 0.0176555 0.0208338 0.0387894 0.0507375 0.00403711 0.00375494 0.00357799 0.0035665 0.00355604 0 0.00354294 0.0139312 0.0235043 0.0140099 0.00855318 0.00690342 0.0134441 0.0082247 0.0163859 0.057539 0.027568 0.0611724 0.0273229 0.252569 0.0134607 0.0129883 0.0139024 0.0164122 0.0143092 0.0116772 
0.00904316 0.00824714 0.00843289 0.00881647 0.00917218 0.00856998 0.00935231 0.0201859 0.010142 0.0098891 0.00934902 0.010269 0.0100929 0.013819 0.0144535 0.0182473 0.0125549 0.0102441 0.0120235 0.010953 0.0145845 0.0198295 0.0482237 0.005412 0.00382214 0.00359103 0.0035713 0.00356093 0.00354294 0 0.0212181 0.00595541 0.0119537 0.00556074 0.00860842 0.0102596 0.00881285 0.0326221 0.015142 0.0225523 0.017048 0.0327503 0.0158045 0.131769 0.015138 0.0105893 0.0103674 0.01163 0.0119626 
0.00849549 0.00825907 0.00835183 0.0083182 0.00848785 0.00848987 0.0094431 0.0171826 0.0137199 0.0102119 0.00887489 0.0105897 0.00889103 0.0137488 0.015367 0.0117205 0.0146685 0.00891128 0.0114584 0.00913625 0.0102522 0.0126042 0.0163859 0.0128204 0.010031 0.00641579 0.00811342 0.00728408 0.0139312 0.0212181 0 0.00442209 0.00374146 0.0272737 0.00406743 0.00424302 0.062072 0.0344826 0.0151359 0.0112887 0.0128444 0.01205 0.0145377 0.0270713 0.00949729 0.00924078 0.00880236 0.00925336 0.0102443 
0.00858989 0.00853592 0.00814414 0.00822419 0.0081773 0.00826149 0.00840874 0.0148659 0.00972072 0.00846904 0.00871415 0.0084524 0.0112425 0.00933741 0.0158277 0.0235029 0.00902626 0.0107576 0.00873265 0.00951467 0.00950161 0.0111268 0.0143707 0.021844 0.0114212 0.00781551 0.00889714 0.0157347 0.0235043 0.00595541 0.00442209 0 0.860575 0.00393474 0.00397181 0.00416338 0.00387538 0.0190059 0.0177393 0.01025 0.0122004 0.0106392 0.0123398 0.0126671 0.0133453 0.00873036 0.00886673 0.00857455 0.010066 
0.00825592 0.00814834 0.0082324 0.00816415 0.00830847 0.00812044 0.0084285 0.00969099 0.0085933 0.00852572 0.00846339 0.00955701 0.00895178 0.00937524 0.0192817 0.0102584 0.00875744 0.00874024 0.00881106 0.00874884 0.00873998 0.00854249 0.0122189 0.0116174 0.00775878 0.00773777 0.00876846 0.0180631 0.0140099 0.0119537 0.00374146 0.860575 0 0.00411476 0.00381651 0.00566453 0.004174 0.0193986 0.0100726 0.00970507 0.00903021 0.00940681 0.0092411 0.032922 0.00838378 0.00819706 0.00818717 0.00823569 0.0089468 
0.00805496 0.00812049 0.00812641 0.00820122 0.00815509 0.0081481 0.00806605 0.00867293 0.00867171 0.00840975 0.00881947 0.00850772 0.00905742 0.00897411 0.00896039 0.00895197 0.00851798 0.0105116 0.00852312 0.00919445 0.00914307 0.00922409 0.00884831 0.0100516 0.0108953 0.00833664 0.0103523 0.00869265 0.00855318 0.00556074 0.0272737 0.00393474 0.00411476 0 0.00355095 0.00353486 0.00352833 0.00974213 0.0180787 0.0118654 0.012713 0.0093496 0.0134351 0.0092335 0.0083834 0.00837275 0.00848308 0.00869426 0.00836852 
0.00819651 0.0080787 0.00832603 0.0082172 0.00831146 0.00823425 0.00817185 0.00917521 0.00858048 0.0106071 0.00853467 0.0109918 0.00860946 0.0119797 0.00846012 0.00877423 0.0121629 0.0085357 0.0145759 0.00925412 0.0116963 0.0119076 0.00874945 0.0102576 0.0113716 0.0274281 0.0156744 0.0141706 0.00690342 0.00860842 0.00406743 0.00397181 0.00381651 0.00355095 0 0.00352142 0.00352461 0.016861 0.0120379 0.0371228 0.0155568 0.0321651 0.00914576 0.0105344 0.00834347 0.00895332 0.00947858 0.00932552 0.00852696 
0.00814238 0.00820569 0.00812524 0.00817077 0.00816287 0.00826799 0.00810079 0.00912422 0.00902846 0.00846677 0.00931009 0.00853019 0.0110761 0.00884828 0.0106081 0.0107119 0.00863879 0.0127185 0.00862964 0.0109531 0.0108308 0.0129415 0.0133214 0.0141281 0.0257655 0.0112987 0.0158569 0.0127663 0.0134441 0.0102596 0.00424302 0.00416338 0.00566453 0.00353486 0.00352142 0 0.00353854 0.0132938 0.0318409 0.0134845 0.0353752 0.0145514 0.0318748 0.0106452 0.00990488 0.00935818 0.00990934 0.00970627 0.0097126 
0.0086346 0.00808426 0.00814591 0.00819862 0.00822397 0.00802479 0.00829406 0.0126658 0.00868609 0.00911363 0.00890116 0.0105232 0.00913971 0.0120822 0.010579 0.0114862 0.0122274 0.00928936 0.0109584 0.0102442 0.0104059 0.0115746 0.0183488 0.0292291 0.00973589 0.00865977 0.00894387 0.0107392 0.0082247 0.00881285 0.062072 0.00387538 0.004174 0.00352833 0.00352461 0.00353854 0 0.034919 0.0102406 0.0116548 0.0115118 0.02413 0.0147012 0.0312622 0.0113479 0.00973057 0.00962802 0.0103646 0.0108043 
0.00846153 0.00830614 0.0085035 0.0085064 0.00889545 0.008457 0.00990783 0.00944078 0.0085615 0.00879646 0.00840998 0.00901697 0.00893253 0.0110396 0.0159515 0.0123064 0.0104397 0.009338 0.0104322 0.0107445 0.0114701 0.0127234 0.0146165 0.271873 0.0216002 0.0193227 0.0159954 0.0187419 0.0163859 0.0326221 0.0344826 0.0190059 0.0193986 0.00974213 0.016861 0.0132938 0.034919 0 0.00416275 0.00361599 0.00368134 0.00369403 0.00393406 0.0136178 0.047309 0.0149744 0.0113286 0.0113725 0.0151948 
0.00847762 0.00867262 0.00885876 0.00962553 0.00932833 0.00978874 0.00888948 0.00981945 0.0108782 0.00943401 0.0117315 0.0090965 0.0276956 0.012714 0.0114352 0.0163295 0.0115059 0.0270384 0.013569 0.0280321 0.0461872 0.025592 0.0155084 0.0366872 0.511867 0.0389311 0.0763831 0.0437125 0.057539 0.015142 0.0151359 0.0177393 0.0100726 0.0180787 0.0120379 0.0318409 0.0102406 0.00416275 0 0.00360313 0.00364715 0.00365625 0.00367243 0.00370199 0.206774 0.0393986 0.0376046 0.0192409 0.0145101 
0.00875343 0.00845485 0.00934129 0.00970409 0.0101853 0.0103631 0.0100967 0.0103125 0.0102578 0.0175475 0.0116029 0.0181197 0.0237123 0.013248 0.0101778 0.0112918 0.0240348 0.0218676 0.0444405 0.0563391 0.0743519 0.037883 0.0167495 0.0552308 0.0513085 0.578156 0.0930669 0.222758 0.027568 0.0225523 0.0112887 0.01025 0.00970507 0.0118654 0.0371228 0.0134845 0.0116548 0.00361599 0.00360313 0 0.00363331 0.00361114 0.00358649 0.00357225 0.0470998 0.169299 0.0967938 0.0639458 0.017409 
0.00867492 0.00856045 0.00945998 0.0106263 0.0101616 0.0101018 0.00991431 0.00917536 0.0118009 0.0130944 0.0211095 0.0131912 0.0268763 0.013206 0.00986342 0.010916 0.0142054 0.0340354 0.0412985 0.0817323 0.0654481 0.0356976 0.0194828 0.0227584 0.178369 0.125565 0.587179 0.0711699 0.0611724 0.017048 0.0128444 0.0122004 0.00903021 0.012713 0.0155568 0.0353752 0.0115118 0.00368134 0.00364715 0.00363331 0 0.00354271 0.00357462 0.00363566 0.0534069 0.0586248 0.268431 0.0407751 0.0198799 
0.0090608 0.00844292 0.00928316 0.00966884 0.00987805 0.00947646 0.00969686 0.00979056 0.0090712 0.0150256 0.010411 0.0140279 0.013297 0.0158188 0.00927602 0.00947795 0.0152346 0.0203647 0.0375551 0.0303334 0.0416949 0.0388489 0.0160666 0.0267208 0.0632575 0.283049 0.0757728 0.371942 0.0273229 0.0327503 0.01205 0.0106392 0.00940681 0.0093496 0.0321651 0.0145514 0.02413 0.00369403 0.00365625 0.00361114 0.00354271 0 0.00353728 0.00357062 0.0264844 0.0698883 0.0897614 0.135099 0.0157904 
0.00826923 0.0083636 0.00829288 0.00887389 0.00867944 0.00888888 0.00873725 0.00918957 0.00940816 0.00870651 0.00933617 0.0085272 0.0116782 0.00991792 0.00996213 0.0102893 0.0104092 0.0229396 0.0100386 0.0144616 0.0156404 0.0273858 0.0187403 0.0162759 0.0571794 0.0247867 0.0510217 0.0223359 0.252569 0.0158045 0.0145377 0.0123398 0.0092411 0.0134351 0.00914576 0.0318748 0.0147012 0.00393406 0.00367243 0.00358649 0.00357462 0.00353728 0 0.00360839 0.0226534 0.0305137 0.0618303 0.0718899 0.0855413 
0.00899681 0.00824507 0.00823279 0.00826402 0.00830342 0.00829341 0.00924704 0.0155934 0.00917046 0.00869461 0.00848114 0.00900101 0.00866998 0.0103211 0.011121 0.0139437 0.0114879 0.0089365 0.00998343 0.00998373 0.00972122 0.0110362 0.0181635 0.0442226 0.0131362 0.0142068 0.0139116 0.0167985 0.0134607 0.131769 0.0270713 0.0126671 0.032922 0.0092335 0.0105344 0.0106452 0.0312622 0.0136178 0.00370199 0.00357225 0.00363566 0.00357062 0.00360839 0 0.0168369 0.0254784 0.0185286 0.0311734 0.0696993 
0.00846928 0.00866964 0.00835915 0.00866694 0.00875559 0.00855241 0.00886025 0.00840665 0.00806382 0.00810924 0.00828169 0.00812664 0.00861962 0.00830431 0.0113832 0.00976889 0.00825548 0.00913359 0.00834817 0.00934563 0.00890959 0.00850591 0.0106642 0.0155232 0.0126679 0.0108515 0.0119718 0.0109262 0.0129883 0.015138 0.00949729 0.0133453 0.00838378 0.0083834 0.00834347 0.00990488 0.0113479 0.047309 0.206774 0.0470998 0.0534069 0.0264844 0.0226534 0.0168369 0 0.00392017 0.00361625 0.00364529 0.00452278 
0.00840101 0.00832532 0.00849966 0.00882149 0.00874182 0.00894128 0.0087808 0.00816296 0.00832867 0.00838683 0.00824453 0.00850529 0.00863433 0.00882023 0.00857792 0.00818136 0.00903773 0.00882989 0.00945106 0.00943191 0.009645 0.0109915 0.00884546 0.0114333 0.0153064 0.021333 0.0213034 0.018348 0.0139024 0.0105893 0.00924078 0.00873036 0.00819706 0.00837275 0.00895332 0.00935818 0.00973057 0.0149744 0.0393986 0.169299 0.0586248 0.0698883 0.0305137 0.0254784 0.00392017 0 0.00356102 0.00361925 0.00385979 
0.00845212 0.00836783 0.00856496 0.00893392 0.00884629 0.00888594 0.00890773 0.00825288 0.00828566 0.0083295 0.00862147 0.00841268 0.00965461 0.00870246 0.00832175 0.00855671 0.00843544 0.0101073 0.0100906 0.0126835 0.0137454 0.0106893 0.00928922 0.0109219 0.0198776 0.0375274 0.0333456 0.0275734 0.0164122 0.0103674 0.00880236 0.00886673 0.00818717 0.00848308 0.00947858 0.00990934 0.00962802 0.0113286 0.0376046 0.0967938 0.268431 0.0897614 0.0618303 0.0185286 0.00361625 0.00356102 0 0.00354155 0.00355562 
0.00868476 0.00839542 0.00850484 0.0089153 0.0087232 0.00878931 0.00877835 0.00822192 0.00828273 0.00842335 0.00825658 0.00865766 0.00871983 0.00988589 0.00841352 0.0082102 0.00916248 0.00875819 0.00973823 0.00936561 0.0099929 0.0124768 0.0100262 0.0108753 0.0157824 0.026928 0.0208095 0.0174479 0.0143092 0.01163 0.00925336 0.00857455 0.00823569 0.00869426 0.00932552 0.00970627 0.0103646 0.0113725 0.0192409 0.0639458 0.0407751 0.135099 0.0718899 0.0311734 0.00364529 0.00361925 0.00354155 0 0.00354484 
0.00872537 0.00853909 0.00869643 0.00914899 0.00920399 0.00927093 0.00937073 0.0083848 0.00818039 0.0083444 0.0083508 0.0080757 0.00862996 0.00821512 0.00920341 0.0093663 0.00814748 0.00881755 0.00857617 0.00877582 0.00885758 0.00915412 0.0118782 0.0145066 0.0100746 0.0141964 0.0151837 0.012955 0.0116772 0.0119626 0.0102443 0.010066 0.0089468 0.00836852 0.00852696 0.0097126 0.0108043 0.0151948 0.0145101 0.017409 0.0198799 0.0157904 0.0855413 0.0696993 0.00452278 0.00385979 0.00355562 0.00354484 0 
