1CMXB
MQIFVKTLTGKTITLEVEPSDTIENVKAKIQDKEGIPPDQQRLIFAGKQLEDGRTLSDYNIQKESTLHLVLRLRGX
CEEEEECCCCCEEEEECCCCCEHHHHHHHHHHHHCCCHHHEEEEECCEECCCCCECCCCCCCCCCEEEEEECCEEC
0 0 0 0 0 0 0 0 0 0 0 0 0 0 0 0 0 0 0 0 0 0 0 0 0 0 0 0 0 0 0 0 0 0 0 0 0 0 0 0 0 0 0 0 0 0 0 0 0 0 0 0 0 0 0 0 0 0 0 0 0 0 0 0 0 0 0 0 0 0 0 0 0 0 0 0 
0 0 0 0 0 0 0 0 0 0 0 0 0 0 0 0 0 0 0 0 0 0 0 0 0 0 0 0 0 0 0 0 0 0 0 0 0 0 0 0 0 0 0 0 0 0 0 0 0 0 0 0 0 0 0 0 0 0 0 0 0 0 0 0 0 0 0 0 0 0 0 0 0 0 0 0 
0 0.00400163 0.00369066 0.00364262 0.00437033 0.0388153 0.00802659 0.0369984 0.020952 0.989637 0.0299682 0.0127887 0.0355996 0.018898 0.0329924 0.0248045 0.0110705 0.0147212 0.0166082 0.0258766 0.0122255 0.0381698 0.0129659 0.0267758 0.0184967 0.0189335 0.0228108 
0.00400163 0 0.00362695 0.00365619 0.0036696 0.00546889 0.0203571 0.00819191 0.979281 0.011463 0.00761228 0.0150164 0.019604 0.0653918 0.0207342 0.0130426 0.00960737 0.00863643 0.0107366 0.00977448 0.0461478 0.0164892 0.071888 0.0148338 0.0187146 0.010305 0.0180649 
0.00369066 0.00362695 0 0.00363085 0.00365782 0.0100157 0.0080138 0.973273 0.0105918 0.0151222 0.00760044 0.00969211 0.0222393 0.0461701 0.0493617 0.0111734 0.00862999 0.00917574 0.00939245 0.0172009 0.0135958 0.0950172 0.0384294 0.0381529 0.0122069 0.0105152 0.0113103 
0.00364262 0.00365619 0.00363085 0 0.00358833 0.0119147 0.979195 0.0159225 0.017419 0.0101644 0.00712715 0.015557 0.0188566 0.037733 0.0454582 0.0289863 0.0101208 0.00966523 0.0108269 0.0114591 0.0496657 0.0198096 0.0502537 0.0490118 0.0253213 0.0120338 0.0217624 
0.00437033 0.0036696 0.00365782 0.00358833 0 0.981218 0.0198896 0.0070337 0.00749162 0.0129465 0.00968976 0.0246201 0.0129718 0.0128972 0.0168243 0.0257064 0.013127 0.00964022 0.0193035 0.0336211 0.0118799 0.014521 0.0133602 0.0218314 0.024242 0.0198685 0.014813 
0.0388153 0.00546889 0.0100157 0.0119147 0.981218 0 0.00437301 0.00359724 0.00358942 0.00630583 0.0193063 0.0251551 0.0162547 0.0126989 0.0259884 0.0203192 0.0118012 0.0177513 0.027047 0.0277015 0.0106562 0.0158043 0.0107218 0.0194534 0.0182217 0.0202837 0.0175282 
0.00802659 0.0203571 0.0080138 0.979195 0.0198896 0.00437301 0 0.00357323 0.00386236 0.00371814 0.00466792 0.0241343 0.0210823 0.0976519 0.0180779 0.0177559 0.0105156 0.00935847 0.0136227 0.0109989 0.0720544 0.0128006 0.100452 0.0122664 0.0234806 0.0103937 0.0179439 
0.0369984 0.00819191 0.973273 0.0159225 0.0070337 0.00359724 0.00357323 0 0.00360263 0.00426399 0.00463311 0.00924695 0.0603281 0.0577172 0.0511103 0.0104442 0.00899806 0.0114085 0.0110453 0.0174519 0.0101959 0.174952 0.017833 0.0550685 0.0110063 0.0130896 0.0106927 
0.020952 0.979281 0.0105918 0.017419 0.00749162 0.00358942 0.00386236 0.00360263 0 0.00357239 0.00402265 0.0342005 0.0129018 0.0715813 0.0401974 0.0269068 0.00967383 0.00904954 0.0112216 0.0092239 0.0874839 0.0111461 0.077301 0.0185095 0.035578 0.0093157 0.0279594 
0.989637 0.011463 0.0151222 0.0101644 0.0129465 0.00630583 0.00371814 0.00426399 0.00357239 0 0.021872 0.013478 0.0278738 0.0107097 0.0491578 0.0271395 0.0135699 0.0153361 0.0247692 0.0580762 0.00964298 0.0232746 0.0101723 0.02919 0.0151285 0.0256926 0.0130906 
0.0299682 0.00761228 0.00760044 0.00712715 0.00968976 0.0193063 0.00466792 0.00463311 0.00402265 0.021872 0 0.0121136 0.0086109 0.00820004 0.0110474 0.0226878 0.0186725 0.0321637 0.30081 0.0310356 0.0106025 0.0100303 0.00919034 0.01181 0.0137966 0.0587522 0.0221706 
0.0127887 0.0150164 0.00969211 0.015557 0.0246201 0.0251551 0.0241343 0.00924695 0.0342005 0.013478 0.0121136 0 0.00356588 0.00358274 0.00358946 0.00393835 0.00383168 0.00506232 0.0105601 0.0101743 0.015006 0.00908568 0.0201616 0.0107089 0.16708 0.0123116 0.0323301 
0.0355996 0.019604 0.0222393 0.0188566 0.0129718 0.0162547 0.0210823 0.0603281 0.0129018 0.0278738 0.0086109 0.00356588 0 0.00355463 0.00356226 0.00363611 0.00401208 0.00561904 0.0147471 0.0600236 0.0127229 0.0447882 0.0133317 0.151284 0.0114711 0.0237704 0.0135742 
0.018898 0.0653918 0.0461701 0.037733 0.0128972 0.0126989 0.0976519 0.0577172 0.0715813 0.0107097 0.00820004 0.00358274 0.00355463 0 0.00355788 0.00357854 0.00421758 0.025684 0.0306721 0.0133494 0.116395 0.020977 0.388639 0.0188497 0.0215545 0.0111851 0.0206736 
0.0329924 0.0207342 0.0493617 0.0454582 0.0168243 0.0259884 0.0180779 0.0511103 0.0401974 0.0491578 0.0110474 0.00358946 0.00356226 0.00355788 0 0.00356785 0.0108423 0.880842 0.0129335 0.0194078 0.0173454 0.189073 0.0205451 0.142146 0.0181289 0.0259189 0.031993 
0.0248045 0.0130426 0.0111734 0.0289863 0.0257064 0.0203192 0.0177559 0.0104442 0.0269068 0.0271395 0.0226878 0.00393835 0.00363611 0.00357854 0.00356785 0 0.969555 0.00427233 0.0151862 0.02324 0.0412563 0.0132917 0.0239502 0.0236285 0.0555994 0.0202327 0.0305629 
0.0110705 0.00960737 0.00862999 0.0101208 0.013127 0.0118012 0.0105156 0.00899806 0.00967383 0.0135699 0.0186725 0.00383168 0.00401208 0.00421758 0.0108423 0.969555 0 0.00895526 0.0279891 0.0155228 0.0104221 0.00876755 0.00978211 0.0104357 0.0184494 0.0139911 0.0431215 
0.0147212 0.00863643 0.00917574 0.00966523 0.00964022 0.0177513 0.00935847 0.0114085 0.00904954 0.0153361 0.0321637 0.00506232 0.00561904 0.025684 0.880842 0.00427233 0.00895526 0 0.178246 0.031526 0.0097276 0.0105877 0.00877959 0.01475 0.0108047 0.0488401 0.0113359 
0.0166082 0.0107366 0.00939245 0.0108269 0.0193035 0.027047 0.0136227 0.0110453 0.0112216 0.0247692 0.30081 0.0105601 0.0147471 0.0306721 0.0129335 0.0151862 0.0279891 0.178246 0 0.0262706 0.0107124 0.00823322 0.00803572 0.0119988 0.0231142 0.0401057 0.0499161 
0.0258766 0.00977448 0.0172009 0.0114591 0.0336211 0.0277015 0.0109989 0.0174519 0.0092239 0.0580762 0.0310356 0.0101743 0.0600236 0.0133494 0.0194078 0.02324 0.0155228 0.031526 0.0262706 0 0.00363872 0.0036146 0.00363897 0.00362202 0.00474326 0.00855445 0.0102083 
0.0122255 0.0461478 0.0135958 0.0496657 0.0118799 0.0106562 0.0720544 0.0101959 0.0874839 0.00964298 0.0106025 0.015006 0.0127229 0.116395 0.0173454 0.0412563 0.0104221 0.0097276 0.0107124 0.00363872 0 0.00364292 0.00366346 0.00366766 0.00387352 0.00606215 0.0276794 
0.0381698 0.0164892 0.0950172 0.0198096 0.014521 0.0158043 0.0128006 0.174952 0.0111461 0.0232746 0.0100303 0.00908568 0.0447882 0.020977 0.189073 0.0132917 0.00876755 0.0105877 0.00823322 0.0036146 0.00364292 0 0.00359198 0.00357244 0.00362058 0.0047846 0.00596108 
0.0129659 0.071888 0.0384294 0.0502537 0.0133602 0.0107218 0.100452 0.017833 0.077301 0.0101723 0.00919034 0.0201616 0.0133317 0.388639 0.0205451 0.0239502 0.00978211 0.00877959 0.00803572 0.00363897 0.00366346 0.00359198 0 0.00354904 0.00362379 0.00380788 0.0226048 
0.0267758 0.0148338 0.0381529 0.0490118 0.0218314 0.0194534 0.0122664 0.0550685 0.0185095 0.02919 0.01181 0.0107089 0.151284 0.0188497 0.142146 0.0236285 0.0104357 0.01475 0.0119988 0.00362202 0.00366766 0.00357244 0.00354904 0 0.00359146 0.00645589 0.0326132 
0.0184967 0.0187146 0.0122069 0.0253213 0.024242 0.0182217 0.0234806 0.0110063 0.035578 0.0151285 0.0137966 0.16708 0.0114711 0.0215545 0.0181289 0.0555994 0.0184494 0.0108047 0.0231142 0.00474326 0.00387352 0.00362058 0.00362379 0.00359146 0 0.0109571 0.0112746 
0.0189335 0.010305 0.0105152 0.0120338 0.0198685 0.0202837 0.0103937 0.0130896 0.0093157 0.0256926 0.0587522 0.0123116 0.0237704 0.0111851 0.0259189 0.0202327 0.0139911 0.0488401 0.0401057 0.00855445 0.00606215 0.0047846 0.00380788 0.00645589 0.0109571 0 0.0104954 
0.0228108 0.0180649 0.0113103 0.0217624 0.014813 0.0175282 0.0179439 0.0106927 0.0279594 0.0130906 0.0221706 0.0323301 0.0135742 0.0206736 0.031993 0.0305629 0.0431215 0.0113359 0.0499161 0.0102083 0.0276794 0.00596108 0.0226048 0.0326132 0.0112746 0.0104954 0 
