1D09B
MTHDNKLQVEAIKRGTVIDHIPAQIGFKLLSLFKLTETDQRITIGLNLPSGEMGRKDLIKIENTFLSEDQVDQLALYAPQATVNRIDNYEVVGKSRPSLPERIDNVLVCPNSNCISHAEPVSSSFAVRKRANDIALKCKYCEKEFSHNVVLAN
CCCCCCCCCCCCCCEEEEEEECCCCHHHHHHHCCCCCCCCCEEEECCCCECCECCCEEEEEECCCCCHHHHHCCCCCCCCCEEEEEECCEEEEEECCCCCCEEECCEECCCCCEHHHCCCCCCEEEEEECCCCEEEEECCCCCEEECCCCEEC
0 0 0 0 0 0 0 0 0 0 0 0 0 0 0 0 0 0 0 0 0 0 0 0 0 0 0 0 0 0 0 0 0 0 0 0 0 0 0 0 0 0 0 0 0 0 0 0 0 0 0 0 0 0 0 0 0 0 0 0 0 0 0 0 0 0 0 0 0 0 0 0 0 0 0 0 0 0 0 0 0 0 0 0 0 0 0 0 0 0 0 0 0 0 0 0 0 0 0 0 0 0 0 0 0 0 0 0 0 0 0 0 0 0 0 0 0 0 0 0 0 0 0 0 0 0 0 0 0 0 0 0 0 0 0 0 0 0 0 0 0 0 0 0 0 0 0 0 0 0 0 0 0 
0 0 0 0 0 0 0 0 0 0 0 0 0 0 0 0 0 0 0 0 0 0 0 0 0 0 0 0 0 0 0 0 0 0 0 0 0 0 0 0 0 0 0 0 0 0 0 0 0 0 0 0 0 0 0 0 0 0 0 0 0 0 0 0 0 0 0 0 0 0 0 0 0 0 0 0 0 0 0 0 0 0 0 0 0 0 0 0 0 0 0 0 0 0 0 0 0 0 0 0 0 0 0 0 0 0 0 0 0 0 0 0 0 0 0 0 0 0 0 0 0 0 0 0 0 0 0 0 0 0 0 0 0 0 0 0 0 0 0 0 0 0 0 0 0 0 0 0 0 0 0 0 0 
0 0.00360224 0.00357236 0.00359913 0.00362835 0.00373644 0.00690538 0.175 0.0127692 0.0179254 0.0175425 0.0170621 0.0167259 0.0346901 0.0160561 0.0196964 0.0108477 0.0146876 0.0359865 0.0114273 0.0135607 0.00909041 0.00904073 0.00972157 0.011871 0.00934527 0.00883557 0.00835606 0.00840694 0.00850815 0.0134024 0.00895572 0.00974021 0.00891413 0.00867713 0.00992694 0.00974091 0.00843588 0.00907665 0.00829461 0.00905833 0.00823554 0.0105561 0.00942852 0.00833348 0.00878179 0.00833863 0.0132868 0.0083435 0.00829883 0.00843416 0.00885285 0.00869921 
0.00360224 0 0.00385918 0.00360614 0.00351614 0.0041791 0.00379993 0.0507838 0.234669 0.0203756 0.0182283 0.00969705 0.00933695 0.0238938 0.0746754 0.022359 0.0416534 0.0414448 0.0119921 0.0147044 0.0167714 0.0235434 0.0155956 0.0106469 0.0124601 0.00949451 0.00883736 0.00898292 0.00910929 0.0103958 0.00849455 0.0111582 0.0088825 0.0088866 0.00888589 0.00952051 0.00850545 0.00862564 0.00925087 0.0116122 0.00847325 0.0109958 0.00869357 0.00854222 0.0125898 0.00901124 0.0107481 0.0084605 0.0087602 0.00841581 0.00864094 0.00858261 0.00853012 
0.00357236 0.00385918 0 0.00372561 0.00354964 0.00361932 0.00360271 0.0511569 0.0522859 0.0705487 0.0142956 0.00901402 0.00863352 0.0127632 0.0469177 0.0860871 0.0675103 0.0214331 0.0110176 0.0107103 0.0248922 0.0282581 0.0315608 0.0124385 0.00901718 0.00870283 0.00929453 0.00954334 0.011079 0.00870563 0.00848498 0.00868229 0.00877373 0.00862101 0.0088754 0.00870165 0.0083181 0.00839654 0.0119911 0.010198 0.0129408 0.00856939 0.00843456 0.00914945 0.00929061 0.0163325 0.00882589 0.00875515 0.00834355 0.00862428 0.00838236 0.00840943 0.00835523 
0.00359913 0.00360614 0.00372561 0 0.00352817 0.00356949 0.00355712 0.0578774 0.0563332 0.0436431 0.0273172 0.00944569 0.00870362 0.013066 0.0257244 0.153328 0.0650833 0.0204977 0.011771 0.0104132 0.0189116 0.0486447 0.0307932 0.0112499 0.00889557 0.00861198 0.00955974 0.0113322 0.0104404 0.00862078 0.00847398 0.00903159 0.00863927 0.00902569 0.00888495 0.00884915 0.00824251 0.00859127 0.00978803 0.0153442 0.00989016 0.00881025 0.00823413 0.00874129 0.0102409 0.0123633 0.00928302 0.00860844 0.00841498 0.00856211 0.00829657 0.00830411 0.00839616 
0.00362835 0.00351614 0.00354964 0.00352817 0 0.00354148 0.00357313 0.0229856 0.0552751 0.0578757 0.0171879 0.00868863 0.00859953 0.0102889 0.044098 0.0575383 0.0479599 0.0224861 0.0102158 0.00915057 0.0258898 0.0264423 0.0255162 0.0109731 0.00877725 0.00835014 0.0103164 0.00964462 0.00961726 0.00843401 0.00840145 0.0084836 0.0093777 0.00844955 0.00873765 0.00872608 0.0082218 0.00836997 0.0111917 0.0100107 0.010675 0.00841565 0.00835562 0.00864609 0.00943965 0.0141227 0.00895186 0.00922003 0.00830646 0.00861943 0.00821105 0.00815216 0.00828608 
0.00373644 0.0041791 0.00361932 0.00356949 0.00354148 0 0.00353417 0.0160042 0.0621807 0.0677244 0.0271352 0.00911328 0.00905303 0.0178534 0.0173201 0.0159128 0.0348333 0.0144539 0.0111588 0.018624 0.0104684 0.0206408 0.0130509 0.00967384 0.0089531 0.0101064 0.00885925 0.00888062 0.00876938 0.00870164 0.00808649 0.00935945 0.00873883 0.00884512 0.00954037 0.00917621 0.00818735 0.0107372 0.00857406 0.0124171 0.00841733 0.00860463 0.00804745 0.00840151 0.0106577 0.00899159 0.0118456 0.00804498 0.00952332 0.00830405 0.00852511 0.00857038 0.0081977 
0.00690538 0.00379993 0.00360271 0.00355712 0.00357313 0.00353417 0 0.0369447 0.00914405 0.0368458 0.0637746 0.0161764 0.0195564 0.0129967 0.010469 0.0120894 0.00903 0.0123149 0.0182456 0.0105289 0.011516 0.00896279 0.00906889 0.00938411 0.00885072 0.00943607 0.00871696 0.00838066 0.00857213 0.00815744 0.00869539 0.00858224 0.00972185 0.0085533 0.00998473 0.00851481 0.00977224 0.00880489 0.00911373 0.00811202 0.00874986 0.00821643 0.00830906 0.0101237 0.00814355 0.00908375 0.00836961 0.0102211 0.00841539 0.00835073 0.00800147 0.00901552 0.00837786 
0.175 0.0507838 0.0511569 0.0578774 0.0229856 0.0160042 0.0369447 0 0.00395919 0.00367423 0.00416994 0.0076882 0.0145248 0.0270287 0.0123406 0.0227221 0.0270832 0.156357 0.0272422 0.0206462 0.0257171 0.0109214 0.0115528 0.0154401 0.0128645 0.0126809 0.0137625 0.00938742 0.0098175 0.00952042 0.0199841 0.0111079 0.0136182 0.0103823 0.0103868 0.0119845 0.0123952 0.00936893 0.0125791 0.00864032 0.0126582 0.00862588 0.0141742 0.0147788 0.00873504 0.0119521 0.00864514 0.0244329 0.00904169 0.00889592 0.00908911 0.00966186 0.0102819 
0.0127692 0.234669 0.0522859 0.0563332 0.0552751 0.0621807 0.00914405 0.00395919 0 0.00385017 0.00363626 0.0052688 0.00644701 0.0182266 0.0676248 0.0271053 0.308559 0.0131186 0.0148409 0.030136 0.0166593 0.0482802 0.0271528 0.0103157 0.0105389 0.0113523 0.00980596 0.0106604 0.0103476 0.010239 0.00866744 0.0136884 0.0092938 0.0102597 0.00976433 0.0130111 0.00901404 0.0102106 0.00941198 0.0282942 0.00876693 0.0114903 0.00856501 0.00884562 0.0262647 0.00970768 0.0197966 0.00841707 0.0103758 0.0086162 0.00928658 0.0093316 0.00846878 
0.0179254 0.0203756 0.0705487 0.0436431 0.0578757 0.0677244 0.0368458 0.00367423 0.00385017 0 0.00358004 0.00466581 0.00823839 0.0150552 0.0484059 0.195126 0.0176443 0.100034 0.0120117 0.0109852 0.052845 0.0208727 0.0244123 0.0375971 0.00968212 0.0101831 0.0118427 0.00983316 0.0106094 0.0104138 0.00966716 0.00946818 0.0218923 0.00960285 0.0147639 0.0102145 0.00915605 0.00945602 0.0216046 0.0104673 0.0156892 0.00915876 0.00879341 0.0107243 0.0100731 0.0300353 0.00974602 0.0114278 0.00892379 0.0128118 0.00835508 0.00918602 0.00873897 
0.0175425 0.0182283 0.0142956 0.0273172 0.0171879 0.0271352 0.0637746 0.00416994 0.00363626 0.00358004 0 0.00616461 0.0108407 0.0629055 0.0811713 0.0188131 0.0265344 0.0152378 0.042303 0.0237197 0.0112753 0.0176053 0.0142732 0.0109419 0.0199089 0.0141348 0.0088795 0.00932725 0.00915744 0.00899465 0.0100882 0.0153889 0.00885051 0.015653 0.0127874 0.0184329 0.0120017 0.0179121 0.00931836 0.0114117 0.00885231 0.00965032 0.00904677 0.0113541 0.0126875 0.0094541 0.011913 0.00910477 0.0120636 0.00872868 0.010515 0.00961849 0.00852028 
0.0170621 0.00969705 0.00901402 0.00944569 0.00868863 0.00911328 0.0161764 0.0076882 0.0052688 0.00466581 0.00616461 0 0.911448 0.0107536 0.0122822 0.00723787 0.0059923 0.00839631 0.00854423 0.0139271 0.0101061 0.00902716 0.00875394 0.00981471 0.0107731 0.0124735 0.00919282 0.00844999 0.00852044 0.00850948 0.011734 0.00983186 0.00999364 0.0094548 0.0125485 0.0133415 0.0388803 0.01011 0.00881571 0.00819023 0.00837463 0.00838989 0.00998532 0.0106906 0.00836761 0.00837901 0.00823392 0.0127536 0.00912037 0.00829228 0.00870597 0.0107711 0.00996943 
0.0167259 0.00933695 0.00863352 0.00870362 0.00859953 0.00905303 0.0195564 0.0145248 0.00644701 0.00823839 0.0108407 0.911448 0 0.0292793 0.00422624 0.0054963 0.00401398 0.0061859 0.00798349 0.0139198 0.0103606 0.00869454 0.00855194 0.0104542 0.0119335 0.012206 0.00959091 0.00854054 0.00860876 0.00899861 0.0131599 0.00978315 0.0107004 0.010222 0.0115282 0.0134839 0.0424902 0.00952302 0.0086137 0.0081231 0.00841074 0.00847436 0.010742 0.00969337 0.00820894 0.00823342 0.0082646 0.0135233 0.00906945 0.00818277 0.00903155 0.0106162 0.0103815 
0.0346901 0.0238938 0.0127632 0.013066 0.0102889 0.0178534 0.0129967 0.0270287 0.0182266 0.0150552 0.0629055 0.0107536 0.0292793 0 0.00361068 0.00355738 0.00359905 0.00380713 0.00595063 0.206381 0.0166952 0.0131577 0.0144639 0.0100215 0.0226589 0.0184561 0.00995085 0.0093411 0.00919557 0.00963978 0.0155734 0.0179779 0.00935808 0.013776 0.0112374 0.0162036 0.0159958 0.0137555 0.0102351 0.0101831 0.00892867 0.0095 0.0128734 0.0126955 0.0105422 0.00918312 0.0114603 0.0120735 0.0122427 0.00854358 0.0109827 0.0101945 0.00983271 
0.0160561 0.0746754 0.0469177 0.0257244 0.044098 0.0173201 0.010469 0.0123406 0.0676248 0.0484059 0.0811713 0.0122822 0.00422624 0.00361068 0 0.00357899 0.00356872 0.00362177 0.00358722 0.0701289 0.130964 0.0233762 0.0236641 0.0293883 0.0103381 0.0113109 0.0184273 0.00985499 0.01056 0.0124192 0.00946221 0.0110001 0.0222715 0.00956556 0.0136451 0.0108352 0.0100189 0.011595 0.0272548 0.0146207 0.0133631 0.0142698 0.00928002 0.0119018 0.0254207 0.0199182 0.0137351 0.0100669 0.010374 0.0121331 0.00902298 0.00931303 0.00950069 
0.0196964 0.022359 0.0860871 0.153328 0.0575383 0.0159128 0.0120894 0.0227221 0.0271053 0.195126 0.0188131 0.00723787 0.0054963 0.00355738 0.00357899 0 0.00356127 0.0035717 0.00361576 0.0349973 0.0877509 0.0672386 0.0438235 0.0212692 0.010076 0.0116543 0.0137062 0.0140112 0.0149199 0.00942528 0.00984365 0.0112198 0.0125926 0.0102287 0.0111839 0.0113098 0.00912326 0.0107648 0.0285575 0.0183561 0.0517267 0.0101888 0.00998795 0.0135085 0.0175665 0.0611112 0.0111977 0.0122851 0.0102238 0.0109291 0.00892905 0.00896113 0.00997987 
0.0108477 0.0416534 0.0675103 0.0650833 0.0479599 0.0348333 0.00903 0.0270832 0.308559 0.0176443 0.0265344 0.0059923 0.00401398 0.00359905 0.00356872 0.00356127 0 0.00355851 0.00361087 0.0692349 0.0292442 0.110051 0.106413 0.011368 0.0132315 0.013044 0.0102872 0.0166897 0.012694 0.0105574 0.00945078 0.0160793 0.00916565 0.013914 0.0107175 0.0118286 0.00970826 0.0118112 0.0113659 0.0735152 0.0105406 0.0138234 0.00902292 0.0101057 0.0396754 0.016989 0.032565 0.00892221 0.0118613 0.00902981 0.00973611 0.00964516 0.0086997 
0.0146876 0.0414448 0.0214331 0.0204977 0.0224861 0.0144539 0.0123149 0.156357 0.0131186 0.100034 0.0152378 0.00839631 0.0061859 0.00380713 0.00362177 0.0035717 0.00355851 0 0.00381562 0.0210821 0.113329 0.0200016 0.0324655 0.10925 0.0101932 0.0101553 0.0192581 0.00978361 0.0107638 0.0121487 0.0105096 0.00934085 0.0353415 0.0097498 0.0143543 0.0112793 0.010173 0.00939057 0.0326852 0.00941379 0.0151435 0.00922442 0.00900396 0.0134573 0.0102533 0.0260794 0.00948591 0.012276 0.00888911 0.0126823 0.00841757 0.00908252 0.00976087 
0.0359865 0.0119921 0.0110176 0.011771 0.0102158 0.0111588 0.0182456 0.0272422 0.0148409 0.0120117 0.042303 0.00854423 0.00798349 0.00595063 0.00358722 0.00361576 0.00361087 0.00381562 0 0.0273456 0.0137045 0.020018 0.0162074 0.0156494 0.0470003 0.014408 0.00910778 0.00857039 0.00907633 0.00867952 0.0109711 0.0148366 0.00992423 0.0119328 0.0133792 0.0128526 0.0136551 0.0216962 0.00990093 0.0103397 0.00877036 0.00880119 0.00925113 0.0124631 0.0105159 0.00924621 0.0102693 0.0101589 0.0122835 0.00861041 0.00928776 0.0102361 0.00853308 
0.0114273 0.0147044 0.0107103 0.0104132 0.00915057 0.018624 0.0105289 0.0206462 0.030136 0.0109852 0.0237197 0.0139271 0.0139198 0.206381 0.0701289 0.0349973 0.0692349 0.0210821 0.0273456 0 0.00371762 0.00359874 0.00359311 0.00365349 0.0054182 0.00782698 0.00526572 0.00713492 0.006784 0.00950679 0.113827 0.0808521 0.00890955 0.028871 0.0124395 0.0295897 0.0219927 0.0261176 0.00971837 0.0193918 0.00885474 0.0129543 0.0163876 0.01329 0.0149228 0.00905627 0.0264016 0.0118056 0.0179979 0.00876249 0.0225165 0.0118075 0.0112898 
0.0135607 0.0167714 0.0248922 0.0189116 0.0258898 0.0104684 0.011516 0.0257171 0.0166593 0.052845 0.0112753 0.0101061 0.0103606 0.0166952 0.130964 0.0877509 0.0292442 0.113329 0.0137045 0.00371762 0 0.00355395 0.00356898 0.00363524 0.00358223 0.00423839 0.00729911 0.00531291 0.00783554 0.0719376 0.643518 0.00851586 0.0475684 0.00877986 0.0185644 0.0100075 0.0132895 0.00983325 0.0547476 0.00937125 0.023547 0.0102749 0.0108564 0.0162983 0.0120943 0.0428917 0.00926591 0.0211193 0.0091998 0.023167 0.00840826 0.00929198 0.0100956 
0.00909041 0.0235434 0.0282581 0.0486447 0.0264423 0.0206408 0.00896279 0.0109214 0.0482802 0.0208727 0.0176053 0.00902716 0.00869454 0.0131577 0.0233762 0.0672386 0.110051 0.0200016 0.020018 0.00359874 0.00355395 0 0.00356632 0.00354557 0.00354835 0.00390877 0.00443489 0.00619235 0.0362882 0.722288 0.00695814 0.010358 0.00780664 0.0100168 0.00893068 0.0116282 0.00870966 0.0129776 0.0109746 0.050274 0.0114842 0.013362 0.00902253 0.010702 0.0351145 0.0140112 0.0222868 0.00956978 0.0129736 0.00909531 0.00951719 0.00917577 0.00923516 
0.00904073 0.0155956 0.0315608 0.0307932 0.0255162 0.0130509 0.00906889 0.0115528 0.0271528 0.0244123 0.0142732 0.00875394 0.00855194 0.0144639 0.0236641 0.0438235 0.106413 0.0324655 0.0162074 0.00359311 0.00356898 0.00356632 0 0.00352542 0.00354458 0.00393871 0.00788791 0.11796 0.740716 0.00676508 0.00633661 0.00895984 0.00912905 0.00939977 0.0104592 0.00925794 0.00940034 0.0105202 0.0146126 0.0296231 0.0145253 0.0103456 0.00920894 0.0157971 0.018731 0.024416 0.0133255 0.0103115 0.00996902 0.00932165 0.00957853 0.00913247 0.00892755 
0.00972157 0.0106469 0.0124385 0.0112499 0.0109731 0.00967384 0.00938411 0.0154401 0.0103157 0.0375971 0.0109419 0.00981471 0.0104542 0.0100215 0.0293883 0.0212692 0.011368 0.10925 0.0156494 0.00365349 0.00363524 0.00354557 0.00352542 0 0.00369632 0.00651522 0.896956 0.0170058 0.0100575 0.00607543 0.0061887 0.00752322 0.0257155 0.00785333 0.0135918 0.00981777 0.00948884 0.0100083 0.0349892 0.00921846 0.0122604 0.00951189 0.00923573 0.0112254 0.0163577 0.0225304 0.00995082 0.0130674 0.00902738 0.0145195 0.00845882 0.00913563 0.00990718 
0.011871 0.0124601 0.00901718 0.00889557 0.00877725 0.0089531 0.00885072 0.0128645 0.0105389 0.00968212 0.0199089 0.0107731 0.0119335 0.0226589 0.0103381 0.010076 0.0132315 0.0101932 0.0470003 0.0054182 0.00358223 0.00354835 0.00354458 0.00369632 0 0.988201 0.00610676 0.0039194 0.00372904 0.00397767 0.0048596 0.0124031 0.00722018 0.00803083 0.0105482 0.0126668 0.0214569 0.0241281 0.00927419 0.00956986 0.00855815 0.00892188 0.00927083 0.0184146 0.011404 0.00881291 0.00995381 0.00909313 0.0154457 0.00841551 0.00980355 0.0114713 0.0092745 
0.00934527 0.00949451 0.00870283 0.00861198 0.00835014 0.0101064 0.00943607 0.0126809 0.0113523 0.0101831 0.0141348 0.0124735 0.012206 0.0184561 0.0113109 0.0116543 0.013044 0.0101553 0.014408 0.00782698 0.00423839 0.00390877 0.00393871 0.00651522 0.988201 0 0.00395354 0.00364259 0.00369458 0.0044957 0.00591799 0.00861049 0.00663395 0.0161245 0.00893576 0.017776 0.0149546 0.0168917 0.00908498 0.0115476 0.00889334 0.012141 0.0159371 0.011733 0.0107724 0.00873329 0.0130645 0.0127403 0.0128123 0.00849284 0.0144129 0.0122588 0.0103979 
0.00883557 0.00883736 0.00929453 0.00955974 0.0103164 0.00885925 0.00871696 0.0137625 0.00980596 0.0118427 0.0088795 0.00919282 0.00959091 0.00995085 0.0184273 0.0137062 0.0102872 0.0192581 0.00910778 0.00526572 0.00729911 0.00443489 0.00788791 0.896956 0.00610676 0.00395354 0 0.00363652 0.00355942 0.00394064 0.00377202 0.00542822 0.0110154 0.00752011 0.0104948 0.010285 0.00862634 0.00915548 0.017257 0.00887985 0.0121101 0.00957776 0.00953398 0.0114231 0.00941233 0.0125334 0.00910822 0.0126433 0.00890296 0.0105587 0.00848567 0.00973049 0.0100677 
0.00835606 0.00898292 0.00954334 0.0113322 0.00964462 0.00888062 0.00838066 0.00938742 0.0106604 0.00983316 0.00932725 0.00844999 0.00854054 0.0093411 0.00985499 0.0140112 0.0166897 0.00978361 0.00857039 0.00713492 0.00531291 0.00619235 0.11796 0.0170058 0.0039194 0.00364259 0.00363652 0 0.00353455 0.00358444 0.00454269 0.00694783 0.00617263 0.00744731 0.0079137 0.00855822 0.00725699 0.009322 0.00874998 0.0126057 0.00924859 0.00920261 0.00876735 0.00911506 0.00970406 0.00951499 0.0100505 0.0089201 0.00905578 0.00848187 0.00855826 0.00913603 0.00852676 
0.00840694 0.00910929 0.011079 0.0104404 0.00961726 0.00876938 0.00857213 0.0098175 0.0103476 0.0106094 0.00915744 0.00852044 0.00860876 0.00919557 0.01056 0.0149199 0.012694 0.0107638 0.00907633 0.006784 0.00783554 0.0362882 0.740716 0.0100575 0.00372904 0.00369458 0.00355942 0.00353455 0 0.00356817 0.00355092 0.00686527 0.00738793 0.015783 0.00720358 0.00764741 0.007061 0.00931542 0.00977387 0.0108635 0.00983191 0.00905567 0.00909769 0.00930182 0.00964212 0.0114122 0.0094934 0.00978364 0.00894236 0.00861512 0.00853328 0.0093104 0.00852092 
0.00850815 0.0103958 0.00870563 0.00862078 0.00843401 0.00870164 0.00815744 0.00952042 0.010239 0.0104138 0.00899465 0.00850948 0.00899861 0.00963978 0.0124192 0.00942528 0.0105574 0.0121487 0.00867952 0.00950679 0.0719376 0.722288 0.00676508 0.00607543 0.00397767 0.0044957 0.00394064 0.00358444 0.00356817 0 0.00370645 0.00575097 0.0628958 0.00676066 0.010467 0.00974972 0.0071757 0.0107303 0.0103737 0.00958496 0.00872339 0.00934262 0.0085964 0.00937973 0.0111236 0.00884299 0.00988543 0.00856044 0.00980504 0.00901481 0.00846823 0.00907188 0.0108069 
0.0134024 0.00849455 0.00848498 0.00847398 0.00840145 0.00808649 0.00869539 0.0199841 0.00866744 0.00966716 0.0100882 0.011734 0.0131599 0.0155734 0.00946221 0.00984365 0.00945078 0.0105096 0.0109711 0.113827 0.643518 0.00695814 0.00633661 0.0061887 0.0048596 0.00591799 0.00377202 0.00454269 0.00355092 0.00370645 0 0.0385169 0.00666975 0.00564401 0.0103551 0.00747224 0.00916564 0.0169189 0.0108406 0.00841377 0.0119887 0.00855531 0.00962617 0.0187816 0.00956211 0.00940926 0.00844975 0.0111052 0.0134064 0.00921962 0.00871354 0.0123941 0.00895912 
0.00895572 0.0111582 0.00868229 0.00903159 0.0084836 0.00935945 0.00858224 0.0111079 0.0136884 0.00946818 0.0153889 0.00983186 0.00978315 0.0179779 0.0110001 0.0112198 0.0160793 0.00934085 0.0148366 0.0808521 0.00851586 0.010358 0.00895984 0.00752322 0.0124031 0.00861049 0.00542822 0.00694783 0.00686527 0.00575097 0.0385169 0 0.00402277 0.00397214 0.00495837 0.0539434 0.00886744 0.0237086 0.00879537 0.0876944 0.00844457 0.0136509 0.0127113 0.0142478 0.0145886 0.00881473 0.0182657 0.0113573 0.0174614 0.00846921 0.0228191 0.0117885 0.0116301 
0.00974021 0.0088825 0.00877373 0.00863927 0.0093777 0.00873883 0.00972185 0.0136182 0.0092938 0.0218923 0.00885051 0.00999364 0.0107004 0.00935808 0.0222715 0.0125926 0.00916565 0.0353415 0.00992423 0.00890955 0.0475684 0.00780664 0.00912905 0.0257155 0.00722018 0.00663395 0.0110154 0.00617263 0.00738793 0.0628958 0.00666975 0.00402277 0 0.00370897 0.0106918 0.0328907 0.00661891 0.0084208 0.121079 0.00826518 0.0197078 0.00924333 0.01052 0.0132297 0.00940028 0.0212093 0.00886285 0.0199682 0.00903681 0.0789517 0.00834904 0.0122252 0.0126797 
0.00891413 0.0088866 0.00862101 0.00902569 0.00844955 0.00884512 0.0085533 0.0103823 0.0102597 0.00960285 0.015653 0.0094548 0.010222 0.013776 0.00956556 0.0102287 0.013914 0.0097498 0.0119328 0.028871 0.00877986 0.0100168 0.00939977 0.00785333 0.00803083 0.0161245 0.00752011 0.00744731 0.015783 0.00676066 0.00564401 0.00397214 0.00370897 0 0.129144 0.00441868 0.00512519 0.0729784 0.00884498 0.0142218 0.00859168 0.0106289 0.00919801 0.0137507 0.0130783 0.00893723 0.0119717 0.00953287 0.0403014 0.00876048 0.0134823 0.0130565 0.00965196 
0.00867713 0.00888589 0.0088754 0.00888495 0.00873765 0.00954037 0.00998473 0.0103868 0.00976433 0.0147639 0.0127874 0.0125485 0.0115282 0.0112374 0.0136451 0.0111839 0.0107175 0.0143543 0.0133792 0.0124395 0.0185644 0.00893068 0.0104592 0.0135918 0.0105482 0.00893576 0.0104948 0.0079137 0.00720358 0.010467 0.0103551 0.00495837 0.0106918 0.129144 0 0.0041129 0.0167922 0.0118138 0.0222536 0.00951598 0.0109456 0.0100495 0.0194361 0.0126911 0.0108952 0.0115913 0.00989195 0.033533 0.00974032 0.0177143 0.0112552 0.0134082 0.0269129 
0.00992694 0.00952051 0.00870165 0.00884915 0.00872608 0.00917621 0.00851481 0.0119845 0.0130111 0.0102145 0.0184329 0.0133415 0.0134839 0.0162036 0.0108352 0.0113098 0.0118286 0.0112793 0.0128526 0.0295897 0.0100075 0.0116282 0.00925794 0.00981777 0.0126668 0.017776 0.010285 0.00855822 0.00764741 0.00974972 0.00747224 0.0539434 0.0328907 0.00441868 0.0041129 0 0.0418049 0.0479375 0.0102916 0.0160654 0.00864957 0.0179067 0.01136 0.0138853 0.0142019 0.00914578 0.0302045 0.0109112 0.0241248 0.00991 0.0153472 0.0234231 0.0103365 
0.00974091 0.00850545 0.0083181 0.00824251 0.0082218 0.00818735 0.00977224 0.0123952 0.00901404 0.00915605 0.0120017 0.0388803 0.0424902 0.0159958 0.0100189 0.00912326 0.00970826 0.010173 0.0136551 0.0219927 0.0132895 0.00870966 0.00940034 0.00948884 0.0214569 0.0149546 0.00862634 0.00725699 0.007061 0.0071757 0.00916564 0.00886744 0.00661891 0.00512519 0.0167922 0.0418049 0 0.0074192 0.00909312 0.0049382 0.00556893 0.00624301 0.010016 0.0104836 0.00925745 0.00961689 0.00808894 0.018483 0.0191086 0.0137981 0.0143961 0.0280115 0.0215382 
0.00843588 0.00862564 0.00839654 0.00859127 0.00836997 0.0107372 0.00880489 0.00936893 0.0102106 0.00945602 0.0179121 0.01011 0.00952302 0.0137555 0.011595 0.0107648 0.0118112 0.00939057 0.0216962 0.0261176 0.00983325 0.0129776 0.0105202 0.0100083 0.0241281 0.0168917 0.00915548 0.009322 0.00931542 0.0107303 0.0169189 0.0237086 0.0084208 0.0729784 0.0118138 0.0479375 0.0074192 0 0.00359433 0.00357787 0.00356264 0.0039495 0.00506125 0.00562814 0.00895179 0.00663313 0.0251694 0.0520217 0.0910283 0.00876024 0.0445713 0.0158372 0.0209643 
0.00907665 0.00925087 0.0119911 0.00978803 0.0111917 0.00857406 0.00911373 0.0125791 0.00941198 0.0216046 0.00931836 0.00881571 0.0086137 0.0102351 0.0272548 0.0285575 0.0113659 0.0326852 0.00990093 0.00971837 0.0547476 0.0109746 0.0146126 0.0349892 0.00927419 0.00908498 0.017257 0.00874998 0.00977387 0.0103737 0.0108406 0.00879537 0.121079 0.00884498 0.0222536 0.0102916 0.00909312 0.00359433 0 0.00359159 0.00358028 0.00388661 0.00374351 0.00595243 0.00681886 0.0224389 0.012479 0.919877 0.00839028 0.0423944 0.00872674 0.0145343 0.0153387 
0.00829461 0.0116122 0.010198 0.0153442 0.0100107 0.0124171 0.00811202 0.00864032 0.0282942 0.0104673 0.0114117 0.00819023 0.0081231 0.0101831 0.0146207 0.0183561 0.0735152 0.00941379 0.0103397 0.0193918 0.00937125 0.050274 0.0296231 0.00921846 0.00956986 0.0115476 0.00887985 0.0126057 0.0108635 0.00958496 0.00841377 0.0876944 0.00826518 0.0142218 0.00951598 0.0160654 0.0049382 0.00357787 0.00359159 0 0.00352647 0.00356536 0.00356333 0.00425027 0.0146682 0.00674703 0.942491 0.00718574 0.0168504 0.00796559 0.0126106 0.0105386 0.010449 
0.00905833 0.00847325 0.0129408 0.00989016 0.010675 0.00841733 0.00874986 0.0126582 0.00876693 0.0156892 0.00885231 0.00837463 0.00841074 0.00892867 0.0133631 0.0517267 0.0105406 0.0151435 0.00877036 0.00885474 0.023547 0.0114842 0.0145253 0.0122604 0.00855815 0.00889334 0.0121101 0.00924859 0.00983191 0.00872339 0.0119887 0.00844457 0.0197078 0.00859168 0.0109456 0.00864957 0.00556893 0.00356264 0.00358028 0.00352647 0 0.00362136 0.00358255 0.00819401 0.00924434 0.962918 0.00679529 0.011887 0.00750879 0.0105526 0.00798874 0.00910771 0.010317 
0.00823554 0.0109958 0.00856939 0.00881025 0.00841565 0.00860463 0.00821643 0.00862588 0.0114903 0.00915876 0.00965032 0.00838989 0.00847436 0.0095 0.0142698 0.0101888 0.0138234 0.00922442 0.00880119 0.0129543 0.0102749 0.013362 0.0103456 0.00951189 0.00892188 0.012141 0.00957776 0.00920261 0.00905567 0.00934262 0.00855531 0.0136509 0.00924333 0.0106289 0.0100495 0.0179067 0.00624301 0.0039495 0.00388661 0.00356536 0.00362136 0 0.00361458 0.00743927 0.917031 0.00594036 0.0101588 0.00544047 0.0114124 0.00820637 0.00904198 0.0124935 0.0115586 
0.0105561 0.00869357 0.00843456 0.00823413 0.00835562 0.00804745 0.00830906 0.0141742 0.00856501 0.00879341 0.00904677 0.00998532 0.010742 0.0128734 0.00928002 0.00998795 0.00902292 0.00900396 0.00925113 0.0163876 0.0108564 0.00902253 0.00920894 0.00923573 0.00927083 0.0159371 0.00953398 0.00876735 0.00909769 0.0085964 0.00962617 0.0127113 0.01052 0.00919801 0.0194361 0.01136 0.010016 0.00506125 0.00374351 0.00356333 0.00358255 0.00361458 0 0.884184 0.00586515 0.00452326 0.00462098 0.00580704 0.0130795 0.0080524 0.00771035 0.0176775 0.0124285 
0.00942852 0.00854222 0.00914945 0.00874129 0.00864609 0.00840151 0.0101237 0.0147788 0.00884562 0.0107243 0.0113541 0.0106906 0.00969337 0.0126955 0.0119018 0.0135085 0.0101057 0.0134573 0.0124631 0.01329 0.0162983 0.010702 0.0157971 0.0112254 0.0184146 0.011733 0.0114231 0.00911506 0.00930182 0.00937973 0.0187816 0.0142478 0.0132297 0.0137507 0.0126911 0.0138853 0.0104836 0.00562814 0.00595243 0.00425027 0.00819401 0.00743927 0.884184 0 0.00356802 0.00359586 0.00362593 0.00679455 0.00781306 0.00695497 0.017759 0.0339282 0.0325923 
0.00833348 0.0125898 0.00929061 0.0102409 0.00943965 0.0106577 0.00814355 0.00873504 0.0262647 0.0100731 0.0126875 0.00836761 0.00820894 0.0105422 0.0254207 0.0175665 0.0396754 0.0102533 0.0105159 0.0149228 0.0120943 0.0351145 0.018731 0.0163577 0.011404 0.0107724 0.00941233 0.00970406 0.00964212 0.0111236 0.00956211 0.0145886 0.00940028 0.0130783 0.0108952 0.0142019 0.00925745 0.00895179 0.00681886 0.0146682 0.00924434 0.917031 0.00586515 0.00356802 0 0.00353491 0.00370496 0.00356117 0.00689904 0.0118728 0.665368 0.0201713 0.0137152 
0.00878179 0.00901124 0.0163325 0.0123633 0.0141227 0.00899159 0.00908375 0.0119521 0.00970768 0.0300353 0.0094541 0.00837901 0.00823342 0.00918312 0.0199182 0.0611112 0.016989 0.0260794 0.00924621 0.00905627 0.0428917 0.0140112 0.024416 0.0225304 0.00881291 0.00873329 0.0125334 0.00951499 0.0114122 0.00884299 0.00940926 0.00881473 0.0212093 0.00893723 0.0115913 0.00914578 0.00961689 0.00663313 0.0224389 0.00674703 0.962918 0.00594036 0.00452326 0.00359586 0.00353491 0 0.00354481 0.00370561 0.00488333 0.644794 0.0117793 0.00837767 0.0126174 
0.00833863 0.0107481 0.00882589 0.00928302 0.00895186 0.0118456 0.00836961 0.00864514 0.0197966 0.00974602 0.011913 0.00823392 0.0082646 0.0114603 0.0137351 0.0111977 0.032565 0.00948591 0.0102693 0.0264016 0.00926591 0.0222868 0.0133255 0.00995082 0.00995381 0.0130645 0.00910822 0.0100505 0.0094934 0.00988543 0.00844975 0.0182657 0.00886285 0.0119717 0.00989195 0.0302045 0.00808894 0.0251694 0.012479 0.942491 0.00679529 0.0101588 0.00462098 0.00362593 0.00370496 0.00354481 0 0.00361362 0.661467 0.00563108 0.0105519 0.0150126 0.0153356 
0.0132868 0.0084605 0.00875515 0.00860844 0.00922003 0.00804498 0.0102211 0.0244329 0.00841707 0.0114278 0.00910477 0.0127536 0.0135233 0.0120735 0.0100669 0.0122851 0.00892221 0.012276 0.0101589 0.0118056 0.0211193 0.00956978 0.0103115 0.0130674 0.00909313 0.0127403 0.0126433 0.0089201 0.00978364 0.00856044 0.0111052 0.0113573 0.0199682 0.00953287 0.033533 0.0109112 0.018483 0.0520217 0.919877 0.00718574 0.011887 0.00544047 0.00580704 0.00679455 0.00356117 0.00370561 0.00361362 0 0.00593001 0.0224268 0.00462079 0.0157726 0.0176707 
0.0083435 0.0087602 0.00834355 0.00841498 0.00830646 0.00952332 0.00841539 0.00904169 0.0103758 0.00892379 0.0120636 0.00912037 0.00906945 0.0122427 0.010374 0.0102238 0.0118613 0.00888911 0.0122835 0.0179979 0.0091998 0.0129736 0.00996902 0.00902738 0.0154457 0.0128123 0.00890296 0.00905578 0.00894236 0.00980504 0.0134064 0.0174614 0.00903681 0.0403014 0.00974032 0.0241248 0.0191086 0.0910283 0.00839028 0.0168504 0.00750879 0.0114124 0.0130795 0.00781306 0.00689904 0.00488333 0.661467 0.00593001 0 0.00356735 0.003772 0.0116625 0.0755161 
0.00829883 0.00841581 0.00862428 0.00856211 0.00861943 0.00830405 0.00835073 0.00889592 0.0086162 0.0128118 0.00872868 0.00829228 0.00818277 0.00854358 0.0121331 0.0109291 0.00902981 0.0126823 0.00861041 0.00876249 0.023167 0.00909531 0.00932165 0.0145195 0.00841551 0.00849284 0.0105587 0.00848187 0.00861512 0.00901481 0.00921962 0.00846921 0.0789517 0.00876048 0.0177143 0.00991 0.0137981 0.00876024 0.0423944 0.00796559 0.0105526 0.00820637 0.0080524 0.00695497 0.0118728 0.644794 0.00563108 0.0224268 0.00356735 0 0.0035487 0.0249351 0.0957606 
0.00843416 0.00864094 0.00838236 0.00829657 0.00821105 0.00852511 0.00800147 0.00908911 0.00928658 0.00835508 0.010515 0.00870597 0.00903155 0.0109827 0.00902298 0.00892905 0.00973611 0.00841757 0.00928776 0.0225165 0.00840826 0.00951719 0.00957853 0.00845882 0.00980355 0.0144129 0.00848567 0.00855826 0.00853328 0.00846823 0.00871354 0.0228191 0.00834904 0.0134823 0.0112552 0.0153472 0.0143961 0.0445713 0.00872674 0.0126106 0.00798874 0.00904198 0.00771035 0.017759 0.665368 0.0117793 0.0105519 0.00462079 0.003772 0.0035487 0 0.0489869 0.00988227 
0.00885285 0.00858261 0.00840943 0.00830411 0.00815216 0.00857038 0.00901552 0.00966186 0.0093316 0.00918602 0.00961849 0.0107711 0.0106162 0.0101945 0.00931303 0.00896113 0.00964516 0.00908252 0.0102361 0.0118075 0.00929198 0.00917577 0.00913247 0.00913563 0.0114713 0.0122588 0.00973049 0.00913603 0.0093104 0.00907188 0.0123941 0.0117885 0.0122252 0.0130565 0.0134082 0.0234231 0.0280115 0.0158372 0.0145343 0.0105386 0.00910771 0.0124935 0.0176775 0.0339282 0.0201713 0.00837767 0.0150126 0.0157726 0.0116625 0.0249351 0.0489869 0 0.00865638 
0.00869921 0.00853012 0.00835523 0.00839616 0.00828608 0.0081977 0.00837786 0.0102819 0.00846878 0.00873897 0.00852028 0.00996943 0.0103815 0.00983271 0.00950069 0.00997987 0.0086997 0.00976087 0.00853308 0.0112898 0.0100956 0.00923516 0.00892755 0.00990718 0.0092745 0.0103979 0.0100677 0.00852676 0.00852092 0.0108069 0.00895912 0.0116301 0.0126797 0.00965196 0.0269129 0.0103365 0.0215382 0.0209643 0.0153387 0.010449 0.010317 0.0115586 0.0124285 0.0325923 0.0137152 0.0126174 0.0153356 0.0176707 0.0755161 0.0957606 0.00988227 0.00865638 0 
