1D2UA
ACTKNAIAQTGFNKDKYFNGDVWYVTDYLDLEPDDVPKRYCAALAAGTASGKLKEALYHYDPKTQDTFYDVSELQVESLGKYTANFKKVDKNGNVKVAVTAGNYYTFTVMYADDSSALIHTCLHKGNKDLGDLYAVLNRNKDAAAGDKVKSAVSAATLEFSKFISTKENNCAYDNDSLKSLLTK
CCCCCCCCCCCCCHHHHCCCCEEEEEEEEECCCCCCCCCCEEEEEEEEECCEEEEEEEEECCCCCCEEEEEEEEEEEECCEEEEEEEEECCCCCEEECCCCCCEEEEEEEEECCCEEEEEEEEECCCCCCCEEEEEEECCCCCCCCHHHHHHHHHCCCCHHHCEECHHHCCCCCHHHHHHHCCC
0 0 0 0 0 0 0 0 0 0 0 0 0 0 0 0 0 0 0 0 0 0 0 0 0 0 0 0 0 0 0 0 0 0 0 0 0 0 0 0 0 0 0 0 0 0 0 0 0 0 0 0 0 0 0 0 0 0 0 0 0 0 0 0 0 0 0 0 0 0 0 0 0 0 0 0 0 0 0 0 0 0 0 0 0 0 0 0 0 0 0 0 0 0 0 0 0 0 0 0 0 0 0 0 0 0 0 0 0 0 0 0 0 0 0 0 0 0 0 0 0 0 0 0 0 0 0 0 0 0 0 0 0 0 0 0 0 0 0 0 0 0 0 0 0 0 0 0 0 0 0 0 0 0 0 0 0 0 0 0 0 0 0 0 0 0 0 0 0 0 0 0 0 0 0 0 0 0 0 0 0 0 0 0 
0 0 0 0 0 0 0 0 0 0 0 0 0 0 0 0 0 0 0 0 0 0 0 0 0 0 0 0 0 0 0 0 0 0 0 0 0 0 0 0 0 0 0 0 0 0 0 0 0 0 0 0 0 0 0 0 0 0 0 0 0 0 0 0 0 0 0 0 0 0 0 0 0 0 0 0 0 0 0 0 0 0 0 0 0 0 0 0 0 0 0 0 0 0 0 0 0 0 0 0 0 0 0 0 0 0 0 0 0 0 0 0 0 0 0 0 0 0 0 0 0 0 0 0 0 0 0 0 0 0 0 0 0 0 0 0 0 0 0 0 0 0 0 0 0 0 0 0 0 0 0 0 0 0 0 0 0 0 0 0 0 0 0 0 0 0 0 0 0 0 0 0 0 0 0 0 0 0 0 0 0 0 0 0 
0 0.00360025 0.00353757 0.00354798 0.00374334 0.00357795 0.00360216 0.00798869 0.0108007 0.0142011 0.00979841 0.00947374 0.0114085 0.0202145 0.00968154 0.00968416 0.0105555 0.0415233 0.0100915 0.0110892 0.00967793 0.011155 0.0106877 0.00964155 0.00952458 0.00989129 0.0138757 0.0114299 0.00994483 0.00982058 0.00947729 0.00952082 0.00944033 0.00903549 0.00969551 0.00889588 0.00869588 0.00929855 0.0106307 0.00908472 0.00908839 0.0091996 0.0096743 0.00880188 0.00897765 0.00883645 0.00927374 0.0159408 0.00907967 0.00847471 0.0110877 0.00858991 0.00839582 0.00840997 0.00872193 0.00871558 0.00889777 0.00885671 0.00897447 0.0131894 0.00874479 0.00850871 0.00879773 0.00879424 0.00879686 0.00867592 0.00853741 0.00832735 0.00948759 0.00819603 0.00819698 0.00842093 0.00861423 0.00873414 0.00842732 0.0104068 0.00812043 0.00869735 
0.00360025 0 0.00356233 0.00355411 0.00356002 0.00355538 0.00421521 0.00557717 0.00404017 0.0109941 0.028345 0.0174974 0.0300529 0.0193596 0.0143762 0.0176194 0.0307426 0.0176132 0.0098946 0.0165595 0.0153196 0.0208423 0.0278042 0.017356 0.0164761 0.014693 0.0148172 0.00983561 0.0238454 0.0183501 0.0218681 0.0165798 0.0181404 0.0113543 0.0164413 0.00976787 0.0102524 0.0103659 0.00878038 0.00965534 0.0180243 0.0119152 0.0170313 0.0117207 0.013589 0.0126108 0.018065 0.00997023 0.00860439 0.00982832 0.00953918 0.00859265 0.0103978 0.00986772 0.0153199 0.0133882 0.0213593 0.0165252 0.019296 0.00996962 0.00859226 0.0142369 0.0147216 0.0169544 0.0146153 0.0128008 0.0110411 0.0095493 0.0087239 0.00820795 0.00957791 0.0106306 0.0125 0.0124167 0.0119249 0.0091789 0.00819118 0.00824397 
0.00353757 0.00356233 0 0.00359893 0.0035297 0.00357496 0.00357265 0.00368167 0.00369798 0.00958739 0.0178364 0.0784747 0.0271129 0.0398113 0.0322006 0.0354966 0.0401196 0.00957067 0.0105523 0.0105549 0.0256051 0.0339159 0.0368036 0.0400993 0.0254039 0.022961 0.0102518 0.0114083 0.0126138 0.0439648 0.0483224 0.0286587 0.0272572 0.0434247 0.0113752 0.0217915 0.0107431 0.0102455 0.0090129 0.0108666 0.0135954 0.0414086 0.0159777 0.0417079 0.0152497 0.0294421 0.0166989 0.00959549 0.00898978 0.00862677 0.00901209 0.00930829 0.00988043 0.0339439 0.015826 0.0436814 0.0297916 0.0624941 0.0187115 0.00986501 0.00913858 0.0135089 0.0445225 0.0306777 0.0386735 0.0252446 0.0153653 0.0106362 0.00840978 0.00864628 0.0103011 0.0204065 0.0189701 0.0332195 0.0127986 0.00987505 0.00845305 0.00826094 
0.00354798 0.00355411 0.00359893 0 0.003555 0.0035546 0.00355796 0.00480343 0.00359049 0.00903839 0.0140476 0.0214233 0.0420839 0.0273085 0.0391421 0.0595783 0.00976587 0.0111464 0.00851714 0.0149454 0.0132218 0.0283275 0.035608 0.0208606 0.034404 0.0117513 0.0124393 0.0089879 0.0198539 0.0259748 0.0291801 0.0343207 0.0401116 0.0120495 0.0285807 0.00978242 0.0147188 0.00895729 0.00880126 0.00906868 0.0250705 0.012111 0.053934 0.0114805 0.0440275 0.017126 0.0113981 0.0103172 0.0086961 0.00857199 0.00878339 0.00840067 0.0175044 0.0103111 0.0470997 0.0152686 0.0783992 0.0352556 0.0169041 0.0099285 0.00875376 0.0175493 0.0270396 0.0516077 0.0309849 0.0262012 0.0202159 0.00923483 0.00844078 0.00844896 0.010264 0.0166377 0.022515 0.0215798 0.0138605 0.00873588 0.00834408 0.00820904 
0.00374334 0.00356002 0.0035297 0.003555 0 0.00353379 0.00355666 0.00355787 0.00356138 0.00945252 0.0100184 0.0273219 0.0205053 0.0465243 0.0227225 0.0128795 0.0127678 0.00832508 0.00986902 0.00934704 0.0191393 0.0190155 0.0217833 0.0259123 0.0134256 0.0148818 0.00958315 0.010005 0.0108052 0.0255065 0.0306932 0.0270509 0.0182298 0.026933 0.0105302 0.0150284 0.00919248 0.00921489 0.00847517 0.00991047 0.01109 0.026451 0.0109868 0.0588225 0.0115194 0.0144613 0.0128079 0.00891553 0.00860183 0.00838367 0.00842023 0.00881088 0.00916334 0.021288 0.0123479 0.0470588 0.0238204 0.0306386 0.0133597 0.00899548 0.00889443 0.0119289 0.0301373 0.0243807 0.0358704 0.0222056 0.0118379 0.00914124 0.00819852 0.00839365 0.00917963 0.0158293 0.0178442 0.0175377 0.0102546 0.0086559 0.00819395 0.0080633 
0.00357795 0.00355538 0.00357496 0.0035546 0.00353379 0 0.00353473 0.00356127 0.00355843 0.00827141 0.0165911 0.0222305 0.0392698 0.0307897 0.020489 0.0138237 0.0086843 0.00904399 0.00873476 0.0115021 0.0143571 0.023582 0.0235301 0.0167796 0.016865 0.0103767 0.0112408 0.00918136 0.01272 0.0193711 0.03695 0.0197542 0.0216558 0.0133664 0.013657 0.0099327 0.0103279 0.00883004 0.00856965 0.00933543 0.0161629 0.0129684 0.0360822 0.0125014 0.0148814 0.0130868 0.0105474 0.00924846 0.00869984 0.00834197 0.00851593 0.00841518 0.0118515 0.0115624 0.0293842 0.0175196 0.0334249 0.0232217 0.0140693 0.00914201 0.00853752 0.0136725 0.0243358 0.0381167 0.0351496 0.0191141 0.0122116 0.00884051 0.00825882 0.00862231 0.0100371 0.0148686 0.017599 0.0173058 0.010495 0.00860013 0.00822053 0.00807056 
0.00360216 0.00421521 0.00357265 0.00355796 0.00355666 0.00353473 0 0.00355112 0.00353847 0.0107357 0.0289348 0.0711314 0.0366425 0.0157945 0.0115703 0.0105427 0.0116513 0.0086011 0.00942126 0.00936197 0.0162773 0.0175616 0.0178624 0.0152501 0.0139563 0.011061 0.010127 0.00979316 0.0108167 0.0333481 0.0198657 0.0175984 0.0167681 0.0157195 0.0103637 0.0110481 0.0100358 0.00930445 0.00869622 0.00989068 0.0111015 0.0321541 0.0118342 0.0194906 0.0109082 0.0129135 0.0109089 0.00937501 0.00871604 0.0085595 0.00876617 0.00911674 0.00910896 0.0207575 0.0117259 0.0241283 0.0177754 0.0245449 0.0130548 0.00932029 0.0089311 0.0110106 0.0338734 0.024291 0.0222728 0.0152896 0.0109348 0.00891222 0.00827311 0.00849755 0.0092791 0.0133884 0.0151961 0.0155501 0.010123 0.00879451 0.00829811 0.00811658 
0.00798869 0.00557717 0.00368167 0.00480343 0.00355787 0.00356127 0.00355112 0 0.00386352 0.0280664 0.0497668 0.0397457 0.0128128 0.0105884 0.00903278 0.0108365 0.0094722 0.0097207 0.00914062 0.0219015 0.0105915 0.0116334 0.0140667 0.0102727 0.0120301 0.0110485 0.0114558 0.00947098 0.0242191 0.0111023 0.0116335 0.01289 0.010522 0.00894993 0.0110643 0.00866473 0.00922176 0.00900059 0.00876899 0.00962965 0.0379758 0.00910085 0.014428 0.00905199 0.0105821 0.00975939 0.00923282 0.00967824 0.00912436 0.00930797 0.00893987 0.00894294 0.0201635 0.00863402 0.0129838 0.00916779 0.0122973 0.0109743 0.0119088 0.00888282 0.00899738 0.013695 0.0105768 0.0124802 0.0105272 0.00985801 0.00912498 0.00875933 0.00816548 0.00883406 0.00935387 0.00895853 0.00968933 0.00942189 0.0104445 0.00828505 0.0086652 0.00810045 
0.0108007 0.00404017 0.00369798 0.00359049 0.00356138 0.00355843 0.00353847 0.00386352 0 0.0794875 0.0163941 0.0109627 0.00842856 0.00867949 0.00793256 0.00815107 0.00897423 0.00846688 0.0329659 0.00945744 0.00891396 0.00907346 0.00892942 0.00884808 0.00894413 0.00946735 0.0108222 0.0278048 0.00906602 0.00915375 0.00975289 0.00882853 0.0087947 0.00915097 0.00862544 0.00890537 0.00835008 0.00850971 0.00890356 0.0277443 0.00933656 0.0093902 0.00850827 0.00908001 0.00850692 0.00858878 0.00888816 0.00896979 0.0113397 0.00843516 0.0089601 0.0150669 0.00832142 0.00878337 0.00835989 0.00894493 0.00873659 0.00893077 0.00893946 0.00881336 0.0114292 0.00966473 0.00876428 0.0088609 0.00877633 0.00861845 0.00834109 0.00838564 0.00821537 0.00921867 0.0084408 0.00838465 0.00849003 0.00829938 0.00832951 0.00897173 0.00860384 0.00819339 
0.0142011 0.0109941 0.00958739 0.00903839 0.00945252 0.00827141 0.0107357 0.0280664 0.0794875 0 0.0036374 0.00356813 0.00357709 0.00356317 0.00362509 0.0036894 0.00451634 0.00820854 0.00863405 0.00701776 0.00704608 0.00790234 0.00805755 0.00788969 0.00943191 0.0161518 0.912424 0.0127844 0.0106782 0.0101571 0.00974521 0.00991946 0.00951015 0.00985557 0.00946268 0.00942863 0.00889941 0.00980987 0.0149116 0.0121477 0.0105289 0.0103137 0.0104282 0.00975159 0.00991554 0.00947935 0.0106947 0.0221751 0.0108128 0.00927124 0.0156788 0.00949515 0.00954849 0.00886325 0.0100088 0.00951431 0.0107064 0.00959622 0.0113973 0.0178457 0.0111117 0.00967301 0.00952967 0.00988844 0.00983823 0.00948432 0.00893929 0.00885319 0.0109547 0.00871419 0.00846921 0.00900035 0.00931522 0.00979659 0.00909015 0.0129124 0.00846099 0.00969072 
0.00979841 0.028345 0.0178364 0.0140476 0.0100184 0.0165911 0.0289348 0.0497668 0.0163941 0.0036374 0 0.00355821 0.00358187 0.00356125 0.00355695 0.00395847 0.00393299 0.00473133 0.00583349 0.00779086 0.00699896 0.00933563 0.00939596 0.00977773 0.01975 0.901465 0.0167978 0.0102414 0.0184856 0.0147349 0.0156636 0.0136029 0.0138231 0.0117685 0.0104107 0.00945903 0.00989807 0.0105594 0.00875259 0.0117308 0.0182762 0.0135622 0.0156363 0.0120926 0.012447 0.0124623 0.0137771 0.0105364 0.00932488 0.0104538 0.00895016 0.00911573 0.0133854 0.0112581 0.0159437 0.0169142 0.0210753 0.0272266 0.0169285 0.0100744 0.00980266 0.0180273 0.0214935 0.021911 0.0227731 0.015831 0.0121988 0.010174 0.00849902 0.00883328 0.010862 0.0136324 0.0169727 0.0172681 0.013698 0.00885085 0.00851553 0.00815439 
0.00947374 0.0174974 0.0784747 0.0214233 0.0273219 0.0222305 0.0711314 0.0397457 0.0109627 0.00356813 0.00355821 0 0.00354262 0.0035605 0.00354474 0.00357985 0.00378217 0.00369594 0.00585949 0.00679906 0.00906626 0.00886001 0.0118766 0.0158534 0.930267 0.0224038 0.0092315 0.0101282 0.0117175 0.0197215 0.0201446 0.0160619 0.0185556 0.016258 0.0100087 0.013268 0.0107175 0.00949549 0.00881802 0.0108887 0.0149735 0.0253557 0.0159818 0.024121 0.0148015 0.020357 0.0144565 0.00953448 0.0094151 0.00879438 0.00904863 0.00957233 0.0118794 0.0217242 0.0180704 0.0332868 0.0410397 0.0429745 0.0227046 0.00951661 0.00958735 0.0173905 0.0411907 0.0409162 0.0435727 0.0263184 0.0183938 0.0102469 0.00855804 0.00880385 0.0116076 0.0203672 0.0227832 0.0334548 0.0136234 0.00925759 0.00833935 0.00823563 
0.0114085 0.0300529 0.0271129 0.0420839 0.0205053 0.0392698 0.0366425 0.0128128 0.00842856 0.00357709 0.00358187 0.00354262 0 0.00353399 0.00355128 0.00350428 0.00358388 0.00382412 0.00518006 0.00799604 0.00704653 0.0105232 0.0164574 0.90783 0.0220652 0.00922314 0.00922494 0.00893544 0.0131175 0.0172709 0.0182034 0.0267904 0.0200156 0.0112182 0.0154641 0.0101022 0.0126481 0.00963525 0.00912661 0.0100543 0.0190359 0.0163423 0.0308413 0.0145764 0.0275434 0.0195837 0.0119299 0.0112459 0.00931013 0.00877853 0.00922094 0.00936464 0.0152055 0.015091 0.0348484 0.0269674 0.0538223 0.0450727 0.0180356 0.0103287 0.00966269 0.0181894 0.0364037 0.0529235 0.037614 0.0299525 0.0193639 0.00977463 0.00861962 0.00878338 0.0111546 0.0227539 0.0332843 0.0294746 0.0169033 0.00940866 0.00832772 0.00835527 
0.0202145 0.0193596 0.0398113 0.0273085 0.0465243 0.0307897 0.0157945 0.0105884 0.00867949 0.00356317 0.00356125 0.0035605 0.00353399 0 0.00352395 0.00352727 0.00355735 0.00355527 0.00506746 0.00616911 0.00830285 0.0110211 0.922595 0.0297469 0.0112239 0.00838507 0.00929102 0.00901014 0.0114868 0.0164846 0.0256014 0.0152677 0.0143407 0.0144625 0.0104366 0.0111327 0.010673 0.00932034 0.00876088 0.0100834 0.0151414 0.0226329 0.0164982 0.0300014 0.0161397 0.0162977 0.0135004 0.0098098 0.00900238 0.00880959 0.00904938 0.00925442 0.0121514 0.0182823 0.0270094 0.0339961 0.0376519 0.0323621 0.0184009 0.0104404 0.00919819 0.0162494 0.0368175 0.0364048 0.045743 0.025038 0.0154901 0.00958172 0.00859623 0.00858435 0.010923 0.0235728 0.0249677 0.036673 0.013886 0.00945077 0.00834671 0.00820975 
0.00968154 0.0143762 0.0322006 0.0391421 0.0227225 0.020489 0.0115703 0.00903278 0.00793256 0.00362509 0.00355695 0.00354474 0.00355128 0.00352395 0 0.00352135 0.00357671 0.00354766 0.00457366 0.00583911 0.00874892 0.923646 0.0269273 0.00857623 0.00804623 0.00842174 0.00680011 0.00897227 0.00937301 0.0162636 0.0165997 0.0126625 0.0143199 0.0121309 0.010053 0.0104183 0.0097559 0.00941985 0.00855682 0.0101451 0.0135874 0.0190169 0.0187251 0.0163741 0.0122646 0.0131533 0.0114201 0.00939368 0.00909816 0.00864783 0.00882306 0.00949012 0.0101106 0.0166361 0.0142545 0.0251193 0.0211717 0.0252986 0.0151797 0.00949745 0.00889406 0.012698 0.0228402 0.0283164 0.0260292 0.0185735 0.0120039 0.00914993 0.00831457 0.008632 0.0102015 0.0148957 0.01992 0.018099 0.0116725 0.00921602 0.0082871 0.00811512 
0.00968416 0.0176194 0.0354966 0.0595783 0.0128795 0.0138237 0.0105427 0.0108365 0.00815107 0.0036894 0.00395847 0.00357985 0.00350428 0.00352727 0.00352135 0 0.00353921 0.00356059 0.00645212 0.0153549 0.907614 0.0454595 0.0139194 0.00779108 0.0119288 0.00644017 0.00773017 0.00791264 0.0122508 0.0121716 0.0118442 0.0126829 0.0195703 0.00893706 0.015305 0.00855574 0.0105797 0.00879264 0.00921156 0.00935666 0.015032 0.0125518 0.0272662 0.00948765 0.014162 0.0140633 0.00939294 0.0112442 0.00883042 0.0086454 0.00930703 0.00855961 0.0204045 0.00957668 0.0266973 0.0109764 0.0274778 0.0196146 0.0120175 0.00974892 0.00906188 0.0127247 0.0204813 0.0257295 0.0198825 0.0133392 0.0136751 0.00873125 0.00850778 0.00874604 0.00948797 0.0168123 0.0136198 0.0187921 0.01045 0.00882951 0.00823063 0.00822037 
0.0105555 0.0307426 0.0401196 0.00976587 0.0127678 0.0086843 0.0116513 0.0094722 0.00897423 0.00451634 0.00393299 0.00378217 0.00358388 0.00355735 0.00357671 0.00353921 0 0.00358873 0.011199 0.987309 0.00831958 0.00796588 0.00562809 0.00682284 0.0065081 0.00903651 0.00595423 0.0121702 0.00951303 0.0110004 0.0116834 0.0104726 0.00875158 0.01262 0.00834632 0.0104023 0.00836947 0.0106888 0.00842886 0.0136285 0.0111454 0.0142696 0.00845849 0.0153914 0.00862754 0.00902265 0.0138723 0.00853851 0.0094645 0.0098315 0.00862453 0.0140042 0.00887368 0.0162959 0.00860287 0.0144044 0.00951015 0.010714 0.0138649 0.00882631 0.00921279 0.0109565 0.0121926 0.010139 0.0107276 0.0100507 0.0086654 0.00900645 0.00820742 0.00847566 0.00955573 0.00874551 0.00933585 0.00947647 0.00970694 0.00859049 0.00844478 0.00813437 
0.0415233 0.0176132 0.00957067 0.0111464 0.00832508 0.00904399 0.0086011 0.0097207 0.00846688 0.00820854 0.00473133 0.00369594 0.00382412 0.00355527 0.00354766 0.00356059 0.00358873 0 0.992361 0.0164639 0.00408464 0.00385697 0.0083068 0.00469828 0.00592109 0.00531491 0.00843405 0.00999718 0.0115884 0.00845631 0.00918369 0.00911964 0.00975876 0.00802688 0.0122215 0.00842824 0.0105254 0.00837344 0.00937928 0.0157081 0.0130958 0.008494 0.0115575 0.00831152 0.00948243 0.0090676 0.00837774 0.0154653 0.0154081 0.0088386 0.0109561 0.0119638 0.0141844 0.00823124 0.0112708 0.00847238 0.00924088 0.00893626 0.00882649 0.010365 0.0158598 0.00987985 0.00874604 0.00901461 0.00879377 0.00849895 0.00868361 0.00828005 0.00850634 0.0115126 0.008412 0.00862773 0.00864337 0.00849899 0.00853565 0.00890619 0.00863515 0.00834659 
0.0100915 0.0098946 0.0105523 0.00851714 0.00986902 0.00873476 0.00942126 0.00914062 0.0329659 0.00863405 0.00583349 0.00585949 0.00518006 0.00506746 0.00457366 0.00645212 0.011199 0.992361 0 0.00368422 0.00356212 0.00378961 0.00360134 0.00386192 0.00381115 0.00665109 0.00523417 0.0128614 0.00725505 0.00859507 0.00843964 0.00800368 0.00833713 0.0121576 0.00852373 0.304606 0.00895773 0.0110797 0.0156933 0.0150856 0.00888487 0.0132109 0.00848292 0.0123537 0.00869894 0.00876346 0.0141578 0.0130221 0.0111071 0.0102815 0.0152962 0.0151579 0.00834865 0.0117271 0.00854954 0.0107739 0.00877339 0.00895243 0.0117718 0.0149862 0.0106314 0.00892873 0.00901965 0.00876147 0.00890866 0.00900804 0.00836512 0.00929941 0.0111467 0.00839343 0.00834418 0.00854977 0.00875203 0.00884101 0.00888696 0.0136086 0.00851029 0.00982327 
0.0110892 0.0165595 0.0105549 0.0149454 0.00934704 0.0115021 0.00936197 0.0219015 0.00945744 0.00701776 0.00779086 0.00679906 0.00799604 0.00616911 0.00583911 0.0153549 0.987309 0.0164639 0.00368422 0 0.00354987 0.00355442 0.00363091 0.00360296 0.00371967 0.00408565 0.00503975 0.00662413 0.0112576 0.00813204 0.00877287 0.00873505 0.0100401 0.00964951 0.621435 0.00896778 0.0108381 0.0114527 0.009619 0.0092326 0.0156311 0.00892685 0.0173847 0.00866798 0.0113693 0.0101141 0.00996559 0.0177155 0.011708 0.0103473 0.012847 0.00888604 0.0173599 0.00870285 0.0184373 0.00945848 0.0136571 0.0130689 0.0115757 0.010737 0.00969334 0.0123717 0.0107811 0.0126276 0.0111302 0.0101727 0.0107945 0.00962878 0.00884391 0.00845467 0.0088551 0.00992648 0.0104777 0.0108242 0.0108299 0.00910153 0.00825445 0.00838973 
0.00967793 0.0153196 0.0256051 0.0132218 0.0191393 0.0143571 0.0162773 0.0105915 0.00891396 0.00704608 0.00699896 0.00906626 0.00704653 0.00830285 0.00874892 0.907614 0.00831958 0.00408464 0.00356212 0.00354987 0 0.00353508 0.0035336 0.00354196 0.00352395 0.00423218 0.00361057 0.00825712 0.00722814 0.00932914 0.00914741 0.00967481 0.0133558 0.822705 0.00971342 0.0109735 0.0105648 0.00889731 0.0084172 0.00961192 0.0104266 0.0178249 0.00958133 0.015011 0.011233 0.0116216 0.0122035 0.00929696 0.00926826 0.0089255 0.0091168 0.0100153 0.00914848 0.0226924 0.0119791 0.0265964 0.0227371 0.0276676 0.0142488 0.0096989 0.0091651 0.0127912 0.0274762 0.0213729 0.0221849 0.0197026 0.0129212 0.00903612 0.00849764 0.00848873 0.0100616 0.0137053 0.0175645 0.0231744 0.0105382 0.00925001 0.00824813 0.00820567 
0.011155 0.0208423 0.0339159 0.0283275 0.0190155 0.023582 0.0175616 0.0116334 0.00907346 0.00790234 0.00933563 0.00886001 0.0105232 0.0110211 0.923646 0.0454595 0.00796588 0.00385697 0.00378961 0.00355442 0.00353508 0 0.00352999 0.00354245 0.00355908 0.00359881 0.00364348 0.0079686 0.00915883 0.00915869 0.0119786 0.0164555 0.827649 0.0244415 0.0121922 0.0130537 0.0100269 0.00921371 0.00889623 0.0106371 0.0151631 0.0174308 0.0146861 0.0158523 0.0145115 0.0151286 0.0119995 0.00965982 0.00992805 0.00919899 0.00916957 0.00997363 0.0128981 0.0165883 0.0234612 0.0360539 0.0385859 0.0427162 0.0172395 0.0101007 0.0103897 0.0197301 0.0353241 0.0423027 0.0382795 0.0313578 0.0166568 0.00992571 0.00862521 0.00919772 0.0122028 0.0208839 0.0310042 0.0340315 0.0164808 0.00955856 0.00842575 0.00828554 
0.0106877 0.0278042 0.0368036 0.035608 0.0217833 0.0235301 0.0178624 0.0140667 0.00892942 0.00805755 0.00939596 0.0118766 0.0164574 0.922595 0.0269273 0.0139194 0.00562809 0.0083068 0.00360134 0.00363091 0.0035336 0.00352999 0 0.00353534 0.00353155 0.00363779 0.00360461 0.00700256 0.00851019 0.012783 0.0213082 0.909451 0.0190188 0.0168266 0.0172739 0.00918239 0.013943 0.00910538 0.0140617 0.00991861 0.0176256 0.0128679 0.0212912 0.0134933 0.0170563 0.0151413 0.011098 0.010645 0.00965789 0.00908407 0.00938682 0.00945997 0.0161161 0.0146164 0.0373481 0.0332545 0.0519627 0.0452016 0.0203329 0.0108175 0.0103812 0.0234036 0.0453071 0.0561901 0.0607206 0.0280639 0.0228341 0.00957483 0.00869956 0.00908264 0.0135522 0.0298987 0.0350148 0.0506614 0.0166948 0.00943231 0.0084408 0.00835161 
0.00964155 0.017356 0.0400993 0.0208606 0.0259123 0.0167796 0.0152501 0.0102727 0.00884808 0.00788969 0.00977773 0.0158534 0.90783 0.0297469 0.00857623 0.00779108 0.00682284 0.00469828 0.00386192 0.00360296 0.00354196 0.00354245 0.00353534 0 0.00353527 0.00356805 0.00353487 0.00595009 0.00884166 0.0120485 0.937748 0.0115517 0.0119105 0.00988471 0.00844076 0.0101782 0.00839209 0.00931446 0.00835792 0.00914997 0.0104102 0.018419 0.0117706 0.0170286 0.0104834 0.0117018 0.0115363 0.00968955 0.00906225 0.00889242 0.00913081 0.0094539 0.00982289 0.024841 0.0150522 0.0379268 0.0280487 0.0349517 0.0177421 0.00999821 0.00943379 0.014092 0.0411222 0.0415217 0.035162 0.026294 0.0130291 0.00965245 0.00857481 0.00866827 0.0111367 0.0185602 0.0322276 0.0301685 0.013253 0.00952079 0.00838489 0.00831142 
0.00952458 0.0164761 0.0254039 0.034404 0.0134256 0.016865 0.0139563 0.0120301 0.00894413 0.00943191 0.01975 0.930267 0.0220652 0.0112239 0.00804623 0.0119288 0.0065081 0.00592109 0.00381115 0.00371967 0.00352395 0.00355908 0.00353155 0.00353527 0 0.00352987 0.00354534 0.00638853 0.0107115 0.93357 0.0150896 0.0125395 0.0093023 0.00899964 0.0110974 0.00819859 0.0110628 0.00853233 0.0091038 0.0086745 0.0131454 0.0117653 0.0189434 0.00912152 0.0131541 0.0124923 0.00983763 0.0110532 0.00910321 0.00884596 0.00957182 0.00871782 0.0189572 0.0110836 0.0355666 0.0128028 0.0392501 0.0283085 0.0145281 0.0103153 0.00925375 0.0149487 0.0273119 0.0352019 0.0334651 0.0173112 0.0171384 0.00926609 0.00860898 0.00920708 0.0107923 0.0207146 0.0189127 0.027937 0.0140683 0.00918622 0.00829378 0.00828586 
0.00989129 0.014693 0.022961 0.0117513 0.0148818 0.0103767 0.011061 0.0110485 0.00946735 0.0161518 0.901465 0.0224038 0.00922314 0.00838507 0.00842174 0.00644017 0.00903651 0.00531491 0.00665109 0.00408565 0.00423218 0.00359881 0.00363779 0.00356805 0.00352987 0 0.00354826 0.0107691 0.916793 0.0108421 0.00959678 0.00761599 0.00832663 0.00905124 0.00710229 0.00969145 0.00750826 0.00992521 0.00789693 0.0106317 0.0114894 0.0142984 0.00862114 0.0128098 0.00869576 0.00925989 0.015004 0.00844653 0.00912854 0.0106547 0.00871272 0.0115761 0.00954682 0.0164193 0.00933784 0.0170658 0.0110769 0.0132012 0.0212011 0.00915872 0.00906101 0.0136522 0.013729 0.0128903 0.0138423 0.0109722 0.00918885 0.00979764 0.00842824 0.00867844 0.0106796 0.00969879 0.0114969 0.0116266 0.0134796 0.00866536 0.00855184 0.00822468 
0.0138757 0.0148172 0.0102518 0.0124393 0.00958315 0.0112408 0.010127 0.0114558 0.0108222 0.912424 0.0167978 0.0092315 0.00922494 0.00929102 0.00680011 0.00773017 0.00595423 0.00843405 0.00523417 0.00503975 0.00361057 0.00364348 0.00360461 0.00353487 0.00354534 0.00354826 0 0.888376 0.0191137 0.00681702 0.00592201 0.00635086 0.00727592 0.00622137 0.00801028 0.00671082 0.00742161 0.00707057 0.00831137 0.0125381 0.0131761 0.00838242 0.010705 0.00826952 0.00981084 0.00935453 0.00839371 0.0160255 0.0159777 0.00853336 0.0113493 0.012725 0.0137323 0.008602 0.0134663 0.00918809 0.0114276 0.0102743 0.0111489 0.012366 0.0156262 0.0108792 0.0099472 0.011471 0.010862 0.00986967 0.00969653 0.00854606 0.00873389 0.0124884 0.0088854 0.0102518 0.00936666 0.0096668 0.0101523 0.0106865 0.00943641 0.00832733 
0.0114299 0.00983561 0.0114083 0.0089879 0.010005 0.00918136 0.00979316 0.00947098 0.0278048 0.0127844 0.0102414 0.0101282 0.00893544 0.00901014 0.00897227 0.00791264 0.0121702 0.00999718 0.0128614 0.00662413 0.00825712 0.0079686 0.00700256 0.00595009 0.00638853 0.0107691 0.888376 0 0.00368906 0.00354583 0.00355598 0.00359037 0.00369594 0.00399694 0.00389448 0.00575465 0.00485568 0.00611953 0.00964996 0.00907594 0.00737417 0.00942142 0.00731601 0.00992826 0.00793207 0.00843812 0.0119493 0.0126495 0.0134732 0.0117979 0.0150817 0.0190492 0.00862755 0.0136411 0.00879212 0.0127734 0.00924828 0.00961428 0.0102245 0.0145966 0.0133132 0.0103452 0.0096257 0.0100557 0.00950272 0.0104391 0.00874603 0.00935989 0.0115332 0.00878892 0.00867321 0.00885854 0.00937688 0.00946391 0.00899056 0.014127 0.00854089 0.00970029 
0.00994483 0.0238454 0.0126138 0.0198539 0.0108052 0.01272 0.0108167 0.0242191 0.00906602 0.0106782 0.0184856 0.0117175 0.0131175 0.0114868 0.00937301 0.0122508 0.00951303 0.0115884 0.00725505 0.0112576 0.00722814 0.00915883 0.00851019 0.00884166 0.0107115 0.916793 0.0191137 0.00368906 0 0.00356163 0.00353061 0.00354487 0.00362426 0.00364986 0.00416338 0.00391397 0.00532009 0.00873586 0.00616493 0.00648383 0.0106982 0.00784233 0.0106657 0.00786831 0.0101754 0.00885458 0.0103105 0.0380531 0.0162723 0.0126569 0.011647 0.00900011 0.0223026 0.00889112 0.0193738 0.0105316 0.0159667 0.0147871 0.0158713 0.0107741 0.0103757 0.0189022 0.0140375 0.0171971 0.015113 0.0106113 0.0139221 0.0112845 0.00901026 0.00896423 0.0097609 0.0121277 0.0126716 0.0132986 0.0150486 0.00995157 0.00842027 0.00848248 
0.00982058 0.0183501 0.0439648 0.0259748 0.0255065 0.0193711 0.0333481 0.0111023 0.00915375 0.0101571 0.0147349 0.0197215 0.0172709 0.0164846 0.0162636 0.0121716 0.0110004 0.00845631 0.00859507 0.00813204 0.00932914 0.00915869 0.012783 0.0120485 0.93357 0.0108421 0.00681702 0.00354583 0.00356163 0 0.00352727 0.00354302 0.00355483 0.00356722 0.00364653 0.00403564 0.00451723 0.0048096 0.00554748 0.00686905 0.00859352 0.00970426 0.00850911 0.00947539 0.00920058 0.00986893 0.017379 0.547313 0.010236 0.0086345 0.00936851 0.0102632 0.0103346 0.0172089 0.0155057 0.0230735 0.0278281 0.0370997 0.014413 0.0113801 0.00989139 0.0184419 0.0333646 0.0368106 0.0283297 0.0280562 0.0212991 0.0100314 0.00871966 0.00902519 0.0125542 0.0194612 0.0265266 0.036356 0.0160257 0.00985514 0.00835841 0.00850897 
0.00947729 0.0218681 0.0483224 0.0291801 0.0306932 0.03695 0.0198657 0.0116335 0.00975289 0.00974521 0.0156636 0.0201446 0.0182034 0.0256014 0.0165997 0.0118442 0.0116834 0.00918369 0.00843964 0.00877287 0.00914741 0.0119786 0.0213082 0.937748 0.0150896 0.00959678 0.00592201 0.00355598 0.00353061 0.00352727 0 0.00352543 0.00352606 0.0035477 0.00363332 0.00405732 0.00370428 0.00411298 0.00539557 0.00638999 0.00832573 0.0091784 0.00891066 0.0104907 0.00899223 0.0132175 0.746613 0.0593477 0.00881892 0.0087621 0.00895725 0.00957099 0.0102656 0.0185293 0.0158546 0.0344048 0.0365713 0.0305036 0.0267357 0.00982171 0.00980343 0.0159316 0.0503068 0.0366294 0.0460786 0.0369116 0.0185874 0.010343 0.00884455 0.00910817 0.0117775 0.0247284 0.0370953 0.0413348 0.0167026 0.0100055 0.00855057 0.00837532 
0.00952082 0.0165798 0.0286587 0.0343207 0.0270509 0.0197542 0.0175984 0.01289 0.00882853 0.00991946 0.0136029 0.0160619 0.0267904 0.0152677 0.0126625 0.0126829 0.0104726 0.00911964 0.00800368 0.00873505 0.00967481 0.0164555 0.909451 0.0115517 0.0125395 0.00761599 0.00635086 0.00359037 0.00354487 0.00354302 0.00352543 0 0.0035538 0.00353454 0.00354564 0.00363828 0.00379432 0.00366129 0.00408434 0.00573761 0.00839427 0.00715983 0.0104482 0.00767354 0.0185032 0.792306 0.0361114 0.00955915 0.00896605 0.00833132 0.0090119 0.00885114 0.0125875 0.0103788 0.0208405 0.0211641 0.0274179 0.0356786 0.0139189 0.01026 0.00982794 0.0172555 0.0270299 0.0447081 0.0421312 0.0268515 0.0164164 0.0109537 0.00858474 0.00897023 0.0113193 0.0220178 0.0249866 0.0285657 0.0132764 0.00944936 0.00834792 0.00846068 
0.00944033 0.0181404 0.0272572 0.0401116 0.0182298 0.0216558 0.0167681 0.010522 0.0087947 0.00951015 0.0138231 0.0185556 0.0200156 0.0143407 0.0143199 0.0195703 0.00875158 0.00975876 0.00833713 0.0100401 0.0133558 0.827649 0.0190188 0.0119105 0.0093023 0.00832663 0.00727592 0.00369594 0.00362426 0.00355483 0.00352606 0.0035538 0 0.00354991 0.00358758 0.00360941 0.003791 0.00362138 0.00395764 0.00535577 0.00852074 0.0116804 0.00805546 0.0098708 0.814995 0.0365754 0.0186996 0.0100706 0.00900816 0.00840513 0.00905464 0.00879142 0.0135846 0.0103089 0.0275433 0.0135205 0.0342475 0.0251647 0.0137972 0.0101843 0.00959635 0.0166574 0.0285181 0.0422915 0.0276018 0.0184815 0.031299 0.00900414 0.00865925 0.00885204 0.0116612 0.0225697 0.0224183 0.0276086 0.0137658 0.00937287 0.00844299 0.00840005 
0.00903549 0.0113543 0.0434247 0.0120495 0.026933 0.0133664 0.0157195 0.00894993 0.00915097 0.00985557 0.0117685 0.016258 0.0112182 0.0144625 0.0121309 0.00893706 0.01262 0.00802688 0.0121576 0.00964951 0.822705 0.0244415 0.0168266 0.00988471 0.00899964 0.00905124 0.00622137 0.00399694 0.00364986 0.00356722 0.0035477 0.00353454 0.00354991 0 0.00350141 0.00365106 0.00356921 0.00363213 0.00359828 0.00559658 0.010685 0.0104879 0.00743827 0.912521 0.0145553 0.00940036 0.0111234 0.00729183 0.00869345 0.00852107 0.00858807 0.014013 0.00851978 0.0425251 0.00889468 0.0436791 0.0125994 0.0193343 0.0124052 0.00904942 0.00948359 0.011395 0.0264627 0.0172131 0.0196116 0.0296219 0.0100587 0.00995336 0.00844721 0.00910525 0.0110391 0.0115571 0.0190051 0.018092 0.0104663 0.00905282 0.00868326 0.00822166 
0.00969551 0.0164413 0.0113752 0.0285807 0.0105302 0.013657 0.0103637 0.0110643 0.00862544 0.00946268 0.0104107 0.0100087 0.0154641 0.0104366 0.010053 0.015305 0.00834632 0.0122215 0.00852373 0.621435 0.00971342 0.0121922 0.0172739 0.00844076 0.0110974 0.00710229 0.00801028 0.00389448 0.00416338 0.00364653 0.00363332 0.00354564 0.00358758 0.00350141 0 0.00363084 0.00365433 0.00360327 0.0036984 0.00574269 0.0179928 0.00710656 0.93077 0.00819218 0.0139992 0.00943914 0.00711073 0.0113084 0.00916314 0.0083034 0.0105111 0.00842164 0.0268228 0.0083854 0.0409033 0.00904944 0.0217979 0.0126558 0.00943349 0.00992782 0.0100666 0.0131397 0.0118183 0.0187812 0.0152041 0.0111812 0.0160679 0.0087001 0.00869068 0.00891738 0.00886215 0.014213 0.0132593 0.01505 0.00955441 0.00889407 0.00836423 0.00846894 
0.00889588 0.00976787 0.0217915 0.00978242 0.0150284 0.0099327 0.0110481 0.00866473 0.00890537 0.00942863 0.00945903 0.013268 0.0101022 0.0111327 0.0104183 0.00855574 0.0104023 0.00842824 0.304606 0.00896778 0.0109735 0.0130537 0.00918239 0.0101782 0.00819859 0.00969145 0.00671082 0.00575465 0.00391397 0.00403564 0.00405732 0.00363828 0.00360941 0.00365106 0.00363084 0 0.00355628 0.00364797 0.00369809 0.00461563 0.00584442 0.9061 0.00886026 0.0363886 0.00615296 0.00661362 0.00982026 0.00685519 0.00855073 0.0085155 0.00867769 0.0141028 0.0082827 0.026637 0.00847511 0.0230771 0.00965188 0.0118316 0.0105582 0.00870201 0.0093184 0.00962997 0.017374 0.0119555 0.0130903 0.0134738 0.00937037 0.00918961 0.00855975 0.00860099 0.00929125 0.0100275 0.0129373 0.0109806 0.00914515 0.00877672 0.0085123 0.00823354 
0.00869588 0.0102524 0.0107431 0.0147188 0.00919248 0.0103279 0.0100358 0.00922176 0.00835008 0.00889941 0.00989807 0.0107175 0.0126481 0.010673 0.0097559 0.0105797 0.00836947 0.0105254 0.00895773 0.0108381 0.0105648 0.0100269 0.013943 0.00839209 0.0110628 0.00750826 0.00742161 0.00485568 0.00532009 0.00451723 0.00370428 0.00379432 0.003791 0.00356921 0.00365433 0.00355628 0 0.00359278 0.00357045 0.00408847 0.757941 0.029058 0.0215855 0.00523031 0.00702344 0.00713595 0.00629848 0.00825201 0.00815013 0.00816448 0.00928056 0.00844694 0.0151803 0.00847404 0.0178379 0.0087824 0.01516 0.0106876 0.00962508 0.00891226 0.00926675 0.0104967 0.0114135 0.0133307 0.0119553 0.0104949 0.0103505 0.00871539 0.0083029 0.00857641 0.00874723 0.0110744 0.010148 0.0119667 0.00910892 0.00848988 0.00816018 0.00815024 
0.00929855 0.0103659 0.0102455 0.00895729 0.00921489 0.00883004 0.00930445 0.00900059 0.00850971 0.00980987 0.0105594 0.00949549 0.00963525 0.00932034 0.00941985 0.00879264 0.0106888 0.00837344 0.0110797 0.0114527 0.00889731 0.00921371 0.00910538 0.00931446 0.00853233 0.00992521 0.00707057 0.00611953 0.00873586 0.0048096 0.00411298 0.00366129 0.00362138 0.00363213 0.00360327 0.00364797 0.00359278 0 0.00365785 0.0429508 0.157456 0.00795979 0.0043403 0.00633876 0.00548678 0.00615111 0.00661739 0.00616547 0.00911036 0.0103785 0.0083812 0.0149779 0.00908038 0.010378 0.00851376 0.0101048 0.00906308 0.00988717 0.0100441 0.00851087 0.00992238 0.0110895 0.00988848 0.00960624 0.00964754 0.00923425 0.00883067 0.00907283 0.0083143 0.00896854 0.00965243 0.00887507 0.00941331 0.00912313 0.00960838 0.00839685 0.00840404 0.00814866 
0.0106307 0.00878038 0.0090129 0.00880126 0.00847517 0.00856965 0.00869622 0.00876899 0.00890356 0.0149116 0.00875259 0.00881802 0.00912661 0.00876088 0.00855682 0.00921156 0.00842886 0.00937928 0.0156933 0.009619 0.0084172 0.00889623 0.0140617 0.00835792 0.0091038 0.00789693 0.00831137 0.00964996 0.00616493 0.00554748 0.00539557 0.00408434 0.00395764 0.00359828 0.0036984 0.00369809 0.00357045 0.00365785 0 0.874758 0.00496546 0.0038255 0.00394113 0.00396068 0.00491444 0.0055841 0.00588683 0.00646412 0.011911 0.00775165 0.00876951 0.0125115 0.00975858 0.0083873 0.00908263 0.00869416 0.0090839 0.00890636 0.0102247 0.0101914 0.0149728 0.00983414 0.00909148 0.00914692 0.00902587 0.00888697 0.00871058 0.00842664 0.00885138 0.012341 0.0085751 0.00957021 0.00866585 0.00869016 0.00923651 0.00935744 0.00862577 0.00822549 
0.00908472 0.00965534 0.0108666 0.00906868 0.00991047 0.00933543 0.00989068 0.00962965 0.0277443 0.0121477 0.0117308 0.0108887 0.0100543 0.0100834 0.0101451 0.00935666 0.0136285 0.0157081 0.0150856 0.0092326 0.00961192 0.0106371 0.00991861 0.00914997 0.0086745 0.0106317 0.0125381 0.00907594 0.00648383 0.00686905 0.00638999 0.00573761 0.00535577 0.00559658 0.00574269 0.00461563 0.00408847 0.0429508 0.874758 0 0.00353912 0.0035852 0.00355883 0.00370611 0.00363366 0.00429805 0.0051866 0.00900141 0.00826029 0.00800468 0.0172896 0.0173738 0.008329 0.0124356 0.00884903 0.0347379 0.0100878 0.0125431 0.011515 0.0503525 0.0143041 0.0105953 0.0110129 0.0101719 0.0111726 0.010225 0.00915635 0.0100552 0.0162566 0.00931142 0.00898431 0.00957005 0.0102577 0.0104648 0.0106947 0.0222321 0.00885149 0.0124745 
0.00908839 0.0180243 0.0135954 0.0250705 0.01109 0.0161629 0.0111015 0.0379758 0.00933656 0.0105289 0.0182762 0.0149735 0.0190359 0.0151414 0.0135874 0.015032 0.0111454 0.0130958 0.00888487 0.0156311 0.0104266 0.0151631 0.0176256 0.0104102 0.0131454 0.0114894 0.0131761 0.00737417 0.0106982 0.00859352 0.00832573 0.00839427 0.00852074 0.010685 0.0179928 0.00584442 0.757941 0.157456 0.00496546 0.00353912 0 0.00357708 0.00355365 0.00354702 0.00358531 0.00382913 0.00559604 0.00758859 0.00763443 0.00916304 0.0108903 0.0088195 0.0216361 0.00884408 0.0788747 0.0108988 0.0278789 0.014218 0.0496918 0.0133506 0.010599 0.0223741 0.0145645 0.0226308 0.0170294 0.0143142 0.0127141 0.0117833 0.0099773 0.009168 0.0117674 0.014978 0.0184941 0.0177104 0.0218487 0.0104415 0.00889143 0.00896891 
0.0091996 0.0119152 0.0414086 0.012111 0.026451 0.0129684 0.0321541 0.00910085 0.0093902 0.0103137 0.0135622 0.0253557 0.0163423 0.0226329 0.0190169 0.0125518 0.0142696 0.008494 0.0132109 0.00892685 0.0178249 0.0174308 0.0128679 0.018419 0.0117653 0.0142984 0.00838242 0.00942142 0.00784233 0.00970426 0.0091784 0.00715983 0.0116804 0.0104879 0.00710656 0.9061 0.029058 0.00795979 0.0038255 0.0035852 0.00357708 0 0.00353411 0.00354571 0.0035253 0.00360154 0.00372302 0.00370538 0.00754699 0.00718235 0.00778679 0.015707 0.00877154 0.110633 0.00988324 0.0419882 0.0124332 0.0307157 0.0151634 0.0101289 0.0109871 0.0123018 0.0298251 0.0188501 0.0239427 0.018684 0.0128333 0.0114341 0.00876627 0.00976197 0.0126672 0.0155395 0.0204845 0.0327513 0.0118575 0.010178 0.00889541 0.00888298 
0.0096743 0.0170313 0.0159777 0.053934 0.0109868 0.0360822 0.0118342 0.014428 0.00850827 0.0104282 0.0156363 0.0159818 0.0308413 0.0164982 0.0187251 0.0272662 0.00845849 0.0115575 0.00848292 0.0173847 0.00958133 0.0146861 0.0212912 0.0117706 0.0189434 0.00862114 0.010705 0.00731601 0.0106657 0.00850911 0.00891066 0.0104482 0.00805546 0.00743827 0.93077 0.00886026 0.0215855 0.0043403 0.00394113 0.00355883 0.00355365 0.00353411 0 0.0035488 0.00357753 0.00363288 0.00359565 0.00399329 0.00686428 0.00659941 0.0101854 0.0080437 0.124694 0.00948302 0.0602928 0.00926 0.0330071 0.0163365 0.0128595 0.0107902 0.0110793 0.0164836 0.0156138 0.0325319 0.0166547 0.0193852 0.023196 0.0092482 0.00881716 0.00989713 0.0109455 0.0223188 0.0273222 0.0232577 0.0242475 0.00931178 0.00849308 0.00848019 
0.00880188 0.0117207 0.0417079 0.0114805 0.0588225 0.0125014 0.0194906 0.00905199 0.00908001 0.00975159 0.0120926 0.024121 0.0145764 0.0300014 0.0163741 0.00948765 0.0153914 0.00831152 0.0123537 0.00866798 0.015011 0.0158523 0.0134933 0.0170286 0.00912152 0.0128098 0.00826952 0.00992826 0.00786831 0.00947539 0.0104907 0.00767354 0.0098708 0.912521 0.00819218 0.0363886 0.00523031 0.00633876 0.00396068 0.00370611 0.00354702 0.00354571 0.0035488 0 0.00352393 0.00355774 0.00361867 0.00355634 0.00598662 0.00662779 0.00678817 0.0490484 0.00963419 0.0486612 0.00873427 0.0374025 0.0115381 0.0169818 0.0133467 0.00969149 0.00937414 0.0115696 0.0257212 0.0153083 0.0255764 0.0190691 0.0103349 0.0105482 0.0085135 0.00907109 0.011957 0.0158524 0.021257 0.0302418 0.0122269 0.00957937 0.00865546 0.00841286 
0.00897765 0.013589 0.0152497 0.0440275 0.0115194 0.0148814 0.0109082 0.0105821 0.00850692 0.00991554 0.012447 0.0148015 0.0275434 0.0161397 0.0122646 0.014162 0.00862754 0.00948243 0.00869894 0.0113693 0.011233 0.0145115 0.0170563 0.0104834 0.0131541 0.00869576 0.00981084 0.00793207 0.0101754 0.00920058 0.00899223 0.0185032 0.814995 0.0145553 0.0139992 0.00615296 0.00702344 0.00548678 0.00491444 0.00363366 0.00358531 0.0035253 0.00357753 0.00352393 0 0.00353652 0.00355413 0.00357055 0.00591047 0.00612507 0.0467438 0.00967442 0.0245302 0.0085262 0.0250761 0.00994576 0.0188367 0.0138676 0.0120456 0.010204 0.0101456 0.0132713 0.0152515 0.0259811 0.0157136 0.0141175 0.0129058 0.00909016 0.00859607 0.00922386 0.0109374 0.0177081 0.0210376 0.0189779 0.0123835 0.00915362 0.00843528 0.0084045 
0.00883645 0.0126108 0.0294421 0.017126 0.0144613 0.0130868 0.0129135 0.00975939 0.00858878 0.00947935 0.0124623 0.020357 0.0195837 0.0162977 0.0131533 0.0140633 0.00902265 0.0090676 0.00876346 0.0101141 0.0116216 0.0151286 0.0151413 0.0117018 0.0124923 0.00925989 0.00935453 0.00843812 0.00885458 0.00986893 0.0132175 0.792306 0.0365754 0.00940036 0.00943914 0.00661362 0.00713595 0.00615111 0.0055841 0.00429805 0.00382913 0.00360154 0.00363288 0.00355774 0.00353652 0 0.00353114 0.00354651 0.00717581 0.0189374 0.189738 0.0102287 0.0101965 0.00984204 0.0140442 0.0112085 0.0185708 0.0184484 0.0109945 0.00980357 0.00988405 0.0121857 0.0213698 0.021586 0.0162002 0.0138825 0.0127871 0.00926274 0.00863275 0.00927303 0.0105461 0.0193892 0.0183341 0.0242728 0.0119612 0.00925045 0.00842545 0.0084327 
0.00927374 0.018065 0.0166989 0.0113981 0.0128079 0.0105474 0.0109089 0.00923282 0.00888816 0.0106947 0.0137771 0.0144565 0.0119299 0.0135004 0.0114201 0.00939294 0.0138723 0.00837774 0.0141578 0.00996559 0.0122035 0.0119995 0.011098 0.0115363 0.00983763 0.015004 0.00839371 0.0119493 0.0103105 0.017379 0.746613 0.0361114 0.0186996 0.0111234 0.00711073 0.00982026 0.00629848 0.00661739 0.00588683 0.0051866 0.00559604 0.00372302 0.00359565 0.00361867 0.00355413 0.00353114 0 0.00360922 0.0174836 0.308248 0.024457 0.0173823 0.00896873 0.0232072 0.00894988 0.0282255 0.0109155 0.012698 0.0186491 0.00899176 0.0113538 0.0154711 0.0160838 0.0117586 0.0134209 0.0119306 0.00930498 0.0110062 0.00838844 0.0097881 0.0119607 0.0104791 0.013088 0.0149902 0.0150911 0.00947678 0.00961778 0.00839412 
0.0159408 0.00997023 0.00959549 0.0103172 0.00891553 0.00924846 0.00937501 0.00967824 0.00896979 0.0221751 0.0105364 0.00953448 0.0112459 0.0098098 0.00939368 0.0112442 0.00853851 0.0154653 0.0130221 0.0177155 0.00929696 0.00965982 0.010645 0.00968955 0.0110532 0.00844653 0.0160255 0.0126495 0.0380531 0.547313 0.0593477 0.00955915 0.0100706 0.00729183 0.0113084 0.00685519 0.00825201 0.00616547 0.00646412 0.00900141 0.00758859 0.00370538 0.00399329 0.00355634 0.00357055 0.00354651 0.00360922 0 0.728412 0.00829237 0.0128673 0.0124599 0.0237754 0.0085397 0.024119 0.00908681 0.0110098 0.00994412 0.00980186 0.0126814 0.0235935 0.0143683 0.00964838 0.010743 0.00994849 0.00932606 0.0100404 0.00846973 0.00956435 0.0255679 0.00949763 0.0109789 0.0105169 0.010149 0.0105792 0.0113112 0.0112114 0.00906122 
