1D8LB
MIGRLRGIIIEKQPPLVLIEVGGVGYEVHMPMTCFYELPEAGQEAIVFTHFVVREDAQLLYGFNNKQERTLFKELIKTNGVGPKLALAILSGMSAQQFVNAVEREEVGALVKLPGIGKKTAERLIVEMKDRFKGLHGDLF
CEEEEEEEEEEEECCEEEEEECCEEEEEECCHHHHHHCCCCCCEEEEEEEEEEECCEEEEEEECCHHHHHHHHHHCCCCCCCHHHHHHHHHCCCHHHHHHHHHHCCHHHHHCCCCCCHHHHHHHHHHHHHHHCCCCCCCC
0 0 0 0 0 0 0 0 0 0 0 0 0 0 0 0 0 0 0 0 0 0 0 0 0 0 0 0 0 0 0 0 0 0 0 0 0 0 0 0 0 0 0 0 0 0 0 0 0 0 0 0 0 0 0 0 0 0 0 0 0 0 0 0 0 0 0 0 0 0 0 0 0 0 0 0 0 0 0 0 0 0 0 0 0 0 0 0 0 0 0 0 0 0 0 0 0 0 0 0 0 0 0 0 0 0 0 0 0 0 0 0 0 0 0 0 0 0 0 0 0 0 0 0 0 0 0 0 0 0 0 0 0 0 0 0 0 0 0 0 
0 0 0 0 0 0 0 0 0 0 0 0 0 0 0 0 0 0 0 0 0 0 0 0 0 0 0 0 0 0 0 0 0 0 0 0 0 0 0 0 0 0 0 0 0 0 0 0 0 0 0 0 0 0 0 0 0 0 0 0 0 0 0 0 0 0 0 0 0 0 0 0 0 0 0 0 0 0 0 0 0 0 0 0 0 0 0 0 0 0 0 0 0 0 0 0 0 0 0 0 0 0 0 0 0 0 0 0 0 0 0 0 0 0 0 0 0 0 0 0 0 0 0 0 0 0 0 0 0 0 0 0 0 0 0 0 0 0 0 0 
0 0.00367909 0.00368049 0.00379035 0.00397116 0.00377982 0.00465612 0.00563184 0.00472885 0.00654335 0.00773381 0.0614986 0.0159945 0.0201432 0.0162705 0.0176212 0.0179389 0.044653 0.0161839 0.0118302 0.0150718 0.0189307 0.0193214 0.100717 0.0260774 0.0151848 0.0358563 0.029306 0.0417699 0.0276041 0.0619303 0.0303667 0.0361777 0.0194842 0.0305768 0.0161221 0.0157623 0.0238826 0.0182054 0.0294688 0.0263262 0.0315343 
0.00367909 0 0.00363546 0.0036318 0.00364332 0.00370265 0.00368109 0.00406941 0.00399452 0.00515066 0.0157485 0.00520107 0.00766125 0.0146211 0.00915189 0.0134992 0.011598 0.0233616 0.00840622 0.0107095 0.011716 0.014457 0.0505203 0.0119696 0.00936105 0.0301331 0.0127927 0.040841 0.017138 0.0465262 0.0171357 0.0386609 0.0195233 0.0262343 0.0100789 0.01076 0.0163415 0.0199322 0.0230457 0.0237601 0.0239193 0.0102835 
0.00368049 0.00363546 0 0.00361312 0.00362741 0.00360378 0.00382806 0.00370278 0.00422673 0.0119978 0.00444951 0.00553713 0.00950126 0.00914922 0.0192609 0.0105701 0.0267646 0.00797476 0.00880999 0.0117989 0.0119717 0.078975 0.0103733 0.0197589 0.0110371 0.00948376 0.0611463 0.0182689 0.102908 0.0176648 0.0442532 0.0215287 0.0693716 0.0129217 0.0107809 0.00908343 0.0174276 0.0161391 0.0293502 0.0347987 0.0171085 0.00935134 
0.00379035 0.0036318 0.00361312 0 0.00361359 0.00367038 0.00376326 0.00395171 0.00469394 0.00384183 0.00451768 0.0042027 0.00627273 0.0114609 0.00996952 0.0312109 0.00706419 0.0212922 0.00795847 0.00892723 0.0365832 0.00896483 0.0283698 0.00889728 0.00842211 0.0244643 0.00944013 0.107499 0.0137397 0.0297857 0.0134639 0.0687967 0.0140498 0.0152315 0.00885181 0.0112406 0.00891166 0.0302209 0.0195066 0.0233354 0.0110262 0.0100125 
0.00397116 0.00364332 0.00362741 0.00361359 0 0.00360729 0.00393213 0.00360599 0.00367253 0.00394228 0.00363857 0.00391811 0.00624727 0.00863766 0.0153339 0.00674868 0.0242758 0.007181 0.009971 0.0155613 0.0113122 0.0185914 0.00799023 0.0128637 0.0134649 0.00857559 0.0971721 0.0106222 0.0322003 0.012597 0.0341485 0.0158097 0.0274451 0.0089874 0.00934876 0.0085564 0.0173531 0.0149592 0.0179146 0.0137826 0.0123415 0.00857054 
0.00377982 0.00370265 0.00360378 0.00367038 0.00360729 0 0.00362717 0.00371651 0.00359611 0.0036176 0.00389864 0.00359384 0.00681904 0.0137429 0.00632466 0.0295761 0.00674528 0.273445 0.00948093 0.00955089 0.0162226 0.0080345 0.0173022 0.00900962 0.00873071 0.0648513 0.00926537 0.0449288 0.0136336 0.0323003 0.0258823 0.0327869 0.011531 0.015038 0.00885191 0.0146674 0.0100069 0.0349465 0.0138161 0.0198156 0.0106127 0.00974047 
0.00465612 0.00368109 0.00382806 0.00376326 0.00393213 0.00362717 0 0.00357436 0.00350352 0.00353499 0.00355241 0.00404572 0.00568275 0.00530927 0.0171317 0.00730306 0.603335 0.0170619 0.00889736 0.00871142 0.00819077 0.0159568 0.00847808 0.021947 0.0232747 0.00898649 0.0479208 0.0128159 0.028645 0.0270641 0.0218917 0.0162969 0.0389197 0.00981508 0.00979583 0.00902633 0.0242019 0.0127291 0.0203644 0.0160497 0.0126093 0.00878571 
0.00563184 0.00406941 0.00370278 0.00395171 0.00360599 0.00371651 0.00357436 0 0.00357927 0.00358684 0.00385675 0.00364858 0.00413728 0.00784323 0.00747874 0.581527 0.0211831 0.0132652 0.00850436 0.00788008 0.011489 0.00829959 0.0223369 0.0093812 0.00904367 0.017104 0.0102443 0.0312093 0.0243005 0.0174296 0.0134642 0.0245701 0.0145424 0.0121165 0.00893899 0.0111042 0.00919079 0.0189931 0.0135174 0.0198766 0.0105769 0.00922683 
0.00472885 0.00399452 0.00422673 0.00469394 0.00367253 0.00359611 0.00350352 0.00357927 0 0.00362379 0.00361292 0.00356164 0.00384695 0.00597691 0.0820045 0.0902283 0.010276 0.00612856 0.00703441 0.00749714 0.0129436 0.0100696 0.017564 0.00950371 0.00974855 0.00970891 0.0142761 0.0213792 0.0139421 0.0127955 0.0148537 0.0149872 0.0159369 0.00936992 0.00894203 0.00902285 0.0100273 0.0109707 0.0146924 0.0123494 0.0101533 0.00863292 
0.00654335 0.00515066 0.0119978 0.00384183 0.00394228 0.0036176 0.00353499 0.00358684 0.00362379 0 0.00355276 0.00355475 0.00379089 0.0100782 0.633205 0.00707546 0.00706183 0.00530719 0.00627706 0.00801872 0.00787442 0.0204207 0.00745206 0.00825513 0.00927384 0.0092296 0.0203903 0.0114468 0.0128142 0.0114382 0.0125567 0.0131975 0.013441 0.00910313 0.00886219 0.00879797 0.00939061 0.0111474 0.0106015 0.0116228 0.00985836 0.00851499 
0.00773381 0.0157485 0.00444951 0.00451768 0.00363857 0.00389864 0.00355241 0.00385675 0.00361292 0.00355276 0 0.00367927 0.00406627 0.756998 0.00427733 0.00478609 0.00481183 0.00538698 0.00816164 0.00715211 0.00915956 0.00720146 0.00908097 0.0069822 0.00970115 0.0364985 0.00873506 0.00983728 0.00930104 0.00941289 0.00906161 0.0102078 0.00923211 0.00968057 0.00857209 0.00973142 0.00880977 0.00911757 0.00906138 0.00911172 0.00938302 0.0084264 
0.0614986 0.00520107 0.00553713 0.0042027 0.00391811 0.00359384 0.00404572 0.00364858 0.00356164 0.00355475 0.00367927 0 0.92767 0.00406132 0.00376224 0.00380032 0.00405636 0.00455858 0.00847651 0.00665059 0.00639771 0.00652574 0.00586 0.00906711 0.0277473 0.00869487 0.00870114 0.00875577 0.00888844 0.00860326 0.00887996 0.00860013 0.00894802 0.00856317 0.00908376 0.0120839 0.00881655 0.00849026 0.00855306 0.00858917 0.00860303 0.00848621 
0.0159945 0.00766125 0.00950126 0.00627273 0.00624727 0.00681904 0.00568275 0.00413728 0.00384695 0.00379089 0.00406627 0.92767 0 0.00361152 0.00357166 0.00363044 0.00379242 0.00435926 0.00618318 0.00645053 0.00589783 0.00732524 0.0145127 0.960823 0.02062 0.0129017 0.0127562 0.0103917 0.0122824 0.0110207 0.0124512 0.0115455 0.012489 0.0110089 0.020996 0.0139332 0.0142146 0.00969993 0.0101425 0.0106013 0.0110376 0.0176648 
0.0201432 0.0146211 0.00914922 0.0114609 0.00863766 0.0137429 0.00530927 0.00784323 0.00597691 0.0100782 0.756998 0.00406132 0.00361152 0 0.00355695 0.00363303 0.0036032 0.00430288 0.00458688 0.00542786 0.00679523 0.00898829 0.979893 0.0172398 0.00940402 0.0580627 0.00988281 0.0391505 0.0139528 0.0299013 0.0156343 0.0310959 0.0142333 0.0270281 0.010323 0.0169458 0.0113619 0.0261819 0.0139441 0.0213908 0.0181421 0.0115941 
0.0162705 0.00915189 0.0192609 0.00996952 0.0153339 0.00632466 0.0171317 0.00747874 0.0820045 0.633205 0.00427733 0.00376224 0.00357166 0.00355695 0 0.00362948 0.00381281 0.00357265 0.00439916 0.00644603 0.00961859 0.985602 0.0102185 0.00759874 0.0134443 0.0089771 0.101348 0.0138774 0.0701378 0.0164836 0.0303041 0.0209926 0.0654183 0.0106635 0.00982638 0.00895259 0.0331124 0.0139879 0.0422721 0.0244889 0.016611 0.00884869 
0.0176212 0.0134992 0.0105701 0.0312109 0.00674868 0.0295761 0.00730306 0.581527 0.0902283 0.00707546 0.00478609 0.00380032 0.00363044 0.00363303 0.00362948 0 0.00353735 0.00367438 0.0047668 0.00819826 0.981149 0.00737685 0.0104567 0.00569465 0.00840483 0.0431283 0.00921485 0.0855253 0.017151 0.026851 0.0153784 0.0739445 0.0134522 0.0198029 0.00913226 0.0168224 0.00902303 0.0572607 0.0213506 0.0301807 0.0116504 0.0114493 
0.0179389 0.011598 0.0267646 0.00706419 0.0242758 0.00674528 0.603335 0.0211831 0.010276 0.00706183 0.00481183 0.00405636 0.00379242 0.0036032 0.00381281 0.00353735 0 0.00358363 0.00669736 0.996311 0.00474468 0.00941389 0.0046855 0.00716187 0.0201054 0.00875135 0.0384485 0.0103453 0.0219909 0.0105499 0.0163763 0.0112256 0.0219446 0.009606 0.0102317 0.00929745 0.02933 0.00978763 0.0154673 0.0118974 0.0257294 0.00865248 
0.044653 0.0233616 0.00797476 0.0212922 0.007181 0.273445 0.0170619 0.0132652 0.00612856 0.00530719 0.00538698 0.00455858 0.00435926 0.00430288 0.00357265 0.00367438 0.00358363 0 0.995166 0.00411096 0.00423979 0.00384553 0.00632853 0.0070693 0.00987155 0.0190268 0.00854641 0.0128677 0.00951141 0.0118696 0.00949029 0.0118019 0.00939788 0.0123213 0.00953179 0.0293481 0.00887926 0.0103276 0.00913026 0.010535 0.00937007 0.0148954 
0.0161839 0.00840622 0.00880999 0.00795847 0.009971 0.00948093 0.00889736 0.00850436 0.00703441 0.00627706 0.00816164 0.00847651 0.00618318 0.00458688 0.00439916 0.0047668 0.00669736 0.995166 0 0.00398506 0.0035655 0.00380051 0.00368235 0.00477328 0.0137928 0.0101634 0.00913225 0.00930139 0.00974675 0.0223419 0.00909977 0.00910513 0.00893621 0.0102488 0.0169361 0.00974219 0.00872333 0.00878178 0.00855962 0.0088028 0.00940067 0.0169076 
0.0118302 0.0107095 0.0117989 0.00892723 0.0155613 0.00955089 0.00871142 0.00788008 0.00749714 0.00801872 0.00715211 0.00665059 0.00645053 0.00542786 0.00644603 0.00819826 0.996311 0.00411096 0.00398506 0 0.00422296 0.00366123 0.00426103 0.00369866 0.00891602 0.00993691 0.0110068 0.012582 0.0299515 0.00940131 0.0185728 0.00907908 0.00994506 0.00948245 0.00954414 0.00872082 0.00939577 0.0091635 0.00907587 0.0093616 0.0122621 0.008678 
0.0150718 0.011716 0.0119717 0.0365832 0.0113122 0.0162226 0.00819077 0.011489 0.0129436 0.00787442 0.00915956 0.00639771 0.00589783 0.00679523 0.00961859 0.981149 0.00474468 0.00423979 0.0035655 0.00422296 0 0.00356242 0.00353988 0.00355584 0.00905685 0.0149639 0.0101591 0.0454766 0.0119876 0.0227333 0.0105943 0.013181 0.00982105 0.0115273 0.00882505 0.00976658 0.00859325 0.0121346 0.0109806 0.0129369 0.00953341 0.0090162 
0.0189307 0.014457 0.078975 0.00896483 0.0185914 0.0080345 0.0159568 0.00829959 0.0100696 0.0204207 0.00720146 0.00652574 0.00732524 0.00898829 0.985602 0.00737685 0.00941389 0.00384553 0.00380051 0.00366123 0.00356242 0 0.00352674 0.00356153 0.0139551 0.00853661 0.0643008 0.0114898 0.0204513 0.0120379 0.0148976 0.0105334 0.0230497 0.00910604 0.00959006 0.00846813 0.0118567 0.0104407 0.0134093 0.0157105 0.0107382 0.00858474 
0.0193214 0.0505203 0.0103733 0.0283698 0.00799023 0.0173022 0.00847808 0.0223369 0.017564 0.00745206 0.00908097 0.00586 0.0145127 0.979893 0.0102185 0.0104567 0.0046855 0.00632853 0.00368235 0.00426103 0.00353988 0.00352674 0 0.0035383 0.00831547 0.0754064 0.00974243 0.0297149 0.013992 0.0157739 0.011295 0.0187208 0.00985372 0.0207413 0.00830563 0.0108866 0.00935054 0.0142781 0.013198 0.0126718 0.0183709 0.0101577 
0.100717 0.0119696 0.0197589 0.00889728 0.0128637 0.00900962 0.021947 0.0093812 0.00950371 0.00825513 0.0069822 0.00906711 0.960823 0.0172398 0.00759874 0.00569465 0.00716187 0.0070693 0.00477328 0.00369866 0.00355584 0.00356153 0.0035383 0 0.0833131 0.00920581 0.0211152 0.0113217 0.0198743 0.0113939 0.0132814 0.0104896 0.014679 0.0108282 0.0343067 0.0126658 0.0110492 0.012248 0.0105967 0.0132467 0.018774 0.0127668 
0.0260774 0.00936105 0.0110371 0.00842211 0.0134649 0.00873071 0.0232747 0.00904367 0.00974855 0.00927384 0.00970115 0.0277473 0.02062 0.00940402 0.0134443 0.00840483 0.0201054 0.00987155 0.0137928 0.00891602 0.00905685 0.0139551 0.00831547 0.0833131 0 0.00456906 0.00395715 0.00350645 0.00365004 0.00357572 0.0037383 0.00416631 0.00439749 0.00553782 0.0102147 0.00597738 0.00931681 0.00694684 0.00773418 0.00789887 0.0103677 0.0177332 
0.0151848 0.0301331 0.00948376 0.0244643 0.00857559 0.0648513 0.00898649 0.017104 0.00970891 0.0092296 0.0364985 0.00869487 0.0129017 0.0580627 0.0089771 0.0431283 0.00875135 0.0190268 0.0101634 0.00993691 0.0149639 0.00853661 0.0754064 0.00920581 0.00456906 0 0.003541 0.00358557 0.0035923 0.00360818 0.00369744 0.0038014 0.00402522 0.0104162 0.00518151 0.00776617 0.00676922 0.00890653 0.00778119 0.00968065 0.0126096 0.0136639 
0.0358563 0.0127927 0.0611463 0.00944013 0.0971721 0.00926537 0.0479208 0.0102443 0.0142761 0.0203903 0.00873506 0.00870114 0.0127562 0.00988281 0.101348 0.00921485 0.0384485 0.00854641 0.00913225 0.0110068 0.0101591 0.0643008 0.00974243 0.0211152 0.00395715 0.003541 0 0.00354174 0.00355903 0.00357472 0.00358136 0.00371913 0.00450273 0.00392993 0.00432397 0.00555866 0.0102868 0.00704386 0.0115782 0.0111534 0.00976545 0.00865419 
0.029306 0.040841 0.0182689 0.107499 0.0106222 0.0449288 0.0128159 0.0312093 0.0213792 0.0114468 0.00983728 0.00875577 0.0103917 0.0391505 0.0138774 0.0855253 0.0103453 0.0128677 0.00930139 0.012582 0.0454766 0.0114898 0.0297149 0.0113217 0.00350645 0.00358557 0.00354174 0 0.00353674 0.00350322 0.00356632 0.00368966 0.00368723 0.00376304 0.0038054 0.00640095 0.00679198 0.0109414 0.0144591 0.0124344 0.00945779 0.0242337 
0.0417699 0.017138 0.102908 0.0137397 0.0322003 0.0136336 0.028645 0.0243005 0.0139421 0.0128142 0.00930104 0.00888844 0.0122824 0.0139528 0.0701378 0.017151 0.0219909 0.00951141 0.00974675 0.0299515 0.0119876 0.0204513 0.013992 0.0198743 0.00365004 0.0035923 0.00355903 0.00353674 0 0.0035298 0.00355008 0.00357905 0.00355182 0.00362688 0.00388943 0.00507554 0.00745337 0.0112146 0.00992271 0.0102685 0.0292447 0.690006 
0.0276041 0.0465262 0.0176648 0.0297857 0.012597 0.0323003 0.0270641 0.0174296 0.0127955 0.0114382 0.00941289 0.00860326 0.0110207 0.0299013 0.0164836 0.026851 0.0105499 0.0118696 0.0223419 0.00940131 0.0227333 0.0120379 0.0157739 0.0113939 0.00357572 0.00360818 0.00357472 0.00350322 0.0035298 0 0.00354238 0.00355963 0.00351459 0.00358095 0.00381563 0.00442073 0.00958219 0.0077275 0.00803737 0.0167645 0.858557 0.0254769 
0.0619303 0.0171357 0.0442532 0.0134639 0.0341485 0.0258823 0.0218917 0.0134642 0.0148537 0.0125567 0.00906161 0.00887996 0.0124512 0.0156343 0.0303041 0.0153784 0.0163763 0.00949029 0.00909977 0.0185728 0.0105943 0.0148976 0.011295 0.0132814 0.0037383 0.00369744 0.00358136 0.00356632 0.00355008 0.00354238 0 0.00354508 0.00356148 0.00354633 0.00360781 0.00477182 0.00540714 0.00639149 0.010038 0.925014 0.0197634 0.00779025 
0.0303667 0.0386609 0.0215287 0.0687967 0.0158097 0.0327869 0.0162969 0.0245701 0.0149872 0.0131975 0.0102078 0.00860013 0.0115455 0.0310959 0.0209926 0.0739445 0.0112256 0.0118019 0.00910513 0.00907908 0.013181 0.0105334 0.0187208 0.0104896 0.00416631 0.0038014 0.00371913 0.00368966 0.00357905 0.00355963 0.00354508 0 0.00354131 0.00356569 0.00356768 0.00388993 0.00510078 0.0111388 0.929279 0.0233892 0.0092076 0.00706211 
0.0361777 0.0195233 0.0693716 0.0140498 0.0274451 0.011531 0.0389197 0.0145424 0.0159369 0.013441 0.00923211 0.00894802 0.012489 0.0142333 0.0654183 0.0134522 0.0219446 0.00939788 0.00893621 0.00994506 0.00982105 0.0230497 0.00985372 0.014679 0.00439749 0.00402522 0.00450273 0.00368723 0.00355182 0.00351459 0.00356148 0.00354131 0 0.00353277 0.00354602 0.00380573 0.00771726 0.944138 0.0124287 0.0100651 0.00918784 0.00684203 
0.0194842 0.0262343 0.0129217 0.0152315 0.0089874 0.015038 0.00981508 0.0121165 0.00936992 0.00910313 0.00968057 0.00856317 0.0110089 0.0270281 0.0106635 0.0198029 0.009606 0.0123213 0.0102488 0.00948245 0.0115273 0.00910604 0.0207413 0.0108282 0.00553782 0.0104162 0.00392993 0.00376304 0.00362688 0.00358095 0.00354633 0.00356569 0.00353277 0 0.00376241 0.00955056 0.949386 0.00810433 0.0056764 0.00574815 0.00767953 0.00648592 
0.0305768 0.0100789 0.0107809 0.00885181 0.00934876 0.00885191 0.00979583 0.00893899 0.00894203 0.00886219 0.00857209 0.00908376 0.020996 0.010323 0.00982638 0.00913226 0.0102317 0.00953179 0.0169361 0.00954414 0.00882505 0.00959006 0.00830563 0.0343067 0.0102147 0.00518151 0.00432397 0.0038054 0.00388943 0.00381563 0.00360781 0.00356768 0.00354602 0.00376241 0 0.972465 0.00454763 0.00384593 0.00377048 0.00451725 0.00484117 0.00552651 
0.0161221 0.01076 0.00908343 0.0112406 0.0085564 0.0146674 0.00902633 0.0111042 0.00902285 0.00879797 0.00973142 0.0120839 0.0139332 0.0169458 0.00895259 0.0168224 0.00929745 0.0293481 0.00974219 0.00872082 0.00976658 0.00846813 0.0108866 0.0126658 0.00597738 0.00776617 0.00555866 0.00640095 0.00507554 0.00442073 0.00477182 0.00388993 0.00380573 0.00955056 0.972465 0 0.00355101 0.00353899 0.00357441 0.00358592 0.00368739 0.00745425 
0.0157623 0.0163415 0.0174276 0.00891166 0.0173531 0.0100069 0.0242019 0.00919079 0.0100273 0.00939061 0.00880977 0.00881655 0.0142146 0.0113619 0.0331124 0.00902303 0.02933 0.00887926 0.00872333 0.00939577 0.00859325 0.0118567 0.00935054 0.0110492 0.00931681 0.00676922 0.0102868 0.00679198 0.00745337 0.00958219 0.00540714 0.00510078 0.00771726 0.949386 0.00454763 0.00355101 0 0.00356169 0.00356135 0.00356351 0.00547259 0.00370845 
0.0238826 0.0199322 0.0161391 0.0302209 0.0149592 0.0349465 0.0127291 0.0189931 0.0109707 0.0111474 0.00911757 0.00849026 0.00969993 0.0261819 0.0139879 0.0572607 0.00978763 0.0103276 0.00878178 0.0091635 0.0121346 0.0104407 0.0142781 0.012248 0.00694684 0.00890653 0.00704386 0.0109414 0.0112146 0.0077275 0.00639149 0.0111388 0.944138 0.00810433 0.00384593 0.00353899 0.00356169 0 0.00354317 0.00354781 0.00360833 0.00364249 
0.0182054 0.0230457 0.0293502 0.0195066 0.0179146 0.0138161 0.0203644 0.0135174 0.0146924 0.0106015 0.00906138 0.00855306 0.0101425 0.0139441 0.0422721 0.0213506 0.0154673 0.00913026 0.00855962 0.00907587 0.0109806 0.0134093 0.013198 0.0105967 0.00773418 0.00778119 0.0115782 0.0144591 0.00992271 0.00803737 0.010038 0.929279 0.0124287 0.0056764 0.00377048 0.00357441 0.00356135 0.00354317 0 0.00353533 0.00356679 0.00365548 
0.0294688 0.0237601 0.0347987 0.0233354 0.0137826 0.0198156 0.0160497 0.0198766 0.0123494 0.0116228 0.00911172 0.00858917 0.0106013 0.0213908 0.0244889 0.0301807 0.0118974 0.010535 0.0088028 0.0093616 0.0129369 0.0157105 0.0126718 0.0132467 0.00789887 0.00968065 0.0111534 0.0124344 0.0102685 0.0167645 0.925014 0.0233892 0.0100651 0.00574815 0.00451725 0.00358592 0.00356351 0.00354781 0.00353533 0 0.0035461 0.00358535 
0.0263262 0.0239193 0.0171085 0.0110262 0.0123415 0.0106127 0.0126093 0.0105769 0.0101533 0.00985836 0.00938302 0.00860303 0.0110376 0.0181421 0.016611 0.0116504 0.0257294 0.00937007 0.00940067 0.0122621 0.00953341 0.0107382 0.0183709 0.018774 0.0103677 0.0126096 0.00976545 0.00945779 0.0292447 0.858557 0.0197634 0.0092076 0.00918784 0.00767953 0.00484117 0.00368739 0.00547259 0.00360833 0.00356679 0.0035461 0 0.00396545 
0.0315343 0.0102835 0.00935134 0.0100125 0.00857054 0.00974047 0.00878571 0.00922683 0.00863292 0.00851499 0.0084264 0.00848621 0.0176648 0.0115941 0.00884869 0.0114493 0.00865248 0.0148954 0.0169076 0.008678 0.0090162 0.00858474 0.0101577 0.0127668 0.0177332 0.0136639 0.00865419 0.0242337 0.690006 0.0254769 0.00779025 0.00706211 0.00684203 0.00648592 0.00552651 0.00745425 0.00370845 0.00364249 0.00365548 0.00358535 0.00396545 0 
