1DFXA
PKHLEVYKCTHCGNIVEVLHGGGAELVCCGEPMKHMVEGSTDGAMEKHVPVIEKVDGGYLIKVGSVPHPMEEKHWIEWIELLADGRSYTKFLKPGDAPEAFFAIDASKVTAREYCNLHGHWKAEN
CCCCCEEECCCCCCEEECCCCCCCCCEECCEECEECCCCCCCCCHHHHCEEEEEECCEEEEEECCCCCCCECCECEEEEEEEECCEEEEEECCCCCCCEEEEECCCCCCEEEEEECCCEEEEEEC
0 0 0 0 0 0 0 0 0 0 0 0 0 0 0 0 0 0 0 0 0 0 0 0 0 0 0 0 0 0 0 0 0 0 0 0 0 0 0 0 0 0 0 0 0 0 0 0 0 0 0 0 0 0 0 0 0 0 0 0 0 0 0 0 0 0 0 0 0 0 0 0 0 0 0 0 0 0 0 0 0 0 0 0 0 0 0 0 0 0 0 0 0 0 0 0 0 0 0 0 0 0 0 0 0 0 0 0 0 0 0 0 0 0 0 0 0 0 0 0 0 0 0 0 0 
0 0 0 0 0 0 0 0 0 0 0 0 0 0 0 0 0 0 0 0 0 0 0 0 0 0 0 0 0 0 0 0 0 0 0 0 0 0 0 0 0 0 0 0 0 0 0 0 0 0 0 0 0 0 0 0 0 0 0 0 0 0 0 0 0 0 0 0 0 0 0 0 0 0 0 0 0 0 0 0 0 0 0 0 0 0 0 0 0 0 0 0 0 0 0 0 0 0 0 0 0 0 0 0 0 0 0 0 0 0 0 0 0 0 0 0 0 0 0 0 0 0 0 0 0 
0 0.00366933 0.00394669 0.0137674 0.0138441 0.925067 0.0139401 0.0446086 0.0108461 0.015744 0.0113115 0.0207606 0.0156248 0.0107256 0.0127272 0.00991922 0.0103132 0.0170041 0.0123291 0.0116474 0.0115204 0.015755 0.0109711 0.0280469 0.0108336 0.0115919 0.00993687 0.00991613 0.0104241 0.0111877 0.0114562 0.0125811 0.0106425 0.0175092 0.00889348 0.00836762 0.00852477 0.00848038 0.00866981 0.0119681 0.00935393 0.00977718 0.00891441 0.00943916 0.0114515 0.0102532 0.00942946 0.00925899 0.00929408 0.00896179 0.0121027 0.00906958 0.00830761 0.00866729 0.00844404 0.00867483 0.00936722 
0.00366933 0 0.00356067 0.015874 0.97976 0.0134396 0.0173159 0.0154552 0.0120569 0.0114325 0.0124099 0.0158716 0.0100923 0.0219441 0.00971656 0.00946049 0.0119565 0.00903179 0.0103376 0.0211567 0.0109369 0.0121302 0.0242273 0.0117792 0.00898 0.00921935 0.00919886 0.0126416 0.0118839 0.0110118 0.0128838 0.0135762 0.0149688 0.00951158 0.00843541 0.00873698 0.00844731 0.00842276 0.00878441 0.0085632 0.00883295 0.0100709 0.00890031 0.0118144 0.00876827 0.00926158 0.0107067 0.00922244 0.00978363 0.0104988 0.00862954 0.00848723 0.00871728 0.00884647 0.00854417 0.00871549 0.00832228 
0.00394669 0.00356067 0 0.986137 0.010689 0.0299868 0.0162569 0.0142156 0.0129368 0.0114597 0.014689 0.0140312 0.0180836 0.0125459 0.0102656 0.00969081 0.00895616 0.0100357 0.0240809 0.0125703 0.0111493 0.0122588 0.011272 0.0180198 0.0125822 0.0151231 0.0147239 0.00940785 0.0100888 0.009913 0.0111396 0.0109292 0.0103253 0.0118214 0.0118839 0.00910561 0.00854774 0.00879519 0.00836171 0.00981862 0.0130591 0.00895862 0.00940015 0.00892489 0.010936 0.013789 0.00940527 0.0091197 0.00914807 0.00914374 0.00958923 0.00955726 0.00889719 0.00874424 0.00847416 0.00845442 0.00914504 
0.0137674 0.015874 0.986137 0 0.00502457 0.00441832 0.0109717 0.0264437 0.00894896 0.0117553 0.0120342 0.0151473 0.0120422 0.0108745 0.00995241 0.010427 0.0104949 0.0158637 0.0107097 0.00960509 0.00996758 0.010795 0.01172 0.0165422 0.0116018 0.0124407 0.00893124 0.00870908 0.00883196 0.0101315 0.00940175 0.0089323 0.00987615 0.0138382 0.00920357 0.00861199 0.00871161 0.00867996 0.00871427 0.0124729 0.00924449 0.00870756 0.00919744 0.00882227 0.0128273 0.0093384 0.00836257 0.00837405 0.00826977 0.00848778 0.0101995 0.00822496 0.00807572 0.00817879 0.00830674 0.00851011 0.00926425 
0.0138441 0.97976 0.010689 0.00502457 0 0.00369443 0.0130404 0.02092 0.00853622 0.0095048 0.00892603 0.0235398 0.00895307 0.0124049 0.0102871 0.00891043 0.0103866 0.00952369 0.00947366 0.0130891 0.00893122 0.0117204 0.0106692 0.0104896 0.00894087 0.00925392 0.00877056 0.00883013 0.0094888 0.00903313 0.0088137 0.00992236 0.00982353 0.0092797 0.00859954 0.00861007 0.00840899 0.00832216 0.00861644 0.00867175 0.00833548 0.00969913 0.00831977 0.00952449 0.00846023 0.00850203 0.00893103 0.00835301 0.00849284 0.00872437 0.00845069 0.00820815 0.00834335 0.00826153 0.008214 0.00864831 0.00810821 
0.925067 0.0134396 0.0299868 0.00441832 0.00369443 0 0.0285596 0.0141087 0.0109394 0.0142298 0.0375018 0.0158216 0.0142663 0.0139419 0.00969904 0.0114267 0.00925604 0.0101334 0.0224391 0.0115187 0.0116174 0.0095012 0.0131436 0.0126326 0.0135943 0.0144819 0.0118117 0.00942273 0.00951388 0.00914267 0.0101184 0.00952357 0.0106615 0.010113 0.0124605 0.00975194 0.00893416 0.00897481 0.00839976 0.010406 0.0159899 0.00874071 0.0117485 0.00847247 0.0115848 0.0166175 0.00888639 0.00872709 0.00858419 0.00861537 0.00860162 0.00941004 0.00850466 0.00836951 0.00866298 0.00818415 0.00927649 
0.0139401 0.0173159 0.0162569 0.0109717 0.0130404 0.0285596 0 0.00440389 0.00445166 0.953827 0.00620404 0.022567 0.0100985 0.0132809 0.00854086 0.0102421 0.0100479 0.0129473 0.0110819 0.0105554 0.00958854 0.00884607 0.0139623 0.014265 0.0141012 0.0170462 0.00872807 0.0104078 0.00894264 0.00874588 0.00960886 0.0089677 0.0107882 0.0131211 0.00936732 0.0089334 0.00856659 0.0085365 0.00862985 0.0121442 0.0101055 0.00841828 0.00938971 0.00851484 0.0122153 0.0106021 0.00846813 0.0084663 0.00834428 0.00867798 0.0095895 0.00827154 0.0081636 0.00820492 0.00860069 0.0082856 0.00925011 
0.0446086 0.0154552 0.0142156 0.0264437 0.02092 0.0141087 0.00440389 0 0.97771 0.0054535 0.00984119 0.00607612 0.0154801 0.00962783 0.0106976 0.0084493 0.00969686 0.0102406 0.0167331 0.0108496 0.00864343 0.0115066 0.00874481 0.015915 0.0131819 0.0146643 0.0165482 0.00843658 0.00888678 0.00911273 0.0088379 0.00922878 0.00945094 0.0110563 0.0108123 0.00863162 0.00844679 0.00833143 0.00846215 0.0090141 0.0101537 0.00977409 0.00826191 0.00928855 0.00863119 0.011694 0.00883573 0.00840287 0.00836113 0.00871501 0.00878668 0.00898789 0.00824818 0.00832704 0.00808625 0.0091337 0.00828421 
0.0108461 0.0120569 0.0129368 0.00894896 0.00853622 0.0109394 0.00445166 0.97771 0 0.00586137 0.00361018 0.0139423 0.00820871 0.009655 0.00855093 0.00866337 0.00891441 0.0107906 0.00911902 0.00906311 0.00864302 0.00860652 0.0104337 0.0117765 0.0114419 0.0110627 0.00854997 0.00887008 0.00854436 0.00859526 0.00862431 0.00850835 0.00914828 0.0106174 0.00864321 0.0085164 0.00828871 0.00829102 0.00828192 0.00963051 0.00876053 0.00834616 0.00841916 0.0083601 0.00937276 0.00864765 0.00822406 0.00819002 0.00819465 0.00835611 0.00865946 0.00803428 0.00805115 0.00805977 0.00809559 0.00816613 0.00898869 
0.015744 0.0114325 0.0114597 0.0117553 0.0095048 0.0142298 0.953827 0.0054535 0.00586137 0 0.00934406 0.00358865 0.010986 0.0114207 0.00874443 0.00893196 0.00960815 0.00898002 0.0115225 0.00914289 0.0086909 0.00897327 0.00906643 0.0106219 0.0105548 0.0102025 0.00970825 0.00872672 0.00895514 0.00882369 0.00899687 0.00893014 0.00915714 0.00942233 0.00939848 0.00838195 0.00832831 0.00824735 0.00829579 0.00878346 0.0101804 0.00831911 0.00853146 0.00846397 0.00920231 0.0105308 0.0082917 0.00845065 0.00841912 0.0085049 0.00855748 0.00829556 0.00804509 0.00818603 0.0081482 0.00855678 0.00822718 
0.0113115 0.0124099 0.014689 0.0120342 0.00892603 0.0375018 0.00620404 0.00984119 0.00361018 0.00934406 0 0.00392662 0.00742417 0.0161678 0.00968366 0.0095614 0.00954849 0.0110044 0.00913117 0.0100752 0.00927805 0.00868823 0.0128976 0.011659 0.011998 0.0116023 0.00877218 0.0093803 0.00928397 0.0087937 0.00942685 0.00936552 0.0101664 0.0104122 0.00877392 0.0087055 0.00842126 0.00838405 0.00840677 0.010641 0.008905 0.00836651 0.00896533 0.00853089 0.00983628 0.00915008 0.00848713 0.00846844 0.00841913 0.00868866 0.00952557 0.00820113 0.00820749 0.00816924 0.0083647 0.00820355 0.00939533 
0.0207606 0.0158716 0.0140312 0.0151473 0.0235398 0.0158216 0.022567 0.00607612 0.0139423 0.00358865 0.00392662 0 0.018225 0.0116609 0.00963926 0.00826277 0.00963591 0.00924711 0.013449 0.0104634 0.00914646 0.00884858 0.0105467 0.013597 0.0206437 0.0116863 0.0103875 0.00871888 0.00877154 0.00912208 0.00896748 0.00900081 0.010372 0.00977955 0.010635 0.00871163 0.00841253 0.00833304 0.00835989 0.00928361 0.0105966 0.00875195 0.00856021 0.00876953 0.0092588 0.0119215 0.0086797 0.00850832 0.00839339 0.00899154 0.0086896 0.00889886 0.00821134 0.00828814 0.00814032 0.00836019 0.008454 
0.0156248 0.0100923 0.0180836 0.0120422 0.00895307 0.0142663 0.0100985 0.0154801 0.00820871 0.010986 0.00742417 0.018225 0 0.00358241 0.0036078 0.00355485 0.00366676 0.00444678 0.00405035 0.00565593 0.00534674 0.0091885 0.00883105 0.94205 0.0091234 0.0143118 0.00977438 0.00903563 0.0098765 0.0103177 0.00999427 0.0116025 0.00971943 0.0265048 0.0100467 0.00890816 0.00887715 0.00887504 0.00916371 0.0132939 0.00987035 0.0122933 0.00869155 0.0116587 0.0116336 0.0113479 0.00982892 0.008915 0.00939846 0.00974713 0.0286801 0.00988482 0.00835054 0.00913373 0.00841066 0.0098374 0.0106354 
0.0107256 0.0219441 0.0125459 0.0108745 0.0124049 0.0139419 0.0132809 0.00962783 0.009655 0.0114207 0.0161678 0.0116609 0.00358241 0 0.00355893 0.00359945 0.00362133 0.00362265 0.00433688 0.00601751 0.00863025 0.00826749 0.976263 0.0111058 0.00967247 0.0097575 0.00880139 0.0267958 0.0117153 0.0115583 0.0239741 0.0113652 0.0257048 0.010845 0.00937886 0.0098032 0.00915159 0.00983916 0.0101842 0.0108945 0.0129802 0.00977265 0.0284946 0.0101322 0.0164607 0.0115579 0.0119461 0.0144449 0.0112595 0.0218258 0.00985462 0.00866345 0.0119559 0.00917515 0.0124615 0.00901754 0.0102641 
0.0127272 0.00971656 0.0102656 0.00995241 0.0102871 0.00969904 0.00854086 0.0106976 0.00855093 0.00874443 0.00968366 0.00963926 0.0036078 0.00355893 0 0.00354112 0.0036312 0.00361858 0.00397313 0.00657624 0.0107357 0.987456 0.00834533 0.0107102 0.00789395 0.00931128 0.0129903 0.00922856 0.0211618 0.0217029 0.0110383 0.0435023 0.00936258 0.0119388 0.00889903 0.00898729 0.0105572 0.00930648 0.00945538 0.00897105 0.00875312 0.0289636 0.00906342 0.0254999 0.00890018 0.00928963 0.0150183 0.0127141 0.0266413 0.0101946 0.00934311 0.00930821 0.00878335 0.0214784 0.00895381 0.012176 0.00853835 
0.00991922 0.00946049 0.00969081 0.010427 0.00891043 0.0114267 0.0102421 0.0084493 0.00866337 0.00893196 0.0095614 0.00826277 0.00355485 0.00359945 0.00354112 0 0.00356387 0.00356148 0.0040129 0.00652902 0.978368 0.00679772 0.0081798 0.00592955 0.00785024 0.0082645 0.00827065 0.0119714 0.0102865 0.0102742 0.0250338 0.0104828 0.0111207 0.00863202 0.00938963 0.00932246 0.00933307 0.00965525 0.00917009 0.00965222 0.0110237 0.00882249 0.028569 0.00897674 0.0102462 0.0104235 0.00929903 0.0196851 0.0118928 0.0094685 0.00871921 0.0083588 0.00981185 0.0091965 0.0112395 0.0084678 0.00963135 
0.0103132 0.0119565 0.00895616 0.0104949 0.0103866 0.00925604 0.0100479 0.00969686 0.00891441 0.00960815 0.00954849 0.00963591 0.00366676 0.00362133 0.0036312 0.00356387 0 0.00384696 0.0048039 0.992295 0.011 0.00607539 0.00607543 0.00642053 0.00792911 0.00879806 0.00960374 0.00906885 0.0108013 0.00976977 0.0092072 0.0111517 0.0105581 0.0087648 0.00959996 0.0103286 0.00897238 0.00879963 0.00905727 0.00890306 0.00936292 0.012337 0.0089762 0.010221 0.0087231 0.00976724 0.0162161 0.00901422 0.00924186 0.00955916 0.0085189 0.00891675 0.00886544 0.00922154 0.0084319 0.00912018 0.00850591 
0.0170041 0.00903179 0.0100357 0.0158637 0.00952369 0.0101334 0.0129473 0.0102406 0.0107906 0.00898002 0.0110044 0.00924711 0.00444678 0.00362265 0.00361858 0.00356148 0.00384696 0 0.99717 0.01169 0.0042394 0.00411619 0.00444945 0.00526555 0.00931996 0.0121878 0.0147181 0.00815145 0.00885005 0.00919335 0.008718 0.0090846 0.00957427 0.0102621 0.014219 0.00944354 0.00884915 0.00870307 0.00843717 0.00931575 0.0143216 0.00980458 0.0088997 0.00892509 0.00959507 0.0182552 0.0089822 0.00853359 0.00848777 0.00843257 0.00893883 0.0100219 0.00904307 0.00846408 0.00826011 0.00856652 0.00893827 
0.0123291 0.0103376 0.0240809 0.0107097 0.00947366 0.0224391 0.0110819 0.0167331 0.00911902 0.0115225 0.00913117 0.013449 0.00405035 0.00433688 0.00397313 0.0040129 0.0048039 0.99717 0 0.00363777 0.0036253 0.00358845 0.00375922 0.00466464 0.01153 0.0101113 0.00750989 0.00866433 0.00954795 0.00975988 0.0145905 0.0226377 0.0150294 0.0243377 0.00952838 0.00888651 0.00893251 0.00893332 0.00946236 0.0239328 0.0133996 0.0100212 0.00938967 0.0101481 0.0231583 0.0147491 0.00982585 0.00918434 0.0090749 0.0107192 0.0295024 0.00925969 0.00870648 0.00866789 0.00875078 0.00904802 0.0166088 
0.0116474 0.0211567 0.0125703 0.00960509 0.0130891 0.0115187 0.0105554 0.0108496 0.00906311 0.00914289 0.0100752 0.0104634 0.00565593 0.00601751 0.00657624 0.00652902 0.992295 0.01169 0.00363777 0 0.00356606 0.00355283 0.00376015 0.00392368 0.00717757 0.00908336 0.00804108 0.0131074 0.0158794 0.0142939 0.0565462 0.0235741 0.0186104 0.0138698 0.00903969 0.00922493 0.00897669 0.00917548 0.0138561 0.0112263 0.011064 0.0160856 0.0103225 0.0230965 0.0114898 0.0114473 0.0190121 0.0131498 0.0156749 0.0267206 0.0129023 0.00942498 0.00992011 0.0106707 0.00932949 0.0139409 0.0100066 
0.0115204 0.0109369 0.0111493 0.00996758 0.00893122 0.0116174 0.00958854 0.00864343 0.00864302 0.0086909 0.00927805 0.00914646 0.00534674 0.00863025 0.0107357 0.978368 0.011 0.0042394 0.0036253 0.00356606 0 0.00353447 0.00359613 0.00356136 0.00620415 0.00734958 0.00960482 0.0157274 0.0188455 0.0595549 0.05184 0.0181573 0.0188935 0.00963999 0.00914712 0.0093737 0.00923378 0.0113871 0.00980495 0.00969702 0.0111951 0.010071 0.079736 0.0110364 0.011535 0.0121658 0.0138382 0.0336063 0.033684 0.0152958 0.00984023 0.00919253 0.0127848 0.0116736 0.0302746 0.0094584 0.0111617 
0.015755 0.0121302 0.0122588 0.010795 0.0117204 0.0095012 0.00884607 0.0115066 0.00860652 0.00897327 0.00868823 0.00884858 0.0091885 0.00826749 0.987456 0.00679772 0.00607539 0.00411619 0.00358845 0.00355283 0.00353447 0 0.0035493 0.00360169 0.00559887 0.00937763 0.0170886 0.00963626 0.0788132 0.0354415 0.0128079 0.0503417 0.00985477 0.0115898 0.00904873 0.00901039 0.0128569 0.00969119 0.00999956 0.00928688 0.00980526 0.0754819 0.00968545 0.0357329 0.0090854 0.0103521 0.0281567 0.025973 0.0365067 0.0143046 0.0110636 0.0114088 0.00934926 0.0569263 0.0094349 0.016307 0.00906452 
0.0109711 0.0242273 0.011272 0.01172 0.0106692 0.0131436 0.0139623 0.00874481 0.0104337 0.00906643 0.0128976 0.0105467 0.00883105 0.976263 0.00834533 0.0081798 0.00607543 0.00444945 0.00375922 0.00376015 0.00359613 0.0035493 0 0.00352852 0.0106558 0.00936447 0.00806802 0.0832936 0.0180027 0.0107153 0.0352617 0.0106378 0.0316391 0.00980067 0.0103009 0.0120963 0.00934589 0.0101139 0.0117615 0.011223 0.0342731 0.00918852 0.0413724 0.0106875 0.0169046 0.0173098 0.0141385 0.0237671 0.0145454 0.0198027 0.00964038 0.00902389 0.0299076 0.00943426 0.0178951 0.00875551 0.0116593 
0.0280469 0.0117792 0.0180198 0.0165422 0.0104896 0.0126326 0.014265 0.015915 0.0117765 0.0106219 0.011659 0.013597 0.94205 0.0111058 0.0107102 0.00592955 0.00642053 0.00526555 0.00466464 0.00392368 0.00356136 0.00360169 0.00352852 0 0.0231281 0.021913 0.161013 0.00879967 0.0128001 0.0182976 0.00928776 0.0146678 0.0128046 0.0314007 0.0158095 0.00910227 0.00885217 0.00876347 0.00906944 0.0158833 0.013705 0.0178224 0.00883771 0.0165555 0.0124597 0.0215175 0.0158918 0.0100901 0.0103027 0.012282 0.0148442 0.0310729 0.00894085 0.0104219 0.00859534 0.011469 0.0115272 
0.0108336 0.00898 0.0125822 0.0116018 0.00894087 0.0135943 0.0141012 0.0131819 0.0114419 0.0105548 0.011998 0.0206437 0.0091234 0.00967247 0.00789395 0.00785024 0.00792911 0.00931996 0.01153 0.00717757 0.00620415 0.00559887 0.0106558 0.0231281 0 0.861221 0.00384701 0.00425415 0.00435852 0.00420995 0.00501035 0.00596262 0.0075364 0.00982074 0.00873091 0.00752684 0.00742146 0.00765754 0.00799821 0.0139831 0.0170634 0.00847186 0.009575 0.00901201 0.0198281 0.0154641 0.00877121 0.00858664 0.00844361 0.00916644 0.0140711 0.00930618 0.00853817 0.0082526 0.00842064 0.00839693 0.0131424 
0.0115919 0.00921935 0.0151231 0.0124407 0.00925392 0.0144819 0.0170462 0.0146643 0.0110627 0.0102025 0.0116023 0.0116863 0.0143118 0.0097575 0.00931128 0.0082645 0.00879806 0.0121878 0.0101113 0.00908336 0.00734958 0.00937763 0.00936447 0.021913 0.861221 0 0.00449733 0.00362108 0.00355708 0.00359438 0.00377712 0.00401511 0.0054653 0.00671112 0.00690021 0.00633547 0.00649293 0.00663961 0.00782525 0.0118243 0.0190416 0.0110799 0.00972 0.0115033 0.0189421 0.0202583 0.0110006 0.00914266 0.0091527 0.00994044 0.0169352 0.012875 0.00868656 0.00862356 0.00892148 0.0102903 0.0185909 
0.00993687 0.00919886 0.0147239 0.00893124 0.00877056 0.0118117 0.00872807 0.0165482 0.00854997 0.00970825 0.00877218 0.0103875 0.00977438 0.00880139 0.0129903 0.00827065 0.00960374 0.0147181 0.00750989 0.00804108 0.00960482 0.0170886 0.00806802 0.161013 0.00384701 0.00449733 0 0.00355698 0.00355072 0.00380641 0.00358185 0.0039906 0.00368271 0.00912156 0.00501601 0.00591331 0.0069576 0.0130496 0.00764758 0.0225187 0.00978922 0.032149 0.00886376 0.0137592 0.0130978 0.0119538 0.0111789 0.0109939 0.0131176 0.0104611 0.0190517 0.0114757 0.00929419 0.0123152 0.00896581 0.0119908 0.012961 
0.00991613 0.0126416 0.00940785 0.00870908 0.00883013 0.00942273 0.0104078 0.00843658 0.00887008 0.00872672 0.0093803 0.00871888 0.00903563 0.0267958 0.00922856 0.0119714 0.00906885 0.00815145 0.00866433 0.0131074 0.0157274 0.00963626 0.0832936 0.00879967 0.00425415 0.00362108 0.00355698 0 0.00358606 0.00353435 0.00351342 0.00355542 0.00396845 0.00360861 0.00486817 0.00623219 0.00807207 0.00597259 0.00928746 0.0110122 0.0486774 0.010363 0.029797 0.00917731 0.0116326 0.0138505 0.0151771 0.0229498 0.0133307 0.0146499 0.011945 0.0104905 0.015773 0.00968547 0.0176297 0.00987261 0.0112106 
0.0104241 0.0118839 0.0100888 0.00883196 0.0094888 0.00951388 0.00894264 0.00888678 0.00854436 0.00895514 0.00928397 0.00877154 0.0098765 0.0117153 0.0211618 0.0102865 0.0108013 0.00885005 0.00954795 0.0158794 0.0188455 0.0788132 0.0180027 0.0128001 0.00435852 0.00355708 0.00355072 0.00358606 0 0.00356645 0.00349604 0.00352407 0.00355748 0.00369599 0.00492779 0.00679522 0.00674508 0.00800082 0.01694 0.779265 0.00843752 0.0321642 0.014621 0.015455 0.00971887 0.0112075 0.0188275 0.0382921 0.0243931 0.0344951 0.010229 0.0105067 0.0121626 0.0216132 0.0144151 0.0156085 0.0120086 
0.0111877 0.0110118 0.009913 0.0101315 0.00903313 0.00914267 0.00874588 0.00911273 0.00859526 0.00882369 0.0087937 0.00912208 0.0103177 0.0115583 0.0217029 0.0102742 0.00976977 0.00919335 0.00975988 0.0142939 0.0595549 0.0354415 0.0107153 0.0182976 0.00420995 0.00359438 0.00380641 0.00353435 0.00356645 0 0.00353617 0.00354961 0.00355639 0.00371203 0.00458223 0.0053266 0.00730072 0.00885211 0.792984 0.0210643 0.00867907 0.0185116 0.00948829 0.0174478 0.0100942 0.0108609 0.0236185 0.0190066 0.0744588 0.0139358 0.010658 0.0108273 0.0112704 0.0344676 0.0109743 0.0170794 0.0102077 
0.0114562 0.0128838 0.0111396 0.00940175 0.0088137 0.0101184 0.00960886 0.0088379 0.00862431 0.00899687 0.00942685 0.00896748 0.00999427 0.0239741 0.0110383 0.0250338 0.0092072 0.008718 0.0145905 0.0565462 0.05184 0.0128079 0.0352617 0.00928776 0.00501035 0.00377712 0.00358185 0.00351342 0.00349604 0.00353617 0 0.00354459 0.00356008 0.00356644 0.00395036 0.00922876 0.00948858 0.815598 0.040138 0.00761886 0.0155601 0.00947795 0.0329564 0.0103659 0.0111604 0.0152561 0.0161189 0.0971627 0.0238829 0.0219832 0.0102807 0.0105672 0.0290843 0.0208326 0.0384306 0.00983375 0.0148555 
0.0125811 0.0135762 0.0109292 0.0089323 0.00992236 0.00952357 0.0089677 0.00922878 0.00850835 0.00893014 0.00936552 0.00900081 0.0116025 0.0113652 0.0435023 0.0104828 0.0111517 0.0090846 0.0226377 0.0235741 0.0181573 0.0503417 0.0106378 0.0146678 0.00596262 0.00401511 0.0039906 0.00355542 0.00352407 0.00354961 0.00354459 0 0.00356697 0.00358624 0.00586688 0.00912109 0.878855 0.0256831 0.00790483 0.00660178 0.00848377 0.0273087 0.0102262 0.0244788 0.00946892 0.0115972 0.0511951 0.0234553 0.041113 0.0162468 0.0109241 0.014894 0.0133442 0.0450973 0.010881 0.0184818 0.0111871 
0.0106425 0.0149688 0.0103253 0.00987615 0.00982353 0.0106615 0.0107882 0.00945094 0.00914828 0.00915714 0.0101664 0.010372 0.00971943 0.0257048 0.00936258 0.0111207 0.0105581 0.00957427 0.0150294 0.0186104 0.0188935 0.00985477 0.0316391 0.0128046 0.0075364 0.0054653 0.00368271 0.00396845 0.00355748 0.00355639 0.00356008 0.00356697 0 0.00363293 0.0059456 0.978497 0.0064422 0.0050067 0.00558632 0.0070894 0.0128358 0.0101217 0.014537 0.0123356 0.014275 0.0186476 0.0157469 0.016619 0.0124065 0.0292511 0.0107679 0.010358 0.0200015 0.00975365 0.0122597 0.00991906 0.0132625 
0.0175092 0.00951158 0.0118214 0.0138382 0.0092797 0.010113 0.0131211 0.0110563 0.0106174 0.00942233 0.0104122 0.00977955 0.0265048 0.010845 0.0119388 0.00863202 0.0087648 0.0102621 0.0243377 0.0138698 0.00963999 0.0115898 0.00980067 0.0314007 0.00982074 0.00671112 0.00912156 0.00360861 0.00369599 0.00371203 0.00356644 0.00358624 0.00363293 0 0.99622 0.00527968 0.00395932 0.00385112 0.00522133 0.00548281 0.0112411 0.0120651 0.00837382 0.0125668 0.0120492 0.0220535 0.0129915 0.00977807 0.0100747 0.0108739 0.014513 0.0211033 0.00948885 0.0100485 0.00866179 0.011438 0.0107022 
0.00889348 0.00843541 0.0118839 0.00920357 0.00859954 0.0124605 0.00936732 0.0108123 0.00864321 0.00939848 0.00877392 0.010635 0.0100467 0.00937886 0.00889903 0.00938963 0.00959996 0.014219 0.00952838 0.00903969 0.00914712 0.00904873 0.0103009 0.0158095 0.00873091 0.00690021 0.00501601 0.00486817 0.00492779 0.00458223 0.00395036 0.00586688 0.0059456 0.99622 0 0.00370058 0.00358394 0.00372244 0.00386045 0.00557484 0.00809162 0.00662068 0.00772531 0.00889084 0.0427145 0.0144837 0.00912092 0.00883271 0.00865548 0.00899062 0.0283226 0.00921111 0.00873647 0.00868247 0.00878705 0.00991054 0.0179672 
0.00836762 0.00873698 0.00910561 0.00861199 0.00861007 0.00975194 0.0089334 0.00863162 0.0085164 0.00838195 0.0087055 0.00871163 0.00890816 0.0098032 0.00898729 0.00932246 0.0103286 0.00944354 0.00888651 0.00922493 0.0093737 0.00901039 0.0120963 0.00910227 0.00752684 0.00633547 0.00591331 0.00623219 0.00679522 0.0053266 0.00922876 0.00912109 0.978497 0.00527968 0.00370058 0 0.00373649 0.00370757 0.00399651 0.0040076 0.00632174 0.00670975 0.00795009 0.0163514 0.0264817 0.00935033 0.00913085 0.0093314 0.00893086 0.0135258 0.00924001 0.00861042 0.00904467 0.00883158 0.00907678 0.0106719 0.00971486 
0.00852477 0.00844731 0.00854774 0.00871161 0.00840899 0.00893416 0.00856659 0.00844679 0.00828871 0.00832831 0.00842126 0.00841253 0.00887715 0.00915159 0.0105572 0.00933307 0.00897238 0.00884915 0.00893251 0.00897669 0.00923378 0.0128569 0.00934589 0.00885217 0.00742146 0.00649293 0.0069576 0.00807207 0.00674508 0.00730072 0.00948858 0.878855 0.0064422 0.00395932 0.00358394 0.00373649 0 0.00378683 0.00389391 0.00363396 0.00629096 0.00709158 0.0126594 0.0199067 0.0100134 0.00881871 0.00893005 0.00889007 0.0119761 0.00878792 0.00892878 0.00883303 0.00849713 0.00927477 0.00884816 0.0100256 0.00894567 
0.00848038 0.00842276 0.00879519 0.00867996 0.00832216 0.00897481 0.0085365 0.00833143 0.00829102 0.00824735 0.00838405 0.00833304 0.00887504 0.00983916 0.00930648 0.00965525 0.00879963 0.00870307 0.00893332 0.00917548 0.0113871 0.00969119 0.0101139 0.00876347 0.00765754 0.00663961 0.0130496 0.00597259 0.00800082 0.00885211 0.815598 0.0256831 0.0050067 0.00385112 0.00372244 0.00370757 0.00378683 0 0.00359665 0.00361006 0.00606402 0.00943271 0.0143406 0.0100404 0.00837082 0.00915617 0.0087266 0.0129485 0.00900536 0.00885653 0.00870643 0.00851843 0.00892537 0.00962061 0.0100051 0.00888518 0.0090438 
0.00866981 0.00878441 0.00836171 0.00871427 0.00861644 0.00839976 0.00862985 0.00846215 0.00828192 0.00829579 0.00840677 0.00835989 0.00916371 0.0101842 0.00945538 0.00917009 0.00905727 0.00843717 0.00946236 0.0138561 0.00980495 0.00999956 0.0117615 0.00906944 0.00799821 0.00782525 0.00764758 0.00928746 0.01694 0.792984 0.040138 0.00790483 0.00558632 0.00522133 0.00386045 0.00399651 0.00389391 0.00359665 0 0.00369922 0.0108329 0.0314826 0.0121267 0.0086866 0.00675694 0.00878644 0.031983 0.0094627 0.00972239 0.0113263 0.0085977 0.00922337 0.011332 0.00991236 0.00895895 0.0096609 0.00884786 
0.0119681 0.0085632 0.00981862 0.0124729 0.00867175 0.010406 0.0121442 0.0090141 0.00963051 0.00878346 0.010641 0.00928361 0.0132939 0.0108945 0.00897105 0.00965222 0.00890306 0.00931575 0.0239328 0.0112263 0.00969702 0.00928688 0.011223 0.0158833 0.0139831 0.0118243 0.0225187 0.0110122 0.779265 0.0210643 0.00761886 0.00660178 0.0070894 0.00548281 0.00557484 0.0040076 0.00363396 0.00361006 0.00369922 0 0.0370724 0.00951355 0.0120926 0.00667911 0.0103604 0.0440345 0.00986513 0.00914876 0.00955751 0.0107112 0.0173836 0.019442 0.0113264 0.0088787 0.00930549 0.00888203 0.01067 
0.00935393 0.00883295 0.0130591 0.00924449 0.00833548 0.0159899 0.0101055 0.0101537 0.00876053 0.0101804 0.008905 0.0105966 0.00987035 0.0129802 0.00875312 0.0110237 0.00936292 0.0143216 0.0133996 0.011064 0.0111951 0.00980526 0.0342731 0.013705 0.0170634 0.0190416 0.00978922 0.0486774 0.00843752 0.00867907 0.0155601 0.00848377 0.0128358 0.0112411 0.00809162 0.00632174 0.00629096 0.00606402 0.0108329 0.0370724 0 0.00358978 0.00370286 0.00358537 0.00472359 0.00886044 0.00683258 0.00737323 0.0110791 0.0391668 0.0607465 0.00853104 0.00902841 0.00829524 0.01214 0.00898865 0.0587004 
0.00977718 0.0100709 0.00895862 0.00870756 0.00969913 0.00874071 0.00841828 0.00977409 0.00834616 0.00831911 0.00836651 0.00875195 0.0122933 0.00977265 0.0289636 0.00882249 0.012337 0.00980458 0.0100212 0.0160856 0.010071 0.0754819 0.00918852 0.0178224 0.00847186 0.0110799 0.032149 0.010363 0.0321642 0.0185116 0.00947795 0.0273087 0.0101217 0.0120651 0.00662068 0.00670975 0.00709158 0.00943271 0.0314826 0.00951355 0.00358978 0 0.00353322 0.00371001 0.00355262 0.00584969 0.0105517 0.00908596 0.0522833 0.0476769 0.0116466 0.0093123 0.00911976 0.0139154 0.00820612 0.0715056 0.00883455 
0.00891441 0.00890031 0.00940015 0.00919744 0.00831977 0.0117485 0.00938971 0.00826191 0.00841916 0.00853146 0.00896533 0.00856021 0.00869155 0.0284946 0.00906342 0.028569 0.0089762 0.0088997 0.00938967 0.0103225 0.079736 0.00968545 0.0413724 0.00883771 0.009575 0.00972 0.00886376 0.029797 0.014621 0.00948829 0.0329564 0.0102262 0.014537 0.00837382 0.00772531 0.00795009 0.0126594 0.0143406 0.0121267 0.0120926 0.00370286 0.00353322 0 0.00352711 0.00369274 0.00907859 0.00860814 0.0460037 0.0282557 0.0114397 0.00765572 0.00759208 0.0109685 0.00830767 0.0594657 0.00829918 0.018762 
0.00943916 0.0118144 0.00892489 0.00882227 0.00952449 0.00847247 0.00851484 0.00928855 0.0083601 0.00846397 0.00853089 0.00876953 0.0116587 0.0101322 0.0254999 0.00897674 0.010221 0.00892509 0.0101481 0.0230965 0.0110364 0.0357329 0.0106875 0.0165555 0.00901201 0.0115033 0.0137592 0.00917731 0.015455 0.0174478 0.0103659 0.0244788 0.0123356 0.0125668 0.00889084 0.0163514 0.0199067 0.0100404 0.0086866 0.00667911 0.00358537 0.00371001 0.00352711 0 0.00358426 0.008224 0.102996 0.0280612 0.0117821 0.00981148 0.00887146 0.00826139 0.00867228 0.0238089 0.00824353 0.0228575 0.00961852 
0.0114515 0.00876827 0.010936 0.0128273 0.00846023 0.0115848 0.0122153 0.00863119 0.00937276 0.00920231 0.00983628 0.0092588 0.0116336 0.0164607 0.00890018 0.0102462 0.0087231 0.00959507 0.0231583 0.0114898 0.011535 0.0090854 0.0169046 0.0124597 0.0198281 0.0189421 0.0130978 0.0116326 0.00971887 0.0100942 0.0111604 0.00946892 0.014275 0.0120492 0.0427145 0.0264817 0.0100134 0.00837082 0.00675694 0.0103604 0.00472359 0.00355262 0.00369274 0.00358426 0 0.0608216 0.041846 0.00650874 0.00591259 0.00802453 0.00796384 0.00949954 0.0203213 0.00816798 0.0107023 0.00840014 0.0232964 
0.0102532 0.00926158 0.013789 0.0093384 0.00850203 0.0166175 0.0106021 0.011694 0.00864765 0.0105308 0.00915008 0.0119215 0.0113479 0.0115579 0.00928963 0.0104235 0.00976724 0.0182552 0.0147491 0.0114473 0.0121658 0.0103521 0.0173098 0.0215175 0.0154641 0.0202583 0.0119538 0.0138505 0.0112075 0.0108609 0.0152561 0.0115972 0.0186476 0.0220535 0.0144837 0.00935033 0.00881871 0.00915617 0.00878644 0.0440345 0.00886044 0.00584969 0.00907859 0.008224 0.0608216 0 0.00358008 0.00359716 0.0035584 0.00363392 0.0047729 0.00535404 0.00595819 0.00647198 0.00940341 0.0203107 0.965465 
0.00942946 0.0107067 0.00940527 0.00836257 0.00893103 0.00888639 0.00846813 0.00883573 0.00822406 0.0082917 0.00848713 0.0086797 0.00982892 0.0119461 0.0150183 0.00929903 0.0162161 0.0089822 0.00982585 0.0190121 0.0138382 0.0281567 0.0141385 0.0158918 0.00877121 0.0110006 0.0111789 0.0151771 0.0188275 0.0236185 0.0161189 0.0511951 0.0157469 0.0129915 0.00912092 0.00913085 0.00893005 0.0087266 0.031983 0.00986513 0.00683258 0.0105517 0.00860814 0.102996 0.041846 0.00358008 0 0.00355664 0.00355651 0.00365484 0.00359163 0.00511424 0.00550498 0.00791386 0.0084431 0.986997 0.0183089 
0.00925899 0.00922244 0.0091197 0.00837405 0.00835301 0.00872709 0.0084663 0.00840287 0.00819002 0.00845065 0.00846844 0.00850832 0.008915 0.0144449 0.0127141 0.0196851 0.00901422 0.00853359 0.00918434 0.0131498 0.0336063 0.025973 0.0237671 0.0100901 0.00858664 0.00914266 0.0109939 0.0229498 0.0382921 0.0190066 0.0971627 0.0234553 0.016619 0.00977807 0.00883271 0.0093314 0.00889007 0.0129485 0.0094627 0.00914876 0.00737323 0.00908596 0.0460037 0.0280612 0.00650874 0.00359716 0.00355664 0 0.00353982 0.00356447 0.0035662 0.00390443 0.00696724 0.0147558 0.971954 0.0119027 0.0135452 
0.00929408 0.00978363 0.00914807 0.00826977 0.00849284 0.00858419 0.00834428 0.00836113 0.00819465 0.00841912 0.00841913 0.00839339 0.00939846 0.0112595 0.0266413 0.0118928 0.00924186 0.00848777 0.0090749 0.0156749 0.033684 0.0365067 0.0145454 0.0103027 0.00844361 0.0091527 0.0131176 0.0133307 0.0243931 0.0744588 0.0238829 0.041113 0.0124065 0.0100747 0.00865548 0.00893086 0.0119761 0.00900536 0.00972239 0.00955751 0.0110791 0.0522833 0.0282557 0.0117821 0.00591259 0.0035584 0.00355651 0.00353982 0 0.00352632 0.00355028 0.00398695 0.0133522 0.982013 0.014438 0.00720477 0.00794078 
0.00896179 0.0104988 0.00914374 0.00848778 0.00872437 0.00861537 0.00867798 0.00871501 0.00835611 0.0085049 0.00868866 0.00899154 0.00974713 0.0218258 0.0101946 0.0094685 0.00955916 0.00843257 0.0107192 0.0267206 0.0152958 0.0143046 0.0198027 0.012282 0.00916644 0.00994044 0.0104611 0.0146499 0.0344951 0.0139358 0.0219832 0.0162468 0.0292511 0.0108739 0.00899062 0.0135258 0.00878792 0.00885653 0.0113263 0.0107112 0.0391668 0.0476769 0.0114397 0.00981148 0.00802453 0.00363392 0.00365484 0.00356447 0.00352632 0 0.00352669 0.00546987 0.972536 0.0119415 0.0112102 0.00611082 0.00894651 
0.0121027 0.00862954 0.00958923 0.0101995 0.00845069 0.00860162 0.0095895 0.00878668 0.00865946 0.00855748 0.00952557 0.0086896 0.0286801 0.00985462 0.00934311 0.00871921 0.0085189 0.00893883 0.0295024 0.0129023 0.00984023 0.0110636 0.00964038 0.0148442 0.0140711 0.0169352 0.0190517 0.011945 0.010229 0.010658 0.0102807 0.0109241 0.0107679 0.014513 0.0283226 0.00924001 0.00892878 0.00870643 0.0085977 0.0173836 0.0607465 0.0116466 0.00765572 0.00887146 0.00796384 0.0047729 0.00359163 0.0035662 0.00355028 0.00352669 0 0.992935 0.00834867 0.00533411 0.00368084 0.00523357 0.00822261 
0.00906958 0.00848723 0.00955726 0.00822496 0.00820815 0.00941004 0.00827154 0.00898789 0.00803428 0.00829556 0.00820113 0.00889886 0.00988482 0.00866345 0.00930821 0.0083588 0.00891675 0.0100219 0.00925969 0.00942498 0.00919253 0.0114088 0.00902389 0.0310729 0.00930618 0.012875 0.0114757 0.0104905 0.0105067 0.0108273 0.0105672 0.014894 0.010358 0.0211033 0.00921111 0.00861042 0.00883303 0.00851843 0.00922337 0.019442 0.00853104 0.0093123 0.00759208 0.00826139 0.00949954 0.00535404 0.00511424 0.00390443 0.00398695 0.00546987 0.992935 0 0.00360516 0.00356205 0.00360794 0.00371444 0.00531401 
0.00830761 0.00871728 0.00889719 0.00807572 0.00834335 0.00850466 0.0081636 0.00824818 0.00805115 0.00804509 0.00820749 0.00821134 0.00835054 0.0119559 0.00878335 0.00981185 0.00886544 0.00904307 0.00870648 0.00992011 0.0127848 0.00934926 0.0299076 0.00894085 0.00853817 0.00868656 0.00929419 0.015773 0.0121626 0.0112704 0.0290843 0.0133442 0.0200015 0.00948885 0.00873647 0.00904467 0.00849713 0.00892537 0.011332 0.0113264 0.00902841 0.00911976 0.0109685 0.00867228 0.0203213 0.00595819 0.00550498 0.00696724 0.0133522 0.972536 0.00834867 0.00360516 0 0.00356594 0.00355238 0.00393676 0.00405016 
0.00866729 0.00884647 0.00874424 0.00817879 0.00826153 0.00836951 0.00820492 0.00832704 0.00805977 0.00818603 0.00816924 0.00828814 0.00913373 0.00917515 0.0214784 0.0091965 0.00922154 0.00846408 0.00866789 0.0106707 0.0116736 0.0569263 0.00943426 0.0104219 0.0082526 0.00862356 0.0123152 0.00968547 0.0216132 0.0344676 0.0208326 0.0450973 0.00975365 0.0100485 0.00868247 0.00883158 0.00927477 0.00962061 0.00991236 0.0088787 0.00829524 0.0139154 0.00830767 0.0238089 0.00816798 0.00647198 0.00791386 0.0147558 0.982013 0.0119415 0.00533411 0.00356205 0.00356594 0 0.00355301 0.00364496 0.00357934 
0.00844404 0.00854417 0.00847416 0.00830674 0.008214 0.00866298 0.00860069 0.00808625 0.00809559 0.0081482 0.0083647 0.00814032 0.00841066 0.0124615 0.00895381 0.0112395 0.0084319 0.00826011 0.00875078 0.00932949 0.0302746 0.0094349 0.0178951 0.00859534 0.00842064 0.00892148 0.00896581 0.0176297 0.0144151 0.0109743 0.0384306 0.010881 0.0122597 0.00866179 0.00878705 0.00907678 0.00884816 0.0100051 0.00895895 0.00930549 0.01214 0.00820612 0.0594657 0.00824353 0.0107023 0.00940341 0.0084431 0.971954 0.014438 0.0112102 0.00368084 0.00360794 0.00355238 0.00355301 0 0.00352541 0.00355402 
0.00867483 0.00871549 0.00845442 0.00851011 0.00864831 0.00818415 0.0082856 0.0091337 0.00816613 0.00855678 0.00820355 0.00836019 0.0098374 0.00901754 0.012176 0.0084678 0.00912018 0.00856652 0.00904802 0.0139409 0.0094584 0.016307 0.00875551 0.011469 0.00839693 0.0102903 0.0119908 0.00987261 0.0156085 0.0170794 0.00983375 0.0184818 0.00991906 0.011438 0.00991054 0.0106719 0.0100256 0.00888518 0.0096609 0.00888203 0.00898865 0.0715056 0.00829918 0.0228575 0.00840014 0.0203107 0.986997 0.0119027 0.00720477 0.00611082 0.00523357 0.00371444 0.00393676 0.00364496 0.00352541 0 0.00366313 
0.00936722 0.00832228 0.00914504 0.00926425 0.00810821 0.00927649 0.00925011 0.00828421 0.00898869 0.00822718 0.00939533 0.008454 0.0106354 0.0102641 0.00853835 0.00963135 0.00850591 0.00893827 0.0166088 0.0100066 0.0111617 0.00906452 0.0116593 0.0115272 0.0131424 0.0185909 0.012961 0.0112106 0.0120086 0.0102077 0.0148555 0.0111871 0.0132625 0.0107022 0.0179672 0.00971486 0.00894567 0.0090438 0.00884786 0.01067 0.0587004 0.00883455 0.018762 0.00961852 0.0232964 0.965465 0.0183089 0.0135452 0.00794078 0.00894651 0.00822261 0.00531401 0.00405016 0.00357934 0.00355402 0.00366313 0 
