1DS6B
GNYKPPPQKSLKELQEMDKDDESLIKYKKTLLGDGPVVTDPKAPNVVVTRLTLVCESAPGPITMDLTGDLEALKKETIVLKEGSEYRVKIHFKVNRDIVSGLKYVQHTYRTGVKVDKATFMVGSYGPRPEEYEFLTPVEEAPKGMLARGTYHNKSFFTDDDKQDHLSWEWNLSIKKEWG
CCCCCCCCCCHHHHHHCCCCCHHHHHHHHHHCCCCCCCCCCCCCCCCEEEEEEECCCCCCCCEEECCCCHHHHHHCEEEEECCCEEEEEEEECCCCCCEEEEEEEEEEEECCEEEEEEEEEEEEECCCCCCEEEECCCEECCCCCCCCEEEEEEEEEECCCCCCCEEEEEEEEEECCCC
0 0 0 0 0 0 0 0 0 0 0 0 0 0 0 0 0 0 0 0 0 0 0 0 0 0 0 0 0 0 0 0 0 0 0 0 0 0 0 0 0 0 0 0 0 0 0 0 0 0 0 0 0 0 0 0 0 0 0 0 0 0 0 0 0 0 0 0 0 0 0 0 0 0 0 0 0 0 0 0 0 0 0 0 0 0 0 0 0 0 0 0 0 0 0 0 0 0 0 0 0 0 0 0 0 0 0 0 0 0 0 0 0 0 0 0 0 0 0 0 0 0 0 0 0 0 0 0 0 0 0 0 0 0 0 0 0 0 0 0 0 0 0 0 0 0 0 0 0 0 0 0 0 0 0 0 0 0 0 0 0 0 0 0 0 0 0 0 0 0 0 0 0 0 0 0 0 0 0 
0 0 0 0 0 0 0 0 0 0 0 0 0 0 0 0 0 0 0 0 0 0 0 0 0 0 0 0 0 0 0 0 0 0 0 0 0 0 0 0 0 0 0 0 0 0 0 0 0 0 0 0 0 0 0 0 0 0 0 0 0 0 0 0 0 0 0 0 0 0 0 0 0 0 0 0 0 0 0 0 0 0 0 0 0 0 0 0 0 0 0 0 0 0 0 0 0 0 0 0 0 0 0 0 0 0 0 0 0 0 0 0 0 0 0 0 0 0 0 0 0 0 0 0 0 0 0 0 0 0 0 0 0 0 0 0 0 0 0 0 0 0 0 0 0 0 0 0 0 0 0 0 0 0 0 0 0 0 0 0 0 0 0 0 0 0 0 0 0 0 0 0 0 0 0 0 0 0 0 
0 0.00369595 0.00368419 0.00370232 0.00374366 0.00421547 0.00517383 0.0212819 0.0132183 0.0273342 0.0172466 0.0195303 0.011836 0.0150567 0.0186923 0.0116805 0.0149315 0.0105211 0.01937 0.0115706 0.0158302 0.0156519 0.0617955 0.0246411 0.0119056 0.0112924 0.0112611 0.00953153 0.0124871 0.0122572 0.0115904 0.0110084 0.0101191 0.0108909 0.0163714 0.0149036 0.00924904 0.00995466 0.00882157 0.0089758 0.00986301 0.00891449 0.0110231 0.0102464 0.0101536 0.010473 0.00929913 0.0142343 0.0110162 0.00847543 0.00934908 0.0119905 0.00859754 0.0100003 0.0103807 0.00836142 0.00867603 0.00903464 0.00876127 0.00857102 0.00906257 0.00900183 0.00897348 0.0117034 0.00902869 0.00822859 0.0084671 0.00830378 0.00853362 0.00864487 0.00903803 0.00904776 0.00902673 0.00986914 
0.00369595 0 0.00365064 0.00367714 0.00370068 0.00406926 0.00370188 0.00857617 0.0365253 0.00862474 0.011103 0.0387652 0.0104899 0.0228417 0.00998266 0.00925099 0.0256199 0.00986241 0.0351037 0.0110054 0.0476292 0.0156777 0.0163837 0.0113762 0.018897 0.0133453 0.0132566 0.0102778 0.0183774 0.0145787 0.0139517 0.0137788 0.010822 0.0158285 0.00996985 0.00962938 0.00878026 0.0100177 0.00868359 0.00920028 0.00967106 0.00903067 0.0124469 0.0122043 0.0147616 0.0111761 0.011508 0.00939256 0.00908483 0.00862289 0.0118037 0.00883002 0.00825731 0.00828899 0.00979102 0.0084306 0.00899636 0.00853711 0.0107429 0.00857866 0.00974164 0.008628 0.0104874 0.00861785 0.00868487 0.00827947 0.0089207 0.00830487 0.00974096 0.00877566 0.0100907 0.00855028 0.0102405 0.00856554 
0.00368419 0.00365064 0 0.00362808 0.00366967 0.0036326 0.00367798 0.0192842 0.00711427 0.0509877 0.0146105 0.0098184 0.0615437 0.00922862 0.0154566 0.0137307 0.00885295 0.0439104 0.00916456 0.148025 0.0114311 0.0474047 0.00900965 0.0107571 0.0183058 0.0200783 0.0103627 0.0352647 0.0137176 0.0206929 0.0257667 0.015935 0.0235368 0.00919339 0.00929465 0.00860105 0.0101802 0.00869719 0.0116174 0.0095394 0.00881768 0.0171289 0.0105493 0.031562 0.0167435 0.0181829 0.0116204 0.00880981 0.00835445 0.0111603 0.0085083 0.00904803 0.00828155 0.00822909 0.00834282 0.009856 0.00911614 0.0147405 0.00913539 0.0119792 0.0088289 0.0162258 0.0088033 0.00902269 0.00830435 0.0100664 0.00846441 0.0133568 0.00909649 0.0132744 0.00958721 0.0148431 0.00848178 0.00841549 
0.00370232 0.00367714 0.00362808 0 0.00353815 0.0036038 0.00357603 0.00636973 0.0618143 0.00774094 0.00950839 0.0734448 0.00905383 0.0493007 0.0088396 0.00858408 0.0495629 0.00861212 0.189205 0.00948113 0.239755 0.00889899 0.0210673 0.0119795 0.0149829 0.0180649 0.0351615 0.0094826 0.0371483 0.0278116 0.014343 0.0344501 0.0108574 0.0136402 0.00865055 0.00989575 0.00855396 0.0185434 0.0088981 0.0099186 0.0169701 0.00902927 0.0336317 0.0148262 0.0383015 0.0215976 0.0100773 0.00913981 0.0111321 0.00844043 0.016084 0.00860694 0.00818359 0.00807189 0.0105744 0.00847205 0.0172681 0.0089468 0.0161083 0.00863452 0.0174018 0.00886743 0.0122841 0.00844986 0.0102908 0.00824327 0.0169226 0.00854673 0.0174593 0.00887887 0.0234325 0.00896622 0.0123389 0.00829715 
0.00374366 0.00370068 0.00366967 0.00353815 0 0.00356969 0.00373944 0.0768247 0.00722823 0.0576736 0.0284188 0.00908506 0.107458 0.00901064 0.0151108 0.0208637 0.00880114 0.142005 0.00963087 0.163096 0.00990421 0.0448025 0.00907738 0.0126097 0.0216483 0.028145 0.0103927 0.0585405 0.0141933 0.0185711 0.0451469 0.0154085 0.0254575 0.0093768 0.0105295 0.00895356 0.0129842 0.00892428 0.0119899 0.0123371 0.00903687 0.0262134 0.0118352 0.0549403 0.0192548 0.0174821 0.0127938 0.00903778 0.00846217 0.0152022 0.00871368 0.0107081 0.00847318 0.00904109 0.00870799 0.0122382 0.00894298 0.0146145 0.00937932 0.0165408 0.00873733 0.015287 0.00907234 0.00918711 0.00838127 0.0123025 0.00839204 0.0143736 0.00879686 0.016763 0.00912936 0.015129 0.00913152 0.00910531 
0.00421547 0.00406926 0.0036326 0.0036038 0.00356969 0 0.00355656 0.00713187 0.177137 0.00826718 0.00928608 0.0620569 0.00888294 0.0715119 0.00954573 0.00904675 0.0779533 0.00879353 0.0637023 0.00919043 0.0551086 0.00998641 0.0207194 0.0122601 0.0180912 0.0137751 0.0216519 0.00939955 0.0181527 0.0193584 0.0127767 0.0174701 0.0099209 0.0160909 0.00870487 0.00982331 0.00871817 0.0109876 0.00888533 0.00865258 0.0114794 0.00866605 0.0187328 0.0123366 0.0181378 0.0133552 0.0139689 0.00961716 0.0108962 0.00869219 0.0179156 0.00861895 0.00848446 0.00813772 0.0113096 0.00864058 0.0120212 0.0089486 0.0140057 0.00870084 0.010761 0.00885965 0.012773 0.00855563 0.0104339 0.00843531 0.0125958 0.00855838 0.0124094 0.0092018 0.0161044 0.0089959 0.0106586 0.00835144 
0.00517383 0.00370188 0.00367798 0.00357603 0.00373944 0.00355656 0 0.108189 0.00728687 0.0400044 0.0329993 0.00940966 0.0161155 0.0113808 0.0385555 0.0497262 0.00935524 0.0205701 0.00915668 0.0200177 0.00924836 0.0229487 0.0127876 0.0251171 0.0109658 0.0127586 0.00929338 0.0133467 0.0106639 0.00991828 0.0113565 0.00981703 0.0104902 0.00950712 0.0114054 0.0136362 0.0104281 0.00856639 0.00871637 0.00902876 0.00857506 0.00927528 0.00932831 0.010597 0.0107586 0.0100467 0.0118902 0.0144254 0.010649 0.00968387 0.0085244 0.0115786 0.00915335 0.00951729 0.0101922 0.00958678 0.00838814 0.00923765 0.00851768 0.00858132 0.00837844 0.00903535 0.00847457 0.0105072 0.00915272 0.00869294 0.00814843 0.00882929 0.00829408 0.00893391 0.00837789 0.00921311 0.00836512 0.00898166 
0.0212819 0.00857617 0.0192842 0.00636973 0.0768247 0.00713187 0.108189 0 0.00372236 0.0043877 0.0243833 0.00981628 0.0858944 0.00931583 0.0493036 0.0251521 0.00827414 0.0362146 0.00825675 0.021864 0.00875562 0.0281117 0.0140366 0.0136999 0.0110239 0.00987019 0.00874034 0.0136232 0.00931735 0.00951353 0.0107575 0.00936022 0.0100331 0.00903255 0.0178557 0.0101479 0.0111825 0.00869499 0.00938339 0.0094578 0.00855053 0.0103376 0.00873541 0.00997681 0.009188 0.00901274 0.00927947 0.011287 0.00846448 0.011933 0.00834317 0.0146047 0.00890159 0.0121063 0.00823054 0.00951727 0.00815225 0.009208 0.00820769 0.00922566 0.00813526 0.00989178 0.00860757 0.0120412 0.0080788 0.00909152 0.00804707 0.009115 0.00806016 0.00899386 0.0081528 0.00975883 0.00838603 0.0114528 
0.0132183 0.0365253 0.00711427 0.0618143 0.00722823 0.177137 0.00728687 0.00372236 0 0.00352951 0.00704719 0.104917 0.00824389 0.0838797 0.00767017 0.00804351 0.0516615 0.00801452 0.0287143 0.00827482 0.0612385 0.0107002 0.0279731 0.010806 0.0118423 0.00948311 0.0133049 0.00848464 0.0113646 0.0100438 0.00903417 0.0107362 0.00881551 0.0150343 0.00873081 0.0113063 0.00910535 0.0105251 0.00838554 0.00852923 0.0102007 0.00838961 0.0103116 0.00911721 0.00939796 0.00985062 0.00954161 0.00914539 0.0117906 0.00840379 0.0164805 0.00837793 0.00865314 0.00827613 0.0106775 0.00826357 0.00893871 0.00822273 0.00960158 0.00820375 0.00949261 0.00824883 0.0120151 0.00836388 0.00930725 0.00821403 0.00981517 0.00803828 0.00924488 0.00813583 0.0100153 0.00830355 0.0132852 0.00817215 
0.0273342 0.00862474 0.0509877 0.00774094 0.0576736 0.00826718 0.0400044 0.0043877 0.00352951 0 0.0781447 0.00717705 0.0276415 0.00737247 0.0366018 0.0355215 0.00812367 0.0143326 0.00824449 0.0296884 0.0099957 0.0362098 0.0115362 0.0174525 0.0101027 0.0126153 0.00882693 0.012305 0.00958719 0.00918872 0.0101674 0.00935152 0.0100725 0.00905989 0.0112551 0.0126923 0.0106597 0.0084712 0.00916331 0.00941996 0.0083822 0.0100368 0.008827 0.0102899 0.0101127 0.0095089 0.0105716 0.0109334 0.00991715 0.0117722 0.00832451 0.0122441 0.00953221 0.00974792 0.00896036 0.00948429 0.00831791 0.00901284 0.00836982 0.00921627 0.00820255 0.00944271 0.0083005 0.0105608 0.00870677 0.00919308 0.00806699 0.00891596 0.00809442 0.00928727 0.00819287 0.00957611 0.0081661 0.00912161 
0.0172466 0.011103 0.0146105 0.00950839 0.0284188 0.00928608 0.0329993 0.0243833 0.00704719 0.0781447 0 0.00457976 0.00364929 0.00355811 0.00528557 0.00689341 0.00457134 0.0215561 0.0100756 0.244698 0.0167114 0.0248272 0.0143895 0.0121208 0.00991243 0.00976501 0.0106343 0.0123899 0.0091713 0.0102654 0.00982753 0.00919558 0.0100638 0.0111885 0.0231764 0.0115694 0.0119495 0.00924659 0.0101563 0.00997611 0.00904897 0.0104809 0.00911007 0.0105 0.0092459 0.00906641 0.00975084 0.0140892 0.0102045 0.0114574 0.00890339 0.018936 0.00936779 0.012468 0.00898942 0.00872674 0.00821446 0.00981061 0.00847551 0.00958916 0.00823878 0.00962804 0.00854983 0.0134716 0.00836337 0.00909425 0.00807991 0.00904317 0.00816372 0.00910043 0.00827682 0.00977707 0.00906944 0.0128221 
0.0195303 0.0387652 0.0098184 0.0734448 0.00908506 0.0620569 0.00940966 0.00981628 0.104917 0.00717705 0.00457976 0 0.00358377 0.00375542 0.00369109 0.00413939 0.0311553 0.00644412 0.349104 0.0219114 0.0390519 0.00757969 0.0170495 0.0109032 0.0146288 0.0119043 0.0162781 0.00854572 0.0186324 0.0127833 0.0102276 0.0140823 0.00993944 0.0233573 0.00971762 0.0143293 0.00924041 0.0170132 0.00881448 0.00966157 0.0133721 0.00893859 0.0201815 0.010287 0.0141857 0.0128228 0.00999785 0.00957488 0.0162979 0.00881599 0.0265677 0.00932362 0.00884901 0.00898091 0.013313 0.00843996 0.0128882 0.00884558 0.013976 0.00857446 0.0144608 0.0085778 0.0135491 0.00894543 0.0108244 0.00826084 0.0143293 0.00819433 0.0138872 0.00839691 0.0151348 0.00861822 0.0159197 0.00887273 
0.011836 0.0104899 0.0615437 0.00905383 0.107458 0.00888294 0.0161155 0.0858944 0.00824389 0.0276415 0.00364929 0.00358377 0 0.00358629 0.00413477 0.00910086 0.00466472 0.391585 0.007364 0.0295322 0.00631359 0.0170544 0.007068 0.00946593 0.0160775 0.0149707 0.0085284 0.0303243 0.00948348 0.011195 0.0183405 0.0117891 0.0174885 0.00897422 0.00981943 0.00924489 0.0152169 0.00882125 0.0123112 0.0111327 0.00903956 0.0259628 0.00974154 0.0321617 0.0139089 0.0148155 0.0129253 0.00898808 0.00867179 0.028636 0.00858948 0.011742 0.00855686 0.00953341 0.00851068 0.0163488 0.00923053 0.0209272 0.00912835 0.0178841 0.00881383 0.0312556 0.00884184 0.00925714 0.00845755 0.0156855 0.00840229 0.0224801 0.00870687 0.018827 0.00931045 0.0342715 0.00848347 0.00915352 
0.0150567 0.0228417 0.00922862 0.0493007 0.00901064 0.0715119 0.0113808 0.00931583 0.0838797 0.00737247 0.00355811 0.00375542 0.00358629 0 0.00354123 0.00450051 0.350603 0.0117828 0.0157696 0.0058504 0.0149589 0.0066411 0.0117334 0.0107519 0.0166485 0.0108652 0.0196146 0.00848011 0.0126382 0.0115457 0.00975726 0.0158098 0.00930329 0.0152385 0.00863173 0.0125933 0.00888303 0.0122796 0.00862142 0.00888061 0.0120375 0.0086181 0.0160181 0.010414 0.016607 0.0121761 0.0115625 0.010015 0.0163221 0.00865899 0.0235229 0.0087555 0.00919802 0.00851347 0.0133865 0.00858796 0.0107972 0.00880893 0.0122063 0.00869389 0.0132024 0.00868004 0.0148832 0.00879813 0.0109645 0.00832409 0.0133103 0.00833613 0.0121302 0.00857722 0.0172201 0.0087032 0.0126292 0.00849834 
0.0186923 0.00998266 0.0154566 0.0088396 0.0151108 0.00954573 0.0385555 0.0493036 0.00767017 0.0366018 0.00528557 0.00369109 0.00413477 0.00354123 0 0.545101 0.0151258 0.00712991 0.00411476 0.00680772 0.0050327 0.00839986 0.00725113 0.0173206 0.00929236 0.010382 0.00823983 0.0108078 0.00960694 0.00956216 0.00971093 0.00974776 0.0100679 0.00909731 0.0109706 0.015449 0.010247 0.00863234 0.0087771 0.00953495 0.00855846 0.0100541 0.00879282 0.0102958 0.00981509 0.00910053 0.0109757 0.0142208 0.0123174 0.0107086 0.00838639 0.0136497 0.0100127 0.0102436 0.0114254 0.00965892 0.0083706 0.00926233 0.0082915 0.00880479 0.00827169 0.00938846 0.0084246 0.0106953 0.00981067 0.0088884 0.00807887 0.00855412 0.00814484 0.00896666 0.00835146 0.00899259 0.00835609 0.00914386 
0.0116805 0.00925099 0.0137307 0.00858408 0.0208637 0.00904675 0.0497262 0.0251521 0.00804351 0.0355215 0.00689341 0.00413939 0.00910086 0.00450051 0.545101 0 0.00405239 0.00422375 0.00356491 0.00449943 0.00372729 0.00664674 0.00494692 0.00895313 0.00797128 0.00797936 0.00764959 0.0116676 0.00853567 0.0142544 0.0137428 0.00984763 0.0102811 0.00954929 0.0281654 0.0100678 0.0115869 0.00858148 0.00964624 0.00940979 0.00872323 0.0110998 0.00895154 0.00999105 0.00900266 0.00885302 0.0102409 0.0158057 0.0088761 0.0133122 0.00855076 0.0295545 0.00936512 0.0166178 0.00826036 0.00951522 0.00827827 0.00943166 0.00822899 0.00932101 0.00813733 0.0117414 0.00864553 0.0156753 0.00809181 0.00961565 0.00800454 0.00918659 0.00802527 0.00911119 0.00812177 0.0144478 0.00855793 0.0137854 
0.0149315 0.0256199 0.00885295 0.0495629 0.00880114 0.0779533 0.00935524 0.00827414 0.0516615 0.00812367 0.00457134 0.0311553 0.00466472 0.350603 0.0151258 0.00405239 0 0.00361318 0.0040312 0.00353013 0.00433875 0.00356463 0.00600688 0.00775851 0.0091089 0.00924891 0.0116404 0.00809485 0.0345423 0.01282 0.0111498 0.0110804 0.00876022 0.0237759 0.0102507 0.0131831 0.00859856 0.0145233 0.00838116 0.00892081 0.0127543 0.00851703 0.0163598 0.00977039 0.0126378 0.0121499 0.0107013 0.0102159 0.0165711 0.00855198 0.0375638 0.00917616 0.00898435 0.00875932 0.0149521 0.0084051 0.0137841 0.00849183 0.0164366 0.00830396 0.0237747 0.00838756 0.0203258 0.00903127 0.0117617 0.00816881 0.0168294 0.0081163 0.0157011 0.00824721 0.0467792 0.0083911 0.0260058 0.00873728 
0.0105211 0.00986241 0.0439104 0.00861212 0.142005 0.00879353 0.0205701 0.0362146 0.00801452 0.0143326 0.0215561 0.00644412 0.391585 0.0117828 0.00712991 0.00422375 0.00361318 0 0.00348053 0.0038141 0.00349683 0.00441564 0.00361829 0.00717616 0.00924597 0.00905466 0.00912195 0.0721011 0.0120517 0.0129782 0.0121721 0.00934362 0.0155584 0.00934048 0.0100209 0.00915971 0.0135659 0.0082264 0.011725 0.0106107 0.00906237 0.0218573 0.00892483 0.023706 0.0111565 0.0111331 0.01215 0.00917798 0.00865709 0.046409 0.00857179 0.0123447 0.00897157 0.0100341 0.00838315 0.015866 0.0084945 0.0218369 0.00846159 0.0265153 0.00851155 0.0422185 0.00853527 0.0108676 0.0082817 0.0153838 0.00818454 0.0240253 0.00835829 0.0403758 0.00865196 0.0475991 0.00837886 0.0101627 
0.01937 0.0351037 0.00916456 0.189205 0.00963087 0.0637023 0.00915668 0.00825675 0.0287143 0.00824449 0.0100756 0.349104 0.007364 0.0157696 0.00411476 0.00356491 0.0040312 0.00348053 0 0.00352414 0.00394678 0.00356107 0.00514406 0.00928347 0.00773459 0.0109951 0.0451103 0.00972424 0.0288498 0.0114583 0.00844529 0.0151858 0.00867361 0.020661 0.00868822 0.0152878 0.00854064 0.0185662 0.00850536 0.0110794 0.0206543 0.00866296 0.0311315 0.0103358 0.0211586 0.0156868 0.0107874 0.0110179 0.031275 0.00851974 0.0261906 0.00882602 0.00912801 0.00849135 0.0213565 0.0084192 0.0295697 0.00863976 0.0522363 0.00851133 0.059385 0.00875221 0.0224181 0.00868904 0.0161273 0.00826008 0.0640965 0.00827666 0.0619491 0.0086126 0.0712042 0.00889168 0.0244419 0.00854507 
0.0115706 0.0110054 0.148025 0.00948113 0.163096 0.00919043 0.0200177 0.021864 0.00827482 0.0296884 0.244698 0.0219114 0.0295322 0.0058504 0.00680772 0.00449943 0.00353013 0.0038141 0.00352414 0 0.00352816 0.00365233 0.00354498 0.0138907 0.0132365 0.0256603 0.00734507 0.0682128 0.00871746 0.00812435 0.0148262 0.00912625 0.0189222 0.00839897 0.0108837 0.00903004 0.0152546 0.00835257 0.0191248 0.0116424 0.00949148 0.034677 0.0100186 0.0516369 0.0124804 0.0139758 0.01633 0.0122919 0.00870408 0.0391305 0.00867696 0.049988 0.00900206 0.00981935 0.00859765 0.0316285 0.00883133 0.0562376 0.0090112 0.0513178 0.00889787 0.0477811 0.00915956 0.0102871 0.00837177 0.0341979 0.00837812 0.0685508 0.00878737 0.0651556 0.00951417 0.0641731 0.00891971 0.0182129 
0.0158302 0.0476292 0.0114311 0.239755 0.00990421 0.0551086 0.00924836 0.00875562 0.0612385 0.0099957 0.0167114 0.0390519 0.00631359 0.0149589 0.0050327 0.00372729 0.00433875 0.00349683 0.00394678 0.00352816 0 0.00352115 0.0035837 0.0127456 0.0119303 0.0163412 0.0352169 0.00737307 0.0114638 0.0199739 0.0081204 0.0235623 0.00827289 0.0215761 0.00827607 0.0147811 0.00827957 0.0337528 0.00833597 0.0092802 0.0206878 0.00862494 0.0516573 0.0112941 0.0320142 0.0240536 0.0114759 0.0104239 0.0172931 0.00865692 0.126494 0.00876572 0.00906572 0.00840884 0.0211055 0.00870118 0.0572832 0.00925853 0.0654695 0.00907101 0.0449536 0.009404 0.0220312 0.00901316 0.0176568 0.00852725 0.0888903 0.00884801 0.0814354 0.00941789 0.0907369 0.0100877 0.0201159 0.00853662 
0.0156519 0.0156777 0.0474047 0.00889899 0.0448025 0.00998641 0.0229487 0.0281117 0.0107002 0.0362098 0.0248272 0.00757969 0.0170544 0.0066411 0.00839986 0.00664674 0.00356463 0.00441564 0.00356107 0.00365233 0.00352115 0 0.00357785 0.0211829 0.021906 0.0120519 0.00678642 0.0151012 0.00851231 0.00741203 0.0137022 0.00813062 0.0113612 0.00824856 0.0104831 0.00896602 0.0311661 0.00833676 0.0137657 0.0108244 0.00900325 0.0201272 0.00905569 0.0233163 0.0124475 0.0133019 0.0221357 0.0102975 0.00911281 0.13671 0.0089727 0.0139567 0.00939153 0.0116426 0.00877898 0.0430138 0.00893717 0.0383729 0.00944825 0.0169335 0.00900107 0.0216375 0.00965224 0.0111865 0.00854072 0.0427941 0.0085451 0.0243545 0.00863558 0.0206802 0.00920167 0.0274092 0.00880677 0.00961108 
0.0617955 0.0163837 0.00900965 0.0210673 0.00907738 0.0207194 0.0127876 0.0140366 0.0279731 0.0115362 0.0143895 0.0170495 0.007068 0.0117334 0.00725113 0.00494692 0.00600688 0.00361829 0.00514406 0.00354498 0.0035837 0.00357785 0 0.0184637 0.0135109 0.00757043 0.0120171 0.00713501 0.011674 0.0110987 0.00760481 0.00914761 0.00748198 0.0118249 0.00854585 0.0367802 0.00867504 0.0119424 0.00833385 0.00886457 0.011257 0.00859424 0.014196 0.00931954 0.0138955 0.0107112 0.0113426 0.0182614 0.124155 0.00859202 0.0157036 0.0110011 0.0121902 0.0087697 0.0523558 0.00856285 0.0168812 0.00898136 0.0145498 0.00859259 0.0121119 0.00868489 0.0132451 0.0119097 0.0481296 0.00830632 0.0163478 0.00844997 0.0120227 0.00875097 0.0134275 0.00885684 0.0125229 0.00857568 
0.0246411 0.0113762 0.0107571 0.0119795 0.0126097 0.0122601 0.0251171 0.0136999 0.010806 0.0174525 0.0121208 0.0109032 0.00946593 0.0107519 0.0173206 0.00895313 0.00775851 0.00717616 0.00928347 0.0138907 0.0127456 0.0211829 0.0184637 0 0.00369485 0.00358418 0.00360854 0.00369665 0.00374808 0.00387377 0.00450559 0.00444405 0.00527519 0.00676703 0.0130585 0.00879681 0.00818168 0.00822693 0.00795267 0.00821657 0.00916405 0.00868272 0.0131632 0.0147319 0.0115011 0.012097 0.0193453 0.539765 0.0117098 0.010077 0.011161 0.0254853 0.0101136 0.015378 0.0114444 0.00961489 0.00967568 0.0100792 0.00963983 0.0094133 0.00948265 0.00980097 0.0103585 0.0213945 0.00937706 0.00895864 0.00873996 0.00864477 0.00941684 0.00959358 0.00975413 0.0103156 0.0112891 0.0157058 
0.0119056 0.018897 0.0183058 0.0149829 0.0216483 0.0180912 0.0109658 0.0110239 0.0118423 0.0101027 0.00991243 0.0146288 0.0160775 0.0166485 0.00929236 0.00797128 0.0091089 0.00924597 0.00773459 0.0132365 0.0119303 0.021906 0.0135109 0.00369485 0 0.00358979 0.00355192 0.00387967 0.00372939 0.00372643 0.00395306 0.00448485 0.00468176 0.00927673 0.0063 0.00721735 0.00853584 0.00776865 0.00779791 0.00844807 0.00817101 0.0187583 0.010868 0.013836 0.0147301 0.0329019 0.454483 0.0142212 0.00960796 0.0136578 0.0129134 0.0107105 0.00958926 0.00956156 0.010306 0.0129086 0.011248 0.0138873 0.0131248 0.0122153 0.0118326 0.0139775 0.0137221 0.0107846 0.00941584 0.0111044 0.0103998 0.0107216 0.0110128 0.0131559 0.0147038 0.0154684 0.0132921 0.00938904 
0.0112924 0.0133453 0.0200783 0.0180649 0.028145 0.0137751 0.0127586 0.00987019 0.00948311 0.0126153 0.00976501 0.0119043 0.0149707 0.0108652 0.010382 0.00797936 0.00924891 0.00905466 0.0109951 0.0256603 0.0163412 0.0120519 0.00757043 0.00358418 0.00358979 0 0.00351961 0.00353476 0.00355568 0.00354689 0.00367963 0.00365005 0.0060155 0.00437827 0.00601332 0.00713373 0.00778496 0.00814257 0.00858495 0.00882544 0.0167675 0.010505 0.0120738 0.0299343 0.0646622 0.479436 0.0318619 0.0103754 0.00978935 0.0117576 0.0111216 0.0143069 0.0087576 0.0116879 0.00999456 0.0107411 0.0131487 0.0150452 0.0149214 0.014114 0.0121604 0.0190843 0.0121093 0.0109016 0.00935613 0.010241 0.0122016 0.0128973 0.0145562 0.0174473 0.0201024 0.0197419 0.0109475 0.00919068 
0.0112611 0.0132566 0.0103627 0.0351615 0.0103927 0.0216519 0.00929338 0.00874034 0.0133049 0.00882693 0.0106343 0.0162781 0.0085284 0.0196146 0.00823983 0.00764959 0.0116404 0.00912195 0.0451103 0.00734507 0.0352169 0.00678642 0.0120171 0.00360854 0.00355192 0.00351961 0 0.00352485 0.00353973 0.0035743 0.00357943 0.0039448 0.00389648 0.00444332 0.00489236 0.00651044 0.00688934 0.0114355 0.00676763 0.00832516 0.0103463 0.00771718 0.015239 0.0487386 0.517099 0.0557045 0.00995528 0.0106693 0.0123564 0.00852284 0.0142937 0.00907549 0.00857713 0.00862093 0.0115331 0.00874887 0.0162612 0.00954569 0.0183192 0.00910646 0.0206573 0.00970271 0.0133544 0.0095604 0.00967976 0.00864427 0.0174288 0.0090421 0.0194869 0.00979394 0.0291946 0.0104199 0.0130915 0.013148 
0.00953153 0.0102778 0.0352647 0.0094826 0.0585405 0.00939955 0.0133467 0.0136232 0.00848464 0.012305 0.0123899 0.00854572 0.0303243 0.00848011 0.0108078 0.0116676 0.00809485 0.0721011 0.00972424 0.0682128 0.00737307 0.0151012 0.00713501 0.00369665 0.00387967 0.00353476 0.00352485 0 0.00353209 0.00354709 0.00382339 0.00359038 0.00383832 0.00388801 0.00418176 0.00577297 0.00966635 0.00657179 0.0101847 0.0120064 0.00800836 0.0159089 0.0314407 0.814231 0.0136151 0.0106145 0.0128485 0.00989705 0.00859098 0.0162004 0.00852621 0.0108131 0.00885197 0.00898125 0.00882114 0.0143787 0.00924917 0.0199384 0.00972424 0.0248295 0.00933397 0.0276939 0.00924759 0.00972535 0.0085754 0.0140881 0.00865224 0.0202195 0.00931726 0.0258979 0.0102578 0.0309234 0.00929303 0.00952719 
0.0124871 0.0183774 0.0137176 0.0371483 0.0141933 0.0181527 0.0106639 0.00931735 0.0113646 0.00958719 0.0091713 0.0186324 0.00948348 0.0126382 0.00960694 0.00853567 0.0345423 0.0120517 0.0288498 0.00871746 0.0114638 0.00851231 0.011674 0.00374808 0.00372939 0.00355568 0.00353973 0.00353209 0 0.00355107 0.00352042 0.00355782 0.00355143 0.00366033 0.00363945 0.00569137 0.0065432 0.0103336 0.00655323 0.00915916 0.0159985 0.036462 0.861767 0.0220169 0.0155656 0.0132658 0.0212654 0.0113242 0.0118926 0.00903522 0.0139852 0.0114868 0.0089583 0.00860712 0.0137077 0.00951687 0.0174224 0.0115061 0.0313886 0.0105404 0.0209585 0.0114692 0.0130628 0.0105441 0.0102326 0.00908734 0.016169 0.0103238 0.0251486 0.0134125 0.0282488 0.0140066 0.0119513 0.00919181 
0.0122572 0.0145787 0.0206929 0.0278116 0.0185711 0.0193584 0.00991828 0.00951353 0.0100438 0.00918872 0.0102654 0.0127833 0.011195 0.0115457 0.00956216 0.0142544 0.01282 0.0129782 0.0114583 0.00812435 0.0199739 0.00741203 0.0110987 0.00387377 0.00372643 0.00354689 0.0035743 0.00354709 0.00355107 0 0.00354013 0.00355017 0.00354969 0.00352481 0.00372911 0.00502444 0.00685035 0.00667896 0.00656461 0.0129424 0.0574624 0.783491 0.0122892 0.0107994 0.010646 0.0157352 0.0135101 0.00969953 0.00987291 0.0100962 0.0116389 0.00956565 0.00878232 0.00896389 0.0101184 0.0110788 0.0144449 0.0156866 0.0210494 0.0137038 0.0149094 0.0158458 0.0142252 0.0100415 0.00991588 0.0103171 0.0132277 0.0133252 0.0229819 0.0140502 0.0337702 0.0161881 0.0128739 0.0087605 
0.0115904 0.0139517 0.0257667 0.014343 0.0451469 0.0127767 0.0113565 0.0107575 0.00903417 0.0101674 0.00982753 0.0102276 0.0183405 0.00975726 0.00971093 0.0137428 0.0111498 0.0121721 0.00844529 0.0148262 0.0081204 0.0137022 0.00760481 0.00450559 0.00395306 0.00367963 0.00357943 0.00382339 0.00352042 0.00354013 0 0.00351949 0.00353488 0.00354798 0.00364068 0.00480225 0.00684789 0.00578981 0.0102752 0.05142 0.802371 0.0126824 0.0098172 0.0102668 0.0128912 0.011762 0.0125223 0.00937983 0.00888919 0.0145367 0.0100545 0.0107873 0.00887093 0.00883171 0.010175 0.014189 0.0138927 0.0189157 0.016202 0.0171327 0.0239623 0.0229481 0.0124525 0.0117769 0.00954359 0.0129099 0.0113863 0.0192888 0.0131471 0.0290084 0.0173411 0.0303368 0.0103741 0.00923765 
0.0110084 0.0137788 0.015935 0.0344501 0.0154085 0.0174701 0.00981703 0.00936022 0.0107362 0.00935152 0.00919558 0.0140823 0.0117891 0.0158098 0.00974776 0.00984763 0.0110804 0.00934362 0.0151858 0.00912625 0.0235623 0.00813062 0.00914761 0.00444405 0.00448485 0.00365005 0.0039448 0.00359038 0.00355782 0.00355017 0.00351949 0 0.00353812 0.00354859 0.00357225 0.00398199 0.00479206 0.0166808 0.0868593 0.813569 0.0108131 0.00857289 0.00984516 0.0154676 0.0116821 0.0118461 0.0104494 0.00970286 0.00992574 0.00952283 0.0150937 0.0102235 0.00869927 0.0086447 0.0130248 0.0104032 0.0181978 0.014472 0.0178427 0.0235045 0.0170198 0.0152853 0.0149217 0.00974888 0.00973517 0.0115193 0.0181099 0.0109207 0.0235152 0.0126512 0.0302232 0.0145179 0.0128688 0.00879685 
0.0101191 0.010822 0.0235368 0.0108574 0.0254575 0.0099209 0.0104902 0.0100331 0.00881551 0.0100725 0.0100638 0.00993944 0.0174885 0.00930329 0.0100679 0.0102811 0.00876022 0.0155584 0.00867361 0.0189222 0.00827289 0.0113612 0.00748198 0.00527519 0.00468176 0.0060155 0.00389648 0.00383832 0.00355143 0.00354969 0.00353488 0.00353812 0 0.00353495 0.00357318 0.00384861 0.0126198 0.0868965 0.624085 0.00686225 0.00613389 0.0066689 0.00850574 0.0103524 0.00832274 0.0100761 0.0102329 0.00850003 0.00887009 0.0119478 0.00904997 0.0106512 0.00904794 0.00909753 0.010694 0.0116633 0.0135469 0.0144763 0.0224344 0.0157187 0.0104702 0.0182647 0.00960739 0.010754 0.0113526 0.0115676 0.00918941 0.0141791 0.0107842 0.0177402 0.0116249 0.0181621 0.00919332 0.0093356 
0.0108909 0.0158285 0.00919339 0.0136402 0.0093768 0.0160909 0.00950712 0.00903255 0.0150343 0.00905989 0.0111885 0.0233573 0.00897422 0.0152385 0.00909731 0.00954929 0.0237759 0.00934048 0.020661 0.00839897 0.0215761 0.00824856 0.0118249 0.00676703 0.00927673 0.00437827 0.00444332 0.00388801 0.00366033 0.00352481 0.00354798 0.00354859 0.00353495 0 0.00381744 0.00966922 0.912915 0.0608594 0.00978641 0.00541881 0.00613432 0.00671455 0.00787956 0.00746761 0.00815707 0.0089976 0.00910222 0.00942635 0.0128592 0.011215 0.014026 0.00941791 0.00990334 0.00937824 0.018929 0.011495 0.0110732 0.0183999 0.0179749 0.00900176 0.0119148 0.00925399 0.0145037 0.00959851 0.0117227 0.00933585 0.0154525 0.00902145 0.011338 0.00927143 0.0124788 0.00941741 0.0119813 0.00869817 
0.0163714 0.00996985 0.00929465 0.00865055 0.0105295 0.00870487 0.0114054 0.0178557 0.00873081 0.0112551 0.0231764 0.00971762 0.00981943 0.00863173 0.0109706 0.0281654 0.0102507 0.0100209 0.00868822 0.0108837 0.00827607 0.0104831 0.00854585 0.0130585 0.0063 0.00601332 0.00489236 0.00418176 0.00363945 0.00372911 0.00364068 0.00357225 0.00357318 0.00381744 0 0.989124 0.0128302 0.00388849 0.00408941 0.00399756 0.00495508 0.00547665 0.006131 0.00766347 0.00657212 0.00666449 0.00814025 0.0101355 0.0162113 0.0107183 0.00839767 0.0179766 0.0111806 0.0107023 0.0177255 0.0101047 0.0158844 0.0114154 0.00886098 0.00908104 0.00872216 0.00929073 0.0087214 0.0116378 0.0136309 0.0106253 0.00839782 0.00935696 0.00844664 0.00955553 0.00857428 0.0102589 0.00857033 0.00955897 
0.0149036 0.00962938 0.00860105 0.00989575 0.00895356 0.00982331 0.0136362 0.0101479 0.0113063 0.0126923 0.0115694 0.0143293 0.00924489 0.0125933 0.015449 0.0100678 0.0131831 0.00915971 0.0152878 0.00903004 0.0147811 0.00896602 0.0367802 0.00879681 0.00721735 0.00713373 0.00651044 0.00577297 0.00569137 0.00502444 0.00480225 0.00398199 0.00384861 0.00966922 0.989124 0 0.00449702 0.00363158 0.00362287 0.00400272 0.00398573 0.00387672 0.00438041 0.00539074 0.0051457 0.00547897 0.00612874 0.0237667 0.0123156 0.00824775 0.0126231 0.0180037 0.0107959 0.0131541 0.0146603 0.00863605 0.00931086 0.00868302 0.00971849 0.00872434 0.00971824 0.00890829 0.00974861 0.0162524 0.0112931 0.00849386 0.00958977 0.00827858 0.00943276 0.00851481 0.00914827 0.0086017 0.0112493 0.0146558 
0.00924904 0.00878026 0.0101802 0.00855396 0.0129842 0.00871817 0.0104281 0.0111825 0.00910535 0.0106597 0.0119495 0.00924041 0.0152169 0.00888303 0.010247 0.0115869 0.00859856 0.0135659 0.00854064 0.0152546 0.00827957 0.0311661 0.00867504 0.00818168 0.00853584 0.00778496 0.00688934 0.00966635 0.0065432 0.00685035 0.00684789 0.00479206 0.0126198 0.912915 0.0128302 0.00449702 0 0.00361095 0.00364505 0.00367325 0.00376579 0.00420476 0.00404495 0.00539644 0.00501946 0.00535102 0.0133948 0.00739574 0.00812908 0.0114276 0.00876799 0.010584 0.00994463 0.00942478 0.00883124 0.0110054 0.00850995 0.0103405 0.00853257 0.00994236 0.00858196 0.0113227 0.00932118 0.00942153 0.00858987 0.0102869 0.00835451 0.0103369 0.00842543 0.0100376 0.00855637 0.0124551 0.0089944 0.00998645 
0.00995466 0.0100177 0.00869719 0.0185434 0.00892428 0.0109876 0.00856639 0.00869499 0.0105251 0.0084712 0.00924659 0.0170132 0.00882125 0.0122796 0.00863234 0.00858148 0.0145233 0.0082264 0.0185662 0.00835257 0.0337528 0.00833676 0.0119424 0.00822693 0.00776865 0.00814257 0.0114355 0.00657179 0.0103336 0.00667896 0.00578981 0.0166808 0.0868965 0.0608594 0.00388849 0.00363158 0.00361095 0 0.00360202 0.00353562 0.00373957 0.00385196 0.00387352 0.00377381 0.00417558 0.00638541 0.00516155 0.00608299 0.0101676 0.0076769 0.0104764 0.00827889 0.00836609 0.00811005 0.011865 0.0082877 0.0109234 0.00852309 0.0120323 0.00846437 0.0132626 0.00931231 0.00976797 0.00858468 0.0105415 0.00833864 0.0152531 0.00847357 0.0122907 0.00863031 0.0166383 0.00877116 0.0107701 0.00849144 
0.00882157 0.00868359 0.0116174 0.0088981 0.0119899 0.00888533 0.00871637 0.00938339 0.00838554 0.00916331 0.0101563 0.00881448 0.0123112 0.00862142 0.0087771 0.00964624 0.00838116 0.011725 0.00850536 0.0191248 0.00833597 0.0137657 0.00833385 0.00795267 0.00779791 0.00858495 0.00676763 0.0101847 0.00655323 0.00656461 0.0102752 0.0868593 0.624085 0.00978641 0.00408941 0.00362287 0.00364505 0.00360202 0 0.00355319 0.00354468 0.0036648 0.00356332 0.00376088 0.00446224 0.0038902 0.00455194 0.00475518 0.00700014 0.00839388 0.00765974 0.00834766 0.00825724 0.00851739 0.00859088 0.0091952 0.00849037 0.0104605 0.00866891 0.0102274 0.0088767 0.0105502 0.0087193 0.00868039 0.0084977 0.0102751 0.00847346 0.0111323 0.00859114 0.0113897 0.00887844 0.0114897 0.00879383 0.00859514 
0.0089758 0.00920028 0.0095394 0.0099186 0.0123371 0.00865258 0.00902876 0.0094578 0.00852923 0.00941996 0.00997611 0.00966157 0.0111327 0.00888061 0.00953495 0.00940979 0.00892081 0.0106107 0.0110794 0.0116424 0.0092802 0.0108244 0.00886457 0.00821657 0.00844807 0.00882544 0.00832516 0.0120064 0.00915916 0.0129424 0.05142 0.813569 0.00686225 0.00541881 0.00399756 0.00400272 0.00367325 0.00353562 0.00355319 0 0.0035396 0.00355659 0.00361873 0.00373977 0.00361882 0.00379646 0.00417386 0.00399249 0.00763867 0.0078172 0.0081841 0.00868884 0.00818656 0.00819163 0.00916822 0.00872573 0.00910457 0.00954129 0.00910485 0.010211 0.00897272 0.0122462 0.00881015 0.0092747 0.00885568 0.00917896 0.00962875 0.00952786 0.010673 0.00969047 0.00977913 0.0104734 0.00980148 0.00896249 
0.00986301 0.00967106 0.00881768 0.0169701 0.00903687 0.0114794 0.00857506 0.00855053 0.0102007 0.0083822 0.00904897 0.0133721 0.00903956 0.0120375 0.00855846 0.00872323 0.0127543 0.00906237 0.0206543 0.00949148 0.0206878 0.00900325 0.011257 0.00916405 0.00817101 0.0167675 0.0103463 0.00800836 0.0159985 0.0574624 0.802371 0.0108131 0.00613389 0.00613432 0.00495508 0.00398573 0.00376579 0.00373957 0.00354468 0.0035396 0 0.00353971 0.00356024 0.00359583 0.00367579 0.00400833 0.00365462 0.00371332 0.0079038 0.00696508 0.00906401 0.00784561 0.00802096 0.00817019 0.0112593 0.00845373 0.0110231 0.00879604 0.0133308 0.00858948 0.0129693 0.008753 0.0110686 0.00883449 0.0103003 0.00845173 0.0133174 0.00877404 0.0121777 0.00884129 0.016499 0.0092129 0.0114052 0.00855403 
0.00891449 0.00903067 0.0171289 0.00902927 0.0262134 0.00866605 0.00927528 0.0103376 0.00838961 0.0100368 0.0104809 0.00893859 0.0259628 0.0086181 0.0100541 0.0110998 0.00851703 0.0218573 0.00866296 0.034677 0.00862494 0.0201272 0.00859424 0.00868272 0.0187583 0.010505 0.00771718 0.0159089 0.036462 0.783491 0.0126824 0.00857289 0.0066689 0.00671455 0.00547665 0.00387672 0.00420476 0.00385196 0.0036648 0.00355659 0.00353971 0 0.00366522 0.00355411 0.003577 0.00357829 0.00364192 0.00362645 0.00585405 0.00895512 0.00686935 0.00841691 0.00809322 0.00922301 0.00849752 0.0122035 0.00864835 0.0152603 0.00885045 0.0172313 0.00862328 0.0224985 0.0087787 0.00940544 0.00857637 0.0135793 0.00844556 0.0184157 0.00863526 0.0220718 0.00918252 0.0361724 0.00862784 0.00912669 
0.0110231 0.0124469 0.0105493 0.0336317 0.0118352 0.0187328 0.00932831 0.00873541 0.0103116 0.008827 0.00911007 0.0201815 0.00974154 0.0160181 0.00879282 0.00895154 0.0163598 0.00892483 0.0311315 0.0100186 0.0516573 0.00905569 0.014196 0.0131632 0.010868 0.0120738 0.015239 0.0314407 0.861767 0.0122892 0.0098172 0.00984516 0.00850574 0.00787956 0.006131 0.00438041 0.00404495 0.00387352 0.00356332 0.00361873 0.00356024 0.00366522 0 0.00357476 0.00356423 0.00358118 0.00357632 0.00374506 0.00750298 0.0132978 0.00957199 0.00814792 0.0089885 0.00868985 0.0135072 0.00864136 0.0181261 0.00962606 0.0206524 0.00992835 0.0210677 0.0097353 0.0159288 0.00962446 0.0114274 0.00882914 0.0241097 0.00927017 0.0359114 0.0103941 0.0425343 0.0108636 0.0148159 0.00884954 
0.0102464 0.0122043 0.031562 0.0148262 0.0549403 0.0123366 0.010597 0.00997681 0.00911721 0.0102899 0.0105 0.010287 0.0321617 0.010414 0.0102958 0.00999105 0.00977039 0.023706 0.0103358 0.0516369 0.0112941 0.0233163 0.00931954 0.0147319 0.013836 0.0299343 0.0487386 0.814231 0.0220169 0.0107994 0.0102668 0.0154676 0.0103524 0.00746761 0.00766347 0.00539074 0.00539644 0.00377381 0.00376088 0.00373977 0.00359583 0.00355411 0.00357476 0 0.00353704 0.00356178 0.00355229 0.00353107 0.00615746 0.0123409 0.0101298 0.0174806 0.00894895 0.00962724 0.00935959 0.0160389 0.01124 0.022644 0.0126117 0.0232491 0.0105945 0.0295525 0.0109736 0.0117568 0.00912784 0.0173089 0.0106166 0.0304507 0.0127606 0.0440646 0.0165649 0.0541618 0.0107279 0.00939192 
0.0101536 0.0147616 0.0167435 0.0383015 0.0192548 0.0181378 0.0107586 0.009188 0.00939796 0.0101127 0.0092459 0.0141857 0.0139089 0.016607 0.00981509 0.00900266 0.0126378 0.0111565 0.0211586 0.0124804 0.0320142 0.0124475 0.0138955 0.0115011 0.0147301 0.0646622 0.517099 0.0136151 0.0155656 0.010646 0.0128912 0.0116821 0.00832274 0.00815707 0.00657212 0.0051457 0.00501946 0.00417558 0.00446224 0.00361882 0.00367579 0.003577 0.00356423 0.00353704 0 0.0035473 0.00357326 0.00358178 0.00797693 0.00691093 0.0178632 0.0487143 0.00783327 0.00886858 0.0126521 0.0107457 0.0203674 0.013116 0.0180388 0.010874 0.0187313 0.0144705 0.0167756 0.0118974 0.010582 0.0109032 0.0205838 0.0118085 0.0392835 0.0154211 0.0435176 0.0189387 0.0153694 0.00921607 
0.010473 0.0111761 0.0181829 0.0215976 0.0174821 0.0133552 0.0100467 0.00901274 0.00985062 0.0095089 0.00906641 0.0128228 0.0148155 0.0121761 0.00910053 0.00885302 0.0121499 0.0111331 0.0156868 0.0139758 0.0240536 0.0133019 0.0107112 0.012097 0.0329019 0.479436 0.0557045 0.0106145 0.0132658 0.0157352 0.011762 0.0118461 0.0100761 0.0089976 0.00666449 0.00547897 0.00535102 0.00638541 0.0038902 0.00379646 0.00400833 0.00357829 0.00358118 0.00356178 0.0035473 0 0.00357501 0.00355454 0.00545944 0.00989245 0.0406166 0.0173848 0.00727456 0.00767949 0.0106297 0.0102876 0.016593 0.0125273 0.0125771 0.0114959 0.0117035 0.0158061 0.0127204 0.0105055 0.00971782 0.0125199 0.0153621 0.0185661 0.0164734 0.0194097 0.0237427 0.0176438 0.0120104 0.00918096 
0.00929913 0.011508 0.0116204 0.0100773 0.0127938 0.0139689 0.0118902 0.00927947 0.00954161 0.0105716 0.00975084 0.00999785 0.0129253 0.0115625 0.0109757 0.0102409 0.0107013 0.01215 0.0107874 0.01633 0.0114759 0.0221357 0.0113426 0.0193453 0.454483 0.0318619 0.00995528 0.0128485 0.0212654 0.0135101 0.0125223 0.0104494 0.0102329 0.00910222 0.00814025 0.00612874 0.0133948 0.00516155 0.00455194 0.00417386 0.00365462 0.00364192 0.00357632 0.00355229 0.00357326 0.00357501 0 0.00364571 0.0144169 0.105452 0.0206366 0.0104471 0.0082887 0.0093617 0.0103453 0.0181005 0.010265 0.0120548 0.0107356 0.0111515 0.0104143 0.012822 0.0203406 0.0137476 0.00961099 0.0155814 0.0174699 0.011324 0.010388 0.0156117 0.0121867 0.016113 0.0122626 0.0100791 
0.0142343 0.00939256 0.00880981 0.00913981 0.00903778 0.00961716 0.0144254 0.011287 0.00914539 0.0109334 0.0140892 0.00957488 0.00898808 0.010015 0.0142208 0.0158057 0.0102159 0.00917798 0.0110179 0.0122919 0.0104239 0.0102975 0.0182614 0.539765 0.0142212 0.0103754 0.0106693 0.00989705 0.0113242 0.00969953 0.00937983 0.00970286 0.00850003 0.00942635 0.0101355 0.0237667 0.00739574 0.00608299 0.00475518 0.00399249 0.00371332 0.00362645 0.00374506 0.00353107 0.00358178 0.00355454 0.00364571 0 0.0713333 0.00670671 0.00889904 0.011525 0.00821554 0.00788009 0.0231476 0.0092815 0.0104498 0.0109972 0.0105967 0.00905818 0.00945812 0.00927669 0.0116204 0.0232471 0.0212259 0.0126878 0.0095588 0.00908373 0.0103639 0.00966652 0.0101426 0.00965213 0.00989959 0.0109967 
0.0110162 0.00908483 0.00835445 0.0111321 0.00846217 0.0108962 0.010649 0.00846448 0.0117906 0.00991715 0.0102045 0.0162979 0.00867179 0.0163221 0.0123174 0.0088761 0.0165711 0.00865709 0.031275 0.00870408 0.0172931 0.00911281 0.124155 0.0117098 0.00960796 0.00978935 0.0123564 0.00859098 0.0118926 0.00987291 0.00888919 0.00992574 0.00887009 0.0128592 0.0162113 0.0123156 0.00812908 0.0101676 0.00700014 0.00763867 0.0079038 0.00585405 0.00750298 0.00615746 0.00797693 0.00545944 0.0144169 0.0713333 0 0.00387721 0.00418281 0.00432796 0.00567189 0.00802351 0.0185078 0.00787011 0.0140653 0.00838282 0.0157928 0.00833781 0.0133028 0.00843771 0.0146314 0.0194462 0.0147146 0.00842739 0.0141264 0.00836431 0.0112528 0.00857963 0.0117995 0.00865486 0.0214632 0.0170594 
0.00847543 0.00862289 0.0111603 0.00844043 0.0152022 0.00869219 0.00968387 0.011933 0.00840379 0.0117722 0.0114574 0.00881599 0.028636 0.00865899 0.0107086 0.0133122 0.00855198 0.046409 0.00851974 0.0391305 0.00865692 0.13671 0.00859202 0.010077 0.0136578 0.0117576 0.00852284 0.0162004 0.00903522 0.0100962 0.0145367 0.00952283 0.0119478 0.011215 0.0107183 0.00824775 0.0114276 0.0076769 0.00839388 0.0078172 0.00696508 0.00895512 0.0132978 0.0123409 0.00691093 0.00989245 0.105452 0.00670671 0.00387721 0 0.00397452 0.00372684 0.00612533 0.0104192 0.00763179 0.0390624 0.00803841 0.0205588 0.00810505 0.0177989 0.0081978 0.0214329 0.0088577 0.0109592 0.0084299 0.0223551 0.00831721 0.0174062 0.00840364 0.0131735 0.00853492 0.0262309 0.00944156 0.0109999 
0.00934908 0.0118037 0.0085083 0.016084 0.00871368 0.0179156 0.0085244 0.00834317 0.0164805 0.00832451 0.00890339 0.0265677 0.00858948 0.0235229 0.00838639 0.00855076 0.0375638 0.00857179 0.0261906 0.00867696 0.126494 0.0089727 0.0157036 0.011161 0.0129134 0.0111216 0.0142937 0.00852621 0.0139852 0.0116389 0.0100545 0.0150937 0.00904997 0.014026 0.00839767 0.0126231 0.00876799 0.0104764 0.00765974 0.0081841 0.00906401 0.00686935 0.00957199 0.0101298 0.0178632 0.0406166 0.0206366 0.00889904 0.00418281 0.00397452 0 0.00370398 0.00454419 0.0065216 0.0208266 0.00847767 0.0410193 0.00850798 0.0156395 0.00801955 0.0186052 0.00839513 0.0236318 0.00892249 0.0164454 0.00843436 0.0234698 0.00842611 0.0148934 0.00864046 0.0240639 0.010089 0.0258815 0.00871399 
