1E0BA
QVENYDSWEDLVSSIDTIERKDDGTLEIYLTWKNGAISHHPSTITNKKCPQKMLQFYESHL
CCCCCCCCCCCEEEEEEEEECCCCCEEEEEEECCCCEEEEEHHHHHHHCHHHHHHHHHCCC
0 0 0 0 0 0 0 0 0 0 0 0 0 0 0 0 0 0 0 0 0 0 0 0 0 0 0 0 0 0 0 0 0 0 0 0 0 0 0 0 0 0 0 0 0 0 0 0 0 0 0 0 0 0 0 0 0 0 0 0 0 
0 0 0 0 0 0 0 0 0 0 0 0 0 0 0 0 0 0 0 0 0 0 0 0 0 0 0 0 0 0 0 0 0 0 0 0 0 0 0 0 0 0 0 0 0 0 0 0 0 0 0 0 0 0 0 0 0 0 0 0 0 
0 0.00375638 0.00368032 0.00385573 0.00367331 0.00368631 0.00496565 0.0040745 0.0170318 0.0145992 0.00772477 0.0146222 0.00828006 0.00965809 0.0097014 0.418552 0.0129082 0.00929975 0.0087616 0.0107802 0.0177177 
0.00375638 0 0.00375147 0.00352183 0.0035633 0.00355072 0.00383682 0.00400478 0.00397782 0.00689768 0.00865372 0.00859836 0.00979455 0.00808993 0.0462359 0.0638669 0.0101075 0.00882376 0.00892137 0.00874025 0.0085644 
0.00368032 0.00375147 0 0.00353222 0.00354216 0.00371127 0.00370796 0.0048121 0.0036435 0.00673619 0.00991425 0.00771661 0.013808 0.0100905 0.50215 0.0243374 0.00870645 0.00861335 0.010753 0.00822636 0.00838681 
0.00385573 0.00352183 0.00353222 0 0.00353037 0.00354383 0.00497111 0.00355907 0.00425182 0.0103099 0.0064277 0.0182911 0.00765921 0.596865 0.0370754 0.0152524 0.00899306 0.00829625 0.00833594 0.00945323 0.00789347 
0.00367331 0.0035633 0.00354216 0.00353037 0 0.00355598 0.0035328 0.00359918 0.00363289 0.00540582 0.00809319 0.007953 0.14271 0.105316 0.0120208 0.00762146 0.00800383 0.00799861 0.00880086 0.00768797 0.00770222 
0.00368631 0.00355072 0.00371127 0.00354383 0.00355598 0 0.00352389 0.00361658 0.00358736 0.00547947 0.0155927 0.0341116 0.903997 0.00839459 0.0367343 0.00698675 0.00813681 0.00936923 0.00917924 0.00780916 0.0082313 
0.00496565 0.00383682 0.00370796 0.00497111 0.0035328 0.00352389 0 0.00352934 0.00360708 0.0105691 0.00768714 0.924123 0.00716834 0.026047 0.00621674 0.0108279 0.00967437 0.00802149 0.00832088 0.00919622 0.00707674 
0.0040745 0.00400478 0.0048121 0.00355907 0.00359918 0.00361658 0.00352934 0 0.00375469 0.00869468 0.952989 0.00559002 0.0220673 0.00567115 0.00846137 0.00600069 0.00853997 0.00881432 0.00891289 0.00709032 0.0074065 
0.0170318 0.00397782 0.0036435 0.00425182 0.00363289 0.00358736 0.00360708 0.00375469 0 0.967218 0.00511043 0.00824293 0.00499313 0.0063174 0.00578987 0.00763847 0.0147273 0.00804301 0.00712388 0.00700936 0.00658161 
0.0145992 0.00689768 0.00673619 0.0103099 0.00540582 0.00547947 0.0105691 0.00869468 0.967218 0 0.00373978 0.0038072 0.00361624 0.00373529 0.00382461 0.00859867 0.00732963 0.00613975 0.00632351 0.00635145 0.0397862 
0.00772477 0.00865372 0.00991425 0.0064277 0.00809319 0.0155927 0.00768714 0.952989 0.00511043 0.00373978 0 0.00356608 0.00360318 0.00355957 0.00398904 0.00369318 0.00590521 0.00659626 0.00692045 0.0214412 0.522047 
0.0146222 0.00859836 0.00771661 0.0182911 0.007953 0.0341116 0.924123 0.00559002 0.00824293 0.0038072 0.00356608 0 0.00354216 0.00360968 0.00358404 0.00400611 0.006187 0.00653337 0.0158895 0.59045 0.0164755 
0.00828006 0.00979455 0.013808 0.00765921 0.14271 0.903997 0.00716834 0.0220673 0.00499313 0.00361624 0.00360318 0.00354216 0 0.00352484 0.00359395 0.00357693 0.00519683 0.0226069 0.616593 0.0210678 0.0217663 
0.00965809 0.00808993 0.0100905 0.596865 0.105316 0.00839459 0.026047 0.00567115 0.0063174 0.00373529 0.00355957 0.00360968 0.00352484 0 0.00352135 0.00355611 0.00619241 0.442963 0.0282198 0.0194404 0.00949583 
0.0097014 0.0462359 0.50215 0.0370754 0.0120208 0.0367343 0.00621674 0.00846137 0.00578987 0.00382461 0.00398904 0.00358404 0.00359395 0.00352135 0 0.00738885 0.559762 0.0296759 0.0193414 0.00422101 0.00470781 
0.418552 0.0638669 0.0243374 0.0152524 0.00762146 0.00698675 0.0108279 0.00600069 0.00763847 0.00859867 0.00369318 0.00400611 0.00357693 0.00355611 0.00738885 0 0.0826048 0.00550302 0.00380923 0.0041863 0.00403784 
0.0129082 0.0101075 0.00870645 0.00899306 0.00800383 0.00813681 0.00967437 0.00853997 0.0147273 0.00732963 0.00590521 0.006187 0.00519683 0.00619241 0.559762 0.0826048 0 0.00364088 0.00360824 0.00363179 0.00480479 
0.00929975 0.00882376 0.00861335 0.00829625 0.00799861 0.00936923 0.00802149 0.00881432 0.00804301 0.00613975 0.00659626 0.00653337 0.0226069 0.442963 0.0296759 0.00550302 0.00364088 0 0.00354013 0.00422705 0.00356355 
0.0087616 0.00892137 0.010753 0.00833594 0.00880086 0.00917924 0.00832088 0.00891289 0.00712388 0.00632351 0.00692045 0.0158895 0.616593 0.0282198 0.0193414 0.00380923 0.00360824 0.00354013 0 0.00352636 0.00352671 
0.0107802 0.00874025 0.00822636 0.00945323 0.00768797 0.00780916 0.00919622 0.00709032 0.00700936 0.00635145 0.0214412 0.59045 0.0210678 0.0194404 0.00422101 0.0041863 0.00363179 0.00422705 0.00352636 0 0.00352088 
0.0177177 0.0085644 0.00838681 0.00789347 0.00770222 0.0082313 0.00707674 0.0074065 0.00658161 0.0397862 0.522047 0.0164755 0.0217663 0.00949583 0.00470781 0.00403784 0.00480479 0.00356355 0.00352671 0.00352088 0 
