1E1EB
QNGVQMLSPSEIPQRDWFPSDFTFGAATSAYQIEGAWNEDGKGESNWDHFCHNHPERILDGSNSDIGANSYHMYKTDVRLLKEMGMDAYRFSISWPRILPKGTKEGGINPDGIKYYRNLINLLLENGIEPYVTIFHWDVPQALEEKYGGFLDKSHKSIVEDYTYFAKVCFDNFGDKVKNWLTFNEPQTFTSFSYGTGVFAPGRCSPGLDCAYPTGNSLVEPYTAGHNILLAHAEAVDLYNKHYKRDDTRIGLAFDVMGRVPYGTSFLDKQAEERSWDINLGWFLEPVVRGDYPFSMRSLARERLPFFKDEQKEKLAGSYNMLGLNYYTSRFSKNIDISPNYSPVLNTDDAYASQEVNGPDGKPIGPPMGNPWIYMYPEGLKDLLMIMKNKYGNPPIYITENGIGDVDTKETPLPMEAALNDYKRLDYIQRHIATLKESIDLGSNVQGYFAWSLLDNFEWFAGFTERYGIVYVDRNNNCTRYMKESAKWLKEFNTA
CCCCCCCCHHHCCCHHHCCCCCEEEEECCHHHHCCCCCCCCCCCEHHHHHHHHCHHHCCCCCCCCCCCCHHHHHHHHHHHHHHCCCCEEEEECCHHHCCCCCCCCCCCCCCHHHHHHHHHHHHHCCCCEEEEEEECCCCEHHHHHHHCHHHCCCCCHHHHHHHHHHHHHHHHCCCCCCEEEEEECHHHHHHHHHCCCCCCCCECCCCCCCCECCCCCCCHHHHHHHHHHHHHHHHHHHHHHHCCCCCCEEEEEEECCEEEECCCCHHHHHHHHHHHHHHCHHHHHHHHHCCCCHHHHHHCHHHCCCCCCCCCCCCCCCCCCEEEECCCEEEEEECCCCCCCCCCCHHHHHCEEEECECCCCCECCCECCCCCCECCHHHHHHHHHHHHHHCCCCCEEEEECCCCEECCCCCCCCHHHHHCCHHHHHHHHHHHHHHHHHHHCCCCEEEEEEECCCCCCCHHHCCCEECCCEEEECCCCCEEEECHHHHHHHHHHHC
0 0 0 0 0 0 0 0 0 0 0 0 0 0 0 0 0 0 0 0 0 0 0 0 0 0 0 0 0 0 0 0 0 0 0 0 0 0 0 0 0 0 0 0 0 0 0 0 0 0 0 0 0 0 0 0 0 0 0 0 0 0 0 0 0 0 0 0 0 0 0 0 0 0 0 0 0 0 0 0 0 0 0 0 0 0 0 0 0 0 0 0 0 0 0 0 0 0 0 0 0 0 0 0 0 0 0 0 0 0 0 0 0 0 0 0 0 0 0 0 0 0 0 0 0 0 0 0 0 0 0 0 0 0 0 0 0 0 0 0 0 0 0 0 0 0 0 0 0 0 0 0 0 0 0 0 0 0 0 0 0 0 0 0 0 0 0 0 0 0 0 0 0 0 0 0 0 0 0 0 0 0 0 0 0 0 0 0 0 0 0 0 0 0 0 0 0 0 0 0 0 0 0 0 0 0 0 0 0 0 0 0 0 0 0 0 0 0 0 0 0 0 0 0 0 0 0 0 0 0 0 0 0 0 0 0 0 0 0 0 0 0 0 0 0 0 0 0 0 0 0 0 0 0 0 0 0 0 0 0 0 0 0 0 0 0 0 0 0 0 0 0 0 0 0 0 0 0 0 0 0 0 0 0 0 0 0 0 0 0 0 0 0 0 0 0 0 0 0 0 0 0 0 0 0 0 0 0 0 0 0 0 0 0 0 0 0 0 0 0 0 0 0 0 0 0 0 0 0 0 0 0 0 0 0 0 0 0 0 0 0 0 0 0 0 0 0 0 0 0 0 0 0 0 0 0 0 0 0 0 0 0 0 0 0 0 0 0 0 0 0 0 0 0 0 0 0 0 0 0 0 0 0 0 0 0 0 0 0 0 0 0 0 0 0 0 0 0 0 0 0 0 0 0 0 0 0 0 0 0 0 0 0 0 0 0 0 0 0 0 0 0 0 0 0 0 0 0 0 0 0 0 0 0 0 0 0 0 0 0 0 0 0 0 0 0 0 0 0 0 0 0 0 0 0 0 0 0 0 0 0 0 0 0 0 0 0 0 0 0 0 0 0 0 0 0 0 0 0 0 0 0 0 0 0 0 0 0 0 0 0 0 0 0 0 
0 0 0 0 0 0 0 0 0 0 0 0 0 0 0 0 0 0 0 0 0 0 0 0 0 0 0 0 0 0 0 0 0 0 0 0 0 0 0 0 0 0 0 0 0 0 0 0 0 0 0 0 0 0 0 0 0 0 0 0 0 0 0 0 0 0 0 0 0 0 0 0 0 0 0 0 0 0 0 0 0 0 0 0 0 0 0 0 0 0 0 0 0 0 0 0 0 0 0 0 0 0 0 0 0 0 0 0 0 0 0 0 0 0 0 0 0 0 0 0 0 0 0 0 0 0 0 0 0 0 0 0 0 0 0 0 0 0 0 0 0 0 0 0 0 0 0 0 0 0 0 0 0 0 0 0 0 0 0 0 0 0 0 0 0 0 0 0 0 0 0 0 0 0 0 0 0 0 0 0 0 0 0 0 0 0 0 0 0 0 0 0 0 0 0 0 0 0 0 0 0 0 0 0 0 0 0 0 0 0 0 0 0 0 0 0 0 0 0 0 0 0 0 0 0 0 0 0 0 0 0 0 0 0 0 0 0 0 0 0 0 0 0 0 0 0 0 0 0 0 0 0 0 0 0 0 0 0 0 0 0 0 0 0 0 0 0 0 0 0 0 0 0 0 0 0 0 0 0 0 0 0 0 0 0 0 0 0 0 0 0 0 0 0 0 0 0 0 0 0 0 0 0 0 0 0 0 0 0 0 0 0 0 0 0 0 0 0 0 0 0 0 0 0 0 0 0 0 0 0 0 0 0 0 0 0 0 0 0 0 0 0 0 0 0 0 0 0 0 0 0 0 0 0 0 0 0 0 0 0 0 0 0 0 0 0 0 0 0 0 0 0 0 0 0 0 0 0 0 0 0 0 0 0 0 0 0 0 0 0 0 0 0 0 0 0 0 0 0 0 0 0 0 0 0 0 0 0 0 0 0 0 0 0 0 0 0 0 0 0 0 0 0 0 0 0 0 0 0 0 0 0 0 0 0 0 0 0 0 0 0 0 0 0 0 0 0 0 0 0 0 0 0 0 0 0 0 0 0 0 0 0 0 0 0 0 0 0 0 0 0 0 0 0 0 0 0 0 0 0 0 0 0 0 0 0 0 0 0 0 0 0 0 0 0 
0 0.00362788 0.00363111 0.00369866 0.00431238 0.01752 0.019321 0.00989147 0.0112445 0.0105995 0.0271022 0.00922262 0.00832075 0.00890728 0.00972229 0.0104455 0.00890605 0.0111211 0.0101382 0.00868414 0.00844902 0.00920696 0.00850604 0.00832025 0.00902165 0.00846765 0.00847954 0.0084971 0.00834276 0.00840723 0.00834139 0.00827893 0.00834271 0.00843697 0.00845456 0.00827015 0.00819214 0.00842924 0.00847305 0.00835737 0.00836273 0.00869292 0.00839188 0.00834571 0.00838054 0.0083478 0.00836868 0.00886423 0.00842854 0.00839396 0.00839131 0.00875789 0.0104868 0.00950933 0.00930188 0.00998029 0.00904877 0.00987167 0.0100025 0.00944674 0.00996264 0.00958062 0.0102406 0.0110593 0.0113347 0.0134171 0.0141905 0.0143589 0.0138245 0.0150895 0.0169625 0.0181888 0.01914 0.0213982 0.0209265 0.0233974 0.0199857 0.0191284 0.0215915 0.0372097 
0.00362788 0 0.00359366 0.00354581 0.00367543 0.00792308 0.0139938 0.02625 0.0159628 0.0295984 0.0114977 0.00808584 0.00934285 0.00978217 0.0155221 0.0128641 0.0127533 0.00898879 0.00824852 0.00844335 0.00872361 0.00966002 0.00900723 0.00930879 0.00818385 0.00799957 0.00795565 0.00818618 0.00851222 0.00851618 0.00865886 0.00843043 0.00845843 0.00823791 0.00819592 0.00821131 0.00822727 0.00815471 0.00832969 0.00860029 0.00856207 0.00844366 0.00832145 0.00848113 0.00840987 0.00839686 0.00827397 0.00838702 0.00834232 0.00839002 0.00836699 0.00828855 0.00853663 0.00840632 0.00841357 0.00889054 0.00932203 0.0101744 0.0101558 0.00952258 0.00902267 0.0089975 0.00902266 0.0113834 0.0110098 0.0135187 0.013081 0.0135886 0.0131139 0.0133342 0.0139616 0.0143565 0.0170262 0.01868 0.0183504 0.0174352 0.0174131 0.0172416 0.0170882 0.0267379 
0.00363111 0.00359366 0 0.00359165 0.00355367 0.0079359 0.0139598 0.0228887 0.057712 0.0163424 0.0124879 0.0083891 0.00866632 0.0141434 0.0164914 0.0221994 0.0130417 0.00953153 0.00826323 0.00859489 0.00895042 0.0103105 0.0106325 0.00913353 0.00842184 0.00800751 0.00795265 0.00823785 0.00866617 0.00873109 0.00870062 0.00865676 0.00862298 0.00823166 0.00831295 0.00833627 0.0083433 0.00813638 0.00835961 0.00855898 0.00855553 0.00833552 0.00833091 0.00846195 0.0084952 0.008471 0.00833782 0.00830772 0.00842276 0.0084165 0.00835388 0.00831981 0.00850058 0.00838237 0.00835464 0.00863314 0.00924568 0.010608 0.0111109 0.0101155 0.00902451 0.00882293 0.00894296 0.0119347 0.0119436 0.0148302 0.0145594 0.0152865 0.014186 0.0145256 0.0146179 0.0144897 0.0189294 0.0198269 0.018465 0.0171275 0.018732 0.0171855 0.0174199 0.0244519 
0.00369866 0.00354581 0.00359165 0 0.00354613 0.00986984 0.0129764 0.0381363 0.0228086 0.0306813 0.0134146 0.00830744 0.00881124 0.0100506 0.0134357 0.0114447 0.0132434 0.0104104 0.00829927 0.00833862 0.00866657 0.00914198 0.00856182 0.00874221 0.00832539 0.00796849 0.00794733 0.00819625 0.00851928 0.00843243 0.00846386 0.00835123 0.00851406 0.00805064 0.0083209 0.00819518 0.00814639 0.00801439 0.00838724 0.00862587 0.00860513 0.0083886 0.00830939 0.00842937 0.00837829 0.00836999 0.00829569 0.00825069 0.0084894 0.00837174 0.00833104 0.00827585 0.00847885 0.00843547 0.00838158 0.00872144 0.00909813 0.0101268 0.0102842 0.0094573 0.00891623 0.00904441 0.00895536 0.0117361 0.0113429 0.0134852 0.0136179 0.0136193 0.0128861 0.0125833 0.0143679 0.0134137 0.0178953 0.0188794 0.01615 0.0152916 0.0194769 0.0167117 0.0164165 0.0209227 
0.00431238 0.00367543 0.00355367 0.00354613 0 0.0185199 0.0291791 0.0144954 0.0137531 0.0232437 0.0253172 0.00900524 0.00841754 0.00921043 0.00943524 0.00925657 0.00933563 0.0107464 0.00885991 0.00882438 0.00859186 0.00881518 0.00986395 0.00821175 0.00854016 0.00852634 0.00822499 0.00854065 0.00830181 0.00839013 0.00829177 0.00835264 0.00819218 0.0082186 0.00842142 0.00813596 0.00803733 0.00809571 0.00896621 0.00846375 0.00848354 0.00871025 0.0086258 0.0083939 0.00840499 0.008334 0.00826025 0.00852102 0.0092866 0.00839143 0.0083255 0.0083938 0.0096108 0.00895849 0.00904998 0.00954382 0.010245 0.00969734 0.0097673 0.00916839 0.00927565 0.00973047 0.00978395 0.0129748 0.0111993 0.0142479 0.0144665 0.015174 0.0122874 0.013153 0.0156255 0.014935 0.023724 0.0203764 0.0191446 0.0184675 0.025076 0.0203806 0.0186187 0.0234132 
0.01752 0.00792308 0.0079359 0.00986984 0.0185199 0 0.0205354 0.0108646 0.00997428 0.0103651 0.0253068 0.0089135 0.00811748 0.00821337 0.00829476 0.00842117 0.00845141 0.00901678 0.027316 0.00843206 0.00801219 0.00806443 0.00828641 0.00808248 0.00954705 0.00903393 0.00877754 0.00830737 0.00796372 0.00804063 0.00797108 0.00797433 0.00796318 0.00811879 0.00814542 0.00795704 0.00793714 0.00807526 0.00840603 0.00815662 0.00811002 0.00833475 0.0083566 0.00816255 0.00815865 0.00815393 0.00811134 0.00841682 0.00868192 0.00825989 0.00821038 0.00851077 0.0100027 0.00943547 0.00913034 0.00959425 0.00900671 0.0088678 0.00850287 0.00876482 0.00893647 0.00916822 0.00953624 0.0102659 0.00962612 0.00919712 0.00974466 0.00932761 0.00968924 0.0111725 0.0147821 0.0146904 0.015335 0.0125294 0.0113485 0.0152611 0.0208744 0.0114269 0.0143523 0.0216779 
0.019321 0.0139938 0.0139598 0.0129764 0.0291791 0.0205354 0 0.00378042 0.00357085 0.00357924 0.00388346 0.34942 0.0139804 0.0175801 0.0135102 0.015732 0.012263 0.0211091 0.0143315 0.00976306 0.00913821 0.00984219 0.00865653 0.00936442 0.0122769 0.0088622 0.00874003 0.00832642 0.00830433 0.008509 0.00862864 0.00836899 0.0083935 0.00827103 0.00845065 0.00811365 0.00804732 0.0083934 0.00830436 0.0082285 0.00811289 0.00823572 0.00835452 0.00820087 0.00819233 0.00818968 0.00808737 0.00838785 0.00826627 0.00822771 0.00818126 0.00827359 0.00869193 0.00845651 0.00825518 0.00850519 0.00848244 0.00852338 0.0084585 0.0083406 0.0085552 0.00831971 0.00840303 0.00877953 0.00843115 0.00863192 0.00851616 0.00863439 0.00860479 0.00909448 0.00892842 0.00926722 0.00949887 0.00959827 0.00930911 0.00973042 0.00942301 0.00914936 0.00918201 0.0130451 
0.00989147 0.02625 0.0228887 0.0381363 0.0144954 0.0108646 0.00378042 0 0.00354724 0.00358136 0.00371439 0.0139977 0.447022 0.0127122 0.0625033 0.0197501 0.0565124 0.0145374 0.0104793 0.00968649 0.0107467 0.0134848 0.0108926 0.0130485 0.00880507 0.00822348 0.00810933 0.00821225 0.00895854 0.00881614 0.00966663 0.0086031 0.00885983 0.00825341 0.00827744 0.00835276 0.00837286 0.00831375 0.00827154 0.00839528 0.00828927 0.00817615 0.00828775 0.00836858 0.00834465 0.00824991 0.00821853 0.00816485 0.0082637 0.008304 0.00821277 0.00825539 0.00828856 0.00824782 0.00820068 0.00829423 0.0084232 0.00892998 0.00871774 0.00845861 0.00841391 0.00833785 0.00836955 0.00871817 0.00859316 0.00910478 0.00898043 0.00930931 0.0091133 0.0089233 0.00901884 0.0092898 0.00953869 0.010435 0.0100526 0.00926801 0.00947536 0.00941059 0.00974787 0.0108867 
0.0112445 0.0159628 0.057712 0.0228086 0.0137531 0.00997428 0.00357085 0.00354724 0 0.00353854 0.00365402 0.0348113 0.0111739 0.40042 0.0265215 0.236023 0.0206434 0.0134615 0.00889555 0.00899209 0.0147058 0.0176205 0.0349924 0.00994414 0.00921163 0.00815115 0.0079785 0.00851623 0.00924048 0.011148 0.0095903 0.00994163 0.00877329 0.00825857 0.00827816 0.00844843 0.00829371 0.00807769 0.00824916 0.00845156 0.00830153 0.00811796 0.00820347 0.00833597 0.00836197 0.00834613 0.00815136 0.00815252 0.00821526 0.00832411 0.0082453 0.00819226 0.00830827 0.00823639 0.00816682 0.00828149 0.008462 0.00910498 0.00887144 0.00852911 0.00836838 0.00829534 0.00830127 0.00850119 0.00872032 0.00964122 0.00995418 0.0104803 0.00947948 0.00893573 0.00880803 0.00904018 0.00981474 0.0111612 0.0102475 0.00933303 0.010157 0.00995954 0.0107214 0.0107328 
0.0105995 0.0295984 0.0163424 0.0306813 0.0232437 0.0103651 0.00357924 0.00358136 0.00353854 0 0.00424274 0.0103711 0.07745 0.0137153 0.48351 0.0207318 0.176557 0.0157397 0.00969151 0.0107652 0.0117824 0.0290608 0.00993822 0.0207257 0.00940157 0.00825466 0.00811116 0.00821006 0.00978665 0.00899877 0.00975836 0.00880099 0.00899697 0.00823973 0.00867087 0.0082984 0.0084625 0.00808981 0.00829882 0.00836614 0.00833703 0.00809381 0.00827837 0.0083361 0.00838533 0.00832809 0.00819092 0.00811471 0.00832162 0.00832837 0.00826251 0.00822032 0.00823224 0.00822061 0.00818196 0.00829664 0.00856852 0.0090227 0.00874413 0.00850596 0.00834384 0.0083832 0.00837944 0.00903195 0.00869223 0.00936229 0.00938488 0.00964046 0.00922089 0.00883084 0.0092699 0.00921001 0.0101591 0.0110879 0.0101573 0.00895203 0.0095467 0.0101429 0.00981393 0.0106253 
0.0271022 0.0114977 0.0124879 0.0134146 0.0253172 0.0253068 0.00388346 0.00371439 0.00365402 0.00424274 0 0.0262269 0.00924262 0.0559092 0.0189651 0.207916 0.0274398 0.124722 0.0164828 0.0127901 0.0115211 0.00942402 0.0113458 0.0100043 0.0126298 0.0105143 0.00878072 0.0105422 0.00859071 0.00967285 0.00902093 0.00948445 0.00868757 0.00876765 0.0092505 0.0083175 0.00818123 0.0081871 0.00868152 0.00837094 0.00829872 0.00826426 0.0083601 0.00823006 0.00825378 0.00822535 0.00803341 0.00822039 0.00854363 0.0082607 0.00822241 0.00828254 0.00981523 0.00866022 0.00845045 0.00880929 0.00886513 0.00907521 0.00877534 0.00859112 0.00846882 0.00879675 0.00869174 0.00894424 0.00898426 0.00901306 0.00899461 0.00926433 0.00886072 0.00898668 0.0096744 0.00950001 0.0116385 0.0105923 0.00944119 0.00959735 0.0126171 0.00925001 0.00985093 0.0102056 
0.00922262 0.00808584 0.0083891 0.00830744 0.00900524 0.0089135 0.34942 0.0139977 0.0348113 0.0103711 0.0262269 0 0.0076819 0.00362049 0.00358181 0.00368122 0.00423783 0.00429359 0.00712538 0.0172005 0.01003 0.00866573 0.0111715 0.00847481 0.011094 0.0095646 0.00882556 0.00881018 0.0080511 0.00882233 0.00822973 0.00834133 0.00824149 0.00849843 0.00811394 0.00804095 0.00807065 0.00827067 0.00805098 0.00802446 0.00800177 0.00807473 0.0079966 0.00800611 0.00805412 0.00799143 0.00815602 0.00810362 0.00801352 0.00802634 0.00802424 0.00821592 0.00933784 0.00855248 0.00820619 0.00829122 0.00817199 0.00839853 0.00825858 0.00822991 0.00830267 0.00820247 0.00825239 0.00828167 0.00835903 0.00827434 0.00836878 0.00829224 0.00827691 0.00833798 0.0084916 0.00873972 0.00901348 0.009066 0.00852603 0.00885364 0.0100171 0.00835846 0.00897798 0.00910945 
0.00832075 0.00934285 0.00866632 0.00881124 0.00841754 0.00811748 0.0139804 0.447022 0.0111739 0.07745 0.00924262 0.0076819 0 0.00353949 0.00356745 0.00351111 0.00376314 0.00358924 0.00444532 0.0279471 0.0137785 0.0170534 0.00961532 0.0178775 0.0090713 0.00836422 0.00814973 0.00824217 0.00987194 0.0087616 0.00998626 0.00870623 0.00915966 0.00818374 0.00847259 0.00830162 0.00835522 0.00810888 0.0081447 0.0083088 0.00822611 0.00802972 0.00812458 0.00826015 0.00822863 0.00827706 0.00808489 0.0080132 0.00809497 0.00815158 0.00806829 0.00798871 0.00803005 0.00797256 0.00796597 0.00812105 0.00836716 0.00847674 0.00841545 0.00826358 0.00824607 0.00821266 0.00817908 0.00837425 0.00829996 0.00839116 0.00835042 0.0084154 0.00842203 0.00837166 0.00839158 0.00842485 0.00853982 0.00879339 0.0085433 0.00833812 0.00839469 0.00848913 0.00844053 0.00868653 
0.00890728 0.00978217 0.0141434 0.0100506 0.00921043 0.00821337 0.0175801 0.0127122 0.40042 0.0137153 0.0559092 0.00362049 0.00353949 0 0.00354682 0.00354592 0.00354872 0.00360035 0.00397054 0.0200575 0.034027 0.0200042 0.0522975 0.0117096 0.0121607 0.00864258 0.00823011 0.00853365 0.0094712 0.0162403 0.0117697 0.0136239 0.00985712 0.00909504 0.00855666 0.00909394 0.00857391 0.00838574 0.00841851 0.00855122 0.00836107 0.00818334 0.0082562 0.00845331 0.00840993 0.00837212 0.00818858 0.00811931 0.00825693 0.00823344 0.00814565 0.00807279 0.00827104 0.00804287 0.00801719 0.0081826 0.00851425 0.00865894 0.00870001 0.00840907 0.00831935 0.0082309 0.00819199 0.00825995 0.00832846 0.00848708 0.00847109 0.00859939 0.00878514 0.00852428 0.00845592 0.00839282 0.00869664 0.00914476 0.00861459 0.00839779 0.00886714 0.00846039 0.00877815 0.00975206 
0.00972229 0.0155221 0.0164914 0.0134357 0.00943524 0.00829476 0.0135102 0.0625033 0.0265215 0.48351 0.0189651 0.00358181 0.00356745 0.00354682 0 0.00355588 0.00359751 0.00362424 0.0037945 0.0549066 0.0597545 0.1212 0.0304632 0.0403411 0.0108615 0.0088363 0.00832569 0.00888468 0.0169927 0.0163004 0.0275544 0.0147376 0.0145711 0.00898043 0.00917552 0.00985929 0.00907863 0.00868352 0.00852911 0.00882575 0.00857444 0.00816277 0.00827512 0.00860552 0.00855038 0.00843584 0.00811532 0.00812908 0.00824544 0.00830563 0.00817166 0.00807264 0.00808454 0.00804433 0.00803189 0.00821832 0.00855208 0.00899693 0.00879245 0.00842353 0.00831808 0.0082469 0.00822038 0.00848399 0.00850504 0.00876599 0.00878053 0.00879083 0.00871149 0.00855707 0.00842217 0.00851887 0.00883689 0.00987569 0.00894083 0.00845706 0.0084492 0.00874623 0.00880295 0.00907696 
0.0104455 0.0128641 0.0221994 0.0114447 0.00925657 0.00842117 0.015732 0.0197501 0.236023 0.0207318 0.207916 0.00368122 0.00351111 0.00354592 0.00355588 0 0.00355546 0.00355293 0.00373244 0.0313621 0.102163 0.0992802 0.149769 0.0152744 0.0121907 0.00894852 0.00829706 0.00926111 0.0107073 0.0306716 0.0163741 0.0228661 0.0125776 0.00928219 0.00899867 0.00931608 0.00938063 0.00841538 0.00854213 0.00894362 0.00868042 0.00820519 0.008328 0.00866815 0.00858661 0.00870509 0.00815939 0.00811616 0.00821463 0.00834804 0.00824202 0.008119 0.00824482 0.00806562 0.00802288 0.00826456 0.0087003 0.00944004 0.00913357 0.00860986 0.00844839 0.00828747 0.00830021 0.00846113 0.00857212 0.00900856 0.00886222 0.00898423 0.00894861 0.00878987 0.00852622 0.00876949 0.00909704 0.0102389 0.00914654 0.00860861 0.0090444 0.00876102 0.00901932 0.00921453 
0.00890605 0.0127533 0.0130417 0.0132434 0.00933563 0.00845141 0.012263 0.0565124 0.0206434 0.176557 0.0274398 0.00423783 0.00376314 0.00354872 0.00359751 0.00355546 0 0.00355437 0.00374869 0.0402812 0.0368447 0.104049 0.0260151 0.0868743 0.0135876 0.0091943 0.00843356 0.00895342 0.0137229 0.0115606 0.0169453 0.0118788 0.0161005 0.00880766 0.00884664 0.00905662 0.00974442 0.00844068 0.00842769 0.00875253 0.00885654 0.00812798 0.00821179 0.00840915 0.00845168 0.00831618 0.00809412 0.0080383 0.00820367 0.00823224 0.00814596 0.00805828 0.00806543 0.008023 0.0080018 0.00818286 0.00851568 0.00896621 0.00878883 0.00837144 0.00827067 0.00825458 0.00826931 0.0084879 0.008536 0.00880952 0.00866608 0.00877483 0.00856499 0.00842267 0.00851203 0.00869904 0.00915504 0.00970538 0.00881053 0.00837062 0.00849387 0.00861596 0.00859974 0.00862207 
0.0111211 0.00898879 0.00953153 0.0104104 0.0107464 0.00901678 0.0211091 0.0145374 0.0134615 0.0157397 0.124722 0.00429359 0.00358924 0.00360035 0.00362424 0.00355293 0.00355437 0 0.00604112 0.0169635 0.019798 0.0198238 0.0193619 0.0585733 0.0475818 0.0119412 0.00906556 0.0099927 0.00975784 0.00969133 0.00946005 0.00926437 0.00935526 0.00909205 0.00916408 0.00830912 0.00838943 0.00847377 0.0083458 0.00832017 0.00841161 0.00824094 0.00815745 0.0081309 0.00821881 0.00814824 0.00796903 0.00816938 0.00822553 0.00808514 0.00799316 0.00803123 0.00815014 0.00806653 0.00803878 0.00816728 0.00844045 0.00860934 0.0086374 0.00836078 0.00835716 0.00841728 0.00830931 0.00849266 0.00839256 0.00859471 0.00843995 0.00847483 0.00859288 0.0087385 0.00848384 0.00869703 0.00908995 0.00906344 0.00880034 0.00861596 0.00875501 0.00838944 0.00846794 0.00870632 
0.0101382 0.00824852 0.00826323 0.00829927 0.00885991 0.027316 0.0143315 0.0104793 0.00889555 0.00969151 0.0164828 0.00712538 0.00444532 0.00397054 0.0037945 0.00373244 0.00374869 0.00604112 0 0.0170497 0.010267 0.0100999 0.00980006 0.0110323 0.0366437 0.0217956 0.0211389 0.0102912 0.00834654 0.00829148 0.00837252 0.00828055 0.0083232 0.00898088 0.00902552 0.00811287 0.00801968 0.00867628 0.00855609 0.00802067 0.00797476 0.00818695 0.00838412 0.00803762 0.00804711 0.00801071 0.00799888 0.00815289 0.00863196 0.00798071 0.00796076 0.0080661 0.00926432 0.00893852 0.00865743 0.00863431 0.00854779 0.00826349 0.00820693 0.0081293 0.00821741 0.00829324 0.00826076 0.00860493 0.00832519 0.0083686 0.00837322 0.00832158 0.00833098 0.00859735 0.00897785 0.00895965 0.00950948 0.00875374 0.00857831 0.00900219 0.010734 0.00843609 0.00876971 0.00960055 
0.00868414 0.00844335 0.00859489 0.00833862 0.00882438 0.00843206 0.00976306 0.00968649 0.00899209 0.0107652 0.0127901 0.0172005 0.0279471 0.0200575 0.0549066 0.0313621 0.0402812 0.0169635 0.0170497 0 0.00364657 0.00353589 0.00355443 0.00357858 0.00463145 0.0176172 0.015379 0.0147258 0.0143912 0.0105102 0.0116555 0.00924535 0.0132497 0.0109838 0.0108875 0.00890748 0.00886525 0.0113302 0.0084683 0.00857479 0.0083477 0.00822404 0.00874522 0.0083722 0.00824185 0.00838911 0.00806494 0.00838539 0.0083793 0.0080983 0.00799002 0.00808063 0.00837286 0.0082065 0.00803032 0.00831617 0.00864749 0.00833256 0.00852158 0.00818667 0.0082399 0.00813452 0.00805715 0.00858929 0.00821259 0.0083134 0.00827799 0.00829274 0.00824761 0.00836522 0.00842995 0.00837142 0.00861343 0.00850693 0.00834328 0.00837087 0.00835062 0.00831146 0.00841094 0.00921603 
0.00844902 0.00872361 0.00895042 0.00866657 0.00859186 0.00801219 0.00913821 0.0107467 0.0147058 0.0117824 0.0115211 0.01003 0.0137785 0.034027 0.0597545 0.102163 0.0368447 0.019798 0.010267 0.00364657 0 0.0035524 0.0034878 0.00370697 0.00363465 0.0122493 0.00945498 0.0107311 0.0159195 0.0294304 0.01567 0.0319558 0.0126112 0.0102576 0.00903994 0.0125072 0.0104893 0.0090075 0.00834673 0.0093653 0.00876573 0.00846275 0.0082404 0.00878451 0.00862942 0.00848513 0.00861916 0.00819401 0.00824986 0.00829132 0.00824688 0.00806876 0.00818337 0.00797381 0.00797685 0.00802009 0.00840345 0.00864303 0.00854221 0.0082554 0.00815346 0.00809308 0.00810528 0.00826059 0.00829108 0.00843123 0.00838123 0.00841069 0.00837383 0.00831666 0.00826011 0.00833453 0.00837199 0.00883953 0.00846485 0.00829326 0.0083173 0.00834774 0.00836209 0.00849259 
0.00920696 0.00966002 0.0103105 0.00914198 0.00881518 0.00806443 0.00984219 0.0134848 0.0176205 0.0290608 0.00942402 0.00866573 0.0170534 0.0200042 0.1212 0.0992802 0.104049 0.0198238 0.0100999 0.00353589 0.0035524 0 0.00355037 0.00356439 0.00367771 0.00887715 0.00864896 0.00979211 0.0355959 0.0219225 0.106929 0.0270877 0.032054 0.00940294 0.0101211 0.0128456 0.0113727 0.00945393 0.00867463 0.0100861 0.0105278 0.00831228 0.00848581 0.00898948 0.00927746 0.00965212 0.00858427 0.00813702 0.0083312 0.00838147 0.00830159 0.00803451 0.00799116 0.00793467 0.00793724 0.00799359 0.00879365 0.00895933 0.00889744 0.00829634 0.00820037 0.00807983 0.0080822 0.00828834 0.00835247 0.00855161 0.00854519 0.00855309 0.00879557 0.00841217 0.00829926 0.00830959 0.00859318 0.00920491 0.00857917 0.00825975 0.00829257 0.00835201 0.0084393 0.00878847 
0.00850604 0.00900723 0.0106325 0.00856182 0.00986395 0.00828641 0.00865653 0.0108926 0.0349924 0.00993822 0.0113458 0.0111715 0.00961532 0.0522975 0.0304632 0.149769 0.0260151 0.0193619 0.00980006 0.00355443 0.0034878 0.00355037 0 0.00355267 0.00354472 0.0104213 0.00892532 0.0122067 0.0122306 0.100857 0.0220898 0.0614115 0.012892 0.0103966 0.00924654 0.0130764 0.0104848 0.00889132 0.00862891 0.0107545 0.00874683 0.00830702 0.00822848 0.00943511 0.00918714 0.0087268 0.00830897 0.00813426 0.00818716 0.00828524 0.00815482 0.00802439 0.00813538 0.00795853 0.00794385 0.00801437 0.00836765 0.0089842 0.00882352 0.00829768 0.00819277 0.00806165 0.00800976 0.00834199 0.00829094 0.00863595 0.00848143 0.00847923 0.00844134 0.00836629 0.0082745 0.00831754 0.00846205 0.00897196 0.00847518 0.00831789 0.00845104 0.00833542 0.00841073 0.0087472 
0.00832025 0.00930879 0.00913353 0.00874221 0.00821175 0.00808248 0.00936442 0.0130485 0.00994414 0.0207257 0.0100043 0.00847481 0.0178775 0.0117096 0.0403411 0.0152744 0.0868743 0.0585733 0.0110323 0.00357858 0.00370697 0.00356439 0.00355267 0 0.00357842 0.0133633 0.0110904 0.00983246 0.0324219 0.0128197 0.0276355 0.0128079 0.0372193 0.00988073 0.0105306 0.0102038 0.0136736 0.0089923 0.00881125 0.00929205 0.00944858 0.00906348 0.00826236 0.00856299 0.00875463 0.00844121 0.00827457 0.00809361 0.00821902 0.00820758 0.00824059 0.00797123 0.00805435 0.00795917 0.0079658 0.00800956 0.00840142 0.00846806 0.00861843 0.00823752 0.00815473 0.00807189 0.00805238 0.00832716 0.00832883 0.00851229 0.00839854 0.00845673 0.00837755 0.00828178 0.00831883 0.00848932 0.00849508 0.00883524 0.00843424 0.00823697 0.0083381 0.00838115 0.00839121 0.00840176 
0.00902165 0.00818385 0.00842184 0.00832539 0.00854016 0.00954705 0.0122769 0.00880507 0.00921163 0.00940157 0.0126298 0.011094 0.0090713 0.0121607 0.0108615 0.0121907 0.0135876 0.0475818 0.0366437 0.00463145 0.00363465 0.00367771 0.00354472 0.00357842 0 0.032626 0.0129381 0.0302105 0.0106137 0.0118948 0.0107502 0.0113682 0.013067 0.0215022 0.0138974 0.0095149 0.0090982 0.0119172 0.00969145 0.00849761 0.00920171 0.00884086 0.00934689 0.00824893 0.00826009 0.00825854 0.00812227 0.00827666 0.00900474 0.00808035 0.00813235 0.00815736 0.00874637 0.00839894 0.00835598 0.00843538 0.00876905 0.00831791 0.00854028 0.00808949 0.00817117 0.00836513 0.00811483 0.00869269 0.0082651 0.00857769 0.00832432 0.00833101 0.00825856 0.00848063 0.00856445 0.00837149 0.00930133 0.00854825 0.00837946 0.00842939 0.00930285 0.00831915 0.00832724 0.00852774 
0.00846765 0.00799957 0.00800751 0.00796849 0.00852634 0.00903393 0.0088622 0.00822348 0.00815115 0.00825466 0.0105143 0.0095646 0.00836422 0.00864258 0.0088363 0.00894852 0.0091943 0.0119412 0.0217956 0.0176172 0.0122493 0.00887715 0.0104213 0.0133633 0.032626 0 0.899955 0.0160086 0.00926735 0.0102408 0.00915979 0.00949684 0.0114309 0.0145675 0.0109814 0.00877876 0.00877121 0.0119985 0.00884357 0.00817701 0.00816553 0.00893499 0.00839424 0.00808462 0.00806652 0.00807918 0.00805436 0.00866762 0.00840159 0.00827006 0.00793933 0.00810913 0.00979966 0.00898566 0.00860001 0.00873407 0.00826452 0.00808286 0.00801222 0.00796428 0.00825568 0.00808898 0.00820334 0.00833331 0.00806909 0.00812288 0.00811758 0.0081103 0.00810073 0.00836661 0.00841989 0.0084191 0.00869601 0.00838406 0.0083182 0.0085897 0.00860681 0.00819327 0.00824337 0.00882232 
0.00847954 0.00795565 0.00795265 0.00794733 0.00822499 0.00877754 0.00874003 0.00810933 0.0079785 0.00811116 0.00878072 0.00882556 0.00814973 0.00823011 0.00832569 0.00829706 0.00843356 0.00906556 0.0211389 0.015379 0.00945498 0.00864896 0.00892532 0.0110904 0.0129381 0.899955 0 0.0170871 0.0103475 0.0102014 0.00973821 0.00915913 0.00988174 0.0128387 0.0117146 0.00868692 0.00847566 0.013146 0.0092598 0.00807369 0.00816337 0.0084267 0.00881245 0.00804758 0.00802443 0.00800017 0.0080126 0.0084235 0.00861762 0.00797892 0.00795089 0.00811773 0.00990214 0.00929435 0.00881518 0.00874176 0.00833704 0.00802905 0.00799099 0.00795573 0.00811442 0.00814674 0.00807782 0.00835572 0.00804945 0.00803638 0.00801394 0.00803713 0.0079898 0.00815155 0.00827191 0.00817854 0.00865232 0.00824433 0.00814645 0.00830857 0.00882163 0.00811206 0.00813674 0.00851205 
0.0084971 0.00818618 0.00823785 0.00819625 0.00854065 0.00830737 0.00832642 0.00821225 0.00851623 0.00821006 0.0105422 0.00881018 0.00824217 0.00853365 0.00888468 0.00926111 0.00895342 0.0099927 0.0102912 0.0147258 0.0107311 0.00979211 0.0122067 0.00983246 0.0302105 0.0160086 0.0170871 0 0.00413674 0.00358696 0.00358626 0.00384198 0.0040038 0.00483167 0.00740341 0.00615329 0.00640438 0.0231269 0.0145282 0.0100633 0.00914576 0.0132962 0.00951763 0.00901864 0.00884291 0.0087163 0.00973012 0.011578 0.00852335 0.00823 0.00824573 0.00873588 0.010797 0.00933469 0.00873509 0.00880606 0.00903344 0.00892197 0.00852652 0.00833757 0.00870925 0.00809763 0.00826465 0.00826492 0.00812289 0.00816909 0.00813399 0.00849359 0.00822521 0.00841905 0.00820817 0.00827496 0.00840273 0.00839591 0.00832481 0.00832328 0.00831201 0.00815135 0.00818293 0.00864741 
0.00834276 0.00851222 0.00866617 0.00851928 0.00830181 0.00796372 0.00830433 0.00895854 0.00924048 0.00978665 0.00859071 0.0080511 0.00987194 0.0094712 0.0169927 0.0107073 0.0137229 0.00975784 0.00834654 0.0143912 0.0159195 0.0355959 0.0122306 0.0324219 0.0106137 0.00926735 0.0103475 0.00413674 0 0.00355874 0.00360132 0.00429174 0.00393612 0.00359887 0.00519814 0.00729252 0.01293 0.00837277 0.0220668 0.0170177 0.0225523 0.00885815 0.0107654 0.0118372 0.0121169 0.0141004 0.00933822 0.00933028 0.00901751 0.00880661 0.00931456 0.00822121 0.0081474 0.00804806 0.00801082 0.00810991 0.0093852 0.00958485 0.0110293 0.00864646 0.00826072 0.00824899 0.00803391 0.00819774 0.00826214 0.00892516 0.00860681 0.00852962 0.0084283 0.0081855 0.00810663 0.00813447 0.008259 0.00876258 0.00844298 0.00805805 0.00809322 0.00819923 0.0082294 0.00827521 
0.00840723 0.00851618 0.00873109 0.00843243 0.00839013 0.00804063 0.008509 0.00881614 0.011148 0.00899877 0.00967285 0.00882233 0.0087616 0.0162403 0.0163004 0.0306716 0.0115606 0.00969133 0.00829148 0.0105102 0.0294304 0.0219225 0.100857 0.0128197 0.0118948 0.0102408 0.0102014 0.00358696 0.00355874 0 0.00354543 0.00357227 0.00356443 0.00358138 0.00428188 0.0107949 0.006105 0.0154968 0.0158829 0.0418872 0.0123389 0.0106188 0.00964443 0.020048 0.0213744 0.0188528 0.0135348 0.00888106 0.00886452 0.00965578 0.00931263 0.00897432 0.00838392 0.00809055 0.0080517 0.00826014 0.00938454 0.0155633 0.0114124 0.00969168 0.00843029 0.00818905 0.00811856 0.00842007 0.00848408 0.00891682 0.00885125 0.00918602 0.00878678 0.00836328 0.00812576 0.00812549 0.00838476 0.0091399 0.00851007 0.00814676 0.00818583 0.0082448 0.00851328 0.0082757 
0.00834139 0.00865886 0.00870062 0.00846386 0.00829177 0.00797108 0.00862864 0.00966663 0.0095903 0.00975836 0.00902093 0.00822973 0.00998626 0.0117697 0.0275544 0.0163741 0.0169453 0.00946005 0.00837252 0.0116555 0.01567 0.106929 0.0220898 0.0276355 0.0107502 0.00915979 0.00973821 0.00358626 0.00360132 0.00354543 0 0.00353074 0.00358133 0.00355951 0.00593137 0.00783438 0.0116973 0.0268263 0.0230333 0.0172001 0.0305342 0.00970357 0.0110839 0.014883 0.0285899 0.024955 0.0102358 0.00910097 0.00932776 0.00942342 0.00998321 0.00864248 0.00815846 0.00800056 0.00799395 0.00812239 0.0110696 0.0111684 0.0134726 0.00901066 0.00852264 0.00815583 0.00812506 0.00848152 0.00859021 0.00925345 0.00893909 0.00887774 0.0087631 0.00844682 0.008131 0.00808887 0.00844985 0.00916374 0.00864449 0.00811023 0.00818415 0.00829532 0.00829057 0.00834606 
0.00827893 0.00843043 0.00865676 0.00835123 0.00835264 0.00797433 0.00836899 0.0086031 0.00994163 0.00880099 0.00948445 0.00834133 0.00870623 0.0136239 0.0147376 0.0228661 0.0118788 0.00926437 0.00828055 0.00924535 0.0319558 0.0270877 0.0614115 0.0128079 0.0113682 0.00949684 0.00915913 0.00384198 0.00429174 0.00357227 0.00353074 0 0.00353266 0.0035958 0.00444284 0.0162406 0.0210619 0.028688 0.0120236 0.0389452 0.0129527 0.0102148 0.00963522 0.0191969 0.0244221 0.0167398 0.0107617 0.00880191 0.00870648 0.00916643 0.00910422 0.00869411 0.00819597 0.00801069 0.00798026 0.00819532 0.00935755 0.0132236 0.0112274 0.00974162 0.00830813 0.00813246 0.00808772 0.00823416 0.00844946 0.00894123 0.00878597 0.00892929 0.00849112 0.00826385 0.00807771 0.00807507 0.00828649 0.00886145 0.00846541 0.00810821 0.00811213 0.00822758 0.00829824 0.00824748 
0.00834271 0.00845843 0.00862298 0.00851406 0.00819218 0.00796318 0.0083935 0.00885983 0.00877329 0.00899697 0.00868757 0.00824149 0.00915966 0.00985712 0.0145711 0.0125776 0.0161005 0.00935526 0.0083232 0.0132497 0.0126112 0.032054 0.012892 0.0372193 0.013067 0.0114309 0.00988174 0.0040038 0.00393612 0.00356443 0.00358133 0.00353266 0 0.00355854 0.00568003 0.0352574 0.00738847 0.00487858 0.0180562 0.01514 0.0741061 0.0102099 0.0112242 0.0177545 0.0131234 0.0118773 0.0111594 0.00891298 0.00921198 0.00912412 0.00956904 0.0083687 0.00823983 0.00806905 0.00805101 0.00827824 0.00969107 0.0103156 0.0111095 0.00886254 0.00839317 0.00816736 0.00813883 0.00815709 0.00833223 0.00868983 0.00844734 0.0086511 0.00842484 0.00823143 0.00812203 0.00819152 0.00831694 0.00874958 0.00847337 0.0080253 0.00819719 0.00815169 0.00818498 0.00822322 
0.00843697 0.00823791 0.00823166 0.00805064 0.0082186 0.00811879 0.00827103 0.00825341 0.00825857 0.00823973 0.00876765 0.00849843 0.00818374 0.00909504 0.00898043 0.00928219 0.00880766 0.00909205 0.00898088 0.0109838 0.0102576 0.00940294 0.0103966 0.00988073 0.0215022 0.0145675 0.0128387 0.00483167 0.00359887 0.00358138 0.00355951 0.0035958 0.00355854 0 0.0358823 0.00548188 0.00381466 0.00435763 0.0142581 0.0114539 0.00964061 0.0265222 0.012971 0.00943786 0.00933972 0.00896164 0.00893045 0.00947663 0.0122737 0.00870011 0.00830681 0.00863787 0.0100173 0.00876145 0.00842365 0.00877567 0.00936077 0.00903543 0.00884398 0.0082261 0.00849461 0.00820273 0.00818398 0.00807641 0.00805723 0.00825323 0.00816973 0.00816707 0.00810346 0.00818017 0.00806549 0.00800081 0.00843938 0.00828567 0.00806742 0.00804916 0.00822467 0.00801503 0.00802941 0.00809221 
0.00845456 0.00819592 0.00831295 0.0083209 0.00842142 0.00814542 0.00845065 0.00827744 0.00827816 0.00867087 0.0092505 0.00811394 0.00847259 0.00855666 0.00917552 0.00899867 0.00884664 0.00916408 0.00902552 0.0108875 0.00903994 0.0101211 0.00924654 0.0105306 0.0138974 0.0109814 0.0117146 0.00740341 0.00519814 0.00428188 0.00593137 0.00444284 0.00568003 0.0358823 0 0.00356019 0.00358872 0.00370541 0.0560173 0.0102944 0.0119144 0.0138808 0.0105002 0.00984315 0.00914254 0.00949266 0.00884015 0.0167979 0.008877 0.00843399 0.00833842 0.00869925 0.00962921 0.00866703 0.00831915 0.00859183 0.00952846 0.00872649 0.00895925 0.00838887 0.00912842 0.00810253 0.00816345 0.00843127 0.00805803 0.00822281 0.0082394 0.00821941 0.00819094 0.00839438 0.00830938 0.00812391 0.00830551 0.00840522 0.00816765 0.00812012 0.00813038 0.00806934 0.00808713 0.00846013 
0.00827015 0.00821131 0.00833627 0.00819518 0.00813596 0.00795704 0.00811365 0.00835276 0.00844843 0.0082984 0.0083175 0.00804095 0.00830162 0.00909394 0.00985929 0.00931608 0.00905662 0.00830912 0.00811287 0.00890748 0.0125072 0.0128456 0.0130764 0.0102038 0.0095149 0.00877876 0.00868692 0.00615329 0.00729252 0.0107949 0.00783438 0.0162406 0.0352574 0.00548188 0.00356019 0 0.00365457 0.00357156 0.0172029 0.0511793 0.0130882 0.00926463 0.00909013 0.0103934 0.0112717 0.0096245 0.0113485 0.00879797 0.0084627 0.0086061 0.00847619 0.0082153 0.00821104 0.00800546 0.00799381 0.00803826 0.00873504 0.00957053 0.00910621 0.00854292 0.00813242 0.0080973 0.00799466 0.00809621 0.00817563 0.00830996 0.00826952 0.00829343 0.00822566 0.0080558 0.00807481 0.00799236 0.00817811 0.0084387 0.00819323 0.00800321 0.00805316 0.00811708 0.00809288 0.00807292 
0.00819214 0.00822727 0.0083433 0.00814639 0.00803733 0.00793714 0.00804732 0.00837286 0.00829371 0.0084625 0.00818123 0.00807065 0.00835522 0.00857391 0.00907863 0.00938063 0.00974442 0.00838943 0.00801968 0.00886525 0.0104893 0.0113727 0.0104848 0.0136736 0.0090982 0.00877121 0.00847566 0.00640438 0.01293 0.006105 0.0116973 0.0210619 0.00738847 0.00381466 0.00358872 0.00365457 0 0.00361826 0.0147376 0.0393985 0.086595 0.0098296 0.00891993 0.0120853 0.0105035 0.0104985 0.00963939 0.00853053 0.00850242 0.00886955 0.00851784 0.00816582 0.00805482 0.00797229 0.00795064 0.00801594 0.00844957 0.00916612 0.0089528 0.00840023 0.00816174 0.00801643 0.00804661 0.00800047 0.00811792 0.00844732 0.00823296 0.00843796 0.00823397 0.00801264 0.00800406 0.0079483 0.00811403 0.00837184 0.00817614 0.00795503 0.00806394 0.00807861 0.00808853 0.00803462 
0.00842924 0.00815471 0.00813638 0.00801439 0.00809571 0.00807526 0.0083934 0.00831375 0.00807769 0.00808981 0.0081871 0.00827067 0.00810888 0.00838574 0.00868352 0.00841538 0.00844068 0.00847377 0.00867628 0.0113302 0.0090075 0.00945393 0.00889132 0.0089923 0.0119172 0.0119985 0.013146 0.0231269 0.00837277 0.0154968 0.0268263 0.028688 0.00487858 0.00435763 0.00370541 0.00357156 0.00361826 0 0.0168638 0.0140666 0.0316453 0.061758 0.0133905 0.00973557 0.0103174 0.00941276 0.00889668 0.0120285 0.0141306 0.00858705 0.00835267 0.00838974 0.0100523 0.00879164 0.00860029 0.00892316 0.00983631 0.00885135 0.00858962 0.00814228 0.00818632 0.00841344 0.00816815 0.0083562 0.00822621 0.00819803 0.00825489 0.00813186 0.00804009 0.00803823 0.00819495 0.00797231 0.00887451 0.0082811 0.00807277 0.00798693 0.00842796 0.00808468 0.00800818 0.00799753 
0.00847305 0.00832969 0.00835961 0.00838724 0.00896621 0.00840603 0.00830436 0.00827154 0.00824916 0.00829882 0.00868152 0.00805098 0.0081447 0.00841851 0.00852911 0.00854213 0.00842769 0.0083458 0.00855609 0.0084683 0.00834673 0.00867463 0.00862891 0.00881125 0.00969145 0.00884357 0.0092598 0.0145282 0.0220668 0.0158829 0.0230333 0.0120236 0.0180562 0.0142581 0.0560173 0.0172029 0.0147376 0.0168638 0 0.00381198 0.00361432 0.00444451 0.00598259 0.00586563 0.0169717 0.0159177 0.0325875 0.0333996 0.0142614 0.00983452 0.00951041 0.0135814 0.0151534 0.0143705 0.0112274 0.0135666 0.0151383 0.0120139 0.0107465 0.00984626 0.0159282 0.00845619 0.010532 0.0084664 0.00815305 0.00869314 0.00859378 0.00875418 0.00851979 0.0101013 0.00820233 0.00845733 0.00909362 0.00881423 0.00840157 0.00850733 0.00819315 0.00804872 0.00810533 0.00875544 
0.00835737 0.00860029 0.00855898 0.00862587 0.00846375 0.00815662 0.0082285 0.00839528 0.00845156 0.00836614 0.00837094 0.00802446 0.0083088 0.00855122 0.00882575 0.00894362 0.00875253 0.00832017 0.00802067 0.00857479 0.0093653 0.0100861 0.0107545 0.00929205 0.00849761 0.00817701 0.00807369 0.0100633 0.0170177 0.0418872 0.0172001 0.0389452 0.01514 0.0114539 0.0102944 0.0511793 0.0393985 0.0140666 0.00381198 0 0.00361346 0.00356905 0.00529939 0.0355129 0.0107181 0.0201526 0.0266009 0.007015 0.0114695 0.0244064 0.0133279 0.0101341 0.00940716 0.00893059 0.00856856 0.00899797 0.0126613 0.0379859 0.0171767 0.0189633 0.00926434 0.00857741 0.0085321 0.00843029 0.00935845 0.0100936 0.00966384 0.0099451 0.00968731 0.00861755 0.00829018 0.00804822 0.00843134 0.0102232 0.0088717 0.00807681 0.00807523 0.00831364 0.00856279 0.0081421 
0.00836273 0.00856207 0.00855553 0.00860513 0.00848354 0.00811002 0.00811289 0.00828927 0.00830153 0.00833703 0.00829872 0.00800177 0.00822611 0.00836107 0.00857444 0.00868042 0.00885654 0.00841161 0.00797476 0.0083477 0.00876573 0.0105278 0.00874683 0.00944858 0.00920171 0.00816553 0.00816337 0.00914576 0.0225523 0.0123389 0.0305342 0.0129527 0.0741061 0.00964061 0.0119144 0.0130882 0.086595 0.0316453 0.00361432 0.00361346 0 0.00376783 0.00798678 0.0171151 0.0159982 0.0156463 0.00739978 0.00631132 0.011222 0.0191644 0.0226988 0.00890411 0.00992084 0.00948457 0.00887597 0.00921249 0.0132919 0.0145366 0.0272882 0.0151955 0.0127155 0.00871836 0.00878899 0.00844874 0.0085555 0.0108078 0.00949844 0.00979588 0.00999324 0.0088822 0.00817856 0.00825342 0.00834747 0.0091304 0.00915644 0.00811123 0.00804015 0.0083962 0.00856879 0.00874809 
0.00869292 0.00844366 0.00833552 0.0083886 0.00871025 0.00833475 0.00823572 0.00817615 0.00811796 0.00809381 0.00826426 0.00807473 0.00802972 0.00818334 0.00816277 0.00820519 0.00812798 0.00824094 0.00818695 0.00822404 0.00846275 0.00831228 0.00830702 0.00906348 0.00884086 0.00893499 0.0084267 0.0132962 0.00885815 0.0106188 0.00970357 0.0102148 0.0102099 0.0265222 0.0138808 0.00926463 0.0098296 0.061758 0.00444451 0.00356905 0.00376783 0 0.0293025 0.0190113 0.00516858 0.00426788 0.00475723 0.00566339 0.0227465 0.00933528 0.00904396 0.0125838 0.0189522 0.0121613 0.0111565 0.0134806 0.0133723 0.0109119 0.00953558 0.0104824 0.0154384 0.00928065 0.00865499 0.00841322 0.00832682 0.00851142 0.00862285 0.00855484 0.00875737 0.00867221 0.00813762 0.00811393 0.00859022 0.00843225 0.00839895 0.00823567 0.00835095 0.00799201 0.0081361 0.00815693 
0.00839188 0.00832145 0.00833091 0.00830939 0.0086258 0.0083566 0.00835452 0.00828775 0.00820347 0.00827837 0.0083601 0.0079966 0.00812458 0.0082562 0.00827512 0.008328 0.00821179 0.00815745 0.00838412 0.00874522 0.0082404 0.00848581 0.00822848 0.00826236 0.00934689 0.00839424 0.00881245 0.00951763 0.0107654 0.00964443 0.0110839 0.00963522 0.0112242 0.012971 0.0105002 0.00909013 0.00891993 0.0133905 0.00598259 0.00529939 0.00798678 0.0293025 0 0.00358549 0.00357537 0.00358872 0.00372706 0.0042136 0.0157782 0.0113044 0.00996442 0.0144361 0.0148497 0.0133235 0.0107488 0.0114236 0.0197749 0.0115239 0.0110474 0.00973491 0.0190322 0.00861878 0.00964184 0.00897715 0.00819853 0.00848972 0.00860395 0.00837423 0.00880543 0.00918011 0.0083932 0.00814778 0.00863806 0.00861237 0.00836955 0.00829698 0.00824256 0.00805274 0.00810978 0.00880498 
