1EX6A
SRPIVISGPSGTGKSTLLKKLFAEYPDSFGFSVSSTTRTPRAGEVNGKDYNFVSVDEFKSMIKNNEFIEWAQFSGNYYGSTVASVKQVSKSGKTCILDIDMQGVKSVKAIPELNARFLFIAPPSVEDLKKRLEGRGTETEESINKRLSAAQAELAYAETGAHDKVIVNDDLDKAYKELKDFIFAEK
CCCEEEECCCCCCHHHHHHHHHHHCCCCEECCCCEECCCCCCCCCECCCEEECCHHHHHHHHHCCCEEEEEEECCEEEEEEHHHHHHHHHCCCEEEEECCHHHHHHHHCCCCCCCEEEEEECCCHHHHHHHHHHHCCCCCHHHHHHHHHHHHHHHHHCCCCCCEEEECCCHHHHHHHHHHHHCCCC
0 0 0 0 0 0 0 0 0 0 0 0 0 0 0 0 0 0 0 0 0 0 0 0 0 0 0 0 0 0 0 0 0 0 0 0 0 0 0 0 0 0 0 0 0 0 0 0 0 0 0 0 0 0 0 0 0 0 0 0 0 0 0 0 0 0 0 0 0 0 0 0 0 0 0 0 0 0 0 0 0 0 0 0 0 0 0 0 0 0 0 0 0 0 0 0 0 0 0 0 0 0 0 0 0 0 0 0 0 0 0 0 0 0 0 0 0 0 0 0 0 0 0 0 0 0 0 0 0 0 0 0 0 0 0 0 0 0 0 0 0 0 0 0 0 0 0 0 0 0 0 0 0 0 0 0 0 0 0 0 0 0 0 0 0 0 0 0 0 0 0 0 0 0 0 0 0 0 0 0 0 0 0 0 0 0 
0 0 0 0 0 0 0 0 0 0 0 0 0 0 0 0 0 0 0 0 0 0 0 0 0 0 0 0 0 0 0 0 0 0 0 0 0 0 0 0 0 0 0 0 0 0 0 0 0 0 0 0 0 0 0 0 0 0 0 0 0 0 0 0 0 0 0 0 0 0 0 0 0 0 0 0 0 0 0 0 0 0 0 0 0 0 0 0 0 0 0 0 0 0 0 0 0 0 0 0 0 0 0 0 0 0 0 0 0 0 0 0 0 0 0 0 0 0 0 0 0 0 0 0 0 0 0 0 0 0 0 0 0 0 0 0 0 0 0 0 0 0 0 0 0 0 0 0 0 0 0 0 0 0 0 0 0 0 0 0 0 0 0 0 0 0 0 0 0 0 0 0 0 0 0 0 0 0 0 0 0 0 0 0 0 0 
0 0.00375353 0.00370918 0.00422044 0.128528 0.0271269 0.0226512 0.0199065 0.0154474 0.0239917 0.0153694 0.0357113 0.029733 0.0133721 0.0104982 0.0164634 0.0104019 0.00996842 0.0153407 0.0110584 0.0114525 0.0109407 0.0135025 0.0115782 0.0206674 0.0193643 0.0276485 0.0152249 0.0147041 0.0145189 0.0151989 0.0153425 0.0196221 0.0167919 0.0147284 0.0131143 0.00916384 0.00885457 0.00909334 0.00987252 
0.00375353 0 0.00391688 0.00362523 0.0704399 0.0437833 0.0183771 0.0163169 0.0090326 0.0133334 0.0348449 0.0114975 0.0130154 0.0225552 0.0240399 0.0130819 0.0140182 0.0137383 0.00907826 0.00973748 0.0121272 0.0225825 0.0207275 0.0206524 0.010451 0.0110434 0.0412457 0.0492541 0.0218784 0.0117466 0.0109179 0.026299 0.0316012 0.0369294 0.018935 0.00996698 0.00860115 0.0093507 0.0093957 0.00881385 
0.00370918 0.00391688 0 0.00360293 0.0405468 0.0335245 0.0288856 0.0285615 0.0091412 0.0114871 0.018676 0.0165492 0.0105027 0.0245325 0.0130093 0.0179384 0.0126784 0.014286 0.00933408 0.00861983 0.0154585 0.0150316 0.0332512 0.0202788 0.010237 0.00938008 0.0167646 0.0276314 0.0427333 0.0102124 0.0107021 0.0163052 0.0286005 0.0264734 0.0255485 0.00931598 0.00834526 0.00880065 0.0089075 0.00860736 
0.00422044 0.00362523 0.00360293 0 0.0213053 0.0733553 0.0244911 0.0458293 0.0149535 0.0142348 0.0113919 0.0284552 0.0226873 0.0099485 0.0108055 0.0111115 0.00974736 0.00974458 0.0115192 0.0136158 0.00912678 0.0121833 0.0117128 0.0131114 0.0130201 0.012988 0.00979631 0.0117956 0.0116326 0.0240222 0.013445 0.0100666 0.0108001 0.0115347 0.011361 0.0106959 0.0086417 0.00852639 0.00829048 0.00934842 
0.128528 0.0704399 0.0405468 0.0213053 0 0.00561539 0.00892498 0.0449908 0.0301205 0.0116287 0.0156102 0.0271503 0.0116999 0.0104572 0.00885982 0.00885459 0.00904008 0.0088294 0.0123654 0.00880878 0.0094489 0.00890864 0.00895166 0.00940902 0.0152584 0.00941923 0.00962844 0.00897362 0.00963123 0.0107577 0.0091577 0.009215 0.00876094 0.00856331 0.0100249 0.01017 0.00822727 0.0082526 0.00816291 0.00868942 
0.0271269 0.0437833 0.0335245 0.0733553 0.00561539 0 0.0463966 0.00538447 0.0138412 0.0150164 0.0160715 0.0231531 0.0129398 0.00995108 0.00879833 0.00868456 0.00865797 0.00907825 0.00954862 0.0100188 0.00876195 0.00905103 0.00878407 0.0104247 0.0105322 0.0101324 0.0093888 0.00922355 0.0100994 0.0111521 0.00967684 0.00895744 0.00871959 0.00912498 0.0092116 0.00927236 0.00818709 0.00823087 0.00827174 0.00837047 
0.0226512 0.0183771 0.0288856 0.0244911 0.00892498 0.0463966 0 0.00402544 0.0274477 0.0112295 0.0758449 0.0515011 0.0126002 0.0100175 0.0089797 0.00898673 0.00886649 0.00954843 0.013526 0.00923499 0.00940307 0.0087157 0.00918438 0.010351 0.0186573 0.00983834 0.0101097 0.0092835 0.0108798 0.0115341 0.0092898 0.00938274 0.0088283 0.00882239 0.00996949 0.0112363 0.00823357 0.00821616 0.00818179 0.00888476 
0.0199065 0.0163169 0.0285615 0.0458293 0.0449908 0.00538447 0.00402544 0 0.0301959 0.0125601 0.0271747 0.0462276 0.0140908 0.0110128 0.0090958 0.00891813 0.00903832 0.00931572 0.0115798 0.0114868 0.00901909 0.00920906 0.00940291 0.0111087 0.0139917 0.01161 0.00975679 0.0093059 0.010764 0.0128423 0.010923 0.00940138 0.00916809 0.00941283 0.0100624 0.0106595 0.00839214 0.0082524 0.00828139 0.00920033 
0.0154474 0.0090326 0.0091412 0.0149535 0.0301205 0.0138412 0.0274477 0.0301959 0 0.604789 0.00961416 0.0075506 0.0141343 0.00833787 0.00910208 0.00792711 0.0082407 0.00851749 0.0124734 0.0134138 0.00845211 0.00861581 0.00818803 0.00918365 0.016831 0.0124902 0.00859975 0.00873627 0.00835635 0.0134565 0.0109086 0.00835475 0.00821982 0.00830108 0.00848474 0.0100635 0.00901551 0.00827241 0.00805438 0.0092726 
0.0239917 0.0133334 0.0114871 0.0142348 0.0116287 0.0150164 0.0112295 0.0125601 0.604789 0 0.00579718 0.0044738 0.0155465 0.0144262 0.0196123 0.0113495 0.00938515 0.0085687 0.0163457 0.00871163 0.00929228 0.0086338 0.00938895 0.00956752 0.0161989 0.0115873 0.011406 0.0100019 0.0116351 0.0117984 0.0100777 0.00960881 0.0117022 0.00924142 0.0103486 0.0113682 0.00865413 0.00827276 0.0083744 0.00889428 
0.0153694 0.0348449 0.018676 0.0113919 0.0156102 0.0160715 0.0758449 0.0271747 0.00961416 0.00579718 0 0.00360166 0.0115381 0.0178406 0.0169971 0.00797492 0.00909659 0.0147782 0.00856528 0.00931339 0.0100787 0.0091923 0.00887791 0.0128016 0.00967781 0.00958269 0.0160565 0.0112626 0.0122066 0.01088 0.00904596 0.0136196 0.00957672 0.0119331 0.0120523 0.00847103 0.0082208 0.00853923 0.00845707 0.00825537 
0.0357113 0.0114975 0.0165492 0.0284552 0.0271503 0.0231531 0.0515011 0.0462276 0.0075506 0.0044738 0.00360166 0 0.0437936 0.0213104 0.00810894 0.00912275 0.00947603 0.0089821 0.0138782 0.010142 0.0103737 0.00933967 0.0113514 0.0121245 0.0102198 0.0174948 0.0113312 0.00993126 0.0126994 0.0124838 0.017349 0.00958457 0.0100887 0.010299 0.0110476 0.00972466 0.00912554 0.00824166 0.00841114 0.00832113 
0.029733 0.0130154 0.0105027 0.0226873 0.0116999 0.0129398 0.0126002 0.0140908 0.0141343 0.0155465 0.0115381 0.0437936 0 0.00380107 0.00352148 0.00355641 0.00380593 0.00398881 0.00615821 0.00540919 0.00557012 0.00742236 0.00650211 0.00843416 0.488812 0.051574 0.0109017 0.0116421 0.0106227 0.0287129 0.0161826 0.011628 0.010456 0.01113 0.0126277 0.0202652 0.00904169 0.00859617 0.00854287 0.0129984 
0.0133721 0.0225552 0.0245325 0.0099485 0.0104572 0.00995108 0.0100175 0.0110128 0.00833787 0.0144262 0.0178406 0.0213104 0.00380107 0 0.00353195 0.00354299 0.00355498 0.00396042 0.00384511 0.00386581 0.00813704 0.00536593 0.0074251 0.0644883 0.290825 0.00889083 0.0290543 0.0100788 0.0308875 0.00924629 0.00979738 0.0183267 0.0211005 0.0179429 0.0202642 0.0109534 0.00872237 0.00856926 0.0114667 0.00851687 
0.0104982 0.0240399 0.0130093 0.0108055 0.00885982 0.00879833 0.0089797 0.0090958 0.00910208 0.0196123 0.0169971 0.00810894 0.00352148 0.00353195 0 0.00345094 0.00354534 0.00356324 0.00441009 0.004566 0.00450599 0.0116309 0.0127334 0.823159 0.00603936 0.00965848 0.010598 0.0377556 0.00879145 0.0157695 0.00987101 0.0144718 0.0228535 0.0424205 0.0135189 0.00961907 0.0082273 0.00954557 0.00868062 0.00881382 
0.0164634 0.0130819 0.0179384 0.0111115 0.00885459 0.00868456 0.00898673 0.00891813 0.00792711 0.0113495 0.00797492 0.00912275 0.00355641 0.00354299 0.00345094 0 0.00352411 0.00354441 0.00358148 0.00363865 0.00833187 0.00825699 0.951061 0.0082354 0.00521956 0.00856603 0.0152628 0.0110686 0.0179676 0.00862499 0.00984676 0.0166605 0.0421135 0.0225115 0.0141707 0.00925795 0.00856196 0.00842632 0.0103763 0.0082966 
0.0104019 0.0140182 0.0126784 0.00974736 0.00904008 0.00865797 0.00886649 0.00903832 0.0082407 0.00938515 0.00909659 0.00947603 0.00380593 0.00355498 0.00354534 0.00352411 0 0.0035186 0.00356865 0.00559635 0.00634238 0.939797 0.00873094 0.00533108 0.00421754 0.00937242 0.0100109 0.015703 0.00911165 0.00999703 0.00939625 0.0130789 0.0218245 0.0197748 0.0108155 0.00947442 0.00822863 0.00879957 0.00846721 0.00846133 
0.00996842 0.0137383 0.014286 0.00974458 0.0088294 0.00907825 0.00954843 0.00931572 0.00851749 0.0085687 0.0147782 0.0089821 0.00398881 0.00396042 0.00356324 0.00354441 0.0035186 0 0.00386953 0.00440502 0.98269 0.00571887 0.00585709 0.0051166 0.00391941 0.00898744 0.0139676 0.0105107 0.0134834 0.0102282 0.00989872 0.014605 0.0125313 0.0125927 0.0146728 0.00886398 0.00847485 0.00856328 0.00905955 0.00816469 
0.0153407 0.00907826 0.00933408 0.0115192 0.0123654 0.00954862 0.013526 0.0115798 0.0124734 0.0163457 0.00856528 0.0138782 0.00615821 0.00384511 0.00441009 0.00358148 0.00356865 0.00386953 0 0.987595 0.0064846 0.00439075 0.00383852 0.00401146 0.00420589 0.0134427 0.0100609 0.00935515 0.0101216 0.0133499 0.0159653 0.0100469 0.00961332 0.00951929 0.00997008 0.0095324 0.00918659 0.00836436 0.00831938 0.00864026 
0.0110584 0.00973748 0.00861983 0.0136158 0.00880878 0.0100188 0.00923499 0.0114868 0.0134138 0.00871163 0.00931339 0.010142 0.00540919 0.00386581 0.004566 0.00363865 0.00559635 0.00440502 0.987595 0 0.0044206 0.00359465 0.00357377 0.0037961 0.00487284 0.0116553 0.0102096 0.00952363 0.00864681 0.0331062 0.0117756 0.0100796 0.00914481 0.00975192 0.00995988 0.0147682 0.00833046 0.00841326 0.00814355 0.0128061 
0.0114525 0.0121272 0.0154585 0.00912678 0.0094489 0.00876195 0.00940307 0.00901909 0.00845211 0.00929228 0.0100787 0.0103737 0.00557012 0.00813704 0.00450599 0.00833187 0.00634238 0.98269 0.0064846 0.0044206 0 0.00365232 0.00354157 0.00369673 0.00365266 0.0103363 0.0236598 0.0100253 0.0364254 0.0102914 0.0102213 0.0157359 0.0156158 0.0123539 0.0170978 0.0108082 0.00839827 0.00845413 0.00962202 0.00863227 
0.0109407 0.0225825 0.0150316 0.0121833 0.00890864 0.00905103 0.0087157 0.00920906 0.00861581 0.0086338 0.0091923 0.00933967 0.00742236 0.00536593 0.0116309 0.00825699 0.939797 0.00571887 0.00439075 0.00359465 0.00365232 0 0.00354585 0.0035222 0.0035641 0.00893633 0.0118157 0.0342173 0.0119567 0.0194687 0.0102086 0.0146467 0.0268968 0.0368475 0.0165992 0.0112764 0.00838414 0.00946911 0.00924115 0.00923325 
0.0135025 0.0207275 0.0332512 0.0117128 0.00895166 0.00878407 0.00918438 0.00940291 0.00818803 0.00938895 0.00887791 0.0113514 0.00650211 0.0074251 0.0127334 0.951061 0.00873094 0.00585709 0.00383852 0.00357377 0.00354157 0.00354585 0 0.00355114 0.00355352 0.00829081 0.0362471 0.0383323 0.0335755 0.0107663 0.0110448 0.0198387 0.0505763 0.0383724 0.0246071 0.0105337 0.00871034 0.00920507 0.0109495 0.00882841 
0.0115782 0.0206524 0.0202788 0.0131114 0.00940902 0.0104247 0.010351 0.0111087 0.00918365 0.00956752 0.0128016 0.0121245 0.00843416 0.0644883 0.823159 0.0082354 0.00533108 0.0051166 0.00401146 0.0037961 0.00369673 0.0035222 0.00355114 0 0.00353523 0.027693 0.0243923 0.0252513 0.0229615 0.0163971 0.0119 0.0243777 0.0190096 0.0224072 0.0248094 0.0116276 0.00874346 0.00953324 0.0106664 0.00875744 
0.0206674 0.010451 0.010237 0.0130201 0.0152584 0.0105322 0.0186573 0.0139917 0.016831 0.0161989 0.00967781 0.0102198 0.488812 0.290825 0.00603936 0.00521956 0.00421754 0.00391941 0.00420589 0.00487284 0.00365266 0.0035641 0.00355352 0.00353523 0 0.023126 0.0127149 0.00845638 0.0125468 0.0204706 0.0278658 0.0117473 0.0112266 0.0104675 0.0141896 0.0120554 0.0121137 0.00907017 0.00882296 0.00899142 
0.0193643 0.0110434 0.00938008 0.012988 0.00941923 0.0101324 0.00983834 0.01161 0.0124902 0.0115873 0.00958269 0.0174948 0.051574 0.00889083 0.00965848 0.00856603 0.00937242 0.00898744 0.0134427 0.0116553 0.0103363 0.00893633 0.00829081 0.027693 0.023126 0 0.00421876 0.00358484 0.00367917 0.00424688 0.144703 0.0236177 0.0132201 0.0135482 0.014366 0.0240481 0.0140458 0.00972868 0.00906542 0.0140734 
0.0276485 0.0412457 0.0167646 0.00979631 0.00962844 0.0093888 0.0101097 0.00975679 0.00859975 0.011406 0.0160565 0.0113312 0.0109017 0.0290543 0.010598 0.0152628 0.0100109 0.0139676 0.0100609 0.0102096 0.0236598 0.0118157 0.0362471 0.0243923 0.0127149 0.00421876 0 0.00355924 0.00358909 0.00358111 0.0578978 0.164541 0.0544802 0.0384143 0.0286154 0.0129682 0.0137394 0.0193225 0.0164005 0.00961231 
0.0152249 0.0492541 0.0276314 0.0117956 0.00897362 0.00922355 0.0092835 0.0093059 0.00873627 0.0100019 0.0112626 0.00993126 0.0116421 0.0100788 0.0377556 0.0110686 0.015703 0.0105107 0.00935515 0.00952363 0.0100253 0.0342173 0.0383323 0.0252513 0.00845638 0.00358484 0.00355924 0 0.00356835 0.00356383 0.0218192 0.0604068 0.145451 0.138654 0.0342861 0.0120693 0.0100458 0.0203865 0.0164185 0.00967317 
0.0147041 0.0218784 0.0427333 0.0116326 0.00963123 0.0100994 0.0108798 0.010764 0.00835635 0.0116351 0.0122066 0.0126994 0.0106227 0.0308875 0.00879145 0.0179676 0.00911165 0.0134834 0.0101216 0.00864681 0.0364254 0.0119567 0.0335755 0.0229615 0.0125468 0.00367917 0.00358909 0.00356835 0 0.00353676 0.0170623 0.058763 0.0745203 0.0711835 0.124491 0.0166168 0.0109613 0.011799 0.0233432 0.00976914 
0.0145189 0.0117466 0.0102124 0.0240222 0.0107577 0.0111521 0.0115341 0.0128423 0.0134565 0.0117984 0.01088 0.0124838 0.0287129 0.00924629 0.0157695 0.00862499 0.00999703 0.0102282 0.0133499 0.0331062 0.0102914 0.0194687 0.0107663 0.0163971 0.0204706 0.00424688 0.00358111 0.00356383 0.00353676 0 0.024714 0.0201476 0.022986 0.0303396 0.0807194 0.0821691 0.0117463 0.0112057 0.00970703 0.0149293 
0.0151989 0.0109179 0.0107021 0.013445 0.0091577 0.00967684 0.0092898 0.010923 0.0109086 0.0100777 0.00904596 0.017349 0.0161826 0.00979738 0.00987101 0.00984676 0.00939625 0.00989872 0.0159653 0.0117756 0.0102213 0.0102086 0.0110448 0.0119 0.0278658 0.144703 0.0578978 0.0218192 0.0170623 0.024714 0 0.0036788 0.00359685 0.00365841 0.00366005 0.00525282 0.0566704 0.0153088 0.0113248 0.0290437 
0.0153425 0.026299 0.0163052 0.0100666 0.009215 0.00895744 0.00938274 0.00940138 0.00835475 0.00960881 0.0136196 0.00958457 0.011628 0.0183267 0.0144718 0.0166605 0.0130789 0.014605 0.0100469 0.0100796 0.0157359 0.0146467 0.0198387 0.0243777 0.0117473 0.0236177 0.164541 0.0604068 0.058763 0.0201476 0.0036788 0 0.00358643 0.00355731 0.00367666 0.00361159 0.0570518 0.0803099 0.0380055 0.0120052 
0.0196221 0.0316012 0.0286005 0.0108001 0.00876094 0.00871959 0.0088283 0.00916809 0.00821982 0.0117022 0.00957672 0.0100887 0.010456 0.0211005 0.0228535 0.0421135 0.0218245 0.0125313 0.00961332 0.00914481 0.0156158 0.0268968 0.0505763 0.0190096 0.0112266 0.0132201 0.0544802 0.145451 0.0745203 0.022986 0.00359685 0.00358643 0 0.00357234 0.00358909 0.00357622 0.181284 0.0688566 0.0576186 0.0134663 
0.0167919 0.0369294 0.0264734 0.0115347 0.00856331 0.00912498 0.00882239 0.00941283 0.00830108 0.00924142 0.0119331 0.010299 0.01113 0.0179429 0.0424205 0.0225115 0.0197748 0.0125927 0.00951929 0.00975192 0.0123539 0.0368475 0.0383724 0.0224072 0.0104675 0.0135482 0.0384143 0.138654 0.0711835 0.0303396 0.00365841 0.00355731 0.00357234 0 0.00359404 0.00356441 0.0293313 0.287317 0.0339175 0.0173854 
0.0147284 0.018935 0.0255485 0.011361 0.0100249 0.0092116 0.00996949 0.0100624 0.00848474 0.0103486 0.0120523 0.0110476 0.0126277 0.0202642 0.0135189 0.0141707 0.0108155 0.0146728 0.00997008 0.00995988 0.0170978 0.0165992 0.0246071 0.0248094 0.0141896 0.014366 0.0286154 0.0342861 0.124491 0.0807194 0.00366005 0.00367666 0.00358909 0.00359404 0 0.00354279 0.0213519 0.0208887 0.488488 0.021578 
0.0131143 0.00996698 0.00931598 0.0106959 0.01017 0.00927236 0.0112363 0.0106595 0.0100635 0.0113682 0.00847103 0.00972466 0.0202652 0.0109534 0.00961907 0.00925795 0.00947442 0.00886398 0.0095324 0.0147682 0.0108082 0.0112764 0.0105337 0.0116276 0.0120554 0.0240481 0.0129682 0.0120693 0.0166168 0.0821691 0.00525282 0.00361159 0.00357622 0.00356441 0.00354279 0 0.011302 0.0125225 0.0200202 0.324638 
0.00916384 0.00860115 0.00834526 0.0086417 0.00822727 0.00818709 0.00823357 0.00839214 0.00901551 0.00865413 0.0082208 0.00912554 0.00904169 0.00872237 0.0082273 0.00856196 0.00822863 0.00847485 0.00918659 0.00833046 0.00839827 0.00838414 0.00871034 0.00874346 0.0121137 0.0140458 0.0137394 0.0100458 0.0109613 0.0117463 0.0566704 0.0570518 0.181284 0.0293313 0.0213519 0.011302 0 0.00424052 0.00376414 0.00668423 
0.00885457 0.0093507 0.00880065 0.00852639 0.0082526 0.00823087 0.00821616 0.0082524 0.00827241 0.00827276 0.00853923 0.00824166 0.00859617 0.00856926 0.00954557 0.00842632 0.00879957 0.00856328 0.00836436 0.00841326 0.00845413 0.00946911 0.00920507 0.00953324 0.00907017 0.00972868 0.0193225 0.0203865 0.011799 0.0112057 0.0153088 0.0803099 0.0688566 0.287317 0.0208887 0.0125225 0.00424052 0 0.00432931 0.00518597 
0.00909334 0.0093957 0.0089075 0.00829048 0.00816291 0.00827174 0.00818179 0.00828139 0.00805438 0.0083744 0.00845707 0.00841114 0.00854287 0.0114667 0.00868062 0.0103763 0.00846721 0.00905955 0.00831938 0.00814355 0.00962202 0.00924115 0.0109495 0.0106664 0.00882296 0.00906542 0.0164005 0.0164185 0.0233432 0.00970703 0.0113248 0.0380055 0.0576186 0.0339175 0.488488 0.0200202 0.00376414 0.00432931 0 0.00359155 
0.00987252 0.00881385 0.00860736 0.00934842 0.00868942 0.00837047 0.00888476 0.00920033 0.0092726 0.00889428 0.00825537 0.00832113 0.0129984 0.00851687 0.00881382 0.0082966 0.00846133 0.00816469 0.00864026 0.0128061 0.00863227 0.00923325 0.00882841 0.00875744 0.00899142 0.0140734 0.00961231 0.00967317 0.00976914 0.0149293 0.0290437 0.0120052 0.0134663 0.0173854 0.021578 0.324638 0.00668423 0.00518597 0.00359155 0 
