1F0KB
KRLMVMAGGTGGHVFPGLAVAHHLMAQGWQVRWLGTADRMEADLVPKHGIEIDFIRISGLRGKGIKALIAAPLRIFNAWRQARAIMKAYKPDVVLGMGGYVSGPGGLAAWSLGIPVVLHEQNGIAGLTNKWLAKIATKVMQAFPGAFPNAEVVGNPVRTDVLALPLPQQRLAGREGPVRVLVVGGSQGARILNQTMPQVAAKLGDSVTIWHQSGKGSQQSVEQAYAEAGQPQHKVTEFIDDMAAAYAWADVVVCRSGALTVSEIAAAGLPALFVPFQHKDRQQYWNALPLEKAGAAKIIEQPQLSVDAVANTLAGWSRETLLTMAERARAASIPDATERVANEVSRVARAL
CEEEEECCCHHHCHHHHHHHHHHHHCCCCEEEEEECCCCCHHHHHHHCCCEEEECCCCCCCCCCHHHHHCCHHHHHHHHHHHHHHHHHHCCCEEEECCCCCHHHHHHHHHHCCCCEEEEECCCCCCHHHHHHHHHCCEEEECCCCCCCCCEECCCCCCHHHHCCCCHHHHHCCCCCCEEEEEECCCCCCHHHHHHHHHHHHHHHHHEEEEEECCCCCHHHHHHHHHHCCCCCCEEECCCCCHHHHHHHCCEEEECCCHHHHHHHHHHCCCEEECCCCCCCCHHHHHHHHHHHCCCEEECCHHHCCHHHHHHHHHCCCHHHHHHHHHHHHHHCCCCHHHHHHHHHHHHHCCC
0 0 0 0 0 0 0 0 0 0 0 0 0 0 0 0 0 0 0 0 0 0 0 0 0 0 0 0 0 0 0 0 0 0 0 0 0 0 0 0 0 0 0 0 0 0 0 0 0 0 0 0 0 0 0 0 0 0 0 0 0 0 0 0 0 0 0 0 0 0 0 0 0 0 0 0 0 0 0 0 0 0 0 0 0 0 0 0 0 0 0 0 0 0 0 0 0 0 0 0 0 0 0 0 0 0 0 0 0 0 0 0 0 0 0 0 0 0 0 0 0 0 0 0 0 0 0 0 0 0 0 0 0 0 0 0 0 0 0 0 0 0 0 0 0 0 0 0 0 0 0 0 0 0 0 0 0 0 0 0 0 0 0 0 0 0 0 0 0 0 0 0 0 0 0 0 0 0 0 0 0 0 0 0 0 0 0 0 0 0 0 0 0 0 0 0 0 0 0 0 0 0 0 0 0 0 0 0 0 0 0 0 0 0 0 0 0 0 0 0 0 0 0 0 0 0 0 0 0 0 0 0 0 0 0 0 0 0 0 0 0 0 0 0 0 0 0 0 0 0 0 0 0 0 0 0 0 0 0 0 0 0 0 0 0 0 0 0 0 0 0 0 0 0 0 0 0 0 0 0 0 0 0 0 0 0 0 0 0 0 0 0 0 0 0 0 0 0 0 0 0 0 0 0 0 0 0 0 0 0 0 0 0 0 0 0 0 0 0 0 0 0 0 0 0 0 0 0 0 0 0 0 0 0 0 0 0 0 0 0 0 0 0 0 0 0 0 0 0 0 0 
0 0 0 0 0 0 0 0 0 0 0 0 0 0 0 0 0 0 0 0 0 0 0 0 0 0 0 0 0 0 0 0 0 0 0 0 0 0 0 0 0 0 0 0 0 0 0 0 0 0 0 0 0 0 0 0 0 0 0 0 0 0 0 0 0 0 0 0 0 0 0 0 0 0 0 0 0 0 0 0 0 0 0 0 0 0 0 0 0 0 0 0 0 0 0 0 0 0 0 0 0 0 0 0 0 0 0 0 0 0 0 0 0 0 0 0 0 0 0 0 0 0 0 0 0 0 0 0 0 0 0 0 0 0 0 0 0 0 0 0 0 0 0 0 0 0 0 0 0 0 0 0 0 0 0 0 0 0 0 0 0 0 0 0 0 0 0 0 0 0 0 0 0 0 0 0 0 0 0 0 0 0 0 0 0 0 0 0 0 0 0 0 0 0 0 0 0 0 0 0 0 0 0 0 0 0 0 0 0 0 0 0 0 0 0 0 0 0 0 0 0 0 0 0 0 0 0 0 0 0 0 0 0 0 0 0 0 0 0 0 0 0 0 0 0 0 0 0 0 0 0 0 0 0 0 0 0 0 0 0 0 0 0 0 0 0 0 0 0 0 0 0 0 0 0 0 0 0 0 0 0 0 0 0 0 0 0 0 0 0 0 0 0 0 0 0 0 0 0 0 0 0 0 0 0 0 0 0 0 0 0 0 0 0 0 0 0 0 0 0 0 0 0 0 0 0 0 0 0 0 0 0 0 0 0 0 0 0 0 0 0 0 0 0 0 0 0 0 0 0 0 
0 0.00424996 0.00364237 0.00369141 0.00406089 0.764031 0.0124804 0.0411581 0.0128722 0.0193886 0.0189617 0.0422477 0.0101458 0.0110248 0.0195641 0.0131453 0.0105622 0.010024 0.0110292 0.0104514 0.00963035 0.00932888 0.00859842 0.00975724 0.00874219 0.00869993 0.00871664 0.00897295 0.00828687 0.00816259 0.00830108 0.00869855 0.00854336 0.00871775 0.0088039 0.00855034 0.00821248 0.00838783 0.00831821 0.0082013 0.0082121 0.00811073 0.00831655 0.00819415 0.00836889 0.00848784 0.00845767 0.0084616 0.0085917 0.00832884 0.00854976 0.00875244 0.00840626 0.00879751 0.00877594 
0.00424996 0 0.00362806 0.00366328 0.0036436 0.0213744 0.742799 0.0221467 0.0799707 0.0179538 0.0149098 0.0109734 0.0807542 0.0160274 0.0111609 0.043247 0.0199884 0.0178482 0.00971481 0.016222 0.0133597 0.0122219 0.0100859 0.00854035 0.0087767 0.00920556 0.00937138 0.00877785 0.00813744 0.00826135 0.00855764 0.00890234 0.00946924 0.00971524 0.00907931 0.00844159 0.00995758 0.00836435 0.00856452 0.00843865 0.00827547 0.00806405 0.00824104 0.0083756 0.00833935 0.00865726 0.00866517 0.0085787 0.00847435 0.00845901 0.00874891 0.0085996 0.00849641 0.00882237 0.00874706 
0.00364237 0.00362806 0 0.00363942 0.00354491 0.0433573 0.0214161 0.606269 0.0789828 0.0476046 0.0147528 0.0146478 0.0188013 0.0257243 0.0124637 0.0114627 0.0517385 0.0174086 0.0110769 0.0114331 0.0173414 0.0206626 0.0106369 0.00888682 0.00850215 0.00988536 0.0100673 0.00874589 0.00814808 0.00809923 0.00848471 0.00927926 0.0120275 0.0104935 0.00983057 0.00865708 0.00833149 0.0085225 0.00896099 0.00872817 0.0084713 0.00809841 0.00832427 0.00832081 0.00823082 0.00855211 0.009204 0.00897703 0.00839797 0.00845725 0.00886409 0.00857459 0.00835419 0.00879429 0.00865667 
0.00369141 0.00366328 0.00363942 0 0.00368437 0.0122758 0.0412071 0.0205136 0.487785 0.146458 0.0571913 0.0113548 0.019935 0.0383135 0.0175838 0.0127787 0.0187284 0.0501131 0.0141635 0.0134505 0.0165706 0.0159868 0.0141302 0.00930887 0.00861021 0.00954466 0.0117326 0.00936975 0.00809749 0.00818502 0.0086483 0.00888059 0.0101397 0.0105615 0.0104804 0.00861898 0.00861772 0.00852031 0.00882986 0.00872228 0.00877763 0.00816574 0.0082251 0.00849294 0.00810094 0.0086269 0.00913583 0.00911407 0.00834455 0.00853519 0.00897888 0.00865046 0.00836962 0.00892102 0.00860583 
0.00406089 0.0036436 0.00354491 0.00368437 0 0.0218696 0.0116992 0.0210336 0.0240622 0.459202 0.166325 0.0161614 0.0119954 0.0144477 0.0288422 0.0157851 0.0116339 0.014414 0.0290118 0.0149722 0.0104237 0.0101009 0.00929601 0.00974218 0.00922636 0.00870583 0.00912448 0.00947235 0.00836692 0.00815723 0.00899719 0.00844025 0.00896625 0.00894671 0.00867781 0.00874819 0.00844208 0.00811704 0.00851439 0.00834603 0.00824056 0.00812166 0.00825211 0.0082161 0.0080813 0.00903909 0.00871471 0.00900451 0.00830606 0.00870149 0.00862348 0.00844873 0.00867618 0.00863981 0.00844707 
0.764031 0.0213744 0.0433573 0.0122758 0.0218696 0 0.00360156 0.00398171 0.00361154 0.00366957 0.00480634 0.15138 0.00837077 0.012434 0.042172 0.0112139 0.00975207 0.00895471 0.0135188 0.0100126 0.00916787 0.00853048 0.00861788 0.00916637 0.00882635 0.00829095 0.0084239 0.00902822 0.00902585 0.00829175 0.00817877 0.00845625 0.0083553 0.00847238 0.00828941 0.00884284 0.00797228 0.00846711 0.00806738 0.00812078 0.00807749 0.00805603 0.0083498 0.00801335 0.00828871 0.00819198 0.00819025 0.00819755 0.00832581 0.00818868 0.00820339 0.00862485 0.00828809 0.00838755 0.00851667 
0.0124804 0.742799 0.0214161 0.0412071 0.0116992 0.00360156 0 0.00355187 0.00356097 0.00367725 0.00358311 0.00850663 0.107741 0.0149863 0.010266 0.0179806 0.0123676 0.0137679 0.00884335 0.0115254 0.0111084 0.0121504 0.00909543 0.00859873 0.00838932 0.00942486 0.00904157 0.00841089 0.00802997 0.0081333 0.00821336 0.00855762 0.00962598 0.00914573 0.00889001 0.00821057 0.0101881 0.00815266 0.00845581 0.00833781 0.00826119 0.00799543 0.00807615 0.00818574 0.0081074 0.0083029 0.00851379 0.00836493 0.00812548 0.00825668 0.00843442 0.00828945 0.00842954 0.00845554 0.00846342 
0.0411581 0.0221467 0.606269 0.0205136 0.0210336 0.00398171 0.00355187 0 0.00353078 0.00356561 0.00355705 0.144445 0.00983369 0.0315741 0.0107799 0.0106512 0.0248084 0.011373 0.0100412 0.00960505 0.0180489 0.0152658 0.010416 0.00867659 0.00853941 0.00943226 0.010046 0.00858764 0.00857434 0.0080377 0.00821838 0.00956958 0.00977152 0.0119536 0.0092946 0.00833457 0.00806421 0.0087538 0.00851899 0.0085776 0.0083531 0.0079949 0.00819148 0.00814935 0.00808851 0.00832674 0.00859687 0.00856115 0.00817683 0.00823707 0.00838881 0.00840951 0.00825823 0.00836389 0.00838196 
0.0128722 0.0799707 0.0789828 0.487785 0.0240622 0.00361154 0.00356097 0.00353078 0 0.00354261 0.00355133 0.0121751 0.277883 0.0207508 0.0154685 0.0161108 0.0267236 0.0267534 0.0115628 0.0119711 0.0175669 0.0411064 0.0124749 0.009285 0.00864784 0.0111252 0.0116631 0.00918827 0.00809152 0.00816016 0.00839272 0.00981706 0.0127061 0.0121678 0.0106099 0.00852094 0.00897072 0.00856505 0.00930116 0.00901666 0.00865087 0.00840576 0.00828116 0.00830094 0.00818078 0.00846921 0.00910345 0.00869305 0.00826488 0.00834707 0.00864788 0.00851901 0.0083233 0.00854012 0.00851151 
0.0193886 0.0179538 0.0476046 0.146458 0.459202 0.00366957 0.00367725 0.00356561 0.00354261 0 0.00354744 0.016371 0.0196791 0.304907 0.0189815 0.0119403 0.025094 0.0416482 0.0157354 0.0108574 0.0176909 0.014457 0.0171197 0.00943095 0.00845217 0.00953558 0.0121234 0.00947733 0.00821969 0.00832454 0.00845096 0.00899989 0.0097961 0.0097999 0.00978521 0.00866523 0.00834263 0.00832962 0.00863623 0.00847074 0.00849849 0.00804756 0.00812069 0.0082891 0.00802976 0.00838634 0.00863411 0.00857994 0.00811228 0.00829455 0.00866432 0.00829121 0.00825973 0.00850818 0.00830796 
0.0189617 0.0149098 0.0147528 0.0571913 0.166325 0.00480634 0.00358311 0.00355705 0.00355133 0.00354744 0 0.0395324 0.0174435 0.0188907 0.362147 0.0194044 0.0117878 0.0144194 0.0276383 0.0219573 0.0107692 0.0105594 0.00978319 0.0112997 0.0110232 0.00898562 0.00934028 0.0106125 0.00868561 0.0081967 0.00951071 0.00848269 0.00882157 0.00890785 0.00873677 0.00893807 0.00918328 0.00824645 0.00840453 0.008208 0.00817905 0.00813827 0.00821782 0.00805242 0.00808403 0.00868517 0.0084149 0.00833207 0.0081074 0.00852939 0.00836484 0.00815761 0.0086049 0.00829692 0.00827235 
0.0422477 0.0109734 0.0146478 0.0113548 0.0161614 0.15138 0.00850663 0.144445 0.0121751 0.016371 0.0395324 0 0.00367161 0.0036464 0.00554802 0.0685338 0.0165293 0.0113118 0.0156461 0.0150298 0.0115226 0.00932692 0.00962307 0.0105635 0.010823 0.00886478 0.00922067 0.0109592 0.00984448 0.00885257 0.00853144 0.00890355 0.0091294 0.0104534 0.00964981 0.00997986 0.00799229 0.00902402 0.00813349 0.00832734 0.00836086 0.00823543 0.00878136 0.00806965 0.00840045 0.00845211 0.00835183 0.00831201 0.00848843 0.00835583 0.00824543 0.00885112 0.00834689 0.00838412 0.00844844 
0.0101458 0.0807542 0.0188013 0.019935 0.0119954 0.00837077 0.107741 0.00983369 0.277883 0.0196791 0.0174435 0.00367161 0 0.00363637 0.00355187 0.110604 0.0732918 0.0327334 0.0102417 0.0132686 0.0136117 0.0188228 0.0100269 0.00912789 0.00887777 0.0112214 0.0101241 0.00913589 0.00823517 0.00827354 0.0084675 0.00876444 0.0101682 0.00995836 0.00933674 0.00845051 0.0101264 0.00826705 0.00892021 0.00850105 0.00845758 0.00804043 0.00814973 0.00826226 0.0081127 0.00830862 0.00852386 0.00846017 0.00814859 0.00823338 0.00842851 0.00843291 0.00828693 0.00835615 0.00834227 
0.0110248 0.0160274 0.0257243 0.0383135 0.0144477 0.012434 0.0149863 0.0315741 0.0207508 0.304907 0.0188907 0.0036464 0.00363637 0 0.00370139 0.0135419 0.063014 0.121607 0.020141 0.0110621 0.0208346 0.0157763 0.0160319 0.00940057 0.00866668 0.0101051 0.0127624 0.010487 0.0082389 0.00832564 0.00838071 0.00902824 0.010148 0.0100364 0.0100587 0.00848581 0.00848885 0.00837559 0.00881318 0.00860266 0.00859469 0.0080797 0.00812236 0.00821302 0.00813613 0.00841259 0.00858792 0.00844304 0.00810709 0.00822992 0.00845049 0.00827309 0.00823794 0.0083184 0.00819492 
0.0195641 0.0111609 0.0124637 0.0175838 0.0288422 0.042172 0.010266 0.0107799 0.0154685 0.0189815 0.362147 0.00554802 0.00355187 0.00370139 0 0.0169923 0.0179548 0.0568732 0.209765 0.022335 0.0115333 0.0108297 0.0112473 0.0126858 0.0121822 0.00956696 0.0095909 0.0113072 0.010089 0.00829493 0.0112519 0.00918133 0.00931722 0.0095073 0.00889139 0.00924512 0.00937293 0.00906714 0.00834562 0.00840451 0.0083294 0.00820607 0.00850672 0.00803107 0.0080692 0.00886994 0.00827614 0.00829887 0.00825214 0.00838584 0.00822618 0.00815852 0.00853503 0.00821963 0.00813214 
0.0131453 0.043247 0.0114627 0.0127787 0.0157851 0.0112139 0.0179806 0.0106512 0.0161108 0.0119403 0.0194044 0.0685338 0.110604 0.0135419 0.0169923 0 0.00440116 0.00362209 0.00390854 0.232968 0.0856001 0.0176736 0.0129574 0.0240569 0.0442736 0.0218568 0.0129609 0.0219059 0.0124528 0.0160915 0.0148822 0.0123284 0.0206046 0.0135641 0.0122289 0.0170213 0.0138664 0.00834911 0.00965747 0.00897659 0.00927557 0.0097179 0.00874291 0.00845014 0.00894554 0.0101959 0.00910739 0.00872296 0.00933349 0.00890621 0.00841104 0.00927692 0.00845705 0.00819218 0.00854921 
0.0105622 0.0199884 0.0517385 0.0187284 0.0116339 0.00975207 0.0123676 0.0248084 0.0267236 0.025094 0.0117878 0.0165293 0.0732918 0.063014 0.0179548 0.00440116 0 0.00366641 0.00357414 0.379651 0.191448 0.122978 0.0327438 0.0135155 0.0163056 0.0569493 0.0329492 0.0128874 0.0106338 0.00971776 0.00969535 0.0281251 0.0254565 0.0633848 0.0217544 0.0112331 0.00892539 0.0101333 0.0102909 0.0123201 0.0106097 0.00893643 0.00874085 0.00861913 0.00835269 0.00912093 0.0101187 0.00971316 0.00872387 0.00859144 0.00911965 0.00894852 0.00823132 0.00864797 0.008315 
0.010024 0.0178482 0.0174086 0.0501131 0.014414 0.00895471 0.0137679 0.011373 0.0267534 0.0416482 0.0144194 0.0113118 0.0327334 0.121607 0.0568732 0.00362209 0.00366641 0 0.00358062 0.0241795 0.284992 0.163796 0.215477 0.0234811 0.011831 0.030615 0.104792 0.0262244 0.0101444 0.0119316 0.0103588 0.0167376 0.0318195 0.0301802 0.0705712 0.0132245 0.00981218 0.0090514 0.0136895 0.0113965 0.0128148 0.00918777 0.00858252 0.00883326 0.00839725 0.00966831 0.0105372 0.0101829 0.00870305 0.0086534 0.00946929 0.00882127 0.00828085 0.00849305 0.0082883 
0.0110292 0.00971481 0.0110769 0.0141635 0.0290118 0.0135188 0.00884335 0.0100412 0.0115628 0.0157354 0.0276383 0.0156461 0.0102417 0.020141 0.209765 0.00390854 0.00357414 0.00358062 0 0.026233 0.0288687 0.161717 0.130962 0.27728 0.0188889 0.0119986 0.0265581 0.0771567 0.012811 0.011594 0.016085 0.0113045 0.0143716 0.0201446 0.0191374 0.0294721 0.0111719 0.00886599 0.00960481 0.00954574 0.00974627 0.0117949 0.00944794 0.00832909 0.00856309 0.0100911 0.00943798 0.00924049 0.00941181 0.00903338 0.00863849 0.00915354 0.00834805 0.00822083 0.00826057 
0.0104514 0.016222 0.0114331 0.0134505 0.0149722 0.0100126 0.0115254 0.00960505 0.0119711 0.0108574 0.0219573 0.0150298 0.0132686 0.0110621 0.022335 0.232968 0.379651 0.0241795 0.026233 0 0.00374914 0.00360747 0.0036459 0.00386671 0.110038 0.0464719 0.0161239 0.0501791 0.0157661 0.0201771 0.0282301 0.0284345 0.0297009 0.0224267 0.0219084 0.0268636 0.0142955 0.00913293 0.0120917 0.0114367 0.0116329 0.014256 0.00944588 0.00897109 0.0113758 0.0121749 0.0104933 0.0098125 0.012474 0.00991328 0.00902916 0.0111233 0.00877849 0.00824675 0.00894092 
0.00963035 0.0133597 0.0173414 0.0165706 0.0104237 0.00916787 0.0111084 0.0180489 0.0175669 0.0176909 0.0107692 0.0115226 0.0136117 0.0208346 0.0115333 0.0856001 0.191448 0.284992 0.0288687 0.00374914 0 0.00356991 0.00358063 0.00356472 0.402415 0.0658257 0.0891715 0.0136337 0.0135788 0.0109329 0.0127582 0.0630187 0.0504162 0.100899 0.0467298 0.013795 0.00964623 0.0128797 0.0171394 0.0214783 0.0173506 0.00960152 0.00956623 0.00924064 0.00865129 0.0105445 0.013172 0.0120794 0.00934318 0.00942166 0.00983022 0.00900949 0.00824509 0.00859887 0.00825431 
0.00932888 0.0122219 0.0206626 0.0159868 0.0101009 0.00853048 0.0121504 0.0152658 0.0411064 0.014457 0.0105594 0.00932692 0.0188228 0.0157763 0.0108297 0.0176736 0.122978 0.163796 0.161717 0.00360747 0.00356991 0 0.00354409 0.00354699 0.0209127 0.494721 0.0326929 0.0264524 0.0091568 0.0100555 0.0112532 0.025295 0.123106 0.110616 0.0684444 0.0130954 0.0104488 0.00970977 0.0351886 0.0266739 0.0172836 0.00995112 0.00916662 0.00906103 0.00872493 0.00992922 0.0141732 0.0115309 0.00946871 0.00905482 0.00974879 0.0095337 0.00824709 0.00849097 0.00857959 
0.00859842 0.0100859 0.0106369 0.0141302 0.00929601 0.00861788 0.00909543 0.010416 0.0124749 0.0171197 0.00978319 0.00962307 0.0100269 0.0160319 0.0112473 0.0129574 0.0327438 0.215477 0.130962 0.0036459 0.00358063 0.00354409 0 0.00357718 0.0260091 0.0267617 0.526158 0.0255805 0.0112176 0.0117464 0.0106247 0.0225645 0.0238035 0.0404267 0.0735465 0.0211025 0.00908317 0.0110024 0.0113127 0.0125897 0.0167761 0.00971895 0.00858286 0.00888717 0.00861142 0.0092242 0.0103036 0.0104313 0.00892375 0.00875322 0.00916363 0.00896158 0.00813236 0.0083718 0.00817191 
0.00975724 0.00854035 0.00888682 0.00930887 0.00974218 0.00916637 0.00859873 0.00867659 0.009285 0.00943095 0.0112997 0.0105635 0.00912789 0.00940057 0.0126858 0.0240569 0.0135155 0.0234811 0.27728 0.00386671 0.00356472 0.00354699 0.00357718 0 0.013536 0.0207445 0.0406712 0.479864 0.0113027 0.0163439 0.0184376 0.0111511 0.0122928 0.0118541 0.0183852 0.0256975 0.0128813 0.00896117 0.00942861 0.00929921 0.00970793 0.0108822 0.00976244 0.0082911 0.00861862 0.0112177 0.00919334 0.00931 0.0095419 0.00993645 0.00861092 0.0087642 0.00836598 0.00804814 0.00818438 
0.00874219 0.0087767 0.00850215 0.00861021 0.00922636 0.00882635 0.00838932 0.00853941 0.00864784 0.00845217 0.0110232 0.010823 0.00887777 0.00866668 0.0121822 0.0442736 0.0163056 0.011831 0.0188889 0.110038 0.402415 0.0209127 0.0260091 0.013536 0 0.00373257 0.00359579 0.00368497 0.0271373 0.018416 0.0441753 0.020699 0.0218449 0.0165631 0.0124512 0.022219 0.0145253 0.00937321 0.0105479 0.00978724 0.00981702 0.0116261 0.00931248 0.00854161 0.0105497 0.0116121 0.00943592 0.00873785 0.0111772 0.00945052 0.00845524 0.00970237 0.00841499 0.00815167 0.00841025 
0.00869993 0.00920556 0.00988536 0.00954466 0.00870583 0.00829095 0.00942486 0.00943226 0.0111252 0.00953558 0.00898562 0.00886478 0.0112214 0.0101051 0.00956696 0.0218568 0.0569493 0.030615 0.0119986 0.0464719 0.0658257 0.494721 0.0267617 0.0207445 0.00373257 0 0.00359527 0.00355739 0.020446 0.0196725 0.0245422 0.0713902 0.0423153 0.0632517 0.0346307 0.0119424 0.0116649 0.0111648 0.0173211 0.0194582 0.0143291 0.00945134 0.00953972 0.00930611 0.00890854 0.0108545 0.0127952 0.0121877 0.00921448 0.00924134 0.00942867 0.00923344 0.00824555 0.00844464 0.00821734 
0.00871664 0.00937138 0.0100673 0.0117326 0.00912448 0.0084239 0.00904157 0.010046 0.0116631 0.0121234 0.00934028 0.00922067 0.0101241 0.0127624 0.0095909 0.0129609 0.0329492 0.104792 0.0265581 0.0161239 0.0891715 0.0326929 0.526158 0.0406712 0.00359579 0.00359527 0 0.00355983 0.065589 0.0462454 0.0146335 0.043188 0.0530824 0.0524729 0.175379 0.0217573 0.0101055 0.0128642 0.0163758 0.019141 0.0353499 0.0120962 0.0093494 0.0110469 0.00896522 0.0104238 0.0158327 0.0163771 0.00951069 0.00934777 0.0105582 0.00965559 0.00829623 0.00856589 0.00856194 
0.00897295 0.00877785 0.00874589 0.00936975 0.00947235 0.00902822 0.00841089 0.00858764 0.00918827 0.00947733 0.0106125 0.0109592 0.00913589 0.010487 0.0113072 0.0219059 0.0128874 0.0262244 0.0771567 0.0501791 0.0136337 0.0264524 0.0255805 0.479864 0.00368497 0.00355739 0.00355983 0 0.0233384 0.0322081 0.024982 0.0164303 0.0280964 0.0325755 0.0332141 0.0860009 0.0175362 0.00932311 0.0118297 0.0106456 0.0141643 0.0266973 0.0115166 0.00911157 0.00995256 0.0158145 0.0100671 0.0112612 0.0117783 0.0112777 0.00925321 0.0101661 0.00876253 0.00820213 0.00834062 
0.00828687 0.00813744 0.00814808 0.00809749 0.00836692 0.00902585 0.00802997 0.00857434 0.00809152 0.00821969 0.00868561 0.00984448 0.00823517 0.0082389 0.010089 0.0124528 0.0106338 0.0101444 0.012811 0.0157661 0.0135788 0.0091568 0.0112176 0.0113027 0.0271373 0.020446 0.065589 0.0233384 0 0.00433946 0.0191238 0.0263738 0.0127327 0.0157896 0.0266005 0.0178014 0.00945939 0.0102006 0.00856842 0.00865164 0.00931127 0.00932055 0.00929179 0.00864914 0.00926987 0.00895933 0.00883271 0.00866202 0.0093633 0.0084415 0.00841995 0.00927654 0.00814729 0.00824573 0.0084183 
0.00816259 0.00826135 0.00809923 0.00818502 0.00815723 0.00829175 0.0081333 0.0080377 0.00816016 0.00832454 0.0081967 0.00885257 0.00827354 0.00832564 0.00829493 0.0160915 0.00971776 0.0119316 0.011594 0.0201771 0.0109329 0.0100555 0.0117464 0.0163439 0.018416 0.0196725 0.0462454 0.0322081 0.00433946 0 0.0276044 0.014298 0.016568 0.0177244 0.0430027 0.0421696 0.0152514 0.00864866 0.00881076 0.00870788 0.0098597 0.00969251 0.00951482 0.00875128 0.0084726 0.0101607 0.0087574 0.0091782 0.0087114 0.00896269 0.00874399 0.00833354 0.00839677 0.00811434 0.0081213 
0.00830108 0.00855764 0.00848471 0.0086483 0.00899719 0.00817877 0.00821336 0.00821838 0.00839272 0.00845096 0.00951071 0.00853144 0.0084675 0.00838071 0.0112519 0.0148822 0.00969535 0.0103588 0.016085 0.0282301 0.0127582 0.0112532 0.0106247 0.0184376 0.0441753 0.0245422 0.0146335 0.024982 0.0191238 0.0276044 0 0.00374387 0.00366276 0.0036845 0.0037203 0.0081518 0.228221 0.0103661 0.0132191 0.0111761 0.0114705 0.0240325 0.0132294 0.0115764 0.0194044 0.0243522 0.0114766 0.0133599 0.0179412 0.0127532 0.009519 0.0161748 0.00888656 0.00839623 0.0104483 
0.00869855 0.00890234 0.00927926 0.00888059 0.00844025 0.00845625 0.00855762 0.00956958 0.00981706 0.00899989 0.00848269 0.00890355 0.00876444 0.00902824 0.00918133 0.0123284 0.0281251 0.0167376 0.0113045 0.0284345 0.0630187 0.025295 0.0225645 0.0111511 0.020699 0.0713902 0.043188 0.0164303 0.0263738 0.014298 0.00374387 0 0.00357384 0.00358934 0.00369944 0.00365691 0.0208913 0.418287 0.0152613 0.0310315 0.030471 0.0109329 0.0158885 0.017148 0.0125981 0.02194 0.0580334 0.0230804 0.0118546 0.0139407 0.0187462 0.0121268 0.00865831 0.0101241 0.00875164 
0.00854336 0.00946924 0.0120275 0.0101397 0.00896625 0.0083553 0.00962598 0.00977152 0.0127061 0.0097961 0.00882157 0.0091294 0.0101682 0.010148 0.00931722 0.0206046 0.0254565 0.0318195 0.0143716 0.0297009 0.0504162 0.123106 0.0238035 0.0122928 0.0218449 0.0423153 0.0530824 0.0280964 0.0127327 0.016568 0.00366276 0.00357384 0 0.00361378 0.00364311 0.003595 0.0647427 0.0137875 0.625733 0.0459946 0.0343824 0.0154037 0.0156753 0.0148772 0.0112587 0.0766907 0.0546885 0.0525391 0.0153565 0.0158519 0.0165783 0.0132211 0.009773 0.00983575 0.00990987 
0.00871775 0.00971524 0.0104935 0.0105615 0.00894671 0.00847238 0.00914573 0.0119536 0.0121678 0.0097999 0.00890785 0.0104534 0.00995836 0.0100364 0.0095073 0.0135641 0.0633848 0.0301802 0.0201446 0.0224267 0.100899 0.110616 0.0404267 0.0118541 0.0165631 0.0632517 0.0524729 0.0325755 0.0157896 0.0177244 0.0036845 0.00358934 0.00361378 0 0.00364622 0.0035761 0.0215094 0.0892504 0.0750641 0.651657 0.0262605 0.0188705 0.017949 0.0152422 0.0111149 0.031655 0.184765 0.051792 0.0160328 0.0159989 0.0227989 0.0161758 0.00920022 0.0115705 0.0099256 
0.0088039 0.00907931 0.00983057 0.0104804 0.00867781 0.00828941 0.00889001 0.0092946 0.0106099 0.00978521 0.00873677 0.00964981 0.00933674 0.0100587 0.00889139 0.0122289 0.0217544 0.0705712 0.0191374 0.0219084 0.0467298 0.0684444 0.0735465 0.0183852 0.0124512 0.0346307 0.175379 0.0332141 0.0266005 0.0430027 0.0037203 0.00369944 0.00364311 0.00364622 0 0.00358356 0.0165384 0.0252025 0.0984336 0.0487817 0.737148 0.0307935 0.016632 0.0345595 0.0138761 0.0221665 0.0541971 0.223988 0.0225105 0.0163563 0.0302019 0.019543 0.0095165 0.0105378 0.0101731 
0.00855034 0.00844159 0.00865708 0.00861898 0.00874819 0.00884284 0.00821057 0.00833457 0.00852094 0.00866523 0.00893807 0.00997986 0.00845051 0.00848581 0.00924512 0.0170213 0.0112331 0.0132245 0.0294721 0.0268636 0.013795 0.0130954 0.0211025 0.0256975 0.022219 0.0119424 0.0217573 0.0860009 0.0178014 0.0421696 0.0081518 0.00365691 0.003595 0.0035761 0.00358356 0 0.0249494 0.0127115 0.0194593 0.0355277 0.0509896 0.634866 0.0196072 0.0135298 0.0174495 0.0284372 0.0155285 0.0227044 0.0693765 0.0189452 0.0118326 0.0212934 0.0113932 0.00927948 0.00994919 
0.00821248 0.00995758 0.00833149 0.00861772 0.00844208 0.00797228 0.0101881 0.00806421 0.00897072 0.00834263 0.00918328 0.00799229 0.0101264 0.00848885 0.00937293 0.0138664 0.00892539 0.00981218 0.0111719 0.0142955 0.00964623 0.0104488 0.00908317 0.0128813 0.0145253 0.0116649 0.0101055 0.0175362 0.00945939 0.0152514 0.228221 0.0208913 0.0647427 0.0215094 0.0165384 0.0249494 0 0.00357655 0.00369788 0.00362899 0.00363587 0.00399911 0.0176978 0.0163335 0.0464701 0.0285551 0.0129623 0.0120046 0.0247677 0.0151792 0.010994 0.0220385 0.0117791 0.0085027 0.0155033 
0.00838783 0.00836435 0.0085225 0.00852031 0.00811704 0.00846711 0.00815266 0.0087538 0.00856505 0.00832962 0.00824645 0.00902402 0.00826705 0.00837559 0.00906714 0.00834911 0.0101333 0.0090514 0.00886599 0.00913293 0.0128797 0.00970977 0.0110024 0.00896117 0.00937321 0.0111648 0.0128642 0.00932311 0.0102006 0.00864866 0.0103661 0.418287 0.0137875 0.0892504 0.0252025 0.0127115 0.00357655 0 0.00353906 0.00355216 0.00356937 0.0035598 0.0511347 0.0128619 0.0112093 0.0133011 0.0272794 0.0153055 0.0110202 0.0112696 0.0138733 0.010979 0.00826208 0.0115748 0.00875074 
0.00831821 0.00856452 0.00896099 0.00882986 0.00851439 0.00806738 0.00845581 0.00851899 0.00930116 0.00863623 0.00840453 0.00813349 0.00892021 0.00881318 0.00834562 0.00965747 0.0102909 0.0136895 0.00960481 0.0120917 0.0171394 0.0351886 0.0113127 0.00942861 0.0105479 0.0173211 0.0163758 0.0118297 0.00856842 0.00881076 0.0132191 0.0152613 0.625733 0.0750641 0.0984336 0.0194593 0.00369788 0.00353906 0 0.00352955 0.00355729 0.00354607 0.0266367 0.0377686 0.0120027 0.0292671 0.0354157 0.038359 0.0126598 0.01393 0.0147634 0.0124061 0.00979303 0.00886673 0.00998305 
0.0082013 0.00843865 0.00872817 0.00872228 0.00834603 0.00812078 0.00833781 0.0085776 0.00901666 0.00847074 0.008208 0.00832734 0.00850105 0.00860266 0.00840451 0.00897659 0.0123201 0.0113965 0.00954574 0.0114367 0.0214783 0.0266739 0.0125897 0.00929921 0.00978724 0.0194582 0.019141 0.0106456 0.00865164 0.00870788 0.0111761 0.0310315 0.0459946 0.651657 0.0487817 0.0355277 0.00362899 0.00355216 0.00352955 0 0.00356093 0.00356257 0.260677 0.0230805 0.0206872 0.0179458 0.0738848 0.0277358 0.0133493 0.013552 0.0155139 0.0135711 0.00886456 0.0100481 0.00926521 
0.0082121 0.00827547 0.0084713 0.00877763 0.00824056 0.00807749 0.00826119 0.0083531 0.00865087 0.00849849 0.00817905 0.00836086 0.00845758 0.00859469 0.0083294 0.00927557 0.0106097 0.0128148 0.00974627 0.0116329 0.0173506 0.0172836 0.0167761 0.00970793 0.00981702 0.0143291 0.0353499 0.0141643 0.00931127 0.0098597 0.0114705 0.030471 0.0343824 0.0262605 0.737148 0.0509896 0.00363587 0.00356937 0.00355729 0.00356093 0 0.00358223 0.0145282 0.576349 0.0182983 0.0185953 0.0352068 0.142327 0.0197581 0.013119 0.0507092 0.0204802 0.00975453 0.0125999 0.0100765 
0.00811073 0.00806405 0.00809841 0.00816574 0.00812166 0.00805603 0.00799543 0.0079949 0.00840576 0.00804756 0.00813827 0.00823543 0.00804043 0.0080797 0.00820607 0.0097179 0.00893643 0.00918777 0.0117949 0.014256 0.00960152 0.00995112 0.00971895 0.0108822 0.0116261 0.00945134 0.0120962 0.0266973 0.00932055 0.00969251 0.0240325 0.0109329 0.0154037 0.0188705 0.0307935 0.634866 0.00399911 0.0035598 0.00354607 0.00356257 0.00358223 0 0.0271666 0.0162088 0.487677 0.022364 0.0145023 0.0355961 0.0699223 0.0195556 0.0116389 0.0341035 0.0111949 0.00882792 0.0114981 
0.00831655 0.00824104 0.00832427 0.0082251 0.00825211 0.0083498 0.00807615 0.00819148 0.00828116 0.00812069 0.00821782 0.00878136 0.00814973 0.00812236 0.00850672 0.00874291 0.00874085 0.00858252 0.00944794 0.00944588 0.00956623 0.00916662 0.00858286 0.00976244 0.00931248 0.00953972 0.0093494 0.0115166 0.00929179 0.00951482 0.0132294 0.0158885 0.0156753 0.017949 0.016632 0.0196072 0.0176978 0.0511347 0.0266367 0.260677 0.0145282 0.0271666 0 0.00356712 0.00379659 0.0720092 0.0455658 0.0192014 0.0362679 0.0305011 0.0158561 0.0317886 0.0110008 0.0105774 0.0167185 
0.00819415 0.0083756 0.00832081 0.00849294 0.0082161 0.00801335 0.00818574 0.00814935 0.00830094 0.0082891 0.00805242 0.00806965 0.00826226 0.00821302 0.00803107 0.00845014 0.00861913 0.00883326 0.00832909 0.00897109 0.00924064 0.00906103 0.00888717 0.0082911 0.00854161 0.00930611 0.0110469 0.00911157 0.00864914 0.00875128 0.0115764 0.017148 0.0148772 0.0152422 0.0345595 0.0135298 0.0163335 0.0128619 0.0377686 0.0230805 0.576349 0.0162088 0.00356712 0 0.00355411 0.0250319 0.0795374 0.146674 0.0140715 0.0150688 0.095953 0.0140967 0.0101706 0.0201187 0.00974104 
0.00836889 0.00833935 0.00823082 0.00810094 0.0080813 0.00828871 0.0081074 0.00808851 0.00818078 0.00802976 0.00808403 0.00840045 0.0081127 0.00813613 0.0080692 0.00894554 0.00835269 0.00839725 0.00856309 0.0113758 0.00865129 0.00872493 0.00861142 0.00861862 0.0105497 0.00890854 0.00896522 0.00995256 0.00926987 0.0084726 0.0194044 0.0125981 0.0112587 0.0111149 0.0138761 0.0174495 0.0464701 0.0112093 0.0120027 0.0206872 0.0182983 0.487677 0.00379659 0.00355411 0 0.0312911 0.0412696 0.0361797 0.0768856 0.0291829 0.0108226 0.0266144 0.0200282 0.00898545 0.0123782 
0.00848784 0.00865726 0.00855211 0.0086269 0.00903909 0.00819198 0.0083029 0.00832674 0.00846921 0.00838634 0.00868517 0.00845211 0.00830862 0.00841259 0.00886994 0.0101959 0.00912093 0.00966831 0.0100911 0.0121749 0.0105445 0.00992922 0.0092242 0.0112177 0.0116121 0.0108545 0.0104238 0.0158145 0.00895933 0.0101607 0.0243522 0.02194 0.0766907 0.031655 0.0221665 0.0284372 0.0285551 0.0133011 0.0292671 0.0179458 0.0185953 0.022364 0.0720092 0.0250319 0.0312911 0 0.00367845 0.00360406 0.0039854 0.115171 0.0420312 0.0623976 0.0386726 0.0135609 0.0361194 
0.00845767 0.00866517 0.009204 0.00913583 0.00871471 0.00819025 0.00851379 0.00859687 0.00910345 0.00863411 0.0084149 0.00835183 0.00852386 0.00858792 0.00827614 0.00910739 0.0101187 0.0105372 0.00943798 0.0104933 0.013172 0.0141732 0.0103036 0.00919334 0.00943592 0.0127952 0.0158327 0.0100671 0.00883271 0.0087574 0.0114766 0.0580334 0.0546885 0.184765 0.0541971 0.0155285 0.0129623 0.0272794 0.0354157 0.0738848 0.0352068 0.0145023 0.0455658 0.0795374 0.0412696 0.00367845 0 0.00367601 0.00358942 0.533922 0.109143 0.0394557 0.0140925 0.0571857 0.0136488 
0.0084616 0.0085787 0.00897703 0.00911407 0.00900451 0.00819755 0.00836493 0.00856115 0.00869305 0.00857994 0.00833207 0.00831201 0.00846017 0.00844304 0.00829887 0.00872296 0.00971316 0.0101829 0.00924049 0.0098125 0.0120794 0.0115309 0.0104313 0.00931 0.00873785 0.0121877 0.0163771 0.0112612 0.00866202 0.0091782 0.0133599 0.0230804 0.0525391 0.051792 0.223988 0.0227044 0.0120046 0.0153055 0.038359 0.0277358 0.142327 0.0355961 0.0192014 0.146674 0.0361797 0.00360406 0.00367601 0 0.00366092 0.0236491 0.690179 0.0575448 0.0209065 0.0332864 0.0362294 
0.0085917 0.00847435 0.00839797 0.00834455 0.00830606 0.00832581 0.00812548 0.00817683 0.00826488 0.00811228 0.0081074 0.00848843 0.00814859 0.00810709 0.00825214 0.00933349 0.00872387 0.00870305 0.00941181 0.012474 0.00934318 0.00946871 0.00892375 0.0095419 0.0111772 0.00921448 0.00951069 0.0117783 0.0093633 0.0087114 0.0179412 0.0118546 0.0153565 0.0160328 0.0225105 0.0693765 0.0247677 0.0110202 0.0126598 0.0133493 0.0197581 0.0699223 0.0362679 0.0140715 0.0768856 0.0039854 0.00358942 0.00366092 0 0.034853 0.0260282 0.745833 0.0201356 0.0143349 0.0317927 
0.00832884 0.00845901 0.00845725 0.00853519 0.00870149 0.00818868 0.00825668 0.00823707 0.00834707 0.00829455 0.00852939 0.00835583 0.00823338 0.00822992 0.00838584 0.00890621 0.00859144 0.0086534 0.00903338 0.00991328 0.00942166 0.00905482 0.00875322 0.00993645 0.00945052 0.00924134 0.00934777 0.0112777 0.0084415 0.00896269 0.0127532 0.0139407 0.0158519 0.0159989 0.0163563 0.0189452 0.0151792 0.0112696 0.01393 0.013552 0.013119 0.0195556 0.0305011 0.0150688 0.0291829 0.115171 0.533922 0.0236491 0.034853 0 0.00368725 0.0036575 0.584794 0.0168555 0.0683129 
0.00854976 0.00874891 0.00886409 0.00897888 0.00862348 0.00820339 0.00843442 0.00838881 0.00864788 0.00866432 0.00836484 0.00824543 0.00842851 0.00845049 0.00822618 0.00841104 0.00911965 0.00946929 0.00863849 0.00902916 0.00983022 0.00974879 0.00916363 0.00861092 0.00845524 0.00942867 0.0105582 0.00925321 0.00841995 0.00874399 0.009519 0.0187462 0.0165783 0.0227989 0.0302019 0.0118326 0.010994 0.0138733 0.0147634 0.0155139 0.0507092 0.0116389 0.0158561 0.095953 0.0108226 0.0420312 0.109143 0.690179 0.0260282 0.00368725 0 0.00372257 0.0237124 0.826601 0.0180384 
0.00875244 0.0085996 0.00857459 0.00865046 0.00844873 0.00862485 0.00828945 0.00840951 0.00851901 0.00829121 0.00815761 0.00885112 0.00843291 0.00827309 0.00815852 0.00927692 0.00894852 0.00882127 0.00915354 0.0111233 0.00900949 0.0095337 0.00896158 0.0087642 0.00970237 0.00923344 0.00965559 0.0101661 0.00927654 0.00833354 0.0161748 0.0121268 0.0132211 0.0161758 0.019543 0.0212934 0.0220385 0.010979 0.0124061 0.0135711 0.0204802 0.0341035 0.0317886 0.0140967 0.0266144 0.0623976 0.0394557 0.0575448 0.745833 0.0036575 0.00372257 0 0.0924286 0.0208001 0.662293 
0.00840626 0.00849641 0.00835419 0.00836962 0.00867618 0.00828809 0.00842954 0.00825823 0.0083233 0.00825973 0.0086049 0.00834689 0.00828693 0.00823794 0.00853503 0.00845705 0.00823132 0.00828085 0.00834805 0.00877849 0.00824509 0.00824709 0.00813236 0.00836598 0.00841499 0.00824555 0.00829623 0.00876253 0.00814729 0.00839677 0.00888656 0.00865831 0.009773 0.00920022 0.0095165 0.0113932 0.0117791 0.00826208 0.00979303 0.00886456 0.00975453 0.0111949 0.0110008 0.0101706 0.0200282 0.0386726 0.0140925 0.0209065 0.0201356 0.584794 0.0237124 0.0924286 0 0.00368568 0.00391994 
0.00879751 0.00882237 0.00879429 0.00892102 0.00863981 0.00838755 0.00845554 0.00836389 0.00854012 0.00850818 0.00829692 0.00838412 0.00835615 0.0083184 0.00821963 0.00819218 0.00864797 0.00849305 0.00822083 0.00824675 0.00859887 0.00849097 0.0083718 0.00804814 0.00815167 0.00844464 0.00856589 0.00820213 0.00824573 0.00811434 0.00839623 0.0101241 0.00983575 0.0115705 0.0105378 0.00927948 0.0085027 0.0115748 0.00886673 0.0100481 0.0125999 0.00882792 0.0105774 0.0201187 0.00898545 0.0135609 0.0571857 0.0332864 0.0143349 0.0168555 0.826601 0.0208001 0.00368568 0 0.00358494 
0.00877594 0.00874706 0.00865667 0.00860583 0.00844707 0.00851667 0.00846342 0.00838196 0.00851151 0.00830796 0.00827235 0.00844844 0.00834227 0.00819492 0.00813214 0.00854921 0.008315 0.0082883 0.00826057 0.00894092 0.00825431 0.00857959 0.00817191 0.00818438 0.00841025 0.00821734 0.00856194 0.00834062 0.0084183 0.0081213 0.0104483 0.00875164 0.00990987 0.0099256 0.0101731 0.00994919 0.0155033 0.00875074 0.00998305 0.00926521 0.0100765 0.0114981 0.0167185 0.00974104 0.0123782 0.0361194 0.0136488 0.0362294 0.0317927 0.0683129 0.0180384 0.662293 0.00391994 0.00358494 0 
