1F1ZB
FSEVQIARRIKEGRGQGHGKDYIPWLTVQEVPSSGRSHRIYSHKTGRVHHLLSDLELAVFLSLEWESSVLDIREQFPLLPSDTRQIAIDSGIKHPVIRGVDQVMSTDFLVDCKDGPFEQFAIQVKPAAALQDERTLEKLELERRYWQQKQIPWFIFTDKEINPVVKENIEWLYSVKTEEVSAELLAQLSPLAHILQEKGDENIINVCKQVDIAYDLELGKTLSEIRALTANGFIKFNIYKSFRANKCADLCISQVVNMEE
CCCCCHHHHHHCCCCCCCHHHCCCCCCHHHCCCCCCCEEEECCCCCCEEEECCHHHHHHHHHHHHCCCEEEEEEEEECCHHHHHHHHHHHCCCCCEECCEECCCEEEEEEEECCCCCCEEEEEECCHHHHHCHHHHHHHHHHHHHHHHHCCCEEEECHHHCCHHHHHHHHHHCCCCCCCCCHHHHHCHHHHHHHHHHCCCCEHHHHHHHHHHHHCCCCCHHHHHHHHHHHCCCEECCCCCCHHHCEHHHCEECCCCCCCC
0 0 0 0 0 0 0 0 0 0 0 0 0 0 0 0 0 0 0 0 0 0 0 0 0 0 0 0 0 0 0 0 0 0 0 0 0 0 0 0 0 0 0 0 0 0 0 0 0 0 0 0 0 0 0 0 0 0 0 0 0 0 0 0 0 0 0 0 0 0 0 0 0 0 0 0 0 0 0 0 0 0 0 0 0 0 0 0 0 0 0 0 0 0 0 0 0 0 0 0 0 0 0 0 0 0 0 0 0 0 0 0 0 0 0 0 0 0 0 0 0 0 0 0 0 0 0 0 0 0 0 0 0 0 0 0 0 0 0 0 0 0 0 0 0 0 0 0 0 0 0 0 0 0 0 0 0 0 0 0 0 0 0 0 0 0 0 0 0 0 0 0 0 0 0 0 0 0 0 0 0 0 0 0 0 0 0 0 0 0 0 0 0 0 0 0 0 0 0 0 0 0 0 0 0 0 0 0 0 0 0 0 0 0 0 0 0 0 0 0 0 0 0 0 0 0 0 0 0 0 0 0 0 0 0 0 0 0 0 0 0 0 0 0 0 0 0 0 0 0 0 0 0 0 0 0 0 0 0 0 
0 0 0 0 0 0 0 0 0 0 0 0 0 0 0 0 0 0 0 0 0 0 0 0 0 0 0 0 0 0 0 0 0 0 0 0 0 0 0 0 0 0 0 0 0 0 0 0 0 0 0 0 0 0 0 0 0 0 0 0 0 0 0 0 0 0 0 0 0 0 0 0 0 0 0 0 0 0 0 0 0 0 0 0 0 0 0 0 0 0 0 0 0 0 0 0 0 0 0 0 0 0 0 0 0 0 0 0 0 0 0 0 0 0 0 0 0 0 0 0 0 0 0 0 0 0 0 0 0 0 0 0 0 0 0 0 0 0 0 0 0 0 0 0 0 0 0 0 0 0 0 0 0 0 0 0 0 0 0 0 0 0 0 0 0 0 0 0 0 0 0 0 0 0 0 0 0 0 0 0 0 0 0 0 0 0 0 0 0 0 0 0 0 0 0 0 0 0 0 0 0 0 0 0 0 0 0 0 0 0 0 0 0 0 0 0 0 0 0 0 0 0 0 0 0 0 0 0 0 0 0 0 0 0 0 0 0 0 0 0 0 0 0 0 0 0 0 0 0 0 0 0 0 0 0 0 0 0 0 0 
0 0.00360227 0.00362516 0.00412532 0.00836186 0.00660478 0.00936908 0.90165 0.024395 0.0119457 0.00956317 0.019605 0.00967354 0.012963 0.0102482 0.01141 0.024128 0.00920361 0.0110388 0.00948201 0.0090698 0.0106517 0.00992251 0.00906766 0.0136231 0.00952487 0.0105881 0.00886879 0.0254643 0.00868192 0.00915882 0.00866095 0.0102831 0.00891945 0.02111 0.00959646 0.00865894 0.00874599 0.0104002 0.00860839 0.00823034 0.00831238 0.00847727 0.00819321 0.00867128 
0.00360227 0 0.00364713 0.0036675 0.00571576 0.00995504 0.887258 0.0100092 0.0117707 0.0186996 0.0342207 0.0103748 0.0230188 0.0106641 0.0186763 0.0141635 0.0101077 0.00915341 0.00858057 0.00856349 0.00856803 0.00998721 0.00990494 0.0189772 0.0116932 0.02385 0.010351 0.0291048 0.00852413 0.00860549 0.00868902 0.0160528 0.0102878 0.0191911 0.00863475 0.00906505 0.0104735 0.00919316 0.00843507 0.00818924 0.00814429 0.00810893 0.00808377 0.00831343 0.00812543 
0.00362516 0.00364713 0 0.00353507 0.0112009 0.87267 0.0245653 0.00833504 0.0133679 0.0208505 0.0187372 0.0247113 0.0108131 0.026194 0.0146078 0.0158737 0.0092187 0.00945231 0.00916502 0.00900769 0.00854968 0.00965493 0.0181056 0.00992611 0.0193877 0.0133982 0.0518798 0.00995988 0.010971 0.00824176 0.0120732 0.00965909 0.0260917 0.0104374 0.00963858 0.00915525 0.0101608 0.0104754 0.00835305 0.00808644 0.00813846 0.00827696 0.00803261 0.00803745 0.0080583 
0.00412532 0.0036675 0.00353507 0 0.954333 0.00542173 0.00880571 0.0122134 0.0237779 0.0108568 0.0163753 0.010448 0.0140538 0.013292 0.0115879 0.00997123 0.0168393 0.0132387 0.0088858 0.00998383 0.00896122 0.0196833 0.00923472 0.0104851 0.00990896 0.01769 0.0100609 0.0127692 0.0102833 0.0103016 0.00879279 0.0160972 0.00937366 0.00981312 0.00983539 0.0110681 0.00873202 0.00862123 0.00873439 0.00832642 0.00827665 0.00802481 0.00829641 0.00829251 0.00803298 
0.00836186 0.00571576 0.0112009 0.954333 0 0.0079025 0.00358231 0.00376545 0.0706766 0.0161539 0.0159505 0.0161053 0.014108 0.0109242 0.0104285 0.0109878 0.0199125 0.0092156 0.00963871 0.00892468 0.00941752 0.0103703 0.0095838 0.0092282 0.0118891 0.00985667 0.00994124 0.00998198 0.0153618 0.00899201 0.0089915 0.00907222 0.00987519 0.00941228 0.0142485 0.00922174 0.00844227 0.0084528 0.00974169 0.00845724 0.00807049 0.00814016 0.00827196 0.00797193 0.00832503 
0.00660478 0.00995504 0.87267 0.00542173 0.0079025 0 0.00381215 0.00356012 0.0342023 0.0632615 0.0223673 0.0188008 0.023732 0.0137964 0.0184338 0.0195401 0.00985002 0.00935407 0.00895519 0.00908364 0.00878953 0.0100218 0.0141306 0.0158532 0.0179156 0.0182088 0.0200512 0.015715 0.00912302 0.00866059 0.0108035 0.0126899 0.0154065 0.01182 0.00935298 0.00946983 0.0105731 0.00976851 0.00897465 0.00813893 0.00807217 0.00804533 0.00796698 0.00806157 0.00805192 
0.00936908 0.887258 0.0245653 0.00880571 0.00358231 0.00381215 0 0.00371233 0.0171511 0.0480568 0.057868 0.0280433 0.0191273 0.0206541 0.019971 0.0201639 0.0103471 0.0107189 0.00940632 0.00936224 0.00968438 0.0126337 0.0172483 0.0160054 0.0175953 0.0278861 0.0273222 0.0184199 0.00952701 0.00890133 0.0108357 0.0161265 0.0165568 0.0166018 0.00930219 0.0109881 0.0113753 0.0103163 0.00860368 0.00812309 0.00821274 0.00816142 0.00800797 0.0081107 0.00803446 
0.90165 0.0100092 0.00833504 0.0122134 0.00376545 0.00356012 0.00371233 0 0.0268409 0.0147396 0.0223661 0.0193625 0.0154726 0.0228468 0.0147846 0.0176434 0.0264103 0.0143519 0.010159 0.0112035 0.00987893 0.0196659 0.00983291 0.0107952 0.0124031 0.0126885 0.0122613 0.0119423 0.0131473 0.00980843 0.00981325 0.0102334 0.0104834 0.0104054 0.0133747 0.0126321 0.00906165 0.00918195 0.00959058 0.00856886 0.00859094 0.00811818 0.00830053 0.00844798 0.00807386 
0.024395 0.0117707 0.0133679 0.0237779 0.0706766 0.0342023 0.0171511 0.0268409 0 0.00369054 0.00358366 0.00372218 0.00364959 0.00382914 0.00392472 0.0046329 0.0127233 0.0198852 0.0175549 0.012894 0.0123847 0.0250458 0.0119121 0.0108748 0.0121342 0.0130405 0.0130419 0.0117426 0.0662159 0.0116807 0.0117667 0.010196 0.0125061 0.0120469 0.0411474 0.0116837 0.00974552 0.00992215 0.0161928 0.0100481 0.00859224 0.00863859 0.00883989 0.00814758 0.00899261 
0.0119457 0.0186996 0.0208505 0.0108568 0.0161539 0.0632615 0.0480568 0.0147396 0.00369054 0 0.00356651 0.00354347 0.00356048 0.00365357 0.0038904 0.00398589 0.00423054 0.0161479 0.00940855 0.0102016 0.00917126 0.0103571 0.023393 0.0143125 0.0333786 0.0216943 0.0219396 0.0151657 0.0289844 0.00998426 0.0145974 0.0187681 0.0213939 0.0194434 0.0106394 0.0114797 0.0142829 0.012156 0.00950231 0.00820653 0.00873303 0.00830263 0.00807635 0.00828279 0.00821632 
0.00956317 0.0342207 0.0187372 0.0163753 0.0159505 0.0223673 0.057868 0.0223661 0.00358366 0.00356651 0 0.00352722 0.00353149 0.00355686 0.00364544 0.00366555 0.00363496 0.0117819 0.00895728 0.00854431 0.00895104 0.0115365 0.0122024 0.0501062 0.023816 0.0786551 0.0224708 0.174058 0.00969765 0.00935435 0.0119015 0.0474615 0.0380441 0.0252179 0.00990431 0.0124109 0.021207 0.013486 0.0098017 0.00825669 0.00832224 0.00833028 0.0080509 0.00828572 0.00828079 
0.019605 0.0103748 0.0247113 0.010448 0.0161053 0.0188008 0.0280433 0.0193625 0.00372218 0.00354347 0.00352722 0 0.00353225 0.00355446 0.00354495 0.00356587 0.0036064 0.0132631 0.009145 0.00919404 0.00865717 0.0111971 0.0288821 0.0140583 0.071836 0.0229259 0.350987 0.0105359 0.0123559 0.00917394 0.018777 0.0185766 0.0661214 0.0118422 0.0192102 0.0118367 0.0144435 0.0170955 0.00954875 0.00810192 0.0082879 0.00825658 0.00808663 0.00811069 0.00821456 
0.00967354 0.0230188 0.0108131 0.0140538 0.014108 0.023732 0.0191273 0.0154726 0.00364959 0.00356048 0.00353149 0.00353225 0 0.00355021 0.0035676 0.00357619 0.00371491 0.0101432 0.00880462 0.00851308 0.00877716 0.017345 0.0107323 0.0407878 0.0252433 0.381001 0.0183553 0.0255728 0.00942513 0.0117007 0.0116281 0.0437037 0.0226931 0.0415932 0.0100684 0.0112046 0.015669 0.0117057 0.00933761 0.00821331 0.00819722 0.00815072 0.00802466 0.0081283 0.00807931 
0.012963 0.0106641 0.026194 0.013292 0.0109242 0.0137964 0.0206541 0.0228468 0.00382914 0.00365357 0.00355686 0.00355446 0.00355021 0 0.00357549 0.00356125 0.00354654 0.0107188 0.00958922 0.00901489 0.00893342 0.0102614 0.0244626 0.0181574 0.312774 0.0200506 0.0703745 0.0115547 0.012102 0.00926326 0.0161212 0.0189242 0.102113 0.0130736 0.0117765 0.0113417 0.0138688 0.0139834 0.00941262 0.0081147 0.00843554 0.00830333 0.00802347 0.00821993 0.00816305 
0.0102482 0.0186763 0.0146078 0.0115879 0.0104285 0.0184338 0.019971 0.0147846 0.00392472 0.0038904 0.00364544 0.00354495 0.0035676 0.00357549 0 0.00357156 0.00354193 0.0113312 0.0100658 0.00859875 0.00876595 0.0137161 0.0120032 0.19722 0.0179344 0.0482533 0.0186106 0.0202026 0.00950185 0.0098158 0.0112422 0.0498103 0.0289096 0.0171394 0.00966161 0.0107366 0.0132424 0.0118286 0.0097732 0.00816695 0.00818326 0.00834614 0.00803841 0.00812591 0.00804518 
0.01141 0.0141635 0.0158737 0.00997123 0.0109878 0.0195401 0.0201639 0.0176434 0.0046329 0.00398589 0.00366555 0.00356587 0.00357619 0.00356125 0.00357156 0 0.00371162 0.0137731 0.0144137 0.00948102 0.0100543 0.0100808 0.2012 0.0121011 0.0161071 0.0172681 0.0192319 0.0127879 0.0100211 0.00879476 0.026187 0.0123713 0.016199 0.0131342 0.00948765 0.0102579 0.0126202 0.0113855 0.00873885 0.00815964 0.00823461 0.00816562 0.00800968 0.0080906 0.0080092 
0.024128 0.0101077 0.0092187 0.0168393 0.0199125 0.00985002 0.0103471 0.0264103 0.0127233 0.00423054 0.00363496 0.0036064 0.00371491 0.00354654 0.00354193 0.00371162 0 0.0155262 0.0114527 0.0134131 0.0106769 0.235952 0.0105021 0.011342 0.0106979 0.014122 0.0106336 0.0121847 0.0101744 0.0227796 0.0103172 0.0114313 0.0104923 0.0102071 0.0106366 0.0195586 0.0101444 0.00900369 0.00993495 0.0089273 0.00867764 0.00820435 0.00871549 0.00874996 0.00810741 
0.00920361 0.00915341 0.00945231 0.0132387 0.0092156 0.00935407 0.0107189 0.0143519 0.0198852 0.0161479 0.0117819 0.0132631 0.0101432 0.0107188 0.0113312 0.0137731 0.0155262 0 0.00450992 0.00396363 0.982374 0.00655917 0.00698836 0.0068101 0.00768635 0.00841396 0.00723761 0.010943 0.0175074 0.0113975 0.00973338 0.00889274 0.00901201 0.0123813 0.0179113 0.00941521 0.00944221 0.00942401 0.0138566 0.0102673 0.00826903 0.00874071 0.0091552 0.00828967 0.00867097 
0.0110388 0.00858057 0.00916502 0.0088858 0.00963871 0.00895519 0.00940632 0.010159 0.0175549 0.00940855 0.00895728 0.009145 0.00880462 0.00958922 0.0100658 0.0144137 0.0114527 0.00450992 0 0.993598 0.00429185 0.00852965 0.00691712 0.00692376 0.00769018 0.00761301 0.00791336 0.00778512 0.00900749 0.00996267 0.0109822 0.00865327 0.0088275 0.0105877 0.0122986 0.0115551 0.00883527 0.00910163 0.00892034 0.00873563 0.00844645 0.00803438 0.00832717 0.00822069 0.00809458 
0.00948201 0.00856349 0.00900769 0.00998383 0.00892468 0.00908364 0.00936224 0.0112035 0.012894 0.0102016 0.00854431 0.00919404 0.00851308 0.00901489 0.00859875 0.00948102 0.0134131 0.00396363 0.993598 0 0.00687196 0.00497177 0.00488507 0.00474225 0.00471121 0.00567044 0.00583078 0.00577037 0.0143963 0.0082671 0.0108907 0.00795145 0.00872978 0.00921192 0.0260725 0.00950198 0.00946732 0.00930467 0.0122272 0.00972768 0.00821495 0.00924124 0.00897701 0.00810421 0.00871387 
0.0090698 0.00856803 0.00854968 0.00896122 0.00941752 0.00878953 0.00968438 0.00987893 0.0123847 0.00917126 0.00895104 0.00865717 0.00877716 0.00893342 0.00876595 0.0100543 0.0106769 0.982374 0.00429185 0.00687196 0 0.0122368 0.00525992 0.0038708 0.00436043 0.00517 0.00546265 0.0099401 0.00601931 0.00961952 0.00826117 0.00829349 0.00892871 0.0126203 0.0102777 0.0110159 0.00939059 0.0088392 0.00953222 0.00930168 0.00853203 0.00818965 0.00859668 0.00849574 0.00815745 
0.0106517 0.00998721 0.00965493 0.0196833 0.0103703 0.0100218 0.0126337 0.0196659 0.0250458 0.0103571 0.0115365 0.0111971 0.017345 0.0102614 0.0137161 0.0100808 0.235952 0.00655917 0.00852965 0.00497177 0.0122368 0 0.00360717 0.00357747 0.00359592 0.00367125 0.00381836 0.00401854 0.00646911 0.0107545 0.00840722 0.00935231 0.0111445 0.0130097 0.0767226 0.0309987 0.0124517 0.0103269 0.0258681 0.0116537 0.00871857 0.00913661 0.00921441 0.00826573 0.00893277 
0.00992251 0.00990494 0.0181056 0.00923472 0.0095838 0.0141306 0.0172483 0.00983291 0.0119121 0.023393 0.0122024 0.0288821 0.0107323 0.0244626 0.0120032 0.2012 0.0105021 0.00698836 0.00691712 0.00488507 0.00525992 0.00360717 0 0.00355035 0.00355143 0.0035214 0.00364869 0.00367674 0.00380846 0.00626727 0.00918952 0.00753948 0.0126836 0.0241025 0.253249 0.0167995 0.0200178 0.0195888 0.0104275 0.00830665 0.00857277 0.00835925 0.00805897 0.0081557 0.00820852 
0.00906766 0.0189772 0.00992611 0.0104851 0.0092282 0.0158532 0.0160054 0.0107952 0.0108748 0.0143125 0.0501062 0.0140583 0.0407878 0.0181574 0.19722 0.0121011 0.011342 0.0068101 0.00692376 0.00474225 0.0038708 0.00357747 0.00355035 0 0.00354581 0.00356438 0.00354468 0.0035707 0.00357917 0.00763948 0.00780297 0.00999315 0.0249947 0.341165 0.0465477 0.0146026 0.0341589 0.0133261 0.0101505 0.00828363 0.00830397 0.00847474 0.00809771 0.00829223 0.00811882 
0.0136231 0.0116932 0.0193877 0.00990896 0.0118891 0.0179156 0.0175953 0.0124031 0.0121342 0.0333786 0.023816 0.071836 0.0252433 0.312774 0.0179344 0.0161071 0.0106979 0.00768635 0.00769018 0.00471121 0.00436043 0.00359592 0.00355143 0.00354581 0 0.00353736 0.00354128 0.00355107 0.00356645 0.00665102 0.0105738 0.0154824 0.758079 0.0303308 0.0354893 0.0281798 0.0285996 0.0229352 0.0112279 0.00840111 0.00873696 0.00879789 0.00817013 0.00833147 0.00846965 
0.00952487 0.02385 0.0133982 0.01769 0.00985667 0.0182088 0.0278861 0.0126885 0.0130405 0.0216943 0.0786551 0.0229259 0.381001 0.0200506 0.0482533 0.0172681 0.014122 0.00841396 0.00761301 0.00567044 0.00517 0.00367125 0.0035214 0.00356438 0.00353736 0 0.00352602 0.00356062 0.00357036 0.00790318 0.0121725 0.848318 0.044348 0.0465657 0.00926852 0.0220487 0.0426276 0.0273292 0.0137287 0.00846818 0.00886912 0.00885088 0.00823213 0.00855253 0.00850214 
0.0105881 0.010351 0.0518798 0.0100609 0.00994124 0.0200512 0.0273222 0.0122613 0.0130419 0.0219396 0.0224708 0.350987 0.0183553 0.0703745 0.0186106 0.0192319 0.0106336 0.00723761 0.00791336 0.00583078 0.00546265 0.00381836 0.00364869 0.00354468 0.00354128 0.00352602 0 0.00352497 0.00352932 0.00644736 0.820393 0.0166365 0.0754084 0.0100308 0.00986218 0.0191352 0.0254523 0.0383372 0.0116579 0.00820794 0.0089403 0.00889793 0.00808352 0.00826398 0.00846111 
0.00886879 0.0291048 0.00995988 0.0127692 0.00998198 0.015715 0.0184199 0.0119423 0.0117426 0.0151657 0.174058 0.0105359 0.0255728 0.0115547 0.0202026 0.0127879 0.0121847 0.010943 0.00778512 0.00577037 0.0099401 0.00401854 0.00367674 0.0035707 0.00355107 0.00356062 0.00352497 0 0.00356621 0.771278 0.0150334 0.0309293 0.00810172 0.0161245 0.00888359 0.0168814 0.0335024 0.0204706 0.0137531 0.00875387 0.00860262 0.00896037 0.00835214 0.00859402 0.00819937 
0.0254643 0.00852413 0.010971 0.0102833 0.0153618 0.00912302 0.00952701 0.0131473 0.0662159 0.0289844 0.00969765 0.0123559 0.00942513 0.012102 0.00950185 0.0100211 0.0101744 0.0175074 0.00900749 0.0143963 0.00601931 0.00646911 0.00380846 0.00357917 0.00356645 0.00357036 0.00352932 0.00356621 0 0.0118716 0.0297271 0.00622494 0.00761638 0.00686838 0.0198578 0.0259412 0.0105562 0.0103129 0.0157408 0.00951722 0.00925377 0.00835299 0.00890821 0.00880562 0.00848846 
0.00868192 0.00860549 0.00824176 0.0103016 0.00899201 0.00866059 0.00890133 0.00980843 0.0116807 0.00998426 0.00935435 0.00917394 0.0117007 0.00926326 0.0098158 0.00879476 0.0227796 0.0113975 0.00996267 0.0082671 0.00961952 0.0107545 0.00626727 0.00763948 0.00665102 0.00790318 0.00644736 0.771278 0.0118716 0 0.00363816 0.0035498 0.00354888 0.00411571 0.00437514 0.0216012 0.0110004 0.0094692 0.0208842 0.0118504 0.00843244 0.00885187 0.00998222 0.00860208 0.00869374 
0.00915882 0.00868902 0.0120732 0.00879279 0.0089915 0.0108035 0.0108357 0.00981325 0.0117667 0.0145974 0.0119015 0.018777 0.0116281 0.0161212 0.0112422 0.026187 0.0103172 0.00973338 0.0109822 0.0108907 0.00826117 0.00840722 0.00918952 0.00780297 0.0105738 0.0121725 0.820393 0.0150334 0.0297271 0.00363816 0 0.00355384 0.00357361 0.00367316 0.00365737 0.051798 0.0465906 0.0259055 0.012161 0.00854884 0.00875585 0.00861269 0.00813456 0.0081913 0.00906349 
0.00866095 0.0160528 0.00965909 0.0160972 0.00907222 0.0126899 0.0161265 0.0102334 0.010196 0.0187681 0.0474615 0.0185766 0.0437037 0.0189242 0.0498103 0.0123713 0.0114313 0.00889274 0.00865327 0.00795145 0.00829349 0.00935231 0.00753948 0.00999315 0.0154824 0.848318 0.0166365 0.0309293 0.00622494 0.0035498 0.00355384 0 0.0035458 0.00357771 0.00360732 0.184033 0.0496396 0.0272472 0.0116261 0.00843442 0.00850167 0.00851416 0.0084883 0.00855739 0.0082571 
0.0102831 0.0102878 0.0260917 0.00937366 0.00987519 0.0154065 0.0165568 0.0104834 0.0125061 0.0213939 0.0380441 0.0661214 0.0226931 0.102113 0.0289096 0.016199 0.0104923 0.00901201 0.0088275 0.00872978 0.00892871 0.0111445 0.0126836 0.0249947 0.758079 0.044348 0.0754084 0.00810172 0.00761638 0.00354888 0.00357361 0.0035458 0 0.00353813 0.00362744 0.0547197 0.313871 0.0328017 0.014507 0.0083767 0.00906856 0.00914928 0.00840729 0.00833657 0.00860537 
0.00891945 0.0191911 0.0104374 0.00981312 0.00941228 0.01182 0.0166018 0.0104054 0.0120469 0.0194434 0.0252179 0.0118422 0.0415932 0.0130736 0.0171394 0.0131342 0.0102071 0.0123813 0.0105877 0.00921192 0.0126203 0.0130097 0.0241025 0.341165 0.0303308 0.0465657 0.0100308 0.0161245 0.00686838 0.00411571 0.00367316 0.00357771 0.00353813 0 0.00367865 0.0259594 0.0534586 0.365856 0.0171563 0.00947003 0.00888642 0.00910195 0.00847851 0.00898635 0.00819209 
0.02111 0.00863475 0.00963858 0.00983539 0.0142485 0.00935298 0.00930219 0.0133747 0.0411474 0.0106394 0.00990431 0.0192102 0.0100684 0.0117765 0.00966161 0.00948765 0.0106366 0.0179113 0.0122986 0.0260725 0.0102777 0.0767226 0.253249 0.0465477 0.0354893 0.00926852 0.00986218 0.00888359 0.0198578 0.00437514 0.00365737 0.00360732 0.00362744 0.00367865 0 0.0277984 0.0168554 0.02728 0.29138 0.010061 0.0110386 0.00872698 0.0094431 0.00930319 0.00874641 
0.00959646 0.00906505 0.00915525 0.0110681 0.00922174 0.00946983 0.0109881 0.0126321 0.0116837 0.0114797 0.0124109 0.0118367 0.0112046 0.0113417 0.0107366 0.0102579 0.0195586 0.00941521 0.0115551 0.00950198 0.0110159 0.0309987 0.0167995 0.0146026 0.0281798 0.0220487 0.0191352 0.0168814 0.0259412 0.0216012 0.051798 0.184033 0.0547197 0.0259594 0.0277984 0 0.00363682 0.0035776 0.00385941 0.0482792 0.0111812 0.0129637 0.0103104 0.00867544 0.0112995 
0.00865894 0.0104735 0.0101608 0.00873202 0.00844227 0.0105731 0.0113753 0.00906165 0.00974552 0.0142829 0.021207 0.0144435 0.015669 0.0138688 0.0132424 0.0126202 0.0101444 0.00944221 0.00883527 0.00946732 0.00939059 0.0124517 0.0200178 0.0341589 0.0285996 0.0426276 0.0254523 0.0335024 0.0105562 0.0110004 0.0465906 0.0496396 0.313871 0.0534586 0.0168554 0.00363682 0 0.00392462 0.00356378 0.0156112 0.0106865 0.0118041 0.0087263 0.0085797 0.00872867 
0.00874599 0.00919316 0.0104754 0.00862123 0.0084528 0.00976851 0.0103163 0.00918195 0.00992215 0.012156 0.013486 0.0170955 0.0117057 0.0139834 0.0118286 0.0113855 0.00900369 0.00942401 0.00910163 0.00930467 0.0088392 0.0103269 0.0195888 0.0133261 0.0229352 0.0273292 0.0383372 0.0204706 0.0103129 0.0094692 0.0259055 0.0272472 0.0328017 0.365856 0.02728 0.0035776 0.00392462 0 0.00356315 0.00976269 0.0108005 0.00987884 0.00849677 0.00894863 0.00882268 
0.0104002 0.00843507 0.00835305 0.00873439 0.00974169 0.00897465 0.00860368 0.00959058 0.0161928 0.00950231 0.0098017 0.00954875 0.00933761 0.00941262 0.0097732 0.00873885 0.00993495 0.0138566 0.00892034 0.0122272 0.00953222 0.0258681 0.0104275 0.0101505 0.0112279 0.0137287 0.0116579 0.0137531 0.0157408 0.0208842 0.012161 0.0116261 0.014507 0.0171563 0.29138 0.00385941 0.00356378 0.00356315 0 0.0397875 0.0162503 0.0126435 0.0116233 0.0128177 0.00907226 
0.00860839 0.00818924 0.00808644 0.00832642 0.00845724 0.00813893 0.00812309 0.00856886 0.0100481 0.00820653 0.00825669 0.00810192 0.00821331 0.0081147 0.00816695 0.00815964 0.0089273 0.0102673 0.00873563 0.00972768 0.00930168 0.0116537 0.00830665 0.00828363 0.00840111 0.00846818 0.00820794 0.00875387 0.00951722 0.0118504 0.00854884 0.00843442 0.0083767 0.00947003 0.010061 0.0482792 0.0156112 0.00976269 0.0397875 0 0.0396644 0.0235641 0.272952 0.0275423 0.0145554 
0.00823034 0.00814429 0.00813846 0.00827665 0.00807049 0.00807217 0.00821274 0.00859094 0.00859224 0.00873303 0.00832224 0.0082879 0.00819722 0.00843554 0.00818326 0.00823461 0.00867764 0.00826903 0.00844645 0.00821495 0.00853203 0.00871857 0.00857277 0.00830397 0.00873696 0.00886912 0.0089403 0.00860262 0.00925377 0.00843244 0.00875585 0.00850167 0.00906856 0.00888642 0.0110386 0.0111812 0.0106865 0.0108005 0.0162503 0.0396644 0 0.00673153 0.0188262 0.0208245 0.158354 
0.00831238 0.00810893 0.00827696 0.00802481 0.00814016 0.00804533 0.00816142 0.00811818 0.00863859 0.00830263 0.00833028 0.00825658 0.00815072 0.00830333 0.00834614 0.00816562 0.00820435 0.00874071 0.00803438 0.00924124 0.00818965 0.00913661 0.00835925 0.00847474 0.00879789 0.00885088 0.00889793 0.00896037 0.00835299 0.00885187 0.00861269 0.00851416 0.00914928 0.00910195 0.00872698 0.0129637 0.0118041 0.00987884 0.0126435 0.0235641 0.00673153 0 0.0442697 0.138816 0.0354614 
0.00847727 0.00808377 0.00803261 0.00829641 0.00827196 0.00796698 0.00800797 0.00830053 0.00883989 0.00807635 0.0080509 0.00808663 0.00802466 0.00802347 0.00803841 0.00800968 0.00871549 0.0091552 0.00832717 0.00897701 0.00859668 0.00921441 0.00805897 0.00809771 0.00817013 0.00823213 0.00808352 0.00835214 0.00890821 0.00998222 0.00813456 0.0084883 0.00840729 0.00847851 0.0094431 0.0103104 0.0087263 0.00849677 0.0116233 0.272952 0.0188262 0.0442697 0 0.0727488 0.00931705 
0.00819321 0.00831343 0.00803745 0.00829251 0.00797193 0.00806157 0.0081107 0.00844798 0.00814758 0.00828279 0.00828572 0.00811069 0.0081283 0.00821993 0.00812591 0.0080906 0.00874996 0.00828967 0.00822069 0.00810421 0.00849574 0.00826573 0.0081557 0.00829223 0.00833147 0.00855253 0.00826398 0.00859402 0.00880562 0.00860208 0.0081913 0.00855739 0.00833657 0.00898635 0.00930319 0.00867544 0.0085797 0.00894863 0.0128177 0.0275423 0.0208245 0.138816 0.0727488 0 0.00431761 
0.00867128 0.00812543 0.0080583 0.00803298 0.00832503 0.00805192 0.00803446 0.00807386 0.00899261 0.00821632 0.00828079 0.00821456 0.00807931 0.00816305 0.00804518 0.0080092 0.00810741 0.00867097 0.00809458 0.00871387 0.00815745 0.00893277 0.00820852 0.00811882 0.00846965 0.00850214 0.00846111 0.00819937 0.00848846 0.00869374 0.00906349 0.0082571 0.00860537 0.00819209 0.00874641 0.0112995 0.00872867 0.00882268 0.00907226 0.0145554 0.158354 0.0354614 0.00931705 0.00431761 0 
