1F3VA
HEEWVGSAYLFVESSLDKVVLSDAYAHPQQKVAVYRALQAALAESGGSPDVLQMLKIHRSDPQLIVQLRFCGRQPCGRFLRAYREGALRAALQRSLAAALAQHSVPLQLELRAGAERLDALLADEERCLSCILAQQPDRLRDEELAELEDALRNLKCG
CCCCEEEEEEEEEECCCCCCHHHHHHCCCCHHHHHHHHHHHHHHHCCCCCCEEEEEEEECCCCEEEEEEEECHHHHHHHHHHHHCCHHHHHHHHHHHHHCCCCCCCEEEEEEECCEEHHHHCCCHHHHHHHHHHCCCCECCCHHHHHHHHHHHHHCCC
0 0 0 0 0 0 0 0 0 0 0 0 0 0 0 0 0 0 0 0 0 0 0 0 0 0 0 0 0 0 0 0 0 0 0 0 0 0 0 0 0 0 0 0 0 0 0 0 0 0 0 0 0 0 0 0 0 0 0 0 0 0 0 0 0 0 0 0 0 0 0 0 0 0 0 0 0 0 0 0 0 0 0 0 0 0 0 0 0 0 0 0 0 0 0 0 0 0 0 0 0 0 0 0 0 0 0 0 0 0 0 0 0 0 0 0 0 0 0 0 0 0 0 0 0 0 0 0 0 0 0 0 0 0 0 0 0 0 0 0 0 0 0 0 0 0 0 0 0 0 0 0 0 0 0 0 0 0 
0 0 0 0 0 0 0 0 0 0 0 0 0 0 0 0 0 0 0 0 0 0 0 0 0 0 0 0 0 0 0 0 0 0 0 0 0 0 0 0 0 0 0 0 0 0 0 0 0 0 0 0 0 0 0 0 0 0 0 0 0 0 0 0 0 0 0 0 0 0 0 0 0 0 0 0 0 0 0 0 0 0 0 0 0 0 0 0 0 0 0 0 0 0 0 0 0 0 0 0 0 0 0 0 0 0 0 0 0 0 0 0 0 0 0 0 0 0 0 0 0 0 0 0 0 0 0 0 0 0 0 0 0 0 0 0 0 0 0 0 0 0 0 0 0 0 0 0 0 0 0 0 0 0 0 0 0 0 
0 0.00360764 0.00360643 0.00357339 0.00361001 0.00367075 0.00398623 0.00436154 0.00556412 0.0158366 0.0169121 0.0103163 0.0107697 0.0100816 0.011808 0.0113114 0.010734 0.0150624 0.0120567 0.0125272 0.0112302 0.0119008 0.00989827 0.0111042 0.0107259 0.0352446 0.00881879 0.00834834 0.00857339 0.00887636 0.00869969 0.00937784 0.0115523 0.00825466 0.00920311 0.00873589 
0.00360764 0 0.00358433 0.00356727 0.00362372 0.00381994 0.0045382 0.00392603 0.00452737 0.00501457 0.0129004 0.0201924 0.0168131 0.0220525 0.0148482 0.0207855 0.0175386 0.0103848 0.013106 0.0198449 0.0352369 0.0172697 0.0300796 0.0131618 0.0454832 0.00936206 0.00911022 0.00890624 0.0110515 0.00972902 0.0130697 0.0092535 0.0103874 0.00815274 0.00837234 0.00802741 
0.00360643 0.00358433 0 0.00355202 0.00357455 0.00356409 0.00354416 0.00473014 0.00378689 0.00443572 0.015157 0.0243168 0.028057 0.0260802 0.0618561 0.0190496 0.0157264 0.0104919 0.0131217 0.0286863 0.0260405 0.0687491 0.0155432 0.162155 0.0119095 0.0127347 0.00866027 0.00989384 0.0101996 0.0181795 0.011901 0.0126087 0.00917146 0.00819165 0.00816193 0.00799478 
0.00357339 0.00356727 0.00355202 0 0.00353892 0.00355463 0.00353534 0.00377853 0.00367785 0.00384837 0.0190432 0.0184023 0.0316336 0.0500694 0.0197136 0.0478116 0.0121051 0.0105282 0.0126889 0.0161822 0.0751616 0.0182931 0.230689 0.017444 0.0264191 0.00952256 0.0103663 0.00849587 0.0187877 0.0101882 0.0221029 0.00964626 0.0122005 0.00815111 0.00813933 0.00801247 
0.00361001 0.00362372 0.00357455 0.00353892 0 0.00355871 0.00388026 0.00354671 0.00353684 0.00369933 0.0187169 0.0466961 0.0521832 0.0346557 0.120092 0.0216937 0.0236747 0.0109603 0.0153134 0.0611323 0.0364904 0.253352 0.0210738 0.0890318 0.0130071 0.0132885 0.00893909 0.0160679 0.0122213 0.0296457 0.0143762 0.0395835 0.0093596 0.00833703 0.00830628 0.00809859 
0.00367075 0.00381994 0.00356409 0.00355463 0.00355871 0 0.00355059 0.00358212 0.00357072 0.00363292 0.0277307 0.0233556 0.068343 0.0838673 0.0341375 0.0758 0.0152989 0.010611 0.016666 0.033572 0.269322 0.0320507 0.146407 0.0284768 0.0343789 0.00991359 0.0111658 0.00926352 0.0295226 0.0156219 0.0516325 0.013353 0.0107365 0.00826427 0.00817682 0.0080367 
0.00398623 0.0045382 0.00354416 0.00353534 0.00388026 0.00355059 0 0.00353112 0.00356452 0.00356925 0.0297245 0.0626287 0.045668 0.0509114 0.122346 0.0269134 0.0267238 0.0105509 0.0160328 0.121105 0.0555891 0.142725 0.0253756 0.0950976 0.0162345 0.0117504 0.00923528 0.0143887 0.0123382 0.0333994 0.0147097 0.0150911 0.00961965 0.0082495 0.00824077 0.00807514 
0.00436154 0.00392603 0.00473014 0.00377853 0.00354671 0.00358212 0.00353112 0 0.00354517 0.00362268 0.0316 0.0221232 0.0597309 0.0582256 0.0309108 0.0683474 0.0145394 0.0108811 0.0363903 0.0283709 0.10411 0.0254906 0.0914058 0.019304 0.024403 0.00980254 0.010553 0.00868528 0.0214168 0.0104694 0.0239018 0.0103354 0.0102798 0.00821074 0.00831109 0.00806376 
0.00556412 0.00452737 0.00378689 0.00367785 0.00353684 0.00357072 0.00356452 0.00354517 0 0.00358764 0.0122908 0.038172 0.0198525 0.0248969 0.0326434 0.0163133 0.0421898 0.0121626 0.0141667 0.024929 0.0154031 0.0306859 0.01143 0.0265614 0.0124706 0.0109831 0.00888621 0.0116999 0.00887422 0.0113898 0.00977877 0.0115252 0.00894325 0.00834568 0.00839333 0.00815587 
0.0158366 0.00501457 0.00443572 0.00384837 0.00369933 0.00363292 0.00356925 0.00362268 0.00358764 0 0.0257942 0.00963589 0.0245884 0.0182453 0.0136769 0.0170024 0.013122 0.0354188 0.0218725 0.0112242 0.0137144 0.0100302 0.0136303 0.00911244 0.010277 0.0138337 0.0325625 0.0085297 0.00929427 0.00857636 0.00975315 0.00830962 0.0107321 0.00847464 0.00833603 0.00923757 
0.0169121 0.0129004 0.015157 0.0190432 0.0187169 0.0277307 0.0297245 0.0316 0.0122908 0.0257942 0 0.00359739 0.00362683 0.00368888 0.00366531 0.00398656 0.00380345 0.00507004 0.00722515 0.00702908 0.00918677 0.00784291 0.00961215 0.00819294 0.213932 0.405848 0.0222771 0.00872595 0.0125979 0.00897054 0.0115776 0.0092618 0.0260245 0.00918979 0.0105673 0.0101252 
0.0103163 0.0201924 0.0243168 0.0184023 0.0466961 0.0233556 0.0626287 0.0221232 0.038172 0.00963589 0.00359739 0 0.00352901 0.00353893 0.00356319 0.00351524 0.00383765 0.00370661 0.00733189 0.00756346 0.00731043 0.013343 0.00795944 0.33853 0.239287 0.0169458 0.00897367 0.022602 0.0089845 0.0239181 0.00973112 0.0197911 0.012003 0.0084883 0.00925216 0.00826816 
0.0107697 0.0168131 0.028057 0.0316336 0.0521832 0.068343 0.045668 0.0597309 0.0198525 0.0245884 0.00362683 0.00352901 0 0.00355025 0.00352272 0.00360786 0.00354352 0.00359428 0.00721071 0.00825068 0.0126036 0.010991 0.25623 0.286151 0.0562341 0.00901308 0.0178018 0.00969216 0.029018 0.0151862 0.034381 0.0162942 0.0104819 0.00847239 0.0086002 0.00822648 
0.0100816 0.0220525 0.0260802 0.0500694 0.0346557 0.0838673 0.0509114 0.0582256 0.0248969 0.0182453 0.00368888 0.00353893 0.00355025 0 0.00354063 0.00354155 0.00353297 0.00357954 0.00626245 0.00749757 0.0132368 0.0344778 0.373475 0.0322347 0.0130663 0.0283714 0.0149478 0.0105769 0.0310863 0.0170557 0.0434447 0.0110914 0.013039 0.0085642 0.00862062 0.00839792 
0.011808 0.0148482 0.0618561 0.0197136 0.120092 0.0341375 0.122346 0.0309108 0.0326434 0.0136769 0.00366531 0.00356319 0.00352272 0.00354063 0 0.00352668 0.0035263 0.00360046 0.00480514 0.009808 0.0284005 0.864171 0.0313361 0.024486 0.0121842 0.0073798 0.00998953 0.0354667 0.0113458 0.136776 0.0119042 0.0338371 0.0103612 0.00869934 0.00875285 0.00837986 
0.0113114 0.0207855 0.0190496 0.0478116 0.0216937 0.0758 0.0269134 0.0683474 0.0163133 0.0170024 0.00398656 0.00351524 0.00360786 0.00354155 0.00352668 0 0.00352702 0.00354048 0.0051991 0.00856 0.918211 0.0319021 0.0176454 0.00860944 0.0165259 0.00677208 0.0211007 0.0094585 0.077901 0.0117251 0.0651801 0.0107927 0.0134257 0.00882607 0.00861585 0.00838661 
0.010734 0.0175386 0.0157264 0.0121051 0.0236747 0.0152989 0.0267238 0.0145394 0.0421898 0.013122 0.00380345 0.00383765 0.00354352 0.00353297 0.0035263 0.00352702 0 0.0035752 0.00590855 0.886995 0.0100099 0.0175055 0.00682621 0.0153288 0.0082298 0.00684812 0.0100876 0.0268605 0.00957958 0.0184521 0.0113107 0.0215461 0.0104425 0.00867126 0.00876214 0.00843748 
0.0150624 0.0103848 0.0104919 0.0105282 0.0109603 0.010611 0.0105509 0.0108811 0.0121626 0.0354188 0.00507004 0.00370661 0.00359428 0.00357954 0.00360046 0.00354048 0.0035752 0 0.904427 0.00590466 0.00484255 0.00524675 0.00678832 0.00636176 0.00752904 0.00683974 0.0182358 0.00941798 0.00924079 0.00983541 0.00996357 0.00970809 0.0162496 0.0096744 0.00925822 0.00996057 
0.0120567 0.013106 0.0131217 0.0126889 0.0153134 0.016666 0.0160328 0.0363903 0.0141667 0.0218725 0.00722515 0.00733189 0.00721071 0.00626245 0.00480514 0.0051991 0.00590855 0.904427 0 0.00358166 0.00359055 0.00359009 0.00363123 0.0036693 0.0054748 0.0055961 0.0620483 0.0139974 0.0136524 0.0123535 0.0147966 0.0123162 0.0328865 0.0120376 0.0147298 0.0114176 
0.0125272 0.0198449 0.0286863 0.0161822 0.0611323 0.033572 0.121105 0.0283709 0.024929 0.0112242 0.00702908 0.00756346 0.00825068 0.00749757 0.009808 0.00856 0.886995 0.00590466 0.00358166 0 0.00358509 0.0035756 0.00355193 0.00375539 0.00420325 0.00399118 0.0354466 0.0484837 0.0155858 0.0357771 0.0170432 0.0341128 0.0127784 0.00985991 0.00938486 0.00854288 
0.0112302 0.0352369 0.0260405 0.0751616 0.0364904 0.269322 0.0555891 0.10411 0.0154031 0.0137144 0.00918677 0.00731043 0.0126036 0.0132368 0.0284005 0.918211 0.0100099 0.00484255 0.00359055 0.00358509 0 0.00358696 0.00359359 0.00361438 0.00365316 0.0036672 0.0637033 0.0184556 0.112024 0.0161247 0.141163 0.0124855 0.0181988 0.00884505 0.00894645 0.00848752 
0.0119008 0.0172697 0.0687491 0.0182931 0.253352 0.0320507 0.142725 0.0254906 0.0306859 0.0100302 0.00784291 0.013343 0.010991 0.0344778 0.864171 0.0319021 0.0175055 0.00524675 0.00359009 0.0035756 0.00358696 0 0.0056301 0.00354393 0.00356906 0.00361302 0.0158258 0.0766174 0.013091 0.187836 0.0146379 0.0626636 0.0109428 0.00907059 0.00917868 0.00882003 
0.00989827 0.0300796 0.0155432 0.230689 0.0210738 0.146407 0.0253756 0.0914058 0.01143 0.0136303 0.00961215 0.00795944 0.25623 0.373475 0.0313361 0.0176454 0.00682621 0.00678832 0.00363123 0.00355193 0.00359359 0.0056301 0 0.00353146 0.00363876 0.00354984 0.0558472 0.0104335 0.214311 0.0118153 0.15802 0.0110683 0.0200692 0.00888639 0.00882652 0.00839403 
0.0111042 0.0131618 0.162155 0.017444 0.0890318 0.0284768 0.0950976 0.019304 0.0265614 0.00911244 0.00819294 0.33853 0.286151 0.0322347 0.024486 0.00860944 0.0153288 0.00636176 0.0036693 0.00375539 0.00361438 0.00354393 0.00353146 0 0.00355905 0.00354451 0.0122624 0.0961098 0.0129956 0.170394 0.0156655 0.0381544 0.0108845 0.0088877 0.0095108 0.0084272 
0.0107259 0.0454832 0.0119095 0.0264191 0.0130071 0.0343789 0.0162345 0.024403 0.0124706 0.010277 0.213932 0.239287 0.0562341 0.0130663 0.0121842 0.0165259 0.0082298 0.00752904 0.0054748 0.00420325 0.00365316 0.00356906 0.00363876 0.00355905 0 0.00356633 0.031771 0.0195763 0.0390221 0.0170549 0.0539184 0.0279783 0.0202559 0.00972548 0.00934714 0.0086043 
0.0352446 0.00936206 0.0127347 0.00952256 0.0132885 0.00991359 0.0117504 0.00980254 0.0109831 0.0138337 0.405848 0.0169458 0.00901308 0.0283714 0.0073798 0.00677208 0.00684812 0.00683974 0.0055961 0.00399118 0.0036672 0.00361302 0.00354984 0.00354451 0.00356633 0 0.0189289 0.0123862 0.014415 0.016653 0.0151973 0.0257575 0.036201 0.0128269 0.0128148 0.0139839 
0.00881879 0.00911022 0.00866027 0.0103663 0.00893909 0.0111658 0.00923528 0.010553 0.00888621 0.0325625 0.0222771 0.00897367 0.0178018 0.0149478 0.00998953 0.0211007 0.0100876 0.0182358 0.0620483 0.0354466 0.0637033 0.0158258 0.0558472 0.0122624 0.031771 0.0189289 0 0.00358152 0.00384434 0.00367008 0.00454901 0.00379072 0.00743698 0.00540427 0.00630328 0.0210628 
0.00834834 0.00890624 0.00989384 0.00849587 0.0160679 0.00926352 0.0143887 0.00868528 0.0116999 0.0085297 0.00872595 0.022602 0.00969216 0.0105769 0.0354667 0.0094585 0.0268605 0.00941798 0.0139974 0.0484837 0.0184556 0.0766174 0.0104335 0.0961098 0.0195763 0.0123862 0.00358152 0 0.0035578 0.00357151 0.00359241 0.00402632 0.00366315 0.00485189 0.00526719 0.0108766 
0.00857339 0.0110515 0.0101996 0.0187877 0.0122213 0.0295226 0.0123382 0.0214168 0.00887422 0.00929427 0.0125979 0.0089845 0.029018 0.0310863 0.0113458 0.077901 0.00957958 0.00924079 0.0136524 0.0155858 0.112024 0.013091 0.214311 0.0129956 0.0390221 0.014415 0.00384434 0.0035578 0 0.00356687 0.0039 0.00354752 0.00361929 0.00487682 0.00381516 0.00920619 
0.00887636 0.00972902 0.0181795 0.0101882 0.0296457 0.0156219 0.0333994 0.0104694 0.0113898 0.00857636 0.00897054 0.0239181 0.0151862 0.0170557 0.136776 0.0117251 0.0184521 0.00983541 0.0123535 0.0357771 0.0161247 0.187836 0.0118153 0.170394 0.0170549 0.016653 0.00367008 0.00357151 0.00356687 0 0.00355775 0.00354892 0.00356088 0.00384446 0.0045673 0.00970971 
0.00869969 0.0130697 0.011901 0.0221029 0.0143762 0.0516325 0.0147097 0.0239018 0.00977877 0.00975315 0.0115776 0.00973112 0.034381 0.0434447 0.0119042 0.0651801 0.0113107 0.00996357 0.0147966 0.0170432 0.141163 0.0146379 0.15802 0.0156655 0.0539184 0.0151973 0.00454901 0.00359241 0.0039 0.00355775 0 0.0035429 0.00359571 0.00496354 0.00420401 0.0128389 
0.00937784 0.0092535 0.0126087 0.00964626 0.0395835 0.013353 0.0150911 0.0103354 0.0115252 0.00830962 0.0092618 0.0197911 0.0162942 0.0110914 0.0338371 0.0107927 0.0215461 0.00970809 0.0123162 0.0341128 0.0124855 0.0626636 0.0110683 0.0381544 0.0279783 0.0257575 0.00379072 0.00402632 0.00354752 0.00354892 0.0035429 0 0.00361123 0.00496884 0.76291 0.00999698 
0.0115523 0.0103874 0.00917146 0.0122005 0.0093596 0.0107365 0.00961965 0.0102798 0.00894325 0.0107321 0.0260245 0.012003 0.0104819 0.013039 0.0103612 0.0134257 0.0104425 0.0162496 0.0328865 0.0127784 0.0181988 0.0109428 0.0200692 0.0108845 0.0202559 0.036201 0.00743698 0.00366315 0.00361929 0.00356088 0.00359571 0.00361123 0 0.85034 0.00379072 0.0180993 
0.00825466 0.00815274 0.00819165 0.00815111 0.00833703 0.00826427 0.0082495 0.00821074 0.00834568 0.00847464 0.00918979 0.0084883 0.00847239 0.0085642 0.00869934 0.00882607 0.00867126 0.0096744 0.0120376 0.00985991 0.00884505 0.00907059 0.00888639 0.0088877 0.00972548 0.0128269 0.00540427 0.00485189 0.00487682 0.00384446 0.00496354 0.00496884 0.85034 0 0.00517435 0.0170038 
0.00920311 0.00837234 0.00816193 0.00813933 0.00830628 0.00817682 0.00824077 0.00831109 0.00839333 0.00833603 0.0105673 0.00925216 0.0086002 0.00862062 0.00875285 0.00861585 0.00876214 0.00925822 0.0147298 0.00938486 0.00894645 0.00917868 0.00882652 0.0095108 0.00934714 0.0128148 0.00630328 0.00526719 0.00381516 0.0045673 0.00420401 0.76291 0.00379072 0.00517435 0 0.0336107 
0.00873589 0.00802741 0.00799478 0.00801247 0.00809859 0.0080367 0.00807514 0.00806376 0.00815587 0.00923757 0.0101252 0.00826816 0.00822648 0.00839792 0.00837986 0.00838661 0.00843748 0.00996057 0.0114176 0.00854288 0.00848752 0.00882003 0.00839403 0.0084272 0.0086043 0.0139839 0.0210628 0.0108766 0.00920619 0.00970971 0.0128389 0.00999698 0.0180993 0.0170038 0.0336107 0 
