1F3ZA
TIEIIAPLSGEIVNIEDVPDVVFAEKIVGDGIAIKPTGNKMVAPVDGTIGKIFETNHAFSIESDSGVELFVHFGIDTVELKGEGFKRIAEEGQRVKVGDTVIEFDLPLLEEKAKSTLTPVVISNMDEIKELIKLSGSVTVGETPVIRIKK
CEEEECCCCEEEEEHHHCCCHHHHCCCCCEEEEEEECCCEEECCCCEEEEEECCCCCEEEEEECCCCEEEEECCECHHHHCCCCEEECCCCCCEECCCCEEEEECHHHHHHHCCECCEEEEECCHHHCCEEEECCCEECCCCCEEEEEEC
0 0 0 0 0 0 0 0 0 0 0 0 0 0 0 0 0 0 0 0 0 0 0 0 0 0 0 0 0 0 0 0 0 0 0 0 0 0 0 0 0 0 0 0 0 0 0 0 0 0 0 0 0 0 0 0 0 0 0 0 0 0 0 0 0 0 0 0 0 0 0 0 0 0 0 0 0 0 0 0 0 0 0 0 0 0 0 0 0 0 0 0 0 0 0 0 0 0 0 0 0 0 0 0 0 0 0 0 0 0 0 0 0 0 0 0 0 0 0 0 0 0 0 0 0 0 0 0 0 0 0 0 0 0 0 0 0 0 0 0 0 0 0 0 0 0 0 0 0 0 
0 0 0 0 0 0 0 0 0 0 0 0 0 0 0 0 0 0 0 0 0 0 0 0 0 0 0 0 0 0 0 0 0 0 0 0 0 0 0 0 0 0 0 0 0 0 0 0 0 0 0 0 0 0 0 0 0 0 0 0 0 0 0 0 0 0 0 0 0 0 0 0 0 0 0 0 0 0 0 0 0 0 0 0 0 0 0 0 0 0 0 0 0 0 0 0 0 0 0 0 0 0 0 0 0 0 0 0 0 0 0 0 0 0 0 0 0 0 0 0 0 0 0 0 0 0 0 0 0 0 0 0 0 0 0 0 0 0 0 0 0 0 0 0 0 0 0 0 0 0 
0 0.00381689 0.00397948 0.00471 0.0193449 0.0063726 0.0218208 0.0262513 0.018328 0.038804 0.0147196 0.0332837 0.0120639 0.0406827 0.00954818 0.0693484 0.0126101 0.0172787 0.0221816 0.0760912 0.00870935 0.0319794 0.0100708 0.010012 0.0385006 0.0129546 0.0223436 0.00891706 0.0378776 0.00885752 0.0473737 0.00967598 0.031711 0.0103568 0.021878 0.0129567 0.0194077 0.00936266 0.00897588 0.0142216 0.00844836 0.016138 0.010275 0.0092171 0.0129301 0.00874279 0.030428 0.0104638 0.00903397 0.00968444 0.0107689 0.0101197 0.0183819 0.00884518 0.0101696 0.00846508 0.00997447 0.00816661 0.0110812 0.00864066 0.0084358 0.0101517 0.00845133 0.0115185 0.00885993 
0.00381689 0 0.00364254 0.00361297 0.00592199 0.0251911 0.00868358 0.0105629 0.0100362 0.0140194 0.0730581 0.014936 0.0786287 0.00984016 0.0818643 0.00870528 0.0248426 0.0152307 0.016264 0.00964409 0.101296 0.00919125 0.0202536 0.028224 0.00895991 0.0249925 0.0129799 0.0843914 0.00888538 0.0379281 0.00866222 0.0292725 0.0130353 0.0748972 0.0148296 0.0156388 0.00845137 0.00952337 0.0111386 0.00918154 0.0097583 0.00834192 0.0106433 0.0122381 0.0096228 0.0229881 0.0083492 0.00842386 0.009003 0.0105812 0.0138647 0.0150465 0.00874825 0.00977407 0.00831551 0.00914185 0.00856573 0.00910827 0.00811186 0.00889328 0.00911792 0.00876947 0.0220517 0.00901972 0.00980525 
0.00397948 0.00364254 0 0.00355224 0.0142113 0.00828573 0.0275374 0.00806236 0.00496519 0.0123132 0.0187387 0.0676511 0.0138515 0.102119 0.00963049 0.0147087 0.00939206 0.0780277 0.012722 0.0253219 0.00944793 0.0280534 0.0132154 0.0158422 0.0120158 0.0107923 0.0737971 0.0103903 0.0551578 0.0094054 0.0116359 0.00948558 0.0588927 0.0171432 0.129373 0.0118576 0.0107033 0.0103675 0.0120391 0.00902359 0.00835447 0.00960411 0.00914827 0.010269 0.0320028 0.0096395 0.012101 0.00846518 0.00911985 0.0108903 0.0211234 0.0129134 0.0105762 0.00837276 0.00963059 0.00848535 0.00824945 0.00810676 0.00848383 0.00821112 0.00879753 0.0118547 0.00920411 0.0104091 0.00830876 
0.00471 0.00361297 0.00355224 0 0.0186924 0.0123327 0.00505512 0.00530165 0.00461647 0.017203 0.015741 0.012894 0.0361418 0.0103521 0.0167681 0.0103382 0.0249933 0.0111693 0.0615236 0.0196376 0.0129966 0.00920151 0.00997999 0.0112809 0.0132526 0.0378465 0.0103151 0.0209566 0.00913521 0.0127851 0.0114026 0.0201956 0.0103735 0.0161459 0.0161131 0.0522949 0.0144434 0.0171917 0.00894514 0.0101047 0.0102334 0.00919014 0.0126561 0.0104015 0.00911785 0.010525 0.00988337 0.010754 0.0121853 0.00883619 0.0106824 0.0128332 0.0100811 0.00983138 0.00834236 0.00846458 0.00828123 0.00885585 0.00845637 0.00879061 0.00864117 0.00889901 0.00916139 0.00836105 0.00901488 
0.0193449 0.00592199 0.0142113 0.0186924 0 0.00356838 0.00362041 0.00413383 0.00384734 0.0188827 0.0112736 0.0209209 0.00952733 0.0321449 0.00884332 0.267975 0.00969208 0.0142495 0.0194695 0.0376869 0.00861174 0.015103 0.0093379 0.00933595 0.0472145 0.0110267 0.0171517 0.00867219 0.0180505 0.00878806 0.036583 0.00902091 0.0198044 0.00920424 0.0146491 0.0120439 0.0186795 0.00900404 0.00866489 0.0138594 0.00832322 0.0166917 0.00894056 0.00888016 0.0102128 0.0084696 0.0270728 0.0108872 0.00860822 0.00900406 0.00975269 0.0093396 0.0173509 0.0082654 0.00944144 0.00826692 0.00941882 0.00804239 0.0108322 0.00827691 0.00830748 0.00931534 0.00826329 0.00964183 0.00862247 
0.0063726 0.0251911 0.00828573 0.0123327 0.00356838 0 0.00356791 0.00353189 0.00365635 0.00934044 0.0326169 0.0110582 0.0364105 0.00936652 0.250437 0.0084449 0.0124208 0.0103504 0.0123469 0.00882945 0.0322055 0.00851386 0.0112666 0.0160014 0.00874335 0.0117052 0.0097402 0.0284083 0.00862055 0.0200823 0.00865226 0.0161495 0.00982313 0.0247263 0.0113935 0.0124905 0.00849035 0.00867669 0.00890709 0.00877453 0.00901041 0.00821796 0.00890306 0.00927704 0.00871161 0.0194491 0.00836469 0.00817008 0.00843879 0.00895481 0.0106524 0.013129 0.00863548 0.00864778 0.00823516 0.00851408 0.00850728 0.00865264 0.00799494 0.00824781 0.00847241 0.00847217 0.0104237 0.00852306 0.00863115 
0.0218208 0.00868358 0.0275374 0.00505512 0.00362041 0.00356791 0 0.00353651 0.00352639 0.00954616 0.0141479 0.067288 0.0135363 0.264308 0.00854575 0.00942727 0.00949594 0.0101198 0.00962621 0.0129327 0.00871863 0.0152606 0.0115005 0.00939693 0.00930131 0.0096204 0.016379 0.0103043 0.0220417 0.00870839 0.00901937 0.00930164 0.0188527 0.0187574 0.0176071 0.00920126 0.00856412 0.00875201 0.00849207 0.00859969 0.00816897 0.00833078 0.0088939 0.00881207 0.020105 0.00851966 0.00901653 0.00813804 0.00842512 0.00907507 0.0145319 0.00981368 0.00889929 0.00817163 0.00842309 0.00840088 0.00821723 0.00801988 0.00817622 0.00815929 0.00841591 0.00965351 0.0086452 0.00894679 0.0083576 
0.0262513 0.0105629 0.00806236 0.00530165 0.00413383 0.00353189 0.00353651 0 0.00353726 0.00871752 0.0205509 0.0161219 0.172601 0.0120614 0.011322 0.00950896 0.00913086 0.0172076 0.0113693 0.013762 0.00996612 0.0110482 0.0096173 0.010395 0.0102466 0.0117093 0.0161809 0.0102964 0.0138788 0.00918989 0.00938966 0.00941595 0.0185018 0.0120434 0.0231239 0.0107861 0.00979386 0.00930741 0.0096682 0.0085075 0.00828481 0.00874053 0.00881345 0.0121925 0.00980215 0.00882607 0.00992224 0.00837286 0.00857787 0.00951309 0.0108472 0.00952597 0.00910024 0.00836203 0.00854522 0.00835348 0.00813928 0.00808074 0.00826937 0.0081172 0.00859364 0.0088237 0.00860653 0.00913297 0.00815615 
0.018328 0.0100362 0.00496519 0.00461647 0.00384734 0.00365635 0.00352639 0.00353726 0 0.01945 0.00939677 0.121224 0.0127025 0.00932743 0.0139125 0.00804158 0.0214403 0.00948549 0.0234027 0.0143015 0.0168379 0.00885473 0.00953287 0.0115328 0.011656 0.0305028 0.00955005 0.0124138 0.00877664 0.0127481 0.00983509 0.0364934 0.00934137 0.0130077 0.0103018 0.0210283 0.0119188 0.0173467 0.00938897 0.00895563 0.0153196 0.00831469 0.0169645 0.00930917 0.00869881 0.0118517 0.00833254 0.00994506 0.0118313 0.00852122 0.00908696 0.0102163 0.00867962 0.0107853 0.00836171 0.00849602 0.00828754 0.0102732 0.00826751 0.00964704 0.00880808 0.00834973 0.00975599 0.00816364 0.0086787 
0.038804 0.0140194 0.0123132 0.017203 0.0188827 0.00934044 0.00954616 0.00871752 0.01945 0 0.00395971 0.00350955 0.00359351 0.00354074 0.00446036 0.00412074 0.00552446 0.00610885 0.0128034 0.00841937 0.00995764 0.00936834 0.00911742 0.0108981 0.0308851 0.0118549 0.00991813 0.00947649 0.00927057 0.00928983 0.0189818 0.0135826 0.0114565 0.0100865 0.0121795 0.0168766 0.0126521 0.00897821 0.00863382 0.0133099 0.00857982 0.0107992 0.00937598 0.00853781 0.00885642 0.00896822 0.0139187 0.00986718 0.00873339 0.00876527 0.009582 0.00948345 0.0128213 0.00840876 0.00810029 0.00821354 0.0098472 0.0081476 0.00865357 0.00818504 0.00810225 0.00836846 0.00841408 0.00859994 0.00945663 
0.0147196 0.0730581 0.0187387 0.015741 0.0112736 0.0326169 0.0141479 0.0205509 0.00939677 0.00395971 0 0.00360447 0.00354633 0.00356992 0.00386756 0.00376575 0.004958 0.00848616 0.0073666 0.00895802 0.0111404 0.0119323 0.0107727 0.0174784 0.0119311 0.0118263 0.0156653 0.0131427 0.00993118 0.013245 0.00995826 0.0127796 0.0214746 0.0204789 0.0192428 0.0138328 0.00925276 0.00912533 0.0112014 0.00951076 0.00859671 0.00942251 0.00896878 0.011176 0.0127165 0.0120778 0.00934838 0.0088805 0.00903722 0.0127286 0.0164896 0.0157167 0.00983717 0.00842152 0.00861957 0.00885192 0.00874824 0.00821812 0.00826198 0.00825574 0.0088119 0.0099711 0.00959323 0.00965488 0.00920958 
0.0332837 0.014936 0.0676511 0.012894 0.0209209 0.0110582 0.067288 0.0161219 0.121224 0.00350955 0.00360447 0 0.00354315 0.00356147 0.00353644 0.00359592 0.00479913 0.00634821 0.00887376 0.022128 0.0248325 0.0275319 0.0134218 0.0135165 0.0121528 0.0124587 0.0229232 0.0133574 0.0257025 0.00970875 0.0126509 0.0111953 0.0468178 0.0251524 0.0490107 0.0132626 0.00977372 0.00979284 0.00919964 0.0102039 0.0084339 0.00934184 0.00976089 0.0116381 0.0298318 0.0108071 0.0127383 0.00865426 0.00983661 0.016046 0.0546045 0.0165283 0.0124648 0.00874935 0.00958602 0.00878047 0.00870946 0.00814682 0.00839064 0.00835254 0.00966974 0.0150037 0.012251 0.0102439 0.00902401 
0.0120639 0.0786287 0.0138515 0.0361418 0.00952733 0.0364105 0.0135363 0.172601 0.0127025 0.00359351 0.00354633 0.00354315 0 0.00355216 0.00361982 0.00360089 0.00673578 0.00652388 0.0173203 0.0087524 0.0270611 0.0091477 0.0162981 0.0162241 0.0104339 0.0118049 0.0123612 0.039096 0.0101788 0.0220224 0.00882112 0.0184949 0.0132379 0.101668 0.0181569 0.0194238 0.0088317 0.00985592 0.00981501 0.0100507 0.00914211 0.00859273 0.0104814 0.0146524 0.0158567 0.0253987 0.00915066 0.00868238 0.00974957 0.0159027 0.0370731 0.0296593 0.0100852 0.00926086 0.00885062 0.00924645 0.00865836 0.00841164 0.0081588 0.00849953 0.00996512 0.0123178 0.0201901 0.00920367 0.00944253 
0.0406827 0.00984016 0.102119 0.0103521 0.0321449 0.00936652 0.264308 0.0120614 0.00932743 0.00354074 0.00356992 0.00356147 0.00355216 0 0.00354845 0.00354917 0.00389012 0.0109352 0.0167156 0.0262538 0.00807656 0.0388876 0.00946823 0.00968529 0.0144294 0.00942703 0.0272793 0.00953919 0.0554183 0.00860073 0.0115601 0.00948836 0.06158 0.0153102 0.0453775 0.0108142 0.0108272 0.00977207 0.00918603 0.0106347 0.00840063 0.0098057 0.00941065 0.0125389 0.0437525 0.00903844 0.0137856 0.0088418 0.00932049 0.0145414 0.0426023 0.0113289 0.0121438 0.00850526 0.0108248 0.00860124 0.00855593 0.00817567 0.00861626 0.00833556 0.00932839 0.0188115 0.00947359 0.0116977 0.00864592 
0.00954818 0.0818643 0.00963049 0.0167681 0.00884332 0.250437 0.00854575 0.011322 0.0139125 0.00446036 0.00386756 0.00353644 0.00361982 0.00354845 0 0.00354487 0.0159163 0.0151974 0.00583808 0.00602448 0.0298848 0.00676063 0.00931136 0.0128885 0.00760492 0.0105453 0.00927314 0.0276253 0.00831354 0.0188008 0.00809178 0.0271125 0.00925142 0.0307683 0.0119716 0.0147643 0.00870849 0.0100952 0.0100283 0.00841728 0.00991045 0.00827941 0.0110497 0.0106172 0.00893399 0.0193357 0.00825949 0.00830163 0.00879509 0.00872107 0.00992142 0.016944 0.00855881 0.00930982 0.00835448 0.00858869 0.00805111 0.00870577 0.00804414 0.00846323 0.00856837 0.00841879 0.0105097 0.00822376 0.00868498 
0.0693484 0.00870528 0.0147087 0.0103382 0.267975 0.0084449 0.00942727 0.00950896 0.00804158 0.00412074 0.00376575 0.00359592 0.00360089 0.00354917 0.00354487 0 0.00714296 0.010895 0.00371776 0.0245569 0.00624422 0.00942067 0.00675441 0.00672017 0.00990863 0.0110978 0.0177058 0.00798315 0.0153122 0.00810071 0.012892 0.0101076 0.0156852 0.00876314 0.0150589 0.00999294 0.0200571 0.0160795 0.00860521 0.0087169 0.00891451 0.0119341 0.0110404 0.0091868 0.0101792 0.00829362 0.0156336 0.0103424 0.0100759 0.00857751 0.00932527 0.00866237 0.0112652 0.00852445 0.00935457 0.00814852 0.00814098 0.00825933 0.00961936 0.0084018 0.0084032 0.00900054 0.00812082 0.00999416 0.00809539 
0.0126101 0.0248426 0.00939206 0.0249933 0.00969208 0.0124208 0.00949594 0.00913086 0.0214403 0.00552446 0.004958 0.00479913 0.00673578 0.00389012 0.0159163 0.00714296 0 0.00385234 0.00358506 0.00395054 0.00840908 0.00612359 0.00702208 0.00695668 0.0131421 0.0130572 0.00773861 0.0138229 0.00809654 0.0125109 0.0107121 0.0361398 0.00919899 0.023265 0.0102535 0.0171785 0.0111796 0.0106455 0.00882537 0.0141374 0.0104919 0.0105153 0.0135169 0.00912153 0.00871662 0.0119247 0.00977604 0.00982965 0.00973939 0.00864684 0.00927284 0.0100341 0.0101464 0.0103795 0.00809898 0.00857302 0.00982702 0.00887806 0.00851129 0.00866749 0.00825409 0.00829328 0.00958714 0.00826834 0.0106106 
0.0172787 0.0152307 0.0780277 0.0111693 0.0142495 0.0103504 0.0101198 0.0172076 0.00948549 0.00610885 0.00848616 0.00634821 0.00652388 0.0109352 0.0151974 0.010895 0.00385234 0 0.00361539 0.00647925 0.00512915 0.00717616 0.00565053 0.00839318 0.00719475 0.00810709 0.0281185 0.00777528 0.0126275 0.00958919 0.0106723 0.00930648 0.0595671 0.0104291 0.0761902 0.0104649 0.0125931 0.00939854 0.0240637 0.00892415 0.00920436 0.0130087 0.00905476 0.0114128 0.0120041 0.00988595 0.0114562 0.00921109 0.0087842 0.0102452 0.0103779 0.0133934 0.00984687 0.0083719 0.00928657 0.00860398 0.00842663 0.00823746 0.00860757 0.00814618 0.00862949 0.00924889 0.00848146 0.0104466 0.00839151 
0.0221816 0.016264 0.012722 0.0615236 0.0194695 0.0123469 0.00962621 0.0113693 0.0234027 0.0128034 0.0073666 0.00887376 0.0173203 0.0167156 0.00583808 0.00371776 0.00358506 0.00361539 0 0.00608211 0.00608625 0.004024 0.00475207 0.00549801 0.00710315 0.0201199 0.00856827 0.0121318 0.00846072 0.0120067 0.0114715 0.0399235 0.0100806 0.0167575 0.0148806 0.0540373 0.0183087 0.0303256 0.00935073 0.0135081 0.0122584 0.0104012 0.0161191 0.0106737 0.00963419 0.014392 0.011905 0.0121596 0.0148929 0.00903511 0.0120162 0.0150641 0.0137687 0.0110421 0.00864029 0.00868564 0.00875363 0.00970745 0.00870919 0.00917861 0.00902815 0.00877603 0.00944114 0.00872234 0.00934623 
0.0760912 0.00964409 0.0253219 0.0196376 0.0376869 0.00882945 0.0129327 0.013762 0.0143015 0.00841937 0.00895802 0.022128 0.0087524 0.0262538 0.00602448 0.0245569 0.00395054 0.00647925 0.00608211 0 0.00358855 0.00377337 0.00368857 0.00363561 0.0104 0.00591438 0.0112477 0.00650225 0.0202316 0.0084872 0.770014 0.00949817 0.0268165 0.00925611 0.0161078 0.0137128 0.0322866 0.0122921 0.00989846 0.021578 0.00907786 0.0373728 0.0128997 0.0132904 0.0161847 0.00893767 0.0635967 0.0169086 0.0104906 0.0122276 0.011734 0.0100472 0.0294097 0.00917955 0.0117848 0.00861826 0.0134205 0.00822393 0.0166048 0.00877367 0.00929598 0.0122512 0.00858241 0.013857 0.00972111 
0.00870935 0.101296 0.00944793 0.0129966 0.00861174 0.0322055 0.00871863 0.00996612 0.0168379 0.00995764 0.0111404 0.0248325 0.0270611 0.00807656 0.0298848 0.00624422 0.00840908 0.00512915 0.00608625 0.00358855 0 0.00358316 0.00356974 0.00434117 0.00368049 0.00793203 0.00613771 0.01439 0.00768174 0.775164 0.00967006 0.0217542 0.00856818 0.0183525 0.0118625 0.0141712 0.00882595 0.00963005 0.0108854 0.00919427 0.0139055 0.00865972 0.0128008 0.01121 0.00884468 0.0472811 0.00873898 0.00890578 0.00936346 0.00944157 0.0119124 0.0189262 0.00916549 0.0102416 0.00828871 0.00989106 0.00918047 0.00970978 0.0081512 0.00865803 0.00900265 0.00837898 0.0150849 0.00857108 0.00998876 
0.0319794 0.00919125 0.0280534 0.00920151 0.015103 0.00851386 0.0152606 0.0110482 0.00885473 0.00936834 0.0119323 0.0275319 0.0091477 0.0388876 0.00676063 0.00942067 0.00612359 0.00717616 0.004024 0.00377337 0.00358316 0 0.00354636 0.00361146 0.00369719 0.00490956 0.010905 0.00759912 0.763056 0.00794613 0.0102905 0.00801572 0.0227878 0.00942377 0.0159909 0.00852655 0.010226 0.00923368 0.00872318 0.00918607 0.00847852 0.0103809 0.00925727 0.00969735 0.0355311 0.00870699 0.0134706 0.00887367 0.00863491 0.00984402 0.0193297 0.00949636 0.0109897 0.00829605 0.00975599 0.00842864 0.00864659 0.00813847 0.00894192 0.00818329 0.00856729 0.0138062 0.00865741 0.0106749 0.00837734 
0.0100708 0.0202536 0.0132154 0.00997999 0.0093379 0.0112666 0.0115005 0.0096173 0.00953287 0.00911742 0.0107727 0.0134218 0.0162981 0.00946823 0.00931136 0.00675441 0.00702208 0.00565053 0.00475207 0.00368857 0.00356974 0.00354636 0 0.00354326 0.00354618 0.00487695 0.00732325 0.228835 0.01271 0.00801434 0.00638168 0.00943273 0.00978888 0.0147769 0.0104559 0.0098267 0.00840126 0.00899974 0.00881843 0.00893801 0.00870138 0.00871214 0.00993479 0.016581 0.0114886 0.0121616 0.00925988 0.0084416 0.00869213 0.0106109 0.0227161 0.0125759 0.0090501 0.00874813 0.00873745 0.00875588 0.00838434 0.00825969 0.00824999 0.00826456 0.00903089 0.00977993 0.0138003 0.00857977 0.00849897 
0.010012 0.028224 0.0158422 0.0112809 0.00933595 0.0160014 0.00939693 0.010395 0.0115328 0.0108981 0.0174784 0.0135165 0.0162241 0.00968529 0.0128885 0.00672017 0.00695668 0.00839318 0.00549801 0.00363561 0.00434117 0.00361146 0.00354326 0 0.00359287 0.00898518 0.154661 0.0725283 0.00639013 0.0112255 0.00619959 0.0134149 0.0126531 0.013212 0.0207193 0.0128025 0.00868316 0.0116198 0.013696 0.00863369 0.0106012 0.00872794 0.0192334 0.0121152 0.00998632 0.0192646 0.00886882 0.00849923 0.00941295 0.0105973 0.011924 0.0201517 0.00881888 0.00890579 0.00879073 0.00899171 0.0082192 0.008519 0.00817354 0.00840621 0.00900467 0.00903386 0.0103914 0.00856219 0.00862339 
0.0385006 0.00895991 0.0120158 0.0132526 0.0472145 0.00874335 0.00930131 0.0102466 0.011656 0.0308851 0.0119311 0.0121528 0.0104339 0.0144294 0.00760492 0.00990863 0.0131421 0.00719475 0.00710315 0.0104 0.00368049 0.00369719 0.00354618 0.00359287 0 0.160589 0.225732 0.00437567 0.00748955 0.00551149 0.00886678 0.0103715 0.0131094 0.00888281 0.0134253 0.0107373 0.0355415 0.0251517 0.00912087 0.0100556 0.0108613 0.0150611 0.0140862 0.0101194 0.0106631 0.00887843 0.0165755 0.0150424 0.011453 0.00881414 0.0102318 0.00920631 0.0131013 0.0102777 0.0097516 0.00842844 0.00900599 0.00884587 0.0102846 0.0090243 0.00902274 0.00909437 0.00837547 0.0104954 0.00847892 
0.0129546 0.0249925 0.0107923 0.0378465 0.0110267 0.0117052 0.0096204 0.0117093 0.0305028 0.0118549 0.0118263 0.0124587 0.0118049 0.00942703 0.0105453 0.0110978 0.0130572 0.00810709 0.0201199 0.00591438 0.00793203 0.00490956 0.00487695 0.00898518 0.160589 0 0.00357368 0.00359588 0.00355922 0.00379963 0.00522774 0.00902821 0.00640871 0.00742219 0.0103294 0.916914 0.0212734 0.0127152 0.00967686 0.0199692 0.0119806 0.014865 0.0168533 0.0110568 0.00982379 0.0136726 0.0161282 0.013606 0.0124198 0.0116918 0.0122496 0.0170925 0.0154126 0.0115908 0.00853627 0.00996551 0.010663 0.00890881 0.00978224 0.00905728 0.0089939 0.00866567 0.0100346 0.00883989 0.0143553 
0.0223436 0.0129799 0.0737971 0.0103151 0.0171517 0.0097402 0.016379 0.0161809 0.00955005 0.00991813 0.0156653 0.0229232 0.0123612 0.0272793 0.00927314 0.0177058 0.00773861 0.0281185 0.00856827 0.0112477 0.00613771 0.010905 0.00732325 0.154661 0.225732 0.00357368 0 0.00356606 0.00367193 0.0035878 0.00515162 0.00542029 0.015109 0.00732911 0.939876 0.0190568 0.0133423 0.0096541 0.0193596 0.0109017 0.00882998 0.0130402 0.0094323 0.0189515 0.0205991 0.0103337 0.0178143 0.0100269 0.0104348 0.0237091 0.0277837 0.0160105 0.0136667 0.0087299 0.0153548 0.00899638 0.00922863 0.00829415 0.00898018 0.00833775 0.0102594 0.0131933 0.00942265 0.0174632 0.00851391 
0.00891706 0.0843914 0.0103903 0.0209566 0.00867219 0.0284083 0.0103043 0.0102964 0.0124138 0.00947649 0.0131427 0.0133574 0.039096 0.00953919 0.0276253 0.00798315 0.0138229 0.00777528 0.0121318 0.00650225 0.01439 0.00759912 0.228835 0.0725283 0.00437567 0.00359588 0.00356606 0 0.00351052 0.00386813 0.00355088 0.0103222 0.0067885 0.962739 0.0135171 0.012145 0.00656904 0.0107439 0.00907991 0.00908797 0.0106881 0.00861399 0.0129834 0.0125319 0.0117723 0.0382777 0.00856363 0.00856783 0.0106834 0.0117402 0.0308769 0.0262293 0.00925433 0.0106011 0.00870173 0.0109142 0.00855371 0.00899134 0.00818472 0.00898593 0.00980276 0.0102029 0.0455339 0.00841893 0.0110425 
0.0378776 0.00888538 0.0551578 0.00913521 0.0180505 0.00862055 0.0220417 0.0138788 0.00877664 0.00927057 0.00993118 0.0257025 0.0101788 0.0554183 0.00831354 0.0153122 0.00809654 0.0126275 0.00846072 0.0202316 0.00768174 0.763056 0.01271 0.00639013 0.00748955 0.00355922 0.00367193 0.00351052 0 0.00351975 0.0036707 0.00457913 0.940421 0.0127821 0.0221933 0.00686166 0.00823641 0.00952716 0.00954325 0.0106296 0.00831026 0.0132886 0.00923313 0.0117902 0.0425196 0.00877699 0.0218347 0.00999609 0.00944986 0.018137 0.0263274 0.00998963 0.0150177 0.0084801 0.0153786 0.00872408 0.00882874 0.00812384 0.010273 0.00828227 0.00938266 0.0313215 0.00879142 0.0157039 0.00856411 
0.00885752 0.0379281 0.0094054 0.0127851 0.00878806 0.0200823 0.00870839 0.00918989 0.0127481 0.00928983 0.013245 0.00970875 0.0220224 0.00860073 0.0188008 0.00810071 0.0125109 0.00958919 0.0120067 0.0084872 0.775164 0.00794613 0.00801434 0.0112255 0.00551149 0.00379963 0.0035878 0.00386813 0.00351975 0 0.00359957 0.945356 0.00974033 0.0124171 0.00701908 0.00919811 0.00580941 0.0125747 0.0116804 0.0100635 0.0127191 0.00874307 0.0147462 0.011261 0.00885058 0.0294753 0.00850987 0.00937082 0.00941033 0.00948475 0.0105324 0.0218506 0.00872093 0.0110485 0.0086218 0.00954594 0.00846931 0.0094934 0.00822962 0.00874502 0.0115684 0.00852109 0.0119193 0.00842337 0.00946993 
0.0473737 0.00866222 0.0116359 0.0114026 0.036583 0.00865226 0.00901937 0.00938966 0.00983509 0.0189818 0.00995826 0.0126509 0.00882112 0.0115601 0.00809178 0.012892 0.0107121 0.0106723 0.0114715 0.770014 0.00967006 0.0102905 0.00638168 0.00619959 0.00886678 0.00522774 0.00515162 0.00355088 0.0036707 0.00359957 0 0.0174742 0.0213414 0.00431691 0.00646869 0.00552843 0.0102484 0.027611 0.00907615 0.0101277 0.0107853 0.0152412 0.0143313 0.0102252 0.0116495 0.00859027 0.0219218 0.0139114 0.0126729 0.0089388 0.0106776 0.00906618 0.0170232 0.0102821 0.0101971 0.00827946 0.00909052 0.0090865 0.0111943 0.0100595 0.00896245 0.00933086 0.00837686 0.0104723 0.00864739 
0.00967598 0.0292725 0.00948558 0.0201956 0.00902091 0.0161495 0.00930164 0.00941595 0.0364934 0.0135826 0.0127796 0.0111953 0.0184949 0.00948836 0.0271125 0.0101076 0.0361398 0.00930648 0.0399235 0.00949817 0.0217542 0.00801572 0.00943273 0.0134149 0.0103715 0.00902821 0.00542029 0.0103222 0.00457913 0.945356 0.0174742 0 0.00373909 0.00366981 0.00365197 0.00434124 0.00503482 0.0160236 0.0100112 0.030851 0.0260901 0.0122276 0.0674772 0.0121727 0.0092217 0.0250502 0.0112819 0.0155888 0.0215816 0.0107526 0.011994 0.0227961 0.0128853 0.0259268 0.00857679 0.0113545 0.0125159 0.0136894 0.00912994 0.0122606 0.00920935 0.00873101 0.0157916 0.00904872 0.0157818 
0.031711 0.0130353 0.0588927 0.0103735 0.0198044 0.00982313 0.0188527 0.0185018 0.00934137 0.0114565 0.0214746 0.0468178 0.0132379 0.06158 0.00925142 0.0156852 0.00919899 0.0595671 0.0100806 0.0268165 0.00856818 0.0227878 0.00978888 0.0126531 0.0131094 0.00640871 0.015109 0.0067885 0.940421 0.00974033 0.0213414 0.00373909 0 0.00355485 0.00359444 0.00366863 0.00525413 0.00996881 0.0235694 0.0169408 0.00966397 0.0293108 0.0113461 0.0394977 0.0389151 0.0105314 0.0230351 0.013559 0.0118264 0.0520111 0.0437132 0.0164412 0.0200346 0.0095103 0.0286175 0.0097698 0.0104014 0.00851587 0.0141581 0.00914795 0.0125765 0.0253088 0.0097934 0.0280565 0.00908989 
0.0103568 0.0748972 0.0171432 0.0161459 0.00920424 0.0247263 0.0187574 0.0120434 0.0130077 0.0100865 0.0204789 0.0251524 0.101668 0.0153102 0.0307683 0.00876314 0.023265 0.0104291 0.0167575 0.00925611 0.0183525 0.00942377 0.0147769 0.013212 0.00888281 0.00742219 0.00732911 0.962739 0.0127821 0.0124171 0.00431691 0.00366981 0.00355485 0 0.00354788 0.00357749 0.00364781 0.0132783 0.0203194 0.0383179 0.0104045 0.00966019 0.0145407 0.0161968 0.0370334 0.0377142 0.00967091 0.00905622 0.012704 0.0190382 0.0967139 0.052186 0.0110774 0.0121255 0.0100426 0.0144201 0.0091343 0.00896966 0.00848618 0.00916663 0.0142832 0.0163978 0.0672864 0.00955688 0.0123901 
0.021878 0.0148296 0.129373 0.0161131 0.0146491 0.0113935 0.0176071 0.0231239 0.0103018 0.0121795 0.0192428 0.0490107 0.0181569 0.0453775 0.0119716 0.0150589 0.0102535 0.0761902 0.0148806 0.0161078 0.0118625 0.0159909 0.0104559 0.0207193 0.0134253 0.0103294 0.939876 0.0135171 0.0221933 0.00701908 0.00646869 0.00365197 0.00359444 0.00354788 0 0.0035686 0.0059675 0.0167831 0.0757468 0.0138527 0.0105493 0.0185047 0.0153647 0.0213643 0.0395886 0.0335223 0.0217679 0.0114481 0.0116478 0.0331105 0.0445768 0.0590248 0.0271042 0.00924529 0.0173769 0.0108935 0.00973427 0.00861609 0.00990005 0.0089724 0.0130832 0.0262879 0.0119121 0.024005 0.00986671 
0.0129567 0.0156388 0.0118576 0.0522949 0.0120439 0.0124905 0.00920126 0.0107861 0.0210283 0.0168766 0.0138328 0.0132626 0.0194238 0.0108142 0.0147643 0.00999294 0.0171785 0.0104649 0.0540373 0.0137128 0.0141712 0.00852655 0.0098267 0.0128025 0.0107373 0.916914 0.0190568 0.012145 0.00686166 0.00919811 0.00552843 0.00434124 0.00366863 0.00357749 0.0035686 0 0.0252494 0.0398181 0.0125442 0.0187933 0.0223099 0.0107069 0.0177693 0.0119068 0.0115489 0.0258013 0.0186925 0.0128475 0.0216564 0.010072 0.0171397 0.0343481 0.0342746 0.0136641 0.00897741 0.00973894 0.0110012 0.0103802 0.00877227 0.00971509 0.0100998 0.00980866 0.0123304 0.00931662 0.0139515 
0.0194077 0.00845137 0.0107033 0.0144434 0.0186795 0.00849035 0.00856412 0.00979386 0.0119188 0.0126521 0.00925276 0.00977372 0.0088317 0.0108272 0.00870849 0.0200571 0.0111796 0.0125931 0.0183087 0.0322866 0.00882595 0.010226 0.00840126 0.00868316 0.0355415 0.0212734 0.0133423 0.00656904 0.00823641 0.00580941 0.0102484 0.00503482 0.00525413 0.00364781 0.0059675 0.0252494 0 0.0254742 0.0156069 0.0238019 0.0127257 0.0613633 0.0128225 0.0110771 0.0101466 0.00933386 0.0433047 0.230171 0.0124952 0.0100085 0.00993067 0.0100909 0.0242115 0.0119629 0.00994852 0.00876948 0.0116714 0.0110355 0.0264147 0.0101723 0.00901155 0.00905343 0.00843368 0.0105496 0.0103968 
0.00936266 0.00952337 0.0103675 0.0171917 0.00900404 0.00867669 0.00875201 0.00930741 0.0173467 0.00897821 0.00912533 0.00979284 0.00985592 0.00977207 0.0100952 0.0160795 0.0106455 0.00939854 0.0303256 0.0122921 0.00963005 0.00923368 0.00899974 0.0116198 0.0251517 0.0127152 0.0096541 0.0107439 0.00952716 0.0125747 0.027611 0.0160236 0.00996881 0.0132783 0.0167831 0.0398181 0.0254742 0 0.00386733 0.00383528 0.0136978 0.0728423 0.0154613 0.00850696 0.00992596 0.0197905 0.317806 0.0177296 0.0122133 0.0117541 0.0122668 0.0145432 0.0295598 0.0125982 0.00915917 0.011082 0.0196311 0.009918 0.0150984 0.009368 0.00882177 0.00891685 0.0100257 0.0107299 0.0201858 
0.00897588 0.0111386 0.0120391 0.00894514 0.00866489 0.00890709 0.00849207 0.0096682 0.00938897 0.00863382 0.0112014 0.00919964 0.00981501 0.00918603 0.0100283 0.00860521 0.00882537 0.0240637 0.00935073 0.00989846 0.0108854 0.00872318 0.00881843 0.013696 0.00912087 0.00967686 0.0193596 0.00907991 0.00954325 0.0116804 0.00907615 0.0100112 0.0235694 0.0203194 0.0757468 0.0125442 0.0156069 0.00386733 0 0.00437809 0.0291961 0.0903695 0.00788997 0.0181304 0.00993577 0.223869 0.0110396 0.0113424 0.00970424 0.0146714 0.0102875 0.0238624 0.00999706 0.00932824 0.0109652 0.00957226 0.00893978 0.00958091 0.00909657 0.00861458 0.00963276 0.0089538 0.00894836 0.0129803 0.00903487 
0.0142216 0.00918154 0.00902359 0.0101047 0.0138594 0.00877453 0.00859969 0.0085075 0.00895563 0.0133099 0.00951076 0.0102039 0.0100507 0.0106347 0.00841728 0.0087169 0.0141374 0.00892415 0.0135081 0.021578 0.00919427 0.00918607 0.00893801 0.00863369 0.0100556 0.0199692 0.0109017 0.00908797 0.0106296 0.0100635 0.0101277 0.030851 0.0169408 0.0383179 0.0138527 0.0187933 0.0238019 0.00383528 0.00437809 0 0.048673 0.0115472 0.0152557 0.00981917 0.123221 0.0111318 0.0114332 0.0138092 0.0175386 0.00985583 0.0117862 0.0107876 0.014389 0.0137389 0.0096653 0.00867199 0.00914946 0.0101824 0.00937123 0.0105113 0.00950811 0.00928186 0.00951925 0.00924937 0.00951336 
0.00844836 0.0097583 0.00835447 0.0102334 0.00832322 0.00901041 0.00816897 0.00828481 0.0153196 0.00857982 0.00859671 0.0084339 0.00914211 0.00840063 0.00991045 0.00891451 0.0104919 0.00920436 0.0122584 0.00907786 0.0139055 0.00847852 0.00870138 0.0106012 0.0108613 0.0119806 0.00882998 0.0106881 0.00831026 0.0127191 0.0107853 0.0260901 0.00966397 0.0104045 0.0105493 0.0223099 0.0127257 0.0136978 0.0291961 0.048673 0 0.00412818 0.0175672 0.0517631 0.00710024 0.021092 0.00640302 0.0207924 0.0125418 0.00985954 0.00900483 0.0161071 0.0116198 0.0173843 0.00905134 0.0100812 0.0130273 0.0156173 0.0114509 0.011485 0.00922065 0.00858344 0.0107249 0.00899257 0.0134433 
0.016138 0.00834192 0.00960411 0.00919014 0.0166917 0.00821796 0.00833078 0.00874053 0.00831469 0.0107992 0.00942251 0.00934184 0.00859273 0.0098057 0.00827941 0.0119341 0.0105153 0.0130087 0.0104012 0.0373728 0.00865972 0.0103809 0.00871214 0.00872794 0.0150611 0.014865 0.0130402 0.00861399 0.0132886 0.00874307 0.0152412 0.0122276 0.0293108 0.00966019 0.0185047 0.0107069 0.0613633 0.0728423 0.0903695 0.0115472 0.00412818 0 0.0428884 0.0076413 0.00574188 0.00486 0.00867607 0.0278309 0.0163926 0.0130544 0.011168 0.0111377 0.0266622 0.0125256 0.0161162 0.00923918 0.0104093 0.0150949 0.0207981 0.0115673 0.0111777 0.0106513 0.00845391 0.0158553 0.00969992 
0.010275 0.0106433 0.00914827 0.0126561 0.00894056 0.00890306 0.0088939 0.00881345 0.0169645 0.00937598 0.00896878 0.00976089 0.0104814 0.00941065 0.0110497 0.0110404 0.0135169 0.00905476 0.0161191 0.0128997 0.0128008 0.00925727 0.00993479 0.0192334 0.0140862 0.0168533 0.0094323 0.0129834 0.00923313 0.0147462 0.0143313 0.0674772 0.0113461 0.0145407 0.0153647 0.0177693 0.0128225 0.0154613 0.00788997 0.0152557 0.0175672 0.0428884 0 0.00386441 0.00358502 0.00491375 0.00459408 0.0153726 0.0484088 0.0103788 0.0123358 0.0208291 0.0183891 0.0450758 0.00942503 0.0129761 0.0168757 0.0166171 0.0125641 0.0259167 0.0101345 0.0101276 0.0183984 0.0106486 0.0241536 
0.0092171 0.0122381 0.010269 0.0104015 0.00888016 0.00927704 0.00881207 0.0121925 0.00930917 0.00853781 0.011176 0.0116381 0.0146524 0.0125389 0.0106172 0.0091868 0.00912153 0.0114128 0.0106737 0.0132904 0.01121 0.00969735 0.016581 0.0121152 0.0101194 0.0110568 0.0189515 0.0125319 0.0117902 0.011261 0.0102252 0.0121727 0.0394977 0.0161968 0.0213643 0.0119068 0.0110771 0.00850696 0.0181304 0.00981917 0.0517631 0.0076413 0.00386441 0 0.0036898 0.00365049 0.00377228 0.0102252 0.0132272 0.0506158 0.0212783 0.0311268 0.0148411 0.0111959 0.0224935 0.0131196 0.0112125 0.00979671 0.0116231 0.0103649 0.0211714 0.0146054 0.0148722 0.0198095 0.0128204 
0.0129301 0.0096228 0.0320028 0.00911785 0.0102128 0.00871161 0.020105 0.00980215 0.00869881 0.00885642 0.0127165 0.0298318 0.0158567 0.0437525 0.00893399 0.0101792 0.00871662 0.0120041 0.00963419 0.0161847 0.00884468 0.0355311 0.0114886 0.00998632 0.0106631 0.00982379 0.0205991 0.0117723 0.0425196 0.00885058 0.0116495 0.0092217 0.0389151 0.0370334 0.0395886 0.0115489 0.0101466 0.00992596 0.00993577 0.123221 0.00710024 0.00574188 0.00358502 0.0036898 0 0.00356336 0.00375778 0.00759472 0.00977025 0.0234296 0.0877063 0.0185554 0.019072 0.00959163 0.0193768 0.0135327 0.00960333 0.00858999 0.011558 0.00932807 0.0124561 0.0396665 0.0131506 0.0251631 0.00990529 
0.00874279 0.0229881 0.0096395 0.010525 0.0084696 0.0194491 0.00851966 0.00882607 0.0118517 0.00896822 0.0120778 0.0108071 0.0253987 0.00903844 0.0193357 0.00829362 0.0119247 0.00988595 0.014392 0.00893767 0.0472811 0.00870699 0.0121616 0.0192646 0.00887843 0.0136726 0.0103337 0.0382777 0.00877699 0.0294753 0.00859027 0.0250502 0.0105314 0.0377142 0.0335223 0.0258013 0.00933386 0.0197905 0.223869 0.0111318 0.021092 0.00486 0.00491375 0.00365049 0.00356336 0 0.0035858 0.00968064 0.0148076 0.0353151 0.0154244 0.0951453 0.0101385 0.0184126 0.0095273 0.0179899 0.0120285 0.0147259 0.00912592 0.0120094 0.0148768 0.0104642 0.0508318 0.00947543 0.0159622 
0.030428 0.0083492 0.012101 0.00988337 0.0270728 0.00836469 0.00901653 0.00992224 0.00833254 0.0139187 0.00934838 0.0127383 0.00915066 0.0137856 0.00825949 0.0156336 0.00977604 0.0114562 0.011905 0.0635967 0.00873898 0.0134706 0.00925988 0.00886882 0.0165755 0.0161282 0.0178143 0.00856363 0.0218347 0.00850987 0.0219218 0.0112819 0.0230351 0.00967091 0.0217679 0.0186925 0.0433047 0.317806 0.0110396 0.0114332 0.00640302 0.00867607 0.00459408 0.00377228 0.00375778 0.0035858 0 0.0587026 0.0219827 0.0108756 0.0164595 0.0119914 0.0593873 0.0112846 0.0190325 0.00937411 0.0114938 0.0107696 0.0243722 0.0123571 0.0114962 0.016716 0.00882845 0.0219661 0.0105243 
0.0104638 0.00842386 0.00846518 0.010754 0.0108872 0.00817008 0.00813804 0.00837286 0.00994506 0.00986718 0.0088805 0.00865426 0.00868238 0.0088418 0.00830163 0.0103424 0.00982965 0.00921109 0.0121596 0.0169086 0.00890578 0.00887367 0.0084416 0.00849923 0.0150424 0.013606 0.0100269 0.00856783 0.00999609 0.00937082 0.0139114 0.0155888 0.013559 0.00905622 0.0114481 0.0128475 0.230171 0.0177296 0.0113424 0.0138092 0.0207924 0.0278309 0.0153726 0.0102252 0.00759472 0.00968064 0.0587026 0 0.0182167 0.00645134 0.00398064 0.00463196 0.00704361 0.0119154 0.0102007 0.00888873 0.0158934 0.0250556 0.0339082 0.0150907 0.0127453 0.0105601 0.00953593 0.0128649 0.0156549 
0.00903397 0.009003 0.00911985 0.0121853 0.00860822 0.00843879 0.00842512 0.00857787 0.0118313 0.00873339 0.00903722 0.00983661 0.00974957 0.00932049 0.00879509 0.0100759 0.00973939 0.0087842 0.0148929 0.0104906 0.00936346 0.00863491 0.00869213 0.00941295 0.011453 0.0124198 0.0104348 0.0106834 0.00944986 0.00941033 0.0126729 0.0215816 0.0118264 0.012704 0.0116478 0.0216564 0.0124952 0.0122133 0.00970424 0.0175386 0.0125418 0.0163926 0.0484088 0.0132272 0.00977025 0.0148076 0.0219827 0.0182167 0 0.00365718 0.00361082 0.00365556 0.00384263 0.0118642 0.00685998 0.00999703 0.0495141 0.0127079 0.0144116 0.0186311 0.0110097 0.010565 0.0140181 0.0120921 0.030215 
0.00968444 0.0105812 0.0108903 0.00883619 0.00900406 0.00895481 0.00907507 0.00951309 0.00852122 0.00876527 0.0127286 0.016046 0.0159027 0.0145414 0.00872107 0.00857751 0.00864684 0.0102452 0.00903511 0.0122276 0.00944157 0.00984402 0.0106109 0.0105973 0.00881414 0.0116918 0.0237091 0.0117402 0.018137 0.00948475 0.0089388 0.0107526 0.0520111 0.0190382 0.0331105 0.010072 0.0100085 0.0117541 0.0146714 0.00985583 0.00985954 0.0130544 0.0103788 0.0506158 0.0234296 0.0353151 0.0108756 0.00645134 0.00365718 0 0.00355628 0.00360229 0.00358515 0.0084859 0.010367 0.0188175 0.0217734 0.00919571 0.0122148 0.0126171 0.0325411 0.0181307 0.0137015 0.0434469 0.0116862 
0.0107689 0.0138647 0.0211234 0.0106824 0.00975269 0.0106524 0.0145319 0.0108472 0.00908696 0.009582 0.0164896 0.0546045 0.0370731 0.0426023 0.00992142 0.00932527 0.00927284 0.0103779 0.0120162 0.011734 0.0119124 0.0193297 0.0227161 0.011924 0.0102318 0.0122496 0.0277837 0.0308769 0.0263274 0.0105324 0.0106776 0.011994 0.0437132 0.0967139 0.0445768 0.0171397 0.00993067 0.0122668 0.0102875 0.0117862 0.00900483 0.011168 0.0123358 0.0212783 0.0877063 0.0154244 0.0164595 0.00398064 0.00361082 0.00355628 0 0.00364094 0.003603 0.00904156 0.0233381 0.0217912 0.0322721 0.00873842 0.0108882 0.0117749 0.0175238 0.0558588 0.0407905 0.0180826 0.0162194 
0.0101197 0.0150465 0.0129134 0.0128332 0.0093396 0.013129 0.00981368 0.00952597 0.0102163 0.00948345 0.0157167 0.0165283 0.0296593 0.0113289 0.016944 0.00866237 0.0100341 0.0133934 0.0150641 0.0100472 0.0189262 0.00949636 0.0125759 0.0201517 0.00920631 0.0170925 0.0160105 0.0262293 0.00998963 0.0218506 0.00906618 0.0227961 0.0164412 0.052186 0.0590248 0.0343481 0.0100909 0.0145432 0.0238624 0.0107876 0.0161071 0.0111377 0.0208291 0.0311268 0.0185554 0.0951453 0.0119914 0.00463196 0.00365556 0.00360229 0.00364094 0 0.00360772 0.049128 0.0167906 0.0595464 0.0111139 0.0148583 0.0116064 0.0157096 0.0222464 0.0177854 0.0381541 0.0185123 0.0219917 
0.0183819 0.00874825 0.0105762 0.0100811 0.0173509 0.00863548 0.00889929 0.00910024 0.00867962 0.0128213 0.00983717 0.0124648 0.0100852 0.0121438 0.00855881 0.0112652 0.0101464 0.00984687 0.0137687 0.0294097 0.00916549 0.0109897 0.0090501 0.00881888 0.0131013 0.0154126 0.0136667 0.00925433 0.0150177 0.00872093 0.0170232 0.0128853 0.0200346 0.0110774 0.0271042 0.0342746 0.0242115 0.0295598 0.00999706 0.014389 0.0116198 0.0266622 0.0183891 0.0148411 0.019072 0.0101385 0.0593873 0.00704361 0.00384263 0.00358515 0.003603 0.00360772 0 0.0122078 0.0213638 0.00839958 0.0290645 0.00952384 0.0291547 0.0134579 0.0164286 0.0180677 0.00980305 0.0440174 0.0184941 
0.00884518 0.00977407 0.00837276 0.00983138 0.0082654 0.00864778 0.00817163 0.00836203 0.0107853 0.00840876 0.00842152 0.00874935 0.00926086 0.00850526 0.00930982 0.00852445 0.0103795 0.0083719 0.0110421 0.00917955 0.0102416 0.00829605 0.00874813 0.00890579 0.0102777 0.0115908 0.0087299 0.0106011 0.0084801 0.0110485 0.0102821 0.0259268 0.0095103 0.0121255 0.00924529 0.0136641 0.0119629 0.0125982 0.00932824 0.0137389 0.0173843 0.0125256 0.0450758 0.0111959 0.00959163 0.0184126 0.0112846 0.0119154 0.0118642 0.0084859 0.00904156 0.049128 0.0122078 0 0.00454246 0.00364367 0.00484874 0.00594216 0.00832437 0.0239148 0.0113575 0.0097184 0.0345919 0.0109048 0.350705 
0.0101696 0.00831551 0.00963059 0.00834236 0.00944144 0.00823516 0.00842309 0.00854522 0.00836171 0.00810029 0.00861957 0.00958602 0.00885062 0.0108248 0.00835448 0.00935457 0.00809898 0.00928657 0.00864029 0.0117848 0.00828871 0.00975599 0.00873745 0.00879073 0.0097516 0.00853627 0.0153548 0.00870173 0.0153786 0.0086218 0.0101971 0.00857679 0.0286175 0.0100426 0.0173769 0.00897741 0.00994852 0.00915917 0.0109652 0.0096653 0.00905134 0.0161162 0.00942503 0.0224935 0.0193768 0.0095273 0.0190325 0.0102007 0.00685998 0.010367 0.0233381 0.0167906 0.0213638 0.00454246 0 0.00366643 0.0036771 0.00421532 0.0182623 0.00748774 0.0142414 0.01633 0.0090506 0.476314 0.0111174 
0.00846508 0.00914185 0.00848535 0.00846458 0.00826692 0.00851408 0.00840088 0.00835348 0.00849602 0.00821354 0.00885192 0.00878047 0.00924645 0.00860124 0.00858869 0.00814852 0.00857302 0.00860398 0.00868564 0.00861826 0.00989106 0.00842864 0.00875588 0.00899171 0.00842844 0.00996551 0.00899638 0.0109142 0.00872408 0.00954594 0.00827946 0.0113545 0.0097698 0.0144201 0.0108935 0.00973894 0.00876948 0.011082 0.00957226 0.00867199 0.0100812 0.00923918 0.0129761 0.0131196 0.0135327 0.0179899 0.00937411 0.00888873 0.00999703 0.0188175 0.0217912 0.0595464 0.00839958 0.00364367 0.00366643 0 0.0035811 0.00912078 0.0615307 0.0090872 0.0116057 0.0100621 0.211014 0.0105866 0.0109973 
0.00997447 0.00856573 0.00824945 0.00828123 0.00941882 0.00850728 0.00821723 0.00813928 0.00828754 0.0098472 0.00874824 0.00870946 0.00865836 0.00855593 0.00805111 0.00814098 0.00982702 0.00842663 0.00875363 0.0134205 0.00918047 0.00864659 0.00838434 0.0082192 0.00900599 0.010663 0.00922863 0.00855371 0.00882874 0.00846931 0.00909052 0.0125159 0.0104014 0.0091343 0.00973427 0.0110012 0.0116714 0.0196311 0.00893978 0.00914946 0.0130273 0.0104093 0.0168757 0.0112125 0.00960333 0.0120285 0.0114938 0.0158934 0.0495141 0.0217734 0.0322721 0.0111139 0.0290645 0.00484874 0.0036771 0.0035811 0 0.0640807 0.0119194 0.0128789 0.0100662 0.0956461 0.0234319 0.0123602 0.0115704 
0.00816661 0.00910827 0.00810676 0.00885585 0.00804239 0.00865264 0.00801988 0.00808074 0.0102732 0.0081476 0.00821812 0.00814682 0.00841164 0.00817567 0.00870577 0.00825933 0.00887806 0.00823746 0.00970745 0.00822393 0.00970978 0.00813847 0.00825969 0.008519 0.00884587 0.00890881 0.00829415 0.00899134 0.00812384 0.0094934 0.0090865 0.0136894 0.00851587 0.00896966 0.00861609 0.0103802 0.0110355 0.009918 0.00958091 0.0101824 0.0156173 0.0150949 0.0166171 0.00979671 0.00858999 0.0147259 0.0107696 0.0250556 0.0127079 0.00919571 0.00873842 0.0148583 0.00952384 0.00594216 0.00421532 0.00912078 0.0640807 0 0.0061019 0.00638659 0.0170494 0.00709013 0.00921576 0.00709801 0.0175367 
