1F7TB
GGIYGIGLDITELKRIASMAGRQKRFAERILTRSELDQYYELSEKRKNEFLAGRFAAKEAFSKAFGTGIGRQLSFQDIEIRKDQNGKPYIICTKLSPAAVHVSITHTKEYAAAQVVIER
CCEEEEEEEEEEHHHHHHHHHHCCCHHHHHCCHHHHHHHHCCCHHHHHHHHHHHHHHHHHHHHHHCCCCCCCCCHHHCEEEECCCCCEEEECCCCCCCEEEEEEEECCCEEEEEEEEEC
0 0 0 0 0 0 0 0 0 0 0 0 0 0 0 0 0 0 0 0 0 0 0 0 0 0 0 0 0 0 0 0 0 0 0 0 0 0 0 0 0 0 0 0 0 0 0 0 0 0 0 0 0 0 0 0 0 0 0 0 0 0 0 0 0 0 0 0 0 0 0 0 0 0 0 0 0 0 0 0 0 0 0 0 0 0 0 0 0 0 0 0 0 0 0 0 0 0 0 0 0 0 0 0 0 0 0 0 0 0 0 0 0 0 0 0 0 0 0 
0 0 0 0 0 0 0 0 0 0 0 0 0 0 0 0 0 0 0 0 0 0 0 0 0 0 0 0 0 0 0 0 0 0 0 0 0 0 0 0 0 0 0 0 0 0 0 0 0 0 0 0 0 0 0 0 0 0 0 0 0 0 0 0 0 0 0 0 0 0 0 0 0 0 0 0 0 0 0 0 0 0 0 0 0 0 0 0 0 0 0 0 0 0 0 0 0 0 0 0 0 0 0 0 0 0 0 0 0 0 0 0 0 0 0 0 0 0 0 
0 0.00383585 0.00365682 0.00372514 0.0036213 0.00407904 0.00410739 0.00505746 0.00640364 0.0106658 0.0166789 0.0120555 0.00944638 0.0135084 0.00960006 0.00863124 0.0097502 0.0113234 0.00922664 0.00978462 0.00879757 0.0107299 0.00887999 0.00911638 0.00920792 0.0100501 0.00970652 0.00874199 0.00927382 0.00920244 0.00933461 0.0101005 0.00931301 0.0102394 0.0169445 
0.00383585 0 0.0036045 0.00358383 0.00350338 0.00362928 0.00378486 0.00390974 0.00395958 0.00445435 0.0154634 0.0128515 0.0113861 0.00873873 0.0083093 0.0115629 0.00976045 0.00994369 0.00962552 0.0107001 0.0159954 0.012359 0.0182963 0.0111755 0.0094195 0.00918689 0.00849175 0.0104445 0.0116466 0.014282 0.0146304 0.0150263 0.0142401 0.0120828 0.0110764 
0.00365682 0.0036045 0 0.0035808 0.00355114 0.00361103 0.0035884 0.00461437 0.00367953 0.00396653 0.0126131 0.0143589 0.0101363 0.00851714 0.00829119 0.00956549 0.0125267 0.00965944 0.0086366 0.0119726 0.022782 0.0328968 0.0308593 0.0184822 0.0108995 0.00850397 0.00852258 0.011754 0.0206651 0.0210701 0.0240381 0.0288817 0.0244561 0.0256212 0.0131568 
0.00372514 0.00358383 0.0035808 0 0.00353659 0.00354652 0.00349687 0.00351318 0.00365827 0.00358485 0.0130789 0.0222662 0.00920601 0.00875194 0.00832296 0.0089917 0.0112723 0.0091406 0.00856507 0.0130516 0.0159118 0.0435099 0.0173331 0.0285498 0.00927211 0.00870905 0.00846593 0.0106445 0.0181848 0.0248706 0.0226652 0.033845 0.0323782 0.0123047 0.0115008 
0.0036213 0.00350338 0.00355114 0.00353659 0 0.00354045 0.00354041 0.00355708 0.00355497 0.00384285 0.0171257 0.0121527 0.0139691 0.0088556 0.00828009 0.0108099 0.0103508 0.0103262 0.00920404 0.0105835 0.0367596 0.0205561 0.0591083 0.0137729 0.0119779 0.00871291 0.00874754 0.0113746 0.0238026 0.0241105 0.0308477 0.0425173 0.02954 0.0149005 0.0127746 
0.00407904 0.00362928 0.00361103 0.00354652 0.00354045 0 0.00354417 0.00352369 0.00354921 0.00357072 0.0111382 0.0254928 0.00946014 0.00881649 0.00841253 0.00897704 0.0136966 0.00919286 0.00885689 0.0170705 0.0134658 0.0745433 0.0155014 0.0349312 0.00933521 0.00874175 0.00877008 0.0116165 0.0199755 0.026386 0.0360048 0.0344305 0.0216511 0.0154471 0.0126723 
0.00410739 0.00378486 0.0035884 0.00349687 0.00354041 0.00354417 0 0.0035272 0.00352266 0.00359956 0.0192369 0.0112023 0.0126661 0.0085462 0.00821285 0.0103096 0.00954537 0.0105089 0.00937559 0.00941619 0.0449681 0.0171107 0.0669166 0.0114301 0.0111679 0.00851703 0.00866153 0.0107016 0.0210203 0.0304348 0.0235436 0.0231447 0.0271387 0.0125602 0.0138403 
0.00505746 0.00390974 0.00461437 0.00351318 0.00355708 0.00352369 0.0035272 0 0.00354798 0.0035337 0.0145114 0.0264335 0.010381 0.00884051 0.00850745 0.0100442 0.0126246 0.00903994 0.00884053 0.0135541 0.0199477 0.0445863 0.0169558 0.0254469 0.00913303 0.00856227 0.00875721 0.0109621 0.0221758 0.0204221 0.0190896 0.024988 0.0214827 0.0120658 0.0116542 
0.00640364 0.00395958 0.00367953 0.00365827 0.00355497 0.00354921 0.00352266 0.00354798 0 0.00354196 0.0144052 0.0212141 0.0131261 0.00960075 0.00868295 0.0100561 0.0155159 0.00958755 0.0093113 0.013583 0.0114524 0.016364 0.0149816 0.0126426 0.0113181 0.00847638 0.00921897 0.0129523 0.0113113 0.0134948 0.0118158 0.0153328 0.0129138 0.0121416 0.0101084 
0.0106658 0.00445435 0.00396653 0.00358485 0.00384285 0.00357072 0.00359956 0.0035337 0.00354196 0 0.0224241 0.0104936 0.0144198 0.0190899 0.00938689 0.0105548 0.00955859 0.0144262 0.0189412 0.00873276 0.0102452 0.0106702 0.0110149 0.00951219 0.0095701 0.0100146 0.0113011 0.00910139 0.00955584 0.00940203 0.00979849 0.00940803 0.0100413 0.00939266 0.0103413 
0.0166789 0.0154634 0.0126131 0.0130789 0.0171257 0.0111382 0.0192369 0.0145114 0.0144052 0.0224241 0 0.00379181 0.00381275 0.00454308 0.00587948 0.00821963 0.0126495 0.975427 0.0276461 0.0100237 0.0181267 0.00904689 0.0268642 0.00988191 0.0139045 0.0220541 0.0192258 0.0125713 0.0130085 0.0117024 0.0150036 0.0127619 0.0153021 0.0149482 0.0537293 
0.0120555 0.0128515 0.0143589 0.0222662 0.0121527 0.0254928 0.0112023 0.0264335 0.0212141 0.0104936 0.00379181 0 0.00361929 0.00358468 0.00785445 0.0088056 0.991538 0.00884375 0.0085247 0.035923 0.00884038 0.0498874 0.009788 0.0270087 0.0107162 0.0105928 0.010826 0.0171958 0.0125146 0.0223719 0.0138688 0.0273473 0.0159182 0.0306053 0.0169796 
0.00944638 0.0113861 0.0101363 0.00920601 0.0139691 0.00946014 0.0126661 0.010381 0.0131261 0.0144198 0.00381275 0.00361929 0 0.00363383 0.0171753 0.985228 0.00691008 0.00665935 0.0126111 0.00890528 0.0166207 0.00884371 0.0189338 0.00925997 0.0128319 0.00876444 0.010558 0.0113626 0.0129903 0.00986755 0.0135708 0.0112612 0.0200202 0.0133956 0.0117925 
0.0135084 0.00873873 0.00851714 0.00875194 0.0088556 0.00881649 0.0085462 0.00884051 0.00960075 0.0190899 0.00454308 0.00358468 0.00363383 0 0.993299 0.00488376 0.00509746 0.00612849 0.00964657 0.00934237 0.00837791 0.0108034 0.00879364 0.00939112 0.00831444 0.00934642 0.0144007 0.0101707 0.00884319 0.00941975 0.00909644 0.00937828 0.00904265 0.0114659 0.0123396 
0.00960006 0.0083093 0.00829119 0.00832296 0.00828009 0.00841253 0.00821285 0.00850745 0.00868295 0.00938689 0.00587948 0.00785445 0.0171753 0.993299 0 0.00358667 0.00394609 0.00433533 0.00633927 0.00713691 0.00674149 0.0302186 0.00895095 0.00827929 0.00806533 0.0123454 0.0109234 0.00880397 0.00853477 0.00917179 0.00908902 0.00973908 0.0095172 0.0116063 0.0198507 
0.00863124 0.0115629 0.00956549 0.0089917 0.0108099 0.00897704 0.0103096 0.0100442 0.0100561 0.0105548 0.00821963 0.0088056 0.985228 0.00488376 0.00358667 0 0.00382949 0.00356525 0.0095474 0.0071858 0.0620248 0.0140107 0.0118841 0.00803473 0.0092806 0.00859075 0.00893648 0.012555 0.0111912 0.00970327 0.0124278 0.0120921 0.0147699 0.014576 0.0136036 
0.0097502 0.00976045 0.0125267 0.0112723 0.0103508 0.0136966 0.00954537 0.0126246 0.0155159 0.00955859 0.0126495 0.991538 0.00691008 0.00509746 0.00394609 0.00382949 0 0.00353647 0.00620601 0.0567181 0.0123431 0.0170968 0.00737124 0.0104776 0.00960292 0.00781421 0.0101489 0.013477 0.0114718 0.0141926 0.0120304 0.0191553 0.0164746 0.0584835 0.0173554 
0.0113234 0.00994369 0.00965944 0.0091406 0.0103262 0.00919286 0.0105089 0.00903994 0.00958755 0.0144262 0.975427 0.00884375 0.00665935 0.00612849 0.00433533 0.00356525 0.00353647 0 0.0431759 0.00826109 0.0128361 0.00717241 0.0103745 0.00713942 0.00802097 0.0120233 0.0150198 0.00996372 0.0102818 0.00992227 0.0124637 0.01143 0.0239152 0.0168343 0.0379245 
0.00922664 0.00962552 0.0086366 0.00856507 0.00920404 0.00885689 0.00937559 0.00884053 0.0093113 0.0189412 0.0276461 0.0085247 0.0126111 0.00964657 0.00633927 0.0095474 0.00620601 0.0431759 0 0.0037875 0.00356074 0.00354612 0.00371179 0.00363228 0.00417372 0.00503125 0.00713775 0.00663489 0.00748665 0.00745361 0.0100275 0.00855695 0.0133056 0.0442861 0.906937 
0.00978462 0.0107001 0.0119726 0.0130516 0.0105835 0.0170705 0.00941619 0.0135541 0.013583 0.00873276 0.0100237 0.035923 0.00890528 0.00934237 0.00713691 0.0071858 0.0567181 0.00826109 0.0037875 0 0.00355233 0.00357311 0.00357043 0.00357783 0.00374923 0.00372019 0.00592552 0.00796459 0.00675759 0.0104703 0.00830286 0.016259 0.0224385 0.908082 0.0306127 
0.00879757 0.0159954 0.022782 0.0159118 0.0367596 0.0134658 0.0449681 0.0199477 0.0114524 0.0102452 0.0181267 0.00884038 0.0166207 0.00837791 0.00674149 0.0620248 0.0123431 0.0128361 0.00356074 0.00355233 0 0.00354665 0.00355759 0.00356447 0.00352401 0.00360501 0.00564769 0.00682392 0.0130562 0.010063 0.0168608 0.0198201 0.929836 0.0204513 0.0254006 
0.0107299 0.012359 0.0328968 0.0435099 0.0205561 0.0745433 0.0171107 0.0445863 0.016364 0.0106702 0.00904689 0.0498874 0.00884371 0.0108034 0.0302186 0.0140107 0.0170968 0.00717241 0.00354612 0.00357311 0.00354665 0 0.00356047 0.00374477 0.00356119 0.00357066 0.00521618 0.00832871 0.008238 0.0187143 0.0142936 0.940478 0.0159551 0.0168558 0.0199075 
0.00887999 0.0182963 0.0308593 0.0173331 0.0591083 0.0155014 0.0669166 0.0169558 0.0149816 0.0110149 0.0268642 0.009788 0.0189338 0.00879364 0.00895095 0.0118841 0.00737124 0.0103745 0.00371179 0.00357043 0.00355759 0.00356047 0 0.00353872 0.00355631 0.00359142 0.00489406 0.00555547 0.0143855 0.012825 0.954125 0.0152271 0.0153509 0.0122927 0.0153258 
0.00911638 0.0111755 0.0184822 0.0285498 0.0137729 0.0349312 0.0114301 0.0254469 0.0126426 0.00951219 0.00988191 0.0270087 0.00925997 0.00939112 0.00827929 0.00803473 0.0104776 0.00713942 0.00363228 0.00357783 0.00356447 0.00374477 0.00353872 0 0.00354149 0.00356634 0.00523152 0.0141277 0.00900652 0.955108 0.00981205 0.012832 0.0100903 0.0127953 0.0177699 
0.00920792 0.0094195 0.0108995 0.00927211 0.0119779 0.00933521 0.0111679 0.00913303 0.0113181 0.0095701 0.0139045 0.0107162 0.0128319 0.00831444 0.00806533 0.0092806 0.00960292 0.00802097 0.00417372 0.00374923 0.00352401 0.00356119 0.00355631 0.00354149 0 0.0036413 0.00591061 0.0232009 0.881957 0.00637311 0.0077723 0.00792648 0.0134069 0.0121227 0.0118036 
0.0100501 0.00918689 0.00850397 0.00870905 0.00871291 0.00874175 0.00851703 0.00856227 0.00847638 0.0100146 0.0220541 0.0105928 0.00876444 0.00934642 0.0123454 0.00859075 0.00781421 0.0120233 0.00503125 0.00372019 0.00360501 0.00357066 0.00359142 0.00356634 0.0036413 0 0.0297087 0.751678 0.00381117 0.00416421 0.00425448 0.00616874 0.00661175 0.00915573 0.0113796 
0.00970652 0.00849175 0.00852258 0.00846593 0.00874754 0.00877008 0.00866153 0.00875721 0.00921897 0.0113011 0.0192258 0.010826 0.010558 0.0144007 0.0109234 0.00893648 0.0101489 0.0150198 0.00713775 0.00592552 0.00564769 0.00521618 0.00489406 0.00523152 0.00591061 0.0297087 0 0.00360215 0.00354159 0.00355079 0.00361037 0.00367861 0.0037266 0.00446363 0.0193936 
0.00874199 0.0104445 0.011754 0.0106445 0.0113746 0.0116165 0.0107016 0.0109621 0.0129523 0.00910139 0.0125713 0.0171958 0.0113626 0.0101707 0.00880397 0.012555 0.013477 0.00996372 0.00663489 0.00796459 0.00682392 0.00832871 0.00555547 0.0141277 0.0232009 0.751678 0.00360215 0 0.00355453 0.00355707 0.00360662 0.00363409 0.00380881 0.00986881 0.00643243 
0.00927382 0.0116466 0.0206651 0.0181848 0.0238026 0.0199755 0.0210203 0.0221758 0.0113113 0.00955584 0.0130085 0.0125146 0.0129903 0.00884319 0.00853477 0.0111912 0.0114718 0.0102818 0.00748665 0.00675759 0.0130562 0.008238 0.0143855 0.00900652 0.881957 0.00381117 0.00354159 0.00355453 0 0.00355564 0.00356234 0.00364197 0.00356954 0.00379582 0.00471583 
0.00920244 0.014282 0.0210701 0.0248706 0.0241105 0.026386 0.0304348 0.0204221 0.0134948 0.00940203 0.0117024 0.0223719 0.00986755 0.00941975 0.00917179 0.00970327 0.0141926 0.00992227 0.00745361 0.0104703 0.010063 0.0187143 0.012825 0.955108 0.00637311 0.00416421 0.00355079 0.00355707 0.00355564 0 0.00356936 0.00366041 0.00361984 0.00357682 0.00502447 
0.00933461 0.0146304 0.0240381 0.0226652 0.0308477 0.0360048 0.0235436 0.0190896 0.0118158 0.00979849 0.0150036 0.0138688 0.0135708 0.00909644 0.00908902 0.0124278 0.0120304 0.0124637 0.0100275 0.00830286 0.0168608 0.0142936 0.954125 0.00981205 0.0077723 0.00425448 0.00361037 0.00360662 0.00356234 0.00356936 0 0.00355563 0.00359699 0.00362246 0.00370252 
0.0101005 0.0150263 0.0288817 0.033845 0.0425173 0.0344305 0.0231447 0.024988 0.0153328 0.00940803 0.0127619 0.0273473 0.0112612 0.00937828 0.00973908 0.0120921 0.0191553 0.01143 0.00855695 0.016259 0.0198201 0.940478 0.0152271 0.012832 0.00792648 0.00616874 0.00367861 0.00363409 0.00364197 0.00366041 0.00355563 0 0.00358858 0.0036309 0.00357363 
0.00931301 0.0142401 0.0244561 0.0323782 0.02954 0.0216511 0.0271387 0.0214827 0.0129138 0.0100413 0.0153021 0.0159182 0.0200202 0.00904265 0.0095172 0.0147699 0.0164746 0.0239152 0.0133056 0.0224385 0.929836 0.0159551 0.0153509 0.0100903 0.0134069 0.00661175 0.0037266 0.00380881 0.00356954 0.00361984 0.00359699 0.00358858 0 0.00361849 0.00352547 
0.0102394 0.0120828 0.0256212 0.0123047 0.0149005 0.0154471 0.0125602 0.0120658 0.0121416 0.00939266 0.0149482 0.0306053 0.0133956 0.0114659 0.0116063 0.014576 0.0584835 0.0168343 0.0442861 0.908082 0.0204513 0.0168558 0.0122927 0.0127953 0.0121227 0.00915573 0.00446363 0.00986881 0.00379582 0.00357682 0.00362246 0.0036309 0.00361849 0 0.00358529 
0.0169445 0.0110764 0.0131568 0.0115008 0.0127746 0.0126723 0.0138403 0.0116542 0.0101084 0.0103413 0.0537293 0.0169796 0.0117925 0.0123396 0.0198507 0.0136036 0.0173554 0.0379245 0.906937 0.0306127 0.0254006 0.0199075 0.0153258 0.0177699 0.0118036 0.0113796 0.0193936 0.00643243 0.00471583 0.00502447 0.00370252 0.00357363 0.00352547 0.00358529 0 
