1FFUF
MIPPRFEYHAPKSVGEAVALLGQLGSDAKLLAGGHSLLPMMKLRFAQPEHLIDINRIPELRGIREEGSTVVIGAMTVENDLISSPIVQARLPLLAEAAKLIADPQVRNRGTIGGDIAHGDPGNDHPALSIAVEAHFVLEGPNGRRTVPADGFFLGTYMTLLEENEVMVEIRVPAFAAGTGWAYEKLKRKTGDWATAGCAVVMRKSGGTVSHIRIALTNVAPTALRAEAAEAALLGKAFTKEAVQAAADAAIAICEPAEDLRGDADYKTAMAGQMVKRALNAAWARCA
CCCCCCEEECCCCHHHHHHHHHHHHHHEEEECCCCCHHHHHHCCCCCCCEEEECCCCHHHCCEEEECCEEEEECCCEHHHHHHCHHHHHHCHHHHHHHHHCCCHHHHCCCEHHHHHHCCCCCCCHHHHHHHHCCEEEEEECCEEEEEECCCCEEECCEECCCCCCEEEEEEEECCCCCEEEEEEEECCCCCCCCCEEEEEEEEEECCEEEEEEEEEECCCCCCEECHHHHHCCECCECCHHHHHHHHHHHHHHCCCCCECCECHHHHHHHHHHHHHHHHHHHHHCCC
0 0 0 0 0 0 0 0 0 0 0 0 0 0 0 0 0 0 0 0 0 0 0 0 0 0 0 0 0 0 0 0 0 0 0 0 0 0 0 0 0 0 0 0 0 0 0 0 0 0 0 0 0 0 0 0 0 0 0 0 0 0 0 0 0 0 0 0 0 0 0 0 0 0 0 0 0 0 0 0 0 0 0 0 0 0 0 0 0 0 0 0 0 0 0 0 0 0 0 0 0 0 0 0 0 0 0 0 0 0 0 0 0 0 0 0 0 0 0 0 0 0 0 0 0 0 0 0 0 0 0 0 0 0 0 0 0 0 0 0 0 0 0 0 0 0 0 0 0 0 0 0 0 0 0 0 0 0 0 0 0 0 0 0 0 0 0 0 0 0 0 0 0 0 0 0 0 0 0 0 0 0 0 0 0 0 0 0 0 0 0 0 0 0 0 0 0 0 0 0 0 0 0 0 0 0 0 0 0 0 0 0 0 0 0 0 0 0 0 0 0 0 0 0 0 0 0 0 0 0 0 0 0 0 0 0 0 0 0 0 0 0 0 0 0 0 0 0 0 0 0 0 0 0 0 0 0 0 0 0 0 0 0 0 0 0 0 0 0 0 0 0 0 0 0 0 0 0 0 0 0 0 0 0 0 0 0 
0 0 0 0 0 0 0 0 0 0 0 0 0 0 0 0 0 0 0 0 0 0 0 0 0 0 0 0 0 0 0 0 0 0 0 0 0 0 0 0 0 0 0 0 0 0 0 0 0 0 0 0 0 0 0 0 0 0 0 0 0 0 0 0 0 0 0 0 0 0 0 0 0 0 0 0 0 0 0 0 0 0 0 0 0 0 0 0 0 0 0 0 0 0 0 0 0 0 0 0 0 0 0 0 0 0 0 0 0 0 0 0 0 0 0 0 0 0 0 0 0 0 0 0 0 0 0 0 0 0 0 0 0 0 0 0 0 0 0 0 0 0 0 0 0 0 0 0 0 0 0 0 0 0 0 0 0 0 0 0 0 0 0 0 0 0 0 0 0 0 0 0 0 0 0 0 0 0 0 0 0 0 0 0 0 0 0 0 0 0 0 0 0 0 0 0 0 0 0 0 0 0 0 0 0 0 0 0 0 0 0 0 0 0 0 0 0 0 0 0 0 0 0 0 0 0 0 0 0 0 0 0 0 0 0 0 0 0 0 0 0 0 0 0 0 0 0 0 0 0 0 0 0 0 0 0 0 0 0 0 0 0 0 0 0 0 0 0 0 0 0 0 0 0 0 0 0 0 0 0 0 0 0 0 0 0 0 
0 0.00361061 0.00395948 0.00935989 0.0408541 0.0122785 0.0418641 0.0153447 0.011406 0.0113738 0.0179122 0.00958533 0.00877228 0.0086116 0.0114415 0.0127038 0.0104842 0.0143808 0.010109 0.014036 0.0127149 0.0113694 0.0101391 0.008177 0.00901115 0.00822284 0.00878378 0.00844382 0.00821114 0.00799552 0.00803293 0.00861146 0.00798904 0.0094476 0.00836284 0.00831788 0.00818224 0.00892359 0.00816845 0.00864077 0.00821915 0.0082867 0.0084647 0.00808308 0.00865892 0.00805617 0.00853842 0.00839706 0.00807018 0.00820044 0.00811484 0.00812056 0.00822775 0.00812763 0.00819147 0.00828709 0.00814462 0.008172 0.00814278 0.00819258 0.00824635 0.00807284 0.00814898 0.00803125 0.00818342 0.00890215 0.00803307 0.0081903 0.00813874 0.00815549 0.00822753 0.00821678 0.0082425 0.00815984 0.00827723 0.00826443 0.0084559 0.00850601 0.00869554 0.00833591 0.00871684 
0.00361061 0 0.00356644 0.0164068 0.0132956 0.156924 0.0152139 0.0135441 0.0466067 0.0432051 0.0104004 0.00927475 0.00873811 0.00975594 0.00833257 0.00892411 0.0213665 0.0107907 0.03653 0.0111295 0.00995196 0.00846475 0.00821842 0.00976508 0.00835108 0.00906051 0.0085437 0.00810176 0.00799311 0.00811105 0.00807088 0.00813197 0.00860987 0.00810121 0.00810241 0.00827838 0.0081847 0.00804195 0.00813928 0.00821903 0.00838533 0.00873492 0.0083477 0.00877243 0.00819988 0.00855879 0.00807189 0.00798645 0.00819278 0.00836372 0.00818993 0.00831784 0.0081525 0.00810062 0.00807553 0.00813823 0.00830706 0.0083562 0.00829708 0.00846369 0.0082663 0.00827905 0.00809309 0.00808541 0.00794218 0.00801108 0.00820329 0.00816614 0.00822647 0.00830453 0.00826993 0.00846036 0.00831924 0.00838887 0.00804817 0.00815787 0.00816179 0.00802266 0.00799762 0.00807273 0.00819225 
0.00395948 0.00356644 0 0.0163763 0.016151 0.0125794 0.145147 0.0179055 0.0149245 0.0243613 0.0264544 0.0118045 0.00919918 0.0084214 0.00953969 0.0214342 0.0108659 0.014093 0.0139167 0.0201384 0.0117607 0.0102191 0.00985264 0.00836022 0.0088619 0.00871302 0.008614 0.00822476 0.00851053 0.00810335 0.00804123 0.00834023 0.0080833 0.00834761 0.00966409 0.00822977 0.00818721 0.00830395 0.00806592 0.00880682 0.00854151 0.008489 0.00878341 0.00828698 0.00854274 0.0081151 0.00814978 0.00851152 0.00824862 0.00833291 0.00827617 0.00817848 0.00808625 0.00801721 0.00820639 0.0084944 0.00821193 0.00827422 0.00820738 0.00827858 0.00839221 0.00818387 0.00806547 0.0079633 0.0079913 0.00884208 0.00809673 0.00814768 0.00816065 0.00821523 0.00825556 0.00831227 0.00831095 0.00818877 0.00820237 0.00823684 0.0080832 0.00849259 0.0083896 0.00830985 0.00878232 
0.00935989 0.0164068 0.0163763 0 0.00364749 0.00359979 0.0038469 0.0861813 0.0099494 0.0180721 0.0214294 0.0166779 0.00889237 0.0114516 0.0185432 0.0133818 0.0167518 0.0096449 0.0148047 0.0145062 0.0153966 0.0103944 0.00827899 0.0119666 0.00846884 0.0101711 0.00871849 0.0116496 0.00856202 0.00814107 0.00837591 0.0084793 0.0102954 0.0090803 0.00888337 0.00815268 0.0117217 0.0089292 0.0111192 0.00911936 0.00831047 0.00905321 0.00828382 0.0103531 0.0082611 0.011095 0.00865296 0.00828006 0.00819563 0.00826615 0.00820802 0.00848372 0.00813228 0.00829471 0.010425 0.00887338 0.00816526 0.00833825 0.00816868 0.00817088 0.00816014 0.00834721 0.00803901 0.00817616 0.00834468 0.00802666 0.00886804 0.00801321 0.00817 0.00878986 0.00807838 0.0086648 0.00833585 0.0080951 0.00847298 0.0086632 0.0085471 0.00883083 0.00835438 0.00882882 0.00928376 
0.0408541 0.0132956 0.016151 0.00364749 0 0.00363981 0.00355545 0.0206732 0.192433 0.0150915 0.0176061 0.0088973 0.00910302 0.0089172 0.0093387 0.0102703 0.0107656 0.027317 0.0115389 0.0100604 0.0102097 0.00898169 0.00901402 0.00853176 0.00937324 0.00861992 0.0101662 0.00827456 0.00808276 0.00806401 0.00802723 0.0084471 0.0080383 0.00854973 0.00815201 0.0082345 0.00807339 0.00836274 0.00802497 0.00828712 0.00850956 0.00864521 0.00910108 0.00832495 0.00884088 0.00816687 0.00828442 0.00824437 0.00816383 0.00848139 0.00822563 0.00820915 0.00824269 0.00812566 0.00809468 0.00835669 0.00828564 0.0083476 0.00824976 0.00836874 0.00825383 0.00818765 0.00814385 0.00803115 0.0080204 0.00841294 0.00804811 0.00821183 0.0081991 0.00827015 0.00855635 0.00830386 0.00824103 0.00816324 0.00809381 0.00808004 0.00816923 0.0081379 0.0080865 0.00800995 0.0081772 
0.0122785 0.156924 0.0125794 0.00359979 0.00363981 0 0.00354864 0.0170318 0.047678 0.397682 0.0131999 0.0108301 0.00933792 0.0103831 0.00845446 0.0109245 0.0280711 0.0243283 0.0677233 0.0118832 0.0106526 0.00887893 0.00864046 0.0104882 0.00931973 0.0110491 0.00897245 0.00811731 0.00817705 0.00806868 0.00817399 0.00841044 0.00843536 0.00807233 0.00871064 0.00833193 0.00810594 0.00817025 0.00805703 0.00843184 0.00882569 0.0102215 0.00878278 0.00963995 0.00870934 0.00853353 0.00809181 0.00808964 0.00844018 0.00857913 0.00836315 0.00844097 0.00827852 0.00816886 0.00804011 0.00823178 0.00852862 0.00851911 0.00850223 0.0087258 0.00847913 0.0084247 0.00813114 0.00804676 0.00794396 0.0082301 0.00819964 0.0083244 0.00833137 0.00843043 0.00860764 0.00866628 0.00867661 0.00859538 0.00805152 0.00817756 0.00812946 0.00799311 0.00800932 0.00799789 0.00811392 
0.0418641 0.0152139 0.145147 0.0038469 0.00355545 0.00354864 0 0.019367 0.0304358 0.0703696 0.352786 0.0131274 0.00927227 0.00921871 0.0108347 0.0216349 0.0124242 0.0185021 0.0281959 0.0342812 0.0143878 0.0110336 0.010375 0.00924727 0.00918802 0.00917494 0.009092 0.00854859 0.00883623 0.00811982 0.00808796 0.00864394 0.00811851 0.00850444 0.0109743 0.00826597 0.00857862 0.00842028 0.00816397 0.00942061 0.00877371 0.0104997 0.00906963 0.00937736 0.0091074 0.0081739 0.00812636 0.00939459 0.00814602 0.00832685 0.00821951 0.00831123 0.00807155 0.00804755 0.00834539 0.00955048 0.00819765 0.00828315 0.008812 0.00843669 0.00836738 0.00820141 0.00802743 0.00793971 0.00804461 0.00910378 0.0080876 0.00817289 0.00817117 0.00823373 0.00838086 0.00839278 0.00838527 0.0082052 0.00823635 0.00829957 0.00815665 0.00833875 0.00831305 0.00818289 0.00869351 
0.0153447 0.0135441 0.0179055 0.0861813 0.0206732 0.0170318 0.019367 0 0.00372601 0.00360752 0.00373485 0.0143566 0.00777956 0.0168871 0.0775758 0.0169362 0.0217185 0.0174711 0.0157123 0.0226583 0.0240196 0.0156177 0.0109045 0.012714 0.0105504 0.0103568 0.00958481 0.0111137 0.00875096 0.00814513 0.00825728 0.00852729 0.00857948 0.0102447 0.00958438 0.00855215 0.0100177 0.00848402 0.010499 0.00989003 0.00910573 0.0110908 0.00920541 0.011041 0.00845555 0.00867787 0.00956592 0.00873198 0.00837959 0.0087282 0.00844218 0.00905936 0.00832632 0.00821024 0.0114613 0.008867 0.00881783 0.00923661 0.0098116 0.00881744 0.00849459 0.00849745 0.0081433 0.00801202 0.00827868 0.00817484 0.00816935 0.00821658 0.00830063 0.00901427 0.0085589 0.00916476 0.00872655 0.00864607 0.00898593 0.00833269 0.00859184 0.00839568 0.00832452 0.00825344 0.00868765 
0.011406 0.0466067 0.0149245 0.0099494 0.192433 0.047678 0.0304358 0.00372601 0 0.00358057 0.00356081 0.0132928 0.0408836 0.0625725 0.0102424 0.0113053 0.0376908 0.043456 0.0309169 0.0125348 0.0140839 0.0107998 0.00922361 0.0139619 0.0208087 0.0150532 0.0120904 0.00855692 0.00816482 0.00851102 0.00828911 0.00949615 0.00893614 0.00888231 0.00861817 0.0092838 0.00834546 0.00843677 0.00833412 0.0088065 0.0133053 0.0120297 0.0141501 0.00968883 0.0108255 0.009004 0.00850431 0.00825371 0.00890202 0.00926009 0.00952156 0.00923129 0.00868744 0.00849166 0.00815229 0.00879511 0.0096675 0.00938046 0.0103903 0.00996532 0.00913445 0.00879654 0.00831845 0.00824239 0.0079993 0.00816422 0.00835299 0.00873458 0.00884332 0.00897881 0.00989063 0.00939995 0.00951669 0.00905835 0.00820602 0.00828215 0.00823258 0.00808385 0.0080019 0.00798381 0.00820909 
0.0113738 0.0432051 0.0243613 0.0180721 0.0150915 0.397682 0.0703696 0.00360752 0.00358057 0 0.00354948 0.0415945 0.0349353 0.0237149 0.00816473 0.0117079 0.0305908 0.0376111 0.0931715 0.026508 0.0153792 0.0101479 0.0097241 0.0208505 0.0143164 0.0243211 0.0141822 0.0095098 0.00838066 0.00837913 0.00863113 0.00870933 0.0103154 0.00850521 0.0096532 0.00955049 0.00888151 0.00840947 0.0085232 0.00979872 0.0109058 0.0188373 0.0110104 0.0134947 0.00905418 0.0103982 0.00823052 0.00843115 0.00901627 0.0106875 0.00957754 0.010007 0.00876218 0.00861527 0.00830771 0.00913839 0.00935337 0.0102174 0.0103501 0.0109487 0.0100388 0.00920613 0.00835234 0.00821836 0.00798697 0.00830057 0.00846176 0.00884883 0.00916667 0.00948805 0.00959447 0.0102206 0.00986031 0.0098158 0.00846992 0.00831582 0.00827331 0.00804273 0.00801654 0.00796626 0.00810655 
0.0179122 0.0104004 0.0264544 0.0214294 0.0176061 0.0131999 0.352786 0.00373485 0.00356081 0.00354948 0 0.0334733 0.00919042 0.00779699 0.0124941 0.0155896 0.0114014 0.0207275 0.0252793 0.207934 0.0172664 0.0137054 0.0156951 0.00881561 0.0127267 0.00986638 0.013471 0.00949308 0.00928128 0.00829572 0.00818341 0.00879659 0.00830449 0.0107443 0.0111118 0.00873629 0.00853122 0.00897317 0.00837578 0.0111372 0.00982885 0.0101074 0.0107649 0.00885363 0.00913701 0.00827343 0.00865605 0.00926429 0.00863449 0.00896437 0.00880534 0.00858018 0.00858823 0.00835203 0.00832061 0.00963358 0.00897886 0.00874027 0.00892065 0.00913677 0.00904527 0.00831638 0.00815182 0.00800517 0.00801568 0.00895793 0.00817099 0.00830318 0.00858912 0.00849616 0.00902335 0.0091129 0.00909792 0.0086036 0.0089326 0.008506 0.00836641 0.00837073 0.00835122 0.00817852 0.0084958 
0.00958533 0.00927475 0.0118045 0.0166779 0.0088973 0.0108301 0.0131274 0.0143566 0.0132928 0.0415945 0.0334733 0 0.00397201 0.00681949 0.00540805 0.00444336 0.00645839 0.0072486 0.831734 0.0167077 0.0108081 0.0135414 0.0089135 0.00984268 0.00842241 0.00856862 0.00896716 0.0105548 0.00863664 0.00819381 0.00823136 0.00845501 0.00858638 0.00969934 0.00845958 0.00843304 0.00943923 0.00873496 0.00913889 0.00844711 0.00820167 0.00844169 0.00824068 0.0087991 0.00829826 0.0085435 0.00864415 0.00811861 0.00803655 0.00817357 0.00810313 0.0081568 0.00807727 0.00822069 0.00930555 0.00812763 0.00812487 0.0081659 0.00813137 0.00815193 0.00809382 0.00815246 0.00804148 0.00807171 0.00831962 0.00832586 0.0080708 0.0080341 0.00804821 0.00820441 0.00810179 0.00827901 0.00817146 0.00822367 0.00835703 0.0081463 0.00859425 0.00903064 0.00887142 0.00857625 0.00894872 
0.00877228 0.00873811 0.00919918 0.00889237 0.00910302 0.00933792 0.00927227 0.00777956 0.0408836 0.0349353 0.00919042 0.00397201 0 0.00378883 0.00370734 0.00430218 0.00591016 0.899482 0.00871038 0.00637356 0.00545208 0.00900472 0.0087391 0.00824352 0.008989 0.00833916 0.00897269 0.00823083 0.00814724 0.00817125 0.00801993 0.00856117 0.00816761 0.00849293 0.00810049 0.00831 0.00816671 0.00824012 0.00810593 0.0080658 0.00824013 0.00810799 0.00867858 0.00812953 0.00838213 0.00811365 0.00815024 0.00796989 0.00801857 0.00810972 0.00807087 0.0080925 0.00807792 0.00817699 0.00810982 0.00798569 0.00813873 0.00808174 0.00809686 0.00806757 0.00813528 0.00803622 0.00802332 0.0080014 0.0080252 0.00808502 0.00797319 0.0080753 0.00822997 0.00800808 0.00817431 0.00812484 0.00830256 0.00808481 0.00801939 0.00802527 0.00806367 0.00814814 0.00807786 0.00802184 0.00808894 
0.0086116 0.00975594 0.0084214 0.0114516 0.0089172 0.0103831 0.00921871 0.0168871 0.0625725 0.0237149 0.00779699 0.00681949 0.00378883 0 0.0039277 0.00529592 0.939433 0.00544572 0.00554922 0.00414209 0.00503121 0.0089306 0.00916212 0.00931019 0.00841882 0.00862633 0.00848417 0.00814564 0.00833773 0.00837189 0.00806739 0.00832888 0.00817568 0.0081222 0.00848372 0.00823325 0.00818919 0.00826442 0.00809498 0.00822427 0.00824684 0.00833821 0.0082868 0.00842736 0.0082384 0.00823407 0.00809922 0.00799413 0.00811846 0.00826823 0.00821942 0.00820187 0.00813775 0.00810332 0.00806385 0.0080053 0.00823454 0.00820398 0.00819101 0.00829524 0.00818735 0.00815746 0.00809464 0.00800202 0.00795896 0.00814886 0.0081291 0.00815561 0.00812079 0.00819465 0.00823964 0.00820225 0.00821233 0.00834084 0.00799876 0.00800308 0.00806843 0.00802291 0.00810934 0.00797233 0.00800617 
0.0114415 0.00833257 0.00953969 0.0185432 0.0093387 0.00845446 0.0108347 0.0775758 0.0102424 0.00816473 0.0124941 0.00540805 0.00370734 0.0039277 0 0.964216 0.00595377 0.00377166 0.00390911 0.00445039 0.00487809 0.0114664 0.0117142 0.00844002 0.00863179 0.00830698 0.00836089 0.00849068 0.00984147 0.00829123 0.0081956 0.0081832 0.008113 0.00871356 0.0105556 0.00809514 0.00833449 0.00864766 0.00822023 0.00986487 0.00812486 0.00812387 0.00821347 0.0081898 0.00808541 0.00802567 0.00820332 0.00883808 0.00813372 0.00810188 0.0081102 0.00812535 0.00808344 0.00803715 0.00830424 0.00839831 0.00802028 0.00802474 0.00813978 0.00802357 0.008037 0.00805638 0.00799754 0.00798075 0.00801583 0.00891095 0.00803792 0.00799738 0.00800114 0.00803121 0.0080101 0.00800506 0.00800801 0.00809013 0.00806984 0.00817444 0.00806054 0.00855255 0.0084736 0.00841998 0.00852224 
0.0127038 0.00892411 0.0214342 0.0133818 0.0102703 0.0109245 0.0216349 0.0169362 0.0113053 0.0117079 0.0155896 0.00444336 0.00430218 0.00529592 0.964216 0 0.00360759 0.00359957 0.00365865 0.00427489 0.0068958 0.0300468 0.0219536 0.0142365 0.010378 0.00956389 0.0119425 0.0135428 0.00873405 0.00818625 0.00821031 0.00911476 0.00849427 0.0148475 0.00881002 0.00882315 0.0103867 0.00983137 0.010239 0.0100901 0.00875904 0.00880415 0.00956388 0.00885777 0.00941039 0.00854205 0.0113082 0.00845949 0.00820073 0.00840166 0.00838564 0.00848112 0.00835091 0.00847407 0.0102587 0.00868987 0.00836316 0.00831478 0.00835985 0.00847547 0.00834065 0.00823523 0.00819953 0.00811229 0.00863912 0.0085244 0.00803363 0.00824657 0.00818431 0.00827908 0.00837348 0.00858884 0.00851274 0.00842587 0.00882868 0.00843622 0.00928287 0.00876476 0.00890564 0.00840129 0.00899422 
0.0104842 0.0213665 0.0108659 0.0167518 0.0107656 0.0280711 0.0124242 0.0217185 0.0376908 0.0305908 0.0114014 0.00645839 0.00591016 0.939433 0.00595377 0.00360759 0 0.00359145 0.00360015 0.00367228 0.00474378 0.0146439 0.0112018 0.0503568 0.0134451 0.0287199 0.0128067 0.0103937 0.00844228 0.00849738 0.00878223 0.00928288 0.0125085 0.00936393 0.00917674 0.00941421 0.00933821 0.00874305 0.00913559 0.0101361 0.0142698 0.0186464 0.0118704 0.0172558 0.00906345 0.0110969 0.00899688 0.0083575 0.0096327 0.0103737 0.00977334 0.010365 0.00935048 0.00894492 0.00889145 0.00912027 0.00948415 0.00996777 0.0106056 0.0111788 0.00929948 0.00941164 0.0082697 0.00842577 0.00816086 0.00809749 0.00864253 0.00868961 0.00926521 0.010577 0.00926748 0.0105578 0.00945135 0.00950029 0.00842705 0.00834971 0.00835647 0.00812064 0.0080129 0.00796414 0.00813318 
0.0143808 0.0107907 0.014093 0.0096449 0.027317 0.0243283 0.0185021 0.0174711 0.043456 0.0376111 0.0207275 0.0072486 0.899482 0.00544572 0.00377166 0.00359957 0.00359145 0 0.00361586 0.0035654 0.00376211 0.0124196 0.0136591 0.0168024 0.119253 0.0375626 0.0219303 0.00931976 0.00847495 0.00887013 0.00967747 0.0197113 0.00997589 0.010888 0.00911029 0.0101486 0.00873594 0.00854026 0.00847275 0.0108119 0.0259494 0.0326112 0.0615659 0.0146672 0.0308783 0.00936389 0.00904684 0.00845238 0.0109908 0.0168665 0.0168039 0.0126771 0.013532 0.0088642 0.00859172 0.00993459 0.0127046 0.0130363 0.0162628 0.0165923 0.0160291 0.0100667 0.0102151 0.00829523 0.00803571 0.00854838 0.00871141 0.0102567 0.0115519 0.0105007 0.0164011 0.0115581 0.0171397 0.0106433 0.00880722 0.00840785 0.00838544 0.00803944 0.00801428 0.0079611 0.00812711 
0.010109 0.03653 0.0139167 0.0148047 0.0115389 0.0677233 0.0281959 0.0157123 0.0309169 0.0931715 0.0252793 0.831734 0.00871038 0.00554922 0.00390911 0.00365865 0.00360015 0.00361586 0 0.00359048 0.00383783 0.0178607 0.011467 0.0411817 0.0192653 0.04511 0.0250885 0.0119307 0.00899032 0.00920141 0.00926734 0.00896092 0.0156561 0.0100244 0.0112671 0.0111807 0.00995905 0.0087111 0.00958064 0.0114457 0.0148856 0.0314463 0.0132406 0.0207141 0.00951193 0.0133488 0.00871741 0.00915743 0.0100213 0.0137609 0.0115038 0.0121686 0.0094773 0.00996014 0.00892367 0.0106761 0.010794 0.0126779 0.011929 0.0132386 0.0103387 0.0105134 0.00847661 0.00845687 0.00801506 0.008524 0.00874401 0.00917947 0.00961574 0.0117723 0.00996791 0.0133697 0.0111962 0.0123725 0.0089103 0.00873342 0.00838201 0.00829898 0.00804269 0.00798672 0.00811182 
0.014036 0.0111295 0.0201384 0.0145062 0.0100604 0.0118832 0.0342812 0.0226583 0.0125348 0.026508 0.207934 0.0167077 0.00637356 0.00414209 0.00445039 0.00427489 0.00367228 0.0035654 0.00359048 0 0.00501741 0.0191085 0.0158852 0.010698 0.0149266 0.0119293 0.0200928 0.0130703 0.00939924 0.00852814 0.00847708 0.00882353 0.00870283 0.0130381 0.0124017 0.00962877 0.00973557 0.00901603 0.00919138 0.0120566 0.0113959 0.0109608 0.011065 0.00995931 0.00942782 0.00869718 0.00956351 0.00984302 0.00927241 0.00939976 0.00968611 0.00920473 0.00899991 0.00866619 0.00868996 0.0129416 0.00944307 0.0105491 0.00933244 0.0092108 0.00969871 0.00852291 0.00820657 0.00806122 0.00810604 0.00919351 0.00822859 0.00851137 0.00885004 0.00905498 0.013983 0.0098393 0.00979618 0.00879727 0.00988802 0.0087086 0.0084948 0.00845017 0.00849762 0.00818672 0.00856426 
0.0127149 0.00995196 0.0117607 0.0153966 0.0102097 0.0106526 0.0143878 0.0240196 0.0140839 0.0153792 0.0172664 0.0108081 0.00545208 0.00503121 0.00487809 0.0068958 0.00474378 0.00376211 0.00383783 0.00501741 0 0.462488 0.0174538 0.0130382 0.00983624 0.0100097 0.010668 0.00983754 0.0108085 0.00825353 0.00818816 0.0087284 0.00872425 0.0114544 0.0128727 0.00985477 0.00994692 0.0118074 0.0114093 0.0111035 0.0091674 0.00866594 0.00877914 0.00847192 0.00859006 0.00836492 0.00948417 0.00939124 0.00831718 0.00825348 0.00822968 0.00835317 0.00816183 0.00820618 0.00941736 0.0107847 0.00853186 0.00820395 0.00820362 0.00825844 0.00828867 0.00816029 0.00813202 0.00799895 0.00830431 0.0110084 0.00812149 0.00810739 0.00816617 0.00814103 0.00829937 0.00829147 0.0083393 0.00846541 0.00868572 0.00926866 0.00947855 0.0101087 0.0111397 0.00912762 0.0118412 
0.0113694 0.00846475 0.0102191 0.0103944 0.00898169 0.00887893 0.0110336 0.0156177 0.0107998 0.0101479 0.0137054 0.0135414 0.00900472 0.0089306 0.0114664 0.0300468 0.0146439 0.0124196 0.0178607 0.0191085 0.462488 0 0.0308312 0.013985 0.0128947 0.0108056 0.0166939 0.0136139 0.0159553 0.00908822 0.00888899 0.00986349 0.0100722 0.0207327 0.0188921 0.0108444 0.0126598 0.0224766 0.0217434 0.0160576 0.0117963 0.0103769 0.00994636 0.00925191 0.00937066 0.00928895 0.0130993 0.0106554 0.00905619 0.00853477 0.00865426 0.00857069 0.00882377 0.00886685 0.0108926 0.0130222 0.00936991 0.00836751 0.00857758 0.008492 0.0086659 0.00836802 0.0084834 0.00814192 0.00872292 0.012008 0.00812424 0.00830012 0.00843735 0.00855805 0.00869644 0.00861202 0.00847131 0.00864932 0.00921493 0.0119577 0.0113582 0.0120507 0.0123653 0.0100364 0.0168952 
0.0101391 0.00821842 0.00985264 0.00827899 0.00901402 0.00864046 0.010375 0.0109045 0.00922361 0.0097241 0.0156951 0.0089135 0.0087391 0.00916212 0.0117142 0.0219536 0.0112018 0.0136591 0.011467 0.0158852 0.0174538 0.0308312 0 0.00443502 0.00371829 0.00365832 0.0042866 0.00437015 0.00473028 0.00582442 0.00626182 0.0129328 0.00891546 0.960287 0.010419 0.013957 0.0130794 0.0219749 0.0120567 0.018689 0.0136546 0.0104763 0.0210522 0.00891718 0.080026 0.00896269 0.0381001 0.0112748 0.00934091 0.00990851 0.0114151 0.00897201 0.0118949 0.00959993 0.0154557 0.0141563 0.0117372 0.00904956 0.0112512 0.00968302 0.0115225 0.00857361 0.00964355 0.00848184 0.0111322 0.0154699 0.00817931 0.00995861 0.00889222 0.00873213 0.0131561 0.00906398 0.0127085 0.00922822 0.0129462 0.00928015 0.0124022 0.00994439 0.0113118 0.00871062 0.00950621 
0.008177 0.00976508 0.00836022 0.0119666 0.00853176 0.0104882 0.00924727 0.012714 0.0139619 0.0208505 0.00881561 0.00984268 0.00824352 0.00931019 0.00844002 0.0142365 0.0503568 0.0168024 0.0411817 0.010698 0.0130382 0.013985 0.00443502 0 0.0035784 0.00357636 0.00360829 0.00368445 0.00409625 0.00436427 0.00737773 0.00672791 0.983101 0.00927518 0.011674 0.00905691 0.0137477 0.00990534 0.0174768 0.0209304 0.0214053 0.0571225 0.0109126 0.14116 0.00897245 0.0546405 0.00886546 0.0107075 0.0146388 0.0219271 0.0119616 0.0245045 0.0100629 0.015695 0.0125534 0.0205719 0.013704 0.0322853 0.013609 0.0399896 0.0109112 0.0230776 0.00867749 0.0104911 0.00834889 0.00865576 0.0175641 0.00993472 0.0142628 0.0298511 0.0108498 0.0549262 0.0119834 0.0197053 0.00922321 0.0101873 0.00898823 0.00848502 0.00811085 0.00805322 0.00830583 
0.00901115 0.00835108 0.0088619 0.00846884 0.00937324 0.00931973 0.00918802 0.0105504 0.0208087 0.0143164 0.0127267 0.00842241 0.008989 0.00841882 0.00863179 0.010378 0.0134451 0.119253 0.0192653 0.0149266 0.00983624 0.0128947 0.00371829 0.0035784 0 0.00353891 0.00358952 0.0035836 0.00375794 0.00456195 0.00619771 0.981527 0.00729046 0.0090285 0.0102999 0.015343 0.00868788 0.0090843 0.00920363 0.0140801 0.0328936 0.02203 0.167892 0.0100149 0.104495 0.00874242 0.011506 0.00950216 0.0151879 0.0268199 0.0435399 0.0134574 0.0327999 0.0107274 0.00965775 0.0120095 0.0312373 0.0188096 0.0577353 0.0226615 0.054027 0.0109043 0.0195002 0.00851537 0.00842313 0.0111191 0.00901032 0.0294599 0.0231901 0.0128514 0.0864815 0.0189026 0.0842527 0.0119236 0.010982 0.00889723 0.0094026 0.00821906 0.00817379 0.00800977 0.00809894 
0.00822284 0.00906051 0.00871302 0.0101711 0.00861992 0.0110491 0.00917494 0.0103568 0.0150532 0.0243211 0.00986638 0.00856862 0.00833916 0.00862633 0.00830698 0.00956389 0.0287199 0.0375626 0.04511 0.0119293 0.0100097 0.0108056 0.00365832 0.00357636 0.00353891 0 0.00355594 0.00359345 0.00492782 0.00841632 0.973409 0.00642108 0.00813151 0.00593719 0.0187622 0.00910022 0.0115559 0.00827689 0.00976322 0.0138574 0.0186168 0.103345 0.0170284 0.0905154 0.0114541 0.0231045 0.00891162 0.00945824 0.0143744 0.0426011 0.0178613 0.0458986 0.013868 0.0128854 0.0100103 0.0150823 0.0176726 0.0602413 0.0242108 0.0742053 0.0189184 0.041556 0.00998415 0.0094133 0.00831621 0.00866379 0.0123609 0.0129956 0.0217803 0.0440702 0.0201735 0.0911116 0.0268875 0.0259924 0.0108556 0.00934538 0.00881966 0.00818211 0.00801571 0.00796868 0.00809307 
0.00878378 0.0085437 0.008614 0.00871849 0.0101662 0.00897245 0.009092 0.00958481 0.0120904 0.0141822 0.013471 0.00896716 0.00897269 0.00848417 0.00836089 0.0119425 0.0128067 0.0219303 0.0250885 0.0200928 0.010668 0.0166939 0.0042866 0.00360829 0.00358952 0.00355594 0 0.00355266 0.00444368 0.968401 0.00707783 0.00599557 0.00485116 0.00822012 0.0099016 0.0227833 0.00816462 0.0103296 0.0110925 0.0137266 0.0322716 0.0134734 0.028485 0.0102301 0.0199348 0.00944796 0.0169098 0.0101532 0.0170501 0.0126585 0.0207881 0.01021 0.0124604 0.0113898 0.00952539 0.0113935 0.0245079 0.0122268 0.0194077 0.0141728 0.0226608 0.0095504 0.0100033 0.00865241 0.0085483 0.0114642 0.00922298 0.0102021 0.011796 0.010578 0.0248047 0.0115842 0.0201538 0.0163376 0.0116115 0.00963062 0.00951448 0.00852713 0.0084895 0.0081216 0.00832045 
0.00844382 0.00810176 0.00822476 0.0116496 0.00827456 0.00811731 0.00854859 0.0111137 0.00855692 0.0095098 0.00949308 0.0105548 0.00823083 0.00814564 0.00849068 0.0135428 0.0103937 0.00931976 0.0119307 0.0130703 0.00983754 0.0136139 0.00437015 0.00368445 0.0035836 0.00359345 0.00355266 0 0.996889 0.00405947 0.00407632 0.00367491 0.00447689 0.00594281 0.0168047 0.00698425 0.00822095 0.00935671 0.0106504 0.0211194 0.00971872 0.0119643 0.00916101 0.0113385 0.00870012 0.00977532 0.00958214 0.0146594 0.00942599 0.0105718 0.00923204 0.00964942 0.00870629 0.008884 0.0108568 0.0178283 0.00925692 0.0103827 0.00983948 0.00974313 0.00927606 0.00925642 0.00840712 0.00825021 0.00854949 0.0119537 0.00927231 0.00858167 0.00911731 0.00927052 0.00940457 0.0114528 0.00949078 0.00967321 0.0119835 0.0109296 0.00901882 0.00945951 0.00923494 0.00892947 0.00891786 
0.00821114 0.00799311 0.00851053 0.00856202 0.00808276 0.00817705 0.00883623 0.00875096 0.00816482 0.00838066 0.00928128 0.00863664 0.00814724 0.00833773 0.00984147 0.00873405 0.00844228 0.00847495 0.00899032 0.00939924 0.0108085 0.0159553 0.00473028 0.00409625 0.00375794 0.00492782 0.00444368 0.996889 0 0.00397584 0.00365734 0.00378681 0.00382695 0.00495733 0.00605516 0.00598991 0.0266826 0.00885361 0.0251229 0.0104488 0.00896302 0.00935602 0.0100792 0.00923842 0.0116321 0.00975563 0.0198688 0.00918782 0.00874531 0.00897692 0.00867394 0.00865978 0.00886244 0.00974244 0.0177035 0.00964191 0.00876854 0.00870483 0.00867113 0.00867644 0.00864845 0.00859368 0.00826946 0.00870416 0.010039 0.0095232 0.00823519 0.00835491 0.0083977 0.00826561 0.0117754 0.00860487 0.00841079 0.00864871 0.0103305 0.00854604 0.0103649 0.0095585 0.00978694 0.00858815 0.00962051 
0.00799552 0.00811105 0.00810335 0.00814107 0.00806401 0.00806868 0.00811982 0.00814513 0.00851102 0.00837913 0.00829572 0.00819381 0.00817125 0.00837189 0.00829123 0.00818625 0.00849738 0.00887013 0.00920141 0.00852814 0.00825353 0.00908822 0.00582442 0.00436427 0.00456195 0.00841632 0.968401 0.00405947 0.00397584 0 0.00376825 0.00364513 0.00808217 0.00376508 0.00511138 0.00917671 0.0105396 0.00900389 0.00808423 0.00874954 0.00965507 0.00910239 0.00945823 0.0105532 0.00939706 0.00990241 0.00977193 0.00846143 0.00890329 0.00906937 0.00922369 0.00905111 0.00893617 0.00941251 0.00932668 0.00866774 0.00943834 0.00871065 0.010078 0.00915139 0.00907653 0.00850186 0.0085961 0.00841302 0.00868994 0.00860499 0.00832784 0.00878579 0.00851742 0.0152655 0.00904063 0.00874761 0.00911265 0.00892138 0.00863884 0.00824373 0.00874168 0.00836379 0.00818274 0.00800794 0.00808758 
0.00803293 0.00807088 0.00804123 0.00837591 0.00802723 0.00817399 0.00808796 0.00825728 0.00828911 0.00863113 0.00818341 0.00823136 0.00801993 0.00806739 0.0081956 0.00821031 0.00878223 0.00967747 0.00926734 0.00847708 0.00818816 0.00888899 0.00626182 0.00737773 0.00619771 0.973409 0.00707783 0.00407632 0.00365734 0.00376825 0 0.00366512 0.00357339 0.00361126 0.00669995 0.0055575 0.00877251 0.00667799 0.00723918 0.0103094 0.00883578 0.0144601 0.0140825 0.0117828 0.00918643 0.0110864 0.0083845 0.00858788 0.00862471 0.0102189 0.00982156 0.0100499 0.00876549 0.00913374 0.00889198 0.00901034 0.00899904 0.0107898 0.0102689 0.0116411 0.00910041 0.0103295 0.00843798 0.00843759 0.00831379 0.00842657 0.00852181 0.00856803 0.012065 0.0099746 0.00902407 0.0108165 0.00970298 0.00898083 0.00833656 0.00819136 0.00823833 0.00818958 0.00803084 0.00795772 0.00797945 
0.00861146 0.00813197 0.00834023 0.0084793 0.0084471 0.00841044 0.00864394 0.00852729 0.00949615 0.00870933 0.00879659 0.00845501 0.00856117 0.00832888 0.0081832 0.00911476 0.00928288 0.0197113 0.00896092 0.00882353 0.0087284 0.00986349 0.0129328 0.00672791 0.981527 0.00642108 0.00599557 0.00367491 0.00378681 0.00364513 0.00366512 0 0.00352687 0.00374023 0.00472583 0.0115216 0.00625585 0.00706755 0.00633773 0.00998092 0.0120817 0.0117939 0.0239621 0.00874455 0.0368722 0.00825946 0.0101717 0.00923746 0.00978441 0.0118318 0.0129381 0.00912061 0.0122458 0.00897578 0.00879674 0.00958904 0.0118858 0.0106264 0.0171922 0.0111261 0.0172148 0.00895262 0.0108525 0.00828847 0.00842577 0.0106551 0.0083646 0.0150164 0.0105257 0.00946877 0.0178381 0.0103598 0.0173465 0.00902717 0.0085245 0.00849956 0.00876612 0.00833097 0.00836365 0.00807244 0.00811085 
0.00798904 0.00860987 0.0080833 0.0102954 0.0080383 0.00843536 0.00811851 0.00857948 0.00893614 0.0103154 0.00830449 0.00858638 0.00816761 0.00817568 0.008113 0.00849427 0.0125085 0.00997589 0.0156561 0.00870283 0.00872425 0.0100722 0.00891546 0.983101 0.00729046 0.00813151 0.00485116 0.00447689 0.00382695 0.00808217 0.00357339 0.00352687 0 0.00354622 0.0127438 0.00831708 0.0105266 0.00606609 0.00796238 0.00983103 0.0148417 0.0180859 0.00869808 0.0246234 0.00817798 0.0316453 0.00818168 0.00897909 0.0112286 0.0106875 0.00894284 0.0120418 0.00879859 0.0103191 0.00970446 0.0102967 0.0107021 0.0134688 0.0104139 0.013836 0.00955216 0.0119806 0.00836897 0.00903359 0.00821924 0.00843071 0.0142734 0.00847916 0.00964749 0.0127808 0.0095219 0.0166871 0.00927904 0.0143976 0.00881013 0.00877739 0.00855806 0.00829691 0.00802896 0.00801581 0.00804016 
0.0094476 0.00810121 0.00834761 0.0090803 0.00854973 0.00807233 0.00850444 0.0102447 0.00888231 0.00850521 0.0107443 0.00969934 0.00849293 0.0081222 0.00871356 0.0148475 0.00936393 0.010888 0.0100244 0.0130381 0.0114544 0.0207327 0.960287 0.00927518 0.0090285 0.00593719 0.00822012 0.00594281 0.00495733 0.00376508 0.00361126 0.00374023 0.00354622 0 0.00928654 0.00900275 0.00486117 0.0106784 0.00691775 0.0383342 0.0115419 0.00954725 0.0197369 0.0086912 0.0164526 0.00821708 0.0152779 0.0152823 0.0103412 0.00933609 0.0107539 0.00870955 0.0102048 0.00879116 0.0109356 0.0158539 0.0121359 0.00937643 0.0104692 0.00917013 0.0119363 0.00866011 0.00947852 0.00825153 0.00904447 0.0258705 0.00856479 0.00937261 0.00928132 0.00883581 0.0122191 0.00894291 0.0101525 0.00975547 0.0145574 0.011328 0.00994787 0.0106407 0.0102342 0.00891549 0.00989184 
0.00836284 0.00810241 0.00966409 0.00888337 0.00815201 0.00871064 0.0109743 0.00958438 0.00861817 0.0096532 0.0111118 0.00845958 0.00810049 0.00848372 0.0105556 0.00881002 0.00917674 0.00911029 0.0112671 0.0124017 0.0128727 0.0188921 0.010419 0.011674 0.0102999 0.0187622 0.0099016 0.0168047 0.00605516 0.00511138 0.00669995 0.00472583 0.0127438 0.00928654 0 0.00385567 0.00405956 0.00564209 0.423563 0.0128643 0.0102223 0.0192352 0.0126531 0.0305302 0.00944573 0.0172425 0.017822 0.0102357 0.00925382 0.012101 0.00947214 0.00983491 0.00919051 0.0118441 0.0285654 0.0164826 0.00972236 0.0139811 0.00988677 0.0116944 0.0097735 0.0102847 0.00873418 0.00988707 0.0127958 0.00935002 0.00929065 0.00876817 0.00980553 0.00982674 0.00958188 0.0117243 0.00961611 0.0114803 0.0171225 0.0103606 0.0146362 0.01099 0.00986038 0.00858225 0.0104718 
0.00831788 0.00827838 0.00822977 0.00815268 0.0082345 0.00833193 0.00826597 0.00855215 0.0092838 0.00955049 0.00873629 0.00843304 0.00831 0.00823325 0.00809514 0.00882315 0.00941421 0.0101486 0.0111807 0.00962877 0.00985477 0.0108444 0.013957 0.00905691 0.015343 0.00910022 0.0227833 0.00698425 0.00598991 0.00917671 0.0055575 0.0115216 0.00831708 0.00900275 0.00385567 0 0.00355689 0.0178454 0.0482048 0.00790925 0.0170888 0.00904045 0.0164313 0.00858686 0.0117168 0.00848512 0.00901926 0.00880746 0.0119062 0.00891518 0.0104134 0.00862838 0.00994172 0.0118391 0.00871183 0.00967709 0.0155406 0.00927832 0.0107232 0.00963708 0.0111716 0.00873042 0.00958595 0.00849618 0.00852106 0.0103897 0.00877753 0.00939153 0.00952781 0.00895585 0.0118362 0.00910919 0.0116436 0.0131963 0.00978117 0.0111096 0.0100972 0.00847019 0.00839692 0.00809521 0.00816292 
0.00818224 0.0081847 0.00818721 0.0117217 0.00807339 0.00810594 0.00857862 0.0100177 0.00834546 0.00888151 0.00853122 0.00943923 0.00816671 0.00818919 0.00833449 0.0103867 0.00933821 0.00873594 0.00995905 0.00973557 0.00994692 0.0126598 0.0130794 0.0137477 0.00868788 0.0115559 0.00816462 0.00822095 0.0266826 0.0105396 0.00877251 0.00625585 0.0105266 0.00486117 0.00405956 0.00355689 0 0.488303 0.00475705 0.0273585 0.00841898 0.0183075 0.00775172 0.0148731 0.00726797 0.0104504 0.007561 0.0148599 0.00904561 0.00998558 0.00856103 0.0112746 0.00856147 0.00882967 0.0147551 0.0174381 0.00908588 0.0107079 0.0090582 0.00976853 0.00873535 0.0103686 0.00841011 0.00860569 0.00862494 0.0108375 0.0119732 0.00853276 0.00892357 0.00957253 0.00884871 0.0108428 0.00927498 0.00933282 0.0118375 0.0113074 0.00916108 0.0101674 0.0090376 0.00885784 0.0099002 
0.00892359 0.00804195 0.00830395 0.0089292 0.00836274 0.00817025 0.00842028 0.00848402 0.00843677 0.00840947 0.00897317 0.00873496 0.00824012 0.00826442 0.00864766 0.00983137 0.00874305 0.00854026 0.0087111 0.00901603 0.0118074 0.0224766 0.0219749 0.00990534 0.0090843 0.00827689 0.0103296 0.00935671 0.00885361 0.00900389 0.00667799 0.00706755 0.00606609 0.0106784 0.00564209 0.0178454 0.488303 0 0.00765999 0.0125938 0.0195275 0.00671473 0.00649359 0.00629753 0.00664811 0.00689696 0.0103719 0.00870068 0.00933664 0.0082905 0.00866763 0.00831869 0.00940546 0.00943049 0.016135 0.0113291 0.011044 0.00887766 0.00920496 0.00890956 0.00895275 0.00864851 0.00867141 0.00844027 0.00963454 0.0144466 0.0091714 0.0087564 0.00851073 0.00883651 0.00900945 0.008784 0.00865058 0.00891236 0.0100431 0.0105699 0.0133219 0.0101705 0.0118043 0.00868087 0.00965862 
0.00816845 0.00813928 0.00806592 0.0111192 0.00802497 0.00805703 0.00816397 0.010499 0.00833412 0.0085232 0.00837578 0.00913889 0.00810593 0.00809498 0.00822023 0.010239 0.00913559 0.00847275 0.00958064 0.00919138 0.0114093 0.0217434 0.0120567 0.0174768 0.00920363 0.00976322 0.0110925 0.0106504 0.0251229 0.00808423 0.00723918 0.00633773 0.00796238 0.00691775 0.423563 0.0482048 0.00475705 0.00765999 0 0.0221375 0.0127456 0.00655067 0.00534968 0.00762175 0.00606231 0.0113389 0.00746163 0.0103534 0.00927596 0.00840846 0.00853636 0.008836 0.00846692 0.0106643 0.0120762 0.0198467 0.0107339 0.00917123 0.00926745 0.00933991 0.00910835 0.00910162 0.008612 0.00861628 0.00895011 0.0112601 0.0109535 0.00845838 0.00908136 0.009193 0.00906174 0.0110241 0.00901444 0.0106471 0.0103047 0.0206096 0.0102904 0.0120651 0.00949507 0.00923685 0.0103323 
0.00864077 0.00821903 0.00880682 0.00911936 0.00828712 0.00843184 0.00942061 0.00989003 0.0088065 0.00979872 0.0111372 0.00844711 0.0080658 0.00822427 0.00986487 0.0100901 0.0101361 0.0108119 0.0114457 0.0120566 0.0111035 0.0160576 0.018689 0.0209304 0.0140801 0.0138574 0.0137266 0.0211194 0.0104488 0.00874954 0.0103094 0.00998092 0.00983103 0.0383342 0.0128643 0.00790925 0.0273585 0.0125938 0.0221375 0 0.00362437 0.00366394 0.00360913 0.00372518 0.0037733 0.0039952 0.00620528 0.0067796 0.00719702 0.00834994 0.00851983 0.00912403 0.0114436 0.0109343 0.0450825 0.0340356 0.0142849 0.0146472 0.0129707 0.0165219 0.0114257 0.0112396 0.00920403 0.00981096 0.0132738 0.0141476 0.0099704 0.0106913 0.0117738 0.0132439 0.0120276 0.01862 0.0142502 0.0129129 0.0194997 0.0130647 0.016603 0.0112879 0.0105498 0.00869881 0.0112184 
0.00821915 0.00838533 0.00854151 0.00831047 0.00850956 0.00882569 0.00877371 0.00910573 0.0133053 0.0109058 0.00982885 0.00820167 0.00824013 0.00824684 0.00812486 0.00875904 0.0142698 0.0259494 0.0148856 0.0113959 0.0091674 0.0117963 0.0136546 0.0214053 0.0328936 0.0186168 0.0322716 0.00971872 0.00896302 0.00965507 0.00883578 0.0120817 0.0148417 0.0115419 0.0102223 0.0170888 0.00841898 0.0195275 0.0127456 0.00362437 0 0.00355701 0.00358724 0.00359257 0.00363976 0.00377166 0.00378789 0.00621449 0.00906318 0.00916469 0.0109856 0.0101245 0.013035 0.0169328 0.0139795 0.015265 0.0470611 0.0137108 0.0430103 0.0175772 0.0317762 0.0106351 0.0151154 0.00945911 0.00957022 0.0104441 0.0117927 0.0139495 0.0290158 0.0186189 0.045168 0.026859 0.0546332 0.0275127 0.0149866 0.012109 0.0123622 0.00892805 0.00833378 0.00814509 0.00838796 
0.0082867 0.00873492 0.008489 0.00905321 0.00864521 0.0102215 0.0104997 0.0110908 0.0120297 0.0188373 0.0101074 0.00844169 0.00810799 0.00833821 0.00812387 0.00880415 0.0186464 0.0326112 0.0314463 0.0109608 0.00866594 0.0103769 0.0104763 0.0571225 0.02203 0.103345 0.0134734 0.0119643 0.00935602 0.00910239 0.0144601 0.0117939 0.0180859 0.00954725 0.0192352 0.00904045 0.0183075 0.00671473 0.00655067 0.00366394 0.00355701 0 0.00355741 0.00367869 0.00357284 0.00366866 0.0035694 0.00641489 0.00780803 0.0122704 0.00980379 0.018046 0.0123272 0.020026 0.010277 0.0189792 0.0144468 0.0739653 0.0209306 0.0958112 0.0190304 0.0497031 0.0103009 0.0133648 0.00878277 0.0093637 0.018677 0.0210494 0.0290834 0.0932639 0.028602 0.182605 0.031688 0.0576906 0.0139237 0.0127299 0.0106051 0.00891813 0.00833611 0.00815893 0.00844817 
0.0084647 0.0083477 0.00878341 0.00828382 0.00910108 0.00878278 0.00906963 0.00920541 0.0141501 0.0110104 0.0107649 0.00824068 0.00867858 0.0082868 0.00821347 0.00956388 0.0118704 0.0615659 0.0132406 0.011065 0.00877914 0.00994636 0.0210522 0.0109126 0.167892 0.0170284 0.028485 0.00916101 0.0100792 0.00945823 0.0140825 0.0239621 0.00869808 0.0197369 0.0126531 0.0164313 0.00775172 0.00649359 0.00534968 0.00360913 0.00358724 0.00355741 0 0.00357433 0.0035891 0.00355578 0.00388564 0.00526164 0.00963711 0.0100698 0.0249796 0.0146584 0.0323607 0.0128459 0.00978615 0.0107283 0.0358003 0.0124522 0.0729386 0.0185381 0.0632616 0.0113599 0.031048 0.00877582 0.0102116 0.012946 0.00947879 0.0306297 0.0429746 0.0169538 0.18195 0.0162605 0.155921 0.014536 0.0175915 0.00979423 0.0113114 0.00852736 0.00844414 0.00808418 0.0083164 
0.00808308 0.00877243 0.00828698 0.0103531 0.00832495 0.00963995 0.00937736 0.011041 0.00968883 0.0134947 0.00885363 0.0087991 0.00812953 0.00842736 0.0081898 0.00885777 0.0172558 0.0146672 0.0207141 0.00995931 0.00847192 0.00925191 0.00891718 0.14116 0.0100149 0.0905154 0.0102301 0.0113385 0.00923842 0.0105532 0.0117828 0.00874455 0.0246234 0.0086912 0.0305302 0.00858686 0.0148731 0.00629753 0.00762175 0.00372518 0.00359257 0.00367869 0.00357433 0 0.00354707 0.00374066 0.00353735 0.00534181 0.00894188 0.0173338 0.0141743 0.0400914 0.00852258 0.0185953 0.00971275 0.0151504 0.0101444 0.048717 0.0127297 0.0609197 0.0127402 0.0563823 0.00870842 0.0131192 0.00862819 0.00886644 0.0297629 0.0107473 0.0195837 0.103384 0.0115363 0.179569 0.0145586 0.0379508 0.0104238 0.0108789 0.00914672 0.00878712 0.00826002 0.00842418 0.00840303 
0.00865892 0.00819988 0.00854274 0.0082611 0.00884088 0.00870934 0.0091074 0.00845555 0.0108255 0.00905418 0.00913701 0.00829826 0.00838213 0.0082384 0.00808541 0.00941039 0.00906345 0.0308783 0.00951193 0.00942782 0.00859006 0.00937066 0.080026 0.00897245 0.104495 0.0114541 0.0199348 0.00870012 0.0116321 0.00939706 0.00918643 0.0368722 0.00817798 0.0164526 0.00944573 0.0117168 0.00726797 0.00664811 0.00606231 0.0037733 0.00363976 0.00357284 0.0035891 0.00354707 0 0.00349978 0.00368402 0.00444496 0.0146654 0.0122684 0.0373995 0.00694155 0.0152213 0.00762679 0.00765846 0.00916241 0.0231762 0.00997685 0.0327537 0.0119358 0.0453924 0.00878888 0.0221632 0.00835581 0.00928771 0.0199118 0.00865939 0.0375166 0.0236753 0.0098686 0.143261 0.011148 0.0927207 0.010626 0.0114347 0.00920516 0.00977674 0.0085103 0.00890754 0.00809898 0.00825552 
