1FHGA
AEEKPHVKPYFTKTILDMEVVEGSAARFDCKVEGYPDPEVMWFKDDNPVKESRHFQIDYDEEGNCSLTISEVCGDDDAKYTCKAVNSLGEATCTAELLVETM
CCCCCCEEEEEEECCCCEEEECCCCEEEEEEEEEECCCEEEEEECCEECCCCCCEEEEECCCCEEEEEECCCCHHHCEEEEEEEEECCEEEEEEEEEEEECC
0 0 0 0 0 0 0 0 0 0 0 0 0 0 0 0 0 0 0 0 0 0 0 0 0 0 0 0 0 0 0 0 0 0 0 0 0 0 0 0 0 0 0 0 0 0 0 0 0 0 0 0 0 0 0 0 0 0 0 0 0 0 0 0 0 0 0 0 0 0 0 0 0 0 0 0 0 0 0 0 0 0 0 0 0 0 0 0 0 0 0 0 0 0 0 0 0 0 0 0 0 0 
0 0 0 0 0 0 0 0 0 0 0 0 0 0 0 0 0 0 0 0 0 0 0 0 0 0 0 0 0 0 0 0 0 0 0 0 0 0 0 0 0 0 0 0 0 0 0 0 0 0 0 0 0 0 0 0 0 0 0 0 0 0 0 0 0 0 0 0 0 0 0 0 0 0 0 0 0 0 0 0 0 0 0 0 0 0 0 0 0 0 0 0 0 0 0 0 0 0 0 0 0 0 
0 0.00382297 0.00360782 0.00368975 0.00374409 0.00390824 0.00591412 0.0065785 0.00625168 0.0107934 0.0134827 0.0156876 0.00851187 0.0138939 0.00825677 0.0123247 0.00883066 0.0152601 0.00877072 0.0117977 0.0287677 0.0115862 0.009369 0.00874841 0.00923233 0.00915289 0.0171231 0.00952211 0.0100512 0.0147455 0.00867319 0.0102475 0.00856924 0.0140043 0.00874941 0.00886636 0.00849347 0.00997131 0.00908386 0.0215952 0.0101036 0.00819762 0.00870693 0.00832422 0.00925073 0.00827879 0.00990258 0.00845858 0.0112469 0.00865356 0.00809746 0.00832197 0.00818982 0.00853358 0.00819055 0.00921736 0.00824225 0.00941114 0.0082472 0.00928321 0.00920454 
0.00382297 0 0.00371468 0.0036627 0.00372693 0.00395706 0.00360209 0.00481177 0.010219 0.00588402 0.00806236 0.0074934 0.0328311 0.00773164 0.0155132 0.0078403 0.017566 0.00828182 0.0137089 0.00928032 0.0182871 0.00925551 0.00845122 0.0133846 0.00890147 0.0123335 0.00838662 0.00860942 0.00853141 0.00878875 0.0131574 0.00837172 0.0135121 0.00819178 0.00939064 0.00845833 0.0112281 0.00866309 0.0244167 0.00825021 0.00836579 0.0104115 0.00838402 0.0104704 0.00830899 0.0203973 0.00830007 0.00954243 0.00819183 0.00807554 0.00891816 0.00805439 0.00963207 0.00815542 0.0105021 0.00811318 0.0120873 0.00813246 0.011158 0.00818591 0.00856954 
0.00360782 0.00371468 0 0.00362972 0.00355542 0.00353495 0.00362051 0.0059159 0.00514901 0.0098706 0.0079293 0.0115908 0.00751248 0.0256247 0.00752491 0.0228207 0.00783192 0.0265369 0.00818583 0.0342429 0.00815938 0.00844471 0.0114979 0.00843506 0.0158656 0.00881044 0.00874326 0.00825511 0.00824739 0.0122711 0.00840884 0.031228 0.00838905 0.009243 0.00828244 0.0123873 0.00863997 0.0581807 0.00856563 0.0104219 0.0119604 0.00831694 0.0178871 0.0084821 0.0347057 0.00845748 0.0200335 0.00846429 0.008645 0.00819306 0.00808561 0.011757 0.00821926 0.0171206 0.00818951 0.0188078 0.00821466 0.0214788 0.00838365 0.0124896 0.00814953 
0.00368975 0.0036627 0.00362972 0 0.00352435 0.00353147 0.00355462 0.00399755 0.00684099 0.00677733 0.0528086 0.00728192 0.0212754 0.00748362 0.0237047 0.00777874 0.0388135 0.00835489 0.129606 0.00821687 0.00955435 0.010665 0.00837289 0.0296425 0.0104102 0.0104154 0.00863897 0.00850425 0.00929566 0.00869206 0.0264405 0.00860674 0.0172804 0.008422 0.0106349 0.00864157 0.0630455 0.00903187 0.0275983 0.00856619 0.00845241 0.013876 0.00886801 0.0374548 0.00893405 0.0371096 0.00917111 0.0106145 0.00854001 0.00818653 0.00969698 0.00837304 0.0248901 0.00853652 0.0206064 0.00836376 0.0334886 0.00855424 0.0233776 0.00840528 0.00899296 
0.00374409 0.00372693 0.00355542 0.00352435 0 0.0035352 0.00361593 0.0049491 0.00493651 0.0787149 0.0104748 0.0191515 0.00763461 0.024582 0.00767844 0.0299808 0.00845516 0.147868 0.00820639 0.0132306 0.00816103 0.0087003 0.0165727 0.00910862 0.0150544 0.00983176 0.00930131 0.00845564 0.00837087 0.0146251 0.0085961 0.0333635 0.00862424 0.00935589 0.00839584 0.031519 0.00900136 0.0329503 0.00907044 0.0120308 0.0115777 0.0085545 0.0314953 0.00884133 0.0332944 0.00875119 0.0185448 0.0088291 0.00900524 0.008565 0.00815688 0.0143494 0.0085061 0.0196116 0.0084371 0.0252538 0.00856178 0.0223062 0.00868688 0.0117013 0.00846239 
0.00390824 0.00395706 0.00353495 0.00353147 0.0035352 0 0.00361526 0.00561563 0.0658706 0.00535302 0.00604039 0.00700731 0.0265416 0.0071038 0.0113276 0.00795822 0.036255 0.00827327 0.0104645 0.00821539 0.00852519 0.0111076 0.00853454 0.00981212 0.00943777 0.0108053 0.00847901 0.00885769 0.00964688 0.00913386 0.0225215 0.00853168 0.0102065 0.0083921 0.0245894 0.00864195 0.011989 0.00877765 0.0145059 0.00856821 0.0088552 0.014864 0.00860622 0.0152909 0.00850786 0.0105544 0.0086574 0.0100772 0.00846186 0.00845503 0.0101609 0.00819177 0.0104689 0.0083264 0.0110591 0.00821183 0.0109592 0.00843132 0.0102896 0.00865195 0.00841641 
0.00591412 0.00360209 0.00362051 0.00355462 0.00361593 0.00361526 0 0.117268 0.00426772 0.00451319 0.00468908 0.0265171 0.00748115 0.00927107 0.00722082 0.0193075 0.00788898 0.0100087 0.00776661 0.00879687 0.00792699 0.0113283 0.00914164 0.00833192 0.00924656 0.00921832 0.00900885 0.00939828 0.008213 0.026516 0.00836919 0.00970103 0.00832875 0.00943849 0.0104464 0.00916586 0.00863683 0.0105943 0.00859849 0.0112252 0.0231168 0.00833211 0.0102026 0.00871668 0.00974346 0.0086001 0.00879293 0.00833167 0.00881228 0.0116683 0.00810415 0.0090688 0.00861114 0.0091197 0.00841762 0.00940856 0.00829702 0.0094089 0.00831124 0.00887446 0.00858903 
0.0065785 0.00481177 0.0059159 0.00399755 0.0049491 0.00561563 0.117268 0 0.00371546 0.00416568 0.00512309 0.00545541 0.005236 0.0139919 0.0212403 0.0147284 0.00672999 0.011802 0.00685363 0.0117575 0.00991426 0.00851346 0.00920092 0.00812989 0.00873103 0.00924631 0.0157086 0.00889559 0.0111105 0.0165403 0.00859758 0.0124325 0.0086225 0.0164016 0.00862816 0.0103224 0.00863537 0.0124974 0.00923735 0.0331987 0.0124106 0.00840886 0.00968291 0.00855332 0.0101085 0.00851601 0.00944515 0.00875041 0.0128541 0.00881076 0.00812181 0.0088351 0.00834815 0.00950104 0.00831071 0.0103992 0.00846024 0.0107005 0.00850392 0.0101178 0.0104223 
0.00625168 0.010219 0.00514901 0.00684099 0.00493651 0.0658706 0.00426772 0.00371546 0 0.00372859 0.00371742 0.00414219 0.0258058 0.00748131 0.0206152 0.00550206 0.0148026 0.00629728 0.0130211 0.00739321 0.00811296 0.0106426 0.00807824 0.0124557 0.00908241 0.0125119 0.00848643 0.00897557 0.00919285 0.00881513 0.0222771 0.00849149 0.0144089 0.00855709 0.0110794 0.00866113 0.0193352 0.0087205 0.0415553 0.00853286 0.00865214 0.014186 0.00863019 0.0137596 0.00859061 0.0186695 0.00878175 0.0119616 0.00869294 0.00824599 0.00979355 0.00821778 0.0120322 0.00827988 0.0129898 0.00822366 0.0158458 0.00832526 0.0142955 0.00842077 0.00951451 
0.0107934 0.00588402 0.0098706 0.00677733 0.0787149 0.00535302 0.00451319 0.00416568 0.00372859 0 0.00363091 0.0134753 0.012062 0.0295749 0.00457391 0.00860924 0.00557105 0.0143547 0.00629232 0.0139997 0.00649049 0.00799558 0.0173536 0.00807291 0.0130578 0.00985446 0.00842112 0.00877624 0.00855902 0.0147639 0.00847542 0.015485 0.00859264 0.00924805 0.00842485 0.0139656 0.00858976 0.0350453 0.00898822 0.0125281 0.0119154 0.00865474 0.0139806 0.00850736 0.0139197 0.00848558 0.0126567 0.00895101 0.00877789 0.00885089 0.00825012 0.00995512 0.00829638 0.0112224 0.00827036 0.0134322 0.0083217 0.0134202 0.00849325 0.0119704 0.00824976 
0.0134827 0.00806236 0.0079293 0.0528086 0.0104748 0.00604039 0.00468908 0.00512309 0.00371742 0.00363091 0 0.0283817 0.0332023 0.0038351 0.00490965 0.00512509 0.00848098 0.00620938 0.00689087 0.00682157 0.00756249 0.0148302 0.00770271 0.00835799 0.00845175 0.00910415 0.0087131 0.0101618 0.00979578 0.0136612 0.00933036 0.00853706 0.00902742 0.00922199 0.0168709 0.00855696 0.0130769 0.00873248 0.0106256 0.0098085 0.0123551 0.00960774 0.00852822 0.00955099 0.00835943 0.00901008 0.00838358 0.00891091 0.00913799 0.0105355 0.00906939 0.00837463 0.00933854 0.00816871 0.00899391 0.00823646 0.0094626 0.00841083 0.00914818 0.00847365 0.00933944 
0.0156876 0.0074934 0.0115908 0.00728192 0.0191515 0.00700731 0.0265171 0.00545541 0.00414219 0.0134753 0.0283817 0 0.00355135 0.00378568 0.00357359 0.00414073 0.00369687 0.00525846 0.00382101 0.0169032 0.00590863 0.00597888 0.00756857 0.0065046 0.00754626 0.00858916 0.0320967 0.0085709 0.0148514 0.0228778 0.00857963 0.0157079 0.00871887 0.0486394 0.00888513 0.0173014 0.00873749 0.0171347 0.00932984 0.145998 0.0172172 0.00860131 0.0140256 0.00867533 0.0225477 0.00871823 0.0125765 0.0093549 0.0438254 0.00985172 0.00836587 0.0112111 0.00836107 0.0152081 0.00843752 0.0190351 0.00838889 0.021866 0.00851664 0.0151106 0.0125011 
0.00851187 0.0328311 0.00751248 0.0212754 0.00763461 0.0265416 0.00748115 0.005236 0.0258058 0.012062 0.0332023 0.00355135 0 0.00351655 0.00362892 0.00469333 0.00414972 0.00356242 0.00627757 0.00372627 0.00600716 0.00726785 0.00601184 0.00822647 0.00759464 0.01808 0.00814778 0.00852952 0.00949113 0.0085138 0.0326507 0.00824744 0.024788 0.00855077 0.0144066 0.00858536 0.0286237 0.00874499 0.177239 0.00853232 0.00866523 0.0224538 0.00861653 0.0342015 0.00862432 0.0305749 0.00881044 0.0636009 0.00893886 0.00842088 0.011955 0.00833781 0.023034 0.00836251 0.0216734 0.00823467 0.0484963 0.00838669 0.0239374 0.00849957 0.0104241 
0.0138939 0.00773164 0.0256247 0.00748362 0.024582 0.0071038 0.00927107 0.0139919 0.00748131 0.0295749 0.0038351 0.00378568 0.00351655 0 0.00352119 0.00375975 0.00353364 0.00522856 0.00359934 0.00426954 0.00361773 0.00530847 0.00914145 0.00588981 0.00995827 0.0073449 0.0228552 0.00715112 0.00751648 0.0150418 0.00817211 0.0671715 0.0081664 0.0115671 0.00830047 0.0198189 0.00855993 0.28239 0.00867889 0.0179988 0.015195 0.00836 0.0561827 0.00872024 0.0589696 0.00866983 0.0955549 0.00895122 0.0102874 0.00919132 0.00824047 0.0310652 0.00838363 0.0486729 0.00824935 0.0795175 0.00834036 0.0677249 0.00852026 0.0255841 0.00838742 
0.00825677 0.0155132 0.00752491 0.0237047 0.00767844 0.0113276 0.00722082 0.0212403 0.0206152 0.00457391 0.00490965 0.00357359 0.00362892 0.00352119 0 0.00344329 0.00370558 0.00353393 0.00404315 0.00352924 0.00403891 0.00753186 0.00523966 0.0180721 0.00655409 0.0183994 0.0134481 0.00660706 0.00806802 0.00824653 0.0328554 0.00807947 0.016259 0.00824671 0.014715 0.00837814 0.234422 0.00858383 0.0359274 0.00838787 0.00848892 0.0302389 0.00868425 0.0505756 0.0084753 0.0938654 0.00896623 0.0151686 0.00864434 0.00840008 0.0137075 0.00829943 0.051352 0.00837044 0.060124 0.0082701 0.0608703 0.00842512 0.0446881 0.00842309 0.0108517 
0.0123247 0.0078403 0.0228207 0.00777874 0.0299808 0.00795822 0.0193075 0.0147284 0.00550206 0.00860924 0.00512509 0.00414073 0.00469333 0.00375975 0.00344329 0 0.00352011 0.00385061 0.00353058 0.00379971 0.00355706 0.00431365 0.0118477 0.00536905 0.0244232 0.0213992 0.019337 0.00656748 0.00690564 0.0191008 0.00803146 0.0251319 0.00804224 0.0118725 0.00822573 0.154149 0.00852554 0.0622369 0.00857305 0.0240545 0.021135 0.00846632 0.0471384 0.00859331 0.12816 0.00873749 0.0308867 0.00879093 0.0102743 0.00990717 0.00823669 0.0319602 0.00837697 0.0640735 0.00832676 0.0696215 0.00836205 0.0631353 0.00858629 0.0198894 0.0083865 
0.00883066 0.017566 0.00783192 0.0388135 0.00845516 0.036255 0.00788898 0.00672999 0.0148026 0.00557105 0.00848098 0.00369687 0.00414972 0.00353364 0.00370558 0.00352011 0 0.00351176 0.00365877 0.00355368 0.00372316 0.0158098 0.00440657 0.0236718 0.0156553 0.0491416 0.010992 0.00651707 0.00835078 0.00823675 0.0279814 0.00811682 0.017051 0.00822544 0.132284 0.00847021 0.0477691 0.0086613 0.0595584 0.00851811 0.00880621 0.0343169 0.00868768 0.151434 0.00861142 0.0564656 0.00910655 0.0141628 0.00867422 0.00864617 0.0172983 0.00836942 0.062821 0.0084038 0.0579792 0.0083095 0.0761155 0.00846548 0.0436325 0.00846617 0.0102828 
0.0152601 0.00828182 0.0265369 0.00835489 0.147868 0.00827327 0.0100087 0.011802 0.00629728 0.0143547 0.00620938 0.00525846 0.00356242 0.00522856 0.00353393 0.00385061 0.00351176 0 0.0035249 0.00356953 0.00436644 0.00388932 0.0172264 0.0143309 0.0441367 0.014891 0.00670284 0.00614233 0.00667088 0.0153494 0.00797662 0.0467948 0.00805315 0.0113836 0.00826531 0.0243275 0.00854364 0.158119 0.00856251 0.0178618 0.0209982 0.00837384 0.145336 0.00865646 0.0639431 0.00861942 0.0446944 0.00884063 0.00950754 0.0100914 0.00821778 0.0388359 0.00830917 0.0657576 0.00826762 0.0658201 0.0083154 0.0694182 0.00863233 0.0193873 0.00821782 
0.00877072 0.0137089 0.00818583 0.129606 0.00820639 0.0104645 0.00776661 0.00685363 0.0130211 0.00629232 0.00689087 0.00382101 0.00627757 0.00359934 0.00404315 0.00353058 0.00365877 0.0035249 0 0.00352563 0.00360835 0.00434133 0.011976 0.0485552 0.00979476 0.00668278 0.00534353 0.00591211 0.00759912 0.00808768 0.0244401 0.00803707 0.0131153 0.00825248 0.0135609 0.00836876 0.0793964 0.00852036 0.0277822 0.00845602 0.00860478 0.0583964 0.00882246 0.0331359 0.00864166 0.0467998 0.0089727 0.0117916 0.00860246 0.00867341 0.0135555 0.00839924 0.0385218 0.00839974 0.0303541 0.00829618 0.0429363 0.00850599 0.0311544 0.00840659 0.00953196 
0.0117977 0.00928032 0.0342429 0.00821687 0.0132306 0.00821539 0.00879687 0.0117575 0.00739321 0.0139997 0.00682157 0.0169032 0.00372627 0.00426954 0.00352924 0.00379971 0.00355368 0.00356953 0.00352563 0 0.00397261 0.00784072 0.0765227 0.00459595 0.00548153 0.00620627 0.0050242 0.00569531 0.00643284 0.0155461 0.00813279 0.0130406 0.00825805 0.00918805 0.00856102 0.0362486 0.008396 0.0190155 0.00887212 0.0125964 0.026472 0.00853594 0.0141813 0.00861535 0.0175554 0.00864371 0.0119424 0.00899163 0.00892537 0.00998518 0.00829641 0.0206544 0.00855759 0.0149609 0.00841129 0.0141346 0.00848584 0.0138053 0.00853418 0.0117676 0.00836693 
0.0287677 0.0182871 0.00815938 0.00955435 0.00816103 0.00852519 0.00792699 0.00991426 0.00811296 0.00649049 0.00756249 0.00590863 0.00600716 0.00361773 0.00403891 0.00355706 0.00372316 0.00436644 0.00360835 0.00397261 0 0.188967 0.00542181 0.00392205 0.00388998 0.00426452 0.00478356 0.00641397 0.00666858 0.0107051 0.00849989 0.00787987 0.0083274 0.00849597 0.0345013 0.00857192 0.00910453 0.00857212 0.00972552 0.00899247 0.0127686 0.00935862 0.00857533 0.00976581 0.00850228 0.00875787 0.00856708 0.00857029 0.00889308 0.0110609 0.00975165 0.00846775 0.0094286 0.00833219 0.00931545 0.00835528 0.00917149 0.0083821 0.00892952 0.00833258 0.00912165 
0.0115862 0.00925551 0.00844471 0.010665 0.0087003 0.0111076 0.0113283 0.00851346 0.0106426 0.00799558 0.0148302 0.00597888 0.00726785 0.00530847 0.00753186 0.00431365 0.0158098 0.00388932 0.00434133 0.00784072 0.188967 0 0.00358426 0.00357444 0.00354781 0.00467759 0.00440149 0.00426783 0.00760332 0.00753997 0.00959794 0.00857209 0.045918 0.0373417 0.0124413 0.00829579 0.0118825 0.00843661 0.0183024 0.0139821 0.00974828 0.011111 0.00879646 0.011584 0.00860733 0.0130191 0.00889423 0.0129464 0.0137841 0.00969866 0.00992786 0.00845502 0.0113654 0.00852408 0.0126812 0.00852419 0.0127141 0.00852582 0.0121221 0.00905029 0.0195931 
0.009369 0.00845122 0.0114979 0.00837289 0.0165727 0.00853454 0.00914164 0.00920092 0.00807824 0.0173536 0.00770271 0.00756857 0.00601184 0.00914145 0.00523966 0.0118477 0.00440657 0.0172264 0.011976 0.0765227 0.00542181 0.00358426 0 0.00354045 0.00352577 0.00360888 0.00479249 0.00380176 0.00397528 0.00857215 0.00730118 0.0662282 0.0239345 0.0198981 0.00780573 0.0163666 0.00835307 0.0251574 0.00897888 0.0127271 0.0110313 0.00857709 0.0158247 0.00858063 0.0224108 0.0087765 0.0349158 0.00910666 0.00917577 0.00871458 0.00847116 0.0112688 0.0085089 0.0164293 0.00844274 0.0171582 0.00844753 0.0196637 0.00871699 0.0201926 0.00848528 
0.00874841 0.0133846 0.00843506 0.0296425 0.00910862 0.00981212 0.00833192 0.00812989 0.0124557 0.00807291 0.00835799 0.0065046 0.00822647 0.00588981 0.0180721 0.00536905 0.0236718 0.0143309 0.0485552 0.00459595 0.00392205 0.00357444 0.00354045 0 0.00352306 0.00352849 0.0035672 0.00363562 0.00419488 0.00709896 0.0464811 0.0257195 0.0209774 0.00780472 0.00977654 0.00818288 0.0231712 0.0094234 0.0164671 0.00848915 0.00849167 0.0143435 0.00911881 0.0376886 0.00906916 0.0569128 0.0100664 0.011368 0.00870497 0.00850921 0.0102387 0.00879606 0.0267089 0.00888805 0.0232821 0.00879865 0.0311688 0.00913289 0.0414265 0.00883279 0.00893312 
0.00923233 0.00890147 0.0158656 0.0104102 0.0150544 0.00943777 0.00924656 0.00873103 0.00908241 0.0130578 0.00845175 0.00754626 0.00759464 0.00995827 0.00655409 0.0244232 0.0156553 0.0441367 0.00979476 0.00548153 0.00388998 0.00354781 0.00352577 0.00352306 0 0.00352831 0.00354841 0.00358345 0.0051158 0.0462238 0.013202 0.0342572 0.00832705 0.0196149 0.00825187 0.0139527 0.0118895 0.0178387 0.0103015 0.0103353 0.0102908 0.00947463 0.0284905 0.0107821 0.0626903 0.0114035 0.0258721 0.0102058 0.00930686 0.00877575 0.00891345 0.0170961 0.00978576 0.0190984 0.0098305 0.0214231 0.0106912 0.03747 0.0114815 0.0129748 0.00903719 
0.00915289 0.0123335 0.00881044 0.0104154 0.00983176 0.0108053 0.00921832 0.00924631 0.0125119 0.00985446 0.00910415 0.00858916 0.01808 0.0073449 0.0183994 0.0213992 0.0491416 0.014891 0.00668278 0.00620627 0.00426452 0.00467759 0.00360888 0.00352849 0.00352831 0 0.00363191 0.00369435 0.893928 0.0198053 0.0206459 0.00846024 0.0274544 0.00739563 0.011734 0.0110676 0.0109994 0.0101335 0.0151928 0.0096135 0.0097637 0.0148749 0.00980074 0.0282787 0.0106494 0.0123334 0.0100608 0.0144655 0.00946972 0.00926952 0.0119025 0.00888285 0.0115643 0.00909335 0.0119364 0.00918974 0.0127721 0.00960773 0.0108191 0.0103635 0.00901149 
0.0171231 0.00838662 0.00874326 0.00863897 0.00930131 0.00847901 0.00900885 0.0157086 0.00848643 0.00842112 0.0087131 0.0320967 0.00814778 0.0228552 0.0134481 0.019337 0.010992 0.00670284 0.00534353 0.0050242 0.00478356 0.00440149 0.00479249 0.0035672 0.00354841 0.00363191 0 0.986385 0.00434717 0.0421998 0.00677695 0.00908068 0.00686194 0.00706283 0.0136241 0.00996181 0.00848319 0.00944961 0.00870198 0.0113688 0.0246302 0.00864788 0.0220818 0.00902925 0.00987359 0.0088208 0.0091235 0.00884509 0.00997521 0.0179184 0.00848947 0.00981419 0.00860515 0.00978186 0.00852909 0.00951897 0.00866049 0.00905251 0.00868843 0.00905991 0.00876023 
0.00952211 0.00860942 0.00825511 0.00850425 0.00845564 0.00885769 0.00939828 0.00889559 0.00897557 0.00877624 0.0101618 0.0085709 0.00852952 0.00715112 0.00660706 0.00656748 0.00651707 0.00614233 0.00591211 0.00569531 0.00641397 0.00426783 0.00380176 0.00363562 0.00358345 0.00369435 0.986385 0 0.00671822 0.00500815 0.00968151 0.00624185 0.00570386 0.00624854 0.00692122 0.00758204 0.00723491 0.00790492 0.00873712 0.0138062 0.00879348 0.00987446 0.00846795 0.0084292 0.0085437 0.00851082 0.00848933 0.00938687 0.0115418 0.00871686 0.00877911 0.00835677 0.00861574 0.00847541 0.0086421 0.00851621 0.00875103 0.00854907 0.00868151 0.00905718 0.0110442 
0.0100512 0.00853141 0.00824739 0.00929566 0.00837087 0.00964688 0.008213 0.0111105 0.00919285 0.00855902 0.00979578 0.0148514 0.00949113 0.00751648 0.00806802 0.00690564 0.00835078 0.00667088 0.00759912 0.00643284 0.00666858 0.00760332 0.00397528 0.00419488 0.0051158 0.893928 0.00434717 0.00671822 0 0.0183282 0.00738935 0.00469923 0.00631465 0.006005 0.00916737 0.00679842 0.00760764 0.00768675 0.0157972 0.010369 0.0156274 0.00930977 0.00828589 0.00932671 0.00817744 0.00914619 0.00829776 0.0105297 0.00900081 0.0113828 0.00906288 0.0082743 0.0095237 0.00823986 0.011447 0.00825234 0.0102617 0.0083008 0.0096959 0.00876947 0.00954055 
0.0147455 0.00878875 0.0122711 0.00869206 0.0146251 0.00913386 0.026516 0.0165403 0.00881513 0.0147639 0.0136612 0.0228778 0.0085138 0.0150418 0.00824653 0.0191008 0.00823675 0.0153494 0.00808768 0.0155461 0.0107051 0.00753997 0.00857215 0.00709896 0.0462238 0.0198053 0.0421998 0.00500815 0.0183282 0 0.00360611 0.00369548 0.0036262 0.0051019 0.0046012 0.00681736 0.00566002 0.0446086 0.0199269 0.970583 0.013669 0.00833246 0.0148819 0.00843643 0.0249379 0.00856339 0.0237093 0.0102118 0.0408333 0.0121961 0.00864441 0.0119849 0.00856181 0.0170106 0.00859978 0.0187547 0.00879419 0.0182342 0.00883085 0.0251693 0.0167171 
0.00867319 0.0131574 0.00840884 0.0264405 0.0085961 0.0225215 0.00836919 0.00859758 0.0222771 0.00847542 0.00933036 0.00857963 0.0326507 0.00817211 0.0328554 0.00803146 0.0279814 0.00797662 0.0244401 0.00813279 0.00849989 0.00959794 0.00730118 0.0464811 0.013202 0.0206459 0.00677695 0.00968151 0.00738935 0.00360611 0 0.00351962 0.00365075 0.00356002 0.00555113 0.00519917 0.0723927 0.00852998 0.979859 0.00678205 0.00771888 0.0242803 0.00828369 0.0226763 0.00818499 0.0248041 0.00903645 0.0488877 0.00891535 0.00873454 0.0183124 0.00828133 0.024909 0.00840322 0.0218621 0.00846301 0.0323204 0.0086188 0.0320169 0.00892702 0.0103047 
0.0102475 0.00837172 0.031228 0.00860674 0.0333635 0.00853168 0.00970103 0.0124325 0.00849149 0.015485 0.00853706 0.0157079 0.00824744 0.0671715 0.00807947 0.0251319 0.00811682 0.0467948 0.00803707 0.0130406 0.00787987 0.00857209 0.0662282 0.0257195 0.0342572 0.00846024 0.00908068 0.00624185 0.00469923 0.00369548 0.00351962 0 0.00352159 0.00362366 0.00396507 0.0490875 0.0130925 0.983426 0.00656083 0.0113608 0.0142132 0.00811567 0.0296933 0.00803046 0.0362145 0.00831955 0.0510679 0.0087443 0.0134665 0.0100932 0.0082588 0.0290203 0.00835071 0.0313453 0.00839593 0.0403299 0.00850202 0.0511049 0.00885638 0.0175502 0.00858828 
0.00856924 0.0135121 0.00838905 0.0172804 0.00862424 0.0102065 0.00832875 0.0086225 0.0144089 0.00859264 0.00902742 0.00871887 0.024788 0.0081664 0.016259 0.00804224 0.017051 0.00805315 0.0131153 0.00825805 0.0083274 0.045918 0.0239345 0.0209774 0.00832705 0.0274544 0.00686194 0.00570386 0.00631465 0.0036262 0.00365075 0.00352159 0 0.00362285 0.0145062 0.0292478 0.950715 0.00537331 0.0085653 0.0059087 0.00721737 0.0246988 0.00815617 0.0212421 0.00822503 0.0378916 0.00855859 0.0152448 0.00829957 0.00897703 0.0180615 0.00840944 0.0136671 0.00840064 0.0145473 0.00839262 0.0176119 0.00850456 0.0143604 0.00883559 0.00914505 
0.0140043 0.00819178 0.009243 0.008422 0.00935589 0.0083921 0.00943849 0.0164016 0.00855709 0.00924805 0.00922199 0.0486394 0.00855077 0.0115671 0.00824671 0.0118725 0.00822544 0.0113836 0.00825248 0.00918805 0.00849597 0.0373417 0.0198981 0.00780472 0.0196149 0.00739563 0.00706283 0.00624854 0.006005 0.0051019 0.00356002 0.00362366 0.00362285 0 0.117624 0.893083 0.00395282 0.00477282 0.00494447 0.00685078 0.0286453 0.00784813 0.0109742 0.0080293 0.0158369 0.00828814 0.0163925 0.008556 0.0106882 0.0182308 0.00857847 0.00984868 0.00848086 0.0104516 0.00838388 0.0124413 0.00860857 0.0101871 0.00870726 0.0104187 0.0092193 
0.00874941 0.00939064 0.00828244 0.0106349 0.00839584 0.0245894 0.0104464 0.00862816 0.0110794 0.00842485 0.0168709 0.00888513 0.0144066 0.00830047 0.014715 0.00822573 0.132284 0.00826531 0.0135609 0.00856102 0.0345013 0.0124413 0.00780573 0.00977654 0.00825187 0.011734 0.0136241 0.00692122 0.00916737 0.0046012 0.00555113 0.00396507 0.0145062 0.117624 0 0.0035852 0.00361994 0.00356675 0.00399194 0.0041798 0.00567749 0.0108946 0.00697964 0.0201205 0.00776379 0.164521 0.00798587 0.0313951 0.0160494 0.00864482 0.0109201 0.0080859 0.0141055 0.00820282 0.0331583 0.00826752 0.016377 0.00839927 0.0212897 0.00912755 0.0357724 
0.00886636 0.00845833 0.0123873 0.00864157 0.031519 0.00864195 0.00916586 0.0103224 0.00866113 0.0139656 0.00855696 0.0173014 0.00858536 0.0198189 0.00837814 0.154149 0.00847021 0.0243275 0.00836876 0.0362486 0.00857192 0.00829579 0.0163666 0.00818288 0.0139527 0.0110676 0.00996181 0.00758204 0.00679842 0.00681736 0.00519917 0.0490875 0.0292478 0.893083 0.0035852 0 0.00356962 0.00354606 0.00357891 0.00373295 0.00716909 0.00645347 0.0207103 0.00748118 0.187624 0.0087354 0.0291879 0.0106092 0.0112916 0.00915466 0.00813841 0.0140704 0.00819843 0.0380334 0.00834285 0.0220665 0.00846458 0.0328082 0.00873196 0.0515303 0.00949028 
0.00849347 0.0112281 0.00863997 0.0630455 0.00900136 0.011989 0.00863683 0.00863537 0.0193352 0.00858976 0.0130769 0.00873749 0.0286237 0.00855993 0.234422 0.00852554 0.0477691 0.00854364 0.0793964 0.008396 0.00910453 0.0118825 0.00835307 0.0231712 0.0118895 0.0109994 0.00848319 0.00723491 0.00760764 0.00566002 0.0723927 0.0130925 0.950715 0.00395282 0.00361994 0.00356962 0 0.00353929 0.00366444 0.0035573 0.005497 0.0249914 0.00701637 0.186024 0.00789002 0.032843 0.00881494 0.0153177 0.00835963 0.00835983 0.0131707 0.00816131 0.0603314 0.00835069 0.0280837 0.00840723 0.0781631 0.00870905 0.0984429 0.00877947 0.0127976 
0.00997131 0.00866309 0.0581807 0.00903187 0.0329503 0.00877765 0.0105943 0.0124974 0.0087205 0.0350453 0.00873248 0.0171347 0.00874499 0.28239 0.00858383 0.0622369 0.0086613 0.158119 0.00852036 0.0190155 0.00857212 0.00843661 0.0251574 0.0094234 0.0178387 0.0101335 0.00944961 0.00790492 0.00768675 0.0446086 0.00852998 0.983426 0.00537331 0.00477282 0.00356675 0.00354606 0.00353929 0 0.00353323 0.00375234 0.0197897 0.00683403 0.216068 0.00736546 0.043131 0.00814227 0.0285981 0.00842202 0.0101497 0.00966235 0.00809089 0.0505405 0.00827536 0.0496156 0.00834145 0.0661564 0.00860043 0.117014 0.00893262 0.0421442 0.00960168 
0.00908386 0.0244167 0.00856563 0.0275983 0.00907044 0.0145059 0.00859849 0.00923735 0.0415553 0.00898822 0.0106256 0.00932984 0.177239 0.00867889 0.0359274 0.00857305 0.0595584 0.00856251 0.0277822 0.00887212 0.00972552 0.0183024 0.00897888 0.0164671 0.0103015 0.0151928 0.00870198 0.00873712 0.0157972 0.0199269 0.979859 0.00656083 0.0085653 0.00494447 0.00399194 0.00357891 0.00366444 0.00353323 0 0.00356352 0.00568384 0.189793 0.00713612 0.0218567 0.00734314 0.0208165 0.00763459 0.0209833 0.00896242 0.00895042 0.0412308 0.00818385 0.0303691 0.00840601 0.0314605 0.0083869 0.044326 0.00900282 0.0513703 0.0115329 0.0159557 
0.0215952 0.00825021 0.0104219 0.00856619 0.0120308 0.00856821 0.0112252 0.0331987 0.00853286 0.0125281 0.0098085 0.145998 0.00853232 0.0179988 0.00838787 0.0240545 0.00851811 0.0178618 0.00845602 0.0125964 0.00899247 0.0139821 0.0127271 0.00848915 0.0103353 0.0096135 0.0113688 0.0138062 0.010369 0.970583 0.00678205 0.0113608 0.0059087 0.00685078 0.0041798 0.00373295 0.0035573 0.00375234 0.00356352 0 0.150553 0.00645811 0.0210867 0.0062082 0.0133492 0.00673502 0.00929915 0.00850568 0.0140129 0.0291929 0.00811805 0.0150934 0.00833301 0.0202203 0.00827518 0.0227774 0.00854424 0.0200336 0.0123634 0.0349684 0.00978797 
0.0101036 0.00836579 0.0119604 0.00845241 0.0115777 0.0088552 0.0231168 0.0124106 0.00865214 0.0119154 0.0123551 0.0172172 0.00866523 0.015195 0.00848892 0.021135 0.00880621 0.0209982 0.00860478 0.026472 0.0127686 0.00974828 0.0110313 0.00849167 0.0102908 0.0097637 0.0246302 0.00879348 0.0156274 0.013669 0.00771888 0.0142132 0.00721737 0.0286453 0.00567749 0.00716909 0.005497 0.0197897 0.00568384 0.150553 0 0.00361732 0.00360295 0.00360575 0.00408873 0.00362385 0.00405356 0.00450154 0.00970749 0.00534759 0.00554941 0.0153243 0.00605903 0.0116963 0.00643553 0.0156569 0.0131659 0.784247 0.0132491 0.0348912 0.0185006 
0.00819762 0.0104115 0.00831694 0.013876 0.0085545 0.014864 0.00833211 0.00840886 0.014186 0.00865474 0.00960774 0.00860131 0.0224538 0.00836 0.0302389 0.00846632 0.0343169 0.00837384 0.0583964 0.00853594 0.00935862 0.011111 0.00857709 0.0143435 0.00947463 0.0148749 0.00864788 0.00987446 0.00930977 0.00833246 0.0242803 0.00811567 0.0246988 0.00784813 0.0108946 0.00645347 0.0249914 0.00683403 0.189793 0.00645811 0.00361732 0 0.00356113 0.0035426 0.0035341 0.00367833 0.00369317 0.00602034 0.00397092 0.0051056 0.0131923 0.00598834 0.0113613 0.00661495 0.0132535 0.00893538 0.913204 0.00860379 0.055395 0.00873637 0.0171767 
0.00870693 0.00838402 0.0178871 0.00886801 0.0314953 0.00860622 0.0102026 0.00968291 0.00863019 0.0139806 0.00852822 0.0140256 0.00861653 0.0561827 0.00868425 0.0471384 0.00868768 0.145336 0.00882246 0.0141813 0.00857533 0.00879646 0.0158247 0.00911881 0.0284905 0.00980074 0.0220818 0.00846795 0.00828589 0.0148819 0.00828369 0.0296933 0.00815617 0.0109742 0.00697964 0.0207103 0.00701637 0.216068 0.00713612 0.0210867 0.00360295 0.00356113 0 0.00353282 0.00357224 0.00356338 0.00400723 0.00354995 0.00383031 0.00570641 0.00544292 0.0404283 0.00700186 0.0148263 0.00742554 0.933065 0.00851742 0.0471301 0.00808968 0.02687 0.00870363 
0.00832422 0.0104704 0.0084821 0.0374548 0.00884133 0.0152909 0.00871668 0.00855332 0.0137596 0.00850736 0.00955099 0.00867533 0.0342015 0.00872024 0.0505756 0.00859331 0.151434 0.00865646 0.0331359 0.00861535 0.00976581 0.011584 0.00858063 0.0376886 0.0107821 0.0282787 0.00902925 0.0084292 0.00932671 0.00843643 0.0226763 0.00803046 0.0212421 0.0080293 0.0201205 0.00748118 0.186024 0.00736546 0.0218567 0.0062082 0.00360575 0.0035426 0.00353282 0 0.00352666 0.0035931 0.00349315 0.00351464 0.00363382 0.00408164 0.0168302 0.00536251 0.012103 0.00812109 0.917491 0.00776762 0.0271842 0.00733443 0.0191921 0.00780526 0.0124924 
0.00925073 0.00830899 0.0347057 0.00893405 0.0332944 0.00850786 0.00974346 0.0101085 0.00859061 0.0139197 0.00835943 0.0225477 0.00862432 0.0589696 0.0084753 0.12816 0.00861142 0.0639431 0.00864166 0.0175554 0.00850228 0.00860733 0.0224108 0.00906916 0.0626903 0.0106494 0.00987359 0.0085437 0.00817744 0.0249379 0.00818499 0.0362145 0.00822503 0.0158369 0.00776379 0.187624 0.00789002 0.043131 0.00734314 0.0133492 0.00408873 0.0035341 0.00357224 0.00352666 0 0.00361121 0.00357243 0.00358545 0.00358574 0.005594 0.00414736 0.0139108 0.00683807 0.931099 0.00734121 0.0249734 0.00710556 0.0235193 0.00773828 0.0229014 0.0087645 
0.00827879 0.0203973 0.00845748 0.0371096 0.00875119 0.0105544 0.0086001 0.00851601 0.0186695 0.00848558 0.00901008 0.00871823 0.0305749 0.00866983 0.0938654 0.00873749 0.0564656 0.00861942 0.0467998 0.00864371 0.00875787 0.0130191 0.0087765 0.0569128 0.0114035 0.0123334 0.0088208 0.00851082 0.00914619 0.00856339 0.0248041 0.00831955 0.0378916 0.00828814 0.164521 0.0087354 0.032843 0.00814227 0.0208165 0.00673502 0.00362385 0.00367833 0.00356338 0.0035931 0.00361121 0 0.00353094 0.00356686 0.00354543 0.00387378 0.0118414 0.00577573 0.939356 0.0159903 0.0164515 0.0060912 0.0214307 0.0070736 0.0211187 0.00812009 0.010517 
0.00990258 0.00830007 0.0200335 0.00917111 0.0185448 0.0086574 0.00879293 0.00944515 0.00878175 0.0126567 0.00838358 0.0125765 0.00881044 0.0955549 0.00896623 0.0308867 0.00910655 0.0446944 0.0089727 0.0119424 0.00856708 0.00889423 0.0349158 0.0100664 0.0258721 0.0100608 0.0091235 0.00848933 0.00829776 0.0237093 0.00903645 0.0510679 0.00855859 0.0163925 0.00798587 0.0291879 0.00881494 0.0285981 0.00763459 0.00929915 0.00405356 0.00369317 0.00400723 0.00349315 0.00357243 0.00353094 0 0.00352195 0.00352723 0.00584888 0.0057021 0.94746 0.00619 0.0110617 0.00547383 0.0122182 0.00636116 0.0151809 0.00755453 0.0129396 0.0101317 
0.00845858 0.00954243 0.00846429 0.0106145 0.0088291 0.0100772 0.00833167 0.00875041 0.0119616 0.00895101 0.00891091 0.0093549 0.0636009 0.00895122 0.0151686 0.00879093 0.0141628 0.00884063 0.0117916 0.00899163 0.00857029 0.0129464 0.00910666 0.011368 0.0102058 0.0144655 0.00884509 0.00938687 0.0105297 0.0102118 0.0488877 0.0087443 0.0152448 0.008556 0.0313951 0.0106092 0.0153177 0.00842202 0.0209833 0.00850568 0.00450154 0.00602034 0.00354995 0.00351464 0.00358545 0.00356686 0.00352195 0 0.00358477 0.00492014 0.95825 0.0046525 0.0158626 0.00434974 0.00770582 0.00548897 0.00831023 0.00664674 0.0105992 0.00864245 0.0103053 
0.0112469 0.00819183 0.008645 0.00854001 0.00900524 0.00846186 0.00881228 0.0128541 0.00869294 0.00877789 0.00913799 0.0438254 0.00893886 0.0102874 0.00864434 0.0102743 0.00867422 0.00950754 0.00860246 0.00892537 0.00889308 0.0137841 0.00917577 0.00870497 0.00930686 0.00946972 0.00997521 0.0115418 0.00900081 0.0408333 0.00891535 0.0134665 0.00829957 0.0106882 0.0160494 0.0112916 0.00835963 0.0101497 0.00896242 0.0140129 0.00970749 0.00397092 0.00383031 0.00363382 0.00358574 0.00354543 0.00352723 0.00358477 0 0.965683 0.00396364 0.005168 0.00370032 0.00613466 0.004243 0.00621952 0.00562425 0.00731684 0.0074511 0.00877969 0.00832242 
0.00865356 0.00807554 0.00819306 0.00818653 0.008565 0.00845503 0.0116683 0.00881076 0.00824599 0.00885089 0.0105355 0.00985172 0.00842088 0.00919132 0.00840008 0.00990717 0.00864617 0.0100914 0.00867341 0.00998518 0.0110609 0.00969866 0.00871458 0.00850921 0.00877575 0.00926952 0.0179184 0.00871686 0.0113828 0.0121961 0.00873454 0.0100932 0.00897703 0.0182308 0.00864482 0.00915466 0.00835983 0.00966235 0.00895042 0.0291929 0.00534759 0.0051056 0.00570641 0.00408164 0.005594 0.00387378 0.00584888 0.00492014 0.965683 0 0.00357678 0.00383812 0.00362455 0.00376736 0.00373846 0.00430664 0.00448281 0.00528932 0.00585639 0.00943775 0.0133649 
0.00809746 0.00891816 0.00808561 0.00969698 0.00815688 0.0101609 0.00810415 0.00812181 0.00979355 0.00825012 0.00906939 0.00836587 0.011955 0.00824047 0.0137075 0.00823669 0.0172983 0.00821778 0.0135555 0.00829641 0.00975165 0.00992786 0.00847116 0.0102387 0.00891345 0.0119025 0.00848947 0.00877911 0.00906288 0.00864441 0.0183124 0.0082588 0.0180615 0.00857847 0.0109201 0.00813841 0.0131707 0.00809089 0.0412308 0.00811805 0.00554941 0.0131923 0.00544292 0.0168302 0.00414736 0.0118414 0.0057021 0.95825 0.00396364 0.00357678 0 0.00347696 0.00367343 0.0035342 0.00413303 0.00370167 0.00526957 0.00408745 0.00766778 0.00638926 0.011289 
0.00832197 0.00805439 0.011757 0.00837304 0.0143494 0.00819177 0.0090688 0.0088351 0.00821778 0.00995512 0.00837463 0.0112111 0.00833781 0.0310652 0.00829943 0.0319602 0.00836942 0.0388359 0.00839924 0.0206544 0.00846775 0.00845502 0.0112688 0.00879606 0.0170961 0.00888285 0.00981419 0.00835677 0.0082743 0.0119849 0.00828133 0.0290203 0.00840944 0.00984868 0.0080859 0.0140704 0.00816131 0.0505405 0.00818385 0.0150934 0.0153243 0.00598834 0.0404283 0.00536251 0.0139108 0.00577573 0.94746 0.0046525 0.005168 0.00383812 0.00347696 0 0.00352593 0.00376985 0.00353671 0.00479158 0.00360808 0.00771946 0.00448106 0.0140772 0.00572032 
0.00818982 0.00963207 0.00821926 0.0248901 0.0085061 0.0104689 0.00861114 0.00834815 0.0120322 0.00829638 0.00933854 0.00836107 0.023034 0.00838363 0.051352 0.00837697 0.062821 0.00830917 0.0385218 0.00855759 0.0094286 0.0113654 0.0085089 0.0267089 0.00978576 0.0115643 0.00860515 0.00861574 0.0095237 0.00856181 0.024909 0.00835071 0.0136671 0.00848086 0.0141055 0.00819843 0.0603314 0.00827536 0.0303691 0.00833301 0.00605903 0.0113613 0.00700186 0.012103 0.00683807 0.939356 0.00619 0.0158626 0.00370032 0.00362455 0.00367343 0.00352593 0 0.00349017 0.00376097 0.00356124 0.00492339 0.0036335 0.00890499 0.00386228 0.00793989 
0.00853358 0.00815542 0.0171206 0.00853652 0.0196116 0.0083264 0.0091197 0.00950104 0.00827988 0.0112224 0.00816871 0.0152081 0.00836251 0.0486729 0.00837044 0.0640735 0.0084038 0.0657576 0.00839974 0.0149609 0.00833219 0.00852408 0.0164293 0.00888805 0.0190984 0.00909335 0.00978186 0.00847541 0.00823986 0.0170106 0.00840322 0.0313453 0.00840064 0.0104516 0.00820282 0.0380334 0.00835069 0.0496156 0.00840601 0.0202203 0.0116963 0.00661495 0.0148263 0.00812109 0.931099 0.0159903 0.0110617 0.00434974 0.00613466 0.00376736 0.0035342 0.00376985 0.00349017 0 0.00352595 0.00392847 0.00355872 0.00807748 0.00363188 0.00535311 0.00416764 
0.00819055 0.0105021 0.00818951 0.0206064 0.0084371 0.0110591 0.00841762 0.00831071 0.0129898 0.00827036 0.00899391 0.00843752 0.0216734 0.00824935 0.060124 0.00832676 0.0579792 0.00826762 0.0303541 0.00841129 0.00931545 0.0126812 0.00844274 0.0232821 0.0098305 0.0119364 0.00852909 0.0086421 0.011447 0.00859978 0.0218621 0.00839593 0.0145473 0.00838388 0.0331583 0.00834285 0.0280837 0.00834145 0.0314605 0.00827518 0.00643553 0.0132535 0.00742554 0.917491 0.00734121 0.0164515 0.00547383 0.00770582 0.004243 0.00373846 0.00413303 0.00353671 0.00376097 0.00352595 0 0.00351369 0.00429465 0.00359301 0.00431172 0.00357659 0.00493378 
0.00921736 0.00811318 0.0188078 0.00836376 0.0252538 0.00821183 0.00940856 0.0103992 0.00822366 0.0134322 0.00823646 0.0190351 0.00823467 0.0795175 0.0082701 0.0696215 0.0083095 0.0658201 0.00829618 0.0141346 0.00835528 0.00852419 0.0171582 0.00879865 0.0214231 0.00918974 0.00951897 0.00851621 0.00825234 0.0187547 0.00846301 0.0403299 0.00839262 0.0124413 0.00826752 0.0220665 0.00840723 0.0661564 0.0083869 0.0227774 0.0156569 0.00893538 0.933065 0.00776762 0.0249734 0.0060912 0.0122182 0.00548897 0.00621952 0.00430664 0.00370167 0.00479158 0.00356124 0.00392847 0.00351369 0 0.00357341 0.00423813 0.0035508 0.00436226 0.00378289 
0.00824225 0.0120873 0.00821466 0.0334886 0.00856178 0.0109592 0.00829702 0.00846024 0.0158458 0.0083217 0.0094626 0.00838889 0.0484963 0.00834036 0.0608703 0.00836205 0.0761155 0.0083154 0.0429363 0.00848584 0.00917149 0.0127141 0.00844753 0.0311688 0.0106912 0.0127721 0.00866049 0.00875103 0.0102617 0.00879419 0.0323204 0.00850202 0.0176119 0.00860857 0.016377 0.00846458 0.0781631 0.00860043 0.044326 0.00854424 0.0131659 0.913204 0.00851742 0.0271842 0.00710556 0.0214307 0.00636116 0.00831023 0.00562425 0.00448281 0.00526957 0.00360808 0.00492339 0.00355872 0.00429465 0.00357341 0 0.00354108 0.00388403 0.00360218 0.0039588 
0.00941114 0.00813246 0.0214788 0.00855424 0.0223062 0.00843132 0.0094089 0.0107005 0.00832526 0.0134202 0.00841083 0.021866 0.00838669 0.0677249 0.00842512 0.0631353 0.00846548 0.0694182 0.00850599 0.0138053 0.0083821 0.00852582 0.0196637 0.00913289 0.03747 0.00960773 0.00905251 0.00854907 0.0083008 0.0182342 0.0086188 0.0511049 0.00850456 0.0101871 0.00839927 0.0328082 0.00870905 0.117014 0.00900282 0.0200336 0.784247 0.00860379 0.0471301 0.00733443 0.0235193 0.0070736 0.0151809 0.00664674 0.00731684 0.00528932 0.00408745 0.00771946 0.0036335 0.00807748 0.00359301 0.00423813 0.00354108 0 0.0035433 0.00376811 0.00368957 
0.0082472 0.011158 0.00838365 0.0233776 0.00868688 0.0102896 0.00831124 0.00850392 0.0142955 0.00849325 0.00914818 0.00851664 0.0239374 0.00852026 0.0446881 0.00858629 0.0436325 0.00863233 0.0311544 0.00853418 0.00892952 0.0121221 0.00871699 0.0414265 0.0114815 0.0108191 0.00868843 0.00868151 0.0096959 0.00883085 0.0320169 0.00885638 0.0143604 0.00870726 0.0212897 0.00873196 0.0984429 0.00893262 0.0513703 0.0123634 0.0132491 0.055395 0.00808968 0.0191921 0.00773828 0.0211187 0.00755453 0.0105992 0.0074511 0.00585639 0.00766778 0.00448106 0.00890499 0.00363188 0.00431172 0.0035508 0.00388403 0.0035433 0 0.00357694 0.00373733 
0.00928321 0.00818591 0.0124896 0.00840528 0.0117013 0.00865195 0.00887446 0.0101178 0.00842077 0.0119704 0.00847365 0.0151106 0.00849957 0.0255841 0.00842309 0.0198894 0.00846617 0.0193873 0.00840659 0.0117676 0.00833258 0.00905029 0.0201926 0.00883279 0.0129748 0.0103635 0.00905991 0.00905718 0.00876947 0.0251693 0.00892702 0.0175502 0.00883559 0.0104187 0.00912755 0.0515303 0.00877947 0.0421442 0.0115329 0.0349684 0.0348912 0.00873637 0.02687 0.00780526 0.0229014 0.00812009 0.0129396 0.00864245 0.00877969 0.00943775 0.00638926 0.0140772 0.00386228 0.00535311 0.00357659 0.00436226 0.00360218 0.00376811 0.00357694 0 0.00361216 
0.00920454 0.00856954 0.00814953 0.00899296 0.00846239 0.00841641 0.00858903 0.0104223 0.00951451 0.00824976 0.00933944 0.0125011 0.0104241 0.00838742 0.0108517 0.0083865 0.0102828 0.00821782 0.00953196 0.00836693 0.00912165 0.0195931 0.00848528 0.00893312 0.00903719 0.00901149 0.00876023 0.0110442 0.00954055 0.0167171 0.0103047 0.00858828 0.00914505 0.0092193 0.0357724 0.00949028 0.0127976 0.00960168 0.0159557 0.00978797 0.0185006 0.0171767 0.00870363 0.0124924 0.0087645 0.010517 0.0101317 0.0103053 0.00832242 0.0133649 0.011289 0.00572032 0.00793989 0.00416764 0.00493378 0.00378289 0.0039588 0.00368957 0.00373733 0.00361216 0 
