1FJRA
DILECDYFDTVDISAAQKLQNGSYLFEGLLVPAILTGEYDFRILPDDSKQKVARHIRGCVCKLKPCVRFCCPHDHIMDNGVCYDNMSDEELAELDPFLNVTLDDGSVSRRHFKNELIVQWDLPMPCDGMFYLDNREEQDKYTLFENGTFFRHFDRVTLRKREYCLQHLTFADGNATSIRIAPHNCLIV
CCCCCCHHHCEECCCCEECCCCCEEECCEEECHHHEEEEEEEECCCCCEEEEEEEEEECHHHCCCEEEECCCCCCEEECCEEECCCCHHHHHHCCCEEEEECCCCCEEEEECCCCCEEECCCCCCCCCCEECCCCCHHHCEEEECCCCEEECCCCEEECCCCEEEEEEEEECCCCEEEEEEEEECCCC
0 0 0 0 0 0 0 0 0 0 0 0 0 0 0 0 0 0 0 0 0 0 0 0 0 0 0 0 0 0 0 0 0 0 0 0 0 0 0 0 0 0 0 0 0 0 0 0 0 0 0 0 0 0 0 0 0 0 0 0 0 0 0 0 0 0 0 0 0 0 0 0 0 0 0 0 0 0 0 0 0 0 0 0 0 0 0 0 0 0 0 0 0 0 0 0 0 0 0 0 0 0 0 0 0 0 0 0 0 0 0 0 0 0 0 0 0 0 0 0 0 0 0 0 0 0 0 0 0 0 0 0 0 0 0 0 0 0 0 0 0 0 0 0 0 0 0 0 0 0 0 0 0 0 0 0 0 0 0 0 0 0 0 0 0 0 0 0 0 0 0 0 0 0 0 0 0 0 0 0 0 0 0 0 0 0 0 0 
0 0 0 0 0 0 0 0 0 0 0 0 0 0 0 0 0 0 0 0 0 0 0 0 0 0 0 0 0 0 0 0 0 0 0 0 0 0 0 0 0 0 0 0 0 0 0 0 0 0 0 0 0 0 0 0 0 0 0 0 0 0 0 0 0 0 0 0 0 0 0 0 0 0 0 0 0 0 0 0 0 0 0 0 0 0 0 0 0 0 0 0 0 0 0 0 0 0 0 0 0 0 0 0 0 0 0 0 0 0 0 0 0 0 0 0 0 0 0 0 0 0 0 0 0 0 0 0 0 0 0 0 0 0 0 0 0 0 0 0 0 0 0 0 0 0 0 0 0 0 0 0 0 0 0 0 0 0 0 0 0 0 0 0 0 0 0 0 0 0 0 0 0 0 0 0 0 0 0 0 0 0 0 0 0 0 0 0 
0 0.00383337 0.0124068 0.0834974 0.0170636 0.0172797 0.030486 0.0235526 0.0180382 0.0424217 0.010646 0.0193263 0.00853456 0.0123237 0.00857589 0.0140419 0.0110191 0.0512038 0.0106935 0.0143418 0.00880653 0.0114688 0.00902943 0.00949626 0.00987389 0.0120946 0.0126702 0.050785 0.0148206 0.0168483 0.012017 0.0286149 0.0103579 0.0102599 0.0109896 0.0090633 0.00979341 0.0130096 0.00909243 0.0104278 0.00838314 0.0113431 0.010729 0.00851213 0.00863869 0.00825522 0.00910288 0.00977566 0.00913321 0.00907287 0.00938323 0.00823179 0.00907183 0.00953609 0.00874573 0.00864148 0.00910887 0.00854617 0.00838114 0.00873008 0.00928205 0.00809721 0.0104507 0.008608 0.00821622 0.00832762 0.00820412 0.00818676 0.00844097 0.00815231 0.00839289 0.0087702 0.00808334 0.00805238 0.00893046 0.00831928 0.00893775 0.0081633 0.00819212 0.00881403 0.00838436 
0.00383337 0 0.0505886 0.00527123 0.0121364 0.0240164 0.0320504 0.0140873 0.0293655 0.0103761 0.0336937 0.0102652 0.0115571 0.00840234 0.0105221 0.0089095 0.0320481 0.014078 0.012456 0.00912133 0.00983015 0.00884041 0.00902563 0.00904151 0.0105952 0.0091644 0.036116 0.0150732 0.0223073 0.0118662 0.0210401 0.0130757 0.0135334 0.0105905 0.00912553 0.0122052 0.0101867 0.0101186 0.0163969 0.00845894 0.00986247 0.00873964 0.0121248 0.0100078 0.0086793 0.0084311 0.00829362 0.0089923 0.0103531 0.00912026 0.00877357 0.00928706 0.00860346 0.0089303 0.00873792 0.0082274 0.00835818 0.00890697 0.00861387 0.00813648 0.00861792 0.0088916 0.00812538 0.00870132 0.00842519 0.0084267 0.00835868 0.00831204 0.00814407 0.00850499 0.00817817 0.00811404 0.00856718 0.00843002 0.00814411 0.00849155 0.00843525 0.00820307 0.00817994 0.00839856 0.00825895 
0.0124068 0.0505886 0 0.00603672 0.00920765 0.635717 0.0264688 0.00826769 0.0150186 0.0118407 0.0114494 0.0106274 0.00933983 0.00817163 0.008702 0.00859951 0.0112215 0.0162538 0.0112946 0.00989438 0.0093833 0.00884544 0.00867053 0.00877154 0.00876405 0.00887182 0.00952618 0.0151445 0.0111818 0.0102841 0.00925296 0.0122943 0.00987581 0.00888503 0.00863637 0.00927712 0.00935499 0.0109122 0.00972163 0.008585 0.00838649 0.00841757 0.0106087 0.00898644 0.00853496 0.008007 0.00820878 0.00878114 0.00871169 0.00853299 0.00842436 0.00826953 0.00865565 0.00825757 0.00829838 0.00814799 0.00866877 0.00824429 0.00822476 0.00822782 0.0083872 0.00855298 0.00824412 0.00824183 0.00820307 0.00803701 0.00802437 0.00803849 0.00799875 0.00815586 0.00813065 0.00833084 0.00816597 0.00810133 0.00805977 0.00811136 0.00812028 0.00800888 0.0079895 0.00797985 0.00811209 
0.0834974 0.00527123 0.00603672 0 0.761173 0.00821055 0.00670758 0.00936177 0.00989524 0.00765775 0.0190356 0.00886985 0.00791293 0.00792001 0.00820529 0.00823309 0.0107169 0.0092535 0.0125454 0.00915142 0.00844076 0.0084751 0.00840844 0.00831913 0.00868938 0.00841642 0.0100172 0.00908249 0.0173312 0.00900398 0.009687 0.00904408 0.0108424 0.00860755 0.00825399 0.00971978 0.00843975 0.00840644 0.0103385 0.00822229 0.00825854 0.00831371 0.00872172 0.00900852 0.0082469 0.00798296 0.00806747 0.00812551 0.00912866 0.00820267 0.00816322 0.0085923 0.00801704 0.00862552 0.00806824 0.00802085 0.00806968 0.00836816 0.00815497 0.00798091 0.00852085 0.00811058 0.00803402 0.0083272 0.00800761 0.00801252 0.00795932 0.00795934 0.0079895 0.00797644 0.00801975 0.00799496 0.00821558 0.00797581 0.0079882 0.0080128 0.00798537 0.00795265 0.00794121 0.0080921 0.00795963 
0.0170636 0.0121364 0.00920765 0.761173 0 0.00367985 0.00426154 0.00576534 0.0064394 0.942997 0.00626516 0.0104378 0.00718798 0.0142561 0.00742415 0.0154404 0.0102071 0.0622996 0.0100642 0.0102098 0.00890529 0.0107726 0.00873967 0.00936163 0.00965524 0.0121028 0.00957376 0.0297574 0.014183 0.0142944 0.0102754 0.0278312 0.0103 0.00936297 0.0116514 0.00890384 0.00920668 0.0176588 0.0090332 0.00995287 0.00855225 0.0100139 0.0128479 0.00854686 0.00872879 0.008338 0.00938033 0.0109011 0.00949332 0.00869964 0.0107372 0.00819333 0.00853466 0.00938399 0.00821036 0.00867801 0.00927223 0.00846332 0.00823021 0.00962049 0.00877409 0.00826142 0.0110024 0.00853004 0.00818234 0.00846545 0.00821373 0.00829012 0.00834211 0.0082536 0.00894493 0.00882236 0.00807923 0.00804092 0.00861986 0.00835762 0.00870317 0.00823878 0.00824795 0.00818677 0.00884151 
0.0172797 0.0240164 0.635717 0.00821055 0.00367985 0 0.00367064 0.00441044 0.988996 0.00419253 0.00547346 0.00591548 0.0135232 0.00709456 0.00865376 0.00723908 0.0371484 0.00830521 0.00894227 0.00906625 0.00988535 0.00834845 0.00890989 0.009038 0.00936636 0.00901553 0.0355561 0.00906926 0.011231 0.012881 0.0391382 0.00942077 0.00971167 0.0136879 0.00855914 0.0091193 0.0114206 0.00904297 0.0092166 0.00854998 0.0105372 0.00924455 0.00946041 0.00855919 0.00853603 0.00846857 0.00855822 0.00854206 0.00881776 0.00984359 0.00836769 0.0085184 0.00863058 0.00818145 0.008825 0.00832467 0.00817728 0.00829016 0.00906496 0.00831604 0.00825047 0.00971224 0.00802677 0.00823496 0.00834084 0.00834142 0.00834135 0.00830677 0.00825086 0.00832627 0.00831063 0.00807756 0.00815294 0.00841751 0.0082006 0.00850767 0.00834794 0.00829152 0.00825005 0.00829789 0.00801691 
0.030486 0.0320504 0.0264688 0.00670758 0.00426154 0.00367064 0 0.98918 0.00394499 0.00441207 0.00732748 0.00956257 0.00629339 0.0115235 0.00666173 0.010462 0.00735434 0.0109783 0.0135115 0.0100128 0.00815747 0.0106173 0.00841142 0.00846924 0.00892192 0.0133387 0.00891412 0.0180759 0.0177142 0.0122129 0.0093316 0.022968 0.0151237 0.00867402 0.00946144 0.0106248 0.00888181 0.00990831 0.0106386 0.00993957 0.00852359 0.0100023 0.00908609 0.0106261 0.00902028 0.00813979 0.00846525 0.00857527 0.0106238 0.0085303 0.00938381 0.00882489 0.00816367 0.0108729 0.00815116 0.00866007 0.00835329 0.00945147 0.00827363 0.00820768 0.010137 0.00798757 0.00952573 0.00884562 0.00812931 0.00817471 0.00813401 0.00812283 0.00838599 0.00804356 0.00850809 0.00811635 0.0086399 0.00800527 0.00845092 0.00813431 0.00823637 0.00804754 0.00804206 0.00834552 0.00809711 
0.0235526 0.0140873 0.00826769 0.00936177 0.00576534 0.00441044 0.98918 0 0.00364332 0.00423421 0.00368565 0.00834098 0.00587599 0.0110152 0.005731 0.00792762 0.00769806 0.0252022 0.00991745 0.00965554 0.00895172 0.0114705 0.00867433 0.00954047 0.00914862 0.0116433 0.010046 0.0270434 0.0134342 0.0136689 0.0106288 0.0239313 0.0106257 0.00967899 0.0124475 0.0090052 0.00975369 0.0191566 0.00929842 0.0112572 0.00868436 0.0112337 0.0137186 0.00875215 0.00861923 0.00849553 0.00966325 0.0111316 0.00902887 0.00889156 0.0106275 0.00817825 0.00865788 0.0104724 0.00831113 0.00873949 0.0100096 0.00866249 0.00815822 0.00977779 0.00947625 0.00835399 0.0113834 0.0085312 0.00826584 0.0084205 0.00820051 0.00834953 0.00841347 0.00823994 0.00874814 0.00899355 0.00819235 0.00805986 0.00878176 0.0084058 0.00924512 0.00827917 0.00819733 0.00833073 0.00855566 
0.0180382 0.0293655 0.0150186 0.00989524 0.0064394 0.988996 0.00394499 0.00364332 0 0.00368843 0.00443887 0.00408068 0.00837734 0.00563436 0.00703517 0.00593429 0.0304395 0.00767471 0.0107712 0.00873651 0.0107577 0.00816877 0.00876441 0.00892769 0.00988382 0.00902515 0.0316451 0.0113124 0.0148645 0.0145047 0.0435621 0.00990787 0.0112413 0.0128188 0.00916222 0.010939 0.0113286 0.00969111 0.0113299 0.00855984 0.0112527 0.00865479 0.0104479 0.00921395 0.00868136 0.00854321 0.00862671 0.00884751 0.00982628 0.0103127 0.00837074 0.00851712 0.00902429 0.00857823 0.00928002 0.00839737 0.00832458 0.00842807 0.0097279 0.00829377 0.00842734 0.0100531 0.00805162 0.00832178 0.00837021 0.00848992 0.00834527 0.00835836 0.00826227 0.00887827 0.00830137 0.00807792 0.00830659 0.0083542 0.00816998 0.00872555 0.00844174 0.00832115 0.00821118 0.00833996 0.0081004 
0.0424217 0.0103761 0.0118407 0.00765775 0.942997 0.00419253 0.00441207 0.00423421 0.00368843 0 0.00636967 0.00666643 0.00377528 0.00933793 0.0041789 0.00790981 0.00578608 0.00760646 0.0131515 0.00890791 0.00756153 0.010026 0.00798903 0.00839625 0.00864149 0.012441 0.00982313 0.0295883 0.021477 0.0139811 0.00926033 0.0219486 0.0192128 0.00966603 0.0093788 0.0135856 0.00911218 0.0108995 0.0131356 0.0114012 0.00845606 0.0117239 0.00928363 0.0127896 0.00957716 0.00824136 0.00880158 0.00859927 0.0138825 0.00872606 0.0092624 0.00937724 0.00817262 0.0152009 0.00836458 0.00877482 0.00870153 0.0111958 0.00834275 0.00832829 0.0121364 0.00804025 0.00977282 0.0111981 0.00826551 0.00832726 0.00821018 0.00818706 0.0086311 0.00812712 0.00846432 0.00812751 0.00937079 0.00812071 0.00871181 0.00821262 0.0085607 0.00808562 0.0081661 0.00836641 0.00816387 
0.010646 0.0336937 0.0114494 0.0190356 0.00626516 0.00547346 0.00732748 0.00368565 0.00443887 0.00636967 0 0.00356664 0.00361579 0.00358743 0.00360307 0.00358091 0.00378657 0.0077439 0.00672687 0.00583338 0.00720436 0.00651627 0.0146044 0.00720727 0.00997618 0.0542157 0.0603567 0.151368 0.0144565 0.0102015 0.0173212 0.047799 0.012748 0.00927043 0.015187 0.0105725 0.00908445 0.0276679 0.011442 0.00861046 0.0114621 0.0089466 0.0264395 0.00875514 0.00854907 0.00920605 0.00873016 0.0159611 0.0104037 0.00893406 0.0115808 0.00827081 0.0098814 0.00853615 0.00912744 0.00833602 0.0103149 0.00840966 0.00845614 0.00905847 0.00840241 0.00868185 0.00914933 0.00834235 0.00836976 0.00838505 0.00864773 0.00875753 0.0086904 0.00863622 0.00858527 0.0091297 0.00805407 0.00807366 0.00815201 0.00913203 0.00840964 0.00901355 0.00817914 0.00888355 0.0089831 
0.0193263 0.0102652 0.0106274 0.00886985 0.0104378 0.00591548 0.00956257 0.00834098 0.00408068 0.00666643 0.00356664 0 0.00359299 0.00368919 0.00356202 0.00480505 0.00367747 0.0042688 0.00561774 0.00847347 0.0060957 0.0198057 0.00664048 0.0131219 0.149282 0.0610074 0.107985 0.0176612 0.00961172 0.0234252 0.0102741 0.0169125 0.00919275 0.0118697 0.00990082 0.00861424 0.0119041 0.010452 0.00862451 0.0181553 0.00853394 0.0314015 0.00863637 0.00832285 0.00983945 0.00844698 0.0148756 0.00897603 0.00874651 0.0118497 0.0100302 0.0082838 0.00828407 0.0102309 0.00829297 0.00990395 0.00850646 0.00849028 0.00842213 0.00894676 0.00964094 0.00806228 0.0112533 0.0084281 0.00861313 0.00907152 0.00885687 0.0087271 0.00954977 0.00829255 0.0094678 0.00812349 0.00806879 0.00807781 0.0107676 0.00841768 0.0107875 0.00837974 0.00930937 0.00870713 0.00837577 
0.00853456 0.0115571 0.00933983 0.00791293 0.00718798 0.0135232 0.00629339 0.00587599 0.00837734 0.00377528 0.00361579 0.00359299 0 0.00353758 0.0036063 0.00354633 0.00368928 0.00360178 0.00626918 0.00630142 0.0133999 0.00682695 0.0244558 0.167045 0.062404 0.0926572 0.0188494 0.00804789 0.0113694 0.00958001 0.0216555 0.00911862 0.0101016 0.00908791 0.00883872 0.0120425 0.00873804 0.00969124 0.0105667 0.00839235 0.0378242 0.00841156 0.0124716 0.00856378 0.00850245 0.0162576 0.00850224 0.00925776 0.00921205 0.00871858 0.00881866 0.00821093 0.0082498 0.00836193 0.0096057 0.00826872 0.00832051 0.00823663 0.00841791 0.00812777 0.0081974 0.00920558 0.00803023 0.00827811 0.00835934 0.00907895 0.00885782 0.00913691 0.00831211 0.0107489 0.00817868 0.00807806 0.00807305 0.00846305 0.00851871 0.0118579 0.00852607 0.00876807 0.00847718 0.00839944 0.00824523 
0.0123237 0.00840234 0.00817163 0.00792001 0.0142561 0.00709456 0.0115235 0.0110152 0.00563436 0.00933793 0.00358743 0.00368919 0.00353758 0 0.00354038 0.00359467 0.00365976 0.00354691 0.00712871 0.00762691 0.00625974 0.0350411 0.0879241 0.038683 0.114425 0.0155378 0.0080142 0.0147871 0.00915433 0.0193371 0.00884017 0.0151433 0.00912115 0.00903035 0.00861539 0.00847396 0.00945667 0.00963964 0.00845208 0.0235593 0.00862797 0.0193167 0.00855083 0.00843913 0.0100714 0.00858725 0.0102932 0.00857082 0.00858024 0.00887883 0.00889842 0.00819309 0.00814311 0.00972873 0.00820561 0.00898683 0.00835341 0.0083957 0.00826117 0.00847243 0.00933443 0.00805044 0.00940851 0.0084502 0.00846876 0.00927782 0.00893537 0.00877129 0.0104081 0.00826151 0.00910955 0.00815853 0.00809473 0.00813779 0.0109829 0.00871082 0.0113565 0.00875259 0.0086363 0.00848808 0.0081212 
0.00857589 0.0105221 0.008702 0.00820529 0.00742415 0.00865376 0.00666173 0.005731 0.00703517 0.0041789 0.00360307 0.00356202 0.0036063 0.00354038 0 0.00352089 0.00355501 0.00357132 0.00471921 0.00535315 0.0157984 0.0693466 0.0378651 0.0419194 0.0187605 0.00857823 0.0159708 0.00730159 0.0201957 0.00878752 0.0194443 0.0107342 0.00927192 0.00870955 0.00897511 0.00990085 0.00871804 0.00942282 0.0112068 0.00839282 0.0358463 0.00869945 0.0123101 0.00854642 0.00841726 0.0140834 0.00863462 0.00922404 0.00899694 0.00870933 0.00859744 0.00817541 0.00825084 0.00832513 0.00949737 0.00834881 0.00842616 0.00821156 0.00829782 0.00821667 0.00815669 0.00942469 0.00800959 0.00828656 0.00842716 0.00956813 0.00912509 0.00947676 0.00847083 0.0108591 0.00820067 0.00811512 0.00807925 0.0085417 0.00828712 0.0136135 0.00884732 0.00910807 0.00853584 0.00847553 0.00829228 
0.0140419 0.0089095 0.00859951 0.00823309 0.0154404 0.00723908 0.010462 0.00792762 0.00593429 0.00790981 0.00358091 0.00480505 0.00354633 0.00359467 0.00352089 0 0.00359352 0.00356984 0.00698398 0.00935145 0.379067 0.0802044 0.0285871 0.0120195 0.00917689 0.0238968 0.00876477 0.00871676 0.0092561 0.0318362 0.0103901 0.016648 0.00997637 0.0100943 0.00900807 0.00876711 0.010772 0.00966607 0.00893107 0.0341197 0.0094167 0.0332595 0.00888182 0.00860929 0.0117641 0.0105503 0.013486 0.00881237 0.00978947 0.0111916 0.00965961 0.00822868 0.00834695 0.0112989 0.00863329 0.0115403 0.00834778 0.00874948 0.00863811 0.00851575 0.00959161 0.00815186 0.0102344 0.00850741 0.00900972 0.0123895 0.0112217 0.0091973 0.0125164 0.00847669 0.00945002 0.00814137 0.00813497 0.00818643 0.0133228 0.00952294 0.015532 0.00925799 0.00967095 0.00928959 0.00857486 
0.0110191 0.0320481 0.0112215 0.0107169 0.0102071 0.0371484 0.00735434 0.00769806 0.0304395 0.00578608 0.00378657 0.00367747 0.00368928 0.00365976 0.00355501 0.00359352 0 0.00356193 0.0112764 0.656478 0.0321472 0.014906 0.0138423 0.00803743 0.00814217 0.00778465 0.0170343 0.00835851 0.0136708 0.0201016 0.0661411 0.0118109 0.0111129 0.0203661 0.0102463 0.012433 0.0143446 0.0108982 0.0164499 0.00993073 0.026034 0.0108652 0.0139122 0.00976549 0.0123273 0.0129146 0.0105902 0.010537 0.011881 0.0151015 0.00984135 0.00879996 0.00937527 0.00877765 0.0131285 0.00893939 0.00856942 0.00879959 0.00931514 0.00862202 0.00846148 0.0102618 0.00814845 0.00869688 0.00925988 0.0104036 0.00970609 0.0102207 0.00870695 0.0100254 0.00854946 0.00819398 0.00813274 0.00947199 0.00859833 0.0123252 0.00979492 0.00970442 0.0091278 0.00957499 0.00832523 
0.0512038 0.014078 0.0162538 0.0092535 0.0622996 0.00830521 0.0109783 0.0252022 0.00767471 0.00760646 0.0077439 0.0042688 0.00360178 0.00354691 0.00357132 0.00356984 0.00356193 0 0.767021 0.0321918 0.00598252 0.00678289 0.00595483 0.00637174 0.00778592 0.0104996 0.00867116 0.0115001 0.0283009 0.0194558 0.0105103 0.0347363 0.0240124 0.0102667 0.0113551 0.0180726 0.0103654 0.0146802 0.016511 0.0128391 0.00905602 0.0127584 0.0126629 0.0167764 0.0118386 0.00883615 0.00954758 0.00998909 0.0194572 0.00977988 0.0116963 0.010943 0.00849907 0.0161913 0.00906057 0.0091238 0.00894486 0.0124793 0.00933018 0.00847559 0.0110803 0.00839282 0.00923617 0.0110592 0.00898849 0.00884496 0.00878659 0.00830443 0.00864574 0.00827236 0.0084323 0.00822439 0.01023 0.00834577 0.00879979 0.00855571 0.00914105 0.00831056 0.00854704 0.00907782 0.00863252 
0.0106935 0.012456 0.0112946 0.0125454 0.0100642 0.00894227 0.0135115 0.00991745 0.0107712 0.0131515 0.00672687 0.00561774 0.00626918 0.00712871 0.00471921 0.00698398 0.0112764 0.767021 0 0.00375296 0.00371476 0.00371893 0.0037077 0.00370157 0.003815 0.00397557 0.00440724 0.00633821 0.00841776 0.00789215 0.00870718 0.0214292 0.0102512 0.00890792 0.0109344 0.00937557 0.00896026 0.0187158 0.0107057 0.00866442 0.00969195 0.00882677 0.0209073 0.00930592 0.00850946 0.00849848 0.00851233 0.014949 0.00912839 0.00845771 0.00996203 0.00835865 0.00894455 0.0086542 0.00828958 0.00825431 0.00990519 0.00821586 0.00815963 0.0089918 0.00858052 0.00864126 0.00932593 0.00823759 0.00802224 0.00809566 0.00808106 0.00809688 0.008244 0.00836552 0.00864456 0.00896506 0.00818117 0.00803469 0.00803378 0.00823496 0.00817305 0.00812351 0.00802169 0.00805305 0.00840843 
0.0143418 0.00912133 0.00989438 0.00915142 0.0102098 0.00906625 0.0100128 0.00965554 0.00873651 0.00890791 0.00583338 0.00847347 0.00630142 0.00762691 0.00535315 0.00935145 0.656478 0.0321918 0.00375296 0 0.00354058 0.00354828 0.00357085 0.00353402 0.00366239 0.00377651 0.00503211 0.00440774 0.00734614 0.0106441 0.00921303 0.00856926 0.00899195 0.00978481 0.00866515 0.00841707 0.0110252 0.00935344 0.0092606 0.0126725 0.00856241 0.0160901 0.00880533 0.00886121 0.00909135 0.00829735 0.00948759 0.00854359 0.00877487 0.00901701 0.00868856 0.00833055 0.00823519 0.0091094 0.00837778 0.00845469 0.00820991 0.00823811 0.00831422 0.00838984 0.00862653 0.0082036 0.00857914 0.00829817 0.00823846 0.00835509 0.00826077 0.00824855 0.00833041 0.00808089 0.00863437 0.00807678 0.00802314 0.00806503 0.00872173 0.00817594 0.00865081 0.00812181 0.00818584 0.0081459 0.00805524 
0.00880653 0.00983015 0.0093833 0.00844076 0.00890529 0.00988535 0.00815747 0.00895172 0.0107577 0.00756153 0.00720436 0.0060957 0.0133999 0.00625974 0.0157984 0.379067 0.0321472 0.00598252 0.00371476 0.00354058 0 0.00352328 0.00355227 0.00363125 0.00361135 0.00374884 0.00405734 0.00362319 0.00871068 0.00821062 0.00945785 0.00810167 0.00941829 0.0086386 0.00843541 0.0107466 0.00839383 0.00944146 0.0116822 0.00843909 0.0384573 0.00856644 0.0116544 0.00955836 0.00859472 0.0123223 0.00849645 0.00890268 0.00986155 0.00893407 0.00840458 0.00833561 0.0082211 0.00832707 0.0092056 0.0082604 0.00855234 0.00841848 0.00826183 0.00816712 0.00830263 0.00944545 0.00800114 0.00836344 0.0082175 0.00877333 0.00880361 0.00893013 0.00820835 0.0101969 0.00817007 0.00811246 0.0081668 0.00849794 0.0081894 0.0104994 0.00887167 0.00869825 0.00841366 0.00844915 0.00821067 
0.0114688 0.00884041 0.00884544 0.0084751 0.0107726 0.00834845 0.0106173 0.0114705 0.00816877 0.010026 0.00651627 0.0198057 0.00682695 0.0350411 0.0693466 0.0802044 0.014906 0.00678289 0.00371893 0.00354828 0.00352328 0 0.00353647 0.00352301 0.00398028 0.00370993 0.00359723 0.00370472 0.00830648 0.0113919 0.0109352 0.00960804 0.00946184 0.00893197 0.00859918 0.00847043 0.00923393 0.00892955 0.00883838 0.0226547 0.00880541 0.0169031 0.00888251 0.00870435 0.0115355 0.00876805 0.00963759 0.00864612 0.00921111 0.00884433 0.00901415 0.00822265 0.00819674 0.00950505 0.0082716 0.00899023 0.00832039 0.0083905 0.00815174 0.00846578 0.00909027 0.00805509 0.00952082 0.00832843 0.00837642 0.00909709 0.00923645 0.00852288 0.00981453 0.00829878 0.00907583 0.00803158 0.00808942 0.00801361 0.0102958 0.00847721 0.0110164 0.0083984 0.0121446 0.00848656 0.00811991 
0.00902943 0.00902563 0.00867053 0.00840844 0.00873967 0.00890989 0.00841142 0.00867433 0.00876441 0.00798903 0.0146044 0.00664048 0.0244558 0.0879241 0.0378651 0.0285871 0.0138423 0.00595483 0.0037077 0.00357085 0.00355227 0.00353647 0 0.00357392 0.0035411 0.00355742 0.00354583 0.00359278 0.0067318 0.00795548 0.00894022 0.0109441 0.00877552 0.00880934 0.00844068 0.0085737 0.00856647 0.00906384 0.00954696 0.00880078 0.0158037 0.00908507 0.00954014 0.0087839 0.00875537 0.0116122 0.00909715 0.008739 0.00909151 0.00909135 0.00879769 0.0081738 0.00821875 0.00838758 0.00919895 0.008541 0.00824876 0.00836556 0.0086192 0.00821484 0.00815726 0.00837438 0.00815254 0.00828114 0.00836042 0.0113634 0.00935034 0.00917656 0.00866982 0.00880475 0.00835711 0.00802255 0.00800076 0.00835941 0.0085462 0.0107141 0.00950805 0.0105414 0.00873326 0.00862429 0.00829773 
0.00949626 0.00904151 0.00877154 0.00831913 0.00936163 0.009038 0.00846924 0.00954047 0.00892769 0.00839625 0.00720727 0.0131219 0.167045 0.038683 0.0419194 0.0120195 0.00803743 0.00637174 0.00370157 0.00353402 0.00363125 0.00352301 0.00357392 0 0.00352453 0.00355953 0.00353888 0.00355117 0.00854076 0.00847389 0.0108054 0.0118998 0.00927058 0.00854576 0.00846845 0.00884044 0.00883083 0.00908002 0.00937317 0.0103464 0.0115952 0.0106302 0.0101397 0.00871666 0.00935926 0.0117298 0.00978585 0.0089892 0.00950937 0.00965254 0.00944439 0.0082691 0.00822867 0.00862506 0.00899035 0.00887143 0.00822467 0.00840421 0.00833676 0.00833305 0.00831632 0.00833734 0.00813547 0.00833923 0.00881366 0.0107091 0.0102369 0.00966694 0.00895865 0.00859822 0.0084162 0.0080326 0.00816595 0.00819599 0.00893577 0.00999605 0.011879 0.00902562 0.009094 0.00859899 0.00828106 
0.00987389 0.0105952 0.00876405 0.00868938 0.00965524 0.00936636 0.00892192 0.00914862 0.00988382 0.00864149 0.00997618 0.149282 0.062404 0.114425 0.0187605 0.00917689 0.00814217 0.00778592 0.003815 0.00366239 0.00361135 0.00398028 0.0035411 0.00352453 0 0.00352447 0.00352587 0.00356068 0.00782535 0.00990122 0.027097 0.0239348 0.0102598 0.00941456 0.00919543 0.00912053 0.00907364 0.00986204 0.0101934 0.0110384 0.017976 0.0102742 0.011301 0.00897402 0.00998026 0.014467 0.0116201 0.00942468 0.0100982 0.0101482 0.00935158 0.00820925 0.00834067 0.00943462 0.0106179 0.00903285 0.00958921 0.00854538 0.00845655 0.00850901 0.0087785 0.00841323 0.00824986 0.00903481 0.00879031 0.0110365 0.0126145 0.0171278 0.00937771 0.00939304 0.00847467 0.00822383 0.00804371 0.00850547 0.00874216 0.0152563 0.0101685 0.0103795 0.00913871 0.00899319 0.0084135 
0.0120946 0.0091644 0.00887182 0.00841642 0.0121028 0.00901553 0.0133387 0.0116433 0.00902515 0.012441 0.0542157 0.0610074 0.0926572 0.0155378 0.00857823 0.0238968 0.00778465 0.0104996 0.00397557 0.00377651 0.00374884 0.00370993 0.00355742 0.00355953 0.00352447 0 0.0035295 0.00353729 0.0106488 0.0348188 0.0232782 0.0128524 0.00965256 0.0117246 0.00921114 0.00875438 0.0120536 0.0114994 0.00900513 0.0265575 0.0107333 0.0295888 0.00912671 0.00901523 0.0123754 0.0174696 0.0123002 0.00936496 0.0099895 0.0127953 0.0105758 0.00864457 0.00834933 0.00965184 0.00934534 0.018218 0.0084407 0.00871541 0.008875 0.00887988 0.00882935 0.00819856 0.0100783 0.00851056 0.00950523 0.0211536 0.0133182 0.010089 0.0132936 0.008917 0.00926659 0.0081305 0.00814814 0.00816625 0.0135819 0.00989732 0.0173655 0.0109232 0.0105018 0.00935231 0.00845267 
0.0126702 0.036116 0.00952618 0.0100172 0.00957376 0.0355561 0.00891412 0.010046 0.0316451 0.00982313 0.0603567 0.107985 0.0188494 0.0080142 0.0159708 0.00876477 0.0170343 0.00867116 0.00440724 0.00503211 0.00405734 0.00359723 0.00354583 0.00353888 0.00352587 0.0035295 0 0.00354063 0.0197135 0.0240789 0.0197008 0.0103383 0.00970108 0.0173015 0.0143815 0.0116631 0.0201701 0.0130835 0.0126461 0.0111181 0.0278981 0.0130605 0.0189432 0.0100359 0.0124154 0.0150858 0.0166354 0.0112156 0.0116823 0.0208261 0.0136113 0.00879548 0.0101986 0.00900986 0.0155449 0.0100601 0.00880683 0.00886878 0.0111032 0.00927218 0.00836422 0.0123344 0.00855538 0.00919878 0.0107064 0.0130387 0.011707 0.0126363 0.00909426 0.0106364 0.00855571 0.00814621 0.00810365 0.00899136 0.0092913 0.0136403 0.0114557 0.0115997 0.00978921 0.0118218 0.0087092 
0.050785 0.0150732 0.0151445 0.00908249 0.0297574 0.00906926 0.0180759 0.0270434 0.0113124 0.0295883 0.151368 0.0176612 0.00804789 0.0147871 0.00730159 0.00871676 0.00835851 0.0115001 0.00633821 0.00440774 0.00362319 0.00370472 0.00359278 0.00355117 0.00356068 0.00353729 0.00354063 0 0.0390491 0.0118709 0.00667314 0.0145224 0.016348 0.0112392 0.0127796 0.0153662 0.011331 0.0203915 0.0174131 0.0134235 0.00956885 0.0206147 0.0180205 0.0170071 0.0115083 0.00960534 0.0116488 0.0145722 0.0212789 0.0116249 0.0170273 0.0122985 0.00915615 0.0231566 0.00887935 0.0101935 0.0101859 0.0144068 0.00954616 0.00982132 0.0130326 0.00824293 0.0112478 0.0124963 0.0096324 0.0101684 0.0104377 0.00907635 0.00948073 0.00853731 0.00896333 0.00841151 0.010333 0.00823709 0.00963855 0.00974198 0.0106436 0.00957426 0.00904102 0.0111565 0.00944076 
0.0148206 0.0223073 0.0111818 0.0173312 0.014183 0.011231 0.0177142 0.0134342 0.0148645 0.021477 0.0144565 0.00961172 0.0113694 0.00915433 0.0201957 0.0092561 0.0136708 0.0283009 0.00841776 0.00734614 0.00871068 0.00830648 0.0067318 0.00854076 0.00782535 0.0106488 0.0197135 0.0390491 0 0.00358587 0.00359294 0.00370316 0.00642496 0.00713493 0.0308416 0.0111218 0.00934728 0.0335948 0.029817 0.0117668 0.0147644 0.0125397 0.0467477 0.0139938 0.010331 0.0104174 0.0114888 0.0278683 0.0204425 0.0113947 0.0202816 0.00890405 0.0137765 0.0111112 0.0103506 0.0092525 0.0161785 0.00997904 0.00923011 0.0126586 0.00961504 0.00920512 0.0122294 0.0100945 0.00955941 0.009294 0.00945812 0.00924887 0.00844151 0.00899546 0.00883467 0.0105264 0.00829294 0.00858818 0.00842949 0.00995305 0.00971335 0.0090191 0.00880172 0.00941947 0.0126173 
0.0168483 0.0118662 0.0102841 0.00900398 0.0142944 0.012881 0.0122129 0.0136689 0.0145047 0.0139811 0.0102015 0.0234252 0.00958001 0.0193371 0.00878752 0.0318362 0.0201016 0.0194558 0.00789215 0.0106441 0.00821062 0.0113919 0.00795548 0.00847389 0.00990122 0.0348188 0.0240789 0.0118709 0.00358587 0 0.00368994 0.00354715 0.00686414 0.0507231 0.0213455 0.0077806 0.0332407 0.011412 0.0123019 0.0530113 0.0131111 0.0652286 0.00980582 0.00950872 0.0189784 0.0143842 0.0309813 0.0112834 0.013777 0.0301539 0.0115669 0.00969478 0.00926562 0.0114584 0.0126583 0.0249178 0.00863555 0.00986159 0.0122497 0.0101201 0.00939298 0.00909412 0.00962247 0.00905669 0.0118958 0.0165078 0.0134702 0.0110121 0.0130814 0.00875901 0.0107245 0.00825347 0.00835961 0.00862058 0.011987 0.0111047 0.0188488 0.0106742 0.0120526 0.0131264 0.00866182 
0.012017 0.0210401 0.00925296 0.009687 0.0102754 0.0391382 0.0093316 0.0106288 0.0435621 0.00926033 0.0173212 0.0102741 0.0216555 0.00884017 0.0194443 0.0103901 0.0661411 0.0105103 0.00870718 0.00921303 0.00945785 0.0109352 0.00894022 0.0108054 0.027097 0.0232782 0.0197008 0.00667314 0.00359294 0.00368994 0 0.00354496 0.027052 0.0167848 0.0123641 0.0117831 0.0146675 0.0129699 0.0163732 0.0200338 0.0754354 0.0147469 0.0188839 0.0104604 0.0135898 0.0215238 0.0186919 0.0125516 0.0169299 0.033703 0.0171555 0.00930833 0.0119624 0.00996688 0.0268406 0.0123199 0.00953987 0.00991911 0.0131672 0.00989528 0.00881495 0.0142822 0.00879513 0.0101864 0.0115622 0.0159779 0.0152758 0.0151188 0.0130897 0.0153784 0.00887786 0.00838678 0.00829555 0.00973473 0.0092857 0.0198586 0.0123223 0.0148365 0.0119525 0.0139786 0.00921009 
0.0286149 0.0130757 0.0122943 0.00904408 0.0278312 0.00942077 0.022968 0.0239313 0.00990787 0.0219486 0.047799 0.0169125 0.00911862 0.0151433 0.0107342 0.016648 0.0118109 0.0347363 0.0214292 0.00856926 0.00810167 0.00960804 0.0109441 0.0118998 0.0239348 0.0128524 0.0103383 0.0145224 0.00370316 0.00354715 0.00354496 0 0.0218301 0.0255039 0.0127168 0.00906503 0.0100237 0.0283417 0.0313188 0.0227293 0.0094913 0.0431515 0.0169672 0.0168447 0.0139968 0.0107376 0.0167493 0.0150614 0.0242296 0.0158729 0.0280423 0.0128247 0.00954529 0.02469 0.0090314 0.0123089 0.0118468 0.0159516 0.0101306 0.0111759 0.0138764 0.00831399 0.0148887 0.0133858 0.00919511 0.0124459 0.0131069 0.00922576 0.0111109 0.00902811 0.00999425 0.00867414 0.01029 0.00846417 0.0100378 0.00999232 0.0165531 0.010062 0.0101485 0.0154372 0.0114312 
0.0103579 0.0135334 0.00987581 0.0108424 0.0103 0.00971167 0.0151237 0.0106257 0.0112413 0.0192128 0.012748 0.00919275 0.0101016 0.00912115 0.00927192 0.00997637 0.0111129 0.0240124 0.0102512 0.00899195 0.00941829 0.00946184 0.00877552 0.00927058 0.0102598 0.00965256 0.00970108 0.016348 0.00642496 0.00686414 0.027052 0.0218301 0 0.00359217 0.00512993 0.00461722 0.00565835 0.923601 0.014533 0.00932724 0.0126114 0.010578 0.0391529 0.0136107 0.00916853 0.0100439 0.0101967 0.0202923 0.0150604 0.0102261 0.0178026 0.00887109 0.0109535 0.0115926 0.0101069 0.00934326 0.0129911 0.0099414 0.00910129 0.0126258 0.00909599 0.00891506 0.0147815 0.00942231 0.00902602 0.00941151 0.00900332 0.00894312 0.0085574 0.00874971 0.00888819 0.00988325 0.00828172 0.00831482 0.00864231 0.00908209 0.00966453 0.00868497 0.00858491 0.00887509 0.010703 
0.0102599 0.0105905 0.00888503 0.00860755 0.00936297 0.0136879 0.00867402 0.00967899 0.0128188 0.00966603 0.00927043 0.0118697 0.00908791 0.00903035 0.00870955 0.0100943 0.0203661 0.0102667 0.00890792 0.00978481 0.0086386 0.00893197 0.00880934 0.00854576 0.00941456 0.0117246 0.0173015 0.0112392 0.00713493 0.0507231 0.0167848 0.0255039 0.00359217 0 0.00355034 0.00388213 0.987276 0.00518676 0.00892418 0.0150363 0.0088974 0.0277802 0.00983055 0.00917585 0.0122615 0.00882447 0.0180323 0.00930652 0.00967401 0.0318114 0.00953981 0.00935929 0.00906713 0.00904175 0.00975293 0.0114417 0.0084324 0.00881882 0.0124272 0.00860969 0.00881032 0.00944461 0.00864842 0.00849802 0.00905179 0.00925295 0.00876407 0.00855319 0.00866057 0.00825273 0.00923895 0.00817594 0.00815008 0.0085541 0.0084906 0.00875956 0.00905839 0.00850095 0.00847905 0.0100929 0.00826474 
0.0109896 0.00912553 0.00863637 0.00825399 0.0116514 0.00855914 0.00946144 0.0124475 0.00916222 0.0093788 0.015187 0.00990082 0.00883872 0.00861539 0.00897511 0.00900807 0.0102463 0.0113551 0.0109344 0.00866515 0.00843541 0.00859918 0.00844068 0.00846845 0.00919543 0.00921114 0.0143815 0.0127796 0.0308416 0.0213455 0.0123641 0.0127168 0.00512993 0.00355034 0 0.982518 0.00398489 0.00427182 0.0160254 0.00916488 0.0100082 0.0095841 0.0136275 0.0124051 0.00889225 0.00906176 0.00898924 0.0110031 0.0139417 0.00965287 0.0121182 0.00998088 0.00867167 0.012022 0.00888925 0.00868301 0.00919563 0.0112188 0.00839859 0.00882121 0.00952854 0.00819176 0.00875422 0.00967158 0.00843579 0.00877979 0.00843157 0.00856121 0.00836001 0.00830618 0.00825839 0.00814546 0.00872667 0.00821865 0.00823099 0.0089912 0.00869392 0.00837973 0.00842632 0.00853669 0.00881971 
0.0090633 0.0122052 0.00927712 0.00971978 0.00890384 0.0091193 0.0106248 0.0090052 0.010939 0.0135856 0.0105725 0.00861424 0.0120425 0.00847396 0.00990085 0.00876711 0.012433 0.0180726 0.00937557 0.00841707 0.0107466 0.00847043 0.0085737 0.00884044 0.00912053 0.00875438 0.0116631 0.0153662 0.0111218 0.0077806 0.0117831 0.00906503 0.00461722 0.00388213 0.982518 0 0.00361477 0.00362771 0.0237803 0.00868777 0.0230116 0.0109305 0.0430159 0.0119756 0.00848684 0.0156636 0.00902658 0.0180033 0.0139974 0.0103517 0.027038 0.00889742 0.0106493 0.00949584 0.00936366 0.00901339 0.0128744 0.00903192 0.00882049 0.0120303 0.00844437 0.00938042 0.0101995 0.00882585 0.00849714 0.00897861 0.00864549 0.00888266 0.00831102 0.00905981 0.00858648 0.010532 0.00813542 0.00824711 0.00823856 0.00970463 0.00890253 0.00841662 0.00830868 0.00877639 0.0113365 
0.00979341 0.0101867 0.00935499 0.00843975 0.00920668 0.0114206 0.00888181 0.00975369 0.0113286 0.00911218 0.00908445 0.0119041 0.00873804 0.00945667 0.00871804 0.010772 0.0143446 0.0103654 0.00896026 0.0110252 0.00839383 0.00923393 0.00856647 0.00883083 0.00907364 0.0120536 0.0201701 0.011331 0.00934728 0.0332407 0.0146675 0.0100237 0.00565835 0.987276 0.00398489 0.00361477 0 0.00371108 0.00922624 0.0648132 0.00897464 0.0714505 0.00902317 0.0090803 0.02037 0.00842352 0.0209676 0.00934042 0.00953435 0.0545439 0.00981703 0.00960281 0.00904772 0.00963165 0.00961582 0.010482 0.00855433 0.00902376 0.0134556 0.00893978 0.00894834 0.0092854 0.00863069 0.00867542 0.00980573 0.00924298 0.0092468 0.00870772 0.00953096 0.00836013 0.00932251 0.00819461 0.00810768 0.00829813 0.00886738 0.00869452 0.00987052 0.008649 0.00859707 0.0112485 0.00845765 
0.0130096 0.0101186 0.0109122 0.00840644 0.0176588 0.00904297 0.00990831 0.0191566 0.00969111 0.0108995 0.0276679 0.010452 0.00969124 0.00963964 0.00942282 0.00966607 0.0108982 0.0146802 0.0187158 0.00935344 0.00944146 0.00892955 0.00906384 0.00908002 0.00986204 0.0114994 0.0130835 0.0203915 0.0335948 0.011412 0.0129699 0.0283417 0.923601 0.00518676 0.00427182 0.00362771 0.00371108 0 0.0349711 0.0105298 0.0189572 0.0100159 0.0526779 0.0207265 0.0101986 0.00991517 0.00947254 0.018759 0.0449822 0.0111175 0.0176015 0.0133569 0.0100813 0.0180562 0.0101831 0.00938192 0.0105016 0.0244234 0.00933546 0.00982872 0.0136177 0.00934658 0.0101905 0.0135912 0.00898722 0.00946819 0.00926743 0.00897825 0.00900951 0.00876468 0.0085186 0.00862376 0.010947 0.00874947 0.00892344 0.0092603 0.0091689 0.0087283 0.00873568 0.00905345 0.0159122 
0.00909243 0.0163969 0.00972163 0.0103385 0.0090332 0.0092166 0.0106386 0.00929842 0.0113299 0.0131356 0.011442 0.00862451 0.0105667 0.00845208 0.0112068 0.00893107 0.0164499 0.016511 0.0107057 0.0092606 0.0116822 0.00883838 0.00954696 0.00937317 0.0101934 0.00900513 0.0126461 0.0174131 0.029817 0.0123019 0.0163732 0.0313188 0.014533 0.00892418 0.0160254 0.0237803 0.00922624 0.0349711 0 0.00372416 0.00361401 0.00361957 0.00536489 0.00652811 0.00635917 0.0089209 0.0152859 0.95215 0.016307 0.010004 0.01839 0.0107658 0.0162308 0.0133801 0.0145727 0.00914888 0.0254048 0.0113586 0.00985364 0.014975 0.0103452 0.0115866 0.0116709 0.0116779 0.00993049 0.00916943 0.00907176 0.00974868 0.00850437 0.0104919 0.00904163 0.0139678 0.00865046 0.00896232 0.00846053 0.0118628 0.00947668 0.0100871 0.00861776 0.00896012 0.0133122 
0.0104278 0.00845894 0.008585 0.00822229 0.00995287 0.00854998 0.00993957 0.0112572 0.00855984 0.0114012 0.00861046 0.0181553 0.00839235 0.0235593 0.00839282 0.0341197 0.00993073 0.0128391 0.00866442 0.0126725 0.00843909 0.0226547 0.00880078 0.0103464 0.0110384 0.0265575 0.0111181 0.0134235 0.0117668 0.0530113 0.0200338 0.0227293 0.00932724 0.0150363 0.00916488 0.00868777 0.0648132 0.0105298 0.00372416 0 0.00358615 0.00363331 0.00356618 0.00542956 0.011338 0.00888432 0.960071 0.00761904 0.00900249 0.020265 0.0103826 0.00956076 0.00919823 0.0241016 0.00983437 0.0208106 0.00891622 0.0110386 0.0105702 0.00954586 0.0129745 0.00860435 0.0156795 0.00945124 0.0105843 0.0136476 0.0115473 0.00936519 0.0192851 0.00848755 0.0169629 0.00830412 0.00848913 0.00826323 0.0180953 0.00895796 0.031455 0.00954153 0.0108097 0.0127149 0.00852247 
0.00838314 0.00986247 0.00838649 0.00825854 0.00855225 0.0105372 0.00852359 0.00868436 0.0112527 0.00845606 0.0114621 0.00853394 0.0378242 0.00862797 0.0358463 0.0094167 0.026034 0.00905602 0.00969195 0.00856241 0.0384573 0.00880541 0.0158037 0.0115952 0.017976 0.0107333 0.0278981 0.00956885 0.0147644 0.0131111 0.0754354 0.0094913 0.0126114 0.0088974 0.0100082 0.0230116 0.00897464 0.0189572 0.00361401 0.00358615 0 0.00355597 0.00366058 0.00598361 0.00628986 0.97261 0.00696668 0.00828658 0.00986045 0.00896974 0.0090828 0.00924795 0.00982638 0.00914077 0.0262215 0.00946064 0.0103392 0.00937222 0.00972777 0.00927204 0.00884253 0.0142735 0.008462 0.00927926 0.0113453 0.0156874 0.0151641 0.020191 0.0090304 0.0450727 0.00851723 0.0089161 0.00841408 0.0124867 0.00877132 0.0564184 0.0106372 0.0208205 0.012602 0.00995482 0.00954889 
0.0113431 0.00873964 0.00841757 0.00831371 0.0100139 0.00924455 0.0100023 0.0112337 0.00865479 0.0117239 0.0089466 0.0314015 0.00841156 0.0193167 0.00869945 0.0332595 0.0108652 0.0127584 0.00882677 0.0160901 0.00856644 0.0169031 0.00908507 0.0106302 0.0102742 0.0295888 0.0130605 0.0206147 0.0125397 0.0652286 0.0147469 0.0431515 0.010578 0.0277802 0.0095841 0.0109305 0.0714505 0.0100159 0.00361957 0.00363331 0.00355597 0 0.00354471 0.0108597 0.981269 0.00604139 0.011631 0.00573252 0.00994801 0.0260676 0.0106352 0.0122497 0.0100236 0.0180375 0.0100483 0.0208701 0.00905799 0.012585 0.0144695 0.00924396 0.0159617 0.00868081 0.0161135 0.00954367 0.0127125 0.0137855 0.0145742 0.00895944 0.0235043 0.00858686 0.0170014 0.00838206 0.00900534 0.0083732 0.0234033 0.00935455 0.0275031 0.0105692 0.0123088 0.0168354 0.00874169 
0.010729 0.0121248 0.0106087 0.00872172 0.0128479 0.00946041 0.00908609 0.0137186 0.0104479 0.00928363 0.0264395 0.00863637 0.0124716 0.00855083 0.0123101 0.00888182 0.0139122 0.0126629 0.0209073 0.00880533 0.0116544 0.00888251 0.00954014 0.0101397 0.011301 0.00912671 0.0189432 0.0180205 0.0467477 0.00980582 0.0188839 0.0169672 0.0391529 0.00983055 0.0136275 0.0430159 0.00902317 0.0526779 0.00536489 0.00356618 0.00366058 0.00354471 0 0.973127 0.00502353 0.0055392 0.00511033 0.015479 0.0248266 0.00869158 0.0147694 0.0161137 0.0171645 0.0174906 0.0134592 0.00906897 0.0158728 0.0219323 0.0103007 0.0109948 0.0143133 0.0144125 0.00940944 0.0180282 0.0107733 0.0109506 0.00956963 0.0112061 0.00894873 0.0129834 0.00877655 0.0115822 0.0129254 0.011365 0.00892894 0.0135346 0.0093017 0.0100879 0.00881221 0.0107162 0.0137042 
0.00851213 0.0100078 0.00898644 0.00900852 0.00854686 0.00855919 0.0106261 0.00875215 0.00921395 0.0127896 0.00875514 0.00832285 0.00856378 0.00843913 0.00854642 0.00860929 0.00976549 0.0167764 0.00930592 0.00886121 0.00955836 0.00870435 0.0087839 0.00871666 0.00897402 0.00901523 0.0100359 0.0170071 0.0139938 0.00950872 0.0104604 0.0168447 0.0136107 0.00917585 0.0124051 0.0119756 0.0090803 0.0207265 0.00652811 0.00542956 0.00598361 0.0108597 0.973127 0 0.00374267 0.00356689 0.00369317 0.0047982 0.00716922 0.00688243 0.0193827 0.0125375 0.0127889 0.0136404 0.0101585 0.00961522 0.0317137 0.0104327 0.00960317 0.0160752 0.011134 0.0102847 0.0178961 0.0105988 0.00858715 0.00880102 0.00900346 0.00881697 0.00955222 0.00917269 0.00959318 0.0137826 0.00880828 0.00829133 0.00862694 0.00898026 0.00916562 0.00844246 0.00839889 0.00878061 0.014876 
0.00863869 0.0086793 0.00853496 0.0082469 0.00872879 0.00853603 0.00902028 0.00861923 0.00868136 0.00957716 0.00854907 0.00983945 0.00850245 0.0100714 0.00841726 0.0117641 0.0123273 0.0118386 0.00850946 0.00909135 0.00859472 0.0115355 0.00875537 0.00935926 0.00998026 0.0123754 0.0124154 0.0115083 0.010331 0.0189784 0.0135898 0.0139968 0.00916853 0.0122615 0.00889225 0.00848684 0.02037 0.0101986 0.00635917 0.011338 0.00628986 0.981269 0.00502353 0.00374267 0 0.00376591 0.00356877 0.00362155 0.00514772 0.0113534 0.0189344 0.00959267 0.0118761 0.012857 0.0108567 0.0206592 0.0105671 0.0095755 0.0111206 0.0105427 0.0121803 0.0104452 0.0126076 0.00931732 0.0103095 0.0118984 0.0114639 0.00967356 0.0117084 0.00887876 0.0130585 0.00894298 0.00837656 0.00846708 0.010927 0.0107207 0.0127346 0.00969514 0.0101607 0.0114916 0.00873741 
0.00825522 0.0084311 0.008007 0.00798296 0.008338 0.00846857 0.00813979 0.00849553 0.00854321 0.00824136 0.00920605 0.00844698 0.0162576 0.00858725 0.0140834 0.0105503 0.0129146 0.00883615 0.00849848 0.00829735 0.0123223 0.00876805 0.0116122 0.0117298 0.014467 0.0174696 0.0150858 0.00960534 0.0104174 0.0143842 0.0215238 0.0107376 0.0100439 0.00882447 0.00906176 0.0156636 0.00842352 0.00991517 0.0089209 0.00888432 0.97261 0.00604139 0.0055392 0.00356689 0.00376591 0 0.00352069 0.00356439 0.00762254 0.0134352 0.0209685 0.00859255 0.00894379 0.0096056 0.0195108 0.0104654 0.00903634 0.00957838 0.00957054 0.00918304 0.00885874 0.0102539 0.00855982 0.00957443 0.0101685 0.0208954 0.0188179 0.0170184 0.00941019 0.0195273 0.00871423 0.00850273 0.00828394 0.0096238 0.0097581 0.026041 0.0125412 0.0149354 0.0130771 0.00999638 0.00925349 
