1FOBA
ALTYRGADISSLLLLEDEGYSYKNLNGQTQALETILADAGINSIRQRVWVNPSDGSYDLDYNLELAKRVKAAGMSLYLDLHLSDTWADPSDQTTPSGWSTTDLGTLKWQLYNYTLEVCNTFAENDIDIEIISIGNEIRAGLLWPLGETSSYSNIGALLHSGAWGVKDSNLATTPKIMIHLDDGWSWDQQNYFYETVLATGELLSTDFDYFGVSYYPFYSASATLASLKTSLANLQSTYDKPVVVVETNWPVSCPNPAYAFPSDLSSIPFSVAGQQEFLEKLAAVVEATTDGLGVYYWEPAWIGNAGLGSSCADNLMVDYTTDEVYESIETLGEL
CCCEEEEECCCHHHHHHCCCCCECCCCCECCHHHHHHHHCCCEEEEEECCCCCCCCCCHHHHHHHHHHHHHCCCEEEEEECCCCCCCECCECECCCCCCCCCHHHHHHHHHHHHHHHHHHHHHCCCCCCEEEECCCHHHCCCECCCCCCCHHHHHHHHHHHHHHHHCCCCCCCCEEEEEECCCCCHHHHHHHHHHHHHCCCCCHHHCCEEEEECCCCCCCCCCHHHHHHHHHHHHHHHCCCEEEEECCCCCECCCCCCCCCHHHCCCCCCHHHHHHHHHHHHHHHHCCCCEEEEEEECCCCCCCCCCCCCCCECCCECCCCCEECCHHHHHHCC
0 0 0 0 0 0 0 0 0 0 0 0 0 0 0 0 0 0 0 0 0 0 0 0 0 0 0 0 0 0 0 0 0 0 0 0 0 0 0 0 0 0 0 0 0 0 0 0 0 0 0 0 0 0 0 0 0 0 0 0 0 0 0 0 0 0 0 0 0 0 0 0 0 0 0 0 0 0 0 0 0 0 0 0 0 0 0 0 0 0 0 0 0 0 0 0 0 0 0 0 0 0 0 0 0 0 0 0 0 0 0 0 0 0 0 0 0 0 0 0 0 0 0 0 0 0 0 0 0 0 0 0 0 0 0 0 0 0 0 0 0 0 0 0 0 0 0 0 0 0 0 0 0 0 0 0 0 0 0 0 0 0 0 0 0 0 0 0 0 0 0 0 0 0 0 0 0 0 0 0 0 0 0 0 0 0 0 0 0 0 0 0 0 0 0 0 0 0 0 0 0 0 0 0 0 0 0 0 0 0 0 0 0 0 0 0 0 0 0 0 0 0 0 0 0 0 0 0 0 0 0 0 0 0 0 0 0 0 0 0 0 0 0 0 0 0 0 0 0 0 0 0 0 0 0 0 0 0 0 0 0 0 0 0 0 0 0 0 0 0 0 0 0 0 0 0 0 0 0 0 0 0 0 0 0 0 0 0 0 0 0 0 0 0 0 0 0 0 0 0 0 0 0 0 0 0 0 0 0 0 0 0 0 0 0 0 0 0 0 0 0 0 0 0 0 0 0 0 0 0 0 0 0 0 
0 0 0 0 0 0 0 0 0 0 0 0 0 0 0 0 0 0 0 0 0 0 0 0 0 0 0 0 0 0 0 0 0 0 0 0 0 0 0 0 0 0 0 0 0 0 0 0 0 0 0 0 0 0 0 0 0 0 0 0 0 0 0 0 0 0 0 0 0 0 0 0 0 0 0 0 0 0 0 0 0 0 0 0 0 0 0 0 0 0 0 0 0 0 0 0 0 0 0 0 0 0 0 0 0 0 0 0 0 0 0 0 0 0 0 0 0 0 0 0 0 0 0 0 0 0 0 0 0 0 0 0 0 0 0 0 0 0 0 0 0 0 0 0 0 0 0 0 0 0 0 0 0 0 0 0 0 0 0 0 0 0 0 0 0 0 0 0 0 0 0 0 0 0 0 0 0 0 0 0 0 0 0 0 0 0 0 0 0 0 0 0 0 0 0 0 0 0 0 0 0 0 0 0 0 0 0 0 0 0 0 0 0 0 0 0 0 0 0 0 0 0 0 0 0 0 0 0 0 0 0 0 0 0 0 0 0 0 0 0 0 0 0 0 0 0 0 0 0 0 0 0 0 0 0 0 0 0 0 0 0 0 0 0 0 0 0 0 0 0 0 0 0 0 0 0 0 0 0 0 0 0 0 0 0 0 0 0 0 0 0 0 0 0 0 0 0 0 0 0 0 0 0 0 0 0 0 0 0 0 0 0 0 0 0 0 0 0 0 0 0 0 0 0 0 0 0 0 0 0 0 0 0 0 
0 0.00372117 0.00366336 0.00372091 0.00451209 0.027298 0.0186205 0.0228033 0.0185185 0.0103864 0.0159075 0.0117788 0.0244761 0.0108627 0.0137151 0.00990478 0.0110332 0.00912551 0.0152543 0.00853513 0.00881246 0.0101497 0.00977766 0.00904293 0.00863741 0.0102519 0.00853447 0.00827133 0.00874914 0.00867528 0.00872033 0.00828414 0.00855269 0.00856789 0.00820236 0.00824965 0.00814056 0.00829028 0.00876318 0.00840127 0.00849876 0.00839972 0.0087806 0.00846583 0.00858235 0.0082666 0.00844731 0.00846342 0.00843449 0.00842026 0.00873128 0.0088986 0.00980115 0.00879973 0.00924898 
0.00372117 0 0.00362894 0.00357982 0.00361387 0.0122676 0.0102154 0.0178555 0.0215407 0.0309012 0.0214283 0.0318544 0.0110003 0.0105019 0.0158157 0.0228288 0.015432 0.0209407 0.0110404 0.00806924 0.0081807 0.00843921 0.0087275 0.00910107 0.0102277 0.0085415 0.00799177 0.00812066 0.00853008 0.00898523 0.00901562 0.00846315 0.00807506 0.00812952 0.00831923 0.00839595 0.0082148 0.00803822 0.00824486 0.00848678 0.00861691 0.00838148 0.00822373 0.00810615 0.00826421 0.00830574 0.00840785 0.00852028 0.00839558 0.00843451 0.008276 0.00829123 0.00857274 0.00846825 0.00850732 
0.00366336 0.00362894 0 0.00359573 0.00354269 0.00940411 0.00879583 0.0296024 0.0228864 0.0758232 0.0586296 0.0202161 0.0151519 0.0094221 0.0185708 0.0414348 0.0583831 0.0172762 0.0111455 0.0080002 0.008176 0.00826853 0.00913811 0.00997069 0.0110132 0.00907688 0.00802641 0.00824873 0.00914851 0.0101632 0.0104242 0.00905859 0.00830719 0.00827385 0.00847642 0.00888688 0.00837782 0.00814952 0.00835788 0.00870057 0.00908407 0.00866288 0.00831357 0.00807263 0.00833422 0.00833725 0.00860173 0.00859602 0.00863689 0.00867885 0.00837177 0.00824456 0.00835507 0.00836211 0.00833746 
0.00372091 0.00357982 0.00359573 0 0.00369616 0.0121041 0.00957178 0.0128754 0.138209 0.0279573 0.0446829 0.0349312 0.0202151 0.0100108 0.0243111 0.0198877 0.0316958 0.0216853 0.0183799 0.0080618 0.00830898 0.0085286 0.00935472 0.0100412 0.011151 0.0104376 0.00805361 0.00810761 0.00878562 0.0089954 0.00940359 0.00851305 0.00826936 0.00815024 0.00836185 0.00843118 0.0082744 0.00806476 0.00837767 0.00860421 0.00866851 0.00842579 0.00818763 0.00808683 0.00824908 0.00839887 0.00851471 0.00854514 0.00844454 0.00845555 0.00830435 0.0082909 0.00868218 0.00839869 0.00859266 
0.00451209 0.00361387 0.00354269 0.00369616 0 0.0180429 0.0145935 0.0289644 0.0101254 0.0290123 0.0140489 0.0265154 0.0300045 0.0156394 0.00978737 0.0131443 0.0103155 0.0250425 0.015484 0.00873094 0.00906778 0.0103103 0.00941524 0.00870475 0.00943831 0.00931039 0.00853633 0.00855964 0.0082531 0.00854685 0.0085265 0.00837295 0.00832315 0.0081534 0.00831005 0.00826022 0.00816126 0.0081072 0.00861864 0.00858771 0.00857785 0.00834008 0.00823474 0.00846112 0.00842623 0.00836254 0.00841374 0.00846468 0.00840676 0.00841479 0.00833671 0.00846144 0.00916894 0.00882338 0.00851077 
0.027298 0.0122676 0.00940411 0.0121041 0.0180429 0 0.979868 0.0137165 0.0145543 0.00971719 0.00930604 0.0125839 0.0165352 0.0141633 0.00984036 0.0087683 0.00902949 0.00872438 0.0109326 0.0154982 0.0160566 0.0188554 0.010184 0.00827356 0.00823733 0.00895162 0.00995574 0.00906592 0.00803411 0.00802705 0.00802673 0.00809804 0.00870211 0.00836216 0.00802335 0.00798693 0.00795833 0.00825437 0.00867172 0.00811244 0.00812972 0.00809297 0.00843164 0.0106011 0.00867198 0.00824629 0.00829373 0.00828249 0.00825949 0.00826675 0.00843847 0.00899516 0.0104182 0.00951224 0.00923163 
0.0186205 0.0102154 0.00879583 0.00957178 0.0145935 0.979868 0 0.0182503 0.00999609 0.00846579 0.00749423 0.00802415 0.0145118 0.0124229 0.00878116 0.00862342 0.00843135 0.00866718 0.0110183 0.0129962 0.0145708 0.0160797 0.00956055 0.00819072 0.00815661 0.00899962 0.00982261 0.00880511 0.00805569 0.00797866 0.00796801 0.00803367 0.00870463 0.00833091 0.00801244 0.00794654 0.00795231 0.00829204 0.00856088 0.00804242 0.00808755 0.00802294 0.00836923 0.0104777 0.00848874 0.00819059 0.0081901 0.00819748 0.00815206 0.00819251 0.00850644 0.00914035 0.0110637 0.00946386 0.00946232 
0.0228033 0.0178555 0.0296024 0.0128754 0.0289644 0.0137165 0.0182503 0 0.00409094 0.00357205 0.00358192 0.00358634 0.00399872 0.680474 0.0126615 0.0185023 0.0105173 0.0166465 0.0146745 0.0108717 0.0101183 0.0165521 0.0109175 0.0100877 0.00984403 0.0120292 0.00920078 0.00868885 0.00870561 0.00902869 0.00861174 0.00893263 0.00886584 0.0083043 0.00828501 0.00841108 0.00817146 0.0083371 0.00877764 0.0084712 0.00841541 0.0083235 0.00855237 0.00862662 0.00849159 0.00823421 0.00827244 0.00825179 0.0082771 0.00826532 0.00846755 0.00848813 0.00876207 0.00848952 0.00855678 
0.0185185 0.0215407 0.0228864 0.138209 0.0101254 0.0145543 0.00999609 0.00409094 0 0.00355532 0.00354338 0.00363147 0.00372995 0.0131904 0.713251 0.0103164 0.0832115 0.014301 0.0312709 0.00828134 0.00875328 0.00935117 0.0106154 0.0150056 0.0106142 0.0116159 0.00829931 0.0081194 0.0101821 0.00930326 0.0120137 0.00900387 0.00854978 0.00826628 0.00848528 0.00849993 0.00847481 0.00808745 0.00839682 0.00851711 0.00854169 0.00830958 0.00811043 0.00805236 0.00817005 0.00822114 0.00831254 0.00828063 0.00830861 0.00826994 0.00817947 0.00819679 0.00833649 0.00825406 0.00826941 
0.0103864 0.0309012 0.0758232 0.0279573 0.0290123 0.00971719 0.00846579 0.00357205 0.00355532 0 0.00353276 0.00356593 0.00355564 0.0383195 0.0129822 0.73155 0.0187537 0.108463 0.00968614 0.00907591 0.0089438 0.00952737 0.011053 0.0128309 0.0303485 0.0093405 0.00852291 0.00889533 0.00918438 0.0170079 0.0119682 0.0127741 0.00854104 0.00851471 0.00882643 0.00944139 0.00840204 0.00839583 0.00855185 0.00882124 0.0091328 0.008642 0.00842839 0.00802436 0.00822073 0.00824704 0.00856596 0.00845155 0.00848298 0.00852935 0.00830081 0.00819541 0.0082601 0.00835587 0.00825104 
0.0159075 0.0214283 0.0586296 0.0446829 0.0140489 0.00930604 0.00749423 0.00358192 0.00354338 0.00353276 0 0.00354746 0.00371773 0.0173169 0.174403 0.0216946 0.67644 0.0114501 0.0300583 0.00822332 0.00862937 0.00877652 0.0137906 0.0271424 0.0131756 0.012142 0.00820609 0.00827439 0.0131771 0.0114437 0.0216707 0.00912085 0.00872194 0.00839607 0.00926811 0.00895964 0.00855624 0.00831569 0.00856817 0.00893096 0.00918487 0.00874505 0.00825653 0.00799627 0.00823227 0.00830397 0.00848419 0.00861786 0.00858884 0.00856131 0.00844773 0.00821632 0.0083644 0.00832567 0.00837944 
0.0117788 0.0318544 0.0202161 0.0349312 0.0265154 0.0125839 0.00802415 0.00358634 0.00363147 0.00356593 0.00354746 0 0.00357554 0.0562888 0.0229046 0.18086 0.0190576 0.630573 0.0122241 0.00993278 0.0091123 0.0101671 0.0104571 0.0110187 0.0381908 0.0099583 0.00815832 0.00947968 0.0090289 0.0141505 0.0107288 0.0126073 0.008469 0.00845632 0.00852877 0.00925325 0.0084262 0.00824889 0.0083118 0.00871463 0.00895876 0.00860862 0.00808841 0.008064 0.00821356 0.00818173 0.00841627 0.00837814 0.00838787 0.00841767 0.00818329 0.00813369 0.00823213 0.008266 0.00822339 
0.0244761 0.0110003 0.0151519 0.0202151 0.0300045 0.0165352 0.0145118 0.00399872 0.00372995 0.00355564 0.00371773 0.00357554 0 0.0203457 0.0504454 0.021839 0.0777021 0.0342557 0.542426 0.00977837 0.0113991 0.013881 0.0158475 0.0114169 0.010818 0.0158853 0.00946619 0.00867973 0.00963924 0.0116159 0.0107355 0.00921278 0.00989628 0.00858444 0.00827537 0.00854833 0.00828571 0.0082625 0.0087193 0.00834926 0.00887187 0.00840364 0.00824702 0.00812723 0.00824029 0.00817547 0.00828721 0.00831257 0.00830521 0.00823212 0.00829036 0.00823501 0.00866921 0.00829211 0.00830304 
0.0108627 0.0105019 0.0094221 0.0100108 0.0156394 0.0141633 0.0124229 0.680474 0.0131904 0.0383195 0.0173169 0.0562888 0.0203457 0 0.0037044 0.0035734 0.00368623 0.00376708 0.00393014 0.0140828 0.0100214 0.0193437 0.0156548 0.00985514 0.0132547 0.0136052 0.00965695 0.0099191 0.00859043 0.0102589 0.00868963 0.0112544 0.0101076 0.00846278 0.00818505 0.0083812 0.00831616 0.00882038 0.00870376 0.00844438 0.00846857 0.00843396 0.00873871 0.00911085 0.0082409 0.00812176 0.00820171 0.00821554 0.00817022 0.00824781 0.00828694 0.00832464 0.00859475 0.00834128 0.00840989 
0.0137151 0.0158157 0.0185708 0.0243111 0.00978737 0.00984036 0.00878116 0.0126615 0.713251 0.0129822 0.174403 0.0229046 0.0504454 0.0037044 0 0.00358166 0.00356634 0.00362463 0.00377371 0.00590339 0.00759498 0.00871487 0.0321005 0.0561433 0.0131255 0.0157315 0.00874993 0.00866199 0.0268177 0.0125855 0.0294031 0.0107677 0.0094228 0.00895305 0.0103174 0.00952955 0.00970137 0.00829781 0.00884211 0.00937472 0.00959957 0.00900015 0.00843142 0.00799937 0.00841499 0.0083777 0.00851019 0.00857976 0.00853134 0.00846933 0.0082311 0.00810229 0.00819398 0.00815994 0.00824604 
0.00990478 0.0228288 0.0414348 0.0198877 0.0131443 0.0087683 0.00862342 0.0185023 0.0103164 0.73155 0.0216946 0.18086 0.021839 0.0035734 0.00358166 0 0.00353595 0.00353793 0.00356609 0.00606325 0.00791526 0.00890276 0.0423915 0.0247288 0.0857196 0.011251 0.00869284 0.00979234 0.0119233 0.0687179 0.0269848 0.0264296 0.00954541 0.00924446 0.00983821 0.014734 0.00932984 0.00881862 0.00911249 0.0109991 0.0106057 0.00958147 0.00865347 0.00806668 0.00825817 0.00837892 0.00888555 0.00874904 0.00879776 0.0087312 0.00857538 0.0081343 0.00817287 0.00829373 0.00821211 
0.0110332 0.015432 0.0583831 0.0316958 0.0103155 0.00902949 0.00843135 0.0105173 0.0832115 0.0187537 0.67644 0.0190576 0.0777021 0.00368623 0.00356634 0.00353595 0 0.00352468 0.00353986 0.00523271 0.00719849 0.00926965 0.0250919 0.161093 0.0187865 0.0259501 0.00882682 0.00855266 0.0337282 0.020213 0.0874168 0.0115858 0.0106299 0.00958652 0.0115165 0.0125452 0.0102784 0.0085334 0.00895515 0.010711 0.0119308 0.0101999 0.00841987 0.00797604 0.00844143 0.00842333 0.0089299 0.00898901 0.00891233 0.00900116 0.00848588 0.00812159 0.00820903 0.00830506 0.00824687 
0.00912551 0.0209407 0.0172762 0.0216853 0.0250425 0.00872438 0.00866718 0.0166465 0.014301 0.108463 0.0114501 0.630573 0.0342557 0.00376708 0.00362463 0.00353793 0.00352468 0 0.00352932 0.00719682 0.00974708 0.00838333 0.0152961 0.014564 0.343491 0.014074 0.0089156 0.0105793 0.0095884 0.0352321 0.0132755 0.042031 0.00895333 0.00840489 0.00930242 0.0114273 0.00898455 0.0087854 0.00851488 0.00991155 0.00981626 0.00928087 0.00839055 0.00807888 0.00810241 0.00825539 0.00857349 0.00854013 0.00856755 0.00852711 0.00809274 0.00800452 0.00809286 0.00816251 0.00817294 
0.0152543 0.0110404 0.0111455 0.0183799 0.015484 0.0109326 0.0110183 0.0146745 0.0312709 0.00968614 0.0300583 0.0122241 0.542426 0.00393014 0.00377371 0.00356609 0.00353986 0.00352932 0 0.00856195 0.0107357 0.0386729 0.0190449 0.0192514 0.013448 0.148033 0.0123854 0.00892577 0.0127343 0.00917149 0.0164238 0.00932295 0.0149416 0.00909381 0.00880234 0.00908704 0.0106976 0.00853994 0.010067 0.00861682 0.00891633 0.00858559 0.00849905 0.00831011 0.00847589 0.00819373 0.00828408 0.00831921 0.00831777 0.00817022 0.00822318 0.00823103 0.00861679 0.00816379 0.00821472 
0.00853513 0.00806924 0.0080002 0.0080618 0.00873094 0.0154982 0.0129962 0.0108717 0.00828134 0.00907591 0.00822332 0.00993278 0.00977837 0.0140828 0.00590339 0.00606325 0.00523271 0.00719682 0.00856195 0 0.741205 0.0144626 0.00946925 0.00843346 0.00986971 0.00919372 0.0100848 0.0119519 0.00797011 0.00818794 0.00799837 0.00826362 0.008536 0.00831456 0.00796675 0.00797059 0.00798121 0.00860908 0.00814385 0.00797277 0.00798315 0.00800085 0.00834899 0.00938548 0.00808834 0.0079308 0.00793554 0.00794219 0.00793413 0.00794712 0.0080049 0.00818326 0.00855738 0.00858301 0.00810182 
0.00881246 0.0081807 0.008176 0.00830898 0.00906778 0.0160566 0.0145708 0.0101183 0.00875328 0.0089438 0.00862937 0.0091123 0.0113991 0.0100214 0.00759498 0.00791526 0.00719849 0.00974708 0.0107357 0.741205 0 0.00710193 0.0171154 0.00995096 0.0116149 0.0120723 0.0119858 0.00965488 0.00840595 0.00824671 0.00833347 0.0083096 0.00931191 0.0083056 0.00799646 0.00802436 0.00803139 0.00838384 0.0082396 0.00803383 0.00803585 0.00799536 0.00844152 0.00900144 0.00807767 0.00794696 0.00795751 0.00794516 0.00795442 0.0079657 0.00809954 0.00822784 0.00858801 0.00820003 0.00822841 
0.0101497 0.00843921 0.00826853 0.0085286 0.0103103 0.0188554 0.0160797 0.0165521 0.00935117 0.00952737 0.00877652 0.0101671 0.013881 0.0193437 0.00871487 0.00890276 0.00926965 0.00838333 0.0386729 0.0144626 0.00710193 0 0.0170079 0.0107181 0.0201857 0.0305778 0.0279481 0.0130976 0.0086371 0.00849643 0.00842149 0.00869544 0.0101638 0.00934647 0.00811609 0.00812684 0.00817808 0.00944203 0.00904923 0.00815016 0.00815503 0.00805332 0.00875104 0.01098 0.00837812 0.00799158 0.00803492 0.00802744 0.00800459 0.00800102 0.00819502 0.00854882 0.00951462 0.0087995 0.00835272 
0.00977766 0.0087275 0.00913811 0.00935472 0.00941524 0.010184 0.00956055 0.0109175 0.0106154 0.011053 0.0137906 0.0104571 0.0158475 0.0156548 0.0321005 0.0423915 0.0250919 0.0152961 0.0190449 0.00946925 0.0171154 0.0170079 0 0.00454918 0.00361966 0.00437973 0.0131548 0.271002 0.0385736 0.0338191 0.0179306 0.0132631 0.0220378 0.0150231 0.0130385 0.0107709 0.00990411 0.01153 0.0134163 0.0115021 0.0106231 0.00942861 0.0113471 0.00901602 0.00874427 0.00829671 0.00848476 0.00869406 0.00849186 0.0085151 0.00859764 0.00843241 0.00881045 0.00817736 0.00841748 
0.00904293 0.00910107 0.00997069 0.0100412 0.00870475 0.00827356 0.00819072 0.0100877 0.0150056 0.0128309 0.0271424 0.0110187 0.0114169 0.00985514 0.0561433 0.0247288 0.161093 0.014564 0.0192514 0.00843346 0.00995096 0.0107181 0.00454918 0 0.00431478 0.00357798 0.00838784 0.0153597 0.494328 0.0288203 0.13027 0.0197701 0.0139305 0.0142121 0.0200008 0.0173447 0.0151926 0.00883152 0.0129134 0.0143653 0.015036 0.0114413 0.00980607 0.0081208 0.008256 0.00862569 0.00906886 0.00950885 0.00923092 0.00881102 0.00829478 0.00800323 0.00815359 0.00813573 0.00818203 
0.00863741 0.0102277 0.0110132 0.011151 0.00943831 0.00823733 0.00815661 0.00984403 0.0106142 0.0303485 0.0131756 0.0381908 0.010818 0.0132547 0.0131255 0.0857196 0.0187865 0.343491 0.013448 0.00986971 0.0116149 0.0201857 0.00361966 0.00431478 0 0.00355346 0.00837386 0.0285656 0.0159911 0.462695 0.0366328 0.253243 0.014465 0.010945 0.0172144 0.0322553 0.0188041 0.0123415 0.0101067 0.018404 0.0195931 0.014506 0.0106209 0.00847562 0.00833585 0.00895357 0.0112256 0.00947368 0.0100696 0.00975275 0.0086705 0.00798028 0.00806886 0.00834991 0.00807051 
0.0102519 0.0085415 0.00907688 0.0104376 0.00931039 0.00895162 0.00899962 0.0120292 0.0116159 0.0093405 0.012142 0.0099583 0.0158853 0.0136052 0.0157315 0.011251 0.0259501 0.014074 0.148033 0.00919372 0.0120723 0.0305778 0.00437973 0.00357798 0.00355346 0 0.0425211 0.0144631 0.0300009 0.0162505 0.102088 0.0306552 0.113928 0.0135697 0.012165 0.0115527 0.0152757 0.0157356 0.0178792 0.0107468 0.0112847 0.0127274 0.0115321 0.0088602 0.00854752 0.0086838 0.00844064 0.0094092 0.00920817 0.00865749 0.00942627 0.00824963 0.0086228 0.00815752 0.0083069 
0.00853447 0.00799177 0.00802641 0.00805361 0.00853633 0.00995574 0.00982261 0.00920078 0.00829931 0.00852291 0.00820609 0.00815832 0.00946619 0.00965695 0.00874993 0.00869284 0.00882682 0.0089156 0.0123854 0.0100848 0.0119858 0.0279481 0.0131548 0.00838784 0.00837386 0.0425211 0 0.0184084 0.0116565 0.0117229 0.0115935 0.0186968 0.0434605 0.0102358 0.0087924 0.00860167 0.00876503 0.0102873 0.0104256 0.00845299 0.00826663 0.00846233 0.00925696 0.0101426 0.00849394 0.00802189 0.00803052 0.00805598 0.00801953 0.00805439 0.00838601 0.00853097 0.00954059 0.00816251 0.00846527 
0.00827133 0.00812066 0.00824873 0.00810761 0.00855964 0.00906592 0.00880511 0.00868885 0.0081194 0.00889533 0.00827439 0.00947968 0.00867973 0.0099191 0.00866199 0.00979234 0.00855266 0.0105793 0.00892577 0.0119519 0.00965488 0.0130976 0.271002 0.0153597 0.0285656 0.0144631 0.0184084 0 0.00385366 0.0035838 0.00355081 0.00370679 0.00565753 0.0783655 0.0140299 0.0113722 0.00925695 0.0253117 0.0174985 0.014331 0.0104546 0.00934365 0.0174639 0.0143479 0.00872684 0.00816027 0.00864604 0.00832759 0.00860303 0.00864187 0.00865815 0.00849676 0.00880493 0.00907871 0.00855281 
0.00874914 0.00853008 0.00914851 0.00878562 0.0082531 0.00803411 0.00805569 0.00870561 0.0101821 0.00918438 0.0131771 0.0090289 0.00963924 0.00859043 0.0268177 0.0119233 0.0337282 0.0095884 0.0127343 0.00797011 0.00840595 0.0086371 0.0385736 0.494328 0.0159911 0.0300009 0.0116565 0.00385366 0 0.00356563 0.00359777 0.00371982 0.00363324 0.0991041 0.119064 0.0157864 0.0413524 0.00934555 0.0557447 0.0387162 0.0314719 0.0259469 0.0123136 0.00853389 0.00933408 0.010605 0.0106075 0.0139096 0.0107447 0.0106368 0.00890558 0.00818096 0.00839182 0.00819332 0.0083221 
0.00867528 0.00898523 0.0101632 0.0089954 0.00854685 0.00802705 0.00797866 0.00902869 0.00930326 0.0170079 0.0114437 0.0141505 0.0116159 0.0102589 0.0125855 0.0687179 0.020213 0.0352321 0.00917149 0.00818794 0.00824671 0.00849643 0.0338191 0.0288203 0.462695 0.0162505 0.0117229 0.0035838 0.00356563 0 0.00353623 0.00357306 0.00365913 0.378839 0.0437345 0.240215 0.0133004 0.0203968 0.0181422 0.124462 0.118151 0.0292555 0.0140603 0.00871029 0.00896385 0.0103894 0.0276191 0.0167229 0.0236764 0.0114941 0.00879864 0.00816193 0.00821814 0.00848474 0.00815891 
0.00872033 0.00901562 0.0104242 0.00940359 0.0085265 0.00802673 0.00796801 0.00861174 0.0120137 0.0119682 0.0216707 0.0107288 0.0107355 0.00868963 0.0294031 0.0269848 0.0874168 0.0132755 0.0164238 0.00799837 0.00833347 0.00842149 0.0179306 0.13027 0.0366328 0.102088 0.0115935 0.00355081 0.00359777 0.00353623 0 0.00358655 0.00358884 0.0306299 0.549094 0.0539557 0.142737 0.0114979 0.028971 0.0720558 0.149245 0.0532561 0.0136075 0.00858454 0.00890694 0.013436 0.017498 0.0300962 0.0180618 0.0137386 0.00981431 0.00810659 0.00825567 0.00822892 0.00839087 
0.00828414 0.00846315 0.00905859 0.00851305 0.00837295 0.00809804 0.00803367 0.00893263 0.00900387 0.0127741 0.00912085 0.0126073 0.00921278 0.0112544 0.0107677 0.0264296 0.0115858 0.042031 0.00932295 0.00826362 0.0083096 0.00869544 0.0132631 0.0197701 0.253243 0.0306552 0.0186968 0.00370679 0.00371982 0.00357306 0.00358655 0 0.00361743 0.0351863 0.0260872 0.599336 0.0662545 0.0879051 0.0147081 0.0517927 0.0468378 0.0480895 0.0187437 0.00898214 0.00895658 0.0103541 0.013885 0.0114187 0.0121567 0.0193204 0.0116298 0.00813676 0.008177 0.00833474 0.00810767 
0.00855269 0.00807506 0.00830719 0.00826936 0.00832315 0.00870211 0.00870463 0.00886584 0.00854978 0.00854104 0.00872194 0.008469 0.00989628 0.0101076 0.0094228 0.00954541 0.0106299 0.00895333 0.0149416 0.008536 0.00931191 0.0101638 0.0220378 0.0139305 0.014465 0.113928 0.0434605 0.00565753 0.00363324 0.00365913 0.00358884 0.00361743 0 0.0144569 0.0311542 0.0243993 0.501258 0.13045 0.031282 0.0120145 0.0151687 0.0188833 0.0321783 0.0105381 0.0103398 0.00934967 0.0091443 0.0092742 0.00918352 0.00934511 0.0103224 0.0082929 0.00922763 0.00846869 0.00832759 
0.00856789 0.00812952 0.00827385 0.00815024 0.0081534 0.00836216 0.00833091 0.0083043 0.00826628 0.00851471 0.00839607 0.00845632 0.00858444 0.00846278 0.00895305 0.00924446 0.00958652 0.00840489 0.00909381 0.00831456 0.0083056 0.00934647 0.0150231 0.0142121 0.010945 0.0135697 0.0102358 0.0783655 0.0991041 0.378839 0.0306299 0.0351863 0.0144569 0 0.00373069 0.00359214 0.00355808 0.00680835 0.234853 0.0412586 0.0171513 0.0146301 0.0219508 0.0125103 0.0115868 0.0100072 0.0100418 0.00961209 0.0104063 0.00964293 0.0118638 0.00872893 0.00930535 0.00861542 0.00875738 
0.00820236 0.00831923 0.00847642 0.00836185 0.00831005 0.00802335 0.00801244 0.00828501 0.00848528 0.00882643 0.00926811 0.00852877 0.00827537 0.00818505 0.0103174 0.00983821 0.0115165 0.00930242 0.00880234 0.00796675 0.00799646 0.00811609 0.0130385 0.0200008 0.0172144 0.012165 0.0087924 0.0140299 0.119064 0.0437345 0.549094 0.0260872 0.0311542 0.00373069 0 0.00359484 0.00358564 0.00369821 0.43906 0.178667 0.0554998 0.0299208 0.0142864 0.00932678 0.00936434 0.0134779 0.0132779 0.0207355 0.0167606 0.0140202 0.00958421 0.00828712 0.00860681 0.00831044 0.00828883 
0.00824965 0.00839595 0.00888688 0.00843118 0.00826022 0.00798693 0.00794654 0.00841108 0.00849993 0.00944139 0.00895964 0.00925325 0.00854833 0.0083812 0.00952955 0.014734 0.0125452 0.0114273 0.00908704 0.00797059 0.00802436 0.00812684 0.0107709 0.0173447 0.0322553 0.0115527 0.00860167 0.0113722 0.0157864 0.240215 0.0539557 0.599336 0.0243993 0.00359214 0.00359484 0 0.00354286 0.00355136 0.0411489 0.402132 0.218691 0.0561079 0.022217 0.00902616 0.00952245 0.0123795 0.0382272 0.0238486 0.0366837 0.0184945 0.0100802 0.00820251 0.00819796 0.00835081 0.00831837 
0.00814056 0.0082148 0.00837782 0.0082744 0.00816126 0.00795833 0.00795231 0.00817146 0.00847481 0.00840204 0.00855624 0.0084262 0.00828571 0.00831616 0.00970137 0.00932984 0.0102784 0.00898455 0.0106976 0.00798121 0.00803139 0.00817808 0.00990411 0.0151926 0.0188041 0.0152757 0.00876503 0.00925695 0.0413524 0.0133004 0.142737 0.0662545 0.501258 0.00355808 0.00358564 0.00354286 0 0.00371552 0.0252682 0.0479141 0.403029 0.27792 0.0455598 0.00942875 0.00908942 0.0149236 0.0112955 0.0212262 0.0126279 0.0203798 0.0126983 0.00814358 0.008578 0.00834142 0.00846396 
0.00829028 0.00803822 0.00814952 0.00806476 0.0081072 0.00825437 0.00829204 0.0083371 0.00808745 0.00839583 0.00831569 0.00824889 0.0082625 0.00882038 0.00829781 0.00881862 0.0085334 0.0087854 0.00853994 0.00860908 0.00838384 0.00944203 0.01153 0.00883152 0.0123415 0.0157356 0.0102873 0.0253117 0.00934555 0.0203968 0.0114979 0.0879051 0.13045 0.00680835 0.00369821 0.00355136 0.00371552 0 0.0195508 0.0226864 0.0496963 0.240199 0.430716 0.0226503 0.0125424 0.0093149 0.0110394 0.00975619 0.0105299 0.0110451 0.0119254 0.00905026 0.0103615 0.0088125 0.00836716 
0.00876318 0.00824486 0.00835788 0.00837767 0.00861864 0.00867172 0.00856088 0.00877764 0.00839682 0.00855185 0.00856817 0.0083118 0.0087193 0.00870376 0.00884211 0.00911249 0.00895515 0.00851488 0.010067 0.00814385 0.0082396 0.00904923 0.0134163 0.0129134 0.0101067 0.0178792 0.0104256 0.0174985 0.0557447 0.0181422 0.028971 0.0147081 0.031282 0.234853 0.43906 0.0411489 0.0252682 0.0195508 0 0.00377852 0.00366578 0.00363544 0.00405348 0.0118967 0.217786 0.0343745 0.017466 0.0200709 0.0141452 0.0140057 0.0212001 0.011831 0.0150305 0.0103011 0.0127478 
0.00840127 0.00848678 0.00870057 0.00860421 0.00858771 0.00811244 0.00804242 0.0084712 0.00851711 0.00882124 0.00893096 0.00871463 0.00834926 0.00844438 0.00937472 0.0109991 0.010711 0.00991155 0.00861682 0.00797277 0.00803383 0.00815016 0.0115021 0.0143653 0.018404 0.0107468 0.00845299 0.014331 0.0387162 0.124462 0.0720558 0.0517927 0.0120145 0.0412586 0.178667 0.402132 0.0479141 0.0226864 0.00377852 0 0.00363928 0.00361173 0.00362435 0.0080956 0.0377165 0.134717 0.0959589 0.0535354 0.053228 0.0301883 0.0131545 0.0100016 0.0101255 0.00994801 0.0088513 
0.00849876 0.00861691 0.00908407 0.00866851 0.00857785 0.00812972 0.00808755 0.00841541 0.00854169 0.0091328 0.00918487 0.00895876 0.00887187 0.00846857 0.00959957 0.0106057 0.0119308 0.00981626 0.00891633 0.00798315 0.00803585 0.00815503 0.0106231 0.015036 0.0195931 0.0112847 0.00826663 0.0104546 0.0314719 0.118151 0.149245 0.0468378 0.0151687 0.0171513 0.0554998 0.218691 0.403029 0.0496963 0.00366578 0.00363928 0 0.0036214 0.00358254 0.00528174 0.0278087 0.0393832 0.156182 0.173176 0.0830722 0.0489815 0.0134195 0.00887543 0.00929174 0.00934467 0.00902524 
0.00839972 0.00838148 0.00866288 0.00842579 0.00834008 0.00809297 0.00802294 0.0083235 0.00830958 0.008642 0.00874505 0.00860862 0.00840364 0.00843396 0.00900015 0.00958147 0.0101999 0.00928087 0.00858559 0.00800085 0.00799536 0.00805332 0.00942861 0.0114413 0.014506 0.0127274 0.00846233 0.00934365 0.0259469 0.0292555 0.0532561 0.0480895 0.0188833 0.0146301 0.0299208 0.0561079 0.27792 0.240199 0.00363544 0.00361173 0.0036214 0 0.00355809 0.00724628 0.013009 0.0389223 0.0382127 0.0922766 0.0512821 0.0629859 0.0229566 0.00927234 0.00987246 0.00918253 0.00944546 
0.0087806 0.00822373 0.00831357 0.00818763 0.00823474 0.00843164 0.00836923 0.00855237 0.00811043 0.00842839 0.00825653 0.00808841 0.00824702 0.00873871 0.00843142 0.00865347 0.00841987 0.00839055 0.00849905 0.00834899 0.00844152 0.00875104 0.0113471 0.00980607 0.0106209 0.0115321 0.00925696 0.0174639 0.0123136 0.0140603 0.0136075 0.0187437 0.0321783 0.0219508 0.0142864 0.022217 0.0455598 0.430716 0.00405348 0.00362435 0.00358254 0.00355809 0 0.011237 0.024679 0.013991 0.019017 0.0195937 0.0219699 0.0495167 0.0359529 0.0115348 0.0136344 0.0126925 0.0103178 
0.00846583 0.00810615 0.00807263 0.00808683 0.00846112 0.0106011 0.0104777 0.00862662 0.00805236 0.00802436 0.00799627 0.008064 0.00812723 0.00911085 0.00799937 0.00806668 0.00797604 0.00807888 0.00831011 0.00938548 0.00900144 0.01098 0.00901602 0.0081208 0.00847562 0.0088602 0.0101426 0.0143479 0.00853389 0.00871029 0.00858454 0.00898214 0.0105381 0.0125103 0.00932678 0.00902616 0.00942875 0.0226503 0.0118967 0.0080956 0.00528174 0.00724628 0.011237 0 0.0213801 0.0102275 0.0110207 0.0102931 0.0111637 0.0131322 0.018068 0.0256661 0.0216541 0.0146958 0.0108457 
0.00858235 0.00826421 0.00833422 0.00824908 0.00842623 0.00867198 0.00848874 0.00849159 0.00817005 0.00822073 0.00823227 0.00821356 0.00824029 0.0082409 0.00841499 0.00825817 0.00844143 0.00810241 0.00847589 0.00808834 0.00807767 0.00837812 0.00874427 0.008256 0.00833585 0.00854752 0.00849394 0.00872684 0.00933408 0.00896385 0.00890694 0.00895658 0.0103398 0.0115868 0.00936434 0.00952245 0.00908942 0.0125424 0.217786 0.0377165 0.0278087 0.013009 0.024679 0.0213801 0 0.00444881 0.00361762 0.00356162 0.00364493 0.00367371 0.00532474 0.0178375 0.0181967 0.015722 0.0147652 
0.0082666 0.00830574 0.00833725 0.00839887 0.00836254 0.00824629 0.00819059 0.00823421 0.00822114 0.00824704 0.00830397 0.00818173 0.00817547 0.00812176 0.0083777 0.00837892 0.00842333 0.00825539 0.00819373 0.0079308 0.00794696 0.00799158 0.00829671 0.00862569 0.00895357 0.0086838 0.00802189 0.00816027 0.010605 0.0103894 0.013436 0.0103541 0.00934967 0.0100072 0.0134779 0.0123795 0.0149236 0.0093149 0.0343745 0.134717 0.0393832 0.0389223 0.013991 0.0102275 0.00444881 0 0.00358283 0.00356754 0.00357345 0.00385972 0.00372253 0.0115606 0.0129378 0.0105634 0.0120314 
0.00844731 0.00840785 0.00860173 0.00851471 0.00841374 0.00829373 0.0081901 0.00827244 0.00831254 0.00856596 0.00848419 0.00841627 0.00828721 0.00820171 0.00851019 0.00888555 0.0089299 0.00857349 0.00828408 0.00793554 0.00795751 0.00803492 0.00848476 0.00906886 0.0112256 0.00844064 0.00803052 0.00864604 0.0106075 0.0276191 0.017498 0.013885 0.0091443 0.0100418 0.0132779 0.0382272 0.0112955 0.0110394 0.017466 0.0959589 0.156182 0.0382127 0.019017 0.0110207 0.00361762 0.00358283 0 0.00368318 0.00354963 0.00356805 0.00356095 0.00913869 0.00942608 0.0102675 0.00910364 
0.00846342 0.00852028 0.00859602 0.00854514 0.00846468 0.00828249 0.00819748 0.00825179 0.00828063 0.00845155 0.00861786 0.00837814 0.00831257 0.00821554 0.00857976 0.00874904 0.00898901 0.00854013 0.00831921 0.00794219 0.00794516 0.00802744 0.00869406 0.00950885 0.00947368 0.0094092 0.00805598 0.00832759 0.0139096 0.0167229 0.0300962 0.0114187 0.0092742 0.00961209 0.0207355 0.0238486 0.0212262 0.00975619 0.0200709 0.0535354 0.173176 0.0922766 0.0195937 0.0102931 0.00356162 0.00356754 0.00368318 0 0.00353295 0.0035637 0.00355995 0.00854531 0.0104529 0.010047 0.0103987 
0.00843449 0.00839558 0.00863689 0.00844454 0.00840676 0.00825949 0.00815206 0.0082771 0.00830861 0.00848298 0.00858884 0.00838787 0.00830521 0.00817022 0.00853134 0.00879776 0.00891233 0.00856755 0.00831777 0.00793413 0.00795442 0.00800459 0.00849186 0.00923092 0.0100696 0.00920817 0.00801953 0.00860303 0.0107447 0.0236764 0.0180618 0.0121567 0.00918352 0.0104063 0.0167606 0.0366837 0.0126279 0.0105299 0.0141452 0.053228 0.0830722 0.0512821 0.0219699 0.0111637 0.00364493 0.00357345 0.00354963 0.00353295 0 0.00356537 0.00353387 0.00873804 0.00990648 0.0103629 0.00971919 
0.00842026 0.00843451 0.00867885 0.00845555 0.00841479 0.00826675 0.00819251 0.00826532 0.00826994 0.00852935 0.00856131 0.00841767 0.00823212 0.00824781 0.00846933 0.0087312 0.00900116 0.00852711 0.00817022 0.00794712 0.0079657 0.00800102 0.0085151 0.00881102 0.00975275 0.00865749 0.00805439 0.00864187 0.0106368 0.0114941 0.0137386 0.0193204 0.00934511 0.00964293 0.0140202 0.0184945 0.0203798 0.0110451 0.0140057 0.0301883 0.0489815 0.0629859 0.0495167 0.0131322 0.00367371 0.00385972 0.00356805 0.0035637 0.00356537 0 0.00358648 0.0134295 0.0139127 0.0117779 0.0123535 
0.00873128 0.008276 0.00837177 0.00830435 0.00833671 0.00843847 0.00850644 0.00846755 0.00817947 0.00830081 0.00844773 0.00818329 0.00829036 0.00828694 0.0082311 0.00857538 0.00848588 0.00809274 0.00822318 0.0080049 0.00809954 0.00819502 0.00859764 0.00829478 0.0086705 0.00942627 0.00838601 0.00865815 0.00890558 0.00879864 0.00981431 0.0116298 0.0103224 0.0118638 0.00958421 0.0100802 0.0126983 0.0119254 0.0212001 0.0131545 0.0134195 0.0229566 0.0359529 0.018068 0.00532474 0.00372253 0.00356095 0.00355995 0.00353387 0.00358648 0 0.0188637 0.032451 0.0138872 0.0159621 
0.0088986 0.00829123 0.00824456 0.0082909 0.00846144 0.00899516 0.00914035 0.00848813 0.00819679 0.00819541 0.00821632 0.00813369 0.00823501 0.00832464 0.00810229 0.0081343 0.00812159 0.00800452 0.00823103 0.00818326 0.00822784 0.00854882 0.00843241 0.00800323 0.00798028 0.00824963 0.00853097 0.00849676 0.00818096 0.00816193 0.00810659 0.00813676 0.0082929 0.00872893 0.00828712 0.00820251 0.00814358 0.00905026 0.011831 0.0100016 0.00887543 0.00927234 0.0115348 0.0256661 0.0178375 0.0115606 0.00913869 0.00854531 0.00873804 0.0134295 0.0188637 0 0.159507 0.0164362 0.0298091 
0.00980115 0.00857274 0.00835507 0.00868218 0.00916894 0.0104182 0.0110637 0.00876207 0.00833649 0.0082601 0.0083644 0.00823213 0.00866921 0.00859475 0.00819398 0.00817287 0.00820903 0.00809286 0.00861679 0.00855738 0.00858801 0.00951462 0.00881045 0.00815359 0.00806886 0.0086228 0.00954059 0.00880493 0.00839182 0.00821814 0.00825567 0.008177 0.00922763 0.00930535 0.00860681 0.00819796 0.008578 0.0103615 0.0150305 0.0101255 0.00929174 0.00987246 0.0136344 0.0216541 0.0181967 0.0129378 0.00942608 0.0104529 0.00990648 0.0139127 0.032451 0.159507 0 0.127245 0.199124 
0.00879973 0.00846825 0.00836211 0.00839869 0.00882338 0.00951224 0.00946386 0.00848952 0.00825406 0.00835587 0.00832567 0.008266 0.00829211 0.00834128 0.00815994 0.00829373 0.00830506 0.00816251 0.00816379 0.00858301 0.00820003 0.0087995 0.00817736 0.00813573 0.00834991 0.00815752 0.00816251 0.00907871 0.00819332 0.00848474 0.00822892 0.00833474 0.00846869 0.00861542 0.00831044 0.00835081 0.00834142 0.0088125 0.0103011 0.00994801 0.00934467 0.00918253 0.0126925 0.0146958 0.015722 0.0105634 0.0102675 0.010047 0.0103629 0.0117779 0.0138872 0.0164362 0.127245 0 0.00493503 
0.00924898 0.00850732 0.00833746 0.00859266 0.00851077 0.00923163 0.00946232 0.00855678 0.00826941 0.00825104 0.00837944 0.00822339 0.00830304 0.00840989 0.00824604 0.00821211 0.00824687 0.00817294 0.00821472 0.00810182 0.00822841 0.00835272 0.00841748 0.00818203 0.00807051 0.0083069 0.00846527 0.00855281 0.0083221 0.00815891 0.00839087 0.00810767 0.00832759 0.00875738 0.00828883 0.00831837 0.00846396 0.00836716 0.0127478 0.0088513 0.00902524 0.00944546 0.0103178 0.0108457 0.0147652 0.0120314 0.00910364 0.0103987 0.00971919 0.0123535 0.0159621 0.0298091 0.199124 0.00493503 0 
