1FUXB
AEFQVTSNEIKTGEQLTTSHVFSGFGCEGGNTSPSLTWSGVPEGTKSFAVTVYDPDAPTGSGWWHWTVVNIPATVTYLPVDAGRRDGTKLPTGAVQGRNDFGYAGFGGACPPKGDKPHHYQFKVWALKTEKIPVDSNSSGALVGYXLNANKIATAEITPVYEIK
CCCEEECCCCCCCCECCHHHECEECCEECCCCCCCEEEECCCCCCCEEEEEEEECCCCCCCCEEEEEEEEEECCCCEECCCCCCCCCCCCCCCCEECECCCCCECCCCECCCCCCCCEECEEEEEEECCCCCCCCCCCCHHHHHHHHHHHEEEEEEECCEECCC
0 0 0 0 0 0 0 0 0 0 0 0 0 0 0 0 0 0 0 0 0 0 0 0 0 0 0 0 0 0 0 0 0 0 0 0 0 0 0 0 0 0 0 0 0 0 0 0 0 0 0 0 0 0 0 0 0 0 0 0 0 0 0 0 0 0 0 0 0 0 0 0 0 0 0 0 0 0 0 0 0 0 0 0 0 0 0 0 0 0 0 0 0 0 0 0 0 0 0 0 0 0 0 0 0 0 0 0 0 0 0 0 0 0 0 0 0 0 0 0 0 0 0 0 0 0 0 0 0 0 0 0 0 0 0 0 0 0 0 0 0 0 0 0 0 0 0 0 0 0 0 0 0 0 0 0 0 0 0 0 0 0 0 0 
0 0 0 0 0 0 0 0 0 0 0 0 0 0 0 0 0 0 0 0 0 0 0 0 0 0 0 0 0 0 0 0 0 0 0 0 0 0 0 0 0 0 0 0 0 0 0 0 0 0 0 0 0 0 0 0 0 0 0 0 0 0 0 0 0 0 0 0 0 0 0 0 0 0 0 0 0 0 0 0 0 0 0 0 0 0 0 0 0 0 0 0 0 0 0 0 0 0 0 0 0 0 0 0 0 0 0 0 0 0 0 0 0 0 0 0 0 0 0 0 0 0 0 0 0 0 0 0 0 0 0 0 0 0 0 0 0 0 0 0 0 0 0 0 0 0 0 0 0 0 0 0 0 0 0 0 0 0 0 0 0 0 0 0 
0 0.00357775 0.00985002 0.0355596 0.0120414 0.0192095 0.0180342 0.00997184 0.0395999 0.00979229 0.0221274 0.00878766 0.0767895 0.0214047 0.0109462 0.0223599 0.0102538 0.0193346 0.0103519 0.0160517 0.0128769 0.0106942 0.00914003 0.0111297 0.0092263 0.0129236 0.0118187 0.0109602 0.0213595 0.00864954 0.0158934 0.0130126 0.00977407 0.00945622 0.00857361 0.011093 0.00961454 0.00970283 0.00825018 0.00938462 0.0103804 0.00817313 0.00975589 0.00839516 0.00915888 0.00886943 0.00969398 0.00840227 0.00805459 0.00839715 0.00853077 0.00815108 0.00883865 0.00869882 0.00859606 0.00876738 
0.00357775 0 0.00355866 0.0109511 0.0116676 0.0103968 0.0155481 0.0320144 0.00904766 0.0191981 0.00874914 0.14137 0.00862069 0.010169 0.0402971 0.00999576 0.0204903 0.00934006 0.0200994 0.0119279 0.00952686 0.00866625 0.0156003 0.00923561 0.0119998 0.00944408 0.01182 0.0136785 0.00881414 0.0198373 0.00858573 0.00869768 0.0119877 0.00832935 0.00859248 0.008276 0.00847286 0.00812083 0.00981543 0.00807491 0.00804964 0.0117245 0.00832625 0.00954879 0.00873545 0.00901278 0.0089597 0.00816334 0.00837478 0.0081699 0.00822181 0.0092187 0.00818708 0.00857652 0.00819399 0.00879097 
0.00985002 0.00355866 0 0.136311 0.015862 0.0201747 0.0116221 0.0131454 0.0178477 0.0144024 0.0322541 0.00866265 0.013543 0.0219236 0.0104272 0.0130099 0.00961091 0.0129446 0.00974891 0.0117257 0.00951016 0.0158569 0.00900353 0.00974877 0.00880397 0.010404 0.00942367 0.00919664 0.0127603 0.00847894 0.0105118 0.0133909 0.00876953 0.0106663 0.00876453 0.00986913 0.0103147 0.00955074 0.00881244 0.00857203 0.0109723 0.00824486 0.008537 0.0083233 0.00846509 0.0082637 0.00829916 0.0089581 0.00811351 0.00815229 0.00819892 0.00813576 0.00840793 0.00825237 0.00905729 0.00831703 
0.0355596 0.0109511 0.136311 0 0.0221159 0.0134846 0.0179106 0.011302 0.0244418 0.0117353 0.0111457 0.00847579 0.0145074 0.0145858 0.0104958 0.00918111 0.00877888 0.00941091 0.0088422 0.0111736 0.0111376 0.0106423 0.00858478 0.00833089 0.0083508 0.00859256 0.00839735 0.00872806 0.00929394 0.00855108 0.0115529 0.0165746 0.0112406 0.010969 0.00863374 0.0125364 0.0127081 0.0114707 0.00906218 0.00893205 0.0104718 0.00813167 0.00816741 0.00803104 0.00815083 0.00830224 0.00921129 0.00895157 0.0080383 0.00812354 0.00811516 0.00798964 0.00837425 0.00858469 0.00952562 0.00906168 
0.0120414 0.0116676 0.015862 0.0221159 0 0.00402656 0.00440945 0.00493901 0.0079119 0.0226486 0.00717383 0.0108275 0.0115276 0.0131142 0.0114702 0.0103502 0.0110248 0.0104408 0.011456 0.012618 0.0152425 0.0113534 0.00960338 0.010106 0.010243 0.01005 0.0104789 0.0103395 0.010803 0.0105975 0.0130429 0.0109179 0.015945 0.00889438 0.00942017 0.0152088 0.0115989 0.0112048 0.00876235 0.00859385 0.0084231 0.00897815 0.00849225 0.00881056 0.00886253 0.00873619 0.0114584 0.00811182 0.00819056 0.00801577 0.00815019 0.00825929 0.00811961 0.00950166 0.00835824 0.00931129 
0.0192095 0.0103968 0.0201747 0.0134846 0.00402656 0 0.0098622 0.00590334 0.900887 0.00858574 0.0110632 0.00802146 0.0133849 0.0113599 0.0111826 0.00983807 0.0092389 0.00981889 0.00929679 0.0105021 0.0113655 0.00941586 0.00919556 0.00917584 0.00924304 0.00950981 0.00908816 0.00960324 0.00969677 0.00863959 0.0110571 0.0110427 0.0100205 0.00905335 0.0086843 0.00918997 0.00974305 0.00888745 0.00847527 0.00845997 0.00871457 0.00818203 0.00847515 0.00837786 0.00852098 0.008501 0.00844585 0.00831878 0.00809644 0.00816543 0.00818022 0.00813645 0.00830844 0.00822885 0.00825651 0.00833165 
0.0180342 0.0155481 0.0116221 0.0179106 0.00440945 0.0098622 0 0.972788 0.00456667 0.0124033 0.00752108 0.010661 0.00823658 0.013004 0.0107516 0.00930135 0.00900879 0.00907092 0.00896344 0.0102954 0.00901987 0.0112047 0.00877581 0.00866348 0.00875257 0.00869651 0.00870763 0.00873145 0.00880946 0.00871528 0.00870846 0.011984 0.00917456 0.0106719 0.00845302 0.00916283 0.00922258 0.00890894 0.00879003 0.0080504 0.00841522 0.00833099 0.00809865 0.00818048 0.00823562 0.00822494 0.00825348 0.00843572 0.00799841 0.00798685 0.00801125 0.00810489 0.00801405 0.008104 0.00852467 0.00823965 
0.00997184 0.0320144 0.0131454 0.011302 0.00493901 0.00590334 0.972788 0 0.00426917 0.00803246 0.00769932 0.0196359 0.00952926 0.0095653 0.0123588 0.00852108 0.0108885 0.00867228 0.0109621 0.01015 0.0138998 0.00906347 0.00928114 0.00846221 0.00918064 0.00865065 0.00915417 0.00996613 0.00863262 0.0109674 0.0112749 0.00981026 0.0257938 0.00849193 0.00897469 0.00938495 0.00972184 0.00913417 0.00834493 0.00823373 0.00806287 0.00903447 0.00813635 0.00847687 0.00828225 0.00874785 0.00994285 0.00807887 0.00819911 0.00802207 0.00805847 0.00857222 0.00808695 0.0089173 0.00812588 0.00950423 
0.0395999 0.00904766 0.0178477 0.0244418 0.0079119 0.900887 0.00456667 0.00426917 0 0.0103787 0.00987759 0.00610567 0.00778814 0.0111637 0.00961616 0.0100913 0.00880114 0.0116743 0.00870321 0.0160259 0.00942091 0.0129157 0.00860424 0.00952459 0.00857269 0.00942129 0.00902094 0.00873142 0.0102751 0.00848692 0.0101629 0.0179644 0.00884464 0.0121415 0.00847395 0.0112468 0.0106442 0.00968488 0.00866816 0.00834536 0.00985178 0.0080345 0.00839515 0.0081474 0.00822155 0.00849584 0.00826572 0.00843746 0.00800476 0.00804912 0.00807081 0.00799474 0.00836861 0.00806379 0.00887289 0.0082305 
0.00979229 0.0191981 0.0144024 0.0117353 0.0226486 0.00858574 0.0124033 0.00803246 0.0103787 0 0.00356833 0.00381215 0.00375863 0.00661858 0.00877149 0.0114346 0.0570761 0.0155613 0.0214687 0.0091334 0.0193974 0.00910235 0.010584 0.00955036 0.0136 0.00957286 0.011598 0.0134981 0.00954431 0.0143769 0.0124224 0.00954016 0.022097 0.00859232 0.0111954 0.0107391 0.0102637 0.00944362 0.00854307 0.00870322 0.0082745 0.0119747 0.00896509 0.0120221 0.00984893 0.00960135 0.0159932 0.00813011 0.00821827 0.00829195 0.00838857 0.00927657 0.00824293 0.0130856 0.00830451 0.0090639 
0.0221274 0.00874914 0.0322541 0.0111457 0.00717383 0.0110632 0.00752108 0.00769932 0.00987759 0.00356833 0 0.00358139 0.00367503 0.00841348 0.0104071 0.0515691 0.0113827 0.0233889 0.00811849 0.0249554 0.00711774 0.00949915 0.00899261 0.019893 0.00925607 0.0146055 0.0110288 0.0110361 0.0279448 0.00863734 0.00960345 0.0118623 0.00838099 0.00954343 0.0084985 0.00870941 0.00827299 0.00830754 0.00808968 0.00870601 0.00988673 0.00824539 0.0159031 0.00898898 0.0116571 0.0102169 0.0083697 0.00818467 0.00815335 0.00854937 0.00875335 0.00818507 0.010466 0.00808206 0.00852091 0.00811348 
0.00878766 0.14137 0.00866265 0.00847579 0.0108275 0.00802146 0.010661 0.0196359 0.00610567 0.00381215 0.00358139 0 0.00357292 0.00772809 0.0914877 0.013746 0.0129331 0.00743173 0.0184768 0.00767562 0.00710592 0.00837427 0.0153973 0.0089105 0.0133628 0.00967381 0.0111923 0.0132054 0.00884897 0.01459 0.00835418 0.00865023 0.0120673 0.00842302 0.00902743 0.00835136 0.00868646 0.00823719 0.00857965 0.00820216 0.00817575 0.0134447 0.00842132 0.0117116 0.00923777 0.00894248 0.00861741 0.00818214 0.00832624 0.00825282 0.00816254 0.00906412 0.00816739 0.00872245 0.00814008 0.00850009 
0.0767895 0.00862069 0.013543 0.0145074 0.0115276 0.0133849 0.00823658 0.00952926 0.00778814 0.00375863 0.00367503 0.00357292 0 0.0424946 0.0104354 0.00840599 0.0065076 0.00806448 0.00629252 0.00745972 0.00601364 0.0149363 0.00814567 0.008715 0.00832667 0.0100817 0.00939897 0.00916436 0.00981605 0.00836335 0.00966974 0.0128764 0.00852864 0.0106768 0.00869269 0.0103676 0.00980493 0.0098231 0.00868606 0.00850138 0.0101535 0.00817573 0.0086079 0.00853142 0.00865592 0.00835636 0.00836437 0.00895205 0.00804384 0.00806361 0.00814159 0.00805235 0.00815417 0.00815467 0.00854473 0.00818459 
0.0214047 0.010169 0.0219236 0.0145858 0.0131142 0.0113599 0.013004 0.0095653 0.0111637 0.00661858 0.00841348 0.00772809 0.0424946 0 0.00363072 0.00357545 0.00353696 0.00366126 0.00364667 0.00395351 0.00480024 0.00842448 0.00777168 0.00789978 0.00834829 0.0102555 0.0129415 0.0167294 0.0925386 0.0209198 0.0533352 0.0125579 0.0140794 0.0108158 0.0115367 0.0131579 0.0115157 0.0111372 0.0086586 0.00990792 0.00938935 0.00973 0.00947058 0.00952768 0.010139 0.00958405 0.0328438 0.00848862 0.00819145 0.00836415 0.00840894 0.00840081 0.00875167 0.00998759 0.00869098 0.00932942 
0.0109462 0.0402971 0.0104272 0.0104958 0.0114702 0.0111826 0.0107516 0.0123588 0.00961616 0.00877149 0.0104071 0.0914877 0.0104354 0.00363072 0 0.00355933 0.00355091 0.00358527 0.00357382 0.00374326 0.00377815 0.00834258 0.0130142 0.00783809 0.0147662 0.0116155 0.0256805 0.14423 0.0369439 0.0689835 0.00968233 0.0124678 0.0121146 0.00998566 0.0121149 0.00959799 0.0101213 0.00872542 0.00878727 0.00861928 0.00892358 0.0250004 0.011051 0.0248526 0.0160715 0.0391941 0.00980515 0.00851637 0.00851098 0.00909169 0.00881817 0.0113398 0.00915613 0.00947968 0.00896634 0.00873821 
0.0223599 0.00999576 0.0130099 0.00918111 0.0103502 0.00983807 0.00930135 0.00852108 0.0100913 0.0114346 0.0515691 0.013746 0.00840599 0.00357545 0.00355933 0 0.00355068 0.00355966 0.00357272 0.00357311 0.00371179 0.00915592 0.0109245 0.016123 0.0155799 0.0525032 0.172433 0.112605 0.0584752 0.010782 0.0115035 0.0104145 0.00895933 0.0107675 0.0110307 0.00969652 0.00887042 0.00888492 0.00864212 0.00943192 0.0145123 0.013076 0.0556395 0.0284033 0.0961653 0.0158821 0.00985337 0.00898048 0.00930994 0.0132275 0.0144751 0.0136599 0.0164238 0.0092724 0.00859551 0.00850258 
0.0102538 0.0204903 0.00961091 0.00877888 0.0110248 0.0092389 0.00900879 0.0108885 0.00880114 0.0570761 0.0113827 0.0129331 0.0065076 0.00353696 0.00355091 0.00355068 0 0.00358149 0.00361264 0.00360153 0.0040767 0.00773694 0.0147538 0.0134627 0.0381654 0.142537 0.241002 0.0404815 0.0142446 0.0150743 0.00889978 0.0092283 0.00971295 0.0095877 0.0122998 0.00933065 0.00899351 0.00876659 0.00868167 0.00901851 0.0102957 0.0379118 0.0169943 0.166507 0.0363063 0.0224395 0.0102805 0.00864195 0.00923244 0.0158119 0.0125534 0.0237692 0.0102377 0.00994736 0.00869337 0.00870277 
0.0193346 0.00934006 0.0129446 0.00941091 0.0104408 0.00981889 0.00907092 0.00867228 0.0116743 0.0155613 0.0233889 0.00743173 0.00806448 0.00366126 0.00358527 0.00355966 0.00358149 0 0.00354837 0.00355643 0.00354075 0.00846684 0.00863628 0.0500331 0.158373 0.299539 0.0219441 0.0276642 0.0280838 0.00950089 0.0112503 0.00980081 0.00883971 0.0101437 0.0105457 0.009492 0.00901134 0.00907721 0.00864267 0.00966576 0.0152091 0.0126199 0.132384 0.0348923 0.0760382 0.0167484 0.00966391 0.00880427 0.00959216 0.0167264 0.0155343 0.0123283 0.0157455 0.00902171 0.00886683 0.00853927 
0.0103519 0.0200994 0.00974891 0.0088422 0.011456 0.00929679 0.00896344 0.0109621 0.00870321 0.0214687 0.00811849 0.0184768 0.00629252 0.00364667 0.00357382 0.00357272 0.00361264 0.00354837 0 0.00358913 0.0035333 0.0102306 0.0445536 0.223888 0.281932 0.0138667 0.0279872 0.0199147 0.0138427 0.0124938 0.00864771 0.00898309 0.00992324 0.00909801 0.0124012 0.00922336 0.00892393 0.00869374 0.00883765 0.00900357 0.00960474 0.0651405 0.0149085 0.0665399 0.0298323 0.0177652 0.0101761 0.00849549 0.00906058 0.0110987 0.0100609 0.0156441 0.00937554 0.0099506 0.00854088 0.00863453 
0.0160517 0.0119279 0.0117257 0.0111736 0.012618 0.0105021 0.0102954 0.01015 0.0160259 0.0091334 0.0249554 0.00767562 0.00745972 0.00395351 0.00374326 0.00357311 0.00360153 0.00355643 0.00358913 0 0.00380611 0.0349146 0.644517 0.0399879 0.00959626 0.0166483 0.00872767 0.0154665 0.0116752 0.0094471 0.00918888 0.0117345 0.00969109 0.0134651 0.0108599 0.0103371 0.0109409 0.00978278 0.00935177 0.00971055 0.0281306 0.0115545 0.0151613 0.0128956 0.0160914 0.0142426 0.00921309 0.00900429 0.00889513 0.00900698 0.00895908 0.00895406 0.0108349 0.00877698 0.00910592 0.00855039 
0.0128769 0.00952686 0.00951016 0.0111376 0.0152425 0.0113655 0.00901987 0.0138998 0.00942091 0.0193974 0.00711774 0.00710592 0.00601364 0.00480024 0.00377815 0.00371179 0.0040767 0.00354075 0.0035333 0.00380611 0 0.582608 0.00767457 0.00573505 0.00707595 0.00655965 0.00723014 0.00730419 0.00706382 0.00728441 0.00716347 0.0100728 0.00900602 0.0112532 0.00973485 0.0109122 0.0120069 0.0103812 0.00957336 0.00851079 0.00899665 0.00908126 0.00894283 0.00912307 0.00900775 0.00884823 0.00878427 0.00919744 0.00824659 0.00820398 0.00817947 0.00842901 0.0081066 0.0088122 0.00881196 0.00829704 
0.0106942 0.00866625 0.0158569 0.0106423 0.0113534 0.00941586 0.0112047 0.00906347 0.0129157 0.00910235 0.00949915 0.00837427 0.0149363 0.00842448 0.00834258 0.00915592 0.00773694 0.00846684 0.0102306 0.0349146 0.582608 0 0.00357964 0.0035606 0.00354955 0.00356327 0.00358632 0.00382687 0.00385183 0.00389958 0.00947754 0.00785407 0.00945541 0.0115084 0.0113091 0.0128999 0.0112177 0.0111311 0.00881506 0.0102777 0.00991658 0.00989249 0.011421 0.0111711 0.0120146 0.0105354 0.0171954 0.00828203 0.00821936 0.00865075 0.00856621 0.00853122 0.00937725 0.0113258 0.00844852 0.00940101 
0.00914003 0.0156003 0.00900353 0.00858478 0.00960338 0.00919556 0.00877581 0.00928114 0.00860424 0.010584 0.00899261 0.0153973 0.00814567 0.00777168 0.0130142 0.0109245 0.0147538 0.00863628 0.0445536 0.644517 0.00767457 0.00357964 0 0.00354202 0.00352543 0.00353717 0.00357206 0.00370339 0.00363368 0.00472885 0.00384612 0.00675154 0.00696465 0.00954719 0.0114646 0.00924878 0.00896069 0.00873012 0.00877418 0.00897483 0.00909015 0.0167324 0.0127277 0.0223184 0.0174157 0.0200696 0.00942689 0.0083293 0.00882995 0.0091694 0.00915137 0.0109211 0.0102554 0.00930738 0.00865372 0.0085005 
0.0111297 0.00923561 0.00974877 0.00833089 0.010106 0.00917584 0.00866348 0.00846221 0.00952459 0.00955036 0.019893 0.0089105 0.008715 0.00789978 0.00783809 0.016123 0.0134627 0.0500331 0.223888 0.0399879 0.00573505 0.0035606 0.00354202 0 0.00352599 0.00353838 0.0035416 0.00358438 0.0039734 0.00357447 0.00389184 0.006138 0.00612063 0.00968525 0.0099363 0.00950799 0.00891549 0.00903736 0.00888461 0.00920626 0.0135348 0.0106303 0.0406866 0.0298182 0.0545219 0.0135825 0.0093221 0.00908529 0.00933217 0.0116939 0.0185991 0.0118508 0.0141206 0.00895555 0.0088104 0.0085135 
0.0092263 0.0119998 0.00880397 0.0083508 0.010243 0.00924304 0.00875257 0.00918064 0.00857269 0.0136 0.00925607 0.0133628 0.00832667 0.00834829 0.0147662 0.0155799 0.0381654 0.158373 0.281932 0.00959626 0.00707595 0.00354955 0.00352543 0.00352599 0 0.0035303 0.00354284 0.0035925 0.00358317 0.00360511 0.00361032 0.00619617 0.00799116 0.0100109 0.0134484 0.00899341 0.00905883 0.00872623 0.00889588 0.009738 0.0102118 0.0312637 0.0168795 0.107652 0.0399998 0.0189585 0.0132585 0.00903911 0.00971738 0.0139127 0.0120747 0.0206045 0.00998673 0.0108547 0.00864172 0.00861931 
0.0129236 0.00944408 0.010404 0.00859256 0.01005 0.00950981 0.00869651 0.00865065 0.00942129 0.00957286 0.0146055 0.00967381 0.0100817 0.0102555 0.0116155 0.0525032 0.142537 0.299539 0.0138667 0.0166483 0.00655965 0.00356327 0.00353717 0.00353838 0.0035303 0 0.00356162 0.00355636 0.00354524 0.00354048 0.00367479 0.0065782 0.00790198 0.0107734 0.0135367 0.00958205 0.00897028 0.0088597 0.00891752 0.00934627 0.0129422 0.0141273 0.0621477 0.0414027 0.0627139 0.0267808 0.0102023 0.00919732 0.00929293 0.0159497 0.0164687 0.014182 0.0152696 0.00924968 0.00889747 0.00862577 
0.0118187 0.01182 0.00942367 0.00839735 0.0104789 0.00908816 0.00870763 0.00915417 0.00902094 0.011598 0.0110288 0.0111923 0.00939897 0.0129415 0.0256805 0.172433 0.241002 0.0219441 0.0279872 0.00872767 0.00723014 0.00358632 0.00357206 0.0035416 0.00354284 0.00356162 0 0.00355067 0.00357708 0.00356831 0.00355318 0.00590522 0.00651635 0.0106148 0.0131432 0.0090554 0.00930536 0.00886948 0.00894225 0.00924863 0.0114376 0.030765 0.0451682 0.0590004 0.0665171 0.0170289 0.0099428 0.00920418 0.00953433 0.0149272 0.0148654 0.0189634 0.0125576 0.00944285 0.00860659 0.00856968 
0.0109602 0.0136785 0.00919664 0.00872806 0.0103395 0.00960324 0.00873145 0.00996613 0.00873142 0.0134981 0.0110361 0.0132054 0.00916436 0.0167294 0.14423 0.112605 0.0404815 0.0276642 0.0199147 0.0154665 0.00730419 0.00382687 0.00370339 0.00358438 0.0035925 0.00355636 0.00355067 0 0.00355735 0.00355995 0.00353418 0.00539699 0.00751842 0.0109546 0.0160553 0.00980223 0.00953531 0.00919743 0.00962888 0.00947805 0.0131718 0.0329787 0.0250168 0.110664 0.0466837 0.0223306 0.0111843 0.0093287 0.00998351 0.0152738 0.0169215 0.0244461 0.0123452 0.0112838 0.00887789 0.00882642 
0.0213595 0.00881414 0.0127603 0.00929394 0.010803 0.00969677 0.00880946 0.00863262 0.0102751 0.00954431 0.0279448 0.00884897 0.00981605 0.0925386 0.0369439 0.0584752 0.0142446 0.0280838 0.0138427 0.0116752 0.00706382 0.00385183 0.00363368 0.0039734 0.00358317 0.00354524 0.00357708 0.00355735 0 0.00352758 0.00354895 0.00491523 0.00557768 0.0133771 0.0118156 0.0103677 0.00935816 0.00929582 0.00885198 0.0103943 0.0160306 0.0105608 0.0810473 0.0187286 0.0621826 0.0135565 0.00955139 0.00931425 0.00900066 0.0141791 0.0139262 0.0107505 0.0181399 0.00912408 0.00930346 0.00859542 
0.00864954 0.0198373 0.00847894 0.00855108 0.0105975 0.00863959 0.00871528 0.0109674 0.00848692 0.0143769 0.00863734 0.01459 0.00836335 0.0209198 0.0689835 0.010782 0.0150743 0.00950089 0.0124938 0.0094471 0.00728441 0.00389958 0.00472885 0.00357447 0.00360511 0.00354048 0.00356831 0.00355995 0.00352758 0 0.00363314 0.00421916 0.0389591 0.00958702 0.0138042 0.00912311 0.00998934 0.00899791 0.00990219 0.00891401 0.00876811 0.0335544 0.00907299 0.0208249 0.010748 0.0125292 0.00906308 0.00881147 0.00921977 0.00867969 0.00861238 0.0104825 0.00855494 0.00982491 0.00859834 0.00861604 
0.0158934 0.00858573 0.0105118 0.0115529 0.0130429 0.0110571 0.00870846 0.0112749 0.0101629 0.0124224 0.00960345 0.00835418 0.00966974 0.0533352 0.00968233 0.0115035 0.00889978 0.0112503 0.00864771 0.00918888 0.00716347 0.00947754 0.00384612 0.00389184 0.00361032 0.00367479 0.00355318 0.00353418 0.00354895 0.00363314 0 0.0539214 0.00470295 0.0219272 0.0100336 0.0130403 0.012512 0.0127911 0.0106655 0.00935329 0.016102 0.00881123 0.00971041 0.00892333 0.00968702 0.00910937 0.00916952 0.0111177 0.00839446 0.00830389 0.00859755 0.00837962 0.00877282 0.00870637 0.0105398 0.00871986 
0.0130126 0.00869768 0.0133909 0.0165746 0.0109179 0.0110427 0.011984 0.00981026 0.0179644 0.00954016 0.0118623 0.00865023 0.0128764 0.0125579 0.0124678 0.0104145 0.0092283 0.00980081 0.00898309 0.0117345 0.0100728 0.00785407 0.00675154 0.006138 0.00619617 0.0065782 0.00590522 0.00539699 0.00491523 0.00421916 0.0539214 0 0.007246 0.0263528 0.0309817 0.0156571 0.0244899 0.0152006 0.0124474 0.015524 0.012492 0.0112447 0.0100382 0.00885899 0.00954426 0.0103266 0.0118974 0.00917966 0.00826027 0.0086405 0.00881842 0.00827586 0.00941836 0.00943349 0.00992957 0.00982776 
0.00977407 0.0119877 0.00876953 0.0112406 0.015945 0.0100205 0.00917456 0.0257938 0.00884464 0.022097 0.00838099 0.0120673 0.00852864 0.0140794 0.0121146 0.00895933 0.00971295 0.00883971 0.00992324 0.00969109 0.00900602 0.00945541 0.00696465 0.00612063 0.00799116 0.00790198 0.00651635 0.00751842 0.00557768 0.0389591 0.00470295 0.007246 0 0.0310223 0.012179 0.0191517 0.0192709 0.0134395 0.0188666 0.00870814 0.00904093 0.0139137 0.00865838 0.00906849 0.00895645 0.00945106 0.0105723 0.0103023 0.00864667 0.00824548 0.008291 0.0102921 0.00832167 0.00987257 0.0105687 0.00948465 
0.00945622 0.00832935 0.0106663 0.010969 0.00889438 0.00905335 0.0106719 0.00849193 0.0121415 0.00859232 0.00954343 0.00842302 0.0106768 0.0108158 0.00998566 0.0107675 0.0095877 0.0101437 0.00909801 0.0134651 0.0112532 0.0115084 0.00954719 0.00968525 0.0100109 0.0107734 0.0106148 0.0109546 0.0133771 0.00958702 0.0219272 0.0263528 0.0310223 0 0.00493826 0.00430051 0.0241621 0.0278023 0.0155863 0.0135654 0.0136916 0.0107261 0.0118834 0.00979472 0.0111116 0.0134277 0.014182 0.0088897 0.00839283 0.00859974 0.00884117 0.00841493 0.010511 0.0114546 0.0100803 0.0109372 
0.00857361 0.00859248 0.00876453 0.00863374 0.00942017 0.0086843 0.00845302 0.00897469 0.00847395 0.0111954 0.0084985 0.00902743 0.00869269 0.0115367 0.0121149 0.0110307 0.0122998 0.0105457 0.0124012 0.0108599 0.00973485 0.0113091 0.0114646 0.0099363 0.0134484 0.0135367 0.0131432 0.0160553 0.0118156 0.0138042 0.0100336 0.0309817 0.012179 0.00493826 0 0.00410964 0.00938313 0.0115349 0.0125516 0.00999755 0.00996419 0.0153413 0.0105042 0.0122986 0.0122004 0.0139273 0.0122605 0.00936441 0.00863437 0.00871075 0.00872752 0.00965805 0.00903388 0.0123237 0.0112055 0.00916105 
0.011093 0.008276 0.00986913 0.0125364 0.0152088 0.00918997 0.00916283 0.00938495 0.0112468 0.0107391 0.00870941 0.00835136 0.0103676 0.0131579 0.00959799 0.00969652 0.00933065 0.009492 0.00922336 0.0103371 0.0109122 0.0128999 0.00924878 0.00950799 0.00899341 0.00958205 0.0090554 0.00980223 0.0103677 0.00912311 0.0130403 0.0156571 0.0191517 0.00430051 0.00410964 0 0.808176 0.039142 0.0151634 0.0116226 0.0135979 0.00951699 0.0103919 0.00916799 0.00988049 0.0111887 0.0140814 0.0119164 0.0085713 0.00845111 0.00875323 0.00851092 0.00948979 0.0119662 0.0128131 0.0115369 
0.00961454 0.00847286 0.0103147 0.0127081 0.0115989 0.00974305 0.00922258 0.00972184 0.0106442 0.0102637 0.00827299 0.00868646 0.00980493 0.0115157 0.0101213 0.00887042 0.00899351 0.00901134 0.00892393 0.0109409 0.0120069 0.0112177 0.00896069 0.00891549 0.00905883 0.00897028 0.00930536 0.00953531 0.00935816 0.00998934 0.012512 0.0244899 0.0192709 0.0241621 0.00938313 0.808176 0 0.240567 0.0167505 0.0147934 0.0142627 0.0124856 0.00831101 0.00962135 0.0096015 0.0126688 0.0169522 0.0104171 0.00866465 0.00850977 0.00874338 0.0087021 0.00952398 0.0141403 0.0152438 0.0143438 
0.00970283 0.00812083 0.00955074 0.0114707 0.0112048 0.00888745 0.00890894 0.00913417 0.00968488 0.00944362 0.00830754 0.00823719 0.0098231 0.0111372 0.00872542 0.00888492 0.00876659 0.00907721 0.00869374 0.00978278 0.0103812 0.0111311 0.00873012 0.00903736 0.00872623 0.0088597 0.00886948 0.00919743 0.00929582 0.00899791 0.0127911 0.0152006 0.0134395 0.0278023 0.0115349 0.039142 0.240567 0 0.0334127 0.0097074 0.0154321 0.008058 0.00779153 0.00839035 0.008931 0.0104414 0.0149555 0.0106574 0.00864305 0.00844129 0.00863434 0.00846983 0.00942795 0.0137265 0.0148587 0.0138014 
0.00825018 0.00981543 0.00881244 0.00906218 0.00876235 0.00847527 0.00879003 0.00834493 0.00866816 0.00854307 0.00808968 0.00857965 0.00868606 0.0086586 0.00878727 0.00864212 0.00868167 0.00864267 0.00883765 0.00935177 0.00957336 0.00881506 0.00877418 0.00888461 0.00889588 0.00891752 0.00894225 0.00962888 0.00885198 0.00990219 0.0106655 0.0124474 0.0188666 0.0155863 0.0125516 0.0151634 0.0167505 0.0334127 0 0.00496669 0.00358523 0.00441819 0.0035897 0.00408032 0.00418622 0.00490163 0.00993264 0.0117393 0.00894189 0.00877654 0.00893047 0.00985877 0.00937437 0.0157951 0.0111704 0.0329911 
0.00938462 0.00807491 0.00857203 0.00893205 0.00859385 0.00845997 0.0080504 0.00823373 0.00834536 0.00870322 0.00870601 0.00820216 0.00850138 0.00990792 0.00861928 0.00943192 0.00901851 0.00966576 0.00900357 0.00971055 0.00851079 0.0102777 0.00897483 0.00920626 0.009738 0.00934627 0.00924863 0.00947805 0.0103943 0.00891401 0.00935329 0.015524 0.00870814 0.0135654 0.00999755 0.0116226 0.0147934 0.0097074 0.00496669 0 0.00713577 0.00365436 0.00360682 0.00366008 0.00369186 0.00432651 0.00464986 0.0124041 0.00855961 0.0086312 0.00921432 0.00887985 0.0115791 0.0102178 0.0163164 0.00871729 
0.0103804 0.00804964 0.0109723 0.0104718 0.0084231 0.00871457 0.00841522 0.00806287 0.00985178 0.0082745 0.00988673 0.00817575 0.0101535 0.00938935 0.00892358 0.0145123 0.0102957 0.0152091 0.00960474 0.0281306 0.00899665 0.00991658 0.00909015 0.0135348 0.0102118 0.0129422 0.0114376 0.0131718 0.0160306 0.00876811 0.016102 0.012492 0.00904093 0.0136916 0.00996419 0.0135979 0.0142627 0.0154321 0.00358523 0.00713577 0 0.00354954 0.00360189 0.0035672 0.00360063 0.00365024 0.00400419 0.0141332 0.00852942 0.0109772 0.0114563 0.00879623 0.0166651 0.0113534 0.0127917 0.00938843 
0.00817313 0.0117245 0.00824486 0.00813167 0.00897815 0.00818203 0.00833099 0.00903447 0.0080345 0.0119747 0.00824539 0.0134447 0.00817573 0.00973 0.0250004 0.013076 0.0379118 0.0126199 0.0651405 0.0115545 0.00908126 0.00989249 0.0167324 0.0106303 0.0312637 0.0141273 0.030765 0.0329787 0.0105608 0.0335544 0.00881123 0.0112447 0.0139137 0.0107261 0.0153413 0.00951699 0.0124856 0.008058 0.00441819 0.00365436 0.00354954 0 0.00353988 0.00354022 0.00357256 0.00360472 0.00384986 0.0136626 0.0224639 0.0115867 0.0104935 0.0355324 0.00987194 0.0643134 0.0109823 0.0138499 
0.00975589 0.00832625 0.008537 0.00816741 0.00849225 0.00847515 0.00809865 0.00813635 0.00839515 0.00896509 0.0159031 0.00842132 0.0086079 0.00947058 0.011051 0.0556395 0.0169943 0.132384 0.0149085 0.0151613 0.00894283 0.011421 0.0127277 0.0406866 0.0168795 0.0621477 0.0451682 0.0250168 0.0810473 0.00907299 0.00971041 0.0100382 0.00865838 0.0118834 0.0105042 0.0103919 0.00831101 0.00779153 0.0035897 0.00360682 0.00360189 0.00353988 0 0.00355738 0.0035725 0.00355612 0.00356334 0.0116339 0.0138411 0.0399126 0.0331096 0.00999425 0.148244 0.00914657 0.0111337 0.00875215 
0.00839516 0.00954879 0.0083233 0.00803104 0.00881056 0.00837786 0.00818048 0.00847687 0.0081474 0.0120221 0.00898898 0.0117116 0.00853142 0.00952768 0.0248526 0.0284033 0.166507 0.0348923 0.0665399 0.0128956 0.00912307 0.0111711 0.0223184 0.0298182 0.107652 0.0414027 0.0590004 0.110664 0.0187286 0.0208249 0.00892333 0.00885899 0.00906849 0.00979472 0.0122986 0.00916799 0.00962135 0.00839035 0.00408032 0.00366008 0.0035672 0.00354022 0.00355738 0 0.00354189 0.00355461 0.00362479 0.0129112 0.0172079 0.0268469 0.0298027 0.176774 0.0109438 0.0182434 0.0103597 0.0100029 
0.00915888 0.00873545 0.00846509 0.00815083 0.00886253 0.00852098 0.00823562 0.00828225 0.00822155 0.00984893 0.0116571 0.00923777 0.00865592 0.010139 0.0160715 0.0961653 0.0363063 0.0760382 0.0298323 0.0160914 0.00900775 0.0120146 0.0174157 0.0545219 0.0399998 0.0627139 0.0665171 0.0466837 0.0621826 0.010748 0.00968702 0.00954426 0.00895645 0.0111116 0.0122004 0.00988049 0.0096015 0.008931 0.00418622 0.00369186 0.00360063 0.00357256 0.0035725 0.00354189 0 0.00356805 0.00357295 0.0143082 0.0265722 0.0479961 0.142681 0.0362269 0.0278898 0.0139558 0.010908 0.0093488 
0.00886943 0.00901278 0.0082637 0.00830224 0.00873619 0.008501 0.00822494 0.00874785 0.00849584 0.00960135 0.0102169 0.00894248 0.00835636 0.00958405 0.0391941 0.0158821 0.0224395 0.0167484 0.0177652 0.0142426 0.00884823 0.0105354 0.0200696 0.0135825 0.0189585 0.0267808 0.0170289 0.0223306 0.0135565 0.0125292 0.00910937 0.0103266 0.00945106 0.0134277 0.0139273 0.0111887 0.0126688 0.0104414 0.00490163 0.00432651 0.00365024 0.00360472 0.00355612 0.00355461 0.00356805 0 0.0036298 0.0161939 0.0211959 0.0913029 0.0184574 0.019119 0.086629 0.0183278 0.0238058 0.0119793 
0.00969398 0.0089597 0.00829916 0.00921129 0.0114584 0.00844585 0.00825348 0.00994285 0.00826572 0.0159932 0.0083697 0.00861741 0.00836437 0.0328438 0.00980515 0.00985337 0.0102805 0.00966391 0.0101761 0.00921309 0.00878427 0.0171954 0.00942689 0.0093221 0.0132585 0.0102023 0.0099428 0.0111843 0.00955139 0.00906308 0.00916952 0.0118974 0.0105723 0.014182 0.0122605 0.0140814 0.0169522 0.0149555 0.00993264 0.00464986 0.00400419 0.00384986 0.00356334 0.00362479 0.00357295 0.0036298 0 0.0519497 0.0292644 0.0108311 0.0121786 0.0163859 0.0142255 0.0944533 0.0176838 0.0139379 
0.00840227 0.00816334 0.0089581 0.00895157 0.00811182 0.00831878 0.00843572 0.00807887 0.00843746 0.00813011 0.00818467 0.00818214 0.00895205 0.00848862 0.00851637 0.00898048 0.00864195 0.00880427 0.00849549 0.00900429 0.00919744 0.00828203 0.0083293 0.00908529 0.00903911 0.00919732 0.00920418 0.0093287 0.00931425 0.00881147 0.0111177 0.00917966 0.0103023 0.0088897 0.00936441 0.0119164 0.0104171 0.0106574 0.0117393 0.0124041 0.0141332 0.0136626 0.0116339 0.0129112 0.0143082 0.0161939 0.0519497 0 0.00355249 0.00356467 0.00360171 0.00363249 0.00379505 0.00439374 0.00449633 0.00892668 
0.00805459 0.00837478 0.00811351 0.0080383 0.00819056 0.00809644 0.00799841 0.00819911 0.00800476 0.00821827 0.00815335 0.00832624 0.00804384 0.00819145 0.00851098 0.00930994 0.00923244 0.00959216 0.00906058 0.00889513 0.00824659 0.00821936 0.00882995 0.00933217 0.00971738 0.00929293 0.00953433 0.00998351 0.00900066 0.00921977 0.00839446 0.00826027 0.00864667 0.00839283 0.00863437 0.0085713 0.00866465 0.00864305 0.00894189 0.00855961 0.00852942 0.0224639 0.0138411 0.0172079 0.0265722 0.0211959 0.0292644 0.00355249 0 0.00353923 0.00356926 0.00361105 0.00355481 0.00374036 0.00446317 0.0056501 
0.00839715 0.0081699 0.00815229 0.00812354 0.00801577 0.00816543 0.00798685 0.00802207 0.00804912 0.00829195 0.00854937 0.00825282 0.00806361 0.00836415 0.00909169 0.0132275 0.0158119 0.0167264 0.0110987 0.00900698 0.00820398 0.00865075 0.0091694 0.0116939 0.0139127 0.0159497 0.0149272 0.0152738 0.0141791 0.00867969 0.00830389 0.0086405 0.00824548 0.00859974 0.00871075 0.00845111 0.00850977 0.00844129 0.00877654 0.0086312 0.0109772 0.0115867 0.0399126 0.0268469 0.0479961 0.0913029 0.0108311 0.00356467 0.00353923 0 0.00353117 0.00355755 0.00363241 0.0035749 0.00450939 0.00520241 
0.00853077 0.00822181 0.00819892 0.00811516 0.00815019 0.00818022 0.00801125 0.00805847 0.00807081 0.00838857 0.00875335 0.00816254 0.00814159 0.00840894 0.00881817 0.0144751 0.0125534 0.0155343 0.0100609 0.00895908 0.00817947 0.00856621 0.00915137 0.0185991 0.0120747 0.0164687 0.0148654 0.0169215 0.0139262 0.00861238 0.00859755 0.00881842 0.008291 0.00884117 0.00872752 0.00875323 0.00874338 0.00863434 0.00893047 0.00921432 0.0114563 0.0104935 0.0331096 0.0298027 0.142681 0.0184574 0.0121786 0.00360171 0.00356926 0.00353117 0 0.00352993 0.00359379 0.0035461 0.00401018 0.0048714 
0.00815108 0.0092187 0.00813576 0.00798964 0.00825929 0.00813645 0.00810489 0.00857222 0.00799474 0.00927657 0.00818507 0.00906412 0.00805235 0.00840081 0.0113398 0.0136599 0.0237692 0.0123283 0.0156441 0.00895406 0.00842901 0.00853122 0.0109211 0.0118508 0.0206045 0.014182 0.0189634 0.0244461 0.0107505 0.0104825 0.00837962 0.00827586 0.0102921 0.00841493 0.00965805 0.00851092 0.0087021 0.00846983 0.00985877 0.00887985 0.00879623 0.0355324 0.00999425 0.176774 0.0362269 0.019119 0.0163859 0.00363249 0.00361105 0.00355755 0.00352993 0 0.00353184 0.00358802 0.00381629 0.00631947 
0.00883865 0.00818708 0.00840793 0.00837425 0.00811961 0.00830844 0.00801405 0.00808695 0.00836861 0.00824293 0.010466 0.00816739 0.00815417 0.00875167 0.00915613 0.0164238 0.0102377 0.0157455 0.00937554 0.0108349 0.0081066 0.00937725 0.0102554 0.0141206 0.00998673 0.0152696 0.0125576 0.0123452 0.0181399 0.00855494 0.00877282 0.00941836 0.00832167 0.010511 0.00903388 0.00948979 0.00952398 0.00942795 0.00937437 0.0115791 0.0166651 0.00987194 0.148244 0.0109438 0.0278898 0.086629 0.0142255 0.00379505 0.00355481 0.00363241 0.00359379 0.00353184 0 0.00353701 0.00431535 0.00754872 
0.00869882 0.00857652 0.00825237 0.00858469 0.00950166 0.00822885 0.008104 0.0089173 0.00806379 0.0130856 0.00808206 0.00872245 0.00815467 0.00998759 0.00947968 0.0092724 0.00994736 0.00902171 0.0099506 0.00877698 0.0088122 0.0113258 0.00930738 0.00895555 0.0108547 0.00924968 0.00944285 0.0112838 0.00912408 0.00982491 0.00870637 0.00943349 0.00987257 0.0114546 0.0123237 0.0119662 0.0141403 0.0137265 0.0157951 0.0102178 0.0113534 0.0643134 0.00914657 0.0182434 0.0139558 0.0183278 0.0944533 0.00439374 0.00374036 0.0035749 0.0035461 0.00358802 0.00353701 0 0.00802551 0.0065608 
0.00859606 0.00819399 0.00905729 0.00952562 0.00835824 0.00825651 0.00852467 0.00812588 0.00887289 0.00830451 0.00852091 0.00814008 0.00854473 0.00869098 0.00896634 0.00859551 0.00869337 0.00886683 0.00854088 0.00910592 0.00881196 0.00844852 0.00865372 0.0088104 0.00864172 0.00889747 0.00860659 0.00887789 0.00930346 0.00859834 0.0105398 0.00992957 0.0105687 0.0100803 0.0112055 0.0128131 0.0152438 0.0148587 0.0111704 0.0163164 0.0127917 0.0109823 0.0111337 0.0103597 0.010908 0.0238058 0.0176838 0.00449633 0.00446317 0.00450939 0.00401018 0.00381629 0.00431535 0.00802551 0 0.0096203 
0.00876738 0.00879097 0.00831703 0.00906168 0.00931129 0.00833165 0.00823965 0.00950423 0.0082305 0.0090639 0.00811348 0.00850009 0.00818459 0.00932942 0.00873821 0.00850258 0.00870277 0.00853927 0.00863453 0.00855039 0.00829704 0.00940101 0.0085005 0.0085135 0.00861931 0.00862577 0.00856968 0.00882642 0.00859542 0.00861604 0.00871986 0.00982776 0.00948465 0.0109372 0.00916105 0.0115369 0.0143438 0.0138014 0.0329911 0.00871729 0.00938843 0.0138499 0.00875215 0.0100029 0.0093488 0.0119793 0.0139379 0.00892668 0.0056501 0.00520241 0.0048714 0.00631947 0.00754872 0.0065608 0.0096203 0 
