1G40B
CCTIPSRPINMKFKNSVETDANANYNIGDTIEYLCLPGYRKQKMGPIYAKCTGTGWTLFNQCIKRRCPSPRDIDNGQLDIGGVDFGSSITYSCNSGYHLIGESKSYCELGSTGSMVWNPEAPICESVKCQSPPSISNGRHNGYEDFYTDGSVVTYSCNSGYSLIGNSGVLCSGGEWSDPPTCQIVKCPHPTISNGYLSSGFKRSYSYNDNVDFKCKYGYKLSGSSSSTCSPGNTWKPELPKCV
CCCCCCCCCCCCEECCCCCCCCCCCCCCCEECEECCCCCEECCCCCCCEECCCCCCCCCCCEECCCCCCCCCCCCCEECCCCCCCCCEECEECCCCCEECCCCCEECCCCCCCCCCCCCCCCCEECCCCCCCCCCCCEEECCCCCCCCCCEEECEEECCCCEEECCCCEEECCCCECCCCEEECCCCCCCCCCCEEECCCCCCCCCCCCCCCEEECCCCCEECCCCCCEECCCEECCCCCEEC
0 0 0 0 0 0 0 0 0 0 0 0 0 0 0 0 0 0 0 0 0 0 0 0 0 0 0 0 0 0 0 0 0 0 0 0 0 0 0 0 0 0 0 0 0 0 0 0 0 0 0 0 0 0 0 0 0 0 0 0 0 0 0 0 0 0 0 0 0 0 0 0 0 0 0 0 0 0 0 0 0 0 0 0 0 0 0 0 0 0 0 0 0 0 0 0 0 0 0 0 0 0 0 0 0 0 0 0 0 0 0 0 0 0 0 0 0 0 0 0 0 0 0 0 0 0 0 0 0 0 0 0 0 0 0 0 0 0 0 0 0 0 0 0 0 0 0 0 0 0 0 0 0 0 0 0 0 0 0 0 0 0 0 0 0 0 0 0 0 0 0 0 0 0 0 0 0 0 0 0 0 0 0 0 0 0 0 0 0 0 0 0 0 0 0 0 0 0 0 0 0 0 0 0 0 0 0 0 0 0 0 0 0 0 0 0 0 0 0 0 0 0 0 0 0 0 0 0 0 0 0 0 0 0 0 0 0 0 0 0 0 0 0 
0 0 0 0 0 0 0 0 0 0 0 0 0 0 0 0 0 0 0 0 0 0 0 0 0 0 0 0 0 0 0 0 0 0 0 0 0 0 0 0 0 0 0 0 0 0 0 0 0 0 0 0 0 0 0 0 0 0 0 0 0 0 0 0 0 0 0 0 0 0 0 0 0 0 0 0 0 0 0 0 0 0 0 0 0 0 0 0 0 0 0 0 0 0 0 0 0 0 0 0 0 0 0 0 0 0 0 0 0 0 0 0 0 0 0 0 0 0 0 0 0 0 0 0 0 0 0 0 0 0 0 0 0 0 0 0 0 0 0 0 0 0 0 0 0 0 0 0 0 0 0 0 0 0 0 0 0 0 0 0 0 0 0 0 0 0 0 0 0 0 0 0 0 0 0 0 0 0 0 0 0 0 0 0 0 0 0 0 0 0 0 0 0 0 0 0 0 0 0 0 0 0 0 0 0 0 0 0 0 0 0 0 0 0 0 0 0 0 0 0 0 0 0 0 0 0 0 0 0 0 0 0 0 0 0 0 0 0 0 0 0 0 0 
0 0.00654181 0.0196755 0.0809806 0.0106486 0.0571388 0.0118112 0.0274812 0.0126496 0.0155036 0.0110043 0.0153327 0.00868718 0.0104059 0.00929657 0.00958341 0.00876921 0.0089993 0.00887892 0.00860248 0.00877616 0.00866211 0.0083937 0.0083637 0.00830145 0.00813608 0.00803895 0.0082253 0.00845006 0.00808368 0.00805391 0.00821805 0.00813051 0.00820707 0.00800921 0.00824535 0.00808951 0.0084475 0.00813437 0.0085009 0.0080432 0.00798025 0.00797537 0.00803917 0.00796692 0.00805728 0.0080186 0.00803321 0.00805993 0.00805229 0.00808632 0.00796597 0.00797781 0.00805093 0.00803492 0.00799261 0.00814704 
0.00654181 0 0.164979 0.0124709 0.0318661 0.010895 0.0195021 0.010171 0.0183108 0.00924191 0.0161512 0.00915792 0.00990941 0.00893187 0.0103937 0.00887438 0.00909737 0.00855292 0.0096322 0.00815347 0.00911905 0.00829952 0.00889865 0.00811908 0.00857329 0.008128 0.00799201 0.00851519 0.00809679 0.00804376 0.00818988 0.00815948 0.00809305 0.00842462 0.00815532 0.0080315 0.00833307 0.00802475 0.0080901 0.00842546 0.00823348 0.00815124 0.00796028 0.00819834 0.00795912 0.00797401 0.00810147 0.00796848 0.00801992 0.00817303 0.00798078 0.00801194 0.00796405 0.00807047 0.00800655 0.00801132 0.00810314 
0.0196755 0.164979 0 0.00441694 0.00366048 0.0630414 0.0114179 0.0319492 0.0141842 0.243123 0.0105313 0.0207978 0.0159644 0.0106946 0.0240819 0.0090659 0.00880479 0.0149032 0.0112663 0.00921875 0.00853544 0.0153699 0.00856546 0.00980028 0.0082131 0.00864582 0.00844732 0.00823237 0.00967112 0.00811583 0.00801441 0.0101178 0.00834357 0.00876986 0.00813341 0.00904498 0.0081056 0.00915087 0.00842379 0.00928771 0.0087861 0.0079964 0.00844248 0.00803249 0.0083673 0.00840633 0.00802542 0.0083597 0.00819278 0.0082831 0.00840049 0.00818589 0.00821135 0.00860196 0.00810089 0.00837608 0.00817372 
0.0809806 0.0124709 0.00441694 0 0.026906 0.00362754 0.00815554 0.0113966 0.151007 0.00873592 0.0301191 0.010067 0.00867193 0.017886 0.00882545 0.020746 0.0180683 0.0086149 0.00874578 0.0102729 0.0129556 0.00830271 0.0106916 0.0082251 0.0110442 0.00806785 0.00858019 0.010163 0.00801352 0.0117101 0.0135168 0.00801315 0.0107626 0.0085543 0.00897367 0.0084077 0.00964562 0.00809301 0.00989409 0.00875888 0.00801112 0.00929981 0.0080721 0.00986341 0.00794122 0.00829486 0.00953526 0.00800253 0.00904954 0.00888518 0.00806499 0.00826224 0.00816571 0.00797624 0.00878143 0.00801386 0.0100836 
0.0106486 0.0318661 0.00366048 0.026906 0 0.00387535 0.0136663 0.396432 0.0141321 0.0144893 0.0120013 0.0192445 0.00882613 0.0212871 0.00907432 0.0176554 0.0103592 0.00955784 0.00872354 0.0101633 0.00899476 0.00881561 0.00859315 0.00848277 0.00856304 0.0080615 0.00825682 0.00837642 0.00821081 0.00942854 0.00910592 0.00818305 0.010007 0.00830488 0.00820244 0.00843295 0.0084098 0.00819351 0.00885657 0.00869638 0.00807766 0.00844747 0.0083531 0.00834464 0.00799479 0.0081125 0.00862152 0.00800159 0.00832222 0.00827642 0.0081304 0.00803344 0.00799986 0.00799862 0.00827743 0.00798225 0.00851801 
0.0571388 0.010895 0.0630414 0.00362754 0.00387535 0 0.490418 0.0166075 0.0272525 0.0128776 0.0254627 0.0101012 0.0164552 0.00915158 0.0190999 0.00929238 0.00951789 0.00904792 0.0120454 0.00854417 0.010111 0.0088638 0.00974867 0.00846616 0.00871791 0.0084027 0.00816683 0.00861631 0.00884216 0.00812921 0.00824124 0.00868261 0.00817069 0.00858942 0.00814241 0.00833605 0.00851518 0.00832329 0.00814289 0.00855832 0.00841042 0.00811738 0.00801446 0.00819487 0.00822607 0.00808161 0.00816317 0.00815983 0.00799549 0.00839924 0.00808418 0.00810648 0.0079599 0.00835665 0.00799831 0.00811896 0.00800294 
0.0118112 0.0195021 0.0114179 0.00815554 0.0136663 0.490418 0 0.00409967 0.0109604 0.125453 0.0120244 0.0305606 0.0123265 0.0143613 0.0128372 0.00995291 0.00904215 0.0122614 0.00992419 0.00967943 0.00868706 0.0112079 0.00870405 0.00920471 0.00812595 0.00820205 0.00816978 0.0081904 0.00852598 0.00822198 0.00828119 0.00837541 0.00864159 0.00831981 0.00816168 0.00892623 0.00812113 0.00858976 0.00841193 0.00846138 0.00811139 0.00801487 0.00818012 0.00806986 0.00809746 0.00828595 0.00813943 0.0082682 0.00822556 0.00819375 0.0081082 0.00805366 0.00805107 0.00816925 0.00807515 0.00807801 0.00816192 
0.0274812 0.010171 0.0319492 0.0113966 0.396432 0.0166075 0.00409967 0 0.0992075 0.0106728 0.0560414 0.0124882 0.0140951 0.0108304 0.0123356 0.0110769 0.0112739 0.00885918 0.0107552 0.00861631 0.0116921 0.00890285 0.0103283 0.00832058 0.00862144 0.00813591 0.00805497 0.0087584 0.0082347 0.00838812 0.0087007 0.00817767 0.00810123 0.0086936 0.00821087 0.00828948 0.00855005 0.00819656 0.00808517 0.00843535 0.00823546 0.00806876 0.00799469 0.00822202 0.00801926 0.00800288 0.00812672 0.00801129 0.00802275 0.00808465 0.00795217 0.0080139 0.00794269 0.00800683 0.00795255 0.00801675 0.00802992 
0.0126496 0.0183108 0.0141842 0.151007 0.0141321 0.0272525 0.0109604 0.0992075 0 0.00375935 0.0242496 0.0910328 0.0103662 0.0418833 0.0106781 0.0270253 0.0155924 0.0159781 0.00948171 0.0156112 0.0114119 0.0103344 0.00996745 0.00955343 0.00893367 0.00825566 0.00864835 0.00848435 0.00840354 0.0101734 0.0102592 0.00821323 0.0107201 0.00838048 0.00880937 0.00887194 0.00841864 0.0082776 0.00970234 0.00874073 0.00808667 0.00899542 0.00827079 0.00859576 0.00805327 0.00853887 0.00853613 0.00824231 0.00902206 0.00844012 0.00833137 0.00805187 0.00816661 0.0080084 0.00838653 0.00816022 0.0093773 
0.0155036 0.00924191 0.243123 0.00873592 0.0144893 0.0128776 0.125453 0.0106728 0.00375935 0 0.0555295 0.0217985 0.0398893 0.00928791 0.0501622 0.00893968 0.0114051 0.00998274 0.0183169 0.00846388 0.0104186 0.0105714 0.0100698 0.00872264 0.00863614 0.0084618 0.00807436 0.00886201 0.00898354 0.008101 0.00818628 0.00938827 0.00799956 0.00923325 0.00817575 0.00841646 0.00872555 0.00867221 0.0080347 0.00852706 0.00899639 0.007999 0.00817118 0.00823311 0.00824103 0.00802975 0.00814964 0.00817596 0.00796078 0.00819663 0.00805191 0.00812638 0.00795374 0.00840224 0.00794458 0.00828711 0.00795161 
0.0110043 0.0161512 0.0105313 0.0301191 0.0120013 0.0254627 0.0120244 0.0560414 0.0242496 0.0555295 0 0.00759399 0.00947268 0.216006 0.0122269 0.0264182 0.0145839 0.0179936 0.0101387 0.0173548 0.0102696 0.0133194 0.0100542 0.0107703 0.00906805 0.00835803 0.00869987 0.00870838 0.00841666 0.00926639 0.00908249 0.00830175 0.00950338 0.00843944 0.00858173 0.00893971 0.00839007 0.0083155 0.00906861 0.00918744 0.00811929 0.00864116 0.00812788 0.00825657 0.00807964 0.00853417 0.00824185 0.0080813 0.00837991 0.00852396 0.00832257 0.00806838 0.00820023 0.00814038 0.00840813 0.00802258 0.00903656 
0.0153327 0.00915792 0.0207978 0.010067 0.0192445 0.0101012 0.0305606 0.0124882 0.0910328 0.0217985 0.00759399 0 0.122792 0.0126956 0.0358309 0.0130339 0.0212224 0.0101673 0.0193785 0.00910857 0.0140565 0.00970005 0.012031 0.00865899 0.00966617 0.00849637 0.00819408 0.0092822 0.00860666 0.00828802 0.00841663 0.00869763 0.00842864 0.00927958 0.00835171 0.00841179 0.00896903 0.00841387 0.00832172 0.00868924 0.00868913 0.00825492 0.00804092 0.00839024 0.0081981 0.00805079 0.00821206 0.00818548 0.00815268 0.00829604 0.00805686 0.00810201 0.00798345 0.00823035 0.00800685 0.00812824 0.0080081 
0.00868718 0.00990941 0.0159644 0.00867193 0.00882613 0.0164552 0.0123265 0.0140951 0.0103662 0.0398893 0.00947268 0.122792 0 0.0102135 0.0306514 0.0228756 0.00755624 0.111157 0.0132207 0.0120837 0.00947075 0.0292404 0.00892601 0.0156898 0.00827675 0.00888196 0.00849528 0.00826672 0.00960177 0.00825368 0.00809198 0.00973231 0.00847582 0.00883834 0.00835473 0.00999711 0.00817774 0.00900901 0.00840834 0.00863452 0.0086112 0.00806187 0.00842897 0.00800281 0.00844028 0.00827032 0.0080206 0.00830337 0.00817289 0.00811321 0.00828828 0.00806463 0.00810946 0.00835317 0.00801299 0.00820225 0.00806127 
0.0104059 0.00893187 0.0106946 0.017886 0.0212871 0.00915158 0.0143613 0.0108304 0.0418833 0.00928791 0.216006 0.0126956 0.0102135 0 0.0265968 0.0170299 0.188675 0.00803175 0.0126334 0.014312 0.0346927 0.00932867 0.0343209 0.00864841 0.0188171 0.00828515 0.00888881 0.0134938 0.00833206 0.011215 0.0137292 0.0081966 0.0105344 0.00975513 0.00888989 0.00875288 0.01268 0.00825683 0.010071 0.00972896 0.0084511 0.0099508 0.0080449 0.0102267 0.00802597 0.00828225 0.00940395 0.00802396 0.00878845 0.00892152 0.008097 0.00857379 0.00812586 0.00814924 0.00837603 0.00807262 0.00903766 
0.00929657 0.0103937 0.0240819 0.00882545 0.00907432 0.0190999 0.0128372 0.0123356 0.0106781 0.0501622 0.0122269 0.0358309 0.0306514 0.0265968 0 0.0043141 0.00361321 0.0339278 0.0207234 0.0166997 0.0100378 0.280949 0.0105291 0.0220535 0.00909969 0.0140929 0.00991948 0.00910701 0.0151541 0.00861502 0.00824092 0.0160397 0.00937483 0.010213 0.00909204 0.0121695 0.00834503 0.0114908 0.00904043 0.00991338 0.0105348 0.00817822 0.00940388 0.00809726 0.00902539 0.00893477 0.00809602 0.00897266 0.0084002 0.00848076 0.00888823 0.00826295 0.00828761 0.00899146 0.00826949 0.00884192 0.00838987 
0.00958341 0.00887438 0.0090659 0.020746 0.0176554 0.00929238 0.00995291 0.0110769 0.0270253 0.00893968 0.0264182 0.0130339 0.0228756 0.0170299 0.0043141 0 0.00928371 0.00356957 0.00762403 0.0111749 0.098054 0.00851719 0.0240337 0.00924075 0.0203089 0.00844808 0.0103034 0.0172932 0.00855953 0.0173984 0.0251536 0.0084077 0.0169841 0.00992381 0.010071 0.00969613 0.0157243 0.00843291 0.0135109 0.00938513 0.00828557 0.0110923 0.00830892 0.0132159 0.008197 0.00891463 0.0122757 0.00825694 0.00957676 0.00922864 0.00815044 0.00843266 0.0082927 0.00799928 0.00882309 0.00801926 0.0108021 
0.00876921 0.00909737 0.00880479 0.0180683 0.0103592 0.00951789 0.00904215 0.0112739 0.0155924 0.0114051 0.0145839 0.0212224 0.00755624 0.188675 0.00361321 0.00928371 0 0.00391043 0.0107487 0.200708 0.0133449 0.0137759 0.0120196 0.0163386 0.0122158 0.00853855 0.010036 0.0113366 0.00882556 0.0161327 0.0119786 0.00851786 0.0137948 0.00900209 0.00914031 0.00979749 0.00993452 0.00844908 0.0116237 0.00893744 0.00824587 0.00927305 0.00871536 0.00877145 0.00832986 0.0091684 0.00870737 0.0081174 0.00976298 0.0083118 0.00831978 0.00807512 0.0081338 0.00798216 0.00858055 0.00799412 0.00905093 
0.0089993 0.00855292 0.0149032 0.0086149 0.00955784 0.00904792 0.0122614 0.00885918 0.0159781 0.00998274 0.0179936 0.0101673 0.111157 0.00803175 0.0339278 0.00356957 0.00391043 0 0.272267 0.0072436 0.0119337 0.0121131 0.0222995 0.010242 0.0104746 0.00919278 0.00883288 0.0104837 0.010945 0.0085717 0.00859287 0.0107946 0.00845729 0.0106298 0.00882084 0.00967772 0.00957132 0.00907563 0.00856342 0.0091048 0.00950781 0.00825438 0.00823055 0.00851843 0.00860669 0.00844619 0.00832509 0.00859382 0.00810227 0.00852024 0.00831515 0.00826363 0.00801596 0.00869989 0.00802964 0.00835286 0.00805695 
0.00887892 0.0096322 0.0112663 0.00874578 0.00872354 0.0120454 0.00992419 0.0107552 0.00948171 0.0183169 0.0101387 0.0193785 0.0132207 0.0126334 0.0207234 0.00762403 0.0107487 0.272267 0 0.00900279 0.012223 0.204849 0.0118055 0.0191572 0.00958275 0.0114644 0.00998444 0.00959011 0.0118986 0.00892795 0.00845279 0.0107207 0.00984798 0.00975539 0.00922173 0.011701 0.00860717 0.00980524 0.00937269 0.0100117 0.00901635 0.0083571 0.00881109 0.00825268 0.00846703 0.00908022 0.00813473 0.00867149 0.00868593 0.00857553 0.00887203 0.00821311 0.0083169 0.00869877 0.00839998 0.00842233 0.00830636 
0.00860248 0.00815347 0.00921875 0.0102729 0.0101633 0.00854417 0.00967943 0.00861631 0.0156112 0.00846388 0.0173548 0.00910857 0.0120837 0.014312 0.0166997 0.0111749 0.200708 0.0072436 0.00900279 0 0.116628 0.00494788 0.0397696 0.00937795 0.0127943 0.00892108 0.00852693 0.0116482 0.00885408 0.0101759 0.0113752 0.0085273 0.00968924 0.0103398 0.00915914 0.00852599 0.011248 0.00859896 0.00885661 0.00905639 0.00856402 0.00932047 0.00820434 0.00911648 0.00811785 0.00809124 0.00876248 0.00815721 0.00821521 0.00855601 0.00805078 0.00827292 0.00800638 0.00815142 0.00805824 0.00815579 0.00841952 
0.00877616 0.00911905 0.00853544 0.0129556 0.00899476 0.010111 0.00868706 0.0116921 0.0114119 0.0104186 0.0102696 0.0140565 0.00947075 0.0346927 0.0100378 0.098054 0.0133449 0.0119337 0.012223 0.116628 0 0.00375083 0.0200966 0.0747487 0.0104836 0.00928771 0.0110403 0.01052 0.00985087 0.0124635 0.010799 0.00894777 0.0148059 0.00928863 0.0105744 0.0119669 0.00907746 0.00915799 0.0120051 0.00988548 0.00827612 0.0106932 0.00846861 0.0086748 0.00815602 0.00993275 0.00871042 0.00828734 0.0100959 0.00867917 0.00871391 0.00819219 0.00833021 0.00806986 0.00843684 0.008064 0.00954206 
0.00866211 0.00829952 0.0153699 0.00830271 0.00881561 0.0088638 0.0112079 0.00890285 0.0103344 0.0105714 0.0133194 0.00970005 0.0292404 0.00932867 0.280949 0.00851719 0.0137759 0.0121131 0.204849 0.00494788 0.00375083 0 0.0667864 0.0171738 0.0113279 0.0109771 0.0101962 0.0109154 0.0126853 0.00877916 0.00910892 0.0176896 0.00850714 0.0121589 0.00965089 0.0113995 0.0103297 0.0114072 0.00853501 0.00966047 0.0135137 0.008255 0.00908797 0.00852434 0.00949114 0.00859943 0.0085009 0.00904958 0.00812549 0.00859509 0.00829534 0.00878737 0.00805147 0.00921835 0.00799801 0.0090014 0.00805003 
0.0083937 0.00889865 0.00856546 0.0106916 0.00859315 0.00974867 0.00870405 0.0103283 0.00996745 0.0100698 0.0100542 0.012031 0.00892601 0.0343209 0.0105291 0.0240337 0.0120196 0.0222995 0.0118055 0.0397696 0.0200966 0.0667864 0 0.00763494 0.0174603 0.0346231 0.0237837 0.0142289 0.0116377 0.0146424 0.0114717 0.0102826 0.0272317 0.0122686 0.0135108 0.0156496 0.0115455 0.00955709 0.0171189 0.0134112 0.00867764 0.0121508 0.00906574 0.00953175 0.00880411 0.0125382 0.00928097 0.008518 0.0114276 0.00876653 0.00926113 0.00831845 0.00903544 0.00821225 0.00957277 0.0081473 0.0112211 
0.0083637 0.00811908 0.00980028 0.0082251 0.00848277 0.00846616 0.00920471 0.00832058 0.00955343 0.00872264 0.0107703 0.00865899 0.0156898 0.00864841 0.0220535 0.00924075 0.0163386 0.010242 0.0191572 0.00937795 0.0747487 0.0171738 0.00763494 0 0.0285157 0.0157197 0.00929636 0.0124105 0.0129961 0.00893655 0.0100826 0.0142284 0.00886581 0.0150331 0.012413 0.0103809 0.0125709 0.0107095 0.00868347 0.0104595 0.0120291 0.00865989 0.00888999 0.010149 0.00916122 0.00857247 0.00931738 0.00953108 0.008175 0.00877071 0.00821668 0.00911868 0.00808108 0.00873718 0.00805591 0.00906336 0.00807231 
0.00830145 0.00857329 0.0082131 0.0110442 0.00856304 0.00871791 0.00812595 0.00862144 0.00893367 0.00863614 0.00906805 0.00966617 0.00827675 0.0188171 0.00909969 0.0203089 0.0122158 0.0104746 0.00958275 0.0127943 0.0104836 0.0113279 0.0174603 0.0285157 0 0.00765624 0.00435966 0.00840021 0.00813392 0.17864 0.0127102 0.00767007 0.26297 0.00999075 0.00938337 0.0242843 0.0127983 0.00888012 0.0403143 0.013262 0.00864751 0.0112935 0.0110172 0.0103503 0.00819598 0.0215981 0.00956984 0.00813868 0.0209222 0.00926737 0.00897379 0.00862071 0.00873604 0.00811118 0.00958056 0.00818447 0.0115006 
0.00813608 0.008128 0.00864582 0.00806785 0.0080615 0.0084027 0.00820205 0.00813591 0.00825566 0.0084618 0.00835803 0.00849637 0.00888196 0.00828515 0.0140929 0.00844808 0.00853855 0.00919278 0.0114644 0.00892108 0.00928771 0.0109771 0.0346231 0.0157197 0.00765624 0 0.00400033 0.0067536 0.276761 0.00740284 0.00767251 0.299815 0.00740574 0.00920256 0.0316917 0.00924572 0.0084451 0.0310323 0.0085928 0.00907566 0.00896669 0.0095975 0.00883739 0.00830941 0.0130869 0.00841988 0.00814565 0.0133519 0.00819595 0.00850893 0.00840807 0.00821429 0.00816468 0.00859107 0.00807204 0.00832486 0.00834334 
0.00803895 0.00799201 0.00844732 0.00858019 0.00825682 0.00816683 0.00816978 0.00805497 0.00864835 0.00807436 0.00869987 0.00819408 0.00849528 0.00888881 0.00991948 0.0103034 0.010036 0.00883288 0.00998444 0.00852693 0.0110403 0.0101962 0.0237837 0.00929636 0.00435966 0.00400033 0 0.124098 0.00761967 0.01162 0.0907443 0.00708482 0.00863434 0.0131501 0.00885792 0.010482 0.0284397 0.0085826 0.00990831 0.0108451 0.0111631 0.0086798 0.00858769 0.0149708 0.00818199 0.00904688 0.012268 0.00813579 0.00857018 0.00861563 0.00817112 0.00850049 0.00806525 0.00816914 0.0081283 0.00846682 0.00833102 
0.0082253 0.00851519 0.00823237 0.010163 0.00837642 0.00861631 0.0081904 0.0087584 0.00848435 0.00886201 0.00870838 0.0092822 0.00826672 0.0134938 0.00910701 0.0172932 0.0113366 0.0104837 0.00959011 0.0116482 0.01052 0.0109154 0.0142289 0.0124105 0.00840021 0.0067536 0.124098 0 0.00372152 0.0038827 0.00431773 0.00397585 0.0151173 0.00667944 0.00712112 0.0294091 0.0121613 0.00898634 0.235678 0.0122421 0.0099205 0.0133794 0.0141059 0.012144 0.00863145 0.0284428 0.0108231 0.00880605 0.0239704 0.009456 0.00989849 0.00912733 0.0096624 0.00828463 0.00961996 0.00840511 0.013738 
0.00845006 0.00809679 0.00967112 0.00801352 0.00821081 0.00884216 0.00852598 0.0082347 0.00840354 0.00898354 0.00841666 0.00860666 0.00960177 0.00833206 0.0151541 0.00855953 0.00882556 0.010945 0.0118986 0.00885408 0.00985087 0.0126853 0.0116377 0.0129961 0.00813392 0.276761 0.00761967 0.00372152 0 0.00355818 0.00358927 0.0237544 0.00382753 0.006943 0.0233198 0.00973795 0.0089473 0.472828 0.00885671 0.00976308 0.0133994 0.0115146 0.00969985 0.00892239 0.036127 0.00908779 0.00893583 0.029609 0.00851818 0.0091824 0.00924686 0.00878908 0.00859582 0.0092805 0.00827346 0.0095884 0.00845567 
0.00808368 0.00804376 0.00811583 0.0117101 0.00942854 0.00812921 0.00822198 0.00838812 0.0101734 0.008101 0.00926639 0.00828802 0.00825368 0.011215 0.00861502 0.0173984 0.0161327 0.0085717 0.00892795 0.0101759 0.0124635 0.00877916 0.0146424 0.00893655 0.17864 0.00740284 0.01162 0.0038827 0.00355818 0 0.00647422 0.00359012 0.00384578 0.010803 0.00711634 0.0109394 0.177104 0.00812018 0.0220035 0.0118863 0.0105127 0.0133675 0.00914495 0.0306924 0.00854182 0.0127969 0.0225831 0.0085397 0.014555 0.0104533 0.00863358 0.00901708 0.00862254 0.00818614 0.00954514 0.00864004 0.0110774 
0.00805391 0.00818988 0.00801441 0.0135168 0.00910592 0.00824124 0.00828119 0.0087007 0.0102592 0.00818628 0.00908249 0.00841663 0.00809198 0.0137292 0.00824092 0.0251536 0.0119786 0.00859287 0.00845279 0.0113752 0.010799 0.00910892 0.0114717 0.0100826 0.0127102 0.00767251 0.0907443 0.00431773 0.00358927 0.00647422 0 0.00357035 0.00432134 0.00614814 0.0241803 0.273689 0.0106839 0.00769656 0.0780936 0.0113772 0.00847966 0.0141102 0.0105369 0.0146182 0.00853452 0.0342365 0.015375 0.0085008 0.0291705 0.00940943 0.00881694 0.00884867 0.00892869 0.0081017 0.0102658 0.00818617 0.0140732 
0.00821805 0.00815948 0.0101178 0.00801315 0.00818305 0.00868261 0.00837541 0.00817767 0.00821323 0.00938827 0.00830175 0.00869763 0.00973231 0.0081966 0.0160397 0.0084077 0.00851786 0.0107946 0.0107207 0.0085273 0.00894777 0.0176896 0.0102826 0.0142284 0.00767007 0.299815 0.00708482 0.00397585 0.0237544 0.00359012 0.00357035 0 0.00364917 0.0428676 0.21519 0.011152 0.00687398 0.157403 0.00715711 0.00932424 0.0154756 0.0102288 0.0109266 0.00857839 0.0806907 0.00889357 0.0086816 0.0662233 0.0083775 0.00881359 0.00936128 0.0090128 0.00865795 0.0119169 0.00813646 0.0114659 0.00838243 
0.00813051 0.00809305 0.00834357 0.0107626 0.010007 0.00817069 0.00864159 0.00810123 0.0107201 0.00799956 0.00950338 0.00842864 0.00847582 0.0105344 0.00937483 0.0169841 0.0137948 0.00845729 0.00984798 0.00968924 0.0148059 0.00850714 0.0272317 0.00886581 0.26297 0.00740574 0.00863434 0.0151173 0.00382753 0.00384578 0.00432134 0.00364917 0 0.190669 0.00942708 0.00539083 0.099223 0.0069285 0.0214215 0.0143395 0.0108335 0.0147916 0.00832709 0.0696166 0.00853277 0.0116577 0.0473125 0.00841527 0.0124786 0.0159278 0.00854806 0.0105915 0.00843382 0.00834954 0.0095261 0.00917911 0.0122104 
0.00820707 0.00842462 0.00876986 0.0085543 0.00830488 0.00858942 0.00831981 0.0086936 0.00838048 0.00923325 0.00843944 0.00927958 0.00883834 0.00975513 0.010213 0.00992381 0.00900209 0.0106298 0.00975539 0.0103398 0.00928863 0.0121589 0.0122686 0.0150331 0.00999075 0.00920256 0.0131501 0.00667944 0.006943 0.010803 0.00614814 0.0428676 0.190669 0 0.003688 0.00372751 0.00500319 0.0124255 0.108308 0.0125676 0.0145725 0.00928235 0.106661 0.010822 0.00987495 0.0218991 0.0117968 0.00966999 0.022761 0.00987525 0.0122182 0.010192 0.0107628 0.00902798 0.00949757 0.0100911 0.0122901 
0.00800921 0.00815532 0.00813341 0.00897367 0.00820244 0.00814241 0.00816168 0.00821087 0.00880937 0.00817575 0.00858173 0.00835171 0.00835473 0.00888989 0.00909204 0.010071 0.00914031 0.00882084 0.00922173 0.00915914 0.0105744 0.00965089 0.0135108 0.012413 0.00938337 0.0316917 0.00885792 0.00712112 0.0233198 0.00711634 0.0241803 0.21519 0.00942708 0.003688 0 0.00355059 0.00782355 0.0997479 0.0301449 0.00772656 0.00835162 0.366896 0.00901126 0.0108795 0.0529508 0.0101657 0.0110042 0.039448 0.00975125 0.00999512 0.011523 0.0104488 0.00925662 0.00846088 0.00865 0.0101404 0.0145152 
0.00824535 0.0080315 0.00904498 0.0084077 0.00843295 0.00833605 0.00892623 0.00828948 0.00887194 0.00841646 0.00893971 0.00841179 0.00999711 0.00875288 0.0121695 0.00969613 0.00979749 0.00967772 0.011701 0.00852599 0.0119669 0.0113995 0.0156496 0.0103809 0.0242843 0.00924572 0.010482 0.0294091 0.00973795 0.0109394 0.273689 0.011152 0.00539083 0.00372751 0.00355059 0 0.0722331 0.0110756 0.00605585 0.0100914 0.0881898 0.00923784 0.0332711 0.020873 0.0105923 0.0193001 0.0211114 0.0101991 0.0124761 0.0116623 0.00987519 0.0126928 0.00936549 0.010744 0.00883188 0.0131678 0.0107402 
0.00808951 0.00833307 0.0081056 0.00964562 0.0084098 0.00851518 0.00812113 0.00855005 0.00841864 0.00872555 0.00839007 0.00896903 0.00817774 0.01268 0.00834503 0.0157243 0.00993452 0.00957132 0.00860717 0.011248 0.00907746 0.0103297 0.0115455 0.0125709 0.0127983 0.0084451 0.0284397 0.0121613 0.0089473 0.177104 0.0106839 0.00687398 0.099223 0.00500319 0.00782355 0.0722331 0 0.0035889 0.00389187 0.00989945 0.00774243 0.0336468 0.0413709 0.0152827 0.00876855 0.0731032 0.0159957 0.00904969 0.0910877 0.0103404 0.0123504 0.0104932 0.0119211 0.00839005 0.0126457 0.00887045 0.0223 
0.0084475 0.00802475 0.00915087 0.00809301 0.00819351 0.00832329 0.00858976 0.00819656 0.0082776 0.00867221 0.0083155 0.00841387 0.00900901 0.00825683 0.0114908 0.00843291 0.00844908 0.00907563 0.00980524 0.00859896 0.00915799 0.0114072 0.00955709 0.0107095 0.00888012 0.0310323 0.0085826 0.00898634 0.472828 0.00812018 0.00769656 0.157403 0.0069285 0.0124255 0.0997479 0.0110756 0.0035889 0 0.00356729 0.0102062 0.020397 0.0325896 0.0131478 0.00881745 0.135234 0.00883197 0.00895659 0.10594 0.0087625 0.0099752 0.00931295 0.00943055 0.00900644 0.00983534 0.00837924 0.0134492 0.00896501 
0.00813437 0.0080901 0.00842379 0.00989409 0.00885657 0.00814289 0.00841193 0.00808517 0.00970234 0.0080347 0.00906861 0.00832172 0.00840834 0.010071 0.00904043 0.0135109 0.0116237 0.00856342 0.00937269 0.00885661 0.0120051 0.00853501 0.0171189 0.00868347 0.0403143 0.0085928 0.00990831 0.235678 0.00885671 0.0220035 0.0780936 0.00715711 0.0214215 0.108308 0.0301449 0.00605585 0.00389187 0.00356729 0 0.233038 0.0104238 0.0183622 0.00897064 0.0631379 0.00879338 0.0192408 0.0457505 0.0086884 0.0173936 0.0135834 0.00922027 0.013295 0.00919794 0.00873996 0.0106845 0.0101811 0.0127606 
0.0085009 0.00842546 0.00928771 0.00875888 0.00869638 0.00855832 0.00846138 0.00843535 0.00874073 0.00852706 0.00918744 0.00868924 0.00863452 0.00972896 0.00991338 0.00938513 0.00893744 0.0091048 0.0100117 0.00905639 0.00988548 0.00966047 0.0134112 0.0104595 0.013262 0.00907566 0.0108451 0.0122421 0.00976308 0.0118863 0.0113772 0.00932424 0.0143395 0.0125676 0.00772656 0.0100914 0.00989945 0.0102062 0.233038 0 0.0205659 0.00725799 0.0053576 0.0103384 0.00864859 0.0151847 0.012141 0.00972602 0.013513 0.0120335 0.0116957 0.0111898 0.0101466 0.0102453 0.011052 0.0100854 0.0110862 
0.0080432 0.00823348 0.0087861 0.00801112 0.00807766 0.00841042 0.00811139 0.00823546 0.00808667 0.00899639 0.00811929 0.00868913 0.0086112 0.0084511 0.0105348 0.00828557 0.00824587 0.00950781 0.00901635 0.00856402 0.00827612 0.0135137 0.00867764 0.0120291 0.00864751 0.00896669 0.0111631 0.0099205 0.0133994 0.0105127 0.00847966 0.0154756 0.0108335 0.0145725 0.00835162 0.0881898 0.00774243 0.020397 0.0104238 0.0205659 0 0.00360203 0.00383497 0.00700662 0.0134198 0.0523901 0.0103235 0.0110642 0.0128978 0.00963324 0.0122345 0.00989939 0.0111591 0.00995612 0.00908081 0.0122899 0.0110247 
0.00798025 0.00815124 0.0079964 0.00929981 0.00844747 0.00811738 0.00801487 0.00806876 0.00899542 0.007999 0.00864116 0.00825492 0.00806187 0.0099508 0.00817822 0.0110923 0.00927305 0.00825438 0.0083571 0.00932047 0.0106932 0.008255 0.0121508 0.00865989 0.0112935 0.0095975 0.0086798 0.0133794 0.0115146 0.0133675 0.0141102 0.0102288 0.0147916 0.00928235 0.366896 0.00923784 0.0336468 0.0325896 0.0183622 0.00725799 0.00360203 0 0.00373979 0.0191337 0.0418891 0.0116715 0.016416 0.0149979 0.0120626 0.0126492 0.00967552 0.0108665 0.0110837 0.00844279 0.0112713 0.00875709 0.0189807 
0.00797537 0.00796028 0.00844248 0.0080721 0.0083531 0.00801446 0.00818012 0.00799469 0.00827079 0.00817118 0.00812788 0.00804092 0.00842897 0.0080449 0.00940388 0.00830892 0.00871536 0.00823055 0.00881109 0.00820434 0.00846861 0.00908797 0.00906574 0.00888999 0.0110172 0.00883739 0.00858769 0.0141059 0.00969985 0.00914495 0.0105369 0.0109266 0.00832709 0.106661 0.00901126 0.0332711 0.0413709 0.0131478 0.00897064 0.0053576 0.00383497 0.00373979 0 0.0359741 0.00937948 0.0225975 0.0144548 0.010993 0.00895449 0.0109549 0.00928575 0.0107989 0.00881446 0.0105881 0.00847697 0.0151804 0.0085689 
0.00803917 0.00819834 0.00803249 0.00986341 0.00834464 0.00819487 0.00806986 0.00822202 0.00859576 0.00823311 0.00825657 0.00839024 0.00800281 0.0102267 0.00809726 0.0132159 0.00877145 0.00851843 0.00825268 0.00911648 0.0086748 0.00852434 0.00953175 0.010149 0.0103503 0.00830941 0.0149708 0.012144 0.00892239 0.0306924 0.0146182 0.00857839 0.0696166 0.010822 0.0108795 0.020873 0.0152827 0.00881745 0.0631379 0.0103384 0.00700662 0.0191337 0.0359741 0 0.00503423 0.00394471 0.0312495 0.00901813 0.76006 0.011159 0.013326 0.012021 0.0130811 0.00881967 0.0190395 0.00919727 0.0353111 
0.00796692 0.00795912 0.0083673 0.00794122 0.00799479 0.00822607 0.00809746 0.00801926 0.00805327 0.00824103 0.00807964 0.0081981 0.00844028 0.00802597 0.00902539 0.008197 0.00832986 0.00860669 0.00846703 0.00811785 0.00815602 0.00949114 0.00880411 0.00916122 0.00819598 0.0130869 0.00818199 0.00863145 0.036127 0.00854182 0.00853452 0.0806907 0.00853277 0.00987495 0.0529508 0.0105923 0.00876855 0.135234 0.00879338 0.00864859 0.0134198 0.0418891 0.00937948 0.00503423 0 0.00371613 0.0091979 0.90912 0.00891013 0.0117197 0.0103201 0.0109218 0.0102344 0.0117 0.00889286 0.0182669 0.0105043 
0.00805728 0.00797401 0.00840633 0.00829486 0.0081125 0.00808161 0.00828595 0.00800288 0.00853887 0.00802975 0.00853417 0.00805079 0.00827032 0.00828225 0.00893477 0.00891463 0.0091684 0.00844619 0.00908022 0.00809124 0.00993275 0.00859943 0.0125382 0.00857247 0.0215981 0.00841988 0.00904688 0.0284428 0.00908779 0.0127969 0.0342365 0.00889357 0.0116577 0.0218991 0.0101657 0.0193001 0.0731032 0.00883197 0.0192408 0.0151847 0.0523901 0.0116715 0.0225975 0.00394471 0.00371613 0 0.736073 0.00944315 0.0924616 0.0124938 0.0118781 0.0168679 0.0109865 0.0111425 0.0114077 0.0141608 0.0170462 
0.0080186 0.00810147 0.00802542 0.00953526 0.00862152 0.00816317 0.00813943 0.00812672 0.00853613 0.00814964 0.00824185 0.00821206 0.0080206 0.00940395 0.00809602 0.0122757 0.00870737 0.00832509 0.00813473 0.00876248 0.00871042 0.0085009 0.00928097 0.00931738 0.00956984 0.00814565 0.012268 0.0108231 0.00893583 0.0225831 0.015375 0.0086816 0.0473125 0.0117968 0.0110042 0.0211114 0.0159957 0.00895659 0.0457505 0.012141 0.0103235 0.016416 0.0144548 0.0312495 0.0091979 0.736073 0 0.00355626 0.0036578 0.00824307 0.0610222 0.015765 0.0140716 0.00947872 0.0223674 0.0116457 0.0776696 
0.00803321 0.00796848 0.0083597 0.00800253 0.00800159 0.00815983 0.0082682 0.00801129 0.00824231 0.00817596 0.0080813 0.00818548 0.00830337 0.00802396 0.00897266 0.00825694 0.0081174 0.00859382 0.00867149 0.00815721 0.00828734 0.00904958 0.008518 0.00953108 0.00813868 0.0133519 0.00813579 0.00880605 0.029609 0.0085397 0.0085008 0.0662233 0.00841527 0.00966999 0.039448 0.0101991 0.00904969 0.10594 0.0086884 0.00972602 0.0110642 0.0149979 0.010993 0.00901813 0.90912 0.00944315 0.00355626 0 0.00354494 0.0551461 0.0602664 0.015172 0.0129555 0.0147694 0.0106433 0.0354257 0.0162398 
0.00805993 0.00801992 0.00819278 0.00904954 0.00832222 0.00799549 0.00822556 0.00802275 0.00902206 0.00796078 0.00837991 0.00815268 0.00817289 0.00878845 0.0084002 0.00957676 0.00976298 0.00810227 0.00868593 0.00821521 0.0100959 0.00812549 0.0114276 0.008175 0.0209222 0.00819595 0.00857018 0.0239704 0.00851818 0.014555 0.0291705 0.0083775 0.0124786 0.022761 0.00975125 0.0124761 0.0910877 0.0087625 0.0173936 0.013513 0.0128978 0.0120626 0.00895449 0.76006 0.00891013 0.0924616 0.0036578 0.00354494 0 0.0408815 0.00718507 0.0148566 0.00954401 0.00996072 0.0151896 0.0144107 0.0260303 
0.00805229 0.00817303 0.0082831 0.00888518 0.00827642 0.00839924 0.00819375 0.00808465 0.00844012 0.00819663 0.00852396 0.00829604 0.00811321 0.00892152 0.00848076 0.00922864 0.0083118 0.00852024 0.00857553 0.00855601 0.00867917 0.00859509 0.00876653 0.00877071 0.00926737 0.00850893 0.00861563 0.009456 0.0091824 0.0104533 0.00940943 0.00881359 0.0159278 0.00987525 0.00999512 0.0116623 0.0103404 0.0099752 0.0135834 0.0120335 0.00963324 0.0126492 0.0109549 0.011159 0.0117197 0.0124938 0.00824307 0.0551461 0.0408815 0 0.00684485 0.00891607 0.0628449 0.0086609 0.0232664 0.0122323 0.249605 
0.00808632 0.00798078 0.00840049 0.00806499 0.0081304 0.00808418 0.0081082 0.00795217 0.00833137 0.00805191 0.00832257 0.00805686 0.00828828 0.008097 0.00888823 0.00815044 0.00831978 0.00831515 0.00887203 0.00805078 0.00871391 0.00829534 0.00926113 0.00821668 0.00897379 0.00840807 0.00817112 0.00989849 0.00924686 0.00863358 0.00881694 0.00936128 0.00854806 0.0122182 0.011523 0.00987519 0.0123504 0.00931295 0.00922027 0.0116957 0.0122345 0.00967552 0.00928575 0.013326 0.0103201 0.0118781 0.0610222 0.0602664 0.00718507 0.00684485 0 0.0606726 0.00628675 0.0183942 0.00897074 0.128652 0.010123 
0.00796597 0.00801194 0.00818589 0.00826224 0.00803344 0.00810648 0.00805366 0.0080139 0.00805187 0.00812638 0.00806838 0.00810201 0.00806463 0.00857379 0.00826295 0.00843266 0.00807512 0.00826363 0.00821311 0.00827292 0.00819219 0.00878737 0.00831845 0.00911868 0.00862071 0.00821429 0.00850049 0.00912733 0.00878908 0.00901708 0.00884867 0.0090128 0.0105915 0.010192 0.0104488 0.0126928 0.0104932 0.00943055 0.013295 0.0111898 0.00989939 0.0108665 0.0107989 0.012021 0.0109218 0.0168679 0.015765 0.015172 0.0148566 0.00891607 0.0606726 0 0.00380203 0.00517814 0.93245 0.00886586 0.0699017 
0.00797781 0.00796405 0.00821135 0.00816571 0.00799986 0.0079599 0.00805107 0.00794269 0.00816661 0.00795374 0.00820023 0.00798345 0.00810946 0.00812586 0.00828761 0.0082927 0.0081338 0.00801596 0.0083169 0.00800638 0.00833021 0.00805147 0.00903544 0.00808108 0.00873604 0.00816468 0.00806525 0.0096624 0.00859582 0.00862254 0.00892869 0.00865795 0.00843382 0.0107628 0.00925662 0.00936549 0.0119211 0.00900644 0.00919794 0.0101466 0.0111591 0.0110837 0.00881446 0.0130811 0.0102344 0.0109865 0.0140716 0.0129555 0.00954401 0.0628449 0.00628675 0.00380203 0 0.955049 0.00427255 0.0194701 0.0138757 
0.00805093 0.00807047 0.00860196 0.00797624 0.00799862 0.00835665 0.00816925 0.00800683 0.0080084 0.00840224 0.00814038 0.00823035 0.00835317 0.00814924 0.00899146 0.00799928 0.00798216 0.00869989 0.00869877 0.00815142 0.00806986 0.00921835 0.00821225 0.00873718 0.00811118 0.00859107 0.00816914 0.00828463 0.0092805 0.00818614 0.0081017 0.0119169 0.00834954 0.00902798 0.00846088 0.010744 0.00839005 0.00983534 0.00873996 0.0102453 0.00995612 0.00844279 0.0105881 0.00881967 0.0117 0.0111425 0.00947872 0.0147694 0.00996072 0.0086609 0.0183942 0.00517814 0.955049 0 0.00462154 0.00939774 0.0438403 
0.00803492 0.00800655 0.00810089 0.00878143 0.00827743 0.00799831 0.00807515 0.00795255 0.00838653 0.00794458 0.00840813 0.00800685 0.00801299 0.00837603 0.00826949 0.00882309 0.00858055 0.00802964 0.00839998 0.00805824 0.00843684 0.00799801 0.00957277 0.00805591 0.00958056 0.00807204 0.0081283 0.00961996 0.00827346 0.00954514 0.0102658 0.00813646 0.0095261 0.00949757 0.00865 0.00883188 0.0126457 0.00837924 0.0106845 0.011052 0.00908081 0.0112713 0.00847697 0.0190395 0.00889286 0.0114077 0.0223674 0.0106433 0.0151896 0.0232664 0.00897074 0.93245 0.00427255 0.00462154 0 0.0223498 0.0116901 
0.00799261 0.00801132 0.00837608 0.00801386 0.00798225 0.00811896 0.00807801 0.00801675 0.00816022 0.00828711 0.00802258 0.00812824 0.00820225 0.00807262 0.00884192 0.00801926 0.00799412 0.00835286 0.00842233 0.00815579 0.008064 0.0090014 0.0081473 0.00906336 0.00818447 0.00832486 0.00846682 0.00840511 0.0095884 0.00864004 0.00818617 0.0114659 0.00917911 0.0100911 0.0101404 0.0131678 0.00887045 0.0134492 0.0101811 0.0100854 0.0122899 0.00875709 0.0151804 0.00919727 0.0182669 0.0141608 0.0116457 0.0354257 0.0144107 0.0122323 0.128652 0.00886586 0.0194701 0.00939774 0.0223498 0 0.00656814 
0.00814704 0.00810314 0.00817372 0.0100836 0.00851801 0.00800294 0.00816192 0.00802992 0.0093773 0.00795161 0.00903656 0.0080081 0.00806127 0.00903766 0.00838987 0.0108021 0.00905093 0.00805695 0.00830636 0.00841952 0.00954206 0.00805003 0.0112211 0.00807231 0.0115006 0.00834334 0.00833102 0.013738 0.00845567 0.0110774 0.0140732 0.00838243 0.0122104 0.0122901 0.0145152 0.0107402 0.0223 0.00896501 0.0127606 0.0110862 0.0110247 0.0189807 0.0085689 0.0353111 0.0105043 0.0170462 0.0776696 0.0162398 0.0260303 0.249605 0.010123 0.0699017 0.0138757 0.0438403 0.0116901 0.00656814 0 
