1G65A
MTDRYSFSLTTFSPSGKLGQIDYALTAVKQGVTSLGIKATNGVVIATEKKSSSPLAMSETLSKVSLLTPDIGAVYSGMGPDYRVLVDKSRKVAHTSYKRIYGEYPPTKLLVSEVAKIMQEATQSGGVRPFGVSLLIAGHDEFNGFSLYQVDPSGSYFPWKATAIGKGSVAAKTFLEKRWNDELELEDAIHIALLTLKESVEGEFNGDTIELAIIGDENPDLLGYTGIPTDKGPRFRKLTSQEINDRLEAL
CCCCCCCECCCCCCCCCCHHHHHHHHHHHCCCCEEEEECCCCEEEEEECCCCCCCECCCCCCCCEEEECCEEEEEEECHHHHHHHHHHHHHHHHHCCHHHHCCCCCHHHHHHHHHHHHHHHCCCECECCCCEEEEEEEEECCCEEEEEEECCCCCEEEECEEEECCCHHHHHHHHHHHCCCCCCHHHHHHHHHHHHHHHCCCCCCCCCEEEEEECCCCHHHCCEECCCCCCCCCEEECCHHHHHHHHCCC
0 0 0 0 0 0 0 0 0 0 0 0 0 0 0 0 0 0 0 0 0 0 0 0 0 0 0 0 0 0 0 0 0 0 0 0 0 0 0 0 0 0 0 0 0 0 0 0 0 0 0 0 0 0 0 0 0 0 0 0 0 0 0 0 0 0 0 0 0 0 0 0 0 0 0 0 0 0 0 0 0 0 0 0 0 0 0 0 0 0 0 0 0 0 0 0 0 0 0 0 0 0 0 0 0 0 0 0 0 0 0 0 0 0 0 0 0 0 0 0 0 0 0 0 0 0 0 0 0 0 0 0 0 0 0 0 0 0 0 0 0 0 0 0 0 0 0 0 0 0 0 0 0 0 0 0 0 0 0 0 0 0 0 0 0 0 0 0 0 0 0 0 0 0 0 0 0 0 0 0 0 0 0 0 0 0 0 0 0 0 0 0 0 0 0 0 0 0 0 0 0 0 0 0 0 0 0 0 0 0 0 0 0 0 0 0 0 0 0 0 0 0 0 0 0 0 0 0 0 0 0 0 0 0 0 0 0 0 0 0 0 0 0 0 0 0 0 0 0 0 
0 0 0 0 0 0 0 0 0 0 0 0 0 0 0 0 0 0 0 0 0 0 0 0 0 0 0 0 0 0 0 0 0 0 0 0 0 0 0 0 0 0 0 0 0 0 0 0 0 0 0 0 0 0 0 0 0 0 0 0 0 0 0 0 0 0 0 0 0 0 0 0 0 0 0 0 0 0 0 0 0 0 0 0 0 0 0 0 0 0 0 0 0 0 0 0 0 0 0 0 0 0 0 0 0 0 0 0 0 0 0 0 0 0 0 0 0 0 0 0 0 0 0 0 0 0 0 0 0 0 0 0 0 0 0 0 0 0 0 0 0 0 0 0 0 0 0 0 0 0 0 0 0 0 0 0 0 0 0 0 0 0 0 0 0 0 0 0 0 0 0 0 0 0 0 0 0 0 0 0 0 0 0 0 0 0 0 0 0 0 0 0 0 0 0 0 0 0 0 0 0 0 0 0 0 0 0 0 0 0 0 0 0 0 0 0 0 0 0 0 0 0 0 0 0 0 0 0 0 0 0 0 0 0 0 0 0 0 0 0 0 0 0 0 0 0 0 0 0 0 
0 0.0208035 0.0133848 0.0142965 0.0205172 0.0455249 0.0205661 0.0129543 0.0109329 0.0100015 0.0115671 0.0555306 0.0554947 0.0166698 0.0098888 0.0102753 0.014956 0.0114577 0.0093564 0.00877051 0.0088159 0.00869594 0.00926838 0.0121971 0.0116058 0.0128963 0.00918288 0.00851745 0.0084382 0.00847418 0.00854598 0.0083424 0.00822926 0.00826 0.00892498 0.00882067 0.00809222 0.00811724 0.00814337 0.0082253 0.00831512 0.00974546 0.00921993 0.00798052 0.0080767 0.00843803 0.00849711 0.00828911 0.00823971 0.00987458 0.00894585 0.00828018 0.00815396 0.00816028 0.00832376 0.00908358 0.00897835 0.00902591 0.00881191 0.00814245 0.00896896 
0.0208035 0 0.00386949 0.00361814 0.00364075 0.0047166 0.0137819 0.00943759 0.00937925 0.022829 0.751179 0.163456 0.0179327 0.0482584 0.0205468 0.015607 0.028498 0.0218746 0.0234253 0.0155278 0.0133259 0.0125863 0.0183937 0.0217307 0.010002 0.0111964 0.00973184 0.00994358 0.0105622 0.0107904 0.0102246 0.00978336 0.00898332 0.00863275 0.00880895 0.00879259 0.00830319 0.00875663 0.00880192 0.00937042 0.00895693 0.0104707 0.00872083 0.00818844 0.00847374 0.00907743 0.00892766 0.00938171 0.00920794 0.00991119 0.00867235 0.0084194 0.00859452 0.00864221 0.0087571 0.00904467 0.00839238 0.00859885 0.00826757 0.00823944 0.00857565 
0.0133848 0.00386949 0 0.00358041 0.00358061 0.00359577 0.0061042 0.0112083 0.0131812 0.815147 0.0980053 0.0105043 0.010383 0.0237832 0.0500218 0.0330965 0.0101482 0.0228449 0.0210755 0.0393555 0.0250225 0.0352276 0.0207095 0.0129504 0.00883883 0.00862153 0.0103344 0.0111363 0.0268055 0.0207938 0.0213465 0.0168825 0.0134338 0.0104252 0.00848659 0.00812411 0.00952199 0.00913538 0.013015 0.0110945 0.010806 0.00914559 0.00828664 0.00892572 0.00870086 0.00883189 0.00952124 0.010307 0.0116159 0.00885732 0.00841044 0.00860053 0.00929671 0.00920156 0.00915522 0.00853765 0.00818604 0.00810407 0.00818008 0.0082155 0.00809717 
0.0142965 0.00361814 0.00358041 0 0.00354162 0.00357023 0.0060053 0.0190592 0.862812 0.0597808 0.0128754 0.00828357 0.00961753 0.0202009 0.0461807 0.0258332 0.0150071 0.0103496 0.0394271 0.0450572 0.0663613 0.040841 0.025178 0.0132788 0.00860949 0.00908475 0.00927514 0.0242591 0.0295925 0.0508409 0.0332849 0.0311154 0.0226712 0.00977745 0.00838698 0.00845385 0.00867642 0.0169693 0.0147416 0.020057 0.0111812 0.00927895 0.00864136 0.00933621 0.00998023 0.0102419 0.0102841 0.0136696 0.0121648 0.00912779 0.00866197 0.00980424 0.00960198 0.0107415 0.0099354 0.00874534 0.00812239 0.00811356 0.00834929 0.00835268 0.00818954 
0.0205172 0.00364075 0.00358061 0.00354162 0 0.00358645 0.0102363 0.87986 0.0368912 0.0229015 0.0137777 0.00899769 0.011772 0.0181579 0.0350285 0.0727156 0.0127897 0.0163873 0.0157168 0.0362031 0.0200615 0.0318342 0.0399804 0.0228352 0.00915773 0.00912309 0.0133054 0.0109852 0.0221722 0.0150193 0.0190702 0.0147903 0.0131963 0.0119828 0.00848341 0.00821008 0.00944534 0.00906027 0.0143711 0.0107851 0.0129195 0.00937576 0.00858957 0.0089048 0.00943964 0.00909612 0.00971369 0.00973291 0.0113827 0.00883496 0.00861276 0.00853777 0.009423 0.00903905 0.00937007 0.00866486 0.00815763 0.00809167 0.00822837 0.00831735 0.0080166 
0.0455249 0.0047166 0.00359577 0.00357023 0.00358645 0 0.965066 0.0359029 0.00694768 0.00523427 0.00762634 0.00925931 0.0184755 0.0318341 0.0139376 0.0136261 0.0355711 0.0181933 0.0184945 0.0108671 0.0120788 0.010487 0.0145841 0.0270496 0.010695 0.0135365 0.012784 0.0100454 0.00950142 0.00988728 0.00945047 0.00914991 0.00891296 0.0088 0.0088324 0.00981346 0.00860515 0.00915587 0.00858494 0.00922628 0.00881861 0.00893941 0.0103088 0.0082844 0.008469 0.008798 0.00883878 0.00903236 0.00850239 0.00976482 0.00910667 0.00850067 0.00854543 0.00841145 0.0083735 0.00847439 0.0085592 0.008176 0.00879365 0.00802208 0.0080355 
0.0205661 0.0137819 0.0061042 0.0060053 0.0102363 0.965066 0 0.00378888 0.00360931 0.00361167 0.00372898 0.0054368 0.0146448 0.0617374 0.0191653 0.0153834 0.0249717 0.0292712 0.0174429 0.018398 0.0125172 0.0119157 0.0135464 0.02349 0.0102404 0.0131266 0.0107609 0.00990141 0.0117619 0.0107503 0.0111383 0.0106957 0.00934826 0.00937939 0.010222 0.0086672 0.00848782 0.00856357 0.00901359 0.00905652 0.00939744 0.0130427 0.00872465 0.0082573 0.00860067 0.00989698 0.00939123 0.00935033 0.00942583 0.0119814 0.00921614 0.0084641 0.00891277 0.00895501 0.00895609 0.00980453 0.00858659 0.00895702 0.00843922 0.00819059 0.00926796 
0.0129543 0.00943759 0.0112083 0.0190592 0.87986 0.0359029 0.00378888 0 0.00362922 0.00357286 0.00413222 0.00369505 0.0119284 0.0393142 0.078163 0.0353617 0.0141506 0.0216966 0.0518184 0.0411938 0.0304185 0.0301185 0.0555714 0.0126881 0.00930531 0.00893766 0.0117387 0.0198241 0.0269082 0.0351654 0.029461 0.0221811 0.0169392 0.0110936 0.00861242 0.00839049 0.00978165 0.0114435 0.0146091 0.0148413 0.0117623 0.00956761 0.00848154 0.00912679 0.00949467 0.00936081 0.0109181 0.0131969 0.0120909 0.00939171 0.0086376 0.00943076 0.0094897 0.0103804 0.0102124 0.00885583 0.00832661 0.00827516 0.00827981 0.0085644 0.00823351 
0.0109329 0.00937925 0.0131812 0.862812 0.0368912 0.00694768 0.00360931 0.00362922 0 0.00355973 0.00357248 0.00359739 0.00752352 0.0343434 0.0489069 0.0386124 0.0167187 0.0171915 0.0288669 0.0659381 0.0800444 0.0786275 0.026188 0.0149889 0.00911564 0.00916192 0.0118102 0.0191173 0.0651149 0.0806672 0.0663977 0.0462559 0.0342115 0.0108427 0.00872586 0.00860973 0.0100165 0.0165547 0.0285697 0.0224756 0.0125006 0.00985204 0.0096028 0.00989095 0.0101865 0.0115348 0.0133575 0.013682 0.0160396 0.00959734 0.00934279 0.00961625 0.0115496 0.0133069 0.0116156 0.00937851 0.0082962 0.00827659 0.00848934 0.00845786 0.00846747 
0.0100015 0.022829 0.815147 0.0597808 0.0229015 0.00523427 0.00361167 0.00357286 0.00355973 0 0.00354376 0.0035512 0.00871654 0.0272309 0.0729261 0.0516168 0.0151259 0.0123489 0.0222989 0.064306 0.0749646 0.0591664 0.0288325 0.0140995 0.00881918 0.0091349 0.0109322 0.0167599 0.0553175 0.0565137 0.0490895 0.0407141 0.0271638 0.0107469 0.00867198 0.00853451 0.00954092 0.0153561 0.0234743 0.0210502 0.0131316 0.00972361 0.00890095 0.00957771 0.00997996 0.0105809 0.0118954 0.0122717 0.0143154 0.00946596 0.00906416 0.00920091 0.0115576 0.0112667 0.0106709 0.00896332 0.00816877 0.00814039 0.00832125 0.00833293 0.00831595 
0.0115671 0.751179 0.0980053 0.0128754 0.0137777 0.00762634 0.00372898 0.00413222 0.00357248 0.00354376 0 0.00354198 0.0156233 0.0183377 0.0927666 0.0562078 0.0176973 0.0114808 0.0251931 0.0258802 0.0216218 0.0267174 0.0446746 0.0230467 0.00895789 0.00993125 0.00974637 0.0148747 0.0186463 0.0179551 0.0200055 0.0155151 0.0126653 0.0109036 0.00843368 0.00833171 0.00914455 0.00944911 0.0117943 0.0106792 0.0127261 0.00921318 0.0085364 0.00914912 0.00923991 0.00903497 0.00934874 0.00993237 0.01172 0.00910743 0.00859447 0.00880547 0.00907924 0.00919979 0.00941212 0.00847419 0.00813591 0.00807972 0.00825627 0.00816068 0.00805096 
0.0555306 0.163456 0.0105043 0.00828357 0.00899769 0.00925931 0.0054368 0.00369505 0.00359739 0.0035512 0.00354198 0 0.0226951 0.0588821 0.0179994 0.0276613 0.0306039 0.022792 0.014785 0.0121903 0.0133805 0.013034 0.0168282 0.0378895 0.0118796 0.0121479 0.0158431 0.0100733 0.00996445 0.0103243 0.0101183 0.00967446 0.00922291 0.00941501 0.00893868 0.00982501 0.0089319 0.00874786 0.00868261 0.00908696 0.00923578 0.00934839 0.0108297 0.0084491 0.0086384 0.00925914 0.00968243 0.00896563 0.00872729 0.00998262 0.00988481 0.0083458 0.00841571 0.00838107 0.00829698 0.00848406 0.00854105 0.00819625 0.00889377 0.00808253 0.00806473 
0.0554947 0.0179327 0.010383 0.00961753 0.011772 0.0184755 0.0146448 0.0119284 0.00752352 0.00871654 0.0156233 0.0226951 0 0.0300317 0.0123718 0.00777998 0.0165574 0.0101067 0.00920148 0.00860187 0.0104557 0.010239 0.0133647 0.0180723 0.0208738 0.0206604 0.01031 0.00882759 0.00884242 0.00876152 0.00880711 0.00860913 0.00845461 0.00857898 0.00963438 0.00907461 0.00821853 0.00820391 0.00828102 0.0083633 0.00864214 0.0106817 0.00955155 0.0080339 0.00814953 0.00892786 0.0086051 0.00838897 0.008407 0.0108552 0.00945811 0.00819799 0.0081532 0.00834771 0.00838536 0.00928245 0.00902267 0.00914544 0.00862198 0.00799988 0.00892139 
0.0166698 0.0482584 0.0237832 0.0202009 0.0181579 0.0318341 0.0617374 0.0393142 0.0343434 0.0272309 0.0183377 0.0588821 0.0300317 0 0.00365889 0.00359248 0.00410623 0.00430126 0.00485559 0.191175 0.0519873 0.01424 0.00836795 0.0200339 0.0182297 0.012592 0.0136949 0.0147619 0.0140493 0.0144406 0.0137907 0.0123669 0.0110481 0.00957163 0.0104962 0.00961515 0.0096573 0.00979482 0.0101964 0.011012 0.00997411 0.0139114 0.00949127 0.00879099 0.00918624 0.0114035 0.0104682 0.012341 0.0100707 0.0127528 0.00988086 0.00900442 0.00909575 0.00956752 0.00914097 0.00997004 0.00843447 0.0086569 0.00836793 0.0082267 0.00863114 
0.0098888 0.0205468 0.0500218 0.0461807 0.0350285 0.0139376 0.0191653 0.078163 0.0489069 0.0729261 0.0927666 0.0179994 0.0123718 0.00365889 0 0.00354324 0.00357661 0.00594738 0.23705 0.0627012 0.0355923 0.0106801 0.0206753 0.00786888 0.0114004 0.00936784 0.0113417 0.0249106 0.0320157 0.0401313 0.0247592 0.0300221 0.018133 0.0119188 0.00884708 0.00877259 0.00977559 0.015259 0.0165128 0.0163529 0.0155811 0.0096213 0.00893543 0.0101056 0.0118448 0.00931066 0.0104098 0.016258 0.0169587 0.00959674 0.00883655 0.00965553 0.0105098 0.0105627 0.0102673 0.00876521 0.00827054 0.0081608 0.00824755 0.00843738 0.0081719 
0.0102753 0.015607 0.0330965 0.0258332 0.0727156 0.0136261 0.0153834 0.0353617 0.0386124 0.0516168 0.0562078 0.0276613 0.00777998 0.00359248 0.00354324 0 0.00360259 0.00768431 0.0467109 0.0147783 0.0100526 0.0185393 0.00757187 0.00712433 0.00995632 0.0101216 0.0134826 0.0135402 0.0333636 0.0184482 0.0302056 0.0167844 0.0181501 0.0138073 0.00909912 0.00861492 0.0115803 0.0101047 0.0172493 0.0152161 0.0150995 0.0105271 0.00919782 0.0110854 0.0107085 0.0105411 0.0107675 0.0124775 0.0174382 0.00976536 0.00869484 0.00884402 0.0103956 0.0103329 0.0101806 0.00870523 0.00815465 0.00811494 0.00819643 0.00826256 0.00804653 
0.014956 0.028498 0.0101482 0.0150071 0.0127897 0.0355711 0.0249717 0.0141506 0.0167187 0.0151259 0.0176973 0.0306039 0.0165574 0.00410623 0.00357661 0.00360259 0 0.624347 0.00790066 0.00483546 0.00495827 0.00431915 0.00468415 0.00687827 0.0120152 0.0148789 0.0147327 0.0118107 0.010177 0.0121164 0.0104452 0.0111129 0.00996784 0.0102742 0.00914917 0.0112891 0.00881908 0.00978586 0.00909123 0.00975644 0.00945898 0.00974854 0.0131519 0.00840904 0.00866854 0.00989548 0.0099645 0.00934597 0.0088963 0.0102039 0.00973726 0.00870737 0.00844086 0.00845924 0.00846054 0.00863012 0.00854536 0.00817776 0.00873247 0.00801203 0.00803157 
0.0114577 0.0218746 0.0228449 0.0103496 0.0163873 0.0181933 0.0292712 0.0216966 0.0171915 0.0123489 0.0114808 0.022792 0.0101067 0.00430126 0.00594738 0.00768431 0.624347 0 0.00359377 0.00358686 0.00359685 0.00363773 0.0036434 0.00434345 0.0388694 0.0120353 0.0186418 0.0105562 0.0178836 0.0108495 0.0151933 0.0125323 0.0236049 0.0105273 0.0120103 0.00881129 0.00999897 0.00887191 0.0098905 0.00978853 0.00980914 0.0172732 0.00872408 0.00881504 0.00876613 0.0133291 0.0111588 0.00981078 0.0103196 0.0121774 0.0101601 0.00832723 0.00928516 0.00896087 0.00870986 0.00938872 0.00824207 0.00852244 0.00849044 0.00801668 0.00834006 
0.0093564 0.0234253 0.0210755 0.0394271 0.0157168 0.0184945 0.0174429 0.0518184 0.0288669 0.0222989 0.0251931 0.014785 0.00920148 0.00485559 0.23705 0.0467109 0.00790066 0.00359377 0 0.00356854 0.00357261 0.00358439 0.00359105 0.00382246 0.0143417 0.0102653 0.0109898 0.0369696 0.0186874 0.0378666 0.0218333 0.0739917 0.018338 0.0125856 0.00864158 0.00899159 0.00954523 0.0146991 0.0127422 0.0159614 0.0170167 0.00976333 0.00911023 0.00930035 0.011657 0.00988178 0.0103985 0.0167252 0.0133565 0.00987185 0.00862321 0.00988027 0.00928938 0.0110827 0.0104339 0.00923057 0.00824271 0.00821013 0.00823175 0.00841658 0.00827373 
0.00877051 0.0155278 0.0393555 0.0450572 0.0362031 0.0108671 0.018398 0.0411938 0.0659381 0.064306 0.0258802 0.0121903 0.00860187 0.191175 0.0627012 0.0147783 0.00483546 0.00358686 0.00356854 0 0.00354198 0.00356604 0.00357383 0.00357275 0.0178047 0.00998858 0.0142156 0.0189856 0.0940556 0.0471431 0.148971 0.042162 0.0359854 0.0124668 0.00904288 0.0085814 0.0116705 0.0166448 0.0322146 0.0342329 0.0133412 0.0107092 0.00877116 0.0111027 0.0109079 0.011789 0.0133676 0.0158633 0.0182058 0.0100224 0.00891547 0.00987411 0.0125942 0.0140403 0.0122813 0.00935437 0.00812508 0.00811741 0.00841693 0.00839372 0.00825763 
0.0088159 0.0133259 0.0250225 0.0663613 0.0200615 0.0120788 0.0125172 0.0304185 0.0800444 0.0749646 0.0216218 0.0133805 0.0104557 0.0519873 0.0355923 0.0100526 0.00495827 0.00359685 0.00357261 0.00354198 0 0.00362037 0.00357296 0.0036278 0.0138545 0.00970212 0.0110203 0.0313961 0.0399727 0.185328 0.0486421 0.0535215 0.0268638 0.0121252 0.00890416 0.00852744 0.00985947 0.0214737 0.0297512 0.0304386 0.0140171 0.00992777 0.00914186 0.0102441 0.0111313 0.0124302 0.0125439 0.0160728 0.015426 0.0104887 0.00875293 0.00986577 0.0116794 0.0148602 0.0109819 0.00899104 0.00817667 0.00812564 0.00829833 0.00830647 0.00810788 
0.00869594 0.0125863 0.0352276 0.040841 0.0318342 0.010487 0.0119157 0.0301185 0.0786275 0.0591664 0.0267174 0.013034 0.010239 0.01424 0.0106801 0.0185393 0.00431915 0.00363773 0.00358439 0.00356604 0.00362037 0 0.00355974 0.00354434 0.0130994 0.00922217 0.0163994 0.0172453 0.157182 0.0431441 0.0757733 0.0371333 0.033797 0.0114029 0.00891352 0.00833938 0.0106235 0.0161808 0.0334251 0.0247457 0.0142818 0.0109499 0.00877387 0.0119616 0.0116445 0.0120647 0.0123882 0.0135829 0.0189314 0.00997419 0.00876387 0.00945462 0.0126231 0.0131154 0.0103364 0.00890849 0.00816176 0.00808998 0.00822171 0.00828966 0.0081879 
0.00926838 0.0183937 0.0207095 0.025178 0.0399804 0.0145841 0.0135464 0.0555714 0.026188 0.0288325 0.0446746 0.0168282 0.0133647 0.00836795 0.0206753 0.00757187 0.00468415 0.0036434 0.00359105 0.00357383 0.00357296 0.00355974 0 0.00369339 0.0112351 0.0127624 0.0107768 0.0656808 0.0216229 0.0377113 0.0316132 0.0347357 0.0207098 0.0207541 0.00902466 0.00884593 0.0101681 0.0114857 0.0139998 0.0150286 0.0222703 0.0106422 0.00922389 0.00997411 0.0121616 0.00991836 0.0102303 0.0142019 0.0195121 0.0108434 0.00884682 0.00910439 0.0102437 0.0100187 0.0103633 0.00867089 0.00816317 0.00810138 0.00818492 0.00836359 0.00801526 
0.0121971 0.0217307 0.0129504 0.0132788 0.0228352 0.0270496 0.02349 0.0126881 0.0149889 0.0140995 0.0230467 0.0378895 0.0180723 0.0200339 0.00786888 0.00712433 0.00687827 0.00434345 0.00382246 0.00357275 0.0036278 0.00354434 0.00369339 0 0.0170378 0.0190861 0.0342769 0.00999001 0.0156498 0.015046 0.0167117 0.0169977 0.0126174 0.0123229 0.0119987 0.0100434 0.00927889 0.00998822 0.0103872 0.0109594 0.0111144 0.0157743 0.0101508 0.00908249 0.00970972 0.0113109 0.0117016 0.00983345 0.0111441 0.0169418 0.0126059 0.00888295 0.00879868 0.0090245 0.00911586 0.00889806 0.00831214 0.00808391 0.00866482 0.00798879 0.00803624 
0.0116058 0.010002 0.00883883 0.00860949 0.00915773 0.010695 0.0102404 0.00930531 0.00911564 0.00881918 0.00895789 0.0118796 0.0208738 0.0182297 0.0114004 0.00995632 0.0120152 0.0388694 0.0143417 0.0178047 0.0138545 0.0130994 0.0112351 0.0170378 0 0.0366618 0.0117194 0.0110242 0.00886294 0.00698711 0.00718796 0.00684698 0.00668403 0.00714451 0.010359 0.0084332 0.00964053 0.00842238 0.00951725 0.00935196 0.0106752 0.0167552 0.013294 0.00962301 0.00930748 0.0134793 0.0120262 0.0113741 0.0103131 0.0162299 0.0117076 0.0086578 0.00884935 0.00853596 0.00894031 0.0108281 0.00895189 0.00933912 0.00871539 0.00812716 0.00904052 
0.0128963 0.0111964 0.00862153 0.00908475 0.00912309 0.0135365 0.0131266 0.00893766 0.00916192 0.0091349 0.00993125 0.0121479 0.0206604 0.012592 0.00936784 0.0101216 0.0148789 0.0120353 0.0102653 0.00998858 0.00970212 0.00922217 0.0127624 0.0190861 0.0366618 0 0.0376858 0.00932847 0.00583353 0.00561366 0.00644207 0.00630687 0.00664322 0.00776987 0.00882562 0.00912806 0.00850075 0.00833501 0.00819338 0.00898543 0.0116436 0.0177023 0.0148283 0.00873117 0.010187 0.0141813 0.0122316 0.0102402 0.0102297 0.0203067 0.0131771 0.00855705 0.0086691 0.00911997 0.00929974 0.0144319 0.0105682 0.00980937 0.0105556 0.00825732 0.00898439 
0.00918288 0.00973184 0.0103344 0.00927514 0.0133054 0.012784 0.0107609 0.0117387 0.0118102 0.0109322 0.00974637 0.0158431 0.01031 0.0136949 0.0113417 0.0134826 0.0147327 0.0186418 0.0109898 0.0142156 0.0110203 0.0163994 0.0107768 0.0342769 0.0117194 0.0376858 0 0.00362049 0.00358833 0.00357525 0.00383306 0.00397077 0.00428465 0.00408695 0.00716533 0.0069558 0.00822968 0.00740545 0.00865252 0.00915869 0.0108708 0.0581467 0.0165092 0.0168473 0.0106521 0.018978 0.0153051 0.0133594 0.0131766 0.0253534 0.0148224 0.00923184 0.0128869 0.0108394 0.0121198 0.0179279 0.00898286 0.0104433 0.00916131 0.00858559 0.00998779 
0.00851745 0.00994358 0.0111363 0.0242591 0.0109852 0.0100454 0.00990141 0.0198241 0.0191173 0.0167599 0.0148747 0.0100733 0.00882759 0.0147619 0.0249106 0.0135402 0.0118107 0.0105562 0.0369696 0.0189856 0.0313961 0.0172453 0.0656808 0.00999001 0.0110242 0.00932847 0.00362049 0 0.00356568 0.00359048 0.00384611 0.00360536 0.00492469 0.00468754 0.0042166 0.00618513 0.00729924 0.00939781 0.00913353 0.0105747 0.0308838 0.0285829 0.0376594 0.0105593 0.018695 0.0108275 0.0114601 0.0318882 0.0201405 0.0129317 0.00972215 0.0292264 0.0132229 0.0293484 0.0185692 0.0110662 0.00873243 0.00893054 0.00863824 0.00956595 0.00869859 
0.0084382 0.0105622 0.0268055 0.0295925 0.0221722 0.00950142 0.0117619 0.0269082 0.0651149 0.0553175 0.0186463 0.00996445 0.00884242 0.0140493 0.0320157 0.0333636 0.010177 0.0178836 0.0186874 0.0940556 0.0399727 0.157182 0.0216229 0.0156498 0.00886294 0.00583353 0.00358833 0.00356568 0 0.00355503 0.00358622 0.00356587 0.00355661 0.00369859 0.00367901 0.00560394 0.00915607 0.00764381 0.0130441 0.0200005 0.024328 0.829975 0.00978716 0.0177198 0.0118278 0.0140152 0.0169538 0.0225503 0.0264175 0.0125832 0.0156908 0.0147586 0.0866691 0.0488091 0.0322904 0.0123275 0.00903912 0.00874255 0.00986697 0.00922177 0.00888303 
0.00847418 0.0107904 0.0207938 0.0508409 0.0150193 0.00988728 0.0107503 0.0351654 0.0806672 0.0565137 0.0179551 0.0103243 0.00876152 0.0144406 0.0401313 0.0184482 0.0121164 0.0108495 0.0378666 0.0471431 0.185328 0.0431441 0.0377113 0.015046 0.00698711 0.00561366 0.00357525 0.00359048 0.00355503 0 0.00354101 0.00354713 0.00354709 0.00367373 0.00361133 0.00539227 0.00690538 0.012529 0.01009 0.0316411 0.921668 0.0121156 0.0126225 0.0105365 0.0142814 0.0120416 0.0126953 0.0324023 0.0250356 0.015024 0.0107582 0.0419211 0.0449537 0.104053 0.0338704 0.0137996 0.00865399 0.00884595 0.0091048 0.0102418 0.00880747 
0.00854598 0.0102246 0.0213465 0.0332849 0.0190702 0.00945047 0.0111383 0.029461 0.0663977 0.0490895 0.0200055 0.0101183 0.00880711 0.0137907 0.0247592 0.0302056 0.0104452 0.0151933 0.0218333 0.148971 0.0486421 0.0757733 0.0316132 0.0167117 0.00718796 0.00644207 0.00383306 0.00384611 0.00358622 0.00354101 0 0.00353773 0.00355947 0.00357499 0.00355223 0.004815 0.00732567 0.0102024 0.0168611 0.939792 0.0160449 0.00989306 0.0095208 0.0132453 0.0119684 0.0150831 0.0151466 0.0237455 0.0300338 0.0156609 0.0120986 0.0223879 0.0605944 0.0587866 0.0442192 0.0145976 0.00870185 0.0085363 0.00903772 0.00900139 0.00866838 
0.0083424 0.00978336 0.0168825 0.0311154 0.0147903 0.00914991 0.0106957 0.0221811 0.0462559 0.0407141 0.0155151 0.00967446 0.00860913 0.0123669 0.0300221 0.0167844 0.0111129 0.0125323 0.0739917 0.042162 0.0535215 0.0371333 0.0347357 0.0169977 0.00684698 0.00630687 0.00397077 0.00360536 0.00356587 0.00354713 0.00353773 0 0.0035353 0.00354993 0.00354296 0.00415815 0.00988093 0.0111958 0.913162 0.0177407 0.0113149 0.00824079 0.00921995 0.00971822 0.0135514 0.0154198 0.0119856 0.0204326 0.0226558 0.0146922 0.0109637 0.0224162 0.0385267 0.0600205 0.0301956 0.0123387 0.00858904 0.00844811 0.00890402 0.00913304 0.00843375 
0.00822926 0.00898332 0.0134338 0.0226712 0.0131963 0.00891296 0.00934826 0.0169392 0.0342115 0.0271638 0.0126653 0.00922291 0.00845461 0.0110481 0.018133 0.0181501 0.00996784 0.0236049 0.018338 0.0359854 0.0268638 0.033797 0.0207098 0.0126174 0.00668403 0.00664322 0.00428465 0.00492469 0.00355661 0.00354709 0.00355947 0.0035353 0 0.00359856 0.00354735 0.00905568 0.0102761 0.95136 0.0214005 0.0191973 0.00895003 0.00754996 0.0088713 0.0126388 0.0248473 0.0111343 0.00998835 0.0198791 0.0249587 0.013001 0.00976432 0.0159459 0.0293413 0.0405964 0.0245082 0.0106241 0.00848551 0.00853346 0.00864959 0.00898772 0.00857462 
0.00826 0.00863275 0.0104252 0.00977745 0.0119828 0.0088 0.00937939 0.0110936 0.0108427 0.0107469 0.0109036 0.00941501 0.00857898 0.00957163 0.0119188 0.0138073 0.0102742 0.0105273 0.0125856 0.0124668 0.0121252 0.0114029 0.0207541 0.0123229 0.00714451 0.00776987 0.00408695 0.00468754 0.00369859 0.00367373 0.00357499 0.00354993 0.00359856 0 0.00364819 0.0142266 0.984249 0.00703695 0.0129181 0.00978943 0.00934019 0.00692149 0.0110821 0.011636 0.0108849 0.00868299 0.0101823 0.0123593 0.0285203 0.0182899 0.00967561 0.0107743 0.0119405 0.0121755 0.0218219 0.0114081 0.00873202 0.0086161 0.00867572 0.00924411 0.00845054 
0.00892498 0.00880895 0.00848659 0.00838698 0.00848341 0.0088324 0.010222 0.00861242 0.00872586 0.00867198 0.00843368 0.00893868 0.00963438 0.0104962 0.00884708 0.00909912 0.00914917 0.0120103 0.00864158 0.00904288 0.00890416 0.00891352 0.00902466 0.0119987 0.010359 0.00882562 0.00716533 0.0042166 0.00367901 0.00361133 0.00355223 0.00354296 0.00354735 0.00364819 0 0.995516 0.0139607 0.00723932 0.00404225 0.0042909 0.00633394 0.00626873 0.0144498 0.00745913 0.00763825 0.00915811 0.0109544 0.0094441 0.0105347 0.0199196 0.0131782 0.00862484 0.00912011 0.00894207 0.00917988 0.0106427 0.00942972 0.00855556 0.0100485 0.00807515 0.00830032 
0.00882067 0.00879259 0.00812411 0.00845385 0.00821008 0.00981346 0.0086672 0.00839049 0.00860973 0.00853451 0.00833171 0.00982501 0.00907461 0.00961515 0.00877259 0.00861492 0.0112891 0.00881129 0.00899159 0.0085814 0.00852744 0.00833938 0.00884593 0.0100434 0.0084332 0.00912806 0.0069558 0.00618513 0.00560394 0.00539227 0.004815 0.00415815 0.00905568 0.0142266 0.995516 0 0.00369398 0.00354251 0.00354556 0.00352564 0.0039282 0.00444333 0.00745038 0.0055815 0.00796953 0.00976988 0.00717935 0.0115274 0.0421731 0.0255743 0.0094693 0.0101083 0.00859156 0.00924372 0.00881498 0.0125675 0.00879847 0.00942934 0.00830856 0.00831329 0.0103484 
0.00809222 0.00830319 0.00952199 0.00867642 0.00944534 0.00860515 0.00848782 0.00978165 0.0100165 0.00954092 0.00914455 0.0089319 0.00821853 0.0096573 0.00977559 0.0115803 0.00881908 0.00999897 0.00954523 0.0116705 0.00985947 0.0106235 0.0101681 0.00927889 0.00964053 0.00850075 0.00822968 0.00729924 0.00915607 0.00690538 0.00732567 0.00988093 0.0102761 0.984249 0.0139607 0.00369398 0 0.00354713 0.00352805 0.00354942 0.00387304 0.00541009 0.00583571 0.00694949 0.00668072 0.00822471 0.010084 0.0256135 0.0394813 0.011838 0.0135201 0.00907665 0.0153466 0.0107439 0.0133782 0.0100014 0.00862712 0.00858036 0.00870302 0.0087911 0.00883195 
0.00811724 0.00875663 0.00913538 0.0169693 0.00906027 0.00915587 0.00856357 0.0114435 0.0165547 0.0153561 0.00944911 0.00874786 0.00820391 0.00979482 0.015259 0.0101047 0.00978586 0.00887191 0.0146991 0.0166448 0.0214737 0.0161808 0.0114857 0.00998822 0.00842238 0.00833501 0.00740545 0.00939781 0.00764381 0.012529 0.0102024 0.0111958 0.95136 0.00703695 0.00723932 0.00354251 0.00354713 0 0.00353433 0.00353381 0.00359139 0.00356482 0.0077205 0.0058112 0.00992978 0.011975 0.030834 0.0228772 0.0109402 0.0148315 0.00929867 0.0252081 0.0121575 0.0462383 0.0153373 0.0103346 0.00838904 0.00849601 0.00846287 0.0086269 0.00851621 
0.00814337 0.00880192 0.013015 0.0147416 0.0143711 0.00858494 0.00901359 0.0146091 0.0285697 0.0234743 0.0117943 0.00868261 0.00828102 0.0101964 0.0165128 0.0172493 0.00909123 0.0098905 0.0127422 0.0322146 0.0297512 0.0334251 0.0139998 0.0103872 0.00951725 0.00819338 0.00865252 0.00913353 0.0130441 0.01009 0.0168611 0.913162 0.0214005 0.0129181 0.00404225 0.00354556 0.00352805 0.00353433 0 0.00354191 0.0035651 0.00354857 0.00640026 0.00648893 0.0102546 0.384999 0.0158471 0.00803437 0.0140599 0.0138482 0.0126118 0.0120644 0.0575285 0.0306979 0.0295724 0.0103527 0.00866506 0.00846651 0.00877323 0.00887541 0.00863563 
0.0082253 0.00937042 0.0110945 0.020057 0.0107851 0.00922628 0.00905652 0.0148413 0.0224756 0.0210502 0.0106792 0.00908696 0.0083633 0.011012 0.0163529 0.0152161 0.00975644 0.00978853 0.0159614 0.0342329 0.0304386 0.0247457 0.0150286 0.0109594 0.00935196 0.00898543 0.00915869 0.0105747 0.0200005 0.0316411 0.939792 0.0177407 0.0191973 0.00978943 0.0042909 0.00352564 0.00354942 0.00353381 0.00354191 0 0.00353801 0.00355092 0.00832962 0.00721589 0.858771 0.0161596 0.00772988 0.0130674 0.0129043 0.0124985 0.0102723 0.0237884 0.0283495 0.0592039 0.0221562 0.0135241 0.00860624 0.00870119 0.00898563 0.00905886 0.00903259 
0.00831512 0.00895693 0.010806 0.0111812 0.0129195 0.00881861 0.00939744 0.0117623 0.0125006 0.0131316 0.0127261 0.00923578 0.00864214 0.00997411 0.0155811 0.0150995 0.00945898 0.00980914 0.0170167 0.0133412 0.0140171 0.0142818 0.0222703 0.0111144 0.0106752 0.0116436 0.0108708 0.0308838 0.024328 0.921668 0.0160449 0.0113149 0.00895003 0.00934019 0.00633394 0.0039282 0.00387304 0.00359139 0.0035651 0.00353801 0 0.00366051 0.0128784 0.939024 0.0278557 0.00723414 0.00711795 0.0119186 0.0223162 0.0116435 0.0110232 0.0210785 0.0163713 0.0183878 0.0528781 0.012157 0.0092851 0.00874918 0.00912698 0.0115069 0.00848445 
0.00974546 0.0104707 0.00914559 0.00927895 0.00937576 0.00893941 0.0130427 0.00956761 0.00985204 0.00972361 0.00921318 0.00934839 0.0106817 0.0139114 0.0096213 0.0105271 0.00974854 0.0172732 0.00976333 0.0107092 0.00992777 0.0109499 0.0106422 0.0157743 0.0167552 0.0177023 0.0581467 0.0285829 0.829975 0.0121156 0.00989306 0.00824079 0.00754996 0.00692149 0.00626873 0.00444333 0.00541009 0.00356482 0.00354857 0.00355092 0.00366051 0 0.946755 0.00977554 0.00477192 0.00636906 0.00961903 0.0100509 0.00821675 0.01452 0.027483 0.0100478 0.0130636 0.0112691 0.0128006 0.0227534 0.0111787 0.0093642 0.0174585 0.00851355 0.00881194 
0.00921993 0.00872083 0.00828664 0.00864136 0.00858957 0.0103088 0.00872465 0.00848154 0.0096028 0.00890095 0.0085364 0.0108297 0.00955155 0.00949127 0.00893543 0.00919782 0.0131519 0.00872408 0.00911023 0.00877116 0.00914186 0.00877387 0.00922389 0.0101508 0.013294 0.0148283 0.0165092 0.0376594 0.00978716 0.0126225 0.0095208 0.00921995 0.0088713 0.0110821 0.0144498 0.00745038 0.00583571 0.0077205 0.00640026 0.00832962 0.0128784 0.946755 0 0.00363283 0.00360051 0.0036903 0.00371899 0.00447573 0.00493175 0.0233743 0.0156193 0.012449 0.00970195 0.0117029 0.0109663 0.0178628 0.00933748 0.0110778 0.00869702 0.00880662 0.011045 
0.00798052 0.00818844 0.00892572 0.00933621 0.0089048 0.0082844 0.0082573 0.00912679 0.00989095 0.00957771 0.00914912 0.0084491 0.0080339 0.00879099 0.0101056 0.0110854 0.00840904 0.00881504 0.00930035 0.0111027 0.0102441 0.0119616 0.00997411 0.00908249 0.00962301 0.00873117 0.0168473 0.0105593 0.0177198 0.0105365 0.0132453 0.00971822 0.0126388 0.011636 0.00745913 0.0055815 0.00694949 0.0058112 0.00648893 0.00721589 0.939024 0.00977554 0.00363283 0 0.00376988 0.00352295 0.00355126 0.00412469 0.00892327 0.00610963 0.0174272 0.0111846 0.0194741 0.0150503 0.015893 0.00939476 0.00875033 0.00854386 0.00881879 0.00930411 0.00847671 
0.0080767 0.00847374 0.00870086 0.00998023 0.00943964 0.008469 0.00860067 0.00949467 0.0101865 0.00997996 0.00923991 0.0086384 0.00814953 0.00918624 0.0118448 0.0107085 0.00866854 0.00876613 0.011657 0.0109079 0.0111313 0.0116445 0.0121616 0.00970972 0.00930748 0.010187 0.0106521 0.018695 0.0118278 0.0142814 0.0119684 0.0135514 0.0248473 0.0108849 0.00763825 0.00796953 0.00668072 0.00992978 0.0102546 0.858771 0.0278557 0.00477192 0.00360051 0.00376988 0 0.00352741 0.00357357 0.00677551 0.00401703 0.00392317 0.0104924 0.024436 0.0133073 0.018399 0.0250678 0.0109298 0.00904461 0.00857758 0.00885083 0.00969744 0.0083108 
0.00843803 0.00907743 0.00883189 0.0102419 0.00909612 0.008798 0.00989698 0.00936081 0.0115348 0.0105809 0.00903497 0.00925914 0.00892786 0.0114035 0.00931066 0.0105411 0.00989548 0.0133291 0.00988178 0.011789 0.0124302 0.0120647 0.00991836 0.0113109 0.0134793 0.0141813 0.018978 0.0108275 0.0140152 0.0120416 0.0150831 0.0154198 0.0111343 0.00868299 0.00915811 0.00976988 0.00822471 0.011975 0.384999 0.0161596 0.00723414 0.00636906 0.0036903 0.00352295 0.00352741 0 0.0121685 0.00358201 0.00361238 0.00367314 0.0223202 0.0117455 0.0182368 0.0163562 0.0141297 0.0166559 0.00969367 0.00955816 0.0128006 0.00860242 0.009258 
0.00849711 0.00892766 0.00952124 0.0102841 0.00971369 0.00883878 0.00939123 0.0109181 0.0133575 0.0118954 0.00934874 0.00968243 0.0086051 0.0104682 0.0104098 0.0107675 0.0099645 0.0111588 0.0103985 0.0133676 0.0125439 0.0123882 0.0102303 0.0117016 0.0120262 0.0122316 0.0153051 0.0114601 0.0169538 0.0126953 0.0151466 0.0119856 0.00998835 0.0101823 0.0109544 0.00717935 0.010084 0.030834 0.0158471 0.00772988 0.00711795 0.00961903 0.00371899 0.00355126 0.00357357 0.0121685 0 0.00354196 0.00359838 0.00359388 0.0755726 0.0141834 0.0334919 0.0170086 0.0142469 0.0180546 0.00918579 0.00979975 0.0101232 0.00870898 0.0102575 
0.00828911 0.00938171 0.010307 0.0136696 0.00973291 0.00903236 0.00935033 0.0131969 0.013682 0.0122717 0.00993237 0.00896563 0.00838897 0.012341 0.016258 0.0124775 0.00934597 0.00981078 0.0167252 0.0158633 0.0160728 0.0135829 0.0142019 0.00983345 0.0113741 0.0102402 0.0133594 0.0318882 0.0225503 0.0324023 0.0237455 0.0204326 0.0198791 0.0123593 0.0094441 0.0115274 0.0256135 0.0228772 0.00803437 0.0130674 0.0119186 0.0100509 0.00447573 0.00412469 0.00677551 0.00358201 0.00354196 0 0.00368171 0.00357972 0.0395058 0.115635 0.0277613 0.0917163 0.0311265 0.0142396 0.00990406 0.00961989 0.0102501 0.0128454 0.0101876 
0.00823971 0.00920794 0.0116159 0.0121648 0.0113827 0.00850239 0.00942583 0.0120909 0.0160396 0.0143154 0.01172 0.00872729 0.008407 0.0100707 0.0169587 0.0174382 0.0088963 0.0103196 0.0133565 0.0182058 0.015426 0.0189314 0.0195121 0.0111441 0.0103131 0.0102297 0.0131766 0.0201405 0.0264175 0.0250356 0.0300338 0.0226558 0.0249587 0.0285203 0.0105347 0.0421731 0.0394813 0.0109402 0.0140599 0.0129043 0.0223162 0.00821675 0.00493175 0.00892327 0.00401703 0.00361238 0.00359838 0.00368171 0 0.00356999 0.0201543 0.0386516 0.0643748 0.0593121 0.264006 0.0204912 0.0100455 0.00907503 0.0107176 0.0126979 0.00869043 
0.00987458 0.00991119 0.00885732 0.00912779 0.00883496 0.00976482 0.0119814 0.00939171 0.00959734 0.00946596 0.00910743 0.00998262 0.0108552 0.0127528 0.00959674 0.00976536 0.0102039 0.0121774 0.00987185 0.0100224 0.0104887 0.00997419 0.0108434 0.0169418 0.0162299 0.0203067 0.0253534 0.0129317 0.0125832 0.015024 0.0156609 0.0146922 0.013001 0.0182899 0.0199196 0.0255743 0.011838 0.0148315 0.0138482 0.0124985 0.0116435 0.01452 0.0233743 0.00610963 0.00392317 0.00367314 0.00359388 0.00357972 0.00356999 0 0.022884 0.0216604 0.0272976 0.0327885 0.0714861 0.226863 0.0153873 0.0123227 0.0187235 0.00914071 0.0105 
0.00894585 0.00867235 0.00841044 0.00866197 0.00861276 0.00910667 0.00921614 0.0086376 0.00934279 0.00906416 0.00859447 0.00988481 0.00945811 0.00988086 0.00883655 0.00869484 0.00973726 0.0101601 0.00862321 0.00891547 0.00875293 0.00876387 0.00884682 0.0126059 0.0117076 0.0131771 0.0148224 0.00972215 0.0156908 0.0107582 0.0120986 0.0109637 0.00976432 0.00967561 0.0131782 0.0094693 0.0135201 0.00929867 0.0126118 0.0102723 0.0110232 0.027483 0.0156193 0.0174272 0.0104924 0.0223202 0.0755726 0.0395058 0.0201543 0.022884 0 0.00384188 0.00365935 0.00364694 0.00373425 0.00623996 0.01673 0.0220694 0.0360144 0.0113147 0.0350534 
0.00828018 0.0084194 0.00860053 0.00980424 0.00853777 0.00850067 0.0084641 0.00943076 0.00961625 0.00920091 0.00880547 0.0083458 0.00819799 0.00900442 0.00965553 0.00884402 0.00870737 0.00832723 0.00988027 0.00987411 0.00986577 0.00945462 0.00910439 0.00888295 0.0086578 0.00855705 0.00923184 0.0292264 0.0147586 0.0419211 0.0223879 0.0224162 0.0159459 0.0107743 0.00862484 0.0101083 0.00907665 0.0252081 0.0120644 0.0237884 0.0210785 0.0100478 0.012449 0.0111846 0.024436 0.0117455 0.0141834 0.115635 0.0386516 0.0216604 0.00384188 0 0.00357964 0.00357462 0.00370479 0.00363995 0.0177396 0.0123738 0.0127674 0.0448995 0.0104507 
0.00815396 0.00859452 0.00929671 0.00960198 0.009423 0.00854543 0.00891277 0.0094897 0.0115496 0.0115576 0.00907924 0.00841571 0.0081532 0.00909575 0.0105098 0.0103956 0.00844086 0.00928516 0.00928938 0.0125942 0.0116794 0.0126231 0.0102437 0.00879868 0.00884935 0.0086691 0.0128869 0.0132229 0.0866691 0.0449537 0.0605944 0.0385267 0.0293413 0.0119405 0.00912011 0.00859156 0.0153466 0.0121575 0.0575285 0.0283495 0.0163713 0.0130636 0.00970195 0.0194741 0.0133073 0.0182368 0.0334919 0.0277613 0.0643748 0.0272976 0.00365935 0.00357964 0 0.00355799 0.00361167 0.00357716 0.00998538 0.0101076 0.0287415 0.0111163 0.0112281 
0.00816028 0.00864221 0.00920156 0.0107415 0.00903905 0.00841145 0.00895501 0.0103804 0.0133069 0.0112667 0.00919979 0.00838107 0.00834771 0.00956752 0.0105627 0.0103329 0.00845924 0.00896087 0.0110827 0.0140403 0.0148602 0.0131154 0.0100187 0.0090245 0.00853596 0.00911997 0.0108394 0.0293484 0.0488091 0.104053 0.0587866 0.0600205 0.0405964 0.0121755 0.00894207 0.00924372 0.0107439 0.0462383 0.0306979 0.0592039 0.0183878 0.0112691 0.0117029 0.0150503 0.018399 0.0163562 0.0170086 0.0917163 0.0593121 0.0327885 0.00364694 0.00357462 0.00355799 0 0.0035713 0.00356407 0.00907554 0.0139559 0.0146869 0.0181741 0.0131789 
0.00832376 0.0087571 0.00915522 0.0099354 0.00937007 0.0083735 0.00895609 0.0102124 0.0116156 0.0106709 0.00941212 0.00829698 0.00838536 0.00914097 0.0102673 0.0101806 0.00846054 0.00870986 0.0104339 0.0122813 0.0109819 0.0103364 0.0103633 0.00911586 0.00894031 0.00929974 0.0121198 0.0185692 0.0322904 0.0338704 0.0442192 0.0301956 0.0245082 0.0218219 0.00917988 0.00881498 0.0133782 0.0153373 0.0295724 0.0221562 0.0528781 0.0128006 0.0109663 0.015893 0.0250678 0.0141297 0.0142469 0.0311265 0.264006 0.0714861 0.00373425 0.00370479 0.00361167 0.0035713 0 0.00355748 0.0330881 0.0264221 0.0174946 0.164367 0.0144847 
0.00908358 0.00904467 0.00853765 0.00874534 0.00866486 0.00847439 0.00980453 0.00885583 0.00937851 0.00896332 0.00847419 0.00848406 0.00928245 0.00997004 0.00876521 0.00870523 0.00863012 0.00938872 0.00923057 0.00935437 0.00899104 0.00890849 0.00867089 0.00889806 0.0108281 0.0144319 0.0179279 0.0110662 0.0123275 0.0137996 0.0145976 0.0123387 0.0106241 0.0114081 0.0106427 0.0125675 0.0100014 0.0103346 0.0103527 0.0135241 0.012157 0.0227534 0.0178628 0.00939476 0.0109298 0.0166559 0.0180546 0.0142396 0.0204912 0.226863 0.00623996 0.00363995 0.00357716 0.00356407 0.00355748 0 0.0326434 0.0250187 0.0810094 0.012982 0.0417312 
0.00897835 0.00839238 0.00818604 0.00812239 0.00815763 0.0085592 0.00858659 0.00832661 0.0082962 0.00816877 0.00813591 0.00854105 0.00902267 0.00843447 0.00827054 0.00815465 0.00854536 0.00824207 0.00824271 0.00812508 0.00817667 0.00816176 0.00816317 0.00831214 0.00895189 0.0105682 0.00898286 0.00873243 0.00903912 0.00865399 0.00870185 0.00858904 0.00848551 0.00873202 0.00942972 0.00879847 0.00862712 0.00838904 0.00866506 0.00860624 0.0092851 0.0111787 0.00933748 0.00875033 0.00904461 0.00969367 0.00918579 0.00990406 0.0100455 0.0153873 0.01673 0.0177396 0.00998538 0.00907554 0.0330881 0.0326434 0 0.0103636 0.0203125 0.112314 0.0599414 
0.00902591 0.00859885 0.00810407 0.00811356 0.00809167 0.008176 0.00895702 0.00827516 0.00827659 0.00814039 0.00807972 0.00819625 0.00914544 0.0086569 0.0081608 0.00811494 0.00817776 0.00852244 0.00821013 0.00811741 0.00812564 0.00808998 0.00810138 0.00808391 0.00933912 0.00980937 0.0104433 0.00893054 0.00874255 0.00884595 0.0085363 0.00844811 0.00853346 0.0086161 0.00855556 0.00942934 0.00858036 0.00849601 0.00846651 0.00870119 0.00874918 0.0093642 0.0110778 0.00854386 0.00857758 0.00955816 0.00979975 0.00961989 0.00907503 0.0123227 0.0220694 0.0123738 0.0101076 0.0139559 0.0264221 0.0250187 0.0103636 0 0.0954599 0.0282806 0.0185383 
0.00881191 0.00826757 0.00818008 0.00834929 0.00822837 0.00879365 0.00843922 0.00827981 0.00848934 0.00832125 0.00825627 0.00889377 0.00862198 0.00836793 0.00824755 0.00819643 0.00873247 0.00849044 0.00823175 0.00841693 0.00829833 0.00822171 0.00818492 0.00866482 0.00871539 0.0105556 0.00916131 0.00863824 0.00986697 0.0091048 0.00903772 0.00890402 0.00864959 0.00867572 0.0100485 0.00830856 0.00870302 0.00846287 0.00877323 0.00898563 0.00912698 0.0174585 0.00869702 0.00881879 0.00885083 0.0128006 0.0101232 0.0102501 0.0107176 0.0187235 0.0360144 0.0127674 0.0287415 0.0146869 0.0174946 0.0810094 0.0203125 0.0954599 0 0.00389933 0.00430283 
0.00814245 0.00823944 0.0082155 0.00835268 0.00831735 0.00802208 0.00819059 0.0085644 0.00845786 0.00833293 0.00816068 0.00808253 0.00799988 0.0082267 0.00843738 0.00826256 0.00801203 0.00801668 0.00841658 0.00839372 0.00830647 0.00828966 0.00836359 0.00798879 0.00812716 0.00825732 0.00858559 0.00956595 0.00922177 0.0102418 0.00900139 0.00913304 0.00898772 0.00924411 0.00807515 0.00831329 0.0087911 0.0086269 0.00887541 0.00905886 0.0115069 0.00851355 0.00880662 0.00930411 0.00969744 0.00860242 0.00870898 0.0128454 0.0126979 0.00914071 0.0113147 0.0448995 0.0111163 0.0181741 0.164367 0.012982 0.112314 0.0282806 0.00389933 0 0.00373227 
0.00896896 0.00857565 0.00809717 0.00818954 0.0080166 0.0080355 0.00926796 0.00823351 0.00846747 0.00831595 0.00805096 0.00806473 0.00892139 0.00863114 0.0081719 0.00804653 0.00803157 0.00834006 0.00827373 0.00825763 0.00810788 0.0081879 0.00801526 0.00803624 0.00904052 0.00898439 0.00998779 0.00869859 0.00888303 0.00880747 0.00866838 0.00843375 0.00857462 0.00845054 0.00830032 0.0103484 0.00883195 0.00851621 0.00863563 0.00903259 0.00848445 0.00881194 0.011045 0.00847671 0.0083108 0.009258 0.0102575 0.0101876 0.00869043 0.0105 0.0350534 0.0104507 0.0112281 0.0131789 0.0144847 0.0417312 0.0599414 0.0185383 0.00430283 0.00373227 0 
