1G6HA
TMEILRTENIVKYFGEFKALDGVSISVNKGDVTLIIGPNGSGKSTLINVITGFLKADEGRVYFENKDITNKEPAELYHYGIVRTFQTPQPLKEMTVLENLLIGEICPGESPLNSLFYKKWIPKEEEMVEKAFKILEFLKLSHLYDRKAGELSGGQMKLVEIGRALMTNPKMIVMDEPIAGVAPGLAHDIFNHVLELKAKGITFLIIEHRLDIVLNYIDHLYVMFNGQIIAEGRGEEEIKNVLSDPKVVEIYIGE
CCEEEEEEEEEEEECCEEEEEEECCEEECCCEEEEECCCCCCHHHHHHHHCCCCCCCEEEEEECCEECCCCCHHHHHHHCEEECCCCCHHHHHCEHHHHHHHHHCCCCCCHHHHHHHCCCCCCCHHHHHHHHHHHHHCCCHHHCCCEHHHCCHHHHHHHHHHHHHHCCCCEEEEECCCCCCCHHHHHHHHHHHHHHHHCCCEEEEECCCCCCCHHHCCEEEEEECCEEEEEEECHHHHHHHHHCHHHHHCCCCC
0 0 0 0 0 0 0 0 0 0 0 0 0 0 0 0 0 0 0 0 0 0 0 0 0 0 0 0 0 0 0 0 0 0 0 0 0 0 0 0 0 0 0 0 0 0 0 0 0 0 0 0 0 0 0 0 0 0 0 0 0 0 0 0 0 0 0 0 0 0 0 0 0 0 0 0 0 0 0 0 0 0 0 0 0 0 0 0 0 0 0 0 0 0 0 0 0 0 0 0 0 0 0 0 0 0 0 0 0 0 0 0 0 0 0 0 0 0 0 0 0 0 0 0 0 0 0 0 0 0 0 0 0 0 0 0 0 0 0 0 0 0 0 0 0 0 0 0 0 0 0 0 0 0 0 0 0 0 0 0 0 0 0 0 0 0 0 0 0 0 0 0 0 0 0 0 0 0 0 0 0 0 0 0 0 0 0 0 0 0 0 0 0 0 0 0 0 0 0 0 0 0 0 0 0 0 0 0 0 0 0 0 0 0 0 0 0 0 0 0 0 0 0 0 0 0 0 0 0 0 0 0 0 0 0 0 0 0 0 0 0 0 0 0 0 0 0 0 0 0 0 0 0 0 
0 0 0 0 0 0 0 0 0 0 0 0 0 0 0 0 0 0 0 0 0 0 0 0 0 0 0 0 0 0 0 0 0 0 0 0 0 0 0 0 0 0 0 0 0 0 0 0 0 0 0 0 0 0 0 0 0 0 0 0 0 0 0 0 0 0 0 0 0 0 0 0 0 0 0 0 0 0 0 0 0 0 0 0 0 0 0 0 0 0 0 0 0 0 0 0 0 0 0 0 0 0 0 0 0 0 0 0 0 0 0 0 0 0 0 0 0 0 0 0 0 0 0 0 0 0 0 0 0 0 0 0 0 0 0 0 0 0 0 0 0 0 0 0 0 0 0 0 0 0 0 0 0 0 0 0 0 0 0 0 0 0 0 0 0 0 0 0 0 0 0 0 0 0 0 0 0 0 0 0 0 0 0 0 0 0 0 0 0 0 0 0 0 0 0 0 0 0 0 0 0 0 0 0 0 0 0 0 0 0 0 0 0 0 0 0 0 0 0 0 0 0 0 0 0 0 0 0 0 0 0 0 0 0 0 0 0 0 0 0 0 0 0 0 0 0 0 0 0 0 0 0 0 0 
0 0.00364788 0.00349909 0.00365574 0.00359743 0.00381283 0.00368547 0.00406027 0.00509371 0.0054662 0.00749433 0.0139885 0.00838102 0.00990088 0.00872486 0.00893052 0.00920769 0.0109516 0.0189191 0.0346765 0.0117781 0.0350955 0.032451 0.015875 0.019821 0.0120229 0.0244727 0.0113892 0.00899371 0.0101521 0.0105264 0.0126117 0.0158221 0.00929225 0.00994747 0.010616 0.00864271 0.011833 0.0123973 0.00947518 0.00855306 0.00833874 0.00830829 0.00815905 0.00828389 0.00837562 0.00828685 0.00836979 0.00837143 0.00857522 0.00839811 0.00841771 0.00845066 0.00828752 0.00822044 0.00821633 0.00841678 0.008128 0.00824515 0.0081873 0.00819823 0.00817255 0.00849438 
0.00364788 0 0.00361116 0.00354787 0.0036164 0.00353386 0.0035797 0.00363512 0.00406623 0.00501775 0.00879063 0.00623366 0.00679001 0.00882173 0.00913556 0.0101844 0.00988932 0.01556 0.011402 0.0113683 0.0484781 0.0220282 0.0170115 0.0763528 0.0259268 0.0416369 0.0133667 0.00916594 0.013029 0.0116221 0.0140837 0.0299551 0.00997532 0.00881556 0.00868274 0.0118243 0.0127371 0.0110306 0.00924836 0.00811183 0.0084078 0.00870823 0.00863758 0.0084488 0.00812552 0.00819161 0.00866571 0.00873076 0.00865042 0.00828686 0.00817806 0.008472 0.00859524 0.00843133 0.00822367 0.00807455 0.00813982 0.0081992 0.00824752 0.00825564 0.00822575 0.00821108 0.00820319 
0.00349909 0.00361116 0 0.00353302 0.00356632 0.00354104 0.00358359 0.00367621 0.00378317 0.00584932 0.00539729 0.00568716 0.00690013 0.00770301 0.0112737 0.0126996 0.0103242 0.00951975 0.0107341 0.0106606 0.0222263 0.0145423 0.0243746 0.0210363 0.166087 0.0289119 0.0181366 0.00890099 0.0128985 0.0114121 0.0752067 0.0139583 0.0115131 0.0084625 0.00838377 0.0143002 0.0126831 0.0113197 0.00849231 0.00799766 0.00897956 0.0095674 0.0104528 0.00861234 0.00817045 0.00830038 0.00957005 0.0098391 0.00973445 0.0086233 0.00828978 0.00914279 0.00924058 0.00896442 0.00833397 0.00814321 0.00815152 0.00830187 0.00834482 0.00838446 0.00830238 0.00824709 0.00813744 
0.00365574 0.00354787 0.00353302 0 0.00350177 0.00354106 0.00356569 0.00359633 0.00402997 0.00735858 0.00499768 0.00453691 0.00587884 0.00949672 0.00922794 0.00951538 0.012313 0.010391 0.00831487 0.0569861 0.00964816 0.0228091 0.0110355 0.0501079 0.0334606 0.0550419 0.0151285 0.00954016 0.00867197 0.0513744 0.0115491 0.040752 0.0092969 0.00847656 0.00893979 0.0105113 0.0127297 0.0124081 0.00964264 0.00816161 0.00840815 0.00944526 0.00938842 0.00848373 0.00812699 0.00837105 0.00900403 0.00900356 0.00872227 0.0082923 0.00825986 0.00840319 0.00873066 0.00847374 0.00823427 0.0080486 0.00818621 0.00817585 0.00825234 0.00826036 0.0083279 0.00815796 0.00809538 
0.00359743 0.0036164 0.00356632 0.00350177 0 0.00353997 0.0035394 0.0037203 0.00358135 0.00413503 0.00388727 0.0039095 0.00761924 0.00671304 0.0120266 0.00948629 0.0071987 0.00844042 0.0569583 0.00853805 0.0251627 0.00899719 0.0143861 0.0117672 0.0331326 0.0132922 0.0141276 0.00849634 0.0181521 0.00873137 0.045466 0.00918912 0.0109182 0.00836286 0.00815211 0.00989071 0.00927786 0.00972621 0.00859264 0.00800685 0.0087416 0.00851251 0.00864957 0.00830447 0.00801334 0.00817101 0.00863792 0.00878838 0.00844849 0.00832262 0.00812687 0.00842902 0.00855446 0.00833214 0.00820164 0.00806555 0.00808104 0.00815974 0.00811914 0.00833745 0.00808587 0.00846347 0.00811188 
0.00381283 0.00353386 0.00354104 0.00354106 0.00353997 0 0.00359971 0.00353104 0.00362125 0.00374713 0.00378295 0.00360019 0.00514935 0.0081499 0.00689479 0.0065039 0.00803042 0.0132066 0.0350518 0.0180862 0.00792917 0.00810314 0.00920738 0.0114915 0.0129202 0.0155506 0.00958725 0.00897137 0.00866033 0.011195 0.00992733 0.0103601 0.0087805 0.00821098 0.00820212 0.00900508 0.00900366 0.00912511 0.0084668 0.00803914 0.00818045 0.00840061 0.00866245 0.00819347 0.00795499 0.00809897 0.00857904 0.00838197 0.00825617 0.00806308 0.00825418 0.00820005 0.00825844 0.00820785 0.00811238 0.00797817 0.00806621 0.00808202 0.00810613 0.00813527 0.00810057 0.00806201 0.00803473 
0.00368547 0.0035797 0.00358359 0.00356569 0.0035394 0.00359971 0 0.00349492 0.00353337 0.00356487 0.00358483 0.00363855 0.00562466 0.00568298 0.00600994 0.00619388 0.0133912 0.117123 0.038315 0.010225 0.00778102 0.00819439 0.00869651 0.0136418 0.0151648 0.0131726 0.00973242 0.0087446 0.00868633 0.0132263 0.00960663 0.01336 0.00859682 0.0083195 0.00817757 0.00907128 0.00950953 0.00897771 0.00890611 0.00806513 0.00825549 0.00849429 0.00866551 0.00821447 0.00800129 0.0081907 0.00836481 0.00854887 0.00842045 0.0081896 0.00810272 0.00837261 0.00849087 0.00833629 0.008107 0.00801329 0.00808547 0.00808409 0.00814704 0.00814702 0.00809745 0.00808267 0.00802905 
0.00406027 0.00363512 0.00367621 0.00359633 0.0037203 0.00353104 0.00349492 0 0.00352986 0.003547 0.00358288 0.00365097 0.00487304 0.00610653 0.00539651 0.0113463 0.0926319 0.103013 0.0343539 0.00708565 0.0100092 0.00771987 0.00996917 0.0106033 0.0260366 0.0123788 0.0132159 0.00892077 0.01105 0.00913123 0.0212345 0.00953323 0.00996313 0.00836953 0.00832159 0.00986614 0.0092948 0.00987435 0.00853299 0.00797915 0.00839447 0.00843886 0.00875999 0.00827996 0.00808113 0.00810706 0.00878838 0.00864999 0.00836338 0.00823596 0.00835888 0.00843537 0.00843683 0.00844504 0.00811639 0.00802026 0.00808337 0.00817131 0.00820064 0.00820741 0.00814351 0.00814869 0.00802 
0.00509371 0.00406623 0.00378317 0.00402997 0.00358135 0.00362125 0.00353337 0.00352986 0 0.00354763 0.0035501 0.00361829 0.00456356 0.00476094 0.0117307 0.107986 0.505919 0.0155454 0.00656385 0.0106012 0.00751073 0.00823308 0.00947346 0.0133953 0.0198 0.0195437 0.0119286 0.00890677 0.00884453 0.0191459 0.0103715 0.0162656 0.00893528 0.00842522 0.0085314 0.00938375 0.0101421 0.00978838 0.00854178 0.00806845 0.00828905 0.00865242 0.00883496 0.00834417 0.00798051 0.00815525 0.00840527 0.00855186 0.0083483 0.00818334 0.00811427 0.00835392 0.00856619 0.00831084 0.00812551 0.00799679 0.008077 0.00809482 0.00815199 0.00814976 0.00815189 0.00807509 0.00807032 
0.0054662 0.00501775 0.00584932 0.00735858 0.00413503 0.00374713 0.00356487 0.003547 0.00354763 0 0.00354901 0.00359269 0.00522544 0.0154835 0.299116 0.56856 0.00653842 0.00631784 0.00733107 0.00712214 0.00885645 0.00778203 0.0110859 0.0120581 0.0274244 0.0172854 0.0123939 0.00908664 0.010386 0.0100176 0.020028 0.0104504 0.0101208 0.00846352 0.00836787 0.0101189 0.0100043 0.0104303 0.00872891 0.00802373 0.0083096 0.0086817 0.00904458 0.00835601 0.0080186 0.00817277 0.00879014 0.00876934 0.00840599 0.0082314 0.00837959 0.00864384 0.00848427 0.00843315 0.00809484 0.00799014 0.00808954 0.00819233 0.00821472 0.00835797 0.00810621 0.00811457 0.00808055 
0.00749433 0.00879063 0.00539729 0.00499768 0.00388727 0.00378295 0.00358483 0.00358288 0.0035501 0.00354901 0 0.00364542 0.00937527 0.945468 0.0462828 0.00491026 0.00541994 0.00594308 0.0061147 0.00838476 0.0087574 0.0078284 0.00919809 0.0157067 0.0120244 0.0226852 0.0115627 0.0107067 0.00880224 0.0106715 0.00956534 0.0139877 0.00890132 0.00865646 0.00871043 0.0093698 0.0107381 0.00953451 0.00894024 0.00814315 0.00811492 0.00839249 0.00838548 0.00825472 0.00795212 0.00820636 0.00820709 0.00840431 0.00822951 0.00804054 0.00806508 0.00838389 0.00829435 0.00818472 0.00802234 0.00794622 0.00813625 0.00805401 0.00813083 0.00808596 0.00809379 0.00800085 0.00802148 
0.0139885 0.00623366 0.00568716 0.00453691 0.0039095 0.00360019 0.00363855 0.00365097 0.00361829 0.00359269 0.00364542 0 0.98767 0.0047986 0.00373782 0.00384065 0.00374721 0.00412129 0.00522663 0.00893162 0.00640901 0.00689747 0.0183569 0.00951109 0.00967078 0.0100764 0.0182543 0.0104526 0.00909075 0.0083869 0.0087922 0.00899688 0.0096592 0.00966431 0.00835767 0.0126381 0.00866909 0.00994711 0.010598 0.00838747 0.00842336 0.00806826 0.00808783 0.00809554 0.00798648 0.00836836 0.00818988 0.00814443 0.00804098 0.00807197 0.00809341 0.00809926 0.00809703 0.00811154 0.00800373 0.0079794 0.00816842 0.00805451 0.00802417 0.00809948 0.00800813 0.00802507 0.00802269 
0.00838102 0.00679001 0.00690013 0.00587884 0.00761924 0.00514935 0.00562466 0.00487304 0.00456356 0.00522544 0.00937527 0.98767 0 0.00362979 0.00355273 0.00363736 0.00359937 0.00376845 0.00775215 0.00507101 0.00667063 0.0124097 0.00859747 0.00876455 0.0109079 0.0159775 0.0256574 0.00948386 0.0102166 0.00862598 0.0100618 0.00928242 0.0212443 0.00945579 0.00930327 0.00986054 0.0084743 0.0112639 0.0115264 0.00923418 0.00846378 0.0080916 0.00812539 0.00825061 0.0081588 0.00806522 0.00819632 0.00834943 0.00830581 0.00823171 0.00822798 0.00828131 0.00851636 0.0081613 0.00818229 0.00826179 0.00813391 0.00811555 0.00819475 0.00821537 0.00809321 0.00824489 0.00845293 
0.00990088 0.00882173 0.00770301 0.00949672 0.00671304 0.0081499 0.00568298 0.00610653 0.00476094 0.0154835 0.945468 0.0047986 0.00362979 0 0.00352909 0.00354538 0.00353769 0.00408611 0.00360212 0.00565856 0.0059402 0.00616696 0.00839822 0.0144339 0.0120435 0.0170847 0.00998871 0.00970378 0.00882913 0.0112253 0.00881555 0.0194328 0.00863199 0.00897433 0.00861055 0.00939277 0.00989154 0.00884662 0.00993986 0.00829451 0.00822456 0.00844568 0.00841184 0.00816682 0.00804328 0.00823305 0.00831102 0.00838847 0.00835111 0.00805353 0.00812911 0.00827424 0.00830742 0.00828761 0.00813296 0.00800532 0.00819771 0.00815059 0.00820539 0.00816341 0.00823996 0.00809954 0.00818832 
0.00872486 0.00913556 0.0112737 0.00922794 0.0120266 0.00689479 0.00600994 0.00539651 0.0117307 0.299116 0.0462828 0.00373782 0.00355273 0.00352909 0 0.0035588 0.0035339 0.00355684 0.00364222 0.00441735 0.00501526 0.00552715 0.00996066 0.0103678 0.01903 0.012833 0.0108828 0.00903363 0.00999245 0.00971853 0.0189021 0.0106188 0.00980811 0.00852473 0.00843775 0.0105814 0.00963872 0.00954532 0.00874001 0.00801581 0.00842061 0.0085172 0.00913746 0.00833235 0.0080253 0.00814786 0.00843567 0.00857385 0.00857978 0.00848342 0.00809742 0.00839696 0.00846827 0.00840902 0.00815069 0.00801572 0.00808233 0.00812764 0.00818951 0.00824447 0.00815718 0.00812283 0.00805376 
0.00893052 0.0101844 0.0126996 0.00951538 0.00948629 0.0065039 0.00619388 0.0113463 0.107986 0.56856 0.00491026 0.00384065 0.00363736 0.00354538 0.0035588 0 0.00353259 0.00356384 0.00529462 0.00407509 0.00485175 0.00710192 0.0082796 0.0118418 0.0118663 0.0142225 0.00999846 0.00864412 0.00982656 0.0102097 0.0154443 0.0103205 0.00979976 0.00852476 0.00852414 0.00941765 0.00996499 0.00964169 0.00845538 0.00797609 0.00817002 0.00865091 0.00874941 0.00851199 0.00799226 0.00809576 0.00836784 0.00864711 0.00860651 0.00821399 0.00807756 0.00838903 0.00843155 0.00832392 0.0080992 0.00799355 0.00801066 0.0081446 0.00812262 0.00826159 0.00806757 0.00811631 0.00801938 
0.00920769 0.00988932 0.0103242 0.012313 0.0071987 0.00803042 0.0133912 0.0926319 0.505919 0.00653842 0.00541994 0.00374721 0.00359937 0.00353769 0.0035339 0.00353259 0 0.00353883 0.00354344 0.00452692 0.00598141 0.0103352 0.00747224 0.0079836 0.0162033 0.0105379 0.00982227 0.00859361 0.00867731 0.0116713 0.0106196 0.0113593 0.00903362 0.00833748 0.00828033 0.00948414 0.0101258 0.0100888 0.00853482 0.00799156 0.00858035 0.00852905 0.00893746 0.00821174 0.00795786 0.00813909 0.00840637 0.00872022 0.00835565 0.00810178 0.00808594 0.00831413 0.00841253 0.00828775 0.00809389 0.00794584 0.00803177 0.00811502 0.00810142 0.00818071 0.00805086 0.00801732 0.00799424 
0.0109516 0.01556 0.00951975 0.010391 0.00844042 0.0132066 0.117123 0.103013 0.0155454 0.00631784 0.00594308 0.00412129 0.00376845 0.00408611 0.00355684 0.00356384 0.00353883 0 0.00360827 0.00633733 0.0123347 0.00463092 0.00692235 0.0146061 0.00820354 0.0194578 0.0110712 0.0089218 0.00978942 0.0103141 0.0089483 0.0192056 0.00876154 0.00866498 0.00892944 0.00993328 0.0165582 0.00950221 0.00944605 0.00810337 0.00811461 0.00847685 0.00845017 0.00818285 0.00797945 0.00822046 0.0082846 0.00842081 0.00826909 0.0080421 0.00804374 0.00825631 0.00826996 0.00827773 0.00799785 0.00792827 0.0080711 0.00803557 0.00808625 0.00808816 0.00804031 0.00795831 0.00795376 
0.0189191 0.011402 0.0107341 0.00831487 0.0569583 0.0350518 0.038315 0.0343539 0.00656385 0.00733107 0.0061147 0.00522663 0.00775215 0.00360212 0.00364222 0.00529462 0.00354344 0.00360827 0 0.0108793 0.00584151 0.00420599 0.0302626 0.00891293 0.011292 0.012479 0.0173871 0.0106319 0.0130519 0.00830535 0.0126813 0.00871333 0.0305943 0.0104344 0.00855256 0.0200778 0.00894664 0.0169072 0.0104929 0.00814839 0.00888073 0.0082162 0.00819297 0.00821518 0.00806736 0.00824252 0.00827108 0.00822542 0.00809449 0.00844846 0.00815431 0.00818863 0.00810384 0.00814222 0.00799931 0.00802978 0.00807873 0.00820542 0.00802689 0.00835644 0.00798093 0.00813844 0.00797302 
0.0346765 0.0113683 0.0106606 0.0569861 0.00853805 0.0180862 0.010225 0.00708565 0.0106012 0.00712214 0.00838476 0.00893162 0.00507101 0.00565856 0.00441735 0.00407509 0.00452692 0.00633733 0.0108793 0 0.0036521 0.00364858 0.00562399 0.0207822 0.0269935 0.0128632 0.0135907 0.0177521 0.00841016 0.0186936 0.00884295 0.0274095 0.0110634 0.010593 0.0154713 0.0115909 0.0103041 0.0166977 0.0238513 0.0132984 0.00853975 0.0084595 0.00854284 0.00822016 0.00834705 0.00953393 0.0083086 0.00859389 0.00859142 0.00838117 0.00857571 0.00834517 0.00865061 0.00836644 0.00814571 0.00816924 0.00942577 0.00812544 0.00872275 0.00812502 0.00886253 0.0080921 0.00921693 
0.0117781 0.0484781 0.0222263 0.00964816 0.0251627 0.00792917 0.00778102 0.0100092 0.00751073 0.00885645 0.0087574 0.00640901 0.00667063 0.0059402 0.00501526 0.00485175 0.00598141 0.0123347 0.00584151 0.0036521 0 0.00353542 0.0177041 0.0271386 0.0123784 0.010642 0.00721555 0.00866169 0.024757 0.00841391 0.0142209 0.0101613 0.0140524 0.00987229 0.00900587 0.0111209 0.0261584 0.011608 0.0102588 0.00811942 0.00836111 0.0085962 0.00834384 0.00849266 0.0080541 0.00806851 0.00860707 0.00855022 0.00851502 0.00814642 0.00815105 0.00836844 0.00831456 0.00833492 0.00805837 0.00798923 0.00799115 0.00814941 0.00808945 0.0082884 0.00802176 0.00823844 0.00793959 
0.0350955 0.0220282 0.0145423 0.0228091 0.00899719 0.00810314 0.00819439 0.00771987 0.00823308 0.00778203 0.0078284 0.00689747 0.0124097 0.00616696 0.00552715 0.00710192 0.0103352 0.00463092 0.00420599 0.00364858 0.00353542 0 0.0494757 0.00424231 0.0044034 0.0053233 0.00663609 0.0147511 0.0086938 0.00927325 0.00868614 0.011886 0.0112461 0.0103076 0.00991587 0.017361 0.00979241 0.0153185 0.0114296 0.00884266 0.00851771 0.00817122 0.00824082 0.0081255 0.00807025 0.00841676 0.0081558 0.00819058 0.00816766 0.00818615 0.00832673 0.00816234 0.00811541 0.00818161 0.00800009 0.00798097 0.00814984 0.00802946 0.00799977 0.00807417 0.00798082 0.00795655 0.00806148 
0.032451 0.0170115 0.0243746 0.0110355 0.0143861 0.00920738 0.00869651 0.00996917 0.00947346 0.0110859 0.00919809 0.0183569 0.00859747 0.00839822 0.00996066 0.0082796 0.00747224 0.00692235 0.0302626 0.00562399 0.0177041 0.0494757 0 0.00369175 0.00359463 0.0036422 0.00428845 0.043002 0.0177015 0.00954496 0.0168176 0.0142104 0.0367971 0.0105261 0.0117392 0.0209353 0.0106461 0.0243003 0.0135843 0.00957805 0.00960926 0.00856597 0.00869098 0.00870773 0.00883966 0.00833841 0.0087565 0.00886798 0.00883895 0.00917363 0.00849522 0.00842486 0.00852359 0.00836693 0.00819318 0.00840685 0.00807371 0.00806067 0.00816686 0.00820132 0.00813235 0.00809623 0.00846873 
0.015875 0.0763528 0.0210363 0.0501079 0.0117672 0.0114915 0.0136418 0.0106033 0.0133953 0.0120581 0.0157067 0.00951109 0.00876455 0.0144339 0.0103678 0.0118418 0.0079836 0.0146061 0.00891293 0.0207822 0.0271386 0.00424231 0.00369175 0 0.00359299 0.00367314 0.00358642 0.022818 0.0337559 0.0263156 0.0163873 0.0358331 0.0115088 0.0102543 0.00998285 0.0192215 0.0336625 0.0141192 0.011119 0.00844478 0.00936332 0.0114455 0.0104507 0.00951532 0.00834628 0.00842033 0.00948325 0.00952306 0.00947325 0.00904741 0.00853313 0.00922173 0.00946417 0.00898946 0.00850845 0.00810481 0.00816198 0.00839722 0.00834142 0.00843942 0.00827135 0.00825848 0.00821513 
0.019821 0.0259268 0.166087 0.0334606 0.0331326 0.0129202 0.0151648 0.0260366 0.0198 0.0274244 0.0120244 0.00967078 0.0109079 0.0120435 0.01903 0.0118663 0.0162033 0.00820354 0.011292 0.0269935 0.0123784 0.0044034 0.00359463 0.00359299 0 0.00364878 0.00357538 0.0193531 0.0307648 0.0396234 0.146866 0.0241817 0.015906 0.00997981 0.00983353 0.0259489 0.0205385 0.0266241 0.00961772 0.00827446 0.0112786 0.012687 0.0174863 0.00981288 0.00855122 0.00868203 0.0105911 0.0128783 0.0113392 0.00973514 0.00864509 0.00992612 0.0125323 0.0104148 0.00872531 0.00819372 0.00820478 0.0086358 0.0087953 0.00875532 0.00878174 0.00831463 0.00820981 
0.0120229 0.0416369 0.0289119 0.0550419 0.0132922 0.0155506 0.0131726 0.0123788 0.0195437 0.0172854 0.0226852 0.0100764 0.0159775 0.0170847 0.012833 0.0142225 0.0105379 0.0194578 0.012479 0.0128632 0.010642 0.0053233 0.0036422 0.00367314 0.00364878 0 0.00357963 0.0135307 0.0162291 0.0460086 0.0376481 0.146679 0.0197892 0.0112953 0.0134724 0.014226 0.104587 0.0327894 0.0111135 0.00837998 0.00935553 0.0110863 0.0121362 0.0101867 0.00834249 0.0086993 0.00969582 0.0102756 0.0109822 0.00968736 0.00850559 0.00914777 0.0104993 0.00973267 0.00852926 0.0082049 0.00810655 0.00848855 0.0082753 0.0086429 0.00831215 0.00831801 0.00800807 
0.0244727 0.0133667 0.0181366 0.0151285 0.0141276 0.00958725 0.00973242 0.0132159 0.0119286 0.0123939 0.0115627 0.0182543 0.0256574 0.00998871 0.0108828 0.00999846 0.00982227 0.0110712 0.0173871 0.0135907 0.00721555 0.00663609 0.00428845 0.00358642 0.00357538 0.00357963 0 0.0182334 0.0127013 0.0124418 0.0220577 0.0494031 0.149889 0.0124542 0.0175794 0.0309972 0.015419 0.0751809 0.0146472 0.00876126 0.0119252 0.00910521 0.00933724 0.00886765 0.00868932 0.0100018 0.00870431 0.00947934 0.00924699 0.0097955 0.00922678 0.00867117 0.00930572 0.00914631 0.00830923 0.00835735 0.00839787 0.00810752 0.00822391 0.00848242 0.00816648 0.00808153 0.00799053 
0.0113892 0.00916594 0.00890099 0.00954016 0.00849634 0.00897137 0.0087446 0.00892077 0.00890677 0.00908664 0.0107067 0.0104526 0.00948386 0.00970378 0.00903363 0.00864412 0.00859361 0.0089218 0.0106319 0.0177521 0.00866169 0.0147511 0.043002 0.022818 0.0193531 0.0135307 0.0182334 0 0.00392281 0.00356179 0.00366814 0.00412498 0.00960436 0.00488701 0.00733197 0.0120233 0.00919365 0.0281891 0.0150409 0.0107083 0.00819401 0.00807917 0.00812815 0.00809619 0.00825918 0.00815828 0.00803935 0.00804851 0.00805182 0.00823878 0.00805748 0.00805016 0.00809632 0.00798374 0.00795498 0.00804165 0.00822291 0.00794332 0.00804946 0.00794059 0.0080476 0.00793242 0.00828346 
0.00899371 0.013029 0.0128985 0.00867197 0.0181521 0.00866033 0.00868633 0.01105 0.00884453 0.010386 0.00880224 0.00909075 0.0102166 0.00882913 0.00999245 0.00982656 0.00867731 0.00978942 0.0130519 0.00841016 0.024757 0.0086938 0.0177015 0.0337559 0.0307648 0.0162291 0.0127013 0.00392281 0 0.00353299 0.00365428 0.00418276 0.00415789 0.00579763 0.00430768 0.0120042 0.0179654 0.0161696 0.00941818 0.00815758 0.00893675 0.0085293 0.0083865 0.00868161 0.00804008 0.00800139 0.00855733 0.00863314 0.00839187 0.00815002 0.00803204 0.00844862 0.0082834 0.0082562 0.00818203 0.0079965 0.00795402 0.008162 0.00804218 0.00821412 0.00801127 0.0081614 0.00802776 
0.0101521 0.0116221 0.0114121 0.0513744 0.00873137 0.011195 0.0132263 0.00913123 0.0191459 0.0100176 0.0106715 0.0083869 0.00862598 0.0112253 0.00971853 0.0102097 0.0116713 0.0103141 0.00830535 0.0186936 0.00841391 0.00927325 0.00954496 0.0263156 0.0396234 0.0460086 0.0124418 0.00356179 0.00353299 0 0.00351195 0.00364497 0.00358803 0.00387335 0.00451826 0.0121092 0.0148155 0.00972984 0.0101798 0.00831367 0.00833395 0.00901503 0.00978387 0.00832458 0.00807755 0.00851664 0.00849679 0.00903744 0.00932168 0.008098 0.00811879 0.00825534 0.00901614 0.00853554 0.0081911 0.00796843 0.00823965 0.00812781 0.00826893 0.0082419 0.00857041 0.00803022 0.00811358 
0.0105264 0.0140837 0.0752067 0.0115491 0.045466 0.00992733 0.00960663 0.0212345 0.0103715 0.020028 0.00956534 0.0087922 0.0100618 0.00881555 0.0189021 0.0154443 0.0106196 0.0089483 0.0126813 0.00884295 0.0142209 0.00868614 0.0168176 0.0163873 0.146866 0.0376481 0.0220577 0.00366814 0.00365428 0.00351195 0 0.00362875 0.00375983 0.00511467 0.00945094 0.056614 0.0108599 0.0123625 0.00876065 0.00804075 0.00924509 0.00997796 0.0121513 0.00935371 0.00833884 0.00828862 0.00977875 0.0112568 0.00921044 0.00863672 0.00818035 0.0093779 0.00972123 0.00935247 0.00859224 0.00810016 0.00800345 0.00841694 0.00822767 0.0088927 0.00819455 0.00835336 0.00801816 
0.0126117 0.0299551 0.0139583 0.040752 0.00918912 0.0103601 0.01336 0.00953323 0.0162656 0.0104504 0.0139877 0.00899688 0.00928242 0.0194328 0.0106188 0.0103205 0.0113593 0.0192056 0.00871333 0.0274095 0.0101613 0.011886 0.0142104 0.0358331 0.0241817 0.146679 0.0494031 0.00412498 0.00418276 0.00364497 0.00362875 0 0.0035496 0.00584593 0.942603 0.0138763 0.055256 0.0158147 0.0138682 0.00993998 0.00890778 0.0117728 0.0113264 0.00890845 0.00824692 0.0100749 0.00896485 0.0102239 0.00947599 0.00840252 0.00837381 0.00866242 0.00977663 0.00894753 0.00834053 0.0080258 0.00829991 0.00827061 0.00861456 0.00829373 0.00839457 0.00805483 0.00809174 
0.0158221 0.00997532 0.0115131 0.0092969 0.0109182 0.0087805 0.00859682 0.00996313 0.00893528 0.0101208 0.00890132 0.0096592 0.0212443 0.00863199 0.00980811 0.00979976 0.00903362 0.00876154 0.0305943 0.0110634 0.0140524 0.0112461 0.0367971 0.0115088 0.015906 0.0197892 0.149889 0.00960436 0.00415789 0.00358803 0.00375983 0.0035496 0 0.976669 0.00399479 0.0555665 0.0126877 0.068694 0.0141012 0.00930194 0.011954 0.00906094 0.00885228 0.0093878 0.00836523 0.00991014 0.00860325 0.00893486 0.00902397 0.00924884 0.00898852 0.00837387 0.00838282 0.00849587 0.00820915 0.00816834 0.00839425 0.00820253 0.00803563 0.00834688 0.0079956 0.0081782 0.00800275 
0.00929225 0.00881556 0.0084625 0.00847656 0.00836286 0.00821098 0.0083195 0.00836953 0.00842522 0.00846352 0.00865646 0.00966431 0.00945579 0.00897433 0.00852473 0.00852476 0.00833748 0.00866498 0.0104344 0.010593 0.00987229 0.0103076 0.0105261 0.0102543 0.00997981 0.0112953 0.0124542 0.00488701 0.00579763 0.00387335 0.00511467 0.00584593 0.976669 0 0.0101599 0.00771336 0.0507274 0.0218265 0.0253107 0.010845 0.00833127 0.00822316 0.00816405 0.00820989 0.0081584 0.00825042 0.00818714 0.00814921 0.00819084 0.00816071 0.00803959 0.00812226 0.0080739 0.00809053 0.0079995 0.00820701 0.00803638 0.00805637 0.00802387 0.00798846 0.00801867 0.00794633 0.0082495 
0.00994747 0.00868274 0.00838377 0.00893979 0.00815211 0.00820212 0.00817757 0.00832159 0.0085314 0.00836787 0.00871043 0.00835767 0.00930327 0.00861055 0.00843775 0.00852414 0.00828033 0.00892944 0.00855256 0.0154713 0.00900587 0.00991587 0.0117392 0.00998285 0.00983353 0.0134724 0.0175794 0.00733197 0.00430768 0.00451826 0.00945094 0.942603 0.00399479 0.0101599 0 0.0247909 0.0205374 0.0358313 0.0191834 0.00993763 0.00846041 0.00816874 0.00807107 0.00830951 0.00805634 0.00904062 0.00805457 0.00814761 0.00824828 0.00807201 0.00820367 0.00802982 0.00807261 0.00801033 0.00798277 0.00795464 0.00823474 0.00794717 0.00802915 0.0079517 0.00796628 0.00793704 0.00807741 
0.010616 0.0118243 0.0143002 0.0105113 0.00989071 0.00900508 0.00907128 0.00986614 0.00938375 0.0101189 0.0093698 0.0126381 0.00986054 0.00939277 0.0105814 0.00941765 0.00948414 0.00993328 0.0200778 0.0115909 0.0111209 0.017361 0.0209353 0.0192215 0.0259489 0.014226 0.0309972 0.0120233 0.0120042 0.0121092 0.056614 0.0138763 0.0555665 0.00771336 0.0247909 0 0.00354812 0.00362117 0.0154593 0.0162294 0.024861 0.0105981 0.0107915 0.0100303 0.0102864 0.00849451 0.00908025 0.00954746 0.0102339 0.0126301 0.00871993 0.00864595 0.00934513 0.0090288 0.00836886 0.00927608 0.00825042 0.00806363 0.00817382 0.00823441 0.00804728 0.00820958 0.0091246 
0.00864271 0.0127371 0.0126831 0.0127297 0.00927786 0.00900366 0.00950953 0.0092948 0.0101421 0.0100043 0.0107381 0.00866909 0.0084743 0.00989154 0.00963872 0.00996499 0.0101258 0.0165582 0.00894664 0.0103041 0.0261584 0.00979241 0.0106461 0.0336625 0.0205385 0.104587 0.015419 0.00919365 0.0179654 0.0148155 0.0108599 0.055256 0.0126877 0.0507274 0.0205374 0.00354812 0 0.00371216 0.0110185 0.00972028 0.00928677 0.019941 0.0116242 0.0108783 0.00870762 0.00880486 0.0115444 0.0137619 0.0123239 0.00896631 0.00839553 0.0090529 0.00981896 0.0089491 0.00861115 0.00811438 0.00803021 0.00840425 0.00823839 0.00833246 0.00821367 0.00812396 0.00801844 
0.011833 0.0110306 0.0113197 0.0124081 0.00972621 0.00912511 0.00897771 0.00987435 0.00978838 0.0104303 0.00953451 0.00994711 0.0112639 0.00884662 0.00954532 0.00964169 0.0100888 0.00950221 0.0169072 0.0166977 0.011608 0.0153185 0.0243003 0.0141192 0.0266241 0.0327894 0.0751809 0.0281891 0.0161696 0.00972984 0.0123625 0.0158147 0.068694 0.0218265 0.0358313 0.00362117 0.00371216 0 0.012727 0.00988919 0.0174052 0.0111906 0.0137817 0.011895 0.0109478 0.0119467 0.00978805 0.0111235 0.0107502 0.0112902 0.00966997 0.00902125 0.00992158 0.0100505 0.00836604 0.0081894 0.00866526 0.00819703 0.00822912 0.00827735 0.0082282 0.00811949 0.00813741 
0.0123973 0.00924836 0.00849231 0.00964264 0.00859264 0.0084668 0.00890611 0.00853299 0.00854178 0.00872891 0.00894024 0.010598 0.0115264 0.00993986 0.00874001 0.00845538 0.00853482 0.00944605 0.0104929 0.0238513 0.0102588 0.0114296 0.0135843 0.011119 0.00961772 0.0111135 0.0146472 0.0150409 0.00941818 0.0101798 0.00876065 0.0138682 0.0141012 0.0253107 0.0191834 0.0154593 0.0110185 0.012727 0 0.509431 0.0170696 0.0106481 0.0100137 0.0102803 0.0110123 0.0130715 0.0091865 0.0087306 0.00939944 0.0104923 0.013184 0.00858908 0.00864989 0.00866174 0.00867548 0.00879255 0.0113479 0.0082536 0.0084863 0.00812284 0.0087425 0.00812229 0.0106709 
0.00947518 0.00811183 0.00799766 0.00816161 0.00800685 0.00803914 0.00806513 0.00797915 0.00806845 0.00802373 0.00814315 0.00838747 0.00923418 0.00829451 0.00801581 0.00797609 0.00799156 0.00810337 0.00814839 0.0132984 0.00811942 0.00884266 0.00957805 0.00844478 0.00827446 0.00837998 0.00876126 0.0107083 0.00815758 0.00831367 0.00804075 0.00993998 0.00930194 0.010845 0.00993763 0.0162294 0.00972028 0.00988919 0.509431 0 0.0193225 0.0148238 0.00975168 0.00949523 0.0179548 0.0204524 0.00957093 0.00864282 0.00939656 0.00980993 0.0137046 0.00854007 0.00833059 0.00825793 0.00831142 0.00868015 0.0143521 0.00820408 0.00847275 0.00799923 0.00846949 0.00805381 0.0117937 
0.00855306 0.0084078 0.00897956 0.00840815 0.0087416 0.00818045 0.00825549 0.00839447 0.00828905 0.0083096 0.00811492 0.00842336 0.00846378 0.00822456 0.00842061 0.00817002 0.00858035 0.00811461 0.00888073 0.00853975 0.00836111 0.00851771 0.00960926 0.00936332 0.0112786 0.00935553 0.0119252 0.00819401 0.00893675 0.00833395 0.00924509 0.00890778 0.011954 0.00833127 0.00846041 0.024861 0.00928677 0.0174052 0.0170696 0.0193225 0 0.00380634 0.0035835 0.00362874 0.00373242 0.710257 0.0352602 0.0307587 0.0151515 0.0309866 0.0368651 0.0455488 0.0165195 0.0143858 0.0106161 0.0138395 0.0105079 0.0102829 0.00914913 0.0101327 0.00883315 0.00973884 0.0121368 
0.00833874 0.00870823 0.0095674 0.00944526 0.00851251 0.00840061 0.00849429 0.00843886 0.00865242 0.0086817 0.00839249 0.00806826 0.0080916 0.00844568 0.0085172 0.00865091 0.00852905 0.00847685 0.0082162 0.0084595 0.0085962 0.00817122 0.00856597 0.0114455 0.012687 0.0110863 0.00910521 0.00807917 0.0085293 0.00901503 0.00997796 0.0117728 0.00906094 0.00822316 0.00816874 0.0105981 0.019941 0.0111906 0.0106481 0.0148238 0.00380634 0 0.00357571 0.00356853 0.00357285 0.0445354 0.819456 0.039889 0.0849902 0.010885 0.0285616 0.0682584 0.0686119 0.0390121 0.019122 0.00947317 0.00943701 0.0132305 0.0125113 0.0130391 0.011862 0.0124606 0.00877916 
0.00830829 0.00863758 0.0104528 0.00938842 0.00864957 0.00866245 0.00866551 0.00875999 0.00883496 0.00904458 0.00838548 0.00808783 0.00812539 0.00841184 0.00913746 0.00874941 0.00893746 0.00845017 0.00819297 0.00854284 0.00834384 0.00824082 0.00869098 0.0104507 0.0174863 0.0121362 0.00933724 0.00812815 0.0083865 0.00978387 0.0121513 0.0113264 0.00885228 0.00816405 0.00807107 0.0107915 0.0116242 0.0137817 0.0100137 0.00975168 0.0035835 0.00357571 0 0.00354501 0.00354374 0.043255 0.0270787 0.774564 0.032544 0.030798 0.0130222 0.0293898 0.102242 0.0775758 0.0154204 0.00994834 0.00908557 0.010002 0.0168431 0.0151246 0.0201283 0.0094017 0.0085698 
0.00815905 0.0084488 0.00861234 0.00848373 0.00830447 0.00819347 0.00821447 0.00827996 0.00834417 0.00835601 0.00825472 0.00809554 0.00825061 0.00816682 0.00833235 0.00851199 0.00821174 0.00818285 0.00821518 0.00822016 0.00849266 0.0081255 0.00870773 0.00951532 0.00981288 0.0101867 0.00886765 0.00809619 0.00868161 0.00832458 0.00935371 0.00890845 0.0093878 0.00820989 0.00830951 0.0100303 0.0108783 0.011895 0.0102803 0.00949523 0.00362874 0.00356853 0.00354501 0 0.00368245 0.0119277 0.077541 0.0292031 0.705876 0.027624 0.0117834 0.0190499 0.0235125 0.0221439 0.016596 0.0100098 0.00885344 0.0106512 0.00908715 0.0136878 0.00905848 0.0108486 0.00831859 
0.00828389 0.00812552 0.00817045 0.00812699 0.00801334 0.00795499 0.00800129 0.00808113 0.00798051 0.0080186 0.00795212 0.00798648 0.0081588 0.00804328 0.0080253 0.00799226 0.00795786 0.00797945 0.00806736 0.00834705 0.0080541 0.00807025 0.00883966 0.00834628 0.00855122 0.00834249 0.00868932 0.00825918 0.00804008 0.00807755 0.00833884 0.00824692 0.00836523 0.0081584 0.00805634 0.0102864 0.00870762 0.0109478 0.0110123 0.0179548 0.00373242 0.00357285 0.00354374 0.00368245 0 0.0325374 0.0136545 0.0591332 0.025952 0.698032 0.0125205 0.0107995 0.00992093 0.00980971 0.00946526 0.0096137 0.0108011 0.00856004 0.00848238 0.00871837 0.00854553 0.00874536 0.00910934 
0.00837562 0.00819161 0.00830038 0.00837105 0.00817101 0.00809897 0.0081907 0.00810706 0.00815525 0.00817277 0.00820636 0.00836836 0.00806522 0.00823305 0.00814786 0.00809576 0.00813909 0.00822046 0.00824252 0.00953393 0.00806851 0.00841676 0.00833841 0.00842033 0.00868203 0.0086993 0.0100018 0.00815828 0.00800139 0.00851664 0.00828862 0.0100749 0.00991014 0.00825042 0.00904062 0.00849451 0.00880486 0.0119467 0.0130715 0.0204524 0.710257 0.0445354 0.043255 0.0119277 0.0325374 0 0.00368076 0.00361495 0.00376601 0.00404333 0.0293977 0.0123089 0.0135977 0.0110162 0.0160943 0.0302677 0.0167416 0.00912019 0.0117774 0.00887403 0.01147 0.009055 0.0309761 
0.00828685 0.00866571 0.00957005 0.00900403 0.00863792 0.00857904 0.00836481 0.00878838 0.00840527 0.00879014 0.00820709 0.00818988 0.00819632 0.00831102 0.00843567 0.00836784 0.00840637 0.0082846 0.00827108 0.0083086 0.00860707 0.0081558 0.0087565 0.00948325 0.0105911 0.00969582 0.00870431 0.00803935 0.00855733 0.00849679 0.00977875 0.00896485 0.00860325 0.00818714 0.00805457 0.00908025 0.0115444 0.00978805 0.0091865 0.00957093 0.0352602 0.819456 0.0270787 0.077541 0.0136545 0.00368076 0 0.00365679 0.00363926 0.00362647 0.0254587 0.0719312 0.0233715 0.0761295 0.0440252 0.0122259 0.00916839 0.0180325 0.0103358 0.0175878 0.00905063 0.0241731 0.00924641 
0.00836979 0.00873076 0.0098391 0.00900356 0.00878838 0.00838197 0.00854887 0.00864999 0.00855186 0.00876934 0.00840431 0.00814443 0.00834943 0.00838847 0.00857385 0.00864711 0.00872022 0.00842081 0.00822542 0.00859389 0.00855022 0.00819058 0.00886798 0.00952306 0.0128783 0.0102756 0.00947934 0.00804851 0.00863314 0.00903744 0.0112568 0.0102239 0.00893486 0.00814921 0.00814761 0.00954746 0.0137619 0.0111235 0.0087306 0.00864282 0.0307587 0.039889 0.774564 0.0292031 0.0591332 0.00361495 0.00365679 0 0.00360301 0.00361872 0.0173639 0.0334907 0.104668 0.0871888 0.0176404 0.010941 0.00972672 0.0118902 0.0179189 0.0154829 0.0243065 0.0107655 0.00922347 
0.00837143 0.00865042 0.00973445 0.00872227 0.00844849 0.00825617 0.00842045 0.00836338 0.0083483 0.00840599 0.00822951 0.00804098 0.00830581 0.00835111 0.00857978 0.00860651 0.00835565 0.00826909 0.00809449 0.00859142 0.00851502 0.00816766 0.00883895 0.00947325 0.0113392 0.0109822 0.00924699 0.00805182 0.00839187 0.00932168 0.00921044 0.00947599 0.00902397 0.00819084 0.00824828 0.0102339 0.0123239 0.0107502 0.00939944 0.00939656 0.0151515 0.0849902 0.032544 0.705876 0.025952 0.00376601 0.00363926 0.00360301 0 0.00366164 0.0136769 0.052145 0.0962377 0.0510304 0.0308858 0.0120268 0.0102094 0.0119901 0.0133769 0.0177371 0.0139146 0.0154258 0.00961563 
0.00857522 0.00828686 0.0086233 0.0082923 0.00832262 0.00806308 0.0081896 0.00823596 0.00818334 0.0082314 0.00804054 0.00807197 0.00823171 0.00805353 0.00848342 0.00821399 0.00810178 0.0080421 0.00844846 0.00838117 0.00814642 0.00818615 0.00917363 0.00904741 0.00973514 0.00968736 0.0097955 0.00823878 0.00815002 0.008098 0.00863672 0.00840252 0.00924884 0.00816071 0.00807201 0.0126301 0.00896631 0.0112902 0.0104923 0.00980993 0.0309866 0.010885 0.030798 0.027624 0.698032 0.00404333 0.00362647 0.00361872 0.00366164 0 0.0356641 0.0559652 0.0268459 0.029127 0.0258607 0.0248961 0.0121097 0.010118 0.00928739 0.0111884 0.00995468 0.0146672 0.0129535 
0.00839811 0.00817806 0.00828978 0.00825986 0.00812687 0.00825418 0.00810272 0.00835888 0.00811427 0.00837959 0.00806508 0.00809341 0.00822798 0.00812911 0.00809742 0.00807756 0.00808594 0.00804374 0.00815431 0.00857571 0.00815105 0.00832673 0.00849522 0.00853313 0.00864509 0.00850559 0.00922678 0.00805748 0.00803204 0.00811879 0.00818035 0.00837381 0.00898852 0.00803959 0.00820367 0.00871993 0.00839553 0.00966997 0.013184 0.0137046 0.0368651 0.0285616 0.0130222 0.0117834 0.0125205 0.0293977 0.0254587 0.0173639 0.0136769 0.0356641 0 0.00364356 0.00357015 0.00358353 0.00354398 0.00412406 0.0054899 0.00552512 0.00595389 0.00614924 0.00953894 0.0241055 0.893383 
0.00841771 0.008472 0.00914279 0.00840319 0.00842902 0.00820005 0.00837261 0.00843537 0.00835392 0.00864384 0.00838389 0.00809926 0.00828131 0.00827424 0.00839696 0.00838903 0.00831413 0.00825631 0.00818863 0.00834517 0.00836844 0.00816234 0.00842486 0.00922173 0.00992612 0.00914777 0.00867117 0.00805016 0.00844862 0.00825534 0.0093779 0.00866242 0.00837387 0.00812226 0.00802982 0.00864595 0.0090529 0.00902125 0.00858908 0.00854007 0.0455488 0.0682584 0.0293898 0.0190499 0.0107995 0.0123089 0.0719312 0.0334907 0.052145 0.0559652 0.00364356 0 0.00357208 0.00359328 0.00397016 0.00362608 0.00412861 0.0064945 0.00468363 0.0118386 0.0117946 0.919727 0.00750911 
0.00845066 0.00859524 0.00924058 0.00873066 0.00855446 0.00825844 0.00849087 0.00843683 0.00856619 0.00848427 0.00829435 0.00809703 0.00851636 0.00830742 0.00846827 0.00843155 0.00841253 0.00826996 0.00810384 0.00865061 0.00831456 0.00811541 0.00852359 0.00946417 0.0125323 0.0104993 0.00930572 0.00809632 0.0082834 0.00901614 0.00972123 0.00977663 0.00838282 0.0080739 0.00807261 0.00934513 0.00981896 0.00992158 0.00864989 0.00833059 0.0165195 0.0686119 0.102242 0.0235125 0.00992093 0.0135977 0.0233715 0.104668 0.0962377 0.0268459 0.00357015 0.00357208 0 0.00362657 0.00360304 0.0035376 0.00436159 0.00493685 0.00784674 0.0218884 0.903384 0.007269 0.0107101 
0.00828752 0.00843133 0.00896442 0.00847374 0.00833214 0.00820785 0.00833629 0.00844504 0.00831084 0.00843315 0.00818472 0.00811154 0.0081613 0.00828761 0.00840902 0.00832392 0.00828775 0.00827773 0.00814222 0.00836644 0.00833492 0.00818161 0.00836693 0.00898946 0.0104148 0.00973267 0.00914631 0.00798374 0.0082562 0.00853554 0.00935247 0.00894753 0.00849587 0.00809053 0.00801033 0.0090288 0.0089491 0.0100505 0.00866174 0.00825793 0.0143858 0.0390121 0.0775758 0.0221439 0.00980971 0.0110162 0.0761295 0.0871888 0.0510304 0.029127 0.00358353 0.00359328 0.00362657 0 0.00362541 0.0035347 0.00381494 0.0125885 0.0586909 0.885552 0.0140716 0.0159839 0.00572282 
0.00822044 0.00822367 0.00833397 0.00823427 0.00820164 0.00811238 0.008107 0.00811639 0.00812551 0.00809484 0.00802234 0.00800373 0.00818229 0.00813296 0.00815069 0.0080992 0.00809389 0.00799785 0.00799931 0.00814571 0.00805837 0.00800009 0.00819318 0.00850845 0.00872531 0.00852926 0.00830923 0.00795498 0.00818203 0.0081911 0.00859224 0.00834053 0.00820915 0.0079995 0.00798277 0.00836886 0.00861115 0.00836604 0.00867548 0.00831142 0.0106161 0.019122 0.0154204 0.016596 0.00946526 0.0160943 0.0440252 0.0176404 0.0308858 0.0258607 0.00354398 0.00397016 0.00360304 0.00362541 0 0.00355471 0.00694383 0.950408 0.0347521 0.0076342 0.00644446 0.00584897 0.00539017 
0.00821633 0.00807455 0.00814321 0.0080486 0.00806555 0.00797817 0.00801329 0.00802026 0.00799679 0.00799014 0.00794622 0.0079794 0.00826179 0.00800532 0.00801572 0.00799355 0.00794584 0.00792827 0.00802978 0.00816924 0.00798923 0.00798097 0.00840685 0.00810481 0.00819372 0.0082049 0.00835735 0.00804165 0.0079965 0.00796843 0.00810016 0.0080258 0.00816834 0.00820701 0.00795464 0.00927608 0.00811438 0.0081894 0.00879255 0.00868015 0.0138395 0.00947317 0.00994834 0.0100098 0.0096137 0.0302677 0.0122259 0.010941 0.0120268 0.0248961 0.00412406 0.00362608 0.0035376 0.0035347 0.00355471 0 0.979952 0.00763547 0.00369154 0.00370802 0.0037197 0.00426459 0.00430815 
0.00841678 0.00813982 0.00815152 0.00818621 0.00808104 0.00806621 0.00808547 0.00808337 0.008077 0.00808954 0.00813625 0.00816842 0.00813391 0.00819771 0.00808233 0.00801066 0.00803177 0.0080711 0.00807873 0.00942577 0.00799115 0.00814984 0.00807371 0.00816198 0.00820478 0.00810655 0.00839787 0.00822291 0.00795402 0.00823965 0.00800345 0.00829991 0.00839425 0.00803638 0.00823474 0.00825042 0.00803021 0.00866526 0.0113479 0.0143521 0.0105079 0.00943701 0.00908557 0.00885344 0.0108011 0.0167416 0.00916839 0.00972672 0.0102094 0.0121097 0.0054899 0.00412861 0.00436159 0.00381494 0.00694383 0.979952 0 0.00492146 0.00362113 0.00359955 0.00386238 0.00372816 0.0212834 
0.008128 0.0081992 0.00830187 0.00817585 0.00815974 0.00808202 0.00808409 0.00817131 0.00809482 0.00819233 0.00805401 0.00805451 0.00811555 0.00815059 0.00812764 0.0081446 0.00811502 0.00803557 0.00820542 0.00812544 0.00814941 0.00802946 0.00806067 0.00839722 0.0086358 0.00848855 0.00810752 0.00794332 0.008162 0.00812781 0.00841694 0.00827061 0.00820253 0.00805637 0.00794717 0.00806363 0.00840425 0.00819703 0.0082536 0.00820408 0.0102829 0.0132305 0.010002 0.0106512 0.00856004 0.00912019 0.0180325 0.0118902 0.0119901 0.010118 0.00552512 0.0064945 0.00493685 0.0125885 0.950408 0.00763547 0.00492146 0 0.00359779 0.00371262 0.00357215 0.00430528 0.00372606 
