1G76A
GGLRRRDLPADPLTLFERWLSQACEAKLADPTAMVVATVDEHGQPYQRIVLLKHYDEKGMVFYTNLGSRKAHQIENNPRVSLLFPWHTLERQVMVIGKAERLSTLEVMKYFHSRPRDSQIGAWVSKQSSRISARGILESKFLELKQKFQQGEVPLPSFWGGFRVSLEQIEFWQGGEHRLHDRFLYQRENDAWKIDRLAP
CCCCHHHCCCCHHHHHHHHHHHHHHCCCCCCCEEEEEEECCCCCEEEEEEECCEEECCEEEEEEECCCHHHHHHHHCCEEEEEEEEHHHCEEEEEEEEEEECCHHHHHHHHCCCCHHHHHHHHHCCCCCCCCCHHHHHHHHHHHHCCCCCCCCCCCCCEEEEEECCCEEEEEECCHHHCCEEEEEEEECCEEEEEECCC
0 0 0 0 0 0 0 0 0 0 0 0 0 0 0 0 0 0 0 0 0 0 0 0 0 0 0 0 0 0 0 0 0 0 0 0 0 0 0 0 0 0 0 0 0 0 0 0 0 0 0 0 0 0 0 0 0 0 0 0 0 0 0 0 0 0 0 0 0 0 0 0 0 0 0 0 0 0 0 0 0 0 0 0 0 0 0 0 0 0 0 0 0 0 0 0 0 0 0 0 0 0 0 0 0 0 0 0 0 0 0 0 0 0 0 0 0 0 0 0 0 0 0 0 0 0 0 0 0 0 0 0 0 0 0 0 0 0 0 0 0 0 0 0 0 0 0 0 0 0 0 0 0 0 0 0 0 0 0 0 0 0 0 0 0 0 0 0 0 0 0 0 0 0 0 0 0 0 0 0 0 0 0 0 0 0 0 0 0 0 0 0 0 0 0 0 0 0 0 
0 0 0 0 0 0 0 0 0 0 0 0 0 0 0 0 0 0 0 0 0 0 0 0 0 0 0 0 0 0 0 0 0 0 0 0 0 0 0 0 0 0 0 0 0 0 0 0 0 0 0 0 0 0 0 0 0 0 0 0 0 0 0 0 0 0 0 0 0 0 0 0 0 0 0 0 0 0 0 0 0 0 0 0 0 0 0 0 0 0 0 0 0 0 0 0 0 0 0 0 0 0 0 0 0 0 0 0 0 0 0 0 0 0 0 0 0 0 0 0 0 0 0 0 0 0 0 0 0 0 0 0 0 0 0 0 0 0 0 0 0 0 0 0 0 0 0 0 0 0 0 0 0 0 0 0 0 0 0 0 0 0 0 0 0 0 0 0 0 0 0 0 0 0 0 0 0 0 0 0 0 0 0 0 0 0 0 0 0 0 0 0 0 0 0 0 0 0 0 
0 0.00367935 0.00367531 0.00368029 0.00374159 0.00407192 0.00483405 0.00976272 0.0061537 0.00877965 0.00911574 0.00981047 0.0227346 0.931038 0.0160631 0.00951305 0.0219016 0.017701 0.0130503 0.0108552 0.0116828 0.011532 0.012818 0.0207607 0.0118043 0.0157886 0.00963892 0.0124131 0.00938988 0.0096129 0.00959739 0.0153826 0.0123649 0.00918402 0.0114481 0.00943787 0.0113852 0.00915676 0.0112005 0.008642 0.00965144 0.00897263 0.0133111 0.00866576 0.00834086 0.00847494 0.00858343 0.00845575 0.01078 0.00856392 0.00882085 0.00854911 0.00874453 0.00831019 0.00869178 0.00857799 0.0082242 0.00868441 0.00817147 0.00836516 0.00805339 0.00805975 0.00824055 0.00815404 0.00806076 0.00808378 0.00809383 0.00805161 0.00828413 
0.00367935 0 0.00365308 0.00369454 0.00371661 0.0038531 0.00391239 0.00706325 0.00805903 0.00670613 0.0085992 0.0135521 0.952099 0.0230557 0.0115278 0.0198865 0.00904055 0.0136991 0.0373138 0.0213962 0.0194795 0.0171426 0.025925 0.0105053 0.0117304 0.016226 0.019624 0.0153212 0.0186596 0.013738 0.0178481 0.00925049 0.00938696 0.0163921 0.0125882 0.0206008 0.0167754 0.0150006 0.0112904 0.0117012 0.00941995 0.0148633 0.00985003 0.00831296 0.00902206 0.0102082 0.00925516 0.00944837 0.00859265 0.00896563 0.00899548 0.00983832 0.00962345 0.00916443 0.00824315 0.0081436 0.00919546 0.00910213 0.0087707 0.00863571 0.00833747 0.00842326 0.00807784 0.00802367 0.00850455 0.00831055 0.00840523 0.00838348 0.00815954 
0.00367531 0.00365308 0 0.00365717 0.00368275 0.0036398 0.00381373 0.00603327 0.00579687 0.00795877 0.0131667 0.962659 0.0226132 0.0149242 0.0111374 0.00940765 0.00959143 0.0118213 0.0212252 0.0363672 0.0371945 0.0412096 0.017831 0.0108391 0.0100457 0.0217989 0.0253527 0.0327678 0.0456236 0.0274614 0.0112805 0.00961943 0.0094034 0.0129875 0.0223463 0.0300504 0.0427737 0.0213215 0.0190066 0.0146989 0.0140921 0.0117971 0.0103722 0.00850253 0.00992539 0.0136694 0.0128774 0.0102781 0.00887271 0.0084761 0.00996682 0.0133598 0.0144115 0.0100448 0.00856911 0.00834134 0.00897672 0.0106157 0.00944982 0.00991092 0.00857916 0.00829256 0.00799881 0.00830238 0.00840851 0.00863395 0.00892651 0.0085436 0.00826847 
0.00368029 0.00369454 0.00365717 0 0.00357226 0.00360707 0.00357445 0.00463568 0.00635374 0.00780774 0.963168 0.0151462 0.013544 0.010016 0.00879633 0.00924341 0.00924943 0.00977478 0.0156655 0.0275883 0.0407968 0.0249677 0.0157109 0.0110273 0.00969839 0.0162381 0.0200227 0.0463231 0.0308894 0.017874 0.0122381 0.00930774 0.0100018 0.0125193 0.0292354 0.0273527 0.0302607 0.0176718 0.0177907 0.015648 0.0122859 0.0108633 0.00964253 0.00863237 0.0103277 0.0164944 0.01226 0.00980891 0.00897509 0.00864536 0.0101387 0.0149849 0.0134744 0.0102199 0.00891692 0.00841647 0.00897143 0.0104299 0.00962156 0.0090019 0.0085414 0.00824876 0.00802534 0.00806561 0.00851199 0.00847296 0.00854828 0.00841536 0.00824448 
0.00374159 0.00371661 0.00368275 0.00357226 0 0.00361355 0.00357113 0.00621009 0.0119536 0.957183 0.0204658 0.0165339 0.00969723 0.0105763 0.00937314 0.00945593 0.00989725 0.0100579 0.0168735 0.0318255 0.027833 0.0274126 0.0162673 0.0103349 0.00972338 0.0140236 0.0222335 0.0326216 0.0196706 0.019621 0.0102879 0.00954503 0.0108784 0.0109484 0.0260972 0.0208157 0.0353923 0.0144926 0.0225449 0.0113646 0.0132162 0.00995995 0.00938955 0.00870319 0.0102286 0.0121393 0.010706 0.00902374 0.00931767 0.00848399 0.0102343 0.011333 0.0122591 0.00942991 0.00849239 0.00838897 0.00867346 0.0100471 0.00914422 0.00970655 0.00844595 0.00829087 0.00803228 0.00814815 0.00840149 0.0084419 0.00861781 0.00841934 0.00826397 
0.00407192 0.0038531 0.0036398 0.00360707 0.00361355 0 0.0035317 0.0073946 0.980154 0.00881929 0.00826186 0.00731865 0.01349 0.011002 0.010474 0.0137497 0.00853386 0.0102156 0.0205164 0.0155509 0.0183364 0.017968 0.0231339 0.0111271 0.0105744 0.0124761 0.0134616 0.0126514 0.0121613 0.0107158 0.0133624 0.00901914 0.00947482 0.0133295 0.0100327 0.0129605 0.0118839 0.0155733 0.00957012 0.0102114 0.00902706 0.0101117 0.00955782 0.00855355 0.00889853 0.00920916 0.00906441 0.00904306 0.00843277 0.00867853 0.00904599 0.00979467 0.00946742 0.00911124 0.0084039 0.00823246 0.00842612 0.00896287 0.00865895 0.00861283 0.00826669 0.00813382 0.00802168 0.00812388 0.00828773 0.00827776 0.00828259 0.00823537 0.00806476 
0.00483405 0.00391239 0.00381373 0.00357445 0.00357113 0.0035317 0 0.997845 0.00504192 0.00668199 0.00532846 0.00852231 0.00768473 0.0131361 0.0130147 0.00762335 0.00817992 0.0188016 0.0117312 0.00961954 0.0105924 0.0107013 0.0101054 0.0122033 0.0141761 0.0104399 0.00919711 0.00937474 0.00917689 0.00888508 0.00920645 0.00948321 0.0170616 0.00924251 0.00922113 0.00888722 0.0102758 0.0085679 0.00897413 0.00872955 0.00883318 0.00842077 0.00962345 0.00905522 0.00845159 0.00827074 0.00864785 0.00812549 0.00840013 0.00923942 0.0086473 0.00829176 0.00849691 0.00838764 0.0081995 0.00873426 0.00806924 0.00817511 0.00814478 0.00816698 0.0080647 0.00797129 0.00796673 0.00845869 0.00810878 0.00800893 0.00804419 0.00798263 0.00798651 
0.00976272 0.00706325 0.00603327 0.00463568 0.00621009 0.0073946 0.997845 0 0.00354946 0.00356045 0.00357797 0.00366379 0.00405121 0.00775641 0.0046974 0.00527189 0.00839215 0.00621461 0.00664542 0.00811495 0.00895947 0.00762972 0.00960895 0.0127695 0.00936382 0.00952972 0.00903151 0.00849939 0.00870029 0.00815046 0.00945584 0.0090847 0.0095068 0.00859876 0.00848018 0.00903478 0.00850909 0.00865425 0.00847675 0.00876779 0.0083248 0.00856148 0.0100006 0.00799557 0.00794058 0.00802078 0.00801465 0.0082009 0.00842156 0.00802839 0.00799098 0.00808286 0.00804216 0.00799406 0.00809406 0.00797158 0.0080085 0.00799058 0.00803791 0.00802775 0.00800106 0.00800741 0.00810479 0.00795672 0.00795696 0.00800117 0.00796675 0.00796209 0.00819577 
0.0061537 0.00805903 0.00579687 0.00635374 0.0119536 0.980154 0.00504192 0.00354946 0 0.00354256 0.00353317 0.00353407 0.00366255 0.00378514 0.0038212 0.00514451 0.00506205 0.00601377 0.00668684 0.00809254 0.00871105 0.0139116 0.0127701 0.0104474 0.00880986 0.0115899 0.00875005 0.00961076 0.0087265 0.0107052 0.0088101 0.00951552 0.00887699 0.00872017 0.00957908 0.00884923 0.0107718 0.00851831 0.00947714 0.00854654 0.0089435 0.00878581 0.00918749 0.00799261 0.00813432 0.0082289 0.00824809 0.00839255 0.00818798 0.00811231 0.00820882 0.00823367 0.00831889 0.00824362 0.00806177 0.00795911 0.00813274 0.00822797 0.00812921 0.00822253 0.00797385 0.00804619 0.00802058 0.00797419 0.00809206 0.00803336 0.00802363 0.00802404 0.00805587 
0.00877965 0.00670613 0.00795877 0.00780774 0.957183 0.00881929 0.00668199 0.00356045 0.00354256 0 0.00352799 0.00354312 0.00357275 0.00361871 0.00447415 0.00399509 0.00497693 0.0060338 0.0082818 0.00848827 0.0128019 0.0120027 0.0168017 0.0159632 0.0101342 0.00879743 0.013238 0.0088751 0.0167848 0.00868171 0.0101793 0.00822485 0.008832 0.00935793 0.0088824 0.0154439 0.00939015 0.0129583 0.00883563 0.0116192 0.008834 0.00958547 0.00863078 0.00802753 0.00843081 0.00852715 0.00890868 0.00833684 0.00816143 0.00805863 0.00828652 0.00897132 0.00872318 0.0082634 0.00803187 0.00798821 0.00824954 0.00833034 0.00835695 0.00815183 0.00815785 0.00800243 0.00798241 0.00796788 0.00813671 0.00812206 0.00807439 0.00808368 0.0080097 
0.00911574 0.0085992 0.0131667 0.963168 0.0204658 0.00826186 0.00532846 0.00357797 0.00353317 0.00352799 0 0.00354716 0.0036159 0.00359362 0.00489659 0.00402661 0.0151602 0.00659636 0.00758263 0.0135471 0.0120923 0.0140367 0.0191905 0.0267086 0.00865073 0.0176024 0.00914571 0.034013 0.00937734 0.017167 0.00863208 0.00958144 0.0111394 0.00882416 0.0251388 0.0111865 0.038042 0.00909848 0.0209987 0.00883263 0.0150381 0.00886448 0.00887065 0.00821041 0.00849971 0.00925195 0.00917688 0.00851437 0.0087928 0.00819721 0.00886346 0.00901316 0.0100867 0.008509 0.0081867 0.00804514 0.00834455 0.00923115 0.00857555 0.00900999 0.00821865 0.00817769 0.00797818 0.0080308 0.0082031 0.00817246 0.00833721 0.00810765 0.00806497 
0.00981047 0.0135521 0.962659 0.0151462 0.0165339 0.00731865 0.00852231 0.00366379 0.00353407 0.00354312 0.00354716 0 0.00358573 0.00362002 0.00457312 0.00520768 0.0249744 0.00674256 0.00829842 0.0144194 0.0213591 0.0210945 0.0379042 0.00884084 0.011054 0.00921349 0.0481233 0.00933761 0.0362129 0.00894434 0.0121352 0.00855653 0.00937453 0.0165836 0.0108463 0.0424406 0.0104853 0.0269457 0.00967931 0.0203754 0.00943159 0.0109503 0.00901349 0.00827758 0.00889511 0.0103192 0.0101355 0.00918351 0.00842803 0.00839764 0.00886161 0.0127254 0.0109613 0.00871161 0.00828317 0.00817611 0.00861044 0.00920407 0.00943186 0.00887903 0.00841565 0.00813038 0.00798707 0.00806113 0.00825806 0.00854532 0.00829723 0.00827933 0.00806621 
0.0227346 0.952099 0.0226132 0.013544 0.00969723 0.01349 0.00768473 0.00405121 0.00366255 0.00357275 0.0036159 0.00358573 0 0.00358901 0.0086306 0.0238561 0.00710892 0.00772045 0.0123836 0.0139556 0.0193973 0.0493706 0.0121976 0.00870105 0.00940967 0.0484985 0.00933794 0.0369503 0.0094191 0.018631 0.00939295 0.00974407 0.0144163 0.00982308 0.0303566 0.0095855 0.0383379 0.00927977 0.022377 0.00904452 0.0154854 0.00935451 0.00899806 0.00842586 0.00991002 0.00938888 0.00970976 0.0088346 0.00914813 0.00856943 0.0108828 0.00892048 0.0104325 0.00908624 0.00835628 0.0083802 0.00835324 0.0102252 0.00848169 0.00905355 0.00817326 0.00814859 0.00796366 0.00803372 0.00844189 0.00817712 0.00850272 0.00816441 0.00799302 
0.931038 0.0230557 0.0149242 0.010016 0.0105763 0.011002 0.0131361 0.00775641 0.00378514 0.00361871 0.00359362 0.00362002 0.00358901 0 0.0312318 0.00994814 0.00423184 0.0105592 0.0122474 0.013255 0.0364503 0.0116558 0.00900669 0.0102079 0.0292133 0.00923222 0.0172544 0.00944275 0.0163037 0.00866971 0.0130407 0.00952268 0.0167648 0.0172764 0.00893772 0.0172972 0.00949401 0.0150347 0.00892005 0.0145404 0.00879245 0.0105835 0.0127514 0.0101342 0.00859075 0.00875506 0.00870106 0.00880381 0.00841727 0.0102722 0.00860035 0.00963677 0.0086037 0.00879192 0.00865656 0.0087906 0.00860173 0.00837292 0.00844165 0.00827505 0.00806332 0.00802556 0.00817349 0.00867843 0.0082246 0.00852105 0.00807893 0.00812125 0.00822605 
0.0160631 0.0115278 0.0111374 0.00879633 0.00937314 0.010474 0.0130147 0.0046974 0.0038212 0.00447415 0.00489659 0.00457312 0.0086306 0.0312318 0 0.00370191 0.00363938 0.00484954 0.0157746 0.763519 0.0257576 0.00692565 0.00696606 0.00952838 0.0180123 0.0102821 0.0126082 0.00896716 0.0107523 0.00851714 0.0106483 0.0120261 0.0125504 0.0113151 0.00933903 0.0118919 0.00930153 0.00984883 0.00922723 0.00979067 0.00886113 0.00942042 0.0134975 0.00836508 0.00816916 0.0082108 0.00827729 0.00851233 0.00909165 0.00855744 0.0081863 0.00852286 0.00823355 0.00826839 0.00826915 0.00845385 0.00821157 0.00820134 0.00815713 0.0081525 0.00805778 0.00805816 0.00815517 0.00807471 0.00800268 0.00805228 0.00800765 0.00804172 0.00833925 
0.00951305 0.0198865 0.00940765 0.00924341 0.00945593 0.0137497 0.00762335 0.00527189 0.00514451 0.00399509 0.00402661 0.00520768 0.0238561 0.00994814 0.00370191 0 0.00353431 0.00504154 0.891261 0.00801383 0.00426425 0.00507822 0.00906025 0.00531643 0.00855094 0.0187386 0.00836085 0.0101684 0.0083939 0.00922775 0.00952111 0.00851699 0.00962396 0.00942838 0.00958834 0.008749 0.010003 0.00863753 0.0093518 0.0085499 0.00901134 0.00977912 0.00900725 0.00806371 0.00849722 0.00824449 0.00840339 0.00842135 0.00847469 0.00808885 0.00865588 0.00831416 0.00841368 0.00863641 0.00812273 0.00802976 0.00822392 0.00826276 0.00823113 0.00826304 0.00810062 0.00802515 0.00797441 0.00797535 0.00826289 0.00807334 0.00808336 0.00815667 0.00799159 
0.0219016 0.00904055 0.00959143 0.00924943 0.00989725 0.00853386 0.00817992 0.00839215 0.00506205 0.00497693 0.0151602 0.0249744 0.00710892 0.00423184 0.00363938 0.00353431 0 0.943428 0.0116677 0.00386187 0.0038165 0.00437482 0.00419319 0.00513434 0.0154673 0.00964311 0.00890524 0.00852792 0.00888341 0.00842267 0.00859536 0.0106892 0.0143294 0.0087052 0.00884263 0.00897995 0.00893459 0.00861612 0.00878659 0.00895073 0.00868978 0.00848331 0.0100026 0.00874716 0.00816146 0.0082094 0.00849548 0.00817733 0.00849673 0.00835074 0.00823791 0.00819612 0.00837629 0.00846213 0.00827003 0.00816568 0.00800235 0.00811273 0.00812323 0.00810156 0.0079707 0.0079761 0.00804975 0.00811438 0.00800555 0.00798073 0.00801239 0.00795631 0.00805938 
0.017701 0.0136991 0.0118213 0.00977478 0.0100579 0.0102156 0.0188016 0.00621461 0.00601377 0.0060338 0.00659636 0.00674256 0.00772045 0.0105592 0.00484954 0.00504154 0.943428 0 0.00358313 0.00354574 0.00354916 0.00357594 0.00379876 0.00429681 0.0117717 0.0145135 0.0100841 0.0106821 0.0113054 0.00927092 0.0257583 0.032367 0.0126904 0.00967233 0.0100149 0.0109623 0.0100032 0.00918004 0.0105302 0.00933014 0.00946555 0.00944232 0.0172619 0.00851952 0.00820105 0.00835737 0.00840288 0.00865186 0.0112822 0.00912151 0.00845433 0.00865882 0.00846179 0.00843377 0.0088464 0.00839438 0.00840127 0.00840972 0.00822406 0.0086814 0.00806137 0.00807528 0.00846849 0.00809557 0.00807508 0.00809995 0.00804115 0.00808354 0.00892558 
0.0130503 0.0373138 0.0212252 0.0156655 0.0168735 0.0205164 0.0117312 0.00664542 0.00668684 0.0082818 0.00758263 0.00829842 0.0123836 0.0122474 0.0157746 0.891261 0.0116677 0.00358313 0 0.00354839 0.0035296 0.00356622 0.0041019 0.00373734 0.0122352 0.0223028 0.0102769 0.0145209 0.0138513 0.0304347 0.0303068 0.0094113 0.0105082 0.0117081 0.0123284 0.01252 0.0154945 0.0134865 0.0122134 0.00970931 0.010985 0.0129955 0.0105359 0.00838417 0.009561 0.0103059 0.010268 0.00997784 0.00996128 0.00841204 0.0101617 0.0104256 0.0109176 0.00963431 0.00873753 0.00818674 0.00919876 0.00953171 0.00913724 0.00880073 0.00840691 0.00830929 0.00814953 0.00802078 0.00835546 0.00836266 0.00834832 0.00853579 0.00820607 
0.0108552 0.0213962 0.0363672 0.0275883 0.0318255 0.0155509 0.00961954 0.00811495 0.00809254 0.00848827 0.0135471 0.0144194 0.0139556 0.013255 0.763519 0.00801383 0.00386187 0.00354574 0.00354839 0 0.00354074 0.00354308 0.00357564 0.00358324 0.0088589 0.0114042 0.0209524 0.023121 0.0518631 0.0269401 0.0143176 0.00831273 0.0093344 0.0119293 0.0137827 0.0239148 0.020422 0.0179363 0.0146 0.017573 0.0133385 0.0121128 0.0100779 0.00852472 0.0107295 0.0165223 0.0148418 0.0107652 0.00920361 0.00867649 0.00999232 0.0185376 0.0171644 0.01105 0.00884526 0.00823769 0.00943334 0.0108419 0.0108719 0.00970509 0.00872232 0.00834803 0.00806095 0.0081319 0.00849581 0.00890558 0.0086702 0.00860971 0.00836224 
0.0116828 0.0194795 0.0371945 0.0407968 0.027833 0.0183364 0.0105924 0.00895947 0.00871105 0.0128019 0.0120923 0.0213591 0.0193973 0.0364503 0.0257576 0.00426425 0.0038165 0.00354916 0.0035296 0.00354074 0 0.0035405 0.00364099 0.00355393 0.00848364 0.016676 0.0237871 0.0397881 0.0323692 0.0148535 0.0104842 0.00846185 0.00968549 0.0101554 0.0159481 0.0239463 0.0230988 0.0148134 0.0159073 0.0151376 0.0120191 0.011714 0.0105228 0.00911621 0.0111435 0.0191806 0.0179634 0.0109283 0.00973659 0.00877243 0.011587 0.017943 0.0213286 0.0121301 0.0090392 0.0093214 0.00997169 0.012796 0.0116794 0.0105985 0.00877655 0.00850806 0.00809711 0.00814886 0.00852003 0.00915677 0.00898571 0.00866173 0.00829945 
0.011532 0.0171426 0.0412096 0.0249677 0.0274126 0.017968 0.0107013 0.00762972 0.0139116 0.0120027 0.0140367 0.0210945 0.0493706 0.0116558 0.00692565 0.00507822 0.00437482 0.00357594 0.00356622 0.00354308 0.0035405 0 0.00354073 0.00357052 0.0108285 0.024596 0.0414168 0.0456332 0.0167362 0.0160286 0.00980372 0.00819453 0.010373 0.00995414 0.0237362 0.0156702 0.0260707 0.0122966 0.0196447 0.011451 0.0148264 0.0113222 0.0175571 0.00872123 0.0112242 0.0167655 0.0155521 0.0104837 0.0106711 0.00875875 0.0112542 0.0181494 0.0180608 0.0108978 0.00903616 0.0084678 0.0095868 0.0125708 0.011388 0.0111136 0.0087381 0.00841154 0.00808954 0.00816989 0.00861101 0.00895125 0.00886366 0.00852467 0.00842554 
0.012818 0.025925 0.017831 0.0157109 0.0162673 0.0231339 0.0101054 0.00960895 0.0127701 0.0168017 0.0191905 0.0379042 0.0121976 0.00900669 0.00696606 0.00906025 0.00419319 0.00379876 0.0041019 0.00357564 0.00364099 0.00354073 0 0.00356186 0.020297 0.0317752 0.0156316 0.0129834 0.0134263 0.0146781 0.0107776 0.00747808 0.00998162 0.0215264 0.0121728 0.011848 0.0117319 0.0161688 0.0104646 0.0107371 0.00968809 0.0266072 0.0100752 0.00865886 0.0106707 0.0102551 0.0103078 0.00986748 0.00883754 0.0086906 0.0105959 0.0103238 0.0112106 0.0106708 0.00859114 0.00835385 0.00875581 0.00936495 0.00913798 0.00884716 0.00839814 0.00810844 0.00800585 0.00806823 0.00841916 0.00835256 0.00834766 0.00818123 0.00802124 
0.0207607 0.0105053 0.0108391 0.0110273 0.0103349 0.0111271 0.0122033 0.0127695 0.0104474 0.0159632 0.0267086 0.00884084 0.00870105 0.0102079 0.00952838 0.00531643 0.00513434 0.00429681 0.00373734 0.00358324 0.00355393 0.00357052 0.00356186 0 0.0304329 0.0114535 0.00910997 0.0130976 0.0115976 0.00773552 0.00845801 0.00703759 0.0254665 0.00933807 0.00920944 0.00905518 0.00970194 0.00897987 0.00987254 0.00915248 0.0155308 0.00946772 0.0137812 0.0110183 0.00843229 0.00869823 0.00892961 0.00847634 0.00910028 0.00991583 0.00883448 0.00859451 0.00859861 0.00859271 0.00931932 0.00872596 0.00815414 0.00836255 0.00830158 0.00833583 0.00800947 0.00798642 0.00804403 0.0084787 0.00805361 0.00802825 0.00801031 0.00801577 0.00804196 
0.0118043 0.0117304 0.0100457 0.00969839 0.00972338 0.0105744 0.0141761 0.00936382 0.00880986 0.0101342 0.00865073 0.011054 0.00940967 0.0292133 0.0180123 0.00855094 0.0154673 0.0117717 0.0122352 0.0088589 0.00848364 0.0108285 0.020297 0.0304329 0 0.00369726 0.00371258 0.0035556 0.00380108 0.00355514 0.00425478 0.00386217 0.00542093 0.00810667 0.00599653 0.0114348 0.00699746 0.0121797 0.00828161 0.832601 0.00821922 0.0158185 0.0153931 0.00893594 0.00822898 0.00832361 0.0083169 0.00971343 0.00942862 0.0090194 0.00832673 0.00923652 0.00817598 0.00857198 0.00876821 0.00814244 0.00878676 0.00813809 0.00862875 0.00806009 0.00825788 0.00806037 0.00883961 0.00812847 0.00804475 0.0082432 0.00807512 0.00834861 0.00918457 
0.0157886 0.016226 0.0217989 0.0162381 0.0140236 0.0124761 0.0104399 0.00952972 0.0115899 0.00879743 0.0176024 0.00921349 0.0484985 0.00923222 0.0102821 0.0187386 0.00964311 0.0145135 0.0223028 0.0114042 0.016676 0.024596 0.0317752 0.0114535 0.00369726 0 0.00354622 0.00385357 0.0035674 0.0042769 0.00373121 0.0039372 0.0103262 0.00586813 0.016329 0.00682938 0.0329208 0.00806368 0.947756 0.00813183 0.0253268 0.00861994 0.0122007 0.00899773 0.00943266 0.00935339 0.0107286 0.00884984 0.0141648 0.00874623 0.0148093 0.00859561 0.0122176 0.00879115 0.00848034 0.00894842 0.00825925 0.0133901 0.00850369 0.011123 0.00818465 0.0111941 0.00814251 0.00800093 0.00866994 0.0080757 0.00972 0.00827323 0.00826817 
0.00963892 0.019624 0.0253527 0.0200227 0.0222335 0.0134616 0.00919711 0.00903151 0.00875005 0.013238 0.00914571 0.0481233 0.00933794 0.0172544 0.0126082 0.00836085 0.00890524 0.0100841 0.0102769 0.0209524 0.0237871 0.0414168 0.0156316 0.00910997 0.00371258 0.00354622 0 0.00352985 0.00390077 0.00667817 0.00364374 0.00355367 0.00471966 0.0155315 0.00625628 0.0290175 0.012085 0.955883 0.00820807 0.0258201 0.00754531 0.0154059 0.00925633 0.00888923 0.00936665 0.01458 0.0106585 0.0137801 0.00843586 0.00955356 0.00855908 0.0397011 0.0103502 0.0108444 0.00849302 0.00818447 0.0123133 0.00886913 0.015837 0.00867742 0.00963886 0.00815499 0.00824418 0.00837148 0.00822325 0.0110839 0.00824477 0.00922775 0.00836044 
0.0124131 0.0153212 0.0327678 0.0463231 0.0326216 0.0126514 0.00937474 0.00849939 0.00961076 0.0088751 0.034013 0.00933761 0.0369503 0.00944275 0.00896716 0.0101684 0.00852792 0.0106821 0.0145209 0.023121 0.0397881 0.0456332 0.0129834 0.0130976 0.0035556 0.00385357 0.00352985 0 0.00355404 0.00355569 0.00352904 0.00358276 0.0144299 0.00564439 0.0247042 0.00785375 0.97096 0.00746056 0.0254678 0.0075966 0.0226323 0.00798511 0.00954453 0.00882225 0.0114264 0.0124335 0.0218465 0.00920577 0.0131374 0.00853482 0.0226602 0.0111423 0.029635 0.0104231 0.00865907 0.00910534 0.00854414 0.0246313 0.00907909 0.015024 0.00829794 0.00855335 0.00803399 0.00812155 0.00870179 0.00829611 0.0120808 0.00833937 0.00826058 
0.00938988 0.0186596 0.0456236 0.0308894 0.0196706 0.0121613 0.00917689 0.00870029 0.0087265 0.0167848 0.00937734 0.0362129 0.0094191 0.0163037 0.0107523 0.0083939 0.00888341 0.0113054 0.0138513 0.0518631 0.0323692 0.0167362 0.0134263 0.0115976 0.00380108 0.0035674 0.00390077 0.00355404 0 0.00352585 0.0035385 0.00353132 0.00386707 0.0241667 0.00628305 0.952017 0.00716409 0.0201908 0.00706969 0.0221886 0.00718087 0.012563 0.0102397 0.0085777 0.0100479 0.0166184 0.0108807 0.0120934 0.00870337 0.0090335 0.00889116 0.0374673 0.0114739 0.0104624 0.00888225 0.00813495 0.0114872 0.00937698 0.0157771 0.00900071 0.00910891 0.0081958 0.00813078 0.00822831 0.00821703 0.0108827 0.00825253 0.00916709 0.00821491 
0.0096129 0.013738 0.0274614 0.017874 0.019621 0.0107158 0.00888508 0.00815046 0.0107052 0.00868171 0.017167 0.00894434 0.018631 0.00866971 0.00851714 0.00922775 0.00842267 0.00927092 0.0304347 0.0269401 0.0148535 0.0160286 0.0146781 0.00773552 0.00355514 0.0042769 0.00667817 0.00355569 0.00352585 0 0.00352291 0.00353773 0.0063532 0.00424538 0.946325 0.0060766 0.0237856 0.00646743 0.014395 0.00637263 0.0145208 0.00730792 0.00877915 0.00853415 0.0109676 0.0113114 0.0142166 0.00890845 0.00983851 0.00830533 0.0147409 0.00991056 0.0169658 0.00944798 0.00862509 0.00858076 0.00842017 0.0152325 0.00891375 0.0115961 0.00823934 0.00824695 0.00800452 0.00808473 0.00850065 0.00830715 0.00957236 0.00818507 0.00809787 
0.00959739 0.0178481 0.0112805 0.0122381 0.0102879 0.0133624 0.00920645 0.00945584 0.0088101 0.0101793 0.00863208 0.0121352 0.00939295 0.0130407 0.0106483 0.00952111 0.00859536 0.0257583 0.0303068 0.0143176 0.0104842 0.00980372 0.0107776 0.00845801 0.00425478 0.00373121 0.00364374 0.00352904 0.0035385 0.00352291 0 0.00352572 0.00405538 0.920224 0.00412131 0.00793947 0.00435743 0.00706103 0.00518541 0.0082116 0.00583353 0.00772566 0.00806291 0.00907165 0.00981989 0.0101435 0.0089094 0.0105927 0.00838013 0.00889467 0.0087743 0.0114902 0.00948881 0.0100799 0.00879751 0.00817623 0.00994476 0.00848401 0.0103047 0.00855722 0.00840973 0.00806244 0.00805026 0.00844365 0.00825233 0.00869251 0.00815656 0.00839172 0.00805447 
0.0153826 0.00925049 0.00961943 0.00930774 0.00954503 0.00901914 0.00948321 0.0090847 0.00951552 0.00822485 0.00958144 0.00855653 0.00974407 0.00952268 0.0120261 0.00851699 0.0106892 0.032367 0.0094113 0.00831273 0.00846185 0.00819453 0.00747808 0.00703759 0.00386217 0.0039372 0.00355367 0.00358276 0.00353132 0.00353773 0.00352572 0 0.909321 0.00354285 0.0101298 0.00366502 0.00439355 0.00376837 0.00534562 0.00456821 0.00590458 0.00524738 0.0061599 0.0104994 0.00912719 0.00862333 0.00901091 0.00862248 0.00960383 0.00919837 0.00921712 0.00878663 0.00934336 0.00918961 0.00911095 0.0102882 0.00819056 0.00909624 0.00838732 0.00857328 0.00806122 0.00811577 0.00802543 0.00869467 0.0083174 0.0080605 0.00842527 0.00816985 0.0080641 
0.0123649 0.00938696 0.0094034 0.0100018 0.0108784 0.00947482 0.0170616 0.0095068 0.00887699 0.008832 0.0111394 0.00937453 0.0144163 0.0167648 0.0125504 0.00962396 0.0143294 0.0126904 0.0105082 0.0093344 0.00968549 0.010373 0.00998162 0.0254665 0.00542093 0.0103262 0.00471966 0.0144299 0.00386707 0.0063532 0.00405538 0.909321 0 0.00357168 0.00395991 0.00358122 0.00398122 0.0036567 0.00462159 0.00392767 0.0111154 0.00486917 0.0130199 0.0108064 0.00877502 0.00858167 0.0087613 0.00881588 0.0239568 0.00915843 0.00976275 0.00855239 0.00909941 0.00838313 0.0105736 0.00938481 0.00819647 0.00921082 0.00830126 0.00918613 0.00823283 0.0086349 0.00966437 0.00831804 0.00823323 0.00819796 0.00919886 0.0081488 0.00998936 
0.00918402 0.0163921 0.0129875 0.0125193 0.0109484 0.0133295 0.00924251 0.00859876 0.00872017 0.00935793 0.00882416 0.0165836 0.00982308 0.0172764 0.0113151 0.00942838 0.0087052 0.00967233 0.0117081 0.0119293 0.0101554 0.00995414 0.0215264 0.00933807 0.00810667 0.00586813 0.0155315 0.00564439 0.0241667 0.00424538 0.920224 0.00354285 0.00357168 0 0.00352838 0.00358683 0.00348541 0.00370381 0.00356799 0.00929402 0.00376961 0.0121457 0.00565832 0.00948004 0.00968254 0.0102119 0.00882627 0.0160008 0.00850176 0.00898689 0.00848824 0.0145243 0.00879853 0.0166389 0.0083623 0.00806594 0.00965355 0.00835423 0.00939763 0.00830273 0.00838724 0.00820351 0.0081481 0.00810978 0.00817137 0.00879578 0.00807337 0.00908147 0.00827164 
0.0114481 0.0125882 0.0223463 0.0292354 0.0260972 0.0100327 0.00922113 0.00848018 0.00957908 0.0088824 0.0251388 0.0108463 0.0303566 0.00893772 0.00933903 0.00958834 0.00884263 0.0100149 0.0123284 0.0137827 0.0159481 0.0237362 0.0121728 0.00920944 0.00599653 0.016329 0.00625628 0.0247042 0.00628305 0.946325 0.00412131 0.0101298 0.00395991 0.00352838 0 0.0035428 0.0036216 0.00353929 0.00424135 0.0035751 0.0116067 0.0038166 0.00487318 0.0101017 0.0114298 0.0123374 0.0222744 0.00917974 0.015027 0.00890546 0.0208624 0.00995268 0.0451292 0.00935131 0.00890133 0.00892746 0.00857643 0.0228521 0.00876693 0.0163436 0.00831124 0.00867597 0.00811176 0.00812158 0.00897701 0.00822076 0.0154254 0.00821663 0.00840674 
0.00943787 0.0206008 0.0300504 0.0273527 0.0208157 0.0129605 0.00888722 0.00903478 0.00884923 0.0154439 0.0111865 0.0424406 0.0095855 0.0172972 0.0118919 0.008749 0.00897995 0.0109623 0.01252 0.0239148 0.0239463 0.0156702 0.011848 0.00905518 0.0114348 0.00682938 0.0290175 0.00785375 0.952017 0.0060766 0.00793947 0.00366502 0.00358122 0.00358683 0.0035428 0 0.00354828 0.00359309 0.00357514 0.00660703 0.00365925 0.00408214 0.00475592 0.0103204 0.0130466 0.0223189 0.0115344 0.0188451 0.00873359 0.0102249 0.00874886 0.103609 0.0106132 0.0123594 0.00932624 0.00818038 0.0150074 0.00931784 0.0234904 0.0088383 0.0102013 0.00816986 0.00830385 0.00840042 0.00828803 0.0138646 0.00828449 0.0103914 0.00832477 
0.0113852 0.0167754 0.0427737 0.0302607 0.0353923 0.0118839 0.0102758 0.00850909 0.0107718 0.00939015 0.038042 0.0104853 0.0383379 0.00949401 0.00930153 0.010003 0.00893459 0.0100032 0.0154945 0.020422 0.0230988 0.0260707 0.0117319 0.00970194 0.00699746 0.0329208 0.012085 0.97096 0.00716409 0.0237856 0.00435743 0.00439355 0.00398122 0.00348541 0.0036216 0.00354828 0 0.00354084 0.00366517 0.00365778 0.0072167 0.00361796 0.00389723 0.0113154 0.0153159 0.0157414 0.0270968 0.00982515 0.0176157 0.00876695 0.0415573 0.0116499 0.0459562 0.0107265 0.0091859 0.00968184 0.00849546 0.0361421 0.00966932 0.0198552 0.00852721 0.00877292 0.00808704 0.0081647 0.00989901 0.0083485 0.0177809 0.00831139 0.00844247 
0.00915676 0.0150006 0.0213215 0.0176718 0.0144926 0.0155733 0.0085679 0.00865425 0.00851831 0.0129583 0.00909848 0.0269457 0.00927977 0.0150347 0.00984883 0.00863753 0.00861612 0.00918004 0.0134865 0.0179363 0.0148134 0.0122966 0.0161688 0.00897987 0.0121797 0.00806368 0.955883 0.00746056 0.0201908 0.00646743 0.00706103 0.00376837 0.0036567 0.00370381 0.00353929 0.00359309 0.00354084 0 0.00352346 0.00373515 0.00351139 0.00360312 0.00411878 0.00982882 0.0110103 0.0164282 0.0105529 0.0138262 0.00851841 0.0122098 0.00865731 0.038215 0.0103487 0.0111248 0.00876442 0.00817213 0.0109118 0.00889541 0.0176336 0.0087756 0.0099243 0.00819577 0.00808616 0.00827093 0.00820625 0.0107999 0.00829192 0.00899672 0.00815922 
0.0112005 0.0112904 0.0190066 0.0177907 0.0225449 0.00957012 0.00897413 0.00847675 0.00947714 0.00883563 0.0209987 0.00967931 0.022377 0.00892005 0.00922723 0.0093518 0.00878659 0.0105302 0.0122134 0.0146 0.0159073 0.0196447 0.0104646 0.00987254 0.00828161 0.947756 0.00820807 0.0254678 0.00706969 0.014395 0.00518541 0.00534562 0.00462159 0.00356799 0.00424135 0.00357514 0.00366517 0.00352346 0 0.0035425 0.00365813 0.00367437 0.00363213 0.0124895 0.011622 0.0116222 0.0153833 0.0107838 0.0157709 0.00870232 0.0197794 0.0102476 0.0230503 0.00959481 0.00896465 0.00933945 0.00843193 0.0209249 0.00914256 0.0166164 0.0084539 0.00843621 0.00812034 0.00821807 0.00878145 0.00823881 0.0117401 0.008275 0.00840971 
0.008642 0.0117012 0.0146989 0.015648 0.0113646 0.0102114 0.00872955 0.00876779 0.00854654 0.0116192 0.00883263 0.0203754 0.00904452 0.0145404 0.00979067 0.0085499 0.00895073 0.00933014 0.00970931 0.017573 0.0151376 0.011451 0.0107371 0.00915248 0.832601 0.00813183 0.0258201 0.0075966 0.0221886 0.00637263 0.0082116 0.00456821 0.00392767 0.00929402 0.0035751 0.00660703 0.00365778 0.00373515 0.0035425 0 0.0035161 0.00359425 0.00371778 0.00961085 0.0103683 0.01464 0.0112388 0.0193283 0.0083798 0.00927053 0.00847087 0.0279048 0.00973048 0.0100529 0.00882359 0.00810693 0.0106071 0.00855696 0.0166675 0.008581 0.00895645 0.00810504 0.00811676 0.00826278 0.00804535 0.00969144 0.0081282 0.008788 0.0082094 
0.00965144 0.00941995 0.0140921 0.0122859 0.0132162 0.00902706 0.00883318 0.0083248 0.0089435 0.008834 0.0150381 0.00943159 0.0154854 0.00879245 0.00886113 0.00901134 0.00868978 0.00946555 0.010985 0.0133385 0.0120191 0.0148264 0.00968809 0.0155308 0.00821922 0.0253268 0.00754531 0.0226323 0.00718087 0.0145208 0.00583353 0.00590458 0.0111154 0.00376961 0.0116067 0.00365925 0.0072167 0.00351139 0.00365813 0.0035161 0 0.00355651 0.0036248 0.0106408 0.0109984 0.01266 0.0201779 0.00887603 0.0134703 0.0083379 0.0154813 0.00922255 0.0157073 0.00900101 0.00863867 0.00935081 0.00831168 0.0151139 0.00854293 0.01096 0.00828881 0.00833644 0.00815016 0.00809224 0.0084257 0.00819029 0.0100478 0.0081714 0.00837728 
0.00897263 0.0148633 0.0117971 0.0108633 0.00995995 0.0101117 0.00842077 0.00856148 0.00878581 0.00958547 0.00886448 0.0109503 0.00935451 0.0105835 0.00942042 0.00977912 0.00848331 0.00944232 0.0129955 0.0121128 0.011714 0.0113222 0.0266072 0.00946772 0.0158185 0.00861994 0.0154059 0.00798511 0.012563 0.00730792 0.00772566 0.00524738 0.00486917 0.0121457 0.0038166 0.00408214 0.00361796 0.00360312 0.00367437 0.00359425 0.00355651 0 0.00359173 0.00985608 0.0133468 0.0156385 0.0104272 0.0171926 0.00852914 0.00986563 0.00939384 0.0127518 0.00926313 0.0102967 0.00861799 0.008152 0.0105719 0.00862409 0.00951653 0.00855973 0.00832558 0.00815492 0.00808261 0.0082066 0.00826998 0.00877876 0.00817955 0.00835434 0.00808964 
0.0133111 0.00985003 0.0103722 0.00964253 0.00938955 0.00955782 0.00962345 0.0100006 0.00918749 0.00863078 0.00887065 0.00901349 0.00899806 0.0127514 0.0134975 0.00900725 0.0100026 0.0172619 0.0105359 0.0100779 0.0105228 0.0175571 0.0100752 0.0137812 0.0153931 0.0122007 0.00925633 0.00954453 0.0102397 0.00877915 0.00806291 0.0061599 0.0130199 0.00565832 0.00487318 0.00475592 0.00389723 0.00411878 0.00363213 0.00371778 0.0036248 0.00359173 0 0.0127835 0.0136242 0.0105132 0.0122622 0.0116209 0.015377 0.0129665 0.0103097 0.0090327 0.00942311 0.00922664 0.0131655 0.0121847 0.00850641 0.00888152 0.00880141 0.00871117 0.00826044 0.00806645 0.00820831 0.0106015 0.00837752 0.00830331 0.0081414 0.00819012 0.00837797 
0.00866576 0.00831296 0.00850253 0.00863237 0.00870319 0.00855355 0.00905522 0.00799557 0.00799261 0.00802753 0.00821041 0.00827758 0.00842586 0.0101342 0.00836508 0.00806371 0.00874716 0.00851952 0.00838417 0.00852472 0.00911621 0.00872123 0.00865886 0.0110183 0.00893594 0.00899773 0.00888923 0.00882225 0.0085777 0.00853415 0.00907165 0.0104994 0.0108064 0.00948004 0.0101017 0.0103204 0.0113154 0.00982882 0.0124895 0.00961085 0.0106408 0.00985608 0.0127835 0 0.00358634 0.003505 0.00359191 0.00368158 0.00601042 0.00485342 0.00580378 0.00664589 0.00664344 0.0219209 0.0923485 0.00932636 0.00888588 0.00988381 0.00959787 0.00918423 0.0129202 0.00883755 0.033682 0.00885841 0.00883059 0.00871759 0.0091077 0.00924663 0.0195418 
0.00834086 0.00902206 0.00992539 0.0103277 0.0102286 0.00889853 0.00845159 0.00794058 0.00813432 0.00843081 0.00849971 0.00889511 0.00991002 0.00859075 0.00816916 0.00849722 0.00816146 0.00820105 0.009561 0.0107295 0.0111435 0.0112242 0.0106707 0.00843229 0.00822898 0.00943266 0.00936665 0.0114264 0.0100479 0.0109676 0.00981989 0.00912719 0.00877502 0.00968254 0.0114298 0.0130466 0.0153159 0.0110103 0.011622 0.0103683 0.0109984 0.0133468 0.0136242 0.00358634 0 0.0035923 0.00354746 0.0036652 0.00358584 0.00413696 0.00690107 0.00560885 0.0208257 0.0694321 0.027391 0.00872888 0.0110288 0.0159015 0.0102321 0.0116579 0.00887678 0.020395 0.0200458 0.00849177 0.00957566 0.00913668 0.00950513 0.0165198 0.0096296 
0.00847494 0.0102082 0.0136694 0.0164944 0.0121393 0.00920916 0.00827074 0.00802078 0.0082289 0.00852715 0.00925195 0.0103192 0.00938888 0.00875506 0.0082108 0.00824449 0.0082094 0.00835737 0.0103059 0.0165223 0.0191806 0.0167655 0.0102551 0.00869823 0.00832361 0.00935339 0.01458 0.0124335 0.0166184 0.0113114 0.0101435 0.00862333 0.00858167 0.0102119 0.0123374 0.0223189 0.0157414 0.0164282 0.0116222 0.01464 0.01266 0.0156385 0.0105132 0.003505 0.0035923 0 0.00357298 0.00359565 0.00363106 0.00415792 0.00516623 0.026082 0.033451 0.0412555 0.00816439 0.00776407 0.0134849 0.0118805 0.0189989 0.0112246 0.0120662 0.0102093 0.00879251 0.00842532 0.00943506 0.0126006 0.0149517 0.0158831 0.00899613 
0.00858343 0.00925516 0.0128774 0.01226 0.010706 0.00906441 0.00864785 0.00801465 0.00824809 0.00890868 0.00917688 0.0101355 0.00970976 0.00870106 0.00827729 0.00840339 0.00849548 0.00840288 0.010268 0.0148418 0.0179634 0.0155521 0.0103078 0.00892961 0.0083169 0.0107286 0.0106585 0.0218465 0.0108807 0.0142166 0.0089094 0.00901091 0.0087613 0.00882627 0.0222744 0.0115344 0.0270968 0.0105529 0.0153833 0.0112388 0.0201779 0.0104272 0.0122622 0.00359191 0.00354746 0.00357298 0 0.00352268 0.00355485 0.00396571 0.0421475 0.0757405 0.0519304 0.017226 0.00656556 0.017961 0.00965383 0.0389469 0.0104585 0.0168405 0.00942033 0.0100066 0.00888783 0.00883479 0.00997149 0.0128806 0.0179625 0.00924309 0.0102147 
0.00845575 0.00944837 0.0102781 0.00980891 0.00902374 0.00904306 0.00812549 0.0082009 0.00839255 0.00833684 0.00851437 0.00918351 0.0088346 0.00880381 0.00851233 0.00842135 0.00817733 0.00865186 0.00997784 0.0107652 0.0109283 0.0104837 0.00986748 0.00847634 0.00971343 0.00884984 0.0137801 0.00920577 0.0120934 0.00890845 0.0105927 0.00862248 0.00881588 0.0160008 0.00917974 0.0188451 0.00982515 0.0138262 0.0107838 0.0193283 0.00887603 0.0171926 0.0116209 0.00368158 0.0036652 0.00359565 0.00352268 0 0.00354693 0.035724 0.0908138 0.0292951 0.0144018 0.0114555 0.0068277 0.00787378 0.0355976 0.00901015 0.0232064 0.00956335 0.0123268 0.00876392 0.00973575 0.0100427 0.0213939 0.0137999 0.0085118 0.0139824 0.00900776 
0.01078 0.00859265 0.00887271 0.00897509 0.00931767 0.00843277 0.00840013 0.00842156 0.00818798 0.00816143 0.0087928 0.00842803 0.00914813 0.00841727 0.00909165 0.00847469 0.00849673 0.0112822 0.00996128 0.00920361 0.00973659 0.0106711 0.00883754 0.00910028 0.00942862 0.0141648 0.00843586 0.0131374 0.00870337 0.00983851 0.00838013 0.00960383 0.0239568 0.00850176 0.015027 0.00873359 0.0176157 0.00851841 0.0157709 0.0083798 0.0134703 0.00852914 0.015377 0.00601042 0.00358584 0.00363106 0.00355485 0.00354693 0 0.0718942 0.021577 0.00381007 0.00455236 0.00443677 0.00737665 0.0474966 0.00783292 0.0138565 0.00891531 0.0141356 0.00840699 0.0137484 0.0105793 0.0562481 0.0114274 0.00846241 0.0124016 0.00848988 0.0104289 
0.00856392 0.00896563 0.0084761 0.00864536 0.00848399 0.00867853 0.00923942 0.00802839 0.00811231 0.00805863 0.00819721 0.00839764 0.00856943 0.0102722 0.00855744 0.00808885 0.00835074 0.00912151 0.00841204 0.00867649 0.00877243 0.00875875 0.0086906 0.00991583 0.0090194 0.00874623 0.00955356 0.00853482 0.0090335 0.00830533 0.00889467 0.00919837 0.00915843 0.00898689 0.00890546 0.0102249 0.00876695 0.0122098 0.00870232 0.00927053 0.0083379 0.00986563 0.0129665 0.00485342 0.00413696 0.00415792 0.00396571 0.035724 0.0718942 0 0.00387395 0.0035436 0.00351313 0.00357781 0.00519035 0.00731332 0.00769745 0.00767905 0.0091821 0.0105924 0.493737 0.0346218 0.0319084 0.0090418 0.00881681 0.00976937 0.00845669 0.0111043 0.0148354 
0.00882085 0.00899548 0.00996682 0.0101387 0.0102343 0.00904599 0.0086473 0.00799098 0.00820882 0.00828652 0.00886346 0.00886161 0.0108828 0.00860035 0.0081863 0.00865588 0.00823791 0.00845433 0.0101617 0.00999232 0.011587 0.0112542 0.0105959 0.00883448 0.00832673 0.0148093 0.00855908 0.0226602 0.00889116 0.0147409 0.0087743 0.00921712 0.00976275 0.00848824 0.0208624 0.00874886 0.0415573 0.00865731 0.0197794 0.00847087 0.0154813 0.00939384 0.0103097 0.00580378 0.00690107 0.00516623 0.0421475 0.0908138 0.021577 0.00387395 0 0.00354871 0.00354451 0.00367739 0.00366578 0.0148488 0.006709 0.0250913 0.0153406 0.668127 0.0336168 0.0534253 0.0116574 0.00842282 0.0114582 0.00810967 0.0168118 0.0105509 0.0116686 
0.00854911 0.00983832 0.0133598 0.0149849 0.011333 0.00979467 0.00829176 0.00808286 0.00823367 0.00897132 0.00901316 0.0127254 0.00892048 0.00963677 0.00852286 0.00831416 0.00819612 0.00865882 0.0104256 0.0185376 0.017943 0.0181494 0.0103238 0.00859451 0.00923652 0.00859561 0.0397011 0.0111423 0.0374673 0.00991056 0.0114902 0.00878663 0.00855239 0.0145243 0.00995268 0.103609 0.0116499 0.038215 0.0102476 0.0279048 0.00922255 0.0127518 0.0090327 0.00664589 0.00560885 0.026082 0.0757405 0.0292951 0.00381007 0.0035436 0.00354871 0 0.00352699 0.00356165 0.00353279 0.00567934 0.0187439 0.00749732 0.750796 0.0268805 0.0117494 0.0115941 0.00738114 0.00770561 0.00841718 0.0325175 0.00878397 0.0184879 0.00838211 
0.00874453 0.00962345 0.0144115 0.0134744 0.0122591 0.00946742 0.00849691 0.00804216 0.00831889 0.00872318 0.0100867 0.0109613 0.0104325 0.0086037 0.00823355 0.00841368 0.00837629 0.00846179 0.0109176 0.0171644 0.0213286 0.0180608 0.0112106 0.00859861 0.00817598 0.0122176 0.0103502 0.029635 0.0114739 0.0169658 0.00948881 0.00934336 0.00909941 0.00879853 0.0451292 0.0106132 0.0459562 0.0103487 0.0230503 0.00973048 0.0157073 0.00926313 0.00942311 0.00664344 0.0208257 0.033451 0.0519304 0.0144018 0.00455236 0.00351313 0.00354451 0.00352699 0 0.00357704 0.00353292 0.00923601 0.00691416 0.832294 0.0257186 0.0189912 0.00942979 0.00817324 0.00738196 0.00738799 0.0106739 0.00908324 0.0168738 0.00863904 0.0091643 
0.00831019 0.00916443 0.0100448 0.0102199 0.00942991 0.00911124 0.00838764 0.00799406 0.00824362 0.0082634 0.008509 0.00871161 0.00908624 0.00879192 0.00826839 0.00863641 0.00846213 0.00843377 0.00963431 0.01105 0.0121301 0.0108978 0.0106708 0.00859271 0.00857198 0.00879115 0.0108444 0.0104231 0.0104624 0.00944798 0.0100799 0.00918961 0.00838313 0.0166389 0.00935131 0.0123594 0.0107265 0.0111248 0.00959481 0.0100529 0.00900101 0.0102967 0.00922664 0.0219209 0.0694321 0.0412555 0.017226 0.0114555 0.00443677 0.00357781 0.00367739 0.00356165 0.00357704 0 0.00353317 0.00714979 0.792062 0.0143724 0.0110703 0.00986499 0.00968446 0.00704703 0.00714848 0.00836147 0.0096378 0.00985972 0.00837809 0.013089 0.00873443 
