1GEFA
MYRKGAQAERELIKLLEKHGFAVVRSAGSKKVDLVAGNGKKYLCIEVKVTKKDHLYVGKRDMGRLIEFSRRFGGIPVLAVKFLNVGWRFIEVSPKIEKFVFTPSSGVSLEVLLGIQKTLE
CCHHHHHHHHHHHHHHHHCCCEEEEEHHHCCCCEEEECCCCEEEEEEEEECCCCEEECHHHHHHHHHHHHHHCCEEEEEEEECCCEEEEEECCCCCCCEEECHHHCECHHHHCCHHHCCC
0 0 0 0 0 0 0 0 0 0 0 0 0 0 0 0 0 0 0 0 0 0 0 0 0 0 0 0 0 0 0 0 0 0 0 0 0 0 0 0 0 0 0 0 0 0 0 0 0 0 0 0 0 0 0 0 0 0 0 0 0 0 0 0 0 0 0 0 0 0 0 0 0 0 0 0 0 0 0 0 0 0 0 0 0 0 0 0 0 0 0 0 0 0 0 0 0 0 0 0 0 0 0 0 0 0 0 0 0 0 0 0 0 0 0 0 0 0 0 0 
0 0 0 0 0 0 0 0 0 0 0 0 0 0 0 0 0 0 0 0 0 0 0 0 0 0 0 0 0 0 0 0 0 0 0 0 0 0 0 0 0 0 0 0 0 0 0 0 0 0 0 0 0 0 0 0 0 0 0 0 0 0 0 0 0 0 0 0 0 0 0 0 0 0 0 0 0 0 0 0 0 0 0 0 0 0 0 0 0 0 0 0 0 0 0 0 0 0 0 0 0 0 0 0 0 0 0 0 0 0 0 0 0 0 0 0 0 0 0 0 
0 0.00363945 0.00359158 0.00391273 0.0043671 0.0119601 0.0151077 0.0198829 0.555982 0.0301201 0.0162592 0.0139806 0.0153178 0.0170806 0.0139848 0.013933 0.0169527 0.0442058 0.0239817 0.0118313 0.0302282 0.0139785 0.0115162 0.0118341 0.0168691 0.0148285 0.0141662 0.0136007 0.0212518 0.00992674 0.00948818 0.00949888 0.00995249 0.00960689 0.0169795 0.00993092 0.00970681 0.0143161 0.0102701 
0.00363945 0 0.0035936 0.00371284 0.00355822 0.0121905 0.0171561 0.569885 0.0135053 0.0148406 0.0267885 0.0257876 0.018311 0.0259413 0.0194559 0.0294606 0.0374364 0.0162907 0.0113123 0.0283868 0.0109805 0.00986471 0.0153162 0.0293506 0.0304282 0.0425677 0.0246498 0.0292855 0.0104163 0.00922723 0.0105845 0.0142961 0.0111123 0.0152955 0.0109174 0.00895795 0.011519 0.0105007 0.00859143 
0.00359158 0.0035936 0 0.003587 0.00353763 0.0120043 0.382504 0.0196718 0.0108616 0.0102656 0.0228858 0.0206211 0.0329411 0.0118087 0.0507817 0.0229148 0.0227489 0.0100123 0.0202757 0.00930088 0.0129574 0.00871374 0.0188787 0.0240351 0.0486986 0.0439185 0.0865428 0.0110144 0.0109986 0.00855681 0.0152377 0.00989862 0.030858 0.00968221 0.00919265 0.00967207 0.00871232 0.0108132 0.00829889 
0.00391273 0.00371284 0.003587 0 0.00353225 0.230806 0.0152291 0.0119226 0.00820988 0.011376 0.0138984 0.0158382 0.010627 0.024352 0.0149414 0.0227013 0.0131525 0.0111379 0.0110145 0.0253723 0.00895499 0.0125674 0.00958528 0.0152445 0.0188931 0.0267532 0.0143248 0.0189899 0.00895308 0.011459 0.00878894 0.0183067 0.00883366 0.0100908 0.00969651 0.00958576 0.00982882 0.00921651 0.00896482 
0.0043671 0.00355822 0.00353763 0.00353225 0 0.0178696 0.00601111 0.00506143 0.00540641 0.0121244 0.00820164 0.00857243 0.00917875 0.0169115 0.01185 0.00843186 0.00993979 0.0115468 0.0249938 0.00923826 0.0142399 0.0119481 0.00961368 0.0102555 0.0118129 0.0104852 0.0109216 0.00919871 0.011008 0.0109703 0.00993229 0.00854266 0.00902057 0.00863345 0.0090904 0.0123053 0.00850638 0.009516 0.0112319 
0.0119601 0.0121905 0.0120043 0.230806 0.0178696 0 0.00366008 0.00363508 0.0040371 0.00775122 0.0092654 0.0150952 0.829232 0.0222202 0.0116525 0.0128401 0.0134017 0.0266968 0.02568 0.011578 0.0238383 0.0215278 0.0176593 0.0253559 0.0306781 0.02808 0.0289718 0.0165319 0.0274646 0.0139139 0.0126014 0.0112809 0.0126161 0.0116617 0.0193249 0.0139399 0.00991207 0.0242355 0.0113768 
0.0151077 0.0171561 0.382504 0.0152291 0.00601111 0.00366008 0 0.00360109 0.00361714 0.0148825 0.0211661 0.900919 0.015513 0.0103163 0.00995167 0.0119691 0.020945 0.0108393 0.0137056 0.0241127 0.0120427 0.0100526 0.0374102 0.0275242 0.051367 0.0472371 0.0424088 0.0276094 0.0121663 0.0097051 0.0134882 0.0126166 0.0173877 0.0166897 0.0112575 0.010306 0.0127986 0.0113568 0.00876181 
0.0198829 0.569885 0.0196718 0.0119226 0.00506143 0.00363508 0.00360109 0 0.00356421 0.0169186 0.931962 0.0130375 0.00903362 0.00778943 0.00960361 0.0136624 0.0141882 0.00983007 0.0127928 0.0273255 0.012317 0.0120052 0.0116021 0.0241874 0.0285476 0.0330946 0.0262633 0.0289148 0.0115792 0.0106427 0.011358 0.01289 0.0111938 0.0140755 0.0113726 0.0107796 0.0127839 0.0104217 0.00906593 
0.555982 0.0135053 0.0108616 0.00820988 0.00540641 0.0040371 0.00361714 0.00356421 0 0.941805 0.00638714 0.00517055 0.00664422 0.00525793 0.00884976 0.00663179 0.00908406 0.0089207 0.0230792 0.00920045 0.0171527 0.012029 0.00959443 0.0108141 0.0142885 0.0118382 0.0122689 0.0100308 0.0154838 0.0121097 0.010445 0.00860798 0.00935297 0.00878248 0.0108904 0.0150891 0.00902295 0.0150083 0.0119214 
0.0301201 0.0148406 0.0102656 0.011376 0.0121244 0.00775122 0.0148825 0.0169186 0.941805 0 0.00362542 0.0035474 0.00358631 0.00362016 0.00375366 0.00388344 0.00470657 0.0112516 0.00874879 0.00924203 0.0164447 0.0280691 0.0133377 0.01481 0.0153027 0.0184124 0.0137776 0.0157409 0.0232161 0.0150047 0.00969777 0.0110057 0.00978571 0.01083 0.0210806 0.0124454 0.0108077 0.0215702 0.0123632 
0.0162592 0.0267885 0.0228858 0.0138984 0.00820164 0.0092654 0.0211661 0.931962 0.00638714 0.00362542 0 0.00374201 0.00358333 0.00365975 0.00375308 0.00403765 0.00535974 0.0044035 0.0109843 0.0105376 0.0124962 0.0135173 0.0414723 0.0242397 0.0412239 0.0300826 0.045253 0.0197261 0.0155271 0.00942344 0.0226898 0.0114438 0.0195148 0.0146769 0.0112205 0.0114376 0.0140762 0.0134888 0.00933926 
0.0139806 0.0257876 0.0206211 0.0158382 0.00857243 0.0150952 0.900919 0.0130375 0.00517055 0.0035474 0.00374201 0 0.00354329 0.00349026 0.00358096 0.00366498 0.00365579 0.0039462 0.00727697 0.0143388 0.00658695 0.0127733 0.0170073 0.0549063 0.0427375 0.0878431 0.0363419 0.0453534 0.00973533 0.0109181 0.010689 0.0396245 0.014359 0.0185273 0.0110452 0.0101801 0.011484 0.00984234 0.0086824 
0.0153178 0.018311 0.0329411 0.010627 0.00917875 0.829232 0.015513 0.00903362 0.00664422 0.00358631 0.00358333 0.00354329 0 0.00354061 0.00358826 0.00355551 0.00370108 0.00365174 0.0085076 0.00654152 0.0116328 0.00991957 0.0282524 0.0358822 0.0810628 0.037835 0.125549 0.0124049 0.0155874 0.00883582 0.0270604 0.0107659 0.0509566 0.0116161 0.0118218 0.0112297 0.00895197 0.0128414 0.009138 
0.0170806 0.0259413 0.0118087 0.024352 0.0169115 0.0222202 0.0103163 0.00778943 0.00525793 0.00362016 0.00365975 0.00349026 0.00354061 0 0.00353037 0.00361283 0.00355381 0.00357835 0.00467224 0.0107176 0.00646292 0.0222677 0.0108488 0.0529608 0.0497112 0.0801192 0.0212058 0.0417684 0.00950913 0.0134611 0.00926191 0.0601303 0.0101961 0.0247495 0.0118764 0.00933593 0.0122714 0.00960177 0.00875994 
0.0139848 0.0194559 0.0507817 0.0149414 0.01185 0.0116525 0.00995167 0.00960361 0.00884976 0.00375366 0.00375308 0.00358096 0.00358826 0.00353037 0 0.00353304 0.00355833 0.00357967 0.00867259 0.0102534 0.0965379 0.00969473 0.027624 0.0228388 0.0655188 0.0272128 0.0892587 0.0108008 0.0157709 0.00873133 0.0348496 0.009743 0.0467244 0.0117924 0.00967706 0.0120355 0.00883287 0.0151109 0.00952474 
0.013933 0.0294606 0.0229148 0.0227013 0.00843186 0.0128401 0.0119691 0.0136624 0.00663179 0.00388344 0.00403765 0.00366498 0.00355551 0.00361283 0.00353304 0 0.0035384 0.00355215 0.00500601 0.0781654 0.00738911 0.0182807 0.0104211 0.048857 0.0215084 0.0708575 0.0224739 0.0336582 0.00914999 0.0124146 0.00891806 0.0447045 0.0104534 0.0119881 0.0113317 0.00966149 0.0120912 0.00969166 0.00917634 
0.0169527 0.0374364 0.0227489 0.0131525 0.00993979 0.0134017 0.020945 0.0141882 0.00908406 0.00470657 0.00535974 0.00365579 0.00370108 0.00355381 0.00355833 0.0035384 0 0.00359792 0.0857818 0.0186131 0.00804813 0.0105395 0.0290597 0.0144033 0.0319751 0.0149037 0.0326558 0.0142628 0.0147383 0.00938945 0.0364777 0.00929197 0.0131284 0.011952 0.00999391 0.0126104 0.0113391 0.0134917 0.00956668 
0.0442058 0.0162907 0.0100123 0.0111379 0.0115468 0.0266968 0.0108393 0.00983007 0.0089207 0.0112516 0.0044035 0.0039462 0.00365174 0.00357835 0.00357967 0.00355215 0.00359792 0 0.0299097 0.0078556 0.00414191 0.0185059 0.00955829 0.0129658 0.0106161 0.013778 0.0098014 0.0114112 0.0154601 0.0307179 0.0100854 0.0100628 0.00923149 0.00930693 0.0123601 0.0192402 0.010457 0.0129149 0.0160371 
0.0239817 0.0113123 0.0202757 0.0110145 0.0249938 0.02568 0.0137056 0.0127928 0.0230792 0.00874879 0.0109843 0.00727697 0.0085076 0.00467224 0.00867259 0.00500601 0.0857818 0.0299097 0 0.00367387 0.00543157 0.0143854 0.027699 0.0185981 0.0187447 0.0130286 0.02317 0.0112622 0.0735374 0.00945386 0.0150645 0.00894121 0.0142012 0.0108657 0.0198238 0.0175981 0.0102562 0.0763967 0.0166478 
0.0118313 0.0283868 0.00930088 0.0253723 0.00923826 0.011578 0.0241127 0.0273255 0.00920045 0.00924203 0.0105376 0.0143388 0.00654152 0.0107176 0.0102534 0.0781654 0.0186131 0.0078556 0.00367387 0 0.00358447 0.0198472 0.0270139 0.0214064 0.0148188 0.0218023 0.0108825 0.0977633 0.00972387 0.0147263 0.00872779 0.0162557 0.00884776 0.0160043 0.0128008 0.00991565 0.0653534 0.00922894 0.00960118 
0.0302282 0.0109805 0.0129574 0.00895499 0.0142399 0.0238383 0.0120427 0.012317 0.0171527 0.0164447 0.0124962 0.00658695 0.0116328 0.00646292 0.0965379 0.00738911 0.00804813 0.00414191 0.00543157 0.00358447 0 0.0190646 0.0102907 0.0144357 0.0145474 0.0114084 0.0214732 0.0101879 0.0495058 0.012327 0.0176496 0.00851667 0.0131846 0.00940162 0.00988839 0.0352013 0.00912238 0.0276941 0.0193079 
0.0139785 0.00986471 0.00871374 0.0125674 0.0119481 0.0215278 0.0100526 0.0120052 0.012029 0.0280691 0.0135173 0.0127733 0.00991957 0.0222677 0.00969473 0.0182807 0.0105395 0.0185059 0.0143854 0.0198472 0.0190646 0 0.00454799 0.00357025 0.00356336 0.00372324 0.00376402 0.00653484 0.0059432 0.00731511 0.0059696 0.008508 0.00679458 0.00831048 0.0421447 0.0111468 0.0197294 0.0170592 0.0115528 
0.0115162 0.0153162 0.0188787 0.00958528 0.00961368 0.0176593 0.0374102 0.0116021 0.00959443 0.0133377 0.0414723 0.0170073 0.0282524 0.0108488 0.027624 0.0104211 0.0290597 0.00955829 0.027699 0.0270139 0.0102907 0.00454799 0 0.00353698 0.00357016 0.00355737 0.00373424 0.00383055 0.00408922 0.0054758 0.00714693 0.00645503 0.00809291 0.0113836 0.0265769 0.0207664 0.0119003 0.0125321 0.00946048 
0.0118341 0.0293506 0.0240351 0.0152445 0.0102555 0.0253559 0.0275242 0.0241874 0.0108141 0.01481 0.0242397 0.0549063 0.0358822 0.0529608 0.0228388 0.048857 0.0144033 0.0129658 0.0185981 0.0214064 0.0144357 0.00357025 0.00353698 0 0.00356169 0.00356163 0.00358658 0.00359325 0.00365671 0.00708618 0.00620713 0.00835605 0.00805228 0.0782984 0.587385 0.0105672 0.0111697 0.0113121 0.00918373 
0.0168691 0.0304282 0.0486986 0.0188931 0.0118129 0.0306781 0.051367 0.0285476 0.0142885 0.0153027 0.0412239 0.0427375 0.0810628 0.0497112 0.0655188 0.0215084 0.0319751 0.0106161 0.0187447 0.0148188 0.0145474 0.00356336 0.00357016 0.00356169 0 0.00355018 0.0035671 0.00359182 0.00359404 0.00493478 0.00721534 0.00930957 0.0893235 0.552291 0.0534508 0.0119095 0.0109987 0.0131891 0.00926223 
0.0148285 0.0425677 0.0439185 0.0267532 0.0104852 0.02808 0.0472371 0.0330946 0.0118382 0.0184124 0.0300826 0.0878431 0.037835 0.0801192 0.0272128 0.0708575 0.0149037 0.013778 0.0130286 0.0218023 0.0114084 0.00372324 0.00355737 0.00356163 0.00355018 0 0.00355229 0.00357521 0.00355632 0.00476162 0.0084647 0.111889 0.647096 0.0746517 0.00912974 0.010028 0.0116396 0.0112097 0.00959503 
0.0141662 0.0246498 0.0865428 0.0143248 0.0109216 0.0289718 0.0424088 0.0262633 0.0122689 0.0137776 0.045253 0.0363419 0.125549 0.0212058 0.0892587 0.0224739 0.0326558 0.0098014 0.02317 0.0108825 0.0214732 0.00376402 0.00373424 0.00358658 0.0035671 0.00355229 0 0.00356055 0.00358205 0.0049285 0.139002 0.632355 0.0869379 0.00851451 0.00749998 0.0116206 0.00924431 0.0153744 0.00944667 
0.0136007 0.0292855 0.0110144 0.0189899 0.00919871 0.0165319 0.0276094 0.0289148 0.0100308 0.0157409 0.0197261 0.0453534 0.0124049 0.0417684 0.0108008 0.0336582 0.0142628 0.0114112 0.0112622 0.0977633 0.0101879 0.00653484 0.00383055 0.00359325 0.00359182 0.00357521 0.00356055 0 0.00359326 0.0708773 0.727769 0.0895994 0.00637821 0.00794629 0.00903666 0.0102703 0.0356952 0.00965346 0.0103225 
0.0212518 0.0104163 0.0109986 0.00895308 0.011008 0.0274646 0.0121663 0.0115792 0.0154838 0.0232161 0.0155271 0.00973533 0.0155874 0.00950913 0.0157709 0.00914999 0.0147383 0.0154601 0.0735374 0.00972387 0.0495058 0.0059432 0.00408922 0.00365671 0.00359404 0.00355632 0.00358205 0.00359326 0 0.777558 0.0431713 0.00403498 0.00581166 0.00560384 0.00770656 0.0312985 0.00866162 0.0204094 0.0156346 
0.00992674 0.00922723 0.00855681 0.011459 0.0109703 0.0139139 0.0097051 0.0106427 0.0121097 0.0150047 0.00942344 0.0109181 0.00883582 0.0134611 0.00873133 0.0124146 0.00938945 0.0307179 0.00945386 0.0147263 0.012327 0.00731511 0.0054758 0.00708618 0.00493478 0.00476162 0.0049285 0.0708773 0.777558 0 0.00362189 0.00382181 0.00356366 0.00384828 0.00716924 0.0074545 0.00991831 0.0108803 0.0127525 
0.00948818 0.0105845 0.0152377 0.00878894 0.00993229 0.0126014 0.0134882 0.011358 0.010445 0.00969777 0.0226898 0.010689 0.0270604 0.00926191 0.0348496 0.00891806 0.0364777 0.0100854 0.0150645 0.00872779 0.0176496 0.0059696 0.00714693 0.00620713 0.00721534 0.0084647 0.139002 0.727769 0.0431713 0.00362189 0 0.0035279 0.00360834 0.00390882 0.00367806 0.0081845 0.00759813 0.0200496 0.00858629 
0.00949888 0.0142961 0.00989862 0.0183067 0.00854266 0.0112809 0.0126166 0.01289 0.00860798 0.0110057 0.0114438 0.0396245 0.0107659 0.0601303 0.009743 0.0447045 0.00929197 0.0100628 0.00894121 0.0162557 0.00851667 0.008508 0.00645503 0.00835605 0.00930957 0.111889 0.632355 0.0895994 0.00403498 0.00382181 0.0035279 0 0.00352501 0.00357322 0.00366089 0.00740672 0.019199 0.00864001 0.00830802 
0.00995249 0.0111123 0.030858 0.00883366 0.00902057 0.0126161 0.0173877 0.0111938 0.00935297 0.00978571 0.0195148 0.014359 0.0509566 0.0101961 0.0467244 0.0104534 0.0131284 0.00923149 0.0142012 0.00884776 0.0131846 0.00679458 0.00809291 0.00805228 0.0893235 0.647096 0.0869379 0.00637821 0.00581166 0.00356366 0.00360834 0.00352501 0 0.00361506 0.00354485 0.019542 0.00814073 0.135975 0.00781097 
0.00960689 0.0152955 0.00968221 0.0100908 0.00863345 0.0116617 0.0166897 0.0140755 0.00878248 0.01083 0.0146769 0.0185273 0.0116161 0.0247495 0.0117924 0.0119881 0.011952 0.00930693 0.0108657 0.0160043 0.00940162 0.00831048 0.0113836 0.0782984 0.552291 0.0746517 0.00851451 0.00794629 0.00560384 0.00384828 0.00390882 0.00357322 0.00361506 0 0.00357671 0.0195189 0.0967637 0.00875535 0.00769152 
0.0169795 0.0109174 0.00919265 0.00969651 0.0090904 0.0193249 0.0112575 0.0113726 0.0108904 0.0210806 0.0112205 0.0110452 0.0118218 0.0118764 0.00967706 0.0113317 0.00999391 0.0123601 0.0198238 0.0128008 0.00988839 0.0421447 0.0265769 0.587385 0.0534508 0.00912974 0.00749998 0.00903666 0.00770656 0.00716924 0.00367806 0.00366089 0.00354485 0.00357671 0 0.084427 0.0116724 0.0102364 0.0108022 
0.00993092 0.00895795 0.00967207 0.00958576 0.0123053 0.0139399 0.010306 0.0107796 0.0150891 0.0124454 0.0114376 0.0101801 0.0112297 0.00933593 0.0120355 0.00966149 0.0126104 0.0192402 0.0175981 0.00991565 0.0352013 0.0111468 0.0207664 0.0105672 0.0119095 0.010028 0.0116206 0.0102703 0.0312985 0.0074545 0.0081845 0.00740672 0.019542 0.0195189 0.084427 0 0.00392791 0.0043793 0.0109953 
0.00970681 0.011519 0.00871232 0.00982882 0.00850638 0.00991207 0.0127986 0.0127839 0.00902295 0.0108077 0.0140762 0.011484 0.00895197 0.0122714 0.00883287 0.0120912 0.0113391 0.010457 0.0102562 0.0653534 0.00912238 0.0197294 0.0119003 0.0111697 0.0109987 0.0116396 0.00924431 0.0356952 0.00866162 0.00991831 0.00759813 0.019199 0.00814073 0.0967637 0.0116724 0.00392791 0 0.0037696 0.00577687 
0.0143161 0.0105007 0.0108132 0.00921651 0.009516 0.0242355 0.0113568 0.0104217 0.0150083 0.0215702 0.0134888 0.00984234 0.0128414 0.00960177 0.0151109 0.00969166 0.0134917 0.0129149 0.0763967 0.00922894 0.0276941 0.0170592 0.0125321 0.0113121 0.0131891 0.0112097 0.0153744 0.00965346 0.0204094 0.0108803 0.0200496 0.00864001 0.135975 0.00875535 0.0102364 0.0043793 0.0037696 0 0.0225222 
0.0102701 0.00859143 0.00829889 0.00896482 0.0112319 0.0113768 0.00876181 0.00906593 0.0119214 0.0123632 0.00933926 0.0086824 0.009138 0.00875994 0.00952474 0.00917634 0.00956668 0.0160371 0.0166478 0.00960118 0.0193079 0.0115528 0.00946048 0.00918373 0.00926223 0.00959503 0.00944667 0.0103225 0.0156346 0.0127525 0.00858629 0.00830802 0.00781097 0.00769152 0.0108022 0.0109953 0.00577687 0.0225222 0 
