1GTMA
ADPYEIVIKQLERAAQYMEISEEALEFLKRPQRIVEVTIPVEMDDGSVKVFTGFRVQHNWARGPTKGGIRWHPEETLSTVKALAAWMTWKTAVMDLPYGGGKGGIIVDPKKLSDREKERLARGYIRAIYDVISPYEDIPAPDVYTNPQIMAWMMDEYETISRRKTPAFGIITGKPLSIGGSLGRIEATARGASYTIREAAKVLGWDTLKGKTIAIQGYGNAGYYLAKIMSEDFGMKVVAVSDSKGGIYNPDGLNADEVLKWKNEHGSVKDFPGATNITNEELLELEVDVLAPAAIEEVITKKNADNIKAKIVAEVANGPVTPEADEILFEKGILQIPDFLCNAGGVTVSYFEWVQNITGYYWTIEEVRERLDKKMTKAFYDVYNIAKEKNIHMRDAAYVVAVQRVYQAMLDRGWVKH
CCHHHHHHHHHHHHHHHCCCCHHHHHHHCCCCEEEEEEEEEECCCCCEEEEEEEEEEEECCCCCEECCEEECCCCCHHHHHHHHHHHHHHHHHCCCCCEEEEEEEECCHHHCCHHHHHHHHHHHHHHHHHHCECCCEECCECCCCCHHHHHHHHHHHHHHHCCCCCHHHHCCCCCHHHCCCCCCCCHHHHHHHHHHHHHHHHCCCCCCCCCEEEEECCCHHHHHHHHHHHHCCCCEEEEEECCCCEEEEEEEECHHHHHHHHHHHCCCCCCCCCEEECHHHHHHCCCCEEEECCCCCCECCCHHHHCCCCEEECCCCCCECHHHHHHHHHCCCEEECHHHHCCHHHHHHHHHHHHHHHCCCCCHHHHHHHHHHHHHHHHHHHHHHHHHCCCCHHHHHHHHHHHHHHHHHHHHCCCCC
0 0 0 0 0 0 0 0 0 0 0 0 0 0 0 0 0 0 0 0 0 0 0 0 0 0 0 0 0 0 0 0 0 0 0 0 0 0 0 0 0 0 0 0 0 0 0 0 0 0 0 0 0 0 0 0 0 0 0 0 0 0 0 0 0 0 0 0 0 0 0 0 0 0 0 0 0 0 0 0 0 0 0 0 0 0 0 0 0 0 0 0 0 0 0 0 0 0 0 0 0 0 0 0 0 0 0 0 0 0 0 0 0 0 0 0 0 0 0 0 0 0 0 0 0 0 0 0 0 0 0 0 0 0 0 0 0 0 0 0 0 0 0 0 0 0 0 0 0 0 0 0 0 0 0 0 0 0 0 0 0 0 0 0 0 0 0 0 0 0 0 0 0 0 0 0 0 0 0 0 0 0 0 0 0 0 0 0 0 0 0 0 0 0 0 0 0 0 0 0 0 0 0 0 0 0 0 0 0 0 0 0 0 0 0 0 0 0 0 0 0 0 0 0 0 0 0 0 0 0 0 0 0 0 0 0 0 0 0 0 0 0 0 0 0 0 0 0 0 0 0 0 0 0 0 0 0 0 0 0 0 0 0 0 0 0 0 0 0 0 0 0 0 0 0 0 0 0 0 0 0 0 0 0 0 0 0 0 0 0 0 0 0 0 0 0 0 0 0 0 0 0 0 0 0 0 0 0 0 0 0 0 0 0 0 0 0 0 0 0 0 0 0 0 0 0 0 0 0 0 0 0 0 0 0 0 0 0 0 0 0 0 0 0 0 0 0 0 0 0 0 0 0 0 0 0 0 0 0 0 0 0 0 0 0 0 0 0 0 0 0 0 0 0 0 0 0 0 0 0 0 0 0 0 0 0 0 0 0 0 0 0 0 0 0 0 0 0 0 0 0 0 0 0 0 0 0 0 0 0 0 0 0 0 0 0 0 
0 0 0 0 0 0 0 0 0 0 0 0 0 0 0 0 0 0 0 0 0 0 0 0 0 0 0 0 0 0 0 0 0 0 0 0 0 0 0 0 0 0 0 0 0 0 0 0 0 0 0 0 0 0 0 0 0 0 0 0 0 0 0 0 0 0 0 0 0 0 0 0 0 0 0 0 0 0 0 0 0 0 0 0 0 0 0 0 0 0 0 0 0 0 0 0 0 0 0 0 0 0 0 0 0 0 0 0 0 0 0 0 0 0 0 0 0 0 0 0 0 0 0 0 0 0 0 0 0 0 0 0 0 0 0 0 0 0 0 0 0 0 0 0 0 0 0 0 0 0 0 0 0 0 0 0 0 0 0 0 0 0 0 0 0 0 0 0 0 0 0 0 0 0 0 0 0 0 0 0 0 0 0 0 0 0 0 0 0 0 0 0 0 0 0 0 0 0 0 0 0 0 0 0 0 0 0 0 0 0 0 0 0 0 0 0 0 0 0 0 0 0 0 0 0 0 0 0 0 0 0 0 0 0 0 0 0 0 0 0 0 0 0 0 0 0 0 0 0 0 0 0 0 0 0 0 0 0 0 0 0 0 0 0 0 0 0 0 0 0 0 0 0 0 0 0 0 0 0 0 0 0 0 0 0 0 0 0 0 0 0 0 0 0 0 0 0 0 0 0 0 0 0 0 0 0 0 0 0 0 0 0 0 0 0 0 0 0 0 0 0 0 0 0 0 0 0 0 0 0 0 0 0 0 0 0 0 0 0 0 0 0 0 0 0 0 0 0 0 0 0 0 0 0 0 0 0 0 0 0 0 0 0 0 0 0 0 0 0 0 0 0 0 0 0 0 0 0 0 0 0 0 0 0 0 0 0 0 0 0 0 0 0 0 0 0 0 0 0 0 0 0 0 0 0 0 0 0 0 0 0 0 0 0 0 0 0 
0 0.00366013 0.00375634 0.00378022 0.00405804 0.00394249 0.00425599 0.00419617 0.00480974 0.00843607 0.0147254 0.00815441 0.00867486 0.00962728 0.00821402 0.0103242 0.00979329 0.0162418 0.0253834 0.526609 0.0121003 0.0184919 0.0120841 0.0116921 0.0152885 0.00886466 0.0222549 0.0104278 0.00870244 0.00856704 0.0084282 0.00902424 0.0089819 0.00971051 0.00978886 0.00880551 0.00833822 0.00870542 0.00868627 0.0082998 0.00836982 0.00840458 0.00817758 0.00811135 0.00810672 0.00820609 0.00833248 0.0083963 0.00815628 0.00822629 0.00825842 0.00809459 0.00808908 0.00804314 0.00800418 0.00802727 0.00807699 0.00842607 0.00816061 0.00810929 0.00875849 0.00848284 0.00831512 0.00824638 0.00861899 0.00870489 0.00894174 0.00837292 0.00857502 0.00889439 0.0084232 0.00849072 0.00876727 
0.00366013 0 0.00369972 0.00377243 0.00365144 0.00381832 0.00367049 0.00447379 0.0041235 0.00535639 0.00723468 0.00956933 0.00951813 0.00783592 0.0149768 0.00817912 0.0104244 0.048492 0.537903 0.0270456 0.0176167 0.0139004 0.00998621 0.00913929 0.0091156 0.0211801 0.00891766 0.0104562 0.0095884 0.00967738 0.00982919 0.0092272 0.0156876 0.00908214 0.00997755 0.00808022 0.00824837 0.00814596 0.00816112 0.00828058 0.00852192 0.00879101 0.00828651 0.00808758 0.00830404 0.00824778 0.0084223 0.00847511 0.00825594 0.00815185 0.00811976 0.00809086 0.00813577 0.00805213 0.00795806 0.00803377 0.00809901 0.00804079 0.0081554 0.00819538 0.00811536 0.00833859 0.00843416 0.00829191 0.00829167 0.00828447 0.00839359 0.00864268 0.00832233 0.00834937 0.00841659 0.0087016 0.00847708 
0.00375634 0.00369972 0 0.00363952 0.00466441 0.00364188 0.0062056 0.00356509 0.00505029 0.00371992 0.00986321 0.00795948 0.00865226 0.0207848 0.00782714 0.0164144 0.0250776 0.617644 0.0419119 0.0173187 0.0157776 0.00910897 0.00942374 0.00913993 0.0131944 0.008575 0.0143512 0.0093389 0.0109499 0.0127769 0.00995966 0.0221553 0.0115896 0.0218492 0.00852598 0.00818031 0.00823656 0.00857658 0.00805412 0.00828918 0.00919069 0.00913174 0.00869931 0.00821448 0.00813465 0.00885613 0.00876389 0.00884861 0.00846914 0.00830702 0.00833309 0.00836579 0.00815146 0.00817815 0.00807368 0.00810082 0.00805448 0.0083702 0.00824533 0.00821106 0.00880368 0.00872804 0.00855727 0.00853616 0.0082741 0.00862102 0.00918427 0.00872905 0.00849146 0.00848497 0.00856675 0.00901631 0.00865693 
0.00378022 0.00377243 0.00363952 0 0.00362571 0.00424019 0.00360218 0.00434831 0.003587 0.00491137 0.00698663 0.00873327 0.0152843 0.00772624 0.0163276 0.010506 0.78545 0.0589827 0.00878399 0.0273356 0.00968035 0.0107509 0.00982588 0.00960118 0.00889722 0.0143785 0.00863272 0.0106696 0.0100299 0.0108585 0.0154488 0.00995839 0.0256343 0.00901556 0.0128776 0.00848036 0.00886599 0.0081915 0.00814725 0.00928077 0.00859395 0.0106762 0.00841061 0.00830634 0.00942131 0.00837513 0.00868617 0.00902214 0.00830137 0.00828037 0.00873135 0.00819102 0.00827168 0.00807398 0.00798536 0.00806726 0.00825336 0.00803326 0.00888353 0.00825774 0.00811699 0.00857305 0.00865795 0.00841789 0.00834922 0.00853915 0.00863033 0.00878719 0.00852334 0.00870333 0.00907022 0.00876285 0.00881967 
0.00405804 0.00365144 0.00466441 0.00362571 0 0.00356677 0.00475661 0.00353636 0.00408981 0.00364129 0.0117389 0.00716616 0.00758012 0.0176851 0.00842279 0.927332 0.0298555 0.00844889 0.0259395 0.00880051 0.019249 0.00950348 0.0100534 0.00930621 0.0126694 0.00859664 0.0201893 0.00958472 0.0116836 0.0124449 0.00951869 0.0208158 0.00999898 0.0167189 0.00861441 0.00830111 0.00827385 0.00906696 0.00813473 0.0082688 0.0101199 0.0090241 0.00966493 0.0082139 0.00808464 0.00948441 0.00879121 0.00909669 0.00871079 0.008215 0.00823539 0.00865366 0.00816244 0.00864855 0.00807215 0.00833782 0.00803541 0.00930867 0.00830076 0.00821027 0.00982108 0.00940549 0.00865195 0.00851963 0.00830953 0.00944846 0.0100988 0.00868611 0.0088161 0.00881023 0.00886977 0.00901999 0.00902784 
0.00394249 0.00381832 0.00364188 0.00424019 0.00356677 0 0.00352982 0.00396822 0.00354222 0.00421981 0.00676735 0.00812912 0.0105391 0.00793836 0.940685 0.0153418 0.00841791 0.0177865 0.00769483 0.0257704 0.00904031 0.00953678 0.0093355 0.00905094 0.00907117 0.0121618 0.00866882 0.0113366 0.00958324 0.0106479 0.0164045 0.00937092 0.0213017 0.0088617 0.0115849 0.00856433 0.00880704 0.00818329 0.00816801 0.00946418 0.00860989 0.0103489 0.00840588 0.00822246 0.00966094 0.00837151 0.00860665 0.00897175 0.0082901 0.00822462 0.00880503 0.00824125 0.00839141 0.00810003 0.00801013 0.00806363 0.00839635 0.00803204 0.0089683 0.00826911 0.00812025 0.00861623 0.00853095 0.00834417 0.00828637 0.00856878 0.00861247 0.00868111 0.00836757 0.00871273 0.00900153 0.00862549 0.0085161 
0.00425599 0.00367049 0.0062056 0.00360218 0.00475661 0.00352982 0 0.00351935 0.00360308 0.00353854 0.0115126 0.00620201 0.00793598 0.94203 0.0076668 0.0110753 0.0140276 0.00744844 0.0261133 0.00820015 0.0131172 0.00759827 0.00880413 0.00860617 0.0112023 0.0084056 0.0138143 0.00980349 0.0109769 0.0120257 0.00907779 0.0269452 0.00964794 0.0130229 0.00845702 0.00823275 0.00832957 0.00858332 0.00806898 0.00820042 0.00942614 0.00891378 0.0087618 0.00816495 0.00807257 0.00918283 0.0086688 0.00880096 0.00846309 0.00813484 0.00806563 0.00836384 0.00812724 0.00830838 0.00801556 0.0080928 0.00800911 0.00839543 0.0081736 0.0081409 0.00882133 0.00875409 0.00849613 0.00849667 0.00825066 0.00840122 0.00932745 0.00851213 0.00853805 0.0084301 0.00849318 0.0089317 0.00883565 
0.00419617 0.00447379 0.00356509 0.00434831 0.00353636 0.00396822 0.00351935 0 0.00352211 0.00368443 0.00534898 0.00800624 0.872651 0.00709265 0.0103727 0.00753365 0.00712708 0.0146922 0.00804315 0.0109229 0.0077009 0.00750065 0.00854343 0.00844382 0.00878214 0.0113982 0.0084767 0.00923355 0.00920416 0.0104331 0.0118712 0.00930454 0.0180764 0.00872123 0.00930125 0.00827824 0.0083727 0.00812255 0.00805444 0.00861666 0.00841223 0.00922833 0.00828705 0.0080617 0.00872913 0.00826324 0.00841562 0.00857078 0.0082353 0.00805683 0.00822573 0.00812874 0.00818707 0.00804055 0.00795177 0.008004 0.00808022 0.00799454 0.00838117 0.00812868 0.0080601 0.00834624 0.00845559 0.00826004 0.00816722 0.00823002 0.00837632 0.00847119 0.00831638 0.00831207 0.00839574 0.00841123 0.00841602 
0.00480974 0.0041235 0.00505029 0.003587 0.00408981 0.00354222 0.00360308 0.00352211 0 0.00353237 0.00943098 0.76846 0.00728213 0.010507 0.00565824 0.00700577 0.00811381 0.00928894 0.0101286 0.00901949 0.0114466 0.00761533 0.00971112 0.00933764 0.0129833 0.0090331 0.0149996 0.00883564 0.0117358 0.009883 0.00888729 0.011494 0.00918483 0.0149904 0.00871117 0.00822173 0.00817285 0.00871245 0.00806598 0.00808332 0.0085605 0.00851289 0.00852747 0.00805175 0.0080582 0.00839258 0.00837636 0.00846334 0.00829229 0.00803029 0.00805996 0.00814794 0.00806584 0.0081344 0.0080027 0.00803628 0.00794027 0.00807006 0.00813793 0.00804955 0.00827313 0.00828959 0.00830537 0.00823245 0.00811755 0.00831546 0.00859853 0.0083846 0.0082735 0.00834933 0.00833079 0.00846563 0.00840684 
0.00843607 0.00535639 0.00371992 0.00491137 0.00364129 0.00421981 0.00353854 0.00368443 0.00353237 0 0.91569 0.00696847 0.00767901 0.00481545 0.00760141 0.00625955 0.00693684 0.0102498 0.00630249 0.00838422 0.00762386 0.0103301 0.013137 0.00967854 0.0126444 0.0135397 0.00895564 0.0173035 0.00893232 0.00942 0.00946054 0.00878959 0.0097027 0.00868801 0.0153864 0.00914822 0.00877216 0.00810355 0.00850827 0.0089704 0.00817724 0.00846902 0.00814571 0.00809048 0.00867359 0.00804511 0.00829684 0.00834679 0.00805829 0.00802475 0.00833847 0.00799659 0.0080582 0.00798698 0.00795504 0.00795316 0.00798218 0.00798075 0.00836642 0.00803359 0.00804985 0.00844875 0.00823396 0.00809451 0.00812275 0.0085533 0.00853445 0.00831524 0.00825504 0.00920938 0.00860936 0.00837328 0.0083024 
0.0147254 0.00723468 0.00986321 0.00698663 0.0117389 0.00676735 0.0115126 0.00534898 0.00943098 0.91569 0 0.00368804 0.00362538 0.00410672 0.00374213 0.00368697 0.0039751 0.00444396 0.0054108 0.00508057 0.00594669 0.0107927 0.00883034 0.0100584 0.0108137 0.00844662 0.0288573 0.0091404 0.0086271 0.00862119 0.00835246 0.00875609 0.00860961 0.00913894 0.0112501 0.00864581 0.00833243 0.00888188 0.00970695 0.0082956 0.0083942 0.00818855 0.0080871 0.00816292 0.00815606 0.00821168 0.00821641 0.00836178 0.00823363 0.00842481 0.0081303 0.00808035 0.00804497 0.00805292 0.00800244 0.00801088 0.00801904 0.00878027 0.00819853 0.00818715 0.00932931 0.00873729 0.00824663 0.00834596 0.00878295 0.00937401 0.00940814 0.00849014 0.00891139 0.00943637 0.00850395 0.00866171 0.00889823 
0.00815441 0.00956933 0.00795948 0.00873327 0.00716616 0.00812912 0.00620201 0.00800624 0.76846 0.00696847 0.00368804 0 0.00363756 0.00357993 0.00358127 0.00361792 0.00377485 0.00403357 0.00396376 0.00469841 0.00582342 0.005086 0.00822665 0.00800474 0.00788626 0.0112079 0.00864192 0.00925467 0.00918587 0.00892485 0.00871804 0.0089322 0.0101668 0.00902818 0.00879442 0.0081218 0.00821365 0.00819361 0.00814889 0.00831739 0.00841006 0.00848001 0.00827176 0.00800408 0.00816988 0.0082623 0.00828875 0.00844516 0.00824404 0.0080793 0.00813583 0.00818012 0.00810124 0.00805583 0.00800936 0.00799339 0.00813506 0.0080197 0.00812273 0.00820605 0.00808895 0.00824307 0.00828995 0.00824853 0.00817617 0.00819916 0.00836195 0.00859553 0.00829526 0.00821922 0.00839063 0.00852922 0.00834581 
0.00867486 0.00951813 0.00865226 0.0152843 0.00758012 0.0105391 0.00793598 0.872651 0.00728213 0.00767901 0.00362538 0.00363756 0 0.00353689 0.00353632 0.00356251 0.00367421 0.00383855 0.00408614 0.00539983 0.00413951 0.00447782 0.00681901 0.00742026 0.00860428 0.00834291 0.00833114 0.00926954 0.00987385 0.0101218 0.00953178 0.0106517 0.011331 0.00961435 0.00926982 0.00811166 0.00822325 0.00818369 0.00802002 0.00829736 0.00849592 0.00895577 0.00834907 0.0080351 0.00841987 0.0082555 0.00862082 0.00855407 0.00822005 0.0080666 0.00813895 0.00810178 0.00814517 0.00797571 0.00795376 0.0079942 0.00802825 0.00800149 0.00821857 0.00809723 0.00811258 0.00829445 0.00839714 0.00828916 0.00819341 0.00819495 0.00838257 0.00841925 0.00827916 0.0082771 0.0084189 0.00842422 0.00840055 
0.00962728 0.00783592 0.0207848 0.00772624 0.0176851 0.00793836 0.94203 0.00709265 0.010507 0.00481545 0.00410672 0.00357993 0.00353689 0 0.00352288 0.00353244 0.00360524 0.00362891 0.00586097 0.00371942 0.00383146 0.00402891 0.00671583 0.00726147 0.0080336 0.00802893 0.0112361 0.00935731 0.00968 0.0105643 0.00942968 0.0119738 0.0107703 0.0108306 0.00863618 0.00818049 0.00816102 0.00835632 0.00804096 0.00809728 0.00874523 0.00901312 0.00852468 0.00808471 0.00804084 0.00841325 0.00836005 0.00858519 0.00823946 0.00809166 0.00803038 0.00827596 0.00808787 0.0080646 0.00799083 0.00803464 0.00800738 0.00815778 0.00809803 0.0080944 0.00830102 0.00833043 0.00830329 0.00825269 0.00818214 0.00818634 0.0084142 0.00831066 0.0082868 0.00827158 0.0083331 0.00843324 0.00836873 
0.00821402 0.0149768 0.00782714 0.0163276 0.00842279 0.940685 0.0076668 0.0103727 0.00565824 0.00760141 0.00374213 0.00358127 0.00353632 0.00352288 0 0.0035386 0.00356213 0.00368434 0.0034831 0.004082 0.0035477 0.00378188 0.0062633 0.00704114 0.00748497 0.00875416 0.0093377 0.0118051 0.0100588 0.0112827 0.0122111 0.0101519 0.014936 0.0096338 0.0162267 0.0082713 0.00835147 0.00827372 0.00802314 0.00830336 0.00860875 0.00940361 0.00846827 0.0080615 0.00847062 0.00831454 0.00874802 0.00860246 0.00826582 0.00808435 0.00814811 0.00817119 0.00815159 0.0079926 0.00797727 0.00811289 0.008076 0.00806218 0.00813884 0.0081141 0.00802354 0.00835326 0.00840166 0.00828728 0.00821443 0.00812323 0.00837259 0.00851618 0.00824794 0.0083227 0.00836492 0.00846187 0.00837759 
0.0103242 0.00817912 0.0164144 0.010506 0.927332 0.0153418 0.0110753 0.00753365 0.00700577 0.00625955 0.00368697 0.00361792 0.00356251 0.00353244 0.0035386 0 0.00367765 0.00363028 0.00357907 0.00359818 0.00445414 0.00380853 0.0061475 0.00651353 0.00738737 0.00863662 0.00900379 0.00973664 0.0125143 0.0127706 0.0105568 0.0147182 0.0129521 0.0201044 0.00937302 0.0082951 0.00822873 0.00851898 0.00808577 0.00817489 0.00906086 0.00991659 0.0086661 0.00812776 0.00809067 0.00857278 0.00872984 0.00897882 0.00841889 0.0081268 0.00806361 0.00841952 0.00812876 0.00810281 0.00798634 0.00808985 0.00804619 0.00805058 0.00814437 0.00808675 0.0081265 0.00833414 0.00846259 0.00838278 0.00820481 0.00818742 0.00834309 0.00835117 0.00826387 0.00826993 0.00831144 0.0085393 0.00849847 
0.00979329 0.0104244 0.0250776 0.78545 0.0298555 0.00841791 0.0140276 0.00712708 0.00811381 0.00693684 0.0039751 0.00377485 0.00367421 0.00360524 0.00356213 0.00367765 0 0.00354587 0.00354403 0.0035759 0.00356126 0.00382918 0.00631883 0.00699194 0.00866672 0.00838261 0.0357342 0.0108045 0.0138453 0.0143436 0.0118396 0.0166333 0.025677 0.0128151 0.00951916 0.0085243 0.00839578 0.00886067 0.00820253 0.00822485 0.00935947 0.00963849 0.00878561 0.00816916 0.00812282 0.0086569 0.00875016 0.00874206 0.00841031 0.00815144 0.00811228 0.00822564 0.00817588 0.00799546 0.00799544 0.00806431 0.00801134 0.00804427 0.00808883 0.00807878 0.00808751 0.00841066 0.00838789 0.00826909 0.0082095 0.00812536 0.00840614 0.00839216 0.00827757 0.00837623 0.00831766 0.00842874 0.00838669 
0.0162418 0.048492 0.617644 0.0589827 0.00844889 0.0177865 0.00744844 0.0146922 0.00928894 0.0102498 0.00444396 0.00403357 0.00383855 0.00362891 0.00368434 0.00363028 0.00354587 0 0.00354097 0.00359277 0.00355162 0.00360663 0.00666075 0.00684891 0.00700583 0.020568 0.00790708 0.0113916 0.0133869 0.0138785 0.0193017 0.0281851 0.0269684 0.010972 0.0112343 0.00836814 0.00857246 0.00847012 0.00813531 0.00846275 0.00897857 0.0110352 0.00881946 0.00815485 0.00834307 0.00855817 0.00885296 0.00975028 0.00852447 0.00812452 0.00811932 0.00834005 0.00822851 0.00841732 0.00799029 0.00808251 0.008087 0.00799536 0.00811116 0.00809818 0.00804274 0.00844131 0.00870151 0.0083548 0.00816333 0.00811259 0.0084123 0.0084898 0.00826524 0.00821694 0.0085028 0.00852575 0.00837891 
0.0253834 0.537903 0.0419119 0.00878399 0.0259395 0.00769483 0.0261133 0.00804315 0.0101286 0.00630249 0.0054108 0.00396376 0.00408614 0.00586097 0.0034831 0.00357907 0.00354403 0.00354097 0 0.003531 0.00354755 0.00355057 0.00570813 0.00602373 0.0142695 0.0076334 0.0113982 0.0120267 0.0152122 0.0268468 0.0270635 0.038993 0.0140608 0.0162995 0.00916535 0.00892959 0.008573 0.00930803 0.00815948 0.00829877 0.00948587 0.0107002 0.00970438 0.00818138 0.00841325 0.00894261 0.00923229 0.00912657 0.00870554 0.0081438 0.00814873 0.00843831 0.00825796 0.00809851 0.00804344 0.00812936 0.00804412 0.00804282 0.00811071 0.00811085 0.00814382 0.00853733 0.00862488 0.0084443 0.00817207 0.00813058 0.00843668 0.00847316 0.00832389 0.00828805 0.00839767 0.00882499 0.00853304 
0.526609 0.0270456 0.0173187 0.0273356 0.00880051 0.0257704 0.00820015 0.0109229 0.00901949 0.00838422 0.00508057 0.00469841 0.00539983 0.00371942 0.004082 0.00359818 0.0035759 0.00359277 0.003531 0 0.00354109 0.00354175 0.00836526 0.00979306 0.00953321 0.0112753 0.00844599 0.011065 0.0228494 0.0174724 0.0229481 0.0116691 0.0261872 0.0112194 0.0107559 0.00844016 0.00872136 0.008793 0.00818253 0.00835809 0.0089769 0.0119271 0.00896929 0.00820253 0.00828479 0.00842742 0.00880803 0.00930936 0.00847778 0.0080903 0.00808605 0.00828921 0.00814433 0.00811274 0.0079681 0.00802771 0.00805014 0.0080065 0.00809126 0.00807344 0.00803744 0.00827786 0.00871833 0.00850916 0.00811646 0.00811669 0.00832968 0.00848471 0.00830591 0.00823656 0.00833556 0.0088268 0.00845713 
0.0121003 0.0176167 0.0157776 0.00968035 0.019249 0.00904031 0.0131172 0.0077009 0.0114466 0.00762386 0.00594669 0.00582342 0.00413951 0.00383146 0.0035477 0.00445414 0.00356126 0.00355162 0.00354755 0.00354109 0 0.00359033 0.00908768 0.00992948 0.0124309 0.0283146 0.00839935 0.0261391 0.0193885 0.0177943 0.0103739 0.0154229 0.0114505 0.0238459 0.0112829 0.00903068 0.00888706 0.00967923 0.00816344 0.00819846 0.008831 0.00892094 0.00930853 0.00822412 0.00811644 0.00834613 0.00878982 0.00889006 0.00854232 0.00805277 0.00820331 0.00817805 0.00814829 0.00808767 0.00800646 0.00802938 0.00798114 0.00798986 0.00807751 0.00801336 0.0080046 0.00826097 0.00843898 0.00824086 0.00801215 0.00805427 0.00824996 0.00847872 0.00825221 0.00818168 0.00829946 0.00861902 0.00849463 
0.0184919 0.0139004 0.00910897 0.0107509 0.00950348 0.00953678 0.00759827 0.00750065 0.00761533 0.0103301 0.0107927 0.005086 0.00447782 0.00402891 0.00378188 0.00380853 0.00382918 0.00360663 0.00355057 0.00354175 0.00359033 0 0.0175074 0.00583055 0.0175512 0.00937702 0.0375 0.0187352 0.021957 0.0102366 0.0110958 0.009764 0.0106422 0.0103367 0.027266 0.0098219 0.00960199 0.00853567 0.00859372 0.00908562 0.0083224 0.00853543 0.00823968 0.00835889 0.00832292 0.00806691 0.00838207 0.00847194 0.00817107 0.0081477 0.00826599 0.00804413 0.00800461 0.00798597 0.0079263 0.0079471 0.00793988 0.00807308 0.00811913 0.00796689 0.00805334 0.00843594 0.00826298 0.00801703 0.00808971 0.00840382 0.00844449 0.00823546 0.0083635 0.00906539 0.00842794 0.0083455 0.00824024 
0.0120841 0.00998621 0.00942374 0.00982588 0.0100534 0.0093355 0.00880413 0.00854343 0.00971112 0.013137 0.00883034 0.00822665 0.00681901 0.00671583 0.0062633 0.0061475 0.00631883 0.00666075 0.00570813 0.00836526 0.00908768 0.0175074 0 0.00485986 0.00415859 0.13371 0.0271552 0.0142761 0.0101036 0.00958208 0.00870029 0.00909421 0.00897191 0.0112258 0.0138382 0.0120301 0.00973638 0.0112005 0.0103359 0.00827561 0.00869511 0.00828627 0.00832192 0.0085463 0.00812959 0.00860427 0.00814221 0.00825553 0.00818768 0.00873846 0.00822444 0.00803915 0.00799727 0.00798285 0.00796778 0.00796755 0.00802574 0.00825374 0.00799938 0.00796973 0.00832078 0.00843633 0.00812229 0.00813709 0.00856196 0.00838016 0.00842298 0.00830226 0.00852156 0.00886188 0.00820904 0.00838455 0.0085996 
0.0116921 0.00913929 0.00913993 0.00960118 0.00930621 0.00905094 0.00860617 0.00844382 0.00933764 0.00967854 0.0100584 0.00800474 0.00742026 0.00726147 0.00704114 0.00651353 0.00699194 0.00684891 0.00602373 0.00979306 0.00992948 0.00583055 0.00485986 0 0.274358 0.0270991 0.00396581 0.0152579 0.0118369 0.00895647 0.00908003 0.00956693 0.00938057 0.00991194 0.0121218 0.0101711 0.0102823 0.00859267 0.00849826 0.00842939 0.00833323 0.00825146 0.00833483 0.00832243 0.00817799 0.00812929 0.0081808 0.00816198 0.00823937 0.00813549 0.00806717 0.00807026 0.00795825 0.0079597 0.00791961 0.00793028 0.00794208 0.00802718 0.0080958 0.00796363 0.00799723 0.00831469 0.0082248 0.00813951 0.00806856 0.00822608 0.00834963 0.00843001 0.00818232 0.00851343 0.0083777 0.00850388 0.00831106 
0.0152885 0.0091156 0.0131944 0.00889722 0.0126694 0.00907117 0.0112023 0.00878214 0.0129833 0.0126444 0.0108137 0.00788626 0.00860428 0.0080336 0.00748497 0.00738737 0.00866672 0.00700583 0.0142695 0.00953321 0.0124309 0.0175512 0.00415859 0.274358 0 0.00361767 0.00401002 0.023419 0.0104551 0.0141099 0.0092369 0.0108243 0.0106451 0.0125864 0.0168432 0.00931922 0.00871012 0.0120181 0.0103215 0.00834519 0.009279 0.00905207 0.00900276 0.00877156 0.00828309 0.0083571 0.00861899 0.00890615 0.00853534 0.00918169 0.00830874 0.00811804 0.00813245 0.0080317 0.00798151 0.00799224 0.00818025 0.00869012 0.0082219 0.00800689 0.00857671 0.00885527 0.00840147 0.00826926 0.00883529 0.00857506 0.00876095 0.00847254 0.00881149 0.00895448 0.00837636 0.0086005 0.00875074 
0.00886466 0.0211801 0.008575 0.0143785 0.00859664 0.0121618 0.0084056 0.0113982 0.0090331 0.0135397 0.00844662 0.0112079 0.00834291 0.00802893 0.00875416 0.00863662 0.00838261 0.020568 0.0076334 0.0112753 0.0283146 0.00937702 0.13371 0.0270991 0.00361767 0 0.00356622 0.0213903 0.0379457 0.0101913 0.0115559 0.00948793 0.033057 0.0151092 0.0118239 0.00900836 0.00964471 0.00850088 0.00816307 0.00825724 0.00847512 0.00887216 0.00860732 0.00810811 0.00809647 0.00826196 0.00854941 0.00862571 0.00829353 0.00811379 0.00809267 0.00818355 0.00813979 0.00803174 0.00799923 0.00801674 0.00807215 0.0079646 0.00806087 0.008081 0.00795686 0.00813017 0.00836917 0.00818959 0.00803969 0.00804864 0.00819805 0.00847629 0.00815771 0.00814412 0.00828138 0.00852732 0.00823837 
0.0222549 0.00891766 0.0143512 0.00863272 0.0201893 0.00866882 0.0138143 0.0084767 0.0149996 0.00895564 0.0288573 0.00864192 0.00833114 0.0112361 0.0093377 0.00900379 0.0357342 0.00790708 0.0113982 0.00844599 0.00839935 0.0375 0.0271552 0.00396581 0.00401002 0.00356622 0 0.0393722 0.014675 0.0182023 0.0123009 0.0186337 0.01328 0.0357946 0.0165038 0.0106979 0.00999258 0.00911489 0.00940694 0.00958453 0.00878583 0.00869727 0.00845293 0.00832099 0.00849552 0.0082104 0.00845423 0.00851335 0.00824944 0.00822458 0.00845522 0.0082019 0.00803585 0.00805228 0.00796223 0.00797542 0.00795092 0.00832793 0.00826954 0.00796413 0.00827627 0.00855992 0.00826407 0.008071 0.00804141 0.00867996 0.00880852 0.00817056 0.00820457 0.00931794 0.00865657 0.00821956 0.00829219 
0.0104278 0.0104562 0.0093389 0.0106696 0.00958472 0.0113366 0.00980349 0.00923355 0.00883564 0.0173035 0.0091404 0.00925467 0.00926954 0.00935731 0.0118051 0.00973664 0.0108045 0.0113916 0.0120267 0.011065 0.0261391 0.0187352 0.0142761 0.0152579 0.023419 0.0213903 0.0393722 0 0.00421053 0.00358398 0.00420506 0.00363747 0.00392518 0.00757792 0.0166865 0.0133804 0.0128839 0.012892 0.0116654 0.00876618 0.0096551 0.00901184 0.00913903 0.00989825 0.00838894 0.00832814 0.0085904 0.00867837 0.00844137 0.00970837 0.00818051 0.00809223 0.00815407 0.00796726 0.00800423 0.00800042 0.00800302 0.00849497 0.00801643 0.00795405 0.00820062 0.00853228 0.00821161 0.00818334 0.00854471 0.00817527 0.00837238 0.00825399 0.00843555 0.00838273 0.00820776 0.0082794 0.00831091 
0.00870244 0.0095884 0.0109499 0.0100299 0.0116836 0.00958324 0.0109769 0.00920416 0.0117358 0.00893232 0.0086271 0.00918587 0.00987385 0.00968 0.0100588 0.0125143 0.0138453 0.0133869 0.0152122 0.0228494 0.0193885 0.021957 0.0101036 0.0118369 0.0104551 0.0379457 0.014675 0.00421053 0 0.00374113 0.00356969 0.00361065 0.00370471 0.00506163 0.00384936 0.0117537 0.0116329 0.0105859 0.0086756 0.00830895 0.0102578 0.0106755 0.00999611 0.00853405 0.00807842 0.00868536 0.00890964 0.00952529 0.00872395 0.00827596 0.00810624 0.0084056 0.00823999 0.00808359 0.00803773 0.00812855 0.00808803 0.00802863 0.00798854 0.00802387 0.00798007 0.00822767 0.00849779 0.00820943 0.00807753 0.00794521 0.00815759 0.00828144 0.00812936 0.00806195 0.00822104 0.00837554 0.00824866 
0.00856704 0.00967738 0.0127769 0.0108585 0.0124449 0.0106479 0.0120257 0.0104331 0.009883 0.00942 0.00862119 0.00892485 0.0101218 0.0105643 0.0112827 0.0127706 0.0143436 0.0138785 0.0268468 0.0174724 0.0177943 0.0102366 0.00958208 0.00895647 0.0141099 0.0101913 0.0182023 0.00358398 0.00374113 0 0.00366822 0.00357799 0.00370066 0.00359031 0.00456843 0.00975222 0.00907294 0.00891608 0.00851914 0.00829585 0.0107736 0.0119017 0.0110863 0.00885714 0.00805823 0.00865573 0.00976924 0.0109033 0.0089925 0.00828847 0.00808877 0.00834439 0.00828472 0.0081903 0.00805129 0.00824663 0.00809688 0.00814173 0.00799703 0.00802066 0.00803465 0.00832805 0.00857739 0.00828226 0.00803469 0.00796016 0.00813918 0.00819794 0.0082065 0.00802788 0.00816496 0.00833499 0.00820424 
0.0084282 0.00982919 0.00995966 0.0154488 0.00951869 0.0164045 0.00907779 0.0118712 0.00888729 0.00946054 0.00835246 0.00871804 0.00953178 0.00942968 0.0122111 0.0105568 0.0118396 0.0193017 0.0270635 0.0229481 0.0103739 0.0110958 0.00870029 0.00908003 0.0092369 0.0115559 0.0123009 0.00420506 0.00356969 0.00366822 0 0.00370691 0.00358405 0.00412696 0.00420664 0.00934584 0.0101499 0.00886248 0.00834338 0.00827365 0.00945192 0.0133871 0.00944373 0.00855964 0.00826598 0.00853716 0.00924694 0.00968166 0.00870173 0.00812525 0.00804637 0.00827526 0.00841396 0.00811245 0.00806297 0.00816959 0.00808636 0.00797891 0.00797678 0.00801432 0.00799659 0.00822072 0.00850357 0.00834 0.00799339 0.00792997 0.00809535 0.00826512 0.00821833 0.00800422 0.00814866 0.00833534 0.00816528 
0.00902424 0.0092272 0.0221553 0.00995839 0.0208158 0.00937092 0.0269452 0.00930454 0.011494 0.00878959 0.00875609 0.0089322 0.0106517 0.0119738 0.0101519 0.0147182 0.0166333 0.0281851 0.038993 0.0116691 0.0154229 0.009764 0.00909421 0.00956693 0.0108243 0.00948793 0.0186337 0.00363747 0.00361065 0.00357799 0.00370691 0 0.00362758 0.00359289 0.00354667 0.0101558 0.0102128 0.0102603 0.00856395 0.00848634 0.0127217 0.0131618 0.0117664 0.00863571 0.0081576 0.00908141 0.00968885 0.0113069 0.00923343 0.00843461 0.00814426 0.00863173 0.008344 0.00827986 0.00808746 0.00822451 0.00815312 0.0081862 0.00803559 0.00806419 0.00801011 0.00859591 0.00859916 0.00851141 0.00806587 0.0079776 0.00824826 0.00835309 0.0081843 0.00805663 0.00824167 0.00854302 0.00824496 
0.0089819 0.0156876 0.0115896 0.0256343 0.00999898 0.0213017 0.00964794 0.0180764 0.00918483 0.0097027 0.00860961 0.0101668 0.011331 0.0107703 0.014936 0.0129521 0.025677 0.0269684 0.0140608 0.0261872 0.0114505 0.0106422 0.00897191 0.00938057 0.0106451 0.033057 0.01328 0.00392518 0.00370471 0.00370066 0.00358405 0.00362758 0 0.00372674 0.00351807 0.0123648 0.0115743 0.0107842 0.00851326 0.0088663 0.0113767 0.0210604 0.0102096 0.00875435 0.00833193 0.00896491 0.01066 0.0122568 0.00904215 0.00851 0.00822483 0.00857842 0.00859534 0.0083416 0.00814248 0.00825399 0.00821873 0.00808031 0.00808332 0.00815151 0.0080205 0.00848288 0.00906256 0.0084481 0.00816912 0.00802885 0.00825541 0.00836846 0.00822605 0.00810265 0.00826878 0.00839282 0.00829503 
0.00971051 0.00908214 0.0218492 0.00901556 0.0167189 0.0088617 0.0130229 0.00872123 0.0149904 0.00868801 0.00913894 0.00902818 0.00961435 0.0108306 0.0096338 0.0201044 0.0128151 0.010972 0.0162995 0.0112194 0.0238459 0.0103367 0.0112258 0.00991194 0.0125864 0.0151092 0.0357946 0.00757792 0.00506163 0.00359031 0.00412696 0.00359289 0.00372674 0 0.00376251 0.0121031 0.0135634 0.0194363 0.00878704 0.00851776 0.0115927 0.0104826 0.0126345 0.00899433 0.00822458 0.00911105 0.00914228 0.00959959 0.00953891 0.00834166 0.00818608 0.00867194 0.00829604 0.00817212 0.00806361 0.00814899 0.00808658 0.00808895 0.00798817 0.00805805 0.00812394 0.00831278 0.00846623 0.00842207 0.00807321 0.00804904 0.00819725 0.00846813 0.00809987 0.00808994 0.00825974 0.00851195 0.00817764 
0.00978886 0.00997755 0.00852598 0.0128776 0.00861441 0.0115849 0.00845702 0.00930125 0.00871117 0.0153864 0.0112501 0.00879442 0.00926982 0.00863618 0.0162267 0.00937302 0.00951916 0.0112343 0.00916535 0.0107559 0.0112829 0.027266 0.0138382 0.0121218 0.0168432 0.0118239 0.0165038 0.0166865 0.00384936 0.00456843 0.00420664 0.00354667 0.00351807 0.00376251 0 0.0279766 0.0194102 0.0217173 0.0117731 0.0122643 0.00886566 0.00955552 0.00966144 0.0116764 0.00951481 0.0084157 0.00863492 0.0093331 0.00860499 0.008479 0.00932988 0.00820433 0.00809936 0.00802437 0.00795155 0.00797887 0.00806935 0.00803916 0.00830347 0.00804168 0.00804217 0.00873218 0.00829313 0.00818261 0.00812081 0.0085627 0.00854475 0.00849739 0.00818882 0.00877413 0.00849807 0.00840209 0.00816299 
0.00880551 0.00808022 0.00818031 0.00848036 0.00830111 0.00856433 0.00823275 0.00827824 0.00822173 0.00914822 0.00864581 0.0081218 0.00811166 0.00818049 0.0082713 0.0082951 0.0085243 0.00836814 0.00892959 0.00844016 0.00903068 0.0098219 0.0120301 0.0101711 0.00931922 0.00900836 0.0106979 0.0133804 0.0117537 0.00975222 0.00934584 0.0101558 0.0123648 0.0121031 0.0279766 0 0.246361 0.00885981 0.0432078 0.0108096 0.00918828 0.00892167 0.00930347 0.0107703 0.00896964 0.0085926 0.00822563 0.00845553 0.00859046 0.0100587 0.00893851 0.00806177 0.00819468 0.008001 0.00793236 0.0079524 0.00801524 0.00895277 0.00819058 0.00807426 0.0087639 0.00846383 0.00808897 0.00812914 0.0087294 0.00954543 0.0084545 0.00826857 0.00839962 0.00990793 0.00827952 0.00820236 0.00921834 
0.00833822 0.00824837 0.00823656 0.00886599 0.00827385 0.00880704 0.00832957 0.0083727 0.00817285 0.00877216 0.00833243 0.00821365 0.00822325 0.00816102 0.00835147 0.00822873 0.00839578 0.00857246 0.008573 0.00872136 0.00888706 0.00960199 0.00973638 0.0102823 0.00871012 0.00964471 0.00999258 0.0128839 0.0116329 0.00907294 0.0101499 0.0102128 0.0115743 0.0135634 0.0194102 0.246361 0 0.00563686 0.00495189 0.0254041 0.010807 0.0101952 0.00967427 0.0112239 0.00913304 0.00838392 0.00875107 0.00887568 0.00874979 0.0093617 0.00839171 0.00819271 0.0081377 0.00799343 0.00794986 0.00801884 0.00802503 0.0081985 0.00808133 0.00807088 0.00807554 0.00841385 0.00830824 0.00812285 0.00827566 0.0082755 0.00817013 0.00816603 0.00809112 0.00830313 0.00809149 0.00819479 0.00805693 
0.00870542 0.00814596 0.00857658 0.0081915 0.00906696 0.00818329 0.00858332 0.00812255 0.00871245 0.00810355 0.00888188 0.00819361 0.00818369 0.00835632 0.00827372 0.00851898 0.00886067 0.00847012 0.00930803 0.008793 0.00967923 0.00853567 0.0112005 0.00859267 0.0120181 0.00850088 0.00911489 0.012892 0.0105859 0.00891608 0.00886248 0.0102603 0.0107842 0.0194363 0.0217173 0.00885981 0.00563686 0 0.0345024 0.0121881 0.0145832 0.010191 0.0163005 0.0106909 0.00850156 0.00951049 0.00892361 0.00897841 0.00936111 0.00860817 0.00855333 0.00866587 0.00812564 0.0080956 0.00793591 0.00797413 0.00800338 0.00825036 0.00813559 0.00798516 0.00830867 0.0087275 0.00834752 0.00818411 0.00808986 0.00846799 0.0083048 0.0081891 0.00815902 0.00862637 0.00824858 0.00823194 0.00820269 
0.00868627 0.00816112 0.00805412 0.00814725 0.00813473 0.00816801 0.00806898 0.00805444 0.00806598 0.00850827 0.00970695 0.00814889 0.00802002 0.00804096 0.00802314 0.00808577 0.00820253 0.00813531 0.00815948 0.00818253 0.00816344 0.00859372 0.0103359 0.00849826 0.0103215 0.00816307 0.00940694 0.0116654 0.0086756 0.00851914 0.00834338 0.00856395 0.00851326 0.00878704 0.0117731 0.0432078 0.00495189 0.0345024 0 0.0159429 0.00944789 0.00939164 0.00881563 0.0176804 0.010195 0.00822285 0.00809498 0.0081463 0.00820798 0.00916868 0.010066 0.00818188 0.00797559 0.00795183 0.00791874 0.00791655 0.00796613 0.00867464 0.00859214 0.00801652 0.00846608 0.00867364 0.0079883 0.00796257 0.00843032 0.0101754 0.00853068 0.00803264 0.00815581 0.0104441 0.00832763 0.00798183 0.00814223 
0.0082998 0.00828058 0.00828918 0.00928077 0.0082688 0.00946418 0.00820042 0.00861666 0.00808332 0.0089704 0.0082956 0.00831739 0.00829736 0.00809728 0.00830336 0.00817489 0.00822485 0.00846275 0.00829877 0.00835809 0.00819846 0.00908562 0.00827561 0.00842939 0.00834519 0.00825724 0.00958453 0.00876618 0.00830895 0.00829585 0.00827365 0.00848634 0.0088663 0.00851776 0.0122643 0.0108096 0.0254041 0.0121881 0.0159429 0 0.00462447 0.00360837 0.0038236 0.00468406 0.690457 0.0250025 0.0226614 0.0156431 0.0132409 0.0462585 0.0289532 0.00978859 0.0150094 0.00878142 0.00919314 0.00864127 0.0152111 0.0146659 0.0120465 0.00988874 0.0131647 0.0197362 0.011568 0.00967119 0.018713 0.0124058 0.0121593 0.01017 0.0109678 0.0120918 0.00909324 0.00873423 0.00989983 
0.00836982 0.00852192 0.00919069 0.00859395 0.0101199 0.00860989 0.00942614 0.00841223 0.0085605 0.00817724 0.0083942 0.00841006 0.00849592 0.00874523 0.00860875 0.00906086 0.00935947 0.00897857 0.00948587 0.0089769 0.008831 0.0083224 0.00869511 0.00833323 0.009279 0.00847512 0.00878583 0.0096551 0.0102578 0.0107736 0.00945192 0.0127217 0.0113767 0.0115927 0.00886566 0.00918828 0.010807 0.0145832 0.00944789 0.00462447 0 0.00358685 0.00361171 0.00363074 0.0400954 0.708044 0.106494 0.0353617 0.0552054 0.0133109 0.0131791 0.0552272 0.0144031 0.0126828 0.0092038 0.0105268 0.00960957 0.0132386 0.00996931 0.0116036 0.0116325 0.094672 0.0382632 0.0226532 0.0104965 0.0102567 0.0205052 0.0125224 0.0120595 0.00850002 0.0100618 0.0105973 0.0089378 
0.00840458 0.00879101 0.00913174 0.0106762 0.0090241 0.0103489 0.00891378 0.00922833 0.00851289 0.00846902 0.00818855 0.00848001 0.00895577 0.00901312 0.00940361 0.00991659 0.00963849 0.0110352 0.0107002 0.0119271 0.00892094 0.00853543 0.00828627 0.00825146 0.00905207 0.00887216 0.00869727 0.00901184 0.0106755 0.0119017 0.0133871 0.0131618 0.0210604 0.0104826 0.00955552 0.00892167 0.0101952 0.010191 0.00939164 0.00360837 0.00358685 0 0.00356067 0.00356997 0.0691745 0.0375872 0.339271 0.408997 0.0245265 0.0159606 0.0159592 0.0131438 0.0477122 0.0117155 0.0114933 0.0116618 0.0136429 0.00941344 0.0101699 0.011218 0.00906808 0.019247 0.112204 0.0212705 0.0107691 0.00858645 0.0110147 0.015052 0.0111501 0.00827299 0.0106871 0.0114062 0.00913158 
0.00817758 0.00828651 0.00869931 0.00841061 0.00966493 0.00840588 0.0087618 0.00828705 0.00852747 0.00814571 0.0080871 0.00827176 0.00834907 0.00852468 0.00846827 0.0086661 0.00878561 0.00881946 0.00970438 0.00896929 0.00930853 0.00823968 0.00832192 0.00833483 0.00900276 0.00860732 0.00845293 0.00913903 0.00999611 0.0110863 0.00944373 0.0117664 0.0102096 0.0126345 0.00966144 0.00930347 0.00967427 0.0163005 0.00881563 0.0038236 0.00361171 0.00356067 0 0.00363923 0.0118118 0.0933133 0.0725201 0.24857 0.458821 0.0228045 0.0101489 0.0290783 0.0105848 0.0127335 0.0105029 0.010177 0.0124725 0.0154656 0.00901346 0.0117642 0.01049 0.0184904 0.0222999 0.0922364 0.0116915 0.00883675 0.0110067 0.0151035 0.0166383 0.00846361 0.00934106 0.0117023 0.00935873 
0.00811135 0.00808758 0.00821448 0.00830634 0.0082139 0.00822246 0.00816495 0.0080617 0.00805175 0.00809048 0.00816292 0.00800408 0.0080351 0.00808471 0.0080615 0.00812776 0.00816916 0.00815485 0.00818138 0.00820253 0.00822412 0.00835889 0.0085463 0.00832243 0.00877156 0.00810811 0.00832099 0.00989825 0.00853405 0.00885714 0.00855964 0.00863571 0.00875435 0.00899433 0.0116764 0.0107703 0.0112239 0.0106909 0.0176804 0.00468406 0.00363074 0.00356997 0.00363923 0 0.0319478 0.0164871 0.0332526 0.0529948 0.218024 0.334226 0.0218066 0.0110079 0.0126876 0.0091416 0.00860515 0.00873132 0.011974 0.0223174 0.0117761 0.00901702 0.0119034 0.018537 0.011919 0.0131423 0.0274574 0.0119832 0.0111623 0.00979912 0.0158784 0.0107891 0.0106457 0.00891923 0.0094317 
0.00810672 0.00830404 0.00813465 0.00942131 0.00808464 0.00966094 0.00807257 0.00872913 0.0080582 0.00867359 0.00815606 0.00816988 0.00841987 0.00804084 0.00847062 0.00809067 0.00812282 0.00834307 0.00841325 0.00828479 0.00811644 0.00832292 0.00812959 0.00817799 0.00828309 0.00809647 0.00849552 0.00838894 0.00807842 0.00805823 0.00826598 0.0081576 0.00833193 0.00822458 0.00951481 0.00896964 0.00913304 0.00850156 0.010195 0.690457 0.0400954 0.0691745 0.0118118 0.0319478 0 0.00390948 0.00361811 0.00370403 0.0038056 0.00570162 0.0105443 0.00609696 0.00963189 0.00627506 0.00836404 0.0424984 0.0518897 0.0200068 0.0201147 0.0126619 0.0118891 0.0294409 0.0127396 0.0103101 0.0207163 0.012433 0.0139468 0.00974397 0.0113367 0.0119561 0.00943972 0.00885887 0.00960192 
0.00820609 0.00824778 0.00885613 0.00837513 0.00948441 0.00837151 0.00918283 0.00826324 0.00839258 0.00804511 0.00821168 0.0082623 0.0082555 0.00841325 0.00831454 0.00857278 0.0086569 0.00855817 0.00894261 0.00842742 0.00834613 0.00806691 0.00860427 0.00812929 0.0083571 0.00826196 0.0082104 0.00832814 0.00868536 0.00865573 0.00853716 0.00908141 0.00896491 0.00911105 0.0084157 0.0085926 0.00838392 0.00951049 0.00822285 0.0250025 0.708044 0.0375872 0.0933133 0.0164871 0.00390948 0 0.0036204 0.00358693 0.0036908 0.00363184 0.00721769 0.00897941 0.00629446 0.018504 0.118463 0.018037 0.0138008 0.0148508 0.0122116 0.0109819 0.0125583 0.0439134 0.0498072 0.0188188 0.0105247 0.0103443 0.0230981 0.0133395 0.0120279 0.00880837 0.00995695 0.0115611 0.00931564 
0.00833248 0.0084223 0.00876389 0.00868617 0.00879121 0.00860665 0.0086688 0.00841562 0.00837636 0.00829684 0.00821641 0.00828875 0.00862082 0.00836005 0.00874802 0.00872984 0.00875016 0.00885296 0.00923229 0.00880803 0.00878982 0.00838207 0.00814221 0.0081808 0.00861899 0.00854941 0.00845423 0.0085904 0.00890964 0.00976924 0.00924694 0.00968885 0.01066 0.00914228 0.00863492 0.00822563 0.00875107 0.00892361 0.00809498 0.0226614 0.106494 0.339271 0.0725201 0.0332526 0.00361811 0.0036204 0 0.0035865 0.00364206 0.00359992 0.00658603 0.00710657 0.0161869 0.172052 0.0296681 0.0109381 0.00978423 0.00767042 0.0120396 0.0101266 0.0101311 0.0472855 0.0706218 0.0254478 0.0121787 0.00913389 0.0191332 0.0143233 0.013582 0.00842058 0.010618 0.013096 0.00928123 
0.0083963 0.00847511 0.00884861 0.00902214 0.00909669 0.00897175 0.00880096 0.00857078 0.00846334 0.00834679 0.00836178 0.00844516 0.00855407 0.00858519 0.00860246 0.00897882 0.00874206 0.00975028 0.00912657 0.00930936 0.00889006 0.00847194 0.00825553 0.00816198 0.00890615 0.00862571 0.00851335 0.00867837 0.00952529 0.0109033 0.00968166 0.0113069 0.0122568 0.00959959 0.0093331 0.00845553 0.00887568 0.00897841 0.0081463 0.0156431 0.0353617 0.408997 0.24857 0.0529948 0.00370403 0.00358693 0.0035865 0 0.00357663 0.00356757 0.00540297 0.0120024 0.827871 0.0440976 0.0227157 0.00868762 0.0191021 0.00737036 0.0126793 0.013971 0.010202 0.030193 0.114517 0.0458138 0.0150933 0.00921432 0.0149384 0.023454 0.0164403 0.00868855 0.0104501 0.0175099 0.0096859 
