1GVRA
SAEKLFTPLKVGAVTAPNRVFMAPLTRLRSIEPGDIPTPLMGEYYRQRASAGLIISEATQISAQAKGYAGAPGLHSPEQIAAWKKITAGVHAEDGRIAVQLWHTGRISHSSIQPGGQAPVSASALNANTRTSLRDENGNAIRVDTTTPRALELDEIPGIVNDFRQAVANAREAGFDLVELHSAHGYLLHQFLSPSSNQRTDQYGGSVENRARLVLEVVDAVCNEWSADRIGIRVSPIGTFQNVDNGPNEEADALYLIEELAKRGIAYLHMSETDLAGGKPYSEAFRQKVRERFHGVIIGAGAYTAEKAEDLIGKGLIDAVAFGRDYIANPDLVARLQKKAELNPQRPESFYGGGAEGYTDYPSL
CCCHHHCCEEECCEEECCCEEECCCCCCCCECCCCECCHHHHHHHHHCCCCCEEEEEEEECCCCCCCCCCCCECCCHHHHHHHHHHHHHHHHCCCCEEEEEECCCCCCCHHHCHHHCCCEECCCCCCCCEEEEECCCCCEEEEECCCCEECCHHHHHHHHHHHHHHHHHHHHCCCCEEEEEECCCCHHHHHHCCCCCCCCCCCCCCHHHHCHHHHHHHHHHHHHCCHHHEEEEECCCCEECCEECCCCHHHHHHHHHHHHHHCCCCEEEEECCCCCCCCCCCHHHHHHHHCCCCCEEEEECCCCHHHHHHHHHCCCCCEEEECHHHHHCCCHHHHHHHCCCCCCCCHHHCCCCCCCCCCCCCCC
0 0 0 0 0 0 0 0 0 0 0 0 0 0 0 0 0 0 0 0 0 0 0 0 0 0 0 0 0 0 0 0 0 0 0 0 0 0 0 0 0 0 0 0 0 0 0 0 0 0 0 0 0 0 0 0 0 0 0 0 0 0 0 0 0 0 0 0 0 0 0 0 0 0 0 0 0 0 0 0 0 0 0 0 0 0 0 0 0 0 0 0 0 0 0 0 0 0 0 0 0 0 0 0 0 0 0 0 0 0 0 0 0 0 0 0 0 0 0 0 0 0 0 0 0 0 0 0 0 0 0 0 0 0 0 0 0 0 0 0 0 0 0 0 0 0 0 0 0 0 0 0 0 0 0 0 0 0 0 0 0 0 0 0 0 0 0 0 0 0 0 0 0 0 0 0 0 0 0 0 0 0 0 0 0 0 0 0 0 0 0 0 0 0 0 0 0 0 0 0 0 0 0 0 0 0 0 0 0 0 0 0 0 0 0 0 0 0 0 0 0 0 0 0 0 0 0 0 0 0 0 0 0 0 0 0 0 0 0 0 0 0 0 0 0 0 0 0 0 0 0 0 0 0 0 0 0 0 0 0 0 0 0 0 0 0 0 0 0 0 0 0 0 0 0 0 0 0 0 0 0 0 0 0 0 0 0 0 0 0 0 0 0 0 0 0 0 0 0 0 0 0 0 0 0 0 0 0 0 0 0 0 0 0 0 0 0 0 0 0 0 0 0 0 0 0 0 0 0 0 0 0 0 0 0 0 0 0 0 0 0 0 0 0 0 0 0 0 0 0 0 0 0 0 0 0 0 0 0 0 0 0 0 0 
0 0 0 0 0 0 0 0 0 0 0 0 0 0 0 0 0 0 0 0 0 0 0 0 0 0 0 0 0 0 0 0 0 0 0 0 0 0 0 0 0 0 0 0 0 0 0 0 0 0 0 0 0 0 0 0 0 0 0 0 0 0 0 0 0 0 0 0 0 0 0 0 0 0 0 0 0 0 0 0 0 0 0 0 0 0 0 0 0 0 0 0 0 0 0 0 0 0 0 0 0 0 0 0 0 0 0 0 0 0 0 0 0 0 0 0 0 0 0 0 0 0 0 0 0 0 0 0 0 0 0 0 0 0 0 0 0 0 0 0 0 0 0 0 0 0 0 0 0 0 0 0 0 0 0 0 0 0 0 0 0 0 0 0 0 0 0 0 0 0 0 0 0 0 0 0 0 0 0 0 0 0 0 0 0 0 0 0 0 0 0 0 0 0 0 0 0 0 0 0 0 0 0 0 0 0 0 0 0 0 0 0 0 0 0 0 0 0 0 0 0 0 0 0 0 0 0 0 0 0 0 0 0 0 0 0 0 0 0 0 0 0 0 0 0 0 0 0 0 0 0 0 0 0 0 0 0 0 0 0 0 0 0 0 0 0 0 0 0 0 0 0 0 0 0 0 0 0 0 0 0 0 0 0 0 0 0 0 0 0 0 0 0 0 0 0 0 0 0 0 0 0 0 0 0 0 0 0 0 0 0 0 0 0 0 0 0 0 0 0 0 0 0 0 0 0 0 0 0 0 0 0 0 0 0 0 0 0 0 0 0 0 0 0 0 0 0 0 0 0 0 0 0 0 0 0 0 0 0 0 0 0 0 0 
0 0.00361176 0.00453737 0.00658028 0.00475367 0.933664 0.00928121 0.00834522 0.023931 0.0236093 0.0147163 0.021224 0.0115833 0.0158961 0.00996266 0.00963307 0.0113148 0.00948547 0.0161028 0.0113685 0.0128936 0.00890862 0.0109692 0.00873244 0.00877868 0.0101787 0.00867829 0.0091746 0.00824389 0.0086531 0.00843797 0.00848394 0.0101548 0.00839828 0.00823652 0.00813241 0.00895826 0.0086415 0.00807584 0.00824391 0.00843854 0.00844206 0.00822193 0.00854448 0.00809903 0.0082734 0.0091232 0.00824814 0.00847449 0.0081717 0.00905616 0.0080589 0.00870176 0.00859089 0.00813719 0.00834908 0.008283 0.00828213 0.00835854 0.00836573 0.00856699 0.00831436 0.00843119 0.00839468 0.00883279 0.00890588 0.00851171 0.00859519 0.00983384 
0.00361176 0 0.00366432 0.00442011 0.983778 0.00417363 0.00795081 0.0431154 0.00937263 0.0107466 0.0115855 0.011651 0.0268984 0.0104014 0.0112114 0.0115654 0.00913923 0.0230516 0.0101812 0.00894517 0.00869562 0.0121964 0.00900716 0.0113427 0.00933144 0.00869014 0.00825585 0.00863195 0.00845281 0.00831489 0.00841052 0.00845516 0.00810648 0.00817076 0.00820034 0.00846471 0.00811349 0.00820625 0.00815481 0.00809856 0.00805398 0.00837073 0.00872347 0.00822833 0.00836842 0.00802331 0.00801135 0.00829196 0.00811228 0.00833415 0.00804371 0.00819155 0.00804834 0.00795479 0.00808788 0.00837378 0.00829683 0.00827545 0.00829756 0.00829083 0.00835574 0.00869426 0.00857118 0.0086206 0.00855125 0.00857511 0.00889762 0.00889599 0.00862722 
0.00453737 0.00366432 0 0.970508 0.00376511 0.0044197 0.0183212 0.0131256 0.0171252 0.0190023 0.0150128 0.0346611 0.011639 0.0135882 0.0107355 0.0101028 0.0121325 0.0100163 0.0180612 0.0122229 0.0173832 0.00889477 0.0123591 0.00952422 0.00981995 0.010159 0.0104233 0.00884691 0.00909272 0.00832044 0.00824882 0.00835054 0.00848744 0.0088712 0.00823909 0.00798749 0.00840039 0.00815413 0.00849858 0.00806003 0.00887328 0.00873422 0.00815669 0.00848635 0.00809261 0.0082057 0.00883863 0.00823922 0.00815005 0.00809974 0.00827652 0.00811486 0.00817404 0.0083764 0.00802728 0.00863817 0.00819432 0.00823483 0.00818181 0.00819269 0.00877138 0.00839253 0.00836412 0.00837095 0.00858291 0.00877791 0.0086152 0.00853314 0.00882305 
0.00658028 0.00442011 0.970508 0 0.00361397 0.00566706 0.00554933 0.0155481 0.0634344 0.0202317 0.0155512 0.0212012 0.0123373 0.0152749 0.010103 0.00995595 0.0112766 0.00979322 0.0177173 0.011161 0.0136852 0.00901994 0.0113483 0.00905704 0.00909572 0.0101743 0.00860046 0.00914691 0.00827571 0.00858456 0.00828802 0.00862757 0.00980988 0.0083227 0.00842139 0.0081064 0.00889219 0.00838677 0.00813361 0.0082812 0.00837705 0.00853794 0.00825238 0.0086811 0.00818582 0.00832515 0.00936435 0.00835664 0.00845793 0.00820649 0.0088914 0.00803551 0.00854473 0.00859565 0.00812874 0.00841516 0.00826866 0.00828281 0.00826003 0.00844855 0.00867564 0.00841432 0.00844892 0.00844886 0.00887345 0.00910922 0.00863666 0.00860603 0.00990131 
0.00475367 0.983778 0.00376511 0.00361397 0 0.00363577 0.00525217 0.0450518 0.00451039 0.0104458 0.0130557 0.0139658 0.0224234 0.00945956 0.00990766 0.0110448 0.00889559 0.0152969 0.0101462 0.0102703 0.00897512 0.0144772 0.00879086 0.0104754 0.00874143 0.00842346 0.00852311 0.00865028 0.00912028 0.00824051 0.00849551 0.00834657 0.00818739 0.00873675 0.00828282 0.00887476 0.00810807 0.00845237 0.00840138 0.0081763 0.00879128 0.00826604 0.00851807 0.00820197 0.00827765 0.0080854 0.00803447 0.0083265 0.00817823 0.00825147 0.00805508 0.00825036 0.00802198 0.0079833 0.00808232 0.00833027 0.00823152 0.0082573 0.00826316 0.00818748 0.00838566 0.00863278 0.00848553 0.00849818 0.0084355 0.00852852 0.00883496 0.0088612 0.00873574 
0.933664 0.00417363 0.0044197 0.00566706 0.00363577 0 0.043468 0.00472559 0.00465629 0.0113218 0.0111952 0.0292307 0.0101001 0.0114355 0.00999321 0.00933181 0.0104536 0.00900655 0.0116424 0.0105455 0.0170625 0.00861664 0.0100377 0.00888783 0.00895775 0.00884076 0.0101684 0.00855976 0.00860676 0.00882626 0.00815264 0.00850235 0.00844835 0.0087829 0.00859376 0.00796606 0.00924482 0.0080108 0.00826742 0.00802089 0.00863435 0.00857956 0.00808716 0.00835944 0.00811739 0.0081003 0.010581 0.00809396 0.00817516 0.00801087 0.00840134 0.00804474 0.00836531 0.0085804 0.00801274 0.00849093 0.0082295 0.00819632 0.00815677 0.00817273 0.0089013 0.00841547 0.00834786 0.00827122 0.00842921 0.00894474 0.00857706 0.00839275 0.00862933 
0.00928121 0.00795081 0.0183212 0.00554933 0.00525217 0.043468 0 0.00361067 0.00362342 0.0137814 0.0127982 0.0624569 0.022708 0.0375809 0.0148508 0.0144622 0.0139901 0.0117903 0.0198863 0.0120377 0.0200839 0.0135221 0.0141059 0.0130416 0.0103855 0.0120373 0.00927493 0.0101139 0.00867961 0.00852412 0.0087584 0.00876907 0.00995139 0.00818573 0.00819888 0.00835316 0.00828454 0.00863897 0.00815767 0.00835539 0.00898644 0.00857855 0.00888793 0.00841059 0.00837217 0.00835185 0.00861597 0.00839335 0.00853774 0.00835464 0.00843546 0.00818284 0.00817848 0.00820282 0.00805273 0.00856104 0.00828275 0.00839073 0.00826387 0.00842393 0.00841257 0.00846487 0.00859552 0.0085306 0.00853264 0.00857586 0.00864424 0.00877005 0.00915296 
0.00834522 0.0431154 0.0131256 0.0155481 0.0450518 0.00472559 0.00361067 0 0.00376891 0.0119838 0.0129509 0.0248751 0.120296 0.0264431 0.0207495 0.0183193 0.0158879 0.0537689 0.0173477 0.0117357 0.0117074 0.0376926 0.020016 0.0184767 0.0199638 0.0103882 0.00984471 0.00942297 0.00847314 0.00960698 0.00913409 0.00996103 0.00857054 0.00822545 0.00870157 0.00841873 0.00874882 0.00834639 0.00835919 0.00820113 0.00872925 0.00925444 0.00959486 0.00955883 0.0088431 0.00845392 0.0082265 0.00866472 0.00861696 0.00878408 0.0083642 0.00827289 0.00820104 0.00808524 0.00822675 0.00862361 0.00870653 0.00873222 0.00867306 0.00837437 0.00843458 0.0089121 0.00910496 0.00896809 0.00862011 0.00880796 0.00940423 0.00920257 0.00880949 
0.023931 0.00937263 0.0171252 0.0634344 0.00451039 0.00465629 0.00362342 0.00376891 0 0.0115065 0.0119194 0.0540629 0.0188668 0.0292511 0.0191852 0.0184415 0.0243872 0.0189565 0.0698544 0.0158336 0.0215402 0.0116829 0.0145634 0.0141096 0.014463 0.0148758 0.0114378 0.010681 0.0103501 0.00856188 0.00892472 0.00905716 0.00978274 0.00914337 0.00834505 0.00839562 0.00847462 0.00885207 0.00857459 0.00826349 0.0105272 0.00866212 0.00863446 0.009744 0.00838818 0.00882389 0.00871556 0.00859532 0.00861423 0.00826192 0.00841818 0.00822869 0.00813912 0.00812061 0.00804652 0.00882994 0.00871443 0.00941749 0.00829421 0.0082918 0.00871379 0.00877833 0.00857006 0.00847665 0.00854876 0.00901701 0.00886601 0.00877672 0.00909333 
0.0236093 0.0107466 0.0190023 0.0202317 0.0104458 0.0113218 0.0137814 0.0119838 0.0115065 0 0.976803 0.0200379 0.0127638 0.0102087 0.00903942 0.00918411 0.00926581 0.0103534 0.0140872 0.033911 0.0127581 0.00886925 0.00885644 0.00840539 0.00844713 0.00932153 0.0106892 0.00984225 0.00927519 0.00822811 0.00810789 0.00833139 0.0096969 0.00946021 0.00820433 0.0081385 0.00812858 0.00859652 0.00890676 0.00872388 0.00856202 0.00817068 0.00799213 0.00797964 0.00802177 0.00835806 0.00868248 0.00808925 0.00800582 0.00802698 0.00878649 0.00839787 0.00848908 0.00870336 0.0081663 0.00858165 0.00805621 0.00804485 0.00805686 0.00833449 0.00875143 0.008267 0.00827201 0.00821913 0.00875458 0.00897767 0.00839001 0.0083705 0.0095266 
0.0147163 0.0115855 0.0150128 0.0155512 0.0130557 0.0111952 0.0127982 0.0129509 0.0119194 0.976803 0 0.0183413 0.0120022 0.0104098 0.0102313 0.0120751 0.00915504 0.0116708 0.0180664 0.0431498 0.0111491 0.00894148 0.00855905 0.00851199 0.00853752 0.00971569 0.0102077 0.00962549 0.00876503 0.00812029 0.00806142 0.00835256 0.00998147 0.00874622 0.00807335 0.00807438 0.00801967 0.00863015 0.0086386 0.00839651 0.00842213 0.00803749 0.00803506 0.00800033 0.00799359 0.00832365 0.00829154 0.00806632 0.00801957 0.00797022 0.00848801 0.0080664 0.00816869 0.00815878 0.00802778 0.00841039 0.0079961 0.00803596 0.00801992 0.00818259 0.00849397 0.00822983 0.0082457 0.00823344 0.00858583 0.0086524 0.00848081 0.00844659 0.00929591 
0.021224 0.011651 0.0346611 0.0212012 0.0139658 0.0292307 0.0624569 0.0248751 0.0540629 0.0200379 0.0183413 0 0.00474835 0.00355993 0.00362444 0.00360395 0.00369925 0.00398984 0.00852556 0.0178239 0.126117 0.0227791 0.022844 0.0140792 0.0140503 0.0225068 0.0114912 0.0154359 0.00980985 0.00999854 0.0100712 0.011092 0.0175007 0.00862029 0.00888407 0.00876808 0.00945684 0.0119737 0.00869205 0.00963507 0.00943912 0.010727 0.00924922 0.00941368 0.00891249 0.0106407 0.00894193 0.00861667 0.00945277 0.00863044 0.00940753 0.00826584 0.0083252 0.0082263 0.00807972 0.00877844 0.00838345 0.00837943 0.00834397 0.00845515 0.00839155 0.00847735 0.00862594 0.00892647 0.00896697 0.00886003 0.00886013 0.0089891 0.00977309 
0.0115833 0.0268984 0.011639 0.0123373 0.0224234 0.0101001 0.022708 0.120296 0.0188668 0.0127638 0.0120022 0.00474835 0 0.00357496 0.00357866 0.00360191 0.00357306 0.00437768 0.00451676 0.0130908 0.0435568 0.135418 0.0284628 0.0495033 0.0265261 0.0129795 0.0107866 0.0115193 0.00912447 0.0116393 0.0162888 0.0152989 0.0109238 0.00847488 0.00960612 0.0100885 0.00991393 0.00926318 0.00882046 0.0084515 0.009887 0.0118432 0.0149291 0.011982 0.0100005 0.00920181 0.0083636 0.00863268 0.00914625 0.00916696 0.00861661 0.0081892 0.0080931 0.00811895 0.00811954 0.00845514 0.00864251 0.00868586 0.00842948 0.00819653 0.00831205 0.00880289 0.00922759 0.00882323 0.0084812 0.00855806 0.00932865 0.00947486 0.00889809 
0.0158961 0.0104014 0.0135882 0.0152749 0.00945956 0.0114355 0.0375809 0.0264431 0.0292511 0.0102087 0.0104098 0.00355993 0.00357496 0 0.00356234 0.00353589 0.00358075 0.00359873 0.00368395 0.00901236 0.0361124 0.0529829 0.132773 0.0574514 0.0422815 0.0152552 0.00948701 0.00968651 0.00886545 0.0136725 0.0241481 0.013543 0.00987067 0.00841612 0.0101575 0.0111327 0.0105513 0.00901961 0.00836191 0.0082577 0.00971517 0.0138781 0.015162 0.0179098 0.00946866 0.00909313 0.00846958 0.00912419 0.00986065 0.00895461 0.00895479 0.0080737 0.00808168 0.00804866 0.00801091 0.00856631 0.0088649 0.00875597 0.00855762 0.00831832 0.00838333 0.00883903 0.00911856 0.00874821 0.00845458 0.00853547 0.00915215 0.00973147 0.00897123 
0.00996266 0.0112114 0.0107355 0.010103 0.00990766 0.00999321 0.0148508 0.0207495 0.0191852 0.00903942 0.0102313 0.00362444 0.00357866 0.00356234 0 0.00356253 0.00356701 0.00358077 0.00352845 0.00906 0.0226013 0.0638712 0.0642567 0.0770447 0.0262978 0.0155591 0.00917327 0.00931663 0.00879347 0.0127527 0.0178809 0.0118256 0.0104906 0.00831959 0.00902273 0.0106856 0.00911949 0.00894405 0.00826347 0.00829359 0.00928115 0.0113122 0.0165093 0.0122291 0.00981562 0.00866944 0.00843359 0.00863779 0.00964053 0.00868658 0.00874084 0.00806407 0.00804534 0.00805684 0.00801424 0.00842709 0.00865031 0.00856646 0.00836558 0.00819375 0.00827862 0.00848774 0.00874897 0.0084141 0.00825512 0.00852315 0.00872728 0.00894357 0.00877553 
0.00963307 0.0115654 0.0101028 0.00995595 0.0110448 0.00933181 0.0144622 0.0183193 0.0184415 0.00918411 0.0120751 0.00360395 0.00360191 0.00353589 0.00356253 0 0.00354781 0.00357628 0.0035535 0.00803808 0.0236945 0.044046 0.0680329 0.0613997 0.0282644 0.0121446 0.00912935 0.00910344 0.00947553 0.00990731 0.0180419 0.0135788 0.00926847 0.00836864 0.00893098 0.0110045 0.00889067 0.00887355 0.00825452 0.00826973 0.00910342 0.0102724 0.0142736 0.0110491 0.0095203 0.00872724 0.00846825 0.00885705 0.00921865 0.00904734 0.00827168 0.0081733 0.00796726 0.00803423 0.00800825 0.00846336 0.00861669 0.00875285 0.00837901 0.00816233 0.00826957 0.00841576 0.00867733 0.00838184 0.00820994 0.00858571 0.00868991 0.00869331 0.00855871 
0.0113148 0.00913923 0.0121325 0.0112766 0.00889559 0.0104536 0.0139901 0.0158879 0.0243872 0.00926581 0.00915504 0.00369925 0.00357306 0.00358075 0.00356701 0.00354781 0 0.00354047 0.00354705 0.00750185 0.0239702 0.0341151 0.0910925 0.0623984 0.0300104 0.0122474 0.00882221 0.00904011 0.00863072 0.0130534 0.0140092 0.0113313 0.00935443 0.00822824 0.00895162 0.00912173 0.0097042 0.0086459 0.00823369 0.0081815 0.0093543 0.0121917 0.0109187 0.0144728 0.00880348 0.00903217 0.00846096 0.00849959 0.00901099 0.00853538 0.00862378 0.00803209 0.00801528 0.00801276 0.00797234 0.0082387 0.0084606 0.00835015 0.00832746 0.00812759 0.00820005 0.00834793 0.00854325 0.00830198 0.0081651 0.00832966 0.008533 0.00855624 0.00850382 
0.00948547 0.0230516 0.0100163 0.00979322 0.0152969 0.00900655 0.0117903 0.0537689 0.0189565 0.0103534 0.0116708 0.00398984 0.00437768 0.00359873 0.00358077 0.00357628 0.00354047 0 0.00355493 0.00983412 0.0170395 0.0463043 0.0304257 0.0511652 0.128243 0.0162564 0.0104408 0.0106059 0.00956456 0.00963031 0.0113175 0.0116857 0.0089391 0.00866079 0.0087214 0.00929756 0.00885419 0.00933288 0.00850702 0.00847095 0.00936442 0.00934475 0.0113686 0.00962375 0.00932858 0.00878598 0.00825054 0.00846135 0.00854465 0.00858902 0.00823029 0.00807165 0.00800793 0.00797934 0.00797021 0.00829934 0.00832107 0.00828077 0.00832034 0.00802725 0.00819871 0.00831359 0.00841982 0.00832215 0.00819791 0.00830447 0.00847564 0.00847147 0.00843745 
0.0161028 0.0101812 0.0180612 0.0177173 0.0101462 0.0116424 0.0198863 0.0173477 0.0698544 0.0140872 0.0180664 0.00852556 0.00451676 0.00368395 0.00352845 0.0035535 0.00354705 0.00355493 0 0.0628998 0.033849 0.017027 0.0187669 0.023434 0.0343243 0.104173 0.0151171 0.012719 0.0112159 0.00939109 0.00908798 0.010406 0.0101827 0.00956299 0.00856754 0.00842418 0.00853525 0.00980248 0.00943531 0.00850834 0.0105667 0.00921121 0.00913814 0.0088717 0.00896723 0.00884173 0.00856802 0.00874482 0.00844719 0.0081716 0.00822389 0.00811072 0.00802157 0.00801991 0.00800427 0.00837746 0.00827837 0.00817704 0.0080911 0.00805998 0.00854696 0.00840927 0.00844564 0.00826081 0.00815994 0.00865433 0.00851513 0.00847734 0.00845666 
0.0113685 0.00894517 0.0122229 0.011161 0.0102703 0.0105455 0.0120377 0.0117357 0.0158336 0.033911 0.0431498 0.0178239 0.0130908 0.00901236 0.00906 0.00803808 0.00750185 0.00983412 0.0628998 0 0.0349118 0.0148194 0.0159739 0.0125906 0.020536 0.0400443 0.0203571 0.0179108 0.0103583 0.00874719 0.00869255 0.00909147 0.0125407 0.00946734 0.00844748 0.0084623 0.00844384 0.0109721 0.0102276 0.010476 0.00946041 0.00854954 0.00918827 0.00842351 0.00837283 0.00922487 0.0087911 0.00818018 0.00808818 0.00814273 0.00881544 0.00834255 0.00841045 0.00834312 0.00816466 0.00842249 0.00800254 0.00802414 0.00806826 0.00831212 0.00845059 0.00821863 0.00812275 0.00808187 0.00857965 0.00854277 0.0082646 0.0082243 0.00933226 
0.0128936 0.00869562 0.0173832 0.0136852 0.00897512 0.0170625 0.0200839 0.0117074 0.0215402 0.0127581 0.0111491 0.126117 0.0435568 0.0361124 0.0226013 0.0236945 0.0239702 0.0170395 0.033849 0.0349118 0 0.004127 0.00362684 0.00362581 0.00367298 0.00521692 0.0450148 0.0278681 0.0200787 0.0149087 0.0116843 0.0136987 0.0250612 0.0124398 0.0105083 0.00928799 0.0110168 0.0137513 0.0104337 0.0145559 0.0171555 0.0153723 0.00990563 0.0121849 0.00933066 0.0156201 0.00937969 0.00855915 0.00969351 0.00882582 0.0106328 0.00810621 0.00862814 0.00818465 0.0081165 0.00884962 0.00863627 0.00832188 0.00832268 0.00841808 0.00847689 0.00827842 0.0084695 0.00861111 0.00871726 0.00890518 0.0086567 0.00838758 0.00898727 
0.00890862 0.0121964 0.00889477 0.00901994 0.0144772 0.00861664 0.0135221 0.0376926 0.0116829 0.00886925 0.00894148 0.0227791 0.135418 0.0529829 0.0638712 0.044046 0.0341151 0.0463043 0.017027 0.0148194 0.004127 0 0.00358966 0.00356075 0.00361775 0.00356568 0.0461537 0.016914 0.0166056 0.0344215 0.0239106 0.02179 0.0133352 0.00955365 0.0135984 0.0143139 0.0104583 0.0109548 0.0101384 0.00981604 0.0216329 0.0189898 0.0399322 0.0142628 0.0262116 0.0101018 0.00868452 0.0108785 0.0101114 0.0121317 0.0087026 0.0084153 0.00805493 0.00819362 0.00806692 0.00899859 0.00887037 0.00992704 0.00852586 0.00845837 0.00844377 0.00882959 0.00937708 0.00864924 0.00836919 0.00854863 0.00902072 0.00939326 0.00842495 
0.0109692 0.00900716 0.0123591 0.0113483 0.00879086 0.0100377 0.0141059 0.020016 0.0145634 0.00885644 0.00855905 0.022844 0.0284628 0.132773 0.0642567 0.0680329 0.0910925 0.0304257 0.0187669 0.0159739 0.00362684 0.00358966 0 0.0035889 0.0035643 0.00354694 0.015688 0.01329 0.0108202 0.0305707 0.0432363 0.0244023 0.0111236 0.00913007 0.017035 0.0111204 0.0240343 0.0098369 0.00882892 0.00878919 0.012603 0.0525201 0.0255431 0.128344 0.011211 0.0104975 0.0103456 0.00918936 0.021107 0.00990396 0.012363 0.00820609 0.00822668 0.00824927 0.0081037 0.00944905 0.0102294 0.00949665 0.00911071 0.00852333 0.00877562 0.00906418 0.00993966 0.00893639 0.00878167 0.00931555 0.00918972 0.009042 0.00885605 
0.00873244 0.0113427 0.00952422 0.00905704 0.0104754 0.00888783 0.0130416 0.0184767 0.0141096 0.00840539 0.00851199 0.0140792 0.0495033 0.0574514 0.0770447 0.0613997 0.0623984 0.0511652 0.023434 0.0125906 0.00362581 0.00356075 0.0035889 0 0.00354309 0.0035353 0.017668 0.0170374 0.0121467 0.017473 0.0742785 0.0217614 0.0100198 0.00927448 0.00998783 0.0384684 0.0101697 0.0116269 0.00917531 0.00899512 0.014549 0.01513 0.171726 0.0191865 0.0243844 0.0108083 0.00862194 0.0109298 0.011996 0.0120427 0.00885977 0.00829032 0.00803104 0.00818354 0.00806795 0.00867579 0.00890135 0.0111676 0.00868062 0.00833618 0.00827736 0.0086261 0.00989171 0.0086857 0.00824031 0.00842883 0.0088357 0.00885656 0.00835287 
0.00877868 0.00933144 0.00981995 0.00909572 0.00874143 0.00895775 0.0103855 0.0199638 0.014463 0.00844713 0.00853752 0.0140503 0.0265261 0.0422815 0.0262978 0.0282644 0.0300104 0.128243 0.0343243 0.020536 0.00367298 0.00361775 0.0035643 0.00354309 0 0.00368544 0.028461 0.035126 0.0110386 0.0260059 0.0169463 0.0540074 0.0177927 0.00878386 0.0147556 0.0100239 0.0324473 0.0100566 0.00915336 0.0097116 0.0109156 0.0388577 0.0130002 0.0370606 0.0155157 0.0113446 0.00909585 0.00892382 0.01238 0.00921455 0.00908034 0.00809578 0.00817387 0.00806414 0.00805612 0.00852307 0.00885102 0.00886435 0.0090384 0.00849361 0.00818755 0.00844424 0.00891754 0.00878576 0.0080874 0.00829852 0.00866751 0.00906561 0.00832162 
0.0101787 0.00869014 0.010159 0.0101743 0.00842346 0.00884076 0.0120373 0.0103882 0.0148758 0.00932153 0.00971569 0.0225068 0.0129795 0.0152552 0.0155591 0.0121446 0.0122474 0.0162564 0.104173 0.0400443 0.00521692 0.00356568 0.00354694 0.0035353 0.00368544 0 0.026281 0.0582156 0.0154336 0.0117813 0.0148265 0.0434663 0.0198534 0.0144339 0.00907659 0.00929031 0.009525 0.0223317 0.0112414 0.00978127 0.0190885 0.00996196 0.0147265 0.0109552 0.0121327 0.0136538 0.00932297 0.00869304 0.00876367 0.00905223 0.00888352 0.00834315 0.00812709 0.00817968 0.00801339 0.00863491 0.00831474 0.00847292 0.00830552 0.00832151 0.00819576 0.00825286 0.00849416 0.00815465 0.00818409 0.00833202 0.00858687 0.0081749 0.00840244 
0.00867829 0.00825585 0.0104233 0.00860046 0.00852311 0.0101684 0.00927493 0.00984471 0.0114378 0.0106892 0.0102077 0.0114912 0.0107866 0.00948701 0.00917327 0.00912935 0.00882221 0.0104408 0.0151171 0.0203571 0.0450148 0.0461537 0.015688 0.017668 0.028461 0.026281 0 0.00392837 0.011194 0.0164749 0.00906004 0.0125654 0.0248913 0.00998498 0.00933855 0.00866456 0.011625 0.0141302 0.0141727 0.041284 0.0117324 0.0118561 0.00928973 0.00946165 0.0101223 0.0155177 0.0087822 0.00848094 0.00855758 0.00862996 0.0105275 0.00811793 0.0092642 0.00810713 0.0083899 0.00832042 0.00834521 0.00812739 0.00828094 0.00858951 0.00807166 0.00816743 0.00821416 0.00822626 0.00847536 0.00831024 0.00820121 0.00815414 0.00854768 
0.0091746 0.00863195 0.00884691 0.00914691 0.00865028 0.00855976 0.0101139 0.00942297 0.010681 0.00984225 0.00962549 0.0154359 0.0115193 0.00968651 0.00931663 0.00910344 0.00904011 0.0106059 0.012719 0.0179108 0.0278681 0.016914 0.01329 0.0170374 0.035126 0.0582156 0.00392837 0 0.0206411 0.00866157 0.00846459 0.0160717 0.00972394 0.0109608 0.00853769 0.00845333 0.00982029 0.0122686 0.0283484 0.0128417 0.0138556 0.0102233 0.0103262 0.00919394 0.0141956 0.0122925 0.00968351 0.00873415 0.00863894 0.00908462 0.00894383 0.0092064 0.0082879 0.00846481 0.00825385 0.00912436 0.00847539 0.00837951 0.00831836 0.00838946 0.00830069 0.00842148 0.00836007 0.00843526 0.00831078 0.00846729 0.00850076 0.00842976 0.00864429 
0.00824389 0.00845281 0.00909272 0.00827571 0.00912028 0.00860676 0.00867961 0.00847314 0.0103501 0.00927519 0.00876503 0.00980985 0.00912447 0.00886545 0.00879347 0.00947553 0.00863072 0.00956456 0.0112159 0.0103583 0.0200787 0.0166056 0.0108202 0.0121467 0.0110386 0.0154336 0.011194 0.0206411 0 0.00358905 0.00356632 0.00359915 0.00422361 0.00660678 0.00613372 0.00805264 0.00826379 0.954986 0.0113081 0.0162718 0.0142964 0.00956929 0.0121282 0.00898462 0.0107934 0.0125582 0.00828389 0.00859576 0.00837219 0.00932646 0.0100454 0.00862167 0.00840302 0.00808649 0.00824935 0.0085032 0.00820364 0.00827565 0.00818375 0.00835398 0.00836924 0.00807491 0.00816576 0.00815979 0.00842369 0.00826714 0.00818026 0.00819702 0.00865392 
0.0086531 0.00831489 0.00832044 0.00858456 0.00824051 0.00882626 0.00852412 0.00960698 0.00856188 0.00822811 0.00812029 0.00999854 0.0116393 0.0136725 0.0127527 0.00990731 0.0130534 0.00963031 0.00939109 0.00874719 0.0149087 0.0344215 0.0305707 0.017473 0.0260059 0.0117813 0.0164749 0.00866157 0.00358905 0 0.00357037 0.00358781 0.00357395 0.00507453 0.00697677 0.00753073 0.969606 0.0144369 0.0108998 0.00920637 0.014335 0.0424736 0.0102603 0.0261166 0.0103139 0.00978794 0.00986801 0.00887481 0.0113862 0.00888841 0.00913977 0.0081215 0.008192 0.00817778 0.007972 0.00852455 0.00926658 0.00851106 0.00863408 0.00808655 0.00812745 0.00852713 0.00862792 0.0085913 0.00806662 0.00823022 0.00871418 0.00857016 0.00817799 
0.00843797 0.00841052 0.00824882 0.00828802 0.00849551 0.00815264 0.0087584 0.00913409 0.00892472 0.00810789 0.00806142 0.0100712 0.0162888 0.0241481 0.0178809 0.0180419 0.0140092 0.0113175 0.00908798 0.00869255 0.0116843 0.0239106 0.0432363 0.0742785 0.0169463 0.0148265 0.00906004 0.00846459 0.00356632 0.00357037 0 0.00353383 0.00355136 0.00611972 0.00693732 0.97219 0.0117387 0.00908377 0.00773827 0.00955409 0.0153682 0.0131691 0.0821331 0.0160303 0.0149442 0.00995053 0.00856329 0.0107132 0.0128481 0.0118566 0.00892922 0.0082294 0.008099 0.00809991 0.00801908 0.00872019 0.00874129 0.0109917 0.00859267 0.00819937 0.00823086 0.00858611 0.00945524 0.0086805 0.0082842 0.00837872 0.00885634 0.00871568 0.00830206 
0.00848394 0.00845516 0.00835054 0.00862757 0.00834657 0.00850235 0.00876907 0.00996103 0.00905716 0.00833139 0.00835256 0.011092 0.0152989 0.013543 0.0118256 0.0135788 0.0113313 0.0116857 0.010406 0.00909147 0.0136987 0.02179 0.0244023 0.0217614 0.0540074 0.0434663 0.0125654 0.0160717 0.00359915 0.00358781 0.00353383 0 0.00364558 0.011241 0.980332 0.00916777 0.0101976 0.00701758 0.0105312 0.010071 0.0118441 0.0322787 0.0143361 0.0204667 0.013309 0.0127463 0.00960967 0.00949767 0.0130989 0.00992941 0.00956388 0.00833034 0.00826225 0.00833469 0.00810421 0.00856053 0.00951736 0.00871819 0.0098713 0.00837865 0.00823675 0.008872 0.00875768 0.00866722 0.00830368 0.00833517 0.00866266 0.00859631 0.00814351 
0.0101548 0.00810648 0.00848744 0.00980988 0.00818739 0.00844835 0.00995139 0.00857054 0.00978274 0.0096969 0.00998147 0.0175007 0.0109238 0.00987067 0.0104906 0.00926847 0.00935443 0.0089391 0.0101827 0.0125407 0.0250612 0.0133352 0.0111236 0.0100198 0.0177927 0.0198534 0.0248913 0.00972394 0.00422361 0.00357395 0.00355136 0.00364558 0 0.968192 0.00676608 0.00565149 0.00626127 0.00709496 0.0105471 0.0095432 0.0271298 0.0114153 0.0106385 0.00945369 0.0108379 0.0140942 0.0131686 0.00969664 0.00891382 0.0088639 0.00961084 0.00880088 0.00825766 0.00890536 0.00815573 0.00995475 0.00829961 0.00819721 0.00826985 0.00819323 0.00870612 0.0083291 0.00830064 0.00809703 0.00845241 0.00871375 0.00832569 0.00812622 0.00835743 
0.00839828 0.00817076 0.0088712 0.0083227 0.00873675 0.0087829 0.00818573 0.00822545 0.00914337 0.00946021 0.00874622 0.00862029 0.00847488 0.00841612 0.00831959 0.00836864 0.00822824 0.00866079 0.00956299 0.00946734 0.0124398 0.00955365 0.00913007 0.00927448 0.00878386 0.0144339 0.00998498 0.0109608 0.00660678 0.00507453 0.00611972 0.011241 0.968192 0 0.00405624 0.00365999 0.00387728 0.00453806 0.00563262 0.0102584 0.0163357 0.00990333 0.0104413 0.00871696 0.0128877 0.0126479 0.00861117 0.00834268 0.00832175 0.00887653 0.0102676 0.00831595 0.00868511 0.0082529 0.00832749 0.00824815 0.00808301 0.00815762 0.00803058 0.00849654 0.00812594 0.00801898 0.0080451 0.00804604 0.00836304 0.00812165 0.00807944 0.00814692 0.00880943 
0.00823652 0.00820034 0.00823909 0.00842139 0.00828282 0.00859376 0.00819888 0.00870157 0.00834505 0.00820433 0.00807335 0.00888407 0.00960612 0.0101575 0.00902273 0.00893098 0.00895162 0.0087214 0.00856754 0.00844748 0.0105083 0.0135984 0.017035 0.00998783 0.0147556 0.00907659 0.00933855 0.00853769 0.00613372 0.00697677 0.00693732 0.980332 0.00676608 0.00405624 0 0.00355273 0.00362714 0.00357513 0.00483049 0.00573273 0.0121616 0.0260994 0.00935142 0.0181651 0.00958038 0.00920203 0.00894312 0.00841324 0.0100526 0.00866982 0.00884528 0.00813543 0.00818069 0.00824351 0.0080039 0.00823997 0.00880957 0.00820735 0.0084529 0.00808381 0.00808819 0.00834257 0.00838988 0.00830049 0.00809202 0.00812941 0.00854649 0.00826154 0.00809507 
0.00813241 0.00846471 0.00798749 0.0081064 0.00887476 0.00796606 0.00835316 0.00841873 0.00839562 0.0081385 0.00807438 0.00876808 0.0100885 0.0111327 0.0106856 0.0110045 0.00912173 0.00929756 0.00842418 0.0084623 0.00928799 0.0143139 0.0111204 0.0384684 0.0100239 0.00929031 0.00866456 0.00845333 0.00805264 0.00753073 0.97219 0.00916777 0.00565149 0.00365999 0.00355273 0 0.00353003 0.00361094 0.0040843 0.00594455 0.0150594 0.0102922 0.0683764 0.00983655 0.0127804 0.00871827 0.00816933 0.0102782 0.00934672 0.0109242 0.00831451 0.00857093 0.00799233 0.00805565 0.00806482 0.00883182 0.00825789 0.00989015 0.00818706 0.00810788 0.00818725 0.00828691 0.00861207 0.00862295 0.00802833 0.0081797 0.00845204 0.00848382 0.00809626 
0.00895826 0.00811349 0.00840039 0.00889219 0.00810807 0.00924482 0.00828454 0.00874882 0.00847462 0.00812858 0.00801967 0.00945684 0.00991393 0.0105513 0.00911949 0.00889067 0.0097042 0.00885419 0.00853525 0.00844384 0.0110168 0.0104583 0.0240343 0.0101697 0.0324473 0.009525 0.011625 0.00982029 0.00826379 0.969606 0.0117387 0.0101976 0.00626127 0.00387728 0.00362714 0.00353003 0 0.00354467 0.00423864 0.00783489 0.0112459 0.0484081 0.0101607 0.0402304 0.0111229 0.011371 0.0114842 0.00847882 0.0125446 0.00853224 0.00961217 0.00806026 0.00841498 0.00838552 0.00801816 0.00822265 0.00982014 0.00835957 0.00882166 0.00820566 0.00806072 0.00843316 0.00852356 0.00841193 0.00812056 0.00824473 0.00849391 0.00848796 0.00808193 
0.0086415 0.00820625 0.00815413 0.00838677 0.00845237 0.0080108 0.00863897 0.00834639 0.00885207 0.00859652 0.00863015 0.0119737 0.00926318 0.00901961 0.00894405 0.00887355 0.0086459 0.00933288 0.00980248 0.0109721 0.0137513 0.0109548 0.0098369 0.0116269 0.0100566 0.0223317 0.0141302 0.0122686 0.954986 0.0144369 0.00908377 0.00701758 0.00709496 0.00453806 0.00357513 0.00361094 0.00354467 0 0.0119282 0.00473722 0.0240296 0.0104263 0.0265925 0.00966544 0.0240336 0.0194235 0.00979001 0.0103693 0.0086523 0.0101344 0.00916937 0.00924901 0.00812307 0.00851502 0.00818879 0.010291 0.00816873 0.00865573 0.00817821 0.00834524 0.00841349 0.00823143 0.0082535 0.00807872 0.00842994 0.00838727 0.00825538 0.00809602 0.00826013 
0.00807584 0.00815481 0.00849858 0.00813361 0.00840138 0.00826742 0.00815767 0.00835919 0.00857459 0.00890676 0.0086386 0.00869205 0.00882046 0.00836191 0.00826347 0.00825452 0.00823369 0.00850702 0.00943531 0.0102276 0.0104337 0.0101384 0.00882892 0.00917531 0.00915336 0.0112414 0.0141727 0.0283484 0.0113081 0.0108998 0.00773827 0.0105312 0.0105471 0.00563262 0.00483049 0.0040843 0.00423864 0.0119282 0 0.00560333 0.0188562 0.0195285 0.0110121 0.0107952 0.0116 0.0145912 0.00883517 0.00865526 0.00844369 0.0088285 0.0101079 0.00855 0.0091288 0.00833273 0.00849457 0.00831873 0.00830007 0.00808504 0.00819212 0.00841226 0.00806143 0.00818306 0.00812221 0.00805383 0.00837532 0.00813071 0.00814328 0.0080481 0.00857299 
0.00824391 0.00809856 0.00806003 0.0082812 0.0081763 0.00802089 0.00835539 0.00820113 0.00826349 0.00872388 0.00839651 0.00963507 0.0084515 0.0082577 0.00829359 0.00826973 0.0081815 0.00847095 0.00850834 0.010476 0.0145559 0.00981604 0.00878919 0.00899512 0.0097116 0.00978127 0.041284 0.0128417 0.0162718 0.00920637 0.00955409 0.010071 0.0095432 0.0102584 0.00573273 0.00594455 0.00783489 0.00473722 0.00560333 0 0.0276634 0.0115046 0.0147106 0.0107692 0.0215151 0.0157044 0.01037 0.00888324 0.00836275 0.00869172 0.00876125 0.0101108 0.00831039 0.00888254 0.00813555 0.0088534 0.00810048 0.00806342 0.00806872 0.00815029 0.00826643 0.00810771 0.00806876 0.00807208 0.00807308 0.00827362 0.00812271 0.00813364 0.00811861 
0.00843854 0.00805398 0.00887328 0.00837705 0.00879128 0.00863435 0.00898644 0.00872925 0.0105272 0.00856202 0.00842213 0.00943912 0.009887 0.00971517 0.00928115 0.00910342 0.0093543 0.00936442 0.0105667 0.00946041 0.0171555 0.0216329 0.012603 0.014549 0.0109156 0.0190885 0.0117324 0.0138556 0.0142964 0.014335 0.0153682 0.0118441 0.0271298 0.0163357 0.0121616 0.0150594 0.0112459 0.0240296 0.0188562 0.0276634 0 0.00394494 0.00360715 0.00359253 0.00373016 0.00581169 0.0811578 0.0216737 0.0210647 0.0147285 0.0215229 0.00962369 0.0110144 0.00900734 0.00968977 0.0145462 0.0105929 0.0106189 0.00958805 0.011621 0.00918549 0.00954785 0.00924564 0.00914637 0.0104935 0.00977949 0.00976137 0.00911528 0.00976861 
0.00844206 0.00837073 0.00873422 0.00853794 0.00826604 0.00857956 0.00857855 0.00925444 0.00866212 0.00817068 0.00803749 0.010727 0.0118432 0.0138781 0.0113122 0.0102724 0.0121917 0.00934475 0.00921121 0.00854954 0.0153723 0.0189898 0.0525201 0.01513 0.0388577 0.00996196 0.0118561 0.0102233 0.00956929 0.0424736 0.0131691 0.0322787 0.0114153 0.00990333 0.0260994 0.0102922 0.0484081 0.0104263 0.0195285 0.0115046 0.00394494 0 0.00358491 0.00360438 0.00470348 0.00393759 0.252788 0.0250287 0.0731382 0.0136428 0.0329864 0.00885886 0.0108446 0.00931303 0.00862936 0.0118223 0.0287649 0.0121744 0.0217295 0.00915509 0.00991202 0.0112716 0.0143791 0.0109576 0.00916446 0.010051 0.0109873 0.0103324 0.00876741 
0.00822193 0.00872347 0.00815669 0.00825238 0.00851807 0.00808716 0.00888793 0.00959486 0.00863446 0.00799213 0.00803506 0.00924922 0.0149291 0.015162 0.0165093 0.0142736 0.0109187 0.0113686 0.00913814 0.00918827 0.00990563 0.0399322 0.0255431 0.171726 0.0130002 0.0147265 0.00928973 0.0103262 0.0121282 0.0102603 0.0821331 0.0143361 0.0106385 0.0104413 0.00935142 0.0683764 0.0101607 0.0265925 0.0110121 0.0147106 0.00360715 0.00358491 0 0.00353536 0.00356856 0.00355885 0.0161515 0.377836 0.0258685 0.153179 0.0103387 0.0110169 0.00864513 0.00848983 0.00899133 0.0144556 0.013079 0.0851688 0.0118124 0.0102533 0.00868343 0.0123814 0.0191055 0.0142854 0.00884432 0.00933729 0.0111926 0.0124799 0.00872742 
0.00854448 0.00822833 0.00848635 0.0086811 0.00820197 0.00835944 0.00841059 0.00955883 0.009744 0.00797964 0.00800033 0.00941368 0.011982 0.0179098 0.0122291 0.0110491 0.0144728 0.00962375 0.0088717 0.00842351 0.0121849 0.0142628 0.128344 0.0191865 0.0370606 0.0109552 0.00946165 0.00919394 0.00898462 0.0261166 0.0160303 0.0204667 0.00945369 0.00871696 0.0181651 0.00983655 0.0402304 0.00966544 0.0107952 0.0107692 0.00359253 0.00360438 0.00353536 0 0.00353406 0.00354214 0.047518 0.0126404 0.614889 0.0170344 0.028032 0.00874469 0.00922194 0.00885796 0.00850316 0.0103518 0.0345366 0.0190877 0.0216807 0.00947629 0.00871351 0.0112503 0.0208842 0.0117972 0.00893797 0.00912264 0.0107882 0.0123461 0.00897577 
0.00809903 0.00836842 0.00809261 0.00818582 0.00827765 0.00811739 0.00837217 0.0088431 0.00838818 0.00802177 0.00799359 0.00891249 0.0100005 0.00946866 0.00981562 0.0095203 0.00880348 0.00932858 0.00896723 0.00837283 0.00933066 0.0262116 0.011211 0.0243844 0.0155157 0.0121327 0.0101223 0.0141956 0.0107934 0.0103139 0.0149442 0.013309 0.0108379 0.0128877 0.00958038 0.0127804 0.0111229 0.0240336 0.0116 0.0215151 0.00373016 0.00470348 0.00356856 0.00353406 0 0.00363131 0.00998831 0.0904601 0.0287998 0.517891 0.0182711 0.0126664 0.0093599 0.00890075 0.00940035 0.0131225 0.0103543 0.0181488 0.0123901 0.010285 0.00848373 0.00970539 0.0103303 0.0113266 0.00912083 0.00863492 0.00908193 0.0101739 0.00870118 
0.0082734 0.00802331 0.0082057 0.00832515 0.0080854 0.0081003 0.00835185 0.00845392 0.00882389 0.00835806 0.00832365 0.0106407 0.00920181 0.00909313 0.00866944 0.00872724 0.00903217 0.00878598 0.00884173 0.00922487 0.0156201 0.0101018 0.0104975 0.0108083 0.0113446 0.0136538 0.0155177 0.0122925 0.0125582 0.00978794 0.00995053 0.0127463 0.0140942 0.0126479 0.00920203 0.00871827 0.011371 0.0194235 0.0145912 0.0157044 0.00581169 0.00393759 0.00355885 0.00354214 0.00363131 0 0.0268809 0.0129795 0.0402584 0.026061 0.437986 0.0113173 0.0137928 0.0111185 0.0119856 0.0140267 0.00992623 0.0106866 0.0107209 0.013723 0.0106573 0.00877262 0.00947037 0.00982332 0.0109556 0.0103587 0.00888055 0.00936898 0.0095022 
0.0091232 0.00801135 0.00883863 0.00936435 0.00803447 0.010581 0.00861597 0.0082265 0.00871556 0.00868248 0.00829154 0.00894193 0.0083636 0.00846958 0.00843359 0.00846825 0.00846096 0.00825054 0.00856802 0.0087911 0.00937969 0.00868452 0.0103456 0.00862194 0.00909585 0.00932297 0.0087822 0.00968351 0.00828389 0.00986801 0.00856329 0.00960967 0.0131686 0.00861117 0.00894312 0.00816933 0.0114842 0.00979001 0.00883517 0.01037 0.0811578 0.252788 0.0161515 0.047518 0.00998831 0.0268809 0 0.00360753 0.00361995 0.00364086 0.00398698 0.00386465 0.0174983 0.00707065 0.00959056 0.0259715 0.020489 0.00957754 0.0152842 0.0151647 0.0125642 0.00986837 0.01181 0.010077 0.0195472 0.012229 0.0103816 0.00935053 0.0147929 
0.00824814 0.00829196 0.00823922 0.00835664 0.0083265 0.00809396 0.00839335 0.00866472 0.00859532 0.00808925 0.00806632 0.00861667 0.00863268 0.00912419 0.00863779 0.00885705 0.00849959 0.00846135 0.00874482 0.00818018 0.00855915 0.0108785 0.00918936 0.0109298 0.00892382 0.00869304 0.00848094 0.00873415 0.00859576 0.00887481 0.0107132 0.00949767 0.00969664 0.00834268 0.00841324 0.0102782 0.00847882 0.0103693 0.00865526 0.00888324 0.0216737 0.0250287 0.377836 0.0126404 0.0904601 0.0129795 0.00360753 0 0.00353618 0.00361953 0.0036645 0.00872018 0.00505973 0.00827658 0.00886499 0.107869 0.0160072 0.051023 0.0123924 0.0146099 0.00955621 0.0284649 0.0139628 0.0233437 0.0104655 0.0148413 0.0151602 0.0195884 0.00963102 
0.00847449 0.00811228 0.00815005 0.00845793 0.00817823 0.00817516 0.00853774 0.00861696 0.00861423 0.00800582 0.00801957 0.00945277 0.00914625 0.00986065 0.00964053 0.00921865 0.00901099 0.00854465 0.00844719 0.00808818 0.00969351 0.0101114 0.021107 0.011996 0.01238 0.00876367 0.00855758 0.00863894 0.00837219 0.0113862 0.0128481 0.0130989 0.00891382 0.00832175 0.0100526 0.00934672 0.0125446 0.0086523 0.00844369 0.00836275 0.0210647 0.0731382 0.0258685 0.614889 0.0287998 0.0402584 0.00361995 0.00353618 0 0.00356857 0.00361183 0.00457893 0.0154388 0.00884175 0.0074008 0.0182811 0.214958 0.0283679 0.0746057 0.0112386 0.0125015 0.019238 0.106706 0.019033 0.0136547 0.0140607 0.0338154 0.0216393 0.0115289 
0.0081717 0.00833415 0.00809974 0.00820649 0.00825147 0.00801087 0.00835464 0.00878408 0.00826192 0.00802698 0.00797022 0.00863044 0.00916696 0.00895461 0.00868658 0.00904734 0.00853538 0.00858902 0.0081716 0.00814273 0.00882582 0.0121317 0.00990396 0.0120427 0.00921455 0.00905223 0.00862996 0.00908462 0.00932646 0.00888841 0.0118566 0.00992941 0.0088639 0.00887653 0.00866982 0.0109242 0.00853224 0.0101344 0.0088285 0.00869172 0.0147285 0.0136428 0.153179 0.0170344 0.517891 0.026061 0.00364086 0.00361953 0.00356857 0 0.00355057 0.0159546 0.0327319 0.00975457 0.0138006 0.0304681 0.0202463 0.231175 0.0196561 0.0293091 0.0100948 0.0249592 0.0194689 0.0623463 0.0114913 0.0124928 0.0165968 0.0323773 0.0109072 
0.00905616 0.00804371 0.00827652 0.0088914 0.00805508 0.00840134 0.00843546 0.0083642 0.00841818 0.00878649 0.00848801 0.00940753 0.00861661 0.00895479 0.00874084 0.00827168 0.00862378 0.00823029 0.00822389 0.00881544 0.0106328 0.0087026 0.012363 0.00885977 0.00908034 0.00888352 0.0105275 0.00894383 0.0100454 0.00913977 0.00892922 0.00956388 0.00961084 0.0102676 0.00884528 0.00831451 0.00961217 0.00916937 0.0101079 0.00876125 0.0215229 0.0329864 0.0103387 0.028032 0.0182711 0.437986 0.00398698 0.0036645 0.00361183 0.00355057 0 0.00825002 0.00828535 0.0172227 0.0110728 0.0424239 0.0292477 0.0129255 0.0969907 0.0344705 0.0233257 0.010911 0.0180446 0.0131097 0.0366619 0.0220868 0.0128326 0.0148041 0.0184911 
0.0080589 0.00819155 0.00811486 0.00803551 0.00825036 0.00804474 0.00818284 0.00827289 0.00822869 0.00839787 0.0080664 0.00826584 0.0081892 0.0080737 0.00806407 0.0081733 0.00803209 0.00807165 0.00811072 0.00834255 0.00810621 0.0084153 0.00820609 0.00829032 0.00809578 0.00834315 0.00811793 0.0092064 0.00862167 0.0081215 0.0082294 0.00833034 0.00880088 0.00831595 0.00813543 0.00857093 0.00806026 0.00924901 0.00855 0.0101108 0.00962369 0.00885886 0.0110169 0.00874469 0.0126664 0.0113173 0.00386465 0.00872018 0.00457893 0.0159546 0.00825002 0 0.00430134 0.00397819 0.856739 0.0233723 0.0103694 0.0119476 0.0107264 0.0283293 0.0095181 0.00985979 0.00905598 0.0113727 0.0119073 0.0096433 0.00903527 0.00967452 0.0105939 
