1H4YA
AFQLEMVTRETVVIRLFGELDHHAVEQIRAKISTAIFQGAVTTIIWNFERLSFMDSSGVGLVLGRMRELEAVAGRTILLNPSPTVRKVFQFSGLGPWMMDATEEEAIDRVRGIVN
CEEEEEEECCEEEEEEEECCCHHHHHHHHHHHHHHHHCCCCCEEEEEEEEECCCCHHHHHHHHHHHHHHHCCCCEEEEECCCHHHHHHHHHHCCHHHEECCCHHHHHHHCCCCCC
0 0 0 0 0 0 0 0 0 0 0 0 0 0 0 0 0 0 0 0 0 0 0 0 0 0 0 0 0 0 0 0 0 0 0 0 0 0 0 0 0 0 0 0 0 0 0 0 0 0 0 0 0 0 0 0 0 0 0 0 0 0 0 0 0 0 0 0 0 0 0 0 0 0 0 0 0 0 0 0 0 0 0 0 0 0 0 0 0 0 0 0 0 0 0 0 0 0 0 0 0 0 0 0 0 0 0 0 0 0 0 0 0 0 0 
0 0 0 0 0 0 0 0 0 0 0 0 0 0 0 0 0 0 0 0 0 0 0 0 0 0 0 0 0 0 0 0 0 0 0 0 0 0 0 0 0 0 0 0 0 0 0 0 0 0 0 0 0 0 0 0 0 0 0 0 0 0 0 0 0 0 0 0 0 0 0 0 0 0 0 0 0 0 0 0 0 0 0 0 0 0 0 0 0 0 0 0 0 0 0 0 0 0 0 0 0 0 0 0 0 0 0 0 0 0 0 0 0 0 0 
0 0.00413266 0.00394891 0.00392647 0.0044038 0.00498524 0.0172701 0.00995068 0.00998869 0.0086142 0.0174896 0.0176805 0.659734 0.0397287 0.127642 0.0308117 0.0212137 0.0148737 0.0172795 0.0102451 0.0152407 0.00918894 0.00950774 0.0296353 0.00955825 0.012058 0.011732 0.0102932 0.017724 0.00872834 0.00897225 
0.00413266 0 0.00377886 0.00374794 0.00381064 0.00407295 0.00438788 0.00583811 0.0084875 0.00915241 0.0103127 0.697171 0.0143903 0.0535097 0.00859498 0.0170201 0.0196682 0.0199396 0.0119283 0.0147595 0.00884849 0.00947028 0.0133341 0.00959617 0.00919454 0.00941291 0.0110166 0.01206 0.00974174 0.00864517 0.00820131 
0.00394891 0.00377886 0 0.0036866 0.00372114 0.00372364 0.00371514 0.00483291 0.00682615 0.0088124 0.65234 0.0247414 0.0463666 0.00785205 0.00848669 0.0107356 0.0144338 0.0155478 0.0218383 0.0100903 0.0126385 0.00999298 0.00861421 0.00998946 0.00834917 0.00930113 0.0118175 0.00969142 0.008927 0.00830774 0.0081768 
0.00392647 0.00374794 0.0036866 0 0.0037223 0.00370741 0.00360922 0.00463526 0.00630171 0.468284 0.0497485 0.0308087 0.00664982 0.00726661 0.00671327 0.0121101 0.0109238 0.0184003 0.014557 0.0127512 0.00983622 0.00952025 0.0089848 0.00892291 0.00906823 0.00889419 0.010581 0.0100214 0.00868714 0.00846387 0.00801466 
0.0044038 0.00381064 0.00372114 0.0037223 0 0.00360661 0.00358859 0.00466683 0.351913 0.101051 0.0225785 0.0073891 0.00699296 0.0062472 0.0065295 0.0107765 0.0130277 0.0162668 0.0144799 0.0112582 0.00978054 0.00900014 0.00893089 0.00946429 0.00872782 0.00927569 0.0121909 0.00931554 0.00875712 0.00820875 0.00808886 
0.00498524 0.00407295 0.00372364 0.00370741 0.00360661 0 0.00369343 0.00574617 0.221813 0.0103254 0.00777816 0.00593389 0.00613496 0.00609457 0.00613004 0.0107223 0.0116897 0.0115203 0.0115574 0.0103341 0.00869883 0.00875669 0.00891039 0.00912872 0.00878406 0.0100822 0.0088581 0.0106404 0.00869366 0.00844566 0.00810209 
0.0172701 0.00438788 0.00371514 0.00360922 0.00358859 0.00369343 0 0.946824 0.0119571 0.00421147 0.00407511 0.00472898 0.00520168 0.00541261 0.0061403 0.0172282 0.0094978 0.00962173 0.0089136 0.00901343 0.00874802 0.0084452 0.00868259 0.010353 0.0123265 0.00940995 0.00888011 0.00878622 0.00980908 0.00890301 0.00821997 
0.00995068 0.00583811 0.00483291 0.00463526 0.00466683 0.00574617 0.946824 0 0.00362073 0.00357229 0.00359384 0.00364468 0.0036263 0.00387733 0.00536036 0.517653 0.0199637 0.018229 0.0113145 0.0110047 0.00971842 0.00957452 0.0129846 0.0235142 0.0138307 0.0125784 0.0110603 0.0106288 0.0222753 0.0088221 0.00892865 
0.00998869 0.0084875 0.00682615 0.00630171 0.351913 0.221813 0.0119571 0.00362073 0 0.00359628 0.00358937 0.00358505 0.00365803 0.00378768 0.00416345 0.0604925 0.540344 0.0248851 0.0547591 0.0124318 0.0159825 0.0113304 0.0148976 0.0115336 0.00940258 0.0302545 0.0205542 0.0342231 0.0131121 0.00915388 0.00858371 
0.0086142 0.00915241 0.0088124 0.468284 0.101051 0.0103254 0.00421147 0.00357229 0.00359628 0 0.00362902 0.00358676 0.00361897 0.00354742 0.00363097 0.108041 0.0376833 0.556523 0.0396887 0.106477 0.013279 0.0313758 0.01268 0.00966368 0.010144 0.0161754 0.117557 0.0360885 0.0166321 0.00926908 0.00862499 
0.0174896 0.0103127 0.65234 0.0497485 0.0225785 0.00777816 0.00407511 0.00359384 0.00358937 0.00362902 0 0.00360191 0.00360528 0.00358118 0.00359709 0.0413001 0.216332 0.0437493 0.498597 0.0169204 0.0717113 0.0123347 0.011143 0.0120112 0.00931619 0.0502757 0.0446507 0.0477094 0.0193195 0.00937993 0.00878856 
0.0176805 0.697171 0.0247414 0.0308087 0.0073891 0.00593389 0.00472898 0.00364468 0.00358505 0.00358676 0.00360191 0 0.00358235 0.00357795 0.00359543 0.0827623 0.0255698 0.255436 0.023251 0.380893 0.0104438 0.0248702 0.0124839 0.00879046 0.013452 0.0128227 0.0637175 0.0308221 0.0132796 0.00971544 0.00842882 
0.659734 0.0143903 0.0463666 0.00664982 0.00699296 0.00613496 0.00520168 0.0036263 0.00365803 0.00361897 0.00360528 0.00358235 0 0.00363554 0.00356916 0.0145992 0.0863462 0.0259873 0.169558 0.0106064 0.0987994 0.0109902 0.00978533 0.0118876 0.00858772 0.0175076 0.0236421 0.0175863 0.0101975 0.0085932 0.00838922 
0.0397287 0.0535097 0.00785205 0.00726661 0.0062472 0.00609457 0.00541261 0.00387733 0.00378768 0.00354742 0.00358118 0.00357795 0.00363554 0 0.0035833 0.0183194 0.0126686 0.0655181 0.011253 0.0308713 0.00876633 0.0328463 0.0163197 0.00923002 0.0100159 0.00991498 0.01151 0.0166395 0.00994066 0.00922626 0.00833247 
0.127642 0.00859498 0.00848669 0.00671327 0.0065295 0.00613004 0.0061403 0.00536036 0.00416345 0.00363097 0.00359709 0.00359543 0.00356916 0.0035833 0 0.0149384 0.0192376 0.0117543 0.020965 0.00986777 0.0150668 0.00864358 0.0150928 0.0351355 0.0101318 0.0102582 0.00900046 0.0098832 0.0127699 0.0103076 0.00839704 
0.0308117 0.0170201 0.0107356 0.0121101 0.0107765 0.0107223 0.0172282 0.517653 0.0604925 0.108041 0.0413001 0.0827623 0.0145992 0.0183194 0.0149384 0 0.00400826 0.00356296 0.00358784 0.00356907 0.00361996 0.00375159 0.00442929 0.00881254 0.420921 0.0210393 0.0325536 0.0156837 0.0423463 0.0131549 0.0117182 
0.0212137 0.0196682 0.0144338 0.0109238 0.0130277 0.0116897 0.0094978 0.0199637 0.540344 0.0376833 0.216332 0.0255698 0.0863462 0.0126686 0.0192376 0.00400826 0 0.0036009 0.00357347 0.00362025 0.00347954 0.00360955 0.00425941 0.00472952 0.0165021 0.469143 0.024795 0.0581957 0.0136329 0.0117694 0.00935116 
0.0148737 0.0199396 0.0155478 0.0184003 0.0162668 0.0115203 0.00962173 0.018229 0.0248851 0.556523 0.0437493 0.255436 0.0259873 0.0655181 0.0117543 0.00356296 0.0036009 0 0.00353853 0.00354132 0.00353506 0.00361972 0.00363198 0.00372694 0.0236556 0.0174289 0.439208 0.046425 0.0213685 0.0100091 0.00914332 
0.0172795 0.0119283 0.0218383 0.014557 0.0144799 0.0115574 0.0089136 0.0113145 0.0547591 0.0396887 0.498597 0.023251 0.169558 0.011253 0.020965 0.00358784 0.00357347 0.00353853 0 0.00353268 0.00352904 0.00354568 0.00355595 0.00378212 0.0110792 0.0632079 0.0428882 0.3022 0.0208245 0.0102691 0.0090602 
0.0102451 0.0147595 0.0100903 0.0127512 0.0112582 0.0103341 0.00901343 0.0110047 0.0124318 0.106477 0.0169204 0.380893 0.0106064 0.0308713 0.00986777 0.00356907 0.00362025 0.00354132 0.00353268 0 0.00352793 0.00353046 0.00355656 0.00356319 0.0249407 0.0105845 0.0719175 0.030105 0.0959953 0.00970883 0.00861037 
0.0152407 0.00884849 0.0126385 0.00983622 0.00978054 0.00869883 0.00874802 0.00971842 0.0159825 0.013279 0.0717113 0.0104438 0.0987994 0.00876633 0.0150668 0.00361996 0.00347954 0.00353506 0.00352904 0.00352793 0 0.00354583 0.00354511 0.00402678 0.00869365 0.0382311 0.0133847 0.032242 0.011701 0.00941908 0.00879973 
0.00918894 0.00947028 0.00999298 0.00952025 0.00900014 0.00875669 0.0084452 0.00957452 0.0113304 0.0313758 0.0123347 0.0248702 0.0109902 0.0328463 0.00864358 0.00375159 0.00360955 0.00361972 0.00354568 0.00353046 0.00354583 0 0.00358847 0.00358885 0.0116158 0.0107742 0.0532781 0.0142953 0.0112829 0.00888062 0.00834802 
0.00950774 0.0133341 0.00861421 0.0089848 0.00893089 0.00891039 0.00868259 0.0129846 0.0148976 0.01268 0.011143 0.0124839 0.00978533 0.0163197 0.0150928 0.00442929 0.00425941 0.00363198 0.00355595 0.00355656 0.00354511 0.00358847 0 0.00354511 0.0110047 0.0160475 0.0171735 0.097195 0.0116914 0.0100013 0.00844131 
0.0296353 0.00959617 0.00998946 0.00892291 0.00946429 0.00912872 0.010353 0.0235142 0.0115336 0.00966368 0.0120112 0.00879046 0.0118876 0.00923002 0.0351355 0.00881254 0.00472952 0.00372694 0.00378212 0.00356319 0.00402678 0.00358885 0.00354511 0 0.0157661 0.0163983 0.0139963 0.0198995 0.11459 0.0119881 0.0108199 
0.00955825 0.00919454 0.00834917 0.00906823 0.00872782 0.00878406 0.0123265 0.0138307 0.00940258 0.010144 0.00931619 0.013452 0.00858772 0.0100159 0.0101318 0.420921 0.0165021 0.0236556 0.0110792 0.0249407 0.00869365 0.0116158 0.0110047 0.0157661 0 0.00511162 0.00353154 0.00367082 0.00427988 0.0104005 0.0103307 
0.012058 0.00941291 0.00930113 0.00889419 0.00927569 0.0100822 0.00940995 0.0125784 0.0302545 0.0161754 0.0502757 0.0128227 0.0175076 0.00991498 0.0102582 0.0210393 0.469143 0.0174289 0.0632079 0.0105845 0.0382311 0.0107742 0.0160475 0.0163983 0.00511162 0 0.00356563 0.00361406 0.00372065 0.0150265 0.00923344 
0.011732 0.0110166 0.0118175 0.010581 0.0121909 0.0088581 0.00888011 0.0110603 0.0205542 0.117557 0.0446507 0.0637175 0.0236421 0.01151 0.00900046 0.0325536 0.024795 0.439208 0.0428882 0.0719175 0.0133847 0.0532781 0.0171735 0.0139963 0.00353154 0.00356563 0 0.00361644 0.0035595 0.0110436 0.0104263 
0.0102932 0.01206 0.00969142 0.0100214 0.00931554 0.0106404 0.00878622 0.0106288 0.0342231 0.0360885 0.0477094 0.0308221 0.0175863 0.0166395 0.0098832 0.0156837 0.0581957 0.046425 0.3022 0.030105 0.032242 0.0142953 0.097195 0.0198995 0.00367082 0.00361406 0.00361644 0 0.00354855 0.0944505 0.0147959 
0.017724 0.00974174 0.008927 0.00868714 0.00875712 0.00869366 0.00980908 0.0222753 0.0131121 0.0166321 0.0193195 0.0132796 0.0101975 0.00994066 0.0127699 0.0423463 0.0136329 0.0213685 0.0208245 0.0959953 0.011701 0.0112829 0.0116914 0.11459 0.00427988 0.00372065 0.0035595 0.00354855 0 0.0183852 0.121324 
0.00872834 0.00864517 0.00830774 0.00846387 0.00820875 0.00844566 0.00890301 0.0088221 0.00915388 0.00926908 0.00937993 0.00971544 0.0085932 0.00922626 0.0103076 0.0131549 0.0117694 0.0100091 0.0102691 0.00970883 0.00941908 0.00888062 0.0100013 0.0119881 0.0104005 0.0150265 0.0110436 0.0944505 0.0183852 0 0.00359582 
0.00897225 0.00820131 0.0081768 0.00801466 0.00808886 0.00810209 0.00821997 0.00892865 0.00858371 0.00862499 0.00878856 0.00842882 0.00838922 0.00833247 0.00839704 0.0117182 0.00935116 0.00914332 0.0090602 0.00861037 0.00879973 0.00834802 0.00844131 0.0108199 0.0103307 0.00923344 0.0104263 0.0147959 0.121324 0.00359582 0 
