1H75A
MRITIYTRNDCVQCHATKRAMENRGFDFEMINVDRVPEAAEALRAQGFRQLPVVIAGDLSWSGFRPDMINRLHPAP
CCEEEEECCCCHHHHHHHHHHHHCCCCCEEEECCCCHHHHHHHHHCCCCCCCEEEECCEEEECCCHHHHHHHCCCC
0 0 0 0 0 0 0 0 0 0 0 0 0 0 0 0 0 0 0 0 0 0 0 0 0 0 0 0 0 0 0 0 0 0 0 0 0 0 0 0 0 0 0 0 0 0 0 0 0 0 0 0 0 0 0 0 0 0 0 0 0 0 0 0 0 0 0 0 0 0 0 0 0 0 0 0 
0 0 0 0 0 0 0 0 0 0 0 0 0 0 0 0 0 0 0 0 0 0 0 0 0 0 0 0 0 0 0 0 0 0 0 0 0 0 0 0 0 0 0 0 0 0 0 0 0 0 0 0 0 0 0 0 0 0 0 0 0 0 0 0 0 0 0 0 0 0 0 0 0 0 0 0 
0 0.00379179 0.00369316 0.00369176 0.00733538 0.103982 0.0181471 0.0145931 0.04659 0.065781 0.0265762 0.0126837 0.0529452 0.0441389 0.00922244 0.0156991 0.0140983 
0.00379179 0 0.00355272 0.00367077 0.00358337 0.24782 0.0975887 0.0623973 0.017497 0.0371983 0.0397195 0.0697325 0.0106314 0.00946727 0.0702136 0.0122468 0.0121921 
0.00369316 0.00355272 0 0.00355652 0.0036353 0.0124749 0.336565 0.0425039 0.0123616 0.0174185 0.0872074 0.0213189 0.0118947 0.0117604 0.0112122 0.0389638 0.00954091 
0.00369176 0.00367077 0.00355652 0 0.00364681 0.0951676 0.0191864 0.306702 0.0322696 0.0280054 0.0194523 0.0336133 0.0118643 0.00952903 0.016074 0.0147647 0.0129191 
0.00733538 0.00358337 0.0036353 0.00364681 0 0.0148001 0.010591 0.0211824 0.286613 0.0251724 0.011917 0.00986712 0.0141694 0.0199937 0.0088583 0.0099801 0.0114316 
0.103982 0.24782 0.0124749 0.0951676 0.0148001 0 0.00418506 0.00516352 0.0045933 0.024676 0.00985876 0.0164653 0.015618 0.00958907 0.00911481 0.00869003 0.0165179 
0.0181471 0.0975887 0.336565 0.0191864 0.010591 0.00418506 0 0.00360825 0.00356358 0.0208384 0.0873069 0.0114448 0.0101745 0.00894106 0.0104238 0.0125086 0.00859319 
0.0145931 0.0623973 0.0425039 0.306702 0.0211824 0.00516352 0.00360825 0 0.00352652 0.0162535 0.0366539 0.0518048 0.0095071 0.00939884 0.0123582 0.0160573 0.00966324 
0.04659 0.017497 0.0123616 0.0322696 0.286613 0.0045933 0.00356358 0.00352652 0 0.0191453 0.014495 0.0407684 0.0723327 0.0145813 0.0107109 0.0118512 0.0385111 
0.065781 0.0371983 0.0174185 0.0280054 0.0251724 0.024676 0.0208384 0.0162535 0.0191453 0 0.00373448 0.00361819 0.00385685 0.0039357 0.00494822 0.0111846 0.962694 
0.0265762 0.0397195 0.0872074 0.0194523 0.011917 0.00985876 0.0873069 0.0366539 0.014495 0.00373448 0 0.00487597 0.00357716 0.00574976 0.00644996 0.969401 0.00980088 
0.0126837 0.0697325 0.0213189 0.0336133 0.00986712 0.0164653 0.0114448 0.0518048 0.0407684 0.00361819 0.00487597 0 0.00370988 0.00433175 0.995501 0.00501639 0.00542639 
0.0529452 0.0106314 0.0118947 0.0118643 0.0141694 0.015618 0.0101745 0.0095071 0.0723327 0.00385685 0.00357716 0.00370988 0 0.998695 0.003822 0.00390855 0.00441773 
0.0441389 0.00946727 0.0117604 0.00952903 0.0199937 0.00958907 0.00894106 0.00939884 0.0145813 0.0039357 0.00574976 0.00433175 0.998695 0 0.00354531 0.00379273 0.00421787 
0.00922244 0.0702136 0.0112122 0.016074 0.0088583 0.00911481 0.0104238 0.0123582 0.0107109 0.00494822 0.00644996 0.995501 0.003822 0.00354531 0 0.00357551 0.00361127 
0.0156991 0.0122468 0.0389638 0.0147647 0.0099801 0.00869003 0.0125086 0.0160573 0.0118512 0.0111846 0.969401 0.00501639 0.00390855 0.00379273 0.00357551 0 0.00354319 
0.0140983 0.0121921 0.00954091 0.0129191 0.0114316 0.0165179 0.00859319 0.00966324 0.0385111 0.962694 0.00980088 0.00542639 0.00441773 0.00421787 0.00361127 0.00354319 0 
