1HE7A
SHMPASVQLHTAVEMHHWCIPFSVDGQPAPSLRWLFNGSVLNETSFIFTEFLEPAANETVRHGCLRLNQPTHVNNGNYTLLAANPFGQASASIMAAFMDNPFEFNPE
CCCCCCCCCCCCCCCCEEEEEEEECCCCCCEEEEEECCEECCCCCCEEEEEECCCCCCCCEEEEEEEECCCHHHCEEEEEEEEECCEEEEEEEEECCCCCCCCCCCC
0 0 0 0 0 0 0 0 0 0 0 0 0 0 0 0 0 0 0 0 0 0 0 0 0 0 0 0 0 0 0 0 0 0 0 0 0 0 0 0 0 0 0 0 0 0 0 0 0 0 0 0 0 0 0 0 0 0 0 0 0 0 0 0 0 0 0 0 0 0 0 0 0 0 0 0 0 0 0 0 0 0 0 0 0 0 0 0 0 0 0 0 0 0 0 0 0 0 0 0 0 0 0 0 0 0 0 
0 0 0 0 0 0 0 0 0 0 0 0 0 0 0 0 0 0 0 0 0 0 0 0 0 0 0 0 0 0 0 0 0 0 0 0 0 0 0 0 0 0 0 0 0 0 0 0 0 0 0 0 0 0 0 0 0 0 0 0 0 0 0 0 0 0 0 0 0 0 0 0 0 0 0 0 0 0 0 0 0 0 0 0 0 0 0 0 0 0 0 0 0 0 0 0 0 0 0 0 0 0 0 0 0 0 0 
0 0.00355495 0.00416578 0.00356294 0.0036903 0.00371389 0.00464705 0.00657348 0.00976041 0.00658315 0.00886315 0.00891016 0.0146791 0.0219055 0.00884385 0.013748 0.0100832 0.00930442 0.00870699 0.00921509 0.00900263 0.0173853 0.00936846 0.00861708 0.00893102 0.00937288 0.00898838 0.00989818 0.00877888 0.0361822 0.00841226 0.00868381 0.008397 0.00983992 0.00864276 0.00983812 0.00832719 0.00995132 0.00934994 0.00832067 0.00804336 0.00810407 0.00833461 0.00817305 0.00832765 0.00816667 0.00866637 0.00874072 
0.00355495 0 0.00376836 0.00362734 0.00352697 0.00361483 0.0036055 0.00406561 0.00602823 0.00775013 0.00790251 0.0102986 0.0122055 0.0157815 0.00855378 0.00839181 0.0111569 0.00898277 0.0119853 0.0085761 0.0143699 0.00870369 0.00894892 0.0097444 0.0105319 0.0104816 0.0160206 0.0103718 0.0654608 0.00866549 0.00894219 0.00847889 0.0116841 0.00891096 0.0201704 0.00892886 0.0224951 0.00883846 0.00893977 0.00819643 0.00827387 0.00823163 0.00828521 0.00894235 0.00827112 0.00946155 0.00844643 0.00969476 
0.00416578 0.00376836 0 0.00352613 0.00358198 0.00356221 0.00391635 0.00356079 0.00739502 0.00641474 0.0143381 0.0135367 0.022983 0.0114299 0.00787418 0.00814528 0.00902243 0.0123337 0.00856255 0.0240736 0.00857685 0.00920258 0.00917478 0.00940617 0.00986121 0.0184523 0.0107648 0.122199 0.00898878 0.00995342 0.00834186 0.0100735 0.00879627 0.0258864 0.00902232 0.0538642 0.00889786 0.0127916 0.00812687 0.00838227 0.00829846 0.00836631 0.00921571 0.00839206 0.0102948 0.00893104 0.0102127 0.0081848 
0.00356294 0.00362734 0.00352613 0 0.00352435 0.00361329 0.00355103 0.00394975 0.00552764 0.011299 0.00668556 0.0262251 0.0152857 0.0135222 0.00734266 0.00792066 0.0116351 0.00836343 0.0303288 0.00835798 0.0141618 0.00858822 0.0086886 0.00897489 0.0149296 0.0109733 0.121737 0.0101695 0.0170978 0.00877773 0.0108648 0.00836652 0.0247187 0.00869514 0.0877825 0.00901348 0.0266037 0.00839577 0.00870534 0.00842291 0.00823575 0.00878052 0.00835115 0.0107227 0.0084384 0.0129031 0.00842201 0.00997073 
0.0036903 0.00352697 0.00358198 0.00352435 0 0.00352507 0.00367226 0.00352346 0.0082222 0.00599935 0.0313225 0.0123845 0.0269677 0.00674808 0.00770797 0.00849374 0.00861509 0.0253885 0.00829543 0.0275114 0.0085788 0.00861714 0.00941439 0.0097413 0.00952322 0.108435 0.00984724 0.0423326 0.00905752 0.00938901 0.00829985 0.0151944 0.00855173 0.0716518 0.00910738 0.0380011 0.00864937 0.0137412 0.00812747 0.00847492 0.00854158 0.00827317 0.0106157 0.00833431 0.0126138 0.00857097 0.0112569 0.00814496 
0.00371389 0.00361483 0.00356221 0.00361329 0.00352507 0 0.00354003 0.00380379 0.00531828 0.0311565 0.0111669 0.0208266 0.00983456 0.00839717 0.00763714 0.00870789 0.0181237 0.00851694 0.0438477 0.00860018 0.0113514 0.00925783 0.00890738 0.00914395 0.0634811 0.0108037 0.0397664 0.0109648 0.0198519 0.00952616 0.0138232 0.00834078 0.0486873 0.00893981 0.055855 0.00915604 0.0324349 0.00858561 0.00955683 0.00882614 0.00832428 0.00934734 0.00849833 0.0134233 0.00851556 0.0160193 0.00842798 0.0125611 
0.00464705 0.0036055 0.00391635 0.00355103 0.00367226 0.00354003 0 0.00354773 0.0428454 0.00674139 0.0285871 0.00774948 0.0107385 0.00615043 0.00844689 0.0125261 0.0094906 0.0381181 0.00852811 0.0140638 0.009721 0.00928611 0.0111811 0.0381116 0.00899655 0.0187537 0.0094115 0.0263268 0.00972469 0.011171 0.00836835 0.0375896 0.00862303 0.0230143 0.00895468 0.0252503 0.00877663 0.0171215 0.0082028 0.0088052 0.00909904 0.00831099 0.00964081 0.00837462 0.0101956 0.00847178 0.0165877 0.00824689 
0.00657348 0.00406561 0.00356079 0.00394975 0.00352346 0.00380379 0.00354773 0 0.0115067 0.00955438 0.00568101 0.00841328 0.00618135 0.00857675 0.00853889 0.00841066 0.0416709 0.00843133 0.0149662 0.00821308 0.00996798 0.0123009 0.0369051 0.00860654 0.0109149 0.00901863 0.0125535 0.008842 0.0140446 0.0095505 0.0365664 0.0083014 0.0124934 0.00846899 0.0130971 0.00846796 0.0132323 0.00828201 0.0106859 0.013631 0.00822913 0.00847362 0.00813735 0.00926089 0.00817987 0.00969312 0.00817799 0.0150138 
0.00976041 0.00602823 0.00739502 0.00552764 0.0082222 0.00531828 0.0428454 0.0115067 0 0.00353984 0.00356724 0.00355371 0.00376886 0.00420693 0.00505488 0.0111469 0.00790948 0.017949 0.00842201 0.0639579 0.010802 0.0393663 0.010953 0.00919388 0.00893768 0.0119908 0.00899822 0.0136293 0.00932058 0.0251635 0.00873099 0.00975813 0.00861377 0.0125357 0.00871164 0.0150282 0.00866328 0.0376088 0.0121843 0.00934182 0.00863232 0.00838247 0.00904751 0.00846461 0.00916387 0.00846634 0.0111884 0.0109014 
0.00658315 0.00775013 0.00641474 0.011299 0.00599935 0.0311565 0.00674139 0.00955438 0.00353984 0 0.00359724 0.0035314 0.00361119 0.00362 0.00407236 0.00494073 0.00897484 0.00752388 0.0883423 0.00871712 0.0260014 0.00899042 0.00861991 0.0090643 0.0102304 0.00929222 0.0171157 0.00911846 0.0249154 0.00870661 0.0103538 0.00830742 0.0129097 0.00863073 0.0218059 0.00866228 0.0356435 0.00866247 0.00918888 0.00865424 0.00838861 0.00838311 0.00836795 0.00909254 0.0083754 0.0106275 0.00845517 0.0094506 
0.00886315 0.00790251 0.0143381 0.00668556 0.0313225 0.0111669 0.0285871 0.00568101 0.00356724 0.00359724 0 0.00352474 0.00353382 0.00356778 0.00568227 0.00550011 0.00719948 0.0826389 0.0082807 0.0390304 0.0185226 0.0125688 0.00924038 0.00916965 0.0091838 0.0235208 0.00986733 0.0424548 0.00936788 0.00993088 0.00820402 0.0116248 0.00881701 0.038201 0.00909258 0.0929283 0.00897113 0.0136981 0.00837187 0.0084951 0.00859487 0.00841176 0.00992212 0.00844924 0.0114339 0.00864792 0.0117956 0.00825642 
0.00891016 0.0102986 0.0135367 0.0262251 0.0123845 0.0208266 0.00774948 0.00841328 0.00355371 0.0035314 0.00352474 0 0.00384528 0.0035561 0.00408514 0.00589705 0.0549146 0.00989227 0.0561105 0.0121344 0.0150278 0.00908837 0.00870982 0.00934969 0.0178162 0.0112288 0.0542718 0.0138522 0.0207227 0.00894718 0.0107904 0.00878333 0.0289007 0.00972567 0.118097 0.0103863 0.027873 0.00896805 0.0090195 0.00869653 0.00881981 0.00921711 0.00874303 0.0111742 0.00884008 0.0134414 0.00875226 0.00960152 
0.0146791 0.0122055 0.022983 0.0152857 0.0269677 0.00983456 0.0107385 0.00618135 0.00376886 0.00361119 0.00353382 0.00384528 0 0.00355049 0.00550876 0.984812 0.00791202 0.0728627 0.0101287 0.0128345 0.0108849 0.00910579 0.00972124 0.011957 0.00914162 0.0244114 0.0104686 0.0193039 0.0118844 0.0119782 0.00873177 0.0180698 0.00906137 0.0695452 0.0099294 0.0161316 0.00936765 0.015125 0.00851987 0.00887594 0.00936724 0.00867389 0.00986213 0.00876973 0.0094457 0.00898474 0.0120086 0.00856305 
0.0219055 0.0157815 0.0114299 0.0135222 0.00674808 0.00839717 0.00615043 0.00857675 0.00420693 0.00362 0.00356778 0.0035561 0.00355049 0 0.989031 0.00468475 0.0696044 0.00705581 0.00947288 0.0073187 0.00881493 0.00784517 0.0131134 0.00868411 0.010859 0.00928083 0.0104992 0.00937295 0.0120704 0.0109003 0.0182062 0.00839222 0.0374596 0.00912703 0.010152 0.00878569 0.00997804 0.0083851 0.00918515 0.0117666 0.00829207 0.00836086 0.00827248 0.00847663 0.00829245 0.00852896 0.00836543 0.0102406 
0.00884385 0.00855378 0.00787418 0.00734266 0.00770797 0.00763714 0.00844689 0.00853889 0.00505488 0.00407236 0.00568227 0.00408514 0.00550876 0.989031 0 0.0142527 0.00546605 0.0155283 0.00770354 0.00898407 0.00661441 0.00950585 0.00887532 0.00818621 0.00795044 0.00826592 0.00834986 0.00883248 0.00990199 0.0133228 0.00860485 0.00923371 0.00846852 0.00890033 0.00854335 0.0088979 0.00848239 0.00968507 0.0101027 0.00890585 0.00853564 0.00827628 0.00843929 0.00843327 0.0084664 0.00835754 0.00890003 0.00927256 
0.013748 0.00839181 0.00814528 0.00792066 0.00849374 0.00870789 0.0125261 0.00841066 0.0111469 0.00494073 0.00550011 0.00589705 0.984812 0.00468475 0.0142527 0 0.0185309 0.00898613 0.00552382 0.00614342 0.00668263 0.00701499 0.0117459 0.00824272 0.00806939 0.00831702 0.00902382 0.00948883 0.0109242 0.0164677 0.0105387 0.008782 0.00845778 0.00903508 0.00855354 0.00911093 0.00856087 0.0103498 0.00918035 0.0106287 0.00848917 0.00823604 0.00839202 0.00826745 0.00840572 0.00825764 0.00894306 0.00892495 
0.0100832 0.0111569 0.00902243 0.0116351 0.00861509 0.0181237 0.0094906 0.0416709 0.00790948 0.00897484 0.00719948 0.0549146 0.00791202 0.0696044 0.00546605 0.0185309 0 0.00356892 0.00374522 0.00361338 0.00381133 0.00602069 0.00804678 0.00712793 0.00840606 0.00822001 0.0161602 0.0544053 0.584588 0.0285125 0.0120862 0.00851415 0.012978 0.00908233 0.0142419 0.00923779 0.0146642 0.0098359 0.0244974 0.0106619 0.00886709 0.0093301 0.00875471 0.0103785 0.0088945 0.0100763 0.00939311 0.0300867 
0.00930442 0.00898277 0.0123337 0.00836343 0.0253885 0.00851694 0.0381181 0.00843133 0.017949 0.00752388 0.0826389 0.00989227 0.0728627 0.00705581 0.0155283 0.00898613 0.00356892 0 0.00353554 0.0036628 0.00377292 0.0037075 0.00706754 0.00772984 0.00730645 0.0203504 0.0254465 0.664337 0.0100821 0.0100737 0.00814377 0.0153735 0.00856042 0.0167408 0.00883881 0.0217032 0.00877232 0.0217724 0.00855057 0.00884559 0.0091344 0.00841759 0.00990296 0.0085295 0.0107971 0.00860653 0.0206088 0.0084459 
0.00870699 0.0119853 0.00856255 0.0303288 0.00829543 0.0438477 0.00852811 0.0149662 0.00842201 0.0883423 0.0082807 0.0561105 0.0101287 0.00947288 0.00770354 0.00552382 0.00374522 0.00353554 0 0.00354762 0.00366113 0.00362938 0.00710791 0.00688135 0.0257048 0.0190141 0.693286 0.00909878 0.0120296 0.00804317 0.0116917 0.00817451 0.0166185 0.00869914 0.0287749 0.00868074 0.0334803 0.00849454 0.00962096 0.00906004 0.0084315 0.00958767 0.0085721 0.0118679 0.00853286 0.0211117 0.00860362 0.0113527 
0.00921509 0.0085761 0.0240736 0.00835798 0.0275114 0.00860018 0.0140638 0.00821308 0.0639579 0.00871712 0.0390304 0.0121344 0.0128345 0.0073187 0.00898407 0.00614342 0.00361338 0.0036628 0.00354762 0 0.00363321 0.00356424 0.00889182 0.0127962 0.0165089 0.678841 0.00826278 0.0169188 0.0077155 0.00807134 0.00782651 0.0106062 0.00847261 0.0137705 0.00903249 0.0339153 0.00893226 0.010522 0.00840751 0.00888142 0.00900702 0.00868933 0.0105653 0.00860565 0.0196027 0.00875764 0.0107412 0.00846609 
0.00900263 0.0143699 0.00857685 0.0141618 0.0085788 0.0113514 0.009721 0.00996798 0.010802 0.0260014 0.0185226 0.0150278 0.0108849 0.00881493 0.00661441 0.00668263 0.00381133 0.00377292 0.00366113 0.00363321 0 0.00373765 0.010166 0.028947 0.419907 0.00806541 0.0248073 0.00798977 0.0130575 0.00740965 0.00908346 0.00862621 0.00947169 0.0088098 0.0132485 0.00910081 0.0106014 0.00885697 0.00859115 0.00946799 0.00894857 0.00868443 0.00854351 0.0143192 0.00859944 0.00914369 0.00903966 0.00890856 
0.0173853 0.00870369 0.00920258 0.00858822 0.00861714 0.00925783 0.00928611 0.0123009 0.0393663 0.00899042 0.0125688 0.00908837 0.00910579 0.00784517 0.00950585 0.00701499 0.00602069 0.0037075 0.00362938 0.00356424 0.00373765 0 0.0572002 0.143327 0.00753042 0.00733154 0.00697246 0.00776109 0.00704536 0.00877187 0.01245 0.00836877 0.00925192 0.00947207 0.00874136 0.00886805 0.00982779 0.00885348 0.00969837 0.0150637 0.0088451 0.0085671 0.00916162 0.00874356 0.0087242 0.00852713 0.00873974 0.0102853 
0.00936846 0.00894892 0.00917478 0.0086886 0.00941439 0.00890738 0.0111811 0.0369051 0.010953 0.00861991 0.00924038 0.00870982 0.00972124 0.0131134 0.00887532 0.0117459 0.00804678 0.00706754 0.00710791 0.00889182 0.010166 0.0572002 0 0.00364111 0.00354765 0.00359515 0.0036586 0.0036786 0.00404622 0.00517753 0.00605565 0.00713003 0.00785295 0.00908408 0.00845102 0.0120067 0.010548 0.0500424 0.0167906 0.0113039 0.00861098 0.00858791 0.008832 0.00877653 0.00892943 0.00870358 0.0113295 0.0141613 
0.00861708 0.0097444 0.00940617 0.00897489 0.0097413 0.00914395 0.0381116 0.00860654 0.00919388 0.0090643 0.00916965 0.00934969 0.011957 0.00868411 0.00818621 0.00824272 0.00712793 0.00772984 0.00688135 0.0127962 0.028947 0.143327 0.00364111 0 0.00355325 0.0035802 0.00349767 0.00352975 0.00361915 0.00359325 0.00575002 0.0066815 0.00766657 0.00827246 0.00929254 0.0100263 0.015148 0.0147001 0.00852036 0.00830503 0.0086102 0.00810316 0.00852679 0.00832719 0.00874144 0.00883544 0.0113622 0.0085767 
0.00893102 0.0105319 0.00986121 0.0149296 0.00952322 0.0634811 0.00899655 0.0109149 0.00893768 0.0102304 0.0091838 0.0178162 0.00914162 0.010859 0.00795044 0.00806939 0.00840606 0.00730645 0.0257048 0.0165089 0.419907 0.00753042 0.00354765 0.00355325 0 0.00355524 0.00357551 0.00354296 0.00355853 0.00356956 0.00593034 0.00612779 0.00841001 0.00770523 0.0144279 0.0109907 0.0164366 0.00844569 0.00855374 0.00846721 0.00811981 0.00864768 0.00829849 0.00972368 0.00929425 0.0137155 0.00857188 0.0106024 
0.00937288 0.0104816 0.0184523 0.0109733 0.108435 0.0108037 0.0187537 0.00901863 0.0119908 0.00929222 0.0235208 0.0112288 0.0244114 0.00928083 0.00826592 0.00831702 0.00822001 0.0203504 0.0190141 0.678841 0.00806541 0.00733154 0.00359515 0.0035802 0.00355524 0 0.00353276 0.0035527 0.00354844 0.00356961 0.00544946 0.00707178 0.00705687 0.0190377 0.0121797 0.0295194 0.0108089 0.0242212 0.00807338 0.00841899 0.00875007 0.00819205 0.00974347 0.00870922 0.0135904 0.00883105 0.0151272 0.00899019 
0.00898838 0.0160206 0.0107648 0.121737 0.00984724 0.0397664 0.0094115 0.0125535 0.00899822 0.0171157 0.00986733 0.0542718 0.0104686 0.0104992 0.00834986 0.00902382 0.0161602 0.0254465 0.693286 0.00826278 0.0248073 0.00697246 0.0036586 0.00349767 0.00357551 0.00353276 0 0.00353389 0.00357088 0.00356054 0.00614807 0.0062224 0.0192934 0.0115126 0.0400785 0.0101385 0.0204094 0.00887841 0.00843648 0.00862607 0.00829008 0.00972191 0.008794 0.0145245 0.00845651 0.0191211 0.00905034 0.0127643 
0.00989818 0.0103718 0.122199 0.0101695 0.0423326 0.0109648 0.0263268 0.008842 0.0136293 0.00911846 0.0424548 0.0138522 0.0193039 0.00937295 0.00883248 0.00948883 0.0544053 0.664337 0.00909878 0.0169188 0.00798977 0.00776109 0.0036786 0.00352975 0.00354296 0.0035527 0.00353389 0 0.00353119 0.0035692 0.00488487 0.0189707 0.0139657 0.0316293 0.00866831 0.0232087 0.00899698 0.0210146 0.00771091 0.00877688 0.0101436 0.00851568 0.0124644 0.00836624 0.017086 0.0095697 0.0158215 0.00911046 
0.00877888 0.0654608 0.00898878 0.0170978 0.00905752 0.0198519 0.00972469 0.0140446 0.00932058 0.0249154 0.00936788 0.0207227 0.0118844 0.0120704 0.00990199 0.0109242 0.584588 0.0100821 0.0120296 0.0077155 0.0130575 0.00704536 0.00404622 0.00361915 0.00355853 0.00354844 0.00357088 0.00353119 0 0.00353848 0.0115042 0.0120086 0.0289369 0.00775109 0.0168259 0.00794489 0.0126201 0.00863381 0.0075384 0.00956781 0.00904382 0.00943894 0.00819273 0.0115342 0.0084037 0.014444 0.010532 0.0161064 
0.0361822 0.00866549 0.00995342 0.00877773 0.00938901 0.00952616 0.011171 0.0095505 0.0251635 0.00870661 0.00993088 0.00894718 0.0119782 0.0109003 0.0133228 0.0164677 0.0285125 0.0100737 0.00804317 0.00807134 0.00740965 0.00877187 0.00517753 0.00359325 0.00356956 0.00356961 0.00356054 0.0035692 0.00353848 0 0.0194626 0.0136807 0.00596937 0.0110466 0.0067272 0.00800279 0.00683768 0.00952443 0.00662042 0.0113092 0.00816456 0.00777808 0.00937629 0.00808193 0.00920914 0.00833025 0.0112084 0.0104927 
0.00841226 0.00894219 0.00834186 0.0108648 0.00829985 0.0138232 0.00836835 0.0365664 0.00873099 0.0103538 0.00820402 0.0107904 0.00873177 0.0182062 0.00860485 0.0105387 0.0120862 0.00814377 0.0116917 0.00782651 0.00908346 0.01245 0.00605565 0.00575002 0.00593034 0.00544946 0.00614807 0.00488487 0.0115042 0.0194626 0 0.00372163 0.00363221 0.00360883 0.00439809 0.0036049 0.00433345 0.00383153 0.00684122 0.00496017 0.00548728 0.00689521 0.00589238 0.0102783 0.00623565 0.00824078 0.00822651 0.954696 
0.00868381 0.00847889 0.0100735 0.00836652 0.0151944 0.00834078 0.0375896 0.0083014 0.00975813 0.00830742 0.0116248 0.00878333 0.0180698 0.00839222 0.00923371 0.008782 0.00851415 0.0153735 0.00817451 0.0106062 0.00862621 0.00836877 0.00713003 0.0066815 0.00612779 0.00707178 0.0062224 0.0189707 0.0120086 0.0136807 0.00372163 0 0.00363558 0.00359223 0.00357179 0.00370254 0.0036279 0.00806241 0.00373748 0.00492389 0.00590691 0.0058202 0.00630809 0.00619859 0.00772307 0.00749152 0.963854 0.00914688 
0.008397 0.0116841 0.00879627 0.0247187 0.00855173 0.0486873 0.00862303 0.0124934 0.00861377 0.0129097 0.00881701 0.0289007 0.00906137 0.0374596 0.00846852 0.00845778 0.012978 0.00856042 0.0166185 0.00847261 0.00947169 0.00925192 0.00785295 0.00766657 0.00841001 0.00705687 0.0192934 0.0139657 0.0289369 0.00596937 0.00363221 0.00363558 0 0.00353668 0.00349225 0.00355423 0.00408126 0.00354259 0.00367477 0.00537807 0.00550945 0.00847284 0.00595345 0.00813139 0.0118914 0.963221 0.00892028 0.0108462 
0.00983992 0.00891096 0.0258864 0.00869514 0.0716518 0.00893981 0.0230143 0.00846899 0.0125357 0.00863073 0.038201 0.00972567 0.0695452 0.00912703 0.00890033 0.00903508 0.00908233 0.0167408 0.00869914 0.0137705 0.0088098 0.00947207 0.00908408 0.00827246 0.00770523 0.0190377 0.0115126 0.0316293 0.00775109 0.0110466 0.00360883 0.00359223 0.00353668 0 0.00353832 0.00365945 0.00354669 0.0039847 0.00361665 0.00500017 0.00732963 0.00557337 0.00782998 0.0122235 0.982053 0.00865705 0.0116471 0.00776018 
0.00864276 0.0201704 0.00902232 0.0877825 0.00910738 0.055855 0.00895468 0.0130971 0.00871164 0.0218059 0.00909258 0.118097 0.0099294 0.010152 0.00854335 0.00855354 0.0142419 0.00883881 0.0287749 0.00903249 0.0132485 0.00874136 0.00845102 0.00929254 0.0144279 0.0121797 0.0400785 0.00866831 0.0168259 0.0067272 0.00439809 0.00357179 0.00349225 0.00353832 0 0.00357049 0.00361184 0.00357341 0.00359278 0.00484485 0.00436944 0.0124064 0.00872776 0.972079 0.00802939 0.0134794 0.00807853 0.013159 
0.00983812 0.00892886 0.0538642 0.00901348 0.0380011 0.00915604 0.0252503 0.00846796 0.0150282 0.00866228 0.0929283 0.0103863 0.0161316 0.00878569 0.0088979 0.00911093 0.00923779 0.0217032 0.00868074 0.0339153 0.00910081 0.00886805 0.0120067 0.0100263 0.0109907 0.0295194 0.0101385 0.0232087 0.00794489 0.00800279 0.0036049 0.00370254 0.00355423 0.00365945 0.00357049 0 0.00354581 0.0036037 0.00354012 0.00375742 0.0070648 0.00620642 0.962377 0.00739708 0.013379 0.00803061 0.0101225 0.00732933 
0.00832719 0.0224951 0.00889786 0.0266037 0.00864937 0.0324349 0.00877663 0.0132323 0.00866328 0.0356435 0.00897113 0.027873 0.00936765 0.00997804 0.00848239 0.00856087 0.0146642 0.00877232 0.0334803 0.00893226 0.0106014 0.00982779 0.010548 0.015148 0.0164366 0.0108089 0.0204094 0.00899698 0.0126201 0.00683768 0.00433345 0.0036279 0.00408126 0.00354669 0.00361184 0.00354581 0 0.00353513 0.00354108 0.0072578 0.0113883 0.974193 0.00580987 0.00785961 0.00887555 0.0115583 0.00626196 0.00973846 
0.00995132 0.00883846 0.0127916 0.00839577 0.0137412 0.00858561 0.0171215 0.00828201 0.0376088 0.00866247 0.0136981 0.00896805 0.015125 0.0083851 0.00968507 0.0103498 0.0098359 0.0217724 0.00849454 0.010522 0.00885697 0.00885348 0.0500424 0.0147001 0.00844569 0.0242212 0.00887841 0.0210146 0.00863381 0.00952443 0.00383153 0.00806241 0.00354259 0.0039847 0.00357341 0.0036037 0.00353513 0 0.00354551 0.00668626 0.990759 0.00414299 0.00493484 0.00450422 0.00613961 0.00563542 0.0081454 0.006408 
0.00934994 0.00893977 0.00812687 0.00870534 0.00812747 0.00955683 0.0082028 0.0106859 0.0121843 0.00918888 0.00837187 0.0090195 0.00851987 0.00918515 0.0101027 0.00918035 0.0244974 0.00855057 0.00962096 0.00840751 0.00859115 0.00969837 0.0167906 0.00852036 0.00855374 0.00807338 0.00843648 0.00771091 0.0075384 0.00662042 0.00684122 0.00373748 0.00367477 0.00361665 0.00359278 0.00354012 0.00354108 0.00354551 0 0.992374 0.00367518 0.00425711 0.00362224 0.00480609 0.00413686 0.00511019 0.00525365 0.00655228 
0.00832067 0.00819643 0.00838227 0.00842291 0.00847492 0.00882614 0.0088052 0.013631 0.00934182 0.00865424 0.0084951 0.00869653 0.00887594 0.0117666 0.00890585 0.0106287 0.0106619 0.00884559 0.00906004 0.00888142 0.00946799 0.0150637 0.0113039 0.00830503 0.00846721 0.00841899 0.00862607 0.00877688 0.00956781 0.0113092 0.00496017 0.00492389 0.00537807 0.00500017 0.00484485 0.00375742 0.0072578 0.00668626 0.992374 0 0.00375896 0.00373479 0.00372548 0.00387174 0.00406682 0.00389087 0.00565788 0.0109463 
0.00804336 0.00827387 0.00829846 0.00823575 0.00854158 0.00832428 0.00909904 0.00822913 0.00863232 0.00838861 0.00859487 0.00881981 0.00936724 0.00829207 0.00853564 0.00848917 0.00886709 0.0091344 0.0084315 0.00900702 0.00894857 0.0088451 0.00861098 0.0086102 0.00811981 0.00875007 0.00829008 0.0101436 0.00904382 0.00816456 0.00548728 0.00590691 0.00550945 0.00732963 0.00436944 0.0070648 0.0113883 0.990759 0.00367518 0.00375896 0 0.00354146 0.00359113 0.00371254 0.00383288 0.00412826 0.00471846 0.0042842 
0.00810407 0.00823163 0.00836631 0.00878052 0.00827317 0.00934734 0.00831099 0.00847362 0.00838247 0.00838311 0.00841176 0.00921711 0.00867389 0.00836086 0.00827628 0.00823604 0.0093301 0.00841759 0.00958767 0.00868933 0.00868443 0.0085671 0.00858791 0.00810316 0.00864768 0.00819205 0.00972191 0.00851568 0.00943894 0.00777808 0.00689521 0.0058202 0.00847284 0.00557337 0.0124064 0.00620642 0.974193 0.00414299 0.00425711 0.00373479 0.00354146 0 0.00367869 0.0035999 0.00372754 0.00389499 0.00365002 0.00411806 
0.00833461 0.00828521 0.00921571 0.00835115 0.0106157 0.00849833 0.00964081 0.00813735 0.00904751 0.00836795 0.00992212 0.00874303 0.00986213 0.00827248 0.00843929 0.00839202 0.00875471 0.00990296 0.0085721 0.0105653 0.00854351 0.00916162 0.008832 0.00852679 0.00829849 0.00974347 0.008794 0.0124644 0.00819273 0.00937629 0.00589238 0.00630809 0.00595345 0.00782998 0.00872776 0.962377 0.00580987 0.00493484 0.00362224 0.00372548 0.00359113 0.00367869 0 0.00357519 0.00395253 0.00368612 0.00381784 0.00399662 
0.00817305 0.00894235 0.00839206 0.0107227 0.00833431 0.0134233 0.00837462 0.00926089 0.00846461 0.00909254 0.00844924 0.0111742 0.00876973 0.00847663 0.00843327 0.00826745 0.0103785 0.0085295 0.0118679 0.00860565 0.0143192 0.00874356 0.00877653 0.00832719 0.00972368 0.00870922 0.0145245 0.00836624 0.0115342 0.00808193 0.0102783 0.00619859 0.00813139 0.0122235 0.972079 0.00739708 0.00785961 0.00450422 0.00480609 0.00387174 0.00371254 0.0035999 0.00357519 0 0.00359657 0.00356835 0.00359745 0.00383995 
0.00832765 0.00827112 0.0102948 0.0084384 0.0126138 0.00851556 0.0101956 0.00817987 0.00916387 0.0083754 0.0114339 0.00884008 0.0094457 0.00829245 0.0084664 0.00840572 0.0088945 0.0107971 0.00853286 0.0196027 0.00859944 0.0087242 0.00892943 0.00874144 0.00929425 0.0135904 0.00845651 0.017086 0.0084037 0.00920914 0.00623565 0.00772307 0.0118914 0.982053 0.00802939 0.013379 0.00887555 0.00613961 0.00413686 0.00406682 0.00383288 0.00372754 0.00395253 0.00359657 0 0.00354683 0.00359624 0.00389363 
0.00816667 0.00946155 0.00893104 0.0129031 0.00857097 0.0160193 0.00847178 0.00969312 0.00846634 0.0106275 0.00864792 0.0134414 0.00898474 0.00852896 0.00835754 0.00825764 0.0100763 0.00860653 0.0211117 0.00875764 0.00914369 0.00852713 0.00870358 0.00883544 0.0137155 0.00883105 0.0191211 0.0095697 0.014444 0.00833025 0.00824078 0.00749152 0.963221 0.00865705 0.0134794 0.00803061 0.0115583 0.00563542 0.00511019 0.00389087 0.00412826 0.00389499 0.00368612 0.00356835 0.00354683 0 0.00352056 0.00356508 
0.00866637 0.00844643 0.0102127 0.00842201 0.0112569 0.00842798 0.0165877 0.00817799 0.0111884 0.00845517 0.0117956 0.00875226 0.0120086 0.00836543 0.00890003 0.00894306 0.00939311 0.0206088 0.00860362 0.0107412 0.00903966 0.00873974 0.0113295 0.0113622 0.00857188 0.0151272 0.00905034 0.0158215 0.010532 0.0112084 0.00822651 0.963854 0.00892028 0.0116471 0.00807853 0.0101225 0.00626196 0.0081454 0.00525365 0.00565788 0.00471846 0.00365002 0.00381784 0.00359745 0.00359624 0.00352056 0 0.0035421 
0.00874072 0.00969476 0.0081848 0.00997073 0.00814496 0.0125611 0.00824689 0.0150138 0.0109014 0.0094506 0.00825642 0.00960152 0.00856305 0.0102406 0.00927256 0.00892495 0.0300867 0.0084459 0.0113527 0.00846609 0.00890856 0.0102853 0.0141613 0.0085767 0.0106024 0.00899019 0.0127643 0.00911046 0.0161064 0.0104927 0.954696 0.00914688 0.0108462 0.00776018 0.013159 0.00732933 0.00973846 0.006408 0.00655228 0.0109463 0.0042842 0.00411806 0.00399662 0.00383995 0.00389363 0.00356508 0.0035421 0 
