1HQZ1
LEPIDYTTHSREIDAEYLKIVRGSDPDTTWLIISPNAKKEYEPESTGSSFHDFLQLFDETKVQYGLARVSPPGSDVEKIIIIGWCPDSAPLKTRASFAANFAAVANNLFKGYHVQVTARDEDDLDENELLMKISNAAGA
CCCCCCCCCHHHHHHHHHHHHHCCCCCCCEEEEEECCCCCEEEEEEECCHHHHHCCCCCCCCEEEEEEECCCCCCCCEEEEEEECCCCCCHHHHHHHHHHHHHHHHHCCCCCCEEEEECCHHHHCHHHHHHHHHCCCCC
0 0 0 0 0 0 0 0 0 0 0 0 0 0 0 0 0 0 0 0 0 0 0 0 0 0 0 0 0 0 0 0 0 0 0 0 0 0 0 0 0 0 0 0 0 0 0 0 0 0 0 0 0 0 0 0 0 0 0 0 0 0 0 0 0 0 0 0 0 0 0 0 0 0 0 0 0 0 0 0 0 0 0 0 0 0 0 0 0 0 0 0 0 0 0 0 0 0 0 0 0 0 0 0 0 0 0 0 0 0 0 0 0 0 0 0 0 0 0 0 0 0 0 0 0 0 0 0 0 0 0 0 0 0 0 0 0 0 0 
0 0 0 0 0 0 0 0 0 0 0 0 0 0 0 0 0 0 0 0 0 0 0 0 0 0 0 0 0 0 0 0 0 0 0 0 0 0 0 0 0 0 0 0 0 0 0 0 0 0 0 0 0 0 0 0 0 0 0 0 0 0 0 0 0 0 0 0 0 0 0 0 0 0 0 0 0 0 0 0 0 0 0 0 0 0 0 0 0 0 0 0 0 0 0 0 0 0 0 0 0 0 0 0 0 0 0 0 0 0 0 0 0 0 0 0 0 0 0 0 0 0 0 0 0 0 0 0 0 0 0 0 0 0 0 0 0 0 0 
0 0.00365145 0.00362002 0.00363686 0.00365055 0.00530701 0.00924123 0.00791077 0.00699723 0.00919081 0.0231811 0.173951 0.571633 0.0197357 0.0169343 0.0147606 0.0138035 0.0143419 0.013877 0.0325331 0.0291284 0.0392276 0.02719 0.0197431 0.0185843 0.0130166 0.0213793 0.0141059 0.0095538 0.0105931 0.00988436 0.0139097 
0.00365145 0 0.00366445 0.00361051 0.00364046 0.00362793 0.00674108 0.0068142 0.00804121 0.0286117 0.253048 0.496319 0.0123223 0.0179273 0.0448746 0.0283361 0.0261561 0.0246038 0.0280983 0.0128921 0.0150243 0.0822849 0.105173 0.0786771 0.0541331 0.0422134 0.0118497 0.0116252 0.0124085 0.0131253 0.0155587 0.0103964 
0.00362002 0.00366445 0 0.00359582 0.00356939 0.00354693 0.00598013 0.0074093 0.0206842 0.31803 0.35059 0.0115698 0.00846722 0.0153729 0.026061 0.0445389 0.0529638 0.0328335 0.0190552 0.0108697 0.0128588 0.0342414 0.161398 0.200203 0.138017 0.0408813 0.0157236 0.00991278 0.0136751 0.0211667 0.0161096 0.00978009 
0.00363686 0.00361051 0.00359582 0 0.00354416 0.00354691 0.00939585 0.0184218 0.646592 0.0874222 0.0246016 0.00770595 0.00936295 0.012112 0.030242 0.0371026 0.0355053 0.0357021 0.0118421 0.0146319 0.0114468 0.0331835 0.106772 0.125215 0.11915 0.0333155 0.0141574 0.0124312 0.0100729 0.0335431 0.00969046 0.00964555 
0.00365055 0.00364046 0.00356939 0.00354416 0 0.00357251 0.0216332 0.81453 0.0154492 0.00886314 0.0067592 0.0103526 0.00753432 0.0120951 0.0158233 0.0164385 0.0173338 0.00996426 0.0191152 0.00906294 0.0110169 0.018333 0.024037 0.0292839 0.0247733 0.0431381 0.0120146 0.0090903 0.0162019 0.00888143 0.0126955 0.00860187 
0.00530701 0.00362793 0.00354693 0.00354691 0.00357251 0 0.817188 0.00651388 0.00781241 0.00507192 0.00661186 0.00624195 0.00903967 0.0144919 0.0126371 0.00985636 0.00980255 0.0116501 0.00906458 0.016284 0.022466 0.0116419 0.010623 0.0109706 0.0116254 0.0130525 0.0146202 0.0226995 0.00833376 0.00975933 0.0083745 0.0105455 
0.00924123 0.00674108 0.00598013 0.00939585 0.0216332 0.817188 0 0.00357929 0.00357189 0.00357197 0.00385103 0.00389332 0.0081418 0.0136619 0.0121412 0.009956 0.0112927 0.0135881 0.0163948 0.114547 0.0169447 0.0160314 0.01256 0.0108313 0.0100092 0.00953645 0.017148 0.0155624 0.0086593 0.0101831 0.00860975 0.0205845 
0.00791077 0.0068142 0.0074093 0.0184218 0.81453 0.00651388 0.00357929 0 0.00354988 0.00358174 0.00355751 0.00578518 0.00368332 0.0137864 0.0130973 0.0119299 0.0122208 0.0110244 0.0739158 0.00858595 0.0094618 0.012001 0.0145428 0.01341 0.011431 0.0132384 0.00879929 0.00838601 0.0110739 0.00844319 0.0126223 0.00828118 
0.00699723 0.00804121 0.0206842 0.646592 0.0154492 0.00781241 0.00357189 0.00354988 0 0.00351918 0.00357034 0.00356502 0.00360797 0.00806338 0.0138584 0.0145372 0.0145372 0.0597298 0.00844342 0.0107972 0.00870461 0.0112871 0.0151762 0.0157369 0.0170413 0.0105122 0.0087908 0.0105335 0.00826352 0.0192108 0.00832941 0.00883295 
0.00919081 0.0286117 0.31803 0.0874222 0.00886314 0.00507192 0.00357197 0.00358174 0.00351918 0 0.00352839 0.0036554 0.00353263 0.00988786 0.0126766 0.0286886 0.0528868 0.00899715 0.0139587 0.00827942 0.009455 0.00967302 0.0183052 0.021638 0.0131623 0.0104588 0.0092306 0.00834761 0.015709 0.00850732 0.0132996 0.00820502 
0.0231811 0.253048 0.35059 0.0246016 0.0067592 0.00661186 0.00385103 0.00355751 0.00357034 0.00352839 0 0.00352445 0.00360648 0.00933823 0.0216086 0.0683299 0.018407 0.0217568 0.00862944 0.0149883 0.00973103 0.0132534 0.0186771 0.0226662 0.0244939 0.0120776 0.00934301 0.0147026 0.00824444 0.0322907 0.00840472 0.00921881 
0.173951 0.496319 0.0115698 0.00770595 0.0103526 0.00624195 0.00389332 0.00578518 0.00356502 0.0036554 0.00352445 0 0.00353545 0.0170399 0.0621874 0.0150161 0.0126722 0.00853019 0.0525211 0.0083678 0.0102587 0.011055 0.0135741 0.0139946 0.0127386 0.0188833 0.0102771 0.00832261 0.0280855 0.00842937 0.0140408 0.00832972 
0.571633 0.0123223 0.00846722 0.00936295 0.00753432 0.00903967 0.0081418 0.00368332 0.00360797 0.00353263 0.00360648 0.00353545 0 0.0873697 0.0167189 0.0113883 0.0115363 0.0183088 0.00840012 0.0833444 0.0143631 0.0127078 0.00981154 0.0102082 0.00969207 0.0102833 0.0136672 0.0396062 0.00835281 0.0132232 0.00833297 0.0127953 
0.0197357 0.0179273 0.0153729 0.012112 0.0120951 0.0144919 0.0136619 0.0137864 0.00806338 0.00988786 0.00933823 0.0170399 0.0873697 0 0.00355844 0.00355371 0.00360673 0.00358823 0.00433833 0.00414282 0.0114269 0.0101055 0.0118776 0.0105253 0.0103696 0.0234966 0.71939 0.010631 0.015383 0.00894391 0.0138051 0.015504 
0.0169343 0.0448746 0.026061 0.030242 0.0158233 0.0126371 0.0121412 0.0130973 0.0138584 0.0126766 0.0216086 0.0621874 0.0167189 0.00355844 0 0.00360073 0.00354256 0.00360221 0.00398782 0.00380982 0.00801416 0.020724 0.0138981 0.0187336 0.025863 0.86125 0.0155424 0.0204133 0.0107383 0.0197225 0.0125074 0.0123395 
0.0147606 0.0283361 0.0445389 0.0371026 0.0164385 0.00985636 0.009956 0.0119299 0.0145372 0.0286886 0.0683299 0.0150161 0.0113883 0.00355371 0.00360073 0 0.00364624 0.00353416 0.00359737 0.00359754 0.0081065 0.00927355 0.0195636 0.0249873 0.865006 0.0161828 0.0114947 0.0127031 0.014483 0.0196615 0.0177187 0.0263807 
0.0138035 0.0261561 0.0529638 0.0355053 0.0173338 0.00980255 0.0112927 0.0122208 0.0145372 0.0528868 0.018407 0.0126722 0.0115363 0.00360673 0.00354256 0.00364624 0 0.00352829 0.00359183 0.00355449 0.00682046 0.0118279 0.0264276 0.902064 0.0160508 0.0162006 0.0147632 0.0130044 0.0181846 0.013957 0.0318329 0.0109643 
0.0143419 0.0246038 0.0328335 0.0357021 0.00996426 0.0116501 0.0135881 0.0110244 0.0597298 0.00899715 0.0217568 0.00853019 0.0183088 0.00358823 0.00360221 0.00353416 0.00352829 0 0.00354339 0.00369578 0.00847273 0.015411 0.888137 0.0150371 0.0257168 0.0183224 0.0109098 0.0189759 0.00911145 0.0693582 0.00895982 0.0135439 
0.013877 0.0280983 0.0190552 0.0118421 0.0191152 0.00906458 0.0163948 0.0739158 0.00844342 0.0139587 0.00862944 0.0525211 0.00840012 0.00433833 0.00398782 0.00359737 0.00359183 0.00354339 0 0.00354293 0.0129538 0.919444 0.0118597 0.0146908 0.00994925 0.0194911 0.00977193 0.00929095 0.0825171 0.00895098 0.0424164 0.00864804 
0.0325331 0.0128921 0.0108697 0.0146319 0.00906294 0.016284 0.114547 0.00858595 0.0107972 0.00827942 0.0149883 0.0083678 0.0833444 0.00414282 0.00380982 0.00359754 0.00355449 0.00369578 0.00354293 0 0.905355 0.0119374 0.00954877 0.0101013 0.0100422 0.00746683 0.0146646 0.0867143 0.00850738 0.0223277 0.0085043 0.0258672 
0.0291284 0.0150243 0.0128588 0.0114468 0.0110169 0.022466 0.0169447 0.0094618 0.00870461 0.009455 0.00973103 0.0102587 0.0143631 0.0114269 0.00801416 0.0081065 0.00682046 0.00847273 0.0129538 0.905355 0 0.0050585 0.00358041 0.00359773 0.00352952 0.00439306 0.00385968 0.124875 0.0164118 0.0120211 0.0152441 0.0212048 
0.0392276 0.0822849 0.0342414 0.0331835 0.018333 0.0116419 0.0160314 0.012001 0.0112871 0.00967302 0.0132534 0.011055 0.0127078 0.0101055 0.020724 0.00927355 0.0118279 0.015411 0.919444 0.0119374 0.0050585 0 0.00355421 0.00365094 0.00363068 0.00370783 0.00374265 0.112654 0.0873375 0.022774 0.016261 0.0158627 
0.02719 0.105173 0.161398 0.106772 0.024037 0.010623 0.01256 0.0145428 0.0151762 0.0183052 0.0186771 0.0135741 0.00981154 0.0118776 0.0138981 0.0195636 0.0264276 0.888137 0.0118597 0.00954877 0.00358041 0.00355421 0 0.00364444 0.00367977 0.00354392 0.00356956 0.383221 0.061275 0.107575 0.0226648 0.0176153 
0.0197431 0.0786771 0.200203 0.125215 0.0292839 0.0109706 0.0108313 0.01341 0.0157369 0.021638 0.0226662 0.0139946 0.0102082 0.0105253 0.0187336 0.0249873 0.902064 0.0150371 0.0146908 0.0101013 0.00359773 0.00365094 0.00364444 0 0.00354714 0.00355499 0.0035637 0.0357738 0.42717 0.045822 0.0995792 0.0121377 
0.0185843 0.0541331 0.138017 0.11915 0.0247733 0.0116254 0.0100092 0.011431 0.0170413 0.0131623 0.0244939 0.0127386 0.00969207 0.0103696 0.025863 0.865006 0.0160508 0.0257168 0.00994925 0.0100422 0.00352952 0.00363068 0.00367977 0.00354714 0 0.00354868 0.0035461 0.0458625 0.0171378 0.587829 0.0150951 0.0217096 
0.0130166 0.0422134 0.0408813 0.0333155 0.0431381 0.0130525 0.00953645 0.0132384 0.0105122 0.0104588 0.0120776 0.0188833 0.0102833 0.0234966 0.86125 0.0161828 0.0162006 0.0183224 0.0194911 0.00746683 0.00439306 0.00370783 0.00354392 0.00355499 0.00354868 0 0.00359249 0.013126 0.0730678 0.0218347 0.528295 0.0146379 
0.0213793 0.0118497 0.0157236 0.0141574 0.0120146 0.0146202 0.017148 0.00879929 0.0087908 0.0092306 0.00934301 0.0102771 0.0136672 0.71939 0.0155424 0.0114947 0.0147632 0.0109098 0.00977193 0.0146646 0.00385968 0.00374265 0.00356956 0.0035637 0.0035461 0.00359249 0 0.0318141 0.0110579 0.0313724 0.0388043 0.489361 
0.0141059 0.0116252 0.00991278 0.0124312 0.0090903 0.0226995 0.0155624 0.00838601 0.0105335 0.00834761 0.0147026 0.00832261 0.0396062 0.010631 0.0204133 0.0127031 0.0130044 0.0189759 0.00929095 0.0867143 0.124875 0.112654 0.383221 0.0357738 0.0458625 0.013126 0.0318141 0 0.00359189 0.0042144 0.00370765 0.00852646 
0.0095538 0.0124085 0.0136751 0.0100729 0.0162019 0.00833376 0.0086593 0.0110739 0.00826352 0.015709 0.00824444 0.0280855 0.00835281 0.015383 0.0107383 0.014483 0.0181846 0.00911145 0.0825171 0.00850738 0.0164118 0.0873375 0.061275 0.42717 0.0171378 0.0730678 0.0110579 0.00359189 0 0.00354032 0.00391358 0.00374025 
0.0105931 0.0131253 0.0211667 0.0335431 0.00888143 0.00975933 0.0101831 0.00844319 0.0192108 0.00850732 0.0322907 0.00842937 0.0132232 0.00894391 0.0197225 0.0196615 0.013957 0.0693582 0.00895098 0.0223277 0.0120211 0.022774 0.107575 0.045822 0.587829 0.0218347 0.0313724 0.0042144 0.00354032 0 0.00356288 0.00386971 
0.00988436 0.0155587 0.0161096 0.00969046 0.0126955 0.0083745 0.00860975 0.0126223 0.00832941 0.0132996 0.00840472 0.0140408 0.00833297 0.0138051 0.0125074 0.0177187 0.0318329 0.00895982 0.0424164 0.0085043 0.0152441 0.016261 0.0226648 0.0995792 0.0150951 0.528295 0.0388043 0.00370765 0.00391358 0.00356288 0 0.00355621 
0.0139097 0.0103964 0.00978009 0.00964555 0.00860187 0.0105455 0.0205845 0.00828118 0.00883295 0.00820502 0.00921881 0.00832972 0.0127953 0.015504 0.0123395 0.0263807 0.0109643 0.0135439 0.00864804 0.0258672 0.0212048 0.0158627 0.0176153 0.0121377 0.0217096 0.0146379 0.489361 0.00852646 0.00374025 0.00386971 0.00355621 0 
