1I24A
SRVMVIGGDGYCGWATALHLSKKNYEVCIVDNLVRRLFDHQLGLESLTPIASIHDRISRWKALTGKSIELYVGDICDFEFLAESFKSFEPDSVVHFGEQRSAPYSMIDRSRAVYTQHNNVIGTLNVLFAIKEFGEECHLVKLGTMGEYGTPNIDIEEGYITITHNGRTDTLPYPKQASSFYHLSKVHDSHNIAFTCKAWGIRATDLNQGVVYGVKTDETEMHEELRNRLDYDAVFGTALNRFCVQAAVGHPLTVYGKGGQTRGYLDIRDTVQCVEIAIANPAKAGEFRVFNQFTEQFSVNELASLVTKAGSKLGLDVKKMTVPNPRVEAEEHYYNAKHTKLMELGLEPHYLSDSLLDSLLNFAVQFKDRVDTKQIMPSVSWKKIGVKTKSM
CEEEEECCCCHHHHHHHHHHHHCCCEEEEEECCHHHHHHHHHCCCCCCCCCCHHHHHHHHHHHHCCCCEEEECCCCCHHHHHHHHHHHCCCEEEECCCCCCHHHHCCCHHHHHHHHHHHHHHHHHHHHHHHHHCCCCEEEEECCHHHHCCCCCCECCCEEEEEECCEEEEEECCCCCCCHHHHHHHHHHHHHHHHHHHHCCEEEEEEECEEECCCCCCHHHCHHHCCCCCCCCCCCCHHHHHHHHHHHCCCEEEECCCCCEEEEEEHHHHHHHHHHHHHCCCCCCCEEEEEECCEEEEHHHHHHHHHHHHHCCCCCCCEEEECCCCCCCCCCCCCECCCHHHHCCCCCCCCCHHHHHHHHHHHHHCHHHCCHHHCCCCCCCCCCCCCCCCC
0 0 0 0 0 0 0 0 0 0 0 0 0 0 0 0 0 0 0 0 0 0 0 0 0 0 0 0 0 0 0 0 0 0 0 0 0 0 0 0 0 0 0 0 0 0 0 0 0 0 0 0 0 0 0 0 0 0 0 0 0 0 0 0 0 0 0 0 0 0 0 0 0 0 0 0 0 0 0 0 0 0 0 0 0 0 0 0 0 0 0 0 0 0 0 0 0 0 0 0 0 0 0 0 0 0 0 0 0 0 0 0 0 0 0 0 0 0 0 0 0 0 0 0 0 0 0 0 0 0 0 0 0 0 0 0 0 0 0 0 0 0 0 0 0 0 0 0 0 0 0 0 0 0 0 0 0 0 0 0 0 0 0 0 0 0 0 0 0 0 0 0 0 0 0 0 0 0 0 0 0 0 0 0 0 0 0 0 0 0 0 0 0 0 0 0 0 0 0 0 0 0 0 0 0 0 0 0 0 0 0 0 0 0 0 0 0 0 0 0 0 0 0 0 0 0 0 0 0 0 0 0 0 0 0 0 0 0 0 0 0 0 0 0 0 0 0 0 0 0 0 0 0 0 0 0 0 0 0 0 0 0 0 0 0 0 0 0 0 0 0 0 0 0 0 0 0 0 0 0 0 0 0 0 0 0 0 0 0 0 0 0 0 0 0 0 0 0 0 0 0 0 0 0 0 0 0 0 0 0 0 0 0 0 0 0 0 0 0 0 0 0 0 0 0 0 0 0 0 0 0 0 0 0 0 0 0 0 0 0 0 0 0 0 0 0 0 0 0 0 0 0 0 0 0 0 0 0 0 0 0 0 0 0 0 0 0 0 0 0 0 0 0 0 0 0 0 0 0 0 0 0 0 0 0 0 0 0 0 0 0 
0 0 0 0 0 0 0 0 0 0 0 0 0 0 0 0 0 0 0 0 0 0 0 0 0 0 0 0 0 0 0 0 0 0 0 0 0 0 0 0 0 0 0 0 0 0 0 0 0 0 0 0 0 0 0 0 0 0 0 0 0 0 0 0 0 0 0 0 0 0 0 0 0 0 0 0 0 0 0 0 0 0 0 0 0 0 0 0 0 0 0 0 0 0 0 0 0 0 0 0 0 0 0 0 0 0 0 0 0 0 0 0 0 0 0 0 0 0 0 0 0 0 0 0 0 0 0 0 0 0 0 0 0 0 0 0 0 0 0 0 0 0 0 0 0 0 0 0 0 0 0 0 0 0 0 0 0 0 0 0 0 0 0 0 0 0 0 0 0 0 0 0 0 0 0 0 0 0 0 0 0 0 0 0 0 0 0 0 0 0 0 0 0 0 0 0 0 0 0 0 0 0 0 0 0 0 0 0 0 0 0 0 0 0 0 0 0 0 0 0 0 0 0 0 0 0 0 0 0 0 0 0 0 0 0 0 0 0 0 0 0 0 0 0 0 0 0 0 0 0 0 0 0 0 0 0 0 0 0 0 0 0 0 0 0 0 0 0 0 0 0 0 0 0 0 0 0 0 0 0 0 0 0 0 0 0 0 0 0 0 0 0 0 0 0 0 0 0 0 0 0 0 0 0 0 0 0 0 0 0 0 0 0 0 0 0 0 0 0 0 0 0 0 0 0 0 0 0 0 0 0 0 0 0 0 0 0 0 0 0 0 0 0 0 0 0 0 0 0 0 0 0 0 0 0 0 0 0 0 0 0 0 0 0 0 0 0 0 0 0 0 0 0 0 0 0 0 0 0 0 0 0 0 0 0 0 0 0 0 0 0 
0 0.00392125 0.00365735 0.0036813 0.00434995 0.795998 0.01898 0.0454674 0.020569 0.0207988 0.0192028 0.0144649 0.00885396 0.00894317 0.0143498 0.013403 0.0113233 0.00993831 0.0120007 0.00896607 0.00902745 0.00938679 0.00884521 0.00875757 0.00867142 0.00898606 0.00814307 0.00884498 0.00811875 0.00820441 0.0081985 0.00827648 0.00806392 0.00814881 0.00821043 0.00808438 0.00875019 0.00830241 0.00834926 0.00829843 0.00837303 0.00824968 0.00818004 0.00834295 0.00822619 0.00823622 0.00843893 0.00838409 0.00843668 0.00868061 0.00854952 0.00824815 0.00817053 0.00824447 0.00830901 0.00830741 0.00832482 0.00835167 0.00842116 0.00849228 0.00852074 0.00848099 0.0083864 0.00828435 0.00843451 0.00842074 0.00874522 0.00866553 0.00852877 0.00892128 0.00875581 0.00918152 
0.00392125 0 0.00367831 0.00371322 0.00375372 0.0191348 0.872596 0.0351518 0.112669 0.0345954 0.0188023 0.0130907 0.0290411 0.0151927 0.00981987 0.0861758 0.0267833 0.0284738 0.0119066 0.0102217 0.0181129 0.0122735 0.0126292 0.00905834 0.00992316 0.00865735 0.0104244 0.00895681 0.00896217 0.00831632 0.00815066 0.00813835 0.00837167 0.00859557 0.00864883 0.00855326 0.00826619 0.00834647 0.00883432 0.00889411 0.00880969 0.00887725 0.00851038 0.00819133 0.00818734 0.00841071 0.00835494 0.00888109 0.00868124 0.0087706 0.00846039 0.00832659 0.00824093 0.00842155 0.00842875 0.00848182 0.00833046 0.00875308 0.00856712 0.00874444 0.00871727 0.0085877 0.00846509 0.00831168 0.00835827 0.00838513 0.00849219 0.00866817 0.00870379 0.00858014 0.0090485 0.00905812 
0.00365735 0.00367831 0 0.00364963 0.00356185 0.0687906 0.0295077 0.813975 0.121314 0.0978683 0.0165796 0.0134902 0.0295635 0.0167288 0.0173912 0.0157139 0.130528 0.0323156 0.0159859 0.0103345 0.0174753 0.0244988 0.0126132 0.00980548 0.00826736 0.00960649 0.0100133 0.0110137 0.00917974 0.00857223 0.00808421 0.00819755 0.00839455 0.00874431 0.00893735 0.00849849 0.00828616 0.00847742 0.00924341 0.00977604 0.0099968 0.00935704 0.00893713 0.00874452 0.00840309 0.00860921 0.00892577 0.00851186 0.00883568 0.00933208 0.00847967 0.00835398 0.00831608 0.00859984 0.00873344 0.00878364 0.00844121 0.00838666 0.00875616 0.00937438 0.00934055 0.00892218 0.00844508 0.00831467 0.00850136 0.00840915 0.00848345 0.00849674 0.00854196 0.00874933 0.00860091 0.00859205 
0.0036813 0.00371322 0.00364963 0 0.00360397 0.0142911 0.103825 0.0427876 0.720607 0.121299 0.0676801 0.00982765 0.0157962 0.0262393 0.0140213 0.0146492 0.0232777 0.139061 0.0197385 0.0096158 0.0156011 0.0132508 0.0159145 0.0099171 0.00835934 0.00846778 0.00946381 0.00905933 0.00863689 0.00824496 0.00801391 0.00805186 0.00824233 0.00846326 0.00843027 0.0085476 0.00807562 0.00825976 0.00895579 0.00922819 0.00933425 0.00905626 0.00880372 0.00827087 0.00817218 0.00868224 0.0083033 0.0084868 0.00881717 0.00912764 0.00845196 0.00824622 0.00820239 0.0084139 0.00846017 0.00866004 0.00837167 0.0084414 0.00877833 0.00901274 0.00895053 0.00887108 0.00848198 0.00828584 0.00838334 0.00840942 0.00848846 0.00840886 0.00847186 0.00853247 0.0084682 0.00886309 
0.00434995 0.00375372 0.00356185 0.00360397 0 0.0267163 0.0183872 0.0565068 0.0301328 0.585227 0.128628 0.0122066 0.00925436 0.0125353 0.0197446 0.0145297 0.0112603 0.0170065 0.0541386 0.00994176 0.00949886 0.0096065 0.0103861 0.0104746 0.00877677 0.00866149 0.00829193 0.00819333 0.00823539 0.00798554 0.00801821 0.00819549 0.00804232 0.00800274 0.00804379 0.00802274 0.00811337 0.00842848 0.00838749 0.00828141 0.00857361 0.00857956 0.00819235 0.00833411 0.00822668 0.00824539 0.00850511 0.00860198 0.00847232 0.00860602 0.00835009 0.00834461 0.00811766 0.00822249 0.00827444 0.00838327 0.00829659 0.00860157 0.00843791 0.00847213 0.00842123 0.00857014 0.00840732 0.00832441 0.00826756 0.00830286 0.00841662 0.00840358 0.00832186 0.00833205 0.00830593 0.0102986 
0.795998 0.0191348 0.0687906 0.0142911 0.0267163 0 0.00368289 0.00358829 0.00360605 0.00496826 0.00433227 0.088539 0.0092277 0.00921396 0.0169513 0.0133697 0.00928958 0.00964932 0.0125964 0.00942482 0.00886344 0.00854718 0.00911812 0.00929815 0.00895991 0.00993699 0.00802823 0.00917956 0.00802784 0.00822411 0.00832332 0.00849322 0.00808777 0.00812452 0.00830296 0.0080645 0.00903849 0.00885373 0.00807065 0.00825261 0.00823866 0.00811414 0.0081448 0.00822324 0.00848097 0.00795445 0.00821899 0.00827035 0.00821905 0.00816806 0.00835078 0.00806848 0.00810817 0.00812927 0.00823483 0.00819496 0.00828225 0.00834389 0.00825201 0.0083057 0.00824552 0.00826055 0.00826995 0.00823162 0.00819783 0.00823291 0.00882255 0.00834581 0.0082474 0.0084701 0.00834342 0.00881687 
0.01898 0.872596 0.0295077 0.103825 0.0183872 0.00368289 0 0.0035865 0.00360314 0.00368819 0.00370548 0.0224612 0.0787284 0.0145993 0.00915142 0.0208258 0.0236233 0.0226137 0.0100622 0.00894599 0.0174026 0.0120686 0.0105535 0.00872035 0.00929497 0.0081702 0.0110191 0.00876813 0.00860899 0.00822411 0.00806032 0.00804017 0.00817674 0.00872933 0.00833122 0.00835518 0.00814193 0.00812413 0.00963106 0.00876894 0.00858011 0.00892087 0.00840912 0.00847247 0.00808988 0.00836237 0.00815991 0.00846448 0.00837932 0.00833851 0.00821094 0.0082092 0.00812966 0.0082493 0.00829432 0.00829851 0.0081092 0.00839062 0.00839623 0.0085027 0.00854387 0.00837425 0.00825078 0.00823176 0.00827561 0.00825867 0.00828365 0.00837587 0.00837049 0.00827898 0.00846906 0.00857896 
0.0454674 0.0351518 0.813975 0.0427876 0.0565068 0.00358829 0.0035865 0 0.00358685 0.00358328 0.00356876 0.276237 0.0467085 0.0219802 0.0103496 0.023846 0.0480951 0.0230236 0.0146642 0.00968084 0.0185194 0.0312486 0.0146162 0.00948443 0.00829852 0.00932138 0.00920578 0.0111569 0.00912453 0.00840673 0.00810743 0.00816062 0.00839122 0.00865716 0.00909431 0.00858166 0.00829181 0.00842772 0.00907937 0.009482 0.0108048 0.00939909 0.0087398 0.00846238 0.00845359 0.00843878 0.00865352 0.00844419 0.00864364 0.00881126 0.00846911 0.00827608 0.00822872 0.00838522 0.00849076 0.00854403 0.00836923 0.00831593 0.00852418 0.00885105 0.00901094 0.00864634 0.00829805 0.00826252 0.00831574 0.00834709 0.00845935 0.00834462 0.0083297 0.0084264 0.00844053 0.00837259 
0.020569 0.112669 0.121314 0.720607 0.0301328 0.00360605 0.00360314 0.00358685 0 0.003603 0.00357021 0.0240017 0.384488 0.0451298 0.0149386 0.0203532 0.0562518 0.0561247 0.0198876 0.0100805 0.0318915 0.0368048 0.0203864 0.00981034 0.00832131 0.00871237 0.0117292 0.0100403 0.00981801 0.00847238 0.00815025 0.00815206 0.00823036 0.00892265 0.00902107 0.00867932 0.00826536 0.00842416 0.00969073 0.0103675 0.0106115 0.0103872 0.00908205 0.00853216 0.00840842 0.00882785 0.00977528 0.00854635 0.00895011 0.00935128 0.00843435 0.00825554 0.00825948 0.008456 0.00870265 0.00862665 0.00845015 0.00838874 0.00869483 0.0091528 0.00925274 0.0087504 0.00841602 0.00825609 0.00835847 0.00840556 0.00844183 0.00837934 0.00840398 0.00848887 0.00848738 0.00835982 
0.0207988 0.0345954 0.0978683 0.121299 0.585227 0.00496826 0.00368819 0.00358328 0.003603 0 0.00563574 0.0147779 0.0233909 0.466804 0.0261245 0.0136134 0.0224665 0.0699082 0.0177913 0.0101047 0.0136924 0.0129759 0.0137223 0.00945718 0.0084727 0.00876768 0.00955799 0.00876783 0.00850006 0.00818387 0.00799428 0.00821245 0.00830184 0.00831334 0.00828486 0.00833134 0.00808713 0.00841747 0.00882384 0.0087629 0.00880355 0.0089313 0.00880664 0.00806776 0.00812673 0.00832781 0.00816736 0.00827977 0.00834525 0.00847466 0.00810912 0.00817683 0.00807693 0.00823355 0.00831831 0.00829914 0.00817658 0.00847661 0.00827681 0.00841429 0.00843876 0.00839295 0.0082381 0.00821002 0.00816079 0.00825583 0.00819832 0.0082811 0.00833217 0.00828565 0.00827323 0.00867882 
0.0192028 0.0188023 0.0165796 0.0676801 0.128628 0.00433227 0.00370548 0.00356876 0.00357021 0.00563574 0 0.0118325 0.0118902 0.0290478 0.418834 0.0163635 0.01153 0.0127044 0.0267558 0.010404 0.00971296 0.00956822 0.00963091 0.0105181 0.00992343 0.00886539 0.00861765 0.00816624 0.00824487 0.007981 0.00804025 0.0083469 0.00805694 0.00803416 0.00804879 0.00801824 0.00807624 0.00837401 0.00826554 0.00815566 0.00827148 0.00831799 0.00806252 0.00828057 0.00820456 0.0079961 0.00857365 0.00836849 0.00816939 0.00821434 0.00820257 0.00822082 0.00799718 0.00817045 0.00816192 0.0080874 0.00804958 0.00848433 0.00820866 0.00837383 0.00831221 0.00826256 0.00823039 0.00829461 0.00821024 0.00821514 0.00815161 0.00835157 0.00826245 0.00826374 0.0082601 0.00913888 
0.0144649 0.0130907 0.0134902 0.00982765 0.0122066 0.088539 0.0224612 0.276237 0.0240017 0.0147779 0.0118325 0 0.00444338 0.00384179 0.00560161 0.042449 0.0141241 0.0110686 0.024404 0.0132275 0.010008 0.00983459 0.00977558 0.0116378 0.00983749 0.0110438 0.00823976 0.0100492 0.00808427 0.00856548 0.00980277 0.00864367 0.0082771 0.00835979 0.00859878 0.00833081 0.0104838 0.00874425 0.00816866 0.00834264 0.0083623 0.00809667 0.00847787 0.00820112 0.00865061 0.00798827 0.00858684 0.00815537 0.00823648 0.00805637 0.00843517 0.00811037 0.00798135 0.00800686 0.00808854 0.00812499 0.00823231 0.00818379 0.00821386 0.00814926 0.00810626 0.00813076 0.00809197 0.00808738 0.00806174 0.0081319 0.00879036 0.00817895 0.00812901 0.00834201 0.00824655 0.00867721 
0.00885396 0.0290411 0.0295635 0.0157962 0.00925436 0.0092277 0.0787284 0.0467085 0.384488 0.0233909 0.0118902 0.00444338 0 0.00398591 0.00355914 0.0321545 0.0639971 0.0376236 0.0112199 0.00911912 0.0170803 0.0169195 0.0109465 0.00900134 0.00858208 0.00834908 0.00911947 0.00864728 0.00851055 0.00832182 0.00811938 0.00810832 0.0082274 0.00829822 0.00833346 0.00849779 0.0082529 0.00808065 0.00863947 0.00862291 0.0085921 0.00848415 0.00838366 0.00813697 0.00805351 0.00824517 0.0080869 0.00824752 0.00824585 0.00818511 0.00807781 0.00802617 0.00808174 0.00806163 0.00817141 0.00808446 0.00804335 0.0082567 0.00822351 0.00821721 0.00824668 0.00810605 0.00799408 0.00809146 0.00804872 0.00812777 0.00812294 0.00816093 0.00814416 0.00815252 0.00823456 0.00822662 
0.00894317 0.0151927 0.0167288 0.0262393 0.0125353 0.00921396 0.0145993 0.0219802 0.0451298 0.466804 0.0290478 0.00384179 0.00398591 0 0.00357627 0.0155581 0.0463407 0.0773942 0.0170936 0.00884293 0.0142141 0.0129913 0.0147755 0.00937408 0.00871934 0.0086155 0.00952562 0.00844534 0.00850925 0.00826704 0.00806291 0.00821071 0.00832993 0.00825735 0.00832752 0.00831586 0.00815223 0.00811424 0.00865426 0.00860363 0.00867746 0.0086385 0.00854202 0.00816216 0.0081417 0.00823615 0.00811698 0.0081707 0.00815863 0.00829554 0.00810419 0.00797439 0.00808252 0.00825411 0.00819637 0.0081498 0.00801542 0.00825399 0.00822228 0.00828245 0.008253 0.00821223 0.00800594 0.00808575 0.00804701 0.00810483 0.00805361 0.00823555 0.00820739 0.00813951 0.00814361 0.00841998 
0.0143498 0.00981987 0.0173912 0.0140213 0.0197446 0.0169513 0.00915142 0.0103496 0.0149386 0.0261245 0.418834 0.00560161 0.00355914 0.00357627 0 0.0217942 0.0155287 0.0447149 0.139553 0.0146752 0.0100301 0.0102778 0.0128476 0.0142792 0.0101709 0.0146753 0.0086208 0.00899915 0.00818074 0.00817179 0.00841184 0.00951757 0.00859318 0.00825131 0.00842663 0.00813761 0.00877412 0.00934038 0.0082122 0.0082208 0.00829804 0.00834007 0.00812419 0.00811175 0.00842709 0.00802549 0.00870229 0.0082384 0.00815936 0.0080884 0.00819246 0.00821822 0.00796137 0.00798528 0.00804972 0.0079982 0.00815773 0.00835468 0.00815065 0.00813296 0.00814213 0.00801021 0.00798576 0.00812136 0.00801265 0.00797258 0.00816244 0.00825762 0.00814947 0.00811586 0.00806451 0.0085139 
0.013403 0.0861758 0.0157139 0.0146492 0.0145297 0.0133697 0.0208258 0.023846 0.0203532 0.0136134 0.0163635 0.042449 0.0321545 0.0155581 0.0217942 0 0.00385789 0.00360473 0.003945 0.686667 0.0380227 0.0314169 0.0126303 0.0214347 0.0174218 0.0135749 0.0146853 0.0097776 0.00965242 0.0085679 0.0111225 0.00890107 0.00853999 0.00875072 0.00883541 0.00899988 0.0121177 0.00948598 0.010114 0.0094233 0.00940575 0.00914981 0.008634 0.00967483 0.00872921 0.00856716 0.00932662 0.00930193 0.00847664 0.00842855 0.00872982 0.00829718 0.00807218 0.0082062 0.00829635 0.00841254 0.0082558 0.00898247 0.00834424 0.00844737 0.00843514 0.00833402 0.00817559 0.00838078 0.00802594 0.00808474 0.00838651 0.00836359 0.00812758 0.00809782 0.00829274 0.00861738 
0.0113233 0.0267833 0.130528 0.0232777 0.0112603 0.00928958 0.0236233 0.0480951 0.0562518 0.0224665 0.01153 0.0141241 0.0639971 0.0463407 0.0155287 0.00385789 0 0.00366412 0.00359288 0.044694 0.762108 0.0460228 0.0719316 0.0118385 0.0109494 0.0130392 0.0134537 0.0163233 0.00969474 0.00951213 0.0086758 0.00833678 0.00874045 0.00897768 0.00985807 0.00987031 0.00924418 0.00902882 0.0111008 0.0142104 0.0155809 0.0122006 0.010689 0.00913318 0.00847535 0.00892126 0.00899216 0.0086659 0.00900279 0.00879351 0.00849609 0.00805372 0.00829386 0.00836681 0.00860596 0.00848471 0.00826639 0.00819323 0.00845784 0.00866576 0.00877613 0.0083499 0.00808585 0.00804782 0.00822413 0.00817649 0.00829777 0.00815772 0.0081554 0.00815059 0.00816321 0.00814981 
0.00993831 0.0284738 0.0323156 0.139061 0.0170065 0.00964932 0.0226137 0.0230236 0.0561247 0.0699082 0.0127044 0.0110686 0.0376236 0.0773942 0.0447149 0.00360473 0.00366412 0 0.00373937 0.0278912 0.0648873 0.666423 0.157826 0.0513607 0.0101717 0.0108633 0.0198471 0.0107734 0.0132227 0.0100947 0.00863561 0.00857848 0.00908668 0.00905144 0.00938994 0.0103607 0.00875946 0.0088776 0.0130482 0.0131951 0.013782 0.0148762 0.0120777 0.00906152 0.00977859 0.0102634 0.0087619 0.00861661 0.00879107 0.00996286 0.00849014 0.00811549 0.00829431 0.00855245 0.00869643 0.00907936 0.00836682 0.00822128 0.00843431 0.00913676 0.00919537 0.00850515 0.00814635 0.00805985 0.00814617 0.00816165 0.00819709 0.00811965 0.0081407 0.00817171 0.00809133 0.0081239 
0.0120007 0.0119066 0.0159859 0.0197385 0.0541386 0.0125964 0.0100622 0.0146642 0.0198876 0.0177913 0.0267558 0.024404 0.0112199 0.0170936 0.139553 0.003945 0.00359288 0.00373937 0 0.0159667 0.051531 0.0421005 0.525808 0.174228 0.0136282 0.0193598 0.0100367 0.0119057 0.00898626 0.00925263 0.00981816 0.0107565 0.00862046 0.0086242 0.00870679 0.00862687 0.0117295 0.0134354 0.00947537 0.00972674 0.0106153 0.0102175 0.0119447 0.0106274 0.0105646 0.00863363 0.0122368 0.00906697 0.00878662 0.00873347 0.00998307 0.0083695 0.00803664 0.00831554 0.00826726 0.00823805 0.00849737 0.00841929 0.00827745 0.00861228 0.00843614 0.00828564 0.00838454 0.0080977 0.00803677 0.00799498 0.00813561 0.00819004 0.00809748 0.00809568 0.00806635 0.00830183 
0.00896607 0.0102217 0.0103345 0.0096158 0.00994176 0.00942482 0.00894599 0.00968084 0.0100805 0.0101047 0.010404 0.0132275 0.00911912 0.00884293 0.0146752 0.686667 0.044694 0.0278912 0.0159667 0 0.00375121 0.0035731 0.00371153 0.00403341 0.0195241 0.0559123 0.0101315 0.0158538 0.00924007 0.0117898 0.0202803 0.0123708 0.0102767 0.00946416 0.0103992 0.00954495 0.022146 0.0220689 0.0106379 0.0117821 0.0108331 0.00960374 0.0116218 0.0122582 0.00960033 0.00877685 0.0142921 0.00905636 0.00923212 0.00855406 0.0104374 0.00828042 0.00817657 0.00816616 0.0084417 0.00840615 0.0102719 0.00833797 0.00835105 0.00836533 0.00837331 0.00839116 0.00836325 0.00811729 0.00805152 0.00813496 0.00889725 0.00816497 0.00800705 0.0081548 0.00814436 0.0085395 
0.00902745 0.0181129 0.0174753 0.0156011 0.00949886 0.00886344 0.0174026 0.0185194 0.0318915 0.0136924 0.00971296 0.010008 0.0170803 0.0142141 0.0100301 0.0380227 0.762108 0.0648873 0.051531 0.00375121 0 0.00356763 0.00358331 0.00356746 0.0161866 0.0151716 0.111314 0.0176683 0.0382274 0.0153045 0.0106284 0.00958578 0.0129654 0.0118878 0.0128379 0.016348 0.00978819 0.0118872 0.0687426 0.0364241 0.0411124 0.0357165 0.0196122 0.0122456 0.0106529 0.0199034 0.0107274 0.0114414 0.0122101 0.0139018 0.00927261 0.00844262 0.00874246 0.0100862 0.0115967 0.0102097 0.00854514 0.00857825 0.00914866 0.0102191 0.0122488 0.00928225 0.00849249 0.00812838 0.00851676 0.0084274 0.00849212 0.00816054 0.00846127 0.00835177 0.00819902 0.00804711 
0.00938679 0.0122735 0.0244988 0.0132508 0.0096065 0.00854718 0.0120686 0.0312486 0.0368048 0.0129759 0.00956822 0.00983459 0.0169195 0.0129913 0.0102778 0.0314169 0.0460228 0.666423 0.0421005 0.0035731 0.00356763 0 0.00357223 0.00354908 0.0115466 0.0230275 0.0195998 0.050992 0.0365784 0.012903 0.00979368 0.00941773 0.0103561 0.0144732 0.0229088 0.010618 0.0099903 0.0113119 0.0224194 0.0731935 0.0618319 0.0629607 0.0218153 0.0135495 0.0179277 0.0110835 0.0154356 0.00947823 0.0135431 0.0136349 0.00940448 0.00829907 0.0089488 0.0100822 0.0137877 0.00986925 0.00868238 0.00841172 0.00888081 0.0115057 0.0118397 0.00925555 0.00846598 0.00810369 0.00848049 0.00841635 0.00838563 0.00820971 0.00817593 0.00832331 0.00807351 0.00807757 
0.00884521 0.0126292 0.0126132 0.0159145 0.0103861 0.00911812 0.0105535 0.0146162 0.0203864 0.0137223 0.00963091 0.00977558 0.0109465 0.0147755 0.0128476 0.0126303 0.0719316 0.157826 0.525808 0.00371153 0.00358331 0.00357223 0 0.00369399 0.0141781 0.0206593 0.0445413 0.0282876 0.0186509 0.0286635 0.0111519 0.0101668 0.0116933 0.0106384 0.0103228 0.0217433 0.0125576 0.0113035 0.0233457 0.0233355 0.034092 0.0210981 0.0340842 0.0117467 0.0100231 0.0224457 0.0156402 0.00916914 0.0114615 0.0146599 0.00944303 0.00849838 0.00864827 0.00948229 0.00964368 0.0119182 0.00878873 0.00852073 0.00922983 0.00943048 0.00982784 0.0107931 0.00877888 0.00816114 0.00837615 0.00835264 0.00842971 0.00802617 0.00820658 0.00831639 0.00804574 0.00804121 
0.00875757 0.00905834 0.00980548 0.0099171 0.0104746 0.00929815 0.00872035 0.00948443 0.00981034 0.00945718 0.0105181 0.0116378 0.00900134 0.00937408 0.0142792 0.0214347 0.0118385 0.0513607 0.174228 0.00403341 0.00356746 0.00354908 0.00369399 0 0.0413939 0.0340407 0.0198283 0.0132557 0.013326 0.0136123 0.0198987 0.0144997 0.0108217 0.00981741 0.00965869 0.0104984 0.0288268 0.0171574 0.011807 0.0119426 0.0120038 0.0116404 0.0141309 0.0133827 0.0123234 0.00957296 0.0294273 0.0121168 0.00897509 0.00982696 0.012665 0.00922387 0.00812192 0.00835188 0.00864092 0.00853675 0.00937793 0.00916597 0.00835583 0.00835394 0.00855136 0.00835434 0.00854525 0.0085058 0.00806084 0.00813326 0.00853682 0.00821885 0.00801261 0.00803575 0.00809687 0.00840485 
0.00867142 0.00992316 0.00826736 0.00835934 0.00877677 0.00895991 0.00929497 0.00829852 0.00832131 0.0084727 0.00992343 0.00983749 0.00858208 0.00871934 0.0101709 0.0174218 0.0109494 0.0101717 0.0136282 0.0195241 0.0161866 0.0115466 0.0141781 0.0413939 0 0.0321669 0.0157928 0.00448715 0.00532491 0.00704302 0.00948512 0.0118658 0.00978706 0.00833642 0.00867505 0.0106425 0.0160414 0.0185717 0.0131494 0.00942971 0.00936603 0.0100066 0.00917698 0.011963 0.00918826 0.0110741 0.0138925 0.0179449 0.0084836 0.00860681 0.0102606 0.0104717 0.00810629 0.00825593 0.00806819 0.00835167 0.00887488 0.0117438 0.00815151 0.00819227 0.00815951 0.00819065 0.00901227 0.00893686 0.00801519 0.00815087 0.00887368 0.00949149 0.00830547 0.00809205 0.00934662 0.0138802 
0.00898606 0.00865735 0.00960649 0.00846778 0.00866149 0.00993699 0.0081702 0.00932138 0.00871237 0.00876768 0.00886539 0.0110438 0.00834908 0.0086155 0.0146753 0.0135749 0.0130392 0.0108633 0.0193598 0.0559123 0.0151716 0.0230275 0.0206593 0.0340407 0.0321669 0 0.00366262 0.00381524 0.00355788 0.00391687 0.00546224 0.0064444 0.00660647 0.00702652 0.00823413 0.0128673 0.952853 0.0287415 0.00959988 0.0134789 0.0111348 0.009057 0.0146645 0.012017 0.01551 0.00872001 0.0220922 0.00883128 0.0103898 0.00859097 0.0144779 0.00839194 0.00837446 0.00818195 0.00850558 0.00855523 0.0113712 0.00836412 0.00849424 0.00821928 0.00840493 0.00842415 0.00836131 0.00810944 0.00810329 0.00816075 0.00994052 0.00815916 0.00808038 0.00850129 0.00819993 0.00853227 
0.00814307 0.0104244 0.0100133 0.00946381 0.00829193 0.00802823 0.0110191 0.00920578 0.0117292 0.00955799 0.00861765 0.00823976 0.00911947 0.00952562 0.0086208 0.0146853 0.0134537 0.0198471 0.0100367 0.0101315 0.111314 0.0195998 0.0445413 0.0198283 0.0157928 0.00366262 0 0.00362111 0.00358553 0.00379396 0.00379645 0.00512549 0.00583277 0.00711729 0.0121404 0.933107 0.0131132 0.00971123 0.0451297 0.011228 0.0128204 0.0226016 0.00993739 0.0113591 0.00865086 0.0212805 0.00933771 0.0129246 0.00863311 0.0127748 0.0087049 0.00859112 0.00824202 0.00956145 0.0091354 0.0101354 0.00835246 0.00933217 0.00839149 0.00928449 0.00904445 0.00860818 0.00832653 0.00817145 0.0081687 0.00846773 0.0081471 0.00868428 0.00827315 0.00820719 0.0084438 0.00846023 
0.00884498 0.00895681 0.0110137 0.00905933 0.00819333 0.00917956 0.00876813 0.0111569 0.0100403 0.00876783 0.00816624 0.0100492 0.00864728 0.00844534 0.00899915 0.0097776 0.0163233 0.0107734 0.0119057 0.0158538 0.0176683 0.050992 0.0282876 0.0132557 0.00448715 0.00381524 0.00362111 0 0.00352556 0.00362079 0.00381758 0.00410173 0.00727642 0.00829459 0.937269 0.0120704 0.00793091 0.0147152 0.0094012 0.0255564 0.0205622 0.0104114 0.0148902 0.00890467 0.015054 0.00863005 0.00960158 0.00844701 0.0151356 0.00861272 0.00893159 0.00816016 0.00856554 0.00840395 0.0105693 0.00899305 0.00871218 0.00818102 0.00892339 0.00893899 0.00914615 0.00897442 0.00810112 0.00806587 0.00830022 0.00821121 0.00889563 0.00823956 0.00826745 0.00863987 0.00813693 0.00802886 
0.00811875 0.00896217 0.00917974 0.00863689 0.00823539 0.00802784 0.00860899 0.00912453 0.00981801 0.00850006 0.00824487 0.00808427 0.00851055 0.00850925 0.00818074 0.00965242 0.00969474 0.0132227 0.00898626 0.00924007 0.0382274 0.0365784 0.0186509 0.013326 0.00532491 0.00355788 0.00358553 0.00352556 0 0.00355129 0.00359109 0.00417203 0.00598964 0.959027 0.0123082 0.00726447 0.00601391 0.00935661 0.0159016 0.0124425 0.0152146 0.0151432 0.00916367 0.00983298 0.00863631 0.00932358 0.00883958 0.00967804 0.00836693 0.0105745 0.00850522 0.00825105 0.00808339 0.0094241 0.00869732 0.00870319 0.00827197 0.00822913 0.00821443 0.00905282 0.00880988 0.00849265 0.00814322 0.00803936 0.00806112 0.00826588 0.008105 0.00808092 0.00808265 0.00810916 0.00810344 0.00804524 
0.00820441 0.00831632 0.00857223 0.00824496 0.00798554 0.00822411 0.00822411 0.00840673 0.00847238 0.00818387 0.007981 0.00856548 0.00832182 0.00826704 0.00817179 0.0085679 0.00951213 0.0100947 0.00925263 0.0117898 0.0153045 0.012903 0.0286635 0.0136123 0.00704302 0.00391687 0.00379396 0.00362079 0.00355129 0 0.00362382 0.00504796 0.98755 0.00666213 0.00840904 0.00569464 0.00630861 0.010028 0.0098521 0.0105016 0.00955444 0.00884001 0.01081 0.0084196 0.00900976 0.0090781 0.00897841 0.00824539 0.0100718 0.00839786 0.00834395 0.008128 0.00821101 0.008099 0.00827205 0.00838498 0.00821445 0.00811858 0.00827672 0.00817969 0.00826891 0.00821725 0.00804162 0.00799879 0.00807421 0.00809279 0.00824711 0.00801206 0.00812122 0.00804114 0.00796842 0.00799609 
0.0081985 0.00815066 0.00808421 0.00801391 0.00801821 0.00832332 0.00806032 0.00810743 0.00815025 0.00799428 0.00804025 0.00980277 0.00811938 0.00806291 0.00841184 0.0111225 0.0086758 0.00863561 0.00981816 0.0202803 0.0106284 0.00979368 0.0111519 0.0198987 0.00948512 0.00546224 0.00379645 0.00381758 0.00359109 0.00362382 0 0.98642 0.00453859 0.00431423 0.00418722 0.00492461 0.0056751 0.0138573 0.00995417 0.00888563 0.00901515 0.00911805 0.00889096 0.00903756 0.00988477 0.00865545 0.0107096 0.0117904 0.00830323 0.00827297 0.00865905 0.00927953 0.00797557 0.00813853 0.00808905 0.00809689 0.00814608 0.00923162 0.00803067 0.0080759 0.0080606 0.00804278 0.0080003 0.00831684 0.00797176 0.00797675 0.00802378 0.00821012 0.00799085 0.00796285 0.00798806 0.00832249 
0.00827648 0.00813835 0.00819755 0.00805186 0.00819549 0.00849322 0.00804017 0.00816062 0.00815206 0.00821245 0.0083469 0.00864367 0.00810832 0.00821071 0.00951757 0.00890107 0.00833678 0.00857848 0.0107565 0.0123708 0.00958578 0.00941773 0.0101668 0.0144997 0.0118658 0.0064444 0.00512549 0.00410173 0.00417203 0.00504796 0.98642 0 0.00412379 0.00373324 0.00392693 0.00400476 0.00780263 0.0250112 0.00926357 0.00924681 0.0088473 0.00866517 0.0104012 0.0111286 0.00956678 0.00881816 0.0140281 0.0087394 0.00841368 0.0083073 0.0106421 0.00832701 0.00805415 0.0080724 0.00809542 0.00827552 0.00941228 0.00832703 0.00814046 0.0081167 0.00812638 0.00807555 0.00827768 0.00807045 0.00799203 0.00802098 0.00898127 0.00819612 0.00804767 0.00821007 0.00813974 0.00865401 
0.00806392 0.00837167 0.00839455 0.00824233 0.00804232 0.00808777 0.00817674 0.00839122 0.00823036 0.00830184 0.00805694 0.0082771 0.0082274 0.00832993 0.00859318 0.00853999 0.00874045 0.00908668 0.00862046 0.0102767 0.0129654 0.0103561 0.0116933 0.0108217 0.00978706 0.00660647 0.00583277 0.00727642 0.00598964 0.98755 0.00453859 0.00412379 0 0.00368968 0.00371546 0.00406934 0.00401375 0.0117276 0.0122656 0.00974771 0.00936206 0.00972842 0.00981958 0.00862313 0.00880071 0.00936694 0.00901926 0.00881387 0.00857772 0.00832324 0.0088834 0.00824187 0.00807304 0.00821287 0.00824734 0.0083313 0.0083409 0.00821305 0.00816666 0.00820287 0.00820346 0.00817871 0.00805802 0.00806946 0.00800637 0.00806859 0.00821982 0.00810211 0.00814473 0.00808778 0.00801323 0.00807206 
0.00814881 0.00859557 0.00874431 0.00846326 0.00800274 0.00812452 0.00872933 0.00865716 0.00892265 0.00831334 0.00803416 0.00835979 0.00829822 0.00825735 0.00825131 0.00875072 0.00897768 0.00905144 0.0086242 0.00946416 0.0118878 0.0144732 0.0106384 0.00981741 0.00833642 0.00702652 0.00711729 0.00829459 0.959027 0.00666213 0.00431423 0.00373324 0.00368968 0 0.00393925 0.00362772 0.00365789 0.0110961 0.01076 0.0134867 0.012756 0.0106929 0.00917959 0.0088306 0.00903704 0.00869475 0.00900307 0.00896061 0.00862338 0.00859845 0.00855374 0.00818992 0.00808776 0.00844743 0.00868883 0.00838314 0.00827498 0.00824266 0.00832157 0.00855163 0.00865021 0.00821768 0.00810022 0.0080423 0.0081179 0.00816037 0.00816733 0.00812232 0.00809991 0.00811914 0.00801356 0.00800947 
0.00821043 0.00864883 0.00893735 0.00843027 0.00804379 0.00830296 0.00833122 0.00909431 0.00902107 0.00828486 0.00804879 0.00859878 0.00833346 0.00832752 0.00842663 0.00883541 0.00985807 0.00938994 0.00870679 0.0103992 0.0128379 0.0229088 0.0103228 0.00965869 0.00867505 0.00823413 0.0121404 0.937269 0.0123082 0.00840904 0.00418722 0.00392693 0.00371546 0.00393925 0 0.00362187 0.00359585 0.0112828 0.0119521 0.0171381 0.0158479 0.011428 0.00973077 0.00943639 0.00982162 0.00873633 0.00909629 0.00914074 0.00924093 0.00871871 0.00855144 0.00829208 0.00821144 0.00877177 0.00872648 0.00843137 0.00836408 0.00835039 0.00841031 0.00895505 0.00864694 0.00831801 0.0080797 0.00809403 0.00813086 0.00815263 0.00826562 0.00812654 0.00815561 0.00818577 0.00800254 0.00801374 
0.00808438 0.00855326 0.00849849 0.0085476 0.00802274 0.0080645 0.00835518 0.00858166 0.00867932 0.00833134 0.00801824 0.00833081 0.00849779 0.00831586 0.00813761 0.00899988 0.00987031 0.0103607 0.00862687 0.00954495 0.016348 0.010618 0.0217433 0.0104984 0.0106425 0.0128673 0.933107 0.0120704 0.00726447 0.00569464 0.00492461 0.00400476 0.00406934 0.00362772 0.00362187 0 0.00372591 0.00977519 0.019301 0.0138029 0.0121908 0.0125441 0.0122526 0.00885569 0.00879436 0.0109298 0.00942146 0.00925033 0.00921496 0.00908411 0.00857839 0.00829202 0.00823997 0.00837225 0.00845706 0.00857638 0.00833671 0.00840243 0.00859217 0.00860022 0.0085248 0.00826766 0.00820377 0.00807582 0.0081403 0.00817182 0.00811743 0.00810349 0.0081361 0.0080483 0.00797686 0.00798496 
0.00875019 0.00826619 0.00828616 0.00807562 0.00811337 0.00903849 0.00814193 0.00829181 0.00826536 0.00808713 0.00807624 0.0104838 0.0082529 0.00815223 0.00877412 0.0121177 0.00924418 0.00875946 0.0117295 0.022146 0.00978819 0.0099903 0.0125576 0.0288268 0.0160414 0.952853 0.0131132 0.00793091 0.00601391 0.00630861 0.0056751 0.00780263 0.00401375 0.00365789 0.00359585 0.00372591 0 0.0400148 0.0109335 0.0109607 0.0118891 0.0111807 0.0157911 0.0128804 0.0139496 0.00891743 0.020987 0.0128631 0.00977757 0.00849182 0.00993092 0.0111066 0.00818247 0.00822795 0.00837507 0.00842117 0.00860328 0.0101053 0.00845745 0.00822077 0.00818681 0.00819323 0.00815019 0.00876615 0.00816948 0.0080073 0.00849637 0.00858215 0.00808818 0.00806645 0.00805644 0.00885298 
0.00830241 0.00834647 0.00847742 0.00825976 0.00842848 0.00885373 0.00812413 0.00842772 0.00842416 0.00841747 0.00837401 0.00874425 0.00808065 0.00811424 0.00934038 0.00948598 0.00902882 0.0088776 0.0134354 0.0220689 0.0118872 0.0113119 0.0113035 0.0171574 0.0185717 0.0287415 0.00971123 0.0147152 0.00935661 0.010028 0.0138573 0.0250112 0.0117276 0.0110961 0.0112828 0.00977519 0.0400148 0 0.00427519 0.0035735 0.00357815 0.00355373 0.00385781 0.00449969 0.00810348 0.00626631 0.0214049 0.0243475 0.0167091 0.0101 0.0241803 0.00950586 0.0089387 0.00878923 0.00945947 0.0101234 0.016574 0.00880749 0.00922633 0.00880343 0.00909654 0.00920457 0.0102427 0.00836728 0.008347 0.00832068 0.0140172 0.00837732 0.00808544 0.00880598 0.00850769 0.00897866 
0.00834926 0.00883432 0.00924341 0.00895579 0.00838749 0.00807065 0.00963106 0.00907937 0.00969073 0.00882384 0.00826554 0.00816866 0.00863947 0.00865426 0.0082122 0.010114 0.0111008 0.0130482 0.00947537 0.0106379 0.0687426 0.0224194 0.0233457 0.011807 0.0131494 0.00959988 0.0451297 0.0094012 0.0159016 0.0098521 0.00995417 0.00926357 0.0122656 0.01076 0.0119521 0.019301 0.0109335 0.00427519 0 0.00357978 0.00357489 0.00355626 0.00388077 0.00376775 0.00383529 0.0141636 0.00657967 0.0490115 0.0228638 0.0375839 0.00991315 0.0101344 0.00972904 0.0177296 0.0138865 0.0157322 0.0096397 0.00987952 0.0113926 0.0177918 0.0158086 0.0122941 0.00925254 0.00842997 0.00870529 0.00939822 0.00863341 0.00850189 0.00876547 0.00838188 0.00830993 0.00810888 
0.00829843 0.00889411 0.00977604 0.00922819 0.00828141 0.00825261 0.00876894 0.009482 0.0103675 0.0087629 0.00815566 0.00834264 0.00862291 0.00860363 0.0082208 0.0094233 0.0142104 0.0131951 0.00972674 0.0117821 0.0364241 0.0731935 0.0233355 0.0119426 0.00942971 0.0134789 0.011228 0.0255564 0.0124425 0.0105016 0.00888563 0.00924681 0.00974771 0.0134867 0.0171381 0.0138029 0.0109607 0.0035735 0.00357978 0 0.0035609 0.00355739 0.00354723 0.00356705 0.0103193 0.00513501 0.00810251 0.0255837 0.0587353 0.0190088 0.0113021 0.00916912 0.0122806 0.01497 0.0330016 0.0130361 0.0098831 0.00899605 0.0160001 0.0285369 0.0373102 0.0133553 0.00896508 0.00856091 0.00932171 0.00882249 0.00871662 0.00846636 0.00848456 0.00871619 0.00818849 0.00806861 
0.00837303 0.00880969 0.0099968 0.00933425 0.00857361 0.00823866 0.00858011 0.0108048 0.0106115 0.00880355 0.00827148 0.0083623 0.0085921 0.00867746 0.00829804 0.00940575 0.0155809 0.013782 0.0106153 0.0108331 0.0411124 0.0618319 0.034092 0.0120038 0.00936603 0.0111348 0.0128204 0.0205622 0.0152146 0.00955444 0.00901515 0.0088473 0.00936206 0.012756 0.0158479 0.0121908 0.0118891 0.00357815 0.00357489 0.0035609 0 0.00352855 0.00356029 0.00357377 0.00368759 0.00474054 0.00792075 0.0268559 0.036839 0.0255519 0.0126575 0.00925691 0.011103 0.0209368 0.0274709 0.0152329 0.0105488 0.00886164 0.0147367 0.0487001 0.0378154 0.016769 0.00912807 0.00845639 0.00923244 0.00932915 0.00930397 0.00828232 0.0086111 0.00866806 0.00829673 0.00807415 
0.00824968 0.00887725 0.00935704 0.00905626 0.00857956 0.00811414 0.00892087 0.00939909 0.0103872 0.0089313 0.00831799 0.00809667 0.00848415 0.0086385 0.00834007 0.00914981 0.0122006 0.0148762 0.0102175 0.00960374 0.0357165 0.0629607 0.0210981 0.0116404 0.0100066 0.009057 0.0226016 0.0104114 0.0151432 0.00884001 0.00911805 0.00866517 0.00972842 0.0106929 0.011428 0.0125441 0.0111807 0.00355373 0.00355626 0.00355739 0.00352855 0 0.0035314 0.00352553 0.00356976 0.00760584 0.00486277 0.0304715 0.0199388 0.054187 0.0106582 0.00919592 0.0106581 0.0237132 0.0219685 0.0161829 0.00956178 0.00905096 0.0119532 0.0375103 0.0342488 0.0132735 0.00945633 0.00854356 0.00874447 0.00981425 0.00853508 0.00826818 0.00862517 0.00867519 0.00829692 0.00803641 
0.00818004 0.00851038 0.00893713 0.00880372 0.00819235 0.0081448 0.00840912 0.0087398 0.00908205 0.00880664 0.00806252 0.00847787 0.00838366 0.00854202 0.00812419 0.008634 0.010689 0.0120777 0.0119447 0.0116218 0.0196122 0.0218153 0.0340842 0.0141309 0.00917698 0.0146645 0.00993739 0.0148902 0.00916367 0.01081 0.00889096 0.0104012 0.00981958 0.00917959 0.00973077 0.0122526 0.0157911 0.00385781 0.00388077 0.00354723 0.00356029 0.0035314 0 0.00355088 0.00360166 0.0139958 0.0061455 0.0116797 0.0453412 0.0259118 0.0176744 0.0103295 0.0113427 0.0102477 0.0169252 0.0224984 0.0137169 0.00884576 0.0147431 0.0126149 0.0146709 0.0202805 0.0100169 0.0085688 0.00927869 0.00865013 0.00937278 0.00815379 0.00837858 0.00883124 0.00823228 0.00807658 
0.00834295 0.00819133 0.00874452 0.00827087 0.00833411 0.00822324 0.00847247 0.00846238 0.00853216 0.00806776 0.00828057 0.00820112 0.00813697 0.00816216 0.00811175 0.00967483 0.00913318 0.00906152 0.0106274 0.0122582 0.0122456 0.0135495 0.0117467 0.0133827 0.011963 0.012017 0.0113591 0.00890467 0.00983298 0.0084196 0.00903756 0.0111286 0.00862313 0.0088306 0.00943639 0.00885569 0.0128804 0.00449969 0.00376775 0.00356705 0.00357377 0.00352553 0.00355088 0 0.00420751 0.00381455 0.0043084 0.0331639 0.0100426 0.0132049 0.0137565 0.0125764 0.00856283 0.0129831 0.0124582 0.01043 0.0109397 0.0109153 0.00903394 0.0104384 0.0112375 0.00929707 0.0108292 0.00905804 0.00821653 0.00867004 0.00880701 0.00838748 0.00832675 0.00810352 0.00835151 0.00833291 
0.00822619 0.00818734 0.00840309 0.00817218 0.00822668 0.00848097 0.00808988 0.00845359 0.00840842 0.00812673 0.00820456 0.00865061 0.00805351 0.0081417 0.00842709 0.00872921 0.00847535 0.00977859 0.0105646 0.00960033 0.0106529 0.0179277 0.0100231 0.0123234 0.00918826 0.01551 0.00865086 0.015054 0.00863631 0.00900976 0.00988477 0.00956678 0.00880071 0.00903704 0.00982162 0.00879436 0.0139496 0.00810348 0.00383529 0.0103193 0.00368759 0.00356976 0.00360166 0.00420751 0 0.00501446 0.0036455 0.0233714 0.0360662 0.0100282 0.0163415 0.00884903 0.00898585 0.0089806 0.0156849 0.00974614 0.0136463 0.0084077 0.00901916 0.00956516 0.00996839 0.00937192 0.00871325 0.00818594 0.0083008 0.00827478 0.0106406 0.00832083 0.00804449 0.00863424 0.00855939 0.00828227 
0.00823622 0.00841071 0.00860921 0.00868224 0.00824539 0.00795445 0.00836237 0.00843878 0.00882785 0.00832781 0.0079961 0.00798827 0.00824517 0.00823615 0.00802549 0.00856716 0.00892126 0.0102634 0.00863363 0.00877685 0.0199034 0.0110835 0.0224457 0.00957296 0.0110741 0.00872001 0.0212805 0.00863005 0.00932358 0.0090781 0.00865545 0.00881816 0.00936694 0.00869475 0.00873633 0.0109298 0.00891743 0.00626631 0.0141636 0.00513501 0.00474054 0.00760584 0.0139958 0.00381455 0.00501446 0 0.00373339 0.0173823 0.0273903 0.132675 0.0114876 0.00951533 0.00896717 0.0104731 0.00936635 0.0202884 0.0089782 0.0088075 0.00915912 0.00951843 0.0101348 0.010939 0.00869217 0.00826125 0.00825473 0.00871752 0.00836548 0.00810591 0.0084165 0.00827558 0.0081733 0.0080019 
0.00843893 0.00835494 0.00892577 0.0083033 0.00850511 0.00821899 0.00815991 0.00865352 0.00977528 0.00816736 0.00857365 0.00858684 0.0080869 0.00811698 0.00870229 0.00932662 0.00899216 0.0087619 0.0122368 0.0142921 0.0107274 0.0154356 0.0156402 0.0294273 0.0138925 0.0220922 0.00933771 0.00960158 0.00883958 0.00897841 0.0107096 0.0140281 0.00901926 0.00900307 0.00909629 0.00942146 0.020987 0.0214049 0.00657967 0.00810251 0.00792075 0.00486277 0.0061455 0.0043084 0.0036455 0.00373339 0 0.0233145 0.0171931 0.0847768 0.216331 0.0132063 0.00959199 0.009953 0.0175051 0.0143823 0.0272195 0.0120062 0.0103438 0.00941551 0.0106188 0.0130924 0.0136314 0.00942434 0.00859499 0.00869153 0.0100737 0.00863068 0.00817631 0.0083404 0.00860325 0.0088201 
0.00838409 0.00888109 0.00851186 0.0084868 0.00860198 0.00827035 0.00846448 0.00844419 0.00854635 0.00827977 0.00836849 0.00815537 0.00824752 0.0081707 0.0082384 0.00930193 0.0086659 0.00861661 0.00906697 0.00905636 0.0114414 0.00947823 0.00916914 0.0121168 0.0179449 0.00883128 0.0129246 0.00844701 0.00967804 0.00824539 0.0117904 0.0087394 0.00881387 0.00896061 0.00914074 0.00925033 0.0128631 0.0243475 0.0490115 0.0255837 0.0268559 0.0304715 0.0116797 0.0331639 0.0233714 0.0173823 0.0233145 0 0.0038611 0.0036958 0.00372268 0.0061496 0.00603961 0.0570561 0.0227565 0.0670846 0.0274763 0.0412081 0.0117429 0.014457 0.0124099 0.00999638 0.0188715 0.0132212 0.00905269 0.0124723 0.0170644 0.0124869 0.0100486 0.00885797 0.0190547 0.0121584 
0.00843668 0.00868124 0.00883568 0.00881717 0.00847232 0.00821905 0.00837932 0.00864364 0.00895011 0.00834525 0.00816939 0.00823648 0.00824585 0.00815863 0.00815936 0.00847664 0.00900279 0.00879107 0.00878662 0.00923212 0.0122101 0.0135431 0.0114615 0.00897509 0.0084836 0.0103898 0.00863311 0.0151356 0.00836693 0.0100718 0.00830323 0.00841368 0.00857772 0.00862338 0.00924093 0.00921496 0.00977757 0.0167091 0.0228638 0.0587353 0.036839 0.0199388 0.0453412 0.0100426 0.0360662 0.0273903 0.0171931 0.0038611 0 0.0037888 0.00360125 0.00521249 0.0367636 0.0151076 0.1122 0.0250728 0.00716803 0.0114764 0.0832354 0.0161204 0.0270482 0.0231039 0.009621 0.00963392 0.0227589 0.00982214 0.01447 0.00945292 0.00964883 0.0151318 0.00887457 0.00841512 
