1I39A
MKAGIDEAGKGCVIGPLVVAGVACSDEDRLRKLGVKDSKKLSQGRREELAEEIRKICRTEVLKVSPENLDERMAAKTINEILKECYAEIILRLKPEIAYVDSPDVIPERLSRELEEITGLRVVAEHKADEKYPLVAAASIIAKVEREREIERLKEKFGDFGSGYASDPRTREVLKEWIASGRIPSCVRMRWKTVSNLRQK
CEEEEEEECCCCCECCEEEEEEEECCHHHHHHCCCCCCCCCCHHHHHHHHHHHHHHEEEEEEEECHHHHHHHCCCCCHHHHHHHHHHHHHHHHCCCEEEEEECCCCCHHHHHHHHHHHCCEEEEEECHHHCCHHHHHHHHHHHHHHHHHHHHHHHHHCCCCCCCCCCHHHHHHHHHHHHHCCCCCCECCCCHHHHHHHCC
0 0 0 0 0 0 0 0 0 0 0 0 0 0 0 0 0 0 0 0 0 0 0 0 0 0 0 0 0 0 0 0 0 0 0 0 0 0 0 0 0 0 0 0 0 0 0 0 0 0 0 0 0 0 0 0 0 0 0 0 0 0 0 0 0 0 0 0 0 0 0 0 0 0 0 0 0 0 0 0 0 0 0 0 0 0 0 0 0 0 0 0 0 0 0 0 0 0 0 0 0 0 0 0 0 0 0 0 0 0 0 0 0 0 0 0 0 0 0 0 0 0 0 0 0 0 0 0 0 0 0 0 0 0 0 0 0 0 0 0 0 0 0 0 0 0 0 0 0 0 0 0 0 0 0 0 0 0 0 0 0 0 0 0 0 0 0 0 0 0 0 0 0 0 0 0 0 0 0 0 0 0 0 0 0 0 0 0 0 0 0 0 0 0 0 0 0 0 0 0 
0 0 0 0 0 0 0 0 0 0 0 0 0 0 0 0 0 0 0 0 0 0 0 0 0 0 0 0 0 0 0 0 0 0 0 0 0 0 0 0 0 0 0 0 0 0 0 0 0 0 0 0 0 0 0 0 0 0 0 0 0 0 0 0 0 0 0 0 0 0 0 0 0 0 0 0 0 0 0 0 0 0 0 0 0 0 0 0 0 0 0 0 0 0 0 0 0 0 0 0 0 0 0 0 0 0 0 0 0 0 0 0 0 0 0 0 0 0 0 0 0 0 0 0 0 0 0 0 0 0 0 0 0 0 0 0 0 0 0 0 0 0 0 0 0 0 0 0 0 0 0 0 0 0 0 0 0 0 0 0 0 0 0 0 0 0 0 0 0 0 0 0 0 0 0 0 0 0 0 0 0 0 0 0 0 0 0 0 0 0 0 0 0 0 0 0 0 0 0 0 
0 0.00440472 0.00361476 0.0036775 0.003726 0.00424438 0.00616674 0.0131452 0.024674 0.0298218 0.0247245 0.0284107 0.0161936 0.0404557 0.0728929 0.355505 0.0135009 0.0108881 0.0111962 0.0122857 0.0121218 0.00966702 0.0137153 0.0142327 0.0122044 0.0103183 0.0131133 0.0108394 0.0100165 0.0113999 0.0100326 0.00909809 0.00939659 0.00873032 0.00862633 0.0085649 0.00834198 
0.00440472 0 0.00364412 0.00362631 0.00363333 0.00386148 0.003642 0.00836094 0.015698 0.0219727 0.0357146 0.0187615 0.0392174 0.0534295 0.356368 0.022977 0.0143812 0.0119483 0.0211321 0.0150886 0.0121308 0.0284979 0.0132214 0.0147816 0.0134356 0.0209571 0.0143228 0.0178798 0.0100407 0.00944017 0.0083243 0.0114514 0.00900161 0.0100989 0.00845862 0.00925222 0.00804414 
0.00361476 0.00364412 0 0.00367617 0.00362184 0.00363032 0.00637119 0.00610257 0.00963327 0.0284915 0.0223646 0.0447801 0.0566518 0.472099 0.0345372 0.011502 0.00980259 0.0214296 0.0133559 0.0245494 0.0322947 0.0143212 0.0217863 0.00932246 0.0103837 0.0150757 0.0442943 0.0189349 0.0148726 0.00926547 0.00886479 0.00947245 0.012461 0.0105173 0.0088852 0.00823568 0.00804136 
0.0036775 0.00362631 0.00367617 0 0.00377592 0.00357562 0.00357166 0.00630139 0.0112043 0.0126257 0.0587144 0.0469638 0.511181 0.0309044 0.0276101 0.0130912 0.0119766 0.0103996 0.0249879 0.022503 0.0204548 0.0295951 0.00981135 0.0118135 0.0094402 0.0144616 0.0238712 0.0334329 0.0111763 0.0095362 0.00828276 0.0100627 0.0102495 0.0110355 0.00863018 0.00840302 0.00797566 
0.003726 0.00363333 0.00362184 0.00377592 0 0.00354046 0.00353075 0.00660209 0.00895031 0.0148296 0.0317517 0.431457 0.0187253 0.0274814 0.0144435 0.0126012 0.00938157 0.0123037 0.015934 0.0197325 0.0192077 0.0141705 0.0113021 0.00963773 0.00879653 0.012054 0.0273852 0.0162009 0.0114696 0.00870951 0.00823361 0.0088286 0.0102614 0.00921447 0.00844045 0.00816655 0.00797397 
0.00424438 0.00386148 0.00363032 0.00357562 0.00354046 0 0.00353602 0.00562609 0.0152946 0.0356044 0.323968 0.0171808 0.0203382 0.0135889 0.0332771 0.0097642 0.0169765 0.0217785 0.0137388 0.0118615 0.0151493 0.0114916 0.0195348 0.00927014 0.00984151 0.0138535 0.0182647 0.0138842 0.0142966 0.00923044 0.00900099 0.00953065 0.00981499 0.00892592 0.00861754 0.00825182 0.00805288 
0.00616674 0.003642 0.00637119 0.00357166 0.00353075 0.00353602 0 0.0319334 0.0687416 0.280471 0.0175611 0.0106209 0.00920902 0.0120214 0.0111214 0.0231067 0.0192385 0.0107226 0.00954154 0.0100636 0.00906405 0.00957959 0.00937097 0.016506 0.0127618 0.00938526 0.00939131 0.00956374 0.00957326 0.0107726 0.00965127 0.00864247 0.00831965 0.00845967 0.00830415 0.00899824 0.00859422 
0.0131452 0.00836094 0.00610257 0.00630139 0.00660209 0.00562609 0.0319334 0 0.0250846 0.00486785 0.00401555 0.00392245 0.00414916 0.00474438 0.00707309 0.0103106 0.0149138 0.00920089 0.00880754 0.00878387 0.00870797 0.00880822 0.0102633 0.0164675 0.0125874 0.00898842 0.00878699 0.00864246 0.00913438 0.011037 0.0098329 0.00840367 0.00824786 0.00821159 0.00813892 0.00934567 0.0100647 
0.024674 0.015698 0.00963327 0.0112043 0.00895031 0.0152946 0.0687416 0.0250846 0 0.00367735 0.00359531 0.00362817 0.00365814 0.00367202 0.00432794 0.00820222 0.0592694 0.0114247 0.0125004 0.0124296 0.0109618 0.0114499 0.0129846 0.104102 0.0170219 0.0135201 0.0126936 0.0117326 0.0105585 0.016805 0.00969519 0.00926422 0.00908085 0.00902558 0.00893671 0.0116228 0.00863483 
0.0298218 0.0219727 0.0284915 0.0126257 0.0148296 0.0356044 0.280471 0.00486785 0.00367735 0 0.00361853 0.00361268 0.00364916 0.00368614 0.00454465 0.00435496 0.0203835 0.038026 0.0183478 0.0202699 0.0174755 0.0192415 0.106283 0.0113289 0.0140956 0.0270233 0.0312382 0.0235671 0.0197788 0.00996817 0.00884763 0.0107147 0.0107925 0.0101433 0.00987267 0.00867929 0.00805143 
0.0247245 0.0357146 0.0223646 0.0587144 0.0317517 0.323968 0.0175611 0.00401555 0.00359531 0.00361853 0 0.00359566 0.00357731 0.00360375 0.00361338 0.00375493 0.0233201 0.0242695 0.0536918 0.0320077 0.0347565 0.140846 0.0164294 0.0115237 0.0126907 0.0241696 0.0643973 0.052298 0.0193105 0.0103466 0.00926394 0.0118364 0.0147501 0.0149455 0.00939654 0.00887105 0.00804056 
0.0284107 0.0187615 0.0447801 0.0469638 0.431457 0.0171808 0.0106209 0.00392245 0.00362817 0.00361268 0.00359566 0 0.0035678 0.00360369 0.00359821 0.0036814 0.0192646 0.0284694 0.0383866 0.0522889 0.133491 0.0311853 0.013427 0.0130565 0.0134258 0.0309027 0.0603038 0.0629244 0.0201212 0.01135 0.00916533 0.0127339 0.0165279 0.015786 0.00946477 0.00883197 0.00813703 
0.0161936 0.0392174 0.0566518 0.511181 0.0187253 0.0203382 0.00920902 0.00414916 0.00365814 0.00364916 0.00357731 0.0035678 0 0.00354303 0.0035758 0.00364108 0.0269035 0.0349983 0.0298295 0.169334 0.0429202 0.0254217 0.0198693 0.0115209 0.0129056 0.0322637 0.0744593 0.0483344 0.0204895 0.0102459 0.0100212 0.0133772 0.0194008 0.015807 0.00950749 0.0087425 0.00809076 
0.0404557 0.0534295 0.472099 0.0309044 0.0274814 0.0135889 0.0120214 0.00474438 0.00367202 0.00368614 0.00360375 0.00360369 0.00354303 0 0.00356564 0.00356238 0.0243853 0.0413508 0.198575 0.035767 0.0357625 0.0500773 0.0136491 0.0132998 0.0129181 0.0319635 0.0569406 0.0599473 0.0163982 0.010585 0.00967536 0.015159 0.0162436 0.0154065 0.00916559 0.00916928 0.00804517 
0.0728929 0.356368 0.0345372 0.0276101 0.0144435 0.0332771 0.0111214 0.00707309 0.00432794 0.00454465 0.00361338 0.00359821 0.0035758 0.00356564 0 0.00365782 0.0149276 0.191369 0.0160976 0.0278342 0.0241378 0.0172016 0.0850341 0.0118457 0.0110849 0.0156609 0.0270665 0.0180337 0.022804 0.00964787 0.01028 0.0100678 0.0115379 0.0104691 0.00973364 0.00846447 0.00806474 
0.355505 0.022977 0.011502 0.0130912 0.0126012 0.0097642 0.0231067 0.0103106 0.00820222 0.00435496 0.00375493 0.0036814 0.00364108 0.00356238 0.00365782 0 0.150129 0.00981261 0.020506 0.0125354 0.0121667 0.0147837 0.013823 0.121366 0.0159729 0.0108711 0.0106679 0.0114454 0.00958589 0.0125594 0.0116856 0.00925137 0.00877595 0.00902632 0.00845674 0.0089367 0.00890576 
0.0135009 0.0143812 0.00980259 0.0119766 0.00938157 0.0169765 0.0192385 0.0149138 0.0592694 0.0203835 0.0233201 0.0192646 0.0269035 0.0243853 0.0149276 0.150129 0 0.00356177 0.00357996 0.00357464 0.00361773 0.00380087 0.00368417 0.0216647 0.0202052 0.0124297 0.010722 0.0121947 0.0104486 0.0221796 0.00881814 0.0114008 0.00910077 0.0107131 0.00965022 0.0176796 0.00847098 
0.0108881 0.0119483 0.0214296 0.0103996 0.0123037 0.0217785 0.0107226 0.00920089 0.0114247 0.038026 0.0242695 0.0284694 0.0349983 0.0413508 0.191369 0.00981261 0.00356177 0 0.00353216 0.00355419 0.00357048 0.00352459 0.00481582 0.00360275 0.0207181 0.0208887 0.0207989 0.0106872 0.0209052 0.00922043 0.00921684 0.00912936 0.0123495 0.00893523 0.0134367 0.00845885 0.00802476 
0.0111962 0.0211321 0.0133559 0.0249879 0.015934 0.0137388 0.00954154 0.00880754 0.0125004 0.0183478 0.0536918 0.0383866 0.0298295 0.198575 0.0160976 0.020506 0.00357996 0.00353216 0 0.00356842 0.003554 0.00357558 0.00356778 0.00379871 0.0293073 0.0256653 0.0197863 0.0501545 0.0105365 0.0103093 0.00881925 0.0147612 0.0102002 0.0255302 0.00892216 0.00899399 0.0080229 
0.0122857 0.0150886 0.0245494 0.022503 0.0197325 0.0118615 0.0100636 0.00878387 0.0124296 0.0202699 0.0320077 0.0522889 0.169334 0.035767 0.0278342 0.0125354 0.00357464 0.00355419 0.00356842 0 0.00362634 0.00353492 0.00365992 0.00367581 0.022359 0.0312878 0.0579762 0.0244229 0.0126973 0.00938041 0.00914715 0.0118228 0.0211133 0.0193079 0.012574 0.00939233 0.00799963 
0.0121218 0.0121308 0.0322947 0.0204548 0.0192077 0.0151493 0.00906405 0.00870797 0.0109618 0.0174755 0.0347565 0.133491 0.0429202 0.0357625 0.0241378 0.0121667 0.00361773 0.00357048 0.003554 0.00362634 0 0.0035511 0.00360771 0.00358241 0.0179063 0.0364454 0.0535366 0.0302727 0.014319 0.00913551 0.00996578 0.0123398 0.0257281 0.0123096 0.0118457 0.00854843 0.00801242 
0.00966702 0.0284979 0.0143212 0.0295951 0.0141705 0.0114916 0.00957959 0.00880822 0.0114499 0.0192415 0.140846 0.0311853 0.0254217 0.0500773 0.0172016 0.0147837 0.00380087 0.00352459 0.00357558 0.00353492 0.0035511 0 0.00353368 0.00367551 0.0235641 0.0275626 0.0384317 0.06638 0.0118182 0.0100367 0.00948914 0.0262924 0.0109493 0.0234444 0.00876824 0.00994885 0.00801787 
0.0137153 0.0132214 0.0217863 0.00981135 0.0113021 0.0195348 0.00937097 0.0102633 0.0129846 0.106283 0.0164294 0.013427 0.0198693 0.0136491 0.0850341 0.013823 0.00368417 0.00481582 0.00356778 0.00365992 0.00360771 0.00353368 0 0.00356919 0.0126969 0.0259879 0.0416584 0.0184538 0.0697932 0.0107601 0.0196829 0.00937848 0.021313 0.00927107 0.0129269 0.00843836 0.00834786 
0.0142327 0.0147816 0.00932246 0.0118135 0.00963773 0.00927014 0.016506 0.0164675 0.104102 0.0113289 0.0115237 0.0130565 0.0115209 0.0132998 0.0118457 0.121366 0.0216647 0.00360275 0.00379871 0.00367581 0.00358241 0.00367551 0.00356919 0 0.0273454 0.0162212 0.0132715 0.0336458 0.0247886 0.0617649 0.0123563 0.0164979 0.00895378 0.0116805 0.00865469 0.0147561 0.00999378 
0.0122044 0.0134356 0.0103837 0.0094402 0.00879653 0.00984151 0.0127618 0.0125874 0.0170219 0.0140956 0.0126907 0.0134258 0.0129056 0.0129181 0.0110849 0.0159729 0.0202052 0.0207181 0.0293073 0.022359 0.0179063 0.0235641 0.0126969 0.0273454 0 0.00596063 0.00362562 0.00367301 0.00359997 0.00402015 0.619028 0.0232577 0.0169093 0.0111875 0.0108152 0.0251763 0.009402 
0.0103183 0.0209571 0.0150757 0.0144616 0.012054 0.0138535 0.00938526 0.00898842 0.0135201 0.0270233 0.0241696 0.0309027 0.0322637 0.0319635 0.0156609 0.0108711 0.0124297 0.0208887 0.0256653 0.0312878 0.0364454 0.0275626 0.0259879 0.0162212 0.00596063 0 0.00355866 0.0035485 0.00355685 0.00363313 0.0239708 0.638005 0.0144571 0.0257231 0.018386 0.012029 0.0082667 
0.0131133 0.0143228 0.0442943 0.0238712 0.0273852 0.0182647 0.00939131 0.00878699 0.0126936 0.0312382 0.0643973 0.0603038 0.0744593 0.0569406 0.0270665 0.0106679 0.010722 0.0207989 0.0197863 0.0579762 0.0535366 0.0384317 0.0416584 0.0132715 0.00362562 0.00355866 0 0.00353968 0.00355472 0.00355957 0.0510112 0.0195898 0.550113 0.0310327 0.0317556 0.0108279 0.00839168 
0.0108394 0.0178798 0.0189349 0.0334329 0.0162009 0.0138842 0.00956374 0.00864246 0.0117326 0.0235671 0.052298 0.0629244 0.0483344 0.0599473 0.0180337 0.0114454 0.0121947 0.0106872 0.0501545 0.0244229 0.0302727 0.06638 0.0184538 0.0336458 0.00367301 0.0035485 0.00353968 0 0.00354148 0.00353898 0.0126815 0.12457 0.0294573 0.526191 0.0109508 0.0172024 0.008249 
0.0100165 0.0100407 0.0148726 0.0111763 0.0114696 0.0142966 0.00957326 0.00913438 0.0105585 0.0197788 0.0193105 0.0201212 0.0204895 0.0163982 0.022804 0.00958589 0.0104486 0.0209052 0.0105365 0.0126973 0.014319 0.0118182 0.0697932 0.0247886 0.00359997 0.00355685 0.00355472 0.00354148 0 0.00356773 0.0248743 0.0222348 0.0519627 0.0161617 0.401237 0.0111577 0.00872343 
0.0113999 0.00944017 0.00926547 0.0095362 0.00870951 0.00923044 0.0107726 0.011037 0.016805 0.00996817 0.0103466 0.01135 0.0102459 0.010585 0.00964787 0.0125594 0.0221796 0.00922043 0.0103093 0.00938041 0.00913551 0.0100367 0.0107601 0.0617649 0.00402015 0.00363313 0.00355957 0.00353898 0.00356773 0 0.0228381 0.0181537 0.0132407 0.0302928 0.0148146 0.284258 0.0100314 
0.0100326 0.0083243 0.00886479 0.00828276 0.00823361 0.00900099 0.00965127 0.0098329 0.00969519 0.00884763 0.00926394 0.00916533 0.0100212 0.00967536 0.01028 0.0116856 0.00881814 0.00921684 0.00881925 0.00914715 0.00996578 0.00948914 0.0196829 0.0123563 0.619028 0.0239708 0.0510112 0.0126815 0.0248743 0.0228381 0 0.00378162 0.00362487 0.00358243 0.00421593 0.00455264 0.0153635 
0.00909809 0.0114514 0.00947245 0.0100627 0.0088286 0.00953065 0.00864247 0.00840367 0.00926422 0.0107147 0.0118364 0.0127339 0.0133772 0.015159 0.0100678 0.00925137 0.0114008 0.00912936 0.0147612 0.0118228 0.0123398 0.0262924 0.00937848 0.0164979 0.0232577 0.638005 0.0195898 0.12457 0.0222348 0.0181537 0.00378162 0 0.00355474 0.00357654 0.00373285 0.00366908 0.00993753 
0.00939659 0.00900161 0.012461 0.0102495 0.0102614 0.00981499 0.00831965 0.00824786 0.00908085 0.0107925 0.0147501 0.0165279 0.0194008 0.0162436 0.0115379 0.00877595 0.00910077 0.0123495 0.0102002 0.0211133 0.0257281 0.0109493 0.021313 0.00895378 0.0169093 0.0144571 0.550113 0.0294573 0.0519627 0.0132407 0.00362487 0.00355474 0 0.00371568 0.00359894 0.00359088 0.00995513 
0.00873032 0.0100989 0.0105173 0.0110355 0.00921447 0.00892592 0.00845967 0.00821159 0.00902558 0.0101433 0.0149455 0.015786 0.015807 0.0154065 0.0104691 0.00902632 0.0107131 0.00893523 0.0255302 0.0193079 0.0123096 0.0234444 0.00927107 0.0116805 0.0111875 0.0257231 0.0310327 0.526191 0.0161617 0.0302928 0.00358243 0.00357654 0.00371568 0 0.00353024 0.00354198 0.00936299 
0.00862633 0.00845862 0.0088852 0.00863018 0.00844045 0.00861754 0.00830415 0.00813892 0.00893671 0.00987267 0.00939654 0.00946477 0.00950749 0.00916559 0.00973364 0.00845674 0.00965022 0.0134367 0.00892216 0.012574 0.0118457 0.00876824 0.0129269 0.00865469 0.0108152 0.018386 0.0317556 0.0109508 0.401237 0.0148146 0.00421593 0.00373285 0.00359894 0.00353024 0 0.00359298 0.00866348 
0.0085649 0.00925222 0.00823568 0.00840302 0.00816655 0.00825182 0.00899824 0.00934567 0.0116228 0.00867929 0.00887105 0.00883197 0.0087425 0.00916928 0.00846447 0.0089367 0.0176796 0.00845885 0.00899399 0.00939233 0.00854843 0.00994885 0.00843836 0.0147561 0.0251763 0.012029 0.0108279 0.0172024 0.0111577 0.284258 0.00455264 0.00366908 0.00359088 0.00354198 0.00359298 0 0.0142069 
0.00834198 0.00804414 0.00804136 0.00797566 0.00797397 0.00805288 0.00859422 0.0100647 0.00863483 0.00805143 0.00804056 0.00813703 0.00809076 0.00804517 0.00806474 0.00890576 0.00847098 0.00802476 0.0080229 0.00799963 0.00801242 0.00801787 0.00834786 0.00999378 0.009402 0.0082667 0.00839168 0.008249 0.00872343 0.0100314 0.0153635 0.00993753 0.00995513 0.00936299 0.00866348 0.0142069 0 
