1I8AA
MVATAKYGTPVIDGEIDEIWNTTEEIETKAVAMGSLDKNATAKVRVLWDENYLYVLAIVKDPVLNKDNSNPWEQDSVEIFIDENNHKTGYYEDDDAQFRVNYMNEQTFGTGGSPARFKTAVKLIEGGYIVEAAIKWKTIKPTPNTVIGFNIQVNDANEKGQRVGIISWSDPTNNSWRDPSKFGNLRLIK
CEEEEEECCCCCCCCCCHHHHHCCEEECCEEEECCCCCCCEEEEEEEECCCEEEEEEEEECCCCCCCCCCHHHCCEEEEEEECCCCCCCCCCCCEEEEEEECCCCEEECCCCCHHHEEEEEEEECCEEEEEEEEECCCCCCCCCEEEEEEEEEEEECCCCCEEEEEECCCCCCCCCCCHHHCEEEEEEC
0 0 0 0 0 0 0 0 0 0 0 0 0 0 0 0 0 0 0 0 0 0 0 0 0 0 0 0 0 0 0 0 0 0 0 0 0 0 0 0 0 0 0 0 0 0 0 0 0 0 0 0 0 0 0 0 0 0 0 0 0 0 0 0 0 0 0 0 0 0 0 0 0 0 0 0 0 0 0 0 0 0 0 0 0 0 0 0 0 0 0 0 0 0 0 0 0 0 0 0 0 0 0 0 0 0 0 0 0 0 0 0 0 0 0 0 0 0 0 0 0 0 0 0 0 0 0 0 0 0 0 0 0 0 0 0 0 0 0 0 0 0 0 0 0 0 0 0 0 0 0 0 0 0 0 0 0 0 0 0 0 0 0 0 0 0 0 0 0 0 0 0 0 0 0 0 0 0 0 0 0 0 0 0 0 0 0 0 0 
0 0 0 0 0 0 0 0 0 0 0 0 0 0 0 0 0 0 0 0 0 0 0 0 0 0 0 0 0 0 0 0 0 0 0 0 0 0 0 0 0 0 0 0 0 0 0 0 0 0 0 0 0 0 0 0 0 0 0 0 0 0 0 0 0 0 0 0 0 0 0 0 0 0 0 0 0 0 0 0 0 0 0 0 0 0 0 0 0 0 0 0 0 0 0 0 0 0 0 0 0 0 0 0 0 0 0 0 0 0 0 0 0 0 0 0 0 0 0 0 0 0 0 0 0 0 0 0 0 0 0 0 0 0 0 0 0 0 0 0 0 0 0 0 0 0 0 0 0 0 0 0 0 0 0 0 0 0 0 0 0 0 0 0 0 0 0 0 0 0 0 0 0 0 0 0 0 0 0 0 0 0 0 0 0 0 0 0 0 
0 0.00449579 0.00382034 0.0036531 0.00416587 0.00936491 0.0690445 0.012171 0.0854459 0.0138659 0.0123671 0.00966852 0.0214947 0.0388188 0.00964703 0.0210099 0.0100545 0.0309406 0.0122912 0.0132583 0.0155318 0.0250088 0.0102666 0.0172711 0.0122866 0.0168115 0.010753 0.0193499 0.00890197 0.0302205 0.0174443 0.0095632 0.0134523 0.0106577 0.0134478 0.00996466 0.0124718 0.0096225 0.00871697 0.00935912 0.00884467 0.0105908 0.00891393 0.0113278 0.00882241 0.00821645 0.00937956 0.0086695 0.00862201 0.00839457 0.00853343 0.00850006 0.00857358 0.00822853 0.00885218 0.00852945 0.00867069 0.00862998 0.00851913 0.0089431 0.0085583 0.0107321 0.00834166 0.00926861 0.0085401 0.00815419 0.00827359 0.0086155 0.00821093 0.00843675 0.00867798 0.00881184 0.00823337 0.00828937 0.00812864 0.00872145 0.00833612 0.00824373 0.00831873 0.00850267 0.00815737 0.00874333 0.00823551 0.00870473 0.00811085 0.00840566 0.00844887 0.00878355 
0.00449579 0 0.00367067 0.00384305 0.00389685 0.00377345 0.0209136 0.124995 0.00939764 0.0268321 0.00979525 0.0198433 0.0102267 0.00950913 0.067272 0.0086733 0.0605787 0.010184 0.0328155 0.0135134 0.0118771 0.00923611 0.0455526 0.010758 0.0375096 0.0153255 0.0430972 0.00959755 0.0557692 0.00981787 0.00971306 0.0345653 0.0106396 0.0351806 0.0115608 0.018311 0.00894581 0.00830514 0.0133997 0.00920133 0.015174 0.0089499 0.016638 0.00852874 0.00824734 0.00827009 0.00830648 0.0109804 0.00821639 0.00948856 0.00872942 0.00950133 0.00827288 0.00876769 0.00825672 0.0085444 0.00871596 0.00881333 0.00997453 0.00874508 0.0124685 0.00875312 0.00955376 0.00819249 0.00816943 0.00823108 0.00872965 0.00849625 0.00930546 0.00836946 0.0103344 0.00839543 0.00918974 0.00842714 0.00834793 0.00809267 0.00830837 0.00820986 0.00866712 0.00863216 0.00840549 0.00818083 0.00823348 0.00816257 0.00869785 0.00827635 0.00892875 0.00832278 
0.00382034 0.00367067 0 0.00363109 0.00371255 0.00357868 0.0426226 0.00849862 0.0447622 0.00971273 0.0164918 0.0100027 0.0101634 0.017437 0.00863096 0.0904869 0.0091046 0.0853655 0.0119865 0.0150322 0.00937607 0.0137786 0.00908467 0.0572638 0.013662 0.041451 0.0120619 0.0872554 0.00878561 0.0157639 0.0124752 0.00894575 0.0708597 0.0132864 0.0387041 0.00975131 0.00916855 0.0092405 0.00873251 0.0233889 0.00990078 0.0253888 0.00839928 0.0092339 0.00860268 0.00830988 0.00835214 0.00824012 0.0097396 0.00872565 0.0107694 0.00861152 0.00998751 0.00828 0.00850124 0.00832033 0.0090394 0.0104475 0.00907448 0.017084 0.00935123 0.0142597 0.00837693 0.0086462 0.0083644 0.00849341 0.00863872 0.0111514 0.00874916 0.0118882 0.00860115 0.0130625 0.00862338 0.00890551 0.00836832 0.00806685 0.00807853 0.00860103 0.00873071 0.00927991 0.00858047 0.0082504 0.00808812 0.00851445 0.00824911 0.00960053 0.008312 0.00862799 
0.0036531 0.00384305 0.00363109 0 0.00354773 0.00355701 0.00948965 0.0320935 0.00958328 0.0181121 0.00957926 0.0108617 0.00901124 0.00875861 0.0360291 0.00896499 0.042007 0.00979763 0.0401566 0.0110447 0.00998301 0.00886015 0.0209634 0.0104488 0.0319045 0.0125929 0.0765907 0.00947838 0.0188189 0.00855247 0.00869257 0.0220268 0.0104294 0.0416677 0.0118739 0.0107233 0.0085637 0.00827142 0.0109404 0.00935377 0.0190245 0.00928866 0.0101962 0.00832886 0.00827431 0.00807179 0.00815625 0.0103538 0.00820721 0.00944418 0.00885806 0.00961435 0.0083747 0.00848533 0.00809792 0.00833346 0.00859081 0.00895399 0.0107722 0.00886991 0.0125957 0.00881473 0.00951347 0.00810208 0.00813047 0.00809516 0.00909438 0.00857206 0.010069 0.00841918 0.0110754 0.00846868 0.00971376 0.00849047 0.00828101 0.00802684 0.00814303 0.00834509 0.00878259 0.00870412 0.00842297 0.00817235 0.00817437 0.0080903 0.00866912 0.00821046 0.00849854 0.00819343 
0.00416587 0.00389685 0.00371255 0.00354773 0 0.00359694 0.012224 0.0188401 0.015662 0.00948094 0.0139605 0.0123448 0.00900203 0.0116593 0.00928373 0.0141882 0.00923558 0.0140703 0.010979 0.0233688 0.00891702 0.00950429 0.00930628 0.0141963 0.0110081 0.0319697 0.00984636 0.0142753 0.00900301 0.00914406 0.00908677 0.00940436 0.0155919 0.00955936 0.0129666 0.0105262 0.00833825 0.00837093 0.00867564 0.0106495 0.00857379 0.00944188 0.00848145 0.00831465 0.00810839 0.00818825 0.0079974 0.00821279 0.00829217 0.00823207 0.0084598 0.00827481 0.00829902 0.00817238 0.00798999 0.00807869 0.00861312 0.00866955 0.00846123 0.00932492 0.008639 0.00860903 0.00834321 0.00812892 0.00805152 0.00830747 0.00824092 0.00861499 0.00839006 0.00864707 0.00833218 0.00835497 0.00833427 0.00819849 0.00819189 0.00798607 0.0079627 0.00821916 0.00832089 0.00835191 0.00825262 0.00803188 0.00796437 0.00807494 0.00809897 0.00815507 0.0081033 0.00807043 
0.00936491 0.00377345 0.00357868 0.00355701 0.00359694 0 0.0237652 0.0105589 0.0549831 0.0152893 0.00951923 0.0122083 0.0188686 0.0204095 0.00951851 0.00943187 0.00975546 0.00976855 0.0108814 0.00994382 0.0239696 0.0135746 0.00957733 0.00942848 0.0125091 0.00945825 0.0109589 0.00928678 0.0093591 0.0116507 0.0143903 0.0104337 0.00924996 0.0101952 0.00922611 0.00935612 0.0103343 0.0100554 0.00859866 0.00854137 0.00859986 0.00847967 0.00848652 0.00901942 0.00902208 0.00811547 0.00834972 0.00968506 0.00825592 0.00817579 0.00817912 0.00827661 0.00814882 0.00803978 0.00820382 0.00898794 0.00869413 0.00835486 0.00829959 0.00841401 0.00843467 0.00821296 0.00831949 0.00820187 0.00869229 0.00804916 0.00834685 0.00821478 0.00827956 0.00817159 0.00824497 0.00876257 0.00815724 0.00803568 0.00799595 0.00811546 0.00831057 0.00799742 0.00809773 0.00825774 0.00806667 0.00816207 0.00841476 0.00798268 0.00801618 0.00807153 0.00808107 0.00825281 
0.0690445 0.0209136 0.0426226 0.00948965 0.012224 0.0237652 0 0.00374203 0.00398595 0.00412349 0.0095392 0.00869092 0.0348001 0.0133526 0.00796048 0.0169801 0.00840866 0.0188675 0.00891151 0.0132461 0.0188988 0.0225022 0.00916197 0.0174285 0.00935989 0.0113774 0.00958309 0.0154141 0.00879125 0.0313239 0.0143438 0.00929562 0.0154546 0.00927676 0.0120356 0.00941318 0.0121862 0.00954498 0.00857423 0.00931041 0.00870419 0.00989426 0.00852867 0.0123098 0.00866448 0.00835283 0.00920523 0.00826699 0.00887646 0.00824676 0.00853363 0.00836133 0.00867368 0.00829455 0.00877999 0.00838922 0.00844589 0.00843168 0.00825685 0.00908239 0.00830199 0.00888743 0.00812138 0.00987065 0.00842979 0.00812734 0.00812895 0.0084362 0.00808197 0.00845419 0.00814709 0.00882172 0.00809357 0.00822681 0.00806819 0.00820638 0.0080696 0.00814011 0.00823847 0.00823356 0.00807942 0.00839204 0.00814081 0.00813985 0.0080376 0.0085146 0.0081161 0.0085173 
0.012171 0.124995 0.00849862 0.0320935 0.0188401 0.0105589 0.00374203 0 0.0035387 0.0121715 0.00544806 0.0111766 0.0044596 0.00714917 0.0426631 0.00749222 0.0331253 0.00832218 0.0150351 0.0163958 0.00958175 0.00849586 0.0433119 0.00881836 0.0151161 0.00972735 0.0157763 0.00854704 0.0439744 0.00886693 0.00869106 0.0317164 0.0087611 0.014383 0.00908497 0.0201983 0.0089653 0.0083039 0.0121488 0.00845913 0.0104882 0.00846964 0.0139369 0.00834358 0.00852944 0.00884445 0.00840266 0.0117652 0.00819039 0.0087654 0.00837267 0.00898497 0.00823556 0.00902647 0.00825834 0.00827631 0.00869257 0.00847764 0.00883768 0.00836014 0.0094754 0.0083309 0.0101 0.00818175 0.00819392 0.00820032 0.00853508 0.00830166 0.00870887 0.00821424 0.00921066 0.0082477 0.00884139 0.00827799 0.00837667 0.00813971 0.0081537 0.00823942 0.00847217 0.00833658 0.00835637 0.00815308 0.00822425 0.00811017 0.00848699 0.00812881 0.00880581 0.00813749 
0.0854459 0.00939764 0.0447622 0.00958328 0.015662 0.0549831 0.00398595 0.0035387 0 0.0134178 0.0094464 0.00429721 0.00594873 0.0451578 0.00745674 0.0420662 0.00783594 0.0206135 0.00905182 0.0100809 0.0111365 0.0363711 0.00903457 0.0154528 0.00976144 0.0115038 0.0101444 0.017976 0.00846316 0.0283704 0.0258931 0.00910453 0.0154322 0.00918937 0.0134171 0.00932386 0.0130786 0.0167342 0.00871511 0.0116177 0.00860477 0.0117203 0.00833045 0.0124414 0.0115047 0.00857361 0.00883025 0.00986523 0.00942302 0.00842983 0.00890766 0.00844834 0.00890939 0.00813835 0.00874615 0.010196 0.00952719 0.00869418 0.00837123 0.0100381 0.00841944 0.0103777 0.00806824 0.00967611 0.00983175 0.00882087 0.00827887 0.00915562 0.0081391 0.00926843 0.00818038 0.0107111 0.00815093 0.00838299 0.00805927 0.00828369 0.00848944 0.008211 0.00836586 0.00847962 0.00812848 0.00855903 0.00868318 0.00830162 0.00805213 0.00856134 0.00807126 0.00885584 
0.0138659 0.0268321 0.00971273 0.0181121 0.00948094 0.0152893 0.00412349 0.0121715 0.0134178 0 0.00360749 0.00364396 0.00418774 0.0076251 0.0186308 0.00763348 0.0493591 0.0134627 0.00875995 0.0104823 0.0218955 0.0116342 0.0169437 0.00965967 0.0139255 0.00986864 0.0157838 0.00927549 0.0144248 0.0170933 0.0134403 0.0187847 0.0094709 0.0188388 0.0103016 0.0116261 0.0135646 0.0093502 0.0104424 0.00886499 0.010586 0.0088681 0.0104181 0.0113672 0.00932128 0.00835424 0.0108893 0.0117906 0.00835416 0.00872498 0.00875255 0.0089032 0.00839651 0.00858501 0.0097162 0.00927973 0.00868522 0.00854665 0.00893737 0.00846339 0.00964222 0.00846113 0.00909972 0.00897863 0.00879212 0.0080956 0.00846121 0.00832011 0.00862194 0.00821901 0.00936124 0.00829338 0.00853348 0.00818373 0.00808973 0.00854886 0.00839222 0.00814221 0.00833642 0.00828943 0.00813592 0.0085672 0.00864199 0.00802405 0.00826338 0.00816156 0.00848812 0.00868801 
0.0123671 0.00979525 0.0164918 0.00957926 0.0139605 0.00951923 0.0095392 0.00544806 0.0094464 0.00360749 0 0.00372684 0.00354374 0.0078994 0.00987362 0.0386312 0.0099243 0.00959591 0.00869824 0.0142614 0.00806663 0.00895487 0.00926776 0.012784 0.0115573 0.0116977 0.0101306 0.0139415 0.00949552 0.0103979 0.0109381 0.0101027 0.0259516 0.0106719 0.0151721 0.010951 0.00885791 0.00863645 0.00913991 0.0101303 0.00897756 0.0110208 0.00908439 0.00862715 0.00821151 0.00848193 0.0083917 0.0083019 0.00856142 0.00858985 0.00892235 0.00860463 0.00862988 0.00840877 0.00817953 0.00817049 0.00879007 0.00877799 0.00854212 0.00928074 0.00865826 0.00940434 0.00837943 0.00848164 0.00805261 0.0083125 0.00840245 0.00870708 0.00855634 0.00872812 0.00843873 0.00882716 0.00832949 0.00837379 0.00823425 0.00813949 0.00801513 0.0081925 0.00848333 0.00842707 0.00828131 0.00814104 0.00798925 0.00816974 0.0082286 0.00823636 0.00846463 0.00817152 
0.00966852 0.0198433 0.0100027 0.0108617 0.0123448 0.0122083 0.00869092 0.0111766 0.00429721 0.00364396 0.00372684 0 0.00357726 0.00691279 0.0285332 0.0106958 0.00818199 0.00803387 0.00848509 0.00878337 0.00753787 0.00811504 0.0124831 0.0103296 0.011119 0.0103276 0.0104115 0.00995479 0.0110181 0.00874576 0.00911359 0.019924 0.0102597 0.012957 0.0115717 0.0147557 0.00861784 0.00857274 0.0103191 0.00915151 0.00989358 0.00965924 0.00981295 0.00850485 0.00856526 0.00835214 0.00814089 0.00888978 0.00831751 0.00844444 0.00840728 0.00853268 0.0083723 0.00824618 0.00814103 0.00829076 0.00882828 0.00886274 0.00883268 0.00895275 0.00900773 0.00880169 0.00877375 0.00811535 0.0081965 0.00818056 0.00842146 0.00845832 0.00858185 0.0084538 0.00859576 0.00839139 0.00848343 0.00831795 0.00821062 0.00806249 0.00805996 0.00819512 0.00834542 0.00843494 0.00831529 0.00810593 0.00804578 0.00809048 0.00817372 0.0083789 0.00827511 0.00813672 
0.0214947 0.0102267 0.0101634 0.00901124 0.00900203 0.0188686 0.0348001 0.0044596 0.00594873 0.00418774 0.00354374 0.00357726 0 0.05698 0.00867332 0.00683112 0.00589241 0.00729188 0.00628075 0.00706071 0.00887231 0.0104679 0.00861669 0.00904646 0.00873553 0.00901982 0.00964202 0.00880121 0.00926661 0.0125044 0.0194607 0.00907993 0.00942304 0.00988843 0.00944105 0.00936274 0.0108556 0.0112634 0.00863005 0.0086673 0.00861924 0.00862318 0.00845096 0.00917213 0.00934199 0.00809764 0.00849944 0.0108833 0.00830167 0.00821025 0.00828617 0.00841839 0.00823605 0.00814158 0.00826463 0.0094578 0.00874773 0.00835309 0.00826739 0.00856015 0.00846398 0.00822737 0.0082898 0.00830098 0.00898515 0.00814052 0.00811902 0.00820239 0.00810744 0.00819444 0.00814265 0.00815874 0.00808666 0.00804241 0.00801457 0.00810193 0.00832561 0.00799993 0.00810337 0.00820163 0.00807408 0.00812699 0.0084296 0.00796673 0.00801234 0.00805348 0.00809898 0.00812173 
0.0388188 0.00950913 0.017437 0.00875861 0.0116593 0.0204095 0.0133526 0.00714917 0.0451578 0.0076251 0.0078994 0.00691279 0.05698 0 0.00360813 0.00365035 0.0035565 0.00402515 0.00360157 0.00390431 0.00631157 0.00964961 0.00638039 0.0120068 0.00781017 0.00930421 0.00839453 0.0179016 0.0162006 0.941202 0.0228269 0.00972575 0.0161701 0.00979897 0.0147972 0.0108416 0.0273235 0.0123684 0.00927606 0.011013 0.00907537 0.0133291 0.00930662 0.0318345 0.00903564 0.0087221 0.011642 0.0085373 0.00926623 0.00874695 0.00916623 0.00871372 0.00912611 0.00868508 0.0112106 0.00881989 0.0090264 0.00914187 0.00883456 0.0101233 0.00880592 0.0109284 0.0087535 0.0159064 0.00863965 0.00834091 0.00834124 0.00868045 0.00833222 0.00920338 0.00892255 0.00960413 0.00831655 0.00858065 0.00822389 0.00946169 0.00827021 0.00822942 0.00849783 0.00846286 0.00821478 0.0104231 0.00815154 0.00837795 0.008129 0.0086811 0.0083059 0.0100876 
0.00964703 0.067272 0.00863096 0.0360291 0.00928373 0.00951851 0.00796048 0.0426631 0.00745674 0.0186308 0.00987362 0.0285332 0.00867332 0.00360813 0 0.00358977 0.00360394 0.00357504 0.00366959 0.00382635 0.00371639 0.00552787 0.0104077 0.00692277 0.0121963 0.0082261 0.025081 0.0134035 0.968136 0.0100181 0.0103211 0.0653215 0.00973611 0.0486122 0.0107106 0.0348271 0.00987009 0.00906385 0.0238139 0.00929133 0.0271097 0.00939215 0.0445459 0.00896039 0.00875485 0.00853624 0.00913749 0.0146499 0.00854173 0.0129679 0.00968306 0.013615 0.00850716 0.0110241 0.00838323 0.00917514 0.00947503 0.0105429 0.0159889 0.00980913 0.0218448 0.00905831 0.0199799 0.00827905 0.00836758 0.00834649 0.0106435 0.00885644 0.0141444 0.00886133 0.0189951 0.00890007 0.0154538 0.00868427 0.0091996 0.00834094 0.00831449 0.00845673 0.00974639 0.00943677 0.00900914 0.0083385 0.00877005 0.00809405 0.00975924 0.00829115 0.0115426 0.00831226 
0.0210099 0.0086733 0.0904869 0.00896499 0.0141882 0.00943187 0.0169801 0.00749222 0.0420662 0.00763348 0.0386312 0.0106958 0.00683112 0.00365035 0.00358977 0 0.00356002 0.0036726 0.00356327 0.00359631 0.00359404 0.00596286 0.0057253 0.0123175 0.00714722 0.0147492 0.0139733 0.978514 0.00796491 0.0124608 0.0152669 0.00937598 0.10525 0.0104713 0.0755906 0.0106037 0.0106735 0.0109955 0.00931032 0.0383963 0.00978116 0.0673958 0.00919869 0.0114534 0.00859915 0.00864715 0.00854132 0.00845647 0.0120948 0.00934493 0.01606 0.00911761 0.0181762 0.00851136 0.00849971 0.00845996 0.0108859 0.0146819 0.0115174 0.0404759 0.0106158 0.0483301 0.00866505 0.010441 0.00845807 0.00920854 0.00944994 0.0198404 0.00965216 0.0273671 0.00950315 0.0227518 0.00901192 0.0124658 0.00859436 0.00840273 0.00818259 0.00880929 0.00951872 0.0114331 0.00870359 0.00907961 0.00816846 0.00960425 0.00840139 0.0142986 0.00843401 0.00949731 
0.0100545 0.0605787 0.0091046 0.042007 0.00923558 0.00975546 0.00840866 0.0331253 0.00783594 0.0493591 0.0099243 0.00818199 0.00589241 0.0035565 0.00360394 0.00356002 0 0.00356728 0.00354013 0.00354409 0.00356293 0.00422073 0.00935347 0.00724525 0.0179269 0.0185168 0.97457 0.00851723 0.015177 0.00767029 0.00960237 0.0723242 0.0109415 0.126115 0.0137069 0.0247856 0.00944225 0.00927101 0.0252544 0.0110657 0.0919943 0.01079 0.0382643 0.00905029 0.00882264 0.00828851 0.00856613 0.0142683 0.0086757 0.0211059 0.0118805 0.023201 0.00913668 0.0100236 0.00834698 0.00954114 0.0101553 0.0160788 0.0376737 0.0123299 0.0722565 0.0101075 0.018887 0.00836224 0.00827142 0.00841591 0.0173844 0.0105934 0.0277815 0.00935298 0.0327727 0.00987721 0.0263766 0.00967418 0.00941947 0.00842131 0.00850327 0.0085432 0.0114524 0.0104608 0.00966167 0.00857903 0.00912969 0.00816512 0.0118751 0.00855915 0.0115839 0.00854153 
0.0309406 0.010184 0.0853655 0.00979763 0.0140703 0.00976855 0.0188675 0.00832218 0.0206135 0.0134627 0.00959591 0.00803387 0.00729188 0.00402515 0.00357504 0.0036726 0.00356728 0 0.00352783 0.00354141 0.00358527 0.00607732 0.00493133 0.0135729 0.0180742 0.946344 0.00959315 0.0167208 0.00734312 0.010618 0.028211 0.0106453 0.167164 0.0206532 0.103257 0.0115724 0.011165 0.0123869 0.0114694 0.0913225 0.0130186 0.0772435 0.0106214 0.011417 0.00876282 0.00871766 0.00860442 0.0090141 0.0147876 0.0116013 0.0264419 0.0116992 0.0186316 0.00866686 0.00875933 0.00896619 0.0172412 0.0239732 0.0173364 0.0853046 0.0144676 0.0404694 0.00908682 0.00989749 0.00838954 0.0101188 0.0108109 0.0330222 0.0115458 0.0278951 0.0117683 0.035791 0.0108893 0.0165078 0.00892265 0.00863032 0.00818786 0.00918042 0.0116147 0.0135459 0.00934255 0.0106028 0.00821353 0.0099268 0.008936 0.0133405 0.00882946 0.0089448 
0.0122912 0.0328155 0.0119865 0.0401566 0.010979 0.0108814 0.00891151 0.0150351 0.00905182 0.00875995 0.00869824 0.00848509 0.00628075 0.00360157 0.00366959 0.00356327 0.00354013 0.00352783 0 0.00354546 0.00354821 0.00372839 0.012141 0.024788 0.977579 0.00958155 0.0141597 0.00765016 0.0122531 0.00683167 0.0114961 0.0618065 0.0230427 0.132406 0.0342291 0.0396024 0.0102993 0.0100261 0.0734868 0.0214768 0.0766074 0.0225299 0.0332058 0.00999562 0.00871264 0.0085026 0.00863522 0.0122281 0.00939683 0.0318707 0.018171 0.0253107 0.0123218 0.00999544 0.0083579 0.00908383 0.0133591 0.0307798 0.0935179 0.0227421 0.0767641 0.0170212 0.0196453 0.00887579 0.00895686 0.00871877 0.0257603 0.0157938 0.0349611 0.0130608 0.0415728 0.0136666 0.0302392 0.0150368 0.0108451 0.00913828 0.0086615 0.00947031 0.0165061 0.0141504 0.0114771 0.0106632 0.00945585 0.0084886 0.0113368 0.00971124 0.0106386 0.0120198 
0.0132583 0.0135134 0.0150322 0.0110447 0.0233688 0.00994382 0.0132461 0.0163958 0.0100809 0.0104823 0.0142614 0.00878337 0.00706071 0.00390431 0.00382635 0.00359631 0.00354409 0.00354141 0.00354546 0 0.00353619 0.00791217 0.028235 0.945356 0.00717798 0.0078606 0.0084157 0.0147408 0.00931975 0.00743714 0.0172472 0.0154707 0.0424428 0.0194466 0.0470661 0.0371426 0.015659 0.0172518 0.0157692 0.025641 0.016234 0.0265646 0.0202486 0.0124075 0.00872571 0.00963086 0.00858425 0.0100348 0.0135849 0.0107993 0.0120633 0.0104458 0.0104124 0.00943525 0.00850772 0.00973197 0.0124957 0.0495658 0.0159326 0.027159 0.0140191 0.018632 0.0120556 0.00960385 0.0082236 0.0120784 0.00986611 0.0178898 0.0122022 0.0174052 0.0113427 0.0149439 0.0119816 0.0125183 0.0105741 0.00954842 0.00822596 0.00943641 0.0103096 0.0108835 0.0108003 0.0100739 0.00824867 0.00893927 0.00874563 0.00933717 0.00910167 0.0093467 
0.0155318 0.0118771 0.00937607 0.00998301 0.00891702 0.0239696 0.0188988 0.00958175 0.0111365 0.0218955 0.00806663 0.00753787 0.00887231 0.00631157 0.00371639 0.00359404 0.00356293 0.00358527 0.00354821 0.00353619 0 0.0838144 0.849194 0.00539208 0.00524344 0.00484139 0.00812473 0.00591495 0.0075322 0.00900119 0.0162163 0.0143592 0.00972032 0.0132199 0.0106193 0.0219752 0.0209486 0.0163496 0.0114693 0.0108945 0.0124268 0.00980275 0.0122749 0.0127458 0.0113372 0.00846885 0.00926799 0.0186386 0.00914585 0.00944737 0.00939964 0.00956705 0.0089941 0.00860287 0.0089893 0.012851 0.0148629 0.0106549 0.0111604 0.0106116 0.0113323 0.00939709 0.00953832 0.00914482 0.0102008 0.00835822 0.00906125 0.00913072 0.0100472 0.00909782 0.00950716 0.00895586 0.00943588 0.00885714 0.00888969 0.00897635 0.00907544 0.00826459 0.00872439 0.00870104 0.00955782 0.0097411 0.00953588 0.00818749 0.00833943 0.00840082 0.00853406 0.00855663 
0.0250088 0.00923611 0.0137786 0.00886015 0.00950429 0.0135746 0.0225022 0.00849586 0.0363711 0.0116342 0.00895487 0.00811504 0.0104679 0.00964961 0.00552787 0.00596286 0.00422073 0.00607732 0.00372839 0.00791217 0.0838144 0 0.00366892 0.00357462 0.0036839 0.00372578 0.00371251 0.00423486 0.00400635 0.0142209 0.0254394 0.0103779 0.0130742 0.00968464 0.0113681 0.0103122 0.018516 0.0127685 0.00908481 0.00996972 0.0089036 0.0116572 0.00874477 0.0167988 0.00954441 0.00891955 0.0115082 0.00895737 0.00899708 0.00858994 0.00931625 0.00863637 0.00912731 0.00888354 0.0107497 0.00919286 0.00865779 0.00869346 0.0085839 0.0107222 0.00853459 0.00945803 0.00834194 0.0272681 0.00893233 0.00830495 0.0081815 0.00869221 0.00831727 0.00866081 0.00861794 0.00894305 0.00821574 0.00843417 0.00812106 0.009067 0.0083535 0.00823193 0.00834885 0.00836571 0.00818348 0.00951941 0.00823099 0.00816127 0.00803888 0.00864384 0.00822899 0.00895159 
0.0102666 0.0455526 0.00908467 0.0209634 0.00930628 0.00957733 0.00916197 0.0433119 0.00903457 0.0169437 0.00926776 0.0124831 0.00861669 0.00638039 0.0104077 0.0057253 0.00935347 0.00493133 0.012141 0.028235 0.849194 0.00366892 0 0.0036162 0.00357477 0.00356749 0.00368084 0.00366996 0.00622666 0.00638327 0.0106771 0.0703865 0.0106804 0.0322253 0.0111134 0.0271356 0.0114113 0.0090188 0.0317629 0.00963178 0.0242195 0.00989325 0.0321517 0.00919912 0.00876444 0.00900737 0.00908537 0.0123907 0.00865503 0.0133348 0.0100296 0.0144186 0.00894439 0.011181 0.00874044 0.00877818 0.0100609 0.0106846 0.014816 0.0102895 0.0204476 0.00930702 0.0438182 0.00854976 0.00836622 0.00853992 0.0101484 0.0089152 0.0138783 0.00866421 0.0149983 0.00921453 0.0121696 0.00873783 0.0100687 0.0087171 0.00825721 0.00862416 0.00962801 0.00911198 0.0090462 0.00861838 0.00849287 0.00820462 0.00894041 0.00831473 0.0110583 0.00857223 
0.0172711 0.010758 0.0572638 0.0104488 0.0141963 0.00942848 0.0174285 0.00881836 0.0154528 0.00965967 0.012784 0.0103296 0.00904646 0.0120068 0.00692277 0.0123175 0.00724525 0.0135729 0.024788 0.945356 0.00539208 0.00357462 0.0036162 0 0.00354231 0.00354306 0.00361453 0.00360545 0.00366709 0.00411108 0.0276016 0.0114036 0.0926147 0.0207201 0.067101 0.016384 0.0131414 0.0155376 0.0112063 0.0566834 0.0149736 0.0983789 0.0116547 0.012767 0.00886812 0.00904126 0.00892499 0.00961329 0.0154677 0.0126318 0.0303123 0.0123566 0.0312147 0.00921163 0.00913053 0.00914731 0.0157593 0.0308423 0.0213855 0.0572219 0.0167386 0.11588 0.00954154 0.0111355 0.00846778 0.010493 0.0132082 0.03339 0.0155859 0.0350224 0.0149642 0.0392358 0.0140146 0.0265529 0.0094403 0.00909171 0.00827445 0.00977674 0.0155671 0.0172611 0.0103582 0.0120238 0.00824641 0.00925544 0.00905395 0.0143105 0.00930335 0.00955431 
0.0122866 0.0375096 0.013662 0.0319045 0.0110081 0.0125091 0.00935989 0.0151161 0.00976144 0.0139255 0.0115573 0.011119 0.00873553 0.00781017 0.0121963 0.00714722 0.0179269 0.0180742 0.977579 0.00717798 0.00524344 0.0036839 0.00357477 0.00354231 0 0.00357518 0.00360437 0.00359765 0.0035991 0.0036839 0.0151513 0.066982 0.0227157 0.118501 0.0303771 0.0529477 0.0119422 0.010855 0.0437835 0.017335 0.112367 0.0175513 0.0490273 0.0101431 0.00909576 0.00865827 0.00872614 0.0133273 0.0102428 0.0346753 0.0176558 0.0408789 0.0129124 0.0126819 0.00859442 0.0102124 0.017468 0.0305662 0.0761976 0.0253426 0.14866 0.0164259 0.0265103 0.00897999 0.00878633 0.0092234 0.0305466 0.0203689 0.0552424 0.0155379 0.0584204 0.0194513 0.0495129 0.0158687 0.0123635 0.00903732 0.00852275 0.0102898 0.0204653 0.0218521 0.0136916 0.00965488 0.00931837 0.00896008 0.0133854 0.0105871 0.0112175 0.00990771 
0.0168115 0.0153255 0.041451 0.0125929 0.0319697 0.00945825 0.0113774 0.00972735 0.0115038 0.00986864 0.0116977 0.0103276 0.00901982 0.00930421 0.0082261 0.0147492 0.0185168 0.946344 0.00958155 0.0078606 0.00484139 0.00372578 0.00356749 0.00354306 0.00357518 0 0.00356025 0.00362405 0.00355298 0.00360898 0.021306 0.0165663 0.0898777 0.0292918 0.0684898 0.023449 0.0123102 0.0116352 0.0136299 0.0876157 0.0165626 0.0914091 0.0162667 0.011671 0.00902641 0.00879644 0.00899928 0.0103102 0.0146066 0.0159552 0.0392483 0.0158402 0.025404 0.00961593 0.00888106 0.00967189 0.0167546 0.0373042 0.0274086 0.128648 0.021555 0.0510317 0.0113959 0.0104985 0.00855314 0.0109034 0.0162431 0.0381044 0.018177 0.0338504 0.0182082 0.0441944 0.0189972 0.026065 0.0100532 0.00888961 0.00848084 0.0105873 0.0169889 0.0211928 0.010739 0.0118524 0.00841413 0.00988192 0.00952754 0.0136674 0.00962427 0.00991735 
0.010753 0.0430972 0.0120619 0.0765907 0.00984636 0.0109589 0.00958309 0.0157763 0.0101444 0.0157838 0.0101306 0.0104115 0.00964202 0.00839453 0.025081 0.0139733 0.97457 0.00959315 0.0141597 0.0084157 0.00812473 0.00371251 0.00368084 0.00361453 0.00360437 0.00356025 0 0.00356501 0.00360546 0.00357307 0.0126533 0.0624343 0.025381 0.112929 0.0289031 0.0299317 0.0110928 0.00999327 0.0432509 0.01533 0.0924552 0.0171158 0.0363698 0.0102084 0.00920241 0.0086139 0.00915066 0.0148841 0.00994773 0.0386759 0.0154699 0.0372289 0.0111653 0.0110414 0.0092069 0.00987536 0.0152757 0.027538 0.131962 0.0221202 0.0790175 0.0147296 0.0226057 0.00898271 0.00891361 0.00946595 0.0317081 0.0173641 0.0493389 0.0135834 0.0593155 0.0177932 0.0432572 0.0139645 0.0116799 0.00907865 0.00893223 0.00978496 0.0194853 0.0173674 0.0130158 0.0101807 0.0095029 0.00873328 0.0155585 0.0102319 0.0116533 0.0094722 
0.0193499 0.00959755 0.0872554 0.00947838 0.0142753 0.00928678 0.0154141 0.00854704 0.017976 0.00927549 0.0139415 0.00995479 0.00880121 0.0179016 0.0134035 0.978514 0.00851723 0.0167208 0.00765016 0.0147408 0.00591495 0.00423486 0.00366996 0.00360545 0.00359765 0.00362405 0.00356501 0 0.00353392 0.00365108 0.0323158 0.0123387 0.116963 0.0206708 0.0624415 0.0182015 0.0105367 0.0125469 0.00994388 0.0591719 0.0109074 0.0660147 0.0103897 0.0118349 0.0091078 0.00938595 0.00882178 0.00906978 0.0216513 0.011455 0.0268038 0.0108255 0.0233022 0.00899221 0.00860674 0.00916795 0.0142388 0.065885 0.0150133 0.063968 0.0128649 0.0421894 0.00919651 0.0111239 0.00868224 0.0102551 0.0114525 0.0322626 0.0117429 0.0314487 0.0112319 0.0443518 0.0115197 0.0188238 0.00926961 0.0085469 0.00846045 0.00963009 0.0115085 0.0165166 0.00959304 0.0095686 0.00833293 0.0103111 0.00873472 0.0154296 0.00878415 0.00960858 
0.00890197 0.0557692 0.00878561 0.0188189 0.00900301 0.0093591 0.00879125 0.0439744 0.00846316 0.0144248 0.00949552 0.0110181 0.00926661 0.0162006 0.968136 0.00796491 0.015177 0.00734312 0.0122531 0.00931975 0.0075322 0.00400635 0.00622666 0.00366709 0.0035991 0.00355298 0.00360546 0.00353392 0 0.0035675 0.00992375 0.0714079 0.0133225 0.0429824 0.0186779 0.0601377 0.0118993 0.0089615 0.0264331 0.00941679 0.0252728 0.00943688 0.0313822 0.0089072 0.0095853 0.00930018 0.00872443 0.0286733 0.00882191 0.0191494 0.00955764 0.0134792 0.00870764 0.0103371 0.0088692 0.00953751 0.0475695 0.0115618 0.0178507 0.0100444 0.0222594 0.00906707 0.0180638 0.00839507 0.00885458 0.00853511 0.0113904 0.00920939 0.0154381 0.00898336 0.0153722 0.00922206 0.0140299 0.00921505 0.0101672 0.00856038 0.00862811 0.00850131 0.0102005 0.00915956 0.0104248 0.00866115 0.00908644 0.0082804 0.00962493 0.00841245 0.00995115 0.00844523 
0.0302205 0.00981787 0.0157639 0.00855247 0.00914406 0.0116507 0.0313239 0.00886693 0.0283704 0.0170933 0.0103979 0.00874576 0.0125044 0.941202 0.0100181 0.0124608 0.00767029 0.010618 0.00683167 0.00743714 0.00900119 0.0142209 0.00638327 0.00411108 0.0036839 0.00360898 0.00357307 0.00365108 0.0035675 0 0.0521185 0.0125382 0.0289054 0.0119259 0.0174587 0.018225 0.0463969 0.0204266 0.0106197 0.0139653 0.00979089 0.0120645 0.00898047 0.0145996 0.0186616 0.0092747 0.0100815 0.0143255 0.0122108 0.00879993 0.0101197 0.00890709 0.00926879 0.00859266 0.0095398 0.0538507 0.0121097 0.010014 0.00865128 0.0126188 0.00887421 0.0109081 0.00844408 0.0128061 0.0141164 0.00952682 0.00845538 0.00992805 0.00859369 0.01052 0.00842993 0.00925326 0.00843526 0.00867428 0.00830685 0.00900381 0.00952268 0.00863027 0.00861083 0.00891568 0.00835046 0.00928523 0.00981832 0.00869321 0.00813131 0.00883574 0.00825407 0.00876818 
0.0174443 0.00971306 0.0124752 0.00869257 0.00908677 0.0143903 0.0143438 0.00869106 0.0258931 0.0134403 0.0109381 0.00911359 0.0194607 0.0228269 0.0103211 0.0152669 0.00960237 0.028211 0.0114961 0.0172472 0.0162163 0.0254394 0.0106771 0.0276016 0.0151513 0.021306 0.0126533 0.0323158 0.00992375 0.0521185 0 0.00389996 0.00361972 0.0035756 0.00371797 0.00367425 0.00499211 0.0219866 0.00867051 0.0134037 0.0094862 0.0208267 0.0106696 0.648781 0.00969085 0.00898353 0.0148561 0.0107562 0.0123042 0.0111925 0.013517 0.00996286 0.0135251 0.00943437 0.0192886 0.0118963 0.0130267 0.0126836 0.0125384 0.0174555 0.0119594 0.0241329 0.00948025 0.023534 0.0107654 0.00949444 0.00930703 0.0116497 0.0100872 0.013462 0.00978908 0.0162506 0.0100491 0.0130281 0.00949438 0.0185172 0.00883984 0.00910324 0.00985058 0.0102385 0.00902869 0.0146302 0.00847228 0.00870178 0.00834583 0.010664 0.00900489 0.0121667 
0.0095632 0.0345653 0.00894575 0.0220268 0.00940436 0.0104337 0.00929562 0.0317164 0.00910453 0.0187847 0.0101027 0.019924 0.00907993 0.00972575 0.0653215 0.00937598 0.0723242 0.0106453 0.0618065 0.0154707 0.0143592 0.0103779 0.0703865 0.0114036 0.066982 0.0165663 0.0624343 0.0123387 0.0714079 0.0125382 0.00389996 0 0.00357983 0.00361356 0.00363482 0.00518047 0.004127 0.0100468 0.0494507 0.0104239 0.0325268 0.0110768 0.792731 0.00990795 0.00960395 0.00973237 0.00984483 0.018372 0.00923179 0.0276384 0.0132443 0.0260121 0.00961403 0.0271517 0.00938898 0.0135693 0.02042 0.0191039 0.0429169 0.0135382 0.088276 0.0106503 0.0528254 0.00882586 0.00913587 0.0107458 0.0256267 0.0114371 0.0443747 0.0101332 0.0517796 0.0103821 0.0534149 0.0104036 0.0155331 0.00940127 0.00923197 0.0100847 0.016877 0.0139307 0.0156401 0.00945201 0.00959409 0.00850321 0.015222 0.00918924 0.0185061 0.00921113 
0.0134523 0.0106396 0.0708597 0.0104294 0.0155919 0.00924996 0.0154546 0.0087611 0.0154322 0.0094709 0.0259516 0.0102597 0.00942304 0.0161701 0.00973611 0.10525 0.0109415 0.167164 0.0230427 0.0424428 0.00972032 0.0130742 0.0106804 0.0926147 0.0227157 0.0898777 0.025381 0.116963 0.0133225 0.0289054 0.00361972 0.00357983 0 0.00359929 0.00356313 0.00360835 0.00361302 0.0123292 0.00930822 0.0745836 0.0123617 0.884804 0.0101908 0.0152214 0.00914626 0.00935684 0.00905349 0.00978322 0.028454 0.0146952 0.0520139 0.01481 0.0811287 0.00953403 0.00953375 0.0103888 0.0275484 0.0458431 0.0272107 0.205558 0.0164645 0.165428 0.0103131 0.0152697 0.0087583 0.0196113 0.0166805 0.0992699 0.0192313 0.125923 0.0137969 0.190759 0.0164165 0.0680417 0.0121428 0.00991272 0.00863504 0.014778 0.0390388 0.0482248 0.0140887 0.0131343 0.0086056 0.0164615 0.0107139 0.0409425 0.0109812 0.0127469 
0.0106577 0.0351806 0.0132864 0.0416677 0.00955936 0.0101952 0.00927676 0.014383 0.00918937 0.0188388 0.0106719 0.012957 0.00988843 0.00979897 0.0486122 0.0104713 0.126115 0.0206532 0.132406 0.0194466 0.0132199 0.00968464 0.0322253 0.0207201 0.118501 0.0292918 0.112929 0.0206708 0.0429824 0.0119259 0.0035756 0.00361356 0.00359929 0 0.00354546 0.00356501 0.00356684 0.00753256 0.0278313 0.0112447 0.897211 0.0115984 0.0548726 0.0101906 0.00920441 0.00879738 0.00922661 0.018027 0.00983259 0.0555766 0.0214143 0.0821089 0.0130916 0.0147938 0.00921038 0.0123381 0.0212176 0.0577241 0.155225 0.0272269 0.26434 0.0164308 0.0423192 0.00938352 0.0101293 0.0104987 0.0807232 0.0214969 0.144546 0.0153124 0.197164 0.019234 0.144239 0.0186434 0.0176558 0.00977086 0.00921838 0.0121311 0.0429504 0.0424633 0.023556 0.0108804 0.0106134 0.00938884 0.0351756 0.0132431 0.018163 0.0108848 
0.0134478 0.0115608 0.0387041 0.0118739 0.0129666 0.00922611 0.0120356 0.00908497 0.0134171 0.0103016 0.0151721 0.0115717 0.00944105 0.0147972 0.0107106 0.0755906 0.0137069 0.103257 0.0342291 0.0470661 0.0106193 0.0113681 0.0111134 0.067101 0.0303771 0.0684898 0.0289031 0.0624415 0.0186779 0.0174587 0.00371797 0.00363482 0.00356313 0.00354546 0 0.00353731 0.00355552 0.0122722 0.0135537 0.919675 0.011908 0.061803 0.0134079 0.0136407 0.00902272 0.00942893 0.00946493 0.00968638 0.0199507 0.0190756 0.0560919 0.0165659 0.0374965 0.0105423 0.00932991 0.0104486 0.0266337 0.0700696 0.035161 0.192578 0.021589 0.0918503 0.0135784 0.0123694 0.0091116 0.0164018 0.0193144 0.0901105 0.0195263 0.10444 0.0190699 0.133698 0.0248056 0.0580285 0.014458 0.0101349 0.00888858 0.0142175 0.0324801 0.0426394 0.0186902 0.01536 0.00856397 0.0148165 0.0117898 0.0259379 0.0103025 0.0112818 
0.00996466 0.018311 0.00975131 0.0107233 0.0105262 0.00935612 0.00941318 0.0201983 0.00932386 0.0116261 0.010951 0.0147557 0.00936274 0.0108416 0.0348271 0.0106037 0.0247856 0.0115724 0.0396024 0.0371426 0.0219752 0.0103122 0.0271356 0.016384 0.0529477 0.023449 0.0299317 0.0182015 0.0601377 0.018225 0.00367425 0.00518047 0.00360835 0.00356501 0.00353731 0 0.00359952 0.0093126 0.843826 0.0117832 0.0325736 0.013908 0.05852 0.0117592 0.0098971 0.0112241 0.0102316 0.0148895 0.0119389 0.0305738 0.0120212 0.0176033 0.0106882 0.016277 0.00903559 0.0115 0.0280192 0.0292861 0.0597581 0.0197762 0.0427148 0.0132207 0.0492416 0.00955205 0.00990006 0.0106586 0.0204702 0.0140416 0.053673 0.0120224 0.0308114 0.0133818 0.0353031 0.0140721 0.0233133 0.010701 0.00912865 0.0105966 0.0142455 0.0162917 0.0325405 0.0115915 0.0103 0.00961574 0.0123524 0.00970881 0.0143438 0.00962341 
0.0124718 0.00894581 0.00916855 0.0085637 0.00833825 0.0103343 0.0121862 0.0089653 0.0130786 0.0135646 0.00885791 0.00861784 0.0108556 0.0273235 0.00987009 0.0106735 0.00944225 0.011165 0.0102993 0.015659 0.0209486 0.018516 0.0114113 0.0131414 0.0119422 0.0123102 0.0110928 0.0105367 0.0118993 0.0463969 0.00499211 0.004127 0.00361302 0.00356684 0.00355552 0.00359952 0 0.794408 0.00807056 0.022165 0.00981094 0.0112109 0.0106383 0.0260302 0.0113236 0.00914283 0.0149259 0.0187852 0.0119619 0.00965291 0.0104685 0.00944079 0.00925526 0.00884981 0.0104542 0.0158651 0.0117736 0.0140461 0.0107048 0.0130169 0.0100951 0.0115921 0.00991611 0.0156483 0.0117095 0.00928515 0.00916029 0.0189285 0.00973285 0.0116765 0.00914474 0.0108834 0.00995887 0.00957965 0.00958033 0.0110957 0.0100889 0.00851044 0.00909173 0.00985718 0.00935168 0.0143984 0.00990244 0.00850762 0.00845194 0.00891294 0.00863545 0.00958487 
0.0096225 0.00830514 0.0092405 0.00827142 0.00837093 0.0100554 0.00954498 0.0083039 0.0167342 0.0093502 0.00863645 0.00857274 0.0112634 0.0123684 0.00906385 0.0109955 0.00927101 0.0123869 0.0100261 0.0172518 0.0163496 0.0127685 0.0090188 0.0155376 0.010855 0.0116352 0.00999327 0.0125469 0.0089615 0.0204266 0.0219866 0.0100468 0.0123292 0.00753256 0.0122722 0.0093126 0.794408 0 0.0035747 0.00356341 0.00353503 0.00357253 0.0036593 0.00430827 0.00608938 0.00588296 0.0196669 0.00760655 0.0090829 0.0130953 0.011342 0.00917646 0.00969272 0.00899047 0.0167627 0.00972269 0.0106441 0.0103256 0.00950962 0.0122924 0.00973303 0.0127253 0.00890691 0.020741 0.0104014 0.0090077 0.00930273 0.010168 0.00960135 0.011083 0.00981696 0.011546 0.00997154 0.0104002 0.00916916 0.0144159 0.00889207 0.00878157 0.00927443 0.00954903 0.0089051 0.0145285 0.00828867 0.00855806 0.00828974 0.00950002 0.00886929 0.013967 
0.00871697 0.0133997 0.00873251 0.0109404 0.00867564 0.00859866 0.00857423 0.0121488 0.00871511 0.0104424 0.00913991 0.0103191 0.00863005 0.00927606 0.0238139 0.00931032 0.0252544 0.0114694 0.0734868 0.0157692 0.0114693 0.00908481 0.0317629 0.0112063 0.0437835 0.0136299 0.0432509 0.00994388 0.0264331 0.0106197 0.00867051 0.0494507 0.00930822 0.0278313 0.0135537 0.843826 0.00807056 0.0035747 0 0.00353792 0.00353415 0.00354683 0.00363716 0.00359504 0.00896491 0.00687431 0.00730988 0.0132458 0.0111462 0.0197362 0.0103473 0.0140986 0.00922105 0.0145913 0.00877058 0.0117117 0.0150939 0.012868 0.0223512 0.0115145 0.0392037 0.010748 0.0304684 0.00895613 0.00954699 0.0105621 0.0191111 0.0114267 0.0284041 0.010733 0.0333017 0.0110517 0.0352702 0.0109331 0.0188483 0.00926191 0.00881789 0.0102813 0.0155501 0.0136352 0.0129701 0.00961763 0.00882227 0.00892562 0.0145212 0.00950294 0.0156607 0.00950718 
0.00935912 0.00920133 0.0233889 0.00935377 0.0106495 0.00854137 0.00931041 0.00845913 0.0116177 0.00886499 0.0101303 0.00915151 0.0086673 0.011013 0.00929133 0.0383963 0.0110657 0.0913225 0.0214768 0.025641 0.0108945 0.00996972 0.00963178 0.0566834 0.017335 0.0876157 0.01533 0.0591719 0.00941679 0.0139653 0.0134037 0.0104239 0.0745836 0.0112447 0.919675 0.0117832 0.022165 0.00356341 0.00353792 0 0.00355758 0.00356321 0.00356513 0.00378231 0.00499593 0.00821033 0.0074169 0.0136713 0.0249722 0.010286 0.0174471 0.0106089 0.0242682 0.00916485 0.00950576 0.00902906 0.0148345 0.0234769 0.0149052 0.0815318 0.0117965 0.0626266 0.00942494 0.0169124 0.00893951 0.0119987 0.0122952 0.0547337 0.0146099 0.0684503 0.0131764 0.0896242 0.0125646 0.0430039 0.0114484 0.0104531 0.00860918 0.0110245 0.017299 0.0261172 0.0143741 0.0125719 0.0085582 0.0138188 0.00968851 0.0317037 0.00959588 0.0115442 
0.00884467 0.015174 0.00990078 0.0190245 0.00857379 0.00859986 0.00870419 0.0104882 0.00860477 0.010586 0.00897756 0.00989358 0.00861924 0.00907537 0.0271097 0.00978116 0.0919943 0.0130186 0.0766074 0.016234 0.0124268 0.0089036 0.0242195 0.0149736 0.112367 0.0165626 0.0924552 0.0109074 0.0252728 0.00979089 0.0094862 0.0325268 0.0123617 0.897211 0.011908 0.0325736 0.00981094 0.00353503 0.00353415 0.00355758 0 0.00353476 0.00355683 0.00357314 0.00481105 0.00553131 0.461262 0.0132913 0.00862704 0.031719 0.0124003 0.0262372 0.0104078 0.0137067 0.00865693 0.0100021 0.0125815 0.0202953 0.0596511 0.0125704 0.0932033 0.0109025 0.0302139 0.00896932 0.00921848 0.00971122 0.0347616 0.0144917 0.0750766 0.0114685 0.0898869 0.0124588 0.0850551 0.0130651 0.0146317 0.00940615 0.00896072 0.0103277 0.0238918 0.0241841 0.0178691 0.010235 0.00984605 0.00890377 0.0269033 0.0113588 0.017909 0.00970394 
0.0105908 0.0089499 0.0253888 0.00928866 0.00944188 0.00847967 0.00989426 0.00846964 0.0117203 0.0088681 0.0110208 0.00965924 0.00862318 0.0133291 0.00939215 0.0673958 0.01079 0.0772435 0.0225299 0.0265646 0.00980275 0.0116572 0.00989325 0.0983789 0.0175513 0.0914091 0.0171158 0.0660147 0.00943688 0.0120645 0.0208267 0.0110768 0.884804 0.0115984 0.061803 0.013908 0.0112109 0.00357253 0.00354683 0.00356321 0.00353476 0 0.003531 0.00359371 0.00410009 0.519636 0.0285606 0.00834801 0.0124655 0.0121221 0.0201608 0.010607 0.0207402 0.00917179 0.00896617 0.00974637 0.0155459 0.0409277 0.0130888 0.111073 0.0124651 0.0706717 0.0105726 0.0112857 0.00929284 0.014303 0.0139304 0.0935443 0.0133162 0.110496 0.0116681 0.144453 0.0131346 0.045408 0.0116191 0.00965233 0.00868275 0.0125415 0.0227875 0.0330664 0.0129713 0.012503 0.00836 0.0213161 0.00994951 0.0336304 0.00981308 0.0108461 
