1IWPB
FTLKTREGGVASADERADEVVIGVGPAFDKHQHHTLIDMPHGAILKELIAGVEEEGLHARVVRILRTSDVSFMAWDAANLSGSGIGIGIQSKGTTVIHQRDLLPLSNLELFSQAPLLTLETYRQIGKNAARYARKESPSPVPVVNDQMVRPKFMAKAALFHIKETKHVVQDAEPVTLHIDLVRE
CEEEEEEEEECCCCCCCCEEEEEECCCCCCCCCECCCCCEHHHHHHHHHHHHHCCCCEEEEEECCCCCCHHHHHHHHHHHCCCCEEEEECCCCCEEEEECCCCCCCCCEEECCHHHCCHHHHHHHHHHHHHHHCCCCCCCCCCCCCCCHHHHHHHHHHHHHHHHHHCCCCCCCCEEEEEEEECC
0 0 0 0 0 0 0 0 0 0 0 0 0 0 0 0 0 0 0 0 0 0 0 0 0 0 0 0 0 0 0 0 0 0 0 0 0 0 0 0 0 0 0 0 0 0 0 0 0 0 0 0 0 0 0 0 0 0 0 0 0 0 0 0 0 0 0 0 0 0 0 0 0 0 0 0 0 0 0 0 0 0 0 0 0 0 0 0 0 0 0 0 0 0 0 0 0 0 0 0 0 0 0 0 0 0 0 0 0 0 0 0 0 0 0 0 0 0 0 0 0 0 0 0 0 0 0 0 0 0 0 0 0 0 0 0 0 0 0 0 0 0 0 0 0 0 0 0 0 0 0 0 0 0 0 0 0 0 0 0 0 0 0 0 0 0 0 0 0 0 0 0 0 0 0 0 0 0 0 0 0 0 0 0 
0 0 0 0 0 0 0 0 0 0 0 0 0 0 0 0 0 0 0 0 0 0 0 0 0 0 0 0 0 0 0 0 0 0 0 0 0 0 0 0 0 0 0 0 0 0 0 0 0 0 0 0 0 0 0 0 0 0 0 0 0 0 0 0 0 0 0 0 0 0 0 0 0 0 0 0 0 0 0 0 0 0 0 0 0 0 0 0 0 0 0 0 0 0 0 0 0 0 0 0 0 0 0 0 0 0 0 0 0 0 0 0 0 0 0 0 0 0 0 0 0 0 0 0 0 0 0 0 0 0 0 0 0 0 0 0 0 0 0 0 0 0 0 0 0 0 0 0 0 0 0 0 0 0 0 0 0 0 0 0 0 0 0 0 0 0 0 0 0 0 0 0 0 0 0 0 0 0 0 0 0 0 0 0 
0 0.00421998 0.00396027 0.00368602 0.00457809 0.00397816 0.00466707 0.00722061 0.0204854 0.0359391 0.0146347 0.0198132 0.0135048 0.0235666 0.041487 0.016878 0.0182713 0.0286065 0.00919156 0.0262388 0.0126865 0.0137884 0.0214573 0.0102893 0.0120714 0.010205 0.0105005 0.0109338 0.0138042 0.0095512 0.0100687 0.00933404 0.00968324 0.00953104 0.00873265 0.00945695 0.00845664 0.00877229 0.00818348 0.00853571 0.00804748 0.00823827 0.00814152 0.00883915 
0.00421998 0 0.00367148 0.00377412 0.00368745 0.00367718 0.00393633 0.00612655 0.00517791 0.00981717 0.020944 0.0113553 0.0208497 0.0166937 0.0164853 0.0121497 0.008871 0.00874516 0.0452467 0.00913063 0.0288689 0.0177031 0.0108544 0.0107276 0.009094 0.0174422 0.00920206 0.0099239 0.00997342 0.0120382 0.0101241 0.00915767 0.00912907 0.00829911 0.00860284 0.00875023 0.00838252 0.00830382 0.00928813 0.00829083 0.00885224 0.00819265 0.0083921 0.00826579 
0.00396027 0.00367148 0 0.00361179 0.00379587 0.00371392 0.00376392 0.00404948 0.00434393 0.00910586 0.00973768 0.0219484 0.0136462 0.0220674 0.012341 0.0086451 0.00886659 0.0171496 0.00873368 0.0572991 0.015416 0.0154026 0.0135828 0.00873001 0.0165248 0.0107815 0.0170005 0.00872594 0.00986798 0.0117765 0.0145067 0.0104341 0.00824898 0.00861263 0.00836344 0.00817094 0.0081765 0.0086658 0.00826211 0.00861792 0.00818021 0.00832821 0.00814614 0.00823652 
0.00368602 0.00377412 0.00361179 0 0.00370028 0.0037199 0.00384452 0.00357315 0.0036246 0.00775685 0.0120147 0.0105924 0.0208507 0.0152077 0.0178956 0.00869852 0.00839654 0.00860551 0.0226587 0.0110581 0.0276713 0.0128287 0.0102663 0.00981346 0.00883569 0.0219773 0.00880781 0.00976379 0.009194 0.0101205 0.0120381 0.00875518 0.0089903 0.0082656 0.00822558 0.00855104 0.00826409 0.00821436 0.00862033 0.00831076 0.00845428 0.00815776 0.008225 0.00815897 
0.00457809 0.00368745 0.00379587 0.00370028 0 0.00363207 0.00357115 0.00364492 0.00393472 0.00846381 0.00799988 0.0139491 0.0129801 0.024265 0.0115753 0.00852875 0.00841223 0.00974538 0.00907361 0.0165952 0.0142052 0.0115171 0.00960924 0.00848663 0.00989622 0.00996545 0.0100149 0.00858258 0.00865712 0.00924048 0.0100367 0.00884388 0.00820875 0.00809043 0.00810434 0.00808539 0.00807671 0.00826988 0.00817188 0.00817048 0.00811935 0.00805892 0.00806197 0.00807473 
0.00397816 0.00367718 0.00371392 0.0037199 0.00363207 0 0.003595 0.00362411 0.00358649 0.00942565 0.0112312 0.0144068 0.021391 0.0141631 0.00829432 0.00814405 0.00797493 0.00951415 0.00906965 0.0119661 0.0121127 0.00982437 0.0091511 0.00845279 0.0085578 0.0102288 0.00882121 0.00858078 0.00848627 0.00866775 0.00974318 0.00858667 0.00813399 0.00807861 0.00807324 0.00799895 0.00802574 0.00815025 0.00809817 0.00816026 0.00807655 0.00807569 0.00805221 0.00800692 
0.00466707 0.00393633 0.00376392 0.00384452 0.00357115 0.003595 0 0.00361124 0.00358061 0.00729607 0.00973075 0.013028 0.0237675 0.00882783 0.00791045 0.00786463 0.00781775 0.00865223 0.0114651 0.00945293 0.0129074 0.0093581 0.0090051 0.00841261 0.0085233 0.0106565 0.00869598 0.00859091 0.00833803 0.0087371 0.00971454 0.00844824 0.00826025 0.00811135 0.00811749 0.00813493 0.00804227 0.00806986 0.0081806 0.00806017 0.00810585 0.00799254 0.00803387 0.00805142 
0.00722061 0.00612655 0.00404948 0.00357315 0.00364492 0.00362411 0.00361124 0 0.00432747 0.00685617 0.0301812 0.0213063 0.0124809 0.0221578 0.00893379 0.00856055 0.00801636 0.00943278 0.00889033 0.0104382 0.00976784 0.0114136 0.00973078 0.00851919 0.00928929 0.0088582 0.0102758 0.00864671 0.0086039 0.00878272 0.00893798 0.00899175 0.00826297 0.00823857 0.00836093 0.00816723 0.00804123 0.00824829 0.0082077 0.00821066 0.00808384 0.00807211 0.0080212 0.00801071 
0.0204854 0.00517791 0.00434393 0.0036246 0.00393472 0.00358649 0.00358061 0.00432747 0 0.0329536 0.0195266 0.00975606 0.0094516 0.0133424 0.017869 0.0109161 0.0115128 0.0203091 0.00935619 0.00918343 0.00937699 0.00932943 0.0163303 0.0151758 0.00874385 0.00889016 0.00874783 0.0119766 0.0135626 0.00856948 0.0085065 0.00856608 0.00897204 0.0094308 0.00817913 0.00884748 0.0087636 0.0081406 0.00806313 0.00824979 0.00795884 0.00802654 0.00796262 0.00814029 
0.0359391 0.00981717 0.00910586 0.00775685 0.00846381 0.00942565 0.00729607 0.00685617 0.0329536 0 0.00361466 0.00355556 0.00364097 0.00366186 0.00409028 0.0138019 0.0113559 0.217613 0.0136308 0.0272031 0.0125495 0.0182399 0.0330412 0.0138343 0.0125848 0.0112111 0.010193 0.012628 0.0202604 0.0115958 0.0104478 0.00960792 0.0108866 0.00965064 0.00871391 0.00944454 0.00861997 0.00846795 0.00830728 0.00865124 0.00811716 0.0083224 0.00805691 0.00871747 
0.0146347 0.020944 0.00973768 0.0120147 0.00799988 0.0112312 0.00973075 0.0301812 0.0195266 0.00361466 0 0.00368233 0.00363919 0.00379077 0.00370653 0.00915521 0.00813852 0.0130513 0.466985 0.0145101 0.0976727 0.0538452 0.0186242 0.0348792 0.0218448 0.0456113 0.0170454 0.0140699 0.0167412 0.0438287 0.030622 0.0142389 0.0104163 0.00933266 0.0107225 0.00902974 0.00918466 0.00883612 0.0101768 0.00853094 0.0089431 0.00846192 0.0086342 0.00844598 
0.0198132 0.0113553 0.0219484 0.0105924 0.0139491 0.0144068 0.013028 0.0213063 0.00975606 0.00355556 0.00368233 0 0.00364029 0.00364528 0.00362185 0.00748 0.00703719 0.0278002 0.0132689 0.54347 0.0721824 0.0676418 0.023303 0.0132225 0.124528 0.055399 0.0608925 0.013285 0.0151846 0.0545567 0.0871968 0.0278862 0.00932092 0.0110986 0.00978941 0.00898085 0.00888667 0.0110784 0.00946247 0.00975385 0.0089351 0.00946904 0.00875292 0.00822299 
0.0135048 0.0208497 0.0136462 0.0208507 0.0129801 0.021391 0.0237675 0.0124809 0.0094516 0.00364097 0.00363919 0.00364029 0 0.00361778 0.00358808 0.00775457 0.00658406 0.013165 0.0658097 0.0522831 0.503391 0.0468648 0.0359271 0.0236429 0.0349845 0.288134 0.023182 0.0218605 0.0163728 0.0466172 0.125094 0.0181121 0.010522 0.0116493 0.0101254 0.00950367 0.00944571 0.00932297 0.0117049 0.00921702 0.0104137 0.0090956 0.00870657 0.00840032 
0.0235666 0.0166937 0.0220674 0.0152077 0.024265 0.0141631 0.00882783 0.0221578 0.0133424 0.00366186 0.00379077 0.00364528 0.00361778 0 0.00367215 0.00856391 0.00846108 0.0198912 0.0292899 0.0715329 0.0423296 0.43612 0.0334897 0.0147187 0.0538699 0.0374493 0.219716 0.0220846 0.0153301 0.0341688 0.03267 0.0597895 0.0102224 0.0108096 0.0142654 0.00911513 0.00893589 0.00986045 0.00955117 0.0112652 0.00881061 0.00873518 0.00842127 0.0080627 
0.041487 0.0164853 0.012341 0.0178956 0.0115753 0.00829432 0.00791045 0.00893379 0.017869 0.00409028 0.00370653 0.00362185 0.00358808 0.00367215 0 0.0236284 0.00902648 0.0270868 0.0232089 0.0154834 0.0276239 0.039446 0.297155 0.0351486 0.0117117 0.0245076 0.0174047 0.114985 0.0218297 0.0121521 0.0137841 0.0137738 0.0174364 0.0125818 0.00888271 0.0138243 0.01027 0.00838025 0.00847501 0.00817039 0.00820026 0.00803621 0.00808292 0.0084479 
0.016878 0.0121497 0.0086451 0.00869852 0.00852875 0.00814405 0.00786463 0.00856055 0.0109161 0.0138019 0.00915521 0.00748 0.00775457 0.00856391 0.0236284 0 0.733424 0.0154807 0.0111028 0.0107493 0.010074 0.0132309 0.0157157 0.0120924 0.0087564 0.00863101 0.00877691 0.0106927 0.0125829 0.00932311 0.00845244 0.00849928 0.00903524 0.00992084 0.00836001 0.00877345 0.00898238 0.00806128 0.00806722 0.00802642 0.00800487 0.00797866 0.00800616 0.00847343 
0.0182713 0.008871 0.00886659 0.00839654 0.00841223 0.00797493 0.00781775 0.00801636 0.0115128 0.0113559 0.00813852 0.00703719 0.00658406 0.00846108 0.00902648 0.733424 0 0.0174229 0.00699953 0.00712035 0.00695498 0.0082049 0.0142702 0.0127725 0.00887225 0.00877403 0.00901418 0.0119469 0.0159464 0.00897843 0.00862172 0.00872489 0.00951087 0.0101073 0.00858527 0.00884351 0.00880277 0.00812362 0.00805721 0.00811106 0.0079629 0.00797014 0.0080132 0.00820596 
0.0286065 0.00874516 0.0171496 0.00860551 0.00974538 0.00951415 0.00865223 0.00943278 0.0203091 0.217613 0.0130513 0.0278002 0.013165 0.0198912 0.0270868 0.0154807 0.0174229 0 0.00435156 0.00362221 0.00353979 0.00363553 0.0091178 0.0192733 0.0162422 0.00947376 0.0191426 0.0157138 0.0274931 0.0112358 0.0107868 0.0134077 0.0129073 0.0120835 0.00966073 0.0117608 0.00823129 0.00951676 0.0081118 0.00976166 0.00805606 0.00900852 0.00837893 0.00987091 
0.00919156 0.0452467 0.00873368 0.0226587 0.00907361 0.00906965 0.0114651 0.00889033 0.00935619 0.0136308 0.466985 0.0132689 0.0658097 0.0292899 0.0232089 0.0111028 0.00699953 0.00435156 0 0.00354294 0.00358375 0.00404098 0.00362818 0.0763594 0.0159028 0.0491102 0.0117552 0.0216407 0.0167435 0.0355798 0.0204046 0.0134759 0.0174953 0.00977517 0.0126585 0.0102134 0.0104067 0.00837496 0.0129829 0.00829381 0.0104207 0.00827755 0.00896784 0.00826492 
0.0262388 0.00913063 0.0572991 0.0110581 0.0165952 0.0119661 0.00945293 0.0104382 0.00918343 0.0272031 0.0145101 0.54347 0.0522831 0.0715329 0.0154834 0.0107493 0.00712035 0.00362221 0.00354294 0 0.0035474 0.00356764 0.00367514 0.0277118 0.162778 0.0264465 0.0434436 0.0112642 0.0270826 0.043332 0.0675377 0.024744 0.0093399 0.0135734 0.0108017 0.00899195 0.00875382 0.0136828 0.00912853 0.0177592 0.00888247 0.0107688 0.0084377 0.00819486 
0.0126865 0.0288689 0.015416 0.0276713 0.0142052 0.0121127 0.0129074 0.00976784 0.00937699 0.0125495 0.0976727 0.0721824 0.503391 0.0423296 0.0276239 0.010074 0.00695498 0.00353979 0.00358375 0.0035474 0 0.00357151 0.00357897 0.0432687 0.0474088 0.232203 0.0271105 0.0174438 0.0208044 0.0532683 0.0889997 0.0203436 0.0117417 0.0130245 0.0114251 0.0123743 0.00970244 0.01039 0.0160195 0.018781 0.0112506 0.010091 0.00891063 0.00831354 
0.0137884 0.0177031 0.0154026 0.0128287 0.0115171 0.00982437 0.0093581 0.0114136 0.00932943 0.0182399 0.0538452 0.0676418 0.0468648 0.43612 0.039446 0.0132309 0.0082049 0.00363553 0.00404098 0.00356764 0.00357151 0 0.00363847 0.0266493 0.0676396 0.0787454 0.188214 0.0396859 0.0208062 0.0541537 0.042237 0.0303105 0.0131501 0.0123412 0.0334409 0.0102904 0.0113836 0.0120978 0.0176558 0.0102926 0.0122603 0.00940657 0.0103403 0.00822902 
0.0214573 0.0108544 0.0135828 0.0102663 0.00960924 0.0091511 0.0090051 0.00973078 0.0163303 0.0330412 0.0186242 0.023303 0.0359271 0.0334897 0.297155 0.0157157 0.0142702 0.0091178 0.00362818 0.00367514 0.00357897 0.00363847 0 0.0279813 0.0379377 0.055504 0.0864027 0.238796 0.0371232 0.0236995 0.0178434 0.0308347 0.0186519 0.0355478 0.0114367 0.0143371 0.0190029 0.0123407 0.00955114 0.0106986 0.00859437 0.00916295 0.00848143 0.00856837 
0.0102893 0.0107276 0.00873001 0.00981346 0.00848663 0.00845279 0.00841261 0.00851919 0.0151758 0.0138343 0.0348792 0.0132225 0.0236429 0.0147187 0.0351486 0.0120924 0.0127725 0.0192733 0.0763594 0.0277118 0.0432687 0.0266493 0.0279813 0 0.00381644 0.00360391 0.00360306 0.00452702 0.0111498 0.00803868 0.00840109 0.0106267 0.845677 0.0129024 0.0108962 0.0292647 0.0120256 0.00909095 0.0113462 0.00853578 0.00967824 0.00839741 0.00894461 0.0109322 
0.0120714 0.009094 0.0165248 0.00883569 0.00989622 0.0085578 0.0085233 0.00928929 0.00874385 0.0125848 0.0218448 0.124528 0.0349845 0.0538699 0.0117117 0.0087564 0.00887225 0.0162422 0.0159028 0.162778 0.0474088 0.0676396 0.0379377 0.00381644 0 0.00363227 0.00359982 0.00366647 0.00740255 0.01421 0.0134255 0.893558 0.00837304 0.0121002 0.0185676 0.0112289 0.00940806 0.0203221 0.00915823 0.0142677 0.00858616 0.0100702 0.00891684 0.00893999 
0.010205 0.0174422 0.0107815 0.0219773 0.00996545 0.0102288 0.0106565 0.0088582 0.00889016 0.0112111 0.0456113 0.055399 0.288134 0.0374493 0.0245076 0.00863101 0.00877403 0.00947376 0.0491102 0.0264465 0.232203 0.0787454 0.055504 0.00360391 0.00363227 0 0.00353864 0.00359164 0.0088795 0.00964788 0.878648 0.0111561 0.00865801 0.0128988 0.0104588 0.0139405 0.0116521 0.010279 0.0397636 0.00984445 0.0171302 0.00961701 0.00951061 0.00876006 
0.0105005 0.00920206 0.0170005 0.00880781 0.0100149 0.00882121 0.00869598 0.0102758 0.00874783 0.010193 0.0170454 0.0608925 0.023182 0.219716 0.0174047 0.00877691 0.00901418 0.0191426 0.0117552 0.0434436 0.0271105 0.188214 0.0864027 0.00360306 0.00359982 0.00353864 0 0.00360691 0.0100227 0.953625 0.00975164 0.0149945 0.0071193 0.0123304 0.0404595 0.0113163 0.0100957 0.0226683 0.0100593 0.0143061 0.00886662 0.0104095 0.00896938 0.00840437 
0.0109338 0.0099239 0.00872594 0.00976379 0.00858258 0.00858078 0.00859091 0.00864671 0.0119766 0.012628 0.0140699 0.013285 0.0218605 0.0220846 0.114985 0.0106927 0.0119469 0.0157138 0.0216407 0.0112642 0.0174438 0.0396859 0.238796 0.00452702 0.00366647 0.00359164 0.00360691 0 0.943736 0.00829867 0.0103416 0.00812295 0.0151683 0.0154985 0.011526 0.0457452 0.0180232 0.00913925 0.0103356 0.00895461 0.00880789 0.00849154 0.00874282 0.00981452 
0.0138042 0.00997342 0.00986798 0.009194 0.00865712 0.00848627 0.00833803 0.0086039 0.0135626 0.0202604 0.0167412 0.0151846 0.0163728 0.0153301 0.0218297 0.0125829 0.0159464 0.0274931 0.0167435 0.0270826 0.0208044 0.0208062 0.0371232 0.0111498 0.00740255 0.0088795 0.0100227 0.943736 0 0.00379643 0.00360919 0.00369817 0.0047052 0.0172071 0.0117034 0.231425 0.0157942 0.0101961 0.00957557 0.00974784 0.0104405 0.00904816 0.00951529 0.0128028 
0.0095512 0.0120382 0.0117765 0.0101205 0.00924048 0.00866775 0.0087371 0.00878272 0.00856948 0.0115958 0.0438287 0.0545567 0.0466172 0.0341688 0.0121521 0.00932311 0.00897843 0.0112358 0.0355798 0.043332 0.0532683 0.0541537 0.0236995 0.00803868 0.01421 0.00964788 0.953625 0.00829867 0.00379643 0 0.00358326 0.00360252 0.00355948 0.0102642 0.3308 0.0185376 0.0144516 0.0201942 0.0140421 0.0137282 0.0108598 0.0114686 0.0108334 0.00884217 
0.0100687 0.0101241 0.0145067 0.0120381 0.0100367 0.00974318 0.00971454 0.00893798 0.0085065 0.0104478 0.030622 0.0871968 0.125094 0.03267 0.0137841 0.00845244 0.00862172 0.0107868 0.0204046 0.0675377 0.0889997 0.042237 0.0178434 0.00840109 0.0134255 0.878648 0.00975164 0.0103416 0.00360919 0.00358326 0 0.00357961 0.00355445 0.181084 0.0174822 0.0182434 0.0114684 0.0169868 0.0261336 0.0161876 0.0152428 0.0123105 0.0108847 0.00864326 
0.00933404 0.00915767 0.0104341 0.00875518 0.00884388 0.00858667 0.00844824 0.00899175 0.00856608 0.00960792 0.0142389 0.0278862 0.0181121 0.0597895 0.0137738 0.00849928 0.00872489 0.0134077 0.0134759 0.024744 0.0203436 0.0303105 0.0308347 0.0106267 0.893558 0.0111561 0.0149945 0.00812295 0.00369817 0.00360252 0.00357961 0 0.00359443 0.0259101 0.0910781 0.0100841 0.0112633 0.0208394 0.00983695 0.0129781 0.00899896 0.00913907 0.00954146 0.00877372 
0.00968324 0.00912907 0.00824898 0.0089903 0.00820875 0.00813399 0.00826025 0.00826297 0.00897204 0.0108866 0.0104163 0.00932092 0.010522 0.0102224 0.0174364 0.00903524 0.00951087 0.0129073 0.0174953 0.0093399 0.0117417 0.0131501 0.0186519 0.845677 0.00837304 0.00865801 0.0071193 0.0151683 0.0047052 0.00355948 0.00355445 0.00359443 0 0.0285739 0.00987707 0.0373957 0.0190254 0.00857411 0.0101953 0.00848604 0.00869539 0.00819551 0.00845219 0.00904419 
0.00953104 0.00829911 0.00861263 0.0082656 0.00809043 0.00807861 0.00811135 0.00823857 0.0094308 0.00965064 0.00933266 0.0110986 0.0116493 0.0108096 0.0125818 0.00992084 0.0101073 0.0120835 0.00977517 0.0135734 0.0130245 0.0123412 0.0355478 0.0129024 0.0121002 0.0128988 0.0123304 0.0154985 0.0172071 0.0102642 0.181084 0.0259101 0.0285739 0 0.00365469 0.00398424 0.0262638 0.0109587 0.00933853 0.00957326 0.00897576 0.00915513 0.00953556 0.012111 
0.00873265 0.00860284 0.00836344 0.00822558 0.00810434 0.00807324 0.00811749 0.00836093 0.00817913 0.00871391 0.0107225 0.00978941 0.0101254 0.0142654 0.00888271 0.00836001 0.00858527 0.00966073 0.0126585 0.0108017 0.0114251 0.0334409 0.0114367 0.0108962 0.0185676 0.0104588 0.0404595 0.011526 0.0117034 0.3308 0.0174822 0.0910781 0.00987707 0.00365469 0 0.00356415 0.0113673 0.0164273 0.00947146 0.0099417 0.00864345 0.00927214 0.0107529 0.00848053 
0.00945695 0.00875023 0.00817094 0.00855104 0.00808539 0.00799895 0.00813493 0.00816723 0.00884748 0.00944454 0.00902974 0.00898085 0.00950367 0.00911513 0.0138243 0.00877345 0.00884351 0.0117608 0.0102134 0.00899195 0.0123743 0.0102904 0.0143371 0.0292647 0.0112289 0.0139405 0.0113163 0.0457452 0.231425 0.0185376 0.0182434 0.0100841 0.0373957 0.00398424 0.00356415 0 0.0185017 0.00946359 0.0125901 0.00948544 0.0102699 0.00902377 0.01028 0.014682 
0.00845664 0.00838252 0.0081765 0.00826409 0.00807671 0.00802574 0.00804227 0.00804123 0.0087636 0.00861997 0.00918466 0.00888667 0.00944571 0.00893589 0.01027 0.00898238 0.00880277 0.00823129 0.0104067 0.00875382 0.00970244 0.0113836 0.0190029 0.0120256 0.00940806 0.0116521 0.0100957 0.0180232 0.0157942 0.0144516 0.0114684 0.0112633 0.0190254 0.0262638 0.0113673 0.0185017 0 0.00368645 0.00369017 0.00363811 0.00362674 0.00396893 0.00433868 0.00930266 
0.00877229 0.00830382 0.0086658 0.00821436 0.00826988 0.00815025 0.00806986 0.00824829 0.0081406 0.00846795 0.00883612 0.0110784 0.00932297 0.00986045 0.00838025 0.00806128 0.00812362 0.00951676 0.00837496 0.0136828 0.01039 0.0120978 0.0123407 0.00909095 0.0203221 0.010279 0.0226683 0.00913925 0.0101961 0.0201942 0.0169868 0.0208394 0.00857411 0.0109587 0.0164273 0.00946359 0.00368645 0 0.00358121 0.00364011 0.00354524 0.00357778 0.00395663 0.00436696 
0.00818348 0.00928813 0.00826211 0.00862033 0.00817188 0.00809817 0.0081806 0.0082077 0.00806313 0.00830728 0.0101768 0.00946247 0.0117049 0.00955117 0.00847501 0.00806722 0.00805721 0.0081118 0.0129829 0.00912853 0.0160195 0.0176558 0.00955114 0.0113462 0.00915823 0.0397636 0.0100593 0.0103356 0.00957557 0.0140421 0.0261336 0.00983695 0.0101953 0.00933853 0.00947146 0.0125901 0.00369017 0.00358121 0 0.00377745 0.00407494 0.00357195 0.00364959 0.00390514 
0.00853571 0.00829083 0.00861792 0.00831076 0.00817048 0.00816026 0.00806017 0.00821066 0.00824979 0.00865124 0.00853094 0.00975385 0.00921702 0.0112652 0.00817039 0.00802642 0.00811106 0.00976166 0.00829381 0.0177592 0.018781 0.0102926 0.0106986 0.00853578 0.0142677 0.00984445 0.0143061 0.00895461 0.00974784 0.0137282 0.0161876 0.0129781 0.00848604 0.00957326 0.0099417 0.00948544 0.00363811 0.00364011 0.00377745 0 0.00352044 0.00366024 0.00359557 0.00383584 
0.00804748 0.00885224 0.00818021 0.00845428 0.00811935 0.00807655 0.00810585 0.00808384 0.00795884 0.00811716 0.0089431 0.0089351 0.0104137 0.00881061 0.00820026 0.00800487 0.0079629 0.00805606 0.0104207 0.00888247 0.0112506 0.0122603 0.00859437 0.00967824 0.00858616 0.0171302 0.00886662 0.00880789 0.0104405 0.0108598 0.0152428 0.00899896 0.00869539 0.00897576 0.00864345 0.0102699 0.00362674 0.00354524 0.00407494 0.00352044 0 0.00352915 0.00357482 0.00367467 
0.00823827 0.00819265 0.00832821 0.00815776 0.00805892 0.00807569 0.00799254 0.00807211 0.00802654 0.0083224 0.00846192 0.00946904 0.0090956 0.00873518 0.00803621 0.00797866 0.00797014 0.00900852 0.00827755 0.0107688 0.010091 0.00940657 0.00916295 0.00839741 0.0100702 0.00961701 0.0104095 0.00849154 0.00904816 0.0114686 0.0123105 0.00913907 0.00819551 0.00915513 0.00927214 0.00902377 0.00396893 0.00357778 0.00357195 0.00366024 0.00352915 0 0.00356677 0.00371825 
0.00814152 0.0083921 0.00814614 0.008225 0.00806197 0.00805221 0.00803387 0.0080212 0.00796262 0.00805691 0.0086342 0.00875292 0.00870657 0.00842127 0.00808292 0.00800616 0.0080132 0.00837893 0.00896784 0.0084377 0.00891063 0.0103403 0.00848143 0.00894461 0.00891684 0.00951061 0.00896938 0.00874282 0.00951529 0.0108334 0.0108847 0.00954146 0.00845219 0.00953556 0.0107529 0.01028 0.00433868 0.00395663 0.00364959 0.00359557 0.00357482 0.00356677 0 0.00364982 
0.00883915 0.00826579 0.00823652 0.00815897 0.00807473 0.00800692 0.00805142 0.00801071 0.00814029 0.00871747 0.00844598 0.00822299 0.00840032 0.0080627 0.0084479 0.00847343 0.00820596 0.00987091 0.00826492 0.00819486 0.00831354 0.00822902 0.00856837 0.0109322 0.00893999 0.00876006 0.00840437 0.00981452 0.0128028 0.00884217 0.00864326 0.00877372 0.00904419 0.012111 0.00848053 0.014682 0.00930266 0.00436696 0.00390514 0.00383584 0.00367467 0.00371825 0.00364982 0 
