1J2LA
GEECDCGSPSNPCCDAATCKLRPGAQCADGLCCDQCRFKKKRTICRIARGDFPDDRCTGQSADCPRWN
CCCCCCCCCCCCCECCCCCCECCCCCCCCCCCEECCEECCCCCEEECCCCCCCCEECCCCCCCCCCCC
0 0 0 0 0 0 0 0 0 0 0 0 0 0 0 0 0 0 0 0 0 0 0 0 0 0 0 0 0 0 0 0 0 0 0 0 0 0 0 0 0 0 0 0 0 0 0 0 0 0 0 0 0 0 0 0 0 0 0 0 0 0 0 0 0 0 0 0 
0 0 0 0 0 0 0 0 0 0 0 0 0 0 0 0 0 0 0 0 0 0 0 0 0 0 0 0 0 0 0 0 0 0 0 0 0 0 0 0 0 0 0 0 0 0 0 0 0 0 0 0 0 0 0 0 0 0 0 0 0 0 0 0 0 0 0 0 
0 0.851543 0.0194562 0.0185542 0.0135654 0.0199405 0.0133333 0.0138412 0.0133919 0.0116443 0.0127477 
0.851543 0 0.0540005 0.01054 0.0118339 0.0224258 0.017288 0.0125243 0.0156359 0.0145554 0.0113783 
0.0194562 0.0540005 0 0.00385999 0.00485957 0.828118 0.0079555 0.0122155 0.0284925 0.0120847 0.0248541 
0.0185542 0.01054 0.00385999 0 0.783411 0.00368889 0.00936807 0.0213733 0.0109483 0.0149373 0.008446 
0.0135654 0.0118339 0.00485957 0.783411 0 0.00469668 0.0136491 0.0298147 0.031281 0.00681976 0.0229914 
0.0199405 0.0224258 0.828118 0.00368889 0.00469668 0 0.0279468 0.0104453 0.00463163 0.0175022 0.00896835 
0.0133333 0.017288 0.0079555 0.00936807 0.0136491 0.0279468 0 0.0036213 0.00367835 0.00551308 0.329583 
0.0138412 0.0125243 0.0122155 0.0213733 0.0298147 0.0104453 0.0036213 0 0.00354562 0.0467461 0.0172487 
0.0133919 0.0156359 0.0284925 0.0109483 0.031281 0.00463163 0.00367835 0.00354562 0 0.0822465 0.0137613 
0.0116443 0.0145554 0.0120847 0.0149373 0.00681976 0.0175022 0.00551308 0.0467461 0.0822465 0 0.00375608 
0.0127477 0.0113783 0.0248541 0.008446 0.0229914 0.00896835 0.329583 0.0172487 0.0137613 0.00375608 0 
