1J3WB
VEPSLVLYGAPYERAVEVLEETLRETGARYALLIDRKGFVLAHKEALWAPKPPPLDTLATLVAGNAAATQALAKLLGEARFQEEVHQGERMGLYVDEAGEHALLVLVFDETAPLGKVKLHGKRASEALARIAEEA
CCCCCCCCHHHHHHHHHHHHHHHHHHCCCEEEEEECCCCEEEEEECCCCCCCCCHHHHHHHHHHHHHHCHHHHHHCCCCCCCEEEEECCCCEEEEEECCCCEEEEEEECCCCCHHHHHHHHHHHHHHHHHHHHHC
0 0 0 0 0 0 0 0 0 0 0 0 0 0 0 0 0 0 0 0 0 0 0 0 0 0 0 0 0 0 0 0 0 0 0 0 0 0 0 0 0 0 0 0 0 0 0 0 0 0 0 0 0 0 0 0 0 0 0 0 0 0 0 0 0 0 0 0 0 0 0 0 0 0 0 0 0 0 0 0 0 0 0 0 0 0 0 0 0 0 0 0 0 0 0 0 0 0 0 0 0 0 0 0 0 0 0 0 0 0 0 0 0 0 0 0 0 0 0 0 0 0 0 0 0 0 0 0 0 0 0 0 0 0 0 
0 0 0 0 0 0 0 0 0 0 0 0 0 0 0 0 0 0 0 0 0 0 0 0 0 0 0 0 0 0 0 0 0 0 0 0 0 0 0 0 0 0 0 0 0 0 0 0 0 0 0 0 0 0 0 0 0 0 0 0 0 0 0 0 0 0 0 0 0 0 0 0 0 0 0 0 0 0 0 0 0 0 0 0 0 0 0 0 0 0 0 0 0 0 0 0 0 0 0 0 0 0 0 0 0 0 0 0 0 0 0 0 0 0 0 0 0 0 0 0 0 0 0 0 0 0 0 0 0 0 0 0 0 0 0 
0 0.00374478 0.0035746 0.00366864 0.00402232 0.0054315 0.0173071 0.00726237 0.00913313 0.0109048 0.012556 0.925701 0.0232008 0.0114309 0.0116235 0.0102233 0.0216233 0.0183971 0.013499 0.0111028 0.0122679 0.010603 0.0211815 0.0198255 0.019457 0.0168989 0.0188522 0.017632 0.0156921 0.020446 
0.00374478 0 0.0035941 0.00357416 0.00669264 0.0036627 0.00718867 0.0116188 0.0121636 0.0130545 0.888274 0.0225794 0.0230529 0.0511185 0.0237907 0.023698 0.0100839 0.0151745 0.0476949 0.0228957 0.0279599 0.0264305 0.0113179 0.0162131 0.0461187 0.0557598 0.0515299 0.0957929 0.0326498 0.0124136 
0.0035746 0.0035941 0 0.00517957 0.00355208 0.00355342 0.00749045 0.0104819 0.0279528 0.835504 0.0368326 0.0083144 0.0212198 0.0356468 0.0785588 0.020915 0.0106356 0.0122555 0.0293562 0.0834958 0.0873357 0.0259058 0.0143151 0.0142581 0.0466257 0.12942 0.174893 0.142828 0.0575288 0.0119409 
0.00366864 0.00357416 0.00517957 0 0.0035362 0.00367007 0.0132883 0.0412263 0.821776 0.0336178 0.0102754 0.00834998 0.0134006 0.0425358 0.0472774 0.0267619 0.0102413 0.0128566 0.0241817 0.110785 0.0550001 0.0293673 0.0140356 0.0120864 0.0389217 0.141541 0.148672 0.154126 0.0618903 0.0124046 
0.00402232 0.00669264 0.00355208 0.0035362 0 0.00354425 0.435821 0.253421 0.0123232 0.010746 0.0106398 0.00792057 0.0171394 0.0181312 0.023153 0.0278772 0.0148481 0.0106594 0.0338747 0.0172678 0.0313346 0.0345039 0.0191311 0.0110358 0.0228856 0.0352608 0.0388021 0.0365704 0.0705942 0.0185 
0.0054315 0.0036627 0.00355342 0.00367007 0.00354425 0 0.266549 0.00620766 0.00472707 0.00453448 0.0052907 0.00901924 0.0177013 0.0106854 0.0108429 0.0123402 0.016306 0.024473 0.00996691 0.0131081 0.0103164 0.012119 0.0217899 0.0159601 0.013972 0.0125518 0.0150248 0.0122086 0.0157153 0.0167749 
0.0173071 0.00718867 0.00749045 0.0132883 0.435821 0.266549 0 0.0036271 0.00358512 0.00365721 0.0043803 0.00592986 0.0386457 0.0127245 0.0108666 0.0108118 0.0185065 0.017253 0.00978023 0.0123717 0.0102893 0.0122916 0.0175328 0.0151 0.0140507 0.0148709 0.0166295 0.0149336 0.0131446 0.0223637 
0.00726237 0.0116188 0.0104819 0.0412263 0.253421 0.00620766 0.0036271 0 0.00356649 0.00356356 0.00362811 0.00360559 0.0325872 0.0251516 0.0124348 0.01398 0.00939582 0.00996981 0.0197736 0.0129764 0.0161472 0.013849 0.0106697 0.0111723 0.0198673 0.0248307 0.0272378 0.0275543 0.0216811 0.0099093 
0.00913313 0.0121636 0.0279528 0.821776 0.0123232 0.00472707 0.00358512 0.00356649 0 0.00353928 0.00355606 0.003649 0.015121 0.0151707 0.0379593 0.0110579 0.00988191 0.00960219 0.0125676 0.0160997 0.0238338 0.0114226 0.0102156 0.00974031 0.0145971 0.0318203 0.0337731 0.0388436 0.0173605 0.0105165 
0.0109048 0.0130545 0.835504 0.0336178 0.010746 0.00453448 0.00365721 0.00356356 0.00353928 0 0.0036851 0.00357326 0.011089 0.0205627 0.018821 0.0166046 0.00866302 0.00961593 0.00953583 0.0222947 0.0113381 0.010481 0.00888224 0.00899214 0.0115164 0.016894 0.0219261 0.0176795 0.0116602 0.00894064 
0.012556 0.888274 0.0368326 0.0102754 0.0106398 0.0052907 0.0043803 0.00362811 0.00355606 0.0036851 0 0.00357723 0.012655 0.0125462 0.0194662 0.0160296 0.00923407 0.00917157 0.0169125 0.0091708 0.0123416 0.010149 0.00905293 0.00918387 0.0113698 0.0141638 0.0111761 0.0122457 0.0122379 0.00904229 
0.925701 0.0225794 0.0083144 0.00834998 0.00792057 0.00901924 0.00592986 0.00360559 0.003649 0.00357326 0.00357723 0 0.0219386 0.0106852 0.0107115 0.0178055 0.0295918 0.0263342 0.00957674 0.0113399 0.00888171 0.00971067 0.0191258 0.0149644 0.0104354 0.0100744 0.0103089 0.00980138 0.0103882 0.010244 
0.0232008 0.0230529 0.0212198 0.0134006 0.0171394 0.0177013 0.0386457 0.0325872 0.015121 0.011089 0.012655 0.0219386 0 0.00358376 0.00356911 0.00360307 0.00371721 0.00623638 0.00654143 0.00790071 0.0331146 0.829905 0.0390315 0.0154014 0.0159862 0.0124581 0.0174801 0.0158183 0.013525 0.0439484 
0.0114309 0.0511185 0.0356468 0.0425358 0.0181312 0.0106854 0.0127245 0.0251516 0.0151707 0.0205627 0.0125462 0.0106852 0.00358376 0 0.00353059 0.00358208 0.00357968 0.00424304 0.0078858 0.0151488 0.864219 0.0290403 0.00799654 0.00867865 0.0267247 0.0156348 0.0244135 0.0215992 0.0441075 0.0112569 
0.0116235 0.0237907 0.0785588 0.0472774 0.023153 0.0108429 0.0108666 0.0124348 0.0379593 0.018821 0.0194662 0.0107115 0.00356911 0.00353059 0 0.00354423 0.00354693 0.00473794 0.00916662 0.935551 0.041243 0.0083878 0.00706018 0.00819338 0.0106992 0.0317546 0.0213337 0.0695447 0.0255766 0.0142429 
0.0102233 0.023698 0.020915 0.0267619 0.0278772 0.0123402 0.0108118 0.01398 0.0110579 0.0166046 0.0160296 0.0178055 0.00360307 0.00358208 0.00354423 0 0.00359967 0.0117126 0.907142 0.0331908 0.0082653 0.00767387 0.00777831 0.00761474 0.0171507 0.0126216 0.0283517 0.0158746 0.0587258 0.0150985 
0.0216233 0.0100839 0.0106356 0.0102413 0.0148481 0.016306 0.0185065 0.00939582 0.00988191 0.00866302 0.00923407 0.0295918 0.00371721 0.00357968 0.00354693 0.00359967 0 0.93062 0.0146547 0.00971676 0.00413332 0.0054548 0.00751847 0.0120104 0.00896287 0.0106221 0.00962886 0.0101899 0.0221441 0.0310992 
0.0183971 0.0151745 0.0122555 0.0128566 0.0106594 0.024473 0.017253 0.00996981 0.00960219 0.00961593 0.00917157 0.0263342 0.00623638 0.00424304 0.00473794 0.0117126 0.93062 0 0.0035716 0.00355916 0.00355153 0.00357372 0.00412641 0.00742853 0.00809087 0.00772105 0.0137781 0.0139051 0.0227216 0.876703 
0.013499 0.0476949 0.0293562 0.0241817 0.0338747 0.00996691 0.00978023 0.0197736 0.0125676 0.00953583 0.0169125 0.00957674 0.00654143 0.0078858 0.00916662 0.907142 0.0146547 0.0035716 0 0.0035467 0.00356719 0.00359802 0.00357755 0.00780489 0.00898858 0.0111509 0.0161762 0.0478581 0.880314 0.0168005 
0.0111028 0.0228957 0.0834958 0.110785 0.0172678 0.0131081 0.0123717 0.0129764 0.0160997 0.0222947 0.0091708 0.0113399 0.00790071 0.0151488 0.935551 0.0331908 0.00971676 0.00355916 0.0035467 0 0.00356429 0.00352967 0.00362393 0.00564918 0.00843142 0.0292225 0.0606842 0.912548 0.0332289 0.0104397 
0.0122679 0.0279599 0.0873357 0.0550001 0.0313346 0.0103164 0.0102893 0.0161472 0.0238338 0.0113381 0.0123416 0.00888171 0.0331146 0.864219 0.041243 0.0082653 0.00413332 0.00355153 0.00356719 0.00356429 0 0.00353555 0.00355886 0.00501862 0.0169335 0.0334138 0.90612 0.0270218 0.0115237 0.00895865 
0.010603 0.0264305 0.0259058 0.0293673 0.0345039 0.012119 0.0122916 0.013849 0.0114226 0.010481 0.010149 0.00971067 0.829905 0.0290403 0.0083878 0.00767387 0.0054548 0.00357372 0.00359802 0.00352967 0.00353555 0 0.00353356 0.00640754 0.0221042 0.8321 0.0127955 0.00901096 0.0143574 0.010821 
0.0211815 0.0113179 0.0143151 0.0140356 0.0191311 0.0217899 0.0175328 0.0106697 0.0102156 0.00888224 0.00905293 0.0191258 0.0390315 0.00799654 0.00706018 0.00777831 0.00751847 0.00412641 0.00357755 0.00362393 0.00355886 0.00353356 0 0.0273776 0.75255 0.00525461 0.00627824 0.00744192 0.0128485 0.0209831 
0.0198255 0.0162131 0.0142581 0.0120864 0.0110358 0.0159601 0.0151 0.0111723 0.00974031 0.00899214 0.00918387 0.0149644 0.0154014 0.00867865 0.00819338 0.00761474 0.0120104 0.00742853 0.00780489 0.00564918 0.00501862 0.00640754 0.0273776 0 0.00358089 0.00357515 0.00366812 0.00367398 0.00369849 0.00867468 
0.019457 0.0461187 0.0466257 0.0389217 0.0228856 0.013972 0.0140507 0.0198673 0.0145971 0.0115164 0.0113698 0.0104354 0.0159862 0.0267247 0.0106992 0.0171507 0.00896287 0.00809087 0.00898858 0.00843142 0.0169335 0.0221042 0.75255 0.00358089 0 0.00358134 0.00360188 0.00375713 0.00389595 0.00429751 
0.0168989 0.0557598 0.12942 0.141541 0.0352608 0.0125518 0.0148709 0.0248307 0.0318203 0.016894 0.0141638 0.0100744 0.0124581 0.0156348 0.0317546 0.0126216 0.0106221 0.00772105 0.0111509 0.0292225 0.0334138 0.8321 0.00525461 0.00357515 0.00358134 0 0.00357564 0.00367497 0.00369011 0.00367843 
0.0188522 0.0515299 0.174893 0.148672 0.0388021 0.0150248 0.0166295 0.0272378 0.0337731 0.0219261 0.0111761 0.0103089 0.0174801 0.0244135 0.0213337 0.0283517 0.00962886 0.0137781 0.0161762 0.0606842 0.90612 0.0127955 0.00627824 0.00366812 0.00360188 0.00357564 0 0.00361341 0.00360165 0.00402466 
0.017632 0.0957929 0.142828 0.154126 0.0365704 0.0122086 0.0149336 0.0275543 0.0388436 0.0176795 0.0122457 0.00980138 0.0158183 0.0215992 0.0695447 0.0158746 0.0101899 0.0139051 0.0478581 0.912548 0.0270218 0.00901096 0.00744192 0.00367398 0.00375713 0.00367497 0.00361341 0 0.003621 0.00359308 
0.0156921 0.0326498 0.0575288 0.0618903 0.0705942 0.0157153 0.0131446 0.0216811 0.0173605 0.0116602 0.0122379 0.0103882 0.013525 0.0441075 0.0255766 0.0587258 0.0221441 0.0227216 0.880314 0.0332289 0.0115237 0.0143574 0.0128485 0.00369849 0.00389595 0.00369011 0.00360165 0.003621 0 0.00356346 
0.020446 0.0124136 0.0119409 0.0124046 0.0185 0.0167749 0.0223637 0.0099093 0.0105165 0.00894064 0.00904229 0.010244 0.0439484 0.0112569 0.0142429 0.0150985 0.0310992 0.876703 0.0168005 0.0104397 0.00895865 0.010821 0.0209831 0.00867468 0.00429751 0.00367843 0.00402466 0.00359308 0.00356346 0 
