1JJ22
MQMPRRFNTYCPHCNEHQEHEVEKVRSGRQTGMKWIDRQRERNSGIGNDGKFSKVPGGDKPTKKTDLKYRCGECGKAHLREGWRAGRLEFQE
CEEECEEEEEECCCCEEEEEEEEECCCCCCCCCCHHHHHHHHHCCCCCCHHHHCCCCCCCCCCECCEEEEECCCCCEECCCCCECCCCEEEC
0 0 0 0 0 0 0 0 0 0 0 0 0 0 0 0 0 0 0 0 0 0 0 0 0 0 0 0 0 0 0 0 0 0 0 0 0 0 0 0 0 0 0 0 0 0 0 0 0 0 0 0 0 0 0 0 0 0 0 0 0 0 0 0 0 0 0 0 0 0 0 0 0 0 0 0 0 0 0 0 0 0 0 0 0 0 0 0 0 0 0 0 
0 0 0 0 0 0 0 0 0 0 0 0 0 0 0 0 0 0 0 0 0 0 0 0 0 0 0 0 0 0 0 0 0 0 0 0 0 0 0 0 0 0 0 0 0 0 0 0 0 0 0 0 0 0 0 0 0 0 0 0 0 0 0 0 0 0 0 0 0 0 0 0 0 0 0 0 0 0 0 0 0 0 0 0 0 0 0 0 0 0 0 0 
0 0.00371339 0.00399494 0.00427739 0.0125295 0.00883663 0.00378169 0.00618375 0.00616464 0.00907609 0.00724746 0.00763113 0.0159974 0.00846496 0.0316282 0.00935397 0.0539571 0.0863801 0.0146518 0.00873551 0.0116166 0.00941339 0.0131145 0.00892888 0.00927108 0.00852208 0.0101955 0.0126362 0.00837078 0.0182658 
0.00371339 0 0.00363419 0.00365458 0.00864843 0.00370086 0.00430047 0.00421753 0.00483558 0.00526672 0.00669047 0.00666282 0.00613399 0.00890556 0.00725766 0.0258155 0.0650592 0.00964481 0.00854432 0.0126424 0.00865121 0.01143 0.0082935 0.00899288 0.00853297 0.00899786 0.00812594 0.00870354 0.0386615 0.00820567 
0.00399494 0.00363419 0 0.00515174 0.00365087 0.0040342 0.00367558 0.00373182 0.00361277 0.00823177 0.0072954 0.00582548 0.00602844 0.00623911 0.01103 0.0419295 0.00901425 0.00872657 0.0101075 0.0106596 0.00894373 0.00867123 0.00862126 0.00872171 0.00855206 0.00823985 0.00899166 0.0112453 0.00828158 0.00888662 
0.00427739 0.00365458 0.00515174 0 0.00375682 0.00379282 0.00364141 0.0042612 0.00438244 0.00509341 0.00606211 0.00543233 0.00731359 0.00921891 0.87623 0.00859073 0.0109955 0.0134628 0.0189975 0.00895988 0.0138422 0.00837395 0.0159112 0.00887798 0.0101007 0.008562 0.0133646 0.0132158 0.00810819 0.0118631 
0.0125295 0.00864843 0.00365087 0.00375682 0 0.00360796 0.00364678 0.00366429 0.004605 0.00478837 0.00560635 0.0072891 0.00682183 0.895902 0.0112787 0.0113484 0.00826045 0.0119375 0.00998809 0.0191914 0.00856275 0.028145 0.00864674 0.0257528 0.00860057 0.00971408 0.00837031 0.00837412 0.0173869 0.00838668 
0.00883663 0.00370086 0.0040342 0.00379282 0.00360796 0 0.00359683 0.0035813 0.00355794 0.00384781 0.0186237 0.00758758 0.937285 0.00698545 0.0168641 0.00676211 0.0108301 0.00744039 0.0106852 0.00848747 0.0211566 0.00858544 0.0583428 0.00822404 0.00849736 0.0082238 0.00862954 0.0123797 0.00826071 0.00910725 
0.00378169 0.00430047 0.00367558 0.00364141 0.00364678 0.00359683 0 0.00360822 0.00353556 0.00740959 0.00627717 0.952765 0.00667985 0.0103828 0.00595197 0.0180713 0.00675283 0.00745373 0.00857551 0.0156945 0.00863754 0.0478725 0.00847905 0.0095435 0.00810874 0.00827474 0.00810935 0.008166 0.0102417 0.00849423 
0.00618375 0.00421753 0.00373182 0.0042612 0.00366429 0.0035813 0.00360822 0 0.00364763 0.00723848 0.970813 0.00480086 0.00911632 0.00502301 0.0109018 0.00576818 0.00781109 0.00707665 0.0118656 0.00957422 0.0337958 0.00870745 0.0162324 0.00831258 0.00901956 0.00848473 0.00891899 0.0124907 0.0088857 0.0110924 
0.00616464 0.00483558 0.00361277 0.00438244 0.004605 0.00355794 0.00353556 0.00364763 0 0.982469 0.00512249 0.00473871 0.00384994 0.00619505 0.00461677 0.0061515 0.00597931 0.00713244 0.0111389 0.027741 0.00877041 0.0103834 0.00837304 0.0105861 0.00890555 0.00940206 0.0098432 0.00949912 0.0108936 0.0087372 
0.00907609 0.00526672 0.00823177 0.00509341 0.00478837 0.00384781 0.00740959 0.00723848 0.982469 0 0.00365801 0.00352622 0.00357096 0.00392264 0.0038783 0.00376738 0.00404718 0.00492063 0.0156008 0.011035 0.00907979 0.0091817 0.008709 0.0127207 0.00868545 0.00931114 0.00948981 0.0103852 0.00876707 0.0103418 
0.00724746 0.00669047 0.0072954 0.00606211 0.00560635 0.0186237 0.00627717 0.970813 0.00512249 0.00365801 0 0.00363684 0.00354674 0.00362916 0.0035524 0.00370402 0.00410238 0.00417806 0.0102269 0.00965625 0.0113991 0.00868394 0.0144554 0.00830565 0.00858233 0.00834836 0.00824578 0.00908856 0.00875038 0.0086787 
0.00763113 0.00666282 0.00582548 0.00543233 0.0072891 0.00758758 0.952765 0.00480086 0.00473871 0.00352622 0.00363684 0 0.00352108 0.00355125 0.00358021 0.00369303 0.0036313 0.00369731 0.00909404 0.0107904 0.00868728 0.0151365 0.00834311 0.011236 0.00820848 0.00852166 0.00810308 0.00847035 0.00903993 0.0083107 
0.0159974 0.00613399 0.00602844 0.00731359 0.00682183 0.937285 0.00667985 0.00911632 0.00384994 0.00357096 0.00354674 0.00352108 0 0.00348613 0.00354738 0.00352996 0.00350973 0.00367755 0.00994231 0.00900722 0.0202276 0.00868803 0.0195315 0.00820152 0.00859349 0.00826843 0.00841282 0.0102109 0.00838575 0.00956984 
0.00846496 0.00890556 0.00623911 0.00921891 0.895902 0.00698545 0.0103828 0.00502301 0.00619505 0.00392264 0.00362916 0.00355125 0.00348613 0 0.00353288 0.00356875 0.00357284 0.00369547 0.00922394 0.0192049 0.00878579 0.0292548 0.00834902 0.0614075 0.00822007 0.00855228 0.00817438 0.00834142 0.0114892 0.00840824 
0.0316282 0.00725766 0.01103 0.87623 0.0112787 0.0168641 0.00595197 0.0109018 0.00461677 0.0038783 0.0035524 0.00358021 0.00354738 0.00353288 0 0.00352129 0.00355138 0.00361674 0.015875 0.00887994 0.0341187 0.00868368 0.171928 0.00834901 0.00918113 0.00834948 0.00949718 0.013402 0.00839114 0.0105303 
0.00935397 0.0258155 0.0419295 0.00859073 0.0113484 0.00676211 0.0180713 0.00576818 0.0061515 0.00376738 0.00370402 0.00369303 0.00352996 0.00356875 0.00352129 0 0.0035439 0.00389097 0.00956967 0.0233351 0.00876995 0.248219 0.00867049 0.0131411 0.00844977 0.00890974 0.00828053 0.00841435 0.0109949 0.00884459 
0.0539571 0.0650592 0.00901425 0.0109955 0.00826045 0.0108301 0.00675283 0.00781109 0.00597931 0.00404718 0.00410238 0.0036313 0.00350973 0.00357284 0.00355138 0.0035439 0 0.00366004 0.0132304 0.0100284 0.219169 0.00910115 0.0252994 0.00884658 0.00948743 0.00924528 0.00896992 0.0119054 0.0105908 0.00905121 
0.0863801 0.00964481 0.00872657 0.0134628 0.0119375 0.00744039 0.00745373 0.00707665 0.00713244 0.00492063 0.00417806 0.00369731 0.00367755 0.00369547 0.00361674 0.00389097 0.00366004 0 0.021903 0.127495 0.0104865 0.0129011 0.0112501 0.0173412 0.00970768 0.0103007 0.0114661 0.0184322 0.00945085 0.0103569 
0.0146518 0.00854432 0.0101075 0.0189975 0.00998809 0.0106852 0.00857551 0.0118656 0.0111389 0.0156008 0.0102269 0.00909404 0.00994231 0.00922394 0.015875 0.00956967 0.0132304 0.021903 0 0.0163344 0.0124367 0.00526508 0.0063889 0.00611631 0.024232 0.0145541 0.238831 0.0432621 0.0112732 0.0204496 
0.00873551 0.0126424 0.0106596 0.00895988 0.0191914 0.00848747 0.0156945 0.00957422 0.027741 0.011035 0.00965625 0.0107904 0.00900722 0.0192049 0.00887994 0.0233351 0.0100284 0.127495 0.0163344 0 0.00358284 0.0039593 0.00360444 0.00776895 0.00682688 0.0191596 0.0126002 0.0102859 0.0455025 0.0164495 
0.0116166 0.00865121 0.00894373 0.0138422 0.00856275 0.0211566 0.00863754 0.0337958 0.00877041 0.00907979 0.0113991 0.00868728 0.0202276 0.00878579 0.0341187 0.00876995 0.219169 0.0104865 0.0124367 0.00358284 0 0.00352625 0.00480523 0.00359035 0.0114162 0.00893895 0.0384228 0.0430126 0.00894836 0.0311509 
0.00941339 0.01143 0.00867123 0.00837395 0.028145 0.00858544 0.0478725 0.00870745 0.0103834 0.0091817 0.00868394 0.0151365 0.00868803 0.0292548 0.00868368 0.248219 0.00910115 0.0129011 0.00526508 0.0039593 0.00352625 0 0.00352057 0.00390288 0.00495527 0.427826 0.00765578 0.0083635 0.0406853 0.00982566 
0.0131145 0.0082935 0.00862126 0.0159112 0.00864674 0.0583428 0.00847905 0.0162324 0.00837304 0.008709 0.0144554 0.00834311 0.0195315 0.00834902 0.171928 0.00867049 0.0252994 0.0112501 0.0063889 0.00360444 0.00480523 0.00352057 0 0.00354026 0.585079 0.0120029 0.0126652 0.0527077 0.00872528 0.0194916 
0.00892888 0.00899288 0.00872171 0.00887798 0.0257528 0.00822404 0.0095435 0.00831258 0.0105861 0.0127207 0.00830565 0.011236 0.00820152 0.0614075 0.00834901 0.0131411 0.00884658 0.0173412 0.00611631 0.00776895 0.00359035 0.00390288 0.00354026 0 0.0213353 0.0129813 0.012718 0.0172538 0.0267509 0.0135836 
0.00927108 0.00853297 0.00855206 0.0101007 0.00860057 0.00849736 0.00810874 0.00901956 0.00890555 0.00868545 0.00858233 0.00820848 0.00859349 0.00822007 0.00918113 0.00844977 0.00948743 0.00970768 0.024232 0.00682688 0.0114162 0.00495527 0.585079 0.0213353 0 0.00516701 0.0540665 0.0331027 0.0103864 0.0505847 
0.00852208 0.00899786 0.00823985 0.008562 0.00971408 0.0082238 0.00827474 0.00848473 0.00940206 0.00931114 0.00834836 0.00852166 0.00826843 0.00855228 0.00834948 0.00890974 0.00924528 0.0103007 0.0145541 0.0191596 0.00893895 0.427826 0.0120029 0.0129813 0.00516701 0 0.0719694 0.0114868 0.0707069 0.0208859 
0.0101955 0.00812594 0.00899166 0.0133646 0.00837031 0.00862954 0.00810935 0.00891899 0.0098432 0.00948981 0.00824578 0.00810308 0.00841282 0.00817438 0.00949718 0.00828053 0.00896992 0.0114661 0.238831 0.0126002 0.0384228 0.00765578 0.0126652 0.012718 0.0540665 0.0719694 0 0.0421261 0.00559646 0.0189916 
0.0126362 0.00870354 0.0112453 0.0132158 0.00837412 0.0123797 0.008166 0.0124907 0.00949912 0.0103852 0.00908856 0.00847035 0.0102109 0.00834142 0.013402 0.00841435 0.0119054 0.0184322 0.0432621 0.0102859 0.0430126 0.0083635 0.0527077 0.0172538 0.0331027 0.0114868 0.0421261 0 0.00399723 0.00543664 
0.00837078 0.0386615 0.00828158 0.00810819 0.0173869 0.00826071 0.0102417 0.0088857 0.0108936 0.00876707 0.00875038 0.00903993 0.00838575 0.0114892 0.00839114 0.0109949 0.0105908 0.00945085 0.0112732 0.0455025 0.00894836 0.0406853 0.00872528 0.0267509 0.0103864 0.0707069 0.00559646 0.00399723 0 0.00381731 
0.0182658 0.00820567 0.00888662 0.0118631 0.00838668 0.00910725 0.00849423 0.0110924 0.0087372 0.0103418 0.0086787 0.0083107 0.00956984 0.00840824 0.0105303 0.00884459 0.00905121 0.0103569 0.0204496 0.0164495 0.0311509 0.00982566 0.0194916 0.0135836 0.0505847 0.0208859 0.0189916 0.00543664 0.00381731 0 
