1JJ2Y
RTGRFGPRYGLKIRVRVADVEIKHKKKHKCPVCGFKKLKRAGTGIWMCGHCGYKIAGGCYQPETVAGKAVMKA
CHHHHCCCCCHHHHHHHHHHHHHHHCCECCCCCCCCCEEEEECCEEEECCCCCEEECCCCCCCCHHHHHHHHC
0 0 0 0 0 0 0 0 0 0 0 0 0 0 0 0 0 0 0 0 0 0 0 0 0 0 0 0 0 0 0 0 0 0 0 0 0 0 0 0 0 0 0 0 0 0 0 0 0 0 0 0 0 0 0 0 0 0 0 0 0 0 0 0 0 0 0 0 0 0 0 0 0 
0 0 0 0 0 0 0 0 0 0 0 0 0 0 0 0 0 0 0 0 0 0 0 0 0 0 0 0 0 0 0 0 0 0 0 0 0 0 0 0 0 0 0 0 0 0 0 0 0 0 0 0 0 0 0 0 0 0 0 0 0 0 0 0 0 0 0 0 0 0 0 0 0 
0 0.136784 0.00640029 0.00630352 0.00677514 0.0125974 0.00897276 0.00789755 0.0074555 0.0155716 0.0196305 0.012997 0.0124856 
0.136784 0 0.00376581 0.00370564 0.0039491 0.00518344 0.00397692 0.00449496 0.00590873 0.765181 0.0209808 0.0133222 0.0338866 
0.00640029 0.00376581 0 0.003655 0.00377253 0.00368899 0.00380348 0.00709235 0.749912 0.0216678 0.00935221 0.0138033 0.00928375 
0.00630352 0.00370564 0.003655 0 0.00356728 0.00359063 0.00410837 0.570463 0.0893786 0.00438079 0.00912713 0.00886876 0.00834559 
0.00677514 0.0039491 0.00377253 0.00356728 0 0.00381235 0.0631213 0.223537 0.00726491 0.00362036 0.00842133 0.0123293 0.00790132 
0.0125974 0.00518344 0.00368899 0.00359063 0.00381235 0 0.75129 0.00436702 0.00366855 0.00380241 0.0103292 0.007757 0.00929689 
0.00897276 0.00397692 0.00380348 0.00410837 0.0631213 0.75129 0 0.00357515 0.00357845 0.0036627 0.00685875 0.0117338 0.803438 
0.00789755 0.00449496 0.00709235 0.570463 0.223537 0.00436702 0.00357515 0 0.00383198 0.00354055 0.0118884 0.771675 0.0231842 
0.0074555 0.00590873 0.749912 0.0893786 0.00726491 0.00366855 0.00357845 0.00383198 0 0.00352513 0.801593 0.0478502 0.0157325 
0.0155716 0.765181 0.0216678 0.00438079 0.00362036 0.00380241 0.0036627 0.00354055 0.00352513 0 0.0295186 0.00596085 0.0086826 
0.0196305 0.0209808 0.00935221 0.00912713 0.00842133 0.0103292 0.00685875 0.0118884 0.801593 0.0295186 0 0.00376862 0.00383255 
0.012997 0.0133222 0.0138033 0.00886876 0.0123293 0.007757 0.0117338 0.771675 0.0478502 0.00596085 0.00376862 0 0.00356575 
0.0124856 0.0338866 0.00928375 0.00834559 0.00790132 0.00929689 0.803438 0.0231842 0.0157325 0.0086826 0.00383255 0.00356575 0 
