1JL3A
NKIIYFLCTGNSCRSQMAEGWAKQYLGDEWKVYSAGIEAHGLNPNAVKAMKEVGIDISNQTSDIIDSDILNNADLVVTLCGDAADKCPMTPPHVKREHWGFDDPARAQGTEEEKWAFFQRVRDEIGNRLKEFAETGK
CEEEEEEECCCCCHHHHHHHHHHHHCCCCEEEEEEECCCCCCCHHHHHHHHHCCCCCCCCCCCECCHHHHCCCCEEEECCHHHHHHCCCCCCCCEEEECCCCCHHHCCCCHHHHHHHHHHHHHHHHHHHHHHHHHCC
0 0 0 0 0 0 0 0 0 0 0 0 0 0 0 0 0 0 0 0 0 0 0 0 0 0 0 0 0 0 0 0 0 0 0 0 0 0 0 0 0 0 0 0 0 0 0 0 0 0 0 0 0 0 0 0 0 0 0 0 0 0 0 0 0 0 0 0 0 0 0 0 0 0 0 0 0 0 0 0 0 0 0 0 0 0 0 0 0 0 0 0 0 0 0 0 0 0 0 0 0 0 0 0 0 0 0 0 0 0 0 0 0 0 0 0 0 0 0 0 0 0 0 0 0 0 0 0 0 0 0 0 0 0 0 0 0 
0 0 0 0 0 0 0 0 0 0 0 0 0 0 0 0 0 0 0 0 0 0 0 0 0 0 0 0 0 0 0 0 0 0 0 0 0 0 0 0 0 0 0 0 0 0 0 0 0 0 0 0 0 0 0 0 0 0 0 0 0 0 0 0 0 0 0 0 0 0 0 0 0 0 0 0 0 0 0 0 0 0 0 0 0 0 0 0 0 0 0 0 0 0 0 0 0 0 0 0 0 0 0 0 0 0 0 0 0 0 0 0 0 0 0 0 0 0 0 0 0 0 0 0 0 0 0 0 0 0 0 0 0 0 0 0 0 
0 0.0044671 0.00373771 0.00477856 0.00372565 0.00386642 0.00718113 0.479732 0.0210125 0.0157975 0.015242 0.0176721 0.0130408 0.0223189 0.0155353 0.0188219 0.0165771 0.012051 0.0189251 0.00925214 0.00864819 0.00853702 0.00939567 
0.0044671 0 0.00421287 0.0036742 0.00366102 0.00374073 0.00391529 0.0668023 0.51946 0.0244651 0.0319591 0.0167217 0.0362207 0.0120298 0.0109272 0.0551941 0.0572589 0.0375824 0.0154334 0.00898343 0.00990986 0.0115148 0.00862036 
0.00373771 0.00421287 0 0.00363489 0.00364522 0.00361798 0.00358004 0.0653059 0.0276452 0.602885 0.0377969 0.0775767 0.0225909 0.0116598 0.00921077 0.0811748 0.11626 0.0555515 0.019726 0.00985191 0.0106581 0.0106142 0.00862871 
0.00477856 0.0036742 0.00363489 0 0.00365703 0.00360044 0.00355143 0.0198598 0.0814959 0.0356773 0.575832 0.0426868 0.0307582 0.0133857 0.00897572 0.0238208 0.128871 0.0627106 0.0263074 0.00919623 0.0103793 0.010495 0.00916201 
0.00372565 0.00366102 0.00364522 0.00365703 0 0.00359211 0.00355305 0.0267976 0.0283373 0.182095 0.0359223 0.50277 0.0242102 0.0151861 0.00875347 0.0226287 0.051914 0.117431 0.0259633 0.00953403 0.0102517 0.0115405 0.00895008 
0.00386642 0.00374073 0.00361798 0.00360044 0.00359211 0 0.00353557 0.0142255 0.0898644 0.045908 0.0549372 0.0360409 0.480446 0.0154181 0.00956959 0.012598 0.0383045 0.0510243 0.0403404 0.00891777 0.00931433 0.00965636 0.00898359 
0.00718113 0.00391529 0.00358004 0.00355143 0.00355305 0.00353557 0 0.0730468 0.010042 0.0210477 0.016296 0.0240761 0.0274284 0.363205 0.0124078 0.0184305 0.0108848 0.0140209 0.0217722 0.0106209 0.00841751 0.00899766 0.00866306 
0.479732 0.0668023 0.0653059 0.0198598 0.0267976 0.0142255 0.0730468 0 0.00456891 0.00369818 0.00359231 0.00367142 0.00414022 0.0047601 0.0335576 0.0357403 0.0107701 0.0144732 0.0200061 0.00918843 0.00855939 0.009461 0.00951322 
0.0210125 0.51946 0.0276452 0.0814959 0.0283373 0.0898644 0.010042 0.00456891 0 0.00354148 0.00358971 0.00355086 0.00426135 0.00379517 0.0114574 0.0126664 0.0375912 0.0141483 0.0125224 0.00873912 0.0095224 0.00847755 0.00905628 
0.0157975 0.0244651 0.602885 0.0356773 0.182095 0.045908 0.0210477 0.00369818 0.00354148 0 0.00355459 0.00354103 0.00355536 0.00355763 0.0103692 0.0303954 0.0234736 0.0351388 0.012398 0.00891594 0.00878781 0.011632 0.00836512 
0.015242 0.0319591 0.0377969 0.575832 0.0359223 0.0549372 0.016296 0.00359231 0.00358971 0.00355459 0 0.00355331 0.00355398 0.00358385 0.011088 0.0185401 0.0437257 0.0249208 0.0206316 0.00895387 0.00949223 0.00921084 0.00915673 
0.0176721 0.0167217 0.0775767 0.0426868 0.50277 0.0360409 0.0240761 0.00367142 0.00355086 0.00354103 0.00355331 0 0.00353596 0.00355487 0.0122942 0.0176068 0.0481561 0.0429678 0.0213215 0.00889668 0.00958993 0.00947384 0.00887216 
0.0130408 0.0362207 0.0225909 0.0307582 0.0242102 0.480446 0.0274284 0.00414022 0.00426135 0.00355536 0.00355398 0.00353596 0 0.00354101 0.0131847 0.0233629 0.0386666 0.0945391 0.0296687 0.00953111 0.00915624 0.0131613 0.00853416 
0.0223189 0.0120298 0.0116598 0.0133857 0.0151861 0.0154181 0.363205 0.0047601 0.00379517 0.00355763 0.00358385 0.00355487 0.00354101 0 0.125542 0.0172693 0.0163875 0.0205332 0.0911721 0.0127913 0.0094823 0.00867161 0.0100197 
0.0155353 0.0109272 0.00921077 0.00897572 0.00875347 0.00956959 0.0124078 0.0335576 0.0114574 0.0103692 0.011088 0.0122942 0.0131847 0.125542 0 0.025094 0.0116792 0.0117237 0.0294679 0.0185389 0.00955032 0.00903182 0.012795 
0.0188219 0.0551941 0.0811748 0.0238208 0.0226287 0.012598 0.0184305 0.0357403 0.0126664 0.0303954 0.0185401 0.0176068 0.0233629 0.0172693 0.025094 0 0.00372335 0.00369006 0.00395834 0.39081 0.0110705 0.0217853 0.0204456 
0.0165771 0.0572589 0.11626 0.128871 0.051914 0.0383045 0.0108848 0.0107701 0.0375912 0.0234736 0.0437257 0.0481561 0.0386666 0.0163875 0.0116792 0.00372335 0 0.00385729 0.00359741 0.0443466 0.620314 0.0159862 0.0167724 
0.012051 0.0375824 0.0555515 0.0627106 0.117431 0.0510243 0.0140209 0.0144732 0.0141483 0.0351388 0.0249208 0.0429678 0.0945391 0.0205332 0.0117237 0.00369006 0.00385729 0 0.00361921 0.0398047 0.039671 0.663593 0.0124283 
0.0189251 0.0154334 0.019726 0.0263074 0.0259633 0.0403404 0.0217722 0.0200061 0.0125224 0.012398 0.0206316 0.0213215 0.0296687 0.0911721 0.0294679 0.00395834 0.00359741 0.00361921 0 0.02009 0.022771 0.0267389 0.504039 
0.00925214 0.00898343 0.00985191 0.00919623 0.00953403 0.00891777 0.0106209 0.00918843 0.00873912 0.00891594 0.00895387 0.00889668 0.00953111 0.0127913 0.0185389 0.39081 0.0443466 0.0398047 0.02009 0 0.00381403 0.00356521 0.00591158 
0.00864819 0.00990986 0.0106581 0.0103793 0.0102517 0.00931433 0.00841751 0.00855939 0.0095224 0.00878781 0.00949223 0.00958993 0.00915624 0.0094823 0.00955032 0.0110705 0.620314 0.039671 0.022771 0.00381403 0 0.00420083 0.0036102 
0.00853702 0.0115148 0.0106142 0.010495 0.0115405 0.00965636 0.00899766 0.009461 0.00847755 0.011632 0.00921084 0.00947384 0.0131613 0.00867161 0.00903182 0.0217853 0.0159862 0.663593 0.0267389 0.00356521 0.00420083 0 0.00354805 
0.00939567 0.00862036 0.00862871 0.00916201 0.00895008 0.00898359 0.00866306 0.00951322 0.00905628 0.00836512 0.00915673 0.00887216 0.00853416 0.0100197 0.012795 0.0204456 0.0167724 0.0124283 0.504039 0.00591158 0.0036102 0.00354805 0 
