1K4ZB
MPPRKELVGNKWFIENYENETESLVIDANKDESIFIGKCSQVLVQIKGKVNAISLSETESCSVVLDSSISGMDVIKSNKFGIQVNHSLPQISIDKSDGGNIYLSKESLNTEIYTSCSTAINVNLPIGEDDDYVEFPIPEQMKHSFADGKFKSAVFEH
CCCEEEEECCEEEEECCECCCCCEEEECCCCCEEEEEEEEEEEEEEECCECEEEEEEEEEEEEEECCECCCEEEEEEECEEEEECCCCCEEEEECCEEEEEECCHHHCCCEEEEECCEEEEEEECCCHHHCCEEEECCCCEEEEEECCEEEEEECCC
0 0 0 0 0 0 0 0 0 0 0 0 0 0 0 0 0 0 0 0 0 0 0 0 0 0 0 0 0 0 0 0 0 0 0 0 0 0 0 0 0 0 0 0 0 0 0 0 0 0 0 0 0 0 0 0 0 0 0 0 0 0 0 0 0 0 0 0 0 0 0 0 0 0 0 0 0 0 0 0 0 0 0 0 0 0 0 0 0 0 0 0 0 0 0 0 0 0 0 0 0 0 0 0 0 0 0 0 0 0 0 0 0 0 0 0 0 0 0 0 0 0 0 0 0 0 0 0 0 0 0 0 0 0 0 0 0 0 0 0 0 0 0 0 0 0 0 0 0 0 0 0 0 0 0 0 0 
0 0 0 0 0 0 0 0 0 0 0 0 0 0 0 0 0 0 0 0 0 0 0 0 0 0 0 0 0 0 0 0 0 0 0 0 0 0 0 0 0 0 0 0 0 0 0 0 0 0 0 0 0 0 0 0 0 0 0 0 0 0 0 0 0 0 0 0 0 0 0 0 0 0 0 0 0 0 0 0 0 0 0 0 0 0 0 0 0 0 0 0 0 0 0 0 0 0 0 0 0 0 0 0 0 0 0 0 0 0 0 0 0 0 0 0 0 0 0 0 0 0 0 0 0 0 0 0 0 0 0 0 0 0 0 0 0 0 0 0 0 0 0 0 0 0 0 0 0 0 0 0 0 0 0 0 0 
0 0.0041846 0.00375217 0.00378117 0.00495228 0.00479044 0.00461599 0.00691212 0.0218352 0.934166 0.0100856 0.0122401 0.0105848 0.0099857 0.0551221 0.017378 0.00958855 0.0112869 0.00929817 0.00958356 0.0103235 0.00907996 0.00921298 0.00978715 0.00931481 0.0113206 0.00965077 0.0119218 0.00970736 0.0207931 0.0150979 0.0131378 0.00904933 0.0101169 0.0089094 0.00862628 0.00884392 0.00894576 0.00849809 0.00904663 0.00867224 0.00974474 0.00907255 0.00982209 0.0146606 0.0103892 0.0088299 0.00879249 0.00859398 0.00860945 0.00845938 0.00859605 0.00882751 0.00888663 0.00876489 0.00850261 0.00924907 0.00968807 0.00885999 0.00831538 0.00868463 0.00859276 0.0105547 0.00826529 0.00810314 0.00808807 0.00825176 0.00819438 0.00994429 0.00866128 0.00817908 0.00810621 0.0082108 0.00868754 0.00825855 0.00815547 0.0080558 0.0082877 0.00810399 0.00827856 0.00884326 0.00837835 0.008047 0.0080026 0.0089847 0.00824342 0.00798483 0.00800253 0.00801331 0.00805506 0.00868795 0.00836038 0.00816862 0.00802966 0.00802248 0.00806505 0.00855077 
0.0041846 0 0.00418691 0.00407325 0.003696 0.00416259 0.00609523 0.0119578 0.968228 0.00632947 0.00663321 0.0101229 0.00925911 0.0181096 0.00887114 0.0100571 0.017091 0.00951708 0.0116241 0.0105476 0.00858251 0.0115427 0.00918088 0.00898256 0.0114349 0.00891713 0.016528 0.00913393 0.0166891 0.00928973 0.011599 0.00894281 0.0139639 0.00881066 0.0109566 0.0087395 0.00861542 0.00950993 0.00866248 0.00845274 0.0101481 0.00913145 0.0122674 0.00968738 0.00930567 0.00867315 0.0086549 0.0084307 0.00961882 0.00870787 0.00824448 0.00877933 0.00823658 0.00869374 0.00885163 0.00937313 0.00856188 0.00854512 0.00839859 0.00937052 0.00849387 0.00964681 0.00828178 0.00801546 0.00816185 0.00835292 0.0081522 0.00894336 0.00827644 0.00815249 0.00832436 0.0081123 0.00814176 0.00808725 0.00812819 0.00818983 0.00830269 0.00824045 0.00841192 0.00823363 0.00817799 0.0082154 0.00807273 0.0081855 0.00821623 0.00814011 0.00819733 0.00803449 0.00805463 0.00811012 0.00818315 0.00805452 0.00816768 0.00804988 0.0080108 0.00810926 0.00810833 
0.00375217 0.00418691 0 0.00367705 0.00355362 0.00604525 0.00751422 0.982897 0.00753977 0.00500982 0.00569007 0.00876248 0.0155951 0.00955568 0.0103545 0.00989481 0.00931549 0.0285109 0.0102277 0.00938697 0.0131703 0.00893593 0.0094762 0.0100824 0.00925592 0.0161702 0.00953191 0.026292 0.00899918 0.00941305 0.00913134 0.0104266 0.00928083 0.0255579 0.00961087 0.0104582 0.0099072 0.00913141 0.00900665 0.00967957 0.00904938 0.014367 0.0121279 0.011783 0.0089606 0.00846088 0.00848336 0.0100463 0.00984993 0.00938937 0.00983397 0.00841372 0.00832115 0.00859255 0.0100307 0.0100936 0.00972779 0.00821633 0.00859453 0.00872958 0.0148859 0.0085207 0.00836401 0.00814007 0.00825878 0.0084392 0.00955503 0.00827314 0.00873041 0.00863003 0.00817894 0.00853798 0.00826169 0.00803857 0.00810288 0.00832912 0.00834561 0.00954356 0.0093916 0.00873872 0.00821674 0.0080506 0.00830484 0.00805548 0.00807031 0.00804391 0.00804585 0.00808432 0.00814053 0.00810461 0.00798334 0.00807939 0.0080589 0.00829086 0.00811716 0.00810919 0.00804684 
0.00378117 0.00407325 0.00367705 0 0.00363445 0.0043428 0.986163 0.00497982 0.0046212 0.00464391 0.00576844 0.0101829 0.0120006 0.0128197 0.0086366 0.00948269 0.0153504 0.0109112 0.0134747 0.00981854 0.0117067 0.0086777 0.0088116 0.00863325 0.00915554 0.00919267 0.0119687 0.0104077 0.0117112 0.00894384 0.00964591 0.00898205 0.0114464 0.00993145 0.00948059 0.00896392 0.0093047 0.00869173 0.00881052 0.00868665 0.00902209 0.00974856 0.0101579 0.013586 0.00969136 0.00862761 0.00861333 0.00957128 0.00888381 0.00881984 0.0084675 0.00893439 0.00832041 0.00843792 0.00908153 0.00928273 0.00925761 0.00842203 0.00847122 0.00996756 0.00884811 0.0100099 0.00827296 0.00809537 0.00818576 0.00843416 0.00826099 0.00854706 0.00825507 0.0083218 0.00840666 0.00811665 0.008171 0.00796983 0.00819548 0.00818927 0.00837676 0.00834125 0.00878291 0.00856338 0.00810933 0.0083319 0.00805294 0.00804729 0.00796588 0.00817159 0.00804962 0.00803173 0.00804038 0.00802391 0.00795071 0.00818731 0.00818871 0.00807009 0.00805688 0.00804798 0.00796016 
0.00495228 0.003696 0.00355362 0.00363445 0 0.991824 0.00832592 0.00411681 0.00374513 0.00425121 0.00710527 0.0190914 0.00894113 0.00952891 0.0127911 0.0178413 0.00986957 0.00876744 0.00905426 0.00895502 0.00873501 0.0100656 0.00841342 0.00844308 0.00905211 0.00857308 0.0106031 0.00888423 0.0100268 0.00992309 0.0165653 0.0162171 0.0101937 0.0087925 0.00905389 0.00895679 0.00847458 0.00916206 0.00839166 0.00837755 0.00911745 0.00861896 0.00901261 0.0092866 0.0167537 0.012953 0.0140617 0.00840958 0.00906036 0.00842499 0.00819025 0.0083309 0.00897798 0.0106072 0.00868165 0.00927262 0.00828195 0.00975805 0.0107594 0.00869767 0.00863954 0.00886839 0.00903969 0.0085165 0.00819648 0.00845141 0.00812454 0.00838824 0.00888567 0.00876446 0.00824143 0.00807438 0.00800509 0.00818345 0.00858447 0.00810328 0.00809324 0.00821248 0.0082307 0.00820647 0.00834467 0.00863002 0.00800586 0.00795464 0.00805491 0.00846416 0.00798607 0.00795725 0.00797154 0.00798417 0.00800269 0.00829897 0.0080283 0.00799533 0.00796588 0.00797269 0.00806094 
0.00479044 0.00416259 0.00604525 0.0043428 0.991824 0 0.00363447 0.00353835 0.00358204 0.00519952 0.00865947 0.00774637 0.00797028 0.0122145 0.0390146 0.0390967 0.00964197 0.0110817 0.00990634 0.00993627 0.0119871 0.00844658 0.00999915 0.00985376 0.00906599 0.0102079 0.00910645 0.0110537 0.00945859 0.0171769 0.0140481 0.0128589 0.00965703 0.0109252 0.00911573 0.0102241 0.00946734 0.00887584 0.0086834 0.00970278 0.00877767 0.010747 0.00948361 0.0116461 0.0166349 0.0107136 0.00926825 0.00951184 0.00858926 0.0113796 0.00891353 0.00898156 0.0097002 0.00950068 0.00900511 0.00886635 0.00945677 0.010646 0.00997727 0.00880645 0.00907915 0.00881873 0.0105434 0.00837843 0.00816493 0.00822722 0.00837501 0.00844886 0.010358 0.00850011 0.00811664 0.00814548 0.00819401 0.00886465 0.00832301 0.00816814 0.00821924 0.00842344 0.00848995 0.00879987 0.00950277 0.00816064 0.00804909 0.00800564 0.00911267 0.00806646 0.00798732 0.00801447 0.00807274 0.00805312 0.00867208 0.00812742 0.00802055 0.00804066 0.00805179 0.00807678 0.00861539 
0.00461599 0.00609523 0.00751422 0.986163 0.00832592 0.00363447 0 0.00353388 0.00372059 0.00354551 0.00438156 0.0076865 0.0133395 0.0299295 0.0550342 0.0150729 0.0597371 0.0112697 0.0384453 0.014396 0.00986605 0.0132784 0.01178 0.0113035 0.0277457 0.0102104 0.0265133 0.010548 0.0215789 0.00958587 0.0115606 0.0116119 0.0374637 0.0116861 0.0236294 0.0120291 0.0105802 0.0115335 0.00993566 0.00946347 0.0134848 0.0144647 0.0295608 0.0178425 0.0126514 0.0097814 0.0107922 0.0113298 0.0168041 0.0118411 0.0099569 0.0112265 0.00915592 0.0104779 0.0123921 0.0161082 0.0106139 0.00992619 0.0104025 0.0200367 0.0115693 0.0142616 0.008677 0.00841197 0.00937476 0.0117542 0.00913121 0.0113175 0.0086108 0.00850199 0.00882105 0.0084667 0.00852334 0.00821217 0.008245 0.00901518 0.0101064 0.00966271 0.0143278 0.0102173 0.00882403 0.00821082 0.00821534 0.00839489 0.008269 0.00813549 0.00815173 0.0082866 0.00819472 0.00839541 0.00806819 0.00810243 0.00829951 0.00829966 0.00832372 0.00844756 0.00811874 
0.00691212 0.0119578 0.982897 0.00497982 0.00411681 0.00353835 0.00353388 0 0.00352354 0.00350742 0.00423736 0.00939071 0.0267573 0.0630128 0.0137317 0.0152533 0.0116325 0.142915 0.0145432 0.0122885 0.0350688 0.00936361 0.0162477 0.0183607 0.0104321 0.0411449 0.0117123 0.0397444 0.00984768 0.0103434 0.0095446 0.0190939 0.0122601 0.0916619 0.0127384 0.0160546 0.0189595 0.010331 0.011731 0.0145911 0.0103122 0.0324122 0.0315292 0.0405452 0.0126584 0.00920959 0.00968958 0.0225126 0.0167382 0.0156839 0.0182842 0.00985421 0.00972516 0.0111741 0.0209631 0.0167987 0.0171545 0.00889048 0.0111547 0.0128111 0.0575179 0.0103285 0.00923778 0.00864564 0.00980075 0.0120332 0.0163862 0.00910265 0.00974013 0.00890919 0.00889572 0.00946152 0.00862575 0.00822579 0.00842735 0.00938753 0.0103669 0.020527 0.0142829 0.0145364 0.00887179 0.00825293 0.00876529 0.00833313 0.00829177 0.00822227 0.00832999 0.00845595 0.00862301 0.00835231 0.00808864 0.00827762 0.00821148 0.00859978 0.00859162 0.00838846 0.00822163 
0.0218352 0.968228 0.00753977 0.0046212 0.00374513 0.00358204 0.00372059 0.00352354 0 0.0035284 0.00537149 0.0288804 0.0353586 0.0339274 0.0114368 0.00926873 0.0601933 0.0111359 0.0186689 0.0155512 0.00912649 0.0138768 0.0101225 0.00943073 0.0134999 0.00901703 0.0258357 0.00993675 0.0297187 0.00884141 0.0109666 0.00996727 0.0467917 0.0105357 0.0188309 0.0113414 0.00958791 0.0118533 0.0101282 0.00923472 0.0128653 0.0102833 0.0325783 0.0342927 0.021233 0.00925958 0.0121164 0.0113272 0.0130504 0.0116428 0.00961017 0.0129005 0.00908566 0.010224 0.0129317 0.019061 0.0117343 0.010632 0.00972167 0.0243897 0.0102879 0.0204378 0.00892957 0.00845662 0.00997168 0.0128816 0.00886828 0.0130396 0.00871618 0.00860401 0.00952661 0.00858288 0.00860863 0.0083005 0.00828702 0.00883626 0.0103193 0.0100521 0.016121 0.0112277 0.0105219 0.00831554 0.00825794 0.00841841 0.00810806 0.00818998 0.00816007 0.00828437 0.00821669 0.00824365 0.00798526 0.00808295 0.0084972 0.00828 0.00859562 0.00847184 0.00803895 
0.934166 0.00632947 0.00500982 0.00464391 0.00425121 0.00519952 0.00354551 0.00350742 0.0035284 0 0.0623355 0.0793476 0.0170889 0.0098732 0.013717 0.0344286 0.00980904 0.0133267 0.0100969 0.0122577 0.0138681 0.00857971 0.00877453 0.00941043 0.00907497 0.00976197 0.00928074 0.0120703 0.00938559 0.0129319 0.0136343 0.0249865 0.00991783 0.0120183 0.0100163 0.0102137 0.00949114 0.00925352 0.00943494 0.00931475 0.00881344 0.0103847 0.00971782 0.0167218 0.0345393 0.013315 0.0154453 0.0103577 0.00911299 0.00906127 0.00915412 0.00956789 0.00965808 0.0123634 0.0116463 0.0091859 0.0105588 0.0111512 0.0172897 0.00931255 0.0104831 0.00935268 0.0112474 0.00971901 0.00864743 0.00885079 0.00896972 0.00854561 0.0107507 0.00972715 0.00837468 0.00827174 0.008178 0.00861066 0.00917296 0.00833841 0.00836712 0.00943593 0.00879941 0.0105369 0.00864145 0.00844892 0.00808596 0.00802796 0.00825382 0.00836661 0.0080319 0.00802568 0.00804016 0.00800688 0.00809916 0.00838208 0.00808404 0.00803995 0.00803204 0.00805473 0.00823001 
0.0100856 0.00663321 0.00569007 0.00576844 0.00710527 0.00865947 0.00438156 0.00423736 0.00537149 0.0623355 0 0.0671092 0.00999645 0.00611905 0.00835456 0.00893903 0.00740898 0.00801396 0.00767468 0.0079554 0.00827559 0.00736739 0.00794877 0.00760046 0.00802013 0.00909705 0.00834299 0.0098532 0.00886595 0.0128915 0.0316422 0.0109932 0.00879253 0.00893692 0.00835939 0.00849061 0.00845618 0.00843279 0.00836452 0.00835744 0.00846066 0.00873581 0.00835413 0.00936309 0.0129261 0.0296844 0.0107538 0.00878696 0.00828107 0.00838652 0.0082067 0.00850437 0.00851669 0.00906029 0.00883566 0.0082412 0.00909508 0.0089855 0.00981827 0.0083705 0.00841111 0.00837083 0.00908922 0.00899588 0.00803028 0.00812672 0.00812485 0.0081628 0.010422 0.0100397 0.00819865 0.00811433 0.00816549 0.00858057 0.00908725 0.00809222 0.00810647 0.00817797 0.00799205 0.00822364 0.00876306 0.00935578 0.00806403 0.00797724 0.00920204 0.00906404 0.00804424 0.00796173 0.00801313 0.00803945 0.00846326 0.00928964 0.00816381 0.00803234 0.00800189 0.00811775 0.00869626 
0.0122401 0.0101229 0.00876248 0.0101829 0.0190914 0.00774637 0.0076865 0.00939071 0.0288804 0.0793476 0.0671092 0 0.00368547 0.00380136 0.00482285 0.00639673 0.00953789 0.00986724 0.0676406 0.0293226 0.00750385 0.0167787 0.00763195 0.00804134 0.0113278 0.00851033 0.0192274 0.00922345 0.0231489 0.0188043 0.0328589 0.0130927 0.0202029 0.00920338 0.0141924 0.00929612 0.0089769 0.0124166 0.00888473 0.00894039 0.0136465 0.00949295 0.0158752 0.0118328 0.0274255 0.0193043 0.0229825 0.00912091 0.0139527 0.00944798 0.00912432 0.0110205 0.0122242 0.016493 0.0093469 0.0174421 0.00961721 0.0228567 0.012016 0.0153547 0.00954342 0.0146782 0.0117602 0.00858091 0.00858617 0.00935974 0.00851976 0.0117726 0.0116071 0.00886843 0.00917717 0.00862696 0.00873532 0.0115983 0.00858041 0.00835349 0.00953815 0.00861012 0.0102922 0.00905825 0.0124485 0.00890244 0.00817148 0.00851905 0.0101599 0.0083871 0.00807169 0.00814513 0.008193 0.00820522 0.0101578 0.00827888 0.00840436 0.00816655 0.0082308 0.00835184 0.00931141 
0.0105848 0.00925911 0.0155951 0.0120006 0.00894113 0.00797028 0.0133395 0.0267573 0.0353586 0.0170889 0.00999645 0.00368547 0 0.00358729 0.00371267 0.00720554 0.0151703 0.0790476 0.0139462 0.00876112 0.011881 0.00694163 0.00973068 0.00935552 0.00835373 0.0181443 0.00856698 0.0767013 0.0101349 0.0142243 0.00970292 0.0134391 0.0101235 0.031519 0.00959733 0.00954844 0.0128768 0.00865867 0.0096487 0.0113408 0.008742 0.0273215 0.0121543 0.02682 0.0107111 0.00980086 0.00900662 0.0335632 0.00951528 0.0107698 0.0128087 0.00962407 0.00880708 0.00920179 0.0279897 0.00986401 0.0351332 0.00851495 0.0112144 0.0109649 0.0442274 0.00967439 0.0101291 0.00868332 0.00962738 0.00886505 0.0137769 0.00872628 0.0104647 0.00964822 0.00859505 0.00876077 0.0093035 0.00828542 0.00835748 0.00913636 0.00876919 0.0137999 0.00906041 0.0120307 0.00860865 0.00822402 0.00834006 0.0081891 0.00861655 0.00821476 0.0081556 0.00820735 0.00825536 0.00830878 0.00818025 0.00831148 0.00828978 0.00839732 0.00826347 0.00863222 0.00830051 
0.0099857 0.0181096 0.00955568 0.0128197 0.00952891 0.0122145 0.0299295 0.0630128 0.0339274 0.0098732 0.00611905 0.00380136 0.00358729 0 0.00357567 0.0113653 0.0507655 0.0124853 0.00983787 0.00997778 0.00665804 0.0109797 0.00691829 0.00712507 0.0114088 0.00803844 0.0345707 0.00876602 0.0597065 0.00855363 0.0118874 0.00944143 0.0345953 0.00923376 0.0185257 0.0104629 0.00884774 0.0124786 0.00894143 0.00868753 0.0159044 0.00908384 0.0260433 0.0179769 0.0219452 0.0110445 0.0184172 0.00947852 0.0176213 0.00982968 0.00928703 0.0117056 0.00929502 0.0119687 0.00929291 0.0278062 0.00955671 0.0129884 0.00908134 0.0226862 0.00973232 0.0241204 0.00869857 0.00850123 0.00892954 0.0114264 0.00865513 0.0161892 0.00878358 0.00867292 0.00969269 0.00854472 0.00845736 0.00833725 0.00858454 0.00850449 0.0102849 0.00887148 0.0136541 0.00995185 0.00884452 0.00857977 0.00824627 0.0085837 0.00803959 0.00865069 0.00818936 0.00823275 0.00825194 0.00823286 0.00799998 0.00812134 0.00879349 0.00832465 0.00821422 0.00819615 0.0081036 
0.0551221 0.00887114 0.0103545 0.0086366 0.0127911 0.0390146 0.0550342 0.0137317 0.0114368 0.013717 0.00835456 0.00482285 0.00371267 0.00357567 0 0.106272 0.0122145 0.00606798 0.00525955 0.00541822 0.00876705 0.00605989 0.00718885 0.00677037 0.0073954 0.0124509 0.00780014 0.0143805 0.00790367 0.0244036 0.012877 0.0335449 0.00943853 0.01245 0.00890238 0.00924219 0.0112021 0.0086586 0.0088337 0.00919183 0.00875666 0.0108849 0.0092187 0.0131872 0.0298392 0.0155494 0.0131297 0.0133255 0.00911036 0.00899865 0.00982597 0.00882898 0.00944154 0.0111716 0.0162542 0.00875466 0.0121615 0.00952371 0.0207792 0.00898044 0.012016 0.00871147 0.0127112 0.0116252 0.00872049 0.00847008 0.00934178 0.00830308 0.0152617 0.0126542 0.00834684 0.00839697 0.00884719 0.00853665 0.0106034 0.00876584 0.00816386 0.00957041 0.00831012 0.009205 0.00876702 0.00965837 0.00831621 0.00797308 0.00908328 0.00902725 0.00820423 0.00805164 0.00816585 0.00805948 0.00821909 0.00942761 0.00828769 0.00831923 0.00819244 0.00829054 0.00844537 
0.017378 0.0100571 0.00989481 0.00948269 0.0178413 0.0390967 0.0150729 0.0152533 0.00926873 0.0344286 0.00893903 0.00639673 0.00720554 0.0113653 0.106272 0 0.00360933 0.00354344 0.00357383 0.0035594 0.00386511 0.00369399 0.0041829 0.00399014 0.00538484 0.00677977 0.00624867 0.0105603 0.00758035 0.0642389 0.0131449 0.010785 0.00957207 0.0120817 0.00856001 0.0142833 0.00940009 0.00888351 0.00966446 0.00917275 0.00893951 0.0125953 0.0108153 0.0300541 0.0398125 0.0161339 0.0116831 0.0119293 0.00932033 0.00999516 0.00950109 0.0105731 0.0136206 0.0113056 0.0130435 0.00920334 0.0142615 0.0127006 0.0173677 0.0104225 0.0120291 0.00977606 0.0147129 0.00938726 0.00867062 0.0089554 0.00910975 0.00876908 0.0174126 0.00933945 0.00858735 0.00843206 0.00904568 0.0109359 0.00905366 0.00858309 0.00898687 0.00944486 0.00915906 0.0104906 0.0127997 0.00851486 0.00826779 0.00826214 0.0112513 0.00820564 0.00810214 0.00807919 0.00815358 0.00814315 0.00930177 0.00837733 0.00823059 0.00812451 0.00817884 0.00829409 0.009675 
0.00958855 0.017091 0.00931549 0.0153504 0.00986957 0.00964197 0.0597371 0.0116325 0.0601933 0.00980904 0.00740898 0.00953789 0.0151703 0.0507655 0.0122145 0.00360933 0 0.00356908 0.00359207 0.00360869 0.00358837 0.00418579 0.00418943 0.0046245 0.00595313 0.00525196 0.0122909 0.00655853 0.0545946 0.0118059 0.0109648 0.00838259 0.0445233 0.00866603 0.0309993 0.00935196 0.00862022 0.017999 0.00878585 0.00873024 0.0236845 0.010418 0.0814829 0.0262374 0.019301 0.01122 0.0174511 0.00983437 0.0325983 0.0102416 0.0100486 0.015151 0.0096494 0.0133695 0.0115234 0.0364812 0.00936025 0.0138556 0.00999416 0.0402835 0.00944639 0.0363658 0.00889485 0.00852727 0.0102683 0.0132679 0.00873076 0.0226354 0.00874246 0.00846653 0.0100461 0.00868207 0.00884581 0.00885551 0.00911144 0.00913815 0.0134229 0.00985027 0.0263108 0.0107376 0.00977908 0.00840133 0.00830865 0.00907797 0.00833443 0.00838637 0.00821723 0.00835154 0.00828472 0.00850414 0.00815504 0.00808023 0.00853816 0.00838161 0.00836759 0.00878465 0.00834797 
0.0112869 0.00951708 0.0285109 0.0109112 0.00876744 0.0110817 0.0112697 0.142915 0.0111359 0.0133267 0.00801396 0.00986724 0.0790476 0.0124853 0.00606798 0.00354344 0.00356908 0 0.00354508 0.00354956 0.00363503 0.00350745 0.00366318 0.00375184 0.00439459 0.0177818 0.00621868 0.0471205 0.00872057 0.00836804 0.00771605 0.0133791 0.0086643 0.0895917 0.0091468 0.0132653 0.0197717 0.00845097 0.0113899 0.0158131 0.00862078 0.0911912 0.024704 0.0576079 0.0123929 0.00931633 0.0091439 0.0417116 0.0111046 0.0175069 0.0281448 0.00960729 0.00953836 0.00992828 0.0438009 0.0113533 0.0432757 0.00890541 0.0127281 0.0105827 0.134206 0.0097166 0.0098684 0.00895459 0.0102538 0.0106663 0.0462856 0.00888831 0.0163336 0.00972873 0.00889667 0.0110575 0.00983636 0.00830143 0.0087208 0.0119392 0.0106206 0.0507674 0.0141881 0.0235205 0.00920097 0.00838301 0.00992049 0.00826391 0.00872061 0.00824325 0.00833694 0.00857295 0.00915522 0.00850357 0.00811967 0.008455 0.0083189 0.00908222 0.00902438 0.00871988 0.00830799 
0.00929817 0.0116241 0.0102277 0.0134747 0.00905426 0.00990634 0.0384453 0.0145432 0.0186689 0.0100969 0.00767468 0.0676406 0.0139462 0.00983787 0.00525955 0.00357383 0.00359207 0.00354508 0 0.00367313 0.00353254 0.00349155 0.00355191 0.00357408 0.00520179 0.00413448 0.0170786 0.0139695 0.00702189 0.00635855 0.00831969 0.00797066 0.0238729 0.00954623 0.0308983 0.0119378 0.00970639 0.0170636 0.00951743 0.00986098 0.0664128 0.018951 0.0615716 0.0203937 0.0157346 0.00902647 0.0118897 0.0104196 0.0221447 0.0134956 0.0113193 0.00992277 0.00994334 0.0123945 0.0105369 0.0337852 0.0103041 0.0105599 0.00960478 0.0310502 0.0123023 0.0160218 0.00895301 0.00861001 0.00956391 0.019248 0.00971688 0.0111563 0.00908543 0.00850246 0.00976315 0.00915729 0.0087245 0.00860135 0.00848646 0.00879178 0.0194014 0.0112243 0.0285391 0.0111671 0.0092504 0.00857522 0.0081684 0.00850436 0.00827525 0.00826074 0.00812404 0.00847203 0.00841449 0.0083651 0.00805108 0.00811051 0.00831425 0.00856454 0.008416 0.00836396 0.00812038 
0.00958356 0.0105476 0.00938697 0.00981854 0.00895502 0.00993627 0.014396 0.0122885 0.0155512 0.0122577 0.0079554 0.0293226 0.00876112 0.00997778 0.00541822 0.0035594 0.00360869 0.00354956 0.00367313 0 0.00354244 0.0035366 0.00354805 0.00353874 0.00395211 0.00432882 0.00854533 0.00424389 0.00803684 0.0054845 0.00743745 0.00799938 0.010512 0.00901063 0.0143328 0.00923295 0.00982147 0.0126471 0.00887716 0.0289906 0.0358294 0.0144507 0.0490965 0.0104411 0.0143336 0.00918628 0.0106613 0.00956087 0.0197367 0.0104222 0.0108963 0.0106076 0.00932065 0.0121107 0.010342 0.0240358 0.00942859 0.0107316 0.0119222 0.0170042 0.0129148 0.013345 0.00890904 0.00846328 0.0125461 0.0116364 0.0093021 0.0114269 0.00912603 0.00845534 0.00921332 0.00897759 0.00866722 0.00855244 0.00826801 0.0097145 0.0132959 0.0123042 0.0209214 0.00996288 0.00978346 0.00830196 0.00822948 0.00839723 0.00817706 0.00827293 0.0081239 0.00848632 0.00836185 0.00825425 0.00808399 0.0080126 0.00833701 0.008344 0.00845655 0.00832793 0.00811613 
0.0103235 0.00858251 0.0131703 0.0117067 0.00873501 0.0119871 0.00986605 0.0350688 0.00912649 0.0138681 0.00827559 0.00750385 0.011881 0.00665804 0.00876705 0.00386511 0.00358837 0.00363503 0.00353254 0.00354244 0 0.00345437 0.0035514 0.00356656 0.00368916 0.00499567 0.00423427 0.0215901 0.00435121 0.0157226 0.00643213 0.0104425 0.00748502 0.0222327 0.00771368 0.0135968 0.0275877 0.00796804 0.067312 0.0313681 0.0135001 0.0583452 0.00864431 0.027825 0.010348 0.00886617 0.00865694 0.0230301 0.00903823 0.0112255 0.0123932 0.00904885 0.00918144 0.00928521 0.0221724 0.00895719 0.026947 0.00853045 0.0103878 0.00951383 0.0384796 0.00888909 0.00974726 0.00981615 0.0090185 0.00904562 0.0210613 0.00847796 0.0122376 0.0097686 0.00849515 0.00899528 0.00894131 0.00831016 0.00876658 0.00935844 0.0093817 0.0212605 0.0103926 0.0183178 0.00854362 0.00821263 0.00852281 0.00809516 0.00856415 0.00814117 0.00814035 0.00824697 0.00837379 0.00818699 0.00801474 0.00843519 0.00810054 0.00846556 0.00829514 0.00822879 0.00808945 
0.00907996 0.0115427 0.00893593 0.0086777 0.0100656 0.00844658 0.0132784 0.00936361 0.0138768 0.00857971 0.00736739 0.0167787 0.00694163 0.0109797 0.00605989 0.00369399 0.00418579 0.00350745 0.00349155 0.0035366 0.00345437 0 0.0035282 0.00360913 0.00381332 0.00355207 0.00528051 0.00375715 0.00707624 0.0042121 0.00733713 0.00611566 0.0282329 0.00715526 0.0196331 0.0112718 0.00806477 0.1157 0.0120435 0.0166638 0.0414958 0.00825302 0.0323409 0.00876074 0.0133421 0.00902437 0.0132257 0.00841361 0.0180997 0.00947633 0.00881007 0.00914739 0.00947319 0.0122745 0.00855439 0.0360767 0.00844572 0.0113785 0.00915352 0.0160288 0.0089103 0.0137457 0.00858941 0.00828736 0.00888336 0.0121075 0.00846766 0.0119843 0.0085354 0.0084116 0.00927889 0.00866473 0.00839115 0.00838814 0.00826262 0.00839229 0.012642 0.00866657 0.0176445 0.00877337 0.00881248 0.00870018 0.00810143 0.00855747 0.00814519 0.00826509 0.00806643 0.00826337 0.00822172 0.00821813 0.00809641 0.00806248 0.00848686 0.00822229 0.00815294 0.00827142 0.00815802 
0.00921298 0.00918088 0.0094762 0.0088116 0.00841342 0.00999915 0.01178 0.0162477 0.0101225 0.00877453 0.00794877 0.00763195 0.00973068 0.00691829 0.00718885 0.0041829 0.00418943 0.00366318 0.00355191 0.00354805 0.0035514 0.0035282 0 0.00355091 0.00354594 0.00356175 0.00361316 0.00482632 0.00361952 0.00383727 0.005571 0.0176393 0.00652368 0.0212541 0.00762675 0.00749755 0.0615396 0.0211824 0.0442258 0.0231082 0.00800869 0.0185152 0.0104902 0.0109913 0.00994933 0.00867654 0.0086592 0.0118585 0.00892301 0.00920069 0.0104386 0.00887673 0.00876463 0.00902762 0.0140631 0.00945279 0.0100104 0.00855337 0.00985131 0.00934671 0.0171305 0.00909155 0.0085759 0.00846012 0.01184 0.00881644 0.0103021 0.00859857 0.00859316 0.00879566 0.00856686 0.00853087 0.00833683 0.00818548 0.00804143 0.00909016 0.00864317 0.0123219 0.009878 0.00939339 0.00845481 0.00804535 0.00824472 0.00812572 0.00828725 0.00807691 0.0080535 0.00815418 0.00818243 0.00811379 0.00798027 0.00804955 0.00811274 0.00816744 0.00815004 0.00816222 0.00803476 
0.00978715 0.00898256 0.0100824 0.00863325 0.00844308 0.00985376 0.0113035 0.0183607 0.00943073 0.00941043 0.00760046 0.00804134 0.00935552 0.00712507 0.00677037 0.00399014 0.0046245 0.00375184 0.00357408 0.00353874 0.00356656 0.00360913 0.00355091 0 0.00345175 0.00355389 0.00359166 0.00369287 0.00359964 0.00398124 0.00522228 0.00589333 0.00688084 0.00803061 0.00844267 0.042678 0.0388937 0.0232988 0.0197217 0.00893765 0.0115715 0.0120777 0.00948566 0.0180804 0.00917511 0.00844222 0.00886352 0.0120858 0.00923082 0.0101621 0.00928851 0.00880765 0.00876802 0.00916597 0.0112488 0.00928072 0.0107405 0.00859858 0.00951353 0.0106065 0.0139691 0.00901336 0.00868642 0.00944928 0.00887492 0.00967916 0.00995348 0.00858186 0.00937465 0.00864321 0.00873428 0.00888318 0.00841393 0.00803357 0.00826264 0.00838431 0.00970689 0.0104027 0.010517 0.0112821 0.00828921 0.00817804 0.00823058 0.00803806 0.0081171 0.0081 0.00805647 0.00824244 0.00843936 0.0080719 0.00797889 0.00809152 0.00809269 0.00845448 0.00837551 0.00814479 0.00802072 
0.00931481 0.0114349 0.00925592 0.00915554 0.00905211 0.00906599 0.0277457 0.0104321 0.0134999 0.00907497 0.00802013 0.0113278 0.00835373 0.0114088 0.0073954 0.00538484 0.00595313 0.00439459 0.00520179 0.00395211 0.00368916 0.00381332 0.00354594 0.00345175 0 0.00352961 0.00373378 0.0035982 0.00392391 0.00359788 0.00584832 0.00545839 0.0234912 0.00692258 0.0792385 0.0260607 0.0171237 0.0372119 0.0082062 0.0107385 0.0200117 0.00813331 0.0685948 0.00896209 0.0142674 0.00963643 0.0122824 0.00862379 0.02361 0.00930838 0.00942677 0.00942041 0.00998601 0.0129907 0.00877992 0.031652 0.008722 0.0133493 0.00980664 0.0166107 0.00976282 0.0143641 0.00874864 0.00842882 0.00978849 0.0122368 0.00857739 0.0161127 0.00864451 0.00844042 0.0103902 0.00880412 0.00838474 0.00901785 0.00821764 0.00958705 0.012757 0.00939797 0.0246491 0.00891114 0.00956135 0.0085121 0.00808379 0.00848991 0.0083788 0.0082161 0.00807254 0.0084888 0.00822657 0.00816599 0.00814445 0.0080403 0.00860871 0.00827941 0.00825007 0.00832777 0.00837036 
0.0113206 0.00891713 0.0161702 0.00919267 0.00857308 0.0102079 0.0102104 0.0411449 0.00901703 0.00976197 0.00909705 0.00851033 0.0181443 0.00803844 0.0124509 0.00677977 0.00525196 0.0177818 0.00413448 0.00432882 0.00499567 0.00355207 0.00356175 0.00355389 0.00352961 0 0.00353768 0.00395039 0.00354746 0.00391523 0.00448772 0.00844242 0.00636608 0.0544069 0.00837687 0.0243875 0.0566941 0.00727494 0.0177081 0.028914 0.00770129 0.106627 0.00834569 0.0345858 0.00881414 0.00872964 0.00852526 0.03892 0.00868793 0.0115489 0.0125396 0.00873047 0.00880381 0.00912965 0.0322833 0.00898422 0.0271727 0.00858263 0.0109092 0.00942846 0.077146 0.00874446 0.00958062 0.00980042 0.00943607 0.00914373 0.0282643 0.008538 0.0130453 0.0105187 0.00858227 0.00971139 0.00962374 0.008211 0.00894991 0.00940297 0.00901746 0.0316977 0.00998135 0.0210697 0.00855845 0.00835217 0.0089124 0.00817658 0.00931866 0.00835517 0.00813802 0.00847367 0.00886194 0.00840814 0.00814019 0.00886147 0.00841485 0.0088313 0.00873216 0.00870511 0.00835871 
0.00965077 0.016528 0.00953191 0.0119687 0.0106031 0.00910645 0.0265133 0.0117123 0.0258357 0.00928074 0.00834299 0.0192274 0.00856698 0.0345707 0.00780014 0.00624867 0.0122909 0.00621868 0.0170786 0.00854533 0.00423427 0.00528051 0.00361316 0.00359166 0.00373378 0.00353768 0 0.00354683 0.00401506 0.0035447 0.00606671 0.00451843 0.0471668 0.00923718 0.0692613 0.0303246 0.00681995 0.0478553 0.0077659 0.00779974 0.0295372 0.00830091 0.106384 0.00903886 0.0158527 0.0105991 0.0198774 0.00867299 0.0515468 0.0107877 0.00922471 0.010681 0.0120204 0.0173003 0.00891196 0.103218 0.00867848 0.0192779 0.00937963 0.043719 0.00977111 0.037817 0.00877139 0.00858495 0.0109935 0.0261924 0.00872163 0.0433238 0.00879404 0.00855934 0.012849 0.00931173 0.0088387 0.00918988 0.00864569 0.00902417 0.0266594 0.00957558 0.0525947 0.00987369 0.0106588 0.00953542 0.00827016 0.00983301 0.00829127 0.008588 0.00818436 0.0088146 0.00857754 0.00853383 0.00821872 0.0082173 0.00900425 0.00860585 0.00868629 0.00871308 0.00833485 
0.0119218 0.00913393 0.026292 0.0104077 0.00888423 0.0110537 0.010548 0.0397444 0.00993675 0.0120703 0.0098532 0.00922345 0.0767013 0.00876602 0.0143805 0.0105603 0.00655853 0.0471205 0.0139695 0.00424389 0.0215901 0.00375715 0.00482632 0.00369287 0.0035982 0.00395039 0.00354683 0 0.00353751 0.00410624 0.00636692 0.02054 0.00833655 0.080292 0.0273354 0.00910049 0.0294596 0.00651298 0.00797504 0.0224562 0.00746142 0.0559662 0.00834653 0.0401088 0.00907479 0.00917915 0.00851477 0.0453439 0.00876223 0.0123143 0.0161419 0.00910173 0.00892939 0.00909237 0.0400399 0.00896166 0.0431081 0.00845162 0.0132814 0.00926631 0.113585 0.00896477 0.0110644 0.0104893 0.0106478 0.00898876 0.0494745 0.00857147 0.0158889 0.0131128 0.00891787 0.0111355 0.00951624 0.00841967 0.00908091 0.0138315 0.00916456 0.0449503 0.00958466 0.0231897 0.00856465 0.00849684 0.00995778 0.00813388 0.0101071 0.00833108 0.00849654 0.00843887 0.00929081 0.00837038 0.00816974 0.00953186 0.0084258 0.00932113 0.00905259 0.00884423 0.008543 
0.00970736 0.0166891 0.00899918 0.0117112 0.0100268 0.00945859 0.0215789 0.00984768 0.0297187 0.00938559 0.00886595 0.0231489 0.0101349 0.0597065 0.00790367 0.00758035 0.0545946 0.00872057 0.00702189 0.00803684 0.00435121 0.00707624 0.00361952 0.00359964 0.00392391 0.00354746 0.00401506 0.00353751 0 0.00360038 0.0181637 0.0131125 0.102078 0.0252938 0.0175695 0.0120605 0.00579773 0.0121508 0.00700589 0.0064259 0.0341835 0.00745137 0.0191786 0.0109051 0.0170647 0.0109217 0.0262582 0.00871791 0.0207004 0.00964043 0.00874269 0.0110853 0.0100532 0.0165441 0.00873841 0.0323678 0.00856768 0.0166832 0.00908154 0.0438784 0.00880059 0.036493 0.00852636 0.00899004 0.00963907 0.0162683 0.00835765 0.0229849 0.00860743 0.00921063 0.0114853 0.00877823 0.00898672 0.00894392 0.00909313 0.00880987 0.0123802 0.00859922 0.0166363 0.00910988 0.00959994 0.00980497 0.00827023 0.00989522 0.00813902 0.00925144 0.00827581 0.00831328 0.00821122 0.00857883 0.00827359 0.00828736 0.009207 0.00826038 0.00823599 0.00864235 0.00821421 
0.0207931 0.00928973 0.00941305 0.00894384 0.00992309 0.0171769 0.00958587 0.0103434 0.00884141 0.0129319 0.0128915 0.0188043 0.0142243 0.00855363 0.0244036 0.0642389 0.0118059 0.00836804 0.00635855 0.0054845 0.0157226 0.0042121 0.00383727 0.00398124 0.00359788 0.00391523 0.0035447 0.00410624 0.00360038 0 0.188931 0.0263043 0.0236178 0.00849506 0.0047983 0.00489244 0.00626648 0.00607925 0.00845224 0.00768106 0.00632616 0.0109436 0.00745809 0.00959193 0.0140519 0.0139411 0.0139508 0.0157222 0.00838954 0.00898053 0.00931886 0.0086281 0.00908082 0.0101478 0.0145842 0.0086115 0.0123786 0.00926504 0.0242355 0.00904877 0.0122197 0.00840139 0.0115756 0.0143664 0.0152218 0.0084094 0.01118 0.00830817 0.0138127 0.0153259 0.00876791 0.00864876 0.00844256 0.00880997 0.0121292 0.00934077 0.00822804 0.00978783 0.00828628 0.00921139 0.00866743 0.0106029 0.00872617 0.00798112 0.00942438 0.00957125 0.00827693 0.00803876 0.00817386 0.00803923 0.00825821 0.00999271 0.00858492 0.00818638 0.0081362 0.00815451 0.0084154 
0.0150979 0.011599 0.00913134 0.00964591 0.0165653 0.0140481 0.0115606 0.0095446 0.0109666 0.0136343 0.0316422 0.0328589 0.00970292 0.0118874 0.012877 0.0131449 0.0109648 0.00771605 0.00831969 0.00743745 0.00643213 0.00733713 0.005571 0.00522228 0.00584832 0.00448772 0.00606671 0.00636692 0.0181637 0.188931 0 0.00557972 0.00453884 0.00359385 0.00385035 0.00376112 0.00370494 0.00505975 0.00497672 0.0052051 0.00704563 0.00615242 0.00785693 0.00860715 0.0227178 0.103901 0.0291426 0.00887996 0.0115473 0.00961073 0.00886379 0.0110885 0.0132193 0.0362479 0.00964731 0.0138955 0.00940348 0.02674 0.0178549 0.0173229 0.00902752 0.0164584 0.0121387 0.0115798 0.00924316 0.0099394 0.00837793 0.0128406 0.0130613 0.0113793 0.0106397 0.00869028 0.00878505 0.0121376 0.0115546 0.00851733 0.00937281 0.00834362 0.00949896 0.00857984 0.0139789 0.0125646 0.00808092 0.0085707 0.0107931 0.00991459 0.00806975 0.00812691 0.00812157 0.00821352 0.00993801 0.00921642 0.00880402 0.0082341 0.00824915 0.00829755 0.0102849 
0.0131378 0.00894281 0.0104266 0.00898205 0.0162171 0.0128589 0.0116119 0.0190939 0.00996727 0.0249865 0.0109932 0.0130927 0.0134391 0.00944143 0.0335449 0.010785 0.00838259 0.0133791 0.00797066 0.00799938 0.0104425 0.00611566 0.0176393 0.00589333 0.00545839 0.00844242 0.00451843 0.02054 0.0131125 0.0263043 0.00557972 0 0.00360955 0.00354062 0.00355042 0.00360323 0.00365137 0.00370904 0.00453862 0.00413451 0.00455235 0.007867 0.00638815 0.0124708 0.0257417 0.0106142 0.00964603 0.0135939 0.00893966 0.0107792 0.0103808 0.0094879 0.0156881 0.0110301 0.01572 0.00963397 0.0205426 0.0127067 0.0177249 0.0108724 0.0179211 0.00959915 0.0232484 0.00985515 0.00955183 0.0101211 0.0117753 0.00876998 0.040443 0.0117231 0.00880452 0.00945724 0.00931342 0.0115863 0.00922882 0.00915408 0.00992219 0.0165261 0.0107652 0.0174831 0.0127168 0.00881978 0.00848279 0.00834507 0.0155156 0.00843712 0.0083679 0.00851343 0.00849934 0.00836071 0.00932082 0.00863051 0.00840119 0.0086812 0.00851369 0.00857945 0.00940899 
0.00904933 0.0139639 0.00928083 0.0114464 0.0101937 0.00965703 0.0374637 0.0122601 0.0467917 0.00991783 0.00879253 0.0202029 0.0101235 0.0345953 0.00943853 0.00957207 0.0445233 0.0086643 0.0238729 0.010512 0.00748502 0.0282329 0.00652368 0.00688084 0.0234912 0.00636608 0.0471668 0.00833655 0.102078 0.0236178 0.00453884 0.00360955 0 0.00354774 0.0035604 0.00357191 0.00355387 0.00387368 0.0037514 0.00416326 0.00830495 0.00495795 0.0217393 0.0091104 0.0129575 0.00860034 0.0205314 0.00844105 0.0281191 0.00932737 0.00926615 0.0181598 0.00989868 0.016616 0.00930322 0.0560623 0.00891659 0.0251996 0.0118655 0.0568619 0.00947183 0.0484537 0.00903248 0.00887458 0.0115643 0.0173079 0.00872266 0.0453986 0.0088056 0.00862373 0.0140174 0.00882463 0.00917131 0.00894851 0.00951028 0.00933035 0.019084 0.00954166 0.0450022 0.00970629 0.010881 0.0093015 0.00837547 0.0102539 0.00851475 0.00878321 0.00831767 0.00859971 0.00852636 0.00869332 0.00826463 0.00812645 0.00875145 0.00847694 0.00870652 0.00874413 0.00841245 
0.0101169 0.00881066 0.0255579 0.00993145 0.0087925 0.0109252 0.0116861 0.0916619 0.0105357 0.0120183 0.00893692 0.00920338 0.031519 0.00923376 0.01245 0.0120817 0.00866603 0.0895917 0.00954623 0.00901063 0.0222327 0.00715526 0.0212541 0.00803061 0.00692258 0.0544069 0.00923718 0.080292 0.0252938 0.00849506 0.00359385 0.00354062 0.00354774 0 0.00352293 0.00353576 0.00359236 0.00355941 0.00367934 0.00638334 0.00469667 0.0198497 0.005148 0.0114661 0.00775674 0.00696098 0.00792248 0.042607 0.00834567 0.0119986 0.0239765 0.00879181 0.00879573 0.00903645 0.0327699 0.00895514 0.0532069 0.00925532 0.012915 0.00941025 0.135752 0.00893402 0.0103827 0.0101385 0.0104415 0.00932123 0.0594174 0.00862481 0.0146809 0.0120267 0.00875048 0.0117917 0.0107414 0.00871092 0.00888966 0.0125784 0.00957848 0.0694351 0.011572 0.0325927 0.00881787 0.00844981 0.0100571 0.00824787 0.00937713 0.00827286 0.00835099 0.00870391 0.00918355 0.00860557 0.00814094 0.00883696 0.00828656 0.0094413 0.00910312 0.00857726 0.00830167 
0.0089094 0.0109566 0.00961087 0.00948059 0.00905389 0.00911573 0.0236294 0.0127384 0.0188309 0.0100163 0.00835939 0.0141924 0.00959733 0.0185257 0.00890238 0.00856001 0.0309993 0.0091468 0.0308983 0.0143328 0.00771368 0.0196331 0.00762675 0.00844267 0.0792385 0.00837687 0.0692613 0.0273354 0.0175695 0.0047983 0.00385035 0.00355042 0.0035604 0.00352293 0 0.0035168 0.00352638 0.0036089 0.00363165 0.00357661 0.00931835 0.00390818 0.00771225 0.00788238 0.00892281 0.00657552 0.0114214 0.00784657 0.0425347 0.0109879 0.00914114 0.00967107 0.00932431 0.0135242 0.00911192 0.0415689 0.0112755 0.0146478 0.00928094 0.0390841 0.00932626 0.0218233 0.00894216 0.00859722 0.00933065 0.0315024 0.00878554 0.0166552 0.0090627 0.00861135 0.0113369 0.00911249 0.00878904 0.00933764 0.00873717 0.00870798 0.0277725 0.00968788 0.0369064 0.00972443 0.00985907 0.00875941 0.00826814 0.00895162 0.00830629 0.00849004 0.00817879 0.00866291 0.00847881 0.00835875 0.00812294 0.0081101 0.00852183 0.00847637 0.00845231 0.00836713 0.00821356 
0.00862628 0.0087395 0.0104582 0.00896392 0.00895679 0.0102241 0.0120291 0.0160546 0.0113414 0.0102137 0.00849061 0.00929612 0.00954844 0.0104629 0.00924219 0.0142833 0.00935196 0.0132653 0.0119378 0.00923295 0.0135968 0.0112718 0.00749755 0.042678 0.0260607 0.0243875 0.0303246 0.00910049 0.0120605 0.00489244 0.00376112 0.00360323 0.00357191 0.00353576 0.0035168 0 0.00352632 0.0035591 0.0035499 0.00379078 0.00371447 0.00373203 0.00672429 0.00564195 0.00641877 0.0056733 0.00707561 0.00856651 0.00984457 0.018276 0.0100331 0.00853674 0.00904693 0.00880978 0.0117392 0.0135892 0.0103805 0.00906927 0.0125196 0.0100618 0.0171478 0.0104091 0.00941167 0.00849339 0.012992 0.00959577 0.0108893 0.00929494 0.00968517 0.00884767 0.00897675 0.0091478 0.00870465 0.00872705 0.00830704 0.0108795 0.010391 0.0158276 0.0134839 0.0119396 0.00918213 0.00819692 0.00827401 0.00832108 0.00863158 0.00816458 0.00810575 0.00841873 0.00847558 0.00824342 0.00811641 0.00805353 0.00814757 0.00839791 0.00833376 0.00825864 0.00832522 
0.00884392 0.00861542 0.0099072 0.0093047 0.00847458 0.00946734 0.0105802 0.0189595 0.00958791 0.00949114 0.00845618 0.0089769 0.0128768 0.00884774 0.0112021 0.00940009 0.00862022 0.0197717 0.00970639 0.00982147 0.0275877 0.00806477 0.0615396 0.0388937 0.0171237 0.0566941 0.00681995 0.0294596 0.00579773 0.00626648 0.00370494 0.00365137 0.00355387 0.00359236 0.00352638 0.00352632 0 0.00345101 0.00365861 0.00383178 0.00358043 0.00448583 0.00384204 0.00612268 0.00438014 0.00537404 0.00680588 0.0108776 0.00798686 0.011073 0.00953643 0.00883794 0.0103158 0.00866119 0.0193785 0.00903525 0.0157543 0.00849218 0.0097532 0.00927098 0.0219695 0.00897928 0.0090147 0.00967303 0.00903199 0.00944846 0.0151358 0.00859014 0.0106301 0.00937597 0.00891592 0.00907267 0.00897161 0.00833372 0.00897471 0.0092625 0.00989832 0.0167535 0.0107907 0.0142126 0.00870996 0.00829612 0.00849332 0.00819347 0.008638 0.00828151 0.00823524 0.00836706 0.00846453 0.00824361 0.00805608 0.00826578 0.00815936 0.00846179 0.00837483 0.00830681 0.00818154 
0.00894576 0.00950993 0.00913141 0.00869173 0.00916206 0.00887584 0.0115335 0.010331 0.0118533 0.00925352 0.00843279 0.0124166 0.00865867 0.0124786 0.0086586 0.00888351 0.017999 0.00845097 0.0170636 0.0126471 0.00796804 0.1157 0.0211824 0.0232988 0.0372119 0.00727494 0.0478553 0.00651298 0.0121508 0.00607925 0.00505975 0.00370904 0.00387368 0.00355941 0.0036089 0.0035591 0.00345101 0 0.0036249 0.00357769 0.00409812 0.00357453 0.00461386 0.00373894 0.00440531 0.00525682 0.00994098 0.00695516 0.0141246 0.00843145 0.0088243 0.0415521 0.0108086 0.0200517 0.00846248 0.0228028 0.00843825 0.012857 0.00892877 0.013435 0.00906689 0.0125694 0.00908303 0.00830281 0.009101 0.0123863 0.00862836 0.0118181 0.00888579 0.00863054 0.00976012 0.00897447 0.00856124 0.00913848 0.00851975 0.00863978 0.0119515 0.00919488 0.0159235 0.0093534 0.00944973 0.00897604 0.00818789 0.00876652 0.00854297 0.00879039 0.00812105 0.00846621 0.00835687 0.00835582 0.00827802 0.00813744 0.00877154 0.00848518 0.00827455 0.00838659 0.00849155 
