1K66A
AVGNATQPLLVVEDSDEDFSTFQRLLQREGVVNPIYRCITGDQALDFLYQTGSYCNPDIAPRPAVILLDLNLPGTDGREVLQEIKQDEVLKKIPVVIMTTSSNPKDIEICYSYSISSYIVKPLEIDRLTETVQTFIKYWLDIVVLPEMG
CECCCCCCEEEECCCHHHHHHHHHHHHHCCECCCEEEECCHHHHHHHHHCCCCCCCHHHCCCCCEEEECCCCCCCCHHHHHHHHCCCCCHHHCCEEEEECCCCHHHHHHHHHCCCCEEEECCCCHHHHHHHHHHHHHHHHCCCCCCCCC
0 0 0 0 0 0 0 0 0 0 0 0 0 0 0 0 0 0 0 0 0 0 0 0 0 0 0 0 0 0 0 0 0 0 0 0 0 0 0 0 0 0 0 0 0 0 0 0 0 0 0 0 0 0 0 0 0 0 0 0 0 0 0 0 0 0 0 0 0 0 0 0 0 0 0 0 0 0 0 0 0 0 0 0 0 0 0 0 0 0 0 0 0 0 0 0 0 0 0 0 0 0 0 0 0 0 0 0 0 0 0 0 0 0 0 0 0 0 0 0 0 0 0 0 0 0 0 0 0 0 0 0 0 0 0 0 0 0 0 0 0 0 0 0 0 0 0 0 0 
0 0 0 0 0 0 0 0 0 0 0 0 0 0 0 0 0 0 0 0 0 0 0 0 0 0 0 0 0 0 0 0 0 0 0 0 0 0 0 0 0 0 0 0 0 0 0 0 0 0 0 0 0 0 0 0 0 0 0 0 0 0 0 0 0 0 0 0 0 0 0 0 0 0 0 0 0 0 0 0 0 0 0 0 0 0 0 0 0 0 0 0 0 0 0 0 0 0 0 0 0 0 0 0 0 0 0 0 0 0 0 0 0 0 0 0 0 0 0 0 0 0 0 0 0 0 0 0 0 0 0 0 0 0 0 0 0 0 0 0 0 0 0 0 0 0 0 0 0 
0 0.0677947 0.0250757 0.0156245 0.0766539 0.337093 0.030855 0.0144876 0.0101891 0.0399965 0.0288257 0.013761 0.0118635 0.0238776 0.0192384 0.00950999 0.00946152 0.00954193 0.0144256 0.0113713 0.00882495 0.0096373 0.00993561 
0.0677947 0 0.0037109 0.00364614 0.00445575 0.0506589 0.301498 0.0181361 0.0153415 0.0295721 0.23743 0.0572342 0.0309301 0.0387761 0.0639325 0.0253084 0.0209948 0.0148781 0.016679 0.0157977 0.0129019 0.0106849 0.0154612 
0.0250757 0.0037109 0 0.0036769 0.00360869 0.0232017 0.032545 0.434568 0.0235609 0.0178538 0.0546747 0.41797 0.0714357 0.0230673 0.0358776 0.0956154 0.0605628 0.0211881 0.0112196 0.0122877 0.017551 0.0172591 0.0103392 
0.0156245 0.00364614 0.0036769 0 0.00357248 0.0198817 0.022925 0.0245827 0.47972 0.0132989 0.0334561 0.066734 0.385448 0.0331517 0.0245067 0.0401569 0.0662228 0.0369265 0.0120976 0.015366 0.0189298 0.0158577 0.00990417 
0.0766539 0.00445575 0.00360869 0.00357248 0 0.0770292 0.0316759 0.0206808 0.0204183 0.475546 0.0303643 0.0221153 0.0289305 0.168974 0.0267017 0.014241 0.0150649 0.0142086 0.0169267 0.0134137 0.00971507 0.00956125 0.0101173 
0.337093 0.0506589 0.0232017 0.0198817 0.0770292 0 0.0458918 0.00633557 0.00519175 0.0121948 0.0253363 0.0128141 0.0120986 0.0228791 0.0174547 0.00940466 0.00874337 0.00921468 0.0133506 0.0101034 0.0085667 0.00871872 0.011307 
0.030855 0.301498 0.032545 0.022925 0.0316759 0.0458918 0 0.0036573 0.00382125 0.00475542 0.0914356 0.0217961 0.014961 0.029528 0.0186771 0.0122 0.0114397 0.0105128 0.0145068 0.00930659 0.00912472 0.00896338 0.0127463 
0.0144876 0.0181361 0.434568 0.0245827 0.0206808 0.00633557 0.0036573 0 0.00362628 0.00358452 0.0404749 0.0996217 0.0218205 0.0118002 0.0128857 0.0191969 0.0156347 0.0114717 0.00928042 0.0089397 0.0102849 0.0109775 0.00855863 
0.0101891 0.0153415 0.0235609 0.47972 0.0204183 0.00519175 0.00382125 0.00362628 0 0.00354908 0.0204061 0.0511941 0.119571 0.0161251 0.0111738 0.0162324 0.0189705 0.0125233 0.00949466 0.00879105 0.0109475 0.00963418 0.00883228 
0.0399965 0.0295721 0.0178538 0.0132989 0.475546 0.0121948 0.00475542 0.00358452 0.00354908 0 0.0198837 0.0171983 0.0552911 0.172991 0.0329976 0.00996732 0.0106475 0.0113821 0.0122482 0.0125971 0.00908548 0.0101316 0.00925286 
0.0288257 0.23743 0.0546747 0.0334561 0.0303643 0.0253363 0.0914356 0.0404749 0.0204061 0.0198837 0 0.00386651 0.00367247 0.00456852 0.345635 0.157227 0.0316195 0.0174392 0.0269474 0.0434499 0.023254 0.0138114 0.0317177 
0.013761 0.0572342 0.41797 0.066734 0.0221153 0.0128141 0.0217961 0.0996217 0.0511941 0.0171983 0.00386651 0 0.00374984 0.00369259 0.612476 0.284715 0.197122 0.0442087 0.0146109 0.0337173 0.0539834 0.055406 0.0126878 
0.0118635 0.0309301 0.0714357 0.385448 0.0289305 0.0120986 0.014961 0.0218205 0.119571 0.0552911 0.00367247 0.00374984 0 0.00368589 0.0392306 0.506512 0.239174 0.313849 0.0234584 0.0154819 0.041434 0.0686882 0.017149 
0.0238776 0.0387761 0.0230673 0.0331517 0.168974 0.0228791 0.029528 0.0118002 0.0161251 0.172991 0.00456852 0.00369259 0.00368589 0 0.0519864 0.0397083 0.409826 0.205516 0.287189 0.0374979 0.0143852 0.0202812 0.0332412 
0.0192384 0.0639325 0.0358776 0.0245067 0.0267017 0.0174547 0.0186771 0.0128857 0.0111738 0.0329976 0.345635 0.612476 0.0392306 0.0519864 0 0.00363462 0.00363696 0.00362608 0.0040659 0.0800023 0.0418127 0.0196926 0.0574471 
0.00950999 0.0253084 0.0956154 0.0401569 0.014241 0.00940466 0.0122 0.0191969 0.0162324 0.00996732 0.157227 0.284715 0.506512 0.0397083 0.00363462 0 0.00358291 0.00361412 0.00356727 0.50763 0.04923 0.145312 0.0135475 
0.00946152 0.0209948 0.0605628 0.0662228 0.0150649 0.00874337 0.0114397 0.0156347 0.0189705 0.0106475 0.0316195 0.197122 0.239174 0.409826 0.00363696 0.00358291 0 0.00357042 0.00355798 0.0178668 0.621285 0.0228876 0.0272932 
0.00954193 0.0148781 0.0211881 0.0369265 0.0142086 0.00921468 0.0105128 0.0114717 0.0125233 0.0113821 0.0174392 0.0442087 0.313849 0.205516 0.00362608 0.00361412 0.00357042 0 0.00359968 0.0472862 0.0189365 0.630217 0.0228995 
0.0144256 0.016679 0.0112196 0.0120976 0.0169267 0.0133506 0.0145068 0.00928042 0.00949466 0.0122482 0.0269474 0.0146109 0.0234584 0.287189 0.0040659 0.00356727 0.00355798 0.00359968 0 0.0138462 0.0189496 0.0219583 0.486676 
0.0113713 0.0157977 0.0122877 0.015366 0.0134137 0.0101034 0.00930659 0.0089397 0.00879105 0.0125971 0.0434499 0.0337173 0.0154819 0.0374979 0.0800023 0.50763 0.0178668 0.0472862 0.0138462 0 0.00362401 0.00356379 0.0072942 
0.00882495 0.0129019 0.017551 0.0189298 0.00971507 0.0085667 0.00912472 0.0102849 0.0109475 0.00908548 0.023254 0.0539834 0.041434 0.0143852 0.0418127 0.04923 0.621285 0.0189365 0.0189496 0.00362401 0 0.00446822 0.00357937 
0.0096373 0.0106849 0.0172591 0.0158577 0.00956125 0.00871872 0.00896338 0.0109775 0.00963418 0.0101316 0.0138114 0.055406 0.0686882 0.0202812 0.0196926 0.145312 0.0228876 0.630217 0.0219583 0.00356379 0.00446822 0 0.00367327 
0.00993561 0.0154612 0.0103392 0.00990417 0.0101173 0.011307 0.0127463 0.00855863 0.00883228 0.00925286 0.0317177 0.0126878 0.017149 0.0332412 0.0574471 0.0135475 0.0272932 0.0228995 0.486676 0.0072942 0.00357937 0.00367327 0 
