1KLIL
HKDDQLICVNENGGCEQYCSDHTGTKRSCRCHEGYSLLADGVSCTPTVEYPCGKIPILEKR
CCCCCCCCCCHHHHCCCEEEEECCCEEEEECCCCEEECCCCCCEEECCCCCCCCCHHHHCC
0 0 0 0 0 0 0 0 0 0 0 0 0 0 0 0 0 0 0 0 0 0 0 0 0 0 0 0 0 0 0 0 0 0 0 0 0 0 0 0 0 0 0 0 0 0 0 0 0 0 0 0 0 0 0 0 0 0 0 0 0 
0 0 0 0 0 0 0 0 0 0 0 0 0 0 0 0 0 0 0 0 0 0 0 0 0 0 0 0 0 0 0 0 0 0 0 0 0 0 0 0 0 0 0 0 0 0 0 0 0 0 0 0 0 0 0 0 0 0 0 0 0 
0 0.00364872 0.00355946 0.00362033 0.00408314 0.00583074 0.00465697 0.00743786 0.00750814 0.957014 0.0128675 0.00957917 0.0219703 0.0119463 0.00978154 0.0192441 
0.00364872 0 0.00353479 0.00358646 0.00358852 0.00383936 0.0107827 0.00529602 0.969396 0.00902132 0.00872406 0.0092494 0.00885448 0.0102634 0.0154626 0.0106399 
0.00355946 0.00353479 0 0.00357738 0.00353652 0.00475475 0.00594098 0.982874 0.00491188 0.00579733 0.00760656 0.00775721 0.00973955 0.00908765 0.00881822 0.00956285 
0.00362033 0.00358646 0.00357738 0 0.00365239 0.00481927 0.980335 0.00404151 0.0047151 0.00408267 0.00707039 0.0078487 0.00658215 0.00923285 0.00962433 0.00788307 
0.00408314 0.00358852 0.00353652 0.00365239 0 0.985733 0.00505117 0.00401677 0.00379356 0.0044618 0.0109162 0.00688746 0.00672323 0.0147597 0.00803886 0.00809002 
0.00583074 0.00383936 0.00475475 0.00481927 0.985733 0 0.00356751 0.0036316 0.00358887 0.00484187 0.00590391 0.00846893 0.0149352 0.00886435 0.0091113 0.0177802 
0.00465697 0.0107827 0.00594098 0.980335 0.00505117 0.00356751 0 0.00352651 0.00362653 0.00354078 0.00468865 0.00654849 0.0146276 0.00944512 0.00896548 0.0122162 
0.00743786 0.00529602 0.982874 0.00404151 0.00401677 0.0036316 0.00352651 0 0.00352334 0.00365526 0.00399221 0.0110672 0.00905688 0.00750513 0.0123356 0.00795227 
0.00750814 0.969396 0.00491188 0.0047151 0.00379356 0.00358887 0.00362653 0.00352334 0 0.00352955 0.00754262 0.00783704 0.0133341 0.00987956 0.00754022 0.00790401 
0.957014 0.00902132 0.00579733 0.00408267 0.0044618 0.00484187 0.00354078 0.00365526 0.00352955 0 0.00685453 0.0134718 0.00415247 0.0138457 0.00768882 0.00673507 
0.0128675 0.00872406 0.00760656 0.00707039 0.0109162 0.00590391 0.00468865 0.00399221 0.00754262 0.00685453 0 0.00458803 0.00500113 0.00878779 0.00640006 0.933646 
0.00957917 0.0092494 0.00775721 0.0078487 0.00688746 0.00846893 0.00654849 0.0110672 0.00783704 0.0134718 0.00458803 0 0.00368371 0.00586528 0.978777 0.00648886 
0.0219703 0.00885448 0.00973955 0.00658215 0.00672323 0.0149352 0.0146276 0.00905688 0.0133341 0.00415247 0.00500113 0.00368371 0 0.936341 0.00475385 0.00508485 
0.0119463 0.0102634 0.00908765 0.00923285 0.0147597 0.00886435 0.00944512 0.00750513 0.00987956 0.0138457 0.00878779 0.00586528 0.936341 0 0.00358151 0.00390555 
0.00978154 0.0154626 0.00881822 0.00962433 0.00803886 0.0091113 0.00896548 0.0123356 0.00754022 0.00768882 0.00640006 0.978777 0.00475385 0.00358151 0 0.00366061 
0.0192441 0.0106399 0.00956285 0.00788307 0.00809002 0.0177802 0.0122162 0.00795227 0.00790401 0.00673507 0.933646 0.00648886 0.00508485 0.00390555 0.00366061 0 
