1KUHA
TVTVTYDPSNAPSFQQEIANAAQIWNSSVRNVQLRAGGNADFSYYEGNDSRGSYAQTDGHGRGYIFLDYQQNQQYDSTRVTAHETGHVLGLPDHYQGPCSELMSGGGPGPSCTNPYPNAQERSRVNALWANG
CEEEEEEEEECHHHHHHHHHHHHHHHHHCCCEEEEECCCCCEEEEEECCCCCCEEEECCCCCEEEEEEHHHHHHCCHHHHHHHHHHHHHCCCCCCCCCCCCHHHCCCCCCCCCCCCCCHHHHHHHHHHHCCC
0 0 0 0 0 0 0 0 0 0 0 0 0 0 0 0 0 0 0 0 0 0 0 0 0 0 0 0 0 0 0 0 0 0 0 0 0 0 0 0 0 0 0 0 0 0 0 0 0 0 0 0 0 0 0 0 0 0 0 0 0 0 0 0 0 0 0 0 0 0 0 0 0 0 0 0 0 0 0 0 0 0 0 0 0 0 0 0 0 0 0 0 0 0 0 0 0 0 0 0 0 0 0 0 0 0 0 0 0 0 0 0 0 0 0 0 0 0 0 0 0 0 0 0 0 0 0 0 0 0 0 0 
0 0 0 0 0 0 0 0 0 0 0 0 0 0 0 0 0 0 0 0 0 0 0 0 0 0 0 0 0 0 0 0 0 0 0 0 0 0 0 0 0 0 0 0 0 0 0 0 0 0 0 0 0 0 0 0 0 0 0 0 0 0 0 0 0 0 0 0 0 0 0 0 0 0 0 0 0 0 0 0 0 0 0 0 0 0 0 0 0 0 0 0 0 0 0 0 0 0 0 0 0 0 0 0 0 0 0 0 0 0 0 0 0 0 0 0 0 0 0 0 0 0 0 0 0 0 0 0 0 0 0 0 
0 0.00378408 0.00388036 0.00368119 0.00459068 0.00376989 0.00424219 0.00455263 0.00875732 0.381537 0.00943258 0.043416 0.00959897 0.0275009 0.0354117 0.0100815 0.0202182 0.00984678 0.0123682 0.0242624 0.0118894 0.0175278 0.00935738 0.0171495 0.0165864 0.00934905 0.0172444 0.0108996 0.0131599 0.0117934 
0.00378408 0 0.00392968 0.00378223 0.00357944 0.0039986 0.0038688 0.00469201 0.00417714 0.0137437 0.447691 0.00904593 0.0681612 0.00959156 0.0112139 0.104918 0.00990504 0.0226295 0.0141172 0.00876935 0.0205888 0.00914604 0.0193338 0.00968329 0.00969649 0.043591 0.0106997 0.0472527 0.0134387 0.0093846 
0.00388036 0.00392968 0 0.00363965 0.00366334 0.00363426 0.0041039 0.00375888 0.00371785 0.0454043 0.00860309 0.32535 0.00866899 0.0187385 0.0183969 0.00929081 0.0513446 0.0112202 0.0100798 0.0119173 0.00866393 0.0290423 0.00876224 0.00923729 0.0111426 0.00911968 0.0534754 0.0154703 0.0192267 0.0089675 
0.00368119 0.00378223 0.00363965 0 0.00362455 0.00376126 0.00359778 0.00359264 0.00394656 0.00946766 0.0934738 0.00891448 0.101128 0.0097401 0.00942671 0.0284365 0.0111445 0.0207388 0.0113961 0.00902109 0.0127806 0.0089218 0.012024 0.00863533 0.00867134 0.0204557 0.0117873 0.0574999 0.0115814 0.00920322 
0.00459068 0.00357944 0.00366334 0.00362455 0 0.00355863 0.00355045 0.00350861 0.0035764 0.0404553 0.00860453 0.0610325 0.00877415 0.0519104 0.0134933 0.00917183 0.0328969 0.0107947 0.0100831 0.0102129 0.0087622 0.014503 0.00862982 0.0089607 0.010608 0.00927081 0.0364765 0.0120164 0.0163915 0.0092507 
0.00376989 0.0039986 0.00363426 0.00376126 0.00355863 0 0.00350879 0.00356028 0.0035857 0.00808121 0.0365498 0.00828726 0.0339596 0.00808938 0.00874837 0.0162015 0.00872841 0.0130621 0.00907174 0.00828462 0.00993519 0.00847481 0.0113333 0.00817747 0.00826955 0.0121892 0.00909254 0.0253135 0.00907587 0.00872494 
0.00424219 0.0038688 0.0041039 0.00359778 0.00355045 0.00350879 0 0.0035201 0.00352548 0.0164112 0.00811289 0.0515833 0.00812951 0.00889196 0.0104382 0.0107663 0.0167794 0.00867686 0.00848388 0.00914693 0.00828856 0.0136654 0.00839309 0.0082824 0.00895425 0.00842678 0.0168386 0.00944503 0.0108657 0.00844209 
0.00455263 0.00469201 0.00375888 0.00359264 0.00350861 0.00356028 0.0035201 0 0.00360191 0.0086981 0.0314589 0.00882866 0.0315819 0.00839797 0.00891275 0.0138895 0.0113906 0.00933613 0.0100308 0.00838619 0.0100296 0.00879327 0.0090073 0.00825102 0.00851198 0.0105665 0.00886309 0.0110874 0.0104915 0.00855893 
0.00875732 0.00417714 0.00371785 0.00394656 0.0035764 0.0035857 0.00352548 0.00360191 0 0.0272911 0.0101897 0.0100577 0.0108721 0.0236797 0.0174211 0.0110559 0.0100861 0.0100175 0.00893429 0.0119392 0.0171758 0.009428 0.00878888 0.0088355 0.0184898 0.00893881 0.0100986 0.00953572 0.00917943 0.0110416 
0.381537 0.0137437 0.0454043 0.00946766 0.0404553 0.00808121 0.0164112 0.0086981 0.0272911 0 0.00362376 0.00386954 0.00371759 0.00649777 0.00684345 0.00645359 0.0126546 0.00761355 0.0592634 0.0752698 0.0091606 0.0156067 0.00869716 0.023247 0.0184991 0.00947326 0.0122862 0.00967444 0.0140664 0.0160003 
0.00943258 0.447691 0.00860309 0.0934738 0.00860453 0.0365498 0.00811289 0.0314589 0.0101897 0.00362376 0 0.00352907 0.00415621 0.00359219 0.00515152 0.0190324 0.00724887 0.0372213 0.0248808 0.00669338 0.0125153 0.0080732 0.0151299 0.00833144 0.00851507 0.0200553 0.00881946 0.0215643 0.0118187 0.00961835 
0.043416 0.00904593 0.32535 0.00891448 0.0610325 0.00828726 0.0515833 0.00882866 0.0100577 0.00386954 0.00352907 0 0.00353002 0.00364763 0.0113296 0.00578314 0.0932484 0.0153728 0.00635972 0.00955799 0.00778923 0.0201232 0.00830296 0.00914211 0.0133067 0.00858776 0.0322269 0.0110928 0.0138895 0.00875236 
0.00959897 0.0681612 0.00866899 0.101128 0.00877415 0.0339596 0.00812951 0.0315819 0.0108721 0.00371759 0.00415621 0.00353002 0 0.00386895 0.00477434 0.111821 0.0221953 0.00696579 0.00606546 0.00572139 0.0156866 0.00834957 0.0112295 0.0079726 0.00915043 0.0197411 0.00924503 0.0134822 0.00999187 0.00882948 
0.0275009 0.00959156 0.0187385 0.0097401 0.0519104 0.00808938 0.00889196 0.00839797 0.0236797 0.00649777 0.00359219 0.00364763 0.00386895 0 0.0649296 0.0261402 0.00539161 0.00504835 0.00549583 0.0069112 0.0109363 0.00970695 0.00822362 0.00847902 0.0180426 0.00902743 0.00935249 0.00924613 0.011424 0.00933276 
0.0354117 0.0112139 0.0183969 0.00942671 0.0134933 0.00874837 0.0104382 0.00891275 0.0174211 0.00684345 0.00515152 0.0113296 0.00477434 0.0649296 0 0.00356757 0.00360848 0.00355034 0.00361007 0.0053029 0.00686117 0.00850757 0.0116542 0.0228504 0.0452622 0.00889203 0.0153103 0.00979268 0.0145344 0.0170666 
0.0100815 0.104918 0.00929081 0.0284365 0.00917183 0.0162015 0.0107663 0.0138895 0.0110559 0.00645359 0.0190324 0.00578314 0.111821 0.0261402 0.00356757 0 0.00354657 0.00357729 0.00385277 0.00417959 0.00677543 0.00710318 0.0286168 0.0419906 0.00845757 0.0546186 0.0090096 0.0224216 0.0138019 0.00961668 
0.0202182 0.00990504 0.0513446 0.0111445 0.0328969 0.00872841 0.0167794 0.0113906 0.0100861 0.0126546 0.00724887 0.0932484 0.0221953 0.00539161 0.00360848 0.00354657 0 0.00358508 0.0035661 0.0039681 0.00885022 0.0184891 0.0528831 0.0361947 0.0110262 0.0086539 0.0569469 0.0122176 0.0173226 0.00938877 
0.00984678 0.0226295 0.0112202 0.0207388 0.0107947 0.0130621 0.00867686 0.00933613 0.0100175 0.00761355 0.0372213 0.0153728 0.00696579 0.00504835 0.00355034 0.00357729 0.00358508 0 0.00355772 0.00354695 0.0165023 0.0360404 0.0389915 0.011316 0.00775974 0.0142892 0.0118175 0.026346 0.0108856 0.0106481 
0.0123682 0.0141172 0.0100798 0.0113961 0.0100831 0.00907174 0.00848388 0.0100308 0.00893429 0.0592634 0.0248808 0.00635972 0.00606546 0.00549583 0.00361007 0.00385277 0.0035661 0.00355772 0 0.00466328 0.0459059 0.0200038 0.0146931 0.00599512 0.00848656 0.0113594 0.00927807 0.0120479 0.0445869 0.0116498 
0.0242624 0.00876935 0.0119173 0.00902109 0.0102129 0.00828462 0.00914693 0.00838619 0.0119392 0.0752698 0.00669338 0.00955799 0.00572139 0.0069112 0.0053029 0.00417959 0.0039681 0.00354695 0.00466328 0 0.0411015 0.0176515 0.00504638 0.0097584 0.0148249 0.0079088 0.0096083 0.00893004 0.0332337 0.0283823 
0.0118894 0.0205888 0.00866393 0.0127806 0.0087622 0.00993519 0.00828856 0.0100296 0.0171758 0.0091606 0.0125153 0.00778923 0.0156866 0.0109363 0.00686117 0.00677543 0.00885022 0.0165023 0.0459059 0.0411015 0 0.00360179 0.00395333 0.00522454 0.00542435 0.0103619 0.00885648 0.874603 0.0153675 0.013813 
0.0175278 0.00914604 0.0290423 0.0089218 0.014503 0.00847481 0.0136654 0.00879327 0.009428 0.0156067 0.0080732 0.0201232 0.00834957 0.00970695 0.00850757 0.00710318 0.0184891 0.0360404 0.0200038 0.0176515 0.00360179 0 0.00363015 0.00359078 0.00612099 0.00766042 0.945056 0.00945877 0.0364475 0.00526242 
0.00935738 0.0193338 0.00876224 0.012024 0.00862982 0.0113333 0.00839309 0.0090073 0.00878888 0.00869716 0.0151299 0.00830296 0.0112295 0.00822362 0.0116542 0.0286168 0.0528831 0.0389915 0.0146931 0.00504638 0.00395333 0.00363015 0 0.0036905 0.0105763 0.98849 0.0122803 0.026658 0.00648519 0.00532479 
0.0171495 0.00968329 0.00923729 0.00863533 0.0089607 0.00817747 0.0082824 0.00825102 0.0088355 0.023247 0.00833144 0.00914211 0.0079726 0.00847902 0.0228504 0.0419906 0.0361947 0.011316 0.00599512 0.0097584 0.00522454 0.00359078 0.0036905 0 0.984287 0.00911554 0.0124756 0.0102137 0.00642567 0.00462036 
0.0165864 0.00969649 0.0111426 0.00867134 0.010608 0.00826955 0.00895425 0.00851198 0.0184898 0.0184991 0.00851507 0.0133067 0.00915043 0.0180426 0.0452622 0.00845757 0.0110262 0.00775974 0.00848656 0.0148249 0.00542435 0.00612099 0.0105763 0.984287 0 0.00462553 0.00358726 0.00364243 0.0039917 0.00556892 
0.00934905 0.043591 0.00911968 0.0204557 0.00927081 0.0121892 0.00842678 0.0105665 0.00893881 0.00947326 0.0200553 0.00858776 0.0197411 0.00902743 0.00889203 0.0546186 0.0086539 0.0142892 0.0113594 0.0079088 0.0103619 0.00766042 0.98849 0.00911554 0.00462553 0 0.00361838 0.00355923 0.00577169 0.00364738 
0.0172444 0.0106997 0.0534754 0.0117873 0.0364765 0.00909254 0.0168386 0.00886309 0.0100986 0.0122862 0.00881946 0.0322269 0.00924503 0.00935249 0.0153103 0.0090096 0.0569469 0.0118175 0.00927807 0.0096083 0.00885648 0.945056 0.0122803 0.0124756 0.00358726 0.00361838 0 0.00354359 0.00353406 0.00354742 
0.0108996 0.0472527 0.0154703 0.0574999 0.0120164 0.0253135 0.00944503 0.0110874 0.00953572 0.00967444 0.0215643 0.0110928 0.0134822 0.00924613 0.00979268 0.0224216 0.0122176 0.026346 0.0120479 0.00893004 0.874603 0.00945877 0.026658 0.0102137 0.00364243 0.00355923 0.00354359 0 0.00353747 0.00353505 
0.0131599 0.0134387 0.0192267 0.0115814 0.0163915 0.00907587 0.0108657 0.0104915 0.00917943 0.0140664 0.0118187 0.0138895 0.00999187 0.011424 0.0145344 0.0138019 0.0173226 0.0108856 0.0445869 0.0332337 0.0153675 0.0364475 0.00648519 0.00642567 0.0039917 0.00577169 0.00353406 0.00353747 0 0.00353409 
0.0117934 0.0093846 0.0089675 0.00920322 0.0092507 0.00872494 0.00844209 0.00855893 0.0110416 0.0160003 0.00961835 0.00875236 0.00882948 0.00933276 0.0170666 0.00961668 0.00938877 0.0106481 0.0116498 0.0283823 0.013813 0.00526242 0.00532479 0.00462036 0.00556892 0.00364738 0.00354742 0.00353505 0.00353409 0 
