1KUUA
MYLGRILAVGRNSNGSFVAYRVSSRSFPNRTTSIQEERVAVVPVEGHERDVFRNPYIAYNCIRIVGDTAVVSNGSHTDTIADKVALGMNLRDAIGLSLLAMDYEKDELNTPRIAAAINGSEAFIGIVTADGLMVSRVPEETPVYISTYEQTEPAATEFKAGSPEEAAEFILKGGEFAAFTHPVTAAAAFNDGEGWNLATREM
CCCCCEEEEEECCCCEEEEEEEECCCCCCEEEEEECCEEEEEECCCCHHHHHCCCCCCEEEEEEECCEEEEECCCHHHHHHHHHHHCCCHHHHHHHHHHHHCCCCCCCCCCEEEEEECCCCEEEEEEECCEEEEEECCCCCCEEEECCCCCCCEECCCCCCCHHHHHHHHHCCHHHHCCCCEEEEEEEEECCCCEEEEEECC
0 0 0 0 0 0 0 0 0 0 0 0 0 0 0 0 0 0 0 0 0 0 0 0 0 0 0 0 0 0 0 0 0 0 0 0 0 0 0 0 0 0 0 0 0 0 0 0 0 0 0 0 0 0 0 0 0 0 0 0 0 0 0 0 0 0 0 0 0 0 0 0 0 0 0 0 0 0 0 0 0 0 0 0 0 0 0 0 0 0 0 0 0 0 0 0 0 0 0 0 0 0 0 0 0 0 0 0 0 0 0 0 0 0 0 0 0 0 0 0 0 0 0 0 0 0 0 0 0 0 0 0 0 0 0 0 0 0 0 0 0 0 0 0 0 0 0 0 0 0 0 0 0 0 0 0 0 0 0 0 0 0 0 0 0 0 0 0 0 0 0 0 0 0 0 0 0 0 0 0 0 0 0 0 0 0 0 0 0 0 0 0 0 0 0 0 0 0 0 0 0 0 
0 0 0 0 0 0 0 0 0 0 0 0 0 0 0 0 0 0 0 0 0 0 0 0 0 0 0 0 0 0 0 0 0 0 0 0 0 0 0 0 0 0 0 0 0 0 0 0 0 0 0 0 0 0 0 0 0 0 0 0 0 0 0 0 0 0 0 0 0 0 0 0 0 0 0 0 0 0 0 0 0 0 0 0 0 0 0 0 0 0 0 0 0 0 0 0 0 0 0 0 0 0 0 0 0 0 0 0 0 0 0 0 0 0 0 0 0 0 0 0 0 0 0 0 0 0 0 0 0 0 0 0 0 0 0 0 0 0 0 0 0 0 0 0 0 0 0 0 0 0 0 0 0 0 0 0 0 0 0 0 0 0 0 0 0 0 0 0 0 0 0 0 0 0 0 0 0 0 0 0 0 0 0 0 0 0 0 0 0 0 0 0 0 0 0 0 0 0 0 0 0 0 
0 0.0037158 0.00362107 0.00365118 0.00447118 0.0100719 0.0103154 0.0106271 0.00854227 0.0104743 0.0246651 0.850459 0.0351492 0.0460632 0.0216277 0.0117532 0.0131207 0.00984558 0.0121378 0.0169119 0.0233558 0.0241007 0.0162865 0.0192502 0.0116205 0.0286452 0.0228565 0.0126459 0.013782 0.0178098 0.0141234 0.0154591 0.022522 0.0265704 0.0173545 0.0148823 0.0125426 0.0213568 0.0118596 0.0117304 0.0105263 0.0116747 0.0101955 0.0121348 0.0104648 0.00869137 0.0106039 0.00977319 0.0100029 0.00943839 0.0111365 0.00835553 0.00823294 0.00821453 0.00823186 0.00838622 0.0101807 0.00949707 0.0087994 0.00959009 0.00992529 0.00823131 0.00838076 0.00824321 0.0082529 0.00848841 0.00889244 0.00892391 0.00891811 0.00897238 0.00850838 0.00882484 0.00843713 0.00812616 0.00821985 0.00824112 0.00846399 0.00874396 
0.0037158 0 0.00357623 0.00358842 0.00754839 0.00362575 0.00616826 0.00977466 0.0140182 0.0165602 0.878514 0.0288732 0.0199984 0.00969494 0.0145206 0.0241052 0.0134299 0.0130323 0.0132248 0.00932511 0.0143219 0.0705394 0.0478999 0.0375258 0.0303133 0.011516 0.0177457 0.03771 0.0317208 0.0355001 0.0581055 0.0328602 0.0111581 0.0158196 0.0671025 0.0494139 0.0416952 0.0116996 0.0120105 0.0164461 0.0193452 0.0256386 0.0207709 0.00997208 0.00922058 0.014202 0.0141023 0.0191851 0.0157559 0.0105046 0.00930784 0.00840675 0.00880071 0.00863848 0.0085382 0.00882601 0.00853529 0.00945476 0.0124002 0.0104212 0.00913476 0.00835289 0.00822753 0.0082752 0.00863537 0.00903608 0.00980718 0.00971005 0.00948897 0.00924217 0.00862151 0.00815275 0.00837544 0.00844121 0.00844664 0.00838164 0.00838875 0.00812287 
0.00362107 0.00357623 0 0.00363958 0.00354744 0.00356857 0.00533894 0.0110809 0.0219377 0.959921 0.0312359 0.0271102 0.0148518 0.0112858 0.0101161 0.0122804 0.0177278 0.0181752 0.0113394 0.00886053 0.011105 0.0168973 0.0736457 0.0976536 0.0237221 0.0112954 0.0130893 0.025459 0.060452 0.0874079 0.0894872 0.0413315 0.0118976 0.0116994 0.0297103 0.147775 0.0417868 0.0156429 0.0100374 0.0188508 0.0366153 0.0463223 0.0223016 0.0101531 0.00932272 0.0124399 0.0286698 0.0266753 0.0253216 0.0123318 0.00907598 0.00823258 0.00881811 0.0093345 0.00945837 0.00869682 0.00834476 0.00977224 0.0128328 0.0129451 0.00984228 0.00820053 0.00820632 0.00832561 0.00886669 0.0116209 0.0119403 0.0115044 0.0116897 0.0113523 0.00942647 0.00838019 0.00839086 0.00861296 0.0087254 0.00874384 0.00866425 0.00829291 
0.00365118 0.00358842 0.00363958 0 0.00353984 0.0035408 0.00511418 0.0128032 0.910712 0.0134284 0.0163166 0.0115642 0.0128786 0.00827697 0.0101131 0.0100482 0.0133218 0.0110544 0.00984704 0.00860625 0.0100127 0.0125837 0.0398384 0.044957 0.0150116 0.0108866 0.0114801 0.0150343 0.0423914 0.0373734 0.0460916 0.0248583 0.0109827 0.0104461 0.0242809 0.0497842 0.0266163 0.0117502 0.00926911 0.0126271 0.020307 0.0251008 0.0136064 0.00926191 0.00887835 0.0106728 0.0168148 0.0172003 0.0131892 0.00974376 0.00885787 0.0081908 0.00829593 0.00900262 0.00840596 0.00845514 0.00816124 0.0087152 0.00943442 0.00977292 0.00863724 0.00815918 0.00803145 0.00815508 0.00844538 0.00869588 0.00928921 0.00922734 0.00938943 0.00911735 0.00862111 0.00818078 0.00818535 0.00837828 0.00841127 0.00837599 0.00829305 0.00813663 
0.00447118 0.00754839 0.00354744 0.00353984 0 0.00361022 0.00631962 0.974178 0.0127212 0.0173179 0.00847346 0.0108657 0.0101708 0.00886929 0.00978191 0.0139809 0.00985385 0.0101929 0.0109055 0.00874802 0.00972915 0.0233993 0.0122588 0.0165563 0.0131372 0.0116379 0.010396 0.0152587 0.0141434 0.0162308 0.0132943 0.0178574 0.00972675 0.0106652 0.0180914 0.0139152 0.0163732 0.0108862 0.00914557 0.0111549 0.0102499 0.0112622 0.0108784 0.00891038 0.00892679 0.00895696 0.0103473 0.00978213 0.00978906 0.00866533 0.00851349 0.00811213 0.00848592 0.00830947 0.00838029 0.00825749 0.0080898 0.00863567 0.00905776 0.00880927 0.00840856 0.00806519 0.00807007 0.0080395 0.00824486 0.00835412 0.00846516 0.00846209 0.0084552 0.00841202 0.00822572 0.00801436 0.00808016 0.00818409 0.00819428 0.00813482 0.00802571 0.00799726 
0.0100719 0.00362575 0.00356857 0.0035408 0.00361022 0 0.986025 0.0162792 0.0124513 0.00521101 0.00649441 0.00639504 0.0069589 0.00913978 0.0207132 0.0100985 0.00856159 0.00871435 0.0082417 0.00894856 0.0179403 0.0105478 0.00993385 0.00969645 0.00865049 0.0101844 0.0139928 0.0143745 0.00922311 0.00925617 0.00918297 0.00903353 0.0108973 0.0173267 0.0105019 0.00943847 0.00924833 0.0106968 0.0118729 0.00864727 0.0087449 0.00857998 0.00836423 0.00854103 0.0111252 0.00866577 0.00847326 0.00838292 0.00848659 0.00823341 0.0083412 0.00919018 0.0083124 0.0081429 0.00805415 0.00827582 0.0081584 0.0102646 0.0084253 0.00815061 0.00823873 0.00862654 0.00810346 0.00819764 0.0080012 0.00802653 0.00804438 0.00803653 0.0080537 0.0080825 0.00798057 0.00801792 0.00824572 0.00807852 0.00796989 0.00803998 0.00799602 0.00796879 
0.0103154 0.00616826 0.00533894 0.00511418 0.00631962 0.986025 0 0.00361626 0.00357012 0.00362141 0.00361194 0.00383047 0.00382068 0.0087937 0.00737741 0.00912785 0.00777136 0.00952166 0.00867621 0.0217124 0.0164663 0.00946101 0.0149999 0.0107595 0.0116989 0.018796 0.0118646 0.0115291 0.01041 0.0105567 0.0143044 0.0113927 0.0271113 0.013933 0.0107329 0.0125163 0.0114084 0.0203834 0.00975418 0.00896712 0.00934929 0.00920252 0.00960329 0.0117107 0.00836733 0.00845243 0.00870516 0.00869259 0.00870712 0.0089568 0.0119645 0.00813368 0.00804992 0.00813373 0.00803723 0.00838432 0.0110104 0.00842563 0.00845767 0.0085758 0.0101169 0.0080847 0.00862411 0.00830862 0.00805463 0.00836334 0.0083225 0.00838176 0.00835197 0.00831643 0.00837433 0.00861385 0.00808412 0.00814904 0.0080637 0.00804179 0.00850004 0.0087921 
0.0106271 0.00977466 0.0110809 0.0128032 0.974178 0.0162792 0.00361626 0 0.00356382 0.00354716 0.00357329 0.00363331 0.00467924 0.00611084 0.00798778 0.00806779 0.00955639 0.00841978 0.0325299 0.0132361 0.0114538 0.027252 0.0155816 0.0217052 0.0189979 0.0131869 0.0164991 0.0157741 0.0206552 0.026172 0.0210652 0.0465142 0.0162381 0.0109852 0.0330765 0.0214395 0.0325516 0.0116577 0.00964735 0.0144366 0.0134169 0.0180948 0.0137501 0.00992754 0.00892822 0.0100811 0.0126384 0.0129714 0.0122729 0.0103954 0.00936438 0.00812634 0.00839724 0.00828095 0.00841955 0.00867616 0.00854383 0.00891152 0.00950749 0.0102628 0.00914298 0.00824149 0.00809655 0.00811471 0.00848063 0.00869026 0.00953514 0.00944602 0.00919582 0.00919544 0.00875196 0.00822266 0.00820269 0.00824529 0.00838807 0.008367 0.00855306 0.00823092 
0.00854227 0.0140182 0.0219377 0.910712 0.0127212 0.0124513 0.00357012 0.00356382 0 0.0035684 0.00356208 0.00351005 0.00358176 0.00383305 0.00678567 0.00890648 0.00972535 0.0133328 0.0140643 0.018341 0.0113232 0.0118343 0.0208436 0.0393674 0.0142107 0.0105677 0.0113575 0.018802 0.0281351 0.032361 0.0707552 0.0261166 0.012013 0.0124501 0.0203237 0.072155 0.0201909 0.0149221 0.0100245 0.0137163 0.0273034 0.0314847 0.0158461 0.00944533 0.00876223 0.0119825 0.0206497 0.0244916 0.0209898 0.0106333 0.00905117 0.00824802 0.00849804 0.00884784 0.00878776 0.00840181 0.00850229 0.00870427 0.0111209 0.00977197 0.00941454 0.00819669 0.00816334 0.00824504 0.00857225 0.0101697 0.0100164 0.0106134 0.010306 0.0100448 0.00874364 0.00819614 0.00829482 0.00846471 0.00841079 0.00840752 0.00834802 0.00824115 
0.0104743 0.0165602 0.959921 0.0134284 0.0173179 0.00521101 0.00362141 0.00354716 0.0035684 0 0.00354142 0.00388572 0.00356065 0.00407568 0.00619624 0.0108416 0.0145525 0.0134313 0.0285712 0.0150129 0.00905663 0.0142353 0.0366489 0.023308 0.0142274 0.0112986 0.0128112 0.0200186 0.038583 0.046472 0.0639206 0.0363209 0.0120806 0.0111783 0.0333172 0.0577455 0.0343434 0.0153273 0.00983883 0.0197447 0.0307718 0.0391088 0.0203275 0.01 0.00919543 0.0141329 0.0230497 0.0313443 0.0225371 0.0117036 0.00934086 0.00823937 0.00853382 0.00914799 0.00885616 0.00897474 0.00840394 0.00935192 0.011597 0.0116725 0.00930418 0.00823722 0.00818043 0.00819306 0.00886633 0.0100245 0.0105761 0.0110058 0.0102791 0.0098764 0.00905645 0.00829007 0.00826755 0.00851812 0.00854244 0.00844187 0.00835474 0.00819604 
0.0246651 0.878514 0.0312359 0.0163166 0.00847346 0.00649441 0.00361194 0.00357329 0.00356208 0.00354142 0 0.00356425 0.00357709 0.00358359 0.00760643 0.0105285 0.0271974 0.0321971 0.0182502 0.00899731 0.00915109 0.020787 0.0155624 0.0360697 0.0139344 0.0144803 0.0138507 0.0182768 0.0413687 0.0764533 0.0371736 0.0311654 0.0134237 0.0135829 0.0306244 0.0553076 0.0340619 0.0162291 0.00991413 0.018761 0.0290335 0.0442761 0.0194532 0.0103842 0.00953076 0.0125181 0.0277998 0.0245117 0.0224372 0.0117438 0.00942883 0.00826122 0.00906164 0.00869264 0.0098943 0.00849932 0.00872086 0.00928242 0.011656 0.0108688 0.00915475 0.00821545 0.00818271 0.00828397 0.00873616 0.00951776 0.0128018 0.0113377 0.011632 0.0106184 0.00890679 0.00840921 0.0084421 0.00836975 0.00852534 0.00843118 0.00849436 0.00865577 
0.850459 0.0288732 0.0271102 0.0115642 0.0108657 0.00639504 0.00383047 0.00363331 0.00351005 0.00388572 0.00356425 0 0.00353447 0.00362116 0.00758802 0.0171465 0.0271061 0.0334009 0.00924654 0.00762116 0.0185703 0.0111992 0.0279679 0.0284305 0.0166404 0.0101791 0.0117589 0.0245518 0.049182 0.0260842 0.0792117 0.0225094 0.0107618 0.0128083 0.0185082 0.0932866 0.0256856 0.0138764 0.0103154 0.0142146 0.0329787 0.0359169 0.0170039 0.00972213 0.00892137 0.0140924 0.0169036 0.0227407 0.0171912 0.0101829 0.00916161 0.00845604 0.00832516 0.00929427 0.00860383 0.00867239 0.00834336 0.00898617 0.0117067 0.0102031 0.00908228 0.0082003 0.00811657 0.00823868 0.00875782 0.00932012 0.0104043 0.0103141 0.00998322 0.00982044 0.00876278 0.00814889 0.00819346 0.00853661 0.00846521 0.00853885 0.00830705 0.0082646 
0.0351492 0.0199984 0.0148518 0.0128786 0.0101708 0.0069589 0.00382068 0.00467924 0.00358176 0.00356065 0.00357709 0.00353447 0 0.00355645 0.0196834 0.0216509 0.0196828 0.00658738 0.0102003 0.00640367 0.00798476 0.0270012 0.0108014 0.0251168 0.0115362 0.00995958 0.0161076 0.0218493 0.0183357 0.0292137 0.0156028 0.047614 0.0107263 0.0108545 0.0300332 0.0194165 0.0611673 0.015562 0.0104217 0.0226126 0.013784 0.0190483 0.0194995 0.00982376 0.0100411 0.00992598 0.0171586 0.0118264 0.0119085 0.0102431 0.0088347 0.00821793 0.00864465 0.00828283 0.00842773 0.00828223 0.00814269 0.00964301 0.00975896 0.0113974 0.0088909 0.0081474 0.00815165 0.00803497 0.00841731 0.00858427 0.00903412 0.00915219 0.0090342 0.00930089 0.00880819 0.00808773 0.00808185 0.00818728 0.00833824 0.00828159 0.00817086 0.0079841 
0.0460632 0.00969494 0.0112858 0.00827697 0.00886929 0.00913978 0.0087937 0.00611084 0.00383305 0.00407568 0.00358359 0.00362116 0.00355645 0 0.0191549 0.0302428 0.00540409 0.00712839 0.00604349 0.00781427 0.0173612 0.00869606 0.0144288 0.00930275 0.010312 0.0164562 0.0323562 0.0118878 0.0116356 0.00991194 0.0119093 0.0100699 0.0195784 0.0253219 0.0122403 0.0120744 0.0122167 0.029404 0.0178207 0.0090079 0.0102447 0.0100584 0.010092 0.0110628 0.0122858 0.0102122 0.009013 0.00955126 0.00920281 0.0088501 0.0102447 0.00948195 0.00857913 0.00839058 0.00816412 0.00816238 0.00853837 0.011477 0.00914703 0.00848365 0.00976176 0.00902007 0.00843546 0.0083997 0.00820361 0.00836485 0.00833753 0.00832077 0.00836392 0.00840491 0.00817987 0.00813998 0.00841536 0.00820246 0.00811819 0.00819252 0.0080575 0.00799744 
0.0216277 0.0145206 0.0101161 0.0101131 0.00978191 0.0207132 0.00737741 0.00798778 0.00678567 0.00619624 0.00760643 0.00758802 0.0196834 0.0191549 0 0.0036794 0.00359995 0.00412918 0.00369315 0.00667605 0.00453564 0.00672059 0.00556273 0.00737581 0.0131021 0.957799 0.013175 0.00985497 0.00974507 0.00995794 0.00974461 0.0122639 0.0310227 0.0144481 0.012107 0.0100057 0.0110932 0.0154141 0.00961592 0.0100175 0.00909384 0.00912328 0.00881972 0.011672 0.00914389 0.0082412 0.00874144 0.00849793 0.0086915 0.00897637 0.0106973 0.00830822 0.00815489 0.00808295 0.00815693 0.00806039 0.0101145 0.00850085 0.00831205 0.00842135 0.00898899 0.00816944 0.00828535 0.00812606 0.0081207 0.00815411 0.00846124 0.00838677 0.00833087 0.00827354 0.00818393 0.00852864 0.00823273 0.00799242 0.00802044 0.00799283 0.00818985 0.00896585 
0.0117532 0.0241052 0.0122804 0.0100482 0.0139809 0.0100985 0.00912785 0.00806779 0.00890648 0.0108416 0.0105285 0.0171465 0.0216509 0.0302428 0.0036794 0 0.0035459 0.00353559 0.00371023 0.00386736 0.00481557 0.00485124 0.0079866 0.0069137 0.973969 0.011073 0.00913188 0.0125273 0.0100425 0.00980229 0.0145579 0.0161718 0.0102798 0.0111443 0.011874 0.0138939 0.011267 0.0104645 0.00925917 0.00905921 0.0111206 0.0102883 0.0105145 0.00867725 0.00825458 0.00911474 0.00869552 0.00969963 0.00902566 0.00876647 0.00921451 0.00810029 0.00811813 0.00829947 0.0080745 0.00884026 0.00865892 0.00819533 0.00872894 0.00853452 0.00871279 0.00812999 0.00818878 0.00816573 0.0080635 0.00833198 0.00837582 0.00880853 0.00831553 0.00826135 0.00822629 0.00803137 0.00800716 0.00840192 0.00807233 0.00804062 0.00846256 0.00815979 
0.0131207 0.0134299 0.0177278 0.0133218 0.00985385 0.00856159 0.00777136 0.00955639 0.00972535 0.0145525 0.0271974 0.0271061 0.0196828 0.00540409 0.00359995 0.0035459 0 0.00365041 0.00361652 0.00357617 0.00369971 0.00802906 0.00569526 0.985599 0.00831648 0.00912536 0.010428 0.00887537 0.0109725 0.0173456 0.0123722 0.0123514 0.01004 0.0102963 0.0167135 0.0136051 0.0121098 0.009163 0.008709 0.0120104 0.0104395 0.0162364 0.00930621 0.00850599 0.00891949 0.00852764 0.0121949 0.0103713 0.0112511 0.00865809 0.00863769 0.00806607 0.00845473 0.00813441 0.00895318 0.00810973 0.00820201 0.00836205 0.00874858 0.00900434 0.00835184 0.00814186 0.00796997 0.00809081 0.00830011 0.00836938 0.00916098 0.00896804 0.00863851 0.00861441 0.0083074 0.008064 0.00820394 0.0081036 0.0082438 0.0081684 0.00814084 0.00812538 
0.00984558 0.0130323 0.0181752 0.0110544 0.0101929 0.00871435 0.00952166 0.00841978 0.0133328 0.0134313 0.0321971 0.0334009 0.00658738 0.00712839 0.00412918 0.00353559 0.00365041 0 0.00354 0.0035955 0.00467732 0.00462662 0.97494 0.0108034 0.00650752 0.00549632 0.00848129 0.0101251 0.0106788 0.0102709 0.020206 0.00995732 0.00900438 0.00990945 0.0100305 0.0260993 0.00932634 0.00923028 0.00950997 0.00896249 0.0177459 0.0134109 0.0103413 0.00848642 0.00825154 0.00985209 0.00947689 0.0142205 0.0098463 0.00854715 0.00872579 0.00816593 0.0080994 0.00990922 0.00818061 0.00826341 0.00844669 0.00829344 0.00922933 0.00851656 0.00844891 0.00811659 0.00804107 0.00832061 0.00817069 0.00871479 0.00854354 0.0086168 0.00852657 0.00849181 0.00826264 0.00801784 0.00809332 0.00826247 0.00815415 0.00817644 0.00819584 0.00812215 
0.0121378 0.0132248 0.0113394 0.00984704 0.0109055 0.0082417 0.00867621 0.0325299 0.0140643 0.0285712 0.0182502 0.00924654 0.0102003 0.00604349 0.00369315 0.00371023 0.00361652 0.00354 0 0.00384356 0.00427067 0.988568 0.00466527 0.00736471 0.00502519 0.00525837 0.0097264 0.00971445 0.0101063 0.0114299 0.00906739 0.0158116 0.00879951 0.0100981 0.0137599 0.00977005 0.015018 0.00888923 0.00856848 0.0110533 0.00885728 0.00967537 0.00951638 0.00844433 0.00898751 0.00844753 0.00937537 0.0086934 0.00907919 0.00869943 0.0083745 0.00812991 0.00994383 0.00825872 0.00827863 0.00819676 0.00809233 0.00852616 0.0084548 0.00887401 0.00822262 0.00815371 0.00803441 0.00802757 0.0082736 0.00823071 0.00836316 0.00832791 0.00831901 0.00828457 0.0082101 0.00800291 0.00809292 0.00805698 0.00815676 0.00814059 0.00806525 0.00802618 
0.0169119 0.00932511 0.00886053 0.00860625 0.00874802 0.00894856 0.0217124 0.0132361 0.018341 0.0150129 0.00899731 0.00762116 0.00640367 0.00781427 0.00667605 0.00386736 0.00357617 0.0035955 0.00384356 0 0.994376 0.00471802 0.00393827 0.00378418 0.0038709 0.00432139 0.0108351 0.00997548 0.00831146 0.00835908 0.00900337 0.00871438 0.0109021 0.0168303 0.00937382 0.00896112 0.00875877 0.0107933 0.0138494 0.00836651 0.00859778 0.00937788 0.0082477 0.00843878 0.00928375 0.00864519 0.00817894 0.00828363 0.00825179 0.00814154 0.00839083 0.00936779 0.00814118 0.00809459 0.00803239 0.00799035 0.00844196 0.00930164 0.00822572 0.00801431 0.00825289 0.00832391 0.00802604 0.00811659 0.00798921 0.00807349 0.00800516 0.00803382 0.00801271 0.00802685 0.00797298 0.00802432 0.00811021 0.00798703 0.00796706 0.00803649 0.00798511 0.00804048 
0.0233558 0.0143219 0.011105 0.0100127 0.00972915 0.0179403 0.0164663 0.0114538 0.0113232 0.00905663 0.00915109 0.0185703 0.00798476 0.0173612 0.00453564 0.00481557 0.00369971 0.00467732 0.00427067 0.994376 0 0.0036966 0.00360165 0.00361419 0.00386445 0.00468379 0.0169676 0.0102487 0.0086462 0.0101316 0.0226393 0.0150171 0.0202773 0.0198994 0.011894 0.0129399 0.0102925 0.0165576 0.0118463 0.00940144 0.00947377 0.00934223 0.00952062 0.0120982 0.00883703 0.00870501 0.00859755 0.0087 0.00859521 0.00914107 0.0121038 0.00861369 0.00811301 0.00866273 0.00812784 0.00832928 0.0126378 0.00867901 0.00879424 0.00853589 0.0101555 0.00818477 0.00871251 0.00836099 0.00802696 0.00864708 0.00825899 0.00835127 0.00826247 0.00824237 0.00821437 0.0084674 0.00813765 0.00823575 0.0080443 0.00803755 0.00847442 0.00874307 
0.0241007 0.0705394 0.0168973 0.0125837 0.0233993 0.0105478 0.00946101 0.027252 0.0118343 0.0142353 0.020787 0.0111992 0.0270012 0.00869606 0.00672059 0.00485124 0.00802906 0.00462662 0.988568 0.00471802 0.0036966 0 0.00363269 0.00364556 0.00376732 0.00381294 0.0344393 0.0123462 0.0226508 0.0226578 0.0176293 0.0271347 0.0189055 0.0151757 0.0534193 0.0144598 0.027128 0.0105808 0.0112483 0.0240741 0.0140009 0.0214173 0.0139649 0.00984251 0.0108575 0.0106641 0.0167266 0.0119147 0.0161184 0.0100178 0.00953391 0.00840421 0.00875159 0.00825646 0.00881746 0.00867195 0.00876005 0.00959265 0.00966693 0.0108974 0.00868597 0.00838572 0.00820116 0.00806919 0.0086779 0.00857514 0.00992641 0.00926852 0.00932689 0.00893414 0.00849932 0.00817145 0.00838941 0.00819882 0.00842792 0.00831843 0.0085673 0.00828189 
0.0162865 0.0478999 0.0736457 0.0398384 0.0122588 0.00993385 0.0149999 0.0155816 0.0208436 0.0366489 0.0155624 0.0279679 0.0108014 0.0144288 0.00556273 0.0079866 0.00569526 0.97494 0.00466527 0.00393827 0.00360165 0.00363269 0 0.00363506 0.00357838 0.00359364 0.0120782 0.0774593 0.0270493 0.0293167 0.0595512 0.0215609 0.0108937 0.0161471 0.0251131 0.095728 0.0203937 0.012516 0.0128274 0.0188547 0.0489837 0.060403 0.0218516 0.0102224 0.00956549 0.0249844 0.0225439 0.0531405 0.027945 0.0121245 0.0095469 0.0088278 0.00893405 0.0126753 0.00927935 0.00943033 0.00979341 0.00959859 0.0194298 0.0113378 0.0114004 0.00826627 0.00824144 0.00839615 0.00869078 0.0136304 0.0108928 0.0131677 0.0117828 0.0116564 0.00932245 0.00827012 0.0082567 0.00892076 0.0087265 0.0086297 0.00866152 0.00820366 
0.0192502 0.0375258 0.0976536 0.044957 0.0165563 0.00969645 0.0107595 0.0217052 0.0393674 0.023308 0.0360697 0.0284305 0.0251168 0.00930275 0.00737581 0.0069137 0.985599 0.0108034 0.00736471 0.00378418 0.00361419 0.00364556 0.00363506 0 0.00356254 0.00355056 0.0479069 0.0142172 0.0524989 0.057494 0.0328022 0.0334585 0.013091 0.0117499 0.041238 0.0470249 0.0403859 0.0133505 0.0120272 0.03045 0.0476226 0.0726638 0.026891 0.0109499 0.0105823 0.0131829 0.067492 0.0365996 0.0444213 0.0143732 0.00996506 0.00872041 0.00926474 0.00976599 0.011109 0.00890169 0.00861279 0.0111034 0.0129883 0.0182618 0.00988129 0.00838806 0.0082478 0.00827426 0.00951701 0.0114266 0.0140444 0.0125911 0.0128113 0.011284 0.00966101 0.00860984 0.00846095 0.00858572 0.00921651 0.00880836 0.00871642 0.00844587 
0.0116205 0.0303133 0.0237221 0.0150116 0.0131372 0.00865049 0.0116989 0.0189979 0.0142107 0.0142274 0.0139344 0.0166404 0.0115362 0.010312 0.0131021 0.973969 0.00831648 0.00650752 0.00502519 0.0038709 0.00386445 0.00376732 0.00357838 0.00356254 0 0.00356549 0.010286 0.0356985 0.0146768 0.0153572 0.02071 0.0252953 0.0094191 0.0112062 0.0173071 0.0251604 0.0193201 0.014351 0.0109085 0.0138315 0.0190677 0.0218793 0.021407 0.00929917 0.00912491 0.0150974 0.0117438 0.0141165 0.0116686 0.0108041 0.00856254 0.00845172 0.00863656 0.00876777 0.00829148 0.00834448 0.00827508 0.00961755 0.0119714 0.00956907 0.00865787 0.00821931 0.00817554 0.00842646 0.00833274 0.00932728 0.0087712 0.009005 0.00883172 0.00879817 0.0085093 0.00801537 0.00811471 0.0086223 0.00831091 0.0082424 0.00818877 0.00795223 
0.0286452 0.011516 0.0112954 0.0108866 0.0116379 0.0101844 0.018796 0.0131869 0.0105677 0.0112986 0.0144803 0.0101791 0.00995958 0.0164562 0.957799 0.011073 0.00912536 0.00549632 0.00525837 0.00432139 0.00468379 0.00381294 0.00359364 0.00355056 0.00356549 0 0.0189054 0.0133111 0.0118022 0.0114602 0.0112422 0.013229 0.0211717 0.0171919 0.0147378 0.0109405 0.0130947 0.0152353 0.0177145 0.0101946 0.00935342 0.0100714 0.00937506 0.0106789 0.0187074 0.00954392 0.0104398 0.00900983 0.00992121 0.00929006 0.00963374 0.010925 0.00886448 0.00837807 0.00848478 0.0081512 0.0085053 0.0144413 0.00888485 0.00874995 0.00882971 0.00983454 0.00817305 0.00842511 0.00834659 0.00826794 0.0085141 0.00830622 0.00834888 0.00829112 0.00815172 0.00816137 0.0089333 0.00819037 0.00809435 0.00826145 0.00809094 0.00808977 
0.0228565 0.0177457 0.0130893 0.0114801 0.010396 0.0139928 0.0118646 0.0164991 0.0113575 0.0128112 0.0138507 0.0117589 0.0161076 0.0323562 0.013175 0.00913188 0.010428 0.00848129 0.0097264 0.0108351 0.0169676 0.0344393 0.0120782 0.0479069 0.010286 0.0189054 0 0.00358293 0.00371561 0.00357151 0.00358446 0.00381347 0.00459836 0.00624842 0.00769157 0.0077813 0.0100331 0.0230694 0.0262932 0.0257293 0.0127951 0.0140974 0.0118138 0.0178929 0.0121636 0.0106444 0.0117291 0.0118215 0.0110502 0.0101067 0.0153814 0.00882633 0.0087701 0.00839935 0.00872147 0.00854556 0.0111591 0.0116065 0.0100532 0.0100117 0.011467 0.00850631 0.0084703 0.00838348 0.00857867 0.00852288 0.00964529 0.00913348 0.00880967 0.00876083 0.00835101 0.00860074 0.00837606 0.00824523 0.00844101 0.00844479 0.00819741 0.00855732 
0.0126459 0.03771 0.025459 0.0150343 0.0152587 0.0143745 0.0115291 0.0157741 0.018802 0.0200186 0.0182768 0.0245518 0.0218493 0.0118878 0.00985497 0.0125273 0.00887537 0.0101251 0.00971445 0.00997548 0.0102487 0.0123462 0.0774593 0.0142172 0.0356985 0.0133111 0.00358293 0 0.00356848 0.00355465 0.00350088 0.00357238 0.00361082 0.00565038 0.00657592 0.00708862 0.00937555 0.023931 0.033406 0.0189437 0.0249579 0.0243397 0.0273706 0.0119829 0.00939961 0.0169527 0.0156784 0.022165 0.0200476 0.0172709 0.0108259 0.00863399 0.00877106 0.00898078 0.00877469 0.0106107 0.00978971 0.0096282 0.0154857 0.0133846 0.0101204 0.00845977 0.00847499 0.00833275 0.00845871 0.00907506 0.0103322 0.0103106 0.0103869 0.00987077 0.00899084 0.00836346 0.00813348 0.00847738 0.00840117 0.00834227 0.0085726 0.00833449 
0.013782 0.0317208 0.060452 0.0423914 0.0141434 0.00922311 0.01041 0.0206552 0.0281351 0.038583 0.0413687 0.049182 0.0183357 0.0116356 0.00974507 0.0100425 0.0109725 0.0106788 0.0101063 0.00831146 0.0086462 0.0226508 0.0270493 0.0524989 0.0146768 0.0118022 0.00371561 0.00356848 0 0.00353792 0.00348791 0.00357604 0.00362205 0.00408192 0.0108447 0.0101825 0.025396 0.332485 0.0143672 0.0326507 0.0407377 0.0590214 0.0309394 0.0105178 0.0106675 0.0192783 0.0328229 0.0355753 0.0435776 0.0163396 0.00979274 0.00857412 0.00975637 0.00969326 0.0106588 0.00998292 0.00869159 0.0110433 0.0211325 0.0146478 0.0107548 0.00838229 0.00837479 0.00830797 0.00982375 0.0115855 0.0154554 0.0167198 0.0159971 0.0154378 0.0100164 0.00842215 0.00830382 0.0086788 0.00906056 0.00888941 0.00880752 0.00810973 
0.0178098 0.0355001 0.0874079 0.0373734 0.0162308 0.00925617 0.0105567 0.026172 0.032361 0.046472 0.0764533 0.0260842 0.0292137 0.00991194 0.00995794 0.00980229 0.0173456 0.0102709 0.0114299 0.00835908 0.0101316 0.0226578 0.0293167 0.057494 0.0153572 0.0114602 0.00357151 0.00355465 0.00353792 0 0.00353517 0.00358739 0.00355297 0.00383403 0.0100859 0.0245594 0.816154 0.0164354 0.0131604 0.0449075 0.0541471 0.0901918 0.0239635 0.0125955 0.0110761 0.0151702 0.0598714 0.0534566 0.0495915 0.0155573 0.00987526 0.00894717 0.011485 0.0107952 0.0131734 0.00929015 0.00970194 0.0125902 0.0176875 0.0210353 0.0108548 0.00847829 0.00839827 0.0084282 0.0100726 0.0144934 0.0193343 0.0178197 0.0190953 0.015911 0.0104835 0.00867926 0.0086987 0.00857429 0.0104149 0.00953763 0.00920055 0.00830817 
0.0141234 0.0581055 0.0894872 0.0460916 0.0132943 0.00918297 0.0143044 0.0210652 0.0707552 0.0639206 0.0371736 0.0792117 0.0156028 0.0119093 0.00974461 0.0145579 0.0123722 0.020206 0.00906739 0.00900337 0.0226393 0.0176293 0.0595512 0.0328022 0.02071 0.0112422 0.00358446 0.00350088 0.00348791 0.00353517 0 0.00356858 0.0035901 0.00504518 0.0071417 0.912734 0.025454 0.00733757 0.0256878 0.0313721 0.0996101 0.0700444 0.0371815 0.0120185 0.0114295 0.0395648 0.0407937 0.075406 0.0446428 0.0173906 0.0104893 0.0091275 0.010207 0.0180941 0.010226 0.00977243 0.00988687 0.0112162 0.0390531 0.0143072 0.0123319 0.00840262 0.00853682 0.00851597 0.00982853 0.0171117 0.0170895 0.0197861 0.0181522 0.0196946 0.0104493 0.00847965 0.00827263 0.0113574 0.00916593 0.00943859 0.00880174 0.0081816 
0.0154591 0.0328602 0.0413315 0.0248583 0.0178574 0.00903353 0.0113927 0.0465142 0.0261166 0.0363209 0.0311654 0.0225094 0.047614 0.0100699 0.0122639 0.0161718 0.0123514 0.00995732 0.0158116 0.00871438 0.0150171 0.0271347 0.0215609 0.0334585 0.0252953 0.013229 0.00381347 0.00357238 0.00357604 0.00358739 0.00356858 0 0.00357966 0.0065441 0.984672 0.00836559 0.00946973 0.00859383 0.0167928 0.0527584 0.024861 0.0454399 0.0559632 0.0146709 0.0133224 0.0182979 0.0319791 0.0225684 0.0321717 0.02369 0.0110965 0.00946957 0.0121425 0.00923298 0.0100933 0.00964468 0.00909761 0.0138295 0.0176056 0.0276013 0.010715 0.00953904 0.0085612 0.0084081 0.0100491 0.0105088 0.0136773 0.0120537 0.0122384 0.0111543 0.0104372 0.0083476 0.00855827 0.00879631 0.00923174 0.00878489 0.00860148 0.00806145 
0.022522 0.0111581 0.0118976 0.0109827 0.00972675 0.0108973 0.0271113 0.0162381 0.012013 0.0120806 0.0134237 0.0107618 0.0107263 0.0195784 0.0310227 0.0102798 0.01004 0.00900438 0.00879951 0.0109021 0.0202773 0.0189055 0.0108937 0.013091 0.0094191 0.0211717 0.00459836 0.00361082 0.00362205 0.00355297 0.0035901 0.00357966 0 0.991103 0.00712602 0.0041271 0.00466346 0.00625418 0.0295755 0.0125666 0.0121931 0.0130552 0.0130003 0.0243711 0.0208028 0.0110165 0.0110808 0.0107206 0.0107 0.0106389 0.0127696 0.0119926 0.00937589 0.00881408 0.00870686 0.00850326 0.0103646 0.0173039 0.0100047 0.010481 0.0155326 0.0111397 0.00880237 0.00895619 0.00881825 0.00863667 0.00897282 0.00877448 0.0088087 0.00872751 0.00841891 0.00868238 0.00901297 0.00834655 0.00829288 0.00844312 0.00813222 0.00811134 
0.0265704 0.0158196 0.0116994 0.0104461 0.0106652 0.0173267 0.013933 0.0109852 0.0124501 0.0111783 0.0135829 0.0128083 0.0108545 0.0253219 0.0144481 0.0111443 0.0102963 0.00990945 0.0100981 0.0168303 0.0198994 0.0151757 0.0161471 0.0117499 0.0112062 0.0171919 0.00624842 0.00565038 0.00408192 0.00383403 0.00504518 0.0065441 0.991103 0 0.00363752 0.00359229 0.00364046 0.00417297 0.105352 0.018724 0.016927 0.0131291 0.0126294 0.0201609 0.0150759 0.0123186 0.0108606 0.0123056 0.0118475 0.0115326 0.0204288 0.0107986 0.00874306 0.00914298 0.0087266 0.00933652 0.0193168 0.0131921 0.0114403 0.00961738 0.0147039 0.00874669 0.00988445 0.0085841 0.00826626 0.00914963 0.00886195 0.00903302 0.00912379 0.00872055 0.00885332 0.00994284 0.00819245 0.00829585 0.00815339 0.00816055 0.00895443 0.00960321 
0.0173545 0.0671025 0.0297103 0.0242809 0.0180914 0.0105019 0.0107329 0.0330765 0.0203237 0.0333172 0.0306244 0.0185082 0.0300332 0.0122403 0.012107 0.011874 0.0167135 0.0100305 0.0137599 0.00937382 0.011894 0.0534193 0.0251131 0.041238 0.0173071 0.0147378 0.00769157 0.00657592 0.0108447 0.0100859 0.0071417 0.984672 0.00712602 0.00363752 0 0.0036038 0.0036178 0.00372652 0.0986715 0.130881 0.0368817 0.0467772 0.0241542 0.0142539 0.0174984 0.0216082 0.0351354 0.0316569 0.0297227 0.017405 0.0127336 0.00948538 0.0113342 0.00922372 0.0111915 0.0111888 0.0120718 0.01674 0.0178253 0.0185612 0.0109149 0.00882167 0.00867934 0.00839549 0.00989847 0.0096626 0.0147307 0.0121932 0.0131355 0.0116535 0.00943949 0.00885698 0.00839507 0.00847113 0.00895859 0.00873566 0.00898219 0.00844053 
0.0148823 0.0494139 0.147775 0.0497842 0.0139152 0.00943847 0.0125163 0.0214395 0.072155 0.0577455 0.0553076 0.0932866 0.0194165 0.0120744 0.0100057 0.0138939 0.0136051 0.0260993 0.00977005 0.00896112 0.0129399 0.0144598 0.095728 0.0470249 0.0251604 0.0109405 0.0077813 0.00708862 0.0101825 0.0245594 0.912734 0.00836559 0.0041271 0.00359229 0.0036038 0 0.00364167 0.0035829 0.0593599 0.0894777 0.169239 0.122037 0.0751775 0.0139086 0.0110153 0.0461215 0.060088 0.0981939 0.0714282 0.0233519 0.0120485 0.00965993 0.0105977 0.0189823 0.0125304 0.0119026 0.0101684 0.0123016 0.0473674 0.0214245 0.013424 0.00855398 0.00871258 0.00858436 0.00990837 0.0218443 0.0200402 0.0250192 0.0210305 0.0227376 0.0116024 0.00882364 0.0083426 0.00992235 0.00995176 0.00964157 0.00927994 0.00848871 
0.0125426 0.0416952 0.0417868 0.0266163 0.0163732 0.00924833 0.0114084 0.0325516 0.0201909 0.0343434 0.0340619 0.0256856 0.0611673 0.0122167 0.0110932 0.011267 0.0121098 0.00932634 0.015018 0.00875877 0.0102925 0.027128 0.0203937 0.0403859 0.0193201 0.0130947 0.0100331 0.00937555 0.025396 0.816154 0.025454 0.00946973 0.00466346 0.00364046 0.0036178 0.00364167 0 0.0045522 0.0228064 0.10412 0.0662476 0.19414 0.157801 0.034042 0.0133224 0.0236553 0.0395544 0.030579 0.038639 0.0361501 0.0131692 0.0093654 0.0117351 0.00952698 0.0102846 0.0107446 0.00942971 0.0131551 0.0209542 0.0532801 0.0142747 0.00931875 0.00937221 0.00838822 0.0113605 0.0115933 0.0146672 0.0137835 0.0135204 0.0126318 0.0109395 0.00857101 0.00850271 0.00894333 0.00915308 0.00867524 0.00865405 0.00808882 
0.0213568 0.0116996 0.0156429 0.0117502 0.0108862 0.0106968 0.0203834 0.0116577 0.0149221 0.0153273 0.0162291 0.0138764 0.015562 0.029404 0.0154141 0.0104645 0.009163 0.00923028 0.00888923 0.0107933 0.0165576 0.0105808 0.012516 0.0133505 0.014351 0.0152353 0.0230694 0.023931 0.332485 0.0164354 0.00733757 0.00859383 0.00625418 0.00417297 0.00372652 0.0035829 0.0045522 0 0.0306805 0.0168053 0.0842773 0.059888 0.113661 0.132692 0.0183131 0.0150452 0.0263467 0.0169688 0.0169213 0.0189928 0.0334361 0.0115985 0.00916633 0.00877655 0.0086487 0.00876367 0.0117124 0.018768 0.0110507 0.0163367 0.0234365 0.0114797 0.00947318 0.00890489 0.00878239 0.0100144 0.0106473 0.0101638 0.010263 0.0098502 0.00897302 0.00948925 0.00938147 0.00873009 0.00847677 0.00837496 0.00825359 0.00812308 
0.0118596 0.0120105 0.0100374 0.00926911 0.00914557 0.0118729 0.00975418 0.00964735 0.0100245 0.00983883 0.00991413 0.0103154 0.0104217 0.0178207 0.00961592 0.00925917 0.008709 0.00950997 0.00856848 0.0138494 0.0118463 0.0112483 0.0128274 0.0120272 0.0109085 0.0177145 0.0262932 0.033406 0.0143672 0.0131604 0.0256878 0.0167928 0.0295755 0.105352 0.0986715 0.0593599 0.0228064 0.0306805 0 0.00377771 0.00362266 0.00377943 0.00367314 0.00419432 0.00606474 0.00877907 0.00672833 0.00933383 0.0358028 0.843594 0.0796596 0.0122204 0.00969703 0.0103091 0.0087541 0.0108228 0.0505721 0.0236948 0.0279406 0.0123702 0.035748 0.0120771 0.0188201 0.0114613 0.0103026 0.0123107 0.0124636 0.0122498 0.0125117 0.0114874 0.011485 0.0141442 0.00868828 0.0102404 0.00865948 0.00903048 0.0100403 0.0118235 
0.0117304 0.0164461 0.0188508 0.0126271 0.0111549 0.00864727 0.00896712 0.0144366 0.0137163 0.0197447 0.018761 0.0142146 0.0226126 0.0090079 0.0100175 0.00905921 0.0120104 0.00896249 0.0110533 0.00836651 0.00940144 0.0240741 0.0188547 0.03045 0.0138315 0.0101946 0.0257293 0.0189437 0.0326507 0.0449075 0.0313721 0.0527584 0.0125666 0.018724 0.130881 0.0894777 0.10412 0.0168053 0.00377771 0 0.00359554 0.00361921 0.00369011 0.00363601 0.0115401 0.00682066 0.00987729 0.0149844 0.867606 0.0570491 0.0112465 0.00975069 0.0127518 0.00909292 0.0119569 0.0123495 0.0122793 0.0344068 0.0267135 0.0411352 0.0116635 0.0158827 0.00972803 0.00936083 0.0216022 0.0150246 0.0293718 0.0287865 0.0308375 0.0264491 0.0155766 0.00992195 0.00976858 0.0090992 0.013519 0.0107224 0.0121598 0.00883687 
0.0105263 0.0193452 0.0366153 0.020307 0.0102499 0.0087449 0.00934929 0.0134169 0.0273034 0.0307718 0.0290335 0.0329787 0.013784 0.0102447 0.00909384 0.0111206 0.0104395 0.0177459 0.00885728 0.00859778 0.00947377 0.0140009 0.0489837 0.0476226 0.0190677 0.00935342 0.0127951 0.0249579 0.0407377 0.0541471 0.0996101 0.024861 0.0121931 0.016927 0.0368817 0.169239 0.0662476 0.0842773 0.00362266 0.00359554 0 0.00357941 0.0036005 0.00354964 0.0050103 0.0105189 0.00963303 0.908979 0.0541715 0.0113054 0.0086347 0.0090103 0.0100586 0.0135425 0.0107167 0.0130501 0.0115679 0.0164329 0.0452544 0.0211642 0.0199227 0.00929665 0.010413 0.00932996 0.0159366 0.0382313 0.042331 0.0469117 0.0548279 0.0439296 0.0164851 0.00946533 0.008904 0.0138773 0.0145715 0.0179754 0.011406 0.00864742 
0.0116747 0.0256386 0.0463223 0.0251008 0.0112622 0.00857998 0.00920252 0.0180948 0.0314847 0.0391088 0.0442761 0.0359169 0.0190483 0.0100584 0.00912328 0.0102883 0.0162364 0.0134109 0.00967537 0.00937788 0.00934223 0.0214173 0.060403 0.0726638 0.0218793 0.0100714 0.0140974 0.0243397 0.0590214 0.0901918 0.0700444 0.0454399 0.0130552 0.0131291 0.0467772 0.122037 0.19414 0.059888 0.00377943 0.00361921 0.00357941 0 0.00358911 0.00362788 0.00664999 0.00974191 0.937036 0.0476117 0.0266634 0.0143685 0.0100462 0.0088539 0.0120901 0.0139436 0.0135376 0.0110352 0.0139612 0.0191132 0.0436283 0.054844 0.0171106 0.00998644 0.00980633 0.00962047 0.0174391 0.0369808 0.0586839 0.0611073 0.0606581 0.0610351 0.0204434 0.0103374 0.00935463 0.0114234 0.0273418 0.0205173 0.0117629 0.00881502 
0.0101955 0.0207709 0.0223016 0.0136064 0.0108784 0.00836423 0.00960329 0.0137501 0.0158461 0.0203275 0.0194532 0.0170039 0.0194995 0.010092 0.00881972 0.0105145 0.00930621 0.0103413 0.00951638 0.0082477 0.00952062 0.0139649 0.0218516 0.026891 0.021407 0.00937506 0.0118138 0.0273706 0.0309394 0.0239635 0.0371815 0.0559632 0.0130003 0.0126294 0.0241542 0.0751775 0.157801 0.113661 0.00367314 0.00369011 0.0036005 0.00358911 0 0.0035763 0.00566047 0.961306 0.0450302 0.0127672 0.0164633 0.0168782 0.0106756 0.00830159 0.0133701 0.011046 0.0103127 0.0139119 0.0127736 0.0161598 0.0537481 0.0726525 0.0278335 0.0117552 0.012416 0.00913808 0.01737 0.0222714 0.029799 0.0312365 0.0317852 0.0290277 0.0309671 0.0101546 0.00880847 0.0128022 0.0107952 0.011823 0.0119054 0.0084301 
0.0121348 0.00997208 0.0101531 0.00926191 0.00891038 0.00854103 0.0117107 0.00992754 0.00944533 0.01 0.0103842 0.00972213 0.00982376 0.0110628 0.011672 0.00867725 0.00850599 0.00848642 0.00844433 0.00843878 0.0120982 0.00984251 0.0102224 0.0109499 0.00929917 0.0106789 0.0178929 0.0119829 0.0105178 0.0125955 0.0120185 0.0146709 0.0243711 0.0201609 0.0142539 0.0139086 0.034042 0.132692 0.00419432 0.00363601 0.00354964 0.00362788 0.0035763 0 0.936013 0.0277762 0.00603306 0.00501415 0.0084438 0.010593 0.0102281 0.0136218 0.00911959 0.00779123 0.0078351 0.00833655 0.0126523 0.0283196 0.0157284 0.0260329 0.037184 0.0203614 0.0116082 0.0107291 0.010849 0.0113296 0.0145209 0.0123715 0.0116731 0.011745 0.0120268 0.0130401 0.0137247 0.00893752 0.00884993 0.00933466 0.00913148 0.00876082 
0.0104648 0.00922058 0.00932272 0.00887835 0.00892679 0.0111252 0.00836733 0.00892822 0.00876223 0.00919543 0.00953076 0.00892137 0.0100411 0.0122858 0.00914389 0.00825458 0.00891949 0.00825154 0.00898751 0.00928375 0.00883703 0.0108575 0.00956549 0.0105823 0.00912491 0.0187074 0.0121636 0.00939961 0.0106675 0.0110761 0.0114295 0.0133224 0.0208028 0.0150759 0.0174984 0.0110153 0.0133224 0.0183131 0.00606474 0.0115401 0.0050103 0.00664999 0.00566047 0.936013 0 0.00370681 0.00356028 0.00356104 0.00360061 0.00408479 0.00491553 0.00449462 0.00541395 0.00623121 0.00675044 0.00767564 0.0906167 0.0566906 0.0110976 0.0145688 0.0176229 0.011862 0.014504 0.00977656 0.0106783 0.00997802 0.0120484 0.0100748 0.0110406 0.00974372 0.010502 0.0151809 0.00958194 0.00849633 0.0096006 0.00875003 0.00973926 0.012904 
0.00869137 0.014202 0.0124399 0.0106728 0.00895696 0.00866577 0.00845243 0.0100811 0.0119825 0.0141329 0.0125181 0.0140924 0.00992598 0.0102122 0.0082412 0.00911474 0.00852764 0.00985209 0.00844753 0.00864519 0.00870501 0.0106641 0.0249844 0.0131829 0.0150974 0.00954392 0.0106444 0.0169527 0.0192783 0.0151702 0.0395648 0.0182979 0.0110165 0.0123186 0.0216082 0.0461215 0.0236553 0.0150452 0.00877907 0.00682066 0.0105189 0.00974191 0.961306 0.0277762 0.00370681 0 0.00354536 0.0035687 0.00357779 0.00367559 0.00384054 0.00432836 0.00569148 0.00635291 0.00675448 0.0582227 0.752567 0.0135526 0.0319874 0.0166615 0.0143609 0.0110861 0.0113197 0.0090295 0.0134257 0.0216084 0.0196464 0.0256666 0.0208802 0.0225254 0.0142825 0.00989593 0.00848852 0.0122586 0.00945296 0.0105587 0.0118404 0.00906276 
0.0106039 0.0141023 0.0286698 0.0168148 0.0103473 0.00847326 0.00870516 0.0126384 0.0206497 0.0230497 0.0277998 0.0169036 0.0171586 0.009013 0.00874144 0.00869552 0.0121949 0.00947689 0.00937537 0.00817894 0.00859755 0.0167266 0.0225439 0.067492 0.0117438 0.0104398 0.0117291 0.0156784 0.0328229 0.0598714 0.0407937 0.0319791 0.0110808 0.0108606 0.0351354 0.060088 0.0395544 0.0263467 0.00672833 0.00987729 0.00963303 0.937036 0.0450302 0.00603306 0.00356028 0.00354536 0 0.00354439 0.00479334 0.0040917 0.00357787 0.00396907 0.00448276 0.00587576 0.0231259 0.660176 0.0464469 0.011003 0.016166 0.0305034 0.0137537 0.00957089 0.00905444 0.00924175 0.0178789 0.0260131 0.0497387 0.0408933 0.0516016 0.0438176 0.0179835 0.00979514 0.00934848 0.00972923 0.0260246 0.0165728 0.0103394 0.00893489 
0.00977319 0.0191851 0.0266753 0.0172003 0.00978213 0.00838292 0.00869259 0.0129714 0.0244916 0.0313443 0.0245117 0.0227407 0.0118264 0.00955126 0.00849793 0.00969963 0.0103713 0.0142205 0.0086934 0.00828363 0.0087 0.0119147 0.0531405 0.0365996 0.0141165 0.00900983 0.0118215 0.022165 0.0355753 0.0534566 0.075406 0.0225684 0.0107206 0.0123056 0.0316569 0.0981939 0.030579 0.0169688 0.00933383 0.0149844 0.908979 0.0476117 0.0127672 0.00501415 0.00356104 0.0035687 0.00354439 0 0.00353759 0.00355934 0.0035732 0.00375585 0.0048032 0.0466368 0.69479 0.0480313 0.00937178 0.0115749 0.0241056 0.0166705 0.0191315 0.00934912 0.00925701 0.00931818 0.015122 0.037863 0.0469209 0.054788 0.0585526 0.0476839 0.0182971 0.00965367 0.00883893 0.0164348 0.0155669 0.0197516 0.0115634 0.00872012 
