1L7AB
MQLFDLPLDQLQTYKPEKTAPKDFSEFWKLSLEELAKVQAEPDLQPVDYPADGVKVYRLTYKSFGNARITGWYAVPDKEGPHPAIVKYHGYNASYDGEIHEMVNWALHGYATFGMLVRGQQRSEDTSISPHGHALGWMTKGILDKDTYYYRGVYLDAVRALEVISSFDEVDETRIGVTGGSQGGGLTIAAAALSDIPKAAVADYPYLSNFERAIDVALEQPYLEINSFFRRNGSPETEVQAMKTLSYFDIMNLADRVKVPVLMSIGLIDKVTPPSTVFAAYNHLETKKELKVYRYFGHEYIPAFQTEKLAFFKQILKG
CCCCCCCHHHHCCCCCCCCCCCCHHHHHHHHHHHHHCCCCCCEEEECCCCCCCEEEEEEEEECHHHCEEEEEEEEECCCCCEEEEEEECCCCCCCHHHHHHHHHHHHCCCEEEEECCCCCCCCCCCCCCCCCCCCCCCCCCCCCCCCCHHHHHHHHHHHHHHHHHCCCCEEEEEEEEEECCHHHHHHHHHHHHCCCCCEEEECCCCCCCHHHHHHHCCCCCCHHHHHHHHHCCCHHHHHHHHHHHHCCCHHHHHHHCCCCEEEEEECCCCCCCHHHHHHHHHHCCCCEEEEEECCCCCCCCHHHHHHHHHHHHHHHCC
0 0 0 0 0 0 0 0 0 0 0 0 0 0 0 0 0 0 0 0 0 0 0 0 0 0 0 0 0 0 0 0 0 0 0 0 0 0 0 0 0 0 0 0 0 0 0 0 0 0 0 0 0 0 0 0 0 0 0 0 0 0 0 0 0 0 0 0 0 0 0 0 0 0 0 0 0 0 0 0 0 0 0 0 0 0 0 0 0 0 0 0 0 0 0 0 0 0 0 0 0 0 0 0 0 0 0 0 0 0 0 0 0 0 0 0 0 0 0 0 0 0 0 0 0 0 0 0 0 0 0 0 0 0 0 0 0 0 0 0 0 0 0 0 0 0 0 0 0 0 0 0 0 0 0 0 0 0 0 0 0 0 0 0 0 0 0 0 0 0 0 0 0 0 0 0 0 0 0 0 0 0 0 0 0 0 0 0 0 0 0 0 0 0 0 0 0 0 0 0 0 0 0 0 0 0 0 0 0 0 0 0 0 0 0 0 0 0 0 0 0 0 0 0 0 0 0 0 0 0 0 0 0 0 0 0 0 0 0 0 0 0 0 0 0 0 0 0 0 0 0 0 0 0 0 0 0 0 0 0 0 0 0 0 0 0 0 0 0 0 0 0 0 0 0 0 0 0 0 0 0 0 0 0 0 0 0 0 0 0 0 0 0 0 0 0 0 0 0 0 0 0 0 0 0 0 0 0 0 0 0 0 0 0 0 0 0 0 
0 0 0 0 0 0 0 0 0 0 0 0 0 0 0 0 0 0 0 0 0 0 0 0 0 0 0 0 0 0 0 0 0 0 0 0 0 0 0 0 0 0 0 0 0 0 0 0 0 0 0 0 0 0 0 0 0 0 0 0 0 0 0 0 0 0 0 0 0 0 0 0 0 0 0 0 0 0 0 0 0 0 0 0 0 0 0 0 0 0 0 0 0 0 0 0 0 0 0 0 0 0 0 0 0 0 0 0 0 0 0 0 0 0 0 0 0 0 0 0 0 0 0 0 0 0 0 0 0 0 0 0 0 0 0 0 0 0 0 0 0 0 0 0 0 0 0 0 0 0 0 0 0 0 0 0 0 0 0 0 0 0 0 0 0 0 0 0 0 0 0 0 0 0 0 0 0 0 0 0 0 0 0 0 0 0 0 0 0 0 0 0 0 0 0 0 0 0 0 0 0 0 0 0 0 0 0 0 0 0 0 0 0 0 0 0 0 0 0 0 0 0 0 0 0 0 0 0 0 0 0 0 0 0 0 0 0 0 0 0 0 0 0 0 0 0 0 0 0 0 0 0 0 0 0 0 0 0 0 0 0 0 0 0 0 0 0 0 0 0 0 0 0 0 0 0 0 0 0 0 0 0 0 0 0 0 0 0 0 0 0 0 0 0 0 0 0 0 0 0 0 0 0 0 0 0 0 0 0 0 0 0 0 0 0 0 0 0 
0 0.00378267 0.00441746 0.00620616 0.00878127 0.0102132 0.0107764 0.0520061 0.0196143 0.00817899 0.0227465 0.00984016 0.02353 0.0164106 0.0093678 0.00959068 0.00873509 0.00909091 0.00900857 0.0097329 0.00968737 0.0202004 0.00993928 0.00925921 0.00953452 0.011372 0.00938793 0.00989747 0.0120229 0.00933933 0.00860667 0.00852322 0.0090087 0.0101514 0.0082888 0.00801856 0.00800061 0.00805607 0.00807197 0.00810822 0.00836268 0.00802143 0.00811233 0.00846295 0.00823896 0.00827262 0.00811755 0.00844876 0.0081089 0.00809848 0.00817208 0.00811798 0.0081122 0.00826956 0.00826386 0.00819553 0.00828415 0.00819497 0.00825875 0.00871883 
0.00378267 0 0.00447559 0.00361199 0.00759265 0.00976004 0.0395023 0.0171034 0.00782018 0.0222106 0.0124243 0.0148666 0.00807028 0.0084815 0.0148297 0.00882086 0.0102359 0.00905501 0.00962626 0.0100178 0.0103175 0.00940516 0.00910929 0.0101031 0.0135574 0.0107925 0.0119974 0.00977614 0.00878125 0.00891201 0.00918879 0.0100333 0.00915737 0.00854172 0.0081222 0.008041 0.00812931 0.00809056 0.0081721 0.0082911 0.00832397 0.0083125 0.00815889 0.00807904 0.00810392 0.00822219 0.00826982 0.00811246 0.00806118 0.00816509 0.00822733 0.00817045 0.00810459 0.00810636 0.00811761 0.00814014 0.00823629 0.00825954 0.00826228 0.00823809 
0.00441746 0.00447559 0 0.00376551 0.00942894 0.0496335 0.0107384 0.00721489 0.0237082 0.00720135 0.0100514 0.00870114 0.00719973 0.00979289 0.00950823 0.010359 0.00858129 0.0102368 0.00895669 0.0100205 0.00916588 0.00849661 0.00873999 0.0107391 0.00973774 0.0122497 0.00971321 0.0113153 0.00860247 0.00891409 0.00925352 0.00903874 0.00978095 0.00837632 0.00814256 0.00814548 0.00815397 0.00811343 0.00814925 0.00824493 0.00833009 0.00830391 0.00811376 0.0080408 0.008122 0.0082346 0.00820337 0.00806268 0.00803525 0.00811392 0.00816927 0.00813719 0.00803569 0.00799594 0.00815922 0.00816641 0.00813703 0.008189 0.00811275 0.00809278 
0.00620616 0.00361199 0.00376551 0 0.0729481 0.0119213 0.00672116 0.0151842 0.00702316 0.00810681 0.00817604 0.00820292 0.00732622 0.0154081 0.00934288 0.00827159 0.00881641 0.00854417 0.00908845 0.00877165 0.00854323 0.00978412 0.0160466 0.00885535 0.0102065 0.00921933 0.00904377 0.00926273 0.00963348 0.0136764 0.0086777 0.00855874 0.00877983 0.00874268 0.00927741 0.00812654 0.00805474 0.00802208 0.00807545 0.00813216 0.00820812 0.00815713 0.00804768 0.00826348 0.00874305 0.00813064 0.00804615 0.0081596 0.00849044 0.0080918 0.00806011 0.00803715 0.00794686 0.00804546 0.00854518 0.00810932 0.00813345 0.00812043 0.00799804 0.00819842 
0.00878127 0.00759265 0.00942894 0.0729481 0 0.00366527 0.0036465 0.0038116 0.00365789 0.00455289 0.00426741 0.00723553 0.00653505 0.00737653 0.0123831 0.0075974 0.00866694 0.00855734 0.00907671 0.0098239 0.0195903 0.894184 0.0116778 0.0127211 0.010996 0.0108546 0.0123107 0.010378 0.0251365 0.0142961 0.0103171 0.0111293 0.0096519 0.0198708 0.00924754 0.00809232 0.00815287 0.00818528 0.00818118 0.00879319 0.00864349 0.00856051 0.00843336 0.00978783 0.00995238 0.00840666 0.00855291 0.00931741 0.00875942 0.00823097 0.00835275 0.00828642 0.00831035 0.00863368 0.00885089 0.00820442 0.00852691 0.00834498 0.00838377 0.00966764 
0.0102132 0.00976004 0.0496335 0.0119213 0.00366527 0 0.00353929 0.0035707 0.0037142 0.00363902 0.00451685 0.00434797 0.00496661 0.00810758 0.00742932 0.0103521 0.00846753 0.0102445 0.0106613 0.0227761 0.840114 0.00986563 0.00949107 0.0116075 0.0157583 0.0196781 0.0115419 0.0206594 0.00908983 0.00996171 0.0175647 0.0103499 0.0174728 0.0093707 0.0082017 0.00811647 0.00827461 0.00826537 0.00853829 0.00855181 0.0100719 0.00868169 0.00885356 0.0083628 0.00832844 0.00858649 0.00866123 0.00845398 0.00811201 0.00830172 0.00848834 0.00836934 0.00828032 0.00822502 0.00808554 0.00823939 0.00825298 0.00836969 0.00835276 0.00819839 
0.0107764 0.0395023 0.0107384 0.00672116 0.0036465 0.00353929 0 0.00366671 0.00355829 0.00358864 0.00363106 0.00369342 0.00365214 0.0061857 0.0106608 0.00796787 0.0100619 0.0103443 0.0259356 0.87607 0.0131512 0.0144309 0.00935457 0.0123332 0.015269 0.0226457 0.0276901 0.011813 0.0110394 0.0105252 0.0131029 0.0343125 0.0111638 0.0104843 0.00828711 0.00836289 0.0086126 0.00862238 0.00898111 0.0102819 0.0112551 0.011756 0.00908436 0.00845054 0.00841141 0.00888731 0.00896185 0.00848401 0.00824148 0.00844816 0.00864517 0.00855821 0.00838071 0.00822532 0.00821124 0.00822108 0.00834255 0.00843776 0.00842864 0.00823549 
0.0520061 0.0171034 0.00721489 0.0151842 0.0038116 0.0035707 0.00366671 0 0.003553 0.00355818 0.00356927 0.00365457 0.00365143 0.00585319 0.00936611 0.00726205 0.00997771 0.0202818 0.909928 0.0230316 0.00876125 0.0104414 0.0090491 0.00990976 0.0217597 0.0182046 0.0291494 0.011445 0.010893 0.0108445 0.0179627 0.0258331 0.011447 0.0107802 0.0083661 0.00831632 0.00873291 0.00875456 0.00918434 0.0106518 0.0120638 0.0118404 0.00880017 0.00892139 0.00854104 0.00871232 0.00880118 0.00846708 0.00825728 0.0083985 0.00863837 0.00859291 0.00826877 0.00816769 0.00817532 0.00823736 0.00832555 0.00843704 0.00838605 0.0081497 
0.0196143 0.00782018 0.0237082 0.00702316 0.00365789 0.0037142 0.00355829 0.003553 0 0.00352728 0.00357568 0.00356889 0.00360355 0.0099589 0.00664247 0.0096989 0.0100586 0.938864 0.0168851 0.016096 0.0105956 0.00817608 0.00857477 0.00987899 0.015529 0.036902 0.0162073 0.0236526 0.0093688 0.010608 0.0258603 0.0181911 0.0215615 0.00967161 0.00826988 0.00839466 0.00876618 0.00901564 0.00989034 0.010343 0.0166929 0.0110968 0.00946485 0.00845849 0.00841832 0.00913896 0.00921279 0.00854736 0.00824614 0.00852378 0.00877916 0.00868391 0.00833658 0.00821117 0.00815404 0.00827921 0.00836047 0.00847072 0.00841904 0.00814592 
0.00817899 0.0222106 0.00720135 0.00810681 0.00455289 0.00363902 0.00358864 0.00355818 0.00352728 0 0.00352993 0.00355867 0.0035429 0.00444757 0.0171286 0.00684931 0.957524 0.0138854 0.0143647 0.0105597 0.00794584 0.00816549 0.00856466 0.0106347 0.0184645 0.0177334 0.0490788 0.0109534 0.0119714 0.0130635 0.0142784 0.0570651 0.0121984 0.0112652 0.00868838 0.00842778 0.00904186 0.00953468 0.00931461 0.014463 0.0109212 0.0160344 0.00906032 0.00862179 0.00884368 0.00910286 0.00927161 0.00868225 0.00836226 0.0084823 0.00882285 0.00870435 0.00839619 0.0082517 0.0082678 0.00820578 0.00837931 0.00851482 0.00848632 0.00826016 
0.0227465 0.0124243 0.0100514 0.00817604 0.00426741 0.00451685 0.00363106 0.00356927 0.00357568 0.00352993 0 0.00353655 0.00355782 0.01131 0.00700591 0.965146 0.00893498 0.0108441 0.00873613 0.0110576 0.00858476 0.00798951 0.0088475 0.0102608 0.0162007 0.0326109 0.0148711 0.0244193 0.00938918 0.0106738 0.036532 0.0192285 0.0200109 0.0096129 0.00831603 0.00838102 0.00890845 0.00902247 0.00994146 0.0097536 0.0177313 0.0103285 0.00896693 0.00856019 0.00841399 0.00902304 0.00895892 0.00837632 0.00824913 0.008399 0.00869335 0.00849277 0.00824005 0.00821123 0.0081953 0.00817655 0.00828107 0.00833511 0.00833395 0.00816465 
0.00984016 0.0148666 0.00870114 0.00820292 0.00723553 0.00434797 0.00369342 0.00365457 0.00356889 0.00355867 0.00353655 0 0.00353825 0.00468335 0.987788 0.00702541 0.011193 0.00683428 0.00980934 0.00864863 0.00892218 0.00813031 0.00880794 0.0123609 0.0131984 0.0133113 0.0237242 0.0174692 0.0195738 0.0131588 0.0139764 0.0194193 0.0178665 0.0117895 0.00845938 0.0085523 0.00866446 0.00879117 0.00864762 0.00995155 0.00936319 0.0112314 0.00916111 0.00867837 0.00863495 0.00861398 0.00894227 0.00856374 0.00828275 0.0083447 0.00845415 0.00839967 0.00826778 0.00809456 0.00827407 0.00820481 0.00824104 0.00832918 0.00821962 0.00812723 
0.02353 0.00807028 0.00719973 0.00732622 0.00653505 0.00496661 0.00365214 0.00365143 0.00360355 0.0035429 0.00355782 0.00353825 0 0.974643 0.00458412 0.00484977 0.00544146 0.00592814 0.00705234 0.00642031 0.00658397 0.00739772 0.0108322 0.00862733 0.00953835 0.0110641 0.00938271 0.0252568 0.0159296 0.0197078 0.010477 0.0101908 0.0117345 0.0155774 0.00957996 0.00821883 0.00828815 0.00833712 0.00834759 0.00848388 0.00862398 0.00846192 0.00858465 0.00921153 0.00886783 0.00831083 0.00835229 0.00838244 0.00827572 0.00817997 0.00827203 0.00818903 0.00805388 0.00806182 0.00820475 0.00811723 0.0080882 0.00812976 0.00800768 0.00809538 
0.0164106 0.0084815 0.00979289 0.0154081 0.00737653 0.00810758 0.0061857 0.00585319 0.0099589 0.00444757 0.01131 0.00468335 0.974643 0 0.00371473 0.00355762 0.00353022 0.00357311 0.00389139 0.00377172 0.00402957 0.0055767 0.00660876 0.00673655 0.00750165 0.0108004 0.00821915 0.013018 0.0193495 0.0139571 0.0112527 0.00965412 0.0128443 0.0128284 0.00865846 0.00820563 0.00817805 0.00823912 0.00848453 0.00840542 0.00952909 0.00836299 0.00918378 0.00954371 0.00960469 0.00875638 0.00864054 0.00915333 0.00848768 0.00819556 0.00840732 0.00827859 0.0084094 0.00849723 0.00859738 0.00835191 0.00839848 0.00838356 0.00843601 0.00857987 
0.0093678 0.0148297 0.00950823 0.00934288 0.0123831 0.00742932 0.0106608 0.00936611 0.00664247 0.0171286 0.00700591 0.987788 0.00458412 0.00371473 0 0.00354157 0.00355906 0.00370268 0.00364774 0.00392003 0.00440423 0.00426569 0.00630983 0.00798325 0.00983854 0.0116105 0.0169013 0.0141988 0.0198792 0.013815 0.0219617 0.0250865 0.0122492 0.012798 0.00873048 0.00835195 0.00874415 0.00886638 0.00876078 0.0122527 0.0101976 0.0157971 0.00896677 0.00862685 0.00907468 0.00904682 0.00915823 0.00850985 0.0082876 0.00840802 0.00870486 0.00859402 0.00831318 0.00819718 0.0082008 0.00810528 0.00829696 0.00841901 0.00835344 0.00836721 
0.00959068 0.00882086 0.010359 0.00827159 0.0075974 0.0103521 0.00796787 0.00726205 0.0096989 0.00684931 0.965146 0.00702541 0.00484977 0.00355762 0.00354157 0 0.00352552 0.00354331 0.00355306 0.00405481 0.00355226 0.00357263 0.00588406 0.00651495 0.00854888 0.0133445 0.0117994 0.0287991 0.0122908 0.0127278 0.0259834 0.0215633 0.0223668 0.00997025 0.00834539 0.00846497 0.00952598 0.0092735 0.0113716 0.0108215 0.0260282 0.0151336 0.0099647 0.0086175 0.00858938 0.00918729 0.0092338 0.00845739 0.00821426 0.00840601 0.00875936 0.0086824 0.00836992 0.00812682 0.00807412 0.00814785 0.00822684 0.00831344 0.00828764 0.00813279 
0.00873509 0.0102359 0.00858129 0.00881641 0.00866694 0.00846753 0.0100619 0.00997771 0.0100586 0.957524 0.00893498 0.011193 0.00544146 0.00353022 0.00355906 0.00352552 0 0.00352052 0.00354963 0.00355136 0.00355828 0.00366245 0.00583995 0.00775553 0.00928791 0.018436 0.0516082 0.0296344 0.0484001 0.0132329 0.0218324 0.0473568 0.0169049 0.0145889 0.00852205 0.00891158 0.00985509 0.0110647 0.0107145 0.0234996 0.019416 0.0264279 0.0102971 0.00931852 0.00876636 0.00997357 0.0103628 0.00910727 0.00845168 0.00878881 0.00921234 0.0094103 0.00861002 0.00847998 0.00821148 0.00815528 0.00836282 0.00876942 0.0084367 0.00826067 
0.00909091 0.00905501 0.0102368 0.00854417 0.00855734 0.0102445 0.0103443 0.0202818 0.938864 0.0138854 0.0108441 0.00683428 0.00592814 0.00357311 0.00370268 0.00354331 0.00352052 0 0.00353311 0.00353983 0.00353833 0.00357657 0.00539346 0.00655352 0.0144361 0.02684 0.061308 0.0814008 0.029156 0.0129364 0.0374304 0.0366016 0.0384374 0.0136628 0.0084848 0.00861658 0.010068 0.00984003 0.012551 0.0146328 0.0258848 0.0174076 0.0121749 0.00918107 0.00853625 0.00999642 0.0100363 0.00935481 0.00836784 0.00867494 0.00914327 0.00904589 0.00850447 0.00821524 0.00815185 0.00814096 0.00826952 0.00852826 0.00831822 0.00824562 
0.00900857 0.00962626 0.00895669 0.00908845 0.00907671 0.0106613 0.0259356 0.909928 0.0168851 0.0143647 0.00873613 0.00980934 0.00705234 0.00389139 0.00364774 0.00355306 0.00354963 0.00353311 0 0.00352875 0.00356672 0.00356388 0.00557108 0.00951316 0.0162349 0.0775136 0.0775839 0.0242554 0.00952386 0.0144656 0.0208348 0.0682747 0.0246924 0.0137079 0.00855521 0.0087362 0.00926879 0.0110042 0.0107636 0.0165333 0.017644 0.0207641 0.010346 0.00912407 0.00895536 0.00982633 0.0103644 0.00932253 0.00830157 0.00867306 0.00903065 0.00910413 0.00853514 0.00830671 0.00813197 0.00818491 0.00835311 0.00853782 0.00848717 0.0082227 
0.0097329 0.0100178 0.0100205 0.00877165 0.0098239 0.0227761 0.87607 0.0230316 0.016096 0.0105597 0.0110576 0.00864863 0.00642031 0.00377172 0.00392003 0.00405481 0.00355136 0.00353983 0.00352875 0 0.00355165 0.00353262 0.00823654 0.0114921 0.0427483 0.0882229 0.0166089 0.0100294 0.00804268 0.0143434 0.0434086 0.0526311 0.0236721 0.0128538 0.00873031 0.00873864 0.0111051 0.0107977 0.0116421 0.0167066 0.0232472 0.0211609 0.0111138 0.0089902 0.00905103 0.0104002 0.0102276 0.00917834 0.00850945 0.00871076 0.00913139 0.00902407 0.00854508 0.00823568 0.00807725 0.00829435 0.00834 0.0085096 0.00831304 0.00812597 
0.00968737 0.0103175 0.00916588 0.00854323 0.0195903 0.840114 0.0131512 0.00876125 0.0105956 0.00794584 0.00858476 0.00892218 0.00658397 0.00402957 0.00440423 0.00355226 0.00355828 0.00353833 0.00356672 0.00355165 0 0.00358304 0.0124418 0.0523996 0.0489984 0.0108979 0.0162697 0.0109869 0.00736566 0.011646 0.0238682 0.0137364 0.0220675 0.0113439 0.00854454 0.0087128 0.00841459 0.00847322 0.00865738 0.00905092 0.0100172 0.00974237 0.00942174 0.00861992 0.00844115 0.00878991 0.00896059 0.00839207 0.00819759 0.0085179 0.00844519 0.008379 0.00824964 0.00810134 0.00805834 0.00819338 0.00811327 0.00823244 0.00807231 0.00800623 
0.0202004 0.00940516 0.00849661 0.00978412 0.894184 0.00986563 0.0144309 0.0104414 0.00817608 0.00816549 0.00798951 0.00813031 0.00739772 0.0055767 0.00426569 0.00357263 0.00366245 0.00357657 0.00356388 0.00353262 0.00358304 0 0.0405454 0.0130503 0.00479636 0.00608154 0.00667646 0.00620803 0.00801681 0.0239844 0.0101754 0.00998834 0.00999363 0.0118751 0.0124112 0.00837174 0.00831777 0.00880514 0.00837143 0.00870392 0.00868232 0.00877162 0.00848688 0.0092951 0.0105592 0.00855186 0.00840714 0.00849089 0.00876193 0.00825834 0.00819174 0.00811325 0.00798805 0.00807806 0.00834326 0.008051 0.0081873 0.00811887 0.00795744 0.00806981 
0.00993928 0.00910929 0.00873999 0.0160466 0.0116778 0.00949107 0.00935457 0.0090491 0.00857477 0.00856466 0.0088475 0.00880794 0.0108322 0.00660876 0.00630983 0.00588406 0.00583995 0.00539346 0.00557108 0.00823654 0.0124418 0.0405454 0 0.00361141 0.00356563 0.00357075 0.00356825 0.00367682 0.00378367 0.0419898 0.00970323 0.0104097 0.00937057 0.0167963 0.00856277 0.00806382 0.00808883 0.00817419 0.00811396 0.00842678 0.00878516 0.0084298 0.00829469 0.00978661 0.00907833 0.00820069 0.00838153 0.00890583 0.00808111 0.00802942 0.00810863 0.00808635 0.00797762 0.00813382 0.0080826 0.00801408 0.00805968 0.0080301 0.00800901 0.00823534 
0.00925921 0.0101031 0.0107391 0.00885535 0.0127211 0.0116075 0.0123332 0.00990976 0.00987899 0.0106347 0.0102608 0.0123609 0.00862733 0.00673655 0.00798325 0.00651495 0.00775553 0.00655352 0.00951316 0.0114921 0.0523996 0.0130503 0.00361141 0 0.0035646 0.00360257 0.00354092 0.00371637 0.00361463 0.0237065 0.0596181 0.0124059 0.0180932 0.0098748 0.00850322 0.00842549 0.00859153 0.00860786 0.00910977 0.010105 0.0123027 0.0102847 0.00933647 0.00856393 0.00874605 0.00909516 0.00907041 0.00863136 0.00821672 0.00838534 0.00853532 0.00855948 0.00834907 0.00815017 0.00802413 0.00813157 0.0082039 0.00826647 0.00817554 0.00804254 
0.00953452 0.0135574 0.00973774 0.0102065 0.010996 0.0157583 0.015269 0.0217597 0.015529 0.0184645 0.0162007 0.0131984 0.00953835 0.00750165 0.00983854 0.00854888 0.00928791 0.0144361 0.0162349 0.0427483 0.0489984 0.00479636 0.00356563 0.0035646 0 0.00356045 0.00354335 0.00355581 0.00381077 0.368916 0.0297202 0.105093 0.0171695 0.0181461 0.00919879 0.0100174 0.0125314 0.0137105 0.0152837 0.0383426 0.0335484 0.040106 0.0127108 0.01088 0.00964468 0.0130029 0.0124357 0.00999126 0.00885544 0.00905948 0.010118 0.0103761 0.00893384 0.00860735 0.00819581 0.00834013 0.00856898 0.00876058 0.00854508 0.00823678 
0.011372 0.0107925 0.0122497 0.00921933 0.0108546 0.0196781 0.0226457 0.0182046 0.036902 0.0177334 0.0326109 0.0133113 0.0110641 0.0108004 0.0116105 0.0133445 0.018436 0.02684 0.0775136 0.0882229 0.0108979 0.00608154 0.00357075 0.00360257 0.00356045 0 0.00354508 0.00355603 0.00355216 0.0385965 0.525745 0.0366248 0.0799111 0.0130107 0.00942039 0.0101468 0.0140062 0.0167645 0.0219102 0.0323409 0.0800417 0.044347 0.017099 0.010785 0.0100937 0.0139489 0.0139208 0.0114859 0.00885024 0.00943704 0.0115724 0.0106757 0.00917118 0.00883274 0.00835004 0.00839674 0.00879224 0.0090917 0.00863104 0.00831134 
0.00938793 0.0119974 0.00971321 0.00904377 0.0123107 0.0115419 0.0276901 0.0291494 0.0162073 0.0490788 0.0148711 0.0237242 0.00938271 0.00821915 0.0169013 0.0117994 0.0516082 0.061308 0.0775839 0.0166089 0.0162697 0.00667646 0.00356825 0.00354092 0.00354335 0.00354508 0 0.00356548 0.00353996 0.0447609 0.0353117 0.690281 0.020908 0.0311022 0.00899311 0.00986902 0.0135309 0.0167464 0.01554 0.0447532 0.0358456 0.0782714 0.0143747 0.0105199 0.00977426 0.012485 0.0137124 0.0100612 0.00860355 0.00927225 0.0103619 0.0100654 0.00923254 0.00889142 0.00819925 0.00836579 0.00865309 0.00877111 0.00874222 0.00821931 
0.00989747 0.00977614 0.0113153 0.00926273 0.010378 0.0206594 0.011813 0.011445 0.0236526 0.0109534 0.0244193 0.0174692 0.0252568 0.013018 0.0141988 0.0287991 0.0296344 0.0814008 0.0242554 0.0100294 0.0109869 0.00620803 0.00367682 0.00371637 0.00355581 0.00355603 0.00356548 0 0.00371403 0.0259202 0.101771 0.0360152 0.689649 0.0214201 0.00918106 0.00968445 0.00982588 0.0102151 0.0115391 0.0123366 0.0253902 0.0192637 0.0316701 0.0106395 0.00914489 0.0116697 0.0133495 0.00973687 0.00841986 0.00884273 0.00927058 0.00916548 0.0086462 0.00846848 0.00808762 0.00834021 0.00837207 0.00847468 0.00833309 0.0080445 
0.0120229 0.00878125 0.00860247 0.00963348 0.0251365 0.00908983 0.0110394 0.010893 0.0093688 0.0119714 0.00938918 0.0195738 0.0159296 0.0193495 0.0198792 0.0122908 0.0484001 0.029156 0.00952386 0.00804268 0.00736566 0.00801681 0.00378367 0.00361463 0.00381077 0.00355216 0.00353996 0.00371403 0 0.030538 0.0138506 0.0409035 0.0506409 0.629592 0.0112315 0.00862052 0.00855224 0.00887272 0.00858181 0.00969731 0.00992298 0.0110778 0.0111902 0.0149046 0.0109583 0.00891632 0.00962459 0.0102785 0.00847256 0.00816764 0.00847837 0.00838767 0.00824534 0.00848177 0.00810979 0.0080132 0.00819723 0.00819305 0.00805665 0.00810091 
0.00933933 0.00891201 0.00891409 0.0136764 0.0142961 0.00996171 0.0105252 0.0108445 0.010608 0.0130635 0.0106738 0.0131588 0.0197078 0.0139571 0.013815 0.0127278 0.0132329 0.0129364 0.0144656 0.0143434 0.011646 0.0239844 0.0419898 0.0237065 0.368916 0.0385965 0.0447609 0.0259202 0.030538 0 0.00447895 0.00360145 0.00364559 0.00430709 0.0436686 0.00885257 0.00909114 0.00899985 0.00922385 0.0118775 0.0108258 0.0113165 0.0101751 0.0169084 0.0134981 0.00979831 0.0103843 0.0142264 0.0085923 0.00835477 0.00869569 0.00861418 0.00851008 0.0088783 0.00828973 0.00814294 0.00817606 0.00816949 0.00827628 0.0085582 
0.00860667 0.00918879 0.00925352 0.0086777 0.0103171 0.0175647 0.0131029 0.0179627 0.0258603 0.0142784 0.036532 0.0139764 0.010477 0.0112527 0.0219617 0.0259834 0.0218324 0.0374304 0.0208348 0.0434086 0.0238682 0.0101754 0.00970323 0.0596181 0.0297202 0.525745 0.0353117 0.101771 0.0138506 0.00447895 0 0.00355211 0.00358314 0.00370561 0.0264222 0.0181783 0.0105886 0.0114516 0.0164434 0.0163528 0.0430836 0.0181994 0.0181539 0.00971599 0.0112448 0.0197492 0.016246 0.0105767 0.00850917 0.00926945 0.00992859 0.00974688 0.00884346 0.00858746 0.00810237 0.0083166 0.00847597 0.00853642 0.0084243 0.00811923 
0.00852322 0.0100333 0.00903874 0.00855874 0.0111293 0.0103499 0.0343125 0.0258331 0.0181911 0.0570651 0.0192285 0.0194193 0.0101908 0.00965412 0.0250865 0.0215633 0.0473568 0.0366016 0.0682747 0.0526311 0.0137364 0.00998834 0.0104097 0.0124059 0.105093 0.0366248 0.690281 0.0360152 0.0409035 0.00360145 0.00355211 0 0.00355507 0.00355332 0.0163173 0.014363 0.0250203 0.0224613 0.0164514 0.0561534 0.034152 0.0977712 0.0164897 0.0113198 0.0106401 0.016336 0.0186105 0.0105219 0.00856276 0.00939016 0.0114147 0.0110074 0.00940968 0.00898087 0.00808006 0.00827287 0.00854792 0.00882962 0.00856392 0.00822565 
0.0090087 0.00915737 0.00978095 0.00877983 0.0096519 0.0174728 0.0111638 0.011447 0.0215615 0.0121984 0.0200109 0.0178665 0.0117345 0.0128443 0.0122492 0.0223668 0.0169049 0.0384374 0.0246924 0.0236721 0.0220675 0.00999363 0.00937057 0.0180932 0.0171695 0.0799111 0.020908 0.689649 0.0506409 0.00364559 0.00358314 0.00355507 0 0.00369817 0.0115298 0.0186441 0.0164446 0.0158207 0.020312 0.0209173 0.0532081 0.0356514 0.0744621 0.0160365 0.00968644 0.0159995 0.0234503 0.0129095 0.0084653 0.00922266 0.010486 0.0097623 0.00921808 0.00866451 0.00809973 0.00824168 0.00854513 0.00842695 0.00842809 0.00805502 
0.0101514 0.00854172 0.00837632 0.00874268 0.0198708 0.0093707 0.0104843 0.0107802 0.00967161 0.0112652 0.0096129 0.0117895 0.0155774 0.0128284 0.012798 0.00997025 0.0145889 0.0136628 0.0137079 0.0128538 0.0113439 0.0118751 0.0167963 0.0098748 0.0181461 0.0130107 0.0311022 0.0214201 0.629592 0.00430709 0.00370561 0.00355332 0.00369817 0 0.0144592 0.00967698 0.0120052 0.0122973 0.0117694 0.0175681 0.0181569 0.0233763 0.0215918 0.067808 0.0142375 0.00998605 0.0128206 0.0142314 0.0094525 0.00874491 0.0090387 0.00894717 0.00848679 0.00888452 0.00819748 0.00811807 0.00811912 0.0081999 0.00816344 0.00813975 
0.0082888 0.0081222 0.00814256 0.00927741 0.00924754 0.0082017 0.00828711 0.0083661 0.00826988 0.00868838 0.00831603 0.00845938 0.00957996 0.00865846 0.00873048 0.00834539 0.00852205 0.0084848 0.00855521 0.00873031 0.00854454 0.0124112 0.00856277 0.00850322 0.00919879 0.00942039 0.00899311 0.00918106 0.0112315 0.0436686 0.0264222 0.0163173 0.0115298 0.0144592 0 0.00424119 0.00361198 0.00360635 0.00358039 0.00383535 0.0037287 0.00500666 0.00551398 0.0118099 0.050044 0.0143988 0.0113697 0.027573 0.0092853 0.00860603 0.00869483 0.00866126 0.00866265 0.0109893 0.00837593 0.00806802 0.00819838 0.00823783 0.00823976 0.00949771 
0.00801856 0.008041 0.00814548 0.00812654 0.00809232 0.00811647 0.00836289 0.00831632 0.00839466 0.00842778 0.00838102 0.0085523 0.00821883 0.00820563 0.00835195 0.00846497 0.00891158 0.00861658 0.0087362 0.00873864 0.0087128 0.00837174 0.00806382 0.00842549 0.0100174 0.0101468 0.00986902 0.00968445 0.00862052 0.00885257 0.0181783 0.014363 0.0186441 0.00967698 0.00424119 0 0.00356757 0.00351879 0.00354271 0.00364131 0.00367538 0.0039128 0.00773178 0.00433469 0.0114761 0.0168111 0.0129238 0.0108279 0.00839566 0.00882009 0.00906521 0.00926959 0.00874723 0.00853093 0.00801325 0.00812982 0.00829542 0.0082357 0.00840709 0.00823226 
0.00800061 0.00812931 0.00815397 0.00805474 0.00815287 0.00827461 0.0086126 0.00873291 0.00876618 0.00904186 0.00890845 0.00866446 0.00828815 0.00817805 0.00874415 0.00952598 0.00985509 0.010068 0.00926879 0.0111051 0.00841459 0.00831777 0.00808883 0.00859153 0.0125314 0.0140062 0.0135309 0.00982588 0.00855224 0.00909114 0.0105886 0.0250203 0.0164446 0.0120052 0.00361198 0.00356757 0 0.00352438 0.00353281 0.00355738 0.00361516 0.00384043 0.00358322 0.00371272 0.0116357 0.0130861 0.0133371 0.0100567 0.00843462 0.0090212 0.0119592 0.0108839 0.00925666 0.00859802 0.00805111 0.00822751 0.00846692 0.00871806 0.00853255 0.00824433 
0.00805607 0.00809056 0.00811343 0.00802208 0.00818528 0.00826537 0.00862238 0.00875456 0.00901564 0.00953468 0.00902247 0.00879117 0.00833712 0.00823912 0.00886638 0.0092735 0.0110647 0.00984003 0.0110042 0.0107977 0.00847322 0.00880514 0.00817419 0.00860786 0.0137105 0.0167645 0.0167464 0.0102151 0.00887272 0.00899985 0.0114516 0.0224613 0.0158207 0.0122973 0.00360635 0.00351879 0.00352438 0 0.00353088 0.00357536 0.00352646 0.00360045 0.00357792 0.00367001 0.0165821 0.0156518 0.0111949 0.0103506 0.00883928 0.00957932 0.0127471 0.0131593 0.00946411 0.00847044 0.00807528 0.00821158 0.00873783 0.00870874 0.00857249 0.00818832 
0.00807197 0.0081721 0.00814925 0.00807545 0.00818118 0.00853829 0.00898111 0.00918434 0.00989034 0.00931461 0.00994146 0.00864762 0.00834759 0.00848453 0.00876078 0.0113716 0.0107145 0.012551 0.0107636 0.0116421 0.00865738 0.00837143 0.00811396 0.00910977 0.0152837 0.0219102 0.01554 0.0115391 0.00858181 0.00922385 0.0164434 0.0164514 0.020312 0.0117694 0.00358039 0.00354271 0.00353281 0.00353088 0 0.00353344 0.00353863 0.00356657 0.00354951 0.00360367 0.0186991 0.0223674 0.0148228 0.0110838 0.00904998 0.011131 0.0147634 0.0147669 0.00950314 0.00883753 0.00812162 0.00840958 0.00876958 0.00922522 0.00878277 0.00823881 
0.00810822 0.0082911 0.00824493 0.00813216 0.00879319 0.00855181 0.0102819 0.0106518 0.010343 0.014463 0.0097536 0.00995155 0.00848388 0.00840542 0.0122527 0.0108215 0.0234996 0.0146328 0.0165333 0.0167066 0.00905092 0.00870392 0.00842678 0.010105 0.0383426 0.0323409 0.0447532 0.0123366 0.00969731 0.0118775 0.0163528 0.0561534 0.0209173 0.0175681 0.00383535 0.00364131 0.00355738 0.00357536 0.00353344 0 0.00355073 0.00357922 0.00361642 0.00361001 0.0439625 0.042055 0.0201881 0.0133513 0.0106314 0.0128154 0.0349133 0.0223065 0.0151519 0.00961326 0.00838152 0.00846263 0.0106835 0.00968911 0.00922868 0.00864996 
0.00836268 0.00832397 0.00833009 0.00820812 0.00864349 0.0100719 0.0112551 0.0120638 0.0166929 0.0109212 0.0177313 0.00936319 0.00862398 0.00952909 0.0101976 0.0260282 0.019416 0.0258848 0.017644 0.0232472 0.0100172 0.00868232 0.00878516 0.0123027 0.0335484 0.0800417 0.0358456 0.0253902 0.00992298 0.0108258 0.0430836 0.034152 0.0532081 0.0181569 0.0037287 0.00367538 0.00361516 0.00352646 0.00353863 0.00355073 0 0.00353704 0.00358066 0.00367631 0.242989 0.0694651 0.0399577 0.0159974 0.0106757 0.0243775 0.0360049 0.0519779 0.0158993 0.0111632 0.00843969 0.00951324 0.0103467 0.0124842 0.0101775 0.00852727 
0.00802143 0.0083125 0.00830391 0.00815713 0.00856051 0.00868169 0.011756 0.0118404 0.0110968 0.0160344 0.0103285 0.0112314 0.00846192 0.00836299 0.0157971 0.0151336 0.0264279 0.0174076 0.0207641 0.0211609 0.00974237 0.00877162 0.0084298 0.0102847 0.040106 0.044347 0.0782714 0.0192637 0.0110778 0.0113165 0.0181994 0.0977712 0.0356514 0.0233763 0.00500666 0.0039128 0.00384043 0.00360045 0.00356657 0.00357922 0.00353704 0 0.00360912 0.00354215 0.0332691 0.342696 0.0593847 0.0364983 0.0105808 0.0160638 0.0558089 0.0364779 0.0230531 0.0115402 0.00823804 0.00859099 0.0115316 0.0105579 0.00976075 0.00861375 
0.00811233 0.00815889 0.00811376 0.00804768 0.00843336 0.00885356 0.00908436 0.00880017 0.00946485 0.00906032 0.00896693 0.00916111 0.00858465 0.00918378 0.00896677 0.0099647 0.0102971 0.0121749 0.010346 0.0111138 0.00942174 0.00848688 0.00829469 0.00933647 0.0127108 0.017099 0.0143747 0.0316701 0.0111902 0.0101751 0.0181539 0.0164897 0.0744621 0.0215918 0.00551398 0.00773178 0.00358322 0.00357792 0.00354951 0.00361642 0.00358066 0.00360912 0 0.00355306 0.0164563 0.040553 0.567887 0.0546571 0.0102925 0.0132605 0.0146303 0.0178448 0.0186191 0.0120345 0.00822444 0.00867987 0.00858828 0.00897531 0.00897608 0.0083153 
0.00846295 0.00807904 0.0080408 0.00826348 0.00978783 0.0083628 0.00845054 0.00892139 0.00845849 0.00862179 0.00856019 0.00867837 0.00921153 0.00954371 0.00862685 0.0086175 0.00931852 0.00918107 0.00912407 0.0089902 0.00861992 0.0092951 0.00978661 0.00856393 0.01088 0.010785 0.0105199 0.0106395 0.0149046 0.0169084 0.00971599 0.0113198 0.0160365 0.067808 0.0118099 0.00433469 0.00371272 0.00367001 0.00360367 0.00361001 0.00367631 0.00354215 0.00355306 0 0.0207136 0.0197051 0.0776009 0.662103 0.0160782 0.0102088 0.0109916 0.0105702 0.0114326 0.0198903 0.00943352 0.00828743 0.00850833 0.00860446 0.00848103 0.00946837 
0.00823896 0.00810392 0.008122 0.00874305 0.00995238 0.00832844 0.00841141 0.00854104 0.00841832 0.00884368 0.00841399 0.00863495 0.00886783 0.00960469 0.00907468 0.00858938 0.00876636 0.00853625 0.00895536 0.00905103 0.00844115 0.0105592 0.00907833 0.00874605 0.00964468 0.0100937 0.00977426 0.00914489 0.0109583 0.0134981 0.0112448 0.0106401 0.00968644 0.0142375 0.050044 0.0114761 0.0116357 0.0165821 0.0186991 0.0439625 0.242989 0.0332691 0.0164563 0.0207136 0 0.00428104 0.00362461 0.00376409 0.194495 0.0198995 0.0145302 0.011313 0.011326 0.0188631 0.0108624 0.00883141 0.00961226 0.00916239 0.00901923 0.0136746 
0.00827262 0.00822219 0.0082346 0.00813064 0.00840666 0.00858649 0.00888731 0.00871232 0.00913896 0.00910286 0.00902304 0.00861398 0.00831083 0.00875638 0.00904682 0.00918729 0.00997357 0.00999642 0.00982633 0.0104002 0.00878991 0.00855186 0.00820069 0.00909516 0.0130029 0.0139489 0.012485 0.0116697 0.00891632 0.00979831 0.0197492 0.016336 0.0159995 0.00998605 0.0143988 0.0168111 0.0130861 0.0156518 0.0223674 0.042055 0.0694651 0.342696 0.040553 0.0197051 0.00428104 0 0.0039038 0.00355514 0.112234 0.116439 0.0395189 0.0367098 0.0176431 0.011921 0.008591 0.0107445 0.0102362 0.0115217 0.0133437 0.00893489 
0.00811755 0.00826982 0.00820337 0.00804615 0.00855291 0.00866123 0.00896185 0.00880118 0.00921279 0.00927161 0.00895892 0.00894227 0.00835229 0.00864054 0.00915823 0.0092338 0.0103628 0.0100363 0.0103644 0.0102276 0.00896059 0.00840714 0.00838153 0.00907041 0.0124357 0.0139208 0.0137124 0.0133495 0.00962459 0.0103843 0.016246 0.0186105 0.0234503 0.0128206 0.0113697 0.0129238 0.0133371 0.0111949 0.0148228 0.0201881 0.0399577 0.0593847 0.567887 0.0776009 0.00362461 0.0039038 0 0.00368411 0.023114 0.0737676 0.0921977 0.0566728 0.102476 0.0198607 0.00905269 0.0101244 0.00994379 0.0118099 0.012262 0.00896495 
0.00844876 0.00811246 0.00806268 0.0081596 0.00931741 0.00845398 0.00848401 0.00846708 0.00854736 0.00868225 0.00837632 0.00856374 0.00838244 0.00915333 0.00850985 0.00845739 0.00910727 0.00935481 0.00932253 0.00917834 0.00839207 0.00849089 0.00890583 0.00863136 0.00999126 0.0114859 0.0100612 0.00973687 0.0102785 0.0142264 0.0105767 0.0105219 0.0129095 0.0142314 0.027573 0.0108279 0.0100567 0.0103506 0.0110838 0.0133513 0.0159974 0.0364983 0.0546571 0.662103 0.00376409 0.00355514 0.00368411 0 0.0205079 0.0227265 0.0855851 0.0420658 0.0687845 0.149519 0.0113999 0.00916761 0.00953147 0.0100263 0.0101282 0.0102761 
0.0081089 0.00806118 0.00803525 0.00849044 0.00875942 0.00811201 0.00824148 0.00825728 0.00824614 0.00836226 0.00824913 0.00828275 0.00827572 0.00848768 0.0082876 0.00821426 0.00845168 0.00836784 0.00830157 0.00850945 0.00819759 0.00876193 0.00808111 0.00821672 0.00885544 0.00885024 0.00860355 0.00841986 0.00847256 0.0085923 0.00850917 0.00856276 0.0084653 0.0094525 0.0092853 0.00839566 0.00843462 0.00883928 0.00904998 0.0106314 0.0106757 0.0105808 0.0102925 0.0160782 0.194495 0.112234 0.023114 0.0205079 0 0.00367528 0.00362757 0.00361905 0.00358834 0.00455776 0.43261 0.0139471 0.0141216 0.0113047 0.0117762 0.0365896 
0.00809848 0.00816509 0.00811392 0.0080918 0.00823097 0.00830172 0.00844816 0.0083985 0.00852378 0.0084823 0.008399 0.0083447 0.00817997 0.00819556 0.00840802 0.00840601 0.00878881 0.00867494 0.00867306 0.00871076 0.0085179 0.00825834 0.00802942 0.00838534 0.00905948 0.00943704 0.00927225 0.00884273 0.00816764 0.00835477 0.00926945 0.00939016 0.00922266 0.00874491 0.00860603 0.00882009 0.0090212 0.00957932 0.011131 0.0128154 0.0243775 0.0160638 0.0132605 0.0102088 0.0198995 0.116439 0.0737676 0.0227265 0.00367528 0 0.00357296 0.00358341 0.00360428 0.00369391 0.0326473 0.4816 0.0142248 0.0229597 0.0446195 0.0118652 
0.00817208 0.00822733 0.00816927 0.00806011 0.00835275 0.00848834 0.00864517 0.00863837 0.00877916 0.00882285 0.00869335 0.00845415 0.00827203 0.00840732 0.00870486 0.00875936 0.00921234 0.00914327 0.00903065 0.00913139 0.00844519 0.00819174 0.00810863 0.00853532 0.010118 0.0115724 0.0103619 0.00927058 0.00847837 0.00869569 0.00992859 0.0114147 0.010486 0.0090387 0.00869483 0.00906521 0.0119592 0.0127471 0.0147634 0.0349133 0.0360049 0.0558089 0.0146303 0.0109916 0.0145302 0.0395189 0.0921977 0.0855851 0.00362757 0.00357296 0 0.00356028 0.00356153 0.00358121 0.033101 0.0181264 0.436115 0.0454745 0.0243781 0.0111156 
0.00811798 0.00817045 0.00813719 0.00803715 0.00828642 0.00836934 0.00855821 0.00859291 0.00868391 0.00870435 0.00849277 0.00839967 0.00818903 0.00827859 0.00859402 0.0086824 0.0094103 0.00904589 0.00910413 0.00902407 0.008379 0.00811325 0.00808635 0.00855948 0.0103761 0.0106757 0.0100654 0.00916548 0.00838767 0.00861418 0.00974688 0.0110074 0.0097623 0.00894717 0.00866126 0.00926959 0.0108839 0.0131593 0.0147669 0.0223065 0.0519779 0.0364779 0.0178448 0.0105702 0.011313 0.0367098 0.0566728 0.0420658 0.00361905 0.00358341 0.00356028 0 0.00356178 0.00355371 0.0144924 0.0624134 0.042573 0.436812 0.0194659 0.0124316 
0.0081122 0.00810459 0.00803569 0.00794686 0.00831035 0.00828032 0.00838071 0.00826877 0.00833658 0.00839619 0.00824005 0.00826778 0.00805388 0.0084094 0.00831318 0.00836992 0.00861002 0.00850447 0.00853514 0.00854508 0.00824964 0.00798805 0.00797762 0.00834907 0.00893384 0.00917118 0.00923254 0.0086462 0.00824534 0.00851008 0.00884346 0.00940968 0.00921808 0.00848679 0.00866265 0.00874723 0.00925666 0.00946411 0.00950314 0.0151519 0.0158993 0.0230531 0.0186191 0.0114326 0.011326 0.0176431 0.102476 0.0687845 0.00358834 0.00360428 0.00356153 0.00356178 0 0.00355851 0.0149537 0.0270673 0.0409333 0.026671 0.435407 0.013625 
0.00826956 0.00810636 0.00799594 0.00804546 0.00863368 0.00822502 0.00822532 0.00816769 0.00821117 0.0082517 0.00821123 0.00809456 0.00806182 0.00849723 0.00819718 0.00812682 0.00847998 0.00821524 0.00830671 0.00823568 0.00810134 0.00807806 0.00813382 0.00815017 0.00860735 0.00883274 0.00889142 0.00846848 0.00848177 0.0088783 0.00858746 0.00898087 0.00866451 0.00888452 0.0109893 0.00853093 0.00859802 0.00847044 0.00883753 0.00961326 0.0111632 0.0115402 0.0120345 0.0198903 0.0188631 0.011921 0.0198607 0.149519 0.00455776 0.00369391 0.00358121 0.00355371 0.00355851 0 0.0238027 0.0118513 0.0148963 0.0198107 0.0410359 0.375711 
0.00826386 0.00811761 0.00815922 0.00854518 0.00885089 0.00808554 0.00821124 0.00817532 0.00815404 0.0082678 0.0081953 0.00827407 0.00820475 0.00859738 0.0082008 0.00807412 0.00821148 0.00815185 0.00813197 0.00807725 0.00805834 0.00834326 0.0080826 0.00802413 0.00819581 0.00835004 0.00819925 0.00808762 0.00810979 0.00828973 0.00810237 0.00808006 0.00809973 0.00819748 0.00837593 0.00801325 0.00805111 0.00807528 0.00812162 0.00838152 0.00843969 0.00823804 0.00822444 0.00943352 0.0108624 0.008591 0.00905269 0.0113999 0.43261 0.0326473 0.033101 0.0144924 0.0149537 0.0238027 0 0.00644299 0.00365497 0.00373755 0.00422616 0.00779139 
0.00819553 0.00814014 0.00816641 0.00810932 0.00820442 0.00823939 0.00822108 0.00823736 0.00827921 0.00820578 0.00817655 0.00820481 0.00811723 0.00835191 0.00810528 0.00814785 0.00815528 0.00814096 0.00818491 0.00829435 0.00819338 0.008051 0.00801408 0.00813157 0.00834013 0.00839674 0.00836579 0.00834021 0.0080132 0.00814294 0.0083166 0.00827287 0.00824168 0.00811807 0.00806802 0.00812982 0.00822751 0.00821158 0.00840958 0.00846263 0.00951324 0.00859099 0.00867987 0.00828743 0.00883141 0.0107445 0.0101244 0.00916761 0.0139471 0.4816 0.0181264 0.0624134 0.0270673 0.0118513 0.00644299 0 0.00354384 0.00358304 0.00447864 0.00375797 
0.00828415 0.00823629 0.00813703 0.00813345 0.00852691 0.00825298 0.00834255 0.00832555 0.00836047 0.00837931 0.00828107 0.00824104 0.0080882 0.00839848 0.00829696 0.00822684 0.00836282 0.00826952 0.00835311 0.00834 0.00811327 0.0081873 0.00805968 0.0082039 0.00856898 0.00879224 0.00865309 0.00837207 0.00819723 0.00817606 0.00847597 0.00854792 0.00854513 0.00811912 0.00819838 0.00829542 0.00846692 0.00873783 0.00876958 0.0106835 0.0103467 0.0115316 0.00858828 0.00850833 0.00961226 0.0102362 0.00994379 0.00953147 0.0141216 0.0142248 0.436115 0.042573 0.0409333 0.0148963 0.00365497 0.00354384 0 0.00517743 0.00357847 0.00367074 
0.00819497 0.00825954 0.008189 0.00812043 0.00834498 0.00836969 0.00843776 0.00843704 0.00847072 0.00851482 0.00833511 0.00832918 0.00812976 0.00838356 0.00841901 0.00831344 0.00876942 0.00852826 0.00853782 0.0085096 0.00823244 0.00811887 0.0080301 0.00826647 0.00876058 0.0090917 0.00877111 0.00847468 0.00819305 0.00816949 0.00853642 0.00882962 0.00842695 0.0081999 0.00823783 0.0082357 0.00871806 0.00870874 0.00922522 0.00968911 0.0124842 0.0105579 0.00897531 0.00860446 0.00916239 0.0115217 0.0118099 0.0100263 0.0113047 0.0229597 0.0454745 0.436812 0.026671 0.0198107 0.00373755 0.00358304 0.00517743 0 0.00353683 0.00359411 
0.00825875 0.00826228 0.00811275 0.00799804 0.00838377 0.00835276 0.00842864 0.00838605 0.00841904 0.00848632 0.00833395 0.00821962 0.00800768 0.00843601 0.00835344 0.00828764 0.0084367 0.00831822 0.00848717 0.00831304 0.00807231 0.00795744 0.00800901 0.00817554 0.00854508 0.00863104 0.00874222 0.00833309 0.00805665 0.00827628 0.0084243 0.00856392 0.00842809 0.00816344 0.00823976 0.00840709 0.00853255 0.00857249 0.00878277 0.00922868 0.0101775 0.00976075 0.00897608 0.00848103 0.00901923 0.0133437 0.012262 0.0101282 0.0117762 0.0446195 0.0243781 0.0194659 0.435407 0.0410359 0.00422616 0.00447864 0.00357847 0.00353683 0 0.00369737 
0.00871883 0.00823809 0.00809278 0.00819842 0.00966764 0.00819839 0.00823549 0.0081497 0.00814592 0.00826016 0.00816465 0.00812723 0.00809538 0.00857987 0.00836721 0.00813279 0.00826067 0.00824562 0.0082227 0.00812597 0.00800623 0.00806981 0.00823534 0.00804254 0.00823678 0.00831134 0.00821931 0.0080445 0.00810091 0.0085582 0.00811923 0.00822565 0.00805502 0.00813975 0.00949771 0.00823226 0.00824433 0.00818832 0.00823881 0.00864996 0.00852727 0.00861375 0.0083153 0.00946837 0.0136746 0.00893489 0.00896495 0.0102761 0.0365896 0.0118652 0.0111156 0.0124316 0.013625 0.375711 0.00779139 0.00375797 0.00367074 0.00359411 0.00369737 0 
