1L9YA
AYPMPNPFPPFRIAGNLYYVGTDDLASYLIVTPRGNILINSDLEANVPMIKASIKKLGFKFSDTKILLISHAHFDHAAGSELIKQQTKAKYMVMDEDVSVILSGGKSDFHYANDSSTYFTQSTVDKVLHDGERVELGGTVLTAHLTPGHTRGCTTWTMKLKDHGKQYQAVIIGSIGVNPGAKLVDNITYPKIAEDYKHSIKVLESMRCDIFLGSHAGMFDLKNKYVLLSKGQNNPFVDPTGCKNYIEQKANDFYTELKKQETG
CCCCCCECCCEEEECCEEECCECCECCEEEEECCEEEEECCCCHHHHHHHHHHHHHCCCCHHHEEEEECCCCCHHHHCCHHHHHHHHCCEEEEEHHHHHHHHCCCCCCCCCCCCHHHCCCCCCCCEEECCCCEEEECCEEEEEEECCCCCCCCEEEEEEEEECCEEEEEEEECCCCCCCCCCCCCCCCCCCHHHHHHHHHHHHHCECCCEEEECEHHHCCHHHHHHHHHCCCCCCCECHHHHHHHHHHHHHHHHHHHHHHHHC
0 0 0 0 0 0 0 0 0 0 0 0 0 0 0 0 0 0 0 0 0 0 0 0 0 0 0 0 0 0 0 0 0 0 0 0 0 0 0 0 0 0 0 0 0 0 0 0 0 0 0 0 0 0 0 0 0 0 0 0 0 0 0 0 0 0 0 0 0 0 0 0 0 0 0 0 0 0 0 0 0 0 0 0 0 0 0 0 0 0 0 0 0 0 0 0 0 0 0 0 0 0 0 0 0 0 0 0 0 0 0 0 0 0 0 0 0 0 0 0 0 0 0 0 0 0 0 0 0 0 0 0 0 0 0 0 0 0 0 0 0 0 0 0 0 0 0 0 0 0 0 0 0 0 0 0 0 0 0 0 0 0 0 0 0 0 0 0 0 0 0 0 0 0 0 0 0 0 0 0 0 0 0 0 0 0 0 0 0 0 0 0 0 0 0 0 0 0 0 0 0 0 0 0 0 0 0 0 0 0 0 0 0 0 0 0 0 0 0 0 0 0 0 0 0 0 0 0 0 0 0 0 0 0 0 0 0 0 0 0 0 0 0 0 0 0 0 0 0 0 0 0 0 0 0 0 0 0 0 0 0 0 0 
0 0 0 0 0 0 0 0 0 0 0 0 0 0 0 0 0 0 0 0 0 0 0 0 0 0 0 0 0 0 0 0 0 0 0 0 0 0 0 0 0 0 0 0 0 0 0 0 0 0 0 0 0 0 0 0 0 0 0 0 0 0 0 0 0 0 0 0 0 0 0 0 0 0 0 0 0 0 0 0 0 0 0 0 0 0 0 0 0 0 0 0 0 0 0 0 0 0 0 0 0 0 0 0 0 0 0 0 0 0 0 0 0 0 0 0 0 0 0 0 0 0 0 0 0 0 0 0 0 0 0 0 0 0 0 0 0 0 0 0 0 0 0 0 0 0 0 0 0 0 0 0 0 0 0 0 0 0 0 0 0 0 0 0 0 0 0 0 0 0 0 0 0 0 0 0 0 0 0 0 0 0 0 0 0 0 0 0 0 0 0 0 0 0 0 0 0 0 0 0 0 0 0 0 0 0 0 0 0 0 0 0 0 0 0 0 0 0 0 0 0 0 0 0 0 0 0 0 0 0 0 0 0 0 0 0 0 0 0 0 0 0 0 0 0 0 0 0 0 0 0 0 0 0 0 0 0 0 0 0 0 0 0 
0 0.032365 0.00754334 0.00703459 0.0188996 0.017527 0.0128106 0.0164515 0.163379 0.0737197 0.0239697 0.0122862 0.00992113 0.0128186 0.0158195 0.0203427 0.0130372 0.00962016 0.0115192 0.0186706 0.017184 0.0107618 0.00985996 0.01082 0.015034 0.0135252 0.00892875 0.00860658 0.0086971 0.0097681 0.00966103 0.0087301 0.00938298 0.0105605 0.00886808 0.00885762 0.00927611 0.0105461 0.00897613 0.00827948 0.00869276 0.00816043 0.00834234 0.0091927 0.00923011 0.00838518 0.00813088 0.0082183 0.00812539 0.00817457 0.00813229 0.00833281 0.00878855 0.00923965 0.00850154 0.0081688 0.00814549 0.00822369 0.00828475 0.00826809 0.00947342 0.01152 0.00940864 0.00848694 0.0082011 0.00826518 0.0100696 0.0140761 
0.032365 0 0.00402084 0.00400919 0.00533183 0.0074659 0.0116121 0.626101 0.0229315 0.022023 0.0231617 0.0162523 0.0144185 0.0280344 0.041041 0.0218492 0.0174832 0.0174583 0.0151066 0.0484537 0.0215805 0.00942923 0.0186467 0.014843 0.0314059 0.00926751 0.0117253 0.0092392 0.0113183 0.013985 0.00910497 0.00835978 0.0110566 0.00861309 0.00983009 0.00871384 0.0115912 0.00963396 0.00824453 0.00912676 0.00866844 0.00869372 0.00874079 0.0103119 0.00858014 0.00828124 0.0084154 0.00834184 0.00835129 0.00827881 0.00835273 0.00846519 0.00937057 0.00831353 0.0081029 0.00824753 0.00836011 0.00863115 0.00887539 0.00904292 0.0100243 0.00889468 0.0086337 0.00851824 0.00869002 0.00882557 0.00888689 0.0102898 
0.00754334 0.00402084 0 0.00362293 0.0037699 0.00575683 0.490692 0.0763196 0.00913376 0.0102544 0.0149633 0.0273941 0.0218426 0.0382258 0.0105073 0.0113541 0.0345625 0.0180339 0.0510921 0.0122817 0.00964939 0.020864 0.0136211 0.0425423 0.0118321 0.0104933 0.00972591 0.0180708 0.0109136 0.00898483 0.00842264 0.00884074 0.00830009 0.00863251 0.00839588 0.0100397 0.0082663 0.00836749 0.00936041 0.00870154 0.00979285 0.00887173 0.00977298 0.00832262 0.0083027 0.00877278 0.00871378 0.00885428 0.00833255 0.00871342 0.00827354 0.00852966 0.00807545 0.0081637 0.00828166 0.00843475 0.00867637 0.00902145 0.00922914 0.00918045 0.00877949 0.0079596 0.00840382 0.00862615 0.00867581 0.00820527 0.00807062 0.00849239 
0.00703459 0.00400919 0.00362293 0 0.00364421 0.0314283 0.0939377 0.0246527 0.00854619 0.00943461 0.0159696 0.033591 0.04575 0.0208091 0.0136119 0.0175804 0.0179214 0.0323476 0.0386742 0.0255795 0.017106 0.00990544 0.0386149 0.0313303 0.0222435 0.00909569 0.0187309 0.0108658 0.0165314 0.00904733 0.0087224 0.00845426 0.00841612 0.00838206 0.0103518 0.00840608 0.0085244 0.00869886 0.00877984 0.00990814 0.00915203 0.0102394 0.00917841 0.00879195 0.00852146 0.00873864 0.00956948 0.00879895 0.00894122 0.00836394 0.00878425 0.00825473 0.00806784 0.00815204 0.0083021 0.0088002 0.0089386 0.00943534 0.00960061 0.00951999 0.00887247 0.00810659 0.00854677 0.00882945 0.00870142 0.00838931 0.00798192 0.00835056 
0.0188996 0.00533183 0.0037699 0.00364421 0 0.555096 0.00835582 0.00771153 0.0138716 0.0146781 0.0433135 0.0186849 0.0129938 0.0288801 0.0133126 0.0227086 0.0176686 0.0117001 0.0199442 0.0386129 0.0210859 0.014131 0.0102156 0.0160108 0.0280082 0.0163372 0.0100349 0.0101824 0.0100103 0.00999491 0.00977148 0.00861217 0.00866976 0.0106407 0.0087902 0.00862652 0.0088756 0.0106737 0.00925818 0.00864356 0.00935593 0.00867251 0.0087136 0.00940364 0.00996475 0.00876346 0.00859875 0.00854176 0.0082744 0.00828721 0.00819457 0.00813092 0.00831894 0.00882287 0.00829572 0.00826232 0.00848571 0.008707 0.0089298 0.00869583 0.00943993 0.00901253 0.00919302 0.00881887 0.00840991 0.00835919 0.00852262 0.0100535 
0.017527 0.0074659 0.00575683 0.0314283 0.555096 0 0.00382862 0.00382777 0.0107392 0.0131233 0.0191779 0.0124872 0.205285 0.017288 0.0336189 0.0152353 0.01335 0.017517 0.0126355 0.0359965 0.0191827 0.010154 0.0167642 0.0141427 0.0252055 0.0103543 0.0114335 0.00994815 0.010609 0.0132248 0.00871632 0.00827355 0.0101394 0.00855235 0.00920007 0.00872851 0.00967549 0.00893676 0.00825287 0.0089173 0.00869092 0.00885537 0.0086159 0.00969049 0.0086792 0.00834251 0.00858458 0.00841662 0.00839408 0.00832531 0.00827864 0.00828976 0.00853026 0.0082754 0.00809529 0.00824403 0.00840938 0.00856143 0.00878456 0.0087832 0.00965585 0.00849123 0.00863288 0.00838498 0.00852491 0.00853397 0.00862281 0.0098154 
0.0128106 0.0116121 0.490692 0.0939377 0.00835582 0.00382862 0 0.00370636 0.0120665 0.0223896 0.0128502 0.296078 0.018527 0.0374918 0.0102414 0.0108863 0.0259556 0.0122775 0.0631595 0.0147483 0.0123343 0.0146369 0.0144291 0.0514163 0.0156907 0.00972576 0.0129739 0.0106227 0.0140834 0.00955496 0.00847747 0.00919683 0.00836446 0.0082941 0.00888129 0.00904306 0.00834791 0.00836516 0.0087599 0.00894047 0.00883038 0.00902235 0.00945424 0.00854206 0.00836533 0.00867512 0.00874566 0.00860998 0.00836217 0.00836687 0.00830798 0.0084092 0.00809852 0.00805427 0.00827297 0.00835176 0.00864427 0.00897655 0.00911119 0.00936567 0.0086943 0.0080363 0.00839167 0.00870052 0.00870478 0.00825978 0.00804656 0.00850897 
0.0164515 0.626101 0.0763196 0.0246527 0.00771153 0.00382777 0.00370636 0 0.0201693 0.014154 0.189569 0.0153224 0.0274562 0.0165213 0.0122522 0.0208817 0.0123772 0.013995 0.0208883 0.0751998 0.0245281 0.0105012 0.0135982 0.0174197 0.055549 0.0129595 0.010672 0.0106345 0.0124938 0.0101356 0.00971865 0.00841251 0.00885365 0.00960776 0.00887948 0.00841522 0.00907532 0.0102557 0.00896723 0.00921979 0.00932475 0.00950492 0.00931196 0.00974841 0.00988785 0.00866058 0.0091182 0.00858014 0.00865042 0.00829518 0.00842482 0.00814808 0.00827366 0.00896218 0.00824785 0.00851012 0.00863997 0.00911776 0.00944654 0.00944106 0.010365 0.00869688 0.00935709 0.00890905 0.00868322 0.00838565 0.00830077 0.00907721 
0.163379 0.0229315 0.00913376 0.00854619 0.0138716 0.0107392 0.0120665 0.0201693 0 0.384835 0.0125764 0.0134035 0.00746447 0.012518 0.0131754 0.0115704 0.0106625 0.00857294 0.0123105 0.0247925 0.0178865 0.0102706 0.00988186 0.0124255 0.0218534 0.0124969 0.0102799 0.00890391 0.0101032 0.0116428 0.00940594 0.00834679 0.00957753 0.00970341 0.00868414 0.00846262 0.00980591 0.0100981 0.00843752 0.00832362 0.0083979 0.00832085 0.00843209 0.00969536 0.00907652 0.00819082 0.00819741 0.00819897 0.00824634 0.00815459 0.00817311 0.00815 0.00865709 0.00874687 0.00818951 0.00818868 0.00814567 0.00822491 0.0083217 0.00840589 0.00941534 0.0105056 0.00922669 0.00827918 0.00826889 0.00839179 0.00966331 0.0137332 
0.0737197 0.022023 0.0102544 0.00943461 0.0146781 0.0131233 0.0223896 0.014154 0.384835 0 0.0155223 0.0051064 0.00405292 0.00486575 0.00637903 0.0106317 0.00817645 0.00722438 0.010467 0.0327972 0.0265117 0.00981543 0.0102015 0.0122448 0.0240901 0.012131 0.0113536 0.00896108 0.0103236 0.0124184 0.00906039 0.00831356 0.00989496 0.00949543 0.00888648 0.00838378 0.00982325 0.00978557 0.00833512 0.00842292 0.00843246 0.00843412 0.00852251 0.0100544 0.00872404 0.00816686 0.00817427 0.00819155 0.00819089 0.00812798 0.00815336 0.00813253 0.00879902 0.00847949 0.00818339 0.00815101 0.00817777 0.00825114 0.0082886 0.0084318 0.00965705 0.0102756 0.00873591 0.00821949 0.00821359 0.0084657 0.00949645 0.0129409 
0.0239697 0.0231617 0.0149633 0.0159696 0.0433135 0.0191779 0.0128502 0.189569 0.0125764 0.0155223 0 0.00365197 0.00360371 0.00478664 0.00416641 0.00543224 0.00624592 0.00764678 0.0232604 0.980237 0.022589 0.0139125 0.0167514 0.0217383 0.0351109 0.0179306 0.0154601 0.01256 0.0129929 0.0178971 0.00974104 0.00860137 0.0111007 0.00891458 0.00914528 0.00944726 0.0116268 0.00960921 0.0086568 0.00941197 0.00992336 0.00989098 0.00978499 0.0126737 0.00919156 0.00852664 0.00881824 0.00855957 0.00895646 0.00853159 0.00840402 0.00848173 0.00901439 0.00845272 0.00819684 0.00848273 0.0087098 0.00967672 0.00950117 0.00970789 0.0106063 0.00842723 0.0088715 0.00855172 0.00896443 0.00868583 0.0087958 0.00969617 
0.0122862 0.0162523 0.0273941 0.033591 0.0186849 0.0124872 0.296078 0.0153224 0.0134035 0.0051064 0.00365197 0 0.00376459 0.00358637 0.0035814 0.00414138 0.00722148 0.0158346 0.979164 0.0167897 0.0148596 0.0268123 0.0370381 0.0606317 0.0183452 0.0100619 0.0340696 0.0262668 0.0204947 0.0103447 0.00878074 0.00913396 0.00882625 0.00831192 0.0100235 0.00976096 0.0087986 0.00855826 0.00908826 0.0118347 0.0120187 0.0142023 0.0121221 0.00947974 0.00886082 0.010169 0.0103955 0.0101641 0.00962798 0.00908544 0.00886768 0.00869213 0.00830826 0.00824561 0.00861221 0.00930411 0.0102234 0.0121213 0.0117924 0.0106236 0.00921694 0.00802536 0.00851145 0.00917025 0.00907804 0.00852116 0.00814666 0.00836866 
0.00992113 0.0144185 0.0218426 0.04575 0.0129938 0.205285 0.018527 0.0274562 0.00746447 0.00405292 0.00360371 0.00376459 0 0.00355657 0.00355426 0.00398851 0.00862339 0.96969 0.0122836 0.00806193 0.0135783 0.0153581 0.0868991 0.0350201 0.0229135 0.0104717 0.019421 0.0689773 0.016108 0.00994017 0.00880586 0.00870041 0.0085846 0.00847262 0.00981942 0.0098002 0.00879403 0.00845172 0.00937038 0.0152211 0.0160906 0.0199373 0.0120022 0.00965309 0.00914945 0.00994019 0.0158504 0.0115768 0.0116863 0.00950529 0.00981824 0.00863874 0.00816021 0.00828451 0.00860952 0.0103429 0.0112245 0.0136154 0.0155264 0.0115494 0.00940314 0.0080437 0.0088439 0.00970463 0.00960388 0.0086806 0.00809264 0.00832238 
0.0128186 0.0280344 0.0382258 0.0208091 0.0288801 0.017288 0.0374918 0.0165213 0.012518 0.00486575 0.00478664 0.00358637 0.00355657 0 0.00360934 0.00580136 0.996843 0.00630331 0.00935423 0.0107598 0.0145655 0.0170196 0.0184458 0.0623356 0.0276763 0.0114942 0.0179705 0.0147583 0.0228082 0.00967606 0.00894086 0.00916365 0.00852891 0.00899933 0.00930058 0.00919698 0.00840955 0.00936488 0.00962471 0.0103509 0.010831 0.011088 0.0110908 0.00920384 0.00918744 0.00937451 0.00975876 0.0100425 0.0088998 0.00872509 0.00856455 0.00836138 0.00811296 0.008465 0.00841979 0.00888242 0.00918901 0.00999372 0.00969863 0.00984696 0.00918411 0.00809141 0.00848259 0.00878397 0.0087352 0.00823504 0.00801327 0.00826047 
0.0158195 0.041041 0.0105073 0.0136119 0.0133126 0.0336189 0.0102414 0.0122522 0.0131754 0.00637903 0.00416641 0.0035814 0.00355426 0.00360934 0 0.998853 0.00424189 0.00421982 0.00405756 0.00537234 0.0254674 0.00996677 0.0100603 0.0115923 0.0271307 0.0121693 0.00957847 0.00916396 0.00934991 0.00980875 0.00942659 0.00842586 0.00857506 0.00946562 0.00866047 0.00814488 0.00897302 0.0113963 0.0089018 0.00862009 0.00854835 0.00849436 0.00853524 0.0092882 0.00997992 0.00840631 0.00856126 0.00831647 0.00831758 0.00807351 0.00824524 0.00802434 0.00814325 0.00852309 0.0081178 0.00819525 0.00826913 0.00838398 0.00855142 0.00838296 0.00902294 0.00882582 0.00859967 0.00823421 0.00814322 0.00811965 0.00840495 0.00920337 
0.0203427 0.0218492 0.0113541 0.0175804 0.0227086 0.0152353 0.0108863 0.0208817 0.0115704 0.0106317 0.00543224 0.00414138 0.00398851 0.00580136 0.998853 0 0.00370549 0.00355889 0.00358674 0.00405915 0.102384 0.0120841 0.0161972 0.0135471 0.0291089 0.0115434 0.0127451 0.00949991 0.0108366 0.0134861 0.00921817 0.00823769 0.0111728 0.00868373 0.00973118 0.00838039 0.0114245 0.00909408 0.00819425 0.00936704 0.00851765 0.00903053 0.00872349 0.0107663 0.00880944 0.00820756 0.00866279 0.0083101 0.0088759 0.0082513 0.008408 0.00813189 0.00875987 0.00818074 0.00805503 0.00824738 0.00832097 0.00884153 0.0084984 0.00891196 0.00922845 0.00893467 0.00848713 0.00826901 0.00823961 0.00831835 0.00856935 0.00953105 
0.0130372 0.0174832 0.0345625 0.0179214 0.0176686 0.01335 0.0259556 0.0123772 0.0106625 0.00817645 0.00624592 0.00722148 0.00862339 0.996843 0.00424189 0.00370549 0 0.00355318 0.0035801 0.00361018 0.0250181 0.192945 0.0158957 0.049538 0.0127665 0.0128652 0.0153289 0.0213678 0.0123486 0.00968666 0.00862035 0.0092688 0.00835977 0.00850768 0.0087104 0.0103636 0.00865517 0.0082171 0.00949569 0.00938173 0.0124591 0.0102953 0.0101672 0.00877974 0.00849186 0.00965987 0.00911294 0.0104648 0.00852883 0.00871927 0.00846437 0.00841955 0.00808499 0.00808462 0.00841463 0.00851684 0.00937692 0.00954227 0.0101567 0.00954176 0.00868593 0.00798934 0.00835722 0.00867178 0.00859117 0.0082455 0.0080949 0.00850635 
0.00962016 0.0174583 0.0180339 0.0323476 0.0117001 0.017517 0.0122775 0.013995 0.00857294 0.00722438 0.00764678 0.0158346 0.96969 0.00630331 0.00421982 0.00355889 0.00355318 0 0.00359556 0.00355434 0.0248945 0.0195164 0.553882 0.0383429 0.0298633 0.0105259 0.0310172 0.0453997 0.0196089 0.0101425 0.00923869 0.00855924 0.00894434 0.00837409 0.0107214 0.00920072 0.00908768 0.00857038 0.00946344 0.0221803 0.0166878 0.0256048 0.013053 0.00963754 0.00897249 0.00980342 0.0172401 0.0115411 0.0122689 0.00977716 0.00974149 0.00859412 0.00825913 0.00820074 0.00849153 0.0111806 0.010973 0.0161459 0.0181046 0.0120865 0.00951126 0.00816458 0.00870382 0.009439 0.0096438 0.00868593 0.00812246 0.0082162 
0.0115192 0.0151066 0.0510921 0.0386742 0.0199442 0.0126355 0.0631595 0.0208883 0.0123105 0.010467 0.0232604 0.979164 0.0122836 0.00935423 0.00405756 0.00358674 0.0035801 0.00359556 0 0.00358315 0.0118718 0.0496354 0.0431665 0.703939 0.0524409 0.0118914 0.0197061 0.0416385 0.0519503 0.0116948 0.00897882 0.0119452 0.00866484 0.00870364 0.00948082 0.0123382 0.00878543 0.00881577 0.0123216 0.0132841 0.0174378 0.0161684 0.0204016 0.0104378 0.00902706 0.0111253 0.0137736 0.0121316 0.0103473 0.0103297 0.00924171 0.00877736 0.00819891 0.00835401 0.0087716 0.00964627 0.0110509 0.0125498 0.0147566 0.0134735 0.010054 0.00811203 0.00882854 0.00933237 0.00932157 0.00860791 0.00809263 0.00816163 
0.0186706 0.0484537 0.0122817 0.0255795 0.0386129 0.0359965 0.0147483 0.0751998 0.0247925 0.0327972 0.980237 0.0167897 0.00806193 0.0107598 0.00537234 0.00405915 0.00361018 0.00355434 0.00358315 0 0.029911 0.0126039 0.0413769 0.0603827 0.743468 0.013781 0.0130618 0.0131676 0.0181528 0.0159988 0.0114672 0.00866792 0.0100567 0.010243 0.00952434 0.00880865 0.0116964 0.0137512 0.0091412 0.0100751 0.0109001 0.0111111 0.0112481 0.0157387 0.0131051 0.00920996 0.0098984 0.00949761 0.00929514 0.00865813 0.00868754 0.00832254 0.00844031 0.00910245 0.00832934 0.00894416 0.00906734 0.00965524 0.0104766 0.0102886 0.0127261 0.0109986 0.00962396 0.00869865 0.00875441 0.00864357 0.00854591 0.0104685 
0.017184 0.0215805 0.00964939 0.017106 0.0210859 0.0191827 0.0123343 0.0245281 0.0178865 0.0265117 0.022589 0.0148596 0.0135783 0.0145655 0.0254674 0.102384 0.0250181 0.0248945 0.0118718 0.029911 0 0.00360863 0.00374071 0.00368416 0.00383525 0.0350919 0.0234818 0.00960674 0.0135602 0.0227219 0.0139474 0.00922386 0.0286127 0.00858857 0.0174733 0.00859867 0.0306717 0.0113391 0.00839435 0.0133892 0.00887047 0.0130372 0.00889532 0.0276349 0.00922706 0.00863274 0.00990637 0.00872286 0.0121299 0.00838053 0.0129629 0.0082791 0.014791 0.00822057 0.00846158 0.00922431 0.00889206 0.0108935 0.00946072 0.00918006 0.012814 0.010606 0.00939743 0.00852745 0.00865325 0.00880177 0.00894728 0.011117 
0.0107618 0.00942923 0.020864 0.00990544 0.014131 0.010154 0.0146369 0.0105012 0.0102706 0.00981543 0.0139125 0.0268123 0.0153581 0.0170196 0.00996677 0.0120841 0.192945 0.0195164 0.0496354 0.0126039 0.00360863 0 0.00353596 0.00358279 0.00365512 0.091552 0.0315797 0.0245171 0.0119019 0.0102856 0.00896307 0.0104777 0.008792 0.00980564 0.00834964 0.0217607 0.00839614 0.00835429 0.011712 0.00917152 0.019976 0.00946233 0.0143496 0.00894402 0.00868021 0.0104031 0.00935845 0.0140777 0.00847067 0.0118241 0.00841278 0.0107081 0.00819446 0.00844735 0.00833181 0.00868573 0.0103284 0.0102421 0.0112325 0.010101 0.00879941 0.00809342 0.00849114 0.00869521 0.00871408 0.00858422 0.00829617 0.0085782 
0.00985996 0.0186467 0.0136211 0.0386149 0.0102156 0.0167642 0.0144291 0.0135982 0.00988186 0.0102015 0.0167514 0.0370381 0.0868991 0.0184458 0.0100603 0.0161972 0.0158957 0.553882 0.0431665 0.0413769 0.00374071 0.00353596 0 0.00355298 0.00356012 0.0449058 0.138204 0.147252 0.0199513 0.0118584 0.0131425 0.0089793 0.0104203 0.00872008 0.0330579 0.00943622 0.00995383 0.0100318 0.00999344 0.0550765 0.0161289 0.0625008 0.0130665 0.0106984 0.00972446 0.0121689 0.0382693 0.0124221 0.0250061 0.0105403 0.0183706 0.00847497 0.00874529 0.00831777 0.00896857 0.0143903 0.0149276 0.0271524 0.033883 0.0156999 0.00946269 0.00842064 0.00899478 0.0100112 0.00993302 0.00886216 0.0081406 0.00816 
0.01082 0.014843 0.0425423 0.0313303 0.0160108 0.0141427 0.0514163 0.0174197 0.0124255 0.0122448 0.0217383 0.0606317 0.0350201 0.0623356 0.0115923 0.0135471 0.049538 0.0383429 0.703939 0.0603827 0.00368416 0.00358279 0.00355298 0 0.0040681 0.0343729 0.119092 0.126181 0.203771 0.0122304 0.0108072 0.0208038 0.00929731 0.0119416 0.0129213 0.0222076 0.00927164 0.00970271 0.0184998 0.0136487 0.0361652 0.0202869 0.047004 0.0115546 0.00982749 0.0179364 0.0173942 0.0196886 0.011464 0.0129275 0.00933507 0.0100802 0.00847351 0.00895889 0.00965623 0.0112256 0.0160763 0.0201531 0.0312393 0.0233095 0.0111396 0.00845305 0.00964504 0.00998568 0.00990079 0.00862807 0.00818973 0.0083142 
0.015034 0.0314059 0.0118321 0.0222435 0.0280082 0.0252055 0.0156907 0.055549 0.0218534 0.0240901 0.0351109 0.0183452 0.0229135 0.0276763 0.0271307 0.0291089 0.0127665 0.0298633 0.0524409 0.743468 0.00383525 0.00365512 0.00356012 0.0040681 0 0.0184305 0.0258943 0.0798493 0.10933 0.150526 0.0144242 0.0100589 0.0148556 0.0117595 0.0114834 0.0100892 0.0158595 0.0179456 0.0106593 0.0130875 0.0132645 0.015363 0.0176269 0.0375879 0.0159855 0.0101181 0.0125281 0.0103698 0.0118914 0.00891895 0.00962151 0.0086972 0.00977668 0.0102739 0.00875061 0.00980228 0.0107524 0.0114864 0.0128272 0.0165457 0.0157495 0.00949051 0.0159615 0.0095614 0.00942924 0.0108178 0.00884003 0.00914666 
0.0135252 0.00926751 0.0104933 0.00909569 0.0163372 0.0103543 0.00972576 0.0129595 0.0124969 0.012131 0.0179306 0.0100619 0.0104717 0.0114942 0.0121693 0.0115434 0.0128652 0.0105259 0.0118914 0.013781 0.0350919 0.091552 0.0449058 0.0343729 0.0184305 0 0.00357926 0.00358086 0.00360425 0.00377831 0.0330179 0.0129006 0.0116702 0.0212914 0.00873971 0.0217667 0.00987779 0.0106573 0.0117389 0.00895948 0.0135799 0.00936809 0.0123683 0.0121893 0.00963162 0.00951015 0.00890563 0.00988851 0.00842188 0.0105137 0.00829179 0.0105169 0.00897413 0.00920167 0.00828466 0.00842223 0.00918686 0.00939412 0.00960896 0.00967281 0.011608 0.00830697 0.00901477 0.00855995 0.00854488 0.00879693 0.00943495 0.0100601 
0.00892875 0.0117253 0.00972591 0.0187309 0.0100349 0.0114335 0.0129739 0.010672 0.0102799 0.0113536 0.0154601 0.0340696 0.019421 0.0179705 0.00957847 0.0127451 0.0153289 0.0310172 0.0197061 0.0130618 0.0234818 0.0315797 0.138204 0.119092 0.0258943 0.00357926 0 0.00356681 0.00354277 0.00354649 0.0363019 0.0295874 0.0121789 0.00899551 0.0577281 0.0090593 0.0131449 0.0115083 0.00969054 0.0335117 0.0111926 0.0368338 0.0141186 0.0131094 0.0106812 0.0120935 0.023142 0.0109729 0.0200159 0.00887976 0.0185582 0.00870944 0.00939329 0.00849373 0.00993326 0.0112152 0.0127278 0.0209688 0.0198545 0.0167746 0.0102364 0.00827576 0.00905787 0.0100932 0.00975814 0.00889422 0.00822252 0.00841104 
0.00860658 0.0092392 0.0180708 0.0108658 0.0101824 0.00994815 0.0106227 0.0106345 0.00890391 0.00896108 0.01256 0.0262668 0.0689773 0.0147583 0.00916396 0.00949991 0.0213678 0.0453997 0.0416385 0.0131676 0.00960674 0.0245171 0.147252 0.126181 0.0798493 0.00358086 0.00356681 0 0.003538 0.00353102 0.15593 0.0224449 0.0105435 0.0120014 0.00991188 0.0286759 0.00898621 0.00926137 0.0222624 0.0154545 0.0601762 0.0286305 0.0316976 0.0107419 0.0100614 0.0188648 0.0262648 0.0340441 0.0121366 0.0276494 0.00972264 0.0113928 0.00857287 0.00860982 0.00981699 0.0182435 0.0238832 0.0319413 0.0529067 0.0227703 0.0102747 0.00808061 0.00921377 0.0104926 0.0101148 0.00899053 0.00815297 0.00817913 
0.0086971 0.0113183 0.0109136 0.0165314 0.0100103 0.010609 0.0140834 0.0124938 0.0101032 0.0103236 0.0129929 0.0204947 0.016108 0.0228082 0.00934991 0.0108366 0.0123486 0.0196089 0.0519503 0.0181528 0.0135602 0.0119019 0.0199513 0.203771 0.10933 0.00360425 0.00354277 0.003538 0 0.0035519 0.0110169 0.187497 0.0171327 0.00940583 0.016827 0.0125141 0.0123216 0.0113454 0.0110272 0.0167716 0.0131697 0.0219828 0.0266221 0.0157842 0.0118306 0.0151721 0.0164053 0.0126007 0.013586 0.010035 0.0105576 0.0092159 0.00907972 0.00882903 0.00989332 0.0115511 0.0119995 0.0156182 0.0156673 0.0249107 0.0130681 0.0083767 0.00942547 0.00984483 0.0108255 0.00891502 0.00859242 0.00817939 
0.0097681 0.013985 0.00898483 0.00904733 0.00999491 0.0132248 0.00955496 0.0101356 0.0116428 0.0124184 0.0178971 0.0103447 0.00994017 0.00967606 0.00980875 0.0134861 0.00968666 0.0101425 0.0116948 0.0159988 0.0227219 0.0102856 0.0118584 0.0122304 0.150526 0.00377831 0.00354649 0.00353102 0.0035519 0 0.0198652 0.00906098 0.155521 0.0141156 0.0103439 0.0134559 0.0128637 0.0172124 0.00999062 0.0102531 0.010532 0.0100524 0.0105607 0.0120918 0.0185622 0.00938266 0.00923435 0.00989562 0.00953726 0.00931651 0.00880755 0.00859225 0.00876295 0.00992866 0.00856184 0.00895422 0.00945485 0.00943382 0.0095847 0.0101606 0.0119524 0.00990205 0.00975829 0.00867043 0.00851595 0.00861409 0.0093045 0.00871469 
0.00966103 0.00910497 0.00842264 0.0087224 0.00977148 0.00871632 0.00847747 0.00971865 0.00940594 0.00906039 0.00974104 0.00878074 0.00880586 0.00894086 0.00942659 0.00921817 0.00862035 0.00923869 0.00897882 0.0114672 0.0139474 0.00896307 0.0131425 0.0108072 0.0144242 0.0330179 0.0363019 0.15593 0.0110169 0.0198652 0 0.00409425 0.0038622 0.00634459 0.0366807 0.0340853 0.0443309 0.00989923 0.00799447 0.00977437 0.00911401 0.0108971 0.0124126 0.126405 0.0117756 0.00971243 0.0113453 0.00944295 0.0102593 0.00891512 0.00988644 0.00957812 0.0137158 0.0114422 0.00970692 0.0102765 0.0101622 0.0117348 0.0117446 0.0110397 0.0156593 0.0087898 0.0095235 0.00895978 0.0091315 0.00964788 0.00940636 0.0101661 
0.0087301 0.00835978 0.00884074 0.00845426 0.00861217 0.00827355 0.00919683 0.00841251 0.00834679 0.00831356 0.00860137 0.00913396 0.00870041 0.00916365 0.00842586 0.00823769 0.0092688 0.00855924 0.0119452 0.00866792 0.00922386 0.0104777 0.0089793 0.0208038 0.0100589 0.0129006 0.0295874 0.0224449 0.187497 0.00906098 0.00409425 0 0.00360175 0.0233465 0.0234133 0.033866 0.00598887 0.00695882 0.030209 0.00752648 0.00859116 0.0107388 0.133416 0.00962949 0.0100611 0.0162149 0.0089219 0.0104029 0.00853244 0.0101307 0.00864982 0.0146838 0.00870119 0.00954819 0.0104254 0.00900391 0.0101075 0.010061 0.0109494 0.0201197 0.0105799 0.00851426 0.00947792 0.00954751 0.00971293 0.00827145 0.0087903 0.0087586 
0.00938298 0.0110566 0.00830009 0.00841612 0.00866976 0.0101394 0.00836446 0.00885365 0.00957753 0.00989496 0.0111007 0.00882625 0.0085846 0.00852891 0.00857506 0.0111728 0.00835977 0.00894434 0.00866484 0.0100567 0.0286127 0.008792 0.0104203 0.00929731 0.0148556 0.0116702 0.0121789 0.0105435 0.0171327 0.155521 0.0038622 0.00360175 0 0.0369053 0.0252112 0.00404481 0.00804272 0.0145001 0.00745254 0.00846886 0.0084925 0.0405319 0.0105664 0.0126171 0.0160906 0.00881233 0.0101257 0.0086045 0.0107274 0.00838593 0.0118378 0.00837454 0.0115037 0.0111941 0.00902321 0.00917752 0.0089272 0.00998688 0.00970496 0.0102572 0.0160698 0.0115547 0.011618 0.00918052 0.0090526 0.00942772 0.00916209 0.0101605 
0.0105605 0.00861309 0.00863251 0.00838206 0.0106407 0.00855235 0.0082941 0.00960776 0.00970341 0.00949543 0.00891458 0.00831192 0.00847262 0.00899933 0.00946562 0.00868373 0.00850768 0.00837409 0.00870364 0.010243 0.00858857 0.00980564 0.00872008 0.0119416 0.0117595 0.0212914 0.00899551 0.0120014 0.00940583 0.0141156 0.00634459 0.0233465 0.0369053 0 0.00386895 0.0040558 0.00420825 0.00461295 0.00810235 0.00567022 0.935939 0.00798297 0.00755838 0.0114337 0.00975286 0.00889861 0.00856393 0.0105908 0.00836417 0.012716 0.00830303 0.018912 0.0114765 0.0122662 0.00890714 0.00927189 0.0101371 0.00965995 0.0103769 0.0102175 0.0163547 0.00899368 0.00974315 0.00870102 0.00891093 0.00917873 0.0110941 0.0121609 
0.00886808 0.00983009 0.00839588 0.0103518 0.0087902 0.00920007 0.00888129 0.00887948 0.00868414 0.00888648 0.00914528 0.0100235 0.00981942 0.00930058 0.00866047 0.00973118 0.0087104 0.0107214 0.00948082 0.00952434 0.0174733 0.00834964 0.0330579 0.0129213 0.0114834 0.00873971 0.0577281 0.00991188 0.016827 0.0103439 0.0366807 0.0234133 0.0252112 0.00386895 0 0.00360368 0.00405658 0.00716762 0.00550785 0.974785 0.00620379 0.00818919 0.00679342 0.00799083 0.00944627 0.00996216 0.0163142 0.00845064 0.018288 0.00814332 0.0321423 0.00863718 0.0186184 0.00905348 0.0118238 0.0126813 0.0102829 0.0175223 0.0164357 0.0163297 0.0111345 0.0107409 0.00989153 0.0118583 0.0101215 0.00906345 0.00844352 0.009343 
0.00885762 0.00871384 0.0100397 0.00840608 0.00862652 0.00872851 0.00904306 0.00841522 0.00846262 0.00838378 0.00944726 0.00976096 0.0098002 0.00919698 0.00814488 0.00838039 0.0103636 0.00920072 0.0123382 0.00880865 0.00859867 0.0217607 0.00943622 0.0222076 0.0100892 0.0217667 0.0090593 0.0286759 0.0125141 0.0134559 0.0340853 0.033866 0.00404481 0.0040558 0.00360368 0 0.00355817 0.00514681 0.994297 0.00441863 0.00605507 0.00481273 0.00849257 0.00644772 0.00864132 0.015671 0.00862163 0.0148294 0.00823349 0.0268084 0.00836316 0.0352404 0.00836522 0.0127507 0.00978016 0.0101936 0.0124471 0.0109189 0.0158519 0.0220531 0.0120837 0.00848146 0.0103117 0.0125223 0.012134 0.00865839 0.00927258 0.0085319 
0.00927611 0.0115912 0.0082663 0.0085244 0.0088756 0.00967549 0.00834791 0.00907532 0.00980591 0.00982325 0.0116268 0.0087986 0.00879403 0.00840955 0.00897302 0.0114245 0.00865517 0.00908768 0.00878543 0.0116964 0.0306717 0.00839614 0.00995383 0.00927164 0.0158595 0.00987779 0.0131449 0.00898621 0.0123216 0.0128637 0.0443309 0.00598887 0.00804272 0.00420825 0.00405658 0.00355817 0 0.995795 0.00419277 0.00421805 0.00383205 0.00481505 0.00468243 0.00699823 0.0141459 0.00822023 0.0103902 0.00834904 0.0142292 0.0081551 0.0133738 0.00886033 0.014876 0.0111507 0.00929523 0.00967184 0.00928589 0.0102045 0.00960385 0.0119009 0.0199479 0.0137711 0.0166722 0.00965879 0.00964196 0.0104999 0.00923354 0.0100233 
0.0105461 0.00963396 0.00836749 0.00869886 0.0106737 0.00893676 0.00836516 0.0102557 0.0100981 0.00978557 0.00960921 0.00855826 0.00845172 0.00936488 0.0113963 0.00909408 0.0082171 0.00857038 0.00881577 0.0137512 0.0113391 0.00835429 0.0100318 0.00970271 0.0179456 0.0106573 0.0115083 0.00926137 0.0113454 0.0172124 0.00989923 0.00695882 0.0145001 0.00461295 0.00716762 0.00514681 0.995795 0 0.00363075 0.00358327 0.00359731 0.00382094 0.0039603 0.00550542 0.00963595 0.00782404 0.00846847 0.00841754 0.0101121 0.016993 0.199645 0.0103014 0.0227821 0.010511 0.00911097 0.0103455 0.00931914 0.0105896 0.0103241 0.0110356 0.0224519 0.0107646 0.0109168 0.0090676 0.0101439 0.0110909 0.011771 0.0126367 
0.00897613 0.00824453 0.00936041 0.00877984 0.00925818 0.00825287 0.0087599 0.00896723 0.00843752 0.00833512 0.0086568 0.00908826 0.00937038 0.00962471 0.0089018 0.00819425 0.00949569 0.00946344 0.0123216 0.0091412 0.00839435 0.011712 0.00999344 0.0184998 0.0106593 0.0117389 0.00969054 0.0222624 0.0110272 0.00999062 0.00799447 0.030209 0.00745254 0.00810235 0.00550785 0.994297 0.00419277 0.00363075 0 0.0035549 0.00355611 0.00358349 0.00387832 0.003708 0.00861461 0.0115305 0.00784991 0.0123099 0.0104227 0.430395 0.00979817 0.0307237 0.00924939 0.00996983 0.00919876 0.00978992 0.0133821 0.011275 0.0154652 0.0166311 0.0111994 0.00840696 0.00971966 0.012239 0.0122731 0.00886793 0.0093473 0.00928411 
0.00827948 0.00912676 0.00870154 0.00990814 0.00864356 0.0089173 0.00894047 0.00921979 0.00832362 0.00842292 0.00941197 0.0118347 0.0152211 0.0103509 0.00862009 0.00936704 0.00938173 0.0221803 0.0132841 0.0100751 0.0133892 0.00917152 0.0550765 0.0136487 0.0130875 0.00895948 0.0335117 0.0154545 0.0167716 0.0102531 0.00977437 0.00752648 0.00846886 0.00567022 0.974785 0.00441863 0.00421805 0.00358327 0.0035549 0 0.00356047 0.00350618 0.00359365 0.00358261 0.00804633 0.00737401 0.0163097 0.0103476 0.543298 0.00872622 0.0276905 0.00847147 0.00993451 0.00836076 0.0102292 0.0132582 0.0137139 0.0251933 0.026107 0.0191827 0.0118038 0.00960281 0.0104678 0.0179926 0.0145001 0.012675 0.00867063 0.00845387 
0.00869276 0.00866844 0.00979285 0.00915203 0.00935593 0.00869092 0.00883038 0.00932475 0.0083979 0.00843246 0.00992336 0.0120187 0.0160906 0.010831 0.00854835 0.00851765 0.0124591 0.0166878 0.0174378 0.0109001 0.00887047 0.019976 0.0161289 0.0361652 0.0132645 0.0135799 0.0111926 0.0601762 0.0131697 0.010532 0.00911401 0.00859116 0.0084925 0.935939 0.00620379 0.00605507 0.00383205 0.00359731 0.00355611 0.00356047 0 0.00353377 0.00358456 0.00355961 0.00684229 0.0136743 0.00879087 0.771773 0.00960564 0.0275689 0.00809275 0.0125855 0.00840789 0.00972529 0.00978105 0.0116932 0.0245706 0.0221375 0.0378915 0.0235183 0.0136554 0.00882332 0.0127869 0.0204778 0.0198493 0.0136893 0.00907719 0.00858125 
0.00816043 0.00869372 0.00887173 0.0102394 0.00867251 0.00885537 0.00902235 0.00950492 0.00832085 0.00843412 0.00989098 0.0142023 0.0199373 0.011088 0.00849436 0.00903053 0.0102953 0.0256048 0.0161684 0.0111111 0.0130372 0.00946233 0.0625008 0.0202869 0.015363 0.00936809 0.0368338 0.0286305 0.0219828 0.0100524 0.0108971 0.0107388 0.0405319 0.00798297 0.00818919 0.00481273 0.00481505 0.00382094 0.00358349 0.00350618 0.00353377 0 0.00356327 0.00355961 0.0112012 0.0076893 0.826721 0.00971593 0.0225994 0.00781248 0.016537 0.00825183 0.00923694 0.00878165 0.0102218 0.0189427 0.0178548 0.0326207 0.0461191 0.0315172 0.0145615 0.00967119 0.0126317 0.028371 0.0241932 0.0146313 0.00913759 0.00837318 
0.00834234 0.00874079 0.00977298 0.00917841 0.0087136 0.0086159 0.00945424 0.00931196 0.00843209 0.00852251 0.00978499 0.0121221 0.0120022 0.0110908 0.00853524 0.00872349 0.0101672 0.013053 0.0204016 0.0112481 0.00889532 0.0143496 0.0130665 0.047004 0.0176269 0.0123683 0.0141186 0.0316976 0.0266221 0.0105607 0.0124126 0.133416 0.0105664 0.00755838 0.00679342 0.00849257 0.00468243 0.0039603 0.00387832 0.00359365 0.00358456 0.00356327 0 0.0035819 0.00956969 0.818187 0.0101585 0.0223856 0.00771178 0.0129131 0.00775522 0.0146232 0.0090432 0.0090976 0.0141308 0.0116081 0.0167502 0.0159684 0.0284333 0.0807838 0.0291327 0.00924068 0.0124793 0.023393 0.0405386 0.01183 0.0103757 0.0084923 
0.0091927 0.0103119 0.00832262 0.00879195 0.00940364 0.00969049 0.00854206 0.00974841 0.00969536 0.0100544 0.0126737 0.00947974 0.00965309 0.00920384 0.0092882 0.0107663 0.00877974 0.00963754 0.0104378 0.0157387 0.0276349 0.00894402 0.0106984 0.0115546 0.0375879 0.0121893 0.0131094 0.0107419 0.0157842 0.0120918 0.126405 0.00962949 0.0126171 0.0114337 0.00799083 0.00644772 0.00699823 0.00550542 0.003708 0.00358261 0.00355961 0.00355961 0.0035819 0 0.783081 0.00780882 0.0138713 0.007143 0.00934686 0.00709233 0.00821661 0.00748472 0.0106072 0.0127934 0.00918814 0.0109509 0.0105738 0.0122823 0.0122343 0.0280517 0.0749353 0.0146937 0.0232887 0.011857 0.0149826 0.0173797 0.0120484 0.0107022 
0.00923011 0.00858014 0.0083027 0.00852146 0.00996475 0.0086792 0.00836533 0.00988785 0.00907652 0.00872404 0.00919156 0.00886082 0.00914945 0.00918744 0.00997992 0.00880944 0.00849186 0.00897249 0.00902706 0.0131051 0.00922706 0.00868021 0.00972446 0.00982749 0.0159855 0.00963162 0.0106812 0.0100614 0.0118306 0.0185622 0.0117756 0.0100611 0.0160906 0.00975286 0.00944627 0.00864132 0.0141459 0.00963595 0.00861461 0.00804633 0.00684229 0.0112012 0.00956969 0.783081 0 0.0037464 0.00358899 0.00357503 0.0035406 0.00365309 0.00369435 0.00402433 0.00770226 0.00576736 0.00627977 0.0064572 0.00730091 0.00850454 0.00893664 0.0158693 0.146858 0.0278517 0.0135689 0.0108739 0.0117751 0.0153851 0.01368 0.0123469 
0.00838518 0.00828124 0.00877278 0.00873864 0.00876346 0.00834251 0.00867512 0.00866058 0.00819082 0.00816686 0.00852664 0.010169 0.00994019 0.00937451 0.00840631 0.00820756 0.00965987 0.00980342 0.0111253 0.00920996 0.00863274 0.0104031 0.0121689 0.0179364 0.0101181 0.00951015 0.0120935 0.0188648 0.0151721 0.00938266 0.00971243 0.0162149 0.00881233 0.00889861 0.00996216 0.015671 0.00822023 0.00782404 0.0115305 0.00737401 0.0136743 0.0076893 0.818187 0.00780882 0.0037464 0 0.00356879 0.00352629 0.00353401 0.0035923 0.0036643 0.0039137 0.00391043 0.00539232 0.00731196 0.00682812 0.00787939 0.00897731 0.0115287 0.0567814 0.49027 0.00911285 0.0125241 0.0250701 0.0178936 0.0102983 0.00986264 0.00860842 
0.00813088 0.0084154 0.00871378 0.00956948 0.00859875 0.00858458 0.00874566 0.0091182 0.00819741 0.00817427 0.00881824 0.0103955 0.0158504 0.00975876 0.00856126 0.00866279 0.00911294 0.0172401 0.0137736 0.0098984 0.00990637 0.00935845 0.0382693 0.0173942 0.0125281 0.00890563 0.023142 0.0262648 0.0164053 0.00923435 0.0113453 0.0089219 0.0101257 0.00856393 0.0163142 0.00862163 0.0103902 0.00846847 0.00784991 0.0163097 0.00879087 0.826721 0.0101585 0.0138713 0.00358899 0.00356879 0 0.00355138 0.00353445 0.0035634 0.00365887 0.00359479 0.0036267 0.0052336 0.00701142 0.00895637 0.00973575 0.0141515 0.0385991 0.852348 0.0335569 0.00950929 0.0126487 0.033913 0.0242242 0.0143196 0.0091184 0.00844651 
0.0082183 0.00834184 0.00885428 0.00879895 0.00854176 0.00841662 0.00860998 0.00858014 0.00819897 0.00819155 0.00855957 0.0101641 0.0115768 0.0100425 0.00831647 0.0083101 0.0104648 0.0115411 0.0121316 0.00949761 0.00872286 0.0140777 0.0124221 0.0196886 0.0103698 0.00988851 0.0109729 0.0340441 0.0126007 0.00989562 0.00944295 0.0104029 0.0086045 0.0105908 0.00845064 0.0148294 0.00834904 0.00841754 0.0123099 0.0103476 0.771773 0.00971593 0.0223856 0.007143 0.00357503 0.00352629 0.00355138 0 0.0035198 0.00357433 0.00357097 0.00354752 0.00357319 0.00493454 0.00658166 0.00621659 0.0101158 0.0324715 0.932421 0.0229291 0.0107004 0.00921779 0.0145781 0.0201957 0.0188171 0.0130705 0.00961419 0.00858591 
0.00812539 0.00835129 0.00833255 0.00894122 0.0082744 0.00839408 0.00836217 0.00865042 0.00824634 0.00819089 0.00895646 0.00962798 0.0116863 0.0088998 0.00831758 0.0088759 0.00852883 0.0122689 0.0103473 0.00929514 0.0121299 0.00847067 0.0250061 0.011464 0.0118914 0.00842188 0.0200159 0.0121366 0.013586 0.00953726 0.0102593 0.00853244 0.0107274 0.00836417 0.018288 0.00823349 0.0142292 0.0101121 0.0104227 0.543298 0.00960564 0.0225994 0.00771178 0.00934686 0.0035406 0.00353401 0.00353445 0.0035198 0 0.00353189 0.00355462 0.00354785 0.00370302 0.00406273 0.00516238 0.00729834 0.0329797 0.931908 0.0225135 0.010146 0.00850187 0.0106663 0.0113298 0.017808 0.0129041 0.0124233 0.00886458 0.00861179 
0.00817457 0.00827881 0.00871342 0.00836394 0.00828721 0.00832531 0.00836687 0.00829518 0.00815459 0.00812798 0.00853159 0.00908544 0.00950529 0.00872509 0.00807351 0.0082513 0.00871927 0.00977716 0.0103297 0.00865813 0.00838053 0.0118241 0.0105403 0.0129275 0.00891895 0.0105137 0.00887976 0.0276494 0.010035 0.00931651 0.00891512 0.0101307 0.00838593 0.012716 0.00814332 0.0268084 0.0081551 0.016993 0.430395 0.00872622 0.0275689 0.00781248 0.0129131 0.00709233 0.00365309 0.0035923 0.0035634 0.00357433 0.00353189 0 0.00351036 0.00357796 0.00353097 0.00381628 0.00566372 0.0173053 0.959605 0.0106946 0.00839452 0.00825635 0.00949702 0.00911966 0.0108749 0.0134493 0.0130353 0.0103607 0.00917374 0.00850409 
0.00813229 0.00835273 0.00827354 0.00878425 0.00819457 0.00827864 0.00830798 0.00842482 0.00817311 0.00815336 0.00840402 0.00886768 0.00981824 0.00856455 0.00824524 0.008408 0.00846437 0.00974149 0.00924171 0.00868754 0.0129629 0.00841278 0.0183706 0.00933507 0.00962151 0.00829179 0.0185582 0.00972264 0.0105576 0.00880755 0.00988644 0.00864982 0.0118378 0.00830303 0.0321423 0.00836316 0.0133738 0.199645 0.00979817 0.0276905 0.00809275 0.016537 0.00775522 0.00821661 0.00369435 0.0036643 0.00365887 0.00357097 0.00355462 0.00351036 0 0.00353652 0.00353744 0.00407692 0.0161157 0.966274 0.0167827 0.00755421 0.00731247 0.00836371 0.00694345 0.0102554 0.0105031 0.015521 0.0126134 0.0101975 0.00887149 0.00853418 
0.00833281 0.00846519 0.00852966 0.00825473 0.00813092 0.00828976 0.0084092 0.00814808 0.00815 0.00813253 0.00848173 0.00869213 0.00863874 0.00836138 0.00802434 0.00813189 0.00841955 0.00859412 0.00877736 0.00832254 0.0082791 0.0107081 0.00847497 0.0100802 0.0086972 0.0105169 0.00870944 0.0113928 0.0092159 0.00859225 0.00957812 0.0146838 0.00837454 0.018912 0.00863718 0.0352404 0.00886033 0.0103014 0.0307237 0.00847147 0.0125855 0.00825183 0.0146232 0.00748472 0.00402433 0.0039137 0.00359479 0.00354752 0.00354785 0.00357796 0.00353652 0 0.00354356 0.00941636 0.985715 0.00435313 0.0047005 0.00490369 0.00774547 0.00738838 0.00694528 0.00887215 0.0107562 0.0120287 0.0129119 0.00925695 0.00930243 0.00882443 
0.00878855 0.00937057 0.00807545 0.00806784 0.00831894 0.00853026 0.00809852 0.00827366 0.00865709 0.00879902 0.00901439 0.00830826 0.00816021 0.00811296 0.00814325 0.00875987 0.00808499 0.00825913 0.00819891 0.00844031 0.014791 0.00819446 0.00874529 0.00847351 0.00977668 0.00897413 0.00939329 0.00857287 0.00907972 0.00876295 0.0137158 0.00870119 0.0115037 0.0114765 0.0186184 0.00836522 0.014876 0.0227821 0.00924939 0.00993451 0.00840789 0.00923694 0.0090432 0.0106072 0.00770226 0.00391043 0.0036267 0.00357319 0.00370302 0.00353097 0.00353744 0.00354356 0 0.984417 0.00631974 0.00382887 0.00371839 0.00469032 0.00479873 0.00741674 0.00824657 0.0125416 0.0156761 0.0102878 0.00950996 0.0119852 0.0102764 0.0105059 
0.00923965 0.00831353 0.0081637 0.00815204 0.00882287 0.0082754 0.00805427 0.00896218 0.00874687 0.00847949 0.00845272 0.00824561 0.00828451 0.008465 0.00852309 0.00818074 0.00808462 0.00820074 0.00835401 0.00910245 0.00822057 0.00844735 0.00831777 0.00895889 0.0102739 0.00920167 0.00849373 0.00860982 0.00882903 0.00992866 0.0114422 0.00954819 0.0111941 0.0122662 0.00905348 0.0127507 0.0111507 0.010511 0.00996983 0.00836076 0.00972529 0.00878165 0.0090976 0.0127934 0.00576736 0.00539232 0.0052336 0.00493454 0.00406273 0.00381628 0.00407692 0.00941636 0.984417 0 0.00362347 0.00356421 0.00355991 0.00366201 0.00377049 0.00409727 0.00672739 0.0123451 0.0153041 0.00983896 0.0106021 0.0110121 0.0124172 0.0120027 
