1LAFE
ALPQTVRIGTDTTYAPFSSKDAKGEFIGFDIDLGNEMCKRMQVKCTWVASDFDALIPSLKAKKIDAIISSLSITDKRQQEIAFSDKLYAADSRLIAAKGSPIQPTLESLKGKHVGVLQGSTQEAYANDNWRTKGVDVVAYANQDLIYSDLTAGRLDAALQDEVAASEGFLKQPAGKEYAFAGPSVKDKKYFGDGTGVGLRKDDTELKAAFDKALTELRQDGTYDKMAKKYFDFNVYGD
CCCCEEEEEECCCECCCEEECCCCCEECHHHHHHHHHHHHHCCEEEEEECCHHHHHHHHHCCCCCEECCCCECCHHHHHHCEECCCCECCCEEEEEECCCCCCCCHHHHCCCEEEEECCCHHHHHHHHHCHHHCCEEEEECCHHHHHHHHHCCCCCEEEEEHHHHHHHCCCCHHHHHEEECCCCECCHHHHCCCECCEECCCCHHHHHHHHHHHHHHHHCCHHHHHHCCCCCCCCCCC
0 0 0 0 0 0 0 0 0 0 0 0 0 0 0 0 0 0 0 0 0 0 0 0 0 0 0 0 0 0 0 0 0 0 0 0 0 0 0 0 0 0 0 0 0 0 0 0 0 0 0 0 0 0 0 0 0 0 0 0 0 0 0 0 0 0 0 0 0 0 0 0 0 0 0 0 0 0 0 0 0 0 0 0 0 0 0 0 0 0 0 0 0 0 0 0 0 0 0 0 0 0 0 0 0 0 0 0 0 0 0 0 0 0 0 0 0 0 0 0 0 0 0 0 0 0 0 0 0 0 0 0 0 0 0 0 0 0 0 0 0 0 0 0 0 0 0 0 0 0 0 0 0 0 0 0 0 0 0 0 0 0 0 0 0 0 0 0 0 0 0 0 0 0 0 0 0 0 0 0 0 0 0 0 0 0 0 0 0 0 0 0 0 0 0 0 0 0 0 0 0 0 0 0 0 0 0 0 0 0 0 0 0 0 0 0 0 0 0 0 0 0 0 0 0 0 0 0 0 0 0 0 0 0 0 0 0 0 
0 0 0 0 0 0 0 0 0 0 0 0 0 0 0 0 0 0 0 0 0 0 0 0 0 0 0 0 0 0 0 0 0 0 0 0 0 0 0 0 0 0 0 0 0 0 0 0 0 0 0 0 0 0 0 0 0 0 0 0 0 0 0 0 0 0 0 0 0 0 0 0 0 0 0 0 0 0 0 0 0 0 0 0 0 0 0 0 0 0 0 0 0 0 0 0 0 0 0 0 0 0 0 0 0 0 0 0 0 0 0 0 0 0 0 0 0 0 0 0 0 0 0 0 0 0 0 0 0 0 0 0 0 0 0 0 0 0 0 0 0 0 0 0 0 0 0 0 0 0 0 0 0 0 0 0 0 0 0 0 0 0 0 0 0 0 0 0 0 0 0 0 0 0 0 0 0 0 0 0 0 0 0 0 0 0 0 0 0 0 0 0 0 0 0 0 0 0 0 0 0 0 0 0 0 0 0 0 0 0 0 0 0 0 0 0 0 0 0 0 0 0 0 0 0 0 0 0 0 0 0 0 0 0 0 0 0 0 
0 0.00397 0.0039971 0.00357898 0.00375502 0.00483515 0.00700984 0.0247239 0.007303 0.0387192 0.00983105 0.0290987 0.146199 0.00854249 0.0235427 0.00872356 0.0125816 0.0158224 0.0123015 0.012701 0.015592 0.0103942 0.010627 0.0108882 0.00925094 0.00889391 0.00857127 0.00937125 0.00923324 0.01091 0.0113636 0.00821719 0.00879419 0.00863228 0.00907238 0.0108898 0.00806584 0.00841862 0.00850783 0.00885334 0.00837273 0.00844922 0.00818097 0.00813322 0.00823557 0.00811866 0.00806352 0.00857736 0.0089665 0.00863567 0.00834194 0.00839457 
0.00397 0 0.00354283 0.00360844 0.00367589 0.00368402 0.00576456 0.0059639 0.0554791 0.0077464 0.02524 0.00969201 0.00859592 0.288828 0.00835415 0.0534702 0.00996856 0.00968199 0.0192171 0.011676 0.00944675 0.00854316 0.0101435 0.00954762 0.0116547 0.00966896 0.0139573 0.0104262 0.012509 0.00942853 0.00811483 0.0118762 0.0087149 0.00945302 0.00875623 0.00801824 0.0120039 0.00841647 0.00839186 0.00950408 0.0107841 0.00844928 0.0089895 0.00832703 0.00807456 0.0104104 0.00814644 0.00827194 0.00963106 0.00817431 0.00815966 0.0083079 
0.0039971 0.00354283 0 0.00492782 0.00356658 0.0035763 0.0041688 0.0132617 0.00678455 0.018827 0.00809727 0.00971316 0.0301987 0.00853446 0.353433 0.00905783 0.0147065 0.00912733 0.0105742 0.0101459 0.0104635 0.00969986 0.00854523 0.00835101 0.00865289 0.0152104 0.0179261 0.0339331 0.00955258 0.00857079 0.0101817 0.00848046 0.0180335 0.00943474 0.00821073 0.0107608 0.0083582 0.00993371 0.009046 0.00812523 0.00858298 0.0107725 0.00906417 0.00860734 0.00808049 0.00803705 0.00832738 0.00806485 0.00797801 0.00803875 0.00837869 0.00809138 
0.00357898 0.00360844 0.00492782 0 0.00354269 0.00355194 0.00464789 0.00643361 0.0091283 0.0097661 0.0118372 0.00871045 0.008974 0.0619274 0.00902479 0.139252 0.00976355 0.00956515 0.013508 0.0103377 0.00898813 0.00867823 0.00927608 0.00856831 0.0101383 0.0102038 0.0400102 0.0184773 0.0108611 0.00874499 0.00821179 0.0103038 0.0115773 0.0104405 0.00853408 0.00819176 0.0101173 0.00884027 0.0085443 0.00839859 0.00876892 0.00869091 0.0100783 0.00875211 0.00815498 0.0083581 0.00821488 0.00821394 0.00808 0.00803723 0.00831984 0.00813746 
0.00375502 0.00367589 0.00356658 0.00354269 0 0.00356137 0.00499931 0.0124434 0.0191508 0.00899425 0.00957546 0.0157408 0.0156496 0.010326 0.0155541 0.0108081 0.080332 0.0105533 0.014625 0.0187847 0.0107768 0.0107329 0.0100777 0.00912522 0.00887528 0.0154342 0.0138613 0.014909 0.0108104 0.00869918 0.00831523 0.00890539 0.0107492 0.0111315 0.00846907 0.00870326 0.00893701 0.00863018 0.00845241 0.00822028 0.00845734 0.00934558 0.00888338 0.0085041 0.00811934 0.00808 0.00828681 0.00801324 0.00800239 0.00806708 0.00818144 0.0081108 
0.00483515 0.00368402 0.0035763 0.00355194 0.00356137 0 0.0142699 0.0201114 0.00930411 0.0124059 0.0140685 0.0162805 0.0154365 0.01204 0.00922606 0.0105002 0.0102976 0.0599019 0.0164817 0.0209759 0.0162094 0.0126364 0.0133475 0.0118185 0.0128719 0.00917353 0.0102045 0.00974296 0.00961522 0.00986687 0.00911632 0.00842988 0.00871705 0.00920066 0.00909146 0.00913845 0.00831358 0.00819624 0.00815435 0.00894382 0.00876011 0.00859473 0.00844768 0.00817451 0.00822627 0.00832836 0.00809242 0.00812149 0.00874347 0.00901383 0.00847524 0.00822779 
0.00700984 0.00576456 0.0041688 0.00464789 0.00499931 0.0142699 0 0.0594524 0.00554817 0.00530923 0.0154853 0.0199903 0.0140357 0.0156146 0.00886666 0.00983082 0.00952792 0.011779 0.0217416 0.0177527 0.0359814 0.0127627 0.0141946 0.0359339 0.0128875 0.00947944 0.00859984 0.00860159 0.00882979 0.0101802 0.00944208 0.00858536 0.00820053 0.00827705 0.00950134 0.00918986 0.0083605 0.00803272 0.00805445 0.0095099 0.00913001 0.00815457 0.00810993 0.00805201 0.00838059 0.00915777 0.00802936 0.00829044 0.0111593 0.0102834 0.0085726 0.00860796 
0.0247239 0.0059639 0.0132617 0.00643361 0.0124434 0.0201114 0.0594524 0 0.00364991 0.00387237 0.00602029 0.0328172 0.0797102 0.00851884 0.0160554 0.00890605 0.0103976 0.0166012 0.0120765 0.0168851 0.0138125 0.00955878 0.0118333 0.0102249 0.00897082 0.00952575 0.00944617 0.00985772 0.00987199 0.012387 0.00925616 0.00836323 0.00879797 0.00880672 0.0100026 0.00931853 0.00808686 0.00826466 0.008304 0.00866682 0.0083981 0.00843668 0.00825635 0.00823206 0.00863886 0.0080526 0.00803947 0.00847319 0.00825113 0.00829349 0.00814153 0.00826097 
0.007303 0.0554791 0.00678455 0.0091283 0.0191508 0.00930411 0.00554817 0.00364991 0 0.00358896 0.0157518 0.782968 0.00843662 0.0316059 0.00834646 0.0125067 0.0136695 0.00894683 0.0159181 0.015425 0.00965125 0.0104996 0.0111667 0.0088902 0.00895375 0.00931467 0.00977561 0.00922071 0.0105057 0.00881565 0.00813697 0.00926576 0.00870129 0.0101047 0.0084491 0.00811069 0.00927158 0.00819607 0.00829607 0.00836789 0.00830648 0.00836807 0.00846933 0.00849125 0.00811673 0.00824289 0.00836552 0.00801259 0.00815157 0.00812033 0.0080435 0.00807263 
0.0387192 0.0077464 0.018827 0.0097661 0.00899425 0.0124059 0.00530923 0.00387237 0.00358896 0 0.960658 0.0054664 0.0241791 0.00867158 0.0100219 0.00888245 0.00914491 0.0135172 0.0124917 0.0112945 0.0149846 0.0125825 0.00881836 0.0109495 0.0112063 0.00931214 0.00887649 0.00892898 0.008391 0.00849821 0.00982976 0.0082217 0.00845034 0.00835893 0.00823841 0.00965557 0.00822271 0.00807737 0.00808248 0.00819147 0.00857171 0.00823267 0.00819837 0.00808086 0.00805492 0.00838279 0.00807113 0.00797558 0.00856 0.00881953 0.00833676 0.0080517 
0.00983105 0.02524 0.00809727 0.0118372 0.00957546 0.0140685 0.0154853 0.00602029 0.0157518 0.960658 0 0.00602362 0.0110906 0.0213032 0.00867415 0.0110211 0.0104644 0.0166195 0.0164555 0.0200709 0.0153766 0.00977014 0.0185665 0.012762 0.00952956 0.00865407 0.00873585 0.00868087 0.00957831 0.0113271 0.00850417 0.00863364 0.00831116 0.00873601 0.00952137 0.00821636 0.00947541 0.00818663 0.00826688 0.00935555 0.00880042 0.00813656 0.00820374 0.00818286 0.00836477 0.00934089 0.00801124 0.00821336 0.00962668 0.00841105 0.00805335 0.00853226 
0.0290987 0.00969201 0.00971316 0.00871045 0.0157408 0.0162805 0.0199903 0.0328172 0.782968 0.0054664 0.00602362 0 0.0242532 0.00853221 0.0102062 0.00874411 0.0149569 0.0197031 0.020823 0.0202199 0.0212328 0.0181564 0.0126137 0.0151978 0.0113974 0.0093026 0.00928019 0.009555 0.00934615 0.00893519 0.00946471 0.00859073 0.00856617 0.00900446 0.00856713 0.00933655 0.00825882 0.00812781 0.00822798 0.00823674 0.00874514 0.00820893 0.00816318 0.00835717 0.00828429 0.00854329 0.00813296 0.00801951 0.00844116 0.00859466 0.00853819 0.00819817 
0.146199 0.00859592 0.0301987 0.008974 0.0156496 0.0154365 0.0140357 0.0797102 0.00843662 0.0241791 0.0110906 0.0242532 0 0.00440735 0.00384071 0.00353283 0.00393456 0.00520212 0.0164782 0.018382 0.0294433 0.0144164 0.0118504 0.0140129 0.0102348 0.0112332 0.00991809 0.0128541 0.00977939 0.020762 0.016774 0.00845168 0.0109165 0.00899544 0.00940597 0.0162546 0.00813965 0.0093882 0.00947341 0.0089149 0.00868158 0.00877879 0.00831023 0.0084561 0.0087412 0.00809609 0.00845576 0.00920348 0.00891559 0.00936742 0.00897012 0.0086083 
0.00854249 0.288828 0.00853446 0.0619274 0.010326 0.01204 0.0156146 0.00851884 0.0316059 0.00867158 0.0213032 0.00853221 0.00440735 0 0.00354138 0.00371781 0.00418176 0.00358213 0.0192515 0.0144525 0.010231 0.00949318 0.0130605 0.0114784 0.0137016 0.0119491 0.019659 0.0106793 0.0342671 0.00945802 0.00833175 0.0187837 0.00938493 0.0113142 0.00940094 0.00808318 0.0192515 0.00848245 0.00850234 0.00962356 0.0113135 0.00877156 0.0100897 0.00886763 0.0084167 0.0107382 0.00823346 0.00815423 0.0091887 0.00800629 0.00810527 0.00828007 
0.0235427 0.00835415 0.353433 0.00902479 0.0155541 0.00922606 0.00886666 0.0160554 0.00834646 0.0100219 0.00867415 0.0102062 0.00384071 0.00354138 0 0.00352129 0.00355721 0.00358569 0.00994175 0.00981546 0.0107159 0.0125193 0.00866746 0.00881996 0.00894994 0.0141953 0.0145615 0.0380243 0.00921395 0.00876028 0.010918 0.00840872 0.0238459 0.00987623 0.00832387 0.0118984 0.008269 0.0113021 0.00887039 0.00814837 0.00847607 0.0103551 0.00918325 0.00862122 0.00816336 0.00807607 0.00834249 0.00806446 0.0079761 0.00807376 0.00820535 0.00804009 
0.00872356 0.0534702 0.00905783 0.139252 0.0108081 0.0105002 0.00983082 0.00890605 0.0125067 0.00888245 0.0110211 0.00874411 0.00353283 0.00371781 0.00352129 0 0.00358515 0.00357263 0.0156185 0.0116078 0.00889897 0.00894776 0.00952267 0.00887078 0.0102466 0.0112984 0.041087 0.0136921 0.0110884 0.00890273 0.00833273 0.0126972 0.0114898 0.00966541 0.00884804 0.00819106 0.0121865 0.00878184 0.00849084 0.00873373 0.00902441 0.00931255 0.0107328 0.00900248 0.00823343 0.00920084 0.00814153 0.00812562 0.00820784 0.00803915 0.00811573 0.00816601 
0.0125816 0.00996856 0.0147065 0.00976355 0.080332 0.0102976 0.00952792 0.0103976 0.0136695 0.00914491 0.0104644 0.0149569 0.00393456 0.00418176 0.00355721 0.00358515 0 0.00354343 0.014293 0.0242661 0.0123591 0.0104828 0.0100684 0.00919325 0.0092455 0.0166982 0.0119761 0.0116141 0.0112372 0.00864549 0.00930485 0.00929767 0.01048 0.0119424 0.00841221 0.00901064 0.00860292 0.00864215 0.00876877 0.00825365 0.00834009 0.00900022 0.00895447 0.00898479 0.00816757 0.00809526 0.00830404 0.00801629 0.00801603 0.00807816 0.00816637 0.00806787 
0.0158224 0.00968199 0.00912733 0.00956515 0.0105533 0.0599019 0.011779 0.0166012 0.00894683 0.0135172 0.0166195 0.0197031 0.00520212 0.00358213 0.00358569 0.00357263 0.00354343 0 0.0176642 0.0301483 0.0177496 0.0145744 0.0125462 0.0135122 0.0166299 0.0099477 0.00983417 0.00969088 0.00928265 0.010081 0.0107278 0.00863857 0.00932767 0.00920241 0.00922746 0.0106311 0.00876093 0.00837221 0.00822393 0.00847659 0.00944644 0.00843315 0.00846703 0.00832814 0.00829268 0.00891216 0.00809426 0.00803196 0.00890125 0.00899802 0.00859177 0.00814105 
0.0123015 0.0192171 0.0105742 0.013508 0.014625 0.0164817 0.0217416 0.0120765 0.0159181 0.0124917 0.0164555 0.020823 0.0164782 0.0192515 0.00994175 0.0156185 0.014293 0.0176642 0 0.00414862 0.0110952 0.0269921 0.0657233 0.0378951 0.0196451 0.0352759 0.0166642 0.0159052 0.0172909 0.0184607 0.0149319 0.0213476 0.0130057 0.0154848 0.0147129 0.01058 0.0117641 0.0091103 0.0100939 0.0128593 0.0142455 0.0136192 0.0102166 0.00986883 0.0105871 0.00956699 0.00846696 0.00939981 0.0120374 0.0092184 0.00911201 0.0100053 
0.012701 0.011676 0.0101459 0.0103377 0.0187847 0.0209759 0.0177527 0.0168851 0.015425 0.0112945 0.0200709 0.0202199 0.018382 0.0144525 0.00981546 0.0116078 0.0242661 0.0301483 0.00414862 0 0.0453777 0.0603629 0.0596715 0.0388296 0.0249327 0.0167105 0.0166936 0.0136485 0.0225943 0.0158895 0.0134647 0.0124372 0.0118493 0.0179753 0.0133707 0.0122166 0.0106417 0.00893443 0.0109783 0.0104082 0.0122433 0.0103793 0.0101266 0.010614 0.0100041 0.0102255 0.00867961 0.00864622 0.00972302 0.0100763 0.010615 0.00893634 
0.015592 0.00944675 0.0104635 0.00898813 0.0107768 0.0162094 0.0359814 0.0138125 0.00965125 0.0149846 0.0153766 0.0212328 0.0294433 0.010231 0.0107159 0.00889897 0.0123591 0.0177496 0.0110952 0.0453777 0 0.0381244 0.0335342 0.0784879 0.0153114 0.0138192 0.0111275 0.0125701 0.0125968 0.0211593 0.0201947 0.0099566 0.0101315 0.0116729 0.0155346 0.0186826 0.00904615 0.0088599 0.00969189 0.012437 0.0115877 0.00881911 0.00859896 0.00929874 0.0107674 0.00912921 0.0085177 0.0101337 0.0137543 0.0144189 0.0117011 0.0102861 
0.0103942 0.00854316 0.00969986 0.00867823 0.0107329 0.0126364 0.0127627 0.00955878 0.0104996 0.0125825 0.00977014 0.0181564 0.0144164 0.00949318 0.0125193 0.00894776 0.0104828 0.0145744 0.0269921 0.0603629 0.0381244 0 0.00437068 0.0106715 0.00847891 0.0256716 0.0166819 0.00988501 0.00972885 0.0190473 0.0148646 0.0110798 0.0123809 0.0123879 0.0136525 0.0119776 0.00901547 0.00877533 0.0102027 0.0112997 0.008955 0.00976289 0.00886567 0.0106858 0.0110348 0.00826479 0.00878735 0.00982075 0.00978659 0.00992529 0.00953165 0.0108928 
0.010627 0.0101435 0.00854523 0.00927608 0.0100777 0.0133475 0.0141946 0.0118333 0.0111667 0.00881836 0.0185665 0.0126137 0.0118504 0.0130605 0.00866746 0.00952267 0.0100684 0.0125462 0.0657233 0.0596715 0.0335342 0.00437068 0 0.0417276 0.0249962 0.0149558 0.0124136 0.0133338 0.0207984 0.0112265 0.0134958 0.0122354 0.00945421 0.0160442 0.0152051 0.012268 0.0107193 0.00881772 0.00965996 0.0114869 0.0134176 0.00981281 0.00926269 0.00960759 0.0106054 0.0108603 0.00914526 0.00889878 0.0121431 0.0115193 0.0109872 0.00925328 
0.0108882 0.00954762 0.00835101 0.00856831 0.00912522 0.0118185 0.0359339 0.0102249 0.0088902 0.0109495 0.012762 0.0151978 0.0140129 0.0114784 0.00881996 0.00887078 0.00919325 0.0135122 0.0378951 0.0388296 0.0784879 0.0106715 0.0417276 0 0.036928 0.00682553 0.00431542 0.00443649 0.0050802 0.00772145 0.018785 0.0113772 0.00949137 0.0108111 0.015166 0.0139718 0.0108843 0.00863847 0.0093976 0.0159783 0.0134508 0.00950668 0.0087215 0.00941429 0.0107594 0.0107891 0.00838427 0.00954108 0.0195488 0.0160948 0.00991818 0.0105687 
0.00925094 0.0116547 0.00865289 0.0101383 0.00887528 0.0128719 0.0128875 0.00897082 0.00895375 0.0112063 0.00952956 0.0113974 0.0102348 0.0137016 0.00894994 0.0102466 0.0092455 0.0166299 0.0196451 0.0249327 0.0153114 0.00847891 0.0249962 0.036928 0 0.00364854 0.00359618 0.00361329 0.00364253 0.00450919 0.0545939 0.0155636 0.0114016 0.0120521 0.0221875 0.0120226 0.0135362 0.00914851 0.00979157 0.0169521 0.0207637 0.0108065 0.00984059 0.0101568 0.0143086 0.00951078 0.00823868 0.0109802 0.0102762 0.00992488 0.00854195 0.00978877 
0.00889391 0.00966896 0.0152104 0.0102038 0.0154342 0.00917353 0.00947944 0.00952575 0.00931467 0.00931214 0.00865407 0.0093026 0.0112332 0.0119491 0.0141953 0.0112984 0.0166982 0.0099477 0.0352759 0.0167105 0.0138192 0.0256716 0.0149558 0.00682553 0.00364854 0 0.00354369 0.00357453 0.00364204 0.00374673 0.0353348 0.053762 0.0250261 0.0253581 0.0112907 0.0126878 0.0134317 0.0127046 0.014329 0.00965138 0.0184467 0.0306006 0.0156837 0.0177289 0.0096626 0.00867213 0.00904599 0.00878217 0.0084623 0.00840292 0.00884297 0.00862535 
0.00857127 0.0139573 0.0179261 0.0400102 0.0138613 0.0102045 0.00859984 0.00944617 0.00977561 0.00887649 0.00873585 0.00928019 0.00991809 0.019659 0.0145615 0.041087 0.0119761 0.00983417 0.0166642 0.0166936 0.0111275 0.0166819 0.0124136 0.00431542 0.00359618 0.00354369 0 0.00354717 0.00356476 0.00356783 0.0206751 0.0450524 0.0736611 0.0300831 0.0147707 0.0111111 0.0262574 0.0202573 0.013683 0.010252 0.0173756 0.0305185 0.0752925 0.0170957 0.0104063 0.00955579 0.00894332 0.00947348 0.00840611 0.00835681 0.00895295 0.0087839 
0.00937125 0.0104262 0.0339331 0.0184773 0.014909 0.00974296 0.00860159 0.00985772 0.00922071 0.00892898 0.00868087 0.009555 0.0128541 0.0106793 0.0380243 0.0136921 0.0116141 0.00969088 0.0159052 0.0136485 0.0125701 0.00988501 0.0133338 0.00443649 0.00361329 0.00357453 0.00354717 0 0.00353036 0.00355997 0.0226939 0.0336189 0.0801987 0.0401024 0.0132507 0.0137944 0.0127762 0.0260595 0.0128426 0.00953297 0.0144851 0.0410366 0.0437552 0.0159882 0.0101346 0.00961046 0.00890755 0.00962227 0.00846665 0.00850786 0.00948648 0.0086615 
0.00923324 0.012509 0.00955258 0.0108611 0.0108104 0.00961522 0.00882979 0.00987199 0.0105057 0.008391 0.00957831 0.00934615 0.00977939 0.0342671 0.00921395 0.0110884 0.0112372 0.00928265 0.0172909 0.0225943 0.0125968 0.00972885 0.0207984 0.0050802 0.00364253 0.00364204 0.00356476 0.00353036 0 0.0036243 0.0136183 0.0327344 0.0311908 0.0730679 0.0163835 0.0119024 0.0155269 0.00972687 0.0115726 0.00958771 0.0119869 0.0171988 0.0137736 0.0148109 0.00986443 0.010477 0.00984643 0.00885785 0.00887458 0.00896821 0.00941077 0.00863354 
0.01091 0.00942853 0.00857079 0.00874499 0.00869918 0.00986687 0.0101802 0.012387 0.00881565 0.00849821 0.0113271 0.00893519 0.020762 0.00945802 0.00876028 0.00890273 0.00864549 0.010081 0.0184607 0.0158895 0.0211593 0.0190473 0.0112265 0.00772145 0.00450919 0.00374673 0.00356783 0.00355997 0.0036243 0 0.0279438 0.012523 0.0138297 0.0270985 0.0466501 0.0169642 0.0110677 0.00898845 0.00935715 0.0112989 0.0152889 0.0101967 0.00906727 0.00981247 0.00940846 0.0134491 0.00867941 0.00875777 0.0108404 0.0108393 0.0104241 0.00864645 
0.0113636 0.00811483 0.0101817 0.00821179 0.00831523 0.00911632 0.00944208 0.00925616 0.00813697 0.00982976 0.00850417 0.00946471 0.016774 0.00833175 0.010918 0.00833273 0.00930485 0.0107278 0.0149319 0.0134647 0.0201947 0.0148646 0.0134958 0.018785 0.0545939 0.0353348 0.0206751 0.0226939 0.0136183 0.0279438 0 0.00439045 0.00358932 0.00362591 0.00479413 0.608965 0.009411 0.0121395 0.0124529 0.0136825 0.0205887 0.0119683 0.00926666 0.00944947 0.0115044 0.00918687 0.0084941 0.0100756 0.00976849 0.00995613 0.00906729 0.00914131 
0.00821719 0.0118762 0.00848046 0.0103038 0.00890539 0.00842988 0.00858536 0.00836323 0.00926576 0.0082217 0.00863364 0.00859073 0.00845168 0.0187837 0.00840872 0.0126972 0.00929767 0.00863857 0.0213476 0.0124372 0.0099566 0.0110798 0.0122354 0.0113772 0.0155636 0.053762 0.0450524 0.0336189 0.0327344 0.012523 0.00439045 0 0.00356827 0.00358557 0.00364305 0.0115824 0.732531 0.00970507 0.015612 0.0105161 0.0434064 0.018515 0.0181468 0.0116244 0.00967865 0.0121468 0.0087918 0.00888038 0.00910824 0.00844888 0.00865466 0.00864489 
0.00879419 0.0087149 0.0180335 0.0115773 0.0107492 0.00871705 0.00820053 0.00879797 0.00870129 0.00845034 0.00831116 0.00856617 0.0109165 0.00938493 0.0238459 0.0114898 0.01048 0.00932767 0.0130057 0.0118493 0.0101315 0.0123809 0.00945421 0.00949137 0.0114016 0.0250261 0.0736611 0.0801987 0.0311908 0.0138297 0.00358932 0.00356827 0 0.00353958 0.00354929 0.0444339 0.0158254 0.615034 0.014107 0.0112181 0.012943 0.0427374 0.031251 0.0155979 0.0108802 0.00936122 0.00969762 0.00950394 0.00851751 0.00847015 0.00918309 0.00867449 
0.00863228 0.00945302 0.00943474 0.0104405 0.0111315 0.00920066 0.00827705 0.00880672 0.0101047 0.00835893 0.00873601 0.00900446 0.00899544 0.0113142 0.00987623 0.00966541 0.0119424 0.00920241 0.0154848 0.0179753 0.0116729 0.0123879 0.0160442 0.0108111 0.0120521 0.0253581 0.0300831 0.0401024 0.0730679 0.0270985 0.00362591 0.00358557 0.00353958 0 0.00375777 0.0141979 0.0419972 0.0184963 0.60015 0.0116482 0.0133662 0.0206246 0.0226355 0.0356055 0.0119407 0.0104398 0.0127577 0.0109438 0.00913448 0.0094424 0.0104657 0.00926407 
0.00907238 0.00875623 0.00821073 0.00853408 0.00846907 0.00909146 0.00950134 0.0100026 0.0084491 0.00823841 0.00952137 0.00856713 0.00940597 0.00940094 0.00832387 0.00884804 0.00841221 0.00922746 0.0147129 0.0133707 0.0155346 0.0136525 0.0152051 0.015166 0.0221875 0.0112907 0.0147707 0.0132507 0.0163835 0.0466501 0.00479413 0.00364305 0.00354929 0.00375777 0 0.0161044 0.0128605 0.014895 0.0146367 0.597393 0.0144581 0.0103429 0.00990734 0.0116143 0.0145006 0.0160109 0.00867516 0.00977521 0.0123105 0.0122197 0.0107488 0.00978087 
0.0108898 0.00801824 0.0107608 0.00819176 0.00870326 0.00913845 0.00918986 0.00931853 0.00811069 0.00965557 0.00821636 0.00933655 0.0162546 0.00808318 0.0118984 0.00819106 0.00901064 0.0106311 0.01058 0.0122166 0.0186826 0.0119776 0.012268 0.0139718 0.0120226 0.0126878 0.0111111 0.0137944 0.0119024 0.0169642 0.608965 0.0115824 0.0444339 0.0141979 0.0161044 0 0.00363411 0.00370034 0.00470309 0.00435136 0.0207531 0.0207333 0.00929373 0.01235 0.0183993 0.00906025 0.0096641 0.0141999 0.0119739 0.0137766 0.0114313 0.0106843 
0.00806584 0.0120039 0.0083582 0.0101173 0.00893701 0.00831358 0.0083605 0.00808686 0.00927158 0.00822271 0.00947541 0.00825882 0.00813965 0.0192515 0.008269 0.0121865 0.00860292 0.00876093 0.0117641 0.0106417 0.00904615 0.00901547 0.0107193 0.0108843 0.0135362 0.0134317 0.0262574 0.0127762 0.0155269 0.0110677 0.009411 0.732531 0.0158254 0.0419972 0.0128605 0.00363411 0 0.00356047 0.00360942 0.00398427 0.042337 0.0265161 0.0181991 0.014252 0.0095787 0.0196558 0.00933268 0.0099827 0.0152825 0.00965447 0.00913709 0.00948104 
0.00841862 0.00841647 0.00993371 0.00884027 0.00863018 0.00819624 0.00803272 0.00826466 0.00819607 0.00807737 0.00818663 0.00812781 0.0093882 0.00848245 0.0113021 0.00878184 0.00864215 0.00837221 0.0091103 0.00893443 0.0088599 0.00877533 0.00881772 0.00863847 0.00914851 0.0127046 0.0202573 0.0260595 0.00972687 0.00898845 0.0121395 0.00970507 0.615034 0.0184963 0.014895 0.00370034 0.00356047 0 0.00354167 0.00354375 0.0261949 0.0229437 0.0327512 0.0174654 0.00877493 0.00938008 0.0089437 0.00889714 0.00861369 0.00847832 0.00884754 0.00866352 
0.00850783 0.00839186 0.009046 0.0085443 0.00845241 0.00815435 0.00805445 0.008304 0.00829607 0.00808248 0.00826688 0.00822798 0.00947341 0.00850234 0.00887039 0.00849084 0.00876877 0.00822393 0.0100939 0.0109783 0.00969189 0.0102027 0.00965996 0.0093976 0.00979157 0.014329 0.013683 0.0128426 0.0115726 0.00935715 0.0124529 0.015612 0.014107 0.60015 0.0146367 0.00470309 0.00360942 0.00354167 0 0.0036161 0.011435 0.0533769 0.0364033 0.0291794 0.013361 0.00950068 0.0118398 0.00983814 0.00939829 0.0104467 0.0111313 0.00877255 
0.00885334 0.00950408 0.00812523 0.00839859 0.00822028 0.00894382 0.0095099 0.00866682 0.00836789 0.00819147 0.00935555 0.00823674 0.0089149 0.00962356 0.00814837 0.00873373 0.00825365 0.00847659 0.0128593 0.0104082 0.012437 0.0112997 0.0114869 0.0159783 0.0169521 0.00965138 0.010252 0.00953297 0.00958771 0.0112989 0.0136825 0.0105161 0.0112181 0.0116482 0.597393 0.00435136 0.00398427 0.00354375 0.0036161 0 0.0244257 0.0114145 0.0236043 0.0191282 0.0183062 0.0294964 0.00938765 0.011384 0.0222152 0.0149004 0.0137606 0.0102682 
0.00837273 0.0107841 0.00858298 0.00876892 0.00845734 0.00876011 0.00913001 0.0083981 0.00830648 0.00857171 0.00880042 0.00874514 0.00868158 0.0113135 0.00847607 0.00902441 0.00834009 0.00944644 0.0142455 0.0122433 0.0115877 0.008955 0.0134176 0.0134508 0.0207637 0.0184467 0.0173756 0.0144851 0.0119869 0.0152889 0.0205887 0.0434064 0.012943 0.0133662 0.0144581 0.0207531 0.042337 0.0261949 0.011435 0.0244257 0 0.00429444 0.00359007 0.0036332 0.00375592 0.0440233 0.00981325 0.0232067 0.0219013 0.017758 0.0150478 0.0205853 
0.00844922 0.00844928 0.0107725 0.00869091 0.00934558 0.00859473 0.00815457 0.00843668 0.00836807 0.00823267 0.00813656 0.00820893 0.00877879 0.00877156 0.0103551 0.00931255 0.00900022 0.00843315 0.0136192 0.0103793 0.00881911 0.00976289 0.00981281 0.00950668 0.0108065 0.0306006 0.0305185 0.0410366 0.0171988 0.0101967 0.0119683 0.018515 0.0427374 0.0206246 0.0103429 0.0207333 0.0265161 0.0229437 0.0533769 0.0114145 0.00429444 0 0.00356005 0.00354534 0.00355821 0.00968698 0.046785 0.0124287 0.0112187 0.0102633 0.0198276 0.0104702 
0.00818097 0.0089895 0.00906417 0.0100783 0.00888338 0.00844768 0.00810993 0.00825635 0.00846933 0.00819837 0.00820374 0.00816318 0.00831023 0.0100897 0.00918325 0.0107328 0.00895447 0.00846703 0.0102166 0.0101266 0.00859896 0.00886567 0.00926269 0.0087215 0.00984059 0.0156837 0.0752925 0.0437552 0.0137736 0.00906727 0.00926666 0.0181468 0.031251 0.0226355 0.00990734 0.00929373 0.0181991 0.0327512 0.0364033 0.0236043 0.00359007 0.00356005 0 0.00353186 0.00353433 0.0250363 0.0132118 0.0205024 0.0096025 0.00941237 0.0101985 0.00961978 
0.00813322 0.00832703 0.00860734 0.00875211 0.0085041 0.00817451 0.00805201 0.00823206 0.00849125 0.00808086 0.00818286 0.00835717 0.0084561 0.00886763 0.00862122 0.00900248 0.00898479 0.00832814 0.00986883 0.010614 0.00929874 0.0106858 0.00960759 0.00941429 0.0101568 0.0177289 0.0170957 0.0159882 0.0148109 0.00981247 0.00944947 0.0116244 0.0155979 0.0356055 0.0116143 0.01235 0.014252 0.0174654 0.0291794 0.0191282 0.0036332 0.00354534 0.00353186 0 0.00353307 0.00766931 0.0651023 0.0232664 0.0126813 0.012856 0.0161094 0.0112505 
0.00823557 0.00807456 0.00808049 0.00815498 0.00811934 0.00822627 0.00838059 0.00863886 0.00811673 0.00805492 0.00836477 0.00828429 0.0087412 0.0084167 0.00816336 0.00823343 0.00816757 0.00829268 0.0105871 0.0100041 0.0107674 0.0110348 0.0106054 0.0107594 0.0143086 0.0096626 0.0104063 0.0101346 0.00986443 0.00940846 0.0115044 0.00967865 0.0108802 0.0119407 0.0145006 0.0183993 0.0095787 0.00877493 0.013361 0.0183062 0.00375592 0.00355821 0.00353433 0.00353307 0 0.0260825 0.00690766 0.0885065 0.012696 0.0186958 0.0173732 0.0150714 
0.00811866 0.0104104 0.00803705 0.0083581 0.00808 0.00832836 0.00915777 0.0080526 0.00824289 0.00838279 0.00934089 0.00854329 0.00809609 0.0107382 0.00807607 0.00920084 0.00809526 0.00891216 0.00956699 0.0102255 0.00912921 0.00826479 0.0108603 0.0107891 0.00951078 0.00867213 0.00955579 0.00961046 0.010477 0.0134491 0.00918687 0.0121468 0.00936122 0.0104398 0.0160109 0.00906025 0.0196558 0.00938008 0.00950068 0.0294964 0.0440233 0.00968698 0.0250363 0.00766931 0.0260825 0 0.00356596 0.00360982 0.00769675 0.0115793 0.00949009 0.0322849 
0.00806352 0.00814644 0.00832738 0.00821488 0.00828681 0.00809242 0.00802936 0.00803947 0.00836552 0.00807113 0.00801124 0.00813296 0.00845576 0.00823346 0.00834249 0.00814153 0.00830404 0.00809426 0.00846696 0.00867961 0.0085177 0.00878735 0.00914526 0.00838427 0.00823868 0.00904599 0.00894332 0.00890755 0.00984643 0.00867941 0.0084941 0.0087918 0.00969762 0.0127577 0.00867516 0.0096641 0.00933268 0.0089437 0.0118398 0.00938765 0.00981325 0.046785 0.0132118 0.0651023 0.00690766 0.00356596 0 0.00357858 0.00565057 0.0118604 0.0278654 0.0127526 
0.00857736 0.00827194 0.00806485 0.00821394 0.00801324 0.00812149 0.00829044 0.00847319 0.00801259 0.00797558 0.00821336 0.00801951 0.00920348 0.00815423 0.00806446 0.00812562 0.00801629 0.00803196 0.00939981 0.00864622 0.0101337 0.00982075 0.00889878 0.00954108 0.0109802 0.00878217 0.00947348 0.00962227 0.00885785 0.00875777 0.0100756 0.00888038 0.00950394 0.0109438 0.00977521 0.0141999 0.0099827 0.00889714 0.00983814 0.011384 0.0232067 0.0124287 0.0205024 0.0232664 0.0885065 0.00360982 0.00357858 0 0.0130203 0.0154497 0.0269226 0.0178706 
0.0089665 0.00963106 0.00797801 0.00808 0.00800239 0.00874347 0.0111593 0.00825113 0.00815157 0.00856 0.00962668 0.00844116 0.00891559 0.0091887 0.0079761 0.00820784 0.00801603 0.00890125 0.0120374 0.00972302 0.0137543 0.00978659 0.0121431 0.0195488 0.0102762 0.0084623 0.00840611 0.00846665 0.00887458 0.0108404 0.00976849 0.00910824 0.00851751 0.00913448 0.0123105 0.0119739 0.0152825 0.00861369 0.00939829 0.0222152 0.0219013 0.0112187 0.0096025 0.0126813 0.012696 0.00769675 0.00565057 0.0130203 0 0.382759 0.0212862 0.0938501 
0.00863567 0.00817431 0.00803875 0.00803723 0.00806708 0.00901383 0.0102834 0.00829349 0.00812033 0.00881953 0.00841105 0.00859466 0.00936742 0.00800629 0.00807376 0.00803915 0.00807816 0.00899802 0.0092184 0.0100763 0.0144189 0.00992529 0.0115193 0.0160948 0.00992488 0.00840292 0.00835681 0.00850786 0.00896821 0.0108393 0.00995613 0.00844888 0.00847015 0.0094424 0.0122197 0.0137766 0.00965447 0.00847832 0.0104467 0.0149004 0.017758 0.0102633 0.00941237 0.012856 0.0186958 0.0115793 0.0118604 0.0154497 0.382759 0 0.0474866 0.0145468 
0.00834194 0.00815966 0.00837869 0.00831984 0.00818144 0.00847524 0.0085726 0.00814153 0.0080435 0.00833676 0.00805335 0.00853819 0.00897012 0.00810527 0.00820535 0.00811573 0.00816637 0.00859177 0.00911201 0.010615 0.0117011 0.00953165 0.0109872 0.00991818 0.00854195 0.00884297 0.00895295 0.00948648 0.00941077 0.0104241 0.00906729 0.00865466 0.00918309 0.0104657 0.0107488 0.0114313 0.00913709 0.00884754 0.0111313 0.0137606 0.0150478 0.0198276 0.0101985 0.0161094 0.0173732 0.00949009 0.0278654 0.0269226 0.0212862 0.0474866 0 0.00436458 
0.00839457 0.0083079 0.00809138 0.00813746 0.0081108 0.00822779 0.00860796 0.00826097 0.00807263 0.0080517 0.00853226 0.00819817 0.0086083 0.00828007 0.00804009 0.00816601 0.00806787 0.00814105 0.0100053 0.00893634 0.0102861 0.0108928 0.00925328 0.0105687 0.00978877 0.00862535 0.0087839 0.0086615 0.00863354 0.00864645 0.00914131 0.00864489 0.00867449 0.00926407 0.00978087 0.0106843 0.00948104 0.00866352 0.00877255 0.0102682 0.0205853 0.0104702 0.00961978 0.0112505 0.0150714 0.0322849 0.0127526 0.0178706 0.0938501 0.0145468 0.00436458 0 
