1LK5B
MNVEEMKKIAAKEALKFIEDDMVIGLGTGSTTAYFIKLLGEKLKRGEISDIVGVPTSYQAKLLAIEHDIPIASLDQVDAIDVAVDGADEVDPNLNLIKGRGAALTMEKIIEYRAGTFIVLVDERKLVDYLCQKMPVPIEVIPQAWKAIIEELSIFNAKAELRMGVNKDGPVITDNGNFIIDAKFPRIDDPLDMEIELNTIPGVIENGIFADIADIVIVGTREGVKKLER
CCHHHHHHHHHHHHHCCCCCCCEEEECCCHHHHHHHHHHHHHHHCCCCCCCEEEECCHHHHHHHHHCCCCECCHHHCCCEEEEEECCCEECCCCCEECCCCCCHHHHHHHHCCEEEEEEEEEHHHECCCCCCCCCEEEEECHHHHHHHHHHHHHHCCEEEECECCCCCCECCCCCCCEEEEEECCCCCCHHHHHHHHHCCCCEEEECEECCCCCEEEEECCCCEEEEEC
0 0 0 0 0 0 0 0 0 0 0 0 0 0 0 0 0 0 0 0 0 0 0 0 0 0 0 0 0 0 0 0 0 0 0 0 0 0 0 0 0 0 0 0 0 0 0 0 0 0 0 0 0 0 0 0 0 0 0 0 0 0 0 0 0 0 0 0 0 0 0 0 0 0 0 0 0 0 0 0 0 0 0 0 0 0 0 0 0 0 0 0 0 0 0 0 0 0 0 0 0 0 0 0 0 0 0 0 0 0 0 0 0 0 0 0 0 0 0 0 0 0 0 0 0 0 0 0 0 0 0 0 0 0 0 0 0 0 0 0 0 0 0 0 0 0 0 0 0 0 0 0 0 0 0 0 0 0 0 0 0 0 0 0 0 0 0 0 0 0 0 0 0 0 0 0 0 0 0 0 0 0 0 0 0 0 0 0 0 0 0 0 0 0 0 0 0 0 0 0 0 0 0 0 0 0 0 0 0 0 0 0 0 0 0 0 0 0 0 0 0 0 0 0 0 0 0 0 0 
0 0 0 0 0 0 0 0 0 0 0 0 0 0 0 0 0 0 0 0 0 0 0 0 0 0 0 0 0 0 0 0 0 0 0 0 0 0 0 0 0 0 0 0 0 0 0 0 0 0 0 0 0 0 0 0 0 0 0 0 0 0 0 0 0 0 0 0 0 0 0 0 0 0 0 0 0 0 0 0 0 0 0 0 0 0 0 0 0 0 0 0 0 0 0 0 0 0 0 0 0 0 0 0 0 0 0 0 0 0 0 0 0 0 0 0 0 0 0 0 0 0 0 0 0 0 0 0 0 0 0 0 0 0 0 0 0 0 0 0 0 0 0 0 0 0 0 0 0 0 0 0 0 0 0 0 0 0 0 0 0 0 0 0 0 0 0 0 0 0 0 0 0 0 0 0 0 0 0 0 0 0 0 0 0 0 0 0 0 0 0 0 0 0 0 0 0 0 0 0 0 0 0 0 0 0 0 0 0 0 0 0 0 0 0 0 0 0 0 0 0 0 0 0 0 0 0 0 0 
0 0.00373473 0.00362216 0.00421483 0.681864 0.021436 0.0153728 0.0238247 0.0170101 0.0201895 0.0121185 0.0159579 0.0173108 0.0116859 0.0167204 0.0128257 0.0120192 0.0115826 0.0119078 0.00872293 0.00855723 0.00873575 0.0096094 0.0111755 0.0132572 0.0118586 0.0108424 0.010452 0.0090828 0.00888313 0.00891361 0.00948874 0.0101206 0.0128178 0.00872115 0.00821122 0.00856718 0.00824142 0.00905393 0.00892083 0.00886194 0.00850529 0.00886602 0.00844383 0.0083359 0.00929875 0.00854735 0.00826095 0.00823317 0.00831534 0.00830352 0.00875502 0.00870367 0.00843257 0.00861674 0.00842171 0.00872631 0.00822239 0.00812108 0.00811542 0.00810917 0.00834264 
0.00373473 0 0.00424521 0.00358463 0.0366881 0.780529 0.0360546 0.0170493 0.0117524 0.0209955 0.0133268 0.0590973 0.0403527 0.0381274 0.011208 0.0123863 0.0104183 0.01179 0.0102049 0.00893519 0.0100372 0.0111505 0.0150812 0.0252188 0.0312597 0.0306983 0.0140679 0.00869679 0.00827773 0.00917244 0.00973913 0.0152111 0.0118754 0.0104582 0.00810327 0.00929868 0.00852242 0.00867222 0.0082002 0.00812265 0.00861925 0.00994832 0.0114916 0.00894681 0.0095007 0.00823762 0.00835744 0.00882751 0.00874462 0.00843846 0.00817645 0.00822847 0.00844252 0.00911574 0.0100647 0.00884401 0.00829551 0.00800303 0.0081857 0.00820661 0.00814103 0.00808317 
0.00362216 0.00424521 0 0.00368656 0.0286494 0.0445792 0.770021 0.0342827 0.0154654 0.0101433 0.0369898 0.0163856 0.0773543 0.0875477 0.0362196 0.0139456 0.0116123 0.0128476 0.0142808 0.00910485 0.0102913 0.0122186 0.0132627 0.0278901 0.037989 0.044498 0.0176645 0.00885947 0.00851045 0.00884562 0.0127156 0.0249869 0.0263852 0.0102589 0.00865179 0.00855795 0.00923825 0.00828186 0.00810714 0.00819592 0.00904714 0.0102245 0.0123394 0.010457 0.00888761 0.00850389 0.00875864 0.00881526 0.00922894 0.00833998 0.00823948 0.00845733 0.00865637 0.00917838 0.0101499 0.00932589 0.00820382 0.00814464 0.00826295 0.00826686 0.00829709 0.00814204 
0.00421483 0.00358463 0.00368656 0 0.0194244 0.0299056 0.0603026 0.771117 0.0196957 0.0240453 0.00885849 0.0161261 0.0125755 0.0568846 0.0592511 0.0145996 0.0163955 0.0148633 0.017637 0.0125392 0.00854483 0.00869286 0.00984508 0.0103954 0.0139494 0.0122029 0.0116477 0.0107238 0.0103314 0.0101364 0.00846648 0.0102037 0.00998206 0.0127058 0.00851432 0.00841833 0.00825779 0.00862781 0.00882119 0.00906701 0.00917749 0.00871181 0.00925616 0.00870552 0.00857602 0.00845707 0.00893364 0.00858339 0.00824516 0.00860518 0.0082136 0.00877161 0.00855913 0.00858578 0.00920821 0.00864443 0.0086405 0.00826761 0.00801901 0.00805076 0.00800943 0.00806343 
0.681864 0.0366881 0.0286494 0.0194244 0 0.00373008 0.00362292 0.0038606 0.0231346 0.0265461 0.0263665 0.0145502 0.0214294 0.0120315 0.0229252 0.0207151 0.0140464 0.0141974 0.0136111 0.0104322 0.00874713 0.00965442 0.00967367 0.0134393 0.0155388 0.0135793 0.011514 0.0111172 0.00967116 0.00923682 0.00918902 0.00914807 0.011825 0.0147069 0.0102722 0.00815415 0.00957336 0.0084558 0.00975641 0.0096106 0.00913524 0.00870079 0.00921961 0.00880989 0.00824495 0.00984673 0.00851703 0.00818027 0.00825881 0.00838237 0.0081376 0.00887381 0.00856579 0.00875061 0.00877158 0.00838274 0.00864777 0.00839403 0.00808502 0.00825881 0.0080889 0.00877816 
0.021436 0.780529 0.0445792 0.0299056 0.00373008 0 0.0035944 0.00354279 0.0282126 0.0382638 0.025328 0.0564737 0.057199 0.0398414 0.0124742 0.0155307 0.012692 0.0156872 0.0113779 0.00995407 0.0133268 0.0114361 0.0192336 0.0258143 0.037656 0.0459283 0.0147251 0.00940961 0.00882617 0.0101195 0.0116736 0.0234087 0.0144467 0.0110066 0.00829456 0.0107578 0.00888672 0.00858686 0.00818644 0.00824175 0.0091462 0.011257 0.0135186 0.00965212 0.0101555 0.00841779 0.00853268 0.00901298 0.00905406 0.00834808 0.0082386 0.00829301 0.00873 0.00932811 0.00984469 0.00907363 0.00825393 0.00801587 0.00826085 0.00825694 0.00827473 0.00805514 
0.0153728 0.0360546 0.770021 0.0603026 0.00362292 0.0035944 0 0.00369137 0.0196055 0.0120904 0.0271781 0.029649 0.0568447 0.114834 0.0232258 0.0158475 0.0137685 0.0132604 0.0129427 0.00962903 0.0110017 0.0123116 0.0115443 0.0199966 0.0286427 0.0296367 0.0269506 0.00912214 0.0089681 0.00894943 0.0130222 0.017185 0.0209296 0.0104324 0.00853778 0.00896136 0.00889894 0.00843216 0.00815971 0.00812785 0.00889355 0.00982758 0.0102051 0.00932274 0.00875994 0.00839172 0.00857402 0.00870523 0.00886433 0.00849721 0.00812099 0.00829955 0.00852024 0.00872426 0.00980453 0.00903696 0.00830209 0.00802616 0.0080855 0.00816382 0.00808856 0.00803247 
0.0238247 0.0170493 0.0342827 0.771117 0.0038606 0.00354279 0.00369137 0 0.0315706 0.0266705 0.0118327 0.0170873 0.0238953 0.0472528 0.148836 0.0162014 0.0192612 0.0171857 0.0220518 0.0159537 0.00902562 0.00954128 0.0101362 0.0111454 0.0146678 0.0124476 0.0125057 0.012439 0.0122769 0.010727 0.00881612 0.0112022 0.0119623 0.0135002 0.00962111 0.00846014 0.00853953 0.00871704 0.00925711 0.00994595 0.010651 0.00880137 0.00903927 0.00923814 0.00833615 0.00852363 0.0095727 0.00834714 0.00822101 0.00840518 0.00840855 0.00853965 0.008853 0.00896753 0.00865716 0.00832065 0.00838027 0.00864649 0.00801924 0.00800034 0.00799377 0.00811651 
0.0170101 0.0117524 0.0154654 0.0196957 0.0231346 0.0282126 0.0196055 0.0315706 0 0.042705 0.00747428 0.00986846 0.010815 0.0192586 0.0172397 0.0145503 0.0391474 0.0303298 0.044336 0.0169599 0.00938776 0.00896423 0.00989829 0.00997902 0.0108796 0.0108411 0.0128451 0.0138679 0.033159 0.0133396 0.00969966 0.0104729 0.0103957 0.0186364 0.00925312 0.0106037 0.00836783 0.00942365 0.0142183 0.0194009 0.0120282 0.0094458 0.00897793 0.00832599 0.0088838 0.00922672 0.00968398 0.00832911 0.00825441 0.00869615 0.00886886 0.00961381 0.0112217 0.00862481 0.00870335 0.00872224 0.00944792 0.00881044 0.00806164 0.00804408 0.00822257 0.00858267 
0.0201895 0.0209955 0.0101433 0.0240453 0.0265461 0.0382638 0.0120904 0.0266705 0.042705 0 0.00360524 0.00366885 0.00369663 0.00408913 0.00410578 0.00565613 0.0120727 0.010272 0.0221716 0.0376843 0.0113536 0.00920023 0.0170434 0.0124482 0.0156403 0.0125732 0.0145231 0.0177069 0.0143054 0.0264003 0.00920943 0.0211745 0.00920303 0.0399763 0.00836423 0.0136811 0.00821833 0.0134141 0.0118486 0.0112044 0.0128745 0.00912968 0.0101177 0.00840416 0.0114188 0.00863139 0.00888366 0.00863247 0.00818904 0.00900016 0.00818784 0.00906303 0.0124617 0.00902904 0.00909635 0.00849955 0.00887155 0.0082535 0.00813025 0.00818091 0.00863965 0.00849519 
0.0121185 0.0133268 0.0369898 0.00885849 0.0263665 0.025328 0.0271781 0.0118327 0.00747428 0.00360524 0 0.00354411 0.00358472 0.0036383 0.00368146 0.00613264 0.00571353 0.0126906 0.010025 0.010404 0.0187765 0.0166723 0.00994057 0.0315051 0.0208468 0.0218252 0.012154 0.00939086 0.00948802 0.00939294 0.0343901 0.00972861 0.0585865 0.00900856 0.0112593 0.00822039 0.0180709 0.00817455 0.0084702 0.00832858 0.00892307 0.0150716 0.00983611 0.0162263 0.0085631 0.00986889 0.008621 0.00854784 0.0100979 0.00821317 0.00837845 0.00843845 0.0083568 0.0101075 0.00974585 0.00902073 0.00831211 0.00806888 0.00819751 0.00826722 0.00825119 0.00835814 
0.0159579 0.0590973 0.0163856 0.0161261 0.0145502 0.0564737 0.029649 0.0170873 0.00986846 0.00366885 0.00354411 0 0.00355419 0.00363169 0.0035553 0.00431293 0.00566721 0.00997981 0.0113949 0.0150992 0.0151969 0.0235359 0.0525844 0.0345843 0.0701437 0.0480297 0.0192417 0.0101887 0.0093223 0.0177462 0.0105772 0.158075 0.0126918 0.019112 0.0082209 0.0270949 0.0086035 0.0180642 0.00838568 0.00839687 0.0112788 0.0126817 0.0495869 0.012352 0.0215834 0.00856462 0.00933515 0.0113582 0.00954252 0.0101208 0.00861434 0.00875256 0.0112398 0.0108483 0.018042 0.0109942 0.0087411 0.00811524 0.00828506 0.00853229 0.00852625 0.00837473 
0.0173108 0.0403527 0.0773543 0.0125755 0.0214294 0.057199 0.0568447 0.0238953 0.010815 0.00369663 0.00358472 0.00355419 0 0.00354938 0.00354627 0.00522551 0.00894984 0.0127143 0.0101824 0.0117781 0.0133093 0.0400214 0.0372403 0.0747972 0.0923871 0.125628 0.0197593 0.0107381 0.00961902 0.0103575 0.0419302 0.0257051 0.0915039 0.0129071 0.0113819 0.0092298 0.0219952 0.00929261 0.00841944 0.00851609 0.0105955 0.0275546 0.0240526 0.0478653 0.0101123 0.010108 0.00958559 0.0109405 0.011279 0.00941271 0.00867408 0.00871217 0.00931924 0.0161223 0.0193849 0.0113478 0.00901648 0.00815576 0.00840732 0.00861194 0.00838408 0.00884298 
0.0116859 0.0381274 0.0875477 0.0568846 0.0120315 0.0398414 0.114834 0.0472528 0.0192586 0.00408913 0.0036383 0.00363169 0.00354938 0 0.00359593 0.00710257 0.0456975 0.0142816 0.0380542 0.0136066 0.0222222 0.0134881 0.0238086 0.0484709 0.0537636 0.0484875 0.099517 0.0120908 0.0100163 0.0152083 0.0124297 0.0505518 0.0441167 0.0351965 0.00850821 0.0155062 0.0101843 0.0113554 0.00895701 0.00888783 0.0112795 0.0148609 0.0288338 0.0114068 0.0231086 0.00857013 0.0104303 0.011468 0.0120019 0.0103812 0.00910846 0.00883477 0.00967519 0.0109187 0.0150869 0.0132054 0.00885819 0.0082899 0.00826053 0.0083058 0.00853686 0.00825179 
0.0167204 0.011208 0.0362196 0.0592511 0.0229252 0.0124742 0.0232258 0.148836 0.0172397 0.00410578 0.00368146 0.0035553 0.00354627 0.00359593 0 0.022223 0.0057824 0.0164797 0.0140415 0.0268775 0.00992703 0.0109321 0.011634 0.0147304 0.0329456 0.0208435 0.0203281 0.044559 0.0139756 0.0124611 0.0114111 0.0138151 0.0375681 0.0335473 0.0137567 0.00884895 0.0119147 0.00940826 0.0100203 0.0104526 0.0115435 0.0105259 0.0102453 0.0117921 0.00893404 0.0133833 0.0109644 0.00864328 0.00960761 0.00968906 0.00942591 0.00944335 0.00980354 0.00912684 0.00947626 0.0105106 0.0106048 0.00850087 0.00803074 0.00806708 0.00809655 0.00855316 
0.0128257 0.0123863 0.0139456 0.0145996 0.0207151 0.0155307 0.0158475 0.0162014 0.0145503 0.00565613 0.00613264 0.00431293 0.00522551 0.00710257 0.022223 0 0.00418459 0.00756849 0.880288 0.0148511 0.0108422 0.0102509 0.0100113 0.0146825 0.0156788 0.0219655 0.0162388 0.012664 0.0145529 0.0120466 0.01377 0.0108717 0.0165665 0.0180767 0.0112886 0.00864335 0.00998199 0.00872588 0.0100224 0.0108814 0.0104181 0.0103828 0.00905827 0.00908088 0.00900508 0.0100863 0.00906762 0.00861961 0.00871293 0.00856824 0.00826674 0.00981257 0.00886798 0.00962286 0.00888079 0.00874832 0.00882372 0.00815098 0.0080729 0.00807561 0.00805468 0.00838431 
0.0120192 0.0104183 0.0116123 0.0163955 0.0140464 0.012692 0.0137685 0.0192612 0.0391474 0.0120727 0.00571353 0.00566721 0.00894984 0.0456975 0.0057824 0.00418459 0 0.959338 0.0136884 0.0202115 0.0107553 0.00883834 0.0114688 0.0112884 0.0122635 0.0138224 0.0171807 0.0142172 0.0167335 0.0169159 0.00918361 0.0122403 0.0102649 0.0209178 0.00952434 0.0106507 0.00861411 0.00883736 0.00988044 0.0114751 0.0118931 0.00916961 0.00883574 0.00851562 0.00915903 0.00857739 0.0106046 0.00866273 0.00826169 0.00838878 0.00865627 0.00856996 0.010334 0.00885949 0.00869878 0.00862811 0.00844756 0.00873843 0.00808524 0.00799424 0.00816931 0.00821346 
0.0115826 0.01179 0.0128476 0.0148633 0.0141974 0.0156872 0.0132604 0.0171857 0.0303298 0.010272 0.0126906 0.00997981 0.0127143 0.0142816 0.0164797 0.00756849 0.959338 0 0.00384185 0.0196299 0.0236541 0.0103048 0.0127189 0.0145949 0.0146731 0.0169387 0.0188215 0.0168241 0.0178532 0.0137059 0.0141552 0.0110592 0.0184807 0.0225759 0.0112316 0.00970052 0.0103791 0.00918663 0.0109347 0.0136872 0.0107243 0.0115667 0.0095485 0.00924671 0.00934203 0.0116096 0.00953292 0.00896107 0.00878473 0.00920528 0.00860052 0.0113766 0.00928138 0.0102136 0.00921183 0.00908459 0.00964573 0.00828146 0.00818355 0.00811946 0.00815675 0.00854426 
0.0119078 0.0102049 0.0142808 0.017637 0.0136111 0.0113779 0.0129427 0.0220518 0.044336 0.0221716 0.010025 0.0113949 0.0101824 0.0380542 0.0140415 0.880288 0.0136884 0.00384185 0 0.0241632 0.0109745 0.00976606 0.0118845 0.0145759 0.0198911 0.0177675 0.0372794 0.0192125 0.0183696 0.0152235 0.00981935 0.0146982 0.0154558 0.0294522 0.00992237 0.0108986 0.00906111 0.0101741 0.0107407 0.0120583 0.0133569 0.0100541 0.0101132 0.00901347 0.0122625 0.00870211 0.0110556 0.00881352 0.00874428 0.00921635 0.0098245 0.00900829 0.0103841 0.00970093 0.00906408 0.0097154 0.00902242 0.00842087 0.0080773 0.00799689 0.00818704 0.00814346 
0.00872293 0.00893519 0.00910485 0.0125392 0.0104322 0.00995407 0.00962903 0.0159537 0.0169599 0.0376843 0.010404 0.0150992 0.0117781 0.0136066 0.0268775 0.0148511 0.0202115 0.0196299 0.0241632 0 0.00364042 0.00354832 0.0037332 0.00361269 0.00429412 0.00398898 0.00432738 0.0121707 0.00662665 0.0132107 0.0104089 0.0100727 0.0134431 0.0353225 0.0108182 0.0107862 0.0100114 0.0134216 0.0148538 0.012877 0.0102677 0.00932926 0.00947756 0.00892629 0.00934905 0.0152115 0.0086655 0.00833195 0.00858379 0.00956798 0.0084215 0.0103654 0.00897682 0.00886412 0.00868418 0.008896 0.0109585 0.00825229 0.00819671 0.00817498 0.00841561 0.00958714 
0.00855723 0.0100372 0.0102913 0.00854483 0.00874713 0.0133268 0.0110017 0.00902562 0.00938776 0.0113536 0.0187765 0.0151969 0.0133093 0.0222222 0.00992703 0.0108422 0.0107553 0.0236541 0.0109745 0.00364042 0 0.00354701 0.00360819 0.00373923 0.00363717 0.00385341 0.0048444 0.00364755 0.00472749 0.00982388 0.00962509 0.014351 0.0151246 0.0110556 0.00871366 0.0126742 0.00923874 0.00877295 0.00878846 0.00863881 0.009163 0.0111532 0.0147406 0.0101606 0.0143227 0.00852932 0.00868624 0.00906168 0.0089562 0.00859783 0.008366 0.00839043 0.00901301 0.00976375 0.0104651 0.00924517 0.00841417 0.00817904 0.00820961 0.00824709 0.00850885 0.00817875 
0.00873575 0.0111505 0.0122186 0.00869286 0.00965442 0.0114361 0.0123116 0.00954128 0.00896423 0.00920023 0.0166723 0.0235359 0.0400214 0.0134881 0.0109321 0.0102509 0.00883834 0.0103048 0.00976606 0.00354832 0.00354701 0 0.00355852 0.00356589 0.00368815 0.00427219 0.00354006 0.00357431 0.00413101 0.00802655 0.0125903 0.0110854 0.0221271 0.00981368 0.0110102 0.00897652 0.0128615 0.00884646 0.00848121 0.00839726 0.00946042 0.0147481 0.0161576 0.0278129 0.00927129 0.00915034 0.0091308 0.00953665 0.0104518 0.00928365 0.00835252 0.00820586 0.00894424 0.0112022 0.0183178 0.010304 0.00856144 0.00811188 0.00810006 0.0084425 0.0082789 0.00821431 
0.0096094 0.0150812 0.0132627 0.00984508 0.00967367 0.0192336 0.0115443 0.0101362 0.00989829 0.0170434 0.00994057 0.0525844 0.0372403 0.0238086 0.011634 0.0100113 0.0114688 0.0127189 0.0118845 0.0037332 0.00360819 0.00355852 0 0.00358099 0.00358463 0.00362495 0.00350142 0.00358884 0.00383351 0.0116454 0.0100491 0.0259557 0.0119125 0.0172135 0.00900651 0.021955 0.00925678 0.0107355 0.00900917 0.00897853 0.0139764 0.0204122 0.0533535 0.0157712 0.0189837 0.00939467 0.0098381 0.0123715 0.0106851 0.0102356 0.00868348 0.00850871 0.0125734 0.0162821 0.0258617 0.0118557 0.00904635 0.00813758 0.00848815 0.00861104 0.0085996 0.00862614 
0.0111755 0.0252188 0.0278901 0.0103954 0.0134393 0.0258143 0.0199966 0.0111454 0.00997902 0.0124482 0.0315051 0.0345843 0.0747972 0.0484709 0.0147304 0.0146825 0.0112884 0.0145949 0.0145759 0.00361269 0.00373923 0.00356589 0.00358099 0 0.0035561 0.00358753 0.00354497 0.00355605 0.00384278 0.00976831 0.022304 0.0191631 0.0310456 0.0145117 0.0107734 0.0133206 0.013911 0.0119308 0.00913484 0.00946817 0.0166109 0.0611213 0.0646364 0.0512725 0.0182698 0.0101077 0.0127367 0.0182864 0.0196086 0.0140555 0.00989174 0.0089769 0.015032 0.0358105 0.0641871 0.0191339 0.010083 0.00853285 0.00864796 0.00973389 0.00894939 0.0090045 
0.0132572 0.0312597 0.037989 0.0139494 0.0155388 0.037656 0.0286427 0.0146678 0.0108796 0.0156403 0.0208468 0.0701437 0.0923871 0.0537636 0.0329456 0.0156788 0.0122635 0.0146731 0.0198911 0.00429412 0.00363717 0.00368815 0.00358463 0.0035561 0 0.00356068 0.00353896 0.00355365 0.00387423 0.0124722 0.0301139 0.0442178 0.0365692 0.0199643 0.0115115 0.0193968 0.0173465 0.013978 0.0097998 0.00927953 0.0242643 0.0599708 0.115117 0.07948 0.0295369 0.0109699 0.0172797 0.026882 0.0266989 0.0175387 0.0112457 0.00952849 0.0140455 0.0531408 0.0904098 0.0324881 0.0112538 0.00849291 0.00905417 0.0103692 0.00928496 0.00951129 
0.0118586 0.0306983 0.044498 0.0122029 0.0135793 0.0459283 0.0296367 0.0124476 0.0108411 0.0125732 0.0218252 0.0480297 0.125628 0.0484875 0.0208435 0.0219655 0.0138224 0.0169387 0.0177675 0.00398898 0.00385341 0.00427219 0.00362495 0.00358753 0.00356068 0 0.00353752 0.00354881 0.0036648 0.0135962 0.0383159 0.0386631 0.0791889 0.017891 0.0114735 0.0178553 0.0177235 0.0136631 0.00907476 0.00987576 0.0166054 0.0648948 0.105868 0.067894 0.0267108 0.011018 0.0130363 0.0259873 0.0325418 0.0160542 0.0113873 0.00974918 0.0158183 0.0367949 0.10234 0.0321155 0.0105808 0.00858957 0.00893078 0.0104066 0.00919896 0.00955853 
0.0108424 0.0140679 0.0176645 0.0116477 0.011514 0.0147251 0.0269506 0.0125057 0.0128451 0.0145231 0.012154 0.0192417 0.0197593 0.099517 0.0203281 0.0162388 0.0171807 0.0188215 0.0372794 0.00432738 0.0048444 0.00354006 0.00350142 0.00354497 0.00353896 0.00353752 0 0.00353763 0.00375022 0.0124427 0.0244306 0.026134 0.0293108 0.0235386 0.0130141 0.01268 0.0167523 0.0119951 0.0110669 0.0112137 0.0149729 0.0223031 0.0257345 0.0158165 0.0240212 0.0112665 0.0125885 0.0135623 0.0177526 0.0123912 0.011276 0.0096132 0.0109251 0.0148869 0.0195413 0.0204977 0.00976093 0.00925982 0.00865963 0.00845505 0.00867937 0.00849189 
0.010452 0.00869679 0.00885947 0.0107238 0.0111172 0.00940961 0.00912214 0.012439 0.0138679 0.0177069 0.00939086 0.0101887 0.0107381 0.0120908 0.044559 0.012664 0.0142172 0.0168241 0.0192125 0.0121707 0.00364755 0.00357431 0.00358884 0.00355605 0.00355365 0.00354881 0.00353763 0 0.00495439 0.00985121 0.00785277 0.0085665 0.00982502 0.0129098 0.0141628 0.0103627 0.00967196 0.013028 0.0119033 0.0127691 0.0166681 0.0103725 0.009898 0.00957244 0.0103108 0.0113865 0.0128777 0.0091436 0.00904238 0.0101432 0.00992313 0.00939461 0.0110324 0.00898318 0.00909377 0.00923443 0.0100656 0.00939142 0.00816735 0.00815805 0.0082056 0.00857403 
0.0090828 0.00827773 0.00851045 0.0103314 0.00967116 0.00882617 0.0089681 0.0122769 0.033159 0.0143054 0.00948802 0.0093223 0.00961902 0.0100163 0.0139756 0.0145529 0.0167335 0.0178532 0.0183696 0.00662665 0.00472749 0.00413101 0.00383351 0.00384278 0.00387423 0.0036648 0.00375022 0.00495439 0 0.0141621 0.00660337 0.00543029 0.00749648 0.0109828 0.0148538 0.0102156 0.0105974 0.0101768 0.0301041 0.0275117 0.0126724 0.00981927 0.00890985 0.0092823 0.00924104 0.0162177 0.0102358 0.00848348 0.00881861 0.00894313 0.00992989 0.0120929 0.00962371 0.0086969 0.00850486 0.00883597 0.0114525 0.00949868 0.00837121 0.00815499 0.00841614 0.00975132 
0.00888313 0.00917244 0.00884562 0.0101364 0.00923682 0.0101195 0.00894943 0.010727 0.0133396 0.0264003 0.00939294 0.0177462 0.0103575 0.0152083 0.0124611 0.0120466 0.0169159 0.0137059 0.0152235 0.0132107 0.00982388 0.00802655 0.0116454 0.00976831 0.0124722 0.0135962 0.0124427 0.00985121 0.0141621 0 0.00377289 0.0035868 0.0035883 0.00372337 0.013795 0.0208371 0.00867737 0.0189131 0.0158255 0.0139912 0.0267403 0.0149216 0.0141844 0.00919195 0.0189039 0.0103522 0.0115018 0.0101421 0.00882566 0.012053 0.00860096 0.0101933 0.0191249 0.0116654 0.0109449 0.00942895 0.0110056 0.00833747 0.00818949 0.0082014 0.00864157 0.00962713 
0.00891361 0.00973913 0.0127156 0.00846648 0.00918902 0.0116736 0.0130222 0.00881612 0.00969966 0.00920943 0.0343901 0.0105772 0.0419302 0.0124297 0.0114111 0.01377 0.00918361 0.0141552 0.00981935 0.0104089 0.00962509 0.0125903 0.0100491 0.022304 0.0301139 0.0383159 0.0244306 0.00785277 0.00660337 0.00377289 0 0.00356842 0.00357921 0.0035639 0.0380542 0.0215126 0.0351088 0.00897048 0.00937385 0.00985012 0.0137124 0.047408 0.0137643 0.0445931 0.0108403 0.011034 0.0116195 0.0120981 0.0213484 0.00917022 0.00931213 0.00889658 0.0107057 0.025575 0.0189494 0.0146799 0.00900786 0.00826296 0.00853838 0.00860012 0.00895643 0.00873647 
0.00948874 0.0152111 0.0249869 0.0102037 0.00914807 0.0234087 0.017185 0.0112022 0.0104729 0.0211745 0.00972861 0.158075 0.0257051 0.0505518 0.0138151 0.0108717 0.0122403 0.0110592 0.0146982 0.0100727 0.014351 0.0110854 0.0259557 0.0191631 0.0442178 0.0386631 0.026134 0.0085665 0.00543029 0.0035868 0.00356842 0 0.00357684 0.00362002 0.0096442 0.0965353 0.0207977 0.0375894 0.0100712 0.00975203 0.020961 0.0253566 0.210816 0.0158801 0.042665 0.00941358 0.0129894 0.0316348 0.0144129 0.026793 0.0097906 0.00947685 0.0165756 0.025409 0.0899182 0.0222835 0.0113171 0.00861178 0.00861503 0.0106614 0.00939349 0.00903554 
0.0101206 0.0118754 0.0263852 0.00998206 0.011825 0.0144467 0.0209296 0.0119623 0.0103957 0.00920303 0.0585865 0.0126918 0.0915039 0.0441167 0.0375681 0.0165665 0.0102649 0.0184807 0.0154558 0.0134431 0.0151246 0.0221271 0.0119125 0.0310456 0.0365692 0.0791889 0.0293108 0.00982502 0.00749648 0.0035883 0.00357921 0.00357684 0 0.00355776 0.0456703 0.0133003 0.186268 0.0170785 0.0119445 0.0115951 0.0175705 0.0952782 0.0275384 0.0791966 0.0163089 0.0248315 0.0170421 0.0166338 0.107684 0.0118898 0.0181421 0.0125491 0.0111164 0.0426714 0.0496909 0.0567585 0.0125952 0.00878058 0.00963919 0.009519 0.0108011 0.00988888 
0.0128178 0.0104582 0.0102589 0.0127058 0.0147069 0.0110066 0.0104324 0.0135002 0.0186364 0.0399763 0.00900856 0.019112 0.0129071 0.0351965 0.0335473 0.0180767 0.0209178 0.0225759 0.0294522 0.0353225 0.0110556 0.00981368 0.0172135 0.0145117 0.0199643 0.017891 0.0235386 0.0129098 0.0109828 0.00372337 0.0035639 0.00362002 0.00355776 0 0.0140554 0.0181429 0.0159706 0.0758636 0.0360471 0.0221005 0.0527837 0.0140974 0.0237071 0.0111015 0.0273441 0.0135802 0.0402422 0.0150484 0.0134547 0.021666 0.0198327 0.0154678 0.0293356 0.014648 0.0188044 0.0209961 0.0182223 0.0140359 0.00851763 0.00864711 0.0111085 0.0104229 
0.00872115 0.00810327 0.00865179 0.00851432 0.0102722 0.00829456 0.00853778 0.00962111 0.00925312 0.00836423 0.0112593 0.0082209 0.0113819 0.00850821 0.0137567 0.0112886 0.00952434 0.0112316 0.00992237 0.0108182 0.00871366 0.0110102 0.00900651 0.0107734 0.0115115 0.0114735 0.0130141 0.0141628 0.0148538 0.013795 0.0380542 0.0096442 0.0456703 0.0140554 0 0.00416027 0.00378033 0.00383657 0.00557671 0.0147044 0.0215816 0.0114499 0.00867264 0.0289455 0.00827496 0.181224 0.0129413 0.00885908 0.0138099 0.00935985 0.00974394 0.013061 0.0117731 0.0101266 0.0102581 0.00980801 0.0126393 0.00957343 0.00868669 0.00896144 0.00890933 0.0147049 
0.00821122 0.00929868 0.00855795 0.00841833 0.00815415 0.0107578 0.00896136 0.00846014 0.0106037 0.0136811 0.00822039 0.0270949 0.0092298 0.0155062 0.00884895 0.00864335 0.0106507 0.00970052 0.0108986 0.0107862 0.0126742 0.00897652 0.021955 0.0133206 0.0193968 0.0178553 0.01268 0.0103627 0.0102156 0.0208371 0.0215126 0.0965353 0.0133003 0.0181429 0.00416027 0 0.00359883 0.00356187 0.00397357 0.00657124 0.0149758 0.0170061 0.0446441 0.00849531 0.184645 0.00848703 0.0106072 0.0202675 0.0092025 0.0122304 0.00907729 0.00926511 0.0179139 0.0212818 0.0153534 0.0120169 0.00954701 0.00877086 0.00884167 0.00904378 0.0105875 0.00890145 
0.00856718 0.00852242 0.00923825 0.00825779 0.00957336 0.00888672 0.00889894 0.00853953 0.00836783 0.00821833 0.0180709 0.0086035 0.0219952 0.0101843 0.0119147 0.00998199 0.00861411 0.0103791 0.00906111 0.0100114 0.00923874 0.0128615 0.00925678 0.013911 0.0173465 0.0177235 0.0167523 0.00967196 0.0105974 0.00867737 0.0351088 0.0207977 0.186268 0.0159706 0.00378033 0.00359883 0 0.00352392 0.00361102 0.0068941 0.0106494 0.0362051 0.0105573 0.180715 0.00883515 0.0226413 0.0115469 0.0101777 0.0389151 0.00902988 0.0113972 0.0105146 0.00959467 0.0171824 0.0239024 0.019797 0.00960301 0.00890276 0.00884374 0.00883942 0.00919129 0.00959489 
0.00824142 0.00867222 0.00828186 0.00862781 0.0084558 0.00858686 0.00843216 0.00871704 0.00942365 0.0134141 0.00817455 0.0180642 0.00929261 0.0113554 0.00940826 0.00872588 0.00883736 0.00918663 0.0101741 0.0134216 0.00877295 0.00884646 0.0107355 0.0119308 0.013978 0.0136631 0.0119951 0.013028 0.0101768 0.0189131 0.00897048 0.0375894 0.0170785 0.0758636 0.00383657 0.00356187 0.00352392 0 0.00380746 0.00705684 0.0455026 0.00999967 0.113855 0.00973963 0.0149965 0.00949507 0.0141643 0.0104724 0.00998323 0.0151583 0.0104538 0.00927052 0.0184957 0.0105151 0.0134571 0.0118369 0.0124459 0.00906441 0.00834247 0.00848337 0.00891023 0.00974304 
0.00905393 0.0082002 0.00810714 0.00882119 0.00975641 0.00818644 0.00815971 0.00925711 0.0142183 0.0118486 0.0084702 0.00838568 0.00841944 0.00895701 0.0100203 0.0100224 0.00988044 0.0109347 0.0107407 0.0148538 0.00878846 0.00848121 0.00900917 0.00913484 0.0097998 0.00907476 0.0110669 0.0119033 0.0301041 0.0158255 0.00937385 0.0100712 0.0119445 0.0360471 0.00557671 0.00397357 0.00361102 0.00380746 0 0.953726 0.0236917 0.0257079 0.00880206 0.0102362 0.0089597 0.0149712 0.0149582 0.00940971 0.00992074 0.0102351 0.0116825 0.0147864 0.0136289 0.0101396 0.00897696 0.00991977 0.0123621 0.0126275 0.00860417 0.00836355 0.00862842 0.00986896 
0.00892083 0.00812265 0.00819592 0.00906701 0.0096106 0.00824175 0.00812785 0.00994595 0.0194009 0.0112044 0.00832858 0.00839687 0.00851609 0.00888783 0.0104526 0.0108814 0.0114751 0.0136872 0.0120583 0.012877 0.00863881 0.00839726 0.00897853 0.00946817 0.00927953 0.00987576 0.0112137 0.0127691 0.0275117 0.0139912 0.00985012 0.00975203 0.0115951 0.0221005 0.0147044 0.00657124 0.0068941 0.00705684 0.953726 0 0.0307518 0.0146271 0.0074678 0.00656804 0.00717602 0.0131192 0.0211833 0.0099966 0.0105825 0.0106711 0.0165422 0.021801 0.0198475 0.0123411 0.00965927 0.0111127 0.0150623 0.0118777 0.00883014 0.00859681 0.00886762 0.0111924 
0.00886194 0.00861925 0.00904714 0.00917749 0.00913524 0.0091462 0.00889355 0.010651 0.0120282 0.0128745 0.00892307 0.0112788 0.0105955 0.0112795 0.0115435 0.0104181 0.0118931 0.0107243 0.0133569 0.0102677 0.009163 0.00946042 0.0139764 0.0166109 0.0242643 0.0166054 0.0149729 0.0166681 0.0126724 0.0267403 0.0137124 0.020961 0.0175705 0.0527837 0.0215816 0.0149758 0.0106494 0.0455026 0.0236917 0.0307518 0 0.00411942 0.00363313 0.00358857 0.00362173 0.00644805 0.10257 0.0205907 0.0136975 0.0214914 0.0125509 0.0243256 0.055527 0.0375402 0.0169504 0.0176652 0.0253816 0.0121979 0.0102529 0.00969237 0.0111961 0.0238593 
0.00850529 0.00994832 0.0102245 0.00871181 0.00870079 0.011257 0.00982758 0.00880137 0.0094458 0.00912968 0.0150716 0.0126817 0.0275546 0.0148609 0.0105259 0.0103828 0.00916961 0.0115667 0.0100541 0.00932926 0.0111532 0.0147481 0.0204122 0.0611213 0.0599708 0.0648948 0.0223031 0.0103725 0.00981927 0.0149216 0.047408 0.0253566 0.0952782 0.0140974 0.0114499 0.0170061 0.0362051 0.00999967 0.0257079 0.0146271 0.00411942 0 0.00355081 0.00356027 0.00366094 0.00368173 0.055291 0.0703834 0.0373442 0.0122392 0.0177591 0.0122447 0.0280346 0.0997368 0.0583708 0.0441389 0.0135589 0.00934797 0.0107929 0.0110508 0.0143688 0.011854 
0.00886602 0.0114916 0.0123394 0.00925616 0.00921961 0.0135186 0.0102051 0.00903927 0.00897793 0.0101177 0.00983611 0.0495869 0.0240526 0.0288338 0.0102453 0.00905827 0.00883574 0.0095485 0.0101132 0.00947756 0.0147406 0.0161576 0.0533535 0.0646364 0.115117 0.105868 0.0257345 0.009898 0.00890985 0.0141844 0.0137643 0.210816 0.0275384 0.0237071 0.00867264 0.0446441 0.0105573 0.113855 0.00880206 0.0074678 0.00363313 0.00355081 0 0.00354575 0.00353029 0.00356002 0.0336239 0.06089 0.0340503 0.0263417 0.0130317 0.0110773 0.0228224 0.0473231 0.140949 0.0474958 0.0131258 0.00966362 0.0109309 0.0138642 0.0157803 0.0121824 
0.00844383 0.00894681 0.010457 0.00870552 0.00880989 0.00965212 0.00932274 0.00923814 0.00832599 0.00840416 0.0162263 0.012352 0.0478653 0.0114068 0.0117921 0.00908088 0.00851562 0.00924671 0.00901347 0.00892629 0.0101606 0.0278129 0.0157712 0.0512725 0.07948 0.067894 0.0158165 0.00957244 0.0092823 0.00919195 0.0445931 0.0158801 0.0791966 0.0111015 0.0289455 0.00849531 0.180715 0.00973963 0.0102362 0.00656804 0.00358857 0.00356027 0.00354575 0 0.00354103 0.00358782 0.0245809 0.0279517 0.0730431 0.0165882 0.0115678 0.0103315 0.0142682 0.0340106 0.0910169 0.0310412 0.0131944 0.0091425 0.00955213 0.0234827 0.0102055 0.0142004 
0.0083359 0.0095007 0.00888761 0.00857602 0.00824495 0.0101555 0.00875994 0.00833615 0.0088838 0.0114188 0.0085631 0.0215834 0.0101123 0.0231086 0.00893404 0.00900508 0.00915903 0.00934203 0.0122625 0.00934905 0.0143227 0.00927129 0.0189837 0.0182698 0.0295369 0.0267108 0.0240212 0.0103108 0.00924104 0.0189039 0.0108403 0.042665 0.0163089 0.0273441 0.00827496 0.184645 0.00883515 0.0149965 0.0089597 0.00717602 0.00362173 0.00366094 0.00353029 0.00354103 0 0.00353518 0.015508 0.0849938 0.0525568 0.023182 0.0151496 0.0128703 0.0178367 0.0387098 0.0325772 0.0461471 0.0189374 0.00955746 0.0115346 0.00913065 0.0143821 0.00980266 
0.00929875 0.00823762 0.00850389 0.00845707 0.00984673 0.00841779 0.00839172 0.00852363 0.00922672 0.00863139 0.00986889 0.00856462 0.010108 0.00857013 0.0133833 0.0100863 0.00857739 0.0116096 0.00870211 0.0152115 0.00852932 0.00915034 0.00939467 0.0101077 0.0109699 0.011018 0.0112665 0.0113865 0.0162177 0.0103522 0.011034 0.00941358 0.0248315 0.0135802 0.181224 0.00848703 0.0226413 0.00949507 0.0149712 0.0131192 0.00644805 0.00368173 0.00356002 0.00358782 0.00353518 0 0.0311909 0.0117957 0.0917494 0.0268432 0.0216267 0.0242973 0.0153971 0.0134294 0.0128293 0.0178547 0.0292073 0.0193279 0.00898096 0.00937027 0.00902269 0.0127699 
0.00854735 0.00835744 0.00875864 0.00893364 0.00851703 0.00853268 0.00857402 0.0095727 0.00968398 0.00888366 0.008621 0.00933515 0.00958559 0.0104303 0.0109644 0.00906762 0.0106046 0.00953292 0.0110556 0.0086655 0.00868624 0.0091308 0.0098381 0.0127367 0.0172797 0.0130363 0.0125885 0.0128777 0.0102358 0.0115018 0.0116195 0.0129894 0.0170421 0.0402422 0.0129413 0.0106072 0.0115469 0.0141643 0.0149582 0.0211833 0.10257 0.055291 0.0336239 0.0245809 0.015508 0.0311909 0 0.00490413 0.00366592 0.00404495 0.00380241 0.0180075 0.0172012 0.0181768 0.0155808 0.0285883 0.0578553 0.0128546 0.0100741 0.010141 0.012362 0.0360207 
0.00826095 0.00882751 0.00881526 0.00858339 0.00818027 0.00901298 0.00870523 0.00834714 0.00832911 0.00863247 0.00854784 0.0113582 0.0109405 0.011468 0.00864328 0.00861961 0.00866273 0.00896107 0.00881352 0.00833195 0.00906168 0.00953665 0.0123715 0.0182864 0.026882 0.0259873 0.0135623 0.0091436 0.00848348 0.0101421 0.0120981 0.0316348 0.0166338 0.0150484 0.00885908 0.0202675 0.0101777 0.0104724 0.00940971 0.0099966 0.0205907 0.0703834 0.06089 0.0279517 0.0849938 0.0117957 0.00490413 0 0.0036541 0.00356619 0.00550643 0.00843629 0.0159279 0.0153106 0.0323333 0.0608066 0.0158647 0.00865324 0.0106514 0.0101978 0.0168776 0.0122737 
0.00823317 0.00874462 0.00922894 0.00824516 0.00825881 0.00905406 0.00886433 0.00822101 0.00825441 0.00818904 0.0100979 0.00954252 0.011279 0.0120019 0.00960761 0.00871293 0.00826169 0.00878473 0.00874428 0.00858379 0.0089562 0.0104518 0.0106851 0.0196086 0.0266989 0.0325418 0.0177526 0.00904238 0.00881861 0.00882566 0.0213484 0.0144129 0.107684 0.0134547 0.0138099 0.0092025 0.0389151 0.00998323 0.00992074 0.0105825 0.0136975 0.0373442 0.0340503 0.0730431 0.0525568 0.0917494 0.00366592 0.0036541 0 0.00356161 0.0037862 0.0138375 0.0082533 0.047309 0.0392759 0.0294244 0.0150699 0.0115778 0.0109597 0.0124376 0.0128839 0.0168061 
0.00831534 0.00843846 0.00833998 0.00860518 0.00838237 0.00834808 0.00849721 0.00840518 0.00869615 0.00900016 0.00821317 0.0101208 0.00941271 0.0103812 0.00968906 0.00856824 0.00838878 0.00920528 0.00921635 0.00956798 0.00859783 0.00928365 0.0102356 0.0140555 0.0175387 0.0160542 0.0123912 0.0101432 0.00894313 0.012053 0.00917022 0.026793 0.0118898 0.021666 0.00935985 0.0122304 0.00902988 0.0151583 0.0102351 0.0106711 0.0214914 0.0122392 0.0263417 0.0165882 0.023182 0.0268432 0.00404495 0.00356619 0.00356161 0 0.00709011 0.0036804 0.0110908 0.0129701 0.0180597 0.0143559 0.0170099 0.00994999 0.00868564 0.00880812 0.0112111 0.0193707 
0.00830352 0.00817645 0.00823948 0.0082136 0.0081376 0.0082386 0.00812099 0.00840855 0.00886886 0.00818784 0.00837845 0.00861434 0.00867408 0.00910846 0.00942591 0.00826674 0.00865627 0.00860052 0.0098245 0.0084215 0.008366 0.00835252 0.00868348 0.00989174 0.0112457 0.0113873 0.011276 0.00992313 0.00992989 0.00860096 0.00931213 0.0097906 0.0181421 0.0198327 0.00974394 0.00907729 0.0113972 0.0104538 0.0116825 0.0165422 0.0125509 0.0177591 0.0130317 0.0115678 0.0151496 0.0216267 0.00380241 0.00550643 0.0037862 0.00709011 0 0.00416807 0.00602198 0.0174371 0.0197978 0.0147413 0.0186535 0.00947257 0.00828079 0.00901731 0.00941671 0.0165093 
0.00875502 0.00822847 0.00845733 0.00877161 0.00887381 0.00829301 0.00829955 0.00853965 0.00961381 0.00906303 0.00843845 0.00875256 0.00871217 0.00883477 0.00944335 0.00981257 0.00856996 0.0113766 0.00900829 0.0103654 0.00839043 0.00820586 0.00850871 0.0089769 0.00952849 0.00974918 0.0096132 0.00939461 0.0120929 0.0101933 0.00889658 0.00947685 0.0125491 0.0154678 0.013061 0.00926511 0.0105146 0.00927052 0.0147864 0.021801 0.0243256 0.0122447 0.0110773 0.0103315 0.0128703 0.0242973 0.0180075 0.00843629 0.0138375 0.0036804 0.00416807 0 0.0295626 0.0175873 0.00779927 0.0172148 0.014096 0.013823 0.00831512 0.00795822 0.0138769 0.014658 
0.00870367 0.00844252 0.00865637 0.00855913 0.00856579 0.00873 0.00852024 0.008853 0.0112217 0.0124617 0.0083568 0.0112398 0.00931924 0.00967519 0.00980354 0.00886798 0.010334 0.00928138 0.0103841 0.00897682 0.00901301 0.00894424 0.0125734 0.015032 0.0140455 0.0158183 0.0109251 0.0110324 0.00962371 0.0191249 0.0107057 0.0165756 0.0111164 0.0293356 0.0117731 0.0179139 0.00959467 0.0184957 0.0136289 0.0198475 0.055527 0.0280346 0.0228224 0.0142682 0.0178367 0.0153971 0.0172012 0.0159279 0.0082533 0.0110908 0.00602198 0.0295626 0 0.00412821 0.0035974 0.003638 0.00403074 0.00825042 0.00644052 0.0077851 0.0140369 0.95438 
0.00843257 0.00911574 0.00917838 0.00858578 0.00875061 0.00932811 0.00872426 0.00896753 0.00862481 0.00902904 0.0101075 0.0108483 0.0161223 0.0109187 0.00912684 0.00962286 0.00885949 0.0102136 0.00970093 0.00886412 0.00976375 0.0112022 0.0162821 0.0358105 0.0531408 0.0367949 0.0148869 0.00898318 0.0086969 0.0116654 0.025575 0.025409 0.0426714 0.014648 0.0101266 0.0212818 0.0171824 0.0105151 0.0101396 0.0123411 0.0375402 0.0997368 0.0473231 0.0340106 0.0387098 0.0134294 0.0181768 0.0153106 0.047309 0.0129701 0.0174371 0.0175873 0.00412821 0 0.00364928 0.0035617 0.00369471 0.0053591 0.00921066 0.0113809 0.965392 0.0407357 
0.00861674 0.0100647 0.0101499 0.00920821 0.00877158 0.00984469 0.00980453 0.00865716 0.00870335 0.00909635 0.00974585 0.018042 0.0193849 0.0150869 0.00947626 0.00888079 0.00869878 0.00921183 0.00906408 0.00868418 0.0104651 0.0183178 0.0258617 0.0641871 0.0904098 0.10234 0.0195413 0.00909377 0.00850486 0.0109449 0.0189494 0.0899182 0.0496909 0.0188044 0.0102581 0.0153534 0.0239024 0.0134571 0.00897696 0.00965927 0.0169504 0.0583708 0.140949 0.0910169 0.0325772 0.0128293 0.0155808 0.0323333 0.0392759 0.0180597 0.0197978 0.00779927 0.0035974 0.00364928 0 0.00367526 0.00358992 0.0060687 0.0127476 0.971829 0.0293614 0.014421 
0.00842171 0.00884401 0.00932589 0.00864443 0.00838274 0.00907363 0.00903696 0.00832065 0.00872224 0.00849955 0.00902073 0.0109942 0.0113478 0.0132054 0.0105106 0.00874832 0.00862811 0.00908459 0.0097154 0.008896 0.00924517 0.010304 0.0118557 0.0191339 0.0324881 0.0321155 0.0204977 0.00923443 0.00883597 0.00942895 0.0146799 0.0222835 0.0567585 0.0209961 0.00980801 0.0120169 0.019797 0.0118369 0.00991977 0.0111127 0.0176652 0.0441389 0.0474958 0.0310412 0.0461471 0.0178547 0.0285883 0.0608066 0.0294244 0.0143559 0.0147413 0.0172148 0.003638 0.0035617 0.00367526 0 0.00362447 0.0118092 0.954864 0.0126671 0.0219663 0.0108505 
0.00872631 0.00829551 0.00820382 0.0086405 0.00864777 0.00825393 0.00830209 0.00838027 0.00944792 0.00887155 0.00831211 0.0087411 0.00901648 0.00885819 0.0106048 0.00882372 0.00844756 0.00964573 0.00902242 0.0109585 0.00841417 0.00856144 0.00904635 0.010083 0.0112538 0.0105808 0.00976093 0.0100656 0.0114525 0.0110056 0.00900786 0.0113171 0.0125952 0.0182223 0.0126393 0.00954701 0.00960301 0.0124459 0.0123621 0.0150623 0.0253816 0.0135589 0.0131258 0.0131944 0.0189374 0.0292073 0.0578553 0.0158647 0.0150699 0.0170099 0.0186535 0.014096 0.00403074 0.00369471 0.00358992 0.00362447 0 0.954186 0.0062579 0.00475472 0.00492875 0.0154067 
0.00822239 0.00800303 0.00814464 0.00826761 0.00839403 0.00801587 0.00802616 0.00864649 0.00881044 0.0082535 0.00806888 0.00811524 0.00815576 0.0082899 0.00850087 0.00815098 0.00873843 0.00828146 0.00842087 0.00825229 0.00817904 0.00811188 0.00813758 0.00853285 0.00849291 0.00858957 0.00925982 0.00939142 0.00949868 0.00833747 0.00826296 0.00861178 0.00878058 0.0140359 0.00957343 0.00877086 0.00890276 0.00906441 0.0126275 0.0118777 0.0121979 0.00934797 0.00966362 0.0091425 0.00955746 0.0193279 0.0128546 0.00865324 0.0115778 0.00994999 0.00947257 0.013823 0.00825042 0.0053591 0.0060687 0.0118092 0.954186 0 0.00400614 0.00364183 0.00396677 0.00747326 
0.00812108 0.0081857 0.00826295 0.00801901 0.00808502 0.00826085 0.0080855 0.00801924 0.00806164 0.00813025 0.00819751 0.00828506 0.00840732 0.00826053 0.00803074 0.0080729 0.00808524 0.00818355 0.0080773 0.00819671 0.00820961 0.00810006 0.00848815 0.00864796 0.00905417 0.00893078 0.00865963 0.00816735 0.00837121 0.00818949 0.00853838 0.00861503 0.00963919 0.00851763 0.00868669 0.00884167 0.00884374 0.00834247 0.00860417 0.00883014 0.0102529 0.0107929 0.0109309 0.00955213 0.0115346 0.00898096 0.0100741 0.0106514 0.0109597 0.00868564 0.00828079 0.00831512 0.00644052 0.00921066 0.0127476 0.954864 0.0062579 0.00400614 0 0.00387246 0.00405926 0.00383749 
0.00811542 0.00820661 0.00826686 0.00805076 0.00825881 0.00825694 0.00816382 0.00800034 0.00804408 0.00818091 0.00826722 0.00853229 0.00861194 0.0083058 0.00806708 0.00807561 0.00799424 0.00811946 0.00799689 0.00817498 0.00824709 0.0084425 0.00861104 0.00973389 0.0103692 0.0104066 0.00845505 0.00815805 0.00815499 0.0082014 0.00860012 0.0106614 0.009519 0.00864711 0.00896144 0.00904378 0.00883942 0.00848337 0.00836355 0.00859681 0.00969237 0.0110508 0.0138642 0.0234827 0.00913065 0.00937027 0.010141 0.0101978 0.0124376 0.00880812 0.00901731 0.00795822 0.0077851 0.0113809 0.971829 0.0126671 0.00475472 0.00364183 0.00387246 0 0.00370977 0.00358128 
