1LN4A
MDLSTKQKQHLKGLAHPLKPVVLLGSNGLTEGVLAEIEQALEHHELIKVKIATEDRETKTLIVEAIVRETGACNVQVIGKTLVLYRPTKERKISLPLE
CCCCHHHHHHHHHHHCCCCCCEEECCCCCCHHHHHHHHHHHHHHCEEEEEECCCCHHHHHHHHHHHHHHHCCEEEEEECCEEEEECCCCCCCCCCCCC
0 0 0 0 0 0 0 0 0 0 0 0 0 0 0 0 0 0 0 0 0 0 0 0 0 0 0 0 0 0 0 0 0 0 0 0 0 0 0 0 0 0 0 0 0 0 0 0 0 0 0 0 0 0 0 0 0 0 0 0 0 0 0 0 0 0 0 0 0 0 0 0 0 0 0 0 0 0 0 0 0 0 0 0 0 0 0 0 0 0 0 0 0 0 0 0 0 0 
0 0 0 0 0 0 0 0 0 0 0 0 0 0 0 0 0 0 0 0 0 0 0 0 0 0 0 0 0 0 0 0 0 0 0 0 0 0 0 0 0 0 0 0 0 0 0 0 0 0 0 0 0 0 0 0 0 0 0 0 0 0 0 0 0 0 0 0 0 0 0 0 0 0 0 0 0 0 0 0 0 0 0 0 0 0 0 0 0 0 0 0 0 0 0 0 0 0 
0 0.00409503 0.00505578 0.0625978 0.0418773 0.0177004 0.127489 0.0106871 0.0800088 0.0160533 0.00925663 0.0211328 0.00928096 0.0146175 0.0133914 0.0219606 0.0187805 0.0130029 0.0120549 0.0180694 
0.00409503 0 0.00364122 0.0176446 0.0523865 0.0556045 0.011713 0.415611 0.00932869 0.0100483 0.0280541 0.00861014 0.0201511 0.0108025 0.00985686 0.0128903 0.0247446 0.0192442 0.0287612 0.00992865 
0.00505578 0.00364122 0 0.0330962 0.0187833 0.0148681 0.0479838 0.0120807 0.420972 0.0194762 0.00863514 0.0132583 0.00881733 0.0114428 0.0107029 0.018976 0.0119075 0.0109672 0.0122595 0.0168786 
0.0625978 0.0176446 0.0330962 0 0.00377683 0.0036869 0.00363257 0.00378794 0.00457503 0.0554547 0.016153 0.0104323 0.013906 0.0107504 0.0332041 0.0224375 0.0164646 0.0169133 0.0129168 0.0846694 
0.0418773 0.0523865 0.0187833 0.00377683 0 0.00355823 0.00356056 0.00365735 0.00377252 0.0415162 0.0326422 0.0297571 0.0108193 0.0326991 0.0102592 0.0165473 0.0683419 0.0236442 0.100209 0.0155282 
0.0177004 0.0556045 0.0148681 0.0036869 0.00355823 0 0.00355992 0.00385509 0.00355958 0.0228191 0.0691972 0.0168582 0.0901987 0.0103893 0.0116026 0.015632 0.0191137 0.183111 0.0221466 0.0141676 
0.127489 0.011713 0.0479838 0.00363257 0.00356056 0.00355992 0 0.00354547 0.0039011 0.0291267 0.0115451 0.207219 0.0133229 0.0344248 0.0098017 0.0175544 0.0762037 0.0409405 0.0283377 0.0129117 
0.0106871 0.415611 0.0120807 0.00378794 0.00365735 0.00385509 0.00354547 0 0.00355257 0.0145883 0.0910616 0.00927092 0.0886257 0.0197814 0.0126727 0.0363821 0.0204616 0.0360104 0.0322216 0.0109566 
0.0800088 0.00932869 0.420972 0.00457503 0.00377252 0.00355958 0.0039011 0.00355257 0 0.030117 0.00907159 0.0308986 0.0107244 0.0666219 0.0388237 0.0193584 0.0151267 0.0136841 0.0218437 0.0206023 
0.0160533 0.0100483 0.0194762 0.0554547 0.0415162 0.0228191 0.0291267 0.0145883 0.030117 0 0.00362775 0.00366648 0.00364925 0.0039581 0.00450814 0.00747188 0.00606835 0.00709464 0.010475 0.719315 
0.00925663 0.0280541 0.00863514 0.016153 0.0326422 0.0691972 0.0115451 0.0910616 0.00907159 0.00362775 0 0.00352967 0.00362007 0.00358071 0.00359169 0.00470268 0.00693783 0.00690862 0.557786 0.16678 
0.0211328 0.00861014 0.0132583 0.0104323 0.0297571 0.0168582 0.207219 0.00927092 0.0308986 0.00366648 0.00352967 0 0.0035489 0.00363116 0.00354704 0.00459192 0.00583068 0.102793 0.222822 0.00928342 
0.00928096 0.0201511 0.00881733 0.013906 0.0108193 0.0901987 0.0133229 0.0886257 0.0107244 0.00364925 0.00362007 0.0035489 0 0.00360949 0.00357038 0.00544613 0.0234015 0.775589 0.0164929 0.00585035 
0.0146175 0.0108025 0.0114428 0.0107504 0.0326991 0.0103893 0.0344248 0.0197814 0.0666219 0.0039581 0.00358071 0.00363116 0.00360949 0 0.00363976 0.0132138 0.951329 0.00628057 0.00664537 0.00606609 
0.0133914 0.00985686 0.0107029 0.0332041 0.0102592 0.0116026 0.0098017 0.0126727 0.0388237 0.00450814 0.00359169 0.00354704 0.00357038 0.00363976 0 0.979788 0.00516604 0.00385226 0.00389421 0.00717703 
0.0219606 0.0128903 0.018976 0.0224375 0.0165473 0.015632 0.0175544 0.0363821 0.0193584 0.00747188 0.00470268 0.00459192 0.00544613 0.0132138 0.979788 0 0.00370202 0.00360022 0.00372915 0.00613348 
0.0187805 0.0247446 0.0119075 0.0164646 0.0683419 0.0191137 0.0762037 0.0204616 0.0151267 0.00606835 0.00693783 0.00583068 0.0234015 0.951329 0.00516604 0.00370202 0 0.00357916 0.00368911 0.00412995 
0.0130029 0.0192442 0.0109672 0.0169133 0.0236442 0.183111 0.0409405 0.0360104 0.0136841 0.00709464 0.00690862 0.102793 0.775589 0.00628057 0.00385226 0.00360022 0.00357916 0 0.00362399 0.00359415 
0.0120549 0.0287612 0.0122595 0.0129168 0.100209 0.0221466 0.0283377 0.0322216 0.0218437 0.010475 0.557786 0.222822 0.0164929 0.00664537 0.00389421 0.00372915 0.00368911 0.00362399 0 0.00357009 
0.0180694 0.00992865 0.0168786 0.0846694 0.0155282 0.0141676 0.0129117 0.0109566 0.0206023 0.719315 0.16678 0.00928342 0.00585035 0.00606609 0.00717703 0.00613348 0.00412995 0.00359415 0.00357009 0 
