1LO8A
ARSITMQQRIEFGDCDPAGIVWYPNYHRWLDAASRNYFIKCGLPPWRQTVVERGIVGTPIVSCNASFVCTASYDDVLTIETCIKEWRRKSFVQRHSVSRTTPGGDVQLVMRADEIRVFAMNDGERLRAIEVPADYIELCS
CCEEEEEEECCHHHECCCCCECCHHHHHHHHHHHHHHHHHCCCCCHHHHHHHCCEEECCEEEEEEEECCCCCCCCEEEEEEEEEEECCCCEEEEEEEEEECCCCCEEEEEEEEEEECEEEEECCEEEEECCCHHHHHHHC
0 0 0 0 0 0 0 0 0 0 0 0 0 0 0 0 0 0 0 0 0 0 0 0 0 0 0 0 0 0 0 0 0 0 0 0 0 0 0 0 0 0 0 0 0 0 0 0 0 0 0 0 0 0 0 0 0 0 0 0 0 0 0 0 0 0 0 0 0 0 0 0 0 0 0 0 0 0 0 0 0 0 0 0 0 0 0 0 0 0 0 0 0 0 0 0 0 0 0 0 0 0 0 0 0 0 0 0 0 0 0 0 0 0 0 0 0 0 0 0 0 0 0 0 0 0 0 0 0 0 0 0 0 0 0 0 0 0 0 0 
0 0 0 0 0 0 0 0 0 0 0 0 0 0 0 0 0 0 0 0 0 0 0 0 0 0 0 0 0 0 0 0 0 0 0 0 0 0 0 0 0 0 0 0 0 0 0 0 0 0 0 0 0 0 0 0 0 0 0 0 0 0 0 0 0 0 0 0 0 0 0 0 0 0 0 0 0 0 0 0 0 0 0 0 0 0 0 0 0 0 0 0 0 0 0 0 0 0 0 0 0 0 0 0 0 0 0 0 0 0 0 0 0 0 0 0 0 0 0 0 0 0 0 0 0 0 0 0 0 0 0 0 0 0 0 0 0 0 0 0 
0 0.00412238 0.00392693 0.00365548 0.00431335 0.00445156 0.0149776 0.00740275 0.0195878 0.0134342 0.0109888 0.015937 0.0156564 0.00926386 0.0100538 0.00900938 0.0108256 0.00858422 0.0126181 0.0123733 0.0152562 0.00918054 0.0137237 0.00875123 0.0105054 0.00857488 0.011119 0.00872479 0.00866809 0.00879873 0.0111143 0.00979281 0.00887674 0.0083467 0.00917195 0.00827407 0.00964132 0.00844804 0.00977646 0.00884941 0.0148668 0.00951575 0.00861934 0.0084484 0.0086677 0.00834465 0.00895137 0.00824023 0.00874248 0.00845413 0.00884544 0.00966894 0.00895834 0.00853936 0.00830731 0.00859985 0.00909635 0.00959643 0.00842715 0.0086065 0.00900989 0.00947719 
0.00412238 0 0.0035943 0.00366891 0.0036008 0.00507711 0.00424815 0.005994 0.00947735 0.0148881 0.00970191 0.013076 0.0108216 0.0122372 0.00853974 0.0112811 0.00840072 0.0155705 0.00915996 0.0111433 0.00879059 0.0241543 0.00906758 0.0232793 0.00842379 0.0283389 0.0089952 0.014441 0.00861639 0.0101409 0.00911473 0.00962098 0.00887304 0.010809 0.0084012 0.0122551 0.00846408 0.015206 0.00878147 0.0125439 0.00894262 0.00900851 0.00848312 0.00855213 0.00869296 0.00988445 0.00847602 0.0107369 0.00888651 0.00937585 0.0096845 0.00882724 0.00874825 0.0091264 0.00871961 0.0085077 0.008215 0.00820259 0.00879805 0.00833247 0.0085831 0.00937 
0.00392693 0.0035943 0 0.00354159 0.00366482 0.0036533 0.00393196 0.00453394 0.00751331 0.00920559 0.0111721 0.00949852 0.00968081 0.00891692 0.0147992 0.00854681 0.0208057 0.00858928 0.0121331 0.00850257 0.0140401 0.00860663 0.0467967 0.00863071 0.0592615 0.00965489 0.0209231 0.00912153 0.0126173 0.00863292 0.00832435 0.00880478 0.0116082 0.0088317 0.0164072 0.00847538 0.0234264 0.00890384 0.0190242 0.00859554 0.00947276 0.00839658 0.00884432 0.00965053 0.0106544 0.00892081 0.0156786 0.00863524 0.0126637 0.011651 0.00940268 0.010664 0.00950982 0.00930312 0.00876524 0.00839759 0.00808568 0.00858336 0.00823234 0.00880133 0.00887695 0.00810391 
0.00365548 0.00366891 0.00354159 0 0.00354129 0.00361596 0.00359175 0.00446674 0.00751876 0.0126182 0.00863068 0.010041 0.00951717 0.0103859 0.00859423 0.0177974 0.00853218 0.0128485 0.00838683 0.00973356 0.00855054 0.0251602 0.00871637 0.0528869 0.00870141 0.0210678 0.00936192 0.0151529 0.00876824 0.00847147 0.00856357 0.00923221 0.00886136 0.018058 0.00862179 0.0159402 0.00856325 0.0218055 0.00886058 0.0107268 0.00847437 0.00855556 0.00836155 0.00908967 0.00932124 0.0115843 0.0088574 0.0117628 0.0091784 0.0104748 0.009831 0.00897004 0.00912416 0.0091191 0.00904843 0.00835655 0.00807564 0.00816681 0.00842709 0.00850864 0.00838052 0.00872172 
0.00431335 0.0036008 0.00366482 0.00354129 0 0.00353502 0.00363884 0.00392689 0.00694796 0.00889045 0.00923919 0.0098287 0.0091091 0.00865419 0.0137547 0.00851152 0.0111182 0.00840836 0.00986503 0.00841029 0.0106514 0.00852377 0.0467089 0.00854256 0.0140913 0.00919373 0.0133949 0.0090416 0.00898938 0.00837032 0.00817404 0.008475 0.0104665 0.00881405 0.0120646 0.00844524 0.0124834 0.00869711 0.0115138 0.00851261 0.00871302 0.00815512 0.00838284 0.00874761 0.00948356 0.00868298 0.0107432 0.00853412 0.00952359 0.0100764 0.00859514 0.0093642 0.00854933 0.00873797 0.0085773 0.00819675 0.00802136 0.00818098 0.00820279 0.00852868 0.00841787 0.0081147 
0.00445156 0.00507711 0.0036533 0.00361596 0.00353502 0 0.00356296 0.0040469 0.00708042 0.0108643 0.00995807 0.00935159 0.0092907 0.0105064 0.00840304 0.00951246 0.0082971 0.0090928 0.00840286 0.00877656 0.00878228 0.033783 0.00847999 0.0130541 0.00849485 0.0111613 0.00875123 0.00950418 0.00848381 0.00831079 0.00819817 0.00949429 0.00932823 0.0100322 0.00831997 0.00984426 0.0083549 0.00975394 0.00850274 0.00921794 0.00823285 0.00851353 0.00829391 0.00853196 0.00840259 0.00889571 0.00849654 0.00899733 0.00846163 0.00883787 0.00902149 0.00834139 0.00880337 0.00905736 0.00858676 0.00824465 0.00798387 0.00825119 0.00841226 0.00819227 0.00815046 0.00821298 
0.0149776 0.00424815 0.00393196 0.00359175 0.00363884 0.00356296 0 0.00427771 0.0109113 0.0167593 0.0100536 0.0110196 0.0161496 0.00855613 0.00934951 0.00824634 0.00938906 0.0081965 0.00946864 0.00857042 0.0405279 0.00883704 0.0156389 0.0083977 0.0113598 0.00910588 0.00950866 0.00845386 0.00855117 0.00827039 0.00846096 0.0126697 0.00968101 0.00829098 0.00928947 0.00817509 0.0100651 0.00827912 0.0103006 0.00818622 0.00975225 0.00983961 0.00887848 0.00826778 0.00840489 0.00817079 0.00876857 0.00807067 0.00839845 0.00837538 0.00818508 0.00894043 0.00966122 0.00832715 0.00814805 0.0080376 0.00807197 0.00991205 0.00831433 0.00852228 0.00825291 0.00810685 
0.00740275 0.005994 0.00453394 0.00446674 0.00392689 0.0040469 0.00427771 0 0.91523 0.012515 0.00950733 0.0172904 0.0111053 0.00867728 0.00820605 0.00877132 0.00825447 0.00901701 0.00830202 0.0123385 0.00873595 0.0116261 0.00833777 0.0107727 0.00822678 0.00894494 0.0083315 0.00881246 0.00813945 0.00817773 0.00991118 0.00996902 0.00843706 0.00850023 0.0080585 0.00847823 0.00803221 0.00846229 0.00813699 0.00858451 0.00944936 0.00941542 0.0080902 0.00799643 0.00804384 0.00830797 0.00801973 0.00829306 0.00804482 0.00808728 0.00838767 0.00843336 0.00831047 0.00817875 0.00802295 0.00810008 0.0086416 0.0086216 0.00816652 0.00800739 0.00812971 0.0106576 
0.0195878 0.00947735 0.00751331 0.00751876 0.00694796 0.00708042 0.0109113 0.91523 0 0.0222969 0.0101368 0.0266772 0.0128642 0.00882058 0.00861901 0.00904187 0.0089376 0.00851409 0.0101075 0.0129285 0.0126272 0.0112894 0.00910038 0.00997876 0.00835853 0.00835687 0.00842435 0.00859233 0.00812966 0.00815227 0.0102631 0.0104525 0.00851193 0.008222 0.00822944 0.00829527 0.00819128 0.0082325 0.0083189 0.00834922 0.0103744 0.010193 0.00815494 0.00803885 0.00811296 0.00827909 0.00808877 0.00812057 0.00812333 0.0080913 0.00832989 0.00855383 0.00894239 0.00821122 0.00810626 0.00819032 0.00865099 0.00960929 0.00831965 0.00808844 0.0082855 0.00947254 
0.0134342 0.0148881 0.00920559 0.0126182 0.00889045 0.0108643 0.0167593 0.012515 0.0222969 0 0.00612949 0.00393447 0.00434037 0.00540739 0.0131161 0.014561 0.00512687 0.00601367 0.00723355 0.0250921 0.0101101 0.017576 0.00944577 0.0172773 0.00862438 0.0114779 0.00907381 0.0114023 0.00873652 0.0108948 0.0246651 0.0155658 0.00916894 0.0117764 0.00866454 0.0111842 0.00872757 0.0108862 0.00913875 0.0111134 0.0178867 0.011115 0.00903308 0.00906906 0.00912377 0.00960447 0.00877858 0.00948148 0.00890713 0.00907372 0.0100583 0.0133124 0.0100465 0.00927254 0.00900379 0.00913394 0.0115716 0.00891783 0.00869124 0.00864733 0.00914988 0.0172331 
0.0109888 0.00970191 0.0111721 0.00863068 0.00923919 0.00995807 0.0100536 0.00950733 0.0101368 0.00612949 0 0.00374735 0.00428301 0.00582856 0.00636808 0.00502008 0.00477274 0.00521795 0.0121812 0.00625743 0.0106071 0.00961398 0.014408 0.00838816 0.0111695 0.00871995 0.010734 0.0085379 0.00884859 0.013917 0.00874027 0.00982262 0.0180292 0.00857531 0.0101135 0.00840723 0.0105639 0.00886348 0.00990128 0.0116573 0.0101735 0.00887898 0.0095204 0.00897251 0.00910685 0.00884815 0.00995223 0.00867821 0.00927277 0.00946521 0.0135059 0.008685 0.00901569 0.0113736 0.0085307 0.00949463 0.0081843 0.00863176 0.00856088 0.00839855 0.0101977 0.00833927 
0.015937 0.013076 0.00949852 0.010041 0.0098287 0.00935159 0.0110196 0.0172904 0.0266772 0.00393447 0.00374735 0 0.0148511 0.00378964 0.00455085 0.00403385 0.00403376 0.00631673 0.00511954 0.00691337 0.0129437 0.014568 0.00969478 0.0119057 0.00886351 0.0105346 0.0100521 0.0119734 0.00916009 0.0092072 0.0107317 0.0315322 0.00960543 0.0109018 0.00893805 0.0103243 0.00886035 0.0105408 0.0100518 0.0111895 0.0113793 0.0176681 0.00916227 0.00897802 0.00926869 0.0103281 0.00921921 0.00985739 0.00967775 0.0105061 0.0116407 0.0137579 0.0173895 0.0098332 0.00935201 0.00855078 0.00893984 0.0128463 0.00885218 0.00878627 0.00871886 0.0111955 
0.0156564 0.0108216 0.00968081 0.00951717 0.0091091 0.0092907 0.0161496 0.0111053 0.0128642 0.00434037 0.00428301 0.0148511 0 0.00367833 0.00358068 0.00356313 0.00383099 0.00368528 0.00395485 0.00638319 0.0107705 0.011622 0.0108604 0.0106513 0.00913079 0.00994185 0.0171029 0.014589 0.0134306 0.00927261 0.0303316 0.0141558 0.0108944 0.00915734 0.00951636 0.00932509 0.00991104 0.00991162 0.0117252 0.0101751 0.0196053 0.0111942 0.00988475 0.00907813 0.00965311 0.00931714 0.00953594 0.0101705 0.0102918 0.00939728 0.0104869 0.0141793 0.0109153 0.00995997 0.00902491 0.00910627 0.0112703 0.00971026 0.00909767 0.00872252 0.00943191 0.0147002 
0.00926386 0.0122372 0.00891692 0.0103859 0.00865419 0.0105064 0.00855613 0.00867728 0.00882058 0.00540739 0.00582856 0.00378964 0.00367833 0 0.00353629 0.00371215 0.00354293 0.0035815 0.00400039 0.00394279 0.00715101 0.012824 0.00805449 0.0121663 0.00797124 0.0169292 0.0145566 0.0149082 0.00854335 0.0144839 0.00845451 0.0105498 0.00935041 0.0102859 0.00871516 0.0104036 0.00888621 0.0157027 0.00917599 0.010543 0.00882666 0.00927703 0.00905281 0.00967592 0.00910349 0.0108441 0.00896784 0.0108649 0.00928668 0.0100139 0.0102993 0.00930149 0.00916892 0.00994633 0.00912308 0.00876149 0.00823709 0.00840833 0.00853506 0.00850693 0.00889416 0.00877274 
0.0100538 0.00853974 0.0147992 0.00859423 0.0137547 0.00840304 0.00934951 0.00820605 0.00861901 0.0131161 0.00636808 0.00455085 0.00358068 0.00353629 0 0.00352289 0.00356748 0.00362499 0.00384574 0.00359252 0.00974937 0.00700461 0.0157379 0.00765827 0.0270342 0.00980051 0.0179505 0.0083896 0.0113588 0.00859255 0.00804976 0.00886195 0.0107568 0.00857157 0.0117983 0.0083963 0.0193179 0.00867122 0.0160132 0.00873531 0.00894983 0.0086211 0.00925325 0.00941072 0.0114316 0.00889501 0.0154983 0.00873288 0.0111571 0.0112289 0.00974427 0.00932973 0.00948855 0.00933023 0.00946138 0.00851498 0.00812748 0.00857805 0.00827221 0.00906198 0.0087275 0.00821129 
0.00900938 0.0112811 0.00854681 0.0177974 0.00851152 0.00951246 0.00824634 0.00877132 0.00904187 0.014561 0.00502008 0.00403385 0.00356313 0.00371215 0.00352289 0 0.00351724 0.00371496 0.00355062 0.00370855 0.00674857 0.0109027 0.00688665 0.0418763 0.0085135 0.0245236 0.00795742 0.0115847 0.00794538 0.0085016 0.00847007 0.00928359 0.00841568 0.0113303 0.0082473 0.0130355 0.00834762 0.016532 0.00864913 0.0102885 0.00844956 0.00922922 0.00852954 0.009694 0.00889127 0.015977 0.00859889 0.012938 0.00944212 0.0140031 0.00966391 0.00897303 0.00908477 0.00927643 0.00934746 0.00839949 0.00819564 0.00839692 0.00870968 0.00857758 0.00839179 0.00911733 
0.0108256 0.00840072 0.0208057 0.00853218 0.0111182 0.0082971 0.00938906 0.00825447 0.0089376 0.00512687 0.00477274 0.00403376 0.00383099 0.00354293 0.00356748 0.00351724 0 0.0035234 0.00361905 0.00359345 0.00861009 0.00639802 0.0275761 0.00783884 0.0187316 0.00737907 0.0168681 0.00776292 0.0082075 0.00817957 0.00791234 0.00851473 0.0109127 0.00822638 0.0157582 0.00822396 0.0265061 0.00841178 0.0147157 0.00859631 0.00923666 0.00860613 0.0093244 0.00898615 0.0135157 0.00869204 0.0156646 0.00858817 0.0142666 0.0105669 0.00900632 0.00956315 0.00952918 0.00975954 0.00908245 0.00862927 0.008086 0.0086956 0.00835859 0.00884137 0.00906007 0.00816626 
0.00858422 0.0155705 0.00858928 0.0128485 0.00840836 0.0090928 0.0081965 0.00901701 0.00851409 0.00601367 0.00521795 0.00631673 0.00368528 0.0035815 0.00362499 0.00371496 0.0035234 0 0.00357769 0.00359112 0.00573265 0.0206542 0.00734643 0.0464693 0.00675442 0.0122796 0.00764447 0.00855413 0.00747862 0.00767005 0.00784456 0.00916811 0.0082209 0.016336 0.00815455 0.0215259 0.00817955 0.0125484 0.00851359 0.0100094 0.00840928 0.00945791 0.008555 0.0118622 0.00882367 0.0133467 0.00859036 0.0131566 0.0089691 0.00993754 0.00972773 0.00898062 0.00901166 0.00909822 0.00980799 0.00841288 0.00816558 0.00845092 0.00882595 0.00859433 0.00836554 0.00929637 
0.0126181 0.00915996 0.0121331 0.00838683 0.00986503 0.00840286 0.00946864 0.00830202 0.0101075 0.00723355 0.0121812 0.00511954 0.00395485 0.00400039 0.00384574 0.00355062 0.00361905 0.00357769 0 0.00358566 0.0204093 0.00748347 0.0451465 0.00693117 0.0118528 0.00703291 0.00913458 0.00755647 0.00748037 0.00800773 0.0076605 0.00889361 0.0186876 0.00821318 0.0250373 0.0081769 0.0124529 0.00846545 0.0114947 0.00873421 0.00909043 0.00895664 0.0113668 0.00895813 0.0102958 0.00874763 0.0114725 0.00857284 0.00941107 0.0102435 0.00953485 0.00894182 0.00913397 0.0101521 0.0087358 0.00874213 0.00816304 0.00909459 0.00876787 0.00898673 0.00917412 0.00823353 
0.0123733 0.0111433 0.00850257 0.00973356 0.00841029 0.00877656 0.00857042 0.0123385 0.0129285 0.0250921 0.00625743 0.00691337 0.00638319 0.00394279 0.00359252 0.00370855 0.00359345 0.00359112 0.00358566 0 0.0281258 0.0467517 0.00648949 0.010946 0.00619737 0.0079549 0.00741334 0.0081935 0.00702633 0.00743504 0.0088235 0.0260981 0.0096713 0.0213511 0.0081755 0.0104423 0.00833253 0.0104569 0.00864155 0.0103995 0.0092477 0.0235209 0.00887737 0.00872004 0.00884726 0.0102885 0.00852749 0.00955299 0.0087625 0.00917084 0.00939527 0.00947701 0.012505 0.00909965 0.00868435 0.0083769 0.00854586 0.0122895 0.00912561 0.0085424 0.0084405 0.0105546 
0.0152562 0.00879059 0.0140401 0.00855054 0.0106514 0.00878228 0.0405279 0.00873595 0.0126272 0.0101101 0.0106071 0.0129437 0.0107705 0.00715101 0.00974937 0.00674857 0.00861009 0.00573265 0.0204093 0.0281258 0 0.00361538 0.00372373 0.00358501 0.00377106 0.00355543 0.00416442 0.00365224 0.00403409 0.00490454 0.00857787 0.00837322 0.00876669 0.00758734 0.0108616 0.00745366 0.015985 0.00798566 0.0147034 0.0101698 0.613334 0.0116013 0.0101637 0.00953311 0.0108057 0.00886138 0.0136182 0.00862084 0.0108914 0.0100356 0.011051 0.016995 0.0145574 0.0104565 0.00942854 0.0101157 0.0129143 0.0122943 0.00941141 0.00984625 0.0120063 0.0127836 
0.00918054 0.0241543 0.00860663 0.0251602 0.00852377 0.033783 0.00883704 0.0116261 0.0112894 0.017576 0.00961398 0.014568 0.011622 0.012824 0.00700461 0.0109027 0.00639802 0.0206542 0.00748347 0.0467517 0.00361538 0 0.00357242 0.00387103 0.00359518 0.00377639 0.00365464 0.00445694 0.00369119 0.00543292 0.00761943 0.00910333 0.00764768 0.0126752 0.0074852 0.0212022 0.007861 0.0235685 0.0100426 0.843677 0.0210173 0.0131126 0.0103588 0.0115503 0.00994051 0.019124 0.00888464 0.0303347 0.00964289 0.0135525 0.021782 0.0108537 0.0109492 0.0166634 0.0129653 0.0107428 0.00947627 0.00950296 0.0133177 0.0101303 0.0117093 0.0166872 
0.0137237 0.00906758 0.0467967 0.00871637 0.0467089 0.00847999 0.0156389 0.00833777 0.00910038 0.00944577 0.014408 0.00969478 0.0108604 0.00805449 0.0157379 0.00688665 0.0275761 0.00734643 0.0451465 0.00648949 0.00372373 0.00357242 0 0.00353227 0.0042418 0.00356347 0.00400849 0.0035809 0.00429516 0.00515144 0.00416176 0.0071527 0.012242 0.00763212 0.0224266 0.00769903 0.0271632 0.00954115 0.893249 0.0289784 0.0133625 0.00982485 0.0127789 0.0119315 0.0177267 0.00930154 0.0425196 0.00877301 0.0236907 0.020844 0.0129364 0.0147551 0.014624 0.0169514 0.0121062 0.0109671 0.00904692 0.0122374 0.00995152 0.0127637 0.0176265 0.00866672 
0.00875123 0.0232793 0.00863071 0.0528869 0.00854256 0.0130541 0.0083977 0.0107727 0.00997876 0.0172773 0.00838816 0.0119057 0.0106513 0.0121663 0.00765827 0.0418763 0.00783884 0.0464693 0.00693117 0.010946 0.00358501 0.00387103 0.00353227 0 0.00353532 0.00359538 0.00355048 0.00426962 0.00361719 0.00386126 0.00472132 0.00876657 0.00688535 0.0217399 0.00718619 0.0246003 0.00840677 0.870242 0.0266501 0.0201265 0.00879317 0.0124063 0.00919742 0.0116922 0.0101065 0.028983 0.00880373 0.0368765 0.0101142 0.0168758 0.0192537 0.0128495 0.0116813 0.0158808 0.0167559 0.00919894 0.00897547 0.0092002 0.0131105 0.011004 0.00904435 0.0151927 
0.0105054 0.00842379 0.0592615 0.00870141 0.0140913 0.00849485 0.0113598 0.00822678 0.00835853 0.00862438 0.0111695 0.00886351 0.00913079 0.00797124 0.0270342 0.0085135 0.0187316 0.00675442 0.0118528 0.00619737 0.00377106 0.00359518 0.0042418 0.00353532 0 0.00352548 0.00357097 0.00354865 0.00357552 0.00356581 0.00358214 0.00574167 0.00997772 0.00645374 0.0106156 0.00705331 0.856508 0.0187381 0.0176835 0.00825638 0.0109613 0.00852865 0.010972 0.0111005 0.0158542 0.00898363 0.031405 0.0090871 0.0223451 0.0184792 0.0118769 0.0140668 0.013353 0.0164062 0.0114982 0.00979644 0.00843359 0.009626 0.00884063 0.0109059 0.0117404 0.00848915 
0.00857488 0.0283389 0.00965489 0.0210678 0.00919373 0.0111613 0.00910588 0.00894494 0.00835687 0.0114779 0.00871995 0.0105346 0.00994185 0.0169292 0.00980051 0.0245236 0.00737907 0.0122796 0.00703291 0.0079549 0.00355543 0.00377639 0.00356347 0.00359538 0.00352548 0 0.00352443 0.00354146 0.00355817 0.00357535 0.00365577 0.00702502 0.00631698 0.0113385 0.00656014 0.865172 0.0253621 0.0231019 0.00831308 0.0147241 0.00883174 0.00972188 0.00864909 0.0129205 0.00998257 0.0245551 0.00940608 0.032443 0.0106806 0.0176732 0.0194378 0.0136172 0.0144258 0.0155267 0.0171812 0.0093435 0.0087336 0.00939935 0.0103846 0.00990715 0.00920264 0.0108572 
0.011119 0.0089952 0.0209231 0.00936192 0.0133949 0.00875123 0.00950866 0.0083315 0.00842435 0.00907381 0.010734 0.0100521 0.0171029 0.0145566 0.0179505 0.00795742 0.0168681 0.00764447 0.00913458 0.00741334 0.00416442 0.00365464 0.00400849 0.00355048 0.00357097 0.00352443 0 0.00353309 0.00354623 0.00349725 0.00373006 0.0062874 0.011296 0.00640188 0.870699 0.0283201 0.0208387 0.00783563 0.0136798 0.00908544 0.0104179 0.00869761 0.0121327 0.0107995 0.0139401 0.0101044 0.0271901 0.00952353 0.0149597 0.0191054 0.0119172 0.0153062 0.0141029 0.0206859 0.0136874 0.00983604 0.00886375 0.00951051 0.00897487 0.0113471 0.0110112 0.00899947 
0.00872479 0.014441 0.00912153 0.0151529 0.0090416 0.00950418 0.00845386 0.00881246 0.00859233 0.0114023 0.0085379 0.0119734 0.014589 0.0149082 0.0083896 0.0115847 0.00776292 0.00855413 0.00755647 0.0081935 0.00365224 0.00445694 0.0035809 0.00426962 0.00354865 0.00354146 0.00353309 0 0.00353951 0.00355477 0.00357591 0.0053492 0.0069426 0.800399 0.0428235 0.0155542 0.00683475 0.0120675 0.0088107 0.0128464 0.00801113 0.0103232 0.00875414 0.010673 0.0109896 0.0155988 0.00928333 0.0169985 0.0102931 0.0140109 0.015356 0.0129106 0.0113465 0.0139774 0.013918 0.00968264 0.00868913 0.00891503 0.0102607 0.00966384 0.00960793 0.0105968 
0.00866809 0.00861639 0.0126173 0.00876824 0.00898938 0.00848381 0.00855117 0.00813945 0.00812966 0.00873652 0.00884859 0.00916009 0.0134306 0.00854335 0.0113588 0.00794538 0.0082075 0.00747862 0.00748037 0.00702633 0.00403409 0.00369119 0.00429516 0.00361719 0.00357552 0.00355817 0.00354623 0.00353951 0 0.00363457 0.00355612 0.00449102 0.189662 0.0946042 0.00999575 0.00623185 0.00896314 0.00727487 0.00898641 0.00740948 0.00761198 0.0082191 0.00873885 0.010338 0.00979771 0.00892807 0.0113445 0.00877639 0.0106215 0.0115978 0.00988323 0.0100024 0.0100752 0.0108664 0.0116933 0.00880327 0.00821798 0.00896145 0.00869647 0.00972902 0.00929317 0.00851036 
0.00879873 0.0101409 0.00863292 0.00847147 0.00837032 0.00831079 0.00827039 0.00817773 0.00815227 0.0108948 0.013917 0.0092072 0.00927261 0.0144839 0.00859255 0.0085016 0.00817957 0.00767005 0.00800773 0.00743504 0.00490454 0.00543292 0.00515144 0.00386126 0.00356581 0.00357535 0.00349725 0.00355477 0.00363457 0 0.00372741 0.0352236 0.655344 0.00700657 0.00736825 0.00609188 0.00630873 0.0113531 0.00785318 0.00757967 0.00703935 0.00889764 0.00988804 0.0088387 0.00877857 0.00889134 0.00914088 0.00896094 0.0088565 0.00946047 0.0111534 0.00915566 0.00960575 0.0130704 0.0090087 0.00896959 0.00822308 0.00959055 0.00935464 0.00870989 0.0094083 0.00839986 
0.0111143 0.00911473 0.00832435 0.00856357 0.00817404 0.00819817 0.00846096 0.00991118 0.0102631 0.0246651 0.00874027 0.0107317 0.0303316 0.00845451 0.00804976 0.00847007 0.00791234 0.00784456 0.0076605 0.0088235 0.00857787 0.00761943 0.00416176 0.00472132 0.00358214 0.00365577 0.00373006 0.00357591 0.00355612 0.00372741 0 0.735191 0.0058781 0.00589711 0.00399646 0.00548023 0.00522349 0.00624591 0.00639614 0.00693862 0.00681007 0.0150508 0.00845258 0.00816333 0.00817206 0.00856909 0.008093 0.00838163 0.00853976 0.00855717 0.00987731 0.00979356 0.013814 0.00899529 0.00855045 0.0083026 0.00862206 0.0132483 0.0093278 0.00865897 0.00867953 0.0109353 
0.00979281 0.00962098 0.00880478 0.00923221 0.008475 0.00949429 0.0126697 0.00996902 0.0104525 0.0155658 0.00982262 0.0315322 0.0141558 0.0105498 0.00886195 0.00928359 0.00851473 0.00916811 0.00889361 0.0260981 0.00837322 0.00910333 0.0071527 0.00876657 0.00574167 0.00702502 0.0062874 0.0053492 0.00449102 0.0352236 0.735191 0 0.00357315 0.00355288 0.00356681 0.00358071 0.00368511 0.00404472 0.00407107 0.00693845 0.0109692 0.00955666 0.00784577 0.00875985 0.00855493 0.0100195 0.00950034 0.0107008 0.0123879 0.0116004 0.145616 0.654342 0.0149335 0.0124874 0.0111019 0.00943497 0.0163829 0.0116931 0.0105756 0.0093861 0.0109805 0.028962 
0.00887674 0.00887304 0.0116082 0.00886136 0.0104665 0.00932823 0.00968101 0.00843706 0.00851193 0.00916894 0.0180292 0.00960543 0.0108944 0.00935041 0.0107568 0.00841568 0.0109127 0.0082209 0.0186876 0.0096713 0.00876669 0.00764768 0.012242 0.00688535 0.00997772 0.00631698 0.011296 0.0069426 0.189662 0.655344 0.0058781 0.00357315 0 0.00349173 0.00355938 0.00351909 0.00363913 0.00358889 0.00376574 0.00676036 0.00639576 0.00687278 0.010001 0.00842246 0.00988321 0.00932487 0.016782 0.0088214 0.0160325 0.139982 0.64509 0.012435 0.0112011 0.0194117 0.0103829 0.0145065 0.00943463 0.00916773 0.00909581 0.00981697 0.0165614 0.0104238 
0.0083467 0.010809 0.0088317 0.018058 0.00881405 0.0100322 0.00829098 0.00850023 0.008222 0.0117764 0.00857531 0.0109018 0.00915734 0.0102859 0.00857157 0.0113303 0.00822638 0.016336 0.00821318 0.0213511 0.00758734 0.0126752 0.00763212 0.0217399 0.00645374 0.0113385 0.00640188 0.800399 0.0946042 0.00700657 0.00589711 0.00355288 0.00349173 0 0.00353437 0.00354434 0.00356151 0.00357854 0.00379512 0.00388714 0.003949 0.00755879 0.00707682 0.00986273 0.00855184 0.0122517 0.00882039 0.0248537 0.100613 0.631437 0.0158514 0.0131547 0.0104573 0.0114898 0.0182217 0.0090547 0.00848726 0.00861855 0.00934666 0.0101574 0.00906773 0.0109248 
0.00917195 0.0084012 0.0164072 0.00862179 0.0120646 0.00831997 0.00928947 0.0080585 0.00822944 0.00866454 0.0101135 0.00893805 0.00951636 0.00871516 0.0117983 0.0082473 0.0157582 0.00815455 0.0250373 0.0081755 0.0108616 0.0074852 0.0224266 0.00718619 0.0106156 0.00656014 0.870699 0.0428235 0.00999575 0.00736825 0.00399646 0.00356681 0.00355938 0.00353437 0 0.00348687 0.00357296 0.0035025 0.00371497 0.00356708 0.0038281 0.00642097 0.00770328 0.0072656 0.00862106 0.00814355 0.0316399 0.0420277 0.769433 0.0130355 0.0108918 0.0112775 0.0101035 0.0119739 0.00956312 0.00932448 0.00822431 0.0092916 0.00893198 0.0097349 0.0110457 0.00843781 
0.00827407 0.0122551 0.00847538 0.0159402 0.00844524 0.00984426 0.00817509 0.00847823 0.00829527 0.0111842 0.00840723 0.0103243 0.00932509 0.0104036 0.0083963 0.0130355 0.00822396 0.0215259 0.0081769 0.0104423 0.00745366 0.0212022 0.00769903 0.0246003 0.00705331 0.865172 0.0283201 0.0155542 0.00623185 0.00609188 0.00548023 0.00358071 0.00351909 0.00354434 0.00348687 0 0.00352275 0.00357064 0.00354755 0.00357344 0.0035688 0.0078739 0.00657638 0.00706732 0.00734616 0.0205133 0.0427475 0.800311 0.00873632 0.0100327 0.0105747 0.00969375 0.00973592 0.0103694 0.0112102 0.00855358 0.00854798 0.00877608 0.0101649 0.00897199 0.00857452 0.0121144 
0.00964132 0.00846408 0.0234264 0.00856325 0.0124834 0.0083549 0.0100651 0.00803221 0.00819128 0.00872757 0.0105639 0.00886035 0.00991104 0.00888621 0.0193179 0.00834762 0.0265061 0.00817955 0.0124529 0.00833253 0.015985 0.007861 0.0271632 0.00840677 0.856508 0.0253621 0.0208387 0.00683475 0.00896314 0.00630873 0.00522349 0.00368511 0.00363913 0.00356151 0.00357296 0.00352275 0 0.00353091 0.00355848 0.00354962 0.00366922 0.00577439 0.00714379 0.00696543 0.0111369 0.0664427 0.797255 0.00783934 0.010328 0.0105485 0.0106562 0.0109587 0.0110614 0.0117258 0.00905762 0.00970245 0.00839596 0.0101757 0.00861019 0.00995534 0.011617 0.0084511 
0.00844804 0.015206 0.00890384 0.0218055 0.00869711 0.00975394 0.00827912 0.00846229 0.0082325 0.0108862 0.00886348 0.0105408 0.00991162 0.0157027 0.00867122 0.016532 0.00841178 0.0125484 0.00846545 0.0104569 0.00798566 0.0235685 0.00954115 0.870242 0.0187381 0.0231019 0.00783563 0.0120675 0.00727487 0.0113531 0.00624591 0.00404472 0.00358889 0.00357854 0.0035025 0.00357064 0.00353091 0 0.00353007 0.0035497 0.00355077 0.00621055 0.0066844 0.0101382 0.181929 0.708282 0.00843933 0.0133525 0.00817504 0.0119411 0.0134125 0.0108802 0.0108036 0.0132971 0.0150297 0.00924291 0.00840193 0.00871712 0.0105349 0.00966873 0.00907206 0.0115705 
0.00977646 0.00878147 0.0190242 0.00886058 0.0115138 0.00850274 0.0103006 0.00813699 0.0083189 0.00913875 0.00990128 0.0100518 0.0117252 0.00917599 0.0160132 0.00864913 0.0147157 0.00851359 0.0114947 0.00864155 0.0147034 0.0100426 0.893249 0.0266501 0.0176835 0.00831308 0.0136798 0.0088107 0.00898641 0.00785318 0.00639614 0.00407107 0.00376574 0.00379512 0.00371497 0.00354755 0.00355848 0.00353007 0 0.003533 0.00357053 0.00639816 0.0101403 0.626064 0.280508 0.0192949 0.0122605 0.00734431 0.0109835 0.00993332 0.0111067 0.0106063 0.0126474 0.0127476 0.0120958 0.00984136 0.00843257 0.00996168 0.0092594 0.0122547 0.0116338 0.00894749 
0.00884941 0.0125439 0.00859554 0.0107268 0.00851261 0.00921794 0.00818622 0.00858451 0.00834922 0.0111134 0.0116573 0.0111895 0.0101751 0.010543 0.00873531 0.0102885 0.00859631 0.0100094 0.00873421 0.0103995 0.0101698 0.843677 0.0289784 0.0201265 0.00825638 0.0147241 0.00908544 0.0128464 0.00740948 0.00757967 0.00693862 0.00693845 0.00676036 0.00388714 0.00356708 0.00357344 0.00354962 0.0035497 0.003533 0 0.00358966 0.0205351 0.830765 0.105696 0.0266981 0.0108308 0.00760583 0.00940556 0.00788088 0.0159419 0.0127494 0.0107358 0.0104377 0.017972 0.011199 0.00915821 0.00846687 0.0103583 0.0117877 0.0092356 0.0108188 0.0105721 
0.0148668 0.00894262 0.00947276 0.00847437 0.00871302 0.00823285 0.00975225 0.00944936 0.0103744 0.0178867 0.0101735 0.0113793 0.0196053 0.00882666 0.00894983 0.00844956 0.00923666 0.00840928 0.00909043 0.0092477 0.613334 0.0210173 0.0133625 0.00879317 0.0109613 0.00883174 0.0104179 0.00801113 0.00761198 0.00703935 0.00681007 0.0109692 0.00639576 0.003949 0.0038281 0.0035688 0.00366922 0.00355077 0.00357053 0.00358966 0 0.866583 0.0406829 0.00625267 0.00566905 0.0061276 0.00696961 0.00651137 0.00730891 0.00790257 0.00848741 0.00942956 0.0164211 0.0106197 0.00854794 0.00888122 0.0085166 0.0245793 0.00957136 0.008738 0.00953649 0.00994196 
0.00951575 0.00900851 0.00839658 0.00855556 0.00815512 0.00851353 0.00983961 0.00941542 0.010193 0.011115 0.00887898 0.0176681 0.0111942 0.00927703 0.0086211 0.00922922 0.00860613 0.00945791 0.00895664 0.0235209 0.0116013 0.0131126 0.00982485 0.0124063 0.00852865 0.00972188 0.00869761 0.0103232 0.0082191 0.00889764 0.0150508 0.00955666 0.00687278 0.00755879 0.00642097 0.0078739 0.00577439 0.00621055 0.00639816 0.0205351 0.866583 0 0.00367043 0.00355917 0.00368921 0.00364916 0.0037285 0.00384806 0.00413478 0.00486129 0.00622368 0.00765327 0.00701233 0.00738337 0.0076723 0.00807452 0.0160201 0.00956165 0.00898018 0.00883096 0.00983055 0.0347093 
0.00861934 0.00848312 0.00884432 0.00836155 0.00838284 0.00829391 0.00887848 0.0080902 0.00815494 0.00903308 0.0095204 0.00916227 0.00988475 0.00905281 0.00925325 0.00852954 0.0093244 0.008555 0.0113668 0.00887737 0.0101637 0.0103588 0.0127789 0.00919742 0.010972 0.00864909 0.0121327 0.00875414 0.00873885 0.00988804 0.00845258 0.00784577 0.010001 0.00707682 0.00770328 0.00657638 0.00714379 0.0066844 0.0101403 0.830765 0.0406829 0.00367043 0 0.00355244 0.00356216 0.00358817 0.00363131 0.0036333 0.00375331 0.0041089 0.00527077 0.0056199 0.00609196 0.00701521 0.00688467 0.00920028 0.00763855 0.00837298 0.00845813 0.00830198 0.0116228 0.00919058 
0.0084484 0.00855213 0.00965053 0.00908967 0.00874761 0.00853196 0.00826778 0.00799643 0.00803885 0.00906906 0.00897251 0.00897802 0.00907813 0.00967592 0.00941072 0.009694 0.00898615 0.0118622 0.00895813 0.00872004 0.00953311 0.0115503 0.0119315 0.0116922 0.0111005 0.0129205 0.0107995 0.010673 0.010338 0.0088387 0.00816333 0.00875985 0.00842246 0.00986273 0.0072656 0.00706732 0.00696543 0.0101382 0.626064 0.105696 0.00625267 0.00355917 0.00355244 0 0.00352879 0.00356703 0.00355615 0.00360043 0.00370234 0.00436248 0.00433726 0.00436936 0.00607748 0.00686159 0.00742716 0.00718216 0.00647807 0.00793331 0.00845501 0.00906062 0.00964882 0.00946774 
0.0086677 0.00869296 0.0106544 0.00932124 0.00948356 0.00840259 0.00840489 0.00804384 0.00811296 0.00912377 0.00910685 0.00926869 0.00965311 0.00910349 0.0114316 0.00889127 0.0135157 0.00882367 0.0102958 0.00884726 0.0108057 0.00994051 0.0177267 0.0101065 0.0158542 0.00998257 0.0139401 0.0109896 0.00979771 0.00877857 0.00817206 0.00855493 0.00988321 0.00855184 0.00862106 0.00734616 0.0111369 0.181929 0.280508 0.0266981 0.00566905 0.00368921 0.00356216 0.00352879 0 0.00356738 0.00354794 0.00355694 0.00370395 0.00367724 0.00370443 0.00419913 0.00534632 0.00676209 0.00670416 0.00628619 0.00615828 0.00807461 0.00787479 0.0101367 0.00939088 0.0086846 
0.00834465 0.00988445 0.00892081 0.0115843 0.00868298 0.00889571 0.00817079 0.00830797 0.00827909 0.00960447 0.00884815 0.0103281 0.00931714 0.0108441 0.00889501 0.015977 0.00869204 0.0133467 0.00874763 0.0102885 0.00886138 0.019124 0.00930154 0.028983 0.00898363 0.0245551 0.0101044 0.0155988 0.00892807 0.00889134 0.00856909 0.0100195 0.00932487 0.0122517 0.00814355 0.0205133 0.0664427 0.708282 0.0192949 0.0108308 0.0061276 0.00364916 0.00358817 0.00356703 0.00356738 0 0.00353333 0.0035721 0.00356288 0.00361168 0.00373598 0.00376491 0.00536798 0.00734702 0.00729132 0.00668273 0.00764413 0.00792622 0.00890273 0.00829162 0.00883014 0.0110443 
0.00895137 0.00847602 0.0156786 0.0088574 0.0107432 0.00849654 0.00876857 0.00801973 0.00808877 0.00877858 0.00995223 0.00921921 0.00953594 0.00896784 0.0154983 0.00859889 0.0156646 0.00859036 0.0114725 0.00852749 0.0136182 0.00888464 0.0425196 0.00880373 0.031405 0.00940608 0.0271901 0.00928333 0.0113445 0.00914088 0.008093 0.00950034 0.016782 0.00882039 0.0316399 0.0427475 0.797255 0.00843933 0.0122605 0.00760583 0.00696961 0.0037285 0.00363131 0.00355615 0.00354794 0.00353333 0 0.00352267 0.00354569 0.00358535 0.00362256 0.00384178 0.00463821 0.00549867 0.00538727 0.00867849 0.00608658 0.00790965 0.00747426 0.00869772 0.0116076 0.00816744 
0.00824023 0.0107369 0.00863524 0.0117628 0.00853412 0.00899733 0.00807067 0.00829306 0.00812057 0.00948148 0.00867821 0.00985739 0.0101705 0.0108649 0.00873288 0.012938 0.00858817 0.0131566 0.00857284 0.00955299 0.00862084 0.0303347 0.00877301 0.0368765 0.0090871 0.032443 0.00952353 0.0169985 0.00877639 0.00896094 0.00838163 0.0107008 0.0088214 0.0248537 0.0420277 0.800311 0.00783934 0.0133525 0.00734431 0.00940556 0.00651137 0.00384806 0.0036333 0.00360043 0.00355694 0.0035721 0.00352267 0 0.00352722 0.0035409 0.00355222 0.00364728 0.00375204 0.00475797 0.00992704 0.00718825 0.00588328 0.00656485 0.00767256 0.00812119 0.00819114 0.0150533 
0.00874248 0.00888651 0.0126637 0.0091784 0.00952359 0.00846163 0.00839845 0.00804482 0.00812333 0.00890713 0.00927277 0.00967775 0.0102918 0.00928668 0.0111571 0.00944212 0.0142666 0.0089691 0.00941107 0.0087625 0.0108914 0.00964289 0.0236907 0.0101142 0.0223451 0.0106806 0.0149597 0.0102931 0.0106215 0.0088565 0.00853976 0.0123879 0.0160325 0.100613 0.769433 0.00873632 0.010328 0.00817504 0.0109835 0.00788088 0.00730891 0.00413478 0.00375331 0.00370234 0.00370395 0.00356288 0.00354569 0.00352722 0 0.0035293 0.00355822 0.00356562 0.00368902 0.0051615 0.00468699 0.0105567 0.00509574 0.00659251 0.00689324 0.00776629 0.0104511 0.00850181 
0.00845413 0.00937585 0.011651 0.0104748 0.0100764 0.00883787 0.00837538 0.00808728 0.0080913 0.00907372 0.00946521 0.0105061 0.00939728 0.0100139 0.0112289 0.0140031 0.0105669 0.00993754 0.0102435 0.00917084 0.0100356 0.0135525 0.020844 0.0168758 0.0184792 0.0176732 0.0191054 0.0140109 0.0115978 0.00946047 0.00855717 0.0116004 0.139982 0.631437 0.0130355 0.0100327 0.0105485 0.0119411 0.00993332 0.0159419 0.00790257 0.00486129 0.0041089 0.00436248 0.00367724 0.00361168 0.00358535 0.0035409 0.0035293 0 0.00353154 0.00379541 0.00359174 0.00763252 0.0138951 0.00445808 0.00470865 0.0068874 0.0071884 0.00834505 0.00910102 0.00953541 
0.00884544 0.0096845 0.00940268 0.009831 0.00859514 0.00902149 0.00818508 0.00838767 0.00832989 0.0100583 0.0135059 0.0116407 0.0104869 0.0102993 0.00974427 0.00966391 0.00900632 0.00972773 0.00953485 0.00939527 0.011051 0.021782 0.0129364 0.0192537 0.0118769 0.0194378 0.0119172 0.015356 0.00988323 0.0111534 0.00987731 0.145616 0.64509 0.0158514 0.0108918 0.0105747 0.0106562 0.0134125 0.0111067 0.0127494 0.00848741 0.00622368 0.00527077 0.00433726 0.00370443 0.00373598 0.00362256 0.00355222 0.00355822 0.00353154 0 0.00353613 0.00366313 0.00550876 0.00421146 0.00373623 0.00406412 0.00780271 0.00895038 0.00774377 0.00880001 0.00960817 
0.00966894 0.00882724 0.010664 0.00897004 0.0093642 0.00834139 0.00894043 0.00843336 0.00855383 0.0133124 0.008685 0.0137579 0.0141793 0.00930149 0.00932973 0.00897303 0.00956315 0.00898062 0.00894182 0.00947701 0.016995 0.0108537 0.0147551 0.0128495 0.0140668 0.0136172 0.0153062 0.0129106 0.0100024 0.00915566 0.00979356 0.654342 0.012435 0.0131547 0.0112775 0.00969375 0.0109587 0.0108802 0.0106063 0.0107358 0.00942956 0.00765327 0.0056199 0.00436936 0.00419913 0.00376491 0.00384178 0.00364728 0.00356562 0.00379541 0.00353613 0 0.00430194 0.00361594 0.00353493 0.00356821 0.00379985 0.0127918 0.00636567 0.00689773 0.00756372 0.0116589 
0.00895834 0.00874825 0.00950982 0.00912416 0.00854933 0.00880337 0.00966122 0.00831047 0.00894239 0.0100465 0.00901569 0.0173895 0.0109153 0.00916892 0.00948855 0.00908477 0.00952918 0.00901166 0.00913397 0.012505 0.0145574 0.0109492 0.014624 0.0116813 0.013353 0.0144258 0.0141029 0.0113465 0.0100752 0.00960575 0.013814 0.0149335 0.0112011 0.0104573 0.0101035 0.00973592 0.0110614 0.0108036 0.0126474 0.0104377 0.0164211 0.00701233 0.00609196 0.00607748 0.00534632 0.00536798 0.00463821 0.00375204 0.00368902 0.00359174 0.00366313 0.00430194 0 0.00356351 0.00357637 0.00357824 0.0037516 0.00465554 0.00497494 0.00610949 0.0107923 0.931795 
0.00853936 0.0091264 0.00930312 0.0091191 0.00873797 0.00905736 0.00832715 0.00817875 0.00821122 0.00927254 0.0113736 0.0098332 0.00995997 0.00994633 0.00933023 0.00927643 0.00975954 0.00909822 0.0101521 0.00909965 0.0104565 0.0166634 0.0169514 0.0158808 0.0164062 0.0155267 0.0206859 0.0139774 0.0108664 0.0130704 0.00899529 0.0124874 0.0194117 0.0114898 0.0119739 0.0103694 0.0117258 0.0132971 0.0127476 0.017972 0.0106197 0.00738337 0.00701521 0.00686159 0.00676209 0.00734702 0.00549867 0.00475797 0.0051615 0.00763252 0.00550876 0.00361594 0.00356351 0 0.00354044 0.00362247 0.00353675 0.00406416 0.00637507 0.0080401 0.969511 0.0324421 
0.00830731 0.00871961 0.00876524 0.00904843 0.0085773 0.00858676 0.00814805 0.00802295 0.00810626 0.00900379 0.0085307 0.00935201 0.00902491 0.00912308 0.00946138 0.00934746 0.00908245 0.00980799 0.0087358 0.00868435 0.00942854 0.0129653 0.0121062 0.0167559 0.0114982 0.0171812 0.0136874 0.013918 0.0116933 0.0090087 0.00855045 0.0111019 0.0103829 0.0182217 0.00956312 0.0112102 0.00905762 0.0150297 0.0120958 0.011199 0.00854794 0.0076723 0.00688467 0.00742716 0.00670416 0.00729132 0.00538727 0.00992704 0.00468699 0.0138951 0.00421146 0.00353493 0.00357637 0.00354044 0 0.00353158 0.00353051 0.00450215 0.00950889 0.955925 0.0146226 0.00718439 
0.00859985 0.0085077 0.00839759 0.00835655 0.00819675 0.00824465 0.0080376 0.00810008 0.00819032 0.00913394 0.00949463 0.00855078 0.00910627 0.00876149 0.00851498 0.00839949 0.00862927 0.00841288 0.00874213 0.0083769 0.0101157 0.0107428 0.0109671 0.00919894 0.00979644 0.0093435 0.00983604 0.00968264 0.00880327 0.00896959 0.0083026 0.00943497 0.0145065 0.0090547 0.00932448 0.00855358 0.00970245 0.00924291 0.00984136 0.00915821 0.00888122 0.00807452 0.00920028 0.00718216 0.00628619 0.00668273 0.00867849 0.00718825 0.0105567 0.00445808 0.00373623 0.00356821 0.00357824 0.00362247 0.00353158 0 0.00361258 0.00835562 0.994759 0.00453124 0.00972311 0.00536302 
0.00909635 0.008215 0.00808568 0.00807564 0.00802136 0.00798387 0.00807197 0.0086416 0.00865099 0.0115716 0.0081843 0.00893984 0.0112703 0.00823709 0.00812748 0.00819564 0.008086 0.00816558 0.00816304 0.00854586 0.0129143 0.00947627 0.00904692 0.00897547 0.00843359 0.0087336 0.00886375 0.00868913 0.00821798 0.00822308 0.00862206 0.0163829 0.00943463 0.00848726 0.00822431 0.00854798 0.00839596 0.00840193 0.00843257 0.00846687 0.0085166 0.0160201 0.00763855 0.00647807 0.00615828 0.00764413 0.00608658 0.00588328 0.00509574 0.00470865 0.00406412 0.00379985 0.0037516 0.00353675 0.00353051 0.00361258 0 0.998928 0.00400117 0.00396539 0.00374209 0.00486628 
0.00959643 0.00820259 0.00858336 0.00816681 0.00818098 0.00825119 0.00991205 0.0086216 0.00960929 0.00891783 0.00863176 0.0128463 0.00971026 0.00840833 0.00857805 0.00839692 0.0086956 0.00845092 0.00909459 0.0122895 0.0122943 0.00950296 0.0122374 0.0092002 0.009626 0.00939935 0.00951051 0.00891503 0.00896145 0.00959055 0.0132483 0.0116931 0.00916773 0.00861855 0.0092916 0.00877608 0.0101757 0.00871712 0.00996168 0.0103583 0.0245793 0.00956165 0.00837298 0.00793331 0.00807461 0.00792622 0.00790965 0.00656485 0.00659251 0.0068874 0.00780271 0.0127918 0.00465554 0.00406416 0.00450215 0.00835562 0.998928 0 0.00416621 0.00369562 0.00394279 0.00614721 
0.00842715 0.00879805 0.00823234 0.00842709 0.00820279 0.00841226 0.00831433 0.00816652 0.00831965 0.00869124 0.00856088 0.00885218 0.00909767 0.00853506 0.00827221 0.00870968 0.00835859 0.00882595 0.00876787 0.00912561 0.00941141 0.0133177 0.00995152 0.0131105 0.00884063 0.0103846 0.00897487 0.0102607 0.00869647 0.00935464 0.0093278 0.0105756 0.00909581 0.00934666 0.00893198 0.0101649 0.00861019 0.0105349 0.0092594 0.0117877 0.00957136 0.00898018 0.00845813 0.00845501 0.00787479 0.00890273 0.00747426 0.00767256 0.00689324 0.0071884 0.00895038 0.00636567 0.00497494 0.00637507 0.00950889 0.994759 0.00400117 0.00416621 0 0.00356522 0.00371683 0.00386792 
0.0086065 0.00833247 0.00880133 0.00850864 0.00852868 0.00819227 0.00852228 0.00800739 0.00808844 0.00864733 0.00839855 0.00878627 0.00872252 0.00850693 0.00906198 0.00857758 0.00884137 0.00859433 0.00898673 0.0085424 0.00984625 0.0101303 0.0127637 0.011004 0.0109059 0.00990715 0.0113471 0.00966384 0.00972902 0.00870989 0.00865897 0.0093861 0.00981697 0.0101574 0.0097349 0.00897199 0.00995534 0.00966873 0.0122547 0.0092356 0.008738 0.00883096 0.00830198 0.00906062 0.0101367 0.00829162 0.00869772 0.00812119 0.00776629 0.00834505 0.00774377 0.00689773 0.00610949 0.0080401 0.955925 0.00453124 0.00396539 0.00369562 0.00356522 0 0.00356651 0.00361428 
