1LSSB
MYIIIAGIGRVGYTLAKSLSEKGHDIVLIDIDKDICKKASAEIDALVINGDCTKIKTLEDAGIEDADMYIAVTGKEEVNLMSSLLAKSYGINKTIARISEIEYKDVFERLGVDVVVSPELIAANYIEKLIER
CCEEEECCCCCHHHHHHHHHHCCCCEEEEECCHHHHHHHHHHCCCEEEECCCCCHHHHHHCCCCCCCEEEECCCCHHHHHHHHHHHHHCCCCCEEEECCCHHHHHHHHHCCCCEEECHHHHHHHHHHHHHHC
0 0 0 0 0 0 0 0 0 0 0 0 0 0 0 0 0 0 0 0 0 0 0 0 0 0 0 0 0 0 0 0 0 0 0 0 0 0 0 0 0 0 0 0 0 0 0 0 0 0 0 0 0 0 0 0 0 0 0 0 0 0 0 0 0 0 0 0 0 0 0 0 0 0 0 0 0 0 0 0 0 0 0 0 0 0 0 0 0 0 0 0 0 0 0 0 0 0 0 0 0 0 0 0 0 0 0 0 0 0 0 0 0 0 0 0 0 0 0 0 0 0 0 0 0 0 0 0 0 0 0 0 
0 0 0 0 0 0 0 0 0 0 0 0 0 0 0 0 0 0 0 0 0 0 0 0 0 0 0 0 0 0 0 0 0 0 0 0 0 0 0 0 0 0 0 0 0 0 0 0 0 0 0 0 0 0 0 0 0 0 0 0 0 0 0 0 0 0 0 0 0 0 0 0 0 0 0 0 0 0 0 0 0 0 0 0 0 0 0 0 0 0 0 0 0 0 0 0 0 0 0 0 0 0 0 0 0 0 0 0 0 0 0 0 0 0 0 0 0 0 0 0 0 0 0 0 0 0 0 0 0 0 0 0 
0 0.00379652 0.00371532 0.00433908 0.67472 0.0650383 0.0369806 0.022036 0.0364758 0.0871417 0.0212108 0.0148501 0.0199768 0.148079 0.0194648 0.0212725 0.0307727 0.0250439 0.0132044 0.0133099 0.0167467 0.0265975 0.0106464 0.0143437 
0.00379652 0 0.00374388 0.0036498 0.0805888 0.791158 0.103169 0.103615 0.0141476 0.0255925 0.172854 0.0327107 0.012473 0.0287507 0.268544 0.073219 0.027246 0.0121778 0.0423598 0.0322124 0.0117467 0.0166035 0.0214991 0.0112778 
0.00371532 0.00374388 0 0.0036073 0.0304294 0.0572044 0.747193 0.197423 0.0652718 0.0152631 0.0336703 0.186846 0.0205158 0.022583 0.0419249 0.331766 0.0368043 0.0125577 0.0246799 0.0756571 0.0144659 0.015837 0.0207533 0.0131173 
0.00433908 0.0036498 0.0036073 0 0.025981 0.0575753 0.0464328 0.617464 0.161854 0.0213292 0.0156717 0.0214631 0.100427 0.0254512 0.0196235 0.0314581 0.180928 0.0170552 0.0125275 0.0243551 0.0247281 0.0179964 0.0126876 0.0157768 
0.67472 0.0805888 0.0304294 0.025981 0 0.00422992 0.00363938 0.00363484 0.0043211 0.111466 0.0183079 0.0176132 0.0230869 0.0520568 0.0179517 0.0200838 0.0232854 0.0267322 0.0158136 0.0126729 0.0175824 0.0243128 0.00990621 0.0186328 
0.0650383 0.791158 0.0572044 0.0575753 0.00422992 0 0.00363047 0.00361357 0.00365576 0.356463 0.137446 0.0321849 0.0153272 0.0432181 0.103077 0.031182 0.0220491 0.019231 0.0376795 0.0300066 0.0147872 0.0172481 0.0288947 0.0116772 
0.0369806 0.103169 0.747193 0.0464328 0.00363938 0.00363047 0 0.0036179 0.00356257 0.0218624 0.473015 0.0780873 0.0167856 0.0194304 0.091447 0.083835 0.0228084 0.0133792 0.049009 0.0580443 0.0132104 0.0187036 0.0216685 0.0155625 
0.022036 0.103615 0.197423 0.617464 0.00363484 0.00361357 0.0036179 0 0.00353998 0.0496603 0.0372601 0.477891 0.0379777 0.0197672 0.030748 0.100513 0.045018 0.0136642 0.0212564 0.0504977 0.0134222 0.0137978 0.017576 0.0135059 
0.0364758 0.0141476 0.0652718 0.161854 0.0043211 0.00365576 0.00356257 0.00353998 0 0.0167314 0.0164119 0.0315914 0.419198 0.0200164 0.0118504 0.0162444 0.0473369 0.0164953 0.0107329 0.0112209 0.0204237 0.0125739 0.0109625 0.0118705 
0.0871417 0.0255925 0.0152631 0.0213292 0.111466 0.356463 0.0218624 0.0496603 0.0167314 0 0.00432283 0.00371886 0.00479759 0.0722736 0.0215097 0.0144713 0.0263752 0.034114 0.013962 0.01181 0.0301415 0.0222279 0.0103459 0.0161094 
0.0212108 0.172854 0.0336703 0.0156717 0.0183079 0.137446 0.473015 0.0372601 0.0164119 0.00432283 0 0.00383148 0.00355771 0.0528435 0.120076 0.0307431 0.0152046 0.0139295 0.0337914 0.0249241 0.0112137 0.0138039 0.0173493 0.0114019 
0.0148501 0.0327107 0.186846 0.0214631 0.0176132 0.0321849 0.0780873 0.477891 0.0315914 0.00371886 0.00383148 0 0.00353926 0.017786 0.0540305 0.172584 0.0259317 0.0103593 0.0232039 0.0385213 0.0103376 0.0119525 0.0192324 0.0109904 
0.0199768 0.012473 0.0205158 0.100427 0.0230869 0.0153272 0.0167856 0.0379777 0.419198 0.00479759 0.00355771 0.00353926 0 0.0131937 0.017694 0.0439363 0.215223 0.0194828 0.0119028 0.0134892 0.0395922 0.0143394 0.0115439 0.0152443 
0.148079 0.0287507 0.022583 0.0254512 0.0520568 0.0432181 0.0194304 0.0197672 0.0200164 0.0722736 0.0528435 0.017786 0.0131937 0 0.00366042 0.00363308 0.00385499 0.377106 0.0304208 0.0180841 0.025533 0.0664208 0.013682 0.0329166 
0.0194648 0.268544 0.0419249 0.0196235 0.0179517 0.103077 0.091447 0.030748 0.0118504 0.0215097 0.120076 0.0540305 0.017694 0.00366042 0 0.00359998 0.00363208 0.303747 0.291082 0.0652324 0.0228403 0.0252082 0.0748899 0.0148526 
0.0212725 0.073219 0.331766 0.0314581 0.0200838 0.031182 0.083835 0.100513 0.0162444 0.0144713 0.0307431 0.172584 0.0439363 0.00363308 0.00359998 0 0.00356417 0.0227318 0.281057 0.347776 0.0315603 0.0300272 0.0466007 0.0206013 
0.0307727 0.027246 0.0368043 0.180928 0.0232854 0.0220491 0.0228084 0.045018 0.0473369 0.0263752 0.0152046 0.0259317 0.215223 0.00385499 0.00363208 0.00356417 0 0.0297757 0.0320739 0.32072 0.340745 0.0309369 0.0240511 0.0380893 
0.0250439 0.0121778 0.0125577 0.0170552 0.0267322 0.019231 0.0133792 0.0136642 0.0164953 0.034114 0.0139295 0.0103593 0.0194828 0.377106 0.303747 0.0227318 0.0297757 0 0.00390274 0.00362478 0.00455638 0.0765105 0.0293946 0.0413669 
0.0132044 0.0423598 0.0246799 0.0125275 0.0158136 0.0376795 0.049009 0.0212564 0.0107329 0.013962 0.0337914 0.0232039 0.0119028 0.0304208 0.291082 0.281057 0.0320739 0.00390274 0 0.00370207 0.00362411 0.396145 0.116484 0.0317212 
0.0133099 0.0322124 0.0756571 0.0243551 0.0126729 0.0300066 0.0580443 0.0504977 0.0112209 0.01181 0.0249241 0.0385213 0.0134892 0.0180841 0.0652324 0.347776 0.32072 0.00362478 0.00370207 0 0.0035798 0.0345498 0.535341 0.0328719 
0.0167467 0.0117467 0.0144659 0.0247281 0.0175824 0.0147872 0.0132104 0.0134222 0.0204237 0.0301415 0.0112137 0.0103376 0.0395922 0.025533 0.0228403 0.0315603 0.340745 0.00455638 0.00362411 0.0035798 0 0.021147 0.0312602 0.463052 
0.0265975 0.0166035 0.015837 0.0179964 0.0243128 0.0172481 0.0187036 0.0137978 0.0125739 0.0222279 0.0138039 0.0119525 0.0143394 0.0664208 0.0252082 0.0300272 0.0309369 0.0765105 0.396145 0.0345498 0.021147 0 0.00365563 0.00384508 
0.0106464 0.0214991 0.0207533 0.0126876 0.00990621 0.0288947 0.0216685 0.017576 0.0109625 0.0103459 0.0173493 0.0192324 0.0115439 0.013682 0.0748899 0.0466007 0.0240511 0.0293946 0.116484 0.535341 0.0312602 0.00365563 0 0.00359617 
0.0143437 0.0112778 0.0131173 0.0157768 0.0186328 0.0116772 0.0155625 0.0135059 0.0118705 0.0161094 0.0114019 0.0109904 0.0152443 0.0329166 0.0148526 0.0206013 0.0380893 0.0413669 0.0317212 0.0328719 0.463052 0.00384508 0.00359617 0 
