1MK4B
HMDIRTITSSDYEMVTSVLNEWWGGRQLKEKLPRLFFEHFQDTSFITSEHNSMTGFLIGFQSQSDPETAYIHFSGVHPDFRKMQIGKQLYDVFIETVKQRGCTRVKCVTSPVNKVSIAYHTKLGFDIEKGTKTVNGISVFANYDGPGQDRVLFVKNI
CCEEEECCHHHHHHHHHHHHHHHCCCCCCCCCCCHHHHHCHHHCEEEEECCEEEEEEEEEECCCCCCEEEEEEEEECCCCCHHHHHHHHHHHHHHHHHCCCCCEEEEEECCCCHHHHHHHHHCCCEECCCCEEECCEEEECCCCCCCCCEEEEEEEC
0 0 0 0 0 0 0 0 0 0 0 0 0 0 0 0 0 0 0 0 0 0 0 0 0 0 0 0 0 0 0 0 0 0 0 0 0 0 0 0 0 0 0 0 0 0 0 0 0 0 0 0 0 0 0 0 0 0 0 0 0 0 0 0 0 0 0 0 0 0 0 0 0 0 0 0 0 0 0 0 0 0 0 0 0 0 0 0 0 0 0 0 0 0 0 0 0 0 0 0 0 0 0 0 0 0 0 0 0 0 0 0 0 0 0 0 0 0 0 0 0 0 0 0 0 0 0 0 0 0 0 0 0 0 0 0 0 0 0 0 0 0 0 0 0 0 0 0 0 0 0 0 0 0 0 0 0 
0 0 0 0 0 0 0 0 0 0 0 0 0 0 0 0 0 0 0 0 0 0 0 0 0 0 0 0 0 0 0 0 0 0 0 0 0 0 0 0 0 0 0 0 0 0 0 0 0 0 0 0 0 0 0 0 0 0 0 0 0 0 0 0 0 0 0 0 0 0 0 0 0 0 0 0 0 0 0 0 0 0 0 0 0 0 0 0 0 0 0 0 0 0 0 0 0 0 0 0 0 0 0 0 0 0 0 0 0 0 0 0 0 0 0 0 0 0 0 0 0 0 0 0 0 0 0 0 0 0 0 0 0 0 0 0 0 0 0 0 0 0 0 0 0 0 0 0 0 0 0 0 0 0 0 0 0 
0 0.00397922 0.00444302 0.00856098 0.0260797 0.011508 0.0114899 0.0112132 0.0138977 0.0121757 0.00903938 0.00936642 0.00958255 0.00948377 0.0094286 0.00945284 0.00933135 0.00954508 0.0131981 0.0103875 0.00898321 0.00957607 0.00908715 0.00883294 0.0084362 0.0087413 0.00916584 0.0126234 0.00883325 0.00834536 0.00856381 0.00844204 0.00858833 0.010478 0.00905467 0.00902435 0.00891579 0.00908301 0.0102476 0.00918263 0.00875566 0.0089865 0.0108226 0.00930703 0.00842053 0.00865775 0.0088769 0.00867387 0.00893233 0.00911949 
0.00397922 0 0.00472768 0.00373999 0.0160294 0.0287054 0.0199248 0.0119703 0.00937108 0.00918341 0.0111536 0.0102927 0.0108342 0.0113959 0.0102216 0.0121409 0.0151802 0.0104117 0.00907603 0.00888488 0.0109051 0.00988297 0.010312 0.00917876 0.00883397 0.00912017 0.010866 0.00910254 0.00827369 0.00882797 0.00862452 0.00888795 0.00872706 0.0084511 0.00841499 0.00839972 0.00832518 0.00860794 0.00913068 0.0084884 0.00840995 0.0088629 0.00889974 0.00832263 0.00855335 0.00870493 0.00880373 0.00860337 0.00877713 0.00845943 
0.00444302 0.00472768 0 0.00384061 0.0122147 0.0413297 0.0217293 0.0179136 0.00903204 0.00953809 0.0112789 0.0105238 0.010826 0.0125717 0.0111746 0.0122061 0.0159955 0.0153468 0.00887224 0.00927799 0.00988234 0.0109899 0.00944213 0.00990081 0.00905083 0.00909978 0.00951052 0.00868561 0.00837862 0.00917694 0.00893925 0.00914398 0.00874117 0.00836791 0.00850492 0.00827311 0.00864271 0.00846502 0.00835239 0.00900723 0.0087775 0.00854913 0.00841024 0.00900899 0.00878251 0.00894788 0.00884105 0.00862752 0.00838389 0.00817919 
0.00856098 0.00373999 0.00384061 0 0.0324128 0.0138258 0.016212 0.0147548 0.018972 0.0162918 0.0101441 0.00980507 0.011164 0.010505 0.0139853 0.0166122 0.0103463 0.0103466 0.0152393 0.0152739 0.0100416 0.0103037 0.00921002 0.00929479 0.0135749 0.00861193 0.00947957 0.0104161 0.010756 0.00870909 0.0087971 0.00864366 0.00857466 0.00892673 0.0102477 0.00833256 0.0106503 0.0088703 0.0088229 0.0116092 0.00957555 0.00850308 0.00951841 0.0123029 0.00909694 0.00889604 0.00902382 0.0086245 0.0086421 0.0083696 
0.0260797 0.0160294 0.0122147 0.0324128 0 0.00380725 0.00363909 0.00363116 0.00431729 0.00420554 0.00457249 0.00532854 0.0108591 0.0744116 0.743029 0.0121344 0.0105502 0.0108029 0.0330578 0.019033 0.0146035 0.0130199 0.0125355 0.0113044 0.011673 0.0142317 0.0152783 0.024018 0.0191507 0.0145314 0.0136942 0.0136384 0.0160373 0.0215758 0.00902307 0.0108672 0.00918751 0.00908178 0.0142159 0.0105434 0.00991221 0.0102254 0.0155498 0.0108102 0.0104622 0.0111012 0.0103212 0.010504 0.0095071 0.0121359 
0.011508 0.0287054 0.0413297 0.0138258 0.00380725 0 0.00355728 0.00362131 0.00357259 0.00390812 0.00583106 0.00953847 0.0734234 0.785807 0.0112078 0.0123507 0.00997342 0.0274616 0.0109944 0.0120393 0.0445769 0.0229336 0.0195268 0.0174505 0.01474 0.0192589 0.0223934 0.011777 0.0137749 0.0318253 0.0249048 0.0420934 0.0200155 0.0111207 0.00860414 0.00873511 0.00913121 0.00977384 0.00953605 0.0104592 0.0116104 0.0117835 0.0103274 0.0106336 0.0137251 0.0152083 0.0143729 0.0108794 0.0108322 0.00919534 
0.0114899 0.0199248 0.0217293 0.016212 0.00363909 0.00355728 0 0.00355049 0.0035525 0.0040712 0.0073252 0.116002 0.77395 0.0118675 0.0131788 0.00880397 0.0227435 0.00880168 0.00877975 0.00974019 0.0137714 0.0310247 0.0186893 0.0148117 0.0247394 0.0179592 0.014423 0.00933972 0.0103393 0.0165214 0.0388073 0.0306831 0.0140599 0.00946651 0.00842752 0.00833772 0.008918 0.00848598 0.00883105 0.00945639 0.0104246 0.00949083 0.00896061 0.00960921 0.0109098 0.0157857 0.0124667 0.0116418 0.00903527 0.00922119 
0.0112132 0.0119703 0.0179136 0.0147548 0.00363116 0.00362131 0.00355049 0 0.00355273 0.00407967 0.90668 0.0644019 0.00703067 0.00751007 0.006877 0.0171323 0.00825154 0.00980145 0.00786884 0.00883357 0.0120948 0.0117683 0.0176491 0.0123913 0.00986218 0.0110985 0.0122988 0.00967934 0.00949748 0.0129571 0.0134988 0.0135684 0.012797 0.00974622 0.00834139 0.00836798 0.0088732 0.00872112 0.00872141 0.00961823 0.00918456 0.00917587 0.00865889 0.0094244 0.00959658 0.00957014 0.00972602 0.00881947 0.00865683 0.00841937 
0.0138977 0.00937108 0.00903204 0.018972 0.00431729 0.00357259 0.0035525 0.00355273 0 0.990181 0.0102177 0.00450112 0.00370896 0.00401691 0.0139829 0.00609786 0.00608269 0.00651155 0.00675099 0.0116081 0.00954158 0.00904143 0.00893186 0.008441 0.00863789 0.00851628 0.00913357 0.010224 0.0141292 0.00930003 0.00925297 0.00914466 0.00895845 0.00933187 0.00900764 0.00828446 0.0104775 0.00853563 0.00885186 0.0114091 0.00917523 0.00847401 0.00900933 0.0110866 0.00905678 0.00876534 0.00860693 0.00846833 0.00838656 0.00842589 
0.0121757 0.00918341 0.00953809 0.0162918 0.00420554 0.00390812 0.0040712 0.00407967 0.990181 0 0.00370445 0.00357247 0.00356477 0.00363955 0.00376003 0.00376321 0.00405407 0.00422339 0.00651982 0.00849281 0.0074236 0.00889215 0.00744107 0.00803057 0.00835094 0.00806917 0.0113678 0.0162979 0.0187094 0.00897181 0.0109262 0.00913491 0.00997589 0.0109693 0.00961576 0.00894072 0.00923214 0.00962362 0.0102606 0.00949527 0.00959189 0.00899838 0.0116558 0.00987375 0.0088716 0.00904954 0.00935144 0.0086517 0.00922507 0.0106888 
0.00903938 0.0111536 0.0112789 0.0101441 0.00457249 0.00583106 0.0073252 0.90668 0.0102177 0.00370445 0 0.00356766 0.00355274 0.00358115 0.00363535 0.00378039 0.00386462 0.00591489 0.00517733 0.00711025 0.0115984 0.00841297 0.0120817 0.00939837 0.00915056 0.0144457 0.0252272 0.0933064 0.0125175 0.0277629 0.0105396 0.0205321 0.0118416 0.00973969 0.00816979 0.00858488 0.00866343 0.00871716 0.00931244 0.0090087 0.00921907 0.0100294 0.0091924 0.00886753 0.0104029 0.0108927 0.00990778 0.00978167 0.00892288 0.00886516 
0.00936642 0.0102927 0.0105238 0.00980507 0.00532854 0.00953847 0.116002 0.0644019 0.00450112 0.00357247 0.00356766 0 0.00356391 0.00357445 0.0036092 0.00362975 0.00367972 0.00361977 0.00403881 0.00718286 0.0080453 0.0209063 0.0108216 0.0105374 0.0181593 0.0194955 0.14138 0.0417333 0.0110705 0.0136152 0.04147 0.0245883 0.0154405 0.00970796 0.00832165 0.00833644 0.00880979 0.00865976 0.0089123 0.00916503 0.0110556 0.00975871 0.00939622 0.00925716 0.0112122 0.0184515 0.0158184 0.0112217 0.00941581 0.00889744 
0.00958255 0.0108342 0.010826 0.011164 0.0108591 0.0734234 0.77395 0.00703067 0.00370896 0.00356477 0.00355274 0.00356391 0 0.00354861 0.0035945 0.00361894 0.00353294 0.00372461 0.00365264 0.00733108 0.014454 0.0130725 0.0151782 0.0186717 0.0203143 0.150925 0.157386 0.0534853 0.0109288 0.0263467 0.0396276 0.0527062 0.0158592 0.0127957 0.00837921 0.00850778 0.00908955 0.00866447 0.00900332 0.00997572 0.0127434 0.0112842 0.0095592 0.0100702 0.0167825 0.0308613 0.0240217 0.0162377 0.0102411 0.00973636 
0.00948377 0.0113959 0.0125717 0.010505 0.0744116 0.785807 0.0118675 0.00751007 0.00401691 0.00363955 0.00358115 0.00357445 0.00354861 0 0.00355265 0.00354281 0.00359737 0.00356421 0.00364461 0.00758997 0.00973048 0.0332897 0.0268389 0.0236818 0.170931 0.171 0.0775887 0.0116432 0.0138309 0.0282839 0.0484666 0.0473715 0.0203966 0.012674 0.00847095 0.00864425 0.00910056 0.00890432 0.00967663 0.00990381 0.013015 0.0126865 0.0103944 0.010522 0.017878 0.0319799 0.0253252 0.0177275 0.0109649 0.00975477 
0.0094286 0.0102216 0.0111746 0.0139853 0.743029 0.0112078 0.0131788 0.006877 0.0139829 0.00376003 0.00363535 0.0036092 0.0035945 0.00355265 0 0.00354277 0.00356205 0.00356287 0.00354796 0.00770072 0.010742 0.0272728 0.0355839 0.102531 0.184612 0.0569473 0.0153209 0.0103166 0.0111833 0.0206648 0.0466792 0.0479446 0.0207938 0.0115242 0.00846721 0.00844762 0.00895603 0.00883159 0.00919114 0.00969668 0.0129267 0.0110265 0.0100863 0.0102918 0.0170655 0.0319047 0.0246856 0.0151778 0.0103876 0.00941436 
0.00945284 0.0121409 0.0122061 0.0166122 0.0121344 0.0123507 0.00880397 0.0171323 0.00609786 0.00376321 0.00378039 0.00362975 0.00361894 0.00354281 0.00354277 0 0.00357594 0.00356322 0.00353106 0.00620211 0.0110564 0.0219641 0.0897876 0.149696 0.0584391 0.0152898 0.0225379 0.0093228 0.0117129 0.0253871 0.0407325 0.0860829 0.0147985 0.0115495 0.00842892 0.00857055 0.00914013 0.00871453 0.00912867 0.00991716 0.0130053 0.0115517 0.00962159 0.011225 0.0169956 0.0385792 0.0268781 0.0171425 0.00976777 0.0102096 
0.00933135 0.0151802 0.0159955 0.0103463 0.0105502 0.00997342 0.0227435 0.00825154 0.00608269 0.00405407 0.00386462 0.00367972 0.00353294 0.00359737 0.00356205 0.00357594 0 0.00355824 0.00355921 0.00817453 0.0142597 0.130798 0.258958 0.0343012 0.0220168 0.0143452 0.0114507 0.00944004 0.0112322 0.019238 0.0725108 0.0441777 0.0206516 0.0106477 0.00850248 0.0084902 0.00907926 0.00890102 0.00902185 0.00991116 0.0137111 0.0115266 0.00997332 0.0102485 0.0179198 0.0326309 0.024592 0.0150348 0.0105675 0.00950362 
0.00954508 0.0104117 0.0153468 0.0103466 0.0108029 0.0274616 0.00880168 0.00980145 0.00651155 0.00422339 0.00591489 0.00361977 0.00372461 0.00356421 0.00356287 0.00356322 0.00355824 0 0.00353383 0.0193964 0.1691 0.296832 0.0321025 0.011164 0.00939347 0.0103633 0.0199495 0.010707 0.0101987 0.0252172 0.0182054 0.0229715 0.0295109 0.0120164 0.00889396 0.0087956 0.00915698 0.00996635 0.00913412 0.00986469 0.0109134 0.0133207 0.00937845 0.0104584 0.0131507 0.0154493 0.0123119 0.0112621 0.0101458 0.00901731 
0.0131981 0.00907603 0.00887224 0.0152393 0.0330578 0.0109944 0.00877975 0.00786884 0.00675099 0.00651982 0.00517733 0.00403881 0.00365264 0.00364461 0.00354796 0.00353106 0.00355921 0.00353383 0 0.167759 0.210362 0.0102362 0.00724326 0.00628739 0.00735333 0.00694594 0.00880764 0.0117434 0.0167395 0.0101963 0.0112437 0.0110024 0.0111114 0.0186508 0.0101817 0.00859722 0.0121564 0.00850133 0.0099961 0.0142387 0.00961689 0.00916886 0.0106203 0.0140909 0.0102407 0.010175 0.00968351 0.00935669 0.00903679 0.0094635 
0.0103875 0.00888488 0.00927799 0.0152739 0.019033 0.0120393 0.00974019 0.00883357 0.0116081 0.00849281 0.00711025 0.00718286 0.00733108 0.00758997 0.00770072 0.00620211 0.00817453 0.0193964 0.167759 0 0.00390078 0.00356656 0.00357733 0.00354707 0.00362887 0.00369612 0.00387004 0.00987535 0.108991 0.011933 0.0130402 0.00980518 0.0121978 0.018528 0.00999033 0.0109441 0.0101522 0.00965829 0.0145246 0.0115539 0.00946542 0.0100363 0.0150326 0.0116453 0.00952602 0.00953748 0.00956842 0.00937436 0.00949757 0.012366 
0.00898321 0.0109051 0.00988234 0.0100416 0.0146035 0.0445769 0.0137714 0.0120948 0.00954158 0.0074236 0.0115984 0.0080453 0.014454 0.00973048 0.010742 0.0110564 0.0142597 0.1691 0.210362 0.00390078 0 0.00356107 0.00354453 0.00355195 0.00358661 0.00376848 0.00391608 0.00466145 0.019299 0.1509 0.0128053 0.0307989 0.0156373 0.0126986 0.00886049 0.00968329 0.00896844 0.010436 0.0110541 0.0100523 0.0126834 0.0129918 0.0102944 0.0100555 0.0163376 0.0156111 0.0136116 0.0118016 0.0128084 0.00946118 
0.00957607 0.00988297 0.0109899 0.0103037 0.0130199 0.0229336 0.0310247 0.0117683 0.00904143 0.00889215 0.00841297 0.0209063 0.0130725 0.0332897 0.0272728 0.0219641 0.130798 0.296832 0.0102362 0.00356656 0.00356107 0 0.00353458 0.00354591 0.0035758 0.00354778 0.00385116 0.00370235 0.0428247 0.0165557 0.16474 0.0255615 0.0295133 0.0102403 0.00936864 0.00856056 0.0094269 0.00936138 0.00914398 0.00994722 0.0165093 0.0119266 0.0099256 0.0108742 0.0171016 0.0364958 0.0284871 0.0192459 0.0139651 0.0106329 
0.00908715 0.010312 0.00944213 0.00921002 0.0125355 0.0195268 0.0186893 0.0176491 0.00893186 0.00744107 0.0120817 0.0108216 0.0151782 0.0268389 0.0355839 0.0897876 0.258958 0.0321025 0.00724326 0.00357733 0.00354453 0.00353458 0 0.00378695 0.00354963 0.00355198 0.00351579 0.00366709 0.0217544 0.0579386 0.0215406 0.0991419 0.0140051 0.0120941 0.00858149 0.00875626 0.00915784 0.00905524 0.00930505 0.0109523 0.0120262 0.0118127 0.00945388 0.0105982 0.0168738 0.0257558 0.0245166 0.0173485 0.0105162 0.0103512 
0.00883294 0.00917876 0.00990081 0.00929479 0.0113044 0.0174505 0.0148117 0.0123913 0.008441 0.00803057 0.00939837 0.0105374 0.0186717 0.0236818 0.102531 0.149696 0.0343012 0.011164 0.00628739 0.00354707 0.00355195 0.00354591 0.00378695 0 0.00353051 0.00353831 0.00356468 0.00356211 0.0197268 0.0325982 0.0595588 0.0376086 0.019049 0.00982032 0.00847989 0.00852241 0.00922533 0.00873863 0.00907648 0.00959131 0.0122297 0.0103541 0.00922075 0.0100723 0.0148598 0.028958 0.0202866 0.0155176 0.00983288 0.00961588 
0.0084362 0.00883397 0.00905083 0.0135749 0.011673 0.01474 0.0247394 0.00986218 0.00863789 0.00835094 0.00915056 0.0181593 0.0203143 0.170931 0.184612 0.0584391 0.0220168 0.00939347 0.00735333 0.00362887 0.00358661 0.0035758 0.00354963 0.00353051 0 0.0035282 0.00357837 0.00354139 0.0159344 0.0367244 0.0968818 0.0436439 0.0189808 0.00974087 0.00848971 0.00835303 0.00874459 0.00905794 0.00856638 0.00938389 0.0116885 0.0104069 0.00952701 0.00972379 0.0148542 0.0258643 0.0225335 0.0119203 0.00967692 0.009017 
0.0087413 0.00912017 0.00909978 0.00861193 0.0142317 0.0192589 0.0179592 0.0110985 0.00851628 0.00806917 0.0144457 0.0194955 0.150925 0.171 0.0569473 0.0152898 0.0143452 0.0103633 0.00694594 0.00369612 0.00376848 0.00354778 0.00355198 0.00353831 0.0035282 0 0.00352825 0.00355177 0.0290781 0.0506089 0.0591636 0.0770991 0.0224826 0.0119823 0.0084177 0.00875979 0.00927597 0.00859386 0.00974501 0.0098609 0.010722 0.0109393 0.00918379 0.0106969 0.0162771 0.0258587 0.0151841 0.0146143 0.0091893 0.00937772 
0.00916584 0.010866 0.00951052 0.00947957 0.0152783 0.0223934 0.014423 0.0122988 0.00913357 0.0113678 0.0252272 0.14138 0.157386 0.0775887 0.0153209 0.0225379 0.0114507 0.0199495 0.00880764 0.00387004 0.00391608 0.00385116 0.00351579 0.00356468 0.00357837 0.00352825 0 0.00371387 0.0181263 0.0278409 0.058433 0.0556724 0.083004 0.013074 0.00989737 0.00868065 0.0097071 0.0120488 0.00914832 0.0108558 0.0153422 0.0108347 0.00945399 0.0116643 0.01528 0.0149835 0.0134474 0.0102842 0.0105741 0.00926368 
0.0126234 0.00910254 0.00868561 0.0104161 0.024018 0.011777 0.00933972 0.00967934 0.010224 0.0162979 0.0933064 0.0417333 0.0534853 0.0116432 0.0103166 0.0093228 0.00944004 0.010707 0.0117434 0.00987535 0.00466145 0.00370235 0.00366709 0.00356211 0.00354139 0.00355177 0.00371387 0 0.0241621 0.0155537 0.0157958 0.0216876 0.0371361 0.144057 0.0112458 0.0097008 0.0159955 0.00899152 0.0133704 0.0207924 0.0101066 0.0098358 0.0110416 0.0170667 0.0108717 0.0107099 0.0103735 0.0102499 0.00927079 0.011414 
0.00883325 0.00827369 0.00837862 0.010756 0.0191507 0.0137749 0.0103393 0.00949748 0.0141292 0.0187094 0.0125175 0.0110705 0.0109288 0.0138309 0.0111833 0.0117129 0.0112322 0.0101987 0.0167395 0.108991 0.019299 0.0428247 0.0217544 0.0197268 0.0159344 0.0290781 0.0181263 0.0241621 0 0.00395985 0.00356181 0.00353998 0.00356874 0.00490947 0.038201 0.0139534 0.0173291 0.0116782 0.0226796 0.0190562 0.0145128 0.0121551 0.022166 0.0212889 0.0144982 0.012761 0.0117683 0.0107701 0.0112306 0.0337267 
0.00834536 0.00882797 0.00917694 0.00870909 0.0145314 0.0318253 0.0165214 0.0129571 0.00930003 0.00897181 0.0277629 0.0136152 0.0263467 0.0282839 0.0206648 0.0253871 0.019238 0.0252172 0.0101963 0.011933 0.1509 0.0165557 0.0579386 0.0325982 0.0367244 0.0506089 0.0278409 0.0155537 0.00395985 0 0.00355401 0.00357786 0.00362974 0.00362909 0.0124556 0.0203857 0.0136852 0.0177741 0.0139707 0.0180027 0.0200683 0.0266662 0.011842 0.0149291 0.0357024 0.0242829 0.0189693 0.0188245 0.0275416 0.0124264 
0.00856381 0.00862452 0.00893925 0.0087971 0.0136942 0.0249048 0.0388073 0.0134988 0.00925297 0.0109262 0.0105396 0.04147 0.0396276 0.0484666 0.0466792 0.0407325 0.0725108 0.0182054 0.0112437 0.0130402 0.0128053 0.16474 0.0215406 0.0595588 0.0968818 0.0591636 0.058433 0.0157958 0.00356181 0.00355401 0 0.00354097 0.00357332 0.00356138 0.0160423 0.00929452 0.0129536 0.0108647 0.0105594 0.0119235 0.0246659 0.0119382 0.0119515 0.0138591 0.0244308 0.0524647 0.0516075 0.0417731 0.0148858 0.0126936 
0.00844204 0.00888795 0.00914398 0.00864366 0.0136384 0.0420934 0.0306831 0.0135684 0.00914466 0.00913491 0.0205321 0.0245883 0.0527062 0.0473715 0.0479446 0.0860829 0.0441777 0.0229715 0.0110024 0.00980518 0.0307989 0.0255615 0.0991419 0.0376086 0.0436439 0.0770991 0.0556724 0.0216876 0.00353998 0.00357786 0.00354097 0 0.00353994 0.00354871 0.0103489 0.0134823 0.0136517 0.0109699 0.012103 0.0152347 0.0165856 0.0227779 0.0108585 0.0130061 0.0284477 0.0598966 0.0842271 0.0308757 0.0130348 0.015477 
0.00858833 0.00872706 0.00874117 0.00857466 0.0160373 0.0200155 0.0140599 0.012797 0.00895845 0.00997589 0.0118416 0.0154405 0.0158592 0.0203966 0.0207938 0.0147985 0.0206516 0.0295109 0.0111114 0.0121978 0.0156373 0.0295133 0.0140051 0.019049 0.0189808 0.0224826 0.083004 0.0371361 0.00356874 0.00362974 0.00357332 0.00353994 0 0.00366038 0.0268291 0.0127607 0.0127435 0.0246161 0.0110033 0.0141453 0.0305511 0.0238346 0.0115045 0.0159865 0.0239623 0.0527595 0.0190264 0.0121389 0.0160309 0.0120206 
0.010478 0.0084511 0.00836791 0.00892673 0.0215758 0.0111207 0.00946651 0.00974622 0.00933187 0.0109693 0.00973969 0.00970796 0.0127957 0.012674 0.0115242 0.0115495 0.0106477 0.0120164 0.0186508 0.018528 0.0126986 0.0102403 0.0120941 0.00982032 0.00974087 0.0119823 0.013074 0.144057 0.00490947 0.00362909 0.00356138 0.00354871 0.00366038 0 0.0132403 0.0236189 0.0244995 0.0101201 0.0507248 0.030901 0.0119631 0.0131256 0.0156637 0.0259591 0.0209927 0.0125104 0.0116611 0.011722 0.0101468 0.0144382 
0.00905467 0.00841499 0.00850492 0.0102477 0.00902307 0.00860414 0.00842752 0.00834139 0.00900764 0.00961576 0.00816979 0.00832165 0.00837921 0.00847095 0.00846721 0.00842892 0.00850248 0.00889396 0.0101817 0.00999033 0.00886049 0.00936864 0.00858149 0.00847989 0.00848971 0.0084177 0.00989737 0.0112458 0.038201 0.0124556 0.0160423 0.0103489 0.0268291 0.0132403 0 0.00769148 0.0116868 0.214478 0.0466658 0.0105019 0.0128536 0.0102024 0.0324972 0.0187751 0.0105795 0.0101531 0.0106049 0.00938998 0.0126556 0.0150035 
0.00902435 0.00839972 0.00827311 0.00833256 0.0108672 0.00873511 0.00833772 0.00836798 0.00828446 0.00894072 0.00858488 0.00833644 0.00850778 0.00864425 0.00844762 0.00857055 0.0084902 0.0087956 0.00859722 0.0109441 0.00968329 0.00856056 0.00875626 0.00852241 0.00835303 0.00875979 0.00868065 0.0097008 0.0139534 0.0203857 0.00929452 0.0134823 0.0127607 0.0236189 0.00769148 0 0.208344 0.0111828 0.011306 0.0178028 0.00913437 0.0139339 0.0193954 0.0182017 0.0128097 0.00953513 0.00999422 0.0104184 0.0102114 0.0116394 
0.00891579 0.00832518 0.00864271 0.0106503 0.00918751 0.00913121 0.008918 0.0088732 0.0104775 0.00923214 0.00866343 0.00880979 0.00908955 0.00910056 0.00895603 0.00914013 0.00907926 0.00915698 0.0121564 0.0101522 0.00896844 0.0094269 0.00915784 0.00922533 0.00874459 0.00927597 0.0097071 0.0159955 0.0173291 0.0136852 0.0129536 0.0136517 0.0127435 0.0244995 0.0116868 0.208344 0 0.00424492 0.00468096 0.00681078 0.0120173 0.518803 0.0383813 0.0163756 0.011417 0.01629 0.0122448 0.0137233 0.0131308 0.0380743 
0.00908301 0.00860794 0.00846502 0.0088703 0.00908178 0.00977384 0.00848598 0.00872112 0.00853563 0.00962362 0.00871716 0.00865976 0.00866447 0.00890432 0.00883159 0.00871453 0.00890102 0.00996635 0.00850133 0.00965829 0.010436 0.00936138 0.00905524 0.00873863 0.00905794 0.00859386 0.0120488 0.00899152 0.0116782 0.0177741 0.0108647 0.0109699 0.0246161 0.0101201 0.214478 0.0111828 0.00424492 0 0.00380554 0.00660858 0.830272 0.00928899 0.007823 0.0113201 0.0171997 0.0110292 0.0119183 0.0102271 0.0259103 0.0109264 
0.0102476 0.00913068 0.00835239 0.0088229 0.0142159 0.00953605 0.00883105 0.00872141 0.00885186 0.0102606 0.00931244 0.0089123 0.00900332 0.00967663 0.00919114 0.00912867 0.00902185 0.00913412 0.0099961 0.0145246 0.0110541 0.00914398 0.00930505 0.00907648 0.00856638 0.00974501 0.00914832 0.0133704 0.0226796 0.0139707 0.0105594 0.012103 0.0110033 0.0507248 0.0466658 0.011306 0.00468096 0.00380554 0 0.918606 0.0101515 0.00552647 0.00617217 0.0272249 0.0136627 0.0138678 0.012965 0.0172826 0.0156516 0.0215925 
0.00918263 0.0084884 0.00900723 0.0116092 0.0105434 0.0104592 0.00945639 0.00961823 0.0114091 0.00949527 0.0090087 0.00916503 0.00997572 0.00990381 0.00969668 0.00991716 0.00991116 0.00986469 0.0142387 0.0115539 0.0100523 0.00994722 0.0109523 0.00959131 0.00938389 0.0098609 0.0108558 0.0207924 0.0190562 0.0180027 0.0119235 0.0152347 0.0141453 0.030901 0.0105019 0.0178028 0.00681078 0.00660858 0.918606 0 0.00383845 0.0045152 0.00560975 0.0173625 0.0166927 0.0180964 0.0855342 0.0377722 0.0165193 0.039343 
0.00875566 0.00840995 0.0087775 0.00957555 0.00991221 0.0116104 0.0104246 0.00918456 0.00917523 0.00959189 0.00921907 0.0110556 0.0127434 0.013015 0.0129267 0.0130053 0.0137111 0.0109134 0.00961689 0.00946542 0.0126834 0.0165093 0.0120262 0.0122297 0.0116885 0.010722 0.0153422 0.0101066 0.0145128 0.0200683 0.0246659 0.0165856 0.0305511 0.0119631 0.0128536 0.00913437 0.0120173 0.830272 0.0101515 0.00383845 0 0.00384045 0.00384496 0.0149714 0.0474267 0.092182 0.0542026 0.0161504 0.0327441 0.0153416 
0.0089865 0.0088629 0.00854913 0.00850308 0.0102254 0.0117835 0.00949083 0.00917587 0.00847401 0.00899838 0.0100294 0.00975871 0.0112842 0.0126865 0.0110265 0.0115517 0.0115266 0.0133207 0.00916886 0.0100363 0.0129918 0.0119266 0.0118127 0.0103541 0.0104069 0.0109393 0.0108347 0.0098358 0.0121551 0.0266662 0.0119382 0.0227779 0.0238346 0.0131256 0.0102024 0.0139339 0.518803 0.00928899 0.00552647 0.0045152 0.00384045 0 0.00378318 0.027079 0.112135 0.10228 0.0173144 0.0243245 0.0157024 0.0164812 
0.0108226 0.00889974 0.00841024 0.00951841 0.0155498 0.0103274 0.00896061 0.00865889 0.00900933 0.0116558 0.0091924 0.00939622 0.0095592 0.0103944 0.0100863 0.00962159 0.00997332 0.00937845 0.0106203 0.0150326 0.0102944 0.0099256 0.00945388 0.00922075 0.00952701 0.00918379 0.00945399 0.0110416 0.022166 0.011842 0.0119515 0.0108585 0.0115045 0.0156637 0.0324972 0.0193954 0.0383813 0.007823 0.00617217 0.00560975 0.00384496 0.00378318 0 0.261876 0.0339046 0.0152842 0.0137566 0.0121267 0.0119939 0.0231419 
0.00930703 0.00832263 0.00900899 0.0123029 0.0108102 0.0106336 0.00960921 0.0094244 0.0110866 0.00987375 0.00886753 0.00925716 0.0100702 0.010522 0.0102918 0.011225 0.0102485 0.0104584 0.0140909 0.0116453 0.0100555 0.0108742 0.0105982 0.0100723 0.00972379 0.0106969 0.0116643 0.0170667 0.0212889 0.0149291 0.0138591 0.0130061 0.0159865 0.0259591 0.0187751 0.0182017 0.0163756 0.0113201 0.0272249 0.0173625 0.0149714 0.027079 0.261876 0 0.00389078 0.00367874 0.00386006 0.00401816 0.00580392 0.0150656 
0.00842053 0.00855335 0.00878251 0.00909694 0.0104622 0.0137251 0.0109098 0.00959658 0.00905678 0.0088716 0.0104029 0.0112122 0.0167825 0.017878 0.0170655 0.0169956 0.0179198 0.0131507 0.0102407 0.00952602 0.0163376 0.0171016 0.0168738 0.0148598 0.0148542 0.0162771 0.01528 0.0108717 0.0144982 0.0357024 0.0244308 0.0284477 0.0239623 0.0209927 0.0105795 0.0128097 0.011417 0.0171997 0.0136627 0.0166927 0.0474267 0.112135 0.0339046 0.00389078 0 0.00368297 0.00367735 0.00391639 0.00412428 0.0056906 
0.00865775 0.00870493 0.00894788 0.00889604 0.0111012 0.0152083 0.0157857 0.00957014 0.00876534 0.00904954 0.0108927 0.0184515 0.0308613 0.0319799 0.0319047 0.0385792 0.0326309 0.0154493 0.010175 0.00953748 0.0156111 0.0364958 0.0257558 0.028958 0.0258643 0.0258587 0.0149835 0.0107099 0.012761 0.0242829 0.0524647 0.0598966 0.0527595 0.0125104 0.0101531 0.00953513 0.01629 0.0110292 0.0138678 0.0180964 0.092182 0.10228 0.0152842 0.00367874 0.00368297 0 0.00362626 0.0036563 0.00369326 0.00405882 
0.0088769 0.00880373 0.00884105 0.00902382 0.0103212 0.0143729 0.0124667 0.00972602 0.00860693 0.00935144 0.00990778 0.0158184 0.0240217 0.0253252 0.0246856 0.0268781 0.024592 0.0123119 0.00968351 0.00956842 0.0136116 0.0284871 0.0245166 0.0202866 0.0225335 0.0151841 0.0134474 0.0103735 0.0117683 0.0189693 0.0516075 0.0842271 0.0190264 0.0116611 0.0106049 0.00999422 0.0122448 0.0119183 0.012965 0.0855342 0.0542026 0.0173144 0.0137566 0.00386006 0.00367735 0.00362626 0 0.00363962 0.00371503 0.00393154 
0.00867387 0.00860337 0.00862752 0.0086245 0.010504 0.0108794 0.0116418 0.00881947 0.00846833 0.0086517 0.00978167 0.0112217 0.0162377 0.0177275 0.0151778 0.0171425 0.0150348 0.0112621 0.00935669 0.00937436 0.0118016 0.0192459 0.0173485 0.0155176 0.0119203 0.0146143 0.0102842 0.0102499 0.0107701 0.0188245 0.0417731 0.0308757 0.0121389 0.011722 0.00938998 0.0104184 0.0137233 0.0102271 0.0172826 0.0377722 0.0161504 0.0243245 0.0121267 0.00401816 0.00391639 0.0036563 0.00363962 0 0.00371627 0.00386419 
0.00893233 0.00877713 0.00838389 0.0086421 0.0095071 0.0108322 0.00903527 0.00865683 0.00838656 0.00922507 0.00892288 0.00941581 0.0102411 0.0109649 0.0103876 0.00976777 0.0105675 0.0101458 0.00903679 0.00949757 0.0128084 0.0139651 0.0105162 0.00983288 0.00967692 0.0091893 0.0105741 0.00927079 0.0112306 0.0275416 0.0148858 0.0130348 0.0160309 0.0101468 0.0126556 0.0102114 0.0131308 0.0259103 0.0156516 0.0165193 0.0327441 0.0157024 0.0119939 0.00580392 0.00412428 0.00369326 0.00371503 0.00371627 0 0.00394113 
0.00911949 0.00845943 0.00817919 0.0083696 0.0121359 0.00919534 0.00922119 0.00841937 0.00842589 0.0106888 0.00886516 0.00889744 0.00973636 0.00975477 0.00941436 0.0102096 0.00950362 0.00901731 0.0094635 0.012366 0.00946118 0.0106329 0.0103512 0.00961588 0.009017 0.00937772 0.00926368 0.011414 0.0337267 0.0124264 0.0126936 0.015477 0.0120206 0.0144382 0.0150035 0.0116394 0.0380743 0.0109264 0.0215925 0.039343 0.0153416 0.0164812 0.0231419 0.0150656 0.0056906 0.00405882 0.00393154 0.00386419 0.00394113 0 
