1MOPA
IPAFHPGELNVYSAPGDVADVSRALRLTGRRVMLVPTMGALHEGHLALVRAAKRVPGSVVVVSIFVNPMQFGAGGDLDAYPRTPDDDLAQLRAEGVEIAFTPTTAAMYPDGLRTTVQPGPLAAELEGGPRPTHFAGVLTVVLKLLQIVRPDRVFFGEKDYQQLVLIRQLVADFNLDVAVVGVPTVREADGLAMSSRNRYLDPAQRAAAVALSAALTAAAHAATAGAQAALDAARAVLDAAPGVAVDYLELRDIGLGPMPLNGSGRLLVAARLGTTRLLDNIAIEIGTF
CCCCCCCCCEEECCHHHHHHHHHHHHHCCCEEEEEEECCCCCHHHHHHHHHHHCCCCEEEEEEECCCHHHCCCCCHHHHCCCCHHHHHHHHHHCCCCEEECCCHHHHCCCCCCCEEECCHHHHCHHHCCCCCHHHHHHHHHHHHHHHHCCCEEEEEHHHHHHHHHHHHHHHHCCCCCEEEEECCCECCCCCECCHHHHHCCHHHHHHCHHHHHHHHHHHHHHHHCHHHHHHHHHHHHHCCCCCEEEEEEEEECCCCCCCCCCEEEEEEEEEECCEEEEEEEEEECCCC
0 0 0 0 0 0 0 0 0 0 0 0 0 0 0 0 0 0 0 0 0 0 0 0 0 0 0 0 0 0 0 0 0 0 0 0 0 0 0 0 0 0 0 0 0 0 0 0 0 0 0 0 0 0 0 0 0 0 0 0 0 0 0 0 0 0 0 0 0 0 0 0 0 0 0 0 0 0 0 0 0 0 0 0 0 0 0 0 0 0 0 0 0 0 0 0 0 0 0 0 0 0 0 0 0 0 0 0 0 0 0 0 0 0 0 0 0 0 0 0 0 0 0 0 0 0 0 0 0 0 0 0 0 0 0 0 0 0 0 0 0 0 0 0 0 0 0 0 0 0 0 0 0 0 0 0 0 0 0 0 0 0 0 0 0 0 0 0 0 0 0 0 0 0 0 0 0 0 0 0 0 0 0 0 0 0 0 0 0 0 0 0 0 0 0 0 0 0 0 0 0 0 0 0 0 0 0 0 0 0 0 0 0 0 0 0 0 0 0 0 0 0 0 0 0 0 0 0 0 0 0 0 0 0 0 0 0 0 0 0 0 0 0 0 0 0 0 0 0 0 0 0 0 0 0 0 0 0 0 0 0 0 0 0 0 0 0 0 0 0 0 0 0 0 0 0 0 0 0 0 0 0 0 0 0 0 0 0 
0 0 0 0 0 0 0 0 0 0 0 0 0 0 0 0 0 0 0 0 0 0 0 0 0 0 0 0 0 0 0 0 0 0 0 0 0 0 0 0 0 0 0 0 0 0 0 0 0 0 0 0 0 0 0 0 0 0 0 0 0 0 0 0 0 0 0 0 0 0 0 0 0 0 0 0 0 0 0 0 0 0 0 0 0 0 0 0 0 0 0 0 0 0 0 0 0 0 0 0 0 0 0 0 0 0 0 0 0 0 0 0 0 0 0 0 0 0 0 0 0 0 0 0 0 0 0 0 0 0 0 0 0 0 0 0 0 0 0 0 0 0 0 0 0 0 0 0 0 0 0 0 0 0 0 0 0 0 0 0 0 0 0 0 0 0 0 0 0 0 0 0 0 0 0 0 0 0 0 0 0 0 0 0 0 0 0 0 0 0 0 0 0 0 0 0 0 0 0 0 0 0 0 0 0 0 0 0 0 0 0 0 0 0 0 0 0 0 0 0 0 0 0 0 0 0 0 0 0 0 0 0 0 0 0 0 0 0 0 0 0 0 0 0 0 0 0 0 0 0 0 0 0 0 0 0 0 0 0 0 0 0 0 0 0 0 0 0 0 0 0 0 0 0 0 0 0 0 0 0 0 0 0 0 0 0 0 0 
0 0.00361714 0.00426222 0.101769 0.0250622 0.0299616 0.0196489 0.0160801 0.0137949 0.0343819 0.0154046 0.0135093 0.0172186 0.0163444 0.0157687 0.0130947 0.0264952 0.0158839 0.00927659 0.0164142 0.0106392 0.00863425 0.00942471 0.00863654 0.00828048 0.00869413 0.0086139 0.00909803 0.00861413 0.00833594 0.00823908 0.00825008 0.00822241 0.00895003 0.00847386 0.00838013 0.00822683 0.00819422 0.00831542 0.00831834 0.00828529 0.00844992 0.00821386 0.00836451 0.00828308 0.0082671 0.00830815 0.00842406 0.00848299 0.00877808 0.0084165 0.00838783 0.00836467 0.00877941 0.00837829 0.00834901 0.0084634 0.00842585 0.00842371 0.00838043 0.00855615 0.00848852 0.00853862 0.00888848 
0.00361714 0 0.00358189 0.0185573 0.05727 0.0219512 0.0235209 0.0134406 0.054371 0.0121023 0.0099522 0.0168546 0.0142816 0.0168811 0.0123429 0.0419952 0.00979297 0.00973502 0.0176438 0.0088843 0.0087542 0.00895789 0.00826511 0.00808896 0.00852897 0.00854373 0.00863106 0.00814431 0.00829067 0.00824316 0.00828781 0.00821481 0.00794577 0.00816141 0.00808553 0.00818401 0.00818259 0.00813356 0.00819661 0.00825128 0.00820704 0.00821225 0.00814229 0.00802668 0.00810943 0.00824446 0.00823992 0.00833736 0.00848829 0.00846521 0.00833721 0.00826754 0.00827025 0.00814114 0.00823672 0.00835051 0.00837157 0.00828152 0.00824659 0.00825859 0.00831329 0.00836803 0.00838038 0.00833647 
0.00426222 0.00358189 0 0.0222351 0.0159048 0.0181893 0.0178397 0.015939 0.0126551 0.0942475 0.0153306 0.0118084 0.0115407 0.0126901 0.0213982 0.0100609 0.0231468 0.0170766 0.0085569 0.0126764 0.0101524 0.00865319 0.00823274 0.00851268 0.00841609 0.0083172 0.00822211 0.00828087 0.00881802 0.00847844 0.00804284 0.0080082 0.00815838 0.00881103 0.00897323 0.00848841 0.00820953 0.00807205 0.00816454 0.00830301 0.00815429 0.0081876 0.00807512 0.00816835 0.00830452 0.00829121 0.00822062 0.00831861 0.00830184 0.00827561 0.00828231 0.00832389 0.00819121 0.00851641 0.00897533 0.00826746 0.00833213 0.00827859 0.00823671 0.00826874 0.0084197 0.00831324 0.00852535 0.00830062 
0.101769 0.0185573 0.0222351 0 0.00384034 0.00356724 0.00357333 0.00359569 0.00423205 0.00402272 0.450623 0.0106617 0.0150173 0.0138354 0.00967223 0.0175964 0.0179273 0.0130559 0.00994764 0.0108195 0.0125184 0.00823898 0.0105533 0.00912119 0.00813028 0.00870673 0.00857072 0.00843085 0.00995032 0.00807164 0.00809525 0.00839857 0.00806975 0.00920699 0.00838695 0.00854648 0.00809012 0.00818892 0.00813506 0.00811655 0.00841337 0.00809855 0.00814443 0.00812425 0.00835897 0.00810647 0.00815511 0.0081874 0.00829448 0.00829901 0.00826715 0.00821414 0.00847253 0.00827154 0.00826523 0.00819068 0.00825246 0.00819916 0.00816255 0.00824242 0.00824001 0.00855571 0.00831363 0.00917092 
0.0250622 0.05727 0.0159048 0.00384034 0 0.00359922 0.00360106 0.00355631 0.00358086 0.00358913 0.0218039 0.668863 0.0191958 0.0334234 0.0409059 0.0163033 0.0161056 0.0310331 0.0131921 0.0120454 0.00966675 0.0130138 0.00840886 0.00876134 0.010707 0.0090274 0.00858196 0.00860738 0.00825855 0.00894945 0.00839143 0.00833673 0.0080392 0.0081533 0.00804837 0.00814092 0.0083755 0.00820971 0.0082248 0.00836186 0.00821485 0.00838961 0.00813964 0.00808304 0.0081067 0.00839821 0.00823683 0.00844408 0.00851239 0.00846193 0.00838447 0.00839694 0.0082248 0.00830188 0.00832191 0.00829946 0.00846963 0.00838015 0.00836879 0.00832471 0.00848587 0.00839741 0.00863478 0.00833833 
0.0299616 0.0219512 0.0181893 0.00356724 0.00359922 0 0.00356022 0.00355256 0.00355684 0.0036314 0.0906369 0.0290772 0.687686 0.0539224 0.088678 0.0396059 0.0153056 0.0200241 0.0228762 0.0104134 0.011785 0.00922728 0.00943955 0.00971659 0.00994868 0.0167999 0.00954151 0.00857752 0.00940435 0.00890159 0.00906905 0.00862682 0.00806393 0.0080058 0.00817941 0.00817432 0.00830742 0.0083948 0.00840801 0.00860229 0.00872159 0.00852136 0.00820334 0.00811349 0.00813169 0.00831356 0.00854633 0.00887146 0.00890488 0.00882763 0.00855373 0.00857486 0.00834261 0.00818335 0.00829663 0.0083916 0.00876721 0.00856356 0.00859223 0.00851167 0.00858326 0.00856547 0.008459 0.00843187 
0.0196489 0.0235209 0.0178397 0.00357333 0.00360106 0.00356022 0 0.00353038 0.0035644 0.00357797 0.0203566 0.112383 0.0673922 0.764458 0.0605112 0.0748383 0.0241253 0.0290065 0.0180275 0.0152573 0.0100061 0.0112405 0.0101813 0.00916711 0.0119236 0.0196519 0.0111014 0.00882242 0.00891724 0.00963808 0.00971387 0.00896178 0.00819998 0.00803096 0.00830173 0.00815302 0.00848171 0.00848648 0.00853978 0.00878602 0.00868996 0.00894472 0.00825187 0.00813645 0.0081312 0.00842048 0.00879747 0.00915369 0.00938798 0.009082 0.00876299 0.00880993 0.00838942 0.00820486 0.00836765 0.00847388 0.00924469 0.0088307 0.00906935 0.00865012 0.00884287 0.00870357 0.00852089 0.00849213 
0.0160801 0.0134406 0.015939 0.00359569 0.00355631 0.00355256 0.00353038 0 0.0035418 0.00353918 0.017809 0.0224524 0.218903 0.0346736 0.654315 0.020325 0.0182821 0.0137782 0.011922 0.0102692 0.00938156 0.00964942 0.00898574 0.00858949 0.00948521 0.013456 0.00981406 0.00838277 0.00850538 0.00869817 0.0087668 0.00864185 0.00804253 0.00797265 0.00808041 0.00807615 0.00826313 0.00821782 0.00832865 0.00852943 0.00841426 0.00851658 0.00813813 0.00803759 0.00805912 0.00825846 0.00840609 0.00868012 0.0087834 0.00863538 0.00849267 0.00851398 0.00819406 0.00812274 0.00821891 0.00837004 0.00870957 0.00858467 0.00855889 0.0083977 0.00861192 0.00841425 0.00838001 0.00828227 
0.0137949 0.054371 0.0126551 0.00423205 0.00358086 0.00355684 0.0035644 0.0035418 0 0.00353417 0.0132568 0.0523084 0.0233106 0.160209 0.0331684 0.611375 0.014927 0.0122969 0.0176069 0.0110358 0.00937153 0.0120432 0.00852365 0.00838635 0.00944285 0.00984751 0.00928935 0.0090535 0.00830106 0.0085561 0.00838684 0.0082883 0.00800309 0.00799335 0.00820598 0.00803947 0.00813292 0.00817286 0.00814692 0.00821718 0.00818464 0.00829731 0.00802181 0.00796327 0.00803015 0.00813171 0.00821395 0.00836792 0.00842973 0.00836027 0.00829041 0.00829245 0.00808475 0.00803691 0.00820558 0.00818617 0.00847038 0.00831278 0.00847014 0.00825812 0.00830838 0.00827074 0.00819041 0.00804033 
0.0343819 0.0121023 0.0942475 0.00402272 0.00358913 0.0036314 0.00357797 0.00353918 0.00353417 0 0.0212959 0.0176078 0.0285716 0.0266054 0.0836001 0.0481352 0.566718 0.0166693 0.0134521 0.0220713 0.0149585 0.00918093 0.0119885 0.00919776 0.0085713 0.00876825 0.00907482 0.0105196 0.00880216 0.00819649 0.00816004 0.00824879 0.00835216 0.00826124 0.00868862 0.00811027 0.00805362 0.00803899 0.00814633 0.00823651 0.00816512 0.00827896 0.00799791 0.00807306 0.00809754 0.00817388 0.00817694 0.00836143 0.00843 0.0084135 0.00826952 0.00827736 0.00807056 0.00820077 0.00825609 0.00818099 0.00836051 0.00825886 0.00822893 0.00820566 0.00827459 0.0082258 0.00822471 0.00816744 
0.0154046 0.0099522 0.0153306 0.450623 0.0218039 0.0906369 0.0203566 0.017809 0.0132568 0.0212959 0 0.00401475 0.00360063 0.00367137 0.00370413 0.0038101 0.00443775 0.108884 0.0106566 0.0219118 0.0159739 0.0092014 0.0158435 0.0097537 0.00850124 0.00876209 0.00910963 0.0100036 0.00910527 0.00825041 0.00819345 0.00857531 0.00848679 0.00914371 0.00857716 0.0082422 0.00806339 0.00802849 0.0080966 0.0081268 0.00823437 0.00834123 0.00810678 0.00824454 0.00830395 0.00809129 0.00812767 0.0083026 0.00849168 0.00838146 0.00856255 0.00822894 0.00817061 0.00835918 0.00842979 0.00813409 0.00831137 0.00828947 0.00846066 0.00817792 0.00847972 0.00815945 0.00839041 0.00877401 
0.0135093 0.0168546 0.0118084 0.0106617 0.668863 0.0290772 0.112383 0.0224524 0.0523084 0.0176078 0.00401475 0 0.00356963 0.00359997 0.00362336 0.00371548 0.00400114 0.0983395 0.0424307 0.0136904 0.0115989 0.0200351 0.00995908 0.00963945 0.0131543 0.011684 0.0102074 0.00957509 0.00892196 0.00947419 0.008845 0.00872709 0.00819742 0.00823096 0.00814437 0.00808108 0.00829909 0.00826211 0.00827515 0.00844339 0.00832135 0.00842149 0.00836109 0.0081444 0.00801758 0.00820264 0.00830899 0.0085415 0.00858842 0.00857995 0.00841496 0.00839553 0.00836559 0.00818532 0.00819481 0.00825291 0.00852567 0.00844911 0.00840515 0.00847191 0.00840619 0.00841153 0.00849364 0.00845351 
0.0172186 0.0142816 0.0115407 0.0150173 0.0191958 0.687686 0.0673922 0.218903 0.0233106 0.0285716 0.00360063 0.00356963 0 0.0036505 0.00366996 0.00370827 0.00368617 0.127854 0.0398815 0.02039 0.016473 0.0125286 0.012138 0.010883 0.0194433 0.0466179 0.0136605 0.0093936 0.0107111 0.0117588 0.0120006 0.00973827 0.00841972 0.00818228 0.00844412 0.00834741 0.00866308 0.00869311 0.00886976 0.00910344 0.00927619 0.00925352 0.00845734 0.00827828 0.00820202 0.00850888 0.00891718 0.0101434 0.00988766 0.00983684 0.00908291 0.00914975 0.00860096 0.00829038 0.00851867 0.00861114 0.00941911 0.00930254 0.0095116 0.00891796 0.00917394 0.00892895 0.00883408 0.00872108 
0.0163444 0.0168811 0.0126901 0.0138354 0.0334234 0.0539224 0.764458 0.0346736 0.160209 0.0266054 0.00367137 0.00359997 0.0036505 0 0.00362377 0.00365447 0.00364176 0.219505 0.0687038 0.0221212 0.0170984 0.0136106 0.0138944 0.0108628 0.0209858 0.0516843 0.0143642 0.00948841 0.0109537 0.0116767 0.0129333 0.0103633 0.00847714 0.00821358 0.00852964 0.00833203 0.00864531 0.00889522 0.00900019 0.00922253 0.00938583 0.00937763 0.00846893 0.00828408 0.00821108 0.00860198 0.00926195 0.0102743 0.010402 0.010065 0.00921581 0.00929031 0.00865329 0.00832279 0.00855715 0.0086192 0.00966743 0.00931386 0.0094236 0.00903746 0.00908854 0.00890769 0.00891403 0.00876376 
0.0157687 0.0123429 0.0213982 0.00967223 0.0409059 0.088678 0.0605112 0.654315 0.0331684 0.0836001 0.00370413 0.00362336 0.00366996 0.00362377 0 0.0036817 0.00361009 0.190843 0.105084 0.0372514 0.0128832 0.0205709 0.0106226 0.0103852 0.0247738 0.038803 0.014675 0.0102004 0.0093622 0.0157499 0.0128157 0.00999184 0.00880116 0.00805508 0.00874988 0.00824382 0.00864601 0.00869362 0.00886217 0.00901895 0.00896908 0.00923767 0.00844747 0.00830879 0.00815075 0.00842387 0.00892036 0.00965673 0.00982867 0.00964379 0.00900698 0.00915117 0.0085526 0.00864458 0.00848 0.00854649 0.00935493 0.00948186 0.00922572 0.00877198 0.0089586 0.00877803 0.00877221 0.00856288 
0.0130947 0.0419952 0.0100609 0.0175964 0.0163033 0.0396059 0.0748383 0.020325 0.611375 0.0481352 0.0038101 0.00371548 0.00370827 0.00365447 0.0036817 0 0.00368052 0.0478197 0.330562 0.071205 0.0197145 0.0206217 0.019656 0.0104346 0.0136612 0.0346098 0.0185738 0.00949855 0.0141634 0.0100259 0.0111565 0.0109001 0.00832918 0.00819912 0.00915698 0.00844581 0.00859705 0.0086516 0.00875944 0.00890276 0.00921556 0.00888127 0.00853829 0.00813185 0.00821931 0.00854885 0.00873459 0.00942168 0.00969556 0.00972422 0.00897325 0.00892081 0.00849923 0.00812949 0.00858012 0.00855823 0.00931592 0.00887055 0.00910942 0.00859889 0.00863901 0.00880363 0.00859028 0.00830716 
0.0264952 0.00979297 0.0231468 0.0179273 0.0161056 0.0153056 0.0241253 0.0182821 0.014927 0.566718 0.00443775 0.00400114 0.00368617 0.00364176 0.00361009 0.00368052 0 0.0455078 0.0280816 0.373646 0.0291761 0.0164473 0.0147648 0.0112246 0.0113357 0.0124024 0.0134081 0.0147328 0.0110936 0.0103639 0.00974067 0.0085507 0.00904709 0.00892483 0.0101529 0.00853292 0.00822068 0.00816893 0.00856936 0.00896202 0.00850245 0.00870577 0.00810048 0.00843727 0.00825097 0.00826105 0.00866767 0.00898336 0.00882867 0.00895606 0.00863083 0.0087806 0.00810323 0.00854224 0.00873858 0.0083845 0.00910132 0.00873291 0.00864012 0.00837875 0.00849508 0.00845636 0.00829619 0.00819433 
0.0158839 0.00973502 0.0170766 0.0130559 0.0310331 0.0200241 0.0290065 0.0137782 0.0122969 0.0166693 0.108884 0.0983395 0.127854 0.219505 0.190843 0.0478197 0.0455078 0 0.00361865 0.00370884 0.126623 0.0292481 0.0336946 0.0203088 0.0255764 0.014567 0.0141073 0.0187755 0.0119611 0.0135485 0.00968808 0.00970763 0.0125198 0.0099575 0.0100128 0.00829934 0.00846015 0.00825419 0.00851511 0.00893696 0.0086795 0.00901567 0.00842514 0.00873463 0.00831044 0.00835925 0.00859192 0.00912658 0.00943854 0.00948314 0.00885524 0.00892981 0.00850016 0.00871867 0.00902757 0.00837652 0.00903892 0.00876866 0.00872565 0.00860695 0.00867261 0.00836591 0.00851921 0.00877862 
0.00927659 0.0176438 0.0085569 0.00994764 0.0131921 0.0228762 0.0180275 0.011922 0.0176069 0.0134521 0.0106566 0.0424307 0.0398815 0.0687038 0.105084 0.330562 0.0280816 0.00361865 0 0.00357934 0.0246768 0.236936 0.0147372 0.0114044 0.0149804 0.0201284 0.0214248 0.00967211 0.0122381 0.0101427 0.00956902 0.0133315 0.00837596 0.008792 0.00894576 0.00833533 0.00845097 0.00838325 0.00842698 0.00847847 0.00890199 0.00853279 0.00843128 0.00808157 0.00812792 0.00828958 0.00859081 0.00894056 0.00908591 0.00896966 0.00868369 0.00860581 0.00862575 0.00805213 0.00829554 0.00851959 0.00876939 0.00884091 0.00872491 0.00849868 0.00840571 0.00847568 0.0084958 0.00813442 
0.0164142 0.0088843 0.0126764 0.0108195 0.0120454 0.0104134 0.0152573 0.0102692 0.0110358 0.0220713 0.0219118 0.0136904 0.02039 0.0221212 0.0372514 0.071205 0.373646 0.00370884 0.00357934 0 0.0217622 0.0216609 0.103874 0.0146874 0.0140028 0.0118606 0.0139694 0.0173187 0.0124243 0.0117035 0.00917795 0.00902821 0.0107237 0.00992919 0.0136403 0.00903077 0.00821269 0.00808627 0.0083909 0.0087383 0.00817193 0.00861898 0.00814361 0.00837909 0.00853586 0.00825409 0.00825885 0.00866816 0.00858867 0.00875804 0.00844186 0.00878145 0.00806805 0.00842634 0.0093647 0.00825689 0.00851266 0.00873813 0.00822053 0.00836958 0.00841002 0.00823317 0.00829454 0.00822297 
0.0106392 0.0087542 0.0101524 0.0125184 0.00966675 0.011785 0.0100061 0.00938156 0.00937153 0.0149585 0.0159739 0.0115989 0.016473 0.0170984 0.0128832 0.0197145 0.0291761 0.126623 0.0246768 0.0217622 0 0.00370854 0.00371327 0.126512 0.0143768 0.0252998 0.0164207 0.0165231 0.0359655 0.00966817 0.00936227 0.010579 0.0104763 0.0125054 0.0112197 0.00915246 0.0082126 0.00835829 0.00835982 0.00816577 0.00914117 0.00816486 0.00841569 0.00843678 0.00867176 0.00811467 0.00845625 0.00846579 0.00873863 0.00854974 0.00858222 0.00829209 0.00864629 0.00834327 0.00854652 0.00844827 0.00842619 0.00830774 0.00829346 0.00842446 0.00821935 0.0085307 0.00828587 0.00922071 
0.00863425 0.00895789 0.00865319 0.00823898 0.0130138 0.00922728 0.0112405 0.00964942 0.0120432 0.00918093 0.0092014 0.0200351 0.0125286 0.0136106 0.0205709 0.0206217 0.0164473 0.0292481 0.236936 0.0216609 0.00370854 0 0.00354516 0.0125029 0.101252 0.0139097 0.0397766 0.0119967 0.00887394 0.0209402 0.00896853 0.00931605 0.00994202 0.00872479 0.00912129 0.00806478 0.00860302 0.00819296 0.008373 0.0088439 0.00827445 0.00924493 0.00827822 0.00819916 0.00797596 0.00850296 0.00834011 0.00893926 0.00871556 0.00877792 0.0084834 0.0090387 0.00815661 0.00830515 0.00819464 0.00836027 0.00863225 0.00850739 0.00846677 0.00834867 0.0087233 0.0082141 0.00866494 0.00803005 
0.00942471 0.00826511 0.00823274 0.0105533 0.00840886 0.00943955 0.0101813 0.00898574 0.00852365 0.0119885 0.0158435 0.00995908 0.012138 0.0138944 0.0106226 0.019656 0.0147648 0.0336946 0.0147372 0.103874 0.00371327 0.00354516 0 0.0157342 0.00947206 0.0504461 0.0177324 0.0234272 0.0207983 0.00871441 0.00899988 0.0097953 0.00831948 0.00917764 0.0106957 0.00905667 0.00798998 0.00846835 0.00834787 0.0081647 0.00881786 0.00823579 0.00812912 0.00803557 0.00855128 0.00808347 0.00827946 0.00829559 0.00854496 0.00831111 0.00839486 0.00816635 0.00812622 0.00799411 0.00876817 0.00823975 0.00820222 0.00814569 0.00812491 0.0081696 0.00809246 0.00828231 0.00801784 0.00840615 
0.00863654 0.00808896 0.00851268 0.00912119 0.00876134 0.00971659 0.00916711 0.00858949 0.00838635 0.00919776 0.0097537 0.00963945 0.010883 0.0108628 0.0103852 0.0104346 0.0112246 0.0203088 0.0114044 0.0146874 0.126512 0.0125029 0.0157342 0 0.00455486 0.00359693 0.00360056 0.00457311 0.70454 0.0105491 0.0111171 0.0105239 0.0117609 0.0144542 0.0127354 0.00928447 0.00828092 0.00832961 0.00845491 0.00844515 0.00915472 0.008461 0.00854223 0.00914835 0.00863938 0.00822486 0.00863134 0.00896489 0.00893472 0.00920202 0.00863405 0.00844864 0.00847387 0.00854896 0.00872236 0.00867543 0.00840893 0.00840541 0.00854236 0.00885353 0.00834313 0.00845214 0.0081702 0.00895259 
0.00828048 0.00852897 0.00841609 0.00813028 0.010707 0.00994868 0.0119236 0.00948521 0.00944285 0.0085713 0.00850124 0.0131543 0.0194433 0.0209858 0.0247738 0.0136612 0.0113357 0.0255764 0.0149804 0.0140028 0.0143768 0.101252 0.00947206 0.00455486 0 0.00356965 0.00358455 0.00356744 0.0225822 0.807308 0.0135503 0.0156299 0.0111384 0.0102478 0.010488 0.00842503 0.0102389 0.00869392 0.00999097 0.0120056 0.00931911 0.0152129 0.00903828 0.00860602 0.00809649 0.00981438 0.00956243 0.012111 0.012171 0.0119194 0.0100863 0.0120906 0.00864008 0.00841918 0.00845899 0.00892617 0.0103212 0.0100068 0.00978371 0.00941723 0.0101633 0.00864802 0.0101536 0.00851657 
0.00869413 0.00854373 0.0083172 0.00870673 0.0090274 0.0167999 0.0196519 0.013456 0.00984751 0.00876825 0.00876209 0.011684 0.0466179 0.0516843 0.038803 0.0346098 0.0124024 0.014567 0.0201284 0.0118606 0.0252998 0.0139097 0.0504461 0.00359693 0.00356965 0 0.0035451 0.00353218 0.0561853 0.0180723 0.631701 0.0210291 0.0102271 0.00893584 0.00989327 0.00863601 0.00893096 0.0136821 0.01295 0.0122095 0.0307693 0.0136686 0.0109117 0.00858057 0.00836489 0.00880483 0.0175083 0.0232003 0.0271712 0.0211435 0.0165931 0.0116526 0.0105026 0.00831302 0.00834355 0.0095883 0.0142416 0.014951 0.0122549 0.0127925 0.00989522 0.0132151 0.00868405 0.00863077 
0.0086139 0.00863106 0.00822211 0.00857072 0.00858196 0.00954151 0.0111014 0.00981406 0.00928935 0.00907482 0.00910963 0.0102074 0.0136605 0.0143642 0.014675 0.0185738 0.0134081 0.0141073 0.0214248 0.0139694 0.0164207 0.0397766 0.0177324 0.00360056 0.00358455 0.0035451 0 0.00359956 0.0165851 0.027475 0.0153629 0.556012 0.0126167 0.0155671 0.0138857 0.00935849 0.00874477 0.00888759 0.00917692 0.0106471 0.0101069 0.0101598 0.00962568 0.00858884 0.00859665 0.00881398 0.00988679 0.0107721 0.0110445 0.0118843 0.010045 0.00960449 0.00922311 0.00832554 0.00888857 0.0092191 0.0100821 0.0100398 0.00969785 0.00900706 0.00921807 0.00883065 0.00885278 0.0083474 
0.00909803 0.00814431 0.00828087 0.00843085 0.00860738 0.00857752 0.00882242 0.00838277 0.0090535 0.0105196 0.0100036 0.00957509 0.0093936 0.00948841 0.0102004 0.00949855 0.0147328 0.0187755 0.00967211 0.0173187 0.0165231 0.0119967 0.0234272 0.00457311 0.00356744 0.00353218 0.00359956 0 0.0112068 0.013855 0.0115059 0.0103867 0.348915 0.0176738 0.0201701 0.00922271 0.00855987 0.00815167 0.00878886 0.00943774 0.00838428 0.00922842 0.00868187 0.00874643 0.00890388 0.00863122 0.00871335 0.00884238 0.00889603 0.0091604 0.00869249 0.00867848 0.00819614 0.00869153 0.00912266 0.00836321 0.00859741 0.00871919 0.00833051 0.00898013 0.00867499 0.00818041 0.00856841 0.00810781 
0.00861413 0.00829067 0.00881802 0.00995032 0.00825855 0.00940435 0.00891724 0.00850538 0.00830106 0.00880216 0.00910527 0.00892196 0.0107111 0.0109537 0.0093622 0.0141634 0.0110936 0.0119611 0.0122381 0.0124243 0.0359655 0.00887394 0.0207983 0.70454 0.0225822 0.0561853 0.0165851 0.0112068 0 0.00377454 0.00373151 0.00458535 0.00395727 0.0120005 0.0181625 0.0190204 0.00857825 0.0103938 0.0100367 0.00868141 0.017641 0.00872244 0.0127595 0.0112232 0.0114313 0.00861774 0.0110358 0.0102953 0.0119766 0.0105732 0.0112518 0.00864488 0.0122122 0.00950132 0.0101006 0.0100264 0.00944014 0.00918859 0.00905662 0.00978342 0.00841195 0.0119244 0.00871059 0.0133282 
0.00833594 0.00824316 0.00847844 0.00807164 0.00894945 0.00890159 0.00963808 0.00869817 0.0085561 0.00819649 0.00825041 0.00947419 0.0117588 0.0116767 0.0157499 0.0100259 0.0103639 0.0135485 0.0101427 0.0117035 0.00966817 0.0209402 0.00871441 0.0105491 0.807308 0.0180723 0.027475 0.013855 0.00377454 0 0.00372997 0.00360478 0.00396424 0.00534442 0.010469 0.00927755 0.0139084 0.00883117 0.0102819 0.0234138 0.00919044 0.021304 0.00938589 0.00928652 0.00827996 0.0113554 0.00969239 0.0179807 0.0137643 0.014575 0.0100491 0.0175721 0.00867542 0.00994825 0.00936563 0.00948103 0.0121401 0.0109964 0.0102026 0.00923539 0.0151986 0.00856926 0.0139618 0.00838869 
0.00823908 0.00828781 0.00804284 0.00809525 0.00839143 0.00906905 0.00971387 0.0087668 0.00838684 0.00816004 0.00819345 0.008845 0.0120006 0.0129333 0.0128157 0.0111565 0.00974067 0.00968808 0.00956902 0.00917795 0.00936227 0.00896853 0.00899988 0.0111171 0.0135503 0.631701 0.0153629 0.0115059 0.00373151 0.00372997 0 0.00354307 0.00354082 0.00401324 0.00781583 0.00902746 0.00939275 0.0127844 0.0119895 0.0111621 0.0184589 0.0124537 0.00958105 0.00853151 0.00828008 0.00865782 0.0134758 0.01813 0.0215271 0.0169404 0.0157887 0.012606 0.0091417 0.00833121 0.00840618 0.0090498 0.0128476 0.0120153 0.01162 0.011512 0.0101236 0.010656 0.00868426 0.008769 
0.00825008 0.00821481 0.0080082 0.00839857 0.00833673 0.00862682 0.00896178 0.00864185 0.0082883 0.00824879 0.00857531 0.00872709 0.00973827 0.0103633 0.00999184 0.0109001 0.0085507 0.00970763 0.0133315 0.00902821 0.010579 0.00931605 0.0097953 0.0105239 0.0156299 0.0210291 0.556012 0.0103867 0.00458535 0.00360478 0.00354307 0 0.00354629 0.00412493 0.00989498 0.0108951 0.00905352 0.00974442 0.00981168 0.00934851 0.0150319 0.00941176 0.0115929 0.00857793 0.00896681 0.00888541 0.0109004 0.0111086 0.0128928 0.0131421 0.0108598 0.00944282 0.0106107 0.00826725 0.00892833 0.00936989 0.0101394 0.0102278 0.00995856 0.00958897 0.00969484 0.0101774 0.00876013 0.00841349 
0.00822241 0.00794577 0.00815838 0.00806975 0.0080392 0.00806393 0.00819998 0.00804253 0.00800309 0.00835216 0.00848679 0.00819742 0.00841972 0.00847714 0.00880116 0.00832918 0.00904709 0.0125198 0.00837596 0.0107237 0.0104763 0.00994202 0.00831948 0.0117609 0.0111384 0.0102271 0.0126167 0.348915 0.00395727 0.00396424 0.00354082 0.00354629 0 0.0156611 0.0142103 0.0103284 0.00889839 0.00821859 0.00854516 0.010491 0.00831125 0.00987216 0.00840975 0.00960537 0.00842265 0.00911949 0.00838985 0.00911759 0.00885091 0.00900644 0.00862802 0.0089471 0.00804521 0.00987807 0.0101417 0.00832555 0.00868694 0.00850197 0.00833538 0.00829326 0.00918862 0.0080864 0.0091249 0.00820706 
0.00895003 0.00816141 0.00881103 0.00920699 0.0081533 0.0080058 0.00803096 0.00797265 0.00799335 0.00826124 0.00914371 0.00823096 0.00818228 0.00821358 0.00805508 0.00819912 0.00892483 0.0099575 0.008792 0.00992919 0.0125054 0.00872479 0.00917764 0.0144542 0.0102478 0.00893584 0.0155671 0.0176738 0.0120005 0.00534442 0.00401324 0.00412493 0.0156611 0 0.855864 0.0138366 0.00893053 0.00861028 0.00918251 0.00865512 0.00890459 0.00839782 0.00929079 0.0102096 0.0107406 0.00860078 0.00843225 0.00840267 0.00879135 0.00850807 0.00843022 0.00824607 0.00834688 0.0097064 0.0119818 0.00888257 0.00839125 0.00843461 0.00813508 0.00818009 0.0083382 0.00856005 0.00838974 0.0105239 
0.00847386 0.00808553 0.00897323 0.00838695 0.00804837 0.00817941 0.00830173 0.00808041 0.00820598 0.00868862 0.00857716 0.00814437 0.00844412 0.00852964 0.00874988 0.00915698 0.0101529 0.0100128 0.00894576 0.0136403 0.0112197 0.00912129 0.0106957 0.0127354 0.010488 0.00989327 0.0138857 0.0201701 0.0181625 0.010469 0.00781583 0.00989498 0.0142103 0.855864 0 0.0137195 0.00901583 0.010726 0.0106299 0.0113695 0.00976749 0.00988165 0.0135507 0.01674 0.00998099 0.00895809 0.00903181 0.0109 0.00963811 0.00931804 0.00948323 0.00908506 0.00943889 0.012438 0.010784 0.00852545 0.00876813 0.00862795 0.00859729 0.00858021 0.0086976 0.00836437 0.00892255 0.0118317 
0.00838013 0.00818401 0.00848841 0.00854648 0.00814092 0.00817432 0.00815302 0.00807615 0.00803947 0.00811027 0.0082422 0.00808108 0.00834741 0.00833203 0.00824382 0.00844581 0.00853292 0.00829934 0.00833533 0.00903077 0.00915246 0.00806478 0.00905667 0.00928447 0.00842503 0.00863601 0.00935849 0.00922271 0.0190204 0.00927755 0.00902746 0.0108951 0.0103284 0.0138366 0.0137195 0 0.00674997 0.00365859 0.00378983 0.00374723 0.00484558 0.00433364 0.0107652 0.00789615 0.0139719 0.00881352 0.0119579 0.00930663 0.0108942 0.0110749 0.0119606 0.0100125 0.16579 0.0619897 0.0148347 0.0138667 0.00973082 0.0103213 0.0105231 0.0107751 0.00876837 0.0142048 0.00977189 0.0262517 
0.00822683 0.00818259 0.00820953 0.00809012 0.0083755 0.00830742 0.00848171 0.00826313 0.00813292 0.00805362 0.00806339 0.00829909 0.00866308 0.00864531 0.00864601 0.00859705 0.00822068 0.00846015 0.00845097 0.00821269 0.0082126 0.00860302 0.00798998 0.00828092 0.0102389 0.00893096 0.00874477 0.00855987 0.00857825 0.0139084 0.00939275 0.00905352 0.00889839 0.00893053 0.00901583 0.00674997 0 0.00354118 0.0035322 0.00367876 0.00357208 0.00467365 0.00388667 0.00384018 0.00728265 0.0173474 0.0100741 0.0126266 0.0110882 0.0125315 0.00996572 0.214491 0.0409738 0.0122966 0.0105586 0.0108732 0.0143548 0.0113438 0.0100394 0.00909518 0.0194053 0.00868645 0.0209092 0.00879113 
0.00819422 0.00813356 0.00807205 0.00818892 0.00820971 0.0083948 0.00848648 0.00821782 0.00817286 0.00803899 0.00802849 0.00826211 0.00869311 0.00889522 0.00869362 0.0086516 0.00816893 0.00825419 0.00838325 0.00808627 0.00835829 0.00819296 0.00846835 0.00832961 0.00869392 0.0136821 0.00888759 0.00815167 0.0103938 0.00883117 0.0127844 0.00974442 0.00821859 0.00861028 0.010726 0.00365859 0.00354118 0 0.00353603 0.00353466 0.00369879 0.00361122 0.00361457 0.00358723 0.00777472 0.00780557 0.0121528 0.0116234 0.0147364 0.0134412 0.0943444 0.0738116 0.0138816 0.00828651 0.00872142 0.0143205 0.0131919 0.0116001 0.0118029 0.0143585 0.00914706 0.0261174 0.00879575 0.00922895 
0.00831542 0.00819661 0.00816454 0.00813506 0.0082248 0.00840801 0.00853978 0.00832865 0.00814692 0.00814633 0.0080966 0.00827515 0.00886976 0.00900019 0.00886217 0.00875944 0.00856936 0.00851511 0.00842698 0.0083909 0.00835982 0.008373 0.00834787 0.00845491 0.00999097 0.01295 0.00917692 0.00878886 0.0100367 0.0102819 0.0119895 0.00981168 0.00854516 0.00918251 0.0106299 0.00378983 0.0035322 0.00353603 0 0.00363848 0.0035589 0.00357206 0.00351956 0.0036019 0.00813773 0.00851252 0.0140285 0.013025 0.0269442 0.0648669 0.444335 0.0136768 0.0104283 0.00914109 0.00973151 0.012364 0.0153894 0.0152104 0.0131827 0.0150436 0.0132176 0.0140129 0.00975506 0.0113829 
0.00831834 0.00825128 0.00830301 0.00811655 0.00836186 0.00860229 0.00878602 0.00852943 0.00821718 0.00823651 0.0081268 0.00844339 0.00910344 0.00922253 0.00901895 0.00890276 0.00896202 0.00893696 0.00847847 0.0087383 0.00816577 0.0088439 0.0081647 0.00844515 0.0120056 0.0122095 0.0106471 0.00943774 0.00868141 0.0234138 0.0111621 0.00934851 0.010491 0.00865512 0.0113695 0.00374723 0.00367876 0.00353466 0.00363848 0 0.00353373 0.00355228 0.00356557 0.00370131 0.00690424 0.0144831 0.00883647 0.024562 0.0390512 0.488685 0.0113975 0.0251249 0.00869965 0.0159701 0.0104178 0.0105087 0.0211694 0.0147878 0.0171255 0.0109342 0.0386978 0.00909082 0.028949 0.00899203 
0.00828529 0.00820704 0.00815429 0.00841337 0.00821485 0.00872159 0.00868996 0.00841426 0.00818464 0.00816512 0.00823437 0.00832135 0.00927619 0.00938583 0.00896908 0.00921556 0.00850245 0.0086795 0.00890199 0.00817193 0.00914117 0.00827445 0.00881786 0.00915472 0.00931911 0.0307693 0.0101069 0.00838428 0.017641 0.00919044 0.0184589 0.0150319 0.00831125 0.00890459 0.00976749 0.00484558 0.00357208 0.00369879 0.0035589 0.00353373 0 0.00352182 0.00354686 0.0035474 0.00928926 0.00755553 0.049063 0.0211771 0.539996 0.0129263 0.0248097 0.00895398 0.0331298 0.00827813 0.00902028 0.0181705 0.0131325 0.0251946 0.0169959 0.0322882 0.00926017 0.0895439 0.00893446 0.01173 
0.00844992 0.00821225 0.0081876 0.00809855 0.00838961 0.00852136 0.00894472 0.00851658 0.00829731 0.00827896 0.00834123 0.00842149 0.00925352 0.00937763 0.00923767 0.00888127 0.00870577 0.00901567 0.00853279 0.00861898 0.00816486 0.00924493 0.00823579 0.008461 0.0152129 0.0136686 0.0101598 0.00922842 0.00872244 0.021304 0.0124537 0.00941176 0.00987216 0.00839782 0.00988165 0.00433364 0.00467365 0.00361122 0.00357206 0.00355228 0.00352182 0 0.00352374 0.00354126 0.00669868 0.0416102 0.027107 0.611619 0.0183249 0.0279736 0.0103847 0.0427799 0.00864248 0.0119053 0.0113895 0.0102905 0.030752 0.016597 0.0177074 0.00967619 0.0505909 0.00920873 0.0280834 0.00897582 
0.00821386 0.00814229 0.00807512 0.00814443 0.00813964 0.00820334 0.00825187 0.00813813 0.00802181 0.00799791 0.00810678 0.00836109 0.00845734 0.00846893 0.00844747 0.00853829 0.00810048 0.00842514 0.00843128 0.00814361 0.00841569 0.00827822 0.00812912 0.00854223 0.00903828 0.0109117 0.00962568 0.00868187 0.0127595 0.00938589 0.00958105 0.0115929 0.00840975 0.00929079 0.0135507 0.0107652 0.00388667 0.00361457 0.00351956 0.00356557 0.00354686 0.00352374 0 0.00358561 0.026009 0.0225644 0.491788 0.01028 0.0182084 0.0106626 0.0160358 0.00876937 0.0205507 0.00854293 0.0109392 0.018477 0.0109528 0.0138588 0.0111777 0.0151897 0.00876861 0.0173348 0.00942451 0.0114281 
0.00836451 0.00802668 0.00816835 0.00812425 0.00808304 0.00811349 0.00813645 0.00803759 0.00796327 0.00807306 0.00824454 0.0081444 0.00827828 0.00828408 0.00830879 0.00813185 0.00843727 0.00873463 0.00808157 0.00837909 0.00843678 0.00819916 0.00803557 0.00914835 0.00860602 0.00858057 0.00858884 0.00874643 0.0112232 0.00928652 0.00853151 0.00857793 0.00960537 0.0102096 0.01674 0.00789615 0.00384018 0.00358723 0.0036019 0.00370131 0.0035474 0.00354126 0.00358561 0 0.030897 0.253608 0.00885388 0.0138264 0.00914185 0.0118861 0.00919644 0.0109697 0.00899435 0.0159925 0.0154877 0.0111359 0.0104414 0.00922689 0.0103922 0.00891171 0.010839 0.00851889 0.0138496 0.0106848 
0.00828308 0.00810943 0.00830452 0.00835897 0.0081067 0.00813169 0.0081312 0.00805912 0.00803015 0.00809754 0.00830395 0.00801758 0.00820202 0.00821108 0.00815075 0.00821931 0.00825097 0.00831044 0.00812792 0.00853586 0.00867176 0.00797596 0.00855128 0.00863938 0.00809649 0.00836489 0.00859665 0.00890388 0.0114313 0.00827996 0.00828008 0.00896681 0.00842265 0.0107406 0.00998099 0.0139719 0.00728265 0.00777472 0.00813773 0.00690424 0.00928926 0.00669868 0.026009 0.030897 0 0.00359006 0.00360482 0.0035982 0.00360755 0.00365076 0.00385821 0.00398557 0.00552647 0.00623924 0.00686741 0.00765268 0.00676069 0.00708356 0.00690006 0.00777275 0.00735247 0.011733 0.0103201 0.870599 
0.0082671 0.00824446 0.00829121 0.00810647 0.00839821 0.00831356 0.00842048 0.00825846 0.00813171 0.00817388 0.00809129 0.00820264 0.00850888 0.00860198 0.00842387 0.00854885 0.00826105 0.00835925 0.00828958 0.00825409 0.00811467 0.00850296 0.00808347 0.00822486 0.00981438 0.00880483 0.00881398 0.00863122 0.00861774 0.0113554 0.00865782 0.00888541 0.00911949 0.00860078 0.00895809 0.00881352 0.0173474 0.00780557 0.00851252 0.0144831 0.00755553 0.0416102 0.0225644 0.253608 0.00359006 0 0.00353797 0.00356693 0.00356036 0.00357471 0.00360413 0.00410335 0.0045819 0.00670434 0.00647775 0.00758601 0.00814363 0.00716158 0.00909994 0.00782571 0.0109251 0.00873078 0.974725 0.0118148 
0.00830815 0.00823992 0.00822062 0.00815511 0.00823683 0.00854633 0.00879747 0.00840609 0.00821395 0.00817694 0.00812767 0.00830899 0.00891718 0.00926195 0.00892036 0.00873459 0.00866767 0.00859192 0.00859081 0.00825885 0.00845625 0.00834011 0.00827946 0.00863134 0.00956243 0.0175083 0.00988679 0.00871335 0.0110358 0.00969239 0.0134758 0.0109004 0.00838985 0.00843225 0.00903181 0.0119579 0.0100741 0.0121528 0.0140285 0.00883647 0.049063 0.027107 0.491788 0.00885388 0.00360482 0.00353797 0 0.00353173 0.00352638 0.00357989 0.00360951 0.00367068 0.00379717 0.00417059 0.00660875 0.00884825 0.00872119 0.0122661 0.00893347 0.00976055 0.0114506 0.956505 0.0133067 0.0119851 
0.00842406 0.00833736 0.00831861 0.0081874 0.00844408 0.00887146 0.00915369 0.00868012 0.00836792 0.00836143 0.0083026 0.0085415 0.0101434 0.0102743 0.00965673 0.00942168 0.00898336 0.00912658 0.00894056 0.00866816 0.00846579 0.00893926 0.00829559 0.00896489 0.012111 0.0232003 0.0107721 0.00884238 0.0102953 0.0179807 0.01813 0.0111086 0.00911759 0.00840267 0.0109 0.00930663 0.0126266 0.0116234 0.013025 0.024562 0.0211771 0.611619 0.01028 0.0138264 0.0035982 0.00356693 0.00353173 0 0.00354741 0.00357616 0.00360701 0.00372466 0.00369263 0.0038921 0.00673507 0.00753084 0.0134203 0.00924927 0.0116215 0.0133441 0.946823 0.0129437 0.0186982 0.00999567 
0.00848299 0.00848829 0.00830184 0.00829448 0.00851239 0.00890488 0.00938798 0.0087834 0.00842973 0.00843 0.00849168 0.00858842 0.00988766 0.010402 0.00982867 0.00969556 0.00882867 0.00943854 0.00908591 0.00858867 0.00873863 0.00871556 0.00854496 0.00893472 0.012171 0.0271712 0.0110445 0.00889603 0.0119766 0.0137643 0.0215271 0.0128928 0.00885091 0.00879135 0.00963811 0.0108942 0.0110882 0.0147364 0.0269442 0.0390512 0.539996 0.0183249 0.0182084 0.00914185 0.00360755 0.00356036 0.00352638 0.00354741 0 0.00354888 0.00355088 0.00358349 0.00367462 0.00377092 0.0058978 0.0100972 0.00952631 0.0112409 0.0179022 0.942422 0.0136361 0.0127581 0.0116327 0.0110497 
0.00877808 0.00846521 0.00827561 0.00829901 0.00846193 0.00882763 0.009082 0.00863538 0.00836027 0.0084135 0.00838146 0.00857995 0.00983684 0.010065 0.00964379 0.00972422 0.00895606 0.00948314 0.00896966 0.00875804 0.00854974 0.00877792 0.00831111 0.00920202 0.0119194 0.0211435 0.0118843 0.0091604 0.0105732 0.014575 0.0169404 0.0131421 0.00900644 0.00850807 0.00931804 0.0110749 0.0125315 0.0134412 0.0648669 0.488685 0.0129263 0.0279736 0.0106626 0.0118861 0.00365076 0.00357471 0.00357989 0.00357616 0.00354888 0 0.00354734 0.00356248 0.00360842 0.00367995 0.00793794 0.00671276 0.0148406 0.0147604 0.951919 0.0138737 0.011547 0.0098374 0.0157097 0.0106588 
0.0084165 0.00833721 0.00828231 0.00826715 0.00838447 0.00855373 0.00876299 0.00849267 0.00829041 0.00826952 0.00856255 0.00841496 0.00908291 0.00921581 0.00900698 0.00897325 0.00863083 0.00885524 0.00868369 0.00844186 0.00858222 0.0084834 0.00839486 0.00863405 0.0100863 0.0165931 0.010045 0.00869249 0.0112518 0.0100491 0.0157887 0.0108598 0.00862802 0.00843022 0.00948323 0.0119606 0.00996572 0.0943444 0.444335 0.0113975 0.0248097 0.0103847 0.0160358 0.00919644 0.00385821 0.00360413 0.00360951 0.00360701 0.00355088 0.00354734 0 0.00354792 0.00361209 0.00354043 0.00458541 0.00996192 0.0122626 0.956581 0.0117791 0.0109402 0.007545 0.0116252 0.00920073 0.0126351 
0.00838783 0.00826754 0.00832389 0.00821414 0.00839694 0.00857486 0.00880993 0.00851398 0.00829245 0.00827736 0.00822894 0.00839553 0.00914975 0.00929031 0.00915117 0.00892081 0.0087806 0.00892981 0.00860581 0.00878145 0.00829209 0.0090387 0.00816635 0.00844864 0.0120906 0.0116526 0.00960449 0.00867848 0.00864488 0.0175721 0.012606 0.00944282 0.0089471 0.00824607 0.00908506 0.0100125 0.214491 0.0738116 0.0136768 0.0251249 0.00895398 0.0427799 0.00876937 0.0109697 0.00398557 0.00410335 0.00367068 0.00372466 0.00358349 0.00356248 0.00354792 0 0.00355802 0.00363307 0.00553445 0.00732616 0.970361 0.0102798 0.00878977 0.00635944 0.0176055 0.00755199 0.0177726 0.00899251 
0.00836467 0.00827025 0.00819121 0.00847253 0.0082248 0.00834261 0.00838942 0.00819406 0.00808475 0.00807056 0.00817061 0.00836559 0.00860096 0.00865329 0.0085526 0.00849923 0.00810323 0.00850016 0.00862575 0.00806805 0.00864629 0.00815661 0.00812622 0.00847387 0.00864008 0.0105026 0.00922311 0.00819614 0.0122122 0.00867542 0.0091417 0.0106107 0.00804521 0.00834688 0.00943889 0.16579 0.0409738 0.0138816 0.0104283 0.00869965 0.0331298 0.00864248 0.0205507 0.00899435 0.00552647 0.0045819 0.00379717 0.00369263 0.00367462 0.00360842 0.00361209 0.00355802 0 0.0035304 0.00670223 0.993058 0.00502698 0.00584077 0.00510301 0.00797383 0.0056374 0.0180421 0.00694983 0.0109695 
0.00877941 0.00814114 0.00851641 0.00827154 0.00830188 0.00818335 0.00820486 0.00812274 0.00803691 0.00820077 0.00835918 0.00818532 0.00829038 0.00832279 0.00864458 0.00812949 0.00854224 0.00871867 0.00805213 0.00842634 0.00834327 0.00830515 0.00799411 0.00854896 0.00841918 0.00831302 0.00832554 0.00869153 0.00950132 0.00994825 0.00833121 0.00826725 0.00987807 0.0097064 0.012438 0.0619897 0.0122966 0.00828651 0.00914109 0.0159701 0.00827813 0.0119053 0.00854293 0.0159925 0.00623924 0.00670434 0.00417059 0.0038921 0.00377092 0.00367995 0.00354043 0.00363307 0.0035304 0 0.993927 0.00451738 0.0038862 0.00389598 0.00405228 0.00405547 0.00750222 0.00541074 0.012351 0.00698832 
0.00837829 0.00823672 0.00897533 0.00826523 0.00832191 0.00829663 0.00836765 0.00821891 0.00820558 0.00825609 0.00842979 0.00819481 0.00851867 0.00855715 0.00848 0.00858012 0.00873858 0.00902757 0.00829554 0.0093647 0.00854652 0.00819464 0.00876817 0.00872236 0.00845899 0.00834355 0.00888857 0.00912266 0.0101006 0.00936563 0.00840618 0.00892833 0.0101417 0.0119818 0.010784 0.0148347 0.0105586 0.00872142 0.00973151 0.0104178 0.00902028 0.0113895 0.0109392 0.0154877 0.00686741 0.00647775 0.00660875 0.00673507 0.0058978 0.00793794 0.00458541 0.00553445 0.00670223 0.993927 0 0.00379823 0.00355997 0.00366534 0.00355672 0.00364034 0.00413057 0.00453857 0.00923846 0.015684 
0.00834901 0.00835051 0.00826746 0.00819068 0.00829946 0.0083916 0.00847388 0.00837004 0.00818617 0.00818099 0.00813409 0.00825291 0.00861114 0.0086192 0.00854649 0.00855823 0.0083845 0.00837652 0.00851959 0.00825689 0.00844827 0.00836027 0.00823975 0.00867543 0.00892617 0.0095883 0.0092191 0.00836321 0.0100264 0.00948103 0.0090498 0.00936989 0.00832555 0.00888257 0.00852545 0.0138667 0.0108732 0.0143205 0.012364 0.0105087 0.0181705 0.0102905 0.018477 0.0111359 0.00765268 0.00758601 0.00884825 0.00753084 0.0100972 0.00671276 0.00996192 0.00732616 0.993058 0.00451738 0.00379823 0 0.00356527 0.00356623 0.00354808 0.00360145 0.00369451 0.00420421 0.00522661 0.0107767 
0.0084634 0.00837157 0.00833213 0.00825246 0.00846963 0.00876721 0.00924469 0.00870957 0.00847038 0.00836051 0.00831137 0.00852567 0.00941911 0.00966743 0.00935493 0.00931592 0.00910132 0.00903892 0.00876939 0.00851266 0.00842619 0.00863225 0.00820222 0.00840893 0.0103212 0.0142416 0.0100821 0.00859741 0.00944014 0.0121401 0.0128476 0.0101394 0.00868694 0.00839125 0.00876813 0.00973082 0.0143548 0.0131919 0.0153894 0.0211694 0.0131325 0.030752 0.0109528 0.0104414 0.00676069 0.00814363 0.00872119 0.0134203 0.00952631 0.0148406 0.0122626 0.970361 0.00502698 0.0038862 0.00355997 0.00356527 0 0.00355796 0.00353445 0.00354696 0.00366238 0.00381716 0.00435423 0.00604005 
