1NDFB
AHQDALPRLPVPPLQQSLDYYLKALQPIVSEEEWAHTKQLVDEFQTSGGVGERLQKGLERRAKKMENWLSEWWLKTAYLQFRQPVVIYSSPGVILPKQDFVDLQGQLRFAAKLIEGVLDFKSMIDNETLPVEFLGGQPLCMNQYYQILSSCRVPGPKQDSVVNFLKSKRPPTHITVVHNYQFFELDVYHSDGTPLTSDQIFVQLEKIWNSSLQSNKEPVGILTSNHRNTWAKAYNNLIKDKVNRESVNSIQKSIFTVCLDKQVPRVSDDVYRNHVAGQMLHGGGSKFNSGNRWFDKTLQFIVAEDGSCGMVYEHAAAEGPPIVALVDHVMEYTKKPELVRSPMVPLPMPKKLRFNITPEIKNDIEKAKQNLSIMIQDLDIMMLTFHHFGKDFPKSEKLSPDAFIQVALQLAYYRIYGQACATYESASLRMFHLGRTDTIRSASIDSLAFVKGMGDSTVPEQQKVELLRKAVQAHRAYTDRAIRGEAFDRHLLGLKLQAIEDLVSMPDIFMDTSYAIAMHFNLSTSQVPAKTDCVMFFGPVVPDGYGICYNPMEAHINFSVSAYNSCAETNAARMAHYLEKALLDMRTLLQNHPRAK
CHHHHCCCCCCCCHHHHHHHHHHHHCCCCCHHHHHHHHHHHHHHCCCCCHHHHHHHHHHHHHHCCCCCCHHHHHHHHCCCCCCCCECCCECEEECCCCCCCCHHHHHHHHHHHHHHHHHHHHHHHCCCCCCCEECCEECCCHHHHCCCCEEEECCCCCCEEEECCCCCCCCCEEEEEECCEEEEEECECCCCCECCHHHHHHHHHHHHHCCCCCCCCCHHHHHHCCHHHHHHHHHHHCCCHHHHHHHHHHHHCCCEEEECCCCCCCCCCCHHHHHHHHHHCCCCCCCCCCCCCCCECEEEEECCCCCEEEEECCCCCCHHHHHHHHHHHHHHCCCCCCCCCCCCCCCCCEEECCCCCHHHHHHHHHHHHHHHHHHHCEEEEEEEECCCCCHHHHHCCCCHHHHHHHHHHHHHHHHHCCCCCEEEEEECCCCCCCCEEEEECCCHHHHHHHHHHCCCCCCHHHHHHHHHHHHHHHHHHHHHHHCCCCCHHHHHHHHHHHHHCCCCCCHHHHCHHHHHHCCCCEEEEECCCCCCCEEECCCCCCCCEEEEEEECCCCEEEEEEEECCCCCCCHHHHHHHHHHHHHHHHHHHHCCCCCC
0 0 0 0 0 0 0 0 0 0 0 0 0 0 0 0 0 0 0 0 0 0 0 0 0 0 0 0 0 0 0 0 0 0 0 0 0 0 0 0 0 0 0 0 0 0 0 0 0 0 0 0 0 0 0 0 0 0 0 0 0 0 0 0 0 0 0 0 0 0 0 0 0 0 0 0 0 0 0 0 0 0 0 0 0 0 0 0 0 0 0 0 0 0 0 0 0 0 0 0 0 0 0 0 0 0 0 0 0 0 0 0 0 0 0 0 0 0 0 0 0 0 0 0 0 0 0 0 0 0 0 0 0 0 0 0 0 0 0 0 0 0 0 0 0 0 0 0 0 0 0 0 0 0 0 0 0 0 0 0 0 0 0 0 0 0 0 0 0 0 0 0 0 0 0 0 0 0 0 0 0 0 0 0 0 0 0 0 0 0 0 0 0 0 0 0 0 0 0 0 0 0 0 0 0 0 0 0 0 0 0 0 0 0 0 0 0 0 0 0 0 0 0 0 0 0 0 0 0 0 0 0 0 0 0 0 0 0 0 0 0 0 0 0 0 0 0 0 0 0 0 0 0 0 0 0 0 0 0 0 0 0 0 0 0 0 0 0 0 0 0 0 0 0 0 0 0 0 0 0 0 0 0 0 0 0 0 0 0 0 0 0 0 0 0 0 0 0 0 0 0 0 0 0 0 0 0 0 0 0 0 0 0 0 0 0 0 0 0 0 0 0 0 0 0 0 0 0 0 0 0 0 0 0 0 0 0 0 0 0 0 0 0 0 0 0 0 0 0 0 0 0 0 0 0 0 0 0 0 0 0 0 0 0 0 0 0 0 0 0 0 0 0 0 0 0 0 0 0 0 0 0 0 0 0 0 0 0 0 0 0 0 0 0 0 0 0 0 0 0 0 0 0 0 0 0 0 0 0 0 0 0 0 0 0 0 0 0 0 0 0 0 0 0 0 0 0 0 0 0 0 0 0 0 0 0 0 0 0 0 0 0 0 0 0 0 0 0 0 0 0 0 0 0 0 0 0 0 0 0 0 0 0 0 0 0 0 0 0 0 0 0 0 0 0 0 0 0 0 0 0 0 0 0 0 0 0 0 0 0 0 0 0 0 0 0 0 0 0 0 0 0 0 0 0 0 0 0 0 0 0 0 0 0 0 0 0 0 0 0 0 0 0 0 0 0 0 0 0 0 0 0 0 0 0 0 0 0 0 0 0 0 0 0 0 0 0 0 0 0 0 0 0 0 0 0 0 0 0 0 0 0 0 0 0 0 0 0 0 0 0 0 0 0 0 0 0 0 0 0 0 0 0 0 0 0 0 0 0 0 0 0 0 0 0 0 
0 0 0 0 0 0 0 0 0 0 0 0 0 0 0 0 0 0 0 0 0 0 0 0 0 0 0 0 0 0 0 0 0 0 0 0 0 0 0 0 0 0 0 0 0 0 0 0 0 0 0 0 0 0 0 0 0 0 0 0 0 0 0 0 0 0 0 0 0 0 0 0 0 0 0 0 0 0 0 0 0 0 0 0 0 0 0 0 0 0 0 0 0 0 0 0 0 0 0 0 0 0 0 0 0 0 0 0 0 0 0 0 0 0 0 0 0 0 0 0 0 0 0 0 0 0 0 0 0 0 0 0 0 0 0 0 0 0 0 0 0 0 0 0 0 0 0 0 0 0 0 0 0 0 0 0 0 0 0 0 0 0 0 0 0 0 0 0 0 0 0 0 0 0 0 0 0 0 0 0 0 0 0 0 0 0 0 0 0 0 0 0 0 0 0 0 0 0 0 0 0 0 0 0 0 0 0 0 0 0 0 0 0 0 0 0 0 0 0 0 0 0 0 0 0 0 0 0 0 0 0 0 0 0 0 0 0 0 0 0 0 0 0 0 0 0 0 0 0 0 0 0 0 0 0 0 0 0 0 0 0 0 0 0 0 0 0 0 0 0 0 0 0 0 0 0 0 0 0 0 0 0 0 0 0 0 0 0 0 0 0 0 0 0 0 0 0 0 0 0 0 0 0 0 0 0 0 0 0 0 0 0 0 0 0 0 0 0 0 0 0 0 0 0 0 0 0 0 0 0 0 0 0 0 0 0 0 0 0 0 0 0 0 0 0 0 0 0 0 0 0 0 0 0 0 0 0 0 0 0 0 0 0 0 0 0 0 0 0 0 0 0 0 0 0 0 0 0 0 0 0 0 0 0 0 0 0 0 0 0 0 0 0 0 0 0 0 0 0 0 0 0 0 0 0 0 0 0 0 0 0 0 0 0 0 0 0 0 0 0 0 0 0 0 0 0 0 0 0 0 0 0 0 0 0 0 0 0 0 0 0 0 0 0 0 0 0 0 0 0 0 0 0 0 0 0 0 0 0 0 0 0 0 0 0 0 0 0 0 0 0 0 0 0 0 0 0 0 0 0 0 0 0 0 0 0 0 0 0 0 0 0 0 0 0 0 0 0 0 0 0 0 0 0 0 0 0 0 0 0 0 0 0 0 0 0 0 0 0 0 0 0 0 0 0 0 0 0 0 0 0 0 0 0 0 0 0 0 0 0 0 0 0 0 0 0 0 0 0 0 0 0 0 0 0 0 0 0 0 0 0 0 0 0 0 0 0 0 0 0 0 0 0 0 0 0 0 0 0 0 0 0 0 0 0 0 0 0 0 0 0 0 0 0 0 0 
0 0.552009 0.00508264 0.011252 0.021605 0.0203488 0.0130337 0.0118483 0.0120883 0.0139893 0.00956667 0.00956262 0.0107211 0.0119815 0.00895946 0.00883081 0.0118976 0.0119432 0.00905128 0.00909728 0.00888906 0.00912353 0.010608 0.0102307 0.00862687 0.00842155 0.00850695 0.00855827 0.00890319 0.0137211 0.0145378 0.00890424 0.00821744 0.00829322 0.00857995 0.00898706 0.00835605 0.00822575 0.00821606 0.00832295 0.00893087 0.00839973 0.00818703 0.00812073 0.00813072 0.00844407 0.00874208 0.00837056 0.00891537 0.00905166 0.0085817 0.00844306 0.00850692 0.00842034 0.00841586 0.00869082 0.00890141 0.0101127 0.00894201 0.0086149 0.00872724 0.00878103 0.0106709 0.0106272 0.0089823 0.00923399 0.00926675 0.0103393 0.0223207 0.0174552 0.0160656 0.0162736 0.0278015 0.0266372 0.0167783 0.0244971 0.0358053 0.0225418 0.0235471 0.0253865 0.0254827 0.0208276 0.0320745 0.0423392 0.0294742 0.0320587 0.0360508 0.0312713 0.0351018 0.0351156 0.0502622 
0.552009 0 0.00406306 0.00666698 0.00489342 0.0207711 0.010813 0.00942174 0.00957669 0.0106675 0.008928 0.00963523 0.0110415 0.00991845 0.00827872 0.00850109 0.0139116 0.0098779 0.00837593 0.00902141 0.00852284 0.00877017 0.0103678 0.0087456 0.00811723 0.00846389 0.00840463 0.00840011 0.008596 0.0115751 0.0101019 0.00820929 0.00800511 0.00801695 0.00891197 0.00841106 0.00818155 0.00797917 0.00806911 0.00799883 0.00839934 0.00812981 0.00796831 0.00796879 0.00796431 0.00814413 0.0081963 0.00805926 0.0085479 0.00860404 0.0082263 0.00825113 0.00824692 0.00825448 0.00824325 0.00846656 0.00865652 0.00876023 0.00847767 0.00832903 0.00835671 0.00846192 0.00915316 0.00915413 0.00835635 0.00849822 0.00844789 0.00915359 0.012884 0.011512 0.0111464 0.0119154 0.0168739 0.0142187 0.0122688 0.0166571 0.0194762 0.0148602 0.0164094 0.016998 0.0179775 0.0149259 0.0203659 0.0231361 0.0183251 0.0215843 0.0220318 0.0220376 0.0221532 0.0246067 0.0347138 
0.00508264 0.00406306 0 0.00359859 0.00364797 0.020814 0.0136059 0.0088097 0.0106869 0.0104955 0.0110805 0.0281184 0.0177111 0.0103286 0.0104084 0.0110903 0.0173575 0.0106365 0.0122675 0.0198262 0.0213787 0.0128659 0.0140947 0.00907281 0.0102158 0.0118607 0.0122589 0.00979481 0.0112282 0.00914711 0.00901758 0.00866663 0.00857412 0.00923112 0.00942255 0.008739 0.00913781 0.00822412 0.00892347 0.00837262 0.00895942 0.00841372 0.00820152 0.00860159 0.00815528 0.00880904 0.0081898 0.00814204 0.00846144 0.00850499 0.00828831 0.00879014 0.00860451 0.00847011 0.00835647 0.00829664 0.00848057 0.00849475 0.00850725 0.00844424 0.00832989 0.0084268 0.00871595 0.0086951 0.00850546 0.00887759 0.0086435 0.00901456 0.0118115 0.0126758 0.0135787 0.0135196 0.0151827 0.0137531 0.0126016 0.0172701 0.0178551 0.0166034 0.0181454 0.0179746 0.0209589 0.0158656 0.019861 0.0220702 0.0193745 0.0246286 0.0231949 0.0244529 0.0238969 0.0235152 0.0321887 
0.011252 0.00666698 0.00359859 0 0.00366903 0.0279168 0.0206591 0.0122872 0.010338 0.0107687 0.0438151 0.0207618 0.0114346 0.010053 0.01474 0.0189483 0.0107824 0.0102956 0.0172147 0.0161876 0.0168329 0.0298839 0.00996062 0.00917262 0.0124854 0.0109977 0.0101168 0.0131225 0.00854873 0.00851073 0.00829939 0.00866777 0.00915805 0.00936263 0.00849439 0.00802571 0.00820483 0.00858924 0.00875964 0.00870433 0.00847576 0.0082428 0.00845891 0.0084687 0.00849289 0.00826983 0.00818512 0.00826726 0.00824411 0.00841881 0.0086811 0.00870928 0.00878721 0.00862273 0.00865622 0.00862399 0.00845613 0.00869822 0.00888903 0.00867297 0.00856015 0.00870255 0.00882465 0.00876568 0.00916855 0.00921046 0.00928829 0.00912851 0.0120259 0.0130488 0.0128814 0.0132386 0.0134739 0.0133898 0.0130873 0.0147067 0.0167809 0.0168326 0.0169489 0.0170093 0.0178267 0.0157023 0.0176826 0.0202299 0.0193469 0.0208465 0.0212857 0.0210489 0.0212639 0.0208909 0.0274609 
0.021605 0.00489342 0.00364797 0.00366903 0 0.0287004 0.0172476 0.012648 0.0116049 0.0356003 0.0115882 0.0128034 0.0128288 0.0184321 0.010196 0.0107437 0.0187072 0.016727 0.0110943 0.0132707 0.0128695 0.0125417 0.0162822 0.0130357 0.00990593 0.00971084 0.0101041 0.00904639 0.0102821 0.0114413 0.0104018 0.00978314 0.00862055 0.00875788 0.00882896 0.00873651 0.00859393 0.00835355 0.00861588 0.00825568 0.00830534 0.00848745 0.00818933 0.00816457 0.00823052 0.00810604 0.00851748 0.00813715 0.00818574 0.00876808 0.00839571 0.00834432 0.00838683 0.00834496 0.00834969 0.00829575 0.00840915 0.00927705 0.0086221 0.00842506 0.00847 0.00839654 0.00884467 0.00973579 0.00863245 0.00885997 0.00882005 0.00903649 0.0150006 0.0155407 0.015707 0.0153685 0.0165249 0.0180424 0.014075 0.0167127 0.0231669 0.0194237 0.0195359 0.0203589 0.0208501 0.0174538 0.0205931 0.0266405 0.0223128 0.025205 0.0251888 0.0252963 0.0248382 0.0256119 0.0334453 
0.0203488 0.0207711 0.020814 0.0279168 0.0287004 0 0.00704122 0.00625984 0.994154 0.0100966 0.01447 0.0114446 0.0137752 0.0107317 0.01074 0.00999272 0.022917 0.0128242 0.0120571 0.00959728 0.00973329 0.00967438 0.0119447 0.00954609 0.00918079 0.00877972 0.00866897 0.00905557 0.00898761 0.0124507 0.0115549 0.00837022 0.008121 0.00818257 0.00847251 0.00821464 0.0080591 0.00815051 0.0080637 0.00809587 0.00837216 0.00804097 0.00806704 0.00801147 0.00798531 0.00802419 0.00808562 0.00804141 0.00833304 0.00823866 0.00810829 0.00813853 0.0081796 0.00817876 0.00818339 0.00818687 0.00837806 0.00836052 0.00833659 0.00825615 0.0082583 0.00832004 0.00859117 0.00849882 0.00829917 0.0083215 0.00839131 0.00853239 0.0102734 0.00940769 0.00914533 0.00993811 0.0118825 0.0105705 0.00976873 0.0109875 0.0121751 0.0102695 0.0100825 0.0102591 0.0106293 0.0102832 0.0126241 0.0135607 0.0113727 0.0126328 0.0126428 0.0126255 0.0127487 0.013557 0.0183622 
0.0130337 0.010813 0.0136059 0.0206591 0.0172476 0.00704122 0 0.996313 0.00414141 0.0206428 0.0107411 0.0117331 0.00899572 0.0121822 0.00876841 0.00958461 0.0105513 0.0120213 0.00947076 0.00899035 0.00895945 0.00919088 0.0093197 0.0105673 0.0087318 0.00847513 0.0085111 0.00882454 0.00839831 0.0116762 0.0102179 0.00862035 0.00803584 0.00809396 0.00816781 0.00820903 0.00810768 0.00798284 0.00803369 0.00798172 0.00801744 0.00805745 0.00793396 0.00793157 0.00795271 0.00798102 0.00811861 0.00793458 0.00812953 0.0082765 0.00806183 0.00809514 0.00812271 0.00813125 0.00810868 0.00803543 0.00823366 0.0083706 0.00830889 0.00825768 0.00823649 0.00834406 0.00832984 0.00857212 0.0082616 0.00832585 0.00832933 0.00843042 0.0101537 0.00940186 0.0090261 0.00958436 0.0102652 0.0105397 0.00954019 0.0101856 0.0121252 0.00986449 0.00964106 0.00962251 0.00982135 0.00944712 0.0112098 0.0127039 0.0106195 0.0110831 0.0113748 0.0114408 0.0114307 0.0118992 0.0159356 
0.0118483 0.00942174 0.0088097 0.0122872 0.012648 0.00625984 0.996313 0 0.00537214 0.00774087 0.0123613 0.0141733 0.00791535 0.00867743 0.00864518 0.00884689 0.0108259 0.00985386 0.0100376 0.00871421 0.00873852 0.00891909 0.0098372 0.0089007 0.00864376 0.00845379 0.00842237 0.00852989 0.00868903 0.0102249 0.0105309 0.00817028 0.00814182 0.0081476 0.0083182 0.00808387 0.00800054 0.00803668 0.00799102 0.00800452 0.00811939 0.00794655 0.00797969 0.00798761 0.00794778 0.00797016 0.00796142 0.00796326 0.00813853 0.00804051 0.0079925 0.00803899 0.00808515 0.00807142 0.00808014 0.00807171 0.00812713 0.00820468 0.00825001 0.00819664 0.0081885 0.00826465 0.00828816 0.00828602 0.00823165 0.00824019 0.00824827 0.00832315 0.00896076 0.00877139 0.00866262 0.00890596 0.0100069 0.00931033 0.00906405 0.00953525 0.0103379 0.00913627 0.00915322 0.00922462 0.00936073 0.00908402 0.0102062 0.0110927 0.0098187 0.0105799 0.0105648 0.0106671 0.0106198 0.0110778 0.0140457 
0.0120883 0.00957669 0.0106869 0.010338 0.0116049 0.994154 0.00414141 0.00537214 0 0.0201187 0.0107529 0.00950005 0.00719636 0.0100293 0.00855884 0.00928073 0.0111448 0.0134388 0.00895805 0.0090118 0.00884109 0.00967059 0.00910299 0.0103308 0.00870728 0.00862779 0.00849438 0.0086262 0.00848562 0.0102421 0.00981635 0.00855103 0.00803815 0.00809532 0.00814268 0.00807354 0.00802849 0.00798284 0.00800788 0.00801696 0.00798908 0.0079633 0.00794858 0.00794634 0.00795226 0.00794284 0.00799622 0.00791738 0.00793189 0.00813685 0.00800772 0.00803566 0.00805706 0.00806845 0.00806057 0.00800523 0.00803395 0.00832169 0.00824167 0.00819055 0.00819026 0.00819083 0.00822787 0.0084014 0.00822752 0.00825723 0.00824144 0.00828666 0.00908226 0.00887452 0.00873808 0.00880182 0.00931376 0.00943963 0.00900978 0.00922751 0.0104561 0.00912381 0.00899334 0.00907551 0.00917525 0.00890468 0.00951793 0.0104473 0.00998331 0.00997985 0.0105658 0.0103281 0.0103963 0.010268 0.0116772 
0.0139893 0.0106675 0.0104955 0.0107687 0.0356003 0.0100966 0.0206428 0.00774087 0.0201187 0 0.00364942 0.00364606 0.00401862 0.00632807 0.00796024 0.0152659 0.820596 0.0188864 0.0122503 0.0133431 0.0132298 0.0140082 0.0274597 0.0120831 0.0107858 0.0113868 0.0125466 0.01051 0.0166415 0.0148178 0.0153995 0.00978189 0.00890997 0.00961911 0.0121482 0.00865402 0.00842148 0.00847172 0.00853459 0.00858475 0.00959235 0.00817647 0.00825499 0.00830747 0.00812976 0.00850213 0.00805762 0.00801391 0.00844258 0.00821453 0.00814831 0.00852032 0.00826027 0.00842209 0.00821795 0.00814938 0.00829676 0.00836398 0.00831926 0.00838021 0.00822669 0.00829285 0.00844142 0.00852095 0.00829791 0.00852208 0.00829914 0.00872053 0.00895756 0.00914368 0.00858732 0.00880763 0.00968575 0.00899826 0.00929281 0.00991747 0.0100952 0.00940079 0.00984101 0.00953011 0.0103255 0.00902538 0.0104067 0.0103733 0.00988805 0.0113773 0.0106593 0.0112959 0.0106724 0.0108458 0.0127355 
0.00956667 0.008928 0.0110805 0.0438151 0.0115882 0.01447 0.0107411 0.0123613 0.0107529 0.00364942 0 0.00358982 0.00358852 0.0063117 0.0198013 0.746104 0.00934349 0.0130153 0.0388032 0.0182928 0.0291565 0.0332826 0.0111265 0.0105561 0.0197704 0.0203879 0.0108544 0.0339369 0.0100852 0.0108081 0.00912975 0.0095978 0.0124782 0.0109739 0.00997985 0.00827657 0.00850426 0.00872534 0.00971722 0.00907526 0.00847918 0.00816364 0.00857912 0.00859815 0.00835564 0.00821466 0.00801393 0.00808027 0.00815043 0.00817861 0.00822363 0.0083421 0.00835562 0.00829225 0.00835401 0.00816831 0.00812334 0.00827857 0.00835143 0.00832281 0.00824533 0.00834858 0.00825678 0.00827936 0.00833555 0.00844125 0.00840018 0.00833153 0.00885439 0.00911095 0.00884555 0.00898087 0.00875242 0.00890574 0.00977891 0.00932363 0.00920236 0.00973326 0.0102892 0.0101645 0.0106933 0.00944708 0.0093753 0.0101049 0.0103 0.0116599 0.0111513 0.011843 0.0113156 0.0114563 0.011314 
0.00956262 0.00963523 0.0281184 0.0207618 0.0128034 0.0114446 0.0117331 0.0141733 0.00950005 0.00364606 0.00358982 0 0.00353161 0.00608899 0.857544 0.00788117 0.00864403 0.0126966 0.0130126 0.0300033 0.0247592 0.0344268 0.0128771 0.0143405 0.0229644 0.0120846 0.0306972 0.010607 0.0145288 0.00994024 0.00995916 0.0106288 0.0112561 0.0138254 0.00868902 0.00812139 0.00851137 0.00928232 0.00988248 0.00973046 0.00826685 0.00823574 0.00882005 0.00913439 0.00885871 0.00813957 0.00808053 0.00811542 0.00796469 0.00816641 0.00828516 0.00837213 0.0083831 0.00837113 0.00837522 0.00815039 0.00803593 0.00831035 0.00836033 0.00835124 0.00824837 0.0082518 0.00824049 0.00833011 0.0084002 0.00853506 0.00838355 0.00829941 0.0089159 0.00922346 0.00892391 0.00867127 0.00901523 0.00917659 0.00958857 0.00919974 0.00983593 0.0101607 0.0102499 0.0102472 0.0105367 0.00954665 0.00904547 0.0100346 0.0106633 0.0111463 0.0117996 0.0111981 0.0116103 0.0108789 0.00986838 
0.0107211 0.0110415 0.0177111 0.0114346 0.0128288 0.0137752 0.00899572 0.00791535 0.00719636 0.00401862 0.00358852 0.00353161 0 0.855767 0.00808244 0.00636569 0.00910722 0.0120097 0.0138392 0.0133492 0.0128179 0.0153504 0.0186626 0.0146911 0.0104885 0.0124017 0.00921602 0.0133285 0.00971385 0.0120256 0.0118993 0.0123343 0.00941128 0.00888428 0.00973541 0.00864241 0.00918022 0.00834852 0.00861738 0.00834271 0.0086917 0.00830594 0.00821874 0.0082758 0.00812211 0.00821763 0.00803723 0.00791853 0.00808996 0.00828624 0.00810663 0.00839827 0.00832721 0.00822304 0.008222 0.00796338 0.00810022 0.00839375 0.00826193 0.008242 0.00820763 0.00822401 0.00820027 0.00850337 0.00826243 0.00832448 0.00830036 0.00824805 0.00924305 0.00890062 0.00856566 0.0087541 0.00860074 0.00958735 0.00909895 0.00933798 0.0104131 0.00951912 0.00946842 0.00964644 0.0100035 0.00899609 0.00905946 0.0105963 0.0100224 0.0107846 0.0105588 0.0107154 0.0104715 0.00997313 0.0105517 
0.0119815 0.00991845 0.0103286 0.010053 0.0184321 0.0107317 0.0121822 0.00867743 0.0100293 0.00632807 0.0063117 0.00608899 0.855767 0 0.00356803 0.00358884 0.00401336 0.0115764 0.0107948 0.0150433 0.0189678 0.0256955 0.023948 0.0110365 0.0108002 0.0120025 0.0110734 0.0110116 0.0133871 0.0138773 0.0146164 0.0109227 0.009442 0.00982602 0.0122323 0.00866101 0.00851628 0.00837298 0.00863922 0.00869322 0.00971084 0.00824746 0.00831444 0.00825518 0.00819085 0.00828484 0.00806533 0.00799864 0.00830355 0.00848143 0.00816705 0.00859539 0.00824028 0.00822186 0.00823466 0.0081274 0.00826168 0.00828902 0.00826931 0.00825588 0.00825282 0.00823407 0.00846411 0.00837791 0.00827298 0.00835847 0.00832566 0.00853749 0.00876539 0.00868756 0.00860331 0.00875301 0.00950693 0.00882599 0.00886897 0.00946436 0.00927707 0.00895255 0.00922938 0.00911069 0.00940366 0.00877019 0.00983167 0.00969402 0.00928361 0.01017 0.00990854 0.0102058 0.00990786 0.00982241 0.0118975 
0.00895946 0.00827872 0.0104084 0.01474 0.010196 0.01074 0.00876841 0.00864518 0.00855884 0.00796024 0.0198013 0.857544 0.00808244 0.00356803 0 0.00357376 0.00358326 0.0157847 0.0235323 0.0286507 0.0270168 0.0258198 0.00963024 0.0107624 0.0149152 0.0150114 0.0139984 0.012999 0.0101278 0.0107838 0.00925412 0.00931678 0.0122698 0.0127176 0.00912657 0.00807515 0.00844884 0.00905597 0.00945847 0.00916161 0.00840398 0.0081596 0.00864464 0.00873589 0.00848554 0.00814388 0.00802639 0.00811869 0.0080353 0.00809493 0.00833664 0.00844097 0.00843206 0.00832541 0.00833398 0.00816728 0.00808406 0.00826842 0.00831555 0.00833005 0.00823532 0.00826093 0.00826185 0.00824863 0.00837351 0.00852626 0.00845703 0.00838863 0.00875953 0.00900291 0.00869606 0.00883287 0.00890552 0.00886596 0.00958927 0.00913849 0.00906044 0.00961593 0.0095673 0.00948914 0.00967025 0.00928304 0.00899025 0.00973914 0.00985583 0.0101849 0.0102367 0.010391 0.0101299 0.0102566 0.0100632 
0.00883081 0.00850109 0.0110903 0.0189483 0.0107437 0.00999272 0.00958461 0.00884689 0.00928073 0.0152659 0.746104 0.00788117 0.00636569 0.00358884 0.00357376 0 0.00357692 0.0146155 0.0240938 0.028064 0.0253229 0.0226369 0.0115093 0.00980355 0.0198437 0.0146591 0.0131028 0.021853 0.0129497 0.00994339 0.0101998 0.0100442 0.0125399 0.014143 0.00969816 0.00811994 0.00879469 0.00885606 0.0097573 0.00937306 0.00841715 0.00812052 0.00852823 0.00894327 0.00855696 0.00828517 0.0079921 0.0080656 0.00809914 0.00821408 0.00820664 0.00833184 0.00832748 0.00831716 0.00834696 0.00806548 0.00805829 0.00826432 0.00826568 0.00829714 0.00824026 0.00825062 0.00820322 0.00830175 0.00830306 0.0084463 0.00836546 0.00827225 0.00898625 0.00907114 0.00880484 0.00875113 0.00872175 0.0090734 0.0093776 0.00909958 0.00944647 0.0100035 0.00986854 0.00993763 0.0102414 0.00934357 0.00908189 0.0101864 0.0102294 0.0108331 0.0110211 0.0109673 0.0107999 0.0105335 0.00987807 
0.0118976 0.0139116 0.0173575 0.0107824 0.0187072 0.022917 0.0105513 0.0108259 0.0111448 0.820596 0.00934349 0.00864403 0.00910722 0.00401336 0.00358326 0.00357692 0 0.0352184 0.0204512 0.0179881 0.0107737 0.0137026 0.0230219 0.0189678 0.0102626 0.0109313 0.0106738 0.0098804 0.0173788 0.0297614 0.0159545 0.0195633 0.00970426 0.0117412 0.0117213 0.00933469 0.0100178 0.00866994 0.0089031 0.0086371 0.00946823 0.008702 0.00845296 0.00844531 0.00838339 0.00834949 0.00817932 0.00795582 0.00806788 0.0083977 0.00815537 0.00831793 0.0082599 0.00824721 0.00819195 0.00800937 0.00805642 0.0085496 0.00827934 0.00822925 0.00823406 0.00820569 0.00831921 0.00868137 0.00831382 0.0083406 0.00829235 0.00833692 0.00935946 0.00905297 0.00867573 0.0086986 0.00930033 0.00964456 0.00909724 0.00944153 0.0107186 0.00945854 0.0092436 0.00927058 0.00926261 0.00896821 0.00930292 0.0104954 0.00981213 0.00994087 0.00995225 0.0100055 0.00991628 0.00982331 0.010731 
0.0119432 0.0098779 0.0106365 0.0102956 0.016727 0.0128242 0.0120213 0.00985386 0.0134388 0.0188864 0.0130153 0.0126966 0.0120097 0.0115764 0.0157847 0.0146155 0.0352184 0 0.00368169 0.00361363 0.00360883 0.00357238 0.00385764 0.00527368 0.00629327 0.00622778 0.00721581 0.0122949 0.872519 0.0148746 0.0221858 0.0225451 0.0106337 0.0115338 0.0134861 0.00955842 0.00893778 0.00922214 0.00892684 0.0090318 0.0115367 0.00891885 0.00850008 0.00855645 0.00834219 0.00882289 0.00815395 0.00803825 0.00840221 0.00848888 0.00824938 0.00845275 0.00832313 0.00827271 0.0082466 0.00807464 0.00835643 0.00827819 0.00827213 0.00822896 0.00818926 0.0082493 0.00842905 0.00836254 0.00828427 0.00833833 0.0083094 0.00854838 0.00867059 0.00866296 0.00851055 0.00866918 0.00921844 0.00873558 0.00875429 0.00925128 0.00894726 0.00884425 0.00898538 0.00893626 0.0091684 0.00874959 0.00955615 0.00936296 0.00913763 0.00980005 0.00961041 0.00991129 0.00954609 0.00967731 0.0111061 
0.00905128 0.00837593 0.0122675 0.0172147 0.0110943 0.0120571 0.00947076 0.0100376 0.00895805 0.0122503 0.0388032 0.0130126 0.0138392 0.0107948 0.0235323 0.0240938 0.0204512 0.00368169 0 0.00360925 0.00361161 0.00361566 0.00360975 0.00458256 0.00614172 0.00681973 0.00770126 0.957231 0.00987899 0.00959645 0.0100766 0.0177062 0.0357048 0.0142782 0.0116607 0.00854387 0.0100649 0.0100281 0.0139205 0.0104844 0.00968415 0.00842784 0.00931126 0.0102913 0.00888877 0.00852567 0.00809798 0.00819905 0.00839653 0.00827283 0.00844029 0.00888947 0.00872395 0.00850201 0.0084686 0.00827105 0.00824942 0.00829053 0.00843565 0.00840598 0.00833432 0.00828621 0.00826559 0.00829737 0.00844947 0.00866012 0.00849548 0.00840974 0.0088543 0.00919632 0.00874961 0.00887294 0.0086125 0.00884201 0.00955511 0.00916519 0.00894086 0.00968092 0.00975707 0.00964868 0.00981883 0.00925544 0.00888136 0.00975048 0.0100809 0.0104176 0.0101283 0.0106015 0.0100728 0.0102987 0.0100175 
0.00909728 0.00902141 0.0198262 0.0161876 0.0132707 0.00959728 0.00899035 0.00871421 0.0090118 0.0133431 0.0182928 0.0300033 0.0133492 0.0150433 0.0286507 0.028064 0.0179881 0.00361363 0.00360925 0 0.00357577 0.0035953 0.00355871 0.00407132 0.00610638 0.00986697 0.974796 0.0104779 0.00869035 0.00737517 0.00880683 0.0218483 0.030483 0.0332265 0.0108148 0.00854488 0.011084 0.0163653 0.0190993 0.0156672 0.0101913 0.00866608 0.0117462 0.0141682 0.0108779 0.00867084 0.00815495 0.00825754 0.00814607 0.0084213 0.00883029 0.00929059 0.009302 0.00894318 0.00925615 0.00849512 0.00815088 0.00842484 0.00846212 0.00854205 0.0083688 0.00833081 0.00829096 0.00847488 0.00859633 0.00897942 0.00862458 0.00857168 0.00885525 0.00935734 0.00898123 0.00898007 0.00889665 0.00908623 0.00985674 0.00938685 0.00933 0.0101239 0.010231 0.0101997 0.0105192 0.00972226 0.00883573 0.0095438 0.0104501 0.0108548 0.0113826 0.0108932 0.0112957 0.0105408 0.00982596 
0.00888906 0.00852284 0.0213787 0.0168329 0.0128695 0.00973329 0.00895945 0.00873852 0.00884109 0.0132298 0.0291565 0.0247592 0.0128179 0.0189678 0.0270168 0.0253229 0.0107737 0.00360883 0.00361161 0.00357577 0 0.00360386 0.00354949 0.00429511 0.00729574 0.968912 0.0132849 0.00851675 0.0073311 0.00729794 0.00833887 0.0193588 0.0504789 0.0299844 0.013204 0.00880491 0.0123021 0.0124906 0.0236193 0.0145446 0.0102431 0.00885823 0.0106884 0.0146991 0.0105929 0.00919171 0.00813237 0.00824635 0.00851372 0.00830063 0.00866299 0.00983649 0.00951111 0.00902222 0.00898365 0.0083892 0.00820499 0.00834781 0.00848168 0.008528 0.00843428 0.00833565 0.00827086 0.00841134 0.00860755 0.00897781 0.00867449 0.00854039 0.00914948 0.00937632 0.00903687 0.00893419 0.00870449 0.00922506 0.0099916 0.00938432 0.00949602 0.010057 0.0101727 0.0100812 0.010365 0.00967002 0.00879291 0.00965862 0.0102803 0.010772 0.0109022 0.0106435 0.0108137 0.0102979 0.00977343 
0.00912353 0.00877017 0.0128659 0.0298839 0.0125417 0.00967438 0.00919088 0.00891909 0.00967059 0.0140082 0.0332826 0.0344268 0.0153504 0.0256955 0.0258198 0.0226369 0.0137026 0.00357238 0.00361566 0.0035953 0.00360386 0 0.00354811 0.00423719 0.977829 0.00783327 0.00573396 0.00696359 0.00693165 0.00683069 0.00967838 0.0164865 0.0245773 0.0467878 0.0129045 0.00865241 0.0101081 0.0116776 0.0125564 0.014055 0.0100166 0.00855455 0.0102329 0.0103069 0.0105141 0.00893797 0.00803126 0.00818055 0.00812662 0.00812355 0.00846116 0.00875151 0.00866076 0.00856126 0.0085397 0.00816287 0.00805278 0.00827233 0.00828022 0.0083759 0.00826048 0.00826123 0.00817856 0.00827942 0.0083704 0.00857117 0.00847719 0.00832564 0.00889552 0.00920587 0.00881301 0.00877107 0.00863496 0.00907601 0.0095555 0.0091101 0.00937227 0.00981897 0.00983979 0.00976752 0.00981267 0.00930441 0.00876998 0.00951799 0.0100351 0.0101984 0.0102197 0.0102815 0.0102501 0.00984752 0.00936072 
0.010608 0.0103678 0.0140947 0.00996062 0.0162822 0.0119447 0.0093197 0.0098372 0.00910299 0.0274597 0.0111265 0.0128771 0.0186626 0.023948 0.00963024 0.0115093 0.0230219 0.00385764 0.00360975 0.00355871 0.00354949 0.00354811 0 0.977414 0.00483402 0.00396488 0.00383263 0.00480984 0.0048266 0.00843508 0.0119664 0.0186833 0.0107201 0.0134342 0.0261446 0.0101479 0.0105979 0.00908209 0.00917623 0.00945248 0.0120185 0.00921464 0.00872433 0.0088316 0.0086586 0.00930146 0.00812784 0.00796466 0.00817461 0.00832011 0.00812745 0.00830439 0.0082574 0.00827028 0.00822192 0.00798506 0.00813691 0.0084739 0.0082428 0.00820397 0.00817676 0.00816781 0.00816454 0.00854473 0.00824351 0.00837546 0.00827623 0.00823885 0.00908107 0.00865228 0.00841592 0.00842324 0.0085993 0.00917293 0.0088324 0.00907413 0.0101099 0.0090098 0.00886298 0.00886372 0.00888476 0.00859686 0.00879713 0.00960144 0.00922947 0.00935459 0.00931306 0.00931706 0.00920575 0.00908264 0.00967305 
0.0102307 0.0087456 0.00907281 0.00917262 0.0130357 0.00954609 0.0105673 0.0089007 0.0103308 0.0120831 0.0105561 0.0143405 0.0146911 0.0110365 0.0107624 0.00980355 0.0189678 0.00527368 0.00458256 0.00407132 0.00429511 0.00423719 0.977414 0 0.00371917 0.00357878 0.00360689 0.00362459 0.00391846 0.00505704 0.0128596 0.0210248 0.0102521 0.0114187 0.0145514 0.00924564 0.00853664 0.00857431 0.0090835 0.00878765 0.0101925 0.00827644 0.00831468 0.00831223 0.00822287 0.00846744 0.00806312 0.00800918 0.00822372 0.00819274 0.0081199 0.00815482 0.00822296 0.00818044 0.00812731 0.00810442 0.00819116 0.0081543 0.00819012 0.0081471 0.00815079 0.00816886 0.00830849 0.00826325 0.00824888 0.00828553 0.00824103 0.00844461 0.00851457 0.00849495 0.00835675 0.00842618 0.00882405 0.00862425 0.00881929 0.00896235 0.00891626 0.00871873 0.00890369 0.0088166 0.00882837 0.00854157 0.00901552 0.00902836 0.00898833 0.00925273 0.00923973 0.00933057 0.00921533 0.00919641 0.00988898 
0.00862687 0.00811723 0.0102158 0.0124854 0.00990593 0.00918079 0.0087318 0.00864376 0.00870728 0.0107858 0.0197704 0.0229644 0.0104885 0.0108002 0.0149152 0.0198437 0.0102626 0.00629327 0.00614172 0.00610638 0.00729574 0.977829 0.00483402 0.00371917 0 0.0035938 0.00356385 0.00367679 0.00356508 0.0040459 0.00752835 0.0141269 0.0256872 0.0171658 0.0109005 0.00831929 0.00906146 0.0103108 0.0121061 0.0106581 0.00943032 0.00820284 0.00936147 0.00974115 0.00883619 0.00853805 0.00799171 0.00811703 0.00812154 0.00837151 0.00841591 0.0089589 0.00865106 0.00850581 0.00843643 0.00819473 0.00806488 0.00825156 0.0083516 0.00834799 0.00821409 0.00823293 0.00816108 0.00825592 0.0083856 0.00854693 0.00835552 0.00828708 0.00867922 0.00906589 0.00862817 0.00854733 0.00846223 0.00885022 0.00954657 0.00897388 0.00882629 0.00963651 0.00962563 0.00951515 0.00959541 0.00898956 0.00868641 0.00927946 0.00993943 0.0101129 0.0099641 0.0102162 0.00988461 0.0100771 0.00940804 
0.00842155 0.00846389 0.0118607 0.0109977 0.00971084 0.00877972 0.00847513 0.00845379 0.00862779 0.0113868 0.0203879 0.0120846 0.0124017 0.0120025 0.0150114 0.0146591 0.0109313 0.00622778 0.00681973 0.00986697 0.968912 0.00783327 0.00396488 0.00357878 0.0035938 0 0.00352923 0.00355364 0.00355973 0.0036547 0.00680231 0.0168896 0.0271167 0.0185223 0.0116396 0.00861572 0.010931 0.0113239 0.0174081 0.0132814 0.0096676 0.00869105 0.00963488 0.012474 0.00940729 0.00858092 0.00805806 0.00813172 0.00815355 0.00819358 0.0085256 0.00895071 0.0087313 0.00851054 0.0085632 0.00818983 0.00810194 0.0082795 0.008351 0.00836277 0.00822914 0.0082419 0.00817508 0.00831779 0.0084183 0.00856747 0.00837198 0.00827356 0.00851548 0.00893431 0.00871056 0.00862341 0.00846731 0.0088081 0.0094106 0.00888655 0.00888761 0.00984961 0.00980848 0.00995086 0.010211 0.00931812 0.00870232 0.00932232 0.0100914 0.0105661 0.0106784 0.0105638 0.0106059 0.0102755 0.00944864 
0.00850695 0.00840463 0.0122589 0.0101168 0.0101041 0.00866897 0.0085111 0.00842237 0.00849438 0.0125466 0.0108544 0.0306972 0.00921602 0.0110734 0.0139984 0.0131028 0.0106738 0.00721581 0.00770126 0.974796 0.0132849 0.00573396 0.00383263 0.00360689 0.00356385 0.00352923 0 0.00352809 0.00355716 0.00357156 0.00665733 0.0165774 0.0210314 0.0272657 0.00972496 0.00845657 0.00986429 0.0122957 0.0129621 0.012098 0.00933298 0.0083944 0.00940236 0.0107874 0.00900175 0.00843514 0.00810001 0.00814722 0.00804091 0.00822461 0.00852784 0.00863472 0.00866311 0.00848612 0.00841736 0.00817811 0.00808827 0.00827806 0.00831207 0.00832247 0.00819761 0.0082486 0.00814769 0.00830366 0.00836299 0.00849013 0.00835847 0.00828072 0.00848324 0.00872301 0.00857178 0.00849866 0.00857657 0.00858389 0.00905916 0.00867582 0.0087878 0.00917791 0.00942374 0.00934074 0.00952069 0.00892035 0.0086199 0.0088615 0.00953939 0.0100576 0.0102046 0.0101803 0.0101247 0.00968638 0.00922487 
0.00855827 0.00840011 0.00979481 0.0131225 0.00904639 0.00905557 0.00882454 0.00852989 0.0086262 0.01051 0.0339369 0.010607 0.0133285 0.0110116 0.012999 0.021853 0.0098804 0.0122949 0.957231 0.0104779 0.00851675 0.00696359 0.00480984 0.00362459 0.00367679 0.00355364 0.00352809 0 0.00353982 0.00358825 0.0108605 0.0120519 0.0264424 0.014944 0.0119137 0.00864445 0.00987195 0.00952889 0.0116883 0.0102521 0.00921417 0.00865545 0.00887538 0.00951645 0.00906357 0.00881997 0.00800105 0.00807167 0.00878947 0.00828448 0.00827655 0.00844056 0.00841678 0.00843318 0.0084422 0.00803878 0.00817788 0.00822176 0.00825498 0.00828587 0.00814302 0.00826475 0.00804708 0.00827737 0.00829415 0.00838707 0.00840453 0.00828546 0.0087154 0.00878636 0.00847345 0.00873904 0.00839152 0.00887166 0.00913119 0.0087335 0.00914194 0.00931019 0.00915602 0.00906278 0.00921774 0.00875703 0.00877766 0.00953414 0.009451 0.00981804 0.00963499 0.00987352 0.00959739 0.00930626 0.00955842 
0.00890319 0.008596 0.0112282 0.00854873 0.0102821 0.00898761 0.00839831 0.00868903 0.00848562 0.0166415 0.0100852 0.0145288 0.00971385 0.0133871 0.0101278 0.0129497 0.0173788 0.872519 0.00987899 0.00869035 0.0073311 0.00693165 0.0048266 0.00391846 0.00356508 0.00355973 0.00355716 0.00353982 0 0.00376534 0.00922527 0.0213143 0.0106872 0.0155081 0.0105833 0.00871268 0.00945221 0.00950765 0.00918991 0.00941122 0.0100853 0.00850388 0.00869191 0.00893182 0.00861863 0.00845343 0.00814419 0.00808313 0.00799225 0.00814256 0.00822074 0.00835849 0.00838572 0.00835808 0.00818392 0.00816033 0.00800656 0.00830822 0.00829818 0.00817248 0.00813566 0.00813184 0.00816918 0.00839234 0.00830337 0.00841212 0.00828268 0.00823783 0.00886593 0.00856823 0.00845152 0.00839653 0.00905767 0.00886284 0.00864754 0.00865426 0.00922511 0.00867728 0.00883678 0.00885582 0.00885739 0.0085547 0.00856627 0.00896904 0.00895885 0.00907999 0.00928834 0.00892266 0.00922058 0.00895525 0.00928488 
0.0137211 0.0115751 0.00914711 0.00851073 0.0114413 0.0124507 0.0116762 0.0102249 0.0102421 0.0148178 0.0108081 0.00994024 0.0120256 0.0138773 0.0107838 0.00994339 0.0297614 0.0148746 0.00959645 0.00737517 0.00729794 0.00683069 0.00843508 0.00505704 0.0040459 0.0036547 0.00357156 0.00358825 0.00376534 0 0.981936 0.0129613 0.0093341 0.0100216 0.0158229 0.0115863 0.00885009 0.00825395 0.00829618 0.00842414 0.0100827 0.00906764 0.00816621 0.00809139 0.00813543 0.00870527 0.00832402 0.00802692 0.0089994 0.00879382 0.00800346 0.0080216 0.00800973 0.00800584 0.00804702 0.00796797 0.00849221 0.00846797 0.00821183 0.0081585 0.00808256 0.00814475 0.00845702 0.00864831 0.00821666 0.00828296 0.00821031 0.00845662 0.00938959 0.00858939 0.00850346 0.00866097 0.0100244 0.00931371 0.00859715 0.00942736 0.0102173 0.00869415 0.008616 0.0086458 0.00869805 0.00852892 0.00998875 0.010514 0.00893148 0.00911003 0.0090364 0.00914907 0.008959 0.00923537 0.0117771 
0.0145378 0.0101019 0.00901758 0.00829939 0.0104018 0.0115549 0.0102179 0.0105309 0.00981635 0.0153995 0.00912975 0.00995916 0.0118993 0.0146164 0.00925412 0.0101998 0.0159545 0.0221858 0.0100766 0.00880683 0.00833887 0.00967838 0.0119664 0.0128596 0.00752835 0.00680231 0.00665733 0.0108605 0.00922527 0.981936 0 0.0131344 0.00914887 0.0115008 0.014801 0.012045 0.00911358 0.00840915 0.00810538 0.008442 0.0097837 0.00894595 0.00806042 0.00797427 0.00813065 0.00864706 0.00873961 0.00812348 0.00828743 0.00994951 0.00809455 0.00797226 0.00796207 0.00798607 0.00795721 0.00823094 0.00828066 0.00866257 0.00809919 0.0080101 0.00803351 0.00800171 0.00850416 0.00876059 0.0081247 0.00819544 0.00814272 0.00839252 0.00887204 0.00855362 0.00844692 0.00852465 0.00971646 0.00904951 0.00859696 0.00924772 0.0101527 0.00859481 0.00844659 0.00856658 0.00853536 0.00852594 0.00943562 0.00953512 0.00880651 0.0086733 0.00909742 0.00878205 0.00911999 0.00918631 0.0109776 
0.00890424 0.00820929 0.00866663 0.00866777 0.00978314 0.00837022 0.00862035 0.00817028 0.00855103 0.00978189 0.0095978 0.0106288 0.0123343 0.0109227 0.00931678 0.0100442 0.0195633 0.0225451 0.0177062 0.0218483 0.0193588 0.0164865 0.0186833 0.0210248 0.0141269 0.0168896 0.0165774 0.0120519 0.0213143 0.0129613 0.0131344 0 0.00461934 0.00362717 0.00397246 0.0927067 0.0183699 0.112089 0.0146798 0.0536727 0.0339425 0.0159974 0.0155786 0.0138468 0.0135981 0.0204005 0.00897269 0.00928066 0.0103606 0.00917011 0.00911175 0.00933682 0.0103108 0.00927925 0.00893478 0.00872473 0.00938493 0.00848306 0.00831686 0.00830303 0.00823403 0.00811586 0.00853929 0.0084567 0.00829923 0.00858856 0.0083666 0.00885045 0.00847095 0.00842849 0.00834198 0.00837707 0.00860948 0.00839292 0.00859854 0.00860859 0.00844387 0.00851673 0.00876956 0.00856186 0.00860925 0.0083669 0.0085455 0.00849984 0.00859252 0.00884093 0.00877819 0.00879173 0.00867166 0.0086146 0.00897846 
0.00821744 0.00800511 0.00857412 0.00915805 0.00862055 0.008121 0.00803584 0.00814182 0.00803815 0.00890997 0.0124782 0.0112561 0.00941128 0.009442 0.0122698 0.0125399 0.00970426 0.0106337 0.0357048 0.030483 0.0504789 0.0245773 0.0107201 0.0102521 0.0256872 0.0271167 0.0210314 0.0264424 0.0106872 0.0093341 0.00914887 0.00461934 0 0.00371522 0.00356785 0.0305598 0.0468951 0.0351411 0.30039 0.0325795 0.0186338 0.0136254 0.0255745 0.0551594 0.0189285 0.0122745 0.00879843 0.00882369 0.00941406 0.00874964 0.00966609 0.0128611 0.0127086 0.0109065 0.0111422 0.00855562 0.00846568 0.00831857 0.00863026 0.00872891 0.00832231 0.00834183 0.00810978 0.00827624 0.00868946 0.00898757 0.00853459 0.00838681 0.00832666 0.00849425 0.00840911 0.00836889 0.00825184 0.00836196 0.00892859 0.00848932 0.00838617 0.00882054 0.00879874 0.0086383 0.00875609 0.00845409 0.00827791 0.0084417 0.00902339 0.00888422 0.0088186 0.00881756 0.0087904 0.00867947 0.00857298 
0.00829322 0.00801695 0.00923112 0.00936263 0.00875788 0.00818257 0.00809396 0.0081476 0.00809532 0.00961911 0.0109739 0.0138254 0.00888428 0.00982602 0.0127176 0.014143 0.0117412 0.0115338 0.0142782 0.0332265 0.0299844 0.0467878 0.0134342 0.0114187 0.0171658 0.0185223 0.0272657 0.014944 0.0155081 0.0100216 0.0115008 0.00362717 0.00371522 0 0.00367567 0.0170124 0.0165843 0.122023 0.0506165 0.393329 0.0286429 0.0124407 0.0383893 0.0355861 0.0531269 0.0139653 0.00896405 0.0103733 0.00932515 0.00916537 0.0101129 0.0120494 0.0127927 0.0124916 0.00988268 0.0100733 0.008295 0.00855686 0.0086597 0.00869492 0.00844271 0.00836938 0.00815258 0.00832019 0.00899655 0.00890636 0.00867153 0.00841836 0.00836563 0.0084692 0.00840802 0.00839534 0.00823977 0.00837449 0.00875791 0.00845531 0.00845914 0.00878795 0.00870208 0.0086076 0.00863448 0.00847172 0.00826426 0.00845126 0.00886675 0.00885622 0.00885476 0.00875623 0.00880498 0.00853317 0.00840882 
0.00857995 0.00891197 0.00942255 0.00849439 0.00882896 0.00847251 0.00816781 0.0083182 0.00814268 0.0121482 0.00997985 0.00868902 0.00973541 0.0122323 0.00912657 0.00969816 0.0117213 0.0134861 0.0116607 0.0108148 0.013204 0.0129045 0.0261446 0.0145514 0.0109005 0.0116396 0.00972496 0.0119137 0.0105833 0.0158229 0.014801 0.00397246 0.00356785 0.00367567 0 0.022388 0.0360488 0.0205269 0.0391725 0.0577065 0.336117 0.0223327 0.0143741 0.0162661 0.0153371 0.0385429 0.0109194 0.00837774 0.0104616 0.0108311 0.00898588 0.00957973 0.00981279 0.00911841 0.00950239 0.0082755 0.00878424 0.00899848 0.00833171 0.00827069 0.0080584 0.00817304 0.00834145 0.00889493 0.00819805 0.00842424 0.00828531 0.00839929 0.00858617 0.0083127 0.00826982 0.00825994 0.00821632 0.00858463 0.00845306 0.00849162 0.00917316 0.00842371 0.00846841 0.00837615 0.00838547 0.00833364 0.00834051 0.00869161 0.00848212 0.00858603 0.00846538 0.00847497 0.00845981 0.00841888 0.00854451 
0.00898706 0.00841106 0.008739 0.00802571 0.00873651 0.00821464 0.00820903 0.00808387 0.00807354 0.00865402 0.00827657 0.00812139 0.00864241 0.00866101 0.00807515 0.00811994 0.00933469 0.00955842 0.00854387 0.00854488 0.00880491 0.00865241 0.0101479 0.00924564 0.00831929 0.00861572 0.00845657 0.00864445 0.00871268 0.0115863 0.012045 0.0927067 0.0305598 0.0170124 0.022388 0 0.00746923 0.0036421 0.0036075 0.00389477 0.00614208 0.0105526 0.00835449 0.00677049 0.00832192 0.0241976 0.0201574 0.00883456 0.0152944 0.0114037 0.00868728 0.00907042 0.00929615 0.00879185 0.0088278 0.00852745 0.0106398 0.008625 0.00821159 0.00807994 0.00804893 0.00823213 0.00889621 0.00863172 0.00815292 0.00831212 0.00813144 0.00956597 0.00834853 0.00811358 0.00806757 0.00803562 0.00838347 0.00837581 0.00805121 0.00841744 0.00876232 0.00813031 0.00825984 0.00823145 0.00824172 0.00812255 0.00846866 0.00847678 0.00823021 0.00827749 0.00836771 0.00831642 0.00827369 0.00823444 0.00881534 
0.00835605 0.00818155 0.00913781 0.00820483 0.00859393 0.0080591 0.00810768 0.00800054 0.00802849 0.00842148 0.00850426 0.00851137 0.00918022 0.00851628 0.00844884 0.00879469 0.0100178 0.00893778 0.0100649 0.011084 0.0123021 0.0101081 0.0105979 0.00853664 0.00906146 0.010931 0.00986429 0.00987195 0.00945221 0.00885009 0.00911358 0.0183699 0.0468951 0.0165843 0.0360488 0.00746923 0 0.00356567 0.00359541 0.00359126 0.00377698 0.0065639 0.00654501 0.00771463 0.0189332 0.930147 0.0110314 0.00886899 0.0191029 0.0115491 0.00934868 0.0153292 0.0127157 0.0133778 0.012127 0.00882058 0.0125741 0.00835818 0.00859042 0.00882654 0.00844353 0.00854192 0.00895755 0.00854536 0.0085221 0.00936576 0.00885563 0.00927824 0.00845842 0.00820146 0.00826738 0.00815372 0.00817275 0.00850665 0.00823768 0.00826553 0.00851724 0.00828116 0.00872197 0.00836942 0.008584 0.00820179 0.00830065 0.00847193 0.00835191 0.00862352 0.00855379 0.00848762 0.00857034 0.00832486 0.00850692 
0.00822575 0.00797917 0.00822412 0.00858924 0.00835355 0.00815051 0.00798284 0.00803668 0.00798284 0.00847172 0.00872534 0.00928232 0.00834852 0.00837298 0.00905597 0.00885606 0.00866994 0.00922214 0.0100281 0.0163653 0.0124906 0.0116776 0.00908209 0.00857431 0.0103108 0.0113239 0.0122957 0.00952889 0.00950765 0.00825395 0.00840915 0.112089 0.0351411 0.122023 0.0205269 0.0036421 0.00356567 0 0.0035648 0.00359659 0.00358125 0.0061613 0.0109572 0.0145816 0.966652 0.0113515 0.0112819 0.0151224 0.00917682 0.00984659 0.0272291 0.0173342 0.0372104 0.0222878 0.0130347 0.015226 0.00885869 0.00877656 0.00896525 0.00881392 0.00919474 0.00852854 0.00844158 0.00829354 0.00918287 0.0102023 0.00899612 0.00890961 0.00826936 0.00843369 0.0082676 0.00821416 0.00809339 0.00822791 0.00856661 0.00827878 0.00825786 0.00847892 0.00882778 0.00842247 0.00850687 0.00831591 0.00819066 0.00833264 0.00871916 0.00880169 0.00864465 0.00861344 0.00850238 0.00838315 0.0083837 
