1NTVA
GQDRSEATLIKRFKGEGVRYKAKLIGIDEVSAARGDKLCQDSMMKLKGVVAGARSKGEHKQKIFLTISFGGIKIFDEKTGALQHHHAVHEISYIAKDITDHRAFGYVCGKEGNHRFVAIKTAQAAEPVILDLRDLFQLIYELKQREELEKKA
CCCCCHHHHHHHHCCCCEEEEEEEEEEEECCCCCCHHHHHHHHHHHHHHHHHHHCCCCCCEEEEEEEECCEEEEEECCCCCEEEEECHHHEEEEEECCCCCCEEEEEECCCCCCEEEEEEECCCCHHHHHHHHHHHHHHHHHHHCCCHHHHC
0 0 0 0 0 0 0 0 0 0 0 0 0 0 0 0 0 0 0 0 0 0 0 0 0 0 0 0 0 0 0 0 0 0 0 0 0 0 0 0 0 0 0 0 0 0 0 0 0 0 0 0 0 0 0 0 0 0 0 0 0 0 0 0 0 0 0 0 0 0 0 0 0 0 0 0 0 0 0 0 0 0 0 0 0 0 0 0 0 0 0 0 0 0 0 0 0 0 0 0 0 0 0 0 0 0 0 0 0 0 0 0 0 0 0 0 0 0 0 0 0 0 0 0 0 0 0 0 0 0 0 0 0 0 0 0 0 0 0 0 0 0 0 0 0 0 0 0 0 0 0 0 
0 0 0 0 0 0 0 0 0 0 0 0 0 0 0 0 0 0 0 0 0 0 0 0 0 0 0 0 0 0 0 0 0 0 0 0 0 0 0 0 0 0 0 0 0 0 0 0 0 0 0 0 0 0 0 0 0 0 0 0 0 0 0 0 0 0 0 0 0 0 0 0 0 0 0 0 0 0 0 0 0 0 0 0 0 0 0 0 0 0 0 0 0 0 0 0 0 0 0 0 0 0 0 0 0 0 0 0 0 0 0 0 0 0 0 0 0 0 0 0 0 0 0 0 0 0 0 0 0 0 0 0 0 0 0 0 0 0 0 0 0 0 0 0 0 0 0 0 0 0 0 0 
0 0.00369954 0.00385817 0.00367513 0.00420046 0.0036866 0.00461257 0.00454902 0.00522318 0.00580976 0.0101244 0.0159736 0.0250106 0.00879797 0.0147401 0.0090565 0.0140124 0.00894716 0.0443637 0.0126373 0.0105147 0.012168 0.0085705 0.0122187 0.00958064 0.0218267 0.00929916 0.00823428 0.00920739 0.00828664 0.0151097 0.0120195 0.00835432 0.00942565 0.0088173 0.00973737 0.0114974 0.0088587 0.00853345 0.00869338 0.00856273 0.00900772 0.012565 0.00823838 0.00878426 0.008675 0.00892351 0.00884191 0.00891414 0.0114647 
0.00369954 0 0.00363203 0.00380226 0.0035688 0.00421547 0.0036602 0.00402618 0.00460014 0.00808236 0.00644329 0.0149652 0.00916237 0.0448502 0.00902035 0.0422478 0.00946325 0.0730342 0.00950783 0.0175655 0.0101857 0.00884051 0.0277323 0.00897694 0.0256283 0.00903043 0.00867151 0.0101154 0.00830894 0.0165156 0.0083615 0.0082879 0.0130538 0.00961656 0.0106741 0.0091928 0.00954823 0.00859936 0.00927797 0.0100228 0.00935681 0.00983364 0.00898362 0.00940912 0.00827361 0.0108808 0.0105081 0.00905929 0.0107099 0.00853648 
0.00385817 0.00363203 0 0.00351897 0.00387365 0.00356788 0.00469564 0.00361305 0.00699147 0.0070412 0.00813286 0.00502328 0.017356 0.00897525 0.0751128 0.00982574 0.186257 0.0104415 0.0393158 0.00892136 0.00985619 0.0276929 0.00902683 0.0889664 0.00904956 0.0102563 0.00988643 0.00846711 0.0270986 0.00854206 0.0119064 0.0163701 0.00872183 0.0311083 0.0126437 0.0117908 0.00851659 0.0092836 0.00976343 0.0151271 0.0175717 0.0102763 0.00946455 0.00810005 0.0131416 0.0111857 0.0187365 0.0176324 0.00933153 0.0088853 
0.00367513 0.00380226 0.00351897 0 0.00349466 0.00374501 0.00355579 0.00362071 0.00364353 0.00420673 0.00390919 0.00766698 0.00932058 0.0334469 0.00901393 0.134669 0.00959517 0.0710787 0.00885475 0.0148698 0.0105761 0.00862234 0.0837956 0.0093054 0.0162857 0.0086404 0.00874817 0.0142856 0.00850932 0.0129877 0.00898324 0.00841222 0.0157453 0.0112772 0.016345 0.00888007 0.00928754 0.00878697 0.00946205 0.0153582 0.012716 0.0092868 0.00878897 0.0103201 0.00840521 0.0178551 0.0155787 0.0109588 0.0112299 0.00839867 
0.00420046 0.0035688 0.00387365 0.00349466 0 0.00352772 0.00356883 0.00356088 0.00400027 0.00361842 0.00569547 0.00361775 0.0221456 0.00896589 0.141833 0.00933939 0.0979618 0.00972271 0.0404103 0.008839 0.0100366 0.0479864 0.0088013 0.0579486 0.00892459 0.00977144 0.0109584 0.00844916 0.0208266 0.00852456 0.0112233 0.0201193 0.00879318 0.0306911 0.0115741 0.0128616 0.00847117 0.00948869 0.0110696 0.0157241 0.0155063 0.00971824 0.00935726 0.00814975 0.0165681 0.0110202 0.0210127 0.0163646 0.00905922 0.00888676 
0.0036866 0.00421547 0.00356788 0.00374501 0.00352772 0 0.00353494 0.00358234 0.00365265 0.00433317 0.00362615 0.00466036 0.0118237 0.108108 0.00943985 0.121851 0.0106224 0.0964109 0.00926106 0.0142942 0.0127897 0.00887846 0.090928 0.0101726 0.0178634 0.00882856 0.00887537 0.0130009 0.00870217 0.0147273 0.00895944 0.0085446 0.0201009 0.0135428 0.0206936 0.00916106 0.00912352 0.00904219 0.0106226 0.0204278 0.0161248 0.0100972 0.0088933 0.0101672 0.00866834 0.0243013 0.0198469 0.0140871 0.011095 0.0085441 
0.00461257 0.0036602 0.00469564 0.00355579 0.00356883 0.00353494 0 0.00353701 0.00353604 0.00376662 0.00368216 0.00361921 0.0573973 0.0128603 0.0883752 0.0150002 0.144818 0.0158104 0.0397422 0.00971501 0.00962519 0.0327302 0.0114831 0.0745706 0.0108053 0.0100229 0.00945821 0.00886117 0.024411 0.00889287 0.00991809 0.0132995 0.00984078 0.0429907 0.0167086 0.015082 0.00873888 0.00944722 0.0142945 0.0229439 0.0291717 0.0129718 0.0100728 0.00835909 0.018939 0.0154353 0.0331914 0.0234869 0.0116998 0.00898386 
0.00454902 0.00402618 0.00361305 0.00362071 0.00356088 0.00358234 0.00353701 0 0.00352794 0.00354629 0.00353293 0.00362753 0.0115835 0.0301374 0.0226938 0.084521 0.0213332 0.065706 0.0122523 0.0123624 0.0114715 0.0109132 0.0328734 0.0156073 0.0179574 0.00926219 0.00966435 0.0115171 0.0101675 0.011164 0.00944151 0.00919651 0.0132289 0.0205893 0.0215802 0.00975605 0.00917969 0.00896063 0.0114504 0.0246244 0.0216813 0.0114172 0.00974075 0.00865669 0.00984435 0.0202087 0.0229908 0.0212092 0.010635 0.00867345 
0.00522318 0.00460014 0.00699147 0.00364353 0.00400027 0.00365265 0.00353604 0.00352794 0 0.00353744 0.00354598 0.0035925 0.0150625 0.0220808 0.0661909 0.0350154 0.0761438 0.0269558 0.0266263 0.00999239 0.00997475 0.0176917 0.0137416 0.058203 0.0118862 0.00987458 0.00918492 0.00908154 0.0151285 0.00941298 0.00950626 0.0110284 0.0113586 0.0324727 0.0169509 0.0231986 0.00911697 0.00909578 0.0128228 0.0213455 0.026225 0.0138051 0.0096116 0.00857084 0.0125371 0.0154072 0.0299864 0.0199944 0.010537 0.00902192 
0.00580976 0.00808236 0.0070412 0.00420673 0.00361842 0.00433317 0.00376662 0.00354629 0.00353744 0 0.00362262 0.0035928 0.00967806 0.0269344 0.0142925 0.0763257 0.0266564 0.0609252 0.0131117 0.0113927 0.00991394 0.00936819 0.0378993 0.0116557 0.014433 0.00874251 0.00867298 0.00977329 0.00939697 0.0111506 0.00871419 0.00871539 0.0111157 0.0162247 0.0180953 0.00906692 0.00936521 0.0085799 0.0102977 0.0171861 0.0151108 0.0104027 0.00894614 0.00856761 0.0088487 0.0186177 0.0176109 0.0141422 0.0101005 0.00857208 
0.0101244 0.00644329 0.00813286 0.00390919 0.00569547 0.00362615 0.00368216 0.00353293 0.00354598 0.00362262 0 0.00355198 0.0121214 0.0095982 0.0286383 0.0137103 0.0554247 0.0175094 0.0715068 0.00952862 0.00895587 0.0214339 0.0087702 0.0174935 0.0100966 0.00966079 0.00875187 0.00845982 0.0101762 0.00919401 0.00924552 0.0133055 0.00868431 0.0140402 0.00938925 0.0111355 0.00844163 0.0085412 0.00925579 0.00978569 0.0105028 0.0110417 0.008702 0.00817487 0.0103902 0.00893078 0.0103209 0.00980126 0.00892219 0.0084804 
0.0159736 0.0149652 0.00502328 0.00766698 0.00361775 0.00466036 0.00361921 0.00362753 0.0035925 0.0035928 0.00355198 0 0.0152125 0.0117999 0.00981253 0.0282827 0.0124108 0.0390992 0.0137373 0.0593325 0.0201952 0.00926993 0.015341 0.0093971 0.0139413 0.0115443 0.011184 0.00953089 0.00866035 0.0107702 0.00941941 0.0109893 0.0116619 0.00936118 0.0104966 0.00862973 0.0113809 0.01156 0.00911374 0.0106602 0.00951367 0.00893233 0.0104599 0.0174127 0.00829819 0.00944925 0.00943794 0.00894727 0.00923374 0.00887707 
0.0250106 0.00916237 0.017356 0.00932058 0.0221456 0.0118237 0.0573973 0.0115835 0.0150625 0.00967806 0.0121214 0.0152125 0 0.00600677 0.00367193 0.00361529 0.0036318 0.00367396 0.00405083 0.00465172 0.00515939 0.0066267 0.00635264 0.00707696 0.00784482 0.012565 0.0145829 0.0113271 0.00944024 0.0091885 0.0162277 0.0149473 0.00893918 0.010381 0.00908594 0.0098401 0.0119651 0.0135546 0.00917823 0.0101686 0.00894915 0.0089431 0.014176 0.00941508 0.00932995 0.00879652 0.00923459 0.0091074 0.00897933 0.0125443 
0.00879797 0.0448502 0.00897525 0.0334469 0.00896589 0.108108 0.0128603 0.0301374 0.0220808 0.0269344 0.0095982 0.0117999 0.00600677 0 0.00354992 0.00354687 0.00350989 0.00360372 0.00358195 0.00371405 0.00496129 0.00581656 0.00794726 0.00630856 0.0106663 0.00865087 0.0162489 0.0147827 0.00792179 0.0170942 0.00826113 0.00905101 0.0163506 0.00968838 0.0139395 0.00968958 0.00966591 0.00988499 0.0124905 0.0129034 0.0112245 0.0104897 0.00948173 0.0104621 0.00964693 0.0152475 0.0134176 0.0104277 0.0127322 0.00931004 
0.0147401 0.00902035 0.0751128 0.00901393 0.141833 0.00943985 0.0883752 0.0226938 0.0661909 0.0142925 0.0286383 0.00981253 0.00367193 0.00354992 0 0.00354922 0.00357863 0.00361362 0.00356486 0.00358819 0.00456631 0.00815928 0.00618343 0.0174904 0.00980307 0.645929 0.0106561 0.00790974 0.025238 0.00832811 0.00927325 0.0155556 0.00900489 0.0430732 0.0129194 0.0144062 0.00889971 0.0124418 0.0142696 0.0216448 0.026132 0.0127007 0.009896 0.00905425 0.026457 0.0180272 0.03249 0.0425533 0.0154375 0.00975128 
0.0090565 0.0422478 0.00982574 0.134669 0.00933939 0.121851 0.0150002 0.084521 0.0350154 0.0763257 0.0137103 0.0282827 0.00361529 0.00354687 0.00354922 0 0.00353891 0.0035478 0.00357984 0.00359437 0.0049415 0.0051692 0.0231985 0.0101032 0.916983 0.0114311 0.00850264 0.0190206 0.00837499 0.0178285 0.00915726 0.00892146 0.0313036 0.0186311 0.0368669 0.0142835 0.0127673 0.0103653 0.0213129 0.0479464 0.0434232 0.0201486 0.0115412 0.0126614 0.0117236 0.0619156 0.0714855 0.0735298 0.0257709 0.00931403 
0.0140124 0.00946325 0.186257 0.00959517 0.0979618 0.0106224 0.144818 0.0213332 0.0761438 0.0266564 0.0554247 0.0124108 0.0036318 0.00350989 0.00357863 0.00353891 0 0.00356055 0.00354737 0.00360983 0.00428801 0.0181526 0.0102944 0.959531 0.0117266 0.00709665 0.0113438 0.0079079 0.0264011 0.0110288 0.0117549 0.0159418 0.0103477 0.0862066 0.0235155 0.0401479 0.00979774 0.0125133 0.0233843 0.0512216 0.0597103 0.0268078 0.0123883 0.00919473 0.0418591 0.0367264 0.12299 0.0856625 0.0172847 0.011283 
0.00894716 0.0730342 0.0104415 0.0710787 0.00972271 0.0964109 0.0158104 0.065706 0.0269558 0.0609252 0.0175094 0.0390992 0.00367396 0.00360372 0.00361362 0.0035478 0.00356055 0 0.00357842 0.00358632 0.00496711 0.00518465 0.975405 0.0142222 0.0137876 0.00639441 0.0079934 0.0138717 0.00838265 0.0262981 0.0089155 0.00898115 0.0291406 0.0231426 0.0512406 0.0123041 0.0167397 0.0116346 0.0219345 0.0447407 0.0467999 0.0204638 0.0121844 0.0138882 0.0119721 0.0954276 0.0648115 0.0438416 0.0282388 0.00959367 
0.0443637 0.00950783 0.0393158 0.00885475 0.0404103 0.00926106 0.0397422 0.0122523 0.0266263 0.0131117 0.0715068 0.0137373 0.00405083 0.00358195 0.00356486 0.00357984 0.00354737 0.00357842 0 0.00386597 0.00543492 0.987712 0.00474834 0.0126247 0.0063105 0.00646651 0.0107749 0.00789957 0.0165191 0.00900603 0.0102908 0.0228253 0.0113478 0.0460652 0.0152518 0.0413148 0.0110904 0.0134286 0.0238805 0.0208604 0.0242845 0.045053 0.0135086 0.0100923 0.0503352 0.0138555 0.0309099 0.0324151 0.0199242 0.011272 
0.0126373 0.0175655 0.00892136 0.0148698 0.008839 0.0142942 0.00971501 0.0123624 0.00999239 0.0113927 0.00952862 0.0593325 0.00465172 0.00371405 0.00358819 0.00359437 0.00360983 0.00358632 0.00386597 0 0.970047 0.00443578 0.00539124 0.00381336 0.00678132 0.00584203 0.0095983 0.0086699 0.00683377 0.0118477 0.0126024 0.0129092 0.0175804 0.0119376 0.0123612 0.00973446 0.0202088 0.0183054 0.0105786 0.0126534 0.0114922 0.0139496 0.0236108 0.0307664 0.00925749 0.0131396 0.0116833 0.0123442 0.0155462 0.0121768 
0.0105147 0.0101857 0.00985619 0.0105761 0.0100366 0.0127897 0.00962519 0.0114715 0.00997475 0.00991394 0.00895587 0.0201952 0.00515939 0.00496129 0.00456631 0.0049415 0.00428801 0.00496711 0.00543492 0.970047 0 0.00417562 0.00360654 0.00356289 0.00360943 0.00511962 0.00679756 0.00606239 0.00625718 0.0096587 0.16139 0.014396 0.015981 0.00932462 0.0130111 0.00997987 0.0276217 0.0134766 0.0119435 0.0100139 0.010946 0.00990186 0.0320481 0.011602 0.0107985 0.0130807 0.0100945 0.0113384 0.0114868 0.0221762 
0.012168 0.00884051 0.0276929 0.00862234 0.0479864 0.00887846 0.0327302 0.0109132 0.0176917 0.00936819 0.0214339 0.00926993 0.0066267 0.00581656 0.00815928 0.0051692 0.0181526 0.00518465 0.987712 0.00443578 0.00417562 0 0.00359533 0.00358413 0.00361435 0.00445879 0.00638899 0.00612889 0.0112975 0.031448 0.624291 0.0117281 0.00817321 0.0201657 0.00996919 0.0277344 0.0100277 0.0138213 0.0134679 0.0141627 0.0137036 0.0217922 0.0119887 0.0090345 0.0411986 0.0142426 0.0225637 0.01911 0.0184995 0.0124476 
0.0085705 0.0277323 0.00902683 0.0837956 0.0088013 0.090928 0.0114831 0.0328734 0.0137416 0.0378993 0.0087702 0.015341 0.00635264 0.00794726 0.00618343 0.0231985 0.0102944 0.975405 0.00474834 0.00539124 0.00360654 0.00359533 0 0.00353857 0.00359009 0.00355228 0.00563657 0.0163219 0.0313827 0.807685 0.00741521 0.00635021 0.0262634 0.010739 0.0203943 0.00925268 0.0101315 0.00965425 0.0136941 0.023006 0.0304528 0.011974 0.0095695 0.0154022 0.00929098 0.0612213 0.0381268 0.0305798 0.0171185 0.00903597 
0.0122187 0.00897694 0.0889664 0.0093054 0.0579486 0.0101726 0.0745706 0.0156073 0.058203 0.0116557 0.0174935 0.0093971 0.00707696 0.00630856 0.0174904 0.0101032 0.959531 0.0142222 0.0126247 0.00381336 0.00356289 0.00358413 0.00353857 0 0.00352788 0.00354264 0.00846384 0.050488 0.809159 0.00808755 0.00670969 0.0101404 0.00775743 0.0302678 0.0144968 0.0153032 0.0086124 0.0127105 0.0157169 0.029281 0.0313738 0.0157366 0.0107715 0.00917806 0.0341777 0.022292 0.0705155 0.0462712 0.0133446 0.00963856 
0.00958064 0.0256283 0.00904956 0.0162857 0.00892459 0.0178634 0.0108053 0.0179574 0.0118862 0.014433 0.0100966 0.0139413 0.00784482 0.0106663 0.00980307 0.916983 0.0117266 0.0137876 0.0063105 0.00678132 0.00360943 0.00361435 0.00359009 0.00352788 0 0.00354756 0.542315 0.192131 0.0144622 0.0103222 0.00529572 0.00636097 0.0117888 0.0116445 0.0114436 0.0103719 0.011651 0.0111346 0.0178615 0.0170944 0.014737 0.025311 0.0112502 0.0134613 0.0118062 0.0268957 0.0187985 0.0172956 0.0275534 0.00947535 
0.0218267 0.00903043 0.0102563 0.0086404 0.00977144 0.00882856 0.0100229 0.00926219 0.00987458 0.00874251 0.00966079 0.0115443 0.012565 0.00865087 0.645929 0.0114311 0.00709665 0.00639441 0.00646651 0.00584203 0.00511962 0.00445879 0.00355228 0.00354264 0.00354756 0 0.106638 0.00435659 0.00435011 0.00439984 0.00723917 0.0117125 0.00704597 0.00958661 0.00893483 0.0109247 0.0152124 0.0169432 0.00983681 0.0103622 0.00992866 0.0115458 0.0194214 0.0131397 0.011504 0.0100159 0.0109209 0.0106232 0.0104479 0.0120668 
0.00929916 0.00867151 0.00988643 0.00874817 0.0109584 0.00887537 0.00945821 0.00966435 0.00918492 0.00867298 0.00875187 0.011184 0.0145829 0.0162489 0.0106561 0.00850264 0.0113438 0.0079934 0.0107749 0.0095983 0.00679756 0.00638899 0.00563657 0.00846384 0.542315 0.106638 0 0.00355039 0.00352637 0.00361672 0.00433895 0.00437749 0.00587338 0.00673066 0.00800319 0.0129999 0.0227551 0.00915919 0.00994338 0.00879558 0.0103369 0.0174324 0.0198478 0.0102252 0.0100873 0.0102688 0.0133404 0.010086 0.0120726 0.0196685 
0.00823428 0.0101154 0.00846711 0.0142856 0.00844916 0.0130009 0.00886117 0.0115171 0.00908154 0.00977329 0.00845982 0.00953089 0.0113271 0.0147827 0.00790974 0.0190206 0.0079079 0.0138717 0.00789957 0.0086699 0.00606239 0.00612889 0.0163219 0.050488 0.192131 0.00435659 0.00355039 0 0.00355093 0.0035638 0.00354333 0.00375297 0.00498935 0.00730955 0.00733329 0.00792831 0.00674445 0.00788278 0.00918382 0.010996 0.010688 0.0108223 0.00860927 0.00986374 0.00935751 0.0205006 0.0143572 0.0118064 0.0133468 0.00889502 
0.00920739 0.00830894 0.0270986 0.00850932 0.0208266 0.00870217 0.024411 0.0101675 0.0151285 0.00939697 0.0101762 0.00866035 0.00944024 0.00792179 0.025238 0.00837499 0.0264011 0.00838265 0.0165191 0.00683377 0.00625718 0.0112975 0.0313827 0.809159 0.0144622 0.00435011 0.00352637 0.00355093 0 0.00352528 0.00353712 0.00396566 0.00398804 0.0106033 0.00697812 0.00928752 0.00560603 0.00759155 0.00885986 0.0100007 0.0165479 0.0103046 0.00929019 0.00842709 0.0167441 0.012449 0.0204092 0.0239166 0.0102467 0.00922642 
0.00828664 0.0165156 0.00854206 0.0129877 0.00852456 0.0147273 0.00889287 0.011164 0.00941298 0.0111506 0.00919401 0.0107702 0.0091885 0.0170942 0.00832811 0.0178285 0.0110288 0.0262981 0.00900603 0.0118477 0.0096587 0.031448 0.807685 0.00808755 0.0103222 0.00439984 0.00361672 0.0035638 0.00352528 0 0.0034701 0.00362032 0.00567291 0.00684754 0.00757473 0.00551267 0.00559978 0.00739574 0.010457 0.010913 0.00916148 0.013341 0.0096108 0.0117488 0.00975069 0.0162472 0.0155345 0.0132989 0.0197654 0.00880647 
0.0151097 0.0083615 0.0119064 0.00898324 0.0112233 0.00895944 0.00991809 0.00944151 0.00950626 0.00871419 0.00924552 0.00941941 0.0162277 0.00826113 0.00927325 0.00915726 0.0117549 0.0089155 0.0102908 0.0126024 0.16139 0.624291 0.00741521 0.00670969 0.00529572 0.00723917 0.00433895 0.00354333 0.00353712 0.0034701 0 0.0132274 0.00399353 0.00425471 0.00404265 0.0045581 0.00460603 0.0105361 0.00857735 0.00780912 0.00907848 0.00937072 0.0182338 0.0139697 0.013226 0.0108934 0.010865 0.0110182 0.0106161 0.0117229 
0.0120195 0.0082879 0.0163701 0.00841222 0.0201193 0.0085446 0.0132995 0.00919651 0.0110284 0.00871539 0.0133055 0.0109893 0.0149473 0.00905101 0.0155556 0.00892146 0.0159418 0.00898115 0.0228253 0.0129092 0.014396 0.0117281 0.00635021 0.0101404 0.00636097 0.0117125 0.00437749 0.00375297 0.00396566 0.00362032 0.0132274 0 0.00356961 0.00359222 0.00357146 0.0036464 0.00373995 0.00548743 0.00565607 0.00613875 0.00663875 0.00884674 0.344733 0.0142791 0.0158086 0.0100513 0.0118521 0.0123741 0.0154033 0.0321775 
0.00835432 0.0130538 0.00872183 0.0157453 0.00879318 0.0201009 0.00984078 0.0132289 0.0113586 0.0111157 0.00868431 0.0116619 0.00893918 0.0163506 0.00900489 0.0313036 0.0103477 0.0291406 0.0113478 0.0175804 0.015981 0.00817321 0.0262634 0.00775743 0.0117888 0.00704597 0.00587338 0.00498935 0.00398804 0.00567291 0.00399353 0.00356961 0 0.00354058 0.00357384 0.003543 0.00373358 0.00551064 0.00670145 0.00763632 0.0105996 0.077777 0.291933 0.0106657 0.00884394 0.0231271 0.0166555 0.0171342 0.0212233 0.0100421 
0.00942565 0.00961656 0.0311083 0.0112772 0.0306911 0.0135428 0.0429907 0.0205893 0.0324727 0.0162247 0.0140402 0.00936118 0.010381 0.00968838 0.0430732 0.0186311 0.0862066 0.0231426 0.0460652 0.0119376 0.00932462 0.0201657 0.010739 0.0302678 0.0116445 0.00958661 0.00673066 0.00730955 0.0106033 0.00684754 0.00425471 0.00359222 0.00354058 0 0.00354235 0.00355108 0.00359631 0.0083152 0.00852342 0.014314 0.075091 0.850614 0.015993 0.00947118 0.0211157 0.0181927 0.0481307 0.0391359 0.0197943 0.0113931 
0.0088173 0.0106741 0.0126437 0.016345 0.0115741 0.0206936 0.0167086 0.0215802 0.0169509 0.0180953 0.00938925 0.0104966 0.00908594 0.0139395 0.0129194 0.0368669 0.0235155 0.0512406 0.0152518 0.0123612 0.0130111 0.00996919 0.0203943 0.0144968 0.0114436 0.00893483 0.00800319 0.00733329 0.00697812 0.00757473 0.00404265 0.00357146 0.00357384 0.00354235 0 0.00354934 0.00355416 0.00604273 0.0117896 0.0354027 0.914805 0.00963744 0.00860871 0.0108619 0.0104202 0.0236887 0.0261623 0.0327762 0.0140058 0.0102819 
0.00973737 0.0091928 0.0117908 0.00888007 0.0128616 0.00916106 0.015082 0.00975605 0.0231986 0.00906692 0.0111355 0.00862973 0.0098401 0.00968958 0.0144062 0.0142835 0.0401479 0.0123041 0.0413148 0.00973446 0.00997987 0.0277344 0.00925268 0.0153032 0.0103719 0.0109247 0.0129999 0.00792831 0.00928752 0.00551267 0.0045581 0.0036464 0.003543 0.00355108 0.00354934 0 0.00355765 0.0080621 0.05305 0.864299 0.0165818 0.0110722 0.007733 0.00832449 0.0187227 0.0124433 0.0157735 0.0150428 0.025312 0.0142688 
0.0114974 0.00954823 0.00851659 0.00928754 0.00847117 0.00912352 0.00873888 0.00917969 0.00911697 0.00936521 0.00844163 0.0113809 0.0119651 0.00966591 0.00889971 0.0127673 0.00979774 0.0167397 0.0110904 0.0202088 0.0276217 0.0100277 0.0101315 0.0086124 0.011651 0.0152124 0.0227551 0.00674445 0.00560603 0.00559978 0.00460603 0.00373995 0.00373358 0.00359631 0.00355416 0.00355765 0 0.155387 0.7149 0.00704935 0.00783613 0.00815407 0.00890764 0.0216656 0.009578 0.0100558 0.00991568 0.0129021 0.0141727 0.021719 
0.0088587 0.00859936 0.0092836 0.00878697 0.00948869 0.00904219 0.00944722 0.00896063 0.00909578 0.0085799 0.0085412 0.01156 0.0135546 0.00988499 0.0124418 0.0103653 0.0125133 0.0116346 0.0134286 0.0183054 0.0134766 0.0138213 0.00965425 0.0127105 0.0111346 0.0169432 0.00915919 0.00788278 0.00759155 0.00739574 0.0105361 0.00548743 0.00551064 0.0083152 0.00604273 0.0080621 0.155387 0 0.00361089 0.00354215 0.00355082 0.00359621 0.00426882 0.00683154 0.00774847 0.00714795 0.0077913 0.0205851 0.784391 0.0607183 
0.00853345 0.00927797 0.00976343 0.00946205 0.0110696 0.0106226 0.0142945 0.0114504 0.0128228 0.0102977 0.00925579 0.00911374 0.00917823 0.0124905 0.0142696 0.0213129 0.0233843 0.0219345 0.0238805 0.0105786 0.0119435 0.0134679 0.0136941 0.0157169 0.0178615 0.00983681 0.00994338 0.00918382 0.00885986 0.010457 0.00857735 0.00565607 0.00670145 0.00852342 0.0117896 0.05305 0.7149 0.00361089 0 0.00356496 0.00355072 0.00360633 0.00358575 0.00792861 0.00724298 0.0101029 0.025759 0.897262 0.0438118 0.0109518 
0.00869338 0.0100228 0.0151271 0.0153582 0.0157241 0.0204278 0.0229439 0.0246244 0.0213455 0.0171861 0.00978569 0.0106602 0.0101686 0.0129034 0.0216448 0.0479464 0.0512216 0.0447407 0.0208604 0.0126534 0.0100139 0.0141627 0.023006 0.029281 0.0170944 0.0103622 0.00879558 0.010996 0.0100007 0.010913 0.00780912 0.00613875 0.00763632 0.014314 0.0354027 0.864299 0.00704935 0.00354215 0.00356496 0 0.00354951 0.00356676 0.00354822 0.00614371 0.00908589 0.0425437 0.95401 0.0487605 0.0214928 0.00882297 
0.00856273 0.00935681 0.0175717 0.012716 0.0155063 0.0161248 0.0291717 0.0216813 0.026225 0.0151108 0.0105028 0.00951367 0.00894915 0.0112245 0.026132 0.0434232 0.0597103 0.0467999 0.0242845 0.0114922 0.010946 0.0137036 0.0304528 0.0313738 0.014737 0.00992866 0.0103369 0.010688 0.0165479 0.00916148 0.00907848 0.00663875 0.0105996 0.075091 0.914805 0.0165818 0.00783613 0.00355082 0.00355072 0.00354951 0 0.00352723 0.00354808 0.00901967 0.0332165 0.930015 0.0484661 0.0241859 0.0111123 0.0089677 
0.00900772 0.00983364 0.0102763 0.0092868 0.00971824 0.0100972 0.0129718 0.0114172 0.0138051 0.0104027 0.0110417 0.00893233 0.0089431 0.0104897 0.0127007 0.0201486 0.0268078 0.0204638 0.045053 0.0139496 0.00990186 0.0217922 0.011974 0.0157366 0.025311 0.0115458 0.0174324 0.0108223 0.0103046 0.013341 0.00937072 0.00884674 0.077777 0.850614 0.00963744 0.0110722 0.00815407 0.00359621 0.00360633 0.00356676 0.00352723 0 0.00357639 0.015952 0.957614 0.0279484 0.0195032 0.0092539 0.0211606 0.00895702 
0.012565 0.00898362 0.00946455 0.00878897 0.00935726 0.0088933 0.0100728 0.00974075 0.0096116 0.00894614 0.008702 0.0104599 0.014176 0.00948173 0.009896 0.0115412 0.0123883 0.0121844 0.0135086 0.0236108 0.0320481 0.0119887 0.0095695 0.0107715 0.0112502 0.0194214 0.0198478 0.00860927 0.00929019 0.0096108 0.0182338 0.344733 0.291933 0.015993 0.00860871 0.007733 0.00890764 0.00426882 0.00358575 0.00354822 0.00354808 0.00357639 0 0.946591 0.0170865 0.0122846 0.00661222 0.00764443 0.00988354 0.0120225 
0.00823838 0.00940912 0.00810005 0.0103201 0.00814975 0.0101672 0.00835909 0.00865669 0.00857084 0.00856761 0.00817487 0.0174127 0.00941508 0.0104621 0.00905425 0.0126614 0.00919473 0.0138882 0.0100923 0.0307664 0.011602 0.0090345 0.0154022 0.00917806 0.0134613 0.0131397 0.0102252 0.00986374 0.00842709 0.0117488 0.0139697 0.0142791 0.0106657 0.00947118 0.0108619 0.00832449 0.0216656 0.00683154 0.00792861 0.00614371 0.00901967 0.015952 0.946591 0 0.00362234 0.00357828 0.00355537 0.00357376 0.00415325 0.00571873 
0.00878426 0.00827361 0.0131416 0.00840521 0.0165681 0.00866834 0.018939 0.00984435 0.0125371 0.0088487 0.0103902 0.00829819 0.00932995 0.00964693 0.026457 0.0117236 0.0418591 0.0119721 0.0503352 0.00925749 0.0107985 0.0411986 0.00929098 0.0341777 0.0118062 0.011504 0.0100873 0.00935751 0.0167441 0.00975069 0.013226 0.0158086 0.00884394 0.0211157 0.0104202 0.0187227 0.009578 0.00774847 0.00724298 0.00908589 0.0332165 0.957614 0.0170865 0.00362234 0 0.0035814 0.00354829 0.00359723 0.00381859 0.00367893 
0.008675 0.0108808 0.0111857 0.0178551 0.0110202 0.0243013 0.0154353 0.0202087 0.0154072 0.0186177 0.00893078 0.00944925 0.00879652 0.0152475 0.0180272 0.0619156 0.0367264 0.0954276 0.0138555 0.0131396 0.0130807 0.0142426 0.0612213 0.022292 0.0268957 0.0100159 0.0102688 0.0205006 0.012449 0.0162472 0.0108934 0.0100513 0.0231271 0.0181927 0.0236887 0.0124433 0.0100558 0.00714795 0.0101029 0.0425437 0.930015 0.0279484 0.0122846 0.00357828 0.0035814 0 0.00355183 0.00354585 0.00355116 0.00362486 
0.00892351 0.0105081 0.0187365 0.0155787 0.0210127 0.0198469 0.0331914 0.0229908 0.0299864 0.0176109 0.0103209 0.00943794 0.00923459 0.0134176 0.03249 0.0714855 0.12299 0.0648115 0.0309099 0.0116833 0.0100945 0.0225637 0.0381268 0.0705155 0.0187985 0.0109209 0.0133404 0.0143572 0.0204092 0.0155345 0.010865 0.0118521 0.0166555 0.0481307 0.0261623 0.0157735 0.00991568 0.0077913 0.025759 0.95401 0.0484661 0.0195032 0.00661222 0.00355537 0.00354829 0.00355183 0 0.00354057 0.00356867 0.00355947 
0.00884191 0.00905929 0.0176324 0.0109588 0.0163646 0.0140871 0.0234869 0.0212092 0.0199944 0.0141422 0.00980126 0.00894727 0.0091074 0.0104277 0.0425533 0.0735298 0.0856625 0.0438416 0.0324151 0.0123442 0.0113384 0.01911 0.0305798 0.0462712 0.0172956 0.0106232 0.010086 0.0118064 0.0239166 0.0132989 0.0110182 0.0123741 0.0171342 0.0391359 0.0327762 0.0150428 0.0129021 0.0205851 0.897262 0.0487605 0.0241859 0.0092539 0.00764443 0.00357376 0.00359723 0.00354585 0.00354057 0 0.00354362 0.00358258 
0.00891414 0.0107099 0.00933153 0.0112299 0.00905922 0.011095 0.0116998 0.010635 0.010537 0.0101005 0.00892219 0.00923374 0.00897933 0.0127322 0.0154375 0.0257709 0.0172847 0.0282388 0.0199242 0.0155462 0.0114868 0.0184995 0.0171185 0.0133446 0.0275534 0.0104479 0.0120726 0.0133468 0.0102467 0.0197654 0.0106161 0.0154033 0.0212233 0.0197943 0.0140058 0.025312 0.0141727 0.784391 0.0438118 0.0214928 0.0111123 0.0211606 0.00988354 0.00415325 0.00381859 0.00355116 0.00356867 0.00354362 0 0.00380428 
0.0114647 0.00853648 0.0088853 0.00839867 0.00888676 0.0085441 0.00898386 0.00867345 0.00902192 0.00857208 0.0084804 0.00887707 0.0125443 0.00931004 0.00975128 0.00931403 0.011283 0.00959367 0.011272 0.0121768 0.0221762 0.0124476 0.00903597 0.00963856 0.00947535 0.0120668 0.0196685 0.00889502 0.00922642 0.00880647 0.0117229 0.0321775 0.0100421 0.0113931 0.0102819 0.0142688 0.021719 0.0607183 0.0109518 0.00882297 0.0089677 0.00895702 0.0120225 0.00571873 0.00367893 0.00362486 0.00355947 0.00358258 0.00380428 0 
