1NVTB
GPLGSMINAKTKVIGLIGHPVEHSFSPIMHNAAFKDKGLNYVYVAFDVLPENLKYVIDGAKALGIVGFNVTIPHKIEIMKYLDEIDKDAQLIGAVNTIKIEDGKAIGYNTDGIGARMALEEEIGRVKDKNIVIYGAGGAARAVAFELAKDNNIIIANRTVEKAEALAKEIAEKLNKKFGEEVKFSGLDVDLDGVDIIINATPIGMYPNIDVEPIVKAEKLREDMVVMDLIYNPLETVLLKEAKKVNAKTINGLGMLIYQGAVAFKIWTGVEPNIEVMKNAIIDKITK
CCCCECCCCCCEEEEEEECCCCCCCHHHHHHHHHHHCCCCEEEEEEECCCCCHHHHHHHHHHHCCCEEEECCCCCCHHHHHCCEECHHHHHHCCCCEEEEECCEEEEECCHHHHHHHHHHHHHCCCCCCEEEEECCCHHHHHHHHHHCCCCEEEEECCCHHHHHHHHHHHHHHHCCCCCCCEEEECCCCCCCCCCEEEECCCCCCCCCCCCCCCCCCCCCCCCCEEEECCCCCCCCHHHHHHHCCCCEEECCHHHHHHHHHHHHHHHHCCCCCHHHHHHHHHHHHCC
0 0 0 0 0 0 0 0 0 0 0 0 0 0 0 0 0 0 0 0 0 0 0 0 0 0 0 0 0 0 0 0 0 0 0 0 0 0 0 0 0 0 0 0 0 0 0 0 0 0 0 0 0 0 0 0 0 0 0 0 0 0 0 0 0 0 0 0 0 0 0 0 0 0 0 0 0 0 0 0 0 0 0 0 0 0 0 0 0 0 0 0 0 0 0 0 0 0 0 0 0 0 0 0 0 0 0 0 0 0 0 0 0 0 0 0 0 0 0 0 0 0 0 0 0 0 0 0 0 0 0 0 0 0 0 0 0 0 0 0 0 0 0 0 0 0 0 0 0 0 0 0 0 0 0 0 0 0 0 0 0 0 0 0 0 0 0 0 0 0 0 0 0 0 0 0 0 0 0 0 0 0 0 0 0 0 0 0 0 0 0 0 0 0 0 0 0 0 0 0 0 0 0 0 0 0 0 0 0 0 0 0 0 0 0 0 0 0 0 0 0 0 0 0 0 0 0 0 0 0 0 0 0 0 0 0 0 0 0 0 0 0 0 0 0 0 0 0 0 0 0 0 0 0 0 0 0 0 0 0 0 0 0 0 0 0 0 0 0 0 0 0 0 0 0 0 0 0 0 0 0 0 0 0 0 0 0 
0 0 0 0 0 0 0 0 0 0 0 0 0 0 0 0 0 0 0 0 0 0 0 0 0 0 0 0 0 0 0 0 0 0 0 0 0 0 0 0 0 0 0 0 0 0 0 0 0 0 0 0 0 0 0 0 0 0 0 0 0 0 0 0 0 0 0 0 0 0 0 0 0 0 0 0 0 0 0 0 0 0 0 0 0 0 0 0 0 0 0 0 0 0 0 0 0 0 0 0 0 0 0 0 0 0 0 0 0 0 0 0 0 0 0 0 0 0 0 0 0 0 0 0 0 0 0 0 0 0 0 0 0 0 0 0 0 0 0 0 0 0 0 0 0 0 0 0 0 0 0 0 0 0 0 0 0 0 0 0 0 0 0 0 0 0 0 0 0 0 0 0 0 0 0 0 0 0 0 0 0 0 0 0 0 0 0 0 0 0 0 0 0 0 0 0 0 0 0 0 0 0 0 0 0 0 0 0 0 0 0 0 0 0 0 0 0 0 0 0 0 0 0 0 0 0 0 0 0 0 0 0 0 0 0 0 0 0 0 0 0 0 0 0 0 0 0 0 0 0 0 0 0 0 0 0 0 0 0 0 0 0 0 0 0 0 0 0 0 0 0 0 0 0 0 0 0 0 0 0 0 0 0 0 0 0 0 
0 0.0440451 0.0112964 0.00812846 0.00796367 0.00740546 0.0103137 0.0281243 0.0229151 0.0118529 0.00959388 0.0106168 0.00914963 0.0122021 0.0131699 0.0139382 0.0103774 0.00935253 0.021021 0.0105815 0.0137956 0.012765 0.00921316 0.00848714 0.00911499 0.0103351 0.0103917 0.00871037 0.00837153 0.00862196 0.0101387 0.00981286 0.00934028 0.00829881 0.00859153 0.0108319 0.00896396 0.0088806 0.00830528 0.00854465 0.00998406 0.0100701 0.00810187 0.00809762 0.00919295 0.0103198 0.0083353 0.00835277 0.00914408 0.00888373 0.00823262 0.00823328 0.00861185 0.00894451 0.00837117 0.00918003 
0.0440451 0 0.00383316 0.00357376 0.00362098 0.00364431 0.00417371 0.0050327 0.400054 0.0124016 0.0144475 0.0108306 0.0132934 0.0109175 0.0360103 0.0196368 0.00972351 0.015302 0.0121298 0.0156138 0.0104997 0.0156658 0.00907954 0.0107712 0.00920586 0.0120918 0.010515 0.00849905 0.00872947 0.00880984 0.0101433 0.010261 0.00867756 0.00936669 0.00939643 0.010877 0.00938623 0.00834263 0.00898971 0.00883344 0.0102837 0.00832194 0.00818208 0.00810023 0.00828948 0.00871043 0.00852644 0.00848947 0.00893239 0.00838201 0.00820296 0.00832441 0.00831722 0.00882902 0.00836979 0.00839028 
0.0112964 0.00383316 0 0.00357597 0.00357374 0.00362148 0.00362112 0.0037561 0.0497565 0.446982 0.0152503 0.0313658 0.0141677 0.0433319 0.0104116 0.0131519 0.0289241 0.0106426 0.0120756 0.00889687 0.00981512 0.0102514 0.0209662 0.0110665 0.0123236 0.00859114 0.00841072 0.0123329 0.0101482 0.0110842 0.00875252 0.00847113 0.0107787 0.0115895 0.0117407 0.00913074 0.00834955 0.00968488 0.00962185 0.00969409 0.00867124 0.00819142 0.00829809 0.00819015 0.00803906 0.00888077 0.00903648 0.00868471 0.00840009 0.00827209 0.00861838 0.00838637 0.00823062 0.00821551 0.00831216 0.00829502 
0.00812846 0.00357376 0.00357597 0 0.00354887 0.00358767 0.00355457 0.0035758 0.0498705 0.0257698 0.457627 0.0246932 0.0672211 0.0154351 0.0116956 0.0160724 0.0218593 0.0126654 0.0105464 0.00876451 0.00880499 0.011121 0.0178396 0.0271472 0.0101488 0.00876627 0.00860489 0.0107499 0.0190125 0.0119816 0.0093374 0.00868972 0.0109937 0.0211909 0.0153253 0.0105843 0.00862067 0.0095061 0.0124024 0.011111 0.00883987 0.00814009 0.00834402 0.00831581 0.00805988 0.00915646 0.00920164 0.00928354 0.00855932 0.00834084 0.0087712 0.00859227 0.00834091 0.00822311 0.00827885 0.00826406 
0.00796367 0.00362098 0.00357374 0.00354887 0 0.00354322 0.00357691 0.00355599 0.0348873 0.0846889 0.0485252 0.551419 0.03367 0.0311636 0.0132126 0.0203186 0.0318252 0.0192892 0.0116715 0.00934865 0.00901046 0.0147931 0.0308668 0.0343284 0.0129874 0.00904304 0.00901945 0.0152692 0.026621 0.0182528 0.00978143 0.00898727 0.0142136 0.0276398 0.0260341 0.0114634 0.00916188 0.0118125 0.0166847 0.0141419 0.00933081 0.00830868 0.00853911 0.00863598 0.00818623 0.0101141 0.0105958 0.0107774 0.00902885 0.00852951 0.00930886 0.00901353 0.00859336 0.0082878 0.00839975 0.00836279 
0.00740546 0.00364431 0.00362148 0.00358767 0.00354322 0 0.00353552 0.003552 0.0243354 0.0502525 0.157569 0.0600645 0.488782 0.0260687 0.0137012 0.0142963 0.0281357 0.01628 0.0112581 0.00879142 0.00882859 0.0122773 0.0218208 0.0325403 0.0122669 0.00874705 0.00857133 0.0119257 0.0278809 0.0149293 0.00930518 0.0086778 0.0106789 0.0244563 0.0202356 0.0105307 0.00878516 0.00968828 0.014804 0.0122204 0.0092389 0.00815323 0.00836746 0.00844624 0.00812435 0.00896849 0.00962279 0.0106527 0.00896914 0.00845612 0.00924242 0.00885193 0.00838691 0.0082048 0.00835157 0.00831851 
0.0103137 0.00417371 0.00362112 0.00355457 0.00357691 0.00353552 0 0.00363801 0.0145371 0.0528206 0.0446431 0.0505399 0.0291312 0.435756 0.0161523 0.0127896 0.0168028 0.0186503 0.00989649 0.009373 0.010104 0.0106184 0.0118734 0.0118638 0.0108975 0.00867073 0.0087323 0.00937948 0.0102177 0.0150518 0.00964443 0.00835423 0.00958645 0.00984828 0.0145394 0.010182 0.00851001 0.00875344 0.00938313 0.00966989 0.00860131 0.0080366 0.00818573 0.00818558 0.00799883 0.00848931 0.00870857 0.009105 0.00845146 0.00823232 0.00845841 0.008335 0.00815691 0.00816732 0.00822077 0.00809409 
0.0281243 0.0050327 0.0037561 0.0035758 0.00355599 0.003552 0.00363801 0 0.0283435 0.0131922 0.017833 0.016679 0.0188735 0.0248454 0.311488 0.0167937 0.0113192 0.00934729 0.0154094 0.00946492 0.0102801 0.0149264 0.00961689 0.00890345 0.00903313 0.00867078 0.0106373 0.00894802 0.00880014 0.00948667 0.0104528 0.0100022 0.00880134 0.00870312 0.00914936 0.0111426 0.0092722 0.00857612 0.00843608 0.00874363 0.00933499 0.0086147 0.00802542 0.00798271 0.00816048 0.00885739 0.00827809 0.0084406 0.00869844 0.00826644 0.00828744 0.00806989 0.00818782 0.00822564 0.00807212 0.00816156 
0.0229151 0.400054 0.0497565 0.0498705 0.0348873 0.0243354 0.0145371 0.0283435 0 0.00373328 0.00359644 0.00360026 0.00367653 0.0045348 0.0041133 0.067614 0.013877 0.0117181 0.0255899 0.0109492 0.0183857 0.0174095 0.0120192 0.00985386 0.0105435 0.012192 0.0104262 0.00918552 0.00907862 0.00938238 0.0132779 0.0103158 0.00980331 0.00888417 0.00925489 0.0113953 0.00901329 0.00877484 0.00870817 0.00861212 0.0105424 0.00864864 0.008098 0.00815458 0.00841038 0.00911774 0.0085631 0.0083967 0.00872011 0.00862114 0.00826114 0.00823811 0.00823336 0.00846082 0.00820241 0.00827439 
0.0118529 0.0124016 0.446982 0.0257698 0.0846889 0.0502525 0.0528206 0.0131922 0.00373328 0 0.00358503 0.00357767 0.00357946 0.00361947 0.00387722 0.0314895 0.0640335 0.0155994 0.0116564 0.0125617 0.00992593 0.0122794 0.0207007 0.0147111 0.0138831 0.00975691 0.00875535 0.0118807 0.0105954 0.0159562 0.00939707 0.0085139 0.011805 0.0143082 0.0136766 0.0103563 0.008398 0.00967372 0.00994694 0.0112117 0.00918441 0.00805583 0.00821836 0.00827493 0.00806114 0.00863807 0.00879442 0.00884843 0.00835565 0.00812514 0.00852363 0.00838502 0.00812532 0.0080695 0.00821215 0.00810956 
0.00959388 0.0144475 0.0152503 0.457627 0.0485252 0.157569 0.0446431 0.017833 0.00359644 0.00358503 0 0.00353709 0.0035322 0.00360966 0.0035859 0.0363302 0.0252243 0.0255849 0.0113074 0.0100082 0.00921849 0.0163844 0.0203549 0.0424978 0.0127433 0.00961841 0.00948799 0.0109387 0.0334614 0.0139637 0.0108139 0.00922552 0.0123203 0.0429233 0.0278873 0.0124752 0.00931434 0.0101625 0.0247629 0.015311 0.0102217 0.00822516 0.00854183 0.00844239 0.0085209 0.00921415 0.0105276 0.0105897 0.00898159 0.00847137 0.00915987 0.00887172 0.00844934 0.00827815 0.00830545 0.00822362 
0.0106168 0.0108306 0.0313658 0.0246932 0.551419 0.0600645 0.0505399 0.016679 0.00360026 0.00357767 0.00353709 0 0.00353718 0.0035703 0.00355792 0.0401178 0.0526042 0.0130865 0.0223509 0.00942891 0.0100356 0.0132435 0.0396174 0.0215233 0.0204784 0.00910349 0.00890385 0.0187947 0.0174435 0.0209616 0.0101251 0.00865187 0.0205906 0.0308895 0.0366361 0.0131366 0.00870274 0.0156768 0.0155026 0.0205049 0.00936085 0.00836776 0.008422 0.00855541 0.00822444 0.0104015 0.00998944 0.011303 0.00870695 0.00850795 0.00912797 0.00895698 0.00840281 0.0083035 0.00836465 0.00821592 
0.00914963 0.0132934 0.0141677 0.0672211 0.03367 0.488782 0.0291312 0.0188735 0.00367653 0.00357946 0.0035322 0.00353718 0 0.00353961 0.00356405 0.0307711 0.0306284 0.0350091 0.0107693 0.0101544 0.00901753 0.0163187 0.0156262 0.0669297 0.0101859 0.00901198 0.00978628 0.0106145 0.0343342 0.0124585 0.0100826 0.00951389 0.0116064 0.0514337 0.0241062 0.0104964 0.0094137 0.00946995 0.0249547 0.014199 0.00915764 0.0081824 0.00853756 0.00833291 0.00815843 0.00883643 0.010229 0.00945327 0.00853921 0.00834618 0.00889251 0.00868649 0.00829757 0.00822012 0.00822208 0.00807659 
0.0122021 0.0109175 0.0433319 0.0154351 0.0311636 0.0260687 0.435756 0.0248454 0.0045348 0.00361947 0.00360966 0.0035703 0.00353961 0 0.0035455 0.0174389 0.0680565 0.0431541 0.0332414 0.00965026 0.014631 0.0109622 0.0378106 0.0104344 0.0220828 0.00879296 0.00900957 0.0171527 0.0100359 0.0204941 0.0103721 0.00864687 0.0162591 0.0108 0.0295053 0.0134621 0.0085701 0.0137958 0.00990277 0.0156297 0.00893026 0.0084618 0.00828288 0.00842148 0.00809549 0.00952791 0.00900297 0.0102785 0.00859835 0.00835079 0.0086148 0.008626 0.0082258 0.00813533 0.00835863 0.00811383 
0.0131699 0.0360103 0.0104116 0.0116956 0.0132126 0.0137012 0.0161523 0.311488 0.0041133 0.00387722 0.0035859 0.00355792 0.00356405 0.0035455 0 0.0314298 0.0132166 0.0803031 0.0570709 0.0191616 0.010439 0.0358378 0.00951602 0.0124818 0.00889554 0.0108173 0.0219939 0.00940909 0.00978095 0.0102963 0.0139237 0.0169987 0.00908406 0.0101295 0.0107005 0.0164151 0.0137831 0.00850268 0.00977979 0.00891231 0.00963221 0.00865997 0.00837717 0.00805937 0.00825084 0.00910234 0.00879882 0.00829597 0.00912989 0.00850858 0.00823978 0.00803599 0.00820114 0.00848329 0.00818473 0.00799481 
0.0139382 0.0196368 0.0131519 0.0160724 0.0203186 0.0142963 0.0127896 0.0167937 0.067614 0.0314895 0.0363302 0.0401178 0.0307711 0.0174389 0.0314298 0 0.00472421 0.00370951 0.0103538 0.0154481 0.0295737 0.0437793 0.0172121 0.017037 0.0110598 0.0168326 0.0140363 0.0115051 0.0129878 0.0110398 0.0194136 0.0124985 0.0150865 0.0137658 0.0132019 0.0205505 0.0105702 0.0105016 0.012688 0.0112084 0.0178926 0.00845978 0.00820751 0.00823265 0.00894401 0.00954584 0.00962047 0.0104189 0.0101143 0.00878162 0.00861861 0.00842591 0.00887766 0.0084719 0.00820956 0.00819733 
0.0103774 0.00972351 0.0289241 0.0218593 0.0318252 0.0281357 0.0168028 0.0113192 0.013877 0.0640335 0.0252243 0.0526042 0.0306284 0.0680565 0.0132166 0.00472421 0 0.00379169 0.00368425 0.0210214 0.0182729 0.0172085 0.132052 0.0127168 0.0222857 0.00900396 0.00927771 0.0260952 0.0116008 0.0245454 0.0105719 0.00887293 0.0267602 0.0170021 0.0286198 0.0134435 0.00864722 0.0203038 0.0120056 0.0211422 0.00959331 0.00824421 0.0083101 0.0085587 0.00811638 0.00978419 0.00974175 0.0115659 0.00851748 0.00830418 0.00883448 0.00901045 0.00825898 0.00805719 0.00824479 0.00809349 
0.00935253 0.015302 0.0106426 0.0126654 0.0192892 0.01628 0.0186503 0.00934729 0.0117181 0.0155994 0.0255849 0.0130865 0.0350091 0.0431541 0.0803031 0.00370951 0.00379169 0 0.00371973 0.0215735 0.00981543 0.0429605 0.0103261 0.0477226 0.0134903 0.0121418 0.0119266 0.00943276 0.0175318 0.019464 0.0126556 0.0108046 0.00947903 0.0273725 0.0307496 0.0144513 0.0103846 0.00897507 0.0180232 0.0139978 0.0105076 0.00829387 0.00891906 0.00830505 0.00833786 0.00875258 0.0102991 0.00959145 0.00923673 0.00840174 0.00873539 0.00861453 0.00839716 0.0083855 0.00825732 0.00801662 
0.021021 0.0121298 0.0120756 0.0105464 0.0116715 0.0112581 0.00989649 0.0154094 0.0255899 0.0116564 0.0113074 0.0223509 0.0107693 0.0332414 0.0570709 0.0103538 0.00368425 0.00371973 0 0.0105315 0.0448058 0.0151846 0.0251266 0.00949324 0.0215488 0.0108955 0.011678 0.0178749 0.00940347 0.0123293 0.0174143 0.0109087 0.0166327 0.00971628 0.0122505 0.0225523 0.00932629 0.0144158 0.00895333 0.0108766 0.0106407 0.0138251 0.00813896 0.00820599 0.00886357 0.0132084 0.00861465 0.0093102 0.00948744 0.0085019 0.00837455 0.00826876 0.00851172 0.00825752 0.00809713 0.0085214 
0.0105815 0.0156138 0.00889687 0.00876451 0.00934865 0.00879142 0.009373 0.00946492 0.0109492 0.0125617 0.0100082 0.00942891 0.0101544 0.00965026 0.0191616 0.0154481 0.0210214 0.0215735 0.0105315 0 0.00480019 0.0158594 0.0136026 0.0314159 0.00900586 0.0122385 0.0196584 0.0101452 0.00963504 0.0102884 0.0135365 0.0189091 0.011166 0.0109342 0.0122114 0.0137986 0.0129743 0.00866223 0.00989606 0.00941665 0.0128127 0.00819843 0.00847152 0.00809074 0.00834515 0.00865624 0.00880552 0.00845553 0.00910822 0.00828875 0.00827475 0.00809838 0.00828926 0.00845314 0.00808826 0.00802335 
0.0137956 0.0104997 0.00981512 0.00880499 0.00901046 0.00882859 0.010104 0.0102801 0.0183857 0.00992593 0.00921849 0.0100356 0.00901753 0.014631 0.010439 0.0295737 0.0182729 0.00981543 0.0448058 0.00480019 0 0.0211778 0.0354012 0.00672338 0.0161578 0.00838563 0.00900152 0.011052 0.00833136 0.0111813 0.014963 0.0147787 0.0142252 0.00892761 0.0112008 0.0156082 0.00980946 0.011575 0.00864695 0.0107732 0.010322 0.0125328 0.00817581 0.00824357 0.00861905 0.0124263 0.00843101 0.00884679 0.00862595 0.00877616 0.0081674 0.00824958 0.00820352 0.00830851 0.00804469 0.00856716 
0.012765 0.0156658 0.0102514 0.011121 0.0147931 0.0122773 0.0106184 0.0149264 0.0174095 0.0122794 0.0163844 0.0132435 0.0163187 0.0109622 0.0358378 0.0437793 0.0172085 0.0429605 0.0151846 0.0158594 0.0211778 0 0.00360936 0.00358699 0.00362419 0.00424315 0.00476902 0.00485817 0.00656858 0.00896542 0.941852 0.0825355 0.0156157 0.0189491 0.0136908 0.032482 0.0311494 0.0138186 0.0194746 0.0131551 0.0368751 0.00963998 0.00896949 0.00913711 0.0124935 0.0144663 0.0128268 0.0104503 0.0170234 0.00978038 0.00907518 0.00909758 0.00936028 0.00985501 0.00844558 0.00847199 
0.00921316 0.00907954 0.0209662 0.0178396 0.0308668 0.0218208 0.0118734 0.00961689 0.0120192 0.0207007 0.0203549 0.0396174 0.0156262 0.0378106 0.00951602 0.0172121 0.132052 0.0103261 0.0251266 0.0136026 0.0354012 0.00360936 0 0.00358482 0.00393583 0.0036101 0.00378273 0.00845494 0.00605527 0.955768 0.0390072 0.0120435 0.149467 0.0186434 0.0491991 0.0149957 0.0100062 0.0782959 0.0143891 0.0490681 0.0107909 0.00980775 0.00871412 0.0100284 0.00861797 0.0190938 0.0131224 0.0196627 0.0091152 0.0087456 0.0100368 0.0101604 0.00865024 0.00810082 0.00844429 0.00827555 
0.00848714 0.0107712 0.0110665 0.0271472 0.0343284 0.0325403 0.0118638 0.00890345 0.00985386 0.0147111 0.0424978 0.0215233 0.0669297 0.0104344 0.0124818 0.017037 0.0127168 0.0477226 0.00949324 0.0314159 0.00672338 0.00358699 0.00358482 0 0.00358324 0.00355941 0.00445478 0.00577003 0.950623 0.024707 0.00744605 0.0195525 0.0109994 0.157054 0.023613 0.0142087 0.0157893 0.0104193 0.173106 0.0156594 0.0121652 0.00845248 0.0119693 0.00859214 0.00875837 0.00965457 0.0290971 0.0111139 0.0100056 0.00865771 0.0105106 0.00976839 0.00858643 0.00853274 0.00832534 0.00818418 
0.00911499 0.00920586 0.0123236 0.0101488 0.0129874 0.0122669 0.0108975 0.00903313 0.0105435 0.0138831 0.0127433 0.0204784 0.0101859 0.0220828 0.00889554 0.0110598 0.0222857 0.0134903 0.0215488 0.00900586 0.0161578 0.00362419 0.00393583 0.00358324 0 0.00362343 0.00426546 0.997867 0.0120889 0.0110538 0.0057365 0.0102588 0.0331406 0.0120888 0.0730123 0.0157638 0.00903616 0.0444479 0.010101 0.0408068 0.0100057 0.0103225 0.00849581 0.0091562 0.00866746 0.0117739 0.00952354 0.016687 0.00871423 0.00871833 0.00899736 0.00918228 0.00865642 0.00809824 0.00824444 0.00835112 
0.0103351 0.0120918 0.00859114 0.00876627 0.00904304 0.00874705 0.00867073 0.00867078 0.012192 0.00975691 0.00961841 0.00910349 0.00901198 0.00879296 0.0108173 0.0168326 0.00900396 0.0121418 0.0108955 0.0122385 0.00838563 0.00424315 0.0036101 0.00355941 0.00362343 0 0.999631 0.004624 0.00407824 0.00399745 0.00462626 0.0177542 0.00942253 0.0103518 0.0127984 0.0356951 0.0163128 0.0088464 0.0103475 0.00948772 0.0153913 0.0104801 0.00835636 0.00812457 0.00869127 0.0107999 0.00901115 0.00846961 0.009864 0.00972003 0.00817216 0.00813573 0.0081733 0.00855518 0.00807568 0.00799363 
0.0103917 0.010515 0.00841072 0.00860489 0.00901945 0.00857133 0.0087323 0.0106373 0.0104262 0.00875535 0.00948799 0.00890385 0.00978628 0.00900957 0.0219939 0.0140363 0.00927771 0.0119266 0.011678 0.0196584 0.00900152 0.00476902 0.00378273 0.00445478 0.00426546 0.999631 0 0.00368933 0.00357129 0.00365776 0.0045622 0.126238 0.0116463 0.0123611 0.0117815 0.021015 0.0193732 0.00933325 0.0108637 0.0106354 0.0201619 0.00860923 0.00864088 0.00871665 0.00991108 0.00999134 0.00886945 0.0089131 0.0115883 0.0085256 0.00832275 0.00839199 0.00869335 0.00880288 0.00823939 0.00834213 
0.00871037 0.00849905 0.0123329 0.0107499 0.0152692 0.0119257 0.00937948 0.00894802 0.00918552 0.0118807 0.0109387 0.0187947 0.0106145 0.0171527 0.00940909 0.0115051 0.0260952 0.00943276 0.0178749 0.0101452 0.011052 0.00485817 0.00845494 0.00577003 0.997867 0.004624 0.00368933 0 0.00355143 0.00362678 0.00364511 0.0225745 0.190586 0.0158019 0.0294426 0.0127073 0.0094298 0.0380216 0.0124093 0.0248823 0.0108067 0.00945914 0.00850751 0.00915301 0.00853219 0.0129756 0.0125374 0.0117138 0.00881238 0.00837498 0.00902447 0.00908759 0.0084127 0.00808059 0.00832524 0.00824466 
0.00837153 0.00872947 0.0101482 0.0190125 0.026621 0.0278809 0.0102177 0.00880014 0.00907862 0.0105954 0.0334614 0.0174435 0.0343342 0.0100359 0.00978095 0.0129878 0.0116008 0.0175318 0.00940347 0.00963504 0.00833136 0.00656858 0.00605527 0.950623 0.0120889 0.00407824 0.00357129 0.00355143 0 0.003548 0.00353881 0.0210945 0.0230428 0.207473 0.0266884 0.0188994 0.0102437 0.0109836 0.066907 0.0165239 0.0112981 0.00852863 0.00963294 0.00878979 0.00856963 0.0103546 0.0179767 0.0138724 0.00973807 0.00853304 0.00978205 0.0101698 0.00858492 0.00819842 0.00832947 0.0082193 
0.00862196 0.00880984 0.0110842 0.0119816 0.0182528 0.0149293 0.0150518 0.00948667 0.00938238 0.0159562 0.0139637 0.0209616 0.0124585 0.0204941 0.0102963 0.0110398 0.0245454 0.019464 0.0123293 0.0102884 0.0111813 0.00896542 0.955768 0.024707 0.0110538 0.00399745 0.00365776 0.00362678 0.003548 0 0.00362964 0.0111404 0.0554231 0.0412959 0.288662 0.0362314 0.0107311 0.0221167 0.0183311 0.0770766 0.0147534 0.00907342 0.00969927 0.0100247 0.00879368 0.0105695 0.015916 0.0323684 0.0117947 0.00890755 0.0105474 0.0124559 0.00975265 0.00812199 0.00838666 0.00815479 
0.0101387 0.0101433 0.00875252 0.0093374 0.00978143 0.00930518 0.00964443 0.0104528 0.0132779 0.00939707 0.0108139 0.0101251 0.0100826 0.0103721 0.0139237 0.0194136 0.0105719 0.0126556 0.0174143 0.0135365 0.014963 0.941852 0.0390072 0.00744605 0.0057365 0.00462626 0.0045622 0.00364511 0.00353881 0.00362964 0 0.0206054 0.0138624 0.0216489 0.0837005 0.351868 0.0139415 0.0108936 0.0111472 0.0169576 0.0401005 0.0115459 0.00849616 0.00861642 0.0097811 0.0133739 0.00953797 0.0118554 0.0163297 0.0110158 0.00887634 0.00902209 0.00970185 0.00859613 0.00812839 0.00820395 
0.00981286 0.010261 0.00847113 0.00868972 0.00898727 0.0086778 0.00835423 0.0100022 0.0103158 0.0085139 0.00922552 0.00865187 0.00951389 0.00864687 0.0169987 0.0124985 0.00887293 0.0108046 0.0109087 0.0189091 0.0147787 0.0825355 0.0120435 0.0195525 0.0102588 0.0177542 0.126238 0.0225745 0.0210945 0.0111404 0.0206054 0 0.00497168 0.00358522 0.00367261 0.00416433 0.589483 0.0104213 0.018554 0.0117263 0.0306743 0.0110931 0.00988126 0.00919981 0.0142115 0.0236214 0.0122375 0.00946765 0.016063 0.00965889 0.0087907 0.00862206 0.0106859 0.00933702 0.00847762 0.00838549 
0.00934028 0.00867756 0.0107787 0.0109937 0.0142136 0.0106789 0.00958645 0.00880134 0.00980331 0.011805 0.0123203 0.0205906 0.0116064 0.0162591 0.00908406 0.0150865 0.0267602 0.00947903 0.0166327 0.011166 0.0142252 0.0156157 0.149467 0.0109994 0.0331406 0.00942253 0.0116463 0.190586 0.0230428 0.0554231 0.0138624 0.00497168 0 0.00358222 0.00363156 0.00371468 0.025305 0.765476 0.0127384 0.0572902 0.0112693 0.0189769 0.00984344 0.0123945 0.00950596 0.121411 0.0332841 0.0208054 0.0100947 0.0110832 0.0133218 0.011908 0.00916907 0.00823097 0.00930893 0.00858839 
0.00829881 0.00936669 0.0115895 0.0211909 0.0276398 0.0244563 0.00984828 0.00870312 0.00888417 0.0143082 0.0429233 0.0308895 0.0514337 0.0108 0.0101295 0.0137658 0.0170021 0.0273725 0.00971628 0.0109342 0.00892761 0.0189491 0.0186434 0.157054 0.0120888 0.0103518 0.0123611 0.0158019 0.207473 0.0412959 0.0216489 0.00358522 0.00358222 0 0.00363198 0.00355711 0.0430824 0.0174628 0.760719 0.0218026 0.0186189 0.00935475 0.0269246 0.0111883 0.00947742 0.0169533 0.198155 0.0212656 0.0143685 0.010434 0.0197711 0.0167671 0.010263 0.00882619 0.00895183 0.00842712 
0.00859153 0.00939643 0.0117407 0.0153253 0.0260341 0.0202356 0.0145394 0.00914936 0.00925489 0.0136766 0.0278873 0.0366361 0.0241062 0.0295053 0.0107005 0.0132019 0.0286198 0.0307496 0.0122505 0.0122114 0.0112008 0.0136908 0.0491991 0.023613 0.0730123 0.0127984 0.0117815 0.0294426 0.0266884 0.288662 0.0837005 0.00367261 0.00363156 0.00363198 0 0.003593 0.014599 0.104253 0.0435759 0.796294 0.0259919 0.0115308 0.0119185 0.0381058 0.00980102 0.0211898 0.0355738 0.30197 0.0240207 0.0108921 0.0239075 0.040953 0.0165674 0.00862149 0.00981763 0.00863515 
0.0108319 0.010877 0.00913074 0.0105843 0.0114634 0.0105307 0.010182 0.0111426 0.0113953 0.0103563 0.0124752 0.0131366 0.0104964 0.0134621 0.0164151 0.0205505 0.0134435 0.0144513 0.0225523 0.0137986 0.0156082 0.032482 0.0149957 0.0142087 0.0157638 0.0356951 0.021015 0.0127073 0.0188994 0.0362314 0.351868 0.00416433 0.00371468 0.00355711 0.003593 0 0.029525 0.0209152 0.0428743 0.0857248 0.77943 0.0164532 0.00994358 0.0125085 0.0239515 0.0242219 0.0158733 0.0335036 0.156906 0.0161615 0.0116281 0.0157763 0.0258135 0.0101856 0.0087172 0.00968929 
0.00896396 0.00938623 0.00834955 0.00862067 0.00916188 0.00878516 0.00851001 0.0092722 0.00901329 0.008398 0.00931434 0.00870274 0.0094137 0.0085701 0.0137831 0.0105702 0.00864722 0.0103846 0.00932629 0.0129743 0.00980946 0.0311494 0.0100062 0.0157893 0.00903616 0.0163128 0.0193732 0.0094298 0.0102437 0.0107311 0.0139415 0.589483 0.025305 0.0430824 0.014599 0.029525 0 0.00504267 0.00374516 0.00366205 0.00403459 0.0305204 0.0151147 0.0096161 0.0161146 0.0238138 0.0205953 0.0107852 0.0263545 0.0125975 0.00974188 0.00955834 0.011955 0.0101855 0.00889059 0.00910151 
0.0088806 0.00834263 0.00968488 0.0095061 0.0118125 0.00968828 0.00875344 0.00857612 0.00877484 0.00967372 0.0101625 0.0156768 0.00946995 0.0137958 0.00850268 0.0105016 0.0203038 0.00897507 0.0144158 0.00866223 0.011575 0.0138186 0.0782959 0.0104193 0.0444479 0.0088464 0.00933325 0.0380216 0.0109836 0.0221167 0.0108936 0.0104213 0.765476 0.0174628 0.104253 0.0209152 0.00504267 0 0.00355313 0.00360048 0.00360884 0.386791 0.0153159 0.0245669 0.0095254 0.0746481 0.0353211 0.0405332 0.0103716 0.0139776 0.0194723 0.0164485 0.00981297 0.00839365 0.00999187 0.00940988 
0.00830528 0.00898971 0.00962185 0.0124024 0.0166847 0.014804 0.00938313 0.00843608 0.00870817 0.00994694 0.0247629 0.0155026 0.0249547 0.00990277 0.00977979 0.012688 0.0120056 0.0180232 0.00895333 0.00989606 0.00864695 0.0194746 0.0143891 0.173106 0.010101 0.0103475 0.0108637 0.0124093 0.066907 0.0183311 0.0111472 0.018554 0.0127384 0.760719 0.0435759 0.0428743 0.00374516 0.00355313 0 0.00355649 0.0035854 0.0155908 0.466306 0.0140776 0.0144864 0.0164083 0.12546 0.0262695 0.0181513 0.0118349 0.0344943 0.0249648 0.011677 0.00920822 0.0093807 0.00872104 
0.00854465 0.00883344 0.00969409 0.011111 0.0141419 0.0122204 0.00966989 0.00874363 0.00861212 0.0112117 0.015311 0.0205049 0.014199 0.0156297 0.00891231 0.0112084 0.0211422 0.0139978 0.0108766 0.00941665 0.0107732 0.0131551 0.0490681 0.0156594 0.0408068 0.00948772 0.0106354 0.0248823 0.0165239 0.0770766 0.0169576 0.0117263 0.0572902 0.0218026 0.796294 0.0857248 0.00366205 0.00360048 0.00355649 0 0.00359857 0.0236953 0.0180262 0.571598 0.0144685 0.0293191 0.0362839 0.213616 0.0254922 0.0134229 0.0336116 0.0604135 0.0200796 0.00923495 0.0119766 0.00952687 
0.00998406 0.0102837 0.00867124 0.00883987 0.00933081 0.0092389 0.00860131 0.00933499 0.0105424 0.00918441 0.0102217 0.00936085 0.00915764 0.00893026 0.00963221 0.0178926 0.00959331 0.0105076 0.0106407 0.0128127 0.010322 0.0368751 0.0107909 0.0121652 0.0100057 0.0153913 0.0201619 0.0108067 0.0112981 0.0147534 0.0401005 0.0306743 0.0112693 0.0186189 0.0259919 0.77943 0.00403459 0.00360884 0.0035854 0.00359857 0 0.0178502 0.0185505 0.0229325 0.48979 0.0219029 0.0154886 0.030095 0.125621 0.0208906 0.0117575 0.0147932 0.0404406 0.0125173 0.00883863 0.00974913 
0.0100701 0.00832194 0.00819142 0.00814009 0.00830868 0.00815323 0.0080366 0.0086147 0.00864864 0.00805583 0.00822516 0.00836776 0.0081824 0.0084618 0.00865997 0.00845978 0.00824421 0.00829387 0.0138251 0.00819843 0.0125328 0.00963998 0.00980775 0.00845248 0.0103225 0.0104801 0.00860923 0.00945914 0.00852863 0.00907342 0.0115459 0.0110931 0.0189769 0.00935475 0.0115308 0.0164532 0.0305204 0.386791 0.0155908 0.0236953 0.0178502 0 0.00379819 0.00376692 0.0110196 0.0132191 0.0114805 0.0186243 0.0590638 0.0173501 0.0097419 0.0104242 0.0138969 0.00913395 0.00915781 0.0150708 
0.00810187 0.00818208 0.00829809 0.00834402 0.00853911 0.00836746 0.00818573 0.00802542 0.008098 0.00821836 0.00854183 0.008422 0.00853756 0.00828288 0.00837717 0.00820751 0.0083101 0.00891906 0.00813896 0.00847152 0.00817581 0.00896949 0.00871412 0.0119693 0.00849581 0.00835636 0.00864088 0.00850751 0.00963294 0.00969927 0.00849616 0.00988126 0.00984344 0.0269246 0.0119185 0.00994358 0.0151147 0.0153159 0.466306 0.0180262 0.0185505 0.00379819 0 0.00385864 0.00356933 0.0100102 0.0372295 0.039859 0.0113171 0.00993266 0.0178431 0.0117372 0.00925474 0.00886042 0.0095025 0.00840879 
0.00809762 0.00810023 0.00819015 0.00831581 0.00863598 0.00844624 0.00818558 0.00798271 0.00815458 0.00827493 0.00844239 0.00855541 0.00833291 0.00842148 0.00805937 0.00823265 0.0085587 0.00830505 0.00820599 0.00809074 0.00824357 0.00913711 0.0100284 0.00859214 0.0091562 0.00812457 0.00871665 0.00915301 0.00878979 0.0100247 0.00861642 0.00919981 0.0123945 0.0111883 0.0381058 0.0125085 0.0096161 0.0245669 0.0140776 0.571598 0.0229325 0.00376692 0.00385864 0 0.00354474 0.01391 0.0492594 0.0410196 0.0103081 0.0110139 0.0134068 0.0242782 0.0097672 0.00948823 0.00908674 0.00838581 
0.00919295 0.00828948 0.00803906 0.00805988 0.00818623 0.00812435 0.00799883 0.00816048 0.00841038 0.00806114 0.0085209 0.00822444 0.00815843 0.00809549 0.00825084 0.00894401 0.00811638 0.00833786 0.00886357 0.00834515 0.00861905 0.0124935 0.00861797 0.00875837 0.00866746 0.00869127 0.00991108 0.00853219 0.00856963 0.00879368 0.0097811 0.0142115 0.00950596 0.00947742 0.00980102 0.0239515 0.0161146 0.0095254 0.0144864 0.0144685 0.48979 0.0110196 0.00356933 0.00354474 0 0.0402507 0.0118707 0.010377 0.0225835 0.0154851 0.0105633 0.00998814 0.0168277 0.0112301 0.00865352 0.00904259 
0.0103198 0.00871043 0.00888077 0.00915646 0.0101141 0.00896849 0.00848931 0.00885739 0.00911774 0.00863807 0.00921415 0.0104015 0.00883643 0.00952791 0.00910234 0.00954584 0.00978419 0.00875258 0.0132084 0.00865624 0.0124263 0.0144663 0.0190938 0.00965457 0.0117739 0.0107999 0.00999134 0.0129756 0.0103546 0.0105695 0.0133739 0.0236214 0.121411 0.0169533 0.0211898 0.0242219 0.0238138 0.0746481 0.0164083 0.0293191 0.0219029 0.0132191 0.0100102 0.01391 0.0402507 0 0.00369313 0.0036772 0.00390038 0.737532 0.0236537 0.0242431 0.0187452 0.0223223 0.0136172 0.0236974 
0.0083353 0.00852644 0.00903648 0.00920164 0.0105958 0.00962279 0.00870857 0.00827809 0.0085631 0.00879442 0.0105276 0.00998944 0.010229 0.00900297 0.00879882 0.00962047 0.00974175 0.0102991 0.00861465 0.00880552 0.00843101 0.0128268 0.0131224 0.0290971 0.00952354 0.00901115 0.00886945 0.0125374 0.0179767 0.015916 0.00953797 0.0122375 0.0332841 0.198155 0.0355738 0.0158733 0.0205953 0.0353211 0.12546 0.0362839 0.0154886 0.0114805 0.0372295 0.0492594 0.0118707 0.00369313 0 0.00358589 0.00363568 0.101837 0.828058 0.0247572 0.0202882 0.0115975 0.0267809 0.00972346 
0.00835277 0.00848947 0.00868471 0.00928354 0.0107774 0.0106527 0.009105 0.0084406 0.0083967 0.00884843 0.0105897 0.011303 0.00945327 0.0102785 0.00829597 0.0104189 0.0115659 0.00959145 0.0093102 0.00845553 0.00884679 0.0104503 0.0196627 0.0111139 0.016687 0.00846961 0.0089131 0.0117138 0.0138724 0.0323684 0.0118554 0.00946765 0.0208054 0.0212656 0.30197 0.0335036 0.0107852 0.0405332 0.0262695 0.213616 0.030095 0.0186243 0.039859 0.0410196 0.010377 0.0036772 0.00358589 0 0.00369565 0.045154 0.0533906 0.816515 0.035535 0.0126392 0.0231647 0.0142587 
0.00914408 0.00893239 0.00840009 0.00855932 0.00902885 0.00896914 0.00845146 0.00869844 0.00872011 0.00835565 0.00898159 0.00870695 0.00853921 0.00859835 0.00912989 0.0101143 0.00851748 0.00923673 0.00948744 0.00910822 0.00862595 0.0170234 0.0091152 0.0100056 0.00871423 0.009864 0.0115883 0.00881238 0.00973807 0.0117947 0.0163297 0.016063 0.0100947 0.0143685 0.0240207 0.156906 0.0263545 0.0103716 0.0181513 0.0254922 0.125621 0.0590638 0.0113171 0.0103081 0.0225835 0.00390038 0.00363568 0.00369565 0 0.0183363 0.0404048 0.0823031 0.799168 0.0179027 0.0120249 0.0150595 
0.00888373 0.00838201 0.00827209 0.00834084 0.00852951 0.00845612 0.00823232 0.00826644 0.00862114 0.00812514 0.00847137 0.00850795 0.00834618 0.00835079 0.00850858 0.00878162 0.00830418 0.00840174 0.0085019 0.00828875 0.00877616 0.00978038 0.0087456 0.00865771 0.00871833 0.00972003 0.0085256 0.00837498 0.00853304 0.00890755 0.0110158 0.00965889 0.0110832 0.010434 0.0108921 0.0161615 0.0125975 0.0139776 0.0118349 0.0134229 0.0208906 0.0173501 0.00993266 0.0110139 0.0154851 0.737532 0.101837 0.045154 0.0183363 0 0.00364055 0.00359205 0.00371141 0.480274 0.0148156 0.0559213 
0.00823262 0.00820296 0.00861838 0.0087712 0.00930886 0.00924242 0.00845841 0.00828744 0.00826114 0.00852363 0.00915987 0.00912797 0.00889251 0.0086148 0.00823978 0.00861861 0.00883448 0.00873539 0.00837455 0.00827475 0.0081674 0.00907518 0.0100368 0.0105106 0.00899736 0.00817216 0.00832275 0.00902447 0.00978205 0.0105474 0.00887634 0.0087907 0.0133218 0.0197711 0.0239075 0.0116281 0.00974188 0.0194723 0.0344943 0.0336116 0.0117575 0.0097419 0.0178431 0.0134068 0.0105633 0.0236537 0.828058 0.0533906 0.0404048 0.00364055 0 0.00370548 0.0035543 0.0566624 0.51094 0.0110354 
0.00823328 0.00832441 0.00838637 0.00859227 0.00901353 0.00885193 0.008335 0.00806989 0.00823811 0.00838502 0.00887172 0.00895698 0.00868649 0.008626 0.00803599 0.00842591 0.00901045 0.00861453 0.00826876 0.00809838 0.00824958 0.00909758 0.0101604 0.00976839 0.00918228 0.00813573 0.00839199 0.00908759 0.0101698 0.0124559 0.00902209 0.00862206 0.011908 0.0167671 0.040953 0.0157763 0.00955834 0.0164485 0.0249648 0.0604135 0.0147932 0.0104242 0.0117372 0.0242782 0.00998814 0.0242431 0.0247572 0.816515 0.0823031 0.00359205 0.00370548 0 0.00356063 0.0517217 0.13759 0.222335 
0.00861185 0.00831722 0.00823062 0.00834091 0.00859336 0.00838691 0.00815691 0.00818782 0.00823336 0.00812532 0.00844934 0.00840281 0.00829757 0.0082258 0.00820114 0.00887766 0.00825898 0.00839716 0.00851172 0.00828926 0.00820352 0.00936028 0.00865024 0.00858643 0.00865642 0.0081733 0.00869335 0.0084127 0.00858492 0.00975265 0.00970185 0.0106859 0.00916907 0.010263 0.0165674 0.0258135 0.011955 0.00981297 0.011677 0.0200796 0.0404406 0.0138969 0.00925474 0.0097672 0.0168277 0.0187452 0.0202882 0.035535 0.799168 0.00371141 0.0035543 0.00356063 0 0.0166582 0.0245598 0.167322 
0.00894451 0.00882902 0.00821551 0.00822311 0.0082878 0.0082048 0.00816732 0.00822564 0.00846082 0.0080695 0.00827815 0.0083035 0.00822012 0.00813533 0.00848329 0.0084719 0.00805719 0.0083855 0.00825752 0.00845314 0.00830851 0.00985501 0.00810082 0.00853274 0.00809824 0.00855518 0.00880288 0.00808059 0.00819842 0.00812199 0.00859613 0.00933702 0.00823097 0.00882619 0.00862149 0.0101856 0.0101855 0.00839365 0.00920822 0.00923495 0.0125173 0.00913395 0.00886042 0.00948823 0.0112301 0.0223223 0.0115975 0.0126392 0.0179027 0.480274 0.0566624 0.0517217 0.0166582 0 0.00378678 0.0040069 
0.00837117 0.00836979 0.00831216 0.00827885 0.00839975 0.00835157 0.00822077 0.00807212 0.00820241 0.00821215 0.00830545 0.00836465 0.00822208 0.00835863 0.00818473 0.00820956 0.00824479 0.00825732 0.00809713 0.00808826 0.00804469 0.00844558 0.00844429 0.00832534 0.00824444 0.00807568 0.00823939 0.00832524 0.00832947 0.00838666 0.00812839 0.00847762 0.00930893 0.00895183 0.00981763 0.0087172 0.00889059 0.00999187 0.0093807 0.0119766 0.00883863 0.00915781 0.0095025 0.00908674 0.00865352 0.0136172 0.0267809 0.0231647 0.0120249 0.0148156 0.51094 0.13759 0.0245598 0.00378678 0 0.00354329 
0.00918003 0.00839028 0.00829502 0.00826406 0.00836279 0.00831851 0.00809409 0.00816156 0.00827439 0.00810956 0.00822362 0.00821592 0.00807659 0.00811383 0.00799481 0.00819733 0.00809349 0.00801662 0.0085214 0.00802335 0.00856716 0.00847199 0.00827555 0.00818418 0.00835112 0.00799363 0.00834213 0.00824466 0.0082193 0.00815479 0.00820395 0.00838549 0.00858839 0.00842712 0.00863515 0.00968929 0.00910151 0.00940988 0.00872104 0.00952687 0.00974913 0.0150708 0.00840879 0.00838581 0.00904259 0.0236974 0.00972346 0.0142587 0.0150595 0.0559213 0.0110354 0.222335 0.167322 0.0040069 0.00354329 0 
