1NZHA
PPAQLSVHTVSWNSGHERAPTNLEELLGLNSGETPDVIAVAVQGFGFQTDKPQQGPACVKNFQSLLTSKGYTKLKNTITETMGLTVYCLEKHLDQNTLKNETIIVTVDDQKKSGGIVTSFTIYNKRFSFTTSRMSDEDVTSTNTKYAYDTRLDYSKKDDPSDFLFWIGDLNVRVETNATHAKSLVDQNNIDGLMAFDQLKKAKEQKLFDGWTEPQVTFKPTYKFKPNTDEYDLSATPSWTDRALYKSGTGKTIQPLSYNSLTNYKQTEHRPVLAKFRVTL
CCCEEEEEEEEEEEECCCCCCCHHHHHCCCCCCCCCEEEEEEEECCCCCCCCCHHHHHHHHHHHHHHHCCEEEEEEEECCCEEEEEEEEHHHCCCCCCCCEEEEEECCCCCCCEEEEEEEEECCEEEEEEEEECCCCCCCCCCCCCCCCHHHCCCCCCCCCCEEEEEECCCCCECCCHHHHHHHHHCCCHHHHHCCECHHHHHHCCCCCCCECCCCCCCCCECECCCCCCECCCCCCECCCEEEEECCCCCCEEEEEEEECCCCCCCCCCCEEEEEEEEC
0 0 0 0 0 0 0 0 0 0 0 0 0 0 0 0 0 0 0 0 0 0 0 0 0 0 0 0 0 0 0 0 0 0 0 0 0 0 0 0 0 0 0 0 0 0 0 0 0 0 0 0 0 0 0 0 0 0 0 0 0 0 0 0 0 0 0 0 0 0 0 0 0 0 0 0 0 0 0 0 0 0 0 0 0 0 0 0 0 0 0 0 0 0 0 0 0 0 0 0 0 0 0 0 0 0 0 0 0 0 0 0 0 0 0 0 0 0 0 0 0 0 0 0 0 0 0 0 0 0 0 0 0 0 0 0 0 0 0 0 0 0 0 0 0 0 0 0 0 0 0 0 0 0 0 0 0 0 0 0 0 0 0 0 0 0 0 0 0 0 0 0 0 0 0 0 0 0 0 0 0 0 0 0 0 0 0 0 0 0 0 0 0 0 0 0 0 0 0 0 0 0 0 0 0 0 0 0 0 0 0 0 0 0 0 0 0 0 0 0 0 0 0 0 0 0 0 0 0 0 0 0 0 0 0 0 0 0 0 0 0 0 0 0 0 0 0 0 0 0 0 0 0 0 0 0 0 0 0 0 0 0 0 0 0 0 0 0 0 0 0 0 0 0 0 0 0 0 0 0 
0 0 0 0 0 0 0 0 0 0 0 0 0 0 0 0 0 0 0 0 0 0 0 0 0 0 0 0 0 0 0 0 0 0 0 0 0 0 0 0 0 0 0 0 0 0 0 0 0 0 0 0 0 0 0 0 0 0 0 0 0 0 0 0 0 0 0 0 0 0 0 0 0 0 0 0 0 0 0 0 0 0 0 0 0 0 0 0 0 0 0 0 0 0 0 0 0 0 0 0 0 0 0 0 0 0 0 0 0 0 0 0 0 0 0 0 0 0 0 0 0 0 0 0 0 0 0 0 0 0 0 0 0 0 0 0 0 0 0 0 0 0 0 0 0 0 0 0 0 0 0 0 0 0 0 0 0 0 0 0 0 0 0 0 0 0 0 0 0 0 0 0 0 0 0 0 0 0 0 0 0 0 0 0 0 0 0 0 0 0 0 0 0 0 0 0 0 0 0 0 0 0 0 0 0 0 0 0 0 0 0 0 0 0 0 0 0 0 0 0 0 0 0 0 0 0 0 0 0 0 0 0 0 0 0 0 0 0 0 0 0 0 0 0 0 0 0 0 0 0 0 0 0 0 0 0 0 0 0 0 0 0 0 0 0 0 0 0 0 0 0 0 0 0 0 0 0 0 0 0 
0 0.00368887 0.00356248 0.00354393 0.00369043 0.00369098 0.00363466 0.00472734 0.00530133 0.00657269 0.00627193 0.0192469 0.0429495 0.0165066 0.0150508 0.0130607 0.00974813 0.0100748 0.0106036 0.0195635 0.0107244 0.00897223 0.00977068 0.00871778 0.00917593 0.0087422 0.00860621 0.0148376 0.00979428 0.00943245 0.00889288 0.00995074 0.00898513 0.00953544 0.00955869 0.0115046 0.010158 0.00828125 0.00836643 0.00898517 0.00840064 0.0119035 0.00876762 0.0085625 0.00846829 0.00873492 0.00850052 0.00876648 0.00835225 0.00914012 0.00922173 0.00842416 0.00834718 0.00826031 0.00878741 0.00840748 0.00859658 0.00830172 0.00823738 0.00915614 0.00845255 0.00827846 0.00830997 0.00827967 0.00814622 0.00843794 0.00882394 0.00845992 0.00869323 0.00851762 0.00881239 0.0088455 0.00828326 0.00845807 0.00831164 0.0082527 0.00831685 0.0086502 0.00830539 0.0081923 0.00816297 0.00816627 0.00822804 0.0081911 0.00819011 0.00835356 0.00833134 0.00836216 0.00845943 0.00836378 0.00838112 0.008688 0.00839698 0.00929354 
0.00368887 0 0.00353175 0.00354341 0.00357549 0.00360411 0.00357448 0.00370956 0.00468191 0.00483542 0.00992932 0.00642467 0.0391218 0.0690556 0.0250885 0.0190135 0.0195891 0.0113774 0.0170156 0.0106034 0.011286 0.0109355 0.00870858 0.0160968 0.00886025 0.00957649 0.0142448 0.00890901 0.00987642 0.0117911 0.0200544 0.0122908 0.0245864 0.012254 0.013537 0.00911422 0.00823418 0.00998529 0.00883177 0.00882859 0.0114954 0.00859939 0.00872657 0.00982367 0.0103465 0.0103933 0.0119906 0.00934067 0.0130771 0.00872186 0.00955998 0.00842179 0.00847565 0.0100684 0.0092417 0.0119534 0.009667 0.00939242 0.0091267 0.00830551 0.00850392 0.00908005 0.00940552 0.00886488 0.0086538 0.00816797 0.00892656 0.00808382 0.00800443 0.00830377 0.00892851 0.00881026 0.00804278 0.00824133 0.00854172 0.00838656 0.00835172 0.0082329 0.00857688 0.0081545 0.00822577 0.00826436 0.00820732 0.00835283 0.00819223 0.0082133 0.00833333 0.00841247 0.00850006 0.00842392 0.00856795 0.00836113 0.00887315 0.00835124 
0.00356248 0.00353175 0 0.00353162 0.00355212 0.0035989 0.0035428 0.0040562 0.00373122 0.00772214 0.00479744 0.0062525 0.0300132 0.0464139 0.0640822 0.0371873 0.0275813 0.0453462 0.0108044 0.00965254 0.00884143 0.00959765 0.0205136 0.00944503 0.0187476 0.0159873 0.00892775 0.00988203 0.00910687 0.0215229 0.0199798 0.0600371 0.0213347 0.0608471 0.0105866 0.00891365 0.00899523 0.00860373 0.0115586 0.0145664 0.00849062 0.00901578 0.0085179 0.0108251 0.0131043 0.0205372 0.0147023 0.0197477 0.011999 0.0122265 0.00845974 0.0081995 0.0102806 0.0104725 0.017714 0.0125265 0.0133916 0.0124248 0.00919471 0.00849714 0.00855369 0.00991337 0.0104842 0.0106484 0.00889697 0.00832452 0.00807679 0.00800451 0.00801616 0.00832027 0.00814928 0.00807505 0.00809545 0.00846324 0.00866309 0.00874568 0.0085158 0.00830247 0.00825815 0.00818899 0.00823643 0.00825606 0.00821249 0.0082684 0.00819256 0.00816918 0.00850467 0.00856054 0.00878276 0.00855908 0.00885137 0.00853279 0.00841532 0.00867025 
0.00354393 0.00354341 0.00353162 0 0.00354116 0.00360773 0.00358518 0.00360528 0.00591366 0.00386873 0.00445508 0.00508137 0.0797926 0.050253 0.0767895 0.0575644 0.059002 0.0275283 0.0163255 0.00969153 0.00978298 0.0114339 0.0108302 0.023477 0.0136936 0.0133435 0.0123621 0.00873386 0.0111507 0.0165364 0.0622351 0.0327329 0.0852452 0.0350452 0.0152356 0.0117506 0.00839019 0.0103258 0.0144896 0.0111629 0.0121915 0.00862606 0.00934505 0.0113973 0.0230899 0.0220723 0.0310089 0.0164698 0.0279732 0.0101098 0.0094914 0.00856721 0.00945649 0.0191245 0.0152964 0.0219847 0.0163031 0.0137735 0.0113375 0.00877896 0.00907407 0.0104473 0.0133893 0.0110807 0.00979313 0.0089319 0.0082768 0.00806215 0.00801684 0.00829448 0.00816568 0.00814941 0.00808194 0.00854308 0.00896143 0.00888478 0.00866499 0.00823826 0.00830832 0.00822929 0.00831286 0.00832566 0.00827103 0.00851596 0.00823919 0.00837684 0.00844678 0.00884592 0.0088056 0.00869365 0.00869295 0.00855996 0.00851731 0.00848894 
0.00369043 0.00357549 0.00355212 0.00354116 0 0.0035455 0.00357914 0.00371946 0.00357159 0.00403775 0.00368302 0.00444381 0.0302177 0.112709 0.0676529 0.0799877 0.0465476 0.0356782 0.014238 0.0111652 0.00915954 0.0104639 0.0198252 0.0145957 0.0177684 0.0159306 0.0101082 0.0102425 0.0100409 0.0306698 0.0342316 0.074763 0.0440281 0.0572414 0.0165877 0.00985362 0.00874335 0.0094481 0.0130721 0.0157947 0.00916231 0.00914356 0.00907218 0.0140658 0.0181816 0.0320682 0.0235955 0.0259304 0.0177305 0.0123705 0.00895864 0.00872797 0.0106168 0.0148692 0.0208538 0.0179848 0.0165874 0.014016 0.0105724 0.00881915 0.0089166 0.0120361 0.0116491 0.0117336 0.00918233 0.00880459 0.0083556 0.00805995 0.0080196 0.00841777 0.00813833 0.00808424 0.00808002 0.00845214 0.00867689 0.00876073 0.00860122 0.00825749 0.00826364 0.00824035 0.00828873 0.00832545 0.00823771 0.00832518 0.00823975 0.0081837 0.00842062 0.00865493 0.008805 0.00864182 0.00869978 0.00853518 0.00847886 0.00851658 
0.00369098 0.00360411 0.0035989 0.00360773 0.0035455 0 0.00366505 0.00355154 0.00355378 0.00356962 0.00362383 0.00382684 0.0478166 0.0448419 0.16114 0.0415693 0.0466696 0.0339226 0.0157491 0.011189 0.00941177 0.0118704 0.018707 0.0142804 0.0151671 0.0143786 0.0115214 0.00965622 0.0111451 0.0205361 0.0521458 0.0451888 0.0498241 0.0505653 0.0161699 0.00967342 0.00889669 0.00921102 0.0129448 0.0130275 0.0107243 0.0089301 0.00976848 0.0120473 0.0249563 0.0248112 0.026317 0.0207694 0.0218462 0.0112839 0.00907078 0.0090264 0.0102694 0.0170429 0.0195163 0.0201395 0.0156342 0.0147994 0.00995603 0.00894959 0.00908525 0.0101839 0.0121689 0.0116689 0.00936957 0.00878283 0.0081765 0.00803824 0.00804226 0.00827124 0.00814731 0.00809357 0.00823941 0.00842981 0.00876447 0.00888515 0.00863675 0.00823254 0.00831998 0.00819859 0.00844067 0.00833041 0.00825419 0.00834591 0.00822793 0.00819794 0.00841142 0.00866466 0.00893542 0.00862267 0.00863983 0.00852791 0.00841225 0.00888211 
0.00363466 0.00357448 0.0035428 0.00358518 0.00357914 0.00366505 0 0.00353437 0.00355532 0.00354509 0.00355744 0.00373731 0.0266207 0.071206 0.0467095 0.0866652 0.0298438 0.0336504 0.0167966 0.00999411 0.00949169 0.018212 0.0114306 0.0183808 0.0118204 0.0139057 0.0117766 0.00888017 0.010523 0.0215032 0.04351 0.0349642 0.0611269 0.0449384 0.0143684 0.00917862 0.00825251 0.00953278 0.0114945 0.0117254 0.00950991 0.00867105 0.00897333 0.0130693 0.0170234 0.0227407 0.0244674 0.0165331 0.0227613 0.00977186 0.00898749 0.00863167 0.00928149 0.0158229 0.0165562 0.0184823 0.0163662 0.0126935 0.00981124 0.00892656 0.0086177 0.00974112 0.0112729 0.0108578 0.00932776 0.0086568 0.00832837 0.00804492 0.00798312 0.00821574 0.00809629 0.0080542 0.00804498 0.00828474 0.00877997 0.00874621 0.00853288 0.00817209 0.00821385 0.00815503 0.00826131 0.00825105 0.00822685 0.00827567 0.00818406 0.00817523 0.00829328 0.00854418 0.00867817 0.00850625 0.00851304 0.0083877 0.00834006 0.00834347 
0.00472734 0.00370956 0.0040562 0.00360528 0.00371946 0.00355154 0.00353437 0 0.00353009 0.00357819 0.00355006 0.00357504 0.0313784 0.03642 0.0811983 0.032107 0.0897508 0.0244006 0.0164673 0.0100461 0.0125307 0.00996089 0.0198629 0.0108765 0.0174273 0.014391 0.00933279 0.00921455 0.0105829 0.020315 0.025207 0.0668274 0.0356191 0.0520816 0.0118202 0.00902224 0.00881576 0.00866991 0.0116176 0.0117746 0.00887345 0.00877099 0.00889328 0.0112321 0.0160507 0.0240306 0.0174475 0.022811 0.0145075 0.0123549 0.00868303 0.00878768 0.00997631 0.012712 0.0185936 0.0164815 0.0139243 0.0145433 0.00941763 0.0085873 0.00865744 0.0103161 0.0114116 0.0114318 0.00884914 0.00838531 0.0080776 0.00801986 0.00796486 0.00815437 0.00811527 0.00804574 0.00803464 0.00841314 0.0091244 0.00900051 0.00853628 0.00824552 0.0082805 0.00813876 0.00831754 0.00821694 0.00819019 0.00831227 0.00817702 0.0082067 0.0083259 0.00868527 0.00885835 0.00855278 0.00855734 0.00843096 0.00833274 0.00850273 
0.00530133 0.00468191 0.00373122 0.00591366 0.00357159 0.00355378 0.00355532 0.00353009 0 0.00353033 0.00355717 0.00355165 0.0242804 0.0585552 0.0519941 0.0665471 0.0381606 0.0690199 0.0133042 0.0106513 0.00913095 0.0109737 0.0107335 0.0172365 0.0117005 0.011223 0.0111851 0.00888077 0.0100118 0.0141307 0.0503321 0.0315294 0.0581515 0.0309676 0.0138218 0.00914369 0.00828376 0.00950691 0.0102031 0.0101624 0.00930014 0.00841785 0.00928547 0.0109995 0.0189621 0.0197944 0.0233765 0.0133099 0.0203266 0.00929047 0.00877601 0.00865859 0.00921986 0.015407 0.0137766 0.0168489 0.0137065 0.0124687 0.00976303 0.00851879 0.00850951 0.00963755 0.0114208 0.0103099 0.00911393 0.00844388 0.00862139 0.00802276 0.00798803 0.00815997 0.00811572 0.00808555 0.00803665 0.00853882 0.00874957 0.0087083 0.00841857 0.00820362 0.00825518 0.00814557 0.00823737 0.00821847 0.00818455 0.00831352 0.0081575 0.00818122 0.00830372 0.00853951 0.00859435 0.00850059 0.00853324 0.0083559 0.00840113 0.00833098 
0.00657269 0.00483542 0.00772214 0.00386873 0.00403775 0.00356962 0.00354509 0.00357819 0.00353033 0 0.00353156 0.00352756 0.0269151 0.0369123 0.0801536 0.0383949 0.0444433 0.0271632 0.0296543 0.0102862 0.00886785 0.00951419 0.0161517 0.0100116 0.0120218 0.0113404 0.00988945 0.00901027 0.00935628 0.0191201 0.0227156 0.0439294 0.0231141 0.0383512 0.0115738 0.00889409 0.00840116 0.00869138 0.0102141 0.012149 0.0089226 0.00866832 0.0086157 0.0111671 0.0206931 0.0173858 0.0157006 0.016875 0.0132676 0.0104196 0.00847665 0.00829648 0.00943307 0.0114141 0.016846 0.0120174 0.013784 0.0117335 0.00948766 0.0087918 0.00870246 0.00960024 0.0102497 0.0102642 0.00867228 0.00845147 0.0080543 0.00801087 0.00795429 0.00813159 0.00806717 0.00802408 0.00801014 0.00835474 0.00884064 0.00864161 0.00843756 0.0081253 0.00828823 0.0081153 0.00834346 0.00816574 0.00818166 0.00825636 0.00813265 0.0081334 0.00828066 0.00845692 0.00862069 0.00843773 0.00841483 0.00833599 0.00827775 0.00830112 
0.00627193 0.00992932 0.00479744 0.00445508 0.00368302 0.00362383 0.00355744 0.00355006 0.00355717 0.00353156 0 0.00378781 0.0151987 0.0564887 0.0287816 0.0273007 0.0180579 0.0210616 0.0267991 0.0124154 0.00938844 0.0112373 0.00894865 0.00932674 0.00905183 0.00899469 0.00956815 0.00884882 0.0101583 0.0116067 0.0140712 0.0117015 0.0137797 0.0121859 0.0115485 0.00869408 0.00840563 0.0089107 0.00860423 0.00856523 0.00886315 0.0084299 0.00878729 0.0103324 0.00944154 0.00984129 0.0100301 0.00921644 0.010008 0.00876142 0.00856664 0.00844733 0.00879758 0.0106084 0.00910961 0.0104091 0.00895226 0.00889423 0.00883187 0.00835547 0.00834698 0.00872584 0.00888419 0.00859721 0.00865468 0.0081257 0.00852875 0.0079394 0.0079775 0.00802222 0.00800515 0.00814207 0.00796008 0.00818742 0.00825787 0.00831824 0.00817911 0.00799252 0.00816632 0.00806103 0.00805875 0.0081035 0.00805479 0.00812571 0.00804437 0.00798516 0.00820967 0.00828999 0.0083087 0.0082509 0.00826856 0.00817533 0.00823098 0.00824968 
0.0192469 0.00642467 0.0062525 0.00508137 0.00444381 0.00382684 0.00373731 0.00357504 0.00355165 0.00352756 0.00378781 0 0.0316178 0.0163619 0.0224251 0.0158153 0.014565 0.0110544 0.0204179 0.047524 0.0149329 0.00878973 0.00862622 0.00874882 0.00854862 0.00869116 0.00865834 0.00943903 0.0131343 0.0101614 0.00996332 0.00986409 0.00953034 0.00984573 0.00941683 0.00896691 0.00934404 0.00874672 0.00844768 0.00854676 0.00847267 0.00885223 0.0101662 0.00908556 0.00894685 0.00892263 0.00885753 0.00871031 0.0087773 0.00853422 0.00865015 0.00875084 0.0082563 0.00859398 0.00879083 0.00855609 0.0085842 0.00833484 0.00825881 0.0085049 0.00864096 0.00820801 0.00821967 0.00836896 0.00807548 0.00816554 0.00887429 0.00826142 0.00838813 0.00838716 0.00840789 0.00885032 0.0082561 0.00821073 0.00816257 0.00813708 0.00805001 0.00804851 0.00823213 0.00804845 0.00808399 0.00806798 0.00806484 0.0081046 0.00799161 0.00810061 0.00846571 0.00821811 0.00832113 0.0082338 0.00827622 0.00824283 0.00826677 0.0083174 
0.0429495 0.0391218 0.0300132 0.0797926 0.0302177 0.0478166 0.0266207 0.0313784 0.0242804 0.0269151 0.0151987 0.0316178 0 0.00374474 0.0036121 0.00366851 0.00359405 0.00370182 0.00415333 0.00890549 0.066187 0.0155234 0.0117645 0.0119965 0.0101282 0.0103238 0.0108486 0.0259866 0.0277889 0.0191764 0.0198966 0.015748 0.0207183 0.0149582 0.0188362 0.0237743 0.0136476 0.0103508 0.0095403 0.00965296 0.00972544 0.0158719 0.0155693 0.0127851 0.0122407 0.0120785 0.0124021 0.0113886 0.0125468 0.0112356 0.0160139 0.0101363 0.00999674 0.0117942 0.0117394 0.0119885 0.0108416 0.0100713 0.0110716 0.0140876 0.0111885 0.00947494 0.00989468 0.00948317 0.00908907 0.0110605 0.0105882 0.00849888 0.00865497 0.00877414 0.00913409 0.0086667 0.00832848 0.00868847 0.00862826 0.00865309 0.00850239 0.00890048 0.00844607 0.00806118 0.00811178 0.00809483 0.00811781 0.00833269 0.00810088 0.00837644 0.00858237 0.00837258 0.0084901 0.00837471 0.00852856 0.00829561 0.00840823 0.00882539 
0.0165066 0.0690556 0.0464139 0.050253 0.112709 0.0448419 0.071206 0.03642 0.0585552 0.0369123 0.0564887 0.0163619 0.00374474 0 0.00358208 0.00364097 0.00360929 0.00371769 0.0037738 0.0048131 0.0394644 0.0613771 0.0154465 0.0147579 0.0145691 0.014141 0.0194153 0.0125362 0.0195832 0.0577557 0.0361829 0.0548851 0.0403021 0.0545176 0.0284693 0.0112428 0.009891 0.0141962 0.0119494 0.0152043 0.0127219 0.0110379 0.011288 0.0281353 0.0233315 0.0290021 0.0310375 0.0233662 0.0283773 0.0168237 0.0102996 0.00916331 0.0150392 0.0195318 0.0258634 0.0219024 0.0223714 0.0187977 0.0139606 0.0104413 0.0105502 0.0144356 0.0147763 0.0146731 0.0110641 0.00946336 0.00870944 0.00810826 0.00801972 0.00829975 0.00829078 0.00813404 0.0080563 0.00847016 0.00942697 0.00909557 0.00867587 0.00845864 0.00830561 0.00830425 0.00832297 0.00827215 0.00826205 0.00829665 0.00828015 0.00816931 0.00834754 0.00879731 0.00885649 0.00864077 0.00866 0.00851433 0.00845108 0.00846063 
0.0150508 0.0250885 0.0640822 0.0767895 0.0676529 0.16114 0.0467095 0.0811983 0.0519941 0.0801536 0.0287816 0.0224251 0.0036121 0.00358208 0 0.00358681 0.00357752 0.00362206 0.00360191 0.00375983 0.0183861 0.0330246 0.0480314 0.0231515 0.0235318 0.0301342 0.0144721 0.0111846 0.0148885 0.0326653 0.0825788 0.0726069 0.118509 0.0978077 0.0222018 0.0110939 0.0102884 0.0124924 0.0215777 0.0256024 0.0132492 0.0113162 0.0112077 0.0217213 0.0468102 0.0591126 0.0514613 0.0596653 0.0546596 0.0187231 0.0100611 0.00909826 0.0142705 0.0385436 0.0459142 0.0470976 0.0477408 0.0350321 0.0170119 0.0107147 0.0104545 0.0157905 0.0247396 0.024625 0.0120909 0.0096138 0.00874215 0.00807938 0.00807699 0.00842122 0.00814977 0.00806114 0.00809172 0.00862269 0.0096561 0.00969849 0.00909645 0.00839193 0.0083659 0.00828225 0.00841275 0.00839491 0.00832437 0.00846878 0.00825882 0.008152 0.00846685 0.00892912 0.00923374 0.00875702 0.00883703 0.00859018 0.00851551 0.00877771 
0.0130607 0.0190135 0.0371873 0.0575644 0.0799877 0.0415693 0.0866652 0.032107 0.0665471 0.0383949 0.0273007 0.0158153 0.00366851 0.00364097 0.00358681 0 0.00355276 0.0036025 0.00356713 0.00362244 0.0203509 0.0223472 0.033595 0.0289074 0.0243434 0.0242755 0.0124878 0.0111223 0.0128165 0.0286808 0.0468055 0.0893849 0.0793118 0.0616998 0.0167146 0.0104589 0.0103936 0.0115196 0.0192035 0.0188522 0.012837 0.00966882 0.0106372 0.0173375 0.0332845 0.0419387 0.0499607 0.0401438 0.037852 0.0132346 0.00960071 0.00896629 0.0118118 0.0301885 0.0340685 0.0391466 0.0319484 0.0239007 0.0128935 0.00993179 0.00980652 0.012419 0.0196671 0.017908 0.0101856 0.00926664 0.00841476 0.00811337 0.00806063 0.00820745 0.00810921 0.00808056 0.00807701 0.00851472 0.00898747 0.00904042 0.00867885 0.00823826 0.00830209 0.00822312 0.00825889 0.00826149 0.00818111 0.00828455 0.00818503 0.00810711 0.00843745 0.00862984 0.00878985 0.00848367 0.00858588 0.00838817 0.0083769 0.00840206 
0.00974813 0.0195891 0.0275813 0.059002 0.0465476 0.0466696 0.0298438 0.0897508 0.0381606 0.0444433 0.0180579 0.014565 0.00359405 0.00360929 0.00357752 0.00355276 0 0.00354354 0.00357711 0.00356033 0.0133239 0.0237448 0.0239656 0.0322838 0.0282469 0.0146091 0.0128114 0.0096222 0.0108826 0.0219653 0.0571511 0.0546683 0.0582421 0.0391286 0.0147239 0.00988238 0.00893485 0.0123851 0.0127748 0.0152342 0.0110975 0.00936887 0.00937943 0.0162783 0.0228286 0.0365624 0.0395659 0.0252065 0.0302671 0.0113968 0.00955283 0.00866125 0.0112505 0.0235886 0.0261332 0.0283751 0.0237075 0.019819 0.0111092 0.00964228 0.00914643 0.0118588 0.0154242 0.014854 0.00965489 0.00896991 0.00841933 0.00803953 0.00796954 0.00829219 0.00810078 0.00804311 0.0080036 0.00836171 0.00894425 0.00901089 0.00867966 0.00817392 0.00817158 0.00814948 0.00823759 0.00821648 0.00816702 0.0082864 0.00813793 0.00806473 0.00825767 0.00850678 0.00878741 0.00849395 0.00857413 0.00837153 0.00831351 0.00831481 
0.0100748 0.0113774 0.0453462 0.0275283 0.0356782 0.0339226 0.0336504 0.0244006 0.0690199 0.0271632 0.0210616 0.0110544 0.00370182 0.00371769 0.00362206 0.0036025 0.00354354 0 0.00355985 0.00355329 0.010799 0.0177131 0.0389461 0.0163526 0.0198371 0.0252032 0.0103695 0.0107538 0.00961159 0.0230051 0.0413781 0.0384701 0.0346542 0.0373773 0.0125006 0.00935299 0.00918098 0.00923698 0.0128434 0.0141823 0.00949163 0.00913779 0.00901268 0.0111045 0.0222236 0.0284457 0.0244498 0.0205186 0.0187864 0.0113436 0.00873125 0.00842871 0.00999571 0.0184207 0.0213501 0.0192551 0.0194963 0.0155071 0.0106899 0.00883237 0.00894399 0.00983207 0.0132222 0.0122345 0.0093208 0.00862136 0.00811273 0.00802806 0.00795534 0.00816151 0.00800431 0.00794481 0.00797818 0.00842047 0.0086959 0.00875207 0.00849711 0.00813223 0.00815025 0.00814332 0.00818262 0.00816347 0.00812867 0.00817381 0.00807907 0.00804025 0.00819767 0.00846462 0.00858252 0.00838162 0.00843124 0.00831933 0.00824051 0.00830944 
0.0106036 0.0170156 0.0108044 0.0163255 0.014238 0.0157491 0.0167966 0.0164673 0.0133042 0.0296543 0.0267991 0.0204179 0.00415333 0.0037738 0.00360191 0.00356713 0.00357711 0.00355985 0 0.00366154 0.0131591 0.0246196 0.0120918 0.0124567 0.0133344 0.0133058 0.0285432 0.0104296 0.0113412 0.0208897 0.0150779 0.0144283 0.0150695 0.0163349 0.0155945 0.00921565 0.00913845 0.0104516 0.00937015 0.00916956 0.00986895 0.00889832 0.00904118 0.0119271 0.0117057 0.0116116 0.0108996 0.0102358 0.0113529 0.00990172 0.0087162 0.00887559 0.00966864 0.0103445 0.00998568 0.0106394 0.0096228 0.00960464 0.00964578 0.00874796 0.00897355 0.00910429 0.0091712 0.00902849 0.00893561 0.0083025 0.00817007 0.00796974 0.00802695 0.00803118 0.00802613 0.00802622 0.00794417 0.00808729 0.00865497 0.0084101 0.00826824 0.00798776 0.00804544 0.0080695 0.00801764 0.00807876 0.00803217 0.00804658 0.00799333 0.00794058 0.00817158 0.00821664 0.00831525 0.0082252 0.00820753 0.00816252 0.00813258 0.0081257 
0.0195635 0.0106034 0.00965254 0.00969153 0.0111652 0.011189 0.00999411 0.0100461 0.0106513 0.0102862 0.0124154 0.047524 0.00890549 0.0048131 0.00375983 0.00362244 0.00356033 0.00355329 0.00366154 0 0.0513039 0.0120208 0.00991131 0.0120353 0.0105141 0.0101651 0.0115879 0.0271831 0.0263616 0.0115536 0.0110834 0.0108756 0.0107762 0.0108 0.0104647 0.0132851 0.013621 0.0103803 0.00884991 0.00886416 0.00906879 0.0105402 0.0151834 0.0101197 0.00973141 0.00977227 0.00944753 0.00941001 0.00936789 0.00895827 0.00974401 0.0111334 0.00859944 0.00898172 0.00905765 0.00894763 0.00919499 0.00873505 0.00867225 0.00953511 0.0103366 0.00866002 0.00857961 0.0085004 0.00835823 0.00827905 0.00926513 0.00832823 0.00860812 0.00876439 0.00847676 0.0088427 0.00827715 0.00851005 0.00833667 0.0082377 0.00814242 0.00805014 0.00826325 0.00800315 0.00800854 0.00803997 0.00798764 0.00802989 0.00794825 0.00800849 0.00856741 0.0081295 0.00825679 0.00814822 0.00813731 0.00812208 0.00811977 0.00824156 
0.0107244 0.011286 0.00884143 0.00978298 0.00915954 0.00941177 0.00949169 0.0125307 0.00913095 0.00886785 0.00938844 0.0149329 0.066187 0.0394644 0.0183861 0.0203509 0.0133239 0.010799 0.0131591 0.0513039 0 0.0040972 0.00363585 0.00399289 0.00381739 0.0038468 0.00428731 0.00868116 0.00728945 0.00682674 0.00767387 0.00781024 0.00886727 0.00930849 0.0356116 0.595104 0.0124069 0.0116002 0.00934003 0.00951203 0.0133066 0.023546 0.0133142 0.00970304 0.00942707 0.00946121 0.00966184 0.00916056 0.0100583 0.0107619 0.0299503 0.0104887 0.00920489 0.00922896 0.00914711 0.00916943 0.00942791 0.00884446 0.00920385 0.0151536 0.00936634 0.00854786 0.00858298 0.0085074 0.00862186 0.0104636 0.0139341 0.00910035 0.00891763 0.00903423 0.0105312 0.0103809 0.00821109 0.00834978 0.00816166 0.00818938 0.00817382 0.00908419 0.00910763 0.00800779 0.0080541 0.00803588 0.00808331 0.00811786 0.00799156 0.0084486 0.00833462 0.00815993 0.00828197 0.00814636 0.00821546 0.00818833 0.00862968 0.00871273 
0.00897223 0.0109355 0.00959765 0.0114339 0.0104639 0.0118704 0.018212 0.00996089 0.0109737 0.00951419 0.0112373 0.00878973 0.0155234 0.0613771 0.0330246 0.0223472 0.0237448 0.0177131 0.0246196 0.0120208 0.0040972 0 0.00354768 0.00357996 0.00360173 0.00363716 0.0043187 0.00424987 0.00611631 0.00699109 0.00727022 0.00824311 0.0103461 0.011687 0.543912 0.0337482 0.00954275 0.0104108 0.00910205 0.00970264 0.012257 0.00996824 0.0100743 0.0125955 0.0107319 0.0109319 0.0130484 0.010629 0.0160132 0.0118475 0.00954562 0.00911387 0.00970558 0.0112382 0.0102018 0.0113505 0.00988575 0.0107229 0.0115073 0.00911381 0.0090462 0.00936137 0.0101476 0.00966969 0.00908304 0.00845793 0.00846304 0.00806957 0.00803528 0.00814542 0.00829599 0.00816426 0.00795349 0.00811594 0.00835523 0.00831371 0.00836829 0.00824282 0.00803384 0.00810327 0.00806901 0.00806236 0.0080869 0.00810457 0.00817236 0.00802473 0.00806636 0.00826909 0.00833999 0.00829375 0.00821823 0.0082017 0.00819507 0.00818973 
0.00977068 0.00870858 0.0205136 0.0108302 0.0198252 0.018707 0.0114306 0.0198629 0.0107335 0.0161517 0.00894865 0.00862622 0.0117645 0.0154465 0.0480314 0.033595 0.0239656 0.0389461 0.0120918 0.00991131 0.00363585 0.00354768 0 0.00353354 0.00357852 0.00391026 0.00362527 0.00376577 0.00550668 0.00681515 0.00726981 0.015617 0.0110909 0.500805 0.0552378 0.00702003 0.0100309 0.00875363 0.0103429 0.0139509 0.0087212 0.0105732 0.0096685 0.011517 0.0144474 0.0198959 0.013102 0.0422441 0.0110776 0.0129896 0.00863093 0.00875932 0.0113626 0.0106899 0.0226485 0.0115809 0.0178386 0.0155594 0.00935137 0.0089162 0.0092218 0.0103958 0.0120394 0.0138047 0.00867407 0.00844512 0.00810773 0.00801172 0.00804045 0.00806167 0.00801607 0.00802283 0.00796792 0.00824365 0.00849494 0.00845397 0.00832801 0.00801872 0.00808704 0.00811979 0.00806725 0.00805442 0.00808621 0.00807303 0.00803009 0.00797961 0.008131 0.00829612 0.00852073 0.00830419 0.00819651 0.0082724 0.00809164 0.00842657 
0.00871778 0.0160968 0.00944503 0.023477 0.0145957 0.0142804 0.0183808 0.0108765 0.0172365 0.0100116 0.00932674 0.00874882 0.0119965 0.0147579 0.0231515 0.0289074 0.0322838 0.0163526 0.0124567 0.0120353 0.00399289 0.00357996 0.00353354 0 0.00357764 0.00354336 0.00367097 0.00356054 0.00591904 0.00628853 0.0156483 0.0108262 0.293174 0.123831 0.00847998 0.00649545 0.00874437 0.0156068 0.0110257 0.0096368 0.0194774 0.00919307 0.0110417 0.0107307 0.0149046 0.0134366 0.0383953 0.0106921 0.0295335 0.00917766 0.011972 0.0103486 0.00930235 0.0218086 0.0115079 0.0249468 0.0158149 0.0112007 0.00956066 0.00901754 0.00959487 0.0104574 0.0150613 0.0112151 0.00917918 0.00856245 0.0100788 0.00809439 0.00798942 0.00835094 0.0087221 0.00888971 0.00799399 0.008147 0.00861608 0.00858297 0.00835389 0.00809963 0.00854626 0.00808863 0.00809553 0.00812532 0.00804714 0.00825344 0.00805646 0.00804445 0.00823487 0.00828654 0.00859482 0.00830237 0.00862043 0.00817063 0.00862769 0.00813211 
0.00917593 0.00886025 0.0187476 0.0136936 0.0177684 0.0151671 0.0118204 0.0174273 0.0117005 0.0120218 0.00905183 0.00854862 0.0101282 0.0145691 0.0235318 0.0243434 0.0282469 0.0198371 0.0133344 0.0105141 0.00381739 0.00360173 0.00357852 0.00357764 0 0.00353936 0.00355504 0.00360358 0.0043211 0.00575214 0.00790996 0.163742 0.275392 0.00995016 0.00679724 0.0056643 0.00996873 0.00892834 0.00995717 0.0135643 0.00903384 0.00918586 0.00912504 0.0109909 0.0136331 0.027275 0.0140494 0.0246952 0.0113955 0.0121461 0.00882129 0.0086859 0.0111295 0.0112394 0.026452 0.0166718 0.0153077 0.0128507 0.00967499 0.00897531 0.00899604 0.0109729 0.0139159 0.0150412 0.00895468 0.0086053 0.00811161 0.00798989 0.00800074 0.00808722 0.00811459 0.00801324 0.00795008 0.00823397 0.00845907 0.00848225 0.00836139 0.00807481 0.00802407 0.0080638 0.00803856 0.00805183 0.00803315 0.00801418 0.00800829 0.0079845 0.00809221 0.00826337 0.00843928 0.0083147 0.00814233 0.00824075 0.00808834 0.00825229 
0.0087422 0.00957649 0.0159873 0.0133435 0.0159306 0.0143786 0.0139057 0.014391 0.011223 0.0113404 0.00899469 0.00869116 0.0103238 0.014141 0.0301342 0.0242755 0.0146091 0.0252032 0.0133058 0.0101651 0.0038468 0.00363716 0.00391026 0.00354336 0.00353936 0 0.00354583 0.00354371 0.00455408 0.00969925 0.0926589 0.478886 0.00707644 0.00846303 0.00630413 0.0052363 0.00907783 0.00960407 0.011418 0.0114654 0.00924656 0.00961849 0.00925969 0.011763 0.0180905 0.0166732 0.0159808 0.0160975 0.0132572 0.011057 0.0087333 0.00897124 0.0102858 0.0151298 0.0200603 0.0149821 0.0143535 0.0129448 0.009566 0.00896398 0.00916732 0.0107121 0.0145009 0.0139802 0.00890716 0.00850383 0.00820894 0.00800873 0.00800923 0.00806545 0.00804016 0.00802512 0.00796076 0.00816418 0.00853031 0.00847235 0.00832534 0.00804383 0.00806104 0.00808651 0.00805876 0.00807782 0.008042 0.00804251 0.00806201 0.00794614 0.00814887 0.00826996 0.00839307 0.00819417 0.00818735 0.00812175 0.00808387 0.0081778 
0.00860621 0.0142448 0.00892775 0.0123621 0.0101082 0.0115214 0.0117766 0.00933279 0.0111851 0.00988945 0.00956815 0.00865834 0.0108486 0.0194153 0.0144721 0.0124878 0.0128114 0.0103695 0.0285432 0.0115879 0.00428731 0.0043187 0.00362527 0.00367097 0.00355504 0.00354583 0 0.00363271 0.00537744 0.0951422 0.478578 0.00645335 0.00781834 0.00691969 0.00685712 0.00546425 0.00858089 0.0191246 0.00910409 0.00884089 0.014562 0.00882687 0.00991004 0.0138512 0.0119552 0.0123314 0.0117451 0.00979915 0.0165087 0.0100397 0.00967791 0.00957212 0.0115522 0.0150389 0.0100276 0.0131764 0.0105331 0.010135 0.0115272 0.00901757 0.00955423 0.0107846 0.0102962 0.00933337 0.00969582 0.00850067 0.00857119 0.0080541 0.00804926 0.00835216 0.00824092 0.00826773 0.00800336 0.00812231 0.00839829 0.00835161 0.00832563 0.00808521 0.00822058 0.00804744 0.00806372 0.00809705 0.00805924 0.00816496 0.00801546 0.0079589 0.00819693 0.0082436 0.00827157 0.00814823 0.00825958 0.00805648 0.00827222 0.00801056 
0.0148376 0.00890901 0.00988203 0.00873386 0.0102425 0.00965622 0.00888017 0.00921455 0.00888077 0.00901027 0.00884882 0.00943903 0.0259866 0.0125362 0.0111846 0.0111223 0.0096222 0.0107538 0.0104296 0.0271831 0.00868116 0.00424987 0.00376577 0.00356054 0.00360358 0.00354371 0.00363271 0 0.18407 0.326634 0.00442959 0.00551916 0.00507281 0.00641883 0.00666437 0.00541697 0.021903 0.00959251 0.00901792 0.010442 0.00865757 0.0159296 0.0208827 0.0113241 0.0100905 0.0103644 0.00948655 0.0116029 0.00911807 0.0132867 0.00961848 0.0165732 0.0116073 0.00923607 0.0120029 0.00921411 0.0104759 0.00928521 0.0097167 0.0122887 0.0137269 0.00919917 0.00908513 0.00914155 0.00856267 0.00866148 0.0096855 0.00856615 0.00925195 0.00891371 0.00850313 0.00882895 0.00846631 0.00865004 0.00823093 0.00816199 0.00807124 0.00820561 0.00815098 0.00809635 0.00796115 0.00798123 0.0080785 0.00798035 0.00795571 0.00801668 0.0084724 0.00809597 0.00811778 0.00808307 0.00803013 0.00813234 0.007958 0.00863723 
0.00979428 0.00987642 0.00910687 0.0111507 0.0100409 0.0111451 0.010523 0.0105829 0.0100118 0.00935628 0.0101583 0.0131343 0.0277889 0.0195832 0.0148885 0.0128165 0.0108826 0.00961159 0.0113412 0.0263616 0.00728945 0.00611631 0.00550668 0.00591904 0.0043211 0.00455408 0.00537744 0.18407 0 0.00358589 0.00358432 0.00357476 0.00364365 0.00371473 0.00376673 0.00540225 0.0129838 0.0107633 0.00901369 0.00983869 0.0117866 0.024899 0.0210836 0.0130581 0.0130792 0.0111579 0.0132026 0.010363 0.0131442 0.0108944 0.0284054 0.0142906 0.0106059 0.0125553 0.0105567 0.014116 0.0111855 0.0109734 0.0134309 0.0203994 0.0139604 0.0101854 0.0105528 0.00990117 0.00966393 0.0128365 0.0120019 0.00880887 0.00878732 0.00878962 0.00978017 0.00880485 0.00835307 0.00925023 0.00873965 0.00859059 0.00837617 0.00909159 0.00855456 0.00808419 0.00808221 0.00810916 0.00815175 0.00809914 0.00802487 0.00853855 0.00860777 0.00833967 0.00842198 0.00828781 0.00830828 0.00819987 0.00822185 0.0085758 
0.00943245 0.0117911 0.0215229 0.0165364 0.0306698 0.0205361 0.0215032 0.020315 0.0141307 0.0191201 0.0116067 0.0101614 0.0191764 0.0577557 0.0326653 0.0286808 0.0219653 0.0230051 0.0208897 0.0115536 0.00682674 0.00699109 0.00681515 0.00628853 0.00575214 0.00969925 0.0951422 0.326634 0.00358589 0 0.00358022 0.00359459 0.00359818 0.00361917 0.00387854 0.00368423 0.0105093 0.0130513 0.0117304 0.0138746 0.021151 0.0190683 0.0120945 0.0361893 0.0180839 0.0331397 0.0167805 0.0518037 0.0151939 0.0337529 0.0100086 0.0103313 0.0232678 0.0169743 0.0375824 0.0216721 0.0457381 0.0219928 0.0247968 0.011361 0.0130905 0.0251977 0.0210203 0.0257358 0.0139419 0.0106052 0.00938379 0.00822535 0.00800407 0.00840611 0.00839551 0.00812897 0.00804046 0.00855801 0.00989757 0.0096971 0.00929305 0.00866986 0.00824066 0.00829743 0.00829206 0.00833551 0.00833528 0.00829794 0.00837582 0.00811891 0.0083386 0.00871171 0.0089251 0.00874343 0.00878454 0.00841397 0.00850349 0.00832061 
0.00889288 0.0200544 0.0199798 0.0622351 0.0342316 0.0521458 0.04351 0.025207 0.0503321 0.0227156 0.0140712 0.00996332 0.0198966 0.0361829 0.0825788 0.0468055 0.0571511 0.0413781 0.0150779 0.0110834 0.00767387 0.00727022 0.00726981 0.0156483 0.00790996 0.0926589 0.478578 0.00442959 0.00358432 0.00358022 0 0.00356221 0.00358215 0.00360141 0.00356057 0.00356325 0.00876127 0.0157127 0.0139258 0.0227962 0.025215 0.0197491 0.0132063 0.0192326 0.0556723 0.029018 0.100794 0.023677 0.0914388 0.0122331 0.0132805 0.0103608 0.0145566 0.0785166 0.02875 0.087265 0.0518172 0.0419808 0.021344 0.0116606 0.0126984 0.0240299 0.0610721 0.0421058 0.0189987 0.0103722 0.00887585 0.00810941 0.00797604 0.00858674 0.00827641 0.00811682 0.00805312 0.00886209 0.0111316 0.010853 0.00975049 0.0086694 0.00828617 0.00831013 0.00849501 0.00857745 0.00843023 0.00864052 0.0083542 0.00823244 0.00849071 0.0089443 0.00970389 0.00896144 0.00897383 0.00848773 0.00840395 0.00854679 
0.00995074 0.0122908 0.0600371 0.0327329 0.074763 0.0451888 0.0349642 0.0668274 0.0315294 0.0439294 0.0117015 0.00986409 0.015748 0.0548851 0.0726069 0.0893849 0.0546683 0.0384701 0.0144283 0.0108756 0.00781024 0.00824311 0.015617 0.0108262 0.163742 0.478886 0.00645335 0.00551916 0.00357476 0.00359459 0.00356221 0 0.00354398 0.00356454 0.00353964 0.00354951 0.0114517 0.0114177 0.0300653 0.0321268 0.0169833 0.0118551 0.0130271 0.025852 0.0284865 0.0820002 0.0301254 0.0834756 0.0204871 0.0296384 0.00985371 0.0100648 0.0246708 0.0253466 0.114516 0.0461621 0.0686843 0.0384911 0.0206915 0.0119803 0.0124867 0.0315152 0.0554084 0.0733708 0.0158824 0.0106087 0.008568 0.0081854 0.00809637 0.00835171 0.00825167 0.00807102 0.00807861 0.00887602 0.0103714 0.0109473 0.0100605 0.00860439 0.00827119 0.00847883 0.00848906 0.0086329 0.00858719 0.00841559 0.00851657 0.0081854 0.0086489 0.00923616 0.00969568 0.0092776 0.00921819 0.00874964 0.00848974 0.00887038 
0.00898513 0.0245864 0.0213347 0.0852452 0.0440281 0.0498241 0.0611269 0.0356191 0.0581515 0.0231141 0.0137797 0.00953034 0.0207183 0.0403021 0.118509 0.0793118 0.0582421 0.0346542 0.0150695 0.0107762 0.00886727 0.0103461 0.0110909 0.293174 0.275392 0.00707644 0.00781834 0.00507281 0.00364365 0.00359818 0.00358215 0.00354398 0 0.0035541 0.00356008 0.00355973 0.00898939 0.0214191 0.0201661 0.024774 0.0224949 0.0102325 0.0133792 0.0200665 0.0638266 0.0333281 0.0776753 0.024488 0.077799 0.012742 0.0127377 0.0110595 0.0142322 0.0878729 0.0395934 0.0921454 0.0501081 0.0509049 0.0220691 0.0120066 0.0142905 0.0296927 0.090453 0.0572475 0.0208134 0.0108822 0.00915612 0.00814945 0.00800743 0.00871286 0.00840525 0.00815282 0.00810487 0.00902206 0.0113004 0.0113208 0.0100058 0.0085981 0.0082464 0.00830861 0.00853096 0.0086496 0.00845054 0.00873114 0.00840899 0.00819713 0.00867385 0.00917759 0.0104277 0.00908472 0.00929645 0.00852989 0.00849291 0.0086192 
0.00953544 0.012254 0.0608471 0.0350452 0.0572414 0.0505653 0.0449384 0.0520816 0.0309676 0.0383512 0.0121859 0.00984573 0.0149582 0.0545176 0.0978077 0.0616998 0.0391286 0.0373773 0.0163349 0.0108 0.00930849 0.011687 0.500805 0.123831 0.00995016 0.00846303 0.00691969 0.00641883 0.00371473 0.00361917 0.00360141 0.00356454 0.0035541 0 0.00355435 0.00353775 0.0166647 0.0121253 0.0337668 0.0328199 0.0141424 0.0133996 0.0118159 0.0284684 0.0334554 0.0605545 0.0304205 0.0638928 0.0247187 0.0280154 0.0135024 0.010319 0.0275936 0.0348945 0.0842522 0.0471827 0.0656243 0.0367856 0.0247365 0.0126601 0.0130931 0.0356635 0.0645353 0.0771474 0.0159972 0.0116232 0.00862419 0.00824849 0.0081112 0.00849337 0.00845363 0.008051 0.00809688 0.00893046 0.0108425 0.0109821 0.00960472 0.00871188 0.00832708 0.0083715 0.00860005 0.00844167 0.00853786 0.00851027 0.0083882 0.00815594 0.00853253 0.00906325 0.00979963 0.00932153 0.00918091 0.00879186 0.00844624 0.00869968 
0.00955869 0.013537 0.0105866 0.0152356 0.0165877 0.0161699 0.0143684 0.0118202 0.0138218 0.0115738 0.0115485 0.00941683 0.0188362 0.0284693 0.0222018 0.0167146 0.0147239 0.0125006 0.0155945 0.0104647 0.0356116 0.543912 0.0552378 0.00847998 0.00679724 0.00630413 0.00685712 0.00666437 0.00376673 0.00387854 0.00356057 0.00353964 0.00356008 0.00355435 0 0.00354381 0.0123516 0.0200107 0.0108233 0.0108672 0.0175404 0.0122647 0.0146503 0.0164007 0.020194 0.0154438 0.0181898 0.0124223 0.0184302 0.033151 0.0111955 0.0125442 0.0153081 0.0196794 0.0182633 0.018909 0.0165274 0.0157957 0.022045 0.0162003 0.0163398 0.0182935 0.0168478 0.0146645 0.0175274 0.0104086 0.0100012 0.00848036 0.00849459 0.00873925 0.00852277 0.00835568 0.00821151 0.00877193 0.0096372 0.00886273 0.00890516 0.00816604 0.00822723 0.00833506 0.00828959 0.00833935 0.00822978 0.00828025 0.00832413 0.00800004 0.00849512 0.00845882 0.00863316 0.00850578 0.00849912 0.00827324 0.00819536 0.0081232 
0.0115046 0.00911422 0.00891365 0.0117506 0.00985362 0.00967342 0.00917862 0.00902224 0.00914369 0.00889409 0.00869408 0.00896691 0.0237743 0.0112428 0.0110939 0.0104589 0.00988238 0.00935299 0.00921565 0.0132851 0.595104 0.0337482 0.00702003 0.00649545 0.0056643 0.0052363 0.00546425 0.00541697 0.00540225 0.00368423 0.00356325 0.00354951 0.00355973 0.00353775 0.00354381 0 0.0208095 0.00883572 0.00693961 0.00665729 0.00780955 0.0111267 0.0154549 0.0126691 0.0100321 0.00969493 0.00976858 0.00991538 0.0208875 0.0105195 0.0113201 0.019294 0.0107313 0.010646 0.0106547 0.0105783 0.0115509 0.0104211 0.0101582 0.0116498 0.0177887 0.00968793 0.0100032 0.0101989 0.00953694 0.0093404 0.0113264 0.00933882 0.00936765 0.00939338 0.00912461 0.00895992 0.00854059 0.00885764 0.00828575 0.00831368 0.0081964 0.00813425 0.00839414 0.0080003 0.00803672 0.0080439 0.00799955 0.00806519 0.00798914 0.00806 0.00870577 0.00814654 0.00817882 0.00819736 0.00813089 0.00806104 0.00805051 0.00805385 
0.010158 0.00823418 0.00899523 0.00839019 0.00874335 0.00889669 0.00825251 0.00881576 0.00828376 0.00840116 0.00840563 0.00934404 0.0136476 0.009891 0.0102884 0.0103936 0.00893485 0.00918098 0.00913845 0.013621 0.0124069 0.00954275 0.0100309 0.00874437 0.00996873 0.00907783 0.00858089 0.021903 0.0129838 0.0105093 0.00876127 0.0114517 0.00898939 0.0166647 0.0123516 0.0208095 0 0.00379289 0.00364999 0.00370651 0.00380808 0.00639101 0.00839622 0.00722952 0.00772542 0.00882569 0.0173118 0.68004 0.0223546 0.0137245 0.0185721 0.0109635 0.0100822 0.00907198 0.0106744 0.00953871 0.00978841 0.00975784 0.00943427 0.0156107 0.0150363 0.00960701 0.00917597 0.00905361 0.00882319 0.0109132 0.0107408 0.00913251 0.00943849 0.0085898 0.0095943 0.00927971 0.00849448 0.00842069 0.00819392 0.00816992 0.00817189 0.00909594 0.00814159 0.00818872 0.0079849 0.00799984 0.00835615 0.0079611 0.00805106 0.00830542 0.00820662 0.00815537 0.00816006 0.00813463 0.00804194 0.00858568 0.00803615 0.00927705 
0.00828125 0.00998529 0.00860373 0.0103258 0.0094481 0.00921102 0.00953278 0.00866991 0.00950691 0.00869138 0.0089107 0.00874672 0.0103508 0.0141962 0.0124924 0.0115196 0.0123851 0.00923698 0.0104516 0.0103803 0.0116002 0.0104108 0.00875363 0.0156068 0.00892834 0.00960407 0.0191246 0.00959251 0.0107633 0.0130513 0.0157127 0.0114177 0.0214191 0.0121253 0.0200107 0.00883572 0.00379289 0 0.00358371 0.00357089 0.00601485 0.003823 0.00694738 0.0075683 0.00880026 0.024542 0.741012 0.0131847 0.0173017 0.0132744 0.0138453 0.00952239 0.00994737 0.0128489 0.00940937 0.0140029 0.0108894 0.0104344 0.0117139 0.00970531 0.0110031 0.0140401 0.0112247 0.0109478 0.0109212 0.009271 0.0106655 0.00841529 0.00812047 0.00831186 0.0090089 0.00881793 0.00799975 0.00812668 0.00866449 0.00863131 0.00845021 0.00843098 0.00841216 0.00808211 0.00818716 0.00815374 0.00805219 0.00823933 0.00815439 0.00810472 0.00818675 0.00826933 0.00844908 0.00823954 0.00838407 0.00816726 0.00868079 0.00825448 
0.00836643 0.00883177 0.0115586 0.0144896 0.0130721 0.0129448 0.0114945 0.0116176 0.0102031 0.0102141 0.00860423 0.00844768 0.0095403 0.0119494 0.0215777 0.0192035 0.0127748 0.0128434 0.00937015 0.00884991 0.00934003 0.00910205 0.0103429 0.0110257 0.00995717 0.011418 0.00910409 0.00901792 0.00901369 0.0117304 0.0139258 0.0300653 0.0201661 0.0337668 0.0108233 0.00693961 0.00364999 0.00358371 0 0.00356421 0.00358906 0.00358874 0.00664724 0.00863428 0.0188002 0.725262 0.0151892 0.0137088 0.0107358 0.00970513 0.0087022 0.00822331 0.00920442 0.0113376 0.0158613 0.0128871 0.0136738 0.0132612 0.0103302 0.0092677 0.0100429 0.0124145 0.0231567 0.0236759 0.00980899 0.00895235 0.0084969 0.00807665 0.00799905 0.00816375 0.00822596 0.00812898 0.00796943 0.00837747 0.00876262 0.00910955 0.00864436 0.00821363 0.00808418 0.00815424 0.00823633 0.00827302 0.00825046 0.00832937 0.00818725 0.00799912 0.00816219 0.00852901 0.00876495 0.0085878 0.00848686 0.00842919 0.00822843 0.0082451 
