1O0RB
SLTACPEESPLLVGPMLIEFNIPVDLKLVEQQNPKVKLGGRYTPMDCISPHKVAIIIPFRNRQEHLKYWLYYLHPILQRQQLDYGIYVINQAGESMFNRAKLLNVGFKEALKDYDYNCFVFSDVDLIPMNDHNTYRCFSQPRHISVAMDKFGFSLPYVQYFGGVSALSKQQFLSINGFPNNYWGWGGEDDDIYNRLAFRGMSVSRPNAVIGKTRMIRHSRDKKNEPNPQRFDRIAHTKETMLSDGLNSLTYMVLEVQRYPLYTKITVDIGTPS
CCCECCCCCCCCCCECCCCCCCCCCHHHHHHHCCCCECCCEECCCCCECCCEEEEEEEECCCHHHHHHHHHHHHHHHHHCCCEEEEEEEEECCCCCCCHHHHHHHHHHHHHHHCCCCEEEEECCCEEECECCCCCCCCCCCEECCCEEHHHCCCCCCCCCCCCEEEEEHHHHHHCCCCCCCCCCECCHHHHHHHHHHHCCCCCECCCCCCCEEEECCCCCCCCCCECCCHHHHHCCHHHHCCCCCHHHCCCEEEEEEEECCEEEEEEECCCCC
0 0 0 0 0 0 0 0 0 0 0 0 0 0 0 0 0 0 0 0 0 0 0 0 0 0 0 0 0 0 0 0 0 0 0 0 0 0 0 0 0 0 0 0 0 0 0 0 0 0 0 0 0 0 0 0 0 0 0 0 0 0 0 0 0 0 0 0 0 0 0 0 0 0 0 0 0 0 0 0 0 0 0 0 0 0 0 0 0 0 0 0 0 0 0 0 0 0 0 0 0 0 0 0 0 0 0 0 0 0 0 0 0 0 0 0 0 0 0 0 0 0 0 0 0 0 0 0 0 0 0 0 0 0 0 0 0 0 0 0 0 0 0 0 0 0 0 0 0 0 0 0 0 0 0 0 0 0 0 0 0 0 0 0 0 0 0 0 0 0 0 0 0 0 0 0 0 0 0 0 0 0 0 0 0 0 0 0 0 0 0 0 0 0 0 0 0 0 0 0 0 0 0 0 0 0 0 0 0 0 0 0 0 0 0 0 0 0 0 0 0 0 0 0 0 0 0 0 0 0 0 0 0 0 0 0 0 0 0 0 0 0 0 0 0 0 0 0 0 0 0 0 0 0 0 0 0 0 0 0 0 0 0 0 0 0 0 0 0 0 0 0 0 
0 0 0 0 0 0 0 0 0 0 0 0 0 0 0 0 0 0 0 0 0 0 0 0 0 0 0 0 0 0 0 0 0 0 0 0 0 0 0 0 0 0 0 0 0 0 0 0 0 0 0 0 0 0 0 0 0 0 0 0 0 0 0 0 0 0 0 0 0 0 0 0 0 0 0 0 0 0 0 0 0 0 0 0 0 0 0 0 0 0 0 0 0 0 0 0 0 0 0 0 0 0 0 0 0 0 0 0 0 0 0 0 0 0 0 0 0 0 0 0 0 0 0 0 0 0 0 0 0 0 0 0 0 0 0 0 0 0 0 0 0 0 0 0 0 0 0 0 0 0 0 0 0 0 0 0 0 0 0 0 0 0 0 0 0 0 0 0 0 0 0 0 0 0 0 0 0 0 0 0 0 0 0 0 0 0 0 0 0 0 0 0 0 0 0 0 0 0 0 0 0 0 0 0 0 0 0 0 0 0 0 0 0 0 0 0 0 0 0 0 0 0 0 0 0 0 0 0 0 0 0 0 0 0 0 0 0 0 0 0 0 0 0 0 0 0 0 0 0 0 0 0 0 0 0 0 0 0 0 0 0 0 0 0 0 0 0 0 0 0 0 0 0 
0 0.354953 0.0282564 0.0178441 0.0126066 0.0438239 0.0151467 0.0107247 0.00925869 0.00929302 0.00930035 0.00847954 0.00910157 0.0118686 0.0105829 0.00842859 0.00831626 0.00820496 0.00856574 0.00831741 0.00825449 0.00857381 0.00922828 0.00877258 0.00819215 0.00805902 0.00828059 0.00921108 0.00934004 0.00808061 0.00819178 0.0100074 0.00876581 0.00840699 0.00959662 0.00839712 0.00893543 0.00810409 0.00799577 0.00806224 0.00855236 0.008753 0.0130739 0.00877733 0.00800812 0.00801144 0.00819708 0.00944457 0.00929905 0.00819659 0.00825743 0.00837674 0.00823796 0.00824561 0.00814106 0.00826188 0.00902494 0.00826543 0.00825879 0.00824233 0.00846514 0.00828931 0.00936182 
0.354953 0 0.0824097 0.0159053 0.0288307 0.036214 0.0154993 0.00940319 0.00987825 0.0094155 0.00919257 0.00857452 0.00947156 0.0137673 0.0104102 0.00845117 0.00839165 0.00828239 0.00919967 0.00854406 0.00827214 0.00880125 0.00932112 0.00865687 0.00826272 0.00810525 0.00830302 0.00936371 0.0093019 0.00805224 0.00829514 0.00993248 0.00889103 0.00824482 0.00908433 0.00852172 0.0084458 0.00802119 0.00800955 0.00815021 0.00855468 0.0082903 0.00990682 0.0085394 0.00794076 0.00797307 0.00811585 0.00894698 0.00880021 0.00804855 0.00805692 0.00828673 0.00803226 0.0080771 0.00803071 0.00812709 0.00867088 0.00809047 0.00809993 0.00808581 0.00837413 0.00812086 0.0093902 
0.0282564 0.0824097 0 0.860711 0.0126601 0.0367871 0.0171329 0.0104906 0.00997025 0.0103639 0.0108638 0.00834478 0.0099362 0.0142413 0.0133283 0.00894981 0.0087639 0.00854256 0.00925845 0.00902119 0.00847772 0.00919535 0.0106587 0.00937616 0.00847538 0.0081979 0.00877962 0.0100921 0.010433 0.00822571 0.00861294 0.0103793 0.00896072 0.00866516 0.00994392 0.0087076 0.00873688 0.00810867 0.00800881 0.00822454 0.00890082 0.00840609 0.00991718 0.00858568 0.00798352 0.0080827 0.00827134 0.00932173 0.00895029 0.00800048 0.00807663 0.00833264 0.00806922 0.00808791 0.00803273 0.00812503 0.00870497 0.00806908 0.00806185 0.00810528 0.00839066 0.00811474 0.00949919 
0.0178441 0.0159053 0.860711 0 0.00457926 0.0251538 0.0136011 0.00902361 0.0115665 0.0107534 0.010256 0.00805619 0.0109199 0.0153901 0.0104506 0.00907472 0.00923786 0.0087512 0.00948373 0.00934431 0.00893323 0.0107917 0.0112281 0.00835166 0.00854808 0.00853644 0.0088828 0.0110715 0.00878739 0.00859809 0.00852097 0.00912896 0.00836252 0.00879785 0.00872008 0.00875029 0.00829516 0.00824146 0.00814315 0.00842235 0.00877013 0.00806128 0.00852358 0.00829082 0.0079874 0.00804702 0.00812548 0.00835696 0.00820914 0.00799803 0.00802693 0.00806206 0.00797997 0.00798938 0.00797776 0.00803331 0.00821527 0.00807585 0.00808356 0.00812696 0.00812925 0.0080716 0.00863989 
0.0126066 0.0288307 0.0126601 0.00457926 0 0.0336043 0.0106794 0.0182235 0.0103878 0.0116625 0.00916171 0.00843037 0.00855499 0.0156261 0.0120077 0.0114328 0.00919286 0.0097117 0.00920813 0.00990805 0.00988544 0.00956283 0.00968452 0.0109336 0.00917622 0.0087609 0.0100204 0.00944639 0.0119091 0.00887519 0.00849056 0.00933338 0.00926682 0.00831861 0.00901885 0.00855764 0.00914173 0.00835146 0.00835762 0.00865058 0.00849709 0.00807425 0.00872542 0.00807782 0.00810335 0.00796447 0.00809137 0.00812701 0.00824078 0.00802233 0.00805152 0.00799905 0.00808076 0.00799959 0.00798077 0.00803925 0.00836862 0.00809071 0.0081036 0.00817347 0.00809981 0.00824439 0.00805982 
0.0438239 0.036214 0.0367871 0.0251538 0.0336043 0 0.0584615 0.00529454 0.00478689 0.00440052 0.00473378 0.00497413 0.00623013 0.0120468 0.0155017 0.00923855 0.00897604 0.00883287 0.00939665 0.00912582 0.00875063 0.0097342 0.0111629 0.0103526 0.00906562 0.00846904 0.00858706 0.0114065 0.0109523 0.00833828 0.00890412 0.0141314 0.00958261 0.00886016 0.0110135 0.00905794 0.0095441 0.00819544 0.00805945 0.00838424 0.00912168 0.00848604 0.0104843 0.00886771 0.00797424 0.00802184 0.00844337 0.00949046 0.00877507 0.00800185 0.00800721 0.00826103 0.00799927 0.00802384 0.00799415 0.00813201 0.00861037 0.00803021 0.00804155 0.00804037 0.00828858 0.00805249 0.00937449 
0.0151467 0.0154993 0.0171329 0.0136011 0.0106794 0.0584615 0 0.00378703 0.00356762 0.00361711 0.0036613 0.00361562 0.00377295 0.00446797 0.3461 0.0104326 0.0132594 0.00955782 0.0128391 0.0103667 0.0100368 0.0117445 0.0124019 0.0116164 0.0100382 0.00950394 0.00926946 0.0138079 0.0129151 0.00836356 0.00918266 0.00957642 0.00855598 0.00896634 0.00963091 0.00931939 0.00838708 0.0084281 0.00833964 0.00857187 0.0091134 0.00813312 0.00854245 0.00862683 0.00806325 0.0081133 0.00829435 0.00855899 0.00847474 0.00805318 0.00806345 0.00824003 0.00803002 0.00807744 0.00802665 0.00806825 0.00849796 0.00824568 0.00820334 0.00822142 0.00831981 0.00822425 0.00877101 
0.0107247 0.00940319 0.0104906 0.00902361 0.0182235 0.00529454 0.00378703 0 0.00360714 0.00362287 0.00359726 0.00356428 0.00794109 0.00417827 0.0229104 0.506943 0.0128474 0.0374808 0.015945 0.0356009 0.0223959 0.0145161 0.0111181 0.0222466 0.0243568 0.0199243 0.019758 0.0100702 0.0302392 0.0135461 0.0105358 0.0085139 0.00865715 0.00866356 0.00931942 0.00875933 0.00963661 0.00936125 0.0105658 0.0090368 0.008745 0.00799415 0.00811559 0.00807394 0.00872627 0.00829066 0.0081647 0.00802852 0.00814874 0.00817187 0.00818273 0.00816453 0.00818174 0.00814307 0.00813603 0.00807637 0.00826226 0.00843095 0.00852567 0.00866532 0.00847198 0.00884436 0.00823464 
0.00925869 0.00987825 0.00997025 0.0115665 0.0103878 0.00478689 0.00356762 0.00360714 0 0.00362548 0.0035841 0.00359563 0.00354264 0.0036061 0.094225 0.03374 0.5041 0.027843 0.142443 0.0593694 0.0620622 0.0209127 0.0106311 0.0145783 0.085449 0.0883042 0.0243195 0.0162913 0.023657 0.0170126 0.0121151 0.00893644 0.00878868 0.00926074 0.00944586 0.00869552 0.00975582 0.0151342 0.023421 0.0105094 0.00889258 0.00806618 0.0080843 0.00842185 0.00866044 0.00891709 0.00826535 0.00797381 0.00826406 0.0084121 0.00842125 0.00843923 0.008459 0.00829517 0.00816798 0.00802078 0.0086628 0.00881732 0.00908508 0.00938955 0.00900165 0.00896864 0.00875981 
0.00929302 0.0094155 0.0103639 0.0107534 0.0116625 0.00440052 0.00361711 0.00362287 0.00362548 0 0.00621935 0.00356321 0.00354293 0.00364033 0.0424969 0.162122 0.0544573 0.55228 0.0774699 0.219624 0.078309 0.0340461 0.0120277 0.0244187 0.075487 0.178621 0.0492897 0.023284 0.0428512 0.0218144 0.0203355 0.00913586 0.00928278 0.0100256 0.00992365 0.00907299 0.0119097 0.0182498 0.0399877 0.0133179 0.00910604 0.00815493 0.00820145 0.0084685 0.00918059 0.00957645 0.00862007 0.00797485 0.00839798 0.00866386 0.00872268 0.00885094 0.00869057 0.00932711 0.00850219 0.00819297 0.00959169 0.00944103 0.0106765 0.0103773 0.00980837 0.00957795 0.00902076 
0.00930035 0.00919257 0.0108638 0.010256 0.00916171 0.00473378 0.0036613 0.00359726 0.0035841 0.00621935 0 0.00356913 0.00354049 0.00356849 0.0470889 0.0407384 0.18346 0.0709255 0.566448 0.0770261 0.136447 0.0313302 0.012273 0.0166884 0.0663082 0.122089 0.0597735 0.018806 0.0255885 0.0207771 0.0165815 0.0091125 0.00898888 0.00989164 0.00963068 0.00889588 0.0101712 0.0178224 0.0338743 0.0132997 0.00911899 0.00809254 0.00810224 0.00840431 0.00882231 0.0093998 0.00842074 0.00794924 0.0082719 0.00862222 0.00861936 0.00850519 0.00856417 0.00837377 0.00834821 0.00803393 0.00917209 0.00915674 0.0102992 0.00995292 0.00935804 0.0092211 0.0085244 
0.00847954 0.00857452 0.00834478 0.00805619 0.00843037 0.00497413 0.00361562 0.00356428 0.00359563 0.00356321 0.00356913 0 0.00357092 0.00354854 0.0159794 0.096098 0.057194 0.176362 0.0437735 0.489284 0.0527359 0.0284978 0.00988078 0.0122219 0.0315405 0.109948 0.0302243 0.0127952 0.0180935 0.0120994 0.0151908 0.00850265 0.00871511 0.00884762 0.00890466 0.00871972 0.00935593 0.011678 0.0269869 0.0100096 0.00879303 0.00797717 0.00800971 0.00811662 0.00865594 0.0086206 0.00821745 0.00792998 0.00813641 0.00829124 0.00830069 0.00826668 0.00823499 0.00828418 0.0081606 0.00803869 0.00849042 0.00880632 0.00896613 0.00942009 0.00901163 0.00919914 0.00829239 
0.00910157 0.00947156 0.0099362 0.0109199 0.00855499 0.00623013 0.00377295 0.00794109 0.00354264 0.00354293 0.00354049 0.00357092 0 0.00371737 0.0214628 0.0301354 0.069488 0.0245896 0.0956284 0.0431058 0.301959 0.0465116 0.0132063 0.0101214 0.026815 0.026486 0.0407973 0.0130758 0.0116592 0.020158 0.0106647 0.00941051 0.00880343 0.00980707 0.00915415 0.0089132 0.00885588 0.0101629 0.0108301 0.00978428 0.00896878 0.00804793 0.00806481 0.00815757 0.00820009 0.00845636 0.00830033 0.00795108 0.00812424 0.00816882 0.00808901 0.00811607 0.00808169 0.00804709 0.0079936 0.0079341 0.00826141 0.00847491 0.00838905 0.00845694 0.0084224 0.0083421 0.00815429 
0.0118686 0.0137673 0.0142413 0.0153901 0.0156261 0.0120468 0.00446797 0.00417827 0.0036061 0.00364033 0.00356849 0.00354854 0.00371737 0 0.0187717 0.025972 0.018122 0.0279855 0.0222609 0.0282489 0.0207902 0.197285 0.0455019 0.0207025 0.0105426 0.0116769 0.0150124 0.0243854 0.0240936 0.00968793 0.0111766 0.0189373 0.0106741 0.0100507 0.01149 0.010173 0.0162696 0.00881517 0.0090842 0.00902151 0.00956095 0.00831249 0.00887902 0.00847775 0.00819027 0.00811998 0.00823264 0.00831471 0.00818469 0.00800498 0.00802794 0.00803536 0.0080831 0.00799914 0.00798539 0.00800046 0.00866631 0.00817095 0.00819204 0.00825451 0.00815984 0.0082387 0.00807916 
0.0105829 0.0104102 0.0133283 0.0104506 0.0120077 0.0155017 0.3461 0.0229104 0.094225 0.0424969 0.0470889 0.0159794 0.0214628 0.0187717 0 0.00365813 0.00355799 0.00356107 0.00368389 0.00408893 0.00403176 0.00446228 0.0081749 0.0269507 0.0159045 0.0135327 0.0110847 0.0248154 0.0160094 0.0101001 0.0135932 0.012188 0.00902187 0.0119662 0.0101522 0.010029 0.00869972 0.00930775 0.00912673 0.00932294 0.0118099 0.00818356 0.00878317 0.00833334 0.00801524 0.0081733 0.00872081 0.00841617 0.0080594 0.00800567 0.00800562 0.00806708 0.00799868 0.00800496 0.00797295 0.00797829 0.00828304 0.00818175 0.00818206 0.00826565 0.00826242 0.00807678 0.00845324 
0.00842859 0.00845117 0.00894981 0.00907472 0.0114328 0.00923855 0.0104326 0.506943 0.03374 0.162122 0.0407384 0.096098 0.0301354 0.025972 0.00365813 0 0.0035868 0.00355805 0.00356956 0.00375998 0.0038656 0.00401249 0.00440167 0.0451526 0.066894 0.0210535 0.0300678 0.0112744 0.0256903 0.0178943 0.0107731 0.00932904 0.0104488 0.00986123 0.0105094 0.00988694 0.00996296 0.0120294 0.0180217 0.0118043 0.00950752 0.0080526 0.00808133 0.00811341 0.00912141 0.00845711 0.00875952 0.00795275 0.00811509 0.00821107 0.00825751 0.00822418 0.00828258 0.00819786 0.00815784 0.00799154 0.00824807 0.00918576 0.00888031 0.010007 0.00863327 0.00906915 0.00816276 
0.00831626 0.00839165 0.0087639 0.00923786 0.00919286 0.00897604 0.0132594 0.0128474 0.5041 0.0544573 0.18346 0.057194 0.069488 0.018122 0.00355799 0.0035868 0 0.00356039 0.00355505 0.00360575 0.00354785 0.00375729 0.00363591 0.0259084 0.0530009 0.106193 0.0223901 0.0162053 0.0182173 0.0163886 0.0124689 0.00942427 0.00906189 0.0102854 0.00929283 0.00910019 0.00917485 0.0172656 0.0264011 0.0112896 0.00939539 0.00802819 0.00803876 0.00833053 0.00872657 0.00911976 0.0083685 0.00795824 0.00811816 0.00835337 0.00835049 0.00839066 0.00835237 0.00827609 0.00822986 0.00802172 0.00850512 0.00876557 0.00981763 0.00942333 0.00941784 0.0088879 0.00847356 
0.00820496 0.00828239 0.00854256 0.0087512 0.0097117 0.00883287 0.00955782 0.0374808 0.027843 0.55228 0.0709255 0.176362 0.0245896 0.0279855 0.00356107 0.00355805 0.00356039 0 0.00354986 0.00357441 0.00355854 0.00355377 0.00382712 0.032845 0.0700664 0.0666724 0.0419297 0.0130101 0.0201612 0.0137905 0.0254359 0.00882889 0.00929073 0.0093173 0.00933019 0.0090968 0.0105506 0.0143865 0.0351836 0.0123891 0.00939797 0.00810058 0.0080582 0.00812725 0.00920052 0.00862064 0.0083609 0.00794979 0.00815649 0.00822133 0.00846303 0.00830795 0.00833459 0.00823304 0.00813935 0.00809025 0.00834023 0.00958128 0.00900322 0.0106498 0.00885294 0.00923291 0.00830326 
0.00856574 0.00919967 0.00925845 0.00948373 0.00920813 0.00939665 0.0128391 0.015945 0.142443 0.0774699 0.566448 0.0437735 0.0956284 0.0222609 0.00368389 0.00356956 0.00355505 0.00354986 0 0.00355316 0.00354055 0.00352559 0.00356277 0.0587321 0.088571 0.120918 0.0319288 0.0200014 0.0240797 0.0151149 0.0152678 0.00948432 0.00932692 0.0102358 0.0100741 0.009161 0.0109217 0.0246886 0.0326269 0.0143078 0.00978635 0.00812741 0.00812251 0.00857474 0.00898908 0.00931711 0.00882093 0.00797666 0.00819823 0.00857846 0.00863356 0.00868054 0.00859229 0.00844365 0.00830373 0.00804156 0.00877794 0.00908099 0.0110177 0.0101029 0.0102875 0.00917593 0.0086027 
0.00831741 0.00854406 0.00902119 0.00934431 0.00990805 0.00912582 0.0103667 0.0356009 0.0593694 0.219624 0.0770261 0.489284 0.0431058 0.0282489 0.00408893 0.00375998 0.00360575 0.00357441 0.00355316 0 0.00353563 0.00360689 0.00354363 0.0497507 0.131305 0.097567 0.0553595 0.0180163 0.0222694 0.0250367 0.0151803 0.00945857 0.00964483 0.0107066 0.0100346 0.00956145 0.0110728 0.0207343 0.0447149 0.0151582 0.01009 0.00808715 0.0081284 0.00846402 0.00933178 0.00943631 0.00859407 0.00796391 0.00819851 0.00845404 0.0086133 0.00854192 0.00848769 0.00846787 0.00830078 0.00809243 0.00877641 0.0102442 0.00982237 0.0102329 0.00968273 0.00945214 0.00855546 
0.00825449 0.00827214 0.00847772 0.00893323 0.00988544 0.00875063 0.0100368 0.0223959 0.0620622 0.078309 0.136447 0.0527359 0.301959 0.0207902 0.00403176 0.0038656 0.00354785 0.00355854 0.00354055 0.00353563 0 0.00356194 0.00355278 0.0358289 0.0891375 0.185646 0.055042 0.0153459 0.0232149 0.0166541 0.0183135 0.00902537 0.00948963 0.00962917 0.00965645 0.00900146 0.0101785 0.0159242 0.0436234 0.0135757 0.00914589 0.00805116 0.00805181 0.00818344 0.00898813 0.00884308 0.00847434 0.00795195 0.00814907 0.00824607 0.00842321 0.00828292 0.00841601 0.00818592 0.00818147 0.00800986 0.00865791 0.00883175 0.00968692 0.0100037 0.00911248 0.00916472 0.00819263 
0.00857381 0.00880125 0.00919535 0.0107917 0.00956283 0.0097342 0.0117445 0.0145161 0.0209127 0.0340461 0.0313302 0.0284978 0.0465116 0.197285 0.00446228 0.00401249 0.00375729 0.00355377 0.00352559 0.00360689 0.00356194 0 0.00364186 0.011524 0.0442836 0.0784471 0.157661 0.0389538 0.0132841 0.0389779 0.0167927 0.0132359 0.0100576 0.0124664 0.0109806 0.0095136 0.0102569 0.0133384 0.0123644 0.0121427 0.00963825 0.00823313 0.00820649 0.00836949 0.00833246 0.00860377 0.00841963 0.00796566 0.00815035 0.00817041 0.00813865 0.00821926 0.00815486 0.00808456 0.0080721 0.00794959 0.00826555 0.00857519 0.00853416 0.00868101 0.00853845 0.00844298 0.00820501 
0.00922828 0.00932112 0.0106587 0.0112281 0.00968452 0.0111629 0.0124019 0.0111181 0.0106311 0.0120277 0.012273 0.00988078 0.0132063 0.0455019 0.0081749 0.00440167 0.00363591 0.00382712 0.00356277 0.00354363 0.00355278 0.00364186 0 0.020107 0.0126267 0.0196897 0.0666597 0.108926 0.0197155 0.0103239 0.0138057 0.0142054 0.0114124 0.00974788 0.0122128 0.00892625 0.0152801 0.00901779 0.00913982 0.00896822 0.00913967 0.00836792 0.00900136 0.0087569 0.00818005 0.00814052 0.00817894 0.00824045 0.00833027 0.00796287 0.007994 0.00799088 0.00800965 0.00798152 0.00797001 0.00798263 0.00849011 0.00817413 0.00811279 0.00827853 0.00803918 0.00811682 0.00806651 
0.00877258 0.00865687 0.00937616 0.00835166 0.0109336 0.0103526 0.0116164 0.0222466 0.0145783 0.0244187 0.0166884 0.0122219 0.0101214 0.0207025 0.0269507 0.0451526 0.0259084 0.032845 0.0587321 0.0497507 0.0358289 0.011524 0.020107 0 0.00368033 0.00356281 0.00363568 0.00385191 0.00478364 0.00504038 0.0105317 0.00946528 0.0129306 0.015286 0.0120218 0.0139936 0.0163533 0.0106954 0.0129433 0.0106066 0.0174807 0.00856738 0.00956496 0.00835426 0.00865254 0.00833108 0.0119903 0.00854822 0.00831606 0.00802747 0.00816771 0.00808915 0.00815074 0.00800087 0.00806778 0.00821934 0.00850344 0.00853614 0.0083651 0.00898643 0.00831918 0.00869309 0.00848817 
0.00819215 0.00826272 0.00847538 0.00854808 0.00917622 0.00906562 0.0100382 0.0243568 0.085449 0.075487 0.0663082 0.0315405 0.026815 0.0105426 0.0159045 0.066894 0.0530009 0.0700664 0.088571 0.131305 0.0891375 0.0442836 0.0126267 0.00368033 0 0.00357321 0.00357641 0.00368392 0.00689582 0.0142034 0.0126001 0.00753316 0.0183519 0.012756 0.0147569 0.0115315 0.0110082 0.0520628 0.0204563 0.0302407 0.010887 0.00829235 0.00836968 0.00873783 0.00893953 0.0114369 0.00903113 0.00805809 0.00823738 0.00843769 0.00828514 0.00861766 0.0083001 0.00829491 0.00836963 0.00803238 0.0083952 0.00942002 0.00960024 0.00992861 0.00980574 0.00940072 0.00859697 
0.00805902 0.00810525 0.0081979 0.00853644 0.0087609 0.00846904 0.00950394 0.0199243 0.0883042 0.178621 0.122089 0.109948 0.026486 0.0116769 0.0135327 0.0210535 0.106193 0.0666724 0.120918 0.097567 0.185646 0.0784471 0.0196897 0.00356281 0.00357321 0 0.0035286 0.00356978 0.00688879 0.0090333 0.0106049 0.00663113 0.0109805 0.0165576 0.0106701 0.00914584 0.0145623 0.0252856 0.150743 0.0153283 0.0109315 0.00823145 0.00824963 0.0085613 0.00941422 0.0122424 0.00927759 0.00798405 0.00843073 0.00848443 0.00875045 0.00880837 0.00874583 0.00859929 0.00831028 0.00808497 0.00894805 0.00980757 0.0131771 0.0132788 0.0134434 0.00961949 0.00888444 
0.00828059 0.00830302 0.00877962 0.0088828 0.0100204 0.00858706 0.00926946 0.019758 0.0243195 0.0492897 0.0597735 0.0302243 0.0407973 0.0150124 0.0110847 0.0300678 0.0223901 0.0419297 0.0319288 0.0553595 0.055042 0.157661 0.0666597 0.00363568 0.00357641 0.0035286 0 0.00354967 0.00703943 0.0190336 0.0079156 0.00653281 0.0136878 0.0239549 0.0134287 0.0128955 0.0134507 0.0379163 0.028547 0.0410475 0.0109794 0.00878591 0.00886374 0.0087585 0.0110512 0.0100365 0.00975716 0.00805914 0.00825432 0.00840708 0.00841859 0.00850218 0.00843214 0.00822922 0.00824778 0.00803945 0.00877032 0.00935866 0.00938417 0.0107834 0.00904664 0.00989299 0.00836742 
0.00921108 0.00936371 0.0100921 0.0110715 0.00944639 0.0114065 0.0138079 0.0100702 0.0162913 0.023284 0.018806 0.0127952 0.0130758 0.0243854 0.0248154 0.0112744 0.0162053 0.0130101 0.0200014 0.0180163 0.0153459 0.0389538 0.108926 0.00385191 0.00368392 0.00356978 0.00354967 0 0.0210921 0.00840455 0.00736415 0.00811065 0.0142556 0.0253382 0.0191725 0.0108751 0.0336567 0.0120519 0.0146145 0.0159333 0.0161783 0.0103958 0.0112747 0.0140782 0.00857021 0.00885939 0.0102179 0.00857261 0.00884652 0.00808935 0.00818454 0.00815849 0.00814175 0.00804519 0.0080535 0.00803682 0.0111031 0.00866711 0.0088634 0.00907112 0.00900955 0.00856907 0.00898343 
0.00934004 0.0093019 0.010433 0.00878739 0.0119091 0.0109523 0.0129151 0.0302392 0.023657 0.0428512 0.0255885 0.0180935 0.0116592 0.0240936 0.0160094 0.0256903 0.0182173 0.0201612 0.0240797 0.0222694 0.0232149 0.0132841 0.0197155 0.00478364 0.00689582 0.00688879 0.00703943 0.0210921 0 0.00361559 0.00357586 0.00387299 0.0150469 0.0280366 0.0150752 0.0177071 0.0253773 0.0193841 0.0203811 0.0144511 0.0208031 0.00896877 0.0111004 0.0093541 0.00948915 0.00953569 0.0127856 0.00919117 0.00856094 0.00839091 0.00830789 0.00833349 0.00828937 0.00816116 0.00825723 0.0086232 0.00911691 0.00924035 0.00900827 0.0101259 0.00894698 0.00945894 0.00952613 
0.00808061 0.00805224 0.00822571 0.00859809 0.00887519 0.00833828 0.00836356 0.0135461 0.0170126 0.0218144 0.0207771 0.0120994 0.020158 0.00968793 0.0101001 0.0178943 0.0163886 0.0137905 0.0151149 0.0250367 0.0166541 0.0389779 0.0103239 0.00504038 0.0142034 0.0090333 0.0190336 0.00840455 0.00361559 0 0.00355596 0.00358237 0.0300776 0.0259425 0.0182259 0.016157 0.0105504 0.0201501 0.0150614 0.0254926 0.0101185 0.00862821 0.00827898 0.00831748 0.0087439 0.0101179 0.00883362 0.00801557 0.00810191 0.0082504 0.00815308 0.00815044 0.00828921 0.00807559 0.00824499 0.00796058 0.00832122 0.00894801 0.00878587 0.00916679 0.00868235 0.00919609 0.00815669 
0.00819178 0.00829514 0.00861294 0.00852097 0.00849056 0.00890412 0.00918266 0.0105358 0.0121151 0.0203355 0.0165815 0.0151908 0.0106647 0.0111766 0.0135932 0.0107731 0.0124689 0.0254359 0.0152678 0.0151803 0.0183135 0.0167927 0.0138057 0.0105317 0.0126001 0.0106049 0.0079156 0.00736415 0.00357586 0.00355596 0 0.00625423 0.0114599 0.015545 0.0156064 0.00796144 0.0196653 0.0114592 0.0193023 0.011176 0.0108031 0.00859916 0.00908705 0.00914849 0.00856651 0.00858673 0.00896693 0.00811623 0.0083622 0.00809834 0.00806493 0.00813565 0.00802651 0.00803293 0.0079963 0.00796135 0.00910119 0.00845169 0.00895181 0.0092886 0.00896709 0.00865168 0.00829092 
0.0100074 0.00993248 0.0103793 0.00912896 0.00933338 0.0141314 0.00957642 0.0085139 0.00893644 0.00913586 0.0091125 0.00850265 0.00941051 0.0189373 0.012188 0.00932904 0.00942427 0.00882889 0.00948432 0.00945857 0.00902537 0.0132359 0.0142054 0.00946528 0.00753316 0.00663113 0.00653281 0.00811065 0.00387299 0.00358237 0.00625423 0 0.0411849 0.0288994 0.0148996 0.0143121 0.0138393 0.0101179 0.00908146 0.0115052 0.0148045 0.0133088 0.0146346 0.00996196 0.00811707 0.00842455 0.00944335 0.0102732 0.0086598 0.00800953 0.00799276 0.00804239 0.00801035 0.00798499 0.00803049 0.00816014 0.00884085 0.00812124 0.00814244 0.00820611 0.00816686 0.00815998 0.00889188 
0.00876581 0.00889103 0.00896072 0.00836252 0.00926682 0.00958261 0.00855598 0.00865715 0.00878868 0.00928278 0.00898888 0.00871511 0.00880343 0.0106741 0.00902187 0.0104488 0.00906189 0.00929073 0.00932692 0.00964483 0.00948963 0.0100576 0.0114124 0.0129306 0.0183519 0.0109805 0.0136878 0.0142556 0.0150469 0.0300776 0.0114599 0.0411849 0 0.00435645 0.00759443 0.0241787 0.0150276 0.0138708 0.0104215 0.0123579 0.0171615 0.0102097 0.0113876 0.00865275 0.00847115 0.00870239 0.0100703 0.00956451 0.00816669 0.00803581 0.00797821 0.00804417 0.00800744 0.00798509 0.00804404 0.00814827 0.00817496 0.00827506 0.00818278 0.00818508 0.00824774 0.0082951 0.0085157 
0.00840699 0.00824482 0.00866516 0.00879785 0.00831861 0.00886016 0.00896634 0.00866356 0.00926074 0.0100256 0.00989164 0.00884762 0.00980707 0.0100507 0.0119662 0.00986123 0.0102854 0.0093173 0.0102358 0.0107066 0.00962917 0.0124664 0.00974788 0.015286 0.012756 0.0165576 0.0239549 0.0253382 0.0280366 0.0259425 0.015545 0.0288994 0.00435645 0 0.0196154 0.00369661 0.018157 0.0159334 0.0136567 0.0158601 0.0109779 0.0123669 0.0107297 0.0111408 0.00872179 0.00919121 0.00950192 0.00851875 0.00856613 0.00814673 0.00801876 0.00810922 0.00807278 0.00800771 0.00803156 0.0079606 0.00924174 0.00833889 0.00836981 0.00850095 0.00838679 0.00848406 0.00861419 
0.00959662 0.00908433 0.00994392 0.00872008 0.00901885 0.0110135 0.00963091 0.00931942 0.00944586 0.00992365 0.00963068 0.00890466 0.00915415 0.01149 0.0101522 0.0105094 0.00929283 0.00933019 0.0100741 0.0100346 0.00965645 0.0109806 0.0122128 0.0120218 0.0147569 0.0106701 0.0134287 0.0191725 0.0150752 0.0182259 0.0156064 0.0148996 0.00759443 0.0196154 0 0.00399545 0.0142295 0.0180922 0.0144494 0.0183914 0.0241102 0.0125503 0.0199843 0.0099372 0.00904977 0.00933448 0.0112864 0.0105938 0.00922865 0.00812102 0.00808555 0.00823883 0.0080665 0.00807455 0.00809733 0.00818097 0.00899761 0.0085306 0.00839059 0.00849285 0.00850328 0.00861877 0.00900964 
0.00839712 0.00852172 0.0087076 0.00875029 0.00855764 0.00905794 0.00931939 0.00875933 0.00869552 0.00907299 0.00889588 0.00871972 0.0089132 0.010173 0.010029 0.00988694 0.00910019 0.0090968 0.009161 0.00956145 0.00900146 0.0095136 0.00892625 0.0139936 0.0115315 0.00914584 0.0128955 0.0108751 0.0177071 0.016157 0.00796144 0.0143121 0.0241787 0.00369661 0.00399545 0 0.0231474 0.010394 0.0100628 0.0155599 0.00954534 0.0116201 0.0129892 0.0103881 0.00914363 0.00892437 0.00888046 0.0089797 0.00905845 0.00827536 0.00811155 0.0080909 0.00814384 0.00807813 0.00815721 0.00801497 0.00935374 0.00856702 0.00823085 0.00849874 0.00819175 0.00866753 0.00824247 
0.00893543 0.0084458 0.00873688 0.00829516 0.00914173 0.0095441 0.00838708 0.00963661 0.00975582 0.0119097 0.0101712 0.00935593 0.00885588 0.0162696 0.00869972 0.00996296 0.00917485 0.0105506 0.0109217 0.0110728 0.0101785 0.0102569 0.0152801 0.0163533 0.0110082 0.0145623 0.0134507 0.0336567 0.0253773 0.0105504 0.0196653 0.0138393 0.0150276 0.018157 0.0142295 0.0231474 0 0.00420823 0.00366047 0.00368292 0.00444951 0.0119421 0.0153367 0.0103641 0.00937932 0.00947072 0.0216087 0.0114529 0.00853812 0.00823928 0.00824449 0.00823116 0.00835908 0.00817944 0.00887791 0.00933142 0.00881493 0.00884217 0.00871701 0.00945204 0.0089429 0.0103943 0.0115886 
0.00810409 0.00802119 0.00810867 0.00824146 0.00835146 0.00819544 0.0084281 0.00936125 0.0151342 0.0182498 0.0178224 0.011678 0.0101629 0.00881517 0.00930775 0.0120294 0.0172656 0.0143865 0.0246886 0.0207343 0.0159242 0.0133384 0.00901779 0.0106954 0.0520628 0.0252856 0.0379163 0.0120519 0.0193841 0.0201501 0.0114592 0.0101179 0.0138708 0.0159334 0.0180922 0.010394 0.00420823 0 0.00360167 0.00358456 0.00355775 0.0098263 0.00949227 0.0101041 0.00960985 0.0163216 0.0106623 0.00859568 0.00857598 0.0086937 0.0084293 0.00912544 0.00847072 0.00854366 0.00843866 0.00821385 0.00910604 0.0106764 0.012994 0.0121098 0.0142107 0.00968734 0.00924821 
0.00799577 0.00800955 0.00800881 0.00814315 0.00835762 0.00805945 0.00833964 0.0105658 0.023421 0.0399877 0.0338743 0.0269869 0.0108301 0.0090842 0.00912673 0.0180217 0.0264011 0.0351836 0.0326269 0.0447149 0.0436234 0.0123644 0.00913982 0.0129433 0.0204563 0.150743 0.028547 0.0146145 0.0203811 0.0150614 0.0193023 0.00908146 0.0104215 0.0136567 0.0144494 0.0100628 0.00366047 0.00360167 0 0.0035498 0.00353958 0.00952956 0.00936157 0.0095028 0.0144775 0.0138654 0.0102424 0.00827134 0.00860499 0.00891282 0.0104029 0.0093498 0.00957065 0.00896105 0.00849905 0.0083375 0.00907908 0.0122176 0.0180441 0.0284072 0.015604 0.0143886 0.00903713 
0.00806224 0.00815021 0.00822454 0.00842235 0.00865058 0.00838424 0.00857187 0.0090368 0.0105094 0.0133179 0.0132997 0.0100096 0.00978428 0.00902151 0.00932294 0.0118043 0.0112896 0.0123891 0.0143078 0.0151582 0.0135757 0.0121427 0.00896822 0.0106066 0.0302407 0.0153283 0.0410475 0.0159333 0.0144511 0.0254926 0.011176 0.0115052 0.0123579 0.0158601 0.0183914 0.0155599 0.00368292 0.00358456 0.0035498 0 0.00353565 0.0104157 0.012643 0.0125446 0.016909 0.012168 0.0116996 0.00868091 0.0092656 0.00889537 0.00849059 0.00853712 0.00857788 0.00841466 0.00852293 0.00829204 0.00980344 0.0109955 0.00980946 0.0107937 0.00970006 0.0109069 0.008793 
0.00855236 0.00855468 0.00890082 0.00877013 0.00849709 0.00912168 0.0091134 0.008745 0.00889258 0.00910604 0.00911899 0.00879303 0.00896878 0.00956095 0.0118099 0.00950752 0.00939539 0.00939797 0.00978635 0.01009 0.00914589 0.00963825 0.00913967 0.0174807 0.010887 0.0109315 0.0109794 0.0161783 0.0208031 0.0101185 0.0108031 0.0148045 0.0171615 0.0109779 0.0241102 0.00954534 0.00444951 0.00355775 0.00353958 0.00353565 0 0.026519 0.0154127 0.0260888 0.00986266 0.0122011 0.0112795 0.0104472 0.0114542 0.00857628 0.00840365 0.00850279 0.00835705 0.0082199 0.00827055 0.00810809 0.0134253 0.00917338 0.00891649 0.00895011 0.00894092 0.00876158 0.00905983 
0.008753 0.0082903 0.00840609 0.00806128 0.00807425 0.00848604 0.00813312 0.00799415 0.00806618 0.00815493 0.00809254 0.00797717 0.00804793 0.00831249 0.00818356 0.0080526 0.00802819 0.00810058 0.00812741 0.00808715 0.00805116 0.00823313 0.00836792 0.00856738 0.00829235 0.00823145 0.00878591 0.0103958 0.00896877 0.00862821 0.00859916 0.0133088 0.0102097 0.0123669 0.0125503 0.0116201 0.0119421 0.0098263 0.00952956 0.0104157 0.026519 0 0.171611 0.010962 0.00882843 0.00994733 0.0154391 0.0176134 0.0085972 0.00805948 0.00800589 0.00796917 0.00797599 0.00797857 0.00801732 0.0081285 0.00892437 0.00823919 0.00805264 0.00819527 0.00818696 0.00829818 0.00894482 
0.0130739 0.00990682 0.00991718 0.00852358 0.00872542 0.0104843 0.00854245 0.00811559 0.0080843 0.00820145 0.00810224 0.00800971 0.00806481 0.00887902 0.00878317 0.00808133 0.00803876 0.0080582 0.00812251 0.0081284 0.00805181 0.00820649 0.00900136 0.00956496 0.00836968 0.00824963 0.00886374 0.0112747 0.0111004 0.00827898 0.00908705 0.0146346 0.0113876 0.0107297 0.0199843 0.0129892 0.0153367 0.00949227 0.00936157 0.012643 0.0154127 0.171611 0 0.0352598 0.00828058 0.00639923 0.00952988 0.0287333 0.0121925 0.00867727 0.00837505 0.00859019 0.00848416 0.0082971 0.00865504 0.00979742 0.01344 0.00995736 0.00861735 0.00879797 0.00878553 0.00931059 0.0114661 
0.00877733 0.0085394 0.00858568 0.00829082 0.00807782 0.00886771 0.00862683 0.00807394 0.00842185 0.0084685 0.00840431 0.00811662 0.00815757 0.00847775 0.00833334 0.00811341 0.00833053 0.00812725 0.00857474 0.00846402 0.00818344 0.00836949 0.0087569 0.00835426 0.00873783 0.0085613 0.0087585 0.0140782 0.0093541 0.00831748 0.00914849 0.00996196 0.00865275 0.0111408 0.0099372 0.0103881 0.0103641 0.0101041 0.0095028 0.0125446 0.0260888 0.010962 0.0352598 0 0.00371982 0.00401765 0.00427515 0.0185152 0.0173682 0.00874785 0.0087532 0.0104718 0.00849034 0.00904036 0.00942239 0.0117709 0.0106967 0.0092125 0.0103904 0.00915957 0.0132678 0.00880977 0.0332149 
0.00800812 0.00794076 0.00798352 0.0079874 0.00810335 0.00797424 0.00806325 0.00872627 0.00866044 0.00918059 0.00882231 0.00865594 0.00820009 0.00819027 0.00801524 0.00912141 0.00872657 0.00920052 0.00898908 0.00933178 0.00898813 0.00833246 0.00818005 0.00865254 0.00893953 0.00941422 0.0110512 0.00857021 0.00948915 0.0087439 0.00856651 0.00811707 0.00847115 0.00872179 0.00904977 0.00914363 0.00937932 0.00960985 0.0144775 0.016909 0.00986266 0.00882843 0.00828058 0.00371982 0 0.00366852 0.00376305 0.00660906 0.00945299 0.0142814 0.0108678 0.00852739 0.0116232 0.0085205 0.00993012 0.00912124 0.00896963 0.0123425 0.00962597 0.0248899 0.0089595 0.0448287 0.00871867 
0.00801144 0.00797307 0.0080827 0.00804702 0.00796447 0.00802184 0.0081133 0.00829066 0.00891709 0.00957645 0.0093998 0.0086206 0.00845636 0.00811998 0.0081733 0.00845711 0.00911976 0.00862064 0.00931711 0.00943631 0.00884308 0.00860377 0.00814052 0.00833108 0.0114369 0.0122424 0.0100365 0.00885939 0.00953569 0.0101179 0.00858673 0.00842455 0.00870239 0.00919121 0.00933448 0.00892437 0.00947072 0.0163216 0.0138654 0.012168 0.0122011 0.00994733 0.00639923 0.00401765 0.00366852 0 0.00352646 0.00787478 0.0130225 0.0120562 0.00929333 0.0125931 0.00872503 0.0105114 0.00983236 0.00842159 0.0102242 0.0121201 0.0207401 0.00983622 0.0396745 0.00952839 0.0114988 
0.00819708 0.00811585 0.00827134 0.00812548 0.00809137 0.00844337 0.00829435 0.0081647 0.00826535 0.00862007 0.00842074 0.00821745 0.00830033 0.00823264 0.00872081 0.00875952 0.0083685 0.0083609 0.00882093 0.00859407 0.00847434 0.00841963 0.00817894 0.0119903 0.00903113 0.00927759 0.00975716 0.0102179 0.0127856 0.00883362 0.00896693 0.00944335 0.0100703 0.00950192 0.0112864 0.00888046 0.0216087 0.0106623 0.0102424 0.0116996 0.0112795 0.0154391 0.00952988 0.00427515 0.00376305 0.00352646 0 0.0263225 0.019938 0.00990349 0.00926327 0.00888878 0.00963287 0.00860723 0.00885521 0.0089449 0.0193253 0.0123006 0.0101519 0.017096 0.00941079 0.0140805 0.0108611 
0.00944457 0.00894698 0.00932173 0.00835696 0.00812701 0.00949046 0.00855899 0.00802852 0.00797381 0.00797485 0.00794924 0.00792998 0.00795108 0.00831471 0.00841617 0.00795275 0.00795824 0.00794979 0.00797666 0.00796391 0.00795195 0.00796566 0.00824045 0.00854822 0.00805809 0.00798405 0.00805914 0.00857261 0.00919117 0.00801557 0.00811623 0.0102732 0.00956451 0.00851875 0.0105938 0.0089797 0.0114529 0.00859568 0.00827134 0.00868091 0.0104472 0.0176134 0.0287333 0.0185152 0.00660906 0.00787478 0.0263225 0 0.0200145 0.00847993 0.0085955 0.00851522 0.00847216 0.00828361 0.00910722 0.0098176 0.0153908 0.0093846 0.00872209 0.00878041 0.0089815 0.00881916 0.0124252 
0.00929905 0.00880021 0.00895029 0.00820914 0.00824078 0.00877507 0.00847474 0.00814874 0.00826406 0.00839798 0.0082719 0.00813641 0.00812424 0.00818469 0.0080594 0.00811509 0.00811816 0.00815649 0.00819823 0.00819851 0.00814907 0.00815035 0.00833027 0.00831606 0.00823738 0.00843073 0.00825432 0.00884652 0.00856094 0.00810191 0.0083622 0.0086598 0.00816669 0.00856613 0.00922865 0.00905845 0.00853812 0.00857598 0.00860499 0.0092656 0.0114542 0.0085972 0.0121925 0.0173682 0.00945299 0.0130225 0.019938 0.0200145 0 0.00446973 0.00370333 0.00398513 0.00363446 0.00573502 0.00489702 0.010297 0.00702319 0.00679356 0.007511 0.00756603 0.0104718 0.0123646 0.60026 
0.00819659 0.00804855 0.00800048 0.00799803 0.00802233 0.00800185 0.00805318 0.00817187 0.0084121 0.00866386 0.00862222 0.00829124 0.00816882 0.00800498 0.00800567 0.00821107 0.00835337 0.00822133 0.00857846 0.00845404 0.00824607 0.00817041 0.00796287 0.00802747 0.00843769 0.00848443 0.00840708 0.00808935 0.00839091 0.0082504 0.00809834 0.00800953 0.00803581 0.00814673 0.00812102 0.00827536 0.00823928 0.0086937 0.00891282 0.00889537 0.00857628 0.00805948 0.00867727 0.00874785 0.0142814 0.0120562 0.00990349 0.00847993 0.00446973 0 0.00359861 0.00357666 0.00367391 0.00362356 0.00416625 0.00373022 0.00542384 0.00638032 0.00670975 0.00790521 0.00892405 0.548625 0.0606651 
0.00825743 0.00805692 0.00807663 0.00802693 0.00805152 0.00800721 0.00806345 0.00818273 0.00842125 0.00872268 0.00861936 0.00830069 0.00808901 0.00802794 0.00800562 0.00825751 0.00835049 0.00846303 0.00863356 0.0086133 0.00842321 0.00813865 0.007994 0.00816771 0.00828514 0.00875045 0.00841859 0.00818454 0.00830789 0.00815308 0.00806493 0.00799276 0.00797821 0.00801876 0.00808555 0.00811155 0.00824449 0.0084293 0.0104029 0.00849059 0.00840365 0.00800589 0.00837505 0.0087532 0.0108678 0.00929333 0.00926327 0.0085955 0.00370333 0.00359861 0 0.00355222 0.00361686 0.00361092 0.00372662 0.00368069 0.00476497 0.00605383 0.00615244 0.00937385 0.0407395 0.160594 0.00740556 
0.00837674 0.00828673 0.00833264 0.00806206 0.00799905 0.00826103 0.00824003 0.00816453 0.00843923 0.00885094 0.00850519 0.00826668 0.00811607 0.00803536 0.00806708 0.00822418 0.00839066 0.00830795 0.00868054 0.00854192 0.00828292 0.00821926 0.00799088 0.00808915 0.00861766 0.00880837 0.00850218 0.00815849 0.00833349 0.00815044 0.00813565 0.00804239 0.00804417 0.00810922 0.00823883 0.0080909 0.00823116 0.00912544 0.0093498 0.00853712 0.00850279 0.00796917 0.00859019 0.0104718 0.00852739 0.0125931 0.00888878 0.00851522 0.00398513 0.00357666 0.00355222 0 0.00355409 0.00360139 0.00361476 0.0035948 0.00451166 0.00481568 0.00910691 0.0265469 0.806253 0.00712747 0.00812884 
0.00823796 0.00803226 0.00806922 0.00797997 0.00808076 0.00799927 0.00803002 0.00818174 0.008459 0.00869057 0.00856417 0.00823499 0.00808169 0.0080831 0.00799868 0.00828258 0.00835237 0.00833459 0.00859229 0.00848769 0.00841601 0.00815486 0.00800965 0.00815074 0.0083001 0.00874583 0.00843214 0.00814175 0.00828937 0.00828921 0.00802651 0.00801035 0.00800744 0.00807278 0.0080665 0.00814384 0.00835908 0.00847072 0.00957065 0.00857788 0.00835705 0.00797599 0.00848416 0.00849034 0.0116232 0.00872503 0.00963287 0.00847216 0.00363446 0.00367391 0.00361686 0.00355409 0 0.00356733 0.00360042 0.00375343 0.00393096 0.00631892 0.0105763 0.843395 0.00689573 0.00850076 0.00629396 
0.00824561 0.0080771 0.00808791 0.00798938 0.00799959 0.00802384 0.00807744 0.00814307 0.00829517 0.00932711 0.00837377 0.00828418 0.00804709 0.00799914 0.00800496 0.00819786 0.00827609 0.00823304 0.00844365 0.00846787 0.00818592 0.00808456 0.00798152 0.00800087 0.00829491 0.00859929 0.00822922 0.00804519 0.00816116 0.00807559 0.00803293 0.00798499 0.00798509 0.00800771 0.00807455 0.00807813 0.00817944 0.00854366 0.00896105 0.00841466 0.0082199 0.00797857 0.0082971 0.00904036 0.0085205 0.0105114 0.00860723 0.00828361 0.00573502 0.00362356 0.00361092 0.00360139 0.00356733 0 0.00355764 0.00358553 0.00414939 0.00686846 0.858387 0.00597058 0.00716819 0.0059743 0.00643645 
0.00814106 0.00803071 0.00803273 0.00797776 0.00798077 0.00799415 0.00802665 0.00813603 0.00816798 0.00850219 0.00834821 0.0081606 0.0079936 0.00798539 0.00797295 0.00815784 0.00822986 0.00813935 0.00830373 0.00830078 0.00818147 0.0080721 0.00797001 0.00806778 0.00836963 0.00831028 0.00824778 0.0080535 0.00825723 0.00824499 0.0079963 0.00803049 0.00804404 0.00803156 0.00809733 0.00815721 0.00887791 0.00843866 0.00849905 0.00852293 0.00827055 0.00801732 0.00865504 0.00942239 0.00993012 0.00983236 0.00885521 0.00910722 0.00489702 0.00416625 0.00372662 0.00361476 0.00360042 0.00355764 0 0.00375885 0.00431611 0.897573 0.00470767 0.00434788 0.00521343 0.00626157 0.0059735 
0.00826188 0.00812709 0.00812503 0.00803331 0.00803925 0.00813201 0.00806825 0.00807637 0.00802078 0.00819297 0.00803393 0.00803869 0.0079341 0.00800046 0.00797829 0.00799154 0.00802172 0.00809025 0.00804156 0.00809243 0.00800986 0.00794959 0.00798263 0.00821934 0.00803238 0.00808497 0.00803945 0.00803682 0.0086232 0.00796058 0.00796135 0.00816014 0.00814827 0.0079606 0.00818097 0.00801497 0.00933142 0.00821385 0.0083375 0.00829204 0.00810809 0.0081285 0.00979742 0.0117709 0.00912124 0.00842159 0.0089449 0.0098176 0.010297 0.00373022 0.00368069 0.0035948 0.00375343 0.00358553 0.00375885 0 0.985311 0.00553195 0.00405768 0.00390776 0.00414557 0.00481575 0.00534017 
0.00902494 0.00867088 0.00870497 0.00821527 0.00836862 0.00861037 0.00849796 0.00826226 0.0086628 0.00959169 0.00917209 0.00849042 0.00826141 0.00866631 0.00828304 0.00824807 0.00850512 0.00834023 0.00877794 0.00877641 0.00865791 0.00826555 0.00849011 0.00850344 0.0083952 0.00894805 0.00877032 0.0111031 0.00911691 0.00832122 0.00910119 0.00884085 0.00817496 0.00924174 0.00899761 0.00935374 0.00881493 0.00910604 0.00907908 0.00980344 0.0134253 0.00892437 0.01344 0.0106967 0.00896963 0.0102242 0.0193253 0.0153908 0.00702319 0.00542384 0.00476497 0.00451166 0.00393096 0.00414939 0.00431611 0.985311 0 0.00360058 0.0035714 0.00360984 0.00376227 0.00410829 0.00578438 
0.00826543 0.00809047 0.00806908 0.00807585 0.00809071 0.00803021 0.00824568 0.00843095 0.00881732 0.00944103 0.00915674 0.00880632 0.00847491 0.00817095 0.00818175 0.00918576 0.00876557 0.00958128 0.00908099 0.0102442 0.00883175 0.00857519 0.00817413 0.00853614 0.00942002 0.00980757 0.00935866 0.00866711 0.00924035 0.00894801 0.00845169 0.00812124 0.00827506 0.00833889 0.0085306 0.00856702 0.00884217 0.0106764 0.0122176 0.0109955 0.00917338 0.00823919 0.00995736 0.0092125 0.0123425 0.0121201 0.0123006 0.0093846 0.00679356 0.00638032 0.00605383 0.00481568 0.00631892 0.00686846 0.897573 0.00553195 0.00360058 0 0.00357366 0.00355795 0.00356379 0.00502406 0.00385618 
