1O7IA
MEEKVGNLKPNMESVNVTVRVLEASEARQIQTKNGVRTISEAIVGDETGRVKLTLWGKHAGSIKEGQVVKIENAWTTAFKGQVQLNAGSKTKIAEASEDGFPESSQIPENTPTAP
CECCHHHCCCCCCCEEEEEEEEEECCCEEECCCCCCEEEEEEEEEECCEEEEEEEEHHHCCCCCCCCEEEEEEEEEEEECCEEEEEECCCCEEEECCCCCCCCHHHCCCCCCECC
0 0 0 0 0 0 0 0 0 0 0 0 0 0 0 0 0 0 0 0 0 0 0 0 0 0 0 0 0 0 0 0 0 0 0 0 0 0 0 0 0 0 0 0 0 0 0 0 0 0 0 0 0 0 0 0 0 0 0 0 0 0 0 0 0 0 0 0 0 0 0 0 0 0 0 0 0 0 0 0 0 0 0 0 0 0 0 0 0 0 0 0 0 0 0 0 0 0 0 0 0 0 0 0 0 0 0 0 0 0 0 0 0 0 0 
0 0 0 0 0 0 0 0 0 0 0 0 0 0 0 0 0 0 0 0 0 0 0 0 0 0 0 0 0 0 0 0 0 0 0 0 0 0 0 0 0 0 0 0 0 0 0 0 0 0 0 0 0 0 0 0 0 0 0 0 0 0 0 0 0 0 0 0 0 0 0 0 0 0 0 0 0 0 0 0 0 0 0 0 0 0 0 0 0 0 0 0 0 0 0 0 0 0 0 0 0 0 0 0 0 0 0 0 0 0 0 0 0 0 0 
0 0.0490848 0.0589708 0.00958137 0.0138221 0.0102652 0.0140069 0.0127276 0.0100925 0.012644 0.0171432 0.0147758 0.0171393 0.0198854 0.01751 0.0124656 0.00904191 0.00994224 0.00997931 0.00893416 0.00944763 0.00938658 0.0113265 0.0129664 0.0177667 0.0126808 0.00880591 0.0108569 0.00918169 0.00973033 0.00889647 0.0129811 0.0156298 0.0103082 0.00954815 0.00892671 0.00846319 0.00821246 0.00842086 0.0088853 0.008467 0.00836399 0.00850356 0.0107484 0.0138385 0.00889173 0.00857343 0.00831998 0.00911593 0.0109248 0.0149642 0.00888067 0.00864208 0.0100595 0.0188167 
0.0490848 0 0.00359618 0.00372534 0.00355283 0.0042783 0.00368045 0.00377023 0.00455937 0.00439157 0.0120566 0.00800216 0.00676326 0.0390274 0.0183199 0.0103965 0.0145877 0.0097718 0.0109339 0.0153872 0.00917512 0.0141435 0.0102577 0.0262058 0.0285443 0.00932851 0.0186071 0.00899411 0.0222486 0.00891033 0.0151576 0.0115592 0.0174428 0.0193315 0.00922208 0.0141461 0.00847602 0.00867497 0.00961374 0.00841228 0.00972749 0.00860391 0.00903833 0.0117614 0.00898738 0.0106982 0.00861422 0.0114624 0.0085728 0.0227329 0.00893919 0.0109762 0.00837422 0.0126562 0.0109655 
0.0589708 0.00359618 0 0.00357008 0.00361575 0.0036212 0.0036691 0.00365976 0.00366952 0.0073804 0.00420007 0.00600851 0.0222731 0.00674679 0.00868412 0.0296948 0.00873592 0.0153388 0.0150773 0.00957099 0.0346134 0.00940798 0.0247432 0.00906061 0.00920794 0.0437796 0.0086371 0.0590262 0.00910937 0.0523115 0.00885914 0.0112927 0.0107922 0.0113112 0.0495434 0.00879125 0.0154511 0.0104715 0.0086636 0.0178257 0.00903452 0.0125306 0.00915257 0.00904195 0.0101532 0.00870778 0.0303636 0.00933397 0.0322309 0.0088468 0.0126923 0.00849754 0.0141333 0.00904019 0.00963438 
0.00958137 0.00372534 0.00357008 0 0.00354288 0.00365644 0.0035976 0.00364085 0.00487781 0.00368047 0.00442062 0.00800226 0.0061392 0.0110293 0.0099495 0.00876844 0.0405692 0.011442 0.0232101 0.0509415 0.010284 0.054245 0.00965301 0.0115097 0.0165404 0.0086388 0.0865446 0.00908102 0.184734 0.00904904 0.0211951 0.00894444 0.0119288 0.0380173 0.0108439 0.131083 0.00947465 0.00941443 0.0270536 0.00915037 0.0365443 0.00887719 0.00972893 0.00883113 0.00854376 0.0199994 0.0106961 0.101785 0.00953962 0.0118398 0.00837866 0.0233258 0.0085831 0.00912057 0.00835008 
0.0138221 0.00355283 0.00361575 0.00354288 0 0.00354013 0.00364196 0.00354055 0.00359278 0.00385166 0.00362438 0.00521917 0.00719771 0.00609542 0.0085378 0.0247165 0.00920398 0.0280719 0.0233271 0.00923919 0.0596956 0.0101688 0.0169409 0.00936221 0.0089741 0.0302553 0.00883847 0.164847 0.00923659 0.0672643 0.00892499 0.0108457 0.0102762 0.010859 0.15367 0.00934456 0.0211238 0.0136311 0.00904182 0.0448937 0.00886301 0.0184093 0.00913025 0.00864161 0.00973248 0.00889497 0.0960552 0.0101918 0.0312308 0.00873238 0.0136631 0.00853954 0.0126812 0.008725 0.00932737 
0.0102652 0.0042783 0.0036212 0.00365644 0.00354013 0 0.00360441 0.00360079 0.00356634 0.00359883 0.00375814 0.00615638 0.00566902 0.00968577 0.0118114 0.00958134 0.0399419 0.0133496 0.0119776 0.0491839 0.0108513 0.0323562 0.0149515 0.0125443 0.017448 0.00915259 0.0861969 0.00962651 0.12093 0.00954313 0.0230194 0.00898756 0.0120353 0.0705263 0.0117433 0.0743447 0.0106946 0.0102057 0.0367663 0.00920119 0.0357492 0.00907323 0.009911 0.00911878 0.00869269 0.0397378 0.0105882 0.0858421 0.00972287 0.0127941 0.00841133 0.0191357 0.00854267 0.00953404 0.00835969 
0.0140069 0.00368045 0.0036691 0.0035976 0.00364196 0.00360441 0 0.00354876 0.00357251 0.00364408 0.00358631 0.00466644 0.00920904 0.00975072 0.0123744 0.0266568 0.0120921 0.0184768 0.0361332 0.0125144 0.0513043 0.0232286 0.0249875 0.00915161 0.0105062 0.0326751 0.0114059 0.0618182 0.0135061 0.0531086 0.00972074 0.010323 0.0241263 0.0177656 0.109087 0.0125498 0.0281374 0.0198688 0.0101713 0.0301781 0.00984183 0.0158387 0.00984203 0.0088248 0.0167037 0.0106497 0.0718013 0.0159818 0.0278181 0.00925406 0.0127014 0.00920421 0.0114073 0.00890366 0.00914824 
0.0127276 0.00377023 0.00365976 0.00364085 0.00354055 0.00360079 0.00354876 0 0.00359535 0.00362094 0.00359918 0.00462793 0.00543272 0.0228057 0.0117797 0.012359 0.0143608 0.0184103 0.0152013 0.0254427 0.038292 0.0409361 0.0125493 0.00967159 0.0138166 0.0116801 0.0200936 0.018572 0.0272569 0.0135331 0.0119944 0.00952088 0.0118973 0.0274046 0.0306623 0.0272989 0.0173939 0.0134599 0.0136776 0.012195 0.0132454 0.0109736 0.00929562 0.00896199 0.00898754 0.013755 0.0209242 0.0434614 0.0129654 0.0100816 0.00906485 0.0106872 0.00919593 0.00890285 0.00860809 
0.0100925 0.00455937 0.00366952 0.00487781 0.00359278 0.00356634 0.00357251 0.00359535 0 0.00354825 0.00359601 0.0043478 0.00979284 0.118283 0.00960397 0.00936073 0.022334 0.0101469 0.0117595 0.0693616 0.0142219 0.0252235 0.0104617 0.00944921 0.0113472 0.00937471 0.0308936 0.010175 0.03347 0.0100296 0.0125533 0.00883125 0.0112931 0.0271066 0.0140878 0.0395462 0.0107052 0.0105257 0.0156014 0.0091746 0.0158452 0.00902274 0.00975328 0.00876675 0.00905195 0.0136899 0.0131595 0.0306784 0.00995241 0.00958464 0.0087053 0.0119225 0.00864579 0.00882539 0.00845534 
0.012644 0.00439157 0.0073804 0.00368047 0.00385166 0.00359883 0.00364408 0.00362094 0.00354825 0 0.00361554 0.00768818 0.112648 0.00632594 0.0087461 0.0323189 0.00910061 0.0108147 0.0428717 0.00874575 0.0341625 0.00925492 0.0167753 0.00893234 0.00989813 0.0252723 0.00864516 0.0221374 0.0088916 0.0174425 0.0089685 0.00964633 0.0108836 0.0109587 0.0342913 0.00894619 0.0130009 0.00960097 0.00859006 0.0136369 0.00863794 0.00965868 0.00916621 0.00867005 0.00994162 0.00933879 0.0153613 0.00961714 0.0196803 0.00864022 0.0123896 0.00860624 0.0097379 0.00870062 0.00885327 
0.0171432 0.0120566 0.00420007 0.00442062 0.00362438 0.00375814 0.00358631 0.00359918 0.00359601 0.00361554 0 0.0588487 0.00448768 0.00448988 0.0308801 0.00842354 0.0101656 0.0197421 0.00880371 0.0205702 0.0081627 0.00990291 0.00867704 0.0113993 0.0285542 0.00928056 0.0115447 0.00846852 0.0132731 0.00851134 0.00983278 0.00892561 0.0163478 0.0141729 0.00890443 0.0121413 0.00835907 0.00831329 0.00953827 0.00835399 0.00920487 0.00831705 0.00845624 0.0091556 0.0124964 0.0106913 0.0083775 0.00933356 0.00838157 0.0128729 0.0110135 0.00987846 0.00828061 0.00905898 0.0102443 
0.0147758 0.00800216 0.00600851 0.00800226 0.00521917 0.00615638 0.00466644 0.00462793 0.0043478 0.00768818 0.0588487 0 0.00361075 0.00402773 0.00737028 0.00791673 0.631185 0.0106505 0.00759477 0.00758082 0.00798906 0.00816935 0.00859159 0.013492 0.0103625 0.00890378 0.0104122 0.00926867 0.0100896 0.00932135 0.00964985 0.0127528 0.0117336 0.0102127 0.0101489 0.00996726 0.00862863 0.0087655 0.00881308 0.00880953 0.00878416 0.00864152 0.00902746 0.0121219 0.0091078 0.00879411 0.00902425 0.00896068 0.00893558 0.0120487 0.0108856 0.00903676 0.00878056 0.0124125 0.0106786 
0.0171393 0.00676326 0.0222731 0.0061392 0.00719771 0.00566902 0.00920904 0.00543272 0.00979284 0.112648 0.00448768 0.00361075 0 0.00358362 0.00681704 0.795218 0.00637657 0.00616618 0.00617257 0.00660123 0.00712425 0.00705605 0.0144657 0.00742669 0.00804118 0.0213977 0.00792238 0.012262 0.00827789 0.00979506 0.00903938 0.00887777 0.00942148 0.0117133 0.0114043 0.00864562 0.00873045 0.00879037 0.00843439 0.00928304 0.0084773 0.00881336 0.00906379 0.00860406 0.00885792 0.00953228 0.00956097 0.00879024 0.0136892 0.00869738 0.00972953 0.00861372 0.0095206 0.00848955 0.0089933 
0.0198854 0.0390274 0.00674679 0.0110293 0.00609542 0.00968577 0.00975072 0.0228057 0.118283 0.00632594 0.00448988 0.00402773 0.00358362 0 0.869636 0.00551909 0.00700418 0.00567495 0.0060374 0.00863578 0.00670013 0.00804112 0.0071865 0.00986201 0.028515 0.00849549 0.0111257 0.00808881 0.0138031 0.00831142 0.0100067 0.00838211 0.019933 0.0114939 0.00929613 0.013538 0.00850544 0.00842656 0.0104239 0.0084756 0.00977072 0.00852364 0.00877299 0.0097594 0.0117926 0.0101355 0.00857508 0.0103371 0.00850265 0.0114684 0.0105827 0.0126021 0.00847758 0.00931296 0.0105295 
0.01751 0.0183199 0.00868412 0.0099495 0.0085378 0.0118114 0.0123744 0.0117797 0.00960397 0.0087461 0.0308801 0.00737028 0.00681704 0.869636 0 0.00405207 0.00383473 0.00359062 0.00360953 0.00370555 0.00377839 0.00413933 0.00576378 0.00710986 0.00715244 0.00708687 0.00786654 0.00835309 0.0102551 0.00803503 0.009213 0.0127445 0.0193607 0.0143038 0.00977396 0.0107578 0.00876962 0.0088243 0.00888529 0.00883324 0.00923392 0.0087002 0.0095227 0.0138568 0.0102132 0.00912169 0.00926726 0.00937425 0.00905178 0.0150776 0.0112629 0.00960305 0.00933197 0.0131354 0.0113773 
0.0124656 0.0103965 0.0296948 0.00876844 0.0247165 0.00958134 0.0266568 0.012359 0.00936073 0.0323189 0.00842354 0.00791673 0.795218 0.00551909 0.00405207 0 0.00353993 0.00356086 0.00355387 0.00354813 0.00375544 0.00383556 0.00583918 0.00413871 0.00633269 0.0104317 0.00685884 0.0156806 0.00814683 0.0120949 0.00784197 0.0279012 0.0268573 0.0137089 0.0194896 0.00913079 0.0105109 0.00957639 0.00856971 0.0150264 0.00869285 0.0101105 0.0100043 0.00912384 0.010151 0.00968838 0.01735 0.00972422 0.0162091 0.00912389 0.0128684 0.00906375 0.0125934 0.00965797 0.00993253 
0.00904191 0.0145877 0.00873592 0.0405692 0.00920398 0.0399419 0.0120921 0.0143608 0.022334 0.00910061 0.0101656 0.631185 0.00637657 0.00700418 0.00383473 0.00353993 0 0.00355166 0.00353429 0.00359446 0.0041478 0.00493954 0.00360996 0.00369673 0.00674745 0.00611449 0.011039 0.0068498 0.0175963 0.00720988 0.0453852 0.367265 0.010443 0.0164501 0.0111743 0.0244974 0.00906033 0.00874603 0.0147436 0.00865051 0.0145638 0.00888229 0.00939099 0.00892719 0.00886456 0.0136678 0.0107991 0.0420197 0.00946222 0.0101978 0.00868928 0.0162071 0.00882461 0.00896858 0.00863886 
0.00994224 0.0097718 0.0153388 0.011442 0.0280719 0.0133496 0.0184768 0.0184103 0.0101469 0.0108147 0.0197421 0.0106505 0.00616618 0.00567495 0.00359062 0.00356086 0.00355166 0 0.0035308 0.00355565 0.00357032 0.00355254 0.00369789 0.00359862 0.00463503 0.00737481 0.00662604 0.013409 0.00750263 0.0233553 0.655033 0.00787635 0.00994765 0.0139062 0.0249718 0.011086 0.0117944 0.0112278 0.00972147 0.0124691 0.00998564 0.0108578 0.00924026 0.00872936 0.00930834 0.0115021 0.0318621 0.0174511 0.0154859 0.00964565 0.011207 0.0095522 0.0098 0.00892855 0.00878455 
0.00997931 0.0109339 0.0150773 0.0232101 0.0233271 0.0119776 0.0361332 0.0152013 0.0117595 0.0428717 0.00880371 0.00759477 0.00617257 0.0060374 0.00360953 0.00355387 0.00353429 0.0035308 0 0.00351104 0.00356776 0.00355413 0.00352303 0.00362487 0.00739333 0.00608445 0.0108017 0.0107307 0.0109724 0.953578 0.00956149 0.00646326 0.0112577 0.0133841 0.0318316 0.0114847 0.0157499 0.0110817 0.0101631 0.0149426 0.0106257 0.0114526 0.0094118 0.00909189 0.0101006 0.0118778 0.034609 0.0180168 0.0192748 0.00997672 0.0108953 0.00945117 0.0109649 0.00925755 0.00893218 
0.00893416 0.0153872 0.00957099 0.0509415 0.00923919 0.0491839 0.0125144 0.0254427 0.0693616 0.00874575 0.0205702 0.00758082 0.00660123 0.00863578 0.00370555 0.00354813 0.00359446 0.00355565 0.00351104 0 0.00353744 0.0035517 0.00358126 0.00379352 0.00463447 0.00552306 0.0153727 0.00938936 0.983306 0.00833021 0.00867684 0.00552738 0.0103444 0.0248673 0.0107103 0.0453089 0.00932027 0.00942382 0.020024 0.00896711 0.0214995 0.00895291 0.010104 0.00898476 0.00956782 0.0306166 0.0117722 0.0626584 0.01031 0.0115032 0.00873212 0.0245976 0.00896426 0.00958931 0.00872218 
0.00944763 0.00917512 0.0346134 0.010284 0.0596956 0.0108513 0.0513043 0.038292 0.0142219 0.0341625 0.0081627 0.00798906 0.00712425 0.00670013 0.00377839 0.00375544 0.0041478 0.00357032 0.00356776 0.00353744 0 0.00353654 0.00356278 0.00353896 0.00385574 0.0123295 0.00744052 0.985343 0.00981186 0.0164375 0.00617014 0.00648752 0.00980344 0.0109804 0.0779433 0.00925155 0.0174066 0.0132245 0.00865487 0.0275208 0.00902221 0.0172545 0.0092284 0.00877341 0.0101483 0.00968771 0.0896271 0.0141709 0.030359 0.00899796 0.0135942 0.00893844 0.0146043 0.00894426 0.00922207 
0.00938658 0.0141435 0.00940798 0.054245 0.0101688 0.0323562 0.0232286 0.0409361 0.0252235 0.00925492 0.00990291 0.00816935 0.00705605 0.00804112 0.00413933 0.00383556 0.00493954 0.00355254 0.00355413 0.0035517 0.00353654 0 0.00354397 0.00358219 0.00466438 0.00471096 0.973535 0.00729448 0.0135851 0.00689011 0.00750549 0.00501904 0.00974843 0.0245681 0.0141846 0.0305427 0.0095748 0.00934985 0.0142844 0.00899022 0.0211919 0.00915064 0.0106116 0.00867617 0.00889696 0.0180115 0.0148072 0.0686281 0.0117665 0.0112708 0.00905188 0.0195829 0.00911956 0.00922392 0.00876619 
0.0113265 0.0102577 0.0247432 0.00965301 0.0169409 0.0149515 0.0249875 0.0125493 0.0104617 0.0167753 0.00867704 0.00859159 0.0144657 0.0071865 0.00576378 0.00583918 0.00360996 0.00369789 0.00352303 0.00358126 0.00356278 0.00354397 0 0.00360966 0.00480435 0.987493 0.00678239 0.00592848 0.00513666 0.0081679 0.00552285 0.00505448 0.0110686 0.0151972 0.0185828 0.00900941 0.0106972 0.00969496 0.00879147 0.011034 0.0090088 0.00987353 0.00957653 0.00930969 0.0105489 0.012204 0.0163589 0.0124065 0.0354546 0.0119731 0.0123297 0.00971282 0.0126823 0.00975909 0.00995065 
0.0129664 0.0262058 0.00906061 0.0115097 0.00936221 0.0125443 0.00915161 0.00967159 0.00944921 0.00893234 0.0113993 0.013492 0.00742669 0.00986201 0.00710986 0.00413871 0.00369673 0.00359862 0.00362487 0.00379352 0.00353896 0.00358219 0.00360966 0 0.980844 0.00637468 0.00643086 0.00367581 0.00451125 0.00413992 0.00461882 0.00446925 0.0132843 0.0100594 0.00911416 0.0104643 0.00828888 0.00836527 0.00923925 0.00842653 0.00906763 0.00842189 0.00862146 0.0109458 0.0127443 0.00935588 0.0092147 0.00992619 0.00969939 0.0286501 0.0118656 0.00941799 0.00850132 0.0110146 0.0111812 
0.0177667 0.0285443 0.00920794 0.0165404 0.0089741 0.017448 0.0105062 0.0138166 0.0113472 0.00989813 0.0285542 0.0103625 0.00804118 0.028515 0.00715244 0.00633269 0.00674745 0.00463503 0.00739333 0.00463447 0.00385574 0.00466438 0.00480435 0.980844 0 0.00360726 0.00369926 0.00357707 0.00398436 0.00358348 0.00462543 0.00420866 0.0152171 0.0125475 0.00958434 0.0167284 0.00878663 0.00867608 0.0104208 0.00894207 0.0115444 0.00873456 0.0107421 0.023886 0.0106381 0.0123808 0.00894245 0.0133405 0.00932613 0.0391694 0.0125702 0.0172309 0.00972571 0.0198913 0.0165258 
0.0126808 0.00932851 0.0437796 0.0086388 0.0302553 0.00915259 0.0326751 0.0116801 0.00937471 0.0252723 0.00928056 0.00890378 0.0213977 0.00849549 0.00708687 0.0104317 0.00611449 0.00737481 0.00608445 0.00552306 0.0123295 0.00471096 0.987493 0.00637468 0.00360726 0 0.00351119 0.0035779 0.0035161 0.0038423 0.00360611 0.00365114 0.00963431 0.0111665 0.0260346 0.00890181 0.0118116 0.0101655 0.00834757 0.0245967 0.00856186 0.0115947 0.0149295 0.00984111 0.012575 0.00892538 0.0282365 0.00906865 0.0409072 0.00972039 0.0180414 0.00903647 0.0247464 0.0107998 0.0117848 
0.00880591 0.0186071 0.0086371 0.0865446 0.00883847 0.0861969 0.0114059 0.0200936 0.0308936 0.00864516 0.0115447 0.0104122 0.00792238 0.0111257 0.00786654 0.00685884 0.011039 0.00662604 0.0108017 0.0153727 0.00744052 0.973535 0.00678239 0.00643086 0.00369926 0.00351119 0 0.00353716 0.00359558 0.00354114 0.00380633 0.00355151 0.00961522 0.0160384 0.0096106 0.0501059 0.00887835 0.00920324 0.031719 0.00831537 0.0283493 0.0085208 0.0106768 0.00936454 0.008754 0.0223275 0.00928498 0.104476 0.00908128 0.0162671 0.00860918 0.0356547 0.00872737 0.00977185 0.00889599 
0.0108569 0.00899411 0.0590262 0.00908102 0.164847 0.00962651 0.0618182 0.018572 0.010175 0.0221374 0.00846852 0.00926867 0.012262 0.00808881 0.00835309 0.0156806 0.0068498 0.013409 0.0107307 0.00938936 0.985343 0.00729448 0.00592848 0.00367581 0.00357707 0.0035779 0.00353716 0 0.00353848 0.00379665 0.00353092 0.00360202 0.00858637 0.00947563 0.0564643 0.009 0.0220405 0.016707 0.00834413 0.040142 0.00860441 0.0247446 0.00938324 0.00886327 0.0115858 0.00898454 0.133489 0.00957031 0.0413037 0.00893743 0.0249123 0.00881631 0.0210539 0.00935896 0.0107787 
0.00918169 0.0222486 0.00910937 0.184734 0.00923659 0.12093 0.0135061 0.0272569 0.03347 0.0088916 0.0132731 0.0100896 0.00827789 0.0138031 0.0102551 0.00814683 0.0175963 0.00750263 0.0109724 0.983306 0.00981186 0.0135851 0.00513666 0.00451125 0.00398436 0.0035161 0.00359558 0.00353848 0 0.00352843 0.00353936 0.00353901 0.00961184 0.0289696 0.0112129 0.0748055 0.01013 0.00916405 0.0295392 0.00845579 0.0367611 0.00848268 0.0106684 0.00965599 0.00893212 0.049095 0.0096905 0.144083 0.00946347 0.0167433 0.00883654 0.0415689 0.0090216 0.010522 0.00909961 
0.00973033 0.00891033 0.0523115 0.00904904 0.0672643 0.00954313 0.0531086 0.0135331 0.0100296 0.0174425 0.00851134 0.00932135 0.00979506 0.00831142 0.00803503 0.0120949 0.00720988 0.0233553 0.953578 0.00833021 0.0164375 0.00689011 0.0081679 0.00413992 0.00358348 0.0038423 0.00354114 0.00379665 0.00352843 0 0.00352958 0.00355449 0.00999165 0.00917462 0.0876172 0.00927106 0.0146823 0.0172112 0.00787479 0.0293355 0.00832862 0.0122189 0.00874433 0.00875366 0.0127162 0.00869939 0.0906093 0.00949894 0.0271949 0.00902546 0.0174004 0.00866275 0.0152162 0.00928579 0.0100849 
0.00889647 0.0151576 0.00885914 0.0211951 0.00892499 0.0230194 0.00972074 0.0119944 0.0125533 0.0089685 0.00983278 0.00964985 0.00903938 0.0100067 0.009213 0.00784197 0.0453852 0.655033 0.00956149 0.00867684 0.00617014 0.00750549 0.00552285 0.00461882 0.00462543 0.00360611 0.00380633 0.00353092 0.00353936 0.00352958 0 0.00356714 0.00872051 0.026631 0.0111062 0.0227047 0.00750976 0.00698243 0.010721 0.00785802 0.0118873 0.00823584 0.00949475 0.00858922 0.008786 0.0235855 0.00901858 0.0224991 0.00985532 0.0119264 0.00872842 0.0248017 0.00900775 0.00935202 0.00887991 
0.0129811 0.0115592 0.0112927 0.00894444 0.0108457 0.00898756 0.010323 0.00952088 0.00883125 0.00964633 0.00892561 0.0127528 0.00887777 0.00838211 0.0127445 0.0279012 0.367265 0.00787635 0.00646326 0.00552738 0.00648752 0.00501904 0.00505448 0.00446925 0.00420866 0.00365114 0.00355151 0.00360202 0.00353901 0.00355449 0.00356714 0 0.0305126 0.00933907 0.00765206 0.00607136 0.00609587 0.00638022 0.00612847 0.00820367 0.00681211 0.0073619 0.007632 0.00815604 0.0141467 0.00888027 0.00951957 0.00871301 0.0112284 0.0108337 0.0220048 0.00883752 0.00934687 0.00985008 0.0119702 
0.0156298 0.0174428 0.0107922 0.0119288 0.0102762 0.0120353 0.0241263 0.0118973 0.0112931 0.0108836 0.0163478 0.0117336 0.00942148 0.019933 0.0193607 0.0268573 0.010443 0.00994765 0.0112577 0.0103444 0.00980344 0.00974843 0.0110686 0.0132843 0.0152171 0.00963431 0.00961522 0.00858637 0.00961184 0.00999165 0.00872051 0.0305126 0 0.00367432 0.00357101 0.0035839 0.00351248 0.00359963 0.00376115 0.00414159 0.00470131 0.00529885 0.00580224 0.013718 0.00716093 0.00860916 0.00909041 0.00970817 0.0108124 0.0220264 0.0276216 0.0114263 0.0120643 0.0294787 0.0184613 
0.0103082 0.0193315 0.0113112 0.0380173 0.010859 0.0705263 0.0177656 0.0274046 0.0271066 0.0109587 0.0141729 0.0102127 0.0117133 0.0114939 0.0143038 0.0137089 0.0164501 0.0139062 0.0133841 0.0248673 0.0109804 0.0245681 0.0151972 0.0100594 0.0125475 0.0111665 0.0160384 0.00947563 0.0289696 0.00917462 0.026631 0.00933907 0.00367432 0 0.00358704 0.00361843 0.00356739 0.0035778 0.00363039 0.00372451 0.00471711 0.00444839 0.00859331 0.00665207 0.00656031 0.0146628 0.00790338 0.0177527 0.0101663 0.0160027 0.00976216 0.0348588 0.0135911 0.0571434 0.0125599 
0.00954815 0.00922208 0.0495434 0.0108439 0.15367 0.0117433 0.109087 0.0306623 0.0140878 0.0342913 0.00890443 0.0101489 0.0114043 0.00929613 0.00977396 0.0194896 0.0111743 0.0249718 0.0318316 0.0107103 0.0779433 0.0141846 0.0185828 0.00911416 0.00958434 0.0260346 0.0096106 0.0564643 0.0112129 0.0876172 0.0111062 0.00765206 0.00357101 0.00358704 0 0.00353404 0.00366382 0.00355484 0.00353229 0.00542169 0.00367678 0.00731659 0.00478246 0.00554338 0.00786502 0.0073202 0.0319337 0.00909389 0.0241062 0.0091676 0.0236287 0.00998446 0.115236 0.0128006 0.0104675 
0.00892671 0.0141461 0.00879125 0.131083 0.00934456 0.0743447 0.0125498 0.0272989 0.0395462 0.00894619 0.0121413 0.00996726 0.00864562 0.013538 0.0107578 0.00913079 0.0244974 0.011086 0.0114847 0.0453089 0.00925155 0.0305427 0.00900941 0.0104643 0.0167284 0.00890181 0.0501059 0.009 0.0748055 0.00927106 0.0227047 0.00607136 0.0035839 0.00361843 0.00353404 0 0.00353096 0.00354704 0.0040319 0.00355675 0.00653477 0.00378346 0.00422974 0.0044367 0.00558435 0.0113991 0.00708949 0.0248287 0.00731326 0.0108503 0.00837187 0.138908 0.00921312 0.0139991 0.00917202 
0.00846319 0.00847602 0.0154511 0.00947465 0.0211238 0.0106946 0.0281374 0.0173939 0.0107052 0.0130009 0.00835907 0.00862863 0.00873045 0.00850544 0.00876962 0.0105109 0.00906033 0.0117944 0.0157499 0.00932027 0.0174066 0.0095748 0.0106972 0.00828888 0.00878663 0.0118116 0.00887835 0.0220405 0.01013 0.0146823 0.00750976 0.00609587 0.00351248 0.00356739 0.00366382 0.00353096 0 0.00353972 0.00353366 0.00383866 0.00351036 0.00407765 0.00371558 0.00378491 0.00524778 0.00706403 0.00952015 0.00722074 0.00799765 0.00703905 0.0380967 0.00913227 0.0138787 0.0087288 0.00901222 
0.00821246 0.00867497 0.0104715 0.00941443 0.0136311 0.0102057 0.0198688 0.0134599 0.0105257 0.00960097 0.00831329 0.0087655 0.00879037 0.00842656 0.0088243 0.00957639 0.00874603 0.0112278 0.0110817 0.00942382 0.0132245 0.00934985 0.00969496 0.00836527 0.00867608 0.0101655 0.00920324 0.016707 0.00916405 0.0172112 0.00698243 0.00638022 0.00359963 0.0035778 0.00355484 0.00354704 0.00353972 0 0.00383637 0.00352845 0.00354504 0.00365874 0.00362302 0.00363484 0.00456555 0.00593672 0.00696962 0.00621249 0.00847796 0.017885 0.0150166 0.0078294 0.00898485 0.00822007 0.00900536 
0.00842086 0.00961374 0.0086636 0.0270536 0.00904182 0.0367663 0.0101713 0.0136776 0.0156014 0.00859006 0.00953827 0.00881308 0.00843439 0.0104239 0.00888529 0.00856971 0.0147436 0.00972147 0.0101631 0.020024 0.00865487 0.0142844 0.00879147 0.00923925 0.0104208 0.00834757 0.031719 0.00834413 0.0295392 0.00787479 0.010721 0.00612847 0.00376115 0.00363039 0.00353229 0.0040319 0.00353366 0.00383637 0 0.00398215 0.00355296 0.00356844 0.0036327 0.00369262 0.00421176 0.00779869 0.00569475 0.00920805 0.0129781 0.277858 0.00729923 0.0122531 0.0080032 0.00867796 0.00888067 
0.0088853 0.00841228 0.0178257 0.00915037 0.0448937 0.00920119 0.0301781 0.012195 0.0091746 0.0136369 0.00835399 0.00880953 0.00928304 0.0084756 0.00883324 0.0150264 0.00865051 0.0124691 0.0149426 0.00896711 0.0275208 0.00899022 0.011034 0.00842653 0.00894207 0.0245967 0.00831537 0.040142 0.00845579 0.0293355 0.00785802 0.00820367 0.00414159 0.00372451 0.00542169 0.00355675 0.00383866 0.00352845 0.00398215 0 0.00349829 0.00365853 0.00374145 0.00386984 0.00451743 0.00515828 0.0116988 0.0153846 0.895476 0.00707461 0.0126505 0.00749743 0.0124776 0.00920011 0.0102364 
0.008467 0.00972749 0.00903452 0.0365443 0.00886301 0.0357492 0.00984183 0.0132454 0.0158452 0.00863794 0.00920487 0.00878416 0.0084773 0.00977072 0.00923392 0.00869285 0.0145638 0.00998564 0.0106257 0.0214995 0.00902221 0.0211919 0.0090088 0.00906763 0.0115444 0.00856186 0.0283493 0.00860441 0.0367611 0.00832862 0.0118873 0.00681211 0.00470131 0.00471711 0.00367678 0.00653477 0.00351036 0.00354504 0.00355296 0.00349829 0 0.00353235 0.00364933 0.00511022 0.00373717 0.0222009 0.00665365 0.951005 0.00646287 0.00795049 0.00718887 0.0141334 0.00785017 0.00919408 0.00887533 
0.00836399 0.00860391 0.0125306 0.00887719 0.0184093 0.00907323 0.0158387 0.0109736 0.00902274 0.00965868 0.00831705 0.00864152 0.00881336 0.00852364 0.0087002 0.0101105 0.00888229 0.0108578 0.0114526 0.00895291 0.0172545 0.00915064 0.00987353 0.00842189 0.00873456 0.0115947 0.0085208 0.0247446 0.00848268 0.0122189 0.00823584 0.0073619 0.00529885 0.00444839 0.00731659 0.00378346 0.00407765 0.00365874 0.00356844 0.00365853 0.00353235 0 0.00357948 0.00360856 0.00419884 0.00606545 0.942506 0.00608291 0.00603233 0.00507889 0.00970967 0.00737488 0.00840554 0.00831799 0.00899687 
0.00850356 0.00903833 0.00915257 0.00972893 0.00913025 0.009911 0.00984203 0.00929562 0.00975328 0.00916621 0.00845624 0.00902746 0.00906379 0.00877299 0.0095227 0.0100043 0.00939099 0.00924026 0.0094118 0.010104 0.0092284 0.0106116 0.00957653 0.00862146 0.0107421 0.0149295 0.0106768 0.00938324 0.0106684 0.00874433 0.00949475 0.007632 0.00580224 0.00859331 0.00478246 0.00422974 0.00371558 0.00362302 0.0036327 0.00374145 0.00364933 0.00357948 0 0.00375783 0.00398085 0.983774 0.00455108 0.00514764 0.00483246 0.00495203 0.00759657 0.010419 0.0078685 0.00802923 0.00903796 
0.0107484 0.0117614 0.00904195 0.00883113 0.00864161 0.00911878 0.0088248 0.00896199 0.00876675 0.00867005 0.0091556 0.0121219 0.00860406 0.0097594 0.0138568 0.00912384 0.00892719 0.00872936 0.00909189 0.00898476 0.00877341 0.00867617 0.00930969 0.0109458 0.023886 0.00984111 0.00936454 0.00886327 0.00965599 0.00875366 0.00858922 0.00815604 0.013718 0.00665207 0.00554338 0.0044367 0.00378491 0.00363484 0.00369262 0.00386984 0.00511022 0.00360856 0.00375783 0 0.994142 0.00551685 0.00365599 0.00379396 0.00384821 0.00572358 0.0109869 0.00830994 0.00711236 0.00788513 0.0134239 
0.0138385 0.00898738 0.0101532 0.00854376 0.00973248 0.00869269 0.0167037 0.00898754 0.00905195 0.00994162 0.0124964 0.0091078 0.00885792 0.0117926 0.0102132 0.010151 0.00886456 0.00930834 0.0101006 0.00956782 0.0101483 0.00889696 0.0105489 0.0127443 0.0106381 0.012575 0.008754 0.0115858 0.00893212 0.0127162 0.008786 0.0141467 0.00716093 0.00656031 0.00786502 0.00558435 0.00524778 0.00456555 0.00421176 0.00451743 0.00373717 0.00419884 0.00398085 0.994142 0 0.00359093 0.00355796 0.00356525 0.00388039 0.0040646 0.0104797 0.0056893 0.00743983 0.0176717 0.0300366 
0.00889173 0.0106982 0.00870778 0.0199994 0.00889497 0.0397378 0.0106497 0.013755 0.0136899 0.00933879 0.0106913 0.00879411 0.00953228 0.0101355 0.00912169 0.00968838 0.0136678 0.0115021 0.0118778 0.0306166 0.00968771 0.0180115 0.012204 0.00935588 0.0123808 0.00892538 0.0223275 0.00898454 0.049095 0.00869939 0.0235855 0.00888027 0.00860916 0.0146628 0.0073202 0.0113991 0.00706403 0.00593672 0.00779869 0.00515828 0.0222009 0.00606545 0.983774 0.00551685 0.00359093 0 0.00356637 0.00358362 0.00383647 0.00370044 0.00498459 0.0102445 0.0102781 0.0397534 0.0130558 
0.00857343 0.00861422 0.0303636 0.0106961 0.0960552 0.0105882 0.0718013 0.0209242 0.0131595 0.0153613 0.0083775 0.00902425 0.00956097 0.00857508 0.00926726 0.01735 0.0107991 0.0318621 0.034609 0.0117722 0.0896271 0.0148072 0.0163589 0.0092147 0.00894245 0.0282365 0.00928498 0.133489 0.0096905 0.0906093 0.00901858 0.00951957 0.00909041 0.00790338 0.0319337 0.00708949 0.00952015 0.00696962 0.00569475 0.0116988 0.00665365 0.942506 0.00455108 0.00365599 0.00355796 0.00356637 0 0.0035578 0.00357217 0.00356916 0.0103208 0.00616694 0.0336527 0.100167 0.0103647 
0.00831998 0.0114624 0.00933397 0.101785 0.0101918 0.0858421 0.0159818 0.0434614 0.0306784 0.00961714 0.00933356 0.00896068 0.00879024 0.0103371 0.00937425 0.00972422 0.0420197 0.0174511 0.0180168 0.0626584 0.0141709 0.0686281 0.0124065 0.00992619 0.0133405 0.00906865 0.104476 0.00957031 0.144083 0.00949894 0.0224991 0.00871301 0.00970817 0.0177527 0.00909389 0.0248287 0.00722074 0.00621249 0.00920805 0.0153846 0.951005 0.00608291 0.00514764 0.00379396 0.00356525 0.00358362 0.0035578 0 0.00357736 0.00354881 0.00463435 0.0484396 0.031858 0.0185918 0.00947666 
0.00911593 0.0085728 0.0322309 0.00953962 0.0312308 0.00972287 0.0278181 0.0129654 0.00995241 0.0196803 0.00838157 0.00893558 0.0136892 0.00850265 0.00905178 0.0162091 0.00946222 0.0154859 0.0192748 0.01031 0.030359 0.0117665 0.0354546 0.00969939 0.00932613 0.0409072 0.00908128 0.0413037 0.00946347 0.0271949 0.00985532 0.0112284 0.0108124 0.0101663 0.0241062 0.00731326 0.00799765 0.00847796 0.0129781 0.895476 0.00646287 0.00603233 0.00483246 0.00384821 0.00388039 0.00383647 0.00357217 0.00357736 0 0.00372193 0.0415115 0.0358679 0.0332448 0.0079931 0.012819 
0.0109248 0.0227329 0.0088468 0.0118398 0.00873238 0.0127941 0.00925406 0.0100816 0.00958464 0.00864022 0.0128729 0.0120487 0.00869738 0.0114684 0.0150776 0.00912389 0.0101978 0.00964565 0.00997672 0.0115032 0.00899796 0.0112708 0.0119731 0.0286501 0.0391694 0.00972039 0.0162671 0.00893743 0.0167433 0.00902546 0.0119264 0.0108337 0.0220264 0.0160027 0.0091676 0.0108503 0.00703905 0.017885 0.277858 0.00707461 0.00795049 0.00507889 0.00495203 0.00572358 0.0040646 0.00370044 0.00356916 0.00354881 0.00372193 0 0.0282086 0.042004 0.00487398 0.00840279 0.0159636 
0.0149642 0.00893919 0.0126923 0.00837866 0.0136631 0.00841133 0.0127014 0.00906485 0.0087053 0.0123896 0.0110135 0.0108856 0.00972953 0.0105827 0.0112629 0.0128684 0.00868928 0.011207 0.0108953 0.00873212 0.0135942 0.00905188 0.0123297 0.0118656 0.0125702 0.0180414 0.00860918 0.0249123 0.00883654 0.0174004 0.00872842 0.0220048 0.0276216 0.00976216 0.0236287 0.00837187 0.0380967 0.0150166 0.00729923 0.0126505 0.00718887 0.00970967 0.00759657 0.0109869 0.0104797 0.00498459 0.0103208 0.00463435 0.0415115 0.0282086 0 0.00376976 0.00381908 0.00491654 0.0377696 
0.00888067 0.0109762 0.00849754 0.0233258 0.00853954 0.0191357 0.00920421 0.0106872 0.0119225 0.00860624 0.00987846 0.00903676 0.00861372 0.0126021 0.00960305 0.00906375 0.0162071 0.0095522 0.00945117 0.0245976 0.00893844 0.0195829 0.00971282 0.00941799 0.0172309 0.00903647 0.0356547 0.00881631 0.0415689 0.00866275 0.0248017 0.00883752 0.0114263 0.0348588 0.00998446 0.138908 0.00913227 0.0078294 0.0122531 0.00749743 0.0141334 0.00737488 0.010419 0.00830994 0.0056893 0.0102445 0.00616694 0.0484396 0.0358679 0.042004 0.00376976 0 0.00367416 0.00363697 0.0125165 
0.00864208 0.00837422 0.0141333 0.0085831 0.0126812 0.00854267 0.0114073 0.00919593 0.00864579 0.0097379 0.00828061 0.00878056 0.0095206 0.00847758 0.00933197 0.0125934 0.00882461 0.0098 0.0109649 0.00896426 0.0146043 0.00911956 0.0126823 0.00850132 0.00972571 0.0247464 0.00872737 0.0210539 0.0090216 0.0152162 0.00900775 0.00934687 0.0120643 0.0135911 0.115236 0.00921312 0.0138787 0.00898485 0.0080032 0.0124776 0.00785017 0.00840554 0.0078685 0.00711236 0.00743983 0.0102781 0.0336527 0.031858 0.0332448 0.00487398 0.00381908 0.00367416 0 0.00358414 0.0131164 
0.0100595 0.0126562 0.00904019 0.00912057 0.008725 0.00953404 0.00890366 0.00890285 0.00882539 0.00870062 0.00905898 0.0124125 0.00848955 0.00931296 0.0131354 0.00965797 0.00896858 0.00892855 0.00925755 0.00958931 0.00894426 0.00922392 0.00975909 0.0110146 0.0198913 0.0107998 0.00977185 0.00935896 0.010522 0.00928579 0.00935202 0.00985008 0.0294787 0.0571434 0.0128006 0.0139991 0.0087288 0.00822007 0.00867796 0.00920011 0.00919408 0.00831799 0.00802923 0.00788513 0.0176717 0.0397534 0.100167 0.0185918 0.0079931 0.00840279 0.00491654 0.00363697 0.00358414 0 0.0209295 
0.0188167 0.0109655 0.00963438 0.00835008 0.00932737 0.00835969 0.00914824 0.00860809 0.00845534 0.00885327 0.0102443 0.0106786 0.0089933 0.0105295 0.0113773 0.00993253 0.00863886 0.00878455 0.00893218 0.00872218 0.00922207 0.00876619 0.00995065 0.0111812 0.0165258 0.0117848 0.00889599 0.0107787 0.00909961 0.0100849 0.00887991 0.0119702 0.0184613 0.0125599 0.0104675 0.00917202 0.00901222 0.00900536 0.00888067 0.0102364 0.00887533 0.00899687 0.00903796 0.0134239 0.0300366 0.0130558 0.0103647 0.00947666 0.012819 0.0159636 0.0377696 0.0125165 0.0131164 0.0209295 0 
