1OH9A
MMNPLIIKLGGVLLDSEEALERLFSALVNYRESHQRPLVIVHGGGCVVDELMKGLNLPVKKKNGLRVTPADQIDIITGALAGTANKTLLAWAKKHQIAAVGLFLGDGDSVKVTQLDEELGHVGLAQPGSPKLINSLLENGYLPVVSSIGVTDEGQLMNVNADQAATALAATLGADLILLSDVSGILDGKGQRIAEMTAAKAEQLIEQGIITDGMIVKVNAALDAARTLGRPVDIASWRHAEQLPALFNGMPMGTRILA
CCCCEEEEECHHHHHCHHHHHHHHHHHHHHHCCCCCCEEEEECCHHHHHHHHHCCCCCCCEECCEECECCCCHHHHHHHHHCHHHHHHHHHHHHCCCCEEEECCCHHHCEEEEECCHHHECEEEEEECCCHHHHHHHHCCCEEEEECEEECCCCCEEECCHHHHHHHHHHHHCCEEEEEECCCCCECCCCCECCEECHHHHHHHHHCCCCCCHHHHHHHHHHHHHHHHCCCEEEEECCCHHHHHHHHCCCCCCEEECC
0 0 0 0 0 0 0 0 0 0 0 0 0 0 0 0 0 0 0 0 0 0 0 0 0 0 0 0 0 0 0 0 0 0 0 0 0 0 0 0 0 0 0 0 0 0 0 0 0 0 0 0 0 0 0 0 0 0 0 0 0 0 0 0 0 0 0 0 0 0 0 0 0 0 0 0 0 0 0 0 0 0 0 0 0 0 0 0 0 0 0 0 0 0 0 0 0 0 0 0 0 0 0 0 0 0 0 0 0 0 0 0 0 0 0 0 0 0 0 0 0 0 0 0 0 0 0 0 0 0 0 0 0 0 0 0 0 0 0 0 0 0 0 0 0 0 0 0 0 0 0 0 0 0 0 0 0 0 0 0 0 0 0 0 0 0 0 0 0 0 0 0 0 0 0 0 0 0 0 0 0 0 0 0 0 0 0 0 0 0 0 0 0 0 0 0 0 0 0 0 0 0 0 0 0 0 0 0 0 0 0 0 0 0 0 0 0 0 0 0 0 0 0 0 0 0 0 0 0 0 0 0 0 0 0 0 0 0 0 0 0 0 0 0 0 0 0 0 0 0 0 0 0 0 0 0 0 0 
0 0 0 0 0 0 0 0 0 0 0 0 0 0 0 0 0 0 0 0 0 0 0 0 0 0 0 0 0 0 0 0 0 0 0 0 0 0 0 0 0 0 0 0 0 0 0 0 0 0 0 0 0 0 0 0 0 0 0 0 0 0 0 0 0 0 0 0 0 0 0 0 0 0 0 0 0 0 0 0 0 0 0 0 0 0 0 0 0 0 0 0 0 0 0 0 0 0 0 0 0 0 0 0 0 0 0 0 0 0 0 0 0 0 0 0 0 0 0 0 0 0 0 0 0 0 0 0 0 0 0 0 0 0 0 0 0 0 0 0 0 0 0 0 0 0 0 0 0 0 0 0 0 0 0 0 0 0 0 0 0 0 0 0 0 0 0 0 0 0 0 0 0 0 0 0 0 0 0 0 0 0 0 0 0 0 0 0 0 0 0 0 0 0 0 0 0 0 0 0 0 0 0 0 0 0 0 0 0 0 0 0 0 0 0 0 0 0 0 0 0 0 0 0 0 0 0 0 0 0 0 0 0 0 0 0 0 0 0 0 0 0 0 0 0 0 0 0 0 0 0 0 0 0 0 0 0 0 
0 0.0036374 0.00358005 0.00364354 0.00489763 0.692066 0.0402024 0.0400836 0.0145627 0.0288438 0.0140993 0.0114134 0.0111568 0.0131605 0.0188855 0.0109296 0.0090611 0.00886357 0.0128685 0.0111098 0.00933356 0.00950927 0.00900052 0.0112111 0.00898422 0.00911209 0.00881994 0.00897895 0.00860703 0.00843359 0.010087 0.00921088 0.00882132 0.00947854 0.00892559 0.0101537 0.00938352 0.00855584 0.00990683 0.00844134 0.00817771 0.00931783 0.00860639 0.00865384 0.00906294 0.00890633 0.00854898 0.00989242 0.00892179 0.00875531 0.00816596 0.00861416 0.00831891 0.00839083 0.00859117 0.0083423 0.00864031 0.00836409 0.00850128 0.00955353 
0.0036374 0 0.00357552 0.00361696 0.00357978 0.102068 0.806253 0.0517695 0.0929867 0.013354 0.0107038 0.0091506 0.0107017 0.0117181 0.0101583 0.00929922 0.0100143 0.0124119 0.00949709 0.00924372 0.0133945 0.00935029 0.0112894 0.00850529 0.00855273 0.00902704 0.0119637 0.0109916 0.00895985 0.0086881 0.00831899 0.00849895 0.0106213 0.0126582 0.0120206 0.00984505 0.00918875 0.00970015 0.00854883 0.00841625 0.00887765 0.0086691 0.00854385 0.0099743 0.0103636 0.0104489 0.00907898 0.00833284 0.00810106 0.00807233 0.00824562 0.00811238 0.00850255 0.00880615 0.00925899 0.00858131 0.00837214 0.00842611 0.00876664 0.00861183 
0.00358005 0.00357552 0 0.00358478 0.00359068 0.0790921 0.0834092 0.82375 0.0498651 0.0268305 0.00914208 0.009075 0.00981787 0.0108375 0.00903196 0.00944527 0.0121343 0.01204 0.0108253 0.0108588 0.00982209 0.0216932 0.00869761 0.00850289 0.00873596 0.0105653 0.0130778 0.0117044 0.0112626 0.00839466 0.00831364 0.00901071 0.0100356 0.0185134 0.0126232 0.0107879 0.010807 0.00910098 0.00861814 0.00871773 0.00855113 0.00845983 0.00863969 0.0110083 0.0123182 0.0117641 0.00934382 0.00855368 0.00802874 0.00804857 0.0080904 0.00817393 0.00845902 0.00885263 0.00935469 0.00892526 0.00847817 0.00841815 0.00857637 0.00860592 
0.00364354 0.00361696 0.00358478 0 0.00354502 0.0189384 0.139212 0.102405 0.762967 0.0288668 0.0098939 0.00864766 0.0107155 0.0123198 0.00916502 0.00920318 0.00916939 0.0150065 0.00950127 0.00983405 0.0148277 0.00863221 0.00906542 0.00811695 0.00857636 0.00922054 0.00941272 0.0109935 0.00846083 0.00839018 0.00803762 0.00828238 0.00970881 0.0109511 0.0106277 0.00926552 0.00870943 0.00896115 0.00817555 0.00823328 0.00849489 0.00838483 0.00847108 0.00921778 0.0100363 0.0102547 0.00885083 0.00805352 0.00801917 0.0080328 0.00812669 0.00800072 0.00832291 0.00853664 0.00891445 0.00864712 0.00813895 0.00835286 0.00848265 0.00824233 
0.00489763 0.00357978 0.00359068 0.00354502 0 0.0284382 0.0169519 0.059585 0.0554873 0.629413 0.0124961 0.00974062 0.0178512 0.0125442 0.0133883 0.0103465 0.00869326 0.00845594 0.0121598 0.0180623 0.00834356 0.00890069 0.00835242 0.00848524 0.0131692 0.0116101 0.00972997 0.0082528 0.00842266 0.00818206 0.00828376 0.00927455 0.00846476 0.00931431 0.00890679 0.00945638 0.0110496 0.00822494 0.00856447 0.00874979 0.00839285 0.00837555 0.009018 0.0083853 0.00853807 0.00857506 0.00828061 0.00832162 0.00857971 0.00885529 0.00817333 0.00824711 0.00865387 0.00822211 0.00844201 0.00841883 0.00816699 0.00867589 0.00827897 0.00835866 
0.692066 0.102068 0.0790921 0.0189384 0.0284382 0 0.00373402 0.00361941 0.00363868 0.00384093 0.0576437 0.01664 0.016252 0.0187542 0.0211328 0.0151843 0.0105325 0.00949882 0.0232912 0.01307 0.0101801 0.00958875 0.0100232 0.0138515 0.0115226 0.00971228 0.00978762 0.00902623 0.00887011 0.00904827 0.0118868 0.0101705 0.00956568 0.0109845 0.0101531 0.0126548 0.00908872 0.00858465 0.0110262 0.00878479 0.00838537 0.0106881 0.00913465 0.00911253 0.00943599 0.00929245 0.00887558 0.00981576 0.00913272 0.00898678 0.00822541 0.00870802 0.00867663 0.00837463 0.00858532 0.0083428 0.00850429 0.0083897 0.00835667 0.00943442 
0.0402024 0.806253 0.0834092 0.139212 0.0169519 0.00373402 0 0.00360454 0.00361152 0.00364954 0.0442268 0.0165843 0.01747 0.0156056 0.0115978 0.0164928 0.0169654 0.0183409 0.0113205 0.012422 0.0177753 0.0129365 0.0142585 0.00946114 0.00984044 0.0107071 0.0200504 0.0140401 0.0105115 0.0101622 0.00922968 0.00930155 0.0159822 0.0213657 0.0184056 0.011946 0.0110878 0.0108186 0.00920658 0.00865773 0.00908563 0.00910206 0.00932558 0.0137958 0.0145548 0.0148558 0.00989378 0.00870616 0.00815309 0.00807927 0.00828912 0.00817905 0.00838152 0.0090272 0.00962609 0.00888229 0.0083927 0.00841829 0.00874322 0.00853245 
0.0400836 0.0517695 0.82375 0.102405 0.059585 0.00361941 0.00360454 0 0.00361633 0.00355689 0.0192276 0.0138837 0.0142897 0.0181759 0.0102742 0.013303 0.0261 0.0254581 0.0149005 0.012024 0.0196514 0.0281536 0.0104902 0.00924653 0.00952827 0.0169146 0.0222324 0.0264777 0.0155089 0.0094071 0.00885967 0.0091285 0.0157343 0.0652622 0.0244189 0.0179774 0.0146638 0.0104505 0.00937833 0.00906397 0.00891074 0.00941697 0.00940303 0.0151574 0.0248527 0.0226681 0.0110459 0.0087395 0.00804356 0.00805253 0.00828231 0.00815783 0.00861232 0.00969138 0.0116522 0.00945537 0.00872377 0.00849017 0.00889053 0.00853525 
0.0145627 0.0929867 0.0498651 0.762967 0.0554873 0.00363868 0.00361152 0.00361633 0 0.00356459 0.0184585 0.0218479 0.0173216 0.0252266 0.0106227 0.0107007 0.0129597 0.0243878 0.0187961 0.010982 0.0127669 0.0116361 0.0109708 0.00889458 0.00935858 0.0112527 0.0159853 0.0120007 0.00992125 0.00914491 0.00858758 0.00865804 0.0117605 0.0203424 0.0317877 0.0127542 0.0112756 0.0106447 0.00885259 0.00837964 0.00936994 0.00873465 0.00873754 0.0112335 0.012464 0.0124084 0.0116428 0.00849878 0.0080031 0.00798423 0.0080772 0.00815241 0.00823718 0.0086808 0.00938965 0.00917476 0.00845706 0.00828178 0.00847843 0.00819501 
0.0288438 0.013354 0.0268305 0.0288668 0.629413 0.00384093 0.00364954 0.00355689 0.00356459 0 0.0164287 0.0184034 0.0233072 0.0187147 0.0362138 0.0116403 0.00885836 0.0114023 0.0249384 0.0158351 0.00988439 0.00897746 0.00865231 0.00949635 0.0121648 0.0136808 0.00999365 0.00939641 0.00868495 0.00833935 0.00905899 0.0092748 0.00871215 0.0107694 0.0112626 0.0158133 0.011646 0.00878997 0.0102899 0.00903555 0.00819629 0.0108939 0.00948435 0.00905238 0.00949201 0.00989353 0.0087496 0.00908412 0.00846388 0.00865045 0.00816382 0.00810295 0.00830927 0.00822837 0.00883488 0.00826249 0.00853375 0.00834923 0.00821282 0.00814173 
0.0140993 0.0107038 0.00914208 0.0098939 0.0124961 0.0576437 0.0442268 0.0192276 0.0184585 0.0164287 0 0.0142461 0.0084126 0.954389 0.0132738 0.0128713 0.0104318 0.00917692 0.0121693 0.0115684 0.0101506 0.00886046 0.0093277 0.0115916 0.0106658 0.00866266 0.00896034 0.00852744 0.0085238 0.00839267 0.00970824 0.00908473 0.00845494 0.00834879 0.00855389 0.00865862 0.00844649 0.00850946 0.00908863 0.0090747 0.00835275 0.00870717 0.00874386 0.00838768 0.00821752 0.00827538 0.00833291 0.00861963 0.00975044 0.0102743 0.00863569 0.00944461 0.00832235 0.00826302 0.00809948 0.00797135 0.0080838 0.00820478 0.00812604 0.008501 
0.0114134 0.0091506 0.009075 0.00864766 0.00974062 0.01664 0.0165843 0.0138837 0.0218479 0.0184034 0.0142461 0 0.984509 0.00434036 0.00792272 0.0106278 0.008792 0.00871409 0.00972609 0.0128847 0.00855977 0.00859639 0.00858168 0.00864326 0.00991108 0.00864746 0.00855457 0.00811698 0.00817079 0.0081896 0.00820319 0.00856639 0.00808223 0.00825412 0.00828691 0.008154 0.0087587 0.00819248 0.00819121 0.00836534 0.00813858 0.00826201 0.00843395 0.00812378 0.00800937 0.00803323 0.00805456 0.00806328 0.00849918 0.00849884 0.00811757 0.00822409 0.00808356 0.00795471 0.00799679 0.00795608 0.00796257 0.00801229 0.00794418 0.00804044 
0.0111568 0.0107017 0.00981787 0.0107155 0.0178512 0.016252 0.01747 0.0142897 0.0173216 0.0233072 0.0084126 0.984509 0 0.00466166 0.00657861 0.016839 0.0100643 0.00974321 0.0192718 0.0113304 0.010512 0.00904511 0.00992519 0.0137094 0.0105716 0.00873613 0.00883748 0.00850238 0.00839241 0.00873372 0.011522 0.00866942 0.00864871 0.00862733 0.00937115 0.00951593 0.00857506 0.00860885 0.0109976 0.00844205 0.00845194 0.00981764 0.0084107 0.0084504 0.00848654 0.00836983 0.00875204 0.0102465 0.0098511 0.00981924 0.00824501 0.00967065 0.0082493 0.0081302 0.00821266 0.00804124 0.0084082 0.00814347 0.00810857 0.00884548 
0.0131605 0.0117181 0.0108375 0.0123198 0.0125442 0.0187542 0.0156056 0.0181759 0.0252266 0.0187147 0.954389 0.00434036 0.00466166 0 0.00890523 0.0153042 0.0106789 0.0133363 0.0124835 0.0140554 0.00982738 0.00927535 0.0093226 0.0105263 0.0108607 0.0100339 0.00921022 0.00891627 0.00866228 0.00874815 0.00926636 0.00916829 0.00896185 0.0105033 0.00998446 0.009739 0.0096191 0.00882217 0.00919698 0.00876343 0.00848981 0.00881171 0.00890996 0.00886502 0.00890768 0.00907457 0.00891869 0.00884207 0.00862588 0.00858123 0.0082897 0.0081927 0.00827112 0.00818071 0.00826963 0.00817361 0.00810183 0.00833148 0.00812661 0.00837035 
0.0188855 0.0101583 0.00903196 0.00916502 0.0133883 0.0211328 0.0115978 0.0102742 0.0106227 0.0362138 0.0132738 0.00792272 0.00657861 0.00890523 0 0.0275506 0.00972527 0.0114148 0.0511838 0.0228933 0.0103285 0.00945342 0.00924534 0.0135567 0.0257091 0.0128189 0.0097806 0.00870208 0.00884585 0.00854463 0.0101587 0.0124847 0.00883114 0.00881585 0.00894626 0.0100816 0.0111583 0.00853356 0.00985463 0.0106332 0.00832768 0.0098985 0.0114652 0.00855016 0.00831749 0.00833312 0.00823678 0.00927044 0.0117215 0.012359 0.00888087 0.00977959 0.00912295 0.00820465 0.00810019 0.00801187 0.00840553 0.00859892 0.00809526 0.00898395 
0.0109296 0.00929922 0.00944527 0.00920318 0.0103465 0.0151843 0.0164928 0.013303 0.0107007 0.0116403 0.0128713 0.0106278 0.016839 0.0153042 0.0275506 0 0.00433101 0.00384062 0.0152698 0.0102747 0.0137328 0.0104984 0.165576 0.0333853 0.0106245 0.0105583 0.0100223 0.00993135 0.00920189 0.0105033 0.0137036 0.012817 0.0123723 0.0103292 0.0122836 0.0145226 0.0101103 0.00913868 0.0130468 0.0106011 0.00895143 0.0115885 0.0110347 0.00930942 0.00984413 0.0092385 0.0091193 0.0108806 0.00975667 0.0102733 0.00861599 0.00963583 0.00841462 0.00831949 0.00822444 0.00815483 0.00831335 0.00834811 0.00816879 0.00877478 
0.0090611 0.0100143 0.0121343 0.00916939 0.00869326 0.0105325 0.0169654 0.0261 0.0129597 0.00885836 0.0104318 0.008792 0.0100643 0.0106789 0.00972527 0.00433101 0 0.00507602 0.00358378 0.00678355 0.0079154 0.147008 0.00950836 0.00860498 0.00752828 0.00876394 0.0156904 0.00904607 0.0119199 0.00897721 0.0086664 0.00988328 0.0143156 0.0196179 0.0126263 0.00932893 0.00984651 0.0101028 0.00895306 0.00856516 0.0100767 0.00867451 0.00850469 0.0128726 0.0119581 0.0123888 0.00954658 0.00864821 0.00831776 0.00822648 0.00820784 0.00849042 0.00825085 0.00839269 0.0088285 0.00843234 0.00807882 0.00805497 0.00825939 0.00816114 
0.00886357 0.0124119 0.01204 0.0150065 0.00845594 0.00949882 0.0183409 0.0254581 0.0243878 0.0114023 0.00917692 0.00871409 0.00974321 0.0133363 0.0114148 0.00384062 0.00507602 0 0.00354369 0.00677205 0.193315 0.00768487 0.0157803 0.00664038 0.00682141 0.0102514 0.00979171 0.0151149 0.00840968 0.0104788 0.00876319 0.0088319 0.0169482 0.0189125 0.0284746 0.0105644 0.00938073 0.0142419 0.0091067 0.00921625 0.00971279 0.00941611 0.00881282 0.0112919 0.0146569 0.0148622 0.0112083 0.00847959 0.00829605 0.00826636 0.00843913 0.00802202 0.00818299 0.00898253 0.00902184 0.00866299 0.00815172 0.00809705 0.00832009 0.0080639 
0.0128685 0.00949709 0.0108253 0.00950127 0.0121598 0.0232912 0.0113205 0.0149005 0.0187961 0.0249384 0.0121693 0.00972609 0.0192718 0.0124835 0.0511838 0.0152698 0.00358378 0.00354369 0 0.152529 0.00779942 0.00858072 0.00664749 0.00932574 0.0129391 0.014361 0.0127513 0.00885256 0.00962413 0.00845132 0.0136091 0.022995 0.0092427 0.0134321 0.0205968 0.015679 0.0185978 0.00964205 0.0143053 0.0116272 0.00957351 0.0128811 0.0124828 0.0109657 0.0108679 0.011149 0.0107912 0.0106447 0.00981019 0.00935461 0.00823759 0.00996059 0.00956875 0.00836002 0.00869028 0.00855962 0.00866407 0.00851561 0.00802734 0.00867733 
0.0111098 0.00924372 0.0108588 0.00983405 0.0180623 0.01307 0.012422 0.012024 0.010982 0.0158351 0.0115684 0.0128847 0.0113304 0.0140554 0.0228933 0.0102747 0.00678355 0.00677205 0.152529 0 0.00360938 0.00368169 0.00371147 0.00543813 0.00480245 0.00683572 0.00868635 0.00745996 0.0437201 0.0204813 0.466592 0.023586 0.0117854 0.012956 0.0138466 0.0269442 0.0137556 0.0102048 0.0247116 0.0113317 0.0110909 0.0187737 0.0105235 0.0121954 0.0108654 0.0106055 0.0109188 0.0212318 0.0119363 0.0113095 0.00868686 0.0197526 0.0103643 0.00842507 0.00889671 0.00949341 0.0104028 0.00845007 0.00836538 0.0114108 
0.00933356 0.0133945 0.00982209 0.0148277 0.00834356 0.0101801 0.0177753 0.0196514 0.0127669 0.00988439 0.0101506 0.00855977 0.010512 0.00982738 0.0103285 0.0137328 0.0079154 0.193315 0.00779942 0.00360938 0 0.00353791 0.00458892 0.00364653 0.00387234 0.00765276 0.00743048 0.0313311 0.0102945 0.510991 0.00929666 0.0094342 0.0383503 0.0139682 0.0191694 0.00992941 0.0101951 0.0136145 0.00986498 0.0108237 0.00994402 0.0105062 0.0116857 0.0117192 0.0194133 0.0172496 0.0116892 0.00920924 0.00874646 0.00932577 0.00961929 0.00827068 0.00839339 0.0105558 0.0088282 0.00908217 0.00880799 0.00833416 0.00848959 0.00856403 
0.00950927 0.00935029 0.0216932 0.00863221 0.00890069 0.00958875 0.0129365 0.0281536 0.0116361 0.00897746 0.00886046 0.00859639 0.00904511 0.00927535 0.00945342 0.0104984 0.147008 0.00768487 0.00858072 0.00368169 0.00353791 0 0.0035653 0.00355586 0.00417101 0.00627947 0.0168687 0.00774253 0.527424 0.00692001 0.00753671 0.0132096 0.00967987 0.0287382 0.0120199 0.0111832 0.0119493 0.00939438 0.00912592 0.0089448 0.0102237 0.00886316 0.00894698 0.0178648 0.0173318 0.0171941 0.00996574 0.00893709 0.00824746 0.00816759 0.00818112 0.010261 0.00892888 0.00845857 0.0119042 0.0089238 0.00823028 0.00826127 0.00834661 0.00884152 
0.00900052 0.0112894 0.00869761 0.00906542 0.00835242 0.0100232 0.0142585 0.0104902 0.0109708 0.00865231 0.0093277 0.00858168 0.00992519 0.0093226 0.00924534 0.165576 0.00950836 0.0157803 0.00664749 0.00371147 0.00458892 0.0035653 0 0.00358878 0.00378154 0.010561 0.0109491 0.450052 0.00670688 0.00738507 0.00718564 0.00898853 0.0190194 0.0106773 0.0177399 0.00904994 0.00916656 0.0113923 0.0088148 0.0101227 0.00979427 0.00910355 0.0100438 0.0108504 0.0113271 0.0113518 0.0100081 0.00849478 0.00854679 0.00883224 0.00867044 0.00835403 0.00833926 0.00878445 0.00852521 0.00849216 0.0082093 0.00817975 0.00831412 0.00811507 
0.0112111 0.00850529 0.00850289 0.00811695 0.00848524 0.0138515 0.00946114 0.00924653 0.00889458 0.00949635 0.0115916 0.00864326 0.0137094 0.0105263 0.0135567 0.0333853 0.00860498 0.00664038 0.00932574 0.00543813 0.00364653 0.00355586 0.00358878 0 0.00838366 0.011166 0.403939 0.00579752 0.0071132 0.00582132 0.00661971 0.0159811 0.0088921 0.0100217 0.0101789 0.0114472 0.0147954 0.0092338 0.0100133 0.0131242 0.00866388 0.0113862 0.0135402 0.0100131 0.00941742 0.00918431 0.00877877 0.00925765 0.0100677 0.0101898 0.00856869 0.00919629 0.00951164 0.00817346 0.00831833 0.0081418 0.00821277 0.00895203 0.00805024 0.00837144 
0.00898422 0.00855273 0.00873596 0.00857636 0.0131692 0.0115226 0.00984044 0.00952827 0.00935858 0.0121648 0.0106658 0.00991108 0.0105716 0.0108607 0.0257091 0.0106245 0.00752828 0.00682141 0.0129391 0.00480245 0.00387234 0.00417101 0.00378154 0.00838366 0 0.0085393 0.00377257 0.00359749 0.00361202 0.003662 0.00419923 0.00940712 0.0090072 0.00996502 0.0113801 0.0187526 0.0130016 0.0110898 0.0178384 0.0105522 0.0102276 0.016721 0.010696 0.0107203 0.00994915 0.0099614 0.0110641 0.0154907 0.0131569 0.0124349 0.00964544 0.0142014 0.00882119 0.00828033 0.00856719 0.00835521 0.0109133 0.00836431 0.00814817 0.0104447 
0.00911209 0.00902704 0.0105653 0.00922054 0.0116101 0.00971228 0.0107071 0.0169146 0.0112527 0.0136808 0.00866266 0.00864746 0.00873613 0.0100339 0.0128189 0.0105583 0.00876394 0.0102514 0.014361 0.00683572 0.00765276 0.00627947 0.010561 0.011166 0.0085393 0 0.00354928 0.00355885 0.00361947 0.0036694 0.00406741 0.0126551 0.0109126 0.0223816 0.0133823 0.0422605 0.0142079 0.00912504 0.020041 0.0100897 0.0094756 0.0227712 0.0125377 0.0107862 0.0172614 0.0138162 0.00997812 0.0154063 0.00994672 0.00962034 0.00838745 0.00985975 0.00862714 0.00870063 0.00987662 0.00948443 0.010615 0.00821348 0.00813515 0.00919671 
0.00881994 0.0119637 0.0130778 0.00941272 0.00972997 0.00978762 0.0200504 0.0222324 0.0159853 0.00999365 0.00896034 0.00855457 0.00883748 0.00921022 0.0097806 0.0100223 0.0156904 0.00979171 0.0127513 0.00868635 0.00743048 0.0168687 0.0109491 0.403939 0.00377257 0.00354928 0 0.00355627 0.00362173 0.00370868 0.00364569 0.0164981 0.0234652 0.0216688 0.0584725 0.0338717 0.0124317 0.0228269 0.0104436 0.00900048 0.0169068 0.00986157 0.0102611 0.0369303 0.0213741 0.0265157 0.0178984 0.010581 0.00863536 0.00843616 0.00851043 0.0100496 0.00877987 0.00942023 0.0134438 0.0103368 0.00883686 0.0083573 0.00856322 0.00886728 
0.00897895 0.0109916 0.0117044 0.0109935 0.0082528 0.00902623 0.0140401 0.0264777 0.0120007 0.00939641 0.00852744 0.00811698 0.00850238 0.00891627 0.00870208 0.00993135 0.00904607 0.0151149 0.00885256 0.00745996 0.0313311 0.00774253 0.450052 0.00579752 0.00359749 0.00355885 0.00355627 0 0.00353616 0.00357976 0.00354646 0.00937736 0.0221356 0.0336497 0.0540379 0.018788 0.0112731 0.00972083 0.0104769 0.00969218 0.00867565 0.0105566 0.0115033 0.0117778 0.0308203 0.0296171 0.0110328 0.00919238 0.00836982 0.0084911 0.00872453 0.00828061 0.00836163 0.0110197 0.0112123 0.00997012 0.00849723 0.00836938 0.00844769 0.0087866 
0.00860703 0.00895985 0.0112626 0.00846083 0.00842266 0.00887011 0.0105115 0.0155089 0.00992125 0.00868495 0.0085238 0.00817079 0.00839241 0.00866228 0.00884585 0.00920189 0.0119199 0.00840968 0.00962413 0.0437201 0.0102945 0.527424 0.00670688 0.0071132 0.00361202 0.00361947 0.00362173 0.00353616 0 0.00355272 0.0035313 0.01064 0.0145737 0.0847029 0.0144334 0.0120451 0.0107808 0.00899245 0.00906998 0.00862458 0.00896417 0.0088792 0.00894153 0.014554 0.0223092 0.014925 0.00989238 0.00893144 0.00834508 0.00825459 0.00816627 0.00924421 0.00855718 0.00861958 0.011359 0.00865346 0.00830599 0.00812988 0.00828135 0.00865746 
0.00843359 0.0086881 0.00839466 0.00839018 0.00818206 0.00904827 0.0101622 0.0094071 0.00914491 0.00833935 0.00839267 0.0081896 0.00873372 0.00874815 0.00854463 0.0105033 0.00897721 0.0104788 0.00845132 0.0204813 0.510991 0.00692001 0.00738507 0.00582132 0.003662 0.0036694 0.00370868 0.00357976 0.00355272 0 0.00364368 0.00979432 0.0657229 0.0147958 0.0250654 0.00919048 0.00926993 0.012258 0.00851022 0.00955482 0.00927137 0.00904989 0.00978526 0.0107166 0.0115822 0.0111278 0.00980516 0.00840459 0.00850546 0.00903592 0.008501 0.00833157 0.00820416 0.00874001 0.00849404 0.00852296 0.00817634 0.00816408 0.00823557 0.00806013 
0.010087 0.00831899 0.00831364 0.00803762 0.00828376 0.0118868 0.00922968 0.00885967 0.00858758 0.00905899 0.00970824 0.00820319 0.011522 0.00926636 0.0101587 0.0137036 0.0086664 0.00876319 0.0136091 0.466592 0.00929666 0.00753671 0.00718564 0.00661971 0.00419923 0.00406741 0.00364569 0.00354646 0.0035313 0.00364368 0 0.0730467 0.0094056 0.0148844 0.0159046 0.0236995 0.014232 0.00927001 0.0115591 0.0120707 0.0086957 0.0106264 0.0143231 0.00979752 0.00992591 0.00957718 0.00903817 0.00961483 0.0100615 0.0100879 0.0087965 0.00902053 0.00990053 0.0083231 0.00839427 0.00817547 0.00830691 0.00906207 0.00803407 0.00822717 
0.00921088 0.00849895 0.00901071 0.00828238 0.00927455 0.0101705 0.00930155 0.0091285 0.00865804 0.0092748 0.00908473 0.00856639 0.00866942 0.00916829 0.0124847 0.012817 0.00988328 0.0088319 0.022995 0.023586 0.0094342 0.0132096 0.00898853 0.0159811 0.00940712 0.0126551 0.0164981 0.00937736 0.01064 0.00979432 0.0730467 0 0.00375955 0.00358571 0.00363916 0.00366944 0.00414564 0.00480961 0.00795905 0.00749702 0.0082264 0.0132178 0.0238316 0.0228578 0.0130299 0.0108063 0.0116998 0.01708 0.0124271 0.0117359 0.00950207 0.0152862 0.0110413 0.00847602 0.00923845 0.00865245 0.0096451 0.00888063 0.00835601 0.0103358 
0.00882132 0.0106213 0.0100356 0.00970881 0.00846476 0.00956568 0.0159822 0.0157343 0.0117605 0.00871215 0.00845494 0.00808223 0.00864871 0.00896185 0.00883114 0.0123723 0.0143156 0.0169482 0.0092427 0.0117854 0.0383503 0.00967987 0.0190194 0.0088921 0.0090072 0.0109126 0.0234652 0.0221356 0.0145737 0.0657229 0.0094056 0.00375955 0 0.00353822 0.00357882 0.00365498 0.00418689 0.00431398 0.0070868 0.00800797 0.0098078 0.00799406 0.01677 0.0598723 0.0412727 0.038979 0.0151303 0.0101385 0.00920388 0.00922785 0.0106012 0.00893963 0.0104644 0.0172872 0.0132538 0.0122131 0.00881339 0.00867019 0.0093045 0.00859126 
0.00947854 0.0126582 0.0185134 0.0109511 0.00931431 0.0109845 0.0213657 0.0652622 0.0203424 0.0107694 0.00834879 0.00825412 0.00862733 0.0105033 0.00881585 0.0103292 0.0196179 0.0189125 0.0134321 0.012956 0.0139682 0.0287382 0.0106773 0.0100217 0.00996502 0.0223816 0.0216688 0.0336497 0.0847029 0.0147958 0.0148844 0.00358571 0.00353822 0 0.00361861 0.00355872 0.00363223 0.0039003 0.00450977 0.00899289 0.0088283 0.00961197 0.0198675 0.0391165 0.140691 0.106072 0.0294706 0.0116558 0.00893264 0.00868029 0.0093514 0.0098472 0.0100908 0.0189751 0.0577771 0.0199241 0.0104179 0.00930184 0.00950953 0.00961447 
0.00892559 0.0120206 0.0126232 0.0106277 0.00890679 0.0101531 0.0184056 0.0244189 0.0317877 0.0112626 0.00855389 0.00828691 0.00937115 0.00998446 0.00894626 0.0122836 0.0126263 0.0284746 0.0205968 0.0138466 0.0191694 0.0120199 0.0177399 0.0101789 0.0113801 0.0133823 0.0584725 0.0540379 0.0144334 0.0250654 0.0159046 0.00363916 0.00357882 0.00361861 0 0.00355821 0.00362368 0.00465168 0.00448726 0.00912088 0.0139764 0.0113617 0.0141104 0.0574939 0.0331622 0.0672246 0.0652674 0.0169501 0.0106761 0.0101785 0.0107292 0.0101424 0.0102072 0.0172888 0.0250074 0.0319256 0.0125932 0.00927323 0.00991768 0.00930983 
0.0101537 0.00984505 0.0107879 0.00926552 0.00945638 0.0126548 0.011946 0.0179774 0.0127542 0.0158133 0.00865862 0.008154 0.00951593 0.009739 0.0100816 0.0145226 0.00932893 0.0105644 0.015679 0.0269442 0.00992941 0.0111832 0.00904994 0.0114472 0.0187526 0.0422605 0.0338717 0.018788 0.0120451 0.00919048 0.0236995 0.00366944 0.00365498 0.00355872 0.00355821 0 0.00357514 0.00383089 0.00361232 0.00829818 0.00808489 0.0129789 0.0331364 0.0157161 0.0280604 0.0250911 0.0243103 0.0164858 0.0117007 0.0107337 0.0100457 0.0099992 0.013006 0.0110516 0.0195794 0.0136112 0.0150816 0.0113515 0.008535 0.0101982 
0.00938352 0.00918875 0.010807 0.00870943 0.0110496 0.00908872 0.0110878 0.0146638 0.0112756 0.011646 0.00844649 0.0087587 0.00857506 0.0096191 0.0111583 0.0101103 0.00984651 0.00938073 0.0185978 0.0137556 0.0101951 0.0119493 0.00916656 0.0147954 0.0130016 0.0142079 0.0124317 0.0112731 0.0107808 0.00926993 0.014232 0.00414564 0.00418689 0.00363223 0.00362368 0.00357514 0 0.00354898 0.00371711 0.0138492 0.0091202 0.916963 0.0166238 0.0141931 0.0229689 0.0159139 0.0118684 0.0193138 0.0124056 0.0118788 0.0092933 0.014256 0.00995365 0.00950477 0.0158921 0.0110709 0.012138 0.00865693 0.00853116 0.0119586 
0.00855584 0.00970015 0.00910098 0.00896115 0.00822494 0.00858465 0.0108186 0.0104505 0.0106447 0.00878997 0.00850946 0.00819248 0.00860885 0.00882217 0.00853356 0.00913868 0.0101028 0.0142419 0.00964205 0.0102048 0.0136145 0.00939438 0.0113923 0.0092338 0.0110898 0.00912504 0.0228269 0.00972083 0.00899245 0.012258 0.00927001 0.00480961 0.00431398 0.0039003 0.00465168 0.00383089 0.00354898 0 0.00360685 0.00820405 0.960999 0.0140708 0.0102338 0.0321875 0.0145503 0.0195932 0.025842 0.0113598 0.0105519 0.0100521 0.0116457 0.0124059 0.00880087 0.0122767 0.0103137 0.0136283 0.00888891 0.00858423 0.00916486 0.00882234 
0.00990683 0.00854883 0.00861814 0.00817555 0.00856447 0.0110262 0.00920658 0.00937833 0.00885259 0.0102899 0.00908863 0.00819121 0.0109976 0.00919698 0.00985463 0.0130468 0.00895306 0.0091067 0.0143053 0.0247116 0.00986498 0.00912592 0.0088148 0.0100133 0.0178384 0.020041 0.0104436 0.0104769 0.00906998 0.00851022 0.0115591 0.00795905 0.0070868 0.00450977 0.00448726 0.00361232 0.00371711 0.00360685 0 0.983955 0.00603461 0.0142273 0.0181137 0.0122744 0.0145861 0.0144244 0.0219389 0.0170231 0.0131714 0.0143714 0.011415 0.010635 0.0149912 0.00919696 0.00966633 0.00922194 0.0118745 0.01101 0.00857693 0.00988676 
0.00844134 0.00841625 0.00871773 0.00823328 0.00874979 0.00878479 0.00865773 0.00906397 0.00837964 0.00903555 0.0090747 0.00836534 0.00844205 0.00876343 0.0106332 0.0106011 0.00856516 0.00921625 0.0116272 0.0113317 0.0108237 0.0089448 0.0101227 0.0131242 0.0105522 0.0100897 0.00900048 0.00969218 0.00862458 0.00955482 0.0120707 0.00749702 0.00800797 0.00899289 0.00912088 0.00829818 0.0138492 0.00820405 0.983955 0 0.00407463 0.00379257 0.0614658 0.0116564 0.0245515 0.0130328 0.0120631 0.0210251 0.0134605 0.0150019 0.0110631 0.0116507 0.0103185 0.0087439 0.00914946 0.00877413 0.0110912 0.00864365 0.00872384 0.0126807 
0.00817771 0.00887765 0.00855113 0.00849489 0.00839285 0.00838537 0.00908563 0.00891074 0.00936994 0.00819629 0.00835275 0.00813858 0.00845194 0.00848981 0.00832768 0.00895143 0.0100767 0.00971279 0.00957351 0.0110909 0.00994402 0.0102237 0.00979427 0.00866388 0.0102276 0.0094756 0.0169068 0.00867565 0.00896417 0.00927137 0.0086957 0.0082264 0.0098078 0.0088283 0.0139764 0.00808489 0.0091202 0.960999 0.00603461 0.00407463 0 0.00360912 0.0130699 0.0939287 0.0152795 0.0175319 0.0566242 0.0101879 0.0108284 0.0101726 0.0101275 0.0125775 0.00933843 0.009984 0.0102266 0.0127898 0.00859981 0.00857002 0.00921392 0.0086009 
0.00931783 0.0086691 0.00845983 0.00838483 0.00837555 0.0106881 0.00910206 0.00941697 0.00873465 0.0108939 0.00870717 0.00826201 0.00981764 0.00881171 0.0098985 0.0115885 0.00867451 0.00941611 0.0128811 0.0187737 0.0105062 0.00886316 0.00910355 0.0113862 0.016721 0.0227712 0.00986157 0.0105566 0.0088792 0.00904989 0.0106264 0.0132178 0.00799406 0.00961197 0.0113617 0.0129789 0.916963 0.0140708 0.0142273 0.00379257 0.00360912 0 0.0304571 0.0133516 0.0369836 0.024275 0.0396682 0.0639246 0.0176512 0.0171627 0.0146863 0.0108515 0.0133677 0.00950187 0.0102286 0.0107119 0.0138118 0.0120966 0.00871076 0.00934491 
0.00860639 0.00854385 0.00863969 0.00847108 0.009018 0.00913465 0.00932558 0.00940303 0.00873754 0.00948435 0.00874386 0.00843395 0.0084107 0.00890996 0.0114652 0.0110347 0.00850469 0.00881282 0.0124828 0.0105235 0.0116857 0.00894698 0.0100438 0.0135402 0.010696 0.0125377 0.0102611 0.0115033 0.00894153 0.00978526 0.0143231 0.0238316 0.01677 0.0198675 0.0141104 0.0331364 0.0166238 0.0102338 0.0181137 0.0614658 0.0130699 0.0304571 0 0.00404583 0.0036223 0.00365408 0.00371722 0.00519135 0.012023 0.0189985 0.0225427 0.0156282 0.0227113 0.0147642 0.0112898 0.0106685 0.0192356 0.010363 0.0101153 0.0146556 
0.00865384 0.0099743 0.0110083 0.00921778 0.0083853 0.00911253 0.0137958 0.0151574 0.0112335 0.00905238 0.00838768 0.00812378 0.0084504 0.00886502 0.00855016 0.00930942 0.0128726 0.0112919 0.0109657 0.0121954 0.0117192 0.0178648 0.0108504 0.0100131 0.0107203 0.0107862 0.0369303 0.0117778 0.014554 0.0107166 0.00979752 0.0228578 0.0598723 0.0391165 0.0574939 0.0157161 0.0141931 0.0321875 0.0122744 0.0116564 0.0939287 0.0133516 0.00404583 0 0.00362504 0.00360351 0.00362375 0.00369755 0.00847169 0.00913765 0.0137562 0.0178201 0.0327594 0.0332726 0.0507962 0.0262905 0.0106244 0.0110391 0.0139998 0.0120133 
0.00906294 0.0103636 0.0123182 0.0100363 0.00853807 0.00943599 0.0145548 0.0248527 0.012464 0.00949201 0.00821752 0.00800937 0.00848654 0.00890768 0.00831749 0.00984413 0.0119581 0.0146569 0.0108679 0.0108654 0.0194133 0.0173318 0.0113271 0.00941742 0.00994915 0.0172614 0.0213741 0.0308203 0.0223092 0.0115822 0.00992591 0.0130299 0.0412727 0.140691 0.0331622 0.0280604 0.0229689 0.0145503 0.0145861 0.0245515 0.0152795 0.0369836 0.0036223 0.00362504 0 0.00359132 0.00358794 0.00361772 0.00658519 0.00918719 0.0146572 0.00998302 0.0168769 0.070025 0.114419 0.0389116 0.0132617 0.011867 0.0114216 0.0109246 
0.00890633 0.0104489 0.0117641 0.0102547 0.00857506 0.00929245 0.0148558 0.0226681 0.0124084 0.00989353 0.00827538 0.00803323 0.00836983 0.00907457 0.00833312 0.0092385 0.0123888 0.0148622 0.011149 0.0106055 0.0172496 0.0171941 0.0113518 0.00918431 0.0099614 0.0138162 0.0265157 0.0296171 0.014925 0.0111278 0.00957718 0.0108063 0.038979 0.106072 0.0672246 0.0250911 0.0159139 0.0195932 0.0144244 0.0130328 0.0175319 0.024275 0.00365408 0.00360351 0.00359132 0 0.00354788 0.00355292 0.00645667 0.00978039 0.0118411 0.0104287 0.0146124 0.0444585 0.14279 0.0583636 0.0141536 0.0107693 0.0119949 0.0107043 
0.00854898 0.00907898 0.00934382 0.00885083 0.00828061 0.00887558 0.00989378 0.0110459 0.0116428 0.0087496 0.00833291 0.00805456 0.00875204 0.00891869 0.00823678 0.0091193 0.00954658 0.0112083 0.0107912 0.0109188 0.0116892 0.00996574 0.0100081 0.00877877 0.0110641 0.00997812 0.0178984 0.0110328 0.00989238 0.00980516 0.00903817 0.0116998 0.0151303 0.0294706 0.0652674 0.0243103 0.0118684 0.025842 0.0219389 0.0120631 0.0566242 0.0396682 0.00371722 0.00362375 0.00358794 0.00354788 0 0.00365128 0.0132191 0.0112448 0.0117194 0.0203485 0.0134555 0.0191288 0.0300039 0.0655213 0.0159764 0.0109589 0.0135161 0.0106868 
0.00989242 0.00833284 0.00855368 0.00805352 0.00832162 0.00981576 0.00870616 0.0087395 0.00849878 0.00908412 0.00861963 0.00806328 0.0102465 0.00884207 0.00927044 0.0108806 0.00864821 0.00847959 0.0106447 0.0212318 0.00920924 0.00893709 0.00849478 0.00925765 0.0154907 0.0154063 0.010581 0.00919238 0.00893144 0.00840459 0.00961483 0.01708 0.0101385 0.0116558 0.0169501 0.0164858 0.0193138 0.0113598 0.0170231 0.0210251 0.0101879 0.0639246 0.00519135 0.00369755 0.00361772 0.00355292 0.00365128 0 0.0600848 0.0165237 0.0233554 0.0158466 0.0207702 0.010613 0.0111428 0.0116665 0.025364 0.0163252 0.00930821 0.0114078 
0.00892179 0.00810106 0.00802874 0.00801917 0.00857971 0.00913272 0.00815309 0.00804356 0.0080031 0.00846388 0.00975044 0.00849918 0.0098511 0.00862588 0.0117215 0.00975667 0.00831776 0.00829605 0.00981019 0.0119363 0.00874646 0.00824746 0.00854679 0.0100677 0.0131569 0.00994672 0.00863536 0.00836982 0.00834508 0.00850546 0.0100615 0.0124271 0.00920388 0.00893264 0.0106761 0.0117007 0.0124056 0.0105519 0.0131714 0.0134605 0.0108284 0.0176512 0.012023 0.00847169 0.00658519 0.00645667 0.0132191 0.0600848 0 0.957109 0.0131324 0.0722564 0.0140308 0.00964899 0.00884422 0.00924248 0.0128112 0.0114015 0.00964667 0.0119042 
0.00875531 0.00807233 0.00804857 0.0080328 0.00885529 0.00898678 0.00807927 0.00805253 0.00798423 0.00865045 0.0102743 0.00849884 0.00981924 0.00858123 0.012359 0.0102733 0.00822648 0.00826636 0.00935461 0.0113095 0.00932577 0.00816759 0.00883224 0.0101898 0.0124349 0.00962034 0.00843616 0.0084911 0.00825459 0.00903592 0.0100879 0.0117359 0.00922785 0.00868029 0.0101785 0.0107337 0.0118788 0.0100521 0.0143714 0.0150019 0.0101726 0.0171627 0.0189985 0.00913765 0.00918719 0.00978039 0.0112448 0.0165237 0.957109 0 0.0304143 0.015671 0.0187136 0.0103905 0.0092919 0.00916621 0.0145077 0.0117587 0.0110713 0.0124186 
0.00816596 0.00824562 0.0080904 0.00812669 0.00817333 0.00822541 0.00828912 0.00828231 0.0080772 0.00816382 0.00863569 0.00811757 0.00824501 0.0082897 0.00888087 0.00861599 0.00820784 0.00843913 0.00823759 0.00868686 0.00961929 0.00818112 0.00867044 0.00856869 0.00964544 0.00838745 0.00851043 0.00872453 0.00816627 0.008501 0.0087965 0.00950207 0.0106012 0.0093514 0.0107292 0.0100457 0.0092933 0.0116457 0.011415 0.0110631 0.0101275 0.0146863 0.0225427 0.0137562 0.0146572 0.0118411 0.0117194 0.0233554 0.0131324 0.0304143 0 0.0043202 0.0159797 0.0178256 0.0100024 0.0166071 0.0138276 0.0105188 0.0106145 0.0107663 
0.00861416 0.00811238 0.00817393 0.00800072 0.00824711 0.00870802 0.00817905 0.00815783 0.00815241 0.00810295 0.00944461 0.00822409 0.00967065 0.0081927 0.00977959 0.00963583 0.00849042 0.00802202 0.00996059 0.0197526 0.00827068 0.010261 0.00835403 0.00919629 0.0142014 0.00985975 0.0100496 0.00828061 0.00924421 0.00833157 0.00902053 0.0152862 0.00893963 0.0098472 0.0101424 0.0099992 0.014256 0.0124059 0.010635 0.0116507 0.0125775 0.0108515 0.0156282 0.0178201 0.00998302 0.0104287 0.0203485 0.0158466 0.0722564 0.015671 0.0043202 0 0.0306404 0.00985879 0.0120653 0.0163004 0.0192904 0.0130461 0.0101565 0.0138478 
0.00831891 0.00850255 0.00845902 0.00832291 0.00865387 0.00867663 0.00838152 0.00861232 0.00823718 0.00830927 0.00832235 0.00808356 0.0082493 0.00827112 0.00912295 0.00841462 0.00825085 0.00818299 0.00956875 0.0103643 0.00839339 0.00892888 0.00833926 0.00951164 0.00882119 0.00862714 0.00877987 0.00836163 0.00855718 0.00820416 0.00990053 0.0110413 0.0104644 0.0100908 0.0102072 0.013006 0.00995365 0.00880087 0.0149912 0.0103185 0.00933843 0.0133677 0.0227113 0.0327594 0.0168769 0.0146124 0.0134555 0.0207702 0.0140308 0.0187136 0.0159797 0.0306404 0 0.00495521 0.00360466 0.00360515 0.00389208 0.0815735 0.0141896 0.166706 
0.00839083 0.00880615 0.00885263 0.00853664 0.00822211 0.00837463 0.0090272 0.00969138 0.0086808 0.00822837 0.00826302 0.00795471 0.0081302 0.00818071 0.00820465 0.00831949 0.00839269 0.00898253 0.00836002 0.00842507 0.0105558 0.00845857 0.00878445 0.00817346 0.00828033 0.00870063 0.00942023 0.0110197 0.00861958 0.00874001 0.0083231 0.00847602 0.0172872 0.0189751 0.0172888 0.0110516 0.00950477 0.0122767 0.00919696 0.0087439 0.009984 0.00950187 0.0147642 0.0332726 0.070025 0.0444585 0.0191288 0.010613 0.00964899 0.0103905 0.0178256 0.00985879 0.00495521 0 0.00356329 0.00360534 0.00365605 0.031584 0.343524 0.0123473 
0.00859117 0.00925899 0.00935469 0.00891445 0.00844201 0.00858532 0.00962609 0.0116522 0.00938965 0.00883488 0.00809948 0.00799679 0.00821266 0.00826963 0.00810019 0.00822444 0.0088285 0.00902184 0.00869028 0.00889671 0.0088282 0.0119042 0.00852521 0.00831833 0.00856719 0.00987662 0.0134438 0.0112123 0.011359 0.00849404 0.00839427 0.00923845 0.0132538 0.0577771 0.0250074 0.0195794 0.0158921 0.0103137 0.00966633 0.00914946 0.0102266 0.0102286 0.0112898 0.0507962 0.114419 0.14279 0.0300039 0.0111428 0.00884422 0.0092919 0.0100024 0.0120653 0.00360466 0.00356329 0 0.00354353 0.00356798 0.179013 0.0297812 0.0377899 
0.0083423 0.00858131 0.00892526 0.00864712 0.00841883 0.0083428 0.00888229 0.00945537 0.00917476 0.00826249 0.00797135 0.00795608 0.00804124 0.00817361 0.00801187 0.00815483 0.00843234 0.00866299 0.00855962 0.00949341 0.00908217 0.0089238 0.00849216 0.0081418 0.00835521 0.00948443 0.0103368 0.00997012 0.00865346 0.00852296 0.00817547 0.00865245 0.0122131 0.0199241 0.0319256 0.0136112 0.0110709 0.0136283 0.00922194 0.00877413 0.0127898 0.0107119 0.0106685 0.0262905 0.0389116 0.0583636 0.0655213 0.0116665 0.00924248 0.00916621 0.0166071 0.0163004 0.00360515 0.00360534 0.00354353 0 0.00354989 0.0208227 0.204902 0.0232939 
0.00864031 0.00837214 0.00847817 0.00813895 0.00816699 0.00850429 0.0083927 0.00872377 0.00845706 0.00853375 0.0080838 0.00796257 0.0084082 0.00810183 0.00840553 0.00831335 0.00807882 0.00815172 0.00866407 0.0104028 0.00880799 0.00823028 0.0082093 0.00821277 0.0109133 0.010615 0.00883686 0.00849723 0.00830599 0.00817634 0.00830691 0.0096451 0.00881339 0.0104179 0.0125932 0.0150816 0.012138 0.00888891 0.0118745 0.0110912 0.00859981 0.0138118 0.0192356 0.0106244 0.0132617 0.0141536 0.0159764 0.025364 0.0128112 0.0145077 0.0138276 0.0192904 0.00389208 0.00365605 0.00356798 0.00354989 0 0.0369464 0.0166603 0.134241 
0.00836409 0.00842611 0.00841815 0.00835286 0.00867589 0.0083897 0.00841829 0.00849017 0.00828178 0.00834923 0.00820478 0.00801229 0.00814347 0.00833148 0.00859892 0.00834811 0.00805497 0.00809705 0.00851561 0.00845007 0.00833416 0.00826127 0.00817975 0.00895203 0.00836431 0.00821348 0.0083573 0.00836938 0.00812988 0.00816408 0.00906207 0.00888063 0.00867019 0.00930184 0.00927323 0.0113515 0.00865693 0.00858423 0.01101 0.00864365 0.00857002 0.0120966 0.010363 0.0110391 0.011867 0.0107693 0.0109589 0.0163252 0.0114015 0.0117587 0.0105188 0.0130461 0.0815735 0.031584 0.179013 0.0208227 0.0369464 0 0.0037276 0.00413904 
0.00850128 0.00876664 0.00857637 0.00848265 0.00827897 0.00835667 0.00874322 0.00889053 0.00847843 0.00821282 0.00812604 0.00794418 0.00810857 0.00812661 0.00809526 0.00816879 0.00825939 0.00832009 0.00802734 0.00836538 0.00848959 0.00834661 0.00831412 0.00805024 0.00814817 0.00813515 0.00856322 0.00844769 0.00828135 0.00823557 0.00803407 0.00835601 0.0093045 0.00950953 0.00991768 0.008535 0.00853116 0.00916486 0.00857693 0.00872384 0.00921392 0.00871076 0.0101153 0.0139998 0.0114216 0.0119949 0.0135161 0.00930821 0.00964667 0.0110713 0.0106145 0.0101565 0.0141896 0.343524 0.0297812 0.204902 0.0166603 0.0037276 0 0.00380489 
0.00955353 0.00861183 0.00860592 0.00824233 0.00835866 0.00943442 0.00853245 0.00853525 0.00819501 0.00814173 0.008501 0.00804044 0.00884548 0.00837035 0.00898395 0.00877478 0.00816114 0.0080639 0.00867733 0.0114108 0.00856403 0.00884152 0.00811507 0.00837144 0.0104447 0.00919671 0.00886728 0.0087866 0.00865746 0.00806013 0.00822717 0.0103358 0.00859126 0.00961447 0.00930983 0.0101982 0.0119586 0.00882234 0.00988676 0.0126807 0.0086009 0.00934491 0.0146556 0.0120133 0.0109246 0.0107043 0.0106868 0.0114078 0.0119042 0.0124186 0.0107663 0.0138478 0.166706 0.0123473 0.0377899 0.0232939 0.134241 0.00413904 0.00380489 0 
