1OULB
SPKRPYLLRAYYDWLVDNSFTPYLVVDATYLGVNVPVEYVKDGQIVLNLSASATGNLQLTNDFIQFNARFKGVSRELYIPXGAALAIYARENGDGVXFEPEEIYDELNIEPDTEQPTGFYE
CCCHHHHHHHHHHHHHHCCCCEEEEECCCCCCCECCHHHCCCCCEEEECCCCCCEEEEECCCEEEEEEEECCEEEEEEEEHHHEEEEEECCCCCEEECCCCCCCCCCCCCCCCCCCCCCCC
0 0 0 0 0 0 0 0 0 0 0 0 0 0 0 0 0 0 0 0 0 0 0 0 0 0 0 0 0 0 0 0 0 0 0 0 0 0 0 0 0 0 0 0 0 0 0 0 0 0 0 0 0 0 0 0 0 0 0 0 0 0 0 0 0 0 0 0 0 0 0 0 0 0 0 0 0 0 0 0 0 0 0 0 0 0 0 0 0 0 0 0 0 0 0 0 0 0 0 0 0 0 0 0 0 0 0 0 0 0 0 0 0 0 0 0 0 0 0 0 0 
0 0 0 0 0 0 0 0 0 0 0 0 0 0 0 0 0 0 0 0 0 0 0 0 0 0 0 0 0 0 0 0 0 0 0 0 0 0 0 0 0 0 0 0 0 0 0 0 0 0 0 0 0 0 0 0 0 0 0 0 0 0 0 0 0 0 0 0 0 0 0 0 0 0 0 0 0 0 0 0 0 0 0 0 0 0 0 0 0 0 0 0 0 0 0 0 0 0 0 0 0 0 0 0 0 0 0 0 0 0 0 0 0 0 0 0 0 0 0 0 0 
0 0.00360633 0.00358543 0.00358104 0.00531394 0.011499 0.0674044 0.00876738 0.0190459 0.0114759 0.0206711 0.00840382 0.0108682 0.00831655 0.0344319 0.0110509 0.0148385 0.00910808 0.0141718 0.00866045 0.0153896 0.00837026 0.0333655 0.00964057 0.00841538 0.00933981 0.00833174 0.0140944 0.00858404 0.0119267 0.0112163 0.0128299 0.00903569 0.0100847 0.0104438 0.0085911 0.0311989 0.00874005 0.00825866 0.0086401 
0.00360633 0 0.00358233 0.00356121 0.00358106 0.0100581 0.0146188 0.129512 0.0104453 0.0588989 0.00918973 0.0161236 0.00845794 0.0228597 0.00881589 0.0133665 0.0152641 0.0302924 0.00936647 0.0247112 0.00868985 0.0297483 0.00871906 0.00885643 0.00964233 0.00863765 0.0157519 0.00973131 0.0269938 0.0101546 0.0113618 0.00988754 0.0181256 0.0177572 0.0107824 0.0340825 0.00894913 0.00844754 0.00886781 0.00889579 
0.00358543 0.00358233 0 0.00354519 0.00362239 0.00645226 0.0626645 0.0211384 0.197724 0.0100192 0.0112185 0.00888804 0.0491179 0.00906242 0.0126468 0.0110356 0.0362688 0.015404 0.0693207 0.00996981 0.0508938 0.00912741 0.0127126 0.00901016 0.00903441 0.0174386 0.00951972 0.0513014 0.0140206 0.0293988 0.00929044 0.0140875 0.0144691 0.0333239 0.098391 0.0113076 0.0109532 0.0086434 0.00876283 0.00861087 
0.00358104 0.00356121 0.00354519 0 0.00354772 0.0137563 0.0139367 0.259422 0.0486011 0.0427149 0.0100408 0.0264688 0.00910685 0.0311902 0.00964634 0.0154885 0.0241114 0.0459178 0.0116248 0.0265376 0.0098501 0.0256624 0.00920419 0.0094748 0.0116841 0.00896751 0.0150312 0.010324 0.0331027 0.0153157 0.0130349 0.0124829 0.023302 0.0395652 0.0147664 0.0353329 0.00915167 0.00928606 0.010137 0.00902723 
0.00531394 0.00358106 0.00362239 0.00354772 0 0.145482 0.188523 0.0110788 0.0629074 0.0651012 0.0323755 0.00894429 0.0108771 0.00940296 0.0352776 0.0222101 0.0192151 0.0104086 0.0185389 0.00938108 0.0137682 0.00927192 0.0209244 0.0204683 0.00939693 0.00964273 0.00889397 0.0121198 0.00985675 0.0145903 0.0139044 0.0472942 0.0141045 0.0123937 0.0144063 0.0126433 0.0166719 0.0134863 0.00958809 0.0102602 
0.011499 0.0100581 0.00645226 0.0137563 0.145482 0 0.0264407 0.0148218 0.00920754 0.0437796 0.0131422 0.00911189 0.00795046 0.0223281 0.0118785 0.0242181 0.00923129 0.0115484 0.00842561 0.0146024 0.00821096 0.016525 0.0105552 0.014441 0.00928418 0.0085203 0.010663 0.00863383 0.0122088 0.00884593 0.0188131 0.0123734 0.00960275 0.00968671 0.00866825 0.0134999 0.0110744 0.0121587 0.00855229 0.0130747 
0.0674044 0.0146188 0.0626645 0.0139367 0.188523 0.0264407 0 0.00389915 0.00443927 0.00408138 0.0120783 0.00620796 0.0185438 0.00726304 0.112944 0.00991316 0.0182156 0.00858068 0.0204458 0.0082462 0.0218081 0.00885503 0.0698589 0.0130077 0.00899749 0.0116737 0.00891822 0.0210732 0.00887792 0.0183481 0.0154419 0.0226528 0.0105239 0.0116486 0.0144183 0.00957646 0.0507211 0.0107931 0.00953443 0.0120363 
0.00876738 0.129512 0.0211384 0.259422 0.0110788 0.0148218 0.00389915 0 0.00359916 0.00361575 0.00587589 0.0196024 0.00734032 0.0583229 0.00691624 0.0143407 0.00946965 0.0386823 0.00832589 0.0197409 0.00806109 0.053575 0.00900414 0.00924912 0.0105742 0.00847393 0.0188089 0.00853148 0.0493406 0.00938825 0.0105076 0.00960003 0.02254 0.0221807 0.00964996 0.0372305 0.00845987 0.0100634 0.0108781 0.0113355 
0.0190459 0.0104453 0.197724 0.0486011 0.0629074 0.00920754 0.00443927 0.00359916 0 0.00354648 0.0127624 0.00699519 0.0228761 0.00692512 0.0244895 0.0086563 0.0471503 0.00866641 0.0258762 0.00815162 0.0443837 0.00896485 0.0275371 0.0101427 0.00915249 0.0119153 0.00841425 0.0329783 0.00888645 0.0492285 0.00907119 0.0189231 0.0122804 0.0153531 0.0301515 0.00973418 0.0153936 0.0094928 0.0195403 0.00838035 
0.0114759 0.0588989 0.0100192 0.0427149 0.0651012 0.0437796 0.00408138 0.00361575 0.00354648 0 0.00828117 0.0162388 0.00562188 0.014149 0.0084646 0.0146421 0.00846544 0.0153743 0.00821893 0.0213448 0.00852884 0.0600768 0.00941329 0.016109 0.00953316 0.00850186 0.0129134 0.00856749 0.017075 0.00897164 0.0236105 0.016128 0.0126236 0.0144408 0.00948961 0.0270629 0.00987683 0.0173417 0.00890423 0.0163888 
0.0206711 0.00918973 0.0112185 0.0100408 0.0323755 0.0131422 0.0120783 0.00587589 0.0127624 0.00828117 0 0.00361817 0.00450912 0.00396126 0.0053871 0.00470758 0.0054474 0.00570602 0.0271273 0.177937 0.0548247 0.0075495 0.0268209 0.0081957 0.00792235 0.0082955 0.00839686 0.0138005 0.0088906 0.0105798 0.0153966 0.0122216 0.00956534 0.00967864 0.00943849 0.00988377 0.0214274 0.00991575 0.00880017 0.0154117 
0.00840382 0.0161236 0.00888804 0.0264688 0.00894429 0.00911189 0.00620796 0.0196024 0.00699519 0.0162388 0.00361817 0 0.0035193 0.00372899 0.00358396 0.00413351 0.00522726 0.0182294 0.0167812 0.056505 0.00600395 0.0150877 0.00630333 0.00703968 0.00816996 0.00772793 0.00889653 0.00806238 0.0103973 0.00842144 0.008535 0.00891483 0.0094355 0.010015 0.00922396 0.0153332 0.0086229 0.00854767 0.00953504 0.00870104 
0.0108682 0.00845794 0.0491179 0.00910685 0.0108771 0.00795046 0.0185438 0.00734032 0.0228761 0.00562188 0.00450912 0.0035193 0 0.00352407 0.00360917 0.00392776 0.0112172 0.00943766 0.163204 0.00477667 0.0112025 0.00561046 0.00769277 0.00705891 0.00738418 0.00927864 0.00759115 0.0134778 0.00809857 0.0109984 0.00779002 0.00928983 0.00862352 0.0114492 0.0162865 0.00853832 0.0100004 0.00870352 0.00907924 0.00832025 
0.00831655 0.0228597 0.00906242 0.0311902 0.00940296 0.0223281 0.00726304 0.0583229 0.00692512 0.014149 0.00396126 0.00372899 0.00352407 0 0.00451655 0.00628982 0.0112183 0.537696 0.00463102 0.0118105 0.00463309 0.0159631 0.00557237 0.00705383 0.00963872 0.00723551 0.0116398 0.00788677 0.0176853 0.00792619 0.00834538 0.00881545 0.0142965 0.0135175 0.00874584 0.0223903 0.00838037 0.00984054 0.00911452 0.0105384 
0.0344319 0.00881589 0.0126468 0.00964634 0.0352776 0.0118785 0.112944 0.00691624 0.0244895 0.0084646 0.0053871 0.00358396 0.00360917 0.00451655 0 0.039941 0.533011 0.00375558 0.0118418 0.0038833 0.0100387 0.00520114 0.0114858 0.0151208 0.00754442 0.00898213 0.00708044 0.0142581 0.00806849 0.0111784 0.00860488 0.104756 0.0110356 0.00943981 0.0151454 0.00855851 0.0221508 0.0158072 0.00969475 0.00930883 
0.0110509 0.0133665 0.0110356 0.0154885 0.0222101 0.0242181 0.00991316 0.0143407 0.0086563 0.0146421 0.00470758 0.00413351 0.00392776 0.00628982 0.039941 0 0.00359299 0.00354153 0.00356236 0.00373427 0.00364614 0.00424731 0.00477306 0.00519163 0.00635411 0.00823847 0.00767608 0.00700361 0.00992772 0.0104499 0.951545 0.00884597 0.0102563 0.0103047 0.00964269 0.013627 0.0178409 0.0112319 0.00915211 0.0207239 
0.0148385 0.0152641 0.0362688 0.0241114 0.0192151 0.00923129 0.0182156 0.00946965 0.0471503 0.00846544 0.0054474 0.00522726 0.0112172 0.0112183 0.533011 0.00359299 0 0.00355179 0.00356115 0.00357937 0.00402996 0.00410684 0.00431114 0.00521398 0.0061381 0.00695003 0.00645933 0.00936775 0.0099156 0.972014 0.00815962 0.00892116 0.0117744 0.0139078 0.0185382 0.0117172 0.0172275 0.00895602 0.0176715 0.00886487 
0.00910808 0.0302924 0.015404 0.0459178 0.0104086 0.0115484 0.00858068 0.0386823 0.00866641 0.0153743 0.00570602 0.0182294 0.00943766 0.537696 0.00375558 0.00354153 0.00355179 0 0.00351653 0.00360986 0.00353997 0.00414062 0.00357084 0.0066373 0.00648954 0.00550958 0.0129833 0.0080498 0.991853 0.00769317 0.00695785 0.00774282 0.0106462 0.020495 0.01039 0.023493 0.00836578 0.010123 0.0087644 0.0105006 
0.0141718 0.00936647 0.0693207 0.0116248 0.0185389 0.00842561 0.0204458 0.00832589 0.0258762 0.00821893 0.0271273 0.0167812 0.163204 0.00463102 0.0118418 0.00356236 0.00356115 0.00351653 0 0.00354356 0.00399971 0.00354714 0.00383867 0.00455909 0.00492639 0.00830002 0.00615648 0.991342 0.007952 0.00948071 0.00562654 0.00966691 0.00844272 0.0116255 0.0222621 0.00885841 0.0179331 0.00905532 0.00998476 0.00860401 
0.00866045 0.0247112 0.00996981 0.0265376 0.00938108 0.0146024 0.0082462 0.0197409 0.00815162 0.0213448 0.177937 0.056505 0.00477667 0.0118105 0.0038833 0.00373427 0.00357937 0.00360986 0.00354356 0 0.00349138 0.00376866 0.0035274 0.0037656 0.00557038 0.00541011 0.980895 0.00576506 0.0138299 0.00524777 0.00672558 0.00657707 0.00842867 0.0109109 0.00829439 0.0241006 0.00818565 0.00951693 0.00848513 0.0127002 
0.0153896 0.00868985 0.0508938 0.0098501 0.0137682 0.00821096 0.0218081 0.00806109 0.0443837 0.00852884 0.0548247 0.00600395 0.0112025 0.00463309 0.0100387 0.00364614 0.00402996 0.00353997 0.00399971 0.00349138 0 0.00352224 0.00380566 0.00492226 0.0067506 0.974995 0.00485144 0.0134067 0.00503974 0.00717059 0.00470889 0.00859948 0.00733923 0.00979207 0.0206571 0.00804876 0.0171977 0.0091169 0.00991652 0.00824335 
0.00837026 0.0297483 0.00912741 0.0256624 0.00927192 0.016525 0.00885503 0.053575 0.00896485 0.0600768 0.0075495 0.0150877 0.00561046 0.0159631 0.00520114 0.00424731 0.00410684 0.00414062 0.00354714 0.00376866 0.00352224 0 0.0036387 0.00639151 0.99271 0.00398327 0.0111251 0.00411672 0.0110089 0.00442584 0.0068093 0.00661245 0.00893276 0.0113698 0.00801219 0.0269628 0.00775892 0.0101682 0.00967724 0.0117443 
0.0333655 0.00871906 0.0127126 0.00920419 0.0209244 0.0105552 0.0698589 0.00900414 0.0275371 0.00941329 0.0268209 0.00630333 0.00769277 0.00557237 0.0114858 0.00477306 0.00431114 0.00357084 0.00383867 0.0035274 0.00380566 0.0036387 0 0.999448 0.00383957 0.0045954 0.00371874 0.00750027 0.00404257 0.00549377 0.00433176 0.0184937 0.00762102 0.00846527 0.0110052 0.00797904 0.0160638 0.0170885 0.00922678 0.00902219 
0.00964057 0.00885643 0.00901016 0.0094748 0.0204683 0.014441 0.0130077 0.00924912 0.0101427 0.016109 0.0081957 0.00703968 0.00705891 0.00705383 0.0151208 0.00519163 0.00521398 0.0066373 0.00455909 0.0037656 0.00492226 0.00639151 0.999448 0 0.00457806 0.0036352 0.0036024 0.00372285 0.00382637 0.00382732 0.00527928 0.00476555 0.0056669 0.0066078 0.00702511 0.0123937 0.0244264 0.00858948 0.00841398 0.0179755 
0.00841538 0.00964233 0.00903441 0.0116841 0.00939693 0.00928418 0.00899749 0.0105742 0.00915249 0.00953316 0.00792235 0.00816996 0.00738418 0.00963872 0.00754442 0.00635411 0.0061381 0.00648954 0.00492639 0.00557038 0.0067506 0.99271 0.00383957 0.00457806 0 0.00358538 0.00355554 0.00357334 0.00367188 0.00423672 0.00362738 0.00453529 0.00523688 0.00740022 0.00693432 0.0229951 0.0077276 0.00828669 0.00893958 0.00864471 
0.00933981 0.00863765 0.0174386 0.00896751 0.00964273 0.0085203 0.0116737 0.00847393 0.0119153 0.00850186 0.0082955 0.00772793 0.00927864 0.00723551 0.00898213 0.00823847 0.00695003 0.00550958 0.00830002 0.00541011 0.974995 0.00398327 0.0045954 0.0036352 0.00358538 0 0.00356777 0.00359686 0.00355282 0.00363251 0.00354004 0.00401762 0.0048731 0.0062096 0.0103145 0.00686167 0.0101691 0.00846122 0.00826761 0.00833713 
0.00833174 0.0157519 0.00951972 0.0150312 0.00889397 0.010663 0.00891822 0.0188089 0.00841425 0.0129134 0.00839686 0.00889653 0.00759115 0.0116398 0.00708044 0.00767608 0.00645933 0.0129833 0.00615648 0.980895 0.00485144 0.0111251 0.00371874 0.0036024 0.00355554 0.00356777 0 0.00350406 0.00359306 0.00353141 0.00354793 0.0036708 0.00443156 0.00716651 0.00680136 0.013827 0.00691252 0.00832292 0.00803146 0.00961798 
0.0140944 0.00973131 0.0513014 0.010324 0.0121198 0.00863383 0.0210732 0.00853148 0.0329783 0.00856749 0.0138005 0.00806238 0.0134778 0.00788677 0.0142581 0.00700361 0.00936775 0.0080498 0.991342 0.00576506 0.0134067 0.00411672 0.00750027 0.00372285 0.00357334 0.00359686 0.00350406 0 0.00353151 0.00352544 0.0035279 0.00571263 0.00412838 0.0057462 0.0132533 0.00692222 0.0110724 0.00772439 0.00921155 0.00921529 
0.00858404 0.0269938 0.0140206 0.0331027 0.00985675 0.0122088 0.00887792 0.0493406 0.00888645 0.017075 0.0088906 0.0103973 0.00809857 0.0176853 0.00806849 0.00992772 0.0099156 0.991853 0.007952 0.0138299 0.00503974 0.0110089 0.00404257 0.00382637 0.00367188 0.00355282 0.00359306 0.00353151 0 0.0035277 0.0035362 0.00369586 0.00431931 0.00782595 0.0133219 0.0115012 0.00609561 0.00924614 0.00817844 0.011399 
0.0119267 0.0101546 0.0293988 0.0153157 0.0145903 0.00884593 0.0183481 0.00938825 0.0492285 0.00897164 0.0105798 0.00842144 0.0109984 0.00792619 0.0111784 0.0104499 0.972014 0.00769317 0.00948071 0.00524777 0.00717059 0.00442584 0.00549377 0.00382732 0.00423672 0.00363251 0.00353141 0.00352544 0.0035277 0 0.0036109 0.00369804 0.00774005 0.00495065 0.00613706 0.00410329 0.00594009 0.00703325 0.0159757 0.00700926 
0.0112163 0.0113618 0.00929044 0.0130349 0.0139044 0.0188131 0.0154419 0.0105076 0.00907119 0.0236105 0.0153966 0.008535 0.00779002 0.00834538 0.00860488 0.951545 0.00815962 0.00695785 0.00562654 0.00672558 0.00470889 0.0068093 0.00433176 0.00527928 0.00362738 0.00354004 0.00354793 0.0035279 0.0035362 0.0036109 0 0.003881 0.00364468 0.00368928 0.00364358 0.00380715 0.00420921 0.00925814 0.00585494 0.0085894 
0.0128299 0.00988754 0.0140875 0.0124829 0.0472942 0.0123734 0.0226528 0.00960003 0.0189231 0.016128 0.0122216 0.00891483 0.00928983 0.00881545 0.104756 0.00884597 0.00892116 0.00774282 0.00966691 0.00657707 0.00859948 0.00661245 0.0184937 0.00476555 0.00453529 0.00401762 0.0036708 0.00571263 0.00369586 0.00369804 0.003881 0 0.00359844 0.00358668 0.00362309 0.00362793 0.00423899 0.00502371 0.00737964 0.011362 
0.00903569 0.0181256 0.0144691 0.023302 0.0141045 0.00960275 0.0105239 0.02254 0.0122804 0.0126236 0.00956534 0.0094355 0.00862352 0.0142965 0.0110356 0.0102563 0.0117744 0.0106462 0.00844272 0.00842867 0.00733923 0.00893276 0.00762102 0.0056669 0.00523688 0.0048731 0.00443156 0.00412838 0.00431931 0.00774005 0.00364468 0.00359844 0 0.00354447 0.00358657 0.00360853 0.00359633 0.00943551 0.00713128 0.0155951 
0.0100847 0.0177572 0.0333239 0.0395652 0.0123937 0.00968671 0.0116486 0.0221807 0.0153531 0.0144408 0.00967864 0.010015 0.0114492 0.0135175 0.00943981 0.0103047 0.0139078 0.020495 0.0116255 0.0109109 0.00979207 0.0113698 0.00846527 0.0066078 0.00740022 0.0062096 0.00716651 0.0057462 0.00782595 0.00495065 0.00368928 0.00358668 0.00354447 0 0.00368975 0.00357328 0.00355476 0.00724459 0.00877092 0.327108 
0.0104438 0.0107824 0.098391 0.0147664 0.0144063 0.00866825 0.0144183 0.00964996 0.0301515 0.00948961 0.00943849 0.00922396 0.0162865 0.00874584 0.0151454 0.00964269 0.0185382 0.01039 0.0222621 0.00829439 0.0206571 0.00801219 0.0110052 0.00702511 0.00693432 0.0103145 0.00680136 0.0132533 0.0133219 0.00613706 0.00364358 0.00362309 0.00358657 0.00368975 0 0.00356896 0.00368298 0.00713157 0.268347 0.157634 
0.0085911 0.0340825 0.0113076 0.0353329 0.0126433 0.0134999 0.00957646 0.0372305 0.00973418 0.0270629 0.00988377 0.0153332 0.00853832 0.0223903 0.00855851 0.013627 0.0117172 0.023493 0.00885841 0.0241006 0.00804876 0.0269628 0.00797904 0.0123937 0.0229951 0.00686167 0.013827 0.00692222 0.0115012 0.00410329 0.00380715 0.00362793 0.00360853 0.00357328 0.00356896 0 0.00363155 0.358059 0.142426 0.0415726 
0.0311989 0.00894913 0.0109532 0.00915167 0.0166719 0.0110744 0.0507211 0.00845987 0.0153936 0.00987683 0.0214274 0.0086229 0.0100004 0.00838037 0.0221508 0.0178409 0.0172275 0.00836578 0.0179331 0.00818565 0.0171977 0.00775892 0.0160638 0.0244264 0.0077276 0.0101691 0.00691252 0.0110724 0.00609561 0.00594009 0.00420921 0.00423899 0.00359633 0.00355476 0.00368298 0.00363155 0 0.263356 0.00963293 0.00716992 
0.00874005 0.00844754 0.0086434 0.00928606 0.0134863 0.0121587 0.0107931 0.0100634 0.0094928 0.0173417 0.00991575 0.00854767 0.00870352 0.00984054 0.0158072 0.0112319 0.00895602 0.010123 0.00905532 0.00951693 0.0091169 0.0101682 0.0170885 0.00858948 0.00828669 0.00846122 0.00832292 0.00772439 0.00924614 0.00703325 0.00925814 0.00502371 0.00943551 0.00724459 0.00713157 0.358059 0.263356 0 0.0043764 0.00547289 
0.00825866 0.00886781 0.00876283 0.010137 0.00958809 0.00855229 0.00953443 0.0108781 0.0195403 0.00890423 0.00880017 0.00953504 0.00907924 0.00911452 0.00969475 0.00915211 0.0176715 0.0087644 0.00998476 0.00848513 0.00991652 0.00967724 0.00922678 0.00841398 0.00893958 0.00826761 0.00803146 0.00921155 0.00817844 0.0159757 0.00585494 0.00737964 0.00713128 0.00877092 0.268347 0.142426 0.00963293 0.0043764 0 0.00368027 
0.0086401 0.00889579 0.00861087 0.00902723 0.0102602 0.0130747 0.0120363 0.0113355 0.00838035 0.0163888 0.0154117 0.00870104 0.00832025 0.0105384 0.00930883 0.0207239 0.00886487 0.0105006 0.00860401 0.0127002 0.00824335 0.0117443 0.00902219 0.0179755 0.00864471 0.00833713 0.00961798 0.00921529 0.011399 0.00700926 0.0085894 0.011362 0.0155951 0.327108 0.157634 0.0415726 0.00716992 0.00547289 0.00368027 0 
