1Q6UA
AFKNDDQKSAYALGASLGRYMENSLKEQEKLGIKLDKDQLIAGVQDAFADKSKLSDQEIEQTLQAFEARVKSSAQAKMEKDAADNEAKGKEYREKFAKEKGVKTSSTGLVYQVVEAGKGEAPKDSDTVVVNYKGTLIDGKEFDNSYTRGEPLSFRLDGVIPGWTEGLKNIKKGGKIKLVIPPELAYGKAGVPGIPPNSTLVFDVELLDVKPAP
CCCCHHHHHHHHHHHHHHHHHHHHHHHHHCCCCCCCHHHHHHHHHHHHCCCCCCCHHHHHHHHHHHHHHHHHHHHHHHHHHHHHHHHHHHHHHHHHHCCCCEEECCCCCEEEEEECCCCCCCCCCCEEEEEEEEEECCCCEEECHHHHCCCEEEECCCCCHHHHHHHCCCCCCCEEEEEECHHHCCCCCCECCECCCCCEEEEEEEEEEECCC
0 0 0 0 0 0 0 0 0 0 0 0 0 0 0 0 0 0 0 0 0 0 0 0 0 0 0 0 0 0 0 0 0 0 0 0 0 0 0 0 0 0 0 0 0 0 0 0 0 0 0 0 0 0 0 0 0 0 0 0 0 0 0 0 0 0 0 0 0 0 0 0 0 0 0 0 0 0 0 0 0 0 0 0 0 0 0 0 0 0 0 0 0 0 0 0 0 0 0 0 0 0 0 0 0 0 0 0 0 0 0 0 0 0 0 0 0 0 0 0 0 0 0 0 0 0 0 0 0 0 0 0 0 0 0 0 0 0 0 0 0 0 0 0 0 0 0 0 0 0 0 0 0 0 0 0 0 0 0 0 0 0 0 0 0 0 0 0 0 0 0 0 0 0 0 0 0 0 0 0 0 0 0 0 0 0 0 0 0 0 0 0 0 0 0 0 0 0 0 0 0 0 0 0 0 0 0 0 0 0 0 0 0 
0 0 0 0 0 0 0 0 0 0 0 0 0 0 0 0 0 0 0 0 0 0 0 0 0 0 0 0 0 0 0 0 0 0 0 0 0 0 0 0 0 0 0 0 0 0 0 0 0 0 0 0 0 0 0 0 0 0 0 0 0 0 0 0 0 0 0 0 0 0 0 0 0 0 0 0 0 0 0 0 0 0 0 0 0 0 0 0 0 0 0 0 0 0 0 0 0 0 0 0 0 0 0 0 0 0 0 0 0 0 0 0 0 0 0 0 0 0 0 0 0 0 0 0 0 0 0 0 0 0 0 0 0 0 0 0 0 0 0 0 0 0 0 0 0 0 0 0 0 0 0 0 0 0 0 0 0 0 0 0 0 0 0 0 0 0 0 0 0 0 0 0 0 0 0 0 0 0 0 0 0 0 0 0 0 0 0 0 0 0 0 0 0 0 0 0 0 0 0 0 0 0 0 0 0 0 0 0 0 0 0 0 0 
0 0.00421694 0.00395358 0.00681391 0.010759 0.751469 0.0145961 0.0132029 0.0269732 0.0136336 0.0152729 0.0107904 0.0136853 0.00910459 0.0128629 0.00870212 0.0122657 0.00992274 0.0367311 0.0113024 0.00953224 0.0146782 0.0123878 0.00855354 0.0161553 0.0144372 0.00873793 0.012216 0.0088982 0.0103393 0.00954592 0.0146766 0.00975206 0.0101042 0.00954527 0.00868921 0.00917428 0.00832272 0.0102246 0.00846619 0.00912526 0.00836325 0.0083591 0.0087353 0.0100519 
0.00421694 0 0.00365734 0.0100473 0.851499 0.0101543 0.00683456 0.0128215 0.00669689 0.010774 0.0153163 0.0114243 0.00908609 0.00962514 0.00860667 0.00960497 0.00926937 0.0166778 0.0091939 0.00972732 0.013432 0.00872749 0.00893916 0.0109033 0.00933686 0.010012 0.00865792 0.00920638 0.00912799 0.010216 0.0136896 0.00864401 0.00848147 0.00828307 0.00869123 0.00889748 0.00840614 0.00866036 0.00828559 0.00870649 0.00831834 0.00819766 0.00824507 0.00832931 0.00818243 
0.00395358 0.00365734 0 0.919373 0.00656017 0.00582897 0.0104064 0.00574074 0.011097 0.0194555 0.0125468 0.0111254 0.00974272 0.0100586 0.00967468 0.00945052 0.00945298 0.0122446 0.0121984 0.0195858 0.00949182 0.0124779 0.0159551 0.00915497 0.00885519 0.012607 0.0160505 0.00940708 0.00961174 0.0100027 0.00988808 0.00963648 0.0102568 0.00927812 0.014679 0.00907274 0.00869907 0.00897679 0.00848669 0.00922117 0.00842947 0.00836612 0.00827717 0.00822922 0.0086488 
0.00681391 0.0100473 0.919373 0 0.0036405 0.00369496 0.00359908 0.00381387 0.00530949 0.0151543 0.0145604 0.0130181 0.00932565 0.0178162 0.0104935 0.0152784 0.00991703 0.0226389 0.0218164 0.0113644 0.00921318 0.0215511 0.0095624 0.00979833 0.0092854 0.0341492 0.00996251 0.0091554 0.010964 0.0107119 0.0146674 0.0220742 0.00962196 0.00924222 0.00995412 0.00924765 0.00921711 0.00933458 0.008664 0.00999507 0.00883511 0.00847448 0.0085757 0.00900548 0.01148 
0.010759 0.851499 0.00656017 0.0036405 0 0.00356991 0.00363046 0.00375882 0.00365019 0.0139342 0.0232077 0.0143301 0.0324008 0.0120817 0.0191323 0.00996955 0.0195198 0.0146047 0.012955 0.0092517 0.0124441 0.00927994 0.010655 0.00959701 0.0234263 0.00996281 0.00876774 0.0140649 0.0113738 0.0277538 0.0157538 0.0122751 0.00831403 0.00846629 0.0108673 0.0103661 0.0118682 0.00907374 0.0116408 0.00948688 0.0101234 0.00878686 0.00866427 0.00878563 0.0085654 
0.751469 0.0101543 0.00582897 0.00369496 0.00356991 0 0.00357341 0.00365393 0.00361484 0.0132767 0.0163287 0.033391 0.0222939 0.0167224 0.0110145 0.0203435 0.0115809 0.0113779 0.00917034 0.0102059 0.00894446 0.009358 0.00950952 0.0129141 0.010173 0.00963656 0.00887501 0.0104653 0.0213131 0.02579 0.016239 0.00939773 0.00814082 0.0082089 0.00994275 0.0109221 0.0125394 0.0123171 0.0107243 0.0108873 0.0102236 0.00941693 0.00902479 0.00846541 0.00843844 
0.0145961 0.00683456 0.0104064 0.00359908 0.00363046 0.00357341 0 0.00355835 0.00354288 0.00920023 0.0318008 0.0218194 0.0164032 0.0117281 0.0109623 0.0105023 0.0100719 0.0101167 0.00851082 0.00939569 0.00864353 0.00924549 0.00931197 0.0101521 0.00957634 0.00900736 0.00861781 0.0132883 0.0199284 0.0200607 0.0120288 0.009196 0.00812911 0.00816016 0.0102388 0.00981244 0.0109792 0.0107894 0.00957571 0.0106053 0.00918271 0.00873531 0.00861925 0.00835817 0.00821584 
0.0132029 0.0128215 0.00574074 0.00381387 0.00375882 0.00365393 0.00355835 0 0.00359289 0.0113987 0.0314169 0.0144431 0.0138982 0.00857434 0.0113377 0.00796223 0.00924412 0.00907493 0.00906845 0.0111655 0.0116378 0.00851502 0.00948523 0.00913338 0.0110384 0.00877694 0.00950938 0.0128128 0.00939204 0.0122697 0.0115216 0.00885732 0.00825109 0.0082577 0.00954549 0.00944246 0.00921612 0.00854926 0.00910718 0.00876659 0.00902819 0.00835127 0.00833306 0.00844924 0.00817237 
0.0269732 0.00669689 0.011097 0.00530949 0.00365019 0.00361484 0.00354288 0.00359289 0 0.0314959 0.012489 0.0126786 0.00819093 0.0125533 0.00778027 0.00873266 0.00793861 0.0102426 0.0116503 0.0122006 0.00859069 0.0121487 0.012166 0.00918458 0.0090876 0.0125427 0.015613 0.00896709 0.00938205 0.00967512 0.0101603 0.0101665 0.010227 0.00883904 0.0120174 0.00891359 0.00845203 0.00891594 0.00841576 0.00919236 0.00859291 0.00824951 0.00840172 0.00820724 0.00857539 
0.0136336 0.010774 0.0194555 0.0151543 0.0139342 0.0132767 0.00920023 0.0113987 0.0314959 0 0.00383706 0.00358429 0.00353885 0.00387691 0.00365191 0.00400008 0.00391134 0.00698415 0.00937269 0.0141929 0.00724244 0.023272 0.0114018 0.0176655 0.0097626 0.119538 0.0199428 0.0108599 0.0219091 0.0119955 0.0219897 0.0198892 0.0121788 0.0102512 0.0164459 0.0113511 0.0101883 0.0128419 0.00904795 0.0177121 0.0092179 0.00960857 0.00998787 0.0108245 0.0270208 
0.0152729 0.0153163 0.0125468 0.0145604 0.0232077 0.0163287 0.0318008 0.0314169 0.012489 0.00383706 0 0.00364582 0.00365505 0.00359686 0.00388127 0.00368692 0.00666276 0.00435911 0.00944936 0.00718554 0.0166829 0.00714367 0.0247757 0.00986363 0.134751 0.0117837 0.0095421 0.0710018 0.013005 0.098137 0.0191435 0.0194805 0.00866564 0.00942182 0.0196668 0.0145851 0.0299687 0.00987208 0.0377794 0.0110316 0.0182534 0.0102634 0.0155877 0.0142354 0.00929057 
0.0107904 0.0114243 0.0111254 0.0130181 0.0143301 0.033391 0.0218194 0.0144431 0.0126786 0.00358429 0.00364582 0 0.00356325 0.00356724 0.00356372 0.00373849 0.00372171 0.00455493 0.00500763 0.0123567 0.00676361 0.00884079 0.0109715 0.145935 0.00936162 0.0209495 0.0135014 0.0101238 0.169431 0.0217174 0.0602449 0.0100233 0.00885235 0.00840516 0.0116771 0.0400139 0.0125332 0.069051 0.00992652 0.0593018 0.0105288 0.037796 0.0159954 0.0093234 0.00941078 
0.0136853 0.00908609 0.00974272 0.00932565 0.0324008 0.0222939 0.0164032 0.0138982 0.00819093 0.00353885 0.00365505 0.00356325 0 0.00355006 0.00366307 0.00357606 0.00384519 0.00367295 0.00442501 0.00613605 0.00995221 0.00609394 0.0421183 0.00871881 0.0506207 0.00884112 0.00859993 0.0558514 0.011033 0.175292 0.0114687 0.0147868 0.00823298 0.00944756 0.0127802 0.0109816 0.0641935 0.00950995 0.0701249 0.00912563 0.115723 0.010773 0.00962626 0.0103345 0.00847126 
0.00910459 0.00962514 0.0100586 0.0178162 0.0120817 0.0167224 0.0117281 0.00857434 0.0125533 0.00387691 0.00359686 0.00356724 0.00355006 0 0.00354437 0.00361059 0.00356459 0.00374855 0.00379109 0.00784666 0.00567199 0.0102942 0.00796078 0.0466276 0.00843303 0.0175062 0.0165685 0.00870233 0.0822256 0.0104522 0.0360916 0.00928583 0.00858517 0.00821582 0.00965745 0.0232143 0.0089834 0.0544179 0.00848289 0.111957 0.00885604 0.0104782 0.0106331 0.00863331 0.0088486 
0.0128629 0.00860667 0.00967468 0.0104935 0.0191323 0.0110145 0.0109623 0.0113377 0.00778027 0.00365191 0.00388127 0.00356372 0.00366307 0.00354437 0 0.003522 0.00367326 0.00356788 0.00366095 0.00540287 0.0074157 0.00655381 0.0188216 0.00829937 0.0317678 0.00847971 0.00855932 0.0281486 0.00910007 0.0762172 0.00985705 0.0136027 0.00819821 0.00928253 0.0120624 0.00936165 0.0386032 0.00862939 0.140309 0.00848879 0.0254019 0.00881449 0.00885073 0.00963326 0.00830358 
0.00870212 0.00960497 0.00945052 0.0152784 0.00996955 0.0203435 0.0105023 0.00796223 0.00873266 0.00400008 0.00368692 0.00373849 0.00357606 0.00361059 0.003522 0 0.00351579 0.00354616 0.00354814 0.00650408 0.00530599 0.0704561 0.00721549 0.0242736 0.00825473 0.0171539 0.0118133 0.00852834 0.0482433 0.00996506 0.0254821 0.00914047 0.0083033 0.00813929 0.00921088 0.0136194 0.00861948 0.0907375 0.00836192 0.0258704 0.00850925 0.00958475 0.00939495 0.00831367 0.0084454 
0.0122657 0.00926937 0.00945298 0.00991703 0.0195198 0.0115809 0.0100719 0.00924412 0.00793861 0.00391134 0.00666276 0.00372171 0.00384519 0.00356459 0.00367326 0.00351579 0 0.00352181 0.00359901 0.00644931 0.0706979 0.084171 0.0178635 0.00802848 0.0295323 0.00831349 0.00853113 0.0382952 0.00958843 0.0865809 0.00998405 0.0131276 0.00823654 0.00961716 0.0128966 0.00959344 0.0812803 0.00889814 0.0431018 0.00873821 0.0244007 0.00914248 0.00890927 0.0096964 0.00824914 
0.00992274 0.0166778 0.0122446 0.0226389 0.0146047 0.0113779 0.0101167 0.00907493 0.0102426 0.00698415 0.00435911 0.00455493 0.00367295 0.00374855 0.00356788 0.00354616 0.00352181 0 0.0039599 0.547747 0.0160473 0.00836079 0.00773462 0.0346788 0.00874942 0.0201398 0.0213666 0.00913734 0.0313188 0.0105108 0.0330248 0.0105479 0.0095147 0.00850911 0.0107771 0.0486232 0.00908494 0.0224512 0.00859493 0.0194437 0.00873063 0.00900789 0.00931045 0.00864505 0.00863417 
0.0367311 0.0091939 0.0121984 0.0218164 0.012955 0.00917034 0.00851082 0.00906845 0.0116503 0.00937269 0.00944936 0.00500763 0.00442501 0.00379109 0.00366095 0.00354814 0.00359901 0.0039599 0 0.0360882 0.00780029 0.00447013 0.0218308 0.00832236 0.0143755 0.010812 0.0130409 0.0154139 0.00918731 0.0116493 0.0109915 0.0160791 0.0115563 0.0144774 0.0340378 0.00960269 0.0108596 0.00861225 0.0111892 0.00854867 0.00998884 0.0086587 0.00864287 0.00864801 0.00915985 
0.0113024 0.00972732 0.0195858 0.0113644 0.0092517 0.0102059 0.00939569 0.0111655 0.0122006 0.0141929 0.00718554 0.0123567 0.00613605 0.00784666 0.00540287 0.00650408 0.00644931 0.547747 0.0360882 0 0.00473695 0.00390387 0.00660519 0.0139704 0.0171704 0.060133 0.0129054 0.00985122 0.0129166 0.00947889 0.0134656 0.0141185 0.0114122 0.010102 0.0104107 0.00918571 0.00877346 0.00988721 0.00869124 0.0108091 0.0087875 0.00862129 0.00902331 0.0091998 0.0116773 
0.00953224 0.013432 0.00949182 0.00921318 0.0124441 0.00894446 0.00864353 0.0116378 0.00859069 0.00724244 0.0166829 0.00676361 0.00995221 0.00567199 0.0074157 0.00530599 0.0706979 0.0160473 0.00780029 0.00473695 0 0.00386546 0.00915679 0.00833021 0.0352272 0.00647811 0.00881311 0.014189 0.0088155 0.0138307 0.0137758 0.0102741 0.00868909 0.00880522 0.00944329 0.0100069 0.00978367 0.00835019 0.00968573 0.00842933 0.00910391 0.00842374 0.00830963 0.00953858 0.0083732 
0.0146782 0.00872749 0.0124779 0.0215511 0.00927994 0.009358 0.00924549 0.00851502 0.0121487 0.023272 0.00714367 0.00884079 0.00609394 0.0102942 0.00655381 0.0704561 0.084171 0.00836079 0.00447013 0.00390387 0.00386546 0 0.00761067 0.0119778 0.00527719 0.0128599 0.0189334 0.0091822 0.0116859 0.00941513 0.0163668 0.0137002 0.010571 0.00956061 0.0143303 0.00971483 0.00858736 0.0100333 0.00832304 0.00951518 0.00837267 0.00836455 0.00843904 0.00840108 0.00917873 
0.0123878 0.00893916 0.0159551 0.0095624 0.010655 0.00950952 0.00931197 0.00948523 0.012166 0.0114018 0.0247757 0.0109715 0.0421183 0.00796078 0.0188216 0.00721549 0.0178635 0.00773462 0.0218308 0.00660519 0.00915679 0.00761067 0 0.0036053 0.00372278 0.00391223 0.0164224 0.0211227 0.00898572 0.0239688 0.00984621 0.0248732 0.0111558 0.0142759 0.0131402 0.00920053 0.012135 0.00858337 0.0141788 0.00866137 0.0110373 0.00867823 0.00871811 0.0101402 0.0121229 
0.00855354 0.0109033 0.00915497 0.00979833 0.00959701 0.0129141 0.0101521 0.00913338 0.00918458 0.0176655 0.00986363 0.145935 0.00871881 0.0466276 0.00829937 0.0242736 0.00802848 0.0346788 0.00832236 0.0139704 0.00833021 0.0119778 0.0036053 0 0.00377516 0.00377262 0.016171 0.00990172 0.0863848 0.0101415 0.0449188 0.00912377 0.0088404 0.00841943 0.00942117 0.0191601 0.00868399 0.0259893 0.00836438 0.0260122 0.00848763 0.00910757 0.0103524 0.00856895 0.00940001 
0.0161553 0.00933686 0.00885519 0.0092854 0.0234263 0.010173 0.00957634 0.0110384 0.0090876 0.0097626 0.134751 0.00936162 0.0506207 0.00843303 0.0317678 0.00825473 0.0295323 0.00874942 0.0143755 0.0171704 0.0352272 0.00527719 0.00372278 0.00377516 0 0.00355661 0.00965138 0.0941498 0.00934313 0.0943102 0.0159838 0.017473 0.00900756 0.0118096 0.0154953 0.0101264 0.0288312 0.00851953 0.03078 0.00849717 0.0181187 0.00965928 0.00863905 0.0125608 0.00837665 
0.0144372 0.010012 0.012607 0.0341492 0.00996281 0.00963656 0.00900736 0.00877694 0.0125427 0.119538 0.0117837 0.0209495 0.00884112 0.0175062 0.00847971 0.0171539 0.00831349 0.0201398 0.010812 0.060133 0.00647811 0.0128599 0.00391223 0.00377262 0.00355661 0 0.0847311 0.0097156 0.0363125 0.0104328 0.0551614 0.0220915 0.0138915 0.0111613 0.0222504 0.0152241 0.00881715 0.0154829 0.00849472 0.0146333 0.00976736 0.00932891 0.00992141 0.00857973 0.010776 
0.00873793 0.00865792 0.0160505 0.00996251 0.00876774 0.00887501 0.00861781 0.00950938 0.015613 0.0199428 0.0095421 0.0135014 0.00859993 0.0165685 0.00855932 0.0118133 0.00853113 0.0213666 0.0130409 0.0129054 0.00881311 0.0189334 0.0164224 0.016171 0.00965138 0.0847311 0 0.00455699 0.00367795 0.00359358 0.00401068 0.00493159 0.0185089 0.0109863 0.0153715 0.0123233 0.00892204 0.0156874 0.00826665 0.236297 0.00865874 0.00949454 0.0108731 0.0104861 0.0305256 
0.012216 0.00920638 0.00940708 0.0091554 0.0140649 0.0104653 0.0132883 0.0128128 0.00896709 0.0108599 0.0710018 0.0101238 0.0558514 0.00870233 0.0281486 0.00852834 0.0382952 0.00913734 0.0154139 0.00985122 0.014189 0.0091822 0.0211227 0.00990172 0.0941498 0.0097156 0.00455699 0 0.00355087 0.00358035 0.00366693 0.004093 0.00854954 0.0127624 0.0277477 0.0129217 0.0429096 0.0085321 0.374774 0.00852006 0.0245293 0.00947231 0.00916988 0.0313503 0.00992277 
0.0088982 0.00912799 0.00961174 0.010964 0.0113738 0.0213131 0.0199284 0.00939204 0.00938205 0.0219091 0.013005 0.169431 0.011033 0.0822256 0.00910007 0.0482433 0.00958843 0.0313188 0.00918731 0.0129166 0.0088155 0.0116859 0.00898572 0.0863848 0.00934313 0.0363125 0.00367795 0.00355087 0 0.00353932 0.00356133 0.00357307 0.00775717 0.00795836 0.0167034 0.0596186 0.0106253 0.459927 0.00874883 0.0654508 0.00946592 0.0152273 0.0269726 0.00927803 0.0100635 
0.0103393 0.010216 0.0100027 0.0107119 0.0277538 0.02579 0.0200607 0.0122697 0.00967512 0.0119955 0.098137 0.0217174 0.175292 0.0104522 0.0762172 0.00996506 0.0865809 0.0105108 0.0116493 0.00947889 0.0138307 0.00941513 0.0239688 0.0101415 0.0943102 0.0104328 0.00359358 0.00358035 0.00353932 0 0.00362533 0.00355352 0.00785461 0.00985459 0.045431 0.0178132 0.486783 0.0108235 0.0801993 0.0112043 0.0564069 0.0157396 0.0114047 0.0198151 0.00897802 
0.00954592 0.0136896 0.00988808 0.0146674 0.0157538 0.016239 0.0120288 0.0115216 0.0101603 0.0219897 0.0191435 0.0602449 0.0114687 0.0360916 0.00985705 0.0254821 0.00998405 0.0330248 0.0109915 0.0134656 0.0137758 0.0163668 0.00984621 0.0449188 0.0159838 0.0551614 0.00401068 0.00366693 0.00356133 0.00362533 0 0.003567 0.00911512 0.0100736 0.0157096 0.428361 0.012668 0.0442246 0.00971219 0.0336067 0.0117737 0.0116515 0.0151437 0.0126579 0.010534 
0.0146766 0.00864401 0.00963648 0.0220742 0.0122751 0.00939773 0.009196 0.00885732 0.0101665 0.0198892 0.0194805 0.0100233 0.0147868 0.00928583 0.0136027 0.00914047 0.0131276 0.0105479 0.0160791 0.0141185 0.0102741 0.0137002 0.0248732 0.00912377 0.017473 0.0220915 0.00493159 0.004093 0.00357307 0.00355352 0.003567 0 0.0131159 0.0113925 0.215455 0.0110789 0.0270846 0.00942549 0.0150844 0.00967047 0.0122716 0.00953835 0.00912354 0.0107461 0.00982188 
0.00975206 0.00848147 0.0102568 0.00962196 0.00831403 0.00814082 0.00812911 0.00825109 0.010227 0.0121788 0.00866564 0.00885235 0.00823298 0.00858517 0.00819821 0.0083033 0.00823654 0.0095147 0.0115563 0.0114122 0.00868909 0.010571 0.0111558 0.0088404 0.00900756 0.0138915 0.0185089 0.00854954 0.00775717 0.00785461 0.00911512 0.0131159 0 0.991556 0.011628 0.0111336 0.00685213 0.00737791 0.00725436 0.00779855 0.00758188 0.00788915 0.00761136 0.00856889 0.0152188 
0.0101042 0.00828307 0.00927812 0.00924222 0.00846629 0.0082089 0.00816016 0.0082577 0.00883904 0.0102512 0.00942182 0.00840516 0.00944756 0.00821582 0.00928253 0.00813929 0.00961716 0.00850911 0.0144774 0.010102 0.00880522 0.00956061 0.0142759 0.00841943 0.0118096 0.0111613 0.0109863 0.0127624 0.00795836 0.00985459 0.0100736 0.0113925 0.991556 0 0.0140342 0.00492388 0.00602104 0.00493032 0.00760879 0.0057307 0.00726311 0.00657686 0.00657017 0.0081076 0.0104648 
0.00954527 0.00869123 0.014679 0.00995412 0.0108673 0.00994275 0.0102388 0.00954549 0.0120174 0.0164459 0.0196668 0.0116771 0.0127802 0.00965745 0.0120624 0.00921088 0.0128966 0.0107771 0.0340378 0.0104107 0.00944329 0.0143303 0.0131402 0.00942117 0.0154953 0.0222504 0.0153715 0.0277477 0.0167034 0.045431 0.0157096 0.215455 0.011628 0.0140342 0 0.00366328 0.00362222 0.00361129 0.00395619 0.00373501 0.00422771 0.00504131 0.00567675 0.00975758 0.0300228 
0.00868921 0.00889748 0.00907274 0.00924765 0.0103661 0.0109221 0.00981244 0.00944246 0.00891359 0.0113511 0.0145851 0.0400139 0.0109816 0.0232143 0.00936165 0.0136194 0.00959344 0.0486232 0.00960269 0.00918571 0.0100069 0.00971483 0.00920053 0.0191601 0.0101264 0.0152241 0.0123233 0.0129217 0.0596186 0.0178132 0.428361 0.0110789 0.0111336 0.00492388 0.00366328 0 0.00356346 0.00357396 0.00352876 0.00367807 0.00415673 0.00438539 0.00657107 0.00868231 0.0099611 
0.00917428 0.00840614 0.00869907 0.00921711 0.0118682 0.0125394 0.0109792 0.00921612 0.00845203 0.0101883 0.0299687 0.0125332 0.0641935 0.0089834 0.0386032 0.00861948 0.0812803 0.00908494 0.0108596 0.00877346 0.00978367 0.00858736 0.012135 0.00868399 0.0288312 0.00881715 0.00892204 0.0429096 0.0106253 0.486783 0.012668 0.0270846 0.00685213 0.00602104 0.00362222 0.00356346 0 0.0035408 0.00381295 0.00362173 0.00478135 0.00408634 0.00447121 0.0163082 0.00583614 
0.00832272 0.00866036 0.00897679 0.00933458 0.00907374 0.0123171 0.0107894 0.00854926 0.00891594 0.0128419 0.00987208 0.069051 0.00950995 0.0544179 0.00862939 0.0907375 0.00889814 0.0224512 0.00861225 0.00988721 0.00835019 0.0100333 0.00858337 0.0259893 0.00851953 0.0154829 0.0156874 0.0085321 0.459927 0.0108235 0.0442246 0.00942549 0.00737791 0.00493032 0.00361129 0.00357396 0.0035408 0 0.00349669 0.00374408 0.00363206 0.00389623 0.0103141 0.00359998 0.00533912 
0.0102246 0.00828559 0.00848669 0.008664 0.0116408 0.0107243 0.00957571 0.00910718 0.00841576 0.00904795 0.0377794 0.00992652 0.0701249 0.00848289 0.140309 0.00836192 0.0431018 0.00859493 0.0111892 0.00869124 0.00968573 0.00832304 0.0141788 0.00836438 0.03078 0.00849472 0.00826665 0.374774 0.00874883 0.0801993 0.00971219 0.0150844 0.00725436 0.00760879 0.00395619 0.00352876 0.00381295 0.00349669 0 0.00353378 0.00433046 0.00367189 0.00362895 0.0047717 0.00392559 
0.00846619 0.00870649 0.00922117 0.00999507 0.00948688 0.0108873 0.0106053 0.00876659 0.00919236 0.0177121 0.0110316 0.0593018 0.00912563 0.111957 0.00848879 0.0258704 0.00873821 0.0194437 0.00854867 0.0108091 0.00842933 0.00951518 0.00866137 0.0260122 0.00849717 0.0146333 0.236297 0.00852006 0.0654508 0.0112043 0.0336067 0.00967047 0.00779855 0.0057307 0.00373501 0.00367807 0.00362173 0.00374408 0.00353378 0 0.00354839 0.00369547 0.00378129 0.0036274 0.00426072 
0.00912526 0.00831834 0.00842947 0.00883511 0.0101234 0.0102236 0.00918271 0.00902819 0.00859291 0.0092179 0.0182534 0.0105288 0.115723 0.00885604 0.0254019 0.00850925 0.0244007 0.00873063 0.00998884 0.0087875 0.00910391 0.00837267 0.0110373 0.00848763 0.0181187 0.00976736 0.00865874 0.0245293 0.00946592 0.0564069 0.0117737 0.0122716 0.00758188 0.00726311 0.00422771 0.00415673 0.00478135 0.00363206 0.00433046 0.00354839 0 0.00357127 0.00360687 0.00375046 0.00370093 
0.00836325 0.00819766 0.00836612 0.00847448 0.00878686 0.00941693 0.00873531 0.00835127 0.00824951 0.00960857 0.0102634 0.037796 0.010773 0.0104782 0.00881449 0.00958475 0.00914248 0.00900789 0.0086587 0.00862129 0.00842374 0.00836455 0.00867823 0.00910757 0.00965928 0.00932891 0.00949454 0.00947231 0.0152273 0.0157396 0.0116515 0.00953835 0.00788915 0.00657686 0.00504131 0.00438539 0.00408634 0.00389623 0.00367189 0.00369547 0.00357127 0 0.00357689 0.0035827 0.00372517 
0.0083591 0.00824507 0.00827717 0.0085757 0.00866427 0.00902479 0.00861925 0.00833306 0.00840172 0.00998787 0.0155877 0.0159954 0.00962626 0.0106331 0.00885073 0.00939495 0.00890927 0.00931045 0.00864287 0.00902331 0.00830963 0.00843904 0.00871811 0.0103524 0.00863905 0.00992141 0.0108731 0.00916988 0.0269726 0.0114047 0.0151437 0.00912354 0.00761136 0.00657017 0.00567675 0.00657107 0.00447121 0.0103141 0.00362895 0.00378129 0.00360687 0.00357689 0 0.0036228 0.00366688 
0.0087353 0.00832931 0.00822922 0.00900548 0.00878563 0.00846541 0.00835817 0.00844924 0.00820724 0.0108245 0.0142354 0.0093234 0.0103345 0.00863331 0.00963326 0.00831367 0.0096964 0.00864505 0.00864801 0.0091998 0.00953858 0.00840108 0.0101402 0.00856895 0.0125608 0.00857973 0.0104861 0.0313503 0.00927803 0.0198151 0.0126579 0.0107461 0.00856889 0.0081076 0.00975758 0.00868231 0.0163082 0.00359998 0.0047717 0.0036274 0.00375046 0.0035827 0.0036228 0 0.00369415 
0.0100519 0.00818243 0.0086488 0.01148 0.0085654 0.00843844 0.00821584 0.00817237 0.00857539 0.0270208 0.00929057 0.00941078 0.00847126 0.0088486 0.00830358 0.0084454 0.00824914 0.00863417 0.00915985 0.0116773 0.0083732 0.00917873 0.0121229 0.00940001 0.00837665 0.010776 0.0305256 0.00992277 0.0100635 0.00897802 0.010534 0.00982188 0.0152188 0.0104648 0.0300228 0.0099611 0.00583614 0.00533912 0.00392559 0.00426072 0.00370093 0.00372517 0.00366688 0.00369415 0 
