1Q8JA
MRNRREVSKLLSERVLLLDGAYGTEFMKYGYDDLPEELNIKAPDVVLKVHRSYIESGSDVILTNTFGATRMKLRKHGLEDKLDPIVRNAVRIARRAAGEKLVFGDIGPTGELPYPLGSTLFEEFYENFRETVEIMVEEGVDGIIFETFSDILELKAAVLAAREVSRDVFLIAHMTFDEKGRSLTGTDPANFAITFDELDIDALGINCSLGPEEILPIFQELSQYTDKFLVVEPNAGKPIVENGKTVYPLKPHDFAVHIDSYYELGVNIFGGCCGTTPEHVKLFRKVLGNRKPLQRKKKRIFAVSSPSKLVTFDHFVVIGERINPAGRKKLWAEMQKGNEEIVIKEAKTQVEKGAEVLDVNFGIESQIDVRYVEKIVQTLPYVSNVPLSLDIQNVDLTERALRAYPGRSLFNSAKVDEEELEMKINLLKKYGGTLIVLLMGKDVPKSFEERKEYFEKALKILERHDFSDRVIFDPGVLPLGAEGKPVEVLKTIEFISSKGFNTTVGLSNLSFGLPDRSYYNTAFLVLGISKGLSSAIMNPLDETLMKTLNATLVILEKKE
CCCHHHHHHHHHHCCEECCCCCHHHHHHHCCCCCHHHHHHHCHHHHHHHHHHHHCCCCCEEECCCCCCCHHHHHHHCCHHHHHHHHHHHHHHHHHHHCCCEEEEEECCCCCCECCCCCECHHHHHHHHHHHHHHHHHCCCCEEEEEEECCHHHHHHHHHHHHHHCCCCCEEEEECCCCCCCCCCCCCHHHHHHHHHCCCCCEEEEECCCCHHHHHHHHHHHHHCCCCEEEEECCCCCCEECCCCEECCCCHHHHHCCHHHHHHCCCCEECCCCCCCHHHHHHHHHHHCCCCCCCCCCCCCCEEECCCCEEECCCCEEEEEEECCCCCHHHHHHHHCCCCHHHHHHHHHHHHCCCCEEEEECCCHHHCCHHHHHHHHHHHHHHCCCCEEEECCCHHHHHHHHHCCCCCCEEEEEECCHHHHHHHHHHHHHHCCEEEEECCCCCCCCCHHHHHHHHHHHHHHHHHCCCCCCEEEECCCCCHHHCCCHHHHHHHHHHHHHCCCCECCEHHHHHCCCCCHHHHHHHHHHHHHHCCCCEEEECCCCHHHHHHHHHHHHHCCCCC
0 0 0 0 0 0 0 0 0 0 0 0 0 0 0 0 0 0 0 0 0 0 0 0 0 0 0 0 0 0 0 0 0 0 0 0 0 0 0 0 0 0 0 0 0 0 0 0 0 0 0 0 0 0 0 0 0 0 0 0 0 0 0 0 0 0 0 0 0 0 0 0 0 0 0 0 0 0 0 0 0 0 0 0 0 0 0 0 0 0 0 0 0 0 0 0 0 0 0 0 0 0 0 0 0 0 0 0 0 0 0 0 0 0 0 0 0 0 0 0 0 0 0 0 0 0 0 0 0 0 0 0 0 0 0 0 0 0 0 0 0 0 0 0 0 0 0 0 0 0 0 0 0 0 0 0 0 0 0 0 0 0 0 0 0 0 0 0 0 0 0 0 0 0 0 0 0 0 0 0 0 0 0 0 0 0 0 0 0 0 0 0 0 0 0 0 0 0 0 0 0 0 0 0 0 0 0 0 0 0 0 0 0 0 0 0 0 0 0 0 0 0 0 0 0 0 0 0 0 0 0 0 0 0 0 0 0 0 0 0 0 0 0 0 0 0 0 0 0 0 0 0 0 0 0 0 0 0 0 0 0 0 0 0 0 0 0 0 0 0 0 0 0 0 0 0 0 0 0 0 0 0 0 0 0 0 0 0 0 0 0 0 0 0 0 0 0 0 0 0 0 0 0 0 0 0 0 0 0 0 0 0 0 0 0 0 0 0 0 0 0 0 0 0 0 0 0 0 0 0 0 0 0 0 0 0 0 0 0 0 0 0 0 0 0 0 0 0 0 0 0 0 0 0 0 0 0 0 0 0 0 0 0 0 0 0 0 0 0 0 0 0 0 0 0 0 0 0 0 0 0 0 0 0 0 0 0 0 0 0 0 0 0 0 0 0 0 0 0 0 0 0 0 0 0 0 0 0 0 0 0 0 0 0 0 0 0 0 0 0 0 0 0 0 0 0 0 0 0 0 0 0 0 0 0 0 0 0 0 0 0 0 0 0 0 0 0 0 0 0 0 0 0 0 0 0 0 0 0 0 0 0 0 0 0 0 0 0 0 0 0 0 0 0 0 0 0 0 0 0 0 0 0 0 0 0 0 0 0 0 0 0 0 0 0 0 0 0 0 0 0 0 0 0 0 0 0 0 0 0 0 0 0 0 0 0 0 0 0 0 0 0 0 0 0 0 0 0 0 0 0 0 0 0 0 0 0 0 0 0 0 0 0 0 0 0 0 0 0 0 0 0 0 0 0 0 0 0 0 
0 0 0 0 0 0 0 0 0 0 0 0 0 0 0 0 0 0 0 0 0 0 0 0 0 0 0 0 0 0 0 0 0 0 0 0 0 0 0 0 0 0 0 0 0 0 0 0 0 0 0 0 0 0 0 0 0 0 0 0 0 0 0 0 0 0 0 0 0 0 0 0 0 0 0 0 0 0 0 0 0 0 0 0 0 0 0 0 0 0 0 0 0 0 0 0 0 0 0 0 0 0 0 0 0 0 0 0 0 0 0 0 0 0 0 0 0 0 0 0 0 0 0 0 0 0 0 0 0 0 0 0 0 0 0 0 0 0 0 0 0 0 0 0 0 0 0 0 0 0 0 0 0 0 0 0 0 0 0 0 0 0 0 0 0 0 0 0 0 0 0 0 0 0 0 0 0 0 0 0 0 0 0 0 0 0 0 0 0 0 0 0 0 0 0 0 0 0 0 0 0 0 0 0 0 0 0 0 0 0 0 0 0 0 0 0 0 0 0 0 0 0 0 0 0 0 0 0 0 0 0 0 0 0 0 0 0 0 0 0 0 0 0 0 0 0 0 0 0 0 0 0 0 0 0 0 0 0 0 0 0 0 0 0 0 0 0 0 0 0 0 0 0 0 0 0 0 0 0 0 0 0 0 0 0 0 0 0 0 0 0 0 0 0 0 0 0 0 0 0 0 0 0 0 0 0 0 0 0 0 0 0 0 0 0 0 0 0 0 0 0 0 0 0 0 0 0 0 0 0 0 0 0 0 0 0 0 0 0 0 0 0 0 0 0 0 0 0 0 0 0 0 0 0 0 0 0 0 0 0 0 0 0 0 0 0 0 0 0 0 0 0 0 0 0 0 0 0 0 0 0 0 0 0 0 0 0 0 0 0 0 0 0 0 0 0 0 0 0 0 0 0 0 0 0 0 0 0 0 0 0 0 0 0 0 0 0 0 0 0 0 0 0 0 0 0 0 0 0 0 0 0 0 0 0 0 0 0 0 0 0 0 0 0 0 0 0 0 0 0 0 0 0 0 0 0 0 0 0 0 0 0 0 0 0 0 0 0 0 0 0 0 0 0 0 0 0 0 0 0 0 0 0 0 0 0 0 0 0 0 0 0 0 0 0 0 0 0 0 0 0 0 0 0 0 0 0 0 0 0 0 0 0 0 0 0 0 0 0 0 0 0 0 0 0 0 0 0 0 0 0 0 0 0 0 0 0 0 0 0 0 0 0 0 0 0 0 0 0 0 0 0 0 0 0 0 0 0 0 
0 0.00644339 0.0630861 0.0851387 0.0296021 0.0119525 0.0115317 0.00973533 0.00961368 0.00998539 0.0115052 0.0111698 0.0127648 0.0105532 0.00956775 0.00930411 0.00897396 0.00868547 0.0087774 0.00912325 0.00975084 0.00859957 0.008454 0.00836006 0.00865161 0.00885106 0.00852906 0.0083876 0.00824508 0.00869921 0.00854077 0.00857589 0.00847505 0.008435 0.00846987 0.0083208 0.00824135 0.00848749 0.00822114 0.00887153 0.00875609 0.00889025 0.00907048 0.00921975 0.00884086 0.00888162 0.00929192 0.00909822 0.00909733 0.00902987 0.00881834 0.00872785 0.0088963 0.00920472 0.00976043 0.00949517 0.00946357 0.00948674 0.0101489 0.0106274 0.0102004 0.0102204 0.0111944 0.0122802 0.0110159 0.0109474 0.0107635 0.0109104 0.0151698 0.0162816 0.0133699 0.0140941 0.0137066 0.0150649 0.0253231 0.0214745 0.020884 0.0213372 0.0549135 0.0534093 0.0764437 0.0727032 0.0783721 0.0823337 
0.00644339 0 0.0352831 0.0853846 0.207927 0.0180512 0.0125659 0.0118494 0.0111291 0.0140855 0.0119681 0.0109144 0.010743 0.0172479 0.0104062 0.00968948 0.00977267 0.00927733 0.00876925 0.00863272 0.0122505 0.00903465 0.00894909 0.00887911 0.00857476 0.00926142 0.00881556 0.00864068 0.0087014 0.00859085 0.00907261 0.00887962 0.00854014 0.00851259 0.00828507 0.00832617 0.00813771 0.00832119 0.00811234 0.00902691 0.00873003 0.0094783 0.0089573 0.00905982 0.00910819 0.00886428 0.00901421 0.00971288 0.00918165 0.00899871 0.0088168 0.00879551 0.00881331 0.00894577 0.0102006 0.00943372 0.00941628 0.00939907 0.00955917 0.0117515 0.0101029 0.0101283 0.0100942 0.0123481 0.0108877 0.0105643 0.0104696 0.010704 0.0123818 0.0151626 0.0134078 0.0135306 0.0131517 0.0143231 0.0233164 0.0198238 0.0188629 0.0182671 0.0453417 0.0485157 0.0690008 0.0642829 0.0665153 0.0707302 
0.0630861 0.0352831 0 0.00366025 0.00423607 0.618023 0.0295686 0.0370237 0.0300235 0.0135741 0.0268655 0.017235 0.0236769 0.0233684 0.0182533 0.0153383 0.0126484 0.0125685 0.011059 0.0158982 0.0110804 0.0106004 0.0100824 0.00977253 0.0119622 0.00995827 0.00925914 0.00917546 0.00901188 0.00965772 0.00881529 0.00894241 0.00889773 0.00879737 0.00906926 0.00819195 0.00832239 0.00817125 0.00845526 0.0083151 0.00857405 0.00848836 0.00855787 0.00923772 0.00846601 0.00843051 0.00912995 0.00863335 0.00863563 0.00867808 0.00855868 0.00849439 0.00847524 0.00913951 0.00877887 0.00862862 0.00883443 0.00877806 0.00918225 0.00893896 0.00894982 0.0092262 0.00947588 0.00936324 0.00919119 0.00918947 0.00908023 0.00936955 0.0102646 0.0101174 0.0100685 0.0102368 0.0106179 0.0112285 0.0125197 0.0116863 0.0123871 0.0125617 0.0226615 0.024891 0.0307185 0.0269093 0.0305788 0.0342413 
0.0851387 0.0853846 0.00366025 0 0.00363201 0.0241543 0.387232 0.0384489 0.0595827 0.113016 0.0168844 0.0111303 0.0111783 0.0162985 0.0281333 0.0179957 0.0161835 0.0152927 0.0152155 0.00936194 0.0111188 0.012073 0.0113976 0.0134501 0.00924775 0.00924781 0.00990868 0.0104246 0.00969147 0.00851075 0.00845708 0.00942396 0.00916345 0.00911143 0.00832136 0.00809035 0.00802861 0.00809375 0.00805923 0.0084119 0.00847009 0.00847365 0.00889606 0.0085268 0.00841927 0.00874478 0.00855644 0.0086738 0.0091334 0.00899778 0.00878402 0.00872492 0.00879717 0.00857909 0.00886444 0.00909884 0.00929019 0.00919234 0.00897317 0.00928676 0.00948039 0.0094949 0.00906024 0.00955046 0.00979258 0.00968406 0.00942918 0.00954861 0.00945096 0.0101979 0.0104028 0.0105923 0.010664 0.0103588 0.0117447 0.0116971 0.0116828 0.0111573 0.0163258 0.0184421 0.025436 0.0244827 0.0253278 0.0261526 
0.0296021 0.207927 0.00423607 0.00363201 0 0.0246483 0.0220497 0.215923 0.0454166 0.123549 0.239677 0.0156167 0.0204576 0.02545 0.0137467 0.0144488 0.01675 0.012562 0.0103774 0.0123524 0.0202809 0.0103513 0.00987095 0.0105311 0.0118795 0.0119531 0.00938848 0.00970325 0.0090486 0.00970663 0.00983878 0.00899009 0.00912146 0.00848314 0.00836082 0.0082303 0.00810406 0.00831734 0.008157 0.00854781 0.00835798 0.00918997 0.00862961 0.00843777 0.00883042 0.0084208 0.00842419 0.00938419 0.00869734 0.00853865 0.00847396 0.00838339 0.00832157 0.00849543 0.00939684 0.00872042 0.00873527 0.00863019 0.00878023 0.0101689 0.00912315 0.00912483 0.00892685 0.0100131 0.0093382 0.00914904 0.00891344 0.00905015 0.00942831 0.0114291 0.0104992 0.0101432 0.0100322 0.010086 0.0138904 0.0121757 0.0115327 0.0109844 0.0216051 0.0235057 0.0335398 0.0280232 0.0280765 0.0294477 
0.0119525 0.0180512 0.618023 0.0241543 0.0246483 0 0.00412403 0.00363171 0.00360915 0.00364654 0.00563587 0.0159327 0.0249989 0.0875674 0.0275834 0.0125846 0.0119063 0.01251 0.0122641 0.0223 0.0199698 0.0111985 0.00999714 0.0101656 0.0141173 0.0119015 0.00931807 0.00893898 0.00913071 0.0108562 0.0094594 0.00896991 0.00889371 0.00879429 0.00933483 0.00840042 0.00844226 0.00840964 0.00855523 0.0082544 0.00843023 0.00862243 0.00836806 0.00880372 0.00850057 0.00829907 0.00875246 0.00856742 0.00843281 0.00846765 0.00835461 0.00825651 0.0085642 0.00866752 0.00879532 0.00837695 0.00846983 0.00843914 0.00870594 0.00855447 0.00849133 0.00857831 0.008829 0.00867403 0.00854913 0.00852529 0.00849733 0.00864993 0.00925495 0.00899545 0.00886806 0.00889889 0.00909441 0.0095329 0.00990633 0.00944669 0.00973689 0.00979347 0.0152256 0.0167088 0.0169876 0.0143968 0.0167614 0.0184772 
0.0115317 0.0125659 0.0295686 0.387232 0.0220497 0.00412403 0 0.0035944 0.00356827 0.0036385 0.00365193 0.00736254 0.0107634 0.0383777 0.121716 0.0355762 0.02422 0.0278078 0.021678 0.0103416 0.0218225 0.0232112 0.0215585 0.0165102 0.010398 0.0121957 0.0138852 0.0143963 0.0108536 0.00899918 0.00895201 0.0103358 0.0104029 0.00977809 0.00837814 0.00819896 0.00800578 0.00816884 0.00802352 0.00836097 0.00830841 0.00825478 0.00854511 0.00842278 0.00822353 0.00843672 0.00831006 0.00837858 0.00866657 0.00864259 0.0085164 0.00848893 0.00831633 0.00840049 0.00840075 0.00848578 0.00869697 0.00847694 0.00845944 0.00856999 0.00892631 0.00885369 0.00849846 0.0087165 0.00905358 0.00882055 0.00860804 0.00863663 0.00865839 0.0089153 0.00945365 0.00942625 0.00948175 0.00918233 0.00941536 0.0101841 0.0100764 0.00939435 0.0117901 0.0113659 0.0133931 0.0134834 0.0152126 0.0145349 
0.00973533 0.0118494 0.0370237 0.0384489 0.215923 0.00363171 0.0035944 0 0.00355015 0.00355632 0.00357758 0.00653048 0.00855895 0.0453894 0.0431643 0.105451 0.0567966 0.0614824 0.0170456 0.010546 0.0151427 0.0289159 0.0405588 0.0225159 0.0117436 0.0110259 0.015373 0.026172 0.0132984 0.00910706 0.00911382 0.0116883 0.0139382 0.0105314 0.00854704 0.00811603 0.0080031 0.00811845 0.00806551 0.00841127 0.00832067 0.00839874 0.00868827 0.00830727 0.0082682 0.00841591 0.00820231 0.00845866 0.00886947 0.009003 0.00894302 0.00873603 0.00850129 0.00829853 0.00841983 0.00857576 0.00894661 0.00877101 0.00854458 0.00874158 0.00899664 0.00893104 0.0084867 0.00875253 0.00911012 0.00887696 0.0086599 0.00863381 0.00846677 0.00902995 0.00959062 0.00964945 0.00962371 0.00905086 0.00965013 0.0103833 0.0100705 0.00925567 0.0112407 0.0104468 0.0150597 0.0146521 0.0145758 0.0146134 
0.00961368 0.0111291 0.0300235 0.0595827 0.0454166 0.00360915 0.00356827 0.00355015 0 0.00354784 0.00356665 0.00598102 0.00872478 0.0238916 0.0962213 0.0767651 0.126874 0.0470306 0.0153923 0.0121641 0.0142293 0.030212 0.0505088 0.0184594 0.0122137 0.011038 0.0185501 0.0241712 0.0133367 0.00936955 0.00875325 0.0123906 0.0139282 0.0106778 0.00867133 0.00807458 0.00797939 0.00806548 0.00805028 0.00837267 0.00828284 0.00834789 0.00853683 0.00833837 0.0082212 0.00837133 0.00819758 0.00838038 0.0087601 0.00903267 0.00878249 0.00868961 0.00840814 0.00832213 0.00838169 0.00853846 0.00887484 0.00855015 0.00835538 0.00861801 0.0088794 0.00875403 0.00836623 0.00870259 0.00895718 0.00887392 0.00864825 0.00856024 0.0084133 0.00893461 0.00934671 0.00961636 0.00947533 0.00890532 0.00945756 0.0102206 0.0100194 0.00915108 0.010933 0.0102099 0.0135045 0.0141007 0.014973 0.0139372 
0.00998539 0.0140855 0.0135741 0.113016 0.123549 0.00364654 0.0036385 0.00355632 0.00354784 0 0.00354483 0.0065468 0.00772401 0.0166432 0.0402885 0.0955582 0.0326243 0.0526806 0.0356379 0.0100041 0.0126521 0.0204071 0.0191893 0.0449066 0.011019 0.0102792 0.0121089 0.015971 0.013161 0.00946889 0.00874724 0.0103292 0.0108654 0.00990409 0.00846181 0.00801286 0.00802327 0.00803683 0.00800575 0.00826382 0.00834655 0.0081795 0.00859858 0.00815094 0.00809758 0.00846491 0.00813955 0.00826291 0.00857997 0.00867431 0.00859399 0.00833531 0.0083349 0.00815176 0.00828507 0.00844054 0.00866387 0.0084955 0.00825378 0.0083918 0.00868429 0.0086767 0.00837052 0.00851215 0.00878101 0.00859877 0.00846958 0.00852073 0.00842648 0.00889439 0.00929839 0.00932129 0.0093219 0.00895305 0.00928153 0.00999356 0.00986045 0.00911252 0.00998973 0.0101541 0.0121508 0.0124926 0.0131042 0.0120149 
0.0115052 0.0119681 0.0268655 0.0168844 0.239677 0.00563587 0.00365193 0.00357758 0.00356665 0.00354483 0 0.0270795 0.0213595 0.0340562 0.0169535 0.0159653 0.0259272 0.014273 0.016686 0.0270028 0.0211602 0.0107558 0.0112079 0.0121822 0.0227317 0.0120416 0.00999686 0.00930195 0.012118 0.0108887 0.010157 0.00909997 0.00882278 0.00887655 0.00886506 0.00823857 0.00810486 0.00828346 0.00818164 0.00840183 0.00854456 0.00864882 0.00822078 0.0086033 0.00838644 0.00806935 0.0084884 0.00870602 0.00829089 0.00836063 0.00828402 0.00825396 0.00807049 0.00844633 0.00874736 0.00828355 0.00837803 0.00823018 0.00849002 0.00914227 0.00833849 0.00843845 0.00854339 0.00892774 0.00841878 0.00838913 0.00833893 0.00837353 0.0085805 0.00976952 0.00895126 0.00878372 0.00879039 0.00889864 0.0102184 0.00939413 0.009115 0.00909703 0.0125414 0.0113713 0.0137023 0.0129249 0.0126319 0.013474 
0.0111698 0.0109144 0.017235 0.0111303 0.0156167 0.0159327 0.00736254 0.00653048 0.00598102 0.0065468 0.0270795 0 0.907908 0.0191118 0.0113003 0.00981127 0.00899051 0.00948806 0.0107091 0.015746 0.0144297 0.00881153 0.00855472 0.00859554 0.0101474 0.010798 0.00851009 0.00817125 0.00817052 0.0102297 0.0106226 0.00823338 0.0080658 0.00813958 0.00872814 0.00940372 0.00868006 0.00947889 0.00856461 0.00864478 0.00822512 0.00884007 0.00805743 0.00844058 0.00867266 0.00803086 0.00883163 0.00883865 0.00805559 0.00802979 0.00802263 0.00796015 0.00795318 0.0083931 0.00886967 0.00814361 0.00813194 0.00808507 0.00837564 0.00894688 0.00827233 0.00825445 0.00867442 0.00901684 0.00834575 0.00829765 0.00830543 0.00835131 0.00942574 0.00978394 0.00854459 0.00840257 0.00849212 0.00913903 0.0104221 0.0088752 0.0088986 0.00960501 0.0157462 0.0181978 0.0150367 0.011587 0.0117138 0.0150566 
0.0127648 0.010743 0.0236769 0.0111783 0.0204576 0.0249989 0.0107634 0.00855895 0.00872478 0.00772401 0.0213595 0.907908 0 0.02117 0.0150143 0.0102983 0.0123646 0.0104918 0.0120271 0.0336933 0.0191024 0.00991688 0.0089529 0.00901304 0.0134304 0.0135314 0.00971554 0.00839735 0.00863482 0.0110973 0.0123685 0.0086109 0.00814947 0.00851067 0.00906043 0.0102783 0.00937225 0.00951055 0.010014 0.00908025 0.00848321 0.00915751 0.00809108 0.00884117 0.00903046 0.00818282 0.00891093 0.00969369 0.00815962 0.00815249 0.00813116 0.00803628 0.00801506 0.00878179 0.00958556 0.0082954 0.00821396 0.00822444 0.0085581 0.00969431 0.00832526 0.0084196 0.00882104 0.00964491 0.00848901 0.00839267 0.00842286 0.00877476 0.0092939 0.0102611 0.0089047 0.00859838 0.00872315 0.00975284 0.012267 0.00929913 0.00946132 0.0102859 0.0209684 0.0240383 0.0173381 0.0127637 0.0134179 0.0185542 
0.0105532 0.0172479 0.0233684 0.0162985 0.02545 0.0875674 0.0383777 0.0453894 0.0238916 0.0166432 0.0340562 0.0191118 0.02117 0 0.00385661 0.00363455 0.00366793 0.00363856 0.00368918 0.0060468 0.170849 0.0660932 0.0166068 0.0177203 0.0270648 0.0375405 0.0286943 0.0178798 0.0131502 0.0224785 0.0199139 0.017669 0.013339 0.0123412 0.0146866 0.00872938 0.00896254 0.00871197 0.00959295 0.00962496 0.00934166 0.00903089 0.00877834 0.0101109 0.00861606 0.00834219 0.00968785 0.00912526 0.00907566 0.00921744 0.00886702 0.00889886 0.00845364 0.00960549 0.00877642 0.00849473 0.00864329 0.00848051 0.00879053 0.00872342 0.00850258 0.00855641 0.00872942 0.00876918 0.00850588 0.0086248 0.00858438 0.00846706 0.00894911 0.00890373 0.00885658 0.00903076 0.00903357 0.00937909 0.00907747 0.00916059 0.00918515 0.00937035 0.0106509 0.0108149 0.0107972 0.0101812 0.0106875 0.012053 
0.00956775 0.0104062 0.0182533 0.0281333 0.0137467 0.0275834 0.121716 0.0431643 0.0962213 0.0402885 0.0169535 0.0113003 0.0150143 0.00385661 0 0.00358902 0.00356545 0.00362476 0.00361515 0.00390292 0.327665 0.114798 0.0717377 0.0289583 0.0159842 0.0264506 0.0590944 0.0402411 0.0345403 0.0118512 0.0132077 0.0398549 0.0267801 0.0220542 0.0100811 0.00872643 0.00830072 0.00842185 0.0084757 0.00940046 0.00889666 0.00874872 0.00919589 0.00901966 0.00833203 0.00872084 0.00895177 0.0087783 0.00967351 0.00972199 0.00938017 0.00915397 0.00883816 0.00874964 0.00839107 0.00878383 0.00906573 0.00871127 0.00878957 0.00849834 0.00901859 0.00885411 0.00862681 0.00862071 0.00896264 0.00882259 0.00860356 0.00859171 0.00870858 0.00874802 0.00938076 0.00949092 0.00935654 0.00931115 0.00899939 0.00993357 0.00969663 0.00926219 0.00982907 0.00955876 0.0104454 0.010585 0.0112173 0.0114087 
0.00930411 0.00968948 0.0153383 0.0179957 0.0144488 0.0125846 0.0355762 0.105451 0.0767651 0.0955582 0.0159653 0.00981127 0.0102983 0.00363455 0.00358902 0 0.00354316 0.00353504 0.00357461 0.00357779 0.0875534 0.228664 0.0833672 0.0585645 0.0150634 0.018354 0.0337304 0.0885165 0.0234575 0.012252 0.0109766 0.0221033 0.0612485 0.0186316 0.0102664 0.00837354 0.00817959 0.00842911 0.00826803 0.00890654 0.00882989 0.00908754 0.00893251 0.00908429 0.00843398 0.00855033 0.00871221 0.00870142 0.00975822 0.0103223 0.010284 0.00969247 0.008848 0.00886839 0.0084058 0.00885244 0.0095615 0.00894377 0.008655 0.00855772 0.00914998 0.00882112 0.00851697 0.00873383 0.00901832 0.00888537 0.00887343 0.00860061 0.00855094 0.00891665 0.00937456 0.00941469 0.00923887 0.00887309 0.00904378 0.0100955 0.00950541 0.0088819 0.00937456 0.0092483 0.010531 0.0108752 0.0111831 0.0106001 
0.00897396 0.00977267 0.0126484 0.0161835 0.01675 0.0119063 0.02422 0.0567966 0.126874 0.0326243 0.0259272 0.00899051 0.0123646 0.00366793 0.00356545 0.00354316 0 0.00353369 0.00358044 0.00356187 0.0306702 0.10602 0.218126 0.029344 0.0195553 0.0142026 0.0458573 0.0428136 0.0336824 0.0108792 0.0104583 0.0267434 0.0330595 0.0233355 0.00963435 0.00827317 0.0081334 0.00822527 0.00824311 0.00894607 0.00888124 0.00898001 0.00894014 0.0090446 0.0083694 0.00860301 0.00862199 0.00880106 0.00948609 0.0102985 0.0105877 0.0092759 0.00882165 0.00888831 0.00845558 0.00877014 0.00921421 0.00866855 0.00843639 0.00853689 0.00885 0.00865808 0.00840248 0.00868029 0.00888776 0.00886321 0.00863012 0.00854359 0.00840116 0.00884313 0.00921447 0.00936842 0.00919628 0.00895046 0.00901055 0.00992655 0.0093676 0.00879115 0.00948378 0.00937816 0.0111938 0.0113585 0.011308 0.0110478 
0.00868547 0.00927733 0.0125685 0.0152927 0.012562 0.01251 0.0278078 0.0614824 0.0470306 0.0526806 0.014273 0.00948806 0.0104918 0.00363856 0.00362476 0.00353504 0.00353369 0 0.00355857 0.00355334 0.0412005 0.0740278 0.156612 0.0682811 0.016705 0.0183396 0.0318638 0.0591653 0.0201529 0.0110657 0.0100622 0.0191742 0.0462635 0.0156759 0.00952768 0.00818424 0.00810625 0.00820066 0.00818048 0.00863458 0.00854539 0.00890034 0.00892154 0.00881711 0.00841623 0.00855906 0.0084199 0.00883291 0.00922063 0.00987396 0.009388 0.00918391 0.00879183 0.00843314 0.00844902 0.00863297 0.00908033 0.00866107 0.00836654 0.0084876 0.00869254 0.00855169 0.00832921 0.00852849 0.00864797 0.00864142 0.00852788 0.00844536 0.00832967 0.0086566 0.00897211 0.0090384 0.00900611 0.00859217 0.00880033 0.00947833 0.00915685 0.00861704 0.00896035 0.00933676 0.0104359 0.010702 0.0111448 0.0102174 
0.0087774 0.00876925 0.011059 0.0152155 0.0103774 0.0122641 0.021678 0.0170456 0.0153923 0.0356379 0.016686 0.0107091 0.0120271 0.00368918 0.00361515 0.00357461 0.00358044 0.00355857 0 0.00357558 0.0227583 0.036908 0.0702784 0.135366 0.0231922 0.0140617 0.0189539 0.0198138 0.0255066 0.0110614 0.0107675 0.0140452 0.0131433 0.0134987 0.00907119 0.00854336 0.00818755 0.00854574 0.00822534 0.00854872 0.00846638 0.00850239 0.00855598 0.00834281 0.00824994 0.00837622 0.00830387 0.00838972 0.00862876 0.00865377 0.00870809 0.00840774 0.00836747 0.00813204 0.00822737 0.00836222 0.00853241 0.00832501 0.00806735 0.00833156 0.00834127 0.00831961 0.00811154 0.00833531 0.00835106 0.00834491 0.0083132 0.00828789 0.00826984 0.00865729 0.00865958 0.00866142 0.00869224 0.00837246 0.00881561 0.00896057 0.00873638 0.00841898 0.0092614 0.00959931 0.00992195 0.0102272 0.0105567 0.00957886 
0.00912325 0.00863272 0.0158982 0.00936194 0.0123524 0.0223 0.0103416 0.010546 0.0121641 0.0100041 0.0270028 0.015746 0.0336933 0.0060468 0.00390292 0.00357779 0.00356187 0.00355334 0.00357558 0 0.0274134 0.0151933 0.021281 0.0438326 0.300263 0.0190901 0.011015 0.0100767 0.0107634 0.0134114 0.0146033 0.0101548 0.00927868 0.00952748 0.00961422 0.00915168 0.00836178 0.00863153 0.00868658 0.00906683 0.00873825 0.00927171 0.0082486 0.00872224 0.00851164 0.00814466 0.00847361 0.00911684 0.00820028 0.00850789 0.0082825 0.00822078 0.00807612 0.00835574 0.00872406 0.00821308 0.00830647 0.00810037 0.00824658 0.00883612 0.00828635 0.00823063 0.00828666 0.00871266 0.00829005 0.00831908 0.00828845 0.00830594 0.00829113 0.00942675 0.00857974 0.00854788 0.00854764 0.00863207 0.00965992 0.00870775 0.00872636 0.00882709 0.0110611 0.010181 0.0114692 0.0102765 0.00978991 0.0104824 
0.00975084 0.0122505 0.0110804 0.0111188 0.0202809 0.0199698 0.0218225 0.0151427 0.0142293 0.0126521 0.0211602 0.0144297 0.0191024 0.170849 0.327665 0.0875534 0.0306702 0.0412005 0.0227583 0.0274134 0 0.00361522 0.00359393 0.00360808 0.00396954 0.207894 0.0333423 0.0179609 0.0152999 0.0307842 0.0342117 0.0232295 0.0160119 0.0138766 0.022881 0.00952532 0.0103063 0.0095849 0.011405 0.0113585 0.0123613 0.00967804 0.00916536 0.0122156 0.00885128 0.00850064 0.0108992 0.00944914 0.00928893 0.00925228 0.00910248 0.00894913 0.00862302 0.0102596 0.00875651 0.00844503 0.00861233 0.00853741 0.00896249 0.00869429 0.00845361 0.00851792 0.00863691 0.00859864 0.00837166 0.00844153 0.00835685 0.0083264 0.00881559 0.00858633 0.00867833 0.00885682 0.00897248 0.00907219 0.00883233 0.00900283 0.00907067 0.0090524 0.0102592 0.0104564 0.00968514 0.00981797 0.0101211 0.0109831 
0.00859957 0.00903465 0.0106004 0.012073 0.0103513 0.0111985 0.0232112 0.0289159 0.030212 0.0204071 0.0107558 0.00881153 0.00991688 0.0660932 0.114798 0.228664 0.10602 0.0740278 0.036908 0.0151933 0.00361522 0 0.00355976 0.00358796 0.00356544 0.427216 0.10469 0.0582523 0.0342023 0.0124766 0.0139899 0.0458359 0.0301268 0.0289256 0.0104849 0.00873912 0.0084888 0.00852054 0.0086853 0.00975491 0.00927219 0.00882116 0.00924819 0.00883333 0.00838324 0.00862788 0.00862772 0.0087813 0.00991774 0.00987223 0.0102408 0.0093817 0.0090583 0.00850365 0.00835189 0.00868023 0.00918266 0.00870726 0.00859061 0.00836512 0.00897492 0.00848138 0.00825793 0.00836291 0.00850754 0.0084728 0.00848968 0.00827993 0.00824885 0.00842433 0.00885002 0.00898817 0.00886319 0.00865802 0.00866142 0.00929562 0.00899447 0.00862182 0.00883685 0.00894288 0.00937399 0.00987889 0.0099305 0.00952481 
0.008454 0.00894909 0.0100824 0.0113976 0.00987095 0.00999714 0.0215585 0.0405588 0.0505088 0.0191893 0.0112079 0.00855472 0.0089529 0.0166068 0.0717377 0.0833672 0.218126 0.156612 0.0702784 0.021281 0.00359393 0.00355976 0 0.00355296 0.00355284 0.0346179 0.375187 0.122043 0.0491471 0.0126129 0.011498 0.0322409 0.071642 0.0236814 0.0105341 0.00856072 0.00828964 0.00839528 0.00837753 0.00928345 0.00896275 0.0088969 0.0092839 0.00897884 0.00839987 0.00847293 0.00844639 0.00862381 0.00988526 0.012161 0.0106517 0.0102714 0.00908395 0.00854652 0.00833377 0.008766 0.00929629 0.00890076 0.00848475 0.00833153 0.00854398 0.00849439 0.00810723 0.00834036 0.00851229 0.0085821 0.00841444 0.00833778 0.00815542 0.00841874 0.00878077 0.00898129 0.00883884 0.00855402 0.00858984 0.00919283 0.00888151 0.00844574 0.00854857 0.00863727 0.00918336 0.00980025 0.00984831 0.0092548 
0.00836006 0.00887911 0.00977253 0.0134501 0.0105311 0.0101656 0.0165102 0.0225159 0.0184594 0.0449066 0.0121822 0.00859554 0.00901304 0.0177203 0.0289583 0.0585645 0.029344 0.0682811 0.135366 0.0438326 0.00360808 0.00358796 0.00355296 0 0.00370662 0.0265857 0.0340909 0.445327 0.160901 0.0398242 0.0124428 0.0245941 0.0312723 0.0443149 0.0129916 0.00886328 0.00837225 0.00866052 0.00866644 0.00969618 0.00969003 0.00893157 0.00942658 0.00909217 0.00843207 0.00858373 0.00869746 0.00871477 0.00967249 0.00980197 0.0104493 0.00915021 0.00894045 0.00869695 0.0082406 0.00860592 0.00886881 0.00879529 0.00831191 0.00834973 0.00850148 0.00861256 0.00810053 0.00831294 0.00860318 0.0084575 0.0083542 0.0083118 0.00811646 0.00847079 0.00882937 0.00884939 0.00882781 0.00836434 0.00868777 0.00913552 0.0088071 0.00842652 0.008814 0.00892132 0.00919236 0.00986279 0.00985961 0.00922351 
0.00865161 0.00857476 0.0119622 0.00924775 0.0118795 0.0141173 0.010398 0.0117436 0.0122137 0.011019 0.0227317 0.0101474 0.0134304 0.0270648 0.0159842 0.0150634 0.0195553 0.016705 0.0231922 0.300263 0.00396954 0.00356544 0.00355284 0.00370662 0 0.0273062 0.0285293 0.0307326 0.345887 0.177516 0.0195163 0.0147801 0.0123551 0.0158797 0.0176678 0.0103407 0.0086002 0.00955166 0.00909545 0.0118529 0.0107834 0.0101226 0.00868635 0.00954749 0.00877084 0.00826521 0.00895468 0.0105325 0.00865808 0.00891891 0.00867432 0.008543 0.00833182 0.00914977 0.00865512 0.00828702 0.00853713 0.00843616 0.00843416 0.00871627 0.00820749 0.00822798 0.00820518 0.00847245 0.00836603 0.00826839 0.0081803 0.00816483 0.0080889 0.00902061 0.00851061 0.00850338 0.00862591 0.00842154 0.00910274 0.00857797 0.00864104 0.00851292 0.00975219 0.00925282 0.00984094 0.00918256 0.00925171 0.00924218 
0.00885106 0.00926142 0.00995827 0.00924781 0.0119531 0.0119015 0.0121957 0.0110259 0.011038 0.0102792 0.0120416 0.010798 0.0135314 0.0375405 0.0264506 0.018354 0.0142026 0.0183396 0.0140617 0.0190901 0.207894 0.427216 0.0346179 0.0265857 0.0273062 0 0.00425714 0.00357214 0.00361267 0.00449551 0.683656 0.0227662 0.0249489 0.0171094 0.0349582 0.0110382 0.0125695 0.0149938 0.0132333 0.0138033 0.0151469 0.0109271 0.00993029 0.0153309 0.00928161 0.00898449 0.0127212 0.0105928 0.0101166 0.00989377 0.00959041 0.00946216 0.00909939 0.0115933 0.00889053 0.00857272 0.00912658 0.0089368 0.00958157 0.00877897 0.00842498 0.00862681 0.00873133 0.00860966 0.00830481 0.00835291 0.0082379 0.00820907 0.00855885 0.00854188 0.00836592 0.00847499 0.00861611 0.00890912 0.00869389 0.00858064 0.00864505 0.00875628 0.00931065 0.00948839 0.00921394 0.00885604 0.00912846 0.00978865 
0.00852906 0.00881556 0.00925914 0.00990868 0.00938848 0.00931807 0.0138852 0.015373 0.0185501 0.0121089 0.00999686 0.00851009 0.00971554 0.0286943 0.0590944 0.0337304 0.0458573 0.0318638 0.0189539 0.011015 0.0333423 0.10469 0.375187 0.0340909 0.0285293 0.00425714 0 0.00365303 0.00357706 0.00362618 0.060053 0.731614 0.022591 0.089569 0.0108484 0.0107288 0.00891059 0.00957757 0.0103216 0.013142 0.0112903 0.00998153 0.0117373 0.010289 0.00871915 0.00945627 0.00933816 0.0102807 0.0135039 0.0121858 0.0127845 0.0114522 0.00990922 0.00947682 0.00863534 0.00971478 0.00959556 0.0096071 0.00890664 0.00852024 0.00874175 0.00864544 0.00829118 0.00831766 0.00866577 0.00869033 0.00843612 0.00836206 0.00824155 0.00832793 0.00875621 0.00896606 0.00872433 0.00849296 0.00857001 0.0091069 0.00882686 0.00849914 0.00866083 0.00880643 0.00892611 0.00943575 0.00944118 0.0092214 
0.0083876 0.00864068 0.00917546 0.0104246 0.00970325 0.00893898 0.0143963 0.026172 0.0241712 0.015971 0.00930195 0.00817125 0.00839735 0.0178798 0.0402411 0.0885165 0.0428136 0.0591653 0.0198138 0.0100767 0.0179609 0.0582523 0.122043 0.445327 0.0307326 0.00357214 0.00365303 0 0.00354626 0.00354215 0.0455546 0.0434014 0.787296 0.0177019 0.0230722 0.00875761 0.00887964 0.00918366 0.00893974 0.0101599 0.0101999 0.00992328 0.0106534 0.0100349 0.00889357 0.00891142 0.00933744 0.00938201 0.013998 0.01809 0.0148637 0.0152467 0.0104451 0.00914223 0.00867787 0.00929051 0.0114793 0.00924446 0.00883224 0.0084767 0.0090256 0.00871736 0.0083652 0.00845672 0.00885887 0.00891627 0.00851116 0.00834717 0.00816922 0.00841817 0.00891892 0.00930048 0.00881774 0.00868465 0.00858874 0.00910022 0.00882831 0.00842778 0.00845294 0.00857876 0.00893123 0.00933636 0.00942124 0.00899792 
0.00824508 0.0087014 0.00901188 0.00969147 0.0090486 0.00913071 0.0108536 0.0132984 0.0133367 0.013161 0.012118 0.00817052 0.00863482 0.0131502 0.0345403 0.0234575 0.0336824 0.0201529 0.0255066 0.0107634 0.0152999 0.0342023 0.0491471 0.160901 0.345887 0.00361267 0.00357706 0.00354626 0 0.00361878 0.019156 0.147085 0.0331021 0.751163 0.0140882 0.0118478 0.00872256 0.0100999 0.0101554 0.0124817 0.0167635 0.00981675 0.0137448 0.0103964 0.00866558 0.0104517 0.00869088 0.00931644 0.011851 0.0114198 0.0117136 0.0104182 0.0101626 0.00923997 0.00860437 0.0089804 0.00921897 0.00972886 0.00844309 0.0084178 0.0084805 0.00879117 0.00817918 0.00830851 0.0084538 0.00852984 0.00827627 0.00825454 0.00805224 0.00834388 0.0085098 0.00868373 0.00869222 0.0082601 0.00839587 0.00867605 0.0086009 0.00833375 0.00866214 0.00860585 0.00874909 0.00907112 0.00919975 0.00871125 
0.00869921 0.00859085 0.00965772 0.00851075 0.00970663 0.0108562 0.00899918 0.00910706 0.00936955 0.00946889 0.0108887 0.0102297 0.0110973 0.0224785 0.0118512 0.012252 0.0108792 0.0110657 0.0110614 0.0134114 0.0307842 0.0124766 0.0126129 0.0398242 0.177516 0.00449551 0.00362618 0.00354215 0.00361878 0 0.0368619 0.0134993 0.0556526 0.0356085 0.600765 0.0125638 0.0112315 0.0160111 0.0126793 0.0155053 0.0147745 0.013696 0.00888179 0.0117644 0.0110552 0.00845119 0.0110088 0.0123534 0.00911509 0.00947282 0.00924344 0.00881315 0.00854497 0.00971736 0.00916079 0.00836603 0.00864452 0.00838687 0.00935804 0.0089805 0.00824647 0.00816784 0.00864448 0.00870862 0.00817023 0.00815198 0.00806217 0.00803549 0.00820889 0.00892344 0.00842496 0.00832049 0.0083002 0.00828617 0.00893715 0.0083096 0.00839636 0.00842282 0.00926033 0.00918027 0.00922507 0.00857376 0.00864676 0.00888607 
0.00854077 0.00907261 0.00881529 0.00845708 0.00983878 0.0094594 0.00895201 0.00911382 0.00875325 0.00874724 0.010157 0.0106226 0.0123685 0.0199139 0.0132077 0.0109766 0.0104583 0.0100622 0.0107675 0.0146033 0.0342117 0.0139899 0.011498 0.0124428 0.0195163 0.683656 0.060053 0.0455546 0.019156 0.0368619 0 0.00465956 0.0035918 0.00370247 0.00409177 0.00990908 0.0213592 0.0170632 0.0266243 0.0194667 0.0185998 0.0151584 0.0107878 0.0198234 0.0110761 0.00940617 0.0176563 0.0140929 0.0104784 0.0100343 0.00937189 0.0095221 0.0100628 0.0155607 0.00968986 0.00861891 0.00891806 0.0090995 0.0103535 0.00898937 0.00850882 0.00877707 0.00949432 0.00860883 0.00831455 0.00841833 0.00830238 0.00839118 0.00930253 0.00846475 0.00840492 0.00851562 0.00867418 0.00940129 0.00857337 0.00841799 0.00871999 0.00891762 0.00923727 0.00928509 0.00887585 0.0085547 0.00887809 0.00950515 
0.00857589 0.00887962 0.00894241 0.00942396 0.00899009 0.00896991 0.0103358 0.0116883 0.0123906 0.0103292 0.00909997 0.00823338 0.0086109 0.017669 0.0398549 0.0221033 0.0267434 0.0191742 0.0140452 0.0101548 0.0232295 0.0458359 0.0322409 0.0245941 0.0147801 0.0227662 0.731614 0.0434014 0.147085 0.0134993 0.00465956 0 0.00358544 0.00360945 0.00357636 0.00945289 0.0128175 0.015471 0.0152273 0.0200258 0.0152467 0.0129207 0.0178606 0.0117699 0.00941558 0.0125582 0.01015 0.0130866 0.0217939 0.0180139 0.0173864 0.0153864 0.0132197 0.0104098 0.00949158 0.0112643 0.0107402 0.0118787 0.00944075 0.00890436 0.00954545 0.00909364 0.00867874 0.00847829 0.00897013 0.00885492 0.0086629 0.00856834 0.00848051 0.00836007 0.00884756 0.00934247 0.00884011 0.00901738 0.00845786 0.00892913 0.00871829 0.00844066 0.00848234 0.00871683 0.00874984 0.00919298 0.00931157 0.00902873 
0.00847505 0.00854014 0.00889773 0.00916345 0.00912146 0.00889371 0.0104029 0.0139382 0.0139282 0.0108654 0.00882278 0.0080658 0.00814947 0.013339 0.0267801 0.0612485 0.0330595 0.0462635 0.0131433 0.00927868 0.0160119 0.0301268 0.071642 0.0312723 0.0123551 0.0249489 0.022591 0.787296 0.0331021 0.0556526 0.0035918 0.00358544 0 0.00356491 0.00355182 0.00662692 0.0106387 0.00997075 0.0091756 0.0179562 0.0111412 0.0135759 0.0120072 0.0117307 0.00986985 0.00919809 0.0103774 0.0104798 0.0221345 0.0362319 0.0289702 0.029373 0.0123207 0.0104064 0.00901201 0.0099396 0.0160963 0.0105647 0.00966113 0.00891021 0.00983428 0.00947154 0.00858721 0.00853805 0.00906557 0.00951968 0.00891873 0.00850287 0.00840223 0.00842691 0.00906557 0.00965446 0.00901763 0.00861204 0.00853412 0.00898923 0.00876017 0.00839526 0.00835435 0.00842539 0.00900435 0.00907797 0.00908908 0.00872402 
0.008435 0.00851259 0.00879737 0.00911143 0.00848314 0.00879429 0.00977809 0.0105314 0.0106778 0.00990409 0.00887655 0.00813958 0.00851067 0.0123412 0.0220542 0.0186316 0.0233355 0.0156759 0.0134987 0.00952748 0.0138766 0.0289256 0.0236814 0.0443149 0.0158797 0.0171094 0.089569 0.0177019 0.751163 0.0356085 0.00370247 0.00360945 0.00356491 0 0.00356542 0.0185077 0.00972995 0.0109058 0.0132643 0.0194908 0.0432459 0.0118313 0.0238025 0.0118834 0.00957387 0.0131367 0.00928112 0.0118105 0.0162886 0.0167572 0.0163726 0.0142117 0.0131245 0.00993527 0.00932017 0.0101903 0.0103247 0.0114125 0.00894111 0.00890171 0.00900052 0.0092269 0.0083915 0.0084607 0.00875567 0.00876406 0.00855835 0.00843393 0.008106 0.00857792 0.00882728 0.00888172 0.00867337 0.00824198 0.00854905 0.00865483 0.00847185 0.00820811 0.00856965 0.00839387 0.00872642 0.00899262 0.00890028 0.00863267 
0.00846987 0.00828507 0.00906926 0.00832136 0.00836082 0.00933483 0.00837814 0.00854704 0.00867133 0.00846181 0.00886506 0.00872814 0.00906043 0.0146866 0.0100811 0.0102664 0.00963435 0.00952768 0.00907119 0.00961422 0.022881 0.0104849 0.0105341 0.0129916 0.0176678 0.0349582 0.0108484 0.0230722 0.0140882 0.600765 0.00409177 0.00357636 0.00355182 0.00356542 0 0.00803724 0.00694287 0.00955847 0.00990626 0.0328371 0.0171383 0.0180967 0.00977609 0.0157661 0.01267 0.00878223 0.0118157 0.0147488 0.0099992 0.0098542 0.00979179 0.00944344 0.00892797 0.0101958 0.0103766 0.00851178 0.00877465 0.00855622 0.0092855 0.00938751 0.00839769 0.00823672 0.00840998 0.00888292 0.00823275 0.00828329 0.00818447 0.00801672 0.00810011 0.00934875 0.00850762 0.00851122 0.0082129 0.00815866 0.00909376 0.00839558 0.00816165 0.00818881 0.00888327 0.00862429 0.00897081 0.00847306 0.00849178 0.00844674 
0.0083208 0.00832617 0.00819195 0.00809035 0.0082303 0.00840042 0.00819896 0.00811603 0.00807458 0.00801286 0.00823857 0.00940372 0.0102783 0.00872938 0.00872643 0.00837354 0.00827317 0.00818424 0.00854336 0.00915168 0.00952532 0.00873912 0.00856072 0.00886328 0.0103407 0.0110382 0.0107288 0.00875761 0.0118478 0.0125638 0.00990908 0.00945289 0.00662692 0.0185077 0.00803724 0 0.00722736 0.00982517 0.928937 0.0112354 0.0207721 0.0101464 0.0101136 0.0117608 0.00962138 0.00911739 0.0115886 0.00956256 0.00879813 0.00851466 0.00835215 0.00832893 0.00862571 0.0102664 0.00846406 0.00832576 0.00819283 0.00825575 0.00863105 0.00819579 0.00813298 0.00809748 0.00848305 0.00825345 0.00806316 0.00804213 0.00803461 0.00800603 0.00847503 0.00814932 0.00806812 0.00806665 0.00811003 0.00821085 0.0082517 0.00809534 0.00812777 0.00816029 0.00875204 0.00868873 0.00845722 0.00829556 0.00832805 0.0087656 
0.00824135 0.00813771 0.00832239 0.00802861 0.00810406 0.00844226 0.00800578 0.0080031 0.00797939 0.00802327 0.00810486 0.00868006 0.00937225 0.00896254 0.00830072 0.00817959 0.0081334 0.00810625 0.00818755 0.00836178 0.0103063 0.0084888 0.00828964 0.00837225 0.0086002 0.0125695 0.00891059 0.00887964 0.00872256 0.0112315 0.0213592 0.0128175 0.0106387 0.00972995 0.00694287 0.00722736 0 0.979153 0.0104104 0.0187682 0.0106275 0.0118893 0.00875137 0.00929898 0.0102752 0.00888495 0.00914162 0.0107666 0.00858377 0.00836931 0.00823381 0.00825039 0.00827086 0.00852147 0.00872959 0.00809051 0.0080374 0.0080966 0.00818036 0.00847538 0.0080034 0.00805155 0.00810025 0.00828749 0.00797986 0.00796407 0.00795709 0.00800533 0.00812023 0.00830977 0.00802809 0.0080113 0.00803749 0.00807711 0.00835984 0.00804215 0.00805068 0.00802743 0.00858376 0.00839919 0.00860408 0.00831476 0.0083389 0.00835935 
0.00848749 0.00832119 0.00817125 0.00809375 0.00831734 0.00840964 0.00816884 0.00811845 0.00806548 0.00803683 0.00828346 0.00947889 0.00951055 0.00871197 0.00842185 0.00842911 0.00822527 0.00820066 0.00854574 0.00863153 0.0095849 0.00852054 0.00839528 0.00866052 0.00955166 0.0149938 0.00957757 0.00918366 0.0100999 0.0160111 0.0170632 0.015471 0.00997075 0.0109058 0.00955847 0.00982517 0.979153 0 0.0108657 0.0284906 0.0388744 0.0115508 0.0106327 0.0116651 0.0109635 0.00909409 0.0127718 0.0101734 0.00870087 0.00849497 0.0083678 0.00833395 0.0086976 0.0105233 0.00861971 0.00829881 0.00829064 0.00824213 0.00884189 0.00820051 0.00827385 0.00810435 0.00862076 0.00832025 0.00806818 0.00803273 0.00805453 0.00799224 0.00907276 0.00823575 0.00808804 0.00810773 0.00812724 0.00825552 0.00833929 0.00815289 0.00816661 0.00820331 0.00884067 0.00891808 0.00847401 0.00830241 0.00833159 0.00864852 
0.00822114 0.00811234 0.00845526 0.00805923 0.008157 0.00855523 0.00802352 0.00806551 0.00805028 0.00800575 0.00818164 0.00856461 0.010014 0.00959295 0.0084757 0.00826803 0.00824311 0.00818048 0.00822534 0.00868658 0.011405 0.0086853 0.00837753 0.00866644 0.00909545 0.0132333 0.0103216 0.00893974 0.0101554 0.0126793 0.0266243 0.0152273 0.0091756 0.0132643 0.00990626 0.928937 0.0104104 0.0108657 0 0.0397418 0.0354673 0.0157297 0.0099242 0.0110763 0.0116099 0.010137 0.00965878 0.013678 0.00879133 0.00856834 0.00849837 0.00839562 0.00865234 0.00906856 0.00999136 0.00829563 0.00813269 0.00826501 0.00853851 0.00884903 0.00804918 0.00823186 0.00820395 0.00841416 0.00803819 0.00800843 0.00798444 0.00812937 0.00813823 0.00840267 0.00810068 0.00805088 0.00804483 0.00807871 0.00841575 0.00810724 0.00805357 0.00804383 0.00862463 0.00840492 0.00861636 0.00829501 0.00831415 0.00847136 
0.00887153 0.00902691 0.0083151 0.0084119 0.00854781 0.0082544 0.00836097 0.00841127 0.00837267 0.00826382 0.00840183 0.00864478 0.00908025 0.00962496 0.00940046 0.00890654 0.00894607 0.00863458 0.00854872 0.00906683 0.0113585 0.00975491 0.00928345 0.00969618 0.0118529 0.0138033 0.013142 0.0101599 0.0124817 0.0155053 0.0194667 0.0200258 0.0179562 0.0194908 0.0328371 0.0112354 0.0187682 0.0284906 0.0397418 0 0.00489067 0.0432727 0.0625375 0.0357124 0.0163109 0.0176345 0.0209457 0.0178524 0.0190737 0.0121603 0.0103323 0.0101513 0.011892 0.0191776 0.010303 0.00955019 0.0093522 0.0109362 0.0119002 0.00924083 0.00902735 0.00931978 0.00951434 0.00864529 0.00852309 0.00838603 0.00829806 0.00830888 0.00902158 0.00843649 0.00842308 0.00851586 0.0087049 0.00886301 0.00834189 0.0083204 0.00836261 0.00832722 0.00878118 0.00877092 0.00851147 0.00842896 0.00860397 0.00882852 
0.00875609 0.00873003 0.00857405 0.00847009 0.00835798 0.00843023 0.00830841 0.00832067 0.00828284 0.00834655 0.00854456 0.00822512 0.00848321 0.00934166 0.00889666 0.00882989 0.00888124 0.00854539 0.00846638 0.00873825 0.0123613 0.00927219 0.00896275 0.00969003 0.0107834 0.0151469 0.0112903 0.0101999 0.0167635 0.0147745 0.0185998 0.0152467 0.0111412 0.0432459 0.0171383 0.0207721 0.0106275 0.0388744 0.0354673 0.00489067 0 0.0252046 0.0578002 0.156035 0.012569 0.023238 0.0202875 0.025703 0.0134417 0.0114849 0.0117798 0.00986317 0.0137057 0.0156295 0.0110156 0.0096198 0.0093235 0.0101585 0.0123945 0.0110271 0.00887227 0.00915465 0.00911538 0.0091618 0.00833682 0.00842887 0.0082044 0.00839614 0.00835793 0.00876698 0.00857654 0.00842499 0.00890558 0.00861687 0.00879273 0.00847644 0.00841114 0.00823805 0.00879264 0.00859867 0.00869261 0.00856926 0.00861649 0.0085232 
