1QAMA
QNFITSKHNIDKIMTNIRLNEHDNIFEIGSGKGHFTLELVQRCNFVTAIEIDHKLCKTTENKLVDHDNFQVLNKDILQFKFPKNQSYKIFGNIPYNISTDIIRKIVFDSIADEIYLIVEYGFAKRLLNTKRSLALFLMAEVDISILSMVPREYFHPKPKVNSSLIRLNRKKSRISHKDKQKYNYFVMKWVNKEYKKIFTKNQFNNSLKHAGIDDLNNISFEQFLSLFNSYKLFNK
CCECCCHHHHHHHHCCCCCCCCCEEEEECCCCCHHHHHHHHHCCEEEEECCCHHHHHHHHHHCCCCCCEEEECCCHHHCCCCCCCCCEEEEECCHHHHHHHHHHHHHCCCCCEEEEEEEHHHHHHHCCCCCHHHHHHCCCEEEEEEEEECHHHCECCCCCCEEEEEEEECCCCCCHHHHHHHHHHHHHHHCCCHHHCCCHHHHHHHHHHHCCCCCCCCCHHHHHHHHHHHHHHCC
0 0 0 0 0 0 0 0 0 0 0 0 0 0 0 0 0 0 0 0 0 0 0 0 0 0 0 0 0 0 0 0 0 0 0 0 0 0 0 0 0 0 0 0 0 0 0 0 0 0 0 0 0 0 0 0 0 0 0 0 0 0 0 0 0 0 0 0 0 0 0 0 0 0 0 0 0 0 0 0 0 0 0 0 0 0 0 0 0 0 0 0 0 0 0 0 0 0 0 0 0 0 0 0 0 0 0 0 0 0 0 0 0 0 0 0 0 0 0 0 0 0 0 0 0 0 0 0 0 0 0 0 0 0 0 0 0 0 0 0 0 0 0 0 0 0 0 0 0 0 0 0 0 0 0 0 0 0 0 0 0 0 0 0 0 0 0 0 0 0 0 0 0 0 0 0 0 0 0 0 0 0 0 0 0 0 0 0 0 0 0 0 0 0 0 0 0 0 0 0 0 0 0 0 0 0 0 0 0 0 0 0 0 0 0 0 0 0 0 0 0 0 0 0 0 0 0 0 0 0 0 0 0 0 0 
0 0 0 0 0 0 0 0 0 0 0 0 0 0 0 0 0 0 0 0 0 0 0 0 0 0 0 0 0 0 0 0 0 0 0 0 0 0 0 0 0 0 0 0 0 0 0 0 0 0 0 0 0 0 0 0 0 0 0 0 0 0 0 0 0 0 0 0 0 0 0 0 0 0 0 0 0 0 0 0 0 0 0 0 0 0 0 0 0 0 0 0 0 0 0 0 0 0 0 0 0 0 0 0 0 0 0 0 0 0 0 0 0 0 0 0 0 0 0 0 0 0 0 0 0 0 0 0 0 0 0 0 0 0 0 0 0 0 0 0 0 0 0 0 0 0 0 0 0 0 0 0 0 0 0 0 0 0 0 0 0 0 0 0 0 0 0 0 0 0 0 0 0 0 0 0 0 0 0 0 0 0 0 0 0 0 0 0 0 0 0 0 0 0 0 0 0 0 0 0 0 0 0 0 0 0 0 0 0 0 0 0 0 0 0 0 0 0 0 0 0 0 0 0 0 0 0 0 0 0 0 0 0 0 0 
0 0.017851 0.0111293 0.0116478 0.0131966 0.0421765 0.0138786 0.011413 0.00900324 0.0105049 0.0172499 0.0158206 0.00894933 0.0088385 0.0109064 0.0122372 0.0084326 0.00824116 0.00835456 0.0103452 0.00934378 0.00822319 0.00821484 0.00820703 0.00812343 0.00831958 0.00968669 0.0100651 0.00814033 0.00833998 0.00812143 0.00805109 0.00800968 0.00802899 0.00804538 0.00924036 0.0107448 0.00889524 0.00812829 0.00808688 0.00806424 0.00806427 0.00801595 0.00801383 0.00836587 
0.017851 0 0.00396177 0.00360557 0.00388354 0.00375031 0.425945 0.00955894 0.0252609 0.0114944 0.030793 0.0113521 0.020251 0.00877775 0.0147831 0.0345159 0.011452 0.0110368 0.00974224 0.0177573 0.0111923 0.00903774 0.0107105 0.0098709 0.0104101 0.00924883 0.0134656 0.00830824 0.00960348 0.00817129 0.00892074 0.0082802 0.00811018 0.00815568 0.00871078 0.0102627 0.0087018 0.00843245 0.00838859 0.00867091 0.00856416 0.00922956 0.00822643 0.00819864 0.0092997 
0.0111293 0.00396177 0 0.00362578 0.00359663 0.00359078 0.013874 0.649278 0.0144069 0.0719832 0.0133199 0.0155493 0.0103691 0.0206582 0.00938365 0.0119039 0.0326235 0.0169608 0.0208107 0.00933128 0.00984746 0.013498 0.015667 0.0235212 0.0148411 0.01207 0.0091497 0.00949727 0.00851591 0.00949711 0.00849292 0.00857178 0.00832463 0.00858417 0.00836799 0.00815803 0.00804038 0.0081544 0.00862215 0.00926102 0.00961641 0.00875433 0.00867552 0.00852858 0.00817285 
0.0116478 0.00360557 0.00362578 0 0.00355145 0.00358636 0.0206746 0.028218 0.608918 0.0244015 0.024145 0.0121487 0.0124516 0.014935 0.00938045 0.0104727 0.0436949 0.0432912 0.0179919 0.0101421 0.00967155 0.0184674 0.0263249 0.0466938 0.0301854 0.0118933 0.00880377 0.00940437 0.00857478 0.0116951 0.00897457 0.00900491 0.00854248 0.00894517 0.00871012 0.00828027 0.00802757 0.00846823 0.00896301 0.0106084 0.0111237 0.00960417 0.00938213 0.00839091 0.00839238 
0.0131966 0.00388354 0.00359663 0.00355145 0 0.0035419 0.0159111 0.0322446 0.0367969 0.668073 0.0189481 0.00978113 0.0318798 0.0120033 0.0106481 0.015299 0.0222885 0.0282698 0.0346908 0.0136319 0.010142 0.0106998 0.0295032 0.0199095 0.0249633 0.0110098 0.010495 0.00834782 0.0129441 0.00886427 0.0112037 0.00894881 0.00866236 0.00892188 0.00943538 0.00816446 0.00831515 0.00851536 0.00968755 0.0108056 0.0093822 0.0116329 0.00871073 0.00914077 0.00816765 
0.0421765 0.00375031 0.00359078 0.00358636 0.0035419 0 0.0152417 0.0275204 0.0170719 0.0300764 0.635644 0.0355515 0.00884077 0.0135831 0.0118448 0.0147831 0.0133724 0.0102513 0.0156428 0.013022 0.0117235 0.0112009 0.00971604 0.0115708 0.00982218 0.0119672 0.0091871 0.0187501 0.00811809 0.0110683 0.00814935 0.00830208 0.00818004 0.00818707 0.00817352 0.00863378 0.00832968 0.0090784 0.00873676 0.00859352 0.00945894 0.00815228 0.00880422 0.00829606 0.00809299 
0.0138786 0.425945 0.013874 0.0206746 0.0159111 0.0152417 0 0.00422093 0.00356926 0.00356463 0.00382754 0.0375441 0.0335311 0.00919216 0.0240037 0.0284825 0.0112445 0.0119383 0.00928692 0.0210663 0.0125488 0.00915706 0.0106846 0.009158 0.0110055 0.00887136 0.0133574 0.00866838 0.00991536 0.00815444 0.00898928 0.00822259 0.00817236 0.00812789 0.00847611 0.00888035 0.008508 0.00858471 0.00832856 0.00849509 0.00829715 0.0092728 0.00812015 0.00818757 0.0088359 
0.011413 0.00955894 0.649278 0.028218 0.0322446 0.0275204 0.00422093 0 0.00355462 0.00359324 0.00369227 0.303722 0.0157524 0.0816037 0.0100586 0.0116797 0.0632223 0.0120456 0.0384414 0.00918523 0.0105419 0.0252595 0.0118928 0.0391667 0.0117218 0.016263 0.00917154 0.0125426 0.00842956 0.0136137 0.00837231 0.00910215 0.00847031 0.00852208 0.00847196 0.00853345 0.00807142 0.0082256 0.00902872 0.00915168 0.0114494 0.00866562 0.00942314 0.00856086 0.00864016 
0.00900324 0.0252609 0.0144069 0.608918 0.0367969 0.0170719 0.00356926 0.00355462 0 0.00360372 0.00362446 0.0187789 0.406036 0.0151141 0.0125285 0.0168446 0.0263186 0.0978938 0.0140549 0.0113306 0.0116591 0.0136607 0.0770088 0.0318548 0.0678047 0.00998018 0.0101091 0.00873106 0.0125434 0.00927572 0.013284 0.00913316 0.00924474 0.00955517 0.00949993 0.00837002 0.00810157 0.00856468 0.00993209 0.0163619 0.0118247 0.017954 0.00967944 0.00889751 0.00840493 
0.0105049 0.0114944 0.0719832 0.0244015 0.668073 0.0300764 0.00356463 0.00359324 0.00360372 0 0.00355423 0.0291739 0.0184382 0.436877 0.0159533 0.0151784 0.0576131 0.0341518 0.0973812 0.0130973 0.010447 0.0235509 0.0248216 0.0494619 0.0270333 0.0275118 0.0101815 0.010277 0.00978864 0.0108777 0.00937258 0.00956503 0.00891878 0.00928573 0.0102265 0.0084347 0.00838702 0.00858948 0.0112016 0.011847 0.0126541 0.0118815 0.00979981 0.00910939 0.00846341 
0.0172499 0.030793 0.0133199 0.024145 0.0189481 0.635644 0.00382754 0.00369227 0.00362446 0.00355423 0 0.0284555 0.0162744 0.0288352 0.476104 0.0299786 0.0150258 0.0167399 0.0220792 0.0426285 0.0175679 0.0130905 0.0139237 0.0151641 0.0162362 0.0118297 0.0146731 0.016294 0.00861679 0.00989364 0.00878582 0.00863409 0.00846478 0.00841909 0.00851446 0.0092056 0.00903187 0.0118276 0.00920299 0.00964943 0.00981923 0.00883306 0.00882777 0.00864044 0.00844254 
0.0158206 0.0113521 0.0155493 0.0121487 0.00978113 0.0355515 0.0375441 0.303722 0.0187789 0.0291739 0.0284555 0 0.00362649 0.00434413 0.00532582 0.0229459 0.03344 0.0112279 0.0166538 0.0470671 0.0154137 0.0176893 0.0102051 0.014626 0.0105609 0.0148938 0.0147655 0.0310671 0.00826091 0.0156206 0.00834036 0.0100825 0.008633 0.00874525 0.00853321 0.0155661 0.00874122 0.0100025 0.00876089 0.00879394 0.0121967 0.00836914 0.0103233 0.00835541 0.0101191 
0.00894933 0.020251 0.0103691 0.0124516 0.0318798 0.00884077 0.0335311 0.0157524 0.406036 0.0184382 0.0162744 0.00362649 0 0.00360293 0.00365165 0.0354125 0.0187891 0.0290431 0.0285839 0.0130294 0.0136941 0.0109784 0.0305877 0.0128709 0.0243443 0.00937288 0.0116019 0.00822154 0.0235823 0.00834473 0.0139249 0.0083749 0.00858621 0.00901008 0.00980251 0.00820485 0.00829402 0.0083556 0.00948292 0.012027 0.00882027 0.0152627 0.00819662 0.00884832 0.00842213 
0.0088385 0.00877775 0.0206582 0.014935 0.0120033 0.0135831 0.00919216 0.0816037 0.0151141 0.436877 0.0288352 0.00434413 0.00360293 0 0.00359319 0.0109405 0.0718814 0.0363032 0.060265 0.0101367 0.0104105 0.0234511 0.0109806 0.0247402 0.0139647 0.0159388 0.00928078 0.0154887 0.00831965 0.0167546 0.00841254 0.00905378 0.00858452 0.00885678 0.00862008 0.00960921 0.00817376 0.00844862 0.00962516 0.0091128 0.0125436 0.00853597 0.0103528 0.00870383 0.00813229 
0.0109064 0.0147831 0.00938365 0.00938045 0.0106481 0.0118448 0.0240037 0.0100586 0.0125285 0.0159533 0.476104 0.00532582 0.00365165 0.00359319 0 0.0446755 0.0167329 0.0147932 0.0151512 0.0570043 0.0129428 0.0101118 0.0108576 0.0103482 0.0103056 0.00951789 0.0110916 0.0119304 0.00928227 0.00874407 0.00864971 0.00843725 0.00839027 0.00820742 0.00834551 0.00845213 0.0092491 0.010192 0.00887301 0.00913507 0.00848336 0.0085432 0.00828298 0.00822722 0.00823501 
0.0122372 0.0345159 0.0119039 0.0104727 0.015299 0.0147831 0.0284825 0.0116797 0.0168446 0.0151784 0.0299786 0.0229459 0.0354125 0.0109405 0.0446755 0 0.00381655 0.00355388 0.00356494 0.00415154 0.348732 0.0243855 0.0277051 0.0132978 0.0217117 0.0125917 0.0307272 0.0145733 0.013073 0.00923297 0.0108104 0.00912737 0.00872826 0.00915841 0.0099135 0.0143557 0.0102659 0.0109435 0.00984022 0.0106912 0.00975155 0.0129872 0.00878634 0.00931038 0.0154023 
0.0084326 0.011452 0.0326235 0.0436949 0.0222885 0.0133724 0.0112445 0.0632223 0.0263186 0.0576131 0.0150258 0.03344 0.0187891 0.0718814 0.0167329 0.00381655 0 0.00354921 0.00357256 0.00357676 0.0507991 0.476623 0.0377502 0.109815 0.0222973 0.0357791 0.0103728 0.0240323 0.0104787 0.0263198 0.0108336 0.0139768 0.0106931 0.0116779 0.0128303 0.00956924 0.00821198 0.00982969 0.0234149 0.0227091 0.045028 0.015322 0.0170543 0.0119844 0.00868091 
0.00824116 0.0110368 0.0169608 0.0432912 0.0282698 0.0102513 0.0119383 0.0120456 0.0978938 0.0341518 0.0167399 0.0112279 0.0290431 0.0363032 0.0147932 0.00355388 0.00354921 0 0.00353796 0.00355138 0.0453521 0.039144 0.475116 0.0499819 0.183228 0.011884 0.0114906 0.0108322 0.0152526 0.0135844 0.0183474 0.0120075 0.0110374 0.0160565 0.0126426 0.0092449 0.00837665 0.00926218 0.0159393 0.0436888 0.0236878 0.0376958 0.0148741 0.0111843 0.0086903 
0.00835456 0.00974224 0.0208107 0.0179919 0.0346908 0.0156428 0.00928692 0.0384414 0.0140549 0.0973812 0.0220792 0.0166538 0.0285839 0.060265 0.0151512 0.00356494 0.00357256 0.00353796 0 0.00379391 0.0153465 0.0808675 0.0266225 0.355453 0.0459955 0.117085 0.0111734 0.0125829 0.0111032 0.0138884 0.00936967 0.0111329 0.00995849 0.0109475 0.0153907 0.00973583 0.00886371 0.00934218 0.0195376 0.0154829 0.0208735 0.0132278 0.0130954 0.0113797 0.00884938 
0.0103452 0.0177573 0.00933128 0.0101421 0.0136319 0.013022 0.0210663 0.00918523 0.0113306 0.0130973 0.0426285 0.0470671 0.0130294 0.0101367 0.0570043 0.00415154 0.00357676 0.00355138 0.00379391 0 0.0209213 0.0129909 0.0389887 0.0174039 0.131717 0.0248588 0.0751844 0.0148969 0.0113525 0.00900271 0.00983315 0.00888844 0.00867879 0.00880349 0.00933552 0.0108869 0.0116256 0.0153845 0.00972655 0.0117354 0.009563 0.0103808 0.00917019 0.00906239 0.0099368 
0.00934378 0.0111923 0.00984746 0.00967155 0.010142 0.0117235 0.0125488 0.0105419 0.0116591 0.010447 0.0175679 0.0154137 0.0136941 0.0104105 0.0129428 0.348732 0.0507991 0.0453521 0.0153465 0.0209213 0 0.00371305 0.00355949 0.00358649 0.00354074 0.00384282 0.00513372 0.0341376 0.014113 0.0116019 0.0112551 0.00903122 0.00895099 0.00927265 0.0109312 0.0138149 0.00983286 0.0164355 0.0141872 0.0114252 0.0113492 0.0119597 0.010032 0.0249854 0.01566 
0.00822319 0.00903774 0.013498 0.0184674 0.0106998 0.0112009 0.00915706 0.0252595 0.0136607 0.0235509 0.0130905 0.0176893 0.0109784 0.0234511 0.0101118 0.0243855 0.476623 0.039144 0.0808675 0.0129909 0.00371305 0 0.0035415 0.00356955 0.00357484 0.0037608 0.00368623 0.0530428 0.0130035 0.0277809 0.0152225 0.0158399 0.00957894 0.0120242 0.0148297 0.0122939 0.00860332 0.0124149 0.037618 0.0157855 0.0388941 0.0109476 0.0682423 0.012068 0.010059 
0.00821484 0.0107105 0.015667 0.0263249 0.0295032 0.00971604 0.0106846 0.0118928 0.0770088 0.0248216 0.0139237 0.0102051 0.0305877 0.0109806 0.0108576 0.0277051 0.0377502 0.475116 0.0266225 0.0389887 0.00355949 0.0035415 0 0.00354677 0.00353182 0.0035807 0.0035661 0.012829 0.0523007 0.0119709 0.0371147 0.021773 0.0168706 0.0224922 0.017013 0.00989049 0.00902596 0.0150018 0.0217566 0.0962744 0.0235517 0.189597 0.0164494 0.0189466 0.00951039 
0.00820703 0.0098709 0.0235212 0.0466938 0.0199095 0.0115708 0.009158 0.0391667 0.0318548 0.0494619 0.0151641 0.014626 0.0128709 0.0247402 0.0103482 0.0132978 0.109815 0.0499819 0.355453 0.0174039 0.00358649 0.00356955 0.00354677 0 0.00353976 0.00355142 0.00355123 0.032814 0.0128126 0.0644544 0.0133927 0.0306761 0.0292098 0.0203593 0.0179253 0.0103565 0.00864388 0.0113265 0.046434 0.0397748 0.192876 0.0285081 0.0716221 0.0141626 0.00987497 
0.00812343 0.0104101 0.0148411 0.0301854 0.0249633 0.00982218 0.0110055 0.0117218 0.0678047 0.0270333 0.0162362 0.0105609 0.0243443 0.0139647 0.0103056 0.0217117 0.0222973 0.183228 0.0459955 0.131717 0.00354074 0.00357484 0.00353182 0.00353976 0 0.00354549 0.00353561 0.0137243 0.0436301 0.0143943 0.039821 0.0157488 0.0137176 0.0380927 0.0178411 0.0119024 0.0089198 0.0112154 0.0192936 0.115776 0.0310935 0.102019 0.0186071 0.0190842 0.00955902 
0.00831958 0.00924883 0.01207 0.0118933 0.0110098 0.0119672 0.00887136 0.016263 0.00998018 0.0275118 0.0118297 0.0148938 0.00937288 0.0159388 0.00951789 0.0125917 0.0357791 0.011884 0.117085 0.0248588 0.00384282 0.0037608 0.0035807 0.00355142 0.00354549 0 0.00353051 0.0195022 0.0130783 0.0265813 0.0120326 0.01258 0.0107818 0.0130271 0.0387589 0.0123655 0.00996101 0.0109556 0.0289839 0.0143483 0.0212761 0.0113502 0.0177475 0.0106586 0.00989628 
0.00968669 0.0134656 0.0091497 0.00880377 0.010495 0.0091871 0.0133574 0.00917154 0.0101091 0.0101815 0.0146731 0.0147655 0.0116019 0.00928078 0.0110916 0.0307272 0.0103728 0.0114906 0.0111734 0.0751844 0.00513372 0.00368623 0.0035661 0.00355123 0.00353561 0.00353051 0 0.0165711 0.0125771 0.0167433 0.0110637 0.00944745 0.00928685 0.00924187 0.0146793 0.0169519 0.0128432 0.0174501 0.0110011 0.0126281 0.00968976 0.0109826 0.00934348 0.0100202 0.00955814 
0.0100651 0.00830824 0.00949727 0.00940437 0.00834782 0.0187501 0.00866838 0.0125426 0.00873106 0.010277 0.016294 0.0310671 0.00822154 0.0154887 0.0119304 0.0145733 0.0240323 0.0108322 0.0125829 0.0148969 0.0341376 0.0530428 0.012829 0.032814 0.0137243 0.0195022 0.0165711 0 0.00381094 0.0040178 0.0036355 0.00385741 0.00415002 0.00749886 0.0047877 0.0127052 0.00704681 0.0195039 0.0251582 0.0109108 0.022553 0.00853781 0.0255324 0.0111571 0.183341 
0.00814033 0.00960348 0.00851591 0.00857478 0.0129441 0.00811809 0.00991536 0.00842956 0.0125434 0.00978864 0.00861679 0.00826091 0.0235823 0.00831965 0.00928227 0.013073 0.0104787 0.0152526 0.0111032 0.0113525 0.014113 0.0130035 0.0523007 0.0128126 0.0436301 0.0130783 0.0125771 0.00381094 0 0.00350354 0.00359649 0.00350245 0.00358521 0.00944293 0.0145702 0.00374881 0.00577303 0.00890743 0.0112572 0.0140448 0.00868497 0.0336521 0.00839672 0.189414 0.025538 
0.00833998 0.00817129 0.00949711 0.0116951 0.00886427 0.0110683 0.00815444 0.0136137 0.00927572 0.0108777 0.00989364 0.0156206 0.00834473 0.0167546 0.00874407 0.00923297 0.0263198 0.0135844 0.0138884 0.00900271 0.0116019 0.0277809 0.0119709 0.0644544 0.0143943 0.0265813 0.0167433 0.0040178 0.00350354 0 0.00354297 0.00357839 0.00367116 0.00377971 0.00357159 0.00394058 0.00485453 0.010785 0.0122469 0.00963832 0.0303715 0.00912419 0.298953 0.0255809 0.00879812 
0.00812143 0.00892074 0.00849292 0.00897457 0.0112037 0.00814935 0.00898928 0.00837231 0.013284 0.00937258 0.00878582 0.00834036 0.0139249 0.00841254 0.00864971 0.0108104 0.0108336 0.0183474 0.00936967 0.00983315 0.0112551 0.0152225 0.0371147 0.0133927 0.039821 0.0120326 0.0110637 0.0036355 0.00359649 0.00354297 0 0.00357789 0.00358178 0.00365082 0.00361926 0.0035959 0.00471434 0.00848613 0.00873139 0.0181716 0.0092086 0.241095 0.0210857 0.0114464 0.00921027 
0.00805109 0.0082802 0.00857178 0.00900491 0.00894881 0.00830208 0.00822259 0.00910215 0.00913316 0.00956503 0.00863409 0.0100825 0.0083749 0.00905378 0.00843725 0.00912737 0.0139768 0.0120075 0.0111329 0.00888844 0.00903122 0.0158399 0.021773 0.0306761 0.0157488 0.01258 0.00944745 0.00385741 0.00350245 0.00357839 0.00357789 0 0.00352737 0.00354236 0.00355665 0.00357091 0.0041496 0.00904664 0.0131186 0.0118941 0.191427 0.0272034 0.0176575 0.0111492 0.00884756 
0.00800968 0.00811018 0.00832463 0.00854248 0.00866236 0.00818004 0.00817236 0.00847031 0.00924474 0.00891878 0.00846478 0.008633 0.00858621 0.00858452 0.00839027 0.00872826 0.0106931 0.0110374 0.00995849 0.00867879 0.00895099 0.00957894 0.0168706 0.0292098 0.0137176 0.0107818 0.00928685 0.00415002 0.00358521 0.00367116 0.00358178 0.00352737 0 0.00357464 0.00353706 0.00353861 0.00395294 0.00867264 0.00971562 0.090176 0.0232515 0.0107239 0.0150815 0.0099846 0.00819416 
0.00802899 0.00815568 0.00858417 0.00894517 0.00892188 0.00818707 0.00812789 0.00852208 0.00955517 0.00928573 0.00841909 0.00874525 0.00901008 0.00885678 0.00820742 0.00915841 0.0116779 0.0160565 0.0109475 0.00880349 0.00927265 0.0120242 0.0224922 0.0203593 0.0380927 0.0130271 0.00924187 0.00749886 0.00944293 0.00377971 0.00365082 0.00354236 0.00357464 0 0.00355893 0.00353257 0.00377961 0.00921727 0.038368 0.0422372 0.0136972 0.0137185 0.0112507 0.00884416 0.00839757 
0.00804538 0.00871078 0.00836799 0.00871012 0.00943538 0.00817352 0.00847611 0.00847196 0.00949993 0.0102265 0.00851446 0.00853321 0.00980251 0.00862008 0.00834551 0.0099135 0.0128303 0.0126426 0.0153907 0.00933552 0.0109312 0.0148297 0.017013 0.0179253 0.0178411 0.0387589 0.0146793 0.0047877 0.0145702 0.00357159 0.00361926 0.00355665 0.00353706 0.00355893 0 0.00352821 0.00410703 0.0305644 0.0898898 0.0119335 0.0101949 0.0137996 0.00919831 0.0112158 0.00825289 
0.00924036 0.0102627 0.00815803 0.00828027 0.00816446 0.00863378 0.00888035 0.00853345 0.00837002 0.0084347 0.0092056 0.0155661 0.00820485 0.00960921 0.00845213 0.0143557 0.00956924 0.0092449 0.00973583 0.0108869 0.0138149 0.0122939 0.00989049 0.0103565 0.0119024 0.0123655 0.0169519 0.0127052 0.00374881 0.00394058 0.0035959 0.00357091 0.00353861 0.00353257 0.00352821 0 0.0392563 0.0774987 0.00868627 0.00833554 0.0108839 0.00717606 0.00725665 0.00719938 0.0087552 
0.0107448 0.0087018 0.00804038 0.00802757 0.00831515 0.00832968 0.008508 0.00807142 0.00810157 0.00838702 0.00903187 0.00874122 0.00829402 0.00817376 0.0092491 0.0102659 0.00821198 0.00837665 0.00886371 0.0116256 0.00983286 0.00860332 0.00902596 0.00864388 0.0089198 0.00996101 0.0128432 0.00704681 0.00577303 0.00485453 0.00471434 0.0041496 0.00395294 0.00377961 0.00410703 0.0392563 0 0.0246824 0.00761335 0.00425982 0.00432092 0.00503531 0.00496871 0.0055976 0.00861501 
0.00889524 0.00843245 0.0081544 0.00846823 0.00851536 0.0090784 0.00858471 0.0082256 0.00856468 0.00858948 0.0118276 0.0100025 0.0083556 0.00844862 0.010192 0.0109435 0.00982969 0.00926218 0.00934218 0.0153845 0.0164355 0.0124149 0.0150018 0.0113265 0.0112154 0.0109556 0.0174501 0.0195039 0.00890743 0.010785 0.00848613 0.00904664 0.00867264 0.00921727 0.0305644 0.0774987 0.0246824 0 0.00358559 0.00355651 0.00355262 0.00362002 0.0036267 0.00362511 0.0137685 
0.00812829 0.00838859 0.00862215 0.00896301 0.00968755 0.00873676 0.00832856 0.00902872 0.00993209 0.0112016 0.00920299 0.00876089 0.00948292 0.00962516 0.00887301 0.00984022 0.0234149 0.0159393 0.0195376 0.00972655 0.0141872 0.037618 0.0217566 0.046434 0.0192936 0.0289839 0.0110011 0.0251582 0.0112572 0.0122469 0.00873139 0.0131186 0.00971562 0.038368 0.0898898 0.00868627 0.00761335 0.00358559 0 0.00356023 0.00354457 0.00357216 0.00353686 0.00680608 0.00416094 
0.00808688 0.00867091 0.00926102 0.0106084 0.0108056 0.00859352 0.00849509 0.00915168 0.0163619 0.011847 0.00964943 0.00879394 0.012027 0.0091128 0.00913507 0.0106912 0.0227091 0.0436888 0.0154829 0.0117354 0.0114252 0.0157855 0.0962744 0.0397748 0.115776 0.0143483 0.0126281 0.0109108 0.0140448 0.00963832 0.0181716 0.0118941 0.090176 0.0422372 0.0119335 0.00833554 0.00425982 0.00355651 0.00356023 0 0.00353637 0.00355924 0.00356068 0.00358088 0.00364381 
0.00806424 0.00856416 0.00961641 0.0111237 0.0093822 0.00945894 0.00829715 0.0114494 0.0118247 0.0126541 0.00981923 0.0121967 0.00882027 0.0125436 0.00848336 0.00975155 0.045028 0.0236878 0.0208735 0.009563 0.0113492 0.0388941 0.0235517 0.192876 0.0310935 0.0212761 0.00968976 0.022553 0.00868497 0.0303715 0.0092086 0.191427 0.0232515 0.0136972 0.0101949 0.0108839 0.00432092 0.00355262 0.00354457 0.00353637 0 0.0035305 0.00357788 0.00353778 0.00373707 
0.00806427 0.00922956 0.00875433 0.00960417 0.0116329 0.00815228 0.0092728 0.00866562 0.017954 0.0118815 0.00883306 0.00836914 0.0152627 0.00853597 0.0085432 0.0129872 0.015322 0.0376958 0.0132278 0.0103808 0.0119597 0.0109476 0.189597 0.0285081 0.102019 0.0113502 0.0109826 0.00853781 0.0336521 0.00912419 0.241095 0.0272034 0.0107239 0.0137185 0.0137996 0.00717606 0.00503531 0.00362002 0.00357216 0.00355924 0.0035305 0 0.0035233 0.00354339 0.00356887 
0.00801595 0.00822643 0.00867552 0.00938213 0.00871073 0.00880422 0.00812015 0.00942314 0.00967944 0.00979981 0.00882777 0.0103233 0.00819662 0.0103528 0.00828298 0.00878634 0.0170543 0.0148741 0.0130954 0.00917019 0.010032 0.0682423 0.0164494 0.0716221 0.0186071 0.0177475 0.00934348 0.0255324 0.00839672 0.298953 0.0210857 0.0176575 0.0150815 0.0112507 0.00919831 0.00725665 0.00496871 0.0036267 0.00353686 0.00356068 0.00357788 0.0035233 0 0.00357198 0.00354302 
0.00801383 0.00819864 0.00852858 0.00839091 0.00914077 0.00829606 0.00818757 0.00856086 0.00889751 0.00910939 0.00864044 0.00835541 0.00884832 0.00870383 0.00822722 0.00931038 0.0119844 0.0111843 0.0113797 0.00906239 0.0249854 0.012068 0.0189466 0.0141626 0.0190842 0.0106586 0.0100202 0.0111571 0.189414 0.0255809 0.0114464 0.0111492 0.0099846 0.00884416 0.0112158 0.00719938 0.0055976 0.00362511 0.00680608 0.00358088 0.00353778 0.00354339 0.00357198 0 0.0036492 
0.00836587 0.0092997 0.00817285 0.00839238 0.00816765 0.00809299 0.0088359 0.00864016 0.00840493 0.00846341 0.00844254 0.0101191 0.00842213 0.00813229 0.00823501 0.0154023 0.00868091 0.0086903 0.00884938 0.0099368 0.01566 0.010059 0.00951039 0.00987497 0.00955902 0.00989628 0.00955814 0.183341 0.025538 0.00879812 0.00921027 0.00884756 0.00819416 0.00839757 0.00825289 0.0087552 0.00861501 0.0137685 0.00416094 0.00364381 0.00373707 0.00356887 0.00354302 0.0036492 0 
