1QH3B
MKVEVLPALTDNYMYLVIDDETKEAAIVDPVQPQKVVDAARKHGVKLTTVLTTHHHWDHAGGNEKLVKLESGLKVYGGDDRIGALTHKITHLSTLQVGSLNVKCLATPCHTSGHICYFVSKPGGSEPPAVFTGDTLFVAGCGKFYEGTADEMCKALLEVLGRLPPDTRVYCGHEYTINNLKFARHVEPGNAAIREKLAWAKEKYSIGEPTVPSTLAEEFTYNPFMRVREKTVQQHAGETDPVTTMRAVRREKDQFKMPRD
CEEEEEEECCCEEEEEEECCCCCEEEEECCCCHHHHHHHHHHCCCEEEEEECCCCCHHHHCCHHHHHHHCCCCEEEECCCCCCCCCEECCCCCEEEECCEEEEEEECCCCCCCCEEEEEECCCCCCCCEEEEECCEECCEECCCCCCCHHHHHHHHHCCHHHCCCCCEEEECECCHHHHHHHHHHHCCCCHHHHHHHHHHHHHHHCCCCCCCEEHHHHHHHCCCCCCCCHHHHHHHCCCCHHHHHHHHHHHHHCCCCCCC
0 0 0 0 0 0 0 0 0 0 0 0 0 0 0 0 0 0 0 0 0 0 0 0 0 0 0 0 0 0 0 0 0 0 0 0 0 0 0 0 0 0 0 0 0 0 0 0 0 0 0 0 0 0 0 0 0 0 0 0 0 0 0 0 0 0 0 0 0 0 0 0 0 0 0 0 0 0 0 0 0 0 0 0 0 0 0 0 0 0 0 0 0 0 0 0 0 0 0 0 0 0 0 0 0 0 0 0 0 0 0 0 0 0 0 0 0 0 0 0 0 0 0 0 0 0 0 0 0 0 0 0 0 0 0 0 0 0 0 0 0 0 0 0 0 0 0 0 0 0 0 0 0 0 0 0 0 0 0 0 0 0 0 0 0 0 0 0 0 0 0 0 0 0 0 0 0 0 0 0 0 0 0 0 0 0 0 0 0 0 0 0 0 0 0 0 0 0 0 0 0 0 0 0 0 0 0 0 0 0 0 0 0 0 0 0 0 0 0 0 0 0 0 0 0 0 0 0 0 0 0 0 0 0 0 0 0 0 0 0 0 0 0 0 0 0 0 0 0 0 0 0 0 0 0 0 0 0 0 0 
0 0 0 0 0 0 0 0 0 0 0 0 0 0 0 0 0 0 0 0 0 0 0 0 0 0 0 0 0 0 0 0 0 0 0 0 0 0 0 0 0 0 0 0 0 0 0 0 0 0 0 0 0 0 0 0 0 0 0 0 0 0 0 0 0 0 0 0 0 0 0 0 0 0 0 0 0 0 0 0 0 0 0 0 0 0 0 0 0 0 0 0 0 0 0 0 0 0 0 0 0 0 0 0 0 0 0 0 0 0 0 0 0 0 0 0 0 0 0 0 0 0 0 0 0 0 0 0 0 0 0 0 0 0 0 0 0 0 0 0 0 0 0 0 0 0 0 0 0 0 0 0 0 0 0 0 0 0 0 0 0 0 0 0 0 0 0 0 0 0 0 0 0 0 0 0 0 0 0 0 0 0 0 0 0 0 0 0 0 0 0 0 0 0 0 0 0 0 0 0 0 0 0 0 0 0 0 0 0 0 0 0 0 0 0 0 0 0 0 0 0 0 0 0 0 0 0 0 0 0 0 0 0 0 0 0 0 0 0 0 0 0 0 0 0 0 0 0 0 0 0 0 0 0 0 0 0 0 0 0 
0 0.00382541 0.00377977 0.0038899 0.00367909 0.00527642 0.00481954 0.00828062 0.00756299 0.0104434 0.0181295 0.0128059 0.102211 0.88955 0.0628285 0.0114513 0.0341203 0.0154112 0.0302216 0.0694238 0.0107884 0.0316341 0.0162524 0.0139702 0.0271345 0.0231817 0.00959489 0.0131223 0.0120613 0.00929157 0.0104365 0.0165164 0.00832972 0.0116103 0.00961873 0.0102707 0.0110298 0.00838245 0.0144382 0.00928158 0.0102417 0.0134334 0.00929009 0.00950575 0.0103617 0.00966549 0.00868748 0.012007 0.0102124 0.0105988 0.00950191 0.00909243 0.00929673 0.0086058 0.00940441 0.0084796 0.00853029 0.00925456 0.00853977 0.00834546 0.00885427 0.00835981 0.00825563 0.0085002 
0.00382541 0 0.0037106 0.00367295 0.00409648 0.00368869 0.00427783 0.00468493 0.00820659 0.00654778 0.00967938 0.0324829 0.876764 0.0304312 0.00913375 0.0654406 0.0113889 0.0210514 0.0178756 0.0090458 0.083631 0.00990734 0.0220832 0.0211809 0.0115458 0.0086387 0.029744 0.00914848 0.00911427 0.00921882 0.00824063 0.00815535 0.0217608 0.00823038 0.00967518 0.0102464 0.00820808 0.0169421 0.00832076 0.0145003 0.00967217 0.00871236 0.00910431 0.009053 0.0102857 0.00946401 0.00951506 0.00883979 0.00917927 0.00908135 0.00946175 0.00862653 0.00852503 0.00847662 0.00848168 0.00812154 0.00815829 0.0080451 0.00899882 0.00828883 0.00825494 0.00799076 0.00838721 0.00803438 
0.00377977 0.0037106 0 0.003639 0.00362828 0.00365341 0.0036419 0.00456907 0.00559546 0.00767688 0.0154572 0.86292 0.0142994 0.00790821 0.0111247 0.00939032 0.042998 0.0169818 0.00954629 0.0147387 0.00977354 0.0386223 0.0296932 0.0133597 0.00992101 0.0113404 0.00930651 0.0104135 0.00880885 0.00839346 0.00835066 0.00972214 0.00864967 0.0104198 0.00882884 0.00831742 0.0101275 0.00858931 0.0153835 0.0104215 0.00974653 0.00881188 0.00843713 0.00966342 0.0128327 0.0116935 0.0087037 0.00851304 0.00860937 0.0102247 0.0100269 0.00870534 0.00882393 0.00853875 0.00835177 0.00831555 0.00804333 0.00867848 0.00886748 0.00849663 0.00857823 0.00804527 0.00804895 0.00812096 
0.0038899 0.00367295 0.003639 0 0.00361447 0.00363283 0.00361641 0.00407996 0.00612241 0.00924656 0.941201 0.0134342 0.00822259 0.00726726 0.00902385 0.0119421 0.0199131 0.0236672 0.0105119 0.0124479 0.0103041 0.029059 0.0280652 0.0126007 0.0100646 0.0116347 0.00976621 0.0105824 0.00892438 0.00824087 0.00819113 0.00898314 0.00896769 0.0100735 0.00829569 0.00854165 0.00899249 0.00950988 0.0120657 0.0103424 0.00932041 0.00853231 0.00851518 0.00924237 0.0126143 0.0105329 0.00859876 0.00831147 0.00880933 0.00978789 0.00993062 0.00883118 0.00826599 0.00824054 0.00828222 0.00812202 0.00804086 0.00832521 0.0084883 0.00857783 0.0081801 0.0079706 0.00807699 0.00801373 
0.00367909 0.00409648 0.00362828 0.00361447 0 0.003606 0.00362179 0.00374888 0.0052869 0.92677 0.00950778 0.00740776 0.0065998 0.00689583 0.00768676 0.0127478 0.0115333 0.012843 0.0107748 0.00866163 0.0263033 0.0103179 0.0212649 0.0173828 0.00993098 0.00841162 0.01521 0.00901736 0.00882019 0.00834497 0.0080598 0.00812184 0.012626 0.00822155 0.00872549 0.00889871 0.00827447 0.013933 0.00847649 0.0135678 0.00874135 0.00852219 0.0085098 0.00896782 0.0111163 0.0103121 0.00857094 0.00839765 0.00842019 0.0089302 0.0104966 0.0085457 0.00852171 0.00831332 0.00833565 0.00818755 0.00810887 0.00803441 0.00864838 0.00830172 0.00858571 0.00799114 0.00810308 0.00801306 
0.00527642 0.00368869 0.00365341 0.00363283 0.003606 0 0.00361804 0.00384401 0.956265 0.00957641 0.00665953 0.00615299 0.00802602 0.00719047 0.0130238 0.00899569 0.0150292 0.0171734 0.00976706 0.0286737 0.00927239 0.014833 0.0116479 0.0162295 0.0109518 0.0139417 0.00900659 0.0172824 0.00873433 0.00843338 0.00854179 0.0105473 0.00843672 0.0132134 0.0083174 0.00846603 0.0117821 0.00821916 0.0108222 0.00857999 0.00985037 0.00838994 0.0085565 0.00906714 0.0100162 0.00891778 0.00845957 0.00818394 0.00898352 0.00958086 0.00861883 0.00866561 0.00816004 0.00845152 0.00834824 0.00819832 0.00808872 0.00866083 0.00828988 0.00835439 0.00814323 0.00797938 0.00800362 0.00810784 
0.00481954 0.00427783 0.0036419 0.00361641 0.00362179 0.00361804 0 0.960233 0.00567044 0.00517511 0.00420624 0.00494648 0.006511 0.00845058 0.00922574 0.0104029 0.00914377 0.011927 0.0244195 0.0120657 0.0129848 0.00919066 0.00991412 0.0105962 0.0182822 0.0108378 0.0101662 0.00872626 0.0139845 0.00948321 0.00849282 0.00944195 0.010919 0.00818093 0.0105723 0.0136291 0.00824928 0.0094725 0.00828874 0.00891855 0.00865767 0.00965811 0.0107846 0.00867774 0.00856837 0.00865774 0.00847729 0.00882545 0.0102138 0.00867949 0.00852888 0.00822542 0.00834842 0.00884152 0.00851539 0.00823182 0.0082781 0.00844384 0.00816669 0.00808356 0.00813723 0.00826775 0.00827325 0.00800924 
0.00828062 0.00468493 0.00456907 0.00407996 0.00374888 0.00384401 0.960233 0 0.00360682 0.00355872 0.00354564 0.00358548 0.0035908 0.00426644 0.00807199 0.00626309 0.0075931 0.00870242 0.0205312 0.0385822 0.00996884 0.012626 0.0104318 0.0115538 0.0187738 0.0114056 0.00899082 0.00944514 0.0110835 0.00848089 0.00950096 0.00926426 0.00842909 0.00850703 0.0100465 0.00840608 0.00849675 0.00835085 0.00862822 0.00887692 0.00860544 0.0120984 0.00849219 0.00836415 0.00879385 0.00851017 0.00849831 0.0105693 0.00851619 0.00853477 0.00840735 0.00835744 0.0104142 0.00827034 0.00904428 0.00815961 0.00821572 0.00832897 0.0081139 0.00807796 0.00812913 0.00814755 0.00811584 0.00833001 
0.00756299 0.00820659 0.00559546 0.00612241 0.0052869 0.956265 0.00567044 0.00360682 0 0.0035388 0.00355599 0.00356215 0.00356654 0.00392455 0.0061253 0.00752267 0.00767783 0.0200446 0.0145134 0.0135837 0.0390014 0.011968 0.0179127 0.0276279 0.0118864 0.00907996 0.01312 0.0124989 0.00972128 0.00847637 0.00839616 0.00843292 0.00975623 0.00973188 0.00874086 0.00855785 0.00918704 0.0090583 0.00998234 0.0111826 0.012443 0.00957935 0.00849925 0.0102813 0.0111499 0.0108464 0.00965221 0.00923074 0.00869241 0.0103683 0.00964999 0.00931673 0.00903833 0.00847168 0.00851129 0.00823837 0.00819784 0.00811679 0.00860586 0.00853348 0.00841814 0.00797293 0.00818313 0.00810915 
0.0104434 0.00654778 0.00767688 0.00924656 0.92677 0.00957641 0.00517511 0.00355872 0.0035388 0 0.00353799 0.00360643 0.00357318 0.0035936 0.0058474 0.00701193 0.0136875 0.0169142 0.0674056 0.0248172 0.0169702 0.0250371 0.0386945 0.0275596 0.0144691 0.00937879 0.0199095 0.0135142 0.0108591 0.00837104 0.0082644 0.0084062 0.0120611 0.00948764 0.00969292 0.00886544 0.00885256 0.014963 0.0117375 0.0301557 0.0126975 0.00944824 0.00922075 0.0111821 0.0242364 0.0167394 0.0101273 0.00892591 0.00907574 0.0118473 0.0163341 0.00960517 0.0089697 0.00858358 0.00864186 0.00828091 0.00814126 0.00812037 0.00894749 0.0088628 0.0086306 0.00803904 0.00806042 0.0080249 
0.0181295 0.00967938 0.0154572 0.941201 0.00950778 0.00665953 0.00420624 0.00354564 0.00355599 0.00353799 0 0.00354294 0.00353695 0.00358987 0.00647381 0.00975897 0.0163121 0.0677946 0.731023 0.0133944 0.0152638 0.0499912 0.0572957 0.0273224 0.0193698 0.0132229 0.0187071 0.0229719 0.0130794 0.00862788 0.00861325 0.00932444 0.0122413 0.0152385 0.0114245 0.00967456 0.0130202 0.0138473 0.034165 0.0275932 0.0185274 0.0111698 0.0103246 0.0176124 0.0387243 0.0331548 0.0124362 0.00931256 0.0104026 0.0226077 0.0224079 0.012849 0.00964855 0.00941215 0.00927552 0.00860043 0.00837175 0.0085358 0.00985866 0.00956976 0.00919775 0.00813192 0.00826705 0.00814198 
0.0128059 0.0324829 0.86292 0.0134342 0.00740776 0.00615299 0.00494648 0.00358548 0.00356215 0.00360643 0.00354294 0 0.00353809 0.0035589 0.00527117 0.0113293 0.067718 0.794391 0.0111877 0.0123139 0.0313933 0.033308 0.0575275 0.0382416 0.0164097 0.0103788 0.0364712 0.020322 0.011729 0.00860366 0.00860544 0.0088746 0.0181506 0.0120853 0.0104741 0.0100961 0.00977763 0.0283478 0.0160885 0.0376325 0.0157654 0.00999065 0.0112738 0.0183706 0.0420726 0.0327561 0.0121754 0.00917485 0.0109041 0.018498 0.0293122 0.0114486 0.00917433 0.00914388 0.00942219 0.00857401 0.00842124 0.00837426 0.00969462 0.00961455 0.00927348 0.00814211 0.00826934 0.00818741 
0.102211 0.876764 0.0142994 0.00822259 0.0065998 0.00802602 0.006511 0.0035908 0.00356654 0.00357318 0.00353695 0.00353809 0 0.00354025 0.016315 0.0607274 0.755052 0.0282787 0.0125999 0.0151184 0.0166163 0.0201934 0.0300247 0.0794804 0.0312759 0.0114638 0.0203209 0.0418441 0.0156459 0.00931143 0.00888191 0.00917941 0.0110692 0.0204303 0.0113929 0.00964516 0.0135743 0.00986759 0.0141069 0.0156961 0.0231933 0.010516 0.0115416 0.0166408 0.0271898 0.0177082 0.0130408 0.00913489 0.0105642 0.0160852 0.0158496 0.0146768 0.00896689 0.00945424 0.00995294 0.00884294 0.00851127 0.00843717 0.00917598 0.00917195 0.00868967 0.00810795 0.00817572 0.00820561 
0.88955 0.0304312 0.00790821 0.00726726 0.00689583 0.00719047 0.00845058 0.00426644 0.00392455 0.0035936 0.00358987 0.0035589 0.00354025 0 0.114673 0.628512 0.00997575 0.0136808 0.027927 0.0266534 0.0219853 0.0127472 0.0137769 0.018891 0.0798366 0.0201967 0.0114098 0.0122279 0.0360701 0.0110718 0.00971079 0.013445 0.0111745 0.00924688 0.0168413 0.0187909 0.0091198 0.00971081 0.00917599 0.009756 0.0100865 0.0162977 0.0158675 0.0099627 0.010087 0.0100459 0.00932499 0.0104295 0.0159242 0.00999738 0.00986721 0.0095362 0.0105021 0.0114062 0.0104078 0.00995306 0.0092089 0.00944783 0.00838651 0.00850283 0.0084198 0.0088629 0.00853512 0.00824804 
0.0628285 0.00913375 0.0111247 0.00902385 0.00768676 0.0130238 0.00922574 0.00807199 0.0061253 0.0058474 0.00647381 0.00527117 0.016315 0.114673 0 0.00371645 0.00355788 0.00360545 0.00396748 0.486673 0.0155231 0.0134951 0.0112933 0.0127903 0.0183403 0.035157 0.00904944 0.0101587 0.010696 0.00980523 0.0105495 0.0149818 0.00835902 0.0103418 0.00961784 0.00870879 0.0100784 0.00821399 0.01028 0.00840732 0.00898155 0.0111272 0.0088493 0.00849827 0.00866957 0.00865732 0.00859762 0.0105738 0.0097735 0.00868592 0.00844834 0.00859187 0.0093263 0.00868841 0.0095506 0.00837981 0.00830708 0.00950408 0.00807651 0.00823642 0.00815655 0.00835885 0.00823975 0.00849981 
0.0114513 0.0654406 0.00939032 0.0119421 0.0127478 0.00899569 0.0104029 0.00626309 0.00752267 0.00701193 0.00975897 0.0113293 0.0607274 0.628512 0.00371645 0 0.00354538 0.00359757 0.00373162 0.0245749 0.410122 0.0544168 0.0209995 0.024576 0.0126855 0.0103574 0.0466009 0.0102657 0.00983893 0.00937913 0.0091967 0.00857355 0.019542 0.00890238 0.00972656 0.00991115 0.00859492 0.0163858 0.0090708 0.0167871 0.0101118 0.00932934 0.0096524 0.0116256 0.0127412 0.0118379 0.00981887 0.00915959 0.00965595 0.011191 0.0111067 0.00952307 0.00913048 0.0090581 0.00894299 0.00832637 0.00831403 0.00816071 0.00907615 0.00841716 0.00858394 0.00800687 0.0083932 0.00806282 
0.0341203 0.0113889 0.042998 0.0199131 0.0115333 0.0150292 0.00914377 0.0075931 0.00767783 0.0136875 0.0163121 0.067718 0.755052 0.00997575 0.00355788 0.00354538 0 0.00361844 0.00364213 0.0457063 0.0261299 0.142524 0.236901 0.0261838 0.018039 0.0151282 0.0215923 0.0239727 0.011007 0.00871182 0.00877134 0.0100159 0.012116 0.0200169 0.0099135 0.00940533 0.0148849 0.0122681 0.034473 0.0219265 0.0168616 0.0104079 0.010698 0.0183474 0.0391069 0.0297007 0.0110284 0.00922963 0.0109163 0.0225069 0.0274463 0.0115459 0.00919597 0.00908783 0.00942179 0.00866112 0.00838737 0.00862185 0.00938219 0.00982621 0.00963974 0.00816876 0.0083345 0.00820127 
0.0154112 0.0210514 0.0169818 0.0236672 0.012843 0.0171734 0.011927 0.00870242 0.0200446 0.0169142 0.0677946 0.794391 0.0282787 0.0136808 0.00360545 0.00359757 0.00361844 0 0.0035865 0.0213751 0.0515837 0.0452004 0.111337 0.443194 0.0405467 0.012315 0.0247498 0.0592415 0.0217208 0.00960535 0.00985273 0.00976849 0.0136398 0.026746 0.014195 0.0102585 0.0133912 0.0122229 0.0133535 0.0200361 0.0304436 0.0122247 0.0110171 0.0209658 0.0287985 0.0234623 0.0188021 0.00954559 0.011064 0.0237141 0.0217299 0.0194456 0.00999717 0.0104111 0.0110941 0.00945872 0.00877697 0.00866591 0.00973599 0.00970214 0.00906948 0.00817196 0.00831415 0.008326 
0.0302216 0.0178756 0.00954629 0.0105119 0.0107748 0.00976706 0.0244195 0.0205312 0.0145134 0.0674056 0.731023 0.0111877 0.0125999 0.027927 0.00396748 0.00373162 0.00364213 0.0035865 0 0.02638 0.0317426 0.0301412 0.039128 0.139774 0.523902 0.0150901 0.016109 0.0175779 0.063847 0.0121055 0.0104805 0.0132843 0.0124436 0.00943513 0.0383396 0.0219683 0.00907721 0.0119887 0.00922024 0.0139047 0.0120538 0.0230062 0.0189539 0.0117043 0.0132656 0.0119933 0.0109967 0.0115744 0.0177266 0.0111262 0.0133746 0.010996 0.0142769 0.0128332 0.0115548 0.0106485 0.00956137 0.00935692 0.00878244 0.00881575 0.00919769 0.00904246 0.0084472 0.00824088 
0.0694238 0.0090458 0.0147387 0.0124479 0.00866163 0.0286737 0.0120657 0.0385822 0.0135837 0.0248172 0.0133944 0.0123139 0.0151184 0.0266534 0.486673 0.0245749 0.0457063 0.0213751 0.02638 0 0.00387614 0.00365119 0.00374808 0.00381685 0.00546336 0.320278 0.0100848 0.0184916 0.0131318 0.0121976 0.0172348 0.0324282 0.0086325 0.0211519 0.0110464 0.00917784 0.0166592 0.00844398 0.0170722 0.0089285 0.0144453 0.0165508 0.00984024 0.0100558 0.0102699 0.00999332 0.00995765 0.0154158 0.0105427 0.0104353 0.00919946 0.010881 0.0100297 0.00959687 0.010677 0.00934165 0.00897122 0.0111951 0.00810911 0.00965177 0.0084307 0.00904043 0.00844122 0.00937428 
0.0107884 0.083631 0.00977354 0.0103041 0.0263033 0.00927239 0.0129848 0.00996884 0.0390014 0.0169702 0.0152638 0.0313933 0.0166163 0.0219853 0.0155231 0.410122 0.0261299 0.0515837 0.0317426 0.00387614 0 0.0035612 0.0035816 0.00362934 0.00362348 0.018579 0.340914 0.0105692 0.0131624 0.0109868 0.0093065 0.00876039 0.0589791 0.0088546 0.0143876 0.0140698 0.00872203 0.0411865 0.00897544 0.0359544 0.0116746 0.0108363 0.0107191 0.0149399 0.0155427 0.0150912 0.0127522 0.00954119 0.0107315 0.0129756 0.0167451 0.00982735 0.00958001 0.00965003 0.00942589 0.00858088 0.00867481 0.00816194 0.0114179 0.00870936 0.00892658 0.00806081 0.00865168 0.00809147 
0.0316341 0.00990734 0.0386223 0.029059 0.0103179 0.014833 0.00919066 0.012626 0.011968 0.0250371 0.0499912 0.033308 0.0201934 0.0127472 0.0134951 0.0544168 0.142524 0.0452004 0.0301412 0.00365119 0.0035612 0 0.00355583 0.00357438 0.0035709 0.171284 0.0201662 0.0621603 0.0106192 0.00903452 0.00920332 0.0146171 0.00944819 0.0263376 0.00943586 0.00927871 0.0203074 0.00978549 0.0577801 0.0137484 0.0167857 0.0114157 0.00999757 0.015593 0.0384471 0.027247 0.010991 0.00941171 0.0103621 0.0224706 0.0238036 0.0120494 0.00925119 0.00899769 0.00903073 0.0086095 0.00835635 0.00878673 0.00883882 0.0103726 0.00881799 0.00810426 0.00815764 0.00809637 
0.0162524 0.0220832 0.0296932 0.0280652 0.0212649 0.0116479 0.00991412 0.0104318 0.0179127 0.0386945 0.0572957 0.0575275 0.0300247 0.0137769 0.0112933 0.0209995 0.236901 0.111337 0.039128 0.00374808 0.0035816 0.00355583 0 0.00359751 0.00356122 0.0875847 0.165464 0.0239998 0.0212819 0.0092295 0.00953343 0.0103641 0.023119 0.0124899 0.0117321 0.0125661 0.0114286 0.0268465 0.016093 0.0445134 0.0176091 0.0112589 0.0120568 0.0279458 0.0534917 0.0441525 0.0131153 0.00991956 0.0124189 0.0307795 0.0479778 0.0145327 0.0101774 0.0096568 0.00994289 0.00913796 0.00855315 0.00869272 0.010913 0.0100586 0.0100654 0.00809234 0.008276 0.00817042 
0.0139702 0.0211809 0.0133597 0.0126007 0.0173828 0.0162295 0.0105962 0.0115538 0.0276279 0.0275596 0.0273224 0.0382416 0.0794804 0.018891 0.0127903 0.024576 0.0261838 0.443194 0.139774 0.00381685 0.00362934 0.00357438 0.00359751 0 0.00361825 0.0189434 0.12818 0.314321 0.0361588 0.0124037 0.00994351 0.0116064 0.0150255 0.0281996 0.0125929 0.0109431 0.0166877 0.0113631 0.0161519 0.0190929 0.0431487 0.0126132 0.0134925 0.0290713 0.0343723 0.0269083 0.0228992 0.00969424 0.0137964 0.0286453 0.0286964 0.0283086 0.010169 0.0114441 0.0113205 0.0104926 0.00897658 0.00940764 0.00974354 0.0113817 0.00922996 0.00817024 0.0083894 0.00826964 
0.0271345 0.0115458 0.00992101 0.0100646 0.00993098 0.0109518 0.0182822 0.0187738 0.0118864 0.0144691 0.0193698 0.0164097 0.0312759 0.0798366 0.0183403 0.0126855 0.018039 0.0405467 0.523902 0.00546336 0.00362348 0.0035709 0.00356122 0.00361825 0 0.0200547 0.0218006 0.216932 0.373475 0.0125903 0.0134276 0.0151918 0.0142794 0.0119186 0.0449616 0.0255054 0.00959271 0.0118686 0.00962046 0.0131961 0.0146946 0.0384484 0.0205633 0.0132996 0.0160503 0.0141388 0.013022 0.016838 0.0207311 0.0121765 0.0150252 0.0140539 0.0198947 0.0140753 0.0159726 0.0120667 0.0122395 0.0112104 0.00919253 0.00923095 0.0141207 0.00906409 0.00858289 0.00840979 
0.0231817 0.0086387 0.0113404 0.0116347 0.00841162 0.0139417 0.0108378 0.0114056 0.00907996 0.00937879 0.0132229 0.0103788 0.0114638 0.0201967 0.035157 0.0103574 0.0151282 0.012315 0.0150901 0.320278 0.018579 0.171284 0.0875847 0.0189434 0.0200547 0 0.00421521 0.00364921 0.0041761 0.014105 0.0196186 0.0760389 0.00822769 0.0393965 0.0115269 0.0108722 0.0204332 0.00840624 0.0386662 0.00910021 0.0140538 0.0192935 0.0149192 0.0107294 0.013967 0.012185 0.0110555 0.0203837 0.0176709 0.0135056 0.00965571 0.0114847 0.0109454 0.0105298 0.0109728 0.00998173 0.0097833 0.0129979 0.00821841 0.0098216 0.00890952 0.00888194 0.00843976 0.0092643 
0.00959489 0.029744 0.00930651 0.00976621 0.01521 0.00900659 0.0101662 0.00899082 0.01312 0.0199095 0.0187071 0.0364712 0.0203209 0.0114098 0.00904944 0.0466009 0.0215923 0.0247498 0.016109 0.0100848 0.340914 0.0201662 0.165464 0.12818 0.0218006 0.00421521 0 0.00363521 0.00353958 0.0190676 0.0116577 0.00851677 0.213008 0.00925618 0.0149907 0.0204754 0.00885989 0.0542275 0.00920985 0.0459346 0.0144599 0.0111729 0.0135708 0.0310419 0.0296789 0.0240282 0.0164733 0.010216 0.0138721 0.0245096 0.0344858 0.0118943 0.0112041 0.0121518 0.0118585 0.00918788 0.00941763 0.0083518 0.0190843 0.00916056 0.0101128 0.00810276 0.0086176 0.00810222 
0.0131223 0.00914848 0.0104135 0.0105824 0.00901736 0.0172824 0.00872626 0.00944514 0.0124989 0.0135142 0.0229719 0.020322 0.0418441 0.0122279 0.0101587 0.0102657 0.0239727 0.0592415 0.0175779 0.0184916 0.0105692 0.0621603 0.0239998 0.314321 0.216932 0.00364921 0.00363521 0 0.00357679 0.0631694 0.0300134 0.0289894 0.00969072 0.124162 0.0143617 0.00994337 0.0325519 0.0090399 0.0261129 0.0118234 0.0794415 0.0133599 0.0134925 0.0243418 0.0240921 0.025293 0.0239738 0.0103673 0.0123312 0.0293864 0.022566 0.0386482 0.010915 0.0127055 0.0137305 0.0121542 0.00927962 0.00926168 0.00950628 0.0180124 0.00918382 0.00855086 0.00818913 0.00830367 
0.0120613 0.00911427 0.00880885 0.00892438 0.00882019 0.00873433 0.0139845 0.0110835 0.00972128 0.0108591 0.0130794 0.011729 0.0156459 0.0360701 0.010696 0.00983893 0.011007 0.0217208 0.063847 0.0131318 0.0131624 0.0106192 0.0212819 0.0361588 0.373475 0.0041761 0.00353958 0.00357679 0 0.0154521 0.0384433 0.0114731 0.0156318 0.0147112 0.128614 0.018129 0.00919139 0.0118426 0.00911717 0.0121689 0.0132985 0.0963391 0.0172109 0.0112297 0.0155379 0.0132991 0.0138514 0.0199668 0.0189304 0.0120779 0.0144591 0.0160069 0.0327448 0.0149134 0.0184469 0.013209 0.0161602 0.0100336 0.00932336 0.00986621 0.0157576 0.00994353 0.00843269 0.00822852 
0.00929157 0.00921882 0.00839346 0.00824087 0.00834497 0.00843338 0.00948321 0.00848089 0.00847637 0.00837104 0.00862788 0.00860366 0.00931143 0.0110718 0.00980523 0.00937913 0.00871182 0.00960535 0.0121055 0.0121976 0.0109868 0.00903452 0.0092295 0.0124037 0.0125903 0.014105 0.0190676 0.0631694 0.0154521 0 0.00416591 0.00604052 0.0207867 0.0109125 0.00868388 0.00812832 0.00736489 0.00919952 0.00738579 0.00827535 0.0485151 0.0173729 0.0112931 0.009913 0.00913208 0.00920753 0.00993158 0.0143208 0.0118628 0.0108264 0.00883353 0.00952637 0.0106567 0.0124224 0.0149948 0.00926608 0.0117387 0.008951 0.00852587 0.0085191 0.00838217 0.00864109 0.00822514 0.00847723 
0.0104365 0.00824063 0.00835066 0.00819113 0.0080598 0.00854179 0.00849282 0.00950096 0.00839616 0.0082644 0.00861325 0.00860544 0.00888191 0.00971079 0.0105495 0.0091967 0.00877134 0.00985273 0.0104805 0.0172348 0.0093065 0.00920332 0.00953343 0.00994351 0.0134276 0.0196186 0.0116577 0.0300134 0.0384433 0.00416591 0 0.0227129 0.00664635 0.00681782 0.00584342 0.00708235 0.00776658 0.0064226 0.00877793 0.0184287 0.0129056 0.0108693 0.0111666 0.00983801 0.00964146 0.00929149 0.00976693 0.0109141 0.0154511 0.00976866 0.00906857 0.0103134 0.00971716 0.0148728 0.0106575 0.0129159 0.00915492 0.0125362 0.00860984 0.008469 0.00834282 0.00906117 0.0083962 0.00844782 
0.0165164 0.00815535 0.00972214 0.00898314 0.00812184 0.0105473 0.00944195 0.00926426 0.00843292 0.0084062 0.00932444 0.0088746 0.00917941 0.013445 0.0149818 0.00857355 0.0100159 0.00976849 0.0132843 0.0324282 0.00876039 0.0146171 0.0103641 0.0116064 0.0151918 0.0760389 0.00851677 0.0289894 0.0114731 0.00604052 0.0227129 0 0.00359009 0.00390204 0.00388618 0.00417317 0.00588178 0.00511878 0.861908 0.00733308 0.00743455 0.0182342 0.012127 0.00975855 0.0111752 0.0102464 0.0114114 0.0223128 0.0190947 0.0132021 0.00932465 0.0132142 0.0117211 0.0125482 0.0133105 0.0108509 0.0107164 0.0155035 0.0083587 0.0103627 0.00870585 0.00953235 0.00847679 0.0103149 
0.00832972 0.0217608 0.00864967 0.00896769 0.012626 0.00843672 0.010919 0.00842909 0.00975623 0.0120611 0.0122413 0.0181506 0.0110692 0.0111745 0.00835902 0.019542 0.012116 0.0136398 0.0124436 0.0086325 0.0589791 0.00944819 0.023119 0.0150255 0.0142794 0.00822769 0.213008 0.00969072 0.0156318 0.0207867 0.00664635 0.00359009 0 0.00365689 0.00367888 0.00569722 0.00445564 0.936644 0.00543537 0.0117461 0.00687531 0.00660382 0.0114635 0.0173368 0.0126748 0.0169938 0.0174733 0.0118738 0.0153221 0.0214587 0.0291171 0.0108069 0.0132648 0.0132254 0.0137811 0.00926822 0.00988091 0.00833067 0.0327021 0.00926393 0.0106582 0.00834623 0.00886337 0.00819202 
0.0116103 0.00823038 0.0104198 0.0100735 0.00822155 0.0132134 0.00818093 0.00850703 0.00973188 0.00948764 0.0152385 0.0120853 0.0204303 0.00924688 0.0103418 0.00890238 0.0200169 0.026746 0.00943513 0.0211519 0.0088546 0.0263376 0.0124899 0.0281996 0.0119186 0.0393965 0.00925618 0.124162 0.0147112 0.0109125 0.00681782 0.00390204 0.00365689 0 0.00355521 0.0039364 0.943663 0.00398295 0.00639334 0.0045445 0.00799331 0.00658654 0.00896329 0.0170067 0.0148837 0.0137887 0.0152727 0.0107918 0.0108955 0.038948 0.0164009 0.0415841 0.00973357 0.0121693 0.0120589 0.0133137 0.00894527 0.0123062 0.00892534 0.0263926 0.00887894 0.00866997 0.0082305 0.00854113 
0.00961873 0.00967518 0.00882884 0.00829569 0.00872549 0.0083174 0.0105723 0.0100465 0.00874086 0.00969292 0.0114245 0.0104741 0.0113929 0.0168413 0.00961784 0.00972656 0.0099135 0.014195 0.0383396 0.0110464 0.0143876 0.00943586 0.0117321 0.0125929 0.0449616 0.0115269 0.0149907 0.0143617 0.128614 0.00868388 0.00584342 0.00388618 0.00367888 0.00355521 0 0.942873 0.00372545 0.00469647 0.00368173 0.00475616 0.00484719 0.0071218 0.0169955 0.00933867 0.0123719 0.0111834 0.0156227 0.017154 0.0267288 0.0126969 0.0157212 0.0160844 0.0356436 0.0197757 0.0231095 0.0138302 0.0172206 0.0105924 0.0110684 0.00967808 0.0150521 0.0106861 0.0088948 0.0081961 
0.0102707 0.0102464 0.00831742 0.00854165 0.00889871 0.00846603 0.0136291 0.00840608 0.00855785 0.00886544 0.00967456 0.0100961 0.00964516 0.0187909 0.00870879 0.00991115 0.00940533 0.0102585 0.0219683 0.00917784 0.0140698 0.00927871 0.0125661 0.0109431 0.0255054 0.0108722 0.0204754 0.00994337 0.018129 0.00812832 0.00708235 0.00417317 0.00569722 0.0039364 0.942873 0 0.00360774 0.00371565 0.00362969 0.00370754 0.00368767 0.00551402 0.0120158 0.00820539 0.0106251 0.0102008 0.0110578 0.10863 0.0336164 0.0135468 0.0117247 0.00992257 0.0255433 0.0135748 0.0185309 0.00993062 0.0167155 0.00908134 0.0105706 0.00880899 0.0130326 0.00951218 0.00884293 0.00879826 
0.0110298 0.00820808 0.0101275 0.00899249 0.00827447 0.0117821 0.00824928 0.00849675 0.00918704 0.00885256 0.0130202 0.00977763 0.0135743 0.0091198 0.0100784 0.00859492 0.0148849 0.0133912 0.00907721 0.0166592 0.00872203 0.0203074 0.0114286 0.0166877 0.00959271 0.0204332 0.00885989 0.0325519 0.00919139 0.00736489 0.00776658 0.00588178 0.00445564 0.943663 0.00372545 0.00360774 0 0.00355485 0.00358221 0.00355532 0.00429867 0.00371956 0.00677506 0.00864745 0.00911097 0.011705 0.0355094 0.383802 0.0109076 0.0207266 0.00964907 0.0198841 0.0088562 0.0133952 0.00996766 0.0114873 0.00879614 0.0119161 0.00882364 0.0185926 0.00864839 0.00843497 0.00830317 0.00880839 
0.00838245 0.0169421 0.00858931 0.00950988 0.013933 0.00821916 0.0094725 0.00835085 0.0090583 0.014963 0.0138473 0.0283478 0.00986759 0.00971081 0.00821399 0.0163858 0.0122681 0.0122229 0.0119887 0.00844398 0.0411865 0.00978549 0.0268465 0.0113631 0.0118686 0.00840624 0.0542275 0.0090399 0.0118426 0.00919952 0.0064226 0.00511878 0.936644 0.00398295 0.00469647 0.00371565 0.00355485 0 0.00354437 0.00361688 0.00355037 0.0035593 0.00910047 0.00676738 0.0109303 0.0169937 0.663253 0.0110125 0.0132139 0.0116304 0.0357933 0.00926674 0.0136483 0.0109822 0.010157 0.0087622 0.0100974 0.00839855 0.0330143 0.00912588 0.0123209 0.00820442 0.00860641 0.00806689 
0.0144382 0.00832076 0.0153835 0.0120657 0.00847649 0.0108222 0.00828874 0.00862822 0.00998234 0.0117375 0.034165 0.0160885 0.0141069 0.00917599 0.01028 0.0090708 0.034473 0.0133535 0.00922024 0.0170722 0.00897544 0.0577801 0.016093 0.0161519 0.00962046 0.0386662 0.00920985 0.0261129 0.00911717 0.00738579 0.00877793 0.861908 0.00543537 0.00639334 0.00368173 0.00362969 0.00358221 0.00354437 0 0.00352309 0.00356378 0.00359445 0.00652037 0.00786007 0.0209339 0.764161 0.011125 0.00838978 0.0107759 0.0367357 0.0130151 0.0155627 0.00899636 0.0108055 0.00945439 0.0104928 0.00855905 0.014718 0.00917524 0.0218672 0.00925353 0.00845627 0.00830704 0.00836343 
0.00928158 0.0145003 0.0104215 0.0103424 0.0135678 0.00857999 0.00891855 0.00887692 0.0111826 0.0301557 0.0275932 0.0376325 0.0156961 0.009756 0.00840732 0.0167871 0.0219265 0.0200361 0.0139047 0.0089285 0.0359544 0.0137484 0.0445134 0.0190929 0.0131961 0.00910021 0.0459346 0.0118234 0.0121689 0.00827535 0.0184287 0.00733308 0.0117461 0.0045445 0.00475616 0.00370754 0.00355532 0.00361688 0.00352309 0 0.00353092 0.00354521 0.00986042 0.0092579 0.850082 0.0206506 0.0113149 0.0103398 0.013791 0.0220255 0.0599843 0.012987 0.0125055 0.0122511 0.0116567 0.00959519 0.0106565 0.00994998 0.0286018 0.012129 0.0147512 0.00836801 0.00876371 0.00824098 
0.0102417 0.00967217 0.00974653 0.00932041 0.00874135 0.00985037 0.00865767 0.00860544 0.012443 0.0126975 0.0185274 0.0157654 0.0231933 0.0100865 0.00898155 0.0101118 0.0168616 0.0304436 0.0120538 0.0144453 0.0116746 0.0167857 0.0176091 0.0431487 0.0146946 0.0140538 0.0144599 0.0794415 0.0132985 0.0485151 0.0129056 0.00743455 0.00687531 0.00799331 0.00484719 0.00368767 0.00429867 0.00355037 0.00356378 0.00353092 0 0.0035812 0.0135504 0.869649 0.0142394 0.0133877 0.0106984 0.00964275 0.012141 0.0315259 0.0183109 0.0477115 0.0121952 0.017688 0.0214529 0.015608 0.0126097 0.0113307 0.0137936 0.0343608 0.0114796 0.00897515 0.00848284 0.00870551 
0.0134334 0.00871236 0.00881188 0.00853231 0.00852219 0.00838994 0.00965811 0.0120984 0.00957935 0.00944824 0.0111698 0.00999065 0.010516 0.0162977 0.0111272 0.00932934 0.0104079 0.0122247 0.0230062 0.0165508 0.0108363 0.0114157 0.0112589 0.0126132 0.0384484 0.0192935 0.0111729 0.0133599 0.0963391 0.0173729 0.0108693 0.0182342 0.00660382 0.00658654 0.0071218 0.00551402 0.00371956 0.0035593 0.00359445 0.00354521 0.0035812 0 0.900356 0.0174419 0.00864687 0.00819047 0.0117988 0.0143439 0.0283441 0.015088 0.0147693 0.0172741 0.0435086 0.026833 0.0285662 0.0182447 0.0210608 0.0146382 0.0103557 0.0112455 0.0162376 0.0132003 0.00938558 0.00860428 
0.00929009 0.00910431 0.00843713 0.00851518 0.0085098 0.0085565 0.0107846 0.00849219 0.00849925 0.00922075 0.0103246 0.0112738 0.0115416 0.0158675 0.0088493 0.0096524 0.010698 0.0110171 0.0189539 0.00984024 0.0107191 0.00999757 0.0120568 0.0134925 0.0205633 0.0149192 0.0135708 0.0134925 0.0172109 0.0112931 0.0111666 0.012127 0.0114635 0.00896329 0.0169955 0.0120158 0.00677506 0.00910047 0.00652037 0.00986042 0.0135504 0.900356 0 0.00363078 0.003635 0.00360429 0.00359599 0.00503055 0.0128675 0.0100641 0.00992991 0.0181065 0.263918 0.0138992 0.0202 0.0119614 0.0164999 0.014094 0.0129657 0.0112124 0.0154219 0.0102557 0.00959457 0.0100507 
0.00950575 0.009053 0.00966342 0.00924237 0.00896782 0.00906714 0.00867774 0.00836415 0.0102813 0.0111821 0.0176124 0.0183706 0.0166408 0.0099627 0.00849827 0.0116256 0.0183474 0.0209658 0.0117043 0.0100558 0.0149399 0.015593 0.0279458 0.0290713 0.0132996 0.0107294 0.0310419 0.0243418 0.0112297 0.009913 0.00983801 0.00975855 0.0173368 0.0170067 0.00933867 0.00820539 0.00864745 0.00676738 0.00786007 0.0092579 0.869649 0.0174419 0.00363078 0 0.00358255 0.00355711 0.00397766 0.00358164 0.0089653 0.0199436 0.0122528 0.261711 0.0413852 0.0155132 0.0154266 0.0119241 0.0110055 0.0108618 0.0270197 0.0221136 0.0117389 0.00886468 0.00902805 0.00865378 
0.0103617 0.0102857 0.0128327 0.0126143 0.0111163 0.0100162 0.00856837 0.00879385 0.0111499 0.0242364 0.0387243 0.0420726 0.0271898 0.010087 0.00866957 0.0127412 0.0391069 0.0287985 0.0132656 0.0102699 0.0155427 0.0384471 0.0534917 0.0343723 0.0160503 0.013967 0.0296789 0.0240921 0.0155379 0.00913208 0.00964146 0.0111752 0.0126748 0.0148837 0.0123719 0.0106251 0.00911097 0.0109303 0.0209339 0.850082 0.0142394 0.00864687 0.003635 0.00358255 0 0.00356398 0.00355751 0.0035905 0.0190172 0.0379166 0.488813 0.0338525 0.0238041 0.010929 0.0128612 0.0112263 0.0100048 0.0141735 0.0262066 0.0334085 0.0192165 0.00888294 0.00870907 0.00891697 
0.00966549 0.00946401 0.0116935 0.0105329 0.0103121 0.00891778 0.00865774 0.00851017 0.0108464 0.0167394 0.0331548 0.0327561 0.0177082 0.0100459 0.00865732 0.0118379 0.0297007 0.0234623 0.0119933 0.00999332 0.0150912 0.027247 0.0441525 0.0269083 0.0141388 0.012185 0.0240282 0.025293 0.0132991 0.00920753 0.00929149 0.0102464 0.0169938 0.0137887 0.0111834 0.0102008 0.011705 0.0169937 0.764161 0.0206506 0.0133877 0.00819047 0.00360429 0.00355711 0.00356398 0 0.0035307 0.00354911 0.0109161 0.567422 0.0599891 0.0314056 0.0100983 0.0114474 0.0134139 0.0116436 0.0103333 0.0125992 0.031095 0.0276082 0.0156702 0.00875934 0.00862912 0.00851216 
0.00868748 0.00951506 0.0087037 0.00859876 0.00857094 0.00845957 0.00847729 0.00849831 0.00965221 0.0101273 0.0124362 0.0121754 0.0130408 0.00932499 0.00859762 0.00981887 0.0110284 0.0188021 0.0109967 0.00995765 0.0127522 0.010991 0.0131153 0.0228992 0.013022 0.0110555 0.0164733 0.0239738 0.0138514 0.00993158 0.00976693 0.0114114 0.0174733 0.0152727 0.0156227 0.0110578 0.0355094 0.663253 0.011125 0.0113149 0.0106984 0.0117988 0.00359599 0.00397766 0.00355751 0.0035307 0 0.00377308 0.550541 0.0582147 0.0403451 0.0117962 0.0113082 0.0136448 0.0198411 0.0129307 0.0181257 0.0128904 0.0181756 0.0249494 0.0117462 0.00905347 0.0088062 0.00882356 
0.012007 0.00883979 0.00851304 0.00831147 0.00839765 0.00818394 0.00882545 0.0105693 0.00923074 0.00892591 0.00931256 0.00917485 0.00913489 0.0104295 0.0105738 0.00915959 0.00922963 0.00954559 0.0115744 0.0154158 0.00954119 0.00941171 0.00991956 0.00969424 0.016838 0.0203837 0.010216 0.0103673 0.0199668 0.0143208 0.0109141 0.0223128 0.0118738 0.0107918 0.017154 0.10863 0.383802 0.0110125 0.00838978 0.0103398 0.00964275 0.0143439 0.00503055 0.00358164 0.0035905 0.00354911 0.00377308 0 0.0636912 0.0184981 0.0105729 0.010091 0.0103829 0.0191206 0.0170853 0.0174247 0.0180638 0.0174697 0.0104606 0.0107128 0.0123009 0.0150995 0.0105304 0.00868026 
0.0102124 0.00917927 0.00860937 0.00880933 0.00842019 0.00898352 0.0102138 0.00851619 0.00869241 0.00907574 0.0104026 0.0109041 0.0105642 0.0159242 0.0097735 0.00965595 0.0109163 0.011064 0.0177266 0.0105427 0.0107315 0.0103621 0.0124189 0.0137964 0.0207311 0.0176709 0.0138721 0.0123312 0.0189304 0.0118628 0.0154511 0.0190947 0.0153221 0.0108955 0.0267288 0.0336164 0.0109076 0.0132139 0.0107759 0.013791 0.012141 0.0283441 0.0128675 0.0089653 0.0190172 0.0109161 0.550541 0.0636912 0 0.0036202 0.00356338 0.00360688 0.00385122 0.00495659 0.00792548 0.00871201 0.0180557 0.212329 0.0180827 0.0150139 0.0175143 0.014082 0.0119152 0.014397 
0.0105988 0.00908135 0.0102247 0.00978789 0.0089302 0.00958086 0.00867949 0.00853477 0.0103683 0.0118473 0.0226077 0.018498 0.0160852 0.00999738 0.00868592 0.011191 0.0225069 0.0237141 0.0111262 0.0104353 0.0129756 0.0224706 0.0307795 0.0286453 0.0121765 0.0135056 0.0245096 0.0293864 0.0120779 0.0108264 0.00976866 0.0132021 0.0214587 0.038948 0.0126969 0.0135468 0.0207266 0.0116304 0.0367357 0.0220255 0.0315259 0.015088 0.0100641 0.0199436 0.0379166 0.567422 0.0582147 0.0184981 0.0036202 0 0.00356667 0.00359698 0.00356632 0.00637622 0.00876865 0.0146289 0.0103331 0.0401009 0.223422 0.0408501 0.0188851 0.00970342 0.0108005 0.00954137 
0.00950191 0.00946175 0.0100269 0.00993062 0.0104966 0.00861883 0.00852888 0.00840735 0.00964999 0.0163341 0.0224079 0.0293122 0.0158496 0.00986721 0.00844834 0.0111067 0.0274463 0.0217299 0.0133746 0.00919946 0.0167451 0.0238036 0.0479778 0.0286964 0.0150252 0.00965571 0.0344858 0.022566 0.0144591 0.00883353 0.00906857 0.00932465 0.0291171 0.0164009 0.0157212 0.0117247 0.00964907 0.0357933 0.0130151 0.0599843 0.0183109 0.0147693 0.00992991 0.0122528 0.488813 0.0599891 0.0403451 0.0105729 0.00356338 0.00356667 0 0.00354684 0.00354837 0.00560444 0.0205271 0.00778541 0.00766123 0.0136958 0.0633816 0.19433 0.0188381 0.00928503 0.00885659 0.00871185 
0.00909243 0.00862653 0.00870534 0.00883118 0.0085457 0.00866561 0.00822542 0.00835744 0.00931673 0.00960517 0.012849 0.0114486 0.0146768 0.0095362 0.00859187 0.00952307 0.0115459 0.0194456 0.010996 0.010881 0.00982735 0.0120494 0.0145327 0.0283086 0.0140539 0.0114847 0.0118943 0.0386482 0.0160069 0.00952637 0.0103134 0.0132142 0.0108069 0.0415841 0.0160844 0.00992257 0.0198841 0.00926674 0.0155627 0.012987 0.0477115 0.0172741 0.0181065 0.261711 0.0338525 0.0314056 0.0117962 0.010091 0.00360688 0.00359698 0.00354684 0 0.0035866 0.0060241 0.0228737 0.00829628 0.0101838 0.016219 0.0230298 0.067341 0.0390142 0.0106916 0.00972225 0.00976605 
0.00929673 0.00852503 0.00882393 0.00826599 0.00852171 0.00816004 0.00834842 0.0104142 0.00903833 0.0089697 0.00964855 0.00917433 0.00896689 0.0105021 0.0093263 0.00913048 0.00919597 0.00999717 0.0142769 0.0100297 0.00958001 0.00925119 0.0101774 0.010169 0.0198947 0.0109454 0.0112041 0.010915 0.0327448 0.0106567 0.00971716 0.0117211 0.0132648 0.00973357 0.0356436 0.0255433 0.0088562 0.0136483 0.00899636 0.0125055 0.0121952 0.0435086 0.263918 0.0413852 0.0238041 0.0100983 0.0113082 0.0103829 0.00385122 0.00356632 0.00354837 0.0035866 0 0.0247557 0.00667764 0.0121571 0.00914271 0.0170912 0.0139799 0.0216611 0.0442783 0.0172573 0.0109767 0.00912839 
0.0086058 0.00847662 0.00853875 0.00824054 0.00831332 0.00845152 0.00884152 0.00827034 0.00847168 0.00858358 0.00941215 0.00914388 0.00945424 0.0114062 0.00868841 0.0090581 0.00908783 0.0104111 0.0128332 0.00959687 0.00965003 0.00899769 0.0096568 0.0114441 0.0140753 0.0105298 0.0121518 0.0127055 0.0149134 0.0124224 0.0148728 0.0125482 0.0132254 0.0121693 0.0197757 0.0135748 0.0133952 0.0109822 0.0108055 0.0122511 0.017688 0.026833 0.0138992 0.0155132 0.010929 0.0114474 0.0136448 0.0191206 0.00495659 0.00637622 0.00560444 0.0060241 0.0247557 0 0.00461089 0.00639914 0.614851 0.0378023 0.0212113 0.0161818 0.0164908 0.0136929 0.0135145 0.0150239 
0.00940441 0.00848168 0.00835177 0.00828222 0.00833565 0.00834824 0.00851539 0.00904428 0.00851129 0.00864186 0.00927552 0.00942219 0.00995294 0.0104078 0.0095506 0.00894299 0.00942179 0.0110941 0.0115548 0.010677 0.00942589 0.00903073 0.00994289 0.0113205 0.0159726 0.0109728 0.0118585 0.0137305 0.0184469 0.0149948 0.0106575 0.0133105 0.0137811 0.0120589 0.0231095 0.0185309 0.00996766 0.010157 0.00945439 0.0116567 0.0214529 0.0285662 0.0202 0.0154266 0.0128612 0.0134139 0.0198411 0.0170853 0.00792548 0.00876865 0.0205271 0.0228737 0.00667764 0.00461089 0 0.559188 0.00632681 0.023757 0.0277533 0.029798 0.0164691 0.0239251 0.0176193 0.0103552 
0.0084796 0.00812154 0.00831555 0.00812202 0.00818755 0.00819832 0.00823182 0.00815961 0.00823837 0.00828091 0.00860043 0.00857401 0.00884294 0.00995306 0.00837981 0.00832637 0.00866112 0.00945872 0.0106485 0.00934165 0.00858088 0.0086095 0.00913796 0.0104926 0.0120667 0.00998173 0.00918788 0.0121542 0.013209 0.00926608 0.0129159 0.0108509 0.00926822 0.0133137 0.0138302 0.00993062 0.0114873 0.0087622 0.0104928 0.00959519 0.015608 0.0182447 0.0119614 0.0119241 0.0112263 0.0116436 0.0129307 0.0174247 0.00871201 0.0146289 0.00778541 0.00829628 0.0121571 0.00639914 0.559188 0 0.00516064 0.0392538 0.0222228 0.0466506 0.0198854 0.0148327 0.0112203 0.0149691 
0.00853029 0.00815829 0.00804333 0.00804086 0.00810887 0.00808872 0.0082781 0.00821572 0.00819784 0.00814126 0.00837175 0.00842124 0.00851127 0.0092089 0.00830708 0.00831403 0.00838737 0.00877697 0.00956137 0.00897122 0.00867481 0.00835635 0.00855315 0.00897658 0.0122395 0.0097833 0.00941763 0.00927962 0.0161602 0.0117387 0.00915492 0.0107164 0.00988091 0.00894527 0.0172206 0.0167155 0.00879614 0.0100974 0.00855905 0.0106565 0.0126097 0.0210608 0.0164999 0.0110055 0.0100048 0.0103333 0.0181257 0.0180638 0.0180557 0.0103331 0.00766123 0.0101838 0.00914271 0.614851 0.00632681 0.00516064 0 0.0133769 0.0172344 0.0377777 0.0520411 0.0398574 0.0133938 0.00909253 
0.00925456 0.0080451 0.00867848 0.00832521 0.00803441 0.00866083 0.00844384 0.00832897 0.00811679 0.00812037 0.0085358 0.00837426 0.00843717 0.00944783 0.00950408 0.00816071 0.00862185 0.00866591 0.00935692 0.0111951 0.00816194 0.00878673 0.00869272 0.00940764 0.0112104 0.0129979 0.0083518 0.00926168 0.0100336 0.008951 0.0125362 0.0155035 0.00833067 0.0123062 0.0105924 0.00908134 0.0119161 0.00839855 0.014718 0.00994998 0.0113307 0.0146382 0.014094 0.0108618 0.0141735 0.0125992 0.0128904 0.0174697 0.212329 0.0401009 0.0136958 0.016219 0.0170912 0.0378023 0.023757 0.0392538 0.0133769 0 0.00366394 0.00365965 0.0037024 0.00495064 0.0354714 0.0410053 
