1QQHA
KSKAHKAIELQMALQGLAQSAYKTEDWTLQDTCEELWNTEPTHCFKKGGQTVQVYFDGNKDNCMTYVAWDSVYYMTDAGTWDKTATCVSHRGLYYVKEGYNTFYIEFKSECEKYGNTGTWEVHFGNNVIDCNDSMCSTSDDTVS
CCHHHHHHHHHHHHHHHHHCCCCCCCCCCCCCCHHHHCCCCCCCEEEEEEEEEEEECCCCCCEEEEEEEEEEEEECCCCCEEEECCEEECCEEEEEECCEEEEEEEHHHHHCCCCCCCCEEEEECCEECCCCCEEECCCCCCCC
0 0 0 0 0 0 0 0 0 0 0 0 0 0 0 0 0 0 0 0 0 0 0 0 0 0 0 0 0 0 0 0 0 0 0 0 0 0 0 0 0 0 0 0 0 0 0 0 0 0 0 0 0 0 0 0 0 0 0 0 0 0 0 0 0 0 0 0 0 0 0 0 0 0 0 0 0 0 0 0 0 0 0 0 0 0 0 0 0 0 0 0 0 0 0 0 0 0 0 0 0 0 0 0 0 0 0 0 0 0 0 0 0 0 0 0 0 0 0 0 0 0 0 0 0 0 0 0 0 0 0 0 0 0 0 0 0 0 0 0 0 0 0 0 
0 0 0 0 0 0 0 0 0 0 0 0 0 0 0 0 0 0 0 0 0 0 0 0 0 0 0 0 0 0 0 0 0 0 0 0 0 0 0 0 0 0 0 0 0 0 0 0 0 0 0 0 0 0 0 0 0 0 0 0 0 0 0 0 0 0 0 0 0 0 0 0 0 0 0 0 0 0 0 0 0 0 0 0 0 0 0 0 0 0 0 0 0 0 0 0 0 0 0 0 0 0 0 0 0 0 0 0 0 0 0 0 0 0 0 0 0 0 0 0 0 0 0 0 0 0 0 0 0 0 0 0 0 0 0 0 0 0 0 0 0 0 0 0 
0 0.00372321 0.00365292 0.00362839 0.00365698 0.00566982 0.00407406 0.00404651 0.00486113 0.00494534 0.0109398 0.0400239 0.00887374 0.00770943 0.00836407 0.00923365 0.0092321 0.00900713 0.00923223 0.00930094 0.0114315 0.0191173 0.29807 0.0207275 0.0224609 0.0116694 0.0101448 0.0121162 0.0200835 0.0139833 0.0099264 0.0152234 0.0125444 0.0102611 0.0099654 0.0102811 0.00992525 0.014083 0.00907827 0.00860325 0.00859688 0.00934893 0.0095791 0.0129721 0.0159891 0.0092964 0.00881138 0.00930093 0.00886188 0.0127574 0.00832714 0.00967307 0.00832163 0.00824489 0.00918724 
0.00372321 0 0.00387922 0.00361308 0.00372385 0.00363081 0.00469742 0.003744 0.00555925 0.00459444 0.0214617 0.00616607 0.00698277 0.00782939 0.0087066 0.0082769 0.00988242 0.0092822 0.0102336 0.0133735 0.0213685 0.434507 0.0318962 0.0316759 0.0108489 0.00920387 0.013777 0.0175306 0.0102934 0.0102947 0.0127271 0.00882786 0.0104412 0.012567 0.0120563 0.0106845 0.0110286 0.00838368 0.00852129 0.00881481 0.0089698 0.00973775 0.0133757 0.0113548 0.0110895 0.00832377 0.0104859 0.00889464 0.011644 0.00846635 0.00823717 0.00825545 0.00820887 0.00832307 0.00812112 
0.00365292 0.00387922 0 0.00380978 0.00359728 0.00600733 0.00357912 0.00464097 0.00391395 0.00898914 0.00450247 0.00533568 0.00723501 0.00765038 0.00762552 0.00966183 0.00861341 0.0109137 0.0116823 0.0205202 0.500873 0.0289977 0.0136318 0.0126248 0.0085161 0.00963641 0.010335 0.0104695 0.00895018 0.0103349 0.00886278 0.00883617 0.00953663 0.0103424 0.0109593 0.0134947 0.00873242 0.00830749 0.00858486 0.00859595 0.00888761 0.0113196 0.0116355 0.0117896 0.00869708 0.00928209 0.00847942 0.0140222 0.00874068 0.00888413 0.00808943 0.00809946 0.00821441 0.00817532 0.00813948 
0.00362839 0.00361308 0.00380978 0 0.00361323 0.00355603 0.00362444 0.00366869 0.00424905 0.00406715 0.00430799 0.00568061 0.00624918 0.00679059 0.00781986 0.00835506 0.00818228 0.00938228 0.0233674 0.391514 0.0349333 0.0138104 0.01319 0.00898422 0.00856481 0.00861437 0.00913318 0.0090441 0.00884699 0.00894984 0.00872528 0.00855409 0.00897324 0.00914101 0.0105381 0.00933937 0.00868657 0.00823049 0.00859014 0.00837199 0.00916913 0.00994598 0.0106292 0.0090015 0.00873514 0.00828145 0.00910624 0.00899298 0.0087834 0.00842965 0.00807208 0.00805288 0.00812184 0.00807938 0.00804424 
0.00365698 0.00372385 0.00359728 0.00361323 0 0.00379159 0.00354435 0.00367955 0.00465059 0.00364024 0.00394899 0.00373235 0.00594777 0.0066658 0.00748432 0.0104593 0.00909869 0.0197643 0.546169 0.0239519 0.012685 0.0125387 0.00964623 0.00950557 0.00852981 0.00857122 0.00862074 0.00925128 0.00870489 0.00881269 0.00855127 0.00847327 0.00880821 0.00937159 0.00965574 0.00966411 0.00872271 0.00828178 0.00854592 0.00860786 0.00900615 0.00944284 0.00952754 0.00904254 0.00876784 0.00845777 0.00846062 0.00912453 0.00859597 0.00832339 0.00808973 0.00808948 0.00804866 0.00817483 0.00812415 
0.00566982 0.00363081 0.00600733 0.00355603 0.00379159 0 0.00400417 0.00382702 0.00361489 0.00366713 0.00359109 0.00378054 0.00594739 0.00648055 0.00700285 0.00985627 0.0134086 0.565899 0.0644139 0.0158748 0.0131179 0.0091582 0.00982946 0.00948828 0.00826163 0.0083468 0.00851228 0.00908043 0.00852494 0.00876011 0.00860485 0.00841432 0.00887826 0.0091842 0.00995314 0.0103386 0.00848851 0.00868776 0.00856299 0.00848294 0.00854306 0.00936391 0.00913453 0.00997902 0.00840011 0.00837112 0.00823245 0.00945057 0.00829798 0.00841721 0.00802161 0.00807304 0.0080474 0.0080663 0.00807874 
0.00407406 0.00469742 0.00357912 0.00362444 0.00354435 0.00400417 0 0.00353305 0.00372881 0.00357042 0.00436931 0.00362435 0.00630757 0.0060296 0.00927485 0.0073314 0.702931 0.0378809 0.0121145 0.0140531 0.0087083 0.00857531 0.0137059 0.00847934 0.00901102 0.00855675 0.00943941 0.00907924 0.00882448 0.00942736 0.00858438 0.00868368 0.00926402 0.0090799 0.012286 0.00927193 0.0132873 0.00835084 0.00912431 0.0086393 0.0102819 0.00911643 0.0190806 0.0086624 0.0119563 0.00815996 0.011856 0.00849548 0.011771 0.0080891 0.00842245 0.0082287 0.00859948 0.00818847 0.0082803 
0.00404651 0.003744 0.00464097 0.00366869 0.00367955 0.00382702 0.00353305 0 0.0035642 0.0036869 0.00357044 0.00379525 0.00542406 0.00723454 0.00640344 0.809902 0.0155788 0.0155856 0.0151122 0.0077642 0.00925697 0.0131265 0.00874776 0.0149646 0.00843255 0.0104253 0.0088157 0.0110143 0.0095302 0.0105583 0.00947315 0.00884122 0.011015 0.0136849 0.00995583 0.0218306 0.00927334 0.00922427 0.00913636 0.0094814 0.0087495 0.0264303 0.00929266 0.0247756 0.00848257 0.0136185 0.00840149 0.0360089 0.00839696 0.0109057 0.00815903 0.00829235 0.00820889 0.00828943 0.00824795 
0.00486113 0.00555925 0.00391395 0.00424905 0.00465059 0.00361489 0.00372881 0.0035642 0 0.00353261 0.00360082 0.00355055 0.00638603 0.0059875 0.831517 0.0133588 0.0357507 0.0106465 0.00775134 0.0131264 0.00962136 0.0091733 0.0280546 0.00943162 0.00956881 0.00875603 0.0136907 0.0109559 0.0105459 0.0121867 0.00920831 0.00953084 0.0103743 0.011402 0.0347337 0.0110482 0.0100422 0.00860381 0.00955483 0.0090775 0.0205403 0.0102175 0.0613683 0.00893538 0.0178037 0.00832129 0.0347097 0.00899448 0.0427352 0.00847114 0.00880528 0.00868507 0.00904406 0.0085616 0.00847446 
0.00494534 0.00459444 0.00898914 0.00406715 0.00364024 0.00366713 0.00357042 0.0036869 0.00353261 0 0.00354343 0.00357817 0.00472758 0.745109 0.0140415 0.100902 0.00972181 0.0116759 0.0149709 0.0108967 0.0101894 0.0228068 0.0103734 0.0156551 0.00877847 0.0107718 0.0105861 0.0181004 0.0107248 0.010958 0.0109557 0.00918866 0.0105137 0.02449 0.0138552 0.0271507 0.00979953 0.00898551 0.00878303 0.0101356 0.0100846 0.0453958 0.011546 0.0321212 0.0088556 0.0129849 0.00882956 0.135622 0.00914791 0.0107567 0.00823369 0.00844591 0.00838651 0.00852397 0.00837961 
0.0109398 0.0214617 0.00450247 0.00430799 0.00394899 0.00359109 0.00436931 0.00357044 0.00360082 0.00354343 0 0.00356319 0.680128 0.0291826 0.0467055 0.00822296 0.00878942 0.00905779 0.0118261 0.0159643 0.00971459 0.0100527 0.019262 0.0118756 0.0115806 0.00919764 0.0175192 0.0163585 0.01244 0.0113479 0.0160385 0.0108974 0.0113094 0.0129084 0.0188631 0.010384 0.0121862 0.0090528 0.00978028 0.00937335 0.0132752 0.0102633 0.0294208 0.00995191 0.0160466 0.00898166 0.0425795 0.00939052 0.0234984 0.00883991 0.00875239 0.00877378 0.00866913 0.0094353 0.00834008 
0.0400239 0.00616607 0.00533568 0.00568061 0.00373235 0.00378054 0.00362435 0.00379525 0.00355055 0.00357817 0.00356319 0 0.101374 0.0286253 0.0120822 0.0134411 0.00695212 0.00716813 0.0100114 0.00780797 0.00707562 0.0088096 0.00864032 0.0124249 0.0101889 0.0178943 0.00981868 0.0120393 0.0198785 0.0200248 0.0127012 0.0115905 0.0186278 0.0117814 0.00995486 0.0103905 0.00913868 0.00989595 0.0132407 0.0097469 0.00864204 0.010177 0.00947995 0.0139154 0.0102717 0.0382557 0.00880416 0.0110511 0.00922299 0.0152755 0.0101537 0.00906142 0.0103463 0.00875895 0.00907017 
0.00887374 0.00698277 0.00723501 0.00624918 0.00594777 0.00594739 0.00630757 0.00542406 0.00638603 0.00472758 0.680128 0.101374 0 0.00386212 0.00363691 0.0036461 0.00360519 0.00355601 0.00365897 0.00371334 0.00379217 0.0045785 0.00541187 0.0140168 0.0101949 0.0076108 0.0073643 0.00805789 0.0157246 0.00940494 0.00829408 0.0131298 0.00995981 0.00881803 0.00905237 0.00878109 0.00915281 0.0118545 0.00963795 0.00863833 0.00858959 0.00879016 0.00941103 0.00874686 0.019881 0.00920924 0.00886734 0.00852096 0.0095071 0.0101086 0.0086949 0.00958501 0.0085891 0.00816175 0.00988118 
0.00770943 0.00782939 0.00765038 0.00679059 0.0066658 0.00648055 0.0060296 0.00723454 0.0059875 0.745109 0.0291826 0.0286253 0.00386212 0 0.00356941 0.00356761 0.00356495 0.00354405 0.00371808 0.00356477 0.00395742 0.008759 0.00610564 0.0110474 0.00589686 0.00682474 0.00736766 0.0107671 0.00805344 0.0084973 0.0116522 0.00822633 0.00891325 0.0097585 0.00891235 0.00990553 0.00999815 0.00920265 0.0086751 0.00870283 0.00843048 0.00985173 0.00896891 0.0159068 0.00876796 0.00892107 0.00857655 0.0100736 0.0087834 0.00902653 0.00825026 0.00847945 0.00817465 0.00856822 0.00814884 
0.00836407 0.0087066 0.00762552 0.00781986 0.00748432 0.00700285 0.00927485 0.00640344 0.831517 0.0140415 0.0467055 0.0120822 0.00363691 0.00356941 0 0.00356395 0.00357097 0.00350586 0.00356236 0.00380444 0.00360905 0.00427922 0.00562139 0.00495377 0.00577896 0.00648959 0.00849964 0.00793005 0.00852799 0.00889608 0.00816216 0.00870605 0.00910769 0.00928815 0.0132526 0.0105484 0.00892529 0.00832243 0.00880308 0.00864146 0.0103603 0.00898384 0.0224554 0.00887367 0.012324 0.00837574 0.0127888 0.00879493 0.0121668 0.00840236 0.00813239 0.00825319 0.00839623 0.00813866 0.0081641 
0.00923365 0.0082769 0.00966183 0.00835506 0.0104593 0.00985627 0.0073314 0.809902 0.0133588 0.100902 0.00822296 0.0134411 0.0036461 0.00356761 0.00356395 0 0.00352469 0.00354546 0.00361268 0.0035708 0.00409948 0.00789883 0.00419895 0.00516216 0.00457126 0.00850462 0.00762648 0.00911229 0.00901989 0.00886643 0.0098765 0.00897433 0.00990617 0.0131156 0.0127035 0.0202561 0.0091322 0.00921831 0.00911854 0.009349 0.00878577 0.0200331 0.00938197 0.0183123 0.00887253 0.013556 0.00871941 0.0323098 0.00878212 0.0101416 0.00825456 0.00863455 0.00840386 0.00855378 0.00832951 
0.0092321 0.00988242 0.00861341 0.00818228 0.00909869 0.0134086 0.702931 0.0155788 0.0357507 0.00972181 0.00878942 0.00695212 0.00360519 0.00356495 0.00357097 0.00352469 0 0.0035241 0.0035397 0.00354889 0.00358078 0.00368697 0.00373507 0.00419999 0.00404936 0.00622046 0.00754709 0.00901453 0.00942752 0.00949923 0.0106707 0.00962183 0.00969253 0.0111797 0.0164555 0.00953708 0.00971661 0.00834876 0.00897767 0.00867743 0.0126615 0.00947524 0.0217453 0.00943339 0.0111358 0.008471 0.0176645 0.00992684 0.0141928 0.00867147 0.00835095 0.00866665 0.00851836 0.00836715 0.00823374 
0.00900713 0.0092822 0.0109137 0.00938228 0.0197643 0.565899 0.0378809 0.0155856 0.0106465 0.0116759 0.00905779 0.00716813 0.00355601 0.00354405 0.00350586 0.00354546 0.0035241 0 0.00348668 0.00353263 0.00358325 0.00359647 0.00430641 0.00372849 0.00389178 0.00659991 0.0071884 0.00956966 0.00848603 0.00888604 0.00939339 0.0129924 0.0101937 0.0119027 0.0120884 0.012891 0.00924766 0.00864812 0.00860298 0.0092631 0.00908832 0.0156701 0.0126794 0.0133376 0.00956065 0.0103616 0.0103062 0.0191693 0.0100766 0.00917947 0.00827884 0.00841878 0.0084391 0.00843287 0.00827332 
0.00923223 0.0102336 0.0116823 0.0233674 0.546169 0.0644139 0.0121145 0.0151122 0.00775134 0.0149709 0.0118261 0.0100114 0.00365897 0.00371808 0.00356236 0.00361268 0.0035397 0.00348668 0 0.00353621 0.00355362 0.00359701 0.00355017 0.00365069 0.00365705 0.00591488 0.00768094 0.0115174 0.00875446 0.00875173 0.0120773 0.0176856 0.00974519 0.0111735 0.012082 0.0137973 0.00929924 0.00997865 0.00869463 0.0087571 0.00956531 0.0130751 0.0123254 0.0133211 0.0092326 0.00944051 0.00933416 0.0237031 0.00935617 0.00958014 0.00826719 0.00855746 0.0084373 0.00853378 0.00845166 
0.00930094 0.0133735 0.0205202 0.391514 0.0239519 0.0158748 0.0140531 0.0077642 0.0131264 0.0108967 0.0159643 0.00780797 0.00371334 0.00356477 0.00380444 0.0035708 0.00354889 0.00353263 0.00353621 0 0.0035259 0.00352982 0.00356917 0.00356632 0.00359277 0.00595954 0.00974489 0.00938447 0.00706261 0.00982273 0.0204906 0.00879736 0.00875226 0.00962885 0.0149351 0.0108139 0.0108039 0.00847453 0.00849942 0.00897701 0.0100916 0.0100146 0.0176192 0.00968944 0.0108738 0.00860269 0.0143902 0.0101345 0.0129711 0.00867492 0.00825499 0.00833485 0.00841463 0.00832886 0.00822329 
0.0114315 0.0213685 0.500873 0.0349333 0.012685 0.0131179 0.0087083 0.00925697 0.00962136 0.0101894 0.00971459 0.00707562 0.00379217 0.00395742 0.00360905 0.00409948 0.00358078 0.00358325 0.00355362 0.0035259 0 0.00353228 0.00353295 0.00355727 0.00357351 0.00648985 0.00630117 0.00763598 0.0112503 0.0393198 0.0100988 0.00760143 0.00852986 0.0111665 0.0139683 0.01507 0.0135262 0.00859887 0.00846336 0.0090187 0.00975962 0.0127097 0.0165687 0.0119404 0.00994957 0.00982358 0.0100455 0.0170681 0.0109985 0.00900391 0.00837721 0.00840087 0.00851703 0.00847776 0.00827267 
0.0191173 0.434507 0.0289977 0.0138104 0.0125387 0.0091582 0.00857531 0.0131265 0.0091733 0.0228068 0.0100527 0.0088096 0.0045785 0.008759 0.00427922 0.00789883 0.00368697 0.00359647 0.00359701 0.00352982 0.00353228 0 0.00354444 0.00357444 0.00354338 0.00529589 0.00747481 0.0146757 0.857894 0.00982938 0.00891798 0.00794706 0.00935126 0.0118238 0.0170893 0.0227465 0.0110201 0.00894424 0.00874716 0.00896249 0.0107045 0.0197008 0.0142692 0.0161374 0.00922908 0.0106002 0.00987168 0.0359726 0.00991131 0.0102302 0.00845315 0.00871212 0.00864621 0.00875176 0.00851089 
0.29807 0.0318962 0.0136318 0.01319 0.00964623 0.00982946 0.0137059 0.00874776 0.0280546 0.0103734 0.019262 0.00864032 0.00541187 0.00610564 0.00562139 0.00419895 0.00373507 0.00430641 0.00355017 0.00356917 0.00353295 0.00354444 0 0.00353657 0.00354528 0.00517095 0.00894736 0.946236 0.00971506 0.0085003 0.00844859 0.00910278 0.00936862 0.0124548 0.0273778 0.0145981 0.0104023 0.00900761 0.00879852 0.00977004 0.0164816 0.0130705 0.0475915 0.0108682 0.0125294 0.00907221 0.0264776 0.0116131 0.0213463 0.00918673 0.00866569 0.00876299 0.00896758 0.00864559 0.00878748 
0.0207275 0.0316759 0.0126248 0.00898422 0.00950557 0.00948828 0.00847934 0.0149646 0.00943162 0.0156551 0.0118756 0.0124249 0.0140168 0.0110474 0.00495377 0.00516216 0.00419999 0.00372849 0.00365069 0.00356632 0.00355727 0.00357444 0.00353657 0 0.00370571 0.00947327 0.952504 0.0107866 0.00803568 0.00835149 0.0281992 0.00864542 0.0125418 0.02151 0.0127014 0.0133744 0.0112401 0.00884474 0.00978303 0.0147063 0.00931878 0.013055 0.0104373 0.0232068 0.00926474 0.0131165 0.00966388 0.0187611 0.010876 0.0130756 0.00869254 0.0092752 0.00874698 0.0109392 0.00869898 
0.0224609 0.0108489 0.0085161 0.00856481 0.00852981 0.00826163 0.00901102 0.00843255 0.00956881 0.00877847 0.0115806 0.0101889 0.0101949 0.00589686 0.00577896 0.00457126 0.00404936 0.00389178 0.00365705 0.00359277 0.00357351 0.00354338 0.00354528 0.00370571 0 0.964636 0.010529 0.00503605 0.0060827 0.0199796 0.00698848 0.00731962 0.0202066 0.00939421 0.0109168 0.00889496 0.0080528 0.00834317 0.0161757 0.00861461 0.00877146 0.00895229 0.0107763 0.00865499 0.0140591 0.0139301 0.00996362 0.00881647 0.0103841 0.00956816 0.0100952 0.00865204 0.0110318 0.00832579 0.0088275 
0.0116694 0.00920387 0.00963641 0.00861437 0.00857122 0.0083468 0.00855675 0.0104253 0.00875603 0.0107718 0.00919764 0.0178943 0.0076108 0.00682474 0.00648959 0.00850462 0.00622046 0.00659991 0.00591488 0.00595954 0.00648985 0.00529589 0.00517095 0.00947327 0.964636 0 0.00364989 0.00358625 0.00374167 0.00407604 0.0056778 0.0287212 0.0065129 0.00675314 0.0080202 0.0094108 0.0166904 0.0284686 0.00970964 0.00793167 0.00787423 0.00950225 0.00877333 0.012419 0.0146169 0.0134365 0.00870827 0.0102094 0.0089975 0.0179735 0.00929237 0.0113294 0.0088041 0.00852688 0.0114091 
0.0101448 0.013777 0.010335 0.00913318 0.00862074 0.00851228 0.00943941 0.0088157 0.0136907 0.0105861 0.0175192 0.00981868 0.0073643 0.00736766 0.00849964 0.00762648 0.00754709 0.0071884 0.00768094 0.00974489 0.00630117 0.00747481 0.00894736 0.952504 0.010529 0.00364989 0 0.00358279 0.00357835 0.00416324 0.0218723 0.00703937 0.00572151 0.00784963 0.00973934 0.0126173 0.0206278 0.0444228 0.00798515 0.00817413 0.00902637 0.00900878 0.0117749 0.0107774 0.0112093 0.00902457 0.0140165 0.0107493 0.0154244 0.00923961 0.00908737 0.00916706 0.00874724 0.0097183 0.00872909 
0.0121162 0.0175306 0.0104695 0.0090441 0.00925128 0.00908043 0.00907924 0.0110143 0.0109559 0.0181004 0.0163585 0.0120393 0.00805789 0.0107671 0.00793005 0.00911229 0.00901453 0.00956966 0.0115174 0.00938447 0.00763598 0.0146757 0.946236 0.0107866 0.00503605 0.00358625 0.00358279 0 0.00354165 0.00755245 0.0170073 0.00427536 0.00633548 0.0114254 0.0102062 0.0122737 0.0313869 0.00858282 0.00799968 0.0111271 0.00864612 0.0113103 0.0126612 0.0119538 0.00838498 0.0118496 0.0119592 0.0163057 0.0125001 0.0105987 0.00896617 0.00891855 0.00956507 0.0101992 0.00895959 
0.0200835 0.0102934 0.00895018 0.00884699 0.00870489 0.00852494 0.00882448 0.0095302 0.0105459 0.0107248 0.01244 0.0198785 0.0157246 0.00805344 0.00852799 0.00901989 0.00942752 0.00848603 0.00875446 0.00706261 0.0112503 0.857894 0.00971506 0.00803568 0.0060827 0.00374167 0.00357835 0.00354165 0 0.0189279 0.00394788 0.00468595 0.0154351 0.0076337 0.0161202 0.0429365 0.0102803 0.0071831 0.0132484 0.00804079 0.0108172 0.00922168 0.0108161 0.00923286 0.0119879 0.0151405 0.012751 0.00958502 0.0104998 0.0138334 0.0117723 0.0102094 0.0116937 0.00875495 0.00992548 
0.0139833 0.0102947 0.0103349 0.00894984 0.00881269 0.00876011 0.00942736 0.0105583 0.0121867 0.010958 0.0113479 0.0200248 0.00940494 0.0084973 0.00889608 0.00886643 0.00949923 0.00888604 0.00875173 0.00982273 0.0393198 0.00982938 0.0085003 0.00835149 0.0199796 0.00407604 0.00416324 0.00755245 0.0189279 0 0.00360287 0.00361636 0.00508199 0.0110457 0.781787 0.0168702 0.0061991 0.0107573 0.00694463 0.00685331 0.00733297 0.00860727 0.00946834 0.0099837 0.0256354 0.012498 0.0115951 0.0110764 0.0113759 0.0170612 0.0101017 0.0132325 0.0101229 0.00903621 0.0151745 
0.0099264 0.0127271 0.00886278 0.00872528 0.00855127 0.00860485 0.00858438 0.00947315 0.00920831 0.0109557 0.0160385 0.0127012 0.00829408 0.0116522 0.00816216 0.0098765 0.0106707 0.00939339 0.0120773 0.0204906 0.0100988 0.00891798 0.00844859 0.0281992 0.00698848 0.0056778 0.0218723 0.0170073 0.00394788 0.00360287 0 0.00367408 0.00599409 0.897277 0.00850193 0.00500991 0.00989799 0.00501357 0.00658759 0.00927332 0.00983753 0.00787901 0.00872104 0.034732 0.0122018 0.0102747 0.0124948 0.0111107 0.0115632 0.0101727 0.0101873 0.0100627 0.00866167 0.0268462 0.00843687 
0.0152234 0.00882786 0.00883617 0.00855409 0.00847327 0.00841432 0.00868368 0.00884122 0.00953084 0.00918866 0.0108974 0.0115905 0.0131298 0.00822633 0.00870605 0.00897433 0.00962183 0.0129924 0.0176856 0.00879736 0.00760143 0.00794706 0.00910278 0.00864542 0.00731962 0.0287212 0.00703937 0.00427536 0.00468595 0.00361636 0.00367408 0 0.523763 0.00491604 0.00409588 0.00485122 0.00392316 0.00427202 0.0086798 0.00625012 0.00626045 0.00677715 0.0115441 0.00685725 0.0252199 0.0158557 0.0092464 0.00907121 0.0100726 0.0108962 0.0101419 0.00914839 0.0212706 0.00852244 0.00923573 
0.0125444 0.0104412 0.00953663 0.00897324 0.00880821 0.00887826 0.00926402 0.011015 0.0103743 0.0105137 0.0113094 0.0186278 0.00995981 0.00891325 0.00910769 0.00990617 0.00969253 0.0101937 0.00974519 0.00875226 0.00852986 0.00935126 0.00936862 0.0125418 0.0202066 0.0065129 0.00572151 0.00633548 0.0154351 0.00508199 0.00599409 0.523763 0 0.00389028 0.00357378 0.00410546 0.00379145 0.00517842 0.00474058 0.00470497 0.00504129 0.00648021 0.0107392 0.308731 0.457991 0.0138719 0.0101212 0.00946701 0.0108499 0.0155734 0.0105422 0.0129621 0.0103157 0.00920396 0.0145372 
0.0102611 0.012567 0.0103424 0.00914101 0.00937159 0.0091842 0.0090799 0.0136849 0.011402 0.02449 0.0129084 0.0117814 0.00881803 0.0097585 0.00928815 0.0131156 0.0111797 0.0119027 0.0111735 0.00962885 0.0111665 0.0118238 0.0124548 0.02151 0.00939421 0.00675314 0.00784963 0.0114254 0.0076337 0.0110457 0.897277 0.00491604 0.00389028 0 0.00357984 0.00355815 0.00400612 0.00393656 0.00401431 0.00501259 0.00511244 0.00903953 0.390539 0.416801 0.00702141 0.0101314 0.0108272 0.0141978 0.0113468 0.0107322 0.00930383 0.0097736 0.00886902 0.0115278 0.00917701 
0.0099654 0.0120563 0.0109593 0.0105381 0.00965574 0.00995314 0.012286 0.00995583 0.0347337 0.0138552 0.0188631 0.00995486 0.00905237 0.00891235 0.0132526 0.0127035 0.0164555 0.0120884 0.012082 0.0149351 0.0139683 0.0170893 0.0273778 0.0127014 0.0109168 0.0080202 0.00973934 0.0102062 0.0161202 0.781787 0.00850193 0.00409588 0.00357378 0.00357984 0 0.0035656 0.0035931 0.00361707 0.00479267 0.00626507 0.0113073 0.848252 0.190405 0.00661215 0.00732709 0.00894441 0.0139159 0.0109205 0.0156933 0.00953307 0.00885428 0.00905618 0.00983221 0.00888169 0.00961967 
0.0102811 0.0106845 0.0134947 0.00933937 0.00966411 0.0103386 0.00927193 0.0218306 0.0110482 0.0271507 0.010384 0.0103905 0.00878109 0.00990553 0.0105484 0.0202561 0.00953708 0.012891 0.0137973 0.0108139 0.01507 0.0227465 0.0145981 0.0133744 0.00889496 0.0094108 0.0126173 0.0122737 0.0429365 0.0168702 0.00500991 0.00485122 0.00410546 0.00355815 0.0035656 0 0.00358823 0.0035681 0.00437032 0.0149526 0.918775 0.0956041 0.00817508 0.00637078 0.00524274 0.011193 0.010336 0.0186794 0.00935698 0.0103991 0.00872885 0.00900999 0.00903606 0.00896991 0.00901896 
0.00992525 0.0110286 0.00873242 0.00868657 0.00872271 0.00848851 0.0132873 0.00927334 0.0100422 0.00979953 0.0121862 0.00913868 0.00915281 0.00999815 0.00892529 0.0091322 0.00971661 0.00924766 0.00929924 0.0108039 0.0135262 0.0110201 0.0104023 0.0112401 0.0080528 0.0166904 0.0206278 0.0313869 0.0102803 0.0061991 0.00989799 0.00392316 0.00379145 0.00400612 0.0035931 0.00358823 0 0.00373625 0.00729089 0.968712 0.0230274 0.00540338 0.00547029 0.00634213 0.00443098 0.00957982 0.0136476 0.00859553 0.0104079 0.00867839 0.00943521 0.00909566 0.00913045 0.0100606 0.00854918 
0.014083 0.00838368 0.00830749 0.00823049 0.00828178 0.00868776 0.00835084 0.00922427 0.00860381 0.00898551 0.0090528 0.00989595 0.0118545 0.00920265 0.00832243 0.00921831 0.00834876 0.00864812 0.00997865 0.00847453 0.00859887 0.00894424 0.00900761 0.00884474 0.00834317 0.0284686 0.0444228 0.00858282 0.0071831 0.0107573 0.00501357 0.00427202 0.00517842 0.00393656 0.00361707 0.0035681 0.00373625 0 0.992954 0.00707414 0.0042052 0.00371963 0.00477503 0.00389259 0.00402916 0.0161747 0.00829503 0.00830404 0.00824191 0.0103205 0.011321 0.00926768 0.0110033 0.00851296 0.00909282 
0.00907827 0.00852129 0.00858486 0.00859014 0.00854592 0.00856299 0.00912431 0.00913636 0.00955483 0.00878303 0.00978028 0.0132407 0.00963795 0.0086751 0.00880308 0.00911854 0.00897767 0.00860298 0.00869463 0.00849942 0.00846336 0.00874716 0.00879852 0.00978303 0.0161757 0.00970964 0.00798515 0.00799968 0.0132484 0.00694463 0.00658759 0.0086798 0.00474058 0.00401431 0.00479267 0.00437032 0.00729089 0.992954 0 0.00394655 0.00360482 0.00360488 0.00404579 0.00431652 0.00612919 0.00922225 0.00827872 0.00812842 0.00995948 0.0170781 0.0106071 0.0115485 0.00942837 0.00882751 0.0150542 
0.00860325 0.00881481 0.00859595 0.00837199 0.00860786 0.00848294 0.0086393 0.0094814 0.0090775 0.0101356 0.00937335 0.0097469 0.00863833 0.00870283 0.00864146 0.009349 0.00867743 0.0092631 0.0087571 0.00897701 0.0090187 0.00896249 0.00977004 0.0147063 0.00861461 0.00793167 0.00817413 0.0111271 0.00804079 0.00685331 0.00927332 0.00625012 0.00470497 0.00501259 0.00626507 0.0149526 0.968712 0.00707414 0.00394655 0 0.00360257 0.00356936 0.00382986 0.00850003 0.00368434 0.008387 0.00844558 0.00905963 0.0137914 0.0203224 0.00877815 0.0090964 0.00859794 0.0101212 0.00861802 
0.00859688 0.0089698 0.00888761 0.00916913 0.00900615 0.00854306 0.0102819 0.0087495 0.0205403 0.0100846 0.0132752 0.00864204 0.00858959 0.00843048 0.0103603 0.00878577 0.0126615 0.00908832 0.00956531 0.0100916 0.00975962 0.0107045 0.0164816 0.00931878 0.00877146 0.00787423 0.00902637 0.00864612 0.0108172 0.00733297 0.00983753 0.00626045 0.00504129 0.00511244 0.0113073 0.918775 0.0230274 0.0042052 0.00360482 0.00360257 0 0.00361637 0.00357339 0.00359172 0.0036065 0.0075196 0.0103059 0.00850169 0.0253961 0.0132177 0.00835785 0.00824606 0.00891949 0.00850622 0.00847712 
0.00934893 0.00973775 0.0113196 0.00994598 0.00944284 0.00936391 0.00911643 0.0264303 0.0102175 0.0453958 0.0102633 0.010177 0.00879016 0.00985173 0.00898384 0.0200331 0.00947524 0.0156701 0.0130751 0.0100146 0.0127097 0.0197008 0.0130705 0.013055 0.00895229 0.00950225 0.00900878 0.0113103 0.00922168 0.00860727 0.00787901 0.00677715 0.00648021 0.00903953 0.848252 0.0956041 0.00540338 0.00371963 0.00360488 0.00356936 0.00361637 0 0.00359971 0.00352857 0.00353584 0.0133637 0.00886259 0.0499394 0.0132104 0.0137461 0.00826787 0.00877537 0.0088144 0.0093133 0.00872438 
0.0095791 0.0133757 0.0116355 0.0106292 0.00952754 0.00913453 0.0190806 0.00929266 0.0613683 0.011546 0.0294208 0.00947995 0.00941103 0.00896891 0.0224554 0.00938197 0.0217453 0.0126794 0.0123254 0.0176192 0.0165687 0.0142692 0.0475915 0.0104373 0.0107763 0.00877333 0.0117749 0.0126612 0.0108161 0.00946834 0.00872104 0.0115441 0.0107392 0.390539 0.190405 0.00817508 0.00547029 0.00477503 0.00404579 0.00382986 0.00357339 0.00359971 0 0.0035314 0.00359643 0.00853704 0.035873 0.0165226 0.0345833 0.00964054 0.00876546 0.00947523 0.0104457 0.00876493 0.01509 
0.0129721 0.0113548 0.0117896 0.0090015 0.00904254 0.00997902 0.0086624 0.0247756 0.00893538 0.0321212 0.00995191 0.0139154 0.00874686 0.0159068 0.00887367 0.0183123 0.00943339 0.0133376 0.0133211 0.00968944 0.0119404 0.0161374 0.0108682 0.0232068 0.00865499 0.012419 0.0107774 0.0119538 0.00923286 0.0099837 0.034732 0.00685725 0.308731 0.416801 0.00661215 0.00637078 0.00634213 0.00389259 0.00431652 0.00850003 0.00359172 0.00352857 0.0035314 0 0.00354168 0.0257109 0.0086662 0.0275875 0.00927826 0.0164106 0.00889738 0.00946398 0.00882587 0.0151504 0.00863477 
0.0159891 0.0110895 0.00869708 0.00873514 0.00876784 0.00840011 0.0119563 0.00848257 0.0178037 0.0088556 0.0160466 0.0102717 0.019881 0.00876796 0.012324 0.00887253 0.0111358 0.00956065 0.0092326 0.0108738 0.00994957 0.00922908 0.0125294 0.00926474 0.0140591 0.0146169 0.0112093 0.00838498 0.0119879 0.0256354 0.0122018 0.0252199 0.457991 0.00702141 0.00732709 0.00524274 0.00443098 0.00402916 0.00612919 0.00368434 0.0036065 0.00353584 0.00359643 0.00354168 0 0.0113802 0.0205483 0.00575935 0.016802 0.0077458 0.00962027 0.00901467 0.0152885 0.00869457 0.00984233 
0.0092964 0.00832377 0.00928209 0.00828145 0.00845777 0.00837112 0.00815996 0.0136185 0.00832129 0.0129849 0.00898166 0.0382557 0.00920924 0.00892107 0.00837574 0.013556 0.008471 0.0103616 0.00944051 0.00860269 0.00982358 0.0106002 0.00907221 0.0131165 0.0139301 0.0134365 0.00902457 0.0118496 0.0151405 0.012498 0.0102747 0.0158557 0.0138719 0.0101314 0.00894441 0.011193 0.00957982 0.0161747 0.00922225 0.008387 0.0075196 0.0133637 0.00853704 0.0257109 0.0113802 0 0.00420121 0.00367479 0.00361362 0.00560239 0.00435168 0.00928989 0.00739787 0.0112099 0.182989 
0.00881138 0.0104859 0.00847942 0.00910624 0.00846062 0.00823245 0.011856 0.00840149 0.0347097 0.00882956 0.0425795 0.00880416 0.00886734 0.00857655 0.0127888 0.00871941 0.0176645 0.0103062 0.00933416 0.0143902 0.0100455 0.00987168 0.0264776 0.00966388 0.00996362 0.00870827 0.0140165 0.0119592 0.012751 0.0115951 0.0124948 0.0092464 0.0101212 0.0108272 0.0139159 0.010336 0.0136476 0.00829503 0.00827872 0.00844558 0.0103059 0.00886259 0.035873 0.0086662 0.0205483 0.00420121 0 0.00353622 0.00375447 0.00357862 0.00402523 0.00488658 0.0121499 0.0513325 0.0133856 
0.00930093 0.00889464 0.0140222 0.00899298 0.00912453 0.00945057 0.00849548 0.0360089 0.00899448 0.135622 0.00939052 0.0110511 0.00852096 0.0100736 0.00879493 0.0323098 0.00992684 0.0191693 0.0237031 0.0101345 0.0170681 0.0359726 0.0116131 0.0187611 0.00881647 0.0102094 0.0107493 0.0163057 0.00958502 0.0110764 0.0111107 0.00907121 0.00946701 0.0141978 0.0109205 0.0186794 0.00859553 0.00830404 0.00812842 0.00905963 0.00850169 0.0499394 0.0165226 0.0275875 0.00575935 0.00367479 0.00353622 0 0.00353606 0.00355806 0.00393551 0.00537891 0.0361495 0.0102857 0.00716316 
0.00886188 0.011644 0.00874068 0.0087834 0.00859597 0.00829798 0.011771 0.00839696 0.0427352 0.00914791 0.0234984 0.00922299 0.0095071 0.0087834 0.0121668 0.00878212 0.0141928 0.0100766 0.00935617 0.0129711 0.0109985 0.00991131 0.0213463 0.010876 0.0103841 0.0089975 0.0154244 0.0125001 0.0104998 0.0113759 0.0115632 0.0100726 0.0108499 0.0113468 0.0156933 0.00935698 0.0104079 0.00824191 0.00995948 0.0137914 0.0253961 0.0132104 0.0345833 0.00927826 0.016802 0.00361362 0.00375447 0.00353606 0 0.00353396 0.0124353 0.931803 0.0135228 0.0118156 0.00939615 
0.0127574 0.00846635 0.00888413 0.00842965 0.00832339 0.00841721 0.0080891 0.0109057 0.00847114 0.0107567 0.00883991 0.0152755 0.0101086 0.00902653 0.00840236 0.0101416 0.00867147 0.00917947 0.00958014 0.00867492 0.00900391 0.0102302 0.00918673 0.0130756 0.00956816 0.0179735 0.00923961 0.0105987 0.0138334 0.0170612 0.0101727 0.0108962 0.0155734 0.0107322 0.00953307 0.0103991 0.00867839 0.0103205 0.0170781 0.0203224 0.0132177 0.0137461 0.00964054 0.0164106 0.0077458 0.00560239 0.00357862 0.00355806 0.00353396 0 0.96856 0.003922 0.00835949 0.00751094 0.0157774 
0.00832714 0.00823717 0.00808943 0.00807208 0.00808973 0.00802161 0.00842245 0.00815903 0.00880528 0.00823369 0.00875239 0.0101537 0.0086949 0.00825026 0.00813239 0.00825456 0.00835095 0.00827884 0.00826719 0.00825499 0.00837721 0.00845315 0.00866569 0.00869254 0.0100952 0.00929237 0.00908737 0.00896617 0.0117723 0.0101017 0.0101873 0.0101419 0.0105422 0.00930383 0.00885428 0.00872885 0.00943521 0.011321 0.0106071 0.00877815 0.00835785 0.00826787 0.00876546 0.00889738 0.00962027 0.00435168 0.00402523 0.00393551 0.0124353 0.96856 0 0.00504895 0.00487339 0.0115855 0.0212629 
0.00967307 0.00825545 0.00809946 0.00805288 0.00808948 0.00807304 0.0082287 0.00829235 0.00868507 0.00844591 0.00877378 0.00906142 0.00958501 0.00847945 0.00825319 0.00863455 0.00866665 0.00841878 0.00855746 0.00833485 0.00840087 0.00871212 0.00876299 0.0092752 0.00865204 0.0113294 0.00916706 0.00891855 0.0102094 0.0132325 0.0100627 0.00914839 0.0129621 0.0097736 0.00905618 0.00900999 0.00909566 0.00926768 0.0115485 0.0090964 0.00824606 0.00877537 0.00947523 0.00946398 0.00901467 0.00928989 0.00488658 0.00537891 0.931803 0.003922 0.00504895 0 0.0127226 0.00885634 0.00529219 
0.00832163 0.00820887 0.00821441 0.00812184 0.00804866 0.0080474 0.00859948 0.00820889 0.00904406 0.00838651 0.00866913 0.0103463 0.0085891 0.00817465 0.00839623 0.00840386 0.00851836 0.0084391 0.0084373 0.00841463 0.00851703 0.00864621 0.00896758 0.00874698 0.0110318 0.0088041 0.00874724 0.00956507 0.0116937 0.0101229 0.00866167 0.0212706 0.0103157 0.00886902 0.00983221 0.00903606 0.00913045 0.0110033 0.00942837 0.00859794 0.00891949 0.0088144 0.0104457 0.00882587 0.0152885 0.00739787 0.0121499 0.0361495 0.0135228 0.00835949 0.00487339 0.0127226 0 0.00382378 0.00404109 
0.00824489 0.00832307 0.00817532 0.00807938 0.00817483 0.0080663 0.00818847 0.00828943 0.0085616 0.00852397 0.0094353 0.00875895 0.00816175 0.00856822 0.00813866 0.00855378 0.00836715 0.00843287 0.00853378 0.00832886 0.00847776 0.00875176 0.00864559 0.0109392 0.00832579 0.00852688 0.0097183 0.0101992 0.00875495 0.00903621 0.0268462 0.00852244 0.00920396 0.0115278 0.00888169 0.00896991 0.0100606 0.00851296 0.00882751 0.0101212 0.00850622 0.0093133 0.00876493 0.0151504 0.00869457 0.0112099 0.0513325 0.0102857 0.0118156 0.00751094 0.0115855 0.00885634 0.00382378 0 0.00364999 
0.00918724 0.00812112 0.00813948 0.00804424 0.00812415 0.00807874 0.0082803 0.00824795 0.00847446 0.00837961 0.00834008 0.00907017 0.00988118 0.00814884 0.0081641 0.00832951 0.00823374 0.00827332 0.00845166 0.00822329 0.00827267 0.00851089 0.00878748 0.00869898 0.0088275 0.0114091 0.00872909 0.00895959 0.00992548 0.0151745 0.00843687 0.00923573 0.0145372 0.00917701 0.00961967 0.00901896 0.00854918 0.00909282 0.0150542 0.00861802 0.00847712 0.00872438 0.01509 0.00863477 0.00984233 0.182989 0.0133856 0.00716316 0.00939615 0.0157774 0.0212629 0.00529219 0.00404109 0.00364999 0 
