1R0VB
DFSTYYFVYEDLRDRGNKVKIQGEFLLTKKPYLPISERKTIRMEEIAEKARNFDELRLAVVDEESEITYFRVYEPDMMGEQKEELPEIAGVLSDEYVITKQTEIFSRYFYGSEKGDLVTLSLIESLYLLDLGKLNLLNADREELVKRAREVERNFDRRYEVYRNLKERGFVVKTGFKFGSEFRVYRKVESVDDLPHSEYLVDIADSREIRLIDLARAVRLAQNVRKRMVFAYGKNYLCFERVKV
CCCHHHHHHHHHHHCCCCCEEECCEEECCCEEEEEECCCEECHHHHHHHHCCCCCCEEEEECCCCCEEEEEEECCCCCCCCCCCCCCEEEEEECCEEEECCCHHHHCCCCCEEECCEEEEEHHHHHHHHHCCCEEECCCCHHHHHHHHHHHCCCHHHHHHHHHHHHHCCCEEEECHHHCCCEEEECCCCCHHHHHHCCEEEEECCCCCEEHHHHHHHHHHHHHCCCEEEEEECCEEEEEEEECC
0 0 0 0 0 0 0 0 0 0 0 0 0 0 0 0 0 0 0 0 0 0 0 0 0 0 0 0 0 0 0 0 0 0 0 0 0 0 0 0 0 0 0 0 0 0 0 0 0 0 0 0 0 0 0 0 0 0 0 0 0 0 0 0 0 0 0 0 0 0 0 0 0 0 0 0 0 0 0 0 0 0 0 0 0 0 0 0 0 0 0 0 0 0 0 0 0 0 0 0 0 0 0 0 0 0 0 0 0 0 0 0 0 0 0 0 0 0 0 0 0 0 0 0 0 0 0 0 0 0 0 0 0 0 0 0 0 0 0 0 0 0 0 0 0 0 0 0 0 0 0 0 0 0 0 0 0 0 0 0 0 0 0 0 0 0 0 0 0 0 0 0 0 0 0 0 0 0 0 0 0 0 0 0 0 0 0 0 0 0 0 0 0 0 0 0 0 0 0 0 0 0 0 0 0 0 0 0 0 0 0 0 0 0 0 0 0 0 0 0 0 0 0 0 0 0 0 0 0 0 0 0 0 0 0 0 0 0 0 0 0 0 0 0 
0 0 0 0 0 0 0 0 0 0 0 0 0 0 0 0 0 0 0 0 0 0 0 0 0 0 0 0 0 0 0 0 0 0 0 0 0 0 0 0 0 0 0 0 0 0 0 0 0 0 0 0 0 0 0 0 0 0 0 0 0 0 0 0 0 0 0 0 0 0 0 0 0 0 0 0 0 0 0 0 0 0 0 0 0 0 0 0 0 0 0 0 0 0 0 0 0 0 0 0 0 0 0 0 0 0 0 0 0 0 0 0 0 0 0 0 0 0 0 0 0 0 0 0 0 0 0 0 0 0 0 0 0 0 0 0 0 0 0 0 0 0 0 0 0 0 0 0 0 0 0 0 0 0 0 0 0 0 0 0 0 0 0 0 0 0 0 0 0 0 0 0 0 0 0 0 0 0 0 0 0 0 0 0 0 0 0 0 0 0 0 0 0 0 0 0 0 0 0 0 0 0 0 0 0 0 0 0 0 0 0 0 0 0 0 0 0 0 0 0 0 0 0 0 0 0 0 0 0 0 0 0 0 0 0 0 0 0 0 0 0 0 0 0 
0 0.00490463 0.00588816 0.00689398 0.043213 0.731446 0.0113568 0.00988534 0.0105203 0.0149435 0.0162996 0.237188 0.0179587 0.0183296 0.0203759 0.0111884 0.0133911 0.012198 0.023879 0.0155234 0.0106483 0.0114081 0.0108979 0.0111343 0.0114823 0.0180738 0.0120822 0.00986894 0.00980008 0.010368 0.00972416 0.0130008 0.0107451 0.00929427 0.00981434 0.0135817 0.00898046 0.0086559 0.0104394 0.00993417 0.00857599 0.00896973 0.0091063 0.0109572 0.00926851 0.00885388 0.00999383 0.00861104 0.00809963 0.00828669 0.00898302 0.00846957 0.00839943 0.00822536 0.00904758 0.00855941 0.00813502 0.00824077 0.00819201 0.00865976 0.0084047 0.00824198 0.00877735 0.0082099 0.00822428 0.00826963 0.00841389 0.0089778 0.00862349 0.00822211 0.00824675 0.00829865 0.0082734 0.00819613 0.00842758 0.00896673 
0.00490463 0 0.00430057 0.00761253 0.839382 0.0080495 0.00880324 0.0123324 0.00819404 0.010835 0.124726 0.0110446 0.0165219 0.0139711 0.0119155 0.0187625 0.0104397 0.0219132 0.0103375 0.0113041 0.0129009 0.00946108 0.0110207 0.0105091 0.013654 0.00982528 0.0108213 0.0100401 0.00911423 0.00901579 0.0104156 0.00876664 0.0100907 0.00982015 0.0100434 0.00895299 0.00877465 0.00938382 0.00846359 0.00898669 0.00940375 0.00848927 0.00925898 0.00835116 0.00939492 0.00871303 0.00875662 0.00832432 0.00839044 0.00817514 0.00808995 0.00826403 0.00851179 0.00818303 0.00820542 0.00814112 0.00841606 0.00822191 0.0082147 0.00807941 0.00839946 0.00801882 0.00810213 0.0082207 0.00819782 0.00827587 0.00828857 0.00813992 0.00816659 0.00820996 0.00821051 0.00819902 0.00819205 0.00810911 0.0081379 0.00818387 
0.00588816 0.00430057 0 0.913946 0.00578301 0.00529071 0.0158421 0.0102466 0.00983025 0.0465422 0.0112171 0.0122041 0.014411 0.0108877 0.021399 0.0118564 0.0116205 0.0109862 0.0147523 0.0194677 0.0112807 0.0106575 0.010396 0.0103909 0.0101529 0.0124458 0.0156405 0.0103139 0.00941893 0.00962421 0.00888669 0.00981465 0.0141213 0.00996386 0.00894882 0.0100257 0.0114427 0.00833793 0.00885119 0.0111707 0.00905175 0.0090873 0.00836452 0.00876941 0.0107801 0.00836684 0.00859011 0.00919079 0.00813413 0.00804449 0.00820156 0.00931712 0.00820357 0.00804236 0.00833231 0.00900677 0.00817478 0.00814615 0.00798541 0.00825642 0.00859609 0.00801567 0.00857768 0.00807005 0.00811031 0.0081437 0.00803144 0.00817425 0.00855929 0.00821212 0.00811571 0.00807597 0.00813039 0.0080437 0.00798624 0.00822895 
0.00689398 0.00761253 0.913946 0 0.00397232 0.00447034 0.00828025 0.0105522 0.401503 0.0224329 0.0100329 0.0207399 0.0126526 0.0225887 0.0400202 0.021047 0.0178457 0.0170942 0.0315933 0.0238835 0.0144598 0.0146329 0.0133174 0.0127813 0.0157949 0.0286648 0.0199396 0.0114573 0.0121498 0.011425 0.0114826 0.015563 0.0128863 0.0114177 0.0120751 0.0192174 0.00964727 0.00894164 0.0120203 0.00971907 0.00954162 0.00927676 0.010731 0.0126607 0.0122949 0.00891937 0.0128382 0.00945137 0.00860348 0.00867698 0.00949844 0.00919181 0.00871062 0.00879219 0.0100372 0.00884841 0.00839522 0.00856657 0.00861283 0.00956447 0.00873285 0.00832509 0.00872526 0.00843136 0.008456 0.00865251 0.00883517 0.00975032 0.00858012 0.00838653 0.0084709 0.00850753 0.00845496 0.00822777 0.00863294 0.00986812 
0.043213 0.839382 0.00578301 0.00397232 0 0.00367704 0.00963513 0.667024 0.0144412 0.00841636 0.0201765 0.00989196 0.0213488 0.013983 0.0168175 0.0359801 0.0139918 0.0417694 0.0139047 0.0131197 0.0245312 0.0118608 0.0121378 0.0130064 0.0245879 0.0118471 0.0115857 0.0152266 0.010934 0.0112682 0.0117261 0.00998089 0.0110088 0.0137586 0.015535 0.010761 0.00893564 0.0100939 0.00865833 0.00949864 0.00974086 0.00968228 0.00999753 0.00915997 0.00897009 0.0102127 0.00867648 0.00867953 0.00860295 0.00853631 0.0085086 0.0084604 0.00860842 0.00854531 0.0084532 0.00841753 0.0086052 0.00859331 0.00859537 0.00829215 0.00816689 0.00818006 0.0083616 0.00843496 0.00837863 0.00853358 0.00847934 0.00831441 0.00838803 0.00846761 0.00842931 0.00838099 0.00835415 0.00822929 0.0082338 0.00816411 
0.731446 0.0080495 0.00529071 0.00447034 0.00367704 0 0.844728 0.0180326 0.00702449 0.00722594 0.00826856 0.0120162 0.0136421 0.0152139 0.0293358 0.015525 0.0161455 0.0150418 0.029105 0.0325731 0.0136693 0.0141094 0.0134226 0.01269 0.0117042 0.0192505 0.0264346 0.012221 0.0120391 0.0113706 0.0106252 0.0116503 0.0204435 0.0124388 0.0107847 0.0155324 0.015702 0.00864026 0.00924901 0.0132055 0.010823 0.00990691 0.00942546 0.00984434 0.0150934 0.00850083 0.0103956 0.0102154 0.00857671 0.00851118 0.00881441 0.0103863 0.00866301 0.00829507 0.00873819 0.00964662 0.00854611 0.0085845 0.00818607 0.0086628 0.0089188 0.00806379 0.00863184 0.00831691 0.00838969 0.00850369 0.00814171 0.0083904 0.00885081 0.00849294 0.00837887 0.00837932 0.00838879 0.00824941 0.00804574 0.00850138 
0.0113568 0.00880324 0.0158421 0.00828025 0.00963513 0.844728 0 0.00372993 0.00360488 0.00365241 0.00381408 0.0114271 0.00949437 0.0137916 0.0520718 0.0206053 0.0143157 0.0167303 0.0306142 0.0265781 0.0214306 0.0132959 0.0132703 0.0121773 0.0148351 0.0295976 0.0236578 0.0112287 0.0114023 0.0109623 0.0110045 0.0184216 0.0143717 0.0117052 0.0112866 0.0202615 0.00969415 0.00883142 0.0123571 0.010233 0.00945672 0.00914824 0.0104996 0.0139639 0.011596 0.00882202 0.0130071 0.0087763 0.00843051 0.00846846 0.00924317 0.00887513 0.00859942 0.00856105 0.00935442 0.00868555 0.00837317 0.00839516 0.00851678 0.00893864 0.00866758 0.00832235 0.0086002 0.0082507 0.00832714 0.00842787 0.00858873 0.00908362 0.0084409 0.00825257 0.0082697 0.00834268 0.00825886 0.00815074 0.00840015 0.00926917 
0.00988534 0.0123324 0.0102466 0.0105522 0.667024 0.0180326 0.00372993 0 0.00358233 0.00359569 0.00371975 0.00380174 0.0111491 0.00772431 0.0591283 0.0767032 0.0297704 0.0316062 0.0247422 0.0216788 0.0320016 0.0309103 0.0238675 0.0262595 0.0257898 0.0139273 0.0137328 0.0231112 0.0195307 0.0166341 0.0164017 0.0110458 0.0117567 0.0206961 0.0179413 0.0132149 0.00878994 0.00886901 0.00956874 0.00922186 0.0117451 0.0118902 0.0118031 0.0102898 0.00919424 0.00921326 0.00948558 0.00863718 0.0091042 0.00906012 0.00859395 0.00840666 0.0089796 0.00881164 0.00860897 0.00843066 0.0086377 0.00906063 0.0087456 0.0084923 0.00816564 0.00811698 0.00822628 0.00853334 0.00854415 0.00869411 0.00869049 0.00840823 0.00819904 0.00839592 0.00852455 0.00855988 0.00852176 0.00829061 0.00842884 0.00831415 
0.0105203 0.00819404 0.00983025 0.401503 0.0144412 0.00702449 0.00360488 0.00358233 0 0.00356953 0.00359066 0.00370637 0.00612036 0.00772776 0.0277286 0.0660226 0.0704261 0.0430142 0.0158986 0.0156616 0.0275381 0.0511295 0.0734564 0.0569514 0.0210026 0.0123284 0.012339 0.020026 0.0545756 0.0514305 0.0139032 0.0103284 0.0123946 0.0253796 0.0232156 0.0131646 0.00896601 0.00855209 0.00870722 0.00917683 0.0124349 0.025316 0.0130389 0.00996296 0.00946536 0.00867096 0.0089765 0.00895886 0.0102892 0.00941471 0.00865252 0.00869216 0.00952041 0.00895763 0.00852815 0.00854582 0.00903727 0.0102524 0.00959898 0.00848052 0.00817695 0.00809856 0.00822461 0.0087111 0.00929893 0.00920452 0.00870083 0.00832705 0.00826237 0.00859945 0.00902459 0.00903335 0.00876753 0.00856142 0.00845759 0.00824297 
0.0149435 0.010835 0.0465422 0.0224329 0.00841636 0.00722594 0.00365241 0.00359569 0.00356953 0 0.00356726 0.00356125 0.00532255 0.00810557 0.027049 0.0546402 0.15646 0.0328718 0.0172618 0.0152942 0.0294483 0.0606318 0.0656205 0.0596876 0.0208299 0.0129987 0.0121255 0.0239766 0.0660451 0.0461751 0.0127141 0.0105584 0.0125986 0.028078 0.031445 0.0127919 0.00917969 0.0086099 0.00887555 0.00945463 0.0139735 0.0279577 0.0131135 0.0104695 0.00938063 0.00908332 0.0092362 0.00922173 0.00990573 0.00956852 0.00855174 0.00887828 0.00923997 0.0092211 0.0084433 0.00851594 0.00903058 0.0103559 0.00942404 0.0085519 0.00816318 0.00810429 0.00829178 0.00886384 0.00923825 0.00975681 0.00863649 0.00828045 0.00826829 0.00860396 0.00901332 0.00891674 0.00879778 0.00850699 0.00840158 0.00820292 
0.0162996 0.124726 0.0112171 0.0100329 0.0201765 0.00826856 0.00381408 0.00371975 0.00359066 0.00356726 0 0.00370665 0.00932641 0.0542181 0.0222346 0.0719301 0.0369254 0.123253 0.0250232 0.0172674 0.0358611 0.0331376 0.028558 0.0281451 0.03997 0.0153516 0.0133652 0.0270188 0.0247359 0.0184288 0.0203108 0.0110802 0.0129261 0.0250516 0.0426169 0.0177421 0.00964415 0.00944482 0.00868967 0.00999535 0.01198 0.0144393 0.0163696 0.0108519 0.00950391 0.0089916 0.00917411 0.00921419 0.0094619 0.00912473 0.0089231 0.00906913 0.00928597 0.00901064 0.00845009 0.00874409 0.00893762 0.00940621 0.00907474 0.00845963 0.00815582 0.00809172 0.00828541 0.00869411 0.00867101 0.00895973 0.00852846 0.00823208 0.00832747 0.00856998 0.00870446 0.00867188 0.00848308 0.00841225 0.00825638 0.00811866 
0.237188 0.0110446 0.0122041 0.0207399 0.00989196 0.0120162 0.0114271 0.00380174 0.00370637 0.00356125 0.00370665 0 0.0973102 0.00667452 0.040697 0.0204179 0.0239339 0.0316202 0.0851457 0.033425 0.0182476 0.0189022 0.015457 0.0147246 0.0169651 0.0293321 0.0311052 0.0131096 0.0145595 0.0130836 0.0121977 0.0165496 0.0250799 0.0129826 0.0151162 0.0328334 0.0144082 0.008733 0.00966116 0.01297 0.0100817 0.0110662 0.0113363 0.0130725 0.0125 0.00865521 0.0103595 0.0105429 0.00889138 0.00900697 0.00940525 0.0106712 0.00890388 0.00909764 0.00911558 0.0097314 0.00869944 0.00920792 0.00871683 0.00886436 0.00853899 0.00810134 0.00880729 0.00843106 0.00878149 0.00884795 0.00826994 0.00832814 0.00866727 0.00855416 0.00864191 0.00851513 0.00845197 0.00830609 0.00805095 0.00830107 
0.0179587 0.0165219 0.014411 0.0126526 0.0213488 0.0136421 0.00949437 0.0111491 0.00612036 0.00532255 0.00932641 0.0973102 0 0.0068133 0.0260422 0.0291629 0.013699 0.02774 0.0200484 0.0171526 0.0160625 0.0103529 0.0106054 0.0123041 0.013245 0.0232228 0.0146292 0.0127266 0.00972867 0.010429 0.0105495 0.0139845 0.0146777 0.0111031 0.0110956 0.0148145 0.00998557 0.00941729 0.0100462 0.0114924 0.00909612 0.0096465 0.00928618 0.0127489 0.00994134 0.0107729 0.00989277 0.00904645 0.00837016 0.00823047 0.00857719 0.00856228 0.00871241 0.00820077 0.00886874 0.0085787 0.00843184 0.0081469 0.00821916 0.00840929 0.00845934 0.00863874 0.00895006 0.00819459 0.0082285 0.00820467 0.00831936 0.00859968 0.00885578 0.00832758 0.00818656 0.00820643 0.00819396 0.0081149 0.00834138 0.00860867 
0.0183296 0.0139711 0.0108877 0.0225887 0.013983 0.0152139 0.0137916 0.00772431 0.00772776 0.00810557 0.0542181 0.00667452 0.0068133 0 0.0283767 0.016803 0.0124555 0.022918 0.0256511 0.0284926 0.0122822 0.0110216 0.0106399 0.0100583 0.0209995 0.0195088 0.030713 0.010742 0.0104239 0.00938262 0.0113515 0.00994502 0.0172603 0.0113525 0.0100762 0.0117791 0.0158833 0.00870986 0.00913758 0.0108592 0.012091 0.00862359 0.0110777 0.00903851 0.0180933 0.00836586 0.0113146 0.00957531 0.00838887 0.00817572 0.00899725 0.0104595 0.00824433 0.00858706 0.0087635 0.0094782 0.00822199 0.00825667 0.00817473 0.00850934 0.0106562 0.00801325 0.00850273 0.00824527 0.00807846 0.00816456 0.00810232 0.00836799 0.00859539 0.00817983 0.00806705 0.00809042 0.0083013 0.00802543 0.00797909 0.00909556 
0.0203759 0.0119155 0.021399 0.0400202 0.0168175 0.0293358 0.0520718 0.0591283 0.0277286 0.027049 0.0222346 0.040697 0.0260422 0.0283767 0 0.00401764 0.00368816 0.00388989 0.00512273 0.0105082 0.010741 0.0110471 0.0239251 0.571078 0.0368023 0.0498788 0.029031 0.0208165 0.0143077 0.0164299 0.0137849 0.0267926 0.0297005 0.0174162 0.0170548 0.0317525 0.0113064 0.010058 0.0169083 0.017177 0.0111064 0.0127183 0.0129223 0.0275427 0.0115638 0.0113533 0.0163592 0.0103491 0.00894205 0.00938271 0.0121164 0.00929124 0.00907089 0.00939548 0.0117822 0.0089773 0.00853198 0.00910134 0.00895642 0.0107745 0.00850799 0.0088085 0.00934237 0.00833865 0.00856621 0.00869219 0.00901669 0.0100309 0.00891453 0.00831024 0.00847718 0.00850177 0.00853581 0.00823088 0.00873506 0.00954527 
0.0111884 0.0187625 0.0118564 0.021047 0.0359801 0.015525 0.0206053 0.0767032 0.0660226 0.0546402 0.0719301 0.0204179 0.0291629 0.016803 0.00401764 0 0.00364486 0.00368034 0.00387738 0.0096805 0.0170331 0.025537 0.586212 0.0263288 0.0418429 0.0137597 0.0237934 0.0345541 0.0360186 0.0242711 0.0353399 0.0119937 0.018672 0.0492609 0.0424324 0.017374 0.0101889 0.0103893 0.01031 0.0106026 0.0301814 0.0170231 0.0267176 0.0123358 0.0118915 0.0108652 0.01107 0.0106737 0.0115316 0.0103531 0.00933962 0.00975765 0.0105824 0.00958356 0.00918328 0.00890455 0.00986925 0.0101997 0.0104572 0.00884685 0.00886384 0.00825123 0.00824103 0.00929661 0.00935789 0.00957888 0.00915418 0.00871703 0.00830102 0.00870089 0.00898686 0.00914277 0.00877518 0.00861356 0.00864095 0.00857568 
0.0133911 0.0104397 0.0116205 0.0178457 0.0139918 0.0161455 0.0143157 0.0297704 0.0704261 0.15646 0.0369254 0.0239339 0.013699 0.0124555 0.00368816 0.00364486 0 0.00363572 0.0035877 0.0101719 0.0289166 0.624461 0.0297474 0.0340176 0.0143966 0.0121276 0.015811 0.0322381 0.0570233 0.0753886 0.0167845 0.0115311 0.0168638 0.0557981 0.0451302 0.0155104 0.0108435 0.00923084 0.00982324 0.0115721 0.0189651 0.0707791 0.0171146 0.0124145 0.0107732 0.0099862 0.0101646 0.0104776 0.0137596 0.0117475 0.00953058 0.00946155 0.0120004 0.0101697 0.00898205 0.00918565 0.00996157 0.0139441 0.0104803 0.00877484 0.00836371 0.00819857 0.00849231 0.0092708 0.0107747 0.0108939 0.00940048 0.00858273 0.00847145 0.00883311 0.00969809 0.00961766 0.00934848 0.00894885 0.00866047 0.00835087 
0.012198 0.0219132 0.0109862 0.0170942 0.0417694 0.0150418 0.0167303 0.0316062 0.0430142 0.0328718 0.123253 0.0316202 0.02774 0.022918 0.00388989 0.00368034 0.00363572 0 0.00362373 0.0209618 0.567688 0.0433717 0.0290514 0.015287 0.0199714 0.0132473 0.0182122 0.031102 0.038896 0.0238374 0.0325723 0.0121971 0.0168427 0.0547712 0.0690471 0.022334 0.0109658 0.0137805 0.00926356 0.0118171 0.0258841 0.0212822 0.0341508 0.0131375 0.0109414 0.0124346 0.00970389 0.0107855 0.0118943 0.0123008 0.00958986 0.0099133 0.0102689 0.0104682 0.00876104 0.00947751 0.0100874 0.0109864 0.0104177 0.00875702 0.00838086 0.00825069 0.00850948 0.00919059 0.00944731 0.00970724 0.00922391 0.00844145 0.00848709 0.00881617 0.00928599 0.00933248 0.008935 0.0087231 0.00849823 0.00817905 
0.023879 0.0103375 0.0147523 0.0315933 0.0139047 0.029105 0.0306142 0.0247422 0.0158986 0.0172618 0.0250232 0.0851457 0.0200484 0.0256511 0.00512273 0.00387738 0.0035877 0.00362373 0 0.598422 0.0414731 0.0109387 0.010116 0.00911984 0.0106579 0.0168829 0.0282044 0.0167095 0.0162327 0.0157509 0.014455 0.0226243 0.030654 0.0159675 0.0256981 0.0422806 0.0247308 0.00967875 0.0115189 0.018896 0.0131986 0.0132851 0.0148425 0.0220202 0.0208844 0.00984671 0.0133822 0.0140569 0.0102131 0.00956543 0.0109923 0.0136079 0.00940943 0.00952001 0.0100092 0.0113232 0.00911587 0.00965288 0.00944505 0.00986264 0.00917515 0.00818365 0.00903355 0.00863336 0.00903918 0.00934482 0.00875592 0.00885742 0.00907773 0.00861746 0.00909978 0.00909785 0.0087232 0.00853271 0.00809943 0.00855631 
0.0155234 0.0113041 0.0194677 0.0238835 0.0131197 0.0325731 0.0265781 0.0216788 0.0156616 0.0152942 0.0172674 0.033425 0.0171526 0.0284926 0.0105082 0.0096805 0.0101719 0.0209618 0.598422 0 0.00373943 0.00363102 0.00368607 0.00374224 0.00462586 0.00863083 0.0612513 0.0202679 0.0168409 0.0165921 0.0159173 0.0336071 0.0277376 0.0201004 0.0173129 0.0337315 0.0123011 0.0100131 0.0174482 0.0151304 0.0144272 0.0123658 0.0159419 0.0274257 0.0163465 0.00995922 0.0222369 0.0117024 0.00945173 0.00977623 0.0139614 0.0102301 0.00898616 0.00978533 0.0119705 0.00931094 0.00879293 0.00960533 0.00908317 0.0106583 0.00894528 0.00864464 0.00904807 0.00861746 0.00883022 0.00898628 0.00911372 0.0100509 0.00865368 0.00833615 0.00859614 0.00866378 0.00872504 0.0082565 0.00863913 0.00986206 
0.0106483 0.0129009 0.0112807 0.0144598 0.0245312 0.0136693 0.0214306 0.0320016 0.0275381 0.0294483 0.0358611 0.0182476 0.0160625 0.0122822 0.010741 0.0170331 0.0289166 0.567688 0.0414731 0.00373943 0 0.00360437 0.00362443 0.00365191 0.00381077 0.0045654 0.0280945 0.0554557 0.0295141 0.0289509 0.0522676 0.0127329 0.0179978 0.0423067 0.0326285 0.0148177 0.0103601 0.0105647 0.0102944 0.010933 0.0214816 0.0219934 0.0193814 0.0128258 0.0109027 0.013221 0.0105935 0.00982089 0.0115197 0.0109003 0.00950755 0.00934029 0.0112588 0.00969047 0.00951245 0.0088644 0.0101455 0.0100156 0.0104606 0.0088478 0.00844296 0.00832587 0.00829346 0.00915074 0.00938481 0.00955164 0.00913313 0.00861966 0.00831469 0.00874543 0.00899351 0.00925631 0.008771 0.00880074 0.00863549 0.00855437 
0.0114081 0.00946108 0.0106575 0.0146329 0.0118608 0.0141094 0.0132959 0.0309103 0.0511295 0.0606318 0.0331376 0.0189022 0.0103529 0.0110216 0.0110471 0.025537 0.624461 0.0433717 0.0109387 0.00363102 0.00360437 0 0.00360045 0.00361264 0.0036478 0.00379473 0.0207164 0.027387 0.0496935 0.0846341 0.0201352 0.0132613 0.0153424 0.0342629 0.03104 0.0161415 0.0109362 0.00907234 0.0100023 0.011316 0.0183079 0.0473885 0.0177803 0.0129575 0.0113053 0.00992862 0.0106779 0.00993356 0.0151532 0.0119253 0.00995611 0.00967349 0.0124178 0.0106659 0.00922552 0.00920674 0.00997766 0.0142779 0.010691 0.00894384 0.00839285 0.00816225 0.00850384 0.00932139 0.0111613 0.0111454 0.00968114 0.00857806 0.00839284 0.00889218 0.0100031 0.00985216 0.00960028 0.00899508 0.00874413 0.00835313 
0.0108979 0.0110207 0.010396 0.0133174 0.0121378 0.0134226 0.0132703 0.0238675 0.0734564 0.0656205 0.028558 0.015457 0.0106054 0.0106399 0.0239251 0.586212 0.0297474 0.0290514 0.010116 0.00368607 0.00362443 0.00360045 0 0.0035799 0.00361439 0.00361867 0.0197723 0.0273173 0.0859109 0.0365817 0.0227643 0.0121768 0.0177101 0.0310367 0.0256329 0.0164871 0.0104862 0.0091451 0.00985829 0.0110323 0.0269714 0.0311382 0.0245005 0.0120308 0.0116307 0.0100311 0.0104573 0.0104984 0.0170379 0.0124523 0.00983762 0.0101652 0.011893 0.0106685 0.00952349 0.00921415 0.0110458 0.0137106 0.0111711 0.00881391 0.00858631 0.00821277 0.00833826 0.00967936 0.0106085 0.0111697 0.0095718 0.0085437 0.00834144 0.00883544 0.00983814 0.0101067 0.00933546 0.00904394 0.00874835 0.00835612 
0.0111343 0.0105091 0.0103909 0.0127813 0.0130064 0.01269 0.0121773 0.0262595 0.0569514 0.0596876 0.0281451 0.0147246 0.0123041 0.0100583 0.571078 0.0263288 0.0340176 0.015287 0.00911984 0.00374224 0.00365191 0.00361264 0.0035799 0 0.00357413 0.00358068 0.0225685 0.0557065 0.0458578 0.0706815 0.016299 0.0123299 0.0147029 0.0328218 0.0315827 0.0144009 0.0105655 0.00914108 0.00960447 0.0120163 0.0154721 0.0550555 0.0159313 0.0126164 0.0108659 0.0103348 0.0100501 0.0100266 0.0159235 0.0126524 0.010009 0.00943946 0.0123111 0.0103307 0.00897991 0.00928888 0.0102229 0.0139453 0.0106669 0.00865689 0.00833 0.00817615 0.00854283 0.00937361 0.0106025 0.0109033 0.00934259 0.00844841 0.00836938 0.00892192 0.00972834 0.00998953 0.00936494 0.00892054 0.00861105 0.00824342 
0.0114823 0.013654 0.0101529 0.0157949 0.0245879 0.0117042 0.0148351 0.0257898 0.0210026 0.0208299 0.03997 0.0169651 0.013245 0.0209995 0.0368023 0.0418429 0.0143966 0.0199714 0.0106579 0.00462586 0.00381077 0.0036478 0.00361439 0.00357413 0 0.0036955 0.0373914 0.0410033 0.0442296 0.0254344 0.030135 0.0142012 0.0176009 0.0325735 0.0495517 0.0150281 0.0118932 0.0130517 0.0091159 0.0121894 0.0214393 0.0160558 0.0245908 0.0113099 0.0134333 0.013036 0.00993743 0.0105223 0.0112577 0.0106249 0.00958848 0.0100251 0.0103944 0.00994764 0.00872524 0.00937519 0.0096866 0.0103975 0.00936778 0.00875899 0.00847667 0.00828621 0.00847407 0.00901016 0.00914107 0.00918723 0.00890803 0.00840273 0.00849395 0.00875149 0.00921038 0.00896985 0.00874477 0.00856994 0.00835992 0.00816625 
0.0180738 0.00982528 0.0124458 0.0286648 0.0118471 0.0192505 0.0295976 0.0139273 0.0123284 0.0129987 0.0153516 0.0293321 0.0232228 0.0195088 0.0498788 0.0137597 0.0121276 0.0132473 0.0168829 0.00863083 0.0045654 0.00379473 0.00361867 0.00358068 0.0036955 0 0.0386856 0.017979 0.0183818 0.0160226 0.0238307 0.0318718 0.0260974 0.0156013 0.0171895 0.0341648 0.0240667 0.00912904 0.0114533 0.0169727 0.0133904 0.0116178 0.0122819 0.0148522 0.0244763 0.00909218 0.0140551 0.0137191 0.00966907 0.00916271 0.0108105 0.0139683 0.00918372 0.00883963 0.00990329 0.0115486 0.00906813 0.00907752 0.00865427 0.00948671 0.00967258 0.00811586 0.00890586 0.0085741 0.00880029 0.00879665 0.00838653 0.00896072 0.00889134 0.00859247 0.00861186 0.00869084 0.00853543 0.00823505 0.00809002 0.00876435 
0.0120822 0.0108213 0.0156405 0.0199396 0.0115857 0.0264346 0.0236578 0.0137328 0.012339 0.0121255 0.0133652 0.0311052 0.0146292 0.030713 0.029031 0.0237934 0.015811 0.0182122 0.0282044 0.0612513 0.0280945 0.0207164 0.0197723 0.0225685 0.0373914 0.0386856 0 0.00435343 0.0036488 0.00368358 0.00390624 0.00505186 0.00757454 0.00827984 0.00918948 0.0318441 0.0242132 0.0122847 0.022684 0.0180066 0.0190932 0.0112933 0.018121 0.0245606 0.0268046 0.0104756 0.0342854 0.0117434 0.0099489 0.00966957 0.0151163 0.0117931 0.00892282 0.0100804 0.0131448 0.0100312 0.0088874 0.00923985 0.00895374 0.0112877 0.00972599 0.00898858 0.00906372 0.00871826 0.00860752 0.00880545 0.00908624 0.00989731 0.00861236 0.00841424 0.0083852 0.0085783 0.00844361 0.00824988 0.00860392 0.0107082 
0.00986894 0.0100401 0.0103139 0.0114573 0.0152266 0.012221 0.0112287 0.0231112 0.020026 0.0239766 0.0270188 0.0131096 0.0127266 0.010742 0.0208165 0.0345541 0.0322381 0.031102 0.0167095 0.0202679 0.0554557 0.027387 0.0273173 0.0557065 0.0410033 0.017979 0.00435343 0 0.00358806 0.00359225 0.00374663 0.00374727 0.00688562 0.00716946 0.0154535 0.0466983 0.017131 0.0134094 0.0106953 0.0130919 0.0210931 0.0259835 0.018051 0.0150673 0.0118986 0.0187005 0.0110302 0.0107665 0.0129035 0.011899 0.0098914 0.00987405 0.0127211 0.0100679 0.00995134 0.00905479 0.0103685 0.0106003 0.0107068 0.00913418 0.00837547 0.0083371 0.00838988 0.00912526 0.00946062 0.00976006 0.00935983 0.00854766 0.00824311 0.00863698 0.00893172 0.00912377 0.00878917 0.00844854 0.00859286 0.00833715 
0.00980008 0.00911423 0.00941893 0.0121498 0.010934 0.0120391 0.0114023 0.0195307 0.0545756 0.0660451 0.0247359 0.0145595 0.00972867 0.0104239 0.0143077 0.0360186 0.0570233 0.038896 0.0162327 0.0168409 0.0295141 0.0496935 0.0859109 0.0458578 0.0442296 0.0183818 0.0036488 0.00358806 0 0.00356632 0.00362775 0.00356008 0.00450468 0.01664 0.0339608 0.367462 0.0121042 0.00980386 0.00968677 0.0115379 0.0308022 0.030332 0.0232913 0.0123583 0.0138207 0.0104326 0.0116669 0.0107758 0.020645 0.013544 0.0109535 0.0103427 0.0133588 0.0125023 0.00974667 0.00983969 0.0122143 0.0216802 0.0126819 0.00921605 0.00844658 0.00820783 0.00855816 0.0101817 0.0121976 0.0138065 0.0102424 0.00866836 0.00838259 0.00918339 0.0107114 0.0114473 0.00979798 0.00948423 0.00888567 0.00848725 
0.010368 0.00901579 0.00962421 0.011425 0.0112682 0.0113706 0.0109623 0.0166341 0.0514305 0.0461751 0.0184288 0.0130836 0.010429 0.00938262 0.0164299 0.0242711 0.0753886 0.0238374 0.0157509 0.0165921 0.0289509 0.0846341 0.0365817 0.0706815 0.0254344 0.0160226 0.00368358 0.00359225 0.00356632 0 0.0036 0.00358528 0.00549419 0.0219595 0.722229 0.00998597 0.0106194 0.00911661 0.00964113 0.0134845 0.0130407 0.0613684 0.014048 0.0133381 0.0110904 0.0117573 0.0104737 0.0115121 0.0153121 0.0141643 0.0102575 0.00997533 0.0143181 0.0108843 0.0094799 0.00912168 0.0114465 0.016108 0.0109391 0.00882988 0.00832408 0.00827222 0.00862371 0.0092722 0.0122171 0.0105816 0.00934318 0.00852767 0.00836255 0.00866648 0.0102377 0.00994033 0.00924471 0.00895233 0.00861935 0.008273 
0.00972416 0.0104156 0.00888669 0.0114826 0.0117261 0.0106252 0.0110045 0.0164017 0.0139032 0.0127141 0.0203108 0.0121977 0.0105495 0.0113515 0.0137849 0.0353399 0.0167845 0.0325723 0.014455 0.0159173 0.0522676 0.0201352 0.0227643 0.016299 0.030135 0.0238307 0.00390624 0.00374663 0.00362775 0.0036 0 0.00364081 0.00966665 0.902857 0.00838454 0.00717639 0.0108958 0.012297 0.00918327 0.010828 0.0278354 0.0112113 0.0306391 0.0100307 0.0143373 0.0103454 0.0111849 0.0105083 0.011991 0.0105163 0.010039 0.0100779 0.00971765 0.0104203 0.008848 0.00969554 0.00987085 0.0101147 0.00967307 0.00901008 0.00873096 0.00824519 0.00835479 0.00891608 0.00892558 0.00904979 0.00890663 0.00848503 0.00835571 0.00857004 0.00876889 0.00872253 0.00872418 0.00842486 0.00831434 0.00833453 
0.0130008 0.00876664 0.00981465 0.015563 0.00998089 0.0116503 0.0184216 0.0110458 0.0103284 0.0105584 0.0110802 0.0165496 0.0139845 0.00994502 0.0267926 0.0119937 0.0115311 0.0121971 0.0226243 0.0336071 0.0127329 0.0132613 0.0121768 0.0123299 0.0142012 0.0318718 0.00505186 0.00374727 0.00356008 0.00358528 0.00364081 0 0.961321 0.00493435 0.00429033 0.00547862 0.0147067 0.00889118 0.00999217 0.0185404 0.0112881 0.0112399 0.0104903 0.0168397 0.0162451 0.00945562 0.0107017 0.0150291 0.009063 0.00923975 0.0104567 0.0128031 0.00890921 0.00858811 0.00954205 0.0113933 0.0088447 0.00862367 0.00859889 0.00911415 0.00869693 0.00815586 0.00911469 0.00831138 0.00851428 0.00851736 0.00826613 0.00855423 0.00893659 0.00835502 0.00828012 0.00828059 0.00824175 0.00808831 0.00806535 0.0082529 
0.0107451 0.0100907 0.0141213 0.0128863 0.0110088 0.0204435 0.0143717 0.0117567 0.0123946 0.0125986 0.0129261 0.0250799 0.0146777 0.0172603 0.0297005 0.018672 0.0168638 0.0168427 0.030654 0.0277376 0.0179978 0.0153424 0.0177101 0.0147029 0.0176009 0.0260974 0.00757454 0.00688562 0.00450468 0.00549419 0.00966665 0.961321 0 0.00363859 0.00360955 0.00402867 0.0192169 0.0126529 0.0586415 0.0201743 0.0163624 0.0153563 0.0158428 0.0459793 0.0193145 0.0137719 0.0250948 0.0135257 0.0101487 0.0103581 0.0191284 0.0118004 0.00945422 0.0104961 0.0158604 0.0101542 0.00926815 0.00944273 0.00977665 0.0126273 0.00897272 0.00971522 0.00912589 0.00866767 0.00876066 0.00930912 0.00956392 0.0107321 0.00865935 0.00833752 0.00845997 0.00877878 0.00850379 0.00830817 0.00889291 0.00991692 
0.00929427 0.00982015 0.00996386 0.0114177 0.0137586 0.0124388 0.0117052 0.0206961 0.0253796 0.028078 0.0250516 0.0129826 0.0111031 0.0113525 0.0174162 0.0492609 0.0557981 0.0547712 0.0159675 0.0201004 0.0423067 0.0342629 0.0310367 0.0328218 0.0325735 0.0156013 0.00827984 0.00716946 0.01664 0.0219595 0.902857 0.00493435 0.00363859 0 0.00362385 0.00356493 0.0267387 0.0538561 0.0145002 0.0120415 0.0513115 0.0255505 0.0478591 0.0129316 0.0186645 0.0173194 0.0131903 0.0124015 0.0210584 0.0163365 0.010581 0.011044 0.0152787 0.0130699 0.00995852 0.00952459 0.0122528 0.0146122 0.0118824 0.00957766 0.00855639 0.00838682 0.0085696 0.0101727 0.0109248 0.0110115 0.00974627 0.00875167 0.00836839 0.00900151 0.00999111 0.00969974 0.0091808 0.0087845 0.00877319 0.0085738 
0.00981434 0.0100434 0.00894882 0.0120751 0.015535 0.0107847 0.0112866 0.0179413 0.0232156 0.031445 0.0426169 0.0151162 0.0110956 0.0100762 0.0170548 0.0424324 0.0451302 0.0690471 0.0256981 0.0173129 0.0326285 0.03104 0.0256329 0.0315827 0.0495517 0.0171895 0.00918948 0.0154535 0.0339608 0.722229 0.00838454 0.00429033 0.00360955 0.00362385 0 0.00354607 0.0357606 0.0482442 0.013233 0.0130873 0.0312323 0.0556772 0.0351957 0.0310653 0.0138277 0.0192566 0.012119 0.0119806 0.0232273 0.0237785 0.0124329 0.0112797 0.0159414 0.0163355 0.00939844 0.00992273 0.0115671 0.0162447 0.0156283 0.00954052 0.00853162 0.0084438 0.00867569 0.00981105 0.0113413 0.0109852 0.00969694 0.0086809 0.00858126 0.00899127 0.00979209 0.00988888 0.00915398 0.00888807 0.00851598 0.0082777 
0.0135817 0.00895299 0.0100257 0.0192174 0.010761 0.0155324 0.0202615 0.0132149 0.0131646 0.0127919 0.0177421 0.0328334 0.0148145 0.0117791 0.0317525 0.017374 0.0155104 0.022334 0.0422806 0.0337315 0.0148177 0.0161415 0.0164871 0.0144009 0.0150281 0.0341648 0.0318441 0.0466983 0.367462 0.00998597 0.00717639 0.00547862 0.00402867 0.00356493 0.00354607 0 0.0232621 0.0163962 0.0255309 0.0189529 0.0148158 0.0131235 0.0423928 0.0467511 0.0235542 0.010842 0.0181986 0.0252929 0.0109405 0.0137824 0.0190211 0.0202619 0.0103934 0.0100559 0.0127904 0.0160584 0.010235 0.0102177 0.0107709 0.0113023 0.00961029 0.00835641 0.00979714 0.00882517 0.00923508 0.00944685 0.00915437 0.00915833 0.00963634 0.00867506 0.0088284 0.00881884 0.00859274 0.00839398 0.00820938 0.00863389 
0.00898046 0.00877465 0.0114427 0.00964727 0.00893564 0.015702 0.00969415 0.00878994 0.00896601 0.00917969 0.00964415 0.0144082 0.00998557 0.0158833 0.0113064 0.0101889 0.0108435 0.0109658 0.0247308 0.0123011 0.0103601 0.0109362 0.0104862 0.0105655 0.0118932 0.0240667 0.0242132 0.017131 0.0121042 0.0106194 0.0108958 0.0147067 0.0192169 0.0267387 0.0357606 0.0232621 0 0.00417066 0.0041574 0.00484822 0.00893507 0.716362 0.0399139 0.0254487 0.017548 0.00978575 0.0541833 0.0102927 0.00926666 0.00948353 0.0192367 0.00973056 0.00884792 0.00962911 0.015805 0.00917943 0.00849298 0.00882503 0.00879864 0.0115068 0.00892936 0.00905181 0.00842244 0.00826096 0.00835541 0.00843901 0.00872778 0.00977763 0.00833303 0.00813135 0.00818977 0.00826208 0.00828787 0.0081486 0.00845117 0.00966068 
0.0086559 0.00938382 0.00833793 0.00894164 0.0100939 0.00864026 0.00883142 0.00886901 0.00855209 0.0086099 0.00944482 0.008733 0.00941729 0.00870986 0.010058 0.0103893 0.00923084 0.0137805 0.00967875 0.0100131 0.0105647 0.00907234 0.0091451 0.00914108 0.0130517 0.00912904 0.0122847 0.0134094 0.00980386 0.00911661 0.012297 0.00889118 0.0126529 0.0538561 0.0482442 0.0163962 0.00417066 0 0.00363985 0.00556751 0.921171 0.0111769 0.0097979 0.00439468 0.0102867 0.0664616 0.0090084 0.00921912 0.00924074 0.00981305 0.00879276 0.00895084 0.00907342 0.00902222 0.00864578 0.00856448 0.00876706 0.00847441 0.00929412 0.00842736 0.00849942 0.00833497 0.0081854 0.00839478 0.00828145 0.00835716 0.00851572 0.00825875 0.00818762 0.00821782 0.00822105 0.00823452 0.00824042 0.00809841 0.00825276 0.00809225 
0.0104394 0.00846359 0.00885119 0.0120203 0.00865833 0.00924901 0.0123571 0.00956874 0.00870722 0.00887555 0.00868967 0.00966116 0.0100462 0.00913758 0.0169083 0.01031 0.00982324 0.00926356 0.0115189 0.0174482 0.0102944 0.0100023 0.00985829 0.00960447 0.0091159 0.0114533 0.022684 0.0106953 0.00968677 0.00964113 0.00918327 0.00999217 0.0586415 0.0145002 0.013233 0.0255309 0.0041574 0.00363985 0 0.971563 0.00677088 0.00472757 0.00378325 0.00387812 0.0304762 0.00886308 0.0115167 0.0141127 0.00909976 0.00865624 0.00960634 0.0135721 0.00909523 0.00857555 0.00888733 0.0116404 0.00873753 0.00852143 0.00838253 0.00921152 0.00902236 0.00822642 0.00923668 0.00817232 0.00817117 0.00821877 0.00811776 0.00833264 0.00895935 0.00818616 0.00811303 0.00812453 0.00813961 0.00804565 0.00805515 0.00830246 
0.00993417 0.00898669 0.0111707 0.00971907 0.00949864 0.0132055 0.010233 0.00922186 0.00917683 0.00945463 0.00999535 0.01297 0.0114924 0.0108592 0.017177 0.0106026 0.0115721 0.0118171 0.018896 0.0151304 0.010933 0.011316 0.0110323 0.0120163 0.0121894 0.0169727 0.0180066 0.0130919 0.0115379 0.0134845 0.010828 0.0185404 0.0201743 0.0120415 0.0130873 0.0189529 0.00484822 0.00556751 0.971563 0 0.00367688 0.00360722 0.00365581 0.00402866 0.0129484 0.015825 0.0191477 0.0165644 0.00950141 0.0106019 0.014908 0.0121952 0.0098316 0.0103277 0.0167469 0.0106063 0.00889009 0.00894986 0.00950201 0.0118863 0.00883741 0.00999122 0.010245 0.00846366 0.00880805 0.00867806 0.00936679 0.0101691 0.00897472 0.0082967 0.0084946 0.00872449 0.00842904 0.00835335 0.00908286 0.0096326 
0.00857599 0.00940375 0.00905175 0.00954162 0.00974086 0.010823 0.00945672 0.0117451 0.0124349 0.0139735 0.01198 0.0100817 0.00909612 0.012091 0.0111064 0.0301814 0.0189651 0.0258841 0.0131986 0.0144272 0.0214816 0.0183079 0.0269714 0.0154721 0.0214393 0.0133904 0.0190932 0.0210931 0.0308022 0.0130407 0.0278354 0.0112881 0.0163624 0.0513115 0.0312323 0.0148158 0.00893507 0.921171 0.00677088 0.00367688 0 0.00358131 0.00352286 0.00355612 0.0335526 0.0132608 0.0326798 0.0107558 0.025036 0.0109409 0.0120023 0.0147667 0.0124397 0.019059 0.0108237 0.0109042 0.0129047 0.0158687 0.0114036 0.01034 0.00975983 0.00829962 0.00829384 0.0128703 0.00946191 0.0122248 0.00975813 0.00928335 0.0081632 0.0092457 0.0092741 0.00945377 0.00948822 0.00874268 0.00883152 0.00924048 
0.00896973 0.00848927 0.0090873 0.00927676 0.00968228 0.00990691 0.00914824 0.0118902 0.025316 0.0279577 0.0144393 0.0110662 0.0096465 0.00862359 0.0127183 0.0170231 0.0707791 0.0212822 0.0132851 0.0123658 0.0219934 0.0473885 0.0311382 0.0550555 0.0160558 0.0116178 0.0112933 0.0259835 0.030332 0.0613684 0.0112113 0.0112399 0.0153563 0.0255505 0.0556772 0.0131235 0.716362 0.0111769 0.00472757 0.00360722 0.00358131 0 0.00356163 0.00354455 0.0171991 0.0543328 0.0111906 0.0159337 0.0185875 0.0250757 0.0102497 0.0105563 0.0295146 0.0116402 0.010537 0.00989707 0.0156368 0.0305805 0.0196525 0.00954471 0.00830657 0.00892533 0.00955227 0.00966868 0.0217726 0.0153464 0.0112063 0.00875539 0.00895434 0.00894496 0.0116164 0.0125286 0.00945073 0.00965254 0.00901153 0.00839215 
0.0091063 0.00925898 0.00836452 0.010731 0.00999753 0.00942546 0.0104996 0.0118031 0.0130389 0.0131135 0.0163696 0.0113363 0.00928618 0.0110777 0.0129223 0.0267176 0.0171146 0.0341508 0.0148425 0.0159419 0.0193814 0.0177803 0.0245005 0.0159313 0.0245908 0.0122819 0.018121 0.018051 0.0232913 0.014048 0.0306391 0.0104903 0.0158428 0.0478591 0.0351957 0.0423928 0.0399139 0.0097979 0.00378325 0.00365581 0.00352286 0.00356163 0 0.00353605 0.0303991 0.0168224 0.0273384 0.0137604 0.0323429 0.0192991 0.0164904 0.0168984 0.0131977 0.0207625 0.00983037 0.0116215 0.0139897 0.0211375 0.0147456 0.0111302 0.00979102 0.00866851 0.00879825 0.0124333 0.0102825 0.0121052 0.0103744 0.00891234 0.00863872 0.00928034 0.00964393 0.00965825 0.00951637 0.0087787 0.0085396 0.00847712 
0.0109572 0.00835116 0.00876941 0.0126607 0.00915997 0.00984434 0.0139639 0.0102898 0.00996296 0.0104695 0.0108519 0.0130725 0.0127489 0.00903851 0.0275427 0.0123358 0.0124145 0.0131375 0.0220202 0.0274257 0.0128258 0.0129575 0.0120308 0.0126164 0.0113099 0.0148522 0.0245606 0.0150673 0.0123583 0.0133381 0.0100307 0.0168397 0.0459793 0.0129316 0.0310653 0.0467511 0.0254487 0.00439468 0.00387812 0.00402866 0.00355612 0.00354455 0.00353605 0 0.0106631 0.0106077 0.0170622 0.0362298 0.0117092 0.0175055 0.0191101 0.0227595 0.011738 0.0105502 0.0123317 0.0192969 0.0113786 0.0114412 0.0142124 0.0113019 0.0095771 0.00934813 0.0124601 0.00903046 0.00961586 0.00955791 0.00945155 0.0091175 0.0102555 0.0089591 0.00874253 0.00932475 0.00873107 0.00852385 0.00845223 0.00834176 
0.00926851 0.00939492 0.0107801 0.0122949 0.00897009 0.0150934 0.011596 0.00919424 0.00946536 0.00938063 0.00950391 0.0125 0.00994134 0.0180933 0.0115638 0.0118915 0.0107732 0.0109414 0.0208844 0.0163465 0.0109027 0.0113053 0.0116307 0.0108659 0.0134333 0.0244763 0.0268046 0.0118986 0.0138207 0.0110904 0.0143373 0.0162451 0.0193145 0.0186645 0.0138277 0.0235542 0.017548 0.0102867 0.0304762 0.0129484 0.0335526 0.0171991 0.0303991 0.0106631 0 0.00394064 0.00839477 0.0665888 0.0207009 0.0112655 0.0260369 0.0229757 0.0101734 0.0138287 0.0210123 0.0179644 0.0103296 0.0128984 0.0090827 0.0196167 0.0166172 0.00980447 0.00924933 0.0104001 0.00887777 0.0092191 0.00929822 0.0141313 0.00902782 0.00935961 0.00888653 0.00878417 0.00970243 0.00842285 0.00885957 0.015173 
0.00885388 0.00871303 0.00836684 0.00891937 0.0102127 0.00850083 0.00882202 0.00921326 0.00867096 0.00908332 0.0089916 0.00865521 0.0107729 0.00836586 0.0113533 0.0108652 0.0099862 0.0124346 0.00984671 0.00995922 0.013221 0.00992862 0.0100311 0.0103348 0.013036 0.00909218 0.0104756 0.0187005 0.0104326 0.0117573 0.0103454 0.00945562 0.0137719 0.0173194 0.0192566 0.010842 0.00978575 0.0664616 0.00886308 0.015825 0.0132608 0.0543328 0.0168224 0.0106077 0.00394064 0 0.00382089 0.0206586 0.0346894 0.0459335 0.0101397 0.0101202 0.0248272 0.0108814 0.00955617 0.00993537 0.0182383 0.00933945 0.0193033 0.00906114 0.00858267 0.0106096 0.0103189 0.00863189 0.0098795 0.00882534 0.0103525 0.008387 0.00944032 0.00857466 0.00857411 0.00902689 0.00828263 0.00853248 0.00889832 0.0082007 
0.00999383 0.00875662 0.00859011 0.0128382 0.00867648 0.0103956 0.0130071 0.00948558 0.0089765 0.0092362 0.00917411 0.0103595 0.00989277 0.0113146 0.0163592 0.01107 0.0101646 0.00970389 0.0133822 0.0222369 0.0105935 0.0106779 0.0104573 0.0100501 0.00993743 0.0140551 0.0342854 0.0110302 0.0116669 0.0104737 0.0111849 0.0107017 0.0250948 0.0131903 0.012119 0.0181986 0.0541833 0.0090084 0.0115167 0.0191477 0.0326798 0.0111906 0.0273384 0.0170622 0.00839477 0.00382089 0 0.0220134 0.017539 0.0358925 0.0478597 0.0329306 0.00973623 0.0109404 0.0135229 0.026215 0.00983891 0.0107758 0.00917521 0.012689 0.0203863 0.00851791 0.0100194 0.0102821 0.00871562 0.00933743 0.00892953 0.00988128 0.0108997 0.00929374 0.00903873 0.00877735 0.00928794 0.00846269 0.00846 0.0110786 
0.00861104 0.00832432 0.00919079 0.00945137 0.00867953 0.0102154 0.0087763 0.00863718 0.00895886 0.00922173 0.00921419 0.0105429 0.00904645 0.00957531 0.0103491 0.0106737 0.0104776 0.0107855 0.0140569 0.0117024 0.00982089 0.00993356 0.0104984 0.0100266 0.0105223 0.0137191 0.0117434 0.0107665 0.0107758 0.0115121 0.0105083 0.0150291 0.0135257 0.0124015 0.0119806 0.0252929 0.0102927 0.00921912 0.0141127 0.0165644 0.0107558 0.0159337 0.0137604 0.0362298 0.0665888 0.0206586 0.0220134 0 0.00366892 0.00370064 0.0043671 0.0113301 0.015836 0.0239294 0.844102 0.0210696 0.0187312 0.0144741 0.0209386 0.0265787 0.0135716 0.0213056 0.0224895 0.013218 0.0165805 0.0136824 0.0160065 0.0211764 0.0118773 0.0101572 0.0106217 0.0117471 0.010467 0.00972477 0.010846 0.0186 
0.00809963 0.00839044 0.00813413 0.00860348 0.00860295 0.00857671 0.00843051 0.0091042 0.0102892 0.00990573 0.0094619 0.00889138 0.00837016 0.00838887 0.00894205 0.0115316 0.0137596 0.0118943 0.0102131 0.00945173 0.0115197 0.0151532 0.0170379 0.0159235 0.0112577 0.00966907 0.0099489 0.0129035 0.020645 0.0153121 0.011991 0.009063 0.0101487 0.0210584 0.0232273 0.0109405 0.00926666 0.00924074 0.00909976 0.00950141 0.025036 0.0185875 0.0323429 0.0117092 0.0207009 0.0346894 0.017539 0.00366892 0 0.00360986 0.00354137 0.0129 0.0158584 0.82098 0.011992 0.0167589 0.03271 0.0410286 0.0252118 0.0124253 0.014782 0.0102933 0.0101783 0.0397415 0.0240035 0.0317268 0.0205905 0.0108919 0.00913231 0.0154236 0.0181688 0.0161544 0.0145759 0.0115733 0.0137775 0.00966335 
