1RPXB
SRVDKFSKSDIIVSPSILSANFSKLGEQVKAIEQAGCDWIHVDVMDGRFVPNITIGPLVVDSLRPITDLPLDVHLMIVEPDQRVPDFIKAGADIVSVHCEQSSTIHLHRTINQIKSLGAKAGVVLNPGTPLTAIEYVLDAVDLVLIMSVNPGFGGQSFIESQVKKISDLRKICAERGLNPWIEVDGGVGPKNAYKVIEAGANALVAGSAVFGAPDYAEAIKGIKTSKRPE
CHHHHCCCCCCEEEEEHHHCCHHHHHHHHHHHHHCCCCCEEEEEEECCCCCCECCCHHHHHHHHHHCCCCEEEEEECCCHHHHHHHHHHCCCCEEEEECCCCCCCCHHHHHHHHHHCCCEEEEEECCCCCHHHHCCCCCCCCEEEEECCCCCCCCCCCCCCHHHHHHHHHHHHHHHCCCCEEEEECCCCCCCHHHHHHHCCCEEEECHHHHCCCCHHHHHHHHHCCCCCC
0 0 0 0 0 0 0 0 0 0 0 0 0 0 0 0 0 0 0 0 0 0 0 0 0 0 0 0 0 0 0 0 0 0 0 0 0 0 0 0 0 0 0 0 0 0 0 0 0 0 0 0 0 0 0 0 0 0 0 0 0 0 0 0 0 0 0 0 0 0 0 0 0 0 0 0 0 0 0 0 0 0 0 0 0 0 0 0 0 0 0 0 0 0 0 0 0 0 0 0 0 0 0 0 0 0 0 0 0 0 0 0 0 0 0 0 0 0 0 0 0 0 0 0 0 0 0 0 0 0 0 0 0 0 0 0 0 0 0 0 0 0 0 0 0 0 0 0 0 0 0 0 0 0 0 0 0 0 0 0 0 0 0 0 0 0 0 0 0 0 0 0 0 0 0 0 0 0 0 0 0 0 0 0 0 0 0 0 0 0 0 0 0 0 0 0 0 0 0 0 0 0 0 0 0 0 0 0 0 0 0 0 0 0 0 0 0 0 0 0 0 0 0 0 0 0 0 0 0 0 
0 0 0 0 0 0 0 0 0 0 0 0 0 0 0 0 0 0 0 0 0 0 0 0 0 0 0 0 0 0 0 0 0 0 0 0 0 0 0 0 0 0 0 0 0 0 0 0 0 0 0 0 0 0 0 0 0 0 0 0 0 0 0 0 0 0 0 0 0 0 0 0 0 0 0 0 0 0 0 0 0 0 0 0 0 0 0 0 0 0 0 0 0 0 0 0 0 0 0 0 0 0 0 0 0 0 0 0 0 0 0 0 0 0 0 0 0 0 0 0 0 0 0 0 0 0 0 0 0 0 0 0 0 0 0 0 0 0 0 0 0 0 0 0 0 0 0 0 0 0 0 0 0 0 0 0 0 0 0 0 0 0 0 0 0 0 0 0 0 0 0 0 0 0 0 0 0 0 0 0 0 0 0 0 0 0 0 0 0 0 0 0 0 0 0 0 0 0 0 0 0 0 0 0 0 0 0 0 0 0 0 0 0 0 0 0 0 0 0 0 0 0 0 0 0 0 0 0 0 0 
0 0.00375991 0.00368331 0.00366151 0.00379932 0.174465 0.0449009 0.02177 0.0172772 0.0158816 0.0120317 0.0196311 0.0174014 0.0249221 0.0191453 0.0137894 0.0195364 0.0129771 0.0240002 0.0261002 0.0128887 0.013233 0.00997754 0.0167215 0.0102401 0.00947359 0.0103391 0.0102347 0.00995624 0.0141299 0.0128641 0.0105702 0.0101236 0.00940133 0.0108877 0.00863566 0.00868111 0.0088297 0.00835447 0.00882355 0.00874588 0.00865683 0.00864095 0.0096555 
0.00375991 0 0.00367467 0.00363614 0.00358663 0.111182 0.104647 0.107415 0.0339596 0.0330294 0.0362091 0.0105382 0.0129127 0.0295592 0.0201947 0.0765752 0.0259738 0.0646987 0.0112207 0.0198096 0.0467417 0.0181225 0.0353382 0.00942233 0.00860127 0.013153 0.0121729 0.0196346 0.0117006 0.0101818 0.0113857 0.0162403 0.0134246 0.0124627 0.00927447 0.00841879 0.00996331 0.00906476 0.00912041 0.0082408 0.00867129 0.00916649 0.00894499 0.0083809 
0.00368331 0.00367467 0 0.00361422 0.00355563 0.0180293 0.111576 0.0604572 0.107126 0.0592132 0.0160212 0.0126035 0.00853383 0.0115088 0.061271 0.0187785 0.132393 0.0168191 0.0122779 0.0115956 0.0142701 0.0779751 0.0110216 0.0103705 0.00847866 0.00912462 0.0159962 0.0130936 0.0127628 0.009054 0.00942621 0.010674 0.0159723 0.0108195 0.00871597 0.00840207 0.00893116 0.0108513 0.00868358 0.00818455 0.00842235 0.00884907 0.00899945 0.00831121 
0.00366151 0.00363614 0.00361422 0 0.00354094 0.0300737 0.0181301 0.0688074 0.0399432 0.0403858 0.0510777 0.0130845 0.0101716 0.0184029 0.0103662 0.0394899 0.0117784 0.0764837 0.00986046 0.0116781 0.0226124 0.0105589 0.0291899 0.00923389 0.00838265 0.0100158 0.00896081 0.011874 0.00898772 0.00931565 0.00952113 0.011559 0.00929453 0.0107857 0.0085829 0.00823246 0.00864953 0.00848073 0.00856071 0.00808456 0.0083951 0.00843219 0.00848655 0.00815749 
0.00379932 0.00358663 0.00355563 0.00354094 0 0.0158811 0.0215758 0.0120175 0.0265248 0.0193409 0.0191868 0.0709415 0.0197388 0.0165433 0.0176886 0.00911973 0.0158767 0.0107259 0.0240436 0.034329 0.00955223 0.0125328 0.00970236 0.0170238 0.0114381 0.00856976 0.00937679 0.00892809 0.00954811 0.00958213 0.0135295 0.00913541 0.00899706 0.00922157 0.00898426 0.00903341 0.00835414 0.0085151 0.00813118 0.00824702 0.00840011 0.00843716 0.00815909 0.00830306 
0.174465 0.111182 0.0180293 0.0300737 0.0158811 0 0.0038534 0.00357987 0.0035474 0.00361444 0.0037078 0.00390364 0.0182425 0.255607 0.0120097 0.0276053 0.0118748 0.0238494 0.0218074 0.0305097 0.0245672 0.011109 0.018507 0.0136012 0.00952437 0.0131599 0.0100977 0.0129778 0.0105063 0.0262915 0.0153467 0.013218 0.0115583 0.0117091 0.016664 0.00847363 0.00927293 0.0084829 0.00875655 0.00848441 0.0093695 0.00873515 0.0087795 0.00962876 
0.0449009 0.104647 0.111576 0.0181301 0.0215758 0.0038534 0 0.00358322 0.00352867 0.00363462 0.00375119 0.00368524 0.00666354 0.0254738 0.370835 0.0121274 0.120442 0.0174207 0.0185585 0.0246031 0.0207606 0.0862187 0.0142401 0.0149319 0.0093177 0.00970402 0.029542 0.0152825 0.0277966 0.00971182 0.0136799 0.0184464 0.0221753 0.0157182 0.010011 0.00876964 0.00918043 0.0116979 0.00885338 0.00830042 0.00860417 0.00918281 0.00916701 0.00856535 
0.02177 0.107415 0.0604572 0.0688074 0.0120175 0.00357987 0.00358322 0 0.00352725 0.00355168 0.00356023 0.00356016 0.00758152 0.0692283 0.0164454 0.539628 0.0186607 0.115983 0.0106383 0.020121 0.0825858 0.0257089 0.0831655 0.0107717 0.0086086 0.023936 0.0172879 0.0827501 0.0147967 0.0146175 0.0156954 0.0221737 0.0369098 0.0205054 0.0116021 0.00850018 0.0132078 0.0108856 0.012123 0.00836518 0.00978371 0.00997932 0.0103285 0.008799 
0.0172772 0.0339596 0.107126 0.0399432 0.0265248 0.0035474 0.00352867 0.00352725 0 0.00353027 0.00352952 0.00356246 0.00548263 0.0178615 0.198431 0.0403818 0.470895 0.0149335 0.0237701 0.0173062 0.0291535 0.174583 0.0150013 0.0189537 0.00910212 0.0099806 0.0665943 0.026657 0.0276339 0.0110514 0.0110824 0.0270517 0.0385718 0.0198256 0.0104243 0.00905532 0.00979925 0.0216641 0.00933019 0.00851808 0.00911739 0.00990202 0.0102616 0.00859877 
0.0158816 0.0330294 0.0592132 0.0403858 0.0193409 0.00361444 0.00363462 0.00355168 0.00353027 0 0.00352905 0.00353554 0.00651205 0.0327051 0.024657 0.179508 0.0629813 0.198995 0.0121007 0.0165608 0.0354372 0.0447176 0.0320595 0.0112618 0.00886546 0.0180186 0.0215154 0.0528089 0.0165843 0.0134202 0.0132577 0.0191945 0.0449629 0.0229715 0.0101763 0.00852056 0.0105018 0.0109999 0.01049 0.00855129 0.00865331 0.00942792 0.00970869 0.00873389 
0.0120317 0.0362091 0.0160212 0.0510777 0.0191868 0.0037078 0.00375119 0.00356023 0.00352952 0.00352905 0 0.00356334 0.0227888 0.0169909 0.0308303 0.0328808 0.0395646 0.103235 0.0919174 0.0118486 0.0277501 0.016502 0.0511437 0.0119604 0.00870839 0.0111259 0.0116606 0.0150482 0.0181466 0.0123388 0.00994049 0.0146149 0.0142175 0.0204477 0.0101571 0.00846174 0.00938829 0.00921596 0.00955179 0.00818142 0.00844229 0.00883224 0.00909003 0.00823332 
0.0196311 0.0105382 0.0126035 0.0130845 0.0709415 0.00390364 0.00368524 0.00356016 0.00356246 0.00353554 0.00356334 0 0.30953 0.0146652 0.0177148 0.0105357 0.0230887 0.0382428 0.06636 0.0186494 0.0100144 0.0138957 0.0101863 0.0255242 0.0113182 0.00837293 0.0090995 0.00935295 0.00969574 0.0153187 0.010216 0.00898838 0.00892357 0.00951846 0.00951579 0.0091868 0.00813721 0.00840179 0.00811002 0.00837458 0.00854485 0.00825601 0.00821188 0.00856947 
0.0174014 0.0129127 0.00853383 0.0101716 0.0197388 0.0182425 0.00666354 0.00758152 0.00548263 0.00651205 0.0227888 0.30953 0 0.0433009 0.00855412 0.0116856 0.00855924 0.0134155 0.0189493 0.0157221 0.0127861 0.00864217 0.010397 0.0125583 0.00936116 0.0121486 0.00846036 0.00884792 0.00868073 0.0130476 0.0137897 0.00892604 0.00826261 0.00847927 0.0102663 0.00848879 0.008761 0.00797632 0.00832142 0.00833074 0.00926799 0.00809409 0.00811737 0.00911846 
0.0249221 0.0295592 0.0115088 0.0184029 0.0165433 0.255607 0.0254738 0.0692283 0.0178615 0.0327051 0.0169909 0.0146652 0.0433009 0 0.00358783 0.00358106 0.00362247 0.0037592 0.00422014 0.0910071 0.0511956 0.0118494 0.0255673 0.022743 0.0136724 0.0216391 0.0124148 0.0187744 0.0120751 0.0398977 0.0265372 0.0239695 0.0139429 0.012977 0.0226125 0.0095222 0.0102863 0.00904555 0.0100048 0.00957705 0.0100797 0.00940593 0.00933502 0.0113835 
0.0191453 0.0201947 0.061271 0.0103662 0.0176886 0.0120097 0.370835 0.0164454 0.198431 0.024657 0.0308303 0.0177148 0.00855412 0.00358783 0 0.00354532 0.00355505 0.00357533 0.00358418 0.322 0.0246333 0.105857 0.0152601 0.0204901 0.0112555 0.0128636 0.0512274 0.0176578 0.0611525 0.011167 0.0254563 0.029737 0.0449058 0.021401 0.0109106 0.0107246 0.00963114 0.0188255 0.00963816 0.00877235 0.00891458 0.0103332 0.010953 0.00864428 
0.0137894 0.0765752 0.0187785 0.0394899 0.00911973 0.0276053 0.0121274 0.539628 0.0403818 0.179508 0.0328808 0.0105357 0.0116856 0.00358106 0.00354532 0 0.00355741 0.00356554 0.00356829 0.0288539 0.458209 0.0205277 0.0852087 0.00984986 0.0101271 0.0405314 0.0210437 0.156374 0.0158913 0.0160309 0.0201415 0.0765497 0.0801504 0.0369844 0.0129571 0.00907372 0.0249086 0.0126052 0.0200182 0.00855426 0.0108919 0.0118334 0.0130567 0.00904559 
0.0195364 0.0259738 0.132393 0.0117784 0.0158767 0.0118748 0.120442 0.0186607 0.470895 0.0629813 0.0395646 0.0230887 0.00855924 0.00362247 0.00355505 0.00355741 0 0.00358718 0.00357068 0.0658622 0.0276892 0.664782 0.0137357 0.0226218 0.0116652 0.0116503 0.153989 0.0403874 0.0633426 0.0130709 0.0188319 0.0523348 0.142019 0.0315908 0.0121607 0.0127 0.0120115 0.0492868 0.0112913 0.0102445 0.00975236 0.0116754 0.0123602 0.00899314 
0.0129771 0.0646987 0.0168191 0.0764837 0.0107259 0.0238494 0.0174207 0.115983 0.0149335 0.198995 0.103235 0.0382428 0.0134155 0.0037592 0.00357533 0.00356554 0.00358718 0 0.00367044 0.0312905 0.164901 0.0241802 0.6213 0.0176553 0.00978283 0.0536147 0.0137136 0.0688164 0.0534259 0.0393691 0.0172366 0.0410802 0.0378712 0.129136 0.0259933 0.00881773 0.0191375 0.0117616 0.030099 0.00916254 0.0105102 0.0105786 0.0144877 0.0114853 
0.0240002 0.0112207 0.0122779 0.00986046 0.0240436 0.0218074 0.0185585 0.0106383 0.0237701 0.0121007 0.0919174 0.06636 0.0189493 0.00422014 0.00358418 0.00356829 0.00357068 0.00367044 0 0.0461779 0.0142766 0.0754062 0.0359754 0.268742 0.0252466 0.00994277 0.015517 0.0130694 0.0207249 0.0331908 0.0256031 0.013266 0.0143576 0.0208057 0.026425 0.0155996 0.00885459 0.0103422 0.00900125 0.0111244 0.0108737 0.00939602 0.0100801 0.0094321 
0.0261002 0.0198096 0.0115956 0.0116781 0.034329 0.0305097 0.0246031 0.020121 0.0173062 0.0165608 0.0118486 0.0186494 0.0157221 0.0910071 0.322 0.0288539 0.0658622 0.0312905 0.0461779 0 0.0037121 0.00359625 0.00356888 0.00371284 0.635832 0.0371777 0.0378854 0.0175668 0.0243429 0.0351832 0.0822317 0.048522 0.0190113 0.0209372 0.0319654 0.0166884 0.0158721 0.0125657 0.0103823 0.0145395 0.0129375 0.0104409 0.010807 0.0145109 
0.0128887 0.0467417 0.0142701 0.0226124 0.00955223 0.0245672 0.0207606 0.0825858 0.0291535 0.0354372 0.0277501 0.0100144 0.0127861 0.0511956 0.0246333 0.458209 0.0276892 0.164901 0.0142766 0.0037121 0 0.00358343 0.00359102 0.00358637 0.0153847 0.686865 0.0526736 0.125126 0.0236629 0.0221804 0.0410222 0.117405 0.0615218 0.0431012 0.0190072 0.00979575 0.0322255 0.0139773 0.0244074 0.00888741 0.0115266 0.0153806 0.0152969 0.00981222 
0.013233 0.0181225 0.0779751 0.0105589 0.0125328 0.011109 0.0862187 0.0257089 0.174583 0.0447176 0.016502 0.0138957 0.00864217 0.0118494 0.105857 0.0205277 0.664782 0.0241802 0.0754062 0.00359625 0.00358343 0 0.00356211 0.00356784 0.0484755 0.0115739 0.67157 0.0737239 0.0938888 0.0154496 0.0211708 0.0617956 0.188028 0.0452444 0.0150368 0.012958 0.013578 0.12553 0.0118877 0.0122844 0.00973448 0.018176 0.0177315 0.00982556 
0.00997754 0.0353382 0.0110216 0.0291899 0.00970236 0.018507 0.0142401 0.0831655 0.0150013 0.0320595 0.0511437 0.0101863 0.010397 0.0255673 0.0152601 0.0852087 0.0137357 0.6213 0.0359754 0.00356888 0.00359102 0.00356211 0 0.00372661 0.0107734 0.119703 0.0188412 0.530551 0.101521 0.0741441 0.0186473 0.0531511 0.0433572 0.143909 0.0265731 0.00927442 0.0309837 0.0114545 0.0797267 0.0089418 0.0116 0.0137222 0.0215226 0.00937451 
0.0167215 0.00942233 0.0103705 0.00923389 0.0170238 0.0136012 0.0149319 0.0107717 0.0189537 0.0112618 0.0119604 0.0255242 0.0125583 0.022743 0.0204901 0.00984986 0.0226218 0.0176553 0.268742 0.00371284 0.00358637 0.00356784 0.00372661 0 0.0359637 0.0101867 0.0392 0.0149315 0.422174 0.139098 0.0253345 0.0142966 0.0146336 0.0261347 0.0338468 0.0196582 0.00908693 0.0116859 0.0100874 0.0193479 0.0112345 0.00930309 0.0106107 0.0152535 
0.0102401 0.00860127 0.00847866 0.00838265 0.0114381 0.00952437 0.0093177 0.0086086 0.00910212 0.00886546 0.00870839 0.0113182 0.00936116 0.0136724 0.0112555 0.0101271 0.0116652 0.00978283 0.0252466 0.635832 0.0153847 0.0484755 0.0107734 0.0359637 0 0.00407225 0.00388887 0.00359313 0.00385107 0.00482617 0.0467215 0.0130461 0.0116248 0.013627 0.0158024 0.0143999 0.00871708 0.0108011 0.0088215 0.0125468 0.0104752 0.00880041 0.00921361 0.0129454 
0.00947359 0.013153 0.00912462 0.0100158 0.00856976 0.0131599 0.00970402 0.023936 0.0099806 0.0180186 0.0111259 0.00837293 0.0121486 0.0216391 0.0128636 0.0405314 0.0116503 0.0536147 0.00994277 0.0371777 0.686865 0.0115739 0.119703 0.0101867 0.00407225 0 0.00354683 0.00356037 0.00371162 0.00359297 0.0674743 0.0760931 0.0199742 0.0172513 0.0180539 0.00964537 0.0368198 0.0101213 0.0213893 0.00855958 0.0154483 0.0140709 0.0125024 0.00929762 
0.0103391 0.0121729 0.0159962 0.00896081 0.00937679 0.0100977 0.029542 0.0172879 0.0665943 0.0215154 0.0116606 0.0090995 0.00846036 0.0124148 0.0512274 0.0210437 0.153989 0.0137136 0.015517 0.0378854 0.0526736 0.67157 0.0188412 0.0392 0.00388887 0.00354683 0 0.00354523 0.00357543 0.00357361 0.276869 0.0600526 0.114816 0.0230038 0.0141945 0.0156999 0.0148414 0.0840743 0.0112453 0.0113788 0.0124409 0.0201189 0.0183787 0.0103273 
0.0102347 0.0196346 0.0130936 0.011874 0.00892809 0.0129778 0.0152825 0.0827501 0.026657 0.0528089 0.0150482 0.00935295 0.00884792 0.0187744 0.0176578 0.156374 0.0403874 0.0688164 0.0130694 0.0175668 0.125126 0.0737239 0.530551 0.0149315 0.00359313 0.00356037 0.00354523 0 0.0035846 0.00355941 0.0327066 0.455488 0.0973655 0.104009 0.0222355 0.0111082 0.0642018 0.0293769 0.0380873 0.00986838 0.0144141 0.0319712 0.0291206 0.0119363 
0.00995624 0.0117006 0.0127628 0.00898772 0.00954811 0.0105063 0.0277966 0.0147967 0.0276339 0.0165843 0.0181466 0.00969574 0.00868073 0.0120751 0.0611525 0.0158913 0.0633426 0.0534259 0.0207249 0.0243429 0.0236629 0.0938888 0.101521 0.422174 0.00385107 0.00371162 0.00357543 0.0035846 0 0.00357178 0.0294418 0.0501085 0.465221 0.193907 0.0615233 0.0158108 0.0152586 0.0488728 0.026738 0.0150369 0.0113856 0.0242928 0.0429676 0.0117866 
0.0141299 0.0101818 0.009054 0.00931565 0.00958213 0.0262915 0.00971182 0.0146175 0.0110514 0.0134202 0.0123388 0.0153187 0.0130476 0.0398977 0.011167 0.0160309 0.0130709 0.0393691 0.0331908 0.0351832 0.0221804 0.0154496 0.0741441 0.139098 0.00482617 0.00359297 0.00357361 0.00355941 0.00357178 0 0.0282389 0.0516879 0.0293893 0.397837 0.223307 0.0200611 0.0189171 0.0114738 0.0292229 0.0220544 0.0244792 0.0125825 0.0213993 0.0178712 
0.0128641 0.0113857 0.00942621 0.00952113 0.0135295 0.0153467 0.0136799 0.0156954 0.0110824 0.0132577 0.00994049 0.010216 0.0137897 0.0265372 0.0254563 0.0201415 0.0188319 0.0172366 0.0256031 0.0822317 0.0410222 0.0211708 0.0186473 0.0253345 0.0467215 0.0674743 0.276869 0.0327066 0.0294418 0.0282389 0 0.00371573 0.00361795 0.00361892 0.00421201 0.750814 0.0248129 0.0276633 0.0141679 0.0228654 0.0431299 0.0320304 0.017298 0.0366395 
0.0105702 0.0162403 0.010674 0.011559 0.00913541 0.013218 0.0184464 0.0221737 0.0270517 0.0191945 0.0146149 0.00898838 0.00892604 0.0239695 0.029737 0.0765497 0.0523348 0.0410802 0.013266 0.048522 0.117405 0.0617956 0.0531511 0.0142966 0.0130461 0.0760931 0.0600526 0.455488 0.0501085 0.0516879 0.00371573 0 0.00366471 0.00361871 0.00512435 0.092904 0.781187 0.0361275 0.0716769 0.010394 0.0533751 0.0685052 0.048804 0.0146155 
0.0101236 0.0134246 0.0159723 0.00929453 0.00899706 0.0115583 0.0221753 0.0369098 0.0385718 0.0449629 0.0142175 0.00892357 0.00826261 0.0139429 0.0449058 0.0801504 0.142019 0.0378712 0.0143576 0.0190113 0.0615218 0.188028 0.0433572 0.0146336 0.0116248 0.0199742 0.114816 0.0973655 0.465221 0.0293893 0.00361795 0.00366471 0 0.00358045 0.00356136 0.0541249 0.0742854 0.786213 0.025915 0.0206838 0.0185924 0.106964 0.071075 0.0142541 
0.00940133 0.0124627 0.0108195 0.0107857 0.00922157 0.0117091 0.0157182 0.0205054 0.0198256 0.0229715 0.0204477 0.00951846 0.00847927 0.012977 0.021401 0.0369844 0.0315908 0.129136 0.0208057 0.0209372 0.0431012 0.0452444 0.143909 0.0261347 0.013627 0.0172513 0.0230038 0.104009 0.193907 0.397837 0.00361892 0.00361871 0.00358045 0 0.00375114 0.025181 0.10073 0.0812999 0.78987 0.0253779 0.0225825 0.0299521 0.198099 0.0229761 
0.0108877 0.00927447 0.00871597 0.0085829 0.00898426 0.016664 0.010011 0.0116021 0.0104243 0.0101763 0.0101571 0.00951579 0.0102663 0.0226125 0.0109106 0.0129571 0.0121607 0.0259933 0.026425 0.0319654 0.0190072 0.0150368 0.0265731 0.0338468 0.0158024 0.0180539 0.0141945 0.0222355 0.0615233 0.223307 0.00421201 0.00512435 0.00356136 0.00375114 0 0.0229035 0.0271445 0.0513827 0.0977315 0.687834 0.0236821 0.0160305 0.027629 0.033797 
0.00863566 0.00841879 0.00840207 0.00823246 0.00903341 0.00847363 0.00876964 0.00850018 0.00905532 0.00852056 0.00846174 0.0091868 0.00848879 0.0095222 0.0107246 0.00907372 0.0127 0.00881773 0.0155996 0.0166884 0.00979575 0.012958 0.00927442 0.0196582 0.0143999 0.00964537 0.0156999 0.0111082 0.0158108 0.0200611 0.750814 0.092904 0.0541249 0.025181 0.0229035 0 0.00375114 0.00358099 0.00362107 0.00432332 0.0755322 0.02807 0.0169007 0.0388169 
0.00868111 0.00996331 0.00893116 0.00864953 0.00835414 0.00927293 0.00918043 0.0132078 0.00979925 0.0105018 0.00938829 0.00813721 0.008761 0.0102863 0.00963114 0.0249086 0.0120115 0.0191375 0.00885459 0.0158721 0.0322255 0.013578 0.0309837 0.00908693 0.00871708 0.0368198 0.0148414 0.0642018 0.0152586 0.0189171 0.0248129 0.781187 0.0742854 0.10073 0.0271445 0.00375114 0 0.00356074 0.00362633 0.00355472 0.074052 0.10668 0.0497919 0.0204873 
0.0088297 0.00906476 0.0108513 0.00848073 0.0085151 0.0084829 0.0116979 0.0108856 0.0216641 0.0109999 0.00921596 0.00840179 0.00797632 0.00904555 0.0188255 0.0126052 0.0492868 0.0117616 0.0103422 0.0125657 0.0139773 0.12553 0.0114545 0.0116859 0.0108011 0.0101213 0.0840743 0.0293769 0.0488728 0.0114738 0.0276633 0.0361275 0.786213 0.0812999 0.0513827 0.00358099 0.00356074 0 0.00353193 0.00354162 0.183377 0.116015 0.0984618 0.0135784 
0.00835447 0.00912041 0.00868358 0.00856071 0.00813118 0.00875655 0.00885338 0.012123 0.00933019 0.01049 0.00955179 0.00811002 0.00832142 0.0100048 0.00963816 0.0200182 0.0112913 0.030099 0.00900125 0.0103823 0.0244074 0.0118877 0.0797267 0.0100874 0.0088215 0.0213893 0.0112453 0.0380873 0.026738 0.0292229 0.0141679 0.0716769 0.025915 0.78987 0.0977315 0.00362107 0.00362633 0.00353193 0 0.00356949 0.01896 0.37076 0.144224 0.0470592 
0.00882355 0.0082408 0.00818455 0.00808456 0.00824702 0.00848441 0.00830042 0.00836518 0.00851808 0.00855129 0.00818142 0.00837458 0.00833074 0.00957705 0.00877235 0.00855426 0.0102445 0.00916254 0.0111244 0.0145395 0.00888741 0.0122844 0.0089418 0.0193479 0.0125468 0.00855958 0.0113788 0.00986838 0.0150369 0.0220544 0.0228654 0.010394 0.0206838 0.0253779 0.687834 0.00432332 0.00355472 0.00354162 0.00356949 0 0.0247296 0.0167146 0.379142 0.116879 
0.00874588 0.00867129 0.00842235 0.0083951 0.00840011 0.0093695 0.00860417 0.00978371 0.00911739 0.00865331 0.00844229 0.00854485 0.00926799 0.0100797 0.00891458 0.0108919 0.00975236 0.0105102 0.0108737 0.0129375 0.0115266 0.00973448 0.0116 0.0112345 0.0104752 0.0154483 0.0124409 0.0144141 0.0113856 0.0244792 0.0431299 0.0533751 0.0185924 0.0225825 0.0236821 0.0755322 0.074052 0.183377 0.01896 0.0247296 0 0.00380008 0.0036105 0.00461707 
0.00865683 0.00916649 0.00884907 0.00843219 0.00843716 0.00873515 0.00918281 0.00997932 0.00990202 0.00942792 0.00883224 0.00825601 0.00809409 0.00940593 0.0103332 0.0118334 0.0116754 0.0105786 0.00939602 0.0104409 0.0153806 0.018176 0.0137222 0.00930309 0.00880041 0.0140709 0.0201189 0.0319712 0.0242928 0.0125825 0.0320304 0.0685052 0.106964 0.0299521 0.0160305 0.02807 0.10668 0.116015 0.37076 0.0167146 0.00380008 0 0.00366518 0.00358199 
0.00864095 0.00894499 0.00899945 0.00848655 0.00815909 0.0087795 0.00916701 0.0103285 0.0102616 0.00970869 0.00909003 0.00821188 0.00811737 0.00933502 0.010953 0.0130567 0.0123602 0.0144877 0.0100801 0.010807 0.0152969 0.0177315 0.0215226 0.0106107 0.00921361 0.0125024 0.0183787 0.0291206 0.0429676 0.0213993 0.017298 0.048804 0.071075 0.198099 0.027629 0.0169007 0.0497919 0.0984618 0.144224 0.379142 0.0036105 0.00366518 0 0.00357354 
0.0096555 0.0083809 0.00831121 0.00815749 0.00830306 0.00962876 0.00856535 0.008799 0.00859877 0.00873389 0.00823332 0.00856947 0.00911846 0.0113835 0.00864428 0.00904559 0.00899314 0.0114853 0.0094321 0.0145109 0.00981222 0.00982556 0.00937451 0.0152535 0.0129454 0.00929762 0.0103273 0.0119363 0.0117866 0.0178712 0.0366395 0.0146155 0.0142541 0.0229761 0.033797 0.0388169 0.0204873 0.0135784 0.0470592 0.116879 0.00461707 0.00358199 0.00357354 0 
