1SVPB
ALKLEADRLFDVKNEDGDVIGHALAMEGKVMKPLHVKGTIDHPVLSKLKFTKSSAYDMEFAQLPVNMRSEAFTYTSEHPEGFYNWHHGAVQYSGGRFTIPRGVGGRGDAGRPIMDNSGRVVAIVLGGADEGTRTALSVVTWNSKGKTIKTTPEGTEEWSA
CCCCCCCCEEEEECCCCCEEEEEEEECCEEEEECCCCCEECCCCHHHCCCEEEHHHCEEEEECCHHHCCCCECECCCCCCEEEEECCEEEEEECCEEEECCCCCCCCCCCCEEECCCCCEEEEEEEEEECCCCEEEEEEEECCCCCEEEECCCCEECCCC
0 0 0 0 0 0 0 0 0 0 0 0 0 0 0 0 0 0 0 0 0 0 0 0 0 0 0 0 0 0 0 0 0 0 0 0 0 0 0 0 0 0 0 0 0 0 0 0 0 0 0 0 0 0 0 0 0 0 0 0 0 0 0 0 0 0 0 0 0 0 0 0 0 0 0 0 0 0 0 0 0 0 0 0 0 0 0 0 0 0 0 0 0 0 0 0 0 0 0 0 0 0 0 0 0 0 0 0 0 0 0 0 0 0 0 0 0 0 0 0 0 0 0 0 0 0 0 0 0 0 0 0 0 0 0 0 0 0 0 0 0 0 0 0 0 0 0 0 0 0 0 0 0 0 0 0 0 0 0 0 
0 0 0 0 0 0 0 0 0 0 0 0 0 0 0 0 0 0 0 0 0 0 0 0 0 0 0 0 0 0 0 0 0 0 0 0 0 0 0 0 0 0 0 0 0 0 0 0 0 0 0 0 0 0 0 0 0 0 0 0 0 0 0 0 0 0 0 0 0 0 0 0 0 0 0 0 0 0 0 0 0 0 0 0 0 0 0 0 0 0 0 0 0 0 0 0 0 0 0 0 0 0 0 0 0 0 0 0 0 0 0 0 0 0 0 0 0 0 0 0 0 0 0 0 0 0 0 0 0 0 0 0 0 0 0 0 0 0 0 0 0 0 0 0 0 0 0 0 0 0 0 0 0 0 0 0 0 0 0 0 
0 0.00370298 0.00368324 0.00372145 0.00578573 0.00729189 0.00662318 0.0077245 0.0132593 0.0327696 0.69393 0.0173652 0.0229357 0.0134024 0.00945877 0.0171334 0.011338 0.0291251 0.0150923 0.0160112 0.0154229 0.0102925 0.0247263 0.0152479 0.00976442 0.00999546 0.00956711 0.0274871 0.0109544 0.0142527 0.0089141 0.00863613 0.00841963 0.00950547 0.00925776 0.00906673 0.00899888 0.00859047 0.00901415 0.00855116 0.0110939 0.00882519 0.00897687 0.0110171 0.0114434 0.00906649 0.00862622 0.0112518 0.00983586 0.00972698 0.0104131 0.0106789 0.00987979 0.00884945 0.00864552 0.00855441 0.00832968 0.00878979 0.00907185 0.00858096 0.00853859 0.009148 0.00883356 0.00868178 0.00883117 0.0103015 0.00842888 0.00813562 0.00831049 0.00920178 0.00826337 0.00804308 
0.00370298 0 0.00356491 0.00403653 0.00359837 0.0061553 0.00744803 0.009944 0.016779 0.796609 0.014681 0.0118283 0.0112202 0.00750439 0.0311137 0.00927268 0.0198525 0.00971186 0.00909993 0.0168017 0.00932428 0.0130998 0.0107658 0.0118558 0.0155886 0.0106942 0.03732 0.00862865 0.010818 0.00998375 0.00912712 0.0085681 0.0110176 0.00860375 0.00991176 0.00872705 0.00850712 0.0112849 0.00843842 0.0118166 0.00821321 0.00812245 0.0137603 0.00864714 0.010154 0.00844635 0.0105046 0.00841576 0.00908375 0.0110422 0.015489 0.0185272 0.0133522 0.0104054 0.00998617 0.00877401 0.00870829 0.00804861 0.00850776 0.00922602 0.0106586 0.00946896 0.0110906 0.00961343 0.00860655 0.00858458 0.00813093 0.00840288 0.00820809 0.00815924 0.00803772 0.00797666 
0.00368324 0.00356491 0 0.00352466 0.00391593 0.00602881 0.0120591 0.0147112 0.818538 0.00816808 0.00940553 0.0128368 0.00659129 0.011461 0.00784344 0.0184681 0.0116874 0.00808536 0.0120416 0.00811223 0.0113008 0.00903814 0.00856811 0.0097797 0.0141101 0.0313065 0.00862102 0.0110243 0.00881355 0.00860405 0.00833754 0.00982121 0.00860559 0.0132215 0.00816032 0.00827466 0.0109483 0.00860754 0.0226439 0.00829815 0.00848998 0.00999384 0.00840148 0.0180137 0.00824594 0.00846134 0.00860914 0.00866381 0.00859844 0.010441 0.0187825 0.013844 0.015282 0.0100406 0.0112047 0.00979181 0.00824731 0.00804054 0.00843877 0.00907829 0.00949087 0.01531 0.00959667 0.0105923 0.00920127 0.00811445 0.00840491 0.0082215 0.00830259 0.0080503 0.0081422 0.00793366 
0.00372145 0.00403653 0.00352466 0 0.00355335 0.0163724 0.0614569 0.661374 0.00864409 0.0119855 0.00847058 0.00715252 0.0109083 0.00741839 0.0422127 0.00857166 0.00852463 0.00915047 0.00839587 0.0195464 0.00929398 0.00997272 0.0101075 0.0139174 0.0299161 0.00902464 0.0159102 0.00855788 0.014207 0.0103119 0.00939557 0.00850583 0.0114057 0.00835618 0.00986699 0.00885116 0.00832408 0.0123744 0.00836434 0.0117037 0.00816702 0.00827019 0.016138 0.00840653 0.0098804 0.00832037 0.0101488 0.00845363 0.00949777 0.0096945 0.0106499 0.012559 0.0105272 0.010422 0.00926113 0.00853022 0.0084561 0.0080656 0.00854192 0.00883698 0.00920318 0.0088476 0.00994152 0.00907073 0.00850654 0.00851593 0.00821069 0.00842429 0.00815545 0.0082419 0.00806353 0.00812663 
0.00578573 0.00359837 0.00391593 0.00355335 0 0.83339 0.0194887 0.0063479 0.00684115 0.00651464 0.00622727 0.00731803 0.00615948 0.0200476 0.00822501 0.00861193 0.00789662 0.00787615 0.0287622 0.00907791 0.0188029 0.00886721 0.00922187 0.0351994 0.00906047 0.00901254 0.00845728 0.0111774 0.0138318 0.0120256 0.00986518 0.00929158 0.00820656 0.00894483 0.00811289 0.00945228 0.0102825 0.00832545 0.00892127 0.00825165 0.00861175 0.0120295 0.00850598 0.00933811 0.00823014 0.00878288 0.00819022 0.00860169 0.0102659 0.0086067 0.00875919 0.00866793 0.00833983 0.00828634 0.00835548 0.00819959 0.0080228 0.00817783 0.00917842 0.00847408 0.0082515 0.00844715 0.00822093 0.00835498 0.00818602 0.0080465 0.00908233 0.00804254 0.00811677 0.008066 0.0086659 0.00798149 
0.00729189 0.0061553 0.00602881 0.0163724 0.83339 0 0.0035986 0.0035544 0.0036028 0.00370293 0.00388794 0.003971 0.00585306 0.00860544 0.00686324 0.00785044 0.00841204 0.0168181 0.0146591 0.0209071 0.0164278 0.0102935 0.0175102 0.0113907 0.0103972 0.0098542 0.00953734 0.0158477 0.012003 0.0126682 0.00914605 0.00864268 0.00853618 0.00908681 0.00958285 0.00970491 0.00878027 0.00856359 0.00911493 0.00866872 0.0104698 0.0090323 0.00882211 0.0108839 0.0112825 0.00977194 0.00869873 0.0104736 0.00961188 0.0100977 0.0120257 0.0136036 0.0112559 0.00918057 0.00875627 0.0085112 0.00844861 0.00866009 0.00925556 0.00862646 0.0089855 0.00935212 0.00934645 0.00916006 0.00879364 0.00937252 0.00826784 0.00817586 0.00835091 0.0086488 0.00809636 0.00800207 
0.00662318 0.00744803 0.0120591 0.0614569 0.0194887 0.0035986 0 0.0035398 0.00356236 0.00372876 0.00359419 0.00367785 0.00363928 0.00500964 0.00776828 0.00639464 0.00942576 0.00789001 0.0132532 0.0132046 0.00950319 0.0108141 0.00966698 0.0105145 0.0141669 0.0101699 0.0131987 0.00978319 0.0100124 0.0092172 0.00873587 0.00899413 0.00937416 0.00910013 0.00912579 0.00850177 0.00916566 0.00952261 0.00949352 0.00951646 0.00830641 0.00828817 0.0101555 0.0101756 0.00917177 0.00856212 0.0102586 0.00875866 0.00872827 0.0122146 0.0190301 0.0220557 0.0174685 0.0122653 0.0100211 0.00906939 0.00847537 0.00812211 0.00833711 0.00914706 0.0100186 0.0118102 0.0108865 0.0110594 0.00889736 0.00832446 0.00813671 0.00829305 0.00823796 0.00809282 0.00804067 0.0079283 
0.0077245 0.009944 0.0147112 0.661374 0.0063479 0.0035544 0.0035398 0 0.00354749 0.00356296 0.00355549 0.00357177 0.00358607 0.00449726 0.00655144 0.0181123 0.00655491 0.0330005 0.014615 0.0202289 0.00947616 0.00867509 0.00914693 0.0115807 0.0126517 0.0146381 0.0112139 0.00984227 0.00951362 0.00898612 0.00880035 0.00884421 0.0102938 0.0100715 0.00913336 0.00865113 0.00924335 0.0107602 0.010922 0.00934624 0.0084055 0.00834719 0.0108865 0.0102752 0.00912396 0.00872384 0.00961501 0.00915618 0.00877731 0.0127284 0.0313382 0.0344771 0.0306478 0.0206753 0.014477 0.0103214 0.00886466 0.00811795 0.00838576 0.00964303 0.0137984 0.014745 0.0185199 0.0133013 0.00967865 0.00866673 0.00816073 0.00835488 0.00837529 0.00815804 0.00805872 0.00794876 
0.0132593 0.016779 0.818538 0.00864409 0.00684115 0.0036028 0.00356236 0.00354749 0 0.00352863 0.00358281 0.00357027 0.00366155 0.00490035 0.00670051 0.00737685 0.0228884 0.294115 0.0133391 0.00805516 0.00986677 0.00971551 0.0094439 0.0106484 0.0200035 0.0154606 0.0110208 0.0119441 0.00930415 0.00907305 0.00887744 0.00968824 0.0100498 0.0113253 0.00907092 0.00876955 0.0100618 0.0103032 0.0140528 0.00917266 0.00867818 0.00859101 0.0106705 0.0127129 0.00931129 0.00908036 0.00947184 0.0098002 0.00922211 0.0145353 0.0322178 0.0364164 0.0318723 0.0215446 0.0166381 0.0106603 0.00896868 0.00826788 0.00851834 0.0102378 0.0139576 0.0176668 0.0158857 0.0140306 0.00985278 0.00875004 0.00824776 0.00839784 0.00841582 0.0082477 0.00802911 0.00795217 
0.0327696 0.796609 0.00816808 0.0119855 0.00651464 0.00370293 0.00372876 0.00356296 0.00352863 0 0.00355449 0.00357626 0.00365397 0.00803975 0.00641355 0.0152259 0.400372 0.0289808 0.00724552 0.00807372 0.0099471 0.00880635 0.00886998 0.0145613 0.0151634 0.018493 0.0129402 0.00987795 0.00954976 0.0089859 0.00899726 0.00910106 0.0153425 0.00959065 0.00935815 0.00881121 0.00936616 0.0134835 0.0111683 0.00996511 0.00854877 0.00850506 0.0121689 0.0109526 0.00923941 0.00900717 0.010151 0.00952019 0.00952351 0.015927 0.0395408 0.0501571 0.0422881 0.0282022 0.0188594 0.0107475 0.00883404 0.00815049 0.00910361 0.0102806 0.0158906 0.017098 0.0202034 0.0155432 0.0104038 0.00871777 0.00817836 0.0085411 0.00829274 0.00823677 0.00805062 0.00794558 
0.69393 0.014681 0.00940553 0.00847058 0.00622727 0.00388794 0.00359419 0.00355549 0.00358281 0.00355449 0 0.00354223 0.00356633 0.00547077 0.0133033 0.764036 0.0279969 0.00857723 0.00759674 0.00763697 0.0101612 0.0100239 0.00918684 0.0125447 0.0234555 0.0222215 0.014171 0.0102362 0.0096152 0.00901366 0.00915751 0.010009 0.0120505 0.010716 0.00908869 0.00904237 0.0106165 0.0121943 0.0146669 0.00964697 0.00844699 0.00891601 0.0132024 0.0123745 0.00911962 0.0097885 0.0114757 0.00969854 0.00991691 0.0183153 0.048646 0.0525771 0.0418769 0.0298394 0.0236782 0.0130893 0.00899505 0.00821818 0.00871191 0.0117814 0.0179194 0.0223854 0.0196977 0.0253695 0.0107508 0.00878292 0.00833323 0.00846949 0.00848021 0.00819183 0.00806437 0.00798108 
0.0173652 0.0118283 0.0128368 0.00715252 0.00731803 0.003971 0.00367785 0.00357177 0.00357027 0.00357626 0.00354223 0 0.00354807 0.00608528 0.977044 0.013173 0.00586303 0.00541018 0.00919691 0.00827208 0.0124758 0.0143354 0.00915446 0.0111379 0.0173021 0.015967 0.0139115 0.0140243 0.0102322 0.00979208 0.00989154 0.00983976 0.00959184 0.0131419 0.00890116 0.0091275 0.0109039 0.00956292 0.01138 0.0094709 0.00870244 0.00934689 0.0100057 0.0162098 0.00896959 0.00887891 0.0132699 0.0104427 0.0092589 0.0132084 0.0245329 0.0217476 0.0219603 0.0165629 0.01359 0.00989254 0.00903295 0.00815957 0.00862316 0.00999144 0.012344 0.0133987 0.0121462 0.011699 0.0105697 0.00875134 0.00833776 0.00849727 0.00830588 0.00808566 0.00816825 0.0079642 
0.0229357 0.0112202 0.00659129 0.0109083 0.00615948 0.00585306 0.00363928 0.00358607 0.00366155 0.00365397 0.00356633 0.00354807 0 0.978961 0.0077396 0.00377596 0.00381376 0.00514491 0.00830052 0.0107103 0.0134213 0.0090759 0.0114639 0.0182489 0.00957506 0.00907095 0.0111071 0.0108225 0.0242469 0.0138695 0.0112513 0.00831034 0.00882057 0.00842545 0.00955497 0.0120493 0.00842125 0.00892329 0.00838462 0.00930342 0.00850228 0.00990896 0.00977895 0.00857507 0.00967691 0.0093475 0.00902321 0.0104923 0.0117456 0.00953306 0.010183 0.0106937 0.00957196 0.00949032 0.00936 0.00852199 0.00866391 0.00829116 0.00983927 0.00873736 0.00883335 0.00866408 0.00902022 0.0088116 0.00840302 0.00871104 0.0090222 0.00823442 0.00811484 0.00821949 0.00840712 0.00798298 
0.0134024 0.00750439 0.011461 0.00741839 0.0200476 0.00860544 0.00500964 0.00449726 0.00490035 0.00803975 0.00547077 0.00608528 0.978961 0 0.00364023 0.00353944 0.00366087 0.00386041 0.0113164 0.0085894 0.0189889 0.0100156 0.016385 0.0101016 0.00925196 0.00940114 0.00854155 0.1294 0.0101196 0.0123367 0.00919183 0.00881641 0.00822064 0.00926914 0.00920825 0.00879506 0.00887948 0.00831151 0.00986948 0.00842658 0.0128248 0.0113462 0.00819095 0.0118759 0.00955375 0.00878304 0.008268 0.00957633 0.00896282 0.00891072 0.0091751 0.00910315 0.00888857 0.00831738 0.00830573 0.00825929 0.00827198 0.00873208 0.00905462 0.00824011 0.00832179 0.00868496 0.00836818 0.00838668 0.00860525 0.00863992 0.00851698 0.00809093 0.00839189 0.00849824 0.00840445 0.00801338 
0.00945877 0.0311137 0.00784344 0.0422127 0.00822501 0.00686324 0.00776828 0.00655144 0.00670051 0.00641355 0.0133033 0.977044 0.0077396 0.00364023 0 0.00357113 0.00355543 0.00356093 0.00623831 0.011087 0.0100902 0.0215193 0.0144558 0.0121955 0.0133462 0.00892655 0.17816 0.00920835 0.0103895 0.0107866 0.00901441 0.00898899 0.00959143 0.00930906 0.00924958 0.00890225 0.00900686 0.00955494 0.00897808 0.0143692 0.00895387 0.008297 0.0141998 0.00951044 0.0104986 0.00875335 0.0101463 0.00881769 0.00926132 0.0125249 0.0192334 0.0191839 0.0142572 0.0113796 0.00993655 0.00898585 0.00906258 0.00825223 0.00855664 0.00915853 0.0101057 0.00996112 0.0112947 0.0101021 0.00884351 0.00871441 0.0080973 0.00828372 0.00843104 0.00830411 0.00806214 0.00798731 
0.0171334 0.00927268 0.0184681 0.00857166 0.00861193 0.00785044 0.00639464 0.0181123 0.00737685 0.0152259 0.764036 0.013173 0.00377596 0.00353944 0.00357113 0 0.00354483 0.00353977 0.00465468 0.010107 0.0145887 0.0104485 0.010688 0.0137778 0.0121322 0.148404 0.00969686 0.0106271 0.0101282 0.00930858 0.00897993 0.00940252 0.0129794 0.00991922 0.00915088 0.00903749 0.00953768 0.0127642 0.0141511 0.00918757 0.00860887 0.00911148 0.0101383 0.0120524 0.00893685 0.00913679 0.00954917 0.0104957 0.00912617 0.0154725 0.0429735 0.0423553 0.0349024 0.0241708 0.0177258 0.0110757 0.00870577 0.00821838 0.00862802 0.00979616 0.0142575 0.019261 0.0147016 0.0177549 0.0100201 0.00853394 0.00820669 0.00846891 0.00841027 0.00811402 0.00802989 0.00794164 
0.011338 0.0198525 0.0116874 0.00852463 0.00789662 0.00841204 0.00942576 0.00655491 0.0228884 0.400372 0.0279969 0.00586303 0.00381376 0.00366087 0.00355543 0.00354483 0 0.00356617 0.0109611 0.0199731 0.0113732 0.0285016 0.00763625 0.00906674 0.174752 0.0103496 0.0119613 0.0107433 0.00966993 0.00962228 0.00911993 0.0109794 0.00921479 0.0107926 0.00863088 0.00922303 0.0112368 0.0094598 0.0101541 0.00923045 0.00828008 0.00928768 0.0101809 0.0122301 0.00861792 0.00889922 0.0128208 0.0092621 0.00945231 0.0123711 0.017779 0.0152221 0.0159283 0.0133001 0.0128139 0.00932831 0.00856954 0.00809827 0.00870842 0.00936833 0.0103738 0.0113253 0.0114071 0.0105026 0.00961136 0.00851731 0.00838295 0.00841357 0.00833078 0.00801707 0.00807388 0.00793464 
0.0291251 0.00971186 0.00808536 0.00915047 0.00787615 0.0168181 0.00789001 0.0330005 0.294115 0.0289808 0.00857723 0.00541018 0.00514491 0.00386041 0.00356093 0.00353977 0.00356617 0 0.0197456 0.00638138 0.0170556 0.00772113 0.00884569 0.236974 0.00957436 0.00868585 0.00919222 0.0109256 0.0173819 0.0119559 0.0130605 0.0086925 0.00940903 0.00881988 0.00919323 0.012488 0.0088916 0.00899467 0.00877336 0.00935818 0.00845226 0.0125938 0.0122309 0.00908018 0.00902266 0.00990718 0.00932762 0.00966091 0.0159943 0.0097657 0.0107261 0.0113826 0.00957998 0.0107095 0.00953643 0.00915938 0.00845413 0.00826819 0.0101574 0.00891319 0.00907508 0.00891853 0.00901779 0.00916104 0.00847348 0.00878107 0.00904851 0.00824651 0.00811816 0.00804583 0.00838572 0.00797893 
0.0150923 0.00909993 0.0120416 0.00839587 0.0287622 0.0146591 0.0132532 0.014615 0.0133391 0.00724552 0.00759674 0.00919691 0.00830052 0.0113164 0.00623831 0.00465468 0.0109611 0.0197456 0 0.0211804 0.0160437 0.0463568 0.020854 0.00783913 0.0100339 0.00878196 0.00891218 0.0321784 0.0147688 0.0171601 0.00940751 0.0103779 0.00841156 0.0106128 0.00881997 0.00977594 0.0100308 0.00852796 0.01115 0.00849118 0.0121465 0.0131938 0.00926522 0.0130793 0.00957531 0.0104465 0.00892218 0.0101121 0.00965718 0.00958188 0.00912874 0.00904799 0.00880882 0.00836849 0.0084707 0.00824334 0.00827904 0.0089455 0.00984816 0.00878502 0.00827877 0.00896435 0.00851602 0.00829255 0.00873606 0.00851081 0.00952827 0.00846031 0.00849692 0.00850059 0.00912746 0.00819273 
0.0160112 0.0168017 0.00811223 0.0195464 0.00907791 0.0209071 0.0132046 0.0202289 0.00805516 0.00807372 0.00763697 0.00827208 0.0107103 0.0085894 0.011087 0.010107 0.0199731 0.00638138 0.0211804 0 0.0335838 0.0142665 0.00932349 0.0188693 0.00880549 0.00825842 0.0603644 0.010872 0.0312405 0.0246407 0.0129837 0.00854047 0.00916248 0.00841126 0.0102793 0.0137214 0.00838206 0.0100464 0.008255 0.0132318 0.00856047 0.00968003 0.0138338 0.00863134 0.0119406 0.00951913 0.00905362 0.00856971 0.0131534 0.00911619 0.00866161 0.00898129 0.00838896 0.00841282 0.00831266 0.0082018 0.00858224 0.00820135 0.0107923 0.00848566 0.00833229 0.00817322 0.00839599 0.00838322 0.00815447 0.00885797 0.0101663 0.00841743 0.00811666 0.00866161 0.00913696 0.00814174 
0.0154229 0.00932428 0.0113008 0.00929398 0.0188029 0.0164278 0.00950319 0.00947616 0.00986677 0.0099471 0.0101612 0.0124758 0.0134213 0.0189889 0.0100902 0.0145887 0.0113732 0.0170556 0.0160437 0.0335838 0 0.00376682 0.0038022 0.00434076 0.00726256 0.600537 0.00799255 0.0273691 0.0136365 0.0229689 0.0105493 0.00966117 0.00858959 0.0100318 0.0109717 0.0105491 0.00931156 0.00880005 0.010627 0.00924159 0.015355 0.0124398 0.00937432 0.01835 0.0132679 0.00992837 0.00871711 0.014147 0.0105258 0.00992073 0.0107043 0.0101159 0.0092145 0.00861795 0.0085971 0.0086192 0.00869647 0.010537 0.00995528 0.0088304 0.00865585 0.00940527 0.008706 0.00870908 0.00922376 0.0100865 0.0091778 0.0082992 0.00890261 0.00979838 0.00864628 0.00828515 
0.0102925 0.0130998 0.00903814 0.00997272 0.00886721 0.0102935 0.0108141 0.00867509 0.00971551 0.00880635 0.0100239 0.0143354 0.0090759 0.0100156 0.0215193 0.0104485 0.0285016 0.00772113 0.0463568 0.0142665 0.00376682 0 0.00370534 0.0039793 0.753879 0.00472781 0.01064 0.00523815 0.010764 0.0112156 0.00971196 0.0097011 0.00856617 0.0100751 0.00836251 0.0103959 0.00990076 0.00867172 0.00932239 0.00923902 0.00867152 0.00983473 0.0115047 0.0117988 0.00849858 0.00895362 0.012405 0.00853024 0.00977688 0.0108668 0.00913137 0.00929442 0.00885201 0.0085646 0.00860702 0.00855265 0.00846612 0.00803634 0.00905544 0.00896129 0.00847478 0.00874979 0.00861197 0.0086596 0.00883191 0.00815638 0.0088276 0.00844892 0.00846895 0.00806116 0.00868674 0.00800537 
0.0247263 0.0107658 0.00856811 0.0101075 0.00922187 0.0175102 0.00966698 0.00914693 0.0094439 0.00886998 0.00918684 0.00915446 0.0114639 0.016385 0.0144558 0.010688 0.00763625 0.00884569 0.020854 0.00932349 0.0038022 0.00370534 0 0.821684 0.00372386 0.00380449 0.00385847 0.00454927 0.0208025 0.0118881 0.0165165 0.00893093 0.00902697 0.00817858 0.00996653 0.0182807 0.00898296 0.00948182 0.00859499 0.00955018 0.00911204 0.0151039 0.0118593 0.00909235 0.00984419 0.0107648 0.00907295 0.00965079 0.0168863 0.0108777 0.00917362 0.009471 0.00886806 0.00879432 0.00881775 0.00867039 0.00844049 0.00824208 0.0131436 0.0090562 0.00880007 0.00854077 0.00861891 0.00871204 0.00830669 0.00859652 0.0110959 0.00862786 0.0081514 0.00830983 0.00918658 0.00805025 
0.0152479 0.0118558 0.0097797 0.0139174 0.0351994 0.0113907 0.0105145 0.0115807 0.0106484 0.0145613 0.0125447 0.0111379 0.0182489 0.0101016 0.0121955 0.0137778 0.00906674 0.236974 0.00783913 0.0188693 0.00434076 0.0039793 0.821684 0 0.00363248 0.00357154 0.00366403 0.00406607 0.012621 0.0133881 0.0122184 0.00868482 0.00919734 0.00873002 0.0319164 0.0110992 0.00911121 0.0110033 0.00889452 0.0125842 0.0227034 0.00950864 0.0136139 0.0116441 0.020738 0.0105409 0.010426 0.0179993 0.0134862 0.0138495 0.0136648 0.0160035 0.0115975 0.0101449 0.0096713 0.00988521 0.00897086 0.00982444 0.0100641 0.0092404 0.00960028 0.00995906 0.0129655 0.00994702 0.00926726 0.0144762 0.00883174 0.00841855 0.00876378 0.0112425 0.00824909 0.00841866 
0.00976442 0.0155886 0.0141101 0.0299161 0.00906047 0.0103972 0.0141669 0.0126517 0.0200035 0.0151634 0.0234555 0.0173021 0.00957506 0.00925196 0.0133462 0.0121322 0.174752 0.00957436 0.0100339 0.00880549 0.00726256 0.753879 0.00372386 0.00363248 0 0.00357297 0.00358263 0.00382914 0.00742662 0.0086191 0.00892578 0.0111991 0.00913203 0.019035 0.00883307 0.00908554 0.0107692 0.00999076 0.0118097 0.0114577 0.00926783 0.0092252 0.0108103 0.015991 0.0113913 0.00959499 0.014323 0.00986461 0.00960818 0.0194408 0.0342609 0.050987 0.0244158 0.0158371 0.0139311 0.0105394 0.00922444 0.00855383 0.00868471 0.0115181 0.0141167 0.0213165 0.0166458 0.0149774 0.0135261 0.00886192 0.00840271 0.00852378 0.00878155 0.00833622 0.0082094 0.00800428 
0.00999546 0.0106942 0.0313065 0.00902464 0.00901254 0.0098542 0.0101699 0.0146381 0.0154606 0.018493 0.0222215 0.015967 0.00907095 0.00940114 0.00892655 0.148404 0.0103496 0.00868585 0.00878196 0.00825842 0.600537 0.00472781 0.00380449 0.00357154 0.00357297 0 0.00358235 0.00354334 0.00715713 0.00691487 0.0101239 0.00961875 0.021577 0.013798 0.00813587 0.00903876 0.00989596 0.0107096 0.0151708 0.00870253 0.00881533 0.00972355 0.00971562 0.0182137 0.00868538 0.00942896 0.00957385 0.0102341 0.00956827 0.0141135 0.0374903 0.0268285 0.0269 0.0186339 0.0151047 0.012219 0.00872213 0.00832961 0.00882664 0.00997485 0.0159961 0.0192225 0.0156083 0.0191548 0.0108845 0.00865261 0.00829785 0.00855188 0.00865044 0.00837625 0.0081174 0.00802679 
0.00956711 0.03732 0.00862102 0.0159102 0.00845728 0.00953734 0.0131987 0.0112139 0.0110208 0.0129402 0.014171 0.0139115 0.0111071 0.00854155 0.17816 0.00969686 0.0119613 0.00919222 0.00891218 0.0603644 0.00799255 0.01064 0.00385847 0.00366403 0.00358263 0.00358235 0 0.00353585 0.0163256 0.00899775 0.0108279 0.015351 0.0137201 0.00849173 0.00942027 0.00966214 0.0097134 0.0139366 0.00847508 0.0150432 0.00825998 0.00889568 0.0340091 0.00897118 0.0107255 0.00915602 0.0168564 0.0092406 0.011077 0.0166838 0.0136981 0.0193627 0.0129899 0.0137403 0.0109234 0.00900675 0.00959245 0.00834708 0.0090844 0.0111114 0.0116512 0.00972385 0.0148785 0.011301 0.00903858 0.00942903 0.00913991 0.00893992 0.00848301 0.00850602 0.00827584 0.00807958 
0.0274871 0.00862865 0.0110243 0.00855788 0.0111774 0.0158477 0.00978319 0.00984227 0.0119441 0.00987795 0.0102362 0.0140243 0.0108225 0.1294 0.00920835 0.0106271 0.0107433 0.0109256 0.0321784 0.010872 0.0273691 0.00523815 0.00454927 0.00406607 0.00382914 0.00354334 0.00353585 0 0.0212762 0.0163987 0.0164052 0.010815 0.0086452 0.0148236 0.00851706 0.0136986 0.0154744 0.00865259 0.0110863 0.00845438 0.0127507 0.0238917 0.00920609 0.0176637 0.00925166 0.0123702 0.00981423 0.0161893 0.0153399 0.0113124 0.0140288 0.0112926 0.0118272 0.0101059 0.010239 0.00952868 0.00848723 0.00891032 0.014302 0.0094033 0.00913525 0.01107 0.00907666 0.00911914 0.0107682 0.00880612 0.0116932 0.00825134 0.00855854 0.00829158 0.00908519 0.00800498 
0.0109544 0.010818 0.00881355 0.014207 0.0138318 0.012003 0.0100124 0.00951362 0.00930415 0.00954976 0.0096152 0.0102322 0.0242469 0.0101196 0.0103895 0.0101282 0.00966993 0.0173819 0.0147688 0.0312405 0.0136365 0.010764 0.0208025 0.012621 0.00742662 0.00715713 0.0163256 0.0212762 0 0.0220548 0.0105621 0.00706889 0.00854965 0.00667147 0.0121749 0.011069 0.00778979 0.0109084 0.0084742 0.0215186 0.0144183 0.0128359 0.016898 0.0126333 0.0335365 0.0123686 0.0116914 0.0193151 0.0243916 0.0140566 0.0112969 0.0124467 0.010204 0.00981927 0.00969908 0.00942316 0.00988152 0.012733 0.0170736 0.00984668 0.00987392 0.00943671 0.00986862 0.00933043 0.00999394 0.020124 0.0119462 0.0087054 0.00897633 0.0147141 0.00990844 0.00969952 
0.0142527 0.00998375 0.00860405 0.0103119 0.0120256 0.0126682 0.0092172 0.00898612 0.00907305 0.0089859 0.00901366 0.00979208 0.0138695 0.0123367 0.0107866 0.00930858 0.00962228 0.0119559 0.0171601 0.0246407 0.0229689 0.0112156 0.0118881 0.0133881 0.0086191 0.00691487 0.00899775 0.0163987 0.0220548 0 0.0359187 0.00761024 0.00618859 0.00597108 0.0112536 0.00990134 0.00722535 0.00828217 0.00798009 0.0108495 0.0409931 0.0146183 0.0211644 0.0124666 0.0167139 0.0139736 0.0115877 0.0147 0.0249165 0.0116041 0.0102128 0.010057 0.00921029 0.00939903 0.00946362 0.0086821 0.00916401 0.010623 0.0174679 0.0101747 0.00915641 0.00909138 0.00920151 0.00891044 0.00933404 0.0135467 0.0142554 0.00891113 0.0086534 0.0110611 0.0106056 0.00891039 
0.0089141 0.00912712 0.00833754 0.00939557 0.00986518 0.00914605 0.00873587 0.00880035 0.00887744 0.00899726 0.00915751 0.00989154 0.0112513 0.00919183 0.00901441 0.00897993 0.00911993 0.0130605 0.00940751 0.0129837 0.0105493 0.00971196 0.0165165 0.0122184 0.00892578 0.0101239 0.0108279 0.0164052 0.0105621 0.0359187 0 0.00426635 0.003671 0.00383826 0.00565183 0.00424733 0.00410226 0.00592991 0.00717061 0.85219 0.0221944 0.00724891 0.00814808 0.00942839 0.0323351 0.0114061 0.00917976 0.0150516 0.0142103 0.0113095 0.0131664 0.0126509 0.0104677 0.00914737 0.00912813 0.00895901 0.00911864 0.01015 0.0113727 0.00933949 0.0092258 0.00928358 0.0102217 0.00889351 0.00951789 0.0131422 0.00922949 0.00863806 0.00891201 0.0104247 0.0084911 0.00822356 
0.00863613 0.0085681 0.00982121 0.00850583 0.00929158 0.00864268 0.00899413 0.00884421 0.00968824 0.00910106 0.010009 0.00983976 0.00831034 0.00881641 0.00898899 0.00940252 0.0109794 0.0086925 0.0103779 0.00854047 0.00966117 0.0097011 0.00893093 0.00868482 0.0111991 0.00961875 0.015351 0.010815 0.00706889 0.00761024 0.00426635 0 0.00592887 0.00362111 0.00356192 0.00400104 0.00735068 0.00654733 0.937354 0.0130592 0.00726746 0.0073606 0.00744786 0.0236589 0.00967624 0.00892852 0.0117728 0.00891794 0.00932759 0.0146808 0.0152847 0.0123998 0.0113062 0.00942053 0.00969584 0.00910383 0.00883409 0.0086388 0.00907154 0.0102341 0.00903285 0.0148441 0.00967397 0.0102832 0.0112627 0.00845505 0.00869633 0.00861505 0.00942845 0.00837701 0.00867861 0.00802695 
0.00841963 0.0110176 0.00860559 0.0114057 0.00820656 0.00853618 0.00937416 0.0102938 0.0100498 0.0153425 0.0120505 0.00959184 0.00882057 0.00822064 0.00959143 0.0129794 0.00921479 0.00940903 0.00841156 0.00916248 0.00858959 0.00856617 0.00902697 0.00919734 0.00913203 0.021577 0.0137201 0.0086452 0.00854965 0.00618859 0.003671 0.00592887 0 0.0035224 0.00354565 0.00470715 0.0039725 0.977686 0.00942435 0.00731465 0.00513039 0.0060772 0.0146359 0.00728754 0.00810544 0.0085539 0.00965655 0.00922272 0.00952142 0.0108399 0.0193917 0.024233 0.0154183 0.0150518 0.0113534 0.0104259 0.00909893 0.00833672 0.00885197 0.00951475 0.0178108 0.0100402 0.01801 0.018122 0.00931169 0.00904582 0.00844921 0.00882554 0.0085273 0.00863398 0.00810768 0.00802658 
0.00950547 0.00860375 0.0132215 0.00835618 0.00894483 0.00908681 0.00910013 0.0100715 0.0113253 0.00959065 0.010716 0.0131419 0.00842545 0.00926914 0.00930906 0.00991922 0.0107926 0.00881988 0.0106128 0.00841126 0.0100318 0.0100751 0.00817858 0.00873002 0.019035 0.013798 0.00849173 0.0148236 0.00667147 0.00597108 0.00383826 0.00362111 0.0035224 0 0.00350821 0.00373811 0.970556 0.00399996 0.00581674 0.00406359 0.00497664 0.0104929 0.00658817 0.0107845 0.00603305 0.0102178 0.0124675 0.0102385 0.00929868 0.012226 0.0135642 0.0113136 0.0129727 0.0107042 0.0153309 0.0102167 0.00890549 0.00849475 0.00905142 0.0114051 0.00925231 0.015698 0.010096 0.010471 0.0157598 0.00841391 0.00896438 0.00868398 0.00894207 0.00813876 0.00827674 0.00805612 
0.00925776 0.00991176 0.00816032 0.00986699 0.00811289 0.00958285 0.00912579 0.00913336 0.00907092 0.00935815 0.00908869 0.00890116 0.00955497 0.00920825 0.00924958 0.00915088 0.00863088 0.00919323 0.00881997 0.0102793 0.0109717 0.00836251 0.00996653 0.0319164 0.00883307 0.00813587 0.00942027 0.00851706 0.0121749 0.0112536 0.00565183 0.00356192 0.00354565 0.00350821 0 0.972291 0.0036452 0.00583334 0.00358187 0.00485691 0.00405927 0.00604091 0.0086939 0.00574824 0.00660924 0.00943861 0.00957871 0.0105337 0.016828 0.00962397 0.00991966 0.0105397 0.00952436 0.00957362 0.00929442 0.00882728 0.00888866 0.00841427 0.0132576 0.00904978 0.00991181 0.00913871 0.00978924 0.00959059 0.00854252 0.00975558 0.0109297 0.00866566 0.00818298 0.00849393 0.00867643 0.00815308 
0.00906673 0.00872705 0.00827466 0.00885116 0.00945228 0.00970491 0.00850177 0.00865113 0.00876955 0.00881121 0.00904237 0.0091275 0.0120493 0.00879506 0.00890225 0.00903749 0.00922303 0.012488 0.00977594 0.0137214 0.0105491 0.0103959 0.0182807 0.0110992 0.00908554 0.00903876 0.00966214 0.0136986 0.011069 0.00990134 0.00424733 0.00400104 0.00470715 0.00373811 0.972291 0 0.00357982 0.00357051 0.00359392 0.00383608 0.00579053 0.00575673 0.00555346 0.00553835 0.0153919 0.0159278 0.0140441 0.019378 0.0198198 0.0123715 0.0119033 0.0123498 0.0101353 0.00954174 0.00916143 0.00909213 0.00911184 0.0103843 0.0149712 0.0102295 0.00982492 0.00962594 0.00999772 0.00921291 0.00983942 0.0147681 0.0102518 0.00890134 0.00893628 0.0112465 0.0087099 0.00822745 
0.00899888 0.00850712 0.0109483 0.00832408 0.0102825 0.00878027 0.00916566 0.00924335 0.0100618 0.00936616 0.0106165 0.0109039 0.00842125 0.00887948 0.00900686 0.00953768 0.0112368 0.0088916 0.0100308 0.00838206 0.00931156 0.00990076 0.00898296 0.00911121 0.0107692 0.00989596 0.0097134 0.0154744 0.00778979 0.00722535 0.00410226 0.00735068 0.0039725 0.970556 0.0036452 0.00357982 0 0.00356461 0.00361467 0.00368927 0.00390218 0.00460304 0.00507826 0.0186979 0.0101799 0.0347298 0.0142992 0.0094113 0.00983362 0.0203801 0.0211053 0.0132174 0.0158633 0.0106446 0.0102607 0.00965132 0.00900342 0.00858403 0.00961315 0.0133465 0.0105288 0.0159357 0.0105283 0.0130475 0.0141819 0.00866761 0.00891506 0.00887815 0.00950903 0.00849656 0.00849244 0.00797883 
0.00859047 0.0112849 0.00860754 0.0123744 0.00832545 0.00856359 0.00952261 0.0107602 0.0103032 0.0134835 0.0121943 0.00956292 0.00892329 0.00831151 0.00955494 0.0127642 0.0094598 0.00899467 0.00852796 0.0100464 0.00880005 0.00867172 0.00948182 0.0110033 0.00999076 0.0107096 0.0139366 0.00865259 0.0109084 0.00828217 0.00592991 0.00654733 0.977686 0.00399996 0.00583334 0.00357051 0.00356461 0 0.00353545 0.00393348 0.00361205 0.00444539 0.020637 0.00896985 0.461539 0.00956203 0.00932367 0.00926531 0.0118961 0.0128794 0.0214734 0.0374774 0.0153965 0.0188787 0.0125446 0.0103489 0.00932794 0.0085618 0.00980701 0.00991592 0.01903 0.0115288 0.026052 0.01993 0.00932397 0.0100467 0.00879992 0.00945149 0.00869995 0.00913503 0.00820126 0.00813919 
0.00901415 0.00843842 0.0226439 0.00836434 0.00892127 0.00911493 0.00949352 0.010922 0.0140528 0.0111683 0.0146669 0.01138 0.00838462 0.00986948 0.00897808 0.0141511 0.0101541 0.00877336 0.01115 0.008255 0.010627 0.00932239 0.00859499 0.00889452 0.0118097 0.0151708 0.00847508 0.0110863 0.0084742 0.00798009 0.00717061 0.937354 0.00942435 0.00581674 0.00358187 0.00359392 0.00361467 0.00353545 0 0.00352652 0.00362379 0.0129547 0.00792523 0.912879 0.00528908 0.00852972 0.00893148 0.00965992 0.00993171 0.0135399 0.0324133 0.0196213 0.0264307 0.0155717 0.0140339 0.013609 0.00873715 0.0086617 0.00977827 0.0126378 0.0114213 0.0361935 0.0134587 0.0153772 0.0166893 0.00867679 0.00973698 0.00896086 0.0106643 0.00833412 0.00853528 0.00802145 
0.00855116 0.0118166 0.00829815 0.0117037 0.00825165 0.00866872 0.00951646 0.00934624 0.00917266 0.00996511 0.00964697 0.0094709 0.00930342 0.00842658 0.0143692 0.00918757 0.00923045 0.00935818 0.00849118 0.0132318 0.00924159 0.00923902 0.00955018 0.0125842 0.0114577 0.00870253 0.0150432 0.00845438 0.0215186 0.0108495 0.85219 0.0130592 0.00731465 0.00406359 0.00485691 0.00383608 0.00368927 0.00393348 0.00352652 0 0.0036288 0.00826945 0.986381 0.00450827 0.00488556 0.00851758 0.0159123 0.00922724 0.0144511 0.0201928 0.0119484 0.0156388 0.0116364 0.0118464 0.00996718 0.0092352 0.0106604 0.00854223 0.0105695 0.0113184 0.0115596 0.00968776 0.0148179 0.0118026 0.00949568 0.0103872 0.00932228 0.0111291 0.00871232 0.00910532 0.00858259 0.00835235 
0.0110939 0.00821321 0.00848998 0.00816702 0.00861175 0.0104698 0.00830641 0.0084055 0.00867818 0.00854877 0.00844699 0.00870244 0.00850228 0.0128248 0.00895387 0.00860887 0.00828008 0.00845226 0.0121465 0.00856047 0.015355 0.00867152 0.00911204 0.0227034 0.00926783 0.00881533 0.00825998 0.0127507 0.0144183 0.0409931 0.0221944 0.00726746 0.00513039 0.00497664 0.00405927 0.00579053 0.00390218 0.00361205 0.00362379 0.0036288 0 0.996169 0.00669359 0.00523254 0.00375722 0.0137578 0.00904576 0.0107635 0.0173728 0.0106316 0.0103232 0.00949686 0.00943468 0.00927621 0.00908331 0.00893338 0.00846285 0.0088558 0.0166796 0.00989395 0.00889308 0.0097929 0.00898688 0.00885815 0.00925103 0.0087696 0.0207765 0.00890097 0.00861163 0.00874626 0.0107552 0.00816951 
0.00882519 0.00812245 0.00999384 0.00827019 0.0120295 0.0090323 0.00828817 0.00834719 0.00859101 0.00850506 0.00891601 0.00934689 0.00990896 0.0113462 0.008297 0.00911148 0.00928768 0.0125938 0.0131938 0.00968003 0.0124398 0.00983473 0.0151039 0.00950864 0.0092252 0.00972355 0.00889568 0.0238917 0.0128359 0.0146183 0.00724891 0.0073606 0.0060772 0.0104929 0.00604091 0.00575673 0.00460304 0.00444539 0.0129547 0.00826945 0.996169 0 0.00390343 0.00407177 0.00517483 0.012245 0.00898375 0.0445657 0.0137286 0.0109125 0.0113261 0.0123655 0.0113371 0.00917202 0.0094748 0.00941525 0.00937285 0.0157975 0.0133571 0.0100378 0.00903805 0.0119229 0.00946657 0.0091902 0.01238 0.0121715 0.0109055 0.00892395 0.0112814 0.0122589 0.0100118 0.00861362 
0.00897687 0.0137603 0.00840148 0.016138 0.00850598 0.00882211 0.0101555 0.0108865 0.0106705 0.0121689 0.0132024 0.0100057 0.00977895 0.00819095 0.0141998 0.0101383 0.0101809 0.0122309 0.00926522 0.0138338 0.00937432 0.0115047 0.0118593 0.0136139 0.0108103 0.00971562 0.0340091 0.00920609 0.016898 0.0211644 0.00814808 0.00744786 0.0146359 0.00658817 0.0086939 0.00555346 0.00507826 0.020637 0.00792523 0.986381 0.00669359 0.00390343 0 0.00507736 0.00404799 0.0140813 0.0413326 0.0223986 0.0204184 0.0311507 0.0199741 0.0334911 0.0171046 0.0183232 0.0136119 0.0101937 0.0188351 0.00914476 0.0145869 0.0159648 0.0204341 0.0106781 0.0274035 0.0145955 0.0103611 0.0126964 0.010912 0.0125368 0.0100738 0.0121835 0.00914485 0.00849038 
0.0110171 0.00864714 0.0180137 0.00840653 0.00933811 0.0108839 0.0101756 0.0102752 0.0127129 0.0109526 0.0123745 0.0162098 0.00857507 0.0118759 0.00951044 0.0120524 0.0122301 0.00908018 0.0130793 0.00863134 0.01835 0.0117988 0.00909235 0.0116441 0.015991 0.0182137 0.00897118 0.0176637 0.0126333 0.0124666 0.00942839 0.0236589 0.00728754 0.0107845 0.00574824 0.00553835 0.0186979 0.00896985 0.912879 0.00450827 0.00523254 0.00407177 0.00507736 0 0.00356446 0.0340561 0.0393453 0.017981 0.0161913 0.0206019 0.0218213 0.0159956 0.0265659 0.0202888 0.0137349 0.0199157 0.00963877 0.00954948 0.0130816 0.0261148 0.0117919 0.026742 0.0116818 0.0142937 0.0272075 0.00898567 0.0132993 0.0109013 0.0125827 0.00876217 0.0104014 0.00835981 
0.0114434 0.010154 0.00824594 0.0098804 0.00823014 0.0112825 0.00917177 0.00912396 0.00931129 0.00923941 0.00911962 0.00896959 0.00967691 0.00955375 0.0104986 0.00893685 0.00861792 0.00902266 0.00957531 0.0119406 0.0132679 0.00849858 0.00984419 0.020738 0.0113913 0.00868538 0.0107255 0.00925166 0.0335365 0.0167139 0.0323351 0.00967624 0.00810544 0.00603305 0.00660924 0.0153919 0.0101799 0.461539 0.00528908 0.00488556 0.00375722 0.00517483 0.00404799 0.00356446 0 0.0361686 0.0152195 0.0237945 0.0220048 0.0120076 0.0109925 0.0146372 0.0197967 0.0116715 0.0107448 0.00969339 0.0105308 0.00864503 0.0208648 0.0110005 0.0117533 0.00937097 0.0119312 0.0103081 0.0087807 0.0120357 0.0189463 0.010044 0.00848728 0.0103184 0.0106111 0.00855228 
0.00906649 0.00844635 0.00846134 0.00832037 0.00878288 0.00977194 0.00856212 0.00872384 0.00908036 0.00900717 0.0097885 0.00887891 0.0093475 0.00878304 0.00875335 0.00913679 0.00889922 0.00990718 0.0104465 0.00951913 0.00992837 0.00895362 0.0107648 0.0105409 0.00959499 0.00942896 0.00915602 0.0123702 0.0123686 0.0139736 0.0114061 0.00892852 0.0085539 0.0102178 0.00943861 0.0159278 0.0347298 0.00956203 0.00852972 0.00851758 0.0137578 0.012245 0.0140813 0.0340561 0.0361686 0 0.00362918 0.00359676 0.0148746 0.0159682 0.043462 0.492477 0.00967795 0.00723403 0.0074881 0.0079749 0.00822835 0.00985186 0.0162238 0.0129797 0.0102972 0.013325 0.0116079 0.0101637 0.0114054 0.0141552 0.013161 0.00951125 0.00928315 0.0134587 0.00986868 0.00946471 
0.00862622 0.0105046 0.00860914 0.0101488 0.00819022 0.00869873 0.0102586 0.00961501 0.00947184 0.010151 0.0114757 0.0132699 0.00902321 0.008268 0.0101463 0.00954917 0.0128208 0.00932762 0.00892218 0.00905362 0.00871711 0.012405 0.00907295 0.010426 0.014323 0.00957385 0.0168564 0.00981423 0.0116914 0.0115877 0.00917976 0.0117728 0.00965655 0.0124675 0.00957871 0.0140441 0.0142992 0.00932367 0.00893148 0.0159123 0.00904576 0.00898375 0.0413326 0.0393453 0.0152195 0.00362918 0 0.0035486 0.0171899 0.0810784 0.459749 0.0115575 0.0100267 0.00925814 0.00911245 0.00904458 0.0123109 0.00746866 0.0113425 0.0195418 0.0125558 0.0120447 0.0142663 0.015589 0.0171529 0.0108309 0.00957733 0.0121631 0.0107151 0.00973171 0.0101557 0.00909758 
0.0112518 0.00841576 0.00866381 0.00845363 0.00860169 0.0104736 0.00875866 0.00915618 0.0098002 0.00952019 0.00969854 0.0104427 0.0104923 0.00957633 0.00881769 0.0104957 0.0092621 0.00966091 0.0101121 0.00856971 0.014147 0.00853024 0.00965079 0.0179993 0.00986461 0.0102341 0.0092406 0.0161893 0.0193151 0.0147 0.0150516 0.00891794 0.00922272 0.0102385 0.0105337 0.019378 0.0094113 0.00926531 0.00965992 0.00922724 0.0107635 0.0445657 0.0223986 0.017981 0.0237945 0.00359676 0.0035486 0 0.924806 0.0778716 0.00881483 0.00786719 0.00995467 0.00860866 0.0101052 0.00935681 0.00830407 0.0107677 0.0165562 0.0113342 0.0120631 0.0127627 0.011602 0.0123531 0.013132 0.0145852 0.0221677 0.00965686 0.00931188 0.0117779 0.012722 0.00875548 
0.00983586 0.00908375 0.00859844 0.00949777 0.0102659 0.00961188 0.00872827 0.00877731 0.00922211 0.00952351 0.00991691 0.0092589 0.0117456 0.00896282 0.00926132 0.00912617 0.00945231 0.0159943 0.00965718 0.0131534 0.0105258 0.00977688 0.0168863 0.0134862 0.00960818 0.00956827 0.011077 0.0153399 0.0243916 0.0249165 0.0142103 0.00932759 0.00952142 0.00929868 0.016828 0.0198198 0.00983362 0.0118961 0.00993171 0.0144511 0.0173728 0.0137286 0.0204184 0.0161913 0.0220048 0.0148746 0.0171899 0.924806 0 0.00377575 0.00358069 0.00369287 0.00375855 0.00396668 0.00382349 0.00475218 0.00856136 0.0119334 0.0168005 0.0132628 0.0101856 0.0114435 0.0166067 0.0108719 0.0116824 0.0442892 0.0301492 0.0140854 0.0118555 0.0248564 0.0122919 0.0106836 
0.00972698 0.0110422 0.010441 0.0096945 0.0086067 0.0100977 0.0122146 0.0127284 0.0145353 0.015927 0.0183153 0.0132084 0.00953306 0.00891072 0.0125249 0.0154725 0.0123711 0.0097657 0.00958188 0.00911619 0.00992073 0.0108668 0.0108777 0.0138495 0.0194408 0.0141135 0.0166838 0.0113124 0.0140566 0.0116041 0.0113095 0.0146808 0.0108399 0.012226 0.00962397 0.0123715 0.0203801 0.0128794 0.0135399 0.0201928 0.0106316 0.0109125 0.0311507 0.0206019 0.0120076 0.0159682 0.0810784 0.0778716 0.00377575 0 0.00368272 0.00365966 0.00363786 0.00381643 0.0036956 0.00438854 0.00759869 0.0053433 0.0107659 0.0172504 0.0137239 0.0171892 0.0155007 0.0152845 0.0420987 0.0604071 0.0192368 0.0152065 0.0142418 0.0126198 0.0100292 0.00927894 
0.0104131 0.015489 0.0187825 0.0106499 0.00875919 0.0120257 0.0190301 0.0313382 0.0322178 0.0395408 0.048646 0.0245329 0.010183 0.0091751 0.0192334 0.0429735 0.017779 0.0107261 0.00912874 0.00866161 0.0107043 0.00913137 0.00917362 0.0136648 0.0342609 0.0374903 0.0136981 0.0140288 0.0112969 0.0102128 0.0131664 0.0152847 0.0193917 0.0135642 0.00991966 0.0119033 0.0211053 0.0214734 0.0324133 0.0119484 0.0103232 0.0113261 0.0199741 0.0218213 0.0109925 0.043462 0.459749 0.00881483 0.00358069 0.00368272 0 0.00369409 0.00368698 0.00371201 0.00368264 0.00534349 0.00423049 0.00430642 0.0100025 0.0165022 0.043417 0.0245613 0.0320654 0.0436866 0.148817 0.187731 0.0126119 0.0195645 0.0138846 0.0109829 0.00900632 0.00862044 
0.0106789 0.0185272 0.013844 0.012559 0.00866793 0.0136036 0.0220557 0.0344771 0.0364164 0.0501571 0.0525771 0.0217476 0.0106937 0.00910315 0.0191839 0.0423553 0.0152221 0.0113826 0.00904799 0.00898129 0.0101159 0.00929442 0.009471 0.0160035 0.050987 0.0268285 0.0193627 0.0112926 0.0124467 0.010057 0.0126509 0.0123998 0.024233 0.0113136 0.0105397 0.0123498 0.0132174 0.0374774 0.0196213 0.0156388 0.00949686 0.0123655 0.0334911 0.0159956 0.0146372 0.492477 0.0115575 0.00786719 0.00369287 0.00365966 0.00369409 0 0.00360431 0.00364986 0.00357359 0.00369815 0.00435111 0.00406413 0.0112456 0.0144915 0.0206464 0.0287176 0.0420847 0.411217 0.294307 0.0243694 0.0148274 0.0170547 0.0135966 0.0118159 0.00921521 0.00863775 
