1V54F
ASGGGVPTDEEQATGLEREVMLAARKGQDPYNILAPKATSGTKEDPNLVPSITNKRIVGCICEEDNSTVIWFWLHKGEAQRCPSCGTHYKLVPHQLAH
CCCCECCCHHHHCCHHHHHHHHHHHCCCCCCCCCCCCCCCCCCCCCEEEECCCCEEEEEECCCCCCCCCEEEEEECCCCEECCCCCCEEEEECCCCCC
0 0 0 0 0 0 0 0 0 0 0 0 0 0 0 0 0 0 0 0 0 0 0 0 0 0 0 0 0 0 0 0 0 0 0 0 0 0 0 0 0 0 0 0 0 0 0 0 0 0 0 0 0 0 0 0 0 0 0 0 0 0 0 0 0 0 0 0 0 0 0 0 0 0 0 0 0 0 0 0 0 0 0 0 0 0 0 0 0 0 0 0 0 0 0 0 0 0 
0 0 0 0 0 0 0 0 0 0 0 0 0 0 0 0 0 0 0 0 0 0 0 0 0 0 0 0 0 0 0 0 0 0 0 0 0 0 0 0 0 0 0 0 0 0 0 0 0 0 0 0 0 0 0 0 0 0 0 0 0 0 0 0 0 0 0 0 0 0 0 0 0 0 0 0 0 0 0 0 0 0 0 0 0 0 0 0 0 0 0 0 0 0 0 0 0 0 
0 0.0154126 0.0099761 0.00960749 0.0168901 0.0154017 0.01005 0.00901178 0.00953253 0.0103056 0.0149671 0.0112456 0.00834472 0.00835953 0.00827839 0.00870986 0.0114472 0.00996839 0.0124693 0.0109537 0.00838364 0.00849196 0.00870916 0.0106822 
0.0154126 0 0.00364451 0.0036103 0.00400665 0.00479271 0.00692304 0.0151039 0.0334517 0.0479716 0.0479868 0.020445 0.0113785 0.0113551 0.0114453 0.0112241 0.0244667 0.0104643 0.0171642 0.013637 0.012102 0.00981298 0.0161979 0.0206792 
0.0099761 0.00364451 0 0.00409882 0.00357625 0.00455401 0.0074966 0.0224041 0.0242215 0.0380979 0.00756576 0.0144028 0.0281087 0.0146852 0.0159452 0.0138314 0.00906556 0.00929635 0.00950833 0.0104063 0.0103901 0.0281873 0.0101268 0.00939684 
0.00960749 0.0036103 0.00409882 0 0.00357612 0.00414944 0.0212062 0.0362224 0.0191268 0.0114655 0.00777182 0.00876679 0.0137984 0.0151639 0.0113701 0.0145151 0.00868273 0.00946007 0.00914798 0.00895091 0.0204783 0.00877137 0.0192016 0.00843397 
0.0168901 0.00400665 0.00357625 0.00357612 0 0.0206997 0.019572 0.00785066 0.00557339 0.00644593 0.00824909 0.0140442 0.0106454 0.00994809 0.0100206 0.0097333 0.012715 0.0129473 0.0105707 0.0212528 0.00936791 0.00993844 0.00901251 0.0101311 
0.0154017 0.00479271 0.00455401 0.00414944 0.0206997 0 0.00422016 0.00355471 0.00354794 0.00361736 0.00406563 0.0120863 0.00806303 0.00825538 0.0101511 0.0162973 0.680377 0.00905027 0.0177334 0.0118972 0.0103075 0.00982884 0.0107246 0.0191097 
0.01005 0.00692304 0.0074966 0.0212062 0.019572 0.00422016 0 0.00355581 0.0035877 0.00359324 0.00365204 0.0171683 0.00973265 0.0112025 0.0313983 0.759866 0.01064 0.0107453 0.00969834 0.0115973 0.0168507 0.0126237 0.0195954 0.0110324 
0.00901178 0.0151039 0.0224041 0.0362224 0.00785066 0.00355471 0.00355581 0 0.00355681 0.00360509 0.00357588 0.0100218 0.0139455 0.0366167 0.798716 0.01443 0.0132583 0.00906151 0.00895196 0.0114531 0.0194774 0.0273001 0.0203815 0.00907214 
0.00953253 0.0334517 0.0242215 0.0191268 0.00557339 0.00354794 0.0035877 0.00355681 0 0.00355251 0.00354721 0.0120354 0.0345298 0.831413 0.0305772 0.0111165 0.00842295 0.00905717 0.00890574 0.0104414 0.0222172 0.0255585 0.0159777 0.00893136 
0.0103056 0.0479716 0.0380979 0.0114655 0.00644593 0.00361736 0.00359324 0.00360509 0.00355251 0 0.00354228 0.0186794 0.846832 0.0189006 0.0227166 0.0165016 0.011728 0.0105606 0.0163343 0.0141517 0.0208217 0.0211629 0.0252593 0.0121684 
0.0149671 0.0479868 0.00756576 0.00777182 0.00824909 0.00406563 0.00365204 0.00357588 0.00354721 0.00354228 0 0.803603 0.0239117 0.0144842 0.0110444 0.0135992 0.0138582 0.0128308 0.0123606 0.0191991 0.013816 0.00953661 0.014464 0.0125102 
0.0112456 0.020445 0.0144028 0.00876679 0.0140442 0.0120863 0.0171683 0.0100218 0.0120354 0.0186794 0.803603 0 0.00356586 0.00355828 0.00356088 0.00359719 0.00406474 0.00648753 0.0120893 0.0157089 0.0155709 0.0225045 0.0336788 0.05041 
0.00834472 0.0113785 0.0281087 0.0137984 0.0106454 0.00806303 0.00973265 0.0139455 0.0345298 0.846832 0.0239117 0.00356586 0 0.00353063 0.00354878 0.00358746 0.00357221 0.00614949 0.00723412 0.00935671 0.0184433 0.0340523 0.0480766 0.0281436 
0.00835953 0.0113551 0.0146852 0.0151639 0.00994809 0.00825538 0.0112025 0.0366167 0.831413 0.0189006 0.0144842 0.00355828 0.00353063 0 0.00355066 0.00352835 0.00421868 0.00472344 0.00653383 0.0110963 0.0297263 0.0271802 0.0398607 0.0164741 
0.00827839 0.0114453 0.0159452 0.0113701 0.0100206 0.0101511 0.0313983 0.798716 0.0305772 0.0227166 0.0110444 0.00356088 0.00354878 0.00355066 0 0.0035261 0.00353944 0.00414576 0.0372612 0.0158233 0.0117884 0.0439294 0.013686 0.024038 
0.00870986 0.0112241 0.0138314 0.0145151 0.0097333 0.0162973 0.759866 0.01443 0.0111165 0.0165016 0.0135992 0.00359719 0.00358746 0.00352835 0.0035261 0 0.00356135 0.010588 0.0710178 0.0132601 0.0299501 0.00955873 0.044635 0.00981057 
0.0114472 0.0244667 0.00906556 0.00868273 0.012715 0.680377 0.01064 0.0132583 0.00842295 0.011728 0.0138582 0.00406474 0.00357221 0.00421868 0.00353944 0.00356135 0 0.135239 0.00498325 0.02353 0.00926765 0.0137558 0.00981941 0.0110177 
0.00996839 0.0104643 0.00929635 0.00946007 0.0129473 0.00905027 0.0107453 0.00906151 0.00905717 0.0105606 0.0128308 0.00648753 0.00614949 0.00472344 0.00414576 0.010588 0.135239 0 0.00393736 0.00691744 0.397027 0.00779386 0.0112853 0.0091687 
0.0124693 0.0171642 0.00950833 0.00914798 0.0105707 0.0177334 0.00969834 0.00895196 0.00890574 0.0163343 0.0123606 0.0120893 0.00723412 0.00653383 0.0372612 0.0710178 0.00498325 0.00393736 0 0.649262 0.00640385 0.00760316 0.0060621 0.00844211 
0.0109537 0.013637 0.0104063 0.00895091 0.0212528 0.0118972 0.0115973 0.0114531 0.0104414 0.0141517 0.0191991 0.0157089 0.00935671 0.0110963 0.0158233 0.0132601 0.02353 0.00691744 0.649262 0 0.00361489 0.00369257 0.00378608 0.00559291 
0.00838364 0.012102 0.0103901 0.0204783 0.00936791 0.0103075 0.0168507 0.0194774 0.0222172 0.0208217 0.013816 0.0155709 0.0184433 0.0297263 0.0117884 0.0299501 0.00926765 0.397027 0.00640385 0.00361489 0 0.00358341 0.00377407 0.00369836 
0.00849196 0.00981298 0.0281873 0.00877137 0.00993844 0.00982884 0.0126237 0.0273001 0.0255585 0.0211629 0.00953661 0.0225045 0.0340523 0.0271802 0.0439294 0.00955873 0.0137558 0.00779386 0.00760316 0.00369257 0.00358341 0 0.00362068 0.00374108 
0.00870916 0.0161979 0.0101268 0.0192016 0.00901251 0.0107246 0.0195954 0.0203815 0.0159777 0.0252593 0.014464 0.0336788 0.0480766 0.0398607 0.013686 0.044635 0.00981941 0.0112853 0.0060621 0.00378608 0.00377407 0.00362068 0 0.00357852 
0.0106822 0.0206792 0.00939684 0.00843397 0.0101311 0.0191097 0.0110324 0.00907214 0.00893136 0.0121684 0.0125102 0.05041 0.0281436 0.0164741 0.024038 0.00981057 0.0110177 0.0091687 0.00844211 0.00559291 0.00369836 0.00374108 0.00357852 0 
