1V67A
MAIYEINGKKPRIHPSAFVDENAVVIGDVVLEEKTSVWPSAVLRGDIEQIYVGKYSNVQDNVSIHTSHGYPTEIGEYVTIGHNAMVHGAKVGNYVIIGISSVILDGAKIGDHVIIGAGAVVPPNKEIPDYSLVLGVPGKVVRQLTEEEIEWTKKNAEIYVELAEKHIKGRKRI
CEEECECCECCEECCCCEECCCCEEEEEEEECCCCEECCCCEEEEEEEEEEECCCCEECCCCEEECECCECEEECCCCEECCCCEEECCEECCCEEECCCCEECCCCEECCCEEECCCCEECCCCEECCCEEEEECCEEEEEECCHHHHHHHHHHHHHHHHHHHHHHHHCCCC
0 0 0 0 0 0 0 0 0 0 0 0 0 0 0 0 0 0 0 0 0 0 0 0 0 0 0 0 0 0 0 0 0 0 0 0 0 0 0 0 0 0 0 0 0 0 0 0 0 0 0 0 0 0 0 0 0 0 0 0 0 0 0 0 0 0 0 0 0 0 0 0 0 0 0 0 0 0 0 0 0 0 0 0 0 0 0 0 0 0 0 0 0 0 0 0 0 0 0 0 0 0 0 0 0 0 0 0 0 0 0 0 0 0 0 0 0 0 0 0 0 0 0 0 0 0 0 0 0 0 0 0 0 0 0 0 0 0 0 0 0 0 0 0 0 0 0 0 0 0 0 0 0 0 0 0 0 0 0 0 0 0 0 0 0 0 0 0 0 0 0 0 0 
0 0 0 0 0 0 0 0 0 0 0 0 0 0 0 0 0 0 0 0 0 0 0 0 0 0 0 0 0 0 0 0 0 0 0 0 0 0 0 0 0 0 0 0 0 0 0 0 0 0 0 0 0 0 0 0 0 0 0 0 0 0 0 0 0 0 0 0 0 0 0 0 0 0 0 0 0 0 0 0 0 0 0 0 0 0 0 0 0 0 0 0 0 0 0 0 0 0 0 0 0 0 0 0 0 0 0 0 0 0 0 0 0 0 0 0 0 0 0 0 0 0 0 0 0 0 0 0 0 0 0 0 0 0 0 0 0 0 0 0 0 0 0 0 0 0 0 0 0 0 0 0 0 0 0 0 0 0 0 0 0 0 0 0 0 0 0 0 0 0 0 0 0 
0 0.00378736 0.00394124 0.00563073 0.0173233 0.00906113 0.0755068 0.0172662 0.0284162 0.0537007 0.0191073 0.0162615 0.0159928 0.0133891 0.0200598 0.012366 0.0444501 0.0119624 0.0174673 0.0170655 0.01636 0.0102962 0.0148646 0.00885481 0.0118173 0.00919354 0.00955692 0.013504 0.00950546 0.0259847 0.00986247 0.0121554 0.0124333 0.010463 0.0156278 0.0105095 0.00953054 0.0106071 0.00859137 0.0175299 0.00922814 0.0121221 0.00944402 0.00882509 0.0111543 0.00857194 0.0103464 0.0108051 0.00918308 0.0137202 0.00861251 0.0104171 0.00849739 0.00961236 0.0100382 0.00878194 0.0122817 0.00846939 0.00901037 0.00839107 0.00891486 0.00866552 0.00843497 0.00866631 0.00837648 0.00922195 0.00890567 0.00803183 0.00818525 0.00811582 0.00812529 0.00854287 
0.00378736 0 0.0036646 0.00391127 0.00839551 0.0311928 0.0296549 0.0243611 0.015651 0.0124088 0.0663108 0.0104813 0.0106621 0.0113525 0.00980253 0.0312491 0.0103812 0.0180945 0.0115228 0.0129238 0.0146306 0.0101524 0.0092714 0.00957416 0.00862594 0.00918446 0.00973372 0.00920017 0.0203479 0.00925733 0.0125422 0.00915017 0.0100692 0.017963 0.00866613 0.00860191 0.00878455 0.00837855 0.016657 0.00863966 0.0101885 0.00874579 0.00878807 0.0121866 0.00854823 0.00893324 0.00864377 0.00917601 0.0121553 0.0089657 0.0096118 0.00860736 0.00853592 0.00850962 0.00859551 0.00957113 0.00864123 0.0085908 0.0084357 0.00861008 0.00820485 0.00831876 0.00851539 0.0082529 0.00832267 0.00815795 0.00826791 0.00825952 0.00819691 0.00816474 0.00822631 0.00807766 
0.00394124 0.0036646 0 0.00685286 0.00569851 0.00944533 0.006999 0.0118281 0.00987399 0.0145844 0.00965706 0.0247925 0.0105701 0.0107463 0.016796 0.00952719 0.014584 0.00970788 0.00971737 0.0145474 0.0110789 0.00954116 0.0116912 0.00876504 0.00949794 0.00897881 0.00875764 0.0136295 0.00868031 0.0112488 0.00883517 0.0087264 0.0113032 0.00965883 0.00992632 0.00915087 0.00870989 0.0133131 0.00818109 0.00974499 0.00868424 0.00846352 0.00936548 0.00833672 0.00866781 0.00856999 0.00844679 0.0102878 0.00839019 0.00946225 0.00876367 0.00859275 0.00843775 0.00836268 0.00965553 0.00821677 0.00900477 0.0084695 0.00816366 0.00828994 0.00828327 0.00901168 0.00824828 0.00835378 0.00810218 0.00844582 0.00927791 0.00807457 0.00821135 0.00809345 0.00802187 0.00812014 
0.00563073 0.00391127 0.00685286 0 0.935126 0.00796952 0.0160273 0.0119178 0.0153614 0.0147331 0.0105544 0.00877822 0.0086709 0.0085602 0.00920298 0.0105311 0.0214664 0.0139364 0.0149844 0.0171879 0.0113316 0.00921541 0.0109075 0.00871955 0.00902299 0.00861266 0.00869519 0.0106652 0.00918783 0.0136071 0.0120317 0.0121386 0.0113456 0.00920018 0.0107131 0.0116256 0.0131523 0.0118561 0.00846395 0.011064 0.00997027 0.010211 0.0097722 0.00827645 0.00903648 0.00921618 0.00992879 0.0115176 0.00823257 0.0106372 0.00958436 0.00920078 0.00882801 0.00933525 0.00995773 0.00814281 0.010288 0.00927757 0.00883811 0.00889135 0.00881681 0.00953293 0.00826989 0.00804671 0.00807141 0.00878612 0.010779 0.00822067 0.00813293 0.00811554 0.00802727 0.0086081 
0.0173233 0.00839551 0.00569851 0.935126 0 0.0132386 0.00725249 0.0159155 0.023589 0.0137597 0.00873616 0.00835437 0.00800075 0.0079681 0.0086205 0.00992321 0.0199069 0.0143013 0.0165141 0.0162518 0.00943103 0.00885759 0.00928733 0.00854418 0.00848946 0.00842889 0.00839153 0.0091089 0.00885277 0.0121988 0.0132014 0.0124499 0.0110682 0.00903344 0.00958289 0.0144115 0.0126942 0.00990858 0.00850533 0.0110959 0.0114762 0.0108602 0.00980539 0.00821373 0.00930403 0.0101108 0.0103031 0.0101125 0.00828413 0.0112089 0.0102449 0.00917425 0.00939231 0.00962747 0.00946966 0.00808908 0.0100383 0.00946557 0.00922503 0.00950412 0.00874845 0.00923753 0.00809539 0.00801664 0.00809195 0.00880315 0.00944402 0.00812314 0.00805673 0.00799104 0.00799279 0.00880943 
0.00906113 0.0311928 0.00944533 0.00796952 0.0132386 0 0.00612119 0.00529524 0.0712974 0.0126897 0.00960256 0.00863735 0.00878299 0.00916931 0.00838347 0.0218628 0.0134192 0.0188097 0.0199597 0.0214057 0.00874049 0.0102541 0.00835426 0.00970496 0.00828023 0.00866323 0.00918661 0.00851578 0.014707 0.0107304 0.0144057 0.0109874 0.0122405 0.00918532 0.00998871 0.0101726 0.010513 0.00857068 0.0114647 0.00998939 0.0115025 0.00985995 0.00947077 0.0083643 0.00909445 0.0102065 0.0094649 0.00920045 0.00941252 0.00967215 0.00973587 0.00888749 0.00949984 0.00882889 0.00868805 0.0086299 0.0095868 0.00873044 0.00901261 0.00904191 0.00845297 0.00839596 0.00814161 0.00806824 0.00827359 0.0085287 0.0080742 0.00813437 0.0080385 0.0080045 0.00805846 0.00863627 
0.0755068 0.0296549 0.006999 0.0160273 0.00725249 0.00612119 0 0.0751531 0.00708372 0.00875433 0.0104986 0.00953989 0.0112768 0.00784226 0.00951836 0.00884273 0.0214484 0.0115142 0.0172984 0.0123158 0.0141162 0.00837913 0.0105359 0.00820979 0.00883522 0.00843354 0.00837952 0.0110022 0.00859729 0.0124072 0.0111415 0.0103835 0.00969548 0.0112901 0.00863839 0.00923306 0.00872308 0.0115728 0.00837526 0.00954731 0.010022 0.00913621 0.00904516 0.00894166 0.00854755 0.0086498 0.00894418 0.0103549 0.00858957 0.00970868 0.00911964 0.00971856 0.00840019 0.00883001 0.00931814 0.00837271 0.0087029 0.00891606 0.0082263 0.00834739 0.00840523 0.00860005 0.00807671 0.00809207 0.00814535 0.00812202 0.00946601 0.00798096 0.00800304 0.00797819 0.00803199 0.00800304 
0.0172662 0.0243611 0.0118281 0.0119178 0.0159155 0.00529524 0.0751531 0 0.00419008 0.0142065 0.039256 0.0185368 0.00743757 0.00795898 0.00759578 0.0146488 0.014335 0.0335718 0.0223626 0.0417424 0.0123264 0.0116854 0.00899283 0.0098597 0.00858448 0.00887815 0.010006 0.00936069 0.0210948 0.0167007 0.0243118 0.01741 0.0190653 0.012441 0.0135387 0.0110748 0.0117736 0.00932646 0.017078 0.0131907 0.0210654 0.0150909 0.0116464 0.00999192 0.0130413 0.0132023 0.0135042 0.0118726 0.0137728 0.0137086 0.0118334 0.0105484 0.0115139 0.0109202 0.0107244 0.0110096 0.0127738 0.0103685 0.0118637 0.00964644 0.00891697 0.00925443 0.00868743 0.00842973 0.00859305 0.00944874 0.00833996 0.00835316 0.00820625 0.00813914 0.0082347 0.00939749 
0.0284162 0.015651 0.00987399 0.0153614 0.023589 0.0712974 0.00708372 0.00419008 0 0.0383856 0.011147 0.00509564 0.00868006 0.00579232 0.00727033 0.0102796 0.0235852 0.0240303 0.055015 0.0154158 0.0187671 0.0086139 0.0103614 0.00841747 0.00892423 0.00871995 0.0086965 0.0101663 0.00963052 0.0271568 0.0177342 0.0221037 0.0122783 0.0196485 0.0103878 0.0124053 0.0109302 0.0150609 0.00932737 0.0156379 0.0156549 0.0145012 0.0112509 0.0122622 0.0105423 0.0114259 0.0111668 0.0148977 0.0106851 0.0166414 0.0112937 0.0114517 0.0102329 0.0102405 0.0121589 0.00967355 0.0114221 0.0121295 0.00899521 0.00916791 0.00850051 0.00962087 0.00870911 0.00834848 0.00835465 0.00827706 0.00980707 0.00822182 0.00809061 0.00810016 0.00819689 0.00829568 
0.0537007 0.0124088 0.0145844 0.0147331 0.0137597 0.0126897 0.00875433 0.0142065 0.0383856 0 0.00369788 0.00358693 0.00360964 0.00373022 0.00383902 0.00479686 0.0068861 0.0126289 0.0107569 0.21825 0.00895824 0.0184291 0.00859249 0.0143793 0.00866494 0.0103591 0.0127916 0.00931469 0.0259489 0.0140014 0.0204018 0.0108778 0.0797891 0.0093579 0.0234417 0.0130525 0.01266 0.0102161 0.0134189 0.0139068 0.0202707 0.0124806 0.024436 0.00887243 0.0152199 0.0132778 0.0114232 0.0153127 0.0104874 0.0156594 0.0127305 0.0102985 0.0130483 0.0101859 0.0120495 0.00952584 0.0149514 0.0103677 0.0107183 0.0113598 0.00864985 0.0100413 0.00869418 0.00861028 0.00903964 0.010301 0.00835417 0.0084467 0.00830931 0.00839219 0.00851179 0.0104102 
0.0191073 0.0663108 0.00965706 0.0105544 0.00873616 0.00960256 0.0104986 0.039256 0.011147 0.00369788 0 0.00360368 0.00358096 0.00362474 0.0037843 0.00385668 0.00438782 0.00772708 0.00963762 0.00956846 0.195365 0.0092761 0.0236086 0.00993504 0.0190399 0.011754 0.0103396 0.0295278 0.013252 0.0148412 0.010899 0.0118514 0.0101851 0.0565697 0.00963018 0.00898843 0.00894617 0.0121913 0.0135396 0.0111676 0.0115553 0.0119607 0.0100971 0.0230054 0.00975338 0.00915744 0.0105325 0.0140411 0.0248604 0.0118823 0.00952162 0.010513 0.00890118 0.0101524 0.0117493 0.0162749 0.0108433 0.00926851 0.00908254 0.0082379 0.00857176 0.00884497 0.0111678 0.0100659 0.00917664 0.00828514 0.008819 0.0082579 0.00876781 0.00850507 0.00872089 0.00820509 
0.0162615 0.0104813 0.0247925 0.00877822 0.00835437 0.00863735 0.00953989 0.0185368 0.00509564 0.00358693 0.00360368 0 0.003545 0.0035516 0.00403065 0.00360649 0.00373624 0.00615075 0.0067975 0.0151735 0.0106718 0.0822948 0.0122586 0.0163934 0.0133075 0.012619 0.0168946 0.0137026 0.0218526 0.0117635 0.010299 0.00925631 0.0144965 0.0112766 0.0173084 0.00874915 0.00888452 0.011711 0.0122119 0.0108946 0.0109562 0.00957119 0.0113428 0.0107051 0.0127083 0.00918029 0.00897298 0.0116705 0.0180647 0.0136822 0.00917714 0.00922291 0.00902637 0.00889424 0.0106093 0.0126995 0.0127802 0.0090296 0.00901904 0.00840443 0.00835647 0.00862527 0.00998114 0.013312 0.0089839 0.00863794 0.00834467 0.0083702 0.00893929 0.00899463 0.00857708 0.00836686 
0.0159928 0.0106621 0.0105701 0.0086709 0.00800075 0.00878299 0.0112768 0.00743757 0.00868006 0.00360964 0.00358096 0.003545 0 0.00354243 0.00355443 0.00359372 0.00374834 0.00532445 0.00746272 0.00872969 0.0290566 0.0101572 0.110567 0.00951897 0.0157408 0.0130712 0.0119852 0.0260853 0.0117333 0.0192043 0.00927302 0.0096843 0.0106183 0.0164338 0.0125948 0.00883636 0.00863963 0.0139287 0.0107122 0.0143651 0.010431 0.0107828 0.0102171 0.0148317 0.0113163 0.00904276 0.00928233 0.0126471 0.0190879 0.0169986 0.00888206 0.00932082 0.00877983 0.00917644 0.0110748 0.0138071 0.0130117 0.00893027 0.00892502 0.00824431 0.00836132 0.00887274 0.011337 0.0132969 0.00934451 0.00842135 0.00851218 0.00840539 0.00924368 0.00886507 0.00869609 0.00826518 
0.0133891 0.0113525 0.0107463 0.0085602 0.0079681 0.00916931 0.00784226 0.00795898 0.00579232 0.00373022 0.00362474 0.0035516 0.00354243 0 0.00352603 0.00354799 0.00355912 0.00501945 0.00628487 0.0182003 0.0091641 0.046441 0.00918686 0.0205364 0.00905537 0.0135028 0.0182899 0.00975164 0.0396269 0.0105131 0.0113619 0.00920535 0.0169621 0.0103266 0.0187674 0.00868117 0.00877094 0.00996199 0.017787 0.0101143 0.0112915 0.00942594 0.011562 0.0103167 0.0131529 0.00921302 0.00887442 0.0109791 0.0194033 0.0125315 0.00910926 0.00893793 0.00929799 0.00858893 0.0104898 0.0128163 0.0113267 0.00895994 0.00866604 0.00842073 0.0081975 0.00879969 0.0109906 0.0127603 0.00889489 0.00846216 0.00823021 0.00874727 0.00884898 0.00870229 0.00863706 0.00826785 
0.0200598 0.00980253 0.016796 0.00920298 0.0086205 0.00838347 0.00951836 0.00759578 0.00727033 0.00383902 0.0037843 0.00403065 0.00355443 0.00352603 0 0.00353527 0.00354868 0.00475241 0.0151246 0.00900611 0.0424393 0.00943467 0.0311262 0.00875113 0.042268 0.011637 0.00947115 0.104574 0.00964142 0.0194226 0.0090522 0.0100643 0.0100037 0.0213244 0.0108351 0.0085837 0.00855444 0.0158181 0.00969271 0.016041 0.00966952 0.0106904 0.0104968 0.0165664 0.0108931 0.00926638 0.00967613 0.014894 0.0183088 0.0165776 0.00895316 0.00989855 0.00874737 0.00967779 0.0122061 0.0147002 0.0137124 0.00897722 0.00909941 0.00822295 0.00840073 0.00879621 0.0117863 0.0137253 0.00927285 0.0085488 0.00866319 0.00838373 0.00968167 0.00899743 0.00877613 0.00836253 
0.012366 0.0312491 0.00952719 0.0105311 0.00992321 0.0218628 0.00884273 0.0146488 0.0102796 0.00479686 0.00385668 0.00360649 0.00359372 0.00354799 0.00353527 0 0.00355659 0.0119502 0.0193554 0.0280611 0.00917149 0.0236019 0.00750257 0.0236734 0.008138 0.010004 0.0152124 0.00917959 0.154759 0.0114187 0.0191723 0.0112013 0.0254115 0.0158287 0.0143027 0.00942744 0.0105568 0.00962949 0.0494756 0.0100808 0.0229695 0.0101327 0.0162635 0.017668 0.0149233 0.0142147 0.00946506 0.0126745 0.0461092 0.0146677 0.0119754 0.00951278 0.0117869 0.00889953 0.0111812 0.0230874 0.0130498 0.0103234 0.00903329 0.00926209 0.00828891 0.00979566 0.00979001 0.0103161 0.00885741 0.00838078 0.00846787 0.0087442 0.00855292 0.00848846 0.00836173 0.00836217 
0.0444501 0.0103812 0.014584 0.0214664 0.0199069 0.0134192 0.0214484 0.014335 0.0235852 0.0068861 0.00438782 0.00373624 0.00374834 0.00355912 0.00354868 0.00355659 0 0.0111749 0.00863418 0.0130192 0.0278274 0.00755023 0.0167987 0.00737684 0.0121317 0.00816774 0.00807366 0.0165054 0.00887153 0.15361 0.0116747 0.0407721 0.0125493 0.0157259 0.0134813 0.0133538 0.0123109 0.0318697 0.00902457 0.0418054 0.012913 0.0241614 0.0121726 0.012782 0.0182402 0.0106862 0.0163691 0.0191004 0.0101209 0.0397518 0.0115626 0.0158821 0.0098798 0.0152517 0.0151593 0.00975869 0.0252693 0.0116384 0.0100507 0.00873242 0.00936215 0.0115148 0.00974498 0.0088896 0.00856772 0.00890146 0.015115 0.00839613 0.00835797 0.00828426 0.00830127 0.00831257 
0.0119624 0.0180945 0.00970788 0.0139364 0.0143013 0.0188097 0.0115142 0.0335718 0.0240303 0.0126289 0.00772708 0.00615075 0.00532445 0.00501945 0.00475241 0.0119502 0.0111749 0 0.00363862 0.00981413 0.00631635 0.0144089 0.00527413 0.00651387 0.00556906 0.00597012 0.00670939 0.00669442 0.0150041 0.00935444 0.0358998 0.0131631 0.0309906 0.0112737 0.0136003 0.0106571 0.0129575 0.00921702 0.0268572 0.0114789 0.0306713 0.0132148 0.0135608 0.00982508 0.0138763 0.0164071 0.0126954 0.0113966 0.0155275 0.0139473 0.0136597 0.0101922 0.0142967 0.0102599 0.00979546 0.0115454 0.012504 0.0102739 0.0107161 0.0105223 0.00869817 0.00895054 0.0086844 0.00842718 0.00861823 0.00932667 0.00817064 0.00828879 0.00813737 0.0081403 0.0081977 0.00899325 
0.0174673 0.0115228 0.00971737 0.0149844 0.0165141 0.0199597 0.0172984 0.0223626 0.055015 0.0107569 0.00963762 0.0067975 0.00746272 0.00628487 0.0151246 0.0193554 0.00863418 0.00363862 0 0.00758849 0.0101089 0.00399485 0.00452263 0.0046384 0.00550306 0.00552457 0.00606226 0.00765347 0.00747962 0.023795 0.0177848 0.0584407 0.0115301 0.0423195 0.0103293 0.012703 0.0108804 0.0173066 0.00965623 0.0180742 0.0150982 0.0227687 0.010616 0.016853 0.0111348 0.0113949 0.0132862 0.0154215 0.0118777 0.0192652 0.0116421 0.0119482 0.0096936 0.011789 0.0126957 0.0102385 0.0140988 0.0117751 0.00934383 0.00873988 0.00857288 0.00963218 0.00901855 0.00841995 0.00858183 0.00828337 0.0100841 0.00811837 0.00814387 0.00807813 0.00824596 0.0081224 
0.0170655 0.0129238 0.0145474 0.0171879 0.0162518 0.0214057 0.0123158 0.0417424 0.0154158 0.21825 0.00956846 0.0151735 0.00872969 0.0182003 0.00900611 0.0280611 0.0130192 0.00981413 0.00758849 0 0.00360754 0.00375776 0.00357765 0.00447789 0.0035591 0.00410716 0.00489123 0.00433539 0.0145306 0.0099387 0.021207 0.00956933 0.217368 0.00894152 0.04776 0.0151665 0.0196228 0.0104307 0.0232212 0.0144848 0.0342519 0.0133489 0.0544214 0.00882132 0.0270124 0.0209727 0.0124183 0.0210123 0.0116465 0.0214099 0.0185746 0.010976 0.0178111 0.0111546 0.0148944 0.00966768 0.0195478 0.0115982 0.012653 0.0137339 0.00921118 0.0107334 0.00901765 0.0090752 0.00988632 0.0128517 0.00842685 0.00923239 0.00846271 0.00856666 0.00878971 0.0139452 
0.01636 0.0146306 0.0110789 0.0113316 0.00943103 0.00874049 0.0141162 0.0123264 0.0187671 0.00895824 0.195365 0.0106718 0.0290566 0.0091641 0.0424393 0.00917149 0.0278274 0.00631635 0.0101089 0.00360754 0 0.00353989 0.00380691 0.00355672 0.00390411 0.00371965 0.00366936 0.0117988 0.00447996 0.0167882 0.00649201 0.0154708 0.00804406 0.19559 0.0088027 0.00853655 0.00840181 0.0155779 0.00975496 0.0166513 0.00962534 0.014991 0.00870369 0.041341 0.00894088 0.00860409 0.0140672 0.012201 0.0233815 0.0120177 0.0100299 0.0131394 0.00838906 0.01306 0.0103159 0.0138598 0.0101586 0.00866315 0.00896954 0.00815719 0.0102687 0.00877766 0.0116649 0.00948828 0.00933992 0.00851034 0.0107217 0.00812171 0.00934761 0.00866396 0.00885566 0.00812617 
0.0102962 0.0101524 0.00954116 0.00921541 0.00885759 0.0102541 0.00837913 0.0116854 0.0086139 0.0184291 0.0092761 0.0822948 0.0101572 0.046441 0.00943467 0.0236019 0.00755023 0.0144089 0.00399485 0.00375776 0.00353989 0 0.00351026 0.00364848 0.00354357 0.00360172 0.00526272 0.00369875 0.0128865 0.00456634 0.00678462 0.00667561 0.0255525 0.00820793 0.0160958 0.00843894 0.00923781 0.00873148 0.0169857 0.00855589 0.0126171 0.00850987 0.0206367 0.00864025 0.0114307 0.0110734 0.00827442 0.0109588 0.0111959 0.0096485 0.0107865 0.0084423 0.0106824 0.00827188 0.0100641 0.00935815 0.00978469 0.00882953 0.00841997 0.0096845 0.00809379 0.00945946 0.00858738 0.0107862 0.00853859 0.00839152 0.00815144 0.00873309 0.00838195 0.00900242 0.00852506 0.00877965 
0.0148646 0.0092714 0.0116912 0.0109075 0.00928733 0.00835426 0.0105359 0.00899283 0.0103614 0.00859249 0.0236086 0.0122586 0.110567 0.00918686 0.0311262 0.00750257 0.0167987 0.00527413 0.00452263 0.00357765 0.00380691 0.00351026 0 0.0035235 0.00356422 0.00371226 0.0036671 0.00684094 0.00360728 0.00664895 0.00543358 0.00805042 0.00716315 0.0162473 0.00897079 0.00769484 0.00811908 0.0159686 0.00836828 0.0151112 0.00871813 0.0103528 0.00866952 0.0140382 0.009159 0.00843117 0.0115528 0.0113106 0.00998034 0.0109747 0.00854153 0.0108778 0.00824082 0.0101312 0.00954881 0.00970795 0.00954092 0.00855316 0.00855325 0.00812185 0.0101354 0.00858231 0.0100278 0.00970165 0.00855591 0.00838709 0.0108102 0.00808541 0.00936372 0.00849524 0.00838588 0.00804485 
0.00885481 0.00957416 0.00876504 0.00871955 0.00854418 0.00970496 0.00820979 0.0098597 0.00841747 0.0143793 0.00993504 0.0163934 0.00951897 0.0205364 0.00875113 0.0236734 0.00737684 0.00651387 0.0046384 0.00447789 0.00355672 0.00364848 0.0035235 0 0.00349313 0.00352672 0.00374738 0.00354803 0.00416464 0.00364828 0.00588244 0.00557111 0.0108461 0.00741605 0.010323 0.00830292 0.00846288 0.00828873 0.0145403 0.0083589 0.011082 0.00841205 0.0147476 0.00847073 0.00947441 0.010575 0.00821754 0.0094284 0.0109024 0.00894186 0.0104484 0.00828257 0.0102606 0.0081801 0.00915158 0.00906821 0.0090975 0.00857793 0.00831876 0.00955335 0.00808709 0.00850398 0.00864564 0.0095427 0.00842213 0.00823945 0.00801942 0.00870106 0.00820362 0.00841659 0.00831591 0.00848022 
0.0118173 0.00862594 0.00949794 0.00902299 0.00848946 0.00828023 0.00883522 0.00858448 0.00892423 0.00866494 0.0190399 0.0133075 0.0157408 0.00905537 0.042268 0.008138 0.0121317 0.00556906 0.00550306 0.0035591 0.00390411 0.00354357 0.00356422 0.00349313 0 0.00357011 0.00353198 0.00376134 0.00356203 0.00399871 0.00494789 0.00615205 0.00680684 0.0100396 0.00933962 0.00749259 0.00764708 0.0110682 0.00817805 0.0191165 0.00840664 0.00928624 0.00857253 0.00967691 0.00895854 0.00840932 0.00960874 0.00993873 0.00945359 0.00995618 0.00840553 0.00944787 0.00826248 0.00898133 0.00917351 0.00918294 0.00921717 0.0084145 0.00844907 0.00807884 0.00883449 0.00871648 0.00898268 0.0096482 0.00845655 0.00831547 0.00917355 0.00810597 0.00878715 0.00846907 0.00828519 0.00804846 
0.00919354 0.00918446 0.00897881 0.00861266 0.00842889 0.00866323 0.00843354 0.00887815 0.00871995 0.0103591 0.011754 0.012619 0.0130712 0.0135028 0.011637 0.010004 0.00816774 0.00597012 0.00552457 0.00410716 0.00371965 0.00360172 0.00371226 0.00352672 0.00357011 0 0.00353931 0.00353732 0.00357755 0.00360516 0.00449389 0.00528274 0.00720989 0.00830809 0.0110842 0.00755714 0.00770362 0.00883611 0.00976074 0.00877547 0.00898543 0.00869115 0.00944157 0.00885831 0.00901519 0.00893429 0.00853741 0.00964582 0.0104557 0.00965286 0.00894017 0.00844726 0.00867752 0.0084112 0.00913855 0.0097035 0.00934653 0.00850092 0.00843506 0.00829617 0.00816663 0.00831468 0.0096877 0.00966851 0.00861565 0.00833495 0.00818405 0.00821285 0.00843129 0.00841802 0.00841399 0.00816039 
0.00955692 0.00973372 0.00875764 0.00869519 0.00839153 0.00918661 0.00837952 0.010006 0.0086965 0.0127916 0.0103396 0.0168946 0.0119852 0.0182899 0.00947115 0.0152124 0.00807366 0.00670939 0.00606226 0.00489123 0.00366936 0.00526272 0.0036671 0.00374738 0.00353198 0.00353931 0 0.00350081 0.00375166 0.00353809 0.00426043 0.00480855 0.0156437 0.00797241 0.0162092 0.00749515 0.00774135 0.00834721 0.0115535 0.00863759 0.0107282 0.00865868 0.0106998 0.00889649 0.00965456 0.00977313 0.00848953 0.0100996 0.0123907 0.0094332 0.00972254 0.00843375 0.00912569 0.00833204 0.00945822 0.00991948 0.00929216 0.00856469 0.00850037 0.00849846 0.00814729 0.00867818 0.00890394 0.0105775 0.00860529 0.00830591 0.00820933 0.00840776 0.00849807 0.00878931 0.00841784 0.00825024 
0.013504 0.00920017 0.0136295 0.0106652 0.0091089 0.00851578 0.0110022 0.00936069 0.0101663 0.00931469 0.0295278 0.0137026 0.0260853 0.00975164 0.104574 0.00917959 0.0165054 0.00669442 0.00765347 0.00433539 0.0117988 0.00369875 0.00684094 0.00354803 0.00376134 0.00353732 0.00350081 0 0.00353693 0.00357124 0.00371598 0.00763227 0.00708295 0.0179431 0.00884543 0.00781608 0.00752209 0.0411511 0.00877161 0.0157445 0.0087742 0.011106 0.00883052 0.0133146 0.0093868 0.00852168 0.0116695 0.0128764 0.0110683 0.0136943 0.00904846 0.0115326 0.00842438 0.0105728 0.0108318 0.00971971 0.0108309 0.00858199 0.00896714 0.00813805 0.0097417 0.00845828 0.0121382 0.0120051 0.0087221 0.00860648 0.0109218 0.00811153 0.010076 0.00896128 0.00851844 0.00815499 
0.00950546 0.0203479 0.00868031 0.00918783 0.00885277 0.014707 0.00859729 0.0210948 0.00963052 0.0259489 0.013252 0.0218526 0.0117333 0.0396269 0.00964142 0.154759 0.00887153 0.0150041 0.00747962 0.0145306 0.00447996 0.0128865 0.00360728 0.00416464 0.00356203 0.00357755 0.00375166 0.00353693 0 0.0036202 0.0114993 0.00821759 0.040092 0.0110153 0.0163511 0.00795519 0.00922656 0.00859259 0.284257 0.00853457 0.0320625 0.00949122 0.0197957 0.0176384 0.0139329 0.0178211 0.00871406 0.0124502 0.0524265 0.0120982 0.0210909 0.00875897 0.0177669 0.00852209 0.010895 0.0309169 0.0114993 0.0111981 0.00882047 0.0113664 0.00814039 0.0102416 0.0101086 0.0107519 0.00941632 0.00838021 0.00827666 0.0101943 0.00872184 0.00872535 0.00956815 0.00861237 
0.0259847 0.00925733 0.0112488 0.0136071 0.0121988 0.0107304 0.0124072 0.0167007 0.0271568 0.0140014 0.0148412 0.0117635 0.0192043 0.0105131 0.0194226 0.0114187 0.15361 0.00935444 0.023795 0.0099387 0.0167882 0.00456634 0.00664895 0.00364828 0.00399871 0.00360516 0.00353809 0.00357124 0.0036202 0 0.0118509 0.012407 0.00928239 0.0168371 0.0127396 0.00967104 0.00962229 0.0328313 0.00934903 0.208816 0.0135351 0.0630279 0.011946 0.0198708 0.0410746 0.0112279 0.0237054 0.0239911 0.0129286 0.111955 0.0118588 0.0232198 0.0108668 0.0222614 0.0181194 0.0129934 0.0616417 0.012224 0.0143104 0.00901258 0.0105313 0.0128227 0.00991531 0.00936066 0.00967293 0.00954193 0.0148513 0.0082866 0.00836184 0.00857833 0.00842927 0.00844502 
0.00986247 0.0125422 0.00883517 0.0120317 0.0132014 0.0144057 0.0111415 0.0243118 0.0177342 0.0204018 0.010899 0.010299 0.00927302 0.0113619 0.0090522 0.0191723 0.0116747 0.0358998 0.0177848 0.021207 0.00649201 0.00678462 0.00543358 0.00588244 0.00494789 0.00449389 0.00426043 0.00371598 0.0114993 0.0118509 0 0.00375536 0.00979147 0.0236259 0.0227743 0.00674773 0.0120021 0.0067848 0.0576882 0.0109832 0.137114 0.0195689 0.0269637 0.0113871 0.028508 0.0279168 0.0144124 0.0175238 0.0229654 0.0171213 0.0237836 0.0116387 0.0242331 0.0123686 0.0129778 0.0178535 0.0162254 0.0148752 0.0123914 0.014669 0.00898069 0.00990682 0.00952988 0.00853466 0.00892073 0.00954098 0.00830213 0.00834671 0.00811278 0.00814585 0.00821615 0.0091958 
0.0121554 0.00915017 0.0087264 0.0121386 0.0124499 0.0109874 0.0103835 0.01741 0.0221037 0.0108778 0.0118514 0.00925631 0.0096843 0.00920535 0.0100643 0.0112013 0.0407721 0.0131631 0.0584407 0.00956933 0.0154708 0.00667561 0.00805042 0.00557111 0.00615205 0.00528274 0.00480855 0.00763227 0.00821759 0.012407 0.00375536 0 0.00740934 0.030456 0.00425528 0.0068477 0.00756244 0.012033 0.00857974 0.0522907 0.0205628 0.0934573 0.00993464 0.0320456 0.0128705 0.012184 0.0340006 0.0150355 0.0139858 0.0249833 0.012814 0.0187035 0.010894 0.016929 0.0131875 0.011673 0.0154564 0.015492 0.0111545 0.0091716 0.00948287 0.0104982 0.00906649 0.00850875 0.00884164 0.00883093 0.0121218 0.0082085 0.00823886 0.00821603 0.00837971 0.00830166 
0.0124333 0.0100692 0.0113032 0.0113456 0.0110682 0.0122405 0.00969548 0.0190653 0.0122783 0.0797891 0.0101851 0.0144965 0.0106183 0.0169621 0.0100037 0.0254115 0.0125493 0.0309906 0.0115301 0.217368 0.00804406 0.0255525 0.00716315 0.0108461 0.00680684 0.00720989 0.0156437 0.00708295 0.040092 0.00928239 0.00979147 0.00740934 0 0.00361672 0.00361929 0.00446708 0.00891972 0.00504306 0.0184142 0.0267155 0.033863 0.0100226 0.271336 0.0086534 0.0316937 0.035909 0.010912 0.0534509 0.0119556 0.0257036 0.0320593 0.0104172 0.0397075 0.0107634 0.0307955 0.0102691 0.0245808 0.0126267 0.0122942 0.0201253 0.00890157 0.0119675 0.00949764 0.00941945 0.00951074 0.0116115 0.00845072 0.00953268 0.00848845 0.00856876 0.00860111 0.0142925 
0.010463 0.017963 0.00965883 0.00920018 0.00903344 0.00918532 0.0112901 0.012441 0.0196485 0.0093579 0.0565697 0.0112766 0.0164338 0.0103266 0.0213244 0.0158287 0.0157259 0.0112737 0.0423195 0.00894152 0.19559 0.00820793 0.0162473 0.00741605 0.0100396 0.00830809 0.00797241 0.0179431 0.0110153 0.0168371 0.0236259 0.030456 0.00361672 0 0.00354408 0.00363832 0.00411981 0.00675776 0.0431264 0.0182186 0.0117265 0.0311655 0.00896045 0.553613 0.00966154 0.0121018 0.0277146 0.011997 0.148291 0.0159668 0.0117245 0.0217307 0.0100142 0.0212373 0.0107899 0.0824473 0.0130487 0.0126001 0.0115421 0.00867221 0.0114204 0.00896279 0.0166336 0.00980533 0.0125374 0.00893211 0.00998728 0.00865445 0.00870156 0.008494 0.0098149 0.00815621 
0.0156278 0.00866613 0.00992632 0.0107131 0.00958289 0.00998871 0.00863839 0.0135387 0.0103878 0.0234417 0.00963018 0.0173084 0.0125948 0.0187674 0.0108351 0.0143027 0.0134813 0.0136003 0.0103293 0.04776 0.0088027 0.0160958 0.00897079 0.010323 0.00933962 0.0110842 0.0162092 0.00884543 0.0163511 0.0127396 0.0227743 0.00425528 0.00361929 0.00354408 0 0.00367272 0.00424458 0.032235 0.0101782 0.0105176 0.0122992 0.00896945 0.0457895 0.00898939 0.0743989 0.0142929 0.0103763 0.0234187 0.0105237 0.0401075 0.0144928 0.0101142 0.012981 0.00933386 0.0214099 0.00997722 0.0275186 0.0108581 0.0104314 0.0108569 0.00836723 0.0131167 0.00906815 0.0105833 0.00868054 0.0101784 0.0098175 0.00867534 0.00873393 0.00858711 0.00838884 0.00915024 
0.0105095 0.00860191 0.00915087 0.0116256 0.0144115 0.0101726 0.00923306 0.0110748 0.0124053 0.0130525 0.00898843 0.00874915 0.00883636 0.00868117 0.0085837 0.00942744 0.0133538 0.0106571 0.012703 0.0151665 0.00853655 0.00843894 0.00769484 0.00830292 0.00749259 0.00755714 0.00749515 0.00781608 0.00795519 0.00967104 0.00674773 0.0068477 0.00446708 0.00363832 0.00367272 0 0.92629 0.00514305 0.00469078 0.00772033 0.00963465 0.0107844 0.00971556 0.00823654 0.00984066 0.0134053 0.0151769 0.0126722 0.0102201 0.0135397 0.0128404 0.012099 0.0122734 0.0119607 0.0116987 0.00895675 0.0126805 0.0122348 0.0112574 0.0108893 0.00947132 0.010391 0.00849187 0.00829675 0.00836443 0.00937827 0.0100263 0.00831244 0.0081194 0.00812989 0.00814861 0.00914311 
0.00953054 0.00878455 0.00870989 0.0131523 0.0126942 0.010513 0.00872308 0.0117736 0.0109302 0.01266 0.00894617 0.00888452 0.00863963 0.00877094 0.00855444 0.0105568 0.0123109 0.0129575 0.0108804 0.0196228 0.00840181 0.00923781 0.00811908 0.00846288 0.00764708 0.00770362 0.00774135 0.00752209 0.00922656 0.00962229 0.0120021 0.00756244 0.00891972 0.00411981 0.00424458 0.92629 0 0.00387599 0.00421847 0.00582335 0.008232 0.00697952 0.0111757 0.00678502 0.011571 0.0198651 0.0117266 0.0132169 0.00933875 0.0157178 0.0219238 0.0103277 0.0169204 0.0111434 0.0128422 0.00877523 0.013814 0.0123331 0.0104299 0.0146739 0.00872465 0.0104942 0.00834354 0.00823742 0.00845742 0.0104815 0.00897377 0.00826675 0.00805046 0.0080628 0.00807642 0.0100258 
0.0106071 0.00837855 0.0133131 0.0118561 0.00990858 0.00857068 0.0115728 0.00932646 0.0150609 0.0102161 0.0121913 0.011711 0.0139287 0.00996199 0.0158181 0.00962949 0.0318697 0.00921702 0.0173066 0.0104307 0.0155779 0.00873148 0.0159686 0.00828873 0.0110682 0.00883611 0.00834721 0.0411511 0.00859259 0.0328313 0.0067848 0.012033 0.00504306 0.00675776 0.032235 0.00514305 0.00387599 0 0.00357831 0.00364527 0.00453959 0.0135839 0.00816763 0.00950135 0.0159422 0.00868451 0.0219792 0.0175167 0.0109759 0.0310583 0.00989897 0.020663 0.00943177 0.0176959 0.0152752 0.00958449 0.0312326 0.00974807 0.0140442 0.00902228 0.0130657 0.00934753 0.0102235 0.0100475 0.00884871 0.0133311 0.0113232 0.0083418 0.00902714 0.00868114 0.0087863 0.0102556 
0.00859137 0.016657 0.00818109 0.00846395 0.00850533 0.0114647 0.00837526 0.017078 0.00932737 0.0134189 0.0135396 0.0122119 0.0107122 0.017787 0.00969271 0.0494756 0.00902457 0.0268572 0.00965623 0.0232212 0.00975496 0.0169857 0.00836828 0.0145403 0.00817805 0.00976074 0.0115535 0.00877161 0.284257 0.00934903 0.0576882 0.00857974 0.0184142 0.0431264 0.0101782 0.00469078 0.00421847 0.00357831 0 0.00357265 0.0275581 0.0112562 0.0140147 0.0576214 0.010844 0.117407 0.0103635 0.0122441 0.204902 0.0106104 0.0721038 0.00967872 0.0360099 0.00956941 0.0120192 0.068805 0.0108186 0.0165458 0.00941681 0.015236 0.00846482 0.0103261 0.0123524 0.0100149 0.0127684 0.00845511 0.00839895 0.0123859 0.0084046 0.00848869 0.0103173 0.00859594 
0.0175299 0.00863966 0.00974499 0.011064 0.0110959 0.00998939 0.00954731 0.0131907 0.0156379 0.0139068 0.0111676 0.0108946 0.0143651 0.0101143 0.016041 0.0100808 0.0418054 0.0114789 0.0180742 0.0144848 0.0166513 0.00855589 0.0151112 0.0083589 0.0191165 0.00877547 0.00863759 0.0157445 0.00853457 0.208816 0.0109832 0.0522907 0.0267155 0.0182186 0.0105176 0.00772033 0.00582335 0.00364527 0.00357265 0 0.0127511 0.0120553 0.0138395 0.0111714 0.0424011 0.0103655 0.0521407 0.0336515 0.0111487 0.155066 0.0124181 0.0354506 0.0114731 0.0235612 0.0242886 0.0113618 0.0699575 0.0146294 0.0157581 0.0100533 0.0106886 0.0159158 0.00977341 0.0102678 0.00944848 0.0102565 0.025114 0.00859633 0.00870346 0.00876788 0.00859375 0.00879379 
0.00922814 0.0101885 0.00868424 0.00997027 0.0114762 0.0115025 0.010022 0.0210654 0.0156549 0.0202707 0.0115553 0.0109562 0.010431 0.0112915 0.00966952 0.0229695 0.012913 0.0306713 0.0150982 0.0342519 0.00962534 0.0126171 0.00871813 0.011082 0.00840664 0.00898543 0.0107282 0.0087742 0.0320625 0.0135351 0.137114 0.0205628 0.033863 0.0117265 0.0122992 0.00963465 0.008232 0.00453959 0.0275581 0.0127511 0 0.00379145 0.0114664 0.0182359 0.0217929 0.031758 0.0118449 0.0211072 0.106799 0.0255638 0.091589 0.0157617 0.0701787 0.0159033 0.0232422 0.0329323 0.0222588 0.0295903 0.0211483 0.0324132 0.0108293 0.0158901 0.0123133 0.0098069 0.0111132 0.0120016 0.00935037 0.0108182 0.00858443 0.00858141 0.00902969 0.0113508 
0.0121221 0.00874579 0.00846352 0.010211 0.0108602 0.00985995 0.00913621 0.0150909 0.0145012 0.0124806 0.0119607 0.00957119 0.0107828 0.00942594 0.0106904 0.0101327 0.0241614 0.0132148 0.0227687 0.0133489 0.014991 0.00850987 0.0103528 0.00841205 0.00928624 0.00869115 0.00865868 0.011106 0.00949122 0.0630279 0.0195689 0.0934573 0.0100226 0.0311655 0.00896945 0.0107844 0.00697952 0.0135839 0.0112562 0.0120553 0.00379145 0 0.0154672 0.0165767 0.00483826 0.00899735 0.0415464 0.0168009 0.0246716 0.120251 0.0183414 0.0644352 0.0129303 0.055077 0.0172614 0.0200515 0.02951 0.0210451 0.0187598 0.0111487 0.0137222 0.0140451 0.0109646 0.00899681 0.009551 0.0099988 0.0168223 0.00853217 0.00855584 0.00846077 0.00865244 0.00898288 
0.00944402 0.00878807 0.00936548 0.0097722 0.00980539 0.00947077 0.00904516 0.0116464 0.0112509 0.024436 0.0100971 0.0113428 0.0102171 0.011562 0.0104968 0.0162635 0.0121726 0.0135608 0.010616 0.0544214 0.00870369 0.0206367 0.00866952 0.0147476 0.00857253 0.00944157 0.0106998 0.00883052 0.0197957 0.011946 0.0269637 0.00993464 0.271336 0.00896045 0.0457895 0.00971556 0.0111757 0.00816763 0.0140147 0.0138395 0.0114664 0.0154672 0 0.00365841 0.00357931 0.0240996 0.0056064 0.0267829 0.00958517 0.037913 0.0873738 0.0105726 0.0676212 0.0113482 0.086059 0.0110803 0.0302179 0.019371 0.0143655 0.0346159 0.00922597 0.0204166 0.0106427 0.0105939 0.0100967 0.0141973 0.00941705 0.0100558 0.00895432 0.00917491 0.00882332 0.0181509 
0.00882509 0.0121866 0.00833672 0.00827645 0.00821373 0.0083643 0.00894166 0.00999192 0.0122622 0.00887243 0.0230054 0.0107051 0.0148317 0.0103167 0.0165664 0.017668 0.012782 0.00982508 0.016853 0.00882132 0.041341 0.00864025 0.0140382 0.00847073 0.00967691 0.00885831 0.00889649 0.0133146 0.0176384 0.0198708 0.0113871 0.0320456 0.0086534 0.553613 0.00898939 0.00823654 0.00678502 0.00950135 0.0576214 0.0111714 0.0182359 0.0165767 0.00365841 0 0.00356455 0.00604013 0.0220957 0.00822379 0.14594 0.00959429 0.0134624 0.102155 0.0110645 0.0639822 0.0180039 0.238951 0.0130943 0.0162609 0.0153663 0.00909874 0.0169936 0.00912394 0.0259127 0.00942506 0.0152124 0.00910912 0.00994051 0.00879828 0.00903645 0.00868822 0.0117886 0.00825513 
0.0111543 0.00854823 0.00866781 0.00903648 0.00930403 0.00909445 0.00854755 0.0130413 0.0105423 0.0152199 0.00975338 0.0127083 0.0113163 0.0131529 0.0108931 0.0149233 0.0182402 0.0138763 0.0111348 0.0270124 0.00894088 0.0114307 0.009159 0.00947441 0.00895854 0.00901519 0.00965456 0.0093868 0.0139329 0.0410746 0.028508 0.0128705 0.0316937 0.00966154 0.0743989 0.00984066 0.011571 0.0159422 0.010844 0.0424011 0.0217929 0.00483826 0.00357931 0.00356455 0 0.0110238 0.0063973 0.0157596 0.00921207 0.0509891 0.0182788 0.0171262 0.0281896 0.0142306 0.0343782 0.0132862 0.140793 0.0170452 0.0200034 0.0141614 0.00894549 0.0193251 0.00939416 0.0125882 0.00970064 0.012557 0.0141475 0.0094229 0.00878696 0.00883073 0.0087132 0.0106154 
0.00857194 0.00893324 0.00856999 0.00921618 0.0101108 0.0102065 0.0086498 0.0132023 0.0114259 0.0132778 0.00915744 0.00918029 0.00904276 0.00921302 0.00926638 0.0142147 0.0106862 0.0164071 0.0113949 0.0209727 0.00860409 0.0110734 0.00843117 0.010575 0.00840932 0.00893429 0.00977313 0.00852168 0.0178211 0.0112279 0.0279168 0.012184 0.035909 0.0121018 0.0142929 0.0134053 0.0198651 0.00868451 0.117407 0.0103655 0.031758 0.00899735 0.0240996 0.00604013 0.0110238 0 0.00498442 0.0079467 0.0749209 0.0151827 0.0445981 0.00905297 0.138937 0.0130924 0.017204 0.0249543 0.0164979 0.0349717 0.0175931 0.0411506 0.0096573 0.0146925 0.010561 0.0093095 0.0103788 0.0120893 0.0091652 0.0102956 0.008978 0.00887678 0.00933411 0.0123965 
0.0103464 0.00864377 0.00844679 0.00992879 0.0103031 0.0094649 0.00894418 0.0135042 0.0111668 0.0114232 0.0105325 0.00897298 0.00928233 0.00887442 0.00967613 0.00946506 0.0163691 0.0126954 0.0132862 0.0124183 0.0140672 0.00827442 0.0115528 0.00821754 0.00960874 0.00853741 0.00848953 0.0116695 0.00871406 0.0237054 0.0144124 0.0340006 0.010912 0.0277146 0.0103763 0.0151769 0.0117266 0.0219792 0.0103635 0.0521407 0.0118449 0.0415464 0.0056064 0.0220957 0.0063973 0.00498442 0 0.0544847 0.0102562 0.00645762 0.00924686 0.043046 0.0112155 0.15965 0.0186792 0.0221191 0.0280586 0.0208422 0.0255176 0.0110273 0.0204558 0.0152827 0.0128337 0.00886632 0.00905876 0.0100107 0.0232286 0.0085781 0.00855605 0.0085201 0.00884519 0.00881442 
0.0108051 0.00917601 0.0102878 0.0115176 0.0101125 0.00920045 0.0103549 0.0118726 0.0148977 0.0153127 0.0140411 0.0116705 0.0126471 0.0109791 0.014894 0.0126745 0.0191004 0.0113966 0.0154215 0.0210123 0.012201 0.0109588 0.0113106 0.0094284 0.00993873 0.00964582 0.0100996 0.0128764 0.0124502 0.0239911 0.0175238 0.0150355 0.0534509 0.011997 0.0234187 0.0126722 0.0132169 0.0175167 0.0122441 0.0336515 0.0211072 0.0168009 0.0267829 0.00822379 0.0157596 0.0079467 0.0544847 0 0.00363968 0.00372467 0.0134402 0.0231014 0.0306575 0.0180711 0.134799 0.0126246 0.0686257 0.0212448 0.0242194 0.0300105 0.0148142 0.0326079 0.0166107 0.0131621 0.0111278 0.0201225 0.0177361 0.0102401 0.0101173 0.00997785 0.0103915 0.0197937 
0.00918308 0.0121553 0.00839019 0.00823257 0.00828413 0.00941252 0.00858957 0.0137728 0.0106851 0.0104874 0.0248604 0.0180647 0.0190879 0.0194033 0.0183088 0.0461092 0.0101209 0.0155275 0.0118777 0.0116465 0.0233815 0.0111959 0.00998034 0.0109024 0.00945359 0.0104557 0.0123907 0.0110683 0.0524265 0.0129286 0.0229654 0.0139858 0.0119556 0.148291 0.0105237 0.0102201 0.00933875 0.0109759 0.204902 0.0111487 0.106799 0.0246716 0.00958517 0.14594 0.00921207 0.0749209 0.0102562 0.00363968 0 0.00358731 0.0392657 0.046116 0.0292019 0.0191398 0.0134952 0.672455 0.0178245 0.0464347 0.0380266 0.0166277 0.0126851 0.0119464 0.0366961 0.0145652 0.0261806 0.00973236 0.0100872 0.0149072 0.0097006 0.00949067 0.0185326 0.0094378 
0.0137202 0.0089657 0.00946225 0.0106372 0.0112089 0.00967215 0.00970868 0.0137086 0.0166414 0.0156594 0.0118823 0.0136822 0.0169986 0.0125315 0.0165776 0.0146677 0.0397518 0.0139473 0.0192652 0.0214099 0.0120177 0.0096485 0.0109747 0.00894186 0.00995618 0.00965286 0.0094332 0.0136943 0.0120982 0.111955 0.0171213 0.0249833 0.0257036 0.0159668 0.0401075 0.0135397 0.0157178 0.0310583 0.0106104 0.155066 0.0255638 0.120251 0.037913 0.00959429 0.0509891 0.0151827 0.00645762 0.00372467 0.00358731 0 0.0308227 0.0138176 0.0136975 0.0382825 0.0680287 0.0176881 0.38982 0.0240813 0.0573799 0.0306498 0.0164064 0.0293875 0.0121115 0.0168607 0.0140989 0.0198484 0.0317508 0.00949815 0.010142 0.00996445 0.0101208 0.0153103 
0.00861251 0.0096118 0.00876367 0.00958436 0.0102449 0.00973587 0.00911964 0.0118334 0.0112937 0.0127305 0.00952162 0.00917714 0.00888206 0.00910926 0.00895316 0.0119754 0.0115626 0.0136597 0.0116421 0.0185746 0.0100299 0.0107865 0.00854153 0.0104484 0.00840553 0.00894017 0.00972254 0.00904846 0.0210909 0.0118588 0.0237836 0.012814 0.0320593 0.0117245 0.0144928 0.0128404 0.0219238 0.00989897 0.0721038 0.0124181 0.091589 0.0183414 0.0873738 0.0134624 0.0182788 0.0445981 0.00924686 0.0134402 0.0392657 0.0308227 0 0.00403146 0.0372021 0.0207387 0.0146521 0.0296722 0.0214184 0.165504 0.0265843 0.0814504 0.0140132 0.020649 0.0143005 0.0094582 0.0124197 0.0156757 0.0109696 0.0142183 0.00939175 0.00933156 0.0102122 0.017243 
0.0104171 0.00860736 0.00859275 0.00920078 0.00917425 0.00888749 0.00971856 0.0105484 0.0114517 0.0102985 0.010513 0.00922291 0.00932082 0.00893793 0.00989855 0.00951278 0.0158821 0.0101922 0.0119482 0.010976 0.0131394 0.0084423 0.0108778 0.00828257 0.00944787 0.00844726 0.00843375 0.0115326 0.00875897 0.0232198 0.0116387 0.0187035 0.0104172 0.0217307 0.0101142 0.012099 0.0103277 0.020663 0.00967872 0.0354506 0.0157617 0.0644352 0.0105726 0.102155 0.0171262 0.00905297 0.043046 0.0231014 0.046116 0.0138176 0.00403146 0 0.0108971 0.0152534 0.0106017 0.0221371 0.0369538 0.0166714 0.113008 0.0106776 0.0408772 0.0152885 0.0129718 0.0105657 0.00998409 0.0120449 0.0336453 0.00871658 0.00898771 0.00878371 0.00983796 0.00952168 
