1V8CC
PKVNLYATFRDLTGKSQLELPGATVGEVLENLVRAYPALKEELFEGEGLAERVSVFLEGRDVRYLQGLSTPLSPGATLDLFPPVAGGGFERTFGAFPPWLLERYLEEWGGTREGEGVYRLPGAVVRFREVEPLKVGSLSIPQLRVEVEGEEAERWFERIAFAASR
CEEEECCHHHHHHCCCEEECCCCEHHHHHHHHHHHCHHHHHHHEECCEECCCCEEEECCEEHHHCCHHHCECCCCCEEEEECCCCCCEEEEEEECCCHHHHHHHHHHCCCEEEECCEEEECCEEEEEEEEEEEEECCEEEEEEEEEEECCCHHHHHHHHHHHHHC
0 0 0 0 0 0 0 0 0 0 0 0 0 0 0 0 0 0 0 0 0 0 0 0 0 0 0 0 0 0 0 0 0 0 0 0 0 0 0 0 0 0 0 0 0 0 0 0 0 0 0 0 0 0 0 0 0 0 0 0 0 0 0 0 0 0 0 0 0 0 0 0 0 0 0 0 0 0 0 0 0 0 0 0 0 0 0 0 0 0 0 0 0 0 0 0 0 0 0 0 0 0 0 0 0 0 0 0 0 0 0 0 0 0 0 0 0 0 0 0 0 0 0 0 0 0 0 0 0 0 0 0 0 0 0 0 0 0 0 0 0 0 0 0 0 0 0 0 0 0 0 0 0 0 0 0 0 0 0 0 0 0 0 0 0 
0 0 0 0 0 0 0 0 0 0 0 0 0 0 0 0 0 0 0 0 0 0 0 0 0 0 0 0 0 0 0 0 0 0 0 0 0 0 0 0 0 0 0 0 0 0 0 0 0 0 0 0 0 0 0 0 0 0 0 0 0 0 0 0 0 0 0 0 0 0 0 0 0 0 0 0 0 0 0 0 0 0 0 0 0 0 0 0 0 0 0 0 0 0 0 0 0 0 0 0 0 0 0 0 0 0 0 0 0 0 0 0 0 0 0 0 0 0 0 0 0 0 0 0 0 0 0 0 0 0 0 0 0 0 0 0 0 0 0 0 0 0 0 0 0 0 0 0 0 0 0 0 0 0 0 0 0 0 0 0 0 0 0 0 0 
0 0.00396606 0.00371727 0.00442941 0.142836 0.0111982 0.755516 0.0280256 0.0108531 0.0125823 0.0118331 0.0143371 0.0598962 0.0167151 0.0245638 0.0194006 0.0129794 0.0124973 0.0126154 0.0264749 0.0135967 0.0221042 0.0136631 0.0224421 0.0101612 0.00911219 0.01322 0.0116004 0.0149296 0.0101947 0.0155311 0.0102769 0.00895262 0.00929014 0.0119524 0.0114133 0.00961131 0.0106299 0.0126558 0.0108794 0.00980716 0.0108609 0.0103764 0.00954851 0.00912296 0.00881818 0.00867975 0.00874762 0.00862926 0.00893861 0.00923026 0.0113918 0.00959747 0.00915648 0.00956312 0.00974585 0.00928909 0.00947309 0.00961285 0.00968676 0.0100472 0.00953909 0.0107264 
0.00396606 0 0.00388975 0.00366023 0.0183316 0.870274 0.0138298 0.0170129 0.0131486 0.00911828 0.01126 0.0121553 0.0247843 0.188665 0.0433897 0.0207575 0.00977214 0.014765 0.00963731 0.0134916 0.0993206 0.023167 0.044434 0.0102886 0.00882942 0.0121558 0.0113355 0.0265999 0.0119636 0.0212965 0.0110356 0.0096609 0.00972017 0.00978049 0.0103727 0.00953822 0.0131413 0.0102201 0.0109356 0.0111867 0.0112809 0.0148653 0.0113862 0.0119526 0.00963221 0.00974758 0.00939409 0.00942166 0.00929875 0.00977695 0.00927505 0.00957273 0.0103725 0.00910328 0.011669 0.0106621 0.0109042 0.0111376 0.0104243 0.0123708 0.0102978 0.0106772 0.00887903 
0.00371727 0.00388975 0 0.00355556 0.626415 0.0124186 0.0605826 0.00910614 0.0124097 0.0108064 0.0106171 0.0100656 0.0227213 0.0249141 0.127265 0.0141325 0.0101696 0.00948329 0.0091634 0.0178816 0.014522 0.0831945 0.0232964 0.0112168 0.00945544 0.00913218 0.0151869 0.0106478 0.0210463 0.0101852 0.00953151 0.0096944 0.00976627 0.00893011 0.00853598 0.0108253 0.00991029 0.0111641 0.00884982 0.00977651 0.0105478 0.0106427 0.010877 0.00933239 0.00958922 0.00914485 0.00907316 0.00903564 0.00907695 0.0098346 0.00905717 0.00845157 0.00905585 0.00976644 0.00949627 0.00990058 0.00954953 0.009677 0.0102231 0.00995716 0.0100091 0.00885764 0.00853121 
0.00442941 0.00366023 0.00355556 0 0.0154415 0.0174192 0.0265986 0.0151526 0.0217765 0.0107653 0.0135432 0.012225 0.0223417 0.0157431 0.0123166 0.0540607 0.0111375 0.00934863 0.0143503 0.0190337 0.0151966 0.00994068 0.0157062 0.0115075 0.0119226 0.0104119 0.00943556 0.0106685 0.0092915 0.00963324 0.0105134 0.0131005 0.00898995 0.00857601 0.00950344 0.0127195 0.00960533 0.00883905 0.0105248 0.0126932 0.00994819 0.00958223 0.00887697 0.00899189 0.00855728 0.00851022 0.00846818 0.00847106 0.00848384 0.00842744 0.00827646 0.00966062 0.0118049 0.00898606 0.0087169 0.00864297 0.0086125 0.00882061 0.00870041 0.00873285 0.00880061 0.00874652 0.00892844 
0.142836 0.0183316 0.626415 0.0154415 0 0.00362783 0.00412168 0.0080402 0.0101349 0.0131588 0.0127762 0.0117835 0.0380356 0.00937464 0.016332 0.011425 0.0134653 0.0108061 0.0132097 0.0159448 0.00877385 0.0129763 0.00893365 0.0125912 0.0111621 0.00830126 0.0118736 0.00864876 0.011367 0.00923705 0.0126251 0.0110944 0.00881087 0.00991887 0.0101538 0.0133267 0.00828049 0.0117853 0.00992555 0.010147 0.00937474 0.00857538 0.0101756 0.00850042 0.00938338 0.00886861 0.00904562 0.0091356 0.00904227 0.0087209 0.0098255 0.00978468 0.00894438 0.00984581 0.0082993 0.00954468 0.00873242 0.00844252 0.00937397 0.00844888 0.00928785 0.00875702 0.0100463 
0.0111982 0.870274 0.0124186 0.0174192 0.00362783 0 0.0036119 0.00427126 0.0353204 0.0108261 0.0100913 0.0158236 0.00918778 0.0436975 0.0116784 0.0152623 0.00895443 0.0107737 0.00930274 0.00876325 0.0268744 0.00880572 0.0154746 0.00885858 0.00842919 0.0114554 0.00842707 0.0130384 0.00859481 0.0148685 0.00941958 0.00888724 0.00956337 0.00939669 0.00985055 0.00844843 0.0123369 0.00855479 0.0116673 0.00958262 0.00899935 0.00969829 0.00832603 0.0101993 0.00844194 0.00894692 0.00882895 0.00873086 0.00867987 0.00891287 0.00841549 0.0107095 0.0104182 0.00832856 0.010011 0.00834891 0.0088931 0.00933212 0.00837117 0.00938191 0.00846377 0.00969793 0.0086144 
0.755516 0.0138298 0.0605826 0.0265986 0.00412168 0.0036119 0 0.0294594 0.0132899 0.0156464 0.0142983 0.015024 0.0351442 0.0102427 0.0253525 0.0173419 0.0157981 0.0108866 0.0158179 0.0247111 0.00885977 0.0142979 0.00956188 0.0113184 0.0168434 0.00898062 0.0126691 0.00872356 0.0124645 0.00881488 0.0107083 0.0145709 0.0087032 0.00912299 0.00893657 0.0168351 0.00847684 0.0104474 0.00898133 0.0116309 0.0099183 0.00854422 0.00996012 0.00829332 0.00919774 0.00863221 0.00880379 0.008826 0.00880314 0.00856289 0.00912808 0.00869637 0.010016 0.00998355 0.00822338 0.00936963 0.00864328 0.00851994 0.00938388 0.00839625 0.00925956 0.00828093 0.00898522 
0.0280256 0.0170129 0.00910614 0.0151526 0.0080402 0.00427126 0.0294594 0 0.0141757 0.0149744 0.021667 0.0290629 0.0467328 0.0112235 0.0116062 0.0163638 0.0351242 0.0257656 0.1716 0.0198033 0.00976666 0.00892676 0.0091479 0.0114542 0.0147705 0.00874863 0.00891078 0.00855683 0.00894335 0.00881448 0.0110367 0.0128831 0.00855938 0.0086246 0.00953669 0.013161 0.00844877 0.00876375 0.00999691 0.0118623 0.00867182 0.00826439 0.00854517 0.00827656 0.00840798 0.00831949 0.00833986 0.00833477 0.00833329 0.00821302 0.00858815 0.00937055 0.0104466 0.00853569 0.00817454 0.00838545 0.00827724 0.00815694 0.00844673 0.00825039 0.00832187 0.00839426 0.00956184 
0.0108531 0.0131486 0.0124097 0.0217765 0.0101349 0.0353204 0.0132899 0.0141757 0 0.00474123 0.00364699 0.938236 0.00527523 0.0100733 0.0153122 0.0389038 0.0066765 0.0398295 0.0144765 0.0101209 0.0116849 0.00941588 0.012725 0.0183726 0.00897725 0.00945871 0.00881485 0.00998585 0.00888653 0.0177264 0.0147867 0.00894256 0.00883689 0.00967388 0.0114765 0.0086308 0.00934758 0.00923395 0.0150835 0.00911667 0.00878423 0.00876237 0.00845677 0.00890842 0.00840223 0.00848733 0.00846121 0.0084302 0.00842485 0.00842071 0.00893394 0.0124649 0.00909044 0.00829506 0.0086739 0.00821258 0.00848886 0.00856405 0.00823879 0.00850853 0.00837412 0.00924431 0.010025 
0.0125823 0.00911828 0.0108064 0.0107653 0.0131588 0.0108261 0.0156464 0.0149744 0.00474123 0 0.987491 0.00403481 0.0153143 0.00858357 0.0153085 0.00690162 0.0247916 0.00622555 0.015262 0.0115406 0.00865864 0.00932174 0.00980093 0.00992379 0.0118267 0.00901573 0.00886151 0.00867544 0.00878203 0.00890513 0.00942316 0.0108708 0.00851552 0.00874399 0.0086831 0.0106303 0.00843531 0.00869646 0.00892912 0.0100707 0.00869868 0.00835124 0.00841312 0.00830119 0.00829319 0.0082302 0.00826853 0.00822904 0.00825147 0.0081646 0.00846344 0.00854652 0.00944618 0.00836513 0.00817731 0.00818287 0.00813549 0.00824546 0.00816529 0.00811304 0.00819679 0.00836526 0.00854821 
0.0118331 0.01126 0.0106171 0.0135432 0.0127762 0.0100913 0.0142983 0.021667 0.00364699 0.987491 0 0.00674525 0.00604577 0.0226407 0.00774081 0.0091593 0.00848094 0.0130513 0.0166784 0.0128551 0.00974208 0.00911408 0.0102472 0.0133441 0.0103316 0.00902076 0.00994961 0.0088654 0.0100027 0.010473 0.01379 0.00988077 0.0087788 0.00975259 0.0107702 0.0104079 0.00859685 0.0105208 0.0112088 0.00938809 0.00906165 0.00853357 0.00911392 0.00855002 0.00870104 0.00855753 0.00859242 0.00853588 0.00855153 0.00834574 0.00938126 0.0105132 0.00897164 0.00899087 0.00831924 0.00875579 0.00856061 0.00837465 0.00875449 0.00842756 0.0087432 0.00895226 0.00985314 
0.0143371 0.0121553 0.0100656 0.012225 0.0117835 0.0158236 0.015024 0.0290629 0.938236 0.00403481 0.00674525 0 0.0232234 0.00797938 0.00643515 0.00830054 0.0155475 0.00610145 0.0212139 0.0143304 0.0113656 0.00887258 0.0104485 0.0113055 0.0127673 0.010301 0.00899389 0.0102941 0.00900055 0.0120163 0.0112893 0.0148036 0.0093409 0.00986688 0.0101132 0.0122952 0.00947056 0.00941835 0.0121748 0.0120937 0.0092223 0.00884013 0.00878456 0.0093188 0.00877727 0.00883337 0.00878448 0.00870415 0.00868181 0.00846314 0.00918358 0.0103109 0.0115854 0.00869789 0.00863577 0.00827623 0.00860702 0.00853526 0.00830805 0.00835089 0.00840008 0.0094823 0.00967743 
0.0598962 0.0247843 0.0227213 0.0223417 0.0380356 0.00918778 0.0351442 0.0467328 0.00527523 0.0153143 0.00604577 0.0232234 0 0.00378906 0.00363813 0.00457452 0.0065278 0.0072086 0.0184104 0.0811599 0.0193849 0.0183291 0.0131647 0.0339293 0.0187835 0.00942883 0.0152333 0.0106225 0.0162074 0.0116588 0.0236671 0.0150449 0.0101772 0.0105699 0.0155195 0.0199713 0.00978591 0.0139483 0.0169271 0.01639 0.0122579 0.0106942 0.0127928 0.00988261 0.0101641 0.00952377 0.00951623 0.00943307 0.00949046 0.0091004 0.0106792 0.0143119 0.0104666 0.0110524 0.00928106 0.0111477 0.0101779 0.00974629 0.0109842 0.0104478 0.0111221 0.0104021 0.0148176 
0.0167151 0.188665 0.0249141 0.0157431 0.00937464 0.0436975 0.0102427 0.0112235 0.0100733 0.00858357 0.0226407 0.00797938 0.00378906 0 0.00358596 0.00363262 0.00395653 0.00403029 0.0120219 0.0147959 0.199229 0.0208716 0.0879896 0.0122108 0.00957949 0.0175337 0.0112045 0.0372601 0.0125556 0.0312971 0.0119132 0.0103616 0.0133369 0.0128797 0.0115906 0.0100719 0.0316983 0.0124525 0.0141943 0.0127288 0.0158921 0.0282201 0.0133535 0.0172577 0.0106332 0.0110038 0.010255 0.0103374 0.0100743 0.0117862 0.0111624 0.0108672 0.0114846 0.009833 0.0193614 0.0133814 0.0148591 0.0173078 0.0144749 0.0210288 0.0147936 0.0165182 0.00981793 
0.0245638 0.0433897 0.127265 0.0123166 0.016332 0.0116784 0.0253525 0.0116062 0.0153122 0.0153085 0.00774081 0.00643515 0.00363813 0.00358596 0 0.00354782 0.00372667 0.577703 0.00808517 0.028808 0.0154202 0.187548 0.0390831 0.0184916 0.0119999 0.00984328 0.0226585 0.0129928 0.0245014 0.0157023 0.0141737 0.0118389 0.0107191 0.0127751 0.0101241 0.0154011 0.0114999 0.0228521 0.00999832 0.0124831 0.0184963 0.0147007 0.0171806 0.0103022 0.0107408 0.00989011 0.00961725 0.00964286 0.00974982 0.0099866 0.0121716 0.00941903 0.0101695 0.0139053 0.0109485 0.013522 0.0125147 0.0118143 0.0161541 0.0134824 0.0157363 0.0127342 0.00945652 
0.0194006 0.0207575 0.0141325 0.0540607 0.011425 0.0152623 0.0173419 0.0163638 0.0389038 0.00690162 0.0091593 0.00830054 0.00457452 0.00363262 0.00354782 0 0.731014 0.00362901 0.0136598 0.0161227 0.0554521 0.0123851 0.0538424 0.0266176 0.0141296 0.0119303 0.00958415 0.0131895 0.0097407 0.0141916 0.0159924 0.0172318 0.0101025 0.00951304 0.0130064 0.015382 0.0118142 0.00952547 0.0169722 0.0201711 0.0108309 0.0126179 0.00971864 0.0105802 0.00911664 0.00909387 0.00902051 0.00899386 0.0089706 0.00917379 0.00878567 0.0121634 0.0180724 0.00953034 0.0106293 0.00955129 0.010299 0.011115 0.00986289 0.0110998 0.00987683 0.0105689 0.0110396 
0.0129794 0.00977214 0.0101696 0.0111375 0.0134653 0.00895443 0.0157981 0.0351242 0.0066765 0.0247916 0.00848094 0.0155475 0.0065278 0.00395653 0.00372667 0.731014 0 0.00515739 0.0222542 0.0199281 0.00942737 0.00961715 0.0114718 0.0141019 0.0133143 0.00869629 0.00984598 0.00852605 0.00998548 0.00948796 0.0156555 0.0108347 0.00887618 0.00908661 0.0100109 0.012294 0.00858046 0.0099716 0.0105834 0.0104063 0.00956938 0.00860049 0.00887368 0.00853084 0.00853207 0.00843954 0.00845856 0.00842067 0.0083663 0.0082476 0.00879232 0.00988512 0.00929437 0.00903324 0.00830929 0.00845234 0.00839163 0.00831523 0.00855118 0.00835666 0.00842576 0.00862367 0.00967956 
0.0124973 0.014765 0.00948329 0.00934863 0.0108061 0.0107737 0.0108866 0.0257656 0.0398295 0.00622555 0.0130513 0.00610145 0.0072086 0.00403029 0.577703 0.00362901 0.00515739 0 0.0211794 0.0121753 0.00894528 0.00797098 0.0101256 0.00738873 0.0120438 0.00902692 0.00851313 0.00863236 0.00853925 0.00963541 0.00953714 0.013017 0.00882901 0.00919102 0.00880532 0.0118926 0.00897689 0.0091157 0.00935792 0.0117774 0.00893007 0.00852511 0.00845705 0.0084691 0.00842548 0.00835936 0.00830868 0.00830234 0.0082516 0.00822824 0.0087424 0.00873909 0.0100309 0.0084804 0.0082854 0.00827955 0.00830783 0.00830048 0.00829139 0.00827112 0.00837471 0.00864446 0.00862824 
0.0126154 0.00963731 0.0091634 0.0143503 0.0132097 0.00930274 0.0158179 0.1716 0.0144765 0.015262 0.0166784 0.0212139 0.0184104 0.0120219 0.00808517 0.0136598 0.0222542 0.0211794 0 0.0149943 0.00614254 0.00417125 0.00498049 0.00731957 0.0124137 0.00841124 0.0084002 0.00837055 0.00917729 0.0110092 0.0230074 0.0157567 0.00938378 0.0100579 0.0147211 0.0155599 0.00966793 0.011076 0.0161692 0.0142197 0.00984076 0.00928385 0.00915887 0.0092411 0.00888089 0.00891344 0.00875056 0.00884688 0.00872235 0.00861299 0.00975928 0.0148074 0.0120475 0.00905451 0.00867708 0.00871178 0.00888844 0.00878263 0.0085792 0.0087903 0.00893031 0.00953387 0.0130619 
0.0264749 0.0134916 0.0178816 0.0190337 0.0159448 0.00876325 0.0247111 0.0198033 0.0101209 0.0115406 0.0128551 0.0143304 0.0811599 0.0147959 0.028808 0.0161227 0.0199281 0.0121753 0.0149943 0 0.00374023 0.00364572 0.00362008 0.00399606 0.0147981 0.00715717 0.0195 0.0127997 0.0367219 0.0365222 0.0561603 0.0171851 0.0100957 0.0117625 0.0164636 0.0270893 0.0103111 0.0172112 0.0187073 0.0200863 0.0134277 0.0116154 0.016604 0.0109964 0.0114551 0.0107326 0.0101371 0.0102704 0.0101013 0.00958673 0.012301 0.0179238 0.012981 0.0119206 0.00976782 0.0117435 0.0115292 0.0107195 0.0120291 0.0112461 0.013166 0.0133581 0.0191969 
0.0135967 0.0993206 0.014522 0.0151966 0.00877385 0.0268744 0.00885977 0.00976666 0.0116849 0.00865864 0.00974208 0.0113656 0.0193849 0.199229 0.0154202 0.0554521 0.00942737 0.00894528 0.00614254 0.00374023 0 0.00362068 0.00362161 0.00363399 0.00702848 0.018989 0.00895378 0.0574331 0.0213871 0.0613652 0.0136179 0.0127302 0.0161587 0.0115945 0.0137514 0.0114775 0.0530969 0.0111589 0.0211551 0.0180637 0.0202051 0.0341163 0.0118397 0.0248183 0.0104586 0.0123692 0.0110639 0.0110744 0.0109824 0.0128682 0.0109178 0.0144685 0.0151719 0.0109626 0.0276594 0.0126938 0.0176358 0.022616 0.0131713 0.0298367 0.0139449 0.0202154 0.0108691 
0.0221042 0.023167 0.0831945 0.00994068 0.0129763 0.00880572 0.0142979 0.00892676 0.00941588 0.00932174 0.00911408 0.00887258 0.0183291 0.0208716 0.187548 0.0123851 0.00961715 0.00797098 0.00417125 0.00364572 0.00362068 0 0.00356104 0.00357761 0.0107008 0.0078685 0.0815229 0.0288148 0.0801028 0.00941291 0.0104487 0.0129456 0.0124065 0.0129983 0.00983547 0.0190109 0.0148689 0.0285088 0.0107526 0.0127688 0.0243329 0.0257966 0.0538233 0.0127244 0.0211654 0.0128741 0.0137395 0.0127092 0.0149252 0.0155369 0.0135644 0.00992354 0.0100636 0.0248629 0.014427 0.0403339 0.0215315 0.0199322 0.0497936 0.0227596 0.0490107 0.0125558 0.0104955 
0.0136631 0.044434 0.0232964 0.0157062 0.00893365 0.0154746 0.00956188 0.0091479 0.012725 0.00980093 0.0102472 0.0104485 0.0131647 0.0879896 0.0390831 0.0538424 0.0114718 0.0101256 0.00498049 0.00362008 0.00362161 0.00356104 0 0.003532 0.0162709 0.0736784 0.0179871 0.0568654 0.0107028 0.0210473 0.0100571 0.0119799 0.0141243 0.0134347 0.0115645 0.0120086 0.027002 0.014253 0.0133864 0.014923 0.019666 0.0267008 0.0131564 0.0159148 0.0108889 0.0107126 0.00995184 0.0103566 0.0103242 0.011474 0.0126213 0.0105184 0.0133639 0.0117879 0.0195969 0.0131196 0.0164806 0.0184046 0.0146703 0.0295635 0.0134435 0.0177935 0.00931797 
0.0224421 0.0102886 0.0112168 0.0115075 0.0125912 0.00885858 0.0113184 0.0114542 0.0183726 0.00992379 0.0133441 0.0113055 0.0339293 0.0122108 0.0184916 0.0266176 0.0141019 0.00738873 0.00731957 0.00399606 0.00363399 0.00357761 0.003532 0 0.15935 0.017934 0.0196007 0.0232062 0.00864196 0.00839067 0.0115072 0.0189744 0.0101911 0.00939527 0.0118191 0.0215133 0.0113275 0.0107996 0.012972 0.0231821 0.0134585 0.0112124 0.0103822 0.0100858 0.0100444 0.00944088 0.00962821 0.00997114 0.00969528 0.00988474 0.00987283 0.0115289 0.019646 0.0111667 0.0101902 0.0106137 0.010456 0.0110974 0.0109442 0.0105764 0.0113047 0.0104145 0.0105436 
0.0101612 0.00882942 0.00945544 0.0119226 0.0111621 0.00842919 0.0168434 0.0147705 0.00897725 0.0118267 0.0103316 0.0127673 0.0187835 0.00957949 0.0119999 0.0141296 0.0133143 0.0120438 0.0124137 0.0147981 0.00702848 0.0107008 0.0162709 0.15935 0 0.0079483 0.00429678 0.00434619 0.00602814 0.00748799 0.0289824 0.0219155 0.0103593 0.0145138 0.0210624 0.0213266 0.00961679 0.0203962 0.0170743 0.0147783 0.0121635 0.0101233 0.013722 0.0102495 0.011846 0.0105312 0.0114374 0.0107243 0.0108608 0.0098961 0.014012 0.0195041 0.0115375 0.0123242 0.0094892 0.0113399 0.0106292 0.00989343 0.0140473 0.00984836 0.0113853 0.0112149 0.022193 
0.00911219 0.0121558 0.00913218 0.0104119 0.00830126 0.0114554 0.00898062 0.00874863 0.00945871 0.00901573 0.00902076 0.010301 0.00942883 0.0175337 0.00984328 0.0119303 0.00869629 0.00902692 0.00841124 0.00715717 0.018989 0.0078685 0.0736784 0.017934 0.0079483 0 0.00385155 0.00402026 0.00386764 0.00953123 0.00770295 0.0125409 0.0132073 0.0130151 0.0150974 0.0111474 0.0248089 0.0103148 0.0218649 0.0139779 0.0111424 0.0146366 0.00935515 0.0158518 0.00981782 0.0117183 0.0101525 0.0102719 0.0100759 0.0104546 0.0108213 0.016382 0.0146415 0.00935088 0.0147817 0.00906925 0.0121051 0.0144851 0.00920964 0.0127782 0.00964442 0.0164078 0.0121286 
0.01322 0.0113355 0.0151869 0.00943556 0.0118736 0.00842707 0.0126691 0.00891078 0.00881485 0.00886151 0.00994961 0.00899389 0.0152333 0.0112045 0.0226585 0.00958415 0.00984598 0.00851313 0.0084002 0.0195 0.00895378 0.0815229 0.0179871 0.0196007 0.00429678 0.00385155 0 0.00371043 0.00378959 0.00383273 0.00425931 0.0191995 0.0124272 0.0141819 0.0110062 0.0258072 0.00907408 0.0323547 0.0106393 0.0128142 0.0228459 0.0115372 0.0464448 0.0103856 0.026844 0.0110828 0.0130857 0.012982 0.0134993 0.0123531 0.0158549 0.0119809 0.0113279 0.02591 0.0101583 0.0380386 0.0170574 0.0130176 0.0353936 0.0122116 0.0412094 0.0112086 0.0122675 
0.0116004 0.0265999 0.0106478 0.0106685 0.00864876 0.0130384 0.00872356 0.00855683 0.00998585 0.00867544 0.0088654 0.0102941 0.0106225 0.0372601 0.0129928 0.0131895 0.00852605 0.00863236 0.00837055 0.0127997 0.0574331 0.0288148 0.0568654 0.0232062 0.00434619 0.00402026 0.00371043 0 0.00366253 0.0037711 0.0037841 0.0167185 0.0260122 0.0138838 0.018101 0.0104004 0.0503452 0.00959661 0.0198202 0.0183808 0.0127293 0.0557825 0.0123999 0.0684585 0.0103333 0.0190738 0.0124982 0.0157037 0.013791 0.0196376 0.0104188 0.0171243 0.0219694 0.00960188 0.0595609 0.0116908 0.0315887 0.0359659 0.0130748 0.0642565 0.013724 0.0234934 0.0113925 
0.0149296 0.0119636 0.0210463 0.0092915 0.011367 0.00859481 0.0124645 0.00894335 0.00888653 0.00878203 0.0100027 0.00900055 0.0162074 0.0125556 0.0245014 0.0097407 0.00998548 0.00853925 0.00917729 0.0367219 0.0213871 0.0801028 0.0107028 0.00864196 0.00602814 0.00386764 0.00378959 0.00366253 0 0.00372017 0.00377523 0.0240039 0.0172851 0.0219587 0.0127714 0.0275461 0.00950033 0.0365184 0.010878 0.0136926 0.0266209 0.0141164 0.0591817 0.00994846 0.0275553 0.0118736 0.015446 0.0131878 0.0175427 0.0129201 0.0183501 0.0113122 0.0113663 0.035397 0.0108862 0.0400103 0.0196848 0.0158286 0.0569892 0.0139664 0.0383379 0.0116185 0.0120291 
0.0101947 0.0212965 0.0101852 0.00963324 0.00923705 0.0148685 0.00881488 0.00881448 0.0177264 0.00890513 0.010473 0.0120163 0.0116588 0.0312971 0.0157023 0.0141916 0.00948796 0.00963541 0.0110092 0.0365222 0.0613652 0.00941291 0.0210473 0.00839067 0.00748799 0.00953123 0.00383273 0.0037711 0.00372017 0 0.00394909 0.0179796 0.0270324 0.0356315 0.0204461 0.0130032 0.0473936 0.0111923 0.0188833 0.0199301 0.0220517 0.0294226 0.0103364 0.0243035 0.010326 0.0116147 0.010814 0.0113662 0.0109371 0.013941 0.011338 0.0165241 0.0234877 0.0111739 0.0233206 0.0108644 0.0149375 0.0299673 0.0106949 0.0230074 0.0115199 0.019638 0.010248 
0.0155311 0.0110356 0.00953151 0.0105134 0.0126251 0.00941958 0.0107083 0.0110367 0.0147867 0.00942316 0.01379 0.0112893 0.0236671 0.0119132 0.0141737 0.0159924 0.0156555 0.00953714 0.0230074 0.0561603 0.0136179 0.0104487 0.0100571 0.0115072 0.0289824 0.00770295 0.00425931 0.0037841 0.00377523 0.00394909 0 0.0695706 0.0193791 0.0152697 0.0253879 0.0321041 0.0136454 0.01606 0.0251992 0.0273378 0.0169898 0.0128529 0.013135 0.0119816 0.0114179 0.01066 0.0113823 0.0116891 0.0119005 0.0108424 0.0121388 0.0162671 0.0250967 0.0128483 0.0124738 0.0117958 0.0189739 0.0120127 0.0127972 0.011713 0.0134572 0.0122717 0.0152119 
0.0102769 0.0096609 0.0096944 0.0131005 0.0110944 0.00888724 0.0145709 0.0128831 0.00894256 0.0108708 0.00988077 0.0148036 0.0150449 0.0103616 0.0118389 0.0172318 0.0108347 0.013017 0.0157567 0.0171851 0.0127302 0.0129456 0.0119799 0.0189744 0.0219155 0.0125409 0.0191995 0.0167185 0.0240039 0.0179796 0.0695706 0 0.0051827 0.00557689 0.00831932 0.0140945 0.00958535 0.210199 0.330062 0.0135363 0.0132708 0.0101379 0.0133706 0.0109 0.0146191 0.0226004 0.0276066 0.0218438 0.0135519 0.0118848 0.0185358 0.031999 0.0211405 0.0164323 0.0112216 0.0155147 0.0121989 0.0121961 0.0130032 0.0117551 0.0145182 0.0143084 0.0267135 
0.00895262 0.00972017 0.00976627 0.00898995 0.00881087 0.00956337 0.0087032 0.00855938 0.00883689 0.00851552 0.0087788 0.0093409 0.0101772 0.0133369 0.0107191 0.0101025 0.00887618 0.00882901 0.00938378 0.0100957 0.0161587 0.0124065 0.0141243 0.0101911 0.0103593 0.0132073 0.0124272 0.0260122 0.0172851 0.0270324 0.0193791 0.0051827 0 0.00453991 0.00400236 0.00717493 0.137202 0.298849 0.0124037 0.0104197 0.00941741 0.0117932 0.00950875 0.0144537 0.0191755 0.034225 0.0158377 0.0107375 0.0117885 0.01048 0.0126983 0.0152231 0.0147437 0.0111253 0.0162825 0.0102648 0.0124098 0.0119439 0.0110113 0.0132681 0.0116412 0.0185123 0.0122226 
0.00929014 0.00978049 0.00893011 0.00857601 0.00991887 0.00939669 0.00912299 0.0086246 0.00967388 0.00874399 0.00975259 0.00986688 0.0105699 0.0128797 0.0127751 0.00951304 0.00908661 0.00919102 0.0100579 0.0117625 0.0115945 0.0129983 0.0134347 0.00939527 0.0145138 0.0130151 0.0141819 0.0138838 0.0219587 0.0356315 0.0152697 0.00557689 0.00453991 0 0.00430153 0.0193589 0.350064 0.00868649 0.00756917 0.0116183 0.0149608 0.0115752 0.0113361 0.0157343 0.0520122 0.0132502 0.0113996 0.010554 0.0105876 0.0105093 0.0114369 0.0118653 0.0155914 0.0202893 0.0117523 0.0120209 0.010923 0.011095 0.0110008 0.011094 0.012767 0.0131554 0.0108573 
0.0119524 0.0103727 0.00853598 0.00950344 0.0101538 0.00985055 0.00893657 0.00953669 0.0114765 0.0086831 0.0107702 0.0101132 0.0155195 0.0115906 0.0101241 0.0130064 0.0100109 0.00880532 0.0147211 0.0164636 0.0137514 0.00983547 0.0115645 0.0118191 0.0210624 0.0150974 0.0110062 0.018101 0.0127714 0.0204461 0.0253879 0.00831932 0.00400236 0.00430153 0 0.671313 0.00865229 0.00641538 0.00860055 0.017821 0.0113616 0.0106574 0.0118523 0.0444976 0.0115975 0.0103975 0.0106688 0.0109345 0.0108318 0.0102692 0.0106504 0.0160013 0.0286966 0.0124339 0.0136969 0.0103676 0.0121739 0.0127639 0.0106459 0.0131912 0.0119584 0.0137036 0.014183 
0.0114133 0.00953822 0.0108253 0.0127195 0.0133267 0.00844843 0.0168351 0.013161 0.0086308 0.0106303 0.0104079 0.0122952 0.0199713 0.0100719 0.0154011 0.015382 0.012294 0.0118926 0.0155599 0.0270893 0.0114775 0.0190109 0.0120086 0.0215133 0.0213266 0.0111474 0.0258072 0.0104004 0.0275461 0.0130032 0.0321041 0.0140945 0.00717493 0.0193589 0.671313 0 0.00404311 0.0045871 0.00559331 0.00808001 0.0164487 0.0102965 0.719173 0.0107678 0.0149614 0.00958136 0.0102893 0.0103966 0.0108281 0.0103718 0.0189419 0.0218075 0.0162843 0.0225413 0.00997462 0.0260179 0.0121304 0.0114838 0.0170823 0.0113945 0.0182085 0.0131456 0.0340768 
0.00961131 0.0131413 0.00991029 0.00960533 0.00828049 0.0123369 0.00847684 0.00844877 0.00934758 0.00843531 0.00859685 0.00947056 0.00978591 0.0316983 0.0114999 0.0118142 0.00858046 0.00897689 0.00966793 0.0103111 0.0530969 0.0148689 0.027002 0.0113275 0.00961679 0.0248089 0.00907408 0.0503452 0.00950033 0.0473936 0.0136454 0.00958535 0.137202 0.350064 0.00865229 0.00404311 0 0.00384123 0.00413478 0.00784966 0.0105912 0.862983 0.0181808 0.0194878 0.0080591 0.0117016 0.00858878 0.00989821 0.00933245 0.0131004 0.0119564 0.0236304 0.0267732 0.00906393 0.05149 0.00942113 0.016183 0.0199434 0.010166 0.0317084 0.0114342 0.0584865 0.012939 
0.0106299 0.0102201 0.0111641 0.00883905 0.0117853 0.00855479 0.0104474 0.00876375 0.00923395 0.00869646 0.0105208 0.00941835 0.0139483 0.0124525 0.0228521 0.00952547 0.0099716 0.0091157 0.011076 0.0172112 0.0111589 0.0285088 0.014253 0.0107996 0.0203962 0.0103148 0.0323547 0.00959661 0.0365184 0.0111923 0.01606 0.210199 0.298849 0.00868649 0.00641538 0.0045871 0.00384123 0 0.00380178 0.00749584 0.894767 0.00800527 0.0171046 0.00713857 0.0130162 0.00835598 0.0101091 0.010051 0.0126196 0.012145 0.0227078 0.0110118 0.0120385 0.067644 0.00889418 0.0209222 0.0118487 0.0101335 0.021516 0.0100101 0.0298381 0.0121224 0.0133268 
0.0126558 0.0109356 0.00884982 0.0105248 0.00992555 0.0116673 0.00898133 0.00999691 0.0150835 0.00892912 0.0112088 0.0121748 0.0169271 0.0141943 0.00999832 0.0169722 0.0105834 0.00935792 0.0161692 0.0187073 0.0211551 0.0107526 0.0133864 0.012972 0.0170743 0.0218649 0.0106393 0.0198202 0.010878 0.0188833 0.0251992 0.330062 0.0124037 0.00756917 0.00860055 0.00559331 0.00413478 0.00380178 0 0.946459 0.00815336 0.00830156 0.0052369 0.00837293 0.00702517 0.00836339 0.00873893 0.00973208 0.0106013 0.0110579 0.0100599 0.021124 0.0591109 0.0110221 0.0159679 0.0104939 0.01304 0.0154726 0.010373 0.0152056 0.0128075 0.0190705 0.0151392 
0.0108794 0.0111867 0.00977651 0.0126932 0.010147 0.00958262 0.0116309 0.0118623 0.00911667 0.0100707 0.00938809 0.0120937 0.01639 0.0127288 0.0124831 0.0201711 0.0104063 0.0117774 0.0142197 0.0200863 0.0180637 0.0127688 0.014923 0.0231821 0.0147783 0.0139779 0.0128142 0.0183808 0.0136926 0.0199301 0.0273378 0.0135363 0.0104197 0.0116183 0.017821 0.00808001 0.00784966 0.00749584 0.946459 0 0.00403976 0.00387664 0.00390902 0.00432448 0.00506147 0.00610328 0.00675362 0.00804624 0.0077752 0.00925028 0.0195472 0.0359168 0.0187636 0.0128824 0.0119547 0.0112491 0.0133419 0.0131489 0.0126985 0.0149754 0.0139549 0.021254 0.0598477 
0.00980716 0.0112809 0.0105478 0.00994819 0.00937474 0.00899935 0.0099183 0.00867182 0.00878423 0.00869868 0.00906165 0.0092223 0.0122579 0.0158921 0.0184963 0.0108309 0.00956938 0.00893007 0.00984076 0.0134277 0.0202051 0.0243329 0.019666 0.0134585 0.0121635 0.0111424 0.0228459 0.0127293 0.0266209 0.0220517 0.0169898 0.0132708 0.00941741 0.0149608 0.0113616 0.0164487 0.0105912 0.894767 0.00815336 0.00403976 0 0.00375092 0.0037389 0.00377273 0.00443887 0.0069024 0.00666204 0.00707765 0.00759681 0.00791248 0.0247843 0.0120128 0.0104996 0.0163052 0.0101272 0.0172154 0.0132737 0.0129763 0.0294773 0.0136034 0.0259101 0.059369 0.219696 
0.0108609 0.0148653 0.0106427 0.00958223 0.00857538 0.00969829 0.00854422 0.00826439 0.00876237 0.00835124 0.00853357 0.00884013 0.0106942 0.0282201 0.0147007 0.0126179 0.00860049 0.00852511 0.00928385 0.0116154 0.0341163 0.0257966 0.0267008 0.0112124 0.0101233 0.0146366 0.0115372 0.0557825 0.0141164 0.0294226 0.0128529 0.0101379 0.0117932 0.0115752 0.0106574 0.0102965 0.862983 0.00800527 0.00830156 0.00387664 0.00375092 0 0.00363654 0.0037199 0.00390598 0.00411433 0.00620568 0.0054919 0.00825748 0.0219615 0.00827996 0.0183293 0.0133455 0.00853332 0.0241141 0.00984399 0.0222802 0.0281284 0.0116717 0.0332134 0.030778 0.421013 0.0402335 
0.0103764 0.0113862 0.010877 0.00887697 0.0101756 0.00832603 0.00996012 0.00854517 0.00845677 0.00841312 0.00911392 0.00878456 0.0127928 0.0133535 0.0171806 0.00971864 0.00887368 0.00845705 0.00915887 0.016604 0.0118397 0.0538233 0.0131564 0.0103822 0.013722 0.00935515 0.0464448 0.0123999 0.0591817 0.0103364 0.013135 0.0133706 0.00950875 0.0113361 0.0118523 0.719173 0.0181808 0.0171046 0.0052369 0.00390902 0.0037389 0.00363654 0 0.00367097 0.00381779 0.00381736 0.00459033 0.00479314 0.00766093 0.00695017 0.0113757 0.00979024 0.00835333 0.0191387 0.00899357 0.0273148 0.0127756 0.0108258 0.0317078 0.0158777 0.492913 0.0755517 0.0143714 
0.00954851 0.0119526 0.00933239 0.00899189 0.00850042 0.0101993 0.00829332 0.00827656 0.00890842 0.00830119 0.00855002 0.0093188 0.00988261 0.0172577 0.0103022 0.0105802 0.00853084 0.0084691 0.0092411 0.0109964 0.0248183 0.0127244 0.0159148 0.0100858 0.0102495 0.0158518 0.0103856 0.0684585 0.00994846 0.0243035 0.0119816 0.0109 0.0144537 0.0157343 0.0444976 0.0107678 0.0194878 0.00713857 0.00837293 0.00432448 0.00377273 0.0037199 0.00367097 0 0.00376847 0.00380202 0.00403714 0.00441819 0.00606351 0.00956866 0.0071947 0.0110946 0.0172516 0.00815071 0.02726 0.00857555 0.015576 0.0252293 0.0167037 0.567022 0.0776797 0.0408144 0.0118621 
0.00912296 0.00963221 0.00958922 0.00855728 0.00938338 0.00844194 0.00919774 0.00840798 0.00840223 0.00829319 0.00870104 0.00877727 0.0101641 0.0106332 0.0107408 0.00911664 0.00853207 0.00842548 0.00888089 0.0114551 0.0104586 0.0211654 0.0108889 0.0100444 0.011846 0.00981782 0.026844 0.0103333 0.0275553 0.010326 0.0114179 0.0146191 0.0191755 0.0520122 0.0115975 0.0149614 0.0080591 0.0130162 0.00702517 0.00506147 0.00443887 0.00390598 0.00381779 0.00376847 0 0.00411346 0.00412998 0.00412759 0.00427914 0.00496928 0.00651149 0.00730266 0.00841695 0.0137268 0.00924984 0.0135166 0.0191953 0.01836 0.452277 0.0841207 0.0426884 0.0115732 0.0117466 
0.00881818 0.00974758 0.00914485 0.00851022 0.00886861 0.00894692 0.00863221 0.00831949 0.00848733 0.0082302 0.00855753 0.00883337 0.00952377 0.0110038 0.00989011 0.00909387 0.00843954 0.00835936 0.00891344 0.0107326 0.0123692 0.0128741 0.0107126 0.00944088 0.0105312 0.0117183 0.0110828 0.0190738 0.0118736 0.0116147 0.01066 0.0226004 0.034225 0.0132502 0.0103975 0.00958136 0.0117016 0.00835598 0.00836339 0.00610328 0.0069024 0.00411433 0.00381736 0.00380202 0.00411346 0 0.00389513 0.00382796 0.00407118 0.00401103 0.0049486 0.00597888 0.0100113 0.010526 0.0110466 0.0117395 0.0170073 0.414978 0.111776 0.0336729 0.0149575 0.0110694 0.0111267 
0.00867975 0.00939409 0.00907316 0.00846818 0.00904562 0.00882895 0.00880379 0.00833986 0.00846121 0.00826853 0.00859242 0.00878448 0.00951623 0.010255 0.00961725 0.00902051 0.00845856 0.00830868 0.00875056 0.0101371 0.0110639 0.0137395 0.00995184 0.00962821 0.0114374 0.0101525 0.0130857 0.0124982 0.015446 0.010814 0.0113823 0.0276066 0.0158377 0.0113996 0.0106688 0.0102893 0.00858878 0.0101091 0.00873893 0.00675362 0.00666204 0.00620568 0.00459033 0.00403714 0.00412998 0.00389513 0 0.00395653 0.00389829 0.00413184 0.00406637 0.00527146 0.00958808 0.00913858 0.0138433 0.0122542 0.341062 0.136127 0.0288718 0.0145365 0.0115977 0.0110308 0.0108276 
0.00874762 0.00942166 0.00903564 0.00847106 0.0091356 0.00873086 0.008826 0.00833477 0.0084302 0.00822904 0.00853588 0.00870415 0.00943307 0.0103374 0.00964286 0.00899386 0.00842067 0.00830234 0.00884688 0.0102704 0.0110744 0.0127092 0.0103566 0.00997114 0.0107243 0.0102719 0.012982 0.0157037 0.0131878 0.0113662 0.0116891 0.0218438 0.0107375 0.010554 0.0109345 0.0103966 0.00989821 0.010051 0.00973208 0.00804624 0.00707765 0.0054919 0.00479314 0.00441819 0.00412759 0.00382796 0.00395653 0 0.00401813 0.00389746 0.00415311 0.00402663 0.00761116 0.0108186 0.0135186 0.173771 0.212081 0.0421678 0.0118342 0.0113509 0.0139113 0.0116138 0.0108768 
0.00862926 0.00929875 0.00907695 0.00848384 0.00904227 0.00867987 0.00880314 0.00833329 0.00842485 0.00825147 0.00855153 0.00868181 0.00949046 0.0100743 0.00974982 0.0089706 0.0083663 0.0082516 0.00872235 0.0101013 0.0109824 0.0149252 0.0103242 0.00969528 0.0108608 0.0100759 0.0134993 0.013791 0.0175427 0.0109371 0.0119005 0.0135519 0.0117885 0.0105876 0.0108318 0.0108281 0.00933245 0.0126196 0.0106013 0.0077752 0.00759681 0.00825748 0.00766093 0.00606351 0.00427914 0.00407118 0.00389829 0.00401813 0 0.0038101 0.0038524 0.00392566 0.0075254 0.0121297 0.0807862 0.349871 0.02054 0.0126109 0.00983602 0.0115077 0.0217361 0.0102344 0.0103299 
0.00893861 0.00977695 0.0098346 0.00842744 0.0087209 0.00891287 0.00856289 0.00821302 0.00842071 0.0081646 0.00834574 0.00846314 0.0091004 0.0117862 0.0099866 0.00917379 0.0082476 0.00822824 0.00861299 0.00958673 0.0128682 0.0155369 0.011474 0.00988474 0.0098961 0.0104546 0.0123531 0.0196376 0.0129201 0.013941 0.0108424 0.0118848 0.01048 0.0105093 0.0102692 0.0103718 0.0131004 0.012145 0.0110579 0.00925028 0.00791248 0.0219615 0.00695017 0.00956866 0.00496928 0.00401103 0.00413184 0.00389746 0.0038101 0 0.00374373 0.00381918 0.00922001 0.0178342 0.717417 0.0181642 0.00945587 0.00985767 0.00999283 0.0129846 0.0125459 0.0109467 0.0105082 
0.00923026 0.00927505 0.00905717 0.00827646 0.0098255 0.00841549 0.00912808 0.00858815 0.00893394 0.00846344 0.00938126 0.00918358 0.0106792 0.0111624 0.0121716 0.00878567 0.00879232 0.0087424 0.00975928 0.012301 0.0109178 0.0135644 0.0126213 0.00987283 0.014012 0.0108213 0.0158549 0.0104188 0.0183501 0.011338 0.0121388 0.0185358 0.0126983 0.0114369 0.0106504 0.0189419 0.0119564 0.0227078 0.0100599 0.0195472 0.0247843 0.00827996 0.0113757 0.0071947 0.00651149 0.0049486 0.00406637 0.00415311 0.0038524 0.00374373 0 0.00394743 0.0110017 0.86395 0.00738423 0.011004 0.00841649 0.00949584 0.0123303 0.00909899 0.0099364 0.0121825 0.0101626 
0.0113918 0.00957273 0.00845157 0.00966062 0.00978468 0.0107095 0.00869637 0.00937055 0.0124649 0.00854652 0.0105132 0.0103109 0.0143119 0.0108672 0.00941903 0.0121634 0.00988512 0.00873909 0.0148074 0.0179238 0.0144685 0.00992354 0.0105184 0.0115289 0.0195041 0.016382 0.0119809 0.0171243 0.0113122 0.0165241 0.0162671 0.031999 0.0152231 0.0118653 0.0160013 0.0218075 0.0236304 0.0110118 0.021124 0.0359168 0.0120128 0.0183293 0.00979024 0.0110946 0.00730266 0.00597888 0.00527146 0.00402663 0.00392566 0.00381918 0.00394743 0 0.96904 0.0060174 0.00825185 0.00640694 0.00756425 0.00875979 0.00733132 0.00948927 0.0109674 0.0123567 0.0128861 
0.00959747 0.0103725 0.00905585 0.0118049 0.00894438 0.0104182 0.010016 0.0104466 0.00909044 0.00944618 0.00897164 0.0115854 0.0104666 0.0114846 0.0101695 0.0180724 0.00929437 0.0100309 0.0120475 0.012981 0.0151719 0.0100636 0.0133639 0.019646 0.0115375 0.0146415 0.0113279 0.0219694 0.0113663 0.0234877 0.0250967 0.0211405 0.0147437 0.0155914 0.0286966 0.0162843 0.0267732 0.0120385 0.0591109 0.0187636 0.0104996 0.0133455 0.00835333 0.0172516 0.00841695 0.0100113 0.00958808 0.00761116 0.0075254 0.00922001 0.0110017 0.96904 0 0.00402094 0.00400119 0.0038553 0.00433337 0.00596443 0.00587092 0.00861524 0.00775244 0.0163031 0.021739 
0.00915648 0.00910328 0.00976644 0.00898606 0.00984581 0.00832856 0.00998355 0.00853569 0.00829506 0.00836513 0.00899087 0.00869789 0.0110524 0.009833 0.0139053 0.00953034 0.00903324 0.0084804 0.00905451 0.0119206 0.0109626 0.0248629 0.0117879 0.0111667 0.0123242 0.00935088 0.02591 0.00960188 0.035397 0.0111739 0.0128483 0.0164323 0.0111253 0.0202893 0.0124339 0.0225413 0.00906393 0.067644 0.0110221 0.0128824 0.0163052 0.00853332 0.0191387 0.00815071 0.0137268 0.010526 0.00913858 0.0108186 0.0121297 0.0178342 0.86395 0.0060174 0.00402094 0 0.00372746 0.00376679 0.00395072 0.0040251 0.00703749 0.00590224 0.00905951 0.0108527 0.012649 
0.00956312 0.011669 0.00949627 0.0087169 0.0082993 0.010011 0.00822338 0.00817454 0.0086739 0.00817731 0.00831924 0.00863577 0.00928106 0.0193614 0.0109485 0.0106293 0.00830929 0.0082854 0.00867708 0.00976782 0.0276594 0.014427 0.0195969 0.0101902 0.0094892 0.0147817 0.0101583 0.0595609 0.0108862 0.0233206 0.0124738 0.0112216 0.0162825 0.0117523 0.0136969 0.00997462 0.05149 0.00889418 0.0159679 0.0119547 0.0101272 0.0241141 0.00899357 0.02726 0.00924984 0.0110466 0.0138433 0.0135186 0.0807862 0.717417 0.00738423 0.00825185 0.00400119 0.00372746 0 0.0036979 0.00367438 0.00394283 0.00383231 0.00617352 0.00657407 0.00870138 0.00720482 
0.00974585 0.0106621 0.00990058 0.00864297 0.00954468 0.00834891 0.00936963 0.00838545 0.00821258 0.00818287 0.00875579 0.00827623 0.0111477 0.0133814 0.013522 0.00955129 0.00845234 0.00827955 0.00871178 0.0117435 0.0126938 0.0403339 0.0131196 0.0106137 0.0113399 0.00906925 0.0380386 0.0116908 0.0400103 0.0108644 0.0117958 0.0155147 0.0102648 0.0120209 0.0103676 0.0260179 0.00942113 0.0209222 0.0104939 0.0112491 0.0172154 0.00984399 0.0273148 0.00857555 0.0135166 0.0117395 0.0122542 0.173771 0.349871 0.0181642 0.011004 0.00640694 0.0038553 0.00376679 0.0036979 0 0.00361497 0.00373534 0.00387119 0.00391589 0.00795672 0.00510608 0.00801266 
0.00928909 0.0109042 0.00954953 0.0086125 0.00873242 0.0088931 0.00864328 0.00827724 0.00848886 0.00813549 0.00856061 0.00860702 0.0101779 0.0148591 0.0125147 0.010299 0.00839163 0.00830783 0.00888844 0.0115292 0.0176358 0.0215315 0.0164806 0.010456 0.0106292 0.0121051 0.0170574 0.0315887 0.0196848 0.0149375 0.0189739 0.0121989 0.0124098 0.010923 0.0121739 0.0121304 0.016183 0.0118487 0.01304 0.0133419 0.0132737 0.0222802 0.0127756 0.015576 0.0191953 0.0170073 0.341062 0.212081 0.02054 0.00945587 0.00841649 0.00756425 0.00433337 0.00395072 0.00367438 0.00361497 0 0.00370918 0.00368037 0.00365305 0.00404925 0.00504669 0.00587719 
0.00947309 0.0111376 0.009677 0.00882061 0.00844252 0.00933212 0.00851994 0.00815694 0.00856405 0.00824546 0.00837465 0.00853526 0.00974629 0.0173078 0.0118143 0.011115 0.00831523 0.00830048 0.00878263 0.0107195 0.022616 0.0199322 0.0184046 0.0110974 0.00989343 0.0144851 0.0130176 0.0359659 0.0158286 0.0299673 0.0120127 0.0121961 0.0119439 0.011095 0.0127639 0.0114838 0.0199434 0.0101335 0.0154726 0.0131489 0.0129763 0.0281284 0.0108258 0.0252293 0.01836 0.414978 0.136127 0.0421678 0.0126109 0.00985767 0.00949584 0.00875979 0.00596443 0.0040251 0.00394283 0.00373534 0.00370918 0 0.00362559 0.00366152 0.00373085 0.00385773 0.00510998 
0.00961285 0.0104243 0.0102231 0.00870041 0.00937397 0.00837117 0.00938388 0.00844673 0.00823879 0.00816529 0.00875449 0.00830805 0.0109842 0.0144749 0.0161541 0.00986289 0.00855118 0.00829139 0.0085792 0.0120291 0.0131713 0.0497936 0.0146703 0.0109442 0.0140473 0.00920964 0.0353936 0.0130748 0.0569892 0.0106949 0.0127972 0.0130032 0.0110113 0.0110008 0.0106459 0.0170823 0.010166 0.021516 0.010373 0.0126985 0.0294773 0.0116717 0.0317078 0.0167037 0.452277 0.111776 0.0288718 0.0118342 0.00983602 0.00999283 0.0123303 0.00733132 0.00587092 0.00703749 0.00383231 0.00387119 0.00368037 0.00362559 0 0.00361039 0.00370735 0.00373465 0.00419679 
0.00968676 0.0123708 0.00995716 0.00873285 0.00844888 0.00938191 0.00839625 0.00825039 0.00850853 0.00811304 0.00842756 0.00835089 0.0104478 0.0210288 0.0134824 0.0110998 0.00835666 0.00827112 0.0087903 0.0112461 0.0298367 0.0227596 0.0295635 0.0105764 0.00984836 0.0127782 0.0122116 0.0642565 0.0139664 0.0230074 0.011713 0.0117551 0.0132681 0.011094 0.0131912 0.0113945 0.0317084 0.0100101 0.0152056 0.0149754 0.0136034 0.0332134 0.0158777 0.567022 0.0841207 0.0336729 0.0145365 0.0113509 0.0115077 0.0129846 0.00909899 0.00948927 0.00861524 0.00590224 0.00617352 0.00391589 0.00365305 0.00366152 0.00361039 0 0.00363255 0.00370684 0.00392502 
