1YGHA
KIEFRVVNNDNTKENMMVLTGLKNIFQKQLPKMPKEYIARLVYDRSHLSMAVIRKPLTVVGGITYRPFDKREFAEIVFCAISSTEQVRGYGAHLMNHLKDYVRNTSNIKYFLTYADNYAIGYFKKQGFTKEITLDKSIWMGYIKDYEGGTLMQCSMLPRIRYLD
CEEEEEECCCCCHHHHHHHHHHHHHHHHHCCCCCHHHHHHHHHCCCCEEEEEEECCCEEEEEEEEEEEHHHCEEEEEEEEECCCCCCCCHHHHHHHHHHHHHHHHCCCCEEEEEECHHHHHHHHHCCCECCCCCCHHHHECCECCCCCCEEEEEECCCCCCCCC
0 0 0 0 0 0 0 0 0 0 0 0 0 0 0 0 0 0 0 0 0 0 0 0 0 0 0 0 0 0 0 0 0 0 0 0 0 0 0 0 0 0 0 0 0 0 0 0 0 0 0 0 0 0 0 0 0 0 0 0 0 0 0 0 0 0 0 0 0 0 0 0 0 0 0 0 0 0 0 0 0 0 0 0 0 0 0 0 0 0 0 0 0 0 0 0 0 0 0 0 0 0 0 0 0 0 0 0 0 0 0 0 0 0 0 0 0 0 0 0 0 0 0 0 0 0 0 0 0 0 0 0 0 0 0 0 0 0 0 0 0 0 0 0 0 0 0 0 0 0 0 0 0 0 0 0 0 0 0 0 0 0 0 0 
0 0 0 0 0 0 0 0 0 0 0 0 0 0 0 0 0 0 0 0 0 0 0 0 0 0 0 0 0 0 0 0 0 0 0 0 0 0 0 0 0 0 0 0 0 0 0 0 0 0 0 0 0 0 0 0 0 0 0 0 0 0 0 0 0 0 0 0 0 0 0 0 0 0 0 0 0 0 0 0 0 0 0 0 0 0 0 0 0 0 0 0 0 0 0 0 0 0 0 0 0 0 0 0 0 0 0 0 0 0 0 0 0 0 0 0 0 0 0 0 0 0 0 0 0 0 0 0 0 0 0 0 0 0 0 0 0 0 0 0 0 0 0 0 0 0 0 0 0 0 0 0 0 0 0 0 0 0 0 0 0 0 0 0 
0 0.00374531 0.00402672 0.00382769 0.00448131 0.00854543 0.13932 0.0143792 0.0385012 0.0160237 0.0239215 0.0185923 0.0969824 0.0108379 0.030934 0.0123318 0.0201511 0.0132702 0.0226342 0.00906268 0.0258243 0.00899182 0.0161753 0.0160282 0.0157397 0.01236 0.010139 0.0323043 0.0123144 0.01706 0.0207788 0.0117528 0.0314713 0.00950901 0.00957326 0.00926104 0.00971084 0.00879962 0.0202125 0.009263 0.00840241 0.0144241 0.00809575 0.00847427 0.00882858 0.00858718 0.0105892 0.00830582 
0.00374531 0 0.00368154 0.00369395 0.00392637 0.00364926 0.028303 0.185904 0.0133499 0.0556898 0.0250248 0.0899448 0.0113993 0.0377646 0.0132024 0.0354694 0.0234185 0.0398959 0.011068 0.0453156 0.0090053 0.0347815 0.00895199 0.00930427 0.00964374 0.0125217 0.0446079 0.0129312 0.0524406 0.0234802 0.0158974 0.0337789 0.0098717 0.0104472 0.0099961 0.0103701 0.00953178 0.0110534 0.00825496 0.00882032 0.00801092 0.00806429 0.00932955 0.00834754 0.00900198 0.00925731 0.00836424 0.00870725 
0.00402672 0.00368154 0 0.00355417 0.00354673 0.00357955 0.0176976 0.0168999 0.189964 0.0341103 0.129009 0.0173503 0.0104189 0.00897114 0.0489685 0.0210403 0.0490364 0.0171292 0.0671968 0.0109789 0.0678265 0.00965237 0.0140552 0.00964993 0.0098512 0.0184559 0.0141152 0.120586 0.0269648 0.0503462 0.0567145 0.0136588 0.0114569 0.00852208 0.0128324 0.0108487 0.0147656 0.00858376 0.00892188 0.00806058 0.00800638 0.00866112 0.00802495 0.00918101 0.00953082 0.00916858 0.0107923 0.00821257 
0.00382769 0.00369395 0.00355417 0 0.00354364 0.00361434 0.0156971 0.0691272 0.0334427 0.34255 0.0712436 0.0182257 0.0108208 0.0148902 0.0147669 0.0602932 0.0312021 0.062158 0.0160618 0.0543651 0.0113297 0.0438186 0.0148026 0.0096646 0.00940869 0.0125965 0.0721007 0.019358 0.0872584 0.0549665 0.0394473 0.0181958 0.00963286 0.00954883 0.0100838 0.0154174 0.0113279 0.00945252 0.0085583 0.00823219 0.00801379 0.00802785 0.00840307 0.008633 0.0099958 0.0098524 0.00858434 0.00848205 
0.00448131 0.00392637 0.00354673 0.00354364 0 0.00358015 0.0177459 0.024322 0.201807 0.0482041 0.099479 0.0884373 0.011964 0.0106451 0.0324916 0.0203765 0.0444411 0.0240182 0.0418192 0.0143657 0.0250429 0.0101532 0.0254696 0.00944931 0.00990546 0.0236582 0.0166757 0.0389007 0.0340182 0.0479522 0.0262126 0.0323594 0.0121979 0.00938375 0.0120403 0.0106798 0.0104313 0.00956795 0.00854169 0.00832094 0.00803091 0.00830365 0.00816398 0.00918554 0.00927031 0.00882123 0.00924847 0.00828216 
0.00854543 0.00364926 0.00357955 0.00361434 0.00358015 0 0.0228261 0.0866084 0.0220101 0.0465346 0.0291061 0.0821522 0.0787721 0.0174353 0.0116211 0.0169275 0.0184443 0.0215135 0.0136781 0.0127899 0.013318 0.0203927 0.00903183 0.0109933 0.0283951 0.0110563 0.0129948 0.0161062 0.0147052 0.0191274 0.0167065 0.0157533 0.0196841 0.00999404 0.00912482 0.00895487 0.00906275 0.00867882 0.00932522 0.00976214 0.00825854 0.00914349 0.00938962 0.00827954 0.00857319 0.00858801 0.00851583 0.00826578 
0.13932 0.028303 0.0176976 0.0156971 0.0177459 0.0228261 0 0.00369995 0.00354733 0.00358274 0.00355632 0.00387728 0.00491736 0.00973423 0.00640295 0.00688204 0.00698494 0.00748302 0.0191234 0.0703867 0.404376 0.0116725 0.00779359 0.021232 0.0130678 0.009862 0.0119674 0.010422 0.00984107 0.0102459 0.0105536 0.0114195 0.0167567 0.0109526 0.00930258 0.00860444 0.00862185 0.00913548 0.0125803 0.0101184 0.00831481 0.00947742 0.00837135 0.00810949 0.00838341 0.00876444 0.00884808 0.00927393 
0.0143792 0.185904 0.0168999 0.0691272 0.024322 0.0866084 0.00369995 0 0.00355273 0.00358234 0.00353358 0.00356247 0.00379641 0.00537995 0.00742717 0.00677244 0.0069903 0.0114978 0.0668289 0.611426 0.0100468 0.00850097 0.012422 0.00728901 0.00940407 0.0146951 0.0144598 0.0117561 0.0155971 0.0183776 0.0135733 0.018998 0.0100241 0.0103551 0.0115565 0.0104794 0.0106462 0.0107719 0.00949525 0.00836959 0.00803038 0.00827372 0.0082084 0.00854734 0.00925025 0.00968508 0.00976448 0.0085057 
0.0385012 0.0133499 0.189964 0.0334427 0.201807 0.0220101 0.00354733 0.00355273 0 0.00355892 0.00358533 0.00356604 0.00360138 0.00509341 0.00772273 0.00699957 0.0210422 0.0854694 0.70979 0.0111264 0.0123213 0.0181391 0.00919632 0.010614 0.0110872 0.0126952 0.0174743 0.0382142 0.0310493 0.0321012 0.0300452 0.0157891 0.012155 0.0106646 0.0176876 0.0215244 0.0174258 0.0152863 0.00942485 0.00819134 0.00806053 0.00832764 0.00826507 0.00956098 0.0134153 0.0110138 0.0112777 0.0083917 
0.0160237 0.0556898 0.0341103 0.34255 0.0482041 0.0465346 0.00358274 0.00358234 0.00355892 0 0.00354809 0.0035763 0.00356172 0.00466117 0.00730065 0.023317 0.126427 0.761476 0.0157753 0.0129939 0.0130564 0.0129885 0.00969423 0.00724043 0.00988935 0.03614 0.0322031 0.0420688 0.0472785 0.055908 0.0385737 0.0236325 0.0138444 0.0134348 0.0229042 0.0315068 0.0379894 0.0131604 0.0106716 0.0084667 0.00830571 0.0085586 0.00863064 0.0109934 0.0253859 0.020861 0.0109457 0.00877779 
0.0239215 0.0250248 0.129009 0.0712436 0.099479 0.0291061 0.00355632 0.00353358 0.00358533 0.00354809 0 0.0035399 0.00355171 0.00451035 0.0314649 0.212152 0.581812 0.0204328 0.0140845 0.0244214 0.0111744 0.0116651 0.00915115 0.00642454 0.0110497 0.0150104 0.0668922 0.0308386 0.0415578 0.0450147 0.0358198 0.0293241 0.0134909 0.0129712 0.0222336 0.0439588 0.0301903 0.0136903 0.00978319 0.00844883 0.00815459 0.00841498 0.00858301 0.0112369 0.0363102 0.0240105 0.011976 0.00870318 
0.0185923 0.0899448 0.0173503 0.0182257 0.0884373 0.0821522 0.00387728 0.00356247 0.00356604 0.0035763 0.0035399 0 0.00354015 0.0138588 0.685944 0.0887278 0.0111824 0.0101189 0.0273434 0.010134 0.0119779 0.00853625 0.00690976 0.00710583 0.0114392 0.0537195 0.0172449 0.051662 0.0174112 0.0292113 0.0225847 0.045945 0.0187445 0.0111532 0.029487 0.0147243 0.0137488 0.012904 0.0101192 0.00951642 0.00853018 0.00921967 0.00996556 0.0110596 0.0125792 0.011453 0.0105647 0.00863576 
0.0969824 0.0113993 0.0104189 0.0108208 0.011964 0.0787721 0.00491736 0.00379641 0.00360138 0.00356172 0.00355171 0.00354015 0 0.860385 0.0273384 0.00451593 0.00468555 0.0130787 0.0087346 0.00780843 0.00825007 0.00623781 0.00610253 0.00632934 0.0325218 0.0126113 0.0116346 0.0109674 0.0105239 0.0118509 0.0130426 0.0113419 0.0217125 0.0174802 0.0133658 0.00994088 0.0103031 0.00929505 0.0116434 0.014754 0.00961798 0.0132059 0.0130346 0.00972101 0.00914289 0.00938679 0.00909743 0.00868932 
0.0108379 0.0377646 0.00897114 0.0148902 0.0106451 0.0174353 0.00973423 0.00537995 0.00509341 0.00466117 0.00451035 0.0138588 0.860385 0 0.00367736 0.00357334 0.00360686 0.0036458 0.00367616 0.00489998 0.00397977 0.00522512 0.0046809 0.0073819 0.00779593 0.00811824 0.0150005 0.00909884 0.0135859 0.0127678 0.0104434 0.0151815 0.0219489 0.0330402 0.0120478 0.00964006 0.00968973 0.0131075 0.0134856 0.0180377 0.00863499 0.0107332 0.0123138 0.00820313 0.00877058 0.00949239 0.00843949 0.0146967 
0.030934 0.0132024 0.0489685 0.0147669 0.0324916 0.0116211 0.00640295 0.00742717 0.00772273 0.00730065 0.0314649 0.685944 0.0273384 0.00367736 0 0.00363446 0.00359462 0.00356377 0.00382563 0.00508563 0.00526783 0.00425942 0.00859344 0.00435038 0.00703138 0.0150214 0.0101238 0.0314888 0.0203131 0.0154293 0.0252634 0.0240248 0.0258072 0.0165635 0.0390086 0.0147974 0.013208 0.0110264 0.0117808 0.00869074 0.00820324 0.00951179 0.0082457 0.0113673 0.0115768 0.00945027 0.018132 0.00826722 
0.0123318 0.0354694 0.0210403 0.0602932 0.0203765 0.0169275 0.00688204 0.00677244 0.00699957 0.023317 0.212152 0.0887278 0.00451593 0.00357334 0.00363446 0 0.00355961 0.00358758 0.00361651 0.00361763 0.00361927 0.00393043 0.0038267 0.00371904 0.00708573 0.00865775 0.019063 0.0165787 0.0173639 0.0364471 0.0215895 0.0375414 0.0817337 0.0136672 0.0143466 0.0309799 0.0241586 0.0135842 0.00963665 0.00850877 0.00809927 0.00832626 0.00872313 0.00941487 0.019801 0.0230812 0.00991828 0.0088173 
0.0201511 0.0234185 0.0490364 0.0312021 0.0444411 0.0184443 0.00698494 0.0069903 0.0210422 0.126427 0.581812 0.0111824 0.00468555 0.00360686 0.00359462 0.00355961 0 0.00354982 0.00356948 0.00355521 0.0035927 0.00362874 0.00360497 0.00373285 0.00575646 0.0108423 0.0156024 0.0215557 0.0247667 0.0193987 0.0358996 0.219996 0.214814 0.0130587 0.0252201 0.0292842 0.0293771 0.0115426 0.010347 0.00852734 0.00825495 0.00850657 0.00873073 0.0116087 0.0322305 0.0193742 0.012199 0.00877582 
0.0132702 0.0398959 0.0171292 0.062158 0.0240182 0.0215135 0.00748302 0.0114978 0.0854694 0.761476 0.0204328 0.0101189 0.0130787 0.0036458 0.00356377 0.00358758 0.00354982 0 0.00358275 0.00352516 0.00354818 0.00362828 0.00406889 0.00362091 0.00612234 0.00981249 0.0227653 0.0174282 0.0177032 0.0470364 0.272108 0.405124 0.0233174 0.013139 0.0197698 0.0321066 0.0240587 0.016873 0.0105939 0.00885266 0.00817613 0.00844117 0.00846221 0.0127918 0.0300518 0.0302165 0.0114711 0.00959702 
0.0226342 0.011068 0.0671968 0.0160618 0.0418192 0.0136781 0.0191234 0.0668289 0.70979 0.0157753 0.0140845 0.0273434 0.0087346 0.00367616 0.00382563 0.00361651 0.00356948 0.00358275 0 0.00353788 0.00355039 0.00357311 0.00360798 0.00359293 0.0065384 0.0162899 0.0146888 0.0322977 0.0320391 0.345469 0.417875 0.0174152 0.0154323 0.0112789 0.016648 0.0260291 0.0278565 0.0105805 0.0179525 0.00845405 0.00829839 0.00852308 0.00829119 0.0102084 0.020292 0.0131719 0.0148451 0.00867244 
0.00906268 0.0453156 0.0109789 0.0543651 0.0143657 0.0127899 0.0703867 0.611426 0.0111264 0.0129939 0.0244214 0.010134 0.00780843 0.00489998 0.00508563 0.00361763 0.00355521 0.00352516 0.00353788 0 0.00353654 0.00363136 0.00354793 0.00355471 0.0144759 0.00781722 0.0123675 0.00896385 0.408704 0.301586 0.0138598 0.0154072 0.0143104 0.0124686 0.0129668 0.0227808 0.0180819 0.0183156 0.00962003 0.0093306 0.00814322 0.00835303 0.00919045 0.00909844 0.014603 0.0219077 0.00985002 0.010834 
0.0258243 0.0090053 0.0678265 0.0113297 0.0250429 0.013318 0.404376 0.0100468 0.0123213 0.0130564 0.0111744 0.0119779 0.00825007 0.00397977 0.00526783 0.00361927 0.0035927 0.00354818 0.00355039 0.00353654 0 0.00354121 0.00356345 0.0035508 0.00427989 0.00986074 0.00784325 0.842754 0.0428285 0.0124288 0.01398 0.0107559 0.0178947 0.0106054 0.0184813 0.0190725 0.0248885 0.0093357 0.0153642 0.00834755 0.00853689 0.00936678 0.00850992 0.0113547 0.0147026 0.0109737 0.0157319 0.00839752 
0.00899182 0.0347815 0.00965237 0.0438186 0.0101532 0.0203927 0.0116725 0.00850097 0.0181391 0.0129885 0.0116651 0.00853625 0.00623781 0.00522512 0.00425942 0.00393043 0.00362874 0.00362828 0.00357311 0.00363136 0.00354121 0 0.00350686 0.00353492 0.00455858 0.00564611 0.85246 0.0132116 0.00980384 0.0103081 0.0142122 0.0116047 0.00699062 0.0116789 0.0108369 0.0165453 0.0126255 0.010666 0.00849339 0.00841033 0.00827367 0.00812367 0.00877158 0.00847622 0.0127126 0.0171691 0.00863943 0.00886154 
0.0161753 0.00895199 0.0140552 0.0148026 0.0254696 0.00903183 0.00779359 0.012422 0.00919632 0.00969423 0.00915115 0.00690976 0.00610253 0.0046809 0.00859344 0.0038267 0.00360497 0.00406889 0.00360798 0.00354793 0.00356345 0.00350686 0 0.0035356 0.00408102 0.886372 0.00709001 0.0106271 0.00583278 0.00841013 0.00715189 0.00638252 0.006891 0.0097186 0.0142218 0.0099226 0.0103399 0.00911972 0.00928416 0.00898793 0.00876394 0.00879922 0.00913102 0.00926112 0.0100574 0.00903719 0.0103473 0.00812799 
0.0160282 0.00930427 0.00964993 0.0096646 0.00944931 0.0109933 0.021232 0.00728901 0.010614 0.00724043 0.00642454 0.00710583 0.00632934 0.0073819 0.00435038 0.00371904 0.00373285 0.00362091 0.00359293 0.00355471 0.0035508 0.00353492 0.0035356 0 0.89689 0.00396176 0.0040501 0.00398022 0.00403468 0.00457291 0.00510091 0.00519935 0.00635632 0.0168429 0.0102845 0.00957517 0.00958807 0.00966908 0.0122181 0.0127264 0.0101623 0.0117983 0.0100926 0.0092411 0.00894153 0.00889486 0.00888259 0.00854218 
0.0157397 0.00964374 0.0098512 0.00940869 0.00990546 0.0283951 0.0130678 0.00940407 0.0110872 0.00988935 0.0110497 0.0114392 0.0325218 0.00779593 0.00703138 0.00708573 0.00575646 0.00612234 0.0065384 0.0144759 0.00427989 0.00455858 0.00408102 0.89689 0 0.00424779 0.00362053 0.00359105 0.00359809 0.0040304 0.00377378 0.00418055 0.00645402 0.131529 0.0116211 0.0105819 0.0100477 0.0114008 0.0256697 0.014569 0.00965268 0.0138882 0.00873115 0.00843443 0.00902365 0.00893471 0.00962312 0.0106575 
0.01236 0.0125217 0.0184559 0.0125965 0.0236582 0.0110563 0.009862 0.0146951 0.0126952 0.03614 0.0150104 0.0537195 0.0126113 0.00811824 0.0150214 0.00865775 0.0108423 0.00981249 0.0162899 0.00781722 0.00986074 0.00564611 0.886372 0.00396176 0.00424779 0 0.00356392 0.00358178 0.00356644 0.00376746 0.00369527 0.00511119 0.00520756 0.0220686 0.13424 0.0122965 0.0135636 0.0137859 0.0144062 0.0095815 0.00841646 0.00914306 0.00821776 0.0115685 0.0112991 0.0108591 0.0168308 0.00950913 
0.010139 0.0446079 0.0141152 0.0721007 0.0166757 0.0129948 0.0119674 0.0144598 0.0174743 0.0322031 0.0668922 0.0172449 0.0116346 0.0150005 0.0101238 0.019063 0.0156024 0.0227653 0.0146888 0.0123675 0.00784325 0.85246 0.00709001 0.0040501 0.00362053 0.00356392 0 0.00355361 0.00357323 0.00361682 0.00371885 0.00362915 0.00383602 0.0574243 0.0225164 0.0872116 0.0298377 0.0167381 0.0099505 0.00909234 0.00845867 0.00838033 0.00950088 0.010436 0.0260686 0.0384322 0.0102036 0.0115403 
0.0323043 0.0129312 0.120586 0.019358 0.0389007 0.0161062 0.010422 0.0117561 0.0382142 0.0420688 0.0308386 0.051662 0.0109674 0.00909884 0.0314888 0.0165787 0.0215557 0.0174282 0.0322977 0.00896385 0.842754 0.0132116 0.0106271 0.00398022 0.00359105 0.00358178 0.00355361 0 0.00355884 0.00356074 0.00357023 0.00357619 0.00371091 0.0532667 0.0606396 0.0460426 0.0630426 0.0122827 0.0125441 0.0086428 0.0088314 0.009057 0.00866865 0.0163966 0.0412929 0.0208994 0.0241612 0.00879527 
0.0123144 0.0524406 0.0269648 0.0872584 0.0340182 0.0147052 0.00984107 0.0155971 0.0310493 0.0472785 0.0415578 0.0174112 0.0105239 0.0135859 0.0203131 0.0173639 0.0247667 0.0177032 0.0320391 0.408704 0.0428285 0.00980384 0.00583278 0.00403468 0.00359809 0.00356644 0.00357323 0.00355884 0 0.0035512 0.00357334 0.00357851 0.00362738 0.040588 0.0680229 0.0621998 0.0392732 0.029494 0.0106448 0.0087381 0.00877139 0.00852531 0.00921574 0.0158327 0.0379593 0.0437391 0.0143705 0.00946876 
0.01706 0.0234802 0.0503462 0.0549665 0.0479522 0.0191274 0.0102459 0.0183776 0.0321012 0.055908 0.0450147 0.0292113 0.0118509 0.0127678 0.0154293 0.0364471 0.0193987 0.0470364 0.345469 0.301586 0.0124288 0.0103081 0.00841013 0.00457291 0.0040304 0.00376746 0.00361682 0.00356074 0.0035512 0 0.00354681 0.00357637 0.00358255 0.0468373 0.0516265 0.0825083 0.0643342 0.0204203 0.0127254 0.00905337 0.00935805 0.00864409 0.00971699 0.0152733 0.0407633 0.0352396 0.0180582 0.00957123 
0.0207788 0.0158974 0.0567145 0.0394473 0.0262126 0.0167065 0.0105536 0.0135733 0.0300452 0.0385737 0.0358198 0.0225847 0.0130426 0.0104434 0.0252634 0.0215895 0.0358996 0.272108 0.417875 0.0138598 0.01398 0.0142122 0.00715189 0.00510091 0.00377378 0.00369527 0.00371885 0.00357023 0.00357334 0.00354681 0 0.00357799 0.00361633 0.0409906 0.0559945 0.0784531 0.0605622 0.0188325 0.0137568 0.00890898 0.00878161 0.00896213 0.00913626 0.0160406 0.0346125 0.0250689 0.0167173 0.00980818 
0.0117528 0.0337789 0.0136588 0.0181958 0.0323594 0.0157533 0.0114195 0.018998 0.0157891 0.0236325 0.0293241 0.045945 0.0113419 0.0151815 0.0240248 0.0375414 0.219996 0.405124 0.0174152 0.0154072 0.0107559 0.0116047 0.00638252 0.00519935 0.00418055 0.00511119 0.00362915 0.00357619 0.00357851 0.00357637 0.00357799 0 0.0037212 0.0308725 0.0652643 0.0444347 0.0298433 0.0663727 0.014875 0.0106382 0.00981967 0.00912306 0.0107167 0.0152147 0.016463 0.0212776 0.0184396 0.00966231 
0.0314713 0.0098717 0.0114569 0.00963286 0.0121979 0.0196841 0.0167567 0.0100241 0.012155 0.0138444 0.0134909 0.0187445 0.0217125 0.0219489 0.0258072 0.0817337 0.214814 0.0233174 0.0154323 0.0143104 0.0178947 0.00699062 0.006891 0.00635632 0.00645402 0.00520756 0.00383602 0.00371091 0.00362738 0.00358255 0.00361633 0.0037212 0 0.0251564 0.0225559 0.0203224 0.0271616 0.0346904 0.089332 0.0162154 0.0114824 0.0168732 0.0130668 0.0103444 0.0112617 0.0103658 0.0105582 0.00962661 
0.00950901 0.0104472 0.00852208 0.00954883 0.00938375 0.00999404 0.0109526 0.0103551 0.0106646 0.0134348 0.0129712 0.0111532 0.0174802 0.0330402 0.0165635 0.0136672 0.0130587 0.013139 0.0112789 0.0124686 0.0106054 0.0116789 0.0097186 0.0168429 0.131529 0.0220686 0.0574243 0.0532667 0.040588 0.0468373 0.0409906 0.0308725 0.0251564 0 0.00512021 0.00358836 0.00360071 0.00407035 0.00644064 0.0332739 0.00993929 0.0174139 0.0203461 0.00979946 0.0112547 0.0137066 0.00998085 0.0714801 
0.00957326 0.0099961 0.0128324 0.0100838 0.0120403 0.00912482 0.00930258 0.0115565 0.0176876 0.0229042 0.0222336 0.029487 0.0133658 0.0120478 0.0390086 0.0143466 0.0252201 0.0197698 0.016648 0.0129668 0.0184813 0.0108369 0.0142218 0.0102845 0.0116211 0.13424 0.0225164 0.0606396 0.0680229 0.0516265 0.0559945 0.0652643 0.0225559 0.00512021 0 0.00355465 0.00360859 0.00472034 0.00397048 0.0106715 0.00958417 0.0126697 0.00939424 0.0183729 0.0120728 0.0121115 0.143043 0.00910439 
0.00926104 0.0103701 0.0108487 0.0154174 0.0106798 0.00895487 0.00860444 0.0104794 0.0215244 0.0315068 0.0439588 0.0147243 0.00994088 0.00964006 0.0147974 0.0309799 0.0292842 0.0321066 0.0260291 0.0227808 0.0190725 0.0165453 0.0099226 0.00957517 0.0105819 0.0122965 0.0872116 0.0460426 0.0621998 0.0825083 0.0784531 0.0444347 0.0203224 0.00358836 0.00355465 0 0.00389301 0.00374405 0.00360873 0.00881056 0.00850079 0.00969507 0.00908553 0.0107373 0.0232396 0.123493 0.0119135 0.0100423 
0.00971084 0.00953178 0.0147656 0.0113279 0.0104313 0.00906275 0.00862185 0.0106462 0.0174258 0.0379894 0.0301903 0.0137488 0.0103031 0.00968973 0.013208 0.0241586 0.0293771 0.0240587 0.0278565 0.0180819 0.0248885 0.0126255 0.0103399 0.00958807 0.0100477 0.0135636 0.0298377 0.0630426 0.0392732 0.0643342 0.0605622 0.0298433 0.0271616 0.00360071 0.00360859 0.00389301 0 0.00355931 0.00367579 0.00942984 0.00921421 0.00988525 0.00923216 0.0128783 0.125194 0.0197605 0.0106437 0.0095865 
0.00879962 0.0110534 0.00858376 0.00945252 0.00956795 0.00867882 0.00913548 0.0107719 0.0152863 0.0131604 0.0136903 0.012904 0.00929505 0.0131075 0.0110264 0.0135842 0.0115426 0.016873 0.0105805 0.0183156 0.0093357 0.010666 0.00911972 0.00966908 0.0114008 0.0137859 0.0167381 0.0122827 0.029494 0.0204203 0.0188325 0.0663727 0.0346904 0.00407035 0.00472034 0.00374405 0.00355931 0 0.00360581 0.025588 0.0101793 0.0116449 0.0132831 0.0968462 0.0144822 0.0148504 0.0111095 0.0102502 
0.0202125 0.00825496 0.00892188 0.0085583 0.00854169 0.00932522 0.0125803 0.00949525 0.00942485 0.0106716 0.00978319 0.0101192 0.0116434 0.0134856 0.0117808 0.00963665 0.010347 0.0105939 0.0179525 0.00962003 0.0153642 0.00849339 0.00928416 0.0122181 0.0256697 0.0144062 0.0099505 0.0125441 0.0106448 0.0127254 0.0137568 0.014875 0.089332 0.00644064 0.00397048 0.00360873 0.00367579 0.00360581 0 0.07036 0.0162807 0.0398149 0.0709268 0.0176931 0.0111313 0.00997434 0.0132661 0.00939725 
0.009263 0.00882032 0.00806058 0.00823219 0.00832094 0.00976214 0.0101184 0.00836959 0.00819134 0.0084667 0.00844883 0.00951642 0.014754 0.0180377 0.00869074 0.00850877 0.00852734 0.00885266 0.00845405 0.0093306 0.00834755 0.00841033 0.00898793 0.0127264 0.014569 0.0095815 0.00909234 0.0086428 0.0087381 0.00905337 0.00890898 0.0106382 0.0162154 0.0332739 0.0106715 0.00881056 0.00942984 0.025588 0.07036 0 0.0489272 0.0537307 0.0318867 0.00898162 0.00890368 0.00956416 0.00898781 0.023693 
0.00840241 0.00801092 0.00800638 0.00801379 0.00803091 0.00825854 0.00831481 0.00803038 0.00806053 0.00830571 0.00815459 0.00853018 0.00961798 0.00863499 0.00820324 0.00809927 0.00825495 0.00817613 0.00829839 0.00814322 0.00853689 0.00827367 0.00876394 0.0101623 0.00965268 0.00841646 0.00845867 0.0088314 0.00877139 0.00935805 0.00878161 0.00981967 0.0114824 0.00993929 0.00958417 0.00850079 0.00921421 0.0101793 0.0162807 0.0489272 0 0.696017 0.00531167 0.00812157 0.00514422 0.00515844 0.00562879 0.00684519 
0.0144241 0.00806429 0.00866112 0.00802785 0.00830365 0.00914349 0.00947742 0.00827372 0.00832764 0.0085586 0.00841498 0.00921967 0.0132059 0.0107332 0.00951179 0.00832626 0.00850657 0.00844117 0.00852308 0.00835303 0.00936678 0.00812367 0.00879922 0.0117983 0.0138882 0.00914306 0.00838033 0.009057 0.00852531 0.00864409 0.00896213 0.00912306 0.0168732 0.0174139 0.0126697 0.00969507 0.00988525 0.0116449 0.0398149 0.0537307 0.696017 0 0.0220188 0.0115987 0.00524985 0.00505993 0.0106658 0.00808655 
0.00809575 0.00932955 0.00802495 0.00840307 0.00816398 0.00938962 0.00837135 0.0082084 0.00826507 0.00863064 0.00858301 0.00996556 0.0130346 0.0123138 0.0082457 0.00872313 0.00873073 0.00846221 0.00829119 0.00919045 0.00850992 0.00877158 0.00913102 0.0100926 0.00873115 0.00821776 0.00950088 0.00866865 0.00921574 0.00971699 0.00913626 0.0107167 0.0130668 0.0203461 0.00939424 0.00908553 0.00923216 0.0132831 0.0709268 0.0318867 0.00531167 0.0220188 0 0.00461432 0.00357875 0.00365723 0.00359512 0.0084003 
0.00847427 0.00834754 0.00918101 0.008633 0.00918554 0.00827954 0.00810949 0.00854734 0.00956098 0.0109934 0.0112369 0.0110596 0.00972101 0.00820313 0.0113673 0.00941487 0.0116087 0.0127918 0.0102084 0.00909844 0.0113547 0.00847622 0.00926112 0.0092411 0.00843443 0.0115685 0.010436 0.0163966 0.0158327 0.0152733 0.0160406 0.0152147 0.0103444 0.00979946 0.0183729 0.0107373 0.0128783 0.0968462 0.0176931 0.00898162 0.00812157 0.0115987 0.00461432 0 0.00358612 0.00356942 0.00399859 0.00365195 
0.00882858 0.00900198 0.00953082 0.0099958 0.00927031 0.00857319 0.00838341 0.00925025 0.0134153 0.0253859 0.0363102 0.0125792 0.00914289 0.00877058 0.0115768 0.019801 0.0322305 0.0300518 0.020292 0.014603 0.0147026 0.0127126 0.0100574 0.00894153 0.00902365 0.0112991 0.0260686 0.0412929 0.0379593 0.0407633 0.0346125 0.016463 0.0112617 0.0112547 0.0120728 0.0232396 0.125194 0.0144822 0.0111313 0.00890368 0.00514422 0.00524985 0.00357875 0.00358612 0 0.00363445 0.00355789 0.00371934 
0.00858718 0.00925731 0.00916858 0.0098524 0.00882123 0.00858801 0.00876444 0.00968508 0.0110138 0.020861 0.0240105 0.011453 0.00938679 0.00949239 0.00945027 0.0230812 0.0193742 0.0302165 0.0131719 0.0219077 0.0109737 0.0171691 0.00903719 0.00889486 0.00893471 0.0108591 0.0384322 0.0208994 0.0437391 0.0352396 0.0250689 0.0212776 0.0103658 0.0137066 0.0121115 0.123493 0.0197605 0.0148504 0.00997434 0.00956416 0.00515844 0.00505993 0.00365723 0.00356942 0.00363445 0 0.00353609 0.00358095 
0.0105892 0.00836424 0.0107923 0.00858434 0.00924847 0.00851583 0.00884808 0.00976448 0.0112777 0.0109457 0.011976 0.0105647 0.00909743 0.00843949 0.018132 0.00991828 0.012199 0.0114711 0.0148451 0.00985002 0.0157319 0.00863943 0.0103473 0.00888259 0.00962312 0.0168308 0.0102036 0.0241612 0.0143705 0.0180582 0.0167173 0.0184396 0.0105582 0.00998085 0.143043 0.0119135 0.0106437 0.0111095 0.0132661 0.00898781 0.00562879 0.0106658 0.00359512 0.00399859 0.00355789 0.00353609 0 0.00355199 
0.00830582 0.00870725 0.00821257 0.00848205 0.00828216 0.00826578 0.00927393 0.0085057 0.0083917 0.00877779 0.00870318 0.00863576 0.00868932 0.0146967 0.00826722 0.0088173 0.00877582 0.00959702 0.00867244 0.010834 0.00839752 0.00886154 0.00812799 0.00854218 0.0106575 0.00950913 0.0115403 0.00879527 0.00946876 0.00957123 0.00980818 0.00966231 0.00962661 0.0714801 0.00910439 0.0100423 0.0095865 0.0102502 0.00939725 0.023693 0.00684519 0.00808655 0.0084003 0.00365195 0.00371934 0.00358095 0.00355199 0 
