2A2UA
EEASSTRGNLDVAKLNGDWFSIVVASNKREKIEENGSMRVFMQHIDVLENSLGFKFRIKENGECRELYLVAYKTPEDGEYFVEYDGGNTFTILKTDYDRYVMFHLINFKNGETFQLMVLYGRTKDLSSDIKEKFAKLCEAHGITRDNIIDLTKTDRCL
CCECCCCCCCCHHHHCEECEEEEEECCCHHHCCCCCCCCCEEEEEEEECCEEEEEEEEECCCCEEEEEEEEEECCCCCCEEEECCCEEEEEEEEECCCCEEEEEEEEEECCEEEEEEEEEECCCCCCHHHHHHHHHHHHCCCCCHHHEEEHHHCCCCC
0 0 0 0 0 0 0 0 0 0 0 0 0 0 0 0 0 0 0 0 0 0 0 0 0 0 0 0 0 0 0 0 0 0 0 0 0 0 0 0 0 0 0 0 0 0 0 0 0 0 0 0 0 0 0 0 0 0 0 0 0 0 0 0 0 0 0 0 0 0 0 0 0 0 0 0 0 0 0 0 0 0 0 0 0 0 0 0 0 0 0 0 0 0 0 0 0 0 0 0 0 0 0 0 0 0 0 0 0 0 0 0 0 0 0 0 0 0 0 0 0 0 0 0 0 0 0 0 0 0 0 0 0 0 0 0 0 0 0 0 0 0 0 0 0 0 0 0 0 0 0 0 0 0 0 0 0 0 
0 0 0 0 0 0 0 0 0 0 0 0 0 0 0 0 0 0 0 0 0 0 0 0 0 0 0 0 0 0 0 0 0 0 0 0 0 0 0 0 0 0 0 0 0 0 0 0 0 0 0 0 0 0 0 0 0 0 0 0 0 0 0 0 0 0 0 0 0 0 0 0 0 0 0 0 0 0 0 0 0 0 0 0 0 0 0 0 0 0 0 0 0 0 0 0 0 0 0 0 0 0 0 0 0 0 0 0 0 0 0 0 0 0 0 0 0 0 0 0 0 0 0 0 0 0 0 0 0 0 0 0 0 0 0 0 0 0 0 0 0 0 0 0 0 0 0 0 0 0 0 0 0 0 0 0 0 0 
0 0.0210673 0.0120966 0.0120678 0.00909424 0.0127676 0.0152626 0.0144041 0.028148 0.0161865 0.0102612 0.00927675 0.00902802 0.00909395 0.00929848 0.010342 0.0161573 0.0134098 0.0103983 0.00936525 0.0091433 0.00926557 0.00984684 0.00903503 0.0106782 0.0119511 0.011621 0.00853023 0.00842783 0.00874249 0.00882022 0.00858016 0.00857739 0.00888018 0.00907382 0.0115386 0.0122332 0.00868432 0.00876498 0.0108165 0.0106299 0.00842525 0.00823308 0.00847861 0.00870717 0.00851456 0.00845273 0.00880022 0.0105712 0.0106941 0.00843747 0.00827198 0.00831943 0.00835017 0.00832537 0.00817234 0.0081724 0.00844286 0.00910563 0.00925578 0.00821035 0.00824816 0.00807208 0.00811912 0.00815236 0.00822889 0.0081708 0.00861544 0.010042 0.00919763 0.00809423 0.00865386 
0.0210673 0 0.0122479 0.00355407 0.00483634 0.00483288 0.0038843 0.00421227 0.0104444 0.0109133 0.0112299 0.00872448 0.00834714 0.0103077 0.00848397 0.00995731 0.020255 0.00868032 0.0113349 0.00849082 0.0108035 0.00847034 0.0118674 0.00833652 0.01236 0.0104991 0.00923156 0.00856282 0.00859475 0.00894334 0.00858103 0.00883627 0.00834587 0.00927035 0.00858419 0.0129382 0.0091301 0.00869884 0.00933518 0.00918667 0.0083631 0.00839515 0.00822553 0.00881608 0.00840035 0.00886991 0.00848092 0.00873996 0.0108535 0.00851183 0.00857489 0.0083639 0.00885147 0.00835188 0.00870273 0.00823574 0.00824975 0.00861926 0.00847571 0.00804602 0.00792729 0.00853676 0.00807866 0.00844152 0.00837758 0.00851841 0.00841411 0.00847615 0.00963733 0.00841308 0.00881528 0.00844475 
0.0120966 0.0122479 0 0.00584126 0.00363241 0.00359029 0.00367675 0.00419977 0.00409461 0.0104422 0.0093153 0.00915122 0.00982196 0.00836644 0.0105655 0.00935885 0.00871616 0.0118671 0.00853363 0.00988917 0.00855377 0.0101548 0.00845712 0.0101369 0.00867025 0.00986897 0.00895983 0.0084556 0.00856972 0.00873211 0.00879428 0.00843692 0.00857528 0.00837294 0.00971547 0.00844801 0.00952327 0.00873608 0.00829314 0.00962029 0.0088243 0.00821913 0.00842689 0.00845937 0.00926904 0.00851031 0.00867595 0.00878416 0.0085899 0.00867012 0.00829203 0.00885523 0.00843574 0.00860179 0.00816288 0.0081772 0.00824262 0.00813009 0.00830224 0.00810543 0.00809407 0.00801181 0.00831236 0.00814094 0.00819922 0.00837632 0.00817073 0.00839111 0.00824565 0.00832473 0.00809781 0.00831632 
0.0120678 0.00355407 0.00584126 0 0.00356079 0.00353245 0.00358256 0.00361673 0.00402805 0.014241 0.00979504 0.0133416 0.010223 0.0154388 0.0209944 0.0104577 0.0118112 0.0105822 0.00939615 0.0104508 0.0102619 0.00998328 0.00966241 0.0109244 0.0090744 0.0118669 0.00881956 0.00880572 0.00951453 0.00977557 0.00989946 0.00962297 0.00965542 0.00915823 0.0101507 0.0107074 0.00931039 0.00894602 0.00903232 0.0118005 0.00868383 0.00859261 0.00928418 0.0100622 0.0106459 0.0109331 0.00998065 0.00921293 0.0114548 0.00906222 0.00898002 0.0107452 0.0103122 0.00947432 0.00930296 0.00899561 0.00889629 0.00827582 0.00879586 0.00816037 0.00815502 0.00833718 0.00879036 0.00895326 0.00957799 0.00974045 0.0101506 0.00869718 0.00958524 0.00837465 0.00840893 0.00901222 
0.00909424 0.00483634 0.00363241 0.00356079 0 0.00355037 0.00354742 0.00374135 0.00358261 0.0177029 0.028633 0.0167959 0.0318861 0.0142973 0.0205679 0.0135966 0.00948501 0.0110562 0.0155942 0.0170676 0.0136392 0.0176497 0.013085 0.0125982 0.0114775 0.00905925 0.00875812 0.0100677 0.0113476 0.0123508 0.0147615 0.0120146 0.0116595 0.0103471 0.0113573 0.00940978 0.0100458 0.0128125 0.010546 0.00894653 0.0089123 0.0104136 0.0115912 0.0130543 0.0238774 0.0162813 0.0157811 0.012482 0.00900231 0.00918366 0.0140085 0.0159945 0.0146646 0.0129188 0.0110546 0.0105867 0.00903967 0.00885811 0.00825991 0.00810976 0.00836665 0.00898704 0.00954431 0.0106019 0.0121119 0.0141896 0.0111754 0.00963813 0.0088655 0.00878004 0.00881234 0.00861061 
0.0127676 0.00483288 0.00359029 0.00353245 0.00355037 0 0.00356299 0.00358069 0.0035778 0.0205459 0.0260948 0.0593645 0.0267613 0.0526943 0.0196037 0.0161503 0.0101345 0.0103083 0.0193824 0.0186431 0.0431399 0.0166933 0.0327053 0.0121014 0.0134327 0.00888191 0.00957892 0.00995506 0.0179014 0.0230537 0.0174794 0.0231828 0.0143635 0.0215119 0.0104569 0.0095546 0.01239 0.0140299 0.0141598 0.00908826 0.00912035 0.0118272 0.0149614 0.0358081 0.0274742 0.0488189 0.0324523 0.0124588 0.00963114 0.0095677 0.0171762 0.0341463 0.0370886 0.0198636 0.0236955 0.0163926 0.0121165 0.00879186 0.00831255 0.00827084 0.0084983 0.0107886 0.0118971 0.0195737 0.0204781 0.0234721 0.0248326 0.00966737 0.00883346 0.00881637 0.00912973 0.0086563 
0.0152626 0.0038843 0.00367675 0.00358256 0.00354742 0.00356299 0 0.00356704 0.00357915 0.0286108 0.0544096 0.0629693 0.0577353 0.0459601 0.0685801 0.0169806 0.0108826 0.0113322 0.0168532 0.0510294 0.0318781 0.0389214 0.0216136 0.0287011 0.010353 0.00955271 0.00914831 0.0127409 0.022466 0.0237917 0.0305106 0.0240857 0.0331687 0.0184754 0.0158492 0.0105742 0.0132754 0.0255392 0.0141156 0.0104163 0.00967291 0.0134456 0.0308523 0.0318201 0.0685362 0.0531735 0.0549818 0.0210972 0.0107508 0.00984579 0.0230778 0.0662814 0.0494785 0.038161 0.0248587 0.0275722 0.0159321 0.00937445 0.0086172 0.00837309 0.00902798 0.0110725 0.0178411 0.0228771 0.0270504 0.0371369 0.0315573 0.0117998 0.00900664 0.00919541 0.00957256 0.00942503 
0.0144041 0.00421227 0.00419977 0.00361673 0.00374135 0.00358069 0.00356704 0 0.00372771 0.0346344 0.0603457 0.0508818 0.0338137 0.0273826 0.0291082 0.0762715 0.017096 0.0127546 0.0221264 0.0242436 0.0271805 0.0182405 0.0175008 0.0133567 0.0179301 0.00985622 0.0104484 0.0116206 0.0127976 0.0139004 0.014665 0.017918 0.0123956 0.0135024 0.0233265 0.0139972 0.0130197 0.0223758 0.023025 0.0112266 0.0104072 0.0158664 0.0136942 0.0190625 0.0305208 0.0254905 0.0241884 0.0452011 0.0127101 0.0103142 0.0196691 0.0265966 0.0285654 0.0169299 0.0148856 0.0131028 0.0107528 0.0104568 0.00857893 0.00867898 0.00880771 0.0092036 0.0110956 0.0133919 0.0157135 0.0202863 0.0167659 0.0158295 0.00956112 0.00975151 0.00940487 0.00937405 
0.028148 0.0104444 0.00409461 0.00402805 0.00358261 0.0035778 0.00357915 0.00372771 0 0.0329264 0.0297389 0.0241051 0.0164613 0.0194419 0.0152442 0.0280372 0.0916731 0.0190239 0.0158506 0.0134755 0.0140619 0.0125425 0.0115145 0.0100084 0.0122571 0.0225758 0.0222076 0.00949174 0.00963739 0.0109512 0.010794 0.00959895 0.00966174 0.00999834 0.0108949 0.0170614 0.0259235 0.0111439 0.0106081 0.0139286 0.0181746 0.010997 0.00970084 0.011128 0.0115092 0.0114432 0.0108445 0.0118799 0.0213964 0.0167667 0.0108627 0.0109032 0.0114434 0.010175 0.00968126 0.00911134 0.00892666 0.0089667 0.00886982 0.011117 0.00863121 0.00887101 0.00866951 0.00961249 0.0108617 0.00968678 0.00959562 0.00979681 0.0107605 0.011959 0.00884992 0.0092673 
0.0161865 0.0109133 0.0104422 0.014241 0.0177029 0.0205459 0.0286108 0.0346344 0.0329264 0 0.00365729 0.00359306 0.00358866 0.00358153 0.00364244 0.00382259 0.00645185 0.00630819 0.0062664 0.00832295 0.00724511 0.00828509 0.00819351 0.241188 0.252535 0.099031 0.0091387 0.00976685 0.00996308 0.00993671 0.0107865 0.00951437 0.0106199 0.00940602 0.0127687 0.018957 0.0167019 0.0135037 0.0101144 0.0230176 0.0125013 0.0101524 0.0113319 0.0107173 0.0187997 0.0119772 0.0129422 0.0137662 0.0207488 0.0131772 0.0130688 0.013516 0.0114087 0.0126452 0.00959281 0.0102189 0.00996964 0.00899075 0.0128399 0.008602 0.00863377 0.00868756 0.00978291 0.0095942 0.0103276 0.0130689 0.0100654 0.0106557 0.013557 0.00929693 0.00942052 0.0127598 
0.0102612 0.0112299 0.0093153 0.00979504 0.028633 0.0260948 0.0544096 0.0603457 0.0297389 0.00365729 0 0.00354527 0.00356667 0.00357676 0.00353605 0.0039922 0.00371313 0.00536066 0.00804396 0.00667207 0.00950095 0.00714094 0.317582 0.204328 0.0864671 0.00786321 0.00837823 0.0096203 0.0110748 0.0112589 0.0113476 0.0113674 0.0160927 0.0146027 0.0114564 0.0114275 0.0131432 0.0157086 0.0226474 0.00943856 0.00952332 0.0139094 0.0132378 0.0241853 0.0198135 0.0304944 0.0242318 0.0186036 0.0117183 0.0105452 0.0243717 0.0197429 0.0257572 0.0143151 0.0169038 0.0134523 0.010212 0.0128068 0.00862238 0.00831549 0.00851247 0.0101771 0.00972585 0.0153202 0.0156062 0.0183943 0.0183418 0.0131727 0.00991261 0.00946604 0.00992386 0.00941873 
0.00927675 0.00872448 0.00915122 0.0133416 0.0167959 0.0593645 0.0629693 0.0508818 0.0241051 0.00359306 0.00354527 0 0.00352979 0.00355041 0.00356094 0.00356333 0.00361921 0.00503356 0.00613891 0.0101629 0.0085061 0.112503 0.368197 0.0213037 0.00735887 0.00726664 0.00823562 0.0113727 0.0103577 0.0148634 0.0131408 0.0248242 0.0135047 0.0123389 0.0111978 0.0124061 0.0126473 0.01733 0.0124476 0.00954885 0.00965868 0.0133279 0.0207523 0.028087 0.0325187 0.0479103 0.0403849 0.0180412 0.0125067 0.0100073 0.0191899 0.0427997 0.0347524 0.0273933 0.0245501 0.0195397 0.0159685 0.009551 0.00857634 0.00844099 0.00889616 0.0102825 0.0141558 0.0214591 0.0260212 0.0329101 0.0312412 0.0129752 0.00912885 0.00966317 0.00986795 0.00898104 
0.00902802 0.00834714 0.00982196 0.010223 0.0318861 0.0267613 0.0577353 0.0338137 0.0164613 0.00358866 0.00356667 0.00352979 0 0.00355263 0.0035511 0.00355639 0.00356879 0.00432851 0.0048793 0.00951593 0.0418571 0.829475 0.0123602 0.0105691 0.00758591 0.0128014 0.00798591 0.0091457 0.0129837 0.0105928 0.0325708 0.012552 0.0162999 0.0105686 0.0139378 0.00982577 0.0123496 0.0232234 0.0108252 0.0108682 0.00984263 0.0129509 0.0254408 0.0226672 0.0758881 0.0414939 0.0365233 0.0197928 0.0107786 0.0106778 0.0188888 0.0546479 0.0333934 0.0459898 0.0252746 0.0275299 0.0160956 0.00977348 0.00881514 0.00853379 0.00899286 0.010187 0.0201432 0.0178356 0.0274722 0.0522103 0.0276196 0.0142203 0.00965202 0.00993011 0.00967452 0.00977116 
0.00909395 0.0103077 0.00836644 0.0154388 0.0142973 0.0526943 0.0459601 0.0273826 0.0194419 0.00358153 0.00357676 0.00355041 0.00355263 0 0.00354853 0.00357386 0.0035414 0.00396094 0.00821802 0.00946622 0.87354 0.0077059 0.0146654 0.00632124 0.0093804 0.0065923 0.0080214 0.00841733 0.00968246 0.0191739 0.0116827 0.0203483 0.00972408 0.0213792 0.00912443 0.0103173 0.0158057 0.0108746 0.0265066 0.00897989 0.00978798 0.0148669 0.0151257 0.0734588 0.0233878 0.0708242 0.0372984 0.0147823 0.0116022 0.0104683 0.0257384 0.0333281 0.089235 0.0185093 0.0453972 0.0197889 0.0130327 0.0106595 0.00844853 0.00864973 0.00860522 0.0172174 0.0107395 0.0307504 0.0364182 0.03227 0.0434574 0.0106683 0.00933631 0.0100067 0.0101258 0.00891723 
0.00929848 0.00848397 0.0105655 0.0209944 0.0205679 0.0196037 0.0685801 0.0291082 0.0152442 0.00364244 0.00353605 0.00356094 0.0035511 0.00354853 0 0.00352803 0.00353464 0.00387429 0.00610169 0.901523 0.0116928 0.014507 0.00579542 0.0111334 0.00635497 0.00723198 0.00732104 0.00973662 0.0126611 0.0103549 0.0169488 0.0101557 0.0196391 0.0100134 0.0145492 0.00965366 0.0108656 0.0319251 0.0103626 0.0109851 0.0101196 0.0113231 0.0404421 0.0199443 0.106324 0.0277793 0.0488183 0.0188226 0.0103817 0.0110186 0.0157776 0.0963788 0.0302121 0.0571353 0.0155122 0.0279668 0.0191897 0.00918631 0.00867796 0.00837057 0.0107709 0.00963879 0.0262737 0.0214314 0.0267873 0.048106 0.0239457 0.0137082 0.00935428 0.0098179 0.00936908 0.00969544 
0.010342 0.00995731 0.00935885 0.0104577 0.0135966 0.0161503 0.0169806 0.0762715 0.0280372 0.00382259 0.0039922 0.00356333 0.00355639 0.00357386 0.00352803 0 0.0035608 0.00452295 0.900813 0.0053652 0.00724073 0.0059349 0.00807173 0.00641028 0.00733823 0.00678658 0.00957753 0.00899544 0.00995759 0.0124355 0.0105598 0.0115492 0.00957676 0.0112773 0.0120396 0.0109504 0.0140939 0.0144787 0.0191219 0.00980968 0.0103177 0.0145589 0.0146683 0.0190709 0.0151592 0.0209444 0.0175975 0.0312558 0.0114079 0.0105135 0.0281177 0.016912 0.0317381 0.01265 0.0140753 0.0113628 0.00962481 0.0111218 0.00856757 0.00900599 0.00877894 0.00934673 0.0113443 0.012139 0.0144696 0.0142411 0.0157058 0.0137068 0.00914491 0.00949612 0.0112882 0.00886718 
0.0161573 0.020255 0.00871616 0.0118112 0.00948501 0.0101345 0.0108826 0.017096 0.0916731 0.00645185 0.00371313 0.00361921 0.00356879 0.0035414 0.00353464 0.0035608 0 0.905066 0.00657848 0.005003 0.00418889 0.00451846 0.00584417 0.00497079 0.00680027 0.00631536 0.0129834 0.00792115 0.00783351 0.00865777 0.00901434 0.00863615 0.00862876 0.0104164 0.0100369 0.0459413 0.0223306 0.00947964 0.0104101 0.0111077 0.0156616 0.00970294 0.00940826 0.0103003 0.00979864 0.0106577 0.0101107 0.0107537 0.0169973 0.0199461 0.0102327 0.0113682 0.0105171 0.00960455 0.00967835 0.00869255 0.00887889 0.00875616 0.00900389 0.0101572 0.00845353 0.00916835 0.00853553 0.00957836 0.0092334 0.0093828 0.00958902 0.0100107 0.0102524 0.0121888 0.00892943 0.00902604 
0.0134098 0.00868032 0.0118671 0.0105822 0.0110562 0.0103083 0.0113322 0.0127546 0.0190239 0.00630819 0.00536066 0.00503356 0.00432851 0.00396094 0.00387429 0.00452295 0.905066 0 0.00359905 0.00355753 0.00359144 0.00375202 0.00360995 0.00394502 0.00400161 0.00677051 0.00714905 0.00694362 0.00688644 0.00747156 0.00885797 0.00823801 0.0101335 0.00930841 0.810568 0.0357301 0.0126602 0.0110237 0.00899241 0.024483 0.0118941 0.00932058 0.00982913 0.0094844 0.0144958 0.00985773 0.0102998 0.0122062 0.0277089 0.0130631 0.0105744 0.010842 0.0100088 0.0116998 0.00881436 0.00980326 0.0104584 0.0122294 0.0134471 0.00865132 0.00864471 0.00832381 0.00962352 0.00869666 0.0101509 0.00997669 0.00948104 0.0105562 0.0273131 0.0089345 0.00858364 0.0117094 
0.0103983 0.0113349 0.00853363 0.00939615 0.0155942 0.0193824 0.0168532 0.0221264 0.0158506 0.0062664 0.00804396 0.00613891 0.0048793 0.00821802 0.00610169 0.900813 0.00657848 0.00359905 0 0.00354203 0.00354268 0.00357174 0.00380004 0.00364234 0.00497254 0.00400611 0.00595539 0.00666742 0.00672619 0.00880023 0.00799111 0.00932809 0.00882898 0.923653 0.0149234 0.0110422 0.010981 0.0101713 0.0256698 0.00892182 0.00954778 0.0124931 0.0101901 0.0243294 0.0119448 0.0256269 0.0149403 0.0266865 0.0111795 0.0101675 0.0253256 0.0150717 0.0318081 0.0104889 0.0238214 0.0104464 0.0222405 0.0136412 0.00851803 0.00845762 0.00846323 0.0118721 0.00900419 0.0182134 0.0127987 0.0196592 0.0212218 0.0275469 0.0102058 0.00918023 0.0105791 0.00887673 
0.00936525 0.00849082 0.00988917 0.0104508 0.0170676 0.0186431 0.0510294 0.0242436 0.0134755 0.00832295 0.00667207 0.0101629 0.00951593 0.00946622 0.901523 0.0053652 0.005003 0.00355753 0.00354203 0 0.003526 0.00357533 0.00354284 0.003803 0.0035602 0.00381882 0.00596303 0.006831 0.00821297 0.00768304 0.0112198 0.0110448 0.959002 0.0105836 0.0146865 0.0101726 0.0108514 0.0255993 0.00914343 0.0128204 0.00946685 0.0106871 0.0253475 0.0125343 0.0657968 0.0173275 0.0655721 0.0164956 0.011009 0.010086 0.014356 0.0748397 0.0176755 0.0651977 0.0133997 0.066901 0.0198719 0.00935748 0.00927633 0.00854477 0.0100262 0.00914462 0.0367074 0.013742 0.0396195 0.0416893 0.0364376 0.0146574 0.00951887 0.00947755 0.00951933 0.0102625 
0.0091433 0.0108035 0.00855377 0.0102619 0.0136392 0.0431399 0.0318781 0.0271805 0.0140619 0.00724511 0.00950095 0.0085061 0.0418571 0.87354 0.0116928 0.00724073 0.00418889 0.00359144 0.00354268 0.003526 0 0.00352405 0.00356241 0.00353596 0.0035968 0.00410107 0.0065291 0.00791405 0.00715 0.013276 0.0126502 0.954041 0.0114709 0.0150365 0.0086335 0.0145052 0.0137197 0.0103356 0.0218308 0.00882709 0.00946679 0.0151849 0.0112792 0.0491726 0.0138602 0.117344 0.0230583 0.0181731 0.0119279 0.0105397 0.0333626 0.0236805 0.0895457 0.0140685 0.0913904 0.0172796 0.013526 0.0119401 0.00858699 0.00877398 0.00864713 0.0213184 0.0103171 0.0535747 0.0295438 0.0444905 0.0462955 0.0129054 0.0107837 0.0107409 0.00987514 0.00929531 
0.00926557 0.00847034 0.0101548 0.00998328 0.0176497 0.0166933 0.0389214 0.0182405 0.0125425 0.00828509 0.00714094 0.112503 0.829475 0.0077059 0.014507 0.0059349 0.00451846 0.00375202 0.00357174 0.00357533 0.00352405 0 0.00352886 0.00362103 0.003547 0.00367613 0.00575647 0.00651818 0.00809198 0.0115874 0.98701 0.0143085 0.011144 0.00797354 0.0190228 0.00969364 0.0100091 0.0198669 0.00874383 0.0130088 0.00959941 0.00971361 0.0238021 0.0100819 0.119304 0.0139285 0.034266 0.0149493 0.0101117 0.0104208 0.0118031 0.0707663 0.0148551 0.0862974 0.0143117 0.0293665 0.0166208 0.00907996 0.0092883 0.00848469 0.0103595 0.00880848 0.0334209 0.0121406 0.0331354 0.0350944 0.0200344 0.0148432 0.00882675 0.00920525 0.00899986 0.00961691 
0.00984684 0.0118674 0.00845712 0.00966241 0.013085 0.0327053 0.0216136 0.0175008 0.0115145 0.00819351 0.317582 0.368197 0.0123602 0.0146654 0.00579542 0.00807173 0.00584417 0.00360995 0.00380004 0.00354284 0.00356241 0.00352886 0 0.00353188 0.00357246 0.00356486 0.00542699 0.00566555 0.00976317 0.979309 0.00937747 0.0101622 0.00733788 0.0170865 0.00800025 0.00979773 0.012809 0.00914045 0.022427 0.00854745 0.00930269 0.0128829 0.00966706 0.0773993 0.0109708 0.045377 0.0156565 0.0130867 0.0114659 0.0107148 0.025651 0.0177847 0.0733294 0.0115417 0.0438656 0.011557 0.0136213 0.0118704 0.00851239 0.00930912 0.00857003 0.0247258 0.00971419 0.0393432 0.0204577 0.0259679 0.0373483 0.010241 0.0107797 0.0105014 0.00965195 0.00892362 
0.00903503 0.00833652 0.0101369 0.0109244 0.0125982 0.0121014 0.0287011 0.0133567 0.0100084 0.241188 0.204328 0.0213037 0.0105691 0.00632124 0.0111334 0.00641028 0.00497079 0.00394502 0.00364234 0.003803 0.00353596 0.00362103 0.00353188 0 0.00352105 0.00370918 0.00451298 0.0107025 0.973447 0.00959219 0.00993189 0.00664539 0.0124384 0.00699694 0.0129939 0.00730419 0.00948234 0.0162846 0.00850063 0.0117258 0.00971582 0.00895875 0.036948 0.00921738 0.043283 0.0111363 0.0207437 0.0120634 0.00926081 0.0107256 0.0115156 0.0552131 0.0113233 0.0331625 0.00957627 0.021914 0.0130263 0.00872064 0.00884743 0.00858487 0.0107675 0.00877506 0.0325346 0.0105504 0.0181757 0.0262867 0.0131271 0.0119819 0.00857002 0.00911565 0.0087802 0.00943335 
0.0106782 0.01236 0.00867025 0.0090744 0.0114775 0.0134327 0.010353 0.0179301 0.0122571 0.252535 0.0864671 0.00735887 0.00758591 0.0093804 0.00635497 0.00733823 0.00680027 0.00400161 0.00497254 0.0035602 0.0035968 0.003547 0.00357246 0.00352105 0 0.00365354 0.0238963 0.943678 0.00933088 0.00756559 0.00682373 0.00804957 0.00615007 0.011661 0.00691603 0.00801344 0.0127164 0.01011 0.0161928 0.00826192 0.0099438 0.0346652 0.00877877 0.0170779 0.00922004 0.0158202 0.0102817 0.0125439 0.00953925 0.0110409 0.0298309 0.0103311 0.0172442 0.00906121 0.0179432 0.0088888 0.00937541 0.0106637 0.00831431 0.00945567 0.00896795 0.0138131 0.00864256 0.0124713 0.0107714 0.00980729 0.0126792 0.00923639 0.0101963 0.00937422 0.0100446 0.00839729 
0.0119511 0.0104991 0.00986897 0.0118669 0.00905925 0.00888191 0.00955271 0.00985622 0.0225758 0.099031 0.00786321 0.00726664 0.0128014 0.0065923 0.00723198 0.00678658 0.00631536 0.00677051 0.00400611 0.00381882 0.00410107 0.00367613 0.00356486 0.00370918 0.00365354 0 0.979841 0.00640548 0.0044719 0.00447806 0.0073078 0.00565533 0.00638824 0.00608843 0.00718955 0.00654461 0.0160399 0.0103896 0.00789392 0.0097999 0.0295689 0.0091144 0.00921553 0.00881888 0.00993893 0.00896278 0.00904531 0.00916399 0.0106206 0.0266672 0.00966427 0.00952152 0.00896573 0.0095622 0.008666 0.00867093 0.00869768 0.00841906 0.00896469 0.0117035 0.0099583 0.00862032 0.00931616 0.00853822 0.00887444 0.00900525 0.00868374 0.00909367 0.0088008 0.0106298 0.00831217 0.00856798 
0.011621 0.00923156 0.00895983 0.00881956 0.00875812 0.00957892 0.00914831 0.0104484 0.0222076 0.0091387 0.00837823 0.00823562 0.00798591 0.0080214 0.00732104 0.00957753 0.0129834 0.00714905 0.00595539 0.00596303 0.0065291 0.00575647 0.00542699 0.00451298 0.0238963 0.979841 0 0.00360088 0.00353337 0.00367519 0.00366113 0.00372745 0.00371449 0.00440907 0.00507295 0.0117441 0.00793751 0.00753499 0.00966578 0.0149608 0.00847331 0.00829791 0.00857701 0.00910961 0.0110276 0.0101597 0.00893902 0.0091966 0.0184558 0.0105262 0.00960039 0.00875965 0.00920093 0.00904603 0.00915167 0.00862942 0.008679 0.010585 0.0117154 0.00893107 0.00850869 0.00916971 0.00836116 0.00883236 0.00872248 0.00893865 0.00890618 0.00901578 0.0371966 0.00860651 0.0084457 0.0095644 
0.00853023 0.00856282 0.0084556 0.00880572 0.0100677 0.00995506 0.0127409 0.0116206 0.00949174 0.00976685 0.0096203 0.0113727 0.0091457 0.00841733 0.00973662 0.00899544 0.00792115 0.00694362 0.00666742 0.006831 0.00791405 0.00651818 0.00566555 0.0107025 0.943678 0.00640548 0.00360088 0 0.00352712 0.0035462 0.00354869 0.00353983 0.00362674 0.00371845 0.00534669 0.00391555 0.00708851 0.00828964 0.00823769 0.00827541 0.00826733 0.00882449 0.00897294 0.0104418 0.0122439 0.00933898 0.00967246 0.0116393 0.00921049 0.00955017 0.0112603 0.0113223 0.0103922 0.0106515 0.00947122 0.00974601 0.00943883 0.00996551 0.0088991 0.00856316 0.00885679 0.00859592 0.00952444 0.00895215 0.0101308 0.0104837 0.00951925 0.0323062 0.00850208 0.00854873 0.0089188 0.00852721 
0.00842783 0.00859475 0.00856972 0.00951453 0.0113476 0.0179014 0.022466 0.0127976 0.00963739 0.00996308 0.0110748 0.0103577 0.0129837 0.00968246 0.0126611 0.00995759 0.00783351 0.00688644 0.00672619 0.00821297 0.00715 0.00809198 0.00976317 0.973447 0.00933088 0.0044719 0.00353337 0.00352712 0 0.00353255 0.00352905 0.00356017 0.0035554 0.00580552 0.00371307 0.00384295 0.00756014 0.007521 0.00778048 0.00777914 0.00824141 0.00929212 0.014436 0.0126284 0.014189 0.012411 0.0148672 0.0112382 0.00915537 0.0100053 0.0116513 0.0220896 0.0157823 0.0142574 0.0120807 0.0123264 0.0133494 0.00944003 0.00850492 0.0085996 0.00867257 0.00980551 0.0107202 0.0131658 0.0144098 0.0162749 0.031175 0.00972054 0.00892434 0.00913234 0.0088192 0.00895876 
0.00874249 0.00894334 0.00873211 0.00977557 0.0123508 0.0230537 0.0237917 0.0139004 0.0109512 0.00993671 0.0112589 0.0148634 0.0105928 0.0191739 0.0103549 0.0124355 0.00865777 0.00747156 0.00880023 0.00768304 0.013276 0.0115874 0.979309 0.00959219 0.00756559 0.00447806 0.00367519 0.0035462 0.00353255 0 0.00349752 0.00354981 0.00357187 0.00361998 0.00369038 0.00392668 0.00782848 0.00792035 0.00875969 0.00778687 0.00916231 0.0120518 0.0153592 0.0163381 0.0130238 0.0256966 0.0163952 0.0112676 0.0103886 0.0102788 0.0170541 0.0173196 0.027005 0.0122355 0.020035 0.0157193 0.0116804 0.00937061 0.00877584 0.00875912 0.00893291 0.0106926 0.0107255 0.018021 0.0177841 0.0395049 0.0231781 0.0105591 0.00961343 0.00954671 0.00924381 0.00882208 
0.00882022 0.00858103 0.00879428 0.00989946 0.0147615 0.0174794 0.0305106 0.014665 0.010794 0.0107865 0.0113476 0.0131408 0.0325708 0.0116827 0.0169488 0.0105598 0.00901434 0.00885797 0.00799111 0.0112198 0.0126502 0.98701 0.00937747 0.00993189 0.00682373 0.0073078 0.00366113 0.00354869 0.00352905 0.00349752 0 0.00355774 0.00354086 0.00361329 0.00363053 0.00379826 0.00754105 0.00912582 0.0080514 0.00953932 0.0109685 0.0113432 0.0197054 0.0110628 0.026913 0.0153793 0.0161546 0.0128246 0.0150189 0.0110957 0.0119211 0.033227 0.0155041 0.0267542 0.0175228 0.014507 0.0116617 0.00928534 0.00901092 0.00891307 0.0093202 0.0101613 0.0152108 0.0142341 0.0346366 0.0267966 0.0186088 0.0118934 0.00994392 0.00976359 0.00922892 0.00927963 
0.00858016 0.00883627 0.00843692 0.00962297 0.0120146 0.0231828 0.0240857 0.017918 0.00959895 0.00951437 0.0113674 0.0248242 0.012552 0.0203483 0.0101557 0.0115492 0.00863615 0.00823801 0.00932809 0.0110448 0.954041 0.0143085 0.0101622 0.00664539 0.00804957 0.00565533 0.00372745 0.00353983 0.00356017 0.00354981 0.00355774 0 0.00354385 0.00355954 0.00357138 0.0035605 0.00768577 0.00869311 0.00923475 0.0261873 0.0102534 0.0116742 0.00933058 0.0195362 0.0129294 0.0194276 0.0151122 0.0168303 0.0171787 0.00951553 0.0166285 0.0160529 0.0315954 0.0142179 0.0183041 0.0115991 0.0106414 0.00969606 0.00848353 0.00870536 0.00901271 0.0122957 0.0102889 0.0286731 0.0189952 0.0237521 0.0229581 0.0101084 0.00916298 0.00926707 0.00924942 0.00885133 
0.00857739 0.00834587 0.00857528 0.00965542 0.0116595 0.0143635 0.0331687 0.0123956 0.00966174 0.0106199 0.0160927 0.0135047 0.0162999 0.00972408 0.0196391 0.00957676 0.00862876 0.0101335 0.00882898 0.959002 0.0114709 0.011144 0.00733788 0.0124384 0.00615007 0.00638824 0.00371449 0.00362674 0.0035554 0.00357187 0.00354086 0.00354385 0 0.00357011 0.00354084 0.00354222 0.00745196 0.00759517 0.00917876 0.207825 0.00901097 0.00795665 0.0133949 0.00927125 0.022915 0.0109106 0.0165134 0.0334866 0.00947606 0.0100078 0.0105175 0.0266495 0.0130002 0.0195735 0.00947688 0.0145683 0.0108747 0.00873844 0.00890918 0.00862272 0.00977636 0.00901888 0.0280685 0.011325 0.0195547 0.0230668 0.0144598 0.0113787 0.00876027 0.00890148 0.00874916 0.00891012 
0.00888018 0.00927035 0.00837294 0.00915823 0.0103471 0.0215119 0.0184754 0.0135024 0.00999834 0.00940602 0.0146027 0.0123389 0.0105686 0.0213792 0.0100134 0.0112773 0.0104164 0.00930841 0.923653 0.0105836 0.0150365 0.00797354 0.0170865 0.00699694 0.011661 0.00608843 0.00440907 0.00371845 0.00580552 0.00361998 0.00361329 0.00355954 0.00357011 0 0.00357462 0.00357895 0.00724628 0.00965876 0.390372 0.00922167 0.00736164 0.00994005 0.00887719 0.0160159 0.00937328 0.0256473 0.0421568 0.0132066 0.0101861 0.00964479 0.0152209 0.0154366 0.0222801 0.0100134 0.020839 0.00943641 0.009874 0.0108156 0.008478 0.00878801 0.00853181 0.0245158 0.00923447 0.0221347 0.013017 0.0163702 0.0213092 0.00959298 0.00977649 0.00943372 0.00938067 0.00868476 
0.00907382 0.00858419 0.00971547 0.0101507 0.0113573 0.0104569 0.0158492 0.0233265 0.0108949 0.0127687 0.0114564 0.0111978 0.0139378 0.00912443 0.0145492 0.0120396 0.0100369 0.810568 0.0149234 0.0146865 0.0086335 0.0190228 0.00800025 0.0129939 0.00691603 0.00718955 0.00507295 0.00534669 0.00371307 0.00369038 0.00363053 0.00357138 0.00354084 0.00357462 0 0.0035881 0.0153975 0.723116 0.00918677 0.00813905 0.00929428 0.00981544 0.011614 0.00861482 0.0230762 0.0259109 0.0143658 0.0169487 0.0103375 0.0120087 0.0153813 0.0161398 0.0104879 0.0162691 0.00901614 0.0119497 0.00949712 0.00940291 0.0093516 0.00903641 0.0162292 0.00872246 0.0170707 0.00950837 0.0121538 0.0140542 0.0109783 0.0189471 0.00896787 0.00989724 0.0116495 0.00988472 
0.0115386 0.0129382 0.00844801 0.0107074 0.00940978 0.0095546 0.0105742 0.0139972 0.0170614 0.018957 0.0114275 0.0124061 0.00982577 0.0103173 0.00965366 0.0109504 0.0459413 0.0357301 0.0110422 0.0101726 0.0145052 0.00969364 0.00979773 0.00730419 0.00801344 0.00654461 0.0117441 0.00391555 0.00384295 0.00392668 0.00379826 0.0035605 0.00354222 0.00357895 0.0035881 0 0.785977 0.0086138 0.0069504 0.00640057 0.0118362 0.00952991 0.00763631 0.0108775 0.0206157 0.0131956 0.00974776 0.0126716 0.0135721 0.0188881 0.0116116 0.0101931 0.01234 0.00936482 0.0103404 0.00872525 0.00901093 0.00933269 0.00908512 0.0178047 0.00858972 0.00958468 0.00876721 0.0100676 0.00983085 0.0100059 0.0101295 0.0107462 0.0113548 0.0155601 0.00972023 0.00982043 
0.0122332 0.0091301 0.00952327 0.00931039 0.0100458 0.01239 0.0132754 0.0130197 0.0259235 0.0167019 0.0131432 0.0126473 0.0123496 0.0158057 0.0108656 0.0140939 0.0223306 0.0126602 0.010981 0.0108514 0.0137197 0.0100091 0.012809 0.00948234 0.0127164 0.0160399 0.00793751 0.00708851 0.00756014 0.00782848 0.00754105 0.00768577 0.00745196 0.00724628 0.0153975 0.785977 0 0.00363642 0.00367366 0.0044147 0.00464172 0.00618649 0.00967567 0.827199 0.0202293 0.0101403 0.00827754 0.0100916 0.0320708 0.0123563 0.0119078 0.0114136 0.0130919 0.0104355 0.0103483 0.0107002 0.00937503 0.0117927 0.0167935 0.00995622 0.00930009 0.0103545 0.0100987 0.0120233 0.0123493 0.0141508 0.0113802 0.0110801 0.0262581 0.0115095 0.0103356 0.0158508 
0.00868432 0.00869884 0.00873608 0.00894602 0.0128125 0.0140299 0.0255392 0.0223758 0.0111439 0.0135037 0.0157086 0.01733 0.0232234 0.0108746 0.0319251 0.0144787 0.00947964 0.0110237 0.0101713 0.0255993 0.0103356 0.0198669 0.00914045 0.0162846 0.01011 0.0103896 0.00753499 0.00828964 0.007521 0.00792035 0.00912582 0.00869311 0.00759517 0.00965876 0.723116 0.0086138 0.00363642 0 0.00358363 0.00361762 0.00407146 0.0091459 0.931707 0.00916231 0.0205548 0.00733561 0.00890045 0.0172947 0.00878663 0.00957748 0.0165457 0.0196882 0.0118774 0.013954 0.00975286 0.0114769 0.011068 0.0116253 0.0098824 0.00880208 0.0108255 0.00897543 0.0149293 0.0104202 0.0175273 0.0194888 0.015721 0.023126 0.00941971 0.0110557 0.0125582 0.0109895 
0.00876498 0.00933518 0.00829314 0.00903232 0.010546 0.0141598 0.0141156 0.023025 0.0106081 0.0101144 0.0226474 0.0124476 0.0108252 0.0265066 0.0103626 0.0191219 0.0104101 0.00899241 0.0256698 0.00914343 0.0218308 0.00874383 0.022427 0.00850063 0.0161928 0.00789392 0.00966578 0.00823769 0.00778048 0.00875969 0.0080514 0.00923475 0.00917876 0.390372 0.00918677 0.0069504 0.00367366 0.00358363 0 0.00361744 0.00511287 0.965085 0.00553005 0.0139052 0.00586483 0.0126659 0.0114214 0.0102241 0.0079497 0.0102823 0.016851 0.0108332 0.0177273 0.00924501 0.0136843 0.00943451 0.0104594 0.0114787 0.00837786 0.0098179 0.00877149 0.0155078 0.00887392 0.0159357 0.0113464 0.0133993 0.0243818 0.0107953 0.0111154 0.0107 0.0151176 0.00952028 
0.0108165 0.00918667 0.00962029 0.0118005 0.00894653 0.00908826 0.0104163 0.0112266 0.0139286 0.0230176 0.00943856 0.00954885 0.0108682 0.00897989 0.0109851 0.00980968 0.0111077 0.024483 0.00892182 0.0128204 0.00882709 0.0130088 0.00854745 0.0117258 0.00826192 0.0097999 0.0149608 0.00827541 0.00777914 0.00778687 0.00953932 0.0261873 0.207825 0.00922167 0.00813905 0.00640057 0.0044147 0.00361762 0.00361744 0 0.935068 0.00665137 0.00441475 0.00398389 0.00681186 0.00588047 0.00656286 0.00770498 0.00815223 0.01344 0.00939008 0.00969299 0.00891396 0.0106536 0.00834204 0.0133445 0.00906492 0.00848224 0.0150624 0.0148529 0.0104264 0.00868921 0.0107525 0.00886901 0.0096461 0.0114779 0.00948855 0.0125468 0.0103328 0.0149724 0.00938546 0.0131763 
0.0106299 0.0083631 0.0088243 0.00868383 0.0089123 0.00912035 0.00967291 0.0104072 0.0181746 0.0125013 0.00952332 0.00965868 0.00984263 0.00978798 0.0101196 0.0103177 0.0156616 0.0118941 0.00954778 0.00946685 0.00946679 0.00959941 0.00930269 0.00971582 0.0099438 0.0295689 0.00847331 0.00826733 0.00824141 0.00916231 0.0109685 0.0102534 0.00901097 0.00736164 0.00929428 0.0118362 0.00464172 0.00407146 0.00511287 0.935068 0 0.00360034 0.0035847 0.0035558 0.0036448 0.00361419 0.00383959 0.00415906 0.00676549 0.00764138 0.00719139 0.0076287 0.00767499 0.0088046 0.00799263 0.00901415 0.00980377 0.478951 0.0780725 0.00878108 0.00840896 0.00870524 0.00921424 0.00880517 0.0105977 0.0101405 0.0095205 0.0105199 0.0196061 0.0101381 0.00948184 0.0168419 
0.00842525 0.00839515 0.00821913 0.00859261 0.0104136 0.0118272 0.0134456 0.0158664 0.010997 0.0101524 0.0139094 0.0133279 0.0129509 0.0148669 0.0113231 0.0145589 0.00970294 0.00932058 0.0124931 0.0106871 0.0151849 0.00971361 0.0128829 0.00895875 0.0346652 0.0091144 0.00829791 0.00882449 0.00929212 0.0120518 0.0113432 0.0116742 0.00795665 0.00994005 0.00981544 0.00952991 0.00618649 0.0091459 0.965085 0.00665137 0.00360034 0 0.0035705 0.00357799 0.00359151 0.00354603 0.00364466 0.00461417 0.00488279 0.00619323 0.00780391 0.00747949 0.0097008 0.00844486 0.00885295 0.0107108 0.570543 0.0760476 0.00950237 0.00804727 0.0085259 0.00897356 0.00879375 0.0122599 0.0114246 0.012951 0.0128261 0.0142366 0.00972733 0.0100196 0.0133479 0.00970307 
0.00823308 0.00822553 0.00842689 0.00928418 0.0115912 0.0149614 0.0308523 0.0136942 0.00970084 0.0113319 0.0132378 0.0207523 0.0254408 0.0151257 0.0404421 0.0146683 0.00940826 0.00982913 0.0101901 0.0253475 0.0112792 0.0238021 0.00966706 0.036948 0.00877877 0.00921553 0.00857701 0.00897294 0.014436 0.0153592 0.0197054 0.00933058 0.0133949 0.00887719 0.011614 0.00763631 0.00967567 0.931707 0.00553005 0.00441475 0.0035847 0.0035705 0 0.00353853 0.00357154 0.00355287 0.00359144 0.00384166 0.00362265 0.00642883 0.00677526 0.00987918 0.00894035 0.00984656 0.0104607 0.688762 0.0653674 0.0108179 0.00818422 0.00824422 0.00900016 0.00861731 0.0133738 0.0107495 0.0160028 0.0205122 0.0184766 0.0120446 0.00935199 0.0102601 0.00961761 0.0104811 
0.00847861 0.00881608 0.00845937 0.0100622 0.0130543 0.0358081 0.0318201 0.0190625 0.011128 0.0107173 0.0241853 0.028087 0.0226672 0.0734588 0.0199443 0.0190709 0.0103003 0.0094844 0.0243294 0.0125343 0.0491726 0.0100819 0.0773993 0.00921738 0.0170779 0.00881888 0.00910961 0.0104418 0.0126284 0.0163381 0.0110628 0.0195362 0.00927125 0.0160159 0.00861482 0.0108775 0.827199 0.00916231 0.0139052 0.00398389 0.0035558 0.00357799 0.00353853 0 0.00354499 0.00355296 0.00357807 0.00354963 0.00384414 0.0061612 0.00826106 0.00764747 0.0141125 0.0101982 0.777806 0.0294532 0.0113875 0.00881701 0.00842453 0.00830756 0.00829876 0.0150181 0.00898316 0.0242439 0.0167363 0.0217413 0.0291666 0.0120249 0.0112018 0.0115147 0.0121263 0.0101445 
0.00870717 0.00840035 0.00926904 0.0106459 0.0238774 0.0274742 0.0685362 0.0305208 0.0115092 0.0187997 0.0198135 0.0325187 0.0758881 0.0233878 0.106324 0.0151592 0.00979864 0.0144958 0.0119448 0.0657968 0.0138602 0.119304 0.0109708 0.043283 0.00922004 0.00993893 0.0110276 0.0122439 0.014189 0.0130238 0.026913 0.0129294 0.022915 0.00937328 0.0230762 0.0206157 0.0202293 0.0205548 0.00586483 0.00681186 0.0036448 0.00359151 0.00357154 0.00354499 0 0.00354701 0.00357187 0.00361702 0.00357157 0.00723453 0.0073333 0.0151853 0.0152469 0.786188 0.0331934 0.0165157 0.0100273 0.00976401 0.0089749 0.00851262 0.0121045 0.00885037 0.02451 0.0121127 0.0292201 0.0334143 0.0262565 0.0192413 0.0103846 0.0128113 0.0130012 0.0130228 
0.00851456 0.00886991 0.00851031 0.0109331 0.0162813 0.0488189 0.0531735 0.0254905 0.0114432 0.0119772 0.0304944 0.0479103 0.0414939 0.0708242 0.0277793 0.0209444 0.0106577 0.00985773 0.0256269 0.0173275 0.117344 0.0139285 0.045377 0.0111363 0.0158202 0.00896278 0.0101597 0.00933898 0.012411 0.0256966 0.0153793 0.0194276 0.0109106 0.0256473 0.0259109 0.0131956 0.0101403 0.00733561 0.0126659 0.00588047 0.00361419 0.00354603 0.00355287 0.00355296 0.00354701 0 0.0035478 0.0035827 0.00358183 0.00499593 0.0104215 0.02993 0.75627 0.0719784 0.0141095 0.00861818 0.0155396 0.0145519 0.00808595 0.00839795 0.008374 0.0142966 0.00966485 0.0257621 0.0210734 0.0419543 0.0338108 0.0141921 0.0113882 0.0136528 0.0135996 0.0109695 
0.00845273 0.00848092 0.00867595 0.00998065 0.0157811 0.0324523 0.0549818 0.0241884 0.0108445 0.0129422 0.0242318 0.0403849 0.0365233 0.0372984 0.0488183 0.0175975 0.0101107 0.0102998 0.0149403 0.0655721 0.0230583 0.034266 0.0156565 0.0207437 0.0102817 0.00904531 0.00893902 0.00967246 0.0148672 0.0163952 0.0161546 0.0151122 0.0165134 0.0421568 0.0143658 0.00974776 0.00827754 0.00890045 0.0114214 0.00656286 0.00383959 0.00364466 0.00359144 0.00357807 0.00357187 0.0035478 0 0.00353953 0.00356113 0.00474337 0.0188726 0.464299 0.0976783 0.0110671 0.00887231 0.0102094 0.00842267 0.00780159 0.00776108 0.00794428 0.00933422 0.0100774 0.0141271 0.0155398 0.0204233 0.0284118 0.0455713 0.0151191 0.0103305 0.0121327 0.0129169 0.0129689 
0.00880022 0.00873996 0.00878416 0.00921293 0.012482 0.0124588 0.0210972 0.0452011 0.0118799 0.0137662 0.0186036 0.0180412 0.0197928 0.0147823 0.0188226 0.0312558 0.0107537 0.0122062 0.0266865 0.0164956 0.0181731 0.0149493 0.0130867 0.0120634 0.0125439 0.00916399 0.0091966 0.0116393 0.0112382 0.0112676 0.0128246 0.0168303 0.0334866 0.0132066 0.0169487 0.0126716 0.0100916 0.0172947 0.0102241 0.00770498 0.00415906 0.00461417 0.00384166 0.00354963 0.00361702 0.0035827 0.00353953 0 0.0036912 0.00754415 0.416892 0.252896 0.0138397 0.00941738 0.0111543 0.00898812 0.00904101 0.00845638 0.00808292 0.00872031 0.00990545 0.00958873 0.0113206 0.0118558 0.0133187 0.0194944 0.0194154 0.0399256 0.0130754 0.011733 0.0248962 0.01403 
0.0105712 0.0108535 0.0085899 0.0114548 0.00900231 0.00963114 0.0107508 0.0127101 0.0213964 0.0207488 0.0117183 0.0125067 0.0107786 0.0116022 0.0103817 0.0114079 0.0169973 0.0277089 0.0111795 0.011009 0.0119279 0.0101117 0.0114659 0.00926081 0.00953925 0.0106206 0.0184558 0.00921049 0.00915537 0.0103886 0.0150189 0.0171787 0.00947606 0.0101861 0.0103375 0.0135721 0.0320708 0.00878663 0.0079497 0.00815223 0.00676549 0.00488279 0.00362265 0.00384414 0.00357157 0.00358183 0.00356113 0.0036912 0 0.409252 0.291455 0.0130533 0.00979115 0.00599126 0.00711686 0.00570965 0.00647148 0.0068225 0.00708975 0.0106497 0.0088739 0.0087209 0.00841469 0.00916022 0.0106005 0.0109599 0.0118418 0.0147983 0.0200433 0.0261722 0.0117076 0.0186933 
0.0106941 0.00851183 0.00867012 0.00906222 0.00918366 0.0095677 0.00984579 0.0103142 0.0167667 0.0131772 0.0105452 0.0100073 0.0106778 0.0104683 0.0110186 0.0105135 0.0199461 0.0130631 0.0101675 0.010086 0.0105397 0.0104208 0.0107148 0.0107256 0.0110409 0.0266672 0.0105262 0.00955017 0.0100053 0.0102788 0.0110957 0.00951553 0.0100078 0.00964479 0.0120087 0.0188881 0.0123563 0.00957748 0.0102823 0.01344 0.00764138 0.00619323 0.00642883 0.0061612 0.00723453 0.00499593 0.00474337 0.00754415 0.409252 0 0.00378627 0.00354412 0.00355387 0.00356332 0.00365996 0.00360602 0.00392486 0.00443733 0.00752977 0.00658226 0.00637349 0.00738073 0.00751274 0.00811198 0.00918576 0.0109088 0.00887087 0.0251092 0.901046 0.01441 0.0105333 0.0181234 
0.00843747 0.00857489 0.00829203 0.00898002 0.0140085 0.0171762 0.0230778 0.0196691 0.0108627 0.0130688 0.0243717 0.0191899 0.0188888 0.0257384 0.0157776 0.0281177 0.0102327 0.0105744 0.0253256 0.014356 0.0333626 0.0118031 0.025651 0.0115156 0.0298309 0.00966427 0.00960039 0.0112603 0.0116513 0.0170541 0.0119211 0.0166285 0.0105175 0.0152209 0.0153813 0.0116116 0.0119078 0.0165457 0.016851 0.00939008 0.00719139 0.00780391 0.00677526 0.00826106 0.0073333 0.0104215 0.0188726 0.416892 0.291455 0.00378627 0 0.00357413 0.00354627 0.00356657 0.00353071 0.00358448 0.00414562 0.00470153 0.00450345 0.00554453 0.00615561 0.00693354 0.00718179 0.00844321 0.0110233 0.0162699 0.0278733 0.920128 0.0365681 0.0146424 0.0281263 0.0112288 
0.00827198 0.0083639 0.00885523 0.0107452 0.0159945 0.0341463 0.0662814 0.0265966 0.0109032 0.013516 0.0197429 0.0427997 0.0546479 0.0333281 0.0963788 0.016912 0.0113682 0.010842 0.0150717 0.0748397 0.0236805 0.0707663 0.0177847 0.0552131 0.0103311 0.00952152 0.00875965 0.0113223 0.0220896 0.0173196 0.033227 0.0160529 0.0266495 0.0154366 0.0161398 0.0101931 0.0114136 0.0196882 0.0108332 0.00969299 0.0076287 0.00747949 0.00987918 0.00764747 0.0151853 0.02993 0.464299 0.252896 0.0130533 0.00354412 0.00357413 0 0.00353476 0.00355455 0.00355047 0.00352752 0.00373992 0.00367393 0.00406648 0.00507183 0.00631835 0.0070027 0.00848409 0.00878446 0.0160419 0.0440116 0.935377 0.0303245 0.00936144 0.0141041 0.0151453 0.0137483 
