2ABLA
MGPSENDPNLFVALYDFVASGDNTLSITKGEKLRVLGYNHNGEWCEAQTKNGQGWVPSNYITPVNSLEKHSWYHGPVSRNAAEYLLSSGINGSFLVRESESSPGQRSISLRYEGRVYHYRINTASDGKLYVSSESRFNTLAELVHHHSTVADGLITTLHYPAP
CCCCCCCCCEEEECCCECCCCCCECCECCCCEEEEEEECCCCCEEEEEECCEEEEEEHHHEEECCCHHHCCCEEEECCHHHHHHHCCCCCCCCEEEEECCCCCCCEEEEEEECCEEEEEEEEECCCCCEECCCCCEECCHHHHHHHHHHCCCCCCCCCCCCCC
0 0 0 0 0 0 0 0 0 0 0 0 0 0 0 0 0 0 0 0 0 0 0 0 0 0 0 0 0 0 0 0 0 0 0 0 0 0 0 0 0 0 0 0 0 0 0 0 0 0 0 0 0 0 0 0 0 0 0 0 0 0 0 0 0 0 0 0 0 0 0 0 0 0 0 0 0 0 0 0 0 0 0 0 0 0 0 0 0 0 0 0 0 0 0 0 0 0 0 0 0 0 0 0 0 0 0 0 0 0 0 0 0 0 0 0 0 0 0 0 0 0 0 0 0 0 0 0 0 0 0 0 0 0 0 0 0 0 0 0 0 0 0 0 0 0 0 0 0 0 0 0 0 0 0 0 0 0 0 0 0 0 0 
0 0 0 0 0 0 0 0 0 0 0 0 0 0 0 0 0 0 0 0 0 0 0 0 0 0 0 0 0 0 0 0 0 0 0 0 0 0 0 0 0 0 0 0 0 0 0 0 0 0 0 0 0 0 0 0 0 0 0 0 0 0 0 0 0 0 0 0 0 0 0 0 0 0 0 0 0 0 0 0 0 0 0 0 0 0 0 0 0 0 0 0 0 0 0 0 0 0 0 0 0 0 0 0 0 0 0 0 0 0 0 0 0 0 0 0 0 0 0 0 0 0 0 0 0 0 0 0 0 0 0 0 0 0 0 0 0 0 0 0 0 0 0 0 0 0 0 0 0 0 0 0 0 0 0 0 0 0 0 0 0 0 0 
0 0.00367907 0.00364209 0.00453825 0.0118651 0.0137529 0.0337293 0.0212354 0.018186 0.0123673 0.020301 0.0100017 0.00974467 0.0188415 0.0107076 0.0107741 0.00939079 0.0130228 0.00930854 0.0242901 0.0110619 0.00870607 0.0100682 0.00933871 0.0105096 0.0184594 0.0158864 0.00894121 0.0170018 0.00961397 0.00873142 0.00972689 0.0114978 0.0124393 0.00952477 0.00977563 0.00927025 0.0122861 0.00947881 0.00882851 0.00971665 0.00910844 0.00902416 0.00843452 0.00943421 0.0085928 0.00863285 0.00835422 0.00848929 0.00901335 0.00848876 0.00939288 0.00838174 0.00973585 0.00872409 0.00917677 0.00831306 0.00929774 
0.00367907 0 0.00382416 0.00360919 0.00692179 0.00985698 0.0132037 0.0167594 0.0490649 0.0305856 0.0206891 0.0137924 0.0175055 0.0104918 0.0107601 0.0113946 0.016896 0.012009 0.0143416 0.0106555 0.00919075 0.0104035 0.0104527 0.016633 0.0124884 0.0105155 0.00985686 0.0125681 0.0105143 0.00966769 0.0125933 0.0123037 0.00965353 0.0104394 0.0227387 0.0171554 0.0146727 0.00974374 0.00845223 0.0112678 0.0126945 0.0156741 0.0116688 0.00964809 0.00853097 0.00844857 0.00887505 0.00932188 0.00968204 0.00913597 0.0105967 0.0088105 0.00941622 0.00898059 0.00859312 0.00862382 0.00866114 0.00814833 
0.00364209 0.00382416 0 0.00361003 0.00757508 0.0120704 0.0201434 0.0410091 0.0286916 0.026342 0.0175187 0.0243772 0.0252984 0.0112438 0.010171 0.0138518 0.0117565 0.012983 0.0131152 0.00961814 0.0106681 0.0118657 0.0109334 0.014229 0.0141351 0.00946735 0.0155952 0.014421 0.00951067 0.0124931 0.0157681 0.0116833 0.00996929 0.0143399 0.0236905 0.0228424 0.0153474 0.00935485 0.00980999 0.012475 0.0156395 0.0146623 0.0127626 0.00924339 0.00845444 0.00909313 0.0110506 0.00938665 0.00998169 0.0116949 0.00997145 0.00970856 0.00910758 0.0084552 0.0091792 0.00925947 0.00867877 0.0083189 
0.00453825 0.00360919 0.00361003 0 0.0291262 0.0156457 0.028459 0.0334118 0.0160906 0.0103849 0.015707 0.00940835 0.0120767 0.0108242 0.0153178 0.010162 0.00912586 0.0104725 0.00906174 0.012898 0.0149564 0.00875273 0.00987836 0.00941582 0.00924427 0.0112037 0.0548418 0.00882535 0.00990913 0.0247644 0.00904248 0.00933293 0.00994742 0.0206918 0.0140712 0.011293 0.0102695 0.0105625 0.0119158 0.00953757 0.0108357 0.0100822 0.00921863 0.00879671 0.00858887 0.00978185 0.00891593 0.00857269 0.00906332 0.0091197 0.00843241 0.0090022 0.00842132 0.00868769 0.0095394 0.00898246 0.00875971 0.00835452 
0.0118651 0.00692179 0.00757508 0.0291262 0 0.0767392 0.566015 0.0117582 0.0213224 0.00886427 0.0137146 0.00849559 0.00916008 0.0175148 0.0102137 0.0123929 0.00816497 0.010879 0.0094836 0.0246351 0.0132177 0.00857935 0.0103351 0.00867492 0.00999273 0.0157951 0.0270064 0.0101323 0.0125327 0.0127436 0.00840378 0.010072 0.0113673 0.0179824 0.0113905 0.00943385 0.00870235 0.0114199 0.0106281 0.00838735 0.00898968 0.00825517 0.00861356 0.00843963 0.00987131 0.00913214 0.0094212 0.00809994 0.0081487 0.00913351 0.00813459 0.00994095 0.00821147 0.00958172 0.0105288 0.00958262 0.00958116 0.0120936 
0.0137529 0.00985698 0.0120704 0.0156457 0.0767392 0 0.0321054 0.0170435 0.00816588 0.00862189 0.00694145 0.00696254 0.00795208 0.0108527 0.00935247 0.00797665 0.00795071 0.00781096 0.0117499 0.0148028 0.011189 0.00877024 0.00828858 0.00930948 0.00921338 0.0141205 0.0147308 0.0100058 0.011068 0.0112641 0.00867452 0.00841302 0.0138583 0.0123199 0.0103404 0.00833841 0.00882701 0.0114524 0.00984794 0.00878511 0.00824159 0.0086773 0.00812602 0.00850632 0.00894937 0.0103762 0.00816032 0.0081244 0.00809137 0.0081102 0.00845696 0.00808876 0.00828675 0.00996143 0.00961055 0.00991646 0.0120092 0.00934853 
0.0337293 0.0132037 0.0201434 0.028459 0.566015 0.0321054 0 0.0160011 0.0181731 0.00470204 0.0101086 0.00594688 0.00706668 0.0125937 0.00822346 0.0185747 0.00707406 0.0123609 0.0087852 0.0428701 0.0151414 0.00846991 0.0121264 0.00838888 0.0127186 0.0201417 0.0357112 0.0101746 0.0145921 0.0174249 0.00828812 0.0131959 0.010921 0.0176125 0.00989257 0.00944668 0.00902677 0.0129541 0.014719 0.00849289 0.00976478 0.00833981 0.0092354 0.00851798 0.0109134 0.00941367 0.011175 0.0080973 0.0083383 0.0106622 0.00809052 0.0114009 0.00839149 0.00971759 0.0123869 0.0106818 0.00931171 0.0141146 
0.0212354 0.0167594 0.0410091 0.0334118 0.0117582 0.0170435 0.0160011 0 0.00379018 0.00398593 0.00359518 0.00394339 0.00438424 0.0164329 0.0082508 0.00590014 0.0100754 0.0068683 0.0345727 0.0267973 0.0122439 0.00948738 0.00780122 0.0155789 0.00906197 0.0317597 0.00887578 0.0100919 0.0168674 0.00920405 0.00983831 0.00854315 0.0327529 0.0101598 0.00958814 0.00884148 0.0101258 0.014346 0.00889466 0.00906157 0.00832398 0.011507 0.00829036 0.00954366 0.0101436 0.0118549 0.00806745 0.00931349 0.00820776 0.00817159 0.0107656 0.00818545 0.0103938 0.0116115 0.00850076 0.00969381 0.0106308 0.00853625 
0.018186 0.0490649 0.0286916 0.0160906 0.0213224 0.00816588 0.0181731 0.00379018 0 0.0035426 0.00379633 0.00359762 0.00373263 0.00375164 0.00513915 0.0115295 0.00577864 0.0235956 0.0101245 0.440845 0.00918671 0.00753817 0.0215917 0.00805511 0.0161484 0.00889695 0.0172674 0.00922383 0.0125802 0.0108144 0.00911965 0.0292807 0.00849699 0.0133228 0.0111312 0.0172134 0.0100773 0.00990536 0.0098695 0.00861275 0.0289379 0.00873853 0.0184874 0.00875041 0.00959883 0.00812791 0.0169707 0.00832051 0.00971986 0.0167902 0.00824808 0.0233047 0.00855709 0.00861154 0.00943873 0.00841141 0.00808871 0.00996052 
0.0123673 0.0305856 0.026342 0.0103849 0.00886427 0.00862189 0.00470204 0.00398593 0.0035426 0 0.00353966 0.00361054 0.0036312 0.00365796 0.0149984 0.00565018 0.0262175 0.00739734 0.748127 0.0126541 0.00813459 0.0122645 0.00785893 0.0392565 0.00809248 0.00840296 0.00865775 0.011206 0.00885907 0.0103507 0.0181651 0.00844225 0.0130149 0.00988206 0.0229511 0.0133817 0.0118277 0.00903381 0.00852931 0.0161993 0.00929081 0.0530268 0.00935422 0.0112811 0.00833087 0.0124346 0.00814609 0.0226987 0.0113149 0.00879335 0.0322043 0.00835204 0.0105508 0.00900792 0.00841861 0.00894853 0.0101005 0.00807244 
0.020301 0.0206891 0.0175187 0.015707 0.0137146 0.00694145 0.0101086 0.00359518 0.00379633 0.00353966 0 0.00354576 0.00355535 0.00361474 0.00533967 0.041159 0.0066206 0.728964 0.0156895 0.010598 0.00900864 0.00711579 0.0269047 0.00844635 0.0120724 0.00760384 0.0141187 0.00845002 0.0100179 0.0141076 0.00902167 0.0151026 0.00842619 0.0121859 0.0129843 0.0207764 0.00974725 0.00880995 0.00945456 0.00858693 0.0374807 0.00950442 0.0198821 0.00861706 0.00849395 0.00817105 0.0145715 0.00881357 0.010743 0.0207774 0.00847803 0.0184704 0.00843795 0.00836271 0.0084984 0.00825428 0.00817023 0.00876195 
0.0100017 0.0137924 0.0243772 0.00940835 0.00849559 0.00696254 0.00594688 0.00394339 0.00359762 0.00361054 0.00354576 0 0.00357114 0.0035583 0.00717717 0.00915027 0.125624 0.0390162 0.00716629 0.00641394 0.00682389 0.00895021 0.00773482 0.0101697 0.00871379 0.00708811 0.00839537 0.00882756 0.008873 0.00890629 0.00904402 0.00868897 0.00891931 0.00936761 0.0113887 0.0133739 0.00963413 0.00864657 0.00830958 0.0101733 0.00972432 0.0153909 0.00977512 0.00886882 0.00824363 0.00878664 0.0084754 0.0101711 0.0100359 0.00889864 0.0113152 0.00860333 0.0086121 0.00829555 0.00823964 0.00831525 0.00851886 0.00807281 
0.00974467 0.0175055 0.0252984 0.0120767 0.00916008 0.00795208 0.00706668 0.00438424 0.00373263 0.0036312 0.00355535 0.00357114 0 0.00507549 0.00561256 0.149555 0.19663 0.00792095 0.00715639 0.00604135 0.009424 0.0073929 0.00892303 0.00829096 0.00792724 0.00678141 0.00945044 0.0103918 0.00857712 0.00908818 0.00960032 0.00927688 0.00863393 0.0097973 0.0128564 0.0105959 0.0110063 0.00859813 0.00866778 0.00890843 0.00958757 0.01015 0.00905018 0.00877182 0.00816243 0.00831299 0.00870115 0.00877062 0.0086349 0.00920159 0.00877325 0.00858225 0.00862736 0.00829129 0.00826402 0.0082732 0.00831649 0.00811299 
0.0188415 0.0104918 0.0112438 0.0108242 0.0175148 0.0108527 0.0125937 0.0164329 0.00375164 0.00365796 0.00361474 0.0035583 0.00507549 0 0.179327 0.251672 0.0141949 0.00482359 0.00583162 0.00589285 0.00951994 0.00687179 0.00698391 0.00737711 0.00644062 0.00713464 0.0304199 0.00804744 0.0095719 0.0152324 0.00853226 0.00839903 0.0100729 0.0153756 0.009455 0.00868832 0.00874457 0.00971957 0.0114033 0.00877246 0.00845084 0.00876392 0.00840269 0.00821956 0.00861775 0.00982499 0.00848215 0.00820274 0.00833036 0.00829229 0.00828067 0.00813408 0.00806291 0.00848723 0.00946095 0.00852282 0.00891806 0.00809577 
0.0107076 0.0107601 0.010171 0.0153178 0.0102137 0.00935247 0.00822346 0.0082508 0.00513915 0.0149984 0.00533967 0.00717717 0.00561256 0.179327 0 0.00368378 0.00356586 0.00355477 0.00399376 0.00412178 0.00417365 0.0048637 0.00509469 0.0065975 0.00635689 0.906061 0.00616722 0.00702568 0.00953275 0.00903207 0.00868803 0.00832311 0.0166342 0.00971063 0.00920163 0.00878009 0.00932031 0.0122886 0.00856145 0.00891634 0.00858343 0.00944648 0.00836201 0.00953152 0.00915526 0.00916973 0.00812155 0.00887399 0.00818503 0.00884735 0.00886264 0.00815631 0.00956363 0.0100094 0.00824707 0.00901561 0.00868254 0.00829492 
0.0107741 0.0113946 0.0138518 0.010162 0.0123929 0.00797665 0.0185747 0.00590014 0.0115295 0.00565018 0.041159 0.00915027 0.149555 0.251672 0.00368378 0 0.00352881 0.00356473 0.00374485 0.00394907 0.00397955 0.00390066 0.00699242 0.00560796 0.969998 0.00781981 0.00664682 0.00676224 0.0109047 0.00855332 0.00830024 0.0154548 0.00842109 0.0100377 0.0098436 0.0124692 0.0100126 0.00964653 0.00859885 0.00860225 0.0157325 0.0089192 0.0163529 0.00862935 0.00892918 0.00809793 0.0118032 0.00835682 0.0105464 0.0100793 0.00835255 0.0130582 0.00835217 0.00859824 0.00833569 0.00829248 0.00812921 0.00883157 
0.00939079 0.016896 0.0117565 0.00912586 0.00816497 0.00795071 0.00707406 0.0100754 0.00577864 0.0262175 0.0066206 0.125624 0.19663 0.0141949 0.00356586 0.00352881 0 0.00352655 0.00362113 0.00382981 0.00365589 0.00447023 0.00404772 0.985798 0.0053076 0.00453309 0.00537231 0.00712387 0.00638077 0.00867908 0.0127947 0.00811077 0.0111002 0.00882515 0.0134247 0.0113413 0.0115509 0.00867769 0.00827706 0.0124264 0.00905787 0.0374852 0.00896106 0.010252 0.00823149 0.0103229 0.00821874 0.0209721 0.00938346 0.00857505 0.0290789 0.00842671 0.0109556 0.00837345 0.00824297 0.00828892 0.00961882 0.00803504 
0.0130228 0.012009 0.012983 0.0104725 0.010879 0.00781096 0.0123609 0.0068683 0.0235956 0.00739734 0.728964 0.0390162 0.00792095 0.00482359 0.00355477 0.00356473 0.00352655 0 0.00352043 0.00356533 0.00462611 0.00379425 0.984731 0.00584516 0.00529451 0.00414267 0.00667934 0.00606462 0.00771196 0.0112801 0.00828508 0.0160492 0.00828042 0.0111171 0.0114327 0.0220083 0.00989039 0.00915875 0.00971745 0.00871495 0.0368588 0.00898898 0.018463 0.00876982 0.00891467 0.00816265 0.0142036 0.00859593 0.00979596 0.0191383 0.0084458 0.0202479 0.00847616 0.00836712 0.00843633 0.00853832 0.00806039 0.00875399 
0.00930854 0.0143416 0.0131152 0.00906174 0.0094836 0.0117499 0.0087852 0.0345727 0.0101245 0.748127 0.0156895 0.00716629 0.00715639 0.00583162 0.00399376 0.00374485 0.00362113 0.00352043 0 0.0036405 0.00417362 0.990304 0.00408963 0.00458667 0.00390696 0.00400719 0.00519627 0.0146836 0.00689046 0.00931168 0.0142757 0.00816933 0.011333 0.0102863 0.0190965 0.00925391 0.0126894 0.00887749 0.00866126 0.0174543 0.00858413 0.0167904 0.00865853 0.00996939 0.00819354 0.0115662 0.00845153 0.00991134 0.00940158 0.00839348 0.0153986 0.0083192 0.00927399 0.00854451 0.00847255 0.00886728 0.00948238 0.00809568 
0.0242901 0.0106555 0.00961814 0.012898 0.0246351 0.0148028 0.0428701 0.0267973 0.440845 0.0126541 0.010598 0.00641394 0.00604135 0.00589285 0.00412178 0.00394907 0.00382981 0.00356533 0.0036405 0 0.995817 0.00379103 0.00769151 0.00370336 0.00387626 0.00435889 0.0109187 0.00544248 0.00643604 0.028485 0.00813385 0.00926965 0.00888102 0.027509 0.0105801 0.00997147 0.00910467 0.0103171 0.020396 0.00875917 0.0106979 0.00896502 0.00941333 0.0084768 0.00913938 0.0100062 0.0115228 0.00829994 0.0084938 0.0110638 0.00817712 0.0112715 0.00827302 0.00859891 0.0124726 0.00884148 0.00885949 0.00904306 
0.0110619 0.00919075 0.0106681 0.0149564 0.0132177 0.011189 0.0151414 0.0122439 0.00918671 0.00813459 0.00900864 0.00682389 0.009424 0.00951994 0.00417365 0.00397955 0.00365589 0.00462611 0.00417362 0.995817 0 0.00364379 0.00367305 0.0035728 0.00379774 0.00430704 0.00404498 0.00457108 0.0101257 0.00796649 0.0078853 0.00855003 0.0121237 0.0108099 0.00889146 0.00897072 0.00949725 0.0151618 0.00881695 0.00847965 0.00884127 0.00854637 0.00872058 0.00861924 0.01108 0.0087694 0.00838684 0.00826008 0.00853067 0.00840657 0.00847005 0.00893835 0.00826723 0.0124438 0.00841725 0.00905965 0.00864697 0.00893784 
0.00870607 0.0104035 0.0118657 0.00875273 0.00857935 0.00877024 0.00846991 0.00948738 0.00753817 0.0122645 0.00711579 0.00895021 0.0073929 0.00687179 0.0048637 0.00390066 0.00447023 0.00379425 0.990304 0.00379103 0.00364379 0 0.00714788 0.00355061 0.00357967 0.00499122 0.00369245 0.00500701 0.00524871 0.00747316 0.00912106 0.00807793 0.00873801 0.00868961 0.0110845 0.00964382 0.0119235 0.00859603 0.00835003 0.0091737 0.00849354 0.0101244 0.00840127 0.00936536 0.00820902 0.0085055 0.00828985 0.00905106 0.00825966 0.0088762 0.00935801 0.00817399 0.0115767 0.0083021 0.0080827 0.00823984 0.00843157 0.00802454 
0.0100682 0.0104527 0.0109334 0.00987836 0.0103351 0.00828858 0.0121264 0.00780122 0.0215917 0.00785893 0.0269047 0.00773482 0.00892303 0.00698391 0.00509469 0.00699242 0.00404772 0.984731 0.00408963 0.00769151 0.00367305 0.00714788 0 0.0036535 0.0035473 0.00353367 0.00392634 0.003762 0.00555316 0.0083725 0.00784659 0.0107374 0.00807076 0.00972356 0.0102361 0.0161713 0.00979078 0.00891813 0.00872811 0.00904451 0.0184473 0.00953476 0.0160264 0.00856593 0.00879538 0.00821755 0.0103701 0.00856305 0.0114284 0.0123585 0.00859732 0.0161125 0.00836891 0.00845785 0.00828546 0.0082971 0.00798692 0.00851357 
0.00933871 0.016633 0.014229 0.00941582 0.00867492 0.00930948 0.00838888 0.0155789 0.00805511 0.0392565 0.00844635 0.0101697 0.00829096 0.00737711 0.0065975 0.00560796 0.985798 0.00584516 0.00458667 0.00370336 0.0035728 0.00355061 0.0036535 0 0.00352635 0.00353137 0.00357123 0.00388833 0.00611246 0.00835087 0.00964588 0.00797276 0.011621 0.00976522 0.018468 0.0161253 0.0117829 0.00913048 0.00866254 0.0132118 0.0105088 0.0435393 0.0100123 0.0111153 0.00840842 0.00959156 0.0085007 0.0194158 0.01189 0.00909751 0.0270683 0.00872574 0.010487 0.00851354 0.00816271 0.0085756 0.00887058 0.00823949 
0.0105096 0.0124884 0.0141351 0.00924427 0.00999273 0.00921338 0.0127186 0.00906197 0.0161484 0.00809248 0.0120724 0.00871379 0.00792724 0.00644062 0.00635689 0.969998 0.0053076 0.00529451 0.00390696 0.00387626 0.00379774 0.00357967 0.0035473 0.00352635 0 0.00353204 0.00364621 0.00935283 0.00712172 0.00775935 0.00764646 0.0114965 0.00717415 0.0144 0.0150918 0.011348 0.0117562 0.0089062 0.0095858 0.00913901 0.0118289 0.00941191 0.00998946 0.00887132 0.00857569 0.00840996 0.0101336 0.00860201 0.00873798 0.0104795 0.00845861 0.0101845 0.00865281 0.0082346 0.00864165 0.00878239 0.00827609 0.00830889 
0.0184594 0.0105155 0.00946735 0.0112037 0.0157951 0.0141205 0.0201417 0.0317597 0.00889695 0.00840296 0.00760384 0.00708811 0.00678141 0.00713464 0.906061 0.00781981 0.00453309 0.00414267 0.00400719 0.00435889 0.00430704 0.00499122 0.00353367 0.00353137 0.00353204 0 0.0110031 0.00366261 0.00394698 0.0159375 0.006846 0.00587289 0.0081011 0.0217789 0.0115238 0.00985264 0.00901523 0.00999285 0.0169336 0.00990234 0.00905735 0.00970959 0.00889743 0.00871278 0.00871141 0.0127796 0.00931594 0.00847073 0.00909298 0.00893022 0.00881642 0.00863904 0.00870188 0.00840856 0.011591 0.00936561 0.00984078 0.00877663 
0.0158864 0.00985686 0.0155952 0.0548418 0.0270064 0.0147308 0.0357112 0.00887578 0.0172674 0.00865775 0.0141187 0.00839537 0.00945044 0.0304199 0.00616722 0.00664682 0.00537231 0.00667934 0.00519627 0.0109187 0.00404498 0.00369245 0.00392634 0.00357123 0.00364621 0.0110031 0 0.00360771 0.00362969 0.00617701 0.00559776 0.0276939 0.023965 0.015213 0.00952675 0.0109265 0.0106877 0.031646 0.0121604 0.00903719 0.0134835 0.00892374 0.0118817 0.0100513 0.0191351 0.0086827 0.0126835 0.008519 0.00922917 0.0125935 0.00849852 0.0170246 0.00926425 0.0151185 0.00972342 0.011086 0.00842885 0.0145012 
0.00894121 0.0125681 0.014421 0.00882535 0.0101323 0.0100058 0.0101746 0.0100919 0.00922383 0.011206 0.00845002 0.00882756 0.0103918 0.00804744 0.00702568 0.00676224 0.00712387 0.00606462 0.0146836 0.00544248 0.00457108 0.00500701 0.003762 0.00388833 0.00935283 0.00366261 0.00360771 0 0.00356066 0.00587476 0.0260451 0.00948867 0.00638572 0.00937244 0.0187354 0.00899608 0.0138096 0.00871215 0.00870488 0.0146059 0.00858402 0.0102475 0.00879099 0.011523 0.00841803 0.00891445 0.00873442 0.00893278 0.00878261 0.00856336 0.0104602 0.00850902 0.0100277 0.00835281 0.00886055 0.00916963 0.00935479 0.00817916 
0.0170018 0.0105143 0.00951067 0.00990913 0.0125327 0.011068 0.0145921 0.0168674 0.0125802 0.00885907 0.0100179 0.008873 0.00857712 0.0095719 0.00953275 0.0109047 0.00638077 0.00771196 0.00689046 0.00643604 0.0101257 0.00524871 0.00555316 0.00611246 0.00712172 0.00394698 0.00362969 0.00356066 0 0.0497087 0.0078239 0.00635474 0.00754711 0.0346003 0.0102328 0.0101858 0.00897107 0.00957314 0.0191553 0.00878256 0.00922917 0.00904966 0.00913844 0.00851789 0.00883564 0.0112234 0.00950699 0.0085062 0.00851228 0.00939288 0.0083616 0.0093074 0.00827934 0.00853979 0.0105829 0.00907975 0.00896568 0.00844477 
0.00961397 0.00966769 0.0124931 0.0247644 0.0127436 0.0112641 0.0174249 0.00920405 0.0108144 0.0103507 0.0141076 0.00890629 0.00908818 0.0152324 0.00903207 0.00855332 0.00867908 0.0112801 0.00931168 0.028485 0.00796649 0.00747316 0.0083725 0.00835087 0.00775935 0.0159375 0.00617701 0.00587476 0.0497087 0 0.00356922 0.00357371 0.00458691 0.0239057 0.0123354 0.0260275 0.0240039 0.0535945 0.0101034 0.00971437 0.0110204 0.00994686 0.0103846 0.00965459 0.0140101 0.00905274 0.00976308 0.00900711 0.0119253 0.00944591 0.00922964 0.0107731 0.00940869 0.0153985 0.0092044 0.0118615 0.009148 0.0111009 
0.00873142 0.0125933 0.0157681 0.00904248 0.00840378 0.00867452 0.00828812 0.00983831 0.00911965 0.0181651 0.00902167 0.00904402 0.00960032 0.00853226 0.00868803 0.00830024 0.0127947 0.00828508 0.0142757 0.00813385 0.0078853 0.00912106 0.00784659 0.00964588 0.00764646 0.006846 0.00559776 0.0260451 0.0078239 0.00356922 0 0.00376586 0.00356397 0.0103824 0.0346745 0.0182713 0.0295597 0.00931082 0.00851618 0.0140642 0.0102819 0.0165257 0.00986352 0.0104899 0.00845104 0.00936728 0.00858056 0.0134961 0.00995267 0.00882462 0.0143768 0.00849756 0.0115082 0.00855001 0.00869287 0.00897198 0.00898638 0.00825905 
0.00972689 0.0123037 0.0116833 0.00933293 0.010072 0.00841302 0.0131959 0.00854315 0.0292807 0.00844225 0.0151026 0.00868897 0.00927688 0.00839903 0.00832311 0.0154548 0.00811077 0.0160492 0.00816933 0.00926965 0.00855003 0.00807793 0.0107374 0.00797276 0.0114965 0.00587289 0.0276939 0.00948867 0.00635474 0.00357371 0.00376586 0 0.0035395 0.0136138 0.0267417 0.0345882 0.0243222 0.00929245 0.00993726 0.0101203 0.0162605 0.0091026 0.0144972 0.00926447 0.0105949 0.00829884 0.019882 0.00850173 0.00959586 0.0136264 0.00844672 0.0154925 0.00865909 0.0086379 0.00933504 0.00904285 0.00829292 0.00909317 
0.0114978 0.00965353 0.00996929 0.00994742 0.0113673 0.0138583 0.010921 0.0327529 0.00849699 0.0130149 0.00842619 0.00891931 0.00863393 0.0100729 0.0166342 0.00842109 0.0111002 0.00828042 0.011333 0.00888102 0.0121237 0.00873801 0.00807076 0.011621 0.00717415 0.0081011 0.023965 0.00638572 0.00754711 0.00458691 0.00356397 0.0035395 0 0.0262275 0.0192669 0.0157221 0.0209634 0.0546296 0.0128246 0.0134967 0.0088017 0.0121889 0.00867937 0.0191088 0.00891468 0.0232246 0.00850454 0.0094373 0.00909921 0.00866509 0.0118078 0.00831114 0.00939446 0.0103821 0.0116036 0.0105036 0.0133636 0.00847701 
0.0124393 0.0104394 0.0143399 0.0206918 0.0179824 0.0123199 0.0176125 0.0101598 0.0133228 0.00988206 0.0121859 0.00936761 0.0097973 0.0153756 0.00971063 0.0100377 0.00882515 0.0111171 0.0102863 0.027509 0.0108099 0.00868961 0.00972356 0.00976522 0.0144 0.0217789 0.015213 0.00937244 0.0346003 0.0239057 0.0103824 0.0136138 0.0262275 0 0.00363699 0.00359706 0.00376359 0.00447249 0.0124787 0.00799772 0.0173814 0.0147246 0.858608 0.0248258 0.0303002 0.0112611 0.0137852 0.00970829 0.0103441 0.0170724 0.0102606 0.0167206 0.0106923 0.032593 0.017116 0.0206613 0.0135995 0.0170661 
0.00952477 0.0227387 0.0236905 0.0140712 0.0113905 0.0103404 0.00989257 0.00958814 0.0111312 0.0229511 0.0129843 0.0113887 0.0128564 0.009455 0.00920163 0.0098436 0.0134247 0.0114327 0.0190965 0.0105801 0.00889146 0.0110845 0.0102361 0.018468 0.0150918 0.0115238 0.00952675 0.0187354 0.0102328 0.0123354 0.0346745 0.0267417 0.0192669 0.00363699 0 0.00354275 0.00374466 0.00357896 0.00694211 0.0140868 0.0100949 0.868304 0.013059 0.0225903 0.0153733 0.00926887 0.0130403 0.0132635 0.01531 0.0102663 0.025266 0.00977079 0.0307302 0.0118504 0.0128926 0.0170005 0.0128422 0.0100395 
0.00977563 0.0171554 0.0228424 0.011293 0.00943385 0.00833841 0.00944668 0.00884148 0.0172134 0.0133817 0.0207764 0.0133739 0.0105959 0.00868832 0.00878009 0.0124692 0.0113413 0.0220083 0.00925391 0.00997147 0.00897072 0.00964382 0.0161713 0.0161253 0.011348 0.00985264 0.0109265 0.00899608 0.0101858 0.0260275 0.0182713 0.0345882 0.0157221 0.00359706 0.00354275 0 0.00353276 0.00356763 0.00863081 0.00853397 0.947842 0.0125955 0.0184698 0.00839865 0.00933014 0.00841616 0.0105932 0.0113141 0.0103596 0.0199754 0.00981889 0.0293838 0.0104043 0.0111368 0.0103543 0.00987413 0.009136 0.00944726 
0.00927025 0.0146727 0.0153474 0.0102695 0.00870235 0.00882701 0.00902677 0.0101258 0.0100773 0.0118277 0.00974725 0.00963413 0.0110063 0.00874457 0.00932031 0.0100126 0.0115509 0.00989039 0.0126894 0.00910467 0.00949725 0.0119235 0.00979078 0.0117829 0.0117562 0.00901523 0.0106877 0.0138096 0.00897107 0.0240039 0.0295597 0.0243222 0.0209634 0.00376359 0.00374466 0.00353276 0 0.00354099 0.012797 0.97641 0.00956603 0.0220526 0.0096662 0.0157518 0.00764405 0.00944307 0.0108109 0.0100773 0.0132459 0.00979227 0.0233355 0.0115956 0.0221439 0.0146553 0.0137619 0.0153238 0.0113478 0.00968404 
0.0122861 0.00974374 0.00935485 0.0105625 0.0114199 0.0114524 0.0129541 0.014346 0.00990536 0.00903381 0.00880995 0.00864657 0.00859813 0.00971957 0.0122886 0.00964653 0.00867769 0.00915875 0.00887749 0.0103171 0.0151618 0.00859603 0.00891813 0.00913048 0.0089062 0.00999285 0.031646 0.00871215 0.00957314 0.0535945 0.00931082 0.00929245 0.0546296 0.00447249 0.00357896 0.00356763 0.00354099 0 0.971665 0.00888133 0.0166274 0.00698804 0.00830405 0.0072266 0.00857293 0.0132275 0.00988637 0.00883974 0.00904911 0.0127379 0.00906929 0.00992721 0.0155211 0.0288197 0.0167165 0.0149783 0.0149846 0.0101491 
0.00947881 0.00845223 0.00980999 0.0119158 0.0106281 0.00984794 0.014719 0.00889466 0.0098695 0.00852931 0.00945456 0.00830958 0.00866778 0.0114033 0.00856145 0.00859885 0.00827706 0.00971745 0.00866126 0.020396 0.00881695 0.00835003 0.00872811 0.00866254 0.0095858 0.0169336 0.0121604 0.00870488 0.0191553 0.0101034 0.00851618 0.00993726 0.0128246 0.0124787 0.00694211 0.00863081 0.012797 0.971665 0 0.00359863 0.00359261 0.00355184 0.00358898 0.00377548 0.00538621 0.00552411 0.00650106 0.00593965 0.00649441 0.00750476 0.00855458 0.758506 0.0196925 0.0181148 0.0128203 0.0166019 0.0113741 0.017119 
0.00882851 0.0112678 0.012475 0.00953757 0.00838735 0.00878511 0.00849289 0.00906157 0.00861275 0.0161993 0.00858693 0.0101733 0.00890843 0.00877246 0.00891634 0.00860225 0.0124264 0.00871495 0.0174543 0.00875917 0.00847965 0.0091737 0.00904451 0.0132118 0.00913901 0.00990234 0.00903719 0.0146059 0.00878256 0.00971437 0.0140642 0.0101203 0.0134967 0.00799772 0.0140868 0.00853397 0.97641 0.00888133 0.00359863 0 0.00354461 0.00351785 0.00356738 0.00369747 0.00364338 0.00489807 0.00564675 0.00642425 0.0067741 0.00758646 0.945499 0.0102325 0.0339617 0.0119277 0.0129954 0.0122772 0.0156314 0.00910682 
0.00971665 0.0126945 0.0156395 0.0108357 0.00898968 0.00824159 0.00976478 0.00832398 0.0289379 0.00929081 0.0374807 0.00972432 0.00958757 0.00845084 0.00858343 0.0157325 0.00905787 0.0368588 0.00858413 0.0106979 0.00884127 0.00849354 0.0184473 0.0105088 0.0118289 0.00905735 0.0134835 0.00858402 0.00922917 0.0110204 0.0102819 0.0162605 0.0088017 0.0173814 0.0100949 0.947842 0.00956603 0.0166274 0.00359261 0.00354461 0 0.00355717 0.00373016 0.00355438 0.00359794 0.00423263 0.00761791 0.00528301 0.00995488 0.957135 0.00780448 0.0314551 0.00706941 0.0103949 0.0103124 0.0095537 0.00865625 0.0111779 
0.00910844 0.0156741 0.0146623 0.0100822 0.00825517 0.0086773 0.00833981 0.011507 0.00873853 0.0530268 0.00950442 0.0153909 0.01015 0.00876392 0.00944648 0.0089192 0.0374852 0.00898898 0.0167904 0.00896502 0.00854637 0.0101244 0.00953476 0.0435393 0.00941191 0.00970959 0.00892374 0.0102475 0.00904966 0.00994686 0.0165257 0.0091026 0.0121889 0.0147246 0.868304 0.0125955 0.0220526 0.00698804 0.00355184 0.00351785 0.00355717 0 0.00353821 0.00355509 0.00355435 0.00424959 0.00433172 0.0164439 0.948171 0.00821144 0.0338897 0.0062909 0.0117878 0.00980168 0.00855138 0.0128869 0.0117161 0.00866877 
0.00902416 0.0116688 0.0127626 0.00921863 0.00861356 0.00812602 0.0092354 0.00829036 0.0184874 0.00935422 0.0198821 0.00977512 0.00905018 0.00840269 0.00836201 0.0163529 0.00896106 0.018463 0.00865853 0.00941333 0.00872058 0.00840127 0.0160264 0.0100123 0.00998946 0.00889743 0.0118817 0.00879099 0.00913844 0.0103846 0.00986352 0.0144972 0.00867937 0.858608 0.013059 0.0184698 0.0096662 0.00830405 0.00358898 0.00356738 0.00373016 0.00353821 0 0.00353606 0.00354368 0.0041622 0.0139842 0.905264 0.00796899 0.0362029 0.00508678 0.0117909 0.00658214 0.00695425 0.0104179 0.00932389 0.00879036 0.00994563 
0.00843452 0.00964809 0.00924339 0.00879671 0.00843963 0.00850632 0.00851798 0.00954366 0.00875041 0.0112811 0.00861706 0.00886882 0.00877182 0.00821956 0.00953152 0.00862935 0.010252 0.00876982 0.00996939 0.0084768 0.00861924 0.00936536 0.00856593 0.0111153 0.00887132 0.00871278 0.0100513 0.011523 0.00851789 0.00965459 0.0104899 0.00926447 0.0191088 0.0248258 0.0225903 0.00839865 0.0157518 0.0072266 0.00377548 0.00369747 0.00355438 0.00355509 0.00353606 0 0.00358329 0.0123807 0.971557 0.00594229 0.00876192 0.00439126 0.00929639 0.00584984 0.00748379 0.00697673 0.0101974 0.0129197 0.0106193 0.0088804 
0.00943421 0.00853097 0.00845444 0.00858887 0.00987131 0.00894937 0.0109134 0.0101436 0.00959883 0.00833087 0.00849395 0.00824363 0.00816243 0.00861775 0.00915526 0.00892918 0.00823149 0.00891467 0.00819354 0.00913938 0.01108 0.00820902 0.00879538 0.00840842 0.00857569 0.00871141 0.0191351 0.00841803 0.00883564 0.0140101 0.00845104 0.0105949 0.00891468 0.0303002 0.0153733 0.00933014 0.00764405 0.00857293 0.00538621 0.00364338 0.00359794 0.00355435 0.00354368 0.00358329 0 0.992422 0.00559208 0.00544518 0.00390228 0.00526867 0.00801177 0.00562155 0.0053493 0.00610243 0.012119 0.00945522 0.0114614 0.00992041 
0.0085928 0.00844857 0.00909313 0.00978185 0.00913214 0.0103762 0.00941367 0.0118549 0.00812791 0.0124346 0.00817105 0.00878664 0.00831299 0.00982499 0.00916973 0.00809793 0.0103229 0.00816265 0.0115662 0.0100062 0.0087694 0.0085055 0.00821755 0.00959156 0.00840996 0.0127796 0.0086827 0.00891445 0.0112234 0.00905274 0.00936728 0.00829884 0.0232246 0.0112611 0.00926887 0.00841616 0.00944307 0.0132275 0.00552411 0.00489807 0.00423263 0.00424959 0.0041622 0.0123807 0.992422 0 0.00381328 0.0036149 0.00363554 0.00358485 0.00510188 0.00373525 0.0047912 0.00585619 0.00763177 0.0126434 0.0245678 0.00939566 
0.00863285 0.00887505 0.0110506 0.00891593 0.0094212 0.00816032 0.011175 0.00806745 0.0169707 0.00814609 0.0145715 0.0084754 0.00870115 0.00848215 0.00812155 0.0118032 0.00821874 0.0142036 0.00845153 0.0115228 0.00838684 0.00828985 0.0103701 0.0085007 0.0101336 0.00931594 0.0126835 0.00873442 0.00950699 0.00976308 0.00858056 0.019882 0.00850454 0.0137852 0.0130403 0.0105932 0.0108109 0.00988637 0.00650106 0.00564675 0.00761791 0.00433172 0.0139842 0.971557 0.00559208 0.00381328 0 0.00360601 0.00356128 0.00375264 0.00365066 0.00585861 0.00383874 0.00426359 0.00903258 0.00791326 0.00818902 0.016823 
0.00835422 0.00932188 0.00938665 0.00857269 0.00809994 0.0081244 0.0080973 0.00931349 0.00832051 0.0226987 0.00881357 0.0101711 0.00877062 0.00820274 0.00887399 0.00835682 0.0209721 0.00859593 0.00991134 0.00829994 0.00826008 0.00905106 0.00856305 0.0194158 0.00860201 0.00847073 0.008519 0.00893278 0.0085062 0.00900711 0.0134961 0.00850173 0.0094373 0.00970829 0.0132635 0.0113141 0.0100773 0.00883974 0.00593965 0.00642425 0.00528301 0.0164439 0.905264 0.00594229 0.00544518 0.0036149 0.00360601 0 0.0035183 0.0035314 0.00426913 0.00380286 0.00369682 0.00371241 0.0063585 0.00747562 0.0121935 0.00779119 
0.00848929 0.00968204 0.00998169 0.00906332 0.0081487 0.00809137 0.0083383 0.00820776 0.00971986 0.0113149 0.010743 0.0100359 0.0086349 0.00833036 0.00818503 0.0105464 0.00938346 0.00979596 0.00940158 0.0084938 0.00853067 0.00825966 0.0114284 0.01189 0.00873798 0.00909298 0.00922917 0.00878261 0.00851228 0.0119253 0.00995267 0.00959586 0.00909921 0.0103441 0.01531 0.0103596 0.0132459 0.00904911 0.00649441 0.0067741 0.00995488 0.948171 0.00796899 0.00876192 0.00390228 0.00363554 0.00356128 0.0035183 0 0.00352232 0.00414784 0.00357667 0.00355417 0.00362582 0.00634156 0.00753786 0.00859088 0.00936673 
0.00901335 0.00913597 0.0116949 0.0091197 0.00913351 0.0081102 0.0106622 0.00817159 0.0167902 0.00879335 0.0207774 0.00889864 0.00920159 0.00829229 0.00884735 0.0100793 0.00857505 0.0191383 0.00839348 0.0110638 0.00840657 0.0088762 0.0123585 0.00909751 0.0104795 0.00893022 0.0125935 0.00856336 0.00939288 0.00944591 0.00882462 0.0136264 0.00866509 0.0170724 0.0102663 0.0199754 0.00979227 0.0127379 0.00750476 0.00758646 0.957135 0.00821144 0.0362029 0.00439126 0.00526867 0.00358485 0.00375264 0.0035314 0.00352232 0 0.00376162 0.00364293 0.00361014 0.00365503 0.00796816 0.00699457 0.00792151 0.0149096 
0.00848876 0.0105967 0.00997145 0.00843241 0.00813459 0.00845696 0.00809052 0.0107656 0.00824808 0.0322043 0.00847803 0.0113152 0.00877325 0.00828067 0.00886264 0.00835255 0.0290789 0.0084458 0.0153986 0.00817712 0.00847005 0.00935801 0.00859732 0.0270683 0.00845861 0.00881642 0.00849852 0.0104602 0.0083616 0.00922964 0.0143768 0.00844672 0.0118078 0.0102606 0.025266 0.00981889 0.0233355 0.00906929 0.00855458 0.945499 0.00780448 0.0338897 0.00508678 0.00929639 0.00801177 0.00510188 0.00365066 0.00426913 0.00414784 0.00376162 0 0.00345709 0.00363516 0.00367799 0.00539275 0.00885316 0.0184455 0.0094094 
0.00939288 0.0088105 0.00970856 0.0090022 0.00994095 0.00808876 0.0114009 0.00818545 0.0233047 0.00835204 0.0184704 0.00860333 0.00858225 0.00813408 0.00815631 0.0130582 0.00842671 0.0202479 0.0083192 0.0112715 0.00893835 0.00817399 0.0161125 0.00872574 0.0101845 0.00863904 0.0170246 0.00850902 0.0093074 0.0107731 0.00849756 0.0154925 0.00831114 0.0167206 0.00977079 0.0293838 0.0115956 0.00992721 0.758506 0.0102325 0.0314551 0.0062909 0.0117909 0.00584984 0.00562155 0.00373525 0.00585861 0.00380286 0.00357667 0.00364293 0.00345709 0 0.00355915 0.00353884 0.00922753 0.00865321 0.010406 0.0135069 
0.00838174 0.00941622 0.00910758 0.00842132 0.00821147 0.00828675 0.00839149 0.0103938 0.00855709 0.0105508 0.00843795 0.0086121 0.00862736 0.00806291 0.00956363 0.00835217 0.0109556 0.00847616 0.00927399 0.00827302 0.00826723 0.0115767 0.00836891 0.010487 0.00865281 0.00870188 0.00926425 0.0100277 0.00827934 0.00940869 0.0115082 0.00865909 0.00939446 0.0106923 0.0307302 0.0104043 0.0221439 0.0155211 0.0196925 0.0339617 0.00706941 0.0117878 0.00658214 0.00748379 0.0053493 0.0047912 0.00383874 0.00369682 0.00355417 0.00361014 0.00363516 0.00355915 0 0.003574 0.0144335 0.663017 0.010957 0.00900292 
0.00973585 0.00898059 0.0084552 0.00868769 0.00958172 0.00996143 0.00971759 0.0116115 0.00861154 0.00900792 0.00836271 0.00829555 0.00829129 0.00848723 0.0100094 0.00859824 0.00837345 0.00836712 0.00854451 0.00859891 0.0124438 0.0083021 0.00845785 0.00851354 0.0082346 0.00840856 0.0151185 0.00835281 0.00853979 0.0153985 0.00855001 0.0086379 0.0103821 0.032593 0.0118504 0.0111368 0.0146553 0.0288197 0.0181148 0.0119277 0.0103949 0.00980168 0.00695425 0.00697673 0.00610243 0.00585619 0.00426359 0.00371241 0.00362582 0.00365503 0.00367799 0.00353884 0.003574 0 0.897071 0.00795544 0.0163739 0.00893984 
0.00872409 0.00859312 0.0091792 0.0095394 0.0105288 0.00961055 0.0123869 0.00850076 0.00943873 0.00841861 0.0084984 0.00823964 0.00826402 0.00946095 0.00824707 0.00833569 0.00824297 0.00843633 0.00847255 0.0124726 0.00841725 0.0080827 0.00828546 0.00816271 0.00864165 0.011591 0.00972342 0.00886055 0.0105829 0.0092044 0.00869287 0.00933504 0.0116036 0.017116 0.0128926 0.0103543 0.0137619 0.0167165 0.0128203 0.0129954 0.0103124 0.00855138 0.0104179 0.0101974 0.012119 0.00763177 0.00903258 0.0063585 0.00634156 0.00796816 0.00539275 0.00922753 0.0144335 0.897071 0 0.00574656 0.0073779 0.719536 
0.00917677 0.00862382 0.00925947 0.00898246 0.00958262 0.00991646 0.0106818 0.00969381 0.00841141 0.00894853 0.00825428 0.00831525 0.0082732 0.00852282 0.00901561 0.00829248 0.00828892 0.00853832 0.00886728 0.00884148 0.00905965 0.00823984 0.0082971 0.0085756 0.00878239 0.00936561 0.011086 0.00916963 0.00907975 0.0118615 0.00897198 0.00904285 0.0105036 0.0206613 0.0170005 0.00987413 0.0153238 0.0149783 0.0166019 0.0122772 0.0095537 0.0128869 0.00932389 0.0129197 0.00945522 0.0126434 0.00791326 0.00747562 0.00753786 0.00699457 0.00885316 0.00865321 0.663017 0.00795544 0.00574656 0 0.790086 0.00965105 
0.00831306 0.00866114 0.00867877 0.00875971 0.00958116 0.0120092 0.00931171 0.0106308 0.00808871 0.0101005 0.00817023 0.00851886 0.00831649 0.00891806 0.00868254 0.00812921 0.00961882 0.00806039 0.00948238 0.00885949 0.00864697 0.00843157 0.00798692 0.00887058 0.00827609 0.00984078 0.00842885 0.00935479 0.00896568 0.009148 0.00898638 0.00829292 0.0133636 0.0135995 0.0128422 0.009136 0.0113478 0.0149846 0.0113741 0.0156314 0.00865625 0.0117161 0.00879036 0.0106193 0.0114614 0.0245678 0.00818902 0.0121935 0.00859088 0.00792151 0.0184455 0.010406 0.010957 0.0163739 0.0073779 0.790086 0 0.00556045 
0.00929774 0.00814833 0.0083189 0.00835452 0.0120936 0.00934853 0.0141146 0.00853625 0.00996052 0.00807244 0.00876195 0.00807281 0.00811299 0.00809577 0.00829492 0.00883157 0.00803504 0.00875399 0.00809568 0.00904306 0.00893784 0.00802454 0.00851357 0.00823949 0.00830889 0.00877663 0.0145012 0.00817916 0.00844477 0.0111009 0.00825905 0.00909317 0.00847701 0.0170661 0.0100395 0.00944726 0.00968404 0.0101491 0.017119 0.00910682 0.0111779 0.00866877 0.00994563 0.0088804 0.00992041 0.00939566 0.016823 0.00779119 0.00936673 0.0149096 0.0094094 0.0135069 0.00900292 0.00893984 0.719536 0.00965105 0.00556045 0 
