3ENGA
ADGRSTRYWDCCKPSCGWAKKAPVNQPVFSCNANFQRITDFDAKSGCEPGGVAYSCADQTPWAVNDDFALGFAATSIAGSNEAGWCCACYELTFTSGPVAGKKMVVQSTSTGGDLGSNHFDLNIPGGGVGIFDGCTPQFGGLPGQRYGGISSRNECDRFPDALKPGCYWRFDWFKNADNPSFSFRQVQCPAELVARTGCRRNDDGNFPAVQIP
CEEEEEEECCCECCHHHCCCCCCECCCCCCECCCCCECCCCCCCECCCCCCCEECCCCCCCEEEECCEEEEEEEEECCCCCHHHHCCCEEEEEECCCCCCCCEEEEEEEEECCCCCCCEEEEECCCCCCCCCCCHHHHHCCCCCECCCECCCHHHHHHCCHHHHHHHHHHHCCCCCCCCCEEEEEEECCCHHHHHHHCCCECCHHHCCCCCCC
0 0 0 0 0 0 0 0 0 0 0 0 0 0 0 0 0 0 0 0 0 0 0 0 0 0 0 0 0 0 0 0 0 0 0 0 0 0 0 0 0 0 0 0 0 0 0 0 0 0 0 0 0 0 0 0 0 0 0 0 0 0 0 0 0 0 0 0 0 0 0 0 0 0 0 0 0 0 0 0 0 0 0 0 0 0 0 0 0 0 0 0 0 0 0 0 0 0 0 0 0 0 0 0 0 0 0 0 0 0 0 0 0 0 0 0 0 0 0 0 0 0 0 0 0 0 0 0 0 0 0 0 0 0 0 0 0 0 0 0 0 0 0 0 0 0 0 0 0 0 0 0 0 0 0 0 0 0 0 0 0 0 0 0 0 0 0 0 0 0 0 0 0 0 0 0 0 0 0 0 0 0 0 0 0 0 0 0 0 0 0 0 0 0 0 0 0 0 0 0 0 0 0 0 0 0 0 0 0 0 0 0 0 
0 0 0 0 0 0 0 0 0 0 0 0 0 0 0 0 0 0 0 0 0 0 0 0 0 0 0 0 0 0 0 0 0 0 0 0 0 0 0 0 0 0 0 0 0 0 0 0 0 0 0 0 0 0 0 0 0 0 0 0 0 0 0 0 0 0 0 0 0 0 0 0 0 0 0 0 0 0 0 0 0 0 0 0 0 0 0 0 0 0 0 0 0 0 0 0 0 0 0 0 0 0 0 0 0 0 0 0 0 0 0 0 0 0 0 0 0 0 0 0 0 0 0 0 0 0 0 0 0 0 0 0 0 0 0 0 0 0 0 0 0 0 0 0 0 0 0 0 0 0 0 0 0 0 0 0 0 0 0 0 0 0 0 0 0 0 0 0 0 0 0 0 0 0 0 0 0 0 0 0 0 0 0 0 0 0 0 0 0 0 0 0 0 0 0 0 0 0 0 0 0 0 0 0 0 0 0 0 0 0 0 0 0 
0 0.00416165 0.00383827 0.00372081 0.00378776 0.00370058 0.00849387 0.0119151 0.0150866 0.0161707 0.0160672 0.010897 0.0108162 0.0107191 0.0101722 0.00866459 0.00842073 0.012641 0.00980215 0.00987993 0.00977869 0.00976528 0.00947595 0.0100024 0.00945684 0.00972294 0.0154317 0.0092519 0.00851581 0.0125348 0.00837795 0.0123126 0.00994792 0.00991037 0.00864789 0.011113 0.00868767 0.00944771 0.00855938 0.0085427 0.00811607 0.00944727 0.00877881 0.00807132 0.0094224 0.00834056 0.0113113 0.00828439 0.00837812 0.00838976 0.00800796 0.00836064 0.00799613 0.00805705 0.00808914 0.0080433 0.00824504 
0.00416165 0 0.00362681 0.00368528 0.00362108 0.00439139 0.00366639 0.00524448 0.0116142 0.0138487 0.00886323 0.00965089 0.0100557 0.00957294 0.00865228 0.00895724 0.00943097 0.0087295 0.0111024 0.00967204 0.0116267 0.00995695 0.0113394 0.0104716 0.0118831 0.0121069 0.00914644 0.00869046 0.0101696 0.00862781 0.0144182 0.00841024 0.0125843 0.00801794 0.0116818 0.00856621 0.0123599 0.0087174 0.0101212 0.00834366 0.00898812 0.00818455 0.00816499 0.00933121 0.00831675 0.0104849 0.00831136 0.00800947 0.00805612 0.00794484 0.00923825 0.00813434 0.00866013 0.0081296 0.00805261 0.00840991 0.008522 
0.00383827 0.00362681 0 0.00373874 0.00405994 0.00362877 0.00376116 0.00433495 0.00872958 0.0084711 0.00930061 0.00844245 0.00859891 0.00865469 0.00872066 0.00909812 0.0085061 0.00912825 0.00868216 0.0115304 0.0106054 0.0149222 0.0110898 0.0129813 0.0127776 0.0101671 0.00928054 0.00841639 0.00872011 0.019551 0.00909267 0.0151867 0.00834151 0.00878421 0.00832964 0.0135065 0.00955075 0.0138891 0.00930558 0.0102747 0.00837262 0.0082205 0.00824761 0.00832077 0.0111925 0.00846367 0.00876167 0.00795647 0.00798015 0.00847423 0.00808421 0.00857197 0.00798942 0.00804949 0.00808578 0.00794928 0.00794358 
0.00372081 0.00368528 0.00373874 0 0.00360969 0.00354624 0.00357693 0.00396316 0.00858376 0.00952805 0.00844095 0.00878528 0.00864166 0.00865259 0.00861894 0.0085706 0.0086177 0.00854393 0.00929776 0.00892883 0.0146509 0.0108786 0.0123279 0.0116883 0.0129692 0.00961442 0.00922416 0.00842131 0.00984453 0.00909633 0.0243809 0.00852728 0.0097086 0.00803408 0.0101078 0.00898391 0.0139708 0.00902308 0.0112965 0.00839645 0.00846067 0.00818733 0.00815858 0.00890232 0.00852124 0.00925594 0.00838749 0.00796437 0.00797888 0.00798972 0.00862611 0.00803427 0.00839509 0.00803573 0.00805272 0.0081471 0.00830613 
0.00378776 0.00362108 0.00405994 0.00360969 0 0.0035283 0.00353875 0.0039186 0.00769992 0.0087964 0.00917944 0.00878525 0.00886285 0.00879307 0.00877079 0.00906421 0.00849882 0.00847094 0.00897094 0.0114584 0.0125687 0.0137865 0.0124256 0.0128071 0.0129717 0.00986043 0.00894873 0.00854616 0.0089605 0.0168422 0.00978894 0.0103247 0.00848124 0.00845064 0.00842842 0.0126884 0.00988777 0.0133512 0.00940654 0.00973469 0.00824076 0.0080936 0.00824088 0.00833631 0.0100757 0.00870393 0.00844379 0.00793598 0.00797044 0.00822242 0.00811257 0.00850753 0.00804305 0.00805448 0.00804427 0.00797661 0.00796289 
0.00370058 0.00439139 0.00362877 0.00354624 0.0035283 0 0.00354579 0.00522531 0.00939772 0.00985556 0.00944831 0.00942762 0.00973668 0.00997673 0.00927553 0.00940529 0.00915286 0.00830627 0.00967931 0.0118677 0.0128168 0.0129355 0.0124825 0.0107071 0.0114283 0.0131226 0.00959192 0.00932335 0.0128243 0.0101892 0.0128989 0.0093077 0.00913333 0.00830394 0.0102584 0.00939905 0.0127114 0.00953148 0.0100947 0.00855575 0.00835898 0.00814075 0.00841795 0.00879989 0.00860732 0.0097946 0.0102344 0.00794228 0.00801081 0.00801883 0.00830906 0.00811387 0.00813587 0.00806108 0.00804761 0.00796067 0.00794045 
0.00849387 0.00366639 0.00376116 0.00357693 0.00353875 0.00354579 0 0.00835278 0.0137769 0.0156253 0.012082 0.0125979 0.0130197 0.014428 0.0127387 0.00887141 0.00846647 0.00901427 0.0151888 0.0106122 0.0107036 0.0118642 0.011406 0.0104496 0.0106245 0.0109468 0.014241 0.0165711 0.0093716 0.00982152 0.00933868 0.00943189 0.0101019 0.0117805 0.00862153 0.00942148 0.0101411 0.00977847 0.00980359 0.00879237 0.00858379 0.00859149 0.0102282 0.00839039 0.00903878 0.00864224 0.00953013 0.00824621 0.00898216 0.00853217 0.00811952 0.00813999 0.00809593 0.00805367 0.00796728 0.00806378 0.00810343 
0.0119151 0.00524448 0.00433495 0.00396316 0.0039186 0.00522531 0.00835278 0 0.191132 0.0590347 0.0399184 0.0321131 0.0183658 0.0216936 0.0109608 0.00858131 0.00852112 0.0112203 0.0142627 0.00979374 0.00952985 0.00915574 0.00945993 0.00932162 0.0092332 0.0101981 0.0140008 0.0108902 0.00905878 0.00865473 0.00882114 0.00907469 0.0135987 0.0094747 0.00868399 0.00836337 0.00857594 0.00841525 0.00845658 0.00827532 0.00829578 0.00941324 0.00959801 0.00821604 0.00818046 0.00844607 0.00992999 0.00910055 0.0113354 0.0084733 0.00812567 0.00798355 0.00806063 0.00798048 0.00796965 0.00842152 0.00916267 
0.0150866 0.0116142 0.00872958 0.00858376 0.00769992 0.00939772 0.0137769 0.191132 0 0.16025 0.0257863 0.0406751 0.0153818 0.020726 0.0110531 0.0087725 0.00877056 0.0114437 0.0138033 0.00903115 0.0086167 0.00859302 0.00863272 0.00851904 0.00859047 0.00912794 0.0120241 0.0106252 0.00888634 0.00832786 0.00850062 0.00863302 0.0120933 0.00901451 0.00857569 0.00820187 0.00833603 0.00822319 0.0081585 0.00802797 0.00810099 0.00857798 0.00884768 0.00818105 0.00810197 0.008257 0.00896914 0.0100832 0.0104752 0.00854386 0.00819545 0.00796217 0.00810555 0.00795245 0.00794295 0.00890433 0.010331 
0.0161707 0.0138487 0.0084711 0.00952805 0.0087964 0.00985556 0.0156253 0.0590347 0.16025 0 0.800566 0.0456436 0.0218149 0.0618457 0.0128023 0.00927054 0.0091568 0.0128046 0.0218199 0.0102739 0.00947352 0.00903968 0.00948787 0.00912364 0.00920599 0.0108473 0.0143876 0.0119915 0.00984899 0.00888154 0.0094992 0.00883562 0.0201206 0.00991592 0.00965213 0.0084966 0.00888881 0.00876806 0.00884457 0.0083167 0.00850677 0.0094299 0.00938419 0.0093506 0.00817736 0.00929823 0.00971989 0.0109438 0.0138994 0.008587 0.00860117 0.00796508 0.00835799 0.00795075 0.00797387 0.00977781 0.0122492 
0.0160672 0.00886323 0.00930061 0.00844095 0.00917944 0.00944831 0.012082 0.0399184 0.0257863 0.800566 0 0.0755329 0.0225847 0.0380257 0.0136011 0.00885438 0.00854533 0.0123301 0.0154248 0.0103872 0.00858843 0.00879031 0.00867565 0.00889285 0.0087399 0.00999842 0.0138072 0.0114405 0.0087288 0.00868661 0.00823549 0.0120927 0.0108285 0.0151566 0.00952502 0.00862571 0.00848908 0.00899585 0.00821342 0.00855399 0.00817301 0.00952387 0.0101612 0.00806979 0.00825411 0.00812684 0.00989792 0.0110026 0.0123604 0.0107385 0.00799406 0.00856568 0.00796344 0.00797618 0.00803501 0.00810134 0.00939618 
0.010897 0.00965089 0.00844245 0.00878528 0.00878525 0.00942762 0.0125979 0.0321131 0.0406751 0.0456436 0.0755329 0 0.282182 0.0252532 0.0103417 0.00796084 0.00838228 0.0123351 0.0155711 0.0101847 0.00919764 0.00911616 0.00947365 0.00952376 0.00970769 0.0112297 0.0142951 0.0137149 0.0100247 0.00927461 0.00952479 0.00965329 0.0157655 0.0105528 0.00947649 0.00878955 0.00899104 0.00884047 0.00870929 0.00850276 0.00854509 0.00974431 0.00950928 0.00845064 0.00836289 0.00907646 0.010212 0.0095672 0.011379 0.00855683 0.00820056 0.00800278 0.00800199 0.00797253 0.00795614 0.00829865 0.00915261 
0.0108162 0.0100557 0.00859891 0.00864166 0.00886285 0.00973668 0.0130197 0.0183658 0.0153818 0.0218149 0.0225847 0.282182 0 0.00413303 0.00858401 0.00995516 0.0144628 0.0101157 0.0107645 0.0128236 0.00820715 0.0166934 0.0203322 0.0122481 0.00960743 0.0177138 0.0200015 0.0116791 0.0116842 0.0104335 0.00946204 0.0125126 0.0162466 0.0109914 0.0112176 0.0096653 0.00940556 0.00988893 0.00881002 0.00883689 0.00873772 0.0101693 0.00904873 0.00950747 0.00847069 0.00984908 0.0128189 0.0087064 0.0089952 0.00825944 0.00819381 0.00813226 0.00803909 0.0080271 0.00802401 0.00820995 0.00841732 
0.0107191 0.00957294 0.00865469 0.00865259 0.00879307 0.00997673 0.014428 0.0216936 0.020726 0.0618457 0.0380257 0.0252532 0.00413303 0 0.00710337 0.00898591 0.00656567 0.0107994 0.0106559 0.00937815 0.0101021 0.0146313 0.0166315 0.0112577 0.0121521 0.0354768 0.021679 0.0144803 0.0118659 0.00975965 0.0107599 0.0122731 0.0189092 0.010732 0.0106836 0.00947271 0.0101996 0.00996333 0.00998862 0.00918276 0.0108397 0.010021 0.0112293 0.00996655 0.0092557 0.0137631 0.0163471 0.00881725 0.0101055 0.00848652 0.00829588 0.00808525 0.00816625 0.00805452 0.00815442 0.00841776 0.00837863 
0.0101722 0.00865228 0.00872066 0.00861894 0.00877079 0.00927553 0.0127387 0.0109608 0.0110531 0.0128023 0.0136011 0.0103417 0.00858401 0.00710337 0 0.00361984 0.00363136 0.00420306 0.00384048 0.00441948 0.313207 0.0493098 0.0105901 0.00803795 0.00732519 0.00907641 0.0237731 0.012492 0.0104218 0.0105405 0.00943326 0.01047 0.0203819 0.0138082 0.0116662 0.014326 0.0102439 0.0097894 0.00939696 0.0093169 0.00881606 0.0116998 0.00939289 0.00915622 0.0091944 0.0100844 0.0138166 0.00897016 0.00906184 0.00835453 0.00808309 0.0081644 0.00806174 0.00805259 0.00822267 0.00874215 0.00844911 
0.00866459 0.00895724 0.00909812 0.0085706 0.00906421 0.00940529 0.00887141 0.00858131 0.0087725 0.00927054 0.00885438 0.00796084 0.00995516 0.00898591 0.00361984 0 0.00360792 0.0035725 0.00416283 0.452082 0.0552953 0.0167762 0.00803399 0.00748207 0.0066995 0.0153733 0.00736607 0.00984221 0.0117749 0.0124968 0.0095827 0.0139597 0.00894622 0.00927025 0.0151656 0.0139805 0.0112739 0.0121205 0.00963888 0.00929716 0.00914884 0.00860567 0.00912682 0.00914532 0.011366 0.0101471 0.00916208 0.0080082 0.00810854 0.00818848 0.00818897 0.00826144 0.00806786 0.00809338 0.00813121 0.00807273 0.00799293 
0.00842073 0.00943097 0.0085061 0.0086177 0.00849882 0.00915286 0.00846647 0.00852112 0.00877056 0.0091568 0.00854533 0.00838228 0.0144628 0.00656567 0.00363136 0.00360792 0 0.00397118 0.0106653 0.114145 0.0146406 0.00400476 0.00508484 0.00773515 0.0112148 0.00646321 0.00587838 0.00870628 0.012755 0.0091727 0.0131194 0.00919246 0.0099226 0.00886733 0.0122302 0.00969547 0.0104752 0.00944313 0.00962217 0.00870229 0.00889081 0.00836697 0.00864113 0.0111055 0.00861715 0.0115745 0.00868046 0.00811735 0.00818536 0.00816083 0.00829882 0.00807814 0.00819399 0.00804648 0.00804646 0.00808489 0.00800097 
0.012641 0.0087295 0.00912825 0.00854393 0.00847094 0.00830627 0.00901427 0.0112203 0.0114437 0.0128046 0.0123301 0.0123351 0.0101157 0.0107994 0.00420306 0.0035725 0.00397118 0 0.901571 0.00816675 0.0037984 0.00391119 0.00527231 0.00832898 0.00465469 0.00593963 0.00626198 0.0131002 0.0089365 0.00934684 0.00834747 0.0124191 0.0105993 0.0137344 0.00883751 0.00927592 0.0087434 0.00927376 0.00873815 0.00881088 0.0085177 0.0096665 0.0137566 0.008446 0.00913944 0.0085274 0.0129184 0.00916893 0.00983928 0.00943897 0.00806638 0.00823505 0.00805936 0.00801871 0.00798833 0.00805621 0.00827078 
0.00980215 0.0111024 0.00868216 0.00929776 0.00897094 0.00967931 0.0151888 0.0142627 0.0138033 0.0218199 0.0154248 0.0155711 0.0107645 0.0106559 0.00384048 0.00416283 0.0106653 0.901571 0 0.00360439 0.0035652 0.00359248 0.00359861 0.00362284 0.00371626 0.00402988 0.00828669 0.0205596 0.0126552 0.00973485 0.0131414 0.0103098 0.0528523 0.0300331 0.0229834 0.014427 0.0130676 0.010687 0.0121102 0.0098184 0.0118175 0.0149031 0.0114724 0.0127073 0.00935132 0.0139986 0.0158119 0.00953868 0.0105002 0.00840303 0.00945062 0.00833384 0.00881614 0.00826402 0.0084644 0.00993492 0.0102114 
0.00987993 0.00967204 0.0115304 0.00892883 0.0114584 0.0118677 0.0106122 0.00979374 0.00903115 0.0102739 0.0103872 0.0101847 0.0128236 0.00937815 0.00441948 0.452082 0.114145 0.00816675 0.00360439 0 0.00354624 0.00356416 0.00365738 0.00358599 0.00381667 0.00539012 0.00576475 0.0113585 0.0170588 0.0192568 0.0109348 0.0350801 0.0109063 0.0114215 0.0797226 0.0254873 0.0195453 0.0257667 0.0135852 0.0166525 0.0114806 0.0101881 0.0106162 0.0120824 0.0276545 0.0174852 0.0181539 0.00816015 0.0085822 0.00845622 0.00850024 0.00898933 0.00836276 0.00851411 0.00854147 0.00825129 0.00820217 
0.00977869 0.0116267 0.0106054 0.0146509 0.0125687 0.0128168 0.0107036 0.00952985 0.0086167 0.00947352 0.00858843 0.00919764 0.00820715 0.0101021 0.313207 0.0552953 0.0146406 0.0037984 0.0035652 0.00354624 0 0.00353371 0.0035563 0.00369346 0.00371872 0.00369204 0.00374611 0.0109126 0.0170741 0.0165903 0.0466134 0.0116267 0.019066 0.00996497 0.0206875 0.0859192 0.0519643 0.0269253 0.0422457 0.0137612 0.0130673 0.00901768 0.00993085 0.0294458 0.019719 0.045096 0.0117122 0.00816194 0.00835702 0.00821504 0.0095027 0.00888241 0.0102013 0.00897014 0.00891246 0.00859856 0.0080541 
0.00976528 0.00995695 0.0149222 0.0108786 0.0137865 0.0129355 0.0118642 0.00915574 0.00859302 0.00903968 0.00879031 0.00911616 0.0166934 0.0146313 0.0493098 0.0167762 0.00400476 0.00391119 0.00359248 0.00356416 0.00353371 0 0.00354782 0.00365826 0.00356156 0.00361017 0.00367175 0.0109597 0.0129985 0.0313029 0.0144543 0.0269153 0.0208203 0.0108151 0.0188613 0.0386108 0.0599077 0.0425768 0.0250049 0.0239016 0.0106132 0.00939074 0.0108013 0.0148925 0.0470388 0.0175125 0.0164674 0.00818776 0.0084508 0.00838459 0.0089971 0.0109175 0.00968958 0.0100322 0.00876564 0.00857295 0.0080628 
0.00947595 0.0113394 0.0110898 0.0123279 0.0124256 0.0124825 0.011406 0.00945993 0.00863272 0.00948787 0.00867565 0.00947365 0.0203322 0.0166315 0.0105901 0.00803399 0.00508484 0.00527231 0.00359861 0.00365738 0.0035563 0.00354782 0 0.00353186 0.00356172 0.00362694 0.00360441 0.01226 0.0271716 0.016269 0.0373714 0.026223 0.0152748 0.0106974 0.0189171 0.0219162 0.0389565 0.0537077 0.0330367 0.012981 0.0123197 0.00923342 0.0116804 0.0214711 0.0172339 0.0331531 0.0123921 0.00816797 0.00842831 0.00833728 0.00995363 0.00912085 0.0107067 0.00897878 0.00853854 0.00853327 0.00805807 
0.0100024 0.0104716 0.0129813 0.0116883 0.0128071 0.0107071 0.0104496 0.00932162 0.00851904 0.00912364 0.00889285 0.00952376 0.0122481 0.0112577 0.00803795 0.00748207 0.00773515 0.00832898 0.00362284 0.00358599 0.00369346 0.00365826 0.00353186 0 0.00355554 0.00359955 0.00356968 0.0172778 0.0146766 0.0445883 0.0287335 0.0286549 0.00970541 0.0113767 0.0142214 0.0282275 0.0310194 0.0388934 0.0356465 0.0170851 0.0102014 0.0119804 0.0102235 0.0136312 0.0358817 0.0212641 0.0165778 0.00813234 0.00847464 0.00849953 0.00887647 0.0105598 0.00931987 0.0094138 0.00852485 0.00843512 0.0080306 
0.00945684 0.0118831 0.0127776 0.0129692 0.0129717 0.0114283 0.0106245 0.0092332 0.00859047 0.00920599 0.0087399 0.00970769 0.00960743 0.0121521 0.00732519 0.0066995 0.0112148 0.00465469 0.00371626 0.00381667 0.00371872 0.00356156 0.00356172 0.00355554 0 0.00358629 0.00359117 0.0111125 0.0404688 0.0389935 0.0353453 0.0116545 0.0110753 0.00987317 0.0201131 0.0299026 0.0434289 0.0267055 0.0310767 0.020553 0.0311567 0.00907734 0.010606 0.0172226 0.0377258 0.0327386 0.0129165 0.00821611 0.00854679 0.00844092 0.0102929 0.00939513 0.0108622 0.00932569 0.00865966 0.0085687 0.00806756 
0.00972294 0.0121069 0.0101671 0.00961442 0.00986043 0.0131226 0.0109468 0.0101981 0.00912794 0.0108473 0.00999842 0.0112297 0.0177138 0.0354768 0.00907641 0.0153733 0.00646321 0.00593963 0.00402988 0.00539012 0.00369204 0.00361017 0.00362694 0.00359955 0.00358629 0 0.00357915 0.0236661 0.0435068 0.0367825 0.0158682 0.0270981 0.0141443 0.0121211 0.0180265 0.0208112 0.0221063 0.0231344 0.0163214 0.0335701 0.0191777 0.010004 0.0115863 0.0282326 0.0177264 0.045859 0.0229892 0.00832697 0.00932892 0.00878809 0.00952735 0.00876295 0.00895754 0.00861828 0.00848786 0.00854513 0.00801242 
0.0154317 0.00914644 0.00928054 0.00922416 0.00894873 0.00959192 0.014241 0.0140008 0.0120241 0.0143876 0.0138072 0.0142951 0.0200015 0.021679 0.0237731 0.00736607 0.00587838 0.00626198 0.00828669 0.00576475 0.00374611 0.00367175 0.00360441 0.00356968 0.00359117 0.00357915 0 0.0415719 0.0245185 0.0108998 0.0108163 0.023069 0.0444205 0.0202775 0.0118425 0.0131222 0.0129569 0.0121829 0.0360435 0.0107518 0.0116904 0.0150448 0.0316858 0.0100332 0.0131934 0.0125207 0.0391686 0.0105604 0.0133868 0.0130645 0.0085935 0.0088559 0.00838498 0.00825209 0.0082543 0.00857631 0.00845982 
0.0092519 0.00869046 0.00841639 0.00842131 0.00854616 0.00932335 0.0165711 0.0108902 0.0106252 0.0119915 0.0114405 0.0137149 0.0116791 0.0144803 0.012492 0.00984221 0.00870628 0.0131002 0.0205596 0.0113585 0.0109126 0.0109597 0.01226 0.0172778 0.0111125 0.0236661 0.0415719 0 0.00360029 0.00358515 0.00355546 0.00369956 0.00460433 0.0158538 0.00903029 0.0085832 0.00942057 0.71105 0.0304241 0.01813 0.013127 0.0201862 0.0128707 0.0108143 0.0110848 0.011388 0.0312198 0.00967654 0.0106973 0.00848238 0.00880099 0.00846353 0.0083248 0.00835958 0.0089789 0.0112463 0.00908527 
0.00851581 0.0101696 0.00872011 0.00984453 0.0089605 0.0128243 0.0093716 0.00905878 0.00888634 0.00984899 0.0087288 0.0100247 0.0116842 0.0118659 0.0104218 0.0117749 0.012755 0.0089365 0.0126552 0.0170588 0.0170741 0.0129985 0.0271716 0.0146766 0.0404688 0.0435068 0.0245185 0.00360029 0 0.00354277 0.00354822 0.00377242 0.00471246 0.0107122 0.0165841 0.00837222 0.824059 0.0151578 0.0228294 0.00988664 0.029107 0.00923601 0.00987935 0.0244333 0.01076 0.0422083 0.0115972 0.00844994 0.00895954 0.00845703 0.0105515 0.00853047 0.010271 0.00863511 0.0134247 0.00874595 0.00828561 
0.0125348 0.00862781 0.019551 0.00909633 0.0168422 0.0101892 0.00982152 0.00865473 0.00832786 0.00888154 0.00868661 0.00927461 0.0104335 0.00975965 0.0105405 0.0124968 0.0091727 0.00934684 0.00973485 0.0192568 0.0165903 0.0313029 0.016269 0.0445883 0.0389935 0.0367825 0.0108998 0.00358515 0.00354277 0 0.00353618 0.00358136 0.00355763 0.0102031 0.0079962 0.886971 0.0146744 0.0433305 0.0105482 0.021529 0.0104498 0.00906108 0.0149489 0.0104002 0.0942703 0.0121405 0.0196501 0.00818733 0.00877507 0.00981645 0.0089332 0.0201039 0.00883666 0.0145316 0.00915805 0.0085027 0.00800273 
0.00837795 0.0144182 0.00909267 0.0243809 0.00978894 0.0128989 0.00933868 0.00882114 0.00850062 0.0094992 0.00823549 0.00952479 0.00946204 0.0107599 0.00943326 0.0095827 0.0131194 0.00834747 0.0131414 0.0109348 0.0466134 0.0144543 0.0373714 0.0287335 0.0353453 0.0158682 0.0108163 0.00355546 0.00354822 0.00353618 0 0.00354007 0.0037097 0.00647465 0.880535 0.0240189 0.0347296 0.00972267 0.0347112 0.0128199 0.0102928 0.00814526 0.00877304 0.04674 0.00958988 0.0519585 0.00997385 0.00833583 0.00864436 0.00829399 0.0194041 0.00877977 0.0219288 0.0090784 0.00896123 0.0103936 0.00847837 
0.0123126 0.00841024 0.0151867 0.00852728 0.0103247 0.0093077 0.00943189 0.00907469 0.00863302 0.00883562 0.0120927 0.00965329 0.0125126 0.0122731 0.01047 0.0139597 0.00919246 0.0124191 0.0103098 0.0350801 0.0116267 0.0269153 0.026223 0.0286549 0.0116545 0.0270981 0.023069 0.00369956 0.00377242 0.00358136 0.00354007 0 0.00362128 0.92362 0.0237701 0.047396 0.0089094 0.0371452 0.00972654 0.012439 0.00908248 0.0112124 0.0182486 0.00913889 0.0443743 0.0102032 0.0376706 0.00901044 0.0116287 0.0148598 0.00853891 0.0189672 0.00840036 0.00907883 0.00960257 0.00850178 0.00811582 
0.00994792 0.0125843 0.00834151 0.0097086 0.00848124 0.00913333 0.0101019 0.0135987 0.0120933 0.0201206 0.0108285 0.0157655 0.0162466 0.0189092 0.0203819 0.00894622 0.0099226 0.0105993 0.0528523 0.0109063 0.019066 0.0208203 0.0152748 0.00970541 0.0110753 0.0141443 0.0444205 0.00460433 0.00471246 0.00355763 0.0037097 0.00362128 0 0.0224077 0.0463549 0.00900589 0.0304961 0.010234 0.0128909 0.00741022 0.0168994 0.0101926 0.0152008 0.0207158 0.00883893 0.0242173 0.0152211 0.0130462 0.0161513 0.0106784 0.0165277 0.00843108 0.0103752 0.00840504 0.00830376 0.0142589 0.0110131 
0.00991037 0.00801794 0.00878421 0.00803408 0.00845064 0.00830394 0.0117805 0.0094747 0.00901451 0.00991592 0.0151566 0.0105528 0.0109914 0.010732 0.0138082 0.00927025 0.00886733 0.0137344 0.0300331 0.0114215 0.00996497 0.0108151 0.0106974 0.0113767 0.00987317 0.0121211 0.0202775 0.0158538 0.0107122 0.0102031 0.00647465 0.92362 0.0224077 0 0.00450044 0.00362735 0.00357809 0.00370167 0.00362982 0.00550962 0.0040976 0.0075875 0.0110125 0.00745381 0.00861515 0.00983707 0.0277053 0.0122742 0.0133924 0.0114456 0.00809765 0.0101448 0.00809134 0.00835084 0.00894487 0.00890888 0.00951555 
0.00864789 0.0116818 0.00832964 0.0101078 0.00842842 0.0102584 0.00862153 0.00868399 0.00857569 0.00965213 0.00952502 0.00947649 0.0112176 0.0106836 0.0116662 0.0151656 0.0122302 0.00883751 0.0229834 0.0797226 0.0206875 0.0188613 0.0189171 0.0142214 0.0201131 0.0180265 0.0118425 0.00903029 0.0165841 0.0079962 0.880535 0.0237701 0.0463549 0.00450044 0 0.00355574 0.00356131 0.00352175 0.00358937 0.00354866 0.00428099 0.00405496 0.00710627 0.0118031 0.00828403 0.0212248 0.011164 0.00963235 0.00995922 0.00883715 0.0156582 0.00839137 0.0119217 0.0087258 0.00910512 0.00998362 0.00866957 
0.011113 0.00856621 0.0135065 0.00898391 0.0126884 0.00939905 0.00942148 0.00836337 0.00820187 0.0084966 0.00862571 0.00878955 0.0096653 0.00947271 0.014326 0.0139805 0.00969547 0.00927592 0.014427 0.0254873 0.0859192 0.0386108 0.0219162 0.0282275 0.0299026 0.0208112 0.0131222 0.0085832 0.00837222 0.886971 0.0240189 0.047396 0.00900589 0.00362735 0.00355574 0 0.00354179 0.00355325 0.00353689 0.00361865 0.00353296 0.00363416 0.00738746 0.00824418 0.024679 0.010355 0.0227083 0.00849185 0.00903991 0.0103898 0.00908038 0.0210487 0.00928847 0.0151263 0.0100323 0.00913692 0.00808108 
0.00868767 0.0123599 0.00955075 0.0139708 0.00988777 0.0127114 0.0101411 0.00857594 0.00833603 0.00888881 0.00848908 0.00899104 0.00940556 0.0101996 0.0102439 0.0112739 0.0104752 0.0087434 0.0130676 0.0195453 0.0519643 0.0599077 0.0389565 0.0310194 0.0434289 0.0221063 0.0129569 0.00942057 0.824059 0.0146744 0.0347296 0.0089094 0.0304961 0.00357809 0.00356131 0.00354179 0 0.00355023 0.00356418 0.00356405 0.00361794 0.00359015 0.00663282 0.016827 0.00998962 0.0311569 0.0162947 0.00859067 0.00886591 0.00891013 0.0203902 0.00995241 0.0266806 0.010743 0.0104703 0.00999985 0.00826343 
0.00944771 0.0087174 0.0138891 0.00902308 0.0133512 0.00953148 0.00977847 0.00841525 0.00822319 0.00876806 0.00899585 0.00884047 0.00988893 0.00996333 0.0097894 0.0121205 0.00944313 0.00927376 0.010687 0.0257667 0.0269253 0.0425768 0.0537077 0.0388934 0.0267055 0.0231344 0.0121829 0.71105 0.0151578 0.0433305 0.00972267 0.0371452 0.010234 0.00370167 0.00352175 0.00355325 0.00355023 0 0.00353059 0.00352743 0.00357501 0.00361237 0.0083293 0.00816357 0.0341237 0.0132495 0.0410836 0.00845894 0.00932543 0.0096691 0.00936094 0.0343545 0.00952286 0.0154733 0.00963362 0.00886164 0.00824377 
0.00855938 0.0101212 0.00930558 0.0112965 0.00940654 0.0100947 0.00980359 0.00845658 0.0081585 0.00884457 0.00821342 0.00870929 0.00881002 0.00998862 0.00939696 0.00963888 0.00962217 0.00873815 0.0121102 0.0135852 0.0422457 0.0250049 0.0330367 0.0356465 0.0310767 0.0163214 0.0360435 0.0304241 0.0228294 0.0105482 0.0347112 0.00972654 0.0128909 0.00362982 0.00358937 0.00353689 0.00356418 0.00353059 0 0.00353621 0.00358586 0.00355817 0.00696888 0.0123094 0.0124977 0.0376654 0.0270112 0.00847996 0.00904518 0.00868542 0.017091 0.00968797 0.0196195 0.00977168 0.00905153 0.00967492 0.00823244 
0.0085427 0.00834366 0.0102747 0.00839645 0.00973469 0.00855575 0.00879237 0.00827532 0.00802797 0.0083167 0.00855399 0.00850276 0.00883689 0.00918276 0.0093169 0.00929716 0.00870229 0.00881088 0.0098184 0.0166525 0.0137612 0.0239016 0.012981 0.0170851 0.020553 0.0335701 0.0107518 0.01813 0.00988664 0.021529 0.0128199 0.012439 0.00741022 0.00550962 0.00354866 0.00361865 0.00356405 0.00352743 0.00353621 0 0.0035361 0.00360905 0.00885248 0.00826645 0.0302323 0.0143787 0.00928467 0.00852429 0.00901036 0.00984007 0.00918394 0.0171014 0.00875748 0.0094363 0.00880026 0.00847752 0.00808285 
0.00811607 0.00898812 0.00837262 0.00846067 0.00824076 0.00835898 0.00858379 0.00829578 0.00810099 0.00850677 0.00817301 0.00854509 0.00873772 0.0108397 0.00881606 0.00914884 0.00889081 0.0085177 0.0118175 0.0114806 0.0130673 0.0106132 0.0123197 0.0102014 0.0311567 0.0191777 0.0116904 0.013127 0.029107 0.0104498 0.0102928 0.00908248 0.0168994 0.0040976 0.00428099 0.00353296 0.00361794 0.00357501 0.00358586 0.0035361 0 0.00365466 0.0111989 0.0326376 0.0163617 0.0138217 0.00800247 0.00899276 0.00991045 0.00874423 0.0106345 0.00840218 0.00898154 0.00849998 0.00844658 0.00879893 0.00828904 
0.00944727 0.00818455 0.0082205 0.00818733 0.0080936 0.00814075 0.00859149 0.00941324 0.00857798 0.0094299 0.00952387 0.00974431 0.0101693 0.010021 0.0116998 0.00860567 0.00836697 0.0096665 0.0149031 0.0101881 0.00901768 0.00939074 0.00923342 0.0119804 0.00907734 0.010004 0.0150448 0.0201862 0.00923601 0.00906108 0.00814526 0.0112124 0.0101926 0.0075875 0.00405496 0.00363416 0.00359015 0.00361237 0.00355817 0.00360905 0.00365466 0 0.0415135 0.00905455 0.00803471 0.00660145 0.0111282 0.0104833 0.0192112 0.0135455 0.00837215 0.009306 0.00832026 0.00847985 0.00819553 0.00847348 0.00849012 
0.00877881 0.00816499 0.00824761 0.00815858 0.00824088 0.00841795 0.0102282 0.00959801 0.00884768 0.00938419 0.0101612 0.00950928 0.00904873 0.0112293 0.00939289 0.00912682 0.00864113 0.0137566 0.0114724 0.0106162 0.00993085 0.0108013 0.0116804 0.0102235 0.010606 0.0115863 0.0316858 0.0128707 0.00987935 0.0149489 0.00877304 0.0182486 0.0152008 0.0110125 0.00710627 0.00738746 0.00663282 0.0083293 0.00696888 0.00885248 0.0111989 0.0415135 0 0.0036596 0.00356836 0.00358039 0.00416089 0.0142395 0.0151348 0.0114464 0.00873235 0.00990457 0.0085504 0.00901737 0.00925786 0.0104179 0.0101323 
0.00807132 0.00933121 0.00832077 0.00890232 0.00833631 0.00879989 0.00839039 0.00821604 0.00818105 0.0093506 0.00806979 0.00845064 0.00950747 0.00996655 0.00915622 0.00914532 0.0111055 0.008446 0.0127073 0.0120824 0.0294458 0.0148925 0.0214711 0.0136312 0.0172226 0.0282326 0.0100332 0.0108143 0.0244333 0.0104002 0.04674 0.00913889 0.0207158 0.00745381 0.0118031 0.00824418 0.016827 0.00816357 0.0123094 0.00826645 0.0326376 0.00905455 0.0036596 0 0.00355642 0.00365179 0.00356936 0.00914633 0.010677 0.0086589 0.0219326 0.00850802 0.0184828 0.00876298 0.0111954 0.0103921 0.00868665 
0.0094224 0.00831675 0.0111925 0.00852124 0.0100757 0.00860732 0.00903878 0.00818046 0.00810197 0.00817736 0.00825411 0.00836289 0.00847069 0.0092557 0.0091944 0.011366 0.00861715 0.00913944 0.00935132 0.0276545 0.019719 0.0470388 0.0172339 0.0358817 0.0377258 0.0177264 0.0131934 0.0110848 0.01076 0.0942703 0.00958988 0.0443743 0.00883893 0.00861515 0.00828403 0.024679 0.00998962 0.0341237 0.0124977 0.0302323 0.0163617 0.00803471 0.00356836 0.00355642 0 0.00352845 0.00356221 0.00834502 0.0096259 0.0120907 0.00899167 0.0544304 0.00885437 0.0158059 0.0102905 0.00863125 0.00816846 
0.00834056 0.0104849 0.00846367 0.00925594 0.00870393 0.0097946 0.00864224 0.00844607 0.008257 0.00929823 0.00812684 0.00907646 0.00984908 0.0137631 0.0100844 0.0101471 0.0115745 0.0085274 0.0139986 0.0174852 0.045096 0.0175125 0.0331531 0.0212641 0.0327386 0.045859 0.0125207 0.011388 0.0422083 0.0121405 0.0519585 0.0102032 0.0242173 0.00983707 0.0212248 0.010355 0.0311569 0.0132495 0.0376654 0.0143787 0.0138217 0.00660145 0.00358039 0.00365179 0.00352845 0 0.00353137 0.00990216 0.0123316 0.00883786 0.0379308 0.00886898 0.0177912 0.0095994 0.0107165 0.0122114 0.00847651 
0.0113113 0.00831136 0.00876167 0.00838749 0.00844379 0.0102344 0.00953013 0.00992999 0.00896914 0.00971989 0.00989792 0.010212 0.0128189 0.0163471 0.0138166 0.00916208 0.00868046 0.0129184 0.0158119 0.0181539 0.0117122 0.0164674 0.0123921 0.0165778 0.0129165 0.0229892 0.0391686 0.0312198 0.0115972 0.0196501 0.00997385 0.0376706 0.0152211 0.0277053 0.011164 0.0227083 0.0162947 0.0410836 0.0270112 0.00928467 0.00800247 0.0111282 0.00416089 0.00356936 0.00356221 0.00353137 0 0.0183995 0.0378353 0.0293798 0.00919164 0.0144076 0.00887359 0.00970188 0.00969879 0.0109691 0.00944255 
0.00828439 0.00800947 0.00795647 0.00796437 0.00793598 0.00794228 0.00824621 0.00910055 0.0100832 0.0109438 0.0110026 0.0095672 0.0087064 0.00881725 0.00897016 0.0080082 0.00811735 0.00916893 0.00953868 0.00816015 0.00816194 0.00818776 0.00816797 0.00813234 0.00821611 0.00832697 0.0105604 0.00967654 0.00844994 0.00818733 0.00833583 0.00901044 0.0130462 0.0122742 0.00963235 0.00849185 0.00859067 0.00845894 0.00847996 0.00852429 0.00899276 0.0104833 0.0142395 0.00914633 0.00834502 0.00990216 0.0183995 0 0.967861 0.0115492 0.00894866 0.00873474 0.00866162 0.00842018 0.00881398 0.0103495 0.0201439 
0.00837812 0.00805612 0.00798015 0.00797888 0.00797044 0.00801081 0.00898216 0.0113354 0.0104752 0.0138994 0.0123604 0.011379 0.0089952 0.0101055 0.00906184 0.00810854 0.00818536 0.00983928 0.0105002 0.0085822 0.00835702 0.0084508 0.00842831 0.00847464 0.00854679 0.00932892 0.0133868 0.0106973 0.00895954 0.00877507 0.00864436 0.0116287 0.0161513 0.0133924 0.00995922 0.00903991 0.00886591 0.00932543 0.00904518 0.00901036 0.00991045 0.0192112 0.0151348 0.010677 0.0096259 0.0123316 0.0378353 0.967861 0 0.0172185 0.00966334 0.0112444 0.00943041 0.00974239 0.00980814 0.0263954 0.0278117 
0.00838976 0.00794484 0.00847423 0.00798972 0.00822242 0.00801883 0.00853217 0.0084733 0.00854386 0.008587 0.0107385 0.00855683 0.00825944 0.00848652 0.00835453 0.00818848 0.00816083 0.00943897 0.00840303 0.00845622 0.00821504 0.00838459 0.00833728 0.00849953 0.00844092 0.00878809 0.0130645 0.00848238 0.00845703 0.00981645 0.00829399 0.0148598 0.0106784 0.0114456 0.00883715 0.0103898 0.00891013 0.0096691 0.00868542 0.00984007 0.00874423 0.0135455 0.0114464 0.0086589 0.0120907 0.00883786 0.0293798 0.0115492 0.0172185 0 0.00366514 0.0037527 0.00357691 0.00389245 0.00423833 0.00406878 0.0139111 
0.00800796 0.00923825 0.00808421 0.00862611 0.00811257 0.00830906 0.00811952 0.00812567 0.00819545 0.00860117 0.00799406 0.00820056 0.00819381 0.00829588 0.00808309 0.00818897 0.00829882 0.00806638 0.00945062 0.00850024 0.0095027 0.0089971 0.00995363 0.00887647 0.0102929 0.00952735 0.0085935 0.00880099 0.0105515 0.0089332 0.0194041 0.00853891 0.0165277 0.00809765 0.0156582 0.00908038 0.0203902 0.00936094 0.017091 0.00918394 0.0106345 0.00837215 0.00873235 0.0219326 0.00899167 0.0379308 0.00919164 0.00894866 0.00966334 0.00366514 0 0.00353494 0.00368194 0.00356556 0.00366762 0.00447629 0.0121219 
0.00836064 0.00813434 0.00857197 0.00803427 0.00850753 0.00811387 0.00813999 0.00798355 0.00796217 0.00796508 0.00856568 0.00800278 0.00813226 0.00808525 0.0081644 0.00826144 0.00807814 0.00823505 0.00833384 0.00898933 0.00888241 0.0109175 0.00912085 0.0105598 0.00939513 0.00876295 0.0088559 0.00846353 0.00853047 0.0201039 0.00877977 0.0189672 0.00843108 0.0101448 0.00839137 0.0210487 0.00995241 0.0343545 0.00968797 0.0171014 0.00840218 0.009306 0.00990457 0.00850802 0.0544304 0.00886898 0.0144076 0.00873474 0.0112444 0.0037527 0.00353494 0 0.00354908 0.00357454 0.00362801 0.00358058 0.00724727 
0.00799613 0.00866013 0.00798942 0.00839509 0.00804305 0.00813587 0.00809593 0.00806063 0.00810555 0.00835799 0.00796344 0.00800199 0.00803909 0.00816625 0.00806174 0.00806786 0.00819399 0.00805936 0.00881614 0.00836276 0.0102013 0.00968958 0.0107067 0.00931987 0.0108622 0.00895754 0.00838498 0.0083248 0.010271 0.00883666 0.0219288 0.00840036 0.0103752 0.00809134 0.0119217 0.00928847 0.0266806 0.00952286 0.0196195 0.00875748 0.00898154 0.00832026 0.0085504 0.0184828 0.00885437 0.0177912 0.00887359 0.00866162 0.00943041 0.00357691 0.00368194 0.00354908 0 0.00354401 0.00358255 0.0039386 0.00803515 
0.00805705 0.0081296 0.00804949 0.00803573 0.00805448 0.00806108 0.00805367 0.00798048 0.00795245 0.00795075 0.00797618 0.00797253 0.0080271 0.00805452 0.00805259 0.00809338 0.00804648 0.00801871 0.00826402 0.00851411 0.00897014 0.0100322 0.00897878 0.0094138 0.00932569 0.00861828 0.00825209 0.00835958 0.00863511 0.0145316 0.0090784 0.00907883 0.00840504 0.00835084 0.0087258 0.0151263 0.010743 0.0154733 0.00977168 0.0094363 0.00849998 0.00847985 0.00901737 0.00876298 0.0158059 0.0095994 0.00970188 0.00842018 0.00974239 0.00389245 0.00356556 0.00357454 0.00354401 0 0.00353096 0.00355134 0.007401 
0.00808914 0.00805261 0.00808578 0.00805272 0.00804427 0.00804761 0.00796728 0.00796965 0.00794295 0.00797387 0.00803501 0.00795614 0.00802401 0.00815442 0.00822267 0.00813121 0.00804646 0.00798833 0.0084644 0.00854147 0.00891246 0.00876564 0.00853854 0.00852485 0.00865966 0.00848786 0.0082543 0.0089789 0.0134247 0.00915805 0.00896123 0.00960257 0.00830376 0.00894487 0.00910512 0.0100323 0.0104703 0.00963362 0.00905153 0.00880026 0.00844658 0.00819553 0.00925786 0.0111954 0.0102905 0.0107165 0.00969879 0.00881398 0.00980814 0.00423833 0.00366762 0.00362801 0.00358255 0.00353096 0 0.0035392 0.00707998 
0.0080433 0.00840991 0.00794928 0.0081471 0.00797661 0.00796067 0.00806378 0.00842152 0.00890433 0.00977781 0.00810134 0.00829865 0.00820995 0.00841776 0.00874215 0.00807273 0.00808489 0.00805621 0.00993492 0.00825129 0.00859856 0.00857295 0.00853327 0.00843512 0.0085687 0.00854513 0.00857631 0.0112463 0.00874595 0.0085027 0.0103936 0.00850178 0.0142589 0.00890888 0.00998362 0.00913692 0.00999985 0.00886164 0.00967492 0.00847752 0.00879893 0.00847348 0.0104179 0.0103921 0.00863125 0.0122114 0.0109691 0.0103495 0.0263954 0.00406878 0.00447629 0.00358058 0.0039386 0.00355134 0.0035392 0 0.0458802 
0.00824504 0.008522 0.00794358 0.00830613 0.00796289 0.00794045 0.00810343 0.00916267 0.010331 0.0122492 0.00939618 0.00915261 0.00841732 0.00837863 0.00844911 0.00799293 0.00800097 0.00827078 0.0102114 0.00820217 0.0080541 0.0080628 0.00805807 0.0080306 0.00806756 0.00801242 0.00845982 0.00908527 0.00828561 0.00800273 0.00847837 0.00811582 0.0110131 0.00951555 0.00866957 0.00808108 0.00826343 0.00824377 0.00823244 0.00808285 0.00828904 0.00849012 0.0101323 0.00868665 0.00816846 0.00847651 0.00944255 0.0201439 0.0278117 0.0139111 0.0121219 0.00724727 0.00803515 0.007401 0.00707998 0.0458802 0 
