1A69A
ATPHINAEMGDFADVVLMPGDPLRAKYIAETFLEDAREVNNVRGMLGFTGTYKGRKISVMGHGMGIPSCSIYTKELITDFGVKKIIRVGSCGAVLPHVKLRDVVIGMGACTDSKVNRIRFKDHDFAAIADFDMVRNAVDAAKALGIDARVGNLFSADLFYSPDGEMFDVMEKYGILGVEMEAAGIYGVAAEFGAKALTICTVSDHIRTHEQTTAAERQTTFNDMIKIALESVLLGDK
CCCCCCCCCCCCCCEEEECCCHHHHHHHHHHCCEEEEEEECHHHCCEEEEEECCEEEEEECCCCCHHHHHHHHHHHHHHCCCCEEEEEEEEEECCCCCCCCCEEEEEEEEECCCHHHHHCCCCCCCCECCHHHHHHHHHHHHHCCCCEEEEEEEECCCCCCCCCCHHHHHHHCCCCEEECCHHHHHHHHHHCCCEEEEEEEEEEECCCCCCCCHHHHHHCCHHHHHHHHHHHHHHHC
0 0 0 0 0 0 0 0 0 0 0 0 0 0 0 0 0 0 0 0 0 0 0 0 0 0 0 0 0 0 0 0 0 0 0 0 0 0 0 0 0 0 0 0 0 0 0 0 0 0 0 0 0 0 0 0 0 0 0 0 0 0 0 0 0 0 0 0 0 0 0 0 0 0 0 0 0 0 0 0 0 0 0 0 0 0 0 0 0 0 0 0 0 0 0 0 0 0 0 0 0 0 0 0 0 0 0 0 0 0 0 0 0 0 0 0 0 0 0 0 0 0 0 0 0 0 0 0 0 0 0 0 0 0 0 0 0 0 0 0 0 0 0 0 0 0 0 0 0 0 0 0 0 0 0 0 0 0 0 0 0 0 0 0 0 0 0 0 0 0 0 0 0 0 0 0 0 0 0 0 0 0 0 0 0 0 0 0 0 0 0 0 0 0 0 0 0 0 0 0 0 0 0 0 0 0 0 0 0 0 0 0 0 0 0 0 0 0 0 0 0 0 0 0 0 0 0 0 0 0 0 0 0 0 0 0 0 
0 0 0 0 0 0 0 0 0 0 0 0 0 0 0 0 0 0 0 0 0 0 0 0 0 0 0 0 0 0 0 0 0 0 0 0 0 0 0 0 0 0 0 0 0 0 0 0 0 0 0 0 0 0 0 0 0 0 0 0 0 0 0 0 0 0 0 0 0 0 0 0 0 0 0 0 0 0 0 0 0 0 0 0 0 0 0 0 0 0 0 0 0 0 0 0 0 0 0 0 0 0 0 0 0 0 0 0 0 0 0 0 0 0 0 0 0 0 0 0 0 0 0 0 0 0 0 0 0 0 0 0 0 0 0 0 0 0 0 0 0 0 0 0 0 0 0 0 0 0 0 0 0 0 0 0 0 0 0 0 0 0 0 0 0 0 0 0 0 0 0 0 0 0 0 0 0 0 0 0 0 0 0 0 0 0 0 0 0 0 0 0 0 0 0 0 0 0 0 0 0 0 0 0 0 0 0 0 0 0 0 0 0 0 0 0 0 0 0 0 0 0 0 0 0 0 0 0 0 0 0 0 0 0 0 0 0 
0 0.00386954 0.0038072 0.00424143 0.0871324 0.0122441 0.0168554 0.01363 0.0146821 0.0138632 0.0346062 0.0221631 0.0152519 0.0116233 0.0131062 0.0103013 0.0284024 0.0218785 0.0113874 0.0316573 0.0142876 0.0143146 0.0194981 0.024512 0.0196346 0.0184957 0.0111614 0.0130121 0.0107883 0.00963779 0.00955838 0.0105743 0.013427 0.0215251 0.0109571 0.0111139 0.00986571 0.0087533 0.0088984 0.00893802 0.00870568 0.0104087 0.00989234 0.00883537 0.00810693 0.00815843 0.00847985 0.00842823 0.00849923 0.00844211 0.010274 0.00882933 0.00816003 0.00852122 0.00826463 0.0083821 0.00881246 0.00882238 0.00882591 0.00861281 0.00859786 0.00837176 0.00831537 0.00829232 0.00851027 
0.00386954 0 0.00379311 0.0037642 0.020863 0.0893911 0.0162783 0.0210054 0.0193058 0.0264308 0.0122662 0.0181419 0.0414835 0.0175627 0.0148643 0.0145287 0.0104779 0.0107654 0.0233155 0.0257941 0.081001 0.0310858 0.0130616 0.0140538 0.0547976 0.0327864 0.0389474 0.0205041 0.0201799 0.0144666 0.0132559 0.0153054 0.0109545 0.0127175 0.0377052 0.0180714 0.0137655 0.0102914 0.00989664 0.00968888 0.00930737 0.00876073 0.00820884 0.00828857 0.00867467 0.00836295 0.00854052 0.00895871 0.00887307 0.00876314 0.00875592 0.0085041 0.00866016 0.00819605 0.00808379 0.00868506 0.00880601 0.00919708 0.00901126 0.00887909 0.00907968 0.00865216 0.00861719 0.00853294 0.0082153 
0.0038072 0.00379311 0 0.00376749 0.0198195 0.016344 0.0228229 0.0129445 0.0322388 0.0459765 0.0126302 0.016369 0.029113 0.019556 0.0152956 0.0179837 0.00990478 0.0106908 0.0165638 0.0190712 0.0290851 0.183757 0.0228561 0.0120893 0.0193284 0.0331634 0.0377146 0.0311995 0.0191559 0.0218934 0.0161824 0.0228578 0.0136798 0.0114906 0.026297 0.0267972 0.015733 0.0134512 0.0104625 0.0105343 0.0103619 0.00915809 0.00870633 0.00833332 0.00839973 0.00853213 0.00897848 0.00931695 0.00960467 0.00946819 0.00876789 0.00892052 0.00891699 0.00840454 0.00820507 0.00870998 0.00945311 0.00981374 0.00988193 0.00925245 0.00970698 0.00907188 0.00890401 0.00876714 0.00823207 
0.00424143 0.0037642 0.00376749 0 0.0157472 0.0102479 0.00937685 0.0158482 0.00990378 0.0310338 0.025037 0.0211735 0.0137641 0.0118725 0.0109899 0.00985812 0.012441 0.0183244 0.00972646 0.0117278 0.0122304 0.0227224 0.0707642 0.0139684 0.0110177 0.0118631 0.0154519 0.0122092 0.0113303 0.0106333 0.010646 0.0114184 0.0187337 0.0149574 0.0112497 0.010825 0.0112317 0.00895957 0.00918038 0.00892459 0.00859177 0.0093111 0.00967095 0.00853666 0.00804241 0.00800181 0.00833073 0.00826684 0.00844602 0.00879972 0.00923481 0.00936499 0.00811422 0.00842461 0.00837897 0.00830301 0.00832224 0.00859659 0.00859813 0.00850236 0.00841146 0.00841908 0.00827386 0.00821225 0.0082296 
0.0871324 0.020863 0.0198195 0.0157472 0 0.00587654 0.00381116 0.00372912 0.0037962 0.00413665 0.0072811 0.00775087 0.00747738 0.00784857 0.00841162 0.0581041 0.125284 0.0092564 0.00998609 0.00864822 0.00969208 0.00917562 0.0170862 0.0165179 0.0100216 0.00947991 0.00975795 0.00917271 0.00883649 0.00896291 0.00859674 0.00932888 0.0115115 0.0106849 0.00888783 0.00891562 0.00842474 0.00833969 0.00824667 0.008357 0.00828291 0.0100079 0.00926267 0.00816562 0.00792896 0.0079217 0.00798193 0.00802981 0.00798191 0.00803278 0.00875852 0.00817788 0.00787144 0.00827971 0.00832408 0.00795398 0.00804535 0.00809661 0.00811291 0.00800606 0.0081323 0.00799966 0.00797034 0.00792292 0.00812481 
0.0122441 0.0893911 0.016344 0.0102479 0.00587654 0 0.00373868 0.00375258 0.00373092 0.00381731 0.00383399 0.00596468 0.00716899 0.00805945 0.0160203 0.0514487 0.0232054 0.00778058 0.00893645 0.00944781 0.00932517 0.0111559 0.00910798 0.00928178 0.0120473 0.00934669 0.00996508 0.00905143 0.00961028 0.00886035 0.00874366 0.00928866 0.00880354 0.00913443 0.00958148 0.00880025 0.00869687 0.00818536 0.00849767 0.00841554 0.00844137 0.00817511 0.00798885 0.00797022 0.00790748 0.0079861 0.00812307 0.00800863 0.00821382 0.00811167 0.0080917 0.00802719 0.00814695 0.00796596 0.00795208 0.00827005 0.00831524 0.00853251 0.00837957 0.00845393 0.00842389 0.00821728 0.00819382 0.00817202 0.00801886 
0.0168554 0.0162783 0.0228229 0.00937685 0.00381116 0.00373868 0 0.00372074 0.00370793 0.00382258 0.0037654 0.00588648 0.00714817 0.00845418 0.111432 0.0251217 0.00932353 0.00770892 0.00821623 0.00923549 0.00974182 0.0094558 0.00835233 0.00885231 0.00969735 0.0115193 0.0103592 0.0110545 0.0101512 0.00940548 0.00921392 0.00875956 0.00845413 0.00911081 0.00930773 0.00994317 0.00900663 0.00873432 0.0085723 0.00869757 0.00831472 0.00811633 0.00798997 0.00799763 0.00794451 0.00799461 0.00814202 0.00822419 0.00819816 0.0080562 0.00807378 0.00808975 0.00801554 0.00797908 0.00794116 0.00817848 0.00832498 0.00842925 0.00854769 0.00838463 0.0084601 0.00815434 0.00818917 0.00819714 0.00802441 
0.01363 0.0210054 0.0129445 0.0158482 0.00372912 0.00375258 0.00372074 0 0.00371087 0.00373582 0.00379418 0.00584181 0.0082495 0.206711 0.0397408 0.00850663 0.00813526 0.00786814 0.00814654 0.0110611 0.00957515 0.00950469 0.00869403 0.0093245 0.0104386 0.0139849 0.0198913 0.0130063 0.0116922 0.0105059 0.00992316 0.00909787 0.00861406 0.0095586 0.0113318 0.0110302 0.0128376 0.00880251 0.00924397 0.00873896 0.00841273 0.0081538 0.007995 0.00806169 0.00801582 0.00800272 0.00828689 0.00820041 0.00839674 0.0081848 0.00821334 0.00819462 0.00815801 0.00797885 0.00799771 0.00828642 0.00833102 0.0087648 0.00850847 0.00871328 0.00847811 0.00816627 0.00834811 0.00821419 0.00800414 
0.0146821 0.0193058 0.0322388 0.00990378 0.0037962 0.00373092 0.00370793 0.00371087 0 0.00369578 0.00370043 0.00697117 0.199916 0.078915 0.00782107 0.0117123 0.007012 0.00713513 0.0142337 0.00936082 0.0169812 0.0105986 0.0092564 0.0100851 0.0113676 0.02351 0.0295887 0.0130747 0.0125185 0.0145482 0.0103457 0.00979275 0.00885657 0.00999059 0.0160149 0.0186881 0.0103592 0.0121823 0.00897791 0.00922802 0.00842755 0.00834273 0.00812625 0.00813499 0.00816422 0.00828917 0.00827067 0.00916507 0.00847838 0.00826032 0.00831893 0.00842319 0.00810183 0.00812408 0.00833771 0.00832721 0.00866947 0.00881419 0.00919955 0.00859799 0.00884476 0.00829154 0.00848535 0.00833534 0.00806132 
0.0138632 0.0264308 0.0459765 0.0310338 0.00413665 0.00381731 0.00382258 0.00373582 0.00369578 0 0.00379415 0.0452854 0.140347 0.00856802 0.00934006 0.00655019 0.00670197 0.00886474 0.0101599 0.0109742 0.00865088 0.0208444 0.0102502 0.0102111 0.017542 0.0120528 0.0129621 0.0120851 0.0104925 0.00950703 0.00971877 0.0116397 0.00935227 0.0123882 0.0143837 0.0110306 0.0105075 0.00878668 0.00892607 0.00868404 0.0089725 0.0083264 0.00849103 0.00846259 0.0081441 0.00803851 0.00831622 0.00832139 0.00839578 0.00840863 0.00827177 0.00818253 0.00843688 0.00808387 0.00798652 0.00836674 0.0085236 0.0085932 0.00849403 0.00847879 0.00841981 0.00832542 0.00836242 0.00838751 0.00804572 
0.0346062 0.0122662 0.0126302 0.025037 0.0072811 0.00383399 0.0037654 0.00379418 0.00370043 0.00379415 0 0.587772 0.00685036 0.00592107 0.00566321 0.00549625 0.00767501 0.0199527 0.00840747 0.00796651 0.00796165 0.00983151 0.0181198 0.0257736 0.0134124 0.0101756 0.010483 0.00995954 0.00957235 0.00975398 0.0094616 0.00933133 0.0135006 0.0200763 0.0114273 0.00947785 0.00919495 0.00874599 0.00882092 0.00889549 0.00848222 0.00925155 0.0110994 0.00980537 0.00814642 0.00800863 0.00813385 0.00824359 0.00826326 0.00826533 0.00915075 0.00993407 0.00802862 0.0085444 0.00867567 0.00812055 0.00827444 0.0081857 0.00842104 0.00819488 0.00826538 0.00811411 0.00808932 0.00802816 0.00807199 
0.0221631 0.0181419 0.016369 0.0211735 0.00775087 0.00596468 0.00588648 0.00584181 0.00697117 0.0452854 0.587772 0 0.00374289 0.00377308 0.00372904 0.00397499 0.00473827 0.0044436 0.00770955 0.0063085 0.00855492 0.0151342 0.953949 0.035561 0.014231 0.014411 0.0147021 0.0122753 0.0113302 0.0112432 0.00984114 0.0135345 0.0205412 0.0226126 0.0150317 0.0119063 0.0100936 0.00971766 0.0094162 0.00901812 0.00893468 0.0152982 0.0113337 0.00844451 0.00812489 0.00815165 0.00841598 0.00856728 0.00855161 0.00866531 0.0118293 0.00906922 0.00815353 0.00881549 0.00825861 0.00826946 0.00865715 0.00880826 0.00853608 0.00856693 0.00863664 0.00832865 0.00830529 0.00835427 0.00899026 
0.0152519 0.0414835 0.029113 0.0137641 0.00747738 0.00716899 0.00714817 0.0082495 0.199916 0.140347 0.00685036 0.00374289 0 0.00372037 0.00371366 0.00374775 0.00451358 0.00536621 0.00585672 0.0103188 0.00895365 0.974812 0.0176486 0.012152 0.0508759 0.0216019 0.0209007 0.0248252 0.0198382 0.0131374 0.0171545 0.0158893 0.0145583 0.0165682 0.0269433 0.0180462 0.0176812 0.011205 0.0117047 0.00963429 0.011389 0.00949 0.0084864 0.00834165 0.00822418 0.00835659 0.00923027 0.00879688 0.00964088 0.0105937 0.00885356 0.00913222 0.00895185 0.00821603 0.00802972 0.0092607 0.00898665 0.00964516 0.00942684 0.00926527 0.00936874 0.00899602 0.00858422 0.00874208 0.00815193 
0.0116233 0.0175627 0.019556 0.0118725 0.00784857 0.00805945 0.00845418 0.206711 0.078915 0.00856802 0.00592107 0.00377308 0.00372037 0 0.00374063 0.00382412 0.00372961 0.00399205 0.0102535 0.00633481 0.973981 0.00987168 0.00743439 0.0138229 0.0130163 0.0263216 0.0455462 0.0161878 0.0162864 0.028042 0.0110108 0.0154096 0.0102009 0.0101165 0.0185687 0.022943 0.0163431 0.0181461 0.00992079 0.0128401 0.00910855 0.00905757 0.00842736 0.00811038 0.00821015 0.00862334 0.00869425 0.0120048 0.00918194 0.00900339 0.00888274 0.00870103 0.00836326 0.00827196 0.00829715 0.00843452 0.00898237 0.0101377 0.00904552 0.00923863 0.0101076 0.00856214 0.0091656 0.00850438 0.00812369 
0.0131062 0.0148643 0.0152956 0.0109899 0.00841162 0.0160203 0.111432 0.0397408 0.00782107 0.00934006 0.00566321 0.00372904 0.00371366 0.00374063 0 0.0037042 0.00375937 0.00475214 0.00545395 0.992379 0.00785565 0.00740224 0.00565322 0.00996452 0.0175523 0.0231953 0.0173909 0.0275103 0.0177003 0.0124602 0.0210799 0.00995177 0.0105687 0.0127162 0.012308 0.0227008 0.0210707 0.00981601 0.0140903 0.0103269 0.00893299 0.0086767 0.00820428 0.0086278 0.00820261 0.00857479 0.0110383 0.00871741 0.0113556 0.00906758 0.00867457 0.00846486 0.00854815 0.00831426 0.00802049 0.00868274 0.0095261 0.00952222 0.00986363 0.00934119 0.00902141 0.00927996 0.00870777 0.0087134 0.00812659 
0.0103013 0.0145287 0.0179837 0.00985812 0.0581041 0.0514487 0.0251217 0.00850663 0.0117123 0.00655019 0.00549625 0.00397499 0.00374775 0.00382412 0.0037042 0 0.00376605 0.00464791 0.999239 0.00449107 0.00596372 0.00583131 0.00693728 0.0129854 0.0110268 0.0112084 0.0191738 0.0105917 0.0105414 0.0159666 0.00899987 0.0155324 0.00967828 0.0102616 0.0201285 0.0109783 0.00967247 0.0131562 0.00894123 0.0090445 0.0089969 0.00890449 0.00897592 0.00804721 0.00828562 0.00819908 0.00815508 0.0101579 0.00834788 0.00871263 0.00852417 0.00854872 0.0081637 0.00833987 0.00846727 0.00831338 0.00849233 0.00867369 0.00850621 0.00844734 0.00871832 0.0082997 0.00835447 0.00824778 0.0081926 
0.0284024 0.0104779 0.00990478 0.012441 0.125284 0.0232054 0.00932353 0.00813526 0.007012 0.00670197 0.00767501 0.00473827 0.00451358 0.00372961 0.00375937 0.00376605 0 0.999766 0.00405398 0.0044219 0.00412587 0.00505702 0.00734728 0.0136335 0.0125143 0.00993656 0.00900607 0.00959342 0.00948836 0.00880677 0.00926725 0.00908502 0.010708 0.0236632 0.00961765 0.00918816 0.00927899 0.00844372 0.00863539 0.00870701 0.00847991 0.00909417 0.0103404 0.0113104 0.00811474 0.00806546 0.00838715 0.00815305 0.0082664 0.0084175 0.00892171 0.00883985 0.00827342 0.0083348 0.00832999 0.00812672 0.00829639 0.00819068 0.00828299 0.0082703 0.00815846 0.00820054 0.00807216 0.00811168 0.008028 
0.0218785 0.0107654 0.0106908 0.0183244 0.0092564 0.00778058 0.00770892 0.00786814 0.00713513 0.00886474 0.0199527 0.0044436 0.00536621 0.00399205 0.00475214 0.00464791 0.999766 0 0.00379846 0.00374743 0.00373627 0.0039123 0.00411009 0.0947036 0.0186713 0.0121897 0.00952566 0.010366 0.00925992 0.0085908 0.00965804 0.00918205 0.0166953 0.0235488 0.0106081 0.00951751 0.0091007 0.00848172 0.00906409 0.00846799 0.00857697 0.0121741 0.0102695 0.00910608 0.00797147 0.00794673 0.00816929 0.00802258 0.00824757 0.00813818 0.0100424 0.00822655 0.00810759 0.00843357 0.00802726 0.00810578 0.00807354 0.00822016 0.00817507 0.00817145 0.0081648 0.00810857 0.00806417 0.00812975 0.00825426 
0.0113874 0.0233155 0.0165638 0.00972646 0.00998609 0.00893645 0.00821623 0.00814654 0.0142337 0.0101599 0.00840747 0.00770955 0.00585672 0.0102535 0.00545395 0.999239 0.00405398 0.00379846 0 0.00370958 0.00373465 0.00383915 0.00377259 0.0650849 0.0374642 0.0222582 0.0278325 0.0104077 0.0105181 0.0145361 0.00903628 0.0158834 0.00954215 0.0128146 0.0295562 0.0119457 0.0103433 0.012726 0.00906888 0.00953267 0.0100657 0.00933693 0.00877206 0.00814805 0.00828761 0.00821908 0.00819938 0.00993333 0.00839665 0.00893752 0.00890727 0.00870729 0.00828687 0.00826233 0.00862852 0.0083306 0.00851104 0.00929882 0.00848661 0.00860298 0.00885991 0.00833825 0.00852583 0.00843606 0.00823079 
0.0316573 0.0257941 0.0190712 0.0117278 0.00864822 0.00944781 0.00923549 0.0110611 0.00936082 0.0109742 0.00796651 0.0063085 0.0103188 0.00633481 0.992379 0.00449107 0.0044219 0.00374743 0.00370958 0 0.00370385 0.00374718 0.00373684 0.0365237 0.0550108 0.0872441 0.0258881 0.0468522 0.0196267 0.0136754 0.0341119 0.0103596 0.0105911 0.0253788 0.021115 0.0369487 0.0322441 0.0116475 0.0179698 0.0129525 0.00981358 0.00905171 0.00848562 0.00955236 0.00851032 0.00918993 0.0157553 0.00932878 0.0144245 0.00945477 0.00882817 0.00907684 0.00911474 0.00833345 0.00810391 0.00944614 0.0101369 0.0107882 0.0115051 0.0103762 0.00930661 0.0105221 0.00900273 0.00938393 0.0081976 
0.0142876 0.081001 0.0290851 0.0122304 0.00969208 0.00932517 0.00974182 0.00957515 0.0169812 0.00865088 0.00796165 0.00855492 0.00895365 0.973981 0.00785565 0.00596372 0.00412587 0.00373627 0.00373465 0.00370385 0 0.00372442 0.00372078 0.0816738 0.0575139 0.0663436 0.191432 0.0322534 0.0313409 0.080704 0.0176286 0.0195616 0.0135531 0.0127525 0.0770752 0.0472112 0.0284158 0.0333171 0.0141842 0.0181923 0.0106794 0.00971026 0.00864703 0.00852752 0.00967117 0.0101484 0.00982961 0.0226772 0.0130301 0.00987342 0.00944408 0.0100104 0.00876268 0.00875678 0.00874953 0.00905111 0.011083 0.0145809 0.0109884 0.0108984 0.013644 0.00933019 0.0107043 0.0089071 0.00851201 
0.0143146 0.0310858 0.183757 0.0227224 0.00917562 0.0111559 0.0094558 0.00950469 0.0105986 0.0208444 0.00983151 0.0151342 0.974812 0.00987168 0.00740224 0.00583131 0.00505702 0.0039123 0.00383915 0.00374718 0.00372442 0 0.00377861 0.0174701 0.0501583 0.0944563 0.0612613 0.112265 0.0540408 0.0334456 0.0354115 0.0710749 0.0302818 0.0144516 0.0296705 0.052563 0.0260941 0.01841 0.0140339 0.0116053 0.0254462 0.0115692 0.00932966 0.00885177 0.00890214 0.00898636 0.0105906 0.0105323 0.0137552 0.0259274 0.0100705 0.00997646 0.0124556 0.00949855 0.00835412 0.00947932 0.010805 0.0110607 0.0115817 0.0116067 0.00977381 0.010463 0.00912859 0.00996297 0.00839801 
0.0194981 0.0130616 0.0228561 0.0707642 0.0170862 0.00910798 0.00835233 0.00869403 0.0092564 0.0102502 0.0181198 0.953949 0.0176486 0.00743439 0.00565322 0.00693728 0.00734728 0.00411009 0.00377259 0.00373684 0.00372078 0.00377861 0 0.0155961 0.0165222 0.0258979 0.0463806 0.0390877 0.042991 0.024581 0.0196878 0.03655 0.130985 0.0174278 0.0160178 0.0171786 0.014922 0.0114646 0.0108193 0.0103887 0.00996002 0.021427 0.0138728 0.00949661 0.00830585 0.00833899 0.00872942 0.00895102 0.0092773 0.0105013 0.0161702 0.0114768 0.00856046 0.0104693 0.00893825 0.0085689 0.00884371 0.00905424 0.0089988 0.00890762 0.00888656 0.00859278 0.00856534 0.0085966 0.00883642 
0.024512 0.0140538 0.0120893 0.0139684 0.0165179 0.00928178 0.00885231 0.0093245 0.0100851 0.0102111 0.0257736 0.035561 0.012152 0.0138229 0.00996452 0.0129854 0.0136335 0.0947036 0.0650849 0.0365237 0.0816738 0.0174701 0.0155961 0 0.00535225 0.00368535 0.00377207 0.00374154 0.00377647 0.00399743 0.00688977 0.00508518 0.00943101 0.0761705 0.0235044 0.012141 0.0107852 0.0111466 0.0093775 0.0101264 0.010734 0.0241692 0.0194828 0.0131441 0.00933218 0.00877841 0.00894893 0.010103 0.00900502 0.00914587 0.0146624 0.0119711 0.00865026 0.0104256 0.0107064 0.00855507 0.00900268 0.00921742 0.00888458 0.00909781 0.00922779 0.00855586 0.00861514 0.00867425 0.00944083 
0.0196346 0.0547976 0.0193284 0.0110177 0.0100216 0.0120473 0.00969735 0.0104386 0.0113676 0.017542 0.0134124 0.014231 0.0508759 0.0130163 0.0175523 0.0110268 0.0125143 0.0186713 0.0374642 0.0550108 0.0575139 0.0501583 0.0165222 0.00535225 0 0.0037318 0.00375135 0.00379238 0.00374579 0.00395173 0.00388264 0.00586329 0.00500668 0.040665 0.0612086 0.0158878 0.0171839 0.00990008 0.013636 0.0123849 0.0233812 0.0204268 0.0119973 0.0113721 0.0125821 0.00917147 0.0135073 0.0102802 0.0132623 0.0125397 0.00989307 0.0116856 0.011343 0.00896072 0.00846578 0.0123098 0.0108149 0.0131273 0.0115522 0.011733 0.0111319 0.0108105 0.009424 0.0099793 0.00872247 
0.0184957 0.0327864 0.0331634 0.0118631 0.00947991 0.00934669 0.0115193 0.0139849 0.02351 0.0120528 0.0101756 0.014411 0.0216019 0.0263216 0.0231953 0.0112084 0.00993656 0.0121897 0.0222582 0.0872441 0.0663436 0.0944563 0.0258979 0.00368535 0.0037318 0 0.00370791 0.00372551 0.00372717 0.00373518 0.00405276 0.00381686 0.00442262 0.0200681 0.0341455 0.0394201 0.0196151 0.0177761 0.0153522 0.0241124 0.0348426 0.012179 0.00950052 0.0106973 0.00970967 0.0148705 0.0176803 0.023329 0.0251021 0.0140513 0.0108854 0.0128817 0.0106009 0.00925663 0.00861075 0.0116086 0.0227099 0.0238499 0.0259721 0.0222319 0.0185902 0.0179355 0.0131441 0.0114109 0.00857854 
0.0111614 0.0389474 0.0377146 0.0154519 0.00975795 0.00996508 0.0103592 0.0198913 0.0295887 0.0129621 0.010483 0.0147021 0.0209007 0.0455462 0.0173909 0.0191738 0.00900607 0.00952566 0.0278325 0.0258881 0.191432 0.0612613 0.0463806 0.00377207 0.00375135 0.00370791 0 0.00370816 0.00374183 0.00382439 0.0037528 0.00378123 0.00400896 0.0137276 0.0291342 0.0299967 0.0411761 0.0242922 0.0255278 0.0473883 0.0174255 0.0158167 0.00998645 0.00899139 0.0124763 0.0116226 0.0149442 0.0381732 0.0255448 0.0205062 0.0136295 0.0122892 0.00974031 0.0109264 0.00921935 0.0113544 0.0194491 0.0437023 0.0216091 0.0251039 0.0299761 0.0141686 0.0185998 0.0113794 0.00902071 
0.0130121 0.0205041 0.0311995 0.0122092 0.00917271 0.00905143 0.0110545 0.0130063 0.0130747 0.0120851 0.00995954 0.0122753 0.0248252 0.0161878 0.0275103 0.0105917 0.00959342 0.010366 0.0104077 0.0468522 0.0322534 0.112265 0.0390877 0.00374154 0.00379238 0.00372551 0.00370816 0 0.00373521 0.00371435 0.00374609 0.0038785 0.00402087 0.0183538 0.0146068 0.0217145 0.0235448 0.0422018 0.0434154 0.0380511 0.0168084 0.0101863 0.00939203 0.0100926 0.00917017 0.011958 0.0171847 0.0142818 0.0237404 0.0166829 0.0106772 0.0104959 0.0112272 0.00908709 0.00868935 0.0104508 0.0200616 0.0206803 0.0270395 0.0209014 0.0171616 0.0184142 0.0117514 0.0121494 0.00870776 
0.0107883 0.0201799 0.0191559 0.0113303 0.00883649 0.00961028 0.0101512 0.0116922 0.0125185 0.0104925 0.00957235 0.0113302 0.0198382 0.0162864 0.0177003 0.0105414 0.00948836 0.00925992 0.0105181 0.0196267 0.0313409 0.0540408 0.042991 0.00377647 0.00374579 0.00372717 0.00374183 0.00373521 0 0.00371058 0.00373778 0.00378981 0.00373245 0.00955403 0.0130438 0.0197944 0.0418057 0.0543604 0.0228461 0.021908 0.00960312 0.00958912 0.00924171 0.00906005 0.00995359 0.010003 0.0163374 0.0136228 0.020348 0.0130784 0.010648 0.0101931 0.00964437 0.00980093 0.00829621 0.0107348 0.013821 0.0212814 0.0196288 0.0186541 0.0174475 0.013654 0.0123332 0.0104006 0.008771 
0.00963779 0.0144666 0.0218934 0.0106333 0.00896291 0.00886035 0.00940548 0.0105059 0.0145482 0.00950703 0.00975398 0.0112432 0.0131374 0.028042 0.0124602 0.0159666 0.00880677 0.0085908 0.0145361 0.0136754 0.080704 0.0334456 0.024581 0.00399743 0.00395173 0.00373518 0.00382439 0.00371435 0.00371058 0 0.0036906 0.00374461 0.00375326 0.010207 0.0174319 0.0446475 0.0339262 0.0405882 0.0193876 0.0107595 0.0108733 0.0110703 0.00905946 0.00860424 0.00917483 0.0105776 0.010266 0.0213417 0.0132029 0.0144275 0.011733 0.00977807 0.00902514 0.00989781 0.00855998 0.00969823 0.0135182 0.0224713 0.0159447 0.0157889 0.019423 0.0106822 0.0118348 0.00975659 0.00904342 
0.00955838 0.0132559 0.0161824 0.010646 0.00859674 0.00874366 0.00921392 0.00992316 0.0103457 0.00971877 0.0094616 0.00984114 0.0171545 0.0110108 0.0210799 0.00899987 0.00926725 0.00965804 0.00903628 0.0341119 0.0176286 0.0354115 0.0196878 0.00688977 0.00388264 0.00405276 0.0037528 0.00374609 0.00373778 0.0036906 0 0.00371433 0.00370887 0.0127752 0.0200625 0.0369502 0.0229075 0.0153826 0.0104371 0.0112794 0.0114267 0.00960586 0.0089172 0.00909574 0.00892369 0.0095546 0.0124588 0.0101101 0.0163782 0.0129169 0.00996897 0.00921203 0.0095896 0.0092691 0.00812912 0.0101827 0.0137828 0.0154726 0.0168091 0.0161752 0.0112854 0.0136188 0.0100771 0.0102421 0.00848722 
0.0105743 0.0153054 0.0228578 0.0114184 0.00932888 0.00928866 0.00875956 0.00909787 0.00979275 0.0116397 0.00933133 0.0135345 0.0158893 0.0154096 0.00995177 0.0155324 0.00908502 0.00918205 0.0158834 0.0103596 0.0195616 0.0710749 0.03655 0.00508518 0.00586329 0.00381686 0.00378123 0.0038785 0.00378981 0.00374461 0.00371433 0 0.00373892 0.0503393 0.0396811 0.0448713 0.0136512 0.00965417 0.00911922 0.009915 0.0167225 0.0139071 0.0111458 0.00921441 0.0103957 0.00926499 0.00998949 0.0129095 0.0113654 0.0227629 0.012985 0.0106344 0.012267 0.0102202 0.0085747 0.0106883 0.0118696 0.0137976 0.0136628 0.0115659 0.0130443 0.010244 0.0107701 0.0110015 0.00926633 
0.013427 0.0109545 0.0136798 0.0187337 0.0115115 0.00880354 0.00845413 0.00861406 0.00885657 0.00935227 0.0135006 0.0205412 0.0145583 0.0102009 0.0105687 0.00967828 0.010708 0.0166953 0.00954215 0.0105911 0.0135531 0.0302818 0.130985 0.00943101 0.00500668 0.00442262 0.00400896 0.00402087 0.00373245 0.00375326 0.00370887 0.00373892 0 0.0215218 0.0621776 0.0163293 0.0145302 0.0102426 0.0118448 0.00872273 0.00982838 0.0341654 0.0200197 0.0123538 0.00891336 0.00876509 0.00911447 0.00930569 0.00960714 0.012235 0.0358902 0.0140555 0.0096806 0.0141129 0.009827 0.00913658 0.00923811 0.0110767 0.00990393 0.0102245 0.00960982 0.00922096 0.00886792 0.00988511 0.0095395 
0.0215251 0.0127175 0.0114906 0.0149574 0.0106849 0.00913443 0.00911081 0.0095586 0.00999059 0.0123882 0.0200763 0.0226126 0.0165682 0.0101165 0.0127162 0.0102616 0.0236632 0.0235488 0.0128146 0.0253788 0.0127525 0.0144516 0.0174278 0.0761705 0.040665 0.0200681 0.0137276 0.0183538 0.00955403 0.010207 0.0127752 0.0503393 0.0215218 0 0.00383632 0.00373635 0.00376617 0.00373216 0.0037764 0.00377842 0.00708105 0.00626244 0.0276377 0.0640313 0.0109189 0.0107434 0.0124711 0.0104858 0.0129873 0.0109406 0.0180707 0.0185715 0.0154859 0.0123245 0.0112836 0.0120272 0.0112947 0.0108653 0.0111444 0.0108035 0.0112944 0.0105403 0.00998277 0.0094528 0.0113979 
0.0109571 0.0377052 0.026297 0.0112497 0.00888783 0.00958148 0.00930773 0.0113318 0.0160149 0.0143837 0.0114273 0.0150317 0.0269433 0.0185687 0.012308 0.0201285 0.00961765 0.0106081 0.0295562 0.021115 0.0770752 0.0296705 0.0160178 0.0235044 0.0612086 0.0341455 0.0291342 0.0146068 0.0130438 0.0174319 0.0200625 0.0396811 0.0621776 0.00383632 0 0.00375834 0.00373749 0.00377018 0.00431604 0.00400902 0.00428208 0.00513594 0.0220863 0.0122499 0.0334399 0.0105631 0.0160679 0.020881 0.0175185 0.0220002 0.013555 0.0166719 0.015975 0.0101084 0.00928303 0.0180773 0.0199267 0.0383025 0.0190256 0.028834 0.0235723 0.0151969 0.0152384 0.0140377 0.00926302 
0.0111139 0.0180714 0.0267972 0.010825 0.00891562 0.00880025 0.00994317 0.0110302 0.0186881 0.0110306 0.00947785 0.0119063 0.0180462 0.022943 0.0227008 0.0109783 0.00918816 0.00951751 0.0119457 0.0369487 0.0472112 0.052563 0.0171786 0.012141 0.0158878 0.0394201 0.0299967 0.0217145 0.0197944 0.0446475 0.0369502 0.0448713 0.0163293 0.00373635 0.00375834 0 0.00373109 0.00371707 0.00373241 0.00423781 0.00376766 0.00399916 0.0101449 0.0123702 0.0104828 0.0215677 0.0152282 0.0291586 0.0346512 0.0228136 0.0126551 0.0132717 0.0133084 0.0102009 0.00899385 0.012635 0.0334148 0.0345751 0.0486536 0.0311942 0.0337917 0.022974 0.0238332 0.0132003 0.00905291 
0.00986571 0.0137655 0.015733 0.0112317 0.00842474 0.00869687 0.00900663 0.0128376 0.0103592 0.0105075 0.00919495 0.0100936 0.0176812 0.0163431 0.0210707 0.00967247 0.00927899 0.0091007 0.0103433 0.0322441 0.0284158 0.0260941 0.014922 0.0107852 0.0171839 0.0196151 0.0411761 0.0235448 0.0418057 0.0339262 0.0229075 0.0136512 0.0145302 0.00376617 0.00373749 0.00373109 0 0.00371708 0.0037078 0.00374065 0.00382477 0.00377271 0.00941878 0.010033 0.0117965 0.0103927 0.0242902 0.0130898 0.0259641 0.0145929 0.0129979 0.0107537 0.0109276 0.0109833 0.00838123 0.0129736 0.0188423 0.034904 0.0246858 0.0355221 0.0186572 0.0300197 0.0140202 0.0129691 0.00924858 
0.0087533 0.0102914 0.0134512 0.00895957 0.00833969 0.00818536 0.00873432 0.00880251 0.0121823 0.00878668 0.00874599 0.00971766 0.011205 0.0181461 0.00981601 0.0131562 0.00844372 0.00848172 0.012726 0.0116475 0.0333171 0.01841 0.0114646 0.0111466 0.00990008 0.0177761 0.0242922 0.0422018 0.0543604 0.0405882 0.0153826 0.00965417 0.0102426 0.00373216 0.00377018 0.00371707 0.00371708 0 0.00369867 0.00372721 0.00373962 0.00376223 0.00945014 0.00929135 0.0094846 0.013506 0.0101756 0.0265026 0.0120315 0.0141079 0.0103272 0.00999082 0.00930387 0.00967851 0.00873515 0.00931898 0.0169842 0.0218249 0.0201672 0.0171456 0.024639 0.0109191 0.0146301 0.00974012 0.0088126 
0.0088984 0.00989664 0.0104625 0.00918038 0.00824667 0.00849767 0.0085723 0.00924397 0.00897791 0.00892607 0.00882092 0.0094162 0.0117047 0.00992079 0.0140903 0.00894123 0.00863539 0.00906409 0.00906888 0.0179698 0.0141842 0.0140339 0.0108193 0.0093775 0.013636 0.0153522 0.0255278 0.0434154 0.0228461 0.0193876 0.0104371 0.00911922 0.0118448 0.0037764 0.00431604 0.00373241 0.0037078 0.00369867 0 0.00518225 0.00371098 0.00371046 0.0117894 0.0100411 0.00984398 0.00935688 0.0146992 0.0105936 0.0147787 0.0104349 0.0101393 0.0101935 0.00928623 0.00927463 0.00821218 0.0097186 0.0117972 0.0155323 0.0140495 0.017437 0.0114879 0.0125347 0.0101045 0.00998857 0.00865957 
0.00893802 0.00968888 0.0105343 0.00892459 0.008357 0.00841554 0.00869757 0.00873896 0.00922802 0.00868404 0.00889549 0.00901812 0.00963429 0.0128401 0.0103269 0.0090445 0.00870701 0.00846799 0.00953267 0.0129525 0.0181923 0.0116053 0.0103887 0.0101264 0.0123849 0.0241124 0.0473883 0.0380511 0.021908 0.0107595 0.0112794 0.009915 0.00872273 0.00377842 0.00400902 0.00423781 0.00374065 0.00372721 0.00518225 0 0.0037179 0.00370518 0.00836559 0.00943252 0.00970912 0.012759 0.0102756 0.0133086 0.0123172 0.0105911 0.00955585 0.00956227 0.00890046 0.00992715 0.00820147 0.00905049 0.0131748 0.0128143 0.0151403 0.0119944 0.0134923 0.0100671 0.0105253 0.00892563 0.00852664 
0.00870568 0.00930737 0.0103619 0.00859177 0.00828291 0.00844137 0.00831472 0.00841273 0.00842755 0.0089725 0.00848222 0.00893468 0.011389 0.00910855 0.00893299 0.0089969 0.00847991 0.00857697 0.0100657 0.00981358 0.0106794 0.0254462 0.00996002 0.010734 0.0233812 0.0348426 0.0174255 0.0168084 0.00960312 0.0108733 0.0114267 0.0167225 0.00982838 0.00708105 0.00428208 0.00376766 0.00382477 0.00373962 0.00371098 0.0037179 0 0.00371748 0.0102221 0.00932714 0.0113109 0.00906451 0.0100146 0.0103644 0.011138 0.0183652 0.00998968 0.00949486 0.0120275 0.00883927 0.00829497 0.0098914 0.00946804 0.0119588 0.00984472 0.0103555 0.00981497 0.00915591 0.00895497 0.00964531 0.00849891 
0.0104087 0.00876073 0.00915809 0.0093111 0.0100079 0.00817511 0.00811633 0.0081538 0.00834273 0.0083264 0.00925155 0.0152982 0.00949 0.00905757 0.0086767 0.00890449 0.00909417 0.0121741 0.00933693 0.00905171 0.00971026 0.0115692 0.021427 0.0241692 0.0204268 0.012179 0.0158167 0.0101863 0.00958912 0.0110703 0.00960586 0.0139071 0.0341654 0.00626244 0.00513594 0.00399916 0.00377271 0.00376223 0.00371046 0.00370518 0.00371748 0 0.0456446 0.0136275 0.00887378 0.00894156 0.00937853 0.0105512 0.0104716 0.0142631 0.0277525 0.0146731 0.0090347 0.0137289 0.0112617 0.00856911 0.00893458 0.00913321 0.00891421 0.00879308 0.00897302 0.00849519 0.00861443 0.00855256 0.00939194 
0.00989234 0.00820884 0.00870633 0.00967095 0.00926267 0.00798885 0.00798997 0.007995 0.00812625 0.00849103 0.0110994 0.0113337 0.0084864 0.00842736 0.00820428 0.00897592 0.0103404 0.0102695 0.00877206 0.00848562 0.00864703 0.00932966 0.0138728 0.0194828 0.0119973 0.00950052 0.00998645 0.00939203 0.00924171 0.00905946 0.0089172 0.0111458 0.0200197 0.0276377 0.0220863 0.0101449 0.00941878 0.00945014 0.0117894 0.00836559 0.0102221 0.0456446 0 0.0233772 0.009629 0.00919359 0.00881113 0.00990143 0.00965685 0.0141348 0.0307425 0.0169585 0.010316 0.0145626 0.0140422 0.00998938 0.00914566 0.00942855 0.00895057 0.00916497 0.00911125 0.00843063 0.00846858 0.00888999 0.011938 
0.00883537 0.00828857 0.00833332 0.00853666 0.00816562 0.00797022 0.00799763 0.00806169 0.00813499 0.00846259 0.00980537 0.00844451 0.00834165 0.00811038 0.0086278 0.00804721 0.0113104 0.00910608 0.00814805 0.00955236 0.00852752 0.00885177 0.00949661 0.0131441 0.0113721 0.0106973 0.00899139 0.0100926 0.00906005 0.00860424 0.00909574 0.00921441 0.0123538 0.0640313 0.0122499 0.0123702 0.010033 0.00929135 0.0100411 0.00943252 0.00932714 0.0136275 0.0233772 0 0.00444568 0.00374241 0.00405891 0.0037969 0.00393251 0.00427505 0.00628863 0.0272283 0.0109719 0.0160899 0.0112368 0.0117464 0.010654 0.00930983 0.0109672 0.00967806 0.010032 0.00981554 0.00893231 0.00911375 0.0127352 
0.00810693 0.00867467 0.00839973 0.00804241 0.00792896 0.00790748 0.00794451 0.00801582 0.00816422 0.0081441 0.00814642 0.00812489 0.00822418 0.00821015 0.00820261 0.00828562 0.00811474 0.00797147 0.00828761 0.00851032 0.00967117 0.00890214 0.00830585 0.00933218 0.0125821 0.00970967 0.0124763 0.00917017 0.00995359 0.00917483 0.00892369 0.0103957 0.00891336 0.0109189 0.0334399 0.0104828 0.0117965 0.0094846 0.00984398 0.00970912 0.0113109 0.00887378 0.009629 0.00444568 0 0.00371188 0.00372331 0.00374897 0.0037606 0.0040831 0.00388883 0.018935 0.0156386 0.00913894 0.00953733 0.0118237 0.0103423 0.015482 0.00997923 0.0132612 0.0115572 0.00991771 0.0101839 0.0110244 0.00874537 
0.00815843 0.00836295 0.00853213 0.00800181 0.0079217 0.0079861 0.00799461 0.00800272 0.00828917 0.00803851 0.00800863 0.00815165 0.00835659 0.00862334 0.00857479 0.00819908 0.00806546 0.00794673 0.00821908 0.00918993 0.0101484 0.00898636 0.00833899 0.00877841 0.00917147 0.0148705 0.0116226 0.011958 0.010003 0.0105776 0.0095546 0.00926499 0.00876509 0.0107434 0.0105631 0.0215677 0.0103927 0.013506 0.00935688 0.012759 0.00906451 0.00894156 0.00919359 0.00374241 0.00371188 0 0.00373494 0.00373431 0.00365463 0.00369611 0.00386089 0.013531 0.0107161 0.0103903 0.00920289 0.0095584 0.0144655 0.0128631 0.0165093 0.0124497 0.014695 0.0107378 0.0137528 0.0092968 0.00868842 
0.00847985 0.00854052 0.00897848 0.00833073 0.00798193 0.00812307 0.00814202 0.00828689 0.00827067 0.00831622 0.00813385 0.00841598 0.00923027 0.00869425 0.0110383 0.00815508 0.00838715 0.00816929 0.00819938 0.0157553 0.00982961 0.0105906 0.00872942 0.00894893 0.0135073 0.0176803 0.0149442 0.0171847 0.0163374 0.010266 0.0124588 0.00998949 0.00911447 0.0124711 0.0160679 0.0152282 0.0242902 0.0101756 0.0146992 0.0102756 0.0100146 0.00937853 0.00881113 0.00405891 0.00372331 0.00373494 0 0.00374062 0.00370773 0.00371921 0.00375938 0.0178738 0.0143332 0.00945284 0.00885943 0.0158633 0.0146124 0.016221 0.0181698 0.0208624 0.0128054 0.0317544 0.0108002 0.011268 0.00881577 
0.00842823 0.00895871 0.00931695 0.00826684 0.00802981 0.00800863 0.00822419 0.00820041 0.00916507 0.00832139 0.00824359 0.00856728 0.00879688 0.0120048 0.00871741 0.0101579 0.00815305 0.00802258 0.00993333 0.00932878 0.0226772 0.0105323 0.00895102 0.010103 0.0102802 0.023329 0.0381732 0.0142818 0.0136228 0.0213417 0.0101101 0.0129095 0.00930569 0.0104858 0.020881 0.0291586 0.0130898 0.0265026 0.0105936 0.0133086 0.0103644 0.0105512 0.00990143 0.0037969 0.00374897 0.00373431 0.00374062 0 0.00369807 0.00373499 0.00374014 0.0271722 0.0119528 0.014996 0.0109596 0.0105659 0.0229731 0.0395403 0.0205181 0.0199467 0.0549048 0.0120738 0.0303766 0.0107473 0.00984181 
0.00849923 0.00887307 0.00960467 0.00844602 0.00798191 0.00821382 0.00819816 0.00839674 0.00847838 0.00839578 0.00826326 0.00855161 0.00964088 0.00918194 0.0113556 0.00834788 0.0082664 0.00824757 0.00839665 0.0144245 0.0130301 0.0137552 0.0092773 0.00900502 0.0132623 0.0251021 0.0255448 0.0237404 0.020348 0.0132029 0.0163782 0.0113654 0.00960714 0.0129873 0.0175185 0.0346512 0.0259641 0.0120315 0.0147787 0.0123172 0.011138 0.0104716 0.00965685 0.00393251 0.0037606 0.00365463 0.00370773 0.00369807 0 0.00371685 0.00370975 0.21232 0.0190175 0.0167396 0.0093279 0.0161711 0.0260098 0.0297659 0.0376276 0.0384971 0.017604 0.030037 0.0226518 0.0163966 0.00921792 
0.00844211 0.00876314 0.00946819 0.00879972 0.00803278 0.00811167 0.0080562 0.0081848 0.00826032 0.00840863 0.00826533 0.00866531 0.0105937 0.00900339 0.00906758 0.00871263 0.0084175 0.00813818 0.00893752 0.00945477 0.00987342 0.0259274 0.0105013 0.00914587 0.0125397 0.0140513 0.0205062 0.0166829 0.0130784 0.0144275 0.0129169 0.0227629 0.012235 0.0109406 0.0220002 0.0228136 0.0145929 0.0141079 0.0104349 0.0105911 0.0183652 0.0142631 0.0141348 0.00427505 0.0040831 0.00369611 0.00371921 0.00373499 0.00371685 0 0.00385526 0.0161523 0.531732 0.0308957 0.0105986 0.0162754 0.0191017 0.0227129 0.0260506 0.0217309 0.0210067 0.0181321 0.0188494 0.0351814 0.0116609 
0.010274 0.00875592 0.00876789 0.00923481 0.00875852 0.0080917 0.00807378 0.00821334 0.00831893 0.00827177 0.00915075 0.0118293 0.00885356 0.00888274 0.00867457 0.00852417 0.00892171 0.0100424 0.00890727 0.00882817 0.00944408 0.0100705 0.0161702 0.0146624 0.00989307 0.0108854 0.0136295 0.0106772 0.010648 0.011733 0.00996897 0.012985 0.0358902 0.0180707 0.013555 0.0126551 0.0129979 0.0103272 0.0101393 0.00955585 0.00998968 0.0277525 0.0307425 0.00628863 0.00388883 0.00386089 0.00375938 0.00374014 0.00370975 0.00385526 0 0.0336111 0.0216305 0.675736 0.0175568 0.0118751 0.0135575 0.0174037 0.015144 0.0149033 0.0145176 0.0111811 0.012157 0.0148019 0.0230663 
0.00882933 0.0085041 0.00892052 0.00936499 0.00817788 0.00802719 0.00808975 0.00819462 0.00842319 0.00818253 0.00993407 0.00906922 0.00913222 0.00870103 0.00846486 0.00854872 0.00883985 0.00822655 0.00870729 0.00907684 0.0100104 0.00997646 0.0114768 0.0119711 0.0116856 0.0128817 0.0122892 0.0104959 0.0101931 0.00977807 0.00921203 0.0106344 0.0140555 0.0185715 0.0166719 0.0132717 0.0107537 0.00999082 0.0101935 0.00956227 0.00949486 0.0146731 0.0169585 0.0272283 0.018935 0.013531 0.0178738 0.0271722 0.21232 0.0161523 0.0336111 0 0.00375338 0.00389162 0.227786 0.0204964 0.0614665 0.0257531 0.0187372 0.0165282 0.0217073 0.0129193 0.021438 0.0121112 0.0290787 
0.00816003 0.00866016 0.00891699 0.00811422 0.00787144 0.00814695 0.00801554 0.00815801 0.00810183 0.00843688 0.00802862 0.00815353 0.00895185 0.00836326 0.00854815 0.0081637 0.00827342 0.00810759 0.00828687 0.00911474 0.00876268 0.0124556 0.00856046 0.00865026 0.011343 0.0106009 0.00974031 0.0112272 0.00964437 0.00902514 0.0095896 0.012267 0.0096806 0.0154859 0.015975 0.0133084 0.0109276 0.00930387 0.00928623 0.00890046 0.0120275 0.0090347 0.010316 0.0109719 0.0156386 0.0107161 0.0143332 0.0119528 0.0190175 0.531732 0.0216305 0.00375338 0 0.00375798 0.0102114 0.249 0.0307864 0.0259311 0.0215032 0.0218071 0.01386 0.0247777 0.0124373 0.135946 0.00931838 
0.00852122 0.00819605 0.00840454 0.00842461 0.00827971 0.00796596 0.00797908 0.00797885 0.00812408 0.00808387 0.0085444 0.00881549 0.00821603 0.00827196 0.00831426 0.00833987 0.0083348 0.00843357 0.00826233 0.00833345 0.00875678 0.00949855 0.0104693 0.0104256 0.00896072 0.00925663 0.0109264 0.00908709 0.00980093 0.00989781 0.0092691 0.0102202 0.0141129 0.0123245 0.0101084 0.0102009 0.0109833 0.00967851 0.00927463 0.00992715 0.00883927 0.0137289 0.0145626 0.0160899 0.00913894 0.0103903 0.00945284 0.014996 0.0167396 0.0308957 0.675736 0.00389162 0.00375798 0 0.0680348 0.0131421 0.0369746 0.0261495 0.0200141 0.0170347 0.0258761 0.013958 0.0325334 0.0198465 0.0797499 
0.00826463 0.00808379 0.00820507 0.00837897 0.00832408 0.00795208 0.00794116 0.00799771 0.00833771 0.00798652 0.00867567 0.00825861 0.00802972 0.00829715 0.00802049 0.00846727 0.00832999 0.00802726 0.00862852 0.00810391 0.00874953 0.00835412 0.00893825 0.0107064 0.00846578 0.00861075 0.00921935 0.00868935 0.00829621 0.00855998 0.00812912 0.0085747 0.009827 0.0112836 0.00928303 0.00899385 0.00838123 0.00873515 0.00821218 0.00820147 0.00829497 0.0112617 0.0140422 0.0112368 0.00953733 0.00920289 0.00885943 0.0109596 0.0093279 0.0105986 0.0175568 0.227786 0.0102114 0.0680348 0 0.00401868 0.0037101 0.00377428 0.00371962 0.00384251 0.004349 0.00432277 0.00589779 0.00530003 0.0161589 
0.0083821 0.00868506 0.00870998 0.00830301 0.00795398 0.00827005 0.00817848 0.00828642 0.00832721 0.00836674 0.00812055 0.00826946 0.0092607 0.00843452 0.00868274 0.00831338 0.00812672 0.00810578 0.0083306 0.00944614 0.00905111 0.00947932 0.0085689 0.00855507 0.0123098 0.0116086 0.0113544 0.0104508 0.0107348 0.00969823 0.0101827 0.0106883 0.00913658 0.0120272 0.0180773 0.012635 0.0129736 0.00931898 0.0097186 0.00905049 0.0098914 0.00856911 0.00998938 0.0117464 0.0118237 0.0095584 0.0158633 0.0105659 0.0161711 0.0162754 0.0118751 0.0204964 0.249 0.0131421 0.00401868 0 0.00373569 0.00371399 0.00378928 0.00372432 0.00405485 0.00429481 0.00415475 0.00837109 0.00513559 
0.00881246 0.00880601 0.00945311 0.00832224 0.00804535 0.00831524 0.00832498 0.00833102 0.00866947 0.0085236 0.00827444 0.00865715 0.00898665 0.00898237 0.0095261 0.00849233 0.00829639 0.00807354 0.00851104 0.0101369 0.011083 0.010805 0.00884371 0.00900268 0.0108149 0.0227099 0.0194491 0.0200616 0.013821 0.0135182 0.0137828 0.0118696 0.00923811 0.0112947 0.0199267 0.0334148 0.0188423 0.0169842 0.0117972 0.0131748 0.00946804 0.00893458 0.00914566 0.010654 0.0103423 0.0144655 0.0146124 0.0229731 0.0260098 0.0191017 0.0135575 0.0614665 0.0307864 0.0369746 0.0037101 0.00373569 0 0.00372066 0.00365676 0.00373847 0.00375397 0.00390769 0.0056296 0.00415436 0.0046129 
