1A73A
ALTNAQILAVIDSWEETVGQFPVITHHVPLGGGLQGTLHCYEIPLAAPYGVGFAKNGPTRWQYKRTINQVVHRWGSHTVPFLLEPDNINGKTCTASHLCHNTRCHNPLHLCWESLDDNKGRNWCPGPNGGCVHAVVCLRQGPLYGPGATVAGPQQRGSHFVV
CCCHHHHHHHHHHHHHHHCCCCEEEEEEEEECCEEEEEEEEECCCCCCCCCCEEEEECCEEEEEEEECCEEEEEECCCHHHCCCCCEECCEEEEEEECCCCCCECCHHHEEEEEHHHHHHHHHCCCCCCCCCCCCCCCCCCCCCCCCCCCECCCCCCCCCCC
0 0 0 0 0 0 0 0 0 0 0 0 0 0 0 0 0 0 0 0 0 0 0 0 0 0 0 0 0 0 0 0 0 0 0 0 0 0 0 0 0 0 0 0 0 0 0 0 0 0 0 0 0 0 0 0 0 0 0 0 0 0 0 0 0 0 0 0 0 0 0 0 0 0 0 0 0 0 0 0 0 0 0 0 0 0 0 0 0 0 0 0 0 0 0 0 0 0 0 0 0 0 0 0 0 0 0 0 0 0 0 0 0 0 0 0 0 0 0 0 0 0 0 0 0 0 0 0 0 0 0 0 0 0 0 0 0 0 0 0 0 0 0 0 0 0 0 0 0 0 0 0 0 0 0 0 0 0 0 0 0 0 
0 0 0 0 0 0 0 0 0 0 0 0 0 0 0 0 0 0 0 0 0 0 0 0 0 0 0 0 0 0 0 0 0 0 0 0 0 0 0 0 0 0 0 0 0 0 0 0 0 0 0 0 0 0 0 0 0 0 0 0 0 0 0 0 0 0 0 0 0 0 0 0 0 0 0 0 0 0 0 0 0 0 0 0 0 0 0 0 0 0 0 0 0 0 0 0 0 0 0 0 0 0 0 0 0 0 0 0 0 0 0 0 0 0 0 0 0 0 0 0 0 0 0 0 0 0 0 0 0 0 0 0 0 0 0 0 0 0 0 0 0 0 0 0 0 0 0 0 0 0 0 0 0 0 0 0 0 0 0 0 0 0 
0 0.00398242 0.00382932 0.0037544 0.00373081 0.00390875 0.00389213 0.00423847 0.01608 0.00733781 0.0068179 0.00759274 0.00843094 0.00785852 0.00937105 0.0105305 0.673814 0.102026 0.0126777 0.00922901 0.00892409 0.00923362 0.0142504 0.0117453 0.00980336 0.00988056 0.00930673 0.00927343 0.0097343 0.01076 0.0197108 0.0127896 0.00927765 0.00931696 0.00885496 0.0089494 0.0125906 0.00914643 0.00984065 0.00868199 0.00871193 0.00932206 0.0102781 0.00951111 0.00940492 0.010746 0.0105696 0.00920811 0.00895685 0.00849976 0.00901194 0.0103954 0.00911011 
0.00398242 0 0.00435283 0.00376345 0.00372646 0.00372826 0.00391829 0.00408499 0.00427651 0.00596667 0.00618396 0.00846734 0.00678639 0.0102089 0.00825828 0.752745 0.0542473 0.00911997 0.00928618 0.00929533 0.00881915 0.00908772 0.00860992 0.00901273 0.0162415 0.00890589 0.0106613 0.00881911 0.0103364 0.0101305 0.0141238 0.00933731 0.0100466 0.0105029 0.00929514 0.010808 0.00869897 0.00862994 0.00849675 0.00815545 0.00847467 0.0103053 0.00901063 0.0131112 0.00931022 0.00924622 0.00828255 0.00947252 0.00861832 0.00952493 0.00881701 0.00838694 0.00819243 
0.00382932 0.00435283 0 0.00373132 0.00371355 0.00374073 0.00447132 0.00368807 0.00378247 0.00532826 0.00645956 0.00591219 0.00921201 0.00742734 0.772231 0.0302791 0.00989624 0.00828751 0.00887163 0.00865798 0.00919495 0.00854704 0.00821751 0.00898712 0.0088703 0.0118165 0.0088198 0.010729 0.00898561 0.0153766 0.00850301 0.00896514 0.00970416 0.00922814 0.0168121 0.0087375 0.00877945 0.00826085 0.00811733 0.00813564 0.00892224 0.00856185 0.0129114 0.0097588 0.0122697 0.00834197 0.00791503 0.00873401 0.00886549 0.00963967 0.00862199 0.00823247 0.00797713 
0.0037544 0.00376345 0.00373132 0 0.00376308 0.00377746 0.00365505 0.00373166 0.00377076 0.00510451 0.0050932 0.0108925 0.00633558 0.784603 0.0595934 0.0121211 0.00828195 0.00797671 0.00911418 0.00882904 0.00886257 0.00829423 0.00885733 0.00834627 0.0107505 0.00873031 0.0124625 0.00868413 0.0214436 0.00866662 0.00964707 0.00889228 0.00883109 0.0133036 0.00909575 0.0104959 0.00856415 0.0081816 0.00817009 0.00820468 0.00818766 0.0113389 0.00917613 0.0172448 0.00880586 0.00901371 0.00803933 0.00954407 0.00874299 0.00982126 0.00849727 0.00989867 0.00793818 
0.00373081 0.00372646 0.00371355 0.00376308 0 0.0037307 0.00373631 0.00372152 0.00378509 0.00422145 0.00689757 0.00536952 0.814957 0.0350144 0.0166179 0.00667547 0.00763266 0.00829338 0.00872113 0.00957861 0.00837067 0.00914181 0.00814945 0.0108632 0.00873958 0.0162398 0.00877084 0.0212687 0.00856855 0.0135139 0.00847129 0.00935275 0.0143029 0.00917098 0.0292617 0.00880003 0.00903245 0.00868276 0.0081325 0.00811703 0.0103058 0.00881056 0.0195108 0.00921167 0.0113653 0.00845119 0.00795758 0.00895983 0.0100574 0.0102463 0.00920026 0.00821101 0.00795772 
0.00390875 0.00372826 0.00374073 0.00377746 0.0037307 0 0.00369366 0.00373507 0.0037291 0.00449315 0.00408242 0.882807 0.0121664 0.0535664 0.00519953 0.0111581 0.00733273 0.00699861 0.0100722 0.0083531 0.00889623 0.00802048 0.00902104 0.00820443 0.0176637 0.0084154 0.0284953 0.00829821 0.0144989 0.00834019 0.0117294 0.0128566 0.00881615 0.0221694 0.00906991 0.0124047 0.0088321 0.00821747 0.00850698 0.0082699 0.00832753 0.0229634 0.00886967 0.0330573 0.00889382 0.00925996 0.00830629 0.0106501 0.00880434 0.0150381 0.00849533 0.0085421 0.00797126 
0.00389213 0.00391829 0.00447132 0.00365505 0.00373631 0.00369366 0 0.00370288 0.00376383 0.00396858 0.707746 0.0246769 0.055455 0.00648161 0.0104995 0.00588744 0.00673485 0.00649765 0.00834746 0.0101403 0.00844805 0.00935066 0.00786834 0.0120602 0.0087424 0.0268203 0.00869872 0.0138987 0.00840925 0.0150057 0.00833213 0.00926284 0.0119918 0.00914153 0.038273 0.0089692 0.00902302 0.00869938 0.008132 0.00808893 0.0117015 0.00890733 0.0269887 0.0104212 0.0126306 0.00925819 0.007967 0.00928994 0.0123707 0.0106978 0.00910035 0.0082354 0.00796118 
0.00423847 0.00408499 0.00368807 0.00373166 0.00372152 0.00373507 0.00370288 0 0.00379136 0.0595276 0.0546849 0.0123823 0.00444956 0.00730809 0.00499891 0.0104129 0.00688304 0.00764156 0.0111591 0.0101042 0.00889114 0.00839877 0.00923534 0.00870273 0.0171027 0.00864588 0.0120983 0.00846545 0.0100119 0.00874935 0.0109923 0.00967171 0.00926863 0.0109796 0.0091523 0.0246396 0.0110729 0.00855616 0.00866657 0.00890058 0.00872571 0.0108805 0.00915504 0.0134241 0.0127175 0.0130123 0.00875767 0.0112424 0.0100001 0.0113481 0.00951802 0.00866995 0.0080479 
0.01608 0.00427651 0.00378247 0.00377076 0.00378509 0.0037291 0.00376383 0.00379136 0 0.940613 0.00488959 0.00397879 0.00410095 0.00469943 0.00497558 0.00573474 0.0080878 0.00694553 0.0177179 0.00914928 0.00797942 0.00878623 0.00895915 0.0128279 0.00903562 0.00964288 0.00883891 0.00884812 0.00842078 0.0089872 0.0101685 0.0130733 0.00858131 0.00867622 0.00878884 0.00938798 0.0149465 0.0095066 0.00864611 0.010069 0.00854057 0.00861386 0.00910518 0.00910314 0.00982398 0.0126192 0.00974788 0.010783 0.00909304 0.00852766 0.00851124 0.00825832 0.00898148 
0.00733781 0.00596667 0.00532826 0.00510451 0.00422145 0.00449315 0.00396858 0.0595276 0.940613 0 0.0039035 0.00380538 0.00392483 0.00400433 0.00378774 0.00409561 0.00452259 0.00800962 0.00962517 0.00803553 0.00829062 0.0089777 0.0145103 0.00861142 0.00904097 0.00829644 0.00974767 0.00845424 0.00949391 0.00935603 0.0354373 0.00970287 0.00855251 0.00866558 0.00832381 0.00929585 0.0112346 0.00869119 0.0104265 0.00827222 0.00834208 0.0085983 0.008439 0.00901273 0.0088042 0.0114444 0.00942086 0.00922932 0.00822967 0.00851171 0.00876605 0.00993866 0.00933879 
0.0068179 0.00618396 0.00645956 0.0050932 0.00689757 0.00408242 0.707746 0.0546849 0.00488959 0.0039035 0 0.00460347 0.00398067 0.00370459 0.00398348 0.00378247 0.00625868 0.00459015 0.00756183 0.0084478 0.00773641 0.0118376 0.0078737 0.0103897 0.00828826 0.0145318 0.00821718 0.0101941 0.00816764 0.0223603 0.00855856 0.00909201 0.00967348 0.00850986 0.0110139 0.00868728 0.00893851 0.00942055 0.00818562 0.00833669 0.00932483 0.00843683 0.0121324 0.00855967 0.0131182 0.00867975 0.00802893 0.00837572 0.00910862 0.00848598 0.00927619 0.00830409 0.00829478 
0.00759274 0.00846734 0.00591219 0.0108925 0.00536952 0.882807 0.0246769 0.0123823 0.00397879 0.00380538 0.00460347 0 0.00371228 0.0040516 0.00370458 0.00399074 0.00377877 0.0038407 0.00908392 0.00838768 0.00995822 0.00809027 0.0117282 0.00812699 0.0209749 0.0084794 0.0179071 0.00822221 0.0194047 0.00836596 0.0173273 0.00985809 0.00880818 0.01779 0.0086569 0.0131055 0.00915955 0.00842906 0.00991665 0.00858983 0.00871164 0.0202595 0.00863831 0.0306344 0.00905298 0.0103948 0.00898043 0.0117991 0.00877948 0.0122772 0.00877047 0.00866762 0.00810312 
0.00843094 0.00678639 0.00921201 0.00633558 0.814957 0.0121664 0.055455 0.00444956 0.00410095 0.00392483 0.00398067 0.00371228 0 0.00370502 0.00381925 0.00375411 0.00374327 0.0039765 0.00746181 0.00927602 0.00784309 0.0122873 0.00797029 0.0162411 0.00839579 0.0205627 0.00821813 0.0172668 0.00831231 0.021758 0.00842804 0.01118 0.011521 0.00884295 0.0353362 0.00895471 0.010459 0.00923389 0.0081873 0.00845655 0.0126108 0.00859249 0.0465374 0.00902307 0.0225304 0.00870179 0.00800084 0.00880307 0.0123087 0.00958361 0.00992285 0.00870268 0.00812452 
0.00785852 0.0102089 0.00742734 0.784603 0.0350144 0.0535664 0.00648161 0.00730809 0.00469943 0.00400433 0.00370459 0.0040516 0.00370502 0 0.00372152 0.0037527 0.00372932 0.00380245 0.00833371 0.00909721 0.0103432 0.008037 0.0308571 0.00790944 0.0166641 0.00830336 0.0249216 0.00824906 0.0227423 0.00817835 0.0143938 0.00912467 0.00872149 0.0265942 0.00887422 0.0265034 0.00920787 0.00840846 0.00895942 0.00853754 0.0084263 0.0370791 0.00873256 0.0719401 0.00958381 0.00989884 0.00881861 0.0144043 0.00919151 0.0185764 0.00922259 0.00879865 0.00818194 
0.00937105 0.00825828 0.772231 0.0595934 0.0166179 0.00519953 0.0104995 0.00499891 0.00497558 0.00378774 0.00398348 0.00370458 0.00381925 0.00372152 0 0.00369224 0.00371517 0.00374224 0.00694403 0.00961211 0.0100772 0.0317872 0.00812173 0.0108633 0.00832626 0.0301744 0.00915938 0.0150438 0.00826136 0.0294101 0.00860243 0.00904745 0.0143809 0.00940978 0.0428993 0.00968004 0.00968648 0.00903637 0.00830751 0.00833268 0.0183982 0.00895774 0.0649714 0.0100275 0.0176968 0.00934466 0.0081828 0.0100467 0.015667 0.0112466 0.0126494 0.00871552 0.008019 
0.0105305 0.752745 0.0302791 0.0121211 0.00667547 0.0111581 0.00588744 0.0104129 0.00573474 0.00409561 0.00378247 0.00399074 0.00375411 0.0037527 0.00369224 0 0.00369459 0.00374047 0.0120547 0.0103162 0.0385772 0.0172147 0.00810468 0.00781474 0.0198227 0.00850815 0.0157388 0.00824729 0.0187641 0.00896629 0.0164665 0.00948504 0.00898067 0.0234494 0.0106918 0.0175936 0.0095269 0.00849509 0.00850585 0.013463 0.00868688 0.0309807 0.00997975 0.0394096 0.0111464 0.0106613 0.00838693 0.0142028 0.0124043 0.027461 0.0098419 0.008923 0.00801318 
0.673814 0.0542473 0.00989624 0.00828195 0.00763266 0.00733273 0.00673485 0.00688304 0.0080878 0.00452259 0.00625868 0.00377877 0.00374327 0.00372932 0.00371517 0.00369459 0 0.00374707 0.00952022 0.0708037 0.0228984 0.0111996 0.00729838 0.0107063 0.011645 0.0130824 0.00886253 0.0117804 0.011421 0.0202488 0.00972447 0.00971006 0.0135572 0.00958488 0.0128422 0.0251107 0.0138665 0.00914883 0.0103319 0.00861877 0.0131709 0.00980902 0.0152398 0.0179787 0.0279769 0.0144466 0.0090358 0.0119374 0.019884 0.0127756 0.0128684 0.00899572 0.00808702 
0.102026 0.00911997 0.00828751 0.00797671 0.00829338 0.00699861 0.00649765 0.00764156 0.00694553 0.00800962 0.00459015 0.0038407 0.0039765 0.00380245 0.00374224 0.00374047 0.00374707 0 0.0562028 0.0208754 0.00900009 0.00705472 0.00868527 0.016698 0.0119014 0.00999277 0.00923683 0.0160543 0.00999482 0.0102128 0.0108979 0.0199824 0.00973433 0.00927718 0.00966812 0.0118452 0.0189452 0.0126217 0.00901242 0.0192006 0.0101292 0.0101764 0.0111644 0.0107546 0.0126243 0.0179966 0.0121013 0.0219225 0.0109259 0.00965519 0.00992811 0.00930915 0.00957113 
0.0126777 0.00928618 0.00887163 0.00911418 0.00872113 0.0100722 0.00834746 0.0111591 0.0177179 0.00962517 0.00756183 0.00908392 0.00746181 0.00833371 0.00694403 0.0120547 0.00952022 0.0562028 0 0.00394879 0.00373676 0.00385362 0.00688699 0.00459092 0.00512059 0.0110649 0.51544 0.0329972 0.0152596 0.0081466 0.0598267 0.0089104 0.00822082 0.00846356 0.00824121 0.00941767 0.0390405 0.00997518 0.0178158 0.00945067 0.00889814 0.010001 0.00938195 0.0102044 0.00995408 0.0183367 0.0186555 0.0111574 0.00923435 0.00926228 0.00981436 0.0235156 0.0119808 
0.00922901 0.00929533 0.00865798 0.00882904 0.00957861 0.0083531 0.0101403 0.0101042 0.00914928 0.00803553 0.0084478 0.00838768 0.00927602 0.00909721 0.00961211 0.0103162 0.0708037 0.0208754 0.00394879 0 0.00402948 0.00384141 0.00424644 0.0041533 0.00649123 0.573882 0.0317991 0.00808871 0.00644249 0.0205171 0.00740548 0.00777735 0.0088294 0.00812049 0.00901375 0.0110181 0.00885317 0.0091076 0.00853202 0.00849389 0.00933867 0.00886578 0.0110153 0.00968453 0.0133173 0.00909905 0.00863832 0.00960344 0.00938537 0.00974476 0.0113411 0.00901111 0.0083525 
0.00892409 0.00881915 0.00919495 0.00886257 0.00837067 0.00889623 0.00844805 0.00889114 0.00797942 0.00829062 0.00773641 0.00995822 0.00784309 0.0103432 0.0100772 0.0385772 0.0228984 0.00900009 0.00373676 0.00402948 0 0.00369404 0.00369295 0.00417844 0.48118 0.0348864 0.00661995 0.00527467 0.0124698 0.00567667 0.00576062 0.00672597 0.00723303 0.0087097 0.00875419 0.00796069 0.00752042 0.00827269 0.0081072 0.00839478 0.00855474 0.0117501 0.00949063 0.0147202 0.00944605 0.00868165 0.00825591 0.0102715 0.00932548 0.0110742 0.00878924 0.00830389 0.00795342 
0.00923362 0.00908772 0.00854704 0.00829423 0.00914181 0.00802048 0.00935066 0.00839877 0.00878623 0.0089777 0.0118376 0.00809027 0.0122873 0.008037 0.0317872 0.0172147 0.0111996 0.00705472 0.00385362 0.00384141 0.00369404 0 0.0037598 0.00950479 0.0433677 0.0051201 0.00386464 0.00788901 0.00496949 0.00574493 0.00546412 0.00710856 0.00891354 0.00710779 0.00802835 0.00716693 0.00759678 0.00928676 0.00851101 0.008955 0.0114349 0.00843929 0.0117113 0.00896109 0.0117399 0.00887368 0.00856038 0.0100037 0.0113243 0.00913277 0.00920866 0.00830018 0.00807674 
0.0142504 0.00860992 0.00821751 0.00885733 0.00814945 0.00902104 0.00786834 0.00923534 0.00895915 0.0145103 0.0078737 0.0117282 0.00797029 0.0308571 0.00812173 0.00810468 0.00729838 0.00868527 0.00688699 0.00424644 0.00369295 0.0037598 0 0.885376 0.00679525 0.00379432 0.00500773 0.00434914 0.00452376 0.0049046 0.00575323 0.00854553 0.00648804 0.00663776 0.0062897 0.00678166 0.00710069 0.00989694 0.00895136 0.0122096 0.00831778 0.00938835 0.0085965 0.00953141 0.00848365 0.00933569 0.0112857 0.0137188 0.00895919 0.00891043 0.00838031 0.00852349 0.008865 
0.0117453 0.00901273 0.00898712 0.00834627 0.0108632 0.00820443 0.0120602 0.00870273 0.0128279 0.00861142 0.0103897 0.00812699 0.0162411 0.00790944 0.0108633 0.00781474 0.0107063 0.016698 0.00459092 0.0041533 0.00417844 0.00950479 0.885376 0 0.00371882 0.00376144 0.00375406 0.00476347 0.00388021 0.00489356 0.00514952 0.00619376 0.005776 0.00562545 0.00679272 0.00659934 0.012841 0.0134271 0.0158292 0.0092616 0.0106443 0.00845834 0.0131768 0.00871249 0.0123593 0.0112292 0.0112412 0.00948104 0.00989812 0.00898664 0.0099031 0.0110241 0.00997642 
0.00980336 0.0162415 0.0088703 0.0107505 0.00873958 0.0176637 0.0087424 0.0171027 0.00903562 0.00904097 0.00828826 0.0209749 0.00839579 0.0166641 0.00832626 0.0198227 0.011645 0.0119014 0.00512059 0.00649123 0.48118 0.0433677 0.00679525 0.00371882 0 0.00382642 0.00383581 0.00375278 0.00384416 0.00421927 0.00434865 0.00513793 0.00672308 0.0064726 0.0062128 0.0110072 0.018957 0.0204131 0.0126932 0.0086353 0.00976109 0.0145659 0.00941867 0.0317169 0.0111427 0.013409 0.00969448 0.0122188 0.0099844 0.0142464 0.0127235 0.0101949 0.00846153 
0.00988056 0.00890589 0.0118165 0.00873031 0.0162398 0.0084154 0.0268203 0.00864588 0.00964288 0.00829644 0.0145318 0.0084794 0.0205627 0.00830336 0.0301744 0.00850815 0.0130824 0.00999277 0.0110649 0.573882 0.0348864 0.0051201 0.00379432 0.00376144 0.00382642 0 0.00369338 0.00372132 0.00371677 0.00391844 0.00379535 0.00516024 0.00756241 0.00531363 0.00963156 0.0122042 0.884857 0.00867209 0.00808679 0.00833609 0.0125445 0.0087864 0.0255129 0.00979908 0.0216976 0.00938431 0.00856855 0.0100119 0.015307 0.0144353 0.0116705 0.00899611 0.00826043 
0.00930673 0.0106613 0.0088198 0.0124625 0.00877084 0.0284953 0.00869872 0.0120983 0.00883891 0.00974767 0.00821718 0.0179071 0.00821813 0.0249216 0.00915938 0.0157388 0.00886253 0.00923683 0.51544 0.0317991 0.00661995 0.00386464 0.00500773 0.00375406 0.00383581 0.00369338 0 0.00373509 0.00375788 0.00383315 0.00386284 0.00491744 0.0048899 0.0127323 0.00649354 0.926309 0.00946531 0.00808469 0.00830342 0.00899075 0.0084058 0.0173076 0.00932759 0.032355 0.00950595 0.0112775 0.00872307 0.0134566 0.0109769 0.0153958 0.00961521 0.00956179 0.00828505 
0.00927343 0.00881911 0.010729 0.00868413 0.0212687 0.00829821 0.0138987 0.00846545 0.00884812 0.00845424 0.0101941 0.00822221 0.0172668 0.00824906 0.0150438 0.00824729 0.0117804 0.0160543 0.0329972 0.00808871 0.00527467 0.00788901 0.00434914 0.00476347 0.00375278 0.00372132 0.00373509 0 0.00373861 0.00386184 0.00373663 0.00407423 0.0114378 0.00600857 0.95533 0.00648744 0.00605278 0.00830419 0.00793954 0.00829886 0.0111653 0.00856929 0.020768 0.00905457 0.0127774 0.00878789 0.00851544 0.00993928 0.0122411 0.0103376 0.0100637 0.00860273 0.00825653 
0.0097343 0.0103364 0.00898561 0.0214436 0.00856855 0.0144989 0.00840925 0.0100119 0.00842078 0.00949391 0.00816764 0.0194047 0.00831231 0.0227423 0.00826136 0.0187641 0.011421 0.00999482 0.0152596 0.00644249 0.0124698 0.00496949 0.00452376 0.00388021 0.00384416 0.00371677 0.00375788 0.00373861 0 0.00369463 0.00381448 0.00687814 0.00487635 0.95144 0.00727705 0.00608547 0.0057639 0.00800881 0.00827675 0.00878736 0.00830947 0.0215621 0.00887487 0.0232166 0.00969571 0.00954871 0.00915983 0.0120449 0.0104174 0.0169178 0.00897288 0.00868347 0.00812538 
0.01076 0.0101305 0.0153766 0.00866662 0.0135139 0.00834019 0.0150057 0.00874935 0.0089872 0.00935603 0.0223603 0.00836596 0.021758 0.00817835 0.0294101 0.00896629 0.0202488 0.0102128 0.0081466 0.0205171 0.00567667 0.00574493 0.0049046 0.00489356 0.00421927 0.00391844 0.00383315 0.00386184 0.00369463 0 0.0038046 0.0055535 0.970788 0.00448992 0.00505823 0.00512564 0.00537587 0.0118095 0.00852469 0.00981326 0.0247429 0.00847238 0.0207239 0.00886201 0.0166132 0.00926516 0.00940076 0.01111 0.0176319 0.00956364 0.0103655 0.00880374 0.0083929 
0.0197108 0.0141238 0.00850301 0.00964707 0.00847129 0.0117294 0.00833213 0.0109923 0.0101685 0.0354373 0.00855856 0.0173273 0.00842804 0.0143938 0.00860243 0.0164665 0.00972447 0.0108979 0.0598267 0.00740548 0.00576062 0.00546412 0.00575323 0.00514952 0.00434865 0.00379535 0.00386284 0.00373663 0.00381448 0.0038046 0 0.988752 0.00403352 0.00706027 0.00384176 0.00430621 0.0048886 0.00969011 0.0122721 0.0264389 0.00923866 0.0166085 0.00885767 0.0111251 0.00910204 0.0116142 0.0212903 0.0280683 0.0101281 0.0105924 0.00883742 0.00969942 0.0108894 
0.0127896 0.00933731 0.00896514 0.00889228 0.00935275 0.0128566 0.00926284 0.00967171 0.0130733 0.00970287 0.00909201 0.00985809 0.01118 0.00912467 0.00904745 0.00948504 0.00971006 0.0199824 0.0089104 0.00777735 0.00672597 0.00710856 0.00854553 0.00619376 0.00513793 0.00516024 0.00491744 0.00407423 0.00687814 0.0055535 0.988752 0 0.00409602 0.00370139 0.00374599 0.0037734 0.00427763 0.00997894 0.010186 0.0092768 0.00904166 0.00920884 0.011105 0.0105077 0.0117057 0.015114 0.0148842 0.0102541 0.00931138 0.00957872 0.0100878 0.0144262 0.0103876 
0.00927765 0.0100466 0.00970416 0.00883109 0.0143029 0.00881615 0.0119918 0.00926863 0.00858131 0.00855251 0.00967348 0.00880818 0.011521 0.00872149 0.0143809 0.00898067 0.0135572 0.00973433 0.00822082 0.0088294 0.00723303 0.00891354 0.00648804 0.005776 0.00672308 0.00756241 0.0048899 0.0114378 0.00487635 0.970788 0.00403352 0.00409602 0 0.00369582 0.00371472 0.00375022 0.00377532 0.0102175 0.00786933 0.0079184 0.0129811 0.00963156 0.0142789 0.0125159 0.017058 0.0112749 0.0105943 0.00986396 0.0117961 0.0115037 0.0112826 0.00978033 0.00843928 
0.00931696 0.0105029 0.00922814 0.0133036 0.00917098 0.0221694 0.00914153 0.0109796 0.00867622 0.00866558 0.00850986 0.01779 0.00884295 0.0265942 0.00940978 0.0234494 0.00958488 0.00927718 0.00846356 0.00812049 0.0087097 0.00710779 0.00663776 0.00562545 0.0064726 0.00531363 0.0127323 0.00600857 0.95144 0.00448992 0.00706027 0.00370139 0.00369582 0 0.00370755 0.00370808 0.00370919 0.00657836 0.00861268 0.00771208 0.00819504 0.0210113 0.0110057 0.0311807 0.0137495 0.00932597 0.00848682 0.0148131 0.0125529 0.0203413 0.0109591 0.00929139 0.00824822 
0.00885496 0.00929514 0.0168121 0.00909575 0.0292617 0.00906991 0.038273 0.0091523 0.00878884 0.00832381 0.0110139 0.0086569 0.0353362 0.00887422 0.0428993 0.0106918 0.0128422 0.00966812 0.00824121 0.00901375 0.00875419 0.00802835 0.0062897 0.00679272 0.0062128 0.00963156 0.00649354 0.95533 0.00727705 0.00505823 0.00384176 0.00374599 0.00371472 0.00370755 0 0.00369458 0.00371013 0.00678035 0.00707263 0.00726799 0.0124899 0.0105329 0.0512177 0.0252126 0.0288635 0.00982308 0.00869201 0.0104087 0.0203537 0.0201789 0.0141407 0.00922686 0.00822815 
0.0089494 0.010808 0.0087375 0.0104959 0.00880003 0.0124047 0.0089692 0.0246396 0.00938798 0.00929585 0.00868728 0.0131055 0.00895471 0.0265034 0.00968004 0.0175936 0.0251107 0.0118452 0.00941767 0.0110181 0.00796069 0.00716693 0.00678166 0.00659934 0.0110072 0.0122042 0.926309 0.00648744 0.00608547 0.00512564 0.00430621 0.0037734 0.00375022 0.00370808 0.00369458 0 0.00370925 0.0073954 0.0125291 0.00863807 0.0105991 0.0204592 0.0168064 0.039239 0.0235908 0.0156618 0.00927852 0.0133058 0.0176561 0.0268747 0.0140066 0.0104138 0.00826372 
0.0125906 0.00869897 0.00877945 0.00856415 0.00903245 0.0088321 0.00902302 0.0110729 0.0149465 0.0112346 0.00893851 0.00915955 0.010459 0.00920787 0.00968648 0.0095269 0.0138665 0.0189452 0.0390405 0.00885317 0.00752042 0.00759678 0.00710069 0.012841 0.018957 0.884857 0.00946531 0.00605278 0.0057639 0.00537587 0.0048886 0.00427763 0.00377532 0.00370919 0.00371013 0.00370925 0 0.0186802 0.0171857 0.01273 0.0109286 0.0222322 0.0215279 0.0177054 0.0151891 0.0366561 0.0131314 0.0169618 0.0122265 0.0107988 0.0117691 0.0109064 0.010094 
0.00914643 0.00862994 0.00826085 0.0081816 0.00868276 0.00821747 0.00869938 0.00855616 0.0095066 0.00869119 0.00942055 0.00842906 0.00923389 0.00840846 0.00903637 0.00849509 0.00914883 0.0126217 0.00997518 0.0091076 0.00827269 0.00928676 0.00989694 0.0134271 0.0204131 0.00867209 0.00808469 0.00830419 0.00800881 0.0118095 0.00969011 0.00997894 0.0102175 0.00657836 0.00678035 0.0073954 0.0186802 0 0.0119984 0.00649335 0.870196 0.00770183 0.005242 0.00439104 0.0060517 0.00556666 0.0238375 0.00733027 0.010481 0.00846195 0.00960661 0.0112417 0.0107601 
0.00984065 0.00849675 0.00811733 0.00817009 0.0081325 0.00850698 0.008132 0.00866657 0.00864611 0.0104265 0.00818562 0.00991665 0.0081873 0.00895942 0.00830751 0.00850585 0.0103319 0.00901242 0.0178158 0.00853202 0.0081072 0.00851101 0.00895136 0.0158292 0.0126932 0.00808679 0.00830342 0.00793954 0.00827675 0.00852469 0.0122721 0.010186 0.00786933 0.00861268 0.00707263 0.0125291 0.0171857 0.0119984 0 0.97771 0.00779967 0.00415549 0.00384234 0.00431075 0.00472734 0.0051525 0.0137273 0.0119125 0.00797952 0.00834281 0.00853626 0.00833001 0.0118624 
0.00868199 0.00815545 0.00813564 0.00820468 0.00811703 0.0082699 0.00808893 0.00890058 0.010069 0.00827222 0.00833669 0.00858983 0.00845655 0.00853754 0.00833268 0.013463 0.00861877 0.0192006 0.00945067 0.00849389 0.00839478 0.008955 0.0122096 0.0092616 0.0086353 0.00833609 0.00899075 0.00829886 0.00878736 0.00981326 0.0264389 0.0092768 0.0079184 0.00771208 0.00726799 0.00863807 0.01273 0.00649335 0.97771 0 0.00382154 0.00379209 0.00376569 0.00377934 0.00379406 0.00433997 0.00888642 0.00696177 0.00666747 0.00855704 0.00974294 0.0159002 0.0114963 
0.00871193 0.00847467 0.00892224 0.00818766 0.0103058 0.00832753 0.0117015 0.00872571 0.00854057 0.00834208 0.00932483 0.00871164 0.0126108 0.0084263 0.0183982 0.00868688 0.0131709 0.0101292 0.00889814 0.00933867 0.00855474 0.0114349 0.00831778 0.0106443 0.00976109 0.0125445 0.0084058 0.0111653 0.00830947 0.0247429 0.00923866 0.00904166 0.0129811 0.00819504 0.0124899 0.0105991 0.0109286 0.870196 0.00779967 0.00382154 0 0.00372914 0.00376923 0.00373225 0.00605705 0.0039435 0.00590831 0.00609563 0.00825845 0.012774 0.0163463 0.0109937 0.00969421 
0.00932206 0.0103053 0.00856185 0.0113389 0.00881056 0.0229634 0.00890733 0.0108805 0.00861386 0.0085983 0.00843683 0.0202595 0.00859249 0.0370791 0.00895774 0.0309807 0.00980902 0.0101764 0.010001 0.00886578 0.0117501 0.00843929 0.00938835 0.00845834 0.0145659 0.0087864 0.0173076 0.00856929 0.0215621 0.00847238 0.0166085 0.00920884 0.00963156 0.0210113 0.0105329 0.0204592 0.0222322 0.00770183 0.00415549 0.00379209 0.00372914 0 0.00374247 0.00375372 0.00375596 0.00375489 0.00580145 0.0115181 0.00862041 0.0164333 0.0148626 0.307894 0.00927378 
0.0102781 0.00901063 0.0129114 0.00917613 0.0195108 0.00886967 0.0269887 0.00915504 0.00910518 0.008439 0.0121324 0.00863831 0.0465374 0.00873256 0.0649714 0.00997975 0.0152398 0.0111644 0.00938195 0.0110153 0.00949063 0.0117113 0.0085965 0.0131768 0.00941867 0.0255129 0.00932759 0.020768 0.00887487 0.0207239 0.00885767 0.011105 0.0142789 0.0110057 0.0512177 0.0168064 0.0215279 0.005242 0.00384234 0.00376569 0.00376923 0.00374247 0 0.00375636 0.00379765 0.00373353 0.00587352 0.00675013 0.015072 0.0129166 0.55146 0.00807929 0.00878358 
0.00951111 0.0131112 0.0097588 0.0172448 0.00921167 0.0330573 0.0104212 0.0134241 0.00910314 0.00901273 0.00855967 0.0306344 0.00902307 0.0719401 0.0100275 0.0394096 0.0179787 0.0107546 0.0102044 0.00968453 0.0147202 0.00896109 0.00953141 0.00871249 0.0317169 0.00979908 0.032355 0.00905457 0.0232166 0.00886201 0.0111251 0.0105077 0.0125159 0.0311807 0.0252126 0.039239 0.0177054 0.00439104 0.00431075 0.00377934 0.00373225 0.00375372 0.00375636 0 0.00374861 0.00375523 0.00456979 0.0179131 0.00837603 0.647645 0.0116157 0.023715 0.00905401 
0.00940492 0.00931022 0.0122697 0.00880586 0.0113653 0.00889382 0.0126306 0.0127175 0.00982398 0.0088042 0.0131182 0.00905298 0.0225304 0.00958381 0.0176968 0.0111464 0.0279769 0.0126243 0.00995408 0.0133173 0.00944605 0.0117399 0.00848365 0.0123593 0.0111427 0.0216976 0.00950595 0.0127774 0.00969571 0.0166132 0.00910204 0.0117057 0.017058 0.0137495 0.0288635 0.0235908 0.0151891 0.0060517 0.00472734 0.00379406 0.00605705 0.00375596 0.00379765 0.00374861 0 0.00373973 0.00745586 0.00654801 0.575017 0.0121528 0.0279132 0.00722518 0.00968043 
0.010746 0.00924622 0.00834197 0.00901371 0.00845119 0.00925996 0.00925819 0.0130123 0.0126192 0.0114444 0.00867975 0.0103948 0.00870179 0.00989884 0.00934466 0.0106613 0.0144466 0.0179966 0.0183367 0.00909905 0.00868165 0.00887368 0.00933569 0.0112292 0.013409 0.00938431 0.0112775 0.00878789 0.00954871 0.00926516 0.0116142 0.015114 0.0112749 0.00932597 0.00982308 0.0156618 0.0366561 0.00556666 0.0051525 0.00433997 0.0039435 0.00375489 0.00373353 0.00375523 0.00373973 0 0.0206335 0.381266 0.0083704 0.0306601 0.00807968 0.010624 0.0106526 
0.0105696 0.00828255 0.00791503 0.00803933 0.00795758 0.00830629 0.007967 0.00875767 0.00974788 0.00942086 0.00802893 0.00898043 0.00800084 0.00881861 0.0081828 0.00838693 0.0090358 0.0121013 0.0186555 0.00863832 0.00825591 0.00856038 0.0112857 0.0112412 0.00969448 0.00856855 0.00872307 0.00851544 0.00915983 0.00940076 0.0212903 0.0148842 0.0105943 0.00848682 0.00869201 0.00927852 0.0131314 0.0238375 0.0137273 0.00888642 0.00590831 0.00580145 0.00587352 0.00456979 0.00745586 0.0206335 0 0.00524595 0.01198 0.00417632 0.00448011 0.00597967 0.0510097 
0.00920811 0.00947252 0.00873401 0.00954407 0.00895983 0.0106501 0.00928994 0.0112424 0.010783 0.00922932 0.00837572 0.0117991 0.00880307 0.0144043 0.0100467 0.0142028 0.0119374 0.0219225 0.0111574 0.00960344 0.0102715 0.0100037 0.0137188 0.00948104 0.0122188 0.0100119 0.0134566 0.00993928 0.0120449 0.01111 0.0280683 0.0102541 0.00986396 0.0148131 0.0104087 0.0133058 0.0169618 0.00733027 0.0119125 0.00696177 0.00609563 0.0115181 0.00675013 0.0179131 0.00654801 0.381266 0.00524595 0 0.00377741 0.00376649 0.0037696 0.00383315 0.0166982 
0.00895685 0.00861832 0.00886549 0.00874299 0.0100574 0.00880434 0.0123707 0.0100001 0.00909304 0.00822967 0.00910862 0.00877948 0.0123087 0.00919151 0.015667 0.0124043 0.019884 0.0109259 0.00923435 0.00938537 0.00932548 0.0113243 0.00895919 0.00989812 0.0099844 0.015307 0.0109769 0.0122411 0.0104174 0.0176319 0.0101281 0.00931138 0.0117961 0.0125529 0.0203537 0.0176561 0.0122265 0.010481 0.00797952 0.00666747 0.00825845 0.00862041 0.015072 0.00837603 0.575017 0.0083704 0.01198 0.00377741 0 0.00371307 0.0037543 0.00391873 0.012406 
0.00849976 0.00952493 0.00963967 0.00982126 0.0102463 0.0150381 0.0106978 0.0113481 0.00852766 0.00851171 0.00848598 0.0122772 0.00958361 0.0185764 0.0112466 0.027461 0.0127756 0.00965519 0.00926228 0.00974476 0.0110742 0.00913277 0.00891043 0.00898664 0.0142464 0.0144353 0.0153958 0.0103376 0.0169178 0.00956364 0.0105924 0.00957872 0.0115037 0.0203413 0.0201789 0.0268747 0.0107988 0.00846195 0.00834281 0.00855704 0.012774 0.0164333 0.0129166 0.647645 0.0121528 0.0306601 0.00417632 0.00376649 0.00371307 0 0.00371046 0.00373347 0.0107984 
0.00901194 0.00881701 0.00862199 0.00849727 0.00920026 0.00849533 0.00910035 0.00951802 0.00851124 0.00876605 0.00927619 0.00877047 0.00992285 0.00922259 0.0126494 0.0098419 0.0128684 0.00992811 0.00981436 0.0113411 0.00878924 0.00920866 0.00838031 0.0099031 0.0127235 0.0116705 0.00961521 0.0100637 0.00897288 0.0103655 0.00883742 0.0100878 0.0112826 0.0109591 0.0141407 0.0140066 0.0117691 0.00960661 0.00853626 0.00974294 0.0163463 0.0148626 0.55146 0.0116157 0.0279132 0.00807968 0.00448011 0.0037696 0.0037543 0.00371046 0 0.00372297 0.011031 
0.0103954 0.00838694 0.00823247 0.00989867 0.00821101 0.0085421 0.0082354 0.00866995 0.00825832 0.00993866 0.00830409 0.00866762 0.00870268 0.00879865 0.00871552 0.008923 0.00899572 0.00930915 0.0235156 0.00901111 0.00830389 0.00830018 0.00852349 0.0110241 0.0101949 0.00899611 0.00956179 0.00860273 0.00868347 0.00880374 0.00969942 0.0144262 0.00978033 0.00929139 0.00922686 0.0104138 0.0109064 0.0112417 0.00833001 0.0159002 0.0109937 0.307894 0.00807929 0.023715 0.00722518 0.010624 0.00597967 0.00383315 0.00391873 0.00373347 0.00372297 0 0.0224442 
0.00911011 0.00819243 0.00797713 0.00793818 0.00795772 0.00797126 0.00796118 0.0080479 0.00898148 0.00933879 0.00829478 0.00810312 0.00812452 0.00818194 0.008019 0.00801318 0.00808702 0.00957113 0.0119808 0.0083525 0.00795342 0.00807674 0.008865 0.00997642 0.00846153 0.00826043 0.00828505 0.00825653 0.00812538 0.0083929 0.0108894 0.0103876 0.00843928 0.00824822 0.00822815 0.00826372 0.010094 0.0107601 0.0118624 0.0114963 0.00969421 0.00927378 0.00878358 0.00905401 0.00968043 0.0106526 0.0510097 0.0166982 0.012406 0.0107984 0.011031 0.0224442 0 
