1AHSA
TGPYAGAVEVQQSGRYYVPQGRTRGGYINSNIAEVCMDAGAAGQVNALLAPRRGDAVMIYFVWRPLRIFCDPQGASLESAPGTFVTVDGVNVAAGDVVAWNTIAPVNVGNPGARRSILQFEVLWYT
CCCCCCCCCECCCCECCCCCCCEEEEEEECCEEEEEECCCEEEECHHHHCCCCCCCCCEEEEEEEECCEECCCCCEECCCCCCEEEECCEEECCCCCEEECCCCCEEEEECCCCCEEEEEEEEEEC
0 0 0 0 0 0 0 0 0 0 0 0 0 0 0 0 0 0 0 0 0 0 0 0 0 0 0 0 0 0 0 0 0 0 0 0 0 0 0 0 0 0 0 0 0 0 0 0 0 0 0 0 0 0 0 0 0 0 0 0 0 0 0 0 0 0 0 0 0 0 0 0 0 0 0 0 0 0 0 0 0 0 0 0 0 0 0 0 0 0 0 0 0 0 0 0 0 0 0 0 0 0 0 0 0 0 0 0 0 0 0 0 0 0 0 0 0 0 0 0 0 0 0 0 0 0 
0 0 0 0 0 0 0 0 0 0 0 0 0 0 0 0 0 0 0 0 0 0 0 0 0 0 0 0 0 0 0 0 0 0 0 0 0 0 0 0 0 0 0 0 0 0 0 0 0 0 0 0 0 0 0 0 0 0 0 0 0 0 0 0 0 0 0 0 0 0 0 0 0 0 0 0 0 0 0 0 0 0 0 0 0 0 0 0 0 0 0 0 0 0 0 0 0 0 0 0 0 0 0 0 0 0 0 0 0 0 0 0 0 0 0 0 0 0 0 0 0 0 0 0 0 0 
0 0.101892 0.0124577 0.00879378 0.00738356 0.00852061 0.00848248 0.0111179 0.013332 0.0149833 0.0126672 0.00913526 0.00925818 0.00989189 0.0195489 0.0179156 0.00900696 0.0103872 0.0147214 0.0166325 0.00916606 0.00875268 0.00853141 0.00880166 0.00843428 0.00859965 0.0170855 0.011759 0.0146163 0.0101676 0.0145382 0.00992256 0.00944126 0.00912278 0.0128976 0.00935781 0.00816188 0.0125135 0.0100989 0.00819558 0.00980859 0.0113711 0.00798766 0.00815905 0.00807171 0.0093793 0.00973776 0.00809396 0.00832034 0.00805381 0.00836332 0.00808026 0.00816061 0.00812159 0.00827578 0.00910143 
0.101892 0 0.025211 0.00591698 0.00629045 0.00595803 0.00763621 0.00938619 0.0136153 0.00916652 0.00890512 0.00972647 0.00792759 0.0112378 0.0139818 0.0139476 0.00910448 0.0092529 0.017739 0.0109643 0.00964827 0.00880494 0.00898424 0.00910677 0.00876718 0.00935283 0.0114311 0.0139949 0.0130922 0.0125292 0.00994842 0.0119816 0.00856422 0.00956516 0.0108917 0.0086651 0.00860405 0.00941803 0.00894563 0.00831119 0.00938265 0.0089557 0.0082153 0.00812921 0.00832989 0.00899941 0.00901397 0.00819254 0.00829393 0.00818076 0.00834552 0.00823484 0.0082232 0.00812701 0.00853231 0.00958929 
0.0124577 0.025211 0 0.00449521 0.00375633 0.00374758 0.00390642 0.00404393 0.00803134 0.00540177 0.0058583 0.00634377 0.00597015 0.0237565 0.506406 0.00885142 0.00931443 0.0083633 0.0400304 0.0108288 0.0132792 0.00905952 0.00947414 0.00903132 0.00952503 0.0104276 0.0134039 0.0115333 0.0113304 0.0120849 0.00929664 0.0140862 0.00858827 0.0114278 0.0116281 0.00874279 0.00896208 0.0101861 0.00913066 0.00906733 0.00890538 0.00891337 0.00880278 0.00813546 0.00873739 0.00909112 0.00887 0.0081621 0.0082971 0.00846925 0.00821742 0.0086847 0.00819681 0.00827024 0.00921312 0.00927583 
0.00879378 0.00591698 0.00449521 0 0.00374074 0.0037285 0.00373007 0.00392349 0.00379172 0.00484713 0.00585543 0.00609152 0.00915338 0.434605 0.0315082 0.00873 0.00777252 0.0271734 0.00759351 0.0144574 0.00921555 0.0197099 0.00937138 0.012573 0.0103357 0.0100948 0.014664 0.00958613 0.00958938 0.00853928 0.010158 0.00849934 0.015612 0.00857989 0.0108095 0.00832836 0.0081945 0.0104784 0.00921788 0.00830473 0.00901781 0.00939248 0.00815195 0.00933571 0.00814258 0.0081859 0.0083903 0.00873452 0.00962839 0.00877387 0.0103776 0.00841478 0.00972651 0.00876655 0.00847595 0.00874564 
0.00738356 0.00629045 0.00375633 0.00374074 0 0.00371476 0.00373766 0.00375754 0.0037418 0.00406552 0.00480565 0.00847229 0.462064 0.0386824 0.00838927 0.00701459 0.010852 0.00752494 0.00945366 0.00882085 0.0241898 0.0101559 0.0221662 0.0149824 0.0146094 0.0103631 0.00869122 0.00938138 0.00869911 0.00931134 0.00822103 0.0106038 0.00892702 0.0150304 0.00848465 0.00828794 0.00861157 0.00817149 0.00861197 0.00900177 0.00819735 0.00823495 0.0127156 0.00867345 0.00898076 0.0081126 0.00832621 0.00916259 0.0111897 0.0157675 0.00992094 0.0155209 0.0123017 0.00975315 0.010999 0.00838448 
0.00852061 0.00595803 0.00374758 0.0037285 0.00371476 0 0.00369888 0.0037164 0.00371357 0.0040872 0.00704078 0.526752 0.0386029 0.0151709 0.00695627 0.00954423 0.00741684 0.0142232 0.00806069 0.0159018 0.0120287 0.0472439 0.0218262 0.0406998 0.0189703 0.0109429 0.0119443 0.00912463 0.00917795 0.00853431 0.00953452 0.00899938 0.0237449 0.00960766 0.0105765 0.00872325 0.00830002 0.0101428 0.0103731 0.00921774 0.00900822 0.0117404 0.00901777 0.0177592 0.0088012 0.00838666 0.00904237 0.010717 0.0239059 0.0138763 0.0308438 0.0133693 0.0188695 0.0152428 0.0104612 0.0106483 
0.00848248 0.00763621 0.00390642 0.00373007 0.00373766 0.00369888 0 0.00370014 0.00374601 0.00417441 0.49349 0.0573234 0.0136625 0.00827935 0.00654613 0.00717366 0.0119654 0.00886205 0.00987359 0.00960725 0.0258694 0.024244 0.0498954 0.0265008 0.0239901 0.0147439 0.010471 0.0100191 0.00972306 0.00891177 0.00849768 0.0110527 0.0119225 0.0202265 0.00954006 0.00847831 0.00939552 0.00885662 0.00951273 0.00971798 0.00950846 0.00890924 0.014382 0.0118691 0.0101024 0.00852803 0.00857647 0.0126688 0.0189805 0.0304305 0.0147914 0.0249798 0.0166032 0.0134286 0.0136941 0.00935975 
0.0111179 0.00938619 0.00404393 0.00392349 0.00375754 0.0037164 0.00370014 0 0.00380665 0.012526 0.0852238 0.00803184 0.00533871 0.00657434 0.00651301 0.00929519 0.00889435 0.0138345 0.00738452 0.0144556 0.0163173 0.0273784 0.0158605 0.0251967 0.01531 0.0183079 0.0120139 0.0144526 0.0134585 0.00932676 0.0103877 0.0101124 0.0170652 0.0139435 0.0119561 0.00892806 0.00925965 0.010124 0.00958074 0.0116857 0.0104237 0.0103603 0.00917276 0.0124908 0.0100969 0.00859782 0.00926455 0.0108501 0.0171027 0.0115359 0.0156692 0.0117036 0.0125699 0.0108593 0.0124051 0.00968687 
0.013332 0.0136153 0.00803134 0.00379172 0.0037418 0.00371357 0.00374601 0.00380665 0 0.589282 0.00702658 0.00412758 0.00391178 0.00453179 0.00479349 0.00952672 0.00782274 0.00696984 0.00938309 0.0143151 0.0110327 0.0101139 0.0115688 0.0110674 0.0106884 0.00987318 0.0159999 0.0160415 0.0136687 0.0122457 0.0103902 0.0175859 0.00971587 0.0107763 0.0103026 0.0113381 0.00890684 0.00958655 0.0132525 0.00881093 0.0101796 0.0119045 0.00893028 0.00866056 0.00876884 0.00875224 0.0112454 0.00993554 0.009113 0.0102183 0.00900771 0.00954326 0.00903258 0.00895944 0.00997009 0.00941902 
0.0149833 0.00916652 0.00540177 0.00484713 0.00406552 0.0040872 0.00417441 0.012526 0.589282 0 0.00385209 0.0037397 0.00375173 0.0038303 0.00418185 0.00680679 0.00599832 0.00645472 0.0124934 0.0330063 0.0174782 0.0134021 0.012043 0.0110777 0.0117862 0.0113896 0.0327357 0.0134268 0.0151771 0.0110343 0.013124 0.0159822 0.0122594 0.0112833 0.0164184 0.0100117 0.00888134 0.0172246 0.012135 0.00925347 0.0130136 0.0123313 0.00902157 0.00912915 0.00895181 0.0109968 0.0110523 0.00991495 0.00995254 0.00915878 0.00938794 0.0103311 0.00952048 0.00921636 0.00928935 0.0146653 
0.0126672 0.00890512 0.0058583 0.00585543 0.00480565 0.00704078 0.49349 0.0852238 0.00702658 0.00385209 0 0.00376001 0.0037369 0.00390557 0.00400606 0.00499565 0.00579545 0.0151529 0.0154627 0.0414061 0.0201481 0.0227238 0.0147676 0.0222513 0.0151111 0.0178739 0.0132847 0.0112129 0.0122069 0.00905002 0.0118357 0.00932455 0.0345395 0.0111136 0.0147476 0.00898415 0.00891553 0.0116901 0.0101807 0.0104189 0.00984498 0.0119594 0.00918286 0.0138928 0.00932595 0.00900731 0.00928977 0.0112084 0.0178056 0.011305 0.0224165 0.0129278 0.0192913 0.0119549 0.0127423 0.010958 
0.00913526 0.00972647 0.00634377 0.00609152 0.00847229 0.526752 0.0573234 0.00803184 0.00412758 0.0037397 0.00376001 0 0.0037307 0.00376041 0.00374124 0.00417263 0.00862331 0.00882925 0.081244 0.010185 0.0425945 0.0220744 0.0561276 0.0366511 0.0368414 0.0182558 0.0101119 0.0133358 0.00996034 0.0104698 0.00866033 0.0184675 0.0122079 0.0465678 0.00975025 0.0091943 0.011525 0.00944314 0.0112399 0.0132604 0.00952605 0.0093445 0.0267204 0.0114135 0.0140474 0.00862916 0.00928151 0.0181977 0.0190279 0.0980951 0.0156409 0.0468643 0.0204172 0.0231198 0.0260138 0.0104346 
0.00925818 0.00792759 0.00597015 0.00915338 0.462064 0.0386029 0.0136625 0.00533871 0.00391178 0.00375173 0.0037369 0.0037307 0 0.00371936 0.00371382 0.00588493 0.00583813 0.0957779 0.0207626 0.0201145 0.0131768 0.064524 0.0268676 0.0739236 0.028085 0.014675 0.0138086 0.00963997 0.010464 0.00856623 0.0102173 0.00922136 0.0440249 0.0102589 0.0174837 0.00926955 0.00869488 0.0126271 0.0114914 0.010478 0.0114726 0.012868 0.00934438 0.0448831 0.0093503 0.00882383 0.00944276 0.0118977 0.0851002 0.0167315 0.0623973 0.0169106 0.0464232 0.0285953 0.012595 0.0123982 
0.00989189 0.0112378 0.0237565 0.434605 0.0386824 0.0151709 0.00827935 0.00657434 0.00453179 0.0038303 0.00390557 0.00376041 0.00371936 0 0.00373256 0.00488265 0.106875 0.0114479 0.0121875 0.00941099 0.0277969 0.0129157 0.0294693 0.0165573 0.0142733 0.0179439 0.00967424 0.0163099 0.0127094 0.0122661 0.00903523 0.0261941 0.0103341 0.0313892 0.00942194 0.00903163 0.017591 0.00907106 0.00990248 0.0175267 0.00923493 0.00885256 0.019712 0.00913884 0.0118775 0.0085623 0.00936093 0.0341757 0.0107144 0.0281765 0.00996354 0.0211973 0.0112811 0.0107451 0.0184829 0.00993697 
0.0195489 0.0139818 0.506406 0.0315082 0.00838927 0.00695627 0.00654613 0.00651301 0.00479349 0.00418185 0.00400606 0.00374124 0.00371382 0.00373256 0 0.149161 0.00881571 0.00782969 0.00424836 0.0346939 0.00970891 0.0144752 0.00968158 0.0115081 0.00993723 0.0099898 0.0183357 0.0144173 0.0137953 0.0109882 0.0192431 0.0140608 0.015203 0.00902463 0.0177254 0.0162435 0.00864675 0.0160443 0.0186492 0.0090212 0.0124711 0.0313858 0.00838586 0.0100471 0.00847804 0.00859051 0.0401083 0.00916165 0.0108775 0.0094466 0.0128365 0.00914036 0.0097194 0.00961003 0.00932214 0.0142907 
0.0179156 0.0139476 0.00885142 0.00873 0.00701459 0.00954423 0.00717366 0.00929519 0.00952672 0.00680679 0.00499565 0.00417263 0.00588493 0.00488265 0.149161 0 0.00393003 0.0040559 0.00510834 0.0308175 0.0101843 0.0129075 0.00974338 0.0113456 0.0103115 0.0103991 0.036697 0.0103059 0.0192387 0.00927668 0.0237333 0.0102796 0.0143542 0.00944537 0.0344887 0.0100095 0.00867135 0.0290055 0.0125097 0.00877488 0.019202 0.0155449 0.0082911 0.00908706 0.0087613 0.0151351 0.00950098 0.00858104 0.00938927 0.00845703 0.0102756 0.00857889 0.00938071 0.00858371 0.00885965 0.0194661 
0.00900696 0.00910448 0.00931443 0.00777252 0.010852 0.00741684 0.0119654 0.00889435 0.00782274 0.00599832 0.00579545 0.00862331 0.00583813 0.106875 0.00881571 0.00393003 0 0.00392067 0.00409074 0.00757844 0.0602057 0.009704 0.0132438 0.0112137 0.0109087 0.0132326 0.00848679 0.011417 0.00916315 0.0109942 0.00833573 0.0121774 0.00878543 0.0239518 0.00877441 0.00842054 0.0108544 0.00844224 0.00866178 0.0125664 0.00840158 0.00826853 0.0112646 0.00840349 0.0187237 0.00819731 0.00836769 0.00925257 0.00916912 0.0121575 0.00874332 0.0117004 0.00897443 0.00889543 0.0133188 0.00839537 
0.0103872 0.0092529 0.0083633 0.0271734 0.00752494 0.0142232 0.00886205 0.0138345 0.00696984 0.00645472 0.0151529 0.00882925 0.0957779 0.0114479 0.00782969 0.0040559 0.00392067 0 0.00371651 0.04472 0.0112505 0.0314429 0.0109411 0.0120897 0.0129032 0.0099535 0.0141842 0.0103757 0.0129018 0.00856991 0.0196232 0.00890835 0.0390077 0.00907305 0.0142422 0.00985317 0.00863335 0.0128972 0.012118 0.00945838 0.0108117 0.0130239 0.00847343 0.0313832 0.00871155 0.00847134 0.00901458 0.00997912 0.0137834 0.00900203 0.0171 0.00893944 0.01103 0.0104808 0.00940172 0.0105324 
0.0147214 0.017739 0.0400304 0.00759351 0.00945366 0.00806069 0.00987359 0.00738452 0.00938309 0.0124934 0.0154627 0.081244 0.0207626 0.0121875 0.00424836 0.00510834 0.00409074 0.00371651 0 0.0153858 0.0179949 0.0074781 0.0103786 0.00991836 0.00841988 0.00917006 0.0103106 0.02538 0.0127062 0.0206827 0.00900982 0.0365336 0.00883004 0.0141792 0.00940149 0.0111106 0.0100398 0.00883287 0.0116311 0.0101546 0.00901967 0.0101392 0.0260623 0.00829437 0.00962079 0.00841748 0.0113467 0.0104246 0.00870592 0.0119837 0.00843555 0.0101003 0.00850907 0.00855283 0.0112787 0.00884333 
0.0166325 0.0109643 0.0108288 0.0144574 0.00882085 0.0159018 0.00960725 0.0144556 0.0143151 0.0330063 0.0414061 0.010185 0.0201145 0.00941099 0.0346939 0.0308175 0.00757844 0.04472 0.0153858 0 0.00375412 0.00387146 0.00370291 0.00383411 0.0080191 0.00384509 0.0354657 0.00595495 0.0142238 0.0076975 0.0604119 0.0111081 0.0329463 0.00952645 0.0709514 0.0133592 0.00879311 0.0621365 0.0218459 0.00948465 0.0462313 0.032993 0.00873637 0.0154254 0.00916805 0.0167083 0.0149792 0.0100793 0.0141544 0.00935497 0.0187667 0.00921924 0.0133143 0.0114954 0.0101212 0.111245 
0.00916606 0.00964827 0.0132792 0.00921555 0.0241898 0.0120287 0.0258694 0.0163173 0.0110327 0.0174782 0.0201481 0.0425945 0.0131768 0.0277969 0.00970891 0.0101843 0.0602057 0.0112505 0.0179949 0.00375412 0 0.00371043 0.00367678 0.00372135 0.00377079 0.00427831 0.0037847 0.00834252 0.00665218 0.0143645 0.00825272 0.0318404 0.0115962 0.0576257 0.00974716 0.00918796 0.0224197 0.00882158 0.0103643 0.063163 0.00891495 0.0101776 0.0473095 0.00952155 0.0243177 0.00869684 0.0122318 0.0243272 0.0149913 0.0393162 0.0113426 0.0584911 0.0163462 0.0126193 0.0814353 0.0122294 
0.00875268 0.00880494 0.00905952 0.0197099 0.0101559 0.0472439 0.024244 0.0273784 0.0101139 0.0134021 0.0227238 0.0220744 0.064524 0.0129157 0.0144752 0.0129075 0.009704 0.0314429 0.0074781 0.00387146 0.00371043 0 0.00371049 0.0036979 0.00391892 0.00373024 0.00411695 0.00508288 0.00725406 0.00675429 0.00888033 0.0115673 0.0673449 0.0122315 0.0135655 0.0139696 0.00864939 0.011593 0.0153131 0.0104611 0.0122633 0.0157267 0.0101349 0.0656397 0.00991995 0.00955966 0.00988903 0.0164203 0.0671407 0.0211325 0.10495 0.0257682 0.0797519 0.0619323 0.016682 0.0159129 
0.00853141 0.00898424 0.00947414 0.00937138 0.0221662 0.0218262 0.0498954 0.0158605 0.0115688 0.012043 0.0147676 0.0561276 0.0268676 0.0294693 0.00968158 0.00974338 0.0132438 0.0109411 0.0103786 0.00370291 0.00367678 0.00371049 0 0.00383264 0.00369943 0.00371592 0.0037814 0.00423013 0.00508344 0.00670326 0.00778223 0.0151551 0.0147395 0.0218239 0.0103778 0.00893001 0.00948239 0.0102844 0.0105961 0.0130596 0.0105525 0.0105108 0.0214878 0.0166566 0.0152026 0.0090634 0.011913 0.0194967 0.0454696 0.101128 0.0388088 0.0990857 0.059936 0.048809 0.0359205 0.0135873 
0.00880166 0.00910677 0.00903132 0.012573 0.0149824 0.0406998 0.0265008 0.0251967 0.0110674 0.0110777 0.0222513 0.0366511 0.0739236 0.0165573 0.0115081 0.0113456 0.0112137 0.0120897 0.00991836 0.00383411 0.00372135 0.0036979 0.00383264 0 0.00372757 0.00372625 0.00376678 0.00378329 0.0050049 0.00690147 0.0138237 0.010656 0.0239948 0.013474 0.0143241 0.00944584 0.00873552 0.0115207 0.0116764 0.010843 0.0121422 0.0120033 0.013567 0.03102 0.0128555 0.0096154 0.0106045 0.0204331 0.0806939 0.0450076 0.119292 0.0543197 0.0755085 0.0363221 0.0284129 0.0205031 
0.00843428 0.00876718 0.00952503 0.0103357 0.0146094 0.0189703 0.0239901 0.01531 0.0106884 0.0117862 0.0151111 0.0368414 0.028085 0.0142733 0.00993723 0.0103115 0.0109087 0.0129032 0.00841988 0.0080191 0.00377079 0.00391892 0.00369943 0.00372757 0 0.00371817 0.0037023 0.00437261 0.0383751 0.0185117 0.00745266 0.0112491 0.0238249 0.0223022 0.0102207 0.00926035 0.00873207 0.0124446 0.0106425 0.0113249 0.0125711 0.0112934 0.0126198 0.0256818 0.011298 0.0088804 0.0112243 0.0238286 0.0373522 0.0595455 0.0349874 0.0374771 0.0239848 0.0350602 0.0139667 0.0122717 
0.00859965 0.00935283 0.0104276 0.0100948 0.0103631 0.0109429 0.0147439 0.0183079 0.00987318 0.0113896 0.0178739 0.0182558 0.014675 0.0179439 0.0099898 0.0103991 0.0132326 0.0099535 0.00917006 0.00384509 0.00427831 0.00373024 0.00371592 0.00372625 0.00371817 0 0.00371139 0.0143955 0.0734108 0.00851785 0.00820005 0.0127129 0.0168638 0.0146006 0.0088162 0.00880988 0.0181355 0.00884793 0.0110695 0.0246398 0.00941275 0.0099447 0.0167831 0.00988996 0.0118375 0.00858618 0.0103801 0.0191078 0.0136052 0.0269358 0.0223189 0.0160603 0.0137943 0.0126165 0.0251854 0.00980442 
0.0170855 0.0114311 0.0134039 0.014664 0.00869122 0.0119443 0.010471 0.0120139 0.0159999 0.0327357 0.0132847 0.0101119 0.0138086 0.00967424 0.0183357 0.036697 0.00848679 0.0141842 0.0103106 0.0354657 0.0037847 0.00411695 0.0037814 0.00376678 0.0037023 0.00371139 0 0.0988312 0.00549649 0.00794194 0.0291348 0.0166134 0.0186191 0.0095504 0.0270346 0.0221261 0.00836687 0.0323412 0.0306959 0.00907119 0.017648 0.0373602 0.00860396 0.0137492 0.00911819 0.0100833 0.0208612 0.0112297 0.0161449 0.00964704 0.0169103 0.0102411 0.0105938 0.0107385 0.010149 0.0246074 
0.011759 0.0139949 0.0115333 0.00958613 0.00938138 0.00912463 0.0100191 0.0144526 0.0160415 0.0134268 0.0112129 0.0133358 0.00963997 0.0163099 0.0144173 0.0103059 0.011417 0.0103757 0.02538 0.00595495 0.00834252 0.00508288 0.00423013 0.00378329 0.00437261 0.0143955 0.0988312 0 0.00399353 0.0160941 0.749742 0.0220348 0.0110863 0.0232881 0.021114 0.00938988 0.0212484 0.0169704 0.0123162 0.022477 0.0126655 0.0109057 0.0162599 0.00919552 0.0155804 0.0114694 0.0117626 0.0134629 0.00935196 0.0121766 0.00954449 0.0111735 0.00975459 0.00903553 0.0151279 0.0144374 
0.0146163 0.0130922 0.0113304 0.00958938 0.00869911 0.00917795 0.00972306 0.0134585 0.0136687 0.0151771 0.0122069 0.00996034 0.010464 0.0127094 0.0137953 0.0192387 0.00916315 0.0129018 0.0127062 0.0142238 0.00665218 0.00725406 0.00508344 0.0050049 0.0383751 0.0734108 0.00549649 0.00399353 0 0.743603 0.0176543 0.0129372 0.0219704 0.0188023 0.0146246 0.0241063 0.0111798 0.0160082 0.0182267 0.012781 0.0134118 0.0225162 0.00895941 0.0100283 0.00978553 0.0105273 0.015853 0.0100101 0.0104604 0.00958566 0.00990502 0.00935747 0.00926124 0.00899608 0.013268 0.0141645 
0.0101676 0.0125292 0.0120849 0.00853928 0.00931134 0.00853431 0.00891177 0.00932676 0.0122457 0.0110343 0.00905002 0.0104698 0.00856623 0.0122661 0.0109882 0.00927668 0.0109942 0.00856991 0.0206827 0.0076975 0.0143645 0.00675429 0.00670326 0.00690147 0.0185117 0.00851785 0.00794194 0.0160941 0.743603 0 0.00711506 0.0332337 0.0104136 0.0335164 0.00963759 0.00741355 0.0132874 0.00937591 0.0110308 0.020452 0.0114412 0.00953536 0.0170398 0.00828999 0.0116858 0.0102661 0.0103209 0.0114735 0.00855265 0.010177 0.00855523 0.0103792 0.00863443 0.00861341 0.0114454 0.0105694 
0.0145382 0.00994842 0.00929664 0.010158 0.00822103 0.00953452 0.00849768 0.0103877 0.0103902 0.013124 0.0118357 0.00866033 0.0102173 0.00903523 0.0192431 0.0237333 0.00833573 0.0196232 0.00900982 0.0604119 0.00825272 0.00888033 0.00778223 0.0138237 0.00745266 0.00820005 0.0291348 0.749742 0.0176543 0.00711506 0 0.023121 0.025686 0.00647294 0.0190039 0.0102456 0.00696489 0.0187018 0.024848 0.0123257 0.0186286 0.0397442 0.00836891 0.0126831 0.00887894 0.011704 0.017589 0.00894807 0.0106597 0.00851258 0.0137732 0.00858178 0.00943091 0.00894131 0.00921529 0.0166881 
0.00992256 0.0119816 0.0140862 0.00849934 0.0106038 0.00899938 0.0110527 0.0101124 0.0175859 0.0159822 0.00932455 0.0184675 0.00922136 0.0261941 0.0140608 0.0102796 0.0121774 0.00890835 0.0365336 0.0111081 0.0318404 0.0115673 0.0151551 0.010656 0.0112491 0.0127129 0.0166134 0.0220348 0.0129372 0.0332337 0.023121 0 0.00393328 0.00413482 0.00421281 0.00486547 0.00777687 0.0128613 0.0281109 0.0202089 0.0127949 0.0106624 0.034794 0.00869583 0.0635225 0.0128012 0.026097 0.0162715 0.0101162 0.0245932 0.0092425 0.0225345 0.010105 0.0100852 0.0238303 0.0159654 
0.00944126 0.00856422 0.00858827 0.015612 0.00892702 0.0237449 0.0119225 0.0170652 0.00971587 0.0122594 0.0345395 0.0122079 0.0440249 0.0103341 0.015203 0.0143542 0.00878543 0.0390077 0.00883004 0.0329463 0.0115962 0.0673449 0.0147395 0.0239948 0.0238249 0.0168638 0.0186191 0.0110863 0.0219704 0.0104136 0.025686 0.00393328 0 0.00396425 0.00392793 0.00539872 0.00644467 0.763138 0.0123869 0.0101687 0.0129599 0.0357373 0.00913933 0.108483 0.00957875 0.00997346 0.0145491 0.0199857 0.0357709 0.010666 0.0577301 0.0115792 0.0269616 0.0194696 0.0155911 0.024441 
0.00912278 0.00956516 0.0114278 0.00857989 0.0150304 0.00960766 0.0202265 0.0139435 0.0107763 0.0112833 0.0111136 0.0465678 0.0102589 0.0313892 0.00902463 0.00944537 0.0239518 0.00907305 0.0141792 0.00952645 0.0576257 0.0122315 0.0218239 0.013474 0.0223022 0.0146006 0.0095504 0.0232881 0.0188023 0.0335164 0.00647294 0.00413482 0.00396425 0 0.00373551 0.00559704 0.987267 0.00529916 0.00825106 0.0548732 0.00807464 0.00936536 0.144224 0.00868799 0.0255493 0.00882128 0.0117716 0.0207562 0.0119023 0.0467493 0.00955799 0.0339799 0.0119242 0.0127022 0.0542384 0.0102324 
0.0128976 0.0108917 0.0116281 0.0108095 0.00848465 0.0105765 0.00954006 0.0119561 0.0103026 0.0164184 0.0147476 0.00975025 0.0174837 0.00942194 0.0177254 0.0344887 0.00877441 0.0142422 0.00940149 0.0709514 0.00974716 0.0135655 0.0103778 0.0143241 0.0102207 0.0088162 0.0270346 0.021114 0.0146246 0.00963759 0.0190039 0.00421281 0.00392793 0.00373551 0 0.983483 0.00415096 0.00932142 0.0242974 0.00722722 0.0135943 0.117756 0.00874019 0.0143798 0.00974958 0.0115374 0.0176514 0.0103633 0.0158957 0.00957598 0.0172023 0.00918632 0.0121955 0.0105728 0.0108477 0.0287109 
0.00935781 0.0086651 0.00874279 0.00832836 0.00828794 0.00872325 0.00847831 0.00892806 0.0113381 0.0100117 0.00898415 0.0091943 0.00926955 0.00903163 0.0162435 0.0100095 0.00842054 0.00985317 0.0111106 0.0133592 0.00918796 0.0139696 0.00893001 0.00944584 0.00926035 0.00880988 0.0221261 0.00938988 0.0241063 0.00741355 0.0102456 0.00486547 0.00539872 0.00559704 0.983483 0 0.00401325 0.00487489 0.00554217 0.00671158 0.048463 0.0113141 0.00755475 0.010195 0.00863384 0.0110605 0.0132066 0.00973231 0.0100847 0.00877307 0.0116452 0.00952816 0.00984132 0.0094863 0.00976528 0.033725 
0.00816188 0.00860405 0.00896208 0.0081945 0.00861157 0.00830002 0.00939552 0.00925965 0.00890684 0.00888134 0.00891553 0.011525 0.00869488 0.017591 0.00864675 0.00867135 0.0108544 0.00863335 0.0100398 0.00879311 0.0224197 0.00864939 0.00948239 0.00873552 0.00873207 0.0181355 0.00836687 0.0212484 0.0111798 0.0132874 0.00696489 0.00777687 0.00644467 0.987267 0.00415096 0.00401325 0 0.00378735 0.00464408 0.103335 0.012401 0.00711013 0.0184037 0.00764554 0.0178777 0.00756412 0.00925032 0.012579 0.00858245 0.0123958 0.0084412 0.011385 0.00922348 0.00878254 0.0306283 0.00913805 
0.0125135 0.00941803 0.0101861 0.0104784 0.00817149 0.0101428 0.00885662 0.010124 0.00958655 0.0172246 0.0116901 0.00944314 0.0126271 0.00907106 0.0160443 0.0290055 0.00844224 0.0128972 0.00883287 0.0621365 0.00882158 0.011593 0.0102844 0.0115207 0.0124446 0.00884793 0.0323412 0.0169704 0.0160082 0.00937591 0.0187018 0.0128613 0.763138 0.00529916 0.00932142 0.00487489 0.00378735 0 0.0673936 0.00497056 0.00710709 0.0340055 0.00707383 0.0125326 0.00803361 0.00924484 0.0174771 0.00963463 0.0121164 0.00907014 0.0154636 0.00907268 0.0109258 0.0106084 0.00964349 0.0380939 
0.0100989 0.00894563 0.00913066 0.00921788 0.00861197 0.0103731 0.00951273 0.00958074 0.0132525 0.012135 0.0101807 0.0112399 0.0114914 0.00990248 0.0186492 0.0125097 0.00866178 0.012118 0.0116311 0.0218459 0.0103643 0.0153131 0.0105961 0.0116764 0.0106425 0.0110695 0.0306959 0.0123162 0.0182267 0.0110308 0.024848 0.0281109 0.0123869 0.00825106 0.0242974 0.00554217 0.00464408 0.0673936 0 0.00384426 0.00392538 0.00845559 0.0061354 0.0125123 0.00779152 0.013678 0.0116029 0.0103167 0.0121792 0.0101445 0.0153282 0.0109661 0.0141791 0.0119769 0.0128123 0.0541533 
0.00819558 0.00831119 0.00906733 0.00830473 0.00900177 0.00921774 0.00971798 0.0116857 0.00881093 0.00925347 0.0104189 0.0132604 0.010478 0.0175267 0.0090212 0.00877488 0.0125664 0.00945838 0.0101546 0.00948465 0.063163 0.0104611 0.0130596 0.010843 0.0113249 0.0246398 0.00907119 0.022477 0.012781 0.020452 0.0123257 0.0202089 0.0101687 0.0548732 0.00722722 0.00671158 0.103335 0.00497056 0.00384426 0 0.00381616 0.00509183 0.051073 0.00612215 0.0170655 0.00545596 0.00864991 0.0197249 0.00937471 0.0154974 0.00977417 0.0250205 0.0118876 0.0105968 0.0654125 0.0108948 
0.00980859 0.00938265 0.00890538 0.00901781 0.00819735 0.00900822 0.00950846 0.0104237 0.0101796 0.0130136 0.00984498 0.00952605 0.0114726 0.00923493 0.0124711 0.019202 0.00840158 0.0108117 0.00901967 0.0462313 0.00891495 0.0122633 0.0105525 0.0121422 0.0125711 0.00941275 0.017648 0.0126655 0.0134118 0.0114412 0.0186286 0.0127949 0.0129599 0.00807464 0.0135943 0.048463 0.012401 0.00710709 0.00392538 0.00381616 0 0.0490194 0.00445334 0.00644151 0.00501221 0.00581062 0.0114876 0.00880346 0.0104025 0.00877435 0.0178723 0.0112339 0.0109369 0.0117489 0.0111956 0.0303083 
0.0113711 0.0089557 0.00891337 0.00939248 0.00823495 0.0117404 0.00890924 0.0103603 0.0119045 0.0123313 0.0119594 0.0093445 0.012868 0.00885256 0.0313858 0.0155449 0.00826853 0.0130239 0.0101392 0.032993 0.0101776 0.0157267 0.0105108 0.0120033 0.0112934 0.0099447 0.0373602 0.0109057 0.0225162 0.00953536 0.0397442 0.0106624 0.0357373 0.00936536 0.117756 0.0113141 0.00711013 0.0340055 0.00845559 0.00509183 0.0490194 0 0.00376624 0.00377862 0.00375989 0.00414857 0.00714366 0.00709482 0.0093912 0.0345031 0.172708 0.0151907 0.0148753 0.00940603 0.0112654 0.0953603 
0.00798766 0.0082153 0.00880278 0.00815195 0.0127156 0.00901777 0.014382 0.00917276 0.00893028 0.00902157 0.00918286 0.0267204 0.00934438 0.019712 0.00838586 0.0082911 0.0112646 0.00847343 0.0260623 0.00873637 0.0473095 0.0101349 0.0214878 0.013567 0.0126198 0.0167831 0.00860396 0.0162599 0.00895941 0.0170398 0.00836891 0.034794 0.00913933 0.144224 0.00874019 0.00755475 0.0184037 0.00707383 0.0061354 0.051073 0.00445334 0.00376624 0 0.00372796 0.00374333 0.00377361 0.00586958 0.0101503 0.037555 0.192399 0.0125586 0.0131951 0.00776569 0.00921822 0.092282 0.00940878 
0.00815905 0.00812921 0.00813546 0.00933571 0.00867345 0.0177592 0.0118691 0.0124908 0.00866056 0.00912915 0.0138928 0.0114135 0.0448831 0.00913884 0.0100471 0.00908706 0.00840349 0.0313832 0.00829437 0.0154254 0.00952155 0.0656397 0.0166566 0.03102 0.0256818 0.00988996 0.0137492 0.00919552 0.0100283 0.00828999 0.0126831 0.00869583 0.108483 0.00868799 0.0143798 0.010195 0.00764554 0.0125326 0.0125123 0.00612215 0.00644151 0.00377862 0.00372796 0 0.0037058 0.00368668 0.00772767 0.051722 0.179383 0.0190054 0.0178648 0.0072562 0.0164474 0.0206131 0.0119542 0.016437 
0.00807171 0.00832989 0.00873739 0.00814258 0.00898076 0.0088012 0.0101024 0.0100969 0.00876884 0.00895181 0.00932595 0.0140474 0.0093503 0.0118775 0.00847804 0.0087613 0.0187237 0.00871155 0.00962079 0.00916805 0.0243177 0.00991995 0.0152026 0.0128555 0.011298 0.0118375 0.00911819 0.0155804 0.00978553 0.0116858 0.00887894 0.0635225 0.00957875 0.0255493 0.00974958 0.00863384 0.0178777 0.00803361 0.00779152 0.0170655 0.00501221 0.00375989 0.00374333 0.0037058 0 0.00380212 0.0343019 0.131558 0.0141278 0.00964632 0.00638702 0.0108865 0.0139716 0.00726105 0.0143941 0.00869159 
0.0093793 0.00899941 0.00909112 0.0081859 0.0081126 0.00838666 0.00852803 0.00859782 0.00875224 0.0109968 0.00900731 0.00862916 0.00882383 0.0085623 0.00859051 0.0151351 0.00819731 0.00847134 0.00841748 0.0167083 0.00869684 0.00955966 0.0090634 0.0096154 0.0088804 0.00858618 0.0100833 0.0114694 0.0105273 0.0102661 0.011704 0.0128012 0.00997346 0.00882128 0.0115374 0.0110605 0.00756412 0.00924484 0.013678 0.00545596 0.00581062 0.00414857 0.00377361 0.00368668 0.00380212 0 0.118256 0.0366246 0.00541004 0.00458816 0.0055942 0.00848931 0.00630878 0.00977468 0.00679847 0.00903509 
0.00973776 0.00901397 0.00887 0.0083903 0.00832621 0.00904237 0.00857647 0.00926455 0.0112454 0.0110523 0.00928977 0.00928151 0.00944276 0.00936093 0.0401083 0.00950098 0.00836769 0.00901458 0.0113467 0.0149792 0.0122318 0.00988903 0.011913 0.0106045 0.0112243 0.0103801 0.0208612 0.0117626 0.015853 0.0103209 0.017589 0.026097 0.0145491 0.0117716 0.0176514 0.0132066 0.00925032 0.0174771 0.0116029 0.00864991 0.0114876 0.00714366 0.00586958 0.00772767 0.0343019 0.118256 0 0.00372847 0.00372199 0.00373114 0.00380366 0.00385993 0.00390808 0.00431769 0.00487246 0.0184745 
0.00809396 0.00819254 0.0081621 0.00873452 0.00916259 0.010717 0.0126688 0.0108501 0.00993554 0.00991495 0.0112084 0.0181977 0.0118977 0.0341757 0.00916165 0.00858104 0.00925257 0.00997912 0.0104246 0.0100793 0.0243272 0.0164203 0.0194967 0.0204331 0.0238286 0.0191078 0.0112297 0.0134629 0.0100101 0.0114735 0.00894807 0.0162715 0.0199857 0.0207562 0.0103633 0.00973231 0.012579 0.00963463 0.0103167 0.0197249 0.00880346 0.00709482 0.0101503 0.051722 0.131558 0.0366246 0.00372847 0 0.0037511 0.00372831 0.00374506 0.00379837 0.00392587 0.00392963 0.0154071 0.00617829 
0.00832034 0.00829393 0.0082971 0.00962839 0.0111897 0.0239059 0.0189805 0.0171027 0.009113 0.00995254 0.0178056 0.0190279 0.0851002 0.0107144 0.0108775 0.00938927 0.00916912 0.0137834 0.00870592 0.0141544 0.0149913 0.0671407 0.0454696 0.0806939 0.0373522 0.0136052 0.0161449 0.00935196 0.0104604 0.00855265 0.0106597 0.0101162 0.0357709 0.0119023 0.0158957 0.0100847 0.00858245 0.0121164 0.0121792 0.00937471 0.0104025 0.0093912 0.037555 0.179383 0.0141278 0.00541004 0.00372199 0.0037511 0 0.0037289 0.00372597 0.0037431 0.00397114 0.00495476 0.00428239 0.00622088 
0.00805381 0.00818076 0.00846925 0.00877387 0.0157675 0.0138763 0.0304305 0.0115359 0.0102183 0.00915878 0.011305 0.0980951 0.0167315 0.0281765 0.0094466 0.00845703 0.0121575 0.00900203 0.0119837 0.00935497 0.0393162 0.0211325 0.101128 0.0450076 0.0595455 0.0269358 0.00964704 0.0121766 0.00958566 0.010177 0.00851258 0.0245932 0.010666 0.0467493 0.00957598 0.00877307 0.0123958 0.00907014 0.0101445 0.0154974 0.00877435 0.0345031 0.192399 0.0190054 0.00964632 0.00458816 0.00373114 0.00372831 0.0037289 0 0.00370672 0.0036716 0.00391522 0.00380597 0.00394199 0.00533687 
0.00836332 0.00834552 0.00821742 0.0103776 0.00992094 0.0308438 0.0147914 0.0156692 0.00900771 0.00938794 0.0224165 0.0156409 0.0623973 0.00996354 0.0128365 0.0102756 0.00874332 0.0171 0.00843555 0.0187667 0.0113426 0.10495 0.0388088 0.119292 0.0349874 0.0223189 0.0169103 0.00954449 0.00990502 0.00855523 0.0137732 0.0092425 0.0577301 0.00955799 0.0172023 0.0116452 0.0084412 0.0154636 0.0153282 0.00977417 0.0178723 0.172708 0.0125586 0.0178648 0.00638702 0.0055942 0.00380366 0.00374506 0.00372597 0.00370672 0 0.00371752 0.00366715 0.0038312 0.00381873 0.00443587 
0.00808026 0.00823484 0.0086847 0.00841478 0.0155209 0.0133693 0.0249798 0.0117036 0.00954326 0.0103311 0.0129278 0.0468643 0.0169106 0.0211973 0.00914036 0.00857889 0.0117004 0.00893944 0.0101003 0.00921924 0.0584911 0.0257682 0.0990857 0.0543197 0.0374771 0.0160603 0.0102411 0.0111735 0.00935747 0.0103792 0.00858178 0.0225345 0.0115792 0.0339799 0.00918632 0.00952816 0.011385 0.00907268 0.0109661 0.0250205 0.0112339 0.0151907 0.0131951 0.0072562 0.0108865 0.00848931 0.00385993 0.00379837 0.0037431 0.0036716 0.00371752 0 0.00380333 0.00390462 0.00379527 0.00394667 
0.00816061 0.0082232 0.00819681 0.00972651 0.0123017 0.0188695 0.0166032 0.0125699 0.00903258 0.00952048 0.0192913 0.0204172 0.0464232 0.0112811 0.0097194 0.00938071 0.00897443 0.01103 0.00850907 0.0133143 0.0163462 0.0797519 0.059936 0.0755085 0.0239848 0.0137943 0.0105938 0.00975459 0.00926124 0.00863443 0.00943091 0.010105 0.0269616 0.0119242 0.0121955 0.00984132 0.00922348 0.0109258 0.0141791 0.0118876 0.0109369 0.0148753 0.00776569 0.0164474 0.0139716 0.00630878 0.00390808 0.00392587 0.00397114 0.00391522 0.00366715 0.00380333 0 0.00379823 0.00373902 0.00368083 
0.00812159 0.00812701 0.00827024 0.00876655 0.00975315 0.0152428 0.0134286 0.0108593 0.00895944 0.00921636 0.0119549 0.0231198 0.0285953 0.0107451 0.00961003 0.00858371 0.00889543 0.0104808 0.00855283 0.0114954 0.0126193 0.0619323 0.048809 0.0363221 0.0350602 0.0126165 0.0107385 0.00903553 0.00899608 0.00861341 0.00894131 0.0100852 0.0194696 0.0127022 0.0105728 0.0094863 0.00878254 0.0106084 0.0119769 0.0105968 0.0117489 0.00940603 0.00921822 0.0206131 0.00726105 0.00977468 0.00431769 0.00392963 0.00495476 0.00380597 0.0038312 0.00390462 0.00379823 0 0.00371519 0.00378306 
0.00827578 0.00853231 0.00921312 0.00847595 0.010999 0.0104612 0.0136941 0.0124051 0.00997009 0.00928935 0.0127423 0.0260138 0.012595 0.0184829 0.00932214 0.00885965 0.0133188 0.00940172 0.0112787 0.0101212 0.0814353 0.016682 0.0359205 0.0284129 0.0139667 0.0251854 0.010149 0.0151279 0.013268 0.0114454 0.00921529 0.0238303 0.0155911 0.0542384 0.0108477 0.00976528 0.0306283 0.00964349 0.0128123 0.0654125 0.0111956 0.0112654 0.092282 0.0119542 0.0143941 0.00679847 0.00487246 0.0154071 0.00428239 0.00394199 0.00381873 0.00379527 0.00373902 0.00371519 0 0.00377368 
0.00910143 0.00958929 0.00927583 0.00874564 0.00838448 0.0106483 0.00935975 0.00968687 0.00941902 0.0146653 0.010958 0.0104346 0.0123982 0.00993697 0.0142907 0.0194661 0.00839537 0.0105324 0.00884333 0.111245 0.0122294 0.0159129 0.0135873 0.0205031 0.0122717 0.00980442 0.0246074 0.0144374 0.0141645 0.0105694 0.0166881 0.0159654 0.024441 0.0102324 0.0287109 0.033725 0.00913805 0.0380939 0.0541533 0.0108948 0.0303083 0.0953603 0.00940878 0.016437 0.00869159 0.00903509 0.0184745 0.00617829 0.00622088 0.00533687 0.00443587 0.00394667 0.00368083 0.00378306 0.00377368 0 
