1AKOA
MKFVSFNINGLRARPHQLEAIVEKHQPDVIGLQETKVHDDMFPLEEVAKLGYNVFYHGQKGHYGVALLTKETPIAVRRGFPGDDEEAQRRIIMAEIPSLLGNVTVINGYFPQGESRDHPIKFPAKAQFYQNLQNYLETELKRDNPVLIMGDMNISPTDLDIGIGEENRKRWLRTGKCSFLPEEREWMDRLMSWGLVDTFRHANPQTADRFSWFDYRSKGFDDNRGLRIDLLLASQPLAECCVETGIDYEIRSMEKPSDHAPVWATFRR
CEEEEEECCCHHHCHHHHHHHHHHHCCCEEEEECCCCCHHHCCHHHHHHCCCEEEEEEECCEEEEEEEECCCCCEEEECCCCCCHHHHCCEEEEEEEECCEEEEEEEEECCCCCECCCCCHHHHHHHHHHHHHHHHHHHCCCCCCEEEEEECCCCCCHHHECCCHHHHHHHHHHCECCCCHHHHHHHHHHHHCCEEEHHHHHCCCCCCCCCECCCCCCHHHHCCCECCEEEEEEHHHHCCEEEEEECHHHHCCCCCCCECCEEEEECC
0 0 0 0 0 0 0 0 0 0 0 0 0 0 0 0 0 0 0 0 0 0 0 0 0 0 0 0 0 0 0 0 0 0 0 0 0 0 0 0 0 0 0 0 0 0 0 0 0 0 0 0 0 0 0 0 0 0 0 0 0 0 0 0 0 0 0 0 0 0 0 0 0 0 0 0 0 0 0 0 0 0 0 0 0 0 0 0 0 0 0 0 0 0 0 0 0 0 0 0 0 0 0 0 0 0 0 0 0 0 0 0 0 0 0 0 0 0 0 0 0 0 0 0 0 0 0 0 0 0 0 0 0 0 0 0 0 0 0 0 0 0 0 0 0 0 0 0 0 0 0 0 0 0 0 0 0 0 0 0 0 0 0 0 0 0 0 0 0 0 0 0 0 0 0 0 0 0 0 0 0 0 0 0 0 0 0 0 0 0 0 0 0 0 0 0 0 0 0 0 0 0 0 0 0 0 0 0 0 0 0 0 0 0 0 0 0 0 0 0 0 0 0 0 0 0 0 0 0 0 0 0 0 0 0 0 0 0 0 0 0 0 0 0 0 0 0 0 0 0 0 0 0 0 0 0 0 0 0 0 0 0 0 0 0 0 0 0 
0 0 0 0 0 0 0 0 0 0 0 0 0 0 0 0 0 0 0 0 0 0 0 0 0 0 0 0 0 0 0 0 0 0 0 0 0 0 0 0 0 0 0 0 0 0 0 0 0 0 0 0 0 0 0 0 0 0 0 0 0 0 0 0 0 0 0 0 0 0 0 0 0 0 0 0 0 0 0 0 0 0 0 0 0 0 0 0 0 0 0 0 0 0 0 0 0 0 0 0 0 0 0 0 0 0 0 0 0 0 0 0 0 0 0 0 0 0 0 0 0 0 0 0 0 0 0 0 0 0 0 0 0 0 0 0 0 0 0 0 0 0 0 0 0 0 0 0 0 0 0 0 0 0 0 0 0 0 0 0 0 0 0 0 0 0 0 0 0 0 0 0 0 0 0 0 0 0 0 0 0 0 0 0 0 0 0 0 0 0 0 0 0 0 0 0 0 0 0 0 0 0 0 0 0 0 0 0 0 0 0 0 0 0 0 0 0 0 0 0 0 0 0 0 0 0 0 0 0 0 0 0 0 0 0 0 0 0 0 0 0 0 0 0 0 0 0 0 0 0 0 0 0 0 0 0 0 0 0 0 0 0 0 0 0 0 0 0 
0 0.00397166 0.00375612 0.00419475 0.00372286 0.0063723 0.162477 0.0710793 0.0438975 0.0176298 0.0361355 0.0368938 0.0107925 0.0181431 0.0121093 0.0203602 0.0124412 0.0160964 0.0132307 0.0113226 0.0152395 0.0197077 0.0200935 0.0225167 0.0123145 0.0268016 0.0130899 0.00950955 0.00882399 0.0149479 0.0205506 0.0159284 0.0145734 0.0110862 0.0133177 0.00936715 0.00849295 0.0110367 0.00922946 0.00888889 0.00990677 0.0147487 0.0141188 0.0141845 0.0136569 0.00964963 0.0110944 0.00895717 0.00907214 0.00930562 0.0101821 0.0100188 0.00900761 0.00876867 0.0083867 0.00821138 0.00877498 0.00836998 0.00850911 0.00839969 0.00849599 0.008266 0.00845357 0.00889112 0.00867464 0.00837667 0.00835574 0.00813576 0.00819148 0.00819221 0.00843733 0.00831476 0.00854888 0.00857114 0.00841837 0.0084877 0.00868276 0.0107234 0.00886598 
0.00397166 0 0.00373325 0.00371527 0.00429684 0.00378432 0.50192 0.142222 0.0484851 0.0334774 0.0112904 0.0103508 0.028006 0.0159906 0.0231095 0.0150664 0.0193266 0.00903039 0.00957435 0.0142485 0.0195368 0.0284823 0.0388572 0.0260058 0.030201 0.0111941 0.00974885 0.0112991 0.00998188 0.0088735 0.0142809 0.0237547 0.0141277 0.0165532 0.0106434 0.0102804 0.00918964 0.00847908 0.00854467 0.00964333 0.0109727 0.0154946 0.0209891 0.0169832 0.012341 0.0150449 0.00942446 0.00806457 0.00939781 0.00952749 0.0107945 0.00973803 0.00963115 0.00824315 0.00875314 0.00795073 0.00814067 0.00854364 0.00838428 0.00808376 0.00818338 0.00827527 0.00868427 0.00880742 0.00855223 0.00840033 0.00825332 0.00811299 0.00822199 0.00823067 0.00837191 0.00838072 0.008349 0.008222 0.00838139 0.00856985 0.00860611 0.00856692 0.00862045 
0.00375612 0.00373325 0 0.0037209 0.00373071 0.00376716 0.0361747 0.449992 0.118489 0.0466421 0.0137307 0.0090805 0.0179278 0.0191424 0.0463298 0.0190653 0.0117113 0.00863922 0.00875036 0.013134 0.0243786 0.0667577 0.0676723 0.0998563 0.0187574 0.00982856 0.00877743 0.0107644 0.00922816 0.00913938 0.0112656 0.0294643 0.0236922 0.0425981 0.0134956 0.0173098 0.00852025 0.00851475 0.00843269 0.00871274 0.0193283 0.0235677 0.045739 0.0487127 0.0206792 0.0162216 0.00914116 0.00806049 0.00866164 0.0107017 0.0150829 0.0134895 0.0106377 0.00834991 0.00823752 0.00796123 0.00831123 0.00847569 0.00856644 0.00820047 0.00817098 0.0083 0.00876057 0.00922627 0.00890608 0.00847648 0.00816153 0.00810952 0.00824966 0.00824716 0.00855117 0.00843253 0.00842754 0.00817751 0.00842175 0.00869794 0.00878566 0.00852201 0.00849889 
0.00419475 0.00371527 0.0037209 0 0.00371107 0.00372145 0.0339098 0.0465426 0.572996 0.0396026 0.0154064 0.0103483 0.010306 0.0569659 0.0164127 0.0348104 0.00926924 0.00898911 0.00884181 0.0100063 0.0281273 0.026212 0.0731943 0.0611579 0.0148689 0.00998192 0.00945341 0.00931025 0.0130393 0.00860738 0.010961 0.0166223 0.0536782 0.0109929 0.0352245 0.00892759 0.00880147 0.00833463 0.00823909 0.00965486 0.0105414 0.0361546 0.025622 0.0267584 0.030667 0.00980895 0.0100111 0.00793789 0.00847253 0.0104802 0.013255 0.0105876 0.00902416 0.008367 0.00810474 0.00797355 0.00823739 0.00839588 0.00829647 0.00803716 0.00812357 0.00835555 0.00864663 0.00895795 0.00867733 0.00830778 0.0080848 0.00811509 0.00815783 0.00824585 0.0083873 0.00838643 0.00828225 0.0082213 0.00836256 0.0086386 0.0087025 0.00850555 0.00838941 
0.00372286 0.00429684 0.00373071 0.00371107 0 0.00374187 0.0283025 0.0844543 0.026855 0.670903 0.0498824 0.00920127 0.0382449 0.00971919 0.0296033 0.00991792 0.0198648 0.00867067 0.008815 0.0162069 0.0134168 0.029311 0.0205692 0.0249729 0.0286691 0.00995162 0.00866524 0.0107709 0.00889924 0.00944883 0.0110634 0.0243638 0.0113757 0.0339856 0.00886595 0.0103963 0.00833127 0.00830578 0.00859059 0.00869295 0.0139001 0.0111008 0.0210705 0.0245263 0.0109559 0.0222614 0.00912098 0.00823426 0.00888197 0.00950898 0.0111044 0.00977338 0.00976964 0.00833745 0.00906218 0.00805601 0.00817155 0.00840549 0.00812439 0.00813363 0.00823512 0.00825389 0.00859165 0.00873061 0.00858244 0.00828688 0.00805031 0.00815845 0.00816462 0.00814363 0.00841571 0.00832994 0.00824646 0.00819418 0.0083128 0.00848456 0.00861822 0.00837558 0.00844068 
0.0063723 0.00378432 0.00376716 0.00372145 0.00374187 0 0.0163491 0.0211023 0.0482038 0.0261285 0.533912 0.0249919 0.00927139 0.0114454 0.00955352 0.0117934 0.00932159 0.0105584 0.0127796 0.00895009 0.0125515 0.0123333 0.0124591 0.0129147 0.0136282 0.0131985 0.0121118 0.00869471 0.00858694 0.00976686 0.0146566 0.00931291 0.0142389 0.00882856 0.011172 0.00842219 0.00844126 0.0084578 0.00913029 0.00900801 0.00853104 0.0101458 0.00970462 0.00967751 0.0105316 0.00914685 0.0123229 0.00882385 0.00993424 0.00879323 0.00931093 0.00878519 0.0103234 0.00980962 0.00832137 0.00899056 0.0083239 0.0080953 0.00821878 0.00822778 0.00846534 0.00848236 0.00833684 0.00901213 0.00847234 0.00804665 0.00812569 0.00827043 0.00808693 0.008087 0.00819838 0.0082035 0.00824055 0.00843993 0.00854407 0.00838277 0.00832955 0.00828161 0.0082914 
0.162477 0.50192 0.0361747 0.0339098 0.0283025 0.0163491 0 0.00410987 0.00376731 0.00374592 0.00402645 0.240698 0.0277795 0.0126147 0.0110629 0.010535 0.0111292 0.0138398 0.0112478 0.0190273 0.0119198 0.0216705 0.0160244 0.0180362 0.0130381 0.0270442 0.013606 0.0111731 0.00954471 0.0139247 0.0347253 0.0279184 0.0142053 0.0156901 0.00991694 0.00998845 0.00917583 0.0119974 0.0114501 0.00923935 0.0132227 0.0133947 0.0210848 0.0174578 0.0116731 0.0112427 0.0133787 0.00970951 0.012249 0.0101832 0.0110066 0.0095292 0.00923691 0.00902887 0.00942105 0.0082741 0.008815 0.00828623 0.00867619 0.00826735 0.00856033 0.00833216 0.00907112 0.00909497 0.00881485 0.00824077 0.0082228 0.0080823 0.00810753 0.0080577 0.00833817 0.00825332 0.00839232 0.00830569 0.00851346 0.00838079 0.00848421 0.00827208 0.0087982 
0.0710793 0.142222 0.449992 0.0465426 0.0844543 0.0211023 0.00410987 0 0.00372668 0.00376847 0.00388163 0.0379515 0.224437 0.0233011 0.0378667 0.0108559 0.0165357 0.00945928 0.0113425 0.0161738 0.0294919 0.0274677 0.0669976 0.0322713 0.0383707 0.0116007 0.0122131 0.0151508 0.011707 0.0100719 0.0215374 0.0626797 0.0270835 0.0285585 0.014391 0.0112174 0.00992485 0.00957268 0.00903942 0.012978 0.0154751 0.0388148 0.0483064 0.0490189 0.0227219 0.019258 0.00987464 0.00841356 0.0110036 0.0173113 0.0167813 0.0143165 0.0115218 0.00845298 0.00862344 0.00802904 0.00835335 0.00854526 0.00847897 0.0081106 0.00806511 0.00839752 0.00912329 0.00964598 0.0089679 0.00837275 0.00812263 0.00805097 0.00817725 0.00820924 0.0083118 0.00829674 0.00821363 0.00810536 0.00836609 0.00858587 0.00859291 0.00854772 0.00840593 
0.0438975 0.0484851 0.118489 0.572996 0.026855 0.0482038 0.00376731 0.00372668 0 0.00371573 0.0037289 0.028489 0.0191385 0.22154 0.0313194 0.0642318 0.0100569 0.0107804 0.00918286 0.0122204 0.0281719 0.0519458 0.0624976 0.18897 0.022286 0.0127343 0.00981105 0.0148561 0.0144899 0.01062 0.0189869 0.0384189 0.081245 0.0233535 0.0384585 0.0116803 0.0098663 0.00893288 0.00880727 0.0122501 0.0183236 0.0553151 0.0733144 0.071182 0.0752896 0.0164231 0.0119757 0.00822089 0.00914631 0.0168753 0.0287917 0.02288 0.0112538 0.00923011 0.00874951 0.00796849 0.00870843 0.00860419 0.00883607 0.00801972 0.00799187 0.00831855 0.00910051 0.00998924 0.00937147 0.00847366 0.00814462 0.0080813 0.00816976 0.00830125 0.00876788 0.0084981 0.00827495 0.00804309 0.00840526 0.0087411 0.00911294 0.00864657 0.00841734 
0.0176298 0.0334774 0.0466421 0.0396026 0.670903 0.0261285 0.00374592 0.00376847 0.00371573 0 0.0039313 0.0102771 0.0456501 0.0224214 0.13957 0.0128407 0.069069 0.00924361 0.00939395 0.0122216 0.0158366 0.0211627 0.0405577 0.0258692 0.075082 0.0112913 0.00933123 0.0143553 0.0127307 0.0101972 0.0131353 0.0297713 0.0147493 0.0249502 0.00969889 0.0103122 0.00978554 0.00871894 0.00874159 0.00934416 0.0137679 0.012836 0.0246315 0.0329392 0.0138132 0.0367043 0.0105433 0.00840106 0.00938773 0.0108297 0.0153808 0.0113132 0.0143237 0.0091714 0.00870048 0.00817427 0.00869965 0.00858905 0.00833691 0.00812545 0.00811478 0.00826585 0.00859719 0.00873119 0.00859354 0.0083124 0.00812061 0.0080501 0.00812773 0.00806025 0.00830909 0.00831973 0.00824716 0.00814884 0.00833013 0.00844536 0.00857167 0.00843661 0.0082988 
0.0361355 0.0112904 0.0137307 0.0154064 0.0498824 0.533912 0.00402645 0.00388163 0.0037289 0.0039313 0 0.0288458 0.0118688 0.0389233 0.0138818 0.035961 0.0138855 0.0670577 0.0115917 0.0102799 0.010464 0.016131 0.0127745 0.0142571 0.0154401 0.039556 0.0151514 0.00872434 0.00857807 0.0146758 0.0158589 0.0100536 0.0119108 0.0102291 0.00897961 0.00863431 0.00847311 0.00933452 0.0101404 0.00863267 0.00901431 0.00973454 0.0110818 0.0103792 0.0106004 0.00989318 0.0146081 0.00954065 0.00992015 0.00865361 0.00914547 0.00888778 0.00945741 0.00907615 0.00923601 0.00869878 0.00834388 0.00812138 0.00826808 0.00819304 0.00844726 0.00822523 0.0082112 0.00859111 0.00869058 0.00814535 0.00806971 0.00815398 0.00797565 0.0080368 0.00818707 0.00808615 0.00818159 0.00828608 0.00839355 0.00818569 0.00845596 0.00810212 0.00827324 
0.0368938 0.0103508 0.0090805 0.0103483 0.00920127 0.0249919 0.240698 0.0379515 0.028489 0.0102771 0.0288458 0 0.00401933 0.0047167 0.00375208 0.00444402 0.00410441 0.00689729 0.00560026 0.00544203 0.0080042 0.0068224 0.00747209 0.0105764 0.0425375 0.806439 0.015444 0.00826261 0.00977479 0.0144515 0.017357 0.0101059 0.0110378 0.00849391 0.0149362 0.00832053 0.012206 0.0121248 0.0101516 0.00999094 0.008626 0.0127247 0.00936989 0.00937685 0.00992234 0.00870636 0.0164373 0.00986903 0.0091559 0.00867233 0.00853355 0.00842738 0.00835144 0.00903973 0.00822277 0.00953585 0.00805137 0.00804697 0.00836999 0.00815017 0.00831326 0.00833909 0.00816555 0.00824117 0.00820765 0.00814235 0.00833137 0.0080441 0.00794356 0.00804908 0.00800722 0.00809345 0.00821227 0.00850635 0.00798531 0.00813121 0.00817645 0.00841044 0.00843864 
0.0107925 0.028006 0.0179278 0.010306 0.0382449 0.00927139 0.0277795 0.224437 0.0191385 0.0456501 0.0118688 0.00401933 0 0.00371666 0.00370482 0.0037087 0.00403848 0.00377972 0.00429857 0.00545161 0.00659919 0.00680153 0.0116137 0.019131 0.861851 0.0159875 0.00797743 0.0135428 0.0088411 0.00947013 0.0136067 0.0328332 0.00944013 0.0413139 0.00865445 0.0247274 0.0087259 0.00991638 0.00995675 0.00892532 0.0229322 0.00973976 0.0253893 0.0184378 0.0099081 0.0235775 0.00890542 0.00889856 0.00942523 0.00979087 0.0110817 0.0100053 0.0101034 0.00819668 0.00947348 0.00786049 0.00816625 0.0083902 0.00822263 0.00804119 0.00801187 0.00814286 0.00878962 0.00861403 0.00853519 0.00830455 0.00805911 0.00798023 0.00806408 0.00809742 0.00832276 0.00817579 0.00811337 0.00800394 0.00824734 0.00834676 0.00844222 0.00820984 0.00845746 
0.0181431 0.0159906 0.0191424 0.0569659 0.00971919 0.0114454 0.0126147 0.0233011 0.22154 0.0224214 0.0389233 0.0047167 0.00371666 0 0.0036895 0.00371989 0.00370273 0.00380157 0.00445014 0.0052994 0.00550837 0.0129264 0.0275127 0.87389 0.00896887 0.00723415 0.00922516 0.00807731 0.00927139 0.00848172 0.0111153 0.0121902 0.0637629 0.00922814 0.0705092 0.00873785 0.0106022 0.00856059 0.00873864 0.0127979 0.00921666 0.054079 0.0195528 0.0218087 0.0386361 0.00973273 0.0103366 0.00817816 0.00855815 0.012495 0.019098 0.012675 0.00948076 0.00843298 0.00806323 0.00810737 0.00825413 0.00832061 0.0082604 0.00800377 0.00793218 0.00811285 0.00865669 0.00891801 0.00865129 0.0083882 0.00804384 0.00799604 0.00811715 0.00821506 0.00824036 0.00834862 0.0080596 0.00795689 0.00808096 0.0084294 0.00863448 0.0083437 0.00810736 
0.0121093 0.0231095 0.0463298 0.0164127 0.0296033 0.00955352 0.0110629 0.0378667 0.0313194 0.13957 0.0138818 0.00375208 0.00370482 0.0036895 0 0.00369024 0.00369224 0.00370288 0.00385677 0.00633718 0.00876753 0.0237391 0.886533 0.0141088 0.00826148 0.00655713 0.00789406 0.00973205 0.00848771 0.00968742 0.0112812 0.0320605 0.0122621 0.0560103 0.00945461 0.0173198 0.00877687 0.00898424 0.00897588 0.00894894 0.0238821 0.0150737 0.0456311 0.0511455 0.016939 0.0224056 0.00951197 0.00834622 0.00895957 0.0119586 0.0302157 0.0189981 0.0121326 0.00857357 0.00842088 0.00794035 0.00835876 0.00843684 0.00830821 0.00802965 0.00797925 0.00818077 0.00890298 0.00932385 0.00868716 0.00829926 0.00807272 0.00800465 0.00818591 0.00817871 0.00834474 0.00829784 0.00812054 0.00797921 0.00834547 0.00857905 0.00877843 0.00842044 0.00823465 
0.0203602 0.0150664 0.0190653 0.0348104 0.00991792 0.0117934 0.010535 0.0108559 0.0642318 0.0128407 0.035961 0.00444402 0.0037087 0.00371989 0.00369024 0 0.0036962 0.00369737 0.00387398 0.0054326 0.0215959 0.811284 0.00916371 0.00819078 0.0061344 0.00627378 0.00787518 0.0075596 0.00891753 0.00831158 0.0126794 0.0111574 0.0430261 0.00941659 0.0196705 0.00861153 0.0093584 0.00855488 0.00843948 0.0102166 0.00930699 0.0267182 0.0238189 0.0236303 0.0336353 0.00949469 0.0101736 0.00813137 0.00864217 0.0112088 0.0171934 0.0133326 0.00937244 0.00858194 0.00816445 0.00798734 0.0081791 0.00815695 0.00822599 0.00794722 0.00798488 0.00823037 0.00851112 0.00906191 0.00844336 0.00821783 0.00801631 0.00797861 0.00799948 0.00808091 0.00811916 0.00809941 0.00800169 0.00794509 0.00812169 0.00826755 0.00835162 0.00818525 0.00805631 
0.0124412 0.0193266 0.0117113 0.00926924 0.0198648 0.00932159 0.0111292 0.0165357 0.0100569 0.069069 0.0138855 0.00410441 0.00403848 0.00370273 0.00369224 0.0036962 0 0.00370394 0.00384115 0.190442 0.13779 0.00754983 0.00610756 0.00600655 0.00800681 0.00684548 0.0074075 0.0114906 0.00786529 0.00832377 0.0103138 0.0214861 0.00953261 0.0154756 0.00866544 0.0107633 0.0085452 0.00853969 0.00930095 0.00913333 0.011871 0.0112441 0.0147558 0.0132241 0.00966521 0.0161856 0.00896901 0.00867525 0.00945163 0.00996391 0.0104902 0.00952679 0.0101472 0.00832454 0.00882994 0.00793331 0.00808234 0.00832442 0.00830034 0.00792146 0.00814211 0.00805832 0.00847075 0.00846801 0.00834436 0.0082561 0.00804193 0.0079261 0.00800898 0.00801226 0.00809094 0.00815654 0.00807721 0.00793964 0.00797937 0.00823354 0.00826007 0.00812229 0.00808503 
0.0160964 0.00903039 0.00863922 0.00898911 0.00867067 0.0105584 0.0138398 0.00945928 0.0107804 0.00924361 0.0670577 0.00689729 0.00377972 0.00380157 0.00370288 0.00369737 0.00370394 0 0.91883 0.0249281 0.00503334 0.00419904 0.0047547 0.00536317 0.0065187 0.00652761 0.0136293 0.00741545 0.0070929 0.00794964 0.0142402 0.00894916 0.00943408 0.00864756 0.00880957 0.00822292 0.00816991 0.00836956 0.0117349 0.00895548 0.0087264 0.00936263 0.0090876 0.00884952 0.00930693 0.00871072 0.00985846 0.00965648 0.0104337 0.00857971 0.00841861 0.00839434 0.00832752 0.00845634 0.0086502 0.0087016 0.00810344 0.00804971 0.00807228 0.00814782 0.00841898 0.00812369 0.00808569 0.00809409 0.00798578 0.00797709 0.00800043 0.00796762 0.00791668 0.00795412 0.0080043 0.00799685 0.00796453 0.00813589 0.00795793 0.00803952 0.0080581 0.00802433 0.0080356 
0.0132307 0.00957435 0.00875036 0.00884181 0.008815 0.0127796 0.0112478 0.0113425 0.00918286 0.00939395 0.0115917 0.00560026 0.00429857 0.00445014 0.00385677 0.00387398 0.00384115 0.91883 0 0.0038271 0.00369784 0.00375867 0.00400551 0.00380311 0.0040007 0.00567833 0.00683096 0.00618405 0.00685844 0.0203012 0.0146828 0.00983603 0.00984111 0.00847051 0.010594 0.00831791 0.00943463 0.0116717 0.0091004 0.00907932 0.00859297 0.0099801 0.00917789 0.00935372 0.00912794 0.00871139 0.0154002 0.00950785 0.00884394 0.00872529 0.00850505 0.00843429 0.00854989 0.00925551 0.0083805 0.00852503 0.00812408 0.00798715 0.00833352 0.00797569 0.00813534 0.00821583 0.00809765 0.00820345 0.00804842 0.00804459 0.00818383 0.00794057 0.00791515 0.00805362 0.00797028 0.0080692 0.00818033 0.00819095 0.00810316 0.00804383 0.00824425 0.00801919 0.00823633 
0.0113226 0.0142485 0.013134 0.0100063 0.0162069 0.00895009 0.0190273 0.0161738 0.0122204 0.0122216 0.0102799 0.00544203 0.00545161 0.0052994 0.00633718 0.0054326 0.190442 0.0249281 0.0038271 0 0.00371225 0.00370007 0.00375948 0.00376627 0.00389837 0.00393887 0.00597089 0.00669916 0.00795014 0.0111945 0.0131901 0.0210649 0.00983961 0.0150199 0.00918755 0.010148 0.00953994 0.00927868 0.00910814 0.00931996 0.0129381 0.00996593 0.0155953 0.0139451 0.0101302 0.0237594 0.00922808 0.00854969 0.0092068 0.00994989 0.010381 0.00935046 0.00984921 0.00832867 0.00842482 0.0079064 0.00798366 0.00829025 0.0082704 0.00799595 0.00798637 0.008101 0.00840827 0.00855577 0.00840435 0.00827143 0.00804636 0.00786148 0.00806238 0.00810675 0.00814666 0.00835614 0.00801349 0.0079515 0.00815183 0.0083144 0.00835975 0.00828072 0.00807472 
0.0152395 0.0195368 0.0243786 0.0281273 0.0134168 0.0125515 0.0119198 0.0294919 0.0281719 0.0158366 0.010464 0.0080042 0.00659919 0.00550837 0.00876753 0.0215959 0.13779 0.00503334 0.00369784 0.00371225 0 0.00373494 0.00374467 0.00377574 0.00366927 0.00379343 0.00568453 0.00678301 0.00845621 0.010998 0.0158471 0.0184033 0.0290385 0.0126593 0.0168885 0.0106065 0.0101143 0.0088726 0.00879402 0.0117727 0.011609 0.0329645 0.02395 0.0325315 0.0315477 0.0127936 0.0109368 0.0084049 0.00943374 0.0146697 0.0259069 0.018632 0.0113021 0.00881979 0.00849378 0.00800816 0.00839259 0.0084139 0.00843145 0.00800438 0.0079141 0.00820208 0.00905917 0.0100559 0.00894761 0.00846252 0.00809685 0.00798593 0.00810597 0.00819997 0.00837048 0.00836546 0.00812785 0.00790896 0.00824625 0.00856465 0.00868421 0.00835995 0.00815873 
0.0197077 0.0284823 0.0667577 0.026212 0.029311 0.0123333 0.0216705 0.0274677 0.0519458 0.0211627 0.016131 0.0068224 0.00680153 0.0129264 0.0237391 0.811284 0.00754983 0.00419904 0.00375867 0.00370007 0.00373494 0 0.00373728 0.00368988 0.00375025 0.00382246 0.00583802 0.00933818 0.0101111 0.0297715 0.0239877 0.0302691 0.0221343 0.0319959 0.0154434 0.0160374 0.00902079 0.00911165 0.0105974 0.00984478 0.0257661 0.0273686 0.0660508 0.0710574 0.0306308 0.0216042 0.0115569 0.00846248 0.0113018 0.0198475 0.0531024 0.0299443 0.0159468 0.00910285 0.00888478 0.0080264 0.00852673 0.008647 0.00866088 0.0080737 0.00802637 0.00840405 0.00956533 0.0109588 0.00950823 0.00868103 0.00810228 0.00798763 0.00815811 0.00822218 0.00850098 0.00839094 0.00813525 0.00800791 0.00847167 0.00857545 0.00892533 0.00850792 0.0082089 
0.0200935 0.0388572 0.0676723 0.0731943 0.0205692 0.0124591 0.0160244 0.0669976 0.0624976 0.0405577 0.0127745 0.00747209 0.0116137 0.0275127 0.886533 0.00916371 0.00610756 0.0047547 0.00400551 0.00375948 0.00374467 0.00373728 0 0.00372913 0.00378656 0.00379859 0.00689245 0.012444 0.0192618 0.0441508 0.0195016 0.0329421 0.0438532 0.0251062 0.0258022 0.0114205 0.010246 0.0101767 0.00948202 0.014152 0.0165567 0.0624073 0.0729621 0.0928698 0.0519653 0.0193631 0.0125418 0.00888712 0.011035 0.0377705 0.0666019 0.0538137 0.017582 0.00940086 0.00885863 0.00815318 0.00902902 0.00886748 0.00892388 0.00817905 0.00815864 0.00909376 0.0108865 0.0112277 0.0102255 0.00883393 0.00818246 0.00806816 0.00829066 0.00845087 0.00878587 0.00888397 0.00836452 0.00804053 0.00856348 0.00902219 0.00926973 0.0087397 0.00840519 
0.0225167 0.0260058 0.0998563 0.0611579 0.0249729 0.0129147 0.0180362 0.0322713 0.18897 0.0258692 0.0142571 0.0105764 0.019131 0.87389 0.0141088 0.00819078 0.00600655 0.00536317 0.00380311 0.00376627 0.00377574 0.00368988 0.00372913 0 0.00372135 0.00374593 0.00559773 0.0187544 0.0543474 0.035208 0.016841 0.0318465 0.050713 0.0262788 0.0192876 0.0135273 0.0105122 0.00984829 0.00945106 0.0117993 0.0237214 0.0561172 0.0716335 0.0886206 0.0783324 0.0227931 0.0131404 0.00867742 0.0122878 0.029946 0.0970087 0.0509647 0.0183682 0.00977862 0.00895943 0.00816335 0.00922895 0.0092122 0.00898622 0.00813829 0.0081041 0.0088397 0.0103939 0.0135491 0.0110635 0.00882016 0.00833204 0.00812304 0.00835152 0.0086342 0.00876665 0.00894711 0.00850903 0.00804866 0.00869305 0.0090393 0.00992085 0.00901455 0.0085302 
0.0123145 0.030201 0.0187574 0.0148689 0.0286691 0.0136282 0.0130381 0.0383707 0.022286 0.075082 0.0154401 0.0425375 0.861851 0.00896887 0.00826148 0.0061344 0.00800681 0.0065187 0.0040007 0.00389837 0.00366927 0.00375025 0.00378656 0.00372135 0 0.0038095 0.0211822 0.0447039 0.01275 0.00947899 0.015035 0.0265286 0.0179202 0.0166425 0.0110637 0.0107234 0.0116208 0.00954402 0.0102764 0.0123175 0.0170182 0.0173024 0.0286535 0.0279787 0.0164821 0.038886 0.0150925 0.00993671 0.0112589 0.0187327 0.02657 0.0163919 0.0194702 0.0099679 0.00932489 0.00857026 0.00875396 0.00930487 0.00858551 0.00808495 0.00820482 0.0082351 0.0090679 0.00925652 0.00885554 0.00858007 0.00819046 0.00804603 0.00817831 0.0081929 0.00837024 0.0084822 0.00823157 0.00810004 0.00827517 0.00843052 0.0086199 0.00846689 0.00828179 
0.0268016 0.0111941 0.00982856 0.00998192 0.00995162 0.0131985 0.0270442 0.0116007 0.0127343 0.0112913 0.039556 0.806439 0.0159875 0.00723415 0.00655713 0.00627378 0.00684548 0.00652761 0.00567833 0.00393887 0.00379343 0.00382246 0.00379859 0.00374593 0.0038095 0 0.0482032 0.00727034 0.004981 0.00834105 0.0284628 0.0123042 0.0116149 0.0106324 0.00953008 0.0102515 0.00876803 0.0108463 0.0243036 0.0104312 0.0110641 0.0111527 0.0119049 0.0108969 0.0110447 0.0112155 0.0177678 0.0169255 0.0186259 0.00988692 0.0108292 0.0100777 0.00973493 0.0109127 0.0124156 0.0103985 0.00972131 0.00848966 0.00899818 0.00877893 0.00939353 0.00867303 0.00851422 0.00852617 0.00843246 0.0082108 0.00821256 0.00866561 0.00801052 0.00801025 0.0081643 0.00819644 0.00830626 0.00869693 0.0085129 0.00827611 0.00835808 0.00816882 0.00836528 
0.0130899 0.00974885 0.00877743 0.00945341 0.00866524 0.0121118 0.013606 0.0122131 0.00981105 0.00933123 0.0151514 0.015444 0.00797743 0.00922516 0.00789406 0.00787518 0.0074075 0.0136293 0.00683096 0.00597089 0.00568453 0.00583802 0.00689245 0.00559773 0.0211822 0.0482032 0 0.00405157 0.00384823 0.00458836 0.0175438 0.01047 0.0218528 0.0113825 0.177336 0.00832992 0.0106673 0.0179717 0.0102989 0.00999036 0.00873901 0.0125214 0.00991443 0.0102518 0.00972195 0.00904446 0.0186526 0.0116386 0.0112297 0.00948829 0.00869583 0.00867744 0.00849895 0.00888063 0.00854905 0.00904837 0.00805207 0.00811325 0.008524 0.00823163 0.00827498 0.00819808 0.00812709 0.0081501 0.00811789 0.00811609 0.00845804 0.00808967 0.00792275 0.00794253 0.00795478 0.00798691 0.00827217 0.00831662 0.00798675 0.0080573 0.00810601 0.00819149 0.00868999 
0.00950955 0.0112991 0.0107644 0.00931025 0.0107709 0.00869471 0.0111731 0.0151508 0.0148561 0.0143553 0.00872434 0.00826261 0.0135428 0.00807731 0.00973205 0.0075596 0.0114906 0.00741545 0.00618405 0.00669916 0.00678301 0.00933818 0.012444 0.0187544 0.0447039 0.00727034 0.00405157 0 0.00488767 0.00373976 0.0114567 0.0208444 0.0119875 0.200209 0.00886511 0.0129348 0.00907486 0.00921918 0.00915754 0.00886886 0.0122495 0.00965689 0.0149329 0.0157326 0.00977743 0.0145023 0.00885953 0.00934226 0.00957435 0.0104753 0.0117008 0.00934943 0.00950465 0.00823537 0.00849679 0.00790529 0.00809546 0.00828693 0.00819615 0.00798983 0.00800688 0.00808327 0.00840529 0.00860737 0.00833109 0.00818371 0.00805756 0.00794103 0.00795657 0.00801829 0.00810091 0.00832633 0.00801317 0.00797918 0.00806716 0.00820831 0.00840643 0.00821854 0.00827938 
0.00882399 0.00998188 0.00922816 0.0130393 0.00889924 0.00858694 0.00954471 0.011707 0.0144899 0.0127307 0.00857807 0.00977479 0.0088411 0.00927139 0.00848771 0.00891753 0.00786529 0.0070929 0.00685844 0.00795014 0.00845621 0.0101111 0.0192618 0.0543474 0.01275 0.004981 0.00384823 0.00488767 0 0.00384547 0.0139767 0.0192194 0.150318 0.00809142 0.0096734 0.00807632 0.00941205 0.00790601 0.00849455 0.0107539 0.00856831 0.0112179 0.0104299 0.0108829 0.0115684 0.0110717 0.00907273 0.00858571 0.00892557 0.010381 0.0102778 0.00937734 0.00910727 0.00831931 0.00831593 0.00800104 0.00805662 0.00826493 0.00808997 0.00796109 0.0079114 0.00802673 0.0083883 0.00834862 0.00831034 0.00810644 0.00798462 0.00788009 0.00794006 0.00803537 0.00806714 0.00814515 0.00800384 0.0079559 0.00790572 0.0082523 0.00830619 0.00802336 0.00806056 
0.0149479 0.0088735 0.00913938 0.00860738 0.00944883 0.00976686 0.0139247 0.0100719 0.01062 0.0101972 0.0146758 0.0144515 0.00947013 0.00848172 0.00968742 0.00831158 0.00832377 0.00794964 0.0203012 0.0111945 0.010998 0.0297715 0.0441508 0.035208 0.00947899 0.00834105 0.00458836 0.00373976 0.00384547 0 0.0259525 0.0875227 0.0111315 0.0100011 0.00890724 0.00793399 0.00791989 0.00962242 0.0129224 0.00850918 0.0092601 0.00923527 0.010304 0.0102728 0.0103933 0.0109253 0.0339444 0.0113638 0.0129784 0.00924539 0.0102901 0.00906376 0.00924843 0.00948236 0.0110569 0.00920728 0.00879709 0.00811636 0.00833262 0.00833018 0.00852707 0.00843888 0.00822158 0.00829861 0.00812178 0.00803358 0.00801418 0.00812284 0.00794152 0.00795865 0.00794645 0.00802483 0.00809685 0.00818011 0.0081819 0.00807388 0.00819906 0.00806224 0.00810963 
0.0205506 0.0142809 0.0112656 0.010961 0.0110634 0.0146566 0.0347253 0.0215374 0.0189869 0.0131353 0.0158589 0.017357 0.0136067 0.0111153 0.0112812 0.0126794 0.0103138 0.0142402 0.0146828 0.0131901 0.0158471 0.0239877 0.0195016 0.016841 0.015035 0.0284628 0.0175438 0.0114567 0.0139767 0.0259525 0 0.00387839 0.00374731 0.00376551 0.00380076 0.00385201 0.00386392 0.00605814 0.00681233 0.00679833 0.00726574 0.00880657 0.00972293 0.0119679 0.0189624 0.867074 0.0946485 0.0160142 0.0349147 0.0227613 0.0176911 0.0147776 0.0125292 0.0139223 0.0127319 0.00963441 0.00977403 0.00935523 0.0107971 0.00911534 0.00893921 0.00959154 0.0099123 0.00958872 0.00904411 0.00894288 0.00915126 0.0082311 0.0081046 0.00815106 0.00839397 0.00846211 0.00883394 0.00842342 0.00866209 0.00892996 0.00886313 0.00920787 0.00905133 
0.0159284 0.0237547 0.0294643 0.0166223 0.0243638 0.00931291 0.0279184 0.0626797 0.0384189 0.0297713 0.0100536 0.0101059 0.0328332 0.0121902 0.0320605 0.0111574 0.0214861 0.00894916 0.00983603 0.0210649 0.0184033 0.0302691 0.0329421 0.0318465 0.0265286 0.0123042 0.01047 0.0208444 0.0192194 0.0875227 0.00387839 0 0.00373709 0.00373444 0.00376656 0.00374477 0.0038844 0.00398604 0.00615871 0.00706793 0.00768597 0.00884707 0.0125077 0.019172 0.840286 0.0530261 0.0108029 0.0100501 0.0196079 0.0633558 0.0514933 0.0289984 0.0249108 0.0100352 0.0104908 0.00835939 0.00935053 0.00973703 0.00927297 0.00839635 0.0081015 0.00861327 0.0122271 0.0125487 0.0112614 0.00946099 0.00840231 0.00805967 0.00841289 0.00838179 0.00889942 0.0089106 0.008602 0.00796406 0.00855565 0.00916214 0.00976003 0.00924858 0.00836118 
0.0145734 0.0141277 0.0236922 0.0536782 0.0113757 0.0142389 0.0142053 0.0270835 0.081245 0.0147493 0.0119108 0.0110378 0.00944013 0.0637629 0.0122621 0.0430261 0.00953261 0.00943408 0.00984111 0.00983961 0.0290385 0.0221343 0.0438532 0.050713 0.0179202 0.0116149 0.0218528 0.0119875 0.150318 0.0111315 0.00374731 0.00373709 0 0.00371295 0.00374612 0.00372694 0.00371279 0.00372766 0.0059121 0.00642434 0.00737475 0.0112355 0.0218007 0.917656 0.0484906 0.00943179 0.0118493 0.00805817 0.0129045 0.0325095 0.0813543 0.0491266 0.0153813 0.0133406 0.00895483 0.00861477 0.00904717 0.0089669 0.00949004 0.00823012 0.0080388 0.0090191 0.00991159 0.0138512 0.0125752 0.0092061 0.00844759 0.00825009 0.0082432 0.00855844 0.00895181 0.00977313 0.0084788 0.00805977 0.00848541 0.00967248 0.00919586 0.00979128 0.00828049 
0.0110862 0.0165532 0.0425981 0.0109929 0.0339856 0.00882856 0.0156901 0.0285585 0.0233535 0.0249502 0.0102291 0.00849391 0.0413139 0.00922814 0.0560103 0.00941659 0.0154756 0.00864756 0.00847051 0.0150199 0.0126593 0.0319959 0.0251062 0.0262788 0.0166425 0.0106324 0.0113825 0.200209 0.00809142 0.0100011 0.00376551 0.00373444 0.00371295 0 0.0037164 0.00376438 0.00371194 0.00388361 0.00504218 0.00575318 0.0103639 0.00975476 0.973299 0.0435375 0.00765457 0.0127969 0.00760768 0.00872657 0.0166255 0.02037 0.0603928 0.0318509 0.0206622 0.00964901 0.0118986 0.00806215 0.00922467 0.00939331 0.00923421 0.00833599 0.00839951 0.00836423 0.011729 0.0123689 0.0107282 0.00905821 0.00834082 0.00804891 0.00839641 0.00842483 0.00926121 0.00871585 0.00889946 0.00804354 0.00897362 0.00881909 0.0100841 0.00866363 0.00869271 
0.0133177 0.0106434 0.0134956 0.0352245 0.00886595 0.011172 0.00991694 0.014391 0.0384585 0.00969889 0.00897961 0.0149362 0.00865445 0.0705092 0.00945461 0.0196705 0.00866544 0.00880957 0.010594 0.00918755 0.0168885 0.0154434 0.0258022 0.0192876 0.0110637 0.00953008 0.177336 0.00886511 0.0096734 0.00890724 0.00380076 0.00376656 0.00374612 0.0037164 0 0.00369925 0.00372903 0.00370744 0.00399358 0.00783268 0.0060294 0.987165 0.0170821 0.00844379 0.0116416 0.00706062 0.00870135 0.00753805 0.0107539 0.0258731 0.0304591 0.0200321 0.00977856 0.0105535 0.00850688 0.0088045 0.0086251 0.00855869 0.00875215 0.00809077 0.00798627 0.00861908 0.00905428 0.0103727 0.00959216 0.00853578 0.00830204 0.00815502 0.00813876 0.00853811 0.00841018 0.00872367 0.00814534 0.0080072 0.00824687 0.00909979 0.00861988 0.00886089 0.00806413 
0.00936715 0.0102804 0.0173098 0.00892759 0.0103963 0.00842219 0.00998845 0.0112174 0.0116803 0.0103122 0.00863431 0.00832053 0.0247274 0.00873785 0.0173198 0.00861153 0.0107633 0.00822292 0.00831791 0.010148 0.0106065 0.0160374 0.0114205 0.0135273 0.0107234 0.0102515 0.00832992 0.0129348 0.00807632 0.00793399 0.00385201 0.00374477 0.00372694 0.00376438 0.00369925 0 0.00369606 0.0037141 0.0047135 0.00505746 0.980423 0.0122254 0.00808841 0.0103143 0.00582987 0.00764982 0.00613798 0.00799828 0.013074 0.0110396 0.022148 0.0123176 0.0101183 0.00858875 0.00999015 0.00792303 0.00829026 0.00849717 0.00850795 0.00809161 0.00815244 0.00806865 0.00901061 0.00917324 0.00881625 0.00838154 0.00809876 0.00790526 0.00812552 0.00812987 0.00853405 0.00830552 0.00820681 0.00795569 0.00834579 0.00839931 0.00968279 0.00829715 0.00864378 
0.00849295 0.00918964 0.00852025 0.00880147 0.00833127 0.00844126 0.00917583 0.00992485 0.0098663 0.00978554 0.00847311 0.012206 0.0087259 0.0106022 0.00877687 0.0093584 0.0085452 0.00816991 0.00943463 0.00953994 0.0101143 0.00902079 0.010246 0.0105122 0.0116208 0.00876803 0.0106673 0.00907486 0.00941205 0.00791989 0.00386392 0.0038844 0.00371279 0.00371194 0.00372903 0.00369606 0 0.00371304 0.00476848 0.99626 0.00496058 0.0055804 0.0100842 0.00607516 0.00656444 0.00628019 0.0064731 0.00761641 0.0104635 0.0121676 0.0102917 0.00974155 0.00947067 0.00858805 0.00876396 0.00830648 0.00840422 0.00852333 0.00821897 0.00805284 0.00799128 0.00810503 0.00851596 0.00841105 0.00830292 0.0082668 0.00808066 0.00802519 0.00796649 0.00804804 0.00804103 0.00820916 0.00805529 0.00792439 0.00793128 0.00824547 0.00832082 0.00813793 0.00806576 
0.0110367 0.00847908 0.00851475 0.00833463 0.00830578 0.0084578 0.0119974 0.00957268 0.00893288 0.00871894 0.00933452 0.0121248 0.00991638 0.00856059 0.00898424 0.00855488 0.00853969 0.00836956 0.0116717 0.00927868 0.0088726 0.00911165 0.0101767 0.00984829 0.00954402 0.0108463 0.0179717 0.00921918 0.00790601 0.00962242 0.00605814 0.00398604 0.00372766 0.00388361 0.00370744 0.0037141 0.00371304 0 0.991551 0.00505686 0.00405049 0.00914261 0.00437637 0.0050356 0.00493836 0.00568484 0.00672974 0.0102882 0.0160052 0.00961546 0.00942564 0.00894452 0.00892245 0.00921545 0.0127849 0.00964359 0.00936796 0.00821669 0.00850438 0.00856256 0.00882419 0.00842981 0.00827348 0.00825054 0.00815469 0.00801902 0.00803994 0.00828165 0.00794738 0.00798047 0.00798573 0.00808709 0.00807559 0.00831842 0.00817964 0.00815774 0.00822542 0.00798168 0.00811386 
0.00922946 0.00854467 0.00843269 0.00823909 0.00859059 0.00913029 0.0114501 0.00903942 0.00880727 0.00874159 0.0101404 0.0101516 0.00995675 0.00873864 0.00897588 0.00843948 0.00930095 0.0117349 0.0091004 0.00910814 0.00879402 0.0105974 0.00948202 0.00945106 0.0102764 0.0243036 0.0102989 0.00915754 0.00849455 0.0129224 0.00681233 0.00615871 0.0059121 0.00504218 0.00399358 0.0047135 0.00476848 0.991551 0 0.00376123 0.00373349 0.0037628 0.00377081 0.00418866 0.00385352 0.00447267 0.00836395 0.0143045 0.0214878 0.0100493 0.00976149 0.00911877 0.00907734 0.0112122 0.0119201 0.0088168 0.00827611 0.00831017 0.00908833 0.00838128 0.00848338 0.00823714 0.00833494 0.00820944 0.00824903 0.00833727 0.00848358 0.00806278 0.00791429 0.00795336 0.00799383 0.0080217 0.0083569 0.00817673 0.00818029 0.00799217 0.00826328 0.00823498 0.00897256 
0.00888889 0.00964333 0.00871274 0.00965486 0.00869295 0.00900801 0.00923935 0.012978 0.0122501 0.00934416 0.00863267 0.00999094 0.00892532 0.0127979 0.00894894 0.0102166 0.00913333 0.00895548 0.00907932 0.00931996 0.0117727 0.00984478 0.014152 0.0117993 0.0123175 0.0104312 0.00999036 0.00886886 0.0107539 0.00850918 0.00679833 0.00706793 0.00642434 0.00575318 0.00783268 0.00505746 0.99626 0.00505686 0.00376123 0 0.00373316 0.00371306 0.00368873 0.00369549 0.00391333 0.00405962 0.00485961 0.00635979 0.0135816 0.0262885 0.0119643 0.0112351 0.0112545 0.00880768 0.0090603 0.00836278 0.00838442 0.00843968 0.00864478 0.00807559 0.00792501 0.00822543 0.0087199 0.00869217 0.00858504 0.00842118 0.00833652 0.0079219 0.00795601 0.00810254 0.008021 0.00844115 0.00805108 0.00797065 0.00803777 0.00849171 0.00841954 0.00834301 0.00814023 
0.00990677 0.0109727 0.0193283 0.0105414 0.0139001 0.00853104 0.0132227 0.0154751 0.0183236 0.0137679 0.00901431 0.008626 0.0229322 0.00921666 0.0238821 0.00930699 0.011871 0.0087264 0.00859297 0.0129381 0.011609 0.0257661 0.0165567 0.0237214 0.0170182 0.0110641 0.00873901 0.0122495 0.00856831 0.0092601 0.00726574 0.00768597 0.00737475 0.0103639 0.0060294 0.980423 0.00496058 0.00405049 0.00373349 0.00373316 0 0.00373689 0.00372597 0.00377461 0.00375324 0.00409203 0.00384887 0.00635751 0.019821 0.0222987 0.0412498 0.0208492 0.0134147 0.0091703 0.011039 0.00804189 0.00910872 0.00870308 0.00877282 0.00819016 0.00814398 0.00842755 0.0106346 0.0124027 0.00980468 0.00881842 0.0081593 0.00796081 0.00828354 0.00818646 0.00887087 0.00856568 0.0082874 0.00794878 0.00852684 0.00880333 0.00929345 0.00856743 0.00846705 
0.0147487 0.0154946 0.0235677 0.0361546 0.0111008 0.0101458 0.0133947 0.0388148 0.0553151 0.012836 0.00973454 0.0127247 0.00973976 0.054079 0.0150737 0.0267182 0.0112441 0.00936263 0.0099801 0.00996593 0.0329645 0.0273686 0.0624073 0.0561172 0.0173024 0.0111527 0.0125214 0.00965689 0.0112179 0.00923527 0.00880657 0.00884707 0.0112355 0.00975476 0.987165 0.0122254 0.0055804 0.00914261 0.0037628 0.00371306 0.00373689 0 0.00373981 0.00372719 0.00376608 0.00373496 0.00419179 0.00634941 0.115167 0.0584729 0.0828078 0.044524 0.0168307 0.0117384 0.00919964 0.00862653 0.00987324 0.00908219 0.00946739 0.00823102 0.00805185 0.0101775 0.0128816 0.0170189 0.0143581 0.0091899 0.00860949 0.00826524 0.00829374 0.00909525 0.00884317 0.0094339 0.00854428 0.00802555 0.00872106 0.0107195 0.0098603 0.00948137 0.00855411 
0.0141188 0.0209891 0.045739 0.025622 0.0210705 0.00970462 0.0210848 0.0483064 0.0733144 0.0246315 0.0110818 0.00936989 0.0253893 0.0195528 0.0456311 0.0238189 0.0147558 0.0090876 0.00917789 0.0155953 0.02395 0.0660508 0.0729621 0.0716335 0.0286535 0.0119049 0.00991443 0.0149329 0.0104299 0.010304 0.00972293 0.0125077 0.0218007 0.973299 0.0170821 0.00808841 0.0100842 0.00437637 0.00377081 0.00368873 0.00372597 0.00373981 0 0.00374964 0.00373251 0.00375257 0.00380464 0.0063293 0.029457 0.291687 0.109261 0.0744099 0.0296061 0.0114501 0.0107884 0.00841268 0.0107368 0.0101878 0.0102327 0.00839012 0.00821189 0.0102378 0.0167917 0.0268458 0.0180582 0.00971127 0.00868203 0.00826428 0.00918089 0.00896561 0.0105021 0.00982036 0.00896873 0.00801786 0.00920408 0.0103244 0.0131291 0.00979775 0.00862695 
0.0141845 0.0169832 0.0487127 0.0267584 0.0245263 0.00967751 0.0174578 0.0490189 0.071182 0.0329392 0.0103792 0.00937685 0.0184378 0.0218087 0.0511455 0.0236303 0.0132241 0.00884952 0.00935372 0.0139451 0.0325315 0.0710574 0.0928698 0.0886206 0.0279787 0.0108969 0.0102518 0.0157326 0.0108829 0.0102728 0.0119679 0.019172 0.917656 0.0435375 0.00844379 0.0103143 0.00607516 0.0050356 0.00418866 0.00369549 0.00377461 0.00372719 0.00374964 0 0.00376514 0.0037326 0.00373466 0.00587083 0.0380542 0.0602806 0.434796 0.0796802 0.0438664 0.0139713 0.0109366 0.00846712 0.0106683 0.0103768 0.0103393 0.00846504 0.00821748 0.00934659 0.0147245 0.0267669 0.0181901 0.00952254 0.00838964 0.00822478 0.00851467 0.0091185 0.0101073 0.0099182 0.00876524 0.00809221 0.00913802 0.0104312 0.0118942 0.00993564 0.00865908 
0.0136569 0.012341 0.0206792 0.030667 0.0109559 0.0105316 0.0116731 0.0227219 0.0752896 0.0138132 0.0106004 0.00992234 0.0099081 0.0386361 0.016939 0.0336353 0.00966521 0.00930693 0.00912794 0.0101302 0.0315477 0.0306308 0.0519653 0.0783324 0.0164821 0.0110447 0.00972195 0.00977743 0.0115684 0.0103933 0.0189624 0.840286 0.0484906 0.00765457 0.0116416 0.00582987 0.00656444 0.00493836 0.00385352 0.00391333 0.00375324 0.00376608 0.00373251 0.00376514 0 0.003722 0.00372599 0.00487707 0.0159831 0.10907 0.099737 0.252736 0.0238161 0.0145851 0.00922688 0.00855828 0.0100887 0.00971051 0.0103973 0.00835173 0.00807177 0.00933512 0.0116208 0.0164097 0.0140066 0.00897915 0.00851978 0.00813932 0.008371 0.00882378 0.00895199 0.00965408 0.00873714 0.00803188 0.00869188 0.00957116 0.0097412 0.00973623 0.00835767 
0.00964963 0.0150449 0.0162216 0.00980895 0.0222614 0.00914685 0.0112427 0.019258 0.0164231 0.0367043 0.00989318 0.00870636 0.0235775 0.00973273 0.0224056 0.00949469 0.0161856 0.00871072 0.00871139 0.0237594 0.0127936 0.0216042 0.0193631 0.0227931 0.038886 0.0112155 0.00904446 0.0145023 0.0110717 0.0109253 0.867074 0.0530261 0.00943179 0.0127969 0.00706062 0.00764982 0.00628019 0.00568484 0.00447267 0.00405962 0.00409203 0.00373496 0.00375257 0.0037326 0.003722 0 0.00381402 0.00641774 0.0187679 0.0315838 0.0980049 0.0488758 0.217264 0.0133343 0.0134322 0.00859791 0.00970282 0.0125433 0.00982604 0.00858648 0.00844282 0.0087425 0.0121682 0.0118668 0.0102074 0.0093752 0.00834213 0.00801776 0.00844518 0.00829404 0.00876516 0.00880297 0.00861595 0.00802562 0.00888388 0.00874722 0.00933654 0.00870086 0.00828635 
