1AKRA
PKALIVYGSTTGNTEYTAETIARELADAGYEVDSRDAASVEAGGLFEGFDLVLLGCSTWADDSIELQDDFIPLFDSLEETGAQGRKVACFGCGDSSYEYFCGAVDAIEEKLKNLGAEIVQDGLRIDGDPRAARDDIVGWAHDVRGAI
CEEEEEEECCCCHHHHHHHHHHHHHHCCCCEEEEEEHHHCCCCCCCCCCCEEEEEECECCCCCCCECCCCHHHHHCHHHCCCCCCEEEEEEEECCCCCCCCHHHHHHHHHHHHCCCEECCCCEEEECCHHHHHHHHHHHHHHHHHHC
0 0 0 0 0 0 0 0 0 0 0 0 0 0 0 0 0 0 0 0 0 0 0 0 0 0 0 0 0 0 0 0 0 0 0 0 0 0 0 0 0 0 0 0 0 0 0 0 0 0 0 0 0 0 0 0 0 0 0 0 0 0 0 0 0 0 0 0 0 0 0 0 0 0 0 0 0 0 0 0 0 0 0 0 0 0 0 0 0 0 0 0 0 0 0 0 0 0 0 0 0 0 0 0 0 0 0 0 0 0 0 0 0 0 0 0 0 0 0 0 0 0 0 0 0 0 0 0 0 0 0 0 0 0 0 0 0 0 0 0 0 0 0 0 0 0 0 
0 0 0 0 0 0 0 0 0 0 0 0 0 0 0 0 0 0 0 0 0 0 0 0 0 0 0 0 0 0 0 0 0 0 0 0 0 0 0 0 0 0 0 0 0 0 0 0 0 0 0 0 0 0 0 0 0 0 0 0 0 0 0 0 0 0 0 0 0 0 0 0 0 0 0 0 0 0 0 0 0 0 0 0 0 0 0 0 0 0 0 0 0 0 0 0 0 0 0 0 0 0 0 0 0 0 0 0 0 0 0 0 0 0 0 0 0 0 0 0 0 0 0 0 0 0 0 0 0 0 0 0 0 0 0 0 0 0 0 0 0 0 0 0 0 0 0 
0 0.00663523 0.00368487 0.00384537 0.00379001 0.00480027 0.00606573 0.624959 0.0096361 0.0150124 0.00979099 0.0109735 0.0462045 0.0330845 0.0289551 0.0169638 0.0169614 0.0131724 0.0129032 0.0126192 0.00997002 0.0145836 0.0104476 0.0120035 0.0105107 0.0103962 0.0103454 0.00938319 0.0093742 0.0087625 0.00836341 0.00858855 0.00871559 0.00872736 0.00861469 
0.00663523 0 0.00385545 0.00372928 0.0037863 0.0041713 0.00413559 0.0319735 0.609562 0.0104059 0.0167273 0.0183187 0.0106706 0.287969 0.0860632 0.0826807 0.0331241 0.02654 0.0145517 0.00992503 0.0117844 0.0101147 0.0502889 0.0202983 0.0256981 0.0208679 0.0169045 0.0129461 0.0097532 0.00815556 0.00848358 0.0107859 0.0085229 0.01294 0.00849481 
0.00368487 0.00385545 0 0.00373669 0.0037353 0.00380646 0.00377564 0.0668328 0.0399983 0.341375 0.0195992 0.0131964 0.0109222 0.0265365 0.426271 0.109412 0.165278 0.0383958 0.0186609 0.0094063 0.00889882 0.0117648 0.0198473 0.0891177 0.0703331 0.0528742 0.0489431 0.0112955 0.00903267 0.00836802 0.00832716 0.0088214 0.0124897 0.00950083 0.0085126 
0.00384537 0.00372928 0.00373669 0 0.00370827 0.00378339 0.00375287 0.017204 0.0455535 0.0720795 0.269763 0.01274 0.0105588 0.0327559 0.0463689 0.54408 0.128725 0.0733318 0.0179832 0.00937915 0.00882975 0.00931205 0.0225122 0.0705644 0.115212 0.0623131 0.0470812 0.0143126 0.00896699 0.00827927 0.00824797 0.00927427 0.00944272 0.0100394 0.00841106 
0.00379001 0.0037863 0.0037353 0.00370827 0 0.00376479 0.00371942 0.0138442 0.0322628 0.0488732 0.0601024 0.111613 0.0105388 0.0174634 0.0778719 0.127494 0.421034 0.0391702 0.0262093 0.00871534 0.00856918 0.00884933 0.0200493 0.0552756 0.0701892 0.0550388 0.0405191 0.011374 0.00888339 0.00817719 0.00826683 0.00858036 0.00888581 0.0094927 0.00829273 
0.00480027 0.0041713 0.00380646 0.00378339 0.00376479 0 0.00377391 0.0255768 0.0131805 0.018912 0.0217195 0.0543388 0.150466 0.0128248 0.0386001 0.0548581 0.0269174 0.289406 0.0199057 0.0113328 0.0096152 0.0101966 0.0119288 0.0198839 0.0236548 0.0208533 0.0171616 0.0183568 0.00912569 0.00863835 0.00871131 0.0087902 0.00959336 0.0087098 0.00838952 
0.00606573 0.00413559 0.00377564 0.00375287 0.00371942 0.00377391 0 0.0153771 0.0114858 0.0111325 0.0121217 0.0315951 0.0517812 0.020986 0.0130272 0.0128743 0.0165402 0.0180015 0.0798074 0.015301 0.015902 0.0122489 0.0102008 0.00978622 0.0111012 0.00990842 0.0109862 0.00947035 0.0101909 0.00896939 0.00835671 0.0113507 0.0082443 0.00864983 0.00826433 
0.624959 0.0319735 0.0668328 0.017204 0.0138442 0.0255768 0.0153771 0 0.00448284 0.00381906 0.00391443 0.00426995 0.00662975 0.0151136 0.0134011 0.0100189 0.00901104 0.0128417 0.0137118 0.0157106 0.011791 0.0165399 0.00873541 0.0103201 0.00882797 0.00873453 0.00876716 0.00875659 0.0103285 0.00903681 0.00896556 0.00812837 0.0087026 0.00823834 0.00955231 
0.0096361 0.609562 0.0399983 0.0455535 0.0322628 0.0131805 0.0114858 0.00448284 0 0.00375676 0.00369562 0.00395909 0.00372099 0.0233136 0.0146867 0.0114461 0.0138075 0.00961859 0.0105228 0.00823828 0.0098069 0.00843009 0.0174169 0.00962537 0.0105285 0.0104161 0.00901169 0.00894981 0.00837219 0.00813572 0.00820331 0.00880684 0.00805285 0.0094947 0.0080612 
0.0150124 0.0104059 0.341375 0.0720795 0.0488732 0.018912 0.0111325 0.00381906 0.00375676 0 0.00373938 0.00369284 0.00374972 0.0081233 0.0106154 0.0143582 0.0115881 0.0120799 0.00929853 0.00807665 0.00828512 0.00942977 0.00874228 0.0141756 0.0124373 0.0104778 0.0103681 0.00855084 0.00834456 0.00804037 0.00804102 0.00808337 0.00857989 0.00815731 0.00813652 
0.00979099 0.0167273 0.0195992 0.269763 0.0601024 0.0217195 0.0121217 0.00391443 0.00369562 0.00373938 0 0.003708 0.00370941 0.00930468 0.0118399 0.0297358 0.0192996 0.00941538 0.00870207 0.00762037 0.00848623 0.00867178 0.0101647 0.0118506 0.011588 0.010632 0.00976502 0.0085603 0.00832595 0.00797825 0.00796384 0.00827556 0.00819485 0.00854274 0.00801435 
0.0109735 0.0183187 0.0131964 0.01274 0.111613 0.0543388 0.0315951 0.00426995 0.00395909 0.00369284 0.003708 0 0.0037069 0.00951514 0.0160619 0.0124123 0.0110421 0.0130857 0.00791362 0.00778499 0.00913904 0.00881323 0.0101822 0.0093592 0.00995563 0.00997149 0.00913149 0.00959757 0.00841049 0.00823929 0.00818295 0.00853553 0.0081405 0.0085619 0.00793568 
0.0462045 0.0106706 0.0109222 0.0105588 0.0105388 0.150466 0.0517812 0.00662975 0.00372099 0.00374972 0.00370941 0.0037069 0 0.0141373 0.00894929 0.00848662 0.0119945 0.0143111 0.00798198 0.00802373 0.0117339 0.022349 0.0090325 0.00958307 0.00984693 0.0087939 0.00965912 0.00881393 0.00883902 0.0106515 0.00809391 0.00981871 0.00866938 0.00805709 0.00877705 
0.0330845 0.287969 0.0265365 0.0327559 0.0174634 0.0128248 0.020986 0.0151136 0.0233136 0.0081233 0.00930468 0.00951514 0.0141373 0 0.00395173 0.00379833 0.00379072 0.00376739 0.00422163 0.00494528 0.0169606 0.21709 0.0465705 0.0397644 0.014637 0.0182071 0.0120341 0.0114526 0.0142558 0.00980394 0.0114629 0.0157807 0.00891327 0.0116961 0.0104424 
0.0289551 0.0860632 0.426271 0.0463689 0.0778719 0.0386001 0.0130272 0.0134011 0.0146867 0.0106154 0.0118399 0.0160619 0.00894929 0.00395173 0 0.00377216 0.00374302 0.00383821 0.00385543 0.00468766 0.0106403 0.0333708 0.406284 0.0396252 0.101617 0.0256133 0.0338977 0.0147812 0.0116048 0.00931626 0.0100069 0.010307 0.0153776 0.0126449 0.00946659 
0.0169638 0.0826807 0.109412 0.54408 0.127494 0.0548581 0.0128743 0.0100189 0.0114461 0.0143582 0.0297358 0.0124123 0.00848662 0.00379833 0.00377216 0 0.00377743 0.00374231 0.00375752 0.0041116 0.00757514 0.0327526 0.0281922 0.481309 0.0900045 0.183996 0.0436765 0.0274615 0.0101444 0.00898233 0.00935164 0.0109358 0.0172903 0.0129622 0.00915252 
0.0169614 0.0331241 0.165278 0.128725 0.421034 0.0269174 0.0165402 0.00901104 0.0138075 0.0115881 0.0192996 0.0110421 0.0119945 0.00379072 0.00374302 0.00377743 0 0.00371151 0.00371886 0.0038483 0.0071798 0.0129113 0.0576848 0.0582777 0.426024 0.0427799 0.117623 0.0149607 0.0119405 0.00876823 0.00927685 0.0109631 0.0127819 0.0144855 0.00874782 
0.0131724 0.02654 0.0383958 0.0733318 0.0391702 0.289406 0.0180015 0.0128417 0.00961859 0.0120799 0.00941538 0.0130857 0.0143111 0.00376739 0.00383821 0.00374231 0.00371151 0 0.00377194 0.00376663 0.00831257 0.0186953 0.0215858 0.068678 0.0312312 0.219032 0.0240373 0.0797363 0.0130567 0.0100027 0.00973602 0.0110323 0.0134894 0.0112284 0.0095802 
0.0129032 0.0145517 0.0186609 0.0179832 0.0262093 0.0199057 0.0798074 0.0137118 0.0105228 0.00929853 0.00870207 0.00791362 0.00798198 0.00422163 0.00385543 0.00375752 0.00371886 0.00377194 0 0.00384218 0.0082598 0.0194951 0.015748 0.015906 0.0261322 0.0158135 0.0746603 0.0118168 0.0237198 0.00901391 0.00879613 0.0129796 0.00881666 0.00941537 0.00920413 
0.0126192 0.00992503 0.0094063 0.00937915 0.00871534 0.0113328 0.015301 0.0157106 0.00823828 0.00807665 0.00762037 0.00778499 0.00802373 0.00494528 0.00468766 0.0041116 0.0038483 0.00376663 0.00384218 0 0.903437 0.015191 0.0106836 0.0106945 0.0101743 0.0110832 0.00971365 0.0134388 0.0139729 0.0111214 0.00973763 0.0125929 0.00834487 0.00835295 0.00937837 
0.00997002 0.0117844 0.00889882 0.00882975 0.00856918 0.0096152 0.015902 0.011791 0.0098069 0.00828512 0.00848623 0.00913904 0.0117339 0.0169606 0.0106403 0.00757514 0.0071798 0.00831257 0.0082598 0.903437 0 0.0174719 0.0137109 0.0104067 0.0100549 0.00988636 0.00911221 0.011161 0.0243622 0.0123056 0.0111801 0.0159975 0.00843121 0.00967394 0.0100215 
0.0145836 0.0101147 0.0117648 0.00931205 0.00884933 0.0101966 0.0122489 0.0165399 0.00843009 0.00942977 0.00867178 0.00881323 0.022349 0.21709 0.0333708 0.0327526 0.0129113 0.0186953 0.0194951 0.015191 0.0174719 0 0.00468813 0.00384447 0.00381481 0.00378943 0.00395556 0.00463161 0.0147952 0.0828215 0.0144093 0.0130006 0.015639 0.00957778 0.0195643 
0.0104476 0.0502889 0.0198473 0.0225122 0.0200493 0.0119288 0.0102008 0.00873541 0.0174169 0.00874228 0.0101647 0.0101822 0.0090325 0.0465705 0.406284 0.0281922 0.0576848 0.0215858 0.015748 0.0106836 0.0137109 0.00468813 0 0.0037952 0.00372094 0.0037373 0.00377083 0.00449813 0.00456958 0.0155075 0.0162572 0.0207517 0.010424 0.0416933 0.00880986 
0.0120035 0.0202983 0.0891177 0.0705644 0.0552756 0.0198839 0.00978622 0.0103201 0.00962537 0.0141756 0.0118506 0.0093592 0.00958307 0.0397644 0.0396252 0.481309 0.0582777 0.068678 0.015906 0.0106945 0.0104067 0.00384447 0.0037952 0 0.0037262 0.00371484 0.0038375 0.00374991 0.00383554 0.0152137 0.0113934 0.0122538 0.042651 0.0113239 0.00961362 
0.0105107 0.0256981 0.0703331 0.115212 0.0701892 0.0236548 0.0111012 0.00882797 0.0105285 0.0124373 0.011588 0.00995563 0.00984693 0.014637 0.101617 0.0900045 0.426024 0.0312312 0.0261322 0.0101743 0.0100549 0.00381481 0.00372094 0.0037262 0 0.00372016 0.00374262 0.00373273 0.00379903 0.0126024 0.0134776 0.0133627 0.022227 0.0163402 0.0095729 
0.0103962 0.0208679 0.0528742 0.0623131 0.0550388 0.0208533 0.00990842 0.00873453 0.0104161 0.0104778 0.010632 0.00997149 0.0087939 0.0182071 0.0256133 0.183996 0.0427799 0.219032 0.0158135 0.0110832 0.00988636 0.00378943 0.0037373 0.00371484 0.00372016 0 0.00372042 0.00373028 0.00373168 0.0119562 0.0116899 0.0252958 0.0123305 0.021734 0.00940081 
0.0103454 0.0169045 0.0489431 0.0470812 0.0405191 0.0171616 0.0109862 0.00876716 0.00901169 0.0103681 0.00976502 0.00913149 0.00965912 0.0120341 0.0338977 0.0436765 0.117623 0.0240373 0.0746603 0.00971365 0.00911221 0.00395556 0.00377083 0.0038375 0.00374262 0.00372042 0 0.00370752 0.00370501 0.0125221 0.0176363 0.0101615 0.0563295 0.0128619 0.0110502 
0.00938319 0.0129461 0.0112955 0.0143126 0.011374 0.0183568 0.00947035 0.00875659 0.00894981 0.00855084 0.0085603 0.00959757 0.00881393 0.0114526 0.0147812 0.0274615 0.0149607 0.0797363 0.0118168 0.0134388 0.011161 0.00463161 0.00449813 0.00374991 0.00373273 0.00373028 0.00370752 0 0.0069313 0.01513 0.0256815 0.0123569 0.0118272 0.0677741 0.0131048 
0.0093742 0.0097532 0.00903267 0.00896699 0.00888339 0.00912569 0.0101909 0.0103285 0.00837219 0.00834456 0.00832595 0.00841049 0.00883902 0.0142558 0.0116048 0.0101444 0.0119405 0.0130567 0.0237198 0.0139729 0.0243622 0.0147952 0.00456958 0.00383554 0.00379903 0.00373168 0.00370501 0.0069313 0 0.023805 0.0265288 0.0205117 0.0094222 0.0205884 0.0486004 
0.0087625 0.00815556 0.00836802 0.00827927 0.00817719 0.00863835 0.00896939 0.00903681 0.00813572 0.00804037 0.00797825 0.00823929 0.0106515 0.00980394 0.00931626 0.00898233 0.00876823 0.0100027 0.00901391 0.0111214 0.0123056 0.0828215 0.0155075 0.0152137 0.0126024 0.0119562 0.0125221 0.01513 0.023805 0 0.00519605 0.00619188 0.101914 0.00825136 0.0175535 
0.00836341 0.00848358 0.00832716 0.00824797 0.00826683 0.00871131 0.00835671 0.00896556 0.00820331 0.00804102 0.00796384 0.00818295 0.00809391 0.0114629 0.0100069 0.00935164 0.00927685 0.00973602 0.00879613 0.00973763 0.0111801 0.0144093 0.0162572 0.0113934 0.0134776 0.0116899 0.0176363 0.0256815 0.0265288 0.00519605 0 0.0753478 0.00697496 0.00562973 0.00521578 
0.00858855 0.0107859 0.0088214 0.00927427 0.00858036 0.0087902 0.0113507 0.00812837 0.00880684 0.00808337 0.00827556 0.00853553 0.00981871 0.0157807 0.010307 0.0109358 0.0109631 0.0110323 0.0129796 0.0125929 0.0159975 0.0130006 0.0207517 0.0122538 0.0133627 0.0252958 0.0101615 0.0123569 0.0205117 0.00619188 0.0753478 0 0.00378159 0.00438056 0.0137576 
0.00871559 0.0085229 0.0124897 0.00944272 0.00888581 0.00959336 0.0082443 0.0087026 0.00805285 0.00857989 0.00819485 0.0081405 0.00866938 0.00891327 0.0153776 0.0172903 0.0127819 0.0134894 0.00881666 0.00834487 0.00843121 0.015639 0.010424 0.042651 0.022227 0.0123305 0.0563295 0.0118272 0.0094222 0.101914 0.00697496 0.00378159 0 0.00447575 0.00426664 
0.00872736 0.01294 0.00950083 0.0100394 0.0094927 0.0087098 0.00864983 0.00823834 0.0094947 0.00815731 0.00854274 0.0085619 0.00805709 0.0116961 0.0126449 0.0129622 0.0144855 0.0112284 0.00941537 0.00835295 0.00967394 0.00957778 0.0416933 0.0113239 0.0163402 0.021734 0.0128619 0.0677741 0.0205884 0.00825136 0.00562973 0.00438056 0.00447575 0 0.00372932 
0.00861469 0.00849481 0.0085126 0.00841106 0.00829273 0.00838952 0.00826433 0.00955231 0.0080612 0.00813652 0.00801435 0.00793568 0.00877705 0.0104424 0.00946659 0.00915252 0.00874782 0.0095802 0.00920413 0.00937837 0.0100215 0.0195643 0.00880986 0.00961362 0.0095729 0.00940081 0.0110502 0.0131048 0.0486004 0.0175535 0.00521578 0.0137576 0.00426664 0.00372932 0 
