1AMXA
TSSVFYYKTGDMLPEDTTHVRWFLNINNEKSYVSKDITIKDQIQGGQQLDLSTLNINVTGTHSNYYSGQSAITDFEKAFPGSKITVDNTKNTIDVTIPQGYGSYNSFSINYKTKITNEQQKEFVNNSQAWYQEHGKEEVNGKSFNHTVHN
CCCCCEEEEEECCCCCCCEEEEEEEECCCCCCECCCEEEEEEECCCEEEEEEEEEEEEEECCCEEECCCCHHHHHHHHCCCCEEEEECCCCEEEEEECHHHHCCEEEEEEEEEEECCCCCCEEEEEEEEEECECCCCCEEEEECCEEEEC
0 0 0 0 0 0 0 0 0 0 0 0 0 0 0 0 0 0 0 0 0 0 0 0 0 0 0 0 0 0 0 0 0 0 0 0 0 0 0 0 0 0 0 0 0 0 0 0 0 0 0 0 0 0 0 0 0 0 0 0 0 0 0 0 0 0 0 0 0 0 0 0 0 0 0 0 0 0 0 0 0 0 0 0 0 0 0 0 0 0 0 0 0 0 0 0 0 0 0 0 0 0 0 0 0 0 0 0 0 0 0 0 0 0 0 0 0 0 0 0 0 0 0 0 0 0 0 0 0 0 0 0 0 0 0 0 0 0 0 0 0 0 0 0 0 0 0 0 0 0 
0 0 0 0 0 0 0 0 0 0 0 0 0 0 0 0 0 0 0 0 0 0 0 0 0 0 0 0 0 0 0 0 0 0 0 0 0 0 0 0 0 0 0 0 0 0 0 0 0 0 0 0 0 0 0 0 0 0 0 0 0 0 0 0 0 0 0 0 0 0 0 0 0 0 0 0 0 0 0 0 0 0 0 0 0 0 0 0 0 0 0 0 0 0 0 0 0 0 0 0 0 0 0 0 0 0 0 0 0 0 0 0 0 0 0 0 0 0 0 0 0 0 0 0 0 0 0 0 0 0 0 0 0 0 0 0 0 0 0 0 0 0 0 0 0 0 0 0 0 0 
0 0.00379276 0.0045107 0.00381625 0.00448482 0.00588785 0.0102475 0.00708395 0.00916142 0.0116223 0.0153649 0.0289461 0.0165653 0.46138 0.0221763 0.021978 0.0102745 0.0166571 0.00945333 0.0104368 0.00966499 0.0576367 0.0108523 0.00926225 0.0110096 0.00884941 0.00996151 0.00892193 0.0102846 0.0113477 0.0105824 0.0137232 0.00940317 0.0115121 0.00915742 0.0205167 0.00923002 0.00921404 0.0277464 0.00921456 0.013256 0.00921893 0.0112653 0.0123369 0.00909428 0.00952706 0.00860946 0.0103568 0.00914052 0.0216661 0.00872482 0.00834075 0.00908924 0.00963458 0.009418 0.00870118 0.00914307 0.00830229 0.00977759 0.00860794 0.0155111 0.00849897 0.00845287 0.00808347 0.00843766 0.0079935 0.00839226 0.00813808 0.0092138 0.00823416 0.00955607 0.00913989 0.00852025 0.00795765 0.00802947 0.00795361 0.00874851 0.00864494 0.00805125 0.00827057 0.00905023 
0.00379276 0 0.00373459 0.00377319 0.0048275 0.0038036 0.00654566 0.00716664 0.00804541 0.0117087 0.0268624 0.0145831 0.409091 0.0096288 0.00957814 0.0095963 0.0294326 0.00884998 0.0138546 0.00866636 0.0246214 0.00861739 0.00871418 0.013786 0.00856563 0.00953956 0.00877031 0.00975705 0.011085 0.00996703 0.0194437 0.00918552 0.0184965 0.0086877 0.0169642 0.00858107 0.00869881 0.0104405 0.00902178 0.00944176 0.00986166 0.0144223 0.00871153 0.0090717 0.00901349 0.00852048 0.0109792 0.00893738 0.0160908 0.00844439 0.00828485 0.00889165 0.00905871 0.0113218 0.00909725 0.0103573 0.00888684 0.00892919 0.00866188 0.0111324 0.00867148 0.00844052 0.00858195 0.00881946 0.00813905 0.00839794 0.00825218 0.00841559 0.00843776 0.00902412 0.00837617 0.0081019 0.00801528 0.00815355 0.00810422 0.00821155 0.00812471 0.0079328 0.00819815 0.00823307 0.00866468 
0.0045107 0.00373459 0 0.00373982 0.00372856 0.00371845 0.00622925 0.00925383 0.0103148 0.023283 0.0135402 0.346875 0.00727602 0.00883799 0.00919167 0.0136099 0.00857412 0.0333323 0.00832311 0.0277926 0.00837484 0.00975385 0.00887103 0.00842418 0.0159712 0.00847714 0.0119533 0.00963602 0.00998916 0.0197108 0.00933242 0.034743 0.00870619 0.0326599 0.00857686 0.00866537 0.00851369 0.00831352 0.00889462 0.00814169 0.0192866 0.00854476 0.0114292 0.00810773 0.00819517 0.0114592 0.00840288 0.0349142 0.00828611 0.00867042 0.00816051 0.00820674 0.0141959 0.00980644 0.0167205 0.00887476 0.0120853 0.00850409 0.0119901 0.00809555 0.00871559 0.00803036 0.0095206 0.00806525 0.0089151 0.00811085 0.00852629 0.00821675 0.0103659 0.00803294 0.00947388 0.00807053 0.00803902 0.00808117 0.00812671 0.00794717 0.00796747 0.00801586 0.00808904 0.00825246 0.008124 
0.00381625 0.00377319 0.00373982 0 0.00369631 0.00374547 0.00974157 0.00930706 0.0181383 0.0117705 0.365896 0.00773424 0.00965029 0.00694333 0.00805625 0.00927845 0.0173384 0.00858051 0.0237899 0.00848334 0.0111646 0.00832305 0.00859174 0.0103776 0.00849025 0.0121115 0.00851517 0.0106017 0.0108854 0.00936594 0.0249958 0.00876683 0.0374866 0.00874343 0.0108421 0.00829055 0.00857256 0.00836121 0.00829407 0.0103068 0.00857695 0.0232256 0.0083564 0.00865396 0.00851041 0.0083281 0.0215209 0.00856492 0.0114693 0.00814307 0.00808552 0.00855618 0.00858 0.0149196 0.00895774 0.0134793 0.00857208 0.00944142 0.00829631 0.00927127 0.00805328 0.00864368 0.00793675 0.0090112 0.00805894 0.00820113 0.00805979 0.00857868 0.00826539 0.00850518 0.0080161 0.00792912 0.00791056 0.0079742 0.00790906 0.00792435 0.00796923 0.00791908 0.00811546 0.00800202 0.0082833 
0.00448482 0.0048275 0.00372856 0.00369631 0 0.00401466 0.00753944 0.0232738 0.00758319 0.390537 0.00819488 0.00794327 0.00710733 0.00927421 0.00967198 0.0160186 0.00841433 0.0302258 0.00817448 0.0131727 0.00826077 0.0103139 0.00929104 0.00858697 0.0121957 0.00838659 0.0106597 0.00858855 0.00917682 0.0143061 0.00875559 0.0233272 0.00860403 0.0138352 0.00857597 0.00881867 0.00859769 0.0089514 0.00895632 0.00833018 0.0278137 0.00841295 0.0114614 0.00817849 0.00831661 0.0169194 0.00835664 0.0158718 0.00834954 0.00895197 0.00849041 0.00852041 0.0108635 0.00879426 0.0113888 0.00874805 0.0103865 0.00867292 0.00939028 0.0081923 0.00912666 0.00808293 0.0100727 0.00803536 0.00875649 0.00817061 0.00847494 0.0080749 0.00901135 0.00808414 0.0085479 0.00803669 0.00812046 0.00802203 0.00807034 0.00794593 0.00790725 0.00804267 0.00798252 0.00849702 0.00806766 
0.00588785 0.0038036 0.00371845 0.00374547 0.00401466 0 0.0229394 0.00925731 0.338477 0.00841577 0.00774224 0.0058539 0.0101026 0.00896564 0.0113647 0.010795 0.0183232 0.00863239 0.013295 0.00834695 0.013223 0.0104766 0.013518 0.0100574 0.00827036 0.00964092 0.00828952 0.00898206 0.00913787 0.00889929 0.0174365 0.00842694 0.012214 0.00830538 0.0101254 0.00911682 0.0102589 0.00859491 0.00895682 0.0181742 0.00846189 0.0114524 0.0081369 0.0109752 0.0220196 0.00814286 0.0106876 0.00829006 0.0104175 0.00835709 0.00941686 0.00897724 0.00869204 0.00924777 0.00849541 0.00903326 0.00840616 0.00822429 0.00808151 0.00886415 0.00811386 0.0097079 0.00802958 0.00846124 0.00802098 0.00832673 0.00806366 0.00811649 0.00814765 0.00835451 0.00808192 0.00798592 0.00825601 0.00804022 0.00792428 0.00791994 0.00819869 0.00818175 0.00830356 0.00795034 0.00888614 
0.0102475 0.00654566 0.00622925 0.00974157 0.00753944 0.0229394 0 0.00405162 0.00373554 0.00373816 0.00382568 0.00386219 0.00407279 0.00638689 0.0105709 0.0106165 0.0139714 0.00985598 0.0111591 0.00842278 0.0103994 0.0237379 0.0100163 0.00988637 0.00905229 0.0101871 0.0085953 0.0108196 0.0101743 0.00956588 0.0131 0.0095105 0.0123496 0.00957438 0.0113068 0.0179254 0.0107042 0.00923607 0.0229817 0.0136963 0.0117604 0.0131721 0.00953026 0.0200681 0.010601 0.00875129 0.00984818 0.00872232 0.0114511 0.012854 0.00912507 0.00872116 0.00866571 0.0108434 0.00863802 0.0100885 0.0088492 0.0110993 0.00839867 0.0168997 0.0118542 0.00934353 0.00818884 0.00830231 0.00811653 0.00806153 0.00807022 0.00845697 0.00859465 0.00873605 0.00929954 0.00935696 0.00817664 0.00805485 0.00800285 0.00792364 0.00909477 0.00815482 0.00808597 0.00813591 0.00986817 
0.00708395 0.00716664 0.00925383 0.00930706 0.0232738 0.00925731 0.00405162 0 0.00371988 0.00372905 0.00370908 0.00370286 0.00395615 0.00409086 0.00719841 0.0111181 0.00797685 0.015357 0.00801662 0.0117069 0.0102005 0.0165728 0.00890622 0.0091709 0.0135192 0.00839811 0.0113632 0.00911516 0.0116594 0.0194141 0.00956884 0.0231167 0.00889903 0.0201513 0.00940574 0.0098498 0.00877828 0.0106518 0.00977782 0.00841187 0.027614 0.00987195 0.0213391 0.00880625 0.00875349 0.0157346 0.00882265 0.0215906 0.00958735 0.0110703 0.00867903 0.00943032 0.0169548 0.0107192 0.0245002 0.00943033 0.0242297 0.00865736 0.01494 0.00885203 0.00961235 0.00802905 0.009172 0.00823069 0.00885169 0.00822033 0.00987957 0.0082344 0.0119901 0.00848018 0.00918345 0.00858398 0.0080451 0.00811787 0.00824137 0.00818955 0.00797711 0.00816448 0.00811186 0.0125798 0.00845831 
0.00916142 0.00804541 0.0103148 0.0181383 0.00758319 0.338477 0.00373554 0.00371988 0 0.00369659 0.00370333 0.00370238 0.00407054 0.00369575 0.00596306 0.00793648 0.0160612 0.00890323 0.0167614 0.0100355 0.0263556 0.0110699 0.00858471 0.0151556 0.0088672 0.016496 0.00936291 0.0206751 0.0190438 0.012708 0.0659494 0.0108699 0.0672325 0.0105898 0.0149286 0.00893012 0.009233 0.00898517 0.00917569 0.0100126 0.0109809 0.0783232 0.00935281 0.00952099 0.00989207 0.00989452 0.0481489 0.0124368 0.0267377 0.00905267 0.0090157 0.0135693 0.0145179 0.0708504 0.015565 0.0744415 0.0128448 0.0304762 0.0112574 0.0133036 0.00859269 0.00894184 0.00893369 0.0122078 0.00963092 0.0111364 0.0097278 0.0170185 0.0111675 0.0125469 0.0090292 0.00815362 0.00817445 0.00835872 0.00845015 0.00815363 0.00808269 0.00811648 0.0085613 0.00858809 0.00991325 
0.0116223 0.0117087 0.023283 0.0117705 0.390537 0.00841577 0.00373816 0.00372905 0.00369659 0 0.00372643 0.00371749 0.0037114 0.0037442 0.00636874 0.0108353 0.00913168 0.0251858 0.0123679 0.0365222 0.0112885 0.0113988 0.00983511 0.00918114 0.0189585 0.00916702 0.0246112 0.0118275 0.0147308 0.0508921 0.0128262 0.0742931 0.0121545 0.0387987 0.00931965 0.00994066 0.00921655 0.00889757 0.0103229 0.00999297 0.0600469 0.0144053 0.0170039 0.00880006 0.00946383 0.0239952 0.0154376 0.0665287 0.0110636 0.0106416 0.0101505 0.0124379 0.0608406 0.0244036 0.117986 0.0209548 0.0690013 0.0138887 0.026878 0.0100783 0.0107168 0.00845961 0.0109023 0.00964639 0.0121552 0.00982205 0.0171304 0.0102433 0.0254378 0.00942275 0.0115982 0.00819943 0.00830962 0.00858431 0.00878265 0.00833172 0.00813681 0.00838722 0.00833169 0.00947362 0.0144085 
0.0153649 0.0268624 0.0135402 0.365896 0.00819488 0.00774224 0.00382568 0.00370908 0.00370333 0.00372643 0 0.00370328 0.00369719 0.00375031 0.00679958 0.0101816 0.0146303 0.0197756 0.0260296 0.0259371 0.0110524 0.00856596 0.00891015 0.0110138 0.00887596 0.0149572 0.00902247 0.0123671 0.0172939 0.0119495 0.0426479 0.0125689 0.0302975 0.0105947 0.0126583 0.0089793 0.00924806 0.00922952 0.00912516 0.0112445 0.0131704 0.0302838 0.0100233 0.00925686 0.0100037 0.0120076 0.0364133 0.0120954 0.0162101 0.00899032 0.0100493 0.0176981 0.0176331 0.0852917 0.0189132 0.0609782 0.0154855 0.021399 0.012692 0.0116113 0.00868412 0.00899611 0.00919544 0.012918 0.0099244 0.011659 0.0102815 0.0152704 0.0141021 0.0103603 0.00901058 0.00810907 0.0084344 0.00833326 0.00837358 0.00818955 0.0080224 0.0082414 0.00861022 0.00848944 0.0106722 
0.0289461 0.0145831 0.346875 0.00773424 0.00794327 0.0058539 0.00386219 0.00370286 0.00370238 0.00371749 0.00370328 0 0.0036936 0.00371398 0.00583861 0.0107172 0.0096513 0.0403231 0.00891436 0.0142141 0.00813311 0.00842573 0.00880639 0.00844559 0.0203814 0.00821083 0.0129007 0.0103932 0.0109281 0.03122 0.0101268 0.0456858 0.0091474 0.0289826 0.00904313 0.00946601 0.00878435 0.00894968 0.00973083 0.0086342 0.0345241 0.0110829 0.0150049 0.00870467 0.00992779 0.0249937 0.0103627 0.0433869 0.00969882 0.0100869 0.0110192 0.010693 0.0652916 0.0200958 0.0956527 0.0172876 0.0396944 0.011511 0.0218745 0.00913611 0.00950497 0.00827644 0.0106255 0.00919295 0.0157852 0.00947294 0.0133495 0.0107543 0.0183909 0.00871609 0.0101523 0.00829684 0.00823067 0.00827497 0.0086092 0.00816241 0.00805044 0.00826793 0.00821616 0.0090669 0.00919193 
0.0165653 0.409091 0.00727602 0.00965029 0.00710733 0.0101026 0.00407279 0.00395615 0.00407054 0.0037114 0.00369719 0.0036936 0 0.00372837 0.00788029 0.00912854 0.0386792 0.00904732 0.010943 0.00763997 0.0117757 0.00800288 0.00905102 0.0250314 0.00822342 0.011208 0.00844167 0.00999502 0.0129615 0.00996627 0.0340437 0.00890138 0.0252073 0.00896337 0.0186748 0.0089133 0.00932703 0.011739 0.0091042 0.0126658 0.00998163 0.0304355 0.00931274 0.0100646 0.0123902 0.00938727 0.0250627 0.00936257 0.02539 0.00915392 0.00909787 0.0167753 0.0105274 0.0449962 0.0136137 0.0273294 0.0102031 0.0116509 0.00917734 0.0145519 0.00855687 0.00930694 0.00914374 0.0113343 0.0089859 0.00952814 0.00865318 0.0108553 0.0091807 0.0119536 0.00844344 0.00818339 0.00817889 0.00886604 0.00827486 0.00827334 0.00815215 0.00809676 0.00861028 0.0084366 0.00897317 
0.46138 0.0096288 0.00883799 0.00694333 0.00927421 0.00896564 0.00638689 0.00409086 0.00369575 0.0037442 0.00375031 0.00371398 0.00372837 0 0.0329451 0.0553769 0.00840914 0.0138651 0.00697042 0.00825269 0.00675642 0.0156196 0.0209407 0.0083787 0.0100475 0.00809797 0.00926752 0.0094008 0.00972802 0.0147791 0.00914485 0.0193271 0.00870385 0.0135951 0.00895023 0.0141253 0.013218 0.00878921 0.0139329 0.0124063 0.0203153 0.00884756 0.01117 0.00934614 0.0126476 0.0137948 0.00879244 0.0146274 0.00876405 0.0123576 0.0159432 0.010991 0.0133654 0.00948794 0.0128403 0.00935647 0.0125081 0.00872759 0.0102166 0.00849069 0.0115944 0.0087502 0.0102494 0.00825145 0.00900806 0.00868247 0.00918999 0.00841584 0.00925701 0.00826615 0.0101442 0.00875975 0.00988098 0.00821548 0.0081694 0.00821621 0.0080886 0.00935667 0.00810973 0.00875316 0.00887036 
0.0221763 0.00957814 0.00919167 0.00805625 0.00967198 0.0113647 0.0105709 0.00719841 0.00596306 0.00636874 0.00679958 0.00583861 0.00788029 0.0329451 0 0.024562 0.00420704 0.00573847 0.00393342 0.004487 0.00556481 0.00984597 0.0101572 0.00694352 0.00819844 0.00703887 0.00777688 0.00764537 0.0146899 0.0113102 0.00889252 0.0126283 0.00833567 0.0126062 0.00990325 0.0172081 0.0130821 0.00982995 0.0220013 0.0115072 0.0179235 0.00878601 0.0131112 0.0128519 0.0116163 0.0108486 0.0083828 0.0126141 0.00966914 0.0177801 0.0110293 0.00873871 0.00869627 0.00873883 0.00870737 0.00856935 0.00845222 0.00830096 0.00877841 0.00840748 0.0196605 0.00936747 0.00921978 0.00802433 0.00820274 0.00795384 0.00815417 0.00805911 0.00825931 0.00805299 0.00961089 0.0147328 0.011205 0.00803831 0.00809029 0.00796918 0.00859382 0.0100776 0.00804096 0.00907331 0.00961567 
0.021978 0.0095963 0.0136099 0.00927845 0.0160186 0.010795 0.0106165 0.0111181 0.00793648 0.0108353 0.0101816 0.0107172 0.00912854 0.0553769 0.024562 0 0.00376321 0.00409276 0.00375875 0.00430591 0.00380826 0.00827524 0.00601117 0.0060185 0.0141459 0.00620169 0.0111413 0.0223455 0.0634569 0.0350525 0.0080755 0.0260432 0.0102061 0.0284197 0.00871545 0.0326735 0.0136766 0.010352 0.0486556 0.00979854 0.0738167 0.00901572 0.0277675 0.0124709 0.0103281 0.0236346 0.00876383 0.0277793 0.00893865 0.060354 0.0123129 0.00922057 0.0145131 0.00994434 0.0158373 0.0092949 0.0130781 0.00877882 0.0150085 0.00878407 0.0484132 0.00848556 0.0135777 0.00817828 0.00979682 0.00811312 0.00962133 0.00831408 0.0121629 0.00828756 0.0152794 0.0141923 0.0111304 0.00799846 0.00850954 0.0081357 0.00868378 0.0108601 0.00798802 0.0116518 0.00906325 
0.0102745 0.0294326 0.00857412 0.0173384 0.00841433 0.0183232 0.0139714 0.00797685 0.0160612 0.00913168 0.0146303 0.0096513 0.0386792 0.00840914 0.00420704 0.00376321 0 0.0037359 0.00383063 0.00371672 0.00506901 0.00383404 0.00526735 0.0105658 0.00596289 0.0134067 0.0118916 0.101163 0.0387801 0.00805146 0.0345861 0.00796226 0.0703674 0.00793802 0.0456965 0.00896921 0.0104089 0.0194606 0.00903134 0.0235927 0.00905128 0.106088 0.00873653 0.0143557 0.0177563 0.00870466 0.0608602 0.00862676 0.117128 0.00883086 0.00901769 0.0176358 0.00904166 0.0325218 0.00901714 0.0259635 0.00886272 0.0123199 0.00849788 0.0377559 0.00851988 0.0133909 0.0082553 0.0165533 0.00822989 0.0106873 0.00822577 0.0139236 0.00854986 0.0264017 0.00823425 0.00839283 0.00813857 0.00918995 0.00809562 0.00832737 0.00913089 0.00803435 0.0123363 0.00814261 0.0104111 
0.0166571 0.00884998 0.0333323 0.00858051 0.0302258 0.00863239 0.00985598 0.015357 0.00890323 0.0251858 0.0197756 0.0403231 0.00904732 0.0138651 0.00573847 0.00409276 0.0037359 0 0.00369624 0.00400546 0.00373753 0.00427048 0.00611274 0.00533657 0.0345184 0.00871943 0.2142 0.0233667 0.00786045 0.0517818 0.0118606 0.0669547 0.00777736 0.0787946 0.0084433 0.0117456 0.0102475 0.00863219 0.0143083 0.00866743 0.102338 0.00884089 0.0394261 0.00866011 0.00878593 0.0454851 0.00880236 0.193666 0.00873896 0.0141617 0.00996588 0.00879454 0.0385229 0.00995643 0.0570959 0.00939112 0.0271222 0.00921086 0.0351273 0.00853514 0.0171847 0.00816322 0.0163327 0.00834356 0.0147789 0.00830196 0.0145424 0.00859887 0.037693 0.00832003 0.0155516 0.00924895 0.008987 0.00807762 0.00898426 0.00817576 0.00797522 0.00923124 0.00807073 0.0116015 0.00843065 
0.00945333 0.0138546 0.00832311 0.0237899 0.00817448 0.013295 0.0111591 0.00801662 0.0167614 0.0123679 0.0260296 0.00891436 0.010943 0.00697042 0.00393342 0.00375875 0.00383063 0.00369624 0 0.00370666 0.00372599 0.00369577 0.00433327 0.0255033 0.0177298 0.177323 0.0168888 0.00960972 0.0239743 0.00770894 0.0155627 0.00700138 0.034709 0.00742192 0.0123799 0.00762602 0.00850562 0.00870985 0.00833133 0.0170822 0.00866532 0.0980072 0.00850714 0.0109903 0.0111272 0.00854828 0.137666 0.00874131 0.0287104 0.00852297 0.00843119 0.0122987 0.00913062 0.0484145 0.00912435 0.0267824 0.00915331 0.0183928 0.00855843 0.0156855 0.00831232 0.0102552 0.00825622 0.0223679 0.00829289 0.0122477 0.00835514 0.0267538 0.00867439 0.0115548 0.0083267 0.00800891 0.00802172 0.00826461 0.0080398 0.00802947 0.00814429 0.00794773 0.00906942 0.00807348 0.0100514 
0.0104368 0.00866636 0.0277926 0.00848334 0.0131727 0.00834695 0.00842278 0.0117069 0.0100355 0.0365222 0.0259371 0.0142141 0.00763997 0.00825269 0.004487 0.00430591 0.00371672 0.00400546 0.00370666 0 0.00368512 0.00372659 0.0050409 0.015292 0.204204 0.00599438 0.0109396 0.00700025 0.00872727 0.00931325 0.00649782 0.0178922 0.00666373 0.0153597 0.00749603 0.0100422 0.00791619 0.00831736 0.0103325 0.00836229 0.0481334 0.00877924 0.0184891 0.00854933 0.00855665 0.0519357 0.00896309 0.0438734 0.00870884 0.0106013 0.00906211 0.00866208 0.0292349 0.0101275 0.0316501 0.00964468 0.0307032 0.00989729 0.018378 0.00849433 0.0108267 0.00800811 0.0119574 0.00829519 0.0109919 0.00822918 0.0193676 0.00865057 0.0149108 0.0083077 0.0108941 0.00821789 0.00821325 0.00794132 0.00820238 0.0080377 0.00791332 0.00822585 0.00807736 0.00943664 0.00835999 
0.00966499 0.0246214 0.00837484 0.0111646 0.00826077 0.013223 0.0103994 0.0102005 0.0263556 0.0112885 0.0110524 0.00813311 0.0117757 0.00675642 0.00556481 0.00380826 0.00506901 0.00373753 0.00372599 0.00368512 0 0.00371949 0.0142508 0.378438 0.00476261 0.00949434 0.00493575 0.00791246 0.0065555 0.00644058 0.0127943 0.00628852 0.0112343 0.00668377 0.0111756 0.00688391 0.00813399 0.011664 0.00801774 0.0187669 0.00881898 0.0289851 0.0085174 0.00981259 0.0375568 0.00857408 0.0254445 0.00873723 0.0208099 0.00833033 0.00848254 0.0158198 0.00888026 0.0190125 0.00879556 0.0194415 0.00884068 0.00985308 0.00835274 0.0140824 0.00821249 0.00976205 0.00822382 0.0117947 0.00821973 0.0104779 0.00819303 0.0110226 0.00848439 0.0115554 0.00810863 0.00798754 0.00791128 0.0082819 0.00797179 0.00798394 0.00810838 0.00788294 0.0090122 0.00801322 0.0104618 
0.0576367 0.00861739 0.00975385 0.00832305 0.0103139 0.0104766 0.0237379 0.0165728 0.0110699 0.0113988 0.00856596 0.00842573 0.00800288 0.0156196 0.00984597 0.00827524 0.00383404 0.00427048 0.00369577 0.00372659 0.00371949 0 0.302514 0.00594743 0.00884293 0.00398695 0.00476811 0.00501887 0.00562079 0.00929759 0.00583622 0.00860772 0.00591214 0.00901109 0.00681991 0.00817294 0.013096 0.00804292 0.0117337 0.0107454 0.0207562 0.00849853 0.0122228 0.00904922 0.0119024 0.0123732 0.00844062 0.0157108 0.00864569 0.0108246 0.0155293 0.00849147 0.0100579 0.00878487 0.0109168 0.00864735 0.0101788 0.00845713 0.00997464 0.00834362 0.0126137 0.00829328 0.0119611 0.00812962 0.00923047 0.00805141 0.00915468 0.00823863 0.00938897 0.00816018 0.00980937 0.00913329 0.0101799 0.0081219 0.00816585 0.00811226 0.00801112 0.0092487 0.00799442 0.00933559 0.00836402 
0.0108523 0.00871418 0.00887103 0.00859174 0.00929104 0.013518 0.0100163 0.00890622 0.00858471 0.00983511 0.00891015 0.00880639 0.00905102 0.0209407 0.0101572 0.00601117 0.00526735 0.00611274 0.00433327 0.0050409 0.0142508 0.302514 0 0.00378074 0.00373765 0.00375084 0.00378643 0.00425322 0.00446207 0.00435961 0.00462904 0.00585281 0.00549903 0.00728672 0.00627959 0.0211597 0.00664745 0.00796515 0.0273278 0.0101415 0.0118357 0.00906642 0.0116903 0.0142174 0.0102737 0.00908172 0.00859079 0.0101564 0.00932816 0.0228189 0.00875774 0.00845225 0.00897773 0.00878576 0.00944759 0.00864929 0.00904556 0.00844085 0.00870862 0.00880055 0.0293065 0.00850619 0.00831161 0.0081601 0.00817825 0.00802466 0.008219 0.0080745 0.00838992 0.00825058 0.00928347 0.00982664 0.00825995 0.00802244 0.00813739 0.0080366 0.00883388 0.00807021 0.00795558 0.00827313 0.00928296 
0.00926225 0.013786 0.00842418 0.0103776 0.00858697 0.0100574 0.00988637 0.0091709 0.0151556 0.00918114 0.0110138 0.00844559 0.0250314 0.0083787 0.00694352 0.0060185 0.0105658 0.00533657 0.0255033 0.015292 0.378438 0.00594743 0.00378074 0 0.00372002 0.00374545 0.00372907 0.00382494 0.00424825 0.00388431 0.00704687 0.0043764 0.00842376 0.00516095 0.0213408 0.00604973 0.00655026 0.0110466 0.00792783 0.0124174 0.00864825 0.0250849 0.00872443 0.0117481 0.00974426 0.00854517 0.0186612 0.00859236 0.0238894 0.00859443 0.00855401 0.00974174 0.00872716 0.0155926 0.00865105 0.0144455 0.0087158 0.0102604 0.00846175 0.015216 0.00855458 0.0089392 0.00820002 0.00897042 0.00815666 0.00839187 0.00826277 0.00891988 0.00836043 0.00991576 0.00821711 0.0080944 0.00796628 0.00813419 0.00805849 0.00814098 0.00811703 0.00792082 0.00830885 0.00812996 0.00883453 
0.0110096 0.00856563 0.0159712 0.00849025 0.0121957 0.00827036 0.00905229 0.0135192 0.0088672 0.0189585 0.00887596 0.0203814 0.00822342 0.0100475 0.00819844 0.0141459 0.00596289 0.0345184 0.0177298 0.204204 0.00476261 0.00884293 0.00373765 0.00372002 0 0.00369721 0.00371877 0.00374837 0.00388597 0.00489042 0.0037567 0.00824277 0.00387195 0.0153756 0.00500142 0.00573744 0.0082311 0.00670316 0.00981335 0.00852893 0.0547374 0.0084505 0.019721 0.00852381 0.00855448 0.0188698 0.00854764 0.0484778 0.00859037 0.0102672 0.00872679 0.00865252 0.0214124 0.00904727 0.0247665 0.00887903 0.0145114 0.00855918 0.0165392 0.00860069 0.012812 0.00813256 0.0118679 0.00819527 0.0105463 0.00824069 0.00988633 0.00833664 0.0158184 0.008241 0.0108162 0.00846238 0.00862247 0.00807748 0.00838355 0.00808326 0.00799037 0.00857401 0.00803261 0.00994288 0.00824651 
0.00884941 0.00953956 0.00847714 0.0121115 0.00838659 0.00964092 0.0101871 0.00839811 0.016496 0.00916702 0.0149572 0.00821083 0.011208 0.00809797 0.00703887 0.00620169 0.0134067 0.00871943 0.177323 0.00599438 0.00949434 0.00398695 0.00375084 0.00374545 0.00369721 0 0.00371179 0.00370235 0.00372237 0.00372029 0.00464506 0.00379462 0.0103231 0.00404938 0.00557821 0.00473944 0.00609059 0.00679417 0.00735439 0.0173629 0.00844818 0.0378082 0.00842157 0.00986344 0.0101111 0.00841664 0.0406064 0.00852817 0.0159831 0.00845177 0.00851846 0.0100154 0.00873373 0.0247251 0.00880753 0.0179723 0.00886101 0.0147397 0.00965077 0.0116635 0.00840038 0.00991405 0.00827968 0.0113971 0.00823607 0.00919955 0.00827975 0.012687 0.00860289 0.0102264 0.00833285 0.00803198 0.00805232 0.00823719 0.00806025 0.00796689 0.00848135 0.00796216 0.00912201 0.00809073 0.00889715 
0.00996151 0.00877031 0.0119533 0.00851517 0.0106597 0.00828952 0.0085953 0.0113632 0.00936291 0.0246112 0.00902247 0.0129007 0.00844167 0.00926752 0.00777688 0.0111413 0.0118916 0.2142 0.0168888 0.0109396 0.00493575 0.00476811 0.00378643 0.00372907 0.00371877 0.00371179 0 0.00384602 0.00370613 0.00373041 0.00372642 0.00661056 0.00372642 0.00539216 0.00424402 0.00466852 0.00598461 0.00614261 0.00978682 0.00849609 0.0259992 0.0088129 0.0130297 0.00834462 0.00855534 0.0165814 0.00871213 0.0204621 0.00867848 0.00880321 0.00879368 0.008547 0.0220632 0.00901799 0.0207621 0.00900114 0.019218 0.0104611 0.0112042 0.00981703 0.0100216 0.00808905 0.0129227 0.00825954 0.00947959 0.00818348 0.0107095 0.00858599 0.0113257 0.008337 0.00909826 0.00811175 0.00812969 0.00801336 0.00817233 0.00814975 0.0079543 0.00816228 0.00799595 0.00862629 0.00829977 
0.00892193 0.00975705 0.00963602 0.0106017 0.00858855 0.00898206 0.0108196 0.00911516 0.0206751 0.0118275 0.0123671 0.0103932 0.00999502 0.0094008 0.00764537 0.0223455 0.101163 0.0233667 0.00960972 0.00700025 0.00791246 0.00501887 0.00425322 0.00382494 0.00374837 0.00370235 0.00384602 0 0.00369478 0.00369863 0.00377983 0.00373411 0.00393303 0.00399729 0.00398568 0.00391298 0.0055056 0.00609863 0.00686955 0.0120827 0.00931278 0.0188856 0.00888327 0.00899649 0.00970487 0.00876302 0.014883 0.00942451 0.0116259 0.00955615 0.0085826 0.0109352 0.00981723 0.0244759 0.0109269 0.0196195 0.0144769 0.0100562 0.0113396 0.0109478 0.00865427 0.00894592 0.00825116 0.00930015 0.00843107 0.0091769 0.00858169 0.00947288 0.00926925 0.00892359 0.00863727 0.00803931 0.00809532 0.00803751 0.00819827 0.00806771 0.00808559 0.00803616 0.00828973 0.00828311 0.00911795 
0.0102846 0.011085 0.00998916 0.0108854 0.00917682 0.00913787 0.0101743 0.0116594 0.0190438 0.0147308 0.0172939 0.0109281 0.0129615 0.00972802 0.0146899 0.0634569 0.0387801 0.00786045 0.0239743 0.00872727 0.0065555 0.00562079 0.00446207 0.00424825 0.00388597 0.00372237 0.00370613 0.00369478 0 0.00369648 0.00370955 0.00370596 0.00377129 0.00390977 0.00391699 0.00392073 0.00535465 0.00608427 0.00762917 0.0103489 0.0133018 0.0160951 0.010163 0.0102545 0.00960664 0.0100056 0.0148206 0.0107596 0.0131974 0.008854 0.0101167 0.0107951 0.0150303 0.0237869 0.0176732 0.0249395 0.0119418 0.0357425 0.0114278 0.0101623 0.00883952 0.0088096 0.00927058 0.00947235 0.00908141 0.00930957 0.00904889 0.0101438 0.0106426 0.00948585 0.0085888 0.00815472 0.00810432 0.00819328 0.00810666 0.00803634 0.00804172 0.00803291 0.00855175 0.00826526 0.00884355 
0.0113477 0.00996703 0.0197108 0.00936594 0.0143061 0.00889929 0.00956588 0.0194141 0.012708 0.0508921 0.0119495 0.03122 0.00996627 0.0147791 0.0113102 0.0350525 0.00805146 0.0517818 0.00770894 0.00931325 0.00644058 0.00929759 0.00435961 0.00388431 0.00489042 0.00372029 0.00373041 0.00369863 0.00369648 0 0.00371226 0.00371414 0.00372044 0.00394277 0.00373448 0.00392128 0.00513375 0.00578369 0.00789578 0.00932247 0.0385262 0.00984675 0.0218099 0.00876443 0.00920176 0.0204119 0.0092237 0.0663419 0.00928881 0.0152732 0.00958864 0.0113983 0.0463413 0.0192933 0.0674198 0.0118422 0.0584882 0.0104992 0.020669 0.00901913 0.0127992 0.00850004 0.0127367 0.00906615 0.0127083 0.00861181 0.0136875 0.00944292 0.0244767 0.00878246 0.0124782 0.00873195 0.00856886 0.00816379 0.00895323 0.00817099 0.00803088 0.00865983 0.00811908 0.0100657 0.00871493 
0.0105824 0.0194437 0.00933242 0.0249958 0.00875559 0.0174365 0.0131 0.00956884 0.0659494 0.0128262 0.0426479 0.0101268 0.0340437 0.00914485 0.00889252 0.0080755 0.0345861 0.0118606 0.0155627 0.00649782 0.0127943 0.00583622 0.00462904 0.00704687 0.0037567 0.00464506 0.00372642 0.00377983 0.00370955 0.00371226 0 0.00369895 0.0038048 0.00370875 0.0039301 0.00376612 0.00507855 0.00675798 0.00643253 0.0247645 0.00941777 0.10778 0.00860972 0.0134258 0.0131886 0.00870284 0.116973 0.00888103 0.0469677 0.00872722 0.0102437 0.0216001 0.0132711 0.112881 0.0105924 0.149204 0.0128569 0.0238132 0.00965459 0.0282748 0.0085968 0.0120037 0.00895455 0.0238739 0.0087792 0.0155348 0.00891748 0.0333945 0.00959724 0.0191349 0.00881721 0.00831777 0.00833857 0.0093032 0.0084153 0.00833979 0.00881626 0.00809428 0.0102176 0.00828344 0.0120632 
0.0137232 0.00918552 0.034743 0.00876683 0.0233272 0.00842694 0.0095105 0.0231167 0.0108699 0.0742931 0.0125689 0.0456858 0.00890138 0.0193271 0.0126283 0.0260432 0.00796226 0.0669547 0.00700138 0.0178922 0.00628852 0.00860772 0.00585281 0.0043764 0.00824277 0.00379462 0.00661056 0.00373411 0.00370596 0.00371414 0.00369895 0 0.00372529 0.00389708 0.00371567 0.00379378 0.0059046 0.00485057 0.0745284 0.00919022 0.132036 0.00839065 0.0360015 0.00853057 0.00885225 0.0821379 0.00858545 0.103721 0.00862101 0.0148531 0.0108645 0.0104698 0.0715554 0.0107004 0.147522 0.00969655 0.0383481 0.00933339 0.0333092 0.00870393 0.0197734 0.00859501 0.0209659 0.00863851 0.0175432 0.00841613 0.0223094 0.00878856 0.0298749 0.00847994 0.0160998 0.00984382 0.00999702 0.00818334 0.00986611 0.00831833 0.00810507 0.0100066 0.00819423 0.0125409 0.00858711 
0.00940317 0.0184965 0.00870619 0.0374866 0.00860403 0.012214 0.0123496 0.00889903 0.0672325 0.0121545 0.0302975 0.0091474 0.0252073 0.00870385 0.00833567 0.0102061 0.0703674 0.00777736 0.034709 0.00666373 0.0112343 0.00591214 0.00549903 0.00842376 0.00387195 0.0103231 0.00372642 0.00393303 0.00377129 0.00372044 0.0038048 0.00372529 0 0.00369839 0.00383434 0.00371494 0.00406799 0.0394222 0.0106303 0.0297245 0.00826161 0.119711 0.00833503 0.0124421 0.0149817 0.0084313 0.124715 0.00861881 0.0510886 0.00850139 0.00940505 0.0254729 0.00938765 0.144489 0.00963568 0.0602522 0.00969353 0.0217476 0.00894847 0.029001 0.00843986 0.0133883 0.00848715 0.0347756 0.00858424 0.0190612 0.00860163 0.0216829 0.00888281 0.0172835 0.00836267 0.00808457 0.0083095 0.0093562 0.00837421 0.00826289 0.0091078 0.00812635 0.0111404 0.00819431 0.0137117 
0.0115121 0.0086877 0.0326599 0.00874343 0.0138352 0.00830538 0.00957438 0.0201513 0.0105898 0.0387987 0.0105947 0.0289826 0.00896337 0.0135951 0.0126062 0.0284197 0.00793802 0.0787946 0.00742192 0.0153597 0.00668377 0.00901109 0.00728672 0.00516095 0.0153756 0.00404938 0.00539216 0.00399729 0.00390977 0.00394277 0.00370875 0.00389708 0.00369839 0 0.00371394 0.003722 0.0154373 0.0121273 0.085198 0.00811954 0.0846757 0.00847507 0.0288447 0.00835595 0.00859936 0.0361082 0.00859771 0.0682633 0.00861434 0.0133254 0.00963389 0.00890832 0.0664091 0.00963718 0.0457432 0.00931479 0.0229537 0.00900068 0.0246566 0.00860659 0.015246 0.00827962 0.0204965 0.00841572 0.0156613 0.00838435 0.0143132 0.00859141 0.0212861 0.00841116 0.0127359 0.00920387 0.00897319 0.00815725 0.00955336 0.00806994 0.0080432 0.00901873 0.00811938 0.0115079 0.00855974 
0.00915742 0.0169642 0.00857686 0.0108421 0.00857597 0.0101254 0.0113068 0.00940574 0.0149286 0.00931965 0.0126583 0.00904313 0.0186748 0.00895023 0.00990325 0.00871545 0.0456965 0.0084433 0.0123799 0.00749603 0.0111756 0.00681991 0.00627959 0.0213408 0.00500142 0.00557821 0.00424402 0.00398568 0.00391699 0.00373448 0.0039301 0.00371567 0.00383434 0.00371394 0 0.00377636 0.0104758 0.0684007 0.00474294 0.0197162 0.00959296 0.0434994 0.00845227 0.0109626 0.0122228 0.00864436 0.0230629 0.00875458 0.021489 0.00878271 0.00907786 0.0228806 0.00894975 0.0192637 0.00888003 0.0140427 0.00893564 0.0100845 0.00855674 0.0158665 0.00843542 0.0114865 0.00855995 0.0109306 0.00826608 0.0106312 0.00816941 0.00947991 0.00850585 0.0106921 0.00824656 0.00816828 0.00821012 0.00853705 0.00813177 0.00817499 0.00831145 0.00809056 0.00964301 0.00820642 0.00955582 
0.0205167 0.00858107 0.00866537 0.00829055 0.00881867 0.00911682 0.0179254 0.0098498 0.00893012 0.00994066 0.0089793 0.00946601 0.0089133 0.0141253 0.0172081 0.0326735 0.00896921 0.0117456 0.00762602 0.0100422 0.00688391 0.00817294 0.0211597 0.00604973 0.00573744 0.00473944 0.00466852 0.00391298 0.00392073 0.00392128 0.00376612 0.00379378 0.00371494 0.003722 0.00377636 0 0.137564 0.00432615 0.0057689 0.0123937 0.0200495 0.00882188 0.0105726 0.00999937 0.0127858 0.0106892 0.00864713 0.011866 0.00884395 0.011639 0.0220024 0.0093508 0.00990792 0.00904869 0.00986833 0.00876612 0.00950827 0.00858751 0.00914444 0.00843638 0.0120134 0.00937071 0.0114659 0.00824991 0.0161957 0.00812917 0.00856571 0.00825975 0.00890353 0.00821774 0.00912686 0.00900244 0.0105682 0.00812334 0.00817283 0.00800002 0.00831314 0.00926827 0.00814856 0.00870013 0.00874868 
0.00923002 0.00869881 0.00851369 0.00857256 0.00859769 0.0102589 0.0107042 0.00877828 0.009233 0.00921655 0.00924806 0.00878435 0.00932703 0.013218 0.0130821 0.0136766 0.0104089 0.0102475 0.00850562 0.00791619 0.00813399 0.013096 0.00664745 0.00655026 0.0082311 0.00609059 0.00598461 0.0055056 0.00535465 0.00513375 0.00507855 0.0059046 0.00406799 0.0154373 0.0104758 0.137564 0 0.00448577 0.00476075 0.0250962 0.0193494 0.0175518 0.0150119 0.0181219 0.0123887 0.00925834 0.00935223 0.0102406 0.0104292 0.016614 0.00978616 0.00915023 0.0089284 0.00915678 0.00899409 0.00898844 0.0090871 0.00883109 0.00903181 0.00932879 0.0171213 0.0103279 0.00869382 0.00853502 0.00835013 0.00816818 0.00832773 0.00826163 0.00851091 0.00869468 0.00899727 0.00950509 0.00882969 0.00805788 0.00817195 0.00805795 0.00914784 0.00829305 0.00816608 0.00837698 0.0113459 
0.00921404 0.0104405 0.00831352 0.00836121 0.0089514 0.00859491 0.00923607 0.0106518 0.00898517 0.00889757 0.00922952 0.00894968 0.011739 0.00878921 0.00982995 0.010352 0.0194606 0.00863219 0.00870985 0.00831736 0.011664 0.00804292 0.00796515 0.0110466 0.00670316 0.00679417 0.00614261 0.00609863 0.00608427 0.00578369 0.00675798 0.00485057 0.0394222 0.0121273 0.0684007 0.00432615 0.00448577 0 0.00402556 0.0173317 0.0375898 0.0187986 0.0120901 0.0154711 0.0131404 0.00914141 0.0096957 0.00899251 0.0135196 0.00896964 0.0100027 0.0106388 0.00900077 0.00952213 0.00876549 0.00913076 0.00872486 0.00879473 0.00880408 0.0120204 0.00862114 0.00938195 0.0094123 0.00854784 0.00825885 0.00821732 0.00821374 0.0084178 0.00840641 0.00922724 0.00812497 0.00851568 0.00812922 0.00828639 0.00802449 0.00826771 0.008136 0.00805355 0.00878261 0.0084318 0.00846154 
0.0277464 0.00902178 0.00889462 0.00829407 0.00895632 0.00895682 0.0229817 0.00977782 0.00917569 0.0103229 0.00912516 0.00973083 0.0091042 0.0139329 0.0220013 0.0486556 0.00903134 0.0143083 0.00833133 0.0103325 0.00801774 0.0117337 0.0273278 0.00792783 0.00981335 0.00735439 0.00978682 0.00686955 0.00762917 0.00789578 0.00643253 0.0745284 0.0106303 0.085198 0.00474294 0.0057689 0.00476075 0.00402556 0 0.0360081 0.0387023 0.0129487 0.0202464 0.0195872 0.0226797 0.0124993 0.00872217 0.0147324 0.00970246 0.0304078 0.0173369 0.00905732 0.0101078 0.00916573 0.00984432 0.00896735 0.00983134 0.00895094 0.0104315 0.00864086 0.0173904 0.00994591 0.0135478 0.00830301 0.00887361 0.008252 0.00873009 0.00831481 0.00914249 0.0082797 0.0108226 0.010439 0.0138651 0.00827989 0.00840058 0.00810447 0.00827554 0.0110932 0.00821496 0.00966309 0.00906101 
0.00921456 0.00944176 0.00814169 0.0103068 0.00833018 0.0181742 0.0136963 0.00841187 0.0100126 0.00999297 0.0112445 0.0086342 0.0126658 0.0124063 0.0115072 0.00979854 0.0235927 0.00866743 0.0170822 0.00836229 0.0187669 0.0107454 0.0101415 0.0124174 0.00852893 0.0173629 0.00849609 0.0120827 0.0103489 0.00932247 0.0247645 0.00919022 0.0297245 0.00811954 0.0197162 0.0123937 0.0250962 0.0173317 0.0360081 0 0.00409331 0.00509556 0.00391931 0.00778909 0.00906658 0.00586384 0.0116982 0.00734977 0.948017 0.0261362 0.0109949 0.0101817 0.00882315 0.01401 0.00861505 0.0130167 0.00888964 0.0120012 0.00868783 0.0283077 0.0125121 0.0333523 0.0087893 0.0160424 0.008647 0.0106943 0.008424 0.0115376 0.00848125 0.0160256 0.00914805 0.0127561 0.00937993 0.00969321 0.00848488 0.00891131 0.0182163 0.00855364 0.0117411 0.00878455 0.0210798 
0.013256 0.00986166 0.0192866 0.00857695 0.0278137 0.00846189 0.0117604 0.027614 0.0109809 0.0600469 0.0131704 0.0345241 0.00998163 0.0203153 0.0179235 0.0738167 0.00905128 0.102338 0.00866532 0.0481334 0.00881898 0.0207562 0.0118357 0.00864825 0.0547374 0.00844818 0.0259992 0.00931278 0.0133018 0.0385262 0.00941777 0.132036 0.00826161 0.0846757 0.00959296 0.0200495 0.0193494 0.0375898 0.0387023 0.00409331 0 0.00373668 0.00562291 0.00374395 0.0045496 0.0171069 0.00639273 0.977005 0.00893494 0.0148745 0.0111926 0.0116544 0.0325753 0.0100107 0.0375091 0.00932386 0.0235438 0.00966164 0.0347636 0.00939067 0.0531689 0.00896587 0.0964628 0.00857119 0.026847 0.00863185 0.0190199 0.00883221 0.0415455 0.00893229 0.0188637 0.0144725 0.022497 0.00865852 0.0110012 0.00969776 0.00868465 0.0164441 0.00846416 0.0492547 0.00931734 
0.00921893 0.0144223 0.00854476 0.0232256 0.00841295 0.0114524 0.0131721 0.00987195 0.0783232 0.0144053 0.0302838 0.0110829 0.0304355 0.00884756 0.00878601 0.00901572 0.106088 0.00884089 0.0980072 0.00877924 0.0289851 0.00849853 0.00906642 0.0250849 0.0084505 0.0378082 0.0088129 0.0188856 0.0160951 0.00984675 0.10778 0.00839065 0.119711 0.00847507 0.0434994 0.00882188 0.0175518 0.0187986 0.0129487 0.00509556 0.00373668 0 0.00370063 0.00398557 0.00658333 0.00554181 0.966585 0.00817445 0.0202 0.00546134 0.00851894 0.0185251 0.0094275 0.0505154 0.00890594 0.0377756 0.00995668 0.0203127 0.00888396 0.0547017 0.00862736 0.0263108 0.00866683 0.0841721 0.00912223 0.0198874 0.00870963 0.0404721 0.00932724 0.030129 0.0087699 0.0089229 0.00929533 0.0124594 0.00932335 0.00907795 0.0111459 0.0086057 0.0253115 0.00863328 0.0263907 
0.0112653 0.00871153 0.0114292 0.0083564 0.0114614 0.0081369 0.00953026 0.0213391 0.00935281 0.0170039 0.0100233 0.0150049 0.00931274 0.01117 0.0131112 0.0277675 0.00873653 0.0394261 0.00850714 0.0184891 0.0085174 0.0122228 0.0116903 0.00872443 0.019721 0.00842157 0.0130297 0.00888327 0.010163 0.0218099 0.00860972 0.0360015 0.00833503 0.0288447 0.00845227 0.0105726 0.0150119 0.0120901 0.0202464 0.00391931 0.00562291 0.00370063 0 0.00379594 0.00451789 0.967472 0.00610156 0.0190559 0.00622769 0.00662169 0.0100423 0.00990748 0.0192895 0.00896208 0.0194713 0.00872574 0.0168981 0.0089423 0.0262211 0.00878263 0.0202814 0.00856621 0.069777 0.0084354 0.0129496 0.00839782 0.0141997 0.00868189 0.01751 0.00867041 0.0133197 0.0110977 0.0116081 0.0085217 0.00949839 0.00898958 0.00819281 0.0145662 0.00862396 0.0250722 0.00924719 
0.0123369 0.0090717 0.00810773 0.00865396 0.00817849 0.0109752 0.0200681 0.00880625 0.00952099 0.00880006 0.00925686 0.00870467 0.0100646 0.00934614 0.0128519 0.0124709 0.0143557 0.00866011 0.0109903 0.00854933 0.00981259 0.00904922 0.0142174 0.0117481 0.00852381 0.00986344 0.00834462 0.00899649 0.0102545 0.00876443 0.0134258 0.00853057 0.0124421 0.00835595 0.0109626 0.00999937 0.0181219 0.0154711 0.0195872 0.00778909 0.00374395 0.00398557 0.00379594 0 0.981119 0.00479885 0.00568083 0.00434613 0.00712298 0.00518385 0.0110985 0.0102779 0.00866938 0.0111359 0.00894885 0.0108582 0.00926696 0.0108383 0.00852639 0.0136087 0.00999625 0.0241628 0.00917993 0.0100074 0.00844963 0.00954219 0.00853606 0.0103382 0.00881618 0.0105077 0.00910178 0.0109225 0.0132632 0.0089819 0.00847081 0.0084901 0.0104256 0.0105211 0.0102243 0.00850956 0.0122853 
0.00909428 0.00901349 0.00819517 0.00851041 0.00831661 0.0220196 0.010601 0.00875349 0.00989207 0.00946383 0.0100037 0.00992779 0.0123902 0.0126476 0.0116163 0.0103281 0.0177563 0.00878593 0.0111272 0.00855665 0.0375568 0.0119024 0.0102737 0.00974426 0.00855448 0.0101111 0.00855534 0.00970487 0.00960664 0.00920176 0.0131886 0.00885225 0.0149817 0.00859936 0.0122228 0.0127858 0.0123887 0.0131404 0.0226797 0.00906658 0.0045496 0.00658333 0.00451789 0.981119 0 0.00377001 0.00379205 0.00371959 0.004322 0.00430083 0.00715662 0.00746054 0.00707273 0.01012 0.0104196 0.0233751 0.00888938 0.0118718 0.00818837 0.0163291 0.014873 0.0259524 0.00964674 0.01142 0.00853369 0.00929917 0.00859466 0.0101856 0.00867143 0.0128257 0.0096783 0.0136971 0.0104911 0.00896682 0.00854336 0.00880785 0.017404 0.00934035 0.0100167 0.00908964 0.029947 
0.00952706 0.00852048 0.0114592 0.0083281 0.0169194 0.00814286 0.00875129 0.0157346 0.00989452 0.0239952 0.0120076 0.0249937 0.00938727 0.0137948 0.0108486 0.0236346 0.00870466 0.0454851 0.00854828 0.0519357 0.00857408 0.0123732 0.00908172 0.00854517 0.0188698 0.00841664 0.0165814 0.00876302 0.0100056 0.0204119 0.00870284 0.0821379 0.0084313 0.0361082 0.00864436 0.0106892 0.00925834 0.00914141 0.0124993 0.00586384 0.0171069 0.00554181 0.967472 0.00479885 0.00377001 0 0.00373734 0.00386977 0.00374746 0.00428652 0.00674298 0.00655391 0.0119212 0.0121618 0.0398349 0.00780216 0.0140904 0.00812298 0.0173033 0.00840765 0.03016 0.00834365 0.0367919 0.00825372 0.0135797 0.00829589 0.0140985 0.00840407 0.0234006 0.00866229 0.0148928 0.0114924 0.0106645 0.00848723 0.00988309 0.00894121 0.00841535 0.011417 0.00862484 0.0396227 0.00952439 
