1B3DB
FRTFPGIPKWRKTHLTYRIVNYTPDLPKDAVDSAVEKALKVWEEVTPLTFSRLYEGEADIMISFAVREHGDFYPFDGPGNVLAHAYAPGPGINGDAHFDDDEQWTKDTTGTNLFLVAAHEIGHSLGLFHSANTEALMYPLYHSLTDLTRFRLSQDDINGIQSLYGPPPDSPET
CEECCCCCCCCCCEEEEEECCCCCCCCHHHHHHHHHHHHHHHHCCCCCEEEECCCCCCCEEEEEECCCCCCCCCCCCCCCCCEEECCCCCCCCCCEEEECCCCEECCCCCEEHHHHHHHHHHHHHCEECCCCCCCCCCCCCCCCCCCCCCCCCHHHHHHHCCCCCCCCCCCEC
0 0 0 0 0 0 0 0 0 0 0 0 0 0 0 0 0 0 0 0 0 0 0 0 0 0 0 0 0 0 0 0 0 0 0 0 0 0 0 0 0 0 0 0 0 0 0 0 0 0 0 0 0 0 0 0 0 0 0 0 0 0 0 0 0 0 0 0 0 0 0 0 0 0 0 0 0 0 0 0 0 0 0 0 0 0 0 0 0 0 0 0 0 0 0 0 0 0 0 0 0 0 0 0 0 0 0 0 0 0 0 0 0 0 0 0 0 0 0 0 0 0 0 0 0 0 0 0 0 0 0 0 0 0 0 0 0 0 0 0 0 0 0 0 0 0 0 0 0 0 0 0 0 0 0 0 0 0 0 0 0 0 0 0 0 0 0 0 0 0 0 0 0 
0 0 0 0 0 0 0 0 0 0 0 0 0 0 0 0 0 0 0 0 0 0 0 0 0 0 0 0 0 0 0 0 0 0 0 0 0 0 0 0 0 0 0 0 0 0 0 0 0 0 0 0 0 0 0 0 0 0 0 0 0 0 0 0 0 0 0 0 0 0 0 0 0 0 0 0 0 0 0 0 0 0 0 0 0 0 0 0 0 0 0 0 0 0 0 0 0 0 0 0 0 0 0 0 0 0 0 0 0 0 0 0 0 0 0 0 0 0 0 0 0 0 0 0 0 0 0 0 0 0 0 0 0 0 0 0 0 0 0 0 0 0 0 0 0 0 0 0 0 0 0 0 0 0 0 0 0 0 0 0 0 0 0 0 0 0 0 0 0 0 0 0 0 
0 0.00876812 0.0253455 0.0544858 0.0349631 0.0161307 0.0213034 0.048657 0.0121529 0.0120695 0.0104385 0.0113687 0.0162338 0.0136748 0.0112571 0.00979514 0.0115117 0.0117153 0.00965897 0.0105916 0.0096515 0.00909536 0.0086504 0.00900369 0.00865781 0.00832578 0.00958423 0.00829636 0.0083046 0.00833893 0.00810396 0.00832123 
0.00876812 0 0.0659498 0.0142504 0.0113301 0.00828127 0.0270461 0.0103844 0.0222632 0.00996982 0.0109019 0.00974558 0.0152611 0.0103299 0.00920866 0.00885894 0.00943231 0.00939823 0.0128452 0.00855314 0.00887688 0.00973947 0.00820494 0.00841687 0.00853358 0.00904937 0.00819251 0.00953004 0.00818816 0.00880442 0.00817756 0.00946994 
0.0253455 0.0659498 0 0.00450618 0.00376808 0.00370713 0.0039842 0.00448029 0.301829 0.00901509 0.0305209 0.0122765 0.0183144 0.018606 0.00944534 0.0127791 0.00965377 0.019875 0.01085 0.00984715 0.010067 0.00934731 0.00937059 0.00853403 0.0102049 0.00846465 0.00934796 0.00896197 0.00955014 0.00813664 0.00817693 0.00897897 
0.0544858 0.0142504 0.00450618 0 0.00376483 0.00377084 0.00395689 0.00403921 0.00994134 0.34047 0.00960892 0.0176606 0.0220014 0.0149133 0.0439829 0.0100526 0.0446755 0.00973113 0.0096032 0.0102822 0.0100633 0.00953254 0.00893671 0.0163557 0.00852218 0.00838544 0.00843706 0.00821322 0.00825565 0.00819757 0.00824215 0.00859391 
0.0349631 0.0113301 0.00376808 0.00376483 0 0.00370252 0.0037749 0.00372081 0.0740506 0.014338 0.142871 0.00925483 0.011644 0.0463363 0.0134859 0.124577 0.0113419 0.0118349 0.00987483 0.0112699 0.00983625 0.00873662 0.0180727 0.00926152 0.0101353 0.00823523 0.00822344 0.0081031 0.00828762 0.00822881 0.00805797 0.00812237 
0.0161307 0.00828127 0.00370713 0.00377084 0.00370252 0 0.00371783 0.00394838 0.0146123 0.127842 0.0106958 0.0330842 0.043398 0.0165775 0.246272 0.0186388 0.0268172 0.0103828 0.0124924 0.0106597 0.0145637 0.0121191 0.0107848 0.0233352 0.00895172 0.00858481 0.00841647 0.00838535 0.00837773 0.00841106 0.00833701 0.00864414 
0.0213034 0.0270461 0.0039842 0.00395689 0.0037749 0.00371783 0 0.00378257 0.058829 0.0142076 0.113021 0.0100003 0.0132647 0.156917 0.0138484 0.0412336 0.0187875 0.0112936 0.0108525 0.0270371 0.00971617 0.0098646 0.0264472 0.0102453 0.0104648 0.00845969 0.00861598 0.00856908 0.00878397 0.00850327 0.00841351 0.00828465 
0.048657 0.0103844 0.00448029 0.00403921 0.00372081 0.00394838 0.00378257 0 0.013639 0.0534872 0.0121448 0.0599905 0.0651185 0.0115067 0.0378485 0.00983803 0.0142561 0.0130064 0.0246587 0.00930823 0.0143462 0.0183348 0.00895425 0.0115412 0.00900071 0.0100516 0.00855278 0.010025 0.00826481 0.0103785 0.00839406 0.00995077 
0.0121529 0.0222632 0.301829 0.00994134 0.0740506 0.0146123 0.058829 0.013639 0 0.00389675 0.00400568 0.00458186 0.00673738 0.010189 0.00782993 0.0181188 0.0173863 0.0439689 0.0179819 0.0129219 0.0159309 0.0107609 0.0119153 0.00909307 0.0183477 0.0090028 0.0117502 0.0114539 0.0146519 0.00826151 0.00982468 0.0094414 
0.0120695 0.00996982 0.00901509 0.34047 0.014338 0.127842 0.0142076 0.0534872 0.00389675 0 0.0039001 0.00385868 0.00750943 0.00822655 0.0443601 0.00883043 0.0379714 0.0122624 0.0129102 0.0146507 0.01339 0.0131912 0.00974941 0.026369 0.0088988 0.0094719 0.00940061 0.00942963 0.00905154 0.00887792 0.00849524 0.00878768 
0.0104385 0.0109019 0.0305209 0.00960892 0.142871 0.0106958 0.113021 0.0121448 0.00400568 0.0039001 0 0.00378674 0.00746259 0.0248054 0.00965158 0.0158133 0.00871261 0.00789746 0.014175 0.0195894 0.00985696 0.0106397 0.0198471 0.00923242 0.00979729 0.00877292 0.00890158 0.00900653 0.00941171 0.00840165 0.00868042 0.00824687 
0.0113687 0.00974558 0.0122765 0.0176606 0.00925483 0.0330842 0.0100003 0.0599905 0.00458186 0.00385868 0.00378674 0 0.0171875 0.0114758 0.0202469 0.00799132 0.00823588 0.00978318 0.0199148 0.00927852 0.0116977 0.0170527 0.00921386 0.00966333 0.0101244 0.0109168 0.00908343 0.0104496 0.00863715 0.0118152 0.00851997 0.0119684 
0.0162338 0.0152611 0.0183144 0.0220014 0.011644 0.043398 0.0132647 0.0651185 0.00673738 0.00750943 0.00746259 0.0171875 0 0.00376873 0.00377099 0.00377339 0.00382799 0.00463099 0.0964482 0.0152501 0.0462528 0.0365762 0.0134409 0.0169594 0.0132573 0.0110049 0.0139827 0.0124022 0.014645 0.00960894 0.0104258 0.011469 
0.0136748 0.0103299 0.018606 0.0149133 0.0463363 0.0165775 0.156917 0.0115067 0.010189 0.00822655 0.0248054 0.0114758 0.00376873 0 0.00374638 0.0037749 0.0038308 0.00391046 0.0555712 0.11019 0.0150321 0.0195951 0.101572 0.0132486 0.0168818 0.00996751 0.0101441 0.0104772 0.0116664 0.00918157 0.00911938 0.00857571 
0.0112571 0.00920866 0.00944534 0.0439829 0.0134859 0.246272 0.0138484 0.0378485 0.00782993 0.0443601 0.00965158 0.0202469 0.00377099 0.00374638 0 0.00375904 0.00377409 0.00374892 0.0463265 0.0222582 0.0441743 0.0394796 0.0131736 0.0812251 0.0101193 0.0101971 0.00899362 0.00970896 0.00947431 0.00985052 0.00881435 0.00853981 
0.00979514 0.00885894 0.0127791 0.0100526 0.124577 0.0186388 0.0412336 0.00983803 0.0181188 0.00883043 0.0158133 0.00799132 0.00377339 0.0037749 0.00375904 0 0.0037274 0.00374592 0.0287258 0.0472408 0.0210414 0.0108937 0.192835 0.0126775 0.0142094 0.00896095 0.00951841 0.00881549 0.00973331 0.008697 0.0087789 0.00832491 
0.0115117 0.00943231 0.00965377 0.0446755 0.0113419 0.0268172 0.0187875 0.0142561 0.0173863 0.0379714 0.00871261 0.00823588 0.00382799 0.0038308 0.00377409 0.0037274 0 0.00382292 0.0378841 0.12746 0.0393558 0.0204719 0.0154986 0.176764 0.0132795 0.0117871 0.0103133 0.0110871 0.0108883 0.0105547 0.0100843 0.00877079 
0.0117153 0.00939823 0.019875 0.00973113 0.0118349 0.0103828 0.0112936 0.0130064 0.0439689 0.0122624 0.00789746 0.00978318 0.00463099 0.00391046 0.00374892 0.00374592 0.00382292 0 0.0283717 0.020917 0.114812 0.0170475 0.0120873 0.0116396 0.134518 0.0123766 0.0109198 0.012424 0.0102066 0.0144403 0.00931217 0.0114751 
0.00965897 0.0128452 0.01085 0.0096032 0.00987483 0.0124924 0.0108525 0.0246587 0.0179819 0.0129102 0.014175 0.0199148 0.0964482 0.0555712 0.0463265 0.0287258 0.0378841 0.0283717 0 0.00378214 0.00377899 0.0188589 0.0130311 0.495631 0.0290656 0.010176 0.0199015 0.0148244 0.0211163 0.00955267 0.0141067 0.0114446 
0.0105916 0.00855314 0.00984715 0.0102822 0.0112699 0.0106597 0.0270371 0.00930823 0.0129219 0.0146507 0.0195894 0.00927852 0.0152501 0.11019 0.0222582 0.0472408 0.12746 0.020917 0.00378214 0 0.00373622 0.0128222 0.701926 0.0271753 0.00955708 0.0195642 0.0137411 0.0154734 0.0163466 0.0140053 0.0122928 0.00913954 
0.0096515 0.00887688 0.010067 0.0100633 0.00983625 0.0145637 0.00971617 0.0143462 0.0159309 0.01339 0.00985696 0.0116977 0.0462528 0.0150321 0.0441743 0.0210414 0.0393558 0.114812 0.00377899 0.00373622 0 0.676839 0.00898981 0.0278492 0.0329633 0.0118849 0.0139813 0.0140441 0.0110936 0.0150423 0.0116841 0.0128912 
0.00909536 0.00973947 0.00934731 0.00953254 0.00873662 0.0121191 0.0098646 0.0183348 0.0107609 0.0131912 0.0106397 0.0170527 0.0365762 0.0195951 0.0394796 0.0108937 0.0204719 0.0170475 0.0188589 0.0128222 0.676839 0 0.00380806 0.00381859 0.00400793 0.00444602 0.0085015 0.00990586 0.0116668 0.0103938 0.0127343 0.0120003 
0.0086504 0.00820494 0.00937059 0.00893671 0.0180727 0.0107848 0.0264472 0.00895425 0.0119153 0.00974941 0.0198471 0.00921386 0.0134409 0.101572 0.0131736 0.192835 0.0154986 0.0120873 0.0130311 0.701926 0.00898981 0.00380806 0 0.00370308 0.00371298 0.00456622 0.0069103 0.0125744 0.00824416 0.00986347 0.0118997 0.00884662 
0.00900369 0.00841687 0.00853403 0.0163557 0.00926152 0.0233352 0.0102453 0.0115412 0.00909307 0.026369 0.00923242 0.00966333 0.0169594 0.0132486 0.0812251 0.0126775 0.176764 0.0116396 0.495631 0.0271753 0.0278492 0.00381859 0.00370308 0 0.00375765 0.00700475 0.0179154 0.0100129 0.00833658 0.0164443 0.0175179 0.0100263 
0.00865781 0.00853358 0.0102049 0.00852218 0.0101353 0.00895172 0.0104648 0.00900071 0.0183477 0.0088988 0.00979729 0.0101244 0.0132573 0.0168818 0.0101193 0.0142094 0.0132795 0.134518 0.0290656 0.00955708 0.0329633 0.00400793 0.00371298 0.00375765 0 0.0227468 0.00669917 0.00846525 0.00970508 0.0136999 0.0182454 0.0119054 
0.00832578 0.00904937 0.00846465 0.00838544 0.00823523 0.00858481 0.00845969 0.0100516 0.0090028 0.0094719 0.00877292 0.0109168 0.0110049 0.00996751 0.0101971 0.00896095 0.0117871 0.0123766 0.010176 0.0195642 0.0118849 0.00444602 0.00456622 0.00700475 0.0227468 0 0.00400541 0.0762396 0.0825907 0.0117621 0.0193362 0.0116885 
0.00958423 0.00819251 0.00934796 0.00843706 0.00822344 0.00841647 0.00861598 0.00855278 0.0117502 0.00940061 0.00890158 0.00908343 0.0139827 0.0101441 0.00899362 0.00951841 0.0103133 0.0109198 0.0199015 0.0137411 0.0139813 0.0085015 0.0069103 0.0179154 0.00669917 0.00400541 0 0.103752 0.0123498 0.040097 0.0143968 0.0135864 
0.00829636 0.00953004 0.00896197 0.00821322 0.0081031 0.00838535 0.00856908 0.010025 0.0114539 0.00942963 0.00900653 0.0104496 0.0124022 0.0104772 0.00970896 0.00881549 0.0110871 0.012424 0.0148244 0.0154734 0.0140441 0.00990586 0.0125744 0.0100129 0.00846525 0.0762396 0.103752 0 0.0174 0.00878833 0.0449558 0.0209547 
0.0083046 0.00818816 0.00955014 0.00825565 0.00828762 0.00837773 0.00878397 0.00826481 0.0146519 0.00905154 0.00941171 0.00863715 0.014645 0.0116664 0.00947431 0.00973331 0.0108883 0.0102066 0.0211163 0.0163466 0.0110936 0.0116668 0.00824416 0.00833658 0.00970508 0.0825907 0.0123498 0.0174 0 0.0539916 0.0124055 0.0177886 
0.00833893 0.00880442 0.00813664 0.00819757 0.00822881 0.00841106 0.00850327 0.0103785 0.00826151 0.00887792 0.00840165 0.0118152 0.00960894 0.00918157 0.00985052 0.008697 0.0105547 0.0144403 0.00955267 0.0140053 0.0150423 0.0103938 0.00986347 0.0164443 0.0136999 0.0117621 0.040097 0.00878833 0.0539916 0 0.0240315 0.0355254 
0.00810396 0.00817756 0.00817693 0.00824215 0.00805797 0.00833701 0.00841351 0.00839406 0.00982468 0.00849524 0.00868042 0.00851997 0.0104258 0.00911938 0.00881435 0.0087789 0.0100843 0.00931217 0.0141067 0.0122928 0.0116841 0.0127343 0.0118997 0.0175179 0.0182454 0.0193362 0.0143968 0.0449558 0.0124055 0.0240315 0 0.0490294 
0.00832123 0.00946994 0.00897897 0.00859391 0.00812237 0.00864414 0.00828465 0.00995077 0.0094414 0.00878768 0.00824687 0.0119684 0.011469 0.00857571 0.00853981 0.00832491 0.00877079 0.0114751 0.0114446 0.00913954 0.0128912 0.0120003 0.00884662 0.0100263 0.0119054 0.0116885 0.0135864 0.0209547 0.0177886 0.0355254 0.0490294 0 
