1BC7C
MDSAITLWQFLLQLLQKPQNKHMICWTSNDGQFKLLQAEEVARLWGIRKNKPNMNYDKLSRALRYYYVKNIIKKVNGQKFVYKFVSYPEILNM
CCCCCCHHHHHHHHHHCHHHCCCEEECCCCCEEEECCHHHHHHHHHHHHCCCCCCHHHHHHHHHCHHHHCCEEECCCCCCEEEECCCCCCCCC
0 0 0 0 0 0 0 0 0 0 0 0 0 0 0 0 0 0 0 0 0 0 0 0 0 0 0 0 0 0 0 0 0 0 0 0 0 0 0 0 0 0 0 0 0 0 0 0 0 0 0 0 0 0 0 0 0 0 0 0 0 0 0 0 0 0 0 0 0 0 0 0 0 0 0 0 0 0 0 0 0 0 0 0 0 0 0 0 0 0 0 0 0 
0 0 0 0 0 0 0 0 0 0 0 0 0 0 0 0 0 0 0 0 0 0 0 0 0 0 0 0 0 0 0 0 0 0 0 0 0 0 0 0 0 0 0 0 0 0 0 0 0 0 0 0 0 0 0 0 0 0 0 0 0 0 0 0 0 0 0 0 0 0 0 0 0 0 0 0 0 0 0 0 0 0 0 0 0 0 0 0 0 0 0 0 0 
0 0.00371846 0.00438853 0.0043072 0.00730953 0.0387592 0.808859 0.0102701 0.0100785 0.018905 0.0109248 0.0107453 0.0167745 0.0150268 
0.00371846 0 0.0037083 0.0113875 0.0552087 0.799893 0.00593745 0.0107218 0.0248052 0.00902934 0.00929182 0.0152622 0.0170907 0.00912631 
0.00438853 0.0037083 0 0.0590914 0.741485 0.00589938 0.00831896 0.0197982 0.00909129 0.0099343 0.0152616 0.011035 0.00954098 0.00974608 
0.0043072 0.0113875 0.0590914 0 0.00377892 0.00394841 0.00417978 0.0150627 0.0105454 0.0343099 0.0102549 0.00915661 0.0201914 0.0174597 
0.00730953 0.0552087 0.741485 0.00377892 0 0.00400942 0.00415818 0.0181255 0.0217866 0.0126161 0.0104908 0.0167713 0.0112189 0.0150359 
0.0387592 0.799893 0.00589938 0.00394841 0.00400942 0 0.00370853 0.0273785 0.019798 0.0146418 0.0126644 0.0131905 0.0197387 0.0087488 
0.808859 0.00593745 0.00831896 0.00417978 0.00415818 0.00370853 0 0.0322313 0.0103782 0.027189 0.024794 0.0110558 0.00965951 0.0152991 
0.0102701 0.0107218 0.0197982 0.0150627 0.0181255 0.0273785 0.0322313 0 0.00390722 0.00544976 0.00770612 0.0159376 0.0929563 0.79357 
0.0100785 0.0248052 0.00909129 0.0105454 0.0217866 0.019798 0.0103782 0.00390722 0 0.00379856 0.0104088 0.0278551 0.747054 0.00697073 
0.018905 0.00902934 0.0099343 0.0343099 0.0126161 0.0146418 0.027189 0.00544976 0.00379856 0 0.0524655 0.689938 0.00792716 0.00775911 
0.0109248 0.00929182 0.0152616 0.0102549 0.0104908 0.0126644 0.024794 0.00770612 0.0104088 0.0524655 0 0.00374337 0.00379131 0.00558723 
0.0107453 0.0152622 0.011035 0.00915661 0.0167713 0.0131905 0.0110558 0.0159376 0.0278551 0.689938 0.00374337 0 0.0042813 0.00394788 
0.0167745 0.0170907 0.00954098 0.0201914 0.0112189 0.0197387 0.00965951 0.0929563 0.747054 0.00792716 0.00379131 0.0042813 0 0.00401821 
0.0150268 0.00912631 0.00974608 0.0174597 0.0150359 0.0087488 0.0152991 0.79357 0.00697073 0.00775911 0.00558723 0.00394788 0.00401821 0 
