1BDYA
MAPFLRISFNSYELGSLQAEDDASQPFCAVKMKEALTTDRGKTLVQKKPTMYPEWKSTFDAHIYEGRVIQIVLMRAAEDPMSEVTVGVSVLAERCKKNNGKAEFWLDLQPQAKVLMCVQYFLE
CCEEEEEEEEEEECCCCCCCCCCCCCEEEEEEEEECCHHHCCEEEECCCCECCCCCCEEEEECCCCCEEEEEEEEECCEEEEEEEEEHHHHHHHHHCCCCEEEEEEECECCCEEEEEEEEEEC
0 0 0 0 0 0 0 0 0 0 0 0 0 0 0 0 0 0 0 0 0 0 0 0 0 0 0 0 0 0 0 0 0 0 0 0 0 0 0 0 0 0 0 0 0 0 0 0 0 0 0 0 0 0 0 0 0 0 0 0 0 0 0 0 0 0 0 0 0 0 0 0 0 0 0 0 0 0 0 0 0 0 0 0 0 0 0 0 0 0 0 0 0 0 0 0 0 0 0 0 0 0 0 0 0 0 0 0 0 0 0 0 0 0 0 0 0 0 0 0 0 0 0 
0 0 0 0 0 0 0 0 0 0 0 0 0 0 0 0 0 0 0 0 0 0 0 0 0 0 0 0 0 0 0 0 0 0 0 0 0 0 0 0 0 0 0 0 0 0 0 0 0 0 0 0 0 0 0 0 0 0 0 0 0 0 0 0 0 0 0 0 0 0 0 0 0 0 0 0 0 0 0 0 0 0 0 0 0 0 0 0 0 0 0 0 0 0 0 0 0 0 0 0 0 0 0 0 0 0 0 0 0 0 0 0 0 0 0 0 0 0 0 0 0 0 0 
0 0.00375104 0.00374698 0.00379679 0.0037368 0.00401903 0.00378472 0.00389706 0.00450122 0.00504251 0.0096921 0.0148253 0.010639 0.0101238 0.00905097 0.0106719 0.00989077 0.00940716 0.0199046 0.0140565 0.0280716 0.00888581 0.00943186 0.0113848 0.00972555 0.0164806 0.00894701 0.00896987 0.00871497 0.011061 0.0158852 0.0104799 0.00974945 0.00983762 0.00934666 0.00871045 0.00874087 0.00856911 0.00896712 0.008094 0.00803873 0.00832185 0.00820417 0.00836942 0.00832647 0.00875006 0.00902087 0.0100647 0.0104353 0.00806037 0.00828583 0.00821405 0.00825585 0.00838262 0.00816707 0.00850006 0.00914589 0.00817843 0.00830018 0.00858779 0.00829727 0.00817545 0.00802025 0.00820058 0.00812661 0.0081418 
0.00375104 0 0.00371326 0.00372913 0.00372468 0.00374303 0.00376561 0.00380593 0.004103 0.0080222 0.00565048 0.0106831 0.0187095 0.0127576 0.0225648 0.0114484 0.0112413 0.0154908 0.0300222 0.0174439 0.0101573 0.0156822 0.0124308 0.012385 0.00904879 0.00939122 0.0108645 0.00978358 0.011457 0.0217476 0.0107 0.0186158 0.0189845 0.017364 0.0230281 0.0133469 0.0101644 0.0122253 0.00920325 0.0080079 0.00889919 0.00871391 0.00894895 0.00955674 0.00944689 0.0155096 0.0104704 0.0132986 0.00800341 0.00848265 0.00863906 0.00901537 0.00938906 0.00879314 0.00849483 0.00798719 0.00829773 0.00883855 0.00995453 0.00927446 0.00921531 0.00859035 0.0084175 0.00815593 0.00876382 0.00842347 
0.00374698 0.00371326 0 0.00376726 0.00379138 0.00371208 0.00378532 0.0037717 0.00418943 0.00424183 0.0044111 0.00878684 0.0158493 0.0138989 0.0248115 0.010224 0.029234 0.0113342 0.0456922 0.0100993 0.00910073 0.0155626 0.00970845 0.00948897 0.00931233 0.00860536 0.0164855 0.00885293 0.0396769 0.00861827 0.0109184 0.0283005 0.0191954 0.0718384 0.0249436 0.0308312 0.0204932 0.00874481 0.00925283 0.00816527 0.00851343 0.0107575 0.0120837 0.0100755 0.0297759 0.0103972 0.0218152 0.00949356 0.00794432 0.010485 0.00835996 0.02152 0.00849036 0.0151004 0.00807798 0.00789204 0.00806358 0.0126017 0.0117813 0.0176942 0.0112649 0.0134141 0.0083897 0.0102758 0.00828651 0.00902013 
0.00379679 0.00372913 0.00376726 0 0.00370741 0.00377807 0.00373546 0.0039603 0.00431289 0.00389704 0.00455805 0.0132114 0.0101207 0.0244937 0.0106072 0.0645098 0.00927134 0.0870105 0.0111446 0.0148285 0.0170773 0.00917961 0.0129125 0.00923901 0.00853943 0.0136506 0.00864745 0.120425 0.0087016 0.0176103 0.0102694 0.0134991 0.118028 0.0198204 0.0796795 0.0379579 0.0127725 0.0127441 0.00843704 0.00819065 0.00960467 0.009766 0.0112019 0.0389781 0.00979359 0.0809444 0.00983931 0.0116856 0.00999748 0.0082499 0.0330205 0.00879858 0.0262007 0.00856343 0.0121952 0.00833365 0.0108548 0.0089458 0.0216167 0.0180626 0.0176729 0.00913524 0.0131326 0.00937908 0.00932927 0.00829223 
0.0037368 0.00372468 0.00379138 0.00370741 0 0.00370699 0.00409793 0.00375922 0.00384895 0.00422697 0.00394465 0.00901322 0.0218411 0.0103678 0.0602872 0.00929787 0.133214 0.0254595 0.025048 0.00991288 0.00908287 0.0283246 0.00944032 0.00921947 0.00974265 0.00859906 0.0736961 0.00878154 0.052758 0.0086962 0.0122663 0.0527736 0.0153739 0.14257 0.0240267 0.0324979 0.0298852 0.00886944 0.00961491 0.00834328 0.00874615 0.0129186 0.0159631 0.00977198 0.0932823 0.00993119 0.0262962 0.00934082 0.0080105 0.0220778 0.00853894 0.0516947 0.00859243 0.023991 0.00827993 0.00791268 0.00829758 0.0188505 0.0135601 0.02362 0.0103099 0.0205602 0.00896366 0.0102977 0.00833195 0.00925566 
0.00401903 0.00374303 0.00371208 0.00377807 0.00370699 0 0.00370723 0.00372234 0.00371237 0.00369342 0.00392528 0.0123898 0.00946352 0.0313912 0.00938768 0.146135 0.0137456 0.0369286 0.00903838 0.00983269 0.0180497 0.00890785 0.0117064 0.00920685 0.00884438 0.0177184 0.00859951 0.0701572 0.00861156 0.0179771 0.0112913 0.0124223 0.0927394 0.0152116 0.0708746 0.0268527 0.0104366 0.0107501 0.00836251 0.00818441 0.00896037 0.00966008 0.00990958 0.0349233 0.00892231 0.0529727 0.0093364 0.0107835 0.0106381 0.00817824 0.0267534 0.00853388 0.0218924 0.00831016 0.0106925 0.00844579 0.0106432 0.00875194 0.0194093 0.0127865 0.0173607 0.00890288 0.0112779 0.00854773 0.00914209 0.00828067 
0.00378472 0.00376561 0.00378532 0.00373546 0.00409793 0.00370723 0 0.00371587 0.00371591 0.00387869 0.00374473 0.00839348 0.019232 0.00979566 0.109473 0.0110947 0.0550924 0.00876825 0.0107221 0.00896209 0.00880263 0.0141641 0.00903358 0.00917253 0.00926656 0.00849673 0.0177187 0.00858037 0.0218288 0.00852225 0.00977833 0.0204555 0.0138109 0.0543182 0.023482 0.0211029 0.0152294 0.00872374 0.00896889 0.00809823 0.00852483 0.00998661 0.0129869 0.00915837 0.0276665 0.00979747 0.0152532 0.0090468 0.00799445 0.0137477 0.00835535 0.0192399 0.0083784 0.0131654 0.0081177 0.0079018 0.0081038 0.0108761 0.0105241 0.0179988 0.00936565 0.0130428 0.00840712 0.00900768 0.00811952 0.00927417 
0.00389706 0.00380593 0.0037717 0.0039603 0.00375922 0.00372234 0.00371587 0 0.00381312 0.00377188 0.00372478 0.00825175 0.00828525 0.0476338 0.010615 0.0405432 0.00845848 0.00917339 0.00899563 0.00859065 0.0100033 0.0086274 0.00886414 0.0085047 0.00827612 0.00931594 0.00841407 0.0135791 0.00861306 0.00924709 0.00894063 0.010446 0.0194603 0.011715 0.0161642 0.0125386 0.00993598 0.0085606 0.00817224 0.00794224 0.00831203 0.00883073 0.00860117 0.0114788 0.00872347 0.0134935 0.00861678 0.00893538 0.00822895 0.00814567 0.00997985 0.00839122 0.00983967 0.00824788 0.0082365 0.00793015 0.00830761 0.00838045 0.0107884 0.00972872 0.00963704 0.00845646 0.00863454 0.00826014 0.00817963 0.00810984 
0.00450122 0.004103 0.00418943 0.00431289 0.00384895 0.00371237 0.00371591 0.00381312 0 0.00393323 0.00379044 0.00671487 0.012309 0.0250316 0.0221028 0.00899413 0.0103994 0.00809409 0.00805273 0.00826381 0.00876234 0.00897352 0.00855182 0.00846569 0.00837999 0.00884689 0.00882354 0.00887013 0.00872678 0.00854934 0.00879296 0.00964873 0.0119951 0.0113699 0.0108556 0.010304 0.00881124 0.00834518 0.00812465 0.00798398 0.00870804 0.00848771 0.00871786 0.00867408 0.00890815 0.00888946 0.00847894 0.00869518 0.00797779 0.00833877 0.00839828 0.00865394 0.0082794 0.00822371 0.00808377 0.00790713 0.0080577 0.00841051 0.0088668 0.00899694 0.00843029 0.0083241 0.00814532 0.00806982 0.00799052 0.00804278 
0.00504251 0.0080222 0.00424183 0.00389704 0.00422697 0.00369342 0.00387869 0.00377188 0.00393323 0 0.00381439 0.0175922 0.0276523 0.0374441 0.0117018 0.00871569 0.00891617 0.00819285 0.00907649 0.00824617 0.00931192 0.010079 0.00907232 0.00866703 0.0093267 0.00904385 0.0120233 0.00843125 0.010635 0.00853279 0.00891418 0.0115776 0.0089593 0.0111756 0.00906146 0.00937287 0.00862398 0.00852556 0.00828381 0.0081494 0.00822098 0.00841085 0.00829393 0.00843219 0.00867726 0.00825154 0.00923464 0.00827443 0.00805031 0.00945599 0.00802659 0.00853652 0.00811724 0.00868144 0.00793673 0.00793726 0.00808161 0.00851624 0.00840883 0.00843911 0.00821433 0.00844527 0.0081048 0.00814256 0.00831419 0.00819297 
0.0096921 0.00565048 0.0044111 0.00455805 0.00394465 0.00392528 0.00374473 0.00372478 0.00379044 0.00381439 0 0.0374683 0.0118616 0.00928208 0.00753034 0.00825342 0.00704123 0.007858 0.0084181 0.0101457 0.0135254 0.00865366 0.00861049 0.00937801 0.00984523 0.0136102 0.00839776 0.00975044 0.00842365 0.0110284 0.0126801 0.00885286 0.00979213 0.00907469 0.00934616 0.00885687 0.00840569 0.00835523 0.00844154 0.00854595 0.00809973 0.00822822 0.00826831 0.00905348 0.00823635 0.00907929 0.00837254 0.00973814 0.00955825 0.00803514 0.00826964 0.00811889 0.00824026 0.00814537 0.00827869 0.00867199 0.0095299 0.00803381 0.00813334 0.00838369 0.00821006 0.0080694 0.00804363 0.00802432 0.00809318 0.00802712 
0.0148253 0.0106831 0.00878684 0.0132114 0.00901322 0.0123898 0.00839348 0.00825175 0.00671487 0.0175922 0.0374683 0 0.00373993 0.00373864 0.00373269 0.00377452 0.00373633 0.00398786 0.0039056 0.00543967 0.0163594 0.00768725 0.00872006 0.0181459 0.0119533 0.0175655 0.00873547 0.0110249 0.00885592 0.0374088 0.0164436 0.0130327 0.0153821 0.0109809 0.0118883 0.010644 0.00988387 0.0112606 0.014434 0.00874292 0.00884727 0.00891323 0.00885287 0.00980382 0.00885664 0.0106474 0.0107977 0.0218279 0.0100208 0.0083091 0.00985108 0.00832101 0.00927264 0.00839644 0.0108447 0.00972184 0.0109287 0.0088403 0.00890254 0.00922714 0.00978618 0.00837885 0.00829236 0.00812082 0.00838193 0.00953287 
0.010639 0.0187095 0.0158493 0.0101207 0.0218411 0.00946352 0.019232 0.00828525 0.012309 0.0276523 0.0118616 0.00373993 0 0.00370996 0.00371459 0.00372852 0.00369604 0.00400193 0.00433245 0.00447797 0.00881284 0.018323 0.0111763 0.0106464 0.0100556 0.00958133 0.0197511 0.00876589 0.0368443 0.00916642 0.0163742 0.0364943 0.0172162 0.0331415 0.020988 0.0287585 0.0143985 0.0125691 0.00968469 0.00863448 0.0095455 0.00963747 0.0104991 0.0104346 0.0173008 0.0104523 0.030031 0.0107888 0.00843398 0.0112903 0.008618 0.0145006 0.00857812 0.0131105 0.00842945 0.00813157 0.00886224 0.0175976 0.0122237 0.0162897 0.0103276 0.0107846 0.0087722 0.0090169 0.00910323 0.00885716 
0.0101238 0.0127576 0.0138989 0.0244937 0.0103678 0.0313912 0.00979566 0.0476338 0.0250316 0.0374441 0.00928208 0.00373864 0.00370996 0 0.00373118 0.0037192 0.00370875 0.00377533 0.00381534 0.00412478 0.0103417 0.00914452 0.0125642 0.00910064 0.00854666 0.0131094 0.00926271 0.0455104 0.00908746 0.0130037 0.0137237 0.017796 0.0647655 0.0292852 0.095336 0.0323095 0.0163926 0.011615 0.00878339 0.00866531 0.0101766 0.0107534 0.0136474 0.0242549 0.0116375 0.055556 0.0108326 0.0132246 0.0091141 0.00889816 0.0202441 0.0100865 0.0251495 0.00909669 0.0111944 0.00802662 0.0104006 0.0103591 0.0277693 0.0224488 0.019373 0.0112381 0.0145929 0.0111947 0.00884661 0.00895726 
0.00905097 0.0225648 0.0248115 0.0106072 0.0602872 0.00938768 0.109473 0.010615 0.0221028 0.0117018 0.00753034 0.00373269 0.00371459 0.00373118 0 0.00370507 0.00376051 0.00371219 0.00533835 0.00387607 0.00697016 0.0113093 0.00814033 0.00931902 0.00873213 0.008574 0.0430264 0.00856498 0.0311285 0.00889983 0.0122599 0.0452253 0.0268038 0.166151 0.0345112 0.0457429 0.025775 0.00936961 0.00931698 0.0085598 0.00955912 0.0132659 0.0155163 0.011019 0.0781309 0.0112619 0.0293035 0.0105524 0.00814982 0.0162493 0.00870389 0.0437471 0.00918123 0.0204727 0.00848322 0.00798085 0.0084551 0.0190389 0.0169493 0.0324982 0.0146358 0.0199561 0.010198 0.0119859 0.00851556 0.0106489 
0.0106719 0.0114484 0.010224 0.0645098 0.00929787 0.146135 0.0110947 0.0405432 0.00899413 0.00871569 0.00825342 0.00377452 0.00372852 0.0037192 0.00370507 0 0.00369552 0.00372677 0.00371028 0.00375874 0.016075 0.00653209 0.0114764 0.0188157 0.00797977 0.0224662 0.00825921 0.0374814 0.00829809 0.0137677 0.0115674 0.0126914 0.159874 0.0177908 0.103016 0.0365457 0.0118871 0.0123775 0.00861837 0.0083957 0.00925351 0.0104779 0.0110778 0.0559016 0.010098 0.0737736 0.0100115 0.0125891 0.010097 0.00836606 0.0381106 0.00896859 0.0417468 0.00860995 0.0135129 0.00810429 0.0110823 0.00953599 0.0322024 0.0239346 0.0240281 0.0108252 0.0180578 0.00920375 0.00897792 0.00843489 
0.00989077 0.0112413 0.029234 0.00927134 0.133214 0.0137456 0.0550924 0.00845848 0.0103994 0.00891617 0.00704123 0.00373633 0.00369604 0.00370875 0.00376051 0.00369552 0 0.00369357 0.00370843 0.00375824 0.00641061 0.0123686 0.0165844 0.0276772 0.00863816 0.00869764 0.0194754 0.00832809 0.0216011 0.00892544 0.011557 0.0546068 0.0171777 0.109802 0.0248608 0.0285905 0.0228713 0.00923902 0.0091716 0.00859501 0.00901124 0.0125482 0.0225993 0.00975901 0.0503972 0.00986441 0.020544 0.0108374 0.00815989 0.0176655 0.008565 0.0388551 0.00875149 0.0155433 0.00840668 0.0079789 0.00833032 0.0177548 0.0150667 0.0256163 0.0119486 0.016838 0.00881274 0.0105551 0.00837426 0.00889994 
0.00940716 0.0154908 0.0113342 0.0870105 0.0254595 0.0369286 0.00876825 0.00917339 0.00809409 0.00819285 0.007858 0.00398786 0.00400193 0.00377533 0.00371219 0.00372677 0.00369357 0 0.00371336 0.00376999 0.0110837 0.0100685 0.0433133 0.188854 0.00718084 0.0134109 0.00844616 0.0180396 0.00857462 0.0108295 0.0371998 0.0120617 0.0443988 0.0172966 0.0351904 0.0213781 0.0120389 0.00983614 0.00872736 0.00828555 0.00908136 0.0126912 0.0102624 0.0227194 0.00946183 0.0208041 0.00989869 0.0107681 0.00968623 0.00845008 0.0177187 0.00878452 0.013267 0.00863297 0.00934337 0.00796784 0.00925278 0.00915868 0.0195863 0.0160917 0.014374 0.0095828 0.0105357 0.00872475 0.00838965 0.0100908 
0.0199046 0.0300222 0.0456922 0.0111446 0.025048 0.00903838 0.0107221 0.00899563 0.00805273 0.00907649 0.0084181 0.0039056 0.00433245 0.00381534 0.00533835 0.00371028 0.00370843 0.00371336 0 0.00387647 0.0183872 0.0639096 0.171109 0.00685188 0.00814716 0.00936574 0.0196696 0.00852309 0.0135807 0.00893933 0.0128158 0.0221908 0.0136151 0.0195057 0.0156293 0.0190226 0.0116389 0.00975504 0.00864033 0.00859296 0.0126201 0.0092839 0.0138689 0.0102071 0.0119657 0.00984278 0.0146725 0.0101441 0.00862611 0.016639 0.00865574 0.0101785 0.00869926 0.00961922 0.00830522 0.00814925 0.00930667 0.0128677 0.0110819 0.0127473 0.0108959 0.0108616 0.00843435 0.00870691 0.00854141 0.00866879 
0.0140565 0.0174439 0.0100993 0.0148285 0.00991288 0.00983269 0.00896209 0.00859065 0.00826381 0.00824617 0.0101457 0.00543967 0.00447797 0.00412478 0.00387607 0.00375874 0.00375824 0.00376999 0.00387647 0 0.05091 0.125469 0.00735492 0.00996959 0.00952258 0.0210081 0.0102343 0.00945551 0.00865237 0.0122686 0.0234608 0.0101329 0.0108958 0.0105658 0.0102922 0.00990548 0.00956036 0.0088802 0.00917965 0.0106444 0.00857638 0.0092133 0.00897343 0.00924658 0.00899838 0.00947615 0.00981932 0.0127752 0.014126 0.00877426 0.00862087 0.00857485 0.00853948 0.00848028 0.00845771 0.00882023 0.0116848 0.00917132 0.00936525 0.00979533 0.00893589 0.0085968 0.00828292 0.00837766 0.00855933 0.00873365 
0.0280716 0.0101573 0.00910073 0.0170773 0.00908287 0.0180497 0.00880263 0.0100033 0.00876234 0.00931192 0.0135254 0.0163594 0.00881284 0.0103417 0.00697016 0.016075 0.00641061 0.0110837 0.0183872 0.05091 0 0.00407659 0.00410854 0.00557359 0.00706466 0.0311918 0.0084357 0.0214304 0.00879076 0.121672 0.0223697 0.0117543 0.0181832 0.0115411 0.0188892 0.0113517 0.00967068 0.0131535 0.0149953 0.0103531 0.00962935 0.00889203 0.00912252 0.013625 0.00916634 0.0176393 0.0104864 0.0266787 0.0183649 0.00889525 0.0121909 0.00851551 0.010522 0.008833 0.0138881 0.012552 0.0195511 0.00898148 0.00945338 0.0100307 0.00961593 0.00838955 0.00872959 0.00841065 0.0101561 0.0101406 
0.00888581 0.0156822 0.0155626 0.00917961 0.0283246 0.00890785 0.0141641 0.0086274 0.00897352 0.010079 0.00865366 0.00768725 0.018323 0.00914452 0.0113093 0.00653209 0.0123686 0.0100685 0.0639096 0.125469 0.00407659 0 0.00659438 0.00379066 0.0047335 0.00770938 0.0336879 0.00769071 0.0781852 0.00849941 0.0114884 0.0310553 0.0121918 0.0267439 0.0121484 0.011792 0.0111603 0.00947974 0.0107301 0.00877373 0.00900255 0.00957073 0.0103083 0.00907276 0.0194501 0.00938039 0.0163316 0.00993507 0.00829588 0.0137409 0.00863414 0.0132246 0.00890213 0.0114458 0.00845859 0.0081742 0.00843825 0.0167335 0.0110136 0.0109542 0.00920769 0.0114055 0.00847807 0.00881273 0.00879717 0.00925701 
0.00943186 0.0124308 0.00970845 0.0129125 0.00944032 0.0117064 0.00903358 0.00886414 0.00855182 0.00907232 0.00861049 0.00872006 0.0111763 0.0125642 0.00814033 0.0114764 0.0165844 0.0433133 0.171109 0.00735492 0.00410854 0.00659438 0 0.00400509 0.00768793 0.0151062 0.0133141 0.0202899 0.00778239 0.009484 0.0114628 0.0157925 0.0145927 0.0126798 0.0123984 0.0120482 0.00981052 0.00965827 0.00859424 0.00856117 0.00945685 0.00896608 0.00893411 0.0107698 0.00933106 0.0121989 0.0104855 0.0103975 0.0106513 0.00926455 0.0106441 0.00880699 0.0104381 0.00895012 0.00882413 0.00816175 0.00989069 0.010387 0.0114683 0.0106504 0.00983061 0.00871593 0.00874442 0.0086807 0.00918648 0.00846044 
0.0113848 0.012385 0.00948897 0.00923901 0.00921947 0.00920685 0.00917253 0.0085047 0.00846569 0.00866703 0.00937801 0.0181459 0.0106464 0.00910064 0.00931902 0.0188157 0.0276772 0.188854 0.00685188 0.00996959 0.00557359 0.00379066 0.00400509 0 0.0275883 0.0431583 0.02029 0.00722875 0.00784358 0.0112801 0.0212456 0.0111931 0.0105359 0.0104576 0.00940527 0.0104253 0.00929005 0.0090536 0.00866654 0.0106687 0.00869656 0.00883178 0.00952636 0.00891117 0.00948388 0.00971853 0.0097441 0.0124648 0.0145904 0.00990998 0.00867152 0.00878035 0.00855691 0.00862697 0.00864118 0.00955167 0.012209 0.00944006 0.00885157 0.00910465 0.00862451 0.00859436 0.0082516 0.00844463 0.00870262 0.00912148 
0.00972555 0.00904879 0.00931233 0.00853943 0.00974265 0.00884438 0.00926656 0.00827612 0.00837999 0.0093267 0.00984523 0.0119533 0.0100556 0.00854666 0.00873213 0.00797977 0.00863816 0.00718084 0.00814716 0.00952258 0.00706466 0.0047335 0.00768793 0.0275883 0 0.0266867 0.00643457 0.00446366 0.00556664 0.00631267 0.0106286 0.00937619 0.0081275 0.00909945 0.00836484 0.00962689 0.00904664 0.00886476 0.0119189 0.00873151 0.0081938 0.00911122 0.00867933 0.00849736 0.00962173 0.00884198 0.0107046 0.0163251 0.0105324 0.00932488 0.00831365 0.00856283 0.0081857 0.0105078 0.00826616 0.0134672 0.010852 0.00890276 0.00825657 0.00827796 0.00817281 0.00827489 0.00808278 0.00816589 0.00831944 0.009762 
0.0164806 0.00939122 0.00860536 0.0136506 0.00859906 0.0177184 0.00849673 0.00931594 0.00884689 0.00904385 0.0136102 0.0175655 0.00958133 0.0131094 0.008574 0.0224662 0.00869764 0.0134109 0.00936574 0.0210081 0.0311918 0.00770938 0.0151062 0.0431583 0.0266867 0 0.00388447 0.00385938 0.0037094 0.00636479 0.00690048 0.006209 0.00862823 0.00880984 0.0302832 0.0176773 0.00841646 0.010279 0.0172938 0.00774024 0.00822937 0.00793933 0.00843679 0.0116619 0.0085113 0.0190341 0.00962423 0.029682 0.02086 0.00882576 0.0152856 0.00841977 0.018638 0.00846684 0.0168435 0.0146824 0.0246947 0.00905903 0.00965621 0.00921188 0.0110178 0.00849217 0.00926908 0.00868674 0.0109717 0.00997591 
0.00894701 0.0108645 0.0164855 0.00864745 0.0736961 0.00859951 0.0177187 0.00841407 0.00882354 0.0120233 0.00839776 0.00873547 0.0197511 0.00926271 0.0430264 0.00825921 0.0194754 0.00844616 0.0196696 0.0102343 0.0084357 0.0336879 0.0133141 0.02029 0.00643457 0.00388447 0 0.00369974 0.00402486 0.00373831 0.0059443 0.00821372 0.00719681 0.0658728 0.0178235 0.0134099 0.00906896 0.00869162 0.0111818 0.0070628 0.00785381 0.0090973 0.0105502 0.00845138 0.0304506 0.00865476 0.0332526 0.0106991 0.0082929 0.0310988 0.00827937 0.0583429 0.00846034 0.0344899 0.00821297 0.00838067 0.00847176 0.0261912 0.00944754 0.0133274 0.00906204 0.0137283 0.00847662 0.0101414 0.00902498 0.0120247 
0.00896987 0.00978358 0.00885293 0.120425 0.00878154 0.0701572 0.00858037 0.0135791 0.00887013 0.00843125 0.00975044 0.0110249 0.00876589 0.0455104 0.00856498 0.0374814 0.00832809 0.0180396 0.00852309 0.00945551 0.0214304 0.00769071 0.0202899 0.00722875 0.00446366 0.00385938 0.00369974 0 0.00369479 0.00390715 0.00515237 0.00551866 0.0967386 0.010211 0.010469 0.00820522 0.00671058 0.00914491 0.00623003 0.00652123 0.00768235 0.00811916 0.008308 0.0281244 0.00811764 0.0545555 0.00859163 0.0109637 0.0140688 0.00827608 0.120779 0.00854094 0.0699102 0.00844945 0.0198032 0.0091223 0.0128531 0.00877991 0.0317954 0.012362 0.0198784 0.00872168 0.0174284 0.0090054 0.00916206 0.00851115 
0.00871497 0.011457 0.0396769 0.0087016 0.052758 0.00861156 0.0218288 0.00861306 0.00872678 0.010635 0.00842365 0.00885592 0.0368443 0.00908746 0.0311285 0.00829809 0.0216011 0.00857462 0.0135807 0.00865237 0.00879076 0.0781852 0.00778239 0.00784358 0.00556664 0.0037094 0.00402486 0.00369479 0 0.00369216 0.00736576 0.0856884 0.0165945 0.020371 0.00636648 0.00768913 0.00996187 0.006675 0.00694947 0.00660302 0.00833446 0.00883398 0.0114821 0.0083578 0.0277654 0.0084659 0.0361812 0.0094289 0.0082529 0.0793715 0.00848216 0.0331564 0.00858527 0.0369322 0.00832249 0.00816024 0.00863343 0.0357053 0.0101969 0.0193691 0.00966124 0.0199747 0.00872291 0.00952438 0.00890017 0.0130903 
0.011061 0.0217476 0.00861827 0.0176103 0.0086962 0.0179771 0.00852225 0.00924709 0.00854934 0.00853279 0.0110284 0.0374088 0.00916642 0.0130037 0.00889983 0.0137677 0.00892544 0.0108295 0.00893933 0.0122686 0.121672 0.00849941 0.009484 0.0112801 0.00631267 0.00636479 0.00373831 0.00390715 0.00369216 0 0.10307 0.0093061 0.00870495 0.00566291 0.00622904 0.00687107 0.00647512 0.00750976 0.00602023 0.0100433 0.00771205 0.00816947 0.00830286 0.016001 0.00836349 0.0158195 0.00956952 0.0214743 0.0817001 0.00864906 0.015221 0.00877897 0.0144818 0.00854948 0.019349 0.0131699 0.0362251 0.00903923 0.0121416 0.0107896 0.0118973 0.0085885 0.00952949 0.00868992 0.00940601 0.00957812 
0.0158852 0.0107 0.0109184 0.0102694 0.0122663 0.0112913 0.00977833 0.00894063 0.00879296 0.00891418 0.0126801 0.0164436 0.0163742 0.0137237 0.0122599 0.0115674 0.011557 0.0371998 0.0128158 0.0234608 0.0223697 0.0114884 0.0114628 0.0212456 0.0106286 0.00690048 0.0059443 0.00515237 0.00736576 0.10307 0 0.00400069 0.00371652 0.00374946 0.00375977 0.00388276 0.00395229 0.00485585 0.00773736 0.00617858 0.00590749 0.00649938 0.00766694 0.00815583 0.00900029 0.0129002 0.0402058 0.915849 0.016344 0.0112597 0.00969442 0.0103212 0.00999318 0.0104249 0.014233 0.0128302 0.0281299 0.0162047 0.0131401 0.0155667 0.0133144 0.0104192 0.00954921 0.00957645 0.0140094 0.0196844 
0.0104799 0.0186158 0.0283005 0.0134991 0.0527736 0.0124223 0.0204555 0.010446 0.00964873 0.0115776 0.00885286 0.0130327 0.0364943 0.017796 0.0452253 0.0126914 0.0546068 0.0120617 0.0221908 0.0101329 0.0117543 0.0310553 0.0157925 0.0111931 0.00937619 0.006209 0.00821372 0.00551866 0.0856884 0.0093061 0.00400069 0 0.0037364 0.00376594 0.00378259 0.0038767 0.00400293 0.00455395 0.00510753 0.00535821 0.00617208 0.00720836 0.0077307 0.00768342 0.0152788 0.0162903 0.929772 0.0108161 0.00928304 0.0331114 0.00975945 0.0282707 0.0100921 0.0349728 0.00924904 0.00882809 0.011297 0.0762361 0.0255326 0.0420373 0.0177901 0.0253834 0.0120061 0.0145933 0.0116481 0.0141694 
0.00974945 0.0189845 0.0191954 0.118028 0.0153739 0.0927394 0.0138109 0.0194603 0.0119951 0.0089593 0.00979213 0.0153821 0.0172162 0.0647655 0.0268038 0.159874 0.0171777 0.0443988 0.0136151 0.0108958 0.0181832 0.0121918 0.0145927 0.0105359 0.0081275 0.00862823 0.00719681 0.0967386 0.0165945 0.00870495 0.00371652 0.0037364 0 0.00373153 0.00368113 0.00370516 0.00377989 0.0041258 0.00386241 0.00482652 0.00886569 0.00657518 0.00763069 0.0156257 0.0127798 0.953505 0.012915 0.0114274 0.0125777 0.00955864 0.05478 0.0110086 0.0934308 0.0101107 0.0206094 0.00905875 0.0194855 0.0171686 0.12155 0.0648851 0.0693611 0.0152554 0.0469934 0.0163708 0.0166136 0.0180787 
0.00983762 0.017364 0.0718384 0.0198204 0.14257 0.0152116 0.0543182 0.011715 0.0113699 0.0111756 0.00907469 0.0109809 0.0331415 0.0292852 0.166151 0.0177908 0.109802 0.0172966 0.0195057 0.0105658 0.0115411 0.0267439 0.0126798 0.0104576 0.00909945 0.00880984 0.0658728 0.010211 0.020371 0.00566291 0.00374946 0.00376594 0.00373153 0 0.00371111 0.003758 0.00380512 0.00383316 0.00390319 0.00532309 0.00525686 0.00779398 0.0095482 0.014647 0.956292 0.0166052 0.0159157 0.00939278 0.00934499 0.0352276 0.0100185 0.112676 0.011604 0.0324642 0.00961217 0.00867115 0.010659 0.0820874 0.0459926 0.128812 0.0320671 0.0716122 0.0180106 0.0324028 0.0123163 0.0230878 
0.00934666 0.0230281 0.0249436 0.0796795 0.0240267 0.0708746 0.023482 0.0161642 0.0108556 0.00906146 0.00934616 0.0118883 0.020988 0.095336 0.0345112 0.103016 0.0248608 0.0351904 0.0156293 0.0102922 0.0188892 0.0121484 0.0123984 0.00940527 0.00836484 0.0302832 0.0178235 0.010469 0.00636648 0.00622904 0.00375977 0.00378259 0.00368113 0.00371111 0 0.0037694 0.00374385 0.003738 0.00373647 0.0045107 0.00517854 0.00528548 0.0201143 0.94805 0.0280842 0.0160686 0.00924966 0.00782072 0.0111763 0.00979818 0.0450277 0.0161309 0.0389319 0.0116578 0.0130342 0.00854464 0.0161251 0.0224067 0.10541 0.0708749 0.090057 0.0277044 0.0304438 0.0165794 0.0139075 0.0175043 
0.00871045 0.0133469 0.0308312 0.0379579 0.0324979 0.0268527 0.0211029 0.0125386 0.010304 0.00937287 0.00885687 0.010644 0.0287585 0.0323095 0.0457429 0.0365457 0.0285905 0.0213781 0.0190226 0.00990548 0.0113517 0.011792 0.0120482 0.0104253 0.00962689 0.0176773 0.0134099 0.00820522 0.00768913 0.00687107 0.00388276 0.0038767 0.00370516 0.003758 0.0037694 0 0.00370133 0.00378379 0.00373679 0.00396398 0.00677385 0.0193779 0.894956 0.035077 0.0112816 0.00870423 0.00881608 0.00745964 0.00940958 0.0110041 0.0178964 0.0164034 0.0210181 0.0141881 0.0107895 0.00871663 0.011032 0.0252878 0.0408884 0.0960717 0.0663712 0.035403 0.0194435 0.0216147 0.011887 0.0155738 
0.00874087 0.0101644 0.0204932 0.0127725 0.0298852 0.0104366 0.0152294 0.00993598 0.00881124 0.00862398 0.00840569 0.00988387 0.0143985 0.0163926 0.025775 0.0118871 0.0228713 0.0120389 0.0116389 0.00956036 0.00967068 0.0111603 0.00981052 0.00929005 0.00904664 0.00841646 0.00906896 0.00671058 0.00996187 0.00647512 0.00395229 0.00400293 0.00377989 0.00380512 0.00374385 0.00370133 0 0.00369809 0.00370527 0.00393143 0.0901171 0.323543 0.0214777 0.00619898 0.0083098 0.00820393 0.00774756 0.00630102 0.00862311 0.0138034 0.00908191 0.0182992 0.00956424 0.0127292 0.0094984 0.00814521 0.0103666 0.0157709 0.0273376 0.0563826 0.0252819 0.0167741 0.0107865 0.0128518 0.0100099 0.0118483 
0.00856911 0.0122253 0.00874481 0.0127441 0.00886944 0.0107501 0.00872374 0.0085606 0.00834518 0.00852556 0.00835523 0.0112606 0.0125691 0.011615 0.00936961 0.0123775 0.00923902 0.00983614 0.00975504 0.0088802 0.0131535 0.00947974 0.00965827 0.0090536 0.00886476 0.010279 0.00869162 0.00914491 0.006675 0.00750976 0.00485585 0.00455395 0.0041258 0.00383316 0.003738 0.00378379 0.00369809 0 0.0040225 0.0097058 0.539833 0.00729018 0.00434087 0.00585042 0.00572766 0.00748839 0.00748764 0.00598361 0.0146438 0.00888135 0.0117931 0.0085333 0.0103582 0.00886091 0.00890688 0.00870287 0.012867 0.0112437 0.0221906 0.0128046 0.0127834 0.00905039 0.00953542 0.00896437 0.0100318 0.00959432 
0.00896712 0.00920325 0.00925283 0.00843704 0.00961491 0.00836251 0.00896889 0.00817224 0.00812465 0.00828381 0.00844154 0.014434 0.00968469 0.00878339 0.00931698 0.00861837 0.0091716 0.00872736 0.00864033 0.00917965 0.0149953 0.0107301 0.00859424 0.00866654 0.0119189 0.0172938 0.0111818 0.00623003 0.00694947 0.00602023 0.00773736 0.00510753 0.00386241 0.00390319 0.00373647 0.00373679 0.00370527 0.0040225 0 0.963931 0.00382724 0.00377053 0.00422825 0.00381906 0.00465945 0.0052431 0.00548597 0.0045743 0.0126663 0.0135558 0.0081752 0.00946423 0.0083239 0.00910239 0.00827238 0.00977467 0.0127388 0.0263399 0.0105575 0.0110436 0.00976461 0.0104435 0.00844121 0.00886485 0.00871911 0.0108079 
0.008094 0.0080079 0.00816527 0.00819065 0.00834328 0.00818441 0.00809823 0.00794224 0.00798398 0.0081494 0.00854595 0.00874292 0.00863448 0.00866531 0.0085598 0.0083957 0.00859501 0.00828555 0.00859296 0.0106444 0.0103531 0.00877373 0.00856117 0.0106687 0.00873151 0.00774024 0.0070628 0.00652123 0.00660302 0.0100433 0.00617858 0.00535821 0.00482652 0.00532309 0.0045107 0.00396398 0.00393143 0.0097058 0.963931 0 0.00372159 0.00369699 0.0037324 0.00375368 0.00387817 0.00394709 0.00388584 0.00442692 0.00890859 0.00765939 0.00791442 0.00799263 0.00806711 0.00863362 0.0095754 0.00847721 0.00985538 0.0108791 0.0094404 0.00904104 0.00844799 0.00857734 0.00842653 0.00861509 0.00875638 0.0164288 
0.00803873 0.00889919 0.00851343 0.00960467 0.00874615 0.00896037 0.00852483 0.00831203 0.00870804 0.00822098 0.00809973 0.00884727 0.0095455 0.0101766 0.00955912 0.00925351 0.00901124 0.00908136 0.0126201 0.00857638 0.00962935 0.00900255 0.00945685 0.00869656 0.0081938 0.00822937 0.00785381 0.00768235 0.00833446 0.00771205 0.00590749 0.00617208 0.00886569 0.00525686 0.00517854 0.00677385 0.0901171 0.539833 0.00382724 0.00372159 0 0.00369685 0.00376512 0.00370476 0.00373774 0.00385821 0.00370479 0.00378676 0.00797446 0.0087092 0.0101796 0.00845359 0.00912882 0.00925368 0.00803645 0.00806444 0.00969694 0.0141808 0.0100817 0.0109694 0.0107755 0.00964761 0.00881197 0.00896468 0.0103831 0.00879918 
0.00832185 0.00871391 0.0107575 0.009766 0.0129186 0.00966008 0.00998661 0.00883073 0.00848771 0.00841085 0.00822822 0.00891323 0.00963747 0.0107534 0.0132659 0.0104779 0.0125482 0.0126912 0.0092839 0.0092133 0.00889203 0.00957073 0.00896608 0.00883178 0.00911122 0.00793933 0.0090973 0.00811916 0.00883398 0.00816947 0.00649938 0.00720836 0.00657518 0.00779398 0.00528548 0.0193779 0.323543 0.00729018 0.00377053 0.00369699 0.00369685 0 0.00370736 0.00370279 0.00373081 0.00373126 0.00375691 0.00376242 0.00807655 0.00948092 0.00829929 0.0118678 0.0100252 0.00962484 0.00867603 0.00791674 0.00907972 0.0110504 0.0154575 0.0140776 0.0138422 0.0110494 0.0101312 0.00988955 0.00923936 0.0117717 
0.00820417 0.00894895 0.0120837 0.0112019 0.0159631 0.00990958 0.0129869 0.00860117 0.00871786 0.00829393 0.00826831 0.00885287 0.0104991 0.0136474 0.0155163 0.0110778 0.0225993 0.0102624 0.0138689 0.00897343 0.00912252 0.0103083 0.00893411 0.00952636 0.00867933 0.00843679 0.0105502 0.008308 0.0114821 0.00830286 0.00766694 0.0077307 0.00763069 0.0095482 0.0201143 0.894956 0.0214777 0.00434087 0.00422825 0.0037324 0.00376512 0.00370736 0 0.00370404 0.00372612 0.00375741 0.00375724 0.00378022 0.00778143 0.0101869 0.00852342 0.0161201 0.00893404 0.015541 0.00893091 0.00796438 0.00893921 0.0152941 0.0121217 0.0291912 0.0134138 0.0169609 0.00989018 0.0117427 0.00944335 0.0154086 
0.00836942 0.00955674 0.0100755 0.0389781 0.00977198 0.0349233 0.00915837 0.0114788 0.00867408 0.00843219 0.00905348 0.00980382 0.0104346 0.0242549 0.011019 0.0559016 0.00975901 0.0227194 0.0102071 0.00924658 0.013625 0.00907276 0.0107698 0.00891117 0.00849736 0.0116619 0.00845138 0.0281244 0.0083578 0.016001 0.00815583 0.00768342 0.0156257 0.014647 0.94805 0.035077 0.00619898 0.00585042 0.00381906 0.00375368 0.00370476 0.00370279 0.00370404 0 0.00369986 0.00377817 0.00373706 0.0037712 0.0116863 0.00774909 0.0347035 0.00865217 0.0514316 0.0110038 0.0157726 0.00857775 0.0140162 0.0101024 0.0310005 0.0180978 0.0267868 0.0095566 0.0263365 0.0101576 0.0110638 0.00977475 
0.00832647 0.00944689 0.0297759 0.00979359 0.0932823 0.00892231 0.0276665 0.00872347 0.00890815 0.00867726 0.00823635 0.00885664 0.0173008 0.0116375 0.0781309 0.010098 0.0503972 0.00946183 0.0119657 0.00899838 0.00916634 0.0194501 0.00933106 0.00948388 0.00962173 0.0085113 0.0304506 0.00811764 0.0277654 0.00836349 0.00900029 0.0152788 0.0127798 0.956292 0.0280842 0.0112816 0.0083098 0.00572766 0.00465945 0.00387817 0.00373774 0.00373081 0.00372612 0.00369986 0 0.00371619 0.00372781 0.00372841 0.0081578 0.0558368 0.00862658 0.0828514 0.00977361 0.0421132 0.00807665 0.00805896 0.00908784 0.042125 0.0116024 0.0430015 0.0121373 0.0329382 0.00900939 0.0200935 0.00903117 0.0216191 
0.00875006 0.0155096 0.0103972 0.0809444 0.00993119 0.0529727 0.00979747 0.0134935 0.00888946 0.00825154 0.00907929 0.0106474 0.0104523 0.055556 0.0112619 0.0737736 0.00986441 0.0208041 0.00984278 0.00947615 0.0176393 0.00938039 0.0121989 0.00971853 0.00884198 0.0190341 0.00865476 0.0545555 0.0084659 0.0158195 0.0129002 0.0162903 0.953505 0.0166052 0.0160686 0.00870423 0.00820393 0.00748839 0.0052431 0.00394709 0.00385821 0.00373126 0.00375741 0.00377817 0.00371619 0 0.00373603 0.0037541 0.0235553 0.00881241 0.0866165 0.0104827 0.0591512 0.00883884 0.0149861 0.00929271 0.0206783 0.0103629 0.0517596 0.0192619 0.0489975 0.00947913 0.0325801 0.010232 0.0124284 0.0119251 
0.00902087 0.0104704 0.0218152 0.00983931 0.0262962 0.0093364 0.0152532 0.00861678 0.00847894 0.00923464 0.00837254 0.0107977 0.030031 0.0108326 0.0293035 0.0100115 0.020544 0.00989869 0.0146725 0.00981932 0.0104864 0.0163316 0.0104855 0.0097441 0.0107046 0.00962423 0.0332526 0.00859163 0.0361812 0.00956952 0.0402058 0.929772 0.012915 0.0159157 0.00924966 0.00881608 0.00774756 0.00748764 0.00548597 0.00388584 0.00370479 0.00375691 0.00375724 0.00373706 0.00372781 0.00373603 0 0.00372647 0.00881454 0.0463441 0.00865402 0.037133 0.00951658 0.0400256 0.00814694 0.00842278 0.0103024 0.0467353 0.0141771 0.0306583 0.011434 0.0197674 0.00917746 0.0110654 0.0155307 0.048112 
0.0100647 0.0132986 0.00949356 0.0116856 0.00934082 0.0107835 0.0090468 0.00893538 0.00869518 0.00827443 0.00973814 0.0218279 0.0107888 0.0132246 0.0105524 0.0125891 0.0108374 0.0107681 0.0101441 0.0127752 0.0266787 0.00993507 0.0103975 0.0124648 0.0163251 0.029682 0.0106991 0.0109637 0.0094289 0.0214743 0.915849 0.0108161 0.0114274 0.00939278 0.00782072 0.00745964 0.00630102 0.00598361 0.0045743 0.00442692 0.00378676 0.00376242 0.00378022 0.0037712 0.00372841 0.0037541 0.00372647 0 0.0294563 0.0103249 0.0150863 0.0078771 0.0126956 0.00790624 0.0121795 0.0100652 0.036944 0.0112285 0.0168838 0.0125209 0.0152608 0.00948239 0.0128472 0.0152518 0.0150472 0.0293044 
0.0104353 0.00800341 0.00794432 0.00999748 0.0080105 0.0106381 0.00799445 0.00822895 0.00797779 0.00805031 0.00955825 0.0100208 0.00843398 0.0091141 0.00814982 0.010097 0.00815989 0.00968623 0.00862611 0.014126 0.0183649 0.00829588 0.0106513 0.0145904 0.0105324 0.02086 0.0082929 0.0140688 0.0082529 0.0817001 0.016344 0.00928304 0.0125777 0.00934499 0.0111763 0.00940958 0.00862311 0.0146438 0.0126663 0.00890859 0.00797446 0.00807655 0.00778143 0.0116863 0.0081578 0.0235553 0.00881454 0.0294563 0 0.0113227 0.00546231 0.00370533 0.00488116 0.00407846 0.0119341 0.0142426 0.0182661 0.00621536 0.00919417 0.00777997 0.00926479 0.0153595 0.515085 0.0120663 0.0135323 0.055627 
0.00806037 0.00848265 0.010485 0.0082499 0.0220778 0.00817824 0.0137477 0.00814567 0.00833877 0.00945599 0.00803514 0.0083091 0.0112903 0.00889816 0.0162493 0.00836606 0.0176655 0.00845008 0.016639 0.00877426 0.00889525 0.0137409 0.00926455 0.00990998 0.00932488 0.00882576 0.0310988 0.00827608 0.0793715 0.00864906 0.0112597 0.0331114 0.00955864 0.0352276 0.00979818 0.0110041 0.0138034 0.00888135 0.0135558 0.00765939 0.0087092 0.00948092 0.0101869 0.00774909 0.0558368 0.00881241 0.0463441 0.0103249 0.0113227 0 0.00372249 0.00418281 0.00370854 0.00599484 0.00372351 0.00431011 0.0054397 0.0228477 0.00697978 0.00920442 0.0149427 0.728071 0.00859103 0.0176969 0.0254397 0.0449189 
0.00828583 0.00863906 0.00835996 0.0330205 0.00853894 0.0267534 0.00835535 0.00997985 0.00839828 0.00802659 0.00826964 0.00985108 0.008618 0.0202441 0.00870389 0.0381106 0.008565 0.0177187 0.00865574 0.00862087 0.0121909 0.00863414 0.0106441 0.00867152 0.00831365 0.0152856 0.00827937 0.120779 0.00848216 0.015221 0.00969442 0.00975945 0.05478 0.0100185 0.0450277 0.0178964 0.00908191 0.0117931 0.0081752 0.00791442 0.0101796 0.00829929 0.00852342 0.0347035 0.00862658 0.0866165 0.00865402 0.0150863 0.00546231 0.00372249 0 0.00369266 0.00410324 0.0036948 0.00397182 0.00404479 0.00903341 0.0058696 0.0101094 0.0186883 0.76456 0.00676646 0.014408 0.00999226 0.0247048 0.00780118 
0.00821405 0.00901537 0.02152 0.00879858 0.0516947 0.00853388 0.0192399 0.00839122 0.00865394 0.00853652 0.00811889 0.00832101 0.0145006 0.0100865 0.0437471 0.00896859 0.0388551 0.00878452 0.0101785 0.00857485 0.00851551 0.0132246 0.00880699 0.00878035 0.00856283 0.00841977 0.0583429 0.00854094 0.0331564 0.00877897 0.0103212 0.0282707 0.0110086 0.112676 0.0161309 0.0164034 0.0182992 0.0085333 0.00946423 0.00799263 0.00845359 0.0118678 0.0161201 0.00865217 0.0828514 0.0104827 0.037133 0.0078771 0.00370533 0.00418281 0.00369266 0 0.00372583 0.00397987 0.00369942 0.00377062 0.00490525 0.0233043 0.0102439 0.746173 0.00982238 0.0372493 0.00720056 0.0333343 0.00860273 0.0166632 
0.00825585 0.00938906 0.00849036 0.0262007 0.00859243 0.0218924 0.0083784 0.00983967 0.0082794 0.00811724 0.00824026 0.00927264 0.00857812 0.0251495 0.00918123 0.0417468 0.00875149 0.013267 0.00869926 0.00853948 0.010522 0.00890213 0.0104381 0.00855691 0.0081857 0.018638 0.00846034 0.0699102 0.00858527 0.0144818 0.00999318 0.0100921 0.0934308 0.011604 0.0389319 0.0210181 0.00956424 0.0103582 0.0083239 0.00806711 0.00912882 0.0100252 0.00893404 0.0514316 0.00977361 0.0591512 0.00951658 0.0126956 0.00488116 0.00370854 0.00410324 0.00372583 0 0.00369212 0.00383704 0.00392586 0.0115771 0.0087829 0.764714 0.0119121 0.0146117 0.00612714 0.0224436 0.00824216 0.0104559 0.00823905 
0.00838262 0.00879314 0.0151004 0.00856343 0.023991 0.00831016 0.0131654 0.00824788 0.00822371 0.00868144 0.00814537 0.00839644 0.0131105 0.00909669 0.0204727 0.00860995 0.0155433 0.00863297 0.00961922 0.00848028 0.008833 0.0114458 0.00895012 0.00862697 0.0105078 0.00846684 0.0344899 0.00844945 0.0369322 0.00854948 0.0104249 0.0349728 0.0101107 0.0324642 0.0116578 0.0141881 0.0127292 0.00886091 0.00910239 0.00863362 0.00925368 0.00962484 0.015541 0.0110038 0.0421132 0.00883884 0.0400256 0.00790624 0.00407846 0.00599484 0.0036948 0.00397987 0.00369212 0 0.00369154 0.00420192 0.00520677 0.781357 0.00733558 0.0100138 0.00833652 0.015471 0.00629188 0.00850861 0.00793705 0.0141827 
0.00816707 0.00849483 0.00807798 0.0121952 0.00827993 0.0106925 0.0081177 0.0082365 0.00808377 0.00793673 0.00827869 0.0108447 0.00842945 0.0111944 0.00848322 0.0135129 0.00840668 0.00934337 0.00830522 0.00845771 0.0138881 0.00845859 0.00882413 0.00864118 0.00826616 0.0168435 0.00821297 0.0198032 0.00832249 0.019349 0.014233 0.00924904 0.0206094 0.00961217 0.0130342 0.0107895 0.0094984 0.00890688 0.00827238 0.0095754 0.00803645 0.00867603 0.00893091 0.0157726 0.00807665 0.0149861 0.00814694 0.0121795 0.0119341 0.00372351 0.00397182 0.00369942 0.00383704 0.00369154 0 0.0121384 0.473718 0.00840781 0.0108504 0.00500864 0.0104421 0.00497555 0.00557558 0.00599185 0.0065208 0.00741827 
0.00850006 0.00798719 0.00789204 0.00833365 0.00791268 0.00844579 0.0079018 0.00793015 0.00790713 0.00793726 0.00867199 0.00972184 0.00813157 0.00802662 0.00798085 0.00810429 0.0079789 0.00796784 0.00814925 0.00882023 0.012552 0.0081742 0.00816175 0.00955167 0.0134672 0.0146824 0.00838067 0.0091223 0.00816024 0.0131699 0.0128302 0.00882809 0.00905875 0.00867115 0.00854464 0.00871663 0.00814521 0.00870287 0.00977467 0.00847721 0.00806444 0.00791674 0.00796438 0.00857775 0.00805896 0.00929271 0.00842278 0.0100652 0.0142426 0.00431011 0.00404479 0.00377062 0.00392586 0.00420192 0.0121384 0 0.0928238 0.0087662 0.00397111 0.004214 0.0039747 0.00416369 0.00460366 0.00525537 0.00655028 0.0207631 
0.00914589 0.00829773 0.00806358 0.0108548 0.00829758 0.0106432 0.0081038 0.00830761 0.0080577 0.00808161 0.0095299 0.0109287 0.00886224 0.0104006 0.0084551 0.0110823 0.00833032 0.00925278 0.00930667 0.0116848 0.0195511 0.00843825 0.00989069 0.012209 0.010852 0.0246947 0.00847176 0.0128531 0.00863343 0.0362251 0.0281299 0.011297 0.0194855 0.010659 0.0161251 0.011032 0.0103666 0.012867 0.0127388 0.00985538 0.00969694 0.00907972 0.00893921 0.0140162 0.00908784 0.0206783 0.0103024 0.036944 0.0182661 0.0054397 0.00903341 0.00490525 0.0115771 0.00520677 0.473718 0.0928238 0 0.00376556 0.00372033 0.00373723 0.00390876 0.00373986 0.00427878 0.0048518 0.00660687 0.0335582 
