1BYKA
SDKVVAIIVTRLDSLSENLAVQTMLPAFYEQGYDPIMMESQFSPQLVAEHLGVLKRRNIDGVVLFGFTGITEEMLAHWQSSLVLLARDAKGFASVCYDDEGAIKILMQRLYDQGHRNISYLGVPHSDVTTGKRRHEAYLAFCKAHKLHPVAALPGLAMKQGYENVAKVITPETTALLCATDTLALGASKYLQEQRIDTLQLASVGNTPLMKFLHPEIVTVDPGYAEAGRQAACQLIAQVTGRSEPQQIIIPATLS
CCCEEEEEECCCCCHHHHHHHHHHHHHHHHHCCEEEEEECCCCHHHHHHHHHHHHCCCCCEEEEECCCCCCCCCCHHHCCCEEEECCCCCCCEEEEECHHHHHHHHHHHHHHCCCCCEEEECCCCCCCCCCHHHHHHHHHHHHHCCCCCEEECCCCCHHHHHHHCHHHCCCCCCEEEECCHHHHHHHHHHHHHCCCCCCEEEEECCCHHHHHHCCCCEEEECCHHHHHHHHHHHHHHHHCCCCCCCEEEECCECC
0 0 0 0 0 0 0 0 0 0 0 0 0 0 0 0 0 0 0 0 0 0 0 0 0 0 0 0 0 0 0 0 0 0 0 0 0 0 0 0 0 0 0 0 0 0 0 0 0 0 0 0 0 0 0 0 0 0 0 0 0 0 0 0 0 0 0 0 0 0 0 0 0 0 0 0 0 0 0 0 0 0 0 0 0 0 0 0 0 0 0 0 0 0 0 0 0 0 0 0 0 0 0 0 0 0 0 0 0 0 0 0 0 0 0 0 0 0 0 0 0 0 0 0 0 0 0 0 0 0 0 0 0 0 0 0 0 0 0 0 0 0 0 0 0 0 0 0 0 0 0 0 0 0 0 0 0 0 0 0 0 0 0 0 0 0 0 0 0 0 0 0 0 0 0 0 0 0 0 0 0 0 0 0 0 0 0 0 0 0 0 0 0 0 0 0 0 0 0 0 0 0 0 0 0 0 0 0 0 0 0 0 0 0 0 0 0 0 0 0 0 0 0 0 0 0 0 0 0 0 0 0 0 0 0 0 0 0 0 0 0 0 0 0 0 0 0 0 0 0 0 0 0 0 0 
0 0 0 0 0 0 0 0 0 0 0 0 0 0 0 0 0 0 0 0 0 0 0 0 0 0 0 0 0 0 0 0 0 0 0 0 0 0 0 0 0 0 0 0 0 0 0 0 0 0 0 0 0 0 0 0 0 0 0 0 0 0 0 0 0 0 0 0 0 0 0 0 0 0 0 0 0 0 0 0 0 0 0 0 0 0 0 0 0 0 0 0 0 0 0 0 0 0 0 0 0 0 0 0 0 0 0 0 0 0 0 0 0 0 0 0 0 0 0 0 0 0 0 0 0 0 0 0 0 0 0 0 0 0 0 0 0 0 0 0 0 0 0 0 0 0 0 0 0 0 0 0 0 0 0 0 0 0 0 0 0 0 0 0 0 0 0 0 0 0 0 0 0 0 0 0 0 0 0 0 0 0 0 0 0 0 0 0 0 0 0 0 0 0 0 0 0 0 0 0 0 0 0 0 0 0 0 0 0 0 0 0 0 0 0 0 0 0 0 0 0 0 0 0 0 0 0 0 0 0 0 0 0 0 0 0 0 0 0 0 0 0 0 0 0 0 0 0 0 0 0 0 0 0 0 
0 0.0041703 0.00375249 0.00383754 0.00386897 0.00796087 0.564549 0.0187911 0.0188322 0.0129361 0.0124373 0.0263698 0.0380302 0.0160285 0.0127155 0.0131054 0.0177678 0.0194456 0.0121051 0.0106402 0.0152046 0.00983514 0.00985276 0.00918421 0.0095294 0.0128219 0.010968 0.00885193 0.00907015 0.0100815 0.00863027 0.00827711 0.00928674 0.00903601 0.00833381 0.0085062 0.00894178 0.00839713 0.00837854 0.00828596 0.00828771 0.00845993 0.00825449 0.00840946 0.00839087 0.00845155 0.00821367 0.00844543 0.00839458 0.00898523 0.00965533 
0.0041703 0 0.00374633 0.00376083 0.00423444 0.00397594 0.0500228 0.725677 0.0254782 0.041944 0.0272858 0.0118731 0.10635 0.113617 0.0620029 0.0338112 0.0147476 0.0256702 0.0494735 0.0319709 0.0124298 0.0104422 0.0174307 0.0171909 0.0135117 0.0114411 0.0100003 0.0118478 0.0144566 0.00980731 0.00833981 0.00850955 0.00871512 0.00889672 0.00877733 0.00913187 0.00868815 0.00848739 0.008786 0.00867412 0.00853909 0.00816614 0.00831992 0.00848831 0.00848983 0.00821978 0.00816299 0.00850088 0.00841084 0.00843888 0.00836133 
0.00375249 0.00374633 0 0.00378734 0.00377563 0.00376572 0.0749057 0.0615103 0.69957 0.0704255 0.041813 0.012421 0.0245028 0.201159 0.15794 0.0745016 0.0199829 0.022555 0.0794762 0.0596443 0.0175972 0.0103647 0.0302278 0.0533566 0.0256108 0.0105576 0.00989747 0.0207389 0.0234752 0.0107727 0.00868222 0.00903127 0.00886777 0.00936202 0.00986296 0.0103379 0.0092426 0.00886068 0.00965078 0.00974801 0.00919603 0.00862581 0.00855241 0.00882743 0.00867592 0.00839416 0.00826754 0.00870396 0.00865889 0.00870193 0.00842886 
0.00383754 0.00376083 0.00378734 0 0.00374356 0.00376197 0.0331429 0.165532 0.14717 0.700042 0.030225 0.0192559 0.0333859 0.068795 0.358442 0.0927768 0.0249018 0.0228909 0.0683731 0.0591507 0.0197782 0.0108611 0.027464 0.069843 0.0209639 0.0113484 0.0105943 0.0162064 0.0288131 0.0111658 0.00874931 0.00888223 0.00906201 0.00931906 0.0100058 0.0106186 0.00932849 0.00881383 0.00980104 0.0103275 0.00923537 0.00865473 0.00859459 0.00884948 0.0088055 0.0083831 0.00831978 0.00885467 0.00869347 0.0087787 0.00831033 
0.00386897 0.00423444 0.00377563 0.00374356 0 0.00379417 0.0201258 0.0496744 0.207033 0.0997407 0.72908 0.0236266 0.0143559 0.0520094 0.0491684 0.303197 0.027609 0.0155314 0.0386759 0.0796085 0.0214193 0.0104067 0.0219593 0.0200233 0.0259624 0.010089 0.00964126 0.0129288 0.0232593 0.0109594 0.00864598 0.00883229 0.00873289 0.00892916 0.00949264 0.0108465 0.00866303 0.00877812 0.00922183 0.00919538 0.00884851 0.00829139 0.00859479 0.00868152 0.00862825 0.00819242 0.00827282 0.00869571 0.00856642 0.00843964 0.00835417 
0.00796087 0.00397594 0.00376572 0.00376197 0.00379417 0 0.0265471 0.0186136 0.0273409 0.0811071 0.0780497 0.63857 0.0198239 0.0158542 0.0155184 0.0237372 0.0895763 0.022354 0.0128652 0.0165556 0.034715 0.0156288 0.0096538 0.0103709 0.0111184 0.0123385 0.0115066 0.00945375 0.0105021 0.0120369 0.0101844 0.00825031 0.0090034 0.00947116 0.00876488 0.0089301 0.00885612 0.00898186 0.0085988 0.0083524 0.00825504 0.00831529 0.00885721 0.00837522 0.00809663 0.00805682 0.00836638 0.00834208 0.00815641 0.00830626 0.00927799 
0.564549 0.0500228 0.0749057 0.0331429 0.0201258 0.0265471 0 0.0045855 0.00375271 0.00375868 0.00385146 0.00419832 0.0537076 0.0159907 0.0112759 0.0127657 0.0181985 0.01744 0.0128144 0.0114946 0.0216528 0.0107718 0.00979376 0.00922425 0.00993926 0.0133238 0.00893193 0.00874206 0.00926552 0.0101143 0.00828626 0.00838367 0.00944679 0.00938579 0.00826014 0.00851626 0.0089334 0.00837556 0.00821983 0.00818417 0.00835454 0.00841973 0.00819577 0.00836663 0.00819131 0.00804735 0.00801353 0.00812199 0.00817238 0.0083193 0.00930699 
0.0187911 0.725677 0.0615103 0.165532 0.0496744 0.0186136 0.0045855 0 0.00371963 0.00372371 0.00373236 0.00374464 0.098714 0.0957231 0.0298166 0.0233993 0.0134048 0.0191413 0.0553323 0.0288737 0.0114649 0.0109204 0.0216618 0.0228771 0.0138032 0.0110508 0.0100807 0.0132476 0.0150181 0.00982831 0.00862129 0.00863139 0.00900839 0.00912781 0.00941528 0.00936736 0.00868632 0.00820064 0.00898732 0.00882316 0.00876188 0.00834339 0.0081864 0.00847638 0.00831396 0.00812216 0.00800268 0.00835899 0.00822912 0.00825091 0.00803512 
0.0188322 0.0254782 0.69957 0.14717 0.207033 0.0273409 0.00375271 0.00371963 0 0.00371837 0.00373093 0.00372823 0.0575101 0.109358 0.123202 0.0494941 0.020224 0.0197247 0.0536595 0.0440399 0.0203885 0.011017 0.0295589 0.052112 0.0201853 0.0119089 0.00985925 0.0189404 0.0234251 0.0128456 0.0089694 0.00915453 0.00927649 0.00928038 0.0105099 0.0117005 0.0092504 0.00877622 0.00949629 0.0104683 0.00958868 0.00864607 0.008475 0.00884232 0.00854476 0.0082232 0.00807424 0.00839005 0.00839664 0.00845668 0.00802913 
0.0129361 0.041944 0.0704255 0.700042 0.0997407 0.0811071 0.00375868 0.00372371 0.00371837 0 0.00370512 0.00373129 0.0433296 0.0759379 0.213991 0.0972639 0.0262639 0.0144508 0.0547205 0.0689913 0.0190477 0.0103389 0.0283923 0.0522608 0.0257513 0.0122987 0.00960861 0.0208505 0.0325525 0.0126094 0.00876059 0.00885893 0.00899933 0.00910086 0.0106874 0.012626 0.00977088 0.00855579 0.00956723 0.00989249 0.00969491 0.00862935 0.00835634 0.00872593 0.00852467 0.00821338 0.00803946 0.00841176 0.00836258 0.00834852 0.00801948 
0.0124373 0.0272858 0.041813 0.030225 0.72908 0.0780497 0.00385146 0.00373236 0.00373093 0.00370512 0 0.00372848 0.0159625 0.0546076 0.0798723 0.28405 0.0659051 0.0135014 0.0261684 0.115379 0.0295817 0.010669 0.0191999 0.0223083 0.0259435 0.0134905 0.00969078 0.0118186 0.0306957 0.0141403 0.0088319 0.00889531 0.00915535 0.00928264 0.00953409 0.0118907 0.00894237 0.00865094 0.00931092 0.00896523 0.00897737 0.00845925 0.00850743 0.00853788 0.00844092 0.00814691 0.00800579 0.00827101 0.00819225 0.00822673 0.0081361 
0.0263698 0.0118731 0.012421 0.0192559 0.0236266 0.63857 0.00419832 0.00374464 0.00372823 0.00373129 0.00372848 0 0.0182186 0.0216264 0.0306909 0.100172 0.219198 0.0202781 0.0121894 0.0168022 0.0433427 0.0170322 0.0103058 0.00996402 0.0108162 0.0118577 0.0106435 0.0091508 0.0109968 0.0137006 0.00976807 0.00821876 0.00863408 0.00904784 0.00843639 0.0086602 0.00916754 0.00853358 0.00823998 0.00810866 0.00837638 0.0084482 0.00836515 0.00815272 0.00811819 0.00807001 0.00802943 0.00803588 0.00807242 0.00817653 0.00860472 
0.0380302 0.10635 0.0245028 0.0333859 0.0143559 0.0198239 0.0537076 0.098714 0.0575101 0.0433296 0.0159625 0.0182186 0 0.00385699 0.00381507 0.00395395 0.00423504 0.167325 0.0383374 0.0155749 0.0292213 0.0293955 0.015551 0.0195862 0.0112418 0.0265749 0.0292487 0.0147739 0.0120896 0.0176507 0.0112627 0.0088492 0.0133657 0.0122887 0.00969733 0.00966665 0.0111449 0.00944279 0.00896117 0.00897351 0.00859387 0.00901201 0.00897893 0.00840889 0.00878424 0.00842518 0.00811575 0.00836448 0.00831317 0.00878482 0.00908893 
0.0160285 0.113617 0.201159 0.068795 0.0520094 0.0158542 0.0159907 0.0957231 0.109358 0.0759379 0.0546076 0.0216264 0.00385699 0 0.0037567 0.00377613 0.00403654 0.445207 0.147316 0.0768055 0.0183278 0.0167723 0.0747794 0.0214036 0.027835 0.0126582 0.0171041 0.0464436 0.0279895 0.0136472 0.00949293 0.0108265 0.0101619 0.0121394 0.014459 0.0117904 0.0103539 0.00870056 0.0106563 0.0102032 0.00969963 0.00879708 0.00835518 0.00901658 0.00904465 0.00852065 0.00804805 0.00855725 0.00877795 0.00848152 0.0082337 
0.0127155 0.0620029 0.15794 0.358442 0.0491684 0.0155184 0.0112759 0.0298166 0.123202 0.213991 0.0798723 0.0306909 0.00381507 0.0037567 0 0.00379676 0.00373946 0.0363108 0.553037 0.100467 0.0239007 0.01289 0.0303925 0.1439 0.0203877 0.0115779 0.011556 0.0513968 0.0484017 0.013103 0.00932206 0.00962255 0.00995876 0.00993962 0.0197037 0.0227619 0.00989253 0.00946216 0.0114079 0.0144354 0.0106578 0.00882845 0.00871246 0.00937516 0.0094058 0.00839338 0.00815642 0.00875738 0.00881672 0.00845231 0.00814369 
0.0131054 0.0338112 0.0745016 0.0927768 0.303197 0.0237372 0.0127657 0.0233993 0.0494941 0.0972639 0.28405 0.100172 0.00395395 0.00377613 0.00379676 0 0.00394672 0.0382282 0.055449 0.696922 0.0732339 0.0154133 0.0358028 0.0294358 0.125534 0.014752 0.0124362 0.02432 0.186032 0.0326314 0.00986038 0.012848 0.0121316 0.0103766 0.0162794 0.0288662 0.0118046 0.0101592 0.0122011 0.0117485 0.0115381 0.00945428 0.00898297 0.00984099 0.00935989 0.00838056 0.00807165 0.00868149 0.00863602 0.00838628 0.00824814 
0.0177678 0.0147476 0.0199829 0.0249018 0.027609 0.0895763 0.0181985 0.0134048 0.020224 0.0262639 0.0659051 0.219198 0.00423504 0.00403654 0.00373946 0.00394672 0 0.0218276 0.0415303 0.0831158 0.624239 0.0320779 0.0128887 0.0222597 0.023498 0.078527 0.0187445 0.0115536 0.0228775 0.0581382 0.0142681 0.00922678 0.013979 0.0136947 0.00966434 0.0143678 0.0160556 0.0120634 0.00936375 0.0092145 0.00928941 0.0113349 0.00991161 0.00867205 0.00859366 0.00859031 0.00826726 0.00827246 0.00813497 0.00879288 0.00921182 
0.0194456 0.0256702 0.022555 0.0228909 0.0155314 0.022354 0.01744 0.0191413 0.0197247 0.0144508 0.0135014 0.0202781 0.167325 0.445207 0.0363108 0.0382282 0.0218276 0 0.00404984 0.00378307 0.00415153 0.0161857 0.0106515 0.0151369 0.064111 0.102035 0.0455994 0.0203594 0.0176077 0.0275351 0.0151578 0.0107882 0.0169746 0.0169387 0.0116499 0.0104124 0.0154692 0.0103743 0.00943498 0.0091677 0.00945459 0.0111742 0.00923057 0.00874492 0.00920222 0.0096975 0.00813571 0.00825973 0.00851229 0.0093886 0.0090983 
0.0121051 0.0494735 0.0794762 0.0683731 0.0386759 0.0128652 0.0128144 0.0553323 0.0536595 0.0547205 0.0261684 0.0121894 0.0383374 0.147316 0.553037 0.055449 0.0415303 0.00404984 0 0.0038428 0.00375325 0.0426386 0.0358408 0.117782 0.0688659 0.0104047 0.027151 0.0724909 0.044095 0.015095 0.0127227 0.0126696 0.0114034 0.0144831 0.026032 0.0229725 0.0111203 0.00994423 0.0117865 0.0123329 0.011246 0.00898022 0.00884627 0.0105255 0.00953605 0.00851632 0.00805939 0.00872078 0.00876408 0.00848302 0.00813668 
0.0106402 0.0319709 0.0596443 0.0591507 0.0796085 0.0165556 0.0114946 0.0288737 0.0440399 0.0689913 0.115379 0.0168022 0.0155749 0.0768055 0.100467 0.696922 0.0831158 0.00378307 0.0038428 0 0.00393692 0.0214721 0.283188 0.0335832 0.0302972 0.00842085 0.0150998 0.0403798 0.149835 0.0287944 0.0108113 0.0193455 0.0129638 0.0109464 0.0249519 0.0523662 0.0133607 0.0109665 0.0143011 0.0147683 0.0146402 0.00969284 0.00971155 0.0105623 0.00979894 0.00849975 0.0081875 0.0088416 0.00876098 0.00849399 0.00826399 
0.0152046 0.0124298 0.0175972 0.0197782 0.0214193 0.034715 0.0216528 0.0114649 0.0203885 0.0190477 0.0295817 0.0433427 0.0292213 0.0183278 0.0239007 0.0732339 0.624239 0.00415153 0.00375325 0.00393692 0 0.0922398 0.0207126 0.0316801 0.0120112 0.022939 0.0213854 0.013176 0.0332915 0.0990871 0.0195134 0.0096635 0.0216311 0.0162943 0.0104473 0.0188233 0.0252728 0.0131255 0.00989398 0.00989262 0.0100316 0.0126769 0.0108337 0.00886915 0.00883903 0.00899745 0.00856089 0.00831724 0.00823605 0.00895 0.00944277 
0.00983514 0.0104422 0.0103647 0.0108611 0.0104067 0.0156288 0.0107718 0.0109204 0.011017 0.0103389 0.010669 0.0170322 0.0293955 0.0167723 0.01289 0.0154133 0.0320779 0.0161857 0.0426386 0.0214721 0.0922398 0 0.00377537 0.00376847 0.00382558 0.00464596 0.052642 0.0132806 0.0126626 0.0237769 0.0107048 0.00919652 0.0153384 0.0127188 0.00926727 0.00964268 0.0148316 0.0094036 0.00898833 0.00865612 0.00882016 0.0106464 0.00871621 0.00847324 0.00853787 0.00910251 0.00812526 0.00812966 0.00830246 0.00875293 0.00908026 
0.00985276 0.0174307 0.0302278 0.027464 0.0219593 0.0096538 0.00979376 0.0216618 0.0295589 0.0283923 0.0191999 0.0103058 0.015551 0.0747794 0.0303925 0.0358028 0.0128887 0.0106515 0.0358408 0.283188 0.0207126 0.00377537 0 0.0037103 0.00374276 0.00394526 0.0727369 0.0865085 0.0379282 0.0132486 0.0100624 0.0167782 0.0100439 0.0116837 0.0215411 0.0172903 0.00979016 0.0102808 0.0108459 0.0112152 0.0106453 0.00864922 0.00889105 0.00991144 0.00884805 0.00836025 0.00815723 0.00852403 0.00861214 0.00830234 0.00806402 
0.00918421 0.0171909 0.0533566 0.069843 0.0200233 0.0103709 0.00922425 0.0228771 0.052112 0.0522608 0.0223083 0.00996402 0.0195862 0.0214036 0.1439 0.0294358 0.0222597 0.0151369 0.117782 0.0335832 0.0316801 0.00376847 0.0037103 0 0.00371683 0.00371251 0.0507557 0.0606602 0.068971 0.0143421 0.0118648 0.00944489 0.0117905 0.0110567 0.0208601 0.0255357 0.0119801 0.00893104 0.0141792 0.0192488 0.0116791 0.00968884 0.0086887 0.00928796 0.0102387 0.00843556 0.0080924 0.00891242 0.00872677 0.0083516 0.0079824 
0.0095294 0.0135117 0.0256108 0.0209639 0.0259624 0.0111184 0.00993926 0.0138032 0.0201853 0.0257513 0.0259435 0.0108162 0.0112418 0.027835 0.0203877 0.125534 0.023498 0.064111 0.0688659 0.0302972 0.0120112 0.00382558 0.00374276 0.00371683 0 0.00375741 0.0146089 0.0798839 0.200407 0.0446925 0.0097366 0.0184525 0.0103788 0.0101276 0.0145763 0.0248069 0.0125094 0.00977043 0.0108651 0.0103326 0.0126104 0.00891902 0.00891817 0.00947324 0.0090158 0.00856504 0.00820279 0.00843507 0.0085503 0.00828879 0.0082263 
0.0128219 0.0114411 0.0105576 0.0113484 0.010089 0.0123385 0.0133238 0.0110508 0.0119089 0.0122987 0.0134905 0.0118577 0.0265749 0.0126582 0.0115779 0.014752 0.078527 0.102035 0.0104047 0.00842085 0.022939 0.00464596 0.00394526 0.00371251 0.00375741 0 0.02466 0.0130984 0.0380525 0.223038 0.0206285 0.00877985 0.0159382 0.0186737 0.0101947 0.0111737 0.0159582 0.0121639 0.00968297 0.00925338 0.00899066 0.0109997 0.0124254 0.00887992 0.00884599 0.00820089 0.00852622 0.00843368 0.00814954 0.00859513 0.00909223 
0.010968 0.0100003 0.00989747 0.0105943 0.00964126 0.0115066 0.00893193 0.0100807 0.00985925 0.00960861 0.00969078 0.0106435 0.0292487 0.0171041 0.011556 0.0124362 0.0187445 0.0455994 0.027151 0.0150998 0.0213854 0.052642 0.0727369 0.0507557 0.0146089 0.02466 0 0.00376114 0.00386958 0.00388573 0.0917262 0.0130113 0.0362189 0.0567509 0.0116701 0.0106516 0.0167375 0.0101772 0.0111122 0.00948672 0.00928485 0.0119684 0.0106881 0.0091127 0.00993792 0.00882759 0.00826648 0.00902134 0.0083871 0.0105322 0.00897081 
0.00885193 0.0118478 0.0207389 0.0162064 0.0129288 0.00945375 0.00874206 0.0132476 0.0189404 0.0208505 0.0118186 0.0091508 0.0147739 0.0464436 0.0513968 0.02432 0.0115536 0.0203594 0.0724909 0.0403798 0.013176 0.0132806 0.0865085 0.0606602 0.0798839 0.0130984 0.00376114 0 0.00394607 0.00374884 0.217854 0.0633469 0.0131006 0.0175679 0.0865598 0.0226508 0.0117247 0.010605 0.0144427 0.0169792 0.0139771 0.00932037 0.0096686 0.0149957 0.00985157 0.00862931 0.00823492 0.00874071 0.00933349 0.00831403 0.00821945 
0.00907015 0.0144566 0.0234752 0.0288131 0.0232593 0.0105021 0.00926552 0.0150181 0.0234251 0.0325525 0.0306957 0.0109968 0.0120896 0.0279895 0.0484017 0.186032 0.0228775 0.0176077 0.044095 0.149835 0.0332915 0.0126626 0.0379282 0.068971 0.200407 0.0380525 0.00386958 0.00394607 0 0.0037944 0.0210568 0.405104 0.0356485 0.0158674 0.0325802 0.166107 0.0204933 0.0108667 0.0198702 0.0209509 0.0336384 0.0133576 0.0102481 0.0134378 0.0117574 0.00901485 0.00829754 0.00932646 0.0102958 0.00860038 0.00817927 
0.0100815 0.00980731 0.0107727 0.0111658 0.0109594 0.0120369 0.0101143 0.00982831 0.0128456 0.0126094 0.0141403 0.0137006 0.0176507 0.0136472 0.013103 0.0326314 0.0581382 0.0275351 0.015095 0.0287944 0.0990871 0.0237769 0.0132486 0.0143421 0.0446925 0.223038 0.00388573 0.00374884 0.0037944 0 0.0203876 0.0135502 0.547948 0.0190616 0.0129544 0.0302055 0.0906556 0.0139698 0.0121162 0.0118172 0.012495 0.0217367 0.0134399 0.00906793 0.00979863 0.00974096 0.00858965 0.00907456 0.00840745 0.00920053 0.00913653 
0.00863027 0.00833981 0.00868222 0.00874931 0.00864598 0.0101844 0.00828626 0.00862129 0.0089694 0.00876059 0.0088319 0.00976807 0.0112627 0.00949293 0.00932206 0.00986038 0.0142681 0.0151578 0.0127227 0.0108113 0.0195134 0.0107048 0.0100624 0.0118648 0.0097366 0.0206285 0.0917262 0.217854 0.0210568 0.0203876 0 0.00387107 0.00405866 0.0907742 0.0197701 0.0143408 0.0274222 0.0135264 0.0131379 0.0114741 0.00994755 0.0195319 0.0115167 0.00974187 0.0113163 0.0107263 0.0084932 0.00890394 0.00854895 0.0139445 0.00952155 
0.00827711 0.00850955 0.00903127 0.00888223 0.00883229 0.00825031 0.00838367 0.00863139 0.00915453 0.00885893 0.00889531 0.00821876 0.0088492 0.0108265 0.00962255 0.012848 0.00922678 0.0107882 0.0126696 0.0193455 0.0096635 0.00919652 0.0167782 0.00944489 0.0184525 0.00877985 0.0130113 0.0633469 0.405104 0.0135502 0.00387107 0 0.0038498 0.0204781 0.0927739 0.06613 0.0130583 0.013987 0.014871 0.0101634 0.023242 0.00902411 0.00976485 0.0132693 0.00917742 0.00904614 0.00873995 0.00847729 0.0111698 0.00828493 0.00867921 
0.00928674 0.00871512 0.00886777 0.00906201 0.00873289 0.0090034 0.00944679 0.00900839 0.00927649 0.00899933 0.00915535 0.00863408 0.0133657 0.0101619 0.00995876 0.0121316 0.013979 0.0169746 0.0114034 0.0129638 0.0216311 0.0153384 0.0100439 0.0117905 0.0103788 0.0159382 0.0362189 0.0131006 0.0356485 0.547948 0.00405866 0.0038498 0 0.0275926 0.0181774 0.0686389 0.157577 0.0169592 0.0145047 0.0116586 0.0112444 0.0202464 0.0179903 0.0104525 0.0114898 0.00993726 0.00971828 0.00979107 0.00838081 0.0108881 0.0098243 
0.00903601 0.00889672 0.00936202 0.00931906 0.00892916 0.00947116 0.00938579 0.00912781 0.00928038 0.00910086 0.00928264 0.00904784 0.0122887 0.0121394 0.00993962 0.0103766 0.0136947 0.0169387 0.0144831 0.0109464 0.0162943 0.0127188 0.0116837 0.0110567 0.0101276 0.0186737 0.0567509 0.0175679 0.0158674 0.0190616 0.0907742 0.0204781 0.0275926 0 0.00395218 0.00377929 0.00533397 0.643454 0.0415473 0.0216272 0.0138105 0.0268892 0.0399665 0.0175697 0.0164216 0.015292 0.0120066 0.0122189 0.0103296 0.0205504 0.0113219 
0.00833381 0.00877733 0.00986296 0.0100058 0.00949264 0.00876488 0.00826014 0.00941528 0.0105099 0.0106874 0.00953409 0.00843639 0.00969733 0.014459 0.0197037 0.0162794 0.00966434 0.0116499 0.026032 0.0249519 0.0104473 0.00926727 0.0215411 0.0208601 0.0145763 0.0101947 0.0116701 0.0865598 0.0325802 0.0129544 0.0197701 0.0927739 0.0181774 0.00395218 0 0.00380026 0.00375775 0.0505914 0.661087 0.0465906 0.0879059 0.011621 0.0151904 0.0646352 0.0184713 0.0104382 0.00902631 0.016797 0.0168192 0.0106354 0.00882285 
0.0085062 0.00913187 0.0103379 0.0106186 0.0108465 0.0089301 0.00851626 0.00936736 0.0117005 0.012626 0.0118907 0.0086602 0.00966665 0.0117904 0.0227619 0.0288662 0.0143678 0.0104124 0.0229725 0.0523662 0.0188233 0.00964268 0.0172903 0.0255357 0.0248069 0.0111737 0.0106516 0.0226508 0.166107 0.0302055 0.0143408 0.06613 0.0686389 0.00377929 0.00380026 0 0.00388083 0.0292228 0.0521349 0.557817 0.16859 0.0600624 0.0158622 0.0296362 0.0479356 0.01698 0.00932422 0.01287 0.0231441 0.0122804 0.00894442 
0.00894178 0.00868815 0.0092426 0.00932849 0.00866303 0.00885612 0.0089334 0.00868632 0.0092504 0.00977088 0.00894237 0.00916754 0.0111449 0.0103539 0.00989253 0.0118046 0.0160556 0.0154692 0.0111203 0.0133607 0.0252728 0.0148316 0.00979016 0.0119801 0.0125094 0.0159582 0.0167375 0.0117247 0.0204933 0.0906556 0.0274222 0.0130583 0.157577 0.00533397 0.00375775 0.00388083 0 0.0223137 0.046918 0.0443664 0.464356 0.214145 0.0319572 0.0132805 0.0213967 0.0290782 0.0127694 0.010992 0.00984278 0.0182631 0.0124335 
0.00839713 0.00848739 0.00886068 0.00881383 0.00877812 0.00898186 0.00837556 0.00820064 0.00877622 0.00855579 0.00865094 0.00853358 0.00944279 0.00870056 0.00946216 0.0101592 0.0120634 0.0103743 0.00994423 0.0109665 0.0131255 0.0094036 0.0102808 0.00893104 0.00977043 0.0121639 0.0101772 0.010605 0.0108667 0.0139698 0.0135264 0.013987 0.0169592 0.643454 0.0505914 0.0292228 0.0223137 0 0.00396837 0.00375529 0.00390059 0.00484934 0.0635856 0.038875 0.0121524 0.0462633 0.0236879 0.010237 0.0177212 0.0151035 0.0228525 
0.00837854 0.008786 0.00965078 0.00980104 0.00922183 0.0085988 0.00821983 0.00898732 0.00949629 0.00956723 0.00931092 0.00823998 0.00896117 0.0106563 0.0114079 0.0122011 0.00936375 0.00943498 0.0117865 0.0143011 0.00989398 0.00898833 0.0108459 0.0141792 0.0108651 0.00968297 0.0111122 0.0144427 0.0198702 0.0121162 0.0131379 0.014871 0.0145047 0.0415473 0.661087 0.0521349 0.046918 0.00396837 0 0.00371951 0.00377862 0.00383845 0.0447937 0.0641705 0.0798632 0.016868 0.00981297 0.0447007 0.0128223 0.017066 0.00926131 
0.00828596 0.00867412 0.00974801 0.0103275 0.00919538 0.0083524 0.00818417 0.00882316 0.0104683 0.00989249 0.00896523 0.00810866 0.00897351 0.0102032 0.0144354 0.0117485 0.0092145 0.0091677 0.0123329 0.0147683 0.00989262 0.00865612 0.0112152 0.0192488 0.0103326 0.00925338 0.00948672 0.0169792 0.0209509 0.0118172 0.0114741 0.0101634 0.0116586 0.0216272 0.0465906 0.557817 0.0443664 0.00375529 0.00371951 0 0.00377609 0.00372287 0.0719816 0.0635708 0.0700876 0.0129586 0.00943962 0.0193844 0.0164793 0.0109347 0.0090284 
0.00828771 0.00853909 0.00919603 0.00923537 0.00884851 0.00825504 0.00835454 0.00876188 0.00958868 0.00969491 0.00897737 0.00837638 0.00859387 0.00969963 0.0106578 0.0115381 0.00928941 0.00945459 0.011246 0.0146402 0.0100316 0.00882016 0.0106453 0.0116791 0.0126104 0.00899066 0.00928485 0.0139771 0.0336384 0.012495 0.00994755 0.023242 0.0112444 0.0138105 0.0879059 0.16859 0.464356 0.00390059 0.00377862 0.00377609 0 0.00401086 0.0244248 0.386327 0.0424881 0.0302236 0.0118713 0.0112333 0.0337971 0.0124127 0.00964886 
0.00845993 0.00816614 0.00862581 0.00865473 0.00829139 0.00831529 0.00841973 0.00834339 0.00864607 0.00862935 0.00845925 0.0084482 0.00901201 0.00879708 0.00882845 0.00945428 0.0113349 0.0111742 0.00898022 0.00969284 0.0126769 0.0106464 0.00864922 0.00968884 0.00891902 0.0109997 0.0119684 0.00932037 0.0133576 0.0217367 0.0195319 0.00902411 0.0202464 0.0268892 0.011621 0.0600624 0.214145 0.00484934 0.00383845 0.00372287 0.00401086 0 0.0563185 0.019014 0.129259 0.0654744 0.011483 0.0119617 0.00941248 0.0247754 0.0137241 
0.00825449 0.00831992 0.00855241 0.00859459 0.00859479 0.00885721 0.00819577 0.0081864 0.008475 0.00835634 0.00850743 0.00836515 0.00897893 0.00835518 0.00871246 0.00898297 0.00991161 0.00923057 0.00884627 0.00971155 0.0108337 0.00871621 0.00889105 0.0086887 0.00891817 0.0124254 0.0106881 0.0096686 0.0102481 0.0134399 0.0115167 0.00976485 0.0179903 0.0399665 0.0151904 0.0158622 0.0319572 0.0635856 0.0447937 0.0719816 0.0244248 0.0563185 0 0.00379801 0.00384582 0.00418904 0.161755 0.0165263 0.0148534 0.044589 0.0219948 
0.00840946 0.00848831 0.00882743 0.00884948 0.00868152 0.00837522 0.00836663 0.00847638 0.00884232 0.00872593 0.00853788 0.00815272 0.00840889 0.00901658 0.00937516 0.00984099 0.00867205 0.00874492 0.0105255 0.0105623 0.00886915 0.00847324 0.00991144 0.00928796 0.00947324 0.00887992 0.0091127 0.0149957 0.0134378 0.00906793 0.00974187 0.0132693 0.0104525 0.0175697 0.0646352 0.0296362 0.0132805 0.038875 0.0641705 0.0635708 0.386327 0.019014 0.00379801 0 0.00391934 0.00380062 0.0380749 0.0709732 0.0857277 0.0113761 0.012969 
0.00839087 0.00848983 0.00867592 0.0088055 0.00862825 0.00809663 0.00819131 0.00831396 0.00854476 0.00852467 0.00844092 0.00811819 0.00878424 0.00904465 0.0094058 0.00935989 0.00859366 0.00920222 0.00953605 0.00979894 0.00883903 0.00853787 0.00884805 0.0102387 0.0090158 0.00884599 0.00993792 0.00985157 0.0117574 0.00979863 0.0113163 0.00917742 0.0114898 0.0164216 0.0184713 0.0479356 0.0213967 0.0121524 0.0798632 0.0700876 0.0424881 0.129259 0.00384582 0.00391934 0 0.0037391 0.0109175 0.120061 0.0371797 0.0371539 0.0100372 
0.00845155 0.00821978 0.00839416 0.0083831 0.00819242 0.00805682 0.00804735 0.00812216 0.0082232 0.00821338 0.00814691 0.00807001 0.00842518 0.00852065 0.00839338 0.00838056 0.00859031 0.0096975 0.00851632 0.00849975 0.00899745 0.00910251 0.00836025 0.00843556 0.00856504 0.00820089 0.00882759 0.00862931 0.00901485 0.00974096 0.0107263 0.00904614 0.00993726 0.015292 0.0104382 0.01698 0.0290782 0.0462633 0.016868 0.0129586 0.0302236 0.0654744 0.00418904 0.00380062 0.0037391 0 0.0395612 0.00967529 0.0529252 0.064242 0.0184277 
0.00821367 0.00816299 0.00826754 0.00831978 0.00827282 0.00836638 0.00801353 0.00800268 0.00807424 0.00803946 0.00800579 0.00802943 0.00811575 0.00804805 0.00815642 0.00807165 0.00826726 0.00813571 0.00805939 0.0081875 0.00856089 0.00812526 0.00815723 0.0080924 0.00820279 0.00852622 0.00826648 0.00823492 0.00829754 0.00858965 0.0084932 0.00873995 0.00971828 0.0120066 0.00902631 0.00932422 0.0127694 0.0236879 0.00981297 0.00943962 0.0118713 0.011483 0.161755 0.0380749 0.0109175 0.0395612 0 0.00439666 0.00403485 0.00415648 0.0098115 
0.00844543 0.00850088 0.00870396 0.00885467 0.00869571 0.00834208 0.00812199 0.00835899 0.00839005 0.00841176 0.00827101 0.00803588 0.00836448 0.00855725 0.00875738 0.00868149 0.00827246 0.00825973 0.00872078 0.0088416 0.00831724 0.00812966 0.00852403 0.00891242 0.00843507 0.00843368 0.00902134 0.00874071 0.00932646 0.00907456 0.00890394 0.00847729 0.00979107 0.0122189 0.016797 0.01287 0.010992 0.010237 0.0447007 0.0193844 0.0112333 0.0119617 0.0165263 0.0709732 0.120061 0.00967529 0.00439666 0 0.00381792 0.00395907 0.00504407 
0.00839458 0.00841084 0.00865889 0.00869347 0.00856642 0.00815641 0.00817238 0.00822912 0.00839664 0.00836258 0.00819225 0.00807242 0.00831317 0.00877795 0.00881672 0.00863602 0.00813497 0.00851229 0.00876408 0.00876098 0.00823605 0.00830246 0.00861214 0.00872677 0.0085503 0.00814954 0.0083871 0.00933349 0.0102958 0.00840745 0.00854895 0.0111698 0.00838081 0.0103296 0.0168192 0.0231441 0.00984278 0.0177212 0.0128223 0.0164793 0.0337971 0.00941248 0.0148534 0.0857277 0.0371797 0.0529252 0.00403485 0.00381792 0 0.00380808 0.00629873 
0.00898523 0.00843888 0.00870193 0.0087787 0.00843964 0.00830626 0.0083193 0.00825091 0.00845668 0.00834852 0.00822673 0.00817653 0.00878482 0.00848152 0.00845231 0.00838628 0.00879288 0.0093886 0.00848302 0.00849399 0.00895 0.00875293 0.00830234 0.0083516 0.00828879 0.00859513 0.0105322 0.00831403 0.00860038 0.00920053 0.0139445 0.00828493 0.0108881 0.0205504 0.0106354 0.0122804 0.0182631 0.0151035 0.017066 0.0109347 0.0124127 0.0247754 0.044589 0.0113761 0.0371539 0.064242 0.00415648 0.00395907 0.00380808 0 0.00970456 
0.00965533 0.00836133 0.00842886 0.00831033 0.00835417 0.00927799 0.00930699 0.00803512 0.00802913 0.00801948 0.0081361 0.00860472 0.00908893 0.0082337 0.00814369 0.00824814 0.00921182 0.0090983 0.00813668 0.00826399 0.00944277 0.00908026 0.00806402 0.0079824 0.0082263 0.00909223 0.00897081 0.00821945 0.00817927 0.00913653 0.00952155 0.00867921 0.0098243 0.0113219 0.00882285 0.00894442 0.0124335 0.0228525 0.00926131 0.0090284 0.00964886 0.0137241 0.0219948 0.012969 0.0100372 0.0184277 0.0098115 0.00504407 0.00629873 0.00970456 0 
