1CL0A
GTTKHSKLLILGSGPAGYTAAVYAARANLQPVLITGMEKGGQLTTTTEVENWPGDPNDLTGPLLMERMHEHATKFETEIIFDHINKVDLQNRPFRLNGDNGEYTCDALIIATGASARYLGLPSEEAFKGRGVSACATCDGFFYRNQKVAVIGGGNTAVEEALYLSNIASEVHLIHRRDGFRAEKILIKRLMDKVENGNIILHTNRTLEEVTGDQMGVTGVRLRDTQNSDNIESLDVAGLFVAIGHSPNTAIFEGQLELENGYIKVQSGIHGNATQTSIPGVFAAGDVMDHIYRQAITSAGTGCMAALDAERYLDGL
CCEEEEEEEEECCCHHHHHHHHHHHCCCCCCEEECCCCCCCHHHHCCECCCCCCCCCCCEHHHHHHHHHHHHHHCCCEEECCCCCEEECCCCCEEEECCCCEEEEEEEEECCCEEECCCCCHHHHHHECCCEECCHHHHHHHHCCCEEEEECCEHHHHHHHHHHCCCCCEEEEEECCCCCECCHHHHHHHHHHHHCCCEEEEECCEEEEEEEECCEEEEEEEECCCCCCCCEEEECCEEEECCCEEECCHHHCCCCCEECCEECCCCCCCCCCCECCCCCEEECCHHHCCCCCCHHHHHHHHHHHHHHHHHHHCCC
0 0 0 0 0 0 0 0 0 0 0 0 0 0 0 0 0 0 0 0 0 0 0 0 0 0 0 0 0 0 0 0 0 0 0 0 0 0 0 0 0 0 0 0 0 0 0 0 0 0 0 0 0 0 0 0 0 0 0 0 0 0 0 0 0 0 0 0 0 0 0 0 0 0 0 0 0 0 0 0 0 0 0 0 0 0 0 0 0 0 0 0 0 0 0 0 0 0 0 0 0 0 0 0 0 0 0 0 0 0 0 0 0 0 0 0 0 0 0 0 0 0 0 0 0 0 0 0 0 0 0 0 0 0 0 0 0 0 0 0 0 0 0 0 0 0 0 0 0 0 0 0 0 0 0 0 0 0 0 0 0 0 0 0 0 0 0 0 0 0 0 0 0 0 0 0 0 0 0 0 0 0 0 0 0 0 0 0 0 0 0 0 0 0 0 0 0 0 0 0 0 0 0 0 0 0 0 0 0 0 0 0 0 0 0 0 0 0 0 0 0 0 0 0 0 0 0 0 0 0 0 0 0 0 0 0 0 0 0 0 0 0 0 0 0 0 0 0 0 0 0 0 0 0 0 0 0 0 0 0 0 0 0 0 0 0 0 0 0 0 0 0 0 0 0 0 0 0 0 0 0 0 0 0 0 0 0 0 0 0 0 0 0 0 0 0 0 0 0 0 0 0 0 0 0 0 0 0 0 0 0 0 0 0 0 0 
0 0 0 0 0 0 0 0 0 0 0 0 0 0 0 0 0 0 0 0 0 0 0 0 0 0 0 0 0 0 0 0 0 0 0 0 0 0 0 0 0 0 0 0 0 0 0 0 0 0 0 0 0 0 0 0 0 0 0 0 0 0 0 0 0 0 0 0 0 0 0 0 0 0 0 0 0 0 0 0 0 0 0 0 0 0 0 0 0 0 0 0 0 0 0 0 0 0 0 0 0 0 0 0 0 0 0 0 0 0 0 0 0 0 0 0 0 0 0 0 0 0 0 0 0 0 0 0 0 0 0 0 0 0 0 0 0 0 0 0 0 0 0 0 0 0 0 0 0 0 0 0 0 0 0 0 0 0 0 0 0 0 0 0 0 0 0 0 0 0 0 0 0 0 0 0 0 0 0 0 0 0 0 0 0 0 0 0 0 0 0 0 0 0 0 0 0 0 0 0 0 0 0 0 0 0 0 0 0 0 0 0 0 0 0 0 0 0 0 0 0 0 0 0 0 0 0 0 0 0 0 0 0 0 0 0 0 0 0 0 0 0 0 0 0 0 0 0 0 0 0 0 0 0 0 0 0 0 0 0 0 0 0 0 0 0 0 0 0 0 0 0 0 0 0 0 0 0 0 0 0 0 0 0 0 0 0 0 0 0 0 0 0 0 0 0 0 0 0 0 0 0 0 0 0 0 0 0 0 0 0 0 0 0 0 0 
0 0.00433782 0.00375752 0.00385608 0.00390198 0.00387176 0.00434351 0.00568344 0.0167953 0.037181 0.0101416 0.0197418 0.0184811 0.0151626 0.00980033 0.00853646 0.0104655 0.00885419 0.00839446 0.0107885 0.0092977 0.0082505 0.00845423 0.0105161 0.00823416 0.00801338 0.00819397 0.00811701 0.00820262 0.00820081 0.00866186 0.00869498 0.0122369 0.00811206 0.00814328 0.00922826 0.00824541 0.0080245 0.00835023 0.0082851 0.00818712 0.00823034 0.00822478 0.00881525 0.00837461 0.00811971 0.00804943 0.0081607 0.00804294 0.00803398 0.00847919 0.00971145 0.00858613 0.0080401 0.00806697 0.00810219 0.00819693 0.00812159 0.00809319 0.00802523 0.00809979 0.0081125 0.00806417 0.0079955 0.0080839 0.00811683 0.00801952 0.00805916 0.00814424 0.00810839 0.00816362 0.00842828 0.00829558 0.00813296 0.00812088 0.00827097 0.00828532 0.00831468 0.00820344 0.00822623 0.00842953 0.0080619 0.0081906 0.00834731 0.00838585 0.00819734 0.00833251 0.00858919 0.00896332 0.00835234 0.0083477 0.00901829 
0.00433782 0 0.00373322 0.00372728 0.00372568 0.00371378 0.00383489 0.00607554 0.00584389 0.0191754 0.0226611 0.010072 0.00953989 0.00900372 0.00850602 0.0093888 0.0084805 0.00825711 0.00909917 0.0081815 0.00827729 0.00811706 0.00847772 0.00824591 0.00797346 0.0082531 0.0081252 0.00841521 0.00851703 0.00945602 0.00895765 0.00992056 0.00852118 0.00796272 0.0081192 0.00819786 0.00791301 0.00799925 0.00804906 0.00791378 0.00816659 0.00844624 0.00862812 0.00812275 0.00792213 0.00788244 0.00818005 0.00820337 0.00847303 0.00808679 0.00804696 0.00811521 0.00816771 0.00815842 0.00818306 0.00805615 0.0079488 0.00792044 0.00805289 0.00809474 0.00812303 0.00808291 0.00803283 0.00796524 0.00793543 0.00792692 0.00809077 0.00809927 0.00811504 0.00816211 0.00812186 0.00833706 0.00801409 0.00797409 0.00813176 0.00821155 0.00803473 0.00815028 0.00823645 0.00819234 0.00822642 0.00800845 0.00812439 0.00805903 0.00809331 0.00809066 0.0081156 0.00830487 0.00829878 0.008212 0.00840652 0.00839836 
0.00375752 0.00373322 0 0.00371569 0.00374169 0.0037186 0.00376372 0.00371541 0.00385862 0.0164379 0.0116914 0.00964026 0.00904598 0.00864241 0.00942212 0.00842201 0.00846722 0.00845709 0.00814123 0.0085642 0.00808414 0.00882216 0.00812108 0.00837882 0.00809255 0.00817962 0.0094121 0.00837914 0.0103588 0.0092112 0.0121692 0.00925615 0.00846668 0.00798246 0.00811316 0.00796558 0.00793096 0.00796082 0.0080052 0.00803889 0.00818257 0.00882673 0.00874147 0.00809647 0.00785858 0.00798848 0.00811215 0.00845839 0.00843469 0.00816412 0.00798632 0.00829704 0.008016 0.00813527 0.00812556 0.00807237 0.00793883 0.00801395 0.00809029 0.00805526 0.00804325 0.00800575 0.00802429 0.00795787 0.00791809 0.00797131 0.00807058 0.00810512 0.00807907 0.00803987 0.0081422 0.00811007 0.0080263 0.00799703 0.00802655 0.0080799 0.00804238 0.00813216 0.00821756 0.00821838 0.00814103 0.00801479 0.00808542 0.00801396 0.00805492 0.00806154 0.00814954 0.00824216 0.00830734 0.00820194 0.00830558 0.00839974 
0.00385608 0.00372728 0.00371569 0 0.00370338 0.0037287 0.00375892 0.00373784 0.00382157 0.0344883 0.0111251 0.0128009 0.00864196 0.00858944 0.00848546 0.00932094 0.00865223 0.00821163 0.00892688 0.00825455 0.00960573 0.00797976 0.0102331 0.00798163 0.00802597 0.00923036 0.00846384 0.0218481 0.00839689 0.0179972 0.011334 0.0104964 0.0087956 0.00808832 0.00808059 0.00851815 0.0079566 0.00797832 0.00814585 0.00791171 0.00868131 0.00932225 0.00892769 0.00820909 0.00787574 0.00798534 0.00845343 0.00865079 0.00881907 0.00817147 0.00803124 0.00797022 0.00845568 0.00809445 0.00823136 0.00805121 0.00794722 0.00795037 0.00838662 0.00806922 0.0080709 0.00825916 0.00800836 0.00800535 0.0079409 0.00800743 0.00815044 0.00812953 0.00812723 0.00811294 0.00814873 0.0084929 0.00799047 0.00803143 0.00811076 0.00824781 0.00803999 0.0082813 0.00832444 0.00825162 0.00821702 0.00808773 0.00812995 0.00808375 0.00821153 0.00810627 0.00812237 0.00834522 0.00833226 0.00830682 0.00838734 0.0083757 
0.00390198 0.00372568 0.00374169 0.00370338 0 0.00377722 0.00370757 0.00373273 0.0037541 0.0374469 0.0260345 0.0106967 0.0104818 0.00990275 0.0112854 0.00889115 0.00875686 0.00941323 0.00833154 0.0102135 0.00814688 0.0130722 0.00829976 0.00919441 0.00857423 0.00868555 0.015586 0.00941388 0.0309726 0.0109458 0.0274145 0.0142321 0.00909344 0.00810763 0.00838987 0.00808273 0.00797198 0.00812736 0.00819623 0.00852309 0.00838334 0.0132821 0.00976771 0.00832479 0.00794753 0.0084544 0.00834645 0.00981711 0.00889357 0.00840731 0.00804837 0.0085378 0.00811819 0.00833106 0.00833256 0.00819361 0.00797246 0.00834084 0.0081815 0.00812584 0.00826577 0.00816879 0.00824401 0.00800304 0.00795204 0.00809074 0.00819596 0.00830909 0.00826538 0.00823018 0.00833886 0.00816301 0.00817489 0.00806359 0.00820895 0.00814441 0.00816022 0.00824718 0.00832911 0.00837163 0.00821861 0.00816465 0.00817025 0.0080144 0.00808414 0.00813605 0.00819493 0.00825811 0.00823964 0.00831057 0.00841536 0.00835916 
0.00387176 0.00371378 0.0037186 0.0037287 0.00377722 0 0.00371146 0.00374855 0.00376237 0.0755619 0.0291207 0.0213675 0.00926581 0.00875499 0.00994479 0.0146033 0.00958163 0.00920213 0.0133365 0.00885836 0.014183 0.00856631 0.0163344 0.0085934 0.00862911 0.0157015 0.0103897 0.0330024 0.0103168 0.0698054 0.0310764 0.027033 0.0111402 0.00882305 0.00830789 0.00922036 0.00804691 0.00830753 0.00844736 0.00812262 0.0101544 0.0130653 0.012814 0.00906284 0.00796423 0.00830322 0.00940485 0.00953812 0.0112366 0.00887498 0.00824814 0.00800546 0.00866901 0.00834803 0.00860029 0.00836123 0.00811966 0.00805714 0.00858182 0.00834191 0.00831028 0.00856229 0.00821367 0.00809129 0.00798767 0.00831407 0.00847183 0.00853156 0.00846625 0.00847432 0.00834044 0.00861358 0.0081212 0.00812661 0.00820126 0.00842457 0.00821908 0.00842259 0.00868723 0.00871572 0.0085881 0.00818395 0.00815869 0.0081775 0.00830504 0.00822062 0.0083249 0.00839123 0.00835999 0.00852519 0.00868111 0.00874336 
0.00434351 0.00383489 0.00376372 0.00375892 0.00370757 0.00371146 0 0.00378593 0.003755 0.35521 0.083366 0.0304146 0.0112467 0.00978109 0.0155767 0.0151943 0.0113585 0.013467 0.0102279 0.0126535 0.00963486 0.0200841 0.0108738 0.0101375 0.00933801 0.0140628 0.0291409 0.0157123 0.031579 0.0288845 0.184842 0.0326811 0.0142524 0.00910212 0.00888436 0.00858347 0.00818899 0.00857132 0.00893453 0.00868317 0.00974827 0.0248211 0.016146 0.0101999 0.00800186 0.00849883 0.00906066 0.0123817 0.0137753 0.00963681 0.00847344 0.00852976 0.0084801 0.00860693 0.00921602 0.00850031 0.00816832 0.00828493 0.00842877 0.00866139 0.00868614 0.00868899 0.00850732 0.00818769 0.00803895 0.00827623 0.00862559 0.0091115 0.00867095 0.00858516 0.008644 0.00858553 0.00826567 0.00820989 0.00837443 0.00838599 0.00835174 0.0086932 0.0088098 0.00909113 0.0087814 0.00827807 0.00821199 0.00820611 0.00827866 0.00822897 0.00837551 0.00843517 0.00834492 0.00862916 0.00887539 0.0089729 
0.00568344 0.00607554 0.00371541 0.00373784 0.00373273 0.00374855 0.00378593 0 0.00395801 0.0269276 0.67099 0.111741 0.0145529 0.0106904 0.0121466 0.0321918 0.014344 0.0100195 0.0245411 0.0111104 0.0108672 0.0106109 0.0217487 0.0091633 0.0109162 0.0146858 0.0146359 0.0210968 0.0148712 0.0261749 0.0359058 0.125551 0.0185763 0.00965866 0.0106735 0.0086294 0.00835206 0.00906366 0.00941289 0.00853793 0.0102298 0.0155285 0.0233519 0.0107943 0.00799763 0.00831891 0.00925459 0.0106945 0.0123423 0.00955512 0.00835051 0.00819036 0.00840309 0.00863302 0.00888778 0.00879289 0.0082117 0.00819545 0.00833075 0.00849637 0.00870296 0.00850162 0.0084453 0.00818559 0.0079801 0.0082609 0.00857162 0.00887424 0.00866402 0.00840471 0.00863724 0.00874657 0.00810767 0.0082673 0.00827073 0.00834771 0.00820335 0.00878015 0.00890134 0.00908072 0.00857095 0.00818206 0.0081229 0.00812017 0.00830203 0.00815947 0.00841631 0.00836671 0.00836951 0.00886421 0.00897683 0.00871411 
0.0167953 0.00584389 0.00385862 0.00382157 0.0037541 0.00376237 0.003755 0.00395801 0 0.0373873 0.0365325 0.777269 0.0189397 0.019002 0.0140946 0.0124217 0.0301765 0.0132773 0.0106941 0.0212261 0.0160215 0.0090563 0.00983978 0.0135539 0.0137696 0.0105168 0.0103735 0.00998036 0.00985795 0.0117911 0.0165176 0.0251431 0.042417 0.0136184 0.00885984 0.00984189 0.00985327 0.0105816 0.0103761 0.00915033 0.00913355 0.011037 0.0129496 0.0165587 0.00872769 0.00865696 0.00860009 0.00929612 0.00956826 0.00875056 0.00892411 0.00932099 0.00866275 0.00819556 0.00840219 0.00814246 0.00855079 0.00852203 0.00815825 0.00811637 0.00810027 0.00822966 0.00805885 0.00799021 0.00809243 0.008375 0.0081822 0.00815195 0.0082311 0.00814362 0.00818723 0.00817255 0.00816025 0.00826841 0.00814318 0.0081048 0.00839577 0.00908011 0.00855728 0.00837498 0.00889689 0.00840547 0.00802698 0.00819603 0.00827397 0.00814514 0.00852369 0.00835987 0.00884649 0.00911204 0.00858746 0.00889084 
0.037181 0.0191754 0.0164379 0.0344883 0.0374469 0.0755619 0.35521 0.0269276 0.0373873 0 0.00382243 0.00422945 0.0513589 0.0312557 0.0606211 0.0144619 0.0227473 0.0202283 0.0132738 0.0189656 0.0175017 0.010144 0.0110695 0.0157825 0.0106054 0.0109652 0.0099293 0.0105227 0.0102084 0.014128 0.0179463 0.0170384 0.0257624 0.00966095 0.0088485 0.01372 0.00911523 0.0095679 0.0103479 0.00960551 0.00959884 0.0117329 0.013671 0.0135249 0.00903424 0.00858061 0.00916092 0.00919655 0.00952784 0.00891998 0.00972973 0.00924162 0.00877823 0.00823845 0.00836884 0.0084179 0.0090429 0.00819932 0.00804832 0.00814766 0.00817637 0.00815202 0.0080884 0.00801789 0.00804954 0.00823417 0.00806543 0.00837811 0.00824186 0.00823857 0.00824252 0.00845679 0.0085514 0.0080323 0.0081293 0.00822608 0.00844958 0.00854567 0.00832103 0.00849919 0.00899172 0.00809751 0.00804658 0.00839531 0.00820869 0.00814907 0.00815207 0.00852434 0.00859822 0.00842976 0.00837404 0.00907956 
0.0101416 0.0226611 0.0116914 0.0111251 0.0260345 0.0291207 0.083366 0.67099 0.0365325 0.00382243 0 0.00402436 0.0411859 0.0210502 0.0141739 0.126116 0.0106552 0.0111286 0.035724 0.012117 0.0097827 0.0188074 0.0139348 0.00984042 0.00966808 0.0120325 0.013062 0.0100322 0.0122537 0.0127176 0.024802 0.0599314 0.0156728 0.00908822 0.0182258 0.0086428 0.00885766 0.00971238 0.0096314 0.00858193 0.00962586 0.0133769 0.0264987 0.0110689 0.00810009 0.00834513 0.00885132 0.0102278 0.0107028 0.0106195 0.0084591 0.00850385 0.00820555 0.00862909 0.00878434 0.00868025 0.00820048 0.00807207 0.00835488 0.00842454 0.00849322 0.00837635 0.00829311 0.0081646 0.00799727 0.00806999 0.00846361 0.00868635 0.00849791 0.00847463 0.00855126 0.00857282 0.0081449 0.00813225 0.00829841 0.00829725 0.00820872 0.00855372 0.00864817 0.008833 0.0084628 0.00817191 0.00809025 0.00810531 0.00814305 0.00801603 0.00828744 0.00824737 0.00817287 0.00839485 0.00865331 0.00847318 
0.0197418 0.010072 0.00964026 0.0128009 0.0106967 0.0213675 0.0304146 0.111741 0.777269 0.00422945 0.00402436 0 0.0284106 0.0198623 0.0245501 0.0142484 0.076395 0.0147705 0.0146693 0.0212047 0.0244923 0.00925859 0.014937 0.0136302 0.0149109 0.0125126 0.0103451 0.0128965 0.00928863 0.0135147 0.0159737 0.0304109 0.0404908 0.0184367 0.00874338 0.0113804 0.010273 0.0115344 0.0107671 0.00929449 0.00935494 0.0107104 0.0131657 0.0169717 0.00895014 0.00871508 0.00902336 0.00951546 0.0102479 0.00934377 0.00912095 0.00943818 0.00899346 0.00828938 0.00869148 0.00825148 0.008667 0.00853647 0.00825071 0.00816785 0.00817888 0.00829412 0.00810814 0.00805452 0.00814917 0.00848472 0.00825926 0.00823352 0.00826699 0.00822982 0.0083584 0.00839532 0.00828429 0.00824157 0.00811354 0.0081919 0.00827502 0.00892556 0.00867442 0.00843145 0.00902349 0.00831778 0.00806047 0.00814054 0.00819149 0.00805805 0.0083724 0.00842747 0.00862955 0.0090161 0.00849658 0.00880203 
0.0184811 0.00953989 0.00904598 0.00864196 0.0104818 0.00926581 0.0112467 0.0145529 0.0189397 0.0513589 0.0411859 0.0284106 0 0.621569 0.0288117 0.0144519 0.0154444 0.0242281 0.0108112 0.0192495 0.0149159 0.0139118 0.00866945 0.0200857 0.0180893 0.0091805 0.00973069 0.00838209 0.00951449 0.00865915 0.00999813 0.0107975 0.0170261 0.0112172 0.0129206 0.00956658 0.0139496 0.010161 0.0106882 0.0138383 0.00851642 0.00919621 0.00878286 0.00977389 0.0128995 0.0126553 0.0082824 0.00978357 0.00827582 0.00829469 0.00912747 0.0235253 0.00933213 0.0090616 0.00817346 0.00812648 0.00888438 0.0117997 0.00799459 0.00837787 0.00825369 0.00790878 0.00838608 0.00794536 0.00822195 0.00969022 0.00791623 0.00894125 0.00800531 0.00791524 0.00891753 0.00800033 0.00962144 0.00922027 0.00825179 0.00798155 0.010637 0.00875873 0.00802572 0.00830501 0.00882908 0.00815687 0.00804705 0.00817288 0.0088299 0.00851235 0.010293 0.00838026 0.0106002 0.00886221 0.00841004 0.00876446 
0.0151626 0.00900372 0.00864241 0.00858944 0.00990275 0.00875499 0.00978109 0.0106904 0.019002 0.0312557 0.0210502 0.0198623 0.621569 0 0.0404346 0.0132107 0.0288221 0.0261599 0.0104699 0.0217749 0.0269995 0.0138463 0.00907994 0.0254506 0.0333216 0.0101183 0.0102801 0.00873942 0.0100918 0.00924271 0.00969667 0.0111129 0.0185597 0.0159603 0.012503 0.0109605 0.0244111 0.01481 0.0139802 0.0158801 0.00869325 0.00870228 0.00899966 0.0106741 0.0276531 0.0123987 0.00826202 0.00855739 0.00822173 0.00856721 0.00998396 0.030281 0.00912769 0.00847504 0.00810612 0.00815322 0.00937134 0.0123466 0.00804422 0.00800315 0.00828298 0.0078695 0.00816125 0.0079318 0.00884546 0.010445 0.00798653 0.00831531 0.00801731 0.00794088 0.00879774 0.00799694 0.0101821 0.00927286 0.00823292 0.00790739 0.0101973 0.00917124 0.00805013 0.00815742 0.00903689 0.00832825 0.00811645 0.00817765 0.00907316 0.00842 0.0112425 0.00848132 0.0123567 0.00891417 0.00813455 0.00889403 
0.00980033 0.00850602 0.00942212 0.00848546 0.0112854 0.00994479 0.0155767 0.0121466 0.0140946 0.0606211 0.0141739 0.0245501 0.0288117 0.0404346 0 0.00391892 0.00406002 0.00992258 0.00853807 0.125203 0.0102177 0.0204938 0.00867965 0.0429346 0.017024 0.00941188 0.0164011 0.00911966 0.0128247 0.0106908 0.016808 0.0201481 0.0253536 0.00993814 0.0140075 0.011529 0.0111005 0.00998558 0.0126362 0.0177129 0.00962869 0.0139166 0.0118188 0.0123761 0.00997667 0.0118606 0.00847154 0.0120909 0.00885896 0.00899131 0.00968242 0.0155541 0.00842144 0.00857378 0.00862112 0.00830897 0.00876051 0.00987275 0.00797292 0.00825299 0.00843771 0.0079589 0.00852128 0.00796822 0.00815148 0.00877856 0.00793999 0.00910566 0.00818582 0.00802627 0.00912998 0.00805891 0.00963454 0.00824849 0.00823617 0.00806636 0.0095793 0.00856863 0.00819788 0.0083967 0.0086427 0.00812011 0.00802887 0.00811365 0.00817166 0.00806555 0.00848723 0.00827183 0.00861436 0.00853006 0.00837872 0.00868594 
0.00853646 0.0093888 0.00842201 0.00932094 0.00889115 0.0146033 0.0151943 0.0321918 0.0124217 0.0144619 0.126116 0.0142484 0.0144519 0.0132107 0.00391892 0 0.0042728 0.0058088 0.198845 0.00700028 0.011742 0.0096287 0.0382684 0.00905441 0.0101324 0.0312737 0.00909193 0.0131184 0.00892513 0.014742 0.0200267 0.0513787 0.0136695 0.0140454 0.0122898 0.0114284 0.00943483 0.0119872 0.00991457 0.00908913 0.0169272 0.0131719 0.0277828 0.0133182 0.00866697 0.00831101 0.0119209 0.00927557 0.0129846 0.0118389 0.00886803 0.00841834 0.00893773 0.00851806 0.00869424 0.00871045 0.00827774 0.00809145 0.00863755 0.00834556 0.00824555 0.00845818 0.00815161 0.00824923 0.00793895 0.00807953 0.00866845 0.00845608 0.00839543 0.00860619 0.0082958 0.00915986 0.00809568 0.00803827 0.00814384 0.00862366 0.00813934 0.00846297 0.00867474 0.00866212 0.00850705 0.00804635 0.00807309 0.00814228 0.00813564 0.00804764 0.00815944 0.00838983 0.00806458 0.00826316 0.00853274 0.00824858 
0.0104655 0.0084805 0.00846722 0.00865223 0.00875686 0.00958163 0.0113585 0.014344 0.0301765 0.0227473 0.0106552 0.076395 0.0154444 0.0288221 0.00406002 0.0042728 0 0.0788434 0.0103238 0.0137098 0.0127108 0.0127643 0.01152 0.0181067 0.0247083 0.0097845 0.0102874 0.00924161 0.00910819 0.010473 0.0125703 0.0228497 0.0454473 0.0189035 0.00928217 0.0124008 0.013134 0.0121277 0.0113778 0.0100652 0.0096847 0.0110074 0.0158483 0.0219101 0.0101622 0.00919793 0.00879393 0.00975198 0.0095813 0.0099709 0.00932142 0.00991146 0.00889036 0.00821127 0.00841577 0.00834498 0.00871171 0.00873243 0.00831598 0.00806479 0.00809658 0.008129 0.00803289 0.0080156 0.00806357 0.00854647 0.00815072 0.00821956 0.00829171 0.00819434 0.00820159 0.00822797 0.00817607 0.00816669 0.00799212 0.00818944 0.00824568 0.00862219 0.00831012 0.00832551 0.00889877 0.00824802 0.00794331 0.00810278 0.00817425 0.00798548 0.00816394 0.00828655 0.00824528 0.00838429 0.00816926 0.00826551 
0.00885419 0.00825711 0.00845709 0.00821163 0.00941323 0.00920213 0.013467 0.0100195 0.0132773 0.0202283 0.0111286 0.0147705 0.0242281 0.0261599 0.00992258 0.0058088 0.0788434 0 0.00420521 0.00384323 0.00564729 0.0263208 0.0164092 0.382302 0.0110423 0.00812404 0.0114587 0.00816172 0.011484 0.00949432 0.0309476 0.0156799 0.0255659 0.00994659 0.0115678 0.0109195 0.0112215 0.0102168 0.0114975 0.0141765 0.0101775 0.0147371 0.0108659 0.0123367 0.0096297 0.0107952 0.00848309 0.0111499 0.0089365 0.00871569 0.00991775 0.0132093 0.00832977 0.00836035 0.00821981 0.00817077 0.00880122 0.00922629 0.00792028 0.00822807 0.0083038 0.00793411 0.00825651 0.00791584 0.00803886 0.00848887 0.00789194 0.00888579 0.00812804 0.00805546 0.00870916 0.00796795 0.00869569 0.00807947 0.00804569 0.00791183 0.00893412 0.00850374 0.00816544 0.00815409 0.00856847 0.00799464 0.00792894 0.00798616 0.00804962 0.00798594 0.00818316 0.00805918 0.00836057 0.00847623 0.00812248 0.00828999 
0.00839446 0.00909917 0.00814123 0.00892688 0.00833154 0.0133365 0.0102279 0.0245411 0.0106941 0.0132738 0.035724 0.0146693 0.0108112 0.0104699 0.00853807 0.198845 0.0103238 0.00420521 0 0.00405375 0.0139634 0.00792509 0.395086 0.00616134 0.00710028 0.0213461 0.00731206 0.011187 0.00820054 0.0474691 0.0162781 0.0553175 0.0148804 0.0138441 0.0119619 0.0139009 0.00913333 0.0162058 0.0104661 0.0089039 0.0258305 0.0113496 0.0262598 0.0114838 0.00849644 0.00830891 0.0158302 0.00865109 0.0113753 0.0103992 0.00905908 0.00820412 0.00939255 0.00849438 0.00842819 0.0086127 0.00819102 0.00806707 0.00931377 0.00814099 0.00814213 0.00863469 0.00807001 0.00822865 0.00791561 0.00800612 0.00862073 0.00829669 0.00824924 0.00838865 0.00821212 0.00935155 0.00807562 0.00804247 0.0082027 0.00860272 0.00809677 0.00827345 0.00853888 0.00866676 0.00842038 0.00795718 0.00822153 0.0081839 0.00831822 0.00810389 0.00815756 0.00844273 0.00812673 0.0081495 0.00845527 0.00816841 
0.0107885 0.0081815 0.0085642 0.00825455 0.0102135 0.00885836 0.0126535 0.0111104 0.0212261 0.0189656 0.012117 0.0212047 0.0192495 0.0217749 0.125203 0.00700028 0.0137098 0.00384323 0.00405375 0 0.00614162 0.248575 0.00420472 0.00994287 0.0165917 0.00749983 0.0113549 0.00719339 0.0563898 0.00902924 0.0124286 0.0235061 0.0506071 0.0149141 0.0131386 0.00958391 0.0147541 0.0113722 0.013629 0.0155292 0.00907854 0.0141546 0.0129797 0.0213354 0.00995524 0.0141457 0.00865817 0.0123174 0.00976564 0.0103101 0.00941209 0.0137245 0.00904431 0.00861612 0.00833241 0.00828609 0.0087 0.0103817 0.00804733 0.00815554 0.00844374 0.00799053 0.00823746 0.00796579 0.00804549 0.00895162 0.00806338 0.0086942 0.0082323 0.00807215 0.00910393 0.0080532 0.00876894 0.00835519 0.00809069 0.00802233 0.00907984 0.0091226 0.00836839 0.00831819 0.00877887 0.00814677 0.00795915 0.0079576 0.00804589 0.0079562 0.00863733 0.00806962 0.00836714 0.00855335 0.00814013 0.0082916 
0.0092977 0.00827729 0.00808414 0.00960573 0.00814688 0.014183 0.00963486 0.0108672 0.0160215 0.0175017 0.0097827 0.0244923 0.0149159 0.0269995 0.0102177 0.011742 0.0127108 0.00564729 0.0139634 0.00614162 0 0.00377352 0.00416568 0.00387669 0.0048389 0.00695709 0.00668213 0.871494 0.00734828 0.00921311 0.00803024 0.0103486 0.029484 0.0119003 0.00816813 0.0859984 0.0131582 0.0123993 0.0130898 0.0104542 0.022538 0.0107924 0.0119033 0.0192765 0.0126996 0.00869646 0.0142276 0.0089901 0.0120138 0.00882718 0.0160431 0.0101841 0.0126583 0.00805895 0.00849115 0.00822286 0.0103684 0.00824061 0.00917513 0.0079453 0.00803743 0.00908979 0.00794394 0.00817086 0.00829388 0.00820312 0.00843536 0.00803355 0.00838346 0.00873975 0.00801706 0.0103759 0.00855531 0.00834748 0.00795851 0.00904776 0.00838467 0.00892457 0.00827426 0.00823699 0.0094282 0.0083273 0.00786143 0.00883936 0.00895961 0.00810088 0.00793702 0.00877008 0.0087024 0.00821501 0.00819524 0.00861611 
0.0082505 0.00811706 0.00882216 0.00797976 0.0130722 0.00856631 0.0200841 0.0106109 0.0090563 0.010144 0.0188074 0.00925859 0.0139118 0.0138463 0.0204938 0.0096287 0.0127643 0.0263208 0.00792509 0.248575 0.00377352 0 0.00370242 0.00448473 0.00612526 0.00734256 0.945866 0.00634342 0.00924624 0.00616246 0.0091514 0.0182971 0.0101266 0.00783185 0.0764076 0.00857728 0.00946588 0.00998679 0.00959258 0.0128223 0.00948398 0.0494013 0.0181886 0.00949927 0.00837965 0.0101602 0.00828042 0.0254673 0.00993086 0.0114807 0.00846888 0.0105028 0.0080254 0.00930717 0.00846811 0.00855978 0.00810225 0.00928694 0.00798069 0.00822349 0.00888895 0.00792311 0.00867887 0.00800522 0.00800725 0.00842734 0.00799289 0.0100651 0.00825378 0.0080203 0.0108877 0.00817832 0.00873552 0.00799358 0.0084148 0.00802202 0.00886013 0.00822746 0.0085314 0.00864316 0.00823534 0.00791031 0.00808085 0.0080005 0.00795287 0.00794969 0.00840764 0.00806155 0.00807776 0.00825024 0.00832258 0.00823392 
0.00845423 0.00847772 0.00812108 0.0102331 0.00829976 0.0163344 0.0108738 0.0217487 0.00983978 0.0110695 0.0139348 0.014937 0.00866945 0.00907994 0.00867965 0.0382684 0.01152 0.0164092 0.395086 0.00420472 0.00416568 0.00370242 0 0.00375551 0.00451479 0.95984 0.00541997 0.0127135 0.00506148 0.00885041 0.00843387 0.0100701 0.0100473 0.0309523 0.00791167 0.0156011 0.00842429 0.0110665 0.00964949 0.00849038 0.0308997 0.0119128 0.031189 0.0127095 0.00846536 0.00827052 0.0257845 0.00876797 0.0202255 0.010762 0.00900204 0.00811667 0.0100591 0.00836093 0.00920407 0.00854586 0.00839356 0.00807732 0.0107929 0.00819194 0.00817287 0.00956411 0.0080706 0.00836883 0.00789876 0.00800771 0.00970219 0.0082706 0.00874586 0.00933136 0.0082473 0.0109049 0.00804039 0.0079769 0.00810461 0.00948708 0.00810506 0.0089282 0.00893855 0.00868084 0.00867599 0.00806511 0.008024 0.00817308 0.00845276 0.00803066 0.0080298 0.00871335 0.00806801 0.00823046 0.00851807 0.00827453 
0.0105161 0.00824591 0.00837882 0.00798163 0.00919441 0.0085934 0.0101375 0.0091633 0.0135539 0.0157825 0.00984042 0.0136302 0.0200857 0.0254506 0.0429346 0.00905441 0.0181067 0.382302 0.00616134 0.00994287 0.00387669 0.00448473 0.00375551 0 0.957558 0.00697805 0.00492602 0.00431128 0.00539231 0.00548274 0.00685636 0.0096684 0.0176397 0.0121157 0.0131348 0.00835783 0.0171881 0.012397 0.014196 0.0209946 0.00890255 0.0109506 0.012247 0.0193429 0.0111045 0.0153026 0.00852906 0.0110393 0.00911386 0.0092877 0.00919121 0.0165383 0.00982939 0.00875464 0.00830773 0.00824113 0.00875521 0.0124649 0.00805475 0.00840582 0.00838847 0.00797109 0.00845272 0.00797622 0.00822274 0.00955699 0.00808066 0.00899434 0.00827497 0.00807939 0.00902409 0.00801142 0.00945366 0.00849852 0.00822523 0.00801635 0.0101384 0.00929471 0.00841982 0.00831298 0.00883088 0.00813504 0.00798676 0.00796719 0.00812502 0.00810555 0.00937165 0.00819878 0.00900006 0.00880379 0.00821151 0.00824203 
0.00823416 0.00797346 0.00809255 0.00802597 0.00857423 0.00862911 0.00933801 0.0109162 0.0137696 0.0106054 0.00966808 0.0149109 0.0180893 0.0333216 0.017024 0.0101324 0.0247083 0.0110423 0.00710028 0.0165917 0.0048389 0.00612526 0.00451479 0.957558 0 0.00373166 0.00376066 0.00373931 0.00389211 0.0037592 0.0040104 0.00513213 0.0102179 0.00604265 0.00859138 0.0179052 0.0115324 0.0109191 0.0146313 0.0127653 0.0102963 0.0123081 0.0126603 0.0172474 0.0128626 0.0106071 0.00858295 0.00977857 0.00919516 0.00974256 0.0129929 0.0184157 0.00831645 0.00830621 0.00822802 0.0083075 0.0104019 0.00909393 0.00798666 0.00803025 0.00820856 0.00797215 0.00817863 0.00806916 0.00845003 0.00843157 0.00796732 0.00828331 0.00805908 0.00807287 0.00849888 0.00837352 0.0105993 0.0080213 0.00806517 0.0079827 0.00980078 0.00842358 0.00816242 0.00834278 0.00935484 0.0079639 0.00801375 0.00830775 0.00800108 0.00800386 0.00831579 0.00815704 0.00865867 0.00829186 0.00808116 0.00895658 
0.00801338 0.0082531 0.00817962 0.00923036 0.00868555 0.0157015 0.0140628 0.0146858 0.0105168 0.0109652 0.0120325 0.0125126 0.0091805 0.0101183 0.00941188 0.0312737 0.0097845 0.00812404 0.0213461 0.00749983 0.00695709 0.00734256 0.95984 0.00697805 0.00373166 0 0.0037272 0.00371284 0.00374815 0.00382231 0.00388185 0.00552935 0.00508922 0.00631892 0.00704231 0.0154238 0.0087972 0.0112961 0.00973935 0.0090133 0.0259575 0.0152073 0.0248867 0.014216 0.00947123 0.0084418 0.0182088 0.0102223 0.0226158 0.011876 0.0105248 0.00833358 0.00858657 0.00849496 0.00955153 0.00923631 0.00868538 0.00806667 0.00855133 0.00839909 0.0083428 0.00876007 0.00813451 0.00853287 0.00802937 0.00806922 0.00868268 0.00854985 0.00871207 0.00906208 0.00838971 0.00954648 0.00833662 0.00801809 0.0081017 0.00849446 0.00824448 0.00852099 0.00915169 0.00910834 0.00891961 0.00804626 0.00816103 0.00807104 0.00802131 0.00800305 0.00810177 0.00825953 0.00798978 0.0081855 0.00855554 0.00854755 
0.00819397 0.0081252 0.0094121 0.00846384 0.015586 0.0103897 0.0291409 0.0146359 0.0103735 0.0099293 0.013062 0.0103451 0.00973069 0.0102801 0.0164011 0.00909193 0.0102874 0.0114587 0.00731206 0.0113549 0.00668213 0.945866 0.00541997 0.00492602 0.00376066 0.0037272 0 0.00369252 0.00373646 0.00372078 0.00377626 0.00405055 0.00392631 0.00618831 0.00844923 0.00601169 0.0102317 0.00874506 0.0107235 0.0115765 0.010105 0.0401464 0.0210327 0.0120887 0.00860716 0.00961094 0.00878917 0.0450881 0.0150669 0.0172917 0.00898534 0.00957426 0.00824891 0.00948069 0.00986575 0.00907244 0.00874239 0.00875641 0.00824399 0.00859075 0.00971458 0.00824503 0.00905589 0.00819219 0.00804806 0.00839834 0.00830016 0.0105234 0.00912009 0.00844145 0.0119142 0.00831138 0.00863415 0.00803695 0.00836057 0.00820406 0.00884128 0.00852919 0.0088629 0.00900134 0.00880847 0.00812192 0.00812937 0.00809835 0.00798116 0.00801222 0.0082637 0.00812608 0.00802685 0.00824631 0.0084206 0.00871114 
0.00811701 0.00841521 0.00837914 0.0218481 0.00941388 0.0330024 0.0157123 0.0210968 0.00998036 0.0105227 0.0100322 0.0128965 0.00838209 0.00873942 0.00911966 0.0131184 0.00924161 0.00816172 0.011187 0.00719339 0.871494 0.00634342 0.0127135 0.00431128 0.00373931 0.00371284 0.00369252 0 0.00373202 0.00371949 0.00376721 0.00371946 0.00389049 0.00561394 0.00556825 0.0125442 0.0071232 0.00932891 0.00928244 0.00871791 0.0222505 0.0175991 0.0192682 0.0132362 0.00867467 0.00837662 0.0242969 0.0105104 0.0545035 0.0120258 0.00965377 0.00803374 0.00975476 0.00840124 0.0127466 0.00928475 0.00879493 0.00805354 0.00938446 0.00859132 0.0083958 0.0116624 0.00815528 0.00855319 0.00796977 0.00812973 0.00967996 0.00866206 0.00938263 0.0118683 0.0083007 0.0113198 0.0080696 0.00807883 0.00812048 0.0123764 0.00809086 0.00856436 0.00911444 0.0090618 0.00913523 0.0081246 0.00805477 0.00821062 0.00808857 0.0080452 0.0080559 0.00831842 0.00795581 0.00816538 0.00847333 0.00840586 
0.00820262 0.00851703 0.0103588 0.00839689 0.0309726 0.0103168 0.031579 0.0148712 0.00985795 0.0102084 0.0122537 0.00928863 0.00951449 0.0100918 0.0128247 0.00892513 0.00910819 0.011484 0.00820054 0.0563898 0.00734828 0.00924624 0.00506148 0.00539231 0.00389211 0.00374815 0.00373646 0.00373202 0 0.00369592 0.00368729 0.00375623 0.00372248 0.00441557 0.0075861 0.00502947 0.00747628 0.00902017 0.00974231 0.0139354 0.00996442 0.038848 0.0189664 0.0105913 0.0083477 0.0110458 0.00880376 0.0621371 0.0137076 0.0137394 0.00877056 0.00910612 0.00823278 0.0118718 0.00991841 0.00935607 0.0084637 0.00875967 0.00825742 0.00905864 0.0114187 0.00824919 0.00923509 0.00818992 0.00799893 0.00836372 0.00827083 0.0134269 0.0101933 0.00871957 0.0134323 0.00830914 0.0084411 0.00810811 0.00843923 0.00817275 0.00880141 0.00863784 0.00905691 0.00911445 0.00882611 0.00817076 0.00816373 0.00797087 0.00800909 0.00798819 0.00824336 0.00810374 0.00796108 0.00827937 0.00843375 0.00829889 
0.00820081 0.00945602 0.0092112 0.0179972 0.0109458 0.0698054 0.0288845 0.0261749 0.0117911 0.014128 0.0127176 0.0135147 0.00865915 0.00924271 0.0106908 0.014742 0.010473 0.00949432 0.0474691 0.00902924 0.00921311 0.00616246 0.00885041 0.00548274 0.0037592 0.00382231 0.00372078 0.00371949 0.00369592 0 0.00370668 0.00373335 0.00373198 0.00439828 0.00474368 0.0133688 0.00751956 0.00939391 0.0105347 0.00949548 0.0586917 0.0461217 0.0279661 0.0143235 0.00863008 0.00921547 0.0526312 0.0192693 0.0751945 0.0129223 0.010169 0.00817598 0.00991854 0.0100715 0.0172836 0.0104794 0.00903029 0.00835705 0.00967668 0.0108722 0.00927313 0.013022 0.00854963 0.00844684 0.00797503 0.00853606 0.0104297 0.0116753 0.0114124 0.0134593 0.00906776 0.0111869 0.00830903 0.00813238 0.00827812 0.00974654 0.00844839 0.0096317 0.0102603 0.0107509 0.00963802 0.0084643 0.00815803 0.00815336 0.00806408 0.00803296 0.00813811 0.00837864 0.00806813 0.00839781 0.00887496 0.00916007 
0.00866186 0.00895765 0.0121692 0.011334 0.0274145 0.0310764 0.184842 0.0359058 0.0165176 0.0179463 0.024802 0.0159737 0.00999813 0.00969667 0.016808 0.0200267 0.0125703 0.0309476 0.0162781 0.0124286 0.00803024 0.0091514 0.00843387 0.00685636 0.0040104 0.00388185 0.00377626 0.00376721 0.00368729 0.00370668 0 0.00373233 0.00377407 0.00452313 0.0117186 0.0385367 0.00867077 0.0113113 0.0117479 0.0116967 0.0341511 0.198765 0.0904115 0.0176281 0.00876045 0.0122411 0.0250238 0.13326 0.0830203 0.0299451 0.0102793 0.00896187 0.00914273 0.016759 0.0264315 0.0134392 0.00969009 0.00879162 0.010584 0.0121342 0.0153448 0.0105225 0.0104336 0.00867768 0.00817864 0.00870768 0.0119828 0.019106 0.0153385 0.012181 0.0156209 0.00995569 0.0086248 0.00829282 0.00881421 0.00893164 0.00917244 0.0103461 0.0136471 0.0126901 0.0105007 0.00848713 0.00835816 0.00818214 0.00809482 0.00805521 0.00833197 0.00856048 0.00814526 0.00875399 0.00929973 0.00960561 
0.00869498 0.00992056 0.00925615 0.0104964 0.0142321 0.027033 0.0326811 0.125551 0.0251431 0.0170384 0.0599314 0.0304109 0.0107975 0.0111129 0.0201481 0.0513787 0.0228497 0.0156799 0.0553175 0.0235061 0.0103486 0.0182971 0.0100701 0.0096684 0.00513213 0.00552935 0.00405055 0.00371946 0.00375623 0.00373335 0.00373233 0 0.00389303 0.00795009 0.0538797 0.0183332 0.011348 0.0159608 0.0304753 0.013514 0.0261665 0.0650924 0.28574 0.0663597 0.00994607 0.0120309 0.0304509 0.0351846 0.0875159 0.0611926 0.0148354 0.0100672 0.0096474 0.0136297 0.0199164 0.0208863 0.0115021 0.010268 0.00962415 0.0100006 0.0107357 0.0107159 0.00922211 0.00978029 0.00811705 0.00941268 0.0105165 0.0144505 0.0140175 0.0119035 0.0126727 0.0123305 0.00884586 0.0085164 0.00874131 0.00933491 0.00911674 0.0118668 0.0139483 0.0157193 0.0129001 0.00847819 0.008327 0.00827074 0.0080603 0.00812199 0.00837323 0.008755 0.00815751 0.00898733 0.0101072 0.00911331 
0.0122369 0.00852118 0.00846668 0.0087956 0.00909344 0.0111402 0.0142524 0.0185763 0.042417 0.0257624 0.0156728 0.0404908 0.0170261 0.0185597 0.0253536 0.0136695 0.0454473 0.0255659 0.0148804 0.0506071 0.029484 0.0101266 0.0100473 0.0176397 0.0102179 0.00508922 0.00392631 0.00389049 0.00372248 0.00373198 0.00377407 0.00389303 0 0.0589428 0.00699696 0.00574819 0.0119632 0.0231423 0.0317494 0.0197044 0.0150584 0.021481 0.0499943 0.147804 0.0204977 0.0162213 0.0130268 0.0167156 0.0196222 0.0266646 0.0214884 0.0172717 0.0195544 0.00966564 0.00997464 0.0106502 0.0130358 0.0145704 0.00921908 0.00922713 0.0087158 0.00865403 0.00868119 0.00846215 0.00864833 0.011894 0.00919825 0.00980303 0.00957665 0.00926912 0.00934572 0.00898837 0.00951656 0.0110694 0.00844396 0.00856388 0.0106521 0.0143512 0.0102096 0.010031 0.0142103 0.00966136 0.0081627 0.00828507 0.00860019 0.0080845 0.00929558 0.00882415 0.0096166 0.0102233 0.00869166 0.0098022 
0.00811206 0.00796272 0.00798246 0.00808832 0.00810763 0.00882305 0.00910212 0.00965866 0.0136184 0.00966095 0.00908822 0.0184367 0.0112172 0.0159603 0.00993814 0.0140454 0.0189035 0.00994659 0.0138441 0.0149141 0.0119003 0.00783185 0.0309523 0.0121157 0.00604265 0.00631892 0.00618831 0.00561394 0.00441557 0.00439828 0.00452313 0.00795009 0.0589428 0 0.00391128 0.00425867 0.00940584 0.011224 0.0188819 0.0110118 0.0137232 0.0127957 0.0127819 0.0238583 0.0155292 0.00882469 0.0126875 0.00899544 0.0108462 0.00947891 0.0185087 0.0112949 0.00993697 0.0081846 0.00897289 0.00842674 0.0114898 0.00822767 0.00871563 0.00800174 0.00812905 0.00826148 0.0080571 0.00822664 0.0084899 0.00809134 0.00816686 0.00812532 0.00826755 0.00821568 0.00810813 0.00900293 0.00883277 0.00806615 0.00791468 0.00832757 0.00863653 0.00857715 0.00822882 0.00839262 0.0101785 0.00803024 0.00787682 0.00863796 0.00808699 0.00802038 0.00793308 0.00846455 0.00841327 0.00820481 0.00812722 0.0090597 
0.00814328 0.0081192 0.00811316 0.00808059 0.00838987 0.00830789 0.00888436 0.0106735 0.00885984 0.0088485 0.0182258 0.00874338 0.0129206 0.012503 0.0140075 0.0122898 0.00928217 0.0115678 0.0119619 0.0131386 0.00816813 0.0764076 0.00791167 0.0131348 0.00859138 0.00704231 0.00844923 0.00556825 0.0075861 0.00474368 0.0117186 0.0538797 0.00699696 0.00391128 0 0.00381243 0.00682681 0.0149614 0.0195337 0.0139833 0.00968879 0.0141217 0.0267273 0.0109107 0.00931387 0.0099091 0.00882244 0.0134019 0.00954416 0.0145311 0.00866324 0.0127141 0.00830246 0.00957155 0.0084159 0.00871277 0.00824799 0.00932844 0.0081875 0.00811179 0.00850961 0.00803795 0.00843812 0.00826142 0.00799465 0.00849083 0.00813945 0.00876768 0.00817574 0.00822644 0.00917638 0.00823477 0.00860071 0.00803202 0.00844376 0.00817453 0.00878455 0.0082998 0.00846226 0.00870065 0.00832933 0.00797988 0.00829906 0.00795749 0.00793752 0.00806932 0.00855619 0.00814764 0.00814113 0.00808094 0.00830554 0.00816598 
0.00922826 0.00819786 0.00796558 0.00851815 0.00808273 0.00922036 0.00858347 0.0086294 0.00984189 0.01372 0.0086428 0.0113804 0.00956658 0.0109605 0.011529 0.0114284 0.0124008 0.0109195 0.0139009 0.00958391 0.0859984 0.00857728 0.0156011 0.00835783 0.0179052 0.0154238 0.00601169 0.0125442 0.00502947 0.0133688 0.0385367 0.0183332 0.00574819 0.00425867 0.00381243 0 0.0150121 0.0208424 0.0332445 0.0106963 0.0143146 0.00979659 0.015486 0.0221815 0.0137073 0.00928793 0.0174154 0.00873685 0.0111308 0.00930727 0.011107 0.00979441 0.0206708 0.00841034 0.0085904 0.00829007 0.00895558 0.00893675 0.0113251 0.00817957 0.00804137 0.00902737 0.00810943 0.00821954 0.00796869 0.00860931 0.00885233 0.00815574 0.00816139 0.00906823 0.00807741 0.00973103 0.00797952 0.00874935 0.00799492 0.00895486 0.00807657 0.00920759 0.00873001 0.00820038 0.00869519 0.00866803 0.00797877 0.00826267 0.00890593 0.0080599 0.00832111 0.00873711 0.00856454 0.00870295 0.00819846 0.00815739 
0.00824541 0.00791301 0.00793096 0.0079566 0.00797198 0.00804691 0.00818899 0.00835206 0.00985327 0.00911523 0.00885766 0.010273 0.0139496 0.0244111 0.0111005 0.00943483 0.013134 0.0112215 0.00913333 0.0147541 0.0131582 0.00946588 0.00842429 0.0171881 0.0115324 0.0087972 0.0102317 0.0071232 0.00747628 0.00751956 0.00867077 0.011348 0.0119632 0.00940584 0.00682681 0.0150121 0 0.595157 0.00924575 0.0104171 0.00829555 0.00892008 0.0102209 0.0124863 0.0372272 0.0114675 0.00902159 0.00935777 0.00877305 0.0121476 0.0127062 0.0199505 0.0103841 0.0083462 0.00807511 0.0087774 0.0107977 0.00972014 0.00818438 0.00801203 0.00821809 0.00798362 0.0080718 0.00813278 0.0088262 0.00910846 0.00807328 0.00807544 0.00810264 0.00802753 0.00814608 0.00822427 0.0101136 0.00827517 0.00803148 0.00817802 0.00955103 0.00865615 0.00807452 0.0084765 0.0101346 0.00808559 0.00795086 0.00863455 0.00874008 0.00850293 0.00860753 0.00875528 0.00933088 0.00811267 0.00816925 0.00897557 
0.0080245 0.00799925 0.00796082 0.00797832 0.00812736 0.00830753 0.00857132 0.00906366 0.0105816 0.0095679 0.00971238 0.0115344 0.010161 0.01481 0.00998558 0.0119872 0.0121277 0.0102168 0.0162058 0.0113722 0.0123993 0.00998679 0.0110665 0.012397 0.0109191 0.0112961 0.00874506 0.00932891 0.00902017 0.00939391 0.0113113 0.0159608 0.0231423 0.011224 0.0149614 0.0208424 0.595157 0 0.00615807 0.0139261 0.0256219 0.0128547 0.0289593 0.0279177 0.0169944 0.010528 0.0133296 0.00932287 0.0101381 0.0110481 0.015304 0.0189042 0.0108866 0.00868524 0.00856305 0.00872577 0.0119355 0.00906556 0.00853962 0.0082491 0.00824707 0.00818256 0.00819546 0.00833683 0.00867387 0.00859291 0.00845574 0.00840314 0.00822205 0.00826526 0.00827801 0.00880814 0.00950793 0.00820166 0.00800894 0.00833253 0.00891731 0.00867068 0.00860079 0.00889564 0.0106146 0.00809133 0.00801163 0.00837375 0.00803527 0.00801646 0.00811627 0.00868752 0.00862618 0.00816879 0.00833421 0.00907709 
0.00835023 0.00804906 0.0080052 0.00814585 0.00819623 0.00844736 0.00893453 0.00941289 0.0103761 0.0103479 0.0096314 0.0107671 0.0106882 0.0139802 0.0126362 0.00991457 0.0113778 0.0114975 0.0104661 0.013629 0.0130898 0.00959258 0.00964949 0.014196 0.0146313 0.00973935 0.0107235 0.00928244 0.00974231 0.0105347 0.0117479 0.0304753 0.0317494 0.0188819 0.0195337 0.0332445 0.00924575 0.00615807 0 0.0123858 0.0118836 0.0135516 0.0497622 0.0640238 0.0173231 0.0129571 0.0104453 0.0109666 0.0107681 0.0183912 0.0125816 0.0188073 0.0102651 0.00871795 0.00884298 0.010331 0.0103086 0.010421 0.00857693 0.00832339 0.00840866 0.00829412 0.00829109 0.00836221 0.00830692 0.00972886 0.00836621 0.00863004 0.00862793 0.00845967 0.00870662 0.00863047 0.00914577 0.00851148 0.00820439 0.00832307 0.00904906 0.00990019 0.0086696 0.00952239 0.0100723 0.00860941 0.0080627 0.00823786 0.00842159 0.00797106 0.00895155 0.00837375 0.00844673 0.00878048 0.00831918 0.00858324 
