1CL8A
SQGVIGIFGDYAKAHDLAVGEVSKLVKKALSNEYPQLSFRYRDSIKKTEINEALKKIDPDLGGTLFVSNSSIKPDGGIVEVKDDYGEWRVVLVAEAKHQGKDIINIRNGLLVGKRGDQDLMAAGNAIERSHKNISEIANFMLSESHFPYVLFLEGSNFLTENISITRPDGRVVNLEYNSGILNRLDRLTAANYGMPINSNLCINKFVNHKDKSIMLQAASIYTQGDGREWDSKIMFEIMFDISTTSLRVLGRDLFEQLTSK
CCCCHHHHHHHHHHHCCCHHHHHHHHHHHHHHHCCCCCEEEECCEEHHHHHHHHHHHCCCCCCCCCCCCCEECCCCCEEEEECCCCCEEEEEEEEEEECCCHHHHHHCCCCECCCCCECCCCCCCHHHHHHHHHHHHHHHCCCCCECCEEEEEECCCCCCCCEEEECCCCCEEEECCCCCCCCCHHHCHHHHCCCCCCCCCCECEEECCCCCCEEECCCEEEECCCCCCCCHHHHHHHHHHHHHHHHHHCHHHCHHHHHCC
0 0 0 0 0 0 0 0 0 0 0 0 0 0 0 0 0 0 0 0 0 0 0 0 0 0 0 0 0 0 0 0 0 0 0 0 0 0 0 0 0 0 0 0 0 0 0 0 0 0 0 0 0 0 0 0 0 0 0 0 0 0 0 0 0 0 0 0 0 0 0 0 0 0 0 0 0 0 0 0 0 0 0 0 0 0 0 0 0 0 0 0 0 0 0 0 0 0 0 0 0 0 0 0 0 0 0 0 0 0 0 0 0 0 0 0 0 0 0 0 0 0 0 0 0 0 0 0 0 0 0 0 0 0 0 0 0 0 0 0 0 0 0 0 0 0 0 0 0 0 0 0 0 0 0 0 0 0 0 0 0 0 0 0 0 0 0 0 0 0 0 0 0 0 0 0 0 0 0 0 0 0 0 0 0 0 0 0 0 0 0 0 0 0 0 0 0 0 0 0 0 0 0 0 0 0 0 0 0 0 0 0 0 0 0 0 0 0 0 0 0 0 0 0 0 0 0 0 0 0 0 0 0 0 0 0 0 0 0 0 0 0 0 0 0 0 0 0 0 0 0 0 0 0 0 0 0 0 0 0 0 
0 0 0 0 0 0 0 0 0 0 0 0 0 0 0 0 0 0 0 0 0 0 0 0 0 0 0 0 0 0 0 0 0 0 0 0 0 0 0 0 0 0 0 0 0 0 0 0 0 0 0 0 0 0 0 0 0 0 0 0 0 0 0 0 0 0 0 0 0 0 0 0 0 0 0 0 0 0 0 0 0 0 0 0 0 0 0 0 0 0 0 0 0 0 0 0 0 0 0 0 0 0 0 0 0 0 0 0 0 0 0 0 0 0 0 0 0 0 0 0 0 0 0 0 0 0 0 0 0 0 0 0 0 0 0 0 0 0 0 0 0 0 0 0 0 0 0 0 0 0 0 0 0 0 0 0 0 0 0 0 0 0 0 0 0 0 0 0 0 0 0 0 0 0 0 0 0 0 0 0 0 0 0 0 0 0 0 0 0 0 0 0 0 0 0 0 0 0 0 0 0 0 0 0 0 0 0 0 0 0 0 0 0 0 0 0 0 0 0 0 0 0 0 0 0 0 0 0 0 0 0 0 0 0 0 0 0 0 0 0 0 0 0 0 0 0 0 0 0 0 0 0 0 0 0 0 0 0 0 0 0 
0 0.00372354 0.00525036 0.0110649 0.00904247 0.00637596 0.0106137 0.072885 0.0116164 0.0134178 0.00924328 0.0658938 0.0118845 0.0113463 0.00902807 0.0134412 0.0124585 0.0134887 0.0111303 0.0121655 0.00925131 0.0112026 0.00863853 0.0121211 0.0143616 0.00996466 0.00850841 0.00921229 0.0086667 0.00882421 0.00844122 0.00902773 0.00865574 0.0128962 0.00789053 0.0103092 0.00885267 0.0086401 0.0091737 0.00815736 0.0122037 0.00859263 0.00812437 0.00818504 0.00861364 0.00854792 0.00806321 0.00878704 0.00830309 0.00849328 0.00832302 0.0085204 
0.00372354 0 0.00502842 0.0041804 0.00462809 0.0197705 0.0239713 0.00930697 0.00977097 0.0097761 0.0630835 0.00920155 0.0141276 0.00836441 0.0140051 0.00986425 0.0233416 0.0139719 0.0134234 0.0101163 0.0153469 0.00888098 0.0105779 0.00881282 0.00851535 0.00816416 0.00806862 0.00833779 0.00861432 0.0090571 0.00938694 0.00829394 0.00903956 0.00792822 0.01005 0.00838428 0.0095615 0.00833467 0.00812105 0.00942766 0.00809922 0.008034 0.00796945 0.00860899 0.00802197 0.0080869 0.00834958 0.00812125 0.00814376 0.00819353 0.00821892 0.00812498 
0.00525036 0.00502842 0 0.00391161 0.00887673 0.021839 0.0091703 0.0148902 0.0103511 0.051683 0.00957363 0.0132035 0.0087351 0.00952744 0.00937126 0.0146693 0.0110605 0.0149861 0.0106191 0.0127543 0.00923382 0.0103683 0.0091724 0.00839632 0.00852965 0.00810509 0.00802129 0.00862993 0.00952717 0.00919237 0.0088463 0.00887468 0.00819227 0.00853812 0.00830407 0.00909233 0.00815425 0.00811941 0.00862753 0.00810499 0.00851427 0.00802317 0.00799084 0.00809404 0.00802862 0.00816846 0.00825766 0.0080331 0.00824396 0.00844179 0.00826719 0.00808069 
0.0110649 0.0041804 0.00391161 0 0.153925 0.00461838 0.0143893 0.0128793 0.0918494 0.0106635 0.0107541 0.00977609 0.0105532 0.013628 0.010359 0.0091754 0.0105638 0.0101156 0.0103825 0.00919843 0.00998253 0.00885027 0.00855133 0.00867843 0.0127637 0.00954694 0.00924111 0.0100438 0.00864057 0.00841737 0.00847061 0.00818374 0.00944779 0.00953886 0.00844466 0.00828718 0.00861115 0.00928112 0.00825747 0.00816051 0.00861333 0.00827013 0.0082146 0.00816631 0.00811287 0.00818735 0.00797999 0.00815919 0.008451 0.00807728 0.00807063 0.0081289 
0.00904247 0.00462809 0.00887673 0.153925 0 0.00382162 0.0128181 0.478533 0.0126773 0.0173148 0.00954087 0.0284495 0.0128605 0.0121897 0.0105063 0.0121606 0.0112203 0.0117359 0.00997732 0.0111039 0.00890691 0.00970715 0.00920706 0.011324 0.03464 0.0128203 0.00984461 0.0101637 0.00908759 0.00881122 0.00839899 0.00907414 0.00892678 0.0138475 0.00807598 0.011544 0.00895548 0.00942496 0.00983322 0.00816227 0.0126915 0.00879221 0.00838062 0.00822611 0.00848926 0.00855396 0.00803238 0.00853835 0.00820762 0.00849883 0.00829851 0.00839132 
0.00637596 0.0197705 0.021839 0.00461838 0.00382162 0 0.553045 0.0109223 0.0256345 0.0110674 0.0163056 0.0095274 0.0184726 0.0160207 0.0113962 0.00958603 0.0106065 0.0108722 0.0106003 0.00942131 0.0125259 0.00918156 0.0100809 0.00993473 0.0137565 0.011566 0.0100815 0.010871 0.00879321 0.00847694 0.00873779 0.00836697 0.00967411 0.00862278 0.0128473 0.00815079 0.0108402 0.0096006 0.00819559 0.00984243 0.00809394 0.00910474 0.00856744 0.00855249 0.00814059 0.00834323 0.00821973 0.00820081 0.00928093 0.00822669 0.00817841 0.00839267 
0.0106137 0.0239713 0.0091703 0.0143893 0.0128181 0.553045 0 0.00643644 0.0128076 0.017921 0.0105555 0.00777144 0.0290252 0.00767203 0.0094248 0.0080757 0.01029 0.0131774 0.0102197 0.00955681 0.0134545 0.00833139 0.00915956 0.0132123 0.0139477 0.0142986 0.00973289 0.0090461 0.00865787 0.00874052 0.00918341 0.00851305 0.0103337 0.00805327 0.0111533 0.00804855 0.0137041 0.00991878 0.00808334 0.0108214 0.00816065 0.00935657 0.00932683 0.008445 0.00816626 0.00822455 0.00808158 0.00819338 0.00893683 0.00801779 0.00819169 0.00826348 
0.072885 0.00930697 0.0148902 0.0128793 0.478533 0.0109223 0.00643644 0 0.0178888 0.0182583 0.00562799 0.0135547 0.00637541 0.0103263 0.00850843 0.00953828 0.0102269 0.0113609 0.0138536 0.0171885 0.00915272 0.0101683 0.0101429 0.00984682 0.044235 0.0138841 0.0102762 0.0137069 0.0105247 0.00912271 0.00883251 0.0104111 0.00904164 0.0223635 0.00813172 0.01408 0.00862805 0.00958857 0.0109152 0.00809084 0.0160306 0.00869457 0.00866506 0.0082795 0.00853327 0.00868384 0.00806099 0.00862984 0.0082811 0.00851849 0.00818508 0.0084676 
0.0116164 0.00977097 0.0103511 0.0918494 0.0126773 0.0256345 0.0128076 0.0178888 0 0.00522514 0.00394037 0.00396521 0.00898484 0.00730713 0.00793019 0.00807276 0.0409147 0.152797 0.494306 0.0140498 0.0290367 0.010976 0.0152491 0.0205012 0.0164306 0.0120725 0.0104035 0.0134325 0.0153938 0.012247 0.0131791 0.0108444 0.0171089 0.00905174 0.0108549 0.00908974 0.0172018 0.00912843 0.00853729 0.0108308 0.0101198 0.00874054 0.00821622 0.00815479 0.00895989 0.008393 0.00817379 0.00928524 0.00899397 0.00840995 0.00899362 0.00912609 
0.0134178 0.0097761 0.051683 0.0106635 0.0173148 0.0110674 0.017921 0.0182583 0.00522514 0 0.00384535 0.00375316 0.00389518 0.00584619 0.00829375 0.0322869 0.18438 0.482391 0.0121072 0.0186434 0.0104823 0.015062 0.0139319 0.00975294 0.0124596 0.00892789 0.00868954 0.0134355 0.0269729 0.0370852 0.0238209 0.0184589 0.00956445 0.0105465 0.00846944 0.0164855 0.00961362 0.00852204 0.0122039 0.00879793 0.00965664 0.00808305 0.00800539 0.0083863 0.00810761 0.00831869 0.00971157 0.00848209 0.00885079 0.0102426 0.00894306 0.00854616 
0.00924328 0.0630835 0.00957363 0.0107541 0.00954087 0.0163056 0.0105555 0.00562799 0.00394037 0.00384535 0 0.00373346 0.00379414 0.0056773 0.0160361 0.615458 0.217943 0.0183756 0.0304748 0.0121305 0.0242067 0.0113808 0.0120366 0.0101412 0.00932153 0.00866988 0.00860521 0.0127606 0.0252037 0.0564577 0.0652834 0.0110349 0.0122825 0.00857495 0.0285078 0.00897947 0.0119837 0.00993017 0.00885749 0.0205702 0.00836167 0.00826329 0.00862198 0.00837252 0.00817542 0.00873945 0.00874106 0.0086227 0.00954649 0.0094215 0.0102615 0.00877854 
0.0658938 0.00920155 0.0132035 0.00977609 0.0284495 0.0095274 0.00777144 0.0135547 0.00396521 0.00375316 0.00373346 0 0.00371314 0.0127154 0.832158 0.0904938 0.0133838 0.0148367 0.0102584 0.020507 0.00933442 0.0153399 0.00955314 0.00831925 0.0168737 0.00930625 0.00872171 0.0114884 0.0214078 0.0175181 0.0144045 0.0323662 0.00921014 0.0157842 0.00845399 0.0262426 0.00847057 0.00881149 0.0151859 0.00835104 0.0122132 0.00820965 0.00800208 0.00825693 0.00813271 0.00844536 0.00865247 0.00871435 0.00857925 0.0095587 0.00869846 0.00855991 
0.0118845 0.0141276 0.0087351 0.0105532 0.0128605 0.0184726 0.0290252 0.00637541 0.00898484 0.00389518 0.00379414 0.00371314 0 0.980171 0.0289174 0.00596261 0.00715469 0.00783543 0.0100116 0.00722152 0.0095442 0.00699297 0.00683633 0.00931302 0.0144622 0.0135783 0.0127422 0.0168745 0.0101207 0.00962544 0.0115895 0.00879916 0.016784 0.0100928 0.0130999 0.00832994 0.0122132 0.0140213 0.00831562 0.00998687 0.00817185 0.00909347 0.00853431 0.00818678 0.00807609 0.00907734 0.00840559 0.00841427 0.0101574 0.00827932 0.00845245 0.00829571 
0.0113463 0.00836441 0.00952744 0.013628 0.0121897 0.0160207 0.00767203 0.0103263 0.00730713 0.00584619 0.0056773 0.0127154 0.980171 0 0.00439882 0.00376051 0.0037784 0.00377227 0.00376798 0.00411355 0.00401172 0.00432886 0.00583164 0.00819757 0.013219 0.0114088 0.00948131 0.0107263 0.00896106 0.00946342 0.00947317 0.00906397 0.0108211 0.00928558 0.00821798 0.00895417 0.0138145 0.00914005 0.00854491 0.008695 0.0112041 0.00856528 0.0080456 0.00810518 0.00828494 0.00823436 0.00792412 0.00842753 0.00819672 0.00844345 0.00812891 0.00864713 
0.00902807 0.0140051 0.00937126 0.010359 0.0105063 0.0113962 0.0094248 0.00850843 0.00793019 0.00829375 0.0160361 0.832158 0.0289174 0.00439882 0 0.0037107 0.00376384 0.00385982 0.00381221 0.00394544 0.00396492 0.00407451 0.00538397 0.0050867 0.0111113 0.0092392 0.00885154 0.013405 0.0193614 0.0187434 0.0154311 0.0108198 0.0104233 0.0085016 0.0106241 0.00959357 0.00969175 0.00882909 0.00952143 0.0098408 0.00838361 0.00842944 0.00814892 0.00829456 0.00804856 0.00818728 0.0083101 0.00833473 0.00867746 0.008533 0.00881154 0.00827679 
0.0134412 0.00986425 0.0146693 0.0091754 0.0121606 0.00958603 0.0080757 0.00953828 0.00807276 0.0322869 0.615458 0.0904938 0.00596261 0.00376051 0.0037107 0 0.0037563 0.00375019 0.00374748 0.0039103 0.00379 0.00444738 0.00391609 0.00444782 0.0103514 0.0085992 0.00878758 0.01974 0.0422464 0.0982463 0.0530116 0.0230289 0.0100342 0.0118047 0.0102371 0.0167207 0.00896686 0.00955302 0.0155841 0.00931119 0.00957838 0.00841349 0.00855102 0.00830442 0.00814513 0.00954464 0.00865318 0.00909479 0.00900463 0.0113725 0.0101028 0.00914389 
0.0124585 0.0233416 0.0110605 0.0105638 0.0112203 0.0106065 0.01029 0.0102269 0.0409147 0.18438 0.217943 0.0133838 0.00715469 0.0037784 0.00376384 0.0037563 0 0.00377406 0.00375652 0.00377934 0.00387212 0.00394227 0.00393212 0.00402763 0.0112548 0.00967092 0.00957082 0.0292859 0.0780959 0.164863 0.15046 0.0250305 0.0146266 0.0107639 0.0248091 0.0147468 0.0118711 0.0114131 0.0162468 0.0186508 0.00913653 0.00911941 0.00952925 0.00860787 0.00860761 0.00974889 0.00925109 0.00975358 0.0129216 0.0127264 0.0134054 0.00951651 
0.0134887 0.0139719 0.0149861 0.0101156 0.0117359 0.0108722 0.0131774 0.0113609 0.152797 0.482391 0.0183756 0.0148367 0.00783543 0.00377227 0.00385982 0.00375019 0.00377406 0 0.0037359 0.00379711 0.00377921 0.00375871 0.00380437 0.00404387 0.011313 0.00918882 0.00955093 0.0219949 0.0929329 0.172315 0.135682 0.0500426 0.0140235 0.0108696 0.0143675 0.0235705 0.0113236 0.0110081 0.0234698 0.0162068 0.0104758 0.0087696 0.00949772 0.00862034 0.00850978 0.00991087 0.010123 0.0105992 0.011386 0.0159542 0.0123412 0.0112218 
0.0111303 0.0134234 0.0106191 0.0103825 0.00997732 0.0106003 0.0102197 0.0138536 0.494306 0.0121072 0.0304748 0.0102584 0.0100116 0.00376798 0.00381221 0.00374748 0.00375652 0.0037359 0 0.00376358 0.00374007 0.00370836 0.0037332 0.00384848 0.0113581 0.00938594 0.00921566 0.0282112 0.0440494 0.10514 0.114268 0.0279557 0.0166675 0.00976962 0.0138561 0.014237 0.0119493 0.0098847 0.0129201 0.0159174 0.00975806 0.00852949 0.00879132 0.00834933 0.00835432 0.00942069 0.0091285 0.00952526 0.0113882 0.0110135 0.0121612 0.00942803 
0.0121655 0.0101163 0.0127543 0.00919843 0.0111039 0.00942131 0.00955681 0.0171885 0.0140498 0.0186434 0.0121305 0.020507 0.00722152 0.00411355 0.00394544 0.0039103 0.00377934 0.00379711 0.00376358 0 0.0037414 0.00374561 0.00374727 0.00377984 0.010845 0.00854529 0.00879098 0.018374 0.052699 0.0645316 0.0588722 0.0433302 0.0107927 0.0105115 0.00970547 0.0206532 0.00944396 0.00885752 0.0167467 0.00981179 0.0110613 0.0083933 0.00833409 0.00826121 0.00815305 0.00893012 0.00866896 0.00918193 0.00919358 0.0132557 0.00990921 0.00919692 
0.00925131 0.0153469 0.00923382 0.00998253 0.00890691 0.0125259 0.0134545 0.00915272 0.0290367 0.0104823 0.0242067 0.00933442 0.0095442 0.00401172 0.00396492 0.00379 0.00387212 0.00377921 0.00374007 0.0037414 0 0.00465122 0.00371168 0.00375864 0.00876939 0.00833101 0.009076 0.0183324 0.0237145 0.077871 0.0899809 0.0140608 0.0157348 0.00866083 0.0174219 0.00957639 0.0116785 0.00930002 0.0091306 0.0216248 0.00856578 0.00831949 0.00855271 0.00825367 0.00813201 0.0088453 0.00896779 0.00880819 0.00984638 0.00959209 0.0108757 0.00896548 
0.0112026 0.00888098 0.0103683 0.00885027 0.00970715 0.00918156 0.00833139 0.0101683 0.010976 0.015062 0.0113808 0.0153399 0.00699297 0.00432886 0.00407451 0.00444738 0.00394227 0.00375871 0.00370836 0.00374561 0.00465122 0 0.00369923 0.00369878 0.00893734 0.00798475 0.00845485 0.0111545 0.0258082 0.0457602 0.03676 0.0172713 0.00975501 0.0101053 0.00890096 0.0143044 0.00891033 0.00851146 0.0129155 0.00882998 0.00985892 0.00808747 0.0081132 0.00819317 0.0081435 0.00831883 0.00837891 0.00883591 0.00853569 0.0101226 0.00915315 0.0086087 
0.00863853 0.0105779 0.0091724 0.00855133 0.00920706 0.0100809 0.00915956 0.0101429 0.0152491 0.0139319 0.0120366 0.00955314 0.00683633 0.00583164 0.00538397 0.00391609 0.00393212 0.00380437 0.0037332 0.00374727 0.00371168 0.00369923 0 0.0037621 0.0115653 0.00835178 0.00887632 0.0116603 0.017651 0.0160991 0.0149521 0.0233095 0.0116361 0.00859687 0.0102662 0.0103598 0.00924367 0.00937912 0.00889322 0.0101177 0.00843463 0.00808239 0.00813315 0.00861819 0.00800477 0.00815822 0.00834755 0.00854294 0.00842012 0.00872447 0.00902454 0.00831904 
0.0121211 0.00881282 0.00839632 0.00867843 0.011324 0.00993473 0.0132123 0.00984682 0.0205012 0.00975294 0.0101412 0.00831925 0.00931302 0.00819757 0.0050867 0.00444782 0.00402763 0.00404387 0.00384848 0.00377984 0.00375864 0.00369878 0.0037621 0 0.0218688 0.0103848 0.0101777 0.0148626 0.0110131 0.0111418 0.0119002 0.0113159 0.0185254 0.010969 0.00921428 0.00876415 0.0103043 0.00961375 0.00838985 0.00873266 0.00849262 0.0083625 0.00808193 0.00795494 0.00800214 0.00852847 0.00806095 0.00887831 0.00954464 0.00821988 0.00826503 0.00844287 
0.0143616 0.00851535 0.00852965 0.0127637 0.03464 0.0137565 0.0139477 0.044235 0.0164306 0.0124596 0.00932153 0.0168737 0.0144622 0.013219 0.0111113 0.0103514 0.0112548 0.011313 0.0113581 0.010845 0.00876939 0.00893734 0.0115653 0.0218688 0 0.910039 0.0385268 0.0161169 0.0117185 0.00972632 0.0118403 0.0122961 0.0192481 0.0264096 0.00924442 0.012815 0.0150497 0.0135747 0.0121499 0.00954783 0.0221202 0.0122998 0.00900831 0.00843423 0.00963854 0.00940102 0.00818112 0.0103945 0.00959852 0.00843817 0.00828889 0.0102349 
0.00996466 0.00816416 0.00810509 0.00954694 0.0128203 0.011566 0.0142986 0.0138841 0.0120725 0.00892789 0.00866988 0.00930625 0.0135783 0.0114088 0.0092392 0.0085992 0.00967092 0.00918882 0.00938594 0.00854529 0.00833101 0.00798475 0.00835178 0.0103848 0.910039 0 0.0667311 0.0142902 0.0113625 0.00876667 0.00908283 0.00927019 0.014861 0.0133929 0.00966657 0.00887851 0.0171102 0.012596 0.0090061 0.00953622 0.0114822 0.0116613 0.00858711 0.0082548 0.00850068 0.00875783 0.00798956 0.00853759 0.00922154 0.00799725 0.00799912 0.00876316 
0.00850841 0.00806862 0.00802129 0.00924111 0.00984461 0.0100815 0.00973289 0.0102762 0.0104035 0.00868954 0.00860521 0.00872171 0.0127422 0.00948131 0.00885154 0.00878758 0.00957082 0.00955093 0.00921566 0.00879098 0.009076 0.00845485 0.00887632 0.0101777 0.0385268 0.0667311 0 0.00450941 0.00443262 0.003844 0.00392512 0.00463401 0.00637069 0.0102979 0.00794684 0.0081245 0.0168966 0.0138445 0.010062 0.012044 0.0131948 0.0239675 0.00889178 0.00856986 0.00937004 0.00955388 0.00859408 0.0106403 0.0104842 0.00828237 0.00881638 0.0105524 
0.00921229 0.00833779 0.00862993 0.0100438 0.0101637 0.010871 0.0090461 0.0137069 0.0134325 0.0134355 0.0127606 0.0114884 0.0168745 0.0107263 0.013405 0.01974 0.0292859 0.0219949 0.0282112 0.018374 0.0183324 0.0111545 0.0116603 0.0148626 0.0161169 0.0142902 0.00450941 0 0.00378445 0.00378892 0.00390147 0.00379601 0.00469333 0.013897 0.0102475 0.0119396 0.0609123 0.0331958 0.0201977 0.0135386 0.0230352 0.0161379 0.00981898 0.00975922 0.0147763 0.0128898 0.0114433 0.0172008 0.0213694 0.0131224 0.0117144 0.0164411 
0.0086667 0.00861432 0.00952717 0.00864057 0.00908759 0.00879321 0.00865787 0.0105247 0.0153938 0.0269729 0.0252037 0.0214078 0.0101207 0.00896106 0.0193614 0.0422464 0.0780959 0.0929329 0.0440494 0.052699 0.0237145 0.0258082 0.017651 0.0110131 0.0117185 0.0113625 0.00443262 0.00378445 0 0.00384627 0.00374994 0.0040282 0.00382522 0.0124413 0.0110238 0.0355348 0.0153333 0.0169722 0.0523377 0.0152134 0.0135574 0.0113041 0.0100232 0.0132012 0.00951887 0.0129244 0.0195477 0.0117964 0.0198943 0.029189 0.0290403 0.0110368 
0.00882421 0.0090571 0.00919237 0.00841737 0.00881122 0.00847694 0.00874052 0.00912271 0.012247 0.0370852 0.0564577 0.0175181 0.00962544 0.00946342 0.0187434 0.0982463 0.164863 0.172315 0.10514 0.0645316 0.077871 0.0457602 0.0160991 0.0111418 0.00972632 0.00876667 0.003844 0.00378892 0.00384627 0 0.00374935 0.00375717 0.00374987 0.0117778 0.0207415 0.0247876 0.0193373 0.013292 0.0281095 0.0170434 0.0109757 0.0106105 0.0110994 0.0102048 0.00938828 0.0134813 0.0148761 0.0147843 0.0172471 0.0530427 0.0271901 0.0143687 
0.00844122 0.00938694 0.0088463 0.00847061 0.00839899 0.00873779 0.00918341 0.00883251 0.0131791 0.0238209 0.0652834 0.0144045 0.0115895 0.00947317 0.0154311 0.0530116 0.15046 0.135682 0.114268 0.0588722 0.0899809 0.03676 0.0149521 0.0119002 0.0118403 0.00908283 0.00392512 0.00390147 0.00374994 0.00374935 0 0.00371642 0.0037645 0.00956451 0.0181284 0.021991 0.0186533 0.0125542 0.0213027 0.0298554 0.0108806 0.0118734 0.0116135 0.00943881 0.0101249 0.0121694 0.0157244 0.0130038 0.0234985 0.0230569 0.053182 0.0127528 
0.00902773 0.00829394 0.00887468 0.00818374 0.00907414 0.00836697 0.00851305 0.0104111 0.0108444 0.0184589 0.0110349 0.0323662 0.00879916 0.00906397 0.0108198 0.0230289 0.0250305 0.0500426 0.0279557 0.0433302 0.0140608 0.0172713 0.0233095 0.0113159 0.0122961 0.00927019 0.00463401 0.00379601 0.0040282 0.00375717 0.00371642 0 0.00393601 0.0217873 0.0114349 0.0491543 0.00797157 0.0108596 0.0284102 0.016108 0.0260111 0.00924093 0.00867578 0.0154023 0.00917459 0.00975045 0.0176688 0.0232414 0.0102318 0.0270001 0.0259879 0.0160268 
0.00865574 0.00903956 0.00819227 0.00944779 0.00892678 0.00967411 0.0103337 0.00904164 0.0171089 0.00956445 0.0122825 0.00921014 0.016784 0.0108211 0.0104233 0.0100342 0.0146266 0.0140235 0.0166675 0.0107927 0.0157348 0.00975501 0.0116361 0.0185254 0.0192481 0.014861 0.00637069 0.00469333 0.00382522 0.00374987 0.0037645 0.00393601 0 0.0143134 0.0289461 0.00845261 0.022804 0.0170457 0.00873549 0.0190119 0.021348 0.017496 0.011093 0.00877065 0.0114536 0.01209 0.0110562 0.023385 0.0219257 0.00962185 0.0170322 0.0211992 
0.0128962 0.00792822 0.00853812 0.00953886 0.0138475 0.00862278 0.00805327 0.0223635 0.00905174 0.0105465 0.00857495 0.0157842 0.0100928 0.00928558 0.0085016 0.0118047 0.0107639 0.0108696 0.00976962 0.0105115 0.00866083 0.0101053 0.00859687 0.010969 0.0264096 0.0133929 0.0102979 0.013897 0.0124413 0.0117778 0.00956451 0.0217873 0.0143134 0 0.00376553 0.00848295 0.00407862 0.00762695 0.0107896 0.00712324 0.95733 0.012786 0.00917701 0.0116079 0.0177788 0.0157895 0.00883668 0.0301573 0.009712 0.0135982 0.00905214 0.0182973 
0.00789053 0.01005 0.00830407 0.00844466 0.00807598 0.0128473 0.0111533 0.00813172 0.0108549 0.00846944 0.0285078 0.00845399 0.0130999 0.00821798 0.0106241 0.0102371 0.0248091 0.0143675 0.0138561 0.00970547 0.0174219 0.00890096 0.0102662 0.00921428 0.00924442 0.00966657 0.00794684 0.0102475 0.0110238 0.0207415 0.0181284 0.0114349 0.0289461 0.00376553 0 0.00383235 0.004118 0.00822919 0.00670201 0.988755 0.00791652 0.0104785 0.0130051 0.0104055 0.0104786 0.0099286 0.0156201 0.00904486 0.0186239 0.00968509 0.0287977 0.00941178 
0.0103092 0.00838428 0.00909233 0.00828718 0.011544 0.00815079 0.00804855 0.01408 0.00908974 0.0164855 0.00897947 0.0262426 0.00832994 0.00895417 0.00959357 0.0167207 0.0147468 0.0235705 0.014237 0.0206532 0.00957639 0.0143044 0.0103598 0.00876415 0.012815 0.00887851 0.0081245 0.0119396 0.0355348 0.0247876 0.021991 0.0491543 0.00845261 0.00848295 0.00383235 0 0.00370789 0.00783146 0.967667 0.00687088 0.0178518 0.00933602 0.00873394 0.013647 0.00953305 0.0114739 0.0115218 0.0174322 0.00931783 0.051324 0.0138394 0.0145602 
0.00885267 0.0095615 0.00815425 0.00861115 0.00895548 0.0108402 0.0137041 0.00862805 0.0172018 0.00961362 0.0119837 0.00847057 0.0122132 0.0138145 0.00969175 0.00896686 0.0118711 0.0113236 0.0119493 0.00944396 0.0116785 0.00891033 0.00924367 0.0103043 0.0150497 0.0171102 0.0168966 0.0609123 0.0153333 0.0193373 0.0186533 0.00797157 0.022804 0.00407862 0.004118 0.00370789 0 0.970028 0.00473099 0.00687026 0.00509725 0.0197276 0.0253447 0.00915289 0.0112026 0.0199875 0.0111124 0.0129777 0.0397414 0.00971999 0.0153763 0.0128252 
0.0086401 0.00833467 0.00811941 0.00928112 0.00942496 0.0096006 0.00991878 0.00958857 0.00912843 0.00852204 0.00993017 0.00881149 0.0140213 0.00914005 0.00882909 0.00955302 0.0114131 0.0110081 0.0098847 0.00885752 0.00930002 0.00851146 0.00937912 0.00961375 0.0135747 0.012596 0.0138445 0.0331958 0.0169722 0.013292 0.0125542 0.0108596 0.0170457 0.00762695 0.00822919 0.00783146 0.970028 0 0.00499399 0.00409031 0.00474595 0.0591967 0.019185 0.0109798 0.0199116 0.0150909 0.00994991 0.0123394 0.028711 0.00977001 0.0126197 0.0130211 
0.0091737 0.00812105 0.00862753 0.00825747 0.00983322 0.00819559 0.00808334 0.0109152 0.00853729 0.0122039 0.00885749 0.0151859 0.00831562 0.00854491 0.00952143 0.0155841 0.0162468 0.0234698 0.0129201 0.0167467 0.0091306 0.0129155 0.00889322 0.00838985 0.0121499 0.0090061 0.010062 0.0201977 0.0523377 0.0281095 0.0213027 0.0284102 0.00873549 0.0107896 0.00670201 0.967667 0.00473099 0.00499399 0 0.0038133 0.00433941 0.0160082 0.0131394 0.0203686 0.00988978 0.0156987 0.0141345 0.0123139 0.0104163 0.0594965 0.0132896 0.0105543 
0.00815736 0.00942766 0.00810499 0.00816051 0.00816227 0.00984243 0.0108214 0.00809084 0.0108308 0.00879793 0.0205702 0.00835104 0.00998687 0.008695 0.0098408 0.00931119 0.0186508 0.0162068 0.0159174 0.00981179 0.0216248 0.00882998 0.0101177 0.00873266 0.00954783 0.00953622 0.012044 0.0135386 0.0152134 0.0170434 0.0298554 0.016108 0.0190119 0.00712324 0.988755 0.00687088 0.00687026 0.00409031 0.0038133 0 0.00378848 0.0160437 0.0199467 0.0203352 0.0129442 0.0118332 0.02581 0.0106201 0.0257439 0.0102767 0.0365387 0.0103463 
0.0122037 0.00809922 0.00851427 0.00861333 0.0126915 0.00809394 0.00816065 0.0160306 0.0101198 0.00965664 0.00836167 0.0122132 0.00817185 0.0112041 0.00838361 0.00957838 0.00913653 0.0104758 0.00975806 0.0110613 0.00856578 0.00985892 0.00843463 0.00849262 0.0221202 0.0114822 0.0131948 0.0230352 0.0135574 0.0109757 0.0108806 0.0260111 0.021348 0.95733 0.00791652 0.0178518 0.00509725 0.00474595 0.00433941 0.00378848 0 0.0172073 0.0123994 0.0179598 0.0523974 0.0189868 0.00906528 0.0404238 0.0111011 0.017204 0.00948539 0.0163689 
0.00859263 0.008034 0.00802317 0.00827013 0.00879221 0.00910474 0.00935657 0.00869457 0.00874054 0.00808305 0.00826329 0.00820965 0.00909347 0.00856528 0.00842944 0.00841349 0.00911941 0.0087696 0.00852949 0.0083933 0.00831949 0.00808747 0.00808239 0.0083625 0.0122998 0.0116613 0.0239675 0.0161379 0.0113041 0.0106105 0.0118734 0.00924093 0.017496 0.012786 0.0104785 0.00933602 0.0197276 0.0591967 0.0160082 0.0160437 0.0172073 0 0.0100082 0.00420363 0.00809808 0.0185103 0.00753713 0.0154413 0.0390601 0.00977969 0.0110035 0.0201929 
0.00812437 0.00796945 0.00799084 0.0082146 0.00838062 0.00856744 0.00932683 0.00866506 0.00821622 0.00800539 0.00862198 0.00800208 0.00853431 0.0080456 0.00814892 0.00855102 0.00952925 0.00949772 0.00879132 0.00833409 0.00855271 0.0081132 0.00813315 0.00808193 0.00900831 0.00858711 0.00889178 0.00981898 0.0100232 0.0110994 0.0116135 0.00867578 0.011093 0.00917701 0.0130051 0.00873394 0.0253447 0.019185 0.0131394 0.0199467 0.0123994 0.0100082 0 0.00664683 0.00392595 0.00636153 0.00780906 0.895226 0.0107854 0.00907718 0.0117882 0.0161797 
0.00818504 0.00860899 0.00809404 0.00816631 0.00822611 0.00855249 0.008445 0.0082795 0.00815479 0.0083863 0.00837252 0.00825693 0.00818678 0.00810518 0.00829456 0.00830442 0.00860787 0.00862034 0.00834933 0.00826121 0.00825367 0.00819317 0.00861819 0.00795494 0.00843423 0.0082548 0.00856986 0.00975922 0.0132012 0.0102048 0.00943881 0.0154023 0.00877065 0.0116079 0.0104055 0.013647 0.00915289 0.0109798 0.0203686 0.0203352 0.0179598 0.00420363 0.00664683 0 0.00392271 0.00613541 0.963033 0.00876528 0.00818325 0.0191078 0.0166537 0.00924559 
0.00861364 0.00802197 0.00802862 0.00811287 0.00848926 0.00814059 0.00816626 0.00853327 0.00895989 0.00810761 0.00817542 0.00813271 0.00807609 0.00828494 0.00804856 0.00814513 0.00860761 0.00850978 0.00835432 0.00815305 0.00813201 0.0081435 0.00800477 0.00800214 0.00963854 0.00850068 0.00937004 0.0147763 0.00951887 0.00938828 0.0101249 0.00917459 0.0114536 0.0177788 0.0104786 0.00953305 0.0112026 0.0199116 0.00988978 0.0129442 0.0523974 0.00809808 0.00392595 0.00392271 0 0.965404 0.00502131 0.00718779 0.0154148 0.013547 0.0106134 0.0100935 
0.00854792 0.0080869 0.00816846 0.00818735 0.00855396 0.00834323 0.00822455 0.00868384 0.008393 0.00831869 0.00873945 0.00844536 0.00907734 0.00823436 0.00818728 0.00954464 0.00974889 0.00991087 0.00942069 0.00893012 0.0088453 0.00831883 0.00815822 0.00852847 0.00940102 0.00875783 0.00955388 0.0128898 0.0129244 0.0134813 0.0121694 0.00975045 0.01209 0.0157895 0.0099286 0.0114739 0.0199875 0.0150909 0.0156987 0.0118332 0.0189868 0.0185103 0.00636153 0.00613541 0.965404 0 0.00373975 0.00382505 0.00572098 0.00487296 0.0168374 0.0167473 
0.00806321 0.00834958 0.00825766 0.00797999 0.00803238 0.00821973 0.00808158 0.00806099 0.00817379 0.00971157 0.00874106 0.00865247 0.00840559 0.00792412 0.0083101 0.00865318 0.00925109 0.010123 0.0091285 0.00866896 0.00896779 0.00837891 0.00834755 0.00806095 0.00818112 0.00798956 0.00859408 0.0114433 0.0195477 0.0148761 0.0157244 0.0176688 0.0110562 0.00883668 0.0156201 0.0115218 0.0111124 0.00994991 0.0141345 0.02581 0.00906528 0.00753713 0.00780906 0.963033 0.00502131 0.00373975 0 0.00375876 0.00484944 0.00809298 0.0195306 0.00531282 
0.00878704 0.00812125 0.0080331 0.00815919 0.00853835 0.00820081 0.00819338 0.00862984 0.00928524 0.00848209 0.0086227 0.00871435 0.00841427 0.00842753 0.00833473 0.00909479 0.00975358 0.0105992 0.00952526 0.00918193 0.00880819 0.00883591 0.00854294 0.00887831 0.0103945 0.00853759 0.0106403 0.0172008 0.0117964 0.0147843 0.0130038 0.0232414 0.023385 0.0301573 0.00904486 0.0174322 0.0129777 0.0123394 0.0123139 0.0106201 0.0404238 0.0154413 0.895226 0.00876528 0.00718779 0.00382505 0.00375876 0 0.0147888 0.0123216 0.00486955 0.0110669 
0.00830309 0.00814376 0.00824396 0.008451 0.00820762 0.00928093 0.00893683 0.0082811 0.00899397 0.00885079 0.00954649 0.00857925 0.0101574 0.00819672 0.00867746 0.00900463 0.0129216 0.011386 0.0113882 0.00919358 0.00984638 0.00853569 0.00842012 0.00954464 0.00959852 0.00922154 0.0104842 0.0213694 0.0198943 0.0172471 0.0234985 0.0102318 0.0219257 0.009712 0.0186239 0.00931783 0.0397414 0.028711 0.0104163 0.0257439 0.0111011 0.0390601 0.0107854 0.00818325 0.0154148 0.00572098 0.00484944 0.0147888 0 0.00383774 0.00381669 0.00666384 
0.00849328 0.00819353 0.00844179 0.00807728 0.00849883 0.00822669 0.00801779 0.00851849 0.00840995 0.0102426 0.0094215 0.0095587 0.00827932 0.00844345 0.008533 0.0113725 0.0127264 0.0159542 0.0110135 0.0132557 0.00959209 0.0101226 0.00872447 0.00821988 0.00843817 0.00799725 0.00828237 0.0131224 0.029189 0.0530427 0.0230569 0.0270001 0.00962185 0.0135982 0.00968509 0.051324 0.00971999 0.00977001 0.0594965 0.0102767 0.017204 0.00977969 0.00907718 0.0191078 0.013547 0.00487296 0.00809298 0.0123216 0.00383774 0 0.00385656 0.00377976 
0.00832302 0.00821892 0.00826719 0.00807063 0.00829851 0.00817841 0.00819169 0.00818508 0.00899362 0.00894306 0.0102615 0.00869846 0.00845245 0.00812891 0.00881154 0.0101028 0.0134054 0.0123412 0.0121612 0.00990921 0.0108757 0.00915315 0.00902454 0.00826503 0.00828889 0.00799912 0.00881638 0.0117144 0.0290403 0.0271901 0.053182 0.0259879 0.0170322 0.00905214 0.0287977 0.0138394 0.0153763 0.0126197 0.0132896 0.0365387 0.00948539 0.0110035 0.0117882 0.0166537 0.0106134 0.0168374 0.0195306 0.00486955 0.00381669 0.00385656 0 0.0037956 
0.0085204 0.00812498 0.00808069 0.0081289 0.00839132 0.00839267 0.00826348 0.0084676 0.00912609 0.00854616 0.00877854 0.00855991 0.00829571 0.00864713 0.00827679 0.00914389 0.00951651 0.0112218 0.00942803 0.00919692 0.00896548 0.0086087 0.00831904 0.00844287 0.0102349 0.00876316 0.0105524 0.0164411 0.0110368 0.0143687 0.0127528 0.0160268 0.0211992 0.0182973 0.00941178 0.0145602 0.0128252 0.0130211 0.0105543 0.0103463 0.0163689 0.0201929 0.0161797 0.00924559 0.0100935 0.0167473 0.00531282 0.0110669 0.00666384 0.00377976 0.0037956 0 
