1D4AA
VGRRALIVLAHSERTSFNYAMKEAAAAALKKKGWEVVESDLYAMNFNPIISRKDITGKLKDPANFQYPAESVLAYKEGHLSPDIVAEQKKLEAADLVIFQFPLQWFGVPAILKGWFERVFIGEFAYTYAAMYDKGPFRSKKAVLSITTGGSGSMYSLQGIHGDMNVILWPIQSGILHFCGFQVLEPQLTYSIGHTPADARIQILEGWKKRLENIWDETPLYFAPSSLFDLNFQAGFLMKKEVQDEEKNKKFGLSVGHHLGKSIPTDNQIKARK
CCCEEEEEECCCCCCCHHHHHHHHHHHHHHHCCCEEEEEECCCCCCCCCCCHHHECCCCCCCCCCCHHHHHHHHHHHCCECHHHHHHHHHHHHCCEEEEEEECECCECCHHHHHHHHHHCCECCCECCCCCHHHCCCCCCEEEEEEECCCCCHHHCCCECCCCHHHHHHHHHCCCCHHHCCEECCCEEECCHHHCCHHHHHHHHHHHHHHHCCHHHCCCCCCCCHHHECCCHHHCCEECHHHHHHHHCCCECCCCCCCCCCECCCCCCCCCCC
0 0 0 0 0 0 0 0 0 0 0 0 0 0 0 0 0 0 0 0 0 0 0 0 0 0 0 0 0 0 0 0 0 0 0 0 0 0 0 0 0 0 0 0 0 0 0 0 0 0 0 0 0 0 0 0 0 0 0 0 0 0 0 0 0 0 0 0 0 0 0 0 0 0 0 0 0 0 0 0 0 0 0 0 0 0 0 0 0 0 0 0 0 0 0 0 0 0 0 0 0 0 0 0 0 0 0 0 0 0 0 0 0 0 0 0 0 0 0 0 0 0 0 0 0 0 0 0 0 0 0 0 0 0 0 0 0 0 0 0 0 0 0 0 0 0 0 0 0 0 0 0 0 0 0 0 0 0 0 0 0 0 0 0 0 0 0 0 0 0 0 0 0 0 0 0 0 0 0 0 0 0 0 0 0 0 0 0 0 0 0 0 0 0 0 0 0 0 0 0 0 0 0 0 0 0 0 0 0 0 0 0 0 0 0 0 0 0 0 0 0 0 0 0 0 0 0 0 0 0 0 0 0 0 0 0 0 0 0 0 0 0 0 0 0 0 0 0 0 0 0 0 0 0 0 0 0 0 0 0 0 0 0 0 0 0 0 0 0 0 0 0 0 
0 0 0 0 0 0 0 0 0 0 0 0 0 0 0 0 0 0 0 0 0 0 0 0 0 0 0 0 0 0 0 0 0 0 0 0 0 0 0 0 0 0 0 0 0 0 0 0 0 0 0 0 0 0 0 0 0 0 0 0 0 0 0 0 0 0 0 0 0 0 0 0 0 0 0 0 0 0 0 0 0 0 0 0 0 0 0 0 0 0 0 0 0 0 0 0 0 0 0 0 0 0 0 0 0 0 0 0 0 0 0 0 0 0 0 0 0 0 0 0 0 0 0 0 0 0 0 0 0 0 0 0 0 0 0 0 0 0 0 0 0 0 0 0 0 0 0 0 0 0 0 0 0 0 0 0 0 0 0 0 0 0 0 0 0 0 0 0 0 0 0 0 0 0 0 0 0 0 0 0 0 0 0 0 0 0 0 0 0 0 0 0 0 0 0 0 0 0 0 0 0 0 0 0 0 0 0 0 0 0 0 0 0 0 0 0 0 0 0 0 0 0 0 0 0 0 0 0 0 0 0 0 0 0 0 0 0 0 0 0 0 0 0 0 0 0 0 0 0 0 0 0 0 0 0 0 0 0 0 0 0 0 0 0 0 0 0 0 0 0 0 0 0 
0 0.00514625 0.00375113 0.0038129 0.00395457 0.00578393 0.702172 0.0105035 0.016335 0.0100903 0.0122311 0.0200208 0.0117195 0.0139421 0.0159851 0.0100717 0.0105369 0.00927172 0.00911329 0.00886436 0.00980052 0.00887422 0.00926228 0.00866396 0.00898442 0.00912668 0.00856182 0.0087694 0.00875374 0.00884394 0.00846737 0.00970311 0.00854365 0.00825439 0.00826686 0.0083087 0.00806208 0.00871213 0.00830901 0.0086098 0.00895273 0.00933036 0.00944553 
0.00514625 0 0.00375732 0.00374992 0.00425302 0.00393417 0.0296267 0.780466 0.0133533 0.0272031 0.0334769 0.011529 0.0133787 0.0102722 0.0439857 0.0388539 0.0249902 0.0250218 0.0136229 0.0142664 0.00871119 0.00852012 0.00848469 0.0086945 0.0087054 0.00854231 0.0123852 0.0103376 0.0113133 0.0104901 0.0109988 0.00887835 0.00809352 0.0080929 0.0082709 0.00825877 0.00853858 0.00844932 0.00841324 0.00852231 0.00868599 0.00871269 0.00909508 
0.00375113 0.00375732 0 0.00374569 0.00375603 0.00376075 0.0721793 0.0212618 0.637647 0.0291113 0.0321532 0.0115735 0.00969295 0.00915659 0.0149116 0.0723385 0.0854334 0.0643122 0.0452639 0.0126324 0.0106001 0.00856096 0.00829024 0.0082083 0.00822428 0.00868762 0.0120092 0.0185494 0.0170611 0.0167046 0.0100063 0.008833 0.00806105 0.00815168 0.00818146 0.00839307 0.00857046 0.00837453 0.00821628 0.00840504 0.00835906 0.00843593 0.00925573 
0.0038129 0.00374992 0.00374569 0 0.00372473 0.00372824 0.0233052 0.0984526 0.0363613 0.643932 0.0212248 0.0258187 0.00989839 0.00905559 0.0181957 0.0541666 0.120892 0.0979692 0.0578795 0.0151342 0.0118305 0.00883788 0.00851822 0.00837443 0.00825346 0.0088212 0.0130816 0.0196311 0.0202096 0.0163462 0.0109716 0.00866026 0.00807287 0.00813273 0.0082655 0.00855518 0.00877019 0.00851167 0.0082718 0.00845183 0.00832344 0.00849589 0.00916466 
0.00395457 0.00425302 0.00375603 0.00372473 0 0.00382461 0.0222249 0.0255103 0.0583589 0.0326382 0.725914 0.0256374 0.0133667 0.01028 0.014318 0.0286859 0.038807 0.0443995 0.0265117 0.0186173 0.0103731 0.00985809 0.00896784 0.00866348 0.00849007 0.0091435 0.0107669 0.0140146 0.0133349 0.011545 0.0114442 0.00915181 0.00806187 0.00814341 0.00819042 0.00850121 0.00864165 0.00840559 0.00825857 0.00843215 0.00811759 0.00840098 0.00887851 
0.00578393 0.00393417 0.00376075 0.00372824 0.00382461 0 0.0182836 0.0179258 0.0151882 0.0380856 0.0390775 0.725018 0.0173415 0.0160112 0.0222813 0.0144044 0.0152756 0.0124239 0.0119374 0.010179 0.011527 0.0115784 0.0102983 0.00964253 0.00969422 0.0105885 0.00928457 0.00968603 0.0100196 0.0100467 0.00936993 0.00965143 0.00890027 0.00833075 0.00820417 0.00908431 0.00824342 0.00846801 0.00879785 0.00864927 0.00829364 0.00906997 0.00995825 
0.702172 0.0296267 0.0721793 0.0233052 0.0222249 0.0182836 0 0.00384338 0.00413011 0.00387153 0.00393604 0.00517768 0.00943861 0.0232969 0.0153207 0.01122 0.0108875 0.00945091 0.010068 0.00886745 0.010085 0.010043 0.0113588 0.00901272 0.0101504 0.0103797 0.00840841 0.00902867 0.00863817 0.00964629 0.0085181 0.0107606 0.0089425 0.00874413 0.00824968 0.00845561 0.00804403 0.00857856 0.00821997 0.00948526 0.00872945 0.0100833 0.00997082 
0.0105035 0.780466 0.0212618 0.0984526 0.0255103 0.0179258 0.00384338 0 0.00379521 0.00371527 0.00397318 0.00377283 0.0120706 0.0113968 0.0200802 0.0170656 0.0134281 0.0171453 0.00998256 0.0111496 0.00867176 0.00836379 0.0083393 0.00898621 0.00838546 0.00814222 0.0110694 0.00888043 0.0124299 0.00894674 0.0102498 0.00821592 0.00795191 0.00792622 0.00811882 0.00803991 0.00844862 0.00819431 0.00856459 0.00817087 0.00900909 0.00837335 0.00854436 
0.016335 0.0133533 0.637647 0.0363613 0.0583589 0.0151882 0.00413011 0.00379521 0 0.00370843 0.00371985 0.00385353 0.00716769 0.00916526 0.0110782 0.0199318 0.0322307 0.0193811 0.0256329 0.00943721 0.00952038 0.00833346 0.00825873 0.00800258 0.00807438 0.00825051 0.00912827 0.0149782 0.0116751 0.0156771 0.00905433 0.00845715 0.00801089 0.00808038 0.00802454 0.00815151 0.00820911 0.00805737 0.00794592 0.00816395 0.00821125 0.00827232 0.00840012 
0.0100903 0.0272031 0.0291113 0.643932 0.0326382 0.0380856 0.00387153 0.00371527 0.00370843 0 0.00370722 0.00370999 0.00706787 0.00905309 0.0122929 0.0208157 0.0488975 0.0365072 0.0204944 0.0104089 0.00943013 0.00839094 0.00835253 0.00819114 0.00807547 0.0083439 0.0097491 0.0138134 0.0145375 0.0118139 0.00971518 0.00840064 0.00795735 0.0081116 0.00802963 0.00826903 0.00836053 0.00810095 0.00794478 0.00808595 0.00807351 0.00804955 0.00850604 
0.0122311 0.0334769 0.0321532 0.0212248 0.725914 0.0390775 0.00393604 0.00397318 0.00371985 0.00370722 0 0.00387832 0.0078638 0.0105747 0.0133693 0.0267785 0.0294934 0.0256315 0.0134905 0.0142574 0.00909609 0.0089342 0.00875293 0.00861022 0.0087234 0.00881042 0.0107038 0.0106501 0.0114761 0.0101045 0.0101311 0.00846652 0.00810806 0.00805223 0.0081639 0.00822612 0.00831344 0.00822967 0.00809924 0.00813143 0.00810703 0.00810254 0.00865701 
0.0200208 0.011529 0.0115735 0.0258187 0.0256374 0.725018 0.00517768 0.00377283 0.00385353 0.00370999 0.00387832 0 0.011296 0.0144363 0.0187038 0.0113137 0.0150593 0.0131738 0.0130957 0.0103039 0.0113861 0.0113741 0.0100829 0.00953042 0.00916589 0.0102284 0.00884269 0.00951311 0.00947068 0.00952321 0.00889887 0.00973737 0.00843448 0.00812589 0.00810253 0.00851002 0.00808332 0.00836197 0.0083499 0.00835383 0.00810146 0.0085679 0.00882298 
0.0117195 0.0133787 0.00969295 0.00989839 0.0133667 0.0173415 0.00943861 0.0120706 0.00716769 0.00706787 0.0078638 0.011296 0 0.713895 0.0145425 0.0118494 0.00982355 0.0113818 0.00919306 0.0107007 0.0105869 0.0150925 0.0159421 0.0256724 0.0253209 0.00967864 0.00930029 0.00839914 0.00880344 0.00844103 0.00905693 0.0103625 0.0115329 0.00817565 0.00945478 0.00841557 0.00823968 0.00925806 0.010924 0.00856317 0.0104936 0.0103195 0.0116727 
0.0139421 0.0102722 0.00915659 0.00905559 0.01028 0.0160112 0.0232969 0.0113968 0.00916526 0.00905309 0.0105747 0.0144363 0.713895 0 0.0203422 0.0124705 0.0108907 0.0109724 0.0120587 0.00959235 0.0123271 0.0344576 0.0590843 0.062522 0.0700372 0.0171219 0.0110044 0.00951331 0.00912376 0.00946755 0.0096949 0.0137455 0.0339415 0.0102851 0.00985505 0.0108005 0.00821794 0.0100642 0.0129814 0.00976944 0.0102646 0.0136647 0.0167189 
0.0159851 0.0439857 0.0149116 0.0181957 0.014318 0.0222813 0.0153207 0.0200802 0.0110782 0.0122929 0.0133693 0.0187038 0.0145425 0.0203422 0 0.00441306 0.00374891 0.00378698 0.00377302 0.00394703 0.00443717 0.00509073 0.0110808 0.0286917 0.018714 0.195947 0.0390204 0.0316761 0.0182206 0.0181651 0.0136914 0.026319 0.0170508 0.00996261 0.0118564 0.0121088 0.00956614 0.0130853 0.0101224 0.00888519 0.0108202 0.00987801 0.0100669 
0.0100717 0.0388539 0.0723385 0.0541666 0.0286859 0.0144044 0.01122 0.0170656 0.0199318 0.0208157 0.0267785 0.0113137 0.0118494 0.0124705 0.00441306 0 0.00375877 0.00374063 0.00377117 0.00664526 0.00387331 0.00448095 0.00804244 0.0130294 0.0135045 0.0180753 0.433389 0.0419205 0.0987117 0.0361341 0.0508669 0.0149745 0.0102525 0.00938103 0.00939944 0.0110238 0.0146577 0.00982376 0.00858586 0.00882755 0.00891556 0.00858896 0.00876817 
0.0105369 0.0249902 0.0854334 0.120892 0.038807 0.0152756 0.0108875 0.0134281 0.0322307 0.0488975 0.0294934 0.0150593 0.00982355 0.0108907 0.00374891 0.00375877 0 0.00373838 0.00373219 0.00376163 0.00375408 0.00428381 0.00539039 0.0108428 0.00960052 0.0174137 0.0301698 0.464976 0.0643133 0.265078 0.0343755 0.0169965 0.00884681 0.00875845 0.00922756 0.0120736 0.0114056 0.00997916 0.00830462 0.00851826 0.0083978 0.00824548 0.00993029 
0.00927172 0.0250218 0.0643122 0.0979692 0.0443995 0.0124239 0.00945091 0.0171453 0.0193811 0.0365072 0.0256315 0.0131738 0.0113818 0.0109724 0.00378698 0.00374063 0.00373838 0 0.00373674 0.00371327 0.00374478 0.00383583 0.00524347 0.0123909 0.0100612 0.012238 0.0706058 0.0501218 0.509897 0.0521188 0.0607815 0.0121016 0.00891137 0.00854742 0.00940735 0.0107873 0.0114185 0.00993423 0.00842112 0.00841593 0.00876518 0.00833056 0.00883818 
0.00911329 0.0136229 0.0452639 0.0578795 0.0265117 0.0119374 0.010068 0.00998256 0.0256329 0.0204944 0.0134905 0.0130957 0.00919306 0.0120587 0.00377302 0.00377117 0.00373219 0.00373674 0 0.00370239 0.00371382 0.0037606 0.00449234 0.0101342 0.00975125 0.014187 0.0211315 0.203743 0.0463289 0.330077 0.0180526 0.0166806 0.00867389 0.00877271 0.00875719 0.0104064 0.0104964 0.0105139 0.00822377 0.00840796 0.00825524 0.00812743 0.00865925 
0.00886436 0.0142664 0.0126324 0.0151342 0.0186173 0.010179 0.00886745 0.0111496 0.00943721 0.0104089 0.0142574 0.0103039 0.0107007 0.00959235 0.00394703 0.00664526 0.00376163 0.00371327 0.00370239 0 0.00372934 0.00381643 0.00471894 0.00991317 0.0108301 0.0103196 0.0378154 0.0162428 0.0463298 0.0158173 0.202135 0.010743 0.0094018 0.00859555 0.00919661 0.00943079 0.0108694 0.00887621 0.00842199 0.00828388 0.00812655 0.0081126 0.00824675 
0.00980052 0.00871119 0.0106001 0.0118305 0.0103731 0.011527 0.010085 0.00867176 0.00952038 0.00943013 0.00909609 0.0113861 0.0105869 0.0123271 0.00443717 0.00387331 0.00375408 0.00374478 0.00371382 0.00372934 0 0.0037967 0.00405588 0.0117786 0.00994893 0.0185437 0.0104951 0.0207011 0.0120444 0.025835 0.0154771 0.0491288 0.00881251 0.00855053 0.00855111 0.010699 0.00865162 0.00949595 0.00860376 0.00828638 0.00808139 0.0081989 0.00851238 
0.00887422 0.00852012 0.00856096 0.00883788 0.00985809 0.0115784 0.010043 0.00836379 0.00833346 0.00839094 0.0089342 0.0113741 0.0150925 0.0344576 0.00509073 0.00448095 0.00428381 0.00383583 0.0037606 0.00381643 0.0037967 0 0.650292 0.023264 0.0507268 0.0142328 0.0110637 0.0102427 0.0110652 0.0100319 0.0212868 0.0195906 0.0182026 0.00934283 0.00995057 0.010464 0.00876213 0.00967068 0.00948962 0.00839738 0.00871429 0.00958824 0.0107073 
0.00926228 0.00848469 0.00829024 0.00851822 0.00896784 0.0102983 0.0113588 0.0083393 0.00825873 0.00835253 0.00875293 0.0100829 0.0159421 0.0590843 0.0110808 0.00804244 0.00539039 0.00524347 0.00449234 0.00471894 0.00405588 0.650292 0 0.0561938 0.0540814 0.0200447 0.0121541 0.0105203 0.0100809 0.0115941 0.0110387 0.018848 0.0221964 0.0115422 0.00954711 0.0107113 0.00849205 0.009802 0.0104165 0.00934631 0.00908718 0.0110621 0.011951 
0.00866396 0.0086945 0.0082083 0.00837443 0.00866348 0.00964253 0.00901272 0.00898621 0.00800258 0.00819114 0.00861022 0.00953042 0.0256724 0.062522 0.0286917 0.0130294 0.0108428 0.0123909 0.0101342 0.00991317 0.0117786 0.023264 0.0561938 0 0.82398 0.0165612 0.0142378 0.0100208 0.0113692 0.0102962 0.0199079 0.0172525 0.0581467 0.00999566 0.0138077 0.0113407 0.00907377 0.0116451 0.0142457 0.00908349 0.0118919 0.0115817 0.0120173 
0.00898442 0.0087054 0.00822428 0.00825346 0.00849007 0.00969422 0.0101504 0.00838546 0.00807438 0.00807547 0.0087234 0.00916589 0.0253209 0.0700372 0.018714 0.0135045 0.00960052 0.0100612 0.00975125 0.0108301 0.00994893 0.0507268 0.0540814 0.82398 0 0.0287501 0.0200182 0.0113277 0.0116852 0.0118908 0.0144614 0.0350976 0.0761853 0.010967 0.0146216 0.0118869 0.00907731 0.0127047 0.0161275 0.00985419 0.0118118 0.0145361 0.0149538 
0.00912668 0.00854231 0.00868762 0.0088212 0.0091435 0.0105885 0.0103797 0.00814222 0.00825051 0.0083439 0.00881042 0.0102284 0.00967864 0.0171219 0.195947 0.0180753 0.0174137 0.012238 0.014187 0.0103196 0.0185437 0.0142328 0.0200447 0.0165612 0.0287501 0 0.00518644 0.00374821 0.00374188 0.0037462 0.00391165 0.00655481 0.0173154 0.0441459 0.0162409 0.0241157 0.0109132 0.0180779 0.0105695 0.0106452 0.0114122 0.0119038 0.0107472 
0.00856182 0.0123852 0.0120092 0.0130816 0.0107669 0.00928457 0.00840841 0.0110694 0.00912827 0.0097491 0.0107038 0.00884269 0.00930029 0.0110044 0.0390204 0.433389 0.0301698 0.0706058 0.0211315 0.0378154 0.0104951 0.0110637 0.0121541 0.0142378 0.0200182 0.00518644 0 0.00372538 0.00372507 0.0038094 0.00462713 0.00389805 0.0138086 0.0159852 0.0166116 0.0201597 0.0308107 0.0113657 0.00958665 0.00901393 0.0099902 0.00867302 0.00862711 
0.0087694 0.0103376 0.0185494 0.0196311 0.0140146 0.00968603 0.00902867 0.00888043 0.0149782 0.0138134 0.0106501 0.00951311 0.00839914 0.00951331 0.0316761 0.0419205 0.464976 0.0501218 0.203743 0.0162428 0.0207011 0.0102427 0.0105203 0.0100208 0.0113277 0.00374821 0.00372538 0 0.00374295 0.00372766 0.00377339 0.00376012 0.00873555 0.0162662 0.0108504 0.0218817 0.0161934 0.0119788 0.00886989 0.0092671 0.00876333 0.00845609 0.00840431 
0.00875374 0.0113133 0.0170611 0.0202096 0.0133349 0.0100196 0.00863817 0.0124299 0.0116751 0.0145375 0.0114761 0.00947068 0.00880344 0.00912376 0.0182206 0.0987117 0.0643133 0.509897 0.0463289 0.0463298 0.0120444 0.0110652 0.0100809 0.0113692 0.0116852 0.00374188 0.00372507 0.00374295 0 0.00371103 0.0037478 0.00375069 0.00863647 0.0119118 0.0186636 0.0146381 0.0244278 0.0127812 0.00938993 0.00879463 0.00913645 0.00841975 0.00870045 
0.00884394 0.0104901 0.0167046 0.0163462 0.011545 0.0100467 0.00964629 0.00894674 0.0156771 0.0118139 0.0101045 0.00952321 0.00844103 0.00946755 0.0181651 0.0361341 0.265078 0.0521188 0.330077 0.0158173 0.025835 0.0100319 0.0115941 0.0102962 0.0118908 0.0037462 0.0038094 0.00372766 0.00371103 0 0.00372521 0.00376358 0.0123575 0.0160879 0.0118533 0.0266983 0.0157533 0.0128646 0.00886623 0.009695 0.00885096 0.0089803 0.0088095 
0.00846737 0.0109988 0.0100063 0.0109716 0.0114442 0.00936993 0.0085181 0.0102498 0.00905433 0.00971518 0.0101311 0.00889887 0.00905693 0.0096949 0.0136914 0.0508669 0.0343755 0.0607815 0.0180526 0.202135 0.0154771 0.0212868 0.0110387 0.0199079 0.0144614 0.00391165 0.00462713 0.00377339 0.0037478 0.00372521 0 0.00380918 0.0145766 0.0138107 0.0218539 0.0146754 0.0928803 0.0176317 0.0105782 0.00955133 0.00984634 0.00895715 0.00923941 
0.00970311 0.00887835 0.008833 0.00866026 0.00915181 0.00965143 0.0107606 0.00821592 0.00845715 0.00840064 0.00846652 0.00973737 0.0103625 0.0137455 0.026319 0.0149745 0.0169965 0.0121016 0.0166806 0.010743 0.0491288 0.0195906 0.018848 0.0172525 0.0350976 0.00655481 0.00389805 0.00376012 0.00375069 0.00376358 0.00380918 0 0.0687392 0.0184612 0.020971 0.0272587 0.0141631 0.0464929 0.0121 0.0124107 0.00979425 0.012062 0.0116165 
0.00854365 0.00809352 0.00806105 0.00807287 0.00806187 0.00890027 0.0089425 0.00795191 0.00801089 0.00795735 0.00810806 0.00843448 0.0115329 0.0339415 0.0170508 0.0102525 0.00884681 0.00891137 0.00867389 0.0094018 0.00881251 0.0182026 0.0221964 0.0581467 0.0761853 0.0173154 0.0138086 0.00873555 0.00863647 0.0123575 0.0145766 0.0687392 0 0.0362668 0.0355433 0.0156806 0.0134606 0.0221452 0.0253075 0.011065 0.0140636 0.0149024 0.0175711 
0.00825439 0.0080929 0.00815168 0.00813273 0.00814341 0.00833075 0.00874413 0.00792622 0.00808038 0.0081116 0.00805223 0.00812589 0.00817565 0.0102851 0.00996261 0.00938103 0.00875845 0.00854742 0.00877271 0.00859555 0.00855053 0.00934283 0.0115422 0.00999566 0.010967 0.0441459 0.0159852 0.0162662 0.0119118 0.0160879 0.0138107 0.0184612 0.0362668 0 0.00489289 0.00507164 0.0336743 0.0320019 0.0109897 0.0181015 0.0118336 0.0150633 0.011898 
0.00826686 0.0082709 0.00818146 0.0082655 0.00819042 0.00820417 0.00824968 0.00811882 0.00802454 0.00802963 0.0081639 0.00810253 0.00945478 0.00985505 0.0118564 0.00939944 0.00922756 0.00940735 0.00875719 0.00919661 0.00855111 0.00995057 0.00954711 0.0138077 0.0146216 0.0162409 0.0166116 0.0108504 0.0186636 0.0118533 0.0218539 0.020971 0.0355433 0.00489289 0 0.0113764 0.0143634 0.00473772 0.023608 0.0139833 0.0131983 0.0127216 0.0127867 
0.0083087 0.00825877 0.00839307 0.00855518 0.00850121 0.00908431 0.00845561 0.00803991 0.00815151 0.00826903 0.00822612 0.00851002 0.00841557 0.0108005 0.0121088 0.0110238 0.0120736 0.0107873 0.0104064 0.00943079 0.010699 0.010464 0.0107113 0.0113407 0.0118869 0.0241157 0.0201597 0.0218817 0.0146381 0.0266983 0.0146754 0.0272587 0.0156806 0.00507164 0.0113764 0 0.00377316 0.00390319 0.0239683 0.0157693 0.0177646 0.0160269 0.0147122 
0.00806208 0.00853858 0.00857046 0.00877019 0.00864165 0.00824342 0.00804403 0.00844862 0.00820911 0.00836053 0.00831344 0.00808332 0.00823968 0.00821794 0.00956614 0.0146577 0.0114056 0.0114185 0.0104964 0.0108694 0.00865162 0.00876213 0.00849205 0.00907377 0.00907731 0.0109132 0.0308107 0.0161934 0.0244278 0.0157533 0.0928803 0.0141631 0.0134606 0.0336743 0.0143634 0.00377316 0 0.00384106 0.0154954 0.015884 0.0172792 0.0106298 0.00978855 
0.00871213 0.00844932 0.00837453 0.00851167 0.00840559 0.00846801 0.00857856 0.00819431 0.00805737 0.00810095 0.00822967 0.00836197 0.00925806 0.0100642 0.0130853 0.00982376 0.00997916 0.00993423 0.0105139 0.00887621 0.00949595 0.00967068 0.009802 0.0116451 0.0127047 0.0180779 0.0113657 0.0119788 0.0127812 0.0128646 0.0176317 0.0464929 0.0221452 0.0320019 0.00473772 0.00390319 0.00384106 0 0.0371049 0.0186585 0.0179409 0.015019 0.0136245 
0.00830901 0.00841324 0.00821628 0.0082718 0.00825857 0.00879785 0.00821997 0.00856459 0.00794592 0.00794478 0.00809924 0.0083499 0.010924 0.0129814 0.0101224 0.00858586 0.00830462 0.00842112 0.00822377 0.00842199 0.00860376 0.00948962 0.0104165 0.0142457 0.0161275 0.0105695 0.00958665 0.00886989 0.00938993 0.00886623 0.0105782 0.0121 0.0253075 0.0109897 0.023608 0.0239683 0.0154954 0.0371049 0 0.0426484 0.135696 0.048121 0.0566761 
0.0086098 0.00852231 0.00840504 0.00845183 0.00843215 0.00864927 0.00948526 0.00817087 0.00816395 0.00808595 0.00813143 0.00835383 0.00856317 0.00976944 0.00888519 0.00882755 0.00851826 0.00841593 0.00840796 0.00828388 0.00828638 0.00839738 0.00934631 0.00908349 0.00985419 0.0106452 0.00901393 0.0092671 0.00879463 0.009695 0.00955133 0.0124107 0.011065 0.0181015 0.0139833 0.0157693 0.015884 0.0186585 0.0426484 0 0.0117992 0.116499 0.0493075 
0.00895273 0.00868599 0.00835906 0.00832344 0.00811759 0.00829364 0.00872945 0.00900909 0.00821125 0.00807351 0.00810703 0.00810146 0.0104936 0.0102646 0.0108202 0.00891556 0.0083978 0.00876518 0.00825524 0.00812655 0.00808139 0.00871429 0.00908718 0.0118919 0.0118118 0.0114122 0.0099902 0.00876333 0.00913645 0.00885096 0.00984634 0.00979425 0.0140636 0.0118336 0.0131983 0.0177646 0.0172792 0.0179409 0.135696 0.0117992 0 0.0532796 0.0335453 
0.00933036 0.00871269 0.00843593 0.00849589 0.00840098 0.00906997 0.0100833 0.00837335 0.00827232 0.00804955 0.00810254 0.0085679 0.0103195 0.0136647 0.00987801 0.00858896 0.00824548 0.00833056 0.00812743 0.0081126 0.0081989 0.00958824 0.0110621 0.0115817 0.0145361 0.0119038 0.00867302 0.00845609 0.00841975 0.0089803 0.00895715 0.012062 0.0149024 0.0150633 0.0127216 0.0160269 0.0106298 0.015019 0.048121 0.116499 0.0532796 0 0.737206 
0.00944553 0.00909508 0.00925573 0.00916466 0.00887851 0.00995825 0.00997082 0.00854436 0.00840012 0.00850604 0.00865701 0.00882298 0.0116727 0.0167189 0.0100669 0.00876817 0.00993029 0.00883818 0.00865925 0.00824675 0.00851238 0.0107073 0.011951 0.0120173 0.0149538 0.0107472 0.00862711 0.00840431 0.00870045 0.0088095 0.00923941 0.0116165 0.0175711 0.011898 0.0127867 0.0147122 0.00978855 0.0136245 0.0566761 0.0493075 0.0335453 0.737206 0 
