1DDWA
XGEQPIFSTRAHVFQIDPNTKKNWVPTSKHAVTVSYFYDSTRNVYRIISLDGSKAIINSTITPNXTFTKTSQKFGQWADSRANTVYGLGFSSEHHLSKFAEKFQEFKEAAR
CCEEEEEEEEEEEEEECCCCCCCEEECCCCCEEEEEEEECCCCEEEEEEEECCEEEEEEECCCCCCCEECCCCEEEEEECCCCEEEEEECCCHHHHHHHHHHHHHHHHHHC
0 0 0 0 0 0 0 0 0 0 0 0 0 0 0 0 0 0 0 0 0 0 0 0 0 0 0 0 0 0 0 0 0 0 0 0 0 0 0 0 0 0 0 0 0 0 0 0 0 0 0 0 0 0 0 0 0 0 0 0 0 0 0 0 0 0 0 0 0 0 0 0 0 0 0 0 0 0 0 0 0 0 0 0 0 0 0 0 0 0 0 0 0 0 0 0 0 0 0 0 0 0 0 0 0 0 0 0 0 0 0 
0 0 0 0 0 0 0 0 0 0 0 0 0 0 0 0 0 0 0 0 0 0 0 0 0 0 0 0 0 0 0 0 0 0 0 0 0 0 0 0 0 0 0 0 0 0 0 0 0 0 0 0 0 0 0 0 0 0 0 0 0 0 0 0 0 0 0 0 0 0 0 0 0 0 0 0 0 0 0 0 0 0 0 0 0 0 0 0 0 0 0 0 0 0 0 0 0 0 0 0 0 0 0 0 0 0 0 0 0 0 0 
0 0.00398115 0.00374898 0.00381818 0.0039505 0.00440066 0.0038428 0.0050433 0.00439308 0.00517372 0.00505468 0.0105488 0.00817995 0.0276905 0.00948969 0.00812323 0.0142685 0.0128858 0.0109394 0.00913248 0.00930029 0.00919346 0.00902706 0.0108026 0.0363123 0.0117088 0.0090061 0.0101722 0.00963815 0.00922897 0.00921315 0.00881349 0.0117483 0.0113174 0.00913136 0.00936824 0.00876775 0.00857875 0.00864391 0.0120655 0.00911682 0.00955878 0.00872652 0.00809671 0.00822661 0.00811004 0.00837716 0.0089122 0.00892107 0.0080336 0.00833915 0.00829929 0.00834935 0.00913113 
0.00398115 0 0.00388915 0.00374269 0.00371452 0.00373787 0.0050788 0.00381704 0.00576038 0.00427069 0.00559578 0.00564622 0.0094179 0.00654054 0.00738579 0.010298 0.00805205 0.00950739 0.0115494 0.0106903 0.00968546 0.00990063 0.0110419 0.0175798 0.00889829 0.00872971 0.0107853 0.0101043 0.01109 0.0113137 0.00897269 0.010642 0.00836962 0.00864426 0.0115581 0.0095998 0.00925561 0.00857034 0.0106072 0.00858542 0.0084306 0.00850762 0.00808079 0.00859678 0.00810056 0.0082534 0.00896823 0.00807547 0.00821106 0.00874287 0.00844448 0.00840919 0.00886215 0.00818586 
0.00374898 0.00388915 0 0.0036883 0.00370757 0.00371269 0.00380154 0.00380359 0.00389877 0.00394651 0.00421245 0.00649772 0.0051264 0.00687605 0.00790128 0.00735174 0.00732054 0.00900145 0.00947534 0.00967756 0.0103924 0.0106723 0.0216725 0.00991067 0.00859777 0.00865228 0.00898366 0.010286 0.0229669 0.0108048 0.0114951 0.00862476 0.00832932 0.00842317 0.00984312 0.0118379 0.0112679 0.0100591 0.00902211 0.00864194 0.00831042 0.00817496 0.00832621 0.00844158 0.00866481 0.00883199 0.00852478 0.00810654 0.00824554 0.00866926 0.0091691 0.00997123 0.00857715 0.0083621 
0.00381818 0.00374269 0.0036883 0 0.00371915 0.00373027 0.00370037 0.00373979 0.00378286 0.00391162 0.00435063 0.00446766 0.0049901 0.00498508 0.00710015 0.00751518 0.00747338 0.00898172 0.0125311 0.00935934 0.0179444 0.0242043 0.0156208 0.00961116 0.00883493 0.00925274 0.00920639 0.0205866 0.0133853 0.0238901 0.0121624 0.00888588 0.00847058 0.00885759 0.00987508 0.0156533 0.0117884 0.0157203 0.00886946 0.00935969 0.00846773 0.00821645 0.00846589 0.00857807 0.0118267 0.00855317 0.00921192 0.008156 0.0085983 0.00901253 0.0134921 0.0113621 0.0089772 0.00863128 
0.0039505 0.00371452 0.00370757 0.00371915 0 0.00370805 0.00371288 0.00372015 0.00391 0.00383805 0.00412923 0.00657436 0.004311 0.00625452 0.00731631 0.00900357 0.00761561 0.0138835 0.00873013 0.0291441 0.00989322 0.0491981 0.0123622 0.0119561 0.0101061 0.00872958 0.0122285 0.011246 0.0296152 0.0152606 0.0193268 0.0107369 0.00858791 0.00864298 0.0115896 0.0108417 0.0287771 0.00945817 0.0152033 0.00879835 0.00845342 0.00840636 0.00835794 0.0098253 0.00865477 0.0130642 0.0085341 0.00903805 0.00845437 0.0122376 0.0130791 0.0148279 0.0112572 0.0086934 
0.00440066 0.00373787 0.00371269 0.00373027 0.00370805 0 0.00370552 0.00382199 0.00372301 0.00410188 0.00373717 0.00385167 0.0051849 0.00399264 0.00724761 0.00688219 0.00756942 0.00861934 0.0247336 0.00880233 0.052801 0.0108906 0.0170313 0.0117106 0.00928272 0.0100779 0.00890132 0.0308071 0.0121357 0.0144079 0.017871 0.0117433 0.00980555 0.0090017 0.00967533 0.0216546 0.00943157 0.0376954 0.00874466 0.0140408 0.00898431 0.00817799 0.00868177 0.00850287 0.0198964 0.00844848 0.0120784 0.00816328 0.00914588 0.00888608 0.0165274 0.0130961 0.00886879 0.0102195 
0.0038428 0.0050788 0.00380154 0.00370037 0.00371288 0.00370552 0 0.00378034 0.00396498 0.00372065 0.00387436 0.00455935 0.00379383 0.00475919 0.0065094 0.00705324 0.00681617 0.016399 0.00845096 0.0721487 0.00882975 0.0278155 0.0122993 0.0095609 0.0098128 0.00857195 0.0155038 0.0100562 0.0270682 0.0140135 0.00979877 0.0115396 0.00851411 0.00924166 0.0126797 0.00938368 0.0306423 0.00878041 0.0195711 0.00865536 0.00827912 0.00846895 0.00838942 0.0103837 0.00844626 0.0173077 0.00824157 0.00894149 0.00844881 0.0122782 0.0108032 0.0122333 0.0125112 0.00844072 
0.0050433 0.00381704 0.00380359 0.00373979 0.00372015 0.00382199 0.00378034 0 0.00370456 0.00383756 0.00371718 0.00376293 0.00399019 0.00376165 0.00693605 0.00634795 0.00685854 0.00883833 0.0400362 0.00862504 0.0464621 0.0112612 0.0106179 0.0104609 0.00879121 0.011083 0.00884906 0.0281665 0.0105046 0.0125059 0.0179409 0.0086683 0.00957135 0.00976862 0.0100205 0.023098 0.00921621 0.0456836 0.00874816 0.0132727 0.00917294 0.00827956 0.0087259 0.00848651 0.021284 0.0084078 0.010748 0.00819841 0.00954125 0.00875086 0.0151134 0.0132258 0.00895299 0.00966285 
0.00439308 0.00576038 0.00389877 0.00378286 0.00391 0.00372301 0.00396498 0.00370456 0 0.00371111 0.00371873 0.00384249 0.00376712 0.00400865 0.00599459 0.00699957 0.00619063 0.0242331 0.00866633 0.0970723 0.00905054 0.0175559 0.0145305 0.00947583 0.00996965 0.0086596 0.0206055 0.0101747 0.035187 0.0179198 0.0105569 0.0135829 0.00846476 0.00954501 0.0156845 0.0108403 0.0481151 0.00902368 0.0216754 0.00879653 0.00834376 0.00873631 0.00860714 0.0155812 0.00854619 0.0175794 0.00850369 0.0136848 0.00922738 0.0154591 0.0137013 0.0147127 0.0143067 0.00855027 
0.00517372 0.00427069 0.00394651 0.00391162 0.00383805 0.00410188 0.00372065 0.00383756 0.00371111 0 0.00371293 0.00372983 0.00381767 0.00371962 0.0106382 0.00609082 0.00741778 0.00874141 0.101291 0.00925451 0.0389352 0.0158661 0.0141671 0.0132039 0.00881483 0.012975 0.0094055 0.0451283 0.0157158 0.0240072 0.0548996 0.00896469 0.0093746 0.00964987 0.0120807 0.0305514 0.0104317 0.0603809 0.00939226 0.0109556 0.00943421 0.0083065 0.00935144 0.00894405 0.0237513 0.00876945 0.0145386 0.00836844 0.0100268 0.0105446 0.0236921 0.0194034 0.0100267 0.00922856 
0.00505468 0.00559578 0.00421245 0.00435063 0.00412923 0.00373717 0.00387436 0.00371718 0.00371873 0.00371293 0 0.00371262 0.00374414 0.00372557 0.00553959 0.00877358 0.00772593 0.0270269 0.0103111 0.0234396 0.0153678 0.0207449 0.0161965 0.0118456 0.0147532 0.00870444 0.0138029 0.0160333 0.0521852 0.0455686 0.0163418 0.0119386 0.00863597 0.00920905 0.0150709 0.0173576 0.0474441 0.0138363 0.0157271 0.00941112 0.00849953 0.00832311 0.00871481 0.0125403 0.0100449 0.0134826 0.00907674 0.00866939 0.00913899 0.0146651 0.0228692 0.0229741 0.0176883 0.00880365 
0.0105488 0.00564622 0.00649772 0.00446766 0.00657436 0.00385167 0.00455935 0.00376293 0.00384249 0.00372983 0.00371262 0 0.00377831 0.00376327 0.0055329 0.00757876 0.589996 0.012028 0.0099135 0.0285415 0.0109753 0.0178037 0.0191055 0.0110922 0.0093513 0.00938039 0.0139262 0.0239941 0.0503031 0.0280932 0.0166031 0.0121131 0.00886616 0.00978122 0.0142994 0.0227571 0.0445537 0.0138902 0.0158386 0.00972535 0.00864265 0.00859592 0.0097131 0.0108778 0.0119942 0.0147645 0.0090849 0.00896413 0.00925212 0.0181656 0.0233136 0.0259234 0.0140319 0.00918892 
0.00817995 0.0094179 0.0051264 0.0049901 0.004311 0.0051849 0.00379383 0.00399019 0.00376712 0.00381767 0.00374414 0.00377831 0 0.00373192 0.00951229 0.751571 0.0226187 0.00870208 0.0685453 0.00919488 0.0244772 0.0166713 0.0226486 0.0239301 0.00941821 0.0103849 0.0119727 0.047239 0.0157049 0.011898 0.0185418 0.0101909 0.00993183 0.00930185 0.0150761 0.0185077 0.0106976 0.0240703 0.0120439 0.0131669 0.0103015 0.00860787 0.00904403 0.0105897 0.0142931 0.00900627 0.0143934 0.00844442 0.00969827 0.0108556 0.0168938 0.0145682 0.0173664 0.00959878 
0.0276905 0.00654054 0.00687605 0.00498508 0.00625452 0.00399264 0.00475919 0.00376165 0.00400865 0.00371962 0.00372557 0.00376327 0.00373192 0 0.751998 0.00753596 0.0143548 0.0563433 0.00854867 0.0171568 0.00900635 0.0107946 0.0109253 0.0096454 0.01296 0.0166971 0.0185356 0.0102169 0.0131106 0.0106925 0.00894391 0.00992155 0.0100736 0.0230931 0.0125166 0.00966231 0.013867 0.00881806 0.0118586 0.011533 0.0124852 0.0096841 0.0153895 0.0117035 0.00854723 0.00980483 0.00849925 0.0104115 0.014659 0.0124125 0.00940566 0.00986288 0.0104596 0.0115704 
0.00948969 0.00738579 0.00790128 0.00710015 0.00731631 0.00724761 0.0065094 0.00693605 0.00599459 0.0106382 0.00553959 0.0055329 0.00951229 0.751998 0 0.00421749 0.00396875 0.00553044 0.00883535 0.00731381 0.00740205 0.00646838 0.00640484 0.00680233 0.0107227 0.0103545 0.0080091 0.0100056 0.00883828 0.00968488 0.0096824 0.00862518 0.0112922 0.0114511 0.010017 0.013345 0.00900123 0.0090609 0.00883644 0.0164595 0.0100185 0.0105882 0.0101673 0.00861201 0.00878493 0.00850575 0.0087575 0.00941706 0.0103144 0.00873485 0.00903146 0.00863973 0.00851718 0.00951183 
0.00812323 0.010298 0.00735174 0.00751518 0.00900357 0.00688219 0.00705324 0.00634795 0.00699957 0.00609082 0.00877358 0.00757876 0.751571 0.00753596 0.00421749 0 0.00372617 0.00960442 0.0235254 0.00656048 0.016512 0.00590305 0.00604355 0.0095961 0.00590151 0.00687273 0.0142391 0.00842825 0.00899117 0.00867266 0.00844349 0.0141181 0.00785966 0.00860617 0.0201757 0.00895425 0.00951427 0.00839887 0.0144385 0.00877878 0.0108836 0.00949676 0.0088376 0.0109748 0.00838414 0.00874459 0.0096745 0.0082089 0.00862222 0.0105712 0.00889501 0.00866964 0.0134304 0.00831271 
0.0142685 0.00805205 0.00732054 0.00747338 0.00761561 0.00756942 0.00681617 0.00685854 0.00619063 0.00741778 0.00772593 0.589996 0.0226187 0.0143548 0.00396875 0.00372617 0 0.0177089 0.00664264 0.00428545 0.00690908 0.00522325 0.0125538 0.00602128 0.00572931 0.0131049 0.0083503 0.00914005 0.00839244 0.00863039 0.00867644 0.00809141 0.00932964 0.0139639 0.00887616 0.00959703 0.00885329 0.011536 0.00866256 0.0127966 0.011915 0.00839672 0.0129357 0.00857245 0.00845102 0.00843882 0.00865651 0.00831278 0.0121332 0.00938247 0.00883792 0.0090123 0.00863387 0.00994001 
0.0128858 0.00950739 0.00900145 0.00898172 0.0138835 0.00861934 0.016399 0.00883833 0.0242331 0.00874141 0.0270269 0.012028 0.00870208 0.0563433 0.00553044 0.00960442 0.0177089 0 0.00376232 0.00384511 0.00375728 0.00383973 0.00408889 0.00422695 0.00847288 0.00634914 0.00897118 0.00765972 0.0119963 0.00951579 0.0111798 0.0325089 0.234206 0.0148258 0.0150596 0.0104783 0.0235366 0.00857211 0.0214388 0.017579 0.0122088 0.0200234 0.0121149 0.00973874 0.00851294 0.0114118 0.00890797 0.0339184 0.0140744 0.0163789 0.0108402 0.00997057 0.0113072 0.013483 
0.0109394 0.0115494 0.00947534 0.0125311 0.00873013 0.0247336 0.00845096 0.0400362 0.00866633 0.101291 0.0103111 0.0099135 0.0685453 0.00854867 0.00883535 0.0235254 0.00664264 0.00376232 0 0.00375728 0.00374769 0.0040148 0.00378001 0.00620272 0.00388318 0.0076834 0.0068924 0.0135619 0.00824291 0.00945146 0.063971 0.128656 0.0289491 0.00938994 0.0157101 0.0259252 0.0092854 0.0229447 0.00967495 0.0263605 0.0132542 0.0089615 0.0106354 0.00937747 0.0153758 0.00861029 0.0297727 0.00864433 0.0158687 0.0121267 0.0195919 0.0136475 0.0104695 0.011359 
0.00913248 0.0106903 0.00967756 0.00935934 0.0291441 0.00880233 0.0721487 0.00862504 0.0970723 0.00925451 0.0234396 0.0285415 0.00919488 0.0171568 0.00731381 0.00656048 0.00428545 0.00384511 0.00375728 0 0.00375223 0.00376015 0.00374484 0.00374124 0.00384328 0.00498699 0.00981076 0.00796401 0.0130264 0.0484829 0.535172 0.0852835 0.00783193 0.00969764 0.0139226 0.0107229 0.0479538 0.00895892 0.0280911 0.00909773 0.00878453 0.00946763 0.00948229 0.0142777 0.00883882 0.0480456 0.0088384 0.0102255 0.0102907 0.0242841 0.0176852 0.023235 0.0194011 0.00908903 
0.00930029 0.00968546 0.0103924 0.0179444 0.00989322 0.052801 0.00882975 0.0464621 0.00905054 0.0389352 0.0153678 0.0109753 0.0244772 0.00900635 0.00740205 0.016512 0.00690908 0.00375728 0.00374769 0.00375223 0 0.00373124 0.00371386 0.0037432 0.00374416 0.00545773 0.00707152 0.0106847 0.0287537 0.701879 0.108334 0.00777088 0.00840873 0.00820059 0.0103516 0.0246939 0.0100217 0.046977 0.0102017 0.0140985 0.010284 0.00883132 0.00975632 0.00961029 0.0459116 0.00941727 0.0187283 0.0091578 0.011369 0.0151986 0.0449112 0.0327383 0.0145372 0.0113647 
0.00919346 0.00990063 0.0106723 0.0242043 0.0491981 0.0108906 0.0278155 0.0112612 0.0175559 0.0158661 0.0207449 0.0178037 0.0166713 0.0107946 0.00646838 0.00590305 0.00522325 0.00383973 0.0040148 0.00376015 0.00373124 0 0.00370807 0.00373909 0.00372466 0.00431702 0.00913279 0.0374649 0.813277 0.064503 0.0116076 0.00887157 0.00687139 0.00845067 0.0142381 0.0135846 0.0288655 0.0136623 0.0166827 0.00977551 0.00906597 0.00879738 0.00986469 0.0168499 0.0148083 0.02127 0.0108748 0.00934162 0.0104193 0.0248915 0.0406038 0.0501556 0.0242052 0.0103195 
0.00902706 0.0110419 0.0216725 0.0156208 0.0123622 0.0170313 0.0122993 0.0106179 0.0145305 0.0141671 0.0161965 0.0191055 0.0226486 0.0109253 0.00640484 0.00604355 0.0125538 0.00408889 0.00378001 0.00374484 0.00371386 0.00370807 0 0.00370022 0.00385857 0.00458483 0.0415895 0.861968 0.0731614 0.0238035 0.00913886 0.00801877 0.00684984 0.00861792 0.0110794 0.0190089 0.0191882 0.0122775 0.0146206 0.0113821 0.00908428 0.00892267 0.0102318 0.0130765 0.0164713 0.0180814 0.0102356 0.00929492 0.010513 0.0198876 0.0353568 0.0362021 0.0224018 0.0105561 
0.0108026 0.0175798 0.00991067 0.00961116 0.0119561 0.0117106 0.0095609 0.0104609 0.00947583 0.0132039 0.0118456 0.0110922 0.0239301 0.0096454 0.00680233 0.0095961 0.00602128 0.00422695 0.00620272 0.00374124 0.0037432 0.00373909 0.00370022 0 0.00382415 0.0787469 0.926871 0.0264399 0.0200756 0.00729166 0.0105231 0.00730873 0.00689512 0.00987541 0.0244345 0.00964424 0.0112077 0.0120535 0.0115095 0.0121889 0.0120247 0.00966208 0.010323 0.0115829 0.0122219 0.0093784 0.0125159 0.00886453 0.0113129 0.0156892 0.0153748 0.0156414 0.0263133 0.0125827 
0.0363123 0.00889829 0.00859777 0.00883493 0.0101061 0.00928272 0.0098128 0.00879121 0.00996965 0.00881483 0.0147532 0.0093513 0.00941821 0.01296 0.0107227 0.00590151 0.00572931 0.00847288 0.00388318 0.00384328 0.00374416 0.00372466 0.00385857 0.00382415 0 0.926253 0.0187066 0.00757347 0.00459402 0.00518862 0.00631231 0.0068146 0.00648991 0.0186602 0.00874117 0.00780424 0.00857881 0.00764208 0.00890921 0.0104457 0.0211256 0.0100806 0.0154137 0.0101015 0.00868438 0.00941373 0.0086029 0.0101214 0.0141117 0.0105798 0.00969215 0.00966627 0.0110738 0.0124912 
0.0117088 0.00872971 0.00865228 0.00925274 0.00872958 0.0100779 0.00857195 0.011083 0.0086596 0.012975 0.00870444 0.00938039 0.0103849 0.0166971 0.0103545 0.00687273 0.0131049 0.00634914 0.0076834 0.00498699 0.00545773 0.00431702 0.00458483 0.0787469 0.926253 0 0.00435827 0.00380126 0.00373706 0.00382282 0.00393328 0.00402036 0.00527703 0.00614242 0.00593659 0.00667591 0.00685261 0.00708674 0.00737889 0.0966564 0.0278341 0.0310051 0.0113073 0.00849078 0.00939417 0.00843514 0.0110389 0.0113354 0.0173547 0.00954934 0.00990294 0.00909007 0.00945332 0.0186397 
0.0090061 0.0107853 0.00898366 0.00920639 0.0122285 0.00890132 0.0155038 0.00884906 0.0206055 0.0094055 0.0138029 0.0139262 0.0119727 0.0185356 0.0080091 0.0142391 0.0083503 0.00897118 0.0068924 0.00981076 0.00707152 0.00913279 0.0415895 0.926871 0.0187066 0.00435827 0 0.00370465 0.00370464 0.00373625 0.00383155 0.00859263 0.00395825 0.00521101 0.00879083 0.00730737 0.00824976 0.0071302 0.0732744 0.0944695 0.0231769 0.0110872 0.00983667 0.0131279 0.00844887 0.0136341 0.0103241 0.0106151 0.0110526 0.0288729 0.0124397 0.0130025 0.0308188 0.00971594 
0.0101722 0.0101043 0.010286 0.0205866 0.011246 0.0308071 0.0100562 0.0281665 0.0101747 0.0451283 0.0160333 0.0239941 0.047239 0.0102169 0.0100056 0.00842825 0.00914005 0.00765972 0.0135619 0.00796401 0.0106847 0.0374649 0.861968 0.0264399 0.00757347 0.00380126 0.00370465 0 0.00373288 0.00370585 0.00371656 0.00375193 0.00374896 0.00525993 0.00637374 0.00932225 0.00747281 0.0828461 0.090711 0.598893 0.00976282 0.00892589 0.0110078 0.00940293 0.021097 0.0102387 0.0168487 0.009084 0.017393 0.0162661 0.0451491 0.0687408 0.0175494 0.0129911 
0.00963815 0.01109 0.0229669 0.0133853 0.0296152 0.0121357 0.0270682 0.0105046 0.035187 0.0157158 0.0521852 0.0503031 0.0157049 0.0131106 0.00883828 0.00899117 0.00839244 0.0119963 0.00824291 0.0130264 0.0287537 0.813277 0.0731614 0.0200756 0.00459402 0.00373706 0.00370464 0.00373288 0 0.00372785 0.00372589 0.00374427 0.00385269 0.00461743 0.0063578 0.00707848 0.102469 0.0938268 0.648976 0.00938827 0.00870787 0.00856869 0.00969964 0.0151694 0.0112495 0.024132 0.0101275 0.010111 0.0135562 0.0393537 0.055411 0.0643504 0.0289352 0.0108419 
0.00922897 0.0113137 0.0108048 0.0238901 0.0152606 0.0144079 0.0140135 0.0125059 0.0179198 0.0240072 0.0455686 0.0280932 0.011898 0.0106925 0.00968488 0.00867266 0.00863039 0.00951579 0.00945146 0.0484829 0.701879 0.064503 0.0238035 0.00729166 0.00518862 0.00382282 0.00373625 0.00370585 0.00372785 0 0.00370638 0.0037484 0.0037137 0.00433132 0.00490284 0.0427074 0.137363 0.524186 0.0101611 0.00736508 0.0087396 0.00846909 0.0100616 0.0114599 0.0133667 0.0121888 0.0107681 0.00923993 0.0118213 0.0418278 0.0467672 0.0313036 0.0218474 0.0104159 
0.00921315 0.00897269 0.0114951 0.0121624 0.0193268 0.017871 0.00979877 0.0179409 0.0105569 0.0548996 0.0163418 0.0166031 0.0185418 0.00894391 0.0096824 0.00844349 0.00867644 0.0111798 0.063971 0.535172 0.108334 0.0116076 0.00913886 0.0105231 0.00631231 0.00393328 0.00383155 0.00371656 0.00372589 0.00370638 0 0.00369694 0.00371659 0.00466891 0.0461882 0.372839 0.453553 0.0258278 0.00681869 0.00834147 0.00824637 0.00821703 0.00935799 0.00957014 0.0163224 0.0108778 0.00987712 0.00886399 0.0126284 0.0151751 0.0273047 0.0427495 0.0133063 0.0109725 
0.00881349 0.010642 0.00862476 0.00888588 0.0107369 0.0117433 0.0115396 0.0086683 0.0135829 0.00896469 0.0119386 0.0121131 0.0101909 0.00992155 0.00862518 0.0141181 0.00809141 0.0325089 0.128656 0.0852835 0.00777088 0.00887157 0.00801877 0.00730873 0.0068146 0.00402036 0.00859263 0.00375193 0.00374427 0.0037484 0.00369694 0 0.00374847 0.0347164 0.876808 0.0417803 0.00972016 0.00553122 0.00697541 0.00646476 0.00904559 0.00870595 0.00909175 0.0142267 0.00829288 0.0105821 0.00924796 0.00853546 0.00965361 0.0147503 0.0113353 0.0114893 0.031316 0.00887275 
0.0117483 0.00836962 0.00832932 0.00847058 0.00858791 0.00980555 0.00851411 0.00957135 0.00846476 0.0093746 0.00863597 0.00886616 0.00993183 0.0100736 0.0112922 0.00785966 0.00932964 0.234206 0.0289491 0.00783193 0.00840873 0.00687139 0.00684984 0.00689512 0.00648991 0.00527703 0.00395825 0.00374896 0.00385269 0.0037137 0.00371659 0.00374847 0 0.934503 0.00489782 0.00494555 0.00388106 0.00385836 0.00430542 0.00633494 0.012169 0.00736583 0.0127384 0.00825878 0.00999981 0.00806119 0.00854237 0.00909987 0.0145101 0.00913365 0.00936472 0.00907931 0.00914673 0.0185036 
0.0113174 0.00864426 0.00842317 0.00885759 0.00864298 0.0090017 0.00924166 0.00976862 0.00954501 0.00964987 0.00920905 0.00978122 0.00930185 0.0230931 0.0114511 0.00860617 0.0139639 0.0148258 0.00938994 0.00969764 0.00820059 0.00845067 0.00861792 0.00987541 0.0186602 0.00614242 0.00521101 0.00525993 0.00461743 0.00433132 0.00466891 0.0347164 0.934503 0 0.00386922 0.00380486 0.0037255 0.00384267 0.00396906 0.00534883 0.0110081 0.0143252 0.0108511 0.00793243 0.00876627 0.0095351 0.0108786 0.0148026 0.0262363 0.0102389 0.00964025 0.00980238 0.00957999 0.0156856 
0.00913136 0.0115581 0.00984312 0.00987508 0.0115896 0.00967533 0.0126797 0.0100205 0.0156845 0.0120807 0.0150709 0.0142994 0.0150761 0.0125166 0.010017 0.0201757 0.00887616 0.0150596 0.0157101 0.0139226 0.0103516 0.0142381 0.0110794 0.0244345 0.00874117 0.00593659 0.00879083 0.00637374 0.0063578 0.00490284 0.0461882 0.876808 0.00489782 0.00386922 0 0.0037138 0.00371081 0.00372269 0.00369711 0.00387462 0.00980232 0.0101136 0.00913502 0.0110891 0.00876504 0.0129689 0.0163193 0.0103106 0.0146747 0.0365043 0.0156866 0.0134001 0.017466 0.0102684 
0.00936824 0.0095998 0.0118379 0.0156533 0.0108417 0.0216546 0.00938368 0.023098 0.0108403 0.0305514 0.0173576 0.0227571 0.0185077 0.00966231 0.013345 0.00895425 0.00959703 0.0104783 0.0259252 0.0107229 0.0246939 0.0135846 0.0190089 0.00964424 0.00780424 0.00667591 0.00730737 0.00932225 0.00707848 0.0427074 0.372839 0.0417803 0.00494555 0.00380486 0.0037138 0 0.00370889 0.00370866 0.00373135 0.003795 0.00710292 0.00707193 0.00950422 0.0131348 0.0161587 0.0106972 0.018255 0.0113035 0.0135451 0.0189858 0.027833 0.0259452 0.0147916 0.0100564 
0.00876775 0.00925561 0.0112679 0.0117884 0.0287771 0.00943157 0.0306423 0.00921621 0.0481151 0.0104317 0.0474441 0.0445537 0.0106976 0.013867 0.00900123 0.00951427 0.00885329 0.0235366 0.0092854 0.0479538 0.0100217 0.0288655 0.0191882 0.0112077 0.00857881 0.00685261 0.00824976 0.00747281 0.102469 0.137363 0.453553 0.00972016 0.00388106 0.0037255 0.00371081 0.00370889 0 0.00370763 0.00371775 0.00372147 0.00620183 0.00717142 0.0112773 0.0118958 0.00934825 0.0304507 0.00999272 0.00960352 0.010239 0.0201681 0.0255596 0.0462522 0.0264657 0.0107049 
0.00857875 0.00857034 0.0100591 0.0157203 0.00945817 0.0376954 0.00878041 0.0456836 0.00902368 0.0603809 0.0138363 0.0138902 0.0240703 0.00881806 0.0090609 0.00839887 0.011536 0.00857211 0.0229447 0.00895892 0.046977 0.0136623 0.0122775 0.0120535 0.00764208 0.00708674 0.0071302 0.0828461 0.0938268 0.524186 0.0258278 0.00553122 0.00385836 0.00384267 0.00372269 0.00370866 0.00370763 0 0.00370238 0.00375211 0.00801576 0.00699363 0.00773236 0.00868497 0.0320669 0.00866388 0.0210895 0.00855776 0.010425 0.0108883 0.033264 0.0284874 0.0150136 0.0113606 
0.00864391 0.0106072 0.00902211 0.00886946 0.0152033 0.00874466 0.0195711 0.00874816 0.0216754 0.00939226 0.0157271 0.0158386 0.0120439 0.0118586 0.00883644 0.0144385 0.00866256 0.0214388 0.00967495 0.0280911 0.0102017 0.0166827 0.0146206 0.0115095 0.00890921 0.00737889 0.0732744 0.090711 0.648976 0.0101611 0.00681869 0.00697541 0.00430542 0.00396906 0.00369711 0.00373135 0.00371775 0.00370238 0 0.0037132 0.010131 0.0215262 0.00830829 0.0292243 0.00802566 0.0196372 0.0098297 0.00896719 0.00965372 0.0256819 0.0131197 0.0186518 0.0454327 0.014032 
0.0120655 0.00858542 0.00864194 0.00935969 0.00879835 0.0140408 0.00865536 0.0132727 0.00879653 0.0109556 0.00941112 0.00972535 0.0131669 0.011533 0.0164595 0.00877878 0.0127966 0.017579 0.0263605 0.00909773 0.0140985 0.00977551 0.0113821 0.0121889 0.0104457 0.0966564 0.0944695 0.598893 0.00938827 0.00736508 0.00834147 0.00646476 0.00633494 0.00534883 0.00387462 0.003795 0.00372147 0.00375211 0.0037132 0 0.0412031 0.00700723 0.0205459 0.00895862 0.0158311 0.0143754 0.0191975 0.0120647 0.0224232 0.0116749 0.0115955 0.011502 0.013267 0.0432344 
0.00911682 0.0084306 0.00831042 0.00846773 0.00845342 0.00898431 0.00827912 0.00917294 0.00834376 0.00943421 0.00849953 0.00864265 0.0103015 0.0124852 0.0100185 0.0108836 0.011915 0.0122088 0.0132542 0.00878453 0.010284 0.00906597 0.00908428 0.0120247 0.0211256 0.0278341 0.0231769 0.00976282 0.00870787 0.0087396 0.00824637 0.00904559 0.012169 0.0110081 0.00980232 0.00710292 0.00620183 0.00801576 0.010131 0.0412031 0 0.0125808 0.00483231 0.0248181 0.135858 0.00556617 0.00968269 0.0080418 0.0104613 0.0093844 0.00838913 0.00814658 0.00977302 0.0217822 
0.00955878 0.00850762 0.00817496 0.00821645 0.00840636 0.00817799 0.00846895 0.00827956 0.00873631 0.0083065 0.00832311 0.00859592 0.00860787 0.0096841 0.0105882 0.00949676 0.00839672 0.0200234 0.0089615 0.00946763 0.00883132 0.00879738 0.00892267 0.00966208 0.0100806 0.0310051 0.0110872 0.00892589 0.00856869 0.00846909 0.00821703 0.00870595 0.00736583 0.0143252 0.0101136 0.00707193 0.00717142 0.00699363 0.0215262 0.00700723 0.0125808 0 0.0539067 0.0781162 0.00396525 0.00514885 0.00508742 0.00550063 0.00990393 0.00937007 0.00773995 0.00843673 0.0116401 0.0107787 
0.00872652 0.00808079 0.00832621 0.00846589 0.00835794 0.00868177 0.00838942 0.0087259 0.00860714 0.00935144 0.00871481 0.0097131 0.00904403 0.0153895 0.0101673 0.0088376 0.0129357 0.0121149 0.0106354 0.00948229 0.00975632 0.00986469 0.0102318 0.010323 0.0154137 0.0113073 0.00983667 0.0110078 0.00969964 0.0100616 0.00935799 0.00909175 0.0127384 0.0108511 0.00913502 0.00950422 0.0112773 0.00773236 0.00830829 0.0205459 0.00483231 0.0539067 0 0.00385485 0.0037939 0.0037145 0.00385336 0.00412521 0.00674643 0.00631639 0.00651002 0.00718111 0.0178083 0.922559 
0.00809671 0.00859678 0.00844158 0.00857807 0.0098253 0.00850287 0.0103837 0.00848651 0.0155812 0.00894405 0.0125403 0.0108778 0.0105897 0.0117035 0.00861201 0.0109748 0.00857245 0.00973874 0.00937747 0.0142777 0.00961029 0.0168499 0.0130765 0.0115829 0.0101015 0.00849078 0.0131279 0.00940293 0.0151694 0.0114599 0.00957014 0.0142267 0.00825878 0.00793243 0.0110891 0.0131348 0.0118958 0.00868497 0.0292243 0.00895862 0.0248181 0.0781162 0.00385485 0 0.00374602 0.00371728 0.00388111 0.00376312 0.00487052 0.00651302 0.00738277 0.0164395 0.954377 0.00977074 
0.00822661 0.00810056 0.00866481 0.0118267 0.00865477 0.0198964 0.00844626 0.021284 0.00854619 0.0237513 0.0100449 0.0119942 0.0142931 0.00854723 0.00878493 0.00838414 0.00845102 0.00851294 0.0153758 0.00883882 0.0459116 0.0148083 0.0164713 0.0122219 0.00868438 0.00939417 0.00844887 0.021097 0.0112495 0.0133667 0.0163224 0.00829288 0.00999981 0.00876627 0.00876504 0.0161587 0.00934825 0.0320669 0.00802566 0.0158311 0.135858 0.00396525 0.0037939 0.00374602 0 0.00389523 0.00370239 0.00371333 0.00432365 0.00620616 0.0129637 0.966036 0.00810598 0.0106341 
0.00811004 0.0082534 0.00883199 0.00855317 0.0130642 0.00844848 0.0173077 0.0084078 0.0175794 0.00876945 0.0134826 0.0147645 0.00900627 0.00980483 0.00850575 0.00874459 0.00843882 0.0114118 0.00861029 0.0480456 0.00941727 0.02127 0.0180814 0.0093784 0.00941373 0.00843514 0.0136341 0.0102387 0.024132 0.0121888 0.0108778 0.0105821 0.00806119 0.0095351 0.0129689 0.0106972 0.0304507 0.00866388 0.0196372 0.0143754 0.00556617 0.00514885 0.0037145 0.00371728 0.00389523 0 0.00371488 0.00370895 0.00448347 0.0159723 0.954391 0.0124172 0.00779199 0.00678146 
0.00837716 0.00896823 0.00852478 0.00921192 0.0085341 0.0120784 0.00824157 0.010748 0.00850369 0.0145386 0.00907674 0.0090849 0.0143934 0.00849925 0.0087575 0.0096745 0.00865651 0.00890797 0.0297727 0.0088384 0.0187283 0.0108748 0.0102356 0.0125159 0.0086029 0.0110389 0.0103241 0.0168487 0.0101275 0.0107681 0.00987712 0.00924796 0.00854237 0.0108786 0.0163193 0.018255 0.00999272 0.0210895 0.0098297 0.0191975 0.00968269 0.00508742 0.00385336 0.00388111 0.00370239 0.00371488 0 0.00374062 0.009027 0.99004 0.0063362 0.00751997 0.00589061 0.00691482 
0.0089122 0.00807547 0.00810654 0.008156 0.00903805 0.00816328 0.00894149 0.00819841 0.0136848 0.00836844 0.00866939 0.00896413 0.00844442 0.0104115 0.00941706 0.0082089 0.00831278 0.0339184 0.00864433 0.0102255 0.0091578 0.00934162 0.00929492 0.00886453 0.0101214 0.0113354 0.0106151 0.009084 0.010111 0.00923993 0.00886399 0.00853546 0.00909987 0.0148026 0.0103106 0.0113035 0.00960352 0.00855776 0.00896719 0.0120647 0.0080418 0.00550063 0.00412521 0.00376312 0.00371333 0.00370895 0.00374062 0 0.986592 0.00879137 0.00415467 0.00442677 0.00524341 0.00690335 
0.00892107 0.00821106 0.00824554 0.0085983 0.00845437 0.00914588 0.00844881 0.00954125 0.00922738 0.0100268 0.00913899 0.00925212 0.00969827 0.014659 0.0103144 0.00862222 0.0121332 0.0140744 0.0158687 0.0102907 0.011369 0.0104193 0.010513 0.0113129 0.0141117 0.0173547 0.0110526 0.017393 0.0135562 0.0118213 0.0126284 0.00965361 0.0145101 0.0262363 0.0146747 0.0135451 0.010239 0.010425 0.00965372 0.0224232 0.0104613 0.00990393 0.00674643 0.00487052 0.00432365 0.00448347 0.009027 0.986592 0 0.00386106 0.00379442 0.00376355 0.00381954 0.00532817 
0.0080336 0.00874287 0.00866926 0.00901253 0.0122376 0.00888608 0.0122782 0.00875086 0.0154591 0.0105446 0.0146651 0.0181656 0.0108556 0.0124125 0.00873485 0.0105712 0.00938247 0.0163789 0.0121267 0.0242841 0.0151986 0.0248915 0.0198876 0.0156892 0.0105798 0.00954934 0.0288729 0.0162661 0.0393537 0.0418278 0.0151751 0.0147503 0.00913365 0.0102389 0.0365043 0.0189858 0.0201681 0.0108883 0.0256819 0.0116749 0.0093844 0.00937007 0.00631639 0.00651302 0.00620616 0.0159723 0.99004 0.00879137 0.00386106 0 0.00376827 0.00375767 0.00389753 0.00395687 
0.00833915 0.00844448 0.0091691 0.0134921 0.0130791 0.0165274 0.0108032 0.0151134 0.0137013 0.0236921 0.0228692 0.0233136 0.0168938 0.00940566 0.00903146 0.00889501 0.00883792 0.0108402 0.0195919 0.0176852 0.0449112 0.0406038 0.0353568 0.0153748 0.00969215 0.00990294 0.0124397 0.0451491 0.055411 0.0467672 0.0273047 0.0113353 0.00936472 0.00964025 0.0156866 0.027833 0.0255596 0.033264 0.0131197 0.0115955 0.00838913 0.00773995 0.00651002 0.00738277 0.0129637 0.954391 0.0063362 0.00415467 0.00379442 0.00376827 0 0.00373231 0.00372203 0.00400882 
0.00829929 0.00840919 0.00997123 0.0113621 0.0148279 0.0130961 0.0122333 0.0132258 0.0147127 0.0194034 0.0229741 0.0259234 0.0145682 0.00986288 0.00863973 0.00866964 0.0090123 0.00997057 0.0136475 0.023235 0.0327383 0.0501556 0.0362021 0.0156414 0.00966627 0.00909007 0.0130025 0.0687408 0.0643504 0.0313036 0.0427495 0.0114893 0.00907931 0.00980238 0.0134001 0.0259452 0.0462522 0.0284874 0.0186518 0.011502 0.00814658 0.00843673 0.00718111 0.0164395 0.966036 0.0124172 0.00751997 0.00442677 0.00376355 0.00375767 0.00373231 0 0.00371163 0.00374211 
0.00834935 0.00886215 0.00857715 0.0089772 0.0112572 0.00886879 0.0125112 0.00895299 0.0143067 0.0100267 0.0176883 0.0140319 0.0173664 0.0104596 0.00851718 0.0134304 0.00863387 0.0113072 0.0104695 0.0194011 0.0145372 0.0242052 0.0224018 0.0263133 0.0110738 0.00945332 0.0308188 0.0175494 0.0289352 0.0218474 0.0133063 0.031316 0.00914673 0.00957999 0.017466 0.0147916 0.0264657 0.0150136 0.0454327 0.013267 0.00977302 0.0116401 0.0178083 0.954377 0.00810598 0.00779199 0.00589061 0.00524341 0.00381954 0.00389753 0.00372203 0.00371163 0 0.00382132 
0.00913113 0.00818586 0.0083621 0.00863128 0.0086934 0.0102195 0.00844072 0.00966285 0.00855027 0.00922856 0.00880365 0.00918892 0.00959878 0.0115704 0.00951183 0.00831271 0.00994001 0.013483 0.011359 0.00908903 0.0113647 0.0103195 0.0105561 0.0125827 0.0124912 0.0186397 0.00971594 0.0129911 0.0108419 0.0104159 0.0109725 0.00887275 0.0185036 0.0156856 0.0102684 0.0100564 0.0107049 0.0113606 0.014032 0.0432344 0.0217822 0.0107787 0.922559 0.00977074 0.0106341 0.00678146 0.00691482 0.00690335 0.00532817 0.00395687 0.00400882 0.00374211 0.00382132 0 
