1DY1A
APLAHTHQDFQPVLHLVALNTPLSGGMRGIRGADFQCFQQARAVGLSGTFRAFLSSRLQDLYSIVRRADRGSVPIVNLKDEVLSPSWDSLFSGSQGQLQPGARIFSFDGRDVLRHPAWPQKSVWHGSDPSGRRLMESYCETWRTETTGATGQASSLLSGRLLEQKAASCHNSYIVLCIENSFM
CCCCCCCCCCCCCEEEEECCCCECCECCHHHHHHHHHHHHHHHCCCCCCEEECCCECCECHHHHCCHHHCCCCCEECCCCCEEECCCHHHHCCCCCECCCCCCCEECCCCECCCCCCCCCCEEECCECCCCCECCCCEHHHHECCCCCCEEEEEEHHHCECCCCEEEECCCCEECEEEECCCC
0 0 0 0 0 0 0 0 0 0 0 0 0 0 0 0 0 0 0 0 0 0 0 0 0 0 0 0 0 0 0 0 0 0 0 0 0 0 0 0 0 0 0 0 0 0 0 0 0 0 0 0 0 0 0 0 0 0 0 0 0 0 0 0 0 0 0 0 0 0 0 0 0 0 0 0 0 0 0 0 0 0 0 0 0 0 0 0 0 0 0 0 0 0 0 0 0 0 0 0 0 0 0 0 0 0 0 0 0 0 0 0 0 0 0 0 0 0 0 0 0 0 0 0 0 0 0 0 0 0 0 0 0 0 0 0 0 0 0 0 0 0 0 0 0 0 0 0 0 0 0 0 0 0 0 0 0 0 0 0 0 0 0 0 0 0 0 0 0 0 0 0 0 0 0 0 0 0 0 0 0 0 0 
0 0 0 0 0 0 0 0 0 0 0 0 0 0 0 0 0 0 0 0 0 0 0 0 0 0 0 0 0 0 0 0 0 0 0 0 0 0 0 0 0 0 0 0 0 0 0 0 0 0 0 0 0 0 0 0 0 0 0 0 0 0 0 0 0 0 0 0 0 0 0 0 0 0 0 0 0 0 0 0 0 0 0 0 0 0 0 0 0 0 0 0 0 0 0 0 0 0 0 0 0 0 0 0 0 0 0 0 0 0 0 0 0 0 0 0 0 0 0 0 0 0 0 0 0 0 0 0 0 0 0 0 0 0 0 0 0 0 0 0 0 0 0 0 0 0 0 0 0 0 0 0 0 0 0 0 0 0 0 0 0 0 0 0 0 0 0 0 0 0 0 0 0 0 0 0 0 0 0 0 0 0 0 
0 0.0038113 0.00377588 0.00379673 0.00559652 0.0101387 0.0094395 0.0711612 0.013763 0.0360034 0.0178692 0.016432 0.0157998 0.0213744 0.0118633 0.00986669 0.0133741 0.00908543 0.00952385 0.0105453 0.0100116 0.00974181 0.00885245 0.0101596 0.00870189 0.00883353 0.00875639 0.00825742 0.00830526 0.00831732 0.00827115 0.0084572 0.00862318 0.00933112 0.00820556 0.0080663 0.00810888 0.00820836 0.0083993 0.00836035 0.00879211 0.00948123 0.00883348 0.00853954 0.00872749 
0.0038113 0 0.00373798 0.00375371 0.00381954 0.00613419 0.00745858 0.0193082 0.0913022 0.0133604 0.0105326 0.0100551 0.0159846 0.0172971 0.011935 0.0127717 0.0100419 0.00839827 0.00980873 0.00939791 0.0084244 0.00987414 0.0107183 0.00995755 0.00809247 0.00806939 0.00837022 0.00803836 0.00832841 0.00894097 0.00934393 0.00938222 0.00941292 0.00868186 0.00796215 0.00805387 0.00853816 0.00878 0.00831608 0.00851253 0.00880476 0.012356 0.00980296 0.00962503 0.00872532 
0.00377588 0.00373798 0 0.0037584 0.00373176 0.00517021 0.0059119 0.0682602 0.0182337 0.0326267 0.00931554 0.00897468 0.0125039 0.0130496 0.0108792 0.0111759 0.00950112 0.00812215 0.00954138 0.00902389 0.00828492 0.00936472 0.0117237 0.0103006 0.00802762 0.00793887 0.00839465 0.00820094 0.00848141 0.00938128 0.00921106 0.0108654 0.00921606 0.00895578 0.00798849 0.00805886 0.00857389 0.00865371 0.00846094 0.00842153 0.00925844 0.0113635 0.0105122 0.0107197 0.00871134 
0.00379673 0.00375371 0.0037584 0 0.00385573 0.00544055 0.00827728 0.0176012 0.11991 0.0201716 0.0113862 0.00978468 0.0161367 0.0253985 0.0117873 0.016015 0.0106533 0.00836009 0.0104411 0.0104084 0.00854326 0.0103681 0.0119618 0.0105661 0.0081039 0.00800669 0.00841381 0.00818304 0.00847839 0.00919609 0.00889872 0.00915125 0.00891104 0.00837707 0.00812576 0.00818672 0.00837978 0.00868822 0.00833534 0.00854047 0.00945927 0.0105932 0.0098819 0.00931503 0.00831534 
0.00559652 0.00381954 0.00373176 0.00385573 0 0.0106048 0.014728 0.0449871 0.0184313 0.0821575 0.0172277 0.0167998 0.0244875 0.0185705 0.0182765 0.00988867 0.0142296 0.0117548 0.0141614 0.0151707 0.0113908 0.0121449 0.0100076 0.0112486 0.00990702 0.00869895 0.0103 0.00905169 0.0100624 0.00881439 0.00896971 0.00895768 0.00866705 0.00864745 0.0101219 0.00886457 0.00830282 0.00849755 0.00887963 0.00942854 0.00924092 0.0118971 0.00979846 0.00884936 0.00866549 
0.0101387 0.00613419 0.00517021 0.00544055 0.0106048 0 0.209425 0.0213225 0.0243041 0.0295193 0.0696554 0.0644612 0.0195854 0.0237065 0.0109539 0.0108569 0.013921 0.0144558 0.0116541 0.0122411 0.0148811 0.00876454 0.00834012 0.00949962 0.0121315 0.010055 0.0111633 0.00963528 0.00831292 0.00813478 0.00796317 0.00800088 0.00815203 0.00917154 0.00995705 0.00804921 0.00789625 0.00806822 0.00872513 0.0087488 0.0086221 0.00876608 0.00810801 0.00815615 0.00864262 
0.0094395 0.00745858 0.0059119 0.00827728 0.014728 0.209425 0 0.0227441 0.0174757 0.0370718 0.0248529 0.0502389 0.0128377 0.0147604 0.0103258 0.00909069 0.0122042 0.0319093 0.0100827 0.0117832 0.0138276 0.00912001 0.00796638 0.00909662 0.0139041 0.00973104 0.016823 0.00912838 0.00982422 0.00785763 0.00798021 0.00794938 0.00839298 0.00934693 0.0131472 0.00828263 0.0079568 0.00793165 0.00948624 0.00891028 0.00822738 0.00865429 0.0081181 0.00799993 0.00920058 
0.0711612 0.0193082 0.0682602 0.0176012 0.0449871 0.0213225 0.0227441 0 0.00399771 0.00435242 0.0135709 0.0272198 0.0285294 0.0404757 0.0216457 0.0152095 0.0222461 0.0118822 0.0131813 0.0136916 0.0148479 0.0107233 0.00940242 0.0125887 0.0102817 0.0101048 0.0107958 0.00896555 0.00856189 0.00872705 0.00824455 0.00864966 0.00912263 0.0108511 0.00906694 0.00837962 0.00811828 0.00852642 0.00904318 0.00893424 0.0100118 0.009643 0.00856446 0.00924442 0.00940326 
0.013763 0.0913022 0.0182337 0.11991 0.0184313 0.0243041 0.0174757 0.00399771 0 0.00373553 0.00707226 0.0164669 0.0350417 0.0491962 0.014265 0.0546307 0.0103282 0.0113727 0.0160493 0.0162558 0.0101373 0.0102227 0.0206225 0.0102966 0.00869153 0.00827556 0.00963921 0.0089811 0.00872498 0.0086355 0.00866597 0.00863652 0.0102409 0.00897967 0.00844954 0.00818704 0.00884096 0.00907702 0.00848485 0.00872272 0.00868447 0.00964952 0.0113024 0.0104921 0.00850916 
0.0360034 0.0133604 0.0326267 0.0201716 0.0821575 0.0295193 0.0370718 0.00435242 0.00373553 0 0.0251501 0.00995706 0.0494977 0.0357411 0.030818 0.0116096 0.0189092 0.0105275 0.0198387 0.0121686 0.0121518 0.0163733 0.010892 0.0137071 0.00985369 0.00887436 0.0102429 0.00954516 0.00969906 0.00933389 0.00915383 0.0097658 0.00929952 0.00901266 0.00950333 0.00884508 0.00850083 0.00913299 0.00901159 0.00953922 0.0101598 0.0146841 0.0100211 0.00984392 0.00909012 
0.0178692 0.0105326 0.00931554 0.0113862 0.0172277 0.0696554 0.0248529 0.0135709 0.00707226 0.0251501 0 0.921744 0.0252876 0.0543771 0.0147872 0.0148778 0.0135068 0.0287705 0.027827 0.0148697 0.0277374 0.010356 0.00892466 0.00987855 0.0184829 0.014884 0.015453 0.0131058 0.00919694 0.00846322 0.00800061 0.00819928 0.00839072 0.00930579 0.0127053 0.00871009 0.00798595 0.00801866 0.00872838 0.00970536 0.00939173 0.00883976 0.00832574 0.00816509 0.00870692 
0.016432 0.0100551 0.00897468 0.00978468 0.0167998 0.0644612 0.0502389 0.0272198 0.0164669 0.00995706 0.921744 0 0.0342016 0.0331128 0.0174315 0.0112606 0.014643 0.0622592 0.0211167 0.0162059 0.0439809 0.0117615 0.00854236 0.00921754 0.0195285 0.0205397 0.0289906 0.011716 0.0117437 0.00824511 0.00804092 0.00800917 0.00824375 0.00920396 0.0189659 0.00912893 0.00816963 0.00792674 0.00917366 0.0112981 0.00894934 0.00888726 0.00812483 0.00808963 0.0084856 
0.0157998 0.0159846 0.0125039 0.0161367 0.0244875 0.0195854 0.0128377 0.0285294 0.0350417 0.0494977 0.0252876 0.0342016 0 0.00485574 0.00690018 0.0613835 0.237407 0.0158666 0.0201563 0.0293361 0.0201568 0.0149658 0.0179087 0.0137208 0.0128615 0.0134999 0.0132547 0.0103096 0.0091743 0.011675 0.00872082 0.00878227 0.00962806 0.0128954 0.0100805 0.00861916 0.00843079 0.00905098 0.00974881 0.0095852 0.0124423 0.0102075 0.0102209 0.0101676 0.0100888 
0.0213744 0.0172971 0.0130496 0.0253985 0.0185705 0.0237065 0.0147604 0.0404757 0.0491962 0.0357411 0.0543771 0.0331128 0.00485574 0 0.560956 0.0375705 0.00863411 0.017557 0.0617074 0.0196118 0.0219871 0.0146306 0.0174398 0.0153621 0.0168023 0.011216 0.0148444 0.0106203 0.00998627 0.010627 0.00883674 0.00944584 0.01189 0.00972489 0.010402 0.00900447 0.00858482 0.00949556 0.00894599 0.0124935 0.0108838 0.0221308 0.0118169 0.0111573 0.00933879 
0.0118633 0.011935 0.0108792 0.0117873 0.0182765 0.0109539 0.0103258 0.0216457 0.014265 0.030818 0.0147872 0.0174315 0.00690018 0.560956 0 0.00387392 0.00414026 0.0257121 0.0213985 0.0214054 0.0174981 0.0307305 0.0100251 0.0142789 0.0111325 0.0128615 0.0127068 0.0092527 0.00985493 0.00883542 0.00883831 0.00886345 0.00967074 0.0130638 0.0108411 0.00856933 0.00861527 0.00851194 0.0114086 0.00911318 0.0107171 0.0105716 0.00990021 0.00924271 0.0108445 
0.00986669 0.0127717 0.0111759 0.016015 0.00988867 0.0108569 0.00909069 0.0152095 0.0546307 0.0116096 0.0148778 0.0112606 0.0613835 0.0375705 0.00387392 0 0.00420862 0.0159995 0.0332041 0.0254365 0.0123284 0.0102452 0.0554119 0.009712 0.00959496 0.00929102 0.010312 0.00911824 0.0086933 0.00975224 0.0086938 0.00884661 0.00981488 0.00903778 0.00882318 0.00855756 0.0087027 0.00905359 0.00839612 0.00936931 0.00906127 0.00904602 0.00942867 0.0102669 0.00848453 
0.0133741 0.0100419 0.00950112 0.0106533 0.0142296 0.013921 0.0122042 0.0222461 0.0103282 0.0189092 0.0135068 0.014643 0.237407 0.00863411 0.00414026 0.00420862 0 0.0282353 0.021466 0.0262341 0.0134422 0.0145386 0.00986159 0.0207747 0.0131535 0.0104974 0.0122314 0.0097433 0.0118534 0.009177 0.00917077 0.00907239 0.00927728 0.00928246 0.0102998 0.00936648 0.00827293 0.00869946 0.0101048 0.009779 0.00947185 0.0117956 0.00961721 0.00960523 0.00992516 
0.00908543 0.00839827 0.00812215 0.00836009 0.0117548 0.0144558 0.0319093 0.0118822 0.0113727 0.0105275 0.0287705 0.0622592 0.0158666 0.017557 0.0257121 0.0159995 0.0282353 0 0.100401 0.0245149 0.0560737 0.0160673 0.0106499 0.0111105 0.0453431 0.0220964 0.0497221 0.0131111 0.0170587 0.00842924 0.0085365 0.00818228 0.00922055 0.0118044 0.0546897 0.0100756 0.00853697 0.00810917 0.0122925 0.0123291 0.00921374 0.00912223 0.00847279 0.00837687 0.0101936 
0.00952385 0.00980873 0.00954138 0.0104411 0.0141614 0.0116541 0.0100827 0.0131813 0.0160493 0.0198387 0.027827 0.0211167 0.0201563 0.0617074 0.0213985 0.0332041 0.021466 0.100401 0 0.00490096 0.266686 0.0154169 0.0507362 0.020287 0.0182284 0.0175706 0.0279497 0.0128137 0.0104045 0.0115731 0.00920928 0.00929539 0.012688 0.0183986 0.0129726 0.00883614 0.0104268 0.00992515 0.0114782 0.0115245 0.0178368 0.0105887 0.0110225 0.0120675 0.0129389 
0.0105453 0.00939791 0.00902389 0.0104084 0.0151707 0.0122411 0.0117832 0.0136916 0.0162558 0.0121686 0.0148697 0.0162059 0.0293361 0.0196118 0.0214054 0.0254365 0.0262341 0.0245149 0.00490096 0 0.115243 0.0244698 0.039669 0.0262753 0.0320428 0.0158419 0.0232571 0.0131903 0.0151799 0.0096264 0.00959591 0.00932806 0.01445 0.0131082 0.0166364 0.0105005 0.00918777 0.0102837 0.0128546 0.0132262 0.0120677 0.0168958 0.0113103 0.0128353 0.0122507 
0.0100116 0.0084244 0.00828492 0.00854326 0.0113908 0.0148811 0.0138276 0.0148479 0.0101373 0.0121518 0.0277374 0.0439809 0.0201568 0.0219871 0.0174981 0.0123284 0.0134422 0.0560737 0.266686 0.115243 0 0.0172798 0.011985 0.0128019 0.0248157 0.0314094 0.0624264 0.0193917 0.0146398 0.00998055 0.00872549 0.00862265 0.0098157 0.0141892 0.0447257 0.0106444 0.00904214 0.0086304 0.0126318 0.0167045 0.014073 0.0109049 0.00952732 0.00877975 0.0112958 
0.00974181 0.00987414 0.00936472 0.0103681 0.0121449 0.00876454 0.00912001 0.0107233 0.0102227 0.0163733 0.010356 0.0117615 0.0149658 0.0146306 0.0307305 0.0102452 0.0145386 0.0160673 0.0154169 0.0244698 0.0172798 0 0.00374943 0.00376518 0.00592022 0.0161631 0.0149796 0.00849498 0.0225905 0.010009 0.0133064 0.0106584 0.0123058 0.0533566 0.0162092 0.0113772 0.0120508 0.00979106 0.0177727 0.0133974 0.0173904 0.0180845 0.017508 0.0115409 0.0165802 
0.00885245 0.0107183 0.0117237 0.0119618 0.0100076 0.00834012 0.00796638 0.00940242 0.0206225 0.010892 0.00892466 0.00854236 0.0179087 0.0174398 0.0100251 0.0554119 0.00986159 0.0106499 0.0507362 0.039669 0.011985 0.00374943 0 0.00372517 0.00802402 0.0153863 0.00884127 0.00921089 0.00925584 0.0357835 0.0119283 0.0140037 0.0709489 0.0108504 0.00974637 0.00909036 0.0146216 0.0336231 0.0100243 0.0183462 0.0133288 0.014912 0.0350987 0.0525386 0.00994131 
0.0101596 0.00995755 0.0103006 0.0105661 0.0112486 0.00949962 0.00909662 0.0125887 0.0102966 0.0137071 0.00987855 0.00921754 0.0137208 0.0153621 0.0142789 0.009712 0.0207747 0.0111105 0.020287 0.0262753 0.0128019 0.00376518 0.00372517 0 0.00734556 0.00680204 0.00886806 0.00819427 0.0143774 0.0111403 0.0148678 0.0353449 0.013676 0.0180526 0.0126211 0.0114369 0.0100436 0.0133614 0.029048 0.0121244 0.0122299 0.0217415 0.01612 0.017264 0.0254152 
0.00870189 0.00809247 0.00802762 0.0081039 0.00990702 0.0121315 0.0139041 0.0102817 0.00869153 0.00985369 0.0184829 0.0195285 0.0128615 0.0168023 0.0111325 0.00959496 0.0131535 0.0453431 0.0182284 0.0320428 0.0248157 0.00592022 0.00802402 0.00734556 0 0.88216 0.0328707 0.020048 0.0144672 0.00893639 0.00959195 0.00840168 0.0111134 0.0147731 0.0644469 0.0100226 0.0085645 0.00945265 0.0160024 0.0146066 0.0125829 0.0105825 0.00930932 0.00955038 0.014119 
0.00883353 0.00806939 0.00793887 0.00800669 0.00869895 0.010055 0.00973104 0.0101048 0.00827556 0.00887436 0.014884 0.0205397 0.0134999 0.011216 0.0128615 0.00929102 0.0104974 0.0220964 0.0175706 0.0158419 0.0314094 0.0161631 0.0153863 0.00680204 0.88216 0 0.0748147 0.00816229 0.0138771 0.0082248 0.00811275 0.00772934 0.00970746 0.0136311 0.030586 0.0127254 0.0095798 0.00892194 0.0120983 0.0188885 0.0115231 0.0103292 0.0100944 0.00933562 0.0107467 
0.00875639 0.00837022 0.00839465 0.00841381 0.0103 0.0111633 0.016823 0.0107958 0.00963921 0.0102429 0.015453 0.0289906 0.0132547 0.0148444 0.0127068 0.010312 0.0122314 0.0497221 0.0279497 0.0232571 0.0624264 0.0149796 0.00884127 0.00886806 0.0328707 0.0748147 0 0.00958843 0.0142289 0.0213662 0.00660999 0.00630037 0.00869156 0.0107155 0.0583533 0.013302 0.0105522 0.00932947 0.0204672 0.0283322 0.0195299 0.011786 0.0115648 0.0109918 0.0162134 
0.00825742 0.00803836 0.00820094 0.00818304 0.00905169 0.00963528 0.00912838 0.00896555 0.0089811 0.00954516 0.0131058 0.011716 0.0103096 0.0106203 0.0092527 0.00911824 0.0097433 0.0131111 0.0128137 0.0131903 0.0193917 0.00849498 0.00921089 0.00819427 0.020048 0.00816229 0.00958843 0 0.0133954 0.00420344 0.00406352 0.00443571 0.00450358 0.00601284 0.010729 0.00898248 0.00754236 0.0082363 0.0114163 0.0141186 0.0114086 0.0109721 0.00967326 0.0104733 0.0131099 
0.00830526 0.00832841 0.00848141 0.00847839 0.0100624 0.00831292 0.00982422 0.00856189 0.00872498 0.00969906 0.00919694 0.0117437 0.0091743 0.00998627 0.00985493 0.0086933 0.0118534 0.0170587 0.0104045 0.0151799 0.0146398 0.0225905 0.00925584 0.0143774 0.0144672 0.0138771 0.0142289 0.0133954 0 0.00385448 0.00375974 0.00376991 0.00390684 0.0044391 0.010835 0.00807039 0.00966972 0.00845654 0.292647 0.0132942 0.0154906 0.0128898 0.0111199 0.0104823 0.0256777 
0.00831732 0.00894097 0.00938128 0.00919609 0.00881439 0.00813478 0.00785763 0.00872705 0.0086355 0.00933389 0.00846322 0.00824511 0.011675 0.010627 0.00883542 0.00975224 0.009177 0.00842924 0.0115731 0.0096264 0.00998055 0.010009 0.0357835 0.0111403 0.00893639 0.0082248 0.0213662 0.00420344 0.00385448 0 0.0037621 0.00375826 0.00383423 0.00374492 0.00476199 0.00722514 0.00891468 0.297988 0.0151775 0.0146822 0.0166149 0.013533 0.01654 0.0332728 0.0115715 
0.00827115 0.00934393 0.00921106 0.00889872 0.00896971 0.00796317 0.00798021 0.00824455 0.00866597 0.00915383 0.00800061 0.00804092 0.00872082 0.00883674 0.00883831 0.0086938 0.00917077 0.0085365 0.00920928 0.00959591 0.00872549 0.0133064 0.0119283 0.0148678 0.00959195 0.00811275 0.00660999 0.00406352 0.00375974 0.0037621 0 0.00418181 0.0037239 0.00373135 0.00465485 0.00695254 0.191894 0.0139101 0.0296076 0.00884883 0.0117895 0.0172867 0.028136 0.0148761 0.0193983 
0.0084572 0.00938222 0.0108654 0.00915125 0.00895768 0.00800088 0.00794938 0.00864966 0.00863652 0.0097658 0.00819928 0.00800917 0.00878227 0.00944584 0.00886345 0.00884661 0.00907239 0.00818228 0.00929539 0.00932806 0.00862265 0.0106584 0.0140037 0.0353449 0.00840168 0.00772934 0.00630037 0.00443571 0.00376991 0.00375826 0.00418181 0 0.00372594 0.00371595 0.00391927 0.10579 0.022319 0.0238449 0.0113073 0.00953751 0.0126519 0.0337501 0.016496 0.0376055 0.0128213 
0.00862318 0.00941292 0.00921606 0.00891104 0.00866705 0.00815203 0.00839298 0.00912263 0.0102409 0.00929952 0.00839072 0.00824375 0.00962806 0.01189 0.00967074 0.00981488 0.00927728 0.00922055 0.012688 0.01445 0.0098157 0.0123058 0.0709489 0.013676 0.0111134 0.00970746 0.00869156 0.00450358 0.00390684 0.00383423 0.0037239 0.00372594 0 0.00372048 0.00726035 0.0154204 0.0329798 0.0115871 0.0115748 0.0111688 0.015471 0.0120203 0.0241688 0.0232628 0.0175744 
0.00933112 0.00868186 0.00895578 0.00837707 0.00864745 0.00917154 0.00934693 0.0108511 0.00897967 0.00901266 0.00930579 0.00920396 0.0128954 0.00972489 0.0130638 0.00903778 0.00928246 0.0118044 0.0183986 0.0131082 0.0141892 0.0533566 0.0108504 0.0180526 0.0147731 0.0136311 0.0107155 0.00601284 0.0044391 0.00374492 0.00373135 0.00371595 0.00372048 0 0.0227902 0.025657 0.00648358 0.00704452 0.0109452 0.0137285 0.012223 0.0185324 0.0136455 0.0128954 0.0141922 
0.00820556 0.00796215 0.00798849 0.00812576 0.0101219 0.00995705 0.0131472 0.00906694 0.00844954 0.00950333 0.0127053 0.0189659 0.0100805 0.010402 0.0108411 0.00882318 0.0102998 0.0546897 0.0129726 0.0166364 0.0447257 0.0162092 0.00974637 0.0126211 0.0644469 0.030586 0.0583533 0.010729 0.010835 0.00476199 0.00465485 0.00391927 0.00726035 0.0227902 0 0.041063 0.00634158 0.00412609 0.0116164 0.0132224 0.0120641 0.00970576 0.0103512 0.00989035 0.0224818 
0.0080663 0.00805387 0.00805886 0.00818672 0.00886457 0.00804921 0.00828263 0.00837962 0.00818704 0.00884508 0.00871009 0.00912893 0.00861916 0.00900447 0.00856933 0.00855756 0.00936648 0.0100756 0.00883614 0.0105005 0.0106444 0.0113772 0.00909036 0.0114369 0.0100226 0.0127254 0.013302 0.00898248 0.00807039 0.00722514 0.00695254 0.10579 0.0154204 0.025657 0.041063 0 0.00381447 0.00374266 0.00539395 0.00662388 0.0138449 0.0114213 0.0169478 0.0174339 0.0334762 
0.00810888 0.00853816 0.00857389 0.00837978 0.00830282 0.00789625 0.0079568 0.00811828 0.00884096 0.00850083 0.00798595 0.00816963 0.00843079 0.00858482 0.00861527 0.0087027 0.00827293 0.00853697 0.0104268 0.00918777 0.00904214 0.0120508 0.0146216 0.0100436 0.0085645 0.0095798 0.0105522 0.00754236 0.00966972 0.00891468 0.191894 0.022319 0.0329798 0.00648358 0.00634158 0.00381447 0 0.00370914 0.00375564 0.00595808 0.0109326 0.00870295 0.0158135 0.0221891 0.0147872 
0.00820836 0.00878 0.00865371 0.00868822 0.00849755 0.00806822 0.00793165 0.00852642 0.00907702 0.00913299 0.00801866 0.00792674 0.00905098 0.00949556 0.00851194 0.00905359 0.00869946 0.00810917 0.00992515 0.0102837 0.0086304 0.00979106 0.0336231 0.0133614 0.00945265 0.00892194 0.00932947 0.0082363 0.00845654 0.297988 0.0139101 0.0238449 0.0115871 0.00704452 0.00412609 0.00374266 0.00370914 0 0.00370972 0.00679464 0.0283976 0.00817751 0.0285351 0.0252879 0.0077593 
0.0083993 0.00831608 0.00846094 0.00833534 0.00887963 0.00872513 0.00948624 0.00904318 0.00848485 0.00901159 0.00872838 0.00917366 0.00974881 0.00894599 0.0114086 0.00839612 0.0101048 0.0122925 0.0114782 0.0128546 0.0126318 0.0177727 0.0100243 0.029048 0.0160024 0.0120983 0.0204672 0.0114163 0.292647 0.0151775 0.0296076 0.0113073 0.0115748 0.0109452 0.0116164 0.00539395 0.00375564 0.00370972 0 0.0217867 0.0109324 0.0289205 0.0236771 0.00692118 0.0123702 
0.00836035 0.00851253 0.00842153 0.00854047 0.00942854 0.0087488 0.00891028 0.00893424 0.00872272 0.00953922 0.00970536 0.0112981 0.0095852 0.0124935 0.00911318 0.00936931 0.009779 0.0123291 0.0115245 0.0132262 0.0167045 0.0133974 0.0183462 0.0121244 0.0146066 0.0188885 0.0283322 0.0141186 0.0132942 0.0146822 0.00884883 0.00953751 0.0111688 0.0137285 0.0132224 0.00662388 0.00595808 0.00679464 0.0217867 0 0.00529811 0.00383587 0.00413408 0.00548945 0.0101929 
0.00879211 0.00880476 0.00925844 0.00945927 0.00924092 0.0086221 0.00822738 0.0100118 0.00868447 0.0101598 0.00939173 0.00894934 0.0124423 0.0108838 0.0107171 0.00906127 0.00947185 0.00921374 0.0178368 0.0120677 0.014073 0.0173904 0.0133288 0.0122299 0.0125829 0.0115231 0.0195299 0.0114086 0.0154906 0.0166149 0.0117895 0.0126519 0.015471 0.012223 0.0120641 0.0138449 0.0109326 0.0283976 0.0109324 0.00529811 0 0.00419717 0.00394944 0.00557117 0.00428375 
0.00948123 0.012356 0.0113635 0.0105932 0.0118971 0.00876608 0.00865429 0.009643 0.00964952 0.0146841 0.00883976 0.00888726 0.0102075 0.0221308 0.0105716 0.00904602 0.0117956 0.00912223 0.0105887 0.0168958 0.0109049 0.0180845 0.014912 0.0217415 0.0105825 0.0103292 0.011786 0.0109721 0.0128898 0.013533 0.0172867 0.0337501 0.0120203 0.0185324 0.00970576 0.0114213 0.00870295 0.00817751 0.0289205 0.00383587 0.00419717 0 0.00373887 0.00375989 0.00378412 
0.00883348 0.00980296 0.0105122 0.0098819 0.00979846 0.00810801 0.0081181 0.00856446 0.0113024 0.0100211 0.00832574 0.00812483 0.0102209 0.0118169 0.00990021 0.00942867 0.00961721 0.00847279 0.0110225 0.0113103 0.00952732 0.017508 0.0350987 0.01612 0.00930932 0.0100944 0.0115648 0.00967326 0.0111199 0.01654 0.028136 0.016496 0.0241688 0.0136455 0.0103512 0.0169478 0.0158135 0.0285351 0.0236771 0.00413408 0.00394944 0.00373887 0 0.00375346 0.00368029 
0.00853954 0.00962503 0.0107197 0.00931503 0.00884936 0.00815615 0.00799993 0.00924442 0.0104921 0.00984392 0.00816509 0.00808963 0.0101676 0.0111573 0.00924271 0.0102669 0.00960523 0.00837687 0.0120675 0.0128353 0.00877975 0.0115409 0.0525386 0.017264 0.00955038 0.00933562 0.0109918 0.0104733 0.0104823 0.0332728 0.0148761 0.0376055 0.0232628 0.0128954 0.00989035 0.0174339 0.0221891 0.0252879 0.00692118 0.00548945 0.00557117 0.00375989 0.00375346 0 0.00380924 
0.00872749 0.00872532 0.00871134 0.00831534 0.00866549 0.00864262 0.00920058 0.00940326 0.00850916 0.00909012 0.00870692 0.0084856 0.0100888 0.00933879 0.0108445 0.00848453 0.00992516 0.0101936 0.0129389 0.0122507 0.0112958 0.0165802 0.00994131 0.0254152 0.014119 0.0107467 0.0162134 0.0131099 0.0256777 0.0115715 0.0193983 0.0128213 0.0175744 0.0141922 0.0224818 0.0334762 0.0147872 0.0077593 0.0123702 0.0101929 0.00428375 0.00378412 0.00368029 0.00380924 0 
