1E6EC
QTPQICVVGSGPAGFYTAQHLLKHHSRAHVDIYEKQLVPFGLVRFGVAPDHPEVKNVINTFTQTARSDRCAFYGNVEVGRDVTVQELQDAYHAVVLSYGAEDHQALDIPGEELPGVFSARAFVGWYNGLPENRELAPDLSCDTAVILGQGNVALDVARILLTPPDHLEKTDITEAALGALRQSRVKTVWIVGRRGPLQVAFTIKELREMIQLPGTRPMLDPADFLGLQDRIKEAARPRKRLMELLLRTATEKPGVEEAARRASASRAWGLRFFRSPQQVLPSPDGRRAAGIRLAVTRLEGIGEATRAVPTGDVEDLPCGLVLSSIGYKSRPIDPSVPFDPKLGVVPNMEGRVVDVPGLYCSGWVKRGPTGVITTTMTDSFLTGQILLQDLKAGHLPSGPRPGSAFIKALLDSRGVWPVSFSDWEKLDAEEVSRGQASGKPREKLLDPQEMLRLLGH
CCCEEEEECCCHHHHHHHHHHHHHCCCCEEEEECCCCCCCCHHHHCCCCCCHHHHHHHHHHHHHHCCCCEEEEECCCECCCECHHHHHHHCCEEEECCCCCCCCCCCCCCCCCCCEEEHHHHHHHHCCCHHHCCCCCCCCCCEEEEECCCHHHHHHHHHHHCCHHHHCCCCCCHHHHHHHHHCCCCEEEEECCCCHHHCCCCHHHHHHHHCCCCEEEECCHHHHCCCHHHHHCCCHHHHHHHHHHHHHHHCCCCHHHHHHHHCCCEEEEEECCEEEEEEEECCCCCCEEEEEEEEEEEECCHHHCEEEEEEEEEEEECCEEEECCCCCCCCCCCCCCCECCCCECCEECCEECCCCCEEECCHHHHCCCCCHHHHHHHHHHHHHHHHHHHHCCCCCCCCCCCHHHHHHHHHCCCCCCECHHHHHHHHHHHHHHHHCCCCCCCCCCCHHHHHHHCCC
0 0 0 0 0 0 0 0 0 0 0 0 0 0 0 0 0 0 0 0 0 0 0 0 0 0 0 0 0 0 0 0 0 0 0 0 0 0 0 0 0 0 0 0 0 0 0 0 0 0 0 0 0 0 0 0 0 0 0 0 0 0 0 0 0 0 0 0 0 0 0 0 0 0 0 0 0 0 0 0 0 0 0 0 0 0 0 0 0 0 0 0 0 0 0 0 0 0 0 0 0 0 0 0 0 0 0 0 0 0 0 0 0 0 0 0 0 0 0 0 0 0 0 0 0 0 0 0 0 0 0 0 0 0 0 0 0 0 0 0 0 0 0 0 0 0 0 0 0 0 0 0 0 0 0 0 0 0 0 0 0 0 0 0 0 0 0 0 0 0 0 0 0 0 0 0 0 0 0 0 0 0 0 0 0 0 0 0 0 0 0 0 0 0 0 0 0 0 0 0 0 0 0 0 0 0 0 0 0 0 0 0 0 0 0 0 0 0 0 0 0 0 0 0 0 0 0 0 0 0 0 0 0 0 0 0 0 0 0 0 0 0 0 0 0 0 0 0 0 0 0 0 0 0 0 0 0 0 0 0 0 0 0 0 0 0 0 0 0 0 0 0 0 0 0 0 0 0 0 0 0 0 0 0 0 0 0 0 0 0 0 0 0 0 0 0 0 0 0 0 0 0 0 0 0 0 0 0 0 0 0 0 0 0 0 0 0 0 0 0 0 0 0 0 0 0 0 0 0 0 0 0 0 0 0 0 0 0 0 0 0 0 0 0 0 0 0 0 0 0 0 0 0 0 0 0 0 0 0 0 0 0 0 0 0 0 0 0 0 0 0 0 0 0 0 0 0 0 0 0 0 0 0 0 0 0 0 0 0 0 0 0 0 0 0 0 0 0 0 0 0 0 0 0 0 0 0 0 0 0 0 0 0 0 0 0 0 0 0 0 0 0 0 0 0 0 0 0 0 0 0 0 0 0 0 0 0 0 0 0 0 0 0 0 0 0 0 0 0 0 0 0 0 0 0 0 
0 0 0 0 0 0 0 0 0 0 0 0 0 0 0 0 0 0 0 0 0 0 0 0 0 0 0 0 0 0 0 0 0 0 0 0 0 0 0 0 0 0 0 0 0 0 0 0 0 0 0 0 0 0 0 0 0 0 0 0 0 0 0 0 0 0 0 0 0 0 0 0 0 0 0 0 0 0 0 0 0 0 0 0 0 0 0 0 0 0 0 0 0 0 0 0 0 0 0 0 0 0 0 0 0 0 0 0 0 0 0 0 0 0 0 0 0 0 0 0 0 0 0 0 0 0 0 0 0 0 0 0 0 0 0 0 0 0 0 0 0 0 0 0 0 0 0 0 0 0 0 0 0 0 0 0 0 0 0 0 0 0 0 0 0 0 0 0 0 0 0 0 0 0 0 0 0 0 0 0 0 0 0 0 0 0 0 0 0 0 0 0 0 0 0 0 0 0 0 0 0 0 0 0 0 0 0 0 0 0 0 0 0 0 0 0 0 0 0 0 0 0 0 0 0 0 0 0 0 0 0 0 0 0 0 0 0 0 0 0 0 0 0 0 0 0 0 0 0 0 0 0 0 0 0 0 0 0 0 0 0 0 0 0 0 0 0 0 0 0 0 0 0 0 0 0 0 0 0 0 0 0 0 0 0 0 0 0 0 0 0 0 0 0 0 0 0 0 0 0 0 0 0 0 0 0 0 0 0 0 0 0 0 0 0 0 0 0 0 0 0 0 0 0 0 0 0 0 0 0 0 0 0 0 0 0 0 0 0 0 0 0 0 0 0 0 0 0 0 0 0 0 0 0 0 0 0 0 0 0 0 0 0 0 0 0 0 0 0 0 0 0 0 0 0 0 0 0 0 0 0 0 0 0 0 0 0 0 0 0 0 0 0 0 0 0 0 0 0 0 0 0 0 0 0 0 0 0 0 0 0 0 0 0 0 0 0 0 0 0 0 0 0 0 0 0 0 0 0 0 0 0 0 0 0 0 0 0 0 0 0 0 0 0 0 0 0 0 0 0 0 0 0 0 0 0 
0 0.00380416 0.00374689 0.00383483 0.00431722 0.748695 0.0142519 0.0263843 0.0108494 0.0419928 0.0168175 0.0119766 0.0101468 0.0102672 0.0122392 0.0123165 0.0142916 0.0170228 0.0116042 0.010356 0.0130503 0.0090385 0.00837587 0.011329 0.00898058 0.00871723 0.00948326 0.00938896 0.00970336 0.00858242 0.00824066 0.0086005 0.00846749 0.00868716 0.00842259 0.00813291 0.00834136 0.00854413 0.00841464 0.00835452 0.00857395 0.0086851 0.00846693 0.00882387 0.00842614 0.00832808 0.00839887 0.00835792 0.00839463 0.008718 0.00843768 0.00888599 0.00852536 0.00843526 0.00867783 0.00861476 0.00882237 0.00877205 0.00875677 0.00867483 0.00861829 0.00861361 0.00843247 0.00892722 0.00906153 0.00851727 0.0085445 0.0086169 0.00852483 0.00847925 0.00852203 0.00864697 0.00871667 0.00875239 0.00848694 0.00885555 0.00870449 0.00871334 0.00874912 0.00925749 0.0101657 0.0104278 0.00876127 0.00885156 0.010336 0.0096632 0.00904272 0.00902668 0.00957071 0.0179454 
0.00380416 0 0.00375088 0.00379318 0.00375937 0.0314177 0.827642 0.0169424 0.0849055 0.0134944 0.0262242 0.0334994 0.0287646 0.0182611 0.0115644 0.00992728 0.0130322 0.0487646 0.044205 0.0329771 0.012669 0.0104787 0.00980538 0.00892381 0.0100624 0.0119498 0.014746 0.0123972 0.00992999 0.0084832 0.00977348 0.0095408 0.00913029 0.00853435 0.00827286 0.00851645 0.00870968 0.0084984 0.00847154 0.00864766 0.00882252 0.0089132 0.00877474 0.00860852 0.00839459 0.0084975 0.00855139 0.00853332 0.00852481 0.00864155 0.00853769 0.00853716 0.00851414 0.0087486 0.00890475 0.00891014 0.00883043 0.0089688 0.00885215 0.00883963 0.00870235 0.00862397 0.00857359 0.00851334 0.00855254 0.00867997 0.00871647 0.00857768 0.00868529 0.00850075 0.00874042 0.00876668 0.00890239 0.00890767 0.00875823 0.00860145 0.00874872 0.00913824 0.00907127 0.00894871 0.00861142 0.00919218 0.00872143 0.00885995 0.00876661 0.00972952 0.00903419 0.00973452 0.00948606 0.0130662 
0.00374689 0.00375088 0 0.00377563 0.00374661 0.0725521 0.0342343 0.78586 0.0244416 0.0222184 0.0127864 0.0460418 0.0832841 0.0211366 0.0101736 0.00880131 0.00931035 0.0205317 0.111974 0.0377473 0.0139082 0.0102469 0.00897539 0.00953255 0.00902403 0.0135609 0.0266729 0.0168188 0.0100616 0.00883966 0.0100734 0.0114401 0.00948639 0.00872211 0.00852099 0.00873822 0.00868933 0.00858485 0.00867432 0.0088284 0.00907704 0.00905183 0.00887486 0.00850981 0.00855502 0.00854506 0.00863999 0.00858645 0.00874182 0.00869699 0.00862444 0.00840559 0.00875963 0.00886292 0.00917798 0.00903541 0.00910354 0.0090945 0.00911049 0.00895452 0.00882722 0.00868931 0.00858992 0.00840223 0.00844782 0.00875427 0.00882211 0.00870333 0.0087966 0.00861428 0.00894094 0.00891326 0.00915384 0.00902313 0.0088373 0.0085032 0.00890805 0.00942695 0.00920634 0.00881333 0.00847022 0.00905977 0.0086271 0.00862239 0.00899754 0.00886512 0.00916508 0.00974267 0.00927192 0.0119993 
0.00383483 0.00379318 0.00377563 0 0.00391581 0.0191055 0.0833848 0.0430208 0.814742 0.0224478 0.0133864 0.0379226 0.0432656 0.04631 0.0124213 0.00996997 0.0100603 0.0188477 0.0414159 0.159104 0.0199876 0.0101732 0.0104358 0.00922755 0.00900202 0.0118923 0.0187401 0.0233976 0.0114406 0.00885505 0.00938997 0.0101332 0.00979457 0.00844876 0.00860004 0.00855791 0.0088832 0.0083853 0.00858881 0.00861376 0.00908246 0.00910341 0.00887713 0.00844086 0.00851786 0.00842902 0.00855654 0.00860677 0.00863186 0.00866994 0.00859916 0.00835887 0.00868213 0.00873918 0.00918802 0.00915719 0.00902278 0.00922473 0.00916712 0.00894661 0.00875332 0.00865911 0.00852174 0.0083285 0.00849784 0.00866516 0.00872271 0.0086849 0.00868451 0.00856156 0.0087868 0.00888246 0.0091773 0.00893868 0.00884413 0.00848403 0.00903141 0.00936375 0.00939735 0.00875548 0.00849832 0.00915309 0.00873243 0.00860058 0.00895639 0.00875324 0.00936682 0.00992255 0.00930883 0.0119186 
0.00431722 0.00375937 0.00374661 0.00391581 0 0.0184887 0.0201728 0.052863 0.0605101 0.797953 0.0207069 0.0132852 0.015722 0.0172826 0.0320092 0.0153739 0.0153206 0.0194994 0.0137232 0.0233056 0.0723528 0.0117951 0.00937882 0.0107277 0.00933919 0.0096502 0.0106191 0.0111952 0.0176765 0.00920725 0.00858435 0.00878417 0.00866834 0.009102 0.00887335 0.00824299 0.00826558 0.0085796 0.00891829 0.00848234 0.00854766 0.00848371 0.00840602 0.00847203 0.00876239 0.00826076 0.0082897 0.00827692 0.00829063 0.00836897 0.00833553 0.00834209 0.00908918 0.00851332 0.00863481 0.00863901 0.00863299 0.00867249 0.00860198 0.0086051 0.00852431 0.00835333 0.00828061 0.00833202 0.00904537 0.00853001 0.00844251 0.00836464 0.00845291 0.00834201 0.00849775 0.00862647 0.00870578 0.00857361 0.00847027 0.00846518 0.00946303 0.0090555 0.00872273 0.00883436 0.00926485 0.00990476 0.00920627 0.00875387 0.0094944 0.00932655 0.00993862 0.00927557 0.00913838 0.0149428 
0.748695 0.0314177 0.0725521 0.0191055 0.0184887 0 0.00394086 0.00376349 0.00372337 0.00476197 0.041763 0.0225984 0.010043 0.023914 0.0115807 0.0121407 0.0156269 0.0173188 0.0109935 0.0108983 0.0127974 0.00974859 0.00837178 0.0147677 0.0096562 0.00866454 0.0101941 0.0100266 0.0102358 0.00884786 0.00815454 0.00846917 0.00828867 0.00894353 0.00893421 0.00809042 0.008222 0.00856945 0.00844093 0.00818027 0.00822581 0.00819645 0.00824523 0.0086729 0.00844959 0.00827296 0.00811139 0.00814401 0.00824873 0.00825848 0.00820238 0.00889379 0.00868605 0.00829512 0.00828995 0.00827212 0.00839757 0.00843008 0.00837614 0.00837549 0.00830269 0.0084797 0.00829217 0.00901589 0.00894409 0.00834784 0.00827014 0.00850351 0.00822434 0.00834873 0.00826608 0.00831901 0.00836943 0.00841531 0.00825399 0.00882186 0.00865125 0.00845453 0.0084469 0.00900396 0.0104659 0.0102554 0.00871482 0.0085899 0.0105948 0.00910467 0.00888558 0.00870134 0.00899467 0.0155048 
0.0142519 0.827642 0.0342343 0.0833848 0.0201728 0.00394086 0 0.00372773 0.00374363 0.0037521 0.258299 0.0263921 0.0711802 0.011134 0.0153998 0.0131414 0.0187799 0.0255693 0.0384686 0.0249231 0.0137055 0.00874254 0.0106521 0.00843117 0.00947848 0.0128005 0.0144304 0.0128537 0.00942766 0.00847041 0.00957616 0.00908432 0.00933544 0.00828163 0.00819491 0.0083605 0.00864573 0.00830028 0.00838448 0.0085118 0.00872857 0.0086399 0.00849535 0.00831942 0.00831792 0.00836641 0.00842627 0.00831072 0.00837535 0.00840561 0.00838515 0.00822009 0.00850939 0.00853315 0.00872317 0.00866631 0.00859494 0.00870835 0.00864134 0.00858574 0.00858806 0.00841317 0.00840647 0.00833441 0.00837094 0.00854126 0.00859982 0.00842527 0.00865073 0.00837662 0.00856007 0.00854088 0.00864998 0.00861354 0.00857404 0.00838176 0.00856297 0.00887791 0.00874922 0.00856757 0.00847393 0.00900306 0.00862923 0.00867398 0.00851533 0.00962445 0.00874507 0.0091597 0.0089047 0.0119976 
0.0263843 0.0169424 0.78586 0.0430208 0.052863 0.00376349 0.00372773 0 0.00371593 0.0037445 0.0182438 0.345335 0.0493509 0.0449308 0.00982244 0.00898588 0.0090866 0.0152315 0.062843 0.0350426 0.0112672 0.00986421 0.00867172 0.0103923 0.00906821 0.0117161 0.0314257 0.0169073 0.00943098 0.00879542 0.00922853 0.0116459 0.00939201 0.00849535 0.00834703 0.00860256 0.00870174 0.00860853 0.00837567 0.00865789 0.00885772 0.00895688 0.00859658 0.0083946 0.00830867 0.0084327 0.00845847 0.00850737 0.0085459 0.00862558 0.00844069 0.00831607 0.00840987 0.0086355 0.00888027 0.0087674 0.00879176 0.00882962 0.00880769 0.00869169 0.0085993 0.00857905 0.00839181 0.00827075 0.00829144 0.00856732 0.00862989 0.00852799 0.00858978 0.00848078 0.00866504 0.00864569 0.00876052 0.00878578 0.00859473 0.00841777 0.00858427 0.00892591 0.00887559 0.00858027 0.00837648 0.00858876 0.00838453 0.00844269 0.00880434 0.00850893 0.0086265 0.00897447 0.0088006 0.00986931 
0.0108494 0.0849055 0.0244416 0.814742 0.0605101 0.00372337 0.00374363 0.00371593 0 0.0037652 0.034935 0.0431045 0.31026 0.0888132 0.0212379 0.0106641 0.0138068 0.0181371 0.0355196 0.0898166 0.0228246 0.00916748 0.0116073 0.00950846 0.00944745 0.0119197 0.0180764 0.0305629 0.0109511 0.00858483 0.00927991 0.00968772 0.0100958 0.00851267 0.00832797 0.00840586 0.00870667 0.0083157 0.00838736 0.00850579 0.0087768 0.00873932 0.00854373 0.00827992 0.00831219 0.00830061 0.008428 0.00838565 0.00853582 0.00847951 0.00844621 0.00818774 0.0085118 0.00846475 0.00887161 0.00875595 0.00874464 0.00889513 0.00884791 0.00866008 0.00860359 0.00851639 0.00836981 0.00825829 0.00824559 0.00848655 0.00862598 0.00850553 0.00856212 0.00844688 0.00866569 0.00874958 0.00896118 0.00870805 0.00858033 0.00830254 0.00864567 0.00889971 0.0088983 0.00846489 0.00830601 0.00875425 0.00847717 0.00841944 0.0085208 0.00848082 0.0088229 0.00909763 0.00885856 0.0103968 
0.0419928 0.0134944 0.0222184 0.0224478 0.797953 0.00476197 0.0037521 0.0037445 0.0037652 0 0.0242143 0.0230653 0.0216724 0.1748 0.108123 0.0242517 0.0224519 0.0208651 0.0110512 0.0196674 0.0286223 0.0143503 0.00919228 0.0118279 0.011236 0.00968573 0.0100941 0.0106574 0.0139505 0.0100573 0.00843309 0.00863846 0.00860961 0.00892951 0.00904408 0.00827166 0.00827087 0.00866295 0.00872858 0.00841454 0.00837939 0.00834389 0.008235 0.00845728 0.00861975 0.00821725 0.00819012 0.00822604 0.00824065 0.00826684 0.00818083 0.00835846 0.00894564 0.00838043 0.00836836 0.00836915 0.00835606 0.00839907 0.00836417 0.00836237 0.00835411 0.00830216 0.00824118 0.00833025 0.00894351 0.00838963 0.00834386 0.00829722 0.00834478 0.0082544 0.00832689 0.0083519 0.00842345 0.0083363 0.00830445 0.00839792 0.00927179 0.00872414 0.00847828 0.00879891 0.00946984 0.0101462 0.00898191 0.0086892 0.009464 0.00925856 0.00976689 0.00872992 0.00894188 0.0150611 
0.0168175 0.0262242 0.0127864 0.0133864 0.0207069 0.041763 0.258299 0.0182438 0.034935 0.0242143 0 0.0051006 0.00377184 0.00383134 0.00500642 0.00875139 0.0190989 0.0640131 0.0252594 0.0152392 0.0410914 0.0115562 0.0108382 0.0173414 0.0165585 0.0128418 0.013213 0.0120765 0.0194521 0.00912474 0.00927544 0.00899317 0.00972205 0.0112916 0.00843917 0.00809927 0.00862933 0.00920019 0.00851091 0.00815798 0.00829777 0.00824764 0.00833287 0.0088028 0.00843833 0.00802657 0.0080715 0.00804676 0.00809407 0.00814022 0.00818608 0.00866265 0.00846843 0.00814527 0.00828938 0.00826323 0.00828573 0.00828722 0.00835436 0.00825948 0.00826829 0.00814314 0.00816714 0.00837242 0.00834089 0.00823923 0.00821887 0.00815333 0.00829855 0.0081534 0.00830272 0.00824729 0.00836979 0.00828457 0.00828998 0.00839256 0.00829894 0.00831873 0.00839509 0.00879331 0.00861276 0.00897745 0.0082822 0.00846962 0.00832757 0.00919295 0.00829436 0.00849673 0.00888794 0.0118053 
0.0119766 0.0334994 0.0460418 0.0379226 0.0132852 0.0225984 0.0263921 0.345335 0.0431045 0.0230653 0.0051006 0 0.00374083 0.00377211 0.0037552 0.00497189 0.00650911 0.0388395 0.0625375 0.0459951 0.0227734 0.0115923 0.0126506 0.0128211 0.00987173 0.0321121 0.0379901 0.0406984 0.0109382 0.0091473 0.0106079 0.0118766 0.0105253 0.00888649 0.00833639 0.00872056 0.00874812 0.00859291 0.00817446 0.00842769 0.00859242 0.00865478 0.0084717 0.00841553 0.00815077 0.00825726 0.00826135 0.00825112 0.00830022 0.00828786 0.00824956 0.0081743 0.00828499 0.0083142 0.00855694 0.00854196 0.00848585 0.00858984 0.00852753 0.00846333 0.0083873 0.00825322 0.00813399 0.00810902 0.00807385 0.00828607 0.00833095 0.00827508 0.00832642 0.00823474 0.0084011 0.00839699 0.00847429 0.00843689 0.00831294 0.00820335 0.00827574 0.00851408 0.00848433 0.00844154 0.00819535 0.00837372 0.00826831 0.00827245 0.00833831 0.00833459 0.00834819 0.00866383 0.00850875 0.00876891 
0.0101468 0.0287646 0.0832841 0.0432656 0.015722 0.010043 0.0711802 0.0493509 0.31026 0.0216724 0.00377184 0.00374083 0 0.00398027 0.00370132 0.00406431 0.0067869 0.0225379 0.0860972 0.0748039 0.0174369 0.01013 0.0119515 0.0107198 0.0102798 0.0202496 0.0840629 0.0401185 0.0152303 0.00909623 0.0110223 0.0164512 0.0133539 0.00896605 0.008431 0.00875607 0.00967524 0.00880156 0.00836826 0.00874524 0.00931306 0.00912801 0.00885196 0.00829137 0.00830207 0.0084428 0.00845392 0.00849972 0.0085384 0.00849505 0.00846056 0.00813575 0.00845959 0.0086019 0.00906135 0.00889624 0.00883296 0.00889937 0.00879388 0.00856504 0.00850675 0.0083027 0.00839344 0.00806587 0.0083792 0.0084043 0.008509 0.00835034 0.00852499 0.00828605 0.00854571 0.00848783 0.00870421 0.00855919 0.00842051 0.00823776 0.00840163 0.0088213 0.008679 0.0083578 0.00815186 0.00843156 0.00829062 0.0082663 0.00826508 0.00836136 0.00848476 0.00873627 0.00863931 0.00914873 
0.0102672 0.0182611 0.0211366 0.04631 0.0172826 0.023914 0.011134 0.0449308 0.0888132 0.1748 0.00383134 0.00377211 0.00398027 0 0.00379978 0.00572797 0.00886762 0.0235379 0.0550702 0.0745604 0.0234567 0.0122918 0.0129079 0.0140612 0.00949969 0.0190018 0.0228095 0.0485466 0.0153847 0.00944624 0.0100281 0.0106846 0.0108839 0.00879163 0.00866445 0.00887757 0.00871573 0.0083894 0.00825669 0.00849238 0.00848844 0.00842912 0.00830868 0.00814917 0.00822005 0.00823901 0.00815627 0.00814691 0.00821866 0.00828466 0.00815004 0.00801896 0.00835779 0.00842385 0.00844947 0.00839179 0.00839203 0.0084685 0.00838395 0.00829953 0.00825399 0.0081316 0.00812198 0.00796202 0.00821712 0.00829716 0.00826698 0.00815821 0.00828664 0.00815455 0.00829265 0.00829039 0.00837496 0.0083059 0.00826068 0.00812011 0.00835117 0.00850023 0.00835449 0.00820224 0.00821997 0.00854623 0.00822395 0.00825706 0.00835649 0.00832044 0.00839534 0.00853594 0.00830096 0.00915477 
0.0122392 0.0115644 0.0101736 0.0124213 0.0320092 0.0115807 0.0153998 0.00982244 0.0212379 0.108123 0.00500642 0.0037552 0.00370132 0.00379978 0 0.0207086 0.0145124 0.039288 0.0136032 0.0189875 0.0622565 0.015025 0.0110458 0.012103 0.0134685 0.0108707 0.0108772 0.012041 0.0244318 0.0116923 0.00934874 0.00873363 0.00952387 0.00889104 0.00933691 0.00820057 0.00836603 0.0087325 0.00850479 0.0082154 0.00825694 0.00823951 0.00814875 0.00820891 0.00836321 0.0081121 0.0081048 0.0080659 0.00805527 0.00820579 0.00805605 0.00811625 0.00865525 0.00825847 0.00832989 0.0082594 0.00831514 0.00829319 0.00833142 0.00821652 0.00813989 0.00812918 0.00807962 0.0081133 0.0088272 0.00826332 0.00816916 0.00810492 0.00819245 0.00812852 0.00824628 0.00821735 0.0083318 0.00834229 0.00818986 0.00813218 0.00886978 0.00852478 0.00830031 0.00834615 0.0084169 0.00903089 0.00849791 0.00833111 0.00843249 0.00885136 0.00893721 0.00852196 0.00851962 0.0111435 
0.0123165 0.00992728 0.00880131 0.00996997 0.0153739 0.0121407 0.0131414 0.00898588 0.0106641 0.0242517 0.00875139 0.00497189 0.00406431 0.00572797 0.0207086 0 0.92581 0.019588 0.0142347 0.0164296 0.0445832 0.0156648 0.0128223 0.0160501 0.0125399 0.0122695 0.00950616 0.0105406 0.0153632 0.0105222 0.00857061 0.00826364 0.00846158 0.01102 0.00960486 0.0081047 0.00813685 0.00938471 0.00890962 0.00806488 0.00799588 0.00798287 0.00802565 0.00905024 0.00880497 0.00800753 0.00798598 0.00793341 0.00792294 0.00803202 0.00805829 0.00896026 0.00911545 0.00810675 0.00802725 0.00805478 0.00801949 0.00808191 0.00804729 0.00806239 0.00814288 0.00804451 0.00818395 0.00879196 0.0085204 0.00820301 0.00809453 0.00800935 0.0081594 0.00798019 0.00804853 0.00805037 0.00807363 0.00808628 0.00810732 0.00845087 0.00869977 0.00824968 0.00814092 0.00917451 0.0106018 0.0111238 0.00880919 0.00871671 0.00916662 0.0103696 0.00889379 0.00846237 0.00928276 0.0169977 
0.0142916 0.0130322 0.00931035 0.0100603 0.0153206 0.0156269 0.0187799 0.0090866 0.0138068 0.0224519 0.0190989 0.00650911 0.0067869 0.00886762 0.0145124 0.92581 0 0.014629 0.0136505 0.00900814 0.0251572 0.0206938 0.0169037 0.0161329 0.022029 0.0158496 0.0110519 0.0104089 0.0171195 0.0132002 0.00965092 0.00840509 0.00882429 0.0115942 0.0113972 0.00819968 0.0083352 0.0113812 0.0100809 0.00835594 0.00812408 0.00808889 0.00824686 0.00918533 0.00981381 0.00814544 0.00812648 0.00805283 0.00800337 0.00813332 0.00818868 0.00887307 0.01086 0.00830752 0.00813887 0.0082067 0.00811851 0.00827518 0.00813932 0.00817031 0.00826886 0.00807831 0.00819995 0.00884093 0.00936934 0.00833069 0.0081924 0.00810284 0.00840376 0.00806807 0.00814058 0.00817437 0.00817463 0.0081937 0.00822443 0.00851377 0.00968961 0.00833816 0.00833943 0.0090652 0.0107828 0.0110818 0.00915409 0.0088482 0.00925641 0.0107892 0.00955766 0.00876934 0.009284 0.0191643 
0.0170228 0.0487646 0.0205317 0.0188477 0.0194994 0.0173188 0.0255693 0.0152315 0.0181371 0.0208651 0.0640131 0.0388395 0.0225379 0.0235379 0.039288 0.019588 0.014629 0 0.00387034 0.00379013 0.00395378 0.241877 0.0155978 0.0356431 0.0447613 0.0897744 0.0354108 0.0256787 0.0281548 0.017779 0.0157116 0.0133937 0.0129869 0.0150631 0.00991689 0.00882941 0.00952658 0.0109869 0.00876326 0.00845753 0.00901265 0.00890662 0.0086792 0.00897394 0.00866026 0.00818818 0.0082647 0.00824163 0.00831943 0.00832541 0.00836817 0.00863863 0.00898127 0.0084356 0.00873026 0.00876927 0.0087498 0.0088369 0.00879329 0.00856767 0.00843741 0.00825752 0.00819604 0.00840755 0.00859674 0.0083172 0.00839088 0.00829084 0.00844297 0.00825583 0.00837499 0.00847867 0.00868012 0.00849221 0.00839513 0.00839994 0.00870206 0.00853079 0.00855283 0.00878745 0.00851053 0.00891421 0.00833115 0.00830881 0.00841172 0.00870272 0.00860996 0.00848723 0.00879034 0.0106451 
0.0116042 0.044205 0.111974 0.0414159 0.0137232 0.0109935 0.0384686 0.062843 0.0355196 0.0110512 0.0252594 0.0625375 0.0860972 0.0550702 0.0136032 0.0142347 0.0136505 0.00387034 0 0.00404213 0.00378988 0.101445 0.176989 0.0125531 0.0251155 0.135864 0.195052 0.0942607 0.0168512 0.0133064 0.0299927 0.0433262 0.0227654 0.0106319 0.00898154 0.0109064 0.0117416 0.00965704 0.00864303 0.00907924 0.00990401 0.00997791 0.00920099 0.00916071 0.00844753 0.00858418 0.00869885 0.00876348 0.00892564 0.00876895 0.00859658 0.00847421 0.00849262 0.00879782 0.00962609 0.0094581 0.00939392 0.00957243 0.00940849 0.00898031 0.00879234 0.00852702 0.00836583 0.00812742 0.00814782 0.00861952 0.0088221 0.00852419 0.00871526 0.00840174 0.00877537 0.00871135 0.00904382 0.00879581 0.00849192 0.00829869 0.00849309 0.00899449 0.00884013 0.0086766 0.00812633 0.0086255 0.0082954 0.00829188 0.00831234 0.00839167 0.00857387 0.00888027 0.00920327 0.00905003 
0.010356 0.0329771 0.0377473 0.159104 0.0233056 0.0108983 0.0249231 0.0350426 0.0898166 0.0196674 0.0152392 0.0459951 0.0748039 0.0745604 0.0189875 0.0164296 0.00900814 0.00379013 0.00404213 0 0.00388943 0.0452173 0.110266 0.0524259 0.0146548 0.046787 0.117948 0.30681 0.050915 0.0140775 0.0259279 0.0378322 0.0384034 0.0124744 0.00959049 0.0107569 0.0140664 0.0104663 0.00879582 0.00933521 0.00981066 0.0100684 0.00945722 0.00878485 0.00856785 0.00858206 0.00853034 0.00873345 0.00878421 0.008775 0.00864458 0.00823806 0.00868524 0.00896172 0.00930889 0.00915209 0.00918226 0.00924331 0.00910081 0.00895239 0.00862581 0.00855101 0.00832502 0.00806206 0.00837463 0.00858488 0.00859138 0.00863442 0.00849405 0.00853818 0.0086254 0.00868855 0.00891046 0.00878126 0.00859039 0.00821499 0.00872715 0.00903398 0.00888439 0.008416 0.00806306 0.00839578 0.00827599 0.00817499 0.00830582 0.00828669 0.00874289 0.00879613 0.00859929 0.00892856 
0.0130503 0.012669 0.0139082 0.0199876 0.0723528 0.0127974 0.0137055 0.0112672 0.0228246 0.0286223 0.0410914 0.0227734 0.0174369 0.0234567 0.0622565 0.0445832 0.0251572 0.00395378 0.00378988 0.00388943 0 0.0217134 0.0378114 0.162698 0.0219928 0.0188659 0.0241127 0.0518096 0.148715 0.0206697 0.0130298 0.0131387 0.0159775 0.0163734 0.0121721 0.00931656 0.00959029 0.0119141 0.0093315 0.00864368 0.00886215 0.00882941 0.00864208 0.00890554 0.00878703 0.00824359 0.0082483 0.00818286 0.00824866 0.00830888 0.00824751 0.00837754 0.00918608 0.00846054 0.00864144 0.0084804 0.00856272 0.00851509 0.0084802 0.00833419 0.00822764 0.00815477 0.00806984 0.00816415 0.00878934 0.00822242 0.00823709 0.00820556 0.00818563 0.00819766 0.00823725 0.00829921 0.00838284 0.00828391 0.00819833 0.00818202 0.00904081 0.0084972 0.00847878 0.00853955 0.00858994 0.00998933 0.00848345 0.00825554 0.00857099 0.00842948 0.00908048 0.00861418 0.00865042 0.0102527 
0.0090385 0.0104787 0.0102469 0.0101732 0.0117951 0.00974859 0.00874254 0.00986421 0.00916748 0.0143503 0.0115562 0.0115923 0.01013 0.0122918 0.015025 0.0156648 0.0206938 0.241877 0.101445 0.0452173 0.0217134 0 0.00434157 0.00385315 0.0688861 0.0298034 0.0366926 0.0168697 0.0271759 0.0122587 0.00990323 0.0111765 0.0100975 0.0178196 0.0089264 0.00842361 0.00931531 0.0118121 0.00838034 0.00809059 0.00833238 0.00831078 0.00839699 0.0094349 0.0083059 0.00800401 0.00807017 0.00807906 0.0080798 0.0080118 0.00822165 0.00920028 0.00842449 0.00807791 0.00824762 0.00820588 0.00821821 0.00827839 0.0082393 0.00817306 0.00812579 0.00802131 0.00804017 0.00856224 0.00847156 0.00801524 0.00805555 0.0080199 0.0080467 0.00799721 0.00805681 0.00806808 0.00814724 0.00812169 0.00809846 0.00848862 0.00840664 0.00810202 0.00839131 0.00907429 0.00851783 0.00887268 0.00820397 0.00814147 0.00818156 0.00856354 0.0082658 0.00816268 0.00882822 0.0101509 
0.00837587 0.00980538 0.00897539 0.0104358 0.00937882 0.00837178 0.0106521 0.00867172 0.0116073 0.00919228 0.0108382 0.0126506 0.0119515 0.0129079 0.0110458 0.0128223 0.0169037 0.0155978 0.176989 0.110266 0.0378114 0.00434157 0 0.00374216 0.0143012 0.0507178 0.0223529 0.0725592 0.0185111 0.00977618 0.0126549 0.00946567 0.0128351 0.00908984 0.00851107 0.00859379 0.00905147 0.0087307 0.00820559 0.00832637 0.00850074 0.00840161 0.0084289 0.00821378 0.00810113 0.00819181 0.00822521 0.0081613 0.00819155 0.00814073 0.00813612 0.00810791 0.00809989 0.00828687 0.00840463 0.00839947 0.0083532 0.00844263 0.00838444 0.00833968 0.00824203 0.00809935 0.00802094 0.00798941 0.00801416 0.00824798 0.00813796 0.00816563 0.00816079 0.00817963 0.00818371 0.00820981 0.0083534 0.00820993 0.00810537 0.00799509 0.00812467 0.00832839 0.00825277 0.00813262 0.00803087 0.0081949 0.00804006 0.00805075 0.00801486 0.00818882 0.0081173 0.00835487 0.0082504 0.00870916 
0.011329 0.00892381 0.00953255 0.00922755 0.0107277 0.0147677 0.00843117 0.0103923 0.00950846 0.0118279 0.0173414 0.0128211 0.0107198 0.0140612 0.012103 0.0160501 0.0161329 0.0356431 0.0125531 0.0524259 0.162698 0.00385315 0.00374216 0 0.015078 0.0116937 0.0209403 0.0394208 0.128599 0.0198999 0.0114552 0.015287 0.0102955 0.0124595 0.0113738 0.00889055 0.00881213 0.0105809 0.00911433 0.00839905 0.00830084 0.00890218 0.00830139 0.00844493 0.00887625 0.00819382 0.00813477 0.00819298 0.00819531 0.00848035 0.00812581 0.00825453 0.00886214 0.0083044 0.0083366 0.0082974 0.00832378 0.00827794 0.00827163 0.00821464 0.008145 0.00813875 0.00802397 0.00810811 0.00917381 0.00807751 0.00809238 0.00810133 0.00807011 0.00809614 0.00807346 0.00810405 0.00813114 0.0081563 0.00805552 0.00805271 0.00852612 0.0081907 0.00812367 0.00807006 0.00859592 0.00874944 0.00815493 0.00799429 0.00840427 0.00802253 0.00854319 0.00808611 0.00806965 0.0094703 
0.00898058 0.0100624 0.00902403 0.00900202 0.00933919 0.0096562 0.00947848 0.00906821 0.00944745 0.011236 0.0165585 0.00987173 0.0102798 0.00949969 0.0134685 0.0125399 0.022029 0.0447613 0.0251155 0.0146548 0.0219928 0.0688861 0.0143012 0.015078 0 0.00456601 0.00379115 0.0039945 0.00408407 0.610368 0.0188555 0.0181604 0.0122738 0.0238473 0.0140705 0.00963636 0.0102792 0.0155203 0.0099776 0.00849372 0.00881186 0.00875829 0.00859487 0.0096462 0.00902272 0.00813199 0.00817321 0.00819201 0.00831973 0.00823546 0.00824396 0.00906215 0.00947836 0.00832958 0.00848919 0.00850196 0.00857792 0.00860415 0.00864509 0.00838631 0.00837253 0.00820389 0.00803753 0.00847014 0.00855138 0.00822475 0.00827628 0.00829485 0.00828987 0.00824815 0.0081881 0.00821301 0.00837865 0.00825707 0.00813092 0.00838995 0.00888825 0.0083469 0.00846544 0.00888 0.00853731 0.00880358 0.00832953 0.00820738 0.0082947 0.00862183 0.00852144 0.00827197 0.00858696 0.00986212 
0.00871723 0.0119498 0.0135609 0.0118923 0.0096502 0.00866454 0.0128005 0.0117161 0.0119197 0.00968573 0.0128418 0.0321121 0.0202496 0.0190018 0.0108707 0.0122695 0.0158496 0.0897744 0.135864 0.046787 0.0188659 0.0298034 0.0507178 0.0116937 0.00456601 0 0.00378644 0.00377125 0.00395285 0.0929466 0.700001 0.025747 0.0499961 0.012816 0.0142887 0.0184659 0.0191154 0.0119582 0.00984643 0.0106035 0.0116944 0.0118823 0.0111769 0.00964464 0.00896696 0.00879305 0.00900716 0.00900657 0.00930202 0.00906777 0.00939171 0.00897174 0.00938161 0.00960354 0.0102352 0.0103085 0.0102157 0.0104684 0.0100717 0.00962966 0.00915029 0.00858733 0.00866542 0.00844173 0.00843311 0.00879706 0.00884479 0.00869981 0.0088656 0.00867422 0.00891993 0.00891184 0.00930077 0.00881246 0.00889138 0.00857627 0.00875953 0.00906586 0.00920672 0.00891649 0.00815633 0.00839452 0.00829041 0.00817552 0.008216 0.00834955 0.00842557 0.00867755 0.0089602 0.00884953 
0.00948326 0.014746 0.0266729 0.0187401 0.0106191 0.0101941 0.0144304 0.0314257 0.0180764 0.0100941 0.013213 0.0379901 0.0840629 0.0228095 0.0108772 0.00950616 0.0110519 0.0354108 0.195052 0.117948 0.0241127 0.0366926 0.0223529 0.0209403 0.00379115 0.00378644 0 0.00381663 0.00375035 0.102968 0.0870001 0.733063 0.0410748 0.0200623 0.0121116 0.0411379 0.0301163 0.0143734 0.0105158 0.0134451 0.0251875 0.0242214 0.0139923 0.00977083 0.00943538 0.010005 0.0113469 0.0121183 0.0130788 0.011929 0.0097316 0.00886436 0.00935843 0.010526 0.0169469 0.0154069 0.0159165 0.015074 0.0155882 0.0129866 0.0109625 0.00971051 0.0087952 0.00823474 0.00875442 0.00914411 0.0108148 0.00973593 0.0097721 0.00967584 0.0104073 0.0103638 0.0120798 0.0104488 0.00924499 0.00874568 0.00911871 0.010341 0.0101852 0.00933941 0.00799867 0.00841629 0.00822016 0.00809637 0.00821096 0.00828899 0.00864208 0.00891721 0.0088491 0.00862744 
0.00938896 0.0123972 0.0168188 0.0233976 0.0111952 0.0100266 0.0128537 0.0169073 0.0305629 0.0106574 0.0120765 0.0406984 0.0401185 0.0485466 0.012041 0.0105406 0.0104089 0.0256787 0.0942607 0.30681 0.0518096 0.0168697 0.0725592 0.0394208 0.0039945 0.00377125 0.00381663 0 0.00394989 0.0226363 0.160633 0.106634 0.727738 0.0326115 0.0145951 0.0221816 0.0817367 0.0204175 0.0103218 0.0129327 0.0174579 0.0187696 0.0178001 0.00991521 0.0094579 0.00930015 0.00987161 0.010239 0.0105412 0.0100978 0.0115107 0.00896356 0.00942172 0.0101699 0.0127702 0.013322 0.0126719 0.0124105 0.0125118 0.0105756 0.0102793 0.0089496 0.00844805 0.00812405 0.00880549 0.0091057 0.00924816 0.00923608 0.00919733 0.00921018 0.00955333 0.00970977 0.0102299 0.00947209 0.00924224 0.00841327 0.00924796 0.00982575 0.0101014 0.00872176 0.00803204 0.00837221 0.00820389 0.00811059 0.00828684 0.00812752 0.00881321 0.00899608 0.00868679 0.00847171 
0.00970336 0.00992999 0.0100616 0.0114406 0.0176765 0.0102358 0.00942766 0.00943098 0.0109511 0.0139505 0.0194521 0.0109382 0.0152303 0.0153847 0.0244318 0.0153632 0.0171195 0.0281548 0.0168512 0.050915 0.148715 0.0271759 0.0185111 0.128599 0.00408407 0.00395285 0.00375035 0.00394989 0 0.0310884 0.0298709 0.0869461 0.101882 0.636633 0.0161669 0.011659 0.0183022 0.0385915 0.0123298 0.00985561 0.0103966 0.0106369 0.01025 0.0118002 0.0107416 0.00853223 0.00868113 0.00859168 0.00853319 0.00857515 0.00870528 0.0094578 0.0111158 0.00899988 0.00932229 0.00957768 0.00947531 0.00961377 0.00934946 0.00885371 0.0085722 0.00828139 0.0082037 0.00842968 0.00952933 0.00827898 0.00835975 0.00825177 0.00835597 0.00833015 0.00841428 0.00864213 0.00882079 0.00865939 0.00842183 0.00867454 0.00963678 0.00884062 0.00872002 0.00937178 0.0084851 0.00960014 0.00834073 0.00816929 0.00836773 0.00829704 0.00891086 0.00837393 0.00875362 0.0100991 
0.00858242 0.0084832 0.00883966 0.00885505 0.00920725 0.00884786 0.00847041 0.00879542 0.00858483 0.0100573 0.00912474 0.0091473 0.00909623 0.00944624 0.0116923 0.0105222 0.0132002 0.017779 0.0133064 0.0140775 0.0206697 0.0122587 0.00977618 0.0198999 0.610368 0.0929466 0.102968 0.0226363 0.0310884 0 0.00390269 0.0037664 0.00398807 0.00449135 0.186026 0.021362 0.0182136 0.0340277 0.0154406 0.0127746 0.0119092 0.0119185 0.0122451 0.0193423 0.0118877 0.00930432 0.00940885 0.00887709 0.00943389 0.00939822 0.00990209 0.0154861 0.011766 0.00997372 0.0109406 0.0104084 0.0112999 0.0106193 0.0104869 0.00986098 0.00929958 0.00871211 0.00891461 0.0111072 0.00907369 0.00866709 0.00867245 0.00872567 0.00854785 0.00862751 0.00870333 0.00878416 0.00951466 0.0089124 0.00894342 0.0105682 0.0104014 0.00910356 0.00961795 0.0119938 0.00878452 0.00951082 0.0084331 0.00839443 0.0086629 0.00882016 0.00897104 0.00840173 0.00950689 0.00940787 
0.00824066 0.00977348 0.0100734 0.00938997 0.00858435 0.00815454 0.00957616 0.00922853 0.00927991 0.00843309 0.00927544 0.0106079 0.0110223 0.0100281 0.00934874 0.00857061 0.00965092 0.0157116 0.0299927 0.0259279 0.0130298 0.00990323 0.0126549 0.0114552 0.0188555 0.700001 0.0870001 0.160633 0.0298709 0.00390269 0 0.00376538 0.00377239 0.00387751 0.193814 0.126516 0.0426207 0.0162285 0.0127233 0.019188 0.024992 0.0260636 0.0227165 0.0111384 0.0107046 0.0108345 0.0116926 0.0118443 0.0122002 0.0120591 0.0117395 0.0101378 0.010041 0.014112 0.0159151 0.0185782 0.0149223 0.0175342 0.0144997 0.0128118 0.0114849 0.00912829 0.00924964 0.00859586 0.00849706 0.00983892 0.00960705 0.00955575 0.00997249 0.00933443 0.0103672 0.0105169 0.0118546 0.00990949 0.00967595 0.00870249 0.00940461 0.0103413 0.0107519 0.00958326 0.00804031 0.00829439 0.00821322 0.00808848 0.00812673 0.00836318 0.00831241 0.00878195 0.00911308 0.00837605 
0.0086005 0.0095408 0.0114401 0.0101332 0.00878417 0.00846917 0.00908432 0.0116459 0.00968772 0.00863846 0.00899317 0.0118766 0.0164512 0.0106846 0.00873363 0.00826364 0.00840509 0.0133937 0.0433262 0.0378322 0.0131387 0.0111765 0.00946567 0.015287 0.0181604 0.025747 0.733063 0.106634 0.0869461 0.0037664 0.00376538 0 0.00372896 0.00373383 0.0324366 0.250362 0.0734879 0.0203812 0.0126744 0.0236767 0.0604215 0.073643 0.020365 0.0118064 0.00974448 0.0134641 0.0149579 0.0182565 0.0211849 0.0224495 0.0115153 0.010135 0.00950415 0.0151921 0.0340066 0.025771 0.0314491 0.0254835 0.0268626 0.021223 0.0132789 0.0122265 0.00898253 0.00838288 0.00902647 0.010225 0.0115408 0.0121717 0.0106763 0.0114561 0.0126034 0.0136868 0.01529 0.0136591 0.00940809 0.00887038 0.00961124 0.011958 0.0111679 0.00928563 0.0080166 0.00833782 0.00823461 0.0081001 0.0083318 0.00821199 0.00870846 0.00903363 0.00933254 0.00821915 
0.00846749 0.00913029 0.00948639 0.00979457 0.00866834 0.00828867 0.00933544 0.00939201 0.0100958 0.00860961 0.00972205 0.0105253 0.0133539 0.0108839 0.00952387 0.00846158 0.00882429 0.0129869 0.0227654 0.0384034 0.0159775 0.0100975 0.0128351 0.0102955 0.0122738 0.0499961 0.0410748 0.727738 0.101882 0.00398807 0.00377239 0.00372896 0 0.00373047 0.0285795 0.0493983 0.407811 0.0587624 0.0123826 0.0195351 0.0325343 0.0265748 0.0374338 0.0110565 0.0105684 0.0114178 0.0114159 0.0108494 0.0130949 0.0116217 0.0139619 0.00951528 0.0103018 0.0137266 0.0164884 0.0191535 0.016078 0.0179359 0.0179885 0.0133991 0.0127998 0.00937842 0.00901211 0.00829989 0.0090454 0.0094809 0.0102772 0.00963105 0.0106249 0.00951095 0.0106494 0.0112792 0.0122559 0.0101041 0.0107716 0.00856763 0.00980727 0.0108219 0.0125751 0.00931619 0.0080728 0.0084981 0.00816992 0.00820276 0.00813787 0.00833601 0.00873046 0.00914756 0.00886036 0.00817669 
0.00868716 0.00853435 0.00872211 0.00844876 0.009102 0.00894353 0.00828163 0.00849535 0.00851267 0.00892951 0.0112916 0.00888649 0.00896605 0.00879163 0.00889104 0.01102 0.0115942 0.0150631 0.0106319 0.0124744 0.0163734 0.0178196 0.00908984 0.0124595 0.0238473 0.012816 0.0200623 0.0326115 0.636633 0.00449135 0.00387751 0.00373383 0.00373047 0 0.0324753 0.0214853 0.0462594 0.392081 0.0202858 0.0139227 0.0120575 0.012542 0.011756 0.0181834 0.0157525 0.0103202 0.00904965 0.00932288 0.00915616 0.00929826 0.00956867 0.0117125 0.0147383 0.0110329 0.010422 0.0111977 0.0104859 0.011042 0.0104557 0.0103272 0.00935346 0.00881592 0.00837277 0.00899264 0.0117207 0.00906385 0.00872386 0.00850877 0.00875793 0.00861378 0.00873706 0.00931475 0.0093301 0.00903205 0.00874819 0.00926982 0.0127364 0.00980303 0.00947611 0.0103875 0.00946682 0.00991781 0.00883527 0.00818227 0.00910231 0.00842579 0.0101059 0.00840297 0.00908676 0.00967054 
0.00842259 0.00827286 0.00852099 0.00860004 0.00887335 0.00893421 0.00819491 0.00834703 0.00832797 0.00904408 0.00843917 0.00833639 0.008431 0.00866445 0.00933691 0.00960486 0.0113972 0.00991689 0.00898154 0.00959049 0.0121721 0.0089264 0.00851107 0.0113738 0.0140705 0.0142887 0.0121116 0.0145951 0.0161669 0.186026 0.193814 0.0324366 0.0285795 0.0324753 0 0.00400848 0.00385279 0.00440654 0.131521 0.0140041 0.0151014 0.0122386 0.0123912 0.0248645 0.0159555 0.00998248 0.00987445 0.00931798 0.00945915 0.0100011 0.0104474 0.0191601 0.014047 0.0104015 0.0103462 0.0106009 0.0100307 0.0104174 0.0100536 0.0101224 0.00988744 0.00924659 0.00985193 0.0132338 0.0093606 0.00928551 0.0089469 0.00890356 0.00907747 0.00842529 0.00876079 0.00883716 0.0093308 0.00909148 0.00945526 0.0112936 0.0112259 0.0090668 0.00981909 0.0127994 0.00938085 0.0103108 0.00854376 0.00880764 0.0086152 0.010696 0.00888028 0.00843952 0.0105509 0.00984023 
0.00813291 0.00851645 0.00873822 0.00855791 0.00824299 0.00809042 0.0083605 0.00860256 0.00840586 0.00827166 0.00809927 0.00872056 0.00875607 0.00887757 0.00820057 0.0081047 0.00819968 0.00882941 0.0109064 0.0107569 0.00931656 0.00842361 0.00859379 0.00889055 0.00963636 0.0184659 0.0411379 0.0221816 0.011659 0.021362 0.126516 0.250362 0.0493983 0.0214853 0.00400848 0 0.00374084 0.00378405 0.029694 0.0742621 0.026233 0.0378504 0.0218554 0.0126393 0.0103854 0.0125587 0.0108131 0.0104592 0.0112526 0.0114422 0.011616 0.0122221 0.00985081 0.0148029 0.01818 0.0146024 0.0169509 0.0144043 0.0160623 0.0124187 0.0109156 0.00976263 0.009448 0.00959467 0.00876291 0.00981231 0.00968147 0.00979218 0.0092781 0.00931308 0.00998411 0.0103048 0.0117494 0.0109174 0.00964588 0.00925262 0.00911573 0.011083 0.0108937 0.00998161 0.00811331 0.00834145 0.00826324 0.00804947 0.00819627 0.00830903 0.00837229 0.00861526 0.00877046 0.00812816 
0.00834136 0.00870968 0.00868933 0.0088832 0.00826558 0.008222 0.00864573 0.00870174 0.00870667 0.00827087 0.00862933 0.00874812 0.00967524 0.00871573 0.00836603 0.00813685 0.0083352 0.00952658 0.0117416 0.0140664 0.00959029 0.00931531 0.00905147 0.00881213 0.0102792 0.0191154 0.0301163 0.0817367 0.0183022 0.0182136 0.0426207 0.0734879 0.407811 0.0462594 0.00385279 0.00374084 0 0.00372915 0.0207905 0.0414556 0.086512 0.0490506 0.119338 0.0126275 0.0122921 0.014334 0.011551 0.0119363 0.0128443 0.0141716 0.0177711 0.0101656 0.0115586 0.0182251 0.0192539 0.0200445 0.0190075 0.0198635 0.0173428 0.0170413 0.0109588 0.00992876 0.00944277 0.00867331 0.0101122 0.0106961 0.010343 0.0100539 0.0102897 0.00986478 0.0111162 0.0120062 0.0141777 0.0115725 0.011864 0.00878313 0.0107112 0.0133004 0.0141524 0.00980155 0.0083554 0.0086807 0.00827076 0.00822366 0.00836917 0.00844646 0.00922707 0.00912908 0.00929224 0.00811658 
0.00854413 0.0084984 0.00858485 0.0083853 0.0085796 0.00856945 0.00830028 0.00860853 0.0083157 0.00866295 0.00920019 0.00859291 0.00880156 0.0083894 0.0087325 0.00938471 0.0113812 0.0109869 0.00965704 0.0104663 0.0119141 0.0118121 0.0087307 0.0105809 0.0155203 0.0119582 0.0143734 0.0204175 0.0385915 0.0340277 0.0162285 0.0203812 0.0587624 0.392081 0.00440654 0.00378405 0.00372915 0 0.0259725 0.0183865 0.0382882 0.0393802 0.0473179 0.127589 0.0223363 0.0116814 0.0107279 0.0109695 0.0107671 0.0114353 0.0120143 0.0260095 0.0211136 0.0123561 0.0150135 0.0137767 0.0136283 0.0137893 0.0135608 0.0120541 0.0110325 0.00923022 0.00872085 0.00970484 0.012688 0.00982668 0.00972985 0.00931859 0.0094638 0.00945375 0.00997906 0.0104808 0.010721 0.0104894 0.00923507 0.0105026 0.0164723 0.0109178 0.0109697 0.012413 0.00978084 0.0113893 0.00929509 0.00830641 0.00987979 0.00871471 0.0114228 0.00871015 0.0101483 0.00904689 
0.00841464 0.00847154 0.00867432 0.00858881 0.00891829 0.00844093 0.00838448 0.00837567 0.00838736 0.00872858 0.00851091 0.00817446 0.00836826 0.00825669 0.00850479 0.00890962 0.0100809 0.00876326 0.00864303 0.00879582 0.0093315 0.00838034 0.00820559 0.00911433 0.0099776 0.00984643 0.0105158 0.0103218 0.0123298 0.0154406 0.0127233 0.0126744 0.0123826 0.0202858 0.131521 0.029694 0.0207905 0.0259725 0 0.00467655 0.00375813 0.00379937 0.00391373 0.00660071 0.00787506 0.00733014 0.00753366 0.00798298 0.016771 0.0742308 0.0498465 0.0579525 0.0248854 0.0163017 0.013378 0.013244 0.0131019 0.0155225 0.0143548 0.0133749 0.0126171 0.0103354 0.0121336 0.029241 0.0164238 0.014069 0.0120186 0.0103026 0.0116506 0.0110062 0.0118809 0.0116194 0.0132797 0.0116911 0.0147933 0.021135 0.0247361 0.0144569 0.0134937 0.030755 0.0114623 0.014492 0.00967188 0.0103103 0.00945633 0.0139686 0.0104796 0.00924288 0.0146662 0.0102828 
