1EJBB
AVKGLGKPDQVYDGSKIRVGIIHARWNRVIIDALVKGAIERMASLGVEENNIIIETVPGSYELPWGTKRFVDRQAKLGKPLDVVIPIGVLIKGSTMHFEYISDSTTHALMNLQEKVDMPVIFGLLTCMTEEQALARAGIDEAHSMHNHGEDWGAAAVEMAVKFGKNAF
CCCCCCCCCCCCCCCCCCEEEEECCCCHHHHHHHHHHHHHHHHHCCCCHHHEEEEECCCHHHHHHHHHHHHHHHHHCCCCCCEEEEEEEEECCCCCHHHHHHHHHHHHHHHHHHHHCCCECCEEEEECCHHHHHHHECCCCCCCCCEHHHHHHHHHHHHHHHHCCCCC
0 0 0 0 0 0 0 0 0 0 0 0 0 0 0 0 0 0 0 0 0 0 0 0 0 0 0 0 0 0 0 0 0 0 0 0 0 0 0 0 0 0 0 0 0 0 0 0 0 0 0 0 0 0 0 0 0 0 0 0 0 0 0 0 0 0 0 0 0 0 0 0 0 0 0 0 0 0 0 0 0 0 0 0 0 0 0 0 0 0 0 0 0 0 0 0 0 0 0 0 0 0 0 0 0 0 0 0 0 0 0 0 0 0 0 0 0 0 0 0 0 0 0 0 0 0 0 0 0 0 0 0 0 0 0 0 0 0 0 0 0 0 0 0 0 0 0 0 0 0 0 0 0 0 0 0 0 0 0 0 0 0 0 0 0 0 0 0 
0 0 0 0 0 0 0 0 0 0 0 0 0 0 0 0 0 0 0 0 0 0 0 0 0 0 0 0 0 0 0 0 0 0 0 0 0 0 0 0 0 0 0 0 0 0 0 0 0 0 0 0 0 0 0 0 0 0 0 0 0 0 0 0 0 0 0 0 0 0 0 0 0 0 0 0 0 0 0 0 0 0 0 0 0 0 0 0 0 0 0 0 0 0 0 0 0 0 0 0 0 0 0 0 0 0 0 0 0 0 0 0 0 0 0 0 0 0 0 0 0 0 0 0 0 0 0 0 0 0 0 0 0 0 0 0 0 0 0 0 0 0 0 0 0 0 0 0 0 0 0 0 0 0 0 0 0 0 0 0 0 0 0 0 0 0 0 0 
0 0.0037998 0.00373339 0.00379975 0.00499875 0.541029 0.0156091 0.0190104 0.0156009 0.0356129 0.138524 0.032027 0.0379143 0.0149401 0.0275805 0.016245 0.0198885 0.0111537 0.0218808 0.0135634 0.015848 0.0109994 0.010416 0.0095669 0.012508 0.0101941 0.00880022 
0.0037998 0 0.00373933 0.00375777 0.00382964 0.0438812 0.629611 0.024891 0.0605916 0.01548 0.0426304 0.364956 0.0430179 0.090087 0.0275265 0.066012 0.0375421 0.0335434 0.0109551 0.0105642 0.0145601 0.0225008 0.0170812 0.0156418 0.0100419 0.00916504 0.00825764 
0.00373339 0.00373933 0 0.00372926 0.00375154 0.0585324 0.0359699 0.732355 0.0353249 0.0334231 0.0408574 0.0781205 0.355919 0.0948519 0.144611 0.0691046 0.142732 0.0199302 0.0127092 0.0100315 0.0153263 0.0214354 0.0461389 0.0129464 0.00909579 0.00878104 0.00809693 
0.00379975 0.00375777 0.00372926 0 0.0037707 0.0192925 0.0658442 0.0562024 0.798248 0.0251775 0.0204734 0.0501217 0.0524596 0.133309 0.0372929 0.0727289 0.0360382 0.0376072 0.0116911 0.0107058 0.0117256 0.016558 0.0168561 0.0156682 0.00954898 0.00888438 0.00806603 
0.00499875 0.00382964 0.00375154 0.0037707 0 0.0212244 0.015716 0.0493078 0.0462726 0.782401 0.032368 0.0212576 0.021019 0.0211223 0.035053 0.0177649 0.0195886 0.013976 0.0218059 0.0127002 0.019149 0.0108309 0.0114803 0.0110732 0.010321 0.0110906 0.00889162 
0.541029 0.0438812 0.0585324 0.0192925 0.0212244 0 0.00375324 0.00376718 0.00378059 0.00403732 0.0718446 0.0312591 0.016653 0.011728 0.0136318 0.0129894 0.0148367 0.0108631 0.0240695 0.0123977 0.0146269 0.0108059 0.00980052 0.00957238 0.0180784 0.0105864 0.00951629 
0.0156091 0.629611 0.0359699 0.0658442 0.015716 0.00375324 0 0.00373764 0.00374418 0.00393157 0.0426493 0.0731542 0.0244754 0.0236554 0.0146562 0.0262281 0.0162809 0.0189227 0.0107748 0.00965263 0.0116042 0.0163133 0.0123279 0.0128969 0.00925191 0.008941 0.00814112 
0.0190104 0.024891 0.732355 0.0562024 0.0493078 0.00376718 0.00373764 0 0.00371356 0.00373775 0.0480862 0.0724534 0.0871174 0.0494092 0.0450206 0.0412326 0.0690076 0.0171907 0.0105803 0.00928916 0.0123056 0.0185195 0.0442806 0.0125062 0.00901263 0.00854044 0.00821037 
0.0156009 0.0605916 0.0353249 0.798248 0.0462726 0.00378059 0.00374418 0.00371356 0 0.00372642 0.026868 0.067958 0.0608322 0.0645494 0.0423037 0.0480846 0.042604 0.0567058 0.0131948 0.0112187 0.0116864 0.0305734 0.0225549 0.0181512 0.00983057 0.00960384 0.00824676 
0.0356129 0.01548 0.0334231 0.0251775 0.782401 0.00403732 0.00393157 0.00373775 0.00372642 0 0.02138 0.024547 0.0308178 0.027366 0.034881 0.0305147 0.0293967 0.0247302 0.0545672 0.0171123 0.0329404 0.0116633 0.0119093 0.0145531 0.0128308 0.0137622 0.0106272 
0.138524 0.0426304 0.0408574 0.0204734 0.032368 0.0718446 0.0426493 0.0480862 0.026868 0.02138 0 0.00390601 0.00376079 0.00379114 0.00387212 0.00402542 0.00440233 0.0057417 0.013697 0.0534558 0.0980487 0.030659 0.018758 0.0133679 0.0266995 0.0159758 0.0138209 
0.032027 0.364956 0.0781205 0.0501217 0.0212576 0.0312591 0.0731542 0.0724534 0.067958 0.024547 0.00390601 0 0.00376812 0.00374202 0.00381675 0.0041905 0.00454446 0.0079094 0.00635538 0.044332 0.0546006 0.122242 0.030346 0.0386031 0.0111291 0.0110263 0.00948071 
0.0379143 0.0430179 0.355919 0.0524596 0.021019 0.016653 0.0244754 0.0871174 0.0608322 0.0308178 0.00376079 0.00376812 0 0.00371161 0.00373139 0.00380334 0.00539187 0.00478547 0.00437678 0.0199823 0.0308044 0.0429232 0.170405 0.0171188 0.0135672 0.00982777 0.00932855 
0.0149401 0.090087 0.0948519 0.133309 0.0211223 0.011728 0.0236554 0.0494092 0.0645494 0.027366 0.00379114 0.00374202 0.00371161 0 0.00371496 0.00371948 0.00376648 0.00370262 0.00381268 0.0242031 0.0222994 0.0816089 0.0475086 0.0419091 0.00990997 0.00978176 0.0091377 
0.0275805 0.0275265 0.144611 0.0372929 0.035053 0.0136318 0.0146562 0.0450206 0.0423037 0.034881 0.00387212 0.00381675 0.00373139 0.00371496 0 0.00372985 0.00374581 0.00374882 0.00384786 0.0212796 0.0943181 0.0300546 0.0824546 0.014442 0.0146192 0.0098516 0.00906064 
0.016245 0.066012 0.0691046 0.0727289 0.0177649 0.0129894 0.0262281 0.0412326 0.0480846 0.0305147 0.00402542 0.0041905 0.00380334 0.00371948 0.00372985 0 0.00370456 0.0036983 0.00378813 0.0246949 0.0295637 0.163629 0.0379605 0.0490265 0.0104505 0.00980316 0.00888736 
0.0198885 0.0375421 0.142732 0.0360382 0.0195886 0.0148367 0.0162809 0.0690076 0.042604 0.0293967 0.00440233 0.00454446 0.00539187 0.00376648 0.00374581 0.00370456 0 0.00374201 0.00375532 0.0200317 0.0315245 0.0446429 0.297959 0.0209556 0.0144293 0.00979756 0.008815 
0.0111537 0.0335434 0.0199302 0.0376072 0.013976 0.0108631 0.0189227 0.0171907 0.0567058 0.0247302 0.0057417 0.0079094 0.00478547 0.00370262 0.00374882 0.0036983 0.00374201 0 0.00384258 0.0174708 0.0161103 0.0825836 0.0280344 0.171385 0.0113125 0.0116055 0.00917545 
0.0218808 0.0109551 0.0127092 0.0116911 0.0218059 0.0240695 0.0107748 0.0105803 0.0131948 0.0545672 0.013697 0.00635538 0.00437678 0.00381268 0.00384786 0.00378813 0.00375532 0.00384258 0 0.0360406 0.0354337 0.0196502 0.0258974 0.0203707 0.166353 0.0157224 0.010283 
0.0135634 0.0105642 0.0100315 0.0107058 0.0127002 0.0123977 0.00965263 0.00928916 0.0112187 0.0171123 0.0534558 0.044332 0.0199823 0.0242031 0.0212796 0.0246949 0.0200317 0.0174708 0.0360406 0 0.0230075 0.00508275 0.00395417 0.00441717 0.00524113 0.02438 0.0401207 
0.015848 0.0145601 0.0153263 0.0117256 0.019149 0.0146269 0.0116042 0.0123056 0.0116864 0.0329404 0.0980487 0.0546006 0.0308044 0.0222994 0.0943181 0.0295637 0.0315245 0.0161103 0.0354337 0.0230075 0 0.00383594 0.00376371 0.00383126 0.00482787 0.009587 0.0195156 
0.0109994 0.0225008 0.0214354 0.016558 0.0108309 0.0108059 0.0163133 0.0185195 0.0305734 0.0116633 0.030659 0.122242 0.0429232 0.0816089 0.0300546 0.163629 0.0446429 0.0825836 0.0196502 0.00508275 0.00383594 0 0.00373827 0.0040307 0.00386673 0.00815865 0.0105605 
0.010416 0.0170812 0.0461389 0.0168561 0.0114803 0.00980052 0.0123279 0.0442806 0.0225549 0.0119093 0.018758 0.030346 0.170405 0.0475086 0.0824546 0.0379605 0.297959 0.0280344 0.0258974 0.00395417 0.00376371 0.00373827 0 0.00371894 0.00370612 0.00580975 0.00829732 
0.0095669 0.0156418 0.0129464 0.0156682 0.0110732 0.00957238 0.0128969 0.0125062 0.0181512 0.0145531 0.0133679 0.0386031 0.0171188 0.0419091 0.014442 0.0490265 0.0209556 0.171385 0.0203707 0.00441717 0.00383126 0.0040307 0.00371894 0 0.00373189 0.00886233 0.00856963 
0.012508 0.0100419 0.00909579 0.00954898 0.010321 0.0180784 0.00925191 0.00901263 0.00983057 0.0128308 0.0266995 0.0111291 0.0135672 0.00990997 0.0146192 0.0104505 0.0144293 0.0113125 0.166353 0.00524113 0.00482787 0.00386673 0.00370612 0.00373189 0 0.0219601 0.00886079 
0.0101941 0.00916504 0.00878104 0.00888438 0.0110906 0.0105864 0.008941 0.00854044 0.00960384 0.0137622 0.0159758 0.0110263 0.00982777 0.00978176 0.0098516 0.00980316 0.00979756 0.0116055 0.0157224 0.02438 0.009587 0.00815865 0.00580975 0.00886233 0.0219601 0 0.637014 
0.00880022 0.00825764 0.00809693 0.00806603 0.00889162 0.00951629 0.00814112 0.00821037 0.00824676 0.0106272 0.0138209 0.00948071 0.00932855 0.0091377 0.00906064 0.00888736 0.008815 0.00917545 0.010283 0.0401207 0.0195156 0.0105605 0.00829732 0.00856963 0.00886079 0.637014 0 
