1EKKA
MDAQSAAKCLTAVRRHSPLVHSITNNVVTNFTANGLLALGASPVMAYAKEEVADMAKIAGALVLNIGTLSKESVEAMIIAGKSANEHGVPVILDPVGAGATPFRTESARDIIREVRLAAIRGNAAEIAHTVGVTDWLIKGVDAGEGGGDIIRLAQQAAQKLNTVIAITGEVDVIADTSHVYTLHNGHKLLTKVTGAGXLLTSVVGAFCAVEENPLFAAIAAISSYGVAAQLAAQQTADKGPGSFQIELLNKLSTVTEQDVQEWATIERV
CCHHHHHHHHHHHHHHCCEEEEECCCCCHHHHHHHHHHHCCEEEECCCCCCHHHHHHCCCEEEEECCCCCHHHHHHHHHHHHHHHHHCCCEEEECCCECCEHHHHHHHHHHHHHCCCCEEEECHHHHHHHHCCCCCCCCCCCCCCCCHHHHHHHHHHHHHHCCEEEECCCCEEEEECCEEEEEECCCHHHHHCCCHHHHHHHHHHHHHCCCCCHHHHHHHHHHHHHHHHHHHHHHHCCCCHHHHHHHHHHHHHHCCHHHHHHHCEEEEC
0 0 0 0 0 0 0 0 0 0 0 0 0 0 0 0 0 0 0 0 0 0 0 0 0 0 0 0 0 0 0 0 0 0 0 0 0 0 0 0 0 0 0 0 0 0 0 0 0 0 0 0 0 0 0 0 0 0 0 0 0 0 0 0 0 0 0 0 0 0 0 0 0 0 0 0 0 0 0 0 0 0 0 0 0 0 0 0 0 0 0 0 0 0 0 0 0 0 0 0 0 0 0 0 0 0 0 0 0 0 0 0 0 0 0 0 0 0 0 0 0 0 0 0 0 0 0 0 0 0 0 0 0 0 0 0 0 0 0 0 0 0 0 0 0 0 0 0 0 0 0 0 0 0 0 0 0 0 0 0 0 0 0 0 0 0 0 0 0 0 0 0 0 0 0 0 0 0 0 0 0 0 0 0 0 0 0 0 0 0 0 0 0 0 0 0 0 0 0 0 0 0 0 0 0 0 0 0 0 0 0 0 0 0 0 0 0 0 0 0 0 0 0 0 0 0 0 0 0 0 0 0 0 0 0 0 0 0 0 0 0 0 0 0 0 0 0 0 0 0 0 0 0 0 0 0 0 0 0 0 0 0 0 0 0 0 0 0 0 
0 0 0 0 0 0 0 0 0 0 0 0 0 0 0 0 0 0 0 0 0 0 0 0 0 0 0 0 0 0 0 0 0 0 0 0 0 0 0 0 0 0 0 0 0 0 0 0 0 0 0 0 0 0 0 0 0 0 0 0 0 0 0 0 0 0 0 0 0 0 0 0 0 0 0 0 0 0 0 0 0 0 0 0 0 0 0 0 0 0 0 0 0 0 0 0 0 0 0 0 0 0 0 0 0 0 0 0 0 0 0 0 0 0 0 0 0 0 0 0 0 0 0 0 0 0 0 0 0 0 0 0 0 0 0 0 0 0 0 0 0 0 0 0 0 0 0 0 0 0 0 0 0 0 0 0 0 0 0 0 0 0 0 0 0 0 0 0 0 0 0 0 0 0 0 0 0 0 0 0 0 0 0 0 0 0 0 0 0 0 0 0 0 0 0 0 0 0 0 0 0 0 0 0 0 0 0 0 0 0 0 0 0 0 0 0 0 0 0 0 0 0 0 0 0 0 0 0 0 0 0 0 0 0 0 0 0 0 0 0 0 0 0 0 0 0 0 0 0 0 0 0 0 0 0 0 0 0 0 0 0 0 0 0 0 0 0 0 0 
0 0.00376405 0.00373084 0.00379815 0.00414531 0.201748 0.0106837 0.0105444 0.0546696 0.0203769 0.0148064 0.012577 0.0125951 0.0226294 0.0145136 0.0119362 0.0106105 0.0119429 0.0104125 0.0109065 0.0103632 0.00892235 0.00925557 0.0109744 0.00873163 0.00869199 0.00914339 0.00956351 0.00858986 0.00842491 0.00859507 0.0085819 0.0088311 0.00818861 0.00811479 0.00819694 0.00831973 0.00806975 0.00844788 0.00818874 0.0082624 0.00827753 0.00855055 
0.00376405 0 0.00378684 0.0037479 0.00375348 0.0361284 0.183608 0.0406491 0.0104287 0.0165806 0.0443412 0.0253653 0.0440274 0.0110374 0.0163381 0.0230239 0.0205279 0.00966085 0.00883597 0.00809559 0.010145 0.0121391 0.00932343 0.00913741 0.00846871 0.00965775 0.00944945 0.00839693 0.00819711 0.00909903 0.00936206 0.00891599 0.008161 0.00798417 0.00839904 0.00869232 0.00868795 0.00844793 0.00806133 0.00806522 0.00841194 0.00818726 0.008229 
0.00373084 0.00378684 0 0.00370791 0.00373536 0.0188171 0.0610774 0.101337 0.0119752 0.013609 0.0268231 0.116633 0.0275943 0.0142948 0.0141623 0.0318288 0.0209769 0.0102244 0.00850494 0.00797625 0.011494 0.0157388 0.0102961 0.00958043 0.00867956 0.0106656 0.0106583 0.00846207 0.00823815 0.00962199 0.0110532 0.00928065 0.00823353 0.00804 0.00848842 0.00908186 0.00921152 0.00849579 0.0081584 0.00809677 0.00834239 0.00829153 0.00823858 
0.00379815 0.0037479 0.00370791 0 0.00373506 0.0302154 0.0456873 0.0647395 0.0967458 0.0119495 0.0430308 0.0356223 0.0844153 0.0274155 0.0123817 0.0279657 0.042285 0.0139191 0.00920583 0.00822134 0.0123416 0.0128139 0.0127657 0.00894392 0.00901205 0.0103788 0.0105699 0.00855531 0.00839965 0.00956598 0.0104319 0.00920791 0.00831148 0.00814631 0.0085897 0.0090907 0.00909994 0.00859514 0.00814664 0.00820034 0.00844996 0.0082457 0.00824673 
0.00414531 0.00375348 0.00373536 0.00373506 0 0.0201396 0.00907995 0.0566972 0.109725 0.0338368 0.0124918 0.0138988 0.0216752 0.0478749 0.0200419 0.0103267 0.0158037 0.0149676 0.0128228 0.00935391 0.0187716 0.00961765 0.00901189 0.0122451 0.00931511 0.00922476 0.00881548 0.00888654 0.0090925 0.00849444 0.00910017 0.00821594 0.00850895 0.00817256 0.00814177 0.00837228 0.0083011 0.00825132 0.00803509 0.00832087 0.00827684 0.00805726 0.00822281 
0.201748 0.0361284 0.0188171 0.0302154 0.0201396 0 0.00403351 0.0037301 0.00450554 0.0156157 0.0114754 0.0104313 0.0116505 0.0260866 0.0139046 0.00960693 0.0103194 0.0113279 0.0101641 0.0110462 0.00942766 0.00826184 0.00918521 0.00981469 0.00830638 0.0081794 0.00886312 0.00870673 0.00813314 0.00808304 0.00814036 0.00838203 0.00836681 0.00818498 0.00795799 0.00802357 0.00809845 0.00791063 0.00813353 0.00828708 0.00802721 0.00821352 0.00843671 
0.0106837 0.183608 0.0610774 0.0456873 0.00907995 0.00403351 0 0.00371359 0.00375872 0.00984867 0.0570071 0.0194497 0.0161978 0.00884792 0.0103933 0.0171429 0.0101911 0.0086441 0.0082426 0.00827192 0.00862306 0.0092035 0.00883579 0.0083436 0.00807975 0.00842262 0.00849804 0.00809285 0.00801112 0.00833739 0.00849976 0.00824715 0.00798204 0.00792567 0.0080306 0.00834266 0.00822984 0.00811016 0.00789279 0.00797467 0.0081025 0.00805723 0.00796879 
0.0105444 0.0406491 0.101337 0.0647395 0.0566972 0.0037301 0.00371359 0 0.00370956 0.0133927 0.0176545 0.0590205 0.0432462 0.0141712 0.011628 0.0117366 0.0247598 0.00993849 0.00941616 0.00828789 0.00944026 0.0137728 0.00878006 0.0101137 0.00823188 0.00902251 0.00858543 0.00882188 0.00800608 0.00875938 0.00882392 0.0084911 0.00832052 0.00791969 0.0083457 0.00844042 0.00839629 0.0083109 0.00806324 0.00796271 0.008211 0.00794137 0.00803744 
0.0546696 0.0104287 0.0119752 0.0967458 0.109725 0.00450554 0.00375872 0.00370956 0 0.0166337 0.0267926 0.0170337 0.0468119 0.100861 0.0162906 0.0110196 0.0111222 0.0165073 0.0116218 0.0104147 0.0172151 0.00861232 0.00958278 0.00889684 0.0100089 0.00861317 0.00889357 0.0084064 0.00888564 0.00841299 0.00870846 0.00824877 0.00821486 0.00853083 0.00809167 0.00823794 0.00839026 0.00810212 0.0081248 0.00857204 0.00807783 0.00795673 0.00798313 
0.0203769 0.0165806 0.013609 0.0119495 0.0338368 0.0156157 0.00984867 0.0133927 0.0166337 0 0.0039419 0.00378969 0.00389612 0.00481656 0.159426 0.0378011 0.0163787 0.0208597 0.0167274 0.0153861 0.0211449 0.0158859 0.0106156 0.0266621 0.0126079 0.010854 0.00998761 0.013326 0.00987061 0.00961419 0.00965481 0.00970356 0.0104963 0.00857544 0.0083578 0.00892479 0.00867147 0.00879465 0.00927409 0.00806703 0.0083857 0.00839376 0.00867772 
0.0148064 0.0443412 0.0268231 0.0430308 0.0124918 0.0114754 0.0570071 0.0176545 0.0267926 0.0039419 0 0.00377168 0.00376809 0.00398804 0.491617 0.0994111 0.0641066 0.0118489 0.0122814 0.0099469 0.024832 0.0278015 0.0197944 0.0123327 0.0115129 0.0179105 0.0140797 0.0106203 0.00900438 0.0145317 0.0129379 0.0117478 0.00907443 0.00825907 0.00897761 0.0102792 0.0105018 0.00908465 0.00869454 0.00803918 0.00847933 0.0084868 0.00847186 
0.012577 0.0253653 0.116633 0.0356223 0.0138988 0.0104313 0.0194497 0.0590205 0.0170337 0.00378969 0.00377168 0 0.00371362 0.0037258 0.0428778 0.633392 0.0350311 0.0288064 0.00918821 0.00875671 0.0197974 0.0462279 0.0234397 0.0107761 0.0108641 0.0242646 0.0226962 0.0095675 0.00936064 0.0146925 0.0355288 0.0110709 0.00859796 0.00852835 0.00974781 0.0146469 0.0148786 0.00921951 0.00824936 0.00824124 0.0086873 0.00840911 0.00833916 
0.0125951 0.0440274 0.0275943 0.0844153 0.0216752 0.0116505 0.0161978 0.0432462 0.0468119 0.00389612 0.00376809 0.00371362 0 0.00386077 0.0479942 0.053964 0.724566 0.0312964 0.0180016 0.0093846 0.0222146 0.0569018 0.0191824 0.0136139 0.0111713 0.0237573 0.0201888 0.0106205 0.00940858 0.0145129 0.0198547 0.0150276 0.00884444 0.00868584 0.010153 0.011259 0.0113198 0.0116281 0.00840478 0.00810231 0.00857112 0.0082957 0.00823481 
0.0226294 0.0110374 0.0142948 0.0274155 0.0478749 0.0260866 0.00884792 0.0141712 0.100861 0.00481656 0.00398804 0.0037258 0.00386077 0 0.0181484 0.0356652 0.109293 0.674537 0.0191566 0.0149762 0.0301428 0.0116051 0.024268 0.0141875 0.0170043 0.0117849 0.0138272 0.0109933 0.0127861 0.0104246 0.0161766 0.0103707 0.00994558 0.00991278 0.00857651 0.011024 0.0111291 0.00864537 0.00901035 0.00892852 0.00827139 0.0080521 0.008082 
0.0145136 0.0163381 0.0141623 0.0123817 0.0200419 0.0139046 0.0103933 0.011628 0.0162906 0.159426 0.491617 0.0428778 0.0479942 0.0181484 0 0.00379465 0.00379567 0.00406457 0.00715911 0.0100327 0.076086 0.0401732 0.0120704 0.0510811 0.0340208 0.0375491 0.0141628 0.0241621 0.0141967 0.0184842 0.0147566 0.0108166 0.0134224 0.00986872 0.0102984 0.0108227 0.0101759 0.0101221 0.0107869 0.00817506 0.00848773 0.0082909 0.00880472 
0.0119362 0.0230239 0.0318288 0.0279657 0.0103267 0.00960693 0.0171429 0.0117366 0.0110196 0.0378011 0.0994111 0.633392 0.053964 0.0356652 0.00379465 0 0.00378037 0.003743 0.00718714 0.00533806 0.19772 0.0595759 0.0898223 0.0115525 0.016976 0.0507197 0.0374175 0.0105753 0.0116772 0.0288839 0.0268929 0.0160213 0.0091452 0.00918615 0.011493 0.0148249 0.0183562 0.0105494 0.00937443 0.00810329 0.00840789 0.00842223 0.00819732 
0.0106105 0.0205279 0.0209769 0.042285 0.0158037 0.0103194 0.0101911 0.0247598 0.0111222 0.0163787 0.0641066 0.0350311 0.724566 0.109293 0.00379567 0.00378037 0 0.00377135 0.00556591 0.00557895 0.0195634 0.359729 0.0353666 0.0234134 0.013646 0.0526288 0.0441306 0.0147238 0.00984241 0.0189127 0.0305248 0.0292162 0.00987117 0.00952291 0.0117189 0.0152308 0.0145119 0.0179028 0.00923961 0.00831834 0.00865705 0.00838926 0.00839079 
0.0119429 0.00966085 0.0102244 0.0139191 0.0149676 0.0113279 0.0086441 0.00993849 0.0165073 0.0208597 0.0118489 0.0288064 0.0312964 0.674537 0.00406457 0.003743 0.00377135 0 0.00580415 0.00511607 0.0620543 0.0134451 0.0630309 0.0234864 0.0184753 0.0110661 0.0159653 0.0163095 0.0111696 0.0111742 0.0116342 0.0112203 0.0110679 0.00958348 0.00867921 0.00940099 0.00995984 0.00892281 0.0103922 0.00872865 0.00808858 0.0080805 0.0081042 
0.0104125 0.00883597 0.00850494 0.00920583 0.0128228 0.0101641 0.0082426 0.00941616 0.0116218 0.0167274 0.0122814 0.00918821 0.0180016 0.0191566 0.00715911 0.00718714 0.00556591 0.00580415 0 0.908603 0.0178363 0.0160272 0.0131741 0.0601852 0.0149141 0.0102822 0.0106192 0.0168223 0.0113621 0.00959109 0.0088112 0.00991229 0.0127705 0.00961173 0.00854449 0.00836024 0.00828373 0.00862233 0.0104455 0.00899069 0.00832862 0.00813387 0.00920818 
0.0109065 0.00809559 0.00797625 0.00822134 0.00935391 0.0110462 0.00827192 0.00828789 0.0104147 0.0153861 0.0099469 0.00875671 0.0093846 0.0149762 0.0100327 0.00533806 0.00557895 0.00511607 0.908603 0 0.0245433 0.00806231 0.00990543 0.0123554 0.0138636 0.00916508 0.00961058 0.0101655 0.011443 0.00872297 0.00827562 0.00855365 0.00985294 0.0115744 0.00815622 0.00807805 0.00822337 0.00811933 0.0091779 0.0101254 0.00793361 0.00805407 0.00821496 
0.0103632 0.010145 0.011494 0.0123416 0.0187716 0.00942766 0.00862306 0.00944026 0.0172151 0.0211449 0.024832 0.0197974 0.0222146 0.0301428 0.076086 0.19772 0.0195634 0.0620543 0.0178363 0.0245433 0 0.00400864 0.00380551 0.00479409 0.583332 0.0308142 0.0374578 0.0245256 0.0244248 0.0189248 0.0187201 0.0143947 0.0185255 0.0125539 0.0111675 0.0124682 0.0145951 0.0108664 0.0167856 0.00843034 0.00830097 0.00845194 0.00950569 
0.00892235 0.0121391 0.0157388 0.0128139 0.00961765 0.00826184 0.0092035 0.0137728 0.00861232 0.0158859 0.0278015 0.0462279 0.0569018 0.0116051 0.0401732 0.0595759 0.359729 0.0134451 0.0160272 0.00806231 0.00400864 0 0.0225378 0.00373985 0.0364888 0.554977 0.0284873 0.0205129 0.0109907 0.0622615 0.0507906 0.0362452 0.0102757 0.00885965 0.020333 0.0233706 0.016685 0.0229865 0.00914368 0.0080148 0.00892554 0.00855546 0.00871887 
0.00925557 0.00932343 0.0102961 0.0127657 0.00901189 0.00918521 0.00883579 0.00878006 0.00958278 0.0106156 0.0197944 0.0234397 0.0191824 0.024268 0.0120704 0.0898223 0.0353666 0.0630309 0.0131741 0.00990543 0.00380551 0.0225378 0 0.00380177 0.0246527 0.0256186 0.483707 0.0112323 0.0130558 0.0178815 0.0238926 0.0231983 0.00965576 0.0110064 0.0112958 0.0123296 0.0223812 0.0103899 0.0103639 0.00863696 0.00841679 0.00840495 0.00812939 
0.0109744 0.00913741 0.00958043 0.00894392 0.0122451 0.00981469 0.0083436 0.0101137 0.00889684 0.0266621 0.0123327 0.0107761 0.0136139 0.0141875 0.0510811 0.0115525 0.0234134 0.0234864 0.0601852 0.0123554 0.00479409 0.00373985 0.00380177 0 0.0181919 0.0188666 0.0216186 0.416211 0.0154644 0.0125023 0.0133072 0.0127783 0.0158606 0.0117576 0.0104215 0.0103566 0.0096448 0.0124003 0.00947419 0.00923174 0.00918136 0.00816237 0.00822804 
0.00873163 0.00846871 0.00867956 0.00901205 0.00931511 0.00830638 0.00807975 0.00823188 0.0100089 0.0126079 0.0115129 0.0108641 0.0111713 0.0170043 0.0340208 0.016976 0.013646 0.0184753 0.0149141 0.0138636 0.583332 0.0364888 0.0246527 0.0181919 0 0.0045788 0.00393661 0.00465381 0.00770182 0.010333 0.0183861 0.0272795 0.219366 0.0168773 0.0100578 0.0118995 0.0128549 0.0114869 0.0306828 0.0100994 0.00871526 0.0100527 0.0110425 
0.00869199 0.00965775 0.0106656 0.0103788 0.00922476 0.0081794 0.00842262 0.00902251 0.00861317 0.010854 0.0179105 0.0242646 0.0237573 0.0117849 0.0375491 0.0507197 0.0526288 0.0110661 0.0102822 0.00916508 0.0308142 0.554977 0.0256186 0.0188666 0.0045788 0 0.00388391 0.00385971 0.00597633 0.0282147 0.0320233 0.330591 0.00911427 0.00879963 0.0280046 0.0171302 0.0162034 0.031199 0.0102008 0.00916248 0.0118131 0.0104576 0.00977103 
0.00914339 0.00944945 0.0106583 0.0105699 0.00881548 0.00886312 0.00849804 0.00858543 0.00889357 0.00998761 0.0140797 0.0226962 0.0201888 0.0138272 0.0141628 0.0374175 0.0441306 0.0159653 0.0106192 0.00961058 0.0374578 0.0284873 0.483707 0.0216186 0.00393661 0.00388391 0 0.00381736 0.00901825 0.0444835 0.325691 0.0119631 0.00787574 0.0103477 0.0108334 0.0141138 0.019607 0.0143422 0.0210938 0.0107083 0.00952638 0.0121114 0.00910938 
0.00956351 0.00839693 0.00846207 0.00855531 0.00888654 0.00870673 0.00809285 0.00882188 0.0084064 0.013326 0.0106203 0.0095675 0.0106205 0.0109933 0.0241621 0.0105753 0.0147238 0.0163095 0.0168223 0.0101655 0.0245256 0.0205129 0.0112323 0.416211 0.00465381 0.00385971 0.00381736 0 0.0464853 0.180803 0.00695457 0.00878835 0.00916587 0.0102089 0.00965055 0.00999096 0.00956827 0.0160905 0.0384221 0.0106874 0.0105609 0.00867799 0.00926816 
0.00858986 0.00819711 0.00823815 0.00839965 0.0090925 0.00813314 0.00801112 0.00800608 0.00888564 0.00987061 0.00900438 0.00936064 0.00940858 0.0127861 0.0141967 0.0116772 0.00984241 0.0111696 0.0113621 0.011443 0.0244248 0.0109907 0.0130558 0.0154644 0.00770182 0.00597633 0.00901825 0.0464853 0 0.00372497 0.00373241 0.00377205 0.00413837 0.0063632 0.00487176 0.00604049 0.0141535 0.551189 0.0268452 0.00998945 0.00850044 0.00906795 0.0102939 
0.00842491 0.00909903 0.00962199 0.00956598 0.00849444 0.00808304 0.00833739 0.00875938 0.00841299 0.00961419 0.0145317 0.0146925 0.0145129 0.0104246 0.0184842 0.0288839 0.0189127 0.0111742 0.00959109 0.00872297 0.0189248 0.0622615 0.0178815 0.0125023 0.010333 0.0282147 0.0444835 0.180803 0.00372497 0 0.0037356 0.0037224 0.00386768 0.00441339 0.00653647 0.00773165 0.903526 0.0252295 0.00811798 0.00963794 0.0109916 0.0115462 0.00945176 
0.00859507 0.00936206 0.0110532 0.0104319 0.00910017 0.00814036 0.00849976 0.00882392 0.00870846 0.00965481 0.0129379 0.0355288 0.0198547 0.0161766 0.0147566 0.0268929 0.0305248 0.0116342 0.0088112 0.00827562 0.0187201 0.0507906 0.0238926 0.0133072 0.0183861 0.0320233 0.325691 0.00695457 0.00373241 0.0037356 0 0.00372258 0.00379601 0.00468384 0.00610257 0.939994 0.031774 0.0102354 0.00617296 0.00920852 0.0120725 0.0102317 0.00986294 
0.0085819 0.00891599 0.00928065 0.00920791 0.00821594 0.00838203 0.00824715 0.0084911 0.00824877 0.00970356 0.0117478 0.0110709 0.0150276 0.0103707 0.0108166 0.0160213 0.0292162 0.0112203 0.00991229 0.00855365 0.0143947 0.0362452 0.0231983 0.0127783 0.0272795 0.330591 0.0119631 0.00878835 0.00377205 0.0037224 0.00372258 0 0.00385569 0.00969045 0.97339 0.0115818 0.00692574 0.00709334 0.00910256 0.0103716 0.00953114 0.00978574 0.00971986 
0.0088311 0.008161 0.00823353 0.00831148 0.00850895 0.00836681 0.00798204 0.00832052 0.00821486 0.0104963 0.00907443 0.00859796 0.00884444 0.00994558 0.0134224 0.0091452 0.00987117 0.0110679 0.0127705 0.00985294 0.0185255 0.0102757 0.00965576 0.0158606 0.219366 0.00911427 0.00787574 0.00916587 0.00413837 0.00386768 0.00379601 0.00385569 0 0.954133 0.00627303 0.00461942 0.00394402 0.00516663 0.00493444 0.0105024 0.00914106 0.00848221 0.00887841 
0.00818861 0.00798417 0.00804 0.00814631 0.00817256 0.00818498 0.00792567 0.00791969 0.00853083 0.00857544 0.00825907 0.00852835 0.00868584 0.00991278 0.00986872 0.00918615 0.00952291 0.00958348 0.00961173 0.0115744 0.0125539 0.00885965 0.0110064 0.0117576 0.0168773 0.00879963 0.0103477 0.0102089 0.0063632 0.00441339 0.00468384 0.00969045 0.954133 0 0.00380082 0.00376896 0.00377861 0.00380792 0.00476267 0.0221652 0.00843579 0.00946874 0.00971682 
0.00811479 0.00839904 0.00848842 0.0085897 0.00814177 0.00795799 0.0080306 0.0083457 0.00809167 0.0083578 0.00897761 0.00974781 0.010153 0.00857651 0.0102984 0.011493 0.0117189 0.00867921 0.00854449 0.00815622 0.0111675 0.020333 0.0112958 0.0104215 0.0100578 0.0280046 0.0108334 0.00965055 0.00487176 0.00653647 0.00610257 0.97339 0.00627303 0.00380082 0 0.0037681 0.00375518 0.00409023 0.00381108 0.0099772 0.0133844 0.00896057 0.00906015 
0.00819694 0.00869232 0.00908186 0.0090907 0.00837228 0.00802357 0.00834266 0.00844042 0.00823794 0.00892479 0.0102792 0.0146469 0.011259 0.011024 0.0108227 0.0148249 0.0152308 0.00940099 0.00836024 0.00807805 0.0124682 0.0233706 0.0123296 0.0103566 0.0118995 0.0171302 0.0141138 0.00999096 0.00604049 0.00773165 0.939994 0.0115818 0.00461942 0.00376896 0.0037681 0 0.00379443 0.00372934 0.0037311 0.0111254 0.0119078 0.0103676 0.0199685 
0.00831973 0.00868795 0.00921152 0.00909994 0.0083011 0.00809845 0.00822984 0.00839629 0.00839026 0.00867147 0.0105018 0.0148786 0.0113198 0.0111291 0.0101759 0.0183562 0.0145119 0.00995984 0.00828373 0.00822337 0.0145951 0.016685 0.0223812 0.0096448 0.0128549 0.0162034 0.019607 0.00956827 0.0141535 0.903526 0.031774 0.00692574 0.00394402 0.00377861 0.00375518 0.00379443 0 0.00370114 0.00373718 0.0163132 0.0110797 0.0271192 0.0120108 
0.00806975 0.00844793 0.00849579 0.00859514 0.00825132 0.00791063 0.00811016 0.0083109 0.00810212 0.00879465 0.00908465 0.00921951 0.0116281 0.00864537 0.0101221 0.0105494 0.0179028 0.00892281 0.00862233 0.00811933 0.0108664 0.0229865 0.0103899 0.0124003 0.0114869 0.031199 0.0143422 0.0160905 0.551189 0.0252295 0.0102354 0.00709334 0.00516663 0.00380792 0.00409023 0.00372934 0.00370114 0 0.00379061 0.00916062 0.0341746 0.011065 0.0106103 
0.00844788 0.00806133 0.0081584 0.00814664 0.00803509 0.00813353 0.00789279 0.00806324 0.0081248 0.00927409 0.00869454 0.00824936 0.00840478 0.00901035 0.0107869 0.00937443 0.00923961 0.0103922 0.0104455 0.0091779 0.0167856 0.00914368 0.0103639 0.00947419 0.0306828 0.0102008 0.0210938 0.0384221 0.0268452 0.00811798 0.00617296 0.00910256 0.00493444 0.00476267 0.00381108 0.0037311 0.00373718 0.00379061 0 0.0484502 0.00921861 0.016737 0.0566011 
0.00818874 0.00806522 0.00809677 0.00820034 0.00832087 0.00828708 0.00797467 0.00796271 0.00857204 0.00806703 0.00803918 0.00824124 0.00810231 0.00892852 0.00817506 0.00810329 0.00831834 0.00872865 0.00899069 0.0101254 0.00843034 0.0080148 0.00863696 0.00923174 0.0100994 0.00916248 0.0107083 0.0106874 0.00998945 0.00963794 0.00920852 0.0103716 0.0105024 0.0221652 0.0099772 0.0111254 0.0163132 0.00916062 0.0484502 0 0.00398485 0.0045329 0.0056123 
0.0082624 0.00841194 0.00834239 0.00844996 0.00827684 0.00802721 0.0081025 0.008211 0.00807783 0.0083857 0.00847933 0.0086873 0.00857112 0.00827139 0.00848773 0.00840789 0.00865705 0.00808858 0.00832862 0.00793361 0.00830097 0.00892554 0.00841679 0.00918136 0.00871526 0.0118131 0.00952638 0.0105609 0.00850044 0.0109916 0.0120725 0.00953114 0.00914106 0.00843579 0.0133844 0.0119078 0.0110797 0.0341746 0.00921861 0.00398485 0 0.00492422 0.00388059 
0.00827753 0.00818726 0.00829153 0.0082457 0.00805726 0.00821352 0.00805723 0.00794137 0.00795673 0.00839376 0.0084868 0.00840911 0.0082957 0.0080521 0.0082909 0.00842223 0.00838926 0.0080805 0.00813387 0.00805407 0.00845194 0.00855546 0.00840495 0.00816237 0.0100527 0.0104576 0.0121114 0.00867799 0.00906795 0.0115462 0.0102317 0.00978574 0.00848221 0.00946874 0.00896057 0.0103676 0.0271192 0.011065 0.016737 0.0045329 0.00492422 0 0.00419887 
0.00855055 0.008229 0.00823858 0.00824673 0.00822281 0.00843671 0.00796879 0.00803744 0.00798313 0.00867772 0.00847186 0.00833916 0.00823481 0.008082 0.00880472 0.00819732 0.00839079 0.0081042 0.00920818 0.00821496 0.00950569 0.00871887 0.00812939 0.00822804 0.0110425 0.00977103 0.00910938 0.00926816 0.0102939 0.00945176 0.00986294 0.00971986 0.00887841 0.00971682 0.00906015 0.0199685 0.0120108 0.0106103 0.0566011 0.0056123 0.00388059 0.00419887 0 
