1EUVB
PETHINLKVSDGSSEIFFKIKKTTPLRRLMEAFAKRQGKEMDSLRFLYDGIRIQADQTPEDLDMEDNDIIEAHREQIGG
CCCEEEEEEECCCCEEEEEEECCCCCHHHHHHHHHHCCCCHHHEEEEECCEECCCCCCCCCCCCCCCEEEEEEECCECC
0 0 0 0 0 0 0 0 0 0 0 0 0 0 0 0 0 0 0 0 0 0 0 0 0 0 0 0 0 0 0 0 0 0 0 0 0 0 0 0 0 0 0 0 0 0 0 0 0 0 0 0 0 0 0 0 0 0 0 0 0 0 0 0 0 0 0 0 0 0 0 0 0 0 0 0 0 0 0 
0 0 0 0 0 0 0 0 0 0 0 0 0 0 0 0 0 0 0 0 0 0 0 0 0 0 0 0 0 0 0 0 0 0 0 0 0 0 0 0 0 0 0 0 0 0 0 0 0 0 0 0 0 0 0 0 0 0 0 0 0 0 0 0 0 0 0 0 0 0 0 0 0 0 0 0 0 0 0 
0 0.0038603 0.00390337 0.00369695 0.00409043 0.00390629 0.00692745 0.0289341 0.0062941 0.0135784 0.00747186 0.0238613 0.0130412 0.967297 0.0100528 0.0159018 0.00961255 0.0129825 0.011609 0.010303 0.0144244 0.00947999 0.0122196 0.00846098 0.0130912 0.0083225 0.00940154 0.00959267 0.00939179 
0.0038603 0 0.00372603 0.0038152 0.00371675 0.00453545 0.00392469 0.00509703 0.0150919 0.00624182 0.0250254 0.00795621 0.989918 0.00948949 0.0343338 0.00998714 0.049304 0.0136986 0.0129554 0.0131486 0.00904815 0.0139697 0.00886721 0.0444326 0.00845387 0.0274355 0.0096382 0.00875991 0.00825721 
0.00390337 0.00372603 0 0.0037015 0.00385184 0.00369798 0.0037288 0.0093916 0.00565289 0.0135833 0.00704824 0.982552 0.00726339 0.0144281 0.00846423 0.0412432 0.0113023 0.0254343 0.0090576 0.00884037 0.00950328 0.00845117 0.0227514 0.00861226 0.0931548 0.00945538 0.011958 0.00874562 0.00819658 
0.00369695 0.0038152 0.0037015 0 0.00370004 0.00373911 0.00375411 0.00446266 0.0143115 0.00716874 0.990498 0.0082094 0.0145344 0.00675168 0.0255647 0.00939378 0.081387 0.0118835 0.0150113 0.0110678 0.00873706 0.0113355 0.00865638 0.0826713 0.00939589 0.0330658 0.00942558 0.00900091 0.0082573 
0.00409043 0.00371675 0.00385184 0.00370004 0 0.00372272 0.00371486 0.00826428 0.0068476 0.980309 0.0089961 0.0179758 0.00662904 0.00974691 0.00903179 0.031167 0.0173854 0.0298678 0.00986883 0.00955526 0.0102521 0.00859958 0.0196469 0.00934903 0.0578914 0.0105021 0.0110204 0.00886428 0.00834844 
0.00390629 0.00453545 0.00369798 0.00373911 0.00372272 0 0.00404756 0.00607716 0.991197 0.00945294 0.0126418 0.00636667 0.0109769 0.0067271 0.021422 0.0111194 0.0321332 0.0176831 0.0175792 0.0119577 0.010505 0.0112643 0.00992053 0.0161341 0.00934543 0.0132615 0.0107304 0.00949251 0.00857093 
0.00692745 0.00392469 0.0037288 0.00375411 0.00371486 0.00404756 0 0.956378 0.00607527 0.00450143 0.00549046 0.006856 0.00687122 0.00799481 0.0207627 0.0116455 0.00975972 0.0120951 0.0147366 0.0152594 0.0105738 0.0154245 0.00939645 0.00913033 0.0095534 0.00902586 0.00927518 0.010123 0.0108866 
0.0289341 0.00509703 0.0093916 0.00446266 0.00826428 0.00607716 0.956378 0 0.00383381 0.00433768 0.00372682 0.00474681 0.00384667 0.00998132 0.0110748 0.0213077 0.00927568 0.0141302 0.0135834 0.0114212 0.0155614 0.00937012 0.0119736 0.00858823 0.0140336 0.00851474 0.0105624 0.0112888 0.0105565 
0.0062941 0.0150919 0.00565289 0.0143115 0.0068476 0.991197 0.00607527 0.00383381 0 0.00375895 0.00382951 0.00372922 0.00551305 0.00385659 0.0441806 0.00913637 0.0380891 0.0125044 0.0144398 0.0110085 0.00919429 0.0121606 0.0087652 0.0330458 0.00879382 0.0239309 0.00967899 0.00936673 0.0082794 
0.0135784 0.00624182 0.0135833 0.00716874 0.980309 0.00945294 0.00450143 0.00433768 0.00375895 0 0.00369767 0.00387855 0.00370435 0.00419432 0.00883577 0.0308444 0.0105794 0.0239796 0.0101745 0.00883947 0.0096428 0.0084864 0.0224789 0.00869109 0.0924388 0.009367 0.0114602 0.00876077 0.00834451 
0.00747186 0.0250254 0.00704824 0.990498 0.0089961 0.0126418 0.00549046 0.00372682 0.00382951 0.00369767 0 0.00369495 0.0040602 0.00373891 0.0308695 0.00978133 0.0726152 0.0184775 0.0144643 0.0100287 0.008675 0.0121955 0.00857632 0.0938293 0.00911694 0.0368186 0.00949873 0.00896341 0.00822746 
0.0238613 0.00795621 0.982552 0.0082094 0.0179758 0.00636667 0.006856 0.00474681 0.00372922 0.00387855 0.00369495 0 0.00370066 0.00399691 0.0088038 0.0350518 0.0145583 0.0295952 0.00950367 0.00909033 0.0101131 0.00850576 0.0371795 0.00877962 0.0708081 0.00928576 0.0105008 0.00880329 0.0084115 
0.0130412 0.989918 0.00726339 0.0145344 0.00662904 0.0109769 0.00687122 0.00384667 0.00551305 0.00370435 0.0040602 0.00370066 0 0.00370622 0.0527781 0.0140642 0.0385232 0.0279675 0.0157158 0.0131399 0.00957449 0.0159314 0.0088744 0.0308503 0.00861233 0.0153464 0.00966169 0.00889086 0.0084147 
0.967297 0.00948949 0.0144281 0.00675168 0.00974691 0.0067271 0.00799481 0.00998132 0.00385659 0.00419432 0.00373891 0.00399691 0.00370622 0 0.0195089 0.0184404 0.0102934 0.018795 0.0336109 0.0142355 0.014806 0.0138877 0.0137996 0.00854562 0.0139291 0.00872134 0.00958728 0.00926654 0.0116995 
0.0100528 0.0343338 0.00846423 0.0255647 0.00903179 0.021422 0.0207627 0.0110748 0.0441806 0.00883577 0.0308695 0.0088038 0.0527781 0.0195089 0 0.00371462 0.00374078 0.00376146 0.00440444 0.0040042 0.00525244 0.0279767 0.00847514 0.035823 0.00844395 0.0150047 0.0101364 0.0300621 0.0132057 
0.0159018 0.00998714 0.0412432 0.00939378 0.031167 0.0111194 0.0116455 0.0213077 0.00913637 0.0308444 0.00978133 0.0350518 0.0140642 0.0184404 0.00371462 0 0.00371313 0.00373201 0.00378562 0.00412347 0.00658907 0.0106533 0.0755076 0.00876835 0.0387172 0.00935342 0.0277154 0.0111588 0.00994132 
0.00961255 0.049304 0.0113023 0.081387 0.0173854 0.0321332 0.00975972 0.00927568 0.0380891 0.0105794 0.0726152 0.0145583 0.0385232 0.0102934 0.00374078 0.00371313 0 0.00371255 0.00374161 0.00460036 0.00591778 0.0372398 0.0133426 0.0680379 0.0115545 0.155675 0.0139153 0.0106816 0.0088962 
0.0129825 0.0136986 0.0254343 0.0118835 0.0298678 0.0176831 0.0120951 0.0141302 0.0125044 0.0239796 0.0184775 0.0295952 0.0279675 0.018795 0.00376146 0.00373201 0.00371255 0 0.00383071 0.00445365 0.86689 0.0124781 0.0213385 0.0121654 0.099754 0.0136894 0.068372 0.01281 0.0108552 
0.011609 0.0129554 0.0090576 0.0150113 0.00986883 0.0175792 0.0147366 0.0135834 0.0144398 0.0101745 0.0144643 0.00950367 0.0157158 0.0336109 0.00440444 0.00378562 0.00374161 0.00383071 0 0.934708 0.00612148 0.0356787 0.0094466 0.0163456 0.00973594 0.0139741 0.0127101 0.0310167 0.0127407 
0.010303 0.0131486 0.00884037 0.0110678 0.00955526 0.0119577 0.0152594 0.0114212 0.0110085 0.00883947 0.0100287 0.00909033 0.0131399 0.0142355 0.0040042 0.00412347 0.00460036 0.00445365 0.934708 0 0.0122077 0.00964933 0.0145029 0.0108258 0.0103696 0.010851 0.0174947 0.0148573 0.0174186 
0.0144244 0.00904815 0.00950328 0.00873706 0.0102521 0.010505 0.0105738 0.0155614 0.00919429 0.0096428 0.008675 0.0101131 0.00957449 0.014806 0.00525244 0.00658907 0.00591778 0.86689 0.00612148 0.0122077 0 0.0395485 0.0109269 0.00924878 0.0121803 0.0100768 0.0189291 0.0200007 0.018184 
0.00947999 0.0139697 0.00845117 0.0113355 0.00859958 0.0112643 0.0154245 0.00937012 0.0121606 0.0084864 0.0121955 0.00850576 0.0159314 0.0138877 0.0279767 0.0106533 0.0372398 0.0124781 0.0356787 0.00964933 0.0395485 0 0.00388678 0.00399238 0.00377883 0.00382955 0.00379969 0.00450413 0.00642353 
0.0122196 0.00886721 0.0227514 0.00865638 0.0196469 0.00992053 0.00939645 0.0119736 0.0087652 0.0224789 0.00857632 0.0371795 0.0088744 0.0137996 0.00847514 0.0755076 0.0133426 0.0213385 0.0094466 0.0145029 0.0109269 0.00388678 0 0.00375105 0.00375461 0.00366811 0.00376631 0.00404817 0.00531626 
0.00846098 0.0444326 0.00861226 0.0826713 0.00934903 0.0161341 0.00913033 0.00858823 0.0330458 0.00869109 0.0938293 0.00877962 0.0308503 0.00854562 0.035823 0.00876835 0.0680379 0.0121654 0.0163456 0.0108258 0.00924878 0.00399238 0.00375105 0 0.0037035 0.0037832 0.00378623 0.00401754 0.00444328 
0.0130912 0.00845387 0.0931548 0.00939589 0.0578914 0.00934543 0.0095534 0.0140336 0.00879382 0.0924388 0.00911694 0.0708081 0.00861233 0.0139291 0.00844395 0.0387172 0.0115545 0.099754 0.00973594 0.0103696 0.0121803 0.00377883 0.00375461 0.0037035 0 0.00369937 0.00371314 0.00373101 0.0040065 
0.0083225 0.0274355 0.00945538 0.0330658 0.0105021 0.0132615 0.00902586 0.00851474 0.0239309 0.009367 0.0368186 0.00928576 0.0153464 0.00872134 0.0150047 0.00935342 0.155675 0.0136894 0.0139741 0.010851 0.0100768 0.00382955 0.00366811 0.0037832 0.00369937 0 0.00370998 0.00370454 0.00413891 
0.00940154 0.0096382 0.011958 0.00942558 0.0110204 0.0107304 0.00927518 0.0105624 0.00967899 0.0114602 0.00949873 0.0105008 0.00966169 0.00958728 0.0101364 0.0277154 0.0139153 0.068372 0.0127101 0.0174947 0.0189291 0.00379969 0.00376631 0.00378623 0.00371314 0.00370998 0 0.00372548 0.00408936 
0.00959267 0.00875991 0.00874562 0.00900091 0.00886428 0.00949251 0.010123 0.0112888 0.00936673 0.00876077 0.00896341 0.00880329 0.00889086 0.00926654 0.0300621 0.0111588 0.0106816 0.01281 0.0310167 0.0148573 0.0200007 0.00450413 0.00404817 0.00401754 0.00373101 0.00370454 0.00372548 0 0.0333175 
0.00939179 0.00825721 0.00819658 0.0082573 0.00834844 0.00857093 0.0108866 0.0105565 0.0082794 0.00834451 0.00822746 0.0084115 0.0084147 0.0116995 0.0132057 0.00994132 0.0088962 0.0108552 0.0127407 0.0174186 0.018184 0.00642353 0.00531626 0.00444328 0.0040065 0.00413891 0.00408936 0.0333175 0 
