1EZVE
KSTYRTPNFDDVLKENNDADKGRSYAYFMVGAMGLLSSAGAKSTVETFISSMTATADVLAMAKVEVNLAAIPLGKNVVVKWQGKPVFIRHRTPHEIQEANSVDMSALKDPQTDADRVKDPQWLIMLGICTHLGCVPIGEAGDFGGWFCPCHGSHYDISGRIRKGPAPLNLEIPAYEFDGDKVIVG
CCCCCCCCCCCCECCCCCCCHHHHHHHHHHHHHHHHHHHHHHHHHHHHHHCCCCCHHHCCCCCEEEEHHHCCCCCEEEEEECCEEEEEEECCHHHHHHHHCCCHHHCCCCCCHHHHCCCCCEEEEECCCCCCCCCCEECCCCCCCEEECCCCEEECCCCCEEECCCCCCCCCCCEEEECCEEEEC
0 0 0 0 0 0 0 0 0 0 0 0 0 0 0 0 0 0 0 0 0 0 0 0 0 0 0 0 0 0 0 0 0 0 0 0 0 0 0 0 0 0 0 0 0 0 0 0 0 0 0 0 0 0 0 0 0 0 0 0 0 0 0 0 0 0 0 0 0 0 0 0 0 0 0 0 0 0 0 0 0 0 0 0 0 0 0 0 0 0 0 0 0 0 0 0 0 0 0 0 0 0 0 0 0 0 0 0 0 0 0 0 0 0 0 0 0 0 0 0 0 0 0 0 0 0 0 0 0 0 0 0 0 0 0 0 0 0 0 0 0 0 0 0 0 0 0 0 0 0 0 0 0 0 0 0 0 0 0 0 0 0 0 0 0 0 0 0 0 0 0 0 0 0 0 0 0 0 0 0 0 0 0 0 0 
0 0 0 0 0 0 0 0 0 0 0 0 0 0 0 0 0 0 0 0 0 0 0 0 0 0 0 0 0 0 0 0 0 0 0 0 0 0 0 0 0 0 0 0 0 0 0 0 0 0 0 0 0 0 0 0 0 0 0 0 0 0 0 0 0 0 0 0 0 0 0 0 0 0 0 0 0 0 0 0 0 0 0 0 0 0 0 0 0 0 0 0 0 0 0 0 0 0 0 0 0 0 0 0 0 0 0 0 0 0 0 0 0 0 0 0 0 0 0 0 0 0 0 0 0 0 0 0 0 0 0 0 0 0 0 0 0 0 0 0 0 0 0 0 0 0 0 0 0 0 0 0 0 0 0 0 0 0 0 0 0 0 0 0 0 0 0 0 0 0 0 0 0 0 0 0 0 0 0 0 0 0 0 0 0 
0 0.0223083 0.0114385 0.0175944 0.0293102 0.0158361 0.0102111 0.0095622 0.00919314 0.0100065 0.013117 0.0131931 0.00917534 0.0090316 0.00957284 0.00911205 0.00939536 0.01304 0.010678 0.00873145 0.00840394 0.00883285 0.0113921 0.00987446 0.00887369 0.00932399 0.00862237 0.00857081 0.00909831 0.00828623 0.00906309 0.0103647 0.00832323 0.00920126 0.00939577 0.00824178 0.00803643 0.00898891 0.00991717 0.00844032 0.00881835 0.00929151 
0.0223083 0 0.00391448 0.00463268 0.0040593 0.0162265 0.0142327 0.0106975 0.0671571 0.0122989 0.101483 0.0107917 0.0166112 0.0120296 0.0124989 0.0140764 0.0129591 0.0403228 0.0249802 0.0118494 0.0130631 0.0107391 0.0261173 0.00902823 0.011458 0.00932214 0.00838328 0.0141913 0.00856568 0.00821347 0.0119206 0.0117788 0.00851495 0.0112931 0.0119988 0.00800823 0.00911986 0.00963257 0.00911507 0.0112172 0.00882305 0.0197857 
0.0114385 0.00391448 0 0.00370902 0.00391328 0.00931821 0.0113045 0.0543968 0.00836895 0.0873118 0.00817867 0.0128317 0.00966168 0.0150624 0.0187226 0.0117691 0.0192049 0.0103133 0.00955616 0.0203939 0.0153255 0.0161893 0.00967129 0.00959083 0.00830789 0.00840271 0.0105297 0.0081832 0.00847174 0.00860473 0.00840882 0.00838296 0.008908 0.00854292 0.00809385 0.00915678 0.00811304 0.00829581 0.0098262 0.0081677 0.0136866 0.00836419 
0.0175944 0.00463268 0.00370902 0 0.00369612 0.010793 0.0452907 0.00777085 0.0316084 0.00716386 0.01054 0.00804437 0.0144109 0.00957258 0.0114646 0.0172228 0.0121066 0.0115114 0.0134992 0.011921 0.0163195 0.0142365 0.0107148 0.00867792 0.00854055 0.0096414 0.00853344 0.00944564 0.0087603 0.0088125 0.00876263 0.0100885 0.00829981 0.00809276 0.00976659 0.00817075 0.00872564 0.00798382 0.00824053 0.012703 0.008407 0.0103726 
0.0293102 0.0040593 0.00391328 0.00369612 0 0.0685146 0.0061933 0.0103784 0.00542557 0.0075579 0.00588215 0.0143005 0.00757146 0.00847297 0.0102307 0.0087738 0.0117952 0.0281619 0.0153171 0.0107271 0.0100665 0.0112597 0.0122882 0.0130267 0.00848455 0.010881 0.00902701 0.008082 0.0121455 0.00865928 0.00882918 0.0103315 0.00824873 0.00833012 0.00918955 0.00904325 0.00805534 0.00823273 0.0122751 0.00830122 0.00942546 0.00824483 
0.0158361 0.0162265 0.00931821 0.010793 0.0685146 0 0.00462164 0.00391939 0.00378876 0.00457239 0.00497695 0.00662723 0.00653745 0.00660231 0.00875097 0.0142786 0.780359 0.0428805 0.0130317 0.00935602 0.00956342 0.00989258 0.0170582 0.0096482 0.00999935 0.00848726 0.00839339 0.009526 0.00853926 0.00809535 0.0101573 0.00907469 0.00850462 0.0110083 0.00869625 0.00818726 0.00841417 0.00957478 0.00949037 0.00845312 0.00950847 0.0100727 
0.0102111 0.0142327 0.0113045 0.0452907 0.0061933 0.00462164 0 0.00373074 0.0037508 0.00381181 0.00403361 0.00482591 0.00593622 0.00660407 0.0114787 0.884137 0.0275598 0.00894138 0.0119345 0.0131089 0.0125364 0.0120805 0.0108217 0.00863847 0.0087047 0.00847542 0.00855243 0.00897545 0.00817851 0.00841619 0.00871878 0.00857581 0.00841969 0.00876579 0.00848736 0.00810248 0.0086024 0.00845093 0.00815046 0.00946827 0.00893279 0.00967946 
0.0095622 0.0106975 0.0543968 0.00777085 0.0103784 0.00391939 0.00373074 0 0.00369983 0.00385748 0.00371348 0.0045108 0.00624968 0.00905952 0.925211 0.0120741 0.00721463 0.00687195 0.010349 0.013858 0.020139 0.014184 0.00938159 0.00916057 0.00824753 0.00855437 0.0092269 0.00815695 0.00845779 0.00831962 0.00845834 0.00847936 0.00827496 0.00842683 0.00820746 0.00907947 0.00810064 0.00837013 0.00986056 0.00827129 0.0119475 0.00850546 
0.00919314 0.0671571 0.00836895 0.0316084 0.00542557 0.00378876 0.0037508 0.00369983 0 0.00369321 0.00379329 0.00407266 0.010524 0.883322 0.0156415 0.0107381 0.006919 0.00655215 0.0141094 0.0132431 0.0395313 0.0120364 0.0106843 0.00850443 0.00864623 0.00914471 0.00847212 0.00980621 0.00843275 0.00841019 0.00894777 0.00939059 0.00822931 0.00834962 0.00954546 0.00818129 0.00894302 0.00804156 0.00813889 0.0127018 0.00882514 0.0114041 
0.0100065 0.0122989 0.0873118 0.00716386 0.0075579 0.00457239 0.00381181 0.00385748 0.00369321 0 0.00370563 0.00694421 0.982603 0.00618198 0.0074753 0.00619381 0.00717387 0.00680438 0.0100413 0.0186302 0.0116873 0.0218616 0.010037 0.00961725 0.00835538 0.00869666 0.0143619 0.00828835 0.0089994 0.00957055 0.00860048 0.00860184 0.00862989 0.00823407 0.00823971 0.00967982 0.00802572 0.00803655 0.0100932 0.00856166 0.0146569 0.00843913 
0.013117 0.101483 0.00817867 0.01054 0.00588215 0.00497695 0.00403361 0.00371348 0.00379329 0.00370563 0 0.993333 0.00658669 0.00408099 0.00422133 0.0048763 0.00552684 0.00654198 0.0239198 0.00983198 0.0102593 0.0101842 0.0147233 0.0104375 0.00918039 0.0168466 0.0084142 0.00994022 0.011583 0.00840683 0.00933819 0.0167333 0.00816154 0.00833226 0.0136223 0.00812755 0.00828791 0.00815073 0.0091241 0.0104534 0.0084612 0.0106827 
0.0131931 0.0107917 0.0128317 0.00804437 0.0143005 0.00662723 0.00482591 0.0045108 0.00407266 0.00694421 0.993333 0 0.00399956 0.00371547 0.00375487 0.00375669 0.00439236 0.00483402 0.0319454 0.00976177 0.00971804 0.00974603 0.0157845 0.0091989 0.00976695 0.008292 0.00865936 0.00872655 0.00861634 0.0081208 0.00961055 0.00865072 0.00847498 0.00995424 0.00818648 0.00824098 0.00816734 0.00901645 0.00955608 0.00809145 0.00954226 0.00966422 
0.00917534 0.0166112 0.00966168 0.0144109 0.00757146 0.00653745 0.00593622 0.00624968 0.010524 0.982603 0.00658669 0.00399956 0 0.00372274 0.00375183 0.00372404 0.00382709 0.00390521 0.0327411 0.0514757 0.0143026 0.0167449 0.0114412 0.00911896 0.0086677 0.00911916 0.0089642 0.00930461 0.00852741 0.00874115 0.00908196 0.00925033 0.00864968 0.008828 0.00882206 0.00819242 0.0085579 0.00835558 0.00829763 0.0101675 0.00906795 0.0102226 
0.0090316 0.0120296 0.0150624 0.00957258 0.00847297 0.00660231 0.00660407 0.00905952 0.883322 0.00618198 0.00408099 0.00371547 0.00372274 0 0.00372349 0.00371615 0.00372501 0.00376462 0.0976774 0.0393634 0.111566 0.0201117 0.0147654 0.00878926 0.00864531 0.00951793 0.00948714 0.00948949 0.00906115 0.00901566 0.00996987 0.00905489 0.00862194 0.0086606 0.00873676 0.00878751 0.0088153 0.00815323 0.00860471 0.0101781 0.0133446 0.0118429 
0.00957284 0.0124989 0.0187226 0.0114646 0.0102307 0.00875097 0.0114787 0.925211 0.0156415 0.0074753 0.00422133 0.00375487 0.00375183 0.00372349 0 0.00371877 0.0037165 0.00376062 0.0308433 0.196491 0.073469 0.118211 0.0148439 0.00914539 0.00875387 0.0101836 0.0116847 0.00935207 0.0094078 0.0101092 0.0107253 0.00950523 0.00931328 0.00882497 0.00908877 0.00965203 0.00890027 0.00848046 0.0090156 0.0124641 0.0199714 0.0128246 
0.00911205 0.0140764 0.0117691 0.0172228 0.0087738 0.0142786 0.884137 0.0120741 0.0107381 0.00619381 0.0048763 0.00375669 0.00372404 0.00371615 0.00371877 0 0.00370105 0.00372839 0.038268 0.0421748 0.430608 0.0405983 0.0288751 0.00882148 0.00883728 0.0104154 0.00976273 0.0106612 0.00926005 0.00950656 0.0119883 0.00967398 0.00873715 0.00885653 0.00932541 0.00882166 0.00929309 0.0083018 0.00865644 0.0146298 0.0133711 0.013358 
0.00939536 0.0129591 0.0192049 0.0121066 0.0117952 0.780359 0.0275598 0.00721463 0.006919 0.00717387 0.00552684 0.00439236 0.00382709 0.00372501 0.0037165 0.00370105 0 0.00372536 0.0166005 0.0864282 0.0570114 0.334002 0.027281 0.0108484 0.00888284 0.0100616 0.0155515 0.00902389 0.00998087 0.0146141 0.0108637 0.00958072 0.0101171 0.00845889 0.00880944 0.00924883 0.00862679 0.00811524 0.00916388 0.0104477 0.0133476 0.0107658 
0.01304 0.0403228 0.0103133 0.0115114 0.0281619 0.0428805 0.00894138 0.00687195 0.00655215 0.00680438 0.00654198 0.00483402 0.00390521 0.00376462 0.00376062 0.00372839 0.00372536 0 0.044399 0.0151231 0.0312292 0.0681455 0.29037 0.0124279 0.01178 0.0166636 0.00906032 0.00961207 0.013026 0.00918389 0.0137121 0.0148027 0.00842962 0.00929093 0.0145738 0.00844648 0.00834848 0.00858164 0.0116054 0.00968149 0.0106362 0.0129236 
0.010678 0.0249802 0.00955616 0.0134992 0.0153171 0.0130317 0.0119345 0.010349 0.0141094 0.0100413 0.0239198 0.0319454 0.0327411 0.0976774 0.0308433 0.038268 0.0166005 0.044399 0 0.00481669 0.00377003 0.00381549 0.00416733 0.0131326 0.0226926 0.017466 0.00995896 0.0194964 0.0123967 0.00954121 0.0175687 0.016032 0.00940804 0.0167327 0.0126619 0.00894051 0.00927652 0.0120018 0.0110593 0.0121653 0.0106593 0.029438 
0.00873145 0.0118494 0.0203939 0.011921 0.0107271 0.00935602 0.0131089 0.013858 0.0132431 0.0186302 0.00983198 0.00976177 0.0514757 0.0393634 0.196491 0.0421748 0.0864282 0.0151231 0.00481669 0 0.00372355 0.00375642 0.00379439 0.0151557 0.0123574 0.00981145 0.0259129 0.0091208 0.00994274 0.019026 0.0105816 0.0100296 0.0152641 0.00949959 0.00965819 0.0104174 0.00969947 0.00893811 0.00943792 0.0139404 0.030999 0.0164999 
0.00840394 0.0130631 0.0153255 0.0163195 0.0100665 0.00956342 0.0125364 0.020139 0.0395313 0.0116873 0.0102593 0.00971804 0.0143026 0.111566 0.073469 0.430608 0.0570114 0.0312292 0.00377003 0.00372355 0 0.00371059 0.00371966 0.00845018 0.0110454 0.0233139 0.0117667 0.0110727 0.0108602 0.0111416 0.0130859 0.0118406 0.00910424 0.00961577 0.0101004 0.0124837 0.010981 0.00862126 0.00942346 0.0273752 0.0233192 0.0251369 
0.00883285 0.0107391 0.0161893 0.0142365 0.0112597 0.00989258 0.0120805 0.014184 0.0120364 0.0218616 0.0101842 0.00974603 0.0167449 0.0201117 0.118211 0.0405983 0.334002 0.0681455 0.00381549 0.00375642 0.00371059 0 0.00373947 0.0242053 0.021131 0.0111726 0.0866623 0.00938387 0.0119446 0.0358094 0.0146758 0.0109693 0.0174875 0.00924716 0.00986925 0.0119106 0.0108366 0.00866253 0.0103491 0.0137327 0.0358517 0.0194888 
0.0113921 0.0261173 0.00967129 0.0107148 0.0122882 0.0170582 0.0108217 0.00938159 0.0106843 0.010037 0.0147233 0.0157845 0.0114412 0.0147654 0.0148439 0.0288751 0.027281 0.29037 0.00416733 0.00379439 0.00371966 0.00373947 0 0.0145999 0.0144834 0.0236951 0.0124277 0.0472701 0.0191842 0.0113993 0.036932 0.026355 0.00882844 0.0149158 0.0224318 0.00898835 0.00933271 0.0104765 0.015724 0.0130166 0.0124333 0.0373564 
0.00987446 0.00902823 0.00959083 0.00867792 0.0130267 0.0096482 0.00863847 0.00916057 0.00850443 0.00961725 0.0104375 0.0091989 0.00911896 0.00878926 0.00914539 0.00882148 0.0108484 0.0124279 0.0131326 0.0151557 0.00845018 0.0242053 0.0145999 0 0.00455125 0.00747556 0.735105 0.0086891 0.00747392 0.0103283 0.0108129 0.0103937 0.0264517 0.0122063 0.00953591 0.00946194 0.00866563 0.0106203 0.0114457 0.00952401 0.0121558 0.0155051 
0.00887369 0.011458 0.00830789 0.00854055 0.00848455 0.00999935 0.0087047 0.00824753 0.00864623 0.00835538 0.00918039 0.00976695 0.0086677 0.00864531 0.00875387 0.00883728 0.00888284 0.01178 0.0226926 0.0123574 0.0110454 0.021131 0.0144834 0.00455125 0 0.864023 0.00699937 0.00576114 0.00819697 0.00849321 0.00887666 0.0274659 0.00948257 0.00875136 0.0155761 0.0086494 0.00871566 0.00879336 0.0106263 0.0103046 0.0091962 0.0103023 
0.00932399 0.00932214 0.00840271 0.0096414 0.010881 0.00848726 0.00847542 0.00855437 0.00914471 0.00869666 0.0168466 0.008292 0.00911916 0.00951793 0.0101836 0.0104154 0.0100616 0.0166636 0.017466 0.00981145 0.0233139 0.0111726 0.0236951 0.00747556 0.864023 0 0.00385413 0.00452161 0.00420056 0.0075216 0.930059 0.00823977 0.00840028 0.0638516 0.0110449 0.00849228 0.0115204 0.0127412 0.0094562 0.0107606 0.0112471 0.055665 
0.00862237 0.00838328 0.0105297 0.00853344 0.00902701 0.00839339 0.00855243 0.0092269 0.00847212 0.0143619 0.0084142 0.00865936 0.0089642 0.00948714 0.0116847 0.00976273 0.0155515 0.00906032 0.00995896 0.0259129 0.0117667 0.0866623 0.0124277 0.735105 0.00699937 0.00385413 0 0.00370874 0.00598628 0.947259 0.00562157 0.00689468 0.0339546 0.00724238 0.00870576 0.026387 0.00914567 0.00883111 0.00944593 0.00959219 0.0401714 0.00990351 
0.00857081 0.0141913 0.0081832 0.00944564 0.008082 0.009526 0.00897545 0.00815695 0.00980621 0.00828835 0.00994022 0.00872655 0.00930461 0.00948949 0.00935207 0.0106612 0.00902389 0.00961207 0.0194964 0.0091208 0.0110727 0.00938387 0.0472701 0.0086891 0.00576114 0.00452161 0.00370874 0 0.917252 0.00401239 0.00446409 0.0556591 0.00609253 0.00780041 0.0354796 0.00824595 0.00863307 0.00819552 0.0103931 0.0172762 0.00872857 0.0183338 
0.00909831 0.00856568 0.00847174 0.0087603 0.0121455 0.00853926 0.00817851 0.00845779 0.00843275 0.0089994 0.011583 0.00861634 0.00852741 0.00906115 0.0094078 0.00926005 0.00998087 0.013026 0.0123967 0.00994274 0.0108602 0.0119446 0.0191842 0.00747392 0.00819697 0.00420056 0.00598628 0.917252 0 0.00390814 0.00378693 0.00508039 0.00939943 0.270587 0.0110628 0.00855773 0.0085999 0.0131236 0.0110272 0.00914885 0.0135181 0.0249284 
0.00828623 0.00821347 0.00860473 0.0088125 0.00865928 0.00809535 0.00841619 0.00831962 0.00841019 0.00957055 0.00840683 0.0081208 0.00874115 0.00901566 0.0101092 0.00950656 0.0146141 0.00918389 0.00954121 0.019026 0.0111416 0.0358094 0.0113993 0.0103283 0.00849321 0.0075216 0.947259 0.00401239 0.00390814 0 0.00389515 0.0207759 0.391013 0.0495318 0.00828457 0.0107418 0.0105012 0.00890308 0.00891017 0.0126172 0.0220979 0.0122171 
0.00906309 0.0119206 0.00840882 0.00876263 0.00882918 0.0101573 0.00871878 0.00845834 0.00894777 0.00860048 0.00933819 0.00961055 0.00908196 0.00996987 0.0107253 0.0119883 0.0108637 0.0137121 0.0175687 0.0105816 0.0130859 0.0146758 0.036932 0.0108129 0.00887666 0.930059 0.00562157 0.00446409 0.00378693 0.00389515 0 0.732415 0.0226211 0.0071569 0.0168484 0.00897371 0.00864544 0.0117257 0.0137971 0.0129351 0.0116007 0.0276047 
0.0103647 0.0117788 0.00838296 0.0100885 0.0103315 0.00907469 0.00857581 0.00847936 0.00939059 0.00860184 0.0167333 0.00865072 0.00925033 0.00905489 0.00950523 0.00967398 0.00958072 0.0148027 0.016032 0.0100296 0.0118406 0.0109693 0.026355 0.0103937 0.0274659 0.00823977 0.00689468 0.0556591 0.00508039 0.0207759 0.732415 0 0.00436203 0.00413057 0.0185587 0.00836165 0.0568472 0.0662081 0.00978736 0.013899 0.0123594 0.101563 
0.00832323 0.00851495 0.008908 0.00829981 0.00824873 0.00850462 0.00841969 0.00827496 0.00822931 0.00862989 0.00816154 0.00847498 0.00864968 0.00862194 0.00931328 0.00873715 0.0101171 0.00842962 0.00940804 0.0152641 0.00910424 0.0174875 0.00882844 0.0264517 0.00948257 0.00840028 0.0339546 0.00609253 0.00939943 0.391013 0.0226211 0.00436203 0 0.00396921 0.00823732 0.0840531 0.0122428 0.00721679 0.00970871 0.0123159 0.025781 0.0094408 
0.00920126 0.0112931 0.00854292 0.00809276 0.00833012 0.0110083 0.00876579 0.00842683 0.00834962 0.00823407 0.00833226 0.00995424 0.008828 0.0086606 0.00882497 0.00885653 0.00845889 0.00929093 0.0167327 0.00949959 0.00961577 0.00924716 0.0149158 0.0122063 0.00875136 0.0638516 0.00724238 0.00780041 0.270587 0.0495318 0.0071569 0.00413057 0.00396921 0 0.0873512 0.0113423 0.00725864 0.0103346 0.0127291 0.0122132 0.0124988 0.019553 
0.00939577 0.0119988 0.00809385 0.00976659 0.00918955 0.00869625 0.00848736 0.00820746 0.00954546 0.00823971 0.0136223 0.00818648 0.00882206 0.00873676 0.00908877 0.00932541 0.00880944 0.0145738 0.0126619 0.00965819 0.0101004 0.00986925 0.0224318 0.00953591 0.0155761 0.0110449 0.00870576 0.0354796 0.0110628 0.00828457 0.0168484 0.0185587 0.00823732 0.0873512 0 0.00378709 0.00413788 0.00510871 0.00419968 0.00761881 0.00813771 0.983379 
0.00824178 0.00800823 0.00915678 0.00817075 0.00904325 0.00818726 0.00810248 0.00907947 0.00818129 0.00967982 0.00812755 0.00824098 0.00819242 0.00878751 0.00965203 0.00882166 0.00924883 0.00844648 0.00894051 0.0104174 0.0124837 0.0119106 0.00898835 0.00946194 0.0086494 0.00849228 0.026387 0.00824595 0.00855773 0.0107418 0.00897371 0.00836165 0.0840531 0.0113423 0.00378709 0 0.00432665 0.00380379 0.00550541 0.00604976 0.988079 0.0100924 
0.00803643 0.00911986 0.00811304 0.00872564 0.00805534 0.00841417 0.0086024 0.00810064 0.00894302 0.00802572 0.00828791 0.00816734 0.0085579 0.0088153 0.00890027 0.00929309 0.00862679 0.00834848 0.00927652 0.00969947 0.010981 0.0108366 0.00933271 0.00866563 0.00871566 0.0115204 0.00914567 0.00863307 0.0085999 0.0105012 0.00864544 0.0568472 0.0122428 0.00725864 0.00413788 0.00432665 0 0.00402522 0.00551048 0.976148 0.00546894 0.00670428 
0.00898891 0.00963257 0.00829581 0.00798382 0.00823273 0.00957478 0.00845093 0.00837013 0.00804156 0.00803655 0.00815073 0.00901645 0.00835558 0.00815323 0.00848046 0.0083018 0.00811524 0.00858164 0.0120018 0.00893811 0.00862126 0.00866253 0.0104765 0.0106203 0.00879336 0.0127412 0.00883111 0.00819552 0.0131236 0.00890308 0.0117257 0.0662081 0.00721679 0.0103346 0.00510871 0.00380379 0.00402522 0 0.995712 0.00523947 0.00422606 0.00570808 
0.00991717 0.00911507 0.0098262 0.00824053 0.0122751 0.00949037 0.00815046 0.00986056 0.00813889 0.0100932 0.0091241 0.00955608 0.00829763 0.00860471 0.0090156 0.00865644 0.00916388 0.0116054 0.0110593 0.00943792 0.00942346 0.0103491 0.015724 0.0114457 0.0106263 0.0094562 0.00944593 0.0103931 0.0110272 0.00891017 0.0137971 0.00978736 0.00970871 0.0127291 0.00419968 0.00550541 0.00551048 0.995712 0 0.00380248 0.00402897 0.00459432 
0.00844032 0.0112172 0.0081677 0.012703 0.00830122 0.00845312 0.00946827 0.00827129 0.0127018 0.00856166 0.0104534 0.00809145 0.0101675 0.0101781 0.0124641 0.0146298 0.0104477 0.00968149 0.0121653 0.0139404 0.0273752 0.0137327 0.0130166 0.00952401 0.0103046 0.0107606 0.00959219 0.0172762 0.00914885 0.0126172 0.0129351 0.013899 0.0123159 0.0122132 0.00761881 0.00604976 0.976148 0.00523947 0.00380248 0 0.00374972 0.00417997 
0.00881835 0.00882305 0.0136866 0.008407 0.00942546 0.00950847 0.00893279 0.0119475 0.00882514 0.0146569 0.0084612 0.00954226 0.00906795 0.0133446 0.0199714 0.0133711 0.0133476 0.0106362 0.0106593 0.030999 0.0233192 0.0358517 0.0124333 0.0121558 0.0091962 0.0112471 0.0401714 0.00872857 0.0135181 0.0220979 0.0116007 0.0123594 0.025781 0.0124988 0.00813771 0.988079 0.00546894 0.00422606 0.00402897 0.00374972 0 0.00378557 
0.00929151 0.0197857 0.00836419 0.0103726 0.00824483 0.0100727 0.00967946 0.00850546 0.0114041 0.00843913 0.0106827 0.00966422 0.0102226 0.0118429 0.0128246 0.013358 0.0107658 0.0129236 0.029438 0.0164999 0.0251369 0.0194888 0.0373564 0.0155051 0.0103023 0.055665 0.00990351 0.0183338 0.0249284 0.0122171 0.0276047 0.101563 0.0094408 0.019553 0.983379 0.0100924 0.00670428 0.00570808 0.00459432 0.00417997 0.00378557 0 
