1FBQB
PAFVNKLWSMVNDKSNEKFIHWSTSGESIVVPNRERFVQEVLKKYFKHSNFASFVRQLNMYGWHKVQDVKSGSMLSNNDSRWEFENERHA
CHHHHHHHHHHCCHHHCCCCEECCCCCEEEECCHHHHHHHCHHHHCCCCCHHHHHHHHHHCCEEECCCCCEHHHCECCCCCEEEEECCCC
0 0 0 0 0 0 0 0 0 0 0 0 0 0 0 0 0 0 0 0 0 0 0 0 0 0 0 0 0 0 0 0 0 0 0 0 0 0 0 0 0 0 0 0 0 0 0 0 0 0 0 0 0 0 0 0 0 0 0 0 0 0 0 0 0 0 0 0 0 0 0 0 0 0 0 0 0 0 0 0 0 0 0 0 0 0 0 0 0 0 
0 0 0 0 0 0 0 0 0 0 0 0 0 0 0 0 0 0 0 0 0 0 0 0 0 0 0 0 0 0 0 0 0 0 0 0 0 0 0 0 0 0 0 0 0 0 0 0 0 0 0 0 0 0 0 0 0 0 0 0 0 0 0 0 0 0 0 0 0 0 0 0 0 0 0 0 0 0 0 0 0 0 0 0 0 0 0 0 0 0 
0 0.00376285 0.0137495 0.0798808 0.23357 0.0132157 0.00944747 0.0095641 0.0108615 0.0121833 0.0102525 0.00858176 0.00849396 0.00829252 0.00862197 0.0091217 
0.00376285 0 0.114205 0.140457 0.00759845 0.0076892 0.012851 0.0099628 0.0092263 0.0104167 0.0096944 0.00967809 0.00858878 0.0084834 0.0091416 0.00863891 
0.0137495 0.114205 0 0.00410502 0.00381536 0.00781164 0.0242625 0.00966883 0.0226003 0.0156274 0.0112568 0.00984373 0.00931565 0.00870422 0.0115169 0.0138038 
0.0798808 0.140457 0.00410502 0 0.00378669 0.00378971 0.0212007 0.0232885 0.0149701 0.0107759 0.00909792 0.0123422 0.0093217 0.0215607 0.0101641 0.0114738 
0.23357 0.00759845 0.00381536 0.00378669 0 0.00375131 0.0188134 0.0391713 0.0198123 0.00988124 0.00960272 0.00970772 0.0390443 0.00949142 0.0211604 0.00881116 
0.0132157 0.0076892 0.00781164 0.00378971 0.00375131 0 0.0293916 0.010271 0.0545468 0.0125337 0.0124403 0.0341619 0.00885044 0.0101123 0.00875584 0.0107035 
0.00944747 0.012851 0.0242625 0.0212007 0.0188134 0.0293916 0 0.00454331 0.00393837 0.010928 0.0215464 0.0099005 0.00825231 0.0184189 0.0161233 0.258506 
0.0095641 0.0099628 0.00966883 0.0232885 0.0391713 0.010271 0.00454331 0 0.00386084 0.00673314 0.00766371 0.00788752 0.0241271 0.00935237 0.169393 0.00849837 
0.0108615 0.0092263 0.0226003 0.0149701 0.0198123 0.0545468 0.00393837 0.00386084 0 0.0183528 0.00753185 0.0448394 0.0117138 0.0425386 0.00894001 0.00949608 
0.0121833 0.0104167 0.0156274 0.0107759 0.00988124 0.0125337 0.010928 0.00673314 0.0183528 0 0.765715 0.00752093 0.00898284 0.00558473 0.00776724 0.0085971 
0.0102525 0.0096944 0.0112568 0.00909792 0.00960272 0.0124403 0.0215464 0.00766371 0.00753185 0.765715 0 0.0365714 0.00480319 0.00443969 0.0053403 0.0124253 
0.00858176 0.00967809 0.00984373 0.0123422 0.00970772 0.0341619 0.0099005 0.00788752 0.0448394 0.00752093 0.0365714 0 0.00376502 0.00388602 0.00378172 0.00937238 
0.00849396 0.00858878 0.00931565 0.0093217 0.0390443 0.00885044 0.00825231 0.0241271 0.0117138 0.00898284 0.00480319 0.00376502 0 0.00403652 0.00398977 0.00380991 
0.00829252 0.0084834 0.00870422 0.0215607 0.00949142 0.0101123 0.0184189 0.00935237 0.0425386 0.00558473 0.00443969 0.00388602 0.00403652 0 0.00369386 0.00387657 
0.00862197 0.0091416 0.0115169 0.0101641 0.0211604 0.00875584 0.0161233 0.169393 0.00894001 0.00776724 0.0053403 0.00378172 0.00398977 0.00369386 0 0.00371263 
0.0091217 0.00863891 0.0138038 0.0114738 0.00881116 0.0107035 0.258506 0.00849837 0.00949608 0.0085971 0.0124253 0.00937238 0.00380991 0.00387657 0.00371263 0 
