1FMBA
VTYNLEKRPTTIVLINDTPLNVLLDTGADTSVLTTAHYNRLKYRGRKYQGTGIGGVGGNVETFSTPVTIKKKGRHIKTRMLVADIPVTILGRDILQDLGAKLVL
CCCCCCCCCEEEEEECCEEEEEEECCCCCCCEEEHHHHHHCCCCCCCEECCCEEECCEEECCEEEEEEEEECCEEEEEEEEEECCCCCEECHHHHHHCCCCCCC
0 0 0 0 0 0 0 0 0 0 0 0 0 0 0 0 0 0 0 0 0 0 0 0 0 0 0 0 0 0 0 0 0 0 0 0 0 0 0 0 0 0 0 0 0 0 0 0 0 0 0 0 0 0 0 0 0 0 0 0 0 0 0 0 0 0 0 0 0 0 0 0 0 0 0 0 0 0 0 0 0 0 0 0 0 0 0 0 0 0 0 0 0 0 0 0 0 0 0 0 0 0 0 0 
0 0 0 0 0 0 0 0 0 0 0 0 0 0 0 0 0 0 0 0 0 0 0 0 0 0 0 0 0 0 0 0 0 0 0 0 0 0 0 0 0 0 0 0 0 0 0 0 0 0 0 0 0 0 0 0 0 0 0 0 0 0 0 0 0 0 0 0 0 0 0 0 0 0 0 0 0 0 0 0 0 0 0 0 0 0 0 0 0 0 0 0 0 0 0 0 0 0 0 0 0 0 0 0 
0 0.00385172 0.00382807 0.00374175 0.00397725 0.00459392 0.00445568 0.0087951 0.00491787 0.0117996 0.0103476 0.862526 0.0493883 0.0231144 0.013738 0.0357244 0.0109608 0.0138652 0.0119613 0.010078 0.0118426 0.0112519 0.00962726 0.0122635 0.0133585 0.0104337 0.00903239 0.010587 0.00932851 0.0198335 0.0111007 0.0121806 0.0124673 0.00960683 0.0103724 0.00984402 0.00909917 0.00833521 0.0116838 0.010312 0.0109761 0.00980807 0.0125665 0.0112463 0.0116821 
0.00385172 0 0.00376947 0.0038421 0.00383643 0.00385202 0.00486649 0.00504 0.00768916 0.00746651 0.94595 0.0189838 0.0110685 0.014364 0.0238468 0.0110083 0.0108215 0.00894879 0.011834 0.0108727 0.00909129 0.00978701 0.00974882 0.00939296 0.0110919 0.0102862 0.0138665 0.00916261 0.0440291 0.0111809 0.030228 0.0108648 0.00971977 0.00891484 0.00859256 0.013163 0.00872136 0.0140543 0.00922405 0.0175212 0.0127484 0.0131343 0.0120038 0.0102887 0.00913756 
0.00382807 0.00376947 0 0.00376885 0.00381159 0.00372851 0.00396246 0.00888452 0.00476731 0.952907 0.00956143 0.00992383 0.00686622 0.0163731 0.0118306 0.0112052 0.00893844 0.00884892 0.00987983 0.0101081 0.00882095 0.00991472 0.00914915 0.00860901 0.0108141 0.01393 0.009525 0.0332104 0.0106562 0.0998104 0.011979 0.0131776 0.00892839 0.00883819 0.0118007 0.00887851 0.0238418 0.00890203 0.0215534 0.0111274 0.0280776 0.0116421 0.00893157 0.00957614 0.00882618 
0.00374175 0.0038421 0.00376885 0 0.0037461 0.00375758 0.00470481 0.00426659 0.922472 0.00802647 0.0158947 0.00721581 0.0100268 0.0122765 0.0138716 0.0109758 0.0101499 0.00849848 0.0136424 0.00911037 0.0108924 0.0109432 0.0086063 0.0111799 0.0109428 0.00970763 0.0379619 0.00946358 0.108456 0.0121775 0.0809542 0.00995553 0.00990545 0.00921152 0.00862893 0.0407389 0.00898037 0.0291141 0.00931186 0.0451221 0.0208787 0.0111533 0.0137977 0.0102139 0.00941314 
0.00397725 0.00383643 0.00381159 0.0037461 0 0.00373922 0.00393727 0.972722 0.00419495 0.00905027 0.00796219 0.0128802 0.00765591 0.0161491 0.0223472 0.0127286 0.00928785 0.0106395 0.00933674 0.0193279 0.00924255 0.00901954 0.014762 0.00858052 0.0107884 0.0231488 0.00897252 0.0228267 0.00988129 0.0679592 0.010193 0.0255289 0.00894961 0.00865355 0.0263387 0.00880323 0.0144067 0.00882625 0.0189915 0.00969374 0.0183204 0.0243832 0.00910006 0.0113228 0.0104928 
0.00459392 0.00385202 0.00372851 0.00375758 0.00373922 0 0.986406 0.00409369 0.00491775 0.00388801 0.00471119 0.00634067 0.0119495 0.0205333 0.0140049 0.0184368 0.0122847 0.00966858 0.0229712 0.00965026 0.0117489 0.0154059 0.00890875 0.0126745 0.0233033 0.00963929 0.0100456 0.00869752 0.015066 0.00980455 0.01396 0.00920376 0.0116545 0.0172673 0.00870467 0.0107615 0.00838266 0.00981676 0.00874907 0.0101779 0.0104382 0.0109618 0.0168565 0.0131953 0.011933 
0.00445568 0.00486649 0.00396246 0.00470481 0.00393727 0.986406 0 0.00377501 0.0037142 0.00376999 0.0038016 0.0038702 0.00629645 0.00858884 0.00705412 0.0116809 0.00998251 0.00921844 0.00981648 0.00876647 0.0103712 0.00875918 0.00851336 0.0105914 0.00985395 0.00914805 0.00938886 0.00843253 0.0111371 0.00875222 0.0106574 0.00888684 0.011921 0.00866515 0.00844486 0.00902621 0.00830418 0.00864567 0.00819256 0.00929034 0.00863895 0.00934812 0.0123687 0.00893786 0.00983105 
0.0087951 0.00504 0.00888452 0.00426659 0.972722 0.00409369 0.00377501 0 0.00372718 0.00375137 0.00368606 0.00420053 0.00393155 0.00810582 0.00938798 0.00655595 0.00918195 0.00903761 0.00857091 0.0091843 0.00841467 0.00852442 0.00951721 0.00823353 0.00931553 0.0103287 0.00850928 0.0102286 0.00871387 0.0250574 0.00879858 0.013864 0.00865851 0.00842693 0.00932116 0.00852059 0.00969411 0.00828725 0.0124552 0.00864006 0.0113517 0.00931595 0.00872437 0.00889926 0.0087947 
0.00491787 0.00768916 0.00476731 0.922472 0.00419495 0.00491775 0.0037142 0.00372718 0 0.00372656 0.00380847 0.00374724 0.00389324 0.00741203 0.00774892 0.00657855 0.00927116 0.00822273 0.0112558 0.00881577 0.00895684 0.00967706 0.00838477 0.00992581 0.00924817 0.00906938 0.017378 0.00867485 0.05657 0.00952507 0.0459017 0.00886846 0.00918365 0.00872746 0.0085094 0.01838 0.00851913 0.0213782 0.00868207 0.0271965 0.0118481 0.00970844 0.0108729 0.00930984 0.00901122 
0.0117996 0.00746651 0.952907 0.00802647 0.00905027 0.00388801 0.00376999 0.00375137 0.00372656 0 0.00370333 0.00372648 0.00373603 0.00894962 0.00797461 0.00840192 0.00894375 0.00907795 0.00921129 0.00985877 0.00876217 0.00910241 0.00955447 0.00840458 0.0107517 0.0153246 0.00901122 0.0407007 0.00969041 0.1356 0.009885 0.0195885 0.00889837 0.00873817 0.0144222 0.00868919 0.0278305 0.00887411 0.039764 0.0101258 0.0324791 0.0117321 0.00925501 0.00978896 0.00920862 
0.0103476 0.94595 0.00956143 0.0158947 0.00796219 0.00471119 0.0038016 0.00368606 0.00380847 0.00370333 0 0.00370682 0.00375686 0.0212881 0.0146189 0.0191693 0.0111925 0.00844557 0.0135053 0.00926544 0.0095911 0.0100664 0.00866058 0.010058 0.0113118 0.0102958 0.0336849 0.00988032 0.109689 0.0113818 0.0853479 0.0101238 0.00978949 0.0118028 0.00889212 0.034243 0.00906597 0.0356112 0.00993166 0.041153 0.0224528 0.0136278 0.011234 0.0106668 0.00933426 
0.862526 0.0189838 0.00992383 0.00721581 0.0128802 0.00634067 0.0038702 0.00420053 0.00374724 0.00372648 0.00370682 0 0.00384743 0.0214452 0.0534702 0.0144716 0.0103248 0.0102998 0.0100977 0.0148085 0.00982392 0.0097563 0.0144353 0.00872954 0.0115018 0.0193071 0.00880669 0.0181778 0.00990531 0.0414466 0.0103664 0.0206848 0.00920977 0.00902728 0.0150292 0.00873592 0.0130113 0.00903028 0.0152069 0.0106415 0.0190284 0.0241695 0.0104001 0.0117866 0.0103165 
0.0493883 0.0110685 0.00686622 0.0100268 0.00765591 0.0119495 0.00629645 0.00393155 0.00389324 0.00373603 0.00375686 0.00384743 0 0.0403104 0.0111562 0.0145636 0.0124556 0.0108785 0.0232738 0.00988543 0.0145281 0.0181248 0.00931767 0.0170266 0.0295419 0.00977583 0.0110678 0.00878345 0.0156792 0.00978653 0.0150333 0.00929161 0.0132833 0.0174943 0.00910151 0.0130622 0.00871348 0.0112657 0.00890445 0.01156 0.0107464 0.0114381 0.0213733 0.0162363 0.0160886 
0.0231144 0.014364 0.0163731 0.0122765 0.0161491 0.0205333 0.00858884 0.00810582 0.00741203 0.00894962 0.0212881 0.0214452 0.0403104 0 0.00381666 0.00393105 0.0193374 0.02318 0.016984 0.0107296 0.0197724 0.0138444 0.00982015 0.0231554 0.0191919 0.0146635 0.0110939 0.011241 0.014193 0.0194748 0.0163294 0.0153899 0.0199612 0.0133108 0.0114326 0.0107842 0.0107034 0.0101129 0.0117464 0.0130558 0.0186442 0.013272 0.0240519 0.0182985 0.0179178 
0.013738 0.0238468 0.0118306 0.0138716 0.0223472 0.0140049 0.00705412 0.00938798 0.00774892 0.00797461 0.0146189 0.0534702 0.0111562 0.00381666 0 0.00375755 0.0168465 0.0272972 0.0123974 0.0341052 0.0105626 0.00987835 0.0402353 0.00905934 0.0141744 0.016464 0.0115084 0.0104856 0.0142496 0.014839 0.0141787 0.0185616 0.0101671 0.0104256 0.0108855 0.0103816 0.0093264 0.0104512 0.00946621 0.0128703 0.0174068 0.0565646 0.0116501 0.020609 0.0168225 
0.0357244 0.0110083 0.0112052 0.0109758 0.0127286 0.0184368 0.0116809 0.00655595 0.00657855 0.00840192 0.0191693 0.0144716 0.0145636 0.00393105 0.00375755 0 0.0184353 0.0117059 0.0252489 0.00975163 0.0232722 0.0312544 0.0096685 0.0151429 0.0383134 0.0136771 0.0101717 0.0109111 0.0112174 0.0145243 0.0143741 0.0113196 0.0126474 0.0206555 0.0111973 0.00998529 0.0111488 0.00986768 0.0111771 0.0111835 0.0143912 0.0156684 0.0286766 0.0239885 0.0191345 
0.0109608 0.0108215 0.00893844 0.0101499 0.00928785 0.0122847 0.00998251 0.00918195 0.00927116 0.00894375 0.0111925 0.0103248 0.0124556 0.0193374 0.0168465 0.0184353 0 0.025791 0.00606592 0.0589116 0.0258065 0.00594166 0.0194932 0.0125884 0.0103646 0.0686881 0.00778478 0.00758095 0.00900585 0.00882267 0.00955306 0.00994507 0.0115825 0.00998997 0.0096645 0.00983107 0.00849406 0.0090045 0.0087623 0.00917264 0.00885962 0.0096016 0.0136135 0.0111357 0.0167764 
0.0138652 0.00894879 0.00884892 0.00849848 0.0106395 0.00966858 0.00921844 0.00903761 0.00822273 0.00907795 0.00844557 0.0102998 0.0108785 0.02318 0.0272972 0.0117059 0.025791 0 0.0613486 0.0162292 0.00457246 0.00669043 0.0209704 0.00723401 0.0819993 0.00783659 0.0066468 0.00682919 0.00718975 0.00890081 0.00773445 0.0109927 0.00778745 0.00958868 0.00905563 0.00813054 0.00842593 0.00790183 0.0083385 0.00838864 0.0087882 0.00928467 0.00878182 0.016578 0.0101904 
0.0119613 0.011834 0.00987983 0.0136424 0.00933674 0.0229712 0.00981648 0.00857091 0.0112558 0.00921129 0.0135053 0.0100977 0.0232738 0.016984 0.0123974 0.0252489 0.00606592 0.0613486 0 0.00513399 0.00399918 0.00423463 0.00534073 0.892454 0.00694858 0.00618068 0.0061756 0.00735037 0.0126669 0.00770793 0.0132688 0.00875696 0.013917 0.00924586 0.00795006 0.0114848 0.00806009 0.00921708 0.009187 0.0100559 0.00925842 0.0103105 0.0195815 0.0129546 0.0147242 
0.010078 0.0108727 0.0101081 0.00911037 0.0193279 0.00965026 0.00876647 0.0091843 0.00881577 0.00985877 0.00926544 0.0148085 0.00988543 0.0107296 0.0341052 0.00975163 0.0589116 0.0162292 0.00513399 0 0.00386098 0.00407478 0.956535 0.00562122 0.00688709 0.00716069 0.00599308 0.0101888 0.0070237 0.0101481 0.00795101 0.0108286 0.00814782 0.00782066 0.0113262 0.0081425 0.00848889 0.00838483 0.0089337 0.010009 0.0112569 0.0153464 0.00956575 0.014448 0.0115538 
0.0118426 0.00909129 0.00882095 0.0108924 0.00924255 0.0117489 0.0103712 0.00841467 0.00895684 0.00876217 0.0095911 0.00982392 0.0145281 0.0197724 0.0105626 0.0232722 0.0258065 0.00457246 0.00399918 0.00386098 0 0.973848 0.00453083 0.00545637 0.00921315 0.00648483 0.006142 0.00627954 0.00760461 0.00802946 0.0090344 0.0149459 0.00772975 0.0101771 0.00811815 0.00820249 0.00812079 0.00816931 0.00831152 0.00911811 0.0103177 0.0122256 0.0122432 0.0132102 0.0133462 
0.0112519 0.00978701 0.00991472 0.0109432 0.00901954 0.0154059 0.00875918 0.00852442 0.00967706 0.00910241 0.0100664 0.0097563 0.0181248 0.0138444 0.00987835 0.0312544 0.00594166 0.00669043 0.00423463 0.00407478 0.973848 0 0.00646332 0.00467009 0.00489678 0.00616799 0.0253746 0.00637004 0.00566891 0.00563295 0.0081217 0.00660976 0.0123054 0.00666811 0.00719361 0.0104949 0.00805654 0.00797606 0.00871009 0.00969048 0.00875875 0.0103245 0.0220043 0.0119421 0.0180576 
0.00962726 0.00974882 0.00914915 0.0086063 0.014762 0.00890875 0.00851336 0.00951721 0.00838477 0.00955447 0.00866058 0.0144353 0.00931767 0.00982015 0.0402353 0.0096685 0.0194932 0.0209704 0.00534073 0.956535 0.00453083 0.00646332 0 0.00457444 0.00626812 0.0255622 0.00505966 0.00453294 0.00448818 0.00614627 0.00570611 0.0134685 0.00618149 0.00663393 0.0141474 0.00732989 0.00797697 0.00775208 0.00879762 0.00808944 0.00914281 0.0265405 0.00952839 0.0147182 0.0101875 
0.0122635 0.00939296 0.00860901 0.0111799 0.00858052 0.0126745 0.0105914 0.00823353 0.00992581 0.00840458 0.010058 0.00872954 0.0170266 0.0231554 0.00905934 0.0151429 0.0125884 0.00723401 0.892454 0.00562122 0.00545637 0.00467009 0.00457444 0 0.0641055 0.00402541 0.00418367 0.00395576 0.00460637 0.00487296 0.00729252 0.00549003 0.00618504 0.014046 0.00669342 0.00864014 0.00735107 0.0077131 0.00757841 0.00905883 0.00904067 0.00925632 0.0440397 0.0147515 0.0142898 
0.0133585 0.0110919 0.0108141 0.0109428 0.0107884 0.0233033 0.00985395 0.00931553 0.00924817 0.0107517 0.0113118 0.0115018 0.0295419 0.0191919 0.0141744 0.0383134 0.0103646 0.0819993 0.00694858 0.00688709 0.00921315 0.00489678 0.00626812 0.0641055 0 0.00377672 0.00391158 0.0037633 0.00379351 0.00471417 0.00412732 0.00450564 0.00767062 0.00612864 0.00656403 0.0071808 0.0072642 0.00802334 0.00795429 0.00920633 0.0234293 0.778876 0.0701299 0.0152165 0.024398 
0.0104337 0.0102862 0.01393 0.00970763 0.0231488 0.00963929 0.00914805 0.0103287 0.00906938 0.0153246 0.0102958 0.0193071 0.00977583 0.0146635 0.016464 0.0136771 0.0686881 0.00783659 0.00618068 0.00716069 0.00648483 0.00616799 0.0255622 0.00402541 0.00377672 0 0.00373401 0.00372188 0.00367924 0.00386296 0.00376424 0.00459167 0.00532625 0.00491665 0.00772934 0.00660729 0.00981942 0.0069632 0.0113096 0.0100684 0.878291 0.0387365 0.00998163 0.0130001 0.0109082 
0.00903239 0.0138665 0.009525 0.0379619 0.00897252 0.0100456 0.00938886 0.00850928 0.017378 0.00901122 0.0336849 0.00880669 0.0110678 0.0110939 0.0115084 0.0101717 0.00778478 0.0066468 0.0061756 0.00599308 0.006142 0.0253746 0.00505966 0.00418367 0.00391158 0.00373401 0 0.00370432 0.00374021 0.0037638 0.00382232 0.00382712 0.00385128 0.00493315 0.00605402 0.010982 0.00590298 0.0136141 0.00851136 0.929549 0.0208978 0.00949193 0.00901769 0.00935525 0.00874101 
0.010587 0.00916261 0.0332104 0.00946358 0.0228267 0.00869752 0.00843253 0.0102286 0.00867485 0.0407007 0.00988032 0.0181778 0.00878345 0.011241 0.0104856 0.0109111 0.00758095 0.00682919 0.00735037 0.0101888 0.00627954 0.00637004 0.00453294 0.00395576 0.0037633 0.00372188 0.00370432 0 0.00369038 0.00371626 0.00372118 0.00370186 0.0037861 0.00410907 0.00770543 0.00506859 0.0188313 0.00660348 0.941636 0.0176345 0.00938514 0.0084904 0.00744573 0.00925421 0.0085678 
0.00932851 0.0440291 0.0106562 0.108456 0.00988129 0.015066 0.0111371 0.00871387 0.05657 0.00969041 0.109689 0.00990531 0.0156792 0.014193 0.0142496 0.0112174 0.00900585 0.00718975 0.0126669 0.0070237 0.00760461 0.00566891 0.00448818 0.00460637 0.00379351 0.00367924 0.00374021 0.00369038 0 0.0037098 0.00381177 0.0037398 0.00381696 0.00424295 0.0046188 0.00942474 0.00603603 0.956737 0.0104705 0.010251 0.00877075 0.00932414 0.0144956 0.0123816 0.00986221 
0.0198335 0.0111809 0.0998104 0.0121775 0.0679592 0.00980455 0.00875222 0.0250574 0.00952507 0.1356 0.0113818 0.0414466 0.00978653 0.0194748 0.014839 0.0145243 0.00882267 0.00890081 0.00770793 0.0101481 0.00802946 0.00563295 0.00614627 0.00487296 0.00471417 0.00386296 0.0037638 0.00371626 0.0037098 0 0.00372196 0.00375086 0.00379166 0.00394259 0.0175598 0.00498954 0.974944 0.00892059 0.0106551 0.00725882 0.0115571 0.0128468 0.00802863 0.0119283 0.0105504 
0.0111007 0.030228 0.011979 0.0809542 0.010193 0.01396 0.0106574 0.00879858 0.0459017 0.009885 0.0853479 0.0103664 0.0150333 0.0163294 0.0141787 0.0143741 0.00955306 0.00773445 0.0132688 0.00795101 0.0090344 0.0081217 0.00570611 0.00729252 0.00412732 0.00376424 0.00382232 0.00372118 0.00381177 0.00372196 0 0.00371872 0.00376505 0.00464932 0.0053802 0.96918 0.00674381 0.0175265 0.00561714 0.012211 0.0135036 0.00819395 0.0110486 0.0123151 0.0102192 
0.0121806 0.0108648 0.0131776 0.00995553 0.0255289 0.00920376 0.00888684 0.013864 0.00886846 0.0195885 0.0101238 0.0206848 0.00929161 0.0153899 0.0185616 0.0113196 0.00994507 0.0109927 0.00875696 0.0108286 0.0149459 0.00660976 0.0134685 0.00549003 0.00450564 0.00459167 0.00382712 0.00370186 0.0037398 0.00375086 0.00371872 0 0.00376584 0.00500637 0.995995 0.00451125 0.0081435 0.00467721 0.0064259 0.00760429 0.00832615 0.0120751 0.00788244 0.0167999 0.0124207 
0.0124673 0.00971977 0.00892839 0.00990545 0.00894961 0.0116545 0.011921 0.00865851 0.00918365 0.00889837 0.00978949 0.00920977 0.0132833 0.0199612 0.0101671 0.0126474 0.0115825 0.00778745 0.013917 0.00814782 0.00772975 0.0123054 0.00618149 0.00618504 0.00767062 0.00532625 0.00385128 0.0037861 0.00381696 0.00379166 0.00376505 0.00376584 0 0.996201 0.00429585 0.00422669 0.00389121 0.00457994 0.00445939 0.00529546 0.00643767 0.007177 0.00783169 0.0151373 0.0105533 
0.00960683 0.00891484 0.00883819 0.00921152 0.00865355 0.0172673 0.00866515 0.00842693 0.00872746 0.00873817 0.0118028 0.00902728 0.0174943 0.0133108 0.0104256 0.0206555 0.00998997 0.00958868 0.00924586 0.00782066 0.0101771 0.00666811 0.00663393 0.014046 0.00612864 0.00491665 0.00493315 0.00410907 0.00424295 0.00394259 0.00464932 0.00500637 0.996201 0 0.00393066 0.00373098 0.00385572 0.00378002 0.00391943 0.00395568 0.00392984 0.00697378 0.00869629 0.00874439 0.0132558 
0.0103724 0.00859256 0.0118007 0.00862893 0.0263387 0.00870467 0.00844486 0.00932116 0.0085094 0.0144222 0.00889212 0.0150292 0.00910151 0.0114326 0.0108855 0.0111973 0.0096645 0.00905563 0.00795006 0.0113262 0.00811815 0.00719361 0.0141474 0.00669342 0.00656403 0.00772934 0.00605402 0.00770543 0.0046188 0.0175598 0.0053802 0.995995 0.00429585 0.00393066 0 0.00370823 0.00379536 0.00371231 0.00387816 0.00376774 0.00446072 0.00492052 0.00466975 0.0110882 0.00765047 
0.00984402 0.013163 0.00887851 0.0407389 0.00880323 0.0107615 0.00902621 0.00852059 0.01838 0.00868919 0.034243 0.00873592 0.0130622 0.0107842 0.0103816 0.00998529 0.00983107 0.00813054 0.0114848 0.0081425 0.00820249 0.0104949 0.00732989 0.00864014 0.0071808 0.00660729 0.010982 0.00506859 0.00942474 0.00498954 0.96918 0.00451125 0.00422669 0.00373098 0.00370823 0 0.0036943 0.00372132 0.00373786 0.00383141 0.00402917 0.00377797 0.00516546 0.00811345 0.0063791 
0.00909917 0.00872136 0.0238418 0.00898037 0.0144067 0.00838266 0.00830418 0.00969411 0.00851913 0.0278305 0.00906597 0.0130113 0.00871348 0.0107034 0.0093264 0.0111488 0.00849406 0.00842593 0.00806009 0.00848889 0.00812079 0.00805654 0.00797697 0.00735107 0.0072642 0.00981942 0.00590298 0.0188313 0.00603603 0.974944 0.00674381 0.0081435 0.00389121 0.00385572 0.00379536 0.0036943 0 0.00375817 0.00370402 0.00371576 0.00372641 0.00381134 0.00379215 0.00648495 0.00596985 
0.00833521 0.0140543 0.00890203 0.0291141 0.00882625 0.00981676 0.00864567 0.00828725 0.0213782 0.00887411 0.0356112 0.00903028 0.0112657 0.0101129 0.0104512 0.00986768 0.0090045 0.00790183 0.00921708 0.00838483 0.00816931 0.00797606 0.00775208 0.0077131 0.00802334 0.0069632 0.0136141 0.00660348 0.956737 0.00892059 0.0175265 0.00467721 0.00457994 0.00378002 0.00371231 0.00372132 0.00375817 0 0.00387445 0.0037516 0.00372897 0.0037291 0.00391676 0.00659051 0.00571417 
0.0116838 0.00922405 0.0215534 0.00931186 0.0189915 0.00874907 0.00819256 0.0124552 0.00868207 0.039764 0.00993166 0.0152069 0.00890445 0.0117464 0.00946621 0.0111771 0.0087623 0.0083385 0.009187 0.0089337 0.00831152 0.00871009 0.00879762 0.00757841 0.00795429 0.0113096 0.00851136 0.941636 0.0104705 0.0106551 0.00561714 0.0064259 0.00445939 0.00391943 0.00387816 0.00373786 0.00370402 0.00387445 0 0.00373735 0.0037512 0.00375175 0.00374424 0.00589585 0.00578337 
0.010312 0.0175212 0.0111274 0.0451221 0.00969374 0.0101779 0.00929034 0.00864006 0.0271965 0.0101258 0.041153 0.0106415 0.01156 0.0130558 0.0128703 0.0111835 0.00917264 0.00838864 0.0100559 0.010009 0.00911811 0.00969048 0.00808944 0.00905883 0.00920633 0.0100684 0.929549 0.0176345 0.010251 0.00725882 0.012211 0.00760429 0.00529546 0.00395568 0.00376774 0.00383141 0.00371576 0.0037516 0.00373735 0 0.00376087 0.00372825 0.00379129 0.00602609 0.00664672 
0.0109761 0.0127484 0.0280776 0.0208787 0.0183204 0.0104382 0.00863895 0.0113517 0.0118481 0.0324791 0.0224528 0.0190284 0.0107464 0.0186442 0.0174068 0.0143912 0.00885962 0.0087882 0.00925842 0.0112569 0.0103177 0.00875875 0.00914281 0.00904067 0.0234293 0.878291 0.0208978 0.00938514 0.00877075 0.0115571 0.0135036 0.00832615 0.00643767 0.00392984 0.00446072 0.00402917 0.00372641 0.00372897 0.0037512 0.00376087 0 0.00373208 0.00373753 0.00679139 0.0142639 
0.00980807 0.0131343 0.0116421 0.0111533 0.0243832 0.0109618 0.00934812 0.00931595 0.00970844 0.0117321 0.0136278 0.0241695 0.0114381 0.013272 0.0565646 0.0156684 0.0096016 0.00928467 0.0103105 0.0153464 0.0122256 0.0103245 0.0265405 0.00925632 0.778876 0.0387365 0.00949193 0.0084904 0.00932414 0.0128468 0.00819395 0.0120751 0.007177 0.00697378 0.00492052 0.00377797 0.00381134 0.0037291 0.00375175 0.00372825 0.00373208 0 0.00387179 0.0186227 0.0178187 
0.0125665 0.0120038 0.00893157 0.0137977 0.00910006 0.0168565 0.0123687 0.00872437 0.0108729 0.00925501 0.011234 0.0104001 0.0213733 0.0240519 0.0116501 0.0286766 0.0136135 0.00878182 0.0195815 0.00956575 0.0122432 0.0220043 0.00952839 0.0440397 0.0701299 0.00998163 0.00901769 0.00744573 0.0144956 0.00802863 0.0110486 0.00788244 0.00783169 0.00869629 0.00466975 0.00516546 0.00379215 0.00391676 0.00374424 0.00379129 0.00373753 0.00387179 0 0.0363754 0.0114542 
0.0112463 0.0102887 0.00957614 0.0102139 0.0113228 0.0131953 0.00893786 0.00889926 0.00930984 0.00978896 0.0106668 0.0117866 0.0162363 0.0182985 0.020609 0.0239885 0.0111357 0.016578 0.0129546 0.014448 0.0132102 0.0119421 0.0147182 0.0147515 0.0152165 0.0130001 0.00935525 0.00925421 0.0123816 0.0119283 0.0123151 0.0167999 0.0151373 0.00874439 0.0110882 0.00811345 0.00648495 0.00659051 0.00589585 0.00602609 0.00679139 0.0186227 0.0363754 0 0.00497857 
0.0116821 0.00913756 0.00882618 0.00941314 0.0104928 0.011933 0.00983105 0.0087947 0.00901122 0.00920862 0.00933426 0.0103165 0.0160886 0.0179178 0.0168225 0.0191345 0.0167764 0.0101904 0.0147242 0.0115538 0.0133462 0.0180576 0.0101875 0.0142898 0.024398 0.0109082 0.00874101 0.0085678 0.00986221 0.0105504 0.0102192 0.0124207 0.0105533 0.0132558 0.00765047 0.0063791 0.00596985 0.00571417 0.00578337 0.00664672 0.0142639 0.0178187 0.0114542 0.00497857 0 
