1FNLA
EDLPKAVVFLEPQWYSVLEKDSVTLKCQGAYSPEDNSTQWFHNESLISSQASSYFIDAATVNDSGEYRCQTNLSTLSDPVQLEVHIGWLLLQAPRWVFKEEDPIHLRCHSWKNTALHKVTYLQNGKDRKYFHHNSDFHIPKATLKDSGSYFCRGLVGSKNVSSETVNITITQA
CCCCCCEEEEECCCCEEECCCCEEEEEECCCECCECCCEEEECCEEEECCCCEEEECCCCHHHCEEEEEECCCCCCCCCEEEEEECCCEEEECCCCEEECCCCEEEEEEECCCCCCEEEEEEECCEEEEEEEECCCEEECCCCHHHCEEEEEEEEECCEEEECCCEEEEEECC
0 0 0 0 0 0 0 0 0 0 0 0 0 0 0 0 0 0 0 0 0 0 0 0 0 0 0 0 0 0 0 0 0 0 0 0 0 0 0 0 0 0 0 0 0 0 0 0 0 0 0 0 0 0 0 0 0 0 0 0 0 0 0 0 0 0 0 0 0 0 0 0 0 0 0 0 0 0 0 0 0 0 0 0 0 0 0 0 0 0 0 0 0 0 0 0 0 0 0 0 0 0 0 0 0 0 0 0 0 0 0 0 0 0 0 0 0 0 0 0 0 0 0 0 0 0 0 0 0 0 0 0 0 0 0 0 0 0 0 0 0 0 0 0 0 0 0 0 0 0 0 0 0 0 0 0 0 0 0 0 0 0 0 0 0 0 0 0 0 0 0 0 0 
0 0 0 0 0 0 0 0 0 0 0 0 0 0 0 0 0 0 0 0 0 0 0 0 0 0 0 0 0 0 0 0 0 0 0 0 0 0 0 0 0 0 0 0 0 0 0 0 0 0 0 0 0 0 0 0 0 0 0 0 0 0 0 0 0 0 0 0 0 0 0 0 0 0 0 0 0 0 0 0 0 0 0 0 0 0 0 0 0 0 0 0 0 0 0 0 0 0 0 0 0 0 0 0 0 0 0 0 0 0 0 0 0 0 0 0 0 0 0 0 0 0 0 0 0 0 0 0 0 0 0 0 0 0 0 0 0 0 0 0 0 0 0 0 0 0 0 0 0 0 0 0 0 0 0 0 0 0 0 0 0 0 0 0 0 0 0 0 0 0 0 0 0 
0 0.00383956 0.00406408 0.00382537 0.00744118 0.0104698 0.00898687 0.0630782 0.0156443 0.0263777 0.00897167 0.0228116 0.00920818 0.331644 0.0124432 0.0122682 0.0179711 0.0111949 0.0126025 0.0163026 0.0153703 0.00987637 0.0140847 0.015918 0.0163129 0.0103013 0.0130573 0.0150742 0.00969918 0.0106313 0.008758 0.0112409 0.00917113 0.0221527 0.00943562 0.010795 0.00844437 0.0119881 0.00893153 0.0168771 0.0105122 0.00940636 0.00942767 0.0129286 0.0107424 0.00841355 0.0106965 0.00926523 0.00989401 0.00832298 0.0100304 0.00839513 0.00863933 0.00944203 0.00874021 0.00847037 0.00819147 0.0093127 0.00860089 0.00888202 0.00909058 0.00834788 0.00801956 0.00799539 0.00805377 0.00850975 0.00794697 0.00807654 0.00850493 0.00865821 0.00881428 0.00854851 0.00814553 0.00818433 0.00825696 0.00832266 0.00807155 0.00837271 0.00800714 0.00844132 0.00869293 0.00840043 0.00810954 0.008 0.00922581 0.00863852 0.0092241 0.00817971 0.00960729 0.00841041 0.00990707 
0.00383956 0 0.00375394 0.00452554 0.00373729 0.00587569 0.0232634 0.0241429 0.0250119 0.00880762 0.0361484 0.00811932 0.430756 0.00934872 0.00949438 0.00977344 0.011354 0.0484119 0.015401 0.0109138 0.00928788 0.0198125 0.00977138 0.0115603 0.00933125 0.0170438 0.0094092 0.0169975 0.0136563 0.00877361 0.0208173 0.00908759 0.0396779 0.00879142 0.0111474 0.0084418 0.0274057 0.00878906 0.0205513 0.00893569 0.0104771 0.0106299 0.0152563 0.00946655 0.0083756 0.0101848 0.00837456 0.0107504 0.0085928 0.0212511 0.00880537 0.0143159 0.0087942 0.00852154 0.00843098 0.00842886 0.0113624 0.00910251 0.0109067 0.00903889 0.0083644 0.00800959 0.0081909 0.00819968 0.00825152 0.00819502 0.00854677 0.00814604 0.00810297 0.010183 0.00821194 0.00877327 0.00906729 0.00820854 0.00886018 0.00839014 0.00937785 0.00827451 0.0103018 0.00819787 0.00821674 0.00808717 0.00808889 0.0085911 0.00815259 0.00989764 0.00823575 0.0108594 0.00830568 0.00964237 0.00833021 
0.00406408 0.00375394 0 0.00370592 0.00381978 0.00856752 0.0124741 0.0195883 0.00795941 0.0230557 0.0083206 0.37299 0.00813214 0.0150015 0.00844783 0.00841482 0.0112544 0.0148545 0.0166298 0.00894838 0.010223 0.00991033 0.0123379 0.00899975 0.0101848 0.0094172 0.0189817 0.00885241 0.00872037 0.0177032 0.00910744 0.0543101 0.00863539 0.0112473 0.00857866 0.0181588 0.00863463 0.0575853 0.00857475 0.00968229 0.00897079 0.0194013 0.00960812 0.00903264 0.0102618 0.0081917 0.00872988 0.00862264 0.0203931 0.0089989 0.0288254 0.00859326 0.0107604 0.00847118 0.00852264 0.0099622 0.00850691 0.0149778 0.0106125 0.00880535 0.00806995 0.00813272 0.00805627 0.0082166 0.00835145 0.0098465 0.00819244 0.00844222 0.00804731 0.00814668 0.0095889 0.00810165 0.0080252 0.00847623 0.00859066 0.00925923 0.00837304 0.0101764 0.00829959 0.00886651 0.00807368 0.00802666 0.00828858 0.00814529 0.00839233 0.00807361 0.00993675 0.00840801 0.0106246 0.00831092 0.00873279 
0.00382537 0.00452554 0.00370592 0 0.00375736 0.013183 0.0250355 0.00768179 0.0154776 0.00800806 0.301256 0.00749794 0.0353181 0.00758654 0.0092387 0.0100958 0.0105321 0.0135133 0.0103397 0.00939903 0.0100791 0.0115042 0.0089918 0.00997346 0.00945329 0.0122914 0.00875621 0.0131517 0.0145835 0.00870025 0.0214276 0.00866252 0.0202608 0.00845471 0.0113088 0.00836683 0.0192809 0.00844891 0.0120808 0.00844313 0.0103732 0.00897955 0.01271 0.00890276 0.00854012 0.00999859 0.00822032 0.0102911 0.00839764 0.0154257 0.00838172 0.011231 0.00844288 0.00876189 0.00860965 0.00827193 0.0095265 0.00858154 0.00907158 0.00888564 0.00821284 0.00825487 0.00830148 0.0081041 0.00818252 0.00817164 0.00836722 0.00805531 0.00794261 0.00998193 0.00816051 0.00883634 0.00898792 0.00821282 0.00853046 0.0083137 0.00877035 0.00821742 0.00889368 0.0081363 0.00838292 0.00805482 0.00809296 0.00847858 0.00798875 0.00953561 0.00827528 0.00974382 0.00829681 0.00935525 0.0080836 
0.00744118 0.00373729 0.00381978 0.00375736 0 0.0368746 0.00577912 0.00470587 0.00878704 0.15726 0.0068143 0.0153786 0.00653774 0.00837151 0.00902906 0.0108159 0.0148435 0.00888557 0.00956622 0.00825805 0.015069 0.00873601 0.00873709 0.00855023 0.0149015 0.00901438 0.00911144 0.00855137 0.0111998 0.0103759 0.0084409 0.00950334 0.0082872 0.00952691 0.0103687 0.00970621 0.00817254 0.00981659 0.00831868 0.00886994 0.011408 0.00850157 0.00847624 0.00898318 0.0103745 0.00803437 0.00850788 0.00974134 0.00883946 0.00826564 0.00875535 0.00809977 0.00811775 0.00811633 0.00861404 0.00808211 0.00800052 0.00852796 0.00823308 0.00814821 0.0079435 0.00847587 0.00801048 0.00796892 0.00800212 0.00832172 0.00797624 0.00797865 0.00793266 0.00844423 0.00818699 0.00797748 0.00844593 0.00821486 0.00803104 0.00812916 0.00801036 0.00800127 0.00803239 0.00803412 0.00805167 0.00813441 0.00801292 0.00795966 0.00812121 0.00823793 0.00865291 0.00807231 0.00866249 0.00804796 0.00858897 
0.0104698 0.00587569 0.00856752 0.013183 0.0368746 0 0.00376081 0.0038017 0.0109064 0.0129532 0.0100183 0.0199482 0.00652416 0.0179927 0.00869029 0.0111663 0.0168375 0.0118277 0.0112059 0.0171652 0.0118654 0.00961445 0.00978848 0.0169458 0.0112781 0.00977496 0.0102319 0.0177288 0.0117275 0.00978942 0.00996277 0.0102416 0.0101663 0.0168292 0.0100371 0.00955563 0.00952392 0.0106886 0.00958409 0.0137769 0.0119123 0.0114964 0.0103171 0.0163031 0.00966262 0.00848939 0.0103514 0.0105578 0.0100391 0.00950681 0.00925275 0.00899707 0.00894698 0.0103887 0.008575 0.00852734 0.00880771 0.00906788 0.00917221 0.00888641 0.00914586 0.00801133 0.00804757 0.00804338 0.00804636 0.00817179 0.00806022 0.00801396 0.00869841 0.00857351 0.00838269 0.00859578 0.00819453 0.00807876 0.00827408 0.00824097 0.00842892 0.0083065 0.00817999 0.00806333 0.00835038 0.00796887 0.00800617 0.00798801 0.00858924 0.00827536 0.00838487 0.00833223 0.00884013 0.00828659 0.00892102 
0.00898687 0.0232634 0.0124741 0.0250355 0.00577912 0.00376081 0 0.0040435 0.0149184 0.011587 0.0121303 0.00589592 0.0162454 0.00691274 0.00826807 0.0101891 0.010915 0.0252525 0.0299244 0.0097834 0.0090982 0.0135364 0.012614 0.0099897 0.0091917 0.0136985 0.012518 0.0105076 0.00974683 0.0103699 0.0105822 0.00941745 0.0213144 0.00926836 0.0096088 0.00937268 0.0116526 0.00943627 0.0169115 0.00873532 0.00967597 0.0126558 0.0225514 0.00958507 0.00844699 0.0100124 0.00828584 0.00943031 0.00965491 0.0111877 0.00899148 0.00956837 0.0108316 0.0085022 0.00846213 0.00881496 0.00884923 0.00936535 0.00985023 0.00964886 0.00819203 0.00796342 0.00827178 0.00813614 0.00825525 0.00817209 0.00823134 0.00820663 0.00793895 0.00855603 0.00877481 0.00820559 0.00821135 0.00835332 0.00859185 0.00832598 0.00895912 0.00823596 0.00847151 0.00832791 0.0081093 0.00794345 0.00813582 0.00825398 0.00802269 0.0083165 0.00833062 0.00923092 0.00847019 0.00859946 0.00805562 
0.0630782 0.0241429 0.0195883 0.00768179 0.00470587 0.0038017 0.0040435 0 0.0203247 0.00735294 0.00511548 0.00936724 0.0059668 0.00752188 0.00836282 0.0109184 0.0244986 0.0132661 0.0113858 0.0108108 0.0159439 0.00940481 0.0100591 0.0125455 0.0156768 0.00954546 0.00982635 0.0122725 0.019152 0.00971467 0.00943885 0.0110693 0.00966996 0.0114803 0.0149676 0.00901892 0.00931954 0.00943201 0.00928236 0.0117128 0.0162449 0.0102618 0.0109661 0.0151427 0.0113906 0.00858596 0.00918445 0.0182051 0.00956931 0.0093661 0.00955439 0.00887463 0.00899693 0.009529 0.0101482 0.00835965 0.00869674 0.00894056 0.00888364 0.00882427 0.00851373 0.00906488 0.00831068 0.0080945 0.00819446 0.00819863 0.00823153 0.00813543 0.00826477 0.0100311 0.00826918 0.00863292 0.00989885 0.00838587 0.00828913 0.00844787 0.00837927 0.00810178 0.00819878 0.00815552 0.00851927 0.00846929 0.00815729 0.00819273 0.0085378 0.00887943 0.0084415 0.00836624 0.00834027 0.00840199 0.00877807 
0.0156443 0.0250119 0.00795941 0.0154776 0.00878704 0.0109064 0.0149184 0.0203247 0 0.00377105 0.00385126 0.00374865 0.00423374 0.00405305 0.00803639 0.00897633 0.0122156 0.0100167 0.0105261 0.0292165 0.0119105 0.0115496 0.00962126 0.0315441 0.0125145 0.0123879 0.00956236 0.0518141 0.0224753 0.00880348 0.0161814 0.00886405 0.0216032 0.0135297 0.024086 0.0087559 0.0175195 0.00877015 0.0195724 0.0146733 0.020659 0.0102193 0.0139391 0.0160969 0.00950908 0.0092887 0.0120693 0.0177546 0.0088633 0.0135901 0.00861212 0.0134704 0.00875178 0.0139414 0.00895772 0.00843141 0.0107573 0.00869445 0.0101222 0.00890986 0.0113327 0.00812269 0.00804061 0.00811751 0.00813887 0.00812238 0.00844677 0.00802893 0.00913962 0.0122408 0.00806182 0.0127359 0.00996937 0.00799184 0.0086917 0.00816763 0.00945645 0.00816774 0.00976173 0.0081128 0.00934585 0.00833566 0.00802087 0.00838818 0.00878627 0.0118874 0.00811266 0.0111951 0.00828305 0.00953387 0.00935724 
0.0263777 0.00880762 0.0230557 0.00800806 0.15726 0.0129532 0.011587 0.00735294 0.00377105 0 0.0037525 0.00378266 0.00376313 0.00402807 0.005295 0.00613611 0.00982622 0.0124155 0.0352701 0.0114665 0.0115419 0.00960034 0.0168917 0.0110885 0.0109075 0.00953474 0.0398702 0.010139 0.00894004 0.0324901 0.00885747 0.0321334 0.0092707 0.0280038 0.00900003 0.0275847 0.0086262 0.0377968 0.00923983 0.013459 0.00962571 0.0260918 0.0104977 0.0125126 0.0105073 0.00859755 0.00961045 0.00895356 0.0311962 0.00942409 0.0315208 0.00882481 0.0163376 0.00877986 0.00873948 0.0102485 0.00843537 0.0232611 0.00992278 0.0105114 0.00848292 0.00815123 0.00816378 0.00809827 0.00839849 0.00889968 0.00810171 0.00868448 0.00836412 0.00825202 0.0119722 0.00819657 0.00802916 0.00879246 0.00838194 0.00938508 0.00830124 0.00996444 0.00823734 0.00891565 0.00821985 0.00803994 0.00826329 0.00812971 0.00874517 0.00809655 0.0105621 0.00844281 0.0112629 0.00845616 0.00902504 
0.00897167 0.0361484 0.0083206 0.301256 0.0068143 0.0100183 0.0121303 0.00511548 0.00385126 0.0037525 0 0.00373325 0.00388378 0.00374398 0.00417695 0.00557712 0.00736351 0.0138861 0.0118739 0.0256911 0.00820389 0.0112159 0.00901839 0.0104898 0.00879082 0.0196336 0.00876021 0.0167396 0.0163104 0.0085359 0.053871 0.0091097 0.0390607 0.00875614 0.0130858 0.00850785 0.0727858 0.0091412 0.0291468 0.00889086 0.011026 0.0109423 0.0237876 0.00985476 0.00849522 0.00981248 0.00836524 0.0129938 0.00884363 0.09927 0.00969407 0.0549121 0.00901969 0.0095851 0.00865998 0.00852875 0.0296747 0.0100984 0.022151 0.0103441 0.00856369 0.00802495 0.0081645 0.00857313 0.00885528 0.00857427 0.0110337 0.00823149 0.00819152 0.0115222 0.00831156 0.00986389 0.00981824 0.00823966 0.0122796 0.00865778 0.0134926 0.00856407 0.0147604 0.00827634 0.0083807 0.00802785 0.00816775 0.0087906 0.00813302 0.0107121 0.00844397 0.0145517 0.00860224 0.010685 0.00815514 
0.0228116 0.00811932 0.37299 0.00749794 0.0153786 0.0199482 0.00589592 0.00936724 0.00374865 0.00378266 0.00373325 0 0.00370027 0.003822 0.00400232 0.00505398 0.0182055 0.00894696 0.023583 0.00762168 0.00924331 0.00876853 0.0115222 0.00838697 0.0104697 0.0090905 0.0203573 0.00845625 0.00856772 0.0239177 0.00896459 0.0481442 0.0086107 0.0155175 0.00847964 0.0224391 0.0086587 0.0644452 0.00873092 0.0101786 0.00897831 0.0165173 0.00989988 0.0106202 0.0103694 0.0083464 0.00948928 0.00848409 0.0319136 0.00904305 0.0621397 0.00870662 0.0120634 0.00916534 0.00841187 0.0109952 0.00861439 0.0253905 0.0112202 0.00949672 0.00820769 0.008149 0.00813236 0.00836394 0.00873649 0.0111343 0.00831515 0.00885955 0.00808571 0.00816006 0.0102046 0.00821947 0.00802908 0.00979126 0.00849993 0.0118939 0.00830098 0.0118295 0.00830328 0.00890445 0.00806498 0.00805755 0.00855023 0.00813264 0.00855265 0.00802019 0.0107664 0.00834703 0.012394 0.00825202 0.00868595 
0.00920818 0.430756 0.00813214 0.0353181 0.00653774 0.00652416 0.0162454 0.0059668 0.00423374 0.00376313 0.00388378 0.00370027 0 0.00369788 0.00482697 0.010775 0.00858313 0.0470552 0.00909238 0.00749522 0.00818962 0.0157171 0.00858747 0.00922298 0.00916556 0.0174051 0.00880367 0.0145164 0.0197392 0.00863766 0.0194445 0.00845658 0.0234004 0.00844228 0.0134357 0.00839722 0.0255123 0.0084935 0.017235 0.00849096 0.0109742 0.00916751 0.0150839 0.00921719 0.00838758 0.0125947 0.00824679 0.0124727 0.00840317 0.0248351 0.00872471 0.0133423 0.00856602 0.00967576 0.0085904 0.00819338 0.0117388 0.00846184 0.00965836 0.0088246 0.00827488 0.00802248 0.00825054 0.0080889 0.00831112 0.00816124 0.0085513 0.00811419 0.008102 0.0107139 0.00819155 0.00877512 0.0099455 0.00835999 0.00895058 0.0082271 0.0110469 0.00816301 0.00955814 0.00806311 0.00840906 0.007975 0.00799331 0.00872047 0.0079476 0.00999614 0.0081555 0.0111897 0.00815866 0.00975533 0.00799655 
0.331644 0.00934872 0.0150015 0.00758654 0.00837151 0.0179927 0.00691274 0.00752188 0.00405305 0.00402807 0.00374398 0.003822 0.00369788 0 0.0692279 0.0049679 0.0331957 0.00773621 0.00763176 0.00660483 0.0146177 0.00859105 0.00879674 0.00815858 0.0158858 0.00881893 0.0102431 0.00893859 0.0116103 0.0120193 0.00856665 0.0109387 0.00845709 0.01394 0.0102561 0.0100698 0.00840293 0.0101766 0.00843908 0.0104087 0.0119309 0.00903135 0.00879902 0.0105835 0.0112584 0.00827784 0.0090672 0.00980021 0.00991124 0.00840087 0.0094291 0.00819765 0.00843643 0.00857808 0.00892332 0.00837392 0.00808165 0.00882394 0.00842582 0.00822551 0.00806367 0.00870362 0.00805523 0.00794473 0.00800571 0.00836382 0.00799549 0.00802741 0.00804378 0.00849576 0.0083563 0.00825025 0.00842488 0.00834375 0.00804792 0.00845982 0.00804879 0.00810924 0.00799455 0.00805735 0.00812407 0.00813384 0.00812098 0.00793065 0.0084399 0.00819153 0.00883037 0.00801522 0.00882249 0.00794244 0.00851183 
0.0124432 0.00949438 0.00844783 0.0092387 0.00902906 0.00869029 0.00826807 0.00836282 0.00803639 0.005295 0.00417695 0.00400232 0.00482697 0.0692279 0 0.908089 0.00543674 0.00535167 0.00537256 0.00652098 0.00768333 0.00672289 0.00687033 0.0113561 0.0101756 0.00858904 0.00862218 0.0163493 0.0157004 0.00844182 0.00843731 0.00836781 0.00916227 0.010453 0.0126932 0.00827444 0.00991661 0.00811224 0.00865964 0.0103278 0.011508 0.00848654 0.00866368 0.0108283 0.00962275 0.00861125 0.00905331 0.0109923 0.00849598 0.00829158 0.00802719 0.00806669 0.00803333 0.00883345 0.00901919 0.00794862 0.0080077 0.00797406 0.00802391 0.00805733 0.0086027 0.00868854 0.00803504 0.00792796 0.00792599 0.00786025 0.00788857 0.00785102 0.00824953 0.00970971 0.00799939 0.00858708 0.00958361 0.00788679 0.00787949 0.00789417 0.00794058 0.00786858 0.00789037 0.00788628 0.00861504 0.00860708 0.00789752 0.00790002 0.00829964 0.00976978 0.00797903 0.00825544 0.00798572 0.00815688 0.00877677 
0.0122682 0.00977344 0.00841482 0.0100958 0.0108159 0.0111663 0.0101891 0.0109184 0.00897633 0.00613611 0.00557712 0.00505398 0.010775 0.0049679 0.908089 0 0.0139783 0.00385944 0.00422719 0.00456638 0.00707312 0.00626311 0.00603116 0.00891789 0.0138248 0.00817326 0.00850312 0.0142479 0.0133633 0.00837375 0.00822083 0.00821237 0.00862024 0.0103902 0.0116379 0.00844708 0.00954616 0.00835556 0.00851968 0.0116919 0.011064 0.008331 0.00863291 0.01105 0.00965713 0.00841664 0.00919388 0.0105193 0.00837603 0.00817386 0.00797574 0.00800602 0.00803187 0.00884797 0.00870257 0.00793801 0.00799582 0.00800113 0.00803 0.00811905 0.00854434 0.00831949 0.00792021 0.00786581 0.00786846 0.00788648 0.00783589 0.00786551 0.00813582 0.00933714 0.00797426 0.00844697 0.00874017 0.00788503 0.00783783 0.00786327 0.00791703 0.00784547 0.0078822 0.00791232 0.00837295 0.00841541 0.00791321 0.00786502 0.00832441 0.0090558 0.00808774 0.00810707 0.00804679 0.00805134 0.00865661 
0.0179711 0.011354 0.0112544 0.0105321 0.0148435 0.0168375 0.010915 0.0244986 0.0122156 0.00982622 0.00736351 0.0182055 0.00858313 0.0331957 0.00543674 0.0139783 0 0.00375696 0.00378682 0.00409328 0.00433034 0.00425708 0.00592382 0.455787 0.0159827 0.00723529 0.00834688 0.0215744 0.0104594 0.00986634 0.00876938 0.0154936 0.0112097 0.0291875 0.0103167 0.00963736 0.00985241 0.0108024 0.0100865 0.0150464 0.0135048 0.0111829 0.0119266 0.0197033 0.00982132 0.00861624 0.0119746 0.0109488 0.00996766 0.0100505 0.0108455 0.00995579 0.00958626 0.0126957 0.00869014 0.0087407 0.00915632 0.00974239 0.00973162 0.00923217 0.0100889 0.00802127 0.00806573 0.00804651 0.00816553 0.00822572 0.00812807 0.0081265 0.00924746 0.00841425 0.00835372 0.00914891 0.00826183 0.0080285 0.00828858 0.00855578 0.00847058 0.00834787 0.00818942 0.00817621 0.00886476 0.00798603 0.00800448 0.00807095 0.00894064 0.00844716 0.00826217 0.00825009 0.00853448 0.00835796 0.00938211 
0.0111949 0.0484119 0.0148545 0.0135133 0.00888557 0.0118277 0.0252525 0.0132661 0.0100167 0.0124155 0.0138861 0.00894696 0.0470552 0.00773621 0.00535167 0.00385944 0.00375696 0 0.00376279 0.00373699 0.00396366 0.00691427 0.392892 0.256749 0.00631802 0.00754011 0.0125728 0.00974056 0.009202 0.0102406 0.0302447 0.0113816 0.0413218 0.0102901 0.00930144 0.0126202 0.0131116 0.0131067 0.0151066 0.00945415 0.00977434 0.0254215 0.0220638 0.0106996 0.00902048 0.0097414 0.00872666 0.00966502 0.0148052 0.0191848 0.0144052 0.0127195 0.014171 0.00927084 0.0084349 0.00965817 0.0119762 0.0128464 0.0146521 0.0121304 0.00856666 0.00797144 0.00820446 0.00853295 0.00855076 0.00875132 0.00873341 0.00854917 0.0082006 0.00842679 0.0087563 0.00854173 0.0082521 0.00855878 0.00907467 0.00939541 0.00949492 0.00877289 0.00916891 0.00840485 0.00821637 0.00800809 0.0082268 0.00833216 0.0082294 0.00815737 0.00857126 0.00923641 0.00884206 0.00872218 0.00823953 
0.0126025 0.015401 0.0166298 0.0103397 0.00956622 0.0112059 0.0299244 0.0113858 0.0105261 0.0352701 0.0118739 0.023583 0.00909238 0.00763176 0.00537256 0.00422719 0.00378682 0.00376279 0 0.00374993 0.00494011 0.961558 0.0240682 0.00617665 0.00866839 0.030239 0.00774379 0.00752833 0.00946038 0.0188368 0.00978663 0.016093 0.0109254 0.0100407 0.00918795 0.0127936 0.0096543 0.0129253 0.0155902 0.0093733 0.0103023 0.0254573 0.0294356 0.0110355 0.00948446 0.0103694 0.00860491 0.00988943 0.0152708 0.011482 0.0134691 0.0104016 0.0121687 0.0093526 0.0089061 0.00993451 0.00939762 0.0110513 0.0122451 0.0103992 0.00839381 0.00822543 0.0084466 0.00832458 0.00855523 0.00863845 0.0084748 0.00857842 0.008096 0.00882002 0.0090774 0.00829329 0.00848673 0.00874101 0.0090517 0.00904785 0.00886738 0.00869711 0.00855391 0.00865163 0.00808148 0.00812118 0.00831216 0.00825373 0.00806411 0.0083812 0.00871688 0.00864355 0.00879177 0.00849291 0.00810514 
0.0163026 0.0109138 0.00894838 0.00939903 0.00825805 0.0171652 0.0097834 0.0108108 0.0292165 0.0114665 0.0256911 0.00762168 0.00749522 0.00660483 0.00652098 0.00456638 0.00409328 0.00373699 0.00374993 0 0.98281 0.00526282 0.00384965 0.00428056 0.0214505 0.00671851 0.00647342 0.00778708 0.0210078 0.00852327 0.0161956 0.00841245 0.0094468 0.00959611 0.0141276 0.00856157 0.00976427 0.00875856 0.00925931 0.0092985 0.0196274 0.00936001 0.0100942 0.0121308 0.0104765 0.00879828 0.00882475 0.0145618 0.00959649 0.0101063 0.00908774 0.00923428 0.0088049 0.00931379 0.0099537 0.00832394 0.00871659 0.00878733 0.00898718 0.00874145 0.00837256 0.00898578 0.00823033 0.00807748 0.0081488 0.00811759 0.00829902 0.00810918 0.00813875 0.0109507 0.00811178 0.00834923 0.0102271 0.00825485 0.00832046 0.00847361 0.00833166 0.00814518 0.00823057 0.00806254 0.0081365 0.00837383 0.00796913 0.00811376 0.00808034 0.0092623 0.00814119 0.0083326 0.00816959 0.00822708 0.00806615 
0.0153703 0.00928788 0.010223 0.0100791 0.015069 0.0118654 0.0090982 0.0159439 0.0119105 0.0115419 0.00820389 0.00924331 0.00818962 0.0146177 0.00768333 0.00707312 0.00433034 0.00396366 0.00494011 0.98281 0 0.00420567 0.00414451 0.00585546 0.00523662 0.00536768 0.0234571 0.0795968 0.00824195 0.00830752 0.00789401 0.00897634 0.00913442 0.0190536 0.0101366 0.00964551 0.009139 0.0101473 0.00915954 0.0152666 0.0108929 0.00894158 0.00917131 0.0148559 0.0100837 0.00883716 0.0129635 0.0100342 0.00891138 0.00847104 0.0089361 0.00838671 0.00870444 0.0105531 0.008516 0.00822588 0.00831948 0.00856589 0.00830905 0.00865337 0.00986986 0.00813771 0.00803315 0.00798667 0.00803011 0.00810783 0.00797097 0.00812873 0.00927234 0.0083822 0.00845145 0.00929794 0.00814869 0.00793521 0.00803718 0.00812398 0.00802001 0.00808653 0.00800789 0.00822381 0.00890052 0.00806346 0.00799103 0.00796338 0.00912253 0.00840665 0.00846198 0.00808306 0.00878542 0.00843711 0.00979809 
0.00987637 0.0198125 0.00991033 0.0115042 0.00873601 0.00961445 0.0135364 0.00940481 0.0115496 0.00960034 0.0112159 0.00876853 0.0157171 0.00859105 0.00672289 0.00626311 0.00425708 0.00691427 0.961558 0.00526282 0.00420567 0 0.00379146 0.00369602 0.00420883 0.0119128 0.0481233 0.0108992 0.00769129 0.00809109 0.00926321 0.00865929 0.0144404 0.00887248 0.00970603 0.00916531 0.0108369 0.00932796 0.0108255 0.00898279 0.00953891 0.0105712 0.0107615 0.0091665 0.00896803 0.00942716 0.0087681 0.00953713 0.00922843 0.0106454 0.00897599 0.00990112 0.00906262 0.00855303 0.00822426 0.00848618 0.00961122 0.00900734 0.00944254 0.00907015 0.00836305 0.00800115 0.00810002 0.00814087 0.00807206 0.00814343 0.00825252 0.00828036 0.00811856 0.00847685 0.00848753 0.00831972 0.00809039 0.00821055 0.00846186 0.00845442 0.00853992 0.00820875 0.00827523 0.00823756 0.00825621 0.00794812 0.00807244 0.00828394 0.00830852 0.00827562 0.00831767 0.00858373 0.00832179 0.00852887 0.00834495 
0.0140847 0.00977138 0.0123379 0.0089918 0.00873709 0.00978848 0.012614 0.0100591 0.00962126 0.0168917 0.00901839 0.0115222 0.00858747 0.00879674 0.00687033 0.00603116 0.00592382 0.392892 0.0240682 0.00384965 0.00414451 0.00379146 0 0.00379137 0.00675891 0.0295271 0.00883554 0.00551658 0.00802958 0.011972 0.00838905 0.0103474 0.00883216 0.00915536 0.00907435 0.0110148 0.00902388 0.0112948 0.00975859 0.00904744 0.0096885 0.0108761 0.0119825 0.00947887 0.00954411 0.0091669 0.00855537 0.00935729 0.0116649 0.00960861 0.0100438 0.00898041 0.00964924 0.00848794 0.00860495 0.00904375 0.00859517 0.00928458 0.00896586 0.00926594 0.00815619 0.00820645 0.00823353 0.00812897 0.00814584 0.00853456 0.0081749 0.00820375 0.00804429 0.00854083 0.0086574 0.00816958 0.008162 0.0083311 0.00833224 0.00849243 0.00832247 0.00823761 0.00819011 0.00821943 0.00810014 0.00804971 0.00814781 0.00813868 0.00817397 0.00823169 0.00890297 0.00835683 0.00887332 0.00829267 0.008057 
0.015918 0.0115603 0.00899975 0.00997346 0.00855023 0.0169458 0.0099897 0.0125455 0.0315441 0.0110885 0.0104898 0.00838697 0.00922298 0.00815858 0.0113561 0.00891789 0.455787 0.256749 0.00617665 0.00428056 0.00585546 0.00369602 0.00379137 0 0.0516044 0.0104773 0.00407652 0.00719289 0.0156466 0.0081641 0.0088767 0.00803742 0.00921058 0.00892548 0.0175469 0.00872199 0.011167 0.00867409 0.00938063 0.0102307 0.0191129 0.00917367 0.00972607 0.0121799 0.0121722 0.00894369 0.00941391 0.0183068 0.00909977 0.00920971 0.00858674 0.00891267 0.0085681 0.00900678 0.0121895 0.00831596 0.00859512 0.00850434 0.0086839 0.00843326 0.00847975 0.00971419 0.00821715 0.00804656 0.00799418 0.00808525 0.00814293 0.00800012 0.00816812 0.0130811 0.00807376 0.00841421 0.010597 0.00810343 0.00819435 0.00814766 0.00829974 0.00802423 0.00817683 0.00793395 0.00826828 0.00883253 0.00796704 0.00797176 0.00801438 0.0102495 0.00829305 0.00838542 0.00821214 0.00822438 0.00833299 
0.0163129 0.00933125 0.0101848 0.00945329 0.0149015 0.0112781 0.0091917 0.0156768 0.0125145 0.0109075 0.00879082 0.0104697 0.00916556 0.0158858 0.0101756 0.0138248 0.0159827 0.00631802 0.00866839 0.0214505 0.00523662 0.00420883 0.00675891 0.0516044 0 0.00379017 0.0042137 0.00553507 0.00563167 0.00732805 0.00724532 0.0152283 0.0119194 0.0293744 0.0104534 0.00956456 0.00927434 0.0102815 0.00903361 0.0188402 0.011579 0.00924402 0.00928514 0.0160904 0.00999139 0.00894237 0.0141483 0.0105435 0.00947725 0.00857554 0.00937126 0.00859555 0.00891655 0.0115448 0.00856846 0.00829466 0.00847312 0.00888194 0.0084964 0.00867262 0.0102381 0.00812505 0.00798644 0.00800029 0.00804888 0.00829844 0.00797522 0.0080752 0.00897328 0.00848652 0.00836828 0.009165 0.00809571 0.00794237 0.00807899 0.00814403 0.00801896 0.00817204 0.00803815 0.00817786 0.0087618 0.00805177 0.00804159 0.00798087 0.00943356 0.00848833 0.00864899 0.00815222 0.00892553 0.00849915 0.00923875 
0.0103013 0.0170438 0.0094172 0.0122914 0.00901438 0.00977496 0.0136985 0.00954546 0.0123879 0.00953474 0.0196336 0.0090905 0.0174051 0.00881893 0.00858904 0.00817326 0.00723529 0.00754011 0.030239 0.00671851 0.00536768 0.0119128 0.0295271 0.0104773 0.00379017 0 0.00378773 0.0038688 0.00639554 0.00636608 0.0225918 0.0118915 0.0214668 0.00781058 0.0107722 0.00897916 0.0134753 0.00895807 0.0145209 0.00918561 0.0102151 0.0112486 0.012353 0.00942865 0.00931647 0.0104646 0.00883664 0.0107094 0.00925107 0.0123528 0.00895882 0.0110681 0.00921486 0.00875504 0.00840001 0.00854541 0.0111903 0.00911964 0.0097081 0.00928106 0.00878657 0.00805842 0.00811189 0.00818892 0.00818352 0.00821666 0.0084085 0.00826524 0.00825277 0.00903661 0.0085145 0.0086952 0.00818146 0.00813955 0.00861589 0.00846192 0.008885 0.0082935 0.00859164 0.00827066 0.00832906 0.0079649 0.00812117 0.00839333 0.00818232 0.00873679 0.00832176 0.00935411 0.00841618 0.00880132 0.00841692 
0.0130573 0.0094092 0.0189817 0.00875621 0.00911144 0.0102319 0.012518 0.00982635 0.00956236 0.0398702 0.00876021 0.0203573 0.00880367 0.0102431 0.00862218 0.00850312 0.00834688 0.0125728 0.00774379 0.00647342 0.0234571 0.0481233 0.00883554 0.00407652 0.0042137 0.00378773 0 0.00427178 0.00565666 0.0383276 0.0089346 0.0220826 0.00669902 0.00787406 0.0090002 0.0190672 0.00855991 0.0177013 0.00920806 0.00946825 0.0099088 0.0150777 0.0114818 0.0102287 0.0112099 0.00926581 0.0090748 0.00939146 0.0220013 0.00885212 0.015065 0.00892483 0.0106669 0.00860256 0.00881034 0.0106017 0.00863572 0.0108202 0.00946829 0.00973118 0.00817653 0.00839122 0.00839094 0.00824981 0.00832063 0.00905157 0.00826378 0.00878648 0.00811303 0.00852314 0.0107086 0.00819708 0.00807335 0.0087561 0.00827863 0.00893702 0.00822179 0.00879949 0.00822659 0.00863608 0.00807704 0.0081866 0.00860441 0.00803214 0.00831711 0.00815895 0.0100162 0.00820873 0.00976963 0.0082526 0.00837338 
0.0150742 0.0169975 0.00885241 0.0131517 0.00855137 0.0177288 0.0105076 0.0122725 0.0518141 0.010139 0.0167396 0.00845625 0.0145164 0.00893859 0.0163493 0.0142479 0.0215744 0.00974056 0.00752833 0.00778708 0.0795968 0.0108992 0.00551658 0.00719289 0.00553507 0.0038688 0.00427178 0 0.0542696 0.00614643 0.0179269 0.00583336 0.00967787 0.0063683 0.0236329 0.00836796 0.0174342 0.00845874 0.0119821 0.0113442 0.0288179 0.00938936 0.0120785 0.0118756 0.0130352 0.0103843 0.00954849 0.0348511 0.00901414 0.0124323 0.00860355 0.0114731 0.00868577 0.00965354 0.0166599 0.00854473 0.0102371 0.00871531 0.00912697 0.00885476 0.00894671 0.0104464 0.00838093 0.00844038 0.00828212 0.00827035 0.00866571 0.00818417 0.00859341 0.023495 0.00820237 0.0104982 0.0159643 0.00820471 0.0084281 0.00835049 0.00892513 0.00811019 0.00916016 0.00804325 0.00930004 0.00963873 0.00802777 0.00851965 0.00820757 0.0161589 0.00817735 0.0113535 0.00821163 0.00985575 0.00832855 
0.00969918 0.0136563 0.00872037 0.0145835 0.0111998 0.0117275 0.00974683 0.019152 0.0224753 0.00894004 0.0163104 0.00856772 0.0197392 0.0116103 0.0157004 0.0133633 0.0104594 0.009202 0.00946038 0.0210078 0.00824195 0.00769129 0.00802958 0.0156466 0.00563167 0.00639554 0.00565666 0.0542696 0 0.00374086 0.00388017 0.00380272 0.00452277 0.00412031 0.0107547 0.00658564 0.0581912 0.00836293 0.0554723 0.108042 0.0136668 0.00881852 0.0116664 0.0200153 0.00962824 0.0112842 0.0159762 0.0189042 0.00885564 0.0152595 0.0085456 0.0154062 0.00901768 0.0299277 0.0100991 0.0087434 0.0116386 0.00875993 0.0106968 0.00974821 0.0235401 0.00842486 0.00827481 0.0083487 0.00832726 0.00822223 0.00883269 0.00831706 0.013464 0.0135524 0.00817362 0.0252066 0.010761 0.0079653 0.00899581 0.00824084 0.00960739 0.00810541 0.0113017 0.00815953 0.0169596 0.00829504 0.00803106 0.0087859 0.00932176 0.0131778 0.00802082 0.0125086 0.0080384 0.0116637 0.00991829 
0.0106313 0.00877361 0.0177032 0.00870025 0.0103759 0.00978942 0.0103699 0.00971467 0.00880348 0.0324901 0.0085359 0.0239177 0.00863766 0.0120193 0.00844182 0.00837375 0.00986634 0.0102406 0.0188368 0.00852327 0.00830752 0.00809109 0.011972 0.0081641 0.00732805 0.00636608 0.0383276 0.00614643 0.00374086 0 0.00377574 0.00375767 0.00379772 0.00446904 0.00620665 0.0797061 0.0072919 0.0772663 0.0401446 0.0259228 0.00833372 0.0161208 0.00997802 0.0112929 0.0107168 0.00911452 0.00963903 0.00884652 0.0340091 0.00855302 0.024332 0.0086269 0.0287133 0.009199 0.00857676 0.00993662 0.00858448 0.0147702 0.00929229 0.0160321 0.00865834 0.00815088 0.00827282 0.0081954 0.00835287 0.00923993 0.00822231 0.00945282 0.00854465 0.00805118 0.0190987 0.00816075 0.00794719 0.00954194 0.00826607 0.00993042 0.00818338 0.0112375 0.00811591 0.0121691 0.00816071 0.00792564 0.00849307 0.00804952 0.00906336 0.00788562 0.0113023 0.00808385 0.0122697 0.00844821 0.00952126 
0.008758 0.0208173 0.00910744 0.0214276 0.0084409 0.00996277 0.0105822 0.00943885 0.0161814 0.00885747 0.053871 0.00896459 0.0194445 0.00856665 0.00843731 0.00822083 0.00876938 0.0302447 0.00978663 0.0161956 0.00789401 0.00926321 0.00838905 0.0088767 0.00724532 0.0225918 0.0089346 0.0179269 0.00388017 0.00377574 0 0.00372677 0.00371881 0.00366248 0.0472537 0.00704476 0.0945912 0.0210802 0.0728325 0.00841088 0.00967132 0.00880012 0.0144429 0.0105881 0.00846844 0.0101891 0.00859917 0.0124795 0.00891242 0.0497282 0.00898795 0.0590568 0.00921161 0.0106729 0.008886 0.00888981 0.0247253 0.0104477 0.0306983 0.00984951 0.00902419 0.00828952 0.00842424 0.00882982 0.0102447 0.00880415 0.0119465 0.00837641 0.00841592 0.0107102 0.00839737 0.00933006 0.00922904 0.00827129 0.0141436 0.00914409 0.0199711 0.00847397 0.0194986 0.00821704 0.00863622 0.00807694 0.00810202 0.00874962 0.00814454 0.00942398 0.00826572 0.0187305 0.00851283 0.0115659 0.00827876 
0.0112409 0.00908759 0.0543101 0.00866252 0.00950334 0.0102416 0.00941745 0.0110693 0.00886405 0.0321334 0.0091097 0.0481442 0.00845658 0.0109387 0.00836781 0.00821237 0.0154936 0.0113816 0.016093 0.00841245 0.00897634 0.00865929 0.0103474 0.00803742 0.0152283 0.0118915 0.0220826 0.00583336 0.00380272 0.00375767 0.00372677 0 0.00373878 0.00382781 0.00649859 0.0314236 0.0102569 0.0880228 0.00743448 0.0096102 0.00865408 0.0131456 0.0099432 0.0110044 0.010733 0.00836288 0.0108304 0.00891263 0.0237175 0.00917557 0.101138 0.00900708 0.0174018 0.00945277 0.00877817 0.0115972 0.00941318 0.0418425 0.0129608 0.0124614 0.00870342 0.00833316 0.0085728 0.00908086 0.00914837 0.0134962 0.00878725 0.00951661 0.00849988 0.00847106 0.0103935 0.00859189 0.00830843 0.010358 0.00917393 0.0208559 0.00880398 0.023102 0.00863553 0.00977417 0.00830331 0.0080109 0.00886008 0.00821569 0.00893709 0.00807492 0.0129299 0.00866002 0.0178153 0.00856159 0.00894021 
0.00917113 0.0396779 0.00863539 0.0202608 0.0082872 0.0101663 0.0213144 0.00966996 0.0216032 0.0092707 0.0390607 0.0086107 0.0234004 0.00845709 0.00916227 0.00862024 0.0112097 0.0413218 0.0109254 0.0094468 0.00913442 0.0144404 0.00883216 0.00921058 0.0119194 0.0214668 0.00669902 0.00967787 0.00452277 0.00379772 0.00371881 0.00373878 0 0.00374145 0.0332384 0.00882624 0.0459373 0.00681652 0.0381134 0.00758306 0.0144612 0.0100494 0.0296341 0.0116527 0.0085998 0.0210458 0.00844488 0.0178004 0.00921384 0.0622801 0.00885163 0.0219377 0.00980355 0.0102524 0.0094877 0.00991453 0.0236098 0.00940459 0.0177108 0.0116488 0.00916276 0.00840152 0.00922765 0.00859117 0.00966933 0.00876441 0.0104692 0.00874016 0.00857252 0.0129336 0.00853667 0.0102062 0.0114609 0.00866221 0.0143611 0.0093822 0.025621 0.00858178 0.0129376 0.00828044 0.00883694 0.00826642 0.00828673 0.0101924 0.00810872 0.0117022 0.00834296 0.017503 0.00834058 0.0122709 0.00813829 
0.0221527 0.00879142 0.0112473 0.00845471 0.00952691 0.0168292 0.00926836 0.0114803 0.0135297 0.0280038 0.00875614 0.0155175 0.00844228 0.01394 0.010453 0.0103902 0.0291875 0.0102901 0.0100407 0.00959611 0.0190536 0.00887248 0.00915536 0.00892548 0.0293744 0.00781058 0.00787406 0.0063683 0.00412031 0.00446904 0.00366248 0.00382781 0.00374145 0 0.0190263 0.0339654 0.00605829 0.0124228 0.00668786 0.0119409 0.0129306 0.010316 0.00932936 0.0162734 0.0219156 0.00842457 0.0128226 0.0157515 0.0409684 0.00866958 0.0163045 0.00873154 0.0116786 0.00935004 0.0151574 0.0122932 0.00906466 0.0116919 0.00960132 0.00983298 0.00856698 0.0126871 0.00861469 0.00855604 0.00851949 0.00913438 0.00847249 0.00879986 0.00828238 0.0106608 0.0104285 0.00834435 0.00923257 0.00987742 0.00844548 0.0124326 0.00829282 0.00924639 0.008246 0.00885173 0.00827233 0.00907149 0.0090029 0.008118 0.0101385 0.00924568 0.0105975 0.00820444 0.010354 0.00815815 0.00910078 
0.00943562 0.0111474 0.00857866 0.0113088 0.0103687 0.0100371 0.0096088 0.0149676 0.024086 0.00900003 0.0130858 0.00847964 0.0134357 0.0102561 0.0126932 0.0116379 0.0103167 0.00930144 0.00918795 0.0141276 0.0101366 0.00970603 0.00907435 0.0175469 0.0104534 0.0107722 0.0090002 0.0236329 0.0107547 0.00620665 0.0472537 0.00649859 0.0332384 0.0190263 0 0.00374305 0.00386142 0.00373445 0.00404642 0.00429215 0.00626666 0.00572922 0.00776474 0.0262082 0.00881369 0.0135346 0.0160223 0.022849 0.00882372 0.0147116 0.00833899 0.0145095 0.00865987 0.0247621 0.0122951 0.00893524 0.0120074 0.00897524 0.0111866 0.00946349 0.0147745 0.00891628 0.00863665 0.00858046 0.00882766 0.00874338 0.00892961 0.0084458 0.0125695 0.0157095 0.00860862 0.0204657 0.0111356 0.00810008 0.00886416 0.00836271 0.00962069 0.00825512 0.00999915 0.00835919 0.0135176 0.00856813 0.00812809 0.00877827 0.00990401 0.0139921 0.0082171 0.0113729 0.00825397 0.0107577 0.0103781 
0.010795 0.0084418 0.0181588 0.00836683 0.00970621 0.00955563 0.00937268 0.00901892 0.0087559 0.0275847 0.00850785 0.0224391 0.00839722 0.0100698 0.00827444 0.00844708 0.00963736 0.0126202 0.0127936 0.00856157 0.00964551 0.00916531 0.0110148 0.00872199 0.00956456 0.00897916 0.0190672 0.00836796 0.00658564 0.0797061 0.00704476 0.0314236 0.00882624 0.0339654 0.00374305 0 0.00373093 0.00380582 0.00367565 0.00389979 0.00506932 0.00711388 0.00756292 0.0405164 0.0143032 0.00820991 0.00912686 0.0086658 0.0331376 0.00825342 0.0241218 0.00828878 0.0244848 0.00871005 0.00921629 0.016057 0.00860051 0.0238197 0.00954568 0.0127526 0.00850612 0.00873134 0.00876322 0.00872691 0.00903085 0.0115818 0.00846071 0.0101647 0.00853558 0.00852747 0.016215 0.00824717 0.00812346 0.0110455 0.00844116 0.012148 0.00831193 0.0134603 0.00815559 0.0127393 0.00818927 0.00820869 0.00937937 0.00807807 0.00960675 0.00804959 0.0145714 0.00811521 0.0148964 0.00830175 0.0092073 
0.00844437 0.0274057 0.00863463 0.0192809 0.00817254 0.00952392 0.0116526 0.00931954 0.0175195 0.0086262 0.0727858 0.0086587 0.0255123 0.00840293 0.00991661 0.00954616 0.00985241 0.0131116 0.0096543 0.00976427 0.009139 0.0108369 0.00902388 0.011167 0.00927434 0.0134753 0.00855991 0.0174342 0.0581912 0.0072919 0.0945912 0.0102569 0.0459373 0.00605829 0.00386142 0.00373093 0 0.00370358 0.00380043 0.0037638 0.00547463 0.00527764 0.067385 0.0270502 0.00738268 0.0103923 0.00805884 0.0153701 0.00848415 0.0665615 0.00830101 0.0623135 0.00870001 0.0101448 0.00985345 0.00876087 0.0526927 0.00931062 0.0269603 0.010137 0.0100647 0.00866071 0.00896133 0.010654 0.0110042 0.00901116 0.0173856 0.00848928 0.00912848 0.0172674 0.00838168 0.0149907 0.0127001 0.0082645 0.0181111 0.00896745 0.0258365 0.00842097 0.0369494 0.00813112 0.0097387 0.00851305 0.00816554 0.0112651 0.00816472 0.0138656 0.00816948 0.0464711 0.00839929 0.0201856 0.00835773 
0.0119881 0.00878906 0.0575853 0.00844891 0.00981659 0.0106886 0.00943627 0.00943201 0.00877015 0.0377968 0.0091412 0.0644452 0.0084935 0.0101766 0.00811224 0.00835556 0.0108024 0.0131067 0.0129253 0.00875856 0.0101473 0.00932796 0.0112948 0.00867409 0.0102815 0.00895807 0.0177013 0.00845874 0.00836293 0.0772663 0.0210802 0.0880228 0.00681652 0.0124228 0.00373445 0.00380582 0.00370358 0 0.00369942 0.00373786 0.00560562 0.0649473 0.0319898 0.0283694 0.00999474 0.00692875 0.00865654 0.00864542 0.0326755 0.00913628 0.11435 0.00854437 0.014763 0.0091181 0.00939861 0.0166069 0.00907061 0.0652354 0.0130932 0.0121867 0.00859499 0.00909544 0.00887216 0.0104147 0.0105853 0.0204652 0.00903076 0.0102073 0.00855796 0.00858219 0.0144611 0.0084839 0.00823909 0.013673 0.0097986 0.0265952 0.00874423 0.0395615 0.00855895 0.0124515 0.00819413 0.0085645 0.0103862 0.00829416 0.00982086 0.00808534 0.0215638 0.0086694 0.0331706 0.00858105 0.00993534 
0.00893153 0.0205513 0.00857475 0.0120808 0.00831868 0.00958409 0.0169115 0.00928236 0.0195724 0.00923983 0.0291468 0.00873092 0.017235 0.00843908 0.00865964 0.00851968 0.0100865 0.0151066 0.0155902 0.00925931 0.00915954 0.0108255 0.00975859 0.00938063 0.00903361 0.0145209 0.00920806 0.0119821 0.0554723 0.0401446 0.0728325 0.00743448 0.0381134 0.00668786 0.00404642 0.00367565 0.00380043 0.00369942 0 0.003794 0.0523949 0.0319447 0.0319664 0.00670854 0.00632845 0.0181857 0.0069779 0.0209955 0.0093588 0.060801 0.00860809 0.0226722 0.00959045 0.0108815 0.0100949 0.0103419 0.0230813 0.00950667 0.0159963 0.0137786 0.00942385 0.00866515 0.00920603 0.00890644 0.00972285 0.00882227 0.0105286 0.00904967 0.00867678 0.0151111 0.00878696 0.0110904 0.0124197 0.00874756 0.0132595 0.00908547 0.0223298 0.00863453 0.0117798 0.00850889 0.00889789 0.00848124 0.00830449 0.0105314 0.00842222 0.0119645 0.00838066 0.0160445 0.0084919 0.0135678 0.00851904 
0.0168771 0.00893569 0.00968229 0.00844313 0.00886994 0.0137769 0.00873532 0.0117128 0.0146733 0.013459 0.00889086 0.0101786 0.00849096 0.0104087 0.0103278 0.0116919 0.0150464 0.00945415 0.0093733 0.0092985 0.0152666 0.00898279 0.00904744 0.0102307 0.0188402 0.00918561 0.00946825 0.0113442 0.108042 0.0259228 0.00841088 0.0096102 0.00758306 0.0119409 0.00429215 0.00389979 0.0037638 0.00373786 0.003794 0 0.0957007 0.0114507 0.00476693 0.00646997 0.014981 0.00683787 0.00867948 0.0146888 0.021392 0.00863734 0.0105456 0.00863728 0.0118775 0.0136966 0.0166289 0.0100357 0.00897404 0.0100939 0.00964881 0.0100955 0.00947964 0.0136725 0.00885082 0.00863716 0.00868688 0.00877047 0.0087406 0.00859188 0.00918916 0.0144996 0.00950876 0.00881682 0.0126085 0.00944523 0.00874321 0.0108438 0.0086041 0.0088493 0.00852543 0.00867821 0.0092201 0.0102609 0.00858331 0.00834179 0.00938821 0.011662 0.00954068 0.00855468 0.00931132 0.00857605 0.0097238 
