1GMUC
MLYLTQRLEIPAAATASVTLPIDVRVKSRVKVTLNDGRDAGLLLPRGLLLRGGDVLSNEEGTEFVQVIAADEEVSVVRCDDPFMLAKACYALGNRHVPLQIMPGELRYHHDHVLDDMLRQFGLTVTFGQLPFEPEAGAYA
CEEECEECCCCCCCCEEEEECHHHHCCCEEEEECCCCCEEEEECCCCCCCCCCCEEECCCCCCEEEEEECEEEEEEEECCCHHHHHHHHHHHHHCCCCCEEECCEEEEECCHHHHHHHHCCCCCEEEEEEECCCCHHHCC
0 0 0 0 0 0 0 0 0 0 0 0 0 0 0 0 0 0 0 0 0 0 0 0 0 0 0 0 0 0 0 0 0 0 0 0 0 0 0 0 0 0 0 0 0 0 0 0 0 0 0 0 0 0 0 0 0 0 0 0 0 0 0 0 0 0 0 0 0 0 0 0 0 0 0 0 0 0 0 0 0 0 0 0 0 0 0 0 0 0 0 0 0 0 0 0 0 0 0 0 0 0 0 0 0 0 0 0 0 0 0 0 0 0 0 0 0 0 0 0 0 0 0 0 0 0 0 0 0 0 0 0 0 0 0 0 0 0 0 0 
0 0 0 0 0 0 0 0 0 0 0 0 0 0 0 0 0 0 0 0 0 0 0 0 0 0 0 0 0 0 0 0 0 0 0 0 0 0 0 0 0 0 0 0 0 0 0 0 0 0 0 0 0 0 0 0 0 0 0 0 0 0 0 0 0 0 0 0 0 0 0 0 0 0 0 0 0 0 0 0 0 0 0 0 0 0 0 0 0 0 0 0 0 0 0 0 0 0 0 0 0 0 0 0 0 0 0 0 0 0 0 0 0 0 0 0 0 0 0 0 0 0 0 0 0 0 0 0 0 0 0 0 0 0 0 0 0 0 0 0 
0 0.00409157 0.00453081 0.0044466 0.04996 0.0750307 0.0104375 0.0909076 0.0154897 0.193188 0.0150346 0.0232259 0.0111838 0.023369 0.0215568 0.0158564 0.0232192 0.0115728 0.0214483 0.0172926 0.0176369 0.0118315 0.0210183 0.0128864 0.0189032 0.00993933 0.0207924 0.00985614 0.0261738 0.00853849 0.0124474 0.00882186 0.0142706 0.00990679 0.0132424 0.0120598 0.0125285 0.00960651 0.00859898 0.0111534 0.00867137 0.00970223 0.00933252 0.00945128 0.00930414 0.0121906 0.00822263 0.00831079 0.00839986 0.00808517 0.00811817 0.00820845 
0.00409157 0 0.00386762 0.00430823 0.050688 0.0084976 0.117447 0.00863013 0.197717 0.00835707 0.0147344 0.0100973 0.0172344 0.0117338 0.0186212 0.0130789 0.0106411 0.0167383 0.0132544 0.0139606 0.0131736 0.0319688 0.0111382 0.0130632 0.0100054 0.020843 0.00900121 0.0288495 0.00876355 0.00940819 0.00898641 0.0109358 0.00858897 0.011709 0.0139379 0.00956685 0.0109038 0.00874516 0.0105417 0.00823024 0.00918678 0.00872703 0.00923681 0.00849778 0.00871359 0.00827279 0.00889392 0.00829352 0.00808201 0.00811568 0.00814769 0.00802687 
0.00453081 0.00386762 0 0.0184418 0.00396202 0.0558868 0.00784562 0.142352 0.00814817 0.0165079 0.0124684 0.013091 0.00881496 0.0154268 0.0104831 0.0106637 0.012869 0.0100374 0.0119596 0.010369 0.0190727 0.00927489 0.0115685 0.0127593 0.0154009 0.00885313 0.0208504 0.00849363 0.0140153 0.00897915 0.0102094 0.00841613 0.0123263 0.00996134 0.0111551 0.0106611 0.0091539 0.00966671 0.00824969 0.00852633 0.00946779 0.00900614 0.00894549 0.00892815 0.00831291 0.0128417 0.00824842 0.00817778 0.00866171 0.00804873 0.00810536 0.00799059 
0.0044466 0.00430823 0.0184418 0 0.0114548 0.00963375 0.0418497 0.0123358 0.00957996 0.0128781 0.0111715 0.0126682 0.0096265 0.0112628 0.0135008 0.0105737 0.0107372 0.00899485 0.0105871 0.0131135 0.0110267 0.00942092 0.0126397 0.0110964 0.010349 0.00947896 0.0102583 0.00936021 0.0112736 0.0083331 0.00866249 0.00847804 0.00865067 0.00914796 0.00917891 0.00904746 0.00982676 0.00853146 0.00817414 0.00841089 0.00843697 0.00853831 0.00831565 0.00828368 0.00825928 0.0094157 0.00838863 0.00800426 0.00809892 0.00798945 0.00796719 0.00802571 
0.04996 0.050688 0.00396202 0.0114548 0 0.0617108 0.0127962 0.00771368 0.0128657 0.00672552 0.0183078 0.00969539 0.0100451 0.0100992 0.016307 0.0135403 0.00942874 0.00993269 0.00930732 0.0142143 0.0146976 0.0116427 0.0123291 0.017895 0.0093076 0.00968306 0.00859529 0.0103491 0.00897063 0.0100068 0.00857405 0.00872606 0.00836215 0.00913141 0.00918009 0.00858069 0.0108202 0.00956668 0.00829032 0.00827278 0.0103483 0.0085279 0.00828911 0.00810544 0.00850825 0.00909423 0.00851375 0.00797815 0.00796672 0.00797617 0.00791532 0.00809918 
0.0750307 0.0084976 0.0558868 0.00963375 0.0617108 0 0.00377033 0.00422142 0.00382189 0.0077008 0.00955152 0.0152412 0.00808703 0.0593639 0.0673295 0.0114945 0.0166404 0.00914427 0.0218045 0.0171046 0.019734 0.0118445 0.0219969 0.0145901 0.0296194 0.0090555 0.0219612 0.00937053 0.0328838 0.00859407 0.0129997 0.00856256 0.013998 0.010089 0.0100632 0.0148488 0.0130183 0.00911566 0.00840383 0.01105 0.00889653 0.0102784 0.0083014 0.0105442 0.00966417 0.0146156 0.00801846 0.00813308 0.00882456 0.00796638 0.00831191 0.00833236 
0.0104375 0.117447 0.00784562 0.0418497 0.0127962 0.00377033 0 0.00373684 0.00417832 0.00372667 0.0123694 0.00750622 0.064034 0.0203256 0.0383311 0.012473 0.00857003 0.0303566 0.00965719 0.0176242 0.0126555 0.0134656 0.0119144 0.0163317 0.00930531 0.0832943 0.00892814 0.0559387 0.00887206 0.0104883 0.00857542 0.0250808 0.00894352 0.0253549 0.0206143 0.00961659 0.01608 0.00910506 0.00892299 0.00842643 0.00931632 0.00845891 0.0140908 0.00839895 0.010032 0.00815463 0.00942651 0.00841604 0.00810402 0.00875106 0.00820949 0.00849439 
0.0909076 0.00863013 0.142352 0.0123358 0.00771368 0.00422142 0.00373684 0 0.0037343 0.00408581 0.00790866 0.0578847 0.00936616 0.0464205 0.0083505 0.00804404 0.030795 0.00898913 0.0259132 0.00884149 0.0125901 0.0123881 0.010257 0.0102326 0.0546987 0.00932165 0.221478 0.00895975 0.018404 0.00845576 0.0316862 0.0089105 0.0527912 0.0158686 0.021878 0.0280931 0.00878575 0.00896965 0.00859123 0.0087089 0.0084156 0.0145413 0.00931277 0.0135474 0.0083058 0.0129949 0.00831222 0.00887517 0.0109604 0.00818539 0.00899102 0.00795943 
0.0154897 0.197717 0.00814817 0.00957996 0.0128657 0.00382189 0.00417832 0.0037343 0 0.00372741 0.062788 0.0101839 0.0308631 0.00752253 0.0128546 0.0155313 0.00859968 0.0203289 0.00912083 0.0204984 0.0136936 0.014189 0.0127176 0.0199437 0.00937879 0.0727413 0.00926119 0.0444078 0.00897202 0.0171459 0.00854402 0.0261874 0.0089778 0.0227777 0.0227296 0.0100301 0.0143327 0.00968332 0.0100194 0.00818818 0.0115409 0.00894678 0.0153443 0.00841767 0.00956388 0.00847946 0.0102559 0.00895151 0.00814394 0.00893587 0.00813011 0.00850621 
0.193188 0.00835707 0.0165079 0.0128781 0.00672552 0.0077008 0.00372667 0.00408581 0.00372741 0 0.0155635 0.0160261 0.00558696 0.0103034 0.00803032 0.0092111 0.0116633 0.00816374 0.0147631 0.0110631 0.026783 0.0114041 0.0132736 0.0171066 0.0243931 0.00875874 0.0210999 0.00862082 0.0219154 0.00943333 0.0144898 0.00861677 0.0136505 0.00981486 0.010555 0.0136628 0.00973498 0.011669 0.00837999 0.00882619 0.0105644 0.00975854 0.00850096 0.0102146 0.00817924 0.0243013 0.00817347 0.00807152 0.00943502 0.0079841 0.00835901 0.00796538 
0.0150346 0.0147344 0.0124684 0.0111715 0.0183078 0.00955152 0.0123694 0.00790866 0.062788 0.0155635 0 0.00380982 0.00402391 0.00399314 0.00716291 0.00735932 0.00613261 0.0127298 0.0164071 0.974704 0.0227473 0.0095671 0.0292342 0.0249538 0.00922422 0.0153287 0.00906911 0.0340659 0.0142493 0.0116135 0.0088053 0.0108979 0.00885676 0.013819 0.0112084 0.00914201 0.0348645 0.00948757 0.00882235 0.0103749 0.00957109 0.00828464 0.00889371 0.0083064 0.0154314 0.00907405 0.00853614 0.00826711 0.00799792 0.00830869 0.00802669 0.00981162 
0.0232259 0.0100973 0.013091 0.0126682 0.00969539 0.0152412 0.00750622 0.0578847 0.0101839 0.0160261 0.00380982 0 0.00376936 0.00466784 0.00374905 0.00500134 0.0121309 0.0094759 0.971552 0.00978944 0.0108481 0.0208739 0.0098465 0.0113791 0.0318597 0.00876043 0.0575447 0.00920491 0.0120607 0.00829421 0.0152446 0.00859137 0.0240295 0.011558 0.0107468 0.0232194 0.00892893 0.00874982 0.00881935 0.00860535 0.00838861 0.0104454 0.00840039 0.0167007 0.00827321 0.0106514 0.00809612 0.00815077 0.00889483 0.0079507 0.00899975 0.00800452 
0.0111838 0.0172344 0.00881496 0.0096265 0.0100451 0.00808703 0.064034 0.00936616 0.0308631 0.00558696 0.00402391 0.00376936 0 0.00371299 0.00382829 0.00766608 0.00672246 0.978818 0.0130586 0.0101979 0.0132886 0.0101851 0.0109139 0.0143887 0.00901586 0.110456 0.00945503 0.030271 0.00915084 0.0129158 0.00862537 0.0344907 0.00970229 0.0335344 0.0492504 0.00922714 0.0129504 0.00977887 0.00874842 0.00841184 0.00938071 0.0087256 0.0370042 0.00861431 0.00951461 0.0083274 0.0100054 0.00952189 0.00828143 0.011704 0.00840567 0.00860413 
0.023369 0.0117338 0.0154268 0.0112628 0.0100992 0.0593639 0.0203256 0.0464205 0.00752253 0.0103034 0.00399314 0.00466784 0.00371299 0 0.00375124 0.011578 0.958453 0.00959184 0.0162068 0.0070458 0.013541 0.0301239 0.0129505 0.0120955 0.0724507 0.00939645 0.0443238 0.0100696 0.015482 0.00859083 0.0242027 0.00913836 0.0196568 0.0160816 0.0130764 0.0496042 0.00905296 0.00963712 0.0103946 0.00862717 0.00889236 0.0244609 0.0088178 0.0200083 0.00843776 0.012534 0.00866218 0.00852536 0.0109681 0.00813614 0.00918909 0.00803337 
0.0215568 0.0186212 0.0104831 0.0135008 0.016307 0.0673295 0.0383311 0.0083505 0.0128546 0.00803032 0.00716291 0.00374905 0.00382829 0.00375124 0 0.963568 0.00590613 0.0101134 0.00614222 0.0248184 0.0223605 0.0122765 0.0279779 0.0622836 0.0100522 0.0162532 0.00925286 0.0170278 0.0121388 0.0273259 0.00900403 0.0113592 0.00934921 0.0119158 0.0145999 0.00933146 0.0288817 0.0166299 0.00920371 0.0094074 0.0232751 0.00990567 0.0116817 0.00870883 0.0110857 0.0115312 0.00927636 0.00857251 0.00824616 0.00836019 0.00812297 0.00914529 
0.0158564 0.0130789 0.0106637 0.0105737 0.0135403 0.0114945 0.012473 0.00804404 0.0155313 0.0092111 0.00735932 0.00500134 0.00766608 0.011578 0.963568 0 0.00448108 0.00377128 0.00375881 0.00489685 0.0158634 0.00967742 0.0419619 0.0197789 0.00926557 0.0122713 0.00877415 0.0159542 0.0123647 0.0105191 0.00870804 0.00983636 0.0087467 0.0181164 0.00981492 0.00938907 0.019932 0.00967948 0.00858765 0.00955114 0.0105511 0.00844294 0.00888162 0.00840856 0.0140279 0.00858271 0.00832857 0.0080793 0.00804595 0.00811592 0.00806151 0.00892521 
0.0232192 0.0106411 0.012869 0.0107372 0.00942874 0.0166404 0.00857003 0.030795 0.00859968 0.0116633 0.00613261 0.0121309 0.00672246 0.958453 0.00590613 0.00448108 0 0.00371025 0.00373517 0.00375207 0.0112971 0.025002 0.0114805 0.0143309 0.0642426 0.00919777 0.0444663 0.00956673 0.0128013 0.0085915 0.0255951 0.0088276 0.0353839 0.0129146 0.0142779 0.0231741 0.00930231 0.00952652 0.0103579 0.00875413 0.00886431 0.0173698 0.0089192 0.0202628 0.00864891 0.0108402 0.00835619 0.00837447 0.00935371 0.0080929 0.00876458 0.00801616 
0.0115728 0.0167383 0.0100374 0.00899485 0.00993269 0.00914427 0.0303566 0.00898913 0.0203289 0.00816374 0.0127298 0.0094759 0.978818 0.00959184 0.0101134 0.00377128 0.00371025 0 0.00372152 0.00383854 0.037064 0.014203 0.0295229 0.0170871 0.0102114 0.0855214 0.0100844 0.0258734 0.0108367 0.0124372 0.00896666 0.0453933 0.0107394 0.0370949 0.0414347 0.0102086 0.0149014 0.00966819 0.00915857 0.00881855 0.00969924 0.00978615 0.0635895 0.0091507 0.00935817 0.00866303 0.0108364 0.0104636 0.00876233 0.0127846 0.00844044 0.00846787 
0.0214483 0.0132544 0.0119596 0.0105871 0.00930732 0.0218045 0.00965719 0.0259132 0.00912083 0.0147631 0.0164071 0.971552 0.0130586 0.0162068 0.00614222 0.00375881 0.00373517 0.00372152 0 0.00385921 0.0169867 0.106146 0.0171629 0.0118192 0.0613882 0.00973246 0.0502218 0.0139879 0.0164779 0.00845038 0.0308117 0.00931258 0.0209783 0.0162838 0.0168587 0.0468491 0.00997627 0.0100394 0.0124569 0.00895955 0.00913509 0.0376453 0.00944176 0.0243321 0.00858426 0.0127024 0.00899564 0.00884798 0.0101805 0.00833806 0.00968787 0.00815395 
0.0172926 0.0139606 0.010369 0.0131135 0.0142143 0.0171046 0.0176242 0.00884149 0.0204984 0.0110631 0.974704 0.00978944 0.0101979 0.0070458 0.0248184 0.00489685 0.00375207 0.00383854 0.00385921 0 0.042275 0.0158396 0.074909 0.0411912 0.0102565 0.0157259 0.0119567 0.0295032 0.0128155 0.024343 0.00875151 0.0125743 0.00924136 0.0142341 0.0130679 0.00989864 0.0368059 0.017362 0.0093054 0.00954669 0.0252381 0.00951471 0.0113304 0.00887492 0.0124549 0.0125365 0.00938876 0.00879633 0.00838033 0.00869364 0.00831944 0.00946724 
0.0176369 0.0131736 0.0190727 0.0110267 0.0146976 0.019734 0.0126555 0.0125901 0.0136936 0.026783 0.0227473 0.0108481 0.0132886 0.013541 0.0223605 0.0158634 0.0112971 0.037064 0.0169867 0.042275 0 0.00395775 0.00405967 0.0142521 0.0104784 0.56366 0.0135918 0.0181355 0.018151 0.00957986 0.00827368 0.0103564 0.0102945 0.0111926 0.014768 0.0114962 0.038578 0.0133403 0.0107584 0.018176 0.01277 0.0109867 0.0119059 0.0111572 0.016928 0.0122133 0.0090123 0.00902712 0.00884028 0.0089766 0.00896814 0.0115815 
0.0118315 0.0319688 0.00927489 0.00942092 0.0116427 0.0118445 0.0134656 0.0123881 0.014189 0.0114041 0.0095671 0.0208739 0.0101851 0.0301239 0.0122765 0.00967742 0.025002 0.014203 0.106146 0.0158396 0.00395775 0 0.00390377 0.00854618 0.651434 0.00872184 0.0104044 0.00976034 0.00948146 0.00711492 0.0131443 0.00836149 0.00997689 0.013653 0.0118324 0.0400109 0.0114628 0.0101757 0.0265103 0.00882867 0.00967998 0.0189985 0.00994095 0.0218536 0.00911375 0.00959418 0.00982841 0.00877846 0.00877575 0.00840669 0.00992623 0.0082533 
0.0210183 0.0111382 0.0115685 0.0126397 0.0123291 0.0219969 0.0119144 0.010257 0.0127176 0.0132736 0.0292342 0.0098465 0.0109139 0.0129505 0.0279779 0.0419619 0.0114805 0.0295229 0.0171629 0.074909 0.00405967 0.00390377 0 0.752054 0.00918804 0.00609925 0.00650518 0.00932865 0.0102751 0.0134736 0.00740534 0.00977263 0.00995084 0.0111043 0.0153173 0.0118004 0.0396353 0.0207238 0.00976404 0.0106321 0.0221977 0.0114494 0.0119126 0.01013 0.0142672 0.016881 0.00932571 0.00883255 0.00877136 0.00869266 0.00847889 0.00949693 
0.0128864 0.0130632 0.0127593 0.0110964 0.017895 0.0145901 0.0163317 0.0102326 0.0199437 0.0171066 0.0249538 0.0113791 0.0143887 0.0120955 0.0622836 0.0197789 0.0143309 0.0170871 0.0118192 0.0411912 0.0142521 0.00854618 0.752054 0 0.00378588 0.00377624 0.00383618 0.00408245 0.00482698 0.00437323 0.00473648 0.00589498 0.00614329 0.0101743 0.0211299 0.0294186 0.061142 0.0171089 0.0112101 0.0152696 0.0166629 0.0107923 0.0126668 0.00988819 0.0263004 0.0119194 0.00949653 0.00882295 0.0087486 0.00905379 0.00870585 0.0153319 
0.0189032 0.0100054 0.0154009 0.010349 0.0093076 0.0296194 0.00930531 0.0546987 0.00937879 0.0243931 0.00922422 0.0318597 0.00901586 0.0724507 0.0100522 0.00926557 0.0642426 0.0102114 0.0613882 0.0102565 0.0104784 0.651434 0.00918804 0.00378588 0 0.00375903 0.00376928 0.0037915 0.00398698 0.00384328 0.00695675 0.00451354 0.0106527 0.00823261 0.0287192 0.0334226 0.00900873 0.0151587 0.0142757 0.0102408 0.00987111 0.0374744 0.0100355 0.0456739 0.00902349 0.0211972 0.00903244 0.00973106 0.0125194 0.00855494 0.0135055 0.00850383 
0.00993933 0.020843 0.00885313 0.00947896 0.00968306 0.0090555 0.0832943 0.00932165 0.0727413 0.00875874 0.0153287 0.00876043 0.110456 0.00939645 0.0162532 0.0122713 0.00919777 0.0855214 0.00973246 0.0157259 0.56366 0.00872184 0.00609925 0.00377624 0.00375903 0 0.00370971 0.00385264 0.00376485 0.00507584 0.0037773 0.0175273 0.00452637 0.0288877 0.0326379 0.00727667 0.0107203 0.0135358 0.0117893 0.0087771 0.0133755 0.0103206 0.106616 0.00921289 0.0113491 0.00889673 0.0197806 0.0134993 0.00944329 0.028642 0.00858716 0.00955971 
0.0207924 0.00900121 0.0208504 0.0102583 0.00859529 0.0219612 0.00892814 0.221478 0.00926119 0.0210999 0.00906911 0.0575447 0.00945503 0.0443238 0.00925286 0.00877415 0.0444663 0.0100844 0.0502218 0.0119567 0.0135918 0.0104044 0.00650518 0.00383618 0.00376928 0.00370971 0 0.00371351 0.00373807 0.00376288 0.0068034 0.00380611 0.0247934 0.0168752 0.00728573 0.0116128 0.00612561 0.0132994 0.0109784 0.0105058 0.00930606 0.0554206 0.0106628 0.0281368 0.00871388 0.0221659 0.00904642 0.0122571 0.034719 0.00877795 0.0111691 0.00837081 
0.00985614 0.0288495 0.00849363 0.00936021 0.0103491 0.00937053 0.0559387 0.00895975 0.0444078 0.00862082 0.0340659 0.00920491 0.030271 0.0100696 0.0170278 0.0159542 0.00956673 0.0258734 0.0139879 0.0295032 0.0181355 0.00976034 0.00932865 0.00408245 0.0037915 0.00385264 0.00371351 0 0.00370674 0.00381537 0.00389333 0.00408046 0.00455976 0.0054538 0.00648531 0.00570713 0.0100773 0.0123294 0.0237164 0.00866668 0.0212483 0.0102966 0.0326577 0.0102078 0.0129063 0.00924038 0.0165917 0.0129876 0.00873178 0.011312 0.00866192 0.00928153 
0.0261738 0.00876355 0.0140153 0.0112736 0.00897063 0.0328838 0.00887206 0.018404 0.00897202 0.0219154 0.0142493 0.0120607 0.00915084 0.015482 0.0121388 0.0123647 0.0128013 0.0108367 0.0164779 0.0128155 0.018151 0.00948146 0.0102751 0.00482698 0.00398698 0.00376485 0.00373807 0.00370674 0 0.00385244 0.00384979 0.00393886 0.00385876 0.00418919 0.00424541 0.00554279 0.00505834 0.0190653 0.00914293 0.0119364 0.0152119 0.0145779 0.00998658 0.0127769 0.00981814 0.033952 0.00934248 0.00910498 0.0102005 0.00847878 0.00868664 0.00873239 
0.00853849 0.00940819 0.00897915 0.0083331 0.0100068 0.00859407 0.0104883 0.00845576 0.0171459 0.00943333 0.0116135 0.00829421 0.0129158 0.00859083 0.0273259 0.0105191 0.0085915 0.0124372 0.00845038 0.024343 0.00957986 0.00711492 0.0134736 0.00437323 0.00384328 0.00507584 0.00376288 0.00381537 0.00385244 0 0.00488099 0.00387 0.00374462 0.00380254 0.00394782 0.00381914 0.00823083 0.0132675 0.00887185 0.00963337 0.0105445 0.00883593 0.0124166 0.00862661 0.0204454 0.00869018 0.00883997 0.00868961 0.00831872 0.00950387 0.00815711 0.013098 
0.0124474 0.00898641 0.0102094 0.00866249 0.00857405 0.0129997 0.00857542 0.0316862 0.00854402 0.0144898 0.0088053 0.0152446 0.00862537 0.0242027 0.00900403 0.00870804 0.0255951 0.00896666 0.0308117 0.00875151 0.00827368 0.0131443 0.00740534 0.00473648 0.00695675 0.0037773 0.0068034 0.00389333 0.00384979 0.00488099 0 0.00370871 0.00375168 0.00378191 0.00380306 0.00427166 0.00376827 0.0147983 0.0103299 0.0100248 0.00901625 0.019248 0.00907963 0.0217383 0.00856989 0.0144535 0.00866957 0.00862555 0.0107676 0.00826331 0.0213244 0.00819675 
0.00882186 0.0109358 0.00841613 0.00847804 0.00872606 0.00856256 0.0250808 0.0089105 0.0261874 0.00861677 0.0108979 0.00859137 0.0344907 0.00913836 0.0113592 0.00983636 0.0088276 0.0453933 0.00931258 0.0125743 0.0103564 0.00836149 0.00977263 0.00589498 0.00451354 0.0175273 0.00380611 0.00408046 0.00393886 0.00387 0.00370871 0 0.00369121 0.00371341 0.00367836 0.00375438 0.00407843 0.0141821 0.0121681 0.00868883 0.0108909 0.00931379 0.0357344 0.00891886 0.0103044 0.00868551 0.0109563 0.0103007 0.008629 0.0364691 0.00864462 0.00870426 
0.0142706 0.00858897 0.0123263 0.00865067 0.00836215 0.013998 0.00894352 0.0527912 0.0089778 0.0136505 0.00885676 0.0240295 0.00970229 0.0196568 0.00934921 0.0087467 0.0353839 0.0107394 0.0209783 0.00924136 0.0102945 0.00997689 0.00995084 0.00614329 0.0106527 0.00452637 0.0247934 0.00455976 0.00385876 0.00374462 0.00375168 0.00369121 0 0.00371165 0.00375516 0.00376114 0.00377961 0.0201744 0.0108782 0.0096766 0.00990771 0.0240632 0.0111569 0.0192032 0.00877637 0.0140515 0.00920755 0.0103176 0.0593425 0.00894273 0.0105018 0.00833753 
0.00990679 0.011709 0.00996134 0.00914796 0.00913141 0.010089 0.0253549 0.0158686 0.0227777 0.00981486 0.013819 0.011558 0.0335344 0.0160816 0.0119158 0.0181164 0.0129146 0.0370949 0.0162838 0.0142341 0.0111926 0.013653 0.0111043 0.0101743 0.00823261 0.0288877 0.0168752 0.0054538 0.00418919 0.00380254 0.00378191 0.00371341 0.00371165 0 0.00374789 0.00372941 0.00381894 0.0342468 0.0155223 0.0104697 0.0151026 0.0159972 0.0412189 0.0133805 0.0110749 0.0103769 0.0133197 0.0467936 0.0121178 0.0146232 0.00913207 0.00915704 
0.0132424 0.0139379 0.0111551 0.00917891 0.00918009 0.0100632 0.0206143 0.021878 0.0227296 0.010555 0.0112084 0.0107468 0.0492504 0.0130764 0.0145999 0.00981492 0.0142779 0.0414347 0.0168587 0.0130679 0.014768 0.0118324 0.0153173 0.0211299 0.0287192 0.0326379 0.00728573 0.00648531 0.00424541 0.00394782 0.00380306 0.00367836 0.00375516 0.00374789 0 0.00372133 0.00373217 0.0269502 0.0267387 0.0131311 0.0121638 0.0171553 0.101043 0.0148295 0.0121792 0.0102178 0.0433498 0.0159356 0.013303 0.0159598 0.0102214 0.00972059 
0.0120598 0.00956685 0.0106611 0.00904746 0.00858069 0.0148488 0.00961659 0.0280931 0.0100301 0.0136628 0.00914201 0.0232194 0.00922714 0.0496042 0.00933146 0.00938907 0.0231741 0.0102086 0.0468491 0.00989864 0.0114962 0.0400109 0.0118004 0.0294186 0.0334226 0.00727667 0.0116128 0.00570713 0.00554279 0.00381914 0.00427166 0.00375438 0.00376114 0.00372941 0.00372133 0 0.00371915 0.015616 0.0776279 0.0146144 0.0111646 0.0507054 0.0110272 0.0686916 0.0102343 0.0448221 0.0100565 0.00984183 0.012462 0.00890747 0.0132856 0.00860004 
0.0125285 0.0109038 0.0091539 0.00982676 0.0108202 0.0130183 0.01608 0.00878575 0.0143327 0.00973498 0.0348645 0.00892893 0.0129504 0.00905296 0.0288817 0.019932 0.00930231 0.0149014 0.00997627 0.0368059 0.038578 0.0114628 0.0396353 0.061142 0.00900873 0.0107203 0.00612561 0.0100773 0.00505834 0.00823083 0.00376827 0.00407843 0.00377961 0.00381894 0.00373217 0.00371915 0 0.021239 0.0198572 0.0538765 0.0336007 0.0113329 0.0174953 0.0157536 0.0786943 0.0155403 0.0112542 0.0100321 0.00886382 0.00961791 0.00844385 0.0126726 
0.00960651 0.00874516 0.00966671 0.00853146 0.00956668 0.00911566 0.00910506 0.00896965 0.00968332 0.011669 0.00948757 0.00874982 0.00977887 0.00963712 0.0166299 0.00967948 0.00952652 0.00966819 0.0100394 0.017362 0.0133403 0.0101757 0.0207238 0.0171089 0.0151587 0.0135358 0.0132994 0.0123294 0.0190653 0.0132675 0.0147983 0.0141821 0.0201744 0.0342468 0.0269502 0.015616 0.021239 0 0.00376263 0.00394097 0.00484301 0.0092369 0.828104 0.0126539 0.0131558 0.013029 0.00987564 0.00934251 0.009321 0.00931011 0.00887462 0.0194265 
0.00859898 0.0105417 0.00824969 0.00817414 0.00829032 0.00840383 0.00892299 0.00859123 0.0100194 0.00837999 0.00882235 0.00881935 0.00874842 0.0103946 0.00920371 0.00858765 0.0103579 0.00915857 0.0124569 0.0093054 0.0107584 0.0265103 0.00976404 0.0112101 0.0142757 0.0117893 0.0109784 0.0237164 0.00914293 0.00887185 0.0103299 0.0121681 0.0108782 0.0155223 0.0267387 0.0776279 0.0198572 0.00376263 0 0.00372382 0.00441293 0.951706 0.00912385 0.00988233 0.00458049 0.0102761 0.0121656 0.00851128 0.00879712 0.00857978 0.0112594 0.00847578 
0.0111534 0.00823024 0.00852633 0.00841089 0.00827278 0.01105 0.00842643 0.0087089 0.00818818 0.00882619 0.0103749 0.00860535 0.00841184 0.00862717 0.0094074 0.00955114 0.00875413 0.00881855 0.00895955 0.00954669 0.018176 0.00882867 0.0106321 0.0152696 0.0102408 0.0087771 0.0105058 0.00866668 0.0119364 0.00963337 0.0100248 0.00868883 0.0096766 0.0104697 0.0131311 0.0146144 0.0538765 0.00394097 0.00372382 0 0.990605 0.00690757 0.00447126 0.0038273 0.00411558 0.0181813 0.00887044 0.00820815 0.00879142 0.00812592 0.00819029 0.00857685 
0.00867137 0.00918678 0.00946779 0.00843697 0.0103483 0.00889653 0.00931632 0.0084156 0.0115409 0.0105644 0.00957109 0.00838861 0.00938071 0.00889236 0.0232751 0.0105511 0.00886431 0.00969924 0.00913509 0.0252381 0.01277 0.00967998 0.0221977 0.0166629 0.00987111 0.0133755 0.00930606 0.0212483 0.0152119 0.0105445 0.00901625 0.0108909 0.00990771 0.0151026 0.0121638 0.0111646 0.0336007 0.00484301 0.00441293 0.990605 0 0.00380604 0.00374905 0.00375824 0.00472945 0.0216207 0.0106135 0.00942277 0.0087141 0.0119402 0.00861622 0.0294747 
0.00970223 0.00872703 0.00900614 0.00853831 0.0085279 0.0102784 0.00845891 0.0145413 0.00894678 0.00975854 0.00828464 0.0104454 0.0087256 0.0244609 0.00990567 0.00844294 0.0173698 0.00978615 0.0376453 0.00951471 0.0109867 0.0189985 0.0114494 0.0107923 0.0374744 0.0103206 0.0554206 0.0102966 0.0145779 0.00883593 0.019248 0.00931379 0.0240632 0.0159972 0.0171553 0.0507054 0.0113329 0.0092369 0.951706 0.00690757 0.00380604 0 0.00370713 0.00372063 0.00377134 0.0314926 0.0140181 0.0123691 0.0159093 0.00886162 0.0356982 0.00919573 
0.00933252 0.00923681 0.00894549 0.00831565 0.00828911 0.0083014 0.0140908 0.00931277 0.0153443 0.00850096 0.00889371 0.00840039 0.0370042 0.0088178 0.0116817 0.00888162 0.0089192 0.0635895 0.00944176 0.0113304 0.0119059 0.00994095 0.0119126 0.0126668 0.0100355 0.106616 0.0106628 0.0326577 0.00998658 0.0124166 0.00907963 0.0357344 0.0111569 0.0412189 0.101043 0.0110272 0.0174953 0.828104 0.00912385 0.00447126 0.00374905 0.00370713 0 0.00369312 0.0037363 0.00919703 0.0312092 0.0250158 0.0102473 0.0683335 0.00857004 0.0106509 
0.00945128 0.00849778 0.00892815 0.00828368 0.00810544 0.0105442 0.00839895 0.0135474 0.00841767 0.0102146 0.0083064 0.0167007 0.00861431 0.0200083 0.00870883 0.00840856 0.0202628 0.0091507 0.0243321 0.00887492 0.0111572 0.0218536 0.01013 0.00988819 0.0456739 0.00921289 0.0281368 0.0102078 0.0127769 0.00862661 0.0217383 0.00891886 0.0192032 0.0133805 0.0148295 0.0686916 0.0157536 0.0126539 0.00988233 0.0038273 0.00375824 0.00372063 0.00369312 0 0.00372497 0.0366617 0.0120916 0.0120483 0.0347925 0.00895408 0.0280528 0.00856073 
0.00930414 0.00871359 0.00831291 0.00825928 0.00850825 0.00966417 0.010032 0.0083058 0.00956388 0.00817924 0.0154314 0.00827321 0.00951461 0.00843776 0.0110857 0.0140279 0.00864891 0.00935817 0.00858426 0.0124549 0.016928 0.00911375 0.0142672 0.0263004 0.00902349 0.0113491 0.00871388 0.0129063 0.00981814 0.0204454 0.00856989 0.0103044 0.00877637 0.0110749 0.0121792 0.0102343 0.0786943 0.0131558 0.00458049 0.00411558 0.00472945 0.00377134 0.0037363 0.00372497 0 0.0154575 0.0122007 0.0179255 0.00843011 0.0101236 0.00802982 0.0223959 
0.0121906 0.00827279 0.0128417 0.0094157 0.00909423 0.0146156 0.00815463 0.0129949 0.00847946 0.0243013 0.00907405 0.0106514 0.0083274 0.012534 0.0115312 0.00858271 0.0108402 0.00866303 0.0127024 0.0125365 0.0122133 0.00959418 0.016881 0.0119194 0.0211972 0.00889673 0.0221659 0.00924038 0.033952 0.00869018 0.0144535 0.00868551 0.0140515 0.0103769 0.0102178 0.0448221 0.0155403 0.013029 0.0102761 0.0181813 0.0216207 0.0314926 0.00919703 0.0366617 0.0154575 0 0.00410605 0.00378938 0.00454556 0.0038314 0.00488463 0.00508476 
0.00822263 0.00889392 0.00824842 0.00838863 0.00851375 0.00801846 0.00942651 0.00831222 0.0102559 0.00817347 0.00853614 0.00809612 0.0100054 0.00866218 0.00927636 0.00832857 0.00835619 0.0108364 0.00899564 0.00938876 0.0090123 0.00982841 0.00932571 0.00949653 0.00903244 0.0197806 0.00904642 0.0165917 0.00934248 0.00883997 0.00866957 0.0109563 0.00920755 0.0133197 0.0433498 0.0100565 0.0112542 0.00987564 0.0121656 0.00887044 0.0106135 0.0140181 0.0312092 0.0120916 0.0122007 0.00410605 0 0.00377165 0.00379207 0.00377267 0.003808 0.00415054 
0.00831079 0.00829352 0.00817778 0.00800426 0.00797815 0.00813308 0.00841604 0.00887517 0.00895151 0.00807152 0.00826711 0.00815077 0.00952189 0.00852536 0.00857251 0.0080793 0.00837447 0.0104636 0.00884798 0.00879633 0.00902712 0.00877846 0.00883255 0.00882295 0.00973106 0.0134993 0.0122571 0.0129876 0.00910498 0.00868961 0.00862555 0.0103007 0.0103176 0.0467936 0.0159356 0.00984183 0.0100321 0.00934251 0.00851128 0.00820815 0.00942277 0.0123691 0.0250158 0.0120483 0.0179255 0.00378938 0.00377165 0 0.00373226 0.00373304 0.00372319 0.00382829 
0.00839986 0.00808201 0.00866171 0.00809892 0.00796672 0.00882456 0.00810402 0.0109604 0.00814394 0.00943502 0.00799792 0.00889483 0.00828143 0.0109681 0.00824616 0.00804595 0.00935371 0.00876233 0.0101805 0.00838033 0.00884028 0.00877575 0.00877136 0.0087486 0.0125194 0.00944329 0.034719 0.00873178 0.0102005 0.00831872 0.0107676 0.008629 0.0593425 0.0121178 0.013303 0.012462 0.00886382 0.009321 0.00879712 0.00879142 0.0087141 0.0159093 0.0102473 0.0347925 0.00843011 0.00454556 0.00379207 0.00373226 0 0.00377777 0.00375875 0.0037117 
0.00808517 0.00811568 0.00804873 0.00798945 0.00797617 0.00796638 0.00875106 0.00818539 0.00893587 0.0079841 0.00830869 0.0079507 0.011704 0.00813614 0.00836019 0.00811592 0.0080929 0.0127846 0.00833806 0.00869364 0.0089766 0.00840669 0.00869266 0.00905379 0.00855494 0.028642 0.00877795 0.011312 0.00847878 0.00950387 0.00826331 0.0364691 0.00894273 0.0146232 0.0159598 0.00890747 0.00961791 0.00931011 0.00857978 0.00812592 0.0119402 0.00886162 0.0683335 0.00895408 0.0101236 0.0038314 0.00377267 0.00373304 0.00377777 0 0.00370279 0.00366858 
0.00811817 0.00814769 0.00810536 0.00796719 0.00791532 0.00831191 0.00820949 0.00899102 0.00813011 0.00835901 0.00802669 0.00899975 0.00840567 0.00918909 0.00812297 0.00806151 0.00876458 0.00844044 0.00968787 0.00831944 0.00896814 0.00992623 0.00847889 0.00870585 0.0135055 0.00858716 0.0111691 0.00866192 0.00868664 0.00815711 0.0213244 0.00864462 0.0105018 0.00913207 0.0102214 0.0132856 0.00844385 0.00887462 0.0112594 0.00819029 0.00861622 0.0356982 0.00857004 0.0280528 0.00802982 0.00488463 0.003808 0.00372319 0.00375875 0.00370279 0 0.00370912 
0.00820845 0.00802687 0.00799059 0.00802571 0.00809918 0.00833236 0.00849439 0.00795943 0.00850621 0.00796538 0.00981162 0.00800452 0.00860413 0.00803337 0.00914529 0.00892521 0.00801616 0.00846787 0.00815395 0.00946724 0.0115815 0.0082533 0.00949693 0.0153319 0.00850383 0.00955971 0.00837081 0.00928153 0.00873239 0.013098 0.00819675 0.00870426 0.00833753 0.00915704 0.00972059 0.00860004 0.0126726 0.0194265 0.00847578 0.00857685 0.0294747 0.00919573 0.0106509 0.00856073 0.0223959 0.00508476 0.00415054 0.00382829 0.0037117 0.00366858 0.00370912 0 
