1GPWD
MRIGIISVGPGNIMNLYRGVKRASENFEDVSIELVESPRNDLYDLLFIPGVGHFGEGMRRLRENDLIDFVRKHVEDERYVVGVCLGMQLLFEESEEAPGVKGLSLIEGNVVKLRSRRLPHMGWNEVIFKDTFPNGYYYFVHTYRAVCEEEHVLGTTEYDGEIFPSAVRKGRILGFQFHPEKSSKIGRKLLEKVIECSLSRR
CEEEEECCCCCCCHHHHHHHHHHHCCECCCEEEEECCCCCCCCCEEEECCCCCCHHHHHHHHHCCCHHHHHHHHHCCCEEEEECHHHHCCCCEECCCCCCECCCCCCCEEEECCCCCCCEEEEEEEEECCCCCCEEEEEEECEEEECCHHHEEEEEEECCEEEEEEEEECCEEEECCCHHHCHHHHHHHHHHHHHHCCCCC
0 0 0 0 0 0 0 0 0 0 0 0 0 0 0 0 0 0 0 0 0 0 0 0 0 0 0 0 0 0 0 0 0 0 0 0 0 0 0 0 0 0 0 0 0 0 0 0 0 0 0 0 0 0 0 0 0 0 0 0 0 0 0 0 0 0 0 0 0 0 0 0 0 0 0 0 0 0 0 0 0 0 0 0 0 0 0 0 0 0 0 0 0 0 0 0 0 0 0 0 0 0 0 0 0 0 0 0 0 0 0 0 0 0 0 0 0 0 0 0 0 0 0 0 0 0 0 0 0 0 0 0 0 0 0 0 0 0 0 0 0 0 0 0 0 0 0 0 0 0 0 0 0 0 0 0 0 0 0 0 0 0 0 0 0 0 0 0 0 0 0 0 0 0 0 0 0 0 0 0 0 0 0 0 0 0 0 0 0 0 0 0 0 0 0 0 0 0 0 0 0 
0 0 0 0 0 0 0 0 0 0 0 0 0 0 0 0 0 0 0 0 0 0 0 0 0 0 0 0 0 0 0 0 0 0 0 0 0 0 0 0 0 0 0 0 0 0 0 0 0 0 0 0 0 0 0 0 0 0 0 0 0 0 0 0 0 0 0 0 0 0 0 0 0 0 0 0 0 0 0 0 0 0 0 0 0 0 0 0 0 0 0 0 0 0 0 0 0 0 0 0 0 0 0 0 0 0 0 0 0 0 0 0 0 0 0 0 0 0 0 0 0 0 0 0 0 0 0 0 0 0 0 0 0 0 0 0 0 0 0 0 0 0 0 0 0 0 0 0 0 0 0 0 0 0 0 0 0 0 0 0 0 0 0 0 0 0 0 0 0 0 0 0 0 0 0 0 0 0 0 0 0 0 0 0 0 0 0 0 0 0 0 0 0 0 0 0 0 0 0 0 0 
0 0.00394892 0.00375268 0.0038658 0.00489933 0.0332276 0.33687 0.0113636 0.0283519 0.015401 0.022898 0.0677939 0.0254481 0.0231079 0.0198535 0.0222367 0.0131625 0.0138423 0.0142457 0.0143659 0.00850601 0.008179 0.0100249 0.0106797 0.00824776 0.00884744 0.0102292 0.00959858 0.00935598 0.00906891 0.00867659 0.00914714 0.00882247 0.00848281 0.00945795 0.00915724 0.00849196 0.00853807 0.00876587 0.00954008 0.0100322 0.00884202 0.00867024 0.00845939 0.00900913 0.00904793 0.00948373 0.00815083 0.00844048 0.00851013 0.0083322 0.0082644 0.00845623 0.00820662 0.00829432 0.00818119 0.00828304 0.00826293 0.00885805 0.00854324 0.00844981 0.00874544 0.00836262 0.00834751 0.00829919 0.00881528 0.00864093 
0.00394892 0 0.00375883 0.00377025 0.00392312 0.0339009 0.0194783 0.497731 0.0114177 0.0260437 0.0139857 0.195674 0.132205 0.0360303 0.0146378 0.0188476 0.0392151 0.0309235 0.0232074 0.0140311 0.00818365 0.00878294 0.00808326 0.00815385 0.0107092 0.00890294 0.00846059 0.00906481 0.0105894 0.0103741 0.00940333 0.00970096 0.00861462 0.0133975 0.00873496 0.00926524 0.00872975 0.00879945 0.010485 0.0111005 0.0107402 0.009816 0.00872931 0.00908046 0.00875182 0.0101886 0.00828285 0.00872393 0.00865663 0.0100856 0.00849773 0.0089237 0.00826269 0.00825906 0.00847501 0.00838318 0.00898562 0.00878662 0.00938406 0.00915568 0.00866921 0.008349 0.00804912 0.00838807 0.00890935 0.00907333 0.00843864 
0.00375268 0.00375883 0 0.00374083 0.00375483 0.0127701 0.0328017 0.0206176 0.504033 0.0176876 0.0119895 0.0274267 0.276797 0.0544422 0.0166125 0.0129146 0.0488484 0.0948469 0.0324756 0.0131821 0.00824126 0.00823397 0.0081723 0.00908867 0.00957419 0.0102598 0.00885316 0.00988563 0.0121076 0.0163663 0.0123874 0.0107269 0.0139176 0.0107051 0.0115301 0.00862264 0.00874762 0.00976758 0.013396 0.0160389 0.0158266 0.0110655 0.0121697 0.00994662 0.0105694 0.00980271 0.0086153 0.00849942 0.0100182 0.0102146 0.0105393 0.0087113 0.0086391 0.00812663 0.00837225 0.00909624 0.00991566 0.00958015 0.0107369 0.0110657 0.00914674 0.00857977 0.00813998 0.0085127 0.00963569 0.010028 0.0087606 
0.0038658 0.00377025 0.00374083 0 0.00379752 0.0167612 0.0156064 0.0413122 0.0221269 0.494898 0.0123986 0.0254461 0.05392 0.389578 0.0276231 0.0124139 0.0374954 0.0470091 0.101723 0.018345 0.00877696 0.0086561 0.00845383 0.0090049 0.00946264 0.0103746 0.00892381 0.00937793 0.0134071 0.0128155 0.0114089 0.0104882 0.0101434 0.0113579 0.0106631 0.00886887 0.00879633 0.00953988 0.0113994 0.0131387 0.0125958 0.0133685 0.0092974 0.0105601 0.00921381 0.0102923 0.00836279 0.00908053 0.00914911 0.0101036 0.0087201 0.00872567 0.00842785 0.00809634 0.0083945 0.0087297 0.00919113 0.0091488 0.00992966 0.00972073 0.00888235 0.00842336 0.00806503 0.00871103 0.00911818 0.00989214 0.00859916 
0.00489933 0.00392312 0.00375483 0.00379752 0 0.0470091 0.0247247 0.0175431 0.0228468 0.0299788 0.414269 0.0261474 0.0237287 0.0329124 0.144213 0.0188967 0.0146792 0.0162566 0.02393 0.0427947 0.00937479 0.00934729 0.0102647 0.0106415 0.00878775 0.00880787 0.00980639 0.0123042 0.00935759 0.00930636 0.00894681 0.00893747 0.00871887 0.00889942 0.0094552 0.0096025 0.0105727 0.00865007 0.00916775 0.0095051 0.0098768 0.00953681 0.0107154 0.0127722 0.00867709 0.00858175 0.00904939 0.00949394 0.00861812 0.00878684 0.00824223 0.00821515 0.00815076 0.00841947 0.00895574 0.00824099 0.00833709 0.00852053 0.00898228 0.00866946 0.00845639 0.00811724 0.00816772 0.00945204 0.00837232 0.00857109 0.00892272 
0.0332276 0.0339009 0.0127701 0.0167612 0.0470091 0 0.0561844 0.0138387 0.00430808 0.00540369 0.019092 0.0128859 0.011686 0.0106241 0.0166712 0.0152384 0.00942403 0.00889964 0.00926535 0.0169677 0.010119 0.0131141 0.0167301 0.0097765 0.00946927 0.00817008 0.0110573 0.0098415 0.0081407 0.00801147 0.00799964 0.00803158 0.00793078 0.00864917 0.00809293 0.0147857 0.00956663 0.00811125 0.00806746 0.00802832 0.00794461 0.00811211 0.0083674 0.00916798 0.00804009 0.00816197 0.00882787 0.00952432 0.00807762 0.00826674 0.00788549 0.00819318 0.00791426 0.0100602 0.0097706 0.00804926 0.00793768 0.00792655 0.00794627 0.00792456 0.00809228 0.00802825 0.00876415 0.00923369 0.00801814 0.00798099 0.00917018 
0.33687 0.0194783 0.0328017 0.0156064 0.0247247 0.0561844 0 0.00411569 0.00378881 0.00409728 0.00518809 0.0129816 0.00848815 0.0179111 0.0175433 0.0314491 0.0106288 0.00981003 0.011274 0.0142154 0.010747 0.00921612 0.0122568 0.0140415 0.00814656 0.0092274 0.0126883 0.00904247 0.00818397 0.00833364 0.00819859 0.0081089 0.00909725 0.00811801 0.0113119 0.00962909 0.0084591 0.00833211 0.00827623 0.00874834 0.00844908 0.00841898 0.00856192 0.00833475 0.00860672 0.00838946 0.0105666 0.00810097 0.00826488 0.00814881 0.0084349 0.00792027 0.00888216 0.00840269 0.00818732 0.00840334 0.00807323 0.00827018 0.0083371 0.0083445 0.0080818 0.00845985 0.00819622 0.00837083 0.00819042 0.00830422 0.00827043 
0.0113636 0.497731 0.0206176 0.0413122 0.0175431 0.0138387 0.00411569 0 0.00371687 0.00404094 0.005718 0.00774841 0.0265385 0.0231071 0.0266606 0.0120311 0.0225182 0.0152147 0.0123798 0.0124274 0.00868149 0.0107907 0.00845689 0.00810483 0.0115451 0.00859531 0.00897884 0.00844782 0.00909511 0.00876645 0.00856609 0.00887272 0.00819435 0.0139494 0.00835993 0.0113869 0.00850318 0.0082588 0.00920984 0.0089998 0.00942787 0.00914641 0.00833958 0.00848481 0.00828889 0.00954808 0.00830506 0.0085112 0.00819737 0.00905585 0.00809537 0.00898836 0.00809369 0.00860471 0.00883567 0.00812753 0.00870804 0.00826872 0.00877577 0.00840174 0.00852869 0.00828321 0.00811642 0.00820752 0.00838981 0.0085568 0.00848815 
0.0283519 0.0114177 0.504033 0.0221269 0.0228468 0.00430808 0.00378881 0.00371687 0 0.00370834 0.00370816 0.00912594 0.0187161 0.0364601 0.00933982 0.0104827 0.0129365 0.0323496 0.0129257 0.00959477 0.00829904 0.00823803 0.00828595 0.0088627 0.00840729 0.0088668 0.00867068 0.00844815 0.00906685 0.0108449 0.00925905 0.00852326 0.0112589 0.00883601 0.00967026 0.00830794 0.00820801 0.00840807 0.00972981 0.0117224 0.010998 0.00928806 0.00886409 0.00838234 0.00870167 0.0085054 0.00834482 0.0081128 0.00858175 0.00864001 0.00872963 0.00808921 0.00817865 0.00800081 0.00801868 0.00824266 0.00861586 0.00860926 0.00922711 0.00898975 0.00837731 0.00814478 0.00796546 0.00814541 0.0084303 0.00861393 0.0081518 
0.015401 0.0260437 0.0176876 0.494898 0.0299788 0.00540369 0.00409728 0.00404094 0.00370834 0 0.00373336 0.0149869 0.0256046 0.0250704 0.00958187 0.0108657 0.017957 0.015843 0.031645 0.00983209 0.00851144 0.00846452 0.00844657 0.00906915 0.00872681 0.00879677 0.00839895 0.00868164 0.0091322 0.00909057 0.00873274 0.00858102 0.00853628 0.00870827 0.0090633 0.00834684 0.0082675 0.00862469 0.00880145 0.009513 0.00903971 0.00952138 0.00830151 0.00839742 0.00855043 0.00857735 0.00810891 0.00843998 0.0084469 0.00856518 0.00826304 0.00809142 0.00812579 0.00793976 0.00826842 0.00836394 0.00826914 0.00827182 0.00853171 0.00841499 0.00835724 0.00808778 0.00797664 0.00823821 0.00839409 0.00838461 0.0082106 
0.022898 0.0139857 0.0119895 0.0123986 0.414269 0.019092 0.00518809 0.005718 0.00370816 0.00373336 0 0.0240639 0.0213036 0.0115362 0.0130911 0.0193044 0.0104259 0.00999939 0.0103887 0.0201892 0.0102403 0.0114788 0.0111143 0.0108845 0.00983237 0.00830312 0.00931622 0.0113255 0.0084836 0.0083994 0.00832998 0.00841454 0.00813919 0.00883163 0.00822992 0.0108222 0.00991251 0.00838623 0.00849778 0.00835433 0.00837983 0.00829556 0.00876655 0.00954232 0.00822845 0.00829206 0.00854037 0.00958938 0.00825862 0.00840876 0.0080174 0.00818538 0.00798732 0.00841133 0.00966107 0.00810624 0.00810758 0.00799437 0.00825595 0.00813575 0.00822303 0.00803262 0.008091 0.0093219 0.00815853 0.00822472 0.00843983 
0.0677939 0.195674 0.0274267 0.0254461 0.0261474 0.0128859 0.0129816 0.00774841 0.00912594 0.0149869 0.0240639 0 0.00386985 0.00382607 0.00418847 0.719942 0.0393199 0.0365758 0.0157842 0.0345759 0.010073 0.0124407 0.0130151 0.0124571 0.0106805 0.00994341 0.0153961 0.0140974 0.0130156 0.010163 0.00999654 0.00975333 0.00982257 0.0103895 0.0109587 0.0158919 0.0110749 0.0093398 0.0107246 0.011661 0.0106503 0.0104119 0.0109769 0.0099749 0.00992886 0.00996088 0.0118345 0.0100467 0.00907031 0.00966715 0.00891136 0.00851591 0.00840136 0.00930932 0.00869229 0.00849336 0.00874098 0.00881888 0.0100763 0.00943712 0.00884612 0.00860059 0.00900436 0.00990846 0.00913623 0.00936935 0.0098825 
0.0254481 0.132205 0.276797 0.05392 0.0237287 0.011686 0.00848815 0.0265385 0.0187161 0.0256046 0.0213036 0.00386985 0 0.00380887 0.003758 0.0764477 0.76957 0.0807446 0.101484 0.0172598 0.00986957 0.00960511 0.00973897 0.00929758 0.0168498 0.0129873 0.0109095 0.0119795 0.0267459 0.0204154 0.0142706 0.0136065 0.0122343 0.0181903 0.0117839 0.0101219 0.00986139 0.0124321 0.0181215 0.0237767 0.0247366 0.0164252 0.0102396 0.0105001 0.013258 0.0159847 0.00919933 0.0101018 0.0100211 0.0121428 0.00973453 0.00948551 0.00881273 0.00851699 0.00856494 0.00928342 0.0103156 0.010957 0.0127723 0.0124496 0.0102951 0.00917813 0.00832913 0.00911422 0.0119154 0.0121417 0.00921573 
0.0231079 0.0360303 0.0544422 0.389578 0.0329124 0.0106241 0.0179111 0.0231071 0.0364601 0.0250704 0.0115362 0.00382607 0.00380887 0 0.00377204 0.0422947 0.0571076 0.619434 0.179939 0.0518188 0.01124 0.00979005 0.0101806 0.011653 0.0109822 0.0170873 0.0103599 0.0131674 0.0208239 0.0183682 0.0160346 0.0123116 0.0138278 0.0127165 0.0167646 0.00938764 0.00985348 0.0123398 0.0173094 0.024261 0.0273693 0.0252129 0.0118503 0.0134975 0.0141954 0.0134267 0.00925081 0.0101444 0.0119144 0.0124151 0.009931 0.00902599 0.00926111 0.00830761 0.00895158 0.00976996 0.00986885 0.0107369 0.0123255 0.01232 0.0101523 0.00875431 0.00812641 0.00969695 0.0111141 0.0130091 0.00926501 
0.0198535 0.0146378 0.0166125 0.0276231 0.144213 0.0166712 0.0175433 0.0266606 0.00933982 0.00958187 0.0130911 0.00418847 0.003758 0.00377204 0 0.0150199 0.0316686 0.0325182 0.466272 0.113663 0.0118467 0.0106728 0.0122882 0.0111153 0.00992472 0.00884868 0.0118022 0.0139656 0.0100436 0.0105821 0.00918508 0.00961633 0.00857537 0.00987656 0.00923509 0.010276 0.011357 0.00895192 0.0102992 0.0107371 0.0110859 0.011625 0.0116564 0.0124393 0.0095837 0.0100709 0.00898821 0.0105145 0.00890335 0.0096781 0.00824153 0.0083852 0.00830556 0.00837434 0.00958256 0.00826975 0.00855577 0.0086057 0.00906254 0.00889133 0.00869413 0.00820694 0.00815541 0.010381 0.00883694 0.00900027 0.00923973 
0.0222367 0.0188476 0.0129146 0.0124139 0.0188967 0.0152384 0.0314491 0.0120311 0.0104827 0.0108657 0.0193044 0.719942 0.0764477 0.0422947 0.0150199 0 0.00382625 0.00394048 0.00378672 0.00441208 0.0166744 0.020922 0.0267986 0.028042 0.0103366 0.0109833 0.024376 0.0244988 0.0109106 0.00985062 0.0101326 0.0115537 0.0108307 0.0105631 0.0122894 0.0187052 0.0156158 0.0102661 0.011009 0.0113611 0.0106748 0.0105937 0.0135864 0.0103312 0.0101796 0.0103126 0.0162948 0.0125859 0.00954105 0.00928389 0.00883762 0.00851434 0.00923539 0.0117076 0.00945207 0.00862273 0.00875202 0.00890987 0.0100551 0.00916883 0.00867045 0.00921676 0.0106234 0.00998235 0.0089165 0.00922533 0.0111467 
0.0131625 0.0392151 0.0488484 0.0374954 0.0146792 0.00942403 0.0106288 0.0225182 0.0129365 0.017957 0.0104259 0.0393199 0.76957 0.0571076 0.0316686 0.00382625 0 0.00374981 0.00374273 0.00376663 0.0134829 0.0100615 0.0110826 0.0118986 0.0192793 0.0188557 0.0109022 0.013077 0.0319451 0.0206391 0.0204488 0.0132199 0.0143783 0.0171494 0.0165961 0.010757 0.0116529 0.0187316 0.0234586 0.039558 0.0263887 0.0265945 0.0119909 0.0116297 0.0184113 0.0189913 0.0115901 0.0127499 0.0126936 0.0165056 0.0120437 0.0103365 0.0101881 0.00862127 0.00910356 0.0104284 0.0113987 0.0143948 0.0182219 0.0154186 0.0114707 0.00983425 0.00847415 0.0103176 0.0146249 0.0151936 0.00966339 
0.0138423 0.0309235 0.0948469 0.0470091 0.0162566 0.00889964 0.00981003 0.0152147 0.0323496 0.015843 0.00999939 0.0365758 0.0807446 0.619434 0.0325182 0.00394048 0.00374981 0 0.00373292 0.0037279 0.00779936 0.0136352 0.00999606 0.00969351 0.0193842 0.0233396 0.0107606 0.0137901 0.0209515 0.0567372 0.0261309 0.0274362 0.0173321 0.0420565 0.0139713 0.0112988 0.0114253 0.0210267 0.0680619 0.0496644 0.0769522 0.0258546 0.0208249 0.0146293 0.0208658 0.0251913 0.0103194 0.0109323 0.0145546 0.0344155 0.0166133 0.0168929 0.00930885 0.00884523 0.0090132 0.0105641 0.0239822 0.0222257 0.0376227 0.0293372 0.0232284 0.00932111 0.00834677 0.00999509 0.0189735 0.0203746 0.0106869 
0.0142457 0.0232074 0.0324756 0.101723 0.02393 0.00926535 0.011274 0.0123798 0.0129257 0.031645 0.0103887 0.0157842 0.101484 0.179939 0.466272 0.00378672 0.00374273 0.00373292 0 0.00375335 0.0137658 0.0221775 0.0114874 0.0123142 0.0145842 0.0375377 0.0182113 0.0136363 0.0396816 0.020929 0.027435 0.0120198 0.0185875 0.0137256 0.0423364 0.0113162 0.0110366 0.0243705 0.0211765 0.0446927 0.0355929 0.0691185 0.0158461 0.0135234 0.0296499 0.0359468 0.0132495 0.0132484 0.0184344 0.0166721 0.0157155 0.010017 0.014075 0.00904713 0.00942758 0.0120537 0.0126183 0.0163718 0.019687 0.0220043 0.0129568 0.0130918 0.00865081 0.0109908 0.0197993 0.0417666 0.013974 
0.0143659 0.0140311 0.0131821 0.018345 0.0427947 0.0169677 0.0142154 0.0124274 0.00959477 0.00983209 0.0201892 0.0345759 0.0172598 0.0518188 0.113663 0.00441208 0.00376663 0.0037279 0.00375335 0 0.0165421 0.0124943 0.0188317 0.0206157 0.012888 0.0107918 0.0237129 0.0303887 0.0113773 0.0153334 0.0112443 0.012021 0.00933839 0.0132512 0.010172 0.0258446 0.0221529 0.0102219 0.0159317 0.0131885 0.0158825 0.0173865 0.0216141 0.0248625 0.0119176 0.0133113 0.0155633 0.0236785 0.010825 0.0118929 0.00943543 0.0102445 0.00893909 0.0110944 0.0159056 0.00902791 0.0111714 0.0103668 0.0127833 0.0113282 0.0108032 0.00893302 0.00971023 0.0153581 0.010934 0.0123661 0.0215831 
0.00850601 0.00818365 0.00824126 0.00877696 0.00937479 0.010119 0.010747 0.00868149 0.00829904 0.00851144 0.0102403 0.010073 0.00986957 0.01124 0.0118467 0.0166744 0.0134829 0.00779936 0.0137658 0.0165421 0 0.0126219 0.169719 0.016978 0.00897278 0.0121448 0.0157368 0.00987824 0.0102539 0.00834473 0.00849001 0.00826548 0.00856889 0.00843035 0.0101869 0.0122883 0.00900185 0.00932748 0.00857106 0.00889557 0.00868264 0.00909648 0.00888606 0.00862528 0.00945803 0.0089322 0.0108615 0.00926864 0.00862762 0.00830744 0.00831894 0.00809099 0.00841111 0.00860672 0.00837968 0.00829848 0.00820267 0.0081773 0.00827233 0.00822795 0.00821806 0.00831197 0.0082227 0.00860538 0.00826534 0.00845311 0.00868342 
0.008179 0.00878294 0.00823397 0.0086561 0.00934729 0.0131141 0.00921612 0.0107907 0.00823803 0.00846452 0.0114788 0.0124407 0.00960511 0.00979005 0.0106728 0.020922 0.0100615 0.0136352 0.0221775 0.0124943 0.0126219 0 0.0686836 0.00848959 0.0182808 0.00925348 0.0114912 0.0116412 0.00872155 0.00839799 0.00829375 0.00839746 0.00820555 0.00990481 0.00879731 0.0158445 0.0108796 0.00863666 0.00869754 0.00868402 0.00865849 0.00903796 0.00872854 0.00929592 0.00877697 0.00946381 0.00890502 0.0103958 0.00859564 0.00859075 0.00817214 0.00842297 0.0082991 0.00939602 0.0100992 0.00827007 0.00825546 0.00817804 0.00840973 0.00825334 0.00840772 0.00829085 0.00826256 0.00977457 0.00847542 0.00861977 0.00897465 
0.0100249 0.00808326 0.0081723 0.00845383 0.0102647 0.0167301 0.0122568 0.00845689 0.00828595 0.00844657 0.0111143 0.0130151 0.00973897 0.0101806 0.0122882 0.0267986 0.0110826 0.00999606 0.0114874 0.0188317 0.169719 0.0686836 0 0.0845783 0.00747717 0.00760182 0.0200023 0.0120079 0.00833703 0.00788494 0.00845549 0.00823696 0.00897664 0.00830903 0.0117091 0.0151597 0.01398 0.00976106 0.00875707 0.00909029 0.00889794 0.00913856 0.0100862 0.0115668 0.0104021 0.00883822 0.0143176 0.0126347 0.00885522 0.00836447 0.00840742 0.00808043 0.00880683 0.0102053 0.0107388 0.00870973 0.00814319 0.00830775 0.00839878 0.00836899 0.00814486 0.00838508 0.00941965 0.0114551 0.00851977 0.00850535 0.0102949 
0.0106797 0.00815385 0.00908867 0.0090049 0.0106415 0.0097765 0.0140415 0.00810483 0.0088627 0.00906915 0.0108845 0.0124571 0.00929758 0.011653 0.0111153 0.028042 0.0118986 0.00969351 0.0123142 0.0206157 0.016978 0.00848959 0.0845783 0 0.00383398 0.0038442 0.00560006 0.00766314 0.00622479 0.02049 0.0319848 0.00943141 0.0243217 0.007438 0.0241226 0.0146799 0.0107805 0.00950703 0.00884586 0.0108963 0.00932147 0.0101007 0.0147015 0.0101629 0.0115472 0.00906915 0.0685076 0.00958815 0.0095468 0.00876961 0.0124235 0.00846333 0.0121296 0.0107759 0.00930686 0.00977035 0.0085182 0.0093738 0.00902442 0.0097886 0.00857004 0.0100043 0.0105979 0.0106331 0.00875661 0.00920779 0.0107095 
0.00824776 0.0107092 0.00957419 0.00946264 0.00878775 0.00946927 0.00814656 0.0115451 0.00840729 0.00872681 0.00983237 0.0106805 0.0168498 0.0109822 0.00992472 0.0103366 0.0192793 0.0193842 0.0145842 0.012888 0.00897278 0.0182808 0.00747717 0.00383398 0 0.00392987 0.00375015 0.00634854 0.0115925 0.0135051 0.014504 0.0111361 0.00665257 0.0211522 0.00861962 0.0201034 0.00945353 0.0097407 0.012553 0.0109171 0.0112796 0.0124115 0.00952901 0.00985916 0.0100749 0.0531029 0.00916237 0.0116397 0.00912557 0.0153393 0.00861017 0.011754 0.00867595 0.0110573 0.00948106 0.00863306 0.0125202 0.00960906 0.0110089 0.00945276 0.0108606 0.00903183 0.00920609 0.00923393 0.010704 0.0106963 0.00975042 
0.00884744 0.00890294 0.0102598 0.0103746 0.00880787 0.00817008 0.0092274 0.00859531 0.0088668 0.00879677 0.00830312 0.00994341 0.0129873 0.0170873 0.00884868 0.0109833 0.0188557 0.0233396 0.0375377 0.0107918 0.0121448 0.00925348 0.00760182 0.0038442 0.00392987 0 0.00385283 0.0107151 0.0201411 0.0124383 0.0106406 0.00656556 0.00845298 0.00844778 0.0125742 0.00822157 0.0096419 0.0135761 0.0109246 0.0120177 0.0127188 0.0136064 0.0104062 0.00953888 0.0481706 0.00981175 0.00936959 0.00988192 0.0141571 0.0093099 0.0117214 0.00879837 0.0102497 0.00843478 0.009249 0.0114333 0.00911249 0.00968374 0.0105841 0.0110357 0.00909132 0.00962454 0.00817096 0.00957932 0.0133353 0.0127909 0.00908951 
0.0102292 0.00846059 0.00885316 0.00892381 0.00980639 0.0110573 0.0126883 0.00897884 0.00867068 0.00839895 0.00931622 0.0153961 0.0109095 0.0103599 0.0118022 0.024376 0.0109022 0.0107606 0.0182113 0.0237129 0.0157368 0.0114912 0.0200023 0.00560006 0.00375015 0.00385283 0 0.025179 0.010006 0.0115844 0.00617457 0.00889287 0.00742206 0.0076154 0.00965408 0.0101032 0.0159034 0.0100454 0.0097373 0.011436 0.00939413 0.0113189 0.0111961 0.0442364 0.0104924 0.00907887 0.0148785 0.0178467 0.00993793 0.010119 0.00946025 0.00890539 0.00950573 0.00944055 0.0167347 0.00958421 0.00897155 0.00930206 0.00991897 0.00966894 0.00908326 0.00870266 0.00936502 0.0181856 0.00945616 0.0101114 0.0106868 
0.00959858 0.00906481 0.00988563 0.00937793 0.0123042 0.0098415 0.00904247 0.00844782 0.00844815 0.00868164 0.0113255 0.0140974 0.0119795 0.0131674 0.0139656 0.0244988 0.013077 0.0137901 0.0136363 0.0303887 0.00987824 0.0116412 0.0120079 0.00766314 0.00634854 0.0107151 0.025179 0 0.00376481 0.00374104 0.00371977 0.00372642 0.00374745 0.00376215 0.004172 0.00790647 0.00726917 0.00804194 0.00835257 0.00959356 0.0110391 0.0110081 0.248286 0.0114721 0.0133643 0.0116098 0.0269608 0.0145339 0.0115721 0.0106221 0.0108552 0.00898466 0.0100049 0.0140886 0.0113166 0.0101652 0.00986086 0.0110004 0.0122429 0.0115455 0.00976583 0.0106407 0.015205 0.0125281 0.0116819 0.0110063 0.0167171 
0.00935598 0.0105894 0.0121076 0.0134071 0.00935759 0.0081407 0.00818397 0.00909511 0.00906685 0.0091322 0.0084836 0.0130156 0.0267459 0.0208239 0.0100436 0.0109106 0.0319451 0.0209515 0.0396816 0.0113773 0.0102539 0.00872155 0.00833703 0.00622479 0.0115925 0.0201411 0.010006 0.00376481 0 0.00372485 0.00373854 0.00372798 0.00372347 0.00456054 0.00392522 0.00405641 0.00732547 0.0076866 0.00919643 0.0118226 0.010522 0.286045 0.0161948 0.0141269 0.0123936 0.0268132 0.00984105 0.0120033 0.0124333 0.0164876 0.0100265 0.0102415 0.0108267 0.00919313 0.00970338 0.0107533 0.0124369 0.0134636 0.0184247 0.0168395 0.0138922 0.016119 0.00886144 0.0111428 0.018022 0.0257034 0.0105795 
0.00906891 0.0103741 0.0163663 0.0128155 0.00930636 0.00801147 0.00833364 0.00876645 0.0108449 0.00909057 0.0083994 0.010163 0.0204154 0.0183682 0.0105821 0.00985062 0.0206391 0.0567372 0.020929 0.0153334 0.00834473 0.00839799 0.00788494 0.02049 0.0135051 0.0124383 0.0115844 0.00374104 0.00372485 0 0.00370509 0.003701 0.00370581 0.00370776 0.00384068 0.00397056 0.00627013 0.00805352 0.00992354 0.0124682 0.289234 0.0207523 0.0362817 0.00947937 0.0189436 0.0117183 0.0103986 0.0092439 0.0120803 0.0148955 0.0145126 0.0122007 0.009837 0.00942192 0.00899591 0.0107775 0.0153679 0.0173427 0.0237438 0.0266283 0.0301069 0.0104239 0.00962153 0.00959735 0.0207431 0.0185157 0.0117651 
0.00867659 0.00940333 0.0123874 0.0114089 0.00894681 0.00799964 0.00819859 0.00856609 0.00925905 0.00873274 0.00832998 0.00999654 0.0142706 0.0160346 0.00918508 0.0101326 0.0204488 0.0261309 0.027435 0.0112443 0.00849001 0.00829375 0.00845549 0.0319848 0.014504 0.0106406 0.00617457 0.00371977 0.00373854 0.00370509 0 0.00373 0.00373344 0.00373392 0.00374365 0.00378638 0.00604725 0.0079486 0.00952342 0.275404 0.0210503 0.0483826 0.0129621 0.0102541 0.0118944 0.0107539 0.00907678 0.00936532 0.0109582 0.012776 0.0136064 0.00967386 0.0111807 0.00865734 0.00914563 0.0104052 0.0120249 0.0172976 0.0192052 0.0321585 0.0122041 0.0105067 0.00871165 0.0101049 0.0134928 0.0180481 0.0104927 
0.00914714 0.00970096 0.0107269 0.0104882 0.00893747 0.00803158 0.0081089 0.00887272 0.00852326 0.00858102 0.00841454 0.00975333 0.0136065 0.0123116 0.00961633 0.0115537 0.0132199 0.0274362 0.0120198 0.012021 0.00826548 0.00839746 0.00823696 0.00943141 0.0111361 0.00656556 0.00889287 0.00372642 0.00372798 0.003701 0.00373 0 0.00369709 0.00371661 0.00373866 0.00386533 0.00584194 0.00751136 0.27208 0.0160757 0.0438594 0.0145452 0.011379 0.0088446 0.00891547 0.0118958 0.00861734 0.00937672 0.0088905 0.0168096 0.00921236 0.0124651 0.00862113 0.00902207 0.00933908 0.00901842 0.0142145 0.0103498 0.0240416 0.0117908 0.0133408 0.00878361 0.00884662 0.0094581 0.0145816 0.0107332 0.0104688 
0.00882247 0.00861462 0.0139176 0.0101434 0.00871887 0.00793078 0.00909725 0.00819435 0.0112589 0.00853628 0.00813919 0.00982257 0.0122343 0.0138278 0.00857537 0.0108307 0.0143783 0.0173321 0.0185875 0.00933839 0.00856889 0.00820555 0.00897664 0.0243217 0.00665257 0.00845298 0.00742206 0.00374745 0.00372347 0.00370581 0.00373344 0.00369709 0 0.00369653 0.00395417 0.0037053 0.00565837 0.229064 0.0132286 0.033504 0.0173272 0.00881118 0.00797979 0.0087429 0.0102732 0.00830808 0.0106805 0.00868266 0.0111251 0.00910946 0.0238124 0.00841137 0.0126327 0.00835695 0.00866354 0.0119967 0.00923342 0.0229929 0.0133024 0.0211637 0.00957981 0.01049 0.0083682 0.00978436 0.011566 0.013376 0.0090762 
0.00848281 0.0133975 0.0107051 0.0113579 0.00889942 0.00864917 0.00811801 0.0139494 0.00883601 0.00870827 0.00883163 0.0103895 0.0181903 0.0127165 0.00987656 0.0105631 0.0171494 0.0420565 0.0137256 0.0132512 0.00843035 0.00990481 0.00830903 0.007438 0.0211522 0.00844778 0.0076154 0.00376215 0.00456054 0.00370776 0.00373392 0.00371661 0.00369653 0 0.00370252 0.00379947 0.152613 0.0189362 0.0304017 0.0181593 0.00933504 0.00843241 0.00822829 0.00809236 0.00890771 0.0211261 0.00817473 0.0111527 0.00875841 0.0325038 0.00859044 0.0266651 0.00859231 0.0106481 0.0106442 0.00886343 0.0343553 0.0111423 0.0250357 0.0117992 0.0286643 0.00888977 0.00889251 0.00994153 0.0153492 0.0126462 0.0108298 
0.00945795 0.00873496 0.0115301 0.0106631 0.0094552 0.00809293 0.0113119 0.00835993 0.00967026 0.0090633 0.00822992 0.0109587 0.0117839 0.0167646 0.00923509 0.0122894 0.0165961 0.0139713 0.0423364 0.010172 0.0101869 0.00879731 0.0117091 0.0241226 0.00861962 0.0125742 0.00965408 0.004172 0.00392522 0.00384068 0.00374365 0.00373866 0.00395417 0.00370252 0 0.00395128 0.00995998 0.0229437 0.0191404 0.00929361 0.00813048 0.00884278 0.00729206 0.00829459 0.021605 0.00868996 0.0114429 0.00893677 0.0186704 0.00898339 0.0225758 0.00858251 0.0196018 0.00846342 0.00932802 0.0231404 0.00900577 0.0148073 0.0112737 0.0178907 0.00909392 0.0129482 0.0086435 0.0104389 0.0134886 0.0258898 0.00942154 
0.00915724 0.00926524 0.00862264 0.00886887 0.0096025 0.0147857 0.00962909 0.0113869 0.00830794 0.00834684 0.0108222 0.0158919 0.0101219 0.00938764 0.010276 0.0187052 0.010757 0.0112988 0.0113162 0.0258446 0.0122883 0.0158445 0.0151597 0.0146799 0.0201034 0.00822157 0.0101032 0.00790647 0.00405641 0.00397056 0.00378638 0.00386533 0.0037053 0.00379947 0.00395128 0 0.0283761 0.0303813 0.00975679 0.0076777 0.00770817 0.00744805 0.00774208 0.018491 0.00994945 0.0100927 0.00911402 0.0231624 0.00990053 0.012821 0.00857921 0.0120413 0.0085086 0.0137267 0.0370262 0.00916229 0.010332 0.00909288 0.0114589 0.0096157 0.0109008 0.0087034 0.0103784 0.0220106 0.00995139 0.0104994 0.019277 
0.00849196 0.00872975 0.00874762 0.00879633 0.0105727 0.00956663 0.0084591 0.00850318 0.00820801 0.0082675 0.00991251 0.0110749 0.00986139 0.00985348 0.011357 0.0156158 0.0116529 0.0114253 0.0110366 0.0221529 0.00900185 0.0108796 0.01398 0.0107805 0.00945353 0.0096419 0.0159034 0.00726917 0.00732547 0.00627013 0.00604725 0.00584194 0.00565837 0.152613 0.00995998 0.0283761 0 0.00375138 0.00377044 0.00375788 0.00377383 0.0038071 0.00470001 0.0045092 0.00573712 0.00663471 0.0107316 0.00809609 0.00922849 0.00917545 0.00908475 0.00845721 0.00945046 0.0227949 0.0112009 0.00979604 0.00933777 0.010243 0.0109356 0.0109312 0.0103517 0.00987266 0.0144871 0.0157147 0.0114243 0.0107775 0.0191948 
0.00853807 0.00879945 0.00976758 0.00953988 0.00865007 0.00811125 0.00833211 0.0082588 0.00840807 0.00862469 0.00838623 0.0093398 0.0124321 0.0123398 0.00895192 0.0102661 0.0187316 0.0210267 0.0243705 0.0102219 0.00932748 0.00863666 0.00976106 0.00950703 0.0097407 0.0135761 0.0100454 0.00804194 0.0076866 0.00805352 0.0079486 0.00751136 0.229064 0.0189362 0.0229437 0.0303813 0.00375138 0 0.00372692 0.00371274 0.00370886 0.00376878 0.00399485 0.00428031 0.00648031 0.00941299 0.0126327 0.0070016 0.0101698 0.00924818 0.012739 0.00888211 0.0320432 0.0094034 0.00956431 0.0110965 0.0105982 0.0119845 0.0137702 0.0169621 0.0106791 0.01335 0.00922264 0.0110411 0.0155542 0.0254036 0.0104112 
0.00876587 0.010485 0.013396 0.0113994 0.00916775 0.00806746 0.00827623 0.00920984 0.00972981 0.00880145 0.00849778 0.0107246 0.0181215 0.0173094 0.0102992 0.011009 0.0234586 0.0680619 0.0211765 0.0159317 0.00857106 0.00869754 0.00875707 0.00884586 0.012553 0.0109246 0.0097373 0.00835257 0.00919643 0.00992354 0.00952342 0.27208 0.0132286 0.0304017 0.0191404 0.00975679 0.00377044 0.00372692 0 0.00372497 0.00370057 0.00372744 0.0042829 0.00415816 0.00640203 0.00573741 0.0190723 0.00800584 0.00799341 0.0226864 0.0115904 0.0150668 0.00991453 0.00925025 0.00948686 0.0105846 0.0135893 0.0156351 0.0252245 0.0199009 0.0205943 0.0100204 0.00942147 0.0122774 0.0271698 0.0182651 0.0149726 
0.00954008 0.0111005 0.0160389 0.0131387 0.0095051 0.00802832 0.00874834 0.0089998 0.0117224 0.009513 0.00835433 0.011661 0.0237767 0.024261 0.0107371 0.0113611 0.039558 0.0496644 0.0446927 0.0131885 0.00889557 0.00868402 0.00909029 0.0108963 0.0109171 0.0120177 0.011436 0.00959356 0.0118226 0.0124682 0.275404 0.0160757 0.033504 0.0181593 0.00929361 0.0076777 0.00375788 0.00371274 0.00372497 0 0.00371021 0.00373208 0.00382505 0.0039502 0.00553748 0.0105393 0.00713967 0.00689539 0.0120399 0.0123561 0.0183824 0.0112066 0.011866 0.00928443 0.00955591 0.0133361 0.0146025 0.0229622 0.025329 0.0347408 0.0153955 0.0114002 0.00965537 0.0147188 0.0264389 0.030845 0.0125783 
0.0100322 0.0107402 0.0158266 0.0125958 0.0098768 0.00794461 0.00844908 0.00942787 0.010998 0.00903971 0.00837983 0.0106503 0.0247366 0.0273693 0.0110859 0.0106748 0.0263887 0.0769522 0.0355929 0.0158825 0.00868264 0.00865849 0.00889794 0.00932147 0.0112796 0.0127188 0.00939413 0.0110391 0.010522 0.289234 0.0210503 0.0438594 0.0173272 0.00933504 0.00813048 0.00770817 0.00377383 0.00370886 0.00370057 0.00371021 0 0.00369906 0.00374399 0.00380107 0.00455441 0.00436174 0.00479801 0.00789722 0.00834274 0.0179579 0.0120377 0.0101847 0.0092621 0.00890196 0.00979987 0.0108159 0.0182162 0.0164361 0.0265748 0.0219047 0.0176372 0.0110537 0.00933927 0.0130679 0.0291716 0.0328632 0.0142887 
0.00884202 0.009816 0.0110655 0.0133685 0.00953681 0.00811211 0.00841898 0.00914641 0.00928806 0.00952138 0.00829556 0.0104119 0.0164252 0.0252129 0.011625 0.0105937 0.0265945 0.0258546 0.0691185 0.0173865 0.00909648 0.00903796 0.00913856 0.0101007 0.0124115 0.0136064 0.0113189 0.0110081 0.286045 0.0207523 0.0483826 0.0145452 0.00881118 0.00843241 0.00884278 0.00744805 0.0038071 0.00376878 0.00372744 0.00373208 0.00369906 0 0.00372762 0.0038256 0.00863746 0.00393974 0.0048751 0.0120833 0.017115 0.00989986 0.00902344 0.00936398 0.011473 0.0101004 0.00947431 0.013027 0.0114546 0.0131674 0.0156007 0.0158215 0.0123459 0.0140323 0.00952259 0.0128261 0.0279255 0.0798239 0.0170217 
0.00867024 0.00872931 0.0121697 0.0092974 0.0107154 0.0083674 0.00856192 0.00833958 0.00886409 0.00830151 0.00876655 0.0109769 0.0102396 0.0118503 0.0116564 0.0135864 0.0119909 0.0208249 0.0158461 0.0216141 0.00888606 0.00872854 0.0100862 0.0147015 0.00952901 0.0104062 0.0111961 0.248286 0.0161948 0.0362817 0.0129621 0.011379 0.00797979 0.00822829 0.00729206 0.00774208 0.00470001 0.00399485 0.0042829 0.00382505 0.00374399 0.00372762 0 0.00495126 0.00377899 0.00375313 0.0038085 0.0122813 0.00649223 0.00886627 0.00827665 0.00910624 0.00927097 0.0081932 0.0114008 0.00979047 0.0100243 0.0106267 0.0155722 0.0125839 0.0114614 0.00939452 0.0107244 0.017061 0.0119492 0.0150218 0.023863 
0.00845939 0.00908046 0.00994662 0.0105601 0.0127722 0.00916798 0.00833475 0.00848481 0.00838234 0.00839742 0.00954232 0.0099749 0.0105001 0.0134975 0.0124393 0.0103312 0.0116297 0.0146293 0.0135234 0.0248625 0.00862528 0.00929592 0.0115668 0.0101629 0.00985916 0.00953888 0.0442364 0.0114721 0.0141269 0.00947937 0.0102541 0.0088446 0.0087429 0.00809236 0.00829459 0.018491 0.0045092 0.00428031 0.00415816 0.0039502 0.00380107 0.0038256 0.00495126 0 0.0037307 0.00380154 0.00396806 0.00422454 0.00521447 0.00782662 0.0105474 0.0175728 0.00717087 0.0136708 0.00793487 0.00849004 0.00889056 0.00919115 0.0109695 0.0105839 0.0104368 0.00941423 0.0151284 0.0129614 0.0140049 0.0121305 0.0339631 
0.00900913 0.00875182 0.0105694 0.00921381 0.00867709 0.00804009 0.00860672 0.00828889 0.00870167 0.00855043 0.00822845 0.00992886 0.013258 0.0141954 0.0095837 0.0101796 0.0184113 0.0208658 0.0296499 0.0119176 0.00945803 0.00877697 0.0104021 0.0115472 0.0100749 0.0481706 0.0104924 0.0133643 0.0123936 0.0189436 0.0118944 0.00891547 0.0102732 0.00890771 0.021605 0.00994945 0.00573712 0.00648031 0.00640203 0.00553748 0.00455441 0.00863746 0.00377899 0.0037307 0 0.00379613 0.0037937 0.00420126 0.00643761 0.00907814 0.0178538 0.00750996 0.0116036 0.00789531 0.00839406 0.0130552 0.00897824 0.012246 0.0123927 0.0157843 0.0104808 0.0163315 0.010027 0.0153107 0.0223102 0.0581414 0.0122784 
0.00904793 0.0101886 0.00980271 0.0102923 0.00858175 0.00816197 0.00838946 0.00954808 0.0085054 0.00857735 0.00829206 0.00996088 0.0159847 0.0134267 0.0100709 0.0103126 0.0189913 0.0251913 0.0359468 0.0133113 0.0089322 0.00946381 0.00883822 0.00906915 0.0531029 0.00981175 0.00907887 0.0116098 0.0268132 0.0117183 0.0107539 0.0118958 0.00830808 0.0211261 0.00868996 0.0100927 0.00663471 0.00941299 0.00573741 0.0105393 0.00436174 0.00393974 0.00375313 0.00380154 0.00379613 0 0.00370614 0.00475129 0.0168532 0.0132886 0.00650253 0.0131705 0.00660391 0.0078735 0.0090266 0.00865898 0.0112148 0.00921056 0.0123024 0.0111338 0.0143928 0.0105884 0.0121321 0.0118116 0.035688 0.0335663 0.015218 
0.00948373 0.00828285 0.0086153 0.00836279 0.00904939 0.00882787 0.0105666 0.00830506 0.00834482 0.00810891 0.00854037 0.0118345 0.00919933 0.00925081 0.00898821 0.0162948 0.0115901 0.0103194 0.0132495 0.0155633 0.0108615 0.00890502 0.0143176 0.0685076 0.00916237 0.00936959 0.0148785 0.0269608 0.00984105 0.0103986 0.00907678 0.00861734 0.0106805 0.00817473 0.0114429 0.00911402 0.0107316 0.0126327 0.0190723 0.00713967 0.00479801 0.0048751 0.0038085 0.00396806 0.0037937 0.00370614 0 0.0197214 0.0064492 0.00477357 0.00677545 0.00541553 0.00762363 0.00620306 0.0106646 0.0110212 0.00757834 0.0089781 0.00951563 0.0125924 0.00914227 0.0189034 0.0100564 0.0273693 0.0102361 0.0155392 0.015755 
0.00815083 0.00872393 0.00849942 0.00908053 0.00949394 0.00952432 0.00810097 0.0085112 0.0081128 0.00843998 0.00958938 0.0100467 0.0101018 0.0101444 0.0105145 0.0125859 0.0127499 0.0109323 0.0132484 0.0236785 0.00926864 0.0103958 0.0126347 0.00958815 0.0116397 0.00988192 0.0178467 0.0145339 0.0120033 0.0092439 0.00936532 0.00937672 0.00868266 0.0111527 0.00893677 0.0231624 0.00809609 0.0070016 0.00800584 0.00689539 0.00789722 0.0120833 0.0122813 0.00422454 0.00420126 0.00475129 0.0197214 0 0.00375215 0.00373973 0.00375684 0.00376628 0.00379823 0.00411707 0.00477309 0.00473747 0.0052655 0.00569213 0.00609163 0.0118295 0.579829 0.0267769 0.0196126 0.0106552 0.00987374 0.0106506 0.0263973 
0.00844048 0.00865663 0.0100182 0.00914911 0.00861812 0.00807762 0.00826488 0.00819737 0.00858175 0.0084469 0.00825862 0.00907031 0.0100211 0.0119144 0.00890335 0.00954105 0.0126936 0.0145546 0.0184344 0.010825 0.00862762 0.00859564 0.00885522 0.0095468 0.00912557 0.0141571 0.00993793 0.0115721 0.0124333 0.0120803 0.0109582 0.0088905 0.0111251 0.00875841 0.0186704 0.00990053 0.00922849 0.0101698 0.00799341 0.0120399 0.00834274 0.017115 0.00649223 0.00521447 0.00643761 0.0168532 0.0064492 0.00375215 0 0.00372086 0.00374231 0.00371548 0.00374765 0.00379963 0.00416761 0.0059383 0.00567257 0.0060946 0.0160261 0.500791 0.0263551 0.0114686 0.00693464 0.0106116 0.0126031 0.0234902 0.0106946 
0.00851013 0.0100856 0.0102146 0.0101036 0.00878684 0.00826674 0.00814881 0.00905585 0.00864001 0.00856518 0.00840876 0.00966715 0.0121428 0.0124151 0.0096781 0.00928389 0.0165056 0.0344155 0.0166721 0.0118929 0.00830744 0.00859075 0.00836447 0.00876961 0.0153393 0.0093099 0.010119 0.0106221 0.0164876 0.0148955 0.012776 0.0168096 0.00910946 0.0325038 0.00898339 0.012821 0.00917545 0.00924818 0.0226864 0.0123561 0.0179579 0.00989986 0.00886627 0.00782662 0.00907814 0.0132886 0.00477357 0.00373973 0.00372086 0 0.0037092 0.00379643 0.00375382 0.00376848 0.00467358 0.00551471 0.00847359 0.0183863 0.582961 0.113581 0.0136892 0.00737708 0.00852382 0.00903671 0.0201511 0.0208379 0.0124579 
0.0083322 0.00849773 0.0105393 0.0087201 0.00824223 0.00788549 0.0084349 0.00809537 0.00872963 0.00826304 0.0080174 0.00891136 0.00973453 0.009931 0.00824153 0.00883762 0.0120437 0.0166133 0.0157155 0.00943543 0.00831894 0.00817214 0.00840742 0.0124235 0.00861017 0.0117214 0.00946025 0.0108552 0.0100265 0.0145126 0.0136064 0.00921236 0.0238124 0.00859044 0.0225758 0.00857921 0.00908475 0.012739 0.0115904 0.0183824 0.0120377 0.00902344 0.00827665 0.0105474 0.0178538 0.00650253 0.00677545 0.00375684 0.00374231 0.0037092 0 0.00372577 0.00373979 0.00371367 0.00412135 0.00735295 0.0073455 0.900153 0.0376866 0.0160934 0.00705042 0.00972288 0.00642634 0.00927525 0.00971022 0.0183073 0.00956198 
0.0082644 0.0089237 0.0087113 0.00872567 0.00821515 0.00819318 0.00792027 0.00898836 0.00808921 0.00809142 0.00818538 0.00851591 0.00948551 0.00902599 0.0083852 0.00851434 0.0103365 0.0168929 0.010017 0.0102445 0.00809099 0.00842297 0.00808043 0.00846333 0.011754 0.00879837 0.00890539 0.00898466 0.0102415 0.0122007 0.00967386 0.0124651 0.00841137 0.0266651 0.00858251 0.0120413 0.00845721 0.00888211 0.0150668 0.0112066 0.0101847 0.00936398 0.00910624 0.0175728 0.00750996 0.0131705 0.00541553 0.00376628 0.00371548 0.00379643 0.00372577 0 0.00377267 0.00375825 0.00501401 0.00680813 0.96508 0.00908105 0.0227686 0.00654039 0.00882251 0.00628708 0.00641612 0.00734075 0.0100054 0.0105504 0.00989226 
0.00845623 0.00826269 0.0086391 0.00842785 0.00815076 0.00791426 0.00888216 0.00809369 0.00817865 0.00812579 0.00798732 0.00840136 0.00881273 0.00926111 0.00830556 0.00923539 0.0101881 0.00930885 0.014075 0.00893909 0.00841111 0.0082991 0.00880683 0.0121296 0.00867595 0.0102497 0.00950573 0.0100049 0.0108267 0.009837 0.0111807 0.00862113 0.0126327 0.00859231 0.0196018 0.0085086 0.00945046 0.0320432 0.00991453 0.011866 0.0092621 0.011473 0.00927097 0.00717087 0.0116036 0.00660391 0.00762363 0.00379823 0.00374765 0.00375382 0.00373979 0.00377267 0 0.00376072 0.00425419 0.997335 0.00442814 0.00611715 0.00472995 0.00642507 0.00559355 0.00671289 0.00567071 0.00841969 0.0152758 0.0140592 0.00815291 
0.00820662 0.00825906 0.00812663 0.00809634 0.00841947 0.0100602 0.00840269 0.00860471 0.00800081 0.00793976 0.00841133 0.00930932 0.00851699 0.00830761 0.00837434 0.0117076 0.00862127 0.00884523 0.00904713 0.0110944 0.00860672 0.00939602 0.0102053 0.0107759 0.0110573 0.00843478 0.00944055 0.0140886 0.00919313 0.00942192 0.00865734 0.00902207 0.00835695 0.0106481 0.00846342 0.0137267 0.0227949 0.0094034 0.00925025 0.00928443 0.00890196 0.0101004 0.0081932 0.0136708 0.00789531 0.0078735 0.00620306 0.00411707 0.00379963 0.00376848 0.00371367 0.00375825 0.00376072 0 0.999562 0.00417805 0.00665407 0.00400384 0.00430494 0.00457938 0.00577983 0.00526047 0.00664053 0.0151733 0.00852143 0.00782264 0.0106235 
0.00829432 0.00847501 0.00837225 0.0083945 0.00895574 0.0097706 0.00818732 0.00883567 0.00801868 0.00826842 0.00966107 0.00869229 0.00856494 0.00895158 0.00958256 0.00945207 0.00910356 0.0090132 0.00942758 0.0159056 0.00837968 0.0100992 0.0107388 0.00930686 0.00948106 0.009249 0.0167347 0.0113166 0.00970338 0.00899591 0.00914563 0.00933908 0.00866354 0.0106442 0.00932802 0.0370262 0.0112009 0.00956431 0.00948686 0.00955591 0.00979987 0.00947431 0.0114008 0.00793487 0.00839406 0.0090266 0.0106646 0.00477309 0.00416761 0.00467358 0.00412135 0.00501401 0.00425419 0.999562 0 0.00387887 0.00371403 0.00388404 0.00376638 0.00379451 0.00397251 0.00435424 0.00688275 0.00667264 0.00646647 0.00762338 0.0209423 
0.00818119 0.00838318 0.00909624 0.0087297 0.00824099 0.00804926 0.00840334 0.00812753 0.00824266 0.00836394 0.00810624 0.00849336 0.00928342 0.00976996 0.00826975 0.00862273 0.0104284 0.0105641 0.0120537 0.00902791 0.00829848 0.00827007 0.00870973 0.00977035 0.00863306 0.0114333 0.00958421 0.0101652 0.0107533 0.0107775 0.0104052 0.00901842 0.0119967 0.00886343 0.0231404 0.00916229 0.00979604 0.0110965 0.0105846 0.0133361 0.0108159 0.013027 0.00979047 0.00849004 0.0130552 0.00865898 0.0110212 0.00473747 0.0059383 0.00551471 0.00735295 0.00680813 0.997335 0.00417805 0.00387887 0 0.00370087 0.00374614 0.00373625 0.00377447 0.00376115 0.00583465 0.0042844 0.00624157 0.00643479 0.0103951 0.0103754 
