1GU7B
MITAQAVLYTQHGEPKDVLFTQSFEIDDDNLAPNEVIVKTLGSPVNPSDINQIQGVYPSKPAKTTGFGTTEPAAPCGNEGLFEVIKVGSNVSSLEAGDWVIPSHVNFGTWRTHALGNDDDFIKLPNPAQSKANGKPNGLTINQGATISVNPLTAYLMLTHYVKLTPGKDWFIQNGGTSAVGKYASQIGKLLNFNSISVIRDRPNLDEVVASLKELGATQVITEDQNNSREFGPTIKEWIKQSGGEAKLALNCVGGKSSTGIARKLNNNGLMLTYGGMSFQPVTIPTSLYIFKNFTSAGFWVTELLKNNKELKTSTLNQIIAWYEEGKLTDAKSIETLYDGTKPLHELYQDGVANSKDGKQLITY
CEEEEEEEECCCCCHHHHCEEEEEEECCCCCCCCEEEEEEEEEEECHHHHHHHHCCCCCCCCCECCCCCCCCEEECCCCCEEEEEEECCCCCCCCCCCEEEECCCCCCCCECEEEEEHHHEEEECCHHHHHHCCCCCCCCHHHHHCCCCHHHHHHHHHHCCCCCCCCCCEEEECCCCCHHHHHHHHHHHHHCCEEEEEECCCCCHHHHHHHHHHHCCCEEEEHHHHHCCCCHHHHHHHHHHHCCCEEEEEECCCHHHHHHHHHCCCCCCEEEECCCCCCCCEEECHHHHHHCCCEEEECCHHHHCCCCHHHHHHHHHHHHHHHHCCCCCCCCCEEEECCCCCCHHHHHHHHHHCHHHCCEEEEC
0 0 0 0 0 0 0 0 0 0 0 0 0 0 0 0 0 0 0 0 0 0 0 0 0 0 0 0 0 0 0 0 0 0 0 0 0 0 0 0 0 0 0 0 0 0 0 0 0 0 0 0 0 0 0 0 0 0 0 0 0 0 0 0 0 0 0 0 0 0 0 0 0 0 0 0 0 0 0 0 0 0 0 0 0 0 0 0 0 0 0 0 0 0 0 0 0 0 0 0 0 0 0 0 0 0 0 0 0 0 0 0 0 0 0 0 0 0 0 0 0 0 0 0 0 0 0 0 0 0 0 0 0 0 0 0 0 0 0 0 0 0 0 0 0 0 0 0 0 0 0 0 0 0 0 0 0 0 0 0 0 0 0 0 0 0 0 0 0 0 0 0 0 0 0 0 0 0 0 0 0 0 0 0 0 0 0 0 0 0 0 0 0 0 0 0 0 0 0 0 0 0 0 0 0 0 0 0 0 0 0 0 0 0 0 0 0 0 0 0 0 0 0 0 0 0 0 0 0 0 0 0 0 0 0 0 0 0 0 0 0 0 0 0 0 0 0 0 0 0 0 0 0 0 0 0 0 0 0 0 0 0 0 0 0 0 0 0 0 0 0 0 0 0 0 0 0 0 0 0 0 0 0 0 0 0 0 0 0 0 0 0 0 0 0 0 0 0 0 0 0 0 0 0 0 0 0 0 0 0 0 0 0 0 0 0 0 0 0 0 0 0 0 0 0 0 0 0 0 0 0 0 0 0 0 0 0 0 0 0 0 0 0 0 0 0 0 0 0 0 0 0 0 0 0 0 0 0 0 0 0 0 0 0 
0 0 0 0 0 0 0 0 0 0 0 0 0 0 0 0 0 0 0 0 0 0 0 0 0 0 0 0 0 0 0 0 0 0 0 0 0 0 0 0 0 0 0 0 0 0 0 0 0 0 0 0 0 0 0 0 0 0 0 0 0 0 0 0 0 0 0 0 0 0 0 0 0 0 0 0 0 0 0 0 0 0 0 0 0 0 0 0 0 0 0 0 0 0 0 0 0 0 0 0 0 0 0 0 0 0 0 0 0 0 0 0 0 0 0 0 0 0 0 0 0 0 0 0 0 0 0 0 0 0 0 0 0 0 0 0 0 0 0 0 0 0 0 0 0 0 0 0 0 0 0 0 0 0 0 0 0 0 0 0 0 0 0 0 0 0 0 0 0 0 0 0 0 0 0 0 0 0 0 0 0 0 0 0 0 0 0 0 0 0 0 0 0 0 0 0 0 0 0 0 0 0 0 0 0 0 0 0 0 0 0 0 0 0 0 0 0 0 0 0 0 0 0 0 0 0 0 0 0 0 0 0 0 0 0 0 0 0 0 0 0 0 0 0 0 0 0 0 0 0 0 0 0 0 0 0 0 0 0 0 0 0 0 0 0 0 0 0 0 0 0 0 0 0 0 0 0 0 0 0 0 0 0 0 0 0 0 0 0 0 0 0 0 0 0 0 0 0 0 0 0 0 0 0 0 0 0 0 0 0 0 0 0 0 0 0 0 0 0 0 0 0 0 0 0 0 0 0 0 0 0 0 0 0 0 0 0 0 0 0 0 0 0 0 0 0 0 0 0 0 0 0 0 0 0 0 0 0 0 0 0 0 0 0 
0 0.00392331 0.00384209 0.00392705 0.00389608 0.00532848 0.00484942 0.0437805 0.0191414 0.0183811 0.0100027 0.00892242 0.0158611 0.013572 0.610432 0.0148693 0.0194808 0.0116998 0.0455297 0.00998883 0.0197876 0.0109949 0.0118082 0.0115 0.0108066 0.0295913 0.0135728 0.0104819 0.00884462 0.013271 0.00901063 0.00996454 0.00863673 0.0106449 0.00853428 0.00896452 0.0113202 0.00939264 0.00932098 0.00942615 0.0113951 0.00900142 0.00876522 0.00902549 0.00844752 0.00912292 0.00899211 0.00842767 0.00916906 0.00855231 0.0105821 0.00861298 0.00849652 0.00969593 0.00881726 0.00845197 0.00828721 0.00824321 0.00861829 0.00912357 0.00968529 0.00830624 0.00827705 0.00857205 0.0084095 0.00936537 0.00824687 0.0085544 0.00844623 0.00838235 0.00854453 0.00831174 0.00849729 0.00849178 0.00885047 0.00872523 0.0084804 0.00913658 0.00852825 0.0087081 0.00845623 0.00903582 0.00911811 0.00880098 0.00892446 0.00991853 0.0106877 0.00937848 0.00991197 0.0121728 
0.00392331 0 0.00375971 0.0037486 0.00370128 0.00374541 0.00829475 0.00399269 0.0138154 0.0111395 0.0116743 0.0116671 0.00922392 0.740941 0.00996235 0.0183691 0.0157842 0.0380423 0.0096505 0.0438835 0.0106068 0.0208951 0.0129279 0.0135076 0.0265918 0.0110426 0.00963124 0.0104472 0.0146048 0.00953113 0.00930852 0.00869444 0.0190288 0.00843213 0.0107005 0.0102456 0.00857375 0.00958558 0.011133 0.0133016 0.00942566 0.00806715 0.00898721 0.00838057 0.0105335 0.00840991 0.0087681 0.00817175 0.00817927 0.0107414 0.00817613 0.00855378 0.00893808 0.0084726 0.0082222 0.00812206 0.00834434 0.00836709 0.00864587 0.00842522 0.0083083 0.0080698 0.00843356 0.00827486 0.00840117 0.0081228 0.00852579 0.00840193 0.00833716 0.00819705 0.00825853 0.00816668 0.00841224 0.00831441 0.00831864 0.00814988 0.00848963 0.00836526 0.00882006 0.00838024 0.00831349 0.00831323 0.00850018 0.00849632 0.00838702 0.00872944 0.00885697 0.00897039 0.00901384 0.0104226 
0.00384209 0.00375971 0 0.00376714 0.00372012 0.00410427 0.00376378 0.00382513 0.00823635 0.0237989 0.00894945 0.00969682 0.698422 0.0154297 0.0171511 0.0102719 0.0325849 0.0126817 0.0702975 0.0106823 0.0632988 0.0145444 0.035592 0.029691 0.0134757 0.0119485 0.00881421 0.00953969 0.0100546 0.0100354 0.00884959 0.0171763 0.00980828 0.0281009 0.0103622 0.0108112 0.00851702 0.00919779 0.0194308 0.0106173 0.0096086 0.00844554 0.00925061 0.0170775 0.00970224 0.00980452 0.00805809 0.00845715 0.0110408 0.00859926 0.00864456 0.00843636 0.00929426 0.00917138 0.00815728 0.00810088 0.00853447 0.00865453 0.00886811 0.00843096 0.00820973 0.00820016 0.00839271 0.00838746 0.00809025 0.00857791 0.00826647 0.00859671 0.00849175 0.00837859 0.00825756 0.00821167 0.00857208 0.00848277 0.0083432 0.00845573 0.00841348 0.00838156 0.00819819 0.00849207 0.00833227 0.00831326 0.00841568 0.00852341 0.00853334 0.00832208 0.0090381 0.0092733 0.00923882 0.0107028 
0.00392705 0.0037486 0.00376714 0 0.00378912 0.00371112 0.00377892 0.00370547 0.0149906 0.00885532 0.0143899 0.685733 0.0227811 0.0634864 0.00960907 0.0154977 0.0169875 0.0626779 0.0175876 0.0593418 0.0212737 0.0406605 0.0428756 0.0340809 0.0183047 0.0111145 0.00884511 0.0113091 0.0115815 0.0107966 0.0117637 0.0105926 0.0373306 0.0109344 0.0159191 0.0103212 0.00847607 0.0116635 0.0155743 0.0152481 0.0095694 0.00836577 0.0116383 0.00923516 0.014269 0.00866117 0.00840042 0.00941563 0.00861752 0.0106262 0.00834505 0.00909831 0.0120657 0.00889107 0.00827423 0.00822419 0.00867057 0.0086877 0.0101327 0.0085891 0.00814734 0.00832259 0.0086832 0.00837034 0.0081026 0.00838898 0.0083823 0.00861507 0.00859186 0.0084075 0.00823163 0.00822615 0.00861673 0.00845988 0.00834071 0.00821182 0.00841658 0.00834213 0.00837785 0.00850934 0.00837969 0.00832448 0.00832666 0.0085255 0.0084955 0.00844015 0.00881146 0.00933483 0.009169 0.009704 
0.00389608 0.00370128 0.00372012 0.00378912 0 0.00372207 0.00370813 0.00374886 0.00974852 0.0204292 0.649201 0.0633906 0.0674173 0.0108131 0.0109393 0.0126432 0.0377588 0.0362145 0.0509925 0.0264113 0.0511831 0.0380879 0.050354 0.0313934 0.0186242 0.0116918 0.00889711 0.0106515 0.0125442 0.0117138 0.0098189 0.018757 0.0159166 0.0217776 0.0129156 0.0106606 0.00869564 0.0108416 0.0264776 0.0169564 0.010016 0.00860836 0.0104199 0.0132843 0.0109036 0.010061 0.00830709 0.00890168 0.0120102 0.00979776 0.00903858 0.00905464 0.010644 0.00967716 0.00841385 0.00842019 0.00870037 0.0100229 0.00903515 0.00879645 0.00831209 0.00855162 0.00872368 0.00848311 0.00819987 0.00850319 0.00843241 0.00882168 0.00881797 0.00856258 0.00839197 0.00838257 0.0087941 0.00862359 0.00847871 0.00841818 0.00856661 0.00841812 0.00828822 0.0086032 0.00848505 0.00844624 0.00842087 0.00860164 0.00860074 0.00846153 0.00909329 0.00972539 0.00974934 0.00972629 
0.00532848 0.00374541 0.00410427 0.00371112 0.00372207 0 0.00371832 0.00373587 0.0155 0.582949 0.0789001 0.040055 0.0208193 0.0117321 0.0111267 0.0116568 0.027881 0.0469902 0.0440531 0.0369026 0.0505745 0.0433419 0.0386865 0.0433794 0.0203197 0.0115268 0.00880577 0.0107087 0.0139432 0.0109966 0.0100751 0.0186112 0.0233985 0.0176094 0.0149209 0.01162 0.00860843 0.0114296 0.0237696 0.0168944 0.00976323 0.0084598 0.0118259 0.0120849 0.013413 0.0094836 0.00825433 0.00919942 0.00950591 0.0102228 0.00863806 0.00942832 0.0100745 0.00939401 0.00849209 0.00834011 0.00874177 0.00891818 0.010199 0.00872694 0.00826056 0.00840701 0.00864235 0.00862719 0.00817259 0.00833966 0.00853935 0.00887972 0.0088696 0.00857788 0.00833105 0.00833468 0.00870956 0.00869264 0.00839954 0.00827407 0.00851667 0.00843765 0.00829582 0.00853609 0.0084764 0.00839485 0.00832511 0.00856745 0.00859583 0.00836216 0.00886281 0.00971979 0.0097388 0.00977795 
0.00484942 0.00829475 0.00376378 0.00377892 0.00370813 0.00371832 0 0.00383565 0.564865 0.0538372 0.0644884 0.0113501 0.00845263 0.0292016 0.00990888 0.0123893 0.0208803 0.0291117 0.0153015 0.0292982 0.0170245 0.017604 0.0348803 0.019721 0.0368219 0.0122943 0.010182 0.0104036 0.0224923 0.0124472 0.0116175 0.013508 0.0161516 0.00956838 0.0103201 0.013042 0.00888803 0.0104748 0.0131613 0.0169705 0.0102068 0.00904274 0.00941843 0.0101725 0.0100115 0.00867358 0.00848546 0.00904464 0.00952429 0.0106181 0.00865251 0.00879395 0.00922552 0.00936145 0.00846318 0.00832447 0.00854895 0.00860841 0.00888973 0.00849692 0.0082194 0.00835137 0.00848271 0.00843676 0.00812981 0.00840106 0.00848923 0.00863287 0.00866981 0.00849087 0.00829268 0.0083553 0.00857561 0.00858688 0.00839515 0.00830797 0.00850626 0.00838697 0.00841215 0.00852111 0.00846882 0.00837718 0.00847184 0.00852237 0.00865767 0.00846474 0.00911434 0.00940511 0.00923692 0.00930068 
0.0437805 0.00399269 0.00382513 0.00370547 0.00374886 0.00373587 0.00383565 0 0.0356543 0.0222592 0.00751232 0.00769544 0.0116043 0.0084685 0.0568619 0.0144998 0.0147262 0.0100394 0.0143411 0.00948182 0.010659 0.0114722 0.0110596 0.0109355 0.010178 0.0325915 0.0141253 0.0157383 0.0094641 0.0124049 0.014454 0.0112834 0.00874389 0.0100525 0.00862017 0.00866102 0.0105175 0.0133451 0.00923796 0.00931122 0.0109469 0.0115229 0.0101295 0.00897795 0.00831797 0.00880614 0.00834614 0.0125265 0.00890043 0.00835191 0.00893287 0.00921087 0.00850884 0.0084402 0.00843039 0.00837787 0.00818375 0.00820514 0.00840906 0.00822857 0.00852737 0.00832279 0.0082295 0.00821799 0.00815572 0.00885372 0.00818708 0.0083391 0.00831859 0.00819411 0.00818778 0.0085541 0.00838943 0.00832684 0.00829137 0.00862499 0.0083789 0.00833722 0.00867682 0.00836601 0.00827221 0.00838068 0.00937994 0.00851045 0.0085308 0.00857276 0.0105364 0.00912719 0.00896406 0.010168 
0.0191414 0.0138154 0.00823635 0.0149906 0.00974852 0.0155 0.564865 0.0356543 0 0.00375758 0.00398167 0.00375259 0.00373885 0.00476752 0.00422791 0.0140041 0.00758484 0.0114022 0.0086856 0.0187285 0.0214439 0.105949 0.0382493 0.0119879 0.0110117 0.0264307 0.0158036 0.0129578 0.0100365 0.0151671 0.010267 0.00854509 0.011437 0.00860183 0.00908009 0.00891141 0.0131129 0.00991144 0.00933738 0.00937458 0.0130127 0.00915853 0.00970071 0.00827452 0.00871236 0.00841634 0.012078 0.00839404 0.00830065 0.00936445 0.00912605 0.00858681 0.00840941 0.00831673 0.0087541 0.00830994 0.00810174 0.0082285 0.00835199 0.00824605 0.00896784 0.00824471 0.00808174 0.00829393 0.00893228 0.00836434 0.00823965 0.0082313 0.00817976 0.00813806 0.0083268 0.00818876 0.00818297 0.00822838 0.00835532 0.00820581 0.00834596 0.00873269 0.00867679 0.00826073 0.00822547 0.00840663 0.00848657 0.00832392 0.00839349 0.00904996 0.00910329 0.00864873 0.00915352 0.0102343 
0.0183811 0.0111395 0.0237989 0.00885532 0.0204292 0.582949 0.0538372 0.0222592 0.00375758 0 0.00382103 0.00375322 0.00390555 0.00382582 0.00489391 0.00785639 0.0121308 0.00899532 0.015497 0.0105628 0.102732 0.0335428 0.0231765 0.0108404 0.0183817 0.01028 0.0118433 0.0100436 0.012551 0.00917259 0.00863664 0.0139123 0.00871374 0.0136369 0.00898507 0.00908983 0.00900922 0.00921804 0.0114817 0.009777 0.00986963 0.0083438 0.00852937 0.0122062 0.00844222 0.00955427 0.00818038 0.00866795 0.00941811 0.00831306 0.00845921 0.00820391 0.00871639 0.00852869 0.00817942 0.00805851 0.00842903 0.00841289 0.00846091 0.0083523 0.00826907 0.00815694 0.00841285 0.00820247 0.00813575 0.00855257 0.00825974 0.00845515 0.0082921 0.00822948 0.00818402 0.00821133 0.00836369 0.00833597 0.00829612 0.00836376 0.00843644 0.0083803 0.00827301 0.00838685 0.00832979 0.00834635 0.00863918 0.00844715 0.00840322 0.00839679 0.00884659 0.00880915 0.00879096 0.00964034 
0.0100027 0.0116743 0.00894945 0.0143899 0.649201 0.0789001 0.0644884 0.00751232 0.00398167 0.00382103 0 0.00378601 0.0037127 0.00379008 0.00378304 0.00656732 0.00764812 0.0109026 0.015698 0.0829314 0.0364464 0.0110006 0.011085 0.0135586 0.00874618 0.00882557 0.00852696 0.00885711 0.00869293 0.00928043 0.00869933 0.00894346 0.0139208 0.00961727 0.00983735 0.00875148 0.00824706 0.00868076 0.0110139 0.00909308 0.00859129 0.00811551 0.00889046 0.00840776 0.0100603 0.00822025 0.00811874 0.00814674 0.00823195 0.00847071 0.0081474 0.00820752 0.00877053 0.00831989 0.00806412 0.00806258 0.00821597 0.00821423 0.00845994 0.0082141 0.00811563 0.00810702 0.00821772 0.00817772 0.00800152 0.00809692 0.00819735 0.00831068 0.00824177 0.0080865 0.00808081 0.00811539 0.00833398 0.00823645 0.00820295 0.00817444 0.00824241 0.00821757 0.00813782 0.00829038 0.008243 0.00824589 0.00820015 0.00840494 0.00831837 0.0082949 0.0084674 0.00865568 0.00862082 0.00880242 
0.00892242 0.0116671 0.00969682 0.685733 0.0633906 0.040055 0.0113501 0.00769544 0.00375259 0.00375322 0.00378601 0 0.00369735 0.00376842 0.00376048 0.00683231 0.00766128 0.0230609 0.0236347 0.038319 0.00880534 0.0129044 0.0191556 0.00893963 0.00928513 0.00783587 0.00865726 0.00879638 0.0090098 0.00878709 0.0088015 0.00881082 0.0133615 0.00909534 0.0107479 0.00858238 0.00819953 0.00885649 0.00936557 0.0101127 0.00863553 0.00809719 0.00841833 0.00855818 0.0100274 0.00828283 0.00827888 0.00817152 0.00831513 0.00871756 0.00803514 0.00829341 0.00870761 0.00839636 0.00808604 0.00815539 0.0082862 0.00834875 0.00856792 0.00828739 0.0080431 0.00808333 0.00825032 0.0081288 0.00804778 0.00811191 0.00822935 0.00828208 0.0082395 0.00814094 0.00811324 0.00818407 0.00829258 0.00827654 0.00827778 0.00818267 0.00831718 0.00820317 0.00851748 0.00828784 0.008263 0.00827595 0.00832351 0.0083714 0.00835401 0.00840711 0.0084383 0.00876145 0.00872785 0.00877285 
0.0158611 0.00922392 0.698422 0.0227811 0.0674173 0.0208193 0.00845263 0.0116043 0.00373885 0.00390555 0.0037127 0.00369735 0 0.0036938 0.00393191 0.00533695 0.0159317 0.0105135 0.0786506 0.00826485 0.0145667 0.00849762 0.00975091 0.00821073 0.0082144 0.00876226 0.00958221 0.00966279 0.00917684 0.00895671 0.00846056 0.0137688 0.00876179 0.0187464 0.00874665 0.0086899 0.00847893 0.0086557 0.0115871 0.00923388 0.008897 0.0083145 0.00849208 0.00992984 0.00849377 0.00970571 0.00796321 0.0086091 0.00934935 0.00831766 0.00898034 0.00827611 0.00874375 0.00847535 0.00812864 0.00807839 0.00836254 0.00836001 0.00844708 0.00821827 0.00829884 0.00818956 0.00829067 0.00823684 0.00805966 0.00925447 0.00819421 0.00842565 0.00831859 0.00821064 0.00812157 0.0081999 0.00835079 0.00830987 0.00821213 0.00842408 0.00826234 0.0083627 0.00817732 0.0084728 0.00829413 0.00826845 0.00839218 0.00848459 0.00849486 0.00833477 0.00899682 0.00881856 0.00881536 0.0094402 
0.013572 0.740941 0.0154297 0.0634864 0.0108131 0.0117321 0.0292016 0.0084685 0.00476752 0.00382582 0.00379008 0.00376842 0.0036938 0 0.00374319 0.0136621 0.0200358 0.056113 0.00782102 0.0188841 0.00858067 0.00978696 0.00815091 0.00912005 0.0135029 0.00813777 0.0100969 0.00979493 0.0132082 0.00929616 0.0106706 0.00894084 0.0217981 0.00873159 0.0101641 0.00994419 0.00874731 0.0100938 0.00956046 0.0120791 0.00898999 0.00850099 0.00935165 0.00830604 0.0104305 0.00829851 0.00920399 0.00855562 0.0082514 0.0118624 0.00815139 0.00864472 0.0088489 0.00835115 0.00811559 0.00837974 0.00839283 0.00840345 0.00852173 0.00822651 0.00806555 0.00815643 0.0083317 0.00817521 0.00816993 0.00810734 0.00844712 0.00824341 0.00830225 0.00811732 0.00808725 0.00825227 0.00829494 0.00825752 0.00823729 0.00816426 0.00836782 0.00815698 0.00922413 0.00830257 0.00827575 0.00826279 0.00870587 0.00839547 0.00832576 0.00864399 0.00866313 0.00888001 0.00872816 0.00876735 
0.610432 0.00996235 0.0171511 0.00960907 0.0109393 0.0111267 0.00990888 0.0568619 0.00422791 0.00489391 0.00378304 0.00376048 0.00393191 0.00374319 0 0.0358483 0.0775647 0.0072528 0.0204477 0.00698101 0.00947625 0.00706873 0.0105353 0.00785942 0.00818485 0.013685 0.0158598 0.0187339 0.00986363 0.011449 0.01313 0.0151628 0.00846596 0.0122974 0.00863611 0.00868893 0.00983015 0.0120828 0.0100715 0.00907673 0.0106749 0.0120815 0.00949508 0.00981249 0.00833289 0.00965896 0.00794729 0.0126134 0.0101196 0.00821519 0.00999197 0.00894796 0.00849323 0.0084129 0.00841355 0.00849567 0.00817947 0.00815961 0.00861727 0.00816028 0.00873291 0.00844375 0.00819942 0.00824877 0.00811589 0.00998208 0.00810248 0.00846679 0.00823955 0.00818623 0.00817517 0.00845836 0.00830455 0.00835977 0.00824403 0.00910942 0.00829228 0.00845907 0.00843801 0.00860145 0.00824845 0.00842298 0.00940609 0.00852087 0.00861716 0.00846607 0.0102242 0.00892411 0.00892332 0.00979325 
0.0148693 0.0183691 0.0102719 0.0154977 0.0126432 0.0116568 0.0123893 0.0144998 0.0140041 0.00785639 0.00656732 0.00683231 0.00533695 0.0136621 0.0358483 0 0.00473312 0.00373231 0.00369943 0.00387121 0.00379785 0.00392864 0.00384374 0.00413281 0.00553155 0.00809973 0.0224772 0.019037 0.0106872 0.0174474 0.0132196 0.00941587 0.011715 0.00902196 0.00994961 0.00948858 0.0144221 0.0151296 0.0109102 0.0105093 0.0142269 0.0102598 0.0101527 0.00868112 0.00898661 0.00844707 0.0123325 0.00931058 0.00855052 0.0100077 0.00980212 0.00931987 0.00872405 0.0086267 0.00891217 0.00825839 0.00828029 0.00830731 0.00838224 0.00823239 0.00878826 0.00824441 0.0081917 0.0083111 0.00853368 0.00835884 0.00820973 0.00837406 0.00833715 0.00828045 0.00821971 0.00811442 0.00824392 0.00825037 0.00826505 0.00832428 0.00823474 0.00838896 0.00848394 0.00825143 0.00819325 0.00834818 0.00830403 0.00828402 0.00822227 0.00838548 0.00858313 0.00851555 0.00852457 0.00932797 
0.0194808 0.0157842 0.0325849 0.0169875 0.0377588 0.027881 0.0208803 0.0147262 0.00758484 0.0121308 0.00764812 0.00766128 0.0159317 0.0200358 0.0775647 0.00473312 0 0.00373401 0.00371536 0.00374482 0.00378103 0.0038 0.00381856 0.00411849 0.0105775 0.00723512 0.0127354 0.0188819 0.0211989 0.0111412 0.0103445 0.0280784 0.010439 0.0221831 0.0111325 0.0125113 0.010151 0.0121834 0.0294376 0.0161971 0.0120406 0.00884954 0.00945447 0.0162799 0.00923706 0.0140794 0.00880195 0.0093792 0.0108733 0.00971492 0.0104802 0.00893988 0.0113818 0.00974992 0.00878242 0.00829909 0.00884265 0.00897298 0.00905393 0.00904604 0.00862197 0.00834639 0.00849275 0.0085914 0.00826531 0.0085305 0.0083414 0.00853653 0.00845812 0.00840287 0.0082299 0.00821797 0.00835035 0.00843219 0.00831547 0.00827439 0.00831678 0.00834218 0.00826699 0.00836434 0.00834857 0.00833906 0.00837768 0.00836635 0.00840294 0.00836408 0.00867701 0.00885573 0.00906745 0.00930646 
0.0116998 0.0380423 0.0126817 0.0626779 0.0362145 0.0469902 0.0291117 0.0100394 0.0114022 0.00899532 0.0109026 0.0230609 0.0105135 0.056113 0.0072528 0.00373231 0.00373401 0 0.00372599 0.00372027 0.00379121 0.0038243 0.0037772 0.0048573 0.00475436 0.00421869 0.0100371 0.0133407 0.0133886 0.0124804 0.0127042 0.0103448 0.0575914 0.0102515 0.0323258 0.0127337 0.00964567 0.0116225 0.0255396 0.0219644 0.0116378 0.0092039 0.0119854 0.011549 0.0430443 0.00906301 0.00934663 0.00965438 0.0101241 0.0147031 0.00896373 0.00920081 0.0119722 0.010071 0.00865703 0.00845417 0.00907892 0.00945452 0.0116164 0.00931363 0.00878854 0.0083517 0.00959704 0.00881509 0.00887757 0.00832396 0.00878392 0.00904742 0.00937888 0.00860593 0.00836312 0.00833215 0.00870092 0.00861446 0.00839342 0.00827038 0.00854839 0.0085633 0.00864489 0.00847396 0.00841525 0.00841906 0.00837892 0.0084509 0.00849882 0.00841868 0.00864357 0.00894059 0.00906214 0.00916752 
0.0455297 0.0096505 0.0702975 0.0175876 0.0509925 0.0440531 0.0153015 0.0143411 0.0086856 0.015497 0.015698 0.0236347 0.0786506 0.00782102 0.0204477 0.00369943 0.00371536 0.00372599 0 0.00372525 0.00375117 0.0037714 0.00394631 0.00401035 0.00396338 0.0041349 0.0106394 0.0132479 0.0114023 0.0123633 0.0097341 0.037601 0.00999909 0.0769055 0.0118891 0.0121117 0.00937504 0.0128334 0.0259942 0.0158724 0.011882 0.00910042 0.0100874 0.0408823 0.0100965 0.0142641 0.008336 0.0104369 0.0138018 0.00938419 0.0103704 0.00910373 0.0107279 0.0111932 0.00876893 0.00846452 0.0091602 0.0100223 0.00990155 0.00917427 0.00858827 0.00875855 0.00879238 0.00875425 0.0082728 0.0088596 0.00848517 0.00901828 0.00868827 0.0086029 0.00828673 0.00832684 0.00865499 0.0086383 0.00836649 0.00861433 0.00844789 0.00861323 0.00827113 0.00852825 0.00843983 0.00833638 0.00844014 0.00850489 0.00851876 0.00833221 0.00894587 0.00904999 0.00899458 0.0093874 
0.00998883 0.0438835 0.0106823 0.0593418 0.0264113 0.0369026 0.0292982 0.00948182 0.0187285 0.0105628 0.0829314 0.038319 0.00826485 0.0188841 0.00698101 0.00387121 0.00374482 0.00372027 0.00372525 0 0.00371349 0.00377715 0.00372489 0.00374589 0.00387894 0.00378002 0.00967801 0.012064 0.0129876 0.0103365 0.0126141 0.00969808 0.0952659 0.00956352 0.0194193 0.0113719 0.00905351 0.0114348 0.0188195 0.0180009 0.00976414 0.00890719 0.0247449 0.00981808 0.0259715 0.00858125 0.00931367 0.00923906 0.00905072 0.0144624 0.0084833 0.00931511 0.0117209 0.0102777 0.00850236 0.0085204 0.0089829 0.00901458 0.0102361 0.00861985 0.00842336 0.00852716 0.00864731 0.00850678 0.00816463 0.00819542 0.00856613 0.00851055 0.00856496 0.00833003 0.00812806 0.00825154 0.00851893 0.00840344 0.00829664 0.00819099 0.00835219 0.00823522 0.00842133 0.00835742 0.00833449 0.0082923 0.00830685 0.00839824 0.00846244 0.00835008 0.00859456 0.00886684 0.00879652 0.00892495 
0.0197876 0.0106068 0.0632988 0.0212737 0.0511831 0.0505745 0.0170245 0.010659 0.0214439 0.102732 0.0364464 0.00880534 0.0145667 0.00858067 0.00947625 0.00379785 0.00378103 0.00379121 0.00375117 0.00371349 0 0.00372102 0.00373056 0.00373863 0.00371631 0.00382336 0.0106747 0.0139087 0.0125358 0.0107971 0.0105023 0.0352577 0.0109001 0.03065 0.0121249 0.0114034 0.00926025 0.0125598 0.0195458 0.0142844 0.010825 0.00912548 0.0102521 0.0204706 0.0105392 0.0105059 0.00852679 0.00966538 0.0125787 0.00916714 0.00951193 0.00885778 0.0101474 0.010161 0.00852959 0.00829045 0.00885074 0.00946325 0.00967549 0.00888037 0.00829223 0.00831466 0.00859871 0.00865311 0.00818686 0.00848681 0.00833921 0.00877649 0.00866758 0.00847015 0.00835356 0.00815859 0.00854452 0.00839481 0.00829057 0.00834662 0.00835677 0.00843463 0.00822173 0.00835336 0.00831287 0.00828688 0.0082827 0.00838296 0.0083835 0.00827736 0.00854667 0.0087896 0.00877536 0.00926383 
0.0109949 0.0208951 0.0145444 0.0406605 0.0380879 0.0433419 0.017604 0.0114722 0.105949 0.0335428 0.0110006 0.0129044 0.00849762 0.00978696 0.00706873 0.00392864 0.0038 0.0038243 0.0037714 0.00377715 0.00372102 0 0.0037645 0.00373728 0.00371667 0.00372424 0.00996217 0.0166211 0.0122041 0.0110576 0.0157416 0.0111492 0.0308579 0.0102393 0.0158143 0.0108527 0.00927795 0.0108162 0.0188196 0.0152245 0.0105282 0.00913559 0.0119077 0.0100989 0.0166182 0.00924758 0.00873804 0.00933378 0.0091789 0.0110002 0.00887166 0.0089067 0.0104698 0.00942461 0.00855554 0.00819039 0.00889043 0.0094025 0.0103028 0.00872457 0.0082987 0.00830987 0.00863084 0.00847574 0.00813864 0.00824429 0.00838529 0.0085348 0.00864871 0.00825749 0.00814023 0.00817701 0.00840711 0.00837092 0.00821801 0.00819946 0.00826945 0.00823315 0.00814366 0.00830899 0.00828549 0.00826726 0.00818351 0.00835537 0.00831251 0.00830572 0.0084265 0.00864195 0.00863957 0.00871898 
0.0118082 0.0129279 0.035592 0.0428756 0.050354 0.0386865 0.0348803 0.0110596 0.0382493 0.0231765 0.011085 0.0191556 0.00975091 0.00815091 0.0105353 0.00384374 0.00381856 0.0037772 0.00394631 0.00372489 0.00373056 0.0037645 0 0.00372916 0.00373616 0.00371889 0.0100298 0.014188 0.018272 0.0136236 0.0109135 0.0175701 0.0136122 0.0282885 0.0131938 0.0117989 0.00962741 0.01177 0.0222525 0.0233635 0.0130691 0.0095438 0.0105758 0.0173684 0.0131985 0.0118211 0.00864811 0.00961435 0.0112633 0.0109338 0.00970747 0.00930424 0.0108487 0.010778 0.0087128 0.00834009 0.00911038 0.00970554 0.00981779 0.0088838 0.0082596 0.00834066 0.00866108 0.00871121 0.00817476 0.00832688 0.00832377 0.00868748 0.00855449 0.00860121 0.00823564 0.00819742 0.00854387 0.00843489 0.00824045 0.0082552 0.00837777 0.00825422 0.00813329 0.0083511 0.00832477 0.00828534 0.00818142 0.00833313 0.00833149 0.00830365 0.00836655 0.0088419 0.00873701 0.0087105 
0.0115 0.0135076 0.029691 0.0340809 0.0313934 0.0433794 0.019721 0.0109355 0.0119879 0.0108404 0.0135586 0.00893963 0.00821073 0.00912005 0.00785942 0.00413281 0.00411849 0.0048573 0.00401035 0.00374589 0.00373863 0.00373728 0.00372916 0 0.00369403 0.0037142 0.00874792 0.0138987 0.0149244 0.0127456 0.0105079 0.0114515 0.0218482 0.0128645 0.0136999 0.0100939 0.00898762 0.0114204 0.0248826 0.0167453 0.0103359 0.00892416 0.0107984 0.0125186 0.0152087 0.00923961 0.0084098 0.00965886 0.00997751 0.0101099 0.00872684 0.00875027 0.00984559 0.00965736 0.00842151 0.00820526 0.0086742 0.00911591 0.00971532 0.00874593 0.00818976 0.00824497 0.00860117 0.00849744 0.00811075 0.00815732 0.00826725 0.00847764 0.0085364 0.00827148 0.0080692 0.00820145 0.00835781 0.00836858 0.00813074 0.00821785 0.00817819 0.00817974 0.00809878 0.00827509 0.00825 0.00820085 0.00819195 0.00830571 0.00826488 0.00824234 0.00829928 0.00862897 0.00860994 0.00855942 
0.0108066 0.0265918 0.0134757 0.0183047 0.0186242 0.0203197 0.0368219 0.010178 0.0110117 0.0183817 0.00874618 0.00928513 0.0082144 0.0135029 0.00818485 0.00553155 0.0105775 0.00475436 0.00396338 0.00387894 0.00371631 0.00371667 0.00373616 0.00369403 0 0.00371067 0.0101718 0.0132515 0.0545598 0.0179268 0.0106703 0.0150608 0.0139209 0.00975249 0.0099509 0.0160739 0.00964868 0.0103281 0.0176305 0.0256756 0.0103585 0.00931077 0.00938805 0.0123607 0.0102874 0.0102098 0.00848669 0.00947291 0.00992682 0.0151619 0.0089477 0.00865566 0.00986204 0.00949667 0.00858829 0.00818258 0.00855037 0.00859064 0.00873608 0.00839035 0.00820639 0.00816545 0.0083852 0.00837336 0.00808069 0.00813553 0.00821083 0.00833221 0.00827837 0.00830324 0.00810125 0.00812407 0.00831764 0.00824888 0.00817175 0.00809158 0.00822294 0.00816834 0.0081132 0.00821774 0.00821025 0.00823294 0.00822035 0.0082564 0.00832168 0.00829953 0.00830323 0.00853774 0.00848119 0.00843381 
0.0295913 0.0110426 0.0119485 0.0111145 0.0116918 0.0115268 0.0122943 0.0325915 0.0264307 0.01028 0.00882557 0.00783587 0.00876226 0.00813777 0.013685 0.00809973 0.00723512 0.00421869 0.0041349 0.00378002 0.00382336 0.00372424 0.00371889 0.0037142 0.00371067 0 0.056732 0.0210833 0.0241376 0.0481881 0.0243337 0.0141167 0.00958345 0.0103398 0.00931598 0.0096144 0.018039 0.0169982 0.012554 0.0113009 0.017779 0.0168843 0.0141278 0.0101477 0.00881534 0.010287 0.00959311 0.0158936 0.0104831 0.00881036 0.0111084 0.0104994 0.00885527 0.00897978 0.00929873 0.00901835 0.00833628 0.00856942 0.00879373 0.0084001 0.00907706 0.00837951 0.00864981 0.00845901 0.00833573 0.00849713 0.00817563 0.00824428 0.00825044 0.00820222 0.008168 0.00848979 0.0082247 0.00822205 0.00820914 0.00839448 0.00819111 0.00830236 0.00856019 0.00824721 0.00818243 0.00826118 0.00868133 0.00833082 0.00832534 0.00832922 0.00902633 0.00854592 0.0085863 0.00953813 
0.0135728 0.00963124 0.00881421 0.00884511 0.00889711 0.00880577 0.010182 0.0141253 0.0158036 0.0118433 0.00852696 0.00865726 0.00958221 0.0100969 0.0158598 0.0224772 0.0127354 0.0100371 0.0106394 0.00967801 0.0106747 0.00996217 0.0100298 0.00874792 0.0101718 0.056732 0 0.485037 0.0135932 0.0140373 0.0138602 0.0110091 0.00952955 0.00995507 0.00929681 0.00990779 0.0168094 0.0155357 0.0110228 0.00982295 0.0148514 0.0324924 0.0127445 0.0102559 0.00846486 0.00916615 0.0134142 0.0139163 0.010073 0.00922377 0.0117352 0.01113 0.00826857 0.00823575 0.00920409 0.00929546 0.00814459 0.00795414 0.00803463 0.00829154 0.00951302 0.00919086 0.00809531 0.00807312 0.00898597 0.010904 0.00811224 0.00803104 0.00796351 0.00800906 0.00829195 0.00873266 0.00805441 0.00801613 0.00835278 0.00893201 0.00808939 0.00839509 0.00950461 0.00811379 0.00801472 0.00819917 0.00917831 0.00832948 0.00817149 0.00879286 0.0101148 0.00851088 0.00852448 0.00967916 
0.0104819 0.0104472 0.00953969 0.0113091 0.0106515 0.0107087 0.0104036 0.0157383 0.0129578 0.0100436 0.00885711 0.00879638 0.00966279 0.00979493 0.0187339 0.019037 0.0188819 0.0133407 0.0132479 0.012064 0.0139087 0.0166211 0.014188 0.0138987 0.0132515 0.0210833 0.485037 0 0.00378605 0.0037325 0.00531774 0.00771455 0.028163 0.0131407 0.00729941 0.00729094 0.0230258 0.0192256 0.0172445 0.0117734 0.0287974 0.0154299 0.0132295 0.0118851 0.00977331 0.0101749 0.0165976 0.0124423 0.0109718 0.010626 0.0172456 0.0110654 0.00973916 0.0090572 0.0108944 0.00886023 0.00848538 0.00859955 0.00880773 0.0084852 0.0102489 0.00844197 0.00825838 0.00844718 0.00898149 0.0086508 0.00816733 0.00825264 0.00826373 0.00821337 0.00838482 0.00811383 0.00820568 0.00822077 0.00822259 0.00815826 0.0081664 0.00833367 0.00817442 0.00817656 0.00815156 0.00820699 0.00815242 0.00816671 0.00816776 0.00845651 0.00837309 0.00838512 0.00842759 0.00916279 
0.00884462 0.0146048 0.0100546 0.0115815 0.0125442 0.0139432 0.0224923 0.0094641 0.0100365 0.012551 0.00869293 0.0090098 0.00917684 0.0132082 0.00986363 0.0106872 0.0211989 0.0133886 0.0114023 0.0129876 0.0125358 0.0122041 0.018272 0.0149244 0.0545598 0.0241376 0.0135932 0.00378605 0 0.00372666 0.00626952 0.0206336 0.0126169 0.00655829 0.00597446 0.0176235 0.0074661 0.012426 0.0262569 0.0401416 0.0110729 0.0104493 0.00979691 0.0216098 0.010722 0.0153353 0.0100903 0.011075 0.0142406 0.0201083 0.0106161 0.00909631 0.0138197 0.0139185 0.00902172 0.00819633 0.00922177 0.00881789 0.00902702 0.00993308 0.00831769 0.00854149 0.0085424 0.00910554 0.0083266 0.00799415 0.00854558 0.00857901 0.00854948 0.00843291 0.00815177 0.00796419 0.00827435 0.00835376 0.00809835 0.0079767 0.00816405 0.00812685 0.00798273 0.00821598 0.00813563 0.00812969 0.00814384 0.00826601 0.0081681 0.0082152 0.00822684 0.00851692 0.00843862 0.00834615 
0.013271 0.00953113 0.0100354 0.0107966 0.0117138 0.0109966 0.0124472 0.0124049 0.0151671 0.00917259 0.00928043 0.00878709 0.00895671 0.00929616 0.011449 0.0174474 0.0111412 0.0124804 0.0123633 0.0103365 0.0107971 0.0110576 0.0136236 0.0127456 0.0179268 0.0481881 0.0140373 0.0037325 0.00372666 0 0.0185678 0.0209327 0.00539425 0.00577551 0.00610993 0.00713013 0.00999858 0.0149867 0.0135058 0.0144914 0.0291021 0.0146971 0.0173597 0.0109547 0.0100771 0.0103344 0.0118948 0.0186522 0.0102289 0.0107705 0.0158934 0.0116876 0.00999506 0.0110921 0.011303 0.0100172 0.00844783 0.00874395 0.00962512 0.00851209 0.00929029 0.0085333 0.0084456 0.00842447 0.00838494 0.00820525 0.00814878 0.00831399 0.00830257 0.00821047 0.00828361 0.00815497 0.00821067 0.00816986 0.00814956 0.00807927 0.00809546 0.00811476 0.00817855 0.00805992 0.00806376 0.00810446 0.00826318 0.00817368 0.0081958 0.00813407 0.00841088 0.00836547 0.00829458 0.00837403 
0.00901063 0.00930852 0.00884959 0.0117637 0.0098189 0.0100751 0.0116175 0.014454 0.010267 0.00863664 0.00869933 0.0088015 0.00846056 0.0106706 0.01313 0.0132196 0.0103445 0.0127042 0.0097341 0.0126141 0.0105023 0.0157416 0.0109135 0.0105079 0.0106703 0.0243337 0.0138602 0.00531774 0.00626952 0.0185678 0 0.00375437 0.00373647 0.00374209 0.00379591 0.00405498 0.00580418 0.0147842 0.0105763 0.014046 0.039217 0.0141426 0.0114272 0.0103861 0.0108259 0.0102908 0.0316593 0.00996105 0.00946506 0.0138272 0.0162148 0.0101542 0.00980521 0.00989459 0.0121422 0.00844953 0.00834216 0.00852859 0.0088267 0.00876758 0.0105385 0.00824782 0.00814592 0.00853114 0.00915323 0.00814928 0.00802977 0.00817746 0.00817394 0.00816008 0.00845971 0.00813046 0.00809906 0.00811842 0.00826877 0.00811897 0.00798796 0.00847683 0.0081036 0.00809377 0.00806824 0.00816439 0.00806548 0.00811757 0.00812696 0.00840084 0.00828265 0.00827126 0.00835112 0.00912002 
0.00996454 0.00869444 0.0171763 0.0105926 0.018757 0.0186112 0.013508 0.0112834 0.00854509 0.0139123 0.00894346 0.00881082 0.0137688 0.00894084 0.0151628 0.00941587 0.0280784 0.0103448 0.037601 0.00969808 0.0352577 0.0111492 0.0175701 0.0114515 0.0150608 0.0141167 0.0110091 0.00771455 0.0206336 0.0209327 0.00375437 0 0.00376345 0.00382054 0.00379848 0.00428267 0.00405225 0.00982313 0.0660228 0.0154645 0.0130694 0.00996571 0.00996747 0.0283393 0.00890527 0.0256834 0.00907737 0.010738 0.0161659 0.00958507 0.0132635 0.00911961 0.0144133 0.0108635 0.00899049 0.00819369 0.00962955 0.00999743 0.0102149 0.0096263 0.00909578 0.00841847 0.00883017 0.00883954 0.00843076 0.00858747 0.00833421 0.00914898 0.00867784 0.0086178 0.00821121 0.00807378 0.00855652 0.00847314 0.00821146 0.00812649 0.00829577 0.00827887 0.00803042 0.00845014 0.0082674 0.00819439 0.00816304 0.00828742 0.00832378 0.00827419 0.0084298 0.00858673 0.00853036 0.00871705 
0.00863673 0.0190288 0.00980828 0.0373306 0.0159166 0.0233985 0.0161516 0.00874389 0.011437 0.00871374 0.0139208 0.0133615 0.00876179 0.0217981 0.00846596 0.011715 0.010439 0.0575914 0.00999909 0.0952659 0.0109001 0.0308579 0.0136122 0.0218482 0.0139209 0.00958345 0.00952955 0.028163 0.0126169 0.00539425 0.00373647 0.00376345 0 0.00370975 0.00372921 0.00376897 0.00380112 0.0316738 0.0140706 0.0209153 0.0125976 0.00988606 0.0129122 0.00943413 0.0505081 0.00874116 0.0113235 0.0100056 0.00953449 0.0191914 0.00869301 0.010722 0.0155101 0.0119867 0.00890969 0.00889554 0.00920606 0.0113541 0.0138639 0.0096574 0.00839675 0.00849977 0.00905268 0.00871438 0.00845066 0.00806266 0.00888678 0.00859207 0.00928997 0.00855029 0.00821355 0.00819326 0.00854499 0.00848977 0.00824281 0.00811379 0.008361 0.0081639 0.0086804 0.00826155 0.00825435 0.00817579 0.00830933 0.00823861 0.0082586 0.0082999 0.0083903 0.00867023 0.00860366 0.00895015 
0.0106449 0.00843213 0.0281009 0.0109344 0.0217776 0.0176094 0.00956838 0.0100525 0.00860183 0.0136369 0.00961727 0.00909534 0.0187464 0.00873159 0.0122974 0.00902196 0.0221831 0.0102515 0.0769055 0.00956352 0.03065 0.0102393 0.0282885 0.0128645 0.00975249 0.0103398 0.00995507 0.0131407 0.00655829 0.00577551 0.00374209 0.00382054 0.00370975 0 0.00377587 0.00376667 0.00394689 0.0107533 0.0227772 0.0109364 0.0233821 0.0094711 0.00899965 0.0271161 0.0087961 0.0154234 0.00864154 0.0107131 0.01528 0.00898364 0.0112772 0.00901714 0.0116345 0.0106028 0.00892977 0.00822085 0.00903761 0.011254 0.0114568 0.0092665 0.00869439 0.00833842 0.00860543 0.00898204 0.00830286 0.00899394 0.00830406 0.0099062 0.00874335 0.00864698 0.00819209 0.00805114 0.00843397 0.00844225 0.00828009 0.00824421 0.00822867 0.00834471 0.0080107 0.00834507 0.00820971 0.00817922 0.00823455 0.00829294 0.00823565 0.00825009 0.00849457 0.0085766 0.00859223 0.00861246 
0.00853428 0.0107005 0.0103622 0.0159191 0.0129156 0.0149209 0.0103201 0.00862017 0.00908009 0.00898507 0.00983735 0.0107479 0.00874665 0.0101641 0.00863611 0.00994961 0.0111325 0.0323258 0.0118891 0.0194193 0.0121249 0.0158143 0.0131938 0.0136999 0.0099509 0.00931598 0.00929681 0.00729941 0.00597446 0.00610993 0.00379591 0.00379848 0.00372921 0.00377587 0 0.00374993 0.00374745 0.0143627 0.0127211 0.016729 0.0125857 0.00877291 0.0140168 0.00925495 0.0168183 0.00887758 0.00917736 0.0100201 0.00963414 0.0130045 0.0087551 0.0091964 0.0121786 0.0100901 0.00845197 0.00826014 0.00895892 0.00955448 0.0108692 0.00883773 0.00833294 0.00831572 0.00861333 0.00855931 0.00817558 0.00815529 0.00833351 0.00870226 0.0086521 0.00842415 0.00801267 0.00816153 0.00838789 0.00828485 0.00804111 0.00810693 0.00819294 0.00813452 0.0081007 0.00821678 0.00811086 0.0080614 0.00810604 0.00823785 0.00821673 0.00814688 0.00837534 0.00849231 0.00854308 0.00851603 
0.00896452 0.0102456 0.0108112 0.0103212 0.0106606 0.01162 0.013042 0.00866102 0.00891141 0.00908983 0.00875148 0.00858238 0.0086899 0.00994419 0.00868893 0.00948858 0.0125113 0.0127337 0.0121117 0.0113719 0.0114034 0.0108527 0.0117989 0.0100939 0.0160739 0.0096144 0.00990779 0.00729094 0.0176235 0.00713013 0.00405498 0.00428267 0.00376897 0.00376667 0.00374993 0 0.00370254 0.0104928 0.0701 0.034003 0.0139507 0.0100359 0.00933178 0.0137309 0.0107063 0.0105633 0.00899023 0.0098607 0.0115295 0.0135784 0.00942035 0.00918481 0.0116942 0.012176 0.00908035 0.00855153 0.00878616 0.00908701 0.00934281 0.00916609 0.00819683 0.00827309 0.00862819 0.00849788 0.00812277 0.00806972 0.00840025 0.00862013 0.00867035 0.008508 0.00808423 0.00802958 0.00834456 0.00833406 0.00807109 0.00799906 0.00811902 0.00805051 0.00829134 0.00827386 0.00810861 0.00802143 0.00821142 0.0081558 0.00824301 0.00816445 0.00838759 0.00858216 0.00852975 0.00839195 
0.0113202 0.00857375 0.00851702 0.00847607 0.00869564 0.00860843 0.00888803 0.0105175 0.0131129 0.00900922 0.00824706 0.00819953 0.00847893 0.00874731 0.00983015 0.0144221 0.010151 0.00964567 0.00937504 0.00905351 0.00926025 0.00927795 0.00962741 0.00898762 0.00964868 0.018039 0.0168094 0.0230258 0.0074661 0.00999858 0.00580418 0.00405225 0.00380112 0.00394689 0.00374745 0.00370254 0 0.0412087 0.0178444 0.0140325 0.0193365 0.0156506 0.0187117 0.00993081 0.00915216 0.00935303 0.0138825 0.0169648 0.010135 0.0108029 0.0121953 0.014242 0.00906969 0.00894724 0.0103273 0.00968743 0.0083233 0.00823248 0.0083682 0.00822528 0.00884641 0.00852323 0.00815108 0.00823937 0.00841945 0.00838739 0.0080593 0.0081453 0.00806854 0.00804556 0.0082252 0.00832572 0.00813004 0.00806212 0.00816553 0.00818006 0.00804888 0.00806737 0.00835842 0.00809934 0.00797001 0.00804725 0.00826641 0.00811183 0.00803407 0.00808286 0.00858402 0.00827248 0.00822866 0.00850785 
0.00939264 0.00958558 0.00919779 0.0116635 0.0108416 0.0114296 0.0104748 0.0133451 0.00991144 0.00921804 0.00868076 0.00885649 0.0086557 0.0100938 0.0120828 0.0151296 0.0121834 0.0116225 0.0128334 0.0114348 0.0125598 0.0108162 0.01177 0.0114204 0.0103281 0.0169982 0.0155357 0.0192256 0.012426 0.0149867 0.0147842 0.00982313 0.0316738 0.0107533 0.0143627 0.0104928 0.0412087 0 0.00381276 0.00378085 0.00412351 0.0144257 0.0111454 0.0112825 0.0150585 0.0185583 0.0254208 0.00993096 0.0104338 0.0140876 0.0561999 0.0209572 0.0198522 0.0113747 0.0136273 0.0100615 0.00968159 0.00982342 0.0112557 0.0102485 0.0127702 0.00932293 0.00881187 0.00924759 0.0105318 0.00846695 0.00866957 0.00882356 0.00907516 0.00870677 0.00889035 0.00809371 0.0084119 0.00877298 0.00846459 0.00811087 0.00820921 0.00851776 0.00818523 0.00823893 0.00836075 0.00827843 0.00804969 0.00819673 0.00816874 0.00819915 0.00843701 0.00832444 0.00847454 0.00928986 
0.00932098 0.011133 0.0194308 0.0155743 0.0264776 0.0237696 0.0131613 0.00923796 0.00933738 0.0114817 0.0110139 0.00936557 0.0115871 0.00956046 0.0100715 0.0109102 0.0294376 0.0255396 0.0259942 0.0188195 0.0195458 0.0188196 0.0222525 0.0248826 0.0176305 0.012554 0.0110228 0.0172445 0.0262569 0.0135058 0.0105763 0.0660228 0.0140706 0.0227772 0.0127211 0.0701 0.0178444 0.00381276 0 0.00380192 0.00372336 0.00788406 0.0110043 0.0373296 0.0246209 0.0185494 0.00716025 0.0124324 0.0255708 0.057414 0.012607 0.0163408 0.0652839 0.0343177 0.010459 0.0091779 0.0146427 0.0185274 0.0191982 0.0127425 0.00991627 0.00956643 0.0117194 0.0102176 0.0090431 0.00864573 0.00893364 0.0103025 0.00979407 0.00950442 0.00833503 0.00818849 0.00899729 0.00904068 0.00835383 0.00829048 0.00843995 0.00823219 0.00804061 0.00849134 0.00840324 0.00822942 0.00811733 0.00822448 0.00819486 0.00819171 0.00839587 0.00875946 0.00863693 0.00874821 
0.00942615 0.0133016 0.0106173 0.0152481 0.0169564 0.0168944 0.0169705 0.00931122 0.00937458 0.009777 0.00909308 0.0101127 0.00923388 0.0120791 0.00907673 0.0105093 0.0161971 0.0219644 0.0158724 0.0180009 0.0142844 0.0152245 0.0233635 0.0167453 0.0256756 0.0113009 0.00982295 0.0117734 0.0401416 0.0144914 0.014046 0.0154645 0.0209153 0.0109364 0.016729 0.034003 0.0140325 0.00378085 0.00380192 0 0.00370877 0.00821658 0.0167817 0.0289507 0.0223131 0.00835257 0.006213 0.00867373 0.0359961 0.0354876 0.0130959 0.0114763 0.044302 0.0376869 0.0128703 0.0092434 0.0118772 0.0126549 0.0152206 0.0149511 0.00892237 0.00914658 0.0100995 0.0119574 0.00898322 0.00834055 0.0087428 0.00940319 0.00936819 0.00960726 0.00864493 0.00830841 0.00881146 0.00884849 0.00834345 0.00822995 0.00840698 0.00829374 0.00808071 0.00837648 0.00821218 0.00825002 0.00826268 0.00816078 0.00809779 0.00808612 0.00842289 0.00851029 0.00855967 0.00844657 
