1GVPA
MIKVEIKPSQAQFTTRSGVSRQGKPYSLNEQLCYVDLGNEYPVLVKITLDEGQPAYAPGLYTVHLSSFKVGQFGSLMIDRLRLVPAK
CCCEEECHHHCCCEEEEEECCCCCEEEEEEEEEEECCCCCCCEEEEEECCCCCCCCCCEEEEECHHHEEECCCCCEEECCCCEEECC
0 0 0 0 0 0 0 0 0 0 0 0 0 0 0 0 0 0 0 0 0 0 0 0 0 0 0 0 0 0 0 0 0 0 0 0 0 0 0 0 0 0 0 0 0 0 0 0 0 0 0 0 0 0 0 0 0 0 0 0 0 0 0 0 0 0 0 0 0 0 0 0 0 0 0 0 0 0 0 0 0 0 0 0 0 0 0 
0 0 0 0 0 0 0 0 0 0 0 0 0 0 0 0 0 0 0 0 0 0 0 0 0 0 0 0 0 0 0 0 0 0 0 0 0 0 0 0 0 0 0 0 0 0 0 0 0 0 0 0 0 0 0 0 0 0 0 0 0 0 0 0 0 0 0 0 0 0 0 0 0 0 0 0 0 0 0 0 0 0 0 0 0 0 0 
0 0.00387209 0.0101925 0.0108328 0.0238265 0.0433725 0.0170651 0.0265595 0.0432481 0.0155932 0.0144238 0.00967688 0.013047 0.00944724 0.0115667 0.0146297 0.00897899 0.0330933 0.00994694 0.231764 0.0372706 0.0122 0.0255313 0.00946163 0.0424397 0.0146217 0.0198269 0.00968259 0.0198117 0.00914783 0.0722758 0.0170568 0.00842954 0.019512 0.0172711 0.00861499 0.0206115 0.0238776 0.0088081 0.0167507 
0.00387209 0 0.00381059 0.0139706 0.0307138 0.00819437 0.00668485 0.0126225 0.00714234 0.00934677 0.010152 0.0111675 0.00833408 0.00914719 0.00955041 0.00858531 0.0297645 0.00851931 0.196787 0.00850263 0.0107266 0.0223382 0.0094168 0.0386031 0.00914754 0.0244241 0.0091369 0.0213416 0.0088494 0.0691844 0.00854771 0.00953575 0.0209565 0.00850896 0.00870701 0.0285224 0.0083033 0.00867875 0.0138742 0.00856417 
0.0101925 0.00381059 0 0.0338689 0.00979152 0.0113385 0.00618568 0.00582611 0.0117848 0.0140697 0.0114128 0.00850197 0.00865913 0.00919273 0.00958277 0.0242413 0.00861262 0.0232552 0.00906238 0.0337766 0.0384706 0.0100567 0.0161045 0.00873386 0.0259618 0.0097749 0.0256666 0.0090754 0.0193097 0.00874737 0.025624 0.0427975 0.00859165 0.0100372 0.0322112 0.00883103 0.0125288 0.0365021 0.00851444 0.00900075 
0.0108328 0.0139706 0.0338689 0 0.00409103 0.00391027 0.0043767 0.00411623 0.00581241 0.00700054 0.00641596 0.00691282 0.00667044 0.0121026 0.761754 0.00899722 0.00832108 0.00778144 0.0153179 0.0238735 0.0122646 0.00950453 0.00905223 0.013538 0.00990957 0.0440584 0.0100066 0.00892397 0.00873511 0.0137019 0.0196974 0.00935272 0.0085571 0.0127313 0.00918056 0.00908078 0.0121456 0.0100961 0.00864537 0.0130543 
0.0238265 0.0307138 0.00979152 0.00409103 0 0.00376032 0.00374946 0.00416452 0.00389618 0.00592192 0.00599675 0.00659498 0.00912961 0.760325 0.0138845 0.00767974 0.00910377 0.00928575 0.0127818 0.0101963 0.00992027 0.00947846 0.00937576 0.00987614 0.0148524 0.0101666 0.00890589 0.00876825 0.00895632 0.00977472 0.00993633 0.00917336 0.00853001 0.00836296 0.00855385 0.00872775 0.00852011 0.00867357 0.00880662 0.00913292 
0.0433725 0.00819437 0.0113385 0.00391027 0.00376032 0 0.00376501 0.00376842 0.00379969 0.00531568 0.00637826 0.0110549 0.861955 0.00771931 0.00693768 0.00700497 0.0085931 0.00905142 0.00795555 0.0082248 0.00894901 0.00869855 0.00904552 0.0102451 0.00993625 0.00905463 0.00856689 0.00849251 0.00947612 0.00885257 0.00895064 0.00868914 0.00818655 0.00819365 0.00835982 0.00824083 0.00817328 0.00839631 0.0082542 0.00839392 
0.0170651 0.00668485 0.00618568 0.0043767 0.00374946 0.00376501 0 0.0036969 0.00370921 0.00511537 0.00625502 0.892793 0.00697834 0.00581656 0.0062291 0.00686499 0.00852054 0.00704996 0.00883926 0.0077543 0.00896375 0.00896941 0.00895445 0.0109432 0.00900362 0.0105259 0.00860259 0.00866359 0.00916909 0.00936865 0.00879856 0.00853002 0.00829455 0.00828634 0.00840737 0.0082471 0.00823311 0.00841285 0.00823219 0.00828981 
0.0265595 0.0126225 0.00582611 0.00411623 0.00416452 0.00376842 0.0036969 0 0.00388147 0.00604064 0.926606 0.00884405 0.00685204 0.00565764 0.00661653 0.0121041 0.00682994 0.00691809 0.00931793 0.00749567 0.00988533 0.0123427 0.00924538 0.0101919 0.010656 0.0103173 0.00910416 0.0092512 0.00888982 0.010248 0.00895317 0.00968368 0.00873966 0.00838771 0.008913 0.00949645 0.00831108 0.00866384 0.00892607 0.0082114 
0.0432481 0.00714234 0.0117848 0.00581241 0.00389618 0.00379969 0.00370921 0.00388147 0 0.976752 0.00505645 0.00467712 0.00526633 0.00626194 0.00882431 0.00624273 0.00591527 0.00702458 0.00703001 0.00898128 0.0156488 0.00899533 0.00880681 0.00877342 0.0107994 0.013001 0.0134567 0.00882884 0.00904123 0.00870707 0.011733 0.0151122 0.00831919 0.00916458 0.0126829 0.0083173 0.00974787 0.0128897 0.00819367 0.00921227 
0.0155932 0.00934677 0.0140697 0.00700054 0.00592192 0.00531568 0.00511537 0.00604064 0.976752 0 0.00388852 0.00371716 0.00375809 0.0037601 0.00384417 0.0038505 0.0043512 0.00465538 0.00694867 0.0101855 0.00863577 0.00811002 0.00795912 0.00888915 0.0103419 0.0202326 0.00968105 0.00866842 0.00856037 0.00931872 0.0143467 0.00962474 0.00847401 0.0107528 0.00942179 0.00861021 0.0107594 0.0103953 0.0085507 0.0111898 
0.0144238 0.010152 0.0114128 0.00641596 0.00599675 0.00637826 0.00625502 0.926606 0.00505645 0.00388852 0 0.00379355 0.00370951 0.00370761 0.00370819 0.00389888 0.0038121 0.00407142 0.00577564 0.00624211 0.00802611 0.00849568 0.0084335 0.00791988 0.0169561 0.00903672 0.00925059 0.00890729 0.00912792 0.00991714 0.011803 0.00918703 0.00865587 0.00885762 0.00882796 0.00903749 0.00900966 0.00958394 0.00914931 0.00902029 
0.00967688 0.0111675 0.00850197 0.00691282 0.00659498 0.0110549 0.892793 0.00884405 0.00467712 0.00371716 0.00379355 0 0.00370117 0.00370945 0.0042879 0.00382899 0.00402614 0.00431612 0.00622106 0.00440294 0.00734735 0.00835075 0.00800523 0.0138375 0.00817608 0.0127029 0.0087059 0.00906118 0.010016 0.0111096 0.00864814 0.00861118 0.00855935 0.00833655 0.00840641 0.00872881 0.00825322 0.00870888 0.00860409 0.00845631 
0.013047 0.00833408 0.00865913 0.00667044 0.00912961 0.861955 0.00697834 0.00685204 0.00526633 0.00375809 0.00370951 0.00370117 0 0.00370978 0.00377272 0.00375472 0.00379175 0.00414389 0.00393367 0.00405238 0.00693036 0.00713535 0.00907511 0.00791764 0.0117185 0.00807633 0.00893644 0.00949718 0.00988709 0.00991772 0.00939203 0.00936245 0.00834349 0.00842529 0.00863438 0.00860479 0.00845002 0.00919125 0.00854957 0.0083354 
0.00944724 0.00914719 0.00919273 0.0121026 0.760325 0.00771931 0.00581656 0.00565764 0.00626194 0.0037601 0.00370761 0.00370945 0.00370978 0 0.00371997 0.00370687 0.00375879 0.00371277 0.00380715 0.00383028 0.006128 0.00694469 0.00706839 0.0093384 0.0080094 0.0216974 0.0112623 0.00985065 0.00911893 0.00963189 0.00933997 0.00847268 0.00849796 0.00848763 0.008434 0.00861176 0.00842554 0.00877494 0.00869996 0.00850709 
0.0115667 0.00955041 0.00958277 0.761754 0.0138845 0.00693768 0.0062291 0.00661653 0.00882431 0.00384417 0.00370819 0.0042879 0.00377272 0.00371997 0 0.00406296 0.00373567 0.0037184 0.00379107 0.0038282 0.00706434 0.00682598 0.00743415 0.00932334 0.0123636 0.736192 0.00904748 0.00946007 0.00957112 0.0101664 0.00955502 0.00932971 0.00859986 0.00891316 0.00870067 0.00872997 0.00857148 0.0094763 0.00868092 0.00874736 
0.0146297 0.00858531 0.0242413 0.00899722 0.00767974 0.00700497 0.00686499 0.0121041 0.00624273 0.0038505 0.00389888 0.00382899 0.00375472 0.00370687 0.00406296 0 0.00369727 0.00384557 0.00373173 0.00398657 0.00623431 0.00676341 0.00918323 0.00881593 0.913597 0.0115838 0.00930114 0.0084283 0.0126964 0.0088972 0.0108314 0.00928714 0.00847282 0.00869641 0.00912942 0.00858671 0.00866302 0.00991203 0.00896348 0.00880095 
0.00897899 0.0297645 0.00861262 0.00832108 0.00910377 0.0085931 0.00852054 0.00682994 0.00591527 0.0043512 0.0038121 0.00402614 0.00379175 0.00375879 0.00373567 0.00369727 0 0.00369996 0.00383869 0.00370205 0.00614082 0.00708413 0.00765624 0.938541 0.00952495 0.0108227 0.00843989 0.00994756 0.00881238 0.0190263 0.00863221 0.00854685 0.00873675 0.00864046 0.00847777 0.00896697 0.00847755 0.00892593 0.00889288 0.00859793 
0.0330933 0.00851931 0.0232552 0.00778144 0.00928575 0.00905142 0.00704996 0.00691809 0.00702458 0.00465538 0.00407142 0.00431612 0.00414389 0.00371277 0.0037184 0.00384557 0.00369996 0 0.00370885 0.00376381 0.0073277 0.00749534 0.919639 0.00873595 0.0153545 0.00725669 0.00993465 0.00844918 0.0232352 0.00839499 0.0141436 0.0103146 0.00854637 0.00887587 0.00952795 0.00865986 0.00906268 0.0112863 0.00879571 0.00872846 
0.00994694 0.196787 0.00906238 0.0153179 0.0127818 0.00795555 0.00883926 0.00931793 0.00703001 0.00694867 0.00577564 0.00622106 0.00393367 0.00380715 0.00379107 0.00373173 0.00383869 0.00370885 0 0.00377111 0.00862403 0.901168 0.00827304 0.0208092 0.00746721 0.0215176 0.0103746 0.022968 0.00875885 0.0384817 0.00844794 0.00971057 0.0136171 0.00909896 0.00935572 0.0158223 0.00888004 0.00966681 0.013498 0.00868702 
0.231764 0.00850263 0.0337766 0.0238735 0.0101963 0.0082248 0.0077543 0.00749567 0.00898128 0.0101855 0.00624211 0.00440294 0.00405238 0.00383028 0.0038282 0.00398657 0.00370205 0.00376381 0.00377111 0 0.931146 0.00701946 0.0110224 0.0058108 0.0218927 0.00782609 0.0184479 0.00933038 0.0136068 0.00846463 0.0281331 0.0403231 0.00859163 0.0097573 0.0328932 0.00876873 0.0122958 0.0456682 0.00866972 0.00906628 
0.0372706 0.0107266 0.0384706 0.0122646 0.00992027 0.00894901 0.00896375 0.00988533 0.0156488 0.00863577 0.00802611 0.00734735 0.00693036 0.006128 0.00706434 0.00623431 0.00614082 0.0073277 0.00862403 0.931146 0 0.00441577 0.00381079 0.00377755 0.00410508 0.00552128 0.0106297 0.00756501 0.0135712 0.012209 0.0883831 0.0124222 0.00893465 0.0178343 0.0131382 0.0095937 0.0180232 0.0188952 0.00992577 0.0175958 
0.0122 0.0223382 0.0100567 0.00950453 0.00947846 0.00869855 0.00896941 0.0123427 0.00899533 0.00811002 0.00849568 0.00835075 0.00713535 0.00694469 0.00682598 0.00676341 0.00708413 0.00749534 0.901168 0.00701946 0.00441577 0 0.00371352 0.00377405 0.00393696 0.0041845 0.00786236 0.0142487 0.010389 0.0471494 0.0133613 0.00892528 0.0103097 0.00868574 0.00909139 0.0112292 0.00874104 0.0103547 0.0120273 0.00970973 
0.0255313 0.0094168 0.0161045 0.00905223 0.00937576 0.00904552 0.00895445 0.00924538 0.00880681 0.00795912 0.0084335 0.00800523 0.00907511 0.00706839 0.00743415 0.00918323 0.00765624 0.919639 0.00827304 0.0110224 0.00381079 0.00371352 0 0.00373289 0.00381828 0.00374625 0.00893819 0.00902862 0.0412314 0.0105151 0.0161021 0.0112661 0.00817088 0.00879575 0.0110471 0.00874594 0.010124 0.0136827 0.00891567 0.00918803 
0.00946163 0.0386031 0.00873386 0.013538 0.00987614 0.0102451 0.0109432 0.0101919 0.00877342 0.00888915 0.00791988 0.0138375 0.00791764 0.0093384 0.00932334 0.00881593 0.938541 0.00873595 0.0208092 0.0058108 0.00377755 0.00377405 0.00373289 0 0.00371645 0.00458539 0.0103974 0.0311271 0.0105993 0.0351906 0.00747645 0.00846557 0.00965219 0.0089839 0.00958395 0.0115896 0.00884477 0.00955129 0.0101979 0.00924962 
0.0424397 0.00914754 0.0259618 0.00990957 0.0148524 0.00993625 0.00900362 0.010656 0.0107994 0.0103419 0.0169561 0.00817608 0.0117185 0.0080094 0.0123636 0.913597 0.00952495 0.0153545 0.00746721 0.0218927 0.00410508 0.00393696 0.00381828 0.00371645 0 0.00371034 0.0265984 0.00995677 0.0350476 0.00851676 0.0202602 0.0188872 0.00869969 0.00943434 0.0147356 0.00996996 0.0138188 0.020829 0.0114655 0.00973357 
0.0146217 0.0244241 0.0097749 0.0440584 0.0101666 0.00905463 0.0105259 0.0103173 0.013001 0.0202326 0.00903672 0.0127029 0.00807633 0.0216974 0.736192 0.0115838 0.0108227 0.00725669 0.0215176 0.00782609 0.00552128 0.0041845 0.00374625 0.00458539 0.00371034 0 0.0124079 0.0173082 0.00836858 0.03513 0.00900749 0.0126073 0.00902912 0.0139875 0.0160119 0.0123046 0.0110618 0.0161492 0.0101628 0.0109053 
0.0198269 0.0091369 0.0256666 0.0100066 0.00890589 0.00856689 0.00860259 0.00910416 0.0134567 0.00968105 0.00925059 0.0087059 0.00893644 0.0112623 0.00904748 0.00930114 0.00843989 0.00993465 0.0103746 0.0184479 0.0106297 0.00786236 0.00893819 0.0103974 0.0265984 0.0124079 0 0.00377775 0.00382529 0.00409394 0.00584593 0.00432554 0.00474777 0.0143192 0.00913338 0.00850104 0.0183208 0.015032 0.00923677 0.0207521 
0.00968259 0.0213416 0.0090754 0.00892397 0.00876825 0.00849251 0.00866359 0.0092512 0.00882884 0.00866842 0.00890729 0.00906118 0.00949718 0.00985065 0.00946007 0.0084283 0.00994756 0.00844918 0.022968 0.00933038 0.00756501 0.0142487 0.00902862 0.0311271 0.00995677 0.0173082 0.00377775 0 0.00385226 0.00605202 0.00378936 0.00390449 0.00762968 0.00893356 0.00718905 0.0122636 0.00900189 0.00892802 0.0185583 0.0098048 
0.0198117 0.0088494 0.0193097 0.00873511 0.00895632 0.00947612 0.00916909 0.00888982 0.00904123 0.00856037 0.00912792 0.010016 0.00988709 0.00911893 0.00957112 0.0126964 0.00881238 0.0232352 0.00875885 0.0136068 0.0135712 0.010389 0.0412314 0.0105993 0.0350476 0.00836858 0.00382529 0.00385226 0 0.00369431 0.00390869 0.00447629 0.0048254 0.00996652 0.00933305 0.00781388 0.0112113 0.0171816 0.00856921 0.104665 
0.00914783 0.0691844 0.00874737 0.0137019 0.00977472 0.00885257 0.00936865 0.010248 0.00870707 0.00931872 0.00991714 0.0111096 0.00991772 0.00963189 0.0101664 0.0088972 0.0190263 0.00839499 0.0384817 0.00846463 0.012209 0.0471494 0.0105151 0.0351906 0.00851676 0.03513 0.00409394 0.00605202 0.00369431 0 0.00372778 0.00405591 0.00860416 0.00529445 0.00738794 0.0159798 0.0078984 0.00990675 0.253419 0.00893618 
0.0722758 0.00854771 0.025624 0.0196974 0.00993633 0.00895064 0.00879856 0.00895317 0.011733 0.0143467 0.011803 0.00864814 0.00939203 0.00933997 0.00955502 0.0108314 0.00863221 0.0141436 0.00844794 0.0281331 0.0883831 0.0133613 0.0161021 0.00747645 0.0202602 0.00900749 0.00584593 0.00378936 0.00390869 0.00372778 0 0.0248016 0.00400584 0.00432635 0.0301231 0.00625513 0.012059 0.281086 0.00849014 0.0105757 
0.0170568 0.00953575 0.0427975 0.00935272 0.00917336 0.00868914 0.00853002 0.00968368 0.0151122 0.00962474 0.00918703 0.00861118 0.00936245 0.00847268 0.00932971 0.00928714 0.00854685 0.0103146 0.00971057 0.0403231 0.0124222 0.00892528 0.0112661 0.00846557 0.0188872 0.0126073 0.00432554 0.00390449 0.00447629 0.00405591 0.0248016 0 0.00375489 0.00382048 0.00631185 0.00522485 0.925896 0.00861329 0.00789103 0.027367 
0.00842954 0.0209565 0.00859165 0.0085571 0.00853001 0.00818655 0.00829455 0.00873966 0.00831919 0.00847401 0.00865587 0.00855935 0.00834349 0.00849796 0.00859986 0.00847282 0.00873675 0.00854637 0.0136171 0.00859163 0.00893465 0.0103097 0.00817088 0.00965219 0.00869969 0.00902912 0.00474777 0.00762968 0.0048254 0.00860416 0.00400584 0.00375489 0 0.00376782 0.0048388 0.954038 0.00519231 0.00689315 0.0190441 0.00707677 
0.019512 0.00850896 0.0100372 0.0127313 0.00836296 0.00819365 0.00828634 0.00838771 0.00916458 0.0107528 0.00885762 0.00833655 0.00842529 0.00848763 0.00891316 0.00869641 0.00864046 0.00887587 0.00909896 0.0097573 0.0178343 0.00868574 0.00879575 0.0089839 0.00943434 0.0139875 0.0143192 0.00893356 0.00996652 0.00529445 0.00432635 0.00382048 0.00376782 0 0.987809 0.00473335 0.00716921 0.0238226 0.00756816 0.0073314 
0.0172711 0.00870701 0.0322112 0.00918056 0.00855385 0.00835982 0.00840737 0.008913 0.0126829 0.00942179 0.00882796 0.00840641 0.00863438 0.008434 0.00870067 0.00912942 0.00847777 0.00952795 0.00935572 0.0328932 0.0131382 0.00909139 0.0110471 0.00958395 0.0147356 0.0160119 0.00913338 0.00718905 0.00933305 0.00738794 0.0301231 0.00631185 0.0048388 0.987809 0 0.00405044 0.00541421 0.0054191 0.00730628 0.153858 
0.00861499 0.0285224 0.00883103 0.00908078 0.00872775 0.00824083 0.0082471 0.00949645 0.0083173 0.00861021 0.00903749 0.00872881 0.00860479 0.00861176 0.00872997 0.00858671 0.00896697 0.00865986 0.0158223 0.00876873 0.0095937 0.0112292 0.00874594 0.0115896 0.00996996 0.0123046 0.00850104 0.0122636 0.00781388 0.0159798 0.00625513 0.00522485 0.954038 0.00473335 0.00405044 0 0.00380393 0.00549255 0.103899 0.00642963 
0.0206115 0.0083033 0.0125288 0.0121456 0.00852011 0.00817328 0.00823311 0.00831108 0.00974787 0.0107594 0.00900966 0.00825322 0.00845002 0.00842554 0.00857148 0.00866302 0.00847755 0.00906268 0.00888004 0.0122958 0.0180232 0.00874104 0.010124 0.00884477 0.0138188 0.0110618 0.0183208 0.00900189 0.0112113 0.0078984 0.012059 0.925896 0.00519231 0.00716921 0.00541421 0.00380393 0 0.197243 0.00737459 0.00508013 
0.0238776 0.00867875 0.0365021 0.0100961 0.00867357 0.00839631 0.00841285 0.00866384 0.0128897 0.0103953 0.00958394 0.00870888 0.00919125 0.00877494 0.0094763 0.00991203 0.00892593 0.0112863 0.00966681 0.0456682 0.0188952 0.0103547 0.0136827 0.00955129 0.020829 0.0161492 0.015032 0.00892802 0.0171816 0.00990675 0.281086 0.00861329 0.00689315 0.0238226 0.0054191 0.00549255 0.197243 0 0.00378812 0.00417516 
0.0088081 0.0138742 0.00851444 0.00864537 0.00880662 0.0082542 0.00823219 0.00892607 0.00819367 0.0085507 0.00914931 0.00860409 0.00854957 0.00869996 0.00868092 0.00896348 0.00889288 0.00879571 0.013498 0.00866972 0.00992577 0.0120273 0.00891567 0.0101979 0.0114655 0.0101628 0.00923677 0.0185583 0.00856921 0.253419 0.00849014 0.00789103 0.0190441 0.00756816 0.00730628 0.103899 0.00737459 0.00378812 0 0.00380947 
0.0167507 0.00856417 0.00900075 0.0130543 0.00913292 0.00839392 0.00828981 0.0082114 0.00921227 0.0111898 0.00902029 0.00845631 0.0083354 0.00850709 0.00874736 0.00880095 0.00859793 0.00872846 0.00868702 0.00906628 0.0175958 0.00970973 0.00918803 0.00924962 0.00973357 0.0109053 0.0207521 0.0098048 0.104665 0.00893618 0.0105757 0.027367 0.00707677 0.0073314 0.153858 0.00642963 0.00508013 0.00417516 0.00380947 0 
