1GYJA
PHIDIKCFPRELDEQQKAALAADITDVIIRHLNSKDSSISIALQQIQPESWQAIWDAEIAPQMEALIKKPGYSMNA
CEEEEEECCCCCCHHHHHHHHHHHHHHHHHHHCCCHHHCEEEEEECCCCCHHHHHHHCCHHHCCCCCECCCCCCCC
0 0 0 0 0 0 0 0 0 0 0 0 0 0 0 0 0 0 0 0 0 0 0 0 0 0 0 0 0 0 0 0 0 0 0 0 0 0 0 0 0 0 0 0 0 0 0 0 0 0 0 0 0 0 0 0 0 0 0 0 0 0 0 0 0 0 0 0 0 0 0 0 0 0 0 0 
0 0 0 0 0 0 0 0 0 0 0 0 0 0 0 0 0 0 0 0 0 0 0 0 0 0 0 0 0 0 0 0 0 0 0 0 0 0 0 0 0 0 0 0 0 0 0 0 0 0 0 0 0 0 0 0 0 0 0 0 0 0 0 0 0 0 0 0 0 0 0 0 0 0 0 0 
0 0.0039943 0.00373493 0.00378134 0.00387274 0.00623382 0.703498 0.0351664 0.128023 0.0183079 0.0257899 0.0337497 0.0174095 
0.0039943 0 0.00371094 0.00375681 0.0037554 0.00439324 0.0244438 0.786298 0.0142054 0.0709869 0.0149427 0.0115161 0.0101032 
0.00373493 0.00371094 0 0.00370009 0.00370792 0.00374821 0.0691251 0.0201184 0.675284 0.0151747 0.0354749 0.0127596 0.00885104 
0.00378134 0.00375681 0.00370009 0 0.00371001 0.00381432 0.0167088 0.260612 0.0277871 0.575097 0.0137798 0.0112076 0.00986483 
0.00387274 0.0037554 0.00370792 0.00371001 0 0.00371498 0.0528748 0.0206762 0.160807 0.0127716 0.438486 0.0187035 0.00948588 
0.00623382 0.00439324 0.00374821 0.00381432 0.00371498 0 0.0243033 0.0322271 0.0126201 0.0268222 0.0188578 0.273885 0.0128051 
0.703498 0.0244438 0.0691251 0.0167088 0.0528748 0.0243033 0 0.00431044 0.00383175 0.00383816 0.003943 0.0053278 0.0297727 
0.0351664 0.786298 0.0201184 0.260612 0.0206762 0.0322271 0.00431044 0 0.00377189 0.00375931 0.00393515 0.00387624 0.0300983 
0.128023 0.0142054 0.675284 0.0277871 0.160807 0.0126201 0.00383175 0.00377189 0 0.00371676 0.00373574 0.00373319 0.010989 
0.0183079 0.0709869 0.0151747 0.575097 0.0127716 0.0268222 0.00383816 0.00375931 0.00371676 0 0.00384413 0.00373144 0.0123979 
0.0257899 0.0149427 0.0354749 0.0137798 0.438486 0.0188578 0.003943 0.00393515 0.00373574 0.00384413 0 0.00371122 0.00983014 
0.0337497 0.0115161 0.0127596 0.0112076 0.0187035 0.273885 0.0053278 0.00387624 0.00373319 0.00373144 0.00371122 0 0.0290924 
0.0174095 0.0101032 0.00885104 0.00986483 0.00948588 0.0128051 0.0297727 0.0300983 0.010989 0.0123979 0.00983014 0.0290924 0 
