1HXRB
ELVSAEGRNRKAVLCQRCGSRVLQPGTALFSRRQLFLPSMRKKPDLVDGSNPDGDVLEEHWLVNDMFIFENVGFTKDVGNVKFLVCADCEIGPIGWHCLDDKNSFYVALERVSHE
CCECCCCEECCCEEECCCCCEEECCCCCEEECCCEEEECCEEHHHHCCCCCCCEEEECCEEEECCHHHCCCCEECCCECCEEEEECCCCCEECCEEEECCCCCCEEEEHHHEEEC
0 0 0 0 0 0 0 0 0 0 0 0 0 0 0 0 0 0 0 0 0 0 0 0 0 0 0 0 0 0 0 0 0 0 0 0 0 0 0 0 0 0 0 0 0 0 0 0 0 0 0 0 0 0 0 0 0 0 0 0 0 0 0 0 0 0 0 0 0 0 0 0 0 0 0 0 0 0 0 0 0 0 0 0 0 0 0 0 0 0 0 0 0 0 0 0 0 0 0 0 0 0 0 0 0 0 0 0 0 0 0 0 0 0 0 
0 0 0 0 0 0 0 0 0 0 0 0 0 0 0 0 0 0 0 0 0 0 0 0 0 0 0 0 0 0 0 0 0 0 0 0 0 0 0 0 0 0 0 0 0 0 0 0 0 0 0 0 0 0 0 0 0 0 0 0 0 0 0 0 0 0 0 0 0 0 0 0 0 0 0 0 0 0 0 0 0 0 0 0 0 0 0 0 0 0 0 0 0 0 0 0 0 0 0 0 0 0 0 0 0 0 0 0 0 0 0 0 0 0 0 
0 0.0632269 0.257087 0.0158475 0.0119799 0.0267986 0.0185005 0.0158772 0.0209943 0.0172422 0.0112461 0.0231522 0.020561 0.0103401 0.00956094 0.014174 0.0269243 0.0163535 0.013156 0.00863948 0.0102337 0.0135322 0.0110244 0.00871173 0.0089007 0.0123871 0.0118272 0.0122813 0.016835 0.0114457 0.00886605 0.00866099 0.00878915 0.0123297 0.00977245 0.00914664 0.00947613 0.00800318 0.00823856 0.00933815 0.010273 0.00847451 0.00875923 0.0107936 0.0103528 0.00836991 0.00879407 
0.0632269 0 0.0608654 0.00527157 0.0495906 0.0264129 0.0100201 0.00943672 0.0147378 0.020833 0.0143071 0.018908 0.00993193 0.00975078 0.00910928 0.011812 0.011501 0.028422 0.00850197 0.0085813 0.00868393 0.0104662 0.00863382 0.00851406 0.00877264 0.0103099 0.00888426 0.0109446 0.0100983 0.00857972 0.00880261 0.0082901 0.0086992 0.0104804 0.00808416 0.00971752 0.00826584 0.00815704 0.00823676 0.00841346 0.00841704 0.0082348 0.00853398 0.00984958 0.00810133 0.00824675 0.0084726 
0.257087 0.0608654 0 0.0573491 0.0211827 0.00457911 0.0101057 0.0138523 0.0153677 0.0163289 0.01769 0.0112902 0.0188603 0.00852045 0.010728 0.0104242 0.03214 0.00902292 0.0124708 0.00853923 0.00863885 0.0112086 0.0106895 0.00876335 0.00871321 0.0100243 0.0111202 0.00915212 0.0109769 0.0135001 0.00817916 0.00846987 0.00875753 0.00923998 0.011557 0.00832376 0.0091445 0.00833298 0.00828257 0.00831071 0.0101284 0.00872472 0.008965 0.00863417 0.0100296 0.00823605 0.00823789 
0.0158475 0.00527157 0.0573491 0 0.00423919 0.00380096 0.0140291 0.0415817 0.646497 0.0161135 0.00959698 0.0382777 0.0166562 0.0173303 0.0125564 0.0211952 0.0136414 0.0192254 0.0112683 0.00973431 0.0102881 0.0169788 0.0123244 0.0119217 0.0110081 0.017977 0.0111725 0.0128748 0.0119128 0.0108462 0.0102079 0.0159784 0.011907 0.0225904 0.0107343 0.0103376 0.0129613 0.010041 0.00973132 0.0115225 0.00965964 0.0118962 0.0159547 0.0174297 0.00881177 0.00911412 0.0127708 
0.0119799 0.0495906 0.0211827 0.00423919 0 0.00377983 0.175884 0.288705 0.0128291 0.0102309 0.0710254 0.00921137 0.0121292 0.0278947 0.048133 0.0100013 0.015809 0.0137397 0.00920235 0.0114013 0.0123179 0.00881451 0.00968143 0.0135714 0.0255954 0.00898287 0.0121692 0.010639 0.00905061 0.00884553 0.0128212 0.0125097 0.0383729 0.0118729 0.00883989 0.00974742 0.0100565 0.0133868 0.0128449 0.00865556 0.00900838 0.0131506 0.0143427 0.0105239 0.0104901 0.0125864 0.00859496 
0.0267986 0.0264129 0.00457911 0.00380096 0.00377983 0 0.125585 0.00857938 0.011896 0.0174579 0.00837412 0.0178907 0.040052 0.0095921 0.00993019 0.0198003 0.018653 0.00911668 0.0144793 0.00941066 0.00870239 0.0251545 0.0142541 0.0102059 0.00899461 0.0170011 0.0125395 0.0123538 0.0124182 0.0248858 0.00866043 0.0118522 0.0110246 0.0198403 0.0114942 0.00936515 0.0110242 0.00999041 0.00920345 0.0104758 0.0136466 0.00923593 0.0109421 0.0102282 0.0579642 0.00867493 0.00928545 
0.0185005 0.0100201 0.0101057 0.0140291 0.175884 0.125585 0 0.00390637 0.00409199 0.010973 0.0118143 0.126721 0.011466 0.0110794 0.0105529 0.0286159 0.0149736 0.0187802 0.0112445 0.00935122 0.0109703 0.0168571 0.0128786 0.0101396 0.0113637 0.0163636 0.00953058 0.0126709 0.012451 0.0109305 0.0111325 0.0118777 0.0138834 0.0193886 0.00943731 0.011008 0.011464 0.00906092 0.00960856 0.0117158 0.00944029 0.0095801 0.0109265 0.0160756 0.00845444 0.00835918 0.0100603 
0.0158772 0.00943672 0.0138523 0.0415817 0.288705 0.00857938 0.00390637 0 0.00420989 0.00853132 0.113072 0.00961616 0.0105387 0.0107004 0.0375105 0.0084849 0.018601 0.0093783 0.00934405 0.0121604 0.0105645 0.0094677 0.00997752 0.0175369 0.0156877 0.00969597 0.0123128 0.0105333 0.00960622 0.00977115 0.0124987 0.0146105 0.030892 0.0114903 0.0112558 0.0100911 0.0119013 0.0155719 0.0110428 0.00856503 0.00974691 0.0131404 0.015961 0.0106852 0.00943563 0.00981254 0.00854136 
0.0209943 0.0147378 0.0153677 0.646497 0.0128291 0.011896 0.00409199 0.00420989 0 0.0467973 0.00622135 0.00995151 0.0148825 0.0151816 0.00895101 0.0235961 0.0153446 0.00689937 0.0164257 0.00982257 0.00923553 0.0138395 0.0185019 0.0105348 0.00986173 0.0149867 0.0165263 0.0122358 0.0132294 0.0228061 0.0097565 0.0119011 0.0119253 0.0268772 0.0119347 0.00999491 0.0151404 0.0106954 0.00939917 0.0103156 0.0161326 0.0101146 0.0111132 0.0101548 0.0196336 0.00892831 0.0108045 
0.0172422 0.020833 0.0163289 0.0161135 0.0102309 0.0174579 0.010973 0.00853132 0.0467973 0 0.0043523 0.00398225 0.00481166 0.0254934 0.0467734 0.0455636 0.00643186 0.0106424 0.00972382 0.00924166 0.0103989 0.0145632 0.0107182 0.00911446 0.0210652 0.0144547 0.00967154 0.0126944 0.0128109 0.00954293 0.0105273 0.0117674 0.0108219 0.0193946 0.00887031 0.00965364 0.00927942 0.00871565 0.00944525 0.0104412 0.00862973 0.00924489 0.0106741 0.0159041 0.0084079 0.0083333 0.0131797 
0.0112461 0.0143071 0.01769 0.00959698 0.0710254 0.00837412 0.0118143 0.113072 0.00622135 0.0043523 0 0.00403994 0.00562108 0.0178156 0.0171349 0.00574522 0.00793639 0.00567253 0.00848043 0.00955314 0.00985025 0.00913206 0.00890731 0.0233619 0.0125248 0.00889756 0.00983938 0.0128647 0.00885062 0.0090208 0.0118768 0.00967464 0.0166786 0.00937794 0.0088508 0.00886131 0.00857724 0.00987539 0.00917847 0.0083633 0.00854524 0.00905725 0.0105467 0.00928824 0.00841768 0.0100577 0.00817806 
0.0231522 0.018908 0.0112902 0.0382777 0.00921137 0.0178907 0.126721 0.00961616 0.00995151 0.00398225 0.00403994 0 0.0768257 0.0129843 0.00421207 0.00530856 0.00794413 0.00462797 0.0139232 0.00927495 0.00842512 0.0137968 0.0282799 0.00946488 0.00893994 0.0119513 0.0144001 0.0106981 0.0144058 0.0260166 0.00876303 0.0097038 0.00939636 0.0140419 0.0108915 0.00864201 0.0116343 0.00904872 0.00858443 0.00904892 0.0133511 0.00989242 0.00917211 0.00945326 0.019745 0.00824173 0.00936206 
0.020561 0.00993193 0.0188603 0.0166562 0.0121292 0.040052 0.011466 0.0105387 0.0148825 0.00481166 0.00562108 0.0768257 0 0.00378503 0.0038699 0.00514226 0.00512126 0.0060218 0.0120893 0.00908657 0.00917674 0.227767 0.0102423 0.0114102 0.00916522 0.0736539 0.00934482 0.0133023 0.0177411 0.0261077 0.00989419 0.0199568 0.0110204 0.0221768 0.0112548 0.0104518 0.0100781 0.00984882 0.00897242 0.034038 0.00995964 0.00897864 0.0134237 0.0159276 0.0111102 0.00833585 0.0178149 
0.0103401 0.00975078 0.00852045 0.0173303 0.0278947 0.0095921 0.0110794 0.0107004 0.0151816 0.0254934 0.0178156 0.0129843 0.00378503 0 0.00371921 0.00373686 0.00401598 0.00393186 0.00839381 0.0100733 0.138147 0.00875348 0.0110321 0.0090314 0.0358583 0.00876775 0.0108872 0.00902258 0.00916505 0.0088252 0.0232708 0.0122299 0.0198425 0.0110698 0.0088538 0.00885725 0.0117302 0.0100473 0.0170637 0.00860542 0.00891182 0.0147019 0.0105451 0.0110816 0.00839583 0.00973638 0.00836278 
0.00956094 0.00910928 0.010728 0.0125564 0.048133 0.00993019 0.0105529 0.0375105 0.00895101 0.0467734 0.0171349 0.00421207 0.0038699 0.00371921 0 0.00372175 0.00407683 0.00400535 0.00749753 0.130015 0.00895116 0.00970436 0.00831674 0.0318528 0.0104177 0.00959556 0.0101272 0.0105076 0.00849087 0.0128867 0.00943726 0.0200117 0.0251404 0.0128116 0.00954974 0.00905863 0.00945723 0.0278956 0.00989831 0.00914993 0.0094204 0.01106 0.0183414 0.00935525 0.0160796 0.00958931 0.00957821 
0.014174 0.011812 0.0104242 0.0211952 0.0100013 0.0198003 0.0286159 0.0084849 0.0235961 0.0455636 0.00574522 0.00530856 0.00514226 0.00373686 0.00372175 0 0.00442879 0.00370459 0.0805498 0.00826519 0.00828436 0.0110657 0.0242437 0.00931094 0.0126199 0.0114767 0.013034 0.0115824 0.0130212 0.0133863 0.00930283 0.0100166 0.0130913 0.0236646 0.011386 0.00913567 0.0202322 0.0104261 0.00986886 0.00941025 0.0135726 0.00946664 0.00987724 0.0107417 0.0151448 0.00869729 0.01044 
0.0269243 0.011501 0.03214 0.0136414 0.015809 0.018653 0.0149736 0.018601 0.0153446 0.00643186 0.00793639 0.00794413 0.00512126 0.00401598 0.00407683 0.00442879 0 0.00668723 0.00616947 0.00993636 0.00986405 0.0292644 0.00853103 0.00918626 0.0103152 0.020864 0.0128486 0.0260149 0.0266223 0.0128259 0.00970047 0.00986329 0.0119364 0.020438 0.0103999 0.0380381 0.00975403 0.0098133 0.00968856 0.0117919 0.00932607 0.00964661 0.0115161 0.0159599 0.00943279 0.00961428 0.00998132 
0.0163535 0.028422 0.00902292 0.0192254 0.0137397 0.00911668 0.0187802 0.0093783 0.00689937 0.0106424 0.00567253 0.00462797 0.0060218 0.00393186 0.00400535 0.00370459 0.00668723 0 0.0417666 0.00632553 0.00813302 0.00627802 0.00868867 0.00685427 0.00848549 0.00968882 0.0217048 0.0100751 0.0188878 0.0172994 0.00940002 0.00956939 0.0113475 0.00995437 0.0439701 0.0087443 0.0124216 0.00968237 0.00911436 0.00883677 0.013712 0.00990262 0.0103599 0.00953617 0.0132397 0.00968851 0.00822753 
0.013156 0.00850197 0.0124708 0.0112683 0.00920235 0.0144793 0.0112445 0.00934405 0.0164257 0.00972382 0.00848043 0.0139232 0.0120893 0.00839381 0.00749753 0.0805498 0.00616947 0.0417666 0 0.00543099 0.00392522 0.00569795 0.00404484 0.00462327 0.022943 0.0615221 0.00773992 0.0109332 0.0128072 0.0129268 0.0090598 0.0103815 0.00999963 0.0163663 0.00932132 0.0102912 0.00953093 0.00864963 0.00887479 0.01167 0.00936355 0.00883291 0.0105032 0.014734 0.00922733 0.008412 0.0112898 
0.00863948 0.0085813 0.00853923 0.00973431 0.0114013 0.00941066 0.00935122 0.0121604 0.00982257 0.00924166 0.00955314 0.00927495 0.00908657 0.0100733 0.130015 0.00826519 0.00993636 0.00632553 0.00543099 0 0.00437682 0.00380534 0.00398989 0.0160392 0.0579796 0.00524422 0.00757273 0.00831034 0.00829848 0.00880051 0.00972531 0.0130098 0.0125119 0.0092588 0.00886527 0.00857522 0.00945397 0.0109426 0.00968504 0.00890599 0.00870561 0.010634 0.0104263 0.00923021 0.00848675 0.00891469 0.00899675 
0.0102337 0.00868393 0.00863885 0.0102881 0.0123179 0.00870239 0.0109703 0.0105645 0.00923553 0.0103989 0.00985025 0.00842512 0.00917674 0.138147 0.00895116 0.00828436 0.00986405 0.00813302 0.00392522 0.00437682 0 0.00372335 0.00523154 0.0100919 0.00829709 0.00401304 0.00874029 0.00877914 0.00851227 0.00890947 0.0163308 0.00946698 0.0161239 0.00965571 0.00864711 0.00890503 0.00932234 0.0105076 0.0106431 0.00839803 0.00922239 0.0104619 0.0105695 0.00929802 0.00955928 0.0116044 0.00844124 
0.0135322 0.0104662 0.0112086 0.0169788 0.00881451 0.0251545 0.0168571 0.0094677 0.0138395 0.0145632 0.00913206 0.0137968 0.227767 0.00875348 0.00970436 0.0110657 0.0292644 0.00627802 0.00569795 0.00380534 0.00372335 0 0.0685073 0.00409349 0.0038559 0.00550825 0.00886829 0.0109 0.0175652 0.0490064 0.00850233 0.0121113 0.00950721 0.0181013 0.0157743 0.00965941 0.0120531 0.00986791 0.00864503 0.0112829 0.0176913 0.00952152 0.0101733 0.0109122 0.0474175 0.00853304 0.0121456 
0.0110244 0.00863382 0.0106895 0.0123244 0.00968143 0.0142541 0.0128786 0.00997752 0.0185019 0.0107182 0.00890731 0.0282799 0.0102423 0.0110321 0.00831674 0.0242437 0.00853103 0.00868867 0.00404484 0.00398989 0.00523154 0.0685073 0 0.00375647 0.00376213 0.00430627 0.00609109 0.0114542 0.0118915 0.0088958 0.0120237 0.0096935 0.0129822 0.0201143 0.00956282 0.010513 0.0123908 0.00903214 0.0111861 0.0122226 0.0105693 0.00974198 0.0109858 0.0254463 0.00916754 0.00890014 0.0123259 
0.00871173 0.00851406 0.00876335 0.0119217 0.0135714 0.0102059 0.0101396 0.0175369 0.0105348 0.00911446 0.0233619 0.00946488 0.0114102 0.0090314 0.0318528 0.00931094 0.00918626 0.00685427 0.00462327 0.0160392 0.0100919 0.00409349 0.00375647 0 0.00373502 0.00373387 0.00813007 0.0166311 0.00802983 0.0105051 0.00926798 0.0348843 0.0192405 0.011244 0.0106353 0.00897088 0.0104057 0.0225651 0.0120922 0.0107372 0.00963046 0.0136681 0.0276323 0.0102964 0.010391 0.00911682 0.0157695 
0.0089007 0.00877264 0.00871321 0.0110081 0.0255954 0.00899461 0.0113637 0.0156877 0.00986173 0.0210652 0.0125248 0.00893994 0.00916522 0.0358583 0.0104177 0.0126199 0.0103152 0.00848549 0.022943 0.0579796 0.00829709 0.0038559 0.00376213 0.00373502 0 0.00374914 0.0185688 0.0216335 0.00752568 0.00833704 0.0497488 0.0104133 0.0355751 0.0137608 0.0118577 0.0115393 0.0129756 0.0161699 0.0241058 0.00880695 0.00961448 0.024548 0.0130853 0.0123344 0.0118623 0.0191597 0.00879813 
0.0123871 0.0103099 0.0100243 0.017977 0.00898287 0.0170011 0.0163636 0.00969597 0.0149867 0.0144547 0.00889756 0.0119513 0.0736539 0.00876775 0.00959556 0.0114767 0.020864 0.00968882 0.0615221 0.00524422 0.00401304 0.00550825 0.00430627 0.00373387 0.00374914 0 0.0542201 0.0157626 0.0115506 0.0663537 0.00855034 0.0143915 0.0137368 0.0219719 0.0163624 0.0105444 0.0133887 0.0129642 0.00873577 0.0136856 0.0211443 0.00975096 0.011915 0.0106092 0.0639916 0.00871037 0.0154062 
0.0118272 0.00888426 0.0111202 0.0111725 0.0121692 0.0125395 0.00953058 0.0123128 0.0165263 0.00967154 0.00983938 0.0144001 0.00934482 0.0108872 0.0101272 0.013034 0.0128486 0.0217048 0.00773992 0.00757273 0.00874029 0.00886829 0.00609109 0.00813007 0.0185688 0.0542201 0 0.00745643 0.0142392 0.00717433 0.0150637 0.0240436 0.013698 0.0808949 0.0110531 0.0139613 0.0132398 0.0105795 0.0118441 0.0117743 0.00975414 0.01329 0.0134291 0.0324645 0.00897587 0.0111555 0.0126467 
0.0122813 0.0109446 0.00915212 0.0128748 0.010639 0.0123538 0.0126709 0.0105333 0.0122358 0.0126944 0.0128647 0.0106981 0.0133023 0.00902258 0.0105076 0.0115824 0.0260149 0.0100751 0.0109332 0.00831034 0.00877914 0.0109 0.0114542 0.0166311 0.0216335 0.0157626 0.00745643 0 0.0576755 0.0240043 0.046514 0.00997434 0.0146074 0.0137989 0.0175766 0.0134091 0.0122597 0.0109676 0.0105036 0.0127473 0.0139525 0.0118283 0.0144256 0.013085 0.0160132 0.0100392 0.0112152 
0.016835 0.0100983 0.0109769 0.0119128 0.00905061 0.0124182 0.012451 0.00960622 0.0132294 0.0128109 0.00885062 0.0144058 0.0177411 0.00916505 0.00849087 0.0130212 0.0266223 0.0188878 0.0128072 0.00829848 0.00851227 0.0175652 0.0118915 0.00802983 0.00752568 0.0115506 0.0142392 0.0576755 0 0.909917 0.00808439 0.00407996 0.00463169 0.00977585 0.00940259 0.0122809 0.00918283 0.00731112 0.00789191 0.0109344 0.0212005 0.010055 0.01135 0.0193173 0.0168792 0.00950276 0.0109775 
0.0114457 0.00857972 0.0135001 0.0108462 0.00884553 0.0248858 0.0109305 0.00977115 0.0228061 0.00954293 0.0090208 0.0260166 0.0261077 0.0088252 0.0128867 0.0133863 0.0128259 0.0172994 0.0129268 0.00880051 0.00890947 0.0490064 0.0088958 0.0105051 0.00833704 0.0663537 0.00717433 0.0240043 0.909917 0 0.00382318 0.00416479 0.00384941 0.00466655 0.00709884 0.00942498 0.00652443 0.0142943 0.00810982 0.611134 0.0140915 0.00959 0.0198921 0.0188897 0.02196 0.00850038 0.0663318 
0.00886605 0.00880261 0.00817916 0.0102079 0.0128212 0.00866043 0.0111325 0.0124987 0.0097565 0.0105273 0.0118768 0.00876303 0.00989419 0.0232708 0.00943726 0.00930283 0.00970047 0.00940002 0.0090598 0.00972531 0.0163308 0.00850233 0.0120237 0.00926798 0.0497488 0.00855034 0.0150637 0.046514 0.00808439 0.00382318 0 0.00373718 0.0040711 0.00402087 0.00557089 0.00615473 0.0101373 0.0106029 0.597219 0.0092769 0.0109507 0.0219871 0.0138952 0.0138978 0.00845089 0.0217088 0.0103675 
0.00866099 0.0082901 0.00846987 0.0159784 0.0125097 0.0118522 0.0118777 0.0146105 0.0119011 0.0117674 0.00967464 0.0097038 0.0199568 0.0122299 0.0200117 0.0100166 0.00986329 0.00956939 0.0103815 0.0130098 0.00946698 0.0121113 0.0096935 0.0348843 0.0104133 0.0143915 0.0240436 0.00997434 0.00407996 0.00416479 0.00373718 0 0.00370805 0.0037292 0.00534655 0.00765381 0.00987287 0.551914 0.0115984 0.0111908 0.0130586 0.0217271 0.0247436 0.0113353 0.0265425 0.00894514 0.0336755 
0.00878915 0.0086992 0.00875753 0.011907 0.0383729 0.0110246 0.0138834 0.030892 0.0119253 0.0108219 0.0166786 0.00939636 0.0110204 0.0198425 0.0251404 0.0130913 0.0119364 0.0113475 0.00999963 0.0125119 0.0161239 0.00950721 0.0129822 0.0192405 0.0355751 0.0137368 0.013698 0.0146074 0.00463169 0.00384941 0.0040711 0.00370805 0 0.00372976 0.00524241 0.0224911 0.38692 0.0209592 0.0247442 0.00831452 0.010873 0.0335171 0.0355672 0.0170378 0.0100768 0.0355253 0.0187016 
0.0123297 0.0104804 0.00923998 0.0225904 0.0118729 0.0198403 0.0193886 0.0114903 0.0268772 0.0193946 0.00937794 0.0140419 0.0221768 0.0110698 0.0128116 0.0236646 0.020438 0.00995437 0.0163663 0.0092588 0.00965571 0.0181013 0.0201143 0.011244 0.0137608 0.0219719 0.0808949 0.0137989 0.00977585 0.00466655 0.00402087 0.0037292 0.00372976 0 0.0245986 0.0569925 0.021772 0.0132723 0.022603 0.011833 0.0282706 0.017622 0.0204511 0.0222113 0.0448771 0.00970417 0.0516382 
0.00977245 0.00808416 0.011557 0.0107343 0.00883989 0.0114942 0.00943731 0.0112558 0.0119347 0.00887031 0.0088508 0.0108915 0.0112548 0.0088538 0.00954974 0.011386 0.0103999 0.0439701 0.00932132 0.00886527 0.00864711 0.0157743 0.00956282 0.0106353 0.0118577 0.0163624 0.0110531 0.0175766 0.00940259 0.00709884 0.00557089 0.00534655 0.00524241 0.0245986 0 0.00741218 0.00434864 0.00539366 0.00411447 0.0048037 0.00778703 0.00958042 0.00973778 0.017541 0.0107101 0.0148311 0.0289887 
0.00914664 0.00971752 0.00832376 0.0103376 0.00974742 0.00936515 0.011008 0.0100911 0.00999491 0.00965364 0.00886131 0.00864201 0.0104518 0.00885725 0.00905863 0.00913567 0.0380381 0.0087443 0.0102912 0.00857522 0.00890503 0.00965941 0.010513 0.00897088 0.0115393 0.0105444 0.0139613 0.0134091 0.0122809 0.00942498 0.00615473 0.00765381 0.0224911 0.0569925 0.00741218 0 0.0204858 0.00412885 0.00739116 0.00421062 0.00779231 0.00940346 0.0179066 0.0171842 0.0132274 0.0103909 0.0149537 
0.00947613 0.00826584 0.0091445 0.0129613 0.0100565 0.0110242 0.011464 0.0119013 0.0151404 0.00927942 0.00857724 0.0116343 0.0100781 0.0117302 0.00945723 0.0202322 0.00975403 0.0124216 0.00953093 0.00945397 0.00932234 0.0120531 0.0123908 0.0104057 0.0129756 0.0133887 0.0132398 0.0122597 0.00918283 0.00652443 0.0101373 0.00987287 0.38692 0.021772 0.00434864 0.0204858 0 0.00627648 0.00374998 0.00398803 0.00828787 0.0106225 0.498091 0.227844 0.00776422 0.00964183 0.0428803 
0.00800318 0.00815704 0.00833298 0.010041 0.0133868 0.00999041 0.00906092 0.0155719 0.0106954 0.00871565 0.00987539 0.00904872 0.00984882 0.0100473 0.0278956 0.0104261 0.0098133 0.00968237 0.00864963 0.0109426 0.0105076 0.00986791 0.00903214 0.0225651 0.0161699 0.0129642 0.0105795 0.0109676 0.00731112 0.0142943 0.0106029 0.551914 0.0209592 0.0132723 0.00539366 0.00412885 0.00627648 0 0.00384756 0.0037514 0.00633854 0.638949 0.188616 0.010559 0.00737951 0.0127469 0.0438513 
0.00823856 0.00823676 0.00828257 0.00973132 0.0128449 0.00920345 0.00960856 0.0110428 0.00939917 0.00944525 0.00917847 0.00858443 0.00897242 0.0170637 0.00989831 0.00986886 0.00968856 0.00911436 0.00887479 0.00968504 0.0106431 0.00864503 0.0111861 0.0120922 0.0241058 0.00873577 0.0118441 0.0105036 0.00789191 0.00810982 0.597219 0.0115984 0.0247442 0.022603 0.00411447 0.00739116 0.00374998 0.00384756 0 0.0037275 0.207865 0.173508 0.0103732 0.00590767 0.00744261 0.0195068 0.0105658 
0.00933815 0.00841346 0.00831071 0.0115225 0.00865556 0.0104758 0.0117158 0.00856503 0.0103156 0.0104412 0.0083633 0.00904892 0.034038 0.00860542 0.00914993 0.00941025 0.0117919 0.00883677 0.01167 0.00890599 0.00839803 0.0112829 0.0122226 0.0107372 0.00880695 0.0136856 0.0117743 0.0127473 0.0109344 0.611134 0.0092769 0.0111908 0.00831452 0.011833 0.0048037 0.00421062 0.00398803 0.0037514 0.0037275 0 0.204189 0.00866295 0.00843967 0.00910585 0.0235595 0.00593358 0.0110316 
0.010273 0.00841704 0.0101284 0.00965964 0.00900838 0.0136466 0.00944029 0.00974691 0.0161326 0.00862973 0.00854524 0.0133511 0.00995964 0.00891182 0.0094204 0.0135726 0.00932607 0.013712 0.00936355 0.00870561 0.00922239 0.0176913 0.0105693 0.00963046 0.00961448 0.0211443 0.00975414 0.0139525 0.0212005 0.0140915 0.0109507 0.0130586 0.010873 0.0282706 0.00778703 0.00779231 0.00828787 0.00633854 0.207865 0.204189 0 0.00371746 0.00378697 0.00389241 0.00388729 0.0102165 0.0360786 
0.00847451 0.0082348 0.00872472 0.0118962 0.0131506 0.00923593 0.0095801 0.0131404 0.0101146 0.00924489 0.00905725 0.00989242 0.00897864 0.0147019 0.01106 0.00946664 0.00964661 0.00990262 0.00883291 0.010634 0.0104619 0.00952152 0.00974198 0.0136681 0.024548 0.00975096 0.01329 0.0118283 0.010055 0.00959 0.0219871 0.0217271 0.0335171 0.017622 0.00958042 0.00940346 0.0106225 0.638949 0.173508 0.00866295 0.00371746 0 0.00374169 0.00373171 0.00384826 0.0130615 0.00954124 
0.00875923 0.00853398 0.008965 0.0159547 0.0143427 0.0109421 0.0109265 0.015961 0.0111132 0.0106741 0.0105467 0.00917211 0.0134237 0.0105451 0.0183414 0.00987724 0.0115161 0.0103599 0.0105032 0.0104263 0.0105695 0.0101733 0.0109858 0.0276323 0.0130853 0.011915 0.0134291 0.0144256 0.01135 0.0198921 0.0138952 0.0247436 0.0355672 0.0204511 0.00973778 0.0179066 0.498091 0.188616 0.0103732 0.00843967 0.00378697 0.00374169 0 0.00372089 0.00428552 0.00459338 0.0119636 
0.0107936 0.00984958 0.00863417 0.0174297 0.0105239 0.0102282 0.0160756 0.0106852 0.0101548 0.0159041 0.00928824 0.00945326 0.0159276 0.0110816 0.00935525 0.0107417 0.0159599 0.00953617 0.014734 0.00923021 0.00929802 0.0109122 0.0254463 0.0102964 0.0123344 0.0106092 0.0324645 0.013085 0.0193173 0.0188897 0.0138978 0.0113353 0.0170378 0.0222113 0.017541 0.0171842 0.227844 0.010559 0.00590767 0.00910585 0.00389241 0.00373171 0.00372089 0 0.00427886 0.00441594 0.00419859 
0.0103528 0.00810133 0.0100296 0.00881177 0.0104901 0.0579642 0.00845444 0.00943563 0.0196336 0.0084079 0.00841768 0.019745 0.0111102 0.00839583 0.0160796 0.0151448 0.00943279 0.0132397 0.00922733 0.00848675 0.00955928 0.0474175 0.00916754 0.010391 0.0118623 0.0639916 0.00897587 0.0160132 0.0168792 0.02196 0.00845089 0.0265425 0.0100768 0.0448771 0.0107101 0.0132274 0.00776422 0.00737951 0.00744261 0.0235595 0.00388729 0.00384826 0.00428552 0.00427886 0 0.00375454 0.0046971 
0.00836991 0.00824675 0.00823605 0.00911412 0.0125864 0.00867493 0.00835918 0.00981254 0.00892831 0.0083333 0.0100577 0.00824173 0.00833585 0.00973638 0.00958931 0.00869729 0.00961428 0.00968851 0.008412 0.00891469 0.0116044 0.00853304 0.00890014 0.00911682 0.0191597 0.00871037 0.0111555 0.0100392 0.00950276 0.00850038 0.0217088 0.00894514 0.0355253 0.00970417 0.0148311 0.0103909 0.00964183 0.0127469 0.0195068 0.00593358 0.0102165 0.0130615 0.00459338 0.00441594 0.00375454 0 0.00381423 
0.00879407 0.0084726 0.00823789 0.0127708 0.00859496 0.00928545 0.0100603 0.00854136 0.0108045 0.0131797 0.00817806 0.00936206 0.0178149 0.00836278 0.00957821 0.01044 0.00998132 0.00822753 0.0112898 0.00899675 0.00844124 0.0121456 0.0123259 0.0157695 0.00879813 0.0154062 0.0126467 0.0112152 0.0109775 0.0663318 0.0103675 0.0336755 0.0187016 0.0516382 0.0289887 0.0149537 0.0428803 0.0438513 0.0105658 0.0110316 0.0360786 0.00954124 0.0119636 0.00419859 0.0046971 0.00381423 0 
