1IM5A
PEEALIVVDMQRDFMPGGALPVPEGDKIIPKVNEYIRKFKEKGALIVATRDWHPENHISFRERGGPWPRHCVQNTPGAEFVVDLPEDAVIISKATEPDKEAYSGFEGTDLAKILRGNGVKRVYICGVATEYCVRATALDALKHGFEVYLLRDAVKGIKPEDEERALEEMKSRGIKIVQF
CCEEEEEECCEHHHCCCCCCCCCCHHHHHHHHHHHHHHHHHCCCEEEEEEECECCCCCCEHHHCCCECCCCECCCHHHCECCCCCCCCEEEEECCCCCCCCCCCCCCCCHHHHHHHCCCCEEEEEEECCCCHHHHHHHHHHHCCCEEEEEEEEEECCCHHHHHHHHHHHHHCCCEEECC
0 0 0 0 0 0 0 0 0 0 0 0 0 0 0 0 0 0 0 0 0 0 0 0 0 0 0 0 0 0 0 0 0 0 0 0 0 0 0 0 0 0 0 0 0 0 0 0 0 0 0 0 0 0 0 0 0 0 0 0 0 0 0 0 0 0 0 0 0 0 0 0 0 0 0 0 0 0 0 0 0 0 0 0 0 0 0 0 0 0 0 0 0 0 0 0 0 0 0 0 0 0 0 0 0 0 0 0 0 0 0 0 0 0 0 0 0 0 0 0 0 0 0 0 0 0 0 0 0 0 0 0 0 0 0 0 0 0 0 0 0 0 0 0 0 0 0 0 0 0 0 0 0 0 0 0 0 0 0 0 0 0 0 0 0 0 0 0 0 0 0 0 0 0 0 0 0 0 0 
0 0 0 0 0 0 0 0 0 0 0 0 0 0 0 0 0 0 0 0 0 0 0 0 0 0 0 0 0 0 0 0 0 0 0 0 0 0 0 0 0 0 0 0 0 0 0 0 0 0 0 0 0 0 0 0 0 0 0 0 0 0 0 0 0 0 0 0 0 0 0 0 0 0 0 0 0 0 0 0 0 0 0 0 0 0 0 0 0 0 0 0 0 0 0 0 0 0 0 0 0 0 0 0 0 0 0 0 0 0 0 0 0 0 0 0 0 0 0 0 0 0 0 0 0 0 0 0 0 0 0 0 0 0 0 0 0 0 0 0 0 0 0 0 0 0 0 0 0 0 0 0 0 0 0 0 0 0 0 0 0 0 0 0 0 0 0 0 0 0 0 0 0 0 0 0 0 0 0 
0 0.00389946 0.00376405 0.0037952 0.00389433 0.00568363 0.00768112 0.14162 0.032516 0.0199857 0.0126961 0.012302 0.0111689 0.0121483 0.0126561 0.0167315 0.00985902 0.0102672 0.0134353 0.0141904 0.00890699 0.00884017 0.00878081 0.012995 0.010593 0.0087296 0.0091611 0.00964879 0.00906854 0.00885401 0.00925224 0.00885435 0.00827057 0.00856879 0.00855524 0.00832049 0.0082511 0.00829089 0.00828131 0.00809217 0.00874522 0.00846625 0.00817895 0.0088883 
0.00389946 0 0.00373966 0.00378329 0.00413791 0.00394881 0.00427973 0.257012 0.186989 0.0667213 0.0385147 0.0291514 0.0234434 0.010887 0.0100664 0.0105446 0.00886078 0.00920952 0.0105531 0.01461 0.013928 0.0127804 0.0113564 0.010562 0.00889468 0.0151805 0.0120576 0.0144811 0.011642 0.0121978 0.00891492 0.00843145 0.00919949 0.0095916 0.0103054 0.00915861 0.00900482 0.00887673 0.00891027 0.00884882 0.00881193 0.00806205 0.00866256 0.00844447 
0.00376405 0.00373966 0 0.00386758 0.00382497 0.00377044 0.0038093 0.0432062 0.371786 0.146099 0.151056 0.0793163 0.0349836 0.0182479 0.00932287 0.00882708 0.00856152 0.0089301 0.00900077 0.0115411 0.0218631 0.0230013 0.0159617 0.00928064 0.00927512 0.01214 0.0470878 0.0321816 0.0268364 0.016065 0.00935258 0.00881472 0.00986347 0.0137578 0.0149898 0.0113873 0.010973 0.0104325 0.0111619 0.00922045 0.00864512 0.00833984 0.00857742 0.00821129 
0.0037952 0.00378329 0.00386758 0 0.0037365 0.0037261 0.00378497 0.06423 0.116722 0.437289 0.145103 0.118497 0.0311192 0.0199284 0.00927854 0.00916691 0.00863684 0.00889809 0.00951715 0.0125356 0.0160797 0.0385437 0.0148278 0.00997926 0.0101428 0.0181686 0.0371935 0.0601553 0.0276825 0.0169226 0.0102846 0.0091129 0.0107367 0.0171619 0.0154984 0.0133678 0.0111569 0.0109447 0.0108334 0.0100185 0.0087802 0.00849766 0.00865636 0.00840894 
0.00389433 0.00413791 0.00382497 0.0037365 0 0.00383717 0.00404624 0.0337779 0.124586 0.117425 0.288366 0.0673737 0.112407 0.0195894 0.0117479 0.00994782 0.00952412 0.00989229 0.0109097 0.0115718 0.0165363 0.0137967 0.0221898 0.0101118 0.00965524 0.0118226 0.0243999 0.0208692 0.0214931 0.0212949 0.0102273 0.00949987 0.010327 0.0141647 0.0119477 0.0101377 0.00949751 0.00938795 0.00984016 0.00924332 0.00846712 0.00849397 0.00857656 0.00817673 
0.00568363 0.00394881 0.00377044 0.0037261 0.00383717 0 0.00744743 0.0286196 0.0264429 0.0628043 0.0463465 0.102907 0.0569926 0.0473813 0.0158152 0.0125833 0.0109224 0.0118681 0.0155887 0.0145241 0.00928756 0.0106751 0.00960398 0.0121387 0.0105033 0.0109936 0.0103619 0.0144984 0.0109091 0.0111079 0.0109394 0.00946229 0.00909293 0.0122594 0.00921854 0.00895297 0.0084596 0.00862573 0.00849359 0.00858737 0.00846387 0.00855584 0.00813999 0.00826892 
0.00768112 0.00427973 0.0038093 0.00378497 0.00404624 0.00744743 0 0.0248113 0.0130047 0.0116359 0.0113812 0.0109894 0.0115365 0.0145838 0.0225872 0.0682051 0.0205823 0.0189678 0.0524129 0.00963368 0.00842939 0.00810044 0.00865785 0.0106334 0.0100549 0.00822358 0.00809609 0.00820633 0.00813 0.00820587 0.00927355 0.00914661 0.00807242 0.00806445 0.00819266 0.00806152 0.00810426 0.00800406 0.00818168 0.00807072 0.0087239 0.00828381 0.00812032 0.00847245 
0.14162 0.257012 0.0432062 0.06423 0.0337779 0.0286196 0.0248113 0 0.00385698 0.00382477 0.00383636 0.00384755 0.0039644 0.00476526 0.0073861 0.010927 0.0128535 0.0155683 0.0185705 0.0245852 0.0123089 0.0101794 0.0129593 0.0223448 0.0196806 0.0119035 0.0142842 0.0121181 0.0108426 0.0107606 0.0130387 0.0103157 0.00887334 0.00974296 0.00952539 0.00866014 0.00868564 0.00912838 0.00870833 0.00878883 0.0122208 0.00880628 0.00860703 0.0100112 
0.032516 0.186989 0.371786 0.116722 0.124586 0.0264429 0.0130047 0.00385698 0 0.00376538 0.00375522 0.0038666 0.00387511 0.00401037 0.00463147 0.00699797 0.0094551 0.0112275 0.0153836 0.0173168 0.0272115 0.0174186 0.0169791 0.0121386 0.0120353 0.0422177 0.0342745 0.0443168 0.0283252 0.0235118 0.0104035 0.00876138 0.0137417 0.0171065 0.017135 0.0125666 0.0117429 0.0121279 0.0113471 0.0108213 0.00880601 0.00823637 0.00889213 0.00866162 
0.0199857 0.0667213 0.146099 0.437289 0.117425 0.0628043 0.0116359 0.00382477 0.00376538 0 0.00373185 0.00375318 0.00372621 0.00374748 0.00394306 0.00549105 0.00857684 0.0100155 0.010821 0.0145769 0.0193379 0.0303854 0.0204673 0.0111659 0.012372 0.0176132 0.0772866 0.0678456 0.0662123 0.0239888 0.012325 0.00930197 0.0123827 0.0289688 0.0274295 0.0194755 0.0143196 0.014681 0.0168897 0.0107054 0.0098352 0.00852505 0.008481 0.0082916 
0.0126961 0.0385147 0.151056 0.145103 0.288366 0.0463465 0.0113812 0.00383636 0.00375522 0.00373185 0 0.00373242 0.00372067 0.00376258 0.00380675 0.00564876 0.00810739 0.00952978 0.0111322 0.0115685 0.0241112 0.0255169 0.0174585 0.0124283 0.0102787 0.0233684 0.0467887 0.103984 0.0466801 0.0282753 0.0109689 0.00889969 0.0130409 0.0256882 0.0288561 0.0222535 0.0153881 0.0158261 0.0151296 0.0109017 0.00892499 0.00835108 0.00848973 0.00832871 
0.012302 0.0291514 0.0793163 0.118497 0.0673737 0.102907 0.0109894 0.00384755 0.0038666 0.00375318 0.00373242 0 0.00371273 0.00373199 0.00372428 0.00518969 0.00796751 0.0092738 0.0104995 0.0131514 0.0141339 0.0233796 0.014045 0.0110275 0.0101628 0.0136354 0.0445654 0.041707 0.0423579 0.017368 0.0114216 0.00873561 0.0104791 0.0182563 0.0194126 0.0145704 0.0129054 0.0122112 0.0119834 0.0103488 0.00885239 0.00822861 0.00832177 0.0081944 
0.0111689 0.0234434 0.0349836 0.0311192 0.112407 0.0569926 0.0115365 0.0039644 0.00387511 0.00372621 0.00372067 0.00371273 0 0.00371811 0.00374238 0.00477427 0.00712378 0.00978139 0.0105309 0.0110222 0.0119901 0.011471 0.019057 0.0103923 0.00909054 0.0145221 0.013504 0.0258207 0.0146009 0.0251366 0.0101082 0.00887245 0.0102548 0.0103757 0.0115672 0.0103937 0.00952496 0.00934802 0.00925991 0.0099342 0.00839924 0.00818247 0.00839076 0.00798236 
0.0121483 0.010887 0.0182479 0.0199284 0.0195894 0.0473813 0.0145838 0.00476526 0.00401037 0.00374748 0.00376258 0.00373199 0.00371811 0 0.00550634 0.00517502 0.00732078 0.00855324 0.0115052 0.0110146 0.0096414 0.010868 0.00964294 0.0140656 0.0101809 0.00935512 0.013952 0.0151587 0.0161675 0.0112012 0.0120372 0.00863227 0.00862681 0.0100548 0.0105339 0.00964883 0.00953074 0.00926763 0.00955829 0.00875378 0.00896595 0.00817395 0.00807863 0.00810174 
0.0126561 0.0100664 0.00932287 0.00927854 0.0117479 0.0158152 0.0225872 0.0073861 0.00463147 0.00394306 0.00380675 0.00372428 0.00374238 0.00550634 0 0.204576 0.0112284 0.0393396 0.0220326 0.012286 0.00868024 0.00849423 0.00953613 0.0117024 0.0101111 0.00881069 0.00931549 0.00889585 0.00838236 0.00908423 0.0112076 0.00961799 0.00821906 0.00816278 0.00814621 0.00815549 0.00799116 0.00796238 0.00798104 0.0082214 0.0088983 0.00864622 0.0079325 0.00865175 
0.0167315 0.0105446 0.00882708 0.00916691 0.00994782 0.0125833 0.0682051 0.010927 0.00699797 0.00549105 0.00564876 0.00518969 0.00477427 0.00517502 0.204576 0 0.419789 0.029384 0.0899992 0.0156971 0.00915633 0.00923851 0.0100714 0.0177518 0.0123092 0.0115283 0.00871961 0.00885921 0.00861808 0.00909672 0.0106275 0.0100654 0.00883641 0.00826318 0.00829634 0.00829865 0.00801766 0.00795416 0.00806341 0.00822101 0.00913308 0.00885233 0.008249 0.0088738 
0.00985902 0.00886078 0.00856152 0.00863684 0.00952412 0.0109224 0.0205823 0.0128535 0.0094551 0.00857684 0.00810739 0.00796751 0.00712378 0.00732078 0.0112284 0.419789 0 0.0682931 0.02482 0.013959 0.00838914 0.00850456 0.00959856 0.0139295 0.00940453 0.00889794 0.00872877 0.0085461 0.00855191 0.00868581 0.0104784 0.00937345 0.0081631 0.00821249 0.00813862 0.00813087 0.00799727 0.00795518 0.00795351 0.00810835 0.00893999 0.00874658 0.00795591 0.00868417 
0.0102672 0.00920952 0.0089301 0.00889809 0.00989229 0.0118681 0.0189678 0.0155683 0.0112275 0.0100155 0.00952978 0.0092738 0.00978139 0.00855324 0.0393396 0.029384 0.0682931 0 0.233889 0.013539 0.00865695 0.00881646 0.0122024 0.0174957 0.00991463 0.0103382 0.00888658 0.00899387 0.00870229 0.00926481 0.0123809 0.0093223 0.00879274 0.00845521 0.00839058 0.00826328 0.00808013 0.00803593 0.00816098 0.00837592 0.0095004 0.00887871 0.00815151 0.0092186 
0.0134353 0.0105531 0.00900077 0.00951715 0.0109097 0.0155887 0.0524129 0.0185705 0.0153836 0.010821 0.0111322 0.0104995 0.0105309 0.0115052 0.0220326 0.0899992 0.02482 0.233889 0 0.0240504 0.0052899 0.00917829 0.00627864 0.0172022 0.0148026 0.0204589 0.00965948 0.0103226 0.0098357 0.0101703 0.0187799 0.00975934 0.0150996 0.0090799 0.00904046 0.0096363 0.00831957 0.00852925 0.00839304 0.00926265 0.0110362 0.00950137 0.00870576 0.0113331 
0.0141904 0.01461 0.0115411 0.0125356 0.0115718 0.0145241 0.00963368 0.0245852 0.0173168 0.0145769 0.0115685 0.0131514 0.0110222 0.0110146 0.012286 0.0156971 0.013959 0.013539 0.0240504 0 0.00380302 0.00375924 0.00388765 0.00503891 0.135457 0.0273447 0.016386 0.0120747 0.012122 0.0112692 0.0165198 0.013488 0.0112054 0.0117148 0.0110331 0.00926783 0.00930037 0.00914446 0.00909721 0.00939453 0.0139 0.00938247 0.00924704 0.0116952 
0.00890699 0.013928 0.0218631 0.0160797 0.0165363 0.00928756 0.00842939 0.0123089 0.0272115 0.0193379 0.0241112 0.0141339 0.0119901 0.0096414 0.00868024 0.00915633 0.00838914 0.00865695 0.0052899 0.00380302 0 0.00377132 0.00378538 0.00375061 0.044615 0.0810578 0.0469136 0.0259499 0.0137657 0.0171346 0.00899584 0.0106988 0.0101344 0.0197826 0.0160899 0.00975061 0.0124869 0.00935364 0.0104447 0.00959762 0.00921112 0.00876975 0.00862773 0.00865969 
0.00884017 0.0127804 0.0230013 0.0385437 0.0137967 0.0106751 0.00810044 0.0101794 0.0174186 0.0303854 0.0255169 0.0233796 0.011471 0.010868 0.00849423 0.00923851 0.00850456 0.00881646 0.00917829 0.00375924 0.00377132 0 0.00369668 0.00376681 0.018884 0.0791158 0.0348922 0.046793 0.035072 0.0112187 0.0107952 0.0086482 0.0249176 0.012253 0.0185765 0.0248327 0.00936315 0.0143802 0.0121238 0.0103464 0.00880172 0.00839922 0.00875708 0.00880944 
0.00878081 0.0113564 0.0159617 0.0148278 0.0221898 0.00960398 0.00865785 0.0129593 0.0169791 0.0204673 0.0174585 0.014045 0.019057 0.00964294 0.00953613 0.0100714 0.00959856 0.0122024 0.00627864 0.00388765 0.00378538 0.00369668 0 0.00377548 0.0204966 0.0166362 0.0575648 0.0443978 0.0211077 0.0721315 0.011062 0.0139102 0.00970923 0.0175581 0.0155544 0.00962364 0.0147389 0.0096143 0.0105664 0.0109543 0.00933217 0.00924645 0.00940881 0.00826826 
0.012995 0.010562 0.00928064 0.00997926 0.0101118 0.0121387 0.0106334 0.0223448 0.0121386 0.0111659 0.0124283 0.0110275 0.0103923 0.0140656 0.0117024 0.0177518 0.0139295 0.0174957 0.0172022 0.00503891 0.00375061 0.00376681 0.00377548 0 0.0171536 0.017067 0.0181863 0.0220562 0.0389468 0.0280518 0.119162 0.0134369 0.0133605 0.0101896 0.0104446 0.0100425 0.00882396 0.00933916 0.00902996 0.00944365 0.0107369 0.0127641 0.0086976 0.00953367 
0.010593 0.00889468 0.00927512 0.0101428 0.00965524 0.0105033 0.0100549 0.0196806 0.0120353 0.012372 0.0102787 0.0101628 0.00909054 0.0101809 0.0101111 0.0123092 0.00940453 0.00991463 0.0148026 0.135457 0.044615 0.018884 0.0204966 0.0171536 0 0.00537582 0.00375065 0.00375692 0.00377535 0.00400716 0.00445936 0.722945 0.0133839 0.0270396 0.0160001 0.00973374 0.0135838 0.00994026 0.0111874 0.0101635 0.0185465 0.0170963 0.00948355 0.0168205 
0.0087296 0.0151805 0.01214 0.0181686 0.0118226 0.0109936 0.00822358 0.0119035 0.0422177 0.0176132 0.0233684 0.0136354 0.0145221 0.00935512 0.00881069 0.0115283 0.00889794 0.0103382 0.0204589 0.0273447 0.0810578 0.0791158 0.0166362 0.017067 0.00537582 0 0.00375063 0.00374528 0.00373945 0.00406223 0.00406114 0.0139051 0.748748 0.0145664 0.0321547 0.0339873 0.0100966 0.0223224 0.013181 0.0226933 0.0105035 0.0103026 0.0240217 0.0117159 
0.0091611 0.0120576 0.0470878 0.0371935 0.0243999 0.0103619 0.00809609 0.0142842 0.0342745 0.0772866 0.0467887 0.0445654 0.013504 0.013952 0.00931549 0.00871961 0.00872877 0.00888658 0.00965948 0.016386 0.0469136 0.0348922 0.0575648 0.0181863 0.00375065 0.00375063 0 0.00371446 0.00371926 0.00375892 0.00374676 0.062 0.0151994 0.519738 0.0482995 0.0280198 0.0591271 0.0159574 0.0415684 0.012887 0.0125857 0.0129822 0.00957942 0.0097201 
0.00964879 0.0144811 0.0321816 0.0601553 0.0208692 0.0144984 0.00820633 0.0121181 0.0443168 0.0678456 0.103984 0.041707 0.0258207 0.0151587 0.00889585 0.00885921 0.0085461 0.00899387 0.0103226 0.0120747 0.0259499 0.046793 0.0443978 0.0220562 0.00375692 0.00374528 0.00371446 0 0.00370956 0.00376015 0.0037832 0.0172809 0.0959715 0.0487108 0.413833 0.0449781 0.0539577 0.0660783 0.0322115 0.0289701 0.0126801 0.0100581 0.0112028 0.00939214 
0.00906854 0.011642 0.0268364 0.0276825 0.0214931 0.0109091 0.00813 0.0108426 0.0283252 0.0662123 0.0466801 0.0423579 0.0146009 0.0161675 0.00838236 0.00861808 0.00855191 0.00870229 0.0098357 0.012122 0.0137657 0.035072 0.0211077 0.0389468 0.00377535 0.00373945 0.00371926 0.00370956 0 0.0037433 0.00372049 0.0173193 0.0326971 0.123021 0.0302899 0.20081 0.0336047 0.052835 0.0523957 0.0248782 0.0133084 0.00992446 0.00953182 0.00930499 
0.00885401 0.0121978 0.016065 0.0169226 0.0212949 0.0111079 0.00820587 0.0107606 0.0235118 0.0239888 0.0282753 0.017368 0.0251366 0.0112012 0.00908423 0.00909672 0.00868581 0.00926481 0.0101703 0.0112692 0.0171346 0.0112187 0.0721315 0.0280518 0.00400716 0.00406223 0.00375892 0.00376015 0.0037433 0 0.00381616 0.0233173 0.0270552 0.0309705 0.0747325 0.0202958 0.121695 0.0189626 0.0225048 0.108942 0.0331358 0.0105241 0.0136467 0.00956436 
0.00925224 0.00891492 0.00935258 0.0102846 0.0102273 0.0109394 0.00927355 0.0130387 0.0104035 0.012325 0.0109689 0.0114216 0.0101082 0.0120372 0.0112076 0.0106275 0.0104784 0.0123809 0.0187799 0.0165198 0.00899584 0.0107952 0.011062 0.119162 0.00445936 0.00406114 0.00374676 0.0037832 0.00372049 0.00381616 0 0.0154645 0.0187703 0.0211271 0.0324451 0.0350475 0.0142223 0.0528068 0.0168017 0.0464785 0.139064 0.0156475 0.00948997 0.0116885 
0.00885435 0.00843145 0.00881472 0.0091129 0.00949987 0.00946229 0.00914661 0.0103157 0.00876138 0.00930197 0.00889969 0.00873561 0.00887245 0.00863227 0.00961799 0.0100654 0.00937345 0.0093223 0.00975934 0.013488 0.0106988 0.0086482 0.0139102 0.0134369 0.722945 0.0139051 0.062 0.0172809 0.0173193 0.0233173 0.0154645 0 0.00457807 0.00398139 0.0038125 0.00372592 0.00460376 0.00379756 0.00455736 0.00501515 0.0342843 0.0395199 0.0103202 0.0239446 
0.00827057 0.00919949 0.00986347 0.0107367 0.010327 0.00909293 0.00807242 0.00887334 0.0137417 0.0123827 0.0130409 0.0104791 0.0102548 0.00862681 0.00821906 0.00883641 0.0081631 0.00879274 0.0150996 0.0112054 0.0101344 0.0249176 0.00970923 0.0133605 0.0133839 0.748748 0.0151994 0.0959715 0.0326971 0.0270552 0.0187703 0.00457807 0 0.0037572 0.00374862 0.00375343 0.00374972 0.00387124 0.00385305 0.0171478 0.00489211 0.012708 0.0401933 0.0114099 
0.00856879 0.0095916 0.0137578 0.0171619 0.0141647 0.0122594 0.00806445 0.00974296 0.0171065 0.0289688 0.0256882 0.0182563 0.0103757 0.0100548 0.00816278 0.00826318 0.00821249 0.00845521 0.0090799 0.0117148 0.0197826 0.012253 0.0175581 0.0101896 0.0270396 0.0145664 0.519738 0.0487108 0.123021 0.0309705 0.0211271 0.00398139 0.0037572 0 0.00371493 0.00370224 0.00372031 0.00378238 0.00487704 0.00395465 0.00481999 0.0416983 0.0108696 0.0109588 
0.00855524 0.0103054 0.0149898 0.0154984 0.0119477 0.00921854 0.00819266 0.00952539 0.017135 0.0274295 0.0288561 0.0194126 0.0115672 0.0105339 0.00814621 0.00829634 0.00813862 0.00839058 0.00904046 0.0110331 0.0160899 0.0185765 0.0155544 0.0104446 0.0160001 0.0321547 0.0482995 0.413833 0.0302899 0.0747325 0.0324451 0.0038125 0.00374862 0.00371493 0 0.00370672 0.00371003 0.00368067 0.00376728 0.0038939 0.00400247 0.019627 0.0230787 0.0108149 
0.00832049 0.00915861 0.0113873 0.0133678 0.0101377 0.00895297 0.00806152 0.00866014 0.0125666 0.0194755 0.0222535 0.0145704 0.0103937 0.00964883 0.00815549 0.00829865 0.00813087 0.00826328 0.0096363 0.00926783 0.00975061 0.0248327 0.00962364 0.0100425 0.00973374 0.0339873 0.0280198 0.0449781 0.20081 0.0202958 0.0350475 0.00372592 0.00375343 0.00370224 0.00370672 0 0.0036951 0.003716 0.00374031 0.00370878 0.00389284 0.0101372 0.0134282 0.00971172 
0.0082511 0.00900482 0.010973 0.0111569 0.00949751 0.0084596 0.00810426 0.00868564 0.0117429 0.0143196 0.0153881 0.0129054 0.00952496 0.00953074 0.00799116 0.00801766 0.00799727 0.00808013 0.00831957 0.00930037 0.0124869 0.00936315 0.0147389 0.00882396 0.0135838 0.0100966 0.0591271 0.0539577 0.0336047 0.121695 0.0142223 0.00460376 0.00374972 0.00372031 0.00371003 0.0036951 0 0.00369994 0.00371232 0.00371826 0.00377755 0.018829 0.0112455 0.00947038 
0.00829089 0.00887673 0.0104325 0.0109447 0.00938795 0.00862573 0.00800406 0.00912838 0.0121279 0.014681 0.0158261 0.0122112 0.00934802 0.00926763 0.00796238 0.00795416 0.00795518 0.00803593 0.00852925 0.00914446 0.00935364 0.0143802 0.0096143 0.00933916 0.00994026 0.0223224 0.0159574 0.0660783 0.052835 0.0189626 0.0528068 0.00379756 0.00387124 0.00378238 0.00368067 0.003716 0.00369994 0 0.00369399 0.00371176 0.0037322 0.0129247 0.0127667 0.00988153 
0.00828131 0.00891027 0.0111619 0.0108334 0.00984016 0.00849359 0.00818168 0.00870833 0.0113471 0.0168897 0.0151296 0.0119834 0.00925991 0.00955829 0.00798104 0.00806341 0.00795351 0.00816098 0.00839304 0.00909721 0.0104447 0.0121238 0.0105664 0.00902996 0.0111874 0.013181 0.0415684 0.0322115 0.0523957 0.0225048 0.0168017 0.00455736 0.00385305 0.00487704 0.00376728 0.00374031 0.00371232 0.00369399 0 0.00372401 0.00371 0.0357349 0.0116818 0.0154764 
0.00809217 0.00884882 0.00922045 0.0100185 0.00924332 0.00858737 0.00807072 0.00878883 0.0108213 0.0107054 0.0109017 0.0103488 0.0099342 0.00875378 0.0082214 0.00822101 0.00810835 0.00837592 0.00926265 0.00939453 0.00959762 0.0103464 0.0109543 0.00944365 0.0101635 0.0226933 0.012887 0.0289701 0.0248782 0.108942 0.0464785 0.00501515 0.0171478 0.00395465 0.0038939 0.00370878 0.00371826 0.00371176 0.00372401 0 0.00373752 0.0110625 0.111844 0.0130077 
0.00874522 0.00881193 0.00864512 0.0087802 0.00846712 0.00846387 0.0087239 0.0122208 0.00880601 0.0098352 0.00892499 0.00885239 0.00839924 0.00896595 0.0088983 0.00913308 0.00893999 0.0095004 0.0110362 0.0139 0.00921112 0.00880172 0.00933217 0.0107369 0.0185465 0.0105035 0.0125857 0.0126801 0.0133084 0.0331358 0.139064 0.0342843 0.00489211 0.00481999 0.00400247 0.00389284 0.00377755 0.0037322 0.00371 0.00373752 0 0.0339328 0.0128103 0.0897724 
0.00846625 0.00806205 0.00833984 0.00849766 0.00849397 0.00855584 0.00828381 0.00880628 0.00823637 0.00852505 0.00835108 0.00822861 0.00818247 0.00817395 0.00864622 0.00885233 0.00874658 0.00887871 0.00950137 0.00938247 0.00876975 0.00839922 0.00924645 0.0127641 0.0170963 0.0103026 0.0129822 0.0100581 0.00992446 0.0105241 0.0156475 0.0395199 0.012708 0.0416983 0.019627 0.0101372 0.018829 0.0129247 0.0357349 0.0110625 0.0339328 0 0.00909503 0.00959901 
0.00817895 0.00866256 0.00857742 0.00865636 0.00857656 0.00813999 0.00812032 0.00860703 0.00889213 0.008481 0.00848973 0.00832177 0.00839076 0.00807863 0.0079325 0.008249 0.00795591 0.00815151 0.00870576 0.00924704 0.00862773 0.00875708 0.00940881 0.0086976 0.00948355 0.0240217 0.00957942 0.0112028 0.00953182 0.0136467 0.00948997 0.0103202 0.0401933 0.0108696 0.0230787 0.0134282 0.0112455 0.0127667 0.0116818 0.111844 0.0128103 0.00909503 0 0.00426514 
0.0088883 0.00844447 0.00821129 0.00840894 0.00817673 0.00826892 0.00847245 0.0100112 0.00866162 0.0082916 0.00832871 0.0081944 0.00798236 0.00810174 0.00865175 0.0088738 0.00868417 0.0092186 0.0113331 0.0116952 0.00865969 0.00880944 0.00826826 0.00953367 0.0168205 0.0117159 0.0097201 0.00939214 0.00930499 0.00956436 0.0116885 0.0239446 0.0114099 0.0109588 0.0108149 0.00971172 0.00947038 0.00988153 0.0154764 0.0130077 0.0897724 0.00959901 0.00426514 0 
