1IWMA
GKSPDSPQWRQHQQDVRNLNQYQTRGAFAYISDQQKVYARFFWQQTGQDRYRLLLTNPLGSTELELNAQPGNVQLVDNKGQRYTADDAEEMIGKLTGMPIPLNSLRQWILGLPGDATDYKLDDQYRLSEITYSQNGKNWKVVYGGYDTKTQPAMPANMELTDGGQRIKLKMDNWIVK
CCCCCCHHHHHHHHHHHCCCEEEEEEEEEEECCCCEEEEEEEEEEECCCEEEEEEECCCCCEEEEEEEECCEEEEECCCCCEEEECCHHHHHHHHHCCCCCHHHHHHHCCCCCCCCCCEEECCCCCEEEEEEECCCCEEEEEECCEECCCCCCEECEEEEECCCCEEEEEEEEEEEC
0 0 0 0 0 0 0 0 0 0 0 0 0 0 0 0 0 0 0 0 0 0 0 0 0 0 0 0 0 0 0 0 0 0 0 0 0 0 0 0 0 0 0 0 0 0 0 0 0 0 0 0 0 0 0 0 0 0 0 0 0 0 0 0 0 0 0 0 0 0 0 0 0 0 0 0 0 0 0 0 0 0 0 0 0 0 0 0 0 0 0 0 0 0 0 0 0 0 0 0 0 0 0 0 0 0 0 0 0 0 0 0 0 0 0 0 0 0 0 0 0 0 0 0 0 0 0 0 0 0 0 0 0 0 0 0 0 0 0 0 0 0 0 0 0 0 0 0 0 0 0 0 0 0 0 0 0 0 0 0 0 0 0 0 0 0 0 0 0 0 0 0 0 0 0 0 0 
0 0 0 0 0 0 0 0 0 0 0 0 0 0 0 0 0 0 0 0 0 0 0 0 0 0 0 0 0 0 0 0 0 0 0 0 0 0 0 0 0 0 0 0 0 0 0 0 0 0 0 0 0 0 0 0 0 0 0 0 0 0 0 0 0 0 0 0 0 0 0 0 0 0 0 0 0 0 0 0 0 0 0 0 0 0 0 0 0 0 0 0 0 0 0 0 0 0 0 0 0 0 0 0 0 0 0 0 0 0 0 0 0 0 0 0 0 0 0 0 0 0 0 0 0 0 0 0 0 0 0 0 0 0 0 0 0 0 0 0 0 0 0 0 0 0 0 0 0 0 0 0 0 0 0 0 0 0 0 0 0 0 0 0 0 0 0 0 0 0 0 0 0 0 0 0 0 
0 0.00391508 0.00383835 0.00370546 0.00392879 0.00367589 0.00398281 0.00378908 0.00434167 0.00573316 0.0218057 0.0102739 0.00647201 0.0120689 0.00714863 0.0167055 0.00709526 0.0173843 0.00773644 0.0105332 0.00982733 0.77248 0.0137596 0.00855119 0.0127642 0.00845442 0.0115247 0.00839954 0.0417954 0.009404 0.00968457 0.00855968 0.0107392 0.00832536 0.0100312 0.00829241 0.0140709 0.0109459 0.00848167 0.0096924 0.00848185 0.0135235 0.00857713 0.00825197 0.00852801 0.00898006 0.00811502 0.00801059 0.00844657 0.00797429 0.00795865 0.00801564 0.00791735 0.00822637 0.00790961 0.00858593 0.0079758 0.00794711 0.0081867 0.00797505 0.00807879 0.0082817 0.00797575 0.00799953 0.00796749 0.00806893 0.00824796 0.00792954 0.00811036 0.00791299 0.00831554 0.00820589 0.00795532 0.00820628 0.00794696 0.00809685 0.00788162 0.00797451 0.00791565 0.00798596 0.00793712 0.00818913 
0.00391508 0 0.00369502 0.00376845 0.00371596 0.00486087 0.00375937 0.00438352 0.00574602 0.0114412 0.00868237 0.00595397 0.0129588 0.00710392 0.0241916 0.00747946 0.0222714 0.00784364 0.0117804 0.00894186 0.901762 0.0097404 0.00822124 0.0319375 0.00836094 0.0314713 0.00857728 0.0646652 0.0092072 0.00944538 0.00884906 0.0161998 0.00858398 0.0249968 0.00835378 0.0286141 0.00832022 0.00857622 0.0160806 0.00878014 0.0257315 0.00915315 0.00842569 0.0101223 0.00888706 0.00971791 0.00823827 0.00821568 0.00872407 0.00829769 0.00829818 0.00807998 0.00950112 0.00801206 0.0102579 0.00807314 0.00792659 0.00877507 0.00813773 0.00933331 0.00816087 0.00876592 0.00814474 0.00811576 0.00806901 0.00809415 0.00796332 0.00926517 0.00815417 0.00863162 0.00814734 0.0078964 0.00931635 0.00819596 0.00950267 0.00816425 0.00856836 0.00820145 0.00819052 0.0083562 0.00815944 0.00856647 
0.00383835 0.00369502 0 0.00371733 0.00377015 0.00370086 0.0039839 0.00395838 0.00539143 0.0049821 0.00424009 0.00961382 0.00618806 0.0202221 0.00686668 0.0287949 0.00725166 0.0125631 0.00858894 0.944041 0.00817178 0.00843434 0.0135286 0.00808207 0.0310049 0.00827916 0.0959171 0.00838503 0.0132569 0.00887755 0.0123859 0.00858398 0.0401398 0.00847173 0.0432593 0.00842164 0.0100967 0.0106958 0.00846383 0.0409746 0.00866337 0.00987324 0.00886749 0.00841654 0.00902155 0.00820614 0.0080673 0.00832785 0.00800199 0.00804235 0.00813093 0.00946377 0.00797776 0.0118955 0.00808735 0.00839576 0.00822983 0.00811477 0.0110877 0.00821594 0.00880869 0.0081708 0.00803056 0.00797833 0.00796133 0.00803744 0.00880456 0.00807709 0.0100349 0.0080676 0.00809949 0.00913373 0.00799545 0.00982464 0.00808655 0.00938999 0.00807256 0.00816537 0.00831922 0.00815595 0.00834396 0.00804189 
0.00370546 0.00376845 0.00371733 0 0.00369797 0.003842 0.00380516 0.00415077 0.00431672 0.00390987 0.0044513 0.00521353 0.013813 0.00651311 0.031171 0.00692734 0.0134676 0.00794568 0.959992 0.00819016 0.0135196 0.00767844 0.00771748 0.0210322 0.00807611 0.105612 0.00839529 0.0230119 0.00844461 0.00928027 0.00829089 0.0272205 0.0084852 0.0540241 0.00835289 0.0149395 0.00809272 0.00833622 0.0202776 0.00861932 0.0208822 0.00844416 0.00814764 0.00878276 0.00816095 0.00884531 0.00832029 0.00804785 0.00841423 0.00860304 0.00818632 0.00814814 0.0120504 0.00805624 0.00935075 0.00796059 0.00790995 0.00908846 0.00818813 0.0121386 0.0081615 0.00836102 0.00802261 0.00807586 0.00802543 0.0080748 0.00796088 0.00959891 0.00825503 0.00862991 0.00798422 0.00790755 0.0102828 0.00813296 0.0111448 0.00820231 0.00918181 0.00823398 0.00815264 0.00876282 0.0080979 0.0086781 
0.00392879 0.00371596 0.00377015 0.00369797 0 0.00416167 0.00431103 0.00372208 0.00375485 0.00379376 0.00382717 0.0145723 0.00595707 0.0160283 0.0064601 0.0111041 0.00769254 0.921436 0.00799758 0.0102933 0.00739768 0.00937976 0.011844 0.00800845 0.0564793 0.00832271 0.0331134 0.00832208 0.0144836 0.00860958 0.0121822 0.00852437 0.0450505 0.00841203 0.0242556 0.00835767 0.00949857 0.0106586 0.00845029 0.0258356 0.00858401 0.0098432 0.00863325 0.00829254 0.00873306 0.00808438 0.00805236 0.00825284 0.00795146 0.00801492 0.00804341 0.00960042 0.00799434 0.01057 0.00801786 0.00874556 0.00832584 0.00807068 0.0103892 0.00819063 0.00897234 0.00800182 0.00802875 0.00794669 0.00795772 0.00799346 0.00894629 0.00809646 0.00990779 0.00802937 0.00803229 0.0090695 0.00807847 0.0101008 0.0081772 0.00947077 0.00808798 0.00814759 0.00815042 0.0081299 0.00830582 0.00801246 
0.00367589 0.00486087 0.00370086 0.003842 0.00416167 0 0.00372169 0.00375185 0.00376995 0.00378025 0.00385961 0.00460868 0.0118972 0.00625947 0.0148608 0.00784384 0.964214 0.00777257 0.0118461 0.0074385 0.0161479 0.00986829 0.00778239 0.067873 0.00822414 0.0344483 0.008658 0.0235902 0.00870062 0.0105663 0.00853745 0.0407098 0.0087935 0.041624 0.00857205 0.0162088 0.00840118 0.00862826 0.0227912 0.00893679 0.0204314 0.00871275 0.00832758 0.00917924 0.00839834 0.00941316 0.00883282 0.00806151 0.00913629 0.00887369 0.00863922 0.00841564 0.0145708 0.00817271 0.00999107 0.00808175 0.00797272 0.0100818 0.00840219 0.0134574 0.00830879 0.00863691 0.00815609 0.00808584 0.00804523 0.0081458 0.00807578 0.0110674 0.00825992 0.00900475 0.00806773 0.00801096 0.0127249 0.00834785 0.0136242 0.00834556 0.0102322 0.00829517 0.00828078 0.00908458 0.0081791 0.00869361 
0.00398281 0.00375937 0.0039839 0.00380516 0.00431103 0.00372169 0 0.00373261 0.0037171 0.0037639 0.00370925 0.00786462 0.0053219 0.00999827 0.00728013 0.972222 0.00757756 0.0108382 0.00688154 0.0145746 0.00859389 0.00863426 0.0336188 0.00814143 0.0249139 0.00858735 0.0370624 0.00885843 0.012821 0.00854363 0.0206734 0.00889874 0.03636 0.00876403 0.0282236 0.00852368 0.00926118 0.0112323 0.0088099 0.0339977 0.00897276 0.0104111 0.0090479 0.00850574 0.00917124 0.00825943 0.0081203 0.00839291 0.00805252 0.00817018 0.00847675 0.0108686 0.00823329 0.0131166 0.00832348 0.00861188 0.00856726 0.00825885 0.0132352 0.0086267 0.00958436 0.00816707 0.0081132 0.00797259 0.00805104 0.0080031 0.00974871 0.00821809 0.0104288 0.0082154 0.00809821 0.00924808 0.0082059 0.0114626 0.00841119 0.0102817 0.00822056 0.00833513 0.00843125 0.00828397 0.00832035 0.00811459 
0.00378908 0.00438352 0.00395838 0.00415077 0.00372208 0.00375185 0.00373261 0 0.00371935 0.00373969 0.00374404 0.00430972 0.00791714 0.00740792 0.972798 0.014309 0.0100455 0.00724105 0.0163465 0.00763138 0.00963259 0.00834163 0.00795591 0.0163902 0.00883975 0.0327123 0.00973281 0.0167672 0.00957057 0.0135849 0.00873724 0.0254782 0.0104284 0.0327379 0.00928384 0.0125221 0.00859449 0.00890054 0.018418 0.0109529 0.0169776 0.00924026 0.00846176 0.00929957 0.00862254 0.00874204 0.00846357 0.00814504 0.00857869 0.00872803 0.00893301 0.00876793 0.0110882 0.00846855 0.0088234 0.00822688 0.00806576 0.00911757 0.00924108 0.0119858 0.0084417 0.00851325 0.00804799 0.00812447 0.00809648 0.00815536 0.00819543 0.00902169 0.00846385 0.00877106 0.00815288 0.00808894 0.00976827 0.00864379 0.010182 0.00854232 0.00922516 0.00841815 0.00853142 0.00870807 0.00860664 0.00862083 
0.00434167 0.00574602 0.00539143 0.00431672 0.00375485 0.00376995 0.0037171 0.00371935 0 0.00370586 0.00377503 0.00454271 0.00637022 0.962435 0.0119293 0.00862711 0.00694958 0.0176315 0.00967723 0.01064 0.00930363 0.00795663 0.0108624 0.00951669 0.0197278 0.0141224 0.0250101 0.0122312 0.0114971 0.00889239 0.0121527 0.0137871 0.0273298 0.0153188 0.0173975 0.0103428 0.00941598 0.0105983 0.0122456 0.0297209 0.0134845 0.0102817 0.00862953 0.00908647 0.0091603 0.00871629 0.00843969 0.00852385 0.0088612 0.00859621 0.00895483 0.0105928 0.0095526 0.0102195 0.00879164 0.00837305 0.0082123 0.00923812 0.0124922 0.0112439 0.0094486 0.00858451 0.0081635 0.00813402 0.00823089 0.00838767 0.00873051 0.00944486 0.00964436 0.00865689 0.00821774 0.00853046 0.00927489 0.0100195 0.00979753 0.0103424 0.00908949 0.00858784 0.00880391 0.00884775 0.00859891 0.00867247 
0.00573316 0.0114412 0.0049821 0.00390987 0.00379376 0.00378025 0.0037639 0.00373969 0.00370586 0 0.00391061 0.00619515 0.965973 0.016791 0.00806264 0.00803646 0.0193934 0.00821325 0.0086758 0.0107402 0.00842838 0.00935359 0.0112288 0.0185253 0.0141771 0.0125714 0.0164814 0.03133 0.0120308 0.0100364 0.0118276 0.0119037 0.0157956 0.0134144 0.0128792 0.0135354 0.0106863 0.011281 0.0132481 0.0161446 0.023204 0.0111878 0.00897452 0.00928087 0.00968623 0.00867295 0.00869489 0.00966099 0.00878186 0.00862806 0.00909474 0.00896799 0.00890256 0.00954183 0.00919297 0.00850231 0.00830997 0.00904148 0.0109444 0.0100862 0.0104246 0.00867133 0.00831973 0.00832923 0.00824267 0.00841298 0.00867415 0.00873871 0.0091876 0.00884314 0.00838718 0.00848621 0.00910295 0.00988454 0.00959143 0.00902897 0.00888367 0.00861276 0.00861128 0.0086205 0.00886233 0.00845163 
0.0218057 0.00868237 0.00424009 0.0044513 0.00382717 0.00385961 0.00370925 0.00374404 0.00377503 0.00391061 0 0.980862 0.00851562 0.00496301 0.00530477 0.0114938 0.00635271 0.00651825 0.0107062 0.00627659 0.00722743 0.00793069 0.0153122 0.0136919 0.00902047 0.010485 0.00993173 0.0132504 0.0176544 0.0197339 0.0103224 0.0104021 0.00972244 0.0113354 0.00901084 0.0110437 0.010391 0.0164226 0.0125343 0.00954293 0.0121237 0.014192 0.0140653 0.00899459 0.00873769 0.00986425 0.0119023 0.00832864 0.00966641 0.0112814 0.00863798 0.00827418 0.0086924 0.00827334 0.00881258 0.00856574 0.00921623 0.0089847 0.00831511 0.00889709 0.00838726 0.00916961 0.00926279 0.00863404 0.0086034 0.00822537 0.00828048 0.0086239 0.00827129 0.00840135 0.00857548 0.00918042 0.00867305 0.00817874 0.00853582 0.00828745 0.00824573 0.00806694 0.00806474 0.00826592 0.00819573 0.00823498 
0.0102739 0.00595397 0.00961382 0.00521353 0.0145723 0.00460868 0.00786462 0.00430972 0.00454271 0.00619515 0.980862 0 0.00418473 0.00423339 0.00372857 0.00408815 0.0037308 0.00409672 0.00376032 0.00501673 0.00427398 0.00975764 0.00871088 0.00659894 0.0106892 0.00729153 0.0149162 0.00776709 0.0546941 0.0110637 0.0111014 0.00846424 0.0214234 0.00825566 0.0133497 0.00833744 0.0191947 0.0149918 0.00873263 0.012554 0.00863973 0.0217734 0.0102072 0.00869987 0.0099864 0.0102794 0.00854405 0.00860492 0.00885161 0.0082135 0.00810054 0.00859571 0.00794775 0.00979313 0.00799045 0.0108482 0.0085574 0.00794469 0.00895246 0.00801545 0.00901077 0.00865688 0.00841804 0.00838622 0.00801532 0.00821388 0.00917886 0.00788835 0.0092022 0.00794923 0.00871499 0.00988012 0.0079624 0.0098927 0.00795077 0.00903861 0.00789253 0.00808544 0.00798872 0.00793004 0.00829024 0.00857849 
0.00647201 0.0129588 0.00618806 0.013813 0.00595707 0.0118972 0.0053219 0.00791714 0.00637022 0.965973 0.00851562 0.00418473 0 0.00375759 0.0038123 0.00372369 0.00383523 0.00375581 0.00422323 0.00378581 0.0232568 0.00481085 0.00579173 0.014918 0.00697365 0.0214628 0.00778811 0.0466219 0.00830547 0.0110378 0.00890147 0.0437744 0.00837652 0.0294445 0.0081858 0.0373385 0.00828862 0.00861788 0.0282754 0.00855807 0.0310605 0.00883131 0.00883927 0.0108908 0.00876336 0.00999987 0.00879755 0.00821659 0.00903342 0.00842335 0.00820539 0.00806771 0.0109119 0.00799415 0.0114124 0.00798383 0.00787743 0.00989008 0.00804221 0.0104489 0.00819258 0.00895472 0.00818084 0.00800443 0.00799521 0.00797645 0.00793495 0.0104802 0.00801209 0.00912687 0.00801164 0.00789106 0.010881 0.00815829 0.0111725 0.00808299 0.00943327 0.0080413 0.00814912 0.00870396 0.00827141 0.00903995 
0.0120689 0.00710392 0.0202221 0.00651311 0.0160283 0.00625947 0.00999827 0.00740792 0.962435 0.016791 0.00496301 0.00423339 0.00375759 0 0.00370377 0.00382132 0.00371236 0.0039713 0.00373643 0.0158316 0.00381377 0.00415427 0.0103277 0.00630833 0.0171391 0.00712564 0.0391162 0.00778505 0.0228818 0.00929238 0.0319662 0.00861378 0.041189 0.00820186 0.0465026 0.00828288 0.0115418 0.0130292 0.0085209 0.0490628 0.00876685 0.0140581 0.00974701 0.00883737 0.0111498 0.00852182 0.0084038 0.00890954 0.00821301 0.00822516 0.00851936 0.0115608 0.00820064 0.0178964 0.00821191 0.0100504 0.00874954 0.00820593 0.0159741 0.00841341 0.0121808 0.00828248 0.00841242 0.00801676 0.00816882 0.00806901 0.010582 0.00810455 0.0143341 0.00814816 0.00838786 0.00981101 0.00815353 0.0140117 0.00824004 0.0144556 0.00815995 0.00841883 0.00826432 0.00858147 0.00888991 0.00818872 
0.00714863 0.0241916 0.00686668 0.031171 0.0064601 0.0148608 0.00728013 0.972798 0.0119293 0.00806264 0.00530477 0.00372857 0.0038123 0.00370377 0 0.00369642 0.00372307 0.0036958 0.0150823 0.00398881 0.00405607 0.00372262 0.0051285 0.0170275 0.00655221 0.0370554 0.00759656 0.0193217 0.0139888 0.0222877 0.00837893 0.0262902 0.00831164 0.0694126 0.00823771 0.0226248 0.00827985 0.00859154 0.0334669 0.0088046 0.0310013 0.00873435 0.00863458 0.010433 0.00863654 0.0101337 0.0093383 0.00816394 0.00979322 0.00894753 0.00872856 0.00819989 0.021497 0.00813691 0.0130724 0.00814891 0.00804967 0.0117642 0.00852518 0.0217898 0.0082921 0.00913378 0.0081243 0.00811863 0.00814387 0.00823471 0.00812463 0.0131689 0.00836369 0.0100987 0.00810005 0.00798559 0.0149004 0.00821306 0.0170623 0.00839748 0.0118853 0.00826945 0.00877412 0.00951005 0.00823169 0.00926038 
0.0167055 0.00747946 0.0287949 0.00692734 0.0111041 0.00784384 0.972222 0.014309 0.00862711 0.00803646 0.0114938 0.00408815 0.00372369 0.00382132 0.00369642 0 0.00368808 0.0144488 0.00378818 0.00398931 0.00375895 0.00374765 0.00868951 0.00586061 0.0637565 0.00676616 0.0166128 0.0108716 0.79104 0.00821148 0.013281 0.00823458 0.0441004 0.00835988 0.0351333 0.00829336 0.0104336 0.0127912 0.00884438 0.0478759 0.00910617 0.0121138 0.00923354 0.00870153 0.0102663 0.00828501 0.00825877 0.00885133 0.00813426 0.00826886 0.00839898 0.0138641 0.00827288 0.0167901 0.00848444 0.00909329 0.00845518 0.00826163 0.0186237 0.00879102 0.0116322 0.00817148 0.00818703 0.00803072 0.00810034 0.00808694 0.0104762 0.00820865 0.0138852 0.00830607 0.00819774 0.00967024 0.00811848 0.0143223 0.00844126 0.0121269 0.0082354 0.00895634 0.00870402 0.00831569 0.00883987 0.00811265 
0.00709526 0.0222714 0.00725166 0.0134676 0.00769254 0.964214 0.00757756 0.0100455 0.00694958 0.0193934 0.00635271 0.0037308 0.00383523 0.00371236 0.00372307 0.00368808 0 0.00369625 0.00370236 0.00370939 0.00383075 0.00379928 0.00422488 0.0585384 0.00569637 0.0131437 0.0113603 0.948403 0.0088199 0.00867543 0.00796074 0.0224199 0.0130413 0.0330654 0.00824912 0.0156668 0.00829325 0.00853012 0.0220543 0.00934929 0.0254039 0.00894979 0.0085616 0.0100132 0.00862941 0.00909447 0.00856124 0.00830278 0.00891886 0.00847224 0.00966734 0.00874279 0.0174947 0.00846198 0.0111778 0.008196 0.00804204 0.0122188 0.00927371 0.0238255 0.00842835 0.00872973 0.00805881 0.00810926 0.00805811 0.00827407 0.00822648 0.0116994 0.00847466 0.00947235 0.00809282 0.00801602 0.0121411 0.00853854 0.0140296 0.00851128 0.0117906 0.00876569 0.00868629 0.00962934 0.00839603 0.00951857 
0.0173843 0.00784364 0.0125631 0.00794568 0.921436 0.00777257 0.0108382 0.00724105 0.0176315 0.00821325 0.00651825 0.00409672 0.00375581 0.0039713 0.0036958 0.0144488 0.00369625 0 0.00372759 0.00367422 0.00369596 0.00372798 0.0376597 0.00479353 0.0149232 0.0080653 0.966662 0.008826 0.00945641 0.00754902 0.0134175 0.00827868 0.0243939 0.00842737 0.0175307 0.00826197 0.00989295 0.0110277 0.00876048 0.0313756 0.00896656 0.0238575 0.00874016 0.00867632 0.00960963 0.00854326 0.00839239 0.00867916 0.00828749 0.00847025 0.00860631 0.0117367 0.00863156 0.0171181 0.00836909 0.00869826 0.00841541 0.00828326 0.0193018 0.00929209 0.0113942 0.0083911 0.00803964 0.00797508 0.0080295 0.00814976 0.0103624 0.00834891 0.0113834 0.00838385 0.00825345 0.00901269 0.00821525 0.0114325 0.00848384 0.0122407 0.00836926 0.00864752 0.00901659 0.00851278 0.00865387 0.00839618 
0.00773644 0.0117804 0.00858894 0.959992 0.00799758 0.0118461 0.00688154 0.0163465 0.00967723 0.0086758 0.0107062 0.00376032 0.00422323 0.00373643 0.0150823 0.00378818 0.00370236 0.00372759 0 0.0037029 0.00370462 0.00373688 0.00391851 0.0120639 0.00665622 0.972273 0.00814878 0.00972205 0.0066178 0.00823127 0.00806639 0.0142595 0.00840088 0.0220084 0.00823611 0.0123293 0.00818297 0.00827947 0.0154554 0.00910237 0.0493104 0.0088774 0.00839138 0.00908054 0.00849748 0.00935501 0.00850771 0.00824651 0.00891552 0.00867485 0.00897249 0.00869061 0.0155069 0.00855264 0.00972025 0.00821581 0.00804941 0.0105852 0.00907343 0.0227208 0.00840789 0.0086984 0.00813726 0.00807631 0.0081252 0.00832999 0.00831001 0.0103709 0.00849095 0.00927334 0.00828026 0.00800064 0.0113595 0.00842186 0.0152524 0.00860567 0.0104484 0.00867711 0.00865203 0.00935557 0.00836291 0.0093303 
0.0105332 0.00894186 0.944041 0.00819016 0.0102933 0.0074385 0.0145746 0.00763138 0.01064 0.0107402 0.00627659 0.00501673 0.00378581 0.0158316 0.00398881 0.00398931 0.00370939 0.00367422 0.0037029 0 0.00369532 0.00370321 0.00521044 0.00718298 0.979075 0.00555146 0.0162664 0.00616341 0.00753481 0.00703942 0.00957115 0.00807568 0.0165768 0.00810093 0.0129898 0.00795276 0.00869265 0.0106294 0.00840974 0.0461842 0.00861992 0.00993604 0.00864469 0.00850099 0.00960392 0.00833088 0.00833489 0.00836213 0.00821681 0.00827941 0.0085024 0.010133 0.00844312 0.0106751 0.0083877 0.00836653 0.00830271 0.00821765 0.0161706 0.00887958 0.00899253 0.00819623 0.00815394 0.00805233 0.00806336 0.00809598 0.00885556 0.00821967 0.0105392 0.00826257 0.00804697 0.00894855 0.00822331 0.00982807 0.00847321 0.00961806 0.00815133 0.00842173 0.00847009 0.00826344 0.00843952 0.00818848 
0.00982733 0.901762 0.00817178 0.0135196 0.00739768 0.0161479 0.00859389 0.00963259 0.00930363 0.00842838 0.00722743 0.00427398 0.0232568 0.00381377 0.00405607 0.00375895 0.00383075 0.00369596 0.00370462 0.00369532 0 0.00378857 0.00596706 0.989894 0.00794804 0.00874673 0.00497728 0.0100597 0.00515691 0.00989207 0.00818495 0.00958183 0.00770873 0.0110066 0.00772175 0.0103817 0.00765293 0.00819588 0.0432237 0.00843926 0.0144325 0.00825741 0.008658 0.00955466 0.00852841 0.00843721 0.00833063 0.008345 0.00830482 0.00836894 0.0084026 0.00813265 0.00902902 0.00823109 0.00870157 0.00802043 0.00807893 0.00883165 0.00819179 0.0092116 0.00828403 0.00829458 0.00808455 0.00813438 0.00807275 0.00814461 0.00800576 0.0091059 0.00824664 0.00841168 0.00803762 0.00794339 0.0093028 0.00809319 0.00895855 0.00806254 0.00847105 0.00817156 0.0080701 0.0083303 0.00801348 0.008368 
0.77248 0.0097404 0.00843434 0.00767844 0.00937976 0.00986829 0.00863426 0.00834163 0.00795663 0.00935359 0.00793069 0.00975764 0.00481085 0.00415427 0.00372262 0.00374765 0.00379928 0.00372798 0.00373688 0.00370321 0.00378857 0 0.969945 0.00397534 0.00590312 0.00388687 0.00564842 0.00488768 0.00595864 0.0103489 0.00804443 0.00738568 0.00841764 0.00756986 0.00839418 0.0078933 0.0116399 0.0266146 0.00875599 0.00922222 0.00855816 0.0100926 0.0119599 0.00865201 0.00846052 0.00837575 0.0092876 0.0081127 0.00832822 0.00971875 0.0080805 0.0081728 0.00809183 0.00825799 0.00814246 0.00833512 0.00880216 0.00810792 0.00818451 0.00821936 0.00811533 0.00822053 0.00851369 0.00807726 0.0081018 0.00792746 0.00857347 0.00800784 0.00811186 0.00811513 0.0081097 0.00926603 0.00804579 0.00814731 0.0079903 0.00809865 0.00794224 0.00794177 0.00797532 0.00792851 0.00795655 0.00796837 
0.0137596 0.00822124 0.0135286 0.00771748 0.011844 0.00778239 0.0336188 0.00795591 0.0108624 0.0112288 0.0153122 0.00871088 0.00579173 0.0103277 0.0051285 0.00868951 0.00422488 0.0376597 0.00391851 0.00521044 0.00596706 0.969945 0 0.00378208 0.00386094 0.00372754 0.00396411 0.00425061 0.00687911 0.00718036 0.00707335 0.00648994 0.0141263 0.00685017 0.0168667 0.0323575 0.59063 0.0121889 0.00806864 0.0139177 0.00844827 0.0309829 0.00965972 0.00852939 0.0111473 0.0112852 0.00856926 0.00864027 0.0101175 0.008244 0.00819645 0.00872785 0.00801842 0.0098734 0.00809795 0.014915 0.00841452 0.00810525 0.00935048 0.00812061 0.00906548 0.00906554 0.00846126 0.00832337 0.00809782 0.00826437 0.00949312 0.00791039 0.00951731 0.00805783 0.00931479 0.00937207 0.00803551 0.0102158 0.00799771 0.00923756 0.00791659 0.0081017 0.00802812 0.00812481 0.00834692 0.00902223 
0.00855119 0.0319375 0.00808207 0.0210322 0.00800845 0.067873 0.00814143 0.0163902 0.00951669 0.0185253 0.0136919 0.00659894 0.014918 0.00630833 0.0170275 0.00586061 0.0585384 0.00479353 0.0120639 0.00718298 0.989894 0.00397534 0.00378208 0 0.00397428 0.00389327 0.00379533 0.00519977 0.00379649 0.00706228 0.00632475 0.0122611 0.00687119 0.0457581 0.0111899 0.880287 0.0105781 0.00813998 0.0248089 0.00814304 0.0644177 0.00898065 0.00907885 0.0122631 0.0092242 0.0131444 0.0107305 0.00855506 0.0116587 0.00976457 0.0087358 0.00825783 0.0145148 0.00812276 0.0241384 0.00824319 0.00804274 0.0113348 0.00826939 0.0170383 0.00834101 0.0106179 0.00843527 0.00829873 0.00822242 0.00829738 0.00796682 0.0141273 0.00809384 0.0125264 0.00827091 0.00796609 0.0141183 0.00814502 0.0149559 0.00807014 0.0111434 0.00812471 0.0082094 0.00946163 0.00837053 0.0093368 
0.0127642 0.00836094 0.0310049 0.00807611 0.0564793 0.00822414 0.0249139 0.00883975 0.0197278 0.0141771 0.00902047 0.0106892 0.00697365 0.0171391 0.00655221 0.0637565 0.00569637 0.0149232 0.00665622 0.979075 0.00794804 0.00590312 0.00386094 0.00397428 0 0.00370087 0.00386072 0.00368384 0.00402087 0.00586526 0.0110483 0.00647351 0.0310188 0.0176197 0.896383 0.00710986 0.00826496 0.0119181 0.00812962 0.0568828 0.00859077 0.0167402 0.0101389 0.00857528 0.0108557 0.00842777 0.0086731 0.00980744 0.00823637 0.00843032 0.00859722 0.0146225 0.00833468 0.0344939 0.00829968 0.00959679 0.00892696 0.00827458 0.0256273 0.00876888 0.0183578 0.00821478 0.00827226 0.00798045 0.00816941 0.00804177 0.0119073 0.0081914 0.0172593 0.00829693 0.00838341 0.0108303 0.0081289 0.0177868 0.00841171 0.0155683 0.0082165 0.00911825 0.00899717 0.00846725 0.00922352 0.0081627 
0.00845442 0.0314713 0.00827916 0.105612 0.00832271 0.0344483 0.00858735 0.0327123 0.0141224 0.0125714 0.010485 0.00729153 0.0214628 0.00712564 0.0370554 0.00676616 0.0131437 0.0080653 0.972273 0.00555146 0.00874673 0.00388687 0.00372754 0.00389327 0.00370087 0 0.00370062 0.00373127 0.00380281 0.0117261 0.00604053 0.040279 0.0208091 0.930822 0.00681617 0.0141082 0.00651243 0.00791236 0.0442966 0.00851624 0.0370169 0.00869239 0.00874381 0.0116499 0.00869194 0.0103794 0.0113653 0.0085243 0.0105613 0.00963389 0.0101702 0.00895606 0.060892 0.00858259 0.0140701 0.00842249 0.00814038 0.0197711 0.00950191 0.0638895 0.00863104 0.0095385 0.00823102 0.00818194 0.00829075 0.00852067 0.00826217 0.0189051 0.0087152 0.0115092 0.00824235 0.00809453 0.0182335 0.00868127 0.0256775 0.00861394 0.014786 0.00894271 0.00918376 0.0139397 0.00854984 0.0102327 
0.0115247 0.00857728 0.0959171 0.00839529 0.0331134 0.008658 0.0370624 0.00973281 0.0250101 0.0164814 0.00993173 0.0149162 0.00778811 0.0391162 0.00759656 0.0166128 0.0113603 0.966662 0.00814878 0.0162664 0.00497728 0.00564842 0.00396411 0.00379533 0.00386072 0.00370062 0 0.00372252 0.00399364 0.00544584 0.0272258 0.0184024 0.911893 0.00708558 0.0126072 0.00663147 0.00830434 0.0144565 0.00811733 0.0692219 0.00906782 0.0122453 0.0100689 0.00864036 0.0124533 0.00898518 0.00912525 0.0101071 0.00869376 0.00880018 0.00925354 0.0412287 0.00881063 0.0263617 0.00885247 0.00954831 0.00895888 0.008841 0.0423386 0.00956872 0.0148632 0.00856323 0.0083431 0.00817545 0.00833874 0.00828776 0.0124361 0.00851919 0.0187248 0.00855008 0.00850909 0.0109596 0.00838046 0.0195912 0.00870662 0.0154139 0.00867607 0.00937669 0.00977647 0.00873888 0.0100952 0.00848822 
0.00839954 0.0646652 0.00838503 0.0230119 0.00832208 0.0235902 0.00885843 0.0167672 0.0122312 0.03133 0.0132504 0.00776709 0.0466219 0.00778505 0.0193217 0.0108716 0.948403 0.008826 0.00972205 0.00616341 0.0100597 0.00488768 0.00425061 0.00519977 0.00368384 0.00373127 0.00372252 0 0.00372865 0.0172821 0.0975666 0.816394 0.00687853 0.0107371 0.00627175 0.0203247 0.00663438 0.00819835 0.0621713 0.00838906 0.0533039 0.00923175 0.00909483 0.012151 0.00898901 0.0107688 0.00944971 0.00906649 0.011116 0.00963582 0.0152734 0.00853353 0.0131499 0.00851796 0.0148394 0.00843414 0.00825546 0.0164066 0.00877261 0.0183317 0.00876103 0.00960064 0.0084335 0.00843821 0.00856026 0.00864081 0.00816707 0.0124826 0.00836842 0.0104235 0.00830042 0.00821278 0.0141262 0.00827382 0.0145675 0.00834085 0.0100582 0.00851433 0.00859409 0.0103778 0.0083905 0.00916602 
0.0417954 0.0092072 0.0132569 0.00844461 0.0144836 0.00870062 0.012821 0.00957057 0.0114971 0.0120308 0.0176544 0.0546941 0.00830547 0.0228818 0.0139888 0.79104 0.0088199 0.00945641 0.0066178 0.00753481 0.00515691 0.00595864 0.00687911 0.00379649 0.00402087 0.00380281 0.00399364 0.00372865 0 0.537676 0.250052 0.00490505 0.00840941 0.00570337 0.00767891 0.0057814 0.00721296 0.0430266 0.00847342 0.0124944 0.00857696 0.0195167 0.0191985 0.00913566 0.00993681 0.00945501 0.0136004 0.00970886 0.00918514 0.0204313 0.00903225 0.00989688 0.00839316 0.0112424 0.00843056 0.0116215 0.013764 0.00847609 0.0102954 0.00854483 0.00944781 0.00898513 0.0116429 0.00887836 0.00962114 0.00844099 0.0117567 0.00822083 0.00991397 0.00836196 0.00918967 0.0151476 0.00823951 0.0105244 0.00831048 0.00931371 0.00805304 0.00813851 0.00821306 0.00822855 0.00884166 0.00815776 
0.009404 0.00944538 0.00887755 0.00928027 0.00860958 0.0105663 0.00854363 0.0135849 0.00889239 0.0100364 0.0197339 0.0110637 0.0110378 0.00929238 0.0222877 0.00821148 0.00867543 0.00754902 0.00823127 0.00703942 0.00989207 0.0103489 0.00718036 0.00706228 0.00586526 0.0117261 0.00544584 0.0172821 0.537676 0 0.00390941 0.00373387 0.0038374 0.00396167 0.00392949 0.00429585 0.00579614 0.00525841 0.00623261 0.00664542 0.00895014 0.014684 0.00972929 0.00945955 0.0237288 0.0375416 0.0103477 0.00861262 0.0165671 0.00909796 0.00819465 0.00833875 0.00865505 0.00840073 0.0087169 0.0112685 0.00825177 0.00831516 0.00824231 0.0084216 0.0083818 0.0129968 0.0086509 0.00933021 0.00811425 0.00854739 0.0083468 0.00837925 0.00815092 0.00851781 0.00982772 0.00836234 0.00920004 0.00873891 0.00887073 0.00823731 0.008676 0.00788182 0.00808897 0.00800421 0.00826059 0.0092749 
0.00968457 0.00884906 0.0123859 0.00829089 0.0121822 0.00853745 0.0206734 0.00873724 0.0121527 0.0118276 0.0103224 0.0111014 0.00890147 0.0319662 0.00837893 0.013281 0.00796074 0.0134175 0.00806639 0.00957115 0.00818495 0.00804443 0.00707335 0.00632475 0.0110483 0.00604053 0.0272258 0.0975666 0.250052 0.00390941 0 0.00372145 0.00371828 0.0037139 0.00387166 0.00383562 0.00387016 0.00690228 0.00563447 0.00731952 0.00721958 0.00841289 0.0122365 0.0113459 0.0160008 0.00899802 0.00877957 0.010784 0.00865758 0.00831603 0.00857601 0.00940235 0.00829585 0.0116276 0.00831526 0.0108083 0.00823353 0.00830919 0.0105423 0.00830937 0.0105539 0.00836611 0.00826687 0.00809005 0.0081696 0.00812932 0.00894427 0.0081367 0.009926 0.00817154 0.00848538 0.00905624 0.00813441 0.0109074 0.00814035 0.00982447 0.00797176 0.00817347 0.00808177 0.00806486 0.0089136 0.00811796 
0.00855968 0.0161998 0.00858398 0.0272205 0.00852437 0.0407098 0.00889874 0.0254782 0.0137871 0.0119037 0.0104021 0.00846424 0.0437744 0.00861378 0.0262902 0.00823458 0.0224199 0.00827868 0.0142595 0.00807568 0.00958183 0.00738568 0.00648994 0.0122611 0.00647351 0.040279 0.0184024 0.816394 0.00490505 0.00373387 0.00372145 0 0.0037017 0.00371837 0.00371315 0.00386675 0.00374606 0.00428475 0.00824991 0.00643722 0.00884444 0.0132756 0.013904 0.0123245 0.00819815 0.0102785 0.010957 0.00858625 0.0113076 0.00973227 0.00945961 0.00863737 0.0203016 0.00857448 0.0155281 0.00838899 0.00812653 0.0118796 0.00912691 0.0320095 0.00854276 0.00990076 0.0082136 0.0082825 0.00820754 0.00839655 0.0082218 0.0129134 0.00833076 0.00999057 0.00818967 0.00802515 0.0134254 0.00838622 0.0221655 0.00829052 0.0122755 0.00827672 0.00887534 0.0109256 0.00825344 0.0091571 
0.0107392 0.00858398 0.0401398 0.0084852 0.0450505 0.0087935 0.03636 0.0104284 0.0273298 0.0157956 0.00972244 0.0214234 0.00837652 0.041189 0.00831164 0.0441004 0.0130413 0.0243939 0.00840088 0.0165768 0.00770873 0.00841764 0.0141263 0.00687119 0.0310188 0.0208091 0.911893 0.00687853 0.00840941 0.0038374 0.00371828 0.0037017 0 0.00369799 0.00376072 0.00372279 0.00391402 0.00495019 0.00537452 0.0133777 0.00974383 0.82835 0.00920361 0.00765964 0.00999583 0.00840738 0.00880895 0.0102641 0.00853423 0.00865767 0.00913205 0.0187742 0.00867901 0.0387798 0.00841755 0.0103812 0.00897981 0.00835528 0.0474763 0.00908402 0.0210787 0.00844073 0.00836136 0.0081677 0.00826023 0.00837929 0.0131807 0.00821223 0.0248732 0.00825792 0.00868947 0.0108428 0.00817617 0.028322 0.00839319 0.021359 0.00822851 0.00979586 0.00971353 0.00852462 0.00980429 0.00831359 
0.00832536 0.0249968 0.00847173 0.0540241 0.00841203 0.041624 0.00876403 0.0327379 0.0153188 0.0134144 0.0113354 0.00825566 0.0294445 0.00820186 0.0694126 0.00835988 0.0330654 0.00842737 0.0220084 0.00810093 0.0110066 0.00756986 0.00685017 0.0457581 0.0176197 0.930822 0.00708558 0.0107371 0.00570337 0.00396167 0.0037139 0.00371837 0.00369799 0 0.00372314 0.00380261 0.00370992 0.00387362 0.0184937 0.00674584 0.946009 0.00758148 0.00677549 0.00952825 0.0076372 0.0107258 0.0107353 0.0085978 0.0118895 0.00962804 0.0095049 0.00879079 0.0367138 0.00847095 0.0140211 0.00829157 0.00810583 0.0222675 0.00888566 0.0493246 0.00854357 0.00976978 0.00828299 0.00818969 0.00821572 0.0085292 0.00822607 0.0183964 0.00831834 0.0126854 0.0083329 0.00803595 0.0180378 0.00828853 0.0273974 0.00826059 0.0149602 0.00867885 0.0086547 0.0124733 0.00839319 0.0100371 
0.0100312 0.00835378 0.0432593 0.00835289 0.0242556 0.00857205 0.0282236 0.00928384 0.0173975 0.0128792 0.00901084 0.0133497 0.0081858 0.0465026 0.00823771 0.0351333 0.00824912 0.0175307 0.00823611 0.0129898 0.00772175 0.00839418 0.0168667 0.0111899 0.896383 0.00681617 0.0126072 0.00627175 0.00767891 0.00392949 0.00387166 0.00371315 0.00376072 0.00372314 0 0.00370907 0.0038448 0.0086359 0.00459897 0.963741 0.00558045 0.00594873 0.00706132 0.00674268 0.00961849 0.00746124 0.0087624 0.00975633 0.00851159 0.00855209 0.0089673 0.0166238 0.0084161 0.0232041 0.00841695 0.0104762 0.00926616 0.00830855 0.0305153 0.00872873 0.0136076 0.00839206 0.00839895 0.00809199 0.00828744 0.00824786 0.0126572 0.00819554 0.022512 0.00833943 0.00833829 0.0111986 0.00816887 0.0214364 0.0083313 0.0159499 0.00823159 0.00892778 0.00930921 0.00845615 0.00982358 0.00825641 
0.00829241 0.0286141 0.00842164 0.0149395 0.00835767 0.0162088 0.00852368 0.0125221 0.0103428 0.0135354 0.0110437 0.00833744 0.0373385 0.00828288 0.0226248 0.00829336 0.0156668 0.00826197 0.0123293 0.00795276 0.0103817 0.0078933 0.0323575 0.880287 0.00710986 0.0141082 0.00663147 0.0203247 0.0057814 0.00429585 0.00383562 0.00386675 0.00372279 0.00380261 0.00370907 0 0.0042628 0.003781 0.972726 0.00399097 0.0078958 0.00436715 0.00677154 0.0115104 0.00682377 0.00851989 0.0101959 0.00875367 0.0106928 0.0101051 0.0100826 0.00837487 0.014293 0.00833048 0.0121498 0.00840414 0.00812502 0.0150473 0.00840422 0.0139012 0.00842792 0.00919068 0.00832509 0.00838396 0.00827167 0.00863359 0.00801665 0.0172423 0.00821791 0.00971755 0.00835217 0.00806422 0.0157289 0.00809369 0.0137049 0.00815745 0.00981989 0.00822247 0.00814599 0.0102971 0.00821702 0.00866014 
0.0140709 0.00832022 0.0100967 0.00809272 0.00949857 0.00840118 0.00926118 0.00859449 0.00941598 0.0106863 0.010391 0.0191947 0.00828862 0.0115418 0.00827985 0.0104336 0.00829325 0.00989295 0.00818297 0.00869265 0.00765293 0.0116399 0.59063 0.0105781 0.00826496 0.00651243 0.00830434 0.00663438 0.00721296 0.00579614 0.00387016 0.00374606 0.00391402 0.00370992 0.0038448 0.0042628 0 0.969998 0.00390962 0.00402177 0.00404423 0.00486054 0.0111605 0.00630844 0.00644171 0.00665549 0.00902946 0.00855004 0.00848133 0.0105043 0.00823256 0.00863988 0.00812193 0.0093493 0.00822459 0.00911972 0.0102451 0.00799544 0.00892993 0.00820849 0.00873822 0.00826845 0.00909438 0.00810871 0.00832939 0.00800237 0.0104019 0.00796823 0.00872332 0.00810235 0.00824909 0.0109369 0.00793773 0.00914891 0.00798226 0.00847871 0.0078988 0.00794934 0.00798683 0.00791721 0.00823356 0.00796364 
0.0109459 0.00857622 0.0106958 0.00833622 0.0106586 0.00862826 0.0112323 0.00890054 0.0105983 0.011281 0.0164226 0.0149918 0.00861788 0.0130292 0.00859154 0.0127912 0.00853012 0.0110277 0.00827947 0.0106294 0.00819588 0.0266146 0.0121889 0.00813998 0.0119181 0.00791236 0.0144565 0.00819835 0.0430266 0.00525841 0.00690228 0.00428475 0.00495019 0.00387362 0.0086359 0.003781 0.969998 0 0.00376672 0.00380137 0.00376692 0.00450161 0.00585522 0.00553979 0.00778403 0.0183382 0.0144183 0.00976335 0.0112145 0.00871298 0.00865689 0.00906315 0.00837089 0.0110872 0.00832063 0.0201034 0.00894242 0.00850147 0.010894 0.00841799 0.0111818 0.0100864 0.00865901 0.00873637 0.00836565 0.00862333 0.0105013 0.00807525 0.00994466 0.00814621 0.0113046 0.0107048 0.00814083 0.0107716 0.00812702 0.0103739 0.0079701 0.00818152 0.00847476 0.00807242 0.00865209 0.00874296 
0.00848167 0.0160806 0.00846383 0.0202776 0.00845029 0.0227912 0.0088099 0.018418 0.0122456 0.0132481 0.0125343 0.00873263 0.0282754 0.0085209 0.0334669 0.00884438 0.0220543 0.00876048 0.0154554 0.00840974 0.0432237 0.00875599 0.00806864 0.0248089 0.00812962 0.0442966 0.00811733 0.0621713 0.00847342 0.00623261 0.00563447 0.00824991 0.00537452 0.0184937 0.00459897 0.972726 0.00390962 0.00376672 0 0.00372001 0.00390568 0.0037746 0.00520082 0.00711568 0.0147364 0.787298 0.0120616 0.00902456 0.0114807 0.00935956 0.00916109 0.00871778 0.0180993 0.0084697 0.0168499 0.0084083 0.00814823 0.013906 0.00880637 0.0194264 0.00877934 0.0101142 0.00836528 0.00839106 0.0083907 0.00857954 0.00818366 0.0147429 0.0082099 0.0136788 0.00839692 0.00808924 0.0137262 0.0082886 0.0167106 0.00819744 0.0102104 0.00827166 0.00831176 0.00989034 0.0084141 0.00945863 
0.0096924 0.00878014 0.0409746 0.00861932 0.0258356 0.00893679 0.0339977 0.0109529 0.0297209 0.0161446 0.00954293 0.012554 0.00855807 0.0490628 0.0088046 0.0478759 0.00934929 0.0313756 0.00910237 0.0461842 0.00843926 0.00922222 0.0139177 0.00814304 0.0568828 0.00851624 0.0692219 0.00838906 0.0124944 0.00664542 0.00731952 0.00643722 0.0133777 0.00674584 0.963741 0.00399097 0.00402177 0.00380137 0.00372001 0 0.0037079 0.00380937 0.00848957 0.00859194 0.93368 0.0100069 0.00912359 0.0100041 0.00885442 0.00899435 0.0094959 0.0211474 0.00878615 0.0346547 0.00853426 0.0100014 0.00891065 0.00865998 0.0469887 0.00932045 0.0155749 0.00872057 0.00847333 0.008243 0.00841505 0.00834958 0.0123467 0.00828636 0.029021 0.00840854 0.00849554 0.0100535 0.00832524 0.0262018 0.00865593 0.0183839 0.00835765 0.00917547 0.00966776 0.00853943 0.010268 0.00845497 
0.00848185 0.0257315 0.00866337 0.0208822 0.00858401 0.0204314 0.00897276 0.0169776 0.0134845 0.023204 0.0121237 0.00863973 0.0310605 0.00876685 0.0310013 0.00910617 0.0254039 0.00896656 0.0493104 0.00861992 0.0144325 0.00855816 0.00844827 0.0644177 0.00859077 0.0370169 0.00906782 0.0533039 0.00857696 0.00895014 0.00721958 0.00884444 0.00974383 0.946009 0.00558045 0.0078958 0.00404423 0.00376692 0.00390568 0.0037079 0 0.00371857 0.0130947 0.919764 0.00875425 0.00802077 0.0102087 0.0100471 0.012362 0.0102692 0.0106436 0.00884202 0.0180389 0.008675 0.0188353 0.0086013 0.00845309 0.0204764 0.0090967 0.0219901 0.00909197 0.0101887 0.00867993 0.00884677 0.00876363 0.00883591 0.00821309 0.0167495 0.00852341 0.0135207 0.00856799 0.0083344 0.017843 0.00836754 0.0172956 0.00865001 0.0111983 0.00861376 0.00850509 0.0107985 0.0085845 0.00987309 
0.0135235 0.00915315 0.00987324 0.00844416 0.0098432 0.00871275 0.0104111 0.00924026 0.0102817 0.0111878 0.014192 0.0217734 0.00883131 0.0140581 0.00873435 0.0121138 0.00894979 0.0238575 0.0088774 0.00993604 0.00825741 0.0100926 0.0309829 0.00898065 0.0167402 0.00869239 0.0122453 0.00923175 0.0195167 0.014684 0.00841289 0.0132756 0.82835 0.00758148 0.00594873 0.00436715 0.00486054 0.00450161 0.0037746 0.00380937 0.00371857 0 0.965586 0.00563465 0.00600352 0.00716646 0.0139246 0.00982309 0.0102093 0.0163182 0.00917196 0.0100132 0.00855568 0.0111303 0.00854884 0.0116562 0.0145042 0.00882759 0.0110574 0.00866137 0.0101657 0.00924365 0.0114185 0.00878852 0.00945857 0.00859546 0.0134531 0.00840889 0.00982929 0.00840561 0.00903598 0.0158938 0.0083458 0.0100936 0.00842362 0.0091256 0.00825211 0.00811278 0.00824132 0.00814478 0.00883519 0.00823152 
0.00857713 0.00842569 0.00886749 0.00814764 0.00863325 0.00832758 0.0090479 0.00846176 0.00862953 0.00897452 0.0140653 0.0102072 0.00883927 0.00974701 0.00863458 0.00923354 0.0085616 0.00874016 0.00839138 0.00864469 0.008658 0.0119599 0.00965972 0.00907885 0.0101389 0.00874381 0.0100689 0.00909483 0.0191985 0.00972929 0.0122365 0.013904 0.00920361 0.00677549 0.00706132 0.00677154 0.0111605 0.00585522 0.00520082 0.00848957 0.0130947 0.965586 0 0.00429417 0.00540931 0.00581597 0.0159515 0.00935977 0.015938 0.00921483 0.00855369 0.00919451 0.00859649 0.00969057 0.00843397 0.021133 0.0086401 0.00839955 0.00883692 0.00839371 0.00929065 0.0113903 0.00877558 0.00926155 0.00811252 0.00880531 0.00887635 0.00813895 0.00908315 0.00826156 0.0101653 0.00900241 0.0083162 0.0103329 0.00816162 0.00878311 0.00803982 0.00796181 0.00801169 0.00798456 0.00834525 0.00912402 
0.00825197 0.0101223 0.00841654 0.00878276 0.00829254 0.00917924 0.00850574 0.00929957 0.00908647 0.00928087 0.00899459 0.00869987 0.0108908 0.00883737 0.010433 0.00870153 0.0100132 0.00867632 0.00908054 0.00850099 0.00955466 0.00865201 0.00852939 0.0122631 0.00857528 0.0116499 0.00864036 0.012151 0.00913566 0.00945955 0.0113459 0.0123245 0.00765964 0.00952825 0.00674268 0.0115104 0.00630844 0.00553979 0.00711568 0.00859194 0.919764 0.00563465 0.00429417 0 0.00453658 0.00387004 0.0133048 0.0108063 0.0102273 0.00900137 0.00887561 0.00867514 0.0105109 0.00881619 0.0130578 0.00853959 0.00829071 0.00930521 0.00861363 0.0101433 0.00875294 0.00891864 0.00845137 0.00839227 0.00814731 0.00832079 0.00814557 0.00951742 0.00820465 0.00880046 0.00836984 0.00813482 0.00954285 0.00854403 0.010115 0.00831367 0.0084139 0.00805489 0.00806069 0.00829238 0.00838578 0.00855052 
0.00852801 0.00888706 0.00902155 0.00816095 0.00873306 0.00839834 0.00917124 0.00862254 0.0091603 0.00968623 0.00873769 0.0099864 0.00876336 0.0111498 0.00863654 0.0102663 0.00862941 0.00960963 0.00849748 0.00960392 0.00852841 0.00846052 0.0111473 0.0092242 0.0108557 0.00869194 0.0124533 0.00898901 0.00993681 0.0237288 0.0160008 0.00819815 0.00999583 0.0076372 0.00961849 0.00682377 0.00644171 0.00778403 0.0147364 0.93368 0.00875425 0.00600352 0.00540931 0.00453658 0 0.0040124 0.00994242 0.0238673 0.0092373 0.00938238 0.00895503 0.00995904 0.0086497 0.0142969 0.00867122 0.0089792 0.00931709 0.00867321 0.00989637 0.00857441 0.0100384 0.00851366 0.00881265 0.0084206 0.00828967 0.00813588 0.00896675 0.00826643 0.0093233 0.00838177 0.00822703 0.00983322 0.0083515 0.00990415 0.0082179 0.00917169 0.00806477 0.00804871 0.00805552 0.00812441 0.00883779 0.00813157 
