1J3LB
MEARTTDLSDLYPEGEALPXVFKSFGGRARFAGRVRTLRVFEDNALVRKVLEEEGAGQVLFVDGGGSLRTALLGGNLARRAWEKGWAGVVVHGAVRDTEELREVPIGLLALAATPKKSAKEGKGEVDVPLKVLGVEVLPGSFLLADEDGLLLLPEPPSGVRSGG
CCCCHHHHHHHCCCCEEECCCCEECCCCCCEEEEEEEEECCCECHHHHHHHCCCCCCEEEEEECCCCCCCECCCHHHHHHHHHCCCCEEEEEEEECCHHHHCCCCCEEEEEEECCCECECCCCCEECCCEEECCEEECCCCEEEEECCEEEEECCCCCCCCCCC
0 0 0 0 0 0 0 0 0 0 0 0 0 0 0 0 0 0 0 0 0 0 0 0 0 0 0 0 0 0 0 0 0 0 0 0 0 0 0 0 0 0 0 0 0 0 0 0 0 0 0 0 0 0 0 0 0 0 0 0 0 0 0 0 0 0 0 0 0 0 0 0 0 0 0 0 0 0 0 0 0 0 0 0 0 0 0 0 0 0 0 0 0 0 0 0 0 0 0 0 0 0 0 0 0 0 0 0 0 0 0 0 0 0 0 0 0 0 0 0 0 0 0 0 0 0 0 0 0 0 0 0 0 0 0 0 0 0 0 0 0 0 0 0 0 0 0 0 0 0 0 0 0 0 0 0 0 0 0 0 0 0 0 0 
0 0 0 0 0 0 0 0 0 0 0 0 0 0 0 0 0 0 0 0 0 0 0 0 0 0 0 0 0 0 0 0 0 0 0 0 0 0 0 0 0 0 0 0 0 0 0 0 0 0 0 0 0 0 0 0 0 0 0 0 0 0 0 0 0 0 0 0 0 0 0 0 0 0 0 0 0 0 0 0 0 0 0 0 0 0 0 0 0 0 0 0 0 0 0 0 0 0 0 0 0 0 0 0 0 0 0 0 0 0 0 0 0 0 0 0 0 0 0 0 0 0 0 0 0 0 0 0 0 0 0 0 0 0 0 0 0 0 0 0 0 0 0 0 0 0 0 0 0 0 0 0 0 0 0 0 0 0 0 0 0 0 0 0 
0 0.00382668 0.004219 0.00817611 0.0628498 0.015227 0.0112218 0.00879359 0.0242727 0.0092878 0.0135842 0.0170826 0.0110191 0.0478104 0.014483 0.0174359 0.0113345 0.0169816 0.0149524 0.0104784 0.0157816 0.0148673 0.0114544 0.00941847 0.0106299 0.00926638 0.00927477 0.00898142 0.00881564 0.0113356 0.0101076 0.00852641 0.00878339 0.00843096 0.00854101 0.0085985 0.0105863 0.00971125 0.00920162 0.00841792 0.00837641 0.00837449 0.00855278 0.00890217 0.00839686 0.00899488 0.00946589 0.00891208 0.00833849 0.00866104 0.00883066 0.00856753 0.00854188 0.00826984 0.00863686 0.00902889 0.00929893 
0.00382668 0 0.00375283 0.0172167 0.0175339 0.0110878 0.0226131 0.0152463 0.00882953 0.0141017 0.0109233 0.0108792 0.0781031 0.0113935 0.0113053 0.0101127 0.0312229 0.0137017 0.0174481 0.0552725 0.011165 0.0128644 0.0106704 0.019576 0.0105906 0.0126725 0.00978813 0.0110102 0.0128093 0.009424 0.0091057 0.0122242 0.00882116 0.0100626 0.00881926 0.0106984 0.00898977 0.00804783 0.00811402 0.00826513 0.00826114 0.00903212 0.00839854 0.00845822 0.00875166 0.0083311 0.00855096 0.00873527 0.00928897 0.00866044 0.00871192 0.00824019 0.00849932 0.00914233 0.00878751 0.00919874 0.00816722 
0.004219 0.00375283 0 0.0227751 0.00892455 0.0186777 0.0122823 0.00974504 0.0140393 0.00937843 0.0106306 0.0160564 0.0122825 0.0396164 0.0130652 0.0200993 0.010901 0.0148155 0.0177461 0.0174748 0.041626 0.0166491 0.0161482 0.0112377 0.0109101 0.0108045 0.0112895 0.010597 0.0103618 0.0121336 0.0124578 0.00941062 0.00946167 0.00913065 0.0088624 0.00947363 0.0104071 0.00914511 0.00902529 0.00851649 0.00825767 0.0104084 0.00812842 0.00856172 0.00932682 0.00815714 0.00870052 0.010241 0.00870135 0.00877958 0.0082677 0.0085576 0.00949372 0.00881316 0.00880758 0.00862796 0.00840603 
0.00817611 0.0172167 0.0227751 0 0.00543825 0.0115843 0.0227705 0.00883616 0.00803741 0.00702499 0.00809971 0.00772753 0.00939816 0.0148175 0.0151139 0.011153 0.0108866 0.00939946 0.0100459 0.0109421 0.0117401 0.0169267 0.00922199 0.00982397 0.00883379 0.00862311 0.0085495 0.00849164 0.00879844 0.00950997 0.00885439 0.00849257 0.00832307 0.00820745 0.00827853 0.00859009 0.00921057 0.00878156 0.00887649 0.00820582 0.0084534 0.00828916 0.00838185 0.00852217 0.00830731 0.00856563 0.00869803 0.00827041 0.00828187 0.00816163 0.00843625 0.00821167 0.00809372 0.00820069 0.0081957 0.00870833 0.00856912 
0.0628498 0.0175339 0.00892455 0.00543825 0 0.0333179 0.00827415 0.00584276 0.00568726 0.00598244 0.00653537 0.0074512 0.00943262 0.0125968 0.0108927 0.0138441 0.00954859 0.0101385 0.010381 0.011539 0.0124647 0.0166668 0.0110002 0.00928851 0.00886369 0.0086762 0.00882957 0.00855302 0.00950106 0.00884934 0.0100892 0.00857115 0.00837585 0.00829586 0.00822101 0.00853043 0.00849247 0.00864392 0.00873675 0.00841762 0.00794734 0.00897093 0.00822981 0.00800254 0.00860666 0.00820804 0.00810288 0.00910237 0.00816379 0.00814585 0.00817704 0.0080396 0.00868435 0.00819656 0.0082005 0.00823299 0.00804271 
0.015227 0.0110878 0.0186777 0.0115843 0.0333179 0 0.00376466 0.00372306 0.00372593 0.00379913 0.00389629 0.00393772 0.00524023 0.00800959 0.0107508 0.0276897 0.0243083 0.0142259 0.0161928 0.0149349 0.0193469 0.0226403 0.0204138 0.0156616 0.0111105 0.0118242 0.0101715 0.0115811 0.00913403 0.0399761 0.0114658 0.00990494 0.00929114 0.00960179 0.00864824 0.00969726 0.0125249 0.00943739 0.00965118 0.00843137 0.00915426 0.0119873 0.00817572 0.0110648 0.0103698 0.00826159 0.0122954 0.00909589 0.00902176 0.00883425 0.00885125 0.00910723 0.00872712 0.00889896 0.00908875 0.00924321 0.00974375 
0.0112218 0.0226131 0.0122823 0.0227705 0.00827415 0.00376466 0 0.00372346 0.00372205 0.00371863 0.00373491 0.00447565 0.00382517 0.00487172 0.00522833 0.0148323 0.0221929 0.0255488 0.0187015 0.0178387 0.0119623 0.0112685 0.0109028 0.0174684 0.0185975 0.0119148 0.0175664 0.0103908 0.0457109 0.0104427 0.00936624 0.0108143 0.0109612 0.00936726 0.0116284 0.00992194 0.00957579 0.00811466 0.00841595 0.00815315 0.00810489 0.00840429 0.00880968 0.00822983 0.00825526 0.00862549 0.00826451 0.00844073 0.00967264 0.00913067 0.00896429 0.00812901 0.00834582 0.0094255 0.00938071 0.00964155 0.00830686 
0.00879359 0.0152463 0.00974504 0.00883616 0.00584276 0.00372306 0.00372346 0 0.00372848 0.00371309 0.00374996 0.00381405 0.00412658 0.00382061 0.00521077 0.00992331 0.0279208 0.0278517 0.0388908 0.0187622 0.0107667 0.00933496 0.0121021 0.0182086 0.0198371 0.0380736 0.0143823 0.0516801 0.0122078 0.0115776 0.00888978 0.0153088 0.0110025 0.0227512 0.0107018 0.0125834 0.00906737 0.00810002 0.00807832 0.00814576 0.00818704 0.00980492 0.0081418 0.00870225 0.0088555 0.00814533 0.00890755 0.00852211 0.0104271 0.0120555 0.00899652 0.00845173 0.00851973 0.0110602 0.0113779 0.0100852 0.00859613 
0.0242727 0.00882953 0.0140393 0.00803741 0.00568726 0.00372593 0.00372205 0.00372848 0 0.00375201 0.00375632 0.00373674 0.00369353 0.00390059 0.00423249 0.0924476 0.0112776 0.0521992 0.0403099 0.015045 0.0122296 0.0090995 0.0117433 0.015405 0.0348487 0.017936 0.0504605 0.0152896 0.0171907 0.00898599 0.009778 0.0109719 0.0213487 0.0105407 0.0198552 0.00948718 0.00900068 0.0080575 0.00800016 0.00806455 0.008036 0.00834471 0.00918126 0.00809465 0.00815318 0.00881254 0.00803469 0.00849907 0.00993764 0.0116382 0.0089834 0.00815092 0.0084338 0.0105435 0.0117052 0.0102683 0.00830327 
0.0092878 0.0141017 0.00937843 0.00702499 0.00598244 0.00379913 0.00371863 0.00371309 0.00375201 0 0.00371806 0.0037308 0.00373041 0.00377026 0.00419038 0.0108716 0.176658 0.0256491 0.0461506 0.0215786 0.0119687 0.00965568 0.0111071 0.0202067 0.025548 0.0631071 0.0214975 0.0262404 0.010493 0.0103382 0.00913702 0.0178207 0.0132178 0.020466 0.0113879 0.0119643 0.00914678 0.0081037 0.00807348 0.00816392 0.00822192 0.00990865 0.00819928 0.00865113 0.00892848 0.00823825 0.0087201 0.00868531 0.0102805 0.0115116 0.00936775 0.00843942 0.00865751 0.0100613 0.0116736 0.0101915 0.00859864 
0.0135842 0.0109233 0.0106306 0.00809971 0.00653537 0.00389629 0.00373491 0.00374996 0.00375632 0.00371806 0 0.00377281 0.003759 0.00373931 0.0043011 0.0196097 0.0214782 0.29688 0.043312 0.0315278 0.0122156 0.0111698 0.0144584 0.0343581 0.0586488 0.0665552 0.0343511 0.0255303 0.0166643 0.0101273 0.0108919 0.018144 0.0251491 0.0236747 0.0216401 0.0131723 0.00971874 0.00823209 0.00818619 0.00821995 0.0083012 0.00936141 0.00881951 0.00871495 0.00878003 0.0085851 0.00900655 0.00917044 0.0122502 0.0152072 0.00983735 0.00861028 0.00886491 0.0128005 0.015006 0.0111859 0.00870122 
0.0170826 0.0108792 0.0160564 0.00772753 0.0074512 0.00393772 0.00447565 0.00381405 0.00373674 0.0037308 0.00377281 0 0.00372643 0.00373842 0.00467749 0.0191486 0.04945 0.0603363 0.373337 0.0201085 0.0236814 0.0115832 0.0148608 0.0302235 0.118723 0.0426433 0.0558397 0.0335399 0.0206865 0.0109037 0.0118965 0.0183073 0.0296411 0.0229305 0.0257349 0.0139976 0.0103473 0.00844517 0.00817349 0.00833778 0.00826293 0.00944343 0.0098351 0.00854392 0.00856143 0.00934797 0.0087559 0.00956575 0.0149235 0.0203638 0.010103 0.00860369 0.00939022 0.0132653 0.0185987 0.0138978 0.00868279 
0.0110191 0.0781031 0.0122825 0.00939816 0.00943262 0.00524023 0.00382517 0.00412658 0.00369353 0.00373041 0.003759 0.00372643 0 0.00379778 0.00497126 0.0156058 0.0691265 0.0555832 0.033127 0.423542 0.0181356 0.0158314 0.015334 0.0445979 0.0206952 0.0470623 0.018292 0.0275208 0.025165 0.0179813 0.011012 0.0261213 0.0133815 0.0193941 0.0121351 0.0242162 0.0109342 0.00844506 0.00834171 0.00849759 0.00884249 0.0129241 0.00867189 0.00988726 0.0108529 0.00859012 0.0103403 0.00998164 0.013536 0.0129213 0.0113898 0.00895097 0.00962372 0.0141071 0.0125619 0.0121212 0.00886092 
0.0478104 0.0113935 0.0396164 0.0148175 0.0125968 0.00800959 0.00487172 0.00382061 0.00390059 0.00377026 0.00373931 0.00373842 0.00379778 0 0.00701648 0.0372934 0.0181847 0.0275087 0.0508871 0.0348732 0.357887 0.0179676 0.0269684 0.0151956 0.0186511 0.0146979 0.0193122 0.0130172 0.0190301 0.0195513 0.022616 0.0118416 0.0125414 0.0107613 0.0102388 0.0115868 0.0169771 0.0104875 0.0103987 0.0101002 0.00872724 0.0114812 0.00918888 0.00980881 0.0100418 0.00941855 0.00933003 0.0133128 0.0104866 0.0100538 0.00929837 0.00922267 0.0126779 0.00994088 0.0101431 0.01041 0.00928187 
0.014483 0.0113053 0.0130652 0.0151139 0.0108927 0.0107508 0.00522833 0.00521077 0.00423249 0.00419038 0.0043011 0.00467749 0.00497126 0.00701648 0 0.0180366 0.0102882 0.00937136 0.0102601 0.0273266 0.0146248 0.115571 0.0144208 0.0108849 0.00934402 0.00965857 0.00923948 0.00947711 0.00964515 0.013686 0.0128504 0.00993591 0.00868911 0.00867796 0.00832803 0.00927398 0.0118844 0.0131293 0.0136606 0.00991239 0.00886129 0.0118711 0.00829539 0.00986007 0.0107323 0.00822315 0.0102873 0.0102137 0.00876766 0.00823726 0.00832653 0.00903083 0.0102154 0.00834918 0.00825878 0.00838641 0.0105931 
0.0174359 0.0101127 0.0200993 0.011153 0.0138441 0.0276897 0.0148323 0.00992331 0.0924476 0.0108716 0.0196097 0.0191486 0.0156058 0.0372934 0.0180366 0 0.00399569 0.00377509 0.00378736 0.0038929 0.00458545 0.0220269 0.0620209 0.0299731 0.0143588 0.0105487 0.011815 0.0104537 0.0121087 0.0166197 0.0173156 0.0129476 0.0102602 0.00954517 0.00969202 0.010106 0.0185165 0.0115745 0.0113389 0.00885776 0.00974116 0.00962952 0.00929626 0.0118272 0.00875145 0.00945655 0.0124019 0.010799 0.00926042 0.00914978 0.00941567 0.0100662 0.00988676 0.00915202 0.00966311 0.0101688 0.0108403 
0.0113345 0.0312229 0.010901 0.0108866 0.00954859 0.0243083 0.0221929 0.0279208 0.0112776 0.176658 0.0214782 0.04945 0.0691265 0.0181847 0.0102882 0.00399569 0 0.003792 0.00377042 0.00475918 0.00384297 0.00953418 0.215547 0.0990839 0.0433175 0.0424932 0.0227638 0.0301742 0.0213443 0.0121568 0.0160786 0.0403228 0.0325557 0.0231355 0.0160705 0.0239601 0.0117178 0.00974231 0.0090124 0.00861812 0.00885654 0.0138465 0.00923869 0.00977467 0.0103668 0.00899755 0.0100552 0.0116646 0.0193697 0.0157157 0.0132192 0.00931094 0.0107251 0.0191156 0.0183456 0.0165391 0.00978434 
0.0169816 0.0137017 0.0148155 0.00939946 0.0101385 0.0142259 0.0255488 0.0278517 0.0521992 0.0256491 0.29688 0.0603363 0.0555832 0.0275087 0.00937136 0.00377509 0.003792 0 0.00375577 0.00374869 0.00373651 0.00938318 0.0304355 0.324059 0.125736 0.135806 0.0720019 0.0510283 0.0248255 0.0126071 0.0175103 0.0393812 0.052707 0.0665663 0.0505483 0.0208772 0.0132482 0.0091587 0.00861081 0.00864267 0.00883469 0.0121087 0.0129211 0.00955577 0.0101221 0.0105608 0.00969704 0.0118532 0.0322168 0.0545406 0.0166483 0.00954566 0.0107966 0.0274494 0.063263 0.0257129 0.00937618 
0.0149524 0.0174481 0.0177461 0.0100459 0.010381 0.0161928 0.0187015 0.0388908 0.0403099 0.0461506 0.043312 0.373337 0.033127 0.0508871 0.0102601 0.00378736 0.00377042 0.00375577 0 0.00373714 0.0037276 0.00871127 0.0562049 0.0621158 0.491873 0.149617 0.139493 0.0716742 0.0398471 0.0172696 0.0153769 0.0420347 0.0542765 0.0595544 0.0623249 0.030379 0.0149061 0.00929975 0.00871856 0.00882426 0.00899059 0.0133958 0.0115663 0.0107107 0.0102719 0.010482 0.0104411 0.0134533 0.035413 0.0673966 0.0184429 0.0101333 0.0117751 0.0276217 0.072116 0.0302248 0.00985163 
0.0104784 0.0552725 0.0174748 0.0109421 0.011539 0.0149349 0.0178387 0.0187622 0.015045 0.0215786 0.0315278 0.0201085 0.423542 0.0348732 0.0273266 0.0038929 0.00475918 0.00374869 0.00373714 0 0.00390721 0.0150854 0.0191228 0.111188 0.0414827 0.33985 0.053654 0.0611345 0.127991 0.0301778 0.0138077 0.0354004 0.0210776 0.02476 0.0205332 0.0652554 0.0223539 0.0093503 0.00902276 0.00928506 0.00981478 0.012141 0.0115298 0.0108249 0.0101428 0.0104376 0.0106364 0.0118693 0.021012 0.0237761 0.026778 0.0105942 0.0107432 0.0190957 0.0210118 0.0333587 0.00965061 
0.0157816 0.011165 0.041626 0.0117401 0.0124647 0.0193469 0.0119623 0.0107667 0.0122296 0.0119687 0.0122156 0.0236814 0.0181356 0.357887 0.0146248 0.00458545 0.00384297 0.00373651 0.0037276 0.00390721 0 0.0238643 0.0263425 0.0168827 0.0452143 0.0253142 0.146264 0.02162 0.0623345 0.0845985 0.0191329 0.0128843 0.0151621 0.0124765 0.012051 0.0203523 0.0436607 0.0111227 0.0113613 0.0105135 0.00959682 0.0137464 0.00906075 0.0127417 0.0121312 0.00911496 0.0114119 0.01442 0.010878 0.0120456 0.0112805 0.014565 0.0125086 0.0104922 0.0115909 0.0126029 0.0114546 
0.0148673 0.0128644 0.0166491 0.0169267 0.0166668 0.0226403 0.0112685 0.00933496 0.0090995 0.00965568 0.0111698 0.0115832 0.0158314 0.0179676 0.115571 0.0220269 0.00953418 0.00938318 0.00871127 0.0150854 0.0238643 0 0.0283735 0.018629 0.0133869 0.0130777 0.0122136 0.0127056 0.0148291 0.0326455 0.0239591 0.012686 0.0098567 0.00983043 0.00953266 0.0111709 0.0182233 0.0401951 0.0337102 0.0167065 0.016269 0.0210873 0.0114031 0.0141167 0.0169568 0.0113708 0.0154119 0.0154866 0.0116122 0.00934041 0.00999879 0.010682 0.0126748 0.0101286 0.00900072 0.0106496 0.0121585 
0.0114544 0.0106704 0.0161482 0.00922199 0.0110002 0.0204138 0.0109028 0.0121021 0.0117433 0.0111071 0.0144584 0.0148608 0.015334 0.0269684 0.0144208 0.0620209 0.215547 0.0304355 0.0562049 0.0191228 0.0263425 0.0283735 0 0.00388822 0.00380831 0.00377859 0.00375476 0.00378525 0.00407197 0.00941759 0.137189 0.0147003 0.0152165 0.0115063 0.0127696 0.0130085 0.0607043 0.0154678 0.0149608 0.0101844 0.0126011 0.0169963 0.0112653 0.0168808 0.013855 0.0105177 0.0184816 0.0248391 0.016421 0.0147008 0.011406 0.0137531 0.0228348 0.0158714 0.0145124 0.0137971 0.017524 
0.00941847 0.019576 0.0112377 0.00982397 0.00928851 0.0156616 0.0174684 0.0182086 0.015405 0.0202067 0.0343581 0.0302235 0.0445979 0.0151956 0.0108849 0.0299731 0.0990839 0.324059 0.0621158 0.111188 0.0168827 0.018629 0.00388822 0 0.00375853 0.00374146 0.00387687 0.00385323 0.00448104 0.00538362 0.0227282 0.158601 0.015255 0.0253544 0.0176584 0.0682789 0.0394176 0.0108969 0.00987775 0.010389 0.010226 0.0212156 0.0146636 0.0137441 0.0135867 0.0136452 0.0136982 0.0195019 0.0565569 0.0265887 0.0239375 0.0111493 0.0174027 0.055625 0.0359343 0.0316656 0.0119279 
0.0106299 0.0105906 0.0109101 0.00883379 0.00886369 0.0111105 0.0185975 0.0198371 0.0348487 0.025548 0.0586488 0.118723 0.0206952 0.0186511 0.00934402 0.0143588 0.0433175 0.125736 0.491873 0.0414827 0.0452143 0.0133869 0.00380831 0.00375853 0 0.00371593 0.00371368 0.00374544 0.0037507 0.00405666 0.0298407 0.0233546 0.0983569 0.0252797 0.131233 0.0308341 0.0172112 0.00954431 0.00904628 0.00922323 0.0090342 0.0132066 0.0137847 0.0101353 0.0109276 0.0110154 0.0102358 0.0180499 0.0349665 0.0909555 0.0189079 0.0103026 0.0168466 0.0392498 0.0961749 0.0365848 0.0105125 
0.00926638 0.0126725 0.0108045 0.00862311 0.0086762 0.0118242 0.0119148 0.0380736 0.017936 0.0631071 0.0665552 0.0426433 0.0470623 0.0146979 0.00965857 0.0105487 0.0424932 0.135806 0.149617 0.33985 0.0253142 0.0130777 0.00377859 0.00374146 0.00371593 0 0.00374279 0.00373074 0.00372154 0.00388514 0.0115239 0.0374142 0.0281751 0.177721 0.0301207 0.0480071 0.0142998 0.00939564 0.00889601 0.0091695 0.0093563 0.0152286 0.0103042 0.0120927 0.0119455 0.00982315 0.0126948 0.0135704 0.047483 0.0544674 0.0268146 0.0104104 0.0132623 0.0396898 0.0768327 0.0383819 0.0107034 
0.00927477 0.00978813 0.0112895 0.0085495 0.00882957 0.0101715 0.0175664 0.0143823 0.0504605 0.0214975 0.0343511 0.0558397 0.018292 0.0193122 0.00923948 0.011815 0.0227638 0.0720019 0.139493 0.053654 0.146264 0.0122136 0.00375476 0.00387687 0.00371368 0.00374279 0 0.00372372 0.00372426 0.00372951 0.0125344 0.0138407 0.124098 0.0443408 0.0768999 0.0171858 0.0161568 0.00899846 0.0088031 0.00923557 0.00890919 0.0109575 0.0140018 0.00950181 0.00967257 0.0115718 0.00953929 0.0176524 0.0254538 0.0532665 0.0194171 0.0110561 0.0126296 0.0285043 0.0561137 0.0335221 0.0104191 
0.00898142 0.0110102 0.010597 0.00849164 0.00855302 0.0115811 0.0103908 0.0516801 0.0152896 0.0262404 0.0255303 0.0335399 0.0275208 0.0130172 0.00947711 0.0104537 0.0301742 0.0510283 0.0716742 0.0611345 0.02162 0.0127056 0.00378525 0.00385323 0.00374544 0.00373074 0.00372372 0 0.00370359 0.00371677 0.0138476 0.0969572 0.0495694 0.0655834 0.0245583 0.0310414 0.0141117 0.00893434 0.00850228 0.00895898 0.0092437 0.0150491 0.00960448 0.0124076 0.0117116 0.00932319 0.012473 0.0140217 0.0256373 0.0391287 0.01918 0.0106837 0.0130729 0.023725 0.053696 0.0213535 0.011366 
0.00881564 0.0128093 0.0103618 0.00879844 0.00950106 0.00913403 0.0457109 0.0122078 0.0171907 0.010493 0.0166643 0.0206865 0.025165 0.0190301 0.00964515 0.0121087 0.0213443 0.0248255 0.0398471 0.127991 0.0623345 0.0148291 0.00407197 0.00448104 0.0037507 0.00372154 0.00372426 0.00370359 0 0.00373296 0.050091 0.0982193 0.0522431 0.0156202 0.0197006 0.0658632 0.0322993 0.0098378 0.00923564 0.0121342 0.0112503 0.0102384 0.0259618 0.0102682 0.00936417 0.0238877 0.00936318 0.0112876 0.0252244 0.0236671 0.0344829 0.0113922 0.0107208 0.0233564 0.020599 0.0430613 0.0104643 
0.0113356 0.009424 0.0121336 0.00950997 0.00884934 0.0399761 0.0104427 0.0115776 0.00898599 0.0103382 0.0101273 0.0109037 0.0179813 0.0195513 0.013686 0.0166197 0.0121568 0.0126071 0.0172696 0.0301778 0.0845985 0.0326455 0.00941759 0.00538362 0.00405666 0.00388514 0.00372951 0.00371677 0.00373296 0 0.0641984 0.054675 0.0174703 0.0169189 0.0159051 0.0255475 0.126436 0.015112 0.0164389 0.0126016 0.0128346 0.0327886 0.00906771 0.0188601 0.023777 0.00881064 0.0195244 0.0194352 0.0111719 0.0122862 0.0152326 0.0181014 0.0179977 0.0115726 0.0120837 0.014185 0.0152121 
0.0101076 0.0091057 0.0124578 0.00885439 0.0100892 0.0114658 0.00936624 0.00888978 0.009778 0.00913702 0.0108919 0.0118965 0.011012 0.022616 0.0128504 0.0173156 0.0160786 0.0175103 0.0153769 0.0138077 0.0191329 0.0239591 0.137189 0.0227282 0.0298407 0.0115239 0.0125344 0.0138476 0.050091 0.0641984 0 0.0038203 0.00376373 0.00374419 0.00383449 0.00383575 0.00499978 0.00870707 0.0122409 0.0112921 0.0156626 0.0131252 0.0196616 0.0174985 0.0127796 0.014668 0.0200976 0.026783 0.0143235 0.0129997 0.0122427 0.0145308 0.0252407 0.0152416 0.0138622 0.0152262 0.0202136 
0.00852641 0.0122242 0.00941062 0.00849257 0.00857115 0.00990494 0.0108143 0.0153088 0.0109719 0.0178207 0.018144 0.0183073 0.0261213 0.0118416 0.00993591 0.0129476 0.0403228 0.0393812 0.0420347 0.0354004 0.0128843 0.012686 0.0147003 0.158601 0.0233546 0.0374142 0.0138407 0.0969572 0.0982193 0.054675 0.0038203 0 0.00373705 0.00372426 0.00376156 0.00375126 0.00386699 0.00588165 0.0062711 0.0100274 0.0109392 0.0179403 0.0130489 0.0177209 0.0132046 0.0121114 0.0166536 0.0150496 0.0417479 0.0203001 0.0237755 0.0113986 0.0146178 0.0430655 0.026753 0.0319396 0.0121521 
0.00878339 0.00882116 0.00946167 0.00832307 0.00837585 0.00929114 0.0109612 0.0110025 0.0213487 0.0132178 0.0251491 0.0296411 0.0133815 0.0125414 0.00868911 0.0102602 0.0325557 0.052707 0.0542765 0.0210776 0.0151621 0.0098567 0.0152165 0.015255 0.0983569 0.0281751 0.124098 0.0495694 0.0522431 0.0174703 0.00376373 0.00373705 0 0.0037312 0.00374034 0.00372341 0.00377633 0.00565912 0.00612221 0.00818131 0.00870016 0.0113363 0.0136097 0.00953785 0.0102144 0.0121569 0.00981773 0.0136259 0.0180486 0.0352714 0.0141061 0.0101098 0.013331 0.0183565 0.0464848 0.0211577 0.0109793 
0.00843096 0.0100626 0.00913065 0.00820745 0.00829586 0.00960179 0.00936726 0.0227512 0.0105407 0.020466 0.0236747 0.0229305 0.0193941 0.0107613 0.00867796 0.00954517 0.0231355 0.0665663 0.0595544 0.02476 0.0124765 0.00983043 0.0115063 0.0253544 0.0252797 0.177721 0.0443408 0.0655834 0.0156202 0.0169189 0.00374419 0.00372426 0.0037312 0 0.0037336 0.00371924 0.00375854 0.00442871 0.00511753 0.00759819 0.00898655 0.0159031 0.00919461 0.0136978 0.012315 0.00903527 0.0124941 0.0113893 0.0290598 0.0285214 0.0166445 0.0101074 0.0117477 0.0295469 0.0343131 0.0242545 0.0102311 
0.00854101 0.00881926 0.0088624 0.00827853 0.00822101 0.00864824 0.0116284 0.0107018 0.0198552 0.0113879 0.0216401 0.0257349 0.0121351 0.0102388 0.00832803 0.00969202 0.0160705 0.0505483 0.0623249 0.0205332 0.012051 0.00953266 0.0127696 0.0176584 0.131233 0.0301207 0.0768999 0.0245583 0.0197006 0.0159051 0.00383449 0.00376156 0.00374034 0.0037336 0 0.0037206 0.00373137 0.00424736 0.00512333 0.00737324 0.00833597 0.0098742 0.0141507 0.00959499 0.00931677 0.0132688 0.0091512 0.0126867 0.017209 0.0409353 0.0140464 0.00913644 0.0119816 0.0180909 0.0445216 0.0210705 0.00926838 
0.0085985 0.0106984 0.00947363 0.00859009 0.00853043 0.00969726 0.00992194 0.0125834 0.00948718 0.0119643 0.0131723 0.0139976 0.0242162 0.0115868 0.00927398 0.010106 0.0239601 0.0208772 0.030379 0.0652554 0.0203523 0.0111709 0.0130085 0.0682789 0.0308341 0.0480071 0.0171858 0.0310414 0.0658632 0.0255475 0.00383575 0.00375126 0.00372341 0.00371924 0.0037206 0 0.00372244 0.00405248 0.00506998 0.00818958 0.0144561 0.01206 0.0187603 0.0135507 0.0125572 0.0133068 0.0123783 0.0120765 0.028602 0.0184097 0.0346976 0.0117876 0.0114083 0.0250551 0.0201105 0.0504422 0.0110288 
0.0105863 0.00898977 0.0104071 0.00921057 0.00849247 0.0125249 0.00957579 0.00906737 0.00900068 0.00914678 0.00971874 0.0103473 0.0109342 0.0169771 0.0118844 0.0185165 0.0117178 0.0132482 0.0149061 0.0223539 0.0436607 0.0182233 0.0607043 0.0394176 0.0172112 0.0142998 0.0161568 0.0141117 0.0322993 0.126436 0.00499978 0.00386699 0.00377633 0.00375854 0.00373137 0.00372244 0 0.0491442 0.0063538 0.0182811 0.0102588 0.0286971 0.0122283 0.0183737 0.0224564 0.0120359 0.0232524 0.0264312 0.014332 0.014365 0.0169547 0.0261772 0.0235224 0.0144706 0.0131504 0.0180862 0.0207959 
0.00971125 0.00804783 0.00914511 0.00878156 0.00864392 0.00943739 0.00811466 0.00810002 0.0080575 0.0081037 0.00823209 0.00844517 0.00844506 0.0104875 0.0131293 0.0115745 0.00974231 0.0091587 0.00929975 0.0093503 0.0111227 0.0401951 0.0154678 0.0108969 0.00954431 0.00939564 0.00899846 0.00893434 0.0098378 0.015112 0.00870707 0.00588165 0.00565912 0.00442871 0.00424736 0.00405248 0.0491442 0 0.0594677 0.00815336 0.014114 0.011431 0.0108481 0.0102181 0.0133349 0.0114088 0.0166171 0.0179752 0.0102411 0.00898593 0.0105406 0.0117671 0.0160309 0.00993691 0.00935885 0.0112276 0.0139288 
0.00920162 0.00811402 0.00902529 0.00887649 0.00873675 0.00965118 0.00841595 0.00807832 0.00800016 0.00807348 0.00818619 0.00817349 0.00834171 0.0103987 0.0136606 0.0113389 0.0090124 0.00861081 0.00871856 0.00902276 0.0113613 0.0337102 0.0149608 0.00987775 0.00904628 0.00889601 0.0088031 0.00850228 0.00923564 0.0164389 0.0122409 0.0062711 0.00612221 0.00511753 0.00512333 0.00506998 0.0063538 0.0594677 0 0.0627511 0.02111 0.0116977 0.00859074 0.0232972 0.0158314 0.0104374 0.0193962 0.0170635 0.009731 0.00880234 0.0100517 0.0119274 0.0159526 0.00999386 0.00891883 0.0114626 0.0134542 
0.00841792 0.00826513 0.00851649 0.00820582 0.00841762 0.00843137 0.00815315 0.00814576 0.00806455 0.00816392 0.00821995 0.00833778 0.00849759 0.0101002 0.00991239 0.00885776 0.00861812 0.00864267 0.00882426 0.00928506 0.0105135 0.0167065 0.0101844 0.010389 0.00922323 0.0091695 0.00923557 0.00895898 0.0121342 0.0126016 0.0112921 0.0100274 0.00818131 0.00759819 0.00737324 0.00818958 0.0182811 0.00815336 0.0627511 0 0.0105682 0.00530338 0.0338088 0.0134875 0.00646954 0.0201367 0.0126718 0.0112274 0.017076 0.00872274 0.0104484 0.0123042 0.0106155 0.0104094 0.00914609 0.0119292 0.014696 
0.00837641 0.00826114 0.00825767 0.0084534 0.00794734 0.00915426 0.00810489 0.00818704 0.008036 0.00822192 0.0083012 0.00826293 0.00884249 0.00872724 0.00886129 0.00974116 0.00885654 0.00883469 0.00899059 0.00981478 0.00959682 0.016269 0.0126011 0.010226 0.0090342 0.0093563 0.00890919 0.0092437 0.0112503 0.0128346 0.0156626 0.0109392 0.00870016 0.00898655 0.00833597 0.0144561 0.0102588 0.014114 0.02111 0.0105682 0 0.0450942 0.00818232 0.00586284 0.0151013 0.00795272 0.0164548 0.0308088 0.0110025 0.00942262 0.0138023 0.00986114 0.0141022 0.0102995 0.00913042 0.0123816 0.010949 
0.00837449 0.00903212 0.0104084 0.00828916 0.00897093 0.0119873 0.00840429 0.00980492 0.00834471 0.00990865 0.00936141 0.00944343 0.0129241 0.0114812 0.0118711 0.00962952 0.0138465 0.0121087 0.0133958 0.012141 0.0137464 0.0210873 0.0169963 0.0212156 0.0132066 0.0152286 0.0109575 0.0150491 0.0102384 0.0327886 0.0131252 0.0179403 0.0113363 0.0159031 0.0098742 0.01206 0.0286971 0.011431 0.0116977 0.00530338 0.0450942 0 0.00402839 0.00465516 0.00603743 0.00569882 0.92088 0.0119837 0.0114421 0.0110318 0.0104582 0.0288101 0.0123886 0.0203792 0.013246 0.0169283 0.0388957 
0.00855278 0.00839854 0.00812842 0.00838185 0.00822981 0.00817572 0.00880968 0.0081418 0.00918126 0.00819928 0.00881951 0.0098351 0.00867189 0.00918888 0.00829539 0.00929626 0.00923869 0.0129211 0.0115663 0.0115298 0.00906075 0.0114031 0.0112653 0.0146636 0.0137847 0.0103042 0.0140018 0.00960448 0.0259618 0.00906771 0.0196616 0.0130489 0.0136097 0.00919461 0.0141507 0.0187603 0.0122283 0.0108481 0.00859074 0.0338088 0.00818232 0.00402839 0 0.00374278 0.00467057 0.996195 0.00449722 0.00957256 0.0109755 0.00930406 0.0233005 0.00809101 0.0119753 0.0155316 0.0136682 0.027431 0.00908977 
0.00890217 0.00845822 0.00856172 0.00852217 0.00800254 0.0110648 0.00822983 0.00870225 0.00809465 0.00865113 0.00871495 0.00854392 0.00988726 0.00980881 0.00986007 0.0118272 0.00977467 0.00955577 0.0107107 0.0108249 0.0127417 0.0141167 0.0168808 0.0137441 0.0101353 0.0120927 0.00950181 0.0124076 0.0102682 0.0188601 0.0174985 0.0177209 0.00953785 0.0136978 0.00959499 0.0135507 0.0183737 0.0102181 0.0232972 0.0134875 0.00586284 0.00465516 0.00374278 0 0.992823 0.00400627 0.0046948 0.0159371 0.010354 0.0104254 0.011151 0.0150393 0.0158381 0.0133321 0.010717 0.0136065 0.016938 
0.00839686 0.00875166 0.00932682 0.00830731 0.00860666 0.0103698 0.00825526 0.0088555 0.00815318 0.00892848 0.00878003 0.00856143 0.0108529 0.0100418 0.0107323 0.00875145 0.0103668 0.0101221 0.0102719 0.0101428 0.0121312 0.0169568 0.013855 0.0135867 0.0109276 0.0119455 0.00967257 0.0117116 0.00936417 0.023777 0.0127796 0.0132046 0.0102144 0.012315 0.00931677 0.0125572 0.0224564 0.0133349 0.0158314 0.00646954 0.0151013 0.00603743 0.00467057 0.992823 0 0.00375755 0.00462099 0.00557667 0.0114323 0.0546417 0.0208749 0.0159602 0.00801311 0.0103191 0.0107877 0.0128742 0.0334897 
0.00899488 0.0083311 0.00815714 0.00856563 0.00820804 0.00826159 0.00862549 0.00814533 0.00881254 0.00823825 0.0085851 0.00934797 0.00859012 0.00941855 0.00822315 0.00945655 0.00899755 0.0105608 0.010482 0.0104376 0.00911496 0.0113708 0.0105177 0.0136452 0.0110154 0.00982315 0.0115718 0.00932319 0.0238877 0.00881064 0.014668 0.0121114 0.0121569 0.00903527 0.0132688 0.0133068 0.0120359 0.0114088 0.0104374 0.0201367 0.00795272 0.00569882 0.996195 0.00400627 0.00375755 0 0.00379741 0.01286 0.0528934 0.00963681 0.0229116 0.00572834 0.00828441 0.0101415 0.00957006 0.023999 0.00913927 
0.00946589 0.00855096 0.00870052 0.00869803 0.00810288 0.0122954 0.00826451 0.00890755 0.00803469 0.0087201 0.00900655 0.0087559 0.0103403 0.00933003 0.0102873 0.0124019 0.0100552 0.00969704 0.0104411 0.0106364 0.0114119 0.0154119 0.0184816 0.0136982 0.0102358 0.0126948 0.00953929 0.012473 0.00936318 0.0195244 0.0200976 0.0166536 0.00981773 0.0124941 0.0091512 0.0123783 0.0232524 0.0166171 0.0193962 0.0126718 0.0164548 0.92088 0.00449722 0.0046948 0.00462099 0.00379741 0 0.0565294 0.013312 0.00641848 0.00565268 0.00767021 0.0119366 0.0123625 0.0109517 0.0106329 0.024649 
0.00891208 0.00873527 0.010241 0.00827041 0.00910237 0.00909589 0.00844073 0.00852211 0.00849907 0.00868531 0.00917044 0.00956575 0.00998164 0.0133128 0.0102137 0.010799 0.0116646 0.0118532 0.0134533 0.0118693 0.01442 0.0154866 0.0248391 0.0195019 0.0180499 0.0135704 0.0176524 0.0140217 0.0112876 0.0194352 0.026783 0.0150496 0.0136259 0.0113893 0.0126867 0.0120765 0.0264312 0.0179752 0.0170635 0.0112274 0.0308088 0.0119837 0.00957256 0.0159371 0.00557667 0.01286 0.0565294 0 0.00380034 0.00372008 0.00386127 0.00419546 0.00576204 0.00598047 0.00819553 0.041163 0.878968 
0.00833849 0.00928897 0.00870135 0.00828187 0.00816379 0.00902176 0.00967264 0.0104271 0.00993764 0.0102805 0.0122502 0.0149235 0.013536 0.0104866 0.00876766 0.00926042 0.0193697 0.0322168 0.035413 0.021012 0.010878 0.0116122 0.016421 0.0565569 0.0349665 0.047483 0.0254538 0.0256373 0.0252244 0.0111719 0.0143235 0.0417479 0.0180486 0.0290598 0.017209 0.028602 0.014332 0.0102411 0.009731 0.017076 0.0110025 0.0114421 0.0109755 0.010354 0.0114323 0.0528934 0.013312 0.00380034 0 0.00374097 0.00378147 0.00376905 0.00437003 0.00786819 0.0415634 0.89251 0.0127002 
0.00866104 0.00866044 0.00877958 0.00816163 0.00814585 0.00883425 0.00913067 0.0120555 0.0116382 0.0115116 0.0152072 0.0203638 0.0129213 0.0100538 0.00823726 0.00914978 0.0157157 0.0545406 0.0673966 0.0237761 0.0120456 0.00934041 0.0147008 0.0265887 0.0909555 0.0544674 0.0532665 0.0391287 0.0236671 0.0122862 0.0129997 0.0203001 0.0352714 0.0285214 0.0409353 0.0184097 0.014365 0.00898593 0.00880234 0.00872274 0.00942262 0.0110318 0.00930406 0.0104254 0.0546417 0.00963681 0.00641848 0.00372008 0.00374097 0 0.00370133 0.0037339 0.00459538 0.0104663 0.899999 0.014689 0.00699339 
0.00883066 0.00871192 0.0082677 0.00843625 0.00817704 0.00885125 0.00896429 0.00899652 0.0089834 0.00936775 0.00983735 0.010103 0.0113898 0.00929837 0.00832653 0.00941567 0.0132192 0.0166483 0.0184429 0.026778 0.0112805 0.00999879 0.011406 0.0239375 0.0189079 0.0268146 0.0194171 0.01918 0.0344829 0.0152326 0.0122427 0.0237755 0.0141061 0.0166445 0.0140464 0.0346976 0.0169547 0.0105406 0.0100517 0.0104484 0.0138023 0.0104582 0.0233005 0.011151 0.0208749 0.0229116 0.00565268 0.00386127 0.00378147 0.00370133 0 0.00394248 0.00818248 0.956766 0.0116557 0.0069446 0.0061078 
0.00856753 0.00824019 0.0085576 0.00821167 0.0080396 0.00910723 0.00812901 0.00845173 0.00815092 0.00843942 0.00861028 0.00860369 0.00895097 0.00922267 0.00903083 0.0100662 0.00931094 0.00954566 0.0101333 0.0105942 0.014565 0.010682 0.0137531 0.0111493 0.0103026 0.0104104 0.0110561 0.0106837 0.0113922 0.0181014 0.0145308 0.0113986 0.0101098 0.0101074 0.00913644 0.0117876 0.0261772 0.0117671 0.0119274 0.0123042 0.00986114 0.0288101 0.00809101 0.0150393 0.0159602 0.00572834 0.00767021 0.00419546 0.00376905 0.0037339 0.00394248 0 0.992001 0.0063483 0.00461906 0.00459928 0.00542733 
0.00854188 0.00849932 0.00949372 0.00809372 0.00868435 0.00872712 0.00834582 0.00851973 0.0084338 0.00865751 0.00886491 0.00939022 0.00962372 0.0126779 0.0102154 0.00988676 0.0107251 0.0107966 0.0117751 0.0107432 0.0125086 0.0126748 0.0228348 0.0174027 0.0168466 0.0132623 0.0126296 0.0130729 0.0107208 0.0179977 0.0252407 0.0146178 0.013331 0.0117477 0.0119816 0.0114083 0.0235224 0.0160309 0.0159526 0.0106155 0.0141022 0.0123886 0.0119753 0.0158381 0.00801311 0.00828441 0.0119366 0.00576204 0.00437003 0.00459538 0.00818248 0.992001 0 0.00378612 0.00373805 0.00382553 0.00519461 
0.00826984 0.00914233 0.00881316 0.00820069 0.00819656 0.00889896 0.0094255 0.0110602 0.0105435 0.0100613 0.0128005 0.0132653 0.0141071 0.00994088 0.00834918 0.00915202 0.0191156 0.0274494 0.0276217 0.0190957 0.0104922 0.0101286 0.0158714 0.055625 0.0392498 0.0396898 0.0285043 0.023725 0.0233564 0.0115726 0.0152416 0.0430655 0.0183565 0.0295469 0.0180909 0.0250551 0.0144706 0.00993691 0.00999386 0.0104094 0.0102995 0.0203792 0.0155316 0.0133321 0.0103191 0.0101415 0.0123625 0.00598047 0.00786819 0.0104663 0.956766 0.0063483 0.00378612 0 0.00376715 0.0038105 0.00394748 
0.00863686 0.00878751 0.00880758 0.0081957 0.0082005 0.00908875 0.00938071 0.0113779 0.0117052 0.0116736 0.015006 0.0185987 0.0125619 0.0101431 0.00825878 0.00966311 0.0183456 0.063263 0.072116 0.0210118 0.0115909 0.00900072 0.0145124 0.0359343 0.0961749 0.0768327 0.0561137 0.053696 0.020599 0.0120837 0.0138622 0.026753 0.0464848 0.0343131 0.0445216 0.0201105 0.0131504 0.00935885 0.00891883 0.00914609 0.00913042 0.013246 0.0136682 0.010717 0.0107877 0.00957006 0.0109517 0.00819553 0.0415634 0.899999 0.0116557 0.00461906 0.00373805 0.00376715 0 0.0037571 0.00378123 
0.00902889 0.00919874 0.00862796 0.00870833 0.00823299 0.00924321 0.00964155 0.0100852 0.0102683 0.0101915 0.0111859 0.0138978 0.0121212 0.01041 0.00838641 0.0101688 0.0165391 0.0257129 0.0302248 0.0333587 0.0126029 0.0106496 0.0137971 0.0316656 0.0365848 0.0383819 0.0335221 0.0213535 0.0430613 0.014185 0.0152262 0.0319396 0.0211577 0.0242545 0.0210705 0.0504422 0.0180862 0.0112276 0.0114626 0.0119292 0.0123816 0.0169283 0.027431 0.0136065 0.0128742 0.023999 0.0106329 0.041163 0.89251 0.014689 0.0069446 0.00459928 0.00382553 0.0038105 0.0037571 0 0.00376547 
0.00929893 0.00816722 0.00840603 0.00856912 0.00804271 0.00974375 0.00830686 0.00859613 0.00830327 0.00859864 0.00870122 0.00868279 0.00886092 0.00928187 0.0105931 0.0108403 0.00978434 0.00937618 0.00985163 0.00965061 0.0114546 0.0121585 0.017524 0.0119279 0.0105125 0.0107034 0.0104191 0.011366 0.0104643 0.0152121 0.0202136 0.0121521 0.0109793 0.0102311 0.00926838 0.0110288 0.0207959 0.0139288 0.0134542 0.014696 0.010949 0.0388957 0.00908977 0.016938 0.0334897 0.00913927 0.024649 0.878968 0.0127002 0.00699339 0.0061078 0.00542733 0.00519461 0.00394748 0.00378123 0.00376547 0 
