1J85A
MLDIVLYEPEIPQNTGNIIRLCANTGFRLHLIEPLGFTWDDKRLRRSGLDYHEFAEIKRHKTFEAFLESEKPKRLFALTTKGCPAHSQVKFKLGDYLMFGPETRGIPMSILNEMPMEQKIRIPMTANSRSMNLSNSVAVTVYEAWRQLGYKGAVNL
CCEEEEECCCCHHHHHHHHHHHHHHCCEEEEECCCCCCCCCHHHHCCCCCHHHCCCCEEECCHHHHHHHHCCCEEEEECCCCCCECCCCCCCCCEEEEECCCCCCCCHHHHCCCCHHHEEECCCCCCCCCCCHHHHHHHHHHHHHHHCCCCCCCCC
0 0 0 0 0 0 0 0 0 0 0 0 0 0 0 0 0 0 0 0 0 0 0 0 0 0 0 0 0 0 0 0 0 0 0 0 0 0 0 0 0 0 0 0 0 0 0 0 0 0 0 0 0 0 0 0 0 0 0 0 0 0 0 0 0 0 0 0 0 0 0 0 0 0 0 0 0 0 0 0 0 0 0 0 0 0 0 0 0 0 0 0 0 0 0 0 0 0 0 0 0 0 0 0 0 0 0 0 0 0 0 0 0 0 0 0 0 0 0 0 0 0 0 0 0 0 0 0 0 0 0 0 0 0 0 0 0 0 0 0 0 0 0 0 0 0 0 0 0 0 0 0 0 0 0 0 
0 0 0 0 0 0 0 0 0 0 0 0 0 0 0 0 0 0 0 0 0 0 0 0 0 0 0 0 0 0 0 0 0 0 0 0 0 0 0 0 0 0 0 0 0 0 0 0 0 0 0 0 0 0 0 0 0 0 0 0 0 0 0 0 0 0 0 0 0 0 0 0 0 0 0 0 0 0 0 0 0 0 0 0 0 0 0 0 0 0 0 0 0 0 0 0 0 0 0 0 0 0 0 0 0 0 0 0 0 0 0 0 0 0 0 0 0 0 0 0 0 0 0 0 0 0 0 0 0 0 0 0 0 0 0 0 0 0 0 0 0 0 0 0 0 0 0 0 0 0 0 0 0 0 0 0 
0 0.00383422 0.00375245 0.00378315 0.00433206 0.801447 0.0145023 0.0468042 0.0134205 0.0345915 0.0147796 0.00986279 0.0147598 0.032271 0.0138415 0.0264975 0.0124846 0.0220345 0.010802 0.0126612 0.0124572 0.012629 0.0110976 0.0155776 0.00920546 0.0089462 0.0133573 
0.00383422 0 0.00374981 0.00378524 0.0037906 0.0317816 0.86371 0.0250763 0.0821373 0.0140828 0.0118898 0.0152726 0.0105476 0.0162861 0.0912628 0.0338054 0.0551577 0.0119649 0.00905342 0.00963328 0.0274006 0.036807 0.0257559 0.011396 0.00891999 0.015301 0.00915281 
0.00375245 0.00374981 0 0.00373971 0.00373164 0.052411 0.0232974 0.819051 0.0269366 0.0193441 0.0116035 0.010931 0.00934226 0.0127377 0.0311964 0.186105 0.0338096 0.012643 0.00841836 0.00930432 0.0195192 0.113378 0.0444295 0.0119264 0.00921281 0.00959534 0.00948993 
0.00378315 0.00378524 0.00373971 0 0.00392682 0.0181785 0.0786333 0.0421618 0.808597 0.0235695 0.0111074 0.0168882 0.00941632 0.0102154 0.0392025 0.0309212 0.104553 0.0132671 0.00909336 0.00885577 0.014392 0.0275344 0.0582975 0.0144287 0.00871084 0.0118087 0.00884877 
0.00433206 0.0037906 0.00373164 0.00392682 0 0.0240151 0.0159888 0.0296669 0.0507034 0.782673 0.0127605 0.0092622 0.0128203 0.0171251 0.0106785 0.0125699 0.014987 0.0258316 0.0121815 0.0118902 0.00953743 0.0119 0.0127533 0.0194613 0.0134967 0.00920871 0.00913518 
0.801447 0.0317816 0.052411 0.0181785 0.0240151 0 0.00382649 0.00378913 0.00381773 0.004122 0.123173 0.0116853 0.014415 0.0240522 0.0100409 0.0123878 0.0116189 0.0168691 0.012402 0.0101156 0.00925035 0.00950733 0.00984682 0.012583 0.00916097 0.00831539 0.0209027 
0.0145023 0.86371 0.0232974 0.0786333 0.0159888 0.00382649 0 0.00377393 0.00376617 0.00378182 0.0142577 0.0344209 0.0108363 0.0129114 0.0521051 0.0159558 0.0290956 0.0113268 0.00898986 0.00922612 0.0146181 0.0208867 0.0147979 0.0107855 0.00855 0.0194792 0.00860499 
0.0468042 0.0250763 0.819051 0.0421618 0.0296669 0.00378913 0.00377393 0 0.00373818 0.0037671 0.289164 0.0162848 0.0122161 0.0146471 0.0223718 0.113873 0.022421 0.0118437 0.00886073 0.00943947 0.0189988 0.0611432 0.0231504 0.0099154 0.0101409 0.00986009 0.0107406 
0.0134205 0.0821373 0.0269366 0.808597 0.0507034 0.00381773 0.00376617 0.00373818 0 0.00374037 0.012105 0.434395 0.0126817 0.013517 0.0379627 0.025898 0.0899488 0.0134968 0.0097926 0.00933748 0.0173092 0.0263651 0.0746906 0.0138376 0.00938934 0.0139771 0.00928061 
0.0345915 0.0140828 0.0193441 0.0235695 0.782673 0.004122 0.00378182 0.0037671 0.00374037 0 0.0156993 0.0103397 0.490038 0.0184672 0.0123926 0.0120523 0.018171 0.0276945 0.0134471 0.0137022 0.00981229 0.0125039 0.0125211 0.0243139 0.0127682 0.00960065 0.00936071 
0.0147796 0.0118898 0.0116035 0.0111074 0.0127605 0.123173 0.0142577 0.289164 0.012105 0.0156993 0 0.00379003 0.00444885 0.0316562 0.0106888 0.0254183 0.0139123 0.0335263 0.0136246 0.0103111 0.00972831 0.0103542 0.010427 0.0137682 0.0111441 0.00862204 0.0194568 
0.00986279 0.0152726 0.010931 0.0168882 0.0092622 0.0116853 0.0344209 0.0162848 0.434395 0.0103397 0.00379003 0 0.00371461 0.0102908 0.0646528 0.0116022 0.060634 0.00983057 0.0107868 0.00913283 0.0116944 0.00991003 0.0190504 0.00944825 0.00959269 0.0172712 0.0087938 
0.0147598 0.0105476 0.00934226 0.00941632 0.0128203 0.014415 0.0108363 0.0122161 0.0126817 0.490038 0.00444885 0.00371461 0 0.0509536 0.011578 0.0231184 0.00954926 0.0347156 0.0129414 0.0132877 0.00954213 0.00959917 0.0091926 0.0149461 0.0158031 0.0100196 0.00901633 
0.032271 0.0162861 0.0127377 0.0102154 0.0171251 0.0240522 0.0129114 0.0146471 0.013517 0.0184672 0.0316562 0.0102908 0.0509536 0 0.00541822 0.00375839 0.00379155 0.00403527 0.00893884 0.158775 0.0138108 0.0139443 0.0110779 0.0325638 0.0153239 0.0106285 0.0249597 
0.0138415 0.0912628 0.0311964 0.0392025 0.0106785 0.0100409 0.0521051 0.0223718 0.0379627 0.0123926 0.0106888 0.0646528 0.011578 0.00541822 0 0.00373068 0.00374718 0.00383379 0.00659256 0.0136087 0.263074 0.0208298 0.0764298 0.0135414 0.0112524 0.0298614 0.0104907 
0.0264975 0.0338054 0.186105 0.0309212 0.0125699 0.0123878 0.0159558 0.113873 0.025898 0.0120523 0.0254183 0.0116022 0.0231184 0.00375839 0.00373068 0 0.00373205 0.00373589 0.00550233 0.0224347 0.0204 0.525547 0.0308143 0.019959 0.0202836 0.0128698 0.0155076 
0.0124846 0.0551577 0.0338096 0.104553 0.014987 0.0116189 0.0290956 0.022421 0.0899488 0.018171 0.0139123 0.060634 0.00954926 0.00379155 0.00374718 0.00373205 0 0.00376016 0.00866143 0.0136645 0.113674 0.0359166 0.540556 0.0314875 0.0145392 0.0297001 0.0152327 
0.0220345 0.0119649 0.012643 0.0132671 0.0258316 0.0168691 0.0113268 0.0118437 0.0134968 0.0276945 0.0335263 0.00983057 0.0347156 0.00403527 0.00383379 0.00373589 0.00376016 0 0.0153456 0.0416893 0.0141742 0.0361249 0.0325285 0.357469 0.020692 0.0144809 0.0145016 
0.010802 0.00905342 0.00841836 0.00909336 0.0121815 0.012402 0.00898986 0.00886073 0.0097926 0.0134471 0.0136246 0.0107868 0.0129414 0.00893884 0.00659256 0.00550233 0.00866143 0.0153456 0 0.0219795 0.0107889 0.00674894 0.00879752 0.0158263 0.0139635 0.0109912 0.0227556 
0.0126612 0.00963328 0.00930432 0.00885577 0.0118902 0.0101156 0.00922612 0.00943947 0.00933748 0.0137022 0.0103111 0.00913283 0.0132877 0.158775 0.0136087 0.0224347 0.0136645 0.0416893 0.0219795 0 0.00375613 0.00378351 0.003772 0.00417566 0.0284301 0.0102431 0.0415897 
0.0124572 0.0274006 0.0195192 0.014392 0.00953743 0.00925035 0.0146181 0.0189988 0.0173092 0.00981229 0.00972831 0.0116944 0.00954213 0.0138108 0.263074 0.0204 0.113674 0.0141742 0.0107889 0.00375613 0 0.00373224 0.00372635 0.00390647 0.0135367 0.0563673 0.0157294 
0.012629 0.036807 0.113378 0.0275344 0.0119 0.00950733 0.0208867 0.0611432 0.0263651 0.0125039 0.0103542 0.00991003 0.00959917 0.0139443 0.0208298 0.525547 0.0359166 0.0361249 0.00674894 0.00378351 0.00373224 0 0.00372448 0.00374333 0.0509295 0.0206681 0.0208034 
0.0110976 0.0257559 0.0444295 0.0582975 0.0127533 0.00984682 0.0147979 0.0231504 0.0746906 0.0125211 0.010427 0.0190504 0.0091926 0.0110779 0.0764298 0.0308143 0.540556 0.0325285 0.00879752 0.003772 0.00372635 0.00372448 0 0.00401832 0.0203766 0.124192 0.0387205 
0.0155776 0.011396 0.0119264 0.0144287 0.0194613 0.012583 0.0107855 0.0099154 0.0138376 0.0243139 0.0137682 0.00944825 0.0149461 0.0325638 0.0135414 0.019959 0.0314875 0.357469 0.0158263 0.00417566 0.00390647 0.00374333 0.00401832 0 0.0232602 0.0181844 0.199247 
0.00920546 0.00891999 0.00921281 0.00871084 0.0134967 0.00916097 0.00855 0.0101409 0.00938934 0.0127682 0.0111441 0.00959269 0.0158031 0.0153239 0.0112524 0.0202836 0.0145392 0.020692 0.0139635 0.0284301 0.0135367 0.0509295 0.0203766 0.0232602 0 0.00373725 0.00398971 
0.0089462 0.015301 0.00959534 0.0118087 0.00920871 0.00831539 0.0194792 0.00986009 0.0139771 0.00960065 0.00862204 0.0172712 0.0100196 0.0106285 0.0298614 0.0128698 0.0297001 0.0144809 0.0109912 0.0102431 0.0563673 0.0206681 0.124192 0.0181844 0.00373725 0 0.00374392 
0.0133573 0.00915281 0.00948993 0.00884877 0.00913518 0.0209027 0.00860499 0.0107406 0.00928061 0.00936071 0.0194568 0.0087938 0.00901633 0.0249597 0.0104907 0.0155076 0.0152327 0.0145016 0.0227556 0.0415897 0.0157294 0.0208034 0.0387205 0.199247 0.00398971 0.00374392 0 
