1JCMP
MQCVLAKIVADKAIWVEARKQQQPLASFQNEVQPSTRHFYDALQGARTAFILECKKASPSKGVIRDDFDPARIAAIYKHYASAISVLTDEKYFQGSFNFLPIVSQIAPQPILCKDFIIDPYQIYLARYYQADACLLMLSVLDDDQYRQLAAVAHSLEMGVLTEVSNEEEQERAIALGAKVVGINNRDLCDLSIDLNRTRELAPKLGHNVTVISESGINTYAQVRELSHFANGFLIGSALMAHDDLHAAVRRVLLGENKV
CCCHHHHHHHHHHHHHHHHHCCCCHHHCHHHCCCCCCCHHHHCCCCCCEEEEEECCEECCCEECCCCCCHHHHHHHHCCCCCEEEEECCHHHHCCCCCHHHHHHHHCCCCEEEECCCCCHHHHHHHHHCCCCEEEEECCCCCHHHHHHHHHHHCCCCCEEEEEECCHHHHHHHHHCCCCEEEEECEECCCCEECCHHHHHHCHHHCCCCEEEEECCCCCHHHHHHHCCCCCEEEECHHHHCCCCHHHHHHHHCCCCCCC
0 0 0 0 0 0 0 0 0 0 0 0 0 0 0 0 0 0 0 0 0 0 0 0 0 0 0 0 0 0 0 0 0 0 0 0 0 0 0 0 0 0 0 0 0 0 0 0 0 0 0 0 0 0 0 0 0 0 0 0 0 0 0 0 0 0 0 0 0 0 0 0 0 0 0 0 0 0 0 0 0 0 0 0 0 0 0 0 0 0 0 0 0 0 0 0 0 0 0 0 0 0 0 0 0 0 0 0 0 0 0 0 0 0 0 0 0 0 0 0 0 0 0 0 0 0 0 0 0 0 0 0 0 0 0 0 0 0 0 0 0 0 0 0 0 0 0 0 0 0 0 0 0 0 0 0 0 0 0 0 0 0 0 0 0 0 0 0 0 0 0 0 0 0 0 0 0 0 0 0 0 0 0 0 0 0 0 0 0 0 0 0 0 0 0 0 0 0 0 0 0 0 0 0 0 0 0 0 0 0 0 0 0 0 0 0 0 0 0 0 0 0 0 0 0 0 0 0 0 0 0 0 0 0 0 0 0 0 0 0 0 0 0 0 0 0 0 0 0 0 0 0 0 0 0 0 0 0 0 
0 0 0 0 0 0 0 0 0 0 0 0 0 0 0 0 0 0 0 0 0 0 0 0 0 0 0 0 0 0 0 0 0 0 0 0 0 0 0 0 0 0 0 0 0 0 0 0 0 0 0 0 0 0 0 0 0 0 0 0 0 0 0 0 0 0 0 0 0 0 0 0 0 0 0 0 0 0 0 0 0 0 0 0 0 0 0 0 0 0 0 0 0 0 0 0 0 0 0 0 0 0 0 0 0 0 0 0 0 0 0 0 0 0 0 0 0 0 0 0 0 0 0 0 0 0 0 0 0 0 0 0 0 0 0 0 0 0 0 0 0 0 0 0 0 0 0 0 0 0 0 0 0 0 0 0 0 0 0 0 0 0 0 0 0 0 0 0 0 0 0 0 0 0 0 0 0 0 0 0 0 0 0 0 0 0 0 0 0 0 0 0 0 0 0 0 0 0 0 0 0 0 0 0 0 0 0 0 0 0 0 0 0 0 0 0 0 0 0 0 0 0 0 0 0 0 0 0 0 0 0 0 0 0 0 0 0 0 0 0 0 0 0 0 0 0 0 0 0 0 0 0 0 0 0 0 0 0 0 
0 0.00388378 0.00375401 0.00378207 0.00379014 0.0062668 0.00628362 0.0100491 0.00990465 0.0154183 0.0706641 0.0210213 0.0157929 0.014793 0.0258676 0.0246449 0.0109517 0.0124999 0.017874 0.0166092 0.0133895 0.0105987 0.0106394 0.0154557 0.0093678 0.00922097 0.00876068 0.00918509 0.00889541 0.0110774 0.0105355 0.00918281 0.00904479 0.0087988 0.00889433 0.00809 0.00829592 0.0084252 0.0100484 0.00926857 0.00860285 0.00863831 0.00843098 0.00828553 0.00852221 0.00825782 0.00833604 0.00880711 
0.00388378 0 0.00376723 0.00375911 0.00394111 0.00376785 0.00708897 0.00617878 0.0125788 0.0123514 0.0461706 0.116839 0.0380879 0.0430923 0.0192301 0.0213686 0.0466907 0.0222335 0.012596 0.0189949 0.0500584 0.0384734 0.0308294 0.0113971 0.00902631 0.0127597 0.0119148 0.0124881 0.0111093 0.00907369 0.00915502 0.0112105 0.0117283 0.010068 0.00838256 0.0081663 0.00819192 0.00829826 0.00828981 0.00878453 0.00985684 0.00922807 0.0092624 0.00833685 0.00838846 0.00885284 0.00903195 0.00876499 
0.00375401 0.00376723 0 0.00378156 0.00374461 0.00373893 0.00418278 0.00645919 0.00683983 0.00910042 0.0500394 0.0369515 0.176091 0.0573845 0.0197674 0.0194546 0.0422002 0.0286733 0.0129791 0.0188291 0.035256 0.0854896 0.0361482 0.0134001 0.00937261 0.0135095 0.0228602 0.0251737 0.0117265 0.00880925 0.00981496 0.0121322 0.0191111 0.0103125 0.00904596 0.0082703 0.00820569 0.00817534 0.00820318 0.00894008 0.01091 0.0111468 0.00951622 0.00857255 0.00844648 0.00877738 0.00982369 0.00889242 
0.00378207 0.00375911 0.00378156 0 0.00370256 0.00372384 0.00451245 0.00711227 0.00710765 0.00791623 0.0184 0.0960753 0.070668 0.0884168 0.0159662 0.0177737 0.0302865 0.03038 0.012902 0.0142133 0.0351082 0.0774434 0.041727 0.012024 0.00916995 0.0143808 0.0222094 0.020804 0.00992324 0.00903375 0.0101067 0.0127834 0.0139305 0.0115101 0.00888357 0.00822014 0.00821247 0.0080596 0.00824969 0.00872717 0.0106697 0.0106159 0.00921478 0.00844866 0.00848652 0.00864604 0.00960339 0.0088365 
0.00379014 0.00394111 0.00374461 0.00370256 0 0.0038062 0.0041787 0.0112029 0.00678289 0.0175055 0.0203419 0.0323458 0.0995233 0.0712132 0.0378442 0.0145343 0.0362565 0.0396056 0.0137335 0.0125125 0.0220188 0.0283036 0.0525279 0.0156657 0.00959 0.0117946 0.0121078 0.0111383 0.0133937 0.00861138 0.00930335 0.0106254 0.0146089 0.0100218 0.00896167 0.00823606 0.00833402 0.00833839 0.00811564 0.00895416 0.00967196 0.00958756 0.00890694 0.00824714 0.00829449 0.00859844 0.00932866 0.00850744 
0.0062668 0.00376785 0.00373893 0.00372384 0.0038062 0 0.0058033 0.00419166 0.0158185 0.0106989 0.0468066 0.02285 0.011474 0.0365301 0.0664205 0.0278709 0.011486 0.0176135 0.0158645 0.0209373 0.0117107 0.0146863 0.015461 0.0173801 0.01157 0.00939931 0.00910853 0.0107089 0.00861929 0.0102382 0.0106504 0.00928358 0.00885356 0.00931756 0.00888542 0.00825835 0.00812344 0.00847777 0.00899147 0.0100524 0.00888241 0.00908107 0.00831452 0.00857898 0.00852589 0.00852179 0.00830468 0.00867925 
0.00628362 0.00708897 0.00418278 0.00451245 0.0041787 0.0058033 0 0.00486148 0.00860131 0.878429 0.0183252 0.0133675 0.0110051 0.0182586 0.0249085 0.0147282 0.0108724 0.0103723 0.0139533 0.0110897 0.010438 0.00894967 0.00967525 0.0122361 0.00908463 0.00857253 0.00838998 0.00849098 0.00835038 0.0090328 0.00891841 0.00865765 0.00830643 0.00834807 0.00808515 0.00792487 0.00859609 0.00847629 0.00952082 0.00883124 0.00859116 0.00826954 0.00829411 0.00821457 0.0081541 0.00814705 0.00814609 0.00840522 
0.0100491 0.00617878 0.00645919 0.00711227 0.0112029 0.00419166 0.00486148 0 0.930494 0.00494473 0.0156409 0.0111773 0.010222 0.0147093 0.0140411 0.0140352 0.0092626 0.0101256 0.00886011 0.0117088 0.00891692 0.00876829 0.0090615 0.00903807 0.00915092 0.00823372 0.00827794 0.00818291 0.00821216 0.00815796 0.00862723 0.0081122 0.00825843 0.00831502 0.0079973 0.007991 0.00802483 0.00859345 0.00816261 0.00869062 0.00818098 0.00809812 0.00807403 0.00805639 0.00808383 0.00809851 0.00814508 0.00817903 
0.00990465 0.0125788 0.00683983 0.00710765 0.00678289 0.0158185 0.00860131 0.930494 0 0.0060728 0.03393 0.0205003 0.0132737 0.0192013 0.0187026 0.0127752 0.00977487 0.010641 0.0117705 0.00974836 0.00953528 0.00880266 0.00945055 0.0123821 0.00851359 0.00839302 0.00822024 0.00832469 0.00856543 0.00990551 0.00872289 0.008538 0.00823161 0.00840206 0.00809162 0.00796639 0.0083855 0.00853248 0.00982654 0.00872557 0.00826165 0.00815461 0.0081261 0.00815553 0.00806834 0.00803866 0.00806848 0.00841007 
0.0154183 0.0123514 0.00910042 0.00791623 0.0175055 0.0106989 0.878429 0.00494473 0.0060728 0 0.0170545 0.0137978 0.0163199 0.0212004 0.0317453 0.0143816 0.00988464 0.0109563 0.0103002 0.0109256 0.00931552 0.00899337 0.0102683 0.0106581 0.00923372 0.0081986 0.00825062 0.00828465 0.00853228 0.00862743 0.00847092 0.00822768 0.00854128 0.0083143 0.00812474 0.00810852 0.00834038 0.00911696 0.00821298 0.00906612 0.00827518 0.00809547 0.00814738 0.00814422 0.00810649 0.007995 0.00811005 0.00832262 
0.0706641 0.0461706 0.0500394 0.0184 0.0203419 0.0468066 0.0183252 0.0156409 0.03393 0.0170545 0 0.00381972 0.00375958 0.00380328 0.00460483 0.132278 0.0286831 0.0193358 0.0282839 0.0453834 0.0363931 0.0165846 0.0161525 0.02744 0.0125628 0.0135706 0.0102464 0.0118832 0.0101651 0.0146644 0.0155465 0.011702 0.0106407 0.00987451 0.0102052 0.00835895 0.00871289 0.0085486 0.0101929 0.0105237 0.00915148 0.00922939 0.00885456 0.00923356 0.00882553 0.00873392 0.00893966 0.00967594 
0.0210213 0.116839 0.0369515 0.0960753 0.0323458 0.02285 0.0133675 0.0111773 0.0205003 0.0137978 0.00381972 0 0.00381553 0.00378699 0.00380653 0.424256 0.0497616 0.0415612 0.0192359 0.0298574 0.0690558 0.0453542 0.0340965 0.0131688 0.0102224 0.0214246 0.0190648 0.018811 0.0122321 0.0106932 0.0118957 0.0202609 0.016058 0.0142877 0.00866817 0.00829601 0.00823854 0.00814258 0.00871091 0.00901045 0.012633 0.0105205 0.00927195 0.00851538 0.00860451 0.00898535 0.00988886 0.00896896 
0.0157929 0.0380879 0.176091 0.070668 0.0995233 0.011474 0.0110051 0.010222 0.0132737 0.0163199 0.00375958 0.00381553 0 0.00376405 0.00374057 0.0463301 0.539688 0.02344 0.0180468 0.020508 0.0739928 0.140155 0.0517358 0.0152589 0.0115396 0.023446 0.0479458 0.0362569 0.0185039 0.00900327 0.010922 0.0231142 0.0546304 0.0116176 0.0115418 0.00822271 0.00834046 0.00864788 0.00818091 0.0109977 0.014668 0.0151144 0.0103711 0.00871086 0.00893799 0.0101496 0.0109179 0.00902771 
0.014793 0.0430923 0.0573845 0.0884168 0.0712132 0.0365301 0.0182586 0.0147093 0.0192013 0.0212004 0.00380328 0.00378699 0.00376405 0 0.00382876 0.0455011 0.0545072 0.677772 0.0225857 0.0214363 0.040833 0.0723417 0.144697 0.0258985 0.0116889 0.0220828 0.0270699 0.0300613 0.0181813 0.0103267 0.0114223 0.0222203 0.0217824 0.0329267 0.00933875 0.00863005 0.00842667 0.0084117 0.00860645 0.0117899 0.0148713 0.0157722 0.0109276 0.00866348 0.00941811 0.00955246 0.0115291 0.00917944 
0.0258676 0.0192301 0.0197674 0.0159662 0.0378442 0.0664205 0.0249085 0.0140411 0.0187026 0.0317453 0.00460483 0.00380653 0.00374057 0.00382876 0 0.0294294 0.0335471 0.0854275 0.572763 0.0285653 0.016593 0.017812 0.0302421 0.0515697 0.0168861 0.0124879 0.0136487 0.0126833 0.0113413 0.0164064 0.0145755 0.0104792 0.0129824 0.0112561 0.011735 0.00907384 0.00881734 0.00941757 0.00916549 0.013167 0.0101872 0.0105075 0.00911302 0.0102958 0.00934447 0.00898902 0.00901373 0.0104903 
0.0246449 0.0213686 0.0194546 0.0177737 0.0145343 0.0278709 0.0147282 0.0140352 0.0127752 0.0143816 0.132278 0.424256 0.0463301 0.0455011 0.0294294 0 0.00377184 0.00376443 0.00394109 0.0989093 0.0685423 0.0203945 0.0193081 0.0694781 0.024632 0.0217832 0.0144597 0.0154719 0.014584 0.0232071 0.023633 0.0249339 0.0140335 0.0139024 0.013428 0.00911146 0.0100177 0.00917354 0.0109738 0.015302 0.0128011 0.0118102 0.0111217 0.0130724 0.0101256 0.00968488 0.0105011 0.0129704 
0.0109517 0.0466907 0.0422002 0.0302865 0.0362565 0.011486 0.0108724 0.0092626 0.00977487 0.00988464 0.0286831 0.0497616 0.539688 0.0545072 0.0335471 0.00377184 0 0.00385151 0.0037559 0.225274 0.0660975 0.109992 0.0512861 0.019205 0.0124068 0.039736 0.0295134 0.0242409 0.0278588 0.0103616 0.0139287 0.027207 0.0474493 0.0162335 0.0111171 0.00860383 0.008766 0.00850625 0.00877259 0.0111946 0.0188516 0.017076 0.0123881 0.00893593 0.00883791 0.00993498 0.0135746 0.00970202 
0.0124999 0.0222335 0.0286733 0.03038 0.0396056 0.0176135 0.0103723 0.0101256 0.010641 0.0109563 0.0193358 0.0415612 0.02344 0.677772 0.0854275 0.00376443 0.00385151 0 0.00378101 0.0173286 0.246606 0.0790749 0.206291 0.0385831 0.0138658 0.0216137 0.0247547 0.02651 0.0219946 0.0117601 0.0113617 0.0212613 0.0208548 0.0470645 0.0112636 0.00941731 0.00871198 0.0089103 0.00911096 0.0110951 0.0153884 0.0160482 0.014064 0.0097253 0.00922973 0.0109461 0.0125192 0.0096869 
0.017874 0.012596 0.0129791 0.012902 0.0137335 0.0158645 0.0139533 0.00886011 0.0117705 0.0103002 0.0282839 0.0192359 0.0180468 0.0225857 0.572763 0.00394109 0.0037559 0.00378101 0 0.0344109 0.0454894 0.0707529 0.0687541 0.197762 0.0193132 0.0144727 0.0124667 0.0135374 0.0117289 0.0128636 0.0175797 0.0123 0.013229 0.0128539 0.0172338 0.0105293 0.00919881 0.00965034 0.00916638 0.0135909 0.0107462 0.0103711 0.0100338 0.0101031 0.0111407 0.0094146 0.00923602 0.00979047 
0.0166092 0.0189949 0.0188291 0.0142133 0.0125125 0.0209373 0.0110897 0.0117088 0.00974836 0.0109256 0.0453834 0.0298574 0.020508 0.0214363 0.0285653 0.0989093 0.225274 0.0173286 0.0344109 0 0.00382052 0.00377183 0.00384422 0.0040169 0.65047 0.0327296 0.0221858 0.0148592 0.0154538 0.0244239 0.0580357 0.0342421 0.0196985 0.0141483 0.0166581 0.00994227 0.0118782 0.00928876 0.0138261 0.0300974 0.0194577 0.013934 0.0105992 0.0145602 0.0115971 0.0121063 0.010604 0.0164448 
0.0133895 0.0500584 0.035256 0.0351082 0.0220188 0.0117107 0.010438 0.00891692 0.00953528 0.00931552 0.0363931 0.0690558 0.0739928 0.040833 0.016593 0.0685423 0.0660975 0.246606 0.0454894 0.00382052 0 0.0037423 0.00378417 0.00380951 0.0614376 0.67446 0.0425303 0.048736 0.0277058 0.012912 0.0375312 0.110897 0.0627648 0.0280609 0.0125808 0.0102551 0.00980809 0.00903025 0.0102086 0.0165221 0.0654799 0.0297268 0.0222097 0.00993994 0.0123079 0.0202674 0.0182848 0.0104882 
0.0105987 0.0384734 0.0854896 0.0774434 0.0283036 0.0146863 0.00894967 0.00876829 0.00880266 0.00899337 0.0165846 0.0453542 0.140155 0.0723417 0.017812 0.0203945 0.109992 0.0790749 0.0707529 0.00377183 0.0037423 0 0.00371791 0.00373794 0.0371133 0.051024 0.610525 0.0865522 0.0456033 0.0123895 0.0215133 0.0610867 0.152047 0.0378849 0.0195114 0.00918856 0.00965499 0.00877682 0.00937275 0.0136927 0.0468234 0.101656 0.0239254 0.0116814 0.0102264 0.0239318 0.0281442 0.0115729 
0.0106394 0.0308294 0.0361482 0.041727 0.0525279 0.015461 0.00967525 0.0090615 0.00945055 0.0102683 0.0161525 0.0340965 0.0517358 0.144697 0.0302421 0.0193081 0.0512861 0.206291 0.0687541 0.00384422 0.00378417 0.00371791 0 0.00389338 0.0216267 0.111753 0.0630012 0.462516 0.101989 0.0334231 0.016233 0.0417125 0.0548722 0.11017 0.0269495 0.011877 0.0106686 0.00912764 0.0106983 0.0135258 0.0416347 0.0376868 0.0676003 0.0158548 0.0105529 0.0192265 0.0368931 0.0127794 
0.0154557 0.0113971 0.0134001 0.012024 0.0156657 0.0173801 0.0122361 0.00903807 0.0123821 0.0106581 0.02744 0.0131688 0.0152589 0.0258985 0.0515697 0.0694781 0.019205 0.0385831 0.197762 0.0040169 0.00380951 0.00373794 0.00389338 0 0.0383222 0.0221421 0.0614323 0.0507474 0.417469 0.123816 0.0268222 0.014336 0.028512 0.0287046 0.0243979 0.0149673 0.0118198 0.0143557 0.0117764 0.0267408 0.0140834 0.0130656 0.0152562 0.0224134 0.0162337 0.0112201 0.0126327 0.0139892 
0.0093678 0.00902631 0.00937261 0.00916995 0.00959 0.01157 0.00908463 0.00915092 0.00851359 0.00923372 0.0125628 0.0102224 0.0115396 0.0116889 0.0168861 0.024632 0.0124068 0.0138658 0.0193132 0.65047 0.0614376 0.0371133 0.0216267 0.0383222 0 0.00382716 0.00379961 0.00381952 0.00391283 0.00461439 0.0481106 0.0172858 0.0137616 0.012035 0.0279319 0.00988912 0.0144779 0.0129253 0.0125824 0.0282144 0.0136449 0.0115395 0.0110494 0.0154305 0.0118926 0.0102901 0.00991626 0.0165119 
0.00922097 0.0127597 0.0135095 0.0143808 0.0117946 0.00939931 0.00857253 0.00823372 0.00839302 0.0081986 0.0135706 0.0214246 0.023446 0.0220828 0.0124879 0.0217832 0.039736 0.0216137 0.0144727 0.0327296 0.67446 0.051024 0.111753 0.0221421 0.00382716 0 0.00377033 0.00376173 0.00386943 0.00382085 0.0433495 0.0743869 0.0257157 0.0426177 0.0100699 0.010442 0.00912191 0.00955309 0.0116258 0.0161413 0.0450433 0.0246567 0.0246874 0.0104432 0.012199 0.0188612 0.0213278 0.0106725 
0.00876068 0.0119148 0.0228602 0.0222094 0.0121078 0.00910853 0.00838998 0.00827794 0.00822024 0.00825062 0.0102464 0.0190648 0.0479458 0.0270699 0.0136487 0.0144597 0.0295134 0.0247547 0.0124667 0.0221858 0.0425303 0.610525 0.0630012 0.0614323 0.00379961 0.00377033 0 0.00377151 0.00379692 0.00390922 0.102029 0.0291583 0.105312 0.0243592 0.0145374 0.0090868 0.00915374 0.00903938 0.00934762 0.0136589 0.0353716 0.063297 0.0220062 0.0116956 0.0102221 0.0205742 0.0252272 0.0111955 
0.00918509 0.0124881 0.0251737 0.020804 0.0111383 0.0107089 0.00849098 0.00818291 0.00832469 0.00828465 0.0118832 0.018811 0.0362569 0.0300613 0.0126833 0.0154719 0.0242409 0.02651 0.0135374 0.0148592 0.048736 0.0865522 0.462516 0.0507474 0.00381952 0.00376173 0.00377151 0 0.00374534 0.00376025 0.0187185 0.182507 0.0471293 0.047726 0.0159837 0.00969082 0.00912984 0.00930224 0.0107462 0.0129015 0.041711 0.0578145 0.0219906 0.012402 0.0120437 0.0200307 0.0238093 0.0122828 
0.00889541 0.0111093 0.0117265 0.00992324 0.0133937 0.00861929 0.00835038 0.00821216 0.00856543 0.00853228 0.0101651 0.0122321 0.0185039 0.0181813 0.0113413 0.014584 0.0278588 0.0219946 0.0117289 0.0154538 0.0277058 0.0456033 0.101989 0.417469 0.00391283 0.00386943 0.00379692 0.00374534 0 0.00374671 0.0325201 0.0342192 0.329772 0.0604693 0.0234244 0.0105916 0.0126801 0.0146611 0.00937302 0.0206133 0.0247188 0.0192329 0.0385746 0.0121097 0.00963419 0.0172358 0.0267363 0.0110929 
0.0110774 0.00907369 0.00880925 0.00903375 0.00861138 0.0102382 0.0090328 0.00815796 0.00990551 0.00862743 0.0146644 0.0106932 0.00900327 0.0103267 0.0164064 0.0232071 0.0103616 0.0117601 0.0128636 0.0244239 0.012912 0.0123895 0.0334231 0.123816 0.00461439 0.00382085 0.00390922 0.00376025 0.00374671 0 0.0296892 0.0241622 0.0153533 0.188252 0.030619 0.0131184 0.00990121 0.0119604 0.0237271 0.0181644 0.0126799 0.0104841 0.0107838 0.014088 0.0163467 0.0108201 0.00985579 0.0144509 
0.0105355 0.00915502 0.00981496 0.0101067 0.00930335 0.0106504 0.00891841 0.00862723 0.00872289 0.00847092 0.0155465 0.0118957 0.010922 0.0114223 0.0145755 0.023633 0.0139287 0.0113617 0.0175797 0.0580357 0.0375312 0.0215133 0.016233 0.0268222 0.0481106 0.0433495 0.102029 0.0187185 0.0325201 0.0296892 0 0.00540934 0.00374272 0.00385978 0.00413481 0.00432677 0.0057511 0.0103225 0.0208648 0.39343 0.0248893 0.0193816 0.0122311 0.0196848 0.0312385 0.0230879 0.0124015 0.0231931 
0.00918281 0.0112105 0.0121322 0.0127834 0.0106254 0.00928358 0.00865765 0.0081122 0.008538 0.00822768 0.011702 0.0202609 0.0231142 0.0222203 0.0104792 0.0249339 0.027207 0.0212613 0.0123 0.0342421 0.110897 0.0610867 0.0417125 0.014336 0.0172858 0.0743869 0.0291583 0.182507 0.0342192 0.0241622 0.00540934 0 0.00379139 0.0037788 0.00380112 0.0040206 0.00454553 0.00759389 0.0118498 0.0338339 0.487045 0.0213535 0.0332861 0.0109112 0.0253272 0.0424106 0.0362533 0.0123575 
0.00904479 0.0117283 0.0191111 0.0139305 0.0146089 0.00885356 0.00830643 0.00825843 0.00823161 0.00854128 0.0106407 0.016058 0.0546304 0.0217824 0.0129824 0.0140335 0.0474493 0.0208548 0.013229 0.0196985 0.0627648 0.152047 0.0548722 0.028512 0.0137616 0.0257157 0.105312 0.0471293 0.329772 0.0153533 0.00374272 0.00379139 0 0.00378156 0.00371759 0.00378134 0.00600289 0.0082068 0.00757365 0.0367933 0.0424516 0.470871 0.0278059 0.0177135 0.0111325 0.056925 0.0431114 0.015464 
0.0087988 0.010068 0.0103125 0.0115101 0.0100218 0.00931756 0.00834807 0.00831502 0.00840206 0.0083143 0.00987451 0.0142877 0.0116176 0.0329267 0.0112561 0.0139024 0.0162335 0.0470645 0.0128539 0.0141483 0.0280609 0.0378849 0.11017 0.0287046 0.012035 0.0426177 0.0243592 0.047726 0.0604693 0.188252 0.00385978 0.0037788 0.00378156 0 0.00395727 0.00383835 0.0183759 0.00721484 0.0279274 0.0130784 0.0879528 0.0312298 0.355856 0.0205433 0.0132013 0.021836 0.0840591 0.0179097 
0.00889433 0.00838256 0.00904596 0.00888357 0.00896167 0.00888542 0.00808515 0.0079973 0.00809162 0.00812474 0.0102052 0.00866817 0.0115418 0.00933875 0.011735 0.013428 0.0111171 0.0112636 0.0172338 0.0166581 0.0125808 0.0195114 0.0269495 0.0243979 0.0279319 0.0100699 0.0145374 0.0159837 0.0234244 0.030619 0.00413481 0.00380112 0.00371759 0.00395727 0 0.0134408 0.0037405 0.00854681 0.0058394 0.040978 0.0137768 0.0345609 0.0174093 0.107762 0.0135739 0.0108144 0.0137169 0.0187924 
0.00809 0.0081663 0.0082703 0.00822014 0.00823606 0.00825835 0.00792487 0.007991 0.00796639 0.00810852 0.00835895 0.00829601 0.00822271 0.00863005 0.00907384 0.00911146 0.00860383 0.00941731 0.0105293 0.00994227 0.0102551 0.00918856 0.011877 0.0149673 0.00988912 0.010442 0.0090868 0.00969082 0.0105916 0.0131184 0.00432677 0.0040206 0.00378134 0.00383835 0.0134408 0 0.00647865 0.00447861 0.865786 0.0120824 0.0122739 0.00922812 0.0126128 0.0130268 0.0100271 0.0100903 0.00964151 0.0149533 
0.00829592 0.00819192 0.00820569 0.00821247 0.00833402 0.00812344 0.00859609 0.00802483 0.0083855 0.00834038 0.00871289 0.00823854 0.00834046 0.00842667 0.00881734 0.0100177 0.008766 0.00871198 0.00919881 0.0118782 0.00980809 0.00965499 0.0106686 0.0118198 0.0144779 0.00912191 0.00915374 0.00912984 0.0126801 0.00990121 0.0057511 0.00454553 0.00600289 0.0183759 0.0037405 0.00647865 0 0.904238 0.00487914 0.0188853 0.0112881 0.0106548 0.0145944 0.0155584 0.0105774 0.00949015 0.0106767 0.0110004 
0.0084252 0.00829826 0.00817534 0.0080596 0.00833839 0.00847777 0.00847629 0.00859345 0.00853248 0.00911696 0.0085486 0.00814258 0.00864788 0.0084117 0.00941757 0.00917354 0.00850625 0.0089103 0.00965034 0.00928876 0.00903025 0.00877682 0.00912764 0.0143557 0.0129253 0.00955309 0.00903938 0.00930224 0.0146611 0.0119604 0.0103225 0.00759389 0.0082068 0.00721484 0.00854681 0.00447861 0.904238 0 0.00676056 0.0205267 0.0286815 0.0111353 0.0164399 0.0132827 0.0101551 0.00998672 0.0102517 0.0133091 
0.0100484 0.00828981 0.00820318 0.00824969 0.00811564 0.00899147 0.00952082 0.00816261 0.00982654 0.00821298 0.0101929 0.00871091 0.00818091 0.00860645 0.00916549 0.0109738 0.00877259 0.00911096 0.00916638 0.0138261 0.0102086 0.00937275 0.0106983 0.0117764 0.0125824 0.0116258 0.00934762 0.0107462 0.00937302 0.0237271 0.0208648 0.0118498 0.00757365 0.0279274 0.0058394 0.865786 0.00487914 0.00676056 0 0.0316609 0.0208422 0.0135368 0.0170647 0.02557 0.0170072 0.0117167 0.0101847 0.0129517 
0.00926857 0.00878453 0.00894008 0.00872717 0.00895416 0.0100524 0.00883124 0.00869062 0.00872557 0.00906612 0.0105237 0.00901045 0.0109977 0.0117899 0.013167 0.015302 0.0111946 0.0110951 0.0135909 0.0300974 0.0165221 0.0136927 0.0135258 0.0267408 0.0282144 0.0161413 0.0136589 0.0129015 0.0206133 0.0181644 0.39343 0.0338339 0.0367933 0.0130784 0.040978 0.0120824 0.0188853 0.0205267 0.0316609 0 0.00430326 0.0038076 0.0039463 0.00415609 0.0693062 0.0335823 0.0154333 0.0385003 
0.00860285 0.00985684 0.01091 0.0106697 0.00967196 0.00888241 0.00859116 0.00818098 0.00826165 0.00827518 0.00915148 0.012633 0.014668 0.0148713 0.0101872 0.0128011 0.0188516 0.0153884 0.0107462 0.0194577 0.0654799 0.0468234 0.0416347 0.0140834 0.0136449 0.0450433 0.0353716 0.041711 0.0247188 0.0126799 0.0248893 0.487045 0.0424516 0.0879528 0.0137768 0.0122739 0.0112881 0.0286815 0.0208422 0.00430326 0 0.00376322 0.00383101 0.00383437 0.0945066 0.169151 0.0758686 0.0196868 
0.00863831 0.00922807 0.0111468 0.0106159 0.00958756 0.00908107 0.00826954 0.00809812 0.00815461 0.00809547 0.00922939 0.0105205 0.0151144 0.0157722 0.0105075 0.0118102 0.017076 0.0160482 0.0103711 0.013934 0.0297268 0.101656 0.0376868 0.0130656 0.0115395 0.0246567 0.063297 0.0578145 0.0192329 0.0104841 0.0193816 0.0213535 0.470871 0.0312298 0.0345609 0.00922812 0.0106548 0.0111353 0.0135368 0.0038076 0.00376322 0 0.00373898 0.00374193 0.0998246 0.121994 0.0985827 0.0208179 
0.00843098 0.0092624 0.00951622 0.00921478 0.00890694 0.00831452 0.00829411 0.00807403 0.0081261 0.00814738 0.00885456 0.00927195 0.0103711 0.0109276 0.00911302 0.0111217 0.0123881 0.014064 0.0100338 0.0105992 0.0222097 0.0239254 0.0676003 0.0152562 0.0110494 0.0246874 0.0220062 0.0219906 0.0385746 0.0107838 0.0122311 0.0332861 0.0278059 0.355856 0.0174093 0.0126128 0.0145944 0.0164399 0.0170647 0.0039463 0.00383101 0.00373898 0 0.00378852 0.0172353 0.289304 0.23918 0.0526908 
0.00828553 0.00833685 0.00857255 0.00844866 0.00824714 0.00857898 0.00821457 0.00805639 0.00815553 0.00814422 0.00923356 0.00851538 0.00871086 0.00866348 0.0102958 0.0130724 0.00893593 0.0097253 0.0101031 0.0145602 0.00993994 0.0116814 0.0158548 0.0224134 0.0154305 0.0104432 0.0116956 0.012402 0.0121097 0.014088 0.0196848 0.0109112 0.0177135 0.0205433 0.107762 0.0130268 0.0155584 0.0132827 0.02557 0.00415609 0.00383437 0.00374193 0.00378852 0 0.0224858 0.032703 0.239878 0.168625 
0.00852221 0.00838846 0.00844648 0.00848652 0.00829449 0.00852589 0.0081541 0.00808383 0.00806834 0.00810649 0.00882553 0.00860451 0.00893799 0.00941811 0.00934447 0.0101256 0.00883791 0.00922973 0.0111407 0.0115971 0.0123079 0.0102264 0.0105529 0.0162337 0.0118926 0.012199 0.0102221 0.0120437 0.00963419 0.0163467 0.0312385 0.0253272 0.0111325 0.0132013 0.0135739 0.0100271 0.0105774 0.0101551 0.0170072 0.0693062 0.0945066 0.0998246 0.0172353 0.0224858 0 0.00412819 0.00382396 0.00858172 
0.00825782 0.00885284 0.00877738 0.00864604 0.00859844 0.00852179 0.00814705 0.00809851 0.00803866 0.007995 0.00873392 0.00898535 0.0101496 0.00955246 0.00898902 0.00968488 0.00993498 0.0109461 0.0094146 0.0121063 0.0202674 0.0239318 0.0192265 0.0112201 0.0102901 0.0188612 0.0205742 0.0200307 0.0172358 0.0108201 0.0230879 0.0424106 0.056925 0.021836 0.0108144 0.0100903 0.00949015 0.00998672 0.0117167 0.0335823 0.169151 0.121994 0.289304 0.032703 0.00412819 0 0.00479181 0.003772 
0.00833604 0.00903195 0.00982369 0.00960339 0.00932866 0.00830468 0.00814609 0.00814508 0.00806848 0.00811005 0.00893966 0.00988886 0.0109179 0.0115291 0.00901373 0.0105011 0.0135746 0.0125192 0.00923602 0.010604 0.0182848 0.0281442 0.0368931 0.0126327 0.00991626 0.0213278 0.0252272 0.0238093 0.0267363 0.00985579 0.0124015 0.0362533 0.0431114 0.0840591 0.0137169 0.00964151 0.0106767 0.0102517 0.0101847 0.0154333 0.0758686 0.0985827 0.23918 0.239878 0.00382396 0.00479181 0 0.00394366 
0.00880711 0.00876499 0.00889242 0.0088365 0.00850744 0.00867925 0.00840522 0.00817903 0.00841007 0.00832262 0.00967594 0.00896896 0.00902771 0.00917944 0.0104903 0.0129704 0.00970202 0.0096869 0.00979047 0.0164448 0.0104882 0.0115729 0.0127794 0.0139892 0.0165119 0.0106725 0.0111955 0.0122828 0.0110929 0.0144509 0.0231931 0.0123575 0.015464 0.0179097 0.0187924 0.0149533 0.0110004 0.0133091 0.0129517 0.0385003 0.0196868 0.0208179 0.0526908 0.168625 0.00858172 0.003772 0.00394366 0 
