1JDIA
MLEDLKRQVLEANLALPKHNLVTLTWGNVSAVDRERGVFVIKPSGVDYSIMTADDMVVVSIETGEVVEGAKKPSSDTPTHRLLYQAFPSIGGIVHTHSRHATIWAQAGQSIPATGTTHADYFYGTIPCTRKMTDAEINGEYEWETGNVIVETFEKQGIDAAQMPGVLVHSHGPFAWGKNAEDAVHNAIVLEEVAYMGIFCRQLAPQLPDMQQTLLNKHYLRKH
CCHHHHHHHHHHHHHHHHCCCCCCCCCEEEEEECCCCEEEECECCCCCCCCCHHHCEEEECCCCCEEECCCCECCCHHHHHHHHHHCCCCCEEEECCCHHHHHHHHHCCCECCCCHHHHCCCCCCECECCCCCHHHHHCCHHHHHHHHHHHHHHHCCCCCCCCCEEEECCCEEEEEECCHHHHHHHHHHHHHHHHHHHHHHHHCCCCCCCCHHHHHHHHHHCC
0 0 0 0 0 0 0 0 0 0 0 0 0 0 0 0 0 0 0 0 0 0 0 0 0 0 0 0 0 0 0 0 0 0 0 0 0 0 0 0 0 0 0 0 0 0 0 0 0 0 0 0 0 0 0 0 0 0 0 0 0 0 0 0 0 0 0 0 0 0 0 0 0 0 0 0 0 0 0 0 0 0 0 0 0 0 0 0 0 0 0 0 0 0 0 0 0 0 0 0 0 0 0 0 0 0 0 0 0 0 0 0 0 0 0 0 0 0 0 0 0 0 0 0 0 0 0 0 0 0 0 0 0 0 0 0 0 0 0 0 0 0 0 0 0 0 0 0 0 0 0 0 0 0 0 0 0 0 0 0 0 0 0 0 0 0 0 0 0 0 0 0 0 0 0 0 0 0 0 0 0 0 0 0 0 0 0 0 0 0 0 0 0 0 0 0 0 0 0 0 0 0 0 0 0 0 0 0 0 0 0 0 0 0 0 0 0 0 0 0 0 0 0 
0 0 0 0 0 0 0 0 0 0 0 0 0 0 0 0 0 0 0 0 0 0 0 0 0 0 0 0 0 0 0 0 0 0 0 0 0 0 0 0 0 0 0 0 0 0 0 0 0 0 0 0 0 0 0 0 0 0 0 0 0 0 0 0 0 0 0 0 0 0 0 0 0 0 0 0 0 0 0 0 0 0 0 0 0 0 0 0 0 0 0 0 0 0 0 0 0 0 0 0 0 0 0 0 0 0 0 0 0 0 0 0 0 0 0 0 0 0 0 0 0 0 0 0 0 0 0 0 0 0 0 0 0 0 0 0 0 0 0 0 0 0 0 0 0 0 0 0 0 0 0 0 0 0 0 0 0 0 0 0 0 0 0 0 0 0 0 0 0 0 0 0 0 0 0 0 0 0 0 0 0 0 0 0 0 0 0 0 0 0 0 0 0 0 0 0 0 0 0 0 0 0 0 0 0 0 0 0 0 0 0 0 0 0 0 0 0 0 0 0 0 0 0 
0 0.0037829 0.00375291 0.00371877 0.00385375 0.0048376 0.00617338 0.0074231 0.00873849 0.0154545 0.0195878 0.0274274 0.0147754 0.0109366 0.0334845 0.0100666 0.00864941 0.0159332 0.0118377 0.0114902 0.00946373 0.00961982 0.0145314 0.00906238 0.00871051 0.0109632 0.00858308 0.0085204 0.00829294 0.00866337 0.00810315 0.00803646 0.00824856 0.00821326 0.00823945 0.00836769 
0.0037829 0 0.00378939 0.00376131 0.0038442 0.00378514 0.00556231 0.00845711 0.0150934 0.0265272 0.050029 0.0133114 0.029937 0.0487145 0.0108506 0.00952932 0.0109045 0.00926186 0.00969565 0.0120539 0.0181024 0.0178753 0.0109713 0.00843281 0.00832498 0.00861026 0.00862632 0.0094399 0.0091552 0.00854981 0.00810442 0.00842537 0.00881432 0.00910061 0.00867578 0.00819693 
0.00375291 0.00378939 0 0.00371676 0.00374367 0.0037239 0.00544461 0.0173603 0.0186582 0.820081 0.00649733 0.0143472 0.0422671 0.019198 0.0210657 0.00958442 0.00878691 0.0107796 0.00860853 0.0139831 0.0253592 0.016933 0.0120078 0.00823689 0.00833233 0.00843974 0.00905548 0.0099452 0.00969167 0.00861154 0.00816856 0.008586 0.00964742 0.010662 0.00887797 0.00835628 
0.00371877 0.00376131 0.00371676 0 0.00370585 0.00370618 0.00671059 0.0179419 0.941028 0.0190468 0.00686629 0.0175158 0.0216821 0.0320427 0.0131025 0.00947586 0.00940479 0.00935184 0.00866477 0.0135422 0.0246845 0.0219575 0.0108646 0.00823517 0.00842682 0.00835714 0.00892742 0.00994504 0.0103119 0.00860656 0.00818445 0.00893117 0.0098605 0.0102216 0.0088821 0.00832689 
0.00385375 0.0038442 0.00374367 0.00370585 0 0.00392222 0.0126924 0.973358 0.0144296 0.00701722 0.00621329 0.0120476 0.0216612 0.0200622 0.0171587 0.00998226 0.0105652 0.00901736 0.00936251 0.0117008 0.0146117 0.0173034 0.0104838 0.00835047 0.00853163 0.0089404 0.00841601 0.00889334 0.00888403 0.00841377 0.00823384 0.00838371 0.00855279 0.00861691 0.00854322 0.00814114 
0.0048376 0.00378514 0.0037239 0.00370618 0.00392222 0 0.965738 0.0133021 0.0051977 0.00501322 0.00569418 0.017504 0.00931915 0.0106592 0.0112983 0.0138947 0.00846084 0.00951414 0.0113298 0.0135488 0.00957734 0.00907942 0.0105467 0.00886593 0.0088313 0.00978168 0.00871305 0.00841921 0.00825453 0.00836349 0.00856737 0.00812079 0.00824499 0.00812161 0.00817661 0.00797046 
0.00617338 0.00556231 0.00544461 0.00671059 0.0126924 0.965738 0 0.00381954 0.00377251 0.00388754 0.00507042 0.0251104 0.0161166 0.0166936 0.255739 0.0124761 0.00944966 0.0169654 0.0157112 0.0265266 0.010501 0.0106525 0.0194888 0.0102213 0.0095715 0.0113439 0.00972618 0.00856769 0.0091266 0.0100985 0.00821094 0.00808495 0.00836753 0.00848505 0.00836263 0.00873353 
0.0074231 0.00845711 0.0173603 0.0179419 0.973358 0.0133021 0.00381954 0 0.00383934 0.00371742 0.00396222 0.0219704 0.0860238 0.421942 0.0152894 0.0138793 0.0131314 0.0116459 0.0104108 0.0174203 0.0619247 0.0282735 0.0117029 0.00873982 0.00866342 0.0091248 0.0108695 0.0123165 0.0109407 0.00930995 0.00825228 0.0090405 0.00988598 0.0103216 0.00931842 0.00857068 
0.00873849 0.0150934 0.0186582 0.941028 0.0144296 0.0051977 0.00377251 0.00383934 0 0.00372163 0.00396844 0.0210619 0.408784 0.0709701 0.0343529 0.011306 0.0213085 0.0118078 0.00989841 0.0164954 0.0404428 0.0806715 0.0226467 0.0090909 0.00932882 0.0104758 0.0103285 0.0138983 0.0136013 0.00928651 0.00878387 0.00954857 0.0103691 0.0120826 0.00996878 0.00858341 
0.0154545 0.0265272 0.820081 0.0190468 0.00701722 0.00501322 0.00388754 0.00371742 0.00372163 0 0.00387561 0.224942 0.0182513 0.063505 0.0294713 0.0182768 0.00945116 0.0160371 0.0118411 0.0312705 0.016828 0.0177884 0.0194347 0.0104544 0.0114545 0.0116238 0.0133561 0.0106897 0.0102638 0.0102424 0.0101426 0.00897295 0.0108012 0.0104517 0.00934465 0.00865715 
0.0195878 0.050029 0.00649733 0.00686629 0.00621329 0.00569418 0.00507042 0.00396222 0.00396844 0.00387561 0 0.0213913 0.0117339 0.0222292 0.0331273 0.0134351 0.0105492 0.0103951 0.0881247 0.0146766 0.00982652 0.00920424 0.0109288 0.0170581 0.0132681 0.0159561 0.0101325 0.0081555 0.00804628 0.00858876 0.00904101 0.00801738 0.00799449 0.00796651 0.00818645 0.00829987 
0.0274274 0.0133114 0.0143472 0.0175158 0.0120476 0.017504 0.0251104 0.0219704 0.0210619 0.224942 0.0213913 0 0.00409716 0.00377697 0.00408148 0.006424 0.00789218 0.263305 0.0301837 0.0875253 0.0172658 0.0169571 0.0485635 0.0142259 0.0162193 0.0144675 0.0164397 0.0107535 0.0139058 0.0142645 0.00939884 0.00864612 0.00953386 0.0095513 0.00931747 0.0108434 
0.0147754 0.029937 0.0422671 0.0216821 0.0216612 0.00931915 0.0161166 0.0860238 0.408784 0.0182513 0.0117339 0.00409716 0 0.00380609 0.00377121 0.0151131 0.269869 0.213819 0.00969688 0.0297437 0.13851 0.0565798 0.0146708 0.00976318 0.00989019 0.00974992 0.0120744 0.0218116 0.0168787 0.00946716 0.00852934 0.0106053 0.01127 0.0139696 0.0110883 0.00858705 
0.0109366 0.0487145 0.019198 0.0320427 0.0200622 0.0106592 0.0166936 0.421942 0.0709701 0.063505 0.0222292 0.00377697 0.00380609 0 0.00379074 0.67632 0.0436956 0.0122565 0.00892959 0.0257644 0.0656687 0.170373 0.0237596 0.0109359 0.0113003 0.0113623 0.0126597 0.0190816 0.0215948 0.010454 0.00903892 0.00987019 0.0122132 0.0138313 0.0113225 0.00903992 
0.0334845 0.0108506 0.0210657 0.0131025 0.0171587 0.0112983 0.255739 0.0152894 0.0343529 0.0294713 0.0331273 0.00408148 0.00377121 0.00379074 0 0.0479157 0.00605378 0.00863694 0.0109787 0.0339099 0.0152399 0.0261356 0.0940228 0.0134403 0.0130571 0.0162245 0.0143145 0.0100628 0.0099358 0.0112759 0.0103347 0.00892248 0.00923417 0.00921168 0.00903733 0.00897775 
0.0100666 0.00952932 0.00958442 0.00947586 0.00998226 0.0138947 0.0124761 0.0138793 0.011306 0.0182768 0.0134351 0.006424 0.0151131 0.67632 0.0479157 0 0.00467442 0.00411647 0.00973084 0.0311603 0.0146238 0.0114178 0.0190303 0.0115853 0.0108862 0.0109233 0.00917613 0.00836539 0.00850075 0.00978316 0.00817817 0.00797951 0.00833847 0.00821368 0.00821963 0.00862706 
0.00864941 0.0109045 0.00878691 0.00940479 0.0105652 0.00846084 0.00944966 0.0131314 0.0213085 0.00945116 0.0105492 0.00789218 0.269869 0.0436956 0.00605378 0.00467442 0 0.00397851 0.00538676 0.0117936 0.0228434 0.0233339 0.00893426 0.00896779 0.00848239 0.00840106 0.00827098 0.00855341 0.00845594 0.00828074 0.00802642 0.00811939 0.00820886 0.00821492 0.00835397 0.00804818 
0.0159332 0.00926186 0.0107796 0.00935184 0.00901736 0.00951414 0.0169654 0.0116459 0.0118078 0.0160371 0.0103951 0.263305 0.213819 0.0122565 0.00863694 0.00411647 0.00397851 0 0.0789047 0.0189878 0.0115472 0.0161389 0.0334047 0.0117789 0.0114322 0.0116765 0.0105512 0.00853697 0.0083802 0.00897102 0.00903698 0.00812145 0.0082232 0.00817448 0.00813823 0.0082832 
0.0118377 0.00969565 0.00860853 0.00866477 0.00936251 0.0113298 0.0157112 0.0104108 0.00989841 0.0118411 0.0881247 0.0301837 0.00969688 0.00892959 0.0109787 0.00973084 0.00538676 0.0789047 0 0.0186078 0.0112113 0.0119981 0.0280923 0.0433738 0.0182999 0.0309239 0.0109597 0.00830368 0.00820544 0.00983981 0.00939179 0.00796715 0.00812801 0.00794526 0.00805325 0.00930611 
0.0114902 0.0120539 0.0139831 0.0135422 0.0117008 0.0135488 0.0265266 0.0174203 0.0164954 0.0312705 0.0146766 0.0875253 0.0297437 0.0257644 0.0339099 0.0311603 0.0117936 0.0189878 0.0186078 0 0.00385089 0.00380926 0.00426377 0.0290118 0.0315616 0.0204616 0.0314128 0.0176472 0.0128867 0.02003 0.0100536 0.0098061 0.0113587 0.0107825 0.0102738 0.013566 
0.00946373 0.0181024 0.0253592 0.0246845 0.0146117 0.00957734 0.010501 0.0619247 0.0404428 0.016828 0.00982652 0.0172658 0.13851 0.0656687 0.0152399 0.0146238 0.0228434 0.0115472 0.0112113 0.00385089 0 0.00390015 0.00374685 0.0141519 0.0139073 0.0122887 0.0180751 0.0455386 0.0256448 0.0110818 0.00924427 0.0126756 0.0148748 0.0207994 0.0157418 0.00917337 
0.00961982 0.0178753 0.016933 0.0219575 0.0173034 0.00907942 0.0106525 0.0282735 0.0806715 0.0177884 0.00920424 0.0169571 0.0565798 0.170373 0.0261356 0.0114178 0.0233339 0.0161389 0.0119981 0.00380926 0.00390015 0 0.00374935 0.0125159 0.0128215 0.0151938 0.0127611 0.0294919 0.056189 0.0131237 0.00932287 0.0113854 0.0180391 0.022576 0.0191944 0.00917936 
0.0145314 0.0109713 0.0120078 0.0108646 0.0104838 0.0105467 0.0194888 0.0117029 0.0226467 0.0194347 0.0109288 0.0485635 0.0146708 0.0237596 0.0940228 0.0190303 0.00893426 0.0334047 0.0280923 0.00426377 0.00374685 0.00374935 0 0.0192981 0.0175095 0.0367521 0.0212934 0.0133464 0.014641 0.0197881 0.0118251 0.00986023 0.010949 0.0116155 0.0110539 0.0110636 
0.00906238 0.00843281 0.00823689 0.00823517 0.00835047 0.00886593 0.0102213 0.00873982 0.0090909 0.0104544 0.0170581 0.0142259 0.00976318 0.0109359 0.0134403 0.0115853 0.00896779 0.0117789 0.0433738 0.0290118 0.0141519 0.0125159 0.0192981 0 0.396534 0.0544678 0.0163563 0.00964594 0.00934377 0.0141653 0.0100781 0.00863681 0.00857171 0.00839188 0.00862276 0.00971875 
0.00871051 0.00832498 0.00833233 0.00842682 0.00853163 0.0088313 0.0095715 0.00866342 0.00932882 0.0114545 0.0132681 0.0162193 0.00989019 0.0113003 0.0130571 0.0108862 0.00848239 0.0114322 0.0182999 0.0315616 0.0139073 0.0128215 0.0175095 0.396534 0 0.0111839 0.0404208 0.0155794 0.0120282 0.0169567 0.0116988 0.00922648 0.00925379 0.00904639 0.00950637 0.0128238 
0.0109632 0.00861026 0.00843974 0.00835714 0.0089404 0.00978168 0.0113439 0.0091248 0.0104758 0.0116238 0.0159561 0.0144675 0.00974992 0.0113623 0.0162245 0.0109233 0.00840106 0.0116765 0.0309239 0.0204616 0.0122887 0.0151938 0.0367521 0.0544678 0.0111839 0 0.0195872 0.0151132 0.0675463 0.105975 0.0163036 0.0100918 0.0106259 0.0111523 0.019912 0.0164878 
0.00858308 0.00862632 0.00905548 0.00892742 0.00841601 0.00871305 0.00972618 0.0108695 0.0103285 0.0133561 0.0101325 0.0164397 0.0120744 0.0126597 0.0143145 0.00917613 0.00827098 0.0105512 0.0109597 0.0314128 0.0180751 0.0127611 0.0212934 0.0163563 0.0404208 0.0195872 0 0.00382906 0.00381561 0.00401986 0.00522337 0.00510522 0.00914598 0.814426 0.0396264 0.0287933 
0.0085204 0.0094399 0.0099452 0.00994504 0.00889334 0.00841921 0.00856769 0.0123165 0.0138983 0.0106897 0.0081555 0.0107535 0.0218116 0.0190816 0.0100628 0.00836539 0.00855341 0.00853697 0.00830368 0.0176472 0.0455386 0.0294919 0.0133464 0.00964594 0.0155794 0.0151132 0.00382906 0 0.00378526 0.00379402 0.00507978 0.0137369 0.860392 0.0310627 0.0239667 0.0079416 
0.00829294 0.0091552 0.00969167 0.0103119 0.00888403 0.00825453 0.0091266 0.0109407 0.0136013 0.0102638 0.00804628 0.0139058 0.0168787 0.0215948 0.0099358 0.00850075 0.00845594 0.0083802 0.00820544 0.0128867 0.0256448 0.056189 0.014641 0.00934377 0.0120282 0.0675463 0.00381561 0.00378526 0 0.0037912 0.00650108 0.949386 0.0177291 0.0258905 0.00887865 0.00751291 
0.00866337 0.00854981 0.00861154 0.00860656 0.00841377 0.00836349 0.0100985 0.00930995 0.00928651 0.0102424 0.00858876 0.0142645 0.00946716 0.010454 0.0112759 0.00978316 0.00828074 0.00897102 0.00983981 0.02003 0.0110818 0.0131237 0.0197881 0.0141653 0.0169567 0.105975 0.00401986 0.00379402 0.0037912 0 0.919222 0.00652164 0.00779592 0.00496581 0.00557535 0.00861787 
0.00810315 0.00810442 0.00816856 0.00818445 0.00823384 0.00856737 0.00821094 0.00825228 0.00878387 0.0101426 0.00904101 0.00939884 0.00852934 0.00903892 0.0103347 0.00817817 0.00802642 0.00903698 0.00939179 0.0100536 0.00924427 0.00932287 0.0118251 0.0100781 0.0116988 0.0163036 0.00522337 0.00507978 0.00650108 0.919222 0 0.00381973 0.00377495 0.00374976 0.00374846 0.00452783 
0.00803646 0.00842537 0.008586 0.00893117 0.00838371 0.00812079 0.00808495 0.0090405 0.00954857 0.00897295 0.00801738 0.00864612 0.0106053 0.00987019 0.00892248 0.00797951 0.00811939 0.00812145 0.00796715 0.0098061 0.0126756 0.0113854 0.00986023 0.00863681 0.00922648 0.0100918 0.00510522 0.0137369 0.949386 0.00652164 0.00381973 0 0.00371155 0.00374083 0.00374824 0.00379544 
0.00824856 0.00881432 0.00964742 0.0098605 0.00855279 0.00824499 0.00836753 0.00988598 0.0103691 0.0108012 0.00799449 0.00953386 0.01127 0.0122132 0.00923417 0.00833847 0.00820886 0.0082232 0.00812801 0.0113587 0.0148748 0.0180391 0.010949 0.00857171 0.00925379 0.0106259 0.00914598 0.860392 0.0177291 0.00779592 0.00377495 0.00371155 0 0.00372524 0.00372107 0.00374127 
0.00821326 0.00910061 0.010662 0.0102216 0.00861691 0.00812161 0.00848505 0.0103216 0.0120826 0.0104517 0.00796651 0.0095513 0.0139696 0.0138313 0.00921168 0.00821368 0.00821492 0.00817448 0.00794526 0.0107825 0.0207994 0.022576 0.0116155 0.00839188 0.00904639 0.0111523 0.814426 0.0310627 0.0258905 0.00496581 0.00374976 0.00374083 0.00372524 0 0.00370835 0.00370278 
0.00823945 0.00867578 0.00887797 0.0088821 0.00854322 0.00817661 0.00836263 0.00931842 0.00996878 0.00934465 0.00818645 0.00931747 0.0110883 0.0113225 0.00903733 0.00821963 0.00835397 0.00813823 0.00805325 0.0102738 0.0157418 0.0191944 0.0110539 0.00862276 0.00950637 0.019912 0.0396264 0.0239667 0.00887865 0.00557535 0.00374846 0.00374824 0.00372107 0.00370835 0 0.00373378 
0.00836769 0.00819693 0.00835628 0.00832689 0.00814114 0.00797046 0.00873353 0.00857068 0.00858341 0.00865715 0.00829987 0.0108434 0.00858705 0.00903992 0.00897775 0.00862706 0.00804818 0.0082832 0.00930611 0.013566 0.00917337 0.00917936 0.0110636 0.00971875 0.0128238 0.0164878 0.0287933 0.0079416 0.00751291 0.00861787 0.00452783 0.00379544 0.00374127 0.00370278 0.00373378 0 
