1JKGA
ASVDFKTYVDQACRAAEEFVNVYYTTMDKRRRLLSRLYMGTATLVWNGNAVSGQESLSEFFEMLPSSEFQISVVDCQPVHDEATPSQTTVLVVICGSVKFEGNKQRDFNQNFILTAQASPSNTVWKIASDCFRFQDWAS
CCCCHHHHHHHHHHHHHHHHHHHHHHHHHCHHHHHHHEEEEEEEEECCEEEECHHHHHHHHHHCCCEEEEEEEEEEEECCCCCCCCCCEEEEEEEEEEEECCCCCEEEEEEEEEEEECCCCCCEEEEEEEEEEECCCCC
0 0 0 0 0 0 0 0 0 0 0 0 0 0 0 0 0 0 0 0 0 0 0 0 0 0 0 0 0 0 0 0 0 0 0 0 0 0 0 0 0 0 0 0 0 0 0 0 0 0 0 0 0 0 0 0 0 0 0 0 0 0 0 0 0 0 0 0 0 0 0 0 0 0 0 0 0 0 0 0 0 0 0 0 0 0 0 0 0 0 0 0 0 0 0 0 0 0 0 0 0 0 0 0 0 0 0 0 0 0 0 0 0 0 0 0 0 0 0 0 0 0 0 0 0 0 0 0 0 0 0 0 0 0 0 0 0 0 0 
0 0 0 0 0 0 0 0 0 0 0 0 0 0 0 0 0 0 0 0 0 0 0 0 0 0 0 0 0 0 0 0 0 0 0 0 0 0 0 0 0 0 0 0 0 0 0 0 0 0 0 0 0 0 0 0 0 0 0 0 0 0 0 0 0 0 0 0 0 0 0 0 0 0 0 0 0 0 0 0 0 0 0 0 0 0 0 0 0 0 0 0 0 0 0 0 0 0 0 0 0 0 0 0 0 0 0 0 0 0 0 0 0 0 0 0 0 0 0 0 0 0 0 0 0 0 0 0 0 0 0 0 0 0 0 0 0 0 0 
0 0.00373986 0.00373678 0.0037616 0.00386814 0.0038539 0.003819 0.0039043 0.0150599 0.00500426 0.00530737 0.00800989 0.0111489 0.0108956 0.00902339 0.0110177 0.00893204 0.0110464 0.0100061 0.0109797 0.00972109 0.0102142 0.0102614 0.0118875 0.0217465 0.0111717 0.0112271 0.0107263 0.0120795 0.0116375 0.0108109 0.0101149 0.00959972 0.0099496 0.00933874 0.010226 0.0197067 0.00890895 0.00844553 0.00880278 0.00858329 0.00921687 0.00901693 0.011034 0.0093248 0.00941047 0.00898229 0.00912104 0.0111394 0.00813349 0.00861643 0.00841682 0.00899358 0.00833636 0.00860014 0.00839056 0.0108511 0.00891645 0.00926401 0.0118775 
0.00373986 0 0.00387361 0.00376764 0.00382652 0.00376605 0.00384609 0.00427023 0.00411916 0.00468759 0.00579433 0.00693484 0.0083658 0.00871689 0.0125499 0.00863912 0.0167605 0.00900301 0.0103566 0.00986011 0.0110968 0.00966568 0.0101917 0.0110904 0.00971921 0.00922329 0.0134819 0.0116989 0.0124071 0.0138249 0.0108321 0.00979226 0.0101018 0.00946001 0.00878886 0.0093896 0.00924116 0.00834271 0.00850206 0.00853446 0.00936916 0.00896673 0.0098445 0.00934699 0.0115306 0.00921368 0.00888182 0.00862885 0.00840971 0.00807552 0.00823186 0.00875719 0.00843765 0.00864388 0.00848472 0.0139986 0.00867046 0.00958396 0.00942971 0.00864491 
0.00373678 0.00387361 0 0.00376249 0.00383808 0.00382694 0.00374227 0.00386307 0.00377238 0.00491472 0.006476 0.00878031 0.00525516 0.00900232 0.00837574 0.0183405 0.00858976 0.0140666 0.009448 0.0167834 0.0114449 0.0101419 0.0142783 0.00906216 0.00887957 0.0090166 0.0119111 0.0146619 0.0216333 0.0151447 0.0175736 0.0119027 0.0127116 0.0107676 0.0120887 0.00877477 0.00890985 0.00835236 0.00838013 0.0100245 0.00894636 0.0113208 0.0097244 0.0136561 0.0116219 0.0114075 0.00935573 0.00833152 0.00814498 0.00797827 0.00859345 0.0090484 0.0104369 0.00848137 0.0128623 0.00885416 0.0107994 0.0119189 0.00877856 0.00850098 
0.0037616 0.00376764 0.00376249 0 0.00374482 0.00379083 0.00374692 0.00370648 0.00372134 0.00527815 0.00896815 0.00508193 0.00554021 0.0082509 0.0189426 0.00824951 0.0176185 0.00842743 0.017918 0.0103555 0.0108499 0.0136472 0.00937136 0.0106386 0.00848744 0.00950488 0.0112893 0.0147465 0.0128055 0.0179051 0.0121981 0.0122763 0.0106842 0.0229053 0.00862496 0.0128839 0.00817934 0.00813075 0.0091347 0.00853109 0.0110593 0.00875035 0.0110604 0.00926127 0.0141732 0.00958205 0.00920169 0.00828997 0.0080742 0.00842649 0.0080651 0.0123736 0.00816863 0.010535 0.00842522 0.00964473 0.00931681 0.0092038 0.00997464 0.00833285 
0.00386814 0.00382652 0.00383808 0.00374482 0 0.00381696 0.00373511 0.00372017 0.00382095 0.00479699 0.00461815 0.0074939 0.00588153 0.0201704 0.00806563 0.0202408 0.00837537 0.0406605 0.00924962 0.0154691 0.0156279 0.00973095 0.0174906 0.00890136 0.0096971 0.0104636 0.0147115 0.014603 0.032289 0.0173473 0.0221568 0.0121495 0.0196949 0.00913471 0.0193967 0.00855866 0.0116729 0.00914566 0.0083527 0.0139167 0.00898489 0.0140825 0.00923256 0.0149948 0.0124921 0.014509 0.00929496 0.0084973 0.00839309 0.00802744 0.010934 0.00834503 0.0194658 0.00844937 0.0111531 0.00940521 0.0110546 0.0123621 0.00868943 0.00916824 
0.0038539 0.00376605 0.00382694 0.00379083 0.00381696 0 0.00371876 0.00375546 0.0037325 0.00411202 0.00635531 0.00529795 0.861783 0.00824801 0.0153999 0.00850332 0.0398816 0.0093696 0.0345103 0.0157347 0.0131076 0.0339927 0.010469 0.0124278 0.00909064 0.0112323 0.0152844 0.0411736 0.0323252 0.0455058 0.0214196 0.0293916 0.0119025 0.0309376 0.00884646 0.0239716 0.00857879 0.00835908 0.0136366 0.00909273 0.023242 0.0101324 0.0224904 0.013255 0.0370036 0.0130506 0.0119288 0.00883585 0.00845065 0.00929753 0.00825162 0.0317381 0.00873652 0.0198574 0.0103407 0.0143137 0.0139894 0.013849 0.0151154 0.00869162 
0.003819 0.00384609 0.00374227 0.00374692 0.00373511 0.00371876 0 0.00369237 0.00370746 0.00405181 0.00472696 0.904649 0.00445755 0.0110118 0.00824946 0.0312329 0.00876692 0.0469122 0.0106502 0.0357334 0.026036 0.0122896 0.0344026 0.0106252 0.00970606 0.0104878 0.028614 0.039712 0.066668 0.047974 0.0622757 0.0199252 0.0424247 0.010628 0.0361373 0.00895387 0.0108916 0.00919526 0.0088562 0.0274462 0.01104 0.0267694 0.0134256 0.0349714 0.0220283 0.0243607 0.0119937 0.00938998 0.00848444 0.00810584 0.0156877 0.00901662 0.028692 0.0101409 0.0166241 0.0143324 0.0175977 0.0275039 0.012209 0.00997315 
0.0039043 0.00427023 0.00386307 0.00370648 0.00372017 0.00375546 0.00369237 0 0.00381767 0.00406074 0.973262 0.00468662 0.00480857 0.00887435 0.0205062 0.00859766 0.019594 0.0105322 0.0200753 0.0154303 0.0147511 0.0187424 0.0112169 0.0283643 0.00978103 0.0107712 0.0195414 0.0297927 0.0300008 0.0415056 0.0228585 0.0276265 0.0122775 0.0240642 0.00961894 0.0200771 0.00877169 0.00855303 0.0136067 0.0098838 0.0171125 0.0110946 0.0194228 0.0145972 0.0261063 0.0136535 0.0115695 0.00951903 0.00844223 0.00860626 0.00883323 0.0153593 0.00941798 0.0123608 0.0102501 0.0116621 0.0148082 0.0140913 0.0194796 0.00930013 
0.0150599 0.00411916 0.00377238 0.00372134 0.00382095 0.0037325 0.00370746 0.00381767 0 0.978403 0.00442499 0.00590843 0.00430396 0.0176716 0.0084214 0.0119563 0.00900071 0.0135946 0.0098241 0.0131774 0.0110834 0.0114961 0.0118597 0.0110916 0.0146511 0.0165162 0.0152314 0.0141089 0.0205213 0.0153759 0.0173895 0.0129396 0.0147329 0.00968883 0.0101391 0.00902874 0.0134307 0.0121747 0.00859018 0.0104154 0.00980636 0.0112016 0.0102369 0.010611 0.0133239 0.0111368 0.00921007 0.00867742 0.00867289 0.00888265 0.00936142 0.00867872 0.00931027 0.00895028 0.00932834 0.00951439 0.0101728 0.0108833 0.0110046 0.012325 
0.00500426 0.00468759 0.00491472 0.00527815 0.00479699 0.00411202 0.00405181 0.00406074 0.978403 0 0.00380084 0.0038041 0.00452175 0.0113044 0.00829288 0.0115134 0.00973896 0.0107081 0.0097029 0.0100849 0.00983544 0.00857682 0.0099531 0.00956565 0.0196894 0.013546 0.0126046 0.0105241 0.0124286 0.0110362 0.0103777 0.0096009 0.00956469 0.00904032 0.00909802 0.00928734 0.020476 0.00931055 0.00848055 0.00889515 0.00873287 0.00937998 0.00877513 0.00983514 0.00970238 0.00930275 0.00865512 0.00890598 0.0116773 0.0082165 0.00847103 0.00828991 0.00880166 0.00822139 0.00874131 0.00830064 0.00915798 0.00920635 0.00956532 0.0131525 
0.00530737 0.00579433 0.006476 0.00896815 0.00461815 0.00635531 0.00472696 0.973262 0.00442499 0.00380084 0 0.00377872 0.00377254 0.00843267 0.0239894 0.00831882 0.0248133 0.00873951 0.013334 0.011317 0.0103876 0.0120314 0.00938879 0.0156407 0.00887318 0.0107127 0.0141562 0.0209013 0.0133124 0.0185294 0.0115878 0.0124718 0.00947805 0.0120871 0.00870611 0.0145906 0.00866821 0.00851771 0.00957593 0.00881662 0.0107411 0.00894461 0.0107745 0.00954631 0.0140258 0.00931258 0.00938185 0.00882105 0.00846232 0.0083528 0.00826466 0.0105166 0.00844598 0.00941328 0.0085307 0.00919295 0.0093633 0.00981212 0.0122942 0.00859535 
0.00800989 0.00693484 0.00878031 0.00508193 0.0074939 0.00529795 0.904649 0.00468662 0.00590843 0.0038041 0.00377872 0 0.00370746 0.0141836 0.00808283 0.0371567 0.00827059 0.0201524 0.00902423 0.0135854 0.0129551 0.00927896 0.0132988 0.0118754 0.00928656 0.0101629 0.0213909 0.013104 0.0162284 0.0127258 0.0161403 0.0104991 0.0119977 0.00879611 0.0145321 0.00870761 0.0117332 0.0088938 0.00849492 0.0116072 0.00864687 0.0118715 0.00911928 0.0116918 0.0103435 0.0108961 0.00893925 0.00883256 0.00835761 0.00816857 0.0116597 0.00832414 0.0119569 0.00843534 0.00955848 0.00899359 0.00933281 0.0112722 0.0101766 0.00938234 
0.0111489 0.0083658 0.00525516 0.00554021 0.00588153 0.861783 0.00445755 0.00480857 0.00430396 0.00452175 0.00377254 0.00370746 0 0.0110563 0.0162265 0.00731607 0.0171501 0.00801996 0.0112259 0.0100646 0.009679 0.0107589 0.00984331 0.0102722 0.0119731 0.0226985 0.0122555 0.011644 0.0127183 0.012771 0.0109604 0.0122214 0.00979403 0.0127138 0.00873328 0.0136991 0.00895225 0.0121193 0.0111279 0.00872529 0.0113954 0.00889798 0.0110223 0.00960695 0.0116812 0.00981339 0.00915111 0.00859684 0.00920499 0.013091 0.00854937 0.0106301 0.0083797 0.00889106 0.00861841 0.00890225 0.0101648 0.00939866 0.0101625 0.00951752 
0.0108956 0.00871689 0.00900232 0.0082509 0.0201704 0.00824801 0.0110118 0.00887435 0.0176716 0.0113044 0.00843267 0.0141836 0.0110563 0 0.00388645 0.0037868 0.00376093 0.00397095 0.00391201 0.00399612 0.00420105 0.00403363 0.00467692 0.0049261 0.0162098 0.0193643 0.0116951 0.00944619 0.0114096 0.00984559 0.0115272 0.00898591 0.0111204 0.00868672 0.0124255 0.00929759 0.263651 0.0124891 0.0084455 0.00974294 0.00850031 0.00975004 0.00873182 0.0106524 0.00960248 0.0108791 0.00916946 0.00943587 0.0191796 0.00845457 0.0102584 0.00832641 0.0105437 0.00828258 0.00942583 0.0083943 0.0178226 0.00915013 0.00920319 0.0221234 
0.00902339 0.0125499 0.00837574 0.0189426 0.00806563 0.0153999 0.00824946 0.0205062 0.0084214 0.00829288 0.0239894 0.00808283 0.0162265 0.00388645 0 0.00369333 0.00373711 0.00365489 0.00373206 0.0038429 0.00376792 0.00390303 0.00385278 0.00854323 0.00489053 0.00976652 0.0142058 0.0117702 0.0104877 0.0133702 0.00977164 0.0117086 0.00879007 0.0153951 0.00824188 0.270975 0.00911329 0.00848142 0.0128836 0.0084394 0.0123749 0.00859078 0.0150977 0.00951539 0.0140361 0.00956834 0.00918902 0.0167813 0.00904707 0.00949572 0.00855908 0.0158792 0.00844328 0.0126296 0.00852787 0.0146896 0.0099355 0.00936182 0.0313463 0.00894696 
0.0110177 0.00863912 0.0183405 0.00824951 0.0202408 0.00850332 0.0312329 0.00859766 0.0119563 0.0115134 0.00831882 0.0371567 0.00731607 0.0037868 0.00369333 0 0.00371358 0.00375899 0.00373073 0.00379952 0.00398068 0.00384097 0.0074857 0.00409846 0.00456269 0.00955302 0.0114378 0.0130592 0.0204122 0.0136906 0.0200063 0.0104303 0.0188461 0.00889078 0.282732 0.0139324 0.0197088 0.0111088 0.00844181 0.0224844 0.00892116 0.0177996 0.00993462 0.0202877 0.0121545 0.0173565 0.0141253 0.00939003 0.0100566 0.00834497 0.018865 0.0087165 0.0379933 0.00882372 0.0187359 0.0106771 0.0134267 0.02607 0.00929237 0.0113191 
0.00893204 0.0167605 0.00858976 0.0176185 0.00837537 0.0398816 0.00876692 0.019594 0.00900071 0.00973896 0.0248133 0.00827059 0.0171501 0.00376093 0.00373711 0.00371358 0 0.00369518 0.00373795 0.00374553 0.00371099 0.00494618 0.00391365 0.00413521 0.00414854 0.00990863 0.0152064 0.0158493 0.0171573 0.0193189 0.01473 0.0166493 0.00917073 0.261933 0.0260161 0.0372695 0.0084519 0.00833154 0.0209933 0.00869069 0.0242571 0.00902908 0.0228449 0.0109015 0.0317097 0.0161084 0.0139194 0.0093276 0.00886793 0.0103837 0.00862197 0.0516222 0.00874803 0.0303865 0.00985149 0.0161399 0.0191338 0.0133925 0.0227174 0.00883271 
0.0110464 0.00900301 0.0140666 0.00842743 0.0406605 0.0093696 0.0469122 0.0105322 0.0135946 0.0107081 0.00873951 0.0201524 0.00801996 0.00397095 0.00365489 0.00375899 0.00369518 0 0.00369915 0.00371533 0.00374258 0.00372508 0.00393567 0.00377362 0.00383618 0.0106391 0.0141548 0.0203006 0.0258422 0.0244271 0.0297296 0.0130537 0.267881 0.0725668 0.0469223 0.00869784 0.0172193 0.0123167 0.00855413 0.0368531 0.0095091 0.0341702 0.0120786 0.0348325 0.0258457 0.0320157 0.0127641 0.0106389 0.00893756 0.00863071 0.034146 0.0089528 0.0498069 0.00945205 0.0245833 0.0171209 0.0245202 0.0406595 0.0103656 0.0123019 
0.0100061 0.0103566 0.009448 0.017918 0.00924962 0.0345103 0.0106502 0.0200753 0.0098241 0.0097029 0.013334 0.00902423 0.0112259 0.00391201 0.00373206 0.00373073 0.00373795 0.00369915 0 0.00373835 0.00372668 0.00372739 0.00374871 0.00389496 0.00381546 0.0130675 0.0159845 0.0206073 0.0336708 0.0238156 0.0264474 0.0978794 0.144326 0.0291805 0.00886434 0.0171064 0.00884706 0.00891432 0.0176301 0.0101599 0.0240338 0.0128691 0.0372642 0.020498 0.0590627 0.019723 0.0189004 0.00928074 0.00894419 0.010838 0.00918465 0.0413933 0.00948553 0.0358247 0.0167061 0.0415878 0.0278572 0.0212621 0.0256543 0.00934892 
0.0109797 0.00986011 0.0167834 0.0103555 0.0154691 0.0157347 0.0357334 0.0154303 0.0131774 0.0100849 0.011317 0.0135854 0.0100646 0.00399612 0.0038429 0.00379952 0.00374553 0.00371533 0.00373835 0 0.0037156 0.00371206 0.00371853 0.00374111 0.00377509 0.015423 0.0229854 0.0430964 0.0349766 0.0524065 0.117079 0.375195 0.0237544 0.0157401 0.0236029 0.0120892 0.0111111 0.0100452 0.0106957 0.0207091 0.0180513 0.0253751 0.0278166 0.0458261 0.0501973 0.0407256 0.0182711 0.0109376 0.00914782 0.0089821 0.0181409 0.0127324 0.0253881 0.0192327 0.0411383 0.0255088 0.0380288 0.0444868 0.0222555 0.0123891 
0.00972109 0.0110968 0.0114449 0.0108499 0.0156279 0.0131076 0.026036 0.0147511 0.0110834 0.00983544 0.0103876 0.0129551 0.009679 0.00420105 0.00376792 0.00398068 0.00371099 0.00374258 0.00372668 0.0037156 0 0.00369906 0.00372683 0.00372318 0.00372874 0.0102854 0.0188416 0.021073 0.0441577 0.0532574 0.492607 0.014297 0.0207748 0.012164 0.025443 0.00924836 0.0106042 0.009919 0.00997594 0.025866 0.0133828 0.0424732 0.0243978 0.031972 0.0399329 0.0275644 0.019796 0.00978851 0.00884793 0.00890003 0.0143761 0.0131307 0.0388566 0.0193554 0.0284699 0.0237405 0.0277209 0.0651976 0.0182809 0.012073 
0.0102142 0.00966568 0.0101419 0.0136472 0.00973095 0.0339927 0.0122896 0.0187424 0.0114961 0.00857682 0.0120314 0.00927896 0.0107589 0.00403363 0.00390303 0.00384097 0.00494618 0.00372508 0.00372739 0.00371206 0.00369906 0 0.0037066 0.00373652 0.00371868 0.0094932 0.0122036 0.0376751 0.0633725 0.547774 0.0134099 0.0186822 0.0115767 0.0313609 0.00856802 0.0203362 0.00890483 0.0083759 0.0162793 0.0100074 0.0469623 0.0133054 0.0382107 0.0171955 0.046845 0.0288471 0.0160032 0.00982635 0.00885414 0.00938681 0.0097267 0.0601007 0.0107017 0.0313866 0.0165439 0.0255054 0.0442179 0.0201231 0.0414119 0.0105787 
0.0102614 0.0101917 0.0142783 0.00937136 0.0174906 0.010469 0.0344026 0.0112169 0.0118597 0.0099531 0.00938879 0.0132988 0.00984331 0.00467692 0.00385278 0.0074857 0.00391365 0.00393567 0.00374871 0.00371853 0.00372683 0.0037066 0 0.00371766 0.00370376 0.0111445 0.0257763 0.0612103 0.601541 0.0170613 0.0279053 0.0124768 0.0230447 0.00932131 0.0222598 0.00840275 0.0101162 0.0103999 0.00881991 0.0473449 0.0116764 0.0315913 0.0141514 0.0399499 0.0377933 0.0269302 0.0151118 0.0100281 0.0090303 0.00866704 0.0378548 0.0104728 0.036282 0.0113288 0.0320843 0.0247574 0.0257839 0.0702522 0.0143542 0.0130266 
0.0118875 0.0110904 0.00906216 0.0106386 0.00890136 0.0124278 0.0106252 0.0283643 0.0110916 0.00956565 0.0156407 0.0118754 0.0102722 0.0049261 0.00854323 0.00409846 0.00413521 0.00377362 0.00389496 0.00374111 0.00372318 0.00373652 0.00371766 0 0.00370093 0.012357 0.0659965 0.446771 0.0153788 0.0194306 0.00958929 0.0159569 0.00861133 0.0154027 0.00822873 0.0134911 0.00802515 0.00831154 0.0583678 0.00947328 0.0146791 0.00975624 0.0163674 0.0130947 0.0192176 0.0122721 0.010753 0.0105884 0.00869226 0.0110129 0.0103575 0.0163477 0.00941472 0.012422 0.0115792 0.0122412 0.0154152 0.0128212 0.0310056 0.00963995 
0.0217465 0.00971921 0.00887957 0.00848744 0.0096971 0.00909064 0.00970606 0.00978103 0.0146511 0.0196894 0.00887318 0.00928656 0.0119731 0.0162098 0.00489053 0.00456269 0.00414854 0.00383618 0.00381546 0.00377509 0.00372874 0.00371868 0.00370376 0.00370093 0 0.0657802 0.402139 0.00843546 0.014817 0.00889437 0.0109647 0.0081255 0.0123287 0.00821282 0.00922178 0.00804159 0.0110716 0.0539066 0.00886644 0.0108626 0.00926994 0.00979701 0.010516 0.0100893 0.0103066 0.0100865 0.0091403 0.00888949 0.00920133 0.0277754 0.0128881 0.00880716 0.00984947 0.00925746 0.00988821 0.0101067 0.0102863 0.0109833 0.0103905 0.0145801 
0.0111717 0.00922329 0.0090166 0.00950488 0.0104636 0.0112323 0.0104878 0.0107712 0.0165162 0.013546 0.0107127 0.0101629 0.0226985 0.0193643 0.00976652 0.00955302 0.00990863 0.0106391 0.0130675 0.015423 0.0102854 0.0094932 0.0111445 0.012357 0.0657802 0 0.0038237 0.00377351 0.00377383 0.003759 0.00377571 0.00380558 0.00454532 0.0052942 0.00623814 0.00737884 0.0203912 0.0104563 0.00932891 0.00923283 0.00982376 0.00919532 0.0110246 0.0116244 0.01664 0.0149958 0.15351 0.013924 0.0401472 0.0178348 0.0123196 0.0128703 0.0113573 0.0107252 0.0105626 0.00987562 0.0108658 0.0116137 0.0144441 0.024585 
0.0112271 0.0134819 0.0119111 0.0112893 0.0147115 0.0152844 0.028614 0.0195414 0.0152314 0.0126046 0.0141562 0.0213909 0.0122555 0.0116951 0.0142058 0.0114378 0.0152064 0.0141548 0.0159845 0.0229854 0.0188416 0.0122036 0.0257763 0.0659965 0.402139 0.0038237 0 0.00378469 0.00376959 0.00389323 0.00385937 0.00383793 0.00442465 0.00499616 0.00700694 0.0152531 0.00873392 0.00981724 0.0108048 0.0135057 0.0117234 0.0208914 0.0128863 0.0278615 0.0278564 0.256889 0.0288039 0.0665481 0.0120102 0.010845 0.0346936 0.014156 0.0204034 0.0172967 0.0181661 0.0198489 0.0236368 0.0324383 0.0358434 0.0170224 
0.0107263 0.0116989 0.0146619 0.0147465 0.014603 0.0411736 0.039712 0.0297927 0.0141089 0.0105241 0.0209013 0.013104 0.011644 0.00944619 0.0117702 0.0130592 0.0158493 0.0203006 0.0206073 0.0430964 0.021073 0.0376751 0.0612103 0.446771 0.00843546 0.00377351 0.00378469 0 0.00375187 0.00377111 0.00381759 0.00377513 0.00417444 0.00460517 0.00923536 0.00909369 0.00605862 0.00758455 0.0123976 0.0118986 0.0234882 0.0136655 0.0291047 0.0243743 0.386231 0.0416045 0.0754239 0.0120573 0.0107198 0.00995347 0.0150795 0.0300715 0.0190943 0.0288688 0.0286726 0.0355828 0.0515376 0.0772843 0.0364068 0.0145063 
0.0120795 0.0124071 0.0216333 0.0128055 0.032289 0.0323252 0.066668 0.0300008 0.0205213 0.0124286 0.0133124 0.0162284 0.0127183 0.0114096 0.0104877 0.0204122 0.0171573 0.0258422 0.0336708 0.0349766 0.0441577 0.0633725 0.601541 0.0153788 0.014817 0.00377383 0.00376959 0.00375187 0 0.00373574 0.00373997 0.0037411 0.00378635 0.0051946 0.00491854 0.00466123 0.00534288 0.00801847 0.00869928 0.0187812 0.0115498 0.0286007 0.0192348 0.364775 0.0419767 0.129968 0.0247969 0.0192487 0.0100384 0.0100578 0.0240786 0.0217058 0.0348549 0.0289771 0.0404612 0.0441272 0.073954 0.0923838 0.0363947 0.0180255 
0.0116375 0.0138249 0.0151447 0.0179051 0.0173473 0.0455058 0.047974 0.0415056 0.0153759 0.0110362 0.0185294 0.0127258 0.012771 0.00984559 0.0133702 0.0136906 0.0193189 0.0244271 0.0238156 0.0524065 0.0532574 0.547774 0.0170613 0.0194306 0.00889437 0.003759 0.00389323 0.00377111 0.00373574 0 0.00372539 0.0037326 0.00497597 0.00372647 0.0064691 0.00428674 0.00416357 0.0071793 0.0115374 0.00978114 0.0189762 0.0160373 0.385823 0.0292002 0.154392 0.0256221 0.0387418 0.0125721 0.00979592 0.00992179 0.0155195 0.0277053 0.0229683 0.031352 0.032532 0.0556761 0.061189 0.0620633 0.0438521 0.0139087 
0.0108109 0.0108321 0.0175736 0.0121981 0.0221568 0.0214196 0.0622757 0.0228585 0.0173895 0.0103777 0.0115878 0.0161403 0.0109604 0.0115272 0.00977164 0.0200063 0.01473 0.0297296 0.0264474 0.117079 0.492607 0.0134099 0.0279053 0.00958929 0.0109647 0.00377571 0.00385937 0.00381759 0.00373997 0.00372539 0 0.00370948 0.00372594 0.00383647 0.00386196 0.00378532 0.00396837 0.0125015 0.00703875 0.0135023 0.0095673 0.40557 0.020244 0.0969927 0.0270926 0.0406928 0.0168897 0.0118647 0.00984185 0.00906909 0.0178118 0.0159872 0.0321661 0.0206343 0.0599671 0.0309691 0.0471359 0.0727676 0.0276309 0.0151705 
0.0101149 0.00979226 0.0119027 0.0122763 0.0121495 0.0293916 0.0199252 0.0276265 0.0129396 0.0096009 0.0124718 0.0104991 0.0122214 0.00898591 0.0117086 0.0104303 0.0166493 0.0130537 0.0978794 0.375195 0.014297 0.0186822 0.0124768 0.0159569 0.0081255 0.00380558 0.00383793 0.00377513 0.0037411 0.0037326 0.00370948 0 0.00371742 0.00373359 0.00371989 0.0037496 0.00378512 0.00561405 0.00856031 0.00733025 0.327086 0.014496 0.0510221 0.0138771 0.0333263 0.0145169 0.0150189 0.00956032 0.00918228 0.0097412 0.0104429 0.0191044 0.01199 0.0492627 0.0192151 0.0277586 0.0312636 0.0350976 0.0332215 0.0124743 
0.00959972 0.0101018 0.0127116 0.0106842 0.0196949 0.0119025 0.0424247 0.0122775 0.0147329 0.00956469 0.00947805 0.0119977 0.00979403 0.0111204 0.00879007 0.0188461 0.00917073 0.267881 0.144326 0.0237544 0.0207748 0.0115767 0.0230447 0.00861133 0.0123287 0.00454532 0.00442465 0.00417444 0.00378635 0.00497597 0.00372594 0.00371742 0 0.00371 0.00376016 0.00376143 0.00376925 0.00612854 0.00655529 0.346976 0.0156308 0.0640647 0.0121129 0.0264645 0.0121683 0.0173156 0.0111842 0.00968742 0.00880935 0.00857273 0.0162752 0.00998409 0.049738 0.01192 0.0258849 0.0166827 0.0249443 0.0415816 0.015742 0.0153969 
0.0099496 0.00946001 0.0107676 0.0229053 0.00913471 0.0309376 0.010628 0.0240642 0.00968883 0.00904032 0.0120871 0.00879611 0.0127138 0.00868672 0.0153951 0.00889078 0.261933 0.0725668 0.0291805 0.0157401 0.012164 0.0313609 0.00932131 0.0154027 0.00821282 0.0052942 0.00499616 0.00460517 0.0051946 0.00372647 0.00383647 0.00373359 0.00371 0 0.00374883 0.00378003 0.00375938 0.0050732 0.293729 0.0112813 0.0700025 0.00866104 0.0205255 0.00816376 0.0194584 0.00990024 0.0106234 0.00928172 0.00878866 0.00912252 0.00861975 0.0433973 0.00896758 0.0238033 0.0106671 0.0157677 0.0232774 0.0140769 0.0368218 0.0104934 
0.00933874 0.00878886 0.0120887 0.00862496 0.0193967 0.00884646 0.0361373 0.00961894 0.0101391 0.00909802 0.00870611 0.0145321 0.00873328 0.0124255 0.00824188 0.282732 0.0260161 0.0469223 0.00886434 0.0236029 0.025443 0.00856802 0.0222598 0.00822873 0.00922178 0.00623814 0.00700694 0.00923536 0.00491854 0.0064691 0.00386196 0.00371989 0.00376016 0.00374883 0 0.00374523 0.00393306 0.185748 0.0078609 0.0742967 0.00770553 0.0225339 0.00641735 0.0123998 0.00891106 0.0116433 0.00900698 0.00892791 0.00863715 0.00809134 0.0318129 0.00845934 0.0330037 0.00868625 0.0155251 0.0124179 0.0126951 0.0306583 0.0103845 0.0138645 
0.010226 0.0093896 0.00877477 0.0128839 0.00855866 0.0239716 0.00895387 0.0200771 0.00902874 0.00928734 0.0145906 0.00870761 0.0136991 0.00929759 0.270975 0.0139324 0.0372695 0.00869784 0.0171064 0.0120892 0.00924836 0.0203362 0.00840275 0.0134911 0.00804159 0.00737884 0.0152531 0.00909369 0.00466123 0.00428674 0.00378532 0.0037496 0.00376143 0.00378003 0.00374523 0 0.00609054 0.00944302 0.115604 0.00765186 0.0139471 0.00606662 0.010529 0.00687124 0.0101278 0.00845554 0.0087546 0.00890331 0.00823292 0.0144566 0.00876956 0.0258406 0.00847992 0.0138203 0.00915452 0.0100223 0.0118071 0.00971232 0.0349192 0.00898809 
0.0197067 0.00924116 0.00890985 0.00817934 0.0116729 0.00857879 0.0108916 0.00877169 0.0134307 0.020476 0.00866821 0.0117332 0.00895225 0.263651 0.00911329 0.0197088 0.0084519 0.0172193 0.00884706 0.0111111 0.0106042 0.00890483 0.0101162 0.00802515 0.0110716 0.0203912 0.00873392 0.00605862 0.00534288 0.00416357 0.00396837 0.00378512 0.00376925 0.00375938 0.00393306 0.00609054 0 0.110304 0.00525201 0.00757461 0.00507393 0.00793514 0.00577241 0.00763284 0.00710343 0.00841883 0.00805046 0.00759591 0.00930914 0.0105225 0.0174876 0.00823488 0.0136837 0.00849962 0.00998867 0.00914912 0.00938553 0.0115527 0.00920893 0.0198562 
0.00890895 0.00834271 0.00835236 0.00813075 0.00914566 0.00835908 0.00919526 0.00855303 0.0121747 0.00931055 0.00851771 0.0088938 0.0121193 0.0124891 0.00848142 0.0111088 0.00833154 0.0123167 0.00891432 0.0100452 0.009919 0.0083759 0.0103999 0.00831154 0.0539066 0.0104563 0.00981724 0.00758455 0.00801847 0.0071793 0.0125015 0.00561405 0.00612854 0.0050732 0.185748 0.00944302 0.110304 0 0.00374775 0.00372863 0.00371106 0.00372657 0.00375653 0.00383694 0.00402418 0.00549431 0.00558033 0.00770217 0.00987157 0.00752078 0.00885565 0.00781248 0.0113943 0.00798461 0.00856676 0.00798624 0.00830539 0.0106945 0.00992988 0.0374611 
0.00844553 0.00850206 0.00838013 0.0091347 0.0083527 0.0136366 0.0088562 0.0136067 0.00859018 0.00848055 0.00957593 0.00849492 0.0111279 0.0084455 0.0128836 0.00844181 0.0209933 0.00855413 0.0176301 0.0106957 0.00997594 0.0162793 0.00881991 0.0583678 0.00886644 0.00932891 0.0108048 0.0123976 0.00869928 0.0115374 0.00703875 0.00856031 0.00655529 0.293729 0.0078609 0.115604 0.00525201 0.00374775 0 0.00373046 0.00375008 0.00372066 0.00375388 0.00398121 0.0040076 0.00441703 0.00488949 0.00730838 0.0058115 0.00742102 0.00728593 0.0166595 0.00791998 0.0138301 0.00827976 0.00980027 0.0107074 0.00972681 0.0642925 0.024092 
0.00880278 0.00853446 0.0100245 0.00853109 0.0139167 0.00909273 0.0274462 0.0098838 0.0104154 0.00889515 0.00881662 0.0116072 0.00872529 0.00974294 0.0084394 0.0224844 0.00869069 0.0368531 0.0101599 0.0207091 0.025866 0.0100074 0.0473449 0.00947328 0.0108626 0.00923283 0.0135057 0.0118986 0.0187812 0.00978114 0.0135023 0.00733025 0.346976 0.0112813 0.0742967 0.00765186 0.00757461 0.00372863 0.00373046 0 0.00371732 0.00371535 0.00369407 0.00373689 0.00403038 0.00395744 0.00565158 0.00492217 0.0053057 0.00613609 0.0122286 0.00765174 0.0166382 0.00813001 0.0118033 0.00964466 0.010368 0.0475553 0.0543148 0.427043 
0.00858329 0.00936916 0.00894636 0.0110593 0.00898489 0.023242 0.01104 0.0171125 0.00980636 0.00873287 0.0107411 0.00864687 0.0113954 0.00850031 0.0123749 0.00892116 0.0242571 0.0095091 0.0240338 0.0180513 0.0133828 0.0469623 0.0116764 0.0146791 0.00926994 0.00982376 0.0117234 0.0234882 0.0115498 0.0189762 0.0095673 0.327086 0.0156308 0.0700025 0.00770553 0.0139471 0.00507393 0.00371106 0.00375008 0.00371732 0 0.00369632 0.00372757 0.0037115 0.00380472 0.00399801 0.00419098 0.00455158 0.00498634 0.00670577 0.00722509 0.0135712 0.00805456 0.0113952 0.00871085 0.00915949 0.0240943 0.0775559 0.56386 0.0109239 
0.00921687 0.00896673 0.0113208 0.00875035 0.0140825 0.0101324 0.0267694 0.0110946 0.0112016 0.00937998 0.00894461 0.0118715 0.00889798 0.00975004 0.00859078 0.0177996 0.00902908 0.0341702 0.0128691 0.0253751 0.0424732 0.0133054 0.0315913 0.00975624 0.00979701 0.00919532 0.0208914 0.0136655 0.0286007 0.0160373 0.40557 0.014496 0.0640647 0.00866104 0.0225339 0.00606662 0.00793514 0.00372657 0.00372066 0.00371535 0.00369632 0 0.00371637 0.00375165 0.00372923 0.00372064 0.00385776 0.00392036 0.00574428 0.00594098 0.0104902 0.00744943 0.0164351 0.00829239 0.00926364 0.0192961 0.0801692 0.620121 0.0106385 0.0127612 
0.00901693 0.0098445 0.0097244 0.0110604 0.00923256 0.0224904 0.0134256 0.0194228 0.0102369 0.00877513 0.0107745 0.00911928 0.0110223 0.00873182 0.0150977 0.00993462 0.0228449 0.0120786 0.0372642 0.0278166 0.0243978 0.0382107 0.0141514 0.0163674 0.010516 0.0110246 0.0128863 0.0291047 0.0192348 0.385823 0.020244 0.0510221 0.0121129 0.0205255 0.00641735 0.010529 0.00577241 0.00375653 0.00375388 0.00369407 0.00372757 0.00371637 0 0.0049903 0.00375478 0.00377759 0.00374893 0.00379677 0.00386964 0.00609495 0.0069372 0.0137381 0.00758742 0.0117785 0.0207989 0.0932782 0.602389 0.012609 0.0435477 0.00973676 
0.011034 0.00934699 0.0136561 0.00926127 0.0149948 0.013255 0.0349714 0.0145972 0.010611 0.00983514 0.00954631 0.0116918 0.00960695 0.0106524 0.00951539 0.0202877 0.0109015 0.0348325 0.020498 0.0458261 0.031972 0.0171955 0.0399499 0.0130947 0.0100893 0.0116244 0.0278615 0.0243743 0.364775 0.0292002 0.0969927 0.0138771 0.0264645 0.00816376 0.0123998 0.00687124 0.00763284 0.00383694 0.00398121 0.00373689 0.0037115 0.00375165 0.0049903 0 0.00374864 0.00374474 0.00373546 0.0037895 0.00381174 0.0068357 0.0168382 0.00813364 0.0110403 0.0182098 0.164158 0.617902 0.0130781 0.0365398 0.013926 0.0152321 
0.0093248 0.0115306 0.0116219 0.0141732 0.0124921 0.0370036 0.0220283 0.0261063 0.0133239 0.00970238 0.0140258 0.0103435 0.0116812 0.00960248 0.0140361 0.0121545 0.0317097 0.0258457 0.0590627 0.0501973 0.0399329 0.046845 0.0377933 0.0192176 0.0103066 0.01664 0.0278564 0.386231 0.0419767 0.154392 0.0270926 0.0333263 0.0121683 0.0194584 0.00891106 0.0101278 0.00710343 0.00402418 0.0040076 0.00403038 0.00380472 0.00372923 0.00375478 0.00374864 0 0.00371779 0.00375677 0.00375729 0.00377204 0.00804759 0.00826677 0.0127308 0.0134239 0.371861 0.475708 0.0126784 0.0201994 0.0149287 0.0330206 0.0140656 
0.00941047 0.00921368 0.0114075 0.00958205 0.014509 0.0130506 0.0243607 0.0136535 0.0111368 0.00930275 0.00931258 0.0108961 0.00981339 0.0108791 0.00956834 0.0173565 0.0161084 0.0320157 0.019723 0.0407256 0.0275644 0.0288471 0.0269302 0.0122721 0.0100865 0.0149958 0.256889 0.0416045 0.129968 0.0256221 0.0406928 0.0145169 0.0173156 0.00990024 0.0116433 0.00845554 0.00841883 0.00549431 0.00441703 0.00395744 0.00399801 0.00372064 0.00377759 0.00374474 0.00371779 0 0.00372782 0.00376219 0.00376924 0.006376 0.0102881 0.0116611 0.711135 0.130958 0.0104525 0.0116145 0.0118086 0.0178536 0.0135937 0.0119928 
0.00898229 0.00888182 0.00935573 0.00920169 0.00929496 0.0119288 0.0119937 0.0115695 0.00921007 0.00865512 0.00938185 0.00893925 0.00915111 0.00916946 0.00918902 0.0141253 0.0139194 0.0127641 0.0189004 0.0182711 0.019796 0.0160032 0.0151118 0.010753 0.0091403 0.15351 0.0288039 0.0754239 0.0247969 0.0387418 0.0168897 0.0150189 0.0111842 0.0106234 0.00900698 0.0087546 0.00805046 0.00558033 0.00488949 0.00565158 0.00419098 0.00385776 0.00374893 0.00373546 0.00375677 0.00372782 0 0.00373821 0.00372286 0.00750924 0.0170969 0.814093 0.0585669 0.00978248 0.00820785 0.00886522 0.0107628 0.0108134 0.0116941 0.0106358 
0.00912104 0.00862885 0.00833152 0.00828997 0.0084973 0.00883585 0.00938998 0.00951903 0.00867742 0.00890598 0.00882105 0.00883256 0.00859684 0.00943587 0.0167813 0.00939003 0.0093276 0.0106389 0.00928074 0.0109376 0.00978851 0.00982635 0.0100281 0.0105884 0.00888949 0.013924 0.0665481 0.0120573 0.0192487 0.0125721 0.0118647 0.00956032 0.00968742 0.00928172 0.00892791 0.00890331 0.00759591 0.00770217 0.00730838 0.00492217 0.00455158 0.00392036 0.00379677 0.0037895 0.00375729 0.00376219 0.00373821 0 0.0037321 0.0144507 0.862705 0.0242951 0.00718559 0.00702232 0.00663822 0.00715881 0.00897377 0.00830691 0.0138344 0.00886151 
0.0111394 0.00840971 0.00814498 0.0080742 0.00839309 0.00845065 0.00848444 0.00844223 0.00867289 0.0116773 0.00846232 0.00835761 0.00920499 0.0191796 0.00904707 0.0100566 0.00886793 0.00893756 0.00894419 0.00914782 0.00884793 0.00885414 0.0090303 0.00869226 0.00920133 0.0401472 0.0120102 0.0107198 0.0100384 0.00979592 0.00984185 0.00918228 0.00880935 0.00878866 0.00863715 0.00823292 0.00930914 0.00987157 0.0058115 0.0053057 0.00498634 0.00574428 0.00386964 0.00381174 0.00377204 0.00376924 0.00372286 0.0037321 0 0.898457 0.018421 0.00640816 0.0059213 0.00588576 0.00607045 0.00638892 0.00688264 0.00734749 0.00828703 0.00995496 
0.00813349 0.00807552 0.00797827 0.00842649 0.00802744 0.00929753 0.00810584 0.00860626 0.00888265 0.0082165 0.0083528 0.00816857 0.013091 0.00845457 0.00949572 0.00834497 0.0103837 0.00863071 0.010838 0.0089821 0.00890003 0.00938681 0.00866704 0.0110129 0.0277754 0.0178348 0.010845 0.00995347 0.0100578 0.00992179 0.00906909 0.0097412 0.00857273 0.00912252 0.00809134 0.0144566 0.0105225 0.00752078 0.00742102 0.00613609 0.00670577 0.00594098 0.00609495 0.0068357 0.00804759 0.006376 0.00750924 0.0144507 0.898457 0 0.00381021 0.00386796 0.00371679 0.00395232 0.00378751 0.00376412 0.00388422 0.00428633 0.0064123 0.0108378 
0.00861643 0.00823186 0.00859345 0.0080651 0.010934 0.00825162 0.0156877 0.00883323 0.00936142 0.00847103 0.00826466 0.0116597 0.00854937 0.0102584 0.00855908 0.018865 0.00862197 0.034146 0.00918465 0.0181409 0.0143761 0.0097267 0.0378548 0.0103575 0.0128881 0.0123196 0.0346936 0.0150795 0.0240786 0.0155195 0.0178118 0.0104429 0.0162752 0.00861975 0.0318129 0.00876956 0.0174876 0.00885565 0.00728593 0.0122286 0.00722509 0.0104902 0.0069372 0.0168382 0.00826677 0.0102881 0.0170969 0.862705 0.018421 0.00381021 0 0.00370391 0.00382508 0.00373451 0.00374397 0.00373859 0.00532188 0.00467688 0.00504189 0.00709223 
0.00841682 0.00875719 0.0090484 0.0123736 0.00834503 0.0317381 0.00901662 0.0153593 0.00867872 0.00828991 0.0105166 0.00832414 0.0106301 0.00832641 0.0158792 0.0087165 0.0516222 0.0089528 0.0413933 0.0127324 0.0131307 0.0601007 0.0104728 0.0163477 0.00880716 0.0128703 0.014156 0.0300715 0.0217058 0.0277053 0.0159872 0.0191044 0.00998409 0.0433973 0.00845934 0.0258406 0.00823488 0.00781248 0.0166595 0.00765174 0.0135712 0.00744943 0.0137381 0.00813364 0.0127308 0.0116611 0.814093 0.0242951 0.00640816 0.00386796 0.00370391 0 0.00371946 0.00375573 0.00370669 0.00371888 0.00412845 0.00431164 0.00512239 0.00463542 
0.00899358 0.00843765 0.0104369 0.00816863 0.0194658 0.00873652 0.028692 0.00941798 0.00931027 0.00880166 0.00844598 0.0119569 0.0083797 0.0105437 0.00844328 0.0379933 0.00874803 0.0498069 0.00948553 0.0253881 0.0388566 0.0107017 0.036282 0.00941472 0.00984947 0.0113573 0.0204034 0.0190943 0.0348549 0.0229683 0.0321661 0.01199 0.049738 0.00896758 0.0330037 0.00847992 0.0136837 0.0113943 0.00791998 0.0166382 0.00805456 0.0164351 0.00758742 0.0110403 0.0134239 0.711135 0.0585669 0.00718559 0.0059213 0.00371679 0.00382508 0.00371946 0 0.00369577 0.00370171 0.0037544 0.0038162 0.00426445 0.00379151 0.00460393 
0.00833636 0.00864388 0.00848137 0.010535 0.00844937 0.0198574 0.0101409 0.0123608 0.00895028 0.00822139 0.00941328 0.00843534 0.00889106 0.00828258 0.0126296 0.00882372 0.0303865 0.00945205 0.0358247 0.0192327 0.0193554 0.0313866 0.0113288 0.012422 0.00925746 0.0107252 0.0172967 0.0288688 0.0289771 0.031352 0.0206343 0.0492627 0.01192 0.0238033 0.00868625 0.0138203 0.00849962 0.00798461 0.0138301 0.00813001 0.0113952 0.00829239 0.0117785 0.0182098 0.371861 0.130958 0.00978248 0.00702232 0.00588576 0.00395232 0.00373451 0.00375573 0.00369577 0 0.00369387 0.00370685 0.00373646 0.00375845 0.00382464 0.00400919 
0.00860014 0.00848472 0.0128623 0.00842522 0.0111531 0.0103407 0.0166241 0.0102501 0.00932834 0.00874131 0.0085307 0.00955848 0.00861841 0.00942583 0.00852787 0.0187359 0.00985149 0.0245833 0.0167061 0.0411383 0.0284699 0.0165439 0.0320843 0.0115792 0.00988821 0.0105626 0.0181661 0.0286726 0.0404612 0.032532 0.0599671 0.0192151 0.0258849 0.0106671 0.0155251 0.00915452 0.00998867 0.00856676 0.00827976 0.0118033 0.00871085 0.00926364 0.0207989 0.164158 0.475708 0.0104525 0.00820785 0.00663822 0.00607045 0.00378751 0.00374397 0.00370669 0.00370171 0.00369387 0 0.00370758 0.00371466 0.00569663 0.00373239 0.0038148 
0.00839056 0.0139986 0.00885416 0.00964473 0.00940521 0.0143137 0.0143324 0.0116621 0.00951439 0.00830064 0.00919295 0.00899359 0.00890225 0.0083943 0.0146896 0.0106771 0.0161399 0.0171209 0.0415878 0.0255088 0.0237405 0.0255054 0.0247574 0.0122412 0.0101067 0.00987562 0.0198489 0.0355828 0.0441272 0.0556761 0.0309691 0.0277586 0.0166827 0.0157677 0.0124179 0.0100223 0.00914912 0.00798624 0.00980027 0.00964466 0.00915949 0.0192961 0.0932782 0.617902 0.0126784 0.0116145 0.00886522 0.00715881 0.00638892 0.00376412 0.00373859 0.00371888 0.0037544 0.00370685 0.00370758 0 0.00375077 0.00370372 0.00372149 0.00371033 
0.0108511 0.00867046 0.0107994 0.00931681 0.0110546 0.0139894 0.0175977 0.0148082 0.0101728 0.00915798 0.0093633 0.00933281 0.0101648 0.0178226 0.0099355 0.0134267 0.0191338 0.0245202 0.0278572 0.0380288 0.0277209 0.0442179 0.0257839 0.0154152 0.0102863 0.0108658 0.0236368 0.0515376 0.073954 0.061189 0.0471359 0.0312636 0.0249443 0.0232774 0.0126951 0.0118071 0.00938553 0.00830539 0.0107074 0.010368 0.0240943 0.0801692 0.602389 0.0130781 0.0201994 0.0118086 0.0107628 0.00897377 0.00688264 0.00388422 0.00532188 0.00412845 0.0038162 0.00373646 0.00371466 0.00375077 0 0.00371014 0.00372611 0.00372261 
0.00891645 0.00958396 0.0119189 0.0092038 0.0123621 0.013849 0.0275039 0.0140913 0.0108833 0.00920635 0.00981212 0.0112722 0.00939866 0.00915013 0.00936182 0.02607 0.0133925 0.0406595 0.0212621 0.0444868 0.0651976 0.0201231 0.0702522 0.0128212 0.0109833 0.0116137 0.0324383 0.0772843 0.0923838 0.0620633 0.0727676 0.0350976 0.0415816 0.0140769 0.0306583 0.00971232 0.0115527 0.0106945 0.00972681 0.0475553 0.0775559 0.620121 0.012609 0.0365398 0.0149287 0.0178536 0.0108134 0.00830691 0.00734749 0.00428633 0.00467688 0.00431164 0.00426445 0.00375845 0.00569663 0.00370372 0.00371014 0 0.00371434 0.00371961 
0.00926401 0.00942971 0.00877856 0.00997464 0.00868943 0.0151154 0.012209 0.0194796 0.0110046 0.00956532 0.0122942 0.0101766 0.0101625 0.00920319 0.0313463 0.00929237 0.0227174 0.0103656 0.0256543 0.0222555 0.0182809 0.0414119 0.0143542 0.0310056 0.0103905 0.0144441 0.0358434 0.0364068 0.0363947 0.0438521 0.0276309 0.0332215 0.015742 0.0368218 0.0103845 0.0349192 0.00920893 0.00992988 0.0642925 0.0543148 0.56386 0.0106385 0.0435477 0.013926 0.0330206 0.0135937 0.0116941 0.0138344 0.00828703 0.0064123 0.00504189 0.00512239 0.00379151 0.00382464 0.00373239 0.00372149 0.00372611 0.00371434 0 0.00373899 
0.0118775 0.00864491 0.00850098 0.00833285 0.00916824 0.00869162 0.00997315 0.00930013 0.012325 0.0131525 0.00859535 0.00938234 0.00951752 0.0221234 0.00894696 0.0113191 0.00883271 0.0123019 0.00934892 0.0123891 0.012073 0.0105787 0.0130266 0.00963995 0.0145801 0.024585 0.0170224 0.0145063 0.0180255 0.0139087 0.0151705 0.0124743 0.0153969 0.0104934 0.0138645 0.00898809 0.0198562 0.0374611 0.024092 0.427043 0.0109239 0.0127612 0.00973676 0.0152321 0.0140656 0.0119928 0.0106358 0.00886151 0.00995496 0.0108378 0.00709223 0.00463542 0.00460393 0.00400919 0.0038148 0.00371033 0.00372261 0.00371961 0.00373899 0 
