1KFGB
GTYNYGEALQKSIMFYEFQRSGDLPADKRDNWRDDSGMKDGSDVGVDLTGGWYDAGDHVKFNLPMSYTSAMLAWSLYEDKDAYDKSGQTKYIMDGIKWANDYFIKCNPTPGVYYYQVGDGGKDHSWWGPAEVMQMERPSFKVDASKPGSAVCASTAASLASAAVVFKSSDPTYAEKCISHAKNLFDMADKAKSDAGYTAASGYYSSSSFYDDLSWAAVWLYLATNDSTYLDKAESYVPNWGKEQQTDIIAYKWGQCWDDVHYGAELLLAKLTNKQLYKDSIEMNLDFWTTGVNGTRVSYTPKGLAWLFQWGSLRHATTQAFLAGVYAEWEGCTPSKVSVYKDFLKSQIDYALGSTGRSFVVGYGVNPPQHPHHRTAHGSWTDQMTSPTYHRHTIYGALVGGPDNADGYTDEINNYVNNEIACDYNAGFTGALAKMYKHSGGDPIPNFKAIEKITNDEVIIKAGLNSTGPNYTEIKAVVYNQTGWPARVTDKISFKYFMDLSEIVAAGIDPLSLVTSSNYSEGKNTKVSGVLPWDVSNNVYYVNVDLTGENIYPGGQSACRREVQFRIAAPQGTTYWNPKNDFSYDGLPTTSTVNTVTNIPVYDNGVKVFGNEP
CCCCHHHHHHHHHHHHHHHECECCCCCCCECCCCCECCCCCHHHCCCCCCCECCCCCCCEEHHHHHHHHHHHHHHHHHCHHHHHHCCCHHHHHHHHHHHHHHHHHCCCCCCCEEEEECCHHHHHCCCCCHHHCCCCCCEEEECCCCCCHHHHHHHHHHHHHHHHHHCCCCHHHHHHHHHHHHHHHHHHHHHCCCCCCCCCCCCCCCCCCHHHHHHHHHHHHHHHCCHHHHHHHHHCHHHCCECCCCCCECCCCCCECCECHHHHHHHHHHHHCCHHHHHHHHHHHHHHCCCECCECCEECCCCCEECCCCCHHHHHHHHHHHHHHHHHCCCCCHHHHHHHHHHHHHHHHHHHCCCCCCCECCCCCCCCCCCECHHHHCCCCCCCCCCCCCCCCCCCCECCCCCCCCCCCCCCCCCCCCECCHHHHHHHHHHHHHHHHHHCCCCCCCCCECCCCCCCCEEEEEEEEEEECCEEEEEEEEEECCCCCCCCECCEEEEEEEECHHHHHCCCCHHHCEEEEEEECCCCCEECCCEEEEHHHCEEEEEEECCCCCECCCCCCCCEEEEEEEEECCCCCCCCCHHHCHHHCCCCCCCCCEECCCCCEEECCEEEECCCC
0 0 0 0 0 0 0 0 0 0 0 0 0 0 0 0 0 0 0 0 0 0 0 0 0 0 0 0 0 0 0 0 0 0 0 0 0 0 0 0 0 0 0 0 0 0 0 0 0 0 0 0 0 0 0 0 0 0 0 0 0 0 0 0 0 0 0 0 0 0 0 0 0 0 0 0 0 0 0 0 0 0 0 0 0 0 0 0 0 0 0 0 0 0 0 0 0 0 0 0 0 0 0 0 0 0 0 0 0 0 0 0 0 0 0 0 0 0 0 0 0 0 0 0 0 0 0 0 0 0 0 0 0 0 0 0 0 0 0 0 0 0 0 0 0 0 0 0 0 0 0 0 0 0 0 0 0 0 0 0 0 0 0 0 0 0 0 0 0 0 0 0 0 0 0 0 0 0 0 0 0 0 0 0 0 0 0 0 0 0 0 0 0 0 0 0 0 0 0 0 0 0 0 0 0 0 0 0 0 0 0 0 0 0 0 0 0 0 0 0 0 0 0 0 0 0 0 0 0 0 0 0 0 0 0 0 0 0 0 0 0 0 0 0 0 0 0 0 0 0 0 0 0 0 0 0 0 0 0 0 0 0 0 0 0 0 0 0 0 0 0 0 0 0 0 0 0 0 0 0 0 0 0 0 0 0 0 0 0 0 0 0 0 0 0 0 0 0 0 0 0 0 0 0 0 0 0 0 0 0 0 0 0 0 0 0 0 0 0 0 0 0 0 0 0 0 0 0 0 0 0 0 0 0 0 0 0 0 0 0 0 0 0 0 0 0 0 0 0 0 0 0 0 0 0 0 0 0 0 0 0 0 0 0 0 0 0 0 0 0 0 0 0 0 0 0 0 0 0 0 0 0 0 0 0 0 0 0 0 0 0 0 0 0 0 0 0 0 0 0 0 0 0 0 0 0 0 0 0 0 0 0 0 0 0 0 0 0 0 0 0 0 0 0 0 0 0 0 0 0 0 0 0 0 0 0 0 0 0 0 0 0 0 0 0 0 0 0 0 0 0 0 0 0 0 0 0 0 0 0 0 0 0 0 0 0 0 0 0 0 0 0 0 0 0 0 0 0 0 0 0 0 0 0 0 0 0 0 0 0 0 0 0 0 0 0 0 0 0 0 0 0 0 0 0 0 0 0 0 0 0 0 0 0 0 0 0 0 0 0 0 0 0 0 0 0 0 0 0 0 0 0 0 0 0 0 0 0 0 0 0 0 0 0 0 0 0 0 0 0 0 0 0 0 0 0 0 0 0 0 0 0 0 0 0 0 0 0 0 0 0 0 0 0 0 0 0 0 0 0 0 0 0 0 0 0 0 0 0 0 0 0 0 0 0 0 0 0 0 0 0 0 0 0 0 0 0 0 0 0 0 0 0 
0 0 0 0 0 0 0 0 0 0 0 0 0 0 0 0 0 0 0 0 0 0 0 0 0 0 0 0 0 0 0 0 0 0 0 0 0 0 0 0 0 0 0 0 0 0 0 0 0 0 0 0 0 0 0 0 0 0 0 0 0 0 0 0 0 0 0 0 0 0 0 0 0 0 0 0 0 0 0 0 0 0 0 0 0 0 0 0 0 0 0 0 0 0 0 0 0 0 0 0 0 0 0 0 0 0 0 0 0 0 0 0 0 0 0 0 0 0 0 0 0 0 0 0 0 0 0 0 0 0 0 0 0 0 0 0 0 0 0 0 0 0 0 0 0 0 0 0 0 0 0 0 0 0 0 0 0 0 0 0 0 0 0 0 0 0 0 0 0 0 0 0 0 0 0 0 0 0 0 0 0 0 0 0 0 0 0 0 0 0 0 0 0 0 0 0 0 0 0 0 0 0 0 0 0 0 0 0 0 0 0 0 0 0 0 0 0 0 0 0 0 0 0 0 0 0 0 0 0 0 0 0 0 0 0 0 0 0 0 0 0 0 0 0 0 0 0 0 0 0 0 0 0 0 0 0 0 0 0 0 0 0 0 0 0 0 0 0 0 0 0 0 0 0 0 0 0 0 0 0 0 0 0 0 0 0 0 0 0 0 0 0 0 0 0 0 0 0 0 0 0 0 0 0 0 0 0 0 0 0 0 0 0 0 0 0 0 0 0 0 0 0 0 0 0 0 0 0 0 0 0 0 0 0 0 0 0 0 0 0 0 0 0 0 0 0 0 0 0 0 0 0 0 0 0 0 0 0 0 0 0 0 0 0 0 0 0 0 0 0 0 0 0 0 0 0 0 0 0 0 0 0 0 0 0 0 0 0 0 0 0 0 0 0 0 0 0 0 0 0 0 0 0 0 0 0 0 0 0 0 0 0 0 0 0 0 0 0 0 0 0 0 0 0 0 0 0 0 0 0 0 0 0 0 0 0 0 0 0 0 0 0 0 0 0 0 0 0 0 0 0 0 0 0 0 0 0 0 0 0 0 0 0 0 0 0 0 0 0 0 0 0 0 0 0 0 0 0 0 0 0 0 0 0 0 0 0 0 0 0 0 0 0 0 0 0 0 0 0 0 0 0 0 0 0 0 0 0 0 0 0 0 0 0 0 0 0 0 0 0 0 0 0 0 0 0 0 0 0 0 0 0 0 0 0 0 0 0 0 0 0 0 0 0 0 0 0 0 0 0 0 0 0 0 0 0 0 0 0 0 0 0 0 0 0 0 0 0 0 0 0 0 0 0 0 0 0 0 0 0 0 0 0 0 0 0 0 0 0 0 0 0 0 0 0 0 0 0 0 0 0 0 0 0 0 0 0 0 0 0 0 0 0 
0 0.00521654 0.00729211 0.0149841 0.0166059 0.0128535 0.0208481 0.00861687 0.00857331 0.0085832 0.00845329 0.0101949 0.00819103 0.00809275 0.00822034 0.00944619 0.008162 0.00832458 0.00814072 0.00823352 0.0086425 0.0085561 0.00815156 0.00831528 0.00824255 0.00836238 0.00928727 0.00928089 0.0100987 0.0109643 0.0196323 0.012989 0.0113145 0.0130856 0.0112169 0.0124674 0.0117316 0.0129956 0.0120932 0.0126957 0.012068 0.0176681 0.0144926 0.0126563 0.0130735 0.0135354 0.0134027 0.0139265 0.0138964 0.0142278 0.0137309 0.017376 0.0314264 0.02231 0.016348 0.0175375 0.0178616 0.0182468 0.0186463 0.01806 0.0269717 0.0313254 0.0282681 0.0262682 0.0285708 0.0288222 0.0279693 0.0345795 0.0374355 0.0373608 0.0393014 0.0348794 0.0384578 0.0441894 0.0433586 0.0370567 0.0439777 0.044246 0.0478912 0.0421105 0.0481874 0.0630232 0.0673634 0.0673983 0.0881515 0.0887336 0.0905004 0.0891626 0.0879889 0.0885081 0.0904611 0.115885 0.124905 0.148968 0.142715 0.151179 0.153894 0.16396 0.162756 0.199352 
0.00521654 0 0.168544 0.0561144 0.031786 0.0135183 0.0236438 0.0111003 0.00859033 0.00865544 0.00829291 0.00941436 0.010058 0.00817306 0.00791832 0.00940468 0.0086411 0.00909553 0.00867374 0.00861459 0.0101447 0.0099999 0.00842019 0.00854445 0.00859295 0.0084733 0.0114977 0.01048 0.0141991 0.0147827 0.031161 0.0226122 0.0160966 0.0190745 0.0149215 0.0180488 0.0167354 0.0200576 0.0181605 0.0200935 0.0171713 0.025204 0.0261969 0.019154 0.0200298 0.0213484 0.0214102 0.0224902 0.0226285 0.023156 0.0206016 0.0263274 0.0515212 0.0397787 0.0292354 0.0317725 0.0316942 0.0318749 0.0327203 0.0295309 0.0397302 0.0557803 0.0508861 0.0483724 0.0498513 0.0520114 0.0493821 0.0622133 0.0646561 0.0677408 0.0731938 0.0634762 0.0640988 0.0638196 0.0715009 0.0681603 0.0780061 0.0770426 0.0827887 0.0676176 0.0878132 0.104621 0.113937 0.113476 0.127784 0.126775 0.138058 0.125803 0.136748 0.129579 0.13439 0.178116 0.190123 0.205787 0.192224 0.222901 0.209783 0.202496 0.225024 0.253769 
0.00729211 0.168544 0 0.164843 0.0353607 0.0213549 0.0208959 0.00970383 0.00863064 0.00833304 0.00847771 0.00993392 0.00879355 0.00803599 0.00796006 0.0091047 0.00832147 0.00851847 0.00831407 0.00837378 0.00892135 0.008698 0.00823963 0.00831308 0.00826611 0.00839751 0.00987392 0.00943264 0.0113473 0.0121433 0.0203911 0.0158901 0.0121515 0.0132394 0.0119568 0.012714 0.0124865 0.0134221 0.013094 0.0135222 0.0132726 0.0172764 0.017851 0.013647 0.0137234 0.0143819 0.0145031 0.014758 0.0151476 0.0150498 0.0147486 0.0181863 0.0404746 0.0275056 0.0194833 0.0208451 0.0209797 0.0211645 0.0219301 0.0205057 0.0303461 0.0410902 0.0353223 0.0353269 0.0362105 0.0380491 0.036681 0.0470951 0.051182 0.0521002 0.0552976 0.0459063 0.0500263 0.0535896 0.0556451 0.0485986 0.0470097 0.04642 0.0492756 0.0491227 0.0668494 0.0839463 0.0789204 0.0715859 0.0742278 0.0759315 0.0849776 0.0826841 0.0820229 0.0840939 0.0987925 0.14256 0.145067 0.164629 0.146389 0.165936 0.169222 0.164505 0.177977 0.197086 
0.0149841 0.0561144 0.164843 0 0.150811 0.0192852 0.0281394 0.0102025 0.00849986 0.00833782 0.00837856 0.00981447 0.00921336 0.0079547 0.00797802 0.00880001 0.00863257 0.00884609 0.00826931 0.00847311 0.00921206 0.00899036 0.00835693 0.00836043 0.00821134 0.00832035 0.010405 0.00984704 0.0119818 0.0131857 0.0208466 0.0156616 0.0120438 0.0128759 0.0114676 0.0123722 0.0121516 0.013367 0.0126719 0.0133208 0.0133462 0.0172964 0.0175538 0.0130425 0.0131472 0.0139247 0.0140078 0.0142229 0.0145927 0.0144775 0.0145694 0.0176973 0.0415821 0.0250832 0.0180665 0.0194624 0.0197973 0.0195777 0.0208319 0.0194049 0.0301576 0.039731 0.0333935 0.0325547 0.0333482 0.0351938 0.0349837 0.0467037 0.0517235 0.0520267 0.05517 0.0426963 0.048889 0.0545401 0.0555944 0.0452072 0.0436733 0.0432121 0.0461314 0.0483573 0.0670532 0.0877018 0.0777628 0.0666892 0.0681908 0.0699868 0.0781453 0.0786942 0.0749216 0.0790908 0.0980762 0.139139 0.144504 0.158568 0.138896 0.159054 0.163172 0.151095 0.155937 0.188345 
0.0166059 0.031786 0.0353607 0.150811 0 0.0865134 0.0204338 0.0103759 0.00869303 0.0086427 0.00886399 0.0124228 0.00919307 0.00814114 0.00820886 0.0102015 0.00837787 0.00857388 0.00841314 0.00854261 0.00892917 0.00870428 0.00816585 0.00828914 0.00821297 0.00835637 0.00986962 0.00945831 0.0112069 0.0122822 0.017493 0.0136081 0.0112731 0.0121819 0.0112603 0.01203 0.0114751 0.0124116 0.0115643 0.012194 0.0118208 0.0148137 0.0149958 0.0123126 0.0124502 0.0127543 0.0132941 0.012874 0.0137343 0.0130891 0.0131017 0.0163374 0.031955 0.0200198 0.015297 0.0166355 0.0175037 0.016472 0.0182808 0.0154457 0.025907 0.0326671 0.0269656 0.0273651 0.0289211 0.0300358 0.0273283 0.0386381 0.0400552 0.0418812 0.0436024 0.0363379 0.0413393 0.048446 0.0443084 0.0374662 0.0376971 0.0374452 0.0395817 0.0398611 0.0568453 0.0721737 0.0612178 0.048828 0.0508858 0.0516105 0.0560608 0.0557675 0.0558252 0.0583069 0.0810707 0.105275 0.117967 0.129477 0.117943 0.134855 0.14132 0.130493 0.136683 0.169343 
0.0128535 0.0135183 0.0213549 0.0192852 0.0865134 0 0.00460569 0.0181765 0.0178592 0.0114118 0.0165519 0.0120162 0.00921893 0.00826274 0.00967534 0.00933012 0.00820029 0.00827174 0.00825489 0.00835681 0.00816778 0.00842334 0.00818312 0.00817965 0.00814507 0.0081904 0.00908015 0.00878013 0.0102105 0.0110201 0.0131061 0.0119211 0.0102587 0.00990419 0.0107003 0.0100893 0.0106012 0.00996625 0.0103166 0.00987686 0.0114854 0.0112531 0.0130507 0.0108223 0.0108836 0.0108927 0.011284 0.0112334 0.0114057 0.0114015 0.0117146 0.013271 0.0250229 0.0164557 0.0132797 0.0132352 0.0136487 0.0134547 0.0139921 0.0139834 0.0199222 0.0242074 0.020325 0.019953 0.0215056 0.0211432 0.0219972 0.027596 0.0318766 0.0308729 0.0324193 0.0267959 0.0328661 0.0374474 0.0356956 0.028306 0.0297298 0.0295948 0.0307651 0.0328027 0.0414636 0.0575734 0.0511939 0.0409442 0.042399 0.0433536 0.0458744 0.0471206 0.0448842 0.049663 0.0631991 0.0894502 0.0971088 0.112069 0.103778 0.11324 0.122674 0.113041 0.119711 0.139386 
0.0208481 0.0236438 0.0208959 0.0281394 0.0204338 0.00460569 0 0.019837 0.0174395 0.014927 0.0272421 0.0403833 0.0141887 0.00953066 0.00942611 0.0102918 0.0081816 0.00831518 0.00823838 0.00824053 0.00835178 0.00836348 0.00818607 0.00816858 0.00823741 0.00827098 0.00883695 0.00886337 0.00945849 0.00951579 0.0125889 0.0112079 0.00990913 0.0097452 0.00931416 0.00961486 0.00965273 0.00989252 0.00953295 0.00959681 0.00937062 0.0111071 0.0120497 0.0103966 0.0100529 0.0102675 0.010223 0.0103928 0.0104031 0.010478 0.0101141 0.0107652 0.0195891 0.0149457 0.0121711 0.0116735 0.0116801 0.0117075 0.0118584 0.0114754 0.0152047 0.0233445 0.017961 0.0172383 0.0175247 0.0183601 0.0168965 0.0205803 0.0258919 0.0236804 0.0284492 0.0225945 0.0247849 0.0314497 0.0317011 0.0234986 0.0237374 0.0235262 0.0251932 0.0249634 0.0312382 0.0442332 0.0404659 0.0335036 0.0342457 0.034752 0.037288 0.0373314 0.0370017 0.037895 0.0461398 0.0719201 0.077288 0.0928161 0.0853473 0.0895996 0.104545 0.0915674 0.0912595 0.103213 
0.00861687 0.0111003 0.00970383 0.0102025 0.0103759 0.0181765 0.019837 0 0.00464073 0.00378896 0.00528427 0.00421291 0.0258242 0.0127889 0.0125809 0.0581533 0.00849467 0.0087949 0.00831023 0.00864191 0.00853314 0.00825921 0.00807395 0.00825487 0.00809052 0.00830452 0.00859298 0.00841853 0.00895212 0.00884294 0.0107723 0.00928006 0.00890148 0.00928105 0.00894954 0.00902054 0.00889805 0.00905746 0.00890908 0.00889381 0.00901392 0.010157 0.00941551 0.00907038 0.00927381 0.00939581 0.00936579 0.00949417 0.00946405 0.00957003 0.00945402 0.0105288 0.0139024 0.0103682 0.00947656 0.00996493 0.00986513 0.00987586 0.00993586 0.010058 0.0120676 0.0123447 0.0110772 0.0109207 0.0113524 0.0109936 0.0109674 0.0137926 0.0137624 0.014095 0.0140218 0.0120137 0.012932 0.0151918 0.0140577 0.0125621 0.0148533 0.01498 0.0148938 0.0156159 0.0182792 0.0245452 0.0189341 0.0170666 0.0201082 0.020305 0.0210407 0.0224287 0.0207149 0.0227811 0.0270169 0.0395352 0.0424983 0.0424416 0.0412725 0.0522322 0.0538978 0.0439005 0.0444639 0.0599121 
0.00857331 0.00859033 0.00863064 0.00849986 0.00869303 0.0178592 0.0174395 0.00464073 0 0.00376223 0.00374114 0.00374226 0.0431783 0.0362359 0.0651691 0.0131661 0.00789676 0.00808872 0.00800215 0.00808813 0.0079733 0.00790253 0.00801302 0.00804308 0.00813622 0.0082182 0.00826589 0.00812902 0.00837572 0.00833372 0.00880567 0.00887656 0.00921168 0.00937596 0.00917621 0.0092958 0.00904241 0.00908961 0.00885371 0.00886334 0.00877607 0.00886947 0.00895071 0.00968476 0.00981178 0.00983195 0.00976207 0.00987929 0.00984673 0.00995293 0.00977854 0.00924335 0.00981093 0.00945164 0.00981278 0.0102134 0.0100727 0.0100544 0.0103255 0.0101086 0.00968396 0.0102896 0.0106161 0.0102627 0.0109618 0.0105042 0.0103418 0.0106091 0.0109573 0.0110123 0.0113588 0.0113903 0.0111702 0.011371 0.0118456 0.0119483 0.0138817 0.013859 0.0139562 0.0140837 0.0138471 0.0150785 0.0162506 0.016167 0.0178606 0.0179372 0.0179315 0.0191855 0.0181351 0.0191894 0.0215367 0.0304465 0.0326018 0.0345761 0.0329844 0.039175 0.0431346 0.0360683 0.0369875 0.0442146 
0.0085832 0.00865544 0.00833304 0.00833782 0.0086427 0.0114118 0.014927 0.00378896 0.00376223 0 0.00371569 0.00371397 0.0243771 0.0897136 0.0254808 0.0167842 0.00795645 0.00813855 0.00822115 0.00820763 0.00798862 0.00789086 0.00803314 0.00800666 0.00818864 0.00822625 0.00829314 0.00816058 0.00840765 0.00830416 0.00892313 0.00897677 0.00931202 0.00941774 0.00912456 0.00933553 0.00903864 0.00912239 0.00885187 0.0088938 0.00870931 0.00897754 0.00911462 0.00985794 0.0098481 0.0098525 0.0098077 0.00993427 0.00995884 0.00996291 0.00973408 0.00933104 0.0100723 0.00972321 0.00994783 0.01028 0.0102057 0.0102685 0.0103613 0.0100918 0.00961138 0.0103656 0.0111935 0.010341 0.0111911 0.0108299 0.0104803 0.0101388 0.0108828 0.0106704 0.0113744 0.0120001 0.0117718 0.0105862 0.0124963 0.0131347 0.0150685 0.0150413 0.0148398 0.015422 0.0132889 0.0157508 0.0183409 0.0179157 0.0188177 0.0194373 0.0188448 0.0220108 0.018145 0.019874 0.0211483 0.0316021 0.0322193 0.038535 0.034219 0.0373566 0.0454983 0.0389787 0.0367351 0.0417904 
0.00845329 0.00829291 0.00847771 0.00837856 0.00886399 0.0165519 0.0272421 0.00528427 0.00374114 0.00371569 0 0.00372338 0.0256436 0.0798247 0.188326 0.0219212 0.00789829 0.00807041 0.00814412 0.00809981 0.00795003 0.00785924 0.00803976 0.00799306 0.00816735 0.00812479 0.00813995 0.0080192 0.00832542 0.00830769 0.0084604 0.00904812 0.00901767 0.00892426 0.0088518 0.00899567 0.0088336 0.00882757 0.00873012 0.00874703 0.00867238 0.00856309 0.00901864 0.0093728 0.00945385 0.00949836 0.0094896 0.00955599 0.00955939 0.00960925 0.00984376 0.00889898 0.0093547 0.00941745 0.00966104 0.00970104 0.00970375 0.00968485 0.0098336 0.00989385 0.0089232 0.0110413 0.00996126 0.00974221 0.0100346 0.00989933 0.00951852 0.00985046 0.0109886 0.0101907 0.0116646 0.0108372 0.00997782 0.00994796 0.0116773 0.0119166 0.0122979 0.0121658 0.0127524 0.0125385 0.0124307 0.013499 0.0156394 0.0151865 0.0155184 0.0155947 0.016134 0.0164782 0.016244 0.0160819 0.0172242 0.0297006 0.029196 0.0333304 0.0293377 0.0318447 0.0407185 0.0337197 0.0312255 0.0383886 
0.0101949 0.00941436 0.00993392 0.00981447 0.0124228 0.0120162 0.0403833 0.00421291 0.00374226 0.00371397 0.00372338 0 0.0358424 0.0134503 0.0252032 0.225645 0.00841986 0.00892206 0.00846522 0.00822624 0.00861749 0.00857521 0.00811051 0.008037 0.00818894 0.00812302 0.00872677 0.00849843 0.0096664 0.0086887 0.0103976 0.0104615 0.00897668 0.00892276 0.00867068 0.00882357 0.00880914 0.00891085 0.0086914 0.00866624 0.0085215 0.00925165 0.0108184 0.00925756 0.00894207 0.0090155 0.00898355 0.00901675 0.00908203 0.00910168 0.00892291 0.0093854 0.0127411 0.0114389 0.00988268 0.00937559 0.00939681 0.00939904 0.00947905 0.00929991 0.0101175 0.0126925 0.0113419 0.010308 0.0103646 0.0104707 0.00999707 0.0107893 0.0129554 0.0117574 0.0141724 0.0117334 0.010901 0.0114276 0.0143997 0.0131691 0.0134373 0.0133384 0.0134918 0.0129795 0.0128581 0.0182138 0.0186086 0.0175074 0.0179366 0.0184908 0.0186366 0.0209693 0.0173475 0.0184695 0.0193095 0.0313305 0.0338225 0.0378263 0.0338794 0.0383705 0.0469398 0.0389938 0.0337459 0.043926 
0.00819103 0.010058 0.00879355 0.00921336 0.00919307 0.00921893 0.0141887 0.0258242 0.0431783 0.0243771 0.0256436 0.0358424 0 0.00376764 0.00394026 0.00543891 0.0122091 0.00990773 0.00859885 0.00878806 0.00880758 0.00834825 0.00805436 0.0082444 0.00801107 0.0081698 0.00855007 0.00831652 0.00878236 0.00870501 0.0102473 0.00867181 0.00847769 0.00856365 0.00842897 0.00844042 0.0084525 0.00851251 0.00840055 0.00843661 0.00846843 0.00968917 0.00871136 0.00855528 0.00854531 0.00858275 0.00858582 0.00863528 0.00861963 0.00864545 0.00874966 0.00957523 0.0123829 0.00937063 0.00871177 0.00879056 0.00875277 0.00875973 0.00880007 0.00900929 0.0107188 0.0100597 0.00970297 0.00923964 0.00953379 0.00945185 0.0096665 0.0113174 0.0110721 0.0117963 0.0109802 0.00994387 0.0109728 0.0122591 0.010709 0.0100428 0.0105022 0.0106782 0.0105103 0.0113192 0.0132142 0.0171292 0.0127401 0.0114217 0.0126053 0.0136131 0.0131924 0.0162072 0.01285 0.0163604 0.0173054 0.0241717 0.0248128 0.0260471 0.0260111 0.03096 0.0361455 0.0285017 0.0296708 0.0365309 
0.00809275 0.00817306 0.00803599 0.0079547 0.00814114 0.00826274 0.00953066 0.0127889 0.0362359 0.0897136 0.0798247 0.0134503 0.00376764 0 0.00391933 0.00379527 0.00830458 0.00819967 0.00799414 0.0080859 0.00793668 0.00790557 0.00791074 0.00799853 0.00812443 0.008107 0.00804224 0.00798664 0.00819106 0.00823339 0.00881269 0.00852371 0.00862213 0.00863889 0.0085466 0.0086521 0.00853678 0.00855452 0.00846607 0.00855569 0.00846976 0.00875823 0.00854767 0.00869927 0.00869652 0.00873425 0.00870385 0.00875366 0.00874174 0.00876023 0.00868688 0.00865638 0.00967656 0.00903585 0.00880766 0.00889272 0.00888601 0.00889295 0.00895859 0.008887 0.00898388 0.00904434 0.00964805 0.00899938 0.00922547 0.00923879 0.00919475 0.00947441 0.00951905 0.00983331 0.00965311 0.00971706 0.00954897 0.00984252 0.00996735 0.0100786 0.0101828 0.0102582 0.0102145 0.0107318 0.0103561 0.0123573 0.0114499 0.0111557 0.0119275 0.0121887 0.0125303 0.0134049 0.0121128 0.0138127 0.0136837 0.0182219 0.0199355 0.021022 0.0217468 0.0246297 0.0277615 0.0234873 0.0236172 0.0292364 
0.00822034 0.00791832 0.00796006 0.00797802 0.00820886 0.00967534 0.00942611 0.0125809 0.0651691 0.0254808 0.188326 0.0252032 0.00394026 0.00391933 0 0.00370181 0.00816443 0.00826368 0.00808831 0.00810346 0.00792531 0.00794664 0.00815813 0.00807145 0.0081377 0.00820669 0.0081336 0.00800023 0.00832704 0.00839216 0.00844446 0.00887119 0.00873972 0.00865502 0.00869206 0.00867463 0.00864278 0.00861217 0.00862388 0.00861514 0.00859545 0.00834133 0.00884532 0.00879349 0.0087526 0.00876957 0.00877758 0.0087991 0.00880763 0.00882085 0.00875 0.00855039 0.00923616 0.00918359 0.00904512 0.00894618 0.00896115 0.00897254 0.00903866 0.00888523 0.00871766 0.0109841 0.00929627 0.00978057 0.00962692 0.0097956 0.00925495 0.00997799 0.0107606 0.00999199 0.0114015 0.0101543 0.00966459 0.00992893 0.010565 0.0107733 0.0109036 0.0107323 0.0113667 0.0104988 0.0113757 0.0124521 0.0135232 0.0126268 0.0131251 0.0129807 0.0139571 0.0133922 0.0143002 0.0134547 0.0137163 0.0231652 0.0231367 0.0267363 0.0234735 0.0249766 0.034058 0.0260607 0.0235045 0.0287246 
0.00944619 0.00940468 0.0091047 0.00880001 0.0102015 0.00933012 0.0102918 0.0581533 0.0131661 0.0167842 0.0219212 0.225645 0.00543891 0.00379527 0.00370181 0 0.0111543 0.0106985 0.00983432 0.00875772 0.00932099 0.00910284 0.00854349 0.00808763 0.00847855 0.00825638 0.00894517 0.00845803 0.0107719 0.00848024 0.0110974 0.0104096 0.00880208 0.00875749 0.00844051 0.00861895 0.00855856 0.00877469 0.00853828 0.00864042 0.00840819 0.00940576 0.0106795 0.00900725 0.00869045 0.00879554 0.00878072 0.00882487 0.00884744 0.00887586 0.00873494 0.00903471 0.0131769 0.0117171 0.00945165 0.00906054 0.00904591 0.00901906 0.00905052 0.00899296 0.00959616 0.0124811 0.0112625 0.0097209 0.00994097 0.00997843 0.00983586 0.0102064 0.0125331 0.0111448 0.0138908 0.0110044 0.0103868 0.0103621 0.0144163 0.0117031 0.0110354 0.0111405 0.0109401 0.0115897 0.0113592 0.0173202 0.0160549 0.0140234 0.0136329 0.0141194 0.0141108 0.0167235 0.0130406 0.0145516 0.014738 0.0249034 0.0236941 0.0310475 0.0273382 0.0286973 0.0409974 0.0339419 0.0277546 0.0344294 
0.008162 0.0086411 0.00832147 0.00863257 0.00837787 0.00820029 0.0081816 0.00849467 0.00789676 0.00795645 0.00789829 0.00841986 0.0122091 0.00830458 0.00816443 0.0111543 0 0.887332 0.0300963 0.032418 0.0177028 0.0179086 0.0105396 0.0109431 0.0111254 0.0107599 0.0104308 0.0104936 0.0099878 0.00895061 0.00988877 0.00905991 0.00792434 0.00794695 0.00790989 0.00792068 0.00792697 0.00793598 0.00794775 0.00792873 0.00799113 0.00820389 0.00876457 0.00794944 0.00797894 0.00795499 0.00796869 0.0079709 0.00797633 0.00798885 0.0079874 0.00833281 0.0107418 0.00862443 0.00806903 0.00803399 0.00804594 0.00804158 0.0080619 0.0080658 0.00869057 0.00911667 0.00819074 0.00817078 0.00814333 0.00816073 0.00811305 0.0087022 0.00885866 0.00874867 0.00900139 0.00828625 0.00822449 0.00854906 0.00884387 0.00831682 0.00822587 0.00823948 0.00826631 0.00832507 0.00919883 0.0109708 0.00927371 0.00839071 0.00828043 0.00829021 0.00834354 0.00833641 0.00838759 0.00836045 0.00942565 0.0104319 0.0103422 0.0109583 0.00918616 0.0101756 0.0116318 0.00932603 0.00911894 0.0111158 
0.00832458 0.00909553 0.00851847 0.00884609 0.00857388 0.00827174 0.00831518 0.0087949 0.00808872 0.00813855 0.00807041 0.00892206 0.00990773 0.00819967 0.00826368 0.0106985 0.887332 0 0.0723518 0.0253775 0.0494849 0.0236 0.0141194 0.0144039 0.0181091 0.0150715 0.0129503 0.0101305 0.0103846 0.00889707 0.010266 0.00916391 0.0080735 0.00807945 0.0079755 0.00806091 0.00802878 0.00808654 0.00800119 0.00799556 0.00802604 0.00861127 0.00895262 0.00809624 0.00806148 0.00812166 0.00808805 0.00811432 0.00809666 0.00811985 0.00808557 0.00868396 0.0105241 0.00884521 0.00825668 0.00821332 0.00826399 0.0081959 0.00826878 0.00823009 0.00913511 0.00914175 0.00859381 0.00828927 0.00832335 0.00830153 0.00825538 0.00884788 0.00889493 0.00895887 0.00901172 0.00845587 0.00834312 0.0086838 0.00929809 0.0085085 0.00837609 0.00845656 0.00839846 0.00857457 0.00946072 0.0110238 0.00960565 0.0087735 0.00849501 0.00854836 0.00853399 0.0087285 0.00852389 0.00869462 0.00979728 0.0106577 0.010633 0.0111752 0.00957908 0.0108493 0.0118356 0.00934993 0.00926806 0.0115306 
0.00814072 0.00867374 0.00831407 0.00826931 0.00841314 0.00825489 0.00823838 0.00831023 0.00800215 0.00822115 0.00814412 0.00846522 0.00859885 0.00799414 0.00808831 0.00983432 0.0300963 0.0723518 0 0.445063 0.0321911 0.0223262 0.0116432 0.0143196 0.0127519 0.0141892 0.0112973 0.0110387 0.00983449 0.00881683 0.00933556 0.00879262 0.00800436 0.00795401 0.00794627 0.00798754 0.00795993 0.00797763 0.00794484 0.00794605 0.00795464 0.00820383 0.00858399 0.0080262 0.00800748 0.00804973 0.00803379 0.00804726 0.00804577 0.00804811 0.00801793 0.00844866 0.00944181 0.00841448 0.00807578 0.00807603 0.0081147 0.00809908 0.00812364 0.00809481 0.00868051 0.00853449 0.00819392 0.00813883 0.00817461 0.00815473 0.0081331 0.00850711 0.00852808 0.00858196 0.0085644 0.00823607 0.00820927 0.00842751 0.00865352 0.00828588 0.0083236 0.00835009 0.0083461 0.00840207 0.0090597 0.0100611 0.00904805 0.00838715 0.00838579 0.00839584 0.00840987 0.00842973 0.00842858 0.00869081 0.00918496 0.00963323 0.00986403 0.0100285 0.00881063 0.0100016 0.0102002 0.00862539 0.00872504 0.0100831 
0.00823352 0.00861459 0.00837378 0.00847311 0.00854261 0.00835681 0.00824053 0.00864191 0.00808813 0.00820763 0.00809981 0.00822624 0.00878806 0.0080859 0.00810346 0.00875772 0.032418 0.0253775 0.445063 0 0.0421386 0.0222895 0.0180219 0.0145344 0.0154744 0.013973 0.0133168 0.0128077 0.0103021 0.00885528 0.00895128 0.00854958 0.00799778 0.00803652 0.00799566 0.008033 0.00799219 0.00799403 0.00796483 0.00797067 0.0079691 0.00816893 0.00847993 0.00806488 0.00811018 0.00812938 0.00810075 0.00812313 0.00810047 0.00808256 0.0080366 0.0082211 0.0094234 0.00846599 0.00815901 0.00812337 0.00811413 0.0081024 0.00810294 0.00806204 0.00848723 0.00908994 0.00822752 0.00816042 0.00816687 0.00815925 0.00806696 0.0083379 0.00857005 0.00851898 0.00856455 0.00823171 0.00818059 0.00829893 0.0091293 0.00830929 0.00830206 0.00832418 0.00831892 0.00824806 0.00861667 0.00984685 0.0089979 0.00839539 0.00834705 0.00837619 0.00837663 0.00838326 0.00832485 0.00832463 0.00876096 0.00926324 0.00914154 0.00978322 0.00859249 0.00919948 0.00991776 0.00857239 0.00853184 0.00945063 
0.0086425 0.0101447 0.00892135 0.00921206 0.00892917 0.00816778 0.00835178 0.00853314 0.0079733 0.00798862 0.00795003 0.00861749 0.00880758 0.00793668 0.00792531 0.00932099 0.0177028 0.0494849 0.0321911 0.0421386 0 0.956256 0.0155321 0.02775 0.0155445 0.0299755 0.0196222 0.0189489 0.0125217 0.0105006 0.0128123 0.00932946 0.0080727 0.00807759 0.00791304 0.00798402 0.0079772 0.00803976 0.00794554 0.00794163 0.00801468 0.0091026 0.00893464 0.00804286 0.00798725 0.00799628 0.00798743 0.00801158 0.00798648 0.007997 0.00812516 0.00906872 0.0135855 0.00946501 0.00807046 0.00800002 0.00799245 0.00798308 0.00800289 0.00808467 0.00930534 0.00881108 0.00832419 0.00806676 0.00805779 0.00807255 0.00802531 0.00880305 0.00864146 0.00890854 0.00865646 0.00821563 0.00814549 0.00866051 0.00880437 0.00823204 0.00813483 0.00816329 0.00816899 0.00823382 0.00918402 0.0114294 0.00898604 0.00838766 0.00824894 0.0082896 0.00829209 0.0083423 0.00826157 0.00836997 0.00954608 0.00929617 0.00992557 0.00982185 0.00892822 0.0100585 0.0101728 0.00871674 0.00854241 0.0107401 
0.0085561 0.0099999 0.008698 0.00899036 0.00870428 0.00842334 0.00836348 0.00825921 0.00790253 0.00789086 0.00785924 0.00857521 0.00834825 0.00790557 0.00794664 0.00910284 0.0179086 0.0236 0.0223262 0.0222895 0.956256 0 0.0383438 0.00777306 0.0151793 0.0171125 0.0283559 0.0144222 0.011858 0.00956597 0.0115582 0.00872562 0.00804434 0.00800111 0.00791862 0.00799329 0.00792811 0.00796046 0.00791483 0.00789585 0.00799222 0.00875248 0.00851041 0.00796889 0.00792849 0.00793748 0.00796304 0.00795073 0.00793229 0.00792934 0.00803547 0.00863028 0.0123962 0.00895927 0.00792902 0.00792139 0.00792039 0.00791333 0.00792047 0.00796361 0.0088496 0.00870414 0.00811955 0.00798426 0.00798843 0.00801406 0.00796478 0.00862908 0.00849075 0.00862287 0.0085056 0.00804384 0.00809921 0.00850072 0.00853303 0.00807359 0.00811506 0.0081221 0.00813518 0.00817689 0.00888889 0.0104074 0.00859123 0.00823278 0.00821625 0.00823137 0.0082614 0.00834702 0.00827064 0.00831425 0.00908166 0.00920103 0.00955173 0.0094987 0.00873086 0.00970398 0.0100489 0.00862876 0.00848696 0.00998442 
0.00815156 0.00842019 0.00823963 0.00835693 0.00816585 0.00818312 0.00818607 0.00807395 0.00801302 0.00803314 0.00803976 0.00811051 0.00805436 0.00791074 0.00815813 0.00854349 0.0105396 0.0141194 0.0116432 0.0180219 0.0155321 0.0383438 0 0.00576177 0.00831304 0.862364 0.0115902 0.0112599 0.00955905 0.00889606 0.00872841 0.00913154 0.00818192 0.00809729 0.00843293 0.00819911 0.00821871 0.00802202 0.00806288 0.0080044 0.00822378 0.00838544 0.0086108 0.00811399 0.00818482 0.00818915 0.00825096 0.00831993 0.00828005 0.00809679 0.00814516 0.00845088 0.00900892 0.00974106 0.00819954 0.00808515 0.00804439 0.00805263 0.00803699 0.00811016 0.00857481 0.00843945 0.00808059 0.0081 0.0080034 0.00804657 0.00802168 0.00845643 0.0084928 0.00839178 0.00837629 0.00803626 0.00810481 0.00827946 0.00817758 0.00813745 0.00819036 0.00814828 0.00820943 0.00815001 0.00879112 0.00898058 0.00841471 0.00820799 0.00825433 0.00823668 0.0083043 0.00823691 0.00846686 0.00829589 0.00881994 0.00907082 0.00917549 0.00886099 0.00851817 0.00908044 0.00928979 0.00857699 0.00867554 0.00909591 
0.00831528 0.00854445 0.00831308 0.00836043 0.00828914 0.00817965 0.00816858 0.00825487 0.00804308 0.00800666 0.00799306 0.008037 0.0082444 0.00799853 0.00807145 0.00808763 0.0109431 0.0144039 0.0143196 0.0145344 0.02775 0.00777306 0.00576177 0 0.92766 0.00809558 0.014374 0.0109644 0.0100379 0.00874245 0.00871537 0.00898463 0.00806971 0.00801905 0.00798271 0.00803211 0.00797548 0.00797346 0.00797064 0.00794818 0.00794781 0.00808334 0.00866712 0.00804219 0.00800591 0.00800417 0.00798036 0.00801345 0.00801792 0.00800264 0.00804275 0.00817074 0.00873523 0.00855715 0.00806987 0.00799289 0.00800099 0.0079977 0.00797977 0.00798377 0.00814418 0.00848022 0.0081282 0.00797265 0.00795445 0.00796491 0.0079557 0.00804071 0.00821747 0.00814442 0.00839653 0.00805699 0.00797701 0.00811216 0.00847928 0.00814718 0.00817032 0.00813949 0.00808427 0.00811005 0.00815394 0.00881394 0.00858274 0.00829741 0.00822642 0.00821364 0.00821936 0.00825104 0.00819284 0.00824296 0.00832725 0.00873053 0.00851754 0.00918514 0.00847266 0.00848956 0.00930429 0.00848817 0.00833025 0.00864174 
0.00824255 0.00859295 0.00826611 0.00821134 0.00821297 0.00814507 0.00823741 0.00809052 0.00813622 0.00818864 0.00816735 0.00818894 0.00801107 0.00812443 0.0081377 0.00847855 0.0111254 0.0181091 0.0127519 0.0154744 0.0155445 0.0151793 0.00831304 0.92766 0 0.00448882 0.0246049 0.0152223 0.0110411 0.00898853 0.00926606 0.00978572 0.00832509 0.00824278 0.0084736 0.00819228 0.00826198 0.00813254 0.00824324 0.00807661 0.0083601 0.00847858 0.00885969 0.00816577 0.00827579 0.00828132 0.00831716 0.00833447 0.00830753 0.00826106 0.0082777 0.00884456 0.00942336 0.00975071 0.00815198 0.00821444 0.00822775 0.00821061 0.00818902 0.00819938 0.00875741 0.00865997 0.00812776 0.00810588 0.00804889 0.00803395 0.00801366 0.00830649 0.00817304 0.00846298 0.00814326 0.00812771 0.00800457 0.00815728 0.00819045 0.00827074 0.00827151 0.00829361 0.00824756 0.00829382 0.00870918 0.00912115 0.00828241 0.00832787 0.0082993 0.00834463 0.00829624 0.00836265 0.0082998 0.00835175 0.00876862 0.00863715 0.00885304 0.00866432 0.00859559 0.00897426 0.00867326 0.00844693 0.0084826 0.0091855 
0.00836238 0.0084733 0.00839751 0.00832035 0.00835637 0.0081904 0.00827098 0.00830452 0.0082182 0.00822625 0.00812479 0.00812302 0.0081698 0.008107 0.00820669 0.00825638 0.0107599 0.0150715 0.0141892 0.013973 0.0299755 0.0171125 0.862364 0.00809558 0.00448882 0 0.0465561 0.0139643 0.0130249 0.00926121 0.00901179 0.0101037 0.00850541 0.00836864 0.00835499 0.00833353 0.0083003 0.00826737 0.00820366 0.00812133 0.00812512 0.00824654 0.00949311 0.00844975 0.008435 0.00843588 0.00848193 0.00848764 0.00855779 0.00844652 0.00835414 0.00849557 0.00910015 0.00908822 0.00829231 0.00832602 0.00831749 0.00836354 0.0083161 0.00829342 0.00836243 0.00902743 0.00831711 0.00811158 0.00808958 0.00806571 0.00807481 0.00813389 0.0082642 0.00816161 0.0083839 0.00816421 0.00806419 0.00812391 0.00884318 0.00840813 0.00837619 0.00836711 0.0083198 0.00820506 0.0082611 0.00870682 0.00881013 0.00849361 0.00839276 0.00840847 0.0083555 0.00839728 0.00832483 0.0083706 0.0083911 0.00868607 0.00853058 0.00933201 0.00854842 0.00855136 0.00919349 0.00853984 0.00842925 0.00864306 
0.00928727 0.0114977 0.00987392 0.010405 0.00986962 0.00908015 0.00883695 0.00859298 0.00826589 0.00829314 0.00813995 0.00872677 0.00855007 0.00804224 0.0081336 0.00894517 0.0104308 0.0129503 0.0112973 0.0133168 0.0196222 0.0283559 0.0115902 0.014374 0.0246049 0.0465561 0 0.213271 0.0606003 0.0353209 0.0202904 0.013178 0.0091031 0.00874721 0.00846671 0.00856556 0.00853495 0.00858643 0.0082488 0.00809815 0.00837813 0.0107274 0.0121357 0.0088782 0.00868743 0.00868716 0.00864565 0.00871875 0.00862877 0.00857245 0.0090421 0.0116223 0.0156989 0.0113036 0.0084378 0.00825468 0.00834044 0.00834201 0.00823924 0.00868786 0.0115454 0.00954312 0.00816124 0.00806231 0.00798558 0.00801785 0.00801182 0.00919684 0.00917469 0.00927359 0.00911564 0.00804255 0.0080964 0.00889887 0.00961081 0.00814121 0.00816283 0.00813908 0.00808753 0.00820427 0.00931213 0.0123942 0.0103413 0.00814147 0.0081031 0.00812777 0.00809228 0.00813809 0.00806643 0.00813151 0.0093754 0.00886142 0.00908174 0.00920395 0.00835874 0.00928101 0.00891492 0.00828717 0.00820061 0.00925682 
0.00928089 0.01048 0.00943264 0.00984704 0.00945831 0.00878013 0.00886337 0.00841853 0.00812902 0.00816058 0.0080192 0.00849843 0.00831652 0.00798664 0.00800023 0.00845803 0.0104936 0.0101305 0.0110387 0.0128077 0.0189489 0.0144222 0.0112599 0.0109644 0.0152223 0.0139643 0.213271 0 0.14379 0.0599737 0.0313179 0.0110947 0.00873393 0.00841572 0.00844784 0.00826784 0.00844308 0.00817151 0.00809083 0.00798065 0.00839346 0.0103077 0.0104764 0.00844622 0.00834351 0.00834494 0.00850754 0.00837211 0.00835371 0.0084631 0.00890716 0.01089 0.0136944 0.00946335 0.00816091 0.0080956 0.0081824 0.00808735 0.0081456 0.00850579 0.0114275 0.0089796 0.00795807 0.00792043 0.00790476 0.00792526 0.00796678 0.00879111 0.00852862 0.00876259 0.008247 0.00791255 0.00807724 0.00872699 0.00876506 0.00795606 0.00800941 0.00795407 0.00799485 0.00800019 0.00896921 0.0105978 0.00834232 0.00793007 0.00792739 0.00792457 0.00793048 0.00790512 0.00791253 0.00796362 0.0088249 0.00820352 0.00858788 0.00846758 0.00807942 0.00867137 0.00847728 0.00805593 0.00795871 0.00885148 
0.0100987 0.0141991 0.0113473 0.0119818 0.0112069 0.0102105 0.00945849 0.00895212 0.00837572 0.00840765 0.00832542 0.0096664 0.00878236 0.00819106 0.00832704 0.0107719 0.0099878 0.0103846 0.00983449 0.0103021 0.0125217 0.011858 0.00955905 0.0100379 0.0110411 0.0130249 0.0606003 0.14379 0 0.128344 0.042467 0.0186018 0.0110388 0.0103894 0.00943451 0.00957636 0.00969551 0.00917243 0.00883911 0.00846697 0.00951916 0.0130628 0.014298 0.00978182 0.00940159 0.00971028 0.00952366 0.00950101 0.0098588 0.009364 0.0105701 0.0142876 0.0200118 0.0127483 0.00916108 0.00881611 0.00880027 0.00872945 0.008827 0.00962651 0.0128351 0.0102712 0.00832049 0.00823807 0.00811881 0.00818251 0.00814796 0.00989495 0.010135 0.00999155 0.00959436 0.00806474 0.00814623 0.00894695 0.00966558 0.00830569 0.00839733 0.00838367 0.00825087 0.00843223 0.00995784 0.0123716 0.0104766 0.00834679 0.00818724 0.00820488 0.00817579 0.00819575 0.00807147 0.00815732 0.00942405 0.0088116 0.00912901 0.00916178 0.00823348 0.00931051 0.00888084 0.00817062 0.00809568 0.00915026 
0.0109643 0.0147827 0.0121433 0.0131857 0.0122822 0.0110201 0.00951579 0.00884294 0.00833372 0.00830416 0.00830769 0.0086887 0.00870501 0.00823339 0.00839216 0.00848024 0.00895061 0.00889707 0.00881683 0.00885528 0.0105006 0.00956597 0.00889606 0.00874245 0.00898853 0.00926121 0.0353209 0.0599737 0.128344 0 0.16276 0.019832 0.0119579 0.00968666 0.00993912 0.00935639 0.00968902 0.00909728 0.00874415 0.0084134 0.00953793 0.0129629 0.0150488 0.0102762 0.00940139 0.00925882 0.00915574 0.00956901 0.0091811 0.00896151 0.0105316 0.0139509 0.018486 0.0113254 0.00907989 0.0085757 0.00863948 0.00850134 0.00854124 0.00909139 0.0135618 0.010618 0.00830677 0.00816987 0.0080631 0.00805581 0.00810794 0.00952268 0.0101183 0.00942587 0.00940224 0.0080674 0.00812984 0.00874489 0.00916687 0.00821587 0.00826089 0.00808558 0.00820626 0.00824632 0.00963403 0.01168 0.0092197 0.00801915 0.00803217 0.00802634 0.0080746 0.00796279 0.00811104 0.00803795 0.00915882 0.00854118 0.00871159 0.00859541 0.00804808 0.00862222 0.00852646 0.00802872 0.00801594 0.00879103 
0.0196323 0.031161 0.0203911 0.0208466 0.017493 0.0131061 0.0125889 0.0107723 0.00880567 0.00892313 0.0084604 0.0103976 0.0102473 0.00881269 0.00844446 0.0110974 0.00988877 0.010266 0.00933556 0.00895128 0.0128123 0.0115582 0.00872841 0.00871537 0.00926606 0.00901179 0.0202904 0.0313179 0.042467 0.16276 0 0.061086 0.0130694 0.0128868 0.00764509 0.0126347 0.00860189 0.0107072 0.00904557 0.0093252 0.0103396 0.0295167 0.0257576 0.0164478 0.0154651 0.0119908 0.0145026 0.0122873 0.0133505 0.012822 0.0137594 0.0226219 0.16266 0.0274548 0.0126396 0.0162026 0.010565 0.0133229 0.0105635 0.0117307 0.0222362 0.0123508 0.0139365 0.00876108 0.00904085 0.00898432 0.00924943 0.0128154 0.0130069 0.0120105 0.0127238 0.00890917 0.00868755 0.0102189 0.0139508 0.00952605 0.00890421 0.00897521 0.00883412 0.00970269 0.010933 0.0223731 0.0124813 0.00906121 0.00867749 0.00883986 0.00848674 0.0096747 0.00829607 0.00882423 0.0118 0.00956415 0.00914682 0.0102339 0.00874819 0.00941398 0.0106891 0.00859112 0.00813369 0.0104405 
0.012989 0.0226122 0.0158901 0.0156616 0.0136081 0.0119211 0.0112079 0.00928006 0.00887656 0.00897677 0.00904812 0.0104615 0.00867181 0.00852371 0.00887119 0.0104096 0.00905991 0.00916391 0.00879262 0.00854958 0.00932946 0.00872562 0.00913154 0.00898463 0.00978572 0.0101037 0.013178 0.0110947 0.0186018 0.019832 0.061086 0 0.00395189 0.00377798 0.00384188 0.00384056 0.00452549 0.00529455 0.00630037 0.00713601 0.0187637 0.0182824 0.0169369 0.0148335 0.0115151 0.0127004 0.0139733 0.0155094 0.0135883 0.0158243 0.0332088 0.606933 0.0293866 0.0346948 0.0209469 0.0162403 0.0162216 0.0159984 0.0165835 0.0197032 0.0373529 0.0154537 0.0123335 0.0107842 0.0108033 0.0102283 0.0114846 0.0209878 0.0125357 0.0172327 0.0112951 0.00956869 0.0108223 0.0146803 0.0123681 0.012049 0.012496 0.0128058 0.0121539 0.0125322 0.0196112 0.0153839 0.0131473 0.0109775 0.0106702 0.0110512 0.0109517 0.0106082 0.00986396 0.0110447 0.0157232 0.00900827 0.011031 0.0098914 0.00963571 0.0112034 0.00968898 0.00831515 0.00916624 0.011246 
0.0113145 0.0160966 0.0121515 0.0120438 0.0112731 0.0102587 0.00990913 0.00890148 0.00921168 0.00931202 0.00901767 0.00897668 0.00847769 0.00862213 0.00873972 0.00880208 0.00792434 0.0080735 0.00800436 0.00799778 0.0080727 0.00804434 0.00818192 0.00806971 0.00832509 0.00850541 0.0091031 0.00873393 0.0110388 0.0119579 0.0130694 0.00395189 0 0.00379947 0.00376135 0.00380255 0.00398131 0.00452791 0.00571082 0.00698015 0.0103695 0.00863438 0.00990753 0.0126683 0.0130791 0.0138195 0.0187812 0.0156169 0.0236431 0.0390698 0.62457 0.0665063 0.013464 0.0168932 0.0343994 0.0236236 0.0280646 0.027634 0.0297865 0.035188 0.0164185 0.0115926 0.0112711 0.0127575 0.0101568 0.0110065 0.011614 0.0116424 0.0104702 0.0105063 0.00985836 0.00994444 0.00995422 0.00959948 0.00996882 0.0154063 0.0180673 0.0186814 0.0169017 0.0142137 0.0114817 0.0094654 0.010628 0.0122869 0.0149828 0.0134684 0.0135905 0.0114056 0.0122596 0.011611 0.0107717 0.00867383 0.00852218 0.0087522 0.00896115 0.00909214 0.00846435 0.00849647 0.00885706 0.00930414 
0.0130856 0.0190745 0.0132394 0.0128759 0.0121819 0.00990419 0.0097452 0.00928105 0.00937596 0.00941774 0.00892426 0.00892276 0.00856365 0.00863889 0.00865502 0.00875749 0.00794695 0.00807945 0.00795401 0.00803652 0.00807759 0.00800111 0.00809729 0.00801905 0.00824278 0.00836864 0.00874721 0.00841572 0.0103894 0.00968666 0.0128868 0.00377798 0.00379947 0 0.00374461 0.00376156 0.00383892 0.00389659 0.00437218 0.00638125 0.00598867 0.0103558 0.00938763 0.0105446 0.0129298 0.0174818 0.0122413 0.0262787 0.0327274 0.627135 0.0790801 0.0156502 0.0115692 0.0152581 0.0163894 0.0397979 0.0307699 0.0413723 0.0585778 0.0229092 0.014166 0.0102836 0.0176451 0.0111366 0.0165597 0.0117996 0.0104674 0.0101725 0.00922475 0.00926003 0.0097683 0.00967405 0.00924085 0.0090034 0.0107599 0.0137936 0.0291243 0.032133 0.0217391 0.0162812 0.010084 0.00953391 0.0106208 0.013787 0.0183092 0.0223883 0.0141264 0.02183 0.0116977 0.0141242 0.00956109 0.00849013 0.00832416 0.00892244 0.00895294 0.00856846 0.00858405 0.00878982 0.00896696 0.00857483 
0.0112169 0.0149215 0.0119568 0.0114676 0.0112603 0.0107003 0.00931416 0.00894954 0.00917621 0.00912456 0.0088518 0.00867068 0.00842897 0.0085466 0.00869206 0.00844051 0.00790989 0.0079755 0.00794627 0.00799566 0.00791304 0.00791862 0.00843293 0.00798271 0.0084736 0.00835499 0.00846671 0.00844784 0.00943451 0.00993912 0.00764509 0.00384188 0.00376135 0.00374461 0 0.00372431 0.00375938 0.00381306 0.00397769 0.00410104 0.00496916 0.00576682 0.00801307 0.00993442 0.0162577 0.0107014 0.0162718 0.023273 0.652874 0.0727656 0.024971 0.0112962 0.00943887 0.0112738 0.0229389 0.0231109 0.0381234 0.0388619 0.0359417 0.0205545 0.012242 0.0140463 0.00966979 0.0225687 0.0124967 0.0139979 0.00977078 0.0102391 0.00992557 0.00929309 0.0102247 0.00950548 0.00901438 0.00868089 0.00950165 0.0165943 0.0304649 0.0315532 0.0280409 0.0103776 0.0114659 0.00872529 0.0102486 0.012448 0.0213466 0.0195782 0.0215765 0.0119952 0.0217462 0.0104576 0.00976382 0.00876998 0.00844581 0.00893711 0.00844504 0.00860269 0.00867533 0.0085391 0.00920086 0.00844263 
