1KHTC
KNKVVVVTGVPGVGSTTSSQLAMDNLRKEGVNYKMVSFGSVMFEVAKEENLVSDRDQMRKMDPETQKRIQKMAGRKIAEMAKESPVAVDTHSTVSTPKGYLPGLPSWVLNELNPDLIIVVETTGDEILMRRMSDETRVRDLDTASTIEQHQFMNRCAAMSYGVLTGATVKIVQNRNGLLDQAVEELTNVLR
CCCEEEEEECCCCCHHHHHHHHHHHHHCCCCCCEEEEHHHHCCCCCCCCCCCCCCCCHHHCCHHHHCHHHHHHHHHHHHHCCCCCEEEECCCEEEECCEEEECCCHHHHHHHCCCEEEEEECCHHHHHHHHCCCCCCCCCCCCHHHHHHHHHHHHHHHHHHHHHHCCEEEEEECCCCCHHHHHHHHHHHHC
0 0 0 0 0 0 0 0 0 0 0 0 0 0 0 0 0 0 0 0 0 0 0 0 0 0 0 0 0 0 0 0 0 0 0 0 0 0 0 0 0 0 0 0 0 0 0 0 0 0 0 0 0 0 0 0 0 0 0 0 0 0 0 0 0 0 0 0 0 0 0 0 0 0 0 0 0 0 0 0 0 0 0 0 0 0 0 0 0 0 0 0 0 0 0 0 0 0 0 0 0 0 0 0 0 0 0 0 0 0 0 0 0 0 0 0 0 0 0 0 0 0 0 0 0 0 0 0 0 0 0 0 0 0 0 0 0 0 0 0 0 0 0 0 0 0 0 0 0 0 0 0 0 0 0 0 0 0 0 0 0 0 0 0 0 0 0 0 0 0 0 0 0 0 0 0 0 0 0 0 0 0 0 0 0 0 0 0 0 0 0 
0 0 0 0 0 0 0 0 0 0 0 0 0 0 0 0 0 0 0 0 0 0 0 0 0 0 0 0 0 0 0 0 0 0 0 0 0 0 0 0 0 0 0 0 0 0 0 0 0 0 0 0 0 0 0 0 0 0 0 0 0 0 0 0 0 0 0 0 0 0 0 0 0 0 0 0 0 0 0 0 0 0 0 0 0 0 0 0 0 0 0 0 0 0 0 0 0 0 0 0 0 0 0 0 0 0 0 0 0 0 0 0 0 0 0 0 0 0 0 0 0 0 0 0 0 0 0 0 0 0 0 0 0 0 0 0 0 0 0 0 0 0 0 0 0 0 0 0 0 0 0 0 0 0 0 0 0 0 0 0 0 0 0 0 0 0 0 0 0 0 0 0 0 0 0 0 0 0 0 0 0 0 0 0 0 0 0 0 0 0 0 
0 0.00406673 0.00377165 0.00403153 0.00390857 0.00653866 0.449424 0.0214629 0.0310184 0.0225496 0.0525018 0.0117553 0.0122156 0.0129207 0.0124388 0.00981841 0.00963791 0.0122689 0.0136856 0.00941869 0.00889663 0.0124982 0.0263698 0.0116859 0.0169744 0.0112264 0.0103337 0.0127216 0.00888527 0.00943392 0.00936567 0.00932098 0.00908048 0.00935776 
0.00406673 0 0.00382279 0.00376472 0.00388119 0.00407923 0.0648086 0.490217 0.0375928 0.019506 0.0267022 0.128462 0.0278096 0.0120947 0.0102748 0.0143152 0.0133534 0.00933279 0.0120796 0.0225635 0.0116656 0.0108427 0.0180855 0.0435217 0.0373968 0.0296704 0.0212916 0.0106276 0.00908209 0.0103608 0.0117082 0.0104864 0.0100244 0.00894622 
0.00377165 0.00382279 0 0.00376953 0.00378237 0.00378423 0.0965932 0.0802829 0.151029 0.0143962 0.0180207 0.0640087 0.0607139 0.0131579 0.0103184 0.0153963 0.0148448 0.00873041 0.0136155 0.0216262 0.0155118 0.0124576 0.0164794 0.047775 0.0924445 0.0800599 0.025472 0.0106837 0.00961632 0.011133 0.016026 0.0142425 0.0105513 0.00910337 
0.00403153 0.00376472 0.00376953 0 0.00378038 0.00375916 0.0315225 0.132617 0.0804948 0.0289476 0.0160168 0.0458291 0.0457416 0.0136067 0.00911034 0.0144533 0.0105286 0.0087869 0.0102106 0.0159947 0.0153986 0.0118098 0.0146861 0.0256097 0.0849627 0.056114 0.0269356 0.0100485 0.00887193 0.0108391 0.0119752 0.0126935 0.00967342 0.00852288 
0.00390857 0.00388119 0.00378237 0.00378038 0 0.00377571 0.0224378 0.0399609 0.196612 0.0475556 0.0149243 0.0257136 0.0387488 0.0131599 0.0106255 0.00958589 0.0106245 0.00855756 0.0104118 0.0143905 0.0135637 0.0111335 0.0108445 0.0186452 0.0265927 0.0224022 0.0175236 0.0102299 0.00902188 0.0096122 0.010666 0.00958012 0.00885108 0.00829729 
0.00653866 0.00407923 0.00378423 0.00375916 0.00377571 0 0.0194397 0.0187758 0.0328125 0.180154 0.0218325 0.0119236 0.0128631 0.0167795 0.0169127 0.00911088 0.00858873 0.00940852 0.0150265 0.00933818 0.00887152 0.0111162 0.0184381 0.0146789 0.0111767 0.0103525 0.0106256 0.0116782 0.00960504 0.00868079 0.00876614 0.00904814 0.00837938 0.00821218 
0.449424 0.0648086 0.0965932 0.0315225 0.0224378 0.0194397 0 0.00418042 0.00379922 0.00498705 0.161843 0.0113091 0.0126311 0.0138198 0.0104994 0.00845741 0.00999111 0.0103885 0.0101412 0.00929158 0.00837178 0.0117938 0.0115963 0.00913381 0.0106763 0.00947868 0.00869908 0.0120362 0.00868352 0.00811416 0.00867242 0.00832288 0.00807205 0.00906712 
0.0214629 0.490217 0.0802829 0.132617 0.0399609 0.0187758 0.00418042 0 0.00372141 0.00372217 0.0343255 0.334689 0.0141785 0.0109596 0.00932724 0.0103187 0.0104801 0.00849312 0.00942852 0.0124517 0.0098415 0.00889671 0.0113086 0.019742 0.0170521 0.0177641 0.0103689 0.00897765 0.00831797 0.00864596 0.00943221 0.00873281 0.00839806 0.00815261 
0.0310184 0.0375928 0.151029 0.0804948 0.196612 0.0328125 0.00379922 0.00372141 0 0.00370333 0.0212247 0.0265734 0.388465 0.0113692 0.0101671 0.0147751 0.00921079 0.00906783 0.0111177 0.0120836 0.0127759 0.00948293 0.012167 0.0144902 0.0236835 0.0167238 0.0221128 0.00903773 0.00852497 0.0100252 0.00888605 0.00976468 0.00893894 0.00817715 
0.0225496 0.019506 0.0143962 0.0289476 0.0475556 0.180154 0.00498705 0.00372217 0.00370333 0 0.0145672 0.0205213 0.0299189 0.309659 0.0213626 0.00883298 0.0127277 0.00961064 0.0145857 0.0116434 0.00902982 0.0123189 0.0127607 0.0119219 0.0118665 0.0117393 0.00949883 0.0125003 0.0109214 0.00833566 0.00913717 0.0085275 0.00825819 0.0084285 
0.0525018 0.0267022 0.0180207 0.0160168 0.0149243 0.0218325 0.161843 0.0343255 0.0212247 0.0145672 0 0.00396649 0.00379519 0.00404122 0.00580076 0.00677175 0.0252933 0.21353 0.014039 0.00919179 0.0103012 0.0237599 0.0566295 0.042198 0.0355242 0.0168348 0.0158643 0.0280217 0.0126596 0.0157594 0.0115264 0.0138446 0.010729 0.0132976 
0.0117553 0.128462 0.0640087 0.0458291 0.0257136 0.0119236 0.0113091 0.334689 0.0265734 0.0205213 0.00396649 0 0.00384004 0.00379905 0.00525138 0.0332173 0.205422 0.0540157 0.0117505 0.0202788 0.0235143 0.0100804 0.0487909 0.125827 0.0899466 0.091279 0.0347961 0.018025 0.0117724 0.0186124 0.0490442 0.0239048 0.0170084 0.00928455 
0.0122156 0.0278096 0.0607139 0.0457416 0.0387488 0.0128631 0.0126311 0.0141785 0.388465 0.0299189 0.00379519 0.00384004 0 0.00382172 0.030024 0.142802 0.0340655 0.00660964 0.0121208 0.0235558 0.029303 0.0105588 0.018983 0.0751055 0.0795626 0.0830113 0.18053 0.0245691 0.0116036 0.0237707 0.0212677 0.0292332 0.0269593 0.00986348 
0.0129207 0.0120947 0.0131579 0.0136067 0.0131599 0.0167795 0.0138198 0.0109596 0.0113692 0.309659 0.00404122 0.00379905 0.00382172 0 0.144743 0.00605347 0.00448569 0.00503411 0.0293287 0.00925499 0.00701999 0.0337542 0.0334322 0.0136142 0.0261652 0.0228592 0.0316468 0.113707 0.0159899 0.0104949 0.0114418 0.0107342 0.010188 0.0113378 
0.0124388 0.0102748 0.0103184 0.00911034 0.0106255 0.0169127 0.0104994 0.00932724 0.0101671 0.0213626 0.00580076 0.00525138 0.030024 0.144743 0 0.00375499 0.00377689 0.00510135 0.00477832 0.00555116 0.0270884 0.70936 0.0189805 0.0178069 0.0131215 0.0127971 0.0127369 0.043628 0.0117878 0.00964122 0.0111308 0.00957492 0.00914548 0.0159718 
0.00981841 0.0143152 0.0153963 0.0144533 0.00958589 0.00911088 0.00845741 0.0103187 0.0147751 0.00883298 0.00677175 0.0332173 0.142802 0.00605347 0.00375499 0 0.00633286 0.00372537 0.0042446 0.0122151 0.700361 0.00578755 0.0144016 0.0201033 0.0293482 0.0177711 0.0237175 0.0108184 0.00896006 0.0161805 0.0115296 0.0141055 0.0115696 0.00851823 
0.00963791 0.0133534 0.0148448 0.0105286 0.0106245 0.00858873 0.00999111 0.0104801 0.00921079 0.0127277 0.0252933 0.205422 0.0340655 0.00448569 0.00377689 0.00633286 0 0.00376278 0.00414012 0.696465 0.00427053 0.00432579 0.012652 0.0194417 0.0149755 0.0240913 0.0134379 0.0162508 0.0123767 0.00974055 0.0158377 0.0110706 0.00928483 0.00877721 
0.0122689 0.00933279 0.00873041 0.0087869 0.00855756 0.00940852 0.0103885 0.00849312 0.00906783 0.00961064 0.21353 0.0540157 0.00660964 0.00503411 0.00510135 0.00372537 0.00376278 0 0.789648 0.00391263 0.0041222 0.0038758 0.0163265 0.0112956 0.0119104 0.00962313 0.0122389 0.0129817 0.0117923 0.0109961 0.0102177 0.00907908 0.00878955 0.00844538 
0.0136856 0.0120796 0.0136155 0.0102106 0.0104118 0.0150265 0.0101412 0.00942852 0.0111177 0.0145857 0.014039 0.0117505 0.0121208 0.0293287 0.00477832 0.0042446 0.00414012 0.789648 0 0.00375166 0.00379147 0.00421382 0.0285809 0.0262388 0.0226398 0.0208868 0.0164349 0.0374046 0.0132905 0.0131218 0.0123338 0.0123358 0.0103235 0.0187166 
0.00941869 0.0225635 0.0216262 0.0159947 0.0143905 0.00933818 0.00929158 0.0124517 0.0120836 0.0116434 0.00919179 0.0202788 0.0235558 0.00925499 0.00555116 0.0122151 0.696465 0.00391263 0.00375166 0 0.00425047 0.00371599 0.0370976 0.0563011 0.0406622 0.0637223 0.0381992 0.0167685 0.0113837 0.0158883 0.0287078 0.0184947 0.0176527 0.0094433 
0.00889663 0.0116656 0.0155118 0.0153986 0.0135637 0.00887152 0.00837178 0.0098415 0.0127759 0.00902982 0.0103012 0.0235143 0.029303 0.00701999 0.0270884 0.700361 0.00427053 0.0041222 0.00379147 0.00425047 0 0.00387333 0.0153906 0.0293023 0.0420181 0.0603275 0.0626302 0.013783 0.00910224 0.014476 0.0125502 0.0177401 0.0172395 0.00871118 
0.0124982 0.0108427 0.0124576 0.0118098 0.0111335 0.0111162 0.0117938 0.00889671 0.00948293 0.0123189 0.0237599 0.0100804 0.0105588 0.0337542 0.70936 0.00578755 0.00432579 0.0038758 0.00421382 0.00371599 0.00387333 0 0.0157295 0.0193997 0.0310708 0.0143707 0.0401391 0.055006 0.0180707 0.011608 0.0123306 0.0111671 0.0102757 0.0112986 
0.0263698 0.0180855 0.0164794 0.0146861 0.0108445 0.0184381 0.0115963 0.0113086 0.012167 0.0127607 0.0566295 0.0487909 0.018983 0.0334322 0.0189805 0.0144016 0.012652 0.0163265 0.0285809 0.0370976 0.0153906 0.0157295 0 0.00404976 0.00380454 0.00383383 0.00386629 0.00470765 0.525527 0.0362719 0.0249437 0.0239216 0.0142859 0.0203473 
0.0116859 0.0435217 0.047775 0.0256097 0.0186452 0.0146789 0.00913381 0.019742 0.0144902 0.0119219 0.042198 0.125827 0.0751055 0.0136142 0.0178069 0.0201033 0.0194417 0.0112956 0.0262388 0.0563011 0.0293023 0.0193997 0.00404976 0 0.00375063 0.00375926 0.00383561 0.00406532 0.0609578 0.560645 0.0509701 0.0703713 0.0476239 0.0129337 
0.0169744 0.0373968 0.0924445 0.0849627 0.0265927 0.0111767 0.0106763 0.0170521 0.0236835 0.0118665 0.0355242 0.0899466 0.0795626 0.0261652 0.0131215 0.0293482 0.0149755 0.0119104 0.0226398 0.0406622 0.0420181 0.0310708 0.00380454 0.00375063 0 0.00376409 0.0037577 0.0037899 0.0696606 0.0767819 0.525274 0.135293 0.0678054 0.0130037 
0.0112264 0.0296704 0.0800599 0.056114 0.0224022 0.0103525 0.00947868 0.0177641 0.0167238 0.0117393 0.0168348 0.091279 0.0830113 0.0228592 0.0127971 0.0177711 0.0240913 0.00962313 0.0208868 0.0637223 0.0603275 0.0143707 0.00383383 0.00375926 0.00376409 0 0.00372615 0.00373968 0.0361139 0.0953913 0.18724 0.51059 0.035907 0.0162137 
0.0103337 0.0212916 0.025472 0.0269356 0.0175236 0.0106256 0.00869908 0.0103689 0.0221128 0.00949883 0.0158643 0.0347961 0.18053 0.0316468 0.0127369 0.0237175 0.0134379 0.0122389 0.0164349 0.0381992 0.0626302 0.0401391 0.00386629 0.00383561 0.0037577 0.00372615 0 0.00382751 0.0182957 0.0854076 0.0691185 0.0695136 0.5069 0.0132632 
0.0127216 0.0106276 0.0106837 0.0100485 0.0102299 0.0116782 0.0120362 0.00897765 0.00903773 0.0125003 0.0280217 0.018025 0.0245691 0.113707 0.043628 0.0108184 0.0162508 0.0129817 0.0374046 0.0167685 0.013783 0.055006 0.00470765 0.00406532 0.0037899 0.00373968 0.00382751 0 0.0280636 0.0221815 0.0329111 0.0314739 0.0361505 0.337684 
0.00888527 0.00908209 0.00961632 0.00887193 0.00902188 0.00960504 0.00868352 0.00831797 0.00852497 0.0109214 0.0126596 0.0117724 0.0116036 0.0159899 0.0117878 0.00896006 0.0123767 0.0117923 0.0132905 0.0113837 0.00910224 0.0180707 0.525527 0.0609578 0.0696606 0.0361139 0.0182957 0.0280636 0 0.00526413 0.00386859 0.00383119 0.00391117 0.0113601 
0.00943392 0.0103608 0.011133 0.0108391 0.0096122 0.00868079 0.00811416 0.00864596 0.0100252 0.00833566 0.0157594 0.0186124 0.0237707 0.0104949 0.00964122 0.0161805 0.00974055 0.0109961 0.0131218 0.0158883 0.014476 0.011608 0.0362719 0.560645 0.0767819 0.0953913 0.0854076 0.0221815 0.00526413 0 0.00379423 0.00385038 0.00460852 0.00450926 
0.00936567 0.0117082 0.016026 0.0119752 0.010666 0.00876614 0.00867242 0.00943221 0.00888605 0.00913717 0.0115264 0.0490442 0.0212677 0.0114418 0.0111308 0.0115296 0.0158377 0.0102177 0.0123338 0.0287078 0.0125502 0.0123306 0.0249437 0.0509701 0.525274 0.18724 0.0691185 0.0329111 0.00386859 0.00379423 0 0.00375961 0.00373078 0.00377028 
0.00932098 0.0104864 0.0142425 0.0126935 0.00958012 0.00904814 0.00832288 0.00873281 0.00976468 0.0085275 0.0138446 0.0239048 0.0292332 0.0107342 0.00957492 0.0141055 0.0110706 0.00907908 0.0123358 0.0184947 0.0177401 0.0111671 0.0239216 0.0703713 0.135293 0.51059 0.0695136 0.0314739 0.00383119 0.00385038 0.00375961 0 0.00371777 0.00372115 
0.00908048 0.0100244 0.0105513 0.00967342 0.00885108 0.00837938 0.00807205 0.00839806 0.00893894 0.00825819 0.010729 0.0170084 0.0269593 0.010188 0.00914548 0.0115696 0.00928483 0.00878955 0.0103235 0.0176527 0.0172395 0.0102757 0.0142859 0.0476239 0.0678054 0.035907 0.5069 0.0361505 0.00391117 0.00460852 0.00373078 0.00371777 0 0.00379114 
0.00935776 0.00894622 0.00910337 0.00852288 0.00829729 0.00821218 0.00906712 0.00815261 0.00817715 0.0084285 0.0132976 0.00928455 0.00986348 0.0113378 0.0159718 0.00851823 0.00877721 0.00844538 0.0187166 0.0094433 0.00871118 0.0112986 0.0203473 0.0129337 0.0130037 0.0162137 0.0132632 0.337684 0.0113601 0.00450926 0.00377028 0.00372115 0.00379114 0 
