1KT3A
ERDCRVSSFRVKENFDKARFAGTWYAMAKKDPEGLFLQDNIVAEFSVDENGHMSATAKGRVRLLNNWDVCADMVGTFTDTEDPAKFKMKYWGVASFLQKGNDDHWIIDTDYETFAVQYSCRLLNLDGTCADSYSFVFARDPSGFSPEVQKIVRQRQEELCLARQYRLIPHNGYCD
CCCCCHHHCCCCCCCCHHHHCEEEEEEEEECCCCCCCCEEEEEEEEECCCCCEEEEEEEEEECCCCCEEEEEEEEEEEECCCCCEEEEEEEECCCCCCCEEEEEEEEEECCCCEEEEEEEEEECCCCCEEEEEEEEEECCCCCCCHHHHHHHHHHHHHCCCCCCCEECCCCCCCC
0 0 0 0 0 0 0 0 0 0 0 0 0 0 0 0 0 0 0 0 0 0 0 0 0 0 0 0 0 0 0 0 0 0 0 0 0 0 0 0 0 0 0 0 0 0 0 0 0 0 0 0 0 0 0 0 0 0 0 0 0 0 0 0 0 0 0 0 0 0 0 0 0 0 0 0 0 0 0 0 0 0 0 0 0 0 0 0 0 0 0 0 0 0 0 0 0 0 0 0 0 0 0 0 0 0 0 0 0 0 0 0 0 0 0 0 0 0 0 0 0 0 0 0 0 0 0 0 0 0 0 0 0 0 0 0 0 0 0 0 0 0 0 0 0 0 0 0 0 0 0 0 0 0 0 0 0 0 0 0 0 0 0 0 0 0 0 0 0 0 0 0 0 0 0 
0 0 0 0 0 0 0 0 0 0 0 0 0 0 0 0 0 0 0 0 0 0 0 0 0 0 0 0 0 0 0 0 0 0 0 0 0 0 0 0 0 0 0 0 0 0 0 0 0 0 0 0 0 0 0 0 0 0 0 0 0 0 0 0 0 0 0 0 0 0 0 0 0 0 0 0 0 0 0 0 0 0 0 0 0 0 0 0 0 0 0 0 0 0 0 0 0 0 0 0 0 0 0 0 0 0 0 0 0 0 0 0 0 0 0 0 0 0 0 0 0 0 0 0 0 0 0 0 0 0 0 0 0 0 0 0 0 0 0 0 0 0 0 0 0 0 0 0 0 0 0 0 0 0 0 0 0 0 0 0 0 0 0 0 0 0 0 0 0 0 0 0 0 0 0 
0 0.00374513 0.00380982 0.00373296 0.00372703 0.00373083 0.00385737 0.00486182 0.00842341 0.00732781 0.00682687 0.0126831 0.00802416 0.0129755 0.00885099 0.124434 0.0106635 0.0759522 0.0103714 0.00830578 0.0115723 0.00858837 0.0120823 0.00832873 0.0105413 0.00896385 0.0156409 0.0147779 0.00853918 0.00953275 0.00875022 0.00985437 0.00837307 0.0106486 0.00844009 0.0108893 0.00856838 0.0101488 0.00859443 0.0137907 0.0085348 0.00959646 0.00829004 0.0105449 0.00819504 0.00917627 0.00836018 0.0148147 0.0087856 0.00798083 0.00823018 0.00798528 0.00855964 0.00855357 0.00901379 0.00896457 0.00847355 0.0102101 0.00880027 0.00808682 0.00882757 0.00818701 0.00862048 0.00816147 0.00878869 0.00805507 0.0084065 0.00899056 0.00846222 0.0079405 0.00813954 0.00805673 0.00830679 0.00824326 0.00841161 0.00829909 0.00834551 0.00914537 0.00797609 0.00818161 
0.00374513 0 0.00373193 0.00377005 0.00385238 0.00371742 0.00378819 0.00413564 0.00391429 0.00676921 0.0102872 0.0075579 0.014189 0.00776451 0.186339 0.00840142 0.0775559 0.00864965 0.00829627 0.018975 0.00827684 0.0183428 0.00828414 0.0147747 0.00843582 0.0246503 0.00910398 0.0136918 0.00931584 0.00871499 0.0123267 0.00842592 0.0155846 0.00830621 0.0138608 0.00850761 0.0172551 0.00825663 0.0237302 0.00846914 0.0094545 0.00838793 0.010965 0.00830718 0.0139068 0.00821741 0.0120518 0.00830184 0.00797581 0.00877053 0.00800322 0.00977048 0.00857589 0.0100328 0.00926838 0.0090417 0.00906689 0.00831443 0.00808603 0.00932111 0.00846715 0.00912751 0.00827309 0.00942963 0.00809688 0.00866418 0.0080263 0.00817189 0.00786955 0.00842734 0.00817481 0.00847022 0.00830487 0.00885278 0.00874057 0.00906466 0.00862717 0.00827779 0.00799188 0.00808601 
0.00380982 0.00373193 0 0.00371554 0.00371534 0.00375195 0.00450838 0.0039965 0.0039077 0.00718979 0.00665893 0.0138983 0.00782449 0.231046 0.00859556 0.128274 0.00855477 0.0105954 0.00975681 0.00834646 0.0262772 0.00830939 0.0240176 0.00835578 0.035622 0.00895124 0.0144243 0.00910144 0.00832551 0.0127886 0.00870455 0.0314379 0.00850758 0.0275781 0.00871792 0.0293428 0.00856596 0.0340438 0.00853124 0.00883892 0.00832619 0.0130653 0.00850734 0.0366618 0.00837928 0.0263618 0.00840464 0.00899253 0.00838854 0.00806808 0.0103127 0.00832365 0.0123442 0.0105242 0.0136192 0.0130204 0.00897055 0.00865257 0.00836634 0.0084553 0.0123578 0.00934746 0.012618 0.00841548 0.0131756 0.00828281 0.00829771 0.00807094 0.00825277 0.00809768 0.00912412 0.00859271 0.00969734 0.00884325 0.0121893 0.00947288 0.00868961 0.00830344 0.00794397 0.00801611 
0.00373296 0.00377005 0.00371554 0 0.00369675 0.00375704 0.00367468 0.00370268 0.00380054 0.00629372 0.00840255 0.00735263 0.149943 0.00853258 0.114942 0.0126718 0.016266 0.0110573 0.00830952 0.0160334 0.00850398 0.0226243 0.00851481 0.0286711 0.00913852 0.0250423 0.00910748 0.0153119 0.00973372 0.00881729 0.0247434 0.00916979 0.0377386 0.00923598 0.0265038 0.00902014 0.0561143 0.00876132 0.0108657 0.00880959 0.0107198 0.00870217 0.0311417 0.00862119 0.0272097 0.00912989 0.0119276 0.00857188 0.00813125 0.00963544 0.00847899 0.0132576 0.0112644 0.0195512 0.0187752 0.0157037 0.0102302 0.00864382 0.00866863 0.0107377 0.0123648 0.0176064 0.0107926 0.0174725 0.009008 0.0105472 0.00823931 0.00808343 0.00808209 0.00918787 0.00967047 0.00992982 0.0104317 0.0131256 0.0115281 0.0123215 0.00910588 0.00840374 0.00815223 0.00798647 
0.00372703 0.00385238 0.00371534 0.00369675 0 0.00371338 0.00370327 0.00372362 0.0037356 0.00654522 0.00658543 0.04736 0.00900409 0.0940199 0.0149642 0.0229849 0.0114235 0.00884812 0.0098399 0.00847206 0.0169058 0.00883421 0.0234714 0.00902861 0.0213966 0.0103279 0.0190184 0.0108846 0.00855011 0.0184969 0.00994092 0.0366063 0.00952254 0.0307416 0.00945221 0.0512571 0.00942969 0.0152744 0.00937037 0.00896887 0.00883539 0.0188945 0.00994797 0.0326416 0.00921702 0.020044 0.00931935 0.00959538 0.00903799 0.0084718 0.0116417 0.00929709 0.0232723 0.0336958 0.0313331 0.0302758 0.0117208 0.00956638 0.00905631 0.0117444 0.0276787 0.0154271 0.0353186 0.010773 0.0171242 0.00931886 0.0085419 0.00816331 0.00851014 0.00877748 0.0115815 0.0113871 0.0159445 0.0145506 0.0209495 0.0159583 0.0105463 0.00854599 0.00802757 0.00809342 
0.00373083 0.00371742 0.00375195 0.00375704 0.00371338 0 0.00369903 0.00372819 0.00374506 0.00746819 0.0109726 0.0118162 0.0281575 0.0125235 0.0158244 0.0100814 0.0103311 0.00863374 0.00863511 0.0109176 0.00985034 0.0161766 0.00985929 0.0150067 0.0125499 0.025376 0.0111633 0.0129082 0.00941396 0.00994599 0.020388 0.0106572 0.0220523 0.0110134 0.0285095 0.0106593 0.0187376 0.00948646 0.00967128 0.00856896 0.0107153 0.0103549 0.0251136 0.0105559 0.0166085 0.0110055 0.0101127 0.00884052 0.00850613 0.00899509 0.00917557 0.0133624 0.0207699 0.0258457 0.0323422 0.0267118 0.0124537 0.00915135 0.00913012 0.0145329 0.0185616 0.0327644 0.0141695 0.018203 0.0105243 0.0110554 0.00845274 0.00816938 0.00845696 0.00924869 0.00983863 0.0126759 0.0131646 0.0167206 0.0163962 0.0185573 0.0100045 0.00872027 0.00807115 0.00802852 
0.00385737 0.00378819 0.00450838 0.00367468 0.00370327 0.00369903 0 0.00372152 0.00370913 0.0148245 0.0113075 0.0238238 0.0155222 0.0177372 0.00891464 0.0116089 0.00854391 0.00958333 0.00928061 0.00937642 0.0214256 0.00981386 0.0158104 0.0101257 0.0197134 0.0129424 0.0147108 0.0110631 0.00892864 0.0166368 0.0115582 0.0244494 0.00998335 0.0331991 0.0103345 0.0190346 0.0104175 0.0128952 0.0090811 0.00877409 0.00952169 0.0243053 0.012106 0.0171978 0.0103517 0.0159527 0.00972077 0.00923549 0.00879998 0.00887181 0.0116314 0.0108502 0.0194314 0.0264805 0.0346373 0.0327744 0.012814 0.0102644 0.00948988 0.0122098 0.0323818 0.0167971 0.0259321 0.0123343 0.0156371 0.00973688 0.00868519 0.00820033 0.00861578 0.00894931 0.0111535 0.0118387 0.0146111 0.0137743 0.0186524 0.0173943 0.0104955 0.00892137 0.00811513 0.00816001 
0.00486182 0.00413564 0.0039965 0.00370268 0.00372362 0.00372819 0.00372152 0 0.00380802 0.0124056 0.0500932 0.012754 0.0148048 0.00802137 0.0102407 0.00757368 0.0127221 0.00760266 0.0093632 0.0231861 0.00883952 0.0127936 0.00881893 0.0115984 0.00928456 0.0138815 0.0114514 0.0114757 0.0112861 0.00957099 0.0128443 0.00941175 0.0162433 0.0095363 0.0123253 0.0092765 0.0124125 0.00887587 0.0103384 0.0085064 0.013305 0.0102508 0.012464 0.00908572 0.0107536 0.00919226 0.0104857 0.00875069 0.00882398 0.00927539 0.00869893 0.00966008 0.0101906 0.0118968 0.0127373 0.0110508 0.0122778 0.00896216 0.00995453 0.0118907 0.0100882 0.0127457 0.00985896 0.0105798 0.00885371 0.00880973 0.00831561 0.00810758 0.00877474 0.00869606 0.0087033 0.00928218 0.00997603 0.0102259 0.00982396 0.0100554 0.00927243 0.00837757 0.00815292 0.00801101 
0.00842341 0.00391429 0.0039077 0.00380054 0.0037356 0.00374506 0.00370913 0.00380802 0 0.0940958 0.0095587 0.0134972 0.00662245 0.0100393 0.00663089 0.0101561 0.00719328 0.0105129 0.0254414 0.00940558 0.0103341 0.00908059 0.011436 0.00885612 0.0104003 0.00977144 0.0110424 0.0160998 0.0110438 0.0114586 0.00922418 0.0113269 0.00859354 0.0101636 0.00862396 0.010219 0.00878712 0.00981074 0.00861934 0.00959282 0.01494 0.0130152 0.00873296 0.010171 0.00852551 0.00928141 0.00846605 0.00915847 0.0140872 0.00859847 0.00861957 0.00856063 0.00960068 0.00958158 0.00953339 0.00943581 0.00897843 0.00981565 0.0197331 0.00965219 0.00919826 0.0093947 0.00970125 0.00896034 0.00895729 0.00841793 0.00816814 0.00844354 0.01222 0.00834786 0.00858203 0.00905935 0.00904133 0.00911999 0.00878586 0.00911699 0.00860843 0.00896799 0.00842619 0.00806046 
0.00732781 0.00676921 0.00718979 0.00629372 0.00654522 0.00746819 0.0148245 0.0124056 0.0940958 0 0.00378446 0.00373633 0.00372813 0.00383953 0.00382107 0.00404697 0.00399141 0.00673045 0.0069151 0.00680754 0.00783304 0.00787507 0.00866103 0.00810611 0.013636 0.0167865 0.363714 0.10882 0.00956555 0.0110042 0.00916423 0.0101319 0.00863868 0.0098009 0.0087934 0.0111838 0.00893478 0.00979256 0.00894825 0.0155373 0.0109792 0.0108444 0.00876351 0.0105112 0.00863462 0.0104522 0.00881742 0.0345195 0.0101316 0.00829874 0.00858187 0.00839624 0.00998197 0.00982363 0.0104654 0.00954902 0.00912369 0.011932 0.0111049 0.00896332 0.00933138 0.00888399 0.00949193 0.00849967 0.00999063 0.00828685 0.00857344 0.00929852 0.00894969 0.00832895 0.00839877 0.00841198 0.00884044 0.00851574 0.00953455 0.00895516 0.00904081 0.0100153 0.00798433 0.00839055 
0.00682687 0.0102872 0.00665893 0.00840255 0.00658543 0.0109726 0.0113075 0.0500932 0.0095587 0.00378446 0 0.00373665 0.00371317 0.003712 0.00388745 0.0037621 0.00481766 0.00694023 0.00584711 0.00825094 0.00692651 0.0109294 0.00754307 0.0164906 0.0103705 0.717105 0.0312919 0.0232518 0.0107373 0.0090582 0.0130368 0.00901329 0.0148595 0.00887013 0.0146367 0.00900296 0.0150458 0.00862651 0.0152994 0.00872344 0.0131737 0.00932001 0.0158658 0.00879816 0.0155041 0.00902905 0.0323866 0.00864413 0.00884829 0.0105426 0.00852793 0.0113138 0.0116367 0.0148595 0.016756 0.0117437 0.0128201 0.0089381 0.00947926 0.0147449 0.0109996 0.0136748 0.00980926 0.0140808 0.00866905 0.0154977 0.00898637 0.00843427 0.00825553 0.00963322 0.00899704 0.010717 0.00934952 0.0129883 0.0100112 0.0168791 0.00942988 0.00893753 0.0082297 0.00812922 
0.0126831 0.0075579 0.0138983 0.00735263 0.04736 0.0118162 0.0238238 0.012754 0.0134972 0.00373633 0.00373665 0 0.00371678 0.00375496 0.00375464 0.00484134 0.00380317 0.00427605 0.00786161 0.00637225 0.0151126 0.00745394 0.0239654 0.00970931 0.839312 0.0157938 0.034911 0.0098621 0.00870782 0.0219201 0.00879211 0.0430888 0.00862837 0.0460631 0.00881459 0.040523 0.00881322 0.0286381 0.00882506 0.00986558 0.00897286 0.0342649 0.00888034 0.0474608 0.0088091 0.0741824 0.00890398 0.0106727 0.0100501 0.00857145 0.0201619 0.00899885 0.0318508 0.0237126 0.0319394 0.0409566 0.0111624 0.0103362 0.0105529 0.0108255 0.035348 0.0142405 0.0346503 0.0103348 0.0377992 0.00902215 0.0120737 0.00862179 0.0091508 0.00890528 0.0148157 0.0121363 0.0247328 0.0133737 0.0482007 0.0215715 0.0122617 0.00902986 0.00803866 0.00811808 
0.00802416 0.014189 0.00782449 0.149943 0.00900409 0.0281575 0.0155222 0.0148048 0.00662245 0.00372813 0.00371317 0.00371678 0 0.00372737 0.00389926 0.0037279 0.00407843 0.00376462 0.00579203 0.0132904 0.00670057 0.0189483 0.00900884 0.931965 0.0133531 0.0386941 0.00846546 0.017355 0.0110023 0.00828764 0.0314848 0.00847082 0.050726 0.00854049 0.0369852 0.00873972 0.0630151 0.00847209 0.0216574 0.00834661 0.0154338 0.00859268 0.0649377 0.0085351 0.0823851 0.00888986 0.0198897 0.00853972 0.00846874 0.0124732 0.00857944 0.0217234 0.0118345 0.0292273 0.0303813 0.0180128 0.0142188 0.0086535 0.00919668 0.0154031 0.0128642 0.0309301 0.0103798 0.0374245 0.00891349 0.0187116 0.00851403 0.00850108 0.00830191 0.0112715 0.00957547 0.0141409 0.0106963 0.0269104 0.0119165 0.0244043 0.00982002 0.00850039 0.00866953 0.00817596 
0.0129755 0.00776451 0.231046 0.00853258 0.0940199 0.0125235 0.0177372 0.00802137 0.0100393 0.00383953 0.003712 0.00375496 0.00372737 0 0.00371551 0.00422954 0.00376071 0.00409406 0.00923634 0.006066 0.0228113 0.00763986 0.981432 0.0111151 0.0316043 0.00794199 0.0241493 0.00944439 0.00807488 0.0258301 0.00844149 0.0609789 0.00840365 0.0428545 0.00856966 0.0579513 0.0085604 0.0503515 0.00859706 0.0101199 0.00874541 0.0477104 0.00866215 0.102547 0.00862957 0.0474962 0.00877191 0.0114501 0.0113652 0.0084042 0.0206578 0.00856811 0.0306631 0.0190919 0.0259759 0.0294668 0.010769 0.0105675 0.0101758 0.0102499 0.0343077 0.0116092 0.0511067 0.00932022 0.034729 0.00871904 0.00978292 0.00855225 0.00983974 0.00868235 0.0134568 0.0100512 0.0262784 0.0111674 0.030576 0.0139345 0.0105671 0.00904937 0.00810105 0.00815007 
0.00885099 0.186339 0.00859556 0.114942 0.0149642 0.0158244 0.00891464 0.0102407 0.00663089 0.00382107 0.00388745 0.00375464 0.00389926 0.00371551 0 0.00369639 0.00400754 0.00371466 0.00538168 0.0180223 0.0070488 0.983673 0.00989386 0.0224151 0.00716389 0.0218059 0.0076927 0.0175723 0.0125385 0.00833188 0.0371269 0.00834243 0.0453083 0.00852059 0.0332055 0.00853663 0.0627296 0.00839284 0.0178222 0.00860601 0.0187372 0.00852771 0.100228 0.00851852 0.0550873 0.0087248 0.0182834 0.00852506 0.00847794 0.012913 0.00840761 0.0228793 0.0104909 0.0224025 0.0190135 0.0133671 0.0135697 0.00859505 0.00913893 0.0137465 0.0113861 0.031725 0.00955426 0.0287602 0.00871191 0.0151357 0.00851567 0.00861382 0.00826691 0.0105905 0.00919759 0.0146663 0.00997186 0.0218854 0.0110737 0.0231374 0.00950959 0.00852737 0.00882017 0.00843904 
0.124434 0.00840142 0.128274 0.0126718 0.0229849 0.0100814 0.0116089 0.00757368 0.0101561 0.00404697 0.0037621 0.00484134 0.0037279 0.00422954 0.00369639 0 0.00370669 0.00383857 0.0123374 0.00580698 0.989781 0.00761309 0.0314307 0.00694424 0.0173723 0.00749379 0.017821 0.00870817 0.00801005 0.0203717 0.00823621 0.0373983 0.00814279 0.0310056 0.0083325 0.0315598 0.00833525 0.0251112 0.00847885 0.0100475 0.00865101 0.0483755 0.00849287 0.0432515 0.0085073 0.0269942 0.00858769 0.0102606 0.0112229 0.00824196 0.0167772 0.00842588 0.0173488 0.0128319 0.0146713 0.016743 0.00921474 0.00959935 0.0102212 0.00920557 0.0191989 0.00970496 0.0193034 0.00887887 0.0197349 0.00850323 0.00914412 0.00853952 0.00987604 0.00833947 0.0104358 0.0101357 0.0151465 0.00941647 0.0184833 0.0108743 0.00921656 0.00889509 0.00802572 0.00812251 
0.0106635 0.0775559 0.00855477 0.016266 0.0114235 0.0103311 0.00854391 0.0127221 0.00719328 0.00399141 0.00481766 0.00380317 0.00407843 0.00376071 0.00400754 0.00370669 0 0.00373491 0.00526609 0.993643 0.006652 0.0160877 0.00619245 0.0112208 0.00644192 0.015114 0.00806674 0.0127797 0.0161588 0.00830758 0.0159564 0.0081607 0.0167641 0.00836224 0.0141887 0.00842024 0.0169876 0.00844327 0.0127711 0.00861232 0.0189377 0.00883161 0.0200528 0.00852583 0.0143129 0.00863409 0.0117893 0.00853751 0.00840671 0.0110572 0.00826645 0.00956253 0.00895716 0.00975338 0.0104024 0.00907272 0.0105625 0.00837896 0.00935775 0.0124117 0.00862102 0.0108182 0.0087405 0.0110541 0.00840961 0.00891747 0.00823589 0.00832776 0.0084669 0.00892585 0.00823763 0.00899355 0.00851138 0.00955314 0.00869859 0.00951336 0.00893485 0.0083246 0.00830406 0.00817997 
0.0759522 0.00864965 0.0105954 0.0110573 0.00884812 0.00863374 0.00958333 0.00760266 0.0105129 0.00673045 0.00694023 0.00427605 0.00376462 0.00409406 0.00371466 0.00383857 0.00373491 0 0.99452 0.00518914 0.00745394 0.00505159 0.00930847 0.00564709 0.00981954 0.00695048 0.0096053 0.0079461 0.00901246 0.0117224 0.00797433 0.0104914 0.00789849 0.00940549 0.00827207 0.0108046 0.00830851 0.0116167 0.0100109 0.0102445 0.012212 0.0141569 0.0083334 0.0120433 0.00831129 0.00935169 0.00849173 0.00939887 0.0169095 0.0081489 0.00839604 0.00825389 0.00858275 0.00896931 0.00888114 0.00887568 0.00862121 0.00942786 0.0182771 0.00893785 0.00879263 0.00852354 0.00894919 0.00849161 0.00891703 0.00829166 0.00816005 0.00887358 0.0137577 0.00818331 0.00821083 0.00836388 0.00859451 0.00864095 0.00858928 0.00871915 0.00832993 0.00902383 0.00825906 0.00797985 
0.0103714 0.00829627 0.00975681 0.00830952 0.0098399 0.00863511 0.00928061 0.0093632 0.0254414 0.0069151 0.00584711 0.00786161 0.00579203 0.00923634 0.00538168 0.0123374 0.00526609 0.99452 0 0.00375282 0.00390236 0.00377388 0.00474933 0.00385488 0.00437933 0.00456447 0.00997314 0.00902619 0.00624051 0.00771232 0.00759394 0.010762 0.0075811 0.00990185 0.00785982 0.0110318 0.00958152 0.397889 0.0101621 0.0279236 0.00945155 0.0118124 0.0083572 0.0138193 0.00819901 0.0157747 0.00876509 0.031548 0.0123912 0.00837849 0.00881087 0.00820631 0.00969015 0.00926178 0.00989941 0.00977371 0.00973978 0.0197923 0.011807 0.00861988 0.00925232 0.0086284 0.00975328 0.00841116 0.0109981 0.00820033 0.0094221 0.0133157 0.0100886 0.00820275 0.00849092 0.00832192 0.00879914 0.00846968 0.00905951 0.008598 0.00924519 0.0197627 0.0080975 0.00892806 
0.00830578 0.018975 0.00834646 0.0160334 0.00847206 0.0109176 0.00937642 0.0231861 0.00940558 0.00680754 0.00825094 0.00637225 0.0132904 0.006066 0.0180223 0.00580698 0.993643 0.00518914 0.00375282 0 0.00374624 0.00388881 0.00371016 0.00393755 0.00375963 0.0051513 0.00409944 0.0102097 0.00786671 0.00647602 0.0114576 0.00718665 0.0143186 0.00746438 0.0155752 0.00817301 0.871952 0.00841271 0.0239347 0.00824271 0.0169426 0.00850549 0.0221265 0.00825704 0.032624 0.00835989 0.0286251 0.00854596 0.00955537 0.0121902 0.00832694 0.0110386 0.00910356 0.0127071 0.0123734 0.0100581 0.0140153 0.0088318 0.00902558 0.0127137 0.00916903 0.0136502 0.0087535 0.0162394 0.00843642 0.0120513 0.00867098 0.0087712 0.00816381 0.0103741 0.00847774 0.009803 0.00867949 0.0124692 0.0087834 0.0117754 0.0120122 0.0087185 0.00846022 0.00841129 
0.0115723 0.00827684 0.0262772 0.00850398 0.0169058 0.00985034 0.0214256 0.00883952 0.0103341 0.00783304 0.00692651 0.0151126 0.00670057 0.0228113 0.0070488 0.989781 0.006652 0.00745394 0.00390236 0.00374624 0 0.00371067 0.00391897 0.00373199 0.0043659 0.00380185 0.00513792 0.00450841 0.00578278 0.0125113 0.00710278 0.0201469 0.00714629 0.0220245 0.00835476 0.947289 0.00831684 0.0463504 0.00808788 0.00992876 0.00835626 0.031907 0.00839633 0.048004 0.00836785 0.065513 0.00846989 0.0199513 0.0121849 0.00840708 0.0155239 0.00838922 0.0190634 0.0139557 0.0173018 0.0237064 0.0099399 0.0108566 0.0108167 0.00940689 0.0245477 0.0105081 0.0288933 0.00871904 0.027986 0.00860972 0.0117156 0.00866684 0.00991989 0.00854207 0.011658 0.00929395 0.0189665 0.00976748 0.0262825 0.0150007 0.0103339 0.00915647 0.00816594 0.00806297 
0.00858837 0.0183428 0.00830939 0.0226243 0.00883421 0.0161766 0.00981386 0.0127936 0.00908059 0.00787507 0.0109294 0.00745394 0.0189483 0.00763986 0.983673 0.00761309 0.0160877 0.00505159 0.00377388 0.00388881 0.00371067 0 0.00370424 0.0038385 0.00378306 0.00475302 0.00378415 0.00503174 0.0126488 0.00626198 0.0221654 0.00696356 0.0252131 0.00830362 0.933398 0.00863774 0.0497953 0.00795395 0.0316705 0.00820084 0.0186178 0.00828478 0.0419613 0.00829552 0.0713832 0.00832656 0.0309363 0.00852481 0.00852114 0.0141487 0.00831854 0.0196962 0.00977421 0.0188196 0.0196347 0.0118011 0.0120136 0.00906135 0.00946936 0.0146914 0.0104225 0.0257842 0.00906812 0.0291456 0.00872578 0.0198353 0.0082973 0.00893978 0.00842504 0.0121974 0.00896875 0.0145995 0.00933641 0.0220497 0.0130947 0.02217 0.00954675 0.0088826 0.00886871 0.00827755 
0.0120823 0.00828414 0.0240176 0.00851481 0.0234714 0.00985929 0.0158104 0.00881893 0.011436 0.00866103 0.00754307 0.0239654 0.00900884 0.981432 0.00989386 0.0314307 0.00619245 0.00930847 0.00474933 0.00371016 0.00391897 0.00370424 0 0.00369472 0.0038933 0.00373785 0.00390158 0.00381252 0.00531673 0.0151039 0.00668974 0.0146116 0.00758007 0.952969 0.00808022 0.0329324 0.00789336 0.0334219 0.00806679 0.0095823 0.00827548 0.025483 0.0082967 0.0891795 0.00817654 0.0649335 0.00850613 0.0109331 0.0130099 0.00832612 0.017137 0.00831076 0.0210658 0.0149029 0.0193067 0.0204546 0.0101501 0.01058 0.0110095 0.00929821 0.0265811 0.00984408 0.0323329 0.00925082 0.0283415 0.00841124 0.0105468 0.00872349 0.0102446 0.00847896 0.0116845 0.00953105 0.0201113 0.0106276 0.0280517 0.012172 0.0110227 0.00908434 0.00804496 0.00805187 
0.00832873 0.0147747 0.00835578 0.0286711 0.00902861 0.0150067 0.0101257 0.0115984 0.00885612 0.00810611 0.0164906 0.00970931 0.931965 0.0111151 0.0224151 0.00694424 0.0112208 0.00564709 0.00385488 0.00393755 0.00373199 0.0038385 0.00369472 0 0.00369703 0.00375041 0.00373357 0.00402883 0.00919827 0.00583602 0.0156253 0.00675466 0.927603 0.00789196 0.0325242 0.007356 0.0267261 0.00796595 0.0147339 0.00780404 0.0131125 0.00825753 0.0960613 0.00817028 0.0448646 0.008405 0.0154776 0.00857002 0.00836901 0.0121134 0.00831562 0.0176821 0.0102358 0.0232234 0.0177914 0.0139594 0.0140461 0.00887296 0.0088816 0.0156961 0.0105105 0.0312326 0.010537 0.0251141 0.00856564 0.0179721 0.00836412 0.00854729 0.00819852 0.0107796 0.00913707 0.015197 0.010078 0.0229037 0.0110868 0.0229949 0.00967528 0.00867748 0.00843605 0.00808567 
0.0105413 0.00843582 0.035622 0.00913852 0.0213966 0.0125499 0.0197134 0.00928456 0.0104003 0.013636 0.0103705 0.839312 0.0133531 0.0316043 0.00716389 0.0173723 0.00644192 0.00981954 0.00437933 0.00375963 0.0043659 0.00378306 0.0038933 0.00369703 0 0.00369981 0.00378386 0.00378302 0.00440669 0.00984196 0.00733559 0.937712 0.00823765 0.0350331 0.00682877 0.0255651 0.00760541 0.0172214 0.00798234 0.00902838 0.00836193 0.0900254 0.0083073 0.0459992 0.00836238 0.0242177 0.00868645 0.0105272 0.0117268 0.00831737 0.0182587 0.00867584 0.0310209 0.0175096 0.0252307 0.0291912 0.0115056 0.0106202 0.0126948 0.0103982 0.0350608 0.0129927 0.0435151 0.00974417 0.0307381 0.00873167 0.0100043 0.00841706 0.00993959 0.00900722 0.0153027 0.0123568 0.029839 0.012079 0.0354492 0.0175863 0.0112904 0.00932844 0.00805701 0.00802313 
0.00896385 0.0246503 0.00895124 0.0250423 0.0103279 0.025376 0.0129424 0.0138815 0.00977144 0.0167865 0.717105 0.0157938 0.0386941 0.00794199 0.0218059 0.00749379 0.015114 0.00695048 0.00456447 0.0051513 0.00380185 0.00475302 0.00373785 0.00375041 0.00369981 0 0.00369903 0.00377924 0.00744391 0.0070954 0.935243 0.00697565 0.0308182 0.00631094 0.0205861 0.00701095 0.0203416 0.00779257 0.016648 0.00883999 0.034462 0.00828323 0.0612073 0.00855512 0.0295649 0.00900334 0.0155668 0.00904519 0.00877327 0.0169578 0.008859 0.0231665 0.0126699 0.0332216 0.0328749 0.0222172 0.0173743 0.00942306 0.00927852 0.024708 0.0200184 0.0444537 0.0105583 0.0324609 0.00927242 0.0178367 0.00856776 0.0088713 0.00873046 0.0134 0.011269 0.0190796 0.0115015 0.0287555 0.0148658 0.0270387 0.010753 0.00905623 0.00839333 0.00814885 
0.0156409 0.00910398 0.0144243 0.00910748 0.0190184 0.0111633 0.0147108 0.0114514 0.0110424 0.363714 0.0312919 0.034911 0.00846546 0.0241493 0.0076927 0.017821 0.00806674 0.0096053 0.00997314 0.00409944 0.00513792 0.00378415 0.00390158 0.00373357 0.00378386 0.00369903 0 0.00378422 0.00590497 0.942142 0.00679695 0.020066 0.00566962 0.0194722 0.00664263 0.0167933 0.00756151 0.0187389 0.00812064 0.0106326 0.00892027 0.0597279 0.00822386 0.0290818 0.00825161 0.0180465 0.00909748 0.0111772 0.014503 0.00875346 0.01586 0.00868078 0.0185388 0.015827 0.0206963 0.0195542 0.0143016 0.0110068 0.0167335 0.0135074 0.0246756 0.0111589 0.0359902 0.00901941 0.0204271 0.00867005 0.0102669 0.00879725 0.0135938 0.0101654 0.0110965 0.0109329 0.0184166 0.011152 0.021475 0.0136284 0.0131774 0.00931978 0.00833105 0.0082543 
0.0147779 0.0136918 0.00910144 0.0153119 0.0108846 0.0129082 0.0110631 0.0114757 0.0160998 0.10882 0.0232518 0.0098621 0.017355 0.00944439 0.0175723 0.00870817 0.0127797 0.0079461 0.00902619 0.0102097 0.00450841 0.00503174 0.00381252 0.00402883 0.00378302 0.00377924 0.00378422 0 0.95904 0.00547368 0.0212545 0.00529525 0.00993953 0.00606998 0.0158578 0.0065242 0.0130793 0.00764957 0.0114061 0.00762112 0.0632268 0.00925024 0.0216202 0.00848127 0.0123318 0.00898467 0.0141228 0.0100757 0.0210136 0.0157816 0.00856746 0.0111189 0.0100294 0.0145531 0.0128634 0.0115735 0.0127849 0.0109029 0.0305914 0.0167155 0.010283 0.0182506 0.0104951 0.014085 0.00909349 0.00980221 0.00862662 0.00983293 0.0165854 0.0109733 0.00906557 0.0110423 0.0103105 0.012385 0.0103554 0.0125949 0.0108729 0.00972842 0.009835 0.00853077 
0.00853918 0.00931584 0.00832551 0.00973372 0.00855011 0.00941396 0.00892864 0.0112861 0.0110438 0.00956555 0.0107373 0.00870782 0.0110023 0.00807488 0.0125385 0.00801005 0.0161588 0.00901246 0.00624051 0.00786671 0.00578278 0.0126488 0.00531673 0.00919827 0.00440669 0.00744391 0.00590497 0.95904 0 0.00372406 0.00377651 0.00369712 0.00388574 0.00372948 0.0040505 0.00376329 0.00620125 0.00462067 0.014598 0.00622391 0.0135211 0.00725059 0.0164232 0.00730859 0.0102996 0.00749248 0.0159847 0.0100979 0.00931604 0.00986859 0.0080764 0.00915748 0.0087373 0.00981381 0.00963033 0.00912515 0.00994691 0.0107284 0.0109931 0.00977003 0.00884304 0.00978868 0.00867055 0.0102977 0.0083356 0.00974731 0.00839339 0.0123163 0.00870414 0.00867623 0.00830356 0.00876698 0.00854818 0.0095651 0.00851817 0.00928934 0.00894738 0.00989519 0.0084753 0.00887638 
0.00953275 0.00871499 0.0127886 0.00881729 0.0184969 0.00994599 0.0166368 0.00957099 0.0114586 0.0110042 0.0090582 0.0219201 0.00828764 0.0258301 0.00833188 0.0203717 0.00830758 0.0117224 0.00771232 0.00647602 0.0125113 0.00626198 0.0151039 0.00583602 0.00984196 0.0070954 0.942142 0.00547368 0.00372406 0 0.0037332 0.00370442 0.00369283 0.00390212 0.00375427 0.00481204 0.00378184 0.00924362 0.00489057 0.00798698 0.00683633 0.0250594 0.00748551 0.0174687 0.0073673 0.0175954 0.00826422 0.0174347 0.0107239 0.00828479 0.0143366 0.00825657 0.0140331 0.0128218 0.014327 0.0147882 0.0107126 0.01066 0.0126941 0.0111423 0.0166923 0.0098773 0.0197129 0.00893877 0.0227258 0.00874292 0.013653 0.00904229 0.00975895 0.00882 0.0114303 0.0093437 0.0171232 0.00942339 0.0218968 0.0107665 0.0127136 0.00930491 0.00815862 0.00820597 
0.00875022 0.0123267 0.00870455 0.0247434 0.00994092 0.020388 0.0115582 0.0128443 0.00922418 0.00916423 0.0130368 0.00879211 0.0314848 0.00844149 0.0371269 0.00823621 0.0159564 0.00797433 0.00759394 0.0114576 0.00710278 0.0221654 0.00668974 0.0156253 0.00733559 0.935243 0.00679695 0.0212545 0.00377651 0.0037332 0 0.00368899 0.0037192 0.00369987 0.00380413 0.00371803 0.00692697 0.00403982 0.00710314 0.00464997 0.013359 0.00720724 0.0192452 0.00750439 0.0236895 0.0078832 0.0298237 0.00825704 0.00861831 0.0124761 0.00844432 0.0200664 0.0101291 0.018009 0.0175072 0.0137202 0.0138743 0.00899873 0.00991387 0.0151232 0.0114236 0.0275666 0.00945928 0.0322536 0.00871809 0.0226307 0.00858303 0.00922173 0.00858587 0.0116756 0.00953608 0.0158029 0.00955841 0.027968 0.0116145 0.0267599 0.0110918 0.00885035 0.00849566 0.00813923 
0.00985437 0.00842592 0.0314379 0.00916979 0.0366063 0.0106572 0.0244494 0.00941175 0.0113269 0.0101319 0.00901329 0.0430888 0.00847082 0.0609789 0.00834243 0.0373983 0.0081607 0.0104914 0.010762 0.00718665 0.0201469 0.00696356 0.0146116 0.00675466 0.937712 0.00697565 0.020066 0.00529525 0.00369712 0.00370442 0.00368899 0 0.00369001 0.00370563 0.00371291 0.00395641 0.00371768 0.0112088 0.00375971 0.00594965 0.00606052 0.0178773 0.00668242 0.0274835 0.00711811 0.044552 0.00824802 0.0218643 0.012553 0.00841947 0.0224465 0.00826142 0.0294297 0.0146254 0.0235373 0.0253397 0.0105102 0.0109147 0.0109745 0.0103917 0.0331801 0.0107936 0.0654752 0.00915002 0.043223 0.00869407 0.0123214 0.00849493 0.010527 0.00887827 0.0153472 0.009953 0.0350191 0.0108646 0.0374289 0.0148859 0.012233 0.00914402 0.00808498 0.0080589 
0.00837307 0.0155846 0.00850758 0.0377386 0.00952254 0.0220523 0.00998335 0.0162433 0.00859354 0.00863868 0.0148595 0.00862837 0.050726 0.00840365 0.0453083 0.00814279 0.0167641 0.00789849 0.0075811 0.0143186 0.00714629 0.0252131 0.00758007 0.927603 0.00823765 0.0308182 0.00566962 0.00993953 0.00388574 0.00369283 0.0037192 0.00369001 0 0.00368743 0.00374774 0.00372682 0.00424458 0.00389188 0.00462917 0.00377743 0.00934403 0.00624854 0.0247104 0.00644342 0.0536251 0.0073579 0.0231692 0.0132164 0.00916832 0.0169352 0.0082064 0.019224 0.00912782 0.0202677 0.0194693 0.012002 0.0122594 0.00886638 0.00976693 0.0175788 0.0106981 0.0372591 0.00941513 0.046578 0.00859374 0.0247463 0.00838167 0.00893 0.00830184 0.0141906 0.00954245 0.0212548 0.00973784 0.0302181 0.0120216 0.0322681 0.00985364 0.00890154 0.00814045 0.00802149 
0.0106486 0.00830621 0.0275781 0.00923598 0.0307416 0.0110134 0.0331991 0.0095363 0.0101636 0.0098009 0.00887013 0.0460631 0.00854049 0.0428545 0.00852059 0.0310056 0.00836224 0.00940549 0.00990185 0.00746438 0.0220245 0.00830362 0.952969 0.00789196 0.0350331 0.00631094 0.0194722 0.00606998 0.00372948 0.00390212 0.00369987 0.00370563 0.00368743 0 0.00369371 0.00382331 0.00369829 0.00451529 0.00379866 0.00539172 0.00569697 0.0141041 0.00622716 0.0551977 0.00662905 0.027945 0.0109747 0.590584 0.0109202 0.00803585 0.0174704 0.00808091 0.0255129 0.0141102 0.0221369 0.0223721 0.0103331 0.0103468 0.0110834 0.0098701 0.0419255 0.0107655 0.0530953 0.00922705 0.040312 0.00880611 0.011925 0.00852935 0.0104047 0.00866803 0.0186052 0.0101386 0.0302483 0.0110193 0.0453529 0.0147559 0.0125497 0.00899975 0.00803721 0.00808855 
0.00844009 0.0138608 0.00871792 0.0265038 0.00945221 0.0285095 0.0103345 0.0123253 0.00862396 0.0087934 0.0146367 0.00881459 0.0369852 0.00856966 0.0332055 0.0083325 0.0141887 0.00827207 0.00785982 0.0155752 0.00835476 0.933398 0.00808022 0.0325242 0.00682877 0.0205861 0.00664263 0.0158578 0.0040505 0.00375427 0.00380413 0.00371291 0.00374774 0.00369371 0 0.00370102 0.00380066 0.00371464 0.00387904 0.00373755 0.0112553 0.00626895 0.0341371 0.00639784 0.0134311 0.0091482 0.802438 0.00811044 0.00828317 0.0116055 0.00800052 0.0200976 0.00903147 0.0188445 0.0136677 0.014613 0.0119882 0.00913047 0.00921253 0.0167137 0.0105311 0.0352647 0.00957501 0.0324724 0.00879021 0.024989 0.00854261 0.010654 0.00844754 0.0135749 0.00973513 0.0187003 0.0100285 0.030288 0.0122311 0.0263687 0.00989331 0.00893419 0.0083296 0.00816612 
0.0108893 0.00850761 0.0293428 0.00902014 0.0512571 0.0106593 0.0190346 0.0092765 0.010219 0.0111838 0.00900296 0.040523 0.00873972 0.0579513 0.00853663 0.0315598 0.00842024 0.0108046 0.0110318 0.00817301 0.947289 0.00863774 0.0329324 0.007356 0.0255651 0.00701095 0.0167933 0.0065242 0.00376329 0.00481204 0.00371803 0.00395641 0.00372682 0.00382331 0.00370102 0 0.00369604 0.00393894 0.00372566 0.00385 0.00486065 0.0354406 0.00592077 0.0259628 0.00756982 0.939657 0.00762784 0.00970577 0.0102746 0.00803381 0.0173431 0.00809988 0.0241736 0.0116704 0.0197988 0.0158252 0.010968 0.0109297 0.0113499 0.0101529 0.0345988 0.0107076 0.0382614 0.00910762 0.0368879 0.00898993 0.0117644 0.00873472 0.01186 0.00883792 0.0170037 0.010251 0.0292146 0.0105409 0.0334745 0.0137932 0.0124047 0.00956273 0.00819254 0.00820759 
0.00856838 0.0172551 0.00856596 0.0561143 0.00942969 0.0187376 0.0104175 0.0124125 0.00878712 0.00893478 0.0150458 0.00881322 0.0630151 0.0085604 0.0627296 0.00833525 0.0169876 0.00830851 0.00958152 0.871952 0.00831684 0.0497953 0.00789336 0.0267261 0.00760541 0.0203416 0.00756151 0.0130793 0.00620125 0.00378184 0.00692697 0.00371768 0.00424458 0.00369829 0.00380066 0.00369604 0 0.00375593 0.00382564 0.00373786 0.0190054 0.00547841 0.0327641 0.00733524 0.951978 0.0071623 0.0125476 0.0073764 0.00789969 0.0148835 0.00794513 0.0262309 0.00881539 0.0183899 0.013981 0.0126412 0.0125508 0.00874403 0.00976212 0.0209042 0.0105003 0.0367146 0.00928114 0.0355014 0.00886532 0.0231837 0.00870139 0.0104646 0.00861352 0.0156639 0.0092736 0.0226603 0.00973845 0.028658 0.0106969 0.0255953 0.0107024 0.00891849 0.00881877 0.00837955 
0.0101488 0.00825663 0.0340438 0.00876132 0.0152744 0.00948646 0.0128952 0.00887587 0.00981074 0.00979256 0.00862651 0.0286381 0.00847209 0.0503515 0.00839284 0.0251112 0.00844327 0.0116167 0.397889 0.00841271 0.0463504 0.00795395 0.0334219 0.00796595 0.0172214 0.00779257 0.0187389 0.00764957 0.00462067 0.00924362 0.00403982 0.0112088 0.00389188 0.00451529 0.00371464 0.00393894 0.00375593 0 0.00373449 0.00383195 0.00468028 0.0220973 0.00743065 0.9664 0.00644574 0.0151003 0.0066479 0.0106004 0.0115465 0.00792034 0.0268376 0.00796737 0.0133272 0.00982926 0.0133967 0.0138873 0.00970673 0.0109828 0.0129339 0.00942188 0.0220619 0.00948686 0.0257489 0.00880704 0.024801 0.0086947 0.00978619 0.00895438 0.0120095 0.00858929 0.0133823 0.00928451 0.0164703 0.00936433 0.019715 0.0109402 0.00935861 0.00950787 0.00809252 0.00818619 
0.00859443 0.0237302 0.00853124 0.0108657 0.00937037 0.00967128 0.0090811 0.0103384 0.00861934 0.00894825 0.0152994 0.00882506 0.0216574 0.00859706 0.0178222 0.00847885 0.0127711 0.0100109 0.0101621 0.0239347 0.00808788 0.0316705 0.00806679 0.0147339 0.00798234 0.016648 0.00812064 0.0114061 0.014598 0.00489057 0.00710314 0.00375971 0.00462917 0.00379866 0.00387904 0.00372566 0.00382564 0.00373449 0 0.00385414 0.0178598 0.0235436 0.868821 0.00589701 0.00761739 0.00603928 0.00865901 0.0061801 0.00809722 0.0218458 0.00776626 0.00897246 0.00849668 0.00964976 0.010321 0.00986888 0.0129391 0.00880814 0.0107971 0.018788 0.00950919 0.0147182 0.00913614 0.0132056 0.00854995 0.0100403 0.00866944 0.00931329 0.00926712 0.0129822 0.00897471 0.0108514 0.00913058 0.0120457 0.0093878 0.0106687 0.0102866 0.00880044 0.00856381 0.00830932 
0.0137907 0.00846914 0.00883892 0.00880959 0.00896887 0.00856896 0.00877409 0.0085064 0.00959282 0.0155373 0.00872344 0.00986558 0.00834661 0.0101199 0.00860601 0.0100475 0.00861232 0.0102445 0.0279236 0.00824271 0.00992876 0.00820084 0.0095823 0.00780404 0.00902838 0.00883999 0.0106326 0.00762112 0.00622391 0.00798698 0.00464997 0.00594965 0.00377743 0.00539172 0.00373755 0.00385 0.00373786 0.00383195 0.00385414 0 0.0109418 0.766585 0.00434228 0.0113334 0.00519622 0.00603899 0.0055691 0.00663964 0.0141832 0.00770248 0.0079407 0.00736602 0.00828194 0.00893248 0.00992369 0.00875806 0.00920373 0.0100259 0.026077 0.0112566 0.0115526 0.00887112 0.00985598 0.00859384 0.00948667 0.00847482 0.00862298 0.00893007 0.0176691 0.00841453 0.00885236 0.00858518 0.00896505 0.0085806 0.00888123 0.00892985 0.00886037 0.00972352 0.00865811 0.00811245 
0.0085348 0.0094545 0.00832619 0.0107198 0.00883539 0.0107153 0.00952169 0.013305 0.01494 0.0109792 0.0131737 0.00897286 0.0154338 0.00874541 0.0187372 0.00865101 0.0189377 0.012212 0.00945155 0.0169426 0.00835626 0.0186178 0.00827548 0.0131125 0.00836193 0.034462 0.00892027 0.0632268 0.0135211 0.00683633 0.013359 0.00606052 0.00934403 0.00569697 0.0112553 0.00486065 0.0190054 0.00468028 0.0178598 0.0109418 0 0.00382067 0.00391132 0.00372825 0.00414807 0.00408951 0.00542871 0.00534225 0.00685379 0.0104158 0.00663386 0.00845611 0.00811254 0.121712 0.021459 0.0112075 0.0140431 0.0223851 0.014995 0.0140768 0.00999765 0.0128664 0.00903493 0.013429 0.00863242 0.0194753 0.00902318 0.0230128 0.0101486 0.0108725 0.00894591 0.0104716 0.00906354 0.0121667 0.00955411 0.0148606 0.0113574 0.0196839 0.0095967 0.0103913 
0.00959646 0.00838793 0.0130653 0.00870217 0.0188945 0.0103549 0.0243053 0.0102508 0.0130152 0.0108444 0.00932001 0.0342649 0.00859268 0.0477104 0.00852771 0.0483755 0.00883161 0.0141569 0.0118124 0.00850549 0.031907 0.00828478 0.025483 0.00825753 0.0900254 0.00828323 0.0597279 0.00925024 0.00725059 0.0250594 0.00720724 0.0178773 0.00624854 0.0141041 0.00626895 0.0354406 0.00547841 0.0220973 0.0235436 0.766585 0.00382067 0 0.00371047 0.00376623 0.00370296 0.00742932 0.00381433 0.00416539 0.00940111 0.0064321 0.0109061 0.00670755 0.161855 0.0135045 0.030271 0.0174098 0.0265075 0.0139582 0.0152822 0.012305 0.02095 0.00977206 0.0250168 0.00892527 0.0458259 0.00870867 0.0177859 0.00995353 0.0141632 0.00938683 0.0153002 0.00949724 0.0200311 0.0100616 0.0517413 0.0121486 0.0233155 0.0125232 0.00852995 0.00864028 
0.00829004 0.010965 0.00850734 0.0311417 0.00994797 0.0251136 0.012106 0.012464 0.00873296 0.00876351 0.0158658 0.00888034 0.0649377 0.00866215 0.100228 0.00849287 0.0200528 0.0083334 0.0083572 0.0221265 0.00839633 0.0419613 0.0082967 0.0960613 0.0083073 0.0612073 0.00822386 0.0216202 0.0164232 0.00748551 0.0192452 0.00668242 0.0247104 0.00622716 0.0341371 0.00592077 0.0327641 0.00743065 0.868821 0.00434228 0.00391132 0.00371047 0 0.00370088 0.00391539 0.0036953 0.00384245 0.00370138 0.00619979 0.010607 0.00627504 0.248132 0.0149696 0.0244719 0.0158158 0.0244654 0.0145943 0.00846073 0.00929776 0.0160604 0.00936253 0.0293467 0.00891932 0.0529685 0.00835645 0.0334096 0.00852227 0.00927162 0.00853952 0.0153542 0.00954147 0.018694 0.00977344 0.057503 0.0114147 0.0374956 0.0119029 0.00901667 0.00869201 0.00829009 
0.0105449 0.00830718 0.0366618 0.00862119 0.0326416 0.0105559 0.0171978 0.00908572 0.010171 0.0105112 0.00879816 0.0474608 0.0085351 0.102547 0.00851852 0.0432515 0.00852583 0.0120433 0.0138193 0.00825704 0.048004 0.00829552 0.0891795 0.00817028 0.0459992 0.00855512 0.0290818 0.00848127 0.00730859 0.0174687 0.00750439 0.0274835 0.00644342 0.0551977 0.00639784 0.0259628 0.00733524 0.9664 0.00589701 0.0113334 0.00372825 0.00376623 0.00370088 0 0.0037357 0.00383302 0.0037053 0.00394254 0.0123219 0.00619249 0.286333 0.00688463 0.0174942 0.00986405 0.0299111 0.0132256 0.00994949 0.0103956 0.0135821 0.00916061 0.0272408 0.00890323 0.0487089 0.00848909 0.0396191 0.00849165 0.0129408 0.00970887 0.014538 0.00869346 0.0167319 0.0094203 0.0534315 0.0104536 0.0430085 0.0141503 0.011668 0.0109157 0.00818427 0.00826593 
0.00819504 0.0139068 0.00837928 0.0272097 0.00921702 0.0166085 0.0103517 0.0107536 0.00852551 0.00863462 0.0155041 0.0088091 0.0823851 0.00862957 0.0550873 0.0085073 0.0143129 0.00831129 0.00819901 0.032624 0.00836785 0.0713832 0.00817654 0.0448646 0.00836238 0.0295649 0.00825161 0.0123318 0.0102996 0.0073673 0.0236895 0.00711811 0.0536251 0.00662905 0.0134311 0.00756982 0.951978 0.00644574 0.00761739 0.00519622 0.00414807 0.00370296 0.00391539 0.0037357 0 0.00369611 0.00375452 0.00370724 0.00550976 0.261666 0.00676858 0.0213365 0.00764452 0.0211741 0.0133322 0.00828283 0.0103504 0.00773103 0.00842675 0.0166789 0.00870062 0.0443453 0.00841614 0.0388606 0.00819877 0.0205606 0.00832475 0.00894058 0.00838576 0.0143739 0.00907212 0.0255052 0.00916317 0.0344737 0.0114269 0.0230087 0.0108301 0.00868164 0.00874791 0.00820264 
0.00917627 0.00821741 0.0263618 0.00912989 0.020044 0.0110055 0.0159527 0.00919226 0.00928141 0.0104522 0.00902905 0.0741824 0.00888986 0.0474962 0.0087248 0.0269942 0.00863409 0.00935169 0.0157747 0.00835989 0.065513 0.00832656 0.0649335 0.008405 0.0242177 0.00900334 0.0180465 0.00898467 0.00749248 0.0175954 0.0078832 0.044552 0.0073579 0.027945 0.0091482 0.939657 0.0071623 0.0151003 0.00603928 0.00603899 0.00408951 0.00742932 0.0036953 0.00383302 0.00369611 0 0.00369051 0.00372493 0.211655 0.00653656 0.0418527 0.00603364 0.0154781 0.0124012 0.0108719 0.0118058 0.0091742 0.00899244 0.0119743 0.00909095 0.0382893 0.0099178 0.0465433 0.00863477 0.0218989 0.00886598 0.00991053 0.00859525 0.0113761 0.0087701 0.0233934 0.0102782 0.0427578 0.0120963 0.0292765 0.0180717 0.0108301 0.00961964 0.00807903 0.00808769 
0.00836018 0.0120518 0.00840464 0.0119276 0.00931935 0.0101127 0.00972077 0.0104857 0.00846605 0.00881742 0.0323866 0.00890398 0.0198897 0.00877191 0.0182834 0.00858769 0.0117893 0.00849173 0.00876509 0.0286251 0.00846989 0.0309363 0.00850613 0.0154776 0.00868645 0.0155668 0.00909748 0.0141228 0.0159847 0.00826422 0.0298237 0.00824802 0.0231692 0.0109747 0.802438 0.00762784 0.0125476 0.0066479 0.00865901 0.0055691 0.00542871 0.00381433 0.00384245 0.0037053 0.00375452 0.00369051 0 0.00401346 0.00871116 0.035435 0.00769025 0.0110508 0.0065445 0.00816092 0.0133822 0.00816432 0.0125004 0.00780657 0.00943024 0.0235218 0.00936162 0.0289641 0.00891107 0.0143604 0.00829978 0.0107827 0.00841345 0.00884598 0.00896816 0.021478 0.00950917 0.0147269 0.00972239 0.0153033 0.0107811 0.0147413 0.0135939 0.00879905 0.00887356 0.00840746 
