1KWMA
HHGGEHFEGEKVFRVNVEDENHINIIRELASTTQIDFWKPDSVTQIKPHSTVDFRVKAEDTVTVENVLKQNELQYKVLISNLRNVVEAQFDSRVRATGHSYEKYNKWETIEAWTQQVATENPALISRSVIGTTFEGRAIYLLKVGKAGQNKPAIFMDCGFHAREWISPAFCQWFVREAVRTYGREIQVTELLNKLDFYVLPVLNIDGYIYTWTKSRFWRKTRSTHTGSSCIGTDPNRNFDAGWCEIGASRNPCDETYCGPAAESEKETKALADFIRNKLSSIKAYLTIHSYSQMMIYPYSYAYKLGENNAELNALAKATVKELASLHGTKYTYGPGATTIYPAAGGSDDWAYDQGIRYSFTFELRDTGRYGFLLPESQIRATCEETFLAIKYVASYVLEHLY
CCCHHHHCCCEEEEEEECCHHHHHHHHHHHHHCCEEEEECCCHHHCCCCEEEEEEECHHHHHHHHHHHHHCCCCEEEEECCHHHHHHHCCCCCCCCCCCCCCCCCCHHHHHHHHHHHHHHCCCCEEEEEEEECCCCCEEEEEEECCCCCCCCEEEEECCCCCCCCHHHHHHHHHHHHHHHHCCCCHHHHHHHHHCEEEEECCCCHHHHHHHHHCCCCCCCCCCCCCCCCCCCCCHHHCCCCCCCCCCCECCCCCCCECCCCCCCCHHHHHHHHHHHHCCCCEEEEEEEEECCCEEEECCCCCCCCCCCHHHHHHHHHHHHHHHHHHHCCCCEEEEHHHHCCCCCCCHHHHHHHCCCCEEEEEEECCCCCCHHHCCHHHHHHHHHHHHHHHHHHHHHHHCCCC
0 0 0 0 0 0 0 0 0 0 0 0 0 0 0 0 0 0 0 0 0 0 0 0 0 0 0 0 0 0 0 0 0 0 0 0 0 0 0 0 0 0 0 0 0 0 0 0 0 0 0 0 0 0 0 0 0 0 0 0 0 0 0 0 0 0 0 0 0 0 0 0 0 0 0 0 0 0 0 0 0 0 0 0 0 0 0 0 0 0 0 0 0 0 0 0 0 0 0 0 0 0 0 0 0 0 0 0 0 0 0 0 0 0 0 0 0 0 0 0 0 0 0 0 0 0 0 0 0 0 0 0 0 0 0 0 0 0 0 0 0 0 0 0 0 0 0 0 0 0 0 0 0 0 0 0 0 0 0 0 0 0 0 0 0 0 0 0 0 0 0 0 0 0 0 0 0 0 0 0 0 0 0 0 0 0 0 0 0 0 0 0 0 0 0 0 0 0 0 0 0 0 0 0 0 0 0 0 0 0 0 0 0 0 0 0 0 0 0 0 0 0 0 0 0 0 0 0 0 0 0 0 0 0 0 0 0 0 0 0 0 0 0 0 0 0 0 0 0 0 0 0 0 0 0 0 0 0 0 0 0 0 0 0 0 0 0 0 0 0 0 0 0 0 0 0 0 0 0 0 0 0 0 0 0 0 0 0 0 0 0 0 0 0 0 0 0 0 0 0 0 0 0 0 0 0 0 0 0 0 0 0 0 0 0 0 0 0 0 0 0 0 0 0 0 0 0 0 0 0 0 0 0 0 0 0 0 0 0 0 0 0 0 0 0 0 0 0 0 0 0 0 0 0 0 0 0 0 0 0 0 0 0 0 0 0 0 0 0 0 0 0 0 0 0 0 0 0 0 0 0 0 0 0 0 0 0 0 0 0 0 0 0 0 0 0 0 0 0 0 0 0 
0 0 0 0 0 0 0 0 0 0 0 0 0 0 0 0 0 0 0 0 0 0 0 0 0 0 0 0 0 0 0 0 0 0 0 0 0 0 0 0 0 0 0 0 0 0 0 0 0 0 0 0 0 0 0 0 0 0 0 0 0 0 0 0 0 0 0 0 0 0 0 0 0 0 0 0 0 0 0 0 0 0 0 0 0 0 0 0 0 0 0 0 0 0 0 0 0 0 0 0 0 0 0 0 0 0 0 0 0 0 0 0 0 0 0 0 0 0 0 0 0 0 0 0 0 0 0 0 0 0 0 0 0 0 0 0 0 0 0 0 0 0 0 0 0 0 0 0 0 0 0 0 0 0 0 0 0 0 0 0 0 0 0 0 0 0 0 0 0 0 0 0 0 0 0 0 0 0 0 0 0 0 0 0 0 0 0 0 0 0 0 0 0 0 0 0 0 0 0 0 0 0 0 0 0 0 0 0 0 0 0 0 0 0 0 0 0 0 0 0 0 0 0 0 0 0 0 0 0 0 0 0 0 0 0 0 0 0 0 0 0 0 0 0 0 0 0 0 0 0 0 0 0 0 0 0 0 0 0 0 0 0 0 0 0 0 0 0 0 0 0 0 0 0 0 0 0 0 0 0 0 0 0 0 0 0 0 0 0 0 0 0 0 0 0 0 0 0 0 0 0 0 0 0 0 0 0 0 0 0 0 0 0 0 0 0 0 0 0 0 0 0 0 0 0 0 0 0 0 0 0 0 0 0 0 0 0 0 0 0 0 0 0 0 0 0 0 0 0 0 0 0 0 0 0 0 0 0 0 0 0 0 0 0 0 0 0 0 0 0 0 0 0 0 0 0 0 0 0 0 0 0 0 0 0 0 0 0 0 0 0 0 0 0 0 0 0 0 0 0 0 0 
0 0.00398148 0.00372113 0.00384663 0.0037891 0.00580766 0.00743951 0.0404052 0.0139887 0.0122457 0.0130999 0.0236022 0.0139915 0.0129538 0.0104009 0.0127087 0.0113257 0.0140909 0.0304327 0.0104375 0.00941243 0.00965816 0.0112157 0.0152257 0.00844931 0.00810958 0.00808149 0.00808452 0.00842828 0.0082351 0.00845885 0.0096953 0.00857149 0.00823219 0.00895576 0.00854139 0.00827251 0.00897897 0.00987524 0.00868351 0.00817968 0.00851882 0.00836594 0.00854954 0.00819255 0.00815278 0.00833642 0.00833192 0.00862521 0.00859573 0.00847688 0.0084722 0.00841728 0.00836841 0.00849893 0.00852109 0.00843794 0.00835157 0.00826877 0.00860642 0.00840306 0.00842549 0.00835861 0.00867057 0.00885922 0.0084637 0.00830908 0.00875159 0.00891473 0.00898647 0.0088523 0.00939177 0.00893684 0.00955761 0.00994351 
0.00398148 0 0.00374826 0.0037504 0.00376635 0.00386056 0.00423841 0.0425979 0.0477688 0.0219806 0.0393787 0.0141506 0.0136662 0.0153918 0.0208837 0.0163364 0.0288026 0.0347509 0.0154017 0.0102928 0.0110245 0.011152 0.0148068 0.0118945 0.00836553 0.0084394 0.00822661 0.00847149 0.00864457 0.00864981 0.0092915 0.00837163 0.00831395 0.00954804 0.00963768 0.00945359 0.0096884 0.0088908 0.00853659 0.00868664 0.00942905 0.00915825 0.00915972 0.00834935 0.00808235 0.00892971 0.0087672 0.00858077 0.00823278 0.00810505 0.00818894 0.00834909 0.00853385 0.00865979 0.00869193 0.00877017 0.00857435 0.00850773 0.00836607 0.00834044 0.00840431 0.00854782 0.00846384 0.00841586 0.008327 0.00844004 0.00834012 0.00831675 0.00912538 0.0089203 0.00943356 0.00905225 0.00959901 0.00900204 0.00930444 
0.00372113 0.00374826 0 0.00373622 0.00373141 0.00375842 0.00383032 0.0411204 0.0258436 0.0897252 0.0190306 0.0134576 0.0111925 0.0143355 0.034901 0.0319784 0.127878 0.0167711 0.0128429 0.00978844 0.0105327 0.0237731 0.012579 0.0109454 0.00850735 0.00862809 0.00891999 0.00908676 0.0100614 0.0105173 0.00902511 0.00843235 0.00839659 0.00970906 0.0149891 0.0122965 0.0115764 0.0094341 0.00853781 0.00902261 0.01052 0.0114159 0.00979933 0.00838254 0.00830699 0.00892043 0.00929443 0.00867308 0.00828961 0.00805548 0.00820211 0.00840852 0.00862627 0.00872633 0.00872498 0.00879533 0.00862695 0.00862353 0.00830718 0.00827219 0.00857709 0.00873154 0.00860821 0.00833326 0.00830474 0.00846631 0.00827844 0.00827303 0.00881679 0.00892294 0.00934673 0.00919415 0.00951116 0.00916136 0.00905 
0.00384663 0.0037504 0.00373622 0 0.0037199 0.00375052 0.00374052 0.0220875 0.0812051 0.0426857 0.0392522 0.0138093 0.0106706 0.0210831 0.0213076 0.169872 0.0391146 0.0334129 0.0111116 0.00956732 0.0137555 0.0195444 0.0192729 0.0103577 0.00879875 0.00889893 0.00875371 0.00987855 0.0117442 0.0100716 0.00946346 0.00845228 0.00870918 0.0105048 0.015444 0.0154657 0.011327 0.0101146 0.0084484 0.0093372 0.0113206 0.0125134 0.0106776 0.00869206 0.00821492 0.00913207 0.01012 0.00884371 0.00838851 0.00808159 0.00820326 0.00849285 0.00882128 0.00877737 0.00892265 0.0089131 0.00874184 0.00867502 0.00837841 0.00830189 0.00863209 0.00885285 0.00867079 0.00839867 0.0083741 0.00849157 0.00835616 0.00828346 0.00877025 0.00930542 0.00946529 0.00946734 0.00954569 0.00937732 0.00900143 
0.0037891 0.00376635 0.00373141 0.0037199 0 0.00373237 0.00372904 0.0610428 0.0232218 0.142998 0.0233759 0.0157489 0.0131883 0.0108193 0.166977 0.0216852 0.102037 0.0143302 0.0137175 0.0106431 0.0113535 0.0246262 0.0121485 0.0116492 0.00863553 0.00864584 0.00940542 0.00955605 0.00960761 0.0109944 0.00921078 0.00836865 0.00856714 0.0105057 0.0148562 0.0124619 0.0129861 0.00917641 0.00856743 0.00929084 0.0105101 0.012298 0.0107169 0.00835389 0.00850056 0.00925887 0.00959343 0.00878482 0.00829476 0.00809998 0.0082271 0.00849385 0.00870644 0.00907457 0.00879049 0.00888157 0.00870236 0.00870509 0.00839126 0.00827632 0.00892992 0.00882422 0.00867951 0.00832681 0.00829141 0.00848117 0.00836244 0.00827082 0.00906012 0.00899034 0.00956837 0.00932884 0.0096284 0.00925262 0.00908517 
0.00580766 0.00386056 0.00375842 0.00375052 0.00373237 0 0.00382231 0.0155252 0.0635893 0.0253236 0.09086 0.0168227 0.0116834 0.11245 0.0111348 0.0336364 0.0148468 0.0412318 0.00960966 0.0104138 0.0133436 0.0109005 0.018586 0.00937643 0.00900762 0.00875967 0.00834245 0.00850347 0.00926934 0.00886356 0.00860778 0.00840735 0.00893956 0.00926144 0.0106539 0.00998093 0.00920289 0.00913694 0.00825099 0.00927173 0.00950766 0.00952901 0.00934941 0.00836176 0.00822787 0.00865159 0.00910232 0.0084886 0.0081174 0.00810257 0.00813686 0.00843338 0.00847515 0.00845674 0.00854772 0.0085965 0.00848466 0.00840465 0.00828383 0.00825558 0.00844322 0.00856397 0.00839244 0.00829562 0.00847463 0.00839201 0.00829416 0.00821986 0.00860401 0.00889295 0.00894214 0.00894265 0.00895251 0.0089328 0.0089235 
0.00743951 0.00423841 0.00383032 0.00374052 0.00372904 0.00382231 0 0.0485036 0.0139179 0.0206312 0.0246424 0.0659208 0.131176 0.0105074 0.0130126 0.0101926 0.0154112 0.0105259 0.0261473 0.0212377 0.00976985 0.0096044 0.0097419 0.0170755 0.0141517 0.00830292 0.00816928 0.00838337 0.00817821 0.00867346 0.00863804 0.00889969 0.0101562 0.00881689 0.00871628 0.00870679 0.00898038 0.00822856 0.00928341 0.0100703 0.00846735 0.0085132 0.00835943 0.00834931 0.00866649 0.0083193 0.00834164 0.00817172 0.00820468 0.00892158 0.00889922 0.00909693 0.0083937 0.00835659 0.00832833 0.00837063 0.00834078 0.00829 0.00822209 0.00842118 0.00882198 0.00849585 0.00829637 0.00834831 0.00888857 0.00840649 0.00829618 0.00835997 0.0103336 0.00870816 0.00898504 0.00871968 0.00939154 0.00869608 0.00975999 
0.0404052 0.0425979 0.0411204 0.0220875 0.0610428 0.0155252 0.0485036 0 0.00433655 0.00373916 0.00381843 0.00437985 0.02704 0.00977766 0.0136205 0.0102567 0.0732368 0.0290869 0.121429 0.0183338 0.0107024 0.0107732 0.011425 0.0301696 0.0100794 0.00831643 0.00836958 0.0084456 0.00851027 0.00858283 0.00889336 0.0112403 0.0098677 0.00916943 0.00953105 0.00919073 0.00957209 0.00858353 0.0125175 0.0100626 0.00907158 0.00886008 0.00935243 0.00925651 0.00832994 0.00862444 0.00866536 0.00871322 0.00864509 0.00858357 0.00850066 0.00854282 0.00844745 0.00837269 0.0085681 0.00845751 0.00840711 0.00838438 0.00819146 0.00860122 0.00829968 0.00835089 0.00826617 0.00849728 0.00831578 0.00827459 0.00825339 0.00838617 0.00935789 0.00848148 0.00871889 0.00851015 0.00905112 0.00868564 0.00983422 
0.0139887 0.0477688 0.0258436 0.0812051 0.0232218 0.0635893 0.0139179 0.00433655 0 0.00371191 0.00373552 0.00378426 0.00825956 0.0354156 0.0113727 0.0842413 0.0350839 0.0839463 0.0112322 0.00957266 0.0140295 0.0119946 0.0212531 0.0111675 0.00848938 0.00898023 0.00829418 0.00877844 0.00994077 0.00915058 0.00950937 0.00864359 0.00866137 0.0106484 0.0136227 0.0117407 0.00949442 0.0108427 0.00850163 0.00958827 0.010521 0.0112849 0.00987338 0.00870178 0.00828131 0.00861673 0.00920962 0.00891456 0.00822911 0.00800223 0.00800734 0.00822359 0.00843722 0.00844738 0.00856777 0.00858267 0.00848617 0.00840025 0.00823278 0.00824517 0.00825781 0.00841013 0.00833593 0.00829297 0.00821346 0.00833476 0.00828978 0.00823444 0.00847147 0.00859922 0.008786 0.00870841 0.00874515 0.00867374 0.00857578 
0.0122457 0.0219806 0.0897252 0.0426857 0.142998 0.0253236 0.0206312 0.00373916 0.00371191 0 0.00370718 0.00371499 0.011499 0.0112367 0.158774 0.0349415 0.124894 0.0131438 0.0119391 0.0097901 0.0110951 0.041424 0.0132243 0.0127353 0.00882363 0.00913348 0.010447 0.0109472 0.0121763 0.0153001 0.00996093 0.00868532 0.0088462 0.0135255 0.0254275 0.0194332 0.0201213 0.0103744 0.00897973 0.00938472 0.0131433 0.0180421 0.0125754 0.00876673 0.00850944 0.00964666 0.011579 0.00938347 0.00833329 0.00801564 0.00797314 0.00840092 0.00860524 0.00885053 0.00877957 0.00896312 0.00864746 0.0087588 0.00836921 0.00825477 0.00850457 0.00875961 0.00870082 0.00831207 0.00824604 0.00839612 0.00836397 0.00823687 0.0085226 0.00877417 0.00905687 0.00899035 0.00909404 0.00884172 0.00875258 
0.0130999 0.0393787 0.0190306 0.0392522 0.0233759 0.09086 0.0246424 0.00381843 0.00373552 0.00370718 0 0.00371195 0.0181217 0.0616286 0.0183362 0.0659946 0.016015 0.0280503 0.00975546 0.0103262 0.0179197 0.0114621 0.0292537 0.0117301 0.00950323 0.00919981 0.00880302 0.00898211 0.0100131 0.00988475 0.0113431 0.00910708 0.00893706 0.0114413 0.0155278 0.0142662 0.0118503 0.0118387 0.00884704 0.0106134 0.0114103 0.012287 0.0135354 0.00967454 0.00825345 0.0092302 0.00944613 0.0091663 0.00834949 0.00801723 0.00803543 0.00832029 0.00841521 0.00846502 0.00852507 0.00859683 0.0085179 0.00846076 0.00831185 0.00819488 0.00837119 0.00859542 0.00847906 0.00827598 0.00824051 0.00832992 0.00828962 0.00821442 0.00847012 0.00863325 0.00881428 0.0087709 0.00881378 0.00867526 0.00867962 
0.0236022 0.0141506 0.0134576 0.0138093 0.0157489 0.0168227 0.0659208 0.00437985 0.00378426 0.00371499 0.00371195 0 0.0669739 0.013701 0.0144598 0.011495 0.0124502 0.013286 0.0159821 0.0192518 0.00933567 0.00925925 0.0109045 0.0226524 0.0134376 0.00865092 0.00827391 0.00860786 0.0084175 0.00881514 0.00905856 0.00979723 0.0108495 0.00924873 0.00973092 0.00928257 0.00914082 0.00878627 0.00927889 0.0127666 0.0091231 0.00960858 0.00916608 0.00945708 0.00958872 0.00841886 0.0087796 0.00838317 0.00837817 0.00844168 0.00846094 0.00865335 0.00825517 0.00842257 0.00828077 0.00831683 0.00825071 0.00826894 0.0081456 0.0082556 0.00854269 0.00836885 0.00821316 0.00821762 0.00844777 0.00827545 0.00821424 0.00814824 0.0087149 0.00842648 0.00852105 0.00845238 0.00857819 0.00836941 0.00863408 
0.0139915 0.0136662 0.0111925 0.0106706 0.0131883 0.0116834 0.131176 0.02704 0.00825956 0.011499 0.0181217 0.0669739 0 0.00392427 0.00379462 0.00373948 0.00384646 0.00452653 0.0105481 0.035204 0.0108046 0.0101155 0.0122837 0.0399142 0.01038 0.00838034 0.00856522 0.00844367 0.00825766 0.0086473 0.00927518 0.0119161 0.00963532 0.00883957 0.00881723 0.00891512 0.00969739 0.00842512 0.0170896 0.00954517 0.00877452 0.00857519 0.00919813 0.00947129 0.00810736 0.00856532 0.00839335 0.00847391 0.00844878 0.00869936 0.00853374 0.00864221 0.00834706 0.00832119 0.00846199 0.00837923 0.00830277 0.00831981 0.00813223 0.00842814 0.0082243 0.00827839 0.00821501 0.00834911 0.00829301 0.00822672 0.0082055 0.00828039 0.00928585 0.00833847 0.00856386 0.00836827 0.00884552 0.00847603 0.00959841 
0.0129538 0.0153918 0.0143355 0.0210831 0.0108193 0.11245 0.0105074 0.00977766 0.0354156 0.0112367 0.0616286 0.013701 0.00392427 0 0.00370629 0.00373016 0.00373574 0.00457308 0.00394633 0.0130946 0.0240553 0.0120874 0.0218522 0.0105777 0.00867388 0.00926954 0.00827077 0.00852866 0.0103289 0.00946396 0.0128612 0.00939047 0.0086091 0.00976104 0.0128523 0.0104461 0.00893172 0.0144641 0.00867588 0.00933363 0.00939238 0.0111379 0.00928277 0.00876314 0.00816459 0.00842813 0.00923348 0.00878405 0.00813071 0.00800332 0.00798706 0.00811421 0.00830026 0.00827719 0.00838275 0.0084326 0.00834065 0.00829259 0.00812942 0.00813476 0.00817841 0.00831018 0.0082656 0.00819415 0.00820908 0.0082926 0.00820269 0.00819045 0.00834733 0.0085164 0.00859529 0.00862005 0.00860145 0.00853993 0.00841504 
0.0104009 0.0208837 0.034901 0.0213076 0.166977 0.0111348 0.0130126 0.0136205 0.0113727 0.158774 0.0183362 0.0144598 0.00379462 0.00370629 0 0.0037172 0.00373246 0.0037576 0.00387525 0.034262 0.0143164 0.0395827 0.0124467 0.0149108 0.00978281 0.00871774 0.0101797 0.0106842 0.0115247 0.0165441 0.00958599 0.00861649 0.00887319 0.0137523 0.0193666 0.0185978 0.0318374 0.00904738 0.0093001 0.00938088 0.014099 0.0142557 0.0134092 0.00871634 0.00832095 0.0100906 0.0103659 0.00951542 0.00826715 0.00795695 0.00799569 0.00832647 0.00846284 0.00860484 0.00860391 0.00870103 0.00852688 0.00853178 0.00828866 0.00820101 0.00828592 0.00853869 0.00849211 0.00823189 0.00820749 0.00833224 0.00830843 0.00818466 0.00857823 0.0085658 0.00880965 0.00867361 0.00885137 0.00864768 0.00865143 
0.0127087 0.0163364 0.0319784 0.169872 0.0216852 0.0336364 0.0101926 0.0102567 0.0842413 0.0349415 0.0659946 0.011495 0.00373948 0.00373016 0.0037172 0 0.00371052 0.00373078 0.00374118 0.0116095 0.0563321 0.0243134 0.0293751 0.0104255 0.00896482 0.0120192 0.00934928 0.0114671 0.0232296 0.0129595 0.0100012 0.00894367 0.00883512 0.0137619 0.0391751 0.031425 0.0129811 0.0195547 0.00865103 0.0103484 0.0153012 0.0289796 0.0119779 0.0103124 0.00837277 0.00934122 0.0126844 0.00936355 0.0082908 0.00792046 0.00797546 0.00824443 0.00852856 0.00855127 0.00868802 0.00864891 0.00861326 0.00847288 0.00828299 0.00819793 0.00824908 0.00857989 0.00849018 0.00828761 0.00821016 0.00832757 0.00822582 0.00817103 0.00834729 0.00861733 0.00871568 0.00874251 0.00871408 0.0086421 0.00857986 
0.0113257 0.0288026 0.127878 0.0391146 0.102037 0.0148468 0.0154112 0.0732368 0.0350839 0.124894 0.016015 0.0124502 0.00384646 0.00373574 0.00373246 0.00371052 0 0.00371578 0.00373383 0.0204624 0.0187404 0.117176 0.0170384 0.020016 0.0101936 0.00965045 0.0130805 0.0129298 0.0152936 0.0206244 0.0112689 0.00929868 0.00980799 0.018119 0.0473584 0.0295873 0.0372371 0.0104108 0.00989365 0.0116473 0.0213369 0.0292249 0.0178215 0.00949786 0.00870632 0.0111136 0.0121262 0.0110125 0.00855317 0.00799528 0.008031 0.008386 0.00854751 0.0091384 0.00873677 0.00896251 0.00871581 0.0088446 0.00833853 0.00821441 0.00845802 0.00872731 0.00868362 0.00826979 0.00823673 0.00840723 0.00835926 0.00822347 0.00863283 0.00873539 0.00901361 0.00884579 0.00898166 0.00875336 0.00869644 
0.0140909 0.0347509 0.0167711 0.0334129 0.0143302 0.0412318 0.0105259 0.0290869 0.0839463 0.0131438 0.0280503 0.013286 0.00452653 0.00457308 0.0037576 0.00373078 0.00371578 0 0.00372248 0.0161538 0.0278562 0.0153682 0.128897 0.0160153 0.0105284 0.0118631 0.00891814 0.00932077 0.0117807 0.0104491 0.0110389 0.00940626 0.00976988 0.0136042 0.0196984 0.0160655 0.0106043 0.0170782 0.0088372 0.0111301 0.012599 0.0149882 0.0124263 0.00951124 0.00884571 0.00914697 0.00992983 0.0091428 0.00836895 0.00808098 0.00805276 0.00835319 0.00842561 0.00839346 0.00856405 0.00848606 0.00850282 0.0083587 0.00827817 0.00812362 0.00831592 0.00848468 0.00840802 0.0082007 0.00828294 0.00832565 0.00824397 0.00808585 0.00840884 0.00856526 0.00863082 0.00864919 0.00863247 0.00860787 0.00857152 
0.0304327 0.0154017 0.0128429 0.0111116 0.0137175 0.00960966 0.0261473 0.121429 0.0112322 0.0119391 0.00975546 0.0159821 0.0105481 0.00394633 0.00387525 0.00374118 0.00373383 0.00372248 0 0.0346943 0.0107409 0.0122779 0.0181392 0.213065 0.0283529 0.0090636 0.00890554 0.00930046 0.00855551 0.00948374 0.00968414 0.00992668 0.0198873 0.011074 0.00987698 0.00953956 0.0103611 0.0087742 0.012599 0.0160096 0.0100487 0.00927151 0.0097917 0.00955954 0.00986617 0.00882273 0.0085043 0.00845349 0.00838634 0.00898317 0.0089244 0.00915348 0.00819222 0.00841141 0.00823131 0.00825877 0.00820546 0.00818947 0.00808741 0.00818079 0.00887898 0.00826562 0.00813004 0.00821023 0.00869882 0.00828737 0.00821913 0.00815182 0.00967393 0.00851036 0.00857701 0.00855888 0.0087664 0.00844782 0.00894411 
0.0104375 0.0102928 0.00978844 0.00956732 0.0106431 0.0104138 0.0212377 0.0183338 0.00957266 0.0097901 0.0103262 0.0192518 0.035204 0.0130946 0.034262 0.0116095 0.0204624 0.0161538 0.0346943 0 0.00443784 0.00375161 0.00401434 0.00550544 0.0301268 0.009252 0.00915538 0.00929405 0.00953057 0.00942448 0.00897951 0.0144584 0.0114313 0.00925552 0.00932227 0.00893938 0.00904472 0.00901687 0.0162795 0.00994348 0.00872922 0.00875121 0.00877348 0.0102048 0.0083156 0.00835204 0.00836993 0.00843175 0.0084182 0.00852522 0.0082154 0.00853486 0.00813018 0.00818778 0.00819422 0.00818641 0.00807873 0.00811557 0.00792887 0.00814749 0.00803299 0.00809713 0.00812376 0.00810107 0.00816337 0.00813992 0.00820032 0.0081153 0.00881866 0.00833192 0.00833485 0.00822758 0.00845898 0.00844331 0.0088971 
0.00941243 0.0110245 0.0105327 0.0137555 0.0113535 0.0133436 0.00976985 0.0107024 0.0140295 0.0110951 0.0179197 0.00933567 0.0108046 0.0240553 0.0143164 0.0563321 0.0187404 0.0278562 0.0107409 0.00443784 0 0.00393512 0.00380368 0.00402741 0.0120594 0.0113099 0.0088581 0.00950713 0.00975537 0.00920952 0.01048 0.00912076 0.00886998 0.0110219 0.0119775 0.0106709 0.00970865 0.00977452 0.00895966 0.0095226 0.0100432 0.0100402 0.00968468 0.00858974 0.00805022 0.0085119 0.00884246 0.00878403 0.00810755 0.00799353 0.00795063 0.00800193 0.00822929 0.00817033 0.00830751 0.00832756 0.00825407 0.00816812 0.00809253 0.00799676 0.00807799 0.00819893 0.00817163 0.00803158 0.00807901 0.00817663 0.00815195 0.00805357 0.00832229 0.00840473 0.00847753 0.00843669 0.00849817 0.00848886 0.0083143 
0.00965816 0.011152 0.0237731 0.0195444 0.0246262 0.0109005 0.0096044 0.0107732 0.0119946 0.041424 0.0114621 0.00925925 0.0101155 0.0120874 0.0395827 0.0243134 0.117176 0.0153682 0.0122779 0.00375161 0.00393512 0 0.00369764 0.00371051 0.0138149 0.0123695 0.0130747 0.0123169 0.0154546 0.0143165 0.00965489 0.00889892 0.00894404 0.0121814 0.0269368 0.0174706 0.0168697 0.0103009 0.00876846 0.00971334 0.0126786 0.0251023 0.00998073 0.00865785 0.0083008 0.00929801 0.0114926 0.00925286 0.00819757 0.00793576 0.00790377 0.00817224 0.00828558 0.00840151 0.00843929 0.00850587 0.00840141 0.00836854 0.00811142 0.00804986 0.00813471 0.00832445 0.00826181 0.00805825 0.00811991 0.00819316 0.00816385 0.00804985 0.00836889 0.00843252 0.00855335 0.00849441 0.00857976 0.00852249 0.00841397 
0.0112157 0.0148068 0.012579 0.0192729 0.0121485 0.018586 0.0097419 0.011425 0.0212531 0.0132243 0.0292537 0.0109045 0.0122837 0.0218522 0.0124467 0.0293751 0.0170384 0.128897 0.0181392 0.00401434 0.00380368 0.00369764 0 0.00431457 0.0137749 0.0157562 0.0106383 0.0113371 0.0143613 0.0120614 0.0213187 0.0102747 0.0107469 0.0140014 0.0156551 0.0179299 0.0107125 0.0156267 0.00962626 0.0108664 0.0178111 0.0134684 0.0153429 0.00929351 0.00868717 0.00938487 0.00982557 0.00963855 0.00836897 0.00808808 0.00801937 0.00825499 0.00835428 0.0083979 0.00842801 0.0084382 0.00840278 0.00831037 0.00824165 0.00801909 0.00820316 0.00843724 0.00830767 0.00808659 0.00819963 0.00822266 0.00816796 0.00803342 0.00843679 0.00846422 0.00853783 0.00857193 0.00853319 0.00852056 0.00852812 
0.0152257 0.0118945 0.0109454 0.0103577 0.0116492 0.00937643 0.0170755 0.0301696 0.0111675 0.0127353 0.0117301 0.0226524 0.0399142 0.0105777 0.0149108 0.0104255 0.020016 0.0160153 0.213065 0.00550544 0.00402741 0.00371051 0.00431457 0 0.023321 0.00976613 0.0104752 0.0106588 0.0108939 0.0121975 0.0210462 0.0268994 0.0169512 0.0116508 0.0119897 0.0106116 0.0113014 0.00934762 0.017997 0.0199637 0.010066 0.0104167 0.0109274 0.0130893 0.00963403 0.00909175 0.00897197 0.00887484 0.00872517 0.00894387 0.00879961 0.00881736 0.0082203 0.00842968 0.00837453 0.00846605 0.00822918 0.008402 0.00804826 0.00817501 0.00852995 0.00822426 0.00812553 0.00813394 0.00843944 0.00820253 0.00815238 0.00802905 0.00904009 0.00836062 0.0084745 0.00835908 0.00855642 0.00827728 0.0087379 
0.00844931 0.00836553 0.00850735 0.00879875 0.00863553 0.00900762 0.0141517 0.0100794 0.00848938 0.00882363 0.00950323 0.0134376 0.01038 0.00867388 0.00978281 0.00896482 0.0101936 0.0105284 0.0283529 0.0301268 0.0120594 0.0138149 0.0137749 0.023321 0 0.00388278 0.00377161 0.00466211 0.00400734 0.0039469 0.00418359 0.0112087 0.00821918 0.0088947 0.00928981 0.00963477 0.0104966 0.0120199 0.716488 0.0178005 0.0125433 0.0106134 0.0106229 0.018845 0.00889122 0.00958736 0.00928151 0.00980315 0.0134123 0.00931343 0.00867251 0.00839694 0.00806907 0.00829368 0.00825134 0.00827004 0.00820091 0.00814219 0.00797608 0.00847963 0.00811691 0.00812088 0.00815461 0.00821515 0.00794285 0.00803076 0.00799392 0.00828348 0.00843548 0.00819708 0.00828944 0.00817015 0.00829257 0.00820354 0.00861766 
0.00810958 0.0084394 0.00862809 0.00889893 0.00864584 0.00875967 0.00830292 0.00831643 0.00898023 0.00913348 0.00919981 0.00865092 0.00838034 0.00926954 0.00871774 0.0120192 0.00965045 0.0118631 0.0090636 0.009252 0.0113099 0.0123695 0.0157562 0.00976613 0.00388278 0 0.00383404 0.00374236 0.00374049 0.00379475 0.00563543 0.00395679 0.00678365 0.00769988 0.0085993 0.010177 0.00873403 0.626843 0.0413076 0.0123059 0.013087 0.0126608 0.0118932 0.00928452 0.00872937 0.00953379 0.0120149 0.010044 0.00865449 0.00805301 0.00801108 0.00807504 0.0084136 0.00835898 0.00862473 0.00835164 0.00836646 0.00821638 0.00813135 0.00804933 0.00809653 0.00836234 0.00818192 0.0080929 0.00795229 0.00810371 0.00808987 0.00803638 0.00816668 0.00830544 0.00833189 0.00826028 0.00836443 0.00826859 0.00814842 
0.00808149 0.00822661 0.00891999 0.00875371 0.00940542 0.00834245 0.00816928 0.00836958 0.00829418 0.010447 0.00880302 0.00827391 0.00856522 0.00827077 0.0101797 0.00934928 0.0130805 0.00891814 0.00890554 0.00915538 0.0088581 0.0130747 0.0106383 0.0104752 0.00377161 0.00383404 0 0.00375397 0.00370981 0.00443425 0.00373521 0.00380987 0.00655081 0.00747086 0.00804966 0.00863496 0.563803 0.0412497 0.0159162 0.00985148 0.012246 0.0130236 0.00959432 0.00876194 0.00838059 0.0104402 0.0108993 0.00967096 0.00836764 0.00790066 0.0079025 0.00809133 0.00822047 0.00834488 0.00829189 0.00841408 0.00820199 0.00824825 0.0081355 0.00796171 0.00811495 0.0082928 0.00819512 0.00798019 0.00802437 0.00805751 0.00804964 0.00796078 0.00818223 0.00822987 0.00826862 0.00821015 0.00834732 0.00821501 0.00817527 
0.00808452 0.00847149 0.00908676 0.00987855 0.00955605 0.00850347 0.00838337 0.0084456 0.00877844 0.0109472 0.00898211 0.00860786 0.00844367 0.00852866 0.0106842 0.0114671 0.0129298 0.00932077 0.00930046 0.00929405 0.00950713 0.0123169 0.0113371 0.0106588 0.00466211 0.00374236 0.00375397 0 0.00395395 0.00371011 0.00373676 0.00375547 0.00671393 0.00694396 0.00798072 0.461129 0.132128 0.0168008 0.0081946 0.0109243 0.0113577 0.0128776 0.0100405 0.00875457 0.00847704 0.0122247 0.0129201 0.00994758 0.00861944 0.00794864 0.00793404 0.00815692 0.00837225 0.00865411 0.00856124 0.00859213 0.00852504 0.00842051 0.00820995 0.00802407 0.00817181 0.00833577 0.0082624 0.00797784 0.00799598 0.00800662 0.00805323 0.00798192 0.00818453 0.00827544 0.00828315 0.00832638 0.00840541 0.00834242 0.00815876 
0.00842828 0.00864457 0.0100614 0.0117442 0.00960761 0.00926934 0.00817821 0.00851027 0.00994077 0.0121763 0.0100131 0.0084175 0.00825766 0.0103289 0.0115247 0.0232296 0.0152936 0.0117807 0.00855551 0.00953057 0.00975537 0.0154546 0.0143613 0.0108939 0.00400734 0.00374049 0.00370981 0.00395395 0 0.00370395 0.00370427 0.00380659 0.00595251 0.00764332 0.434857 0.150325 0.0255044 0.0133884 0.00773385 0.00993669 0.0222701 0.0155267 0.011902 0.00937408 0.00923537 0.0117009 0.0236115 0.0107391 0.00895809 0.00796369 0.00805396 0.00822348 0.00870254 0.00863636 0.00987626 0.00883055 0.00895262 0.00846714 0.00844822 0.00799115 0.00816466 0.00866065 0.00831184 0.00809275 0.00803361 0.00810518 0.00811937 0.00793515 0.00819998 0.00823944 0.00836815 0.00828776 0.00842506 0.00835208 0.00814434 
0.0082351 0.00864981 0.0105173 0.0100716 0.0109944 0.00886356 0.00867346 0.00858283 0.00915058 0.0153001 0.00988475 0.00881514 0.0086473 0.00946396 0.0165441 0.0129595 0.0206244 0.0104491 0.00948374 0.00942448 0.00920952 0.0143165 0.0120614 0.0121975 0.0039469 0.00379475 0.00443425 0.00371011 0.00370395 0 0.00370092 0.00375172 0.0058942 0.124567 0.23993 0.0333733 0.0100526 0.00861784 0.00828773 0.010565 0.0127296 0.0308911 0.0121953 0.0101696 0.00922466 0.0143186 0.0213097 0.0128671 0.00904387 0.00794636 0.00795618 0.00819137 0.00835929 0.00965995 0.0087825 0.00908738 0.00872629 0.00890623 0.00830792 0.00806739 0.00822388 0.00850727 0.00848328 0.00801102 0.00802146 0.00807492 0.00809659 0.00797743 0.00825904 0.00829204 0.00845064 0.00835998 0.00842862 0.0083915 0.00821869 
0.00845885 0.0092915 0.00902511 0.00946346 0.00921078 0.00860778 0.00863804 0.00889336 0.00950937 0.00996093 0.0113431 0.00905856 0.00927518 0.0128612 0.00958599 0.0100012 0.0112689 0.0110389 0.00968414 0.00897951 0.01048 0.00965489 0.0213187 0.0210462 0.00418359 0.00563543 0.00373521 0.00373676 0.00370427 0.00370092 0 0.00454248 0.0950467 0.660168 0.04326 0.0115731 0.00899265 0.01324 0.0108741 0.0104327 0.0173858 0.0145435 0.0293996 0.0162917 0.00993986 0.01439 0.0140388 0.0218679 0.00985724 0.00812424 0.00805828 0.00824562 0.00853499 0.00878521 0.00868839 0.00872146 0.00851665 0.00847189 0.00834968 0.00811333 0.00814222 0.00865233 0.00837466 0.00814002 0.0079499 0.00800204 0.008007 0.00794093 0.0082413 0.00816866 0.00829584 0.00825028 0.00826779 0.00825311 0.00813599 
0.0096953 0.00837163 0.00843235 0.00845228 0.00836865 0.00840735 0.00889969 0.0112403 0.00864359 0.00868532 0.00910708 0.00979723 0.0119161 0.00939047 0.00861649 0.00894367 0.00929868 0.00940626 0.00992668 0.0144584 0.00912076 0.00889892 0.0102747 0.0268994 0.0112087 0.00395679 0.00380987 0.00375547 0.00380659 0.00375172 0.00454248 0 0.843098 0.0191461 0.00919398 0.00806096 0.00644964 0.0107757 0.00969712 0.0192687 0.0103876 0.0109353 0.0128208 0.037018 0.0164951 0.00930515 0.0100282 0.0105777 0.0108556 0.00930205 0.00954558 0.00901668 0.00824559 0.00835355 0.00832816 0.00834764 0.00821705 0.00825402 0.00810383 0.00832112 0.00859947 0.00831984 0.00814897 0.00811153 0.0081961 0.00795431 0.00795785 0.00810217 0.00825992 0.00820558 0.00809327 0.00816972 0.0080765 0.00810937 0.00816444 
0.00857149 0.00831395 0.00839659 0.00870918 0.00856714 0.00893956 0.0101562 0.0098677 0.00866137 0.0088462 0.00893706 0.0108495 0.00963532 0.0086091 0.00887319 0.00883512 0.00980799 0.00976988 0.0198873 0.0114313 0.00886998 0.00894404 0.0107469 0.0169512 0.00821918 0.00678365 0.00655081 0.00671393 0.00595251 0.0058942 0.0950467 0.843098 0 0.00445232 0.00373273 0.00375589 0.00382219 0.00440111 0.00633171 0.0108267 0.00958463 0.00891553 0.0105373 0.0237226 0.012398 0.0124896 0.0110139 0.0116819 0.0130335 0.00937838 0.00875067 0.00860403 0.00836623 0.00870878 0.00840191 0.00862178 0.0083729 0.00839685 0.0081679 0.00845853 0.00827233 0.00840055 0.00832308 0.00820971 0.00808344 0.00806937 0.00799129 0.0080634 0.00838521 0.00834317 0.00836792 0.00821011 0.00837562 0.00829889 0.00837275 
0.00823219 0.00954804 0.00970906 0.0105048 0.0105057 0.00926144 0.00881689 0.00916943 0.0106484 0.0135255 0.0114413 0.00924873 0.00883957 0.00976104 0.0137523 0.0137619 0.018119 0.0136042 0.011074 0.00925552 0.0110219 0.0121814 0.0140014 0.0116508 0.0088947 0.00769988 0.00747086 0.00694396 0.00764332 0.124567 0.660168 0.0191461 0.00445232 0 0.00374631 0.00375017 0.00380113 0.00393346 0.00405479 0.0106108 0.0148079 0.0130368 0.0254651 0.0138846 0.0117035 0.0404137 0.0259244 0.0217646 0.0112896 0.00820264 0.00812274 0.00863133 0.00904106 0.00948747 0.00951213 0.010256 0.00916457 0.00917572 0.00870834 0.00833648 0.0084642 0.00908814 0.00894945 0.00826873 0.00804133 0.00822999 0.00822169 0.00800676 0.00842549 0.00831485 0.00851721 0.00831623 0.00847241 0.00839652 0.0082128 
0.00895576 0.00963768 0.0149891 0.015444 0.0148562 0.0106539 0.00871628 0.00953105 0.0136227 0.0254275 0.0155278 0.00973092 0.00881723 0.0128523 0.0193666 0.0391751 0.0473584 0.0196984 0.00987698 0.00932227 0.0119775 0.0269368 0.0156551 0.0119897 0.00928981 0.0085993 0.00804966 0.00798072 0.434857 0.23993 0.04326 0.00919398 0.00373273 0.00374631 0 0.00371972 0.00367234 0.00383174 0.003798 0.0104895 0.015327 0.0294523 0.0256447 0.0516401 0.0132391 0.0254275 0.0988639 0.0264981 0.0132406 0.00818475 0.00822653 0.00906858 0.0100159 0.0120604 0.0141222 0.0115163 0.013022 0.0102945 0.00962904 0.0085394 0.00918295 0.0100003 0.0100295 0.00839393 0.00811695 0.00839337 0.00833735 0.0080837 0.00843571 0.00855927 0.00881973 0.00874364 0.00880798 0.00872552 0.00851181 
0.00854139 0.00945359 0.0122965 0.0154657 0.0124619 0.00998093 0.00870679 0.00919073 0.0117407 0.0194332 0.0142662 0.00928257 0.00891512 0.0104461 0.0185978 0.031425 0.0295873 0.0160655 0.00953956 0.00893938 0.0106709 0.0174706 0.0179299 0.0106116 0.00963477 0.010177 0.00863496 0.461129 0.150325 0.0333733 0.0115731 0.00806096 0.00375589 0.00375017 0.00371972 0 0.00371894 0.00374798 0.00374215 0.00966445 0.0169713 0.0348191 0.0629693 0.0308506 0.0117101 0.0280042 0.0604077 0.0276329 0.0115427 0.00806245 0.00808764 0.00877527 0.00983935 0.0110413 0.0118659 0.0105477 0.0114762 0.00981066 0.00912894 0.00842296 0.00893931 0.00944015 0.00941693 0.00832306 0.00809789 0.00820916 0.00826325 0.00810283 0.0084564 0.008465 0.00860151 0.0085734 0.00859327 0.00859038 0.00839872 
0.00827251 0.0096884 0.0115764 0.011327 0.0129861 0.00920289 0.00898038 0.00957209 0.00949442 0.0201213 0.0118503 0.00914082 0.00969739 0.00893172 0.0318374 0.0129811 0.0372371 0.0106043 0.0103611 0.00904472 0.00970865 0.0168697 0.0107125 0.0113014 0.0104966 0.00873403 0.563803 0.132128 0.0255044 0.0100526 0.00899265 0.00644964 0.00382219 0.00380113 0.00367234 0.00371894 0 0.00370819 0.00377894 0.00871334 0.0231096 0.0643566 0.0327501 0.00912638 0.0101059 0.0428309 0.0293379 0.0329887 0.0106562 0.00814914 0.00817996 0.00879127 0.00874168 0.0123761 0.0100773 0.012735 0.00947438 0.0106809 0.00854335 0.00838845 0.00874714 0.00902002 0.00939513 0.00822939 0.00807309 0.00823837 0.00819529 0.00805087 0.0084274 0.00836335 0.00880076 0.00851554 0.0087429 0.00854743 0.00825125 
0.00897897 0.0088908 0.0094341 0.0101146 0.00917641 0.00913694 0.00822856 0.00858353 0.0108427 0.0103744 0.0118387 0.00878627 0.00842512 0.0144641 0.00904738 0.0195547 0.0104108 0.0170782 0.0087742 0.00901687 0.00977452 0.0103009 0.0156267 0.00934762 0.0120199 0.626843 0.0412497 0.0168008 0.0133884 0.00861784 0.01324 0.0107757 0.00440111 0.00393346 0.00383174 0.00374798 0.00370819 0 0.00374099 0.0183049 0.0587966 0.0610446 0.0215966 0.0182598 0.0153376 0.0124851 0.0395737 0.0241428 0.0119497 0.00820404 0.00826846 0.00845332 0.00976384 0.00886238 0.0104022 0.00894155 0.0101705 0.00864234 0.00894879 0.00818752 0.00838481 0.00907094 0.00865015 0.0081396 0.00810704 0.00819863 0.00821655 0.00799569 0.00821295 0.00829598 0.00846673 0.00839869 0.00835269 0.00836662 0.00809006 
0.00987524 0.00853659 0.00853781 0.0084484 0.00856743 0.00825099 0.00928341 0.0125175 0.00850163 0.00897973 0.00884704 0.00927889 0.0170896 0.00867588 0.0093001 0.00865103 0.00989365 0.0088372 0.012599 0.0162795 0.00895966 0.00876846 0.00962626 0.017997 0.716488 0.0413076 0.0159162 0.0081946 0.00773385 0.00828773 0.0108741 0.00969712 0.00633171 0.00405479 0.003798 0.00374215 0.00377894 0.00374099 0 0.0540194 0.0394561 0.0098018 0.0136629 0.0331706 0.016942 0.0155571 0.0101721 0.0143777 0.0153259 0.0101883 0.00975069 0.0110794 0.00819632 0.00879457 0.00828265 0.00870758 0.00819536 0.00848254 0.00827251 0.00848288 0.00958849 0.00834666 0.00832724 0.00825315 0.00869391 0.00797178 0.00799455 0.00801167 0.00856645 0.00819611 0.00824419 0.00819286 0.0082858 0.00815372 0.00829693 
0.00868351 0.00868664 0.00902261 0.0093372 0.00929084 0.00927173 0.0100703 0.0100626 0.00958827 0.00938472 0.0106134 0.0127666 0.00954517 0.00933363 0.00938088 0.0103484 0.0116473 0.0111301 0.0160096 0.00994348 0.0095226 0.00971334 0.0108664 0.0199637 0.0178005 0.0123059 0.00985148 0.0109243 0.00993669 0.010565 0.0104327 0.0192687 0.0108267 0.0106108 0.0104895 0.00966445 0.00871334 0.0183049 0.0540194 0 0.00377038 0.00373789 0.00375197 0.00435707 0.580541 0.0225883 0.0253117 0.0167111 0.0267635 0.0101575 0.00985734 0.00947935 0.00962485 0.00921627 0.00977226 0.00911334 0.00956285 0.00880523 0.00875596 0.00955225 0.00914567 0.00964393 0.00930944 0.00877603 0.00807024 0.00812106 0.00815303 0.00825258 0.00844882 0.00831987 0.00875378 0.00843146 0.00845498 0.00842148 0.00853099 
0.00817968 0.00942905 0.01052 0.0113206 0.0105101 0.00950766 0.00846735 0.00907158 0.010521 0.0131433 0.0114103 0.0091231 0.00877452 0.00939238 0.014099 0.0153012 0.0213369 0.012599 0.0100487 0.00872922 0.0100432 0.0126786 0.0178111 0.010066 0.0125433 0.013087 0.012246 0.0113577 0.0222701 0.0127296 0.0173858 0.0103876 0.00958463 0.0148079 0.015327 0.0169713 0.0231096 0.0587966 0.0394561 0.00377038 0 0.0037152 0.00373447 0.00372347 0.0252194 0.661444 0.0385063 0.0759656 0.0119254 0.00827467 0.00819558 0.00895095 0.00999434 0.0123378 0.0112155 0.0120964 0.0106035 0.0121292 0.0092848 0.00856214 0.00879648 0.0101366 0.0104171 0.00846777 0.00799114 0.00827873 0.00833281 0.00811184 0.00831832 0.00852364 0.00883849 0.00858052 0.00866116 0.00850081 0.00828078 
0.00851882 0.00915825 0.0114159 0.0125134 0.012298 0.00952901 0.0085132 0.00886008 0.0112849 0.0180421 0.012287 0.00960858 0.00857519 0.0111379 0.0142557 0.0289796 0.0292249 0.0149882 0.00927151 0.00875121 0.0100402 0.0251023 0.0134684 0.0104167 0.0106134 0.0126608 0.0130236 0.0128776 0.0155267 0.0308911 0.0145435 0.0109353 0.00891553 0.0130368 0.0294523 0.0348191 0.0643566 0.0610446 0.0098018 0.00373789 0.0037152 0 0.00373047 0.00371264 0.0615991 0.0371407 0.74511 0.0441479 0.0239854 0.00822401 0.00829986 0.00889393 0.0112322 0.0132563 0.0182681 0.0120916 0.0184431 0.0118401 0.0103034 0.0087367 0.00915137 0.0111715 0.0105752 0.0084802 0.00815296 0.00832623 0.00838092 0.00822075 0.00851601 0.00854957 0.00898997 0.00881214 0.00885436 0.00876509 0.00831168 
0.00836594 0.00915972 0.00979933 0.0106776 0.0107169 0.00934941 0.00835943 0.00935243 0.00987338 0.0125754 0.0135354 0.00916608 0.00919813 0.00928277 0.0134092 0.0119779 0.0178215 0.0124263 0.0097917 0.00877348 0.00968468 0.00998073 0.0153429 0.0109274 0.0106229 0.0118932 0.00959432 0.0100405 0.011902 0.0121953 0.0293996 0.0128208 0.0105373 0.0254651 0.0256447 0.0629693 0.0327501 0.0215966 0.0136629 0.00375197 0.00373447 0.00373047 0 0.00374345 0.0158921 0.156912 0.0528683 0.75056 0.0222362 0.0085862 0.0084376 0.00948215 0.00999804 0.0124013 0.0105108 0.0143572 0.0100261 0.011733 0.0099774 0.00896981 0.0093316 0.0099354 0.0106707 0.00873936 0.00813367 0.00815775 0.00829917 0.00805946 0.00838974 0.00835184 0.00879877 0.00852142 0.00858454 0.00849974 0.0082807 
0.00854954 0.00834935 0.00838254 0.00869206 0.00835389 0.00836176 0.00834931 0.00925651 0.00870178 0.00876673 0.00967454 0.00945708 0.00947129 0.00876314 0.00871634 0.0103124 0.00949786 0.00951124 0.00955954 0.0102048 0.00858974 0.00865785 0.00929351 0.0130893 0.018845 0.00928452 0.00876194 0.00875457 0.00937408 0.0101696 0.0162917 0.037018 0.0237226 0.0138846 0.0516401 0.0308506 0.00912638 0.0182598 0.0331706 0.00435707 0.00372347 0.00371264 0.00374345 0 0.0364408 0.0155167 0.0625631 0.0636307 0.618194 0.00924586 0.0102282 0.0101985 0.00881731 0.00885494 0.00902079 0.00889735 0.00897643 0.00863254 0.0093701 0.00919813 0.00975701 0.00880508 0.00916649 0.00850831 0.00815986 0.00796322 0.00807191 0.00821263 0.00819836 0.00818524 0.00845806 0.00821433 0.00837171 0.0081882 0.00821179 
0.00819255 0.00808235 0.00830699 0.00821492 0.00850056 0.00822787 0.00866649 0.00832994 0.00828131 0.00850944 0.00825345 0.00958872 0.00810736 0.00816459 0.00832095 0.00837277 0.00870632 0.00884571 0.00986617 0.0083156 0.00805022 0.0083008 0.00868717 0.00963403 0.00889122 0.00872937 0.00838059 0.00847704 0.00923537 0.00922466 0.00993986 0.0164951 0.012398 0.0117035 0.0132391 0.0117101 0.0101059 0.0153376 0.016942 0.580541 0.0252194 0.0615991 0.0158921 0.0364408 0 0.0037557 0.00375982 0.00379061 0.00440244 0.0226617 0.0110451 0.00949312 0.0100063 0.00908933 0.0103223 0.00891646 0.0105447 0.00877911 0.00924167 0.0105102 0.00913503 0.00910953 0.00931982 0.010408 0.00820805 0.00798305 0.00808319 0.00904759 0.00817314 0.00841047 0.00841178 0.00833507 0.00850423 0.00853193 0.00876433 
0.00815278 0.00892971 0.00892043 0.00913207 0.00925887 0.00865159 0.0083193 0.00862444 0.00861673 0.00964666 0.0092302 0.00841886 0.00856532 0.00842813 0.0100906 0.00934122 0.0111136 0.00914697 0.00882273 0.00835204 0.0085119 0.00929801 0.00938487 0.00909175 0.00958736 0.00953379 0.0104402 0.0122247 0.0117009 0.0143186 0.01439 0.00930515 0.0124896 0.0404137 0.0254275 0.0280042 0.0428309 0.0124851 0.0155571 0.0225883 0.661444 0.0371407 0.156912 0.0155167 0.0037557 0 0.00377078 0.0037604 0.00380196 0.0139034 0.00943376 0.0135941 0.0126075 0.0334149 0.0170429 0.0365007 0.0120728 0.0270874 0.0112071 0.00938621 0.0119306 0.0151163 0.0148085 0.00890678 0.00809317 0.0083105 0.00857675 0.00814003 0.00870585 0.00855643 0.00986002 0.00889919 0.00981013 0.00873754 0.00852317 
0.00833642 0.0087672 0.00929443 0.01012 0.00959343 0.00910232 0.00834164 0.00866536 0.00920962 0.011579 0.00944613 0.0087796 0.00839335 0.00923348 0.0103659 0.0126844 0.0121262 0.00992983 0.0085043 0.00836993 0.00884246 0.0114926 0.00982557 0.00897197 0.00928151 0.0120149 0.0108993 0.0129201 0.0236115 0.0213097 0.0140388 0.0100282 0.0110139 0.0259244 0.0988639 0.0604077 0.0293379 0.0395737 0.0101721 0.0253117 0.0385063 0.74511 0.0528683 0.0625631 0.00375982 0.00377078 0 0.0037384 0.00372768 0.0111888 0.00951393 0.0104908 0.0339848 0.0298608 0.0893145 0.0247586 0.0914354 0.0222454 0.0169696 0.00989334 0.0114828 0.0234247 0.0156805 0.0094756 0.00834963 0.00868605 0.00857555 0.00840072 0.00890753 0.00923206 0.00987877 0.0113635 0.00943263 0.00981045 0.00856414 
0.00833192 0.00858077 0.00867308 0.00884371 0.00878482 0.0084886 0.00817172 0.00871322 0.00891456 0.00938347 0.0091663 0.00838317 0.00847391 0.00878405 0.00951542 0.00936355 0.0110125 0.0091428 0.00845349 0.00843175 0.00878403 0.00925286 0.00963855 0.00887484 0.00980315 0.010044 0.00967096 0.00994758 0.0107391 0.0128671 0.0218679 0.0105777 0.0116819 0.0217646 0.0264981 0.0276329 0.0329887 0.0241428 0.0143777 0.0167111 0.0759656 0.0441479 0.75056 0.0636307 0.00379061 0.0037604 0.0037384 0 0.003825 0.0112363 0.0114971 0.0137925 0.0155623 0.0399492 0.0188682 0.0414802 0.0161941 0.0295235 0.0191262 0.0113111 0.0113157 0.0150477 0.029959 0.00967941 0.00846313 0.0084415 0.00903856 0.00818544 0.00874558 0.00893708 0.00991791 0.00895673 0.00937094 0.00881512 0.00841559 
