1KZLA
MFTGLVEAIGVVKDVQGTIDNGFAMKIEAPQILDDCHTGDSIAVNGTCLTVTDFDRYHFTVGIAPESLRLTNLGQCKAGDPVNLERAVLSSTRMGGHFVQGHVDTVAEIVEKKQDGEAIDFTFRPRDPFVLKYIVYKGYIALDGTSLTITHVDDSTFSIMMISYTQSKVIMAKKNVGDLVNVEVDQIGKYTEKLVEAHIADW
CECCCCCEEEEEEEEEEECCCEEEEEEECHHHCCCCCCCCEEEECCEEEEEEEECCCEEEEEECHHHHHHCCHHHCCCCCEEEEEECCCCCCCCCCCCECCCCCEEEEEEEEEEECCEEEEEEEECCHHHHHHCCCCCEEEECCEEEEEEEECCCCEEEEECHHHHCCCHHHHCCCCCEEEEEECCHHHHHHHHHHHHCCCC
0 0 0 0 0 0 0 0 0 0 0 0 0 0 0 0 0 0 0 0 0 0 0 0 0 0 0 0 0 0 0 0 0 0 0 0 0 0 0 0 0 0 0 0 0 0 0 0 0 0 0 0 0 0 0 0 0 0 0 0 0 0 0 0 0 0 0 0 0 0 0 0 0 0 0 0 0 0 0 0 0 0 0 0 0 0 0 0 0 0 0 0 0 0 0 0 0 0 0 0 0 0 0 0 0 0 0 0 0 0 0 0 0 0 0 0 0 0 0 0 0 0 0 0 0 0 0 0 0 0 0 0 0 0 0 0 0 0 0 0 0 0 0 0 0 0 0 0 0 0 0 0 0 0 0 0 0 0 0 0 0 0 0 0 0 0 0 0 0 0 0 0 0 0 0 0 0 0 0 0 0 0 0 0 0 0 0 0 0 0 0 0 0 0 0 0 0 0 0 0 0 0 
0 0 0 0 0 0 0 0 0 0 0 0 0 0 0 0 0 0 0 0 0 0 0 0 0 0 0 0 0 0 0 0 0 0 0 0 0 0 0 0 0 0 0 0 0 0 0 0 0 0 0 0 0 0 0 0 0 0 0 0 0 0 0 0 0 0 0 0 0 0 0 0 0 0 0 0 0 0 0 0 0 0 0 0 0 0 0 0 0 0 0 0 0 0 0 0 0 0 0 0 0 0 0 0 0 0 0 0 0 0 0 0 0 0 0 0 0 0 0 0 0 0 0 0 0 0 0 0 0 0 0 0 0 0 0 0 0 0 0 0 0 0 0 0 0 0 0 0 0 0 0 0 0 0 0 0 0 0 0 0 0 0 0 0 0 0 0 0 0 0 0 0 0 0 0 0 0 0 0 0 0 0 0 0 0 0 0 0 0 0 0 0 0 0 0 0 0 0 0 0 0 0 
0 0.0157674 0.00629215 0.0069918 0.0063667 0.0070147 0.00633444 0.00605336 0.0075898 0.00693967 0.00963819 0.0149598 0.0153608 0.0129426 0.00991291 0.0122252 0.0109224 0.0172965 0.0322762 0.0176838 0.0140133 0.0162295 0.0296795 0.0214334 0.0122962 0.0109868 0.0102614 0.011529 0.00876168 0.00935838 0.0129764 0.0147082 0.0108311 0.0098753 0.0115115 0.0104653 0.0199904 0.0101809 0.0102062 0.00914331 0.0090781 0.0096578 0.0131181 0.0197149 0.0118857 0.00902571 0.0087534 0.0083172 0.00843613 0.00818989 0.00817885 0.00805667 0.00794251 0.00792075 0.00867616 0.00990345 0.00955514 0.00852166 0.00858784 0.00851159 0.00834689 0.00815843 0.0102803 0.00930418 0.00896654 0.00843701 0.0114751 0.0091416 0.00814904 0.0085153 0.00823993 0.00834778 0.00805315 0.00798088 0.0087596 0.00903747 0.00807448 0.00817384 0.00809776 0.0105546 0.00857177 0.00813211 0.00806847 0.00824792 0.00800944 0.00906583 
0.0157674 0 0.00375329 0.00375171 0.00374682 0.00411306 0.00384322 0.00377956 0.00501455 0.00448109 0.00817698 0.0117987 0.00780665 0.0104442 0.00799946 0.0143938 0.00819774 0.020914 0.0192289 0.013399 0.044986 0.011227 0.0240933 0.0133617 0.0121408 0.0149627 0.00957764 0.0186001 0.00937283 0.0129079 0.0161467 0.0105168 0.0164825 0.00892668 0.0220663 0.0092556 0.0425395 0.00940841 0.0125926 0.00894813 0.010605 0.00878141 0.0168218 0.0106368 0.0100307 0.00859501 0.00930932 0.00868325 0.00867291 0.00845336 0.00825233 0.00825614 0.00797963 0.00802954 0.00837671 0.00860094 0.00864396 0.0084973 0.00960888 0.0083928 0.00943872 0.0081709 0.0133392 0.00822655 0.00887379 0.00826362 0.00949935 0.00846243 0.00815071 0.00985161 0.00830709 0.00891786 0.00809692 0.0079859 0.00839967 0.00888948 0.00815572 0.00902113 0.00820691 0.00915555 0.00818961 0.00852979 0.00820505 0.0086904 0.00809662 0.0086933 
0.00629215 0.00375329 0 0.0037471 0.00372832 0.00372338 0.00369384 0.00382264 0.00371513 0.00446332 0.00515929 0.00561219 0.00662451 0.00688217 0.0111865 0.0073171 0.0185151 0.00853585 0.0139181 0.0124504 0.0102878 0.0300017 0.00985954 0.00958512 0.0124448 0.00904909 0.0235064 0.00893519 0.0135717 0.0096241 0.00874812 0.00977657 0.00898114 0.0180133 0.00877065 0.0243091 0.00905543 0.00893133 0.00878448 0.0120798 0.00869016 0.011722 0.00864579 0.00807896 0.00875332 0.00857034 0.00865901 0.0105151 0.00845341 0.00833106 0.00841043 0.00809332 0.0080463 0.00795848 0.0079944 0.00810992 0.00846316 0.00942864 0.00876128 0.0100922 0.00834405 0.00989979 0.00807577 0.00859276 0.0083778 0.00873491 0.00825885 0.00835258 0.00829836 0.00850312 0.00975079 0.00832015 0.00821076 0.00802 0.00795605 0.00820631 0.00858664 0.0083741 0.00894596 0.00814657 0.0081727 0.00836825 0.00830777 0.00839137 0.00847327 0.00807119 
0.0069918 0.00375171 0.0037471 0 0.00373801 0.00377408 0.00375146 0.00373668 0.00567292 0.00396288 0.00434116 0.0043033 0.00611085 0.00997471 0.00722594 0.0268805 0.00762309 0.0175184 0.0079987 0.00988706 0.0382236 0.0105243 0.0120866 0.0098341 0.0100532 0.039739 0.00929308 0.0430415 0.00932255 0.0094876 0.00927931 0.00890264 0.0239833 0.00916177 0.0493873 0.00897158 0.0118993 0.00838305 0.0136081 0.00955031 0.0270877 0.00894815 0.00924373 0.00839413 0.00907178 0.00920456 0.0146626 0.00955378 0.0115809 0.00963012 0.00854714 0.00865444 0.00807236 0.00804411 0.00790902 0.00824203 0.0094401 0.00972959 0.0183499 0.00890776 0.0137374 0.00839881 0.00890508 0.0081804 0.00932433 0.00874008 0.00888367 0.00831406 0.00847236 0.0108277 0.00860489 0.00962956 0.0084117 0.00815716 0.00801561 0.00832953 0.00852335 0.0102455 0.00853904 0.00837911 0.00810528 0.00868378 0.00856479 0.00896467 0.00865189 0.0083679 
0.0063667 0.00374682 0.00372832 0.00373801 0 0.00370696 0.00371661 0.00391462 0.0036743 0.00471859 0.0037885 0.00466606 0.00679769 0.00639799 0.029543 0.00696299 0.0230841 0.00746797 0.401396 0.0217563 0.00892038 0.0242361 0.00949555 0.0103798 0.015088 0.00922929 0.0667973 0.008836 0.0193802 0.0098679 0.00857259 0.0125657 0.00871272 0.0581132 0.0088306 0.0250155 0.00868685 0.0103337 0.00850774 0.0359006 0.00898044 0.0131427 0.00861828 0.00801584 0.0095011 0.0096705 0.00897031 0.0249203 0.00881371 0.00878357 0.00980666 0.00814836 0.00814275 0.00797412 0.00797737 0.00823595 0.00848409 0.0156345 0.00972741 0.017444 0.00874655 0.00981539 0.00802555 0.00916188 0.00844743 0.00956029 0.00830286 0.00820164 0.00865186 0.00881298 0.0132874 0.00827358 0.00849256 0.00817745 0.00791956 0.00828101 0.0086249 0.00843367 0.00936643 0.00822484 0.00844822 0.00831871 0.00882523 0.00858426 0.00872533 0.00814596 
0.0070147 0.00411306 0.00372338 0.00377408 0.00370696 0 0.00377387 0.00370013 0.00410883 0.00372436 0.00394304 0.00379705 0.00582353 0.00958561 0.0066175 0.0179782 0.00702784 0.462019 0.0906639 0.00859687 0.0179555 0.00946392 0.0108003 0.00980829 0.00919845 0.030937 0.00886497 0.0334426 0.00897558 0.00912565 0.00943305 0.00876869 0.0282929 0.00880379 0.0346796 0.00875798 0.0118056 0.00818162 0.0129585 0.00890535 0.0178176 0.00867166 0.00907886 0.00834325 0.00873996 0.00864409 0.012704 0.00870714 0.00997746 0.00915238 0.0084266 0.00844286 0.00808585 0.00811022 0.00799818 0.008186 0.0090168 0.00897107 0.015483 0.00863258 0.0115679 0.00806631 0.00886235 0.00807749 0.00886479 0.00846493 0.00848228 0.00825894 0.0082929 0.0102894 0.00838544 0.00948045 0.00821863 0.00810812 0.00801213 0.00828669 0.00837413 0.00936488 0.00831251 0.00834396 0.00807645 0.0086017 0.00842322 0.00879004 0.00840882 0.00818134 
0.00633444 0.00384322 0.00369384 0.00375146 0.00371661 0.00377387 0 0.00371749 0.00370467 0.0037321 0.00380066 0.00387996 0.00547724 0.0062139 0.00889269 0.00698776 0.0477939 0.17541 0.0106188 0.00998205 0.00981275 0.0110516 0.00942512 0.0092191 0.0110952 0.00994862 0.0168757 0.00957189 0.0109871 0.00901031 0.00859525 0.00966056 0.00904347 0.0153065 0.00980571 0.0103449 0.00926 0.00868679 0.00881726 0.011505 0.00988437 0.00896624 0.00851516 0.00805366 0.00890388 0.00916764 0.00933822 0.0138232 0.00914128 0.00860071 0.00895456 0.00826766 0.00805885 0.0080261 0.00792182 0.00827836 0.00850361 0.0114888 0.010014 0.0107209 0.00893225 0.00831871 0.00812682 0.00854635 0.0086183 0.00878545 0.00838933 0.00819787 0.00841937 0.00860797 0.00946409 0.00842101 0.00824921 0.00811519 0.00794128 0.0081854 0.00844738 0.00851783 0.00838221 0.00818727 0.00809345 0.00836493 0.00841025 0.00843665 0.00838898 0.00809993 
0.00605336 0.00377956 0.00382264 0.00373668 0.00391462 0.00370013 0.00371749 0 0.00370271 0.0037349 0.00372565 0.00378891 0.00454715 0.00563816 0.00947039 0.0092402 0.953471 0.0109258 0.00792154 0.0105197 0.00914327 0.0151945 0.00909558 0.00942073 0.0118094 0.00990259 0.020656 0.00913182 0.0123374 0.00911771 0.00840079 0.00937286 0.00894539 0.019435 0.00928386 0.0226986 0.00866339 0.00898998 0.00870051 0.0178903 0.00934951 0.0116105 0.00836095 0.0079585 0.00882411 0.0092989 0.00949129 0.0169485 0.00875519 0.00888579 0.00917102 0.00817387 0.00814878 0.00798104 0.00801004 0.0081601 0.00894298 0.0123848 0.010021 0.0123358 0.00851413 0.00871484 0.00797032 0.00850597 0.00839463 0.0087895 0.00830639 0.00817178 0.00841056 0.00853348 0.00991815 0.00824662 0.00837656 0.00814165 0.00793407 0.00820015 0.00864664 0.0084086 0.00863366 0.00809534 0.00824829 0.00830354 0.0087301 0.00838514 0.00878224 0.0080752 
0.0075898 0.00501455 0.00371513 0.00567292 0.0036743 0.00410883 0.00370467 0.00370271 0 0.00370052 0.00372173 0.00374289 0.00412946 0.00652658 0.007818 0.979294 0.00659497 0.00963961 0.00542452 0.00825832 0.0180703 0.0087267 0.0101464 0.00877881 0.00899438 0.0262948 0.00873299 0.0332074 0.00883986 0.00887434 0.00915737 0.00860752 0.018373 0.00863974 0.0553537 0.0086274 0.0116926 0.00815844 0.013254 0.00858969 0.0201615 0.0084805 0.00879361 0.00836794 0.0086288 0.00872184 0.0125844 0.00852294 0.0103961 0.00884836 0.00825456 0.00841276 0.00802244 0.0079798 0.00790626 0.00816909 0.00881301 0.00854076 0.0150138 0.00834154 0.0118981 0.0080311 0.00882778 0.00792775 0.00907323 0.00825634 0.00839902 0.00807087 0.00807866 0.00999741 0.00819807 0.00971332 0.00810984 0.0080734 0.00797601 0.00829722 0.00820146 0.00947058 0.00824261 0.00836166 0.00795466 0.00843072 0.00830795 0.00868039 0.00831301 0.00818956 
0.00693967 0.00448109 0.00446332 0.00396288 0.00471859 0.00372436 0.0037321 0.0037349 0.00370052 0 0.00370831 0.00377105 0.00409001 0.00526371 0.986436 0.00546747 0.00983766 0.00560085 0.00625572 0.0103608 0.00835115 0.0142138 0.0086264 0.00885264 0.0115787 0.00871168 0.0287675 0.00864443 0.0110773 0.00899706 0.00837257 0.00973582 0.00846389 0.0360362 0.00866815 0.0134802 0.00848074 0.00910714 0.00831361 0.0174814 0.00860877 0.0093994 0.00832657 0.00799709 0.00867921 0.00871465 0.00876394 0.0131203 0.00842228 0.0083119 0.00874512 0.00808085 0.00808527 0.00792888 0.00793993 0.00809915 0.00818533 0.0114878 0.00852808 0.0107777 0.00825928 0.00867137 0.00801816 0.00886358 0.00820579 0.00897458 0.00813179 0.00808334 0.00831031 0.0081737 0.0100517 0.00812536 0.00817732 0.00800493 0.00791807 0.0080137 0.00831043 0.00822636 0.00837897 0.0080393 0.00814377 0.00811962 0.00834902 0.00811513 0.00823693 0.00801653 
0.00963819 0.00817698 0.00515929 0.00434116 0.0037885 0.00394304 0.00380066 0.00372565 0.00372173 0.00370831 0 0.00400855 0.00401357 0.988246 0.00490345 0.00809245 0.00492602 0.00711236 0.00526349 0.00888814 0.0148602 0.00905724 0.0100251 0.00964057 0.00995018 0.0149616 0.0087021 0.014067 0.00868938 0.0090006 0.00875865 0.0087043 0.0228819 0.00858939 0.0127272 0.00885894 0.00922743 0.00837722 0.012428 0.00854297 0.00963834 0.0085355 0.00847532 0.00830237 0.00866665 0.00918661 0.00877312 0.0083778 0.00853047 0.00839553 0.00817389 0.00815055 0.00800621 0.00802466 0.00801157 0.0082594 0.00868387 0.00829916 0.009796 0.00826198 0.00889961 0.00801579 0.00828823 0.00819212 0.00866533 0.00809045 0.00821004 0.00821635 0.00831518 0.00878834 0.00825814 0.00851926 0.00809478 0.00801255 0.00801058 0.00833085 0.00818849 0.00851129 0.00805353 0.00826044 0.0079332 0.00826715 0.00813677 0.00823534 0.00812788 0.00822816 
0.0149598 0.0117987 0.00561219 0.0043033 0.00466606 0.00379705 0.00387996 0.00378891 0.00374289 0.00377105 0.00400855 0 0.988314 0.0066622 0.00451902 0.00393945 0.00493635 0.00486827 0.00605007 0.0163864 0.00942609 0.0101478 0.00958532 0.0155116 0.0109564 0.00850706 0.0108859 0.00866529 0.00891494 0.00862227 0.00880701 0.0205229 0.00871124 0.00935317 0.0085386 0.00964592 0.00932096 0.0113178 0.00854048 0.00862407 0.00832058 0.0088075 0.00850402 0.00906105 0.0109298 0.0084952 0.00822844 0.00840697 0.00811147 0.00803351 0.00813564 0.00799131 0.00795684 0.00795136 0.00802329 0.00936035 0.00810999 0.00813422 0.00812116 0.00834971 0.00806247 0.00817708 0.00800629 0.00966702 0.00810501 0.00808379 0.00820979 0.00873187 0.00853526 0.0080623 0.00881419 0.00798355 0.00799845 0.00797198 0.00807576 0.00868486 0.00811188 0.0079436 0.00812143 0.00820903 0.00837667 0.00797131 0.0080552 0.00795512 0.0081095 0.00797794 
0.0153608 0.00780665 0.00662451 0.00611085 0.00679769 0.00582353 0.00547724 0.00454715 0.00412946 0.00409001 0.00401357 0.988314 0 0.00385646 0.00383714 0.00372721 0.00386038 0.00393971 0.00683128 0.0136405 0.00906555 0.0117045 0.0173128 0.0108764 0.00943092 0.00931977 0.0108631 0.010087 0.00949604 0.00923716 0.0180465 0.0106769 0.00950532 0.00928425 0.0100302 0.0105016 0.0195883 0.0107247 0.00985669 0.0093883 0.0088056 0.00967128 0.0137331 0.00995067 0.00990366 0.00850685 0.00854379 0.0088562 0.00833665 0.00835599 0.00830145 0.00802616 0.00805495 0.00800373 0.00904617 0.00847563 0.00827047 0.0084903 0.00848223 0.00850509 0.00828007 0.00880213 0.00987678 0.00864231 0.00809378 0.00850682 0.0099912 0.00825107 0.00808509 0.00831359 0.00878903 0.00813543 0.00813855 0.00805064 0.00850685 0.00831793 0.00814108 0.00819262 0.0082316 0.00883021 0.0082733 0.00811556 0.00812467 0.00810378 0.0080468 0.00842752 
0.0129426 0.0104442 0.00688217 0.00997471 0.00639799 0.00958561 0.0062139 0.00563816 0.00652658 0.00526371 0.988246 0.0066622 0.00385646 0 0.0037533 0.00370047 0.00372775 0.00414779 0.00415781 0.00851124 0.0184915 0.0109006 0.0143568 0.00884432 0.0140634 0.0168628 0.0086148 0.0195227 0.0087462 0.0122683 0.00972425 0.00881589 0.0183504 0.00881975 0.0172707 0.00962071 0.0524168 0.0084323 0.0152311 0.00893755 0.0161139 0.00945205 0.0241079 0.00829519 0.00920442 0.00901267 0.0109769 0.00876391 0.0104162 0.00861048 0.00838283 0.0083758 0.00799401 0.00831294 0.00802674 0.00825206 0.00928951 0.00886326 0.0122599 0.00846931 0.0118743 0.00826754 0.00940096 0.0079715 0.00938276 0.00849687 0.00923679 0.00816667 0.00822631 0.00906978 0.00831058 0.00868173 0.00808849 0.008164 0.00800446 0.00810912 0.00842695 0.0085871 0.00831276 0.00856845 0.00800093 0.00831507 0.00829386 0.00852896 0.00841989 0.00824304 
0.00991291 0.00799946 0.0111865 0.00722594 0.029543 0.0066175 0.00889269 0.00947039 0.007818 0.986436 0.00490345 0.00451902 0.00383714 0.0037533 0 0.0037508 0.00385089 0.00370455 0.00417377 0.0127165 0.00833503 0.0210288 0.00946319 0.00949899 0.01454 0.0089583 0.0394241 0.00833199 0.0214672 0.0090983 0.00834537 0.0108539 0.00855749 0.0430731 0.00874188 0.0707046 0.00861808 0.00920221 0.00880224 0.0381683 0.00944508 0.0243035 0.00868061 0.00809724 0.00961318 0.0103236 0.00937035 0.0328252 0.00927397 0.00928824 0.0116275 0.0082258 0.00845408 0.00802847 0.00805482 0.00829581 0.00886718 0.0205099 0.0100112 0.0284857 0.00859898 0.0110537 0.00806639 0.00879796 0.0083806 0.0101731 0.00838355 0.00827087 0.00919997 0.00854118 0.0138241 0.00829543 0.00878242 0.00822785 0.00794982 0.00830717 0.00935636 0.00854068 0.00969545 0.00822218 0.00816138 0.00830474 0.0088793 0.00849086 0.00944922 0.00813291 
0.0122252 0.0143938 0.0073171 0.0268805 0.00696299 0.0179782 0.00698776 0.0092402 0.979294 0.00546747 0.00809245 0.00393945 0.00372721 0.00370047 0.0037508 0 0.00369098 0.00375298 0.00371406 0.00729656 0.02326 0.00953325 0.019308 0.00964753 0.00994473 0.0417275 0.00874538 0.0660894 0.00873401 0.00936079 0.0101819 0.00866766 0.0381083 0.00865627 0.197594 0.00861769 0.0147807 0.00844999 0.0265541 0.00900995 0.0596594 0.00880681 0.0104442 0.00873083 0.00959338 0.0100209 0.0302676 0.00928664 0.0194399 0.010915 0.0086749 0.00981371 0.00823543 0.00819881 0.00802844 0.00841336 0.0120853 0.00997291 0.0417503 0.00908007 0.0252809 0.00819032 0.0101739 0.00807359 0.011892 0.0089413 0.00936519 0.00859316 0.00831765 0.0164364 0.0087245 0.0142187 0.00831728 0.00822152 0.008107 0.00894659 0.00857139 0.0128369 0.00846306 0.00861193 0.00812789 0.00977053 0.00850553 0.0106036 0.00854866 0.00849023 
0.0109224 0.00819774 0.0185151 0.00762309 0.0230841 0.00702784 0.0477939 0.953471 0.00659497 0.00983766 0.00492602 0.00493635 0.00386038 0.00372775 0.00385089 0.00369098 0 0.00369678 0.00388661 0.0186612 0.00873718 0.0433572 0.00924014 0.00957491 0.0157354 0.00877903 0.0982275 0.0086587 0.0186044 0.010713 0.00849714 0.0137274 0.00843117 0.207713 0.0085797 0.0329082 0.00870476 0.0113 0.0087291 0.0955644 0.00923009 0.0198254 0.00865351 0.00807127 0.0102118 0.012315 0.00993143 0.0451762 0.00920441 0.00924143 0.0125792 0.00832303 0.00858925 0.00818368 0.00809685 0.00855692 0.00876083 0.0333337 0.00928345 0.0280819 0.00840194 0.0123366 0.00815215 0.010143 0.00836953 0.0121882 0.00851907 0.00822493 0.00952119 0.00846407 0.0162615 0.00829615 0.0090704 0.00824957 0.00798387 0.00835391 0.00930888 0.00841404 0.0097282 0.00820246 0.00884566 0.00825545 0.00913923 0.00849884 0.00894337 0.00820635 
0.0172965 0.020914 0.00853585 0.0175184 0.00746797 0.462019 0.17541 0.0109258 0.00963961 0.00560085 0.00711236 0.00486827 0.00393971 0.00414779 0.00370455 0.00375298 0.00369678 0 0.00371079 0.00815826 0.0855182 0.0149556 0.0158074 0.0105285 0.0120962 0.0327522 0.00842069 0.0375823 0.00947943 0.010362 0.0102873 0.00893767 0.114507 0.00849546 0.0342871 0.00869984 0.0154772 0.00852706 0.0343556 0.0087504 0.0266658 0.00900716 0.00992219 0.00964354 0.0106565 0.0106869 0.0157732 0.00866067 0.0107559 0.00933848 0.00841854 0.00892423 0.00814541 0.00828208 0.00803619 0.00878288 0.0113508 0.00959573 0.0197973 0.00857032 0.0160993 0.00816603 0.0096472 0.00819437 0.0116268 0.0086275 0.00944265 0.00863299 0.00843207 0.0128914 0.00834055 0.0108838 0.00815609 0.00811179 0.0081328 0.00894367 0.00833371 0.0112046 0.00831329 0.00876751 0.0080329 0.00899934 0.00836673 0.00919799 0.00835738 0.00875683 
0.0322762 0.0192289 0.0139181 0.0079987 0.401396 0.0906639 0.0106188 0.00792154 0.00542452 0.00625572 0.00526349 0.00605007 0.00683128 0.00415781 0.00417377 0.00371406 0.00388661 0.00371079 0 0.0597065 0.0105731 0.0129296 0.0148442 0.0199535 0.0131816 0.00847699 0.024527 0.00994335 0.0133399 0.00998271 0.00981206 0.0956989 0.00950997 0.0158614 0.00876639 0.0173365 0.0106308 0.0338323 0.00938328 0.0175052 0.00887548 0.0141171 0.00990571 0.0130209 0.0181919 0.0110864 0.00874158 0.0126538 0.00865279 0.00875518 0.00962233 0.00832031 0.00846063 0.0081824 0.00881544 0.0140395 0.0086137 0.0103644 0.00865601 0.0122971 0.00832751 0.0102224 0.00825319 0.0174068 0.00827992 0.00917968 0.00903366 0.0105983 0.00972016 0.00830673 0.0126486 0.00804741 0.00873546 0.00815063 0.00827338 0.0101752 0.0087951 0.00817223 0.00891047 0.00858781 0.0107564 0.00807363 0.00854489 0.00811294 0.00868434 0.00802908 
0.0176838 0.013399 0.0124504 0.00988706 0.0217563 0.00859687 0.00998205 0.0105197 0.00825832 0.0103608 0.00888814 0.0163864 0.0136405 0.00851124 0.0127165 0.00729656 0.0186612 0.00815826 0.0597065 0 0.00378495 0.004036 0.00421083 0.00492394 0.00602853 0.00566403 0.828348 0.00877739 0.0103074 0.00748 0.0147873 0.0106853 0.00802346 0.0168285 0.00820459 0.02064 0.0136182 0.0302771 0.00950079 0.0143193 0.00880488 0.0137279 0.0135268 0.00945449 0.0141929 0.00919396 0.00867827 0.0123589 0.00867282 0.00884155 0.00908435 0.00820381 0.00833035 0.00838598 0.00984828 0.00939524 0.00856666 0.00941976 0.00876375 0.0101845 0.00836238 0.0102081 0.0101493 0.0112262 0.00817085 0.00929339 0.0100245 0.00849034 0.00852826 0.00819063 0.0114931 0.00808771 0.00875517 0.00830233 0.00864207 0.0085794 0.00879699 0.00816452 0.00986734 0.00897689 0.0094315 0.00807741 0.008831 0.00817615 0.00863825 0.00843827 
0.0140133 0.044986 0.0102878 0.0382236 0.00892038 0.0179555 0.00981275 0.00914327 0.0180703 0.00835115 0.0148602 0.00942609 0.00906555 0.0184915 0.00833503 0.02326 0.00873718 0.0855182 0.0105731 0.00378495 0 0.00373842 0.00381871 0.00466281 0.00480546 0.866171 0.00602003 0.0180073 0.00598401 0.00746953 0.01066 0.00750286 0.0255334 0.00855863 0.0266854 0.00958815 0.021247 0.0098549 0.0679646 0.00917033 0.0360971 0.00971541 0.0147605 0.0108803 0.0139583 0.0112564 0.0283259 0.0094655 0.0163693 0.010244 0.00881791 0.00927671 0.00846497 0.00860162 0.00852137 0.00895278 0.0134933 0.00982069 0.0289108 0.009194 0.0215183 0.00854057 0.011101 0.00816559 0.0136558 0.00921513 0.00994037 0.00880034 0.00832035 0.01515 0.0083861 0.011408 0.0083749 0.00833006 0.00819217 0.00935105 0.00843498 0.0115281 0.00857769 0.00946653 0.00811849 0.0101903 0.00844613 0.0100895 0.00854948 0.0087166 
0.0162295 0.011227 0.0300017 0.0105243 0.0242361 0.00946392 0.0110516 0.0151945 0.0087267 0.0142138 0.00905724 0.0101478 0.0117045 0.0109006 0.0210288 0.00953325 0.0433572 0.0149556 0.0129296 0.004036 0.00373842 0 0.00371551 0.00407009 0.935851 0.00529047 0.00762331 0.00572428 0.00718264 0.00739359 0.00637167 0.00953507 0.0097405 0.030464 0.00846767 0.0368035 0.00875247 0.0117669 0.0106871 0.0441136 0.011709 0.0468524 0.00968653 0.00966606 0.0124406 0.0239097 0.0104291 0.0304484 0.010322 0.00969479 0.0113379 0.00851091 0.00866358 0.00857388 0.00824283 0.00936794 0.0109415 0.0267179 0.0113019 0.0291434 0.00911046 0.0163911 0.0082791 0.0110447 0.0093922 0.0191023 0.00986603 0.00896953 0.0116384 0.00977903 0.014442 0.00851045 0.00871265 0.00844566 0.00800142 0.00883765 0.0110247 0.00915031 0.0121015 0.00843876 0.00863718 0.00857336 0.0109997 0.00889696 0.010185 0.00848684 
0.0296795 0.0240933 0.00985954 0.0120866 0.00949555 0.0108003 0.00942512 0.00909558 0.0101464 0.0086264 0.0100251 0.00958532 0.0173128 0.0143568 0.00946319 0.019308 0.00924014 0.0158074 0.0148442 0.00421083 0.00381871 0.00371551 0 0.976422 0.00599557 0.00433633 0.00383308 0.00590899 0.00516758 0.00615194 0.00745875 0.00967756 0.016386 0.00792497 0.0108466 0.0101106 0.0165317 0.0113462 0.0160001 0.0105854 0.0222186 0.012535 0.0203779 0.0148063 0.0214096 0.01065 0.0129898 0.00985622 0.0108861 0.00979704 0.00873577 0.00848818 0.00828598 0.00837081 0.00876368 0.0133965 0.0107519 0.0102893 0.0158508 0.0093348 0.0125295 0.00885873 0.00997314 0.0119276 0.00995224 0.0104258 0.0160711 0.0142124 0.00896551 0.0107424 0.00857148 0.0090861 0.00840238 0.00824062 0.00836374 0.0129413 0.00869163 0.00954295 0.00879088 0.0105569 0.00876137 0.00850496 0.00872999 0.00944062 0.00878871 0.00960502 
0.0214334 0.0133617 0.00958512 0.0098341 0.0103798 0.00980829 0.0092191 0.00942073 0.00877881 0.00885264 0.00964057 0.0155116 0.0108764 0.00884432 0.00949899 0.00964753 0.00957491 0.0105285 0.0199535 0.00492394 0.00466281 0.00407009 0.976422 0 0.00377631 0.0037567 0.00379095 0.00378387 0.00503293 0.00416318 0.00532764 0.00626442 0.00618942 0.00710188 0.0072593 0.00930229 0.0460178 0.0146827 0.0106752 0.0113085 0.00969244 0.0122375 0.0220067 0.0106175 0.0141568 0.00978747 0.00969442 0.0107022 0.00946168 0.00885497 0.00906309 0.00865845 0.00826208 0.00848044 0.0105101 0.00931866 0.0102186 0.00996917 0.0103765 0.00968221 0.00959409 0.00941936 0.0196796 0.00905911 0.00923169 0.00959905 0.0145619 0.00900637 0.00868784 0.00858064 0.00942966 0.0087422 0.00817029 0.00828136 0.00904072 0.00896439 0.0085288 0.00872935 0.00916752 0.0109993 0.00837406 0.00860963 0.00835997 0.00855954 0.00846185 0.0103995 
0.0122962 0.0121408 0.0124448 0.0100532 0.015088 0.00919845 0.0110952 0.0118094 0.00899438 0.0115787 0.00995018 0.0109564 0.00943092 0.0140634 0.01454 0.00994473 0.0157354 0.0120962 0.0131816 0.00602853 0.00480546 0.935851 0.00599557 0.00377631 0 0.00372162 0.00375083 0.00391979 0.003836 0.004057 0.00509636 0.0060041 0.00636537 0.00829934 0.00780562 0.0380163 0.0182185 0.0170655 0.0132812 0.0180791 0.0119174 0.0209689 0.0111529 0.00887401 0.0137553 0.0128502 0.0116754 0.017848 0.0105711 0.010296 0.0104914 0.00862058 0.0085934 0.00871896 0.00880993 0.00878333 0.0105711 0.0193019 0.0122865 0.0181582 0.00971507 0.0164892 0.00862837 0.00867506 0.00884797 0.0138318 0.00958559 0.00858625 0.00887273 0.00964065 0.0115089 0.00849532 0.00955934 0.008367 0.00819286 0.00842304 0.00913389 0.00897454 0.0104794 0.00877683 0.00824622 0.00851693 0.00912118 0.00878403 0.00982778 0.00859339 
0.0109868 0.0149627 0.00904909 0.039739 0.00922929 0.030937 0.00994862 0.00990259 0.0262948 0.00871168 0.0149616 0.00850706 0.00931977 0.0168628 0.0089583 0.0417275 0.00877903 0.0327522 0.00847699 0.00566403 0.866171 0.00529047 0.00433633 0.0037567 0.00372162 0 0.00372425 0.00375649 0.00375209 0.00375665 0.00384716 0.0048709 0.0103017 0.00661386 0.0599248 0.0110069 0.154031 0.00886185 0.0318237 0.0100236 0.0651784 0.0095808 0.0130148 0.00936374 0.0111199 0.0126273 0.0428507 0.0104816 0.0319728 0.0139657 0.00953826 0.0119771 0.00877877 0.00847155 0.00832902 0.00956911 0.0176802 0.0128182 0.0666729 0.0101376 0.069374 0.00865862 0.0112138 0.00844542 0.0172924 0.0106118 0.0111217 0.00898277 0.00906362 0.0345843 0.00914134 0.0214419 0.00854751 0.0085447 0.00835467 0.00947549 0.00898106 0.0207974 0.00898204 0.00947842 0.00821847 0.010014 0.00901344 0.0141657 0.00928032 0.00923073 
0.0102614 0.00957764 0.0235064 0.00929308 0.0667973 0.00886497 0.0168757 0.020656 0.00873299 0.0287675 0.0087021 0.0108859 0.0108631 0.0086148 0.0394241 0.00874538 0.0982275 0.00842069 0.024527 0.828348 0.00602003 0.00762331 0.00383308 0.00379095 0.00375083 0.00372425 0 0.00370932 0.00390604 0.00375313 0.00373669 0.00574136 0.00513392 0.0635458 0.00854197 0.308644 0.0178242 0.0157433 0.00896476 0.0741138 0.00942184 0.0238756 0.00895504 0.00835512 0.0148103 0.014165 0.0100262 0.0931193 0.00979185 0.0113565 0.0209911 0.00882367 0.00948755 0.00853808 0.00853734 0.00913995 0.00957618 0.0486585 0.0107866 0.0914456 0.00888928 0.0205915 0.00827042 0.0122451 0.0087153 0.0164281 0.00905576 0.00863309 0.0117206 0.00928779 0.0408019 0.00869746 0.0128884 0.00866188 0.00805795 0.00855962 0.0140297 0.00888307 0.0160196 0.00878537 0.00944163 0.0083811 0.0149898 0.00890239 0.0113045 0.00836171 
0.011529 0.0186001 0.00893519 0.0430415 0.008836 0.0334426 0.00957189 0.00913182 0.0332074 0.00864443 0.014067 0.00866529 0.010087 0.0195227 0.00833199 0.0660894 0.0086587 0.0375823 0.00994335 0.00877739 0.0180073 0.00572428 0.00590899 0.00378387 0.00391979 0.00375649 0.00370932 0 0.00372375 0.00376213 0.00421041 0.00417397 0.0432287 0.00744486 0.527118 0.0181663 0.020999 0.0087773 0.0331059 0.00890576 0.0408864 0.00878283 0.0133352 0.0116731 0.0108472 0.0110085 0.0398842 0.00915203 0.0188008 0.0128767 0.00887487 0.0103749 0.00864486 0.00849199 0.00819998 0.00965017 0.0135804 0.00953126 0.0749844 0.00890278 0.036822 0.00838336 0.0125612 0.00833363 0.0136122 0.0088531 0.00984908 0.00899801 0.00835898 0.0330489 0.00880259 0.0218475 0.00837401 0.00833038 0.00845692 0.010215 0.00841063 0.0189408 0.00829595 0.0100364 0.0082248 0.0103509 0.00858835 0.0131403 0.00862453 0.00912163 
0.00876168 0.00937283 0.0135717 0.00932255 0.0193802 0.00897558 0.0109871 0.0123374 0.00883986 0.0110773 0.00868938 0.00891494 0.00949604 0.0087462 0.0214672 0.00873401 0.0186044 0.00947943 0.0133399 0.0103074 0.00598401 0.00718264 0.00516758 0.00503293 0.003836 0.00375209 0.00390604 0.00372375 0 0.00370698 0.00370714 0.00636899 0.00567758 0.0830361 0.0372444 0.01192 0.00529705 0.0111143 0.00886235 0.015654 0.00991214 0.0115959 0.00894704 0.00835662 0.0105067 0.0113302 0.00987113 0.023785 0.0098041 0.00948368 0.0100583 0.00857184 0.00865494 0.00830502 0.00812631 0.00868474 0.00903011 0.027017 0.00993948 0.0165776 0.00882792 0.00911737 0.0082431 0.0093746 0.00895886 0.00940732 0.00879445 0.00820145 0.00929382 0.0086668 0.0129732 0.00847137 0.00889587 0.00822116 0.00796519 0.008202 0.00879438 0.00867884 0.00903478 0.00842419 0.00827939 0.00827283 0.00893491 0.00853121 0.00863331 0.00823215 
0.00935838 0.0129079 0.0096241 0.0094876 0.0098679 0.00912565 0.00901031 0.00911771 0.00887434 0.00899706 0.0090006 0.00862227 0.00923716 0.0122683 0.0090983 0.00936079 0.010713 0.010362 0.00998271 0.00748 0.00746953 0.00739359 0.00615194 0.00416318 0.004057 0.00375665 0.00375313 0.00376213 0.00370698 0 0.00391464 0.00539114 0.0838504 0.38517 0.00520357 0.00587389 0.00450333 0.00919782 0.0095252 0.0110688 0.00950801 0.0110316 0.00894814 0.00865815 0.0127673 0.0107526 0.0096107 0.0102045 0.00958644 0.00894435 0.00891273 0.00850249 0.00837636 0.00830506 0.00814841 0.00881357 0.0102497 0.0101194 0.00975466 0.00946582 0.008707 0.00863778 0.00818373 0.00914614 0.00870584 0.00917433 0.00859386 0.00870195 0.00854864 0.00856939 0.00934728 0.00834741 0.00822178 0.00809031 0.00799394 0.00842399 0.00834759 0.00848035 0.00837462 0.00821674 0.00823234 0.00822032 0.00835595 0.00825186 0.00835989 0.00818123 
0.0129764 0.0161467 0.00874812 0.00927931 0.00857259 0.00943305 0.00859525 0.00840079 0.00915737 0.00837257 0.00875865 0.00880701 0.0180465 0.00972425 0.00834537 0.0101819 0.00849714 0.0102873 0.00981206 0.0147873 0.01066 0.00637167 0.00745875 0.00532764 0.00509636 0.00384716 0.00373669 0.00421041 0.00370714 0.00391464 0 0.17768 0.423563 0.00383431 0.00552039 0.004361 0.00569698 0.0111371 0.0102195 0.00872657 0.0094872 0.00863098 0.0100444 0.0122991 0.0136208 0.00925728 0.0105068 0.00915295 0.00901159 0.00868481 0.00834848 0.00825918 0.00816943 0.00819886 0.0083228 0.0127558 0.00912249 0.00844935 0.00904207 0.0083729 0.00884548 0.00805418 0.00910831 0.00962994 0.00865147 0.00809542 0.00876013 0.00997295 0.00828422 0.00884581 0.00837719 0.00837511 0.00800345 0.00794714 0.00817507 0.0104303 0.00803693 0.0082598 0.00803931 0.00999668 0.00832938 0.00811717 0.00796836 0.00807729 0.00802142 0.00819255 
0.0147082 0.0105168 0.00977657 0.00890264 0.0125657 0.00876869 0.00966056 0.00937286 0.00860752 0.00973582 0.0087043 0.0205229 0.0106769 0.00881589 0.0108539 0.00866766 0.0137274 0.00893767 0.0956989 0.0106853 0.00750286 0.00953507 0.00967756 0.00626442 0.0060041 0.0048709 0.00574136 0.00417397 0.00636899 0.00539114 0.17768 0 0.00381337 0.00381902 0.00374611 0.00420922 0.00437158 0.0598347 0.00966898 0.016874 0.0084541 0.0182944 0.0171313 0.0104019 0.0137225 0.010264 0.00897388 0.0129187 0.00882674 0.00911806 0.00927878 0.00850067 0.0088648 0.00850634 0.011907 0.00966073 0.00906924 0.0102154 0.00886935 0.0111887 0.00854809 0.0210396 0.0101808 0.011241 0.0083443 0.0100116 0.0102242 0.00852842 0.00882567 0.00828146 0.0113549 0.00822247 0.00861388 0.00820045 0.00922686 0.00861202 0.00869979 0.00826597 0.0106544 0.00937021 0.00911548 0.00804282 0.00883765 0.00818156 0.00890736 0.00883387 
0.0108311 0.0164825 0.00898114 0.0239833 0.00871272 0.0282929 0.00904347 0.00894539 0.018373 0.00846389 0.0228819 0.00871124 0.00950532 0.0183504 0.00855749 0.0381083 0.00843117 0.114507 0.00950997 0.00802346 0.0255334 0.0097405 0.016386 0.00618942 0.00636537 0.0103017 0.00513392 0.0432287 0.00567758 0.0838504 0.423563 0.00381337 0 0.00373183 0.00381757 0.00376787 0.00478584 0.00905509 0.0938893 0.00864201 0.0538878 0.00913083 0.0220126 0.0108589 0.0128652 0.012153 0.0297699 0.00910515 0.0236669 0.0100355 0.00871676 0.0108081 0.0085039 0.00939321 0.00850875 0.00921945 0.0145251 0.00915411 0.035925 0.00878069 0.0398054 0.00851938 0.0145862 0.00820061 0.0181 0.00925375 0.0105681 0.00882836 0.0083508 0.0208656 0.00840233 0.0197912 0.00818455 0.00902257 0.00829788 0.00914889 0.00841304 0.0155933 0.00838906 0.0104281 0.00801871 0.0101374 0.00823795 0.0117641 0.00846802 0.00932922 
0.0098753 0.00892668 0.0180133 0.00916177 0.0581132 0.00880379 0.0153065 0.019435 0.00863974 0.0360362 0.00858939 0.00935317 0.00928425 0.00881975 0.0430731 0.00865627 0.207713 0.00849546 0.0158614 0.0168285 0.00855863 0.030464 0.00792497 0.00710188 0.00829934 0.00661386 0.0635458 0.00744486 0.0830361 0.38517 0.00383431 0.00381902 0.00373183 0 0.00370487 0.00389426 0.00374244 0.0279477 0.00876468 0.119831 0.00869634 0.0326233 0.00880421 0.00842532 0.011483 0.0147421 0.00937932 0.0915796 0.00954019 0.0109058 0.0188051 0.00876587 0.0100037 0.00857974 0.00838142 0.00904077 0.00924966 0.0558747 0.00983223 0.0731041 0.00879078 0.0225187 0.00822704 0.0111962 0.00852587 0.021092 0.00877856 0.00849583 0.0124822 0.00861528 0.0490762 0.00847146 0.0142722 0.00844304 0.00806724 0.00838691 0.012591 0.00886653 0.0172825 0.00821079 0.0092743 0.00824708 0.0154789 0.00875964 0.0111818 0.00825738 
0.0115115 0.0220663 0.00877065 0.0493873 0.0088306 0.0346796 0.00980571 0.00928386 0.0553537 0.00866815 0.0127272 0.0085386 0.0100302 0.0172707 0.00874188 0.197594 0.0085797 0.0342871 0.00876639 0.00820459 0.0266854 0.00846767 0.0108466 0.0072593 0.00780562 0.0599248 0.00854197 0.527118 0.0372444 0.00520357 0.00552039 0.00374611 0.00381757 0.00370487 0 0.003705 0.00399546 0.00887653 0.0735796 0.00960636 0.0677057 0.00849992 0.0145093 0.0117993 0.0133456 0.0109896 0.0556587 0.00927659 0.0306031 0.0148243 0.00909209 0.0142038 0.00902627 0.00859405 0.00832722 0.00959711 0.016244 0.0100227 0.0984503 0.0090497 0.0537161 0.00852858 0.0137069 0.00825147 0.0214469 0.00903552 0.0120601 0.00926151 0.00849244 0.0513881 0.00858109 0.0341062 0.00852302 0.00845951 0.00874316 0.0103496 0.00855686 0.035738 0.0084735 0.0111122 0.00819015 0.0126967 0.00857959 0.0172282 0.00862172 0.00962213 
0.0104653 0.0092556 0.0243091 0.00897158 0.0250155 0.00875798 0.0103449 0.0226986 0.0086274 0.0134802 0.00885894 0.00964592 0.0105016 0.00962071 0.0707046 0.00861769 0.0329082 0.00869984 0.0173365 0.02064 0.00958815 0.0368035 0.0101106 0.00930229 0.0380163 0.0110069 0.308644 0.0181663 0.01192 0.00587389 0.004361 0.00420922 0.00376787 0.00389426 0.003705 0 0.00373369 0.0385792 0.00995162 0.07991 0.00919259 0.0647649 0.00991663 0.00999133 0.0122525 0.0196542 0.00930513 0.0399812 0.00935518 0.00918587 0.0144701 0.00871153 0.00937938 0.00923309 0.0084443 0.00997706 0.0105893 0.0419417 0.0096489 0.0347153 0.00866445 0.0224958 0.00818507 0.0139018 0.00879128 0.0219661 0.00911432 0.00895342 0.0152808 0.00869169 0.0271656 0.00834797 0.00990879 0.00869446 0.00808387 0.00861023 0.0147391 0.00848828 0.0161606 0.00846279 0.00967149 0.00843056 0.0127472 0.0084628 0.0112512 0.00838738 
0.0199904 0.0425395 0.00905543 0.0118993 0.00868685 0.0118056 0.00926 0.00866339 0.0116926 0.00848074 0.00922743 0.00932096 0.0195883 0.0524168 0.00861808 0.0147807 0.00870476 0.0154772 0.0106308 0.0136182 0.021247 0.00875247 0.0165317 0.0460178 0.0182185 0.154031 0.0178242 0.020999 0.00529705 0.00450333 0.00569698 0.00437158 0.00478584 0.00374244 0.00399546 0.00373369 0 0.010711 0.0199562 0.00953625 0.0347283 0.00983303 0.0581251 0.0257734 0.0252523 0.0109643 0.0150243 0.00889422 0.0105796 0.0104641 0.00879324 0.00938231 0.00861432 0.00851657 0.00921397 0.0195713 0.0132295 0.00892129 0.013518 0.00873088 0.0134123 0.0083649 0.0149035 0.0113601 0.0119326 0.0087944 0.0140747 0.0191505 0.00897226 0.0146015 0.00862497 0.0109341 0.00841886 0.00836488 0.00920273 0.0216323 0.0085946 0.0108498 0.00834316 0.0130128 0.00942927 0.00917135 0.00830344 0.00994022 0.00856156 0.00951515 
0.0101809 0.00940841 0.00893133 0.00838305 0.0103337 0.00818162 0.00868679 0.00898998 0.00815844 0.00910714 0.00837722 0.0113178 0.0107247 0.0084323 0.00920221 0.00844999 0.0113 0.00852706 0.0338323 0.0302771 0.0098549 0.0117669 0.0113462 0.0146827 0.0170655 0.00886185 0.0157433 0.0087773 0.0111143 0.00919782 0.0111371 0.0598347 0.00905509 0.0279477 0.00887653 0.0385792 0.010711 0 0.00415818 0.00383688 0.00374226 0.0039335 0.00481385 0.00926731 0.0409455 0.0113822 0.00861539 0.0147624 0.00880438 0.00929715 0.00939186 0.0084335 0.00877142 0.00863845 0.0109328 0.0144113 0.00954146 0.0114178 0.00877568 0.0123665 0.00863109 0.0116763 0.00991872 0.0167701 0.00912585 0.0102732 0.0103939 0.00945045 0.00922043 0.0083645 0.0120591 0.00825896 0.0091119 0.00829254 0.00883138 0.00906821 0.00888985 0.0082544 0.00935648 0.00926285 0.0160613 0.00811521 0.00909769 0.0081776 0.00886333 0.00854523 
0.0102062 0.0125926 0.00878448 0.0136081 0.00850774 0.0129585 0.00881726 0.00870051 0.013254 0.00831361 0.012428 0.00854048 0.00985669 0.0152311 0.00880224 0.0265541 0.0087291 0.0343556 0.00938328 0.00950079 0.0679646 0.0106871 0.0160001 0.0106752 0.0132812 0.0318237 0.00896476 0.0331059 0.00886235 0.0095252 0.0102195 0.00966898 0.0938893 0.00876468 0.0735796 0.00995162 0.0199562 0.00415818 0 0.00375161 0.0037223 0.0037389 0.00380307 0.0104298 0.0198932 0.0272527 0.0276999 0.00945892 0.0244466 0.0106086 0.00872982 0.0102878 0.00872592 0.00943753 0.00883264 0.0126416 0.0332503 0.0095477 0.0411469 0.00920794 0.0316867 0.00870266 0.0156562 0.00897162 0.0356385 0.0101188 0.0128489 0.0104959 0.00890148 0.0263561 0.00859131 0.0226178 0.00859384 0.00888077 0.00866618 0.0131941 0.00903362 0.0184666 0.0087178 0.0116576 0.00849108 0.014365 0.00855105 0.0161366 0.00871441 0.00964691 
0.00914331 0.00894813 0.0120798 0.00955031 0.0359006 0.00890535 0.011505 0.0178903 0.00858969 0.0174814 0.00854297 0.00862407 0.0093883 0.00893755 0.0381683 0.00900995 0.0955644 0.0087504 0.0175052 0.0143193 0.00917033 0.0441136 0.0105854 0.0113085 0.0180791 0.0100236 0.0741138 0.00890576 0.015654 0.0110688 0.00872657 0.016874 0.00864201 0.119831 0.00960636 0.07991 0.00953625 0.00383688 0.00375161 0 0.0037196 0.0037268 0.00375735 0.00698674 0.022609 0.0203508 0.010693 0.0958501 0.0098284 0.00993858 0.0191669 0.00862948 0.0101243 0.00879593 0.00881593 0.00978879 0.00962645 0.0936655 0.0106501 0.106524 0.00893645 0.0319375 0.00846528 0.0139189 0.00936982 0.0379762 0.0100379 0.00939608 0.0200648 0.00951116 0.0819273 0.008804 0.0152398 0.00920364 0.00820706 0.00916574 0.0238387 0.00967447 0.0363071 0.00873597 0.00935522 0.00857832 0.0296096 0.00952433 0.020876 0.00872025 
0.0090781 0.010605 0.00869016 0.0270877 0.00898044 0.0178176 0.00988437 0.00934951 0.0201615 0.00860877 0.00963834 0.00832058 0.0088056 0.0161139 0.00944508 0.0596594 0.00923009 0.0266658 0.00887548 0.00880488 0.0360971 0.011709 0.0222186 0.00969244 0.0119174 0.0651784 0.00942184 0.0408864 0.00991214 0.00950801 0.0094872 0.0084541 0.0538878 0.00869634 0.0677057 0.00919259 0.0347283 0.00374226 0.0037223 0.0037196 0 0.00370738 0.00372855 0.00837875 0.0138694 0.0181842 0.0791303 0.0097937 0.0322607 0.0141283 0.0088904 0.013563 0.00863149 0.00893079 0.00847599 0.00929664 0.0229133 0.0125917 0.12333 0.0101007 0.0603354 0.00881814 0.0156553 0.00872778 0.044836 0.0107642 0.0180059 0.00985779 0.00910921 0.0667643 0.00896398 0.0329016 0.00920397 0.00910133 0.00876282 0.0102247 0.00961533 0.0549873 0.00912225 0.0112546 0.00824665 0.0133373 0.00989656 0.0313222 0.00940414 0.0113291 
0.0096578 0.00878141 0.011722 0.00894815 0.0131427 0.00867166 0.00896624 0.0116105 0.0084805 0.0093994 0.0085355 0.0088075 0.00967128 0.00945205 0.0243035 0.00880681 0.0198254 0.00900716 0.0141171 0.0137279 0.00971541 0.0468524 0.012535 0.0122375 0.0209689 0.0095808 0.0238756 0.00878283 0.0115959 0.0110316 0.00863098 0.0182944 0.00913083 0.0326233 0.00849992 0.0647649 0.00983303 0.0039335 0.0037389 0.0037268 0.00370738 0 0.00377665 0.00972609 0.0204136 0.029439 0.0100787 0.0389867 0.00995078 0.00924102 0.0123912 0.00840091 0.0090109 0.00881535 0.00875877 0.0106847 0.0106985 0.0297628 0.00985201 0.0342865 0.00889556 0.0221252 0.00838993 0.0187717 0.00952889 0.0355582 0.010961 0.00993646 0.0234785 0.00902343 0.0220607 0.00870662 0.00981911 0.0089379 0.00830071 0.00914477 0.017115 0.00899961 0.0207301 0.00912486 0.00889406 0.00852903 0.0124745 0.00911839 0.0150022 0.00911064 
0.0131181 0.0168218 0.00864579 0.00924373 0.00861828 0.00907886 0.00851516 0.00836095 0.00879361 0.00832657 0.00847532 0.00850402 0.0137331 0.0241079 0.00868061 0.0104442 0.00865351 0.00992219 0.00990571 0.0135268 0.0147605 0.00968653 0.0203779 0.0220067 0.0111529 0.0130148 0.00895504 0.0133352 0.00894704 0.00894814 0.0100444 0.0171313 0.0220126 0.00880421 0.0145093 0.00991663 0.0581251 0.00481385 0.00380307 0.00375735 0.00372855 0.00377665 0 0.0250239 0.0296404 0.0176977 0.0160992 0.0102479 0.0131182 0.0103696 0.00876241 0.00906826 0.00839408 0.00849266 0.00991124 0.0179687 0.0130622 0.0092222 0.013169 0.00919407 0.0130421 0.00862815 0.0122317 0.0137336 0.0128598 0.00931879 0.01598 0.0257852 0.0100236 0.0121147 0.00886527 0.00994029 0.00845257 0.00846372 0.00887796 0.021264 0.00880648 0.0102253 0.0085993 0.0116095 0.00997336 0.00918645 0.00838658 0.00927671 0.00856907 0.00934929 
