1L6WA
MELYLDTSDVVAVKALSRIFPLAGVTTNPSIIAAGKKPLDVVLPQLHEAMGGQGRLFAQVMATTAEGMVNDALKLRSIIADIVVKVPVTAEGLAAIKMLKAEGIPTLGTAVYGAAQGLLSALAGAEYVAPYVNRIDAQGGSGIQTVTDLHQLLKMHAPQAKVLAASFKTPRQALDCLLAGCESITLPLDVAQQMISYPAVDAAVAKFEQDWQGAFGRTSI
CEEEEECCCHHHHHHHHCCCCCCEEECCHHHHHHHCCCHHHHHHHHHHHCCCCCEEEEECCCCCHHHHHHHHHHHHHHCCCCEEEEECCHHHHHHHHHHHHHCCCEEEEEECCHHHHHHHHHHCCCEEEEEHHHHHHCCCCHHHHHHHHHHHHHHHCCCCEEEEECCCCHHHHHHHHHCCCCEEEECHHHHHHCCCCHHHHHHHHHHHHHHHHHHCCCCC
0 0 0 0 0 0 0 0 0 0 0 0 0 0 0 0 0 0 0 0 0 0 0 0 0 0 0 0 0 0 0 0 0 0 0 0 0 0 0 0 0 0 0 0 0 0 0 0 0 0 0 0 0 0 0 0 0 0 0 0 0 0 0 0 0 0 0 0 0 0 0 0 0 0 0 0 0 0 0 0 0 0 0 0 0 0 0 0 0 0 0 0 0 0 0 0 0 0 0 0 0 0 0 0 0 0 0 0 0 0 0 0 0 0 0 0 0 0 0 0 0 0 0 0 0 0 0 0 0 0 0 0 0 0 0 0 0 0 0 0 0 0 0 0 0 0 0 0 0 0 0 0 0 0 0 0 0 0 0 0 0 0 0 0 0 0 0 0 0 0 0 0 0 0 0 0 0 0 0 0 0 0 0 0 0 0 0 0 0 0 0 0 0 0 0 0 0 0 0 0 0 0 0 0 0 0 0 0 0 0 0 0 0 0 0 0 0 0 0 0 
0 0 0 0 0 0 0 0 0 0 0 0 0 0 0 0 0 0 0 0 0 0 0 0 0 0 0 0 0 0 0 0 0 0 0 0 0 0 0 0 0 0 0 0 0 0 0 0 0 0 0 0 0 0 0 0 0 0 0 0 0 0 0 0 0 0 0 0 0 0 0 0 0 0 0 0 0 0 0 0 0 0 0 0 0 0 0 0 0 0 0 0 0 0 0 0 0 0 0 0 0 0 0 0 0 0 0 0 0 0 0 0 0 0 0 0 0 0 0 0 0 0 0 0 0 0 0 0 0 0 0 0 0 0 0 0 0 0 0 0 0 0 0 0 0 0 0 0 0 0 0 0 0 0 0 0 0 0 0 0 0 0 0 0 0 0 0 0 0 0 0 0 0 0 0 0 0 0 0 0 0 0 0 0 0 0 0 0 0 0 0 0 0 0 0 0 0 0 0 0 0 0 0 0 0 0 0 0 0 0 0 0 0 0 0 0 0 0 0 0 
0 0.00391728 0.00376138 0.00383369 0.00546762 0.203605 0.0136112 0.0345622 0.0186351 0.0117231 0.0165027 0.0131763 0.022749 0.0166629 0.0154355 0.016118 0.0106709 0.016754 0.0111195 0.0095674 0.00959704 0.0112407 0.00956474 0.0115907 0.00943232 0.00884591 0.00931182 0.00868945 0.00987225 0.00897386 0.00845846 0.00903379 0.00906048 0.0099745 0.00839313 0.00837969 0.00888121 0.00909231 
0.00391728 0 0.00380919 0.0037489 0.0037975 0.0363552 0.106462 0.0180312 0.0100501 0.0328732 0.0130312 0.0340256 0.011424 0.0120084 0.0361049 0.017928 0.0202623 0.0101181 0.0104366 0.0100616 0.0122196 0.0115156 0.0135237 0.00961123 0.00885517 0.00939966 0.00930063 0.00929613 0.00867484 0.00816834 0.00911406 0.00893973 0.00918693 0.00871034 0.00816688 0.00866515 0.00885584 0.00843732 
0.00376138 0.00380919 0 0.00383077 0.00372103 0.237959 0.0216962 0.0315221 0.0111135 0.0112679 0.112037 0.0174379 0.0152903 0.0147048 0.019408 0.090854 0.0138311 0.011034 0.00991575 0.013071 0.017787 0.0259892 0.0125047 0.0105882 0.00932137 0.00969695 0.0135718 0.00974112 0.00903415 0.00850534 0.00960506 0.0113578 0.00949023 0.00875676 0.0084083 0.00880149 0.00954561 0.00845983 
0.00383369 0.0037489 0.00383077 0 0.00390276 0.0145916 0.617867 0.0229661 0.00982304 0.0415564 0.013941 0.099511 0.0158596 0.011859 0.0338785 0.0168179 0.0418497 0.00988371 0.0107139 0.0112018 0.0170058 0.0113688 0.0177461 0.0102308 0.00915436 0.00995377 0.00971214 0.0108835 0.0087461 0.00843905 0.00962631 0.00971251 0.00990833 0.00865665 0.00824386 0.00878915 0.00904338 0.00825281 
0.00546762 0.0037975 0.00372103 0.00390276 0 0.0232138 0.0203239 0.598902 0.0184421 0.0108529 0.0144536 0.0149157 0.057636 0.0222596 0.0131318 0.014162 0.0104598 0.0195165 0.0116087 0.00933313 0.00997978 0.0101774 0.0101184 0.0138442 0.0110307 0.00859559 0.0088915 0.00863175 0.00966191 0.00903273 0.00859785 0.00896814 0.00871812 0.0092918 0.00844147 0.00824946 0.00856515 0.00849084 
0.203605 0.0363552 0.237959 0.0145916 0.0232138 0 0.00398836 0.00386512 0.412594 0.0131662 0.0274644 0.0136919 0.0300819 0.0169262 0.0188144 0.0136641 0.0112994 0.0158278 0.012293 0.00956421 0.00920468 0.00975324 0.00942946 0.0117644 0.00955961 0.00871535 0.00870389 0.0089494 0.00982665 0.00879338 0.00852966 0.00874211 0.0086025 0.00939908 0.00834694 0.00859034 0.00856363 0.00899831 
0.0136112 0.106462 0.0216962 0.617867 0.0203239 0.00398836 0 0.00395424 0.0108396 0.207084 0.0153028 0.21844 0.0144801 0.0109659 0.024087 0.0126613 0.0192505 0.0108131 0.0102613 0.00986728 0.010196 0.00984732 0.0132315 0.00966189 0.0086395 0.00899412 0.00882391 0.00997641 0.00904849 0.00811936 0.00899964 0.00860827 0.00922005 0.00871362 0.0081508 0.00843267 0.00887884 0.00824746 
0.0345622 0.0180312 0.0315221 0.0229661 0.598902 0.00386512 0.00395424 0 0.0191988 0.0128442 0.155041 0.0388556 0.240554 0.0222075 0.0120321 0.0119517 0.0100358 0.0165067 0.0139169 0.00946556 0.00941937 0.0104009 0.00941826 0.014691 0.0120734 0.00886646 0.00857847 0.00862403 0.00907899 0.00956531 0.00876135 0.00889509 0.00880466 0.00905661 0.00853213 0.00854942 0.00846747 0.00853329 
0.0186351 0.0100501 0.0111135 0.00982304 0.0184421 0.412594 0.0108396 0.0191988 0 0.00613739 0.00383375 0.0037657 0.00437842 0.181823 0.0123775 0.0172382 0.0091514 0.0378275 0.0137257 0.0103846 0.00887549 0.0101895 0.00897965 0.0137365 0.0104637 0.00854785 0.00863352 0.0085437 0.0120282 0.00961009 0.0082712 0.008423 0.00911853 0.00964282 0.00850631 0.00807137 0.00887976 0.00852531 
0.0117231 0.0328732 0.0112679 0.0415564 0.0108529 0.0131662 0.207084 0.0128442 0.00613739 0 0.00377746 0.00377425 0.00377709 0.0403994 0.174859 0.0134737 0.0779053 0.00988355 0.0123672 0.0113676 0.0229725 0.0104332 0.0240085 0.0102043 0.0104485 0.0122102 0.0106134 0.0155521 0.00914853 0.00835923 0.0113685 0.00965167 0.0102784 0.00902365 0.008237 0.00961175 0.00893343 0.00881314 
0.0165027 0.0130312 0.112037 0.013941 0.0144536 0.0274644 0.0153028 0.155041 0.00383375 0.00377746 0 0.00371752 0.00376618 0.14242 0.0295593 0.30022 0.0117704 0.0156796 0.0116001 0.0218471 0.0185276 0.0440734 0.0121668 0.012997 0.0103679 0.0119208 0.0356527 0.0108139 0.0103846 0.00901007 0.0104557 0.0178479 0.0111297 0.00920495 0.00864282 0.00894133 0.0113376 0.00856472 
0.0131763 0.0340256 0.0174379 0.099511 0.0149157 0.0136919 0.21844 0.0388556 0.0037657 0.00377425 0.00371752 0 0.00376946 0.0161403 0.384341 0.0284002 0.297618 0.0147484 0.0145007 0.020586 0.0340197 0.0155553 0.0490894 0.0152404 0.0117154 0.0181641 0.0124638 0.0183769 0.0114808 0.00943568 0.0163192 0.0129504 0.0136473 0.0102139 0.00864969 0.0106785 0.00967493 0.0090135 
0.022749 0.011424 0.0152903 0.0158596 0.057636 0.0300819 0.0144801 0.240554 0.00437842 0.00377709 0.00376618 0.00376946 0 0.0433931 0.0164919 0.205116 0.0296164 0.298792 0.0236074 0.014414 0.0132992 0.0150047 0.0129109 0.0366705 0.0171518 0.0106487 0.0104422 0.0103271 0.0142624 0.0125993 0.00971195 0.0104041 0.0108132 0.0103862 0.00960021 0.00993783 0.00980372 0.00886881 
0.0166629 0.0120084 0.0147048 0.011859 0.0222596 0.0169262 0.0109659 0.0222075 0.181823 0.0403994 0.14242 0.0161403 0.0433931 0 0.003837 0.00377579 0.00375133 0.00495792 0.0916967 0.0393041 0.0150097 0.0194995 0.0128328 0.0394664 0.0417986 0.0150254 0.0134502 0.0136451 0.0293718 0.0215102 0.0135234 0.0130916 0.0127778 0.022658 0.0112534 0.00987623 0.0130978 0.0132326 
0.0154355 0.0361049 0.019408 0.0338785 0.0131318 0.0188144 0.024087 0.0120321 0.0123775 0.174859 0.0295593 0.384341 0.0164919 0.003837 0 0.00375001 0.00377759 0.00378446 0.334458 0.0431615 0.101277 0.0188791 0.076407 0.0151504 0.0319901 0.0561487 0.0215247 0.0419759 0.0135614 0.0144806 0.0499312 0.0262684 0.0290428 0.0125546 0.0105215 0.0221902 0.0159579 0.0114103 
0.016118 0.017928 0.090854 0.0168179 0.014162 0.0136641 0.0126613 0.0119517 0.0172382 0.0134737 0.30022 0.0284002 0.205116 0.00377579 0.00375001 0 0.00372821 0.00373276 0.0315541 0.32728 0.0307536 0.216804 0.0195115 0.0233436 0.0163558 0.0240694 0.101615 0.0147865 0.0146726 0.0153612 0.0226407 0.0672221 0.0247185 0.0115012 0.0116804 0.0138663 0.0288575 0.00943816 
0.0106709 0.0202623 0.0138311 0.0418497 0.0104598 0.0112994 0.0192505 0.0100358 0.0091514 0.0779053 0.0117704 0.297618 0.0296164 0.00375133 0.00377759 0.00372821 0 0.00376846 0.026799 0.0257133 0.332081 0.0236327 0.18019 0.0174205 0.0160897 0.0338603 0.0163602 0.0309279 0.0117762 0.0101924 0.0272467 0.0168446 0.0288388 0.0107964 0.00972869 0.0172888 0.0111403 0.0103286 
0.016754 0.0101181 0.011034 0.00988371 0.0195165 0.0158278 0.0108131 0.0165067 0.0378275 0.00988355 0.0156796 0.0147484 0.298792 0.00495792 0.00378446 0.00373276 0.00376846 0 0.0209614 0.040994 0.0175955 0.126828 0.0304448 0.19248 0.0211473 0.0115408 0.0118719 0.0108175 0.0234963 0.0179195 0.010503 0.0124438 0.0133039 0.0149861 0.0121645 0.0093688 0.0113082 0.00963041 
0.0111195 0.0104366 0.00991575 0.0107139 0.0116087 0.012293 0.0102613 0.0139169 0.0137257 0.0123672 0.0116001 0.0145007 0.0236074 0.0916967 0.334458 0.0315541 0.026799 0.0209614 0 0.00385262 0.00374761 0.00383672 0.00384775 0.00527996 0.0603596 0.0240806 0.0112401 0.0139393 0.0218397 0.0295392 0.0219345 0.0131575 0.0154583 0.0226926 0.0134145 0.0132209 0.0112264 0.0181546 
0.0095674 0.0100616 0.013071 0.0112018 0.00933313 0.00956421 0.00986728 0.00946556 0.0103846 0.0113676 0.0218471 0.020586 0.014414 0.0393041 0.0431615 0.32728 0.0257133 0.040994 0.00385262 0 0.00380943 0.0037848 0.00387395 0.00381723 0.133198 0.0216095 0.023736 0.017321 0.012949 0.0147454 0.0268877 0.0230125 0.0199699 0.0112428 0.0102286 0.0152781 0.0236183 0.00955425 
0.00959704 0.0122196 0.017787 0.0170058 0.00997978 0.00920468 0.010196 0.00941937 0.00887549 0.0229725 0.0185276 0.0340197 0.0132992 0.0150097 0.101277 0.0307536 0.332081 0.0175955 0.00374761 0.00380943 0 0.0037363 0.00375565 0.00375134 0.0205508 0.0875869 0.0219873 0.0200822 0.0106457 0.0125917 0.0392277 0.0405907 0.0200352 0.0135381 0.00948438 0.0316448 0.0167569 0.01117 
0.0112407 0.0115156 0.0259892 0.0113688 0.0101774 0.00975324 0.00984732 0.0104009 0.0101895 0.0104332 0.0440734 0.0155553 0.0150047 0.0194995 0.0188791 0.216804 0.0236327 0.126828 0.00383672 0.0037848 0.0037363 0 0.00374817 0.00372607 0.0395863 0.0265291 0.114692 0.017222 0.0136668 0.0160148 0.0266711 0.0485326 0.0229384 0.0121602 0.012017 0.0144395 0.0292499 0.0100794 
0.00956474 0.0135237 0.0125047 0.0177461 0.0101184 0.00942946 0.0132315 0.00941826 0.00897965 0.0240085 0.0121668 0.0490894 0.0129109 0.0128328 0.076407 0.0195115 0.18019 0.0304448 0.00384775 0.00387395 0.00375565 0.00374817 0 0.00378749 0.0246497 0.105384 0.0398631 0.0707363 0.0119366 0.0128748 0.03347 0.0300809 0.0548753 0.0156776 0.00963266 0.0242489 0.017528 0.0112698 
0.0115907 0.00961123 0.0105882 0.0102308 0.0138442 0.0117644 0.00966189 0.014691 0.0137365 0.0102043 0.012997 0.0152404 0.0366705 0.0394664 0.0151504 0.0233436 0.0174205 0.19248 0.00527996 0.00381723 0.00375134 0.00372607 0.00378749 0 0.0360372 0.021748 0.0326982 0.0502185 0.0853505 0.0186595 0.0143496 0.0157701 0.0305167 0.0374728 0.0161843 0.0111408 0.0167247 0.0157336 
0.00943232 0.00885517 0.00932137 0.00915436 0.0110307 0.00955961 0.0086395 0.0120734 0.0104637 0.0104485 0.0103679 0.0117154 0.0171518 0.0417986 0.0319901 0.0163558 0.0160897 0.0211473 0.0603596 0.133198 0.0205508 0.0395863 0.0246497 0.0360372 0 0.00445629 0.00375407 0.00379296 0.00384788 0.660773 0.0199842 0.0182239 0.0153921 0.0299278 0.0190593 0.01735 0.0126705 0.0256464 
0.00884591 0.00939966 0.00969695 0.00995377 0.00859559 0.00871535 0.00899412 0.00886646 0.00854785 0.0122102 0.0119208 0.0181641 0.0106487 0.0150254 0.0561487 0.0240694 0.0338603 0.0115408 0.0240806 0.0216095 0.0875869 0.0265291 0.105384 0.021748 0.00445629 0 0.00375644 0.00373736 0.00373888 0.0352449 0.555381 0.0190436 0.0347897 0.0130501 0.0138819 0.0263902 0.0230789 0.0117756 
0.00931182 0.00930063 0.0135718 0.00971214 0.0088915 0.00870389 0.00882391 0.00857847 0.00863352 0.0106134 0.0356527 0.0124638 0.0104422 0.0134502 0.0215247 0.101615 0.0163602 0.0118719 0.0112401 0.023736 0.0219873 0.114692 0.0398631 0.0326982 0.00375407 0.00375644 0 0.00370135 0.00370824 0.030391 0.0324961 0.415398 0.0163279 0.0153319 0.0106548 0.031854 0.0262417 0.00980031 
0.00868945 0.00929613 0.00974112 0.0108835 0.00863175 0.0089494 0.00997641 0.00862403 0.0085437 0.0155521 0.0108139 0.0183769 0.0103271 0.0136451 0.0419759 0.0147865 0.0309279 0.0108175 0.0139393 0.017321 0.0200822 0.017222 0.0707363 0.0502185 0.00379296 0.00373736 0.00370135 0 0.00371084 0.0194849 0.0634269 0.0282935 0.350191 0.0142753 0.0136532 0.0189162 0.0187427 0.0107498 
0.00987225 0.00867484 0.00903415 0.0087461 0.00966191 0.00982665 0.00904849 0.00907899 0.0120282 0.00914853 0.0103846 0.0114808 0.0142624 0.0293718 0.0135614 0.0146726 0.0117762 0.0234963 0.0218397 0.012949 0.0106457 0.0136668 0.0119366 0.0853505 0.00384788 0.00373888 0.00370824 0.00371084 0 0.0208413 0.0143164 0.0346904 0.0338599 0.488811 0.0149585 0.0125925 0.0158417 0.0165015 
0.00897386 0.00816834 0.00850534 0.00843905 0.00903273 0.00879338 0.00811936 0.00956531 0.00961009 0.00835923 0.00901007 0.00943568 0.0125993 0.0215102 0.0144806 0.0153612 0.0101924 0.0179195 0.0295392 0.0147454 0.0125917 0.0160148 0.0128748 0.0186595 0.660773 0.0352449 0.030391 0.0194849 0.0208413 0 0.00393494 0.0038044 0.00421857 0.00408406 0.111679 0.0204713 0.0205464 0.0245856 
0.00845846 0.00911406 0.00960506 0.00962631 0.00859785 0.00852966 0.00899964 0.00876135 0.0082712 0.0113685 0.0104557 0.0163192 0.00971195 0.0135234 0.0499312 0.0226407 0.0272467 0.010503 0.0219345 0.0268877 0.0392277 0.0266711 0.03347 0.0143496 0.0199842 0.555381 0.0324961 0.0634269 0.0143164 0.00393494 0 0.00377909 0.00379157 0.00378981 0.082415 0.153948 0.0309113 0.0200702 
0.00903379 0.00893973 0.0113578 0.00971251 0.00896814 0.00874211 0.00860827 0.00889509 0.008423 0.00965167 0.0178479 0.0129504 0.0104041 0.0130916 0.0262684 0.0672221 0.0168446 0.0124438 0.0131575 0.0230125 0.0405907 0.0485326 0.0300809 0.0157701 0.0182239 0.0190436 0.415398 0.0282935 0.0346904 0.0038044 0.00377909 0 0.00374653 0.00372275 0.144991 0.0912119 0.101237 0.0152358 
0.00906048 0.00918693 0.00949023 0.00990833 0.00871812 0.0086025 0.00922005 0.00880466 0.00911853 0.0102784 0.0111297 0.0136473 0.0108132 0.0127778 0.0290428 0.0247185 0.0288388 0.0133039 0.0154583 0.0199699 0.0200352 0.0229384 0.0548753 0.0305167 0.0153921 0.0347897 0.0163279 0.350191 0.0338599 0.00421857 0.00379157 0.00374653 0 0.00377505 0.0207968 0.170632 0.209911 0.0319486 
0.0099745 0.00871034 0.00875676 0.00865665 0.0092918 0.00939908 0.00871362 0.00905661 0.00964282 0.00902365 0.00920495 0.0102139 0.0103862 0.022658 0.0125546 0.0115012 0.0107964 0.0149861 0.0226926 0.0112428 0.0135381 0.0121602 0.0156776 0.0374728 0.0299278 0.0130501 0.0153319 0.0142753 0.488811 0.00408406 0.00378981 0.00372275 0.00377505 0 0.0295515 0.0524569 0.0998643 0.14752 
0.00839313 0.00816688 0.0084083 0.00824386 0.00844147 0.00834694 0.0081508 0.00853213 0.00850631 0.008237 0.00864282 0.00864969 0.00960021 0.0112534 0.0105215 0.0116804 0.00972869 0.0121645 0.0134145 0.0102286 0.00948438 0.012017 0.00963266 0.0161843 0.0190593 0.0138819 0.0106548 0.0136532 0.0149585 0.111679 0.082415 0.144991 0.0207968 0.0295515 0 0.00381768 0.00378199 0.00485216 
0.00837969 0.00866515 0.00880149 0.00878915 0.00824946 0.00859034 0.00843267 0.00854942 0.00807137 0.00961175 0.00894133 0.0106785 0.00993783 0.00987623 0.0221902 0.0138663 0.0172888 0.0093688 0.0132209 0.0152781 0.0316448 0.0144395 0.0242489 0.0111408 0.01735 0.0263902 0.031854 0.0189162 0.0125925 0.0204713 0.153948 0.0912119 0.170632 0.0524569 0.00381768 0 0.00383414 0.00383055 
0.00888121 0.00885584 0.00954561 0.00904338 0.00856515 0.00856363 0.00887884 0.00846747 0.00887976 0.00893343 0.0113376 0.00967493 0.00980372 0.0130978 0.0159579 0.0288575 0.0111403 0.0113082 0.0112264 0.0236183 0.0167569 0.0292499 0.017528 0.0167247 0.0126705 0.0230789 0.0262417 0.0187427 0.0158417 0.0205464 0.0309113 0.101237 0.209911 0.0998643 0.00378199 0.00383414 0 0.00373438 
0.00909231 0.00843732 0.00845983 0.00825281 0.00849084 0.00899831 0.00824746 0.00853329 0.00852531 0.00881314 0.00856472 0.0090135 0.00886881 0.0132326 0.0114103 0.00943816 0.0103286 0.00963041 0.0181546 0.00955425 0.01117 0.0100794 0.0112698 0.0157336 0.0256464 0.0117756 0.00980031 0.0107498 0.0165015 0.0245856 0.0200702 0.0152358 0.0319486 0.14752 0.00485216 0.00383055 0.00373438 0 
