1L8PB
AVSKVYARSVYDSRGNPTVEVELTTEKGVFRSIVPSGAATGVHEALEMRDGDKSKWMGKGVLHAVKNVNDVIAPAFVKANIDVKDQKAVDDFLISLDGTANKSKLGANAILGVSLAASRAAAAEKNVPLYKHLADLSKSKTSPYVLPVPFLNVLNGGSHAGGALALQEFMIAPTGAKTFAEALRIGSEVYHNLKSLTKKRYGASAGNVGDEGGVAPNIQTAEEALDLIVDAIKAAGHDGKVKIGLDCASSEFFKDGKYDLDFKNPNSDKSKWLTGPQLADLYHSLMKRYPIVSIEDPFAEDDWEAWSHFFKTAGIQIVADDLTVTNPKRIATAIEKKAADALLLKVNQIGTLSESIKAAQDSFAAGWGVMVSHRSGETEDTFIADLVVGLRTGQIKTGAPARSERLAKLNQLLRIEEELGDNAVFAGENFHHGDKL
CCCEEEEEEEECCCCCEEEEEEEEECCEEEEEECCECCCCCCCCCCCCCCCCCCCHHHCCCHHHHHHHHHCHHHHHHHHCCCCCCHHHHHHHHHHHHCCCCCCCCCHHHHHHHHHHHHHHHHHHHCCCHHHHHHHHHCCCCCCEEECEECEEEEECHHHCCCCCCCCEEEEECCCCCCHHHHHHHHHHHHHHHHHHHHHHHCHHHHCECCCCCECCCCCCHHHHHHHHHHHHHHHCCCCCCEEEEECCHHHHEECCEECCCCCCCCCCHHHCECHHHHHHHHHHHHHHCCEEEEECCCCCCCHHHHHHHHCCCCCEEEECCCCCCCHHHHHHHHHHCCCCEEEECHHHHCCHHHHHHHHHHHHHCCCEEEEECCCECCCCCHHHHHHHHCCCCEEECCCCCCHHHHHHHHHHHHHHHHHCCCEEECHHHHHHHHHC
0 0 0 0 0 0 0 0 0 0 0 0 0 0 0 0 0 0 0 0 0 0 0 0 0 0 0 0 0 0 0 0 0 0 0 0 0 0 0 0 0 0 0 0 0 0 0 0 0 0 0 0 0 0 0 0 0 0 0 0 0 0 0 0 0 0 0 0 0 0 0 0 0 0 0 0 0 0 0 0 0 0 0 0 0 0 0 0 0 0 0 0 0 0 0 0 0 0 0 0 0 0 0 0 0 0 0 0 0 0 0 0 0 0 0 0 0 0 0 0 0 0 0 0 0 0 0 0 0 0 0 0 0 0 0 0 0 0 0 0 0 0 0 0 0 0 0 0 0 0 0 0 0 0 0 0 0 0 0 0 0 0 0 0 0 0 0 0 0 0 0 0 0 0 0 0 0 0 0 0 0 0 0 0 0 0 0 0 0 0 0 0 0 0 0 0 0 0 0 0 0 0 0 0 0 0 0 0 0 0 0 0 0 0 0 0 0 0 0 0 0 0 0 0 0 0 0 0 0 0 0 0 0 0 0 0 0 0 0 0 0 0 0 0 0 0 0 0 0 0 0 0 0 0 0 0 0 0 0 0 0 0 0 0 0 0 0 0 0 0 0 0 0 0 0 0 0 0 0 0 0 0 0 0 0 0 0 0 0 0 0 0 0 0 0 0 0 0 0 0 0 0 0 0 0 0 0 0 0 0 0 0 0 0 0 0 0 0 0 0 0 0 0 0 0 0 0 0 0 0 0 0 0 0 0 0 0 0 0 0 0 0 0 0 0 0 0 0 0 0 0 0 0 0 0 0 0 0 0 0 0 0 0 0 0 0 0 0 0 0 0 0 0 0 0 0 0 0 0 0 0 0 0 0 0 0 0 0 0 0 0 0 0 0 0 0 0 0 0 0 0 0 0 0 0 0 0 0 0 0 0 0 0 0 0 0 0 0 0 0 0 0 0 0 0 0 0 0 0 0 0 0 0 0 0 0 
0 0 0 0 0 0 0 0 0 0 0 0 0 0 0 0 0 0 0 0 0 0 0 0 0 0 0 0 0 0 0 0 0 0 0 0 0 0 0 0 0 0 0 0 0 0 0 0 0 0 0 0 0 0 0 0 0 0 0 0 0 0 0 0 0 0 0 0 0 0 0 0 0 0 0 0 0 0 0 0 0 0 0 0 0 0 0 0 0 0 0 0 0 0 0 0 0 0 0 0 0 0 0 0 0 0 0 0 0 0 0 0 0 0 0 0 0 0 0 0 0 0 0 0 0 0 0 0 0 0 0 0 0 0 0 0 0 0 0 0 0 0 0 0 0 0 0 0 0 0 0 0 0 0 0 0 0 0 0 0 0 0 0 0 0 0 0 0 0 0 0 0 0 0 0 0 0 0 0 0 0 0 0 0 0 0 0 0 0 0 0 0 0 0 0 0 0 0 0 0 0 0 0 0 0 0 0 0 0 0 0 0 0 0 0 0 0 0 0 0 0 0 0 0 0 0 0 0 0 0 0 0 0 0 0 0 0 0 0 0 0 0 0 0 0 0 0 0 0 0 0 0 0 0 0 0 0 0 0 0 0 0 0 0 0 0 0 0 0 0 0 0 0 0 0 0 0 0 0 0 0 0 0 0 0 0 0 0 0 0 0 0 0 0 0 0 0 0 0 0 0 0 0 0 0 0 0 0 0 0 0 0 0 0 0 0 0 0 0 0 0 0 0 0 0 0 0 0 0 0 0 0 0 0 0 0 0 0 0 0 0 0 0 0 0 0 0 0 0 0 0 0 0 0 0 0 0 0 0 0 0 0 0 0 0 0 0 0 0 0 0 0 0 0 0 0 0 0 0 0 0 0 0 0 0 0 0 0 0 0 0 0 0 0 0 0 0 0 0 0 0 0 0 0 0 0 0 0 0 0 0 0 0 0 0 0 0 0 0 0 0 0 0 0 0 0 0 0 0 0 0 0 0 0 0 0 
0 0.00387722 0.00380298 0.00375082 0.003804 0.00402292 0.00407278 0.00810049 0.00854796 0.00934426 0.00819066 0.0178211 0.00882474 0.0255882 0.0127796 0.855154 0.0386926 0.0136241 0.0103235 0.00866301 0.0126755 0.0102375 0.0257221 0.0143703 0.00906977 0.00868905 0.00829188 0.00806134 0.00824477 0.00826038 0.00832961 0.00815398 0.00804094 0.00863509 0.00813319 0.00801993 0.00826516 0.00823379 0.0084947 0.00803819 0.00840365 0.00908435 0.00827311 0.00818771 0.00815273 0.00824126 0.008147 0.00815052 0.00833348 0.00832329 0.00860434 0.00838292 0.0084466 0.00858546 0.00842767 0.00842188 0.00904711 0.0085806 0.00849934 0.00859854 0.00862259 0.00873247 0.00871553 0.00953582 0.00906474 0.00869278 0.00923089 0.00882243 0.0091851 0.0102125 0.0112138 0.00925935 0.0107962 0.013722 0.0128797 0.0171219 
0.00387722 0 0.00399878 0.00373551 0.00374784 0.0037825 0.00725035 0.00407865 0.00678527 0.00686884 0.0207561 0.00771756 0.0220807 0.0108042 0.953583 0.0142423 0.0213083 0.0112503 0.00869834 0.0162579 0.00864694 0.0348512 0.0130504 0.0102182 0.0090953 0.00849243 0.00851207 0.00825622 0.00831796 0.00843413 0.00846046 0.00901999 0.00865304 0.00822672 0.00797263 0.00908382 0.00848721 0.00887641 0.008216 0.0080009 0.00807943 0.008126 0.00858326 0.00828115 0.0082939 0.00818134 0.00812136 0.00822635 0.00806693 0.0084904 0.00859315 0.00844386 0.00859579 0.00865178 0.00867776 0.00833198 0.00851443 0.00895204 0.00845382 0.00862383 0.00879025 0.00883758 0.00877525 0.00953178 0.00865378 0.00890869 0.00907665 0.00912254 0.00894143 0.01023 0.00930215 0.0099601 0.00973183 0.0147666 0.0110135 0.0152147 
0.00380298 0.00399878 0 0.00371385 0.00370094 0.00371091 0.00373063 0.00390919 0.00616235 0.0110079 0.00740497 0.0278657 0.00946803 0.96822 0.0103646 0.0191491 0.00898696 0.00879129 0.0138447 0.00820939 0.0373142 0.0105796 0.0120392 0.0100347 0.00928314 0.00875947 0.00852421 0.00824944 0.00822186 0.00846853 0.0095977 0.00918337 0.0084861 0.00832816 0.00830279 0.00858515 0.0100555 0.00869577 0.00820391 0.00790651 0.00801186 0.00911246 0.00830306 0.00835005 0.008138 0.0082036 0.00804349 0.00801243 0.00814198 0.00814634 0.00812141 0.00828094 0.00839883 0.00875631 0.00842281 0.00825655 0.00888965 0.0086648 0.00844215 0.00832385 0.00852313 0.00894963 0.00882939 0.00873591 0.00880426 0.00890611 0.00966658 0.00907411 0.00877262 0.009374 0.0107255 0.00960917 0.00979618 0.012191 0.0130646 0.013435 
0.00375082 0.00373551 0.00371385 0 0.00372008 0.00371264 0.00373097 0.00379936 0.00721875 0.00683924 0.018212 0.0105319 0.964151 0.0097993 0.0312847 0.00865582 0.012709 0.0105329 0.0087331 0.0224053 0.00976389 0.0161036 0.012167 0.00943114 0.00880398 0.008833 0.00870999 0.00823821 0.00839412 0.00918527 0.00897433 0.0125453 0.00935496 0.00828553 0.00810979 0.0117813 0.00926692 0.0093238 0.0082385 0.00794005 0.00803203 0.00825923 0.00844536 0.00833064 0.00830737 0.00821372 0.00805589 0.00811141 0.00813544 0.00823389 0.00830698 0.00837732 0.00855286 0.00880897 0.00850066 0.00828776 0.00842076 0.00888486 0.00847171 0.00843595 0.00857695 0.00914655 0.00897247 0.00892702 0.00867044 0.00922086 0.00990828 0.00931192 0.00875939 0.00911002 0.0099307 0.0102348 0.00999133 0.015094 0.0117353 0.0151974 
0.003804 0.00374784 0.00370094 0.00372008 0 0.00370337 0.00374108 0.00373008 0.00584692 0.00808929 0.0124796 0.949679 0.0120403 0.0144922 0.00855389 0.0136589 0.0084329 0.00841762 0.0144773 0.00935784 0.0130499 0.0145006 0.0116401 0.00987182 0.00868917 0.00871829 0.00846411 0.00821692 0.00834136 0.00877397 0.00906362 0.00951614 0.00874952 0.00823855 0.00855362 0.00873764 0.00966275 0.0088384 0.00818636 0.00798388 0.00806411 0.00825523 0.00830404 0.00832629 0.00818998 0.00816392 0.00804525 0.00802811 0.00807258 0.00815095 0.00815163 0.00829499 0.00844161 0.00871979 0.00838275 0.00824418 0.00833798 0.00869067 0.00837391 0.00833519 0.00839425 0.00896636 0.00871116 0.00860258 0.0085064 0.00887206 0.00938358 0.008846 0.00861172 0.00871233 0.00923867 0.00925432 0.00891537 0.0116332 0.0110626 0.013024 
0.00402292 0.0037825 0.00371091 0.00371264 0.00370337 0 0.00372827 0.00371532 0.00687013 0.0109903 0.917368 0.0327278 0.0152147 0.010241 0.0126466 0.010705 0.0082394 0.0131965 0.0109763 0.0107479 0.0166371 0.0132632 0.0122222 0.0100946 0.00923956 0.00911029 0.00904668 0.00847865 0.00855376 0.00924117 0.0100443 0.0104094 0.0093819 0.00852193 0.00834534 0.00975305 0.0120008 0.00961938 0.00841536 0.00797115 0.00805992 0.00838496 0.00852589 0.00860648 0.00845314 0.00828321 0.00811908 0.00809471 0.00811697 0.00822816 0.00813445 0.00837084 0.0086779 0.00919211 0.00865817 0.00835102 0.00860221 0.00915439 0.00868801 0.00855028 0.00874436 0.00944248 0.00931715 0.00888185 0.00879782 0.0095193 0.0104259 0.00964132 0.00889697 0.00874043 0.0100472 0.010068 0.00982511 0.0128573 0.0120577 0.0146899 
0.00407278 0.00725035 0.00373063 0.00373097 0.00374108 0.00372827 0 0.00380508 0.0131606 0.910074 0.0229636 0.0106053 0.0100536 0.00990801 0.0115142 0.0112926 0.00957485 0.0100961 0.0118093 0.0113576 0.0108308 0.0261284 0.0164284 0.0128605 0.00891224 0.00964326 0.00864066 0.00849705 0.00829308 0.00845077 0.00887913 0.00979511 0.00936225 0.00856295 0.00809414 0.00965246 0.00887927 0.00916604 0.00824503 0.0080281 0.00809915 0.00828361 0.00832107 0.00835276 0.00833365 0.00820292 0.00808042 0.00806493 0.00808907 0.00818432 0.00814296 0.00830118 0.0085051 0.00871866 0.00854588 0.0082724 0.00840966 0.00886068 0.0085555 0.00842262 0.00861245 0.00917003 0.00902048 0.00873618 0.00853441 0.00917367 0.00961657 0.00920614 0.00850774 0.00896168 0.00973215 0.00966788 0.00910749 0.012642 0.0109963 0.011705 
0.00810049 0.00407865 0.00390919 0.00379936 0.00373008 0.00371532 0.00380508 0 0.989399 0.0159141 0.0159271 0.00717028 0.00740364 0.00790693 0.00959774 0.00961571 0.0123694 0.0117111 0.0114132 0.00890867 0.0102854 0.0110577 0.0426927 0.0284062 0.0105603 0.00861002 0.00903638 0.00829827 0.00841016 0.010126 0.00863285 0.00859095 0.00868742 0.0100731 0.0084528 0.00848581 0.00876426 0.00851155 0.00847632 0.00873577 0.00918494 0.00843162 0.00819072 0.00821694 0.00815777 0.008309 0.00831544 0.0080814 0.0081374 0.00821479 0.00875419 0.00863823 0.00841257 0.00848565 0.00835672 0.0083158 0.00882379 0.00865816 0.0082851 0.00860867 0.0092934 0.00894478 0.00867167 0.00907965 0.00897272 0.00866437 0.00902488 0.00863952 0.00870137 0.0109082 0.0104407 0.00957648 0.00924884 0.0140915 0.0108154 0.0129122 
0.00854796 0.00678527 0.00616235 0.00721875 0.00584692 0.00687013 0.0131606 0.989399 0 0.00378001 0.0037589 0.00386282 0.00377079 0.00383204 0.00385207 0.00463774 0.00842862 0.00621884 0.00580058 0.00705229 0.0068574 0.00940197 0.0264837 0.0124424 0.00964962 0.00882008 0.00843022 0.0082961 0.00821364 0.00843275 0.00823465 0.00841463 0.00812435 0.00873617 0.00800074 0.00821867 0.00833481 0.00833379 0.00814944 0.00831563 0.00830174 0.00817415 0.00821409 0.00817174 0.00810928 0.00807963 0.00797954 0.00803584 0.00791297 0.00821503 0.00855718 0.00827014 0.008223 0.00836219 0.00827841 0.00840661 0.00834863 0.00834607 0.00827229 0.00852211 0.00844357 0.0083874 0.00838349 0.00922425 0.00845773 0.00831225 0.0084237 0.00838878 0.00882997 0.00940766 0.00882453 0.00881507 0.00924541 0.0106125 0.00931046 0.0131172 
0.00934426 0.00686884 0.0110079 0.00683924 0.00808929 0.0109903 0.910074 0.0159141 0.00378001 0 0.00376916 0.00371339 0.00374783 0.0037698 0.00378177 0.00421526 0.00447641 0.00529778 0.00691754 0.00656526 0.00834732 0.0102591 0.0166423 0.0143466 0.00910211 0.00943122 0.00874494 0.00834892 0.00857529 0.00816009 0.00991401 0.00881943 0.008817 0.00875027 0.00818362 0.00856048 0.00948407 0.00879186 0.00838814 0.00797456 0.00807657 0.00819145 0.00830796 0.00837628 0.00827454 0.00814575 0.00796994 0.00805173 0.00804214 0.00812412 0.00818245 0.00828149 0.00842928 0.0087017 0.0083969 0.00830354 0.00834041 0.00853141 0.00834763 0.00837576 0.00833777 0.00865772 0.00860725 0.00874894 0.00826897 0.00851865 0.00892695 0.00870585 0.00865763 0.00858598 0.00888519 0.00876216 0.00897673 0.00938341 0.0101502 0.0107506 
0.00819066 0.0207561 0.00740497 0.018212 0.0124796 0.917368 0.0229636 0.0159271 0.0037589 0.00376916 0 0.00373427 0.00376201 0.00375621 0.00384 0.00378565 0.00420783 0.00575562 0.0061251 0.0108922 0.00841557 0.0140194 0.0213526 0.0166416 0.0095944 0.00925821 0.00990915 0.00846543 0.00869068 0.010352 0.00908813 0.013853 0.0101034 0.00868047 0.00842254 0.0100514 0.0106817 0.00953774 0.00938099 0.00810635 0.00813436 0.00826623 0.00851373 0.00841705 0.00833253 0.00815796 0.00814202 0.00804291 0.00804166 0.00815912 0.00832677 0.0083756 0.00860499 0.00884598 0.00851165 0.008264 0.00836208 0.00881881 0.00845424 0.00844873 0.00845795 0.00903607 0.00887729 0.00899504 0.00847585 0.0090123 0.00966521 0.0090065 0.00881265 0.00949177 0.0090636 0.00960965 0.00905329 0.0133865 0.010223 0.0135128 
0.0178211 0.00771756 0.0278657 0.0105319 0.949679 0.0327278 0.0106053 0.00717028 0.00386282 0.00371339 0.00373427 0 0.00371538 0.00381779 0.00373092 0.00378981 0.00379946 0.00480189 0.00768534 0.00674817 0.0218907 0.0112299 0.870816 0.00933272 0.00978501 0.0101374 0.009929 0.00858132 0.00881348 0.00917463 0.0125666 0.0100844 0.010573 0.00890516 0.00845812 0.0096232 0.0124879 0.00990721 0.00860482 0.00802814 0.00803871 0.0090727 0.00849929 0.00864991 0.00852171 0.00830863 0.00810861 0.00808668 0.00807809 0.00817549 0.00809396 0.00839118 0.00872269 0.00926181 0.0086448 0.00833445 0.00871837 0.00899621 0.0086619 0.00852996 0.00864392 0.00922157 0.00930855 0.00879829 0.0086898 0.00926983 0.0100553 0.00948495 0.00889907 0.0089881 0.0100315 0.00949875 0.00927719 0.0106419 0.0123642 0.0131744 
0.00882474 0.0220807 0.00946803 0.964151 0.0120403 0.0152147 0.0100536 0.00740364 0.00377079 0.00374783 0.00376201 0.00371538 0 0.00370966 0.00371501 0.00375813 0.00381486 0.0049622 0.00484946 0.0181335 0.00826067 0.951132 0.0138255 0.00787878 0.0106113 0.00960122 0.0104071 0.00877509 0.00885933 0.0106547 0.00948327 0.0144483 0.0104256 0.00866186 0.0085358 0.0107998 0.0105063 0.0106865 0.00904737 0.00810736 0.00819233 0.00827308 0.00871416 0.00845904 0.00839788 0.00824038 0.00819717 0.00804837 0.0080724 0.00819944 0.00845023 0.00854807 0.00876626 0.00915782 0.00869167 0.00833394 0.0086919 0.0090685 0.00861693 0.0085116 0.00880769 0.00924715 0.00907776 0.0091793 0.00884186 0.00937563 0.0100353 0.0094312 0.00890907 0.00970264 0.0095403 0.0102888 0.00936425 0.0147466 0.0105225 0.0139045 
0.0255882 0.0108042 0.96822 0.0097993 0.0144922 0.010241 0.00990801 0.00790693 0.00383204 0.0037698 0.00375621 0.00381779 0.00370966 0 0.00371628 0.0037193 0.00375498 0.00427804 0.00852795 0.006545 0.952525 0.00906783 0.00834773 0.00778811 0.00965769 0.0101743 0.00948601 0.00848796 0.00860896 0.00930892 0.0116998 0.0102437 0.00977139 0.0087353 0.0085973 0.00949631 0.0125016 0.00950604 0.00854294 0.00803881 0.00805287 0.00918786 0.00851235 0.0086209 0.00848326 0.00829261 0.00810202 0.00808035 0.00811017 0.00816228 0.00807364 0.0083803 0.00864148 0.00933793 0.00867086 0.00834717 0.00883348 0.00890503 0.00864656 0.00846635 0.00863931 0.0090363 0.00910442 0.00866666 0.0087155 0.00910087 0.00979037 0.009305 0.00882095 0.00924617 0.00991787 0.00928391 0.00911941 0.01034 0.0115288 0.0115454 
0.0127796 0.953583 0.0103646 0.0312847 0.00855389 0.0126466 0.0115142 0.00959774 0.00385207 0.00378177 0.00384 0.00373092 0.00371501 0.00371628 0 0.00371745 0.00377323 0.00586887 0.00467618 0.968201 0.0105196 0.00946894 0.00756231 0.00697468 0.010586 0.00998999 0.0103613 0.00882857 0.00869766 0.0106997 0.0094696 0.0151582 0.0109735 0.00866727 0.00851137 0.0113032 0.011959 0.0120726 0.00861578 0.00811032 0.00811895 0.00829943 0.00858438 0.00870403 0.00861489 0.00828069 0.0081266 0.00804254 0.00807854 0.008124 0.00830921 0.00847816 0.0086865 0.00911258 0.00870759 0.00838913 0.00869035 0.00904388 0.00870784 0.00853204 0.00870992 0.00926395 0.00918994 0.00894422 0.00884172 0.00923878 0.0099822 0.00943003 0.00881544 0.00883217 0.00932519 0.00980439 0.00915716 0.0126845 0.010399 0.0125671 
0.855154 0.0142423 0.0191491 0.00865582 0.0136589 0.010705 0.0112926 0.00961571 0.00463774 0.00421526 0.00378565 0.00378981 0.00375813 0.0037193 0.00371745 0 0.00379982 0.00670412 0.98747 0.00724254 0.00707449 0.00643208 0.00818728 0.00897308 0.00955724 0.00976723 0.00867132 0.00839677 0.00846363 0.00911392 0.00946127 0.00905039 0.00956884 0.00869313 0.00840396 0.0089395 0.00918179 0.00888725 0.00830492 0.00803702 0.00814739 0.00847858 0.00821493 0.00833759 0.00825436 0.00814582 0.0081517 0.00806247 0.00798997 0.00808685 0.00819406 0.00830074 0.00838527 0.00861829 0.00843348 0.00827447 0.00843374 0.00867471 0.00839419 0.00833608 0.00840706 0.00872873 0.00871933 0.0087434 0.00844296 0.00856763 0.0089709 0.00863546 0.00851794 0.00928853 0.00947755 0.00898021 0.00901214 0.0111154 0.0110833 0.0107768 
0.0386926 0.0213083 0.00898696 0.012709 0.0084329 0.0082394 0.00957485 0.0123694 0.00842862 0.00447641 0.00420783 0.00379946 0.00381486 0.00375498 0.00377323 0.00379982 0 0.978691 0.0041106 0.00515156 0.00395544 0.00472465 0.00597691 0.0130421 0.011243 0.00837676 0.00866427 0.00842352 0.00828461 0.00978313 0.00840161 0.00835918 0.00835247 0.00877727 0.00840457 0.0087832 0.008378 0.00844114 0.00829195 0.00897595 0.00921705 0.00835362 0.00813695 0.00817895 0.00810507 0.00815862 0.00844138 0.0081687 0.00811868 0.008324 0.00939446 0.00863671 0.00836007 0.00840426 0.0083143 0.0083606 0.0088338 0.00846691 0.00833774 0.00865132 0.00913132 0.00867212 0.00846628 0.00925943 0.00912258 0.00852458 0.0085749 0.00849372 0.00875303 0.0127906 0.00993699 0.00956093 0.0092069 0.0157818 0.00985196 0.0125155 
0.0136241 0.0112503 0.00879129 0.0105329 0.00841762 0.0131965 0.0100961 0.0117111 0.00621884 0.00529778 0.00575562 0.00480189 0.0049622 0.00427804 0.00586887 0.00670412 0.978691 0 0.0037805 0.00375318 0.00382187 0.00388558 0.00440542 0.00647577 0.0110394 0.00815684 0.00845179 0.00805801 0.00812606 0.00816563 0.00804729 0.00813567 0.00806167 0.00857962 0.00794809 0.00809788 0.00829036 0.00818288 0.00812068 0.00801337 0.00847677 0.00836572 0.0080886 0.00822278 0.00807274 0.00807803 0.0081049 0.00803945 0.00806584 0.00824181 0.00846926 0.00842212 0.00816779 0.00824331 0.00828322 0.00835003 0.00840819 0.0082943 0.00818955 0.00839882 0.00833739 0.00833203 0.00838351 0.00912621 0.00839402 0.00832979 0.00836772 0.00842133 0.00865518 0.00954136 0.00906659 0.00880791 0.00919759 0.0116498 0.009888 0.012944 
0.0103235 0.00869834 0.0138447 0.0087331 0.0144773 0.0109763 0.0118093 0.0114132 0.00580058 0.00691754 0.0061251 0.00768534 0.00484946 0.00852795 0.00467618 0.98747 0.0041106 0.0037805 0 0.00377685 0.00370079 0.00369859 0.00395525 0.00472405 0.00845977 0.00897662 0.00801504 0.00821893 0.00806698 0.00805109 0.00859962 0.00843841 0.0084451 0.00814607 0.00802995 0.00832816 0.00855543 0.00849158 0.00803172 0.00789312 0.00799317 0.00820827 0.00809405 0.00813795 0.00804729 0.00802917 0.00796425 0.00797517 0.00805498 0.00810749 0.00811868 0.00824558 0.00827737 0.00836242 0.00829735 0.00833647 0.00833201 0.00836529 0.00824635 0.00830133 0.00824676 0.00838597 0.00842395 0.008621 0.00827941 0.00834149 0.0085919 0.00840622 0.00851191 0.00872484 0.008896 0.0086305 0.00896259 0.00975621 0.00998988 0.0106651 
0.00866301 0.0162579 0.00820939 0.0224053 0.00935784 0.0107479 0.0113576 0.00890867 0.00705229 0.00656526 0.0108922 0.00674817 0.0181335 0.006545 0.968201 0.00724254 0.00515156 0.00375318 0.00377685 0 0.00376058 0.00370946 0.00379243 0.00408035 0.00960664 0.00841205 0.0089975 0.00814439 0.00817746 0.00890289 0.0083676 0.00960875 0.00848413 0.00827303 0.00809242 0.00891116 0.00897978 0.00885903 0.00813134 0.00790725 0.00801049 0.00804508 0.0083161 0.0082167 0.00813431 0.00806618 0.00798795 0.00801502 0.00796137 0.008147 0.00815709 0.00827195 0.00838014 0.00859123 0.00833261 0.00822253 0.0082722 0.00859042 0.00828394 0.00831855 0.00831807 0.00859609 0.00852467 0.00868719 0.00829272 0.0085004 0.00884455 0.00859904 0.00851996 0.00885477 0.00867292 0.00899095 0.00885073 0.0116556 0.00958567 0.0113707 
0.0126755 0.00864694 0.0373142 0.00976389 0.0130499 0.0166371 0.0108308 0.0102854 0.0068574 0.00834732 0.00841557 0.0218907 0.00826067 0.952525 0.0105196 0.00707449 0.00395544 0.00382187 0.00370079 0.00376058 0 0.00369629 0.00367155 0.00390895 0.00968139 0.0114378 0.00931534 0.00824163 0.00833271 0.0089772 0.0100479 0.0096278 0.00897145 0.00842473 0.00821258 0.00853079 0.0111865 0.00882357 0.00830921 0.00795308 0.00799256 0.00859509 0.00820423 0.00822117 0.00808818 0.00803299 0.00799262 0.00797393 0.00802305 0.00803159 0.0080836 0.00821154 0.00832944 0.00860756 0.00828996 0.00820396 0.00843547 0.00853431 0.00829968 0.00827932 0.00835111 0.00863833 0.0085505 0.00844966 0.00829082 0.00848699 0.00879214 0.00852243 0.00844553 0.00845311 0.0088288 0.00865574 0.00865634 0.00937512 0.00994708 0.0101744 
0.0102375 0.0348512 0.0105796 0.0161036 0.0145006 0.0132632 0.0261284 0.0110577 0.00940197 0.0102591 0.0140194 0.0112299 0.951132 0.00906783 0.00946894 0.00643208 0.00472465 0.00388558 0.00369859 0.00370946 0.00369629 0 0.00373513 0.00408277 0.014106 0.0133432 0.00928268 0.00863891 0.00862177 0.0100219 0.00942912 0.0103506 0.0103647 0.0089012 0.00851544 0.00968289 0.00945467 0.0101244 0.00838276 0.00806017 0.00808257 0.00826742 0.00859968 0.00838098 0.00831963 0.00813367 0.00812992 0.00806435 0.0080653 0.00808947 0.00816652 0.00842254 0.00843534 0.00856922 0.00846469 0.0083551 0.00842914 0.00874764 0.00848603 0.00836254 0.00854096 0.00868676 0.00867214 0.00859309 0.00838599 0.00854595 0.00886957 0.0086547 0.00845226 0.00872491 0.00881911 0.00888589 0.00862007 0.0105859 0.00961148 0.0102433 
0.0257221 0.0130504 0.0120392 0.012167 0.0116401 0.0122222 0.0164284 0.0426927 0.0264837 0.0166423 0.0213526 0.870816 0.0138255 0.00834773 0.00756231 0.00818728 0.00597691 0.00440542 0.00395525 0.00379243 0.00367155 0.00373513 0 0.00648144 0.0129787 0.0114012 0.0101082 0.0100249 0.00908268 0.0108732 0.00920123 0.00931606 0.00953061 0.0123287 0.00886843 0.00884184 0.0089882 0.00916259 0.00836182 0.00868966 0.00908776 0.00876103 0.00839971 0.00831485 0.00821764 0.00816666 0.00831523 0.00804177 0.00810417 0.008131 0.00862493 0.0086392 0.00842758 0.00839727 0.00832787 0.00828867 0.00868341 0.00871872 0.00837969 0.00838043 0.00918694 0.00866922 0.00851659 0.00871258 0.00873515 0.00842694 0.00866113 0.00849736 0.00843949 0.00958377 0.00946494 0.00875238 0.00878455 0.0117004 0.00975167 0.0101291 
0.0143703 0.0102182 0.0100347 0.00943114 0.00987182 0.0100946 0.0128605 0.0284062 0.0124424 0.0143466 0.0166416 0.00933272 0.00787878 0.00778811 0.00697468 0.00897308 0.0130421 0.00647577 0.00472405 0.00408035 0.00390895 0.00408277 0.00648144 0 0.0147959 0.010604 0.0148569 0.00930079 0.00961415 0.0102058 0.00845774 0.00826237 0.008575 0.0125356 0.0087252 0.00807694 0.00810222 0.00856446 0.00880956 0.0111009 0.0139025 0.00948373 0.00811333 0.00806529 0.00808022 0.0085823 0.00844379 0.00808091 0.0084062 0.0084772 0.0106291 0.00856432 0.00820036 0.00814256 0.00829594 0.00877713 0.00893218 0.0083925 0.00819603 0.00917611 0.00879699 0.00836371 0.00850025 0.0100496 0.00881451 0.00836439 0.00853169 0.00860502 0.00921839 0.0113533 0.00970298 0.00885567 0.00965656 0.0112104 0.00950129 0.0121057 
0.00906977 0.0090953 0.00928314 0.00880398 0.00868917 0.00923956 0.00891224 0.0105603 0.00964962 0.00910211 0.0095944 0.00978501 0.0106113 0.00965769 0.010586 0.00955724 0.011243 0.0110394 0.00845977 0.00960664 0.00968139 0.014106 0.0129787 0.0147959 0 0.00400354 0.0039325 0.00386061 0.00516724 0.00594962 0.00622755 0.00684889 0.00878915 0.0155358 0.0283955 0.0246496 0.0165194 0.0174835 0.0244314 0.0118841 0.0148247 0.0127397 0.0106622 0.00950643 0.00935502 0.0099039 0.00829838 0.00854716 0.00832111 0.00968947 0.0102684 0.0100385 0.00882101 0.00909631 0.00865135 0.0093719 0.00855453 0.00850462 0.00864938 0.00907355 0.00880536 0.00843222 0.00863429 0.00956832 0.00825502 0.00823844 0.0084311 0.00839228 0.00845867 0.00848902 0.00837555 0.00835031 0.008812 0.00875676 0.00837293 0.00923481 
0.00868905 0.00849243 0.00875947 0.008833 0.00871829 0.00911029 0.00964326 0.00861002 0.00882008 0.00943122 0.00925821 0.0101374 0.00960122 0.0101743 0.00998999 0.00976723 0.00837676 0.00815684 0.00897662 0.00841205 0.0114378 0.0133432 0.0114012 0.010604 0.00400354 0 0.00372302 0.00375773 0.00641917 0.0042043 0.00776162 0.00668375 0.0160258 0.00690019 0.0156798 0.0468015 0.0213751 0.0458026 0.0136414 0.0119359 0.0103304 0.0109451 0.0119245 0.0122287 0.0177628 0.00906391 0.00895698 0.0080769 0.00863994 0.00825625 0.00868684 0.00884258 0.00911584 0.00932405 0.00903598 0.00845649 0.00826133 0.0088116 0.00878671 0.00850453 0.00835715 0.00848279 0.00861389 0.008333 0.00819167 0.00833381 0.00848403 0.00832968 0.00821251 0.00805502 0.00829242 0.00836213 0.00821715 0.00835996 0.00846949 0.00840493 
0.00829188 0.00851207 0.00852421 0.00870999 0.00846411 0.00904668 0.00864066 0.00903638 0.00843022 0.00874494 0.00990915 0.009929 0.0104071 0.00948601 0.0103613 0.00867132 0.00866427 0.00845179 0.00801504 0.0089975 0.00931534 0.00928268 0.0101082 0.0148569 0.0039325 0.00372302 0 0.00377354 0.00376615 0.00431038 0.00495918 0.00888986 0.00646645 0.00530147 0.0120292 0.0115023 0.0204209 0.0218409 0.0152216 0.0100856 0.00977641 0.00984351 0.011575 0.0125768 0.0112243 0.0103111 0.00824781 0.00798538 0.00807266 0.00807694 0.00846 0.00892144 0.00878425 0.00951681 0.00881735 0.00873567 0.00854697 0.00857964 0.00840526 0.00878078 0.00868198 0.00849516 0.00840107 0.00854264 0.00825022 0.00833692 0.00857081 0.00841238 0.00830964 0.00836317 0.00842811 0.00827558 0.00817069 0.00857644 0.00835742 0.00843686 
0.00806134 0.00825622 0.00824944 0.00823821 0.00821692 0.00847865 0.00849705 0.00829827 0.0082961 0.00834892 0.00846543 0.00858132 0.00877509 0.00848796 0.00882857 0.00839677 0.00842352 0.00805801 0.00821893 0.00814439 0.00824163 0.00863891 0.0100249 0.00930079 0.00386061 0.00375773 0.00377354 0 0.00387679 0.00375002 0.00604145 0.00378036 0.00403153 0.00446223 0.0104267 0.0135209 0.00988737 0.0176949 0.0206687 0.012474 0.0106506 0.00951074 0.0103319 0.0087909 0.00982327 0.00906821 0.00816082 0.00803356 0.00808933 0.00828998 0.00863591 0.00834519 0.00858718 0.0085941 0.00841313 0.00858685 0.00857485 0.00832566 0.00809382 0.0082501 0.00839807 0.00819245 0.00821299 0.00828829 0.00798631 0.00810569 0.00816549 0.00812264 0.00804996 0.0080725 0.00807259 0.00816879 0.00815855 0.00823407 0.00815671 0.00840672 
0.00824477 0.00831796 0.00822186 0.00839412 0.00834136 0.00855376 0.00829308 0.00841016 0.00821364 0.00857529 0.00869068 0.00881348 0.00885933 0.00860896 0.00869766 0.00846363 0.00828461 0.00812606 0.00806698 0.00817746 0.00833271 0.00862177 0.00908268 0.00961415 0.00516724 0.00641917 0.00376615 0.00387679 0 0.00404438 0.00502568 0.00376921 0.00416431 0.0040423 0.0129026 0.0111773 0.0115909 0.0157947 0.0163663 0.0109257 0.0102606 0.0111341 0.00957587 0.00949859 0.00943686 0.00936965 0.00845669 0.00799954 0.00849545 0.00814816 0.00851837 0.00895957 0.00859164 0.00922421 0.00878293 0.00852646 0.00822426 0.00842207 0.00825355 0.00868993 0.00827667 0.00823552 0.00826229 0.00818757 0.00802107 0.00816073 0.00821535 0.00820022 0.0080572 0.00806012 0.00821604 0.00817134 0.00813065 0.00827518 0.0082563 0.00831742 
0.00826038 0.00843413 0.00846853 0.00918527 0.00877397 0.00924117 0.00845077 0.010126 0.00843275 0.00816009 0.010352 0.00917463 0.0106547 0.00930892 0.0106997 0.00911392 0.00978313 0.00816563 0.00805109 0.00890289 0.0089772 0.0100219 0.0108732 0.0102058 0.00594962 0.0042043 0.00431038 0.00375002 0.00404438 0 0.00374766 0.00375234 0.00375873 0.00392353 0.0122443 0.0130513 0.0145372 0.280312 0.049473 0.0107863 0.0107583 0.0102677 0.0127088 0.0117761 0.0113009 0.0113546 0.00804127 0.00808349 0.00800671 0.00895112 0.00869235 0.00936527 0.00967413 0.00995914 0.00886238 0.00980157 0.00856404 0.00868352 0.00839648 0.00896576 0.00906434 0.0084934 0.0083314 0.0093523 0.00819788 0.00823986 0.00823605 0.00813421 0.00816396 0.00817753 0.00824618 0.00822571 0.00821 0.00840597 0.00816285 0.00863238 
0.00832961 0.00846046 0.0095977 0.00897433 0.00906362 0.0100443 0.00887913 0.00863285 0.00823465 0.00991401 0.00908813 0.0125666 0.00948327 0.0116998 0.0094696 0.00946127 0.00840161 0.00804729 0.00859962 0.0083676 0.0100479 0.00942912 0.00920123 0.00845774 0.00622755 0.00776162 0.00495918 0.00604145 0.00502568 0.00374766 0 0.00371849 0.00373637 0.00378949 0.0139076 0.0191668 0.303707 0.0613712 0.0140644 0.00906488 0.00973321 0.0123088 0.0117796 0.0184582 0.0121511 0.00939207 0.00839128 0.00801531 0.00807042 0.0082218 0.00817621 0.00924361 0.0100362 0.0119279 0.00907613 0.00857682 0.00870308 0.00922047 0.00893046 0.00874458 0.0087174 0.00873944 0.00863037 0.00869397 0.00816425 0.0083941 0.00850117 0.00832735 0.0082608 0.00808889 0.0082959 0.00834779 0.00817018 0.00833225 0.00838097 0.00842295 
0.00815398 0.00901999 0.00918337 0.0125453 0.00951614 0.0104094 0.00979511 0.00859095 0.00841463 0.00881943 0.013853 0.0100844 0.0144483 0.0102437 0.0151582 0.00905039 0.00835918 0.00813567 0.00843841 0.00960875 0.0096278 0.0103506 0.00931606 0.00826237 0.00684889 0.00668375 0.00888986 0.00378036 0.00376921 0.00375234 0.00371849 0 0.00383418 0.00370851 0.0233128 0.0646775 0.123285 0.0238576 0.0159284 0.00927259 0.00881969 0.00925569 0.0237355 0.0238249 0.0160173 0.00929458 0.00820583 0.00806059 0.00812248 0.00824953 0.00808827 0.00910752 0.0115101 0.0109185 0.0102969 0.00853777 0.0084631 0.00945662 0.00912978 0.00868071 0.00887107 0.00896508 0.00885534 0.00877966 0.00826873 0.00857035 0.0088381 0.00850797 0.00825849 0.00810953 0.00840927 0.00839387 0.00821297 0.00839121 0.00839268 0.00856345 
0.00804094 0.00865304 0.0084861 0.00935496 0.00874952 0.0093819 0.00936225 0.00868742 0.00812435 0.008817 0.0101034 0.010573 0.0104256 0.00977139 0.0109735 0.00956884 0.00835247 0.00806167 0.0084451 0.00848413 0.00897145 0.0103647 0.00953061 0.008575 0.00878915 0.0160258 0.00646645 0.00403153 0.00416431 0.00375873 0.00373637 0.00383418 0 0.00391164 0.0140073 0.476146 0.0287947 0.0883984 0.0157941 0.01004 0.010514 0.0097044 0.0136192 0.013647 0.0434001 0.0100642 0.00878402 0.00813904 0.00806646 0.00825406 0.00842224 0.00870954 0.0101674 0.00991261 0.0104644 0.00898687 0.00821032 0.0093151 0.00914472 0.00849431 0.00845062 0.00882477 0.00901602 0.00828731 0.00817168 0.00838528 0.00857866 0.00861417 0.00813466 0.00801987 0.00824018 0.0083491 0.00823746 0.00836619 0.00828034 0.00841412 
0.00863509 0.00822672 0.00832816 0.00828553 0.00823855 0.00852193 0.00856295 0.0100731 0.00873617 0.00875027 0.00868047 0.00890516 0.00866186 0.0087353 0.00866727 0.00869313 0.00877727 0.00857962 0.00814607 0.00827303 0.00842473 0.0089012 0.0123287 0.0125356 0.0155358 0.00690019 0.00530147 0.00446223 0.0040423 0.00392353 0.00378949 0.00370851 0.00391164 0 0.471925 0.014422 0.0174565 0.0147383 0.0370421 0.016021 0.0198878 0.0132264 0.00978116 0.0107597 0.0115819 0.0242118 0.0104475 0.00819985 0.00907996 0.00880727 0.0104701 0.00947575 0.00889703 0.0091674 0.00895136 0.00980616 0.00934508 0.00840284 0.00829512 0.0101689 0.00888883 0.00839871 0.00829789 0.00884253 0.00832531 0.00840589 0.00851475 0.00813215 0.00814163 0.00884015 0.00859139 0.00816936 0.00810835 0.00869118 0.0082812 0.00833791 
0.00813319 0.00797263 0.00830279 0.00810979 0.00855362 0.00834534 0.00809414 0.0084528 0.00800074 0.00818362 0.00842254 0.00845812 0.0085358 0.0085973 0.00851137 0.00840396 0.00840457 0.00794809 0.00802995 0.00809242 0.00821258 0.00851544 0.00886843 0.0087252 0.0283955 0.0156798 0.0120292 0.0104267 0.0129026 0.0122443 0.0139076 0.0233128 0.0140073 0.471925 0 0.00381494 0.00375374 0.0037447 0.00393822 0.0206829 0.0123735 0.017912 0.00956541 0.0107774 0.0101535 0.0313133 0.00841488 0.00827638 0.00820187 0.00897524 0.0088549 0.00986044 0.0084538 0.00917911 0.00858168 0.00966457 0.00860977 0.00838819 0.00847089 0.0088376 0.00844593 0.00826521 0.00851552 0.00865269 0.0083209 0.00807055 0.00813725 0.00818601 0.00825933 0.00804588 0.0080477 0.00812824 0.00825199 0.00824579 0.00813739 0.00858557 
0.00801993 0.00908382 0.00858515 0.0117813 0.00873764 0.00975305 0.00965246 0.00848581 0.00821867 0.00856048 0.0100514 0.0096232 0.0107998 0.00949631 0.0113032 0.0089395 0.0087832 0.00809788 0.00832816 0.00891116 0.00853079 0.00968289 0.00884184 0.00807694 0.0246496 0.0468015 0.0115023 0.0135209 0.0111773 0.0130513 0.0191668 0.0646775 0.476146 0.014422 0.00381494 0 0.00373085 0.0037558 0.00376011 0.0178531 0.0111861 0.0100548 0.0486627 0.0129678 0.0717345 0.00921889 0.00871382 0.00835557 0.00817561 0.00889054 0.00834898 0.00893694 0.0142531 0.0105192 0.0124261 0.00868573 0.0083241 0.0102095 0.00922204 0.00916138 0.00879191 0.0090733 0.00889076 0.00896828 0.00819104 0.00849241 0.00849075 0.00843614 0.00827124 0.00801955 0.00823226 0.00845424 0.00842689 0.00839168 0.00845341 0.00854562 
0.00826516 0.00848721 0.0100555 0.00926692 0.00966275 0.0120008 0.00887927 0.00876426 0.00833481 0.00948407 0.0106817 0.0124879 0.0105063 0.0125016 0.011959 0.00918179 0.008378 0.00829036 0.00855543 0.00897978 0.0111865 0.00945467 0.0089882 0.00810222 0.0165194 0.0213751 0.0204209 0.00988737 0.0115909 0.0145372 0.303707 0.123285 0.0287947 0.0174565 0.00375374 0.00373085 0 0.00386116 0.00374911 0.0138995 0.00987199 0.0175411 0.0166714 0.157229 0.0139107 0.0134453 0.00873678 0.00816448 0.00830847 0.00832739 0.00834171 0.0103795 0.0109026 0.0286958 0.0100158 0.00926614 0.00898066 0.0101617 0.00981521 0.00919912 0.00912042 0.0105493 0.00987191 0.00874001 0.00831177 0.0089185 0.00969215 0.0086665 0.00827875 0.00806117 0.00833876 0.00843623 0.0082094 0.00841428 0.0084028 0.008431 
0.00823379 0.00887641 0.00869577 0.0093238 0.0088384 0.00961938 0.00916604 0.00851155 0.00833379 0.00879186 0.00953774 0.00990721 0.0106865 0.00950604 0.0120726 0.00888725 0.00844114 0.00818288 0.00849158 0.00885903 0.00882357 0.0101244 0.00916259 0.00856446 0.0174835 0.0458026 0.0218409 0.0176949 0.0157947 0.280312 0.0613712 0.0238576 0.0883984 0.0147383 0.0037447 0.0037558 0.00386116 0 0.00385812 0.0215293 0.0140088 0.0119626 0.0705829 0.0146176 0.0928815 0.0111487 0.0105649 0.00861251 0.00862223 0.0087125 0.00965499 0.0101043 0.0158718 0.0118899 0.0177949 0.00997594 0.00900386 0.0104815 0.0102171 0.00961023 0.00933838 0.00941446 0.0100652 0.00851752 0.00831365 0.0086536 0.00885344 0.00899308 0.0082255 0.00806021 0.00833434 0.00847298 0.00813214 0.00846693 0.00827615 0.00837121 
0.0084947 0.008216 0.00820391 0.0082385 0.00818636 0.00841536 0.00824503 0.00847632 0.00814944 0.00838814 0.00938099 0.00860482 0.00904737 0.00854294 0.00861578 0.00830492 0.00829195 0.00812068 0.00803172 0.00813134 0.00830921 0.00838276 0.00836182 0.00880956 0.0244314 0.0136414 0.0152216 0.0206687 0.0163663 0.049473 0.0140644 0.0159284 0.0157941 0.0370421 0.00393822 0.00376011 0.00374911 0.00385812 0 0.0306216 0.0186323 0.0202419 0.010724 0.0160571 0.013041 0.0307271 0.0103306 0.00826052 0.00942792 0.00848752 0.00980252 0.0113347 0.00945718 0.00945883 0.00909744 0.0093559 0.00927024 0.00880058 0.00850211 0.00888265 0.00896589 0.00856869 0.00834693 0.00831594 0.00828269 0.00831368 0.00974039 0.00825759 0.0081862 0.00831644 0.00828541 0.00811268 0.00807029 0.00851634 0.00822182 0.00831032 
0.00803819 0.0080009 0.00790651 0.00794005 0.00798388 0.00797115 0.0080281 0.00873577 0.00831563 0.00797456 0.00810635 0.00802814 0.00810736 0.00803881 0.00811032 0.00803702 0.00897595 0.00801337 0.00789312 0.00790725 0.00795308 0.00806017 0.00868966 0.0111009 0.0118841 0.0119359 0.0100856 0.012474 0.0109257 0.0107863 0.00906488 0.00927259 0.01004 0.016021 0.0206829 0.0178531 0.0138995 0.0215293 0.0306216 0 0.969034 0.0144934 0.0166263 0.0109349 0.0187034 0.0181987 0.0151316 0.0103413 0.0105367 0.0153543 0.032381 0.00991141 0.0086622 0.00848672 0.00924727 0.0109693 0.00901513 0.00858116 0.00856542 0.0105276 0.00887985 0.00814559 0.00841969 0.0117407 0.00812947 0.00797121 0.00804263 0.00819629 0.00858303 0.0105314 0.00825475 0.00802329 0.00841803 0.00844737 0.00791943 0.0089287 
0.00840365 0.00807943 0.00801186 0.00803203 0.00806411 0.00805992 0.00809915 0.00918494 0.00830174 0.00807657 0.00813436 0.00803871 0.00819233 0.00805287 0.00811895 0.00814739 0.00921705 0.00847677 0.00799317 0.00801049 0.00799256 0.00808257 0.00908776 0.0139025 0.0148247 0.0103304 0.00977641 0.0106506 0.0102606 0.0107583 0.00973321 0.00881969 0.010514 0.0198878 0.0123735 0.0111861 0.00987199 0.0140088 0.0186323 0.969034 0 0.0199165 0.0148387 0.0138449 0.0258465 0.0506368 0.0145764 0.0120186 0.0146761 0.0186978 0.0532947 0.012606 0.00903686 0.0087196 0.00974776 0.0121313 0.0107579 0.00842131 0.00904263 0.0113651 0.00934611 0.00826385 0.00856477 0.0117547 0.00869491 0.0080431 0.00803368 0.00822411 0.0119971 0.0115204 0.00850896 0.00815167 0.00905292 0.00870424 0.00802722 0.00897648 
0.00908435 0.008126 0.00911246 0.00825923 0.00825523 0.00838496 0.00828361 0.00843162 0.00817415 0.00819145 0.00826623 0.0090727 0.00827308 0.00918786 0.00829943 0.00847858 0.00835362 0.00836572 0.00820827 0.00804508 0.00859509 0.00826742 0.00876103 0.00948373 0.0127397 0.0109451 0.00984351 0.00951074 0.0111341 0.0102677 0.0123088 0.00925569 0.0097044 0.0132264 0.017912 0.0100548 0.0175411 0.0119626 0.0202419 0.0144934 0.0199165 0 0.0041476 0.00384194 0.00380427 0.00541488 0.00550824 0.0075874 0.0149753 0.0181673 0.014228 0.0468306 0.0138364 0.0244707 0.00981382 0.030503 0.0234516 0.0111729 0.0117204 0.0124405 0.0128974 0.0101811 0.0116585 0.0120723 0.00911637 0.00838277 0.00917831 0.00863323 0.00954204 0.00845684 0.00917197 0.00809783 0.00912475 0.00831699 0.00859028 0.0087422 
0.00827311 0.00858326 0.00830306 0.00844536 0.00830404 0.00852589 0.00832107 0.00819072 0.00821409 0.00830796 0.00851373 0.00849929 0.00871416 0.00851235 0.00858438 0.00821493 0.00813695 0.0080886 0.00809405 0.0083161 0.00820423 0.00859968 0.00839971 0.00811333 0.0106622 0.0119245 0.011575 0.0103319 0.00957587 0.0127088 0.0117796 0.0237355 0.0136192 0.00978116 0.00956541 0.0486627 0.0166714 0.0705829 0.010724 0.0166263 0.0148387 0.0041476 0 0.003716 0.00372677 0.00373244 0.00515243 0.00569902 0.00886272 0.0136751 0.0140243 0.0346388 0.13107 0.0140785 0.0752067 0.00986738 0.0114654 0.0453669 0.0141606 0.0115243 0.0144964 0.0197375 0.0129563 0.0116529 0.00834737 0.0107005 0.00983176 0.0109327 0.00844397 0.00828683 0.00817435 0.00938297 0.00827504 0.00878556 0.00836385 0.00850373 
0.00818771 0.00828115 0.00835005 0.00833064 0.00832629 0.00860648 0.00835276 0.00821694 0.00817174 0.00837628 0.00841705 0.00864991 0.00845904 0.0086209 0.00870403 0.00833759 0.00817895 0.00822278 0.00813795 0.0082167 0.00822117 0.00838098 0.00831485 0.00806529 0.00950643 0.0122287 0.0125768 0.0087909 0.00949859 0.0117761 0.0184582 0.0238249 0.013647 0.0107597 0.0107774 0.0129678 0.157229 0.0146176 0.0160571 0.0109349 0.0138449 0.00384194 0.003716 0 0.00371604 0.00370779 0.00420126 0.0158014 0.00650767 0.00806625 0.00921817 0.0153817 0.0224261 0.355863 0.0116235 0.0185878 0.0114899 0.021458 0.0207836 0.0119737 0.0109849 0.0167548 0.0183877 0.009827 0.00847999 0.00973127 0.0152983 0.00949462 0.00874437 0.00802773 0.00846502 0.00852881 0.00853458 0.00831387 0.00828582 0.00842239 
0.00815273 0.0082939 0.008138 0.00830737 0.00818998 0.00845314 0.00833365 0.00815777 0.00810928 0.00827454 0.00833253 0.00852171 0.00839788 0.00848326 0.00861489 0.00825436 0.00810507 0.00807274 0.00804729 0.00813431 0.00808818 0.00831963 0.00821764 0.00808022 0.00935502 0.0177628 0.0112243 0.00982327 0.00943686 0.0113009 0.0121511 0.0160173 0.0434001 0.0115819 0.0101535 0.0717345 0.0139107 0.0928815 0.013041 0.0187034 0.0258465 0.00380427 0.00372677 0.00371604 0 0.00384159 0.0129413 0.00767297 0.00913146 0.0141026 0.0127305 0.0136376 0.0629954 0.0172928 0.380596 0.0149241 0.0101845 0.0235421 0.0364572 0.0193085 0.0112465 0.0150363 0.0203065 0.0134127 0.00882373 0.0112533 0.00979865 0.0159293 0.00934605 0.00840024 0.00843449 0.00958405 0.00827034 0.00821617 0.00821124 0.00821886 
0.00824126 0.00818134 0.0082036 0.00821372 0.00816392 0.00828321 0.00820292 0.008309 0.00807963 0.00814575 0.00815796 0.00830863 0.00824038 0.00829261 0.00828069 0.00814582 0.00815862 0.00807803 0.00802917 0.00806618 0.00803299 0.00813367 0.00816666 0.0085823 0.0099039 0.00906391 0.0103111 0.00906821 0.00936965 0.0113546 0.00939207 0.00929458 0.0100642 0.0242118 0.0313133 0.00921889 0.0134453 0.0111487 0.0307271 0.0181987 0.0506368 0.00541488 0.00373244 0.00370779 0.00384159 0 0.00627419 0.00440995 0.0101999 0.0103241 0.0248031 0.0191691 0.0110428 0.0233474 0.0148469 0.222578 0.0152375 0.0101102 0.0138413 0.0336895 0.0113184 0.00936495 0.0106519 0.0130398 0.00890349 0.00843108 0.00903776 0.00919969 0.00988441 0.00919033 0.00896651 0.00819407 0.00879548 0.00815504 0.00806254 0.00838311 
