1LN1A
FSEEQFWEACAELQQPALAGADWQLLVETSGISIYRLLDKKTGLYEYKVFGVLEDCSPTLLADIYMDSDYRKQWDQYVKELYEQECNGETVVYWEVKYPFPMSNRDYVYLRQRRDLDMEGRKIHVILARSTSMPQLGERSGVIRVKQYKQSLAIESDGKKGSKVFMYYFDNPGGQIPSWLINWAAKNGVPNFLKDMARACQNY
CCHHHHHHCCHHHHCCCCCCCCCEEEEEECCEEEEEEEECCCCEEEEEEEEEECCCCHHHHHHHHHCHHHHHHHCCCEEEEEEEEECCEEEEEEEECCCCCCCCEEEEEEEEEEEECCCCCCEEEEEEEECCECCECCCCCCEEECCEEEEEEEEECCCCCEEEEEEEEECCCCCCCHHHHHHHHHCHHHHHHHHHHHHHHCC
0 0 0 0 0 0 0 0 0 0 0 0 0 0 0 0 0 0 0 0 0 0 0 0 0 0 0 0 0 0 0 0 0 0 0 0 0 0 0 0 0 0 0 0 0 0 0 0 0 0 0 0 0 0 0 0 0 0 0 0 0 0 0 0 0 0 0 0 0 0 0 0 0 0 0 0 0 0 0 0 0 0 0 0 0 0 0 0 0 0 0 0 0 0 0 0 0 0 0 0 0 0 0 0 0 0 0 0 0 0 0 0 0 0 0 0 0 0 0 0 0 0 0 0 0 0 0 0 0 0 0 0 0 0 0 0 0 0 0 0 0 0 0 0 0 0 0 0 0 0 0 0 0 0 0 0 0 0 0 0 0 0 0 0 0 0 0 0 0 0 0 0 0 0 0 0 0 0 0 0 0 0 0 0 0 0 0 0 0 0 0 0 0 0 0 0 0 0 0 0 0 0 0 
0 0 0 0 0 0 0 0 0 0 0 0 0 0 0 0 0 0 0 0 0 0 0 0 0 0 0 0 0 0 0 0 0 0 0 0 0 0 0 0 0 0 0 0 0 0 0 0 0 0 0 0 0 0 0 0 0 0 0 0 0 0 0 0 0 0 0 0 0 0 0 0 0 0 0 0 0 0 0 0 0 0 0 0 0 0 0 0 0 0 0 0 0 0 0 0 0 0 0 0 0 0 0 0 0 0 0 0 0 0 0 0 0 0 0 0 0 0 0 0 0 0 0 0 0 0 0 0 0 0 0 0 0 0 0 0 0 0 0 0 0 0 0 0 0 0 0 0 0 0 0 0 0 0 0 0 0 0 0 0 0 0 0 0 0 0 0 0 0 0 0 0 0 0 0 0 0 0 0 0 0 0 0 0 0 0 0 0 0 0 0 0 0 0 0 0 0 0 0 0 0 0 0 
0 0.00383237 0.00378404 0.00381343 0.00544472 0.00562479 0.00486132 0.00710489 0.00610229 0.00884256 0.18905 0.277186 0.02777 0.026035 0.0087388 0.00847822 0.00817661 0.00850601 0.0092052 0.00904134 0.0100705 0.00952557 0.0110349 0.016235 0.00987523 0.00846022 0.00909455 0.00857061 0.0085548 0.00843831 0.00818901 0.00848594 0.00942574 0.00843383 0.00860458 0.00847384 0.00903418 0.00873889 0.00850798 0.00874781 0.00995844 0.00844707 0.00822139 0.00848036 0.00851235 0.00843832 0.00828274 0.00809928 0.00813178 0.00808888 0.00805127 0.00826812 0.00854911 0.00854197 0.00830105 0.00837876 0.00835982 0.00828141 0.00807827 0.00841182 0.00878862 0.00830437 0.00839987 0.00830238 0.00836528 0.00879025 0.00798935 0.00792492 0.00793443 0.00800104 0.00808252 0.00817195 0.00808905 0.00797599 0.00845865 0.00794055 0.0079974 0.00796271 0.00811217 0.00804587 0.00804511 0.00806507 0.00818982 0.0082003 
0.00383237 0 0.0037093 0.00375234 0.00387712 0.0037918 0.0051691 0.00501176 0.00874523 0.0738477 0.33307 0.0315924 0.00866554 0.00698381 0.00821894 0.00814725 0.00859077 0.00842364 0.00929764 0.01088 0.0107783 0.0128492 0.0119264 0.00891627 0.00905897 0.00928661 0.00852099 0.00988536 0.00857656 0.00858688 0.0086471 0.00860059 0.0082986 0.00833795 0.0084744 0.010247 0.00999318 0.0101585 0.0112254 0.00918392 0.0087771 0.00818112 0.00870031 0.00934935 0.0112254 0.0102825 0.00915002 0.00891892 0.00806934 0.00883225 0.00824956 0.00827054 0.00828069 0.00847701 0.00890382 0.0101314 0.0103984 0.0090786 0.0088913 0.00824187 0.00817694 0.00800116 0.00804285 0.00803267 0.00830465 0.00821559 0.00806131 0.008005 0.00825732 0.00821827 0.00890165 0.00868138 0.00845012 0.00822443 0.00798683 0.00795632 0.00825671 0.00852035 0.00838722 0.00862334 0.00859928 0.00845414 0.0083663 0.00809438 
0.00378404 0.0037093 0 0.00373289 0.00374012 0.00372045 0.0044262 0.0126859 0.0091063 0.507461 0.02103 0.0086334 0.00685157 0.00636645 0.00770942 0.00866877 0.00809972 0.00923781 0.00924386 0.0100571 0.012814 0.0119627 0.0105046 0.00874186 0.008899 0.00886003 0.0141017 0.00870299 0.0105632 0.00897804 0.00879976 0.00883094 0.00820821 0.00838514 0.00948144 0.00948549 0.0137809 0.0144141 0.010156 0.00961776 0.00839401 0.00821079 0.00875206 0.0112909 0.0124387 0.0138698 0.0101188 0.00874948 0.00931613 0.00831613 0.00899252 0.00845357 0.00806542 0.0082364 0.0095032 0.011352 0.0121497 0.0103003 0.00857882 0.00827076 0.00814795 0.00789027 0.0079021 0.00842738 0.00820762 0.00805741 0.00797938 0.00817961 0.00815992 0.00861564 0.00884014 0.00923224 0.00863356 0.00817033 0.00802428 0.00793819 0.00836559 0.00831687 0.00899919 0.00871157 0.0086723 0.00863975 0.00826668 0.00802135 
0.00381343 0.00375234 0.00373289 0 0.00371193 0.00382136 0.00498928 0.00577269 0.8592 0.00924068 0.00808734 0.00783482 0.00612485 0.00623761 0.00888702 0.00773627 0.00926532 0.00826643 0.00881966 0.010164 0.0111391 0.0127583 0.00932944 0.0121653 0.00976511 0.00879046 0.00875899 0.0138978 0.00858707 0.00911681 0.00896817 0.00849898 0.00843725 0.00835129 0.0084008 0.0127153 0.0106648 0.0108221 0.0127836 0.00870677 0.00888249 0.00820046 0.00853723 0.0103035 0.0126424 0.0103323 0.0100091 0.00954619 0.00828298 0.00960062 0.00841335 0.0082687 0.00872094 0.00844838 0.00868963 0.0115979 0.0113912 0.00941532 0.00910546 0.00820471 0.00842646 0.00813569 0.00819679 0.00818609 0.00819301 0.00856349 0.00822797 0.00797149 0.0084203 0.00830648 0.00934205 0.00886415 0.00863969 0.00816925 0.00795884 0.00802171 0.00803472 0.00922873 0.00843598 0.00907847 0.0088055 0.00877121 0.00825305 0.00817184 
0.00544472 0.00387712 0.00374012 0.00371193 0 0.00377065 0.00430761 0.953697 0.00489433 0.0115969 0.00588737 0.00580563 0.00639354 0.00571464 0.00766322 0.0138645 0.00786128 0.00805249 0.00864214 0.00960497 0.00931281 0.00944734 0.0158146 0.00998722 0.0093812 0.00881435 0.00972956 0.00855421 0.00905893 0.00852882 0.00834458 0.00881369 0.0081701 0.00886346 0.0101607 0.00876698 0.00997187 0.0101634 0.00881083 0.00961402 0.00837521 0.00853773 0.00877112 0.00898012 0.00910272 0.00975933 0.00876962 0.00837117 0.00832466 0.00821829 0.00817299 0.00824949 0.00816188 0.00832944 0.00886581 0.00920868 0.00913925 0.00871221 0.0082874 0.00825422 0.00811573 0.00793706 0.00798072 0.00870796 0.00816867 0.00809358 0.00810651 0.00824245 0.00800492 0.00819446 0.00835453 0.00844193 0.00823618 0.00814334 0.0080033 0.00814435 0.00829546 0.0081566 0.00830852 0.00840073 0.00832417 0.00835415 0.00819911 0.00806224 
0.00562479 0.0037918 0.00372045 0.00382136 0.00377065 0 0.955049 0.00513726 0.00454442 0.0039334 0.00441578 0.00539028 0.00519564 0.00616794 0.0199322 0.00861246 0.00760382 0.00784865 0.00835417 0.00841483 0.00888031 0.00943046 0.0146383 0.0158378 0.0189722 0.00866974 0.00838702 0.0089812 0.00855241 0.00835577 0.00827124 0.00829006 0.00845074 0.0127586 0.00922897 0.00847323 0.0086898 0.00875157 0.00875961 0.00836464 0.00889741 0.0113197 0.00841184 0.00853466 0.00853848 0.00866 0.00850502 0.00840279 0.00814573 0.00825314 0.00805872 0.00808183 0.00833934 0.010052 0.00846623 0.0083577 0.00859348 0.00833895 0.00821644 0.00808424 0.00818402 0.00854914 0.00880654 0.00972214 0.00812346 0.00833836 0.00918348 0.00802279 0.00794115 0.00805931 0.00813625 0.0081488 0.00810259 0.00802899 0.0079801 0.00882447 0.0080318 0.00804388 0.00802522 0.00812344 0.00807118 0.00807707 0.00797811 0.00811054 
0.00486132 0.0051691 0.0044262 0.00498928 0.00430761 0.955049 0 0.00374999 0.00377085 0.00374647 0.00378646 0.00401927 0.00407279 0.00639069 0.00722795 0.00686199 0.00715128 0.00805484 0.00805623 0.00970563 0.0122827 0.75046 0.0172976 0.0399554 0.013326 0.00948758 0.00894674 0.011277 0.00850571 0.00879264 0.00868229 0.00900308 0.0148622 0.00959073 0.00899372 0.00965523 0.00964065 0.00978326 0.0100582 0.0100282 0.020954 0.0095019 0.00895296 0.00921657 0.0100546 0.00942466 0.00944128 0.0088095 0.00844639 0.00868532 0.00825919 0.00867236 0.0133226 0.0113746 0.00889855 0.00983981 0.00926811 0.00920147 0.00877518 0.00895991 0.013065 0.0093065 0.00993986 0.00910916 0.00872318 0.0141931 0.00845633 0.0079985 0.00827134 0.00820658 0.00872976 0.00871385 0.00865498 0.00850812 0.00922649 0.00841679 0.00814601 0.00849959 0.00834373 0.00870086 0.00866601 0.00835842 0.00856266 0.00910639 
0.00710489 0.00501176 0.0126859 0.00577269 0.953697 0.00513726 0.00374999 0 0.00371082 0.00369853 0.00372334 0.00389741 0.00421236 0.00415272 0.00591774 0.00724856 0.00687125 0.0075322 0.00890742 0.0105091 0.860892 0.020566 0.0242038 0.00938085 0.00997002 0.00953166 0.0133315 0.00863515 0.01107 0.00900391 0.00864641 0.0109059 0.00880655 0.00867169 0.0109712 0.00940648 0.0143258 0.0147932 0.0102817 0.0216834 0.00912742 0.00885433 0.0095785 0.0126878 0.0110068 0.0162575 0.00953076 0.00912379 0.0100698 0.00825958 0.00877001 0.00961032 0.00825645 0.0086854 0.0129971 0.0104589 0.0132124 0.0100695 0.00868205 0.0115604 0.00841254 0.00801234 0.00799789 0.00856175 0.00884394 0.00839119 0.00803501 0.00839964 0.00818961 0.00893643 0.00867376 0.00989493 0.0089173 0.00844586 0.00835694 0.00796513 0.00869661 0.00845505 0.00896426 0.00882486 0.00873786 0.00898277 0.00861877 0.00840834 
0.00610229 0.00874523 0.0091063 0.8592 0.00489433 0.00454442 0.00377085 0.00371082 0 0.00370149 0.00372098 0.0038477 0.00373385 0.00379672 0.00622989 0.00684433 0.00777176 0.00847559 0.0191743 0.890699 0.0140634 0.0256526 0.00929793 0.0101708 0.0101886 0.0110708 0.00945106 0.0256439 0.00907088 0.0114358 0.0123809 0.00867722 0.00868538 0.00878657 0.00903075 0.0212514 0.0172082 0.0199295 0.0495547 0.0129611 0.0112793 0.00871575 0.0110164 0.0178866 0.0346171 0.0203514 0.0219392 0.0215531 0.00928728 0.0148162 0.00985441 0.00871376 0.00932628 0.00962894 0.00996654 0.0335611 0.0240994 0.0171966 0.0241283 0.00866821 0.00878618 0.00812182 0.00817486 0.00850195 0.00860555 0.00898786 0.00838386 0.00822669 0.0108738 0.00888987 0.0160366 0.0104162 0.0122619 0.00894239 0.00813303 0.00825413 0.00832302 0.0109213 0.00943548 0.0106994 0.0104226 0.00969 0.00886576 0.00844966 
0.00884256 0.0738477 0.507461 0.00924068 0.0115969 0.0039334 0.00374647 0.00369853 0.00370149 0 0.00372752 0.00370126 0.00373622 0.00374351 0.00568988 0.00762303 0.00771459 0.0111243 0.87619 0.0166976 0.02315 0.0100718 0.0112054 0.00835887 0.00958117 0.0100327 0.017883 0.00896488 0.0141114 0.0106024 0.00908177 0.0091466 0.00835964 0.00856896 0.0107598 0.0115185 0.0261847 0.0366363 0.01608 0.0147527 0.00900859 0.0087856 0.0103443 0.0232739 0.0249322 0.0354468 0.0173146 0.0110783 0.0144782 0.00896554 0.0103911 0.00915205 0.00837937 0.00862046 0.0148659 0.020669 0.0280433 0.0229922 0.0106891 0.00938448 0.00833725 0.00794561 0.00794251 0.00868746 0.00859099 0.00837374 0.00813267 0.00859889 0.00866994 0.0112199 0.0106149 0.0147179 0.00963058 0.00867413 0.00820427 0.00808453 0.00879844 0.00895018 0.0115877 0.0100204 0.0104943 0.00958097 0.00857142 0.00840118 
0.18905 0.33307 0.02103 0.00808734 0.00588737 0.00441578 0.00378646 0.00372334 0.00372098 0.00372752 0 0.00370918 0.00373911 0.00371771 0.00544857 0.00963656 0.0137249 0.913614 0.0293313 0.0184097 0.00928747 0.0164872 0.00970088 0.00899619 0.0104896 0.0112532 0.0115899 0.0111227 0.0125784 0.0110462 0.0097568 0.0087791 0.00845238 0.00884562 0.0096319 0.0136234 0.0265322 0.0231441 0.0215149 0.0107778 0.00917722 0.00887104 0.0110626 0.018481 0.027445 0.0276856 0.0146048 0.0142004 0.0102976 0.00990468 0.00984792 0.00866704 0.00829188 0.0091624 0.0113579 0.0224891 0.0376067 0.0160617 0.0120201 0.00857228 0.00827528 0.0079413 0.00799503 0.00868873 0.00839813 0.00829386 0.00846861 0.00820986 0.00921061 0.00933467 0.0125378 0.0110486 0.00976452 0.00856176 0.00810067 0.00829221 0.00854745 0.0091961 0.00960774 0.0105444 0.00991849 0.00943151 0.00846381 0.00824527 
0.277186 0.0315924 0.0086334 0.00783482 0.00580563 0.00539028 0.00401927 0.00389741 0.0038477 0.00370126 0.00370918 0 0.00370434 0.00370699 0.00536977 0.010367 0.918622 0.00967451 0.00907598 0.00732923 0.00861134 0.00963763 0.00863198 0.00840698 0.0116899 0.00930364 0.00964406 0.0131333 0.00895937 0.00944216 0.00898671 0.00864014 0.00837271 0.00865318 0.00874887 0.0166721 0.0127597 0.0148349 0.0150674 0.00926202 0.00889346 0.00853141 0.00906005 0.0141471 0.0179439 0.0141811 0.0126195 0.0104495 0.00879343 0.00973682 0.00877783 0.00837851 0.00859007 0.00897374 0.00937728 0.0207391 0.0162039 0.0114796 0.0100084 0.00831685 0.00829732 0.00803488 0.00808422 0.0083936 0.0083088 0.00867951 0.00813238 0.00814295 0.00852356 0.00905802 0.00963377 0.00946444 0.00896485 0.00825321 0.00799787 0.00802939 0.0082272 0.00909988 0.0091619 0.00915782 0.00917867 0.00876795 0.0083198 0.00819893 
0.02777 0.00866554 0.00685157 0.00612485 0.00639354 0.00519564 0.00407279 0.00421236 0.00373385 0.00373622 0.00373911 0.00370434 0 0.00377664 0.00849324 0.944597 0.0077352 0.00908054 0.00652069 0.00676896 0.00710145 0.00880207 0.00918726 0.00782981 0.0101358 0.00927568 0.0100743 0.0087476 0.00895843 0.00864347 0.00844697 0.00879376 0.00827367 0.00906738 0.0139451 0.00918676 0.0106249 0.0107218 0.00947437 0.00973057 0.00849557 0.00873156 0.00946736 0.00965264 0.00950024 0.0113181 0.00968076 0.00871086 0.00852789 0.00853494 0.00838897 0.00847095 0.0082321 0.00881707 0.011207 0.00970821 0.00962097 0.00941984 0.00857842 0.00848616 0.00815708 0.00801907 0.00812821 0.00898841 0.00829729 0.00812297 0.00846337 0.00829737 0.00821094 0.00843556 0.00862005 0.008573 0.00845753 0.00829895 0.00803016 0.00831722 0.00838296 0.0085694 0.00865278 0.00865332 0.00850611 0.00843654 0.00826971 0.00807111 
0.026035 0.00698381 0.00636645 0.00623761 0.00571464 0.00616794 0.00639069 0.00415272 0.00379672 0.00374351 0.00371771 0.00370699 0.00377664 0 0.964142 0.00532831 0.00505844 0.00489538 0.00512933 0.00611816 0.00634237 0.00691899 0.0067752 0.00808669 0.0160797 0.00872211 0.008465 0.00869566 0.00874762 0.00839772 0.00828717 0.00834672 0.008446 0.0139246 0.00940053 0.00859758 0.00874358 0.00894751 0.00877662 0.00850114 0.00869643 0.0115588 0.00881838 0.00851179 0.00862535 0.00903215 0.00858549 0.00839844 0.00829527 0.00833031 0.00811733 0.00808526 0.00830864 0.0112254 0.00859215 0.00855033 0.00869811 0.00846721 0.00835798 0.0080861 0.00837499 0.00827049 0.00861876 0.00943373 0.00812366 0.00817703 0.0089667 0.00801434 0.00799451 0.00816618 0.00828978 0.00826824 0.00815844 0.0080976 0.00800857 0.00872956 0.0080919 0.00804852 0.00823643 0.00815215 0.00817123 0.00812395 0.00805851 0.00807023 
0.0087388 0.00821894 0.00770942 0.00888702 0.00766322 0.0199322 0.00722795 0.00591774 0.00622989 0.00568988 0.00544857 0.00536977 0.00849324 0.964142 0 0.00393976 0.00375524 0.00379298 0.00377881 0.00388693 0.00419961 0.00440351 0.00570272 0.0189547 0.016509 0.00908884 0.00872469 0.0102472 0.00852148 0.0086542 0.0086507 0.00889588 0.0176779 0.00919743 0.00889407 0.00953361 0.00895021 0.00899802 0.00927687 0.00931886 0.0218042 0.00883335 0.00861044 0.00877911 0.00917717 0.00882363 0.00877856 0.00866561 0.00827386 0.00895509 0.00818788 0.00866796 0.0158982 0.0100693 0.00846986 0.0089728 0.00868574 0.00856335 0.00850158 0.00864922 0.0120994 0.00914417 0.0102653 0.00845296 0.00847135 0.013086 0.00827488 0.00790389 0.0080791 0.00801723 0.00831465 0.00820504 0.00828775 0.00815264 0.00895504 0.00812121 0.00798532 0.00811606 0.00808503 0.00818588 0.00814663 0.00810554 0.00825437 0.00869216 
0.00847822 0.00814725 0.00866877 0.00773627 0.0138645 0.00861246 0.00686199 0.00724856 0.00684433 0.00762303 0.00963656 0.010367 0.944597 0.00532831 0.00393976 0 0.00383851 0.00369927 0.0037615 0.00380725 0.00406695 0.00474356 0.0141697 0.00576306 0.00990013 0.00897223 0.00961411 0.00861296 0.00888812 0.00865571 0.00840806 0.0103352 0.00884133 0.00860112 0.00916055 0.00898538 0.00965125 0.0103824 0.00927894 0.0109704 0.0088589 0.00841874 0.00884407 0.0100857 0.00959464 0.0101826 0.00925503 0.00854749 0.00874882 0.00832454 0.0085234 0.00885559 0.00858255 0.00834056 0.00942791 0.00921901 0.00980927 0.00885486 0.0083984 0.00877679 0.00837121 0.00798089 0.0080631 0.00813857 0.00856434 0.00836826 0.00799517 0.00805554 0.00805448 0.00836884 0.00838598 0.00857381 0.0082983 0.0083304 0.00833171 0.00794302 0.00813342 0.00814425 0.00832624 0.00835851 0.00833622 0.00829714 0.00853707 0.00824572 
0.00817661 0.00859077 0.00809972 0.00926532 0.00786128 0.00760382 0.00715128 0.00687125 0.00777176 0.00771459 0.0137249 0.918622 0.0077352 0.00505844 0.00375524 0.00383851 0 0.00372627 0.00371579 0.00375354 0.00373196 0.00475821 0.00382081 0.0040575 0.0098941 0.0093304 0.0092246 0.00937781 0.00882213 0.00880022 0.00980181 0.00871212 0.00832344 0.00846333 0.00856812 0.0106101 0.0113545 0.012065 0.0146048 0.00943222 0.00883752 0.00837571 0.00882761 0.0113509 0.0139809 0.0130066 0.0103049 0.0113925 0.00882135 0.00939126 0.00869253 0.00845044 0.00832399 0.00860866 0.00943569 0.0142798 0.0133194 0.0102987 0.00992673 0.00829127 0.00827324 0.00798308 0.00800578 0.00820115 0.00817798 0.00819797 0.00806045 0.00798141 0.00873266 0.00849407 0.00963926 0.00912821 0.00915292 0.00831248 0.00803126 0.00797303 0.00812662 0.00860036 0.00873818 0.00886897 0.00930903 0.00870598 0.0084606 0.00812305 
0.00850601 0.00842364 0.00923781 0.00826643 0.00805249 0.00784865 0.00805484 0.0075322 0.00847559 0.0111243 0.913614 0.00967451 0.00908054 0.00489538 0.00379298 0.00369927 0.00372627 0 0.00371422 0.00372063 0.00396178 0.0037148 0.00375534 0.00398393 0.0114357 0.00960374 0.00998893 0.009575 0.00956922 0.00949996 0.00918147 0.0086967 0.0083164 0.00865188 0.00925961 0.0102161 0.0139507 0.0160252 0.0125161 0.00985533 0.00887589 0.00862681 0.00923238 0.013738 0.0164107 0.0154532 0.0130689 0.0103139 0.00970824 0.00922874 0.00889865 0.00852165 0.00825353 0.00872753 0.00970467 0.0147973 0.0162001 0.0130746 0.00969479 0.00861338 0.00815941 0.00794185 0.00792661 0.00841294 0.00821857 0.00831675 0.00805146 0.00816253 0.00848237 0.00898926 0.00981472 0.00979044 0.0095267 0.00834204 0.00806027 0.0079653 0.008257 0.00868147 0.00903936 0.00962697 0.00935194 0.00948503 0.00849731 0.00830738 
0.0092052 0.00929764 0.00924386 0.00881966 0.00864214 0.00835417 0.00805623 0.00890742 0.0191743 0.87619 0.0293313 0.00907598 0.00652069 0.00512933 0.00377881 0.0037615 0.00371579 0.00371422 0 0.00372226 0.00370636 0.00368252 0.00369788 0.00389429 0.0155774 0.0121885 0.0128577 0.0103785 0.0111036 0.0104249 0.00898167 0.00906734 0.0084103 0.00889848 0.00942693 0.0150897 0.0169397 0.0223987 0.0178764 0.0112638 0.00936169 0.00888176 0.0102743 0.0201005 0.0214373 0.0254317 0.0147425 0.0139368 0.0113168 0.00964373 0.00927152 0.00894031 0.00841854 0.00903295 0.0119418 0.0205037 0.0271771 0.0169639 0.011853 0.00872611 0.0082334 0.00791024 0.00796195 0.00864517 0.00850387 0.00834088 0.00822648 0.00830633 0.00897929 0.0102775 0.0114184 0.0130277 0.0102296 0.00889117 0.00807692 0.00814762 0.00842844 0.0091618 0.0103144 0.0105776 0.0109042 0.00946644 0.00876503 0.00831806 
0.00904134 0.01088 0.0100571 0.010164 0.00960497 0.00841483 0.00970563 0.0105091 0.890699 0.0166976 0.0184097 0.00732923 0.00676896 0.00611816 0.00388693 0.00380725 0.00375354 0.00372063 0.00372226 0 0.0037079 0.00372686 0.00372815 0.00377385 0.0158668 0.0241175 0.0164535 0.0172198 0.0125496 0.0110162 0.0100594 0.00899511 0.0086019 0.0087794 0.0106734 0.0173832 0.0320401 0.0305038 0.037267 0.0133856 0.0102736 0.00917785 0.0154383 0.0295347 0.0540874 0.0388602 0.032017 0.021464 0.012949 0.0116492 0.011116 0.00939798 0.00859712 0.0101881 0.0148912 0.055391 0.0424412 0.0325194 0.0175726 0.00916435 0.00845818 0.00800601 0.00798663 0.00894032 0.00881826 0.00867734 0.00831224 0.00858945 0.0112735 0.0125389 0.0194858 0.0172222 0.0138483 0.00882865 0.00825591 0.00808158 0.00864473 0.0124233 0.0120954 0.0156879 0.0127908 0.0117626 0.00912379 0.00860846 
0.0100705 0.0107783 0.012814 0.0111391 0.00931281 0.00888031 0.0122827 0.860892 0.0140634 0.02315 0.00928747 0.00861134 0.00710145 0.00634237 0.00419961 0.00406695 0.00373196 0.00396178 0.00370636 0.0037079 0 0.00371349 0.00376184 0.00375354 0.0194285 0.0185 0.0438259 0.0184538 0.0134269 0.0137004 0.0113764 0.00987587 0.00887085 0.00915334 0.0112858 0.023307 0.0316499 0.0548538 0.0343752 0.0154399 0.0104061 0.0100162 0.01659 0.0492077 0.0655716 0.0618957 0.0328329 0.0215593 0.0155618 0.0123931 0.0128393 0.00969683 0.00876709 0.00995227 0.0252288 0.0530348 0.0684476 0.0350168 0.0188174 0.0101879 0.0087603 0.00810805 0.00806403 0.00920717 0.00928634 0.00910822 0.00877194 0.00980034 0.0124624 0.0155153 0.0213804 0.024 0.0155011 0.00958925 0.00823607 0.00873922 0.00967871 0.0128472 0.0161437 0.0175689 0.0158766 0.0131804 0.00952684 0.0085407 
0.00952557 0.0128492 0.0119627 0.0127583 0.00944734 0.00943046 0.75046 0.020566 0.0256526 0.0100718 0.0164872 0.00963763 0.00880207 0.00691899 0.00440351 0.00474356 0.00475821 0.0037148 0.00368252 0.00372686 0.00371349 0 0.00371687 0.00373647 0.0188386 0.0328256 0.0332532 0.0217123 0.0198246 0.0166311 0.0122196 0.0120009 0.010388 0.00906078 0.0118057 0.0228374 0.043896 0.0415989 0.0472415 0.0143878 0.0105118 0.00959963 0.0175026 0.0484421 0.0737716 0.0523736 0.0343788 0.0228547 0.0137621 0.0133763 0.0124922 0.00961081 0.00906762 0.012496 0.0205201 0.0626877 0.0557908 0.0352973 0.0219105 0.00960176 0.00898823 0.00810711 0.00813576 0.00924876 0.00939725 0.00924239 0.00873397 0.00954775 0.0133753 0.0147912 0.0224345 0.0214154 0.0163457 0.00930455 0.00841073 0.0084075 0.00952749 0.0128678 0.0150719 0.0171067 0.0149261 0.0132691 0.00967721 0.00884575 
0.0110349 0.0119264 0.0105046 0.00932944 0.0158146 0.0146383 0.0172976 0.0242038 0.00929793 0.0112054 0.00970088 0.00863198 0.00918726 0.0067752 0.00570272 0.0141697 0.00382081 0.00375534 0.00369788 0.00372815 0.00376184 0.00371687 0 0.00377408 0.0223964 0.0176595 0.018052 0.0114855 0.0113876 0.015117 0.00938906 0.0160671 0.00905661 0.00970618 0.0119705 0.0117089 0.0182615 0.0246 0.0133722 0.0252912 0.00908135 0.0103848 0.0149425 0.0189316 0.0210838 0.0294744 0.0151893 0.0104845 0.010553 0.00903392 0.00908512 0.0104754 0.00866414 0.00991107 0.0162346 0.01689 0.0213323 0.0154485 0.0107409 0.0112431 0.00876031 0.00816129 0.0081675 0.0096598 0.00971558 0.00855986 0.00884234 0.00901956 0.00870756 0.0103216 0.0108202 0.0112664 0.00948294 0.00908195 0.0082576 0.00858414 0.00919983 0.00924925 0.0102555 0.0107429 0.0102253 0.0095123 0.00892924 0.00839403 
0.016235 0.00891627 0.00874186 0.0121653 0.00998722 0.0158378 0.0399554 0.00938085 0.0101708 0.00835887 0.00899619 0.00840698 0.00782981 0.00808669 0.0189547 0.00576306 0.0040575 0.00398393 0.00389429 0.00377385 0.00375354 0.00373647 0.00377408 0 0.026633 0.0110231 0.0106448 0.0145191 0.00978832 0.00923757 0.0096763 0.0101676 0.0212218 0.0149112 0.0100227 0.0101641 0.0101549 0.0101869 0.0107997 0.00932528 0.0163318 0.0228083 0.00999929 0.0101604 0.0103338 0.0103205 0.010013 0.00937829 0.00862204 0.00894073 0.0084271 0.00852057 0.010499 0.0165043 0.00946363 0.00999082 0.0100271 0.00991106 0.00946159 0.00850936 0.00996403 0.0105389 0.0110363 0.0113458 0.00840283 0.00991449 0.0112052 0.00833033 0.00841184 0.00861613 0.00913382 0.00891188 0.00872811 0.00851302 0.00847552 0.0107752 0.00834775 0.00859839 0.00862753 0.00904058 0.00875611 0.00865798 0.00836351 0.009319 
0.00987523 0.00905897 0.008899 0.00976511 0.0093812 0.0189722 0.013326 0.00997002 0.0101886 0.00958117 0.0104896 0.0116899 0.0101358 0.0160797 0.016509 0.00990013 0.0098941 0.0114357 0.0155774 0.0158668 0.0194285 0.0188386 0.0223964 0.026633 0 0.00387408 0.00374643 0.00376882 0.00387192 0.00378732 0.00400438 0.0043813 0.0126906 0.00602235 0.00656418 0.00849563 0.00718967 0.0082644 0.00886321 0.0119775 0.550025 0.0210046 0.00965291 0.00997505 0.0103311 0.0102612 0.00970643 0.00941017 0.00935384 0.00943349 0.00907669 0.00945965 0.0281098 0.017106 0.0110167 0.0110503 0.0114679 0.0100723 0.00979518 0.0100458 0.0177605 0.0107589 0.0124439 0.00973339 0.00954989 0.0217981 0.00890048 0.00822252 0.00850901 0.00897378 0.00893093 0.00918013 0.00895883 0.00897601 0.0117081 0.00856188 0.00830688 0.00846414 0.00871425 0.00870536 0.0088146 0.00881195 0.0091124 0.0102168 
0.00846022 0.00928661 0.00886003 0.00879046 0.00881435 0.00866974 0.00948758 0.00953166 0.0110708 0.0100327 0.0112532 0.00930364 0.00927568 0.00872211 0.00908884 0.00897223 0.0093304 0.00960374 0.0121885 0.0241175 0.0185 0.0328256 0.0176595 0.0110231 0.00387408 0 0.00372345 0.00387481 0.0037253 0.00377976 0.00416431 0.0102651 0.00377179 0.00512285 0.00640715 0.00676023 0.00749142 0.00843429 0.00897798 0.0837861 0.168221 0.00866321 0.010732 0.0119413 0.0125951 0.0132839 0.0109079 0.00972108 0.00884354 0.00972203 0.00868292 0.00964147 0.00899071 0.0107994 0.0141717 0.017048 0.0150012 0.0122123 0.0108333 0.00956585 0.00968631 0.00817658 0.00830623 0.0086408 0.00947023 0.00868374 0.00838181 0.0083476 0.00896684 0.00904284 0.0106431 0.0111031 0.00961725 0.00926107 0.00834841 0.00821956 0.00824872 0.00932181 0.00953487 0.0100768 0.00989995 0.00915878 0.00967416 0.0084038 
0.00909455 0.00852099 0.0141017 0.00875899 0.00972956 0.00838702 0.00894674 0.0133315 0.00945106 0.017883 0.0115899 0.00964406 0.0100743 0.008465 0.00872469 0.00961411 0.0092246 0.00998893 0.0128577 0.0164535 0.0438259 0.0332532 0.018052 0.0106448 0.00374643 0.00372345 0 0.00371196 0.00370815 0.00376672 0.00385873 0.00387091 0.0039678 0.00511705 0.00664696 0.00675815 0.00736553 0.0110694 0.0292448 0.861289 0.00806753 0.0093331 0.00913322 0.0137362 0.0120938 0.0177284 0.010397 0.00961559 0.0116056 0.00864858 0.0113591 0.0101311 0.00831139 0.00943104 0.017919 0.0151265 0.0242496 0.0177668 0.0106837 0.0107934 0.00859967 0.0080997 0.00813721 0.0100577 0.00871604 0.00840235 0.00840334 0.00922258 0.00875845 0.0129367 0.0106409 0.0165637 0.0117907 0.00867907 0.0082268 0.00815984 0.00928619 0.00908205 0.0143591 0.0105822 0.0112205 0.0124825 0.00869298 0.00826062 
0.00857061 0.00988536 0.00870299 0.0138978 0.00855421 0.0089812 0.011277 0.00863515 0.0256439 0.00896488 0.0111227 0.0131333 0.0087476 0.00869566 0.0102472 0.00861296 0.00937781 0.009575 0.0103785 0.0172198 0.0184538 0.0217123 0.0114855 0.0145191 0.00376882 0.00387481 0.00371196 0 0.00375009 0.00375503 0.00393106 0.00376062 0.00400085 0.00455872 0.00558111 0.00724909 0.0067153 0.0435535 0.938105 0.00787358 0.00880269 0.00824998 0.00916272 0.0103236 0.0147068 0.0096427 0.0110959 0.0104707 0.00846354 0.0149183 0.011583 0.0085654 0.0105874 0.011131 0.00949759 0.0230545 0.0153993 0.0145792 0.0167381 0.00858961 0.00998255 0.0087434 0.00922576 0.00874139 0.00858629 0.010278 0.00882756 0.00822474 0.0130104 0.00894176 0.0139317 0.0102936 0.0110512 0.00862582 0.00822967 0.00831298 0.00821132 0.0149419 0.00916842 0.0106444 0.0128637 0.00931484 0.00870963 0.00844961 
0.0085548 0.00857656 0.0105632 0.00858707 0.00905893 0.00855241 0.00850571 0.01107 0.00907088 0.0141114 0.0125784 0.00895937 0.00895843 0.00874762 0.00852148 0.00888812 0.00882213 0.00956922 0.0111036 0.0125496 0.0134269 0.0198246 0.0113876 0.00978832 0.00387192 0.0037253 0.00370815 0.00375009 0 0.00372043 0.00375094 0.00376306 0.00427747 0.00425367 0.00573213 0.00577097 0.0280221 0.960083 0.0103316 0.00767507 0.0067633 0.008261 0.008571 0.0115688 0.00945464 0.0126903 0.0094092 0.00924327 0.0103244 0.0198087 0.00882593 0.00992992 0.00842717 0.00909559 0.0114828 0.0137755 0.0207469 0.0165752 0.00924926 0.00924512 0.00868341 0.00812527 0.00815092 0.0088572 0.00864699 0.00852258 0.00831993 0.00876394 0.00868049 0.010956 0.0111897 0.0131328 0.00985626 0.00854652 0.00822074 0.00805462 0.00876126 0.00884175 0.0112544 0.0114177 0.0101224 0.00981779 0.00860168 0.00827422 
0.00843831 0.00858688 0.00897804 0.00911681 0.00852882 0.00835577 0.00879264 0.00900391 0.0114358 0.0106024 0.0110462 0.00944216 0.00864347 0.00839772 0.0086542 0.00865571 0.00880022 0.00949996 0.0104249 0.0110162 0.0137004 0.0166311 0.015117 0.00923757 0.00378732 0.00377976 0.00376672 0.00375503 0.00372043 0 0.00372251 0.00370494 0.003749 0.00400353 0.00777519 0.0139265 0.975663 0.0206866 0.0070438 0.00629705 0.00610749 0.00781692 0.00870523 0.0098713 0.0110171 0.0103558 0.0102378 0.00972231 0.0093968 0.00887836 0.00882431 0.00863473 0.00854951 0.00899835 0.00999631 0.0278943 0.0165057 0.0133395 0.00976821 0.0088071 0.00863013 0.00811789 0.00816986 0.00869817 0.00863056 0.00845828 0.00840149 0.0081847 0.00911641 0.00993414 0.0104305 0.010617 0.00945118 0.00852924 0.0081317 0.00831307 0.00847057 0.00925299 0.0112332 0.0102837 0.0103117 0.00930692 0.00843533 0.0082241 
0.00818901 0.0086471 0.00879976 0.00896817 0.00834458 0.00827124 0.00868229 0.00864641 0.0123809 0.00908177 0.0097568 0.00898671 0.00844697 0.00828717 0.0086507 0.00840806 0.00980181 0.00918147 0.00898167 0.0100594 0.0113764 0.0122196 0.00938906 0.0096763 0.00400438 0.00416431 0.00385873 0.00393106 0.00375094 0.00372251 0 0.00372331 0.00370777 0.0060614 0.00812445 0.94867 0.0105013 0.0058229 0.00676257 0.00582206 0.0054975 0.0073714 0.00798403 0.00933314 0.00934216 0.00921336 0.0097721 0.00907902 0.00833352 0.00931792 0.00907713 0.00894849 0.00826359 0.00899442 0.0202778 0.013834 0.0109692 0.0102095 0.00935853 0.00856497 0.00843648 0.00812542 0.00818763 0.00859554 0.00827653 0.00853743 0.00834763 0.00822629 0.00884292 0.00875866 0.00965179 0.00919316 0.00926273 0.00831684 0.00805318 0.00809651 0.00811384 0.0102907 0.0088257 0.00956094 0.00905265 0.00902005 0.00825385 0.0082136 
0.00848594 0.00860059 0.00883094 0.00849898 0.00881369 0.00829006 0.00900308 0.0109059 0.00867722 0.0091466 0.0087791 0.00864014 0.00879376 0.00834672 0.00889588 0.0103352 0.00871212 0.0086967 0.00906734 0.00899511 0.00987587 0.0120009 0.0160671 0.0101676 0.0043813 0.0102651 0.00387091 0.00376062 0.00376306 0.00370494 0.00372331 0 0.0038008 0.00573145 0.975699 0.00628753 0.0059019 0.00531327 0.00583637 0.00559769 0.0052445 0.00859623 0.00888398 0.00902524 0.00868332 0.00978432 0.0104839 0.00830289 0.00894578 0.00834938 0.00941631 0.00879816 0.00818408 0.0115518 0.0108073 0.00949501 0.0101158 0.0100215 0.008956 0.0091302 0.00851165 0.00822702 0.00830788 0.00908917 0.00914406 0.00848018 0.00851475 0.0086337 0.00819321 0.00859447 0.00865594 0.00893033 0.00850462 0.00857946 0.00808421 0.00819615 0.00910775 0.00830185 0.00880419 0.00853967 0.00857482 0.00843456 0.00853369 0.00812242 
0.00942574 0.0082986 0.00820821 0.00843725 0.0081701 0.00845074 0.0148622 0.00880655 0.00868538 0.00835964 0.00845238 0.00837271 0.00827367 0.008446 0.0176779 0.00884133 0.00832344 0.0083164 0.0084103 0.0086019 0.00887085 0.010388 0.00905661 0.0212218 0.0126906 0.00377179 0.0039678 0.00400085 0.00427747 0.003749 0.00370777 0.0038008 0 0.995748 0.0046468 0.00399944 0.00387603 0.00406377 0.00451056 0.00501066 0.00557394 0.0107468 0.00835946 0.00850855 0.00839511 0.00870828 0.00831463 0.00836006 0.00813643 0.0107312 0.00802579 0.00809312 0.00850278 0.0135848 0.00914539 0.00902744 0.00906773 0.0091948 0.00868242 0.00842794 0.00881251 0.00930719 0.0098314 0.0109796 0.0082646 0.00906825 0.0115928 0.00807193 0.00814355 0.00813408 0.00851974 0.00844033 0.00837328 0.00815824 0.00810209 0.0107806 0.00807476 0.0081678 0.00813824 0.00834367 0.00824196 0.00818723 0.00808216 0.00817256 
0.00843383 0.00833795 0.00838514 0.00835129 0.00886346 0.0127586 0.00959073 0.00867169 0.00878657 0.00856896 0.00884562 0.00865318 0.00906738 0.0139246 0.00919743 0.00860112 0.00846333 0.00865188 0.00889848 0.0087794 0.00915334 0.00906078 0.00970618 0.0149112 0.00602235 0.00512285 0.00511705 0.00455872 0.00425367 0.00400353 0.0060614 0.00573145 0.995748 0 0.00385943 0.00373656 0.00374788 0.00378304 0.00381304 0.00404488 0.00527137 0.00693578 0.00680663 0.00764171 0.00841363 0.00826935 0.00852882 0.0140284 0.153395 0.0101615 0.00848896 0.00891295 0.0139222 0.0124036 0.00979106 0.0095697 0.00941796 0.00916729 0.00887894 0.00946436 0.0463563 0.00939779 0.0111896 0.00933096 0.00914337 0.0139872 0.00876558 0.00823054 0.00848376 0.00847911 0.00882504 0.0085871 0.00882348 0.00871067 0.0105227 0.00831454 0.00819852 0.00836527 0.00826464 0.00850169 0.00832514 0.00846527 0.00934249 0.00974155 
0.00860458 0.0084744 0.00948144 0.0084008 0.0101607 0.00922897 0.00899372 0.0109712 0.00903075 0.0107598 0.0096319 0.00874887 0.0139451 0.00940053 0.00889407 0.00916055 0.00856812 0.00925961 0.00942693 0.0106734 0.0112858 0.0118057 0.0119705 0.0100227 0.00656418 0.00640715 0.00664696 0.00558111 0.00573213 0.00777519 0.00812445 0.975699 0.0046468 0.00385943 0 0.00372631 0.00371634 0.00372098 0.00373747 0.00487961 0.00389872 0.0079795 0.00773575 0.00902769 0.00898092 0.0116482 0.0146514 0.234023 0.0146639 0.00854322 0.00909165 0.0129575 0.00901879 0.0108998 0.0196327 0.0115815 0.0120918 0.0113113 0.00934956 0.0170222 0.00960516 0.00853472 0.00868067 0.00991878 0.0101738 0.00932859 0.00894501 0.00920044 0.00856634 0.00983469 0.00994644 0.0120229 0.00968305 0.0102458 0.00897981 0.00823246 0.00909676 0.00863122 0.0108933 0.00934772 0.00931224 0.0116931 0.00946936 0.00873022 
0.00847384 0.010247 0.00948549 0.0127153 0.00876698 0.00847323 0.00965523 0.00940648 0.0212514 0.0115185 0.0136234 0.0166721 0.00918676 0.00859758 0.00953361 0.00898538 0.0106101 0.0102161 0.0150897 0.0173832 0.023307 0.0228374 0.0117089 0.0101641 0.00849563 0.00676023 0.00675815 0.00724909 0.00577097 0.0139265 0.94867 0.00628753 0.00399944 0.00373656 0.00372631 0 0.00373699 0.00370503 0.00374434 0.00368869 0.00400387 0.0064489 0.00796235 0.00848058 0.0131801 0.0162863 0.67087 0.0203017 0.00868956 0.0110994 0.0105361 0.00887721 0.00926712 0.0107253 0.0132821 0.031988 0.0232372 0.0191851 0.0241167 0.00933724 0.00953969 0.00876306 0.00896943 0.00978075 0.0091994 0.0100864 0.0098141 0.00899361 0.0136474 0.0121918 0.0244406 0.0196737 0.0209338 0.00954114 0.00869316 0.00870758 0.00886092 0.0174548 0.014154 0.0188221 0.0239856 0.0137733 0.00996261 0.0088196 
0.00903418 0.00999318 0.0137809 0.0106648 0.00997187 0.0086898 0.00964065 0.0143258 0.0172082 0.0261847 0.0265322 0.0127597 0.0106249 0.00874358 0.00895021 0.00965125 0.0113545 0.0139507 0.0169397 0.0320401 0.0316499 0.043896 0.0182615 0.0101549 0.00718967 0.00749142 0.00736553 0.0067153 0.0280221 0.975663 0.0105013 0.0059019 0.00387603 0.00374788 0.00371634 0.00373699 0 0.00371194 0.00374834 0.00371831 0.00375991 0.00747334 0.00717639 0.0139333 0.013978 0.762166 0.0166029 0.0116482 0.0136228 0.0107551 0.0105263 0.0110302 0.0085908 0.0107625 0.0177398 0.0360272 0.0479628 0.0471559 0.0166865 0.0125524 0.0092544 0.00846574 0.00837491 0.0100377 0.010602 0.00935363 0.00914398 0.010693 0.0147929 0.0227331 0.0359815 0.0445768 0.0268901 0.0118226 0.00897434 0.00882252 0.0114504 0.0196018 0.0324324 0.0463054 0.0326537 0.027992 0.0116311 0.0089757 
0.00873889 0.0101585 0.0144141 0.0108221 0.0101634 0.00875157 0.00978326 0.0147932 0.0199295 0.0366363 0.0231441 0.0148349 0.0107218 0.00894751 0.00899802 0.0103824 0.012065 0.0160252 0.0223987 0.0305038 0.0548538 0.0415989 0.0246 0.0101869 0.0082644 0.00843429 0.0110694 0.0435535 0.960083 0.0206866 0.0058229 0.00531327 0.00406377 0.00378304 0.00372098 0.00370503 0.00371194 0 0.0037315 0.00368638 0.00376871 0.00690276 0.0104637 0.0160165 0.848843 0.0320344 0.0150187 0.0127495 0.013971 0.0129257 0.0108313 0.0101554 0.00869053 0.0112484 0.0190595 0.0458267 0.089237 0.0417883 0.0195481 0.0135219 0.0100116 0.0084253 0.00847158 0.0104287 0.0115175 0.00963155 0.00945092 0.0119801 0.0157692 0.0321289 0.0382158 0.0509096 0.0285299 0.0131814 0.00936902 0.00917526 0.0136799 0.0190825 0.0517517 0.0410895 0.041939 0.0271669 0.0151951 0.010534 
0.00850798 0.0112254 0.010156 0.0127836 0.00881083 0.00875961 0.0100582 0.0102817 0.0495547 0.01608 0.0215149 0.0150674 0.00947437 0.00877662 0.00927687 0.00927894 0.0146048 0.0125161 0.0178764 0.037267 0.0343752 0.0472415 0.0133722 0.0107997 0.00886321 0.00897798 0.0292448 0.938105 0.0103316 0.0070438 0.00676257 0.00583637 0.00451056 0.00381304 0.00373747 0.00374434 0.00374834 0.0037315 0 0.00372885 0.00370822 0.00823284 0.0132056 0.904841 0.0229786 0.0170407 0.0162971 0.0157221 0.00853998 0.0125319 0.0108708 0.00884399 0.0102036 0.0114445 0.0153049 0.0898488 0.0404978 0.0301571 0.0301485 0.0108603 0.00990682 0.00848417 0.00852414 0.0102654 0.0100043 0.0108965 0.00967543 0.0103423 0.0222018 0.0168477 0.0428033 0.0302582 0.0310371 0.0121117 0.00897161 0.00906713 0.00968618 0.0507861 0.0218184 0.045437 0.0304476 0.0283936 0.0116797 0.00949989 
0.00874781 0.00918392 0.00961776 0.00870677 0.00961402 0.00836464 0.0100282 0.0216834 0.0129611 0.0147527 0.0107778 0.00926202 0.00973057 0.00850114 0.00931886 0.0109704 0.00943222 0.00985533 0.0112638 0.0133856 0.0154399 0.0143878 0.0252912 0.00932528 0.0119775 0.0837861 0.861289 0.00787358 0.00767507 0.00629705 0.00582206 0.00559769 0.00501066 0.00404488 0.00487961 0.00368869 0.00371831 0.00368638 0.00372885 0 0.00370935 0.00971335 0.861195 0.0108612 0.0104949 0.0109284 0.0122166 0.00770636 0.0106525 0.00771699 0.00824083 0.0105383 0.00827408 0.010154 0.0624283 0.0150908 0.01973 0.0159386 0.0115093 0.0145958 0.00923815 0.00864528 0.00897095 0.0111442 0.0152751 0.00898302 0.00939777 0.013902 0.00989044 0.0123673 0.0132494 0.0164813 0.011341 0.0113941 0.00879275 0.00899085 0.0180965 0.0101299 0.0159194 0.0156573 0.014042 0.0119491 0.0134092 0.00902031 
0.00995844 0.0087771 0.00839401 0.00888249 0.00837521 0.00889741 0.020954 0.00912742 0.0112793 0.00900859 0.00917722 0.00889346 0.00849557 0.00869643 0.0218042 0.0088589 0.00883752 0.00887589 0.00936169 0.0102736 0.0104061 0.0105118 0.00908135 0.0163318 0.550025 0.168221 0.00806753 0.00880269 0.0067633 0.00610749 0.0054975 0.0052445 0.00557394 0.00527137 0.00389872 0.00400387 0.00375991 0.00376871 0.00370822 0.00370935 0 0.802732 0.00854953 0.00747486 0.00856945 0.012344 0.0085034 0.00903714 0.00727212 0.00877986 0.00733396 0.00737308 0.0100983 0.0500351 0.0102178 0.0127648 0.0110498 0.0110778 0.010517 0.00884675 0.011297 0.0129114 0.0128605 0.0153672 0.00912235 0.0127115 0.0193729 0.00898087 0.00947403 0.00929164 0.0102154 0.00983419 0.00977111 0.00917103 0.00947227 0.0200709 0.00912803 0.0105596 0.00931445 0.0104505 0.0104458 0.00972477 0.00898722 0.0108407 
0.00844707 0.00818112 0.00821079 0.00820046 0.00853773 0.0113197 0.0095019 0.00885433 0.00871575 0.0087856 0.00887104 0.00853141 0.00873156 0.0115588 0.00883335 0.00841874 0.00837571 0.00862681 0.00888176 0.00917785 0.0100162 0.00959963 0.0103848 0.0228083 0.0210046 0.00866321 0.0093331 0.00824998 0.008261 0.00781692 0.0073714 0.00859623 0.0107468 0.00693578 0.0079795 0.0064489 0.00747334 0.00690276 0.00823284 0.00971335 0.802732 0 0.00382786 0.00370645 0.00371448 0.00375965 0.00383197 0.00376854 0.00399776 0.00427792 0.0051647 0.00568236 0.0138556 0.0103882 0.010432 0.00962411 0.0107558 0.00927963 0.00883452 0.0112285 0.0171345 0.00988744 0.012931 0.0155309 0.0107479 0.0176575 0.0109873 0.00920524 0.00918257 0.00997015 0.0108059 0.00999509 0.00990018 0.00960427 0.0144142 0.00956525 0.00949077 0.00894304 0.00934806 0.00959197 0.00926717 0.00944069 0.00992701 0.0170731 
0.00822139 0.00870031 0.00875206 0.00853723 0.00877112 0.00841184 0.00895296 0.0095785 0.0110164 0.0103443 0.0110626 0.00906005 0.00946736 0.00881838 0.00861044 0.00884407 0.00882761 0.00923238 0.0102743 0.0154383 0.01659 0.0175026 0.0149425 0.00999929 0.00965291 0.010732 0.00913322 0.00916272 0.008571 0.00870523 0.00798403 0.00888398 0.00835946 0.00680663 0.00773575 0.00796235 0.00717639 0.0104637 0.0132056 0.861195 0.00854953 0.00382786 0 0.00373067 0.00374412 0.00373462 0.00374553 0.00377171 0.00382045 0.00446037 0.004601 0.00683537 0.00572327 0.00844897 0.0120705 0.0160842 0.0109 0.0150371 0.0104497 0.0182968 0.00961854 0.00875312 0.00919833 0.0104002 0.0169049 0.00989677 0.00946083 0.0100246 0.0123862 0.012645 0.0162958 0.0195781 0.0137037 0.0142833 0.00902882 0.00903417 0.0102508 0.012737 0.0137828 0.0164741 0.0151448 0.0145544 0.0213632 0.00906636 
0.00848036 0.00934935 0.0112909 0.0103035 0.00898012 0.00853466 0.00921657 0.0126878 0.0178866 0.0232739 0.018481 0.0141471 0.00965264 0.00851179 0.00877911 0.0100857 0.0113509 0.013738 0.0201005 0.0295347 0.0492077 0.0484421 0.0189316 0.0101604 0.00997505 0.0119413 0.0137362 0.0103236 0.0115688 0.0098713 0.00933314 0.00902524 0.00850855 0.00764171 0.00902769 0.00848058 0.0139333 0.0160165 0.904841 0.0108612 0.00747486 0.00370645 0.00373067 0 0.00370747 0.00370662 0.00372835 0.00378561 0.00463547 0.00377013 0.00874217 0.00484462 0.00531829 0.00838483 0.0142921 0.0152798 0.0323733 0.0149744 0.0271115 0.0117142 0.00975127 0.00824301 0.00908909 0.0125347 0.0119535 0.010101 0.0100077 0.0124407 0.0163197 0.027873 0.0367446 0.0494304 0.0339093 0.0117887 0.00979911 0.00977028 0.0151615 0.0206615 0.045668 0.0331207 0.0363064 0.0372783 0.0126741 0.00985427 
