1LVMA
GHHHHHHHGESLFKGPRDYNPISSTICHLTNESDGHTTSLYGIGFGPFIITNKHLFRRNNGTLLVQSLHGVFKVKNTTTLQQHLIDGRDMIIIRMPKDFPPFPQKLKFREPQREERICLVTTNFQTKSMSSMVSDTSCTFPSSDGIFWKHWIQTKDGQCGSPLVSTRDGFIVGIHSASNFTNTNNYFTSVPKNFMELLTNQEAQQWVSGWRLNADSVLWGGHKVFMDKP
CCCCCCCCHHHCECCCECCHHHHCCEEEEEEEECCEEEEEEEEEECCEEEECHHHHHCCCCEEEEEECCEEEEECCHHHCEEEECCCCCCEEEECCCCCCCCCCCCCECCCCCCCEEEEEEEECCCCCCEEEECCCEECEEECCCCEEEECECCCCCCCCCEEEECCCCCEEEEEEEEECCCCCEEEEECCCCHHHHHHCHHHCCEEECCCCCCCEEEECCEEEECCCC
0 0 0 0 0 0 0 0 0 0 0 0 0 0 0 0 0 0 0 0 0 0 0 0 0 0 0 0 0 0 0 0 0 0 0 0 0 0 0 0 0 0 0 0 0 0 0 0 0 0 0 0 0 0 0 0 0 0 0 0 0 0 0 0 0 0 0 0 0 0 0 0 0 0 0 0 0 0 0 0 0 0 0 0 0 0 0 0 0 0 0 0 0 0 0 0 0 0 0 0 0 0 0 0 0 0 0 0 0 0 0 0 0 0 0 0 0 0 0 0 0 0 0 0 0 0 0 0 0 0 0 0 0 0 0 0 0 0 0 0 0 0 0 0 0 0 0 0 0 0 0 0 0 0 0 0 0 0 0 0 0 0 0 0 0 0 0 0 0 0 0 0 0 0 0 0 0 0 0 0 0 0 0 0 0 0 0 0 0 0 0 0 0 0 0 0 0 0 0 0 0 0 0 0 0 0 0 0 0 0 0 0 0 0 0 0 0 0 0 0 0 0 0 0 0 0 0 0 0 
0 0 0 0 0 0 0 0 0 0 0 0 0 0 0 0 0 0 0 0 0 0 0 0 0 0 0 0 0 0 0 0 0 0 0 0 0 0 0 0 0 0 0 0 0 0 0 0 0 0 0 0 0 0 0 0 0 0 0 0 0 0 0 0 0 0 0 0 0 0 0 0 0 0 0 0 0 0 0 0 0 0 0 0 0 0 0 0 0 0 0 0 0 0 0 0 0 0 0 0 0 0 0 0 0 0 0 0 0 0 0 0 0 0 0 0 0 0 0 0 0 0 0 0 0 0 0 0 0 0 0 0 0 0 0 0 0 0 0 0 0 0 0 0 0 0 0 0 0 0 0 0 0 0 0 0 0 0 0 0 0 0 0 0 0 0 0 0 0 0 0 0 0 0 0 0 0 0 0 0 0 0 0 0 0 0 0 0 0 0 0 0 0 0 0 0 0 0 0 0 0 0 0 0 0 0 0 0 0 0 0 0 0 0 0 0 0 0 0 0 0 0 0 0 0 0 0 0 0 
0 0.324184 0.00964684 0.0109758 0.00834094 0.00830934 0.0082745 0.0089342 0.008337 0.0172935 0.0100557 0.00834749 0.00975767 0.00851951 0.00908347 0.0094945 0.00952619 0.00953833 0.00968943 0.0301814 0.0150489 0.010289 0.0123822 0.0262005 0.0105402 0.0100982 0.00884026 0.00991265 0.00954139 0.015743 0.00999657 0.00816746 0.00874833 0.00985245 0.0241734 0.00988125 0.00851775 0.00866551 0.0116871 0.0108098 0.00867851 0.00951565 0.0112624 0.0222837 0.00855381 0.00830301 0.00811069 0.00817292 0.00812124 0.00808691 0.00852772 0.00954077 0.00847084 0.00810884 0.0084515 0.00999598 0.00862731 0.00822143 0.00798832 0.00799581 0.00924523 0.00821887 0.00795775 0.00791347 0.00822456 0.0111429 0.00809321 0.00806807 0.00832254 0.00961883 0.00837609 0.00801883 0.00804779 0.00793788 0.00795774 0.00791676 0.00798677 0.00808063 0.00878949 0.00822932 0.00795649 0.00790263 0.00810807 0.00884303 0.00817327 0.00793977 0.00816789 0.00822316 0.0080624 0.00799115 0.00848589 0.00854719 0.00798287 0.00814862 0.0084642 
0.324184 0 0.0944593 0.0121389 0.0169139 0.00609392 0.00675762 0.00655387 0.00760034 0.00855526 0.00968697 0.00791588 0.00763999 0.00790232 0.0080004 0.00872616 0.0085534 0.00837624 0.0211985 0.0156446 0.0160355 0.00948801 0.00992921 0.0176368 0.0141582 0.00905848 0.00872887 0.00843622 0.00907488 0.010982 0.00969942 0.00830715 0.00835579 0.00926445 0.0115875 0.0102834 0.00817309 0.0081894 0.00993045 0.0108859 0.00838732 0.0083711 0.0102151 0.0150278 0.00891496 0.00816639 0.00808483 0.0080444 0.00802421 0.00805077 0.00815791 0.00869221 0.00868297 0.00791291 0.00800758 0.00853822 0.00863854 0.00802246 0.0078958 0.00797718 0.00815474 0.00830771 0.00791325 0.00788669 0.00792224 0.00830935 0.00819956 0.00796965 0.00796119 0.00877764 0.0083006 0.0079774 0.00800017 0.0079854 0.0079342 0.00794495 0.00793276 0.00794076 0.00837172 0.00816418 0.00795097 0.00793443 0.00793935 0.00838011 0.00801347 0.00791426 0.00794872 0.00827373 0.00797552 0.00790686 0.00813628 0.00814109 0.0079754 0.00793983 0.00841422 
0.00964684 0.0944593 0 0.00379576 0.00377137 0.00374187 0.00377588 0.00378799 0.00455579 0.00551359 0.00522899 0.00604647 0.0060984 0.00713743 0.00691776 0.00870961 0.0116427 0.75131 0.0244426 0.0421486 0.0181282 0.0151308 0.0142375 0.0426947 0.0138671 0.0101566 0.0114617 0.0102496 0.0116419 0.0191489 0.0107002 0.00971419 0.010052 0.0123744 0.0213228 0.011811 0.00968981 0.0107072 0.0169832 0.0234325 0.0127807 0.0114535 0.0214957 0.0109258 0.00919488 0.010316 0.0108078 0.0103484 0.0100074 0.0098149 0.0110109 0.0105592 0.00860151 0.00878041 0.00876675 0.0105101 0.00831838 0.00858756 0.00821406 0.00814798 0.0089129 0.00859774 0.00843797 0.00840874 0.0088231 0.00868905 0.00825808 0.0085293 0.00870752 0.0123404 0.00886851 0.00837437 0.00895801 0.00849359 0.00834177 0.00853236 0.00825781 0.00846264 0.00850252 0.00806019 0.00818813 0.0085398 0.00823339 0.00935699 0.00794778 0.00791795 0.00802511 0.00809243 0.00813883 0.00805315 0.00822889 0.00805843 0.00807565 0.00816343 0.00840938 
0.0109758 0.0121389 0.00379576 0 0.00374775 0.00374005 0.00375549 0.0038739 0.00398812 0.003904 0.00488989 0.00576505 0.00700399 0.00696736 0.0101213 0.0110437 0.873751 0.026135 0.0204366 0.0124477 0.019612 0.0293676 0.030343 0.0131891 0.00990814 0.0285736 0.0103692 0.0268032 0.0122813 0.0119455 0.0102643 0.0112275 0.0166578 0.0142329 0.012868 0.00913347 0.0181436 0.0140295 0.0103989 0.0266076 0.0275535 0.0314434 0.0103366 0.00894584 0.00864448 0.0158348 0.0190976 0.0227206 0.0191211 0.0162492 0.0123315 0.00868629 0.00851224 0.0109999 0.0110588 0.00907648 0.00859314 0.00846352 0.00812706 0.00836131 0.00809188 0.00848384 0.00994701 0.00929015 0.00899382 0.00833877 0.00841335 0.00983039 0.00949624 0.00864162 0.00875685 0.00988515 0.0105849 0.00984828 0.00911951 0.00941262 0.0089285 0.00876122 0.00825484 0.00815865 0.00854477 0.00882841 0.00902822 0.00871622 0.0080032 0.00805377 0.00801631 0.00803234 0.00849671 0.00831801 0.00826004 0.00817712 0.00822459 0.0084112 0.00814007 
0.00834094 0.0169139 0.00377137 0.00374775 0 0.00372375 0.00371515 0.00372659 0.00375741 0.00373991 0.00464637 0.00632793 0.00575694 0.0117588 0.00864637 0.9146 0.0317208 0.021006 0.0189846 0.0112844 0.0120413 0.0332866 0.021104 0.012552 0.0150635 0.0104701 0.0788278 0.0112565 0.0358184 0.0094052 0.00929851 0.0188875 0.0128771 0.0311382 0.00933611 0.0125922 0.010742 0.0206405 0.0100006 0.0174332 0.0569535 0.0145258 0.017287 0.00831764 0.0102364 0.0113485 0.0409605 0.044048 0.029399 0.0281115 0.0112623 0.00919202 0.00883803 0.0113319 0.012289 0.00939888 0.00839304 0.00838679 0.00849379 0.00817884 0.00811073 0.00885517 0.00928519 0.0105615 0.00985937 0.00817981 0.00857181 0.0098161 0.00983165 0.00900993 0.00867311 0.00937296 0.0169739 0.00986007 0.0108435 0.0104359 0.00950364 0.00927214 0.00833561 0.00820752 0.0086199 0.00957417 0.00889444 0.00876114 0.00804981 0.00811016 0.00801274 0.00816505 0.00830662 0.00873042 0.00831934 0.00814455 0.00847435 0.00837795 0.00815614 
0.00830934 0.00609392 0.00374187 0.00374005 0.00372375 0 0.00371295 0.00371393 0.00373943 0.00382799 0.00420033 0.00468134 0.00767251 0.0161531 0.947469 0.0172034 0.0190835 0.0144414 0.00851177 0.0189828 0.010933 0.0151632 0.0268061 0.0113558 0.00891032 0.0410651 0.00981966 0.124394 0.00913863 0.0104762 0.0105128 0.00957497 0.0469758 0.00981356 0.0149749 0.00883824 0.0291161 0.0105484 0.00972404 0.0196428 0.0178863 0.0379739 0.00920823 0.00863283 0.00836144 0.0194114 0.0221538 0.0392727 0.0394976 0.0174001 0.0132756 0.00876192 0.00858199 0.0106878 0.0115613 0.00921758 0.00832952 0.00841908 0.00817675 0.00810088 0.00815076 0.00859336 0.0104918 0.00880054 0.00949654 0.00820547 0.00835733 0.00929839 0.00968017 0.00858503 0.00875637 0.0102211 0.011318 0.0118666 0.00938419 0.00985173 0.0103153 0.00870519 0.00832667 0.00810109 0.00857269 0.00931496 0.00894489 0.00859116 0.00804748 0.00801398 0.00804415 0.0080582 0.00850033 0.00852167 0.00837913 0.0084377 0.00811665 0.00839952 0.00817608 
0.0082745 0.00675762 0.00377588 0.00375549 0.00371515 0.00371295 0 0.0037178 0.003722 0.00376194 0.0040623 0.00726889 0.00623491 0.974204 0.00787924 0.0099008 0.0119096 0.00836502 0.0122606 0.00805891 0.0100618 0.0148363 0.0120108 0.0110279 0.011997 0.00990693 0.0765387 0.00911447 0.0199069 0.00874015 0.00890162 0.0147616 0.00962195 0.0199725 0.00892926 0.0124614 0.00910933 0.0113108 0.00994622 0.0118371 0.0234528 0.0102676 0.0150464 0.0082104 0.00904086 0.00915849 0.024122 0.026317 0.0144055 0.0158796 0.00947374 0.00868829 0.00834493 0.00978105 0.00969683 0.00857194 0.00808899 0.00819187 0.00808114 0.00806437 0.00800579 0.00842388 0.00849241 0.00892121 0.00872715 0.00803823 0.00823713 0.00891299 0.00880198 0.00832771 0.00842058 0.00874525 0.0110764 0.00892451 0.00911713 0.00895027 0.00857527 0.00849099 0.00803396 0.00801668 0.00841086 0.00863074 0.0084533 0.00825456 0.0079673 0.00806191 0.00795055 0.00811812 0.00820962 0.00827491 0.00815404 0.00801921 0.00822246 0.00821973 0.00801862 
0.0089342 0.00655387 0.00378799 0.0038739 0.00372659 0.00371393 0.0037178 0 0.0037282 0.00371159 0.00559241 0.00430657 0.972063 0.00547924 0.0130189 0.00761912 0.00801315 0.010758 0.00753329 0.00947712 0.0094327 0.011457 0.014485 0.0100455 0.0087901 0.0502848 0.00923217 0.0258281 0.00877407 0.0099392 0.0101311 0.00884115 0.0174786 0.00922882 0.0116431 0.00861163 0.0148768 0.00972197 0.00901471 0.0121766 0.0117363 0.0177373 0.00884943 0.00837447 0.00822499 0.0115871 0.0142166 0.0157732 0.0156984 0.0110955 0.00942828 0.00831307 0.00820998 0.00922947 0.00903477 0.00870053 0.00820522 0.00819242 0.00799988 0.00803158 0.00800632 0.00820121 0.00887485 0.00824526 0.00874239 0.00808494 0.00814575 0.00865944 0.00858214 0.00830971 0.00822861 0.0088974 0.00929535 0.00898139 0.00844667 0.00851317 0.00854988 0.00828426 0.0080746 0.00800662 0.00824046 0.00847699 0.00838291 0.00815392 0.00794678 0.00795533 0.00802596 0.0079725 0.00836836 0.00813096 0.00811338 0.00816469 0.00805147 0.00828673 0.00803435 
0.008337 0.00760034 0.00455579 0.00398812 0.00375741 0.00373943 0.003722 0.0037282 0 0.00370597 0.00423721 0.9861 0.00419483 0.0068096 0.00488138 0.00600592 0.00664675 0.00609866 0.00802334 0.0077736 0.0103321 0.0171107 0.0100606 0.00804798 0.0279815 0.0096018 0.0137515 0.00892033 0.0157244 0.00843275 0.00870805 0.0113515 0.00877897 0.0132261 0.00846164 0.0105285 0.00890095 0.00945689 0.00897095 0.00992023 0.0129083 0.00943254 0.00988832 0.00815972 0.0092088 0.00858155 0.00912042 0.0101481 0.00908701 0.00882061 0.00881161 0.00826609 0.00832845 0.00838795 0.00927665 0.0083344 0.00804273 0.00812891 0.00790353 0.00801482 0.00796945 0.00817447 0.00825772 0.00838187 0.00803276 0.00790091 0.00809033 0.00841908 0.00847055 0.008137 0.00812688 0.00835176 0.00859224 0.00838784 0.00826069 0.0083013 0.00818011 0.0081314 0.00798397 0.00791839 0.00816399 0.00826322 0.00819374 0.00808618 0.00791545 0.00792775 0.00789589 0.0080015 0.00800519 0.00799863 0.00792428 0.00798413 0.00810166 0.00805472 0.00797794 
0.0172935 0.00855526 0.00551359 0.003904 0.00373991 0.00382799 0.00376194 0.00371159 0.00370597 0 0.994169 0.00398559 0.00696968 0.00399281 0.00457946 0.00537594 0.00548656 0.0059726 0.00614216 0.00767633 0.0131842 0.00847122 0.00812854 0.00918149 0.0132319 0.0125439 0.00835137 0.010403 0.00822874 0.00947595 0.013881 0.00825769 0.00914254 0.00841516 0.0119909 0.0102603 0.00859529 0.00842385 0.00870256 0.0170626 0.00887018 0.00938118 0.00903732 0.0113647 0.00936213 0.00866598 0.00839238 0.00851776 0.00841398 0.00832637 0.00823553 0.00815439 0.00927476 0.00811535 0.00814649 0.00862718 0.00844154 0.00809845 0.00803131 0.00800907 0.00801356 0.00848479 0.00816844 0.00800889 0.00813352 0.0084552 0.00813855 0.00817282 0.00807792 0.00838895 0.00827634 0.00811932 0.00823949 0.00809534 0.00805488 0.00798634 0.00803539 0.00805797 0.00797134 0.00807973 0.00803684 0.00807176 0.00797331 0.00806358 0.00805979 0.00798651 0.00794614 0.00803839 0.00813912 0.00794579 0.00805589 0.00847576 0.00796205 0.00803685 0.00795118 
0.0100557 0.00968697 0.00522899 0.00488989 0.00464637 0.00420033 0.0040623 0.00559241 0.00423721 0.994169 0 0.00386249 0.00381415 0.00376111 0.00377862 0.00374026 0.00404644 0.00420458 0.00503539 0.00861495 0.00678033 0.00714658 0.00777502 0.0189797 0.00965848 0.00890485 0.00912837 0.00904839 0.00993838 0.0330998 0.00920021 0.00864447 0.00892168 0.00999916 0.0269225 0.00956787 0.00880188 0.00879837 0.014144 0.0109387 0.00906637 0.00925543 0.0141126 0.0106502 0.00832828 0.00846968 0.00840614 0.00865555 0.00852213 0.00832835 0.00849408 0.010361 0.00799499 0.00816857 0.00832632 0.00927368 0.00803361 0.00833726 0.00793546 0.0081177 0.00873959 0.0081144 0.00801456 0.00804136 0.00823762 0.00831725 0.00796021 0.00804756 0.00810544 0.00928461 0.00805445 0.00797233 0.00812022 0.00808721 0.00797216 0.00810125 0.00798057 0.00814195 0.00855337 0.00793685 0.00789553 0.0079444 0.00803391 0.00855046 0.00791321 0.00788906 0.00802059 0.00819208 0.00792209 0.00788115 0.00816097 0.00808309 0.00792939 0.0079704 0.00836452 
0.00834749 0.00791588 0.00604647 0.00576505 0.00632793 0.00468134 0.00726889 0.00430657 0.9861 0.00398559 0.00386249 0 0.00372287 0.00375199 0.00370006 0.00374552 0.00376678 0.00381865 0.00928091 0.00437639 0.00613438 0.00685996 0.0110629 0.00677217 0.00933725 0.00858421 0.0109447 0.00860229 0.0296274 0.00854531 0.00877978 0.00930566 0.00853964 0.0174511 0.00893568 0.00997287 0.0086403 0.00961224 0.00929957 0.00994263 0.0103729 0.00915212 0.0103798 0.00823856 0.00841083 0.00835142 0.00908368 0.00936287 0.00851705 0.00875525 0.00849765 0.00838155 0.00804836 0.00816276 0.0083568 0.00829515 0.00801302 0.00806911 0.00791218 0.00813502 0.00801541 0.00806542 0.00804921 0.00854636 0.00799107 0.00806718 0.00796627 0.00825658 0.00820656 0.00840345 0.008048 0.00808091 0.00835435 0.00814173 0.00808224 0.00813963 0.00802117 0.00819595 0.00799989 0.0078709 0.00800311 0.00813148 0.0080914 0.0080356 0.0078565 0.00793163 0.0079161 0.00793517 0.00799824 0.00811213 0.00797852 0.00792374 0.00813891 0.00804071 0.00815488 
0.00975767 0.00763999 0.0060984 0.00700399 0.00575694 0.00767251 0.00623491 0.972063 0.00419483 0.00696968 0.00381415 0.00372287 0 0.00372108 0.00372316 0.00371246 0.00378167 0.0049672 0.00374593 0.00399295 0.00566802 0.00721885 0.0069573 0.00795463 0.00810494 0.0162645 0.00831973 0.0538445 0.00830821 0.00999879 0.00966362 0.00844487 0.0155859 0.00864436 0.0135281 0.00845728 0.0130806 0.00890503 0.00875469 0.0110929 0.0103042 0.0136056 0.00855882 0.00863843 0.00806792 0.0114502 0.0100048 0.0123242 0.0128195 0.0102927 0.0115018 0.00830304 0.00802916 0.00872079 0.00853103 0.00845502 0.00797392 0.00810414 0.00796031 0.00788465 0.0080973 0.00806983 0.00861948 0.0081533 0.00886718 0.00812129 0.00799633 0.00850228 0.008383 0.00838885 0.00844225 0.00845036 0.00920523 0.00875619 0.00852249 0.00844982 0.00848194 0.00818036 0.00805543 0.00791751 0.00816269 0.00838724 0.00826327 0.00816422 0.00797266 0.00800498 0.00798123 0.00798522 0.00824382 0.00808509 0.00798661 0.0083936 0.00805616 0.00826989 0.00795401 
0.00851951 0.00790232 0.00713743 0.00696736 0.0117588 0.0161531 0.974204 0.00547924 0.0068096 0.00399281 0.00376111 0.00375199 0.00372108 0 0.00370412 0.00371738 0.0037696 0.00375801 0.00393555 0.00384689 0.0068064 0.00700839 0.00657025 0.00620939 0.0122143 0.00896984 0.108367 0.00838411 0.0147564 0.00855431 0.00856625 0.0133538 0.00879557 0.016921 0.00861306 0.0161548 0.00886645 0.00993855 0.00920243 0.010711 0.0213371 0.0092681 0.0119662 0.00809548 0.0093561 0.00895357 0.0208353 0.0178267 0.0130605 0.0146865 0.00931437 0.00855354 0.00840432 0.00895868 0.00950175 0.00844563 0.00802726 0.00834502 0.00823597 0.00804579 0.00793372 0.00831118 0.0083772 0.00883256 0.00828342 0.00797165 0.00813421 0.00875811 0.00861253 0.00850182 0.00828539 0.00861341 0.0107196 0.00857314 0.00889746 0.00907503 0.00872459 0.0083992 0.00811455 0.00803535 0.00839089 0.00860223 0.00847007 0.0081429 0.00802036 0.00800222 0.00796861 0.00848127 0.00816356 0.00827719 0.0080222 0.00803087 0.00840479 0.00820255 0.00812034 
0.00908347 0.0080004 0.00691776 0.0101213 0.00864637 0.947469 0.00787924 0.0130189 0.00488138 0.00457946 0.00377862 0.00370006 0.00372316 0.00370412 0 0.00370143 0.00371764 0.00383317 0.00375936 0.0037448 0.0054268 0.00943308 0.00754454 0.00584467 0.00851762 0.0683775 0.00872727 0.0259678 0.00885493 0.0097177 0.0105797 0.00878015 0.0210784 0.00913413 0.0117666 0.00874383 0.0154605 0.0102164 0.00906408 0.0149968 0.0149773 0.0270507 0.00933168 0.00875273 0.00819167 0.0155608 0.0161075 0.0249884 0.0289919 0.0152728 0.0108651 0.00854515 0.00820668 0.00993686 0.00960049 0.0089292 0.00820804 0.00835719 0.00806432 0.00799487 0.00805361 0.00818048 0.00936154 0.00874258 0.0112636 0.00809254 0.00814456 0.00904438 0.00896059 0.00839335 0.00836869 0.00914901 0.0103966 0.0104358 0.00897367 0.00925596 0.00948435 0.00862592 0.00809533 0.0079899 0.00843827 0.00887888 0.00866915 0.00830499 0.00798465 0.00800511 0.00803436 0.00801506 0.00849539 0.00829884 0.00820095 0.00830078 0.0081257 0.00849618 0.00804083 
0.0094945 0.00872616 0.00870961 0.0110437 0.9146 0.0172034 0.0099008 0.00761912 0.00600592 0.00537594 0.00374026 0.00374552 0.00371246 0.00371738 0.00370143 0 0.00370137 0.00371359 0.00377163 0.00376947 0.00623396 0.00611713 0.00706135 0.0110122 0.0264921 0.00975318 0.0179223 0.0114759 0.013129 0.0101305 0.00890429 0.0119227 0.0110714 0.013001 0.010172 0.0108709 0.0101401 0.0118478 0.0115067 0.0147768 0.031368 0.0163239 0.0139966 0.0085546 0.00898407 0.0109946 0.030788 0.0332178 0.0257323 0.0224957 0.0111261 0.00913098 0.00856349 0.0111082 0.011527 0.00927209 0.00821966 0.00873094 0.00831269 0.00815544 0.00820916 0.00847514 0.00895326 0.00923226 0.00942128 0.00838961 0.00834715 0.00970184 0.00942617 0.0093031 0.0085659 0.00977989 0.0132368 0.0101712 0.0103602 0.00999416 0.00911638 0.00862258 0.00832287 0.00804486 0.00853243 0.00911278 0.00876168 0.00850597 0.00799496 0.00805909 0.00797988 0.00809791 0.00833243 0.00826313 0.00811774 0.0081215 0.00827732 0.0083343 0.00807107 
0.00952619 0.0085534 0.0116427 0.873751 0.0317208 0.0190835 0.0119096 0.00801315 0.00664675 0.00548656 0.00404644 0.00376678 0.00378167 0.0037696 0.00371764 0.00370137 0 0.00370458 0.00374421 0.00375751 0.00425086 0.0107635 0.0219118 0.687103 0.00920846 0.0130029 0.0165246 0.0152743 0.015291 0.0103045 0.00972141 0.0128527 0.0139518 0.017629 0.0104447 0.00997403 0.0128057 0.0164133 0.0105709 0.0212885 0.040973 0.0230705 0.0148688 0.00855475 0.00890633 0.0153687 0.0350185 0.0528753 0.0340669 0.0233616 0.0141886 0.00893802 0.00880632 0.012975 0.0135007 0.00989946 0.0084407 0.0086365 0.0085803 0.00824164 0.00810427 0.00863995 0.0107178 0.00905314 0.00989286 0.00815765 0.00867092 0.0111467 0.0103039 0.00899642 0.00892291 0.0108855 0.0167967 0.0127362 0.010673 0.0118507 0.00982282 0.00901908 0.00827353 0.00820424 0.0087174 0.0097612 0.0092188 0.00863108 0.00805186 0.00809544 0.00800889 0.00805886 0.00846045 0.00876465 0.00826427 0.00831706 0.0082525 0.00860566 0.00810241 
0.00953833 0.00837624 0.75131 0.026135 0.021006 0.0144414 0.00836502 0.010758 0.00609866 0.0059726 0.00420458 0.00381865 0.0049672 0.00375801 0.00383317 0.00371359 0.00370458 0 0.00374931 0.00372287 0.00796143 0.00994447 0.786912 0.00526065 0.0086621 0.0184228 0.01053 0.0427667 0.0124088 0.0093455 0.0115121 0.00914296 0.0326802 0.0111032 0.011841 0.00919675 0.0185202 0.0126401 0.0100083 0.0201483 0.0334307 0.0387978 0.010473 0.00878745 0.00879614 0.0202697 0.0301691 0.0499397 0.04359 0.0264618 0.013948 0.00907692 0.00877384 0.01357 0.0124703 0.00966774 0.00839562 0.00855992 0.00842566 0.00820911 0.00827956 0.00879233 0.00985528 0.00938264 0.0105908 0.00828923 0.00841737 0.0108746 0.0111655 0.00868766 0.00901367 0.0102046 0.0156196 0.013582 0.0107218 0.0111841 0.0104685 0.00875696 0.00826102 0.00809945 0.0086167 0.0102788 0.00892912 0.00864359 0.00800612 0.00798845 0.00797583 0.00804815 0.00860385 0.00836813 0.00818645 0.00834132 0.00822746 0.00858237 0.0080554 
0.00968943 0.0211985 0.0244426 0.0204366 0.0189846 0.00851177 0.0122606 0.00753329 0.00802334 0.00614216 0.00503539 0.00928091 0.00374593 0.00393555 0.00375936 0.00377163 0.00374421 0.00374931 0 0.00391872 0.00521899 0.901224 0.00606201 0.00514837 0.0109345 0.0122001 0.0212189 0.0107873 0.0195382 0.0098108 0.00887326 0.0280447 0.0102307 0.0322031 0.00968661 0.0113833 0.0125559 0.0197143 0.0115449 0.0132354 0.0430198 0.0308133 0.0196166 0.00877616 0.00912352 0.0106264 0.0188129 0.0231397 0.0167427 0.0140522 0.017641 0.00918748 0.00893294 0.0104808 0.0180329 0.00982186 0.0085552 0.00848629 0.00819356 0.00836409 0.00818231 0.00856381 0.00921236 0.00970984 0.00852583 0.00830442 0.00854916 0.00960906 0.0104148 0.00880428 0.00846495 0.00954203 0.0137192 0.0100883 0.00938809 0.00977689 0.00884397 0.00880944 0.00811019 0.00808345 0.0084483 0.00908648 0.00901156 0.0082755 0.00790907 0.00807859 0.00795647 0.00795537 0.00832221 0.00844986 0.00814068 0.00814078 0.00819129 0.00847359 0.00804661 
0.0301814 0.0156446 0.0421486 0.0124477 0.0112844 0.0189828 0.00805891 0.00947712 0.0077736 0.00767633 0.00861495 0.00437639 0.00399295 0.00384689 0.0037448 0.00376947 0.00375751 0.00372287 0.00391872 0 0.892846 0.0043459 0.00483745 0.00537064 0.016511 0.0147094 0.00925164 0.011959 0.0124594 0.0205045 0.0352122 0.00919818 0.0117579 0.0125875 0.0323622 0.016349 0.0104495 0.0103784 0.0187918 0.0300643 0.0119929 0.0196425 0.034134 0.0158814 0.0115627 0.0104582 0.010208 0.0120578 0.0109759 0.010337 0.0107877 0.0146098 0.0125721 0.00923643 0.0103908 0.0233442 0.0108155 0.00909549 0.00867435 0.00831198 0.00962283 0.0107572 0.00876787 0.00855899 0.00940473 0.0100906 0.00935078 0.0091177 0.0105622 0.0107529 0.00961453 0.00895485 0.00933802 0.00889771 0.00889737 0.00886435 0.00857872 0.00851298 0.00906178 0.00905564 0.00826755 0.00868632 0.00864702 0.00929438 0.00818142 0.00796197 0.00803661 0.0083703 0.00816152 0.00810979 0.00875348 0.0083272 0.00806387 0.00817489 0.00823046 
0.0150489 0.0160355 0.0181282 0.019612 0.0120413 0.010933 0.0100618 0.0094327 0.0103321 0.0131842 0.00678033 0.00613438 0.00566802 0.0068064 0.0054268 0.00623396 0.00425086 0.00796143 0.00521899 0.892846 0 0.00377063 0.00378331 0.00524943 0.0202887 0.0210305 0.0161807 0.0249728 0.0439733 0.0462796 0.0115615 0.0105204 0.0124587 0.015233 0.0372234 0.0193601 0.0146678 0.0118171 0.0243024 0.066456 0.0265139 0.0164179 0.0313196 0.0172165 0.0119657 0.01501 0.0139379 0.013903 0.0123349 0.0105589 0.0117412 0.0146289 0.0100118 0.0110646 0.00997971 0.0169891 0.00940566 0.0102938 0.00852482 0.00877443 0.0107996 0.00988194 0.00873501 0.00898457 0.0102464 0.0101851 0.00979194 0.0101223 0.00932176 0.0136265 0.0102018 0.00986477 0.0096464 0.00933621 0.00882458 0.00909473 0.00881126 0.00897356 0.00972374 0.00830614 0.00836265 0.0086299 0.00913173 0.010978 0.0080798 0.0079955 0.00813712 0.00826073 0.00831631 0.00827473 0.00882355 0.00835221 0.00821066 0.00833548 0.0087768 
0.010289 0.00948801 0.0151308 0.0293676 0.0332866 0.0151632 0.0148363 0.011457 0.0171107 0.00847122 0.00714658 0.00685996 0.00721885 0.00700839 0.00943308 0.00611713 0.0107635 0.00994447 0.901224 0.0043459 0.00377063 0 0.00380076 0.00374188 0.0131531 0.0318704 0.0508438 0.0376764 0.0460502 0.0103078 0.0101224 0.0173358 0.0170112 0.0518187 0.0108747 0.0133233 0.0214717 0.0299536 0.0110136 0.0360372 0.124219 0.0403434 0.0162979 0.0104082 0.0102667 0.0223919 0.0412865 0.0456998 0.0267014 0.0278753 0.0169751 0.00949593 0.00983256 0.017664 0.0212529 0.010741 0.00918999 0.00882765 0.00868603 0.00883499 0.00852334 0.00927749 0.0120018 0.0105256 0.00946582 0.00842426 0.00887072 0.0124087 0.0120583 0.00969005 0.00951801 0.0123563 0.0192604 0.0119558 0.0109368 0.0110709 0.0105464 0.00937338 0.00843024 0.00829373 0.00902771 0.0103259 0.0108355 0.00905283 0.00819865 0.00820444 0.00808556 0.00819619 0.00854402 0.00910338 0.00839763 0.00845464 0.00848009 0.00872737 0.00837963 
0.0123822 0.00992921 0.0142375 0.030343 0.021104 0.0268061 0.0120108 0.014485 0.0100606 0.00812854 0.00777502 0.0110629 0.0069573 0.00657025 0.00754454 0.00706135 0.0219118 0.786912 0.00606201 0.00483745 0.00378331 0.00380076 0 0.00375886 0.0184846 0.0637176 0.032906 0.0542615 0.0148647 0.0101549 0.0115373 0.015808 0.0239629 0.0167772 0.0151543 0.0110829 0.0297644 0.0292321 0.0119978 0.0215477 0.0504116 0.116941 0.0180332 0.0107344 0.00994215 0.022217 0.0232237 0.0363302 0.029956 0.0220131 0.030488 0.00993581 0.00980186 0.0189223 0.0266249 0.0129339 0.0094433 0.00978119 0.00851747 0.0087233 0.00848954 0.0100428 0.011527 0.0102933 0.0100226 0.00868544 0.00945876 0.0129925 0.0136274 0.00919258 0.00949525 0.0120582 0.01398 0.014506 0.00983886 0.0113078 0.0104587 0.00996984 0.008355 0.008395 0.00890987 0.0100955 0.0101432 0.00864197 0.00806938 0.00811965 0.00801641 0.00815252 0.00870869 0.00863773 0.00826917 0.00840096 0.00835199 0.0087171 0.00816113 
0.0262005 0.0176368 0.0426947 0.0131891 0.012552 0.0113558 0.0110279 0.0100455 0.00804798 0.00918149 0.0189797 0.00677217 0.00795463 0.00620939 0.00584467 0.0110122 0.687103 0.00526065 0.00514837 0.00537064 0.00524943 0.00374188 0.00375886 0 0.0393136 0.0269416 0.0148873 0.0116648 0.016561 0.0129481 0.0149001 0.010007 0.0110009 0.0131826 0.0144751 0.0282547 0.0128 0.0111782 0.0237676 0.0501663 0.015709 0.0169888 0.0520029 0.0189374 0.0174747 0.0118847 0.01181 0.0134482 0.0138065 0.0113764 0.0120679 0.0175562 0.0195999 0.0101222 0.0126048 0.0219449 0.0140071 0.0110777 0.00968398 0.00837138 0.00936328 0.014259 0.00955163 0.00878837 0.0105026 0.0114868 0.01154 0.010287 0.010731 0.0116976 0.0118675 0.00983579 0.0109263 0.00976537 0.00920914 0.00963109 0.00986383 0.00863767 0.00914825 0.00984142 0.00885532 0.00907735 0.00882936 0.00944048 0.00854864 0.00804401 0.00806986 0.008942 0.00821082 0.00842366 0.00857812 0.00866672 0.00821747 0.00823202 0.00849523 
0.0105402 0.0141582 0.0138671 0.00990814 0.0150635 0.00891032 0.011997 0.0087901 0.0279815 0.0132319 0.00965848 0.00933725 0.00810494 0.0122143 0.00851762 0.0264921 0.00920846 0.0086621 0.0109345 0.016511 0.0202887 0.0131531 0.0184846 0.0393136 0 0.00451663 0.00389925 0.00372798 0.00480528 0.00484253 0.00452197 0.00559871 0.00600198 0.014897 0.0945907 0.0699543 0.00819977 0.0115146 0.075696 0.0192423 0.0125158 0.0111657 0.0447056 0.0150761 0.0139864 0.00925099 0.0116889 0.0102789 0.0101488 0.00968538 0.0103939 0.0200043 0.0094388 0.00888722 0.00961169 0.013878 0.00887155 0.00970371 0.0081669 0.00870216 0.0104531 0.00875125 0.0081698 0.00920641 0.00832445 0.00906346 0.00890217 0.00833835 0.00869815 0.0154288 0.00909795 0.00835969 0.00863024 0.00839156 0.00828947 0.00837617 0.00816218 0.00906156 0.00992607 0.0082762 0.00810124 0.00815552 0.00872007 0.010708 0.00805982 0.00795118 0.00822122 0.00873977 0.00788049 0.00809142 0.00845504 0.00798158 0.00843357 0.0080742 0.00921997 
0.0100982 0.00905848 0.0101566 0.0285736 0.0104701 0.0410651 0.00990693 0.0502848 0.0096018 0.0125439 0.00890485 0.00858421 0.0162645 0.00896984 0.0683775 0.00975318 0.0130029 0.0184228 0.0122001 0.0147094 0.0210305 0.0318704 0.0637176 0.0269416 0.00451663 0 0.0037559 0.00388349 0.00390785 0.00406918 0.00482701 0.00497768 0.0194168 0.0139537 0.859907 0.0076272 0.0284824 0.0153927 0.0108711 0.0231514 0.0159518 0.0496917 0.0105851 0.0143769 0.00879476 0.0352487 0.0123306 0.0211035 0.0242834 0.0130243 0.0142786 0.00967802 0.00894738 0.0136161 0.0107488 0.0108247 0.00864439 0.00889862 0.00833497 0.00851197 0.00924842 0.0084071 0.0110391 0.00930821 0.0100243 0.00882198 0.00844437 0.0101696 0.0100124 0.00962171 0.00918118 0.0105426 0.0102565 0.011199 0.00918171 0.00936908 0.00968711 0.00894327 0.0086961 0.00813923 0.00842468 0.00946381 0.00932708 0.00877931 0.0079692 0.00807005 0.008084 0.00798835 0.00880461 0.00833754 0.00835961 0.00856653 0.00814439 0.00902745 0.00831235 
0.00884026 0.00872887 0.0114617 0.0103692 0.0788278 0.00981966 0.0765387 0.00923217 0.0137515 0.00835137 0.00912837 0.0109447 0.00831973 0.108367 0.00872727 0.0179223 0.0165246 0.01053 0.0212189 0.00925164 0.0161807 0.0508438 0.032906 0.0148873 0.00389925 0.0037559 0 0.00371173 0.00386695 0.00372944 0.00393064 0.00620103 0.00936879 0.939886 0.00679906 0.014508 0.00996692 0.0107538 0.0113802 0.0125172 0.0343481 0.00981293 0.0257898 0.00849122 0.0151211 0.00945622 0.0613725 0.0333557 0.0185191 0.0244554 0.0105733 0.0109589 0.0092707 0.0113868 0.0138087 0.00924085 0.00859654 0.00881504 0.00898942 0.00852977 0.00822636 0.0096299 0.00895201 0.0122948 0.00872863 0.00823964 0.00846828 0.0102764 0.00964725 0.00930599 0.00884128 0.0101667 0.0259582 0.0105469 0.0117275 0.0108275 0.00889292 0.00923058 0.00827064 0.00816635 0.00873531 0.00936146 0.00887381 0.00851128 0.00818573 0.00818172 0.00798957 0.00857912 0.00825843 0.00880235 0.00820006 0.00812334 0.00894733 0.0083011 0.00849035 
0.00991265 0.00843622 0.0102496 0.0268032 0.0112565 0.124394 0.00911447 0.0258281 0.00892033 0.010403 0.00904839 0.00860229 0.0538445 0.00838411 0.0259678 0.0114759 0.0152743 0.0427667 0.0107873 0.011959 0.0249728 0.0376764 0.0542615 0.0116648 0.00372798 0.00388349 0.00371173 0 0.00370354 0.00374572 0.00842586 0.00594486 0.948676 0.00663691 0.0156389 0.00650942 0.0204014 0.00962575 0.00904096 0.0199239 0.0120293 0.0511393 0.00944227 0.0124566 0.00859997 0.0333653 0.0145141 0.025995 0.0310172 0.0158377 0.0120727 0.00884132 0.00888632 0.0125042 0.0108037 0.00964263 0.00859653 0.00870813 0.0085383 0.00826863 0.00883225 0.00855433 0.0140665 0.00874807 0.0109367 0.00900797 0.00864325 0.0102016 0.0101984 0.00875913 0.00891235 0.0105342 0.011752 0.0163292 0.00977947 0.0101674 0.0125244 0.00859896 0.00835562 0.00824623 0.00850148 0.00976578 0.00923086 0.00851792 0.00805235 0.00803618 0.00804476 0.00801345 0.00913422 0.00827731 0.00821924 0.00864642 0.00809541 0.00896268 0.00805234 
0.00954139 0.00907488 0.0116419 0.0122813 0.0358184 0.00913863 0.0199069 0.00877407 0.0157244 0.00822874 0.00993838 0.0296274 0.00830821 0.0147564 0.00885493 0.013129 0.015291 0.0124088 0.0195382 0.0124594 0.0439733 0.0460502 0.0148647 0.016561 0.00480528 0.00390785 0.00386695 0.00370354 0 0.00375067 0.00620127 0.932528 0.00780921 0.00808124 0.00479194 0.0134584 0.00853536 0.0096844 0.0159532 0.011575 0.032958 0.0109345 0.0192849 0.00939709 0.012533 0.00943005 0.0157985 0.0164937 0.0114108 0.0110187 0.0119039 0.00907655 0.00949486 0.0105652 0.0121765 0.00899977 0.00896338 0.00860859 0.00809187 0.00871726 0.00809875 0.00934565 0.00871646 0.00996937 0.00817781 0.00824309 0.00859797 0.00970003 0.00921277 0.00861826 0.0087738 0.00908903 0.0113664 0.00861014 0.00870588 0.0087055 0.00823169 0.0084511 0.00814931 0.00811515 0.00858917 0.00844285 0.00851363 0.0082484 0.00797571 0.00805509 0.00793726 0.00818575 0.00815228 0.00821669 0.00804991 0.00791605 0.00838238 0.00814685 0.00804685 
0.015743 0.010982 0.0191489 0.0119455 0.0094052 0.0104762 0.00874015 0.0099392 0.00843275 0.00947595 0.0330998 0.00854531 0.00999879 0.00855431 0.0097177 0.0101305 0.0103045 0.0093455 0.0098108 0.0205045 0.0462796 0.0103078 0.0101549 0.0129481 0.00484253 0.00406918 0.00372944 0.00374572 0.00375067 0 0.967541 0.00396359 0.00414057 0.00384495 0.00622623 0.00838952 0.00744867 0.00695497 0.00831443 0.0358227 0.0101678 0.0128101 0.013823 0.0165262 0.0110864 0.0109053 0.00960922 0.0100331 0.00979314 0.0091395 0.00903547 0.00925866 0.0129213 0.00885111 0.00905915 0.0112725 0.0113442 0.00861154 0.00898932 0.00808928 0.00866012 0.010758 0.00913505 0.0082413 0.00865932 0.00928147 0.00926837 0.00874383 0.00866429 0.00904183 0.00977208 0.00856788 0.00885651 0.00869852 0.0084235 0.00834767 0.00828823 0.00816719 0.00815908 0.00867593 0.00807038 0.00833642 0.00824507 0.00822722 0.00820417 0.00796598 0.00797259 0.00821401 0.00811735 0.00806458 0.00817659 0.00841446 0.00801013 0.00804257 0.00795087 
0.00999657 0.00969942 0.0107002 0.0102643 0.00929851 0.0105128 0.00890162 0.0101311 0.00870805 0.013881 0.00920021 0.00877978 0.00966362 0.00856625 0.0105797 0.00890429 0.00972141 0.0115121 0.00887326 0.0352122 0.0115615 0.0101224 0.0115373 0.0149001 0.00452197 0.00482701 0.00393064 0.00842586 0.00620127 0.967541 0 0.00379085 0.00379109 0.00388441 0.00605904 0.00516984 0.00696508 0.00813337 0.126912 0.0199353 0.0102403 0.0155696 0.0152212 0.0172018 0.0100842 0.0115748 0.00972988 0.0099659 0.00976697 0.00898268 0.00972038 0.0110336 0.00868131 0.00904645 0.00919778 0.0110049 0.00835525 0.00860823 0.0082352 0.00842596 0.0100198 0.00835456 0.00829585 0.0084423 0.00905804 0.00924879 0.0082665 0.00841668 0.00858236 0.0102167 0.00895078 0.00844388 0.00847429 0.00851452 0.0081871 0.0083568 0.00816503 0.00816058 0.00873482 0.00806786 0.00804264 0.00814385 0.00835518 0.0088908 0.00803804 0.00791546 0.00803549 0.00801793 0.00820707 0.00790471 0.00823284 0.00845705 0.00791655 0.00803957 0.00820696 
0.00816746 0.00830715 0.00971419 0.0112275 0.0188875 0.00957497 0.0147616 0.00884115 0.0113515 0.00825769 0.00864447 0.00930566 0.00844487 0.0133538 0.00878015 0.0119227 0.0128527 0.00914296 0.0280447 0.00919818 0.0105204 0.0173358 0.015808 0.010007 0.00559871 0.00497768 0.00620103 0.00594486 0.932528 0.00396359 0.00379085 0 0.00371163 0.00401738 0.0038554 0.00554312 0.00664933 0.124047 0.0450473 0.0101313 0.0241018 0.010772 0.0149408 0.0086011 0.0101989 0.0103386 0.0172244 0.014318 0.010798 0.0119592 0.0113042 0.00890242 0.00869946 0.0101434 0.0111958 0.0090574 0.00834976 0.00829437 0.00806457 0.00866246 0.00810801 0.00850315 0.00857979 0.0100456 0.00832172 0.0080829 0.0081516 0.00934614 0.00891903 0.00873851 0.00843543 0.00875906 0.0110101 0.00851095 0.00869195 0.00856271 0.00830004 0.00875159 0.00819306 0.00802478 0.00839496 0.00841009 0.00877356 0.00828449 0.00792743 0.00812683 0.00793965 0.00809692 0.00807724 0.00838967 0.00805659 0.00798068 0.00832626 0.00825976 0.00820971 
0.00874833 0.00835579 0.010052 0.0166578 0.0128771 0.0469758 0.00962195 0.0174786 0.00877897 0.00914254 0.00892168 0.00853964 0.0155859 0.00879557 0.0210784 0.0110714 0.0139518 0.0326802 0.0102307 0.0117579 0.0124587 0.0170112 0.0239629 0.0110009 0.00600198 0.0194168 0.00936879 0.948676 0.00780921 0.00414057 0.00379109 0.00371163 0 0.00370108 0.00380374 0.00488769 0.110152 0.0333777 0.00887647 0.0129284 0.0126586 0.0306371 0.010216 0.0104364 0.00900537 0.0226296 0.0172786 0.0229398 0.0256251 0.0180379 0.0117001 0.00894023 0.00888561 0.01265 0.0104585 0.00981236 0.00850523 0.00862984 0.00854562 0.00836558 0.0085365 0.00874834 0.0104005 0.00892852 0.00968397 0.00838463 0.00849532 0.00975342 0.0103675 0.00889162 0.00880555 0.010105 0.0124995 0.0131564 0.00953443 0.0100973 0.0105322 0.00858187 0.00838029 0.00813323 0.00847994 0.0103901 0.00887041 0.0085011 0.00803491 0.00803783 0.00803821 0.00799706 0.00849391 0.00837054 0.0082054 0.00817633 0.00815253 0.00872908 0.0080945 
0.00985245 0.00926445 0.0123744 0.0142329 0.0311382 0.00981356 0.0199725 0.00922882 0.0132261 0.00841516 0.00999916 0.0174511 0.00864436 0.016921 0.00913413 0.013001 0.017629 0.0111032 0.0322031 0.0125875 0.015233 0.0518187 0.0167772 0.0131826 0.014897 0.0139537 0.939886 0.00663691 0.00808124 0.00384495 0.00388441 0.00401738 0.00370108 0 0.0037181 0.124222 0.0230281 0.0169153 0.00879846 0.0105836 0.0375562 0.012191 0.0225209 0.00994115 0.0171128 0.0102268 0.0183454 0.0193712 0.0140883 0.0151419 0.0129816 0.00967746 0.0109652 0.0136519 0.0167658 0.00976856 0.0100101 0.00928017 0.00838719 0.00950779 0.0083494 0.00999826 0.00972543 0.0110191 0.00859529 0.00847928 0.00900917 0.0116746 0.010372 0.00946153 0.00921208 0.00972219 0.0138162 0.00962935 0.00934979 0.0098685 0.00876586 0.00927576 0.00831338 0.00842353 0.00898259 0.00881926 0.00929577 0.00866256 0.00815301 0.00822115 0.00795511 0.00851191 0.00831974 0.00861875 0.00817297 0.00808978 0.00891069 0.00833631 0.00824901 
0.0241734 0.0115875 0.0213228 0.012868 0.00933611 0.0149749 0.00892926 0.0116431 0.00846164 0.0119909 0.0269225 0.00893568 0.0135281 0.00861306 0.0117666 0.010172 0.0104447 0.011841 0.00968661 0.0323622 0.0372234 0.0108747 0.0151543 0.0144751 0.0945907 0.859907 0.00679906 0.0156389 0.00479194 0.00622623 0.00605904 0.0038554 0.00380374 0.0037181 0 0.024009 0.0123857 0.00589035 0.00790419 0.042525 0.0111165 0.0178634 0.0123819 0.0502157 0.0118829 0.0189477 0.0100311 0.0106647 0.0128711 0.00981839 0.0105791 0.00979622 0.0176462 0.0114243 0.00974447 0.0177357 0.0178928 0.00958111 0.00995812 0.00831265 0.0105814 0.015431 0.0103637 0.00841064 0.0098927 0.0158245 0.0112116 0.0101984 0.00955578 0.0097392 0.0126311 0.0100714 0.00897209 0.00959508 0.00897796 0.00880492 0.00951651 0.00850305 0.00868122 0.00996768 0.00920236 0.00880054 0.00911975 0.00892005 0.00860526 0.00809654 0.00801645 0.00876773 0.00922176 0.00804108 0.00839376 0.0109211 0.00808918 0.00910507 0.00801061 
0.00988125 0.0102834 0.011811 0.00913347 0.0125922 0.00883824 0.0124614 0.00861163 0.0105285 0.0102603 0.00956787 0.00997287 0.00845728 0.0161548 0.00874383 0.0108709 0.00997403 0.00919675 0.0113833 0.016349 0.0193601 0.0133233 0.0110829 0.0282547 0.0699543 0.0076272 0.014508 0.00650942 0.0134584 0.00838952 0.00516984 0.00554312 0.00488769 0.124222 0.024009 0 0.00374629 0.00370552 0.00429383 0.00597158 0.00677552 0.0099174 0.879421 0.0119345 0.0310856 0.00923848 0.0133974 0.0112927 0.0104007 0.010905 0.0104547 0.0228978 0.00995398 0.00937346 0.0104147 0.0128061 0.00907081 0.0100424 0.00862708 0.00885242 0.00954416 0.0101305 0.00851905 0.0100304 0.00891175 0.00881949 0.00960621 0.008807 0.00914609 0.0135268 0.0092317 0.00850003 0.0101861 0.00851563 0.00858742 0.00870415 0.00821906 0.00906015 0.00953048 0.0083733 0.00831847 0.00828405 0.00925107 0.0104315 0.00815044 0.00793524 0.00869228 0.00936666 0.0079507 0.0085243 0.00863517 0.00792803 0.00861923 0.00803943 0.00957802 
0.00851775 0.00817309 0.00968981 0.0181436 0.010742 0.0291161 0.00910933 0.0148768 0.00890095 0.00859529 0.00880188 0.0086403 0.0130806 0.00886645 0.0154605 0.0101401 0.0128057 0.0185202 0.0125559 0.0104495 0.0146678 0.0214717 0.0297644 0.0128 0.00819977 0.0284824 0.00996692 0.0204014 0.00853536 0.00744867 0.00696508 0.00664933 0.110152 0.0230281 0.0123857 0.00374629 0 0.00380972 0.00373068 0.00995681 0.0109362 0.871556 0.00851878 0.0135127 0.00960811 0.0571984 0.0123266 0.0165813 0.017109 0.011986 0.015254 0.00903926 0.00932042 0.0142119 0.0131684 0.00970725 0.00890236 0.00886199 0.00845465 0.00877659 0.00871225 0.00891159 0.0136802 0.0097125 0.00923851 0.00860412 0.00862695 0.0108918 0.00986764 0.00881432 0.00896024 0.0108655 0.0100593 0.0111392 0.0089743 0.00906213 0.00994736 0.00850257 0.00828292 0.00818112 0.00860884 0.00905545 0.00895904 0.0084016 0.00800147 0.00801582 0.00795133 0.00793491 0.008621 0.00829181 0.00815178 0.00799083 0.0081176 0.00867391 0.00798529 
0.00866551 0.0081894 0.0107072 0.0140295 0.0206405 0.0105484 0.0113108 0.00972197 0.00945689 0.00842385 0.00879837 0.00961224 0.00890503 0.00993855 0.0102164 0.0118478 0.0164133 0.0126401 0.0197143 0.0103784 0.0118171 0.0299536 0.0292321 0.0111782 0.0115146 0.0153927 0.0107538 0.00962575 0.0096844 0.00695497 0.00813337 0.124047 0.0333777 0.0169153 0.00589035 0.00370552 0.00380972 0 0.00371268 0.00797541 0.847993 0.00854584 0.00683577 0.00978848 0.0101203 0.0159105 0.018952 0.0188462 0.0157932 0.0167586 0.0138102 0.00907959 0.00951334 0.0172796 0.0164265 0.00978252 0.00942046 0.00891926 0.00856553 0.00884117 0.00845803 0.00947511 0.0115478 0.00993237 0.00880935 0.00851701 0.00900935 0.0110982 0.0118771 0.00899811 0.00887306 0.0100075 0.0125516 0.01003 0.00974894 0.00977318 0.00968134 0.00911495 0.00836259 0.00826603 0.00893883 0.00908446 0.00961663 0.00871771 0.0080205 0.00811212 0.00796773 0.00808908 0.00826938 0.0083261 0.00820896 0.00794698 0.00819467 0.00835881 0.00799402 
