1M56B
LEIIGRPQPGGTGFQPSASPVATQIHWLDGFILVIIAAITIFVTLLILYAVWRFHEKRNKVPARFTHNSPLEIAWTIVPIVILVAIGAFSLPVLFNQQEIPEADVTVKVTGYQWYWGYEYPDEEISFESYMIGSPATGGDNRMSPEVEQQLIEAGYSRDEFLLATDTAMVVPVNKTVVVQVTGADVIHSWTVPAFGVKQDAVPGRLAQLWFRAEREGIFFGQCSELCGISHAYMPITVKVVSEEAYAAWLEQARGGTYEL
CCECCCCCCCCCCCCCCCCHHHHHHHHHHHHHHHHHHHHHHHHHHHHHHHHHHCECCCCCCCCCCCCCHHHHHHHHHHHHHHHHHHHHHHHHHHHHHHCCCCCCEEEEEEEECCEEEEEECCCCEEEEECECCCHHHCCCCCCCHHHHHHHHHHCCCHHHCCCCECCCEEEECCCEEEEEEEECCCCEEEEEHHHCEEEEECCCCCEEEEEECCCCEEEEECCCCCCCCHHHCCCEEEEEECHHHHHHHHHHHHHCCCCC
0 0 0 0 0 0 0 0 0 0 0 0 0 0 0 0 0 0 0 0 0 0 0 0 0 0 0 0 0 0 0 0 0 0 0 0 0 0 0 0 0 0 0 0 0 0 0 0 0 0 0 0 0 0 0 0 0 0 0 0 0 0 0 0 0 0 0 0 0 0 0 0 0 0 0 0 0 0 0 0 0 0 0 0 0 0 0 0 0 0 0 0 0 0 0 0 0 0 0 0 0 0 0 0 0 0 0 0 0 0 0 0 0 0 0 0 0 0 0 0 0 0 0 0 0 0 0 0 0 0 0 0 0 0 0 0 0 0 0 0 0 0 0 0 0 0 0 0 0 0 0 0 0 0 0 0 0 0 0 0 0 0 0 0 0 0 0 0 0 0 0 0 0 0 0 0 0 0 0 0 0 0 0 0 0 0 0 0 0 0 0 0 0 0 0 0 0 0 0 0 0 0 0 0 0 0 0 0 0 0 0 0 0 0 0 0 0 0 0 0 0 0 0 0 0 0 0 0 0 0 0 0 0 0 0 0 0 0 0 0 0 0 0 0 0 0 0 0 0 0 0 0 0 0 0 0 0 0 0 0 
0 0 0 0 0 0 0 0 0 0 0 0 0 0 0 0 0 0 0 0 0 0 0 0 0 0 0 0 0 0 0 0 0 0 0 0 0 0 0 0 0 0 0 0 0 0 0 0 0 0 0 0 0 0 0 0 0 0 0 0 0 0 0 0 0 0 0 0 0 0 0 0 0 0 0 0 0 0 0 0 0 0 0 0 0 0 0 0 0 0 0 0 0 0 0 0 0 0 0 0 0 0 0 0 0 0 0 0 0 0 0 0 0 0 0 0 0 0 0 0 0 0 0 0 0 0 0 0 0 0 0 0 0 0 0 0 0 0 0 0 0 0 0 0 0 0 0 0 0 0 0 0 0 0 0 0 0 0 0 0 0 0 0 0 0 0 0 0 0 0 0 0 0 0 0 0 0 0 0 0 0 0 0 0 0 0 0 0 0 0 0 0 0 0 0 0 0 0 0 0 0 0 0 0 0 0 0 0 0 0 0 0 0 0 0 0 0 0 0 0 0 0 0 0 0 0 0 0 0 0 0 0 0 0 0 0 0 0 0 0 0 0 0 0 0 0 0 0 0 0 0 0 0 0 0 0 0 0 0 0 
0 0.107827 0.0159553 0.0101464 0.0105635 0.00930368 0.00896672 0.00866118 0.00882242 0.00981405 0.00908439 0.00818518 0.00820374 0.00816527 0.00879815 0.0110621 0.0127907 0.00840058 0.00856038 0.00825049 0.00840364 0.0149812 0.0197869 0.0105802 0.00845762 0.00816191 0.00943099 0.0102043 0.00924001 0.00849436 0.00936006 0.00857646 0.00874411 0.00878255 0.0110914 0.00878457 0.00809051 0.00809953 0.00815893 0.00836521 0.0103464 0.00835292 0.00831677 0.00803954 0.00913441 0.00977907 0.00811096 0.00818232 0.00814762 0.00823649 0.00905419 0.00913217 0.00827942 0.0082738 0.00817721 0.00860182 0.0094935 0.00877937 0.00865485 0.00838098 0.00856734 0.00959394 
0.107827 0 0.0174252 0.0143535 0.0100329 0.0116678 0.00989478 0.00906151 0.00966202 0.0125916 0.00964688 0.00835319 0.00864627 0.00817358 0.0102973 0.0109603 0.00949513 0.0101729 0.00818631 0.00922769 0.0089147 0.0176781 0.0140963 0.00964066 0.00836526 0.00815995 0.011106 0.0112497 0.00815228 0.00850559 0.00822372 0.00867034 0.00806888 0.00988782 0.0101933 0.00845313 0.00804372 0.00793591 0.00930943 0.00902031 0.00898647 0.00809245 0.00800674 0.00833411 0.00941397 0.00887295 0.00790756 0.00793738 0.00819024 0.00800939 0.0100314 0.00872989 0.00799445 0.0080796 0.00823397 0.00865424 0.00835386 0.00818066 0.00886307 0.00830705 0.00847888 0.00924281 
0.0159553 0.0174252 0 0.00387816 0.00425958 0.00381139 0.00440724 0.00395328 0.00522116 0.00547219 0.00705453 0.00605299 0.00647923 0.00904699 0.00828281 0.0473059 0.0410002 0.00862216 0.019536 0.00915757 0.0177742 0.0152768 0.0328035 0.0201992 0.013677 0.0113223 0.0178407 0.0125779 0.0162922 0.00958322 0.0276349 0.00955249 0.017704 0.0103453 0.0418611 0.00920942 0.00911828 0.0101231 0.00900439 0.0164396 0.0127128 0.00864131 0.0123005 0.0085774 0.0157255 0.0111773 0.00818025 0.00967652 0.00834443 0.0112363 0.00897686 0.0106314 0.00863486 0.00850332 0.00873169 0.0109977 0.0120979 0.00864849 0.0104106 0.00865684 0.00896216 0.0114138 
0.0101464 0.0143535 0.00387816 0 0.0037121 0.0037686 0.00391339 0.00376821 0.00410972 0.00379599 0.00574671 0.00576058 0.00966871 0.00687213 0.0239143 0.0124274 0.00915382 0.0516182 0.00891357 0.0253554 0.0094198 0.0132287 0.00939963 0.012804 0.0216025 0.0134302 0.0124079 0.0120188 0.0109437 0.0476547 0.0109317 0.043474 0.011372 0.0645913 0.0092851 0.0102898 0.0122793 0.00958926 0.0166883 0.00852808 0.00854314 0.0123511 0.00892528 0.0141524 0.00890883 0.00861479 0.0102746 0.00836306 0.012772 0.00871373 0.0111085 0.00847335 0.00929648 0.00940362 0.0105535 0.0086123 0.00870093 0.0134958 0.00889208 0.0118227 0.0103622 0.00836312 
0.0105635 0.0100329 0.00425958 0.0037121 0 0.00371626 0.00374583 0.00398838 0.0037597 0.00383881 0.00481425 0.00717947 0.00619432 0.0244173 0.00843697 0.179375 0.0201947 0.00887127 0.0449593 0.00974961 0.0110375 0.0106671 0.0132286 0.0159578 0.0244834 0.017755 0.00998423 0.00939411 0.0295779 0.0139371 0.17468 0.016229 0.126607 0.00932278 0.0137655 0.00984832 0.0107207 0.0351523 0.00937338 0.0104199 0.0114956 0.00929364 0.0303031 0.00933768 0.0115747 0.00923889 0.00899709 0.0178522 0.00883657 0.0144616 0.00828249 0.00927403 0.00962126 0.0119174 0.0105503 0.00948666 0.0104334 0.00979471 0.0172644 0.011157 0.010146 0.00884809 
0.00930368 0.0116678 0.00381139 0.0037686 0.00371626 0 0.0147388 0.00377781 0.00372181 0.00378124 0.00745617 0.0046489 0.0231611 0.010833 0.798395 0.00865385 0.00795726 0.0278273 0.0109447 0.019866 0.0121309 0.0111065 0.00905602 0.0140214 0.0390096 0.0168177 0.0119666 0.0116293 0.01282 0.10964 0.0207574 0.243825 0.0171998 0.0264034 0.00937599 0.0110712 0.0211354 0.0146126 0.0195917 0.00924771 0.00928869 0.0183406 0.0123904 0.0191894 0.00958024 0.00906119 0.010901 0.00990784 0.0195928 0.00911135 0.00933714 0.00868229 0.0114112 0.0138524 0.011713 0.00947328 0.009269 0.0160203 0.0120222 0.0143405 0.0102403 0.00846539 
0.00896672 0.00989478 0.00440724 0.00391339 0.00374583 0.0147388 0 0.003712 0.00372862 0.00372726 0.00496573 0.0254649 0.0126004 0.871316 0.0113352 0.00718301 0.0107519 0.0158009 0.0205932 0.0160306 0.0139316 0.0107346 0.0119267 0.0186217 0.0335161 0.029128 0.0112304 0.0102265 0.0362902 0.0380312 0.225449 0.0399855 0.127186 0.0151932 0.0110426 0.0128083 0.0176817 0.0533845 0.015484 0.00992367 0.0116815 0.0111967 0.0474284 0.0120933 0.0116601 0.00929704 0.010823 0.0157202 0.012553 0.0140336 0.00861807 0.00933195 0.0113745 0.0164127 0.0132308 0.00970003 0.0102946 0.0136437 0.0181265 0.0157032 0.0105399 0.00854845 
0.00866118 0.00906151 0.00395328 0.00376821 0.00398838 0.00377781 0.003712 0 0.00369448 0.0037928 0.00859377 0.00415656 0.843232 0.00736752 0.00715991 0.0053547 0.00856788 0.0109087 0.0305229 0.0110947 0.0129146 0.00931057 0.00899221 0.0139714 0.047699 0.0215052 0.0103379 0.0109289 0.0176199 0.127805 0.0448 0.0792483 0.0384563 0.0259799 0.00943697 0.0110574 0.0172918 0.0312358 0.0155323 0.00937946 0.00963206 0.0144646 0.0181327 0.0170237 0.0100244 0.00914647 0.0102425 0.0157408 0.012874 0.0107136 0.00867731 0.00871742 0.0103702 0.0156158 0.0122767 0.00927155 0.0100401 0.0131973 0.017501 0.0133213 0.00998554 0.00829713 
0.00882242 0.00966202 0.00522116 0.00410972 0.0037597 0.00372181 0.00372862 0.00369448 0 0.00394841 0.00389326 0.865796 0.00449117 0.00700089 0.00515777 0.00622867 0.00757797 0.0164697 0.010336 0.0192075 0.0193303 0.0133589 0.0101246 0.0146066 0.0242308 0.030331 0.0116799 0.00910308 0.0493169 0.0186725 0.0267238 0.022712 0.0245905 0.0161061 0.0127742 0.00965807 0.0187997 0.0126744 0.0145817 0.00913905 0.00957683 0.0106673 0.0151244 0.0146109 0.0105629 0.00892858 0.0114141 0.00983523 0.010365 0.0114608 0.00858993 0.00875618 0.00990376 0.0111146 0.0134069 0.00973769 0.00987415 0.0120868 0.0112001 0.010601 0.00938036 0.00825719 
0.00981405 0.0125916 0.00547219 0.00379599 0.00383881 0.00378124 0.00372726 0.0037928 0.00394841 0 0.853352 0.00416938 0.00414614 0.00390098 0.00475935 0.00685844 0.0133811 0.00761383 0.0091803 0.0104205 0.00865408 0.0116678 0.013816 0.0146098 0.0100757 0.0105212 0.0138129 0.027273 0.00964491 0.0102677 0.0106623 0.0103303 0.0102701 0.0100757 0.0107651 0.0119128 0.00927201 0.00990656 0.00936665 0.00900632 0.0116871 0.00874213 0.00907521 0.00961971 0.0108956 0.0101578 0.00880616 0.00857181 0.00862489 0.00881286 0.00901621 0.00960872 0.00847398 0.0086821 0.00952198 0.00984175 0.0112892 0.0085863 0.00871126 0.00867169 0.00852975 0.00851788 
0.00908439 0.00964688 0.00705453 0.00574671 0.00481425 0.00745617 0.00496573 0.00859377 0.00389326 0.853352 0 0.00370799 0.00369411 0.00374516 0.00383901 0.00593526 0.00596268 0.00714825 0.00636531 0.0137878 0.0407331 0.0662424 0.013421 0.0156436 0.0135842 0.0105372 0.0143378 0.010028 0.0104689 0.0111613 0.0125684 0.012157 0.0109012 0.0109131 0.0115615 0.00962939 0.0097985 0.00895447 0.0104853 0.0105074 0.00914827 0.00921901 0.0089624 0.00914794 0.011309 0.00854788 0.0084673 0.0083994 0.00849346 0.00874782 0.0098593 0.00864137 0.00854322 0.00851623 0.00882607 0.0094131 0.00926087 0.00901927 0.00865537 0.008807 0.00855657 0.0088356 
0.00818518 0.00835319 0.00605299 0.00576058 0.00717947 0.0046489 0.0254649 0.00415656 0.865796 0.00416938 0.00370799 0 0.00379385 0.0037146 0.00377993 0.0038161 0.00508148 0.00574171 0.0114968 0.0195218 0.760874 0.00743073 0.00913798 0.0117351 0.023982 0.0161062 0.00977486 0.008792 0.0163351 0.0148197 0.0306424 0.0189331 0.0238415 0.011361 0.00961273 0.00912031 0.0109946 0.0147602 0.0122357 0.0093126 0.0087112 0.00977514 0.0114636 0.0105459 0.0103869 0.00866721 0.00892686 0.0101686 0.0087429 0.01172 0.00849733 0.00840866 0.00938546 0.00947219 0.0107294 0.00926311 0.00931583 0.0108205 0.0106817 0.00924152 0.00919112 0.00831859 
0.00820374 0.00864627 0.00647923 0.00966871 0.00619432 0.0231611 0.0126004 0.843232 0.00449117 0.00414614 0.00369411 0.00379385 0 0.00385907 0.003744 0.0041554 0.00450707 0.00909848 0.0152745 0.917242 0.0102735 0.00773713 0.00952489 0.0121982 0.0224514 0.0172221 0.0100116 0.00923682 0.0133287 0.0482329 0.0247494 0.0565989 0.0218231 0.0155795 0.00890068 0.0103817 0.0140219 0.0151941 0.0147834 0.00891955 0.00948292 0.0107744 0.0145806 0.0140543 0.00962592 0.00896197 0.0114708 0.0106912 0.0163941 0.0104016 0.00889331 0.00880178 0.0095653 0.0139588 0.011708 0.009954 0.00942424 0.0121293 0.0122538 0.0142526 0.00922463 0.00829312 
0.00816527 0.00817358 0.00904699 0.00687213 0.0244173 0.010833 0.871316 0.00736752 0.00700089 0.00390098 0.00374516 0.0037146 0.00385907 0 0.00372409 0.00372439 0.00593826 0.00820252 0.959806 0.0123842 0.00745647 0.00657086 0.00945946 0.0112446 0.0235896 0.0148237 0.0104929 0.00900207 0.0181105 0.0161204 0.0802726 0.0230537 0.049547 0.0100599 0.009631 0.00925608 0.0109329 0.0297145 0.0100816 0.0094012 0.00875886 0.0099166 0.0224171 0.00970409 0.0107027 0.00885657 0.0086734 0.0180382 0.00910348 0.0108615 0.00856395 0.00855725 0.00998927 0.0127101 0.0106135 0.00965368 0.00910706 0.0098485 0.0161142 0.0105078 0.00918865 0.00854356 
0.00879815 0.0102973 0.00828281 0.0239143 0.00843697 0.798395 0.0113352 0.00715991 0.00515777 0.00475935 0.00383901 0.00377993 0.003744 0.00372409 0 0.00412986 0.00766118 0.982499 0.00821835 0.00953682 0.0071776 0.00814726 0.0101688 0.0130684 0.0145744 0.0182853 0.0103106 0.0117554 0.0121115 0.0251192 0.0121123 0.0219949 0.0118053 0.0172941 0.00896285 0.00953307 0.0155356 0.00980702 0.0123786 0.00869798 0.00893872 0.0103809 0.00930954 0.0161523 0.00945475 0.00886822 0.0113511 0.00905422 0.0102006 0.00872155 0.00917386 0.00991991 0.00968803 0.00952418 0.0110603 0.0090323 0.00860793 0.00968832 0.00915777 0.0093463 0.0089346 0.00841274 
0.0110621 0.0109603 0.0473059 0.0124274 0.179375 0.00865385 0.00718301 0.0053547 0.00622867 0.00685844 0.00593526 0.0038161 0.0041554 0.00372439 0.00412986 0 0.988875 0.00501993 0.00524594 0.00460049 0.00500919 0.00710895 0.0187548 0.0152721 0.010433 0.00944859 0.0100748 0.0165124 0.0132886 0.00941812 0.0105609 0.00914075 0.0104268 0.00871099 0.013838 0.0116171 0.00876831 0.00953643 0.00861264 0.00882748 0.0134604 0.00852749 0.00917078 0.00859659 0.00948715 0.0137093 0.00873694 0.00864081 0.00837587 0.00875298 0.00838824 0.0101218 0.00861521 0.00841376 0.00872108 0.00980021 0.0104819 0.0084791 0.00874538 0.00841639 0.00839873 0.00882987 
0.0127907 0.00949513 0.0410002 0.00915382 0.0201947 0.00795726 0.0107519 0.00856788 0.00757797 0.0133811 0.00596268 0.00508148 0.00450707 0.00593826 0.00766118 0.988875 0 0.00379695 0.00379024 0.00373737 0.00390017 0.00429586 0.0504758 0.0374199 0.0144301 0.0105685 0.0180018 0.0138927 0.0189196 0.0102723 0.0278659 0.0101022 0.0179826 0.00981758 0.0325464 0.0094336 0.00961051 0.0103061 0.00953258 0.01742 0.0114477 0.00877701 0.0105729 0.00866281 0.0170947 0.0108057 0.00835147 0.00945072 0.00830729 0.0119504 0.00953256 0.00973259 0.00861298 0.00876247 0.0092622 0.0118305 0.0116934 0.00862033 0.0107477 0.00880858 0.0094513 0.0111601 
0.00840058 0.0101729 0.00862216 0.0516182 0.00887127 0.0278273 0.0158009 0.0109087 0.0164697 0.00761383 0.00714825 0.00574171 0.00909848 0.00820252 0.982499 0.00501993 0.00379695 0 0.00372556 0.00374987 0.00373616 0.00406401 0.0120483 0.0186135 0.0320593 0.0182514 0.0106392 0.0120807 0.0121089 0.0892032 0.0143687 0.0622872 0.0110928 0.0323407 0.00916602 0.010543 0.0187084 0.0100908 0.0256815 0.00927396 0.00906984 0.0147106 0.00942702 0.0223658 0.00909311 0.0085939 0.0118311 0.00878587 0.0135344 0.00876606 0.00957561 0.00863913 0.00971123 0.0105174 0.0108656 0.00860784 0.00949343 0.0168272 0.00904461 0.0118886 0.010366 0.00842624 
0.00856038 0.00818631 0.019536 0.00891357 0.0449593 0.0109447 0.0205932 0.0305229 0.010336 0.0091803 0.00636531 0.0114968 0.0152745 0.959806 0.00821835 0.00524594 0.00379024 0.00372556 0 0.00369879 0.00378235 0.00380554 0.0210976 0.0171379 0.0346643 0.0265511 0.0104505 0.00968931 0.0370311 0.0188556 0.135271 0.0188612 0.107288 0.0110764 0.0119364 0.0101254 0.0128302 0.073927 0.0112428 0.0107598 0.0107308 0.010145 0.0562059 0.0103271 0.0125352 0.0101429 0.0088931 0.0258259 0.00960492 0.0186389 0.0086262 0.00963664 0.0107126 0.0183968 0.0126166 0.0103947 0.0105384 0.0111356 0.0202697 0.0131464 0.00987861 0.00858152 
0.00825049 0.00922769 0.00915757 0.0253554 0.00974961 0.019866 0.0160306 0.0110947 0.0192075 0.0104205 0.0137878 0.0195218 0.917242 0.0123842 0.00953682 0.00460049 0.00373737 0.00374987 0.00369879 0 0.00371853 0.00398453 0.0125363 0.0126006 0.0310729 0.0346668 0.0127224 0.0117682 0.012619 0.0308947 0.012573 0.0452218 0.0141773 0.0297188 0.00951971 0.01026 0.0247298 0.011406 0.0177916 0.00945845 0.00916457 0.014974 0.0103391 0.0225527 0.0112705 0.00909866 0.0125521 0.00925203 0.0117381 0.010339 0.0100838 0.00879158 0.0108727 0.0113096 0.0153788 0.0111275 0.00913171 0.0119788 0.0113052 0.0105491 0.0107366 0.00848306 
0.00840364 0.0089147 0.0177742 0.0094198 0.0110375 0.0121309 0.0139316 0.0129146 0.0193303 0.00865408 0.0407331 0.760874 0.0102735 0.00745647 0.0071776 0.00500919 0.00390017 0.00373616 0.00378235 0.00371853 0 0.0040545 0.0155831 0.0208618 0.014934 0.0136753 0.0218522 0.0119188 0.013593 0.0131933 0.0262588 0.0136341 0.021008 0.0109313 0.0118156 0.013188 0.00958612 0.0148586 0.0105874 0.0107061 0.0123828 0.00916584 0.0138791 0.010138 0.0129958 0.00994731 0.00884489 0.0104503 0.0091274 0.00998562 0.009498 0.00992342 0.00897268 0.0114257 0.0110452 0.0116363 0.00998855 0.00965043 0.0119233 0.0106164 0.00907867 0.00863746 
0.0149812 0.0176781 0.0152768 0.0132287 0.0106671 0.0111065 0.0107346 0.00931057 0.0133589 0.0116678 0.0662424 0.00743073 0.00773713 0.00657086 0.00814726 0.00710895 0.00429586 0.00406401 0.00380554 0.00398453 0.0040545 0 0.479514 0.0217714 0.0164184 0.0169901 0.0304457 0.0220113 0.0106575 0.0136209 0.0111503 0.0138684 0.0106678 0.0183688 0.0154873 0.0134402 0.00961705 0.00903017 0.0125359 0.0117802 0.0122517 0.00954249 0.00905118 0.0109842 0.0128737 0.0117382 0.00861172 0.00859789 0.0086064 0.00892568 0.0120658 0.0101675 0.00882686 0.00906568 0.0107937 0.0116583 0.0107325 0.00912083 0.0090554 0.00880697 0.00876331 0.0102857 
0.0197869 0.0140963 0.0328035 0.00939963 0.0132286 0.00905602 0.0119267 0.00899221 0.0101246 0.013816 0.013421 0.00913798 0.00952489 0.00945946 0.0101688 0.0187548 0.0504758 0.0120483 0.0210976 0.0125363 0.0155831 0.479514 0 0.0706994 0.01283 0.00453018 0.00859737 0.0135381 0.0114411 0.0079349 0.00994575 0.00857619 0.0127283 0.0111297 0.029714 0.0122153 0.00971352 0.00914805 0.0105631 0.0135638 0.0257741 0.0113057 0.0107315 0.00956889 0.0187445 0.0233685 0.00909997 0.00945843 0.00867973 0.0101021 0.0122335 0.0185541 0.00978335 0.00896578 0.0101926 0.0149961 0.01986 0.00973973 0.010505 0.00875348 0.0101608 0.0145207 
0.0105802 0.00964066 0.0201992 0.012804 0.0159578 0.0140214 0.0186217 0.0139714 0.0146066 0.0146098 0.0156436 0.0117351 0.0121982 0.0112446 0.0130684 0.0152721 0.0374199 0.0186135 0.0171379 0.0126006 0.0208618 0.0217714 0.0706994 0 0.00395983 0.0037615 0.00467198 0.00783333 0.00803958 0.0157105 0.0316153 0.0174883 0.0110346 0.0158199 0.0238212 0.014008 0.015315 0.0109859 0.018675 0.018015 0.0226355 0.0205455 0.0136917 0.0147716 0.0247259 0.022274 0.0145491 0.0119107 0.0124515 0.0131827 0.018423 0.0296397 0.0187354 0.0125985 0.0185944 0.0190739 0.0316761 0.0207519 0.0188091 0.0164815 0.0153428 0.0155408 
0.00845762 0.00836526 0.013677 0.0216025 0.0244834 0.0390096 0.0335161 0.047699 0.0242308 0.0100757 0.0135842 0.023982 0.0224514 0.0235896 0.0145744 0.010433 0.0144301 0.0320593 0.0346643 0.0310729 0.014934 0.0164184 0.01283 0.00395983 0 0.00392338 0.00377264 0.00515308 0.0108486 0.0244645 0.0195761 0.0112648 0.0164838 0.0132257 0.0197896 0.0117402 0.0180465 0.0270209 0.0181102 0.00857785 0.017671 0.0272534 0.0307297 0.0283563 0.0132439 0.0155498 0.029828 0.0271387 0.0197684 0.0209555 0.0107464 0.0220018 0.0386793 0.0527884 0.0286614 0.0118247 0.025031 0.047117 0.0376357 0.0583587 0.0214464 0.00997671 
0.00816191 0.00815995 0.0113223 0.0134302 0.017755 0.0168177 0.029128 0.0215052 0.030331 0.0105212 0.0105372 0.0161062 0.0172221 0.0148237 0.0182853 0.00944859 0.0105685 0.0182514 0.0265511 0.0346668 0.0136753 0.0169901 0.00453018 0.0037615 0.00392338 0 0.00372736 0.00439458 0.0117907 0.00796328 0.00752823 0.0134984 0.0130258 0.00916948 0.00760019 0.00777217 0.02097 0.0128839 0.0136392 0.00755243 0.0100336 0.0241084 0.0213384 0.0348226 0.0149741 0.0105066 0.0196599 0.0139708 0.015881 0.0276903 0.0101002 0.0110581 0.0261659 0.0284533 0.0430621 0.0139914 0.0120529 0.0322376 0.0353871 0.0243516 0.032383 0.0088702 
0.00943099 0.011106 0.0178407 0.0124079 0.00998423 0.0119666 0.0112304 0.0103379 0.0116799 0.0138129 0.0143378 0.00977486 0.0100116 0.0104929 0.0103106 0.0100748 0.0180018 0.0106392 0.0104505 0.0127224 0.0218522 0.0304457 0.00859737 0.00467198 0.00377264 0.00372736 0 0.0146551 0.0119317 0.0044645 0.00619621 0.0052779 0.00699531 0.00768081 0.00831754 0.0161153 0.00925313 0.0105811 0.00880098 0.00789782 0.0197396 0.0110575 0.010764 0.01361 0.0195712 0.0271348 0.00975214 0.00964949 0.00970852 0.0107404 0.0132045 0.0209952 0.0114442 0.0130882 0.0143009 0.0191362 0.0213688 0.01178 0.012741 0.0120138 0.0102739 0.0107867 
0.0102043 0.0112497 0.0125779 0.0120188 0.00939411 0.0116293 0.0102265 0.0109289 0.00910308 0.027273 0.010028 0.008792 0.00923682 0.00900207 0.0117554 0.0165124 0.0138927 0.0120807 0.00968931 0.0117682 0.0119188 0.0220113 0.0135381 0.00783333 0.00515308 0.00439458 0.0146551 0 0.00403392 0.00372967 0.00375669 0.00562987 0.00413349 0.00438707 0.00610853 0.00816653 0.00853356 0.00650149 0.0150078 0.0141835 0.0149229 0.0134214 0.0110904 0.0112451 0.0260085 0.0159018 0.011255 0.00923537 0.0111301 0.0110909 0.0806924 0.0176154 0.0106148 0.0101759 0.0111917 0.0177916 0.0351776 0.0148825 0.0108987 0.0123081 0.012824 0.0246461 
0.00924001 0.00815228 0.0162922 0.0109437 0.0295779 0.01282 0.0362902 0.0176199 0.0493169 0.00964491 0.0104689 0.0163351 0.0133287 0.0181105 0.0121115 0.0132886 0.0189196 0.0121089 0.0370311 0.012619 0.013593 0.0106575 0.0114411 0.00803958 0.0108486 0.0117907 0.0119317 0.00403392 0 0.00387753 0.00373401 0.00379044 0.00390488 0.0041022 0.00495968 0.00701295 0.00917536 0.0132739 0.0127201 0.0106722 0.0146325 0.025785 0.0183188 0.0205715 0.0209589 0.0161204 0.0155197 0.0371242 0.0103544 0.124761 0.0109896 0.019146 0.0290094 0.0198586 0.0248529 0.0142711 0.0377399 0.0399026 0.0406891 0.0217103 0.0326488 0.0127331 
0.00849436 0.00850559 0.00958322 0.0476547 0.0139371 0.10964 0.0380312 0.127805 0.0186725 0.0102677 0.0111613 0.0148197 0.0482329 0.0161204 0.0251192 0.00941812 0.0102723 0.0892032 0.0188556 0.0308947 0.0131933 0.0136209 0.0079349 0.0157105 0.0244645 0.00796328 0.0044645 0.00372967 0.00387753 0 0.00369698 0.0037541 0.00384304 0.00389839 0.00392974 0.00731678 0.0149252 0.0161569 0.0287818 0.0124448 0.0119832 0.0238499 0.0188915 0.0232491 0.0121182 0.0114838 0.0335646 0.0127689 0.198612 0.0129756 0.0171428 0.0140446 0.036514 0.0949601 0.0240809 0.0130227 0.0173605 0.089935 0.0526887 0.14109 0.0237745 0.0105586 
0.00936006 0.00822372 0.0276349 0.0109317 0.17468 0.0207574 0.225449 0.0448 0.0267238 0.0106623 0.0125684 0.0306424 0.0247494 0.0802726 0.0121123 0.0105609 0.0278659 0.0143687 0.135271 0.012573 0.0262588 0.0111503 0.00994575 0.0316153 0.0195761 0.00752823 0.00619621 0.00375669 0.00373401 0.00369698 0 0.00373885 0.0038227 0.00382501 0.00383686 0.00647699 0.0173423 0.0348237 0.0237946 0.0253831 0.013109 0.016005 0.0453798 0.0142226 0.019654 0.0219054 0.0106973 0.248535 0.0131468 0.0489623 0.0101094 0.0259853 0.0527208 0.0653319 0.0258935 0.0167936 0.0451721 0.0334109 0.230515 0.0648072 0.0409347 0.0110262 
0.00857646 0.00867034 0.00955249 0.043474 0.016229 0.243825 0.0399855 0.0792483 0.022712 0.0103303 0.012157 0.0189331 0.0565989 0.0230537 0.0219949 0.00914075 0.0101022 0.0622872 0.0188612 0.0452218 0.0136341 0.0138684 0.00857619 0.0174883 0.0112648 0.0134984 0.0052779 0.00562987 0.00379044 0.0037541 0.00373885 0 0.00373842 0.00378972 0.00378528 0.00535519 0.0247761 0.0365343 0.0479371 0.00573066 0.00893439 0.0263265 0.0157441 0.0347532 0.0119986 0.0108352 0.139629 0.0141645 0.11077 0.0135148 0.0147594 0.0129027 0.050761 0.0818342 0.0373513 0.0143562 0.0159981 0.106802 0.0580451 0.190067 0.0349165 0.0106413 
0.00874411 0.00806888 0.017704 0.011372 0.126607 0.0171998 0.127186 0.0384563 0.0245905 0.0102701 0.0109012 0.0238415 0.0218231 0.049547 0.0118053 0.0104268 0.0179826 0.0110928 0.107288 0.0141773 0.021008 0.0106678 0.0127283 0.0110346 0.0164838 0.0130258 0.00699531 0.00413349 0.00390488 0.00384304 0.0038227 0.00373842 0 0.00376973 0.00377954 0.00596353 0.0262587 0.0793482 0.0120557 0.00550691 0.00965198 0.013268 0.0566454 0.012563 0.0179848 0.0452652 0.0106644 0.101747 0.0124313 0.0355099 0.0100009 0.0130993 0.0203259 0.0934744 0.0353034 0.0193219 0.0285897 0.0242781 0.168335 0.0506081 0.0325642 0.0116366 
0.00878255 0.00988782 0.0103453 0.0645913 0.00932278 0.0264034 0.0151932 0.0259799 0.0161061 0.0100757 0.0109131 0.011361 0.0155795 0.0100599 0.0172941 0.00871099 0.00981758 0.0323407 0.0110764 0.0297188 0.0109313 0.0183688 0.0111297 0.0158199 0.0132257 0.00916948 0.00768081 0.00438707 0.0041022 0.00389839 0.00382501 0.00378972 0.00376973 0 0.00377597 0.0222501 0.0372611 0.00611432 0.00631238 0.00466943 0.00815516 0.0274384 0.00916928 0.0253975 0.0123969 0.0122481 0.0482597 0.00933727 0.0273854 0.0108626 0.0193175 0.0124786 0.0207276 0.0218753 0.0365284 0.0134242 0.0136683 0.0480345 0.0155394 0.0332899 0.0238281 0.0106374 
0.0110914 0.0101933 0.0418611 0.0092851 0.0137655 0.00937599 0.0110426 0.00943697 0.0127742 0.0107651 0.0115615 0.00961273 0.00890068 0.009631 0.00896285 0.013838 0.0325464 0.00916602 0.0119364 0.00951971 0.0118156 0.0154873 0.029714 0.0238212 0.0197896 0.00760019 0.00831754 0.00610853 0.00495968 0.00392974 0.00383686 0.00378528 0.00377954 0.00377597 0 0.0298207 0.0112778 0.0074346 0.0046364 0.00504713 0.0197501 0.00924378 0.00959536 0.00989893 0.0230692 0.0602284 0.00883339 0.0117412 0.00890048 0.0189026 0.0101469 0.0238694 0.0122828 0.0109598 0.0122414 0.0290571 0.0313802 0.0106688 0.0154564 0.0104711 0.0111135 0.0144767 
0.00878457 0.00845313 0.00920942 0.0102898 0.00984832 0.0110712 0.0128083 0.0110574 0.00965807 0.0119128 0.00962939 0.00912031 0.0103817 0.00925608 0.00953307 0.0116171 0.0094336 0.010543 0.0101254 0.01026 0.013188 0.0134402 0.0122153 0.014008 0.0117402 0.00777217 0.0161153 0.00816653 0.00701295 0.00731678 0.00647699 0.00535519 0.00596353 0.0222501 0.0298207 0 0.00379929 0.00376711 0.00376592 0.00376865 0.00431468 0.00604407 0.0109225 0.0134739 0.846917 0.010365 0.00907703 0.00844626 0.00919987 0.0111569 0.023253 0.0151899 0.0114768 0.0113213 0.0126614 0.0188822 0.0290231 0.0185963 0.0135888 0.0140095 0.0152755 0.0203167 
0.00809051 0.00804372 0.00911828 0.0122793 0.0107207 0.0211354 0.0176817 0.0172918 0.0187997 0.00927201 0.0097985 0.0109946 0.0140219 0.0109329 0.0155356 0.00876831 0.00961051 0.0187084 0.0128302 0.0247298 0.00958612 0.00961705 0.00971352 0.015315 0.0180465 0.02097 0.00925313 0.00853356 0.00917536 0.0149252 0.0173423 0.0247761 0.0262587 0.0372611 0.0112778 0.00379929 0 0.00373476 0.00379658 0.00374681 0.00420793 0.0114726 0.00843669 0.915641 0.00846705 0.00865006 0.0102224 0.00946786 0.0131165 0.0211292 0.0102839 0.0128938 0.0233644 0.0173341 0.0294954 0.0108863 0.0158128 0.0373638 0.0242093 0.0347755 0.0306151 0.00968418 
0.00809953 0.00793591 0.0101231 0.00958926 0.0351523 0.0146126 0.0533845 0.0312358 0.0126744 0.00990656 0.00895447 0.0147602 0.0151941 0.0297145 0.00980702 0.00953643 0.0103061 0.0100908 0.073927 0.011406 0.0148586 0.00903017 0.00914805 0.0109859 0.0270209 0.0128839 0.0105811 0.00650149 0.0132739 0.0161569 0.0348237 0.0365343 0.0793482 0.00611432 0.0074346 0.00376711 0.00373476 0 0.00372509 0.00372132 0.00421047 0.0105289 0.950978 0.00700933 0.00768226 0.00844295 0.00860819 0.0185865 0.0171237 0.01458 0.00973038 0.012738 0.0182318 0.0601238 0.0176621 0.0144066 0.0164676 0.0193269 0.121932 0.0467903 0.0203634 0.0106312 
0.00815893 0.00930943 0.00900439 0.0166883 0.00937338 0.0195917 0.015484 0.0155323 0.0145817 0.00936665 0.0104853 0.0122357 0.0147834 0.0100816 0.0123786 0.00861264 0.00953258 0.0256815 0.0112428 0.0177916 0.0105874 0.0125359 0.0105631 0.018675 0.0181102 0.0136392 0.00880098 0.0150078 0.0127201 0.0287818 0.0237946 0.0479371 0.0120557 0.00631238 0.0046364 0.00376592 0.00379658 0.00372509 0 0.00370875 0.00435943 0.964655 0.00564885 0.0053511 0.00558856 0.0091155 0.0132382 0.0135841 0.0124549 0.00906416 0.0103593 0.0117364 0.0203018 0.0197099 0.0289502 0.0114326 0.0159069 0.0435517 0.0184135 0.0261898 0.0217455 0.00938854 
0.00836521 0.00902031 0.0164396 0.00852808 0.0104199 0.00924771 0.00992367 0.00937946 0.00913905 0.00900632 0.0105074 0.0093126 0.00891955 0.0094012 0.00869798 0.00882748 0.01742 0.00927396 0.0107598 0.00945845 0.0107061 0.0117802 0.0135638 0.018015 0.00857785 0.00755243 0.00789782 0.0141835 0.0106722 0.0124448 0.0253831 0.00573066 0.00550691 0.00466943 0.00504713 0.00376865 0.00374681 0.00372132 0.00370875 0 0.954962 0.00417884 0.00381753 0.00387532 0.00634264 0.0113683 0.00611964 0.00611987 0.00661048 0.00800462 0.00711903 0.0132412 0.00983502 0.00998509 0.0107426 0.0117474 0.0231869 0.0112071 0.0132556 0.0108762 0.0109736 0.0104997 
0.0103464 0.00898647 0.0127128 0.00854314 0.0114956 0.00928869 0.0116815 0.00963206 0.00957683 0.0116871 0.00914827 0.0087112 0.00948292 0.00875886 0.00893872 0.0134604 0.0114477 0.00906984 0.0107308 0.00916457 0.0123828 0.0122517 0.0257741 0.0226355 0.017671 0.0100336 0.0197396 0.0149229 0.0146325 0.0119832 0.013109 0.00893439 0.00965198 0.00815516 0.0197501 0.00431468 0.00420793 0.00421047 0.00435943 0.954962 0 0.00378482 0.00372704 0.00375981 0.00409102 0.00687897 0.00557468 0.0106475 0.00738063 0.0187255 0.0227822 0.0119302 0.0100055 0.0100631 0.015735 0.0272733 0.0355351 0.0131239 0.0172161 0.0124761 0.0172621 0.0308125 
0.00835292 0.00809245 0.00864131 0.0123511 0.00929364 0.0183406 0.0111967 0.0144646 0.0106673 0.00874213 0.00921901 0.00977514 0.0107744 0.0099166 0.0103809 0.00852749 0.00877701 0.0147106 0.010145 0.014974 0.00916584 0.00954249 0.0113057 0.0205455 0.0272534 0.0241084 0.0110575 0.0134214 0.025785 0.0238499 0.016005 0.0263265 0.013268 0.0274384 0.00924378 0.00604407 0.0114726 0.0105289 0.964655 0.00417884 0.00378482 0 0.00370727 0.00373533 0.00381006 0.00639659 0.0132355 0.00843398 0.0120018 0.012846 0.0118785 0.00957711 0.0184994 0.0166834 0.0216317 0.0100341 0.0143365 0.0832459 0.014747 0.0719042 0.0269366 0.00987557 
0.00831677 0.00800674 0.0123005 0.00892528 0.0303031 0.0123904 0.0474284 0.0181327 0.0151244 0.00907521 0.0089624 0.0114636 0.0145806 0.0224171 0.00930954 0.00917078 0.0105729 0.00942702 0.0562059 0.0103391 0.0138791 0.00905118 0.0107315 0.0136917 0.0307297 0.0213384 0.010764 0.0110904 0.0183188 0.0188915 0.0453798 0.0157441 0.0566454 0.00916928 0.00959536 0.0109225 0.00843669 0.950978 0.00564885 0.00381753 0.00372704 0.00370727 0 0.00370864 0.00371089 0.00604719 0.00934364 0.0244235 0.00872869 0.0108972 0.00635249 0.010011 0.0120193 0.0375153 0.014849 0.0122107 0.0267231 0.0166987 0.221525 0.0376743 0.021434 0.0110177 
0.00803954 0.00833411 0.0085774 0.0141524 0.00933768 0.0191894 0.0120933 0.0170237 0.0146109 0.00961971 0.00914794 0.0105459 0.0140543 0.00970409 0.0161523 0.00859659 0.00866281 0.0223658 0.0103271 0.0225527 0.010138 0.0109842 0.00956889 0.0147716 0.0283563 0.0348226 0.01361 0.0112451 0.0205715 0.0232491 0.0142226 0.0347532 0.012563 0.0253975 0.00989893 0.0134739 0.915641 0.00700933 0.0053511 0.00387532 0.00375981 0.00373533 0.00370864 0 0.00402234 0.00866546 0.0189369 0.0111661 0.00774054 0.00674043 0.00814468 0.00768495 0.0233249 0.0164736 0.0257831 0.011886 0.0123389 0.0620844 0.0231805 0.0585871 0.0293588 0.0105631 
0.00913441 0.00941397 0.0157255 0.00890883 0.0115747 0.00958024 0.0116601 0.0100244 0.0105629 0.0108956 0.011309 0.0103869 0.00962592 0.0107027 0.00945475 0.00948715 0.0170947 0.00909311 0.0125352 0.0112705 0.0129958 0.0128737 0.0187445 0.0247259 0.0132439 0.0149741 0.0195712 0.0260085 0.0209589 0.0121182 0.019654 0.0119986 0.0179848 0.0123969 0.0230692 0.846917 0.00846705 0.00768226 0.00558856 0.00634264 0.00409102 0.00381006 0.00371089 0.00402234 0 0.0377918 0.0109092 0.00783721 0.00484897 0.00706307 0.00689333 0.0194189 0.0127202 0.0116117 0.0161051 0.0235494 0.0372495 0.013643 0.0267725 0.016427 0.0196387 0.0177767 
0.00977907 0.00887295 0.0111773 0.00861479 0.00923889 0.00906119 0.00929704 0.00914647 0.00892858 0.0101578 0.00854788 0.00866721 0.00896197 0.00885657 0.00886822 0.0137093 0.0108057 0.0085939 0.0101429 0.00909866 0.00994731 0.0117382 0.0233685 0.022274 0.0155498 0.0105066 0.0271348 0.0159018 0.0161204 0.0114838 0.0219054 0.0108352 0.0452652 0.0122481 0.0602284 0.010365 0.00865006 0.00844295 0.0091155 0.0113683 0.00687897 0.00639659 0.00604719 0.00866546 0.0377918 0 0.00382061 0.00378251 0.00377137 0.00382077 0.00498512 0.00752569 0.0065062 0.00784643 0.00896299 0.0345564 0.0360854 0.0154187 0.0130303 0.012312 0.0135754 0.0405389 
0.00811096 0.00790756 0.00818025 0.0102746 0.00899709 0.010901 0.010823 0.0102425 0.0114141 0.00880616 0.0084673 0.00892686 0.0114708 0.0086734 0.0113511 0.00873694 0.00835147 0.0118311 0.0088931 0.0125521 0.00884489 0.00861172 0.00909997 0.0145491 0.029828 0.0196599 0.00975214 0.011255 0.0155197 0.0335646 0.0106973 0.139629 0.0106644 0.0482597 0.00883339 0.00907703 0.0102224 0.00860819 0.0132382 0.00611964 0.00557468 0.0132355 0.00934364 0.0189369 0.0109092 0.00382061 0 0.00386523 0.00375065 0.00391497 0.00385865 0.00491423 0.00671039 0.00804471 0.0359975 0.0227908 0.0124562 0.0469612 0.0130084 0.016481 0.0265439 0.00989249 
0.00818232 0.00793738 0.00967652 0.00836306 0.0178522 0.00990784 0.0157202 0.0157408 0.00983523 0.00857181 0.0083994 0.0101686 0.0106912 0.0180382 0.00905422 0.00864081 0.00945072 0.00878587 0.0258259 0.00925203 0.0104503 0.00859789 0.00945843 0.0119107 0.0271387 0.0139708 0.00964949 0.00923537 0.0371242 0.0127689 0.248535 0.0141645 0.101747 0.00933727 0.0117412 0.00844626 0.00946786 0.0185865 0.0135841 0.00611987 0.0106475 0.00843398 0.0244235 0.0111661 0.00783721 0.00378251 0.00386523 0 0.00371869 0.00370335 0.00372914 0.0043415 0.00620314 0.0233029 0.0113148 0.0189944 0.0166284 0.0136134 0.0488715 0.0293843 0.0134301 0.00999066 
0.00814762 0.00819024 0.00834443 0.012772 0.00883657 0.0195928 0.012553 0.012874 0.010365 0.00862489 0.00849346 0.0087429 0.0163941 0.00910348 0.0102006 0.00837587 0.00830729 0.0135344 0.00960492 0.0117381 0.0091274 0.0086064 0.00867973 0.0124515 0.0197684 0.015881 0.00970852 0.0111301 0.0103544 0.198612 0.0131468 0.11077 0.0124313 0.0273854 0.00890048 0.00919987 0.0131165 0.0171237 0.0124549 0.00661048 0.00738063 0.0120018 0.00872869 0.00774054 0.00484897 0.00377137 0.00375065 0.00371869 0 0.00370274 0.0037614 0.00410118 0.0177424 0.0340537 0.0133155 0.00747723 0.0108209 0.0369404 0.018136 0.0343601 0.0148767 0.00961683 
0.00823649 0.00800939 0.0112363 0.00871373 0.0144616 0.00911135 0.0140336 0.0107136 0.0114608 0.00881286 0.00874782 0.01172 0.0104016 0.0108615 0.00872155 0.00875298 0.0119504 0.00876606 0.0186389 0.010339 0.00998562 0.00892568 0.0101021 0.0131827 0.0209555 0.0276903 0.0107404 0.0110909 0.124761 0.0129756 0.0489623 0.0135148 0.0355099 0.0108626 0.0189026 0.0111569 0.0211292 0.01458 0.00906416 0.00800462 0.0187255 0.012846 0.0108972 0.00674043 0.00706307 0.00382077 0.00391497 0.00370335 0.00370274 0 0.0038332 0.0145251 0.0266067 0.021368 0.0170044 0.00690936 0.020431 0.0180676 0.0374569 0.0135007 0.0272855 0.013634 
0.00905419 0.0100314 0.00897686 0.0111085 0.00828249 0.00933714 0.00861807 0.00867731 0.00858993 0.00901621 0.0098593 0.00849733 0.00889331 0.00856395 0.00917386 0.00838824 0.00953256 0.00957561 0.0086262 0.0100838 0.009498 0.0120658 0.0122335 0.018423 0.0107464 0.0101002 0.0132045 0.0806924 0.0109896 0.0171428 0.0101094 0.0147594 0.0100009 0.0193175 0.0101469 0.023253 0.0102839 0.00973038 0.0103593 0.00711903 0.0227822 0.0118785 0.00635249 0.00814468 0.00689333 0.00498512 0.00385865 0.00372914 0.0037614 0.0038332 0 0.0344608 0.0156264 0.0141648 0.00733544 0.00793642 0.0135517 0.0156982 0.0100352 0.013441 0.0120135 0.0152529 
0.00913217 0.00872989 0.0106314 0.00847335 0.00927403 0.00868229 0.00933195 0.00871742 0.00875618 0.00960872 0.00864137 0.00840866 0.00880178 0.00855725 0.00991991 0.0101218 0.00973259 0.00863913 0.00963664 0.00879158 0.00992342 0.0101675 0.0185541 0.0296397 0.0220018 0.0110581 0.0209952 0.0176154 0.019146 0.0140446 0.0259853 0.0129027 0.0130993 0.0124786 0.0238694 0.0151899 0.0128938 0.012738 0.0117364 0.0132412 0.0119302 0.00957711 0.010011 0.00768495 0.0194189 0.00752569 0.00491423 0.0043415 0.00410118 0.0145251 0.0344608 0 0.0037954 0.00375166 0.00379059 0.00388259 0.0523605 0.0178487 0.0184537 0.0157866 0.328104 0.0389221 
0.00827942 0.00799445 0.00863486 0.00929648 0.00962126 0.0114112 0.0113745 0.0103702 0.00990376 0.00847398 0.00854322 0.00938546 0.0095653 0.00998927 0.00968803 0.00861521 0.00861298 0.00971123 0.0107126 0.0108727 0.00897268 0.00882686 0.00978335 0.0187354 0.0386793 0.0261659 0.0114442 0.0106148 0.0290094 0.036514 0.0527208 0.050761 0.0203259 0.0207276 0.0122828 0.0114768 0.0233644 0.0182318 0.0203018 0.00983502 0.0100055 0.0184994 0.0120193 0.0233249 0.0127202 0.0065062 0.00671039 0.00620314 0.0177424 0.0266067 0.0156264 0.0037954 0 0.00374233 0.00381222 0.00377104 0.0276397 0.0566504 0.0261283 0.476868 0.0455748 0.0115404 
0.0082738 0.0080796 0.00850332 0.00940362 0.0119174 0.0138524 0.0164127 0.0156158 0.0111146 0.0086821 0.00851623 0.00947219 0.0139588 0.0127101 0.00952418 0.00841376 0.00876247 0.0105174 0.0183968 0.0113096 0.0114257 0.00906568 0.00896578 0.0125985 0.0527884 0.0284533 0.0130882 0.0101759 0.0198586 0.0949601 0.0653319 0.0818342 0.0934744 0.0218753 0.0109598 0.0113213 0.0173341 0.0601238 0.0197099 0.00998509 0.0100631 0.0166834 0.0375153 0.0164736 0.0116117 0.00784643 0.00804471 0.0233029 0.0340537 0.021368 0.0141648 0.00375166 0.00374233 0 0.00374961 0.00372798 0.0253705 0.0418 0.650481 0.0600594 0.0359158 0.011746 
0.00817721 0.00823397 0.00873169 0.0105535 0.0105503 0.011713 0.0132308 0.0122767 0.0134069 0.00952198 0.00882607 0.0107294 0.011708 0.0106135 0.0110603 0.00872108 0.0092622 0.0108656 0.0126166 0.0153788 0.0110452 0.0107937 0.0101926 0.0185944 0.0286614 0.0430621 0.0143009 0.0111917 0.0248529 0.0240809 0.0258935 0.0373513 0.0353034 0.0365284 0.0122414 0.0126614 0.0294954 0.0176621 0.0289502 0.0107426 0.015735 0.0216317 0.014849 0.0257831 0.0161051 0.00896299 0.0359975 0.0113148 0.0133155 0.0170044 0.00733544 0.00379059 0.00381222 0.00374961 0 0.00373654 0.0193907 0.607192 0.0420995 0.0497877 0.0472987 0.0128134 
0.00860182 0.00865424 0.0109977 0.0086123 0.00948666 0.00947328 0.00970003 0.00927155 0.00973769 0.00984175 0.0094131 0.00926311 0.009954 0.00965368 0.0090323 0.00980021 0.0118305 0.00860784 0.0103947 0.0111275 0.0116363 0.0116583 0.0149961 0.0190739 0.0118247 0.0139914 0.0191362 0.0177916 0.0142711 0.0130227 0.0167936 0.0143562 0.0193219 0.0134242 0.0290571 0.0188822 0.0108863 0.0144066 0.0114326 0.0117474 0.0272733 0.0100341 0.0122107 0.011886 0.0235494 0.0345564 0.0227908 0.0189944 0.00747723 0.00690936 0.00793642 0.00388259 0.00377104 0.00372798 0.00373654 0 0.478228 0.015496 0.0391643 0.0153886 0.0327041 0.0424605 
0.0094935 0.00835386 0.0120979 0.00870093 0.0104334 0.009269 0.0102946 0.0100401 0.00987415 0.0112892 0.00926087 0.00931583 0.00942424 0.00910706 0.00860793 0.0104819 0.0116934 0.00949343 0.0105384 0.00913171 0.00998855 0.0107325 0.01986 0.0316761 0.025031 0.0120529 0.0213688 0.0351776 0.0377399 0.0173605 0.0451721 0.0159981 0.0285897 0.0136683 0.0313802 0.0290231 0.0158128 0.0164676 0.0159069 0.0231869 0.0355351 0.0143365 0.0267231 0.0123389 0.0372495 0.0360854 0.0124562 0.0166284 0.0108209 0.020431 0.0135517 0.0523605 0.0276397 0.0253705 0.0193907 0.478228 0 0.00379619 0.00378709 0.00381683 0.00385476 0.00461808 
0.00877937 0.00818066 0.00864849 0.0134958 0.00979471 0.0160203 0.0136437 0.0131973 0.0120868 0.0085863 0.00901927 0.0108205 0.0121293 0.0098485 0.00968832 0.0084791 0.00862033 0.0168272 0.0111356 0.0119788 0.00965043 0.00912083 0.00973973 0.0207519 0.047117 0.0322376 0.01178 0.0148825 0.0399026 0.089935 0.0334109 0.106802 0.0242781 0.0480345 0.0106688 0.0185963 0.0373638 0.0193269 0.0435517 0.0112071 0.0131239 0.0832459 0.0166987 0.0620844 0.013643 0.0154187 0.0469612 0.0136134 0.0369404 0.0180676 0.0156982 0.0178487 0.0566504 0.0418 0.607192 0.015496 0.00379619 0 0.00379101 0.0037667 0.0039518 0.00378164 
0.00865485 0.00886307 0.0104106 0.00889208 0.0172644 0.0120222 0.0181265 0.017501 0.0112001 0.00871126 0.00865537 0.0106817 0.0122538 0.0161142 0.00915777 0.00874538 0.0107477 0.00904461 0.0202697 0.0113052 0.0119233 0.0090554 0.010505 0.0188091 0.0376357 0.0353871 0.012741 0.0108987 0.0406891 0.0526887 0.230515 0.0580451 0.168335 0.0155394 0.0154564 0.0135888 0.0242093 0.121932 0.0184135 0.0132556 0.0172161 0.014747 0.221525 0.0231805 0.0267725 0.0130303 0.0130084 0.0488715 0.018136 0.0374569 0.0100352 0.0184537 0.0261283 0.650481 0.0420995 0.0391643 0.00378709 0.00379101 0 0.00378167 0.00378609 0.00380824 
0.00838098 0.00830705 0.00865684 0.0118227 0.011157 0.0143405 0.0157032 0.0133213 0.010601 0.00867169 0.008807 0.00924152 0.0142526 0.0105078 0.0093463 0.00841639 0.00880858 0.0118886 0.0131464 0.0105491 0.0106164 0.00880697 0.00875348 0.0164815 0.0583587 0.0243516 0.0120138 0.0123081 0.0217103 0.14109 0.0648072 0.190067 0.0506081 0.0332899 0.0104711 0.0140095 0.0347755 0.0467903 0.0261898 0.0108762 0.0124761 0.0719042 0.0376743 0.0585871 0.016427 0.012312 0.016481 0.0293843 0.0343601 0.0135007 0.013441 0.0157866 0.476868 0.0600594 0.0497877 0.0153886 0.00381683 0.0037667 0.00378167 0 0.00377293 0.00375429 
0.00856734 0.00847888 0.00896216 0.0103622 0.010146 0.0102403 0.0105399 0.00998554 0.00938036 0.00852975 0.00855657 0.00919112 0.00922463 0.00918865 0.0089346 0.00839873 0.0094513 0.010366 0.00987861 0.0107366 0.00907867 0.00876331 0.0101608 0.0153428 0.0214464 0.032383 0.0102739 0.012824 0.0326488 0.0237745 0.0409347 0.0349165 0.0325642 0.0238281 0.0111135 0.0152755 0.0306151 0.0203634 0.0217455 0.0109736 0.0172621 0.0269366 0.021434 0.0293588 0.0196387 0.0135754 0.0265439 0.0134301 0.0148767 0.0272855 0.0120135 0.328104 0.0455748 0.0359158 0.0472987 0.0327041 0.00385476 0.0039518 0.00378609 0.00377293 0 0.00381256 
