1MKAB
VDKRESYTKEDLLASGRGELFGAKGPQLPAPNMLMMDRVVKMTETGGNFDKGYVEAELDINPDLWFFGCHFIGDPVMPGCLGLDAMWQLVGFYLGWLGGEGKGRALGVGEVKFTGQVLPTAKKVTYRIHFKRIVNRRLIMGLADGEVLVDGRLIYTASDLKVGLFQDTSAF
CCCCCCECHHHHHHHHCCCCCCCCCCCCCCCCCCCCCEEEEEECCCCCCCCCEEEEEEECCCCCHHHHHCCCCCCCCCHHHHHHHHHHHHHHHHHHCCCCCEEEEEEECEEEECCCCCCCCCEEEEEEEEEEEEECCCEEEEEEEEEEECCEEEEEEEEEEEEEECCCCCC
0 0 0 0 0 0 0 0 0 0 0 0 0 0 0 0 0 0 0 0 0 0 0 0 0 0 0 0 0 0 0 0 0 0 0 0 0 0 0 0 0 0 0 0 0 0 0 0 0 0 0 0 0 0 0 0 0 0 0 0 0 0 0 0 0 0 0 0 0 0 0 0 0 0 0 0 0 0 0 0 0 0 0 0 0 0 0 0 0 0 0 0 0 0 0 0 0 0 0 0 0 0 0 0 0 0 0 0 0 0 0 0 0 0 0 0 0 0 0 0 0 0 0 0 0 0 0 0 0 0 0 0 0 0 0 0 0 0 0 0 0 0 0 0 0 0 0 0 0 0 0 0 0 0 0 0 0 0 0 0 0 0 0 0 0 0 0 0 0 0 0 
0 0 0 0 0 0 0 0 0 0 0 0 0 0 0 0 0 0 0 0 0 0 0 0 0 0 0 0 0 0 0 0 0 0 0 0 0 0 0 0 0 0 0 0 0 0 0 0 0 0 0 0 0 0 0 0 0 0 0 0 0 0 0 0 0 0 0 0 0 0 0 0 0 0 0 0 0 0 0 0 0 0 0 0 0 0 0 0 0 0 0 0 0 0 0 0 0 0 0 0 0 0 0 0 0 0 0 0 0 0 0 0 0 0 0 0 0 0 0 0 0 0 0 0 0 0 0 0 0 0 0 0 0 0 0 0 0 0 0 0 0 0 0 0 0 0 0 0 0 0 0 0 0 0 0 0 0 0 0 0 0 0 0 0 0 0 0 0 0 0 0 
0 0.0189502 0.0192271 0.00996112 0.00945257 0.0157295 0.0315834 0.0205151 0.0176185 0.00877649 0.0115859 0.00936532 0.012008 0.0171347 0.0106138 0.00864221 0.00825755 0.00810115 0.0081032 0.00833802 0.0103408 0.00927991 0.0106907 0.00851398 0.0170134 0.0103549 0.00896958 0.00817038 0.00920195 0.00806552 0.00840108 0.00811034 0.00825225 0.00824338 0.00807633 0.00810112 0.00838435 0.0095226 0.00983158 0.00823894 0.00806062 0.00804415 0.00802974 0.00799383 0.00808502 0.00794887 0.00809625 0.00826435 0.0115363 0.0103383 0.00823359 0.00822838 0.00830952 0.00812331 0.00907577 0.00807293 0.00804735 0.00901057 0.00815296 0.00831881 0.00812152 0.00821538 0.010636 
0.0189502 0 0.00384813 0.00379523 0.00403493 0.00393086 0.00522976 0.0455665 0.00759812 0.0194932 0.00847337 0.352867 0.106662 0.0656185 0.0140309 0.00896189 0.00915074 0.00859084 0.00909868 0.00931834 0.00936901 0.0129439 0.00821172 0.0144178 0.00933333 0.0142535 0.00865733 0.0107913 0.00836841 0.0108119 0.00834783 0.0110707 0.00849778 0.00837719 0.00866322 0.00861693 0.00830638 0.00984018 0.00964048 0.00858239 0.0090086 0.00869636 0.00848562 0.00876363 0.00840374 0.00898833 0.0085471 0.00913842 0.0088844 0.00864952 0.00829612 0.00867725 0.00825111 0.00956053 0.00803517 0.00852567 0.00855419 0.00805952 0.00955017 0.00831197 0.00907398 0.00880902 0.00894287 
0.0192271 0.00384813 0 0.00375833 0.00372801 0.00442997 0.0037738 0.00769337 0.0500223 0.00815504 0.430828 0.087189 0.0789104 0.00894261 0.00855416 0.0111902 0.00910867 0.00979694 0.00972735 0.00956512 0.00960643 0.00825232 0.0233342 0.0086773 0.0147052 0.00851949 0.0215983 0.00877655 0.0185271 0.00855111 0.0197158 0.00878317 0.0121168 0.00925919 0.00869639 0.00865155 0.00956138 0.0084692 0.00879339 0.00941855 0.0101057 0.00946711 0.009449 0.00874056 0.0107574 0.00908359 0.0110986 0.00889274 0.00956782 0.00810611 0.00841649 0.00857882 0.00962156 0.00826703 0.0106164 0.00823828 0.0083456 0.00983875 0.00823669 0.0112711 0.00897931 0.0094016 0.0088631 
0.00996112 0.00379523 0.00375833 0 0.00379071 0.00372701 0.00371767 0.00777378 0.00871621 0.0563231 0.150079 0.03822 0.00860271 0.00855565 0.00835238 0.00883058 0.0095318 0.0102652 0.0111718 0.00896077 0.00841951 0.00899571 0.00891989 0.00953189 0.00865493 0.00855745 0.00896899 0.012602 0.0102513 0.0150216 0.0113397 0.0136251 0.010631 0.00982462 0.00997662 0.00968146 0.0082521 0.00812081 0.00832468 0.00898224 0.0117119 0.0107351 0.00983377 0.00976665 0.0100725 0.0105583 0.010267 0.00884173 0.00837209 0.00804014 0.00846767 0.00874686 0.00878008 0.00889835 0.0083953 0.00831673 0.0085436 0.00835088 0.00925333 0.0093523 0.00979415 0.00878585 0.00828139 
0.00945257 0.00403493 0.00372801 0.00379071 0 0.00369244 0.00371265 0.0111404 0.012375 0.666791 0.0184712 0.0226939 0.00863633 0.0106686 0.00923265 0.00878656 0.0134726 0.00993389 0.0121357 0.00949679 0.00863855 0.0105255 0.008535 0.0139153 0.00841498 0.00910056 0.00925012 0.0193646 0.0104176 0.0248931 0.0105044 0.0230848 0.0101669 0.0104588 0.0119481 0.00938811 0.00827603 0.00832112 0.0086589 0.00917602 0.0162832 0.0118391 0.0100301 0.0120053 0.0100816 0.0130555 0.0100441 0.0106623 0.0082993 0.00815194 0.00855304 0.0092936 0.00894475 0.010633 0.00839118 0.00895349 0.00870086 0.00839824 0.0110358 0.00927754 0.0105601 0.00927658 0.00831227 
0.0157295 0.00393086 0.00442997 0.00372701 0.00369244 0 0.00372276 0.0169993 0.768216 0.0192134 0.0180995 0.00721657 0.0165653 0.00783645 0.00863567 0.0129833 0.00903154 0.00913221 0.00890476 0.00939722 0.00863113 0.00839382 0.0132472 0.00855695 0.0102061 0.00863501 0.0111687 0.00866181 0.0109149 0.00857936 0.0119314 0.00873092 0.0103968 0.0106822 0.00841966 0.00833512 0.00854292 0.0080848 0.00857226 0.00926464 0.00917465 0.00916325 0.00890908 0.0084296 0.0096167 0.00849191 0.00893837 0.00845786 0.00856479 0.00821898 0.00871796 0.00844305 0.00881444 0.00827794 0.00860267 0.00824109 0.00813026 0.00848006 0.00832617 0.0088637 0.00871227 0.00859869 0.00827968 
0.0315834 0.00522976 0.0037738 0.00371767 0.00371265 0.00372276 0 0.798817 0.0144 0.00874738 0.00677507 0.0080354 0.00739208 0.0218041 0.0131539 0.0091467 0.00905302 0.00839153 0.00856445 0.00889366 0.00935954 0.0113399 0.00892334 0.0089989 0.00982433 0.0110018 0.00883105 0.00886026 0.00858489 0.00870633 0.00848519 0.00859981 0.0102649 0.0083807 0.00815263 0.00819984 0.00829903 0.00862228 0.0103765 0.00837841 0.00869499 0.008419 0.00825229 0.00826587 0.00832302 0.00830784 0.00832741 0.00838847 0.00878221 0.00933706 0.00846823 0.00823071 0.00818967 0.00822864 0.00813484 0.00801114 0.00805831 0.0080311 0.00830242 0.00813374 0.00822738 0.00835854 0.00859108 
0.0205151 0.0455665 0.00769337 0.00777378 0.0111404 0.0169993 0.798817 0 0.00382776 0.00375251 0.00377142 0.00398167 0.00447196 0.0157439 0.0315357 0.00929204 0.0100122 0.00874956 0.00951515 0.0103677 0.0219004 0.0137975 0.0093743 0.019364 0.0141546 0.0172213 0.00892555 0.0111654 0.00867192 0.0111308 0.00862058 0.019035 0.008669 0.00881784 0.00869163 0.00872699 0.00911306 0.0156011 0.00974171 0.00869753 0.00923618 0.00871561 0.00862556 0.00886402 0.00872747 0.00925217 0.00873993 0.0104152 0.0119028 0.00908898 0.00834723 0.00852958 0.00839266 0.00962271 0.00812189 0.00858785 0.00832859 0.00814462 0.00969677 0.00848353 0.0092562 0.009338 0.0120369 
0.0176185 0.00759812 0.0500223 0.00871621 0.012375 0.768216 0.0144 0.00382776 0 0.00375979 0.00374032 0.00377234 0.00502222 0.00387582 0.0114318 0.034612 0.0107038 0.0117993 0.0109758 0.0160131 0.0104819 0.00848075 0.0367002 0.0086914 0.0200921 0.00861387 0.0297552 0.00894394 0.0312806 0.00886942 0.0683323 0.0093524 0.0192222 0.00982247 0.0101103 0.00946051 0.0108353 0.00874138 0.00930121 0.0112993 0.0138221 0.0127596 0.0131103 0.00967183 0.0166808 0.00967673 0.016062 0.00927855 0.0121974 0.00819666 0.00876536 0.00883532 0.0113902 0.00844244 0.0128821 0.00837041 0.0086072 0.0110207 0.00861509 0.0140841 0.0104307 0.011102 0.00899292 
0.00877649 0.0194932 0.00815504 0.0563231 0.666791 0.0192134 0.00874738 0.00375251 0.00375979 0 0.00370471 0.00373723 0.00370544 0.00389581 0.0295238 0.00981853 0.0196666 0.0127913 0.0407241 0.0181584 0.00869416 0.0169766 0.00857684 0.0362483 0.00843836 0.0126221 0.0088591 0.0533264 0.0092181 0.122867 0.00960439 0.0616612 0.0106513 0.0136076 0.0148302 0.0145496 0.00844392 0.00886114 0.00916105 0.0113719 0.0245451 0.0187782 0.0142451 0.0260576 0.010423 0.0305321 0.0118141 0.0139139 0.00848639 0.00855619 0.00930944 0.0114901 0.00954109 0.0206464 0.00844052 0.0109369 0.0107914 0.00843118 0.0229416 0.00945802 0.0169781 0.0102288 0.00846012 
0.0115859 0.00847337 0.430828 0.150079 0.0184712 0.0180995 0.00677507 0.00377142 0.00374032 0.00370471 0 0.00369614 0.00372055 0.00373148 0.0113353 0.0247306 0.012612 0.0339443 0.017906 0.0101517 0.0121899 0.00873294 0.0312544 0.0087064 0.0163437 0.00870709 0.0278064 0.00931049 0.095886 0.00972128 0.0735674 0.0110855 0.0292135 0.0134739 0.0133358 0.0107433 0.00932154 0.00839079 0.00920572 0.0140607 0.0213286 0.0199476 0.0232588 0.0113446 0.0297154 0.011908 0.0264145 0.00940377 0.00960216 0.0082887 0.00918576 0.0101792 0.0168698 0.00895033 0.0152796 0.00898134 0.0088644 0.0129166 0.0092889 0.021901 0.0114693 0.0106242 0.00876809 
0.00936532 0.352867 0.087189 0.03822 0.0226939 0.00721657 0.0080354 0.00398167 0.00377234 0.00373723 0.00369614 0 0.00369661 0.00379784 0.0137897 0.0103631 0.0478267 0.0128019 0.0148148 0.0136588 0.00896067 0.0131851 0.00880825 0.0314159 0.008627 0.0119478 0.00902475 0.0850939 0.00921309 0.0520655 0.00954487 0.0359984 0.010546 0.0139531 0.0111231 0.0107443 0.00850595 0.00887303 0.00922447 0.0101152 0.0220926 0.0167535 0.0104892 0.020111 0.0104167 0.0188976 0.0115893 0.0112085 0.00871015 0.0083764 0.00864984 0.0113565 0.00918487 0.0152754 0.00881575 0.00912687 0.0101703 0.00843874 0.0157955 0.0096265 0.0141876 0.0102223 0.0085298 
0.012008 0.106662 0.0789104 0.00860271 0.00863633 0.0165653 0.00739208 0.00447196 0.00502222 0.00370544 0.00372055 0.00369661 0 0.00374165 0.010241 0.0306875 0.0127863 0.0131153 0.0143585 0.0184766 0.0114208 0.00862465 0.0401342 0.00896345 0.0185963 0.00907551 0.0525005 0.00890883 0.0284646 0.009357 0.0274015 0.00928242 0.0156619 0.0102029 0.00941588 0.00881939 0.00951942 0.00826273 0.00937807 0.0124414 0.0121171 0.0112896 0.0128808 0.00911814 0.0138696 0.00925482 0.0128535 0.00931831 0.00951547 0.00882614 0.00932644 0.00881206 0.0115418 0.00855118 0.00991745 0.00852458 0.0083419 0.0099144 0.00869176 0.0113332 0.00946555 0.00988435 0.00865567 
0.0171347 0.0656185 0.00894261 0.00855565 0.0106686 0.00783645 0.0218041 0.0157439 0.00387582 0.00389581 0.00373148 0.00379784 0.00374165 0 0.0267888 0.00955455 0.0122179 0.0102628 0.0119078 0.0198558 0.0120299 0.0219131 0.00871014 0.0182861 0.00961512 0.0322833 0.00932624 0.0147935 0.00875781 0.0123009 0.00911049 0.0115504 0.00881679 0.00880686 0.0088555 0.00904873 0.00826037 0.010031 0.0115772 0.00888338 0.0096924 0.0091836 0.00861378 0.00909525 0.00876748 0.00943751 0.00877633 0.00944955 0.00878558 0.0109584 0.00866675 0.00893841 0.00845294 0.00983871 0.00820971 0.00856079 0.00865624 0.00830006 0.0101377 0.008539 0.00896221 0.00879292 0.00883913 
0.0106138 0.0140309 0.00855416 0.00835238 0.00923265 0.00863567 0.0131539 0.0315357 0.0114318 0.0295238 0.0113353 0.0137897 0.010241 0.0267888 0 0.00413559 0.00370789 0.00453284 0.00384093 0.00425941 0.00509553 0.00564077 0.00507537 0.021133 0.0244315 0.0173885 0.00937599 0.02224 0.00854765 0.0124885 0.00839511 0.0120729 0.009038 0.0125609 0.00928739 0.00919786 0.00995188 0.0187172 0.0113442 0.00918858 0.00984298 0.00940329 0.00887112 0.00981496 0.00876824 0.00991111 0.00881837 0.0120854 0.0145229 0.0100087 0.00874829 0.00905228 0.00847024 0.01047 0.00823399 0.00855335 0.00854821 0.00818509 0.010251 0.00861838 0.0091425 0.0098559 0.0136527 
0.00864221 0.00896189 0.0111902 0.00883058 0.00878656 0.0129833 0.0091467 0.00929204 0.034612 0.00981853 0.0247306 0.0103631 0.0306875 0.00955455 0.00413559 0 0.00374741 0.00379542 0.00371995 0.00403926 0.00391016 0.00401471 0.0100857 0.00697932 0.0123533 0.00948254 0.0267801 0.0087374 0.0184477 0.00863962 0.0194443 0.00887455 0.0193432 0.0095613 0.00903226 0.0139469 0.0110744 0.00947983 0.00951375 0.0131859 0.0109136 0.0103654 0.0109237 0.00922981 0.0121801 0.00979025 0.0129953 0.00986355 0.0120342 0.00879796 0.00971004 0.00896283 0.0103871 0.0087023 0.0102937 0.00865066 0.00851821 0.00965924 0.008672 0.0116272 0.00981548 0.0120202 0.00981744 
0.00825755 0.00915074 0.00910867 0.0095318 0.0134726 0.00903154 0.00905302 0.0100122 0.0107038 0.0196666 0.012612 0.0478267 0.0127863 0.0122179 0.00370789 0.00374741 0 0.0037304 0.00372438 0.00388801 0.00465126 0.00526239 0.00476086 0.00656995 0.0116394 0.0131731 0.00872578 0.0170709 0.00926298 0.0178053 0.00976916 0.0258323 0.0106113 0.0105552 0.0215079 0.0104632 0.00924702 0.0087664 0.00967044 0.0100736 0.0169497 0.0141748 0.0115842 0.0142719 0.011568 0.0147798 0.0128927 0.0105627 0.00909787 0.008982 0.00928393 0.0119053 0.0105355 0.0123388 0.00951176 0.00952846 0.00994894 0.00915183 0.0126279 0.0115457 0.017987 0.0100617 0.00917793 
0.00810115 0.00859084 0.00979694 0.0102652 0.00993389 0.00913221 0.00839153 0.00874956 0.0117993 0.0127913 0.0339443 0.0128019 0.0131153 0.0102628 0.00453284 0.00379542 0.0037304 0 0.00384214 0.003714 0.00377173 0.00385294 0.00674267 0.00758701 0.0296029 0.00858995 0.0127499 0.00928482 0.0138115 0.0102047 0.0210462 0.0114767 0.0127582 0.0148443 0.0104081 0.00964176 0.00863198 0.00849944 0.00894034 0.0106277 0.0172821 0.0141132 0.0134932 0.0118288 0.0133509 0.0134817 0.0145148 0.0104006 0.00886929 0.00843975 0.00942954 0.0106926 0.0133427 0.0100757 0.0106372 0.00938126 0.00929753 0.00986632 0.010668 0.0162198 0.0145445 0.0101026 0.00892436 
0.0081032 0.00909868 0.00972735 0.0111718 0.0121357 0.00890476 0.00856445 0.00951515 0.0109758 0.0407241 0.017906 0.0148148 0.0143585 0.0119078 0.00384093 0.00371995 0.00372438 0.00384214 0 0.00372135 0.00369991 0.00376012 0.00433893 0.0114708 0.00716414 0.00830962 0.00935773 0.0121078 0.0107934 0.0155388 0.012211 0.0139296 0.0143813 0.0107582 0.010606 0.00971402 0.00873237 0.00862193 0.00921485 0.0112066 0.0182066 0.0153801 0.0140012 0.0123024 0.0149623 0.0139371 0.0182294 0.0102276 0.00903757 0.00874897 0.00963262 0.012416 0.0128597 0.0119817 0.0101948 0.00994305 0.0103192 0.00999486 0.0134696 0.0143387 0.0180158 0.0105214 0.00884624 
0.00833802 0.00931834 0.00956512 0.00896077 0.00949679 0.00939722 0.00889366 0.0103677 0.0160131 0.0181584 0.0101517 0.0136588 0.0184766 0.0198558 0.00425941 0.00403926 0.00388801 0.003714 0.00372135 0 0.00382394 0.00372202 0.072661 0.0074725 0.00419674 0.00933732 0.0108484 0.0149759 0.0142791 0.0163179 0.00987742 0.0188124 0.010403 0.00977578 0.00944339 0.00913299 0.0100111 0.00917152 0.0101355 0.0137272 0.013854 0.0121828 0.0101521 0.012204 0.00976077 0.0129255 0.010253 0.017394 0.00951056 0.00938198 0.0100432 0.00994912 0.00980877 0.0113871 0.00888057 0.00931174 0.00900799 0.00884832 0.0114435 0.0105547 0.0126781 0.0145153 0.00887363 
0.0103408 0.00936901 0.00960643 0.00841951 0.00863855 0.00863113 0.00935954 0.0219004 0.0104819 0.00869416 0.0121899 0.00896067 0.0114208 0.0120299 0.00509553 0.00391016 0.00465126 0.00377173 0.00369991 0.00382394 0 0.0430943 0.0132063 0.00379915 0.00449142 0.00890554 0.00915371 0.00853611 0.0318082 0.00885733 0.012888 0.00953566 0.0107949 0.00952836 0.00837337 0.00884752 0.00946356 0.00980692 0.0125205 0.00947041 0.0109798 0.0102938 0.0106461 0.0091108 0.0110653 0.00938671 0.0107249 0.00888066 0.0141593 0.0111514 0.0093551 0.0091746 0.0110378 0.00881582 0.0107425 0.00843398 0.00854613 0.0100871 0.00857795 0.0103781 0.00984109 0.00929348 0.0116568 
0.00927991 0.0129439 0.00825232 0.00899571 0.0105255 0.00839382 0.0113399 0.0137975 0.00848075 0.0169766 0.00873294 0.0131851 0.00862465 0.0219131 0.00564077 0.00401471 0.00526239 0.00385294 0.00376012 0.00372202 0.0430943 0 0.00380214 0.00404468 0.00387355 0.0139816 0.00748186 0.0504766 0.00936455 0.0252221 0.00780596 0.0165598 0.00798389 0.00888295 0.010389 0.00910822 0.00899504 0.0190679 0.0125733 0.00934833 0.00998131 0.0103859 0.00875344 0.0109681 0.00859546 0.0140354 0.00906188 0.0140997 0.0108354 0.0117019 0.00942866 0.0105754 0.00916107 0.014871 0.00836236 0.0106254 0.00969469 0.00854234 0.0140473 0.00896825 0.0121123 0.0102561 0.011887 
0.0106907 0.00821172 0.0233342 0.00891989 0.008535 0.0132472 0.00892334 0.0093743 0.0367002 0.00857684 0.0312544 0.00880825 0.0401342 0.00871014 0.00507537 0.0100857 0.00476086 0.00674267 0.00433893 0.072661 0.0132063 0.00380214 0 0.00377211 0.00487714 0.00708393 0.0737338 0.00865018 0.0426543 0.00767242 0.0337946 0.00774935 0.0143875 0.0116529 0.00961662 0.0102901 0.0247403 0.009836 0.0112924 0.0168852 0.0116896 0.0108688 0.0132401 0.00874265 0.0197592 0.00904007 0.0225549 0.0098387 0.0198263 0.00957649 0.0119766 0.0103745 0.0176903 0.00853859 0.033571 0.00888301 0.0089026 0.0183963 0.00864855 0.0246953 0.0108653 0.0133691 0.0132685 
0.00851398 0.0144178 0.0086773 0.00953189 0.0139153 0.00855695 0.0089989 0.019364 0.0086914 0.0362483 0.0087064 0.0314159 0.00896345 0.0182861 0.021133 0.00697932 0.00656995 0.00758701 0.0114708 0.0074725 0.00379915 0.00404468 0.00377211 0 0.00373982 0.0386084 0.00940783 0.0613732 0.00771318 0.0301202 0.00731218 0.0172417 0.00946278 0.00892414 0.00946697 0.012131 0.00834603 0.0108393 0.01147 0.0106369 0.0123965 0.0123731 0.00924599 0.0168991 0.00886849 0.0208499 0.0092927 0.0209561 0.00874522 0.0119101 0.0120006 0.0123624 0.009132 0.0315024 0.00857195 0.0112915 0.0117902 0.00861427 0.0259076 0.00935324 0.0152723 0.0128903 0.00884389 
0.0170134 0.00933333 0.0147052 0.00865493 0.00841498 0.0102061 0.00982433 0.0141546 0.0200921 0.00843836 0.0163437 0.008627 0.0185963 0.00961512 0.0244315 0.0123533 0.0116394 0.0296029 0.00716414 0.00419674 0.00449142 0.00387355 0.00487714 0.00373982 0 0.0130806 0.045803 0.00718347 0.0238973 0.00674657 0.0137219 0.00768416 0.0109297 0.00927658 0.00858378 0.0081689 0.010683 0.00989089 0.0196254 0.0110863 0.0104426 0.00991949 0.0114117 0.00895121 0.0142988 0.00896196 0.0128769 0.00921303 0.0284757 0.0159125 0.0102341 0.0095726 0.0154131 0.00860634 0.0177533 0.00862818 0.00859382 0.0147323 0.00875233 0.0147106 0.0102372 0.0106922 0.0153993 
0.0103549 0.0142535 0.00851949 0.00855745 0.00910056 0.00863501 0.0110018 0.0172213 0.00861387 0.0126221 0.00870709 0.0119478 0.00907551 0.0322833 0.0173885 0.00948254 0.0131731 0.00858995 0.00830962 0.00933732 0.00890554 0.0139816 0.00708393 0.0386084 0.0130806 0 0.00589645 0.00372736 0.00374211 0.0039444 0.0038263 0.00418629 0.00416168 0.00487218 0.00591761 0.0104276 0.00652896 0.0170576 0.0111027 0.00984518 0.00967666 0.0109575 0.00931976 0.0117666 0.00892263 0.0143216 0.0100026 0.0161327 0.0239657 0.0292959 0.0124486 0.0109917 0.00926848 0.0137363 0.0091073 0.0107763 0.00966563 0.0091194 0.0142633 0.0102483 0.0172037 0.0135161 0.020796 
0.00896958 0.00865733 0.0215983 0.00896899 0.00925012 0.0111687 0.00883105 0.00892555 0.0297552 0.0088591 0.0278064 0.00902475 0.0525005 0.00932624 0.00937599 0.0267801 0.00872578 0.0127499 0.00935773 0.0108484 0.00915371 0.00748186 0.0737338 0.00940783 0.045803 0.00589645 0 0.00372209 0.00372892 0.00373246 0.00391523 0.00372926 0.00402659 0.00410705 0.00565527 0.00589628 0.0138933 0.010642 0.00853474 0.0120061 0.0115408 0.0106296 0.0137547 0.00887674 0.0186676 0.00934278 0.025623 0.0168936 0.334876 0.0101429 0.0223973 0.0100011 0.0183184 0.00903993 0.0269497 0.00910514 0.00935356 0.0168564 0.00933658 0.0368767 0.0129873 0.0236621 0.0117162 
0.00817038 0.0107913 0.00877655 0.012602 0.0193646 0.00866181 0.00886026 0.0111654 0.00894394 0.0533264 0.00931049 0.0850939 0.00890883 0.0147935 0.02224 0.0087374 0.0170709 0.00928482 0.0121078 0.0149759 0.00853611 0.0504766 0.00865018 0.0613732 0.00718347 0.00372736 0.00372209 0 0.00370558 0.0037657 0.00367575 0.00387557 0.00372598 0.00382221 0.0042774 0.0059894 0.00568719 0.00741958 0.00741228 0.00912642 0.0112156 0.0146928 0.0100063 0.0200504 0.00984875 0.0365313 0.0118579 0.529849 0.0202463 0.0103994 0.00989955 0.0185473 0.00950013 0.0512828 0.00857707 0.0163449 0.0135884 0.00908182 0.0572004 0.0103857 0.0474111 0.0132659 0.010258 
0.00920195 0.00836841 0.0185271 0.0102513 0.0104176 0.0109149 0.00858489 0.00867192 0.0312806 0.0092181 0.095886 0.00921309 0.0284646 0.00875781 0.00854765 0.0184477 0.00926298 0.0138115 0.0107934 0.0142791 0.0318082 0.00936455 0.0426543 0.00771318 0.0238973 0.00374211 0.00372892 0.00370558 0 0.00370285 0.00400049 0.00371808 0.00379519 0.00389474 0.00464168 0.00428019 0.00569316 0.00548694 0.00726679 0.00922046 0.0121673 0.0104709 0.0198535 0.00878996 0.0224177 0.00977437 0.61182 0.0818822 0.0200868 0.00906344 0.0117215 0.0108154 0.03835 0.00888109 0.0386568 0.00943301 0.00973925 0.0309691 0.0090599 0.0741326 0.0134885 0.017576 0.0116462 
0.00806552 0.0108119 0.00855111 0.0150216 0.0248931 0.00857936 0.00870633 0.0111308 0.00886942 0.122867 0.00972128 0.0520655 0.009357 0.0123009 0.0124885 0.00863962 0.0178053 0.0102047 0.0155388 0.0163179 0.00885733 0.0252221 0.00767242 0.0301202 0.00674657 0.0039444 0.00373246 0.0037657 0.00370285 0 0.00369107 0.00371676 0.00371255 0.00384445 0.00412678 0.00411315 0.00400729 0.00514881 0.00660488 0.00825602 0.0126243 0.012986 0.0088258 0.0298836 0.0091336 0.648429 0.113639 0.0503927 0.0084391 0.0101761 0.00970367 0.0188858 0.00915212 0.0517139 0.00861125 0.0178538 0.0160515 0.00865287 0.079833 0.00981133 0.0390115 0.0139755 0.00932458 
0.00840108 0.00834783 0.0197158 0.0113397 0.0105044 0.0119314 0.00848519 0.00862058 0.0683323 0.00960439 0.0735674 0.00954487 0.0274015 0.00911049 0.00839511 0.0194443 0.00976916 0.0210462 0.012211 0.00987742 0.012888 0.00780596 0.0337946 0.00731218 0.0137219 0.0038263 0.00391523 0.00367575 0.00400049 0.00369107 0 0.00370776 0.00378599 0.00371755 0.0038268 0.00383367 0.00393184 0.00390112 0.0069949 0.00793538 0.0105491 0.00795364 0.0170226 0.00768557 0.609865 0.120679 0.0698956 0.00861486 0.0121058 0.00834944 0.0122342 0.00976383 0.0321246 0.00854633 0.0398569 0.00930252 0.00969545 0.041817 0.00890115 0.0595145 0.0140226 0.0157588 0.0105635 
0.00811034 0.0110707 0.00878317 0.0136251 0.0230848 0.00873092 0.00859981 0.019035 0.0093524 0.0616612 0.0110855 0.0359984 0.00928242 0.0115504 0.0120729 0.00887455 0.0258323 0.0114767 0.0139296 0.0188124 0.00953566 0.0165598 0.00774935 0.0172417 0.00768416 0.00418629 0.00372926 0.00387557 0.00371808 0.00371676 0.00370776 0 0.00369855 0.00371535 0.00371276 0.0037742 0.00370683 0.00412484 0.00707335 0.00764481 0.0105181 0.0132844 0.0080191 0.524101 0.119028 0.0552819 0.0091652 0.0187442 0.00861144 0.00942454 0.00966114 0.0142541 0.00942097 0.0322057 0.0086487 0.0147135 0.0292385 0.00889426 0.0497437 0.0112762 0.0402585 0.0137596 0.0097495 
0.00825225 0.00849778 0.0121168 0.010631 0.0101669 0.0103968 0.0102649 0.008669 0.0192222 0.0106513 0.0292135 0.010546 0.0156619 0.00881679 0.009038 0.0193432 0.0106113 0.0127582 0.0143813 0.010403 0.0107949 0.00798389 0.0143875 0.00946278 0.0109297 0.00416168 0.00402659 0.00372598 0.00379519 0.00371255 0.00378599 0.00369855 0 0.00370143 0.00371062 0.00372637 0.00370296 0.00380979 0.00896904 0.00692532 0.0127097 0.00957287 0.485231 0.160626 0.0314219 0.00825767 0.019061 0.00929125 0.0126955 0.0087107 0.0105698 0.0103872 0.0187773 0.00916585 0.0174446 0.0141803 0.00997687 0.0137194 0.00978355 0.028039 0.0160555 0.016857 0.0111149 
0.00824338 0.00837719 0.00925919 0.00982462 0.0104588 0.0106822 0.0083807 0.00881784 0.00982247 0.0136076 0.0134739 0.0139531 0.0102029 0.00880686 0.0125609 0.0095613 0.0105552 0.0148443 0.0107582 0.00977578 0.00952836 0.00888295 0.0116529 0.00892414 0.00927658 0.00487218 0.00410705 0.00382221 0.00389474 0.00384445 0.00371755 0.00371535 0.00370143 0 0.00370861 0.00383071 0.00382601 0.00375047 0.00484512 0.00809458 0.0112886 0.198259 0.334077 0.0160701 0.00772177 0.00985222 0.00902508 0.00983054 0.00848721 0.00848488 0.00938682 0.0107305 0.0109306 0.0112446 0.022991 0.00994575 0.00943106 0.0112844 0.0129443 0.0142053 0.0171936 0.0108491 0.0105562 
0.00807633 0.00866322 0.00869639 0.00997662 0.0119481 0.00841966 0.00815263 0.00869163 0.0101103 0.0148302 0.0133358 0.0111231 0.00941588 0.0088555 0.00928739 0.00903226 0.0215079 0.0104081 0.010606 0.00944339 0.00837337 0.010389 0.00961662 0.00946697 0.00858378 0.00591761 0.00565527 0.0042774 0.00464168 0.00412678 0.0038268 0.00371276 0.00371062 0.00370861 0 0.00371109 0.00374201 0.00379014 0.0055348 0.00817049 0.109695 0.707391 0.0195134 0.00773027 0.00860026 0.0102663 0.0102084 0.0106186 0.00842992 0.00872981 0.00951171 0.010821 0.0112723 0.0323502 0.0103372 0.00944153 0.00930746 0.00995819 0.0128252 0.0143666 0.0151415 0.0117146 0.00902564 
0.00810112 0.00861693 0.00865155 0.00968146 0.00938811 0.00833512 0.00819984 0.00872699 0.00946051 0.0145496 0.0107433 0.0107443 0.00881939 0.00904873 0.00919786 0.0139469 0.0104632 0.00964176 0.00971402 0.00913299 0.00884752 0.00910822 0.0102901 0.012131 0.0081689 0.0104276 0.00589628 0.0059894 0.00428019 0.00411315 0.00383367 0.0037742 0.00372637 0.00383071 0.00371109 0 0.0037058 0.00372316 0.00470591 0.0402574 0.797385 0.0117579 0.00678422 0.0066853 0.0121078 0.00791678 0.00878964 0.00907552 0.00783613 0.0100619 0.0103681 0.0102611 0.0172093 0.0104426 0.0097905 0.00923538 0.00954919 0.00910235 0.012869 0.0114067 0.0179878 0.010237 0.00924048 
0.00838435 0.00830638 0.00956138 0.0082521 0.00827603 0.00854292 0.00829903 0.00911306 0.0108353 0.00844392 0.00932154 0.00850595 0.00951942 0.00826037 0.00995188 0.0110744 0.00924702 0.00863198 0.00873237 0.0100111 0.00946356 0.00899504 0.0247403 0.00834603 0.010683 0.00652896 0.0138933 0.00568719 0.00569316 0.00400729 0.00393184 0.00370683 0.00370296 0.00382601 0.00374201 0.0037058 0 0.00381786 0.00692949 0.852426 0.00997362 0.00622854 0.00664793 0.00614134 0.00702447 0.00773066 0.00759197 0.00753278 0.00852917 0.00992665 0.0103711 0.0131844 0.00970904 0.00871104 0.0100217 0.00831669 0.0083347 0.0111462 0.00886238 0.0123467 0.0100069 0.0149024 0.0109274 
0.0095226 0.00984018 0.0084692 0.00812081 0.00832112 0.0080848 0.00862228 0.0156011 0.00874138 0.00886114 0.00839079 0.00887303 0.00826273 0.010031 0.0187172 0.00947983 0.0087664 0.00849944 0.00862193 0.00917152 0.00980692 0.0190679 0.009836 0.0108393 0.00989089 0.0170576 0.010642 0.00741958 0.00548694 0.00514881 0.00390112 0.00412484 0.00380979 0.00375047 0.00379014 0.00372316 0.00381786 0 0.954334 0.00708163 0.00438664 0.00427169 0.00556368 0.00543115 0.00623433 0.00650881 0.00720713 0.00809519 0.00800907 0.0154893 0.0151846 0.0085074 0.00852556 0.00958557 0.00823445 0.00833898 0.00876595 0.00887742 0.0109613 0.00908545 0.0100596 0.0135799 0.0150411 
0.00983158 0.00964048 0.00879339 0.00832468 0.0086589 0.00857226 0.0103765 0.00974171 0.00930121 0.00916105 0.00920572 0.00922447 0.00937807 0.0115772 0.0113442 0.00951375 0.00967044 0.00894034 0.00921485 0.0101355 0.0125205 0.0125733 0.0112924 0.01147 0.0196254 0.0111027 0.00853474 0.00741228 0.00726679 0.00660488 0.0069949 0.00707335 0.00896904 0.00484512 0.0055348 0.00470591 0.00692949 0.954334 0 0.0037454 0.0037228 0.00373704 0.00375459 0.00377793 0.00379288 0.00448573 0.00521747 0.00748594 0.0125914 0.00972566 0.0073918 0.00800289 0.00825576 0.00953222 0.0092233 0.00869948 0.00847975 0.00900667 0.00973132 0.0271684 0.148072 0.0942281 0.0329559 
0.00823894 0.00858239 0.00941855 0.00898224 0.00917602 0.00926464 0.00837841 0.00869753 0.0112993 0.0113719 0.0140607 0.0101152 0.0124414 0.00888338 0.00918858 0.0131859 0.0100736 0.0106277 0.0112066 0.0137272 0.00947041 0.00934833 0.0168852 0.0106369 0.0110863 0.00984518 0.0120061 0.00912642 0.00922046 0.00825602 0.00793538 0.00764481 0.00692532 0.00809458 0.00817049 0.0402574 0.852426 0.00708163 0.0037454 0 0.003735 0.00371642 0.00374479 0.00373006 0.00380611 0.00390705 0.00521314 0.00795943 0.00862972 0.00611654 0.00789079 0.00795441 0.00944462 0.0100998 0.0113944 0.00895863 0.00935668 0.0116054 0.0427169 0.279774 0.137571 0.0306076 0.0122272 
0.00806062 0.0090086 0.0101057 0.0117119 0.0162832 0.00917465 0.00869499 0.00923618 0.0138221 0.0245451 0.0213286 0.0220926 0.0121171 0.0096924 0.00984298 0.0109136 0.0169497 0.0172821 0.0182066 0.013854 0.0109798 0.00998131 0.0116896 0.0123965 0.0104426 0.00967666 0.0115408 0.0112156 0.0121673 0.0126243 0.0105491 0.0105181 0.0127097 0.0112886 0.109695 0.797385 0.00997362 0.00438664 0.0037228 0.003735 0 0.00370923 0.00370387 0.0037155 0.00388109 0.00393657 0.0048437 0.00500567 0.00544745 0.00600056 0.00722618 0.00923389 0.0134236 0.0146563 0.0117587 0.0114376 0.0144507 0.0708218 0.343597 0.188269 0.0360603 0.0223131 0.0122584 
0.00804415 0.00869636 0.00946711 0.0107351 0.0118391 0.00916325 0.008419 0.00871561 0.0127596 0.0187782 0.0199476 0.0167535 0.0112896 0.0091836 0.00940329 0.0103654 0.0141748 0.0141132 0.0153801 0.0121828 0.0102938 0.0103859 0.0108688 0.0123731 0.00991949 0.0109575 0.0106296 0.0146928 0.0104709 0.012986 0.00795364 0.0132844 0.00957287 0.198259 0.707391 0.0117579 0.00622854 0.00427169 0.00373704 0.00371642 0.00370923 0 0.00370238 0.00369972 0.00371964 0.00394986 0.00391985 0.00433 0.00437962 0.00555419 0.00687215 0.0103285 0.0116471 0.0116901 0.011462 0.0112296 0.0668182 0.23417 0.198822 0.0149935 0.0213779 0.0162631 0.0111614 
0.00802974 0.00848562 0.009449 0.00983377 0.0100301 0.00890908 0.00825229 0.00862556 0.0131103 0.0142451 0.0232588 0.0104892 0.0128808 0.00861378 0.00887112 0.0109237 0.0115842 0.0134932 0.0140012 0.0101521 0.0106461 0.00875344 0.0132401 0.00924599 0.0114117 0.00931976 0.0137547 0.0100063 0.0198535 0.0088258 0.0170226 0.0080191 0.485231 0.334077 0.0195134 0.00678422 0.00664793 0.00556368 0.00375459 0.00374479 0.00370387 0.00370238 0 0.00369587 0.00370619 0.00371572 0.00384586 0.00379903 0.00435907 0.00550845 0.00813283 0.00713742 0.0136993 0.00933893 0.0147498 0.060026 0.249186 0.138916 0.00947137 0.0255105 0.0157766 0.0153467 0.0103352 
0.00799383 0.00876363 0.00874056 0.00976665 0.0120053 0.0084296 0.00826587 0.00886402 0.00967183 0.0260576 0.0113446 0.020111 0.00911814 0.00909525 0.00981496 0.00922981 0.0142719 0.0118288 0.0123024 0.012204 0.0091108 0.0109681 0.00874265 0.0168991 0.00895121 0.0117666 0.00887674 0.0200504 0.00878996 0.0298836 0.00768557 0.524101 0.160626 0.0160701 0.00773027 0.0066853 0.00614134 0.00543115 0.00377793 0.00373006 0.0037155 0.00369972 0.00369587 0 0.00369624 0.00371314 0.00374199 0.00372704 0.00374261 0.00528959 0.00620032 0.00790009 0.00833788 0.0162242 0.0420463 0.360164 0.0538341 0.00777817 0.0181651 0.00934297 0.0164734 0.0142749 0.00946718 
0.00808502 0.00840374 0.0107574 0.0100725 0.0100816 0.0096167 0.00832302 0.00872747 0.0166808 0.010423 0.0297154 0.0104167 0.0138696 0.00876748 0.00876824 0.0121801 0.011568 0.0133509 0.0149623 0.00976077 0.0110653 0.00859546 0.0197592 0.00886849 0.0142988 0.00892263 0.0186676 0.00984875 0.0224177 0.0091336 0.609865 0.119028 0.0314219 0.00772177 0.00860026 0.0121078 0.00702447 0.00623433 0.00379288 0.00380611 0.00388109 0.00371964 0.00370619 0.00369624 0 0.00370022 0.00372721 0.00374679 0.00385995 0.00415843 0.00626288 0.00641049 0.0383466 0.032364 0.791446 0.0277251 0.00807319 0.0135917 0.00798771 0.0183379 0.011086 0.0114868 0.0128467 
0.00794887 0.00898833 0.00908359 0.0105583 0.0130555 0.00849191 0.00830784 0.00925217 0.00967673 0.0305321 0.011908 0.0188976 0.00925482 0.00943751 0.00991111 0.00979025 0.0147798 0.0134817 0.0139371 0.0129255 0.00938671 0.0140354 0.00904007 0.0208499 0.00896196 0.0143216 0.00934278 0.0365313 0.00977437 0.648429 0.120679 0.0552819 0.00825767 0.00985222 0.0102663 0.00791678 0.00773066 0.00650881 0.00448573 0.00390705 0.00393657 0.00394986 0.00371572 0.00371314 0.00370022 0 0.00370827 0.00374552 0.00376186 0.00443983 0.00708577 0.0116172 0.0466003 0.837797 0.00802823 0.00855475 0.0106157 0.00740793 0.0155082 0.00946218 0.0147164 0.0169465 0.0103508 
0.00809625 0.0085471 0.0110986 0.010267 0.0100441 0.00893837 0.00832741 0.00873993 0.016062 0.0118141 0.0264145 0.0115893 0.0128535 0.00877633 0.00881837 0.0129953 0.0128927 0.0145148 0.0182294 0.010253 0.0107249 0.00906188 0.0225549 0.0092927 0.0128769 0.0100026 0.025623 0.0118579 0.61182 0.113639 0.0698956 0.0091652 0.019061 0.00902508 0.0102084 0.00878964 0.00759197 0.00720713 0.00521747 0.00521314 0.0048437 0.00391985 0.00384586 0.00374199 0.00372721 0.00370827 0 0.00374335 0.00376276 0.00484314 0.0135005 0.147657 0.776821 0.00775419 0.0166615 0.00776548 0.00723117 0.0122214 0.00857972 0.0177255 0.0154939 0.0132718 0.0125333 
0.00826435 0.00913842 0.00889274 0.00884173 0.0106623 0.00845786 0.00838847 0.0104152 0.00927855 0.0139139 0.00940377 0.0112085 0.00931831 0.00944955 0.0120854 0.00986355 0.0105627 0.0104006 0.0102276 0.017394 0.00888066 0.0140997 0.0098387 0.0209561 0.00921303 0.0161327 0.0168936 0.529849 0.0818822 0.0503927 0.00861486 0.0187442 0.00929125 0.00983054 0.0106186 0.00907552 0.00753278 0.00809519 0.00748594 0.00795943 0.00500567 0.00433 0.00379903 0.00372704 0.00374679 0.00374552 0.00374335 0 0.00385093 0.00788612 0.965241 0.0953957 0.00696331 0.0105726 0.00689042 0.00740815 0.0108232 0.00745241 0.0119572 0.00956799 0.014623 0.0203069 0.0112591 
0.0115363 0.0088844 0.00956782 0.00837209 0.0082993 0.00856479 0.00878221 0.0119028 0.0121974 0.00848639 0.00960216 0.00871015 0.00951547 0.00878558 0.0145229 0.0120342 0.00909787 0.00886929 0.00903757 0.00951056 0.0141593 0.0108354 0.0198263 0.00874522 0.0284757 0.0239657 0.334876 0.0202463 0.0200868 0.0084391 0.0121058 0.00861144 0.0126955 0.00848721 0.00842992 0.00783613 0.00852917 0.00800907 0.0125914 0.00862972 0.00544745 0.00437962 0.00435907 0.00374261 0.00385995 0.00376186 0.00376276 0.00385093 0 0.998066 0.0168289 0.00431605 0.00507276 0.00447042 0.00729896 0.00584291 0.00648204 0.00876388 0.00752774 0.00914352 0.00895414 0.0104083 0.0178827 
0.0103383 0.00864952 0.00810611 0.00804014 0.00815194 0.00821898 0.00933706 0.00908898 0.00819666 0.00855619 0.0082887 0.0083764 0.00882614 0.0109584 0.0100087 0.00879796 0.008982 0.00843975 0.00874897 0.00938198 0.0111514 0.0117019 0.00957649 0.0119101 0.0159125 0.0292959 0.0101429 0.0103994 0.00906344 0.0101761 0.00834944 0.00942454 0.0087107 0.00848488 0.00872981 0.0100619 0.00992665 0.0154893 0.00972566 0.00611654 0.00600056 0.00555419 0.00550845 0.00528959 0.00415843 0.00443983 0.00484314 0.00788612 0.998066 0 0.00435344 0.00394303 0.00380617 0.00399215 0.00407116 0.00416024 0.0045967 0.00525928 0.00618108 0.00617498 0.00692729 0.00761485 0.0235323 
0.00823359 0.00829612 0.00841649 0.00846767 0.00855304 0.00871796 0.00846823 0.00834723 0.00876536 0.00930944 0.00918576 0.00864984 0.00932644 0.00866675 0.00874829 0.00971004 0.00928393 0.00942954 0.00963262 0.0100432 0.0093551 0.00942866 0.0119766 0.0120006 0.0102341 0.0124486 0.0223973 0.00989955 0.0117215 0.00970367 0.0122342 0.00966114 0.0105698 0.00938682 0.00951171 0.0103681 0.0103711 0.0151846 0.0073918 0.00789079 0.00722618 0.00687215 0.00813283 0.00620032 0.00626288 0.00708577 0.0135005 0.965241 0.0168289 0.00435344 0 0.00372053 0.00371109 0.00374292 0.00377511 0.00409154 0.00455364 0.00488726 0.00639948 0.00707661 0.00696523 0.0219112 0.00917986 
0.00822838 0.00867725 0.00857882 0.00874686 0.0092936 0.00844305 0.00823071 0.00852958 0.00883532 0.0114901 0.0101792 0.0113565 0.00881206 0.00893841 0.00905228 0.00896283 0.0119053 0.0106926 0.012416 0.00994912 0.0091746 0.0105754 0.0103745 0.0123624 0.0095726 0.0109917 0.0100011 0.0185473 0.0108154 0.0188858 0.00976383 0.0142541 0.0103872 0.0107305 0.010821 0.0102611 0.0131844 0.0085074 0.00800289 0.00795441 0.00923389 0.0103285 0.00713742 0.00790009 0.00641049 0.0116172 0.147657 0.0953957 0.00431605 0.00394303 0.00372053 0 0.0037156 0.00371928 0.00372739 0.00373929 0.00380937 0.00432267 0.0055138 0.00593974 0.00881967 0.00739586 0.00717251 
0.00830952 0.00825111 0.00962156 0.00878008 0.00894475 0.00881444 0.00818967 0.00839266 0.0113902 0.00954109 0.0168698 0.00918487 0.0115418 0.00845294 0.00847024 0.0103871 0.0105355 0.0133427 0.0128597 0.00980877 0.0110378 0.00916107 0.0176903 0.009132 0.0154131 0.00926848 0.0183184 0.00950013 0.03835 0.00915212 0.0321246 0.00942097 0.0187773 0.0109306 0.0112723 0.0172093 0.00970904 0.00852556 0.00825576 0.00944462 0.0134236 0.0116471 0.0136993 0.00833788 0.0383466 0.0466003 0.776821 0.00696331 0.00507276 0.00380617 0.00371109 0.0037156 0 0.00374373 0.00374352 0.0038287 0.00379446 0.00455929 0.00409016 0.0105156 0.00680421 0.00936465 0.00899534 
0.00812331 0.00956053 0.00826703 0.00889835 0.010633 0.00827794 0.00822864 0.00962271 0.00844244 0.0206464 0.00895033 0.0152754 0.00855118 0.00983871 0.01047 0.0087023 0.0123388 0.0100757 0.0119817 0.0113871 0.00881582 0.014871 0.00853859 0.0315024 0.00860634 0.0137363 0.00903993 0.0512828 0.00888109 0.0517139 0.00854633 0.0322057 0.00916585 0.0112446 0.0323502 0.0104426 0.00871104 0.00958557 0.00953222 0.0100998 0.0146563 0.0116901 0.00933893 0.0162242 0.032364 0.837797 0.00775419 0.0105726 0.00447042 0.00399215 0.00374292 0.00371928 0.00374373 0 0.00370657 0.00373637 0.00371562 0.00370506 0.00665947 0.00399325 0.00613725 0.00692921 0.00618544 
0.00907577 0.00803517 0.0106164 0.0083953 0.00839118 0.00860267 0.00813484 0.00812189 0.0128821 0.00844052 0.0152796 0.00881575 0.00991745 0.00820971 0.00823399 0.0102937 0.00951176 0.0106372 0.0101948 0.00888057 0.0107425 0.00836236 0.033571 0.00857195 0.0177533 0.0091073 0.0269497 0.00857707 0.0386568 0.00861125 0.0398569 0.0086487 0.0174446 0.022991 0.0103372 0.0097905 0.0100217 0.00823445 0.0092233 0.0113944 0.0117587 0.011462 0.0147498 0.0420463 0.791446 0.00802823 0.0166615 0.00689042 0.00729896 0.00407116 0.00377511 0.00372739 0.00374352 0.00370657 0 0.00375718 0.00370416 0.00432536 0.00378442 0.00504395 0.00444254 0.00499324 0.00644522 
0.00807293 0.00852567 0.00823828 0.00831673 0.00895349 0.00824109 0.00801114 0.00858785 0.00837041 0.0109369 0.00898134 0.00912687 0.00852458 0.00856079 0.00855335 0.00865066 0.00952846 0.00938126 0.00994305 0.00931174 0.00843398 0.0106254 0.00888301 0.0112915 0.00862818 0.0107763 0.00910514 0.0163449 0.00943301 0.0178538 0.00930252 0.0147135 0.0141803 0.00994575 0.00944153 0.00923538 0.00831669 0.00833898 0.00869948 0.00895863 0.0114376 0.0112296 0.060026 0.360164 0.0277251 0.00855475 0.00776548 0.00740815 0.00584291 0.00416024 0.00409154 0.00373929 0.0038287 0.00373637 0.00375718 0 0.00410296 0.00373726 0.00486022 0.00378699 0.004007 0.00432864 0.00500015 
0.00804735 0.00855419 0.0083456 0.0085436 0.00870086 0.00813026 0.00805831 0.00832859 0.0086072 0.0107914 0.0088644 0.0101703 0.0083419 0.00865624 0.00854821 0.00851821 0.00994894 0.00929753 0.0103192 0.00900799 0.00854613 0.00969469 0.0089026 0.0117902 0.00859382 0.00966563 0.00935356 0.0135884 0.00973925 0.0160515 0.00969545 0.0292385 0.00997687 0.00943106 0.00930746 0.00954919 0.0083347 0.00876595 0.00847975 0.00935668 0.0144507 0.0668182 0.249186 0.0538341 0.00807319 0.0106157 0.00723117 0.0108232 0.00648204 0.0045967 0.00455364 0.00380937 0.00379446 0.00371562 0.00370416 0.00410296 0 0.00372157 0.00374871 0.00374448 0.00384912 0.00374179 0.00425813 
0.00901057 0.00805952 0.00983875 0.00835088 0.00839824 0.00848006 0.0080311 0.00814462 0.0110207 0.00843118 0.0129166 0.00843874 0.0099144 0.00830006 0.00818509 0.00965924 0.00915183 0.00986632 0.00999486 0.00884832 0.0100871 0.00854234 0.0183963 0.00861427 0.0147323 0.0091194 0.0168564 0.00908182 0.0309691 0.00865287 0.041817 0.00889426 0.0137194 0.0112844 0.00995819 0.00910235 0.0111462 0.00887742 0.00900667 0.0116054 0.0708218 0.23417 0.138916 0.00777817 0.0135917 0.00740793 0.0122214 0.00745241 0.00876388 0.00525928 0.00488726 0.00432267 0.00455929 0.00370506 0.00432536 0.00373726 0.00372157 0 0.00368729 0.00374763 0.00378195 0.00379255 0.00437066 
0.00815296 0.00955017 0.00823669 0.00925333 0.0110358 0.00832617 0.00830242 0.00969677 0.00861509 0.0229416 0.0092889 0.0157955 0.00869176 0.0101377 0.010251 0.008672 0.0126279 0.010668 0.0134696 0.0114435 0.00857795 0.0140473 0.00864855 0.0259076 0.00875233 0.0142633 0.00933658 0.0572004 0.0090599 0.079833 0.00890115 0.0497437 0.00978355 0.0129443 0.0128252 0.012869 0.00886238 0.0109613 0.00973132 0.0427169 0.343597 0.198822 0.00947137 0.0181651 0.00798771 0.0155082 0.00857972 0.0119572 0.00752774 0.00618108 0.00639948 0.0055138 0.00409016 0.00665947 0.00378442 0.00486022 0.00374871 0.00368729 0 0.00372141 0.00373509 0.0038049 0.00406431 
