1MKMB
HMNTLKKAFEILDFIVKNPGDVSVSEIAEKFNMSVSNAYKYMVVLEEKGFVLRKKDKRYVPGYKLIEYGSFVLRRFNIRDIAHDHLVDIMKRTGETVHLILKDGFEGVYIDKVEGEQSIPMVSRLGMKVDLYSTASGKSILAFVPEKELKEYLKIVELKPKTPNTITNPRVLKRELEKIRKRGYAVDNEENEIGIMCVGVPIFDHNGYPVAGVSISGVARKFTEEKIEEYSDVLKEKAEEISRKLGY
CCCHHHHHHHHHHHHHHCCCCECHHHHHHHCCCCHHHHHHHHHHHHHHCCEEECCCCCEEECCHHHHHHHHHHCCCHHHHHHHHHHHHHHHCCCCEEEEEEEECCEEEEEEEECCCCCCCCCCCCCCEEECCCCHHHHHHHCCCCHHHHHHHHHHCCCCCCCCCCCCCHHHHHHHHHHHHHHCCEEEECCCCCCEEEEEEEEECCCCCEEEEEEEEEEHHHCCHHHHHHHHHHHHHHHHHHHHHCCC
0 0 0 0 0 0 0 0 0 0 0 0 0 0 0 0 0 0 0 0 0 0 0 0 0 0 0 0 0 0 0 0 0 0 0 0 0 0 0 0 0 0 0 0 0 0 0 0 0 0 0 0 0 0 0 0 0 0 0 0 0 0 0 0 0 0 0 0 0 0 0 0 0 0 0 0 0 0 0 0 0 0 0 0 0 0 0 0 0 0 0 0 0 0 0 0 0 0 0 0 0 0 0 0 0 0 0 0 0 0 0 0 0 0 0 0 0 0 0 0 0 0 0 0 0 0 0 0 0 0 0 0 0 0 0 0 0 0 0 0 0 0 0 0 0 0 0 0 0 0 0 0 0 0 0 0 0 0 0 0 0 0 0 0 0 0 0 0 0 0 0 0 0 0 0 0 0 0 0 0 0 0 0 0 0 0 0 0 0 0 0 0 0 0 0 0 0 0 0 0 0 0 0 0 0 0 0 0 0 0 0 0 0 0 0 0 0 0 0 0 0 0 0 0 0 0 0 0 0 0 0 0 0 0 0 0 0 0 0 0 0 0 0 0 0 0 0 
0 0 0 0 0 0 0 0 0 0 0 0 0 0 0 0 0 0 0 0 0 0 0 0 0 0 0 0 0 0 0 0 0 0 0 0 0 0 0 0 0 0 0 0 0 0 0 0 0 0 0 0 0 0 0 0 0 0 0 0 0 0 0 0 0 0 0 0 0 0 0 0 0 0 0 0 0 0 0 0 0 0 0 0 0 0 0 0 0 0 0 0 0 0 0 0 0 0 0 0 0 0 0 0 0 0 0 0 0 0 0 0 0 0 0 0 0 0 0 0 0 0 0 0 0 0 0 0 0 0 0 0 0 0 0 0 0 0 0 0 0 0 0 0 0 0 0 0 0 0 0 0 0 0 0 0 0 0 0 0 0 0 0 0 0 0 0 0 0 0 0 0 0 0 0 0 0 0 0 0 0 0 0 0 0 0 0 0 0 0 0 0 0 0 0 0 0 0 0 0 0 0 0 0 0 0 0 0 0 0 0 0 0 0 0 0 0 0 0 0 0 0 0 0 0 0 0 0 0 0 0 0 0 0 0 0 0 0 0 0 0 0 0 0 0 0 0 
0 0.0238798 0.0155542 0.039361 0.0291138 0.0117108 0.0163344 0.0129045 0.00919039 0.00861111 0.00920093 0.00859177 0.00856156 0.00861466 0.00983559 0.0104967 0.00860776 0.00840625 0.00855641 0.00867845 0.00840292 0.00854104 0.0107674 0.00901864 0.00833575 0.00884682 0.0086239 0.00801586 0.00797542 0.00860264 0.00826205 0.00800445 0.00807029 0.0080962 0.00807348 0.00809581 0.00805357 0.00813808 0.00894216 0.00842825 0.0080074 0.008153 0.0082515 0.0081506 0.00809962 0.00811074 0.0080796 0.00808938 0.00865883 
0.0238798 0 0.0040275 0.00411112 0.0110645 0.0195302 0.915471 0.021641 0.0134881 0.0202345 0.0132736 0.0176696 0.0120905 0.0113258 0.0145346 0.0124895 0.0101707 0.0126771 0.0161958 0.0117126 0.0121065 0.0120026 0.0169116 0.00963083 0.00932903 0.0133287 0.00879358 0.00816703 0.00828966 0.00834653 0.00859577 0.00825985 0.00875903 0.00844845 0.00875946 0.00834771 0.00847913 0.00857243 0.00913381 0.00849037 0.00829014 0.00876774 0.00893678 0.00835797 0.00863189 0.00838597 0.00833067 0.00830341 0.00895648 
0.0155542 0.0040275 0 0.00378493 0.0189796 0.956568 0.00926791 0.0114096 0.0230792 0.0130724 0.0144819 0.0118799 0.0115643 0.0116336 0.00853886 0.00907288 0.0123036 0.0105256 0.0125714 0.0125002 0.0109704 0.0142319 0.00879739 0.0093999 0.0133409 0.00858464 0.00847017 0.00843789 0.0081903 0.00804445 0.00830109 0.00850877 0.0087233 0.00860604 0.00860436 0.00845209 0.00876215 0.00855402 0.00814345 0.00818338 0.00840629 0.00857268 0.00871251 0.00876442 0.00865733 0.00857521 0.00833602 0.00829712 0.0082951 
0.039361 0.00411112 0.00378493 0 0.953986 0.00617812 0.00707611 0.0198491 0.0118825 0.010297 0.0112343 0.011199 0.00952855 0.00909754 0.00972558 0.0143054 0.0105632 0.0100863 0.0104161 0.0103861 0.00957135 0.00921549 0.0117674 0.0129333 0.00881624 0.00885514 0.00989374 0.00814849 0.0082098 0.00808726 0.00888804 0.00844745 0.00836965 0.00825954 0.00832133 0.0082684 0.00835787 0.00848696 0.00831985 0.00872489 0.00820328 0.00834065 0.00834858 0.00831625 0.00828171 0.00826042 0.00808438 0.00811484 0.00800392 
0.0291138 0.0110645 0.0189796 0.953986 0 0.0038361 0.00383359 0.105444 0.0166588 0.0140033 0.0130149 0.012411 0.0114896 0.0103752 0.0140264 0.0133912 0.012315 0.0111952 0.0112626 0.0114879 0.0103637 0.0103398 0.0175189 0.0102221 0.00963744 0.0157771 0.0088523 0.00817564 0.00827091 0.008366 0.00861203 0.00829243 0.00837841 0.00850388 0.00855138 0.00832215 0.00830636 0.0084205 0.00879122 0.00860714 0.00825706 0.00850273 0.00850929 0.0085112 0.00833508 0.00840098 0.00823011 0.0083587 0.00851364 
0.0117108 0.0195302 0.956568 0.00617812 0.0038361 0 0.00380791 0.0146654 0.0519625 0.0202204 0.0196641 0.0165148 0.0126802 0.0171825 0.00874766 0.00908741 0.0132254 0.0108637 0.0152609 0.0114467 0.0106145 0.0176013 0.00869586 0.00921829 0.0144456 0.00926833 0.00829313 0.00838024 0.0082507 0.00797975 0.00813425 0.00837157 0.00871527 0.00840815 0.00863575 0.0083309 0.00847108 0.00874561 0.00828093 0.00799171 0.00836442 0.00854733 0.00865119 0.00840174 0.00849103 0.00843905 0.00831679 0.00827527 0.00801786 
0.0163344 0.915471 0.00926791 0.00707611 0.00383359 0.00380791 0 0.0200836 0.0147095 0.0245018 0.0253012 0.0242532 0.0190287 0.014258 0.0233522 0.0123085 0.010332 0.0127927 0.0125526 0.0153047 0.0121261 0.0098474 0.0175076 0.0118578 0.00943387 0.00946195 0.0092098 0.00824163 0.00811661 0.0081645 0.00941438 0.00832435 0.00868035 0.00837944 0.00869258 0.00833268 0.00847788 0.0087364 0.00837122 0.00830266 0.00814874 0.00852263 0.00849788 0.0084089 0.00840583 0.00848564 0.00811183 0.00822672 0.00795483 
0.0129045 0.021641 0.0114096 0.0198491 0.105444 0.0146654 0.0200836 0 0.00478652 0.00375256 0.00379839 0.00373779 0.00396947 0.00409003 0.00621434 0.00786171 0.00608456 0.00773122 0.00909272 0.00777083 0.00964214 0.0386297 0.431084 0.0314621 0.00910774 0.0359877 0.00927233 0.00857704 0.00873007 0.00967828 0.00862625 0.00864957 0.00886679 0.00903961 0.0092407 0.00867224 0.00894147 0.00892839 0.0108382 0.00871617 0.00833198 0.00865178 0.00906209 0.00855811 0.00904136 0.00849654 0.00856824 0.00841502 0.00991886 
0.00919039 0.0134881 0.0230792 0.0118825 0.0166588 0.0519625 0.0147095 0.00478652 0 0.00376067 0.00374546 0.00375265 0.0038078 0.00405194 0.00412919 0.00521865 0.00855029 0.00717627 0.00847791 0.00988645 0.0260767 0.35506 0.2443 0.00894611 0.0627423 0.00897167 0.00967067 0.0101373 0.00880301 0.00841971 0.00896292 0.00960999 0.0123973 0.0135167 0.0114696 0.012443 0.0108993 0.014402 0.00866713 0.00840778 0.00936313 0.0116325 0.0106281 0.0134568 0.00960933 0.0138651 0.00875369 0.0101061 0.00818177 
0.00861111 0.0202345 0.0130724 0.010297 0.0140033 0.0202204 0.0245018 0.00375256 0.00376067 0 0.00372954 0.00372552 0.00379594 0.00368687 0.0038038 0.00572872 0.00548213 0.00969223 0.0135278 0.0202369 0.426596 0.352071 0.00784131 0.0214525 0.00876285 0.0178437 0.00950929 0.0124149 0.0101789 0.00868979 0.00914961 0.0145543 0.0272082 0.0239706 0.0381556 0.019128 0.0317616 0.0180576 0.0099148 0.008537 0.0116431 0.0208573 0.0309902 0.0139441 0.0418786 0.0132158 0.0194584 0.00968095 0.00853945 
0.00920093 0.0132736 0.0144819 0.0112343 0.0130149 0.0196641 0.0253012 0.00379839 0.00374546 0.00372954 0 0.00371132 0.00370406 0.00375854 0.00374028 0.00413893 0.00546771 0.008321 0.029493 0.580592 0.312668 0.0089147 0.0094434 0.00915743 0.0227829 0.00934237 0.0107698 0.0133446 0.00968617 0.00887558 0.0100235 0.0127042 0.030593 0.0376517 0.0269366 0.0460399 0.0198368 0.0221933 0.00941638 0.00890111 0.0112082 0.0306039 0.0209329 0.0458232 0.0137764 0.0408926 0.0104107 0.0131194 0.00844536 
0.00859177 0.0176696 0.0118799 0.011199 0.012411 0.0165148 0.0242532 0.00373779 0.00375265 0.00372552 0.00371132 0 0.00370029 0.00373541 0.00380057 0.00415416 0.0058027 0.0200699 0.756127 0.152507 0.015271 0.0106315 0.00726157 0.0129567 0.0090608 0.015707 0.0098432 0.0128574 0.0103441 0.00871009 0.0092767 0.014208 0.0318435 0.0304761 0.0402576 0.0194027 0.0260612 0.014374 0.00976375 0.00864735 0.0123509 0.0220772 0.0364633 0.0152139 0.0339502 0.012655 0.0172624 0.00956638 0.00844395 
0.00856156 0.0120905 0.0115643 0.00952855 0.0114896 0.0126802 0.0190287 0.00396947 0.0038078 0.00379594 0.00370406 0.00370029 0 0.00375423 0.00371498 0.00466036 0.0117202 0.838112 0.157398 0.013223 0.00859428 0.00926375 0.00741497 0.00965993 0.0119781 0.00988079 0.00990307 0.010901 0.0091666 0.00843477 0.00936076 0.0110837 0.0214259 0.0234726 0.0174591 0.0152074 0.0138916 0.0114991 0.00876937 0.00849455 0.00943633 0.0186325 0.0154556 0.0166535 0.011293 0.0139741 0.00952764 0.00929942 0.00828247 
0.00861466 0.0113258 0.0116336 0.00909754 0.0103752 0.0171825 0.014258 0.00409003 0.00405194 0.00368687 0.00375854 0.00373541 0.00375423 0 0.00388881 0.0110969 0.991889 0.0501839 0.00970049 0.00583624 0.00660388 0.00703548 0.00779447 0.00972022 0.0219799 0.00976934 0.00934334 0.00886452 0.00864547 0.00834345 0.00886539 0.00968152 0.0102696 0.00967543 0.00927327 0.00900832 0.00913464 0.00989998 0.00836971 0.00853208 0.00928524 0.00925008 0.00956367 0.00908427 0.00906037 0.00909305 0.00843418 0.0086706 0.00797016 
0.00983559 0.0145346 0.00853886 0.00972558 0.0140264 0.00874766 0.0233522 0.00621434 0.00412919 0.0038038 0.00374028 0.00380057 0.00371498 0.00388881 0 0.987956 0.0157987 0.00392332 0.00425789 0.00488821 0.00465839 0.00532783 0.00599156 0.0124732 0.0084895 0.0152789 0.0102804 0.00824782 0.00827333 0.00826117 0.0102797 0.00847731 0.00848834 0.00839018 0.00863121 0.00825735 0.00837202 0.00850265 0.00853381 0.00905381 0.0081729 0.00840616 0.0084056 0.00837291 0.0083831 0.00835201 0.0082251 0.00820462 0.00824222 
0.0104967 0.0124895 0.00907288 0.0143054 0.0133912 0.00908741 0.0123085 0.00786171 0.00521865 0.00572872 0.00413893 0.00415416 0.00466036 0.0110969 0.987956 0 0.00381403 0.00373485 0.00378458 0.00378287 0.0038086 0.00426255 0.00426397 0.052193 0.0083711 0.0553867 0.00974723 0.00847211 0.00853504 0.00910889 0.00842659 0.00842388 0.00843587 0.00853837 0.0086733 0.00829003 0.00835309 0.00869664 0.00962166 0.00900406 0.00814124 0.00843955 0.0085918 0.00821448 0.00908011 0.00816142 0.00852107 0.00820859 0.0098276 
0.00860776 0.0101707 0.0123036 0.0105632 0.012315 0.0132254 0.010332 0.00608456 0.00855029 0.00548213 0.00546771 0.0058027 0.0117202 0.991889 0.0157987 0.00381403 0 0.00374759 0.00371269 0.00371957 0.00374089 0.00381968 0.00429459 0.00905506 0.132117 0.00915311 0.00979933 0.0101151 0.00928242 0.00853375 0.00913693 0.00994485 0.011499 0.0118446 0.0116738 0.011058 0.0101212 0.0101775 0.00895582 0.00819848 0.00962742 0.0101792 0.0106233 0.0114549 0.00921193 0.0110464 0.00854846 0.0105045 0.00838694 
0.00840625 0.0126771 0.0105256 0.0100863 0.0111952 0.0108637 0.0127927 0.00773122 0.00717627 0.00969223 0.008321 0.0200699 0.838112 0.0501839 0.00392332 0.00373485 0.00374759 0 0.00372929 0.0037008 0.00371416 0.00370173 0.00381422 0.0415331 0.0117706 0.0128445 0.00995027 0.0133599 0.00925605 0.00860782 0.00929166 0.0135948 0.0255368 0.0269753 0.0258659 0.0252069 0.0202434 0.012998 0.00910955 0.00833622 0.0106391 0.0202384 0.0209633 0.0214562 0.0179598 0.0174826 0.0127551 0.00948621 0.00830094 
0.00855641 0.0161958 0.0125714 0.0104161 0.0112626 0.0152609 0.0125526 0.00909272 0.00847791 0.0135278 0.029493 0.756127 0.157398 0.00970049 0.00425789 0.00378458 0.00371269 0.00372929 0 0.00371934 0.00370943 0.00381874 0.00375965 0.0208618 0.0146353 0.022476 0.0125389 0.01489 0.0109421 0.00906476 0.00984817 0.0197807 0.038729 0.0392868 0.049607 0.0264733 0.036605 0.0176282 0.00986763 0.0088377 0.0139944 0.0307084 0.040576 0.0219967 0.0418623 0.0185176 0.0201296 0.0102556 0.00868232 
0.00867845 0.0117126 0.0125002 0.0103861 0.0114879 0.0114467 0.0153047 0.00777083 0.00988645 0.0202369 0.580592 0.152507 0.013223 0.00583624 0.00488821 0.00378287 0.00371957 0.0037008 0.00371934 0 0.0037029 0.00372133 0.00374696 0.0107105 0.0355591 0.0106135 0.013853 0.0142801 0.0103243 0.00888461 0.0104029 0.0125452 0.0377038 0.0469929 0.0329931 0.0428345 0.0232498 0.0202377 0.00937369 0.0088965 0.0115831 0.0317936 0.0252846 0.0428112 0.0146414 0.0369274 0.0119124 0.0120591 0.00844407 
0.00840292 0.0121065 0.0109704 0.00957135 0.0103637 0.0106145 0.0121261 0.00964214 0.0260767 0.426596 0.312668 0.015271 0.00859428 0.00660388 0.00465839 0.0038086 0.00374089 0.00371416 0.00370943 0.0037029 0 0.00374214 0.00371629 0.0163134 0.0289442 0.0282184 0.0107371 0.014375 0.00965673 0.00867595 0.00918675 0.014582 0.0306615 0.0349321 0.0340901 0.0212057 0.0227028 0.0126195 0.00939202 0.00855195 0.0114628 0.0254496 0.0274506 0.017937 0.0225734 0.014158 0.014276 0.00939278 0.00827606 
0.00854104 0.0120026 0.0142319 0.00921549 0.0103398 0.0176013 0.0098474 0.0386297 0.35506 0.352071 0.0089147 0.0106315 0.00926375 0.00703548 0.00532783 0.00426255 0.00381968 0.00370173 0.00381874 0.00372133 0.00374214 0 0.00371117 0.0331428 0.0301771 0.0253343 0.0109858 0.0101994 0.010041 0.00839057 0.00971874 0.0110265 0.0168207 0.0128063 0.0140813 0.0103996 0.0120616 0.0137685 0.00891569 0.008614 0.0103122 0.0118606 0.0128768 0.0109227 0.0122099 0.0102237 0.00951208 0.00892987 0.00840369 
0.0107674 0.0169116 0.00879739 0.0117674 0.0175189 0.00869586 0.0175076 0.431084 0.2443 0.00784131 0.0094434 0.00726157 0.00741497 0.00779447 0.00599156 0.00426397 0.00429459 0.00381422 0.00375965 0.00374696 0.00371629 0.00371117 0 0.014117 0.0290892 0.0385466 0.0137343 0.00945436 0.00865384 0.00920501 0.0133629 0.0088828 0.00987275 0.00937683 0.00922182 0.00908471 0.00879078 0.0104457 0.00998909 0.00963862 0.00878073 0.00931648 0.00918442 0.0094172 0.00869511 0.00947692 0.00839057 0.0095833 0.00818596 
0.00901864 0.00963083 0.0093999 0.0129333 0.0102221 0.00921829 0.0118578 0.0314621 0.00894611 0.0214525 0.00915743 0.0129567 0.00965993 0.00972022 0.0124732 0.052193 0.00905506 0.0415331 0.0208618 0.0107105 0.0163134 0.0331428 0.014117 0 0.00385871 0.00447855 0.0321039 0.00931953 0.00934709 0.0103327 0.00863736 0.00920096 0.0088316 0.00877607 0.00947647 0.00846821 0.0094539 0.00901187 0.011349 0.0090476 0.00846843 0.00879782 0.00985028 0.00841474 0.0108339 0.0082752 0.00928333 0.00827495 0.0132812 
0.00833575 0.00932903 0.0133409 0.00881624 0.00963744 0.0144456 0.00943387 0.00910774 0.0627423 0.00876285 0.0227829 0.0090608 0.0119781 0.0219799 0.0084895 0.0083711 0.132117 0.0117706 0.0146353 0.0355591 0.0289442 0.0301771 0.0290892 0.00385871 0 0.00554534 0.0127092 0.0239339 0.011195 0.00902285 0.00967576 0.00931916 0.00951011 0.0100818 0.00887912 0.0107366 0.0089894 0.0151887 0.00859635 0.00862683 0.00943304 0.00928747 0.00883542 0.0113825 0.00848528 0.0118815 0.00836749 0.0135376 0.00801887 
0.00884682 0.0133287 0.00858464 0.00885514 0.0157771 0.00926833 0.00946195 0.0359877 0.00897167 0.0178437 0.00934237 0.015707 0.00988079 0.00976934 0.0152789 0.0553867 0.00915311 0.0128445 0.022476 0.0106135 0.0282184 0.0253343 0.0385466 0.00447855 0.00554534 0 0.0181418 0.00979249 0.0156092 0.0221702 0.0105539 0.0101348 0.0102624 0.00926901 0.0148871 0.0108363 0.00988678 0.00958968 0.0127042 0.00954423 0.00889898 0.00918265 0.0104445 0.00875203 0.0113001 0.00866925 0.0103201 0.00837545 0.0113422 
0.0086239 0.00879358 0.00847017 0.00989374 0.0088523 0.00829313 0.0092098 0.00927233 0.00967067 0.00950929 0.0107698 0.0098432 0.00990307 0.00934334 0.0102804 0.00974723 0.00979933 0.00995027 0.0125389 0.013853 0.0107371 0.0109858 0.0137343 0.0321039 0.0127092 0.0181418 0 0.00393086 0.00379647 0.00630883 0.00755727 0.0105529 0.0582911 0.122499 0.446868 0.0108722 0.0204572 0.0111399 0.0516118 0.0180489 0.0137598 0.0142695 0.0145023 0.0122792 0.0130353 0.0119401 0.01316 0.0119778 0.0252471 
0.00801586 0.00816703 0.00843789 0.00814849 0.00817564 0.00838024 0.00824163 0.00857704 0.0101373 0.0124149 0.0133446 0.0128574 0.010901 0.00886452 0.00824782 0.00847211 0.0101151 0.0133599 0.01489 0.0142801 0.014375 0.0101994 0.00945436 0.00931953 0.0239339 0.00979249 0.00393086 0 0.0038666 0.00369001 0.00729443 0.0758226 0.113823 0.420591 0.0133618 0.00948127 0.00906651 0.015005 0.00873141 0.0102979 0.0160287 0.0211053 0.0174961 0.0177618 0.0134924 0.0186767 0.010427 0.0202046 0.00912175 
0.00797542 0.00828966 0.0081903 0.0082098 0.00827091 0.0082507 0.00811661 0.00873007 0.00880301 0.0101789 0.00968617 0.0103441 0.0091666 0.00864547 0.00827333 0.00853504 0.00928242 0.00925605 0.0109421 0.0103243 0.00965673 0.010041 0.00865384 0.00934709 0.011195 0.0156092 0.00379647 0.0038666 0 0.00391577 0.0154267 0.113497 0.387288 0.00799784 0.00814596 0.00696235 0.0129954 0.00934424 0.00871164 0.00898605 0.0128916 0.0123098 0.0142753 0.0109863 0.0139483 0.00992744 0.0144182 0.0108482 0.00880415 
0.00860264 0.00834653 0.00804445 0.00808726 0.008366 0.00797975 0.0081645 0.00967828 0.00841971 0.00868979 0.00887558 0.00871009 0.00843477 0.00834345 0.00826117 0.00910889 0.00853375 0.00860782 0.00906476 0.00888461 0.00867595 0.00839057 0.00920501 0.0103327 0.00902285 0.0221702 0.00630883 0.00369001 0.00391577 0 0.137115 0.271407 0.00604034 0.00554406 0.00690624 0.00678533 0.00628681 0.00801275 0.00899172 0.0102755 0.00871908 0.00933374 0.00929184 0.00953545 0.00888864 0.0104319 0.00908599 0.0089475 0.00927583 
0.00826205 0.00859577 0.00830109 0.00888804 0.00861203 0.00813425 0.00941438 0.00862625 0.00896292 0.00914961 0.0100235 0.0092767 0.00936076 0.00886539 0.0102797 0.00842659 0.00913693 0.00929166 0.00984817 0.0104029 0.00918675 0.00971874 0.0133629 0.00863736 0.00967576 0.0105539 0.00755727 0.00729443 0.0154267 0.137115 0 0.00376037 0.00375614 0.00376514 0.00377099 0.00376928 0.00382374 0.00400214 0.00616709 0.00730138 0.00826912 0.00885023 0.00896002 0.00978955 0.00939619 0.012589 0.010161 0.0298994 0.664091 
0.00800445 0.00825985 0.00850877 0.00844745 0.00829243 0.00837157 0.00832435 0.00864957 0.00960999 0.0145543 0.0127042 0.014208 0.0110837 0.00968152 0.00847731 0.00842388 0.00994485 0.0135948 0.0197807 0.0125452 0.014582 0.0110265 0.0088828 0.00920096 0.00931916 0.0101348 0.0105529 0.0758226 0.113497 0.271407 0.00376037 0 0.00371964 0.00373692 0.00373621 0.0037579 0.00428225 0.0053503 0.00416329 0.0078155 0.00786595 0.0113172 0.0105635 0.0116104 0.0144529 0.0230949 0.0319489 0.711068 0.0103632 
0.00807029 0.00875903 0.0087233 0.00836965 0.00837841 0.00871527 0.00868035 0.00886679 0.0123973 0.0272082 0.030593 0.0318435 0.0214259 0.0102696 0.00848834 0.00843587 0.011499 0.0255368 0.038729 0.0377038 0.0306615 0.0168207 0.00987275 0.0088316 0.00951011 0.0102624 0.0582911 0.113823 0.387288 0.00604034 0.00375614 0.00371964 0 0.00374697 0.00372347 0.00372226 0.00370825 0.00389798 0.00388621 0.0066088 0.0106357 0.0116807 0.0262094 0.0147105 0.0293258 0.0244632 0.807231 0.0263711 0.00852904 
0.0080962 0.00844845 0.00860604 0.00825954 0.00850388 0.00840815 0.00837944 0.00903961 0.0135167 0.0239706 0.0376517 0.0304761 0.0234726 0.00967543 0.00839018 0.00853837 0.0118446 0.0269753 0.0392868 0.0469929 0.0349321 0.0128063 0.00937683 0.00877607 0.0100818 0.00926901 0.122499 0.420591 0.00799784 0.00554406 0.00376514 0.00373692 0.00374697 0 0.00373317 0.00374146 0.00373818 0.00377599 0.00379186 0.00753249 0.00808245 0.0169139 0.0123964 0.0355783 0.0231964 0.838412 0.0247047 0.0128759 0.00704167 
0.00807348 0.00875946 0.00860436 0.00832133 0.00855138 0.00863575 0.00869258 0.0092407 0.0114696 0.0381556 0.0269366 0.0402576 0.0174591 0.00927327 0.00863121 0.0086733 0.0116738 0.0258659 0.049607 0.0329931 0.0340901 0.0140813 0.00922182 0.00947647 0.00887912 0.0148871 0.446868 0.0133618 0.00814596 0.00690624 0.00377099 0.00373621 0.00372347 0.00373317 0 0.00372422 0.00367602 0.00374862 0.00380176 0.00638145 0.0101003 0.0104425 0.0301892 0.0310733 0.863448 0.0270215 0.019771 0.00873548 0.00816207 
0.00809581 0.00834771 0.00845209 0.0082684 0.00832215 0.0083309 0.00833268 0.00867224 0.012443 0.019128 0.0460399 0.0194027 0.0152074 0.00900832 0.00825735 0.00829003 0.011058 0.0252069 0.0264733 0.0428345 0.0212057 0.0103996 0.00908471 0.00846821 0.0107366 0.0108363 0.0108722 0.00948127 0.00696235 0.00678533 0.00376928 0.0037579 0.00372226 0.00374146 0.00372422 0 0.00369751 0.00373487 0.00372802 0.00644218 0.00727098 0.0207473 0.0259192 0.826303 0.0281606 0.0250178 0.00837976 0.0136869 0.00665682 
0.00805357 0.00847913 0.00876215 0.00835787 0.00830636 0.00847108 0.00847788 0.00894147 0.0108993 0.0317616 0.0198368 0.0260612 0.0138916 0.00913464 0.00837202 0.00835309 0.0101212 0.0202434 0.036605 0.0232498 0.0227028 0.0120616 0.00879078 0.0094539 0.0089894 0.00988678 0.0204572 0.00906651 0.0129954 0.00628681 0.00382374 0.00428225 0.00370825 0.00373818 0.00367602 0.00369751 0 0.00370668 0.0037318 0.0063448 0.011609 0.0392825 0.849805 0.0103311 0.0140074 0.00841003 0.0139998 0.00782352 0.00649712 
0.00813808 0.00857243 0.00855402 0.00848696 0.0084205 0.00874561 0.0087364 0.00892839 0.014402 0.0180576 0.0221933 0.014374 0.0114991 0.00989998 0.00850265 0.00869664 0.0101775 0.012998 0.0176282 0.0202377 0.0126195 0.0137685 0.0104457 0.00901187 0.0151887 0.00958968 0.0111399 0.015005 0.00934424 0.00801275 0.00400214 0.0053503 0.00389798 0.00377599 0.00374862 0.00373487 0.00370668 0 0.00373392 0.0125955 0.0630281 0.65349 0.0185374 0.012033 0.00795527 0.0127499 0.00812661 0.0139807 0.00679749 
0.00894216 0.00913381 0.00814345 0.00831985 0.00879122 0.00828093 0.00837122 0.0108382 0.00866713 0.0099148 0.00941638 0.00976375 0.00876937 0.00836971 0.00853381 0.00962166 0.00895582 0.00910955 0.00986763 0.00937369 0.00939202 0.00891569 0.00998909 0.011349 0.00859635 0.0127042 0.0516118 0.00873141 0.00871164 0.00899172 0.00616709 0.00416329 0.00388621 0.00379186 0.00380176 0.00372802 0.0037318 0.00373392 0 0.897382 0.126807 0.00627826 0.0100742 0.0071603 0.00948896 0.00839803 0.008092 0.00798724 0.00829512 
0.00842825 0.00849037 0.00818338 0.00872489 0.00860714 0.00799171 0.00830266 0.00871617 0.00840778 0.008537 0.00890111 0.00864735 0.00849455 0.00853208 0.00905381 0.00900406 0.00819848 0.00833622 0.0088377 0.0088965 0.00855195 0.008614 0.00963862 0.0090476 0.00862683 0.00954423 0.0180489 0.0102979 0.00898605 0.0102755 0.00730138 0.0078155 0.0066088 0.00753249 0.00638145 0.00644218 0.0063448 0.0125955 0.897382 0 0.00376002 0.00373193 0.00373678 0.003763 0.00389234 0.00398862 0.00417221 0.00404507 0.00872224 
0.0080074 0.00829014 0.00840629 0.00820328 0.00825706 0.00836442 0.00814874 0.00833198 0.00936313 0.0116431 0.0112082 0.0123509 0.00943633 0.00928524 0.0081729 0.00814124 0.00962742 0.0106391 0.0139944 0.0115831 0.0114628 0.0103122 0.00878073 0.00846843 0.00943304 0.00889898 0.0137598 0.0160287 0.0128916 0.00871908 0.00826912 0.00786595 0.0106357 0.00808245 0.0101003 0.00727098 0.011609 0.0630281 0.126807 0.00376002 0 0.00380428 0.00372237 0.00373861 0.00376865 0.00378479 0.00380155 0.00505138 0.00398558 
0.008153 0.00876774 0.00857268 0.00834065 0.00850273 0.00854733 0.00852263 0.00865178 0.0116325 0.0208573 0.0306039 0.0220772 0.0186325 0.00925008 0.00840616 0.00843955 0.0101792 0.0202384 0.0307084 0.0317936 0.0254496 0.0118606 0.00931648 0.00879782 0.00928747 0.00918265 0.0142695 0.0211053 0.0123098 0.00933374 0.00885023 0.0113172 0.0116807 0.0169139 0.0104425 0.0207473 0.0392825 0.65349 0.00627826 0.00373193 0.00380428 0 0.00373617 0.00372607 0.00391235 0.00374508 0.00404273 0.00395212 0.00380969 
0.0082515 0.00893678 0.00871251 0.00834858 0.00850929 0.00865119 0.00849788 0.00906209 0.0106281 0.0309902 0.0209329 0.0364633 0.0154556 0.00956367 0.0084056 0.0085918 0.0106233 0.0209633 0.040576 0.0252846 0.0274506 0.0128768 0.00918442 0.00985028 0.00883542 0.0104445 0.0145023 0.0174961 0.0142753 0.00929184 0.00896002 0.0105635 0.0262094 0.0123964 0.0301892 0.0259192 0.849805 0.0185374 0.0100742 0.00373678 0.00372237 0.00373617 0 0.00371064 0.00372852 0.00377997 0.00378932 0.00370091 0.00384399 
0.0081506 0.00835797 0.00876442 0.00831625 0.0085112 0.00840174 0.0084089 0.00855811 0.0134568 0.0139441 0.0458232 0.0152139 0.0166535 0.00908427 0.00837291 0.00821448 0.0114549 0.0214562 0.0219967 0.0428112 0.017937 0.0109227 0.0094172 0.00841474 0.0113825 0.00875203 0.0122792 0.0177618 0.0109863 0.00953545 0.00978955 0.0116104 0.0147105 0.0355783 0.0310733 0.826303 0.0103311 0.012033 0.0071603 0.003763 0.00373861 0.00372607 0.00371064 0 0.0037151 0.00373571 0.00374363 0.00394077 0.00373618 
0.00809962 0.00863189 0.00865733 0.00828171 0.00833508 0.00849103 0.00840583 0.00904136 0.00960933 0.0418786 0.0137764 0.0339502 0.011293 0.00906037 0.0083831 0.00908011 0.00921193 0.0179598 0.0418623 0.0146414 0.0225734 0.0122099 0.00869511 0.0108339 0.00848528 0.0113001 0.0130353 0.0134924 0.0139483 0.00888864 0.00939619 0.0144529 0.0293258 0.0231964 0.863448 0.0281606 0.0140074 0.00795527 0.00948896 0.00389234 0.00376865 0.00391235 0.00372852 0.0037151 0 0.00372651 0.00373665 0.0037187 0.00372998 
0.00811074 0.00838597 0.00857521 0.00826042 0.00840098 0.00843905 0.00848564 0.00849654 0.0138651 0.0132158 0.0408926 0.012655 0.0139741 0.00909305 0.00835201 0.00816142 0.0110464 0.0174826 0.0185176 0.0369274 0.014158 0.0102237 0.00947692 0.0082752 0.0118815 0.00866925 0.0119401 0.0186767 0.00992744 0.0104319 0.012589 0.0230949 0.0244632 0.838412 0.0270215 0.0250178 0.00841003 0.0127499 0.00839803 0.00398862 0.00378479 0.00374508 0.00377997 0.00373571 0.00372651 0 0.00374874 0.00371158 0.0037342 
0.0080796 0.00833067 0.00833602 0.00808438 0.00823011 0.00831679 0.00811183 0.00856824 0.00875369 0.0194584 0.0104107 0.0172624 0.00952764 0.00843418 0.0082251 0.00852107 0.00854846 0.0127551 0.0201296 0.0119124 0.014276 0.00951208 0.00839057 0.00928333 0.00836749 0.0103201 0.01316 0.010427 0.0144182 0.00908599 0.010161 0.0319489 0.807231 0.0247047 0.019771 0.00837976 0.0139998 0.00812661 0.008092 0.00417221 0.00380155 0.00404273 0.00378932 0.00374363 0.00373665 0.00374874 0 0.00371384 0.00371775 
0.00808938 0.00830341 0.00829712 0.00811484 0.0083587 0.00827527 0.00822672 0.00841502 0.0101061 0.00968095 0.0131194 0.00956638 0.00929942 0.0086706 0.00820462 0.00820859 0.0105045 0.00948621 0.0102556 0.0120591 0.00939278 0.00892987 0.0095833 0.00827495 0.0135376 0.00837545 0.0119778 0.0202046 0.0108482 0.0089475 0.0298994 0.711068 0.0263711 0.0128759 0.00873548 0.0136869 0.00782352 0.0139807 0.00798724 0.00404507 0.00505138 0.00395212 0.00370091 0.00394077 0.0037187 0.00371158 0.00371384 0 0.00369943 
0.00865883 0.00895648 0.0082951 0.00800392 0.00851364 0.00801786 0.00795483 0.00991886 0.00818177 0.00853945 0.00844536 0.00844395 0.00828247 0.00797016 0.00824222 0.0098276 0.00838694 0.00830094 0.00868232 0.00844407 0.00827606 0.00840369 0.00818596 0.0132812 0.00801887 0.0113422 0.0252471 0.00912175 0.00880415 0.00927583 0.664091 0.0103632 0.00852904 0.00704167 0.00816207 0.00665682 0.00649712 0.00679749 0.00829512 0.00872224 0.00398558 0.00380969 0.00384399 0.00373618 0.00372998 0.0037342 0.00371775 0.00369943 0 
