1N2MC
AEINPLHAYFKLPNTVSLVAGSSEGETPLNAFDGALLNAGIGNVNLIRISAIMPPEAEIVPLPKLPMGALVPTAYGYIISDVPGETISAAISVAIPKDKSLCGLIMEYEGKCSKKEAEKTVREMAKIGFEMRGWELDRIESIAVEHTVEKLGCAFAAAALWYK
CCCCCCCCCCCCCCEEEEEEEEEECCCHHHHHHHHHHHHCCCCCEEEECCCEECCCCEECCCCCCCCCCEEEEEEEEEEECCCCCEEEEEEEEEEECCCCCCEEEEEEEECCCHHHHHHHHHHHHHHHHHHHCCCEEEEEEEEEEEECCCCEEEEEEEEEECC
0 0 0 0 0 0 0 0 0 0 0 0 0 0 0 0 0 0 0 0 0 0 0 0 0 0 0 0 0 0 0 0 0 0 0 0 0 0 0 0 0 0 0 0 0 0 0 0 0 0 0 0 0 0 0 0 0 0 0 0 0 0 0 0 0 0 0 0 0 0 0 0 0 0 0 0 0 0 0 0 0 0 0 0 0 0 0 0 0 0 0 0 0 0 0 0 0 0 0 0 0 0 0 0 0 0 0 0 0 0 0 0 0 0 0 0 0 0 0 0 0 0 0 0 0 0 0 0 0 0 0 0 0 0 0 0 0 0 0 0 0 0 0 0 0 0 0 0 0 0 0 0 0 0 0 0 0 0 0 0 0 0 0 
0 0 0 0 0 0 0 0 0 0 0 0 0 0 0 0 0 0 0 0 0 0 0 0 0 0 0 0 0 0 0 0 0 0 0 0 0 0 0 0 0 0 0 0 0 0 0 0 0 0 0 0 0 0 0 0 0 0 0 0 0 0 0 0 0 0 0 0 0 0 0 0 0 0 0 0 0 0 0 0 0 0 0 0 0 0 0 0 0 0 0 0 0 0 0 0 0 0 0 0 0 0 0 0 0 0 0 0 0 0 0 0 0 0 0 0 0 0 0 0 0 0 0 0 0 0 0 0 0 0 0 0 0 0 0 0 0 0 0 0 0 0 0 0 0 0 0 0 0 0 0 0 0 0 0 0 0 0 0 0 0 0 0 
0 0.00378266 0.00376856 0.00379074 0.00380468 0.00386624 0.00405145 0.0040912 0.00466848 0.012018 0.116716 0.0139751 0.0120686 0.0227952 0.0159145 0.0149238 0.0132866 0.0137816 0.0206463 0.0103787 0.0110445 0.0113576 0.0102707 0.00993428 0.00956384 0.00922796 0.00900755 0.00957586 0.0132383 0.0115742 0.00927404 0.00965909 0.0100959 0.0106684 0.0100185 0.0100164 0.0104446 0.01027 0.00991773 0.01314 0.0120418 0.00906989 0.00880622 0.00861584 0.00821054 0.00814286 0.00829226 0.0092508 0.00827023 0.00800878 0.00811712 0.00824929 0.00816603 0.00820845 0.00824903 0.00822035 0.00825426 0.00820651 0.00827655 0.00874616 0.00859573 0.00833317 0.0083896 0.00848568 0.00855657 0.00856105 0.0085735 0.00865506 0.0084297 0.0100445 
0.00378266 0 0.00374213 0.00375414 0.00380892 0.0038038 0.00380368 0.00392451 0.00795895 0.00587094 0.0282714 0.0876499 0.0316108 0.0121271 0.0128587 0.0110122 0.0101606 0.0129263 0.0157175 0.0303649 0.021615 0.0183042 0.0253607 0.0128428 0.0256684 0.011121 0.0263044 0.0112632 0.0102095 0.00899159 0.019786 0.0108869 0.028814 0.0165411 0.0314978 0.0150532 0.0282987 0.0223055 0.012824 0.00980112 0.0117142 0.0162681 0.011696 0.0111547 0.0094887 0.00889022 0.00860472 0.00870102 0.00800249 0.00839835 0.0082089 0.00867652 0.00847855 0.00924259 0.00868795 0.00913484 0.00882017 0.0085117 0.00903492 0.00835022 0.00837538 0.00916645 0.00931409 0.00984874 0.00979023 0.0102039 0.0103375 0.0105058 0.0102356 0.00899769 
0.00376856 0.00374213 0 0.00374267 0.003759 0.0037884 0.00374958 0.00508095 0.00404779 0.00414726 0.0375528 0.0380355 0.0307504 0.018936 0.0119365 0.0101551 0.0105803 0.00951143 0.0156722 0.0323095 0.0431592 0.0679295 0.0316039 0.0656658 0.0173055 0.077571 0.0170087 0.0172791 0.00928916 0.0100043 0.0100687 0.0531491 0.0274924 0.0848239 0.0278949 0.0919722 0.0405953 0.0768952 0.0138616 0.00937536 0.0108819 0.0226523 0.0286909 0.0229059 0.0159646 0.0113706 0.00912067 0.00851243 0.00824643 0.00842664 0.009811 0.00888262 0.0119556 0.0109679 0.011501 0.0119197 0.0101202 0.0114848 0.00881427 0.00899392 0.00877683 0.0100688 0.0147011 0.0132936 0.0143775 0.0140794 0.0148133 0.0181157 0.0115782 0.0093299 
0.00379074 0.00375414 0.00374267 0 0.00371464 0.00371731 0.00425972 0.00373987 0.00408164 0.00429315 0.0239508 0.0394895 0.0319183 0.0178472 0.0123181 0.0104292 0.00920072 0.00989642 0.0143096 0.0301708 0.0513243 0.0408463 0.065527 0.0235819 0.0780473 0.0160061 0.0323819 0.0109343 0.0108843 0.00891838 0.0183209 0.0183325 0.0670351 0.0321266 0.0852904 0.0368672 0.10355 0.045089 0.0155489 0.0096176 0.0107789 0.0182218 0.0305029 0.0222312 0.0164468 0.0123972 0.00889804 0.00932557 0.0082225 0.00867191 0.00868774 0.0109596 0.00992011 0.0120253 0.0115201 0.0108273 0.0117384 0.00961168 0.00956517 0.00840724 0.00863595 0.0108566 0.0118681 0.0151156 0.0142738 0.0154776 0.0174647 0.0155547 0.0126941 0.00906645 
0.00380468 0.00380892 0.003759 0.00371464 0 0.00371356 0.0037296 0.00372396 0.00373215 0.0039787 0.0262611 0.0211511 0.022783 0.0154471 0.0115763 0.0102943 0.00950895 0.0093164 0.0132058 0.0217236 0.0461231 0.0505156 0.0312845 0.0571885 0.0197786 0.0223226 0.014657 0.0117916 0.00928722 0.00906547 0.00995181 0.0290548 0.0276972 0.0457816 0.0338525 0.0751475 0.0405502 0.0439197 0.0127763 0.00978392 0.0100496 0.0147712 0.0230421 0.0208906 0.0130035 0.0108563 0.00910208 0.00883567 0.00816392 0.00824302 0.00916267 0.00896387 0.00951389 0.0110901 0.0106848 0.0105166 0.00972881 0.00918006 0.00877051 0.00829628 0.00851768 0.0095831 0.0125696 0.0118361 0.0130012 0.0135049 0.0137748 0.0150827 0.0103883 0.00928963 
0.00386624 0.0038038 0.0037884 0.00371731 0.00371356 0 0.00371207 0.00370546 0.00374571 0.00374727 0.0325872 0.0384143 0.0206363 0.0166766 0.0105317 0.0103891 0.0092964 0.0093273 0.0133017 0.0217467 0.0383006 0.0381533 0.0527179 0.0253001 0.0263844 0.0155421 0.0146514 0.0103216 0.00931775 0.00892905 0.0124152 0.0193191 0.032611 0.03231 0.0547983 0.0384429 0.0401131 0.0298501 0.0133823 0.00898609 0.0107606 0.0158071 0.0225332 0.0175167 0.0123803 0.0121047 0.00858108 0.00888294 0.00826093 0.00871171 0.008774 0.00896674 0.0091813 0.0101305 0.0102306 0.00997943 0.0095115 0.0091811 0.00862387 0.00828568 0.00884172 0.00968185 0.0113255 0.0121258 0.0131096 0.012669 0.0129998 0.0129302 0.0107788 0.00865051 
0.00405145 0.00380368 0.00374958 0.00425972 0.0037296 0.00371207 0 0.00370409 0.00374747 0.00372838 0.0283435 0.0345563 0.0290958 0.0169044 0.0114785 0.00970619 0.0091308 0.0094688 0.0133708 0.0223272 0.0326064 0.0512871 0.0317404 0.0230274 0.0194101 0.0142802 0.0161503 0.0100518 0.00945508 0.00882086 0.0113665 0.0190086 0.03131 0.0520763 0.0380895 0.0334352 0.034218 0.0330381 0.0113269 0.00923595 0.0100196 0.0148683 0.0205425 0.0167218 0.0120315 0.0100235 0.00849753 0.00873076 0.0083883 0.00834617 0.00859971 0.00943648 0.00924153 0.0103856 0.0100205 0.00937291 0.00992044 0.00884015 0.00872564 0.00827573 0.00848568 0.00972174 0.0114785 0.0114645 0.0122008 0.0125051 0.0125267 0.0127074 0.0102555 0.00886062 
0.0040912 0.00392451 0.00508095 0.00373987 0.00372396 0.00370546 0.00370409 0 0.00372829 0.00371948 0.0234508 0.0517644 0.0286961 0.022598 0.00988848 0.00969356 0.00885887 0.00873139 0.0116075 0.0154178 0.0430546 0.0262395 0.0248147 0.0206513 0.0152522 0.0141224 0.0119097 0.00973291 0.00903706 0.00873142 0.0097989 0.0185682 0.0388557 0.0277882 0.0226976 0.0250424 0.0250672 0.0244042 0.0103551 0.00903278 0.0110484 0.0117896 0.0167678 0.0130458 0.0103924 0.00931026 0.0084647 0.00870598 0.00807064 0.00819277 0.00864679 0.00866793 0.00893084 0.00944553 0.00898569 0.00922778 0.00892461 0.00896165 0.00842947 0.00812446 0.00849038 0.00875562 0.0101119 0.0101487 0.0101541 0.0101943 0.0106355 0.00986131 0.00959556 0.00853187 
0.00466848 0.00795895 0.00404779 0.00408164 0.00373215 0.00374571 0.00374747 0.00372829 0 0.00371626 0.0130946 0.0459921 0.118415 0.0254005 0.0144735 0.0107447 0.00915245 0.0100726 0.0102694 0.017479 0.0168247 0.0159749 0.0146016 0.0123754 0.0111457 0.00974671 0.00981659 0.0104807 0.00903326 0.00867713 0.00996655 0.0199285 0.0166669 0.0143046 0.0128401 0.0128123 0.0158725 0.0131435 0.0113746 0.0088821 0.00927236 0.0109333 0.0110875 0.0102948 0.00902409 0.00857936 0.00830129 0.00829927 0.00797581 0.00813531 0.00818791 0.00846338 0.00838476 0.00862081 0.00866053 0.00847321 0.00849505 0.00828823 0.0083037 0.00803383 0.00821598 0.00885213 0.00895054 0.00917986 0.00896114 0.00902789 0.00896205 0.00918235 0.00899597 0.00842654 
0.012018 0.00587094 0.00414726 0.00429315 0.0039787 0.00374727 0.00372838 0.00371948 0.00371626 0 0.0240885 0.020679 0.0279878 0.156711 0.0186847 0.0174246 0.0133098 0.011276 0.0170203 0.00965168 0.0108357 0.0110538 0.0104724 0.0100404 0.00967824 0.00947584 0.00891865 0.00931273 0.0100708 0.0138944 0.00944476 0.00940889 0.0110953 0.0100336 0.0103907 0.0100427 0.0103303 0.0103647 0.00915121 0.0103928 0.0122577 0.00917597 0.00956824 0.00885414 0.00853172 0.00830542 0.00821165 0.00853129 0.00843727 0.0081066 0.00810304 0.0081544 0.00817279 0.00827841 0.00826154 0.00822037 0.00818227 0.00817217 0.0081508 0.00862073 0.00958427 0.00828508 0.0083333 0.00842362 0.00847653 0.00840866 0.00846189 0.00852283 0.00845422 0.00878666 
0.116716 0.0282714 0.0375528 0.0239508 0.0262611 0.0325872 0.0283435 0.0234508 0.0130946 0.0240885 0 0.00382866 0.00374086 0.00473712 0.00532779 0.0076763 0.0146469 0.0127284 0.110503 0.0127963 0.0128579 0.0152857 0.0119947 0.0123173 0.010025 0.0134609 0.00919084 0.0120613 0.0168674 0.0255494 0.0109771 0.0143558 0.0127847 0.0163531 0.012687 0.0165898 0.0140461 0.0147566 0.0118643 0.0158574 0.0233908 0.0120853 0.0111884 0.00998774 0.00924354 0.00845247 0.00949676 0.00987791 0.00861588 0.00814241 0.0088236 0.00835548 0.00911101 0.00877429 0.00869819 0.0090184 0.00840345 0.00867627 0.00846789 0.0108551 0.00930856 0.00917887 0.0098868 0.0105232 0.0105953 0.0108561 0.0116662 0.0137276 0.0103574 0.0114445 
0.0139751 0.0876499 0.0380355 0.0394895 0.0211511 0.0384143 0.0345563 0.0517644 0.0459921 0.020679 0.00382866 0 0.00383364 0.00372869 0.00481766 0.00495002 0.00942599 0.015087 0.0168765 0.0668012 0.0274619 0.0217211 0.0215726 0.0156024 0.0172964 0.0118831 0.0144868 0.0116316 0.0106319 0.00982056 0.018142 0.0177376 0.0240866 0.0241953 0.0250589 0.0239939 0.0285242 0.023975 0.0156758 0.0109099 0.0112465 0.0264209 0.0174291 0.0137867 0.0109991 0.00981968 0.00913971 0.00983733 0.00825845 0.00851509 0.00887989 0.00940042 0.00909406 0.0106195 0.00950108 0.00962235 0.00966288 0.0090654 0.0097192 0.00858021 0.00865154 0.0101211 0.0111843 0.0120507 0.0124635 0.0126522 0.0128523 0.0144438 0.0123536 0.00912993 
0.0120686 0.0316108 0.0307504 0.0319183 0.022783 0.0206363 0.0290958 0.0286961 0.118415 0.0279878 0.00374086 0.00383364 0 0.00375484 0.00410852 0.00756619 0.00827383 0.0107876 0.0141287 0.0277066 0.0451156 0.0154768 0.0237018 0.0131913 0.0193329 0.0102251 0.017517 0.0112642 0.0106809 0.00962518 0.0198792 0.0121522 0.0250959 0.015873 0.0267283 0.0160331 0.0285496 0.0190448 0.0172617 0.00973275 0.0112337 0.0186003 0.0174702 0.0122873 0.0108193 0.0104148 0.00909089 0.00964007 0.00834663 0.00868793 0.00832532 0.00986729 0.00854591 0.00989215 0.00944511 0.00926784 0.0100696 0.00869007 0.0101023 0.0081759 0.00861992 0.0107169 0.0102753 0.0109253 0.011399 0.0110469 0.0115743 0.0122734 0.0126015 0.00911277 
0.0227952 0.0121271 0.018936 0.0178472 0.0154471 0.0166766 0.0169044 0.022598 0.0254005 0.156711 0.00473712 0.00372869 0.00375484 0 0.00900505 0.0047426 0.0195777 0.0109316 0.029137 0.0156035 0.0123061 0.0418817 0.012002 0.0207753 0.0101218 0.0179052 0.00964425 0.0141876 0.0113279 0.0330002 0.0098329 0.0182869 0.0118104 0.0168766 0.0115451 0.0182386 0.0132066 0.0152262 0.0121123 0.0116362 0.019308 0.0123044 0.0116007 0.0107443 0.00975202 0.00891674 0.0101137 0.00914128 0.00946249 0.00838446 0.0091596 0.00843905 0.00956235 0.00876709 0.00912183 0.00943404 0.00852872 0.00983508 0.00832386 0.0110492 0.0125499 0.0090489 0.00941308 0.00933603 0.00990317 0.00956328 0.00976939 0.010234 0.00952913 0.0103614 
0.0159145 0.0128587 0.0119365 0.0123181 0.0115763 0.0105317 0.0114785 0.00988848 0.0144735 0.0186847 0.00532779 0.00481766 0.00410852 0.00900505 0 0.00391946 0.00570803 0.0560308 0.0188643 0.0158684 0.0115826 0.0119505 0.0158911 0.00964422 0.0105975 0.00967601 0.00982252 0.0108494 0.0152571 0.0123215 0.0122814 0.0103311 0.0124931 0.0114383 0.0117237 0.0103508 0.0127527 0.0104305 0.0123522 0.0158128 0.0132949 0.0125026 0.00930893 0.00950684 0.00896796 0.00860117 0.0089478 0.0116261 0.00831859 0.00823606 0.00823429 0.00855934 0.00839397 0.00860836 0.00853322 0.00851816 0.00856552 0.00839357 0.00888374 0.00939001 0.00895719 0.0089172 0.008636 0.00893598 0.00904786 0.00902405 0.00943329 0.00934087 0.00934245 0.0109153 
0.0149238 0.0110122 0.0101551 0.0104292 0.0102943 0.0103891 0.00970619 0.00969356 0.0107447 0.0174246 0.0076763 0.00495002 0.00756619 0.0047426 0.00391946 0 0.0831128 0.00609577 0.0187445 0.0121626 0.00934728 0.0108517 0.00930572 0.0100717 0.00883352 0.00987252 0.0087761 0.00983416 0.0102789 0.0141068 0.00988042 0.00943863 0.00990391 0.0110408 0.00932929 0.0109528 0.00985007 0.0108228 0.00991597 0.0101579 0.0150092 0.00983527 0.0093025 0.00908387 0.00875048 0.00849017 0.00856475 0.00882318 0.00865964 0.00817106 0.00807392 0.00822057 0.00824416 0.00828786 0.00830271 0.00829339 0.00819284 0.00827022 0.00830949 0.00833017 0.00988255 0.00848728 0.00840241 0.00845571 0.00850873 0.00848038 0.00867106 0.00847391 0.00893085 0.00893407 
0.0132866 0.0101606 0.0105803 0.00920072 0.00950895 0.0092964 0.0091308 0.00885887 0.00915245 0.0133098 0.0146469 0.00942599 0.00827383 0.0195777 0.00570803 0.0831128 0 0.00449734 0.0208633 0.015939 0.0168666 0.00923618 0.0107491 0.00866918 0.00844355 0.0101535 0.00837254 0.0116111 0.0131542 0.0201641 0.00969029 0.0106425 0.0091314 0.0105379 0.0090934 0.0106447 0.00943993 0.0100015 0.0106136 0.0127085 0.0116595 0.00983954 0.00936047 0.0088023 0.00880451 0.00839188 0.00964553 0.00896166 0.00830334 0.00817919 0.00867781 0.00808984 0.00883578 0.00824429 0.00844552 0.00874127 0.00811295 0.00894809 0.00820153 0.011285 0.00881532 0.00832579 0.00848816 0.00846198 0.00849414 0.00844416 0.00859585 0.00872559 0.00875365 0.00985327 
0.0137816 0.0129263 0.00951143 0.00989642 0.0093164 0.0093273 0.0094688 0.00873139 0.0100726 0.011276 0.0127284 0.015087 0.0107876 0.0109316 0.0560308 0.00609577 0.00449734 0 0.0260869 0.0161495 0.0075272 0.0088183 0.00825441 0.0092279 0.00944591 0.00837531 0.00881769 0.0122273 0.0138496 0.0135343 0.012614 0.00933752 0.00990029 0.0100306 0.00949647 0.00993455 0.0102904 0.0101861 0.00984438 0.0109755 0.0158746 0.0100548 0.00900376 0.00879538 0.00872441 0.00842423 0.00870291 0.0091333 0.00949823 0.00852402 0.00809941 0.00856062 0.00827569 0.00834157 0.00847265 0.00826296 0.00836294 0.00820291 0.00846447 0.00873905 0.0098644 0.00843718 0.00832202 0.00832412 0.00841559 0.00830596 0.00846044 0.00846381 0.00912163 0.00890798 
0.0206463 0.0157175 0.0156722 0.0143096 0.0132058 0.0133017 0.0133708 0.0116075 0.0102694 0.0170203 0.110503 0.0168765 0.0141287 0.029137 0.0188643 0.0187445 0.0208633 0.0260869 0 0.00386244 0.00372833 0.00378157 0.00379985 0.00380925 0.00421401 0.00496055 0.00698401 0.00727007 0.014714 0.0197026 0.00981295 0.01224 0.0146041 0.0122715 0.0153851 0.0127835 0.0202908 0.0140836 0.0314606 0.0890357 0.0267773 0.0149485 0.0119709 0.0110276 0.0106703 0.0094609 0.00983918 0.0149307 0.010409 0.0087274 0.00902063 0.00917922 0.00923255 0.00977827 0.00934548 0.0101428 0.00912879 0.00953072 0.0094009 0.0133531 0.0113536 0.0101859 0.0107185 0.0111286 0.0111688 0.0110308 0.0132421 0.0123636 0.0110227 0.0167829 
0.0103787 0.0303649 0.0323095 0.0301708 0.0217236 0.0217467 0.0223272 0.0154178 0.017479 0.00965168 0.0127963 0.0668012 0.0277066 0.0156035 0.0158684 0.0121626 0.015939 0.0161495 0.00386244 0 0.0037702 0.00373929 0.00377547 0.00375802 0.00383286 0.00386001 0.00452285 0.00772517 0.00603439 0.00807444 0.0112673 0.0102844 0.0124112 0.0200604 0.0139649 0.0230094 0.0180033 0.0483865 0.0601781 0.0161465 0.0127925 0.0389774 0.0171182 0.016782 0.0118464 0.010459 0.0110571 0.00961895 0.00851701 0.00939063 0.00977439 0.0100396 0.0108102 0.0113205 0.0118909 0.0144059 0.0116103 0.0108978 0.0113988 0.00864148 0.00900532 0.0148062 0.0156681 0.0190706 0.0199986 0.0187279 0.0209055 0.0223494 0.018209 0.00954283 
0.0110445 0.021615 0.0431592 0.0513243 0.0461231 0.0383006 0.0326064 0.0430546 0.0168247 0.0108357 0.0128579 0.0274619 0.0451156 0.0123061 0.0115826 0.00934728 0.0168666 0.0075272 0.00372833 0.0037702 0 0.00372316 0.00370776 0.00374495 0.00368853 0.00392013 0.00580285 0.00410454 0.00499216 0.00789583 0.00897457 0.0117211 0.0148068 0.0145849 0.0281638 0.0192503 0.0554302 0.0711405 0.0285822 0.00967787 0.0135031 0.0212133 0.038109 0.0212218 0.0172178 0.016451 0.0101003 0.00926617 0.00894781 0.00954273 0.0112796 0.0134788 0.0124378 0.0200209 0.0193696 0.0195311 0.0207442 0.0181038 0.0109893 0.00864803 0.0100991 0.0146142 0.0274407 0.0316643 0.0325295 0.0334709 0.0371541 0.0529834 0.0207159 0.00999936 
0.0113576 0.0183042 0.0679295 0.0408463 0.0505156 0.0381533 0.0512871 0.0262395 0.0159749 0.0110538 0.0152857 0.0217211 0.0154768 0.0418817 0.0119505 0.0108517 0.00923618 0.0088183 0.00378157 0.00373929 0.00372316 0 0.00374576 0.00370837 0.00372973 0.00387922 0.00383781 0.0038822 0.00498773 0.00744076 0.00859404 0.0122418 0.0124949 0.0179626 0.0182851 0.0899172 0.0577818 0.0583108 0.0134442 0.0122051 0.012868 0.022761 0.0286656 0.0243084 0.0214594 0.0121656 0.0103372 0.0097735 0.00905404 0.00975638 0.0130648 0.0113661 0.0172924 0.0165476 0.0208229 0.0224554 0.023768 0.0191891 0.00962219 0.00953243 0.0103505 0.0161138 0.0303206 0.032831 0.0359139 0.0374855 0.0473587 0.0609419 0.0192619 0.0102759 
0.0102707 0.0253607 0.0316039 0.065527 0.0312845 0.0527179 0.0317404 0.0248147 0.0146016 0.0104724 0.0119947 0.0215726 0.0237018 0.012002 0.0158911 0.00930572 0.0107491 0.00825441 0.00379985 0.00377547 0.00370776 0.00374576 0 0.00372694 0.00370349 0.00392667 0.00376479 0.00378948 0.00422432 0.00664401 0.0104236 0.00842804 0.0150536 0.0273389 0.0831913 0.0802769 0.075908 0.0296339 0.0153834 0.0110857 0.0131497 0.0196331 0.0273391 0.0269115 0.0146651 0.0164861 0.0102771 0.0107039 0.00882428 0.0101249 0.00956313 0.0200226 0.0112175 0.0232058 0.0188426 0.0192022 0.03144 0.0116442 0.0135129 0.0086282 0.00951178 0.016823 0.026499 0.0365499 0.0363869 0.0452141 0.0544969 0.0485874 0.0216147 0.00989398 
0.00993428 0.0128428 0.0656658 0.0235819 0.0571885 0.0253001 0.0230274 0.0206513 0.0123754 0.0100404 0.0123173 0.0156024 0.0131913 0.0207753 0.00964422 0.0100717 0.00866918 0.0092279 0.00380925 0.00375802 0.00374495 0.00370837 0.00372694 0 0.00373928 0.00379783 0.00374627 0.00378348 0.00377991 0.00798038 0.00731056 0.0203137 0.0102246 0.0782213 0.0649959 0.0671638 0.0142642 0.0212447 0.0116794 0.00991814 0.0113974 0.0165002 0.0278003 0.0164484 0.0151338 0.0128082 0.0111885 0.00891442 0.0089191 0.00910204 0.0154352 0.00947662 0.0210294 0.0127515 0.0184185 0.0218214 0.0113351 0.0228951 0.00895471 0.00946368 0.0093507 0.0121933 0.0265967 0.0243656 0.034772 0.032262 0.0305064 0.0376611 0.0148483 0.00969092 
0.00956384 0.0256684 0.0173055 0.0780473 0.0197786 0.0263844 0.0194101 0.0152522 0.0111457 0.00967824 0.010025 0.0172964 0.0193329 0.0101218 0.0105975 0.00883352 0.00844355 0.00944591 0.00421401 0.00383286 0.00368853 0.00372973 0.00370349 0.00373928 0 0.00374694 0.00373058 0.00374209 0.00382134 0.00537607 0.0219153 0.00786781 0.0689729 0.0557731 0.0945531 0.0121426 0.0245311 0.0141905 0.0106635 0.0114176 0.0105817 0.0170671 0.0174551 0.0159994 0.0126362 0.0151628 0.00872241 0.0123599 0.00872821 0.0104555 0.00875936 0.0248912 0.00930005 0.0245315 0.0143454 0.011908 0.023944 0.00932447 0.015966 0.00848919 0.00929313 0.0158281 0.0200243 0.0341121 0.0319387 0.0314264 0.0316987 0.0280387 0.0151819 0.00959168 
0.00922796 0.011121 0.077571 0.0160061 0.0223226 0.0155421 0.0142802 0.0141224 0.00974671 0.00947584 0.0134609 0.0118831 0.0102251 0.0179052 0.00967601 0.00987252 0.0101535 0.00837531 0.00496055 0.00386001 0.00392013 0.00387922 0.00392667 0.00379783 0.00374694 0 0.00371865 0.00374655 0.00377178 0.00894573 0.00693887 0.0851416 0.0374315 0.100846 0.00988907 0.0222246 0.0107017 0.0143562 0.00980298 0.00840026 0.0111845 0.0150276 0.0138842 0.0143522 0.0133733 0.00920333 0.0166218 0.00836485 0.00871889 0.00927079 0.0180781 0.0087363 0.0249964 0.0124406 0.0129508 0.0168041 0.00969593 0.0263079 0.00846233 0.00957814 0.00926165 0.0104201 0.0211442 0.0186549 0.0208871 0.0178094 0.0207916 0.0276629 0.0127897 0.00928367 
0.00900755 0.0263044 0.0170087 0.0323819 0.014657 0.0146514 0.0161503 0.0119097 0.00981659 0.00891865 0.00919084 0.0144868 0.017517 0.00964425 0.00982252 0.0087761 0.00837254 0.00881769 0.00698401 0.00452285 0.00580285 0.00383781 0.00376479 0.00374627 0.00373058 0.00371865 0 0.0036929 0.00372787 0.00575787 0.0773074 0.030713 0.0720242 0.00975046 0.0207088 0.0117235 0.0142659 0.0107009 0.00953242 0.0100237 0.009639 0.0113788 0.0176411 0.0121725 0.010338 0.0118814 0.00857651 0.0123924 0.00883793 0.00991541 0.00880798 0.0252006 0.00985902 0.0153396 0.0115049 0.00989028 0.0221923 0.00882887 0.0115625 0.00845163 0.00882912 0.0159775 0.0183666 0.0188513 0.0166138 0.0189509 0.0202474 0.0233518 0.0116047 0.00900739 
0.00957586 0.0112632 0.0172791 0.0109343 0.0117916 0.0103216 0.0100518 0.00973291 0.0104807 0.00931273 0.0120613 0.0116316 0.0112642 0.0141876 0.0108494 0.00983416 0.0116111 0.0122273 0.00727007 0.00772517 0.00410454 0.0038822 0.00378948 0.00378348 0.00374209 0.00374655 0.0036929 0 0.00384253 0.0940885 0.0270787 0.0334999 0.00776408 0.0100063 0.00838061 0.00987986 0.00905314 0.00983751 0.00884717 0.00793541 0.0101043 0.0184455 0.0104562 0.0107656 0.0102231 0.00853861 0.0108882 0.00843321 0.00892362 0.00916247 0.0121929 0.00966293 0.011298 0.00934463 0.00946935 0.0105432 0.00863784 0.0111765 0.00856501 0.00918935 0.00948813 0.0106184 0.0105839 0.00999651 0.0117729 0.0111164 0.0106799 0.0117928 0.011904 0.00909611 
0.0132383 0.0102095 0.00928916 0.0108843 0.00928722 0.00931775 0.00945508 0.00903706 0.00903326 0.0100708 0.0168674 0.0106319 0.0106809 0.0113279 0.0152571 0.0102789 0.0131542 0.0138496 0.014714 0.00603439 0.00499216 0.00498773 0.00422432 0.00377991 0.00382134 0.00377178 0.00372787 0.00384253 0 0.14155 0.0237751 0.00579984 0.00864337 0.00719406 0.00984228 0.00758513 0.00786437 0.00817751 0.0075163 0.00928723 0.016547 0.0105785 0.0106353 0.00909037 0.00903234 0.00861535 0.0083705 0.0138999 0.0139402 0.00913734 0.00834625 0.0101623 0.00835284 0.0090508 0.00885528 0.00863404 0.00924613 0.00839357 0.00938112 0.00853999 0.0183767 0.00926481 0.00920725 0.00931311 0.00989478 0.00935672 0.00934572 0.00953647 0.00962711 0.00996854 
0.0115742 0.00899159 0.0100043 0.00891838 0.00906547 0.00892905 0.00882086 0.00873142 0.00867713 0.0138944 0.0255494 0.00982056 0.00962518 0.0330002 0.0123215 0.0141068 0.0201641 0.0135343 0.0197026 0.00807444 0.00789583 0.00744076 0.00664401 0.00798038 0.00537607 0.00894573 0.00575787 0.0940885 0.14155 0 0.0038711 0.00374467 0.00375512 0.00386194 0.00378308 0.00409584 0.00442553 0.00531576 0.00590151 0.0108391 0.011779 0.00958043 0.00910087 0.00962454 0.00939696 0.00844722 0.0113659 0.0117701 0.0114662 0.00913351 0.0106115 0.00867138 0.010669 0.00884663 0.00934734 0.00989595 0.00851279 0.0108146 0.0088626 0.0285031 0.0105042 0.00887034 0.00922351 0.00935581 0.0095401 0.00932372 0.00960121 0.00961988 0.00975117 0.0163174 
0.00927404 0.019786 0.0100687 0.0183209 0.00995181 0.0124152 0.0113665 0.0097989 0.00996655 0.00944476 0.0109771 0.018142 0.0198792 0.0098329 0.0122814 0.00988042 0.00969029 0.012614 0.00981295 0.0112673 0.00897457 0.00859404 0.0104236 0.00731056 0.0219153 0.00693887 0.0773074 0.0270787 0.0237751 0.0038711 0 0.00373709 0.003749 0.00375473 0.0037207 0.00389223 0.00443833 0.00416211 0.0056694 0.00618759 0.00887786 0.0110771 0.0107556 0.0100524 0.0104019 0.00952726 0.00939189 0.0207021 0.0115621 0.0114966 0.00866744 0.0160474 0.00891192 0.0123901 0.0110726 0.00953888 0.0161247 0.00867857 0.0321544 0.00885829 0.00942198 0.0129955 0.0114421 0.0134607 0.0129087 0.0133605 0.0152451 0.0141509 0.0147774 0.0102926 
0.00965909 0.0108869 0.0531491 0.0183325 0.0290548 0.0193191 0.0190086 0.0185682 0.0199285 0.00940889 0.0143558 0.0177376 0.0121522 0.0182869 0.0103311 0.00943863 0.0106425 0.00933752 0.01224 0.0102844 0.0117211 0.0122418 0.00842804 0.0203137 0.00786781 0.0851416 0.030713 0.0334999 0.00579984 0.00374467 0.00373709 0 0.00372743 0.00376443 0.00376094 0.00373646 0.00381291 0.00418069 0.00409811 0.00442243 0.00844033 0.0106205 0.0126481 0.0116729 0.0121344 0.00923756 0.0286614 0.267216 0.00921683 0.00897702 0.0209929 0.00913701 0.0216618 0.0130849 0.0149125 0.0262181 0.0111757 0.0495448 0.00887219 0.010558 0.010222 0.0138645 0.0257816 0.0239587 0.0313386 0.0249844 0.0301454 0.0417685 0.0320676 0.010753 
0.0100959 0.028814 0.0274924 0.0670351 0.0276972 0.032611 0.03131 0.0388557 0.0166669 0.0110953 0.0127847 0.0240866 0.0250959 0.0118104 0.0124931 0.00990391 0.0091314 0.00990029 0.0146041 0.0124112 0.0148068 0.0124949 0.0150536 0.0102246 0.0689729 0.0374315 0.0720242 0.00776408 0.00864337 0.00375512 0.003749 0.00372743 0 0.00372155 0.00372728 0.00373249 0.00374963 0.00429615 0.0038149 0.00424699 0.0101519 0.0121614 0.0185422 0.0137943 0.0130421 0.0224843 0.398071 0.0201796 0.0097387 0.0119663 0.0099734 0.0259423 0.0129482 0.0220504 0.0281658 0.0163 0.0714861 0.0107889 0.0196055 0.00922137 0.0112465 0.022863 0.0335539 0.0435065 0.0381487 0.0447723 0.0548736 0.0907132 0.0345007 0.0112319 
0.0106684 0.0165411 0.0848239 0.0321266 0.0457816 0.03231 0.0520763 0.0277882 0.0143046 0.0100336 0.0163531 0.0241953 0.015873 0.0168766 0.0114383 0.0110408 0.0105379 0.0100306 0.0122715 0.0200604 0.0145849 0.0179626 0.0273389 0.0782213 0.0557731 0.100846 0.00975046 0.0100063 0.00719406 0.00386194 0.00375473 0.00376443 0.00372155 0 0.00372294 0.00380687 0.00373851 0.00375007 0.00383142 0.00385779 0.0100454 0.0153441 0.0153694 0.0146934 0.0230651 0.504836 0.0322353 0.0101733 0.0098751 0.0100005 0.0203892 0.0114772 0.0209097 0.0235532 0.0227026 0.0774764 0.0139239 0.0321498 0.00984293 0.0107734 0.0111569 0.0221335 0.0397817 0.0408578 0.0487597 0.0487405 0.0873426 0.0827847 0.0286713 0.01152 
0.0100185 0.0314978 0.0278949 0.0852904 0.0338525 0.0547983 0.0380895 0.0226976 0.0128401 0.0103907 0.012687 0.0250589 0.0267283 0.0115451 0.0117237 0.00932929 0.0090934 0.00949647 0.0153851 0.0139649 0.0281638 0.0182851 0.0831913 0.0649959 0.0945531 0.00988907 0.0207088 0.00838061 0.00984228 0.00378308 0.0037207 0.00376094 0.00372728 0.00372294 0 0.00372591 0.00378666 0.00375377 0.00376387 0.00376786 0.00991101 0.00971528 0.0204077 0.0216596 0.538478 0.0200197 0.0122887 0.0103754 0.00988183 0.0118192 0.0104018 0.0294527 0.0127144 0.0251052 0.0566093 0.0154862 0.0508033 0.0111063 0.021165 0.00894596 0.0112509 0.0225569 0.0378226 0.0477575 0.0528523 0.0850224 0.0710894 0.0691965 0.0291722 0.0112056 
0.0100164 0.0150532 0.0919722 0.0368672 0.0751475 0.0384429 0.0334352 0.0250424 0.0128123 0.0100427 0.0165898 0.0239939 0.0160331 0.0182386 0.0103508 0.0109528 0.0106447 0.00993455 0.0127835 0.0230094 0.0192503 0.0899172 0.0802769 0.0671638 0.0121426 0.0222246 0.0117235 0.00987986 0.00758513 0.00409584 0.00389223 0.00373646 0.00373249 0.00380687 0.00372591 0 0.0037166 0.00376043 0.00375099 0.0037355 0.0072459 0.0140343 0.0185219 0.599061 0.0130312 0.0117761 0.0130441 0.0110545 0.0102963 0.0102676 0.0216707 0.0115879 0.0271129 0.0482216 0.0194871 0.0433463 0.0155957 0.0407574 0.00963576 0.0114857 0.0113272 0.0208863 0.0431082 0.0513977 0.0827705 0.0542499 0.0536558 0.0773053 0.0273684 0.0115861 
0.0104446 0.0282987 0.0405953 0.10355 0.0405502 0.0401131 0.034218 0.0250672 0.0158725 0.0103303 0.0140461 0.0285242 0.0285496 0.0132066 0.0127527 0.00985007 0.00943993 0.0102904 0.0202908 0.0180033 0.0554302 0.0577818 0.075908 0.0142642 0.0245311 0.0107017 0.0142659 0.00905314 0.00786437 0.00442553 0.00443833 0.00381291 0.00374963 0.00373851 0.00378666 0.0037166 0 0.00372929 0.00375747 0.00372671 0.0122468 0.0118239 0.58527 0.0121444 0.0256431 0.0270747 0.010198 0.00931156 0.0123281 0.0132939 0.0128195 0.0284388 0.029857 0.0247292 0.0325088 0.0222097 0.0426662 0.013412 0.0218028 0.00915265 0.0128055 0.0242753 0.0527605 0.0803018 0.059097 0.0593891 0.0663236 0.0727695 0.0386999 0.0118461 
0.01027 0.0223055 0.0768952 0.045089 0.0439197 0.0298501 0.0330381 0.0244042 0.0131435 0.0103647 0.0147566 0.023975 0.0190448 0.0152262 0.0104305 0.0108228 0.0100015 0.0101861 0.0140836 0.0483865 0.0711405 0.0583108 0.0296339 0.0212447 0.0141905 0.0143562 0.0107009 0.00983751 0.00817751 0.00531576 0.00416211 0.00418069 0.00429615 0.00375007 0.00375377 0.00376043 0.00372929 0 0.00370857 0.00371639 0.0088385 0.500057 0.0199963 0.0241421 0.0143012 0.0112576 0.00941642 0.00832661 0.0109933 0.0114975 0.0210396 0.0272828 0.0172776 0.0292477 0.0205802 0.034162 0.0176212 0.0302779 0.0105906 0.00995576 0.0110915 0.0274571 0.0533538 0.0561643 0.0579675 0.0495795 0.061397 0.0848348 0.0270787 0.0114297 
0.00991773 0.012824 0.0138616 0.0155489 0.0127763 0.0133823 0.0113269 0.0103551 0.0113746 0.00915121 0.0118643 0.0156758 0.0172617 0.0121123 0.0123522 0.00991597 0.0106136 0.00984438 0.0314606 0.0601781 0.0285822 0.0134442 0.0153834 0.0116794 0.0106635 0.00980298 0.00953242 0.00884717 0.0075163 0.00590151 0.0056694 0.00409811 0.0038149 0.00383142 0.00376387 0.00375099 0.00375747 0.00370857 0 0.00379493 0.12417 0.0252631 0.0151 0.00726221 0.00826974 0.00698764 0.00818396 0.00686578 0.00941363 0.0105397 0.0213804 0.00969718 0.0100033 0.0105062 0.0114964 0.0113842 0.0112939 0.0103505 0.0105542 0.00896586 0.0127604 0.0181852 0.0157294 0.0184794 0.0176476 0.0174925 0.0188157 0.0211653 0.0281525 0.0101364 
0.01314 0.00980112 0.00937536 0.0096176 0.00978392 0.00898609 0.00923595 0.00903278 0.0088821 0.0103928 0.0158574 0.0109099 0.00973275 0.0116362 0.0158128 0.0101579 0.0127085 0.0109755 0.0890357 0.0161465 0.00967787 0.0122051 0.0110857 0.00991814 0.0114176 0.00840026 0.0100237 0.00793541 0.00928723 0.0108391 0.00618759 0.00442243 0.00424699 0.00385779 0.00376786 0.0037355 0.00372671 0.00371639 0.00379493 0 0.0394965 0.0170239 0.00700187 0.00851277 0.00606813 0.00638345 0.00641199 0.00965835 0.018407 0.0162931 0.00854398 0.0109678 0.00868447 0.00977389 0.00890213 0.00924929 0.00936202 0.00872425 0.00907022 0.0101114 0.0203594 0.0110212 0.00976738 0.00997351 0.0100644 0.0099051 0.0101617 0.010099 0.0103828 0.0118367 
0.0120418 0.0117142 0.0108819 0.0107789 0.0100496 0.0107606 0.0100196 0.0110484 0.00927236 0.0122577 0.0233908 0.0112465 0.0112337 0.019308 0.0132949 0.0150092 0.0116595 0.0158746 0.0267773 0.0127925 0.0135031 0.012868 0.0131497 0.0113974 0.0105817 0.0111845 0.009639 0.0101043 0.016547 0.011779 0.00887786 0.00844033 0.0101519 0.0100454 0.00991101 0.0072459 0.0122468 0.0088385 0.12417 0.0394965 0 0.00379199 0.00377629 0.00378931 0.00374068 0.00377068 0.00395742 0.00888703 0.0348481 0.00992975 0.0102566 0.0102132 0.0103952 0.0107358 0.0106761 0.0113061 0.0112357 0.0104043 0.0110757 0.0208637 0.017944 0.0142617 0.0135771 0.0150374 0.0147827 0.0137876 0.016004 0.0194148 0.0139896 0.0254303 
0.00906989 0.0162681 0.0226523 0.0182218 0.0147712 0.0158071 0.0148683 0.0117896 0.0109333 0.00917597 0.0120853 0.0264209 0.0186003 0.0123044 0.0125026 0.00983527 0.00983954 0.0100548 0.0149485 0.0389774 0.0212133 0.022761 0.0196331 0.0165002 0.0170671 0.0150276 0.0113788 0.0184455 0.0105785 0.00958043 0.0110771 0.0106205 0.0121614 0.0153441 0.00971528 0.0140343 0.0118239 0.500057 0.0252631 0.0170239 0.00379199 0 0.00375665 0.003713 0.00374215 0.00383138 0.00388661 0.0038402 0.0141535 0.0263481 0.0114569 0.0117409 0.0126832 0.013818 0.015266 0.0183544 0.0138691 0.0135682 0.0169002 0.0101848 0.011213 0.0303617 0.0233751 0.0296633 0.0261823 0.0295275 0.0385962 0.050329 0.035798 0.0132083 
0.00880622 0.011696 0.0286909 0.0305029 0.0230421 0.0225332 0.0205425 0.0167678 0.0110875 0.00956824 0.0111884 0.0174291 0.0174702 0.0116007 0.00930893 0.0093025 0.00936047 0.00900376 0.0119709 0.0171182 0.038109 0.0286656 0.0273391 0.0278003 0.0174551 0.0138842 0.0176411 0.0104562 0.0106353 0.00910087 0.0107556 0.0126481 0.0185422 0.0153694 0.0204077 0.0185219 0.58527 0.0199963 0.0151 0.00700187 0.00377629 0.00375665 0 0.00370664 0.00372661 0.00379109 0.00374996 0.00377007 0.0133664 0.0113131 0.0188891 0.0139934 0.0143064 0.0196156 0.0162523 0.0195429 0.0190148 0.0206835 0.0124846 0.00955436 0.0101933 0.0177385 0.0353672 0.0347421 0.0401155 0.0442631 0.0508954 0.0814773 0.025594 0.0120079 
0.00861584 0.0111547 0.0229059 0.0222312 0.0208906 0.0175167 0.0167218 0.0130458 0.0102948 0.00885414 0.00998774 0.0137867 0.0122873 0.0107443 0.00950684 0.00908387 0.0088023 0.00879538 0.0110276 0.016782 0.0212218 0.0243084 0.0269115 0.0164484 0.0159994 0.0143522 0.0121725 0.0107656 0.00909037 0.00962454 0.0100524 0.0116729 0.0137943 0.0146934 0.0216596 0.599061 0.0121444 0.0241421 0.00726221 0.00851277 0.00378931 0.003713 0.00370664 0 0.00402918 0.00372941 0.00374174 0.00374667 0.0112537 0.0137448 0.0140072 0.0221587 0.013178 0.0141026 0.016882 0.0160749 0.0229745 0.0148774 0.0108316 0.00940168 0.010182 0.0158573 0.0268558 0.0302382 0.0326552 0.0382132 0.0445822 0.0510148 0.0193349 0.0105351 
0.00821054 0.0094887 0.0159646 0.0164468 0.0130035 0.0123803 0.0120315 0.0103924 0.00902409 0.00853172 0.00924354 0.0109991 0.0108193 0.00975202 0.00896796 0.00875048 0.00880451 0.00872441 0.0106703 0.0118464 0.0172178 0.0214594 0.0146651 0.0151338 0.0126362 0.0133733 0.010338 0.0102231 0.00903234 0.00939696 0.0104019 0.0121344 0.0130421 0.0230651 0.538478 0.0130312 0.0256431 0.0143012 0.00826974 0.00606813 0.00374068 0.00374215 0.00372661 0.00402918 0 0.00383082 0.00370479 0.00369822 0.0112132 0.0105053 0.0207162 0.0128324 0.0121952 0.0134673 0.0112623 0.0195706 0.0126645 0.0146767 0.0101094 0.00966057 0.00950991 0.0124074 0.0176538 0.0254127 0.0253707 0.0270562 0.0256322 0.0244871 0.0142341 0.0100035 
0.00814286 0.00889022 0.0113706 0.0123972 0.0108563 0.0121047 0.0100235 0.00931026 0.00857936 0.00830542 0.00845247 0.00981968 0.0104148 0.00891674 0.00860117 0.00849017 0.00839188 0.00842423 0.0094609 0.010459 0.016451 0.0121656 0.0164861 0.0128082 0.0151628 0.00920333 0.0118814 0.00853861 0.00861535 0.00844722 0.00952726 0.00923756 0.0224843 0.504836 0.0200197 0.0117761 0.0270747 0.0112576 0.00698764 0.00638345 0.00377068 0.00383138 0.00379109 0.00372941 0.00383082 0 0.0037209 0.00365137 0.0104188 0.0126786 0.010452 0.0165042 0.0109244 0.0128766 0.0139227 0.010368 0.0140971 0.00939463 0.0104324 0.00862482 0.0087319 0.0108092 0.016304 0.0181721 0.0192739 0.0193572 0.0157536 0.0214268 0.0114689 0.00927117 
0.00829226 0.00860472 0.00912067 0.00889804 0.00910208 0.00858108 0.00849753 0.0084647 0.00830129 0.00821165 0.00949676 0.00913971 0.00909089 0.0101137 0.0089478 0.00856475 0.00964553 0.00870291 0.00983918 0.0110571 0.0101003 0.0103372 0.0102771 0.0111885 0.00872241 0.0166218 0.00857651 0.0108882 0.0083705 0.0113659 0.00939189 0.0286614 0.398071 0.0322353 0.0122887 0.0130441 0.010198 0.00941642 0.00818396 0.00641199 0.00395742 0.00388661 0.00374996 0.00374174 0.00370479 0.0037209 0 0.00370728 0.010986 0.0102569 0.0145114 0.00885443 0.0117006 0.0100688 0.00978808 0.0109705 0.00880656 0.012878 0.00881584 0.0101449 0.00942097 0.0102491 0.010778 0.0105664 0.01192 0.00989537 0.0107442 0.0109962 0.0126299 0.00895203 
0.0092508 0.00870102 0.00851243 0.00932557 0.00883567 0.00888294 0.00873076 0.00870598 0.00829927 0.00853129 0.00987791 0.00983733 0.00964007 0.00914128 0.0116261 0.00882318 0.00896166 0.0091333 0.0149307 0.00961895 0.00926617 0.0097735 0.0107039 0.00891442 0.0123599 0.00836485 0.0123924 0.00843321 0.0138999 0.0117701 0.0207021 0.267216 0.0201796 0.0101733 0.0103754 0.0110545 0.00931156 0.00832661 0.00686578 0.00965835 0.00888703 0.0038402 0.00377007 0.00374667 0.00369822 0.00365137 0.00370728 0 0.0252049 0.00971135 0.00894664 0.0167324 0.0100128 0.0102194 0.00949072 0.00931927 0.0132979 0.00853981 0.0141475 0.0105729 0.0142989 0.0100325 0.00987995 0.0105524 0.00990348 0.0103795 0.00998268 0.010752 0.0100231 0.0124178 
0.00827023 0.00800249 0.00824643 0.0082225 0.00816392 0.00826093 0.0083883 0.00807064 0.00797581 0.00843727 0.00861588 0.00825845 0.00834663 0.00946249 0.00831859 0.00865964 0.00830334 0.00949823 0.010409 0.00851701 0.00894781 0.00905404 0.00882428 0.0089191 0.00872821 0.00871889 0.00883793 0.00892362 0.0139402 0.0114662 0.0115621 0.00921683 0.0097387 0.0098751 0.00988183 0.0102963 0.0123281 0.0109933 0.00941363 0.018407 0.0348481 0.0141535 0.0133664 0.0112537 0.0112132 0.0104188 0.010986 0.0252049 0 0.00663227 0.0037917 0.00389574 0.00381101 0.00395834 0.0039285 0.00458954 0.00464427 0.00492357 0.00710615 0.0142066 0.00843351 0.00797644 0.00833759 0.00871599 0.00897657 0.0093333 0.00994255 0.00984879 0.0106037 0.0339083 
0.00800878 0.00839835 0.00842664 0.00867191 0.00824302 0.00871171 0.00834617 0.00819277 0.00813531 0.0081066 0.00814241 0.00851509 0.00868793 0.00838446 0.00823606 0.00817106 0.00817919 0.00852402 0.0087274 0.00939063 0.00954273 0.00975638 0.0101249 0.00910204 0.0104555 0.00927079 0.00991541 0.00916247 0.00913734 0.00913351 0.0114966 0.00897702 0.0119663 0.0100005 0.0118192 0.0102676 0.0132939 0.0114975 0.0105397 0.0162931 0.00992975 0.0263481 0.0113131 0.0137448 0.0105053 0.0126786 0.0102569 0.00971135 0.00663227 0 0.0036998 0.00370738 0.00370967 0.00373691 0.00383359 0.00384948 0.00442221 0.00482342 0.0158665 0.00567944 0.00691021 0.00811969 0.00812995 0.00910157 0.00899417 0.00927571 0.0102462 0.0110794 0.019443 0.0156433 
0.00811712 0.0082089 0.009811 0.00868774 0.00916267 0.008774 0.00859971 0.00864679 0.00818791 0.00810304 0.0088236 0.00887989 0.00832532 0.0091596 0.00823429 0.00807392 0.00867781 0.00809941 0.00902063 0.00977439 0.0112796 0.0130648 0.00956313 0.0154352 0.00875936 0.0180781 0.00880798 0.0121929 0.00834625 0.0106115 0.00866744 0.0209929 0.0099734 0.0203892 0.0104018 0.0216707 0.0128195 0.0210396 0.0213804 0.00854398 0.0102566 0.0114569 0.0188891 0.0140072 0.0207162 0.010452 0.0145114 0.00894664 0.0037917 0.0036998 0 0.00370748 0.00375275 0.00378389 0.00372812 0.00388777 0.00379335 0.0208936 0.00422789 0.00547166 0.00793475 0.00764422 0.0090151 0.0087819 0.00987937 0.00955469 0.0103967 0.0197512 0.0164994 0.0257828 
0.00824929 0.00867652 0.00888262 0.0109596 0.00896387 0.00896674 0.00943648 0.00866793 0.00846338 0.0081544 0.00835548 0.00940042 0.00986729 0.00843905 0.00855934 0.00822057 0.00808984 0.00856062 0.00917922 0.0100396 0.0134788 0.0113661 0.0200226 0.00947662 0.0248912 0.0087363 0.0252006 0.00966293 0.0101623 0.00867138 0.0160474 0.00913701 0.0259423 0.0114772 0.0294527 0.0115879 0.0284388 0.0272828 0.00969718 0.0109678 0.0102132 0.0117409 0.0139934 0.0221587 0.0128324 0.0165042 0.00885443 0.0167324 0.00389574 0.00370738 0.00370748 0 0.00370134 0.00371398 0.00380222 0.00377325 0.0104576 0.00382493 0.00621659 0.00448109 0.00651593 0.00804111 0.00868883 0.0102436 0.00922409 0.0111832 0.0153622 0.0193457 0.0662976 0.0193672 
0.00816603 0.00847855 0.0119556 0.00992011 0.00951389 0.0091813 0.00924153 0.00893084 0.00838476 0.00817279 0.00911101 0.00909406 0.00854591 0.00956235 0.00839397 0.00824416 0.00883578 0.00827569 0.00923255 0.0108102 0.0124378 0.0172924 0.0112175 0.0210294 0.00930005 0.0249964 0.00985902 0.011298 0.00835284 0.010669 0.00891192 0.0216618 0.0129482 0.0209097 0.0127144 0.0271129 0.029857 0.0172776 0.0100033 0.00868447 0.0103952 0.0126832 0.0143064 0.013178 0.0121952 0.0109244 0.0117006 0.0100128 0.00381101 0.00370967 0.00375275 0.00370134 0 0.0037097 0.00371029 0.00401963 0.00373 0.00411905 0.00373029 0.00431753 0.00703056 0.00922081 0.00912049 0.00824206 0.0106776 0.0171597 0.0210062 0.0561678 0.0284765 0.00996277 
0.00820845 0.00924259 0.0109679 0.0120253 0.0110901 0.0101305 0.0103856 0.00944553 0.00862081 0.00827841 0.00877429 0.0106195 0.00989215 0.00876709 0.00860836 0.00828786 0.00824429 0.00834157 0.00977827 0.0113205 0.0200209 0.0165476 0.0232058 0.0127515 0.0245315 0.0124406 0.0153396 0.00934463 0.0090508 0.00884663 0.0123901 0.0130849 0.0220504 0.0235532 0.0251052 0.0482216 0.0247292 0.0292477 0.0105062 0.00977389 0.0107358 0.013818 0.0196156 0.0141026 0.0134673 0.0128766 0.0100688 0.0102194 0.00395834 0.00373691 0.00378389 0.00371398 0.0037097 0 0.00371232 0.0037063 0.00375276 0.00374814 0.00387721 0.00381266 0.00725983 0.0078397 0.0099812 0.0118328 0.0163345 0.0307556 0.0569057 0.0695604 0.0151302 0.0096399 
