1N2ZB
AAPRVITLSPANTELAFAAGITPVGVSSYSDYPPQAQKIEQVSTWQGMNLERIVALKPDLVIAWRGGNAERQVDQLASLGIKVMWVDATSIEQIANALRQLAPWSPQPDKAEQAAQSLLDQYAQLKAQYADKPKKRVFLQFGINPPFTSGKESIQNQVLEVCGGENIFKDSRVPWPQVSREQVLARSPQAIVITGGPDQIPKIKQYWGEQLKIPVIPLTSDWFERASPRIILAAQQLCNALSQVD
CCCCEEECCHHHHHHHHHCCCCCCEEECCCCCCHHHHHCCEEEECCEECHHHHHHCCCCEEEECCCCCCHHHHHHHHHCCCCEEECCCCCHHHHHHHHHHHHHHCCCHHHHHHHHHHHHHHHHHHHHHHCCCCCEEEEECECCCCCECCCCCCHHHHHHHHCCEEECCCCCCCCCCECCHHHHHHCCCCEEEEECCHHHHHHHHHHHCCCCCCCEEEECHHHHHCCCCCHHHHHHHHHHHHHCCC
0 0 0 0 0 0 0 0 0 0 0 0 0 0 0 0 0 0 0 0 0 0 0 0 0 0 0 0 0 0 0 0 0 0 0 0 0 0 0 0 0 0 0 0 0 0 0 0 0 0 0 0 0 0 0 0 0 0 0 0 0 0 0 0 0 0 0 0 0 0 0 0 0 0 0 0 0 0 0 0 0 0 0 0 0 0 0 0 0 0 0 0 0 0 0 0 0 0 0 0 0 0 0 0 0 0 0 0 0 0 0 0 0 0 0 0 0 0 0 0 0 0 0 0 0 0 0 0 0 0 0 0 0 0 0 0 0 0 0 0 0 0 0 0 0 0 0 0 0 0 0 0 0 0 0 0 0 0 0 0 0 0 0 0 0 0 0 0 0 0 0 0 0 0 0 0 0 0 0 0 0 0 0 0 0 0 0 0 0 0 0 0 0 0 0 0 0 0 0 0 0 0 0 0 0 0 0 0 0 0 0 0 0 0 0 0 0 0 0 0 0 0 0 0 0 0 0 0 0 0 0 0 0 0 0 0 0 0 0 0 0 0 0 0 0 
0 0 0 0 0 0 0 0 0 0 0 0 0 0 0 0 0 0 0 0 0 0 0 0 0 0 0 0 0 0 0 0 0 0 0 0 0 0 0 0 0 0 0 0 0 0 0 0 0 0 0 0 0 0 0 0 0 0 0 0 0 0 0 0 0 0 0 0 0 0 0 0 0 0 0 0 0 0 0 0 0 0 0 0 0 0 0 0 0 0 0 0 0 0 0 0 0 0 0 0 0 0 0 0 0 0 0 0 0 0 0 0 0 0 0 0 0 0 0 0 0 0 0 0 0 0 0 0 0 0 0 0 0 0 0 0 0 0 0 0 0 0 0 0 0 0 0 0 0 0 0 0 0 0 0 0 0 0 0 0 0 0 0 0 0 0 0 0 0 0 0 0 0 0 0 0 0 0 0 0 0 0 0 0 0 0 0 0 0 0 0 0 0 0 0 0 0 0 0 0 0 0 0 0 0 0 0 0 0 0 0 0 0 0 0 0 0 0 0 0 0 0 0 0 0 0 0 0 0 0 0 0 0 0 0 0 0 0 0 0 0 0 0 0 0 
0 0.00418151 0.00403794 0.194649 0.0212152 0.0492335 0.0243482 0.0130313 0.0109084 0.0159777 0.0104353 0.0195752 0.0578119 0.0193323 0.0146097 0.018211 0.0165315 0.0098224 0.016377 0.00955426 0.00836948 0.00930528 0.00895884 0.00932782 0.0102127 0.00866035 0.00850598 0.00805829 0.0085338 0.00831772 0.00882303 0.00857285 0.00914935 0.00857978 0.00882408 0.00835671 0.00832884 0.00835051 0.00874129 
0.00418151 0 0.00398855 0.0913517 0.553878 0.0161653 0.0142832 0.0312824 0.0191505 0.00924557 0.0114516 0.01475 0.0205379 0.0874913 0.0452359 0.0113246 0.0155979 0.0342642 0.0103233 0.00858117 0.0088702 0.0092314 0.0105525 0.00886415 0.00871114 0.00816578 0.008107 0.00841496 0.00824775 0.00802697 0.00849287 0.00882525 0.00882953 0.00878858 0.00824986 0.008258 0.0083567 0.00827126 0.00817341 
0.00403794 0.00398855 0 0.0420823 0.0374562 0.435531 0.0253549 0.0110377 0.0233721 0.0238134 0.0173366 0.0111922 0.0272366 0.0220335 0.0354669 0.0363184 0.0214017 0.0122751 0.0327606 0.00997728 0.00881503 0.00900225 0.0100198 0.0112054 0.00995374 0.0101378 0.00955695 0.00820293 0.00884461 0.00896637 0.00939077 0.00919719 0.00952981 0.00839748 0.00891976 0.00879386 0.00833137 0.00813874 0.00823362 
0.194649 0.0913517 0.0420823 0 0.00397212 0.00386369 0.0897865 0.0269702 0.0165419 0.0322884 0.00985258 0.0166468 0.0415226 0.0273326 0.0164766 0.0216106 0.0246979 0.0114216 0.0204299 0.00890661 0.00866569 0.00922559 0.00928742 0.00970424 0.00934356 0.00867051 0.00834488 0.00811584 0.00857622 0.00831017 0.00894804 0.00865118 0.00922488 0.00857443 0.00882105 0.00841989 0.00817662 0.00827565 0.00851321 
0.0212152 0.553878 0.0374562 0.00397212 0 0.00405579 0.0304044 0.0907681 0.0494001 0.0107714 0.0128654 0.0224644 0.0145801 0.0264713 0.0477313 0.0123494 0.0115122 0.0413493 0.0110992 0.00838017 0.00851829 0.00888629 0.0100971 0.00874441 0.00869778 0.00819833 0.00809101 0.00826946 0.00818446 0.00799172 0.00818489 0.00870407 0.00873684 0.00873649 0.00815428 0.00805734 0.00815679 0.0081749 0.00810526 
0.0492335 0.0161653 0.435531 0.00386369 0.00405579 0 0.0432354 0.0145179 0.0237465 0.0315741 0.0123899 0.0104689 0.0198867 0.0139942 0.0154349 0.0249932 0.016569 0.00966276 0.0221532 0.00907651 0.00831196 0.00842764 0.0086225 0.00927044 0.00925392 0.00968567 0.00896791 0.00811067 0.00846251 0.00848251 0.00841689 0.00847839 0.00852762 0.00824209 0.0085465 0.00832823 0.00810001 0.00805883 0.00816095 
0.0243482 0.0142832 0.0253549 0.0897865 0.0304044 0.0432354 0 0.00396545 0.00379514 0.00412999 0.00421254 0.00635089 0.0255125 0.0227303 0.0135719 0.0184429 0.0148627 0.0106509 0.0135849 0.00877072 0.0086717 0.0084238 0.00904378 0.00883863 0.00874281 0.00906563 0.00815223 0.00795223 0.00828734 0.0085124 0.00837687 0.00831878 0.00841834 0.00825355 0.00842693 0.00813824 0.00796064 0.00812985 0.00824873 
0.0130313 0.0312824 0.0110377 0.0269702 0.0907681 0.0145179 0.00396545 0 0.00371514 0.0037394 0.00443966 0.00814391 0.0424089 0.0247324 0.0245405 0.010071 0.0136898 0.0127599 0.0100605 0.00827475 0.00817522 0.0101467 0.00874067 0.00881935 0.00823327 0.00796281 0.00804064 0.00810878 0.00809417 0.0079037 0.00813598 0.00850782 0.00872593 0.00849084 0.00810687 0.00809368 0.0081833 0.00818478 0.00813593 
0.0109084 0.0191505 0.0233721 0.0165419 0.0494001 0.0237465 0.00379514 0.00371514 0 0.00371109 0.00407715 0.696447 0.00979064 0.0297033 0.0207394 0.0101101 0.00999149 0.017364 0.0104628 0.00813033 0.00924 0.00883586 0.0100561 0.0086581 0.00821486 0.00812437 0.00805398 0.00817631 0.00821625 0.00788398 0.00815645 0.00856445 0.00861226 0.0083485 0.00817311 0.00807028 0.00814825 0.00807794 0.00804608 
0.0159777 0.00924557 0.0238134 0.0322884 0.0107714 0.0315741 0.00412999 0.0037394 0.00371109 0 0.913108 0.00373916 0.0159161 0.0119003 0.0150938 0.0140979 0.0122758 0.00910088 0.018429 0.00901396 0.00832414 0.00835496 0.00843242 0.00878769 0.00886369 0.00923634 0.00855114 0.00799626 0.00821528 0.00850835 0.00839435 0.00831037 0.00833947 0.00813537 0.00832389 0.00808296 0.00803438 0.00796544 0.00801545 
0.0104353 0.0114516 0.0173366 0.00985258 0.0128654 0.0123899 0.00421254 0.00443966 0.00407715 0.913108 0 0.00674813 0.00786782 0.0153933 0.0154485 0.00900166 0.0107049 0.0122377 0.0111444 0.00827261 0.00856445 0.00807838 0.00847392 0.00821367 0.00839719 0.00889851 0.00790073 0.00801422 0.00806746 0.00883248 0.00804306 0.00821895 0.00814396 0.00800954 0.00819598 0.00796069 0.00795735 0.00808579 0.00799229 
0.0195752 0.01475 0.0111922 0.0166468 0.0224644 0.0104689 0.00635089 0.00814391 0.696447 0.00373916 0.00674813 0 0.0251476 0.00883339 0.0101144 0.0115843 0.0177001 0.0111265 0.0105547 0.0118567 0.008092 0.0087365 0.00836552 0.00881409 0.012557 0.00965103 0.00901551 0.00809461 0.00813523 0.0082572 0.00922919 0.00818374 0.00815173 0.00825 0.00837723 0.00842612 0.00811232 0.00803287 0.00883783 
0.0578119 0.0205379 0.0272366 0.0415226 0.0145801 0.0198867 0.0255125 0.0424089 0.00979064 0.0159161 0.00786782 0.0251476 0 0.00410405 0.00381144 0.0041609 0.188115 0.023037 0.0330937 0.0176846 0.0116777 0.0185468 0.0119208 0.0167477 0.0118376 0.00996725 0.00923293 0.00866127 0.0102772 0.00887747 0.0119127 0.0117383 0.0105497 0.0107268 0.0100155 0.00873279 0.00866584 0.0086774 0.00928301 
0.0193323 0.0874913 0.0220335 0.0273326 0.0264713 0.0139942 0.0227303 0.0247324 0.0297033 0.0119003 0.0153933 0.00883339 0.00410405 0 0.00416509 0.00375558 0.474677 0.135984 0.0208666 0.00997637 0.0238477 0.0291203 0.0341226 0.0141184 0.0094404 0.00877413 0.00884878 0.00931518 0.00891819 0.00830542 0.010394 0.0156772 0.0187367 0.0108254 0.00901831 0.00876585 0.00892118 0.00939034 0.00844186 
0.0146097 0.0452359 0.0354669 0.0164766 0.0477313 0.0154349 0.0135719 0.0245405 0.0207394 0.0150938 0.0154485 0.0101144 0.00381144 0.00416509 0 0.00375498 0.0229515 0.593447 0.0551568 0.0102266 0.0128954 0.0213469 0.0286041 0.017181 0.00965541 0.00897584 0.0092462 0.0100575 0.00918004 0.00817947 0.00953377 0.0111453 0.0140821 0.0112464 0.00871305 0.00856703 0.00895203 0.00863862 0.00824866 
0.018211 0.0113246 0.0363184 0.0216106 0.0123494 0.0249932 0.0184429 0.010071 0.0101101 0.0140979 0.00900166 0.0115843 0.0041609 0.00375558 0.00375498 0 0.0210115 0.0166666 0.652813 0.0136758 0.00981014 0.0100327 0.0117221 0.0154413 0.0139385 0.0110069 0.0111056 0.00853618 0.00973693 0.00908852 0.0110995 0.00954965 0.00950578 0.00958133 0.00945576 0.00899735 0.00855501 0.00821813 0.0084631 
0.0165315 0.0155979 0.0214017 0.0246979 0.0115122 0.016569 0.0148627 0.0136898 0.00999149 0.0122758 0.0107049 0.0177001 0.188115 0.474677 0.0229515 0.0210115 0 0.00378891 0.00377292 0.192072 0.0150487 0.0415888 0.0118591 0.0204141 0.0139532 0.0107946 0.0113132 0.00888119 0.0117086 0.00879473 0.014171 0.012463 0.0122563 0.00986028 0.010616 0.00896777 0.00854223 0.00842563 0.00959029 
0.0098224 0.0342642 0.0122751 0.0114216 0.0413493 0.00966276 0.0106509 0.0127599 0.017364 0.00910088 0.0122377 0.0111265 0.023037 0.135984 0.593447 0.0166666 0.00378891 0 0.00383611 0.013525 0.100631 0.0209562 0.132429 0.0141225 0.010733 0.00929483 0.0089372 0.0158895 0.00896015 0.00809783 0.00936506 0.0130044 0.0118782 0.0120853 0.0086755 0.00851542 0.00855728 0.00901553 0.00824035 
0.016377 0.0103233 0.0327606 0.0204299 0.0110992 0.0221532 0.0135849 0.0100605 0.0104628 0.018429 0.0111444 0.0105547 0.0330937 0.0208666 0.0551568 0.652813 0.00377292 0.00383611 0 0.0146955 0.0116548 0.0289086 0.0418615 0.130341 0.0335889 0.0144995 0.0131326 0.00954934 0.0124267 0.00941806 0.0126135 0.010783 0.0132907 0.0102772 0.0109865 0.00962486 0.00926953 0.00868656 0.00854918 
0.00955426 0.00858117 0.00997728 0.00890661 0.00838017 0.00907651 0.00877072 0.00827475 0.00813033 0.00901396 0.00827261 0.0118567 0.0176846 0.00997637 0.0102266 0.0136758 0.192072 0.013525 0.0146955 0 0.00647521 0.00386313 0.0039029 0.00502281 0.00954211 0.0100752 0.0360084 0.00926484 0.0173374 0.0121101 0.0289737 0.0115282 0.0100377 0.010323 0.0174651 0.0119693 0.0092318 0.00858404 0.0166165 
0.00836948 0.0088702 0.00881503 0.00866569 0.00851829 0.00831196 0.0086717 0.00817522 0.00924 0.00832414 0.00856445 0.008092 0.0116777 0.0238477 0.0128954 0.00981014 0.0150487 0.100631 0.0116548 0.00647521 0 0.00369814 0.00397133 0.00383415 0.0039361 0.00781315 0.0158801 0.0431765 0.00925297 0.0104645 0.0137184 0.0535756 0.0213977 0.0230338 0.00966109 0.00919243 0.00918888 0.0140611 0.00863032 
0.00930528 0.0092314 0.00900225 0.00922559 0.00888629 0.00842764 0.0084238 0.0101467 0.00883586 0.00835496 0.00807838 0.0087365 0.0185468 0.0291203 0.0213469 0.0100327 0.0415888 0.0209562 0.0289086 0.00386313 0.00369814 0 0.00372234 0.00371242 0.00378685 0.00576398 0.0338606 0.0127626 0.0130792 0.00890119 0.0202062 0.0422765 0.138726 0.0197561 0.00973998 0.0100277 0.0223035 0.00957645 0.0098933 
0.00895884 0.0105525 0.0100198 0.00928742 0.0100971 0.0086225 0.00904378 0.00874067 0.0100561 0.00843242 0.00847392 0.00836552 0.0119208 0.0341226 0.0286041 0.0117221 0.0118591 0.132429 0.0418615 0.0039029 0.00397133 0.00372234 0 0.0037142 0.00379878 0.00825467 0.0160431 0.0958888 0.0161715 0.0112154 0.0132319 0.0617772 0.0432911 0.0598513 0.0114967 0.0110239 0.0120025 0.0205831 0.00881425 
0.00932782 0.00886415 0.0112054 0.00970424 0.00874441 0.00927044 0.00883863 0.00881935 0.0086581 0.00878769 0.00821367 0.00881409 0.0167477 0.0141184 0.017181 0.0154413 0.0204141 0.0141225 0.130341 0.00502281 0.00383415 0.00371242 0.0037142 0 0.00436914 0.006505 0.0351748 0.0119794 0.0514493 0.0096937 0.0222318 0.0150347 0.0430239 0.0199086 0.0234509 0.014409 0.0107786 0.00923831 0.0122723 
0.0102127 0.00871114 0.00995374 0.00934356 0.00869778 0.00925392 0.00874281 0.00823327 0.00821486 0.00886369 0.00839719 0.012557 0.0118376 0.0094404 0.00965541 0.0139385 0.0139532 0.010733 0.0335889 0.00954211 0.0039361 0.00378685 0.00379878 0.00436914 0 0.689055 0.0149577 0.0154036 0.0275349 0.0208105 0.0159016 0.0115764 0.0097757 0.0123821 0.0212564 0.0136968 0.00940567 0.00861553 0.014463 
0.00866035 0.00816578 0.0101378 0.00867051 0.00819833 0.00968567 0.00906563 0.00796281 0.00812437 0.00923634 0.00889851 0.00965103 0.00996725 0.00877413 0.00897584 0.0110069 0.0107946 0.00929483 0.0144995 0.0100752 0.00781315 0.00576398 0.00825467 0.006505 0.689055 0 0.0246484 0.0147758 0.0382485 0.0942008 0.014356 0.0110479 0.00967408 0.0117522 0.0157642 0.011677 0.00854641 0.00993166 0.0116464 
0.00850598 0.008107 0.00955695 0.00834488 0.00809101 0.00896791 0.00815223 0.00804064 0.00805398 0.00855114 0.00790073 0.00901551 0.00923293 0.00884878 0.0092462 0.0111056 0.0113132 0.0089372 0.0131326 0.0360084 0.0158801 0.0338606 0.0160431 0.0351748 0.0149577 0.0246484 0 0.00499532 0.00393137 0.0119664 0.0589794 0.0309379 0.0159765 0.013746 0.0334573 0.0114085 0.010238 0.0101264 0.0220858 
0.00805829 0.00841496 0.00820293 0.00811584 0.00826946 0.00811067 0.00795223 0.00810878 0.00817631 0.00799626 0.00801422 0.00809461 0.00866127 0.00931518 0.0100575 0.00853618 0.00888119 0.0158895 0.00954934 0.00926484 0.0431765 0.0127626 0.0958888 0.0119794 0.0154036 0.0147758 0.00499532 0 0.00398247 0.0184328 0.0157886 0.0816664 0.0223833 0.0514226 0.0109617 0.00972655 0.0103496 0.0150937 0.00891442 
0.0085338 0.00824775 0.00884461 0.00857622 0.00818446 0.00846251 0.00828734 0.00809417 0.00821625 0.00821528 0.00806746 0.00813523 0.0102772 0.00891819 0.00918004 0.00973693 0.0117086 0.00896015 0.0124267 0.0173374 0.00925297 0.0130792 0.0161715 0.0514493 0.0275349 0.0382485 0.00393137 0.00398247 0 0.0218707 0.0241622 0.0137322 0.0364711 0.0354556 0.0565781 0.0155604 0.0101881 0.0100875 0.0111253 
0.00831772 0.00802697 0.00896637 0.00831017 0.00799172 0.00848251 0.0085124 0.0079037 0.00788398 0.00850835 0.00883248 0.0082572 0.00887747 0.00830542 0.00817947 0.00908852 0.00879473 0.00809783 0.00941806 0.0121101 0.0104645 0.00890119 0.0112154 0.0096937 0.0208105 0.0942008 0.0119664 0.0184328 0.0218707 0 0.0197694 0.0128057 0.00965834 0.0113821 0.0180057 0.0132525 0.00874575 0.0111491 0.0122868 
0.00882303 0.00849287 0.00939077 0.00894804 0.00818489 0.00841689 0.00837687 0.00813598 0.00815645 0.00839435 0.00804306 0.00922919 0.0119127 0.010394 0.00953377 0.0110995 0.014171 0.00936506 0.0126135 0.0289737 0.0137184 0.0202062 0.0132319 0.0222318 0.0159016 0.014356 0.0589794 0.0157886 0.0241622 0.0197694 0 0.00396319 0.00377186 0.00379818 0.00448338 0.127774 0.0393556 0.0122403 0.0362132 
0.00857285 0.00882525 0.00919719 0.00865118 0.00870407 0.00847839 0.00831878 0.00850782 0.00856445 0.00831037 0.00821895 0.00818374 0.0117383 0.0156772 0.0111453 0.00954965 0.012463 0.0130044 0.010783 0.0115282 0.0535756 0.0422765 0.0617772 0.0150347 0.0115764 0.0110479 0.0309379 0.0816664 0.0137322 0.0128057 0.00396319 0 0.00373455 0.00383015 0.00384467 0.460143 0.0883009 0.0570205 0.0127312 
0.00914935 0.00882953 0.00952981 0.00922488 0.00873684 0.00852762 0.00841834 0.00872593 0.00861226 0.00833947 0.00814396 0.00815173 0.0105497 0.0187367 0.0140821 0.00950578 0.0122563 0.0118782 0.0132907 0.0100377 0.0213977 0.138726 0.0432911 0.0430239 0.0097757 0.00967408 0.0159765 0.0223833 0.0364711 0.00965834 0.00377186 0.00373455 0 0.00380456 0.00374905 0.0269212 0.47616 0.0387747 0.0129579 
0.00857978 0.00878858 0.00839748 0.00857443 0.00873649 0.00824209 0.00825355 0.00849084 0.0083485 0.00813537 0.00800954 0.00825 0.0107268 0.0108254 0.0112464 0.00958133 0.00986028 0.0120853 0.0102772 0.010323 0.0230338 0.0197561 0.0598513 0.0199086 0.0123821 0.0117522 0.013746 0.0514226 0.0354556 0.0113821 0.00379818 0.00383015 0.00380456 0 0.00379955 0.0305231 0.0314914 0.484318 0.0188108 
0.00882408 0.00824986 0.00891976 0.00882105 0.00815428 0.0085465 0.00842693 0.00810687 0.00817311 0.00832389 0.00819598 0.00837723 0.0100155 0.00901831 0.00871305 0.00945576 0.010616 0.0086755 0.0109865 0.0174651 0.00966109 0.00973998 0.0114967 0.0234509 0.0212564 0.0157642 0.0334573 0.0109617 0.0565781 0.0180057 0.00448338 0.00384467 0.00374905 0.00379955 0 0.0193379 0.0148748 0.0384152 0.366312 
0.00835671 0.008258 0.00879386 0.00841989 0.00805734 0.00832823 0.00813824 0.00809368 0.00807028 0.00808296 0.00796069 0.00842612 0.00873279 0.00876585 0.00856703 0.00899735 0.00896777 0.00851542 0.00962486 0.0119693 0.00919243 0.0100277 0.0110239 0.014409 0.0136968 0.011677 0.0114085 0.00972655 0.0155604 0.0132525 0.127774 0.460143 0.0269212 0.0305231 0.0193379 0 0.00395084 0.00379971 0.0045788 
0.00832884 0.0083567 0.00833137 0.00817662 0.00815679 0.00810001 0.00796064 0.0081833 0.00814825 0.00803438 0.00795735 0.00811232 0.00866584 0.00892118 0.00895203 0.00855501 0.00854223 0.00855728 0.00926953 0.0092318 0.00918888 0.0223035 0.0120025 0.0107786 0.00940567 0.00854641 0.010238 0.0103496 0.0101881 0.00874575 0.0393556 0.0883009 0.47616 0.0314914 0.0148748 0.00395084 0 0.00402932 0.00380735 
0.00835051 0.00827126 0.00813874 0.00827565 0.0081749 0.00805883 0.00812985 0.00818478 0.00807794 0.00796544 0.00808579 0.00803287 0.0086774 0.00939034 0.00863862 0.00821813 0.00842563 0.00901553 0.00868656 0.00858404 0.0140611 0.00957645 0.0205831 0.00923831 0.00861553 0.00993166 0.0101264 0.0150937 0.0100875 0.0111491 0.0122403 0.0570205 0.0387747 0.484318 0.0384152 0.00379971 0.00402932 0 0.00372047 
0.00874129 0.00817341 0.00823362 0.00851321 0.00810526 0.00816095 0.00824873 0.00813593 0.00804608 0.00801545 0.00799229 0.00883783 0.00928301 0.00844186 0.00824866 0.0084631 0.00959029 0.00824035 0.00854918 0.0166165 0.00863032 0.0098933 0.00881425 0.0122723 0.014463 0.0116464 0.0220858 0.00891442 0.0111253 0.0122868 0.0362132 0.0127312 0.0129579 0.0188108 0.366312 0.0045788 0.00380735 0.00372047 0 
