1N3YA
QEQDIVFLIDGSGSISSRNFATMMNFVRAVISQFQRPSTQFSLMQFSNKFQTHFTFEEFRRSSNPLSLLASVHQLQGFTYTATAIQNVVHRLFHASYGARRDAAKILIVITDGKKEGDSLDYKDVIPMADAAGIIRYAIGVGLAFQNRNSWKELNDIASKPSQEHIFKVEDFDALKDIQNQLKEKIFAI
CCEEEEEEEECCCCCCHHHHHHHHHHHHHHHCCCCCCCEEEEEEEECCCEEEEECHHHHHHCCCHHHHHCCCCCCCCCECHHHHHHHHHCCCCCHHHCCCCCCEEEEEEEECCCCECCCCCHHHHHHHHHHCCCEEEEEEECHHHHCCCCHHHHHHHCCCCCHHHEEEECCHHHHHHHHHHHHHHHHCC
0 0 0 0 0 0 0 0 0 0 0 0 0 0 0 0 0 0 0 0 0 0 0 0 0 0 0 0 0 0 0 0 0 0 0 0 0 0 0 0 0 0 0 0 0 0 0 0 0 0 0 0 0 0 0 0 0 0 0 0 0 0 0 0 0 0 0 0 0 0 0 0 0 0 0 0 0 0 0 0 0 0 0 0 0 0 0 0 0 0 0 0 0 0 0 0 0 0 0 0 0 0 0 0 0 0 0 0 0 0 0 0 0 0 0 0 0 0 0 0 0 0 0 0 0 0 0 0 0 0 0 0 0 0 0 0 0 0 0 0 0 0 0 0 0 0 0 0 0 0 0 0 0 0 0 0 0 0 0 0 0 0 0 0 0 0 0 0 0 0 0 0 0 0 0 0 0 0 0 0 0 0 0 0 0 0 0 0 0 
0 0 0 0 0 0 0 0 0 0 0 0 0 0 0 0 0 0 0 0 0 0 0 0 0 0 0 0 0 0 0 0 0 0 0 0 0 0 0 0 0 0 0 0 0 0 0 0 0 0 0 0 0 0 0 0 0 0 0 0 0 0 0 0 0 0 0 0 0 0 0 0 0 0 0 0 0 0 0 0 0 0 0 0 0 0 0 0 0 0 0 0 0 0 0 0 0 0 0 0 0 0 0 0 0 0 0 0 0 0 0 0 0 0 0 0 0 0 0 0 0 0 0 0 0 0 0 0 0 0 0 0 0 0 0 0 0 0 0 0 0 0 0 0 0 0 0 0 0 0 0 0 0 0 0 0 0 0 0 0 0 0 0 0 0 0 0 0 0 0 0 0 0 0 0 0 0 0 0 0 0 0 0 0 0 0 0 0 0 
0 0.00406868 0.00368103 0.00377348 0.00376372 0.00377096 0.00427106 0.00659905 0.542592 0.0105958 0.0230286 0.0105699 0.0155802 0.0114771 0.00991116 0.0291316 0.0140546 0.00876356 0.00933771 0.00884543 0.0256377 0.0159182 0.0135164 0.00911051 0.013517 0.00979163 0.0121429 0.00952791 0.00978693 0.0107916 0.00894576 0.0085396 0.0083809 0.00915399 0.00859495 0.00920438 0.00838499 0.00958072 0.00831923 0.00829492 0.00817054 0.00994864 
0.00406868 0 0.00371048 0.00375991 0.00375458 0.00376151 0.0042802 0.00396935 0.0276242 0.68046 0.0141194 0.0990028 0.0205762 0.0263459 0.0402213 0.0112929 0.00938991 0.0181681 0.0110463 0.0320785 0.0105974 0.00908247 0.00976779 0.0302249 0.015699 0.0488885 0.0250755 0.0326 0.0143864 0.0105701 0.00799527 0.00855004 0.00990347 0.00953487 0.0143163 0.00994169 0.0122643 0.00876868 0.00824234 0.00861583 0.0091255 0.00813766 
0.00368103 0.00371048 0 0.00374437 0.00373684 0.00378397 0.00371523 0.00387809 0.117427 0.0175498 0.643787 0.0226445 0.164378 0.0621555 0.0167587 0.0123846 0.0096332 0.0103048 0.037553 0.0124011 0.0137088 0.00852572 0.0132268 0.015506 0.138478 0.0551418 0.108174 0.046457 0.0346905 0.00996321 0.00793796 0.00949981 0.0115058 0.0187946 0.0166646 0.0266635 0.0133689 0.00928891 0.00875406 0.0104527 0.00976363 0.00868239 
0.00377348 0.00375991 0.00374437 0 0.00376831 0.00377569 0.00379798 0.00378843 0.0336571 0.180527 0.0418774 0.602581 0.0486061 0.141508 0.0277266 0.0122679 0.00998012 0.0163008 0.0171598 0.0238736 0.0120506 0.00874657 0.0116147 0.0308694 0.0532407 0.193552 0.105829 0.128667 0.0321287 0.0132331 0.007964 0.0103244 0.0130325 0.017118 0.0290229 0.0226424 0.0295569 0.0096939 0.00883242 0.00940511 0.00975468 0.00825814 
0.00376372 0.00375458 0.00373684 0.00376831 0 0.00376824 0.00372662 0.0037734 0.0653088 0.0383265 0.226933 0.0601687 0.604752 0.0500716 0.0764266 0.0120814 0.0109703 0.0126894 0.026221 0.0199521 0.0155658 0.00888744 0.0111936 0.0263726 0.0769611 0.0860207 0.199056 0.0806287 0.0456294 0.0121731 0.00807176 0.0103307 0.0155804 0.021984 0.0270183 0.0293357 0.0204685 0.00994369 0.00898264 0.00999865 0.00944801 0.00864505 
0.00377096 0.00376151 0.00378397 0.00377569 0.00376824 0 0.0037208 0.00374235 0.0287878 0.0858917 0.0671171 0.222237 0.0647484 0.556175 0.0245044 0.0153381 0.00916117 0.0133547 0.0194739 0.026786 0.0126844 0.00882812 0.0104958 0.0229393 0.0478396 0.0940174 0.0807093 0.112901 0.0275508 0.0120607 0.00801345 0.00933274 0.0126857 0.0148949 0.0241472 0.0199908 0.0163693 0.00938639 0.00863258 0.00919815 0.00923952 0.00840571 
0.00427106 0.0042802 0.00371523 0.00379798 0.00372662 0.0037208 0 0.00396546 0.0240689 0.0252988 0.0880605 0.031265 0.172561 0.0415967 0.598282 0.0222082 0.0108924 0.0101965 0.0124475 0.0274691 0.0248977 0.00921987 0.0103394 0.0118762 0.0272566 0.0183694 0.0393143 0.0199754 0.0572266 0.0109936 0.00826937 0.00900342 0.0100107 0.0107901 0.0110066 0.013318 0.0115963 0.00891576 0.00845399 0.00923194 0.00858797 0.00828305 
0.00659905 0.00396935 0.00387809 0.00378843 0.0037734 0.00374235 0.00396546 0 0.0149182 0.0219006 0.0281744 0.0502991 0.0261749 0.0670003 0.0568707 0.483869 0.0118848 0.0100708 0.0100425 0.0190224 0.0324538 0.0141753 0.011774 0.00951939 0.0100353 0.0109246 0.0118375 0.0122618 0.0110415 0.0210565 0.00934127 0.00984854 0.00868979 0.00863972 0.00915638 0.00889349 0.0100413 0.0098935 0.00921817 0.00834584 0.00834815 0.0083884 
0.542592 0.0276242 0.117427 0.0336571 0.0653088 0.0287878 0.0240689 0.0149182 0 0.00447092 0.00376724 0.00379435 0.00377919 0.00384313 0.00423578 0.00471385 0.00757303 0.00565193 0.00703897 0.00685997 0.0319416 0.0225442 0.0188722 0.010756 0.0144313 0.0100969 0.0148662 0.00980413 0.0113212 0.0167937 0.00964392 0.00892856 0.00871406 0.00970326 0.0087471 0.00955411 0.00903083 0.0127117 0.0085049 0.00858215 0.00838278 0.0105525 
0.0105958 0.68046 0.0175498 0.180527 0.0383265 0.0858917 0.0252988 0.0219006 0.00447092 0 0.00374445 0.0037217 0.00373725 0.00370052 0.00417335 0.00382171 0.00525729 0.00767266 0.00627701 0.018499 0.00802624 0.0142043 0.00992099 0.0298083 0.013265 0.0426676 0.0185094 0.0367205 0.0152156 0.0109118 0.00823102 0.00876702 0.00975874 0.00967546 0.0142424 0.0102348 0.0139408 0.00891676 0.00819882 0.0083686 0.00921925 0.00808761 
0.0230286 0.0141194 0.643787 0.0418774 0.226933 0.0671171 0.0880605 0.0281744 0.00376724 0.00374445 0 0.00372671 0.00373183 0.00373273 0.00375718 0.003852 0.00564861 0.00553555 0.0204496 0.00742888 0.0287079 0.0112562 0.015186 0.014722 0.112919 0.0386707 0.118074 0.0515404 0.0425156 0.0109037 0.0081035 0.0091861 0.0136589 0.0274337 0.0210446 0.0422669 0.0169031 0.009837 0.00898743 0.00991072 0.00884275 0.00881114 
0.0105699 0.0990028 0.0226445 0.602581 0.0601687 0.222237 0.031265 0.0502991 0.00379435 0.0037217 0.00372671 0 0.00371322 0.00372344 0.00376007 0.00396412 0.0044003 0.0132219 0.00633756 0.0320411 0.163735 0.0101191 0.0112026 0.0393409 0.0349603 0.141373 0.0825871 0.113289 0.021089 0.011945 0.00815022 0.0100476 0.0148374 0.0197446 0.0429754 0.0273941 0.023093 0.00958173 0.00896729 0.00944707 0.00979389 0.00818613 
0.0155802 0.0205762 0.164378 0.0486061 0.604752 0.0647484 0.172561 0.0261749 0.00377919 0.00373725 0.00373183 0.00371322 0 0.00370851 0.00374527 0.00376076 0.00576178 0.00659566 0.0170253 0.302169 0.234338 0.00940679 0.0125645 0.0235375 0.0868819 0.0829616 0.156493 0.074716 0.0470496 0.0125628 0.00804822 0.00938271 0.0148173 0.0324688 0.038996 0.0438727 0.0191766 0.0100806 0.0090167 0.0100911 0.00984637 0.00851367 
0.0114771 0.0263459 0.0621555 0.141508 0.0500716 0.556175 0.0415967 0.0670003 0.00384313 0.00370052 0.00373273 0.00372344 0.00370851 0 0.00371179 0.00376306 0.00402373 0.00742469 0.836638 0.0262722 0.00664281 0.009677 0.0108019 0.0202216 0.0826249 0.0728711 0.0845925 0.0888673 0.03035 0.011861 0.00808143 0.00890075 0.0166902 0.0247419 0.0299087 0.0389896 0.0181576 0.0105662 0.00878239 0.00984335 0.00954665 0.00904876 
0.00991116 0.0402213 0.0167587 0.0277266 0.0764266 0.0245044 0.598282 0.0568707 0.00423578 0.00417335 0.00375718 0.00376007 0.00374527 0.00371179 0 0.00372492 0.00770391 0.965891 0.0106369 0.0156662 0.00558344 0.0117949 0.0113931 0.0277668 0.0161017 0.0315793 0.0315678 0.0343236 0.0447712 0.0164985 0.00833278 0.0098013 0.0103727 0.0107922 0.0156804 0.0119829 0.0285105 0.0105176 0.00848016 0.00879226 0.00943701 0.00819068 
0.0291316 0.0112929 0.0123846 0.0122679 0.0120814 0.0153381 0.0222082 0.483869 0.00471385 0.00382171 0.003852 0.00396412 0.00376076 0.00376306 0.00372492 0 0.93718 0.00799646 0.00403981 0.0039557 0.00768554 0.02025 0.0192868 0.00991754 0.0108097 0.0107671 0.0123938 0.0104876 0.0130269 0.0224257 0.0102177 0.0102469 0.00910671 0.00909389 0.00907008 0.00950576 0.00953375 0.0138744 0.00927703 0.00874977 0.00827914 0.008743 
0.0140546 0.00938991 0.0096332 0.00998012 0.0109703 0.00916117 0.0108924 0.0118848 0.00757303 0.00525729 0.00564861 0.0044003 0.00576178 0.00402373 0.00770391 0.93718 0 0.00396547 0.00373756 0.00387846 0.00442014 0.0352941 0.0128968 0.00904865 0.00991648 0.0093026 0.00983492 0.00915977 0.00933735 0.013206 0.00952786 0.00862371 0.00828261 0.00839063 0.00818324 0.00835206 0.00825662 0.0106037 0.00816793 0.00815433 0.0083153 0.00960979 
0.00876356 0.0181681 0.0103048 0.0163008 0.0126894 0.0133547 0.0101965 0.0100708 0.00565193 0.00767266 0.00553555 0.0132219 0.00659566 0.00742469 0.965891 0.00799646 0.00396547 0 0.00370362 0.00379644 0.0037668 0.0102217 0.0095223 0.0133261 0.00969243 0.0152635 0.0116465 0.0118045 0.010795 0.00923822 0.00812511 0.00811581 0.00904281 0.00835163 0.00983059 0.00855499 0.0092345 0.0084159 0.00801013 0.00823695 0.00845448 0.00818674 
0.00933771 0.0110463 0.037553 0.0171598 0.026221 0.0194739 0.0124475 0.0100425 0.00703897 0.00627701 0.0204496 0.00633756 0.0170253 0.836638 0.0106369 0.00403981 0.00373756 0.00370362 0 0.0037204 0.00372113 0.00924482 0.0105837 0.0103052 0.0320974 0.0166935 0.0262501 0.0187122 0.0116719 0.00906539 0.00795298 0.0083717 0.00874696 0.0128205 0.0103124 0.013438 0.00949352 0.00879748 0.00815046 0.00843064 0.00839873 0.00826824 
0.00884543 0.0320785 0.0124011 0.0238736 0.0199521 0.026786 0.0274691 0.0190224 0.00685997 0.018499 0.00742888 0.0320411 0.302169 0.0262722 0.0156662 0.0039557 0.00387846 0.00379644 0.0037204 0 0.00373599 0.0155688 0.0101853 0.033028 0.0138578 0.0260037 0.0208939 0.0256006 0.0241228 0.0120767 0.0083068 0.00895074 0.0105226 0.00959028 0.0125668 0.0102965 0.0159603 0.00913137 0.00835882 0.00853319 0.00941419 0.0081243 
0.0256377 0.0105974 0.0137088 0.0120506 0.0155658 0.0126844 0.0248977 0.0324538 0.0319416 0.00802624 0.0287079 0.163735 0.234338 0.00664281 0.00558344 0.00768554 0.00442014 0.0037668 0.00372113 0.00373599 0 0.0589785 0.0189583 0.0137679 0.0178997 0.0135081 0.0201858 0.0140981 0.0206276 0.0216556 0.0110499 0.0116172 0.0100902 0.0101932 0.00996713 0.0137528 0.0105052 0.0160387 0.0108269 0.00877662 0.00832132 0.00971027 
0.0159182 0.00908247 0.00852572 0.00874657 0.00888744 0.00882812 0.00921987 0.0141753 0.0225442 0.0142043 0.0112562 0.0101191 0.00940679 0.009677 0.0117949 0.02025 0.0352941 0.0102217 0.00924482 0.0155688 0.0589785 0 0.0335061 0.0119693 0.0109207 0.0118585 0.0116611 0.0117906 0.0141097 0.0341367 0.190352 0.0155915 0.00988908 0.00881868 0.00872975 0.00888582 0.00943083 0.019209 0.011206 0.00846101 0.00865286 0.0149154 
0.0135164 0.00976779 0.0132268 0.0116147 0.0111936 0.0104958 0.0103394 0.011774 0.0188722 0.00992099 0.015186 0.0112026 0.0125645 0.0108019 0.0113931 0.0192868 0.0128968 0.0095223 0.0105837 0.0101853 0.0189583 0.0335061 0 0.00511181 0.00376711 0.00378791 0.00377073 0.00381883 0.00423456 0.00978451 0.0112165 0.0919517 0.0188356 0.014407 0.0113102 0.0134431 0.011938 0.0324441 0.0111933 0.00990408 0.0103493 0.0165996 
0.00911051 0.0302249 0.015506 0.0308694 0.0263726 0.0229393 0.0118762 0.00951939 0.010756 0.0298083 0.014722 0.0393409 0.0235375 0.0202216 0.0277668 0.00991754 0.00904865 0.0133261 0.0103052 0.033028 0.0137679 0.0119693 0.00511181 0 0.00374355 0.0037393 0.00380022 0.00389818 0.00411172 0.00408574 0.00725008 0.0374206 0.101762 0.019747 0.0493438 0.0166378 0.0546938 0.0117248 0.011616 0.0125862 0.0213247 0.0091739 
0.013517 0.015699 0.138478 0.0532407 0.0769611 0.0478396 0.0272566 0.0100353 0.0144313 0.013265 0.112919 0.0349603 0.0868819 0.0826249 0.0161017 0.0108097 0.00991648 0.00969243 0.0320974 0.0138578 0.0178997 0.0109207 0.00376711 0.00374355 0 0.00374776 0.00372666 0.0037892 0.00381822 0.0038893 0.00602123 0.175444 0.0392447 0.124889 0.0268696 0.137981 0.0249677 0.0162008 0.0128735 0.0307548 0.012303 0.0113755 
0.00979163 0.0488885 0.0551418 0.193552 0.0860207 0.0940174 0.0183694 0.0109246 0.0100969 0.0426676 0.0386707 0.141373 0.0829616 0.0728711 0.0315793 0.0107671 0.0093026 0.0152635 0.0166935 0.0260037 0.0135081 0.0118585 0.00378791 0.0037393 0.00374776 0 0.00373971 0.00372919 0.00386103 0.00382064 0.00622569 0.028432 0.381854 0.0402287 0.255609 0.0400214 0.0648343 0.0133065 0.0150804 0.020989 0.0279394 0.00945019 
0.0121429 0.0250755 0.108174 0.105829 0.199056 0.0807093 0.0393143 0.0118375 0.0148662 0.0185094 0.118074 0.0825871 0.156493 0.0845925 0.0315678 0.0123938 0.00983492 0.0116465 0.0262501 0.0208939 0.0201858 0.0116611 0.00377073 0.00380022 0.00372666 0.00373971 0 0.00375242 0.00378008 0.00375432 0.00524456 0.0460962 0.0453263 0.484078 0.0589843 0.211888 0.0377381 0.0213767 0.0155908 0.0328347 0.0202855 0.0127292 
0.00952791 0.0326 0.046457 0.128667 0.0806287 0.112901 0.0199754 0.0122618 0.00980413 0.0367205 0.0515404 0.113289 0.074716 0.0888673 0.0343236 0.0104876 0.00915977 0.0118045 0.0187122 0.0256006 0.0140981 0.0117906 0.00381883 0.00389818 0.0037892 0.00372919 0.00375242 0 0.00375485 0.00374516 0.00598915 0.0449906 0.130879 0.0635376 0.494586 0.0520219 0.105909 0.0131206 0.0143661 0.0224092 0.0406465 0.00955191 
0.00978693 0.0143864 0.0346905 0.0321287 0.0456294 0.0275508 0.0572266 0.0110415 0.0113212 0.0152156 0.0425156 0.021089 0.0470496 0.03035 0.0447712 0.0130269 0.00933735 0.010795 0.0116719 0.0241228 0.0206276 0.0141097 0.00423456 0.00411172 0.00381822 0.00386103 0.00378008 0.00375485 0 0.00383582 0.00874234 0.0221179 0.0479867 0.0932587 0.0334645 0.372911 0.100366 0.0521335 0.0126352 0.0286508 0.0235004 0.0133428 
0.0107916 0.0105701 0.00996321 0.0132331 0.0121731 0.0120607 0.0109936 0.0210565 0.0167937 0.0109118 0.0109037 0.011945 0.0125628 0.011861 0.0164985 0.0224257 0.013206 0.00923822 0.00906539 0.0120767 0.0216556 0.0341367 0.00978451 0.00408574 0.0038893 0.00382064 0.00375432 0.00374516 0.00383582 0 0.0619743 0.030367 0.0213804 0.016886 0.0365774 0.01993 0.239884 0.0717174 0.024823 0.0112966 0.0141513 0.0146759 
0.00894576 0.00799527 0.00793796 0.007964 0.00807176 0.00801345 0.00826937 0.00934127 0.00964392 0.00823102 0.0081035 0.00815022 0.00804822 0.00808143 0.00833278 0.0102177 0.00952786 0.00812511 0.00795298 0.0083068 0.0110499 0.190352 0.0112165 0.00725008 0.00602123 0.00622569 0.00524456 0.00598915 0.00874234 0.0619743 0 0.0687358 0.010294 0.0101681 0.00899609 0.0101876 0.0103426 0.0593235 0.0114349 0.00878326 0.00914506 0.0130043 
0.0085396 0.00855004 0.00949981 0.0103244 0.0103307 0.00933274 0.00900342 0.00984854 0.00892856 0.00876702 0.0091861 0.0100476 0.00938271 0.00890075 0.0098013 0.0102469 0.00862371 0.00811581 0.0083717 0.00895074 0.0116172 0.0155915 0.0919517 0.0374206 0.175444 0.028432 0.0460962 0.0449906 0.0221179 0.030367 0.0687358 0 0.00419754 0.00378693 0.00380598 0.00397826 0.00477234 0.00537141 0.0236035 0.010513 0.0207159 0.0140152 
0.0083809 0.00990347 0.0115058 0.0130325 0.0155804 0.0126857 0.0100107 0.00868979 0.00871406 0.00975874 0.0136589 0.0148374 0.0148173 0.0166902 0.0103727 0.00910671 0.00828261 0.00904281 0.00874696 0.0105226 0.0100902 0.00988908 0.0188356 0.101762 0.0392447 0.381854 0.0453263 0.130879 0.0479867 0.0213804 0.010294 0.00419754 0 0.00373956 0.0037504 0.00372219 0.00384522 0.00396091 0.0324398 0.0411064 0.017978 0.0146736 
0.00915399 0.00953487 0.0187946 0.017118 0.021984 0.0148949 0.0107901 0.00863972 0.00970326 0.00967546 0.0274337 0.0197446 0.0324688 0.0247419 0.0107922 0.00909389 0.00839063 0.00835163 0.0128205 0.00959028 0.0101932 0.00881868 0.014407 0.019747 0.124889 0.0402287 0.484078 0.0635376 0.0932587 0.016886 0.0101681 0.00378693 0.00373956 0 0.00373532 0.00374746 0.00373367 0.00374057 0.0215862 0.0388001 0.0234023 0.0116138 
0.00859495 0.0143163 0.0166646 0.0290229 0.0270183 0.0241472 0.0110066 0.00915638 0.0087471 0.0142424 0.0210446 0.0429754 0.038996 0.0299087 0.0156804 0.00907008 0.00818324 0.00983059 0.0103124 0.0125668 0.00996713 0.00872975 0.0113102 0.0493438 0.0268696 0.255609 0.0589843 0.494586 0.0334645 0.0365774 0.00899609 0.00380598 0.0037504 0.00373532 0 0.00371044 0.00375122 0.00374978 0.173286 0.0277972 0.040622 0.0111074 
0.00920438 0.00994169 0.0266635 0.0226424 0.0293357 0.0199908 0.013318 0.00889349 0.00955411 0.0102348 0.0422669 0.0273941 0.0438727 0.0389896 0.0119829 0.00950576 0.00835206 0.00855499 0.013438 0.0102965 0.0137528 0.00888582 0.0134431 0.0166378 0.137981 0.0400214 0.211888 0.0520219 0.372911 0.01993 0.0101876 0.00397826 0.00372219 0.00374746 0.00371044 0 0.00371208 0.00373273 0.0215917 0.25471 0.0228834 0.0205634 
0.00838499 0.0122643 0.0133689 0.0295569 0.0204685 0.0163693 0.0115963 0.0100413 0.00903083 0.0139408 0.0169031 0.023093 0.0191766 0.0181576 0.0285105 0.00953375 0.00825662 0.0092345 0.00949352 0.0159603 0.0105052 0.00943083 0.011938 0.0546938 0.0249677 0.0648343 0.0377381 0.105909 0.100366 0.239884 0.0103426 0.00477234 0.00384522 0.00373367 0.00375122 0.00371208 0 0.00373233 0.0202198 0.0244864 0.58863 0.011641 
0.00958072 0.00876868 0.00928891 0.0096939 0.00994369 0.00938639 0.00891576 0.0098935 0.0127117 0.00891676 0.009837 0.00958173 0.0100806 0.0105662 0.0105176 0.0138744 0.0106037 0.0084159 0.00879748 0.00913137 0.0160387 0.019209 0.0324441 0.0117248 0.0162008 0.0133065 0.0213767 0.0131206 0.0521335 0.0717174 0.0593235 0.00537141 0.00396091 0.00374057 0.00374978 0.00373273 0.00373233 0 0.0198988 0.0249666 0.0239028 0.451354 
0.00831923 0.00824234 0.00875406 0.00883242 0.00898264 0.00863258 0.00845399 0.00921817 0.0085049 0.00819882 0.00898743 0.00896729 0.0090167 0.00878239 0.00848016 0.00927703 0.00816793 0.00801013 0.00815046 0.00835882 0.0108269 0.011206 0.0111933 0.011616 0.0128735 0.0150804 0.0155908 0.0143661 0.0126352 0.024823 0.0114349 0.0236035 0.0324398 0.0215862 0.173286 0.0215917 0.0202198 0.0198988 0 0.00375172 0.00378936 0.00408408 
0.00829492 0.00861583 0.0104527 0.00940511 0.00999865 0.00919815 0.00923194 0.00834584 0.00858215 0.0083686 0.00991072 0.00944707 0.0100911 0.00984335 0.00879226 0.00874977 0.00815433 0.00823695 0.00843064 0.00853319 0.00877662 0.00846101 0.00990408 0.0125862 0.0307548 0.020989 0.0328347 0.0224092 0.0286508 0.0112966 0.00878326 0.010513 0.0411064 0.0388001 0.0277972 0.25471 0.0244864 0.0249666 0.00375172 0 0.00375482 0.00387004 
0.00817054 0.0091255 0.00976363 0.00975468 0.00944801 0.00923952 0.00858797 0.00834815 0.00838278 0.00921925 0.00884275 0.00979389 0.00984637 0.00954665 0.00943701 0.00827914 0.0083153 0.00845448 0.00839873 0.00941419 0.00832132 0.00865286 0.0103493 0.0213247 0.012303 0.0279394 0.0202855 0.0406465 0.0235004 0.0141513 0.00914506 0.0207159 0.017978 0.0234023 0.040622 0.0228834 0.58863 0.0239028 0.00378936 0.00375482 0 0.0037612 
0.00994864 0.00813766 0.00868239 0.00825814 0.00864505 0.00840571 0.00828305 0.0083884 0.0105525 0.00808761 0.00881114 0.00818613 0.00851367 0.00904876 0.00819068 0.008743 0.00960979 0.00818674 0.00826824 0.0081243 0.00971027 0.0149154 0.0165996 0.0091739 0.0113755 0.00945019 0.0127292 0.00955191 0.0133428 0.0146759 0.0130043 0.0140152 0.0146736 0.0116138 0.0111074 0.0205634 0.011641 0.451354 0.00408408 0.00387004 0.0037612 0 
