1N9NA
LRHTFVVADATLPDCPLVYASEGFYAMTGYGPDEVLGHNCRFLQGEGTDPKEVQKIRDAIKKGEACSVRLLNYRKDGTPFWNLLTVTPIKTPDGRVSKFVGVQVDVTS
CCCEEEEEECCCCCCCEEEECHHHHHHHCCCHHHHCCCCHHHHCCCCCCHHHHHHHHHHHHCCCCEEEEEEEECCCCCEEEEEEEEEEEECCCCCEEEEEEEEEECCC
0 0 0 0 0 0 0 0 0 0 0 0 0 0 0 0 0 0 0 0 0 0 0 0 0 0 0 0 0 0 0 0 0 0 0 0 0 0 0 0 0 0 0 0 0 0 0 0 0 0 0 0 0 0 0 0 0 0 0 0 0 0 0 0 0 0 0 0 0 0 0 0 0 0 0 0 0 0 0 0 0 0 0 0 0 0 0 0 0 0 0 0 0 0 0 0 0 0 0 0 0 0 0 0 0 0 0 0 
0 0 0 0 0 0 0 0 0 0 0 0 0 0 0 0 0 0 0 0 0 0 0 0 0 0 0 0 0 0 0 0 0 0 0 0 0 0 0 0 0 0 0 0 0 0 0 0 0 0 0 0 0 0 0 0 0 0 0 0 0 0 0 0 0 0 0 0 0 0 0 0 0 0 0 0 0 0 0 0 0 0 0 0 0 0 0 0 0 0 0 0 0 0 0 0 0 0 0 0 0 0 0 0 0 0 0 0 
0 0.0038126 0.00375449 0.00393352 0.00394697 0.00645356 0.0165696 0.00834011 0.0117493 0.118796 0.0186011 0.00863519 0.0125025 0.00923514 0.0117987 0.00915987 0.00921506 0.0176028 0.00838956 0.00852085 0.00831255 0.00882503 0.00818114 0.00923193 0.00871555 0.0104813 0.00830963 0.00861635 0.00862239 0.0102742 0.00864513 0.00842804 0.00836151 0.00871222 0.00840341 0.00866067 0.00825466 0.00825153 0.00872997 0.00935689 
0.0038126 0 0.00378151 0.0037275 0.00468348 0.00386869 0.00716144 0.013697 0.067071 0.046608 0.0102407 0.0144401 0.0108374 0.0214864 0.0175569 0.0142936 0.0148641 0.00952678 0.00853657 0.00976898 0.0108615 0.00967458 0.0122449 0.00954103 0.0143052 0.0112854 0.0113624 0.00911454 0.0101609 0.00876366 0.00843628 0.00901812 0.0109709 0.0111137 0.0120148 0.0110773 0.0105315 0.00888437 0.00928776 0.00853814 
0.00375449 0.00378151 0 0.00455485 0.00373377 0.00373539 0.00978515 0.0531643 0.0625112 0.120499 0.0130782 0.0123086 0.0225553 0.0302243 0.0466685 0.0315803 0.014365 0.00964468 0.00849743 0.0117593 0.0150037 0.0203544 0.0154114 0.0205363 0.0211838 0.0198652 0.0158274 0.0144166 0.00971438 0.00844249 0.00846385 0.0101155 0.0174764 0.0278627 0.0214075 0.0250298 0.0144787 0.0134998 0.00893455 0.00846718 
0.00393352 0.0037275 0.00455485 0 0.00371151 0.00374551 0.0257145 0.0722669 0.177849 0.0102657 0.0102811 0.0103005 0.0237147 0.0225418 0.0394111 0.0308148 0.0126768 0.00944861 0.00859241 0.0108703 0.0141896 0.016358 0.0136511 0.0165915 0.0175532 0.0180999 0.0149017 0.0136981 0.00911523 0.00851523 0.00860149 0.00936016 0.0170967 0.0219146 0.0207445 0.0200246 0.0165209 0.0101851 0.00896035 0.00837416 
0.00394697 0.00468348 0.00373377 0.00371151 0 0.00401845 0.0865298 0.0883442 0.0231516 0.00895435 0.010968 0.0149467 0.0113504 0.0161913 0.0126173 0.014705 0.0184897 0.00926329 0.00907944 0.0100858 0.0107634 0.0104198 0.0103552 0.0103608 0.0123116 0.0105919 0.00982826 0.00910958 0.00987232 0.00843836 0.00942681 0.00978693 0.010874 0.0119792 0.0114219 0.0119398 0.00983257 0.00880858 0.00878131 0.00831654 
0.00645356 0.00386869 0.00373539 0.00374551 0.00401845 0 0.0472357 0.00715395 0.00746817 0.0125518 0.0221362 0.0091847 0.00987288 0.00921981 0.00944238 0.00903494 0.00964346 0.0106118 0.0100676 0.00906488 0.00844392 0.00875852 0.00856535 0.00895126 0.00918269 0.00900743 0.00845081 0.00849255 0.00876026 0.00852379 0.0110263 0.00860198 0.00846405 0.00887141 0.00885802 0.00884955 0.00848253 0.00839745 0.00834764 0.00866257 
0.0165696 0.00716144 0.00978515 0.0257145 0.0865298 0.0472357 0 0.0037612 0.00377666 0.00450488 0.0483849 0.00933135 0.0132089 0.0103283 0.0123251 0.0099961 0.0102009 0.0190344 0.00867712 0.00932768 0.0087344 0.0100263 0.0088334 0.0107001 0.00895442 0.011971 0.00872398 0.00931922 0.00879306 0.0117802 0.00882922 0.00913282 0.00878472 0.0100933 0.00927472 0.00922557 0.00874105 0.00859598 0.00873534 0.00997446 
0.00834011 0.013697 0.0531643 0.0722669 0.0883442 0.00715395 0.0037612 0 0.00379808 0.00372879 0.0131078 0.0231525 0.013769 0.0171374 0.0161882 0.0153557 0.012245 0.00909861 0.00836606 0.00952843 0.0102662 0.00999305 0.00960395 0.0102625 0.0110523 0.00989475 0.00973286 0.00958474 0.00952629 0.00844091 0.00833083 0.00888379 0.00998091 0.0125473 0.0108426 0.0107756 0.00912555 0.00894492 0.00881772 0.00824827 
0.0117493 0.067071 0.0625112 0.177849 0.0231516 0.00746817 0.00377666 0.00379808 0 0.00372804 0.0106575 0.0320507 0.012233 0.0185729 0.015672 0.0179468 0.0221917 0.00900882 0.00884049 0.00954822 0.0108482 0.0094458 0.0109027 0.00923675 0.013463 0.00893915 0.00978037 0.0090403 0.0093003 0.00851847 0.00862676 0.00984893 0.0100301 0.0102885 0.0101181 0.0103618 0.00960591 0.00904045 0.00890561 0.00845391 
0.118796 0.046608 0.120499 0.0102657 0.00895435 0.0125518 0.00450488 0.00372879 0.00372804 0 0.0207771 0.00924918 0.0151663 0.00951331 0.0136173 0.0120083 0.012526 0.0292108 0.0113892 0.0101462 0.0089656 0.00940787 0.00885917 0.0106538 0.00878694 0.0110395 0.00902499 0.00876617 0.00886957 0.0090249 0.014711 0.00915624 0.00867708 0.00931431 0.0092571 0.00894014 0.00877562 0.00852293 0.008596 0.00862102 
0.0186011 0.0102407 0.0130782 0.0102811 0.010968 0.0221362 0.0483849 0.0131078 0.0106575 0.0207771 0 0.00373603 0.00391451 0.00380243 0.00398603 0.00384932 0.00388796 0.0105193 0.00579105 0.00708708 0.00685566 0.00802846 0.00724768 0.0155141 0.0105073 0.840317 0.00924313 0.0209955 0.00913842 0.0284074 0.0104909 0.0105121 0.00882241 0.0113256 0.0089914 0.00959274 0.0089125 0.00955385 0.00987198 0.0149726 
0.00863519 0.0144401 0.0123086 0.0103005 0.0149467 0.0091847 0.00933135 0.0231525 0.0320507 0.00924918 0.00373603 0 0.00371775 0.0037687 0.00371219 0.00375516 0.00588335 0.00384514 0.00630641 0.00592364 0.00835729 0.00637448 0.012192 0.00803544 0.944928 0.00805723 0.044527 0.00780565 0.0413067 0.00885154 0.00976187 0.00853512 0.0157907 0.0087554 0.0121579 0.00896823 0.0124968 0.00865716 0.0182297 0.00931842 
0.0125025 0.0108374 0.0225553 0.0237147 0.0113504 0.00987288 0.0132089 0.013769 0.012233 0.0151663 0.00391451 0.00371775 0 0.00372244 0.00387706 0.0037614 0.0037188 0.00449091 0.00495594 0.0110707 0.00606842 0.0118655 0.0075189 0.969834 0.00810508 0.0393469 0.00752993 0.0299252 0.00830894 0.00859154 0.00877709 0.0157284 0.00861006 0.0270619 0.00954643 0.0171189 0.00944844 0.0171481 0.0100629 0.00855249 
0.00923514 0.0214864 0.0302243 0.0225418 0.0161913 0.00921981 0.0103283 0.0171374 0.0185729 0.00951331 0.00380243 0.0037687 0.00372244 0 0.00370909 0.0037549 0.00376913 0.00375093 0.00938507 0.00585342 0.0122628 0.00751991 0.951202 0.00822218 0.029978 0.00767276 0.0218826 0.00797284 0.00937874 0.00868549 0.0103301 0.00858035 0.0341431 0.00955309 0.0254011 0.010749 0.0240705 0.00982341 0.0101382 0.00961754 
0.0117987 0.0175569 0.0466685 0.0394111 0.0126173 0.00944238 0.0123251 0.0161882 0.015672 0.0136173 0.00398603 0.00371219 0.00387706 0.00370909 0 0.00370321 0.00370583 0.00387461 0.00463598 0.0109717 0.00899614 0.962553 0.0074889 0.0143734 0.00745214 0.0188252 0.0075439 0.0105806 0.00855993 0.00858191 0.00857367 0.0146393 0.00935793 0.0343775 0.0110738 0.0268358 0.0106125 0.0135931 0.0109586 0.00889251 
0.00915987 0.0142936 0.0315803 0.0308148 0.014705 0.00903494 0.0099961 0.0153557 0.0179468 0.0120083 0.00384932 0.00375516 0.0037614 0.0037549 0.00370321 0 0.00386052 0.00372048 0.00668022 0.00611515 0.932277 0.0106942 0.0103677 0.00709926 0.00910113 0.00835909 0.00795786 0.00845112 0.00822552 0.00827003 0.00947508 0.00923699 0.0185273 0.0127187 0.022961 0.0132399 0.0149437 0.010493 0.010087 0.00886283 
0.00921506 0.0148641 0.014365 0.0126768 0.0184897 0.00964346 0.0102009 0.012245 0.0221917 0.012526 0.00388796 0.00588335 0.0037188 0.00376913 0.00370583 0.00386052 0 0.00395832 0.0100602 0.873279 0.0138668 0.00708434 0.00629169 0.00669105 0.00870021 0.00678572 0.00851511 0.00706505 0.0087513 0.00814373 0.00911548 0.0115978 0.0121805 0.0133163 0.0115236 0.0109349 0.0100017 0.00951606 0.0104414 0.00983996 
0.0176028 0.00952678 0.00964468 0.00944861 0.00926329 0.0106118 0.0190344 0.00909861 0.00900882 0.0292108 0.0105193 0.00384514 0.00449091 0.00375093 0.00387461 0.00372048 0.00395832 0 0.965178 0.0151173 0.00542068 0.00622763 0.00534917 0.00821145 0.00627968 0.0087468 0.00614806 0.00823705 0.00671683 0.00735169 0.019992 0.0107636 0.0087246 0.0106271 0.00935321 0.0100619 0.00886912 0.0093727 0.00892748 0.0101654 
0.00838956 0.00853657 0.00849743 0.00859241 0.00907944 0.0100676 0.00867712 0.00836606 0.00884049 0.0113892 0.00579105 0.00630641 0.00495594 0.00938507 0.00463598 0.00668022 0.0100602 0.965178 0 0.00374666 0.00383414 0.00373113 0.00385021 0.00380536 0.00439824 0.00400552 0.0048374 0.00429107 0.00609992 0.0088259 0.007813 0.00686966 0.00857588 0.00763621 0.008745 0.00789667 0.0173897 0.00815395 0.00935999 0.0128394 
0.00852085 0.00976898 0.0117593 0.0108703 0.0100858 0.00906488 0.00932768 0.00952843 0.00954822 0.0101462 0.00708708 0.00592364 0.0110707 0.00585342 0.0109717 0.00611515 0.873279 0.0151173 0.00374666 0 0.00369297 0.00371018 0.00369746 0.00388478 0.00379021 0.00458396 0.00381525 0.00549938 0.00546362 0.00597645 0.00685946 0.00934535 0.00783801 0.0113441 0.00821546 0.0126196 0.00824164 0.0110614 0.0113543 0.0094363 
0.00831255 0.0108615 0.0150037 0.0141896 0.0107634 0.00844392 0.0087344 0.0102662 0.0108482 0.0089656 0.00685566 0.00835729 0.00606842 0.0122628 0.00899614 0.932277 0.0138668 0.00542068 0.00383414 0.00369297 0 0.00369045 0.00371824 0.00371724 0.00378759 0.00374226 0.00464191 0.00378162 0.00452145 0.00465464 0.00708832 0.00675819 0.0133704 0.00802563 0.0146913 0.00864563 0.0170675 0.00820705 0.0121131 0.0209579 
0.00882503 0.00967458 0.0203544 0.016358 0.0104198 0.00875852 0.0100263 0.00999305 0.0094458 0.00940787 0.00802846 0.00637448 0.0118655 0.00751991 0.962553 0.0106942 0.00708434 0.00622763 0.00373113 0.00371018 0.00369045 0 0.00369075 0.00370476 0.00370491 0.00396774 0.0037222 0.00411095 0.0038263 0.00433179 0.00608284 0.00824369 0.00707393 0.0177465 0.0084982 0.0168529 0.00818412 0.0301473 0.0208858 0.388157 
0.00818114 0.0122449 0.0154114 0.0136511 0.0103552 0.00856535 0.0088334 0.00960395 0.0109027 0.00885917 0.00724768 0.012192 0.0075189 0.951202 0.0074889 0.0103677 0.00629169 0.00534917 0.00385021 0.00369746 0.00371824 0.00369075 0 0.00369154 0.00372433 0.00371765 0.00387684 0.00370517 0.00388933 0.00392021 0.00718133 0.00630596 0.0119838 0.00742491 0.0142643 0.00799687 0.0155739 0.0152518 0.638849 0.00970083 
0.00923193 0.00954103 0.0205363 0.0165915 0.0103608 0.00895126 0.0107001 0.0102625 0.00923675 0.0106538 0.0155141 0.00803544 0.969834 0.00822218 0.0143734 0.00709926 0.00669105 0.00821145 0.00380536 0.00388478 0.00371724 0.00370476 0.00369154 0 0.00370668 0.00386003 0.00370104 0.003767 0.00375531 0.00409564 0.0065062 0.0100926 0.00714145 0.0185218 0.00828625 0.018182 0.0126503 0.81352 0.0106795 0.00874853 
0.00871555 0.0143052 0.0211838 0.0175532 0.0123116 0.00918269 0.00895442 0.0110523 0.013463 0.00878694 0.0105073 0.944928 0.00810508 0.029978 0.00745214 0.00910113 0.00870021 0.00627968 0.00439824 0.00379021 0.00378759 0.00370491 0.00372433 0.00370668 0 0.00373778 0.00431093 0.00371578 0.00379082 0.00385645 0.00820601 0.00626531 0.0239073 0.00765768 0.0179589 0.0127949 0.908757 0.0108795 0.010727 0.00915513 
0.0104813 0.0112854 0.0198652 0.0180999 0.0105919 0.00900743 0.011971 0.00989475 0.00893915 0.0110395 0.840317 0.00805723 0.0393469 0.00767276 0.0188252 0.00835909 0.00678572 0.0087468 0.00400552 0.00458396 0.00374226 0.00396774 0.00371765 0.00386003 0.00373778 0 0.00372551 0.00376451 0.0037644 0.00388822 0.00573455 0.0131534 0.00689807 0.0239167 0.0209409 0.909857 0.0105698 0.0174013 0.00868127 0.00866017 
0.00830963 0.0113624 0.0158274 0.0149017 0.00982826 0.00845081 0.00872398 0.00973286 0.00978037 0.00902499 0.00924313 0.044527 0.00752993 0.0218826 0.0075439 0.00795786 0.00851511 0.00614806 0.0048374 0.00381525 0.00464191 0.0037222 0.00387684 0.00370104 0.00431093 0.00372551 0 0.00369448 0.00371346 0.00373633 0.00683923 0.00547999 0.0247846 0.00896478 0.820615 0.00748718 0.0105621 0.00732755 0.00838936 0.0077849 
0.00861635 0.00911454 0.0144166 0.0136981 0.00910958 0.00849255 0.00931922 0.00958474 0.0090403 0.00876617 0.0209955 0.00780565 0.0299252 0.00797284 0.0105806 0.00845112 0.00706505 0.00823705 0.00429107 0.00549938 0.00378162 0.00411095 0.00370517 0.003767 0.00371578 0.00376451 0.00369448 0 0.00369795 0.00373731 0.00436717 0.0244436 0.0118069 0.868569 0.00776146 0.0110231 0.00720705 0.0134094 0.00762667 0.00753039 
0.00862239 0.0101609 0.00971438 0.00911523 0.00987232 0.00876026 0.00879306 0.00952629 0.0093003 0.00886957 0.00913842 0.0413067 0.00830894 0.00937874 0.00855993 0.00822552 0.0087513 0.00671683 0.00609992 0.00546362 0.00452145 0.0038263 0.00388933 0.00375531 0.00379082 0.0037644 0.00371346 0.00369795 0 0.0037171 0.00860056 0.0210074 0.664004 0.00683022 0.00692944 0.00626371 0.00774143 0.00664164 0.00784125 0.00783919 
0.0102742 0.00876366 0.00844249 0.00851523 0.00843836 0.00852379 0.0117802 0.00844091 0.00851847 0.0090249 0.0284074 0.00885154 0.00859154 0.00868549 0.00858191 0.00827003 0.00814373 0.00735169 0.0088259 0.00597645 0.00465464 0.00433179 0.00392021 0.00409564 0.00385645 0.00388822 0.00373633 0.00373731 0.0037171 0 0.761976 0.10441 0.00484267 0.0058123 0.00556005 0.00749084 0.00635706 0.00717691 0.00652895 0.00745327 
0.00864513 0.00843628 0.00846385 0.00860149 0.00942681 0.0110263 0.00882922 0.00833083 0.00862676 0.014711 0.0104909 0.00976187 0.00877709 0.0103301 0.00857367 0.00947508 0.00911548 0.019992 0.007813 0.00685946 0.00708832 0.00608284 0.00718133 0.0065062 0.00820601 0.00573455 0.00683923 0.00436717 0.00860056 0.761976 0 0.00415045 0.00375676 0.00373448 0.00389148 0.0037911 0.0040374 0.00458156 0.00638072 0.00790462 
0.00842804 0.00901812 0.0101155 0.00936016 0.00978693 0.00860198 0.00913282 0.00888379 0.00984893 0.00915624 0.0105121 0.00853512 0.0157284 0.00858035 0.0146393 0.00923699 0.0115978 0.0107636 0.00686966 0.00934535 0.00675819 0.00824369 0.00630596 0.0100926 0.00626531 0.0131534 0.00547999 0.0244436 0.0210074 0.10441 0.00415045 0 0.00372598 0.00370793 0.0038085 0.00373439 0.00378939 0.00517957 0.00543789 0.00452125 
0.00836151 0.0109709 0.0174764 0.0170967 0.010874 0.00846405 0.00878472 0.00998091 0.0100301 0.00867708 0.00882241 0.0157907 0.00861006 0.0341431 0.00935793 0.0185273 0.0121805 0.0087246 0.00857588 0.00783801 0.0133704 0.00707393 0.0119838 0.00714145 0.0239073 0.00689807 0.0247846 0.0118069 0.664004 0.00484267 0.00375676 0.00372598 0 0.00370895 0.00372846 0.00371325 0.00375309 0.00429999 0.00404235 0.00429638 
0.00871222 0.0111137 0.0278627 0.0219146 0.0119792 0.00887141 0.0100933 0.0125473 0.0102885 0.00931431 0.0113256 0.0087554 0.0270619 0.00955309 0.0343775 0.0127187 0.0133163 0.0106271 0.00763621 0.0113441 0.00802563 0.0177465 0.00742491 0.0185218 0.00765768 0.0239167 0.00896478 0.868569 0.00683022 0.0058123 0.00373448 0.00370793 0.00370895 0 0.00370008 0.00367522 0.003751 0.00464719 0.00372558 0.00387671 
0.00840341 0.0120148 0.0214075 0.0207445 0.0114219 0.00885802 0.00927472 0.0108426 0.0101181 0.0092571 0.0089914 0.0121579 0.00954643 0.0254011 0.0110738 0.022961 0.0115236 0.00935321 0.008745 0.00821546 0.0146913 0.0084982 0.0142643 0.00828625 0.0179589 0.0209409 0.820615 0.00776146 0.00692944 0.00556005 0.00389148 0.0038085 0.00372846 0.00370008 0 0.00372198 0.00371709 0.00380276 0.00367799 0.00383788 
0.00866067 0.0110773 0.0250298 0.0200246 0.0119398 0.00884955 0.00922557 0.0107756 0.0103618 0.00894014 0.00959274 0.00896823 0.0171189 0.010749 0.0268358 0.0132399 0.0109349 0.0100619 0.00789667 0.0126196 0.00864563 0.0168529 0.00799687 0.018182 0.0127949 0.909857 0.00748718 0.0110231 0.00626371 0.00749084 0.0037911 0.00373439 0.00371325 0.00367522 0.00372198 0 0.00373795 0.00376445 0.00372558 0.00381362 
0.00825466 0.0105315 0.0144787 0.0165209 0.00983257 0.00848253 0.00874105 0.00912555 0.00960591 0.00877562 0.0089125 0.0124968 0.00944844 0.0240705 0.0106125 0.0149437 0.0100017 0.00886912 0.0173897 0.00824164 0.0170675 0.00818412 0.0155739 0.0126503 0.908757 0.0105698 0.0105621 0.00720705 0.00774143 0.00635706 0.0040374 0.00378939 0.00375309 0.003751 0.00371709 0.00373795 0 0.00370746 0.00371106 0.00420503 
0.00825153 0.00888437 0.0134998 0.0101851 0.00880858 0.00839745 0.00859598 0.00894492 0.00904045 0.00852293 0.00955385 0.00865716 0.0171481 0.00982341 0.0135931 0.010493 0.00951606 0.0093727 0.00815395 0.0110614 0.00820705 0.0301473 0.0152518 0.81352 0.0108795 0.0174013 0.00732755 0.0134094 0.00664164 0.00717691 0.00458156 0.00517957 0.00429999 0.00464719 0.00380276 0.00376445 0.00370746 0 0.00383224 0.00376131 
0.00872997 0.00928776 0.00893455 0.00896035 0.00878131 0.00834764 0.00873534 0.00881772 0.00890561 0.008596 0.00987198 0.0182297 0.0100629 0.0101382 0.0109586 0.010087 0.0104414 0.00892748 0.00935999 0.0113543 0.0121131 0.0208858 0.638849 0.0106795 0.010727 0.00868127 0.00838936 0.00762667 0.00784125 0.00652895 0.00638072 0.00543789 0.00404235 0.00372558 0.00367799 0.00372558 0.00371106 0.00383224 0 0.00392128 
0.00935689 0.00853814 0.00846718 0.00837416 0.00831654 0.00866257 0.00997446 0.00824827 0.00845391 0.00862102 0.0149726 0.00931842 0.00855249 0.00961754 0.00889251 0.00886283 0.00983996 0.0101654 0.0128394 0.0094363 0.0209579 0.388157 0.00970083 0.00874853 0.00915513 0.00866017 0.0077849 0.00753039 0.00783919 0.00745327 0.00790462 0.00452125 0.00429638 0.00387671 0.00383788 0.00381362 0.00420503 0.00376131 0.00392128 0 
