1NA8A
HHHHMELSLASITVPLESIKPSNILPVTVYDQHGFRILFHFARDPLPGRSDVLVVVVSMLSTAPQPIRNIVFQSAVPKVMKVKLQPPSGMELPAFNPIVHPSAITQVLLLANPQKEKVRLRYKLTFTMGDQTYNEMGDVDQFPPPETWGSL
CHHHHHHHHCCCCCCHHHCCECCCCCEEEEEECCEEEEEEEEECCCCCCCCEEEEEEEEEECCCCCEEEEEEEEECCCCCEEEECCCCCCCECCCCCCCCCCCEEEEEEEECCCCCCCCEEEEEEEEECCEEEEEEEEECCCCCCCCHHHC
0 0 0 0 0 0 0 0 0 0 0 0 0 0 0 0 0 0 0 0 0 0 0 0 0 0 0 0 0 0 0 0 0 0 0 0 0 0 0 0 0 0 0 0 0 0 0 0 0 0 0 0 0 0 0 0 0 0 0 0 0 0 0 0 0 0 0 0 0 0 0 0 0 0 0 0 0 0 0 0 0 0 0 0 0 0 0 0 0 0 0 0 0 0 0 0 0 0 0 0 0 0 0 0 0 0 0 0 0 0 0 0 0 0 0 0 0 0 0 0 0 0 0 0 0 0 0 0 0 0 0 0 0 0 0 0 0 0 0 0 0 0 0 0 0 0 0 0 0 0 0 
0 0 0 0 0 0 0 0 0 0 0 0 0 0 0 0 0 0 0 0 0 0 0 0 0 0 0 0 0 0 0 0 0 0 0 0 0 0 0 0 0 0 0 0 0 0 0 0 0 0 0 0 0 0 0 0 0 0 0 0 0 0 0 0 0 0 0 0 0 0 0 0 0 0 0 0 0 0 0 0 0 0 0 0 0 0 0 0 0 0 0 0 0 0 0 0 0 0 0 0 0 0 0 0 0 0 0 0 0 0 0 0 0 0 0 0 0 0 0 0 0 0 0 0 0 0 0 0 0 0 0 0 0 0 0 0 0 0 0 0 0 0 0 0 0 0 0 0 0 0 0 
0 0.0137056 0.00499845 0.00455707 0.00574841 0.00521508 0.00771921 0.011773 0.00913048 0.00761026 0.00772187 0.00826374 0.00924117 0.0153753 0.010555 0.0138716 0.0175955 0.0108575 0.00983974 0.00942855 0.00985885 0.00873606 0.00916965 0.00879606 0.00909862 0.0112838 0.014329 0.00873587 0.00891604 0.00875567 0.00888293 0.00838877 0.00865511 0.00834297 0.0106976 0.0121655 0.00877354 0.00833516 0.00932574 0.0168507 0.010279 0.00835079 0.00815085 0.00818922 0.00820096 0.00822413 0.00826624 0.0100335 0.0103972 0.00837563 0.00811769 0.00815669 0.00795897 0.00833625 0.00796472 0.00808935 0.00835477 0.00878425 0.00802819 0.00791584 0.00790311 0.00784761 0.00788633 0.00788222 0.00792124 0.00861376 
0.0137056 0 0.00375773 0.00379723 0.00377122 0.00382887 0.0059067 0.00628228 0.00619467 0.0110895 0.00663225 0.211702 0.232452 0.0726437 0.0190932 0.0251988 0.0373181 0.0221834 0.0172694 0.0219571 0.0129698 0.018535 0.0103647 0.0148798 0.0115175 0.0241305 0.0227075 0.00954491 0.00952247 0.019363 0.00874973 0.0205047 0.00901044 0.0208687 0.017963 0.00956261 0.0167452 0.0089964 0.0288293 0.0205549 0.0123682 0.00967924 0.0102263 0.0107207 0.0114995 0.0112476 0.0119926 0.0170451 0.0183931 0.00814152 0.014594 0.0083581 0.0127785 0.0083777 0.0105045 0.00863996 0.013019 0.00809394 0.0079878 0.00847435 0.00800026 0.00834263 0.00804764 0.00929972 0.00811427 0.0130728 
0.00499845 0.00375773 0 0.00374466 0.00372149 0.00391561 0.00389287 0.00462128 0.0140836 0.00567695 0.215041 0.257089 0.135018 0.00884957 0.0159157 0.0111182 0.0121899 0.0581133 0.0274493 0.0221593 0.0474516 0.011669 0.0376158 0.0122941 0.0217168 0.0104101 0.0091178 0.0162604 0.0168831 0.00896501 0.0572754 0.0090753 0.0303884 0.00916673 0.0130661 0.012214 0.0089378 0.0235681 0.00889039 0.00835745 0.00909772 0.015115 0.0133946 0.0171685 0.0206971 0.0247267 0.0116428 0.00993742 0.0082467 0.015452 0.00846204 0.0198905 0.00853037 0.0214869 0.00884553 0.0127679 0.00833947 0.00808512 0.0090227 0.0081037 0.00949094 0.00827857 0.00921924 0.00823473 0.0104623 0.00815206 
0.00455707 0.00379723 0.00374466 0 0.00374232 0.00371431 0.00372761 0.00461429 0.00549093 0.135282 0.510962 0.139364 0.00786967 0.0135414 0.00876641 0.00716344 0.0130932 0.018552 0.0381522 0.0391659 0.0203735 0.0443754 0.0123009 0.0370471 0.0119603 0.0105968 0.0107432 0.00952125 0.0106633 0.0447209 0.00954262 0.0381465 0.0095755 0.0155164 0.0098539 0.00880677 0.0213041 0.00908547 0.00979872 0.00918111 0.00965906 0.00986834 0.0180964 0.0214423 0.023893 0.0209197 0.0123308 0.00897263 0.011907 0.0083296 0.0168438 0.00889076 0.0227225 0.00972438 0.0169486 0.00871434 0.00855536 0.00814714 0.00809895 0.00885453 0.00821239 0.00939718 0.00825473 0.00989387 0.00827795 0.00843247 
0.00574841 0.00377122 0.00372149 0.00374232 0 0.00370807 0.00372256 0.00386778 0.0202558 0.814137 0.047845 0.00948493 0.00844303 0.00755281 0.00647065 0.00715075 0.0103518 0.0120958 0.0219422 0.029338 0.0192508 0.0140454 0.0208886 0.0129949 0.0107435 0.00939673 0.00919493 0.00911699 0.0129502 0.0100284 0.0140924 0.0103045 0.0120458 0.00919403 0.00944749 0.0100115 0.00951786 0.0091997 0.00885916 0.00848536 0.00881904 0.00964593 0.0127362 0.0171278 0.0147438 0.0182117 0.0102599 0.00929066 0.00853734 0.00860401 0.0093278 0.0105377 0.0108957 0.0112963 0.00995845 0.00865821 0.00842742 0.00798289 0.00814181 0.00823607 0.00838396 0.00839422 0.00856181 0.00860581 0.0081978 0.00820684 
0.00521508 0.00382887 0.00391561 0.00371431 0.00370807 0 0.00379616 0.00413057 0.966898 0.00696519 0.00816345 0.00599481 0.0108015 0.00569781 0.00590804 0.00605924 0.00936246 0.0124897 0.0108951 0.0113849 0.0122476 0.0112939 0.0111107 0.00974738 0.0110226 0.00982432 0.00883387 0.011203 0.00912392 0.00898471 0.00983181 0.00911419 0.00906734 0.00934023 0.00892894 0.00886729 0.00900831 0.00918298 0.00857622 0.0082407 0.00854287 0.00945004 0.0105529 0.00985241 0.00938116 0.00995829 0.0101749 0.00849609 0.00842439 0.00855569 0.0084412 0.00871246 0.00854992 0.00881748 0.00859098 0.0085556 0.00821424 0.00804254 0.00816567 0.0081098 0.00809848 0.00806383 0.0081318 0.00816736 0.00815063 0.00810427 
0.00771921 0.0059067 0.00389287 0.00372761 0.00372256 0.00379616 0 0.984884 0.0066998 0.0056792 0.00392947 0.00656856 0.00418137 0.00492589 0.00525477 0.00525705 0.0143419 0.00961212 0.00909989 0.00878353 0.0092864 0.00877372 0.00894797 0.00870576 0.00873215 0.00862087 0.0258302 0.00824506 0.00825385 0.00863879 0.00833948 0.00870612 0.00831301 0.00840175 0.00865755 0.0106508 0.00853667 0.00819782 0.00864293 0.00895742 0.0115528 0.00854502 0.00838551 0.00847737 0.0085083 0.00848647 0.00838534 0.00849176 0.0103045 0.00847705 0.00832762 0.00808072 0.00823782 0.00815643 0.00819924 0.00802146 0.00801548 0.00855883 0.0080313 0.00800448 0.00793989 0.00801642 0.0079605 0.00806349 0.00797946 0.00805091 
0.011773 0.00628228 0.00462128 0.00461429 0.00386778 0.00413057 0.984884 0 0.00391509 0.00376638 0.0037239 0.00376782 0.00376964 0.00384463 0.00419171 0.00756189 0.010877 0.0104926 0.0112686 0.0116054 0.0107548 0.0114233 0.00941381 0.0111753 0.0151336 0.659122 0.011586 0.00900229 0.0089403 0.0128596 0.00872795 0.0114536 0.00874828 0.0152639 0.019471 0.0100246 0.0130467 0.0088257 0.0244989 0.0178685 0.0108327 0.00932499 0.00962782 0.00953792 0.0101135 0.00968424 0.011129 0.0219416 0.0144403 0.00819936 0.0122429 0.00828044 0.010748 0.00824151 0.0104246 0.0085558 0.0147468 0.00803644 0.00793752 0.00813306 0.0080035 0.0081003 0.00797881 0.00838142 0.00810036 0.0119252 
0.00913048 0.00619467 0.0140836 0.00549093 0.0202558 0.966898 0.0066998 0.00391509 0 0.00371253 0.00372113 0.00373167 0.00381921 0.00385344 0.00445709 0.0084736 0.0108316 0.0194218 0.0206904 0.0147806 0.0314079 0.0112081 0.0361691 0.0233948 0.728966 0.014071 0.00965518 0.0126555 0.0140121 0.00905998 0.0216001 0.00919279 0.0179477 0.010631 0.0164825 0.0133843 0.00928659 0.0226859 0.00966009 0.00884254 0.00942461 0.0178785 0.0129333 0.0148405 0.0181829 0.0192051 0.0145272 0.0118037 0.00839765 0.0145654 0.00856247 0.0173985 0.00895993 0.0229291 0.00924745 0.0210134 0.00883521 0.00804872 0.00887622 0.00816314 0.00910634 0.00841816 0.00888914 0.00860947 0.0103157 0.0082881 
0.00761026 0.0110895 0.00567695 0.135282 0.814137 0.00696519 0.0056792 0.00376638 0.00371253 0 0.00370312 0.00371551 0.00372437 0.0038785 0.00382091 0.00389518 0.0160239 0.016283 0.0215366 0.0479188 0.0185004 0.0797953 0.034723 0.797757 0.0139497 0.0109376 0.0128545 0.0118139 0.0103509 0.061744 0.00968257 0.0602981 0.0117809 0.0256124 0.00992518 0.00944602 0.0419424 0.00897239 0.0108861 0.00988294 0.0127016 0.0163159 0.0431602 0.0580188 0.0497531 0.0488843 0.0247546 0.0103411 0.0176115 0.00862714 0.0368279 0.0097703 0.0772613 0.0113253 0.078203 0.00963658 0.0105494 0.00837042 0.00835088 0.0138878 0.00893635 0.0162003 0.00910123 0.0184729 0.00857329 0.00976951 
0.00772187 0.00663225 0.215041 0.510962 0.047845 0.00816345 0.00392947 0.0037239 0.00372113 0.00370312 0 0.00370419 0.00373764 0.0037221 0.00372812 0.00385878 0.00913669 0.017688 0.0271275 0.0349032 0.0517556 0.0284076 0.856093 0.0194128 0.0413361 0.0112888 0.00897328 0.0124785 0.0257209 0.0101266 0.078027 0.0121467 0.0484868 0.00996662 0.0121104 0.0146322 0.00936218 0.0223408 0.00932101 0.00851888 0.00974767 0.0271298 0.0392264 0.0548739 0.0705022 0.10396 0.0278116 0.0116665 0.00869161 0.0171328 0.0101165 0.0544393 0.0138686 0.127169 0.0170576 0.0208966 0.00887217 0.00815498 0.00991701 0.00896942 0.0160268 0.0104384 0.0152807 0.00995363 0.0116428 0.00843405 
0.00826374 0.211702 0.257089 0.139364 0.00948493 0.00599481 0.00656856 0.00376782 0.00373167 0.00371551 0.00370419 0 0.00371616 0.00370684 0.00371264 0.00376176 0.0104293 0.0155577 0.0160354 0.0448961 0.0469478 0.895628 0.0161671 0.0441162 0.0155833 0.0162808 0.0101045 0.0113681 0.0104194 0.0538571 0.0104304 0.0535767 0.0106834 0.0219612 0.0104508 0.00925001 0.0298734 0.00922674 0.0106207 0.00888096 0.0109476 0.0153283 0.0420507 0.0655028 0.0791017 0.0747345 0.0354517 0.0111922 0.014158 0.00873204 0.0336326 0.0103386 0.119347 0.013194 0.0552323 0.010307 0.0101088 0.00856286 0.00837282 0.0141603 0.00931721 0.0248804 0.00979405 0.0159249 0.00878293 0.00910675 
0.00924117 0.232452 0.135018 0.00786967 0.00844303 0.0108015 0.00418137 0.00376964 0.00381921 0.00372437 0.00373764 0.00371616 0 0.00370328 0.00370584 0.00374424 0.00939702 0.0108513 0.0592119 0.0286195 0.870473 0.0119991 0.0285142 0.0152865 0.0148723 0.0114604 0.00877766 0.0102975 0.0249091 0.00983947 0.0493612 0.0106932 0.025375 0.00969406 0.0160581 0.0114967 0.00900945 0.0164327 0.00936249 0.00854374 0.00944185 0.0183505 0.0260783 0.046599 0.0471053 0.0592978 0.0178544 0.0113217 0.00884213 0.0156266 0.0100018 0.0478515 0.0129877 0.0440375 0.0149223 0.0155495 0.00894988 0.00811255 0.0090604 0.00876327 0.0159449 0.0095913 0.011953 0.00945163 0.0103535 0.00851452 
0.0153753 0.0726437 0.00884957 0.0135414 0.00755281 0.00569781 0.00492589 0.00384463 0.00385344 0.0038785 0.0037221 0.00370684 0.00370328 0 0.00371586 0.00371646 0.00722126 0.0219757 0.0261881 0.854513 0.0116984 0.0157822 0.00900116 0.0141334 0.0100934 0.0100151 0.00940662 0.011457 0.00960318 0.0278961 0.00939326 0.0187676 0.0103087 0.0131167 0.0113275 0.00895883 0.0126072 0.00948439 0.00958333 0.00867465 0.00992515 0.0118267 0.0229072 0.0253624 0.0274319 0.0267867 0.0159002 0.0108026 0.0110145 0.00867458 0.0215335 0.0103018 0.0224605 0.0110552 0.0211137 0.00946193 0.00929085 0.00829365 0.00828976 0.0110673 0.00886318 0.0102692 0.00868959 0.0108007 0.00848967 0.00871467 
0.010555 0.0190932 0.0159157 0.00876641 0.00647065 0.00590804 0.00525477 0.00419171 0.00445709 0.00382091 0.00372812 0.00371264 0.00370584 0.00371586 0 0.00377388 0.020907 0.0200475 0.702852 0.0116245 0.011313 0.00917557 0.00974492 0.0101387 0.0159656 0.00969264 0.0126596 0.00975184 0.0100226 0.00975277 0.0100162 0.0110607 0.010348 0.0131287 0.0101175 0.00912265 0.0123646 0.00972515 0.00906766 0.00883141 0.00976437 0.012253 0.0118341 0.0127734 0.0122585 0.0132312 0.0168717 0.010259 0.0103447 0.0141406 0.0102563 0.00982057 0.0110109 0.00998051 0.0108275 0.0109578 0.00877061 0.00815648 0.00884743 0.00876342 0.00847589 0.00864886 0.00830667 0.00869053 0.00834053 0.00843692 
0.0138716 0.0251988 0.0111182 0.00716344 0.00715075 0.00605924 0.00525705 0.00756189 0.0084736 0.00389518 0.00385878 0.00376176 0.00374424 0.00371646 0.00377388 0 0.0317011 0.665487 0.0105558 0.00932838 0.00946236 0.0100195 0.0107076 0.00967295 0.00977653 0.0130436 0.0145001 0.00973124 0.00917053 0.00883222 0.00998658 0.00888091 0.0108109 0.00884309 0.0119169 0.0317789 0.00877034 0.00896919 0.0108546 0.0113972 0.0165083 0.0115009 0.00968744 0.0100118 0.00959141 0.0103525 0.00962307 0.0108364 0.0189815 0.0104017 0.00852054 0.0094761 0.00860073 0.00970714 0.00884799 0.00877135 0.00849915 0.0110825 0.00870591 0.00825446 0.00847956 0.00817948 0.00838958 0.00828883 0.00864207 0.00840593 
0.0175955 0.0373181 0.0121899 0.0130932 0.0103518 0.00936246 0.0143419 0.010877 0.0108316 0.0160239 0.00913669 0.0104293 0.00939702 0.00722126 0.020907 0.0317011 0 0.00382805 0.00376687 0.00384183 0.00394144 0.00385357 0.00412073 0.00423107 0.00606897 0.0094158 0.0095369 0.00831515 0.00822544 0.0101363 0.00975189 0.00992303 0.0115332 0.0120105 0.0613703 0.0134636 0.0130834 0.0109437 0.0234001 0.0193097 0.0189566 0.0147575 0.0132975 0.014765 0.0153947 0.0167913 0.014625 0.0383027 0.0162295 0.00987516 0.0139884 0.0104329 0.0126035 0.0107495 0.0118107 0.010305 0.0165021 0.00884585 0.0083618 0.00879597 0.00847021 0.00869653 0.00858421 0.00898379 0.00997406 0.0132925 
0.0108575 0.0221834 0.0581133 0.018552 0.0120958 0.0124897 0.00961212 0.0104926 0.0194218 0.016283 0.017688 0.0155577 0.0108513 0.0219757 0.0200475 0.665487 0.00382805 0 0.00377479 0.00379765 0.00384418 0.00397027 0.00422688 0.00427996 0.00603962 0.00575526 0.00874747 0.0101619 0.0107909 0.0108954 0.0106374 0.0135298 0.0140167 0.0419414 0.0155296 0.0124898 0.0183284 0.0145607 0.0120511 0.0110204 0.0140792 0.0309034 0.0310272 0.0374436 0.0564678 0.0429893 0.058793 0.0147674 0.012058 0.0126835 0.0163593 0.0169943 0.0215359 0.0205925 0.0201921 0.0159649 0.0123315 0.00841439 0.00929252 0.0094795 0.0102113 0.0109077 0.0102241 0.0103111 0.011592 0.00959743 
0.00983974 0.0172694 0.0274493 0.0381522 0.0219422 0.0108951 0.00909989 0.0112686 0.0206904 0.0215366 0.0271275 0.0160354 0.0592119 0.0261881 0.702852 0.0105558 0.00376687 0.00377479 0 0.00378204 0.00376536 0.00382364 0.0037698 0.0040896 0.00394423 0.00449795 0.00766199 0.0101566 0.0122791 0.0126234 0.0166657 0.0164739 0.0559601 0.0172206 0.0185699 0.0124077 0.0146201 0.0135459 0.0121078 0.0106714 0.0146522 0.0296439 0.0599268 0.0959449 0.100095 0.189197 0.0330547 0.0182525 0.0128741 0.0138677 0.0214123 0.0332339 0.0355217 0.0506739 0.0488356 0.0263824 0.00978561 0.00865425 0.00950293 0.011618 0.0149707 0.0161018 0.0163256 0.0180127 0.0119445 0.0090462 
0.00942855 0.0219571 0.0221593 0.0391659 0.029338 0.0113849 0.00878353 0.0116054 0.0147806 0.0479188 0.0349032 0.0448961 0.0286195 0.854513 0.0116245 0.00932838 0.00384183 0.00379765 0.00378204 0 0.00375339 0.00374808 0.00375439 0.00379497 0.00379785 0.00395735 0.00774416 0.00885702 0.0109998 0.018887 0.0111622 0.0568071 0.0142307 0.0241612 0.0143981 0.0120658 0.021292 0.0109511 0.0119078 0.0103659 0.0150091 0.0348055 0.0701104 0.105679 0.186611 0.114127 0.0398569 0.0136862 0.0176093 0.0111777 0.0416334 0.0196336 0.0868579 0.0323859 0.0934665 0.0137806 0.0107837 0.00864715 0.00912096 0.015484 0.0124524 0.0246305 0.0136945 0.0249932 0.0105161 0.00982464 
0.00985885 0.0129698 0.0474516 0.0203735 0.0192508 0.0122476 0.0092864 0.0107548 0.0314079 0.0185004 0.0517556 0.0469478 0.870473 0.0116984 0.011313 0.00946236 0.00394144 0.00384418 0.00376536 0.00375339 0 0.00375286 0.00373893 0.00376541 0.00376192 0.00384105 0.00732604 0.00994114 0.0179602 0.0105715 0.0565685 0.0135171 0.0252179 0.0120846 0.0185251 0.0134861 0.00998712 0.0201697 0.0112559 0.0101342 0.012478 0.0321204 0.0707488 0.127116 0.104347 0.129714 0.0419548 0.0160587 0.0114534 0.0217399 0.0152549 0.0760457 0.0307837 0.131783 0.0264764 0.0300253 0.00946024 0.00855658 0.0105786 0.0101947 0.0245895 0.015046 0.0231603 0.012809 0.0153952 0.00896571 
0.00873606 0.018535 0.011669 0.0443754 0.0140454 0.0112939 0.00877372 0.0114233 0.0112081 0.0797953 0.0284076 0.895628 0.0119991 0.0157822 0.00917557 0.0100195 0.00385357 0.00397027 0.00382364 0.00374808 0.00375286 0 0.003752 0.00378377 0.00375536 0.003757 0.00688129 0.00684433 0.00811329 0.0495385 0.00878287 0.031571 0.00975735 0.0146471 0.0101671 0.00919474 0.0213652 0.0091205 0.0115361 0.00975669 0.0119944 0.0176488 0.0839139 0.0817726 0.0910544 0.0821311 0.0389878 0.0119986 0.0166715 0.00931303 0.056014 0.0114014 0.176323 0.0126528 0.0834394 0.0109202 0.0128222 0.00844239 0.00861013 0.0164456 0.00978662 0.0272173 0.00998055 0.0224419 0.00921936 0.0104052 
0.00916965 0.0103647 0.0376158 0.0123009 0.0208886 0.0111107 0.00894797 0.00941381 0.0361691 0.034723 0.856093 0.0161671 0.0285142 0.00900116 0.00974492 0.0107076 0.00412073 0.00422688 0.0037698 0.00375439 0.00373893 0.003752 0 0.00371547 0.00375517 0.00373697 0.0052364 0.00768809 0.0555174 0.00811426 0.0262466 0.00858886 0.0191144 0.00882288 0.0113945 0.0127338 0.00902091 0.0183943 0.00979485 0.00913485 0.0105969 0.0374936 0.0354773 0.0586767 0.0742344 0.0805049 0.0216841 0.0136895 0.00938776 0.0235837 0.0108999 0.0871355 0.0117256 0.0833068 0.0162214 0.0237176 0.00926477 0.0082338 0.00991572 0.00934174 0.0211532 0.0104705 0.0154442 0.0102467 0.0132456 0.0086376 
0.00879606 0.0148798 0.0122941 0.0370471 0.0129949 0.00974738 0.00870576 0.0111753 0.0233948 0.797757 0.0194128 0.0441162 0.0152865 0.0141334 0.0101387 0.00967295 0.00423107 0.00427996 0.0040896 0.00379497 0.00376541 0.00378377 0.00371547 0 0.00371038 0.00371704 0.00520535 0.0367257 0.00826467 0.0170896 0.00668725 0.0120088 0.00805216 0.00947244 0.00992508 0.0086443 0.0135291 0.00943996 0.0102434 0.00923588 0.0137496 0.0165083 0.0428014 0.0470031 0.052034 0.0510775 0.025708 0.0115438 0.0137262 0.00950627 0.0366024 0.0116038 0.0445892 0.0135924 0.0390146 0.0112508 0.00968787 0.00837613 0.0085346 0.0147773 0.0093705 0.0151535 0.00970168 0.01345 0.00986744 0.00945149 
0.00909862 0.0115175 0.0217168 0.0119603 0.0107435 0.0110226 0.00873215 0.0151336 0.728966 0.0139497 0.0413361 0.0155833 0.0148723 0.0100934 0.0159656 0.00977653 0.00606897 0.00603962 0.00394423 0.00379785 0.00376192 0.00375536 0.00375517 0.00371038 0 0.00372633 0.0297098 0.0131836 0.00760944 0.00671732 0.00732547 0.00832756 0.00740415 0.00838616 0.00875912 0.0100848 0.00993549 0.0113077 0.0105061 0.0104621 0.0109181 0.017229 0.0166803 0.0200455 0.0182077 0.0201706 0.0438146 0.0135032 0.00960685 0.0150002 0.0100334 0.0125282 0.0123869 0.0129836 0.0130986 0.0171893 0.00966124 0.00844707 0.00962282 0.00857671 0.00962847 0.00948095 0.00917422 0.00894619 0.0103066 0.00890667 
0.0112838 0.0241305 0.0104101 0.0105968 0.00939673 0.00982432 0.00862087 0.659122 0.014071 0.0109376 0.0112888 0.0162808 0.0114604 0.0100151 0.00969264 0.0130436 0.0094158 0.00575526 0.00449795 0.00395735 0.00384105 0.003757 0.00373697 0.00371704 0.00372633 0 0.0185516 0.0149288 0.00414905 0.00469331 0.00536938 0.00656356 0.0100073 0.00703956 0.0106829 0.0142983 0.00830046 0.00861983 0.0171175 0.0117564 0.0193753 0.0102973 0.0131051 0.0110527 0.0116408 0.0121431 0.0155293 0.0233342 0.0233947 0.0090697 0.00981083 0.00909754 0.00989136 0.00981545 0.00994685 0.0104962 0.0102959 0.0099865 0.00832319 0.00869591 0.00861338 0.00863529 0.00842124 0.00878574 0.00863533 0.00899569 
0.014329 0.0227075 0.0091178 0.0107432 0.00919493 0.00883387 0.0258302 0.011586 0.00965518 0.0128545 0.00897328 0.0101045 0.00877766 0.00940662 0.0126596 0.0145001 0.0095369 0.00874747 0.00766199 0.00774416 0.00732604 0.00688129 0.0052364 0.00520535 0.0297098 0.0185516 0 0.00376633 0.00374333 0.00386161 0.00375128 0.00421759 0.00386082 0.0046612 0.0065186 0.00646788 0.00861945 0.00710574 0.0196546 0.0253063 0.0140791 0.00974534 0.00994188 0.0108529 0.0103375 0.011254 0.0149344 0.0226022 0.0204164 0.00852541 0.0145841 0.00861797 0.0116521 0.00870884 0.00964549 0.00906666 0.0205942 0.00849065 0.00819898 0.00864816 0.00811128 0.00836242 0.00814638 0.00879417 0.00827951 0.0158296 
0.00873587 0.00954491 0.0162604 0.00952125 0.00911699 0.011203 0.00824506 0.00900229 0.0126555 0.0118139 0.0124785 0.0113681 0.0102975 0.011457 0.00975184 0.00973124 0.00831515 0.0101619 0.0101566 0.00885702 0.00994114 0.00684433 0.00768809 0.0367257 0.0131836 0.0149288 0.00376633 0 0.00372366 0.00373434 0.00371787 0.00369759 0.00377304 0.00418653 0.00429417 0.00667927 0.00661836 0.00926969 0.00800708 0.0086358 0.0093507 0.0125007 0.0116411 0.0109053 0.0135848 0.0143806 0.0133369 0.00960744 0.00912113 0.0104501 0.00914826 0.00987803 0.0110673 0.0104968 0.0102242 0.0101978 0.00946777 0.00814313 0.00851693 0.00832212 0.00858065 0.00846418 0.00865614 0.00856019 0.00887217 0.00837768 
0.00891604 0.00952247 0.0168831 0.0106633 0.0129502 0.00912392 0.00825385 0.0089403 0.0140121 0.0103509 0.0257209 0.0104194 0.0249091 0.00960318 0.0100226 0.00917053 0.00822544 0.0107909 0.0122791 0.0109998 0.0179602 0.00811329 0.0555174 0.00826467 0.00760944 0.00414905 0.00374333 0.00372366 0 0.00379842 0.00372104 0.00372184 0.00682238 0.0037474 0.00382161 0.00703159 0.00657972 0.00828325 0.00697353 0.00791293 0.00948336 0.0127066 0.0138529 0.0177392 0.0175833 0.0265204 0.0100717 0.00978018 0.00912088 0.0124072 0.00895969 0.0300269 0.009326 0.0275206 0.0106635 0.0182934 0.00845115 0.00829774 0.00866543 0.00853646 0.0109023 0.00857296 0.0107076 0.00861577 0.0107735 0.00818052 
0.00875567 0.019363 0.00896501 0.0447209 0.0100284 0.00898471 0.00863879 0.0128596 0.00905998 0.061744 0.0101266 0.0538571 0.00983947 0.0278961 0.00975277 0.00883222 0.0101363 0.0108954 0.0126234 0.018887 0.0105715 0.0495385 0.00811426 0.0170896 0.00671732 0.00469331 0.00386161 0.00373434 0.00379842 0 0.00370623 0.00384704 0.00370349 0.00408658 0.00375349 0.00701592 0.0152649 0.00620129 0.0088743 0.00983712 0.0119848 0.0107305 0.0213939 0.0193438 0.0280349 0.0175675 0.0177099 0.00963748 0.0199428 0.00854758 0.055817 0.00865467 0.0922095 0.00921603 0.0792521 0.00889378 0.0102051 0.00843585 0.00850184 0.0135051 0.0084774 0.0165642 0.00857751 0.0221936 0.00847657 0.00985606 
0.00888293 0.00874973 0.0572754 0.00954262 0.0140924 0.00983181 0.00833948 0.00872795 0.0216001 0.00968257 0.078027 0.0104304 0.0493612 0.00939326 0.0100162 0.00998658 0.00975189 0.0106374 0.0166657 0.0111622 0.0565685 0.00878287 0.0262466 0.00668725 0.00732547 0.00536938 0.00375128 0.00371787 0.00372104 0.00370623 0 0.003717 0.00376893 0.00376187 0.00390223 0.00892241 0.00551236 0.00976441 0.0215139 0.00796609 0.0091611 0.0165572 0.0141519 0.0258749 0.0208597 0.0515068 0.0111259 0.0104635 0.00847508 0.030569 0.00854533 0.117008 0.00895947 0.16672 0.00938419 0.0198025 0.00840114 0.00841963 0.0100368 0.0084328 0.0262822 0.00870305 0.0195538 0.00847341 0.0172195 0.00820129 
0.00838877 0.0205047 0.0090753 0.0381465 0.0103045 0.00911419 0.00870612 0.0114536 0.00919279 0.0602981 0.0121467 0.0535767 0.0106932 0.0187676 0.0110607 0.00888091 0.00992303 0.0135298 0.0164739 0.0568071 0.0135171 0.031571 0.00858886 0.0120088 0.00832756 0.00656356 0.00421759 0.00369759 0.00372184 0.00384704 0.003717 0 0.00371743 0.00373672 0.00372176 0.00504885 0.0171956 0.0116721 0.0514362 0.00899738 0.0117589 0.00979216 0.0248308 0.0197631 0.0327322 0.0189605 0.0170095 0.00971596 0.020362 0.00864951 0.0652782 0.00889777 0.182311 0.00913617 0.0454491 0.00910896 0.0116178 0.00855239 0.00842239 0.0178479 0.00862367 0.0209985 0.00858203 0.0219632 0.00859268 0.0105316 
0.00865511 0.00901044 0.0303884 0.0095755 0.0120458 0.00906734 0.00831301 0.00874828 0.0179477 0.0117809 0.0484868 0.0106834 0.025375 0.0103087 0.010348 0.0108109 0.0115332 0.0140167 0.0559601 0.0142307 0.0252179 0.00975735 0.0191144 0.00805216 0.00740415 0.0100073 0.00386082 0.00377304 0.00682238 0.00370349 0.00376893 0.00371743 0 0.00369278 0.00375119 0.0103013 0.00535357 0.0607402 0.0185704 0.00701384 0.00953706 0.0160698 0.0147862 0.0200258 0.0150827 0.0213543 0.0111577 0.0114851 0.00851928 0.0245275 0.00871547 0.131435 0.00887572 0.0609722 0.00945764 0.0185711 0.00846775 0.00824855 0.0107573 0.00845818 0.0167488 0.00847411 0.0122776 0.00860278 0.0116783 0.00814685 
0.00834297 0.0208687 0.00916673 0.0155164 0.00919403 0.00934023 0.00840175 0.0152639 0.010631 0.0256124 0.00996662 0.0219612 0.00969406 0.0131167 0.0131287 0.00884309 0.0120105 0.0419414 0.0172206 0.0241612 0.0120846 0.0146471 0.00882288 0.00947244 0.00838616 0.00703956 0.0046612 0.00418653 0.0037474 0.00408658 0.00376187 0.00373672 0.00369278 0 0.00371508 0.0165399 0.0536181 0.0252382 0.00565628 0.00876582 0.013165 0.0132354 0.0144921 0.0127266 0.0134699 0.0140595 0.0205963 0.00992553 0.0289125 0.00877374 0.0535218 0.00871933 0.0277304 0.00892786 0.0191326 0.00928439 0.00985031 0.00894139 0.00841596 0.0117472 0.0083665 0.0105112 0.00855278 0.0111841 0.00848862 0.00953807 
0.0106976 0.017963 0.0130661 0.0098539 0.00944749 0.00892894 0.00865755 0.019471 0.0164825 0.00992518 0.0121104 0.0104508 0.0160581 0.0113275 0.0101175 0.0119169 0.0613703 0.0155296 0.0185699 0.0143981 0.0185251 0.0101671 0.0113945 0.00992508 0.00875912 0.0106829 0.0065186 0.00429417 0.00382161 0.00375349 0.00390223 0.00372176 0.00375119 0.00371508 0 0.0676818 0.00475221 0.00471424 0.00855617 0.00863788 0.0223906 0.0139287 0.0107497 0.0111238 0.0111405 0.0137713 0.0114164 0.0172778 0.0144186 0.0297211 0.00868013 0.0137814 0.00879006 0.0156295 0.00911815 0.0113294 0.00921824 0.0116817 0.0105077 0.00833325 0.00935915 0.00836235 0.00889091 0.00848601 0.0094347 0.00850327 
0.0121655 0.00956261 0.012214 0.00880677 0.0100115 0.00886729 0.0106508 0.0100246 0.0133843 0.00944602 0.0146322 0.00925001 0.0114967 0.00895883 0.00912265 0.0317789 0.0134636 0.0124898 0.0124077 0.0120658 0.0134861 0.00919474 0.0127338 0.0086443 0.0100848 0.0142983 0.00646788 0.00667927 0.00703159 0.00701592 0.00892241 0.00504885 0.0103013 0.0165399 0.0676818 0 0.00380426 0.00401506 0.00469187 0.00999571 0.0160965 0.0134771 0.010464 0.0201928 0.0107639 0.0126035 0.0111619 0.0357044 0.0102811 0.0135324 0.00894685 0.0190097 0.0087009 0.0144276 0.00877983 0.0123332 0.0114595 0.00895096 0.00915833 0.00854051 0.00909023 0.00845593 0.00873766 0.00849904 0.0101819 0.00978465 
0.00877354 0.0167452 0.0089378 0.0213041 0.00951786 0.00900831 0.00853667 0.0130467 0.00928659 0.0419424 0.00936218 0.0298734 0.00900945 0.0126072 0.0123646 0.00877034 0.0130834 0.0183284 0.0146201 0.021292 0.00998712 0.0213652 0.00902091 0.0135291 0.00993549 0.00830046 0.00861945 0.00661836 0.00657972 0.0152649 0.00551236 0.0171956 0.00535357 0.0536181 0.00475221 0.00380426 0 0.00414701 0.00837346 0.00793342 0.0152311 0.0137183 0.0159859 0.0144101 0.0128461 0.0107431 0.0176755 0.00983089 0.0209197 0.00854772 0.0389188 0.00860383 0.0268359 0.00864637 0.0208085 0.00903227 0.00989756 0.00878378 0.00860005 0.0110313 0.00845979 0.00963197 0.00844785 0.0114769 0.00850513 0.0100109 
0.00833516 0.0089964 0.0235681 0.00908547 0.0091997 0.00918298 0.00819782 0.0088257 0.0226859 0.00897239 0.0223408 0.00922674 0.0164327 0.00948439 0.00972515 0.00896919 0.0109437 0.0145607 0.0135459 0.0109511 0.0201697 0.0091205 0.0183943 0.00943996 0.0113077 0.00861983 0.00710574 0.00926969 0.00828325 0.00620129 0.00976441 0.0116721 0.0607402 0.0252382 0.00471424 0.00401506 0.00414701 0 0.00375813 0.00633052 0.0108187 0.022809 0.0137905 0.0116447 0.0115625 0.0147125 0.0124498 0.00975983 0.0088311 0.0265385 0.00855102 0.0170801 0.00870709 0.020611 0.00897042 0.0131424 0.00844233 0.008591 0.00990128 0.00850983 0.00998908 0.00840845 0.00942302 0.00855112 0.0115081 0.00824592 
0.00932574 0.0288293 0.00889039 0.00979872 0.00885916 0.00857622 0.00864293 0.0244989 0.00966009 0.0108861 0.00932101 0.0106207 0.00936249 0.00958333 0.00906766 0.0108546 0.0234001 0.0120511 0.0121078 0.0119078 0.0112559 0.0115361 0.00979485 0.0102434 0.0105061 0.0171175 0.0196546 0.00800708 0.00697353 0.0088743 0.0215139 0.0514362 0.0185704 0.00565628 0.00855617 0.00469187 0.00837346 0.00375813 0 0.0241639 0.0242547 0.013318 0.0121586 0.0121977 0.0115936 0.0130175 0.0141484 0.0158434 0.0364301 0.00907586 0.0136709 0.00877213 0.0110918 0.00922265 0.00989001 0.0093888 0.0109473 0.0122022 0.0086947 0.00897891 0.00875373 0.00863824 0.00846878 0.00904846 0.00862506 0.0103681 
0.0168507 0.0205549 0.00835745 0.00918111 0.00848536 0.0082407 0.00895742 0.0178685 0.00884254 0.00988294 0.00851888 0.00888096 0.00854374 0.00867465 0.00883141 0.0113972 0.0193097 0.0110204 0.0106714 0.0103659 0.0101342 0.00975669 0.00913485 0.00923588 0.0104621 0.0117564 0.0253063 0.0086358 0.00791293 0.00983712 0.00796609 0.00899738 0.00701384 0.00876582 0.00863788 0.00999571 0.00793342 0.00633052 0.0241639 0 0.0496445 0.00806054 0.00708468 0.00752439 0.0079588 0.00771357 0.00986606 0.0154833 0.0314283 0.00886379 0.013434 0.00863042 0.0119333 0.00885447 0.00996981 0.0092127 0.0147693 0.0110101 0.00857103 0.00926554 0.00826415 0.00851374 0.00817153 0.00930103 0.00819583 0.0211809 
0.010279 0.0123682 0.00909772 0.00965906 0.00881904 0.00854287 0.0115528 0.0108327 0.00942461 0.0127016 0.00974767 0.0109476 0.00944185 0.00992515 0.00976437 0.0165083 0.0189566 0.0140792 0.0146522 0.0150091 0.012478 0.0119944 0.0105969 0.0137496 0.0109181 0.0193753 0.0140791 0.0093507 0.00948336 0.0119848 0.0091611 0.0117589 0.00953706 0.013165 0.0223906 0.0160965 0.0152311 0.0108187 0.0242547 0.0496445 0 0.00381255 0.00378317 0.00375463 0.00383714 0.00420641 0.00421737 0.00902942 0.0166842 0.00815531 0.0113491 0.00884777 0.0116127 0.00949292 0.0147107 0.0300516 0.0379298 0.00988931 0.0088029 0.00977435 0.00866539 0.00919605 0.00880653 0.00977106 0.00930461 0.0231069 
0.00835079 0.00967924 0.015115 0.00986834 0.00964593 0.00945004 0.00854502 0.00932499 0.0178785 0.0163159 0.0271298 0.0153283 0.0183505 0.0118267 0.012253 0.0115009 0.0147575 0.0309034 0.0296439 0.0348055 0.0321204 0.0176488 0.0374936 0.0165083 0.017229 0.0102973 0.00974534 0.0125007 0.0127066 0.0107305 0.0165572 0.00979216 0.0160698 0.0132354 0.0139287 0.0134771 0.0137183 0.022809 0.013318 0.00806054 0.00381255 0 0.00374117 0.00376559 0.00381921 0.00382009 0.00431763 0.00395999 0.00819418 0.0133616 0.00888758 0.01271 0.0107806 0.0187844 0.034924 0.0325684 0.0102569 0.00880754 0.0119933 0.00905532 0.0105167 0.00936141 0.0105099 0.00935219 0.0159024 0.00936124 
0.00815085 0.0102263 0.0133946 0.0180964 0.0127362 0.0105529 0.00838551 0.00962782 0.0129333 0.0431602 0.0392264 0.0420507 0.0260783 0.0229072 0.0118341 0.00968744 0.0132975 0.0310272 0.0599268 0.0701104 0.0707488 0.0839139 0.0354773 0.0428014 0.0166803 0.0131051 0.00994188 0.0116411 0.0138529 0.0213939 0.0141519 0.0248308 0.0147862 0.0144921 0.0107497 0.010464 0.0159859 0.0137905 0.0121586 0.00708468 0.00378317 0.00374117 0 0.00372617 0.00374443 0.00377119 0.00377172 0.00398357 0.00966879 0.00945059 0.0113646 0.0123635 0.027991 0.0426146 0.0419199 0.0157994 0.010355 0.00858458 0.00898027 0.0127182 0.0107524 0.0137384 0.01076 0.0156136 0.0120364 0.009299 
0.00818922 0.0107207 0.0171685 0.0214423 0.0171278 0.00985241 0.00847737 0.00953792 0.0148405 0.0580188 0.0548739 0.0655028 0.046599 0.0253624 0.0127734 0.0100118 0.014765 0.0374436 0.0959449 0.105679 0.127116 0.0817726 0.0586767 0.0470031 0.0200455 0.0110527 0.0108529 0.0109053 0.0177392 0.0193438 0.0258749 0.0197631 0.0200258 0.0127266 0.0111238 0.0201928 0.0144101 0.0116447 0.0121977 0.00752439 0.00375463 0.00376559 0.00372617 0 0.00371888 0.0037528 0.00376636 0.00386934 0.00979913 0.00826216 0.0165994 0.0174237 0.048706 0.0374826 0.0220785 0.0164403 0.0095137 0.00842416 0.00959004 0.0108238 0.0123231 0.0128084 0.0134814 0.0142346 0.011026 0.00925181 
0.00820096 0.0114995 0.0206971 0.023893 0.0147438 0.00938116 0.0085083 0.0101135 0.0181829 0.0497531 0.0705022 0.0791017 0.0471053 0.0274319 0.0122585 0.00959141 0.0153947 0.0564678 0.100095 0.186611 0.104347 0.0910544 0.0742344 0.052034 0.0182077 0.0116408 0.0103375 0.0135848 0.0175833 0.0280349 0.0208597 0.0327322 0.0150827 0.0134699 0.0111405 0.0107639 0.0128461 0.0115625 0.0115936 0.0079588 0.00383714 0.00381921 0.00374443 0.00371888 0 0.0037292 0.00375856 0.00380238 0.00959526 0.0109485 0.0173143 0.0212532 0.0494382 0.0186276 0.0234474 0.0104741 0.00919989 0.00870959 0.00892393 0.0124961 0.010285 0.0193672 0.0131543 0.0137374 0.0109501 0.00934908 
0.00822413 0.0112476 0.0247267 0.0209197 0.0182117 0.00995829 0.00848647 0.00968424 0.0192051 0.0488843 0.10396 0.0747345 0.0592978 0.0267867 0.0132312 0.0103525 0.0167913 0.0429893 0.189197 0.114127 0.129714 0.0821311 0.0805049 0.0510775 0.0201706 0.0121431 0.011254 0.0143806 0.0265204 0.0175675 0.0515068 0.0189605 0.0213543 0.0140595 0.0137713 0.0126035 0.0107431 0.0147125 0.0130175 0.00771357 0.00420641 0.00382009 0.00377119 0.0037528 0.0037292 0 0.00372669 0.00372397 0.0136696 0.0137371 0.0169618 0.0479653 0.0152752 0.0230871 0.0174566 0.0147735 0.00942708 0.00839014 0.0105431 0.0103433 0.0150014 0.0124578 0.0140516 0.0120206 0.012943 0.00971572 
0.00826624 0.0119926 0.0116428 0.0123308 0.0102599 0.0101749 0.00838534 0.011129 0.0145272 0.0247546 0.0278116 0.0354517 0.0178544 0.0159002 0.0168717 0.00962307 0.014625 0.058793 0.0330547 0.0398569 0.0419548 0.0389878 0.0216841 0.025708 0.0438146 0.0155293 0.0149344 0.0133369 0.0100717 0.0177099 0.0111259 0.0170095 0.0111577 0.0205963 0.0114164 0.0111619 0.0176755 0.0124498 0.0141484 0.00986606 0.00421737 0.00431763 0.00377172 0.00376636 0.00375856 0.00372669 0 0.00387308 0.0259759 0.0343403 0.0400709 0.0131499 0.0141534 0.00950299 0.0178475 0.0179752 0.00977788 0.00971443 0.00937187 0.0117815 0.0093699 0.0129275 0.00930439 0.0127657 0.0142561 0.0107595 
0.0100335 0.0170451 0.00993742 0.00897263 0.00929066 0.00849609 0.00849176 0.0219416 0.0118037 0.0103411 0.0116665 0.0111922 0.0113217 0.0108026 0.010259 0.0108364 0.0383027 0.0147674 0.0182525 0.0136862 0.0160587 0.0119986 0.0136895 0.0115438 0.0135032 0.0233342 0.0226022 0.00960744 0.00978018 0.00963748 0.0104635 0.00971596 0.0114851 0.00992553 0.0172778 0.0357044 0.00983089 0.00975983 0.0158434 0.0154833 0.00902942 0.00395999 0.00398357 0.00386934 0.00380238 0.00372397 0.00387308 0 0.0888954 0.0269861 0.00842927 0.00860908 0.0074599 0.0121237 0.00892033 0.0174728 0.00973373 0.0122126 0.0111455 0.00874798 0.00942491 0.00837092 0.00926685 0.00921172 0.0160146 0.0128589 
0.0103972 0.0183931 0.0082467 0.011907 0.00853734 0.00842439 0.0103045 0.0144403 0.00839765 0.0176115 0.00869161 0.014158 0.00884213 0.0110145 0.0103447 0.0189815 0.0162295 0.012058 0.0128741 0.0176093 0.0114534 0.0166715 0.00938776 0.0137262 0.00960685 0.0233947 0.0204164 0.00912113 0.00912088 0.0199428 0.00847508 0.020362 0.00851928 0.0289125 0.0144186 0.0102811 0.0209197 0.0088311 0.0364301 0.0314283 0.0166842 0.00819418 0.00966879 0.00979913 0.00959526 0.0136696 0.0259759 0.0888954 0 0.00374435 0.00480372 0.00375503 0.00578663 0.0038033 0.00559253 0.00400402 0.0157621 0.00707122 0.00653878 0.0100854 0.0063964 0.0099027 0.00709982 0.0133699 0.00894734 0.932543 
0.00837563 0.00814152 0.015452 0.0083296 0.00860401 0.00855569 0.00847705 0.00819936 0.0145654 0.00862714 0.0171328 0.00873204 0.0156266 0.00867458 0.0141406 0.0104017 0.00987516 0.0126835 0.0138677 0.0111777 0.0217399 0.00931303 0.0235837 0.00950627 0.0150002 0.0090697 0.00852541 0.0104501 0.0124072 0.00854758 0.030569 0.00864951 0.0245275 0.00877374 0.0297211 0.0135324 0.00854772 0.0265385 0.00907586 0.00886379 0.00815531 0.0133616 0.00945059 0.00826216 0.0109485 0.0137371 0.0343403 0.0269861 0.00374435 0 0.00369645 0.00409977 0.00368187 0.00411731 0.00379614 0.00566986 0.00377087 0.00537428 0.00815616 0.00620168 0.0100483 0.00593704 0.00913156 0.00813854 0.957661 0.00869273 
0.00811769 0.014594 0.00846204 0.0168438 0.0093278 0.0084412 0.00832762 0.0122429 0.00856247 0.0368279 0.0101165 0.0336326 0.0100018 0.0215335 0.0102563 0.00852054 0.0139884 0.0163593 0.0214123 0.0416334 0.0152549 0.056014 0.0108999 0.0366024 0.0100334 0.00981083 0.0145841 0.00914826 0.00895969 0.055817 0.00854533 0.0652782 0.00871547 0.0535218 0.00868013 0.00894685 0.0389188 0.00855102 0.0136709 0.013434 0.0113491 0.00888758 0.0113646 0.0165994 0.0173143 0.0169618 0.0400709 0.00842927 0.00480372 0.00369645 0 0.00369039 0.00422909 0.00373122 0.00498763 0.00376385 0.00441528 0.00595087 0.0056461 0.0123832 0.0056778 0.0167465 0.00826031 0.962611 0.00815934 0.0145282 
0.00815669 0.0083581 0.0198905 0.00889076 0.0105377 0.00871246 0.00808072 0.00828044 0.0173985 0.0097703 0.0544393 0.0103386 0.0478515 0.0103018 0.00982057 0.0094761 0.0104329 0.0169943 0.0332339 0.0196336 0.0760457 0.0114014 0.0871355 0.0116038 0.0125282 0.00909754 0.00861797 0.00987803 0.0300269 0.00865467 0.117008 0.00889777 0.131435 0.00871933 0.0137814 0.0190097 0.00860383 0.0170801 0.00877213 0.00863042 0.00884777 0.01271 0.0123635 0.0174237 0.0212532 0.0479653 0.0131499 0.00860908 0.00375503 0.00409977 0.00369039 0 0.00369479 0.00397304 0.00378837 0.00385383 0.00374195 0.00484454 0.0134896 0.00521159 0.0129077 0.00692616 0.968248 0.00792006 0.0130934 0.00692183 
0.00795897 0.0127785 0.00853037 0.0227225 0.0108957 0.00854992 0.00823782 0.010748 0.00895993 0.0772613 0.0138686 0.119347 0.0129877 0.0224605 0.0110109 0.00860073 0.0126035 0.0215359 0.0355217 0.0868579 0.0307837 0.176323 0.0117256 0.0445892 0.0123869 0.00989136 0.0116521 0.0110673 0.009326 0.0922095 0.00895947 0.182311 0.00887572 0.0277304 0.00879006 0.0087009 0.0268359 0.00870709 0.0110918 0.0119333 0.0116127 0.0107806 0.027991 0.048706 0.0494382 0.0152752 0.0141534 0.0074599 0.00578663 0.00368187 0.00422909 0.00369479 0 0.00370762 0.0037376 0.00373669 0.00385238 0.00450443 0.00453048 0.0126965 0.00592908 0.985142 0.00754298 0.0129374 0.00634362 0.0125722 
0.00833625 0.0083777 0.0214869 0.00972438 0.0112963 0.00881748 0.00815643 0.00824151 0.0229291 0.0113253 0.127169 0.013194 0.0440375 0.0110552 0.00998051 0.00970714 0.0107495 0.0205925 0.0506739 0.0323859 0.131783 0.0126528 0.0833068 0.0135924 0.0129836 0.00981545 0.00870884 0.0104968 0.0275206 0.00921603 0.16672 0.00913617 0.0609722 0.00892786 0.0156295 0.0144276 0.00864637 0.020611 0.00922265 0.00885447 0.00949292 0.0187844 0.0426146 0.0374826 0.0186276 0.0230871 0.00950299 0.0121237 0.0038033 0.00411731 0.00373122 0.00397304 0.00370762 0 0.00370198 0.00376888 0.00373019 0.00399709 0.00549027 0.00534077 0.989681 0.00695394 0.0103837 0.00619263 0.0145456 0.00660846 
0.00796472 0.0105045 0.00884553 0.0169486 0.00995845 0.00859098 0.00819924 0.0104246 0.00924745 0.078203 0.0170576 0.0552323 0.0149223 0.0211137 0.0108275 0.00884799 0.0118107 0.0201921 0.0488356 0.0934665 0.0264764 0.0834394 0.0162214 0.0390146 0.0130986 0.00994685 0.00964549 0.0102242 0.0106635 0.0792521 0.00938419 0.0454491 0.00945764 0.0191326 0.00911815 0.00877983 0.0208085 0.00897042 0.00989001 0.00996981 0.0147107 0.034924 0.0419199 0.0220785 0.0234474 0.0174566 0.0178475 0.00892033 0.00559253 0.00379614 0.00498763 0.00378837 0.0037376 0.00370198 0 0.00373079 0.00373278 0.004741 0.00519094 0.990437 0.00830185 0.00874519 0.00541265 0.0140703 0.00638957 0.0108393 
0.00808935 0.00863996 0.0127679 0.00871434 0.00865821 0.0085556 0.00802146 0.0085558 0.0210134 0.00963658 0.0208966 0.010307 0.0155495 0.00946193 0.0109578 0.00877135 0.010305 0.0159649 0.0263824 0.0137806 0.0300253 0.0109202 0.0237176 0.0112508 0.0171893 0.0104962 0.00906666 0.0101978 0.0182934 0.00889378 0.0198025 0.00910896 0.0185711 0.00928439 0.0113294 0.0123332 0.00903227 0.0131424 0.0093888 0.0092127 0.0300516 0.0325684 0.0157994 0.0164403 0.0104741 0.0147735 0.0179752 0.0174728 0.00400402 0.00566986 0.00376385 0.00385383 0.00373669 0.00376888 0.00373079 0 0.00371626 0.00535834 0.998381 0.00496861 0.00770878 0.00452817 0.00782455 0.00556494 0.0105259 0.00605793 
0.00835477 0.013019 0.00833947 0.00855536 0.00842742 0.00821424 0.00801548 0.0147468 0.00883521 0.0105494 0.00887217 0.0101088 0.00894988 0.00929085 0.00877061 0.00849915 0.0165021 0.0123315 0.00978561 0.0107837 0.00946024 0.0128222 0.00926477 0.00968787 0.00966124 0.0102959 0.0205942 0.00946777 0.00845115 0.0102051 0.00840114 0.0116178 0.00846775 0.00985031 0.00921824 0.0114595 0.00989756 0.00844233 0.0109473 0.0147693 0.0379298 0.0102569 0.010355 0.0095137 0.00919989 0.00942708 0.00977788 0.00973373 0.0157621 0.00377087 0.00441528 0.00374195 0.00385238 0.00373019 0.00373278 0.00371626 0 0.995139 0.00379338 0.00421788 0.0038 0.00396659 0.00388792 0.00540158 0.00507829 0.00905239 
