1NBFB
KKHTGYVGLKNQGATCYMNSLLQTLFFTNQLRKAVYMMPTEGDDSSKSVPLALQRVFYELQHSDKPVGTKKLTKSFGWETLDSFMQHDVQELCRVLLDNVENKMKGTCVEGTIPKLFRGKMVSYIQCKEVDYRSDRREDYYDIQLSIKGKKNIFESFVDYVAVEQLDGDNKYDAGEHGLQEAEKGVKFLTLPPVLHLQLMRFMYDPQTDQNIKINDRFEFPEQLPLDEFLQKTDPKDPANYILHAVLVHSGDNHGGHYVVYLNPKGDGKWCKFDDDVVSRCTKEEAIEHNYGGHDDDLSVRHCTNAYMLVYIRESKLSEVLQAVTDHDIPQQLVERLQEEKRIEAQK
CCCCCCCCECCCCCCHHHHHHHHHHHCCHHHHHHHHCCCCCCCCHHHCHHHHHHHHHHHHHHCCCCECCHHHHHHCCCCCCHHHCCECHHHHHHHHHHHHHHHHCCCCCCCHHHHHHCEEEEEEEEECCCCCEEEEEEEECCEEEECCCCCEHHHHHHHHHCCEEECHHHCEECCCCCEECEEEEEEECCCCCEEEEEEECEEEECCCCEEEECCCCCECCCEEECHHHECCCECCECCEEEEEEEEEEEEECCEEEEEEEECCCCCCCCEEEECCEEEECCHHHHCHHHCCCCCCCCCHHHHEEEEEEEEEEHHHHHHHCCCCCHHHCCHHHHHHHHHHHHHCCCC
0 0 0 0 0 0 0 0 0 0 0 0 0 0 0 0 0 0 0 0 0 0 0 0 0 0 0 0 0 0 0 0 0 0 0 0 0 0 0 0 0 0 0 0 0 0 0 0 0 0 0 0 0 0 0 0 0 0 0 0 0 0 0 0 0 0 0 0 0 0 0 0 0 0 0 0 0 0 0 0 0 0 0 0 0 0 0 0 0 0 0 0 0 0 0 0 0 0 0 0 0 0 0 0 0 0 0 0 0 0 0 0 0 0 0 0 0 0 0 0 0 0 0 0 0 0 0 0 0 0 0 0 0 0 0 0 0 0 0 0 0 0 0 0 0 0 0 0 0 0 0 0 0 0 0 0 0 0 0 0 0 0 0 0 0 0 0 0 0 0 0 0 0 0 0 0 0 0 0 0 0 0 0 0 0 0 0 0 0 0 0 0 0 0 0 0 0 0 0 0 0 0 0 0 0 0 0 0 0 0 0 0 0 0 0 0 0 0 0 0 0 0 0 0 0 0 0 0 0 0 0 0 0 0 0 0 0 0 0 0 0 0 0 0 0 0 0 0 0 0 0 0 0 0 0 0 0 0 0 0 0 0 0 0 0 0 0 0 0 0 0 0 0 0 0 0 0 0 0 0 0 0 0 0 0 0 0 0 0 0 0 0 0 0 0 0 0 0 0 0 0 0 0 0 0 0 0 0 0 0 0 0 0 0 0 0 0 0 0 0 0 0 0 0 0 0 0 0 0 0 0 0 0 0 0 0 0 0 0 0 0 0 0 0 0 0 0 
0 0 0 0 0 0 0 0 0 0 0 0 0 0 0 0 0 0 0 0 0 0 0 0 0 0 0 0 0 0 0 0 0 0 0 0 0 0 0 0 0 0 0 0 0 0 0 0 0 0 0 0 0 0 0 0 0 0 0 0 0 0 0 0 0 0 0 0 0 0 0 0 0 0 0 0 0 0 0 0 0 0 0 0 0 0 0 0 0 0 0 0 0 0 0 0 0 0 0 0 0 0 0 0 0 0 0 0 0 0 0 0 0 0 0 0 0 0 0 0 0 0 0 0 0 0 0 0 0 0 0 0 0 0 0 0 0 0 0 0 0 0 0 0 0 0 0 0 0 0 0 0 0 0 0 0 0 0 0 0 0 0 0 0 0 0 0 0 0 0 0 0 0 0 0 0 0 0 0 0 0 0 0 0 0 0 0 0 0 0 0 0 0 0 0 0 0 0 0 0 0 0 0 0 0 0 0 0 0 0 0 0 0 0 0 0 0 0 0 0 0 0 0 0 0 0 0 0 0 0 0 0 0 0 0 0 0 0 0 0 0 0 0 0 0 0 0 0 0 0 0 0 0 0 0 0 0 0 0 0 0 0 0 0 0 0 0 0 0 0 0 0 0 0 0 0 0 0 0 0 0 0 0 0 0 0 0 0 0 0 0 0 0 0 0 0 0 0 0 0 0 0 0 0 0 0 0 0 0 0 0 0 0 0 0 0 0 0 0 0 0 0 0 0 0 0 0 0 0 0 0 0 0 0 0 0 0 0 0 0 0 0 0 0 0 0 0 
0 0.174807 0.0177992 0.0115147 0.00824842 0.00814678 0.0081004 0.00816027 0.00812122 0.00829754 0.0081312 0.010819 0.00888873 0.00811956 0.00793463 0.00805584 0.00793093 0.00794033 0.00800855 0.00870366 0.00936597 0.00803419 0.00828484 0.00895928 0.0120208 0.00882401 0.00801292 0.0099953 0.00920541 0.00820142 0.00831694 0.0088591 0.00899342 0.00801675 0.00797351 0.00797088 0.00820422 0.00798363 0.00930843 0.00884791 0.00809498 0.00803576 0.00813054 0.00803285 0.00811321 0.00835479 0.00851434 0.00799085 0.00820214 0.00823172 0.00850563 0.00832161 0.00796693 0.00833293 0.0106503 0.00826072 0.00840032 0.00856445 0.0102357 0.0100982 0.010709 0.00854803 0.00831943 0.00821797 0.0082408 0.00823992 0.00829322 0.00831569 0.00827331 0.00826014 0.00820181 0.00815817 0.0082183 0.00854309 0.00869783 0.00809558 0.00815025 0.00831402 0.00829718 0.00831603 0.00834011 0.00940967 0.009002 0.00822908 0.00872129 0.00871133 0.00908626 0.0090033 0.00826698 0.00879788 0.00887428 0.00837085 0.00845116 0.00846234 0.00853326 0.00847379 0.00853724 0.008515 0.00866785 0.00974682 
0.174807 0 0.252274 0.0128198 0.00932769 0.00871403 0.009049 0.00895933 0.00903218 0.00937572 0.00862999 0.0190539 0.00919915 0.00902264 0.00822168 0.0083524 0.00812455 0.00826026 0.00830536 0.0106944 0.0118287 0.00857689 0.00940616 0.0113455 0.0201603 0.00931442 0.00794199 0.0113594 0.0109707 0.00855258 0.00871795 0.0088601 0.0100578 0.00800146 0.00793694 0.00794079 0.00841341 0.00797744 0.0110542 0.00897822 0.00826354 0.00799584 0.00830096 0.00791861 0.00807768 0.00834736 0.00901312 0.00790561 0.00811679 0.00816176 0.00841063 0.00801058 0.00793166 0.00838082 0.0105579 0.00813169 0.00836973 0.00844066 0.0103849 0.00898698 0.00996222 0.00869995 0.00824355 0.00799077 0.00798881 0.0080248 0.00804594 0.00804461 0.00798911 0.00802617 0.00791681 0.00792227 0.00790039 0.00818287 0.0083156 0.00790151 0.00785623 0.00791397 0.00798077 0.00801052 0.0079761 0.00889911 0.00822846 0.0079251 0.00828948 0.00821453 0.00841387 0.00841357 0.00789828 0.00836113 0.0081898 0.00799053 0.00810057 0.00815054 0.00816 0.00823242 0.00822822 0.00819316 0.00822536 0.00869437 
0.0177992 0.252274 0 0.0256609 0.00938015 0.00997056 0.00934149 0.00938195 0.00931735 0.00847865 0.0103539 0.0131255 0.0143526 0.00860354 0.00879236 0.00825577 0.00835091 0.00849464 0.00860447 0.0113527 0.0121504 0.0092255 0.0086474 0.0118755 0.0395559 0.00913717 0.00878048 0.00916768 0.00984823 0.0086717 0.00954355 0.00824549 0.00867859 0.00810753 0.00792175 0.00800157 0.00791269 0.00829926 0.00945213 0.010439 0.00804639 0.00808571 0.00795201 0.00798025 0.0079837 0.00826936 0.00832736 0.0080426 0.00791435 0.00811661 0.00901672 0.00789581 0.00793632 0.00834779 0.014397 0.00919495 0.00795624 0.00913665 0.00961431 0.00922684 0.00926414 0.00898639 0.00799603 0.00811945 0.00796359 0.00798505 0.0080211 0.00800134 0.00796973 0.00795214 0.00792555 0.00796633 0.00790106 0.00825565 0.00830195 0.00790508 0.00791851 0.00793378 0.0079943 0.00796397 0.00801744 0.0084788 0.00822087 0.00794805 0.00792226 0.0082927 0.00863346 0.00791275 0.00792701 0.0084445 0.00814285 0.00793721 0.00800499 0.00802273 0.0080183 0.00805 0.00803236 0.00803406 0.00815833 0.00840146 
0.0115147 0.0128198 0.0256609 0 0.00385963 0.0037229 0.0037133 0.00374693 0.00376832 0.00407859 0.00384688 0.00906362 0.00620472 0.00682441 0.00682772 0.0082368 0.00734439 0.0130204 0.0110693 0.852101 0.0126115 0.0103238 0.0292018 0.0147065 0.0142956 0.0114969 0.00871335 0.0231587 0.0103818 0.009862 0.00867194 0.0104003 0.00966689 0.00853555 0.0090767 0.00886917 0.0102745 0.00861048 0.0203136 0.0118496 0.0110771 0.00892104 0.0106723 0.0085955 0.0105442 0.0101903 0.00968443 0.00817426 0.00886176 0.00882306 0.00820586 0.00826801 0.00867522 0.00921594 0.00921573 0.00813622 0.00902225 0.00914834 0.00940012 0.00896323 0.0090581 0.00804982 0.00836929 0.00821732 0.00838237 0.00859955 0.00883725 0.00850673 0.00841269 0.00849958 0.0084015 0.00814642 0.00842566 0.00869138 0.00795611 0.00791855 0.00794026 0.00810865 0.00833034 0.00833156 0.00859166 0.00980241 0.00837408 0.00790897 0.0083104 0.00826911 0.008006 0.00806515 0.00801906 0.00824789 0.00806895 0.00800906 0.00810863 0.00817418 0.0081703 0.00818332 0.00838719 0.0081918 0.00828044 0.00863097 
0.00824842 0.00932769 0.00938015 0.00385963 0 0.00373471 0.00374214 0.00373115 0.003736 0.0037532 0.0237787 0.00424755 0.00724886 0.00675002 0.00784685 0.00775768 0.00822949 0.0104214 0.907466 0.0170042 0.0105067 0.0329997 0.0160417 0.0167389 0.00992099 0.0093853 0.0175892 0.00893143 0.00887803 0.00912584 0.00869048 0.00842164 0.00855322 0.0113592 0.00893766 0.0128017 0.00937051 0.0194477 0.00934626 0.0119178 0.014134 0.0178733 0.0111477 0.017171 0.0108246 0.00973277 0.0087404 0.00960556 0.00878927 0.00827804 0.00816336 0.00848755 0.00950621 0.00883616 0.00834409 0.00807697 0.00856865 0.00876045 0.00799268 0.00790404 0.0078705 0.00823836 0.00852001 0.0088873 0.00881723 0.00971428 0.00924093 0.00954266 0.00976346 0.0094312 0.00885537 0.00847671 0.00833027 0.00826556 0.00787386 0.00825618 0.00821429 0.00838532 0.00860986 0.00897609 0.00933953 0.00847939 0.00806183 0.00830976 0.00815582 0.00821938 0.00805881 0.00812982 0.00819287 0.00815536 0.00791878 0.00824098 0.00831285 0.00844951 0.00846474 0.00845953 0.00856865 0.00867317 0.00849333 0.00824816 
0.00814678 0.00871403 0.00997056 0.0037229 0.00373471 0 0.00370605 0.00370162 0.00372046 0.00700364 0.00380479 0.00373207 0.00606533 0.00785655 0.00738919 0.0083722 0.0107419 0.92028 0.0232538 0.0108989 0.0118681 0.0180041 0.025696 0.0107787 0.00906108 0.0213661 0.00910979 0.00949342 0.00891761 0.00886533 0.00849735 0.008582 0.00976952 0.00918793 0.0172246 0.0118661 0.0289455 0.0101561 0.0234694 0.0113496 0.0226173 0.0255902 0.0430979 0.0217855 0.0154319 0.0113389 0.0103595 0.00892489 0.009157 0.00825347 0.00828203 0.00889288 0.00917681 0.00879116 0.00813418 0.00813854 0.00839088 0.00838954 0.00806576 0.00784768 0.0078834 0.00815878 0.0090306 0.00980471 0.0115733 0.0114231 0.0138632 0.0146574 0.0139724 0.012095 0.00994247 0.00940512 0.00890355 0.00818611 0.00798034 0.00825687 0.00833042 0.00911494 0.00960582 0.0112967 0.00982796 0.00869269 0.00821273 0.00835741 0.00839108 0.00808932 0.00806571 0.0084081 0.00837674 0.00811552 0.00807975 0.008307 0.00876404 0.00935115 0.00914219 0.00918242 0.0093485 0.00905521 0.00857115 0.00812051 
0.0081004 0.009049 0.00934149 0.0037133 0.00374214 0.00370605 0 0.00370317 0.00387022 0.00372966 0.00374811 0.00373466 0.0092635 0.00712757 0.00883331 0.0112262 0.922551 0.0210966 0.0093985 0.0115269 0.0125912 0.0161312 0.0208053 0.0115248 0.00870794 0.00955654 0.00932524 0.00961625 0.00886971 0.00916058 0.00855084 0.00876668 0.00905859 0.0110564 0.0129215 0.0214725 0.0174465 0.0353179 0.0102828 0.0120846 0.02185 0.0427872 0.0411798 0.0262675 0.0148241 0.0133118 0.0101829 0.00948339 0.00876917 0.00823184 0.00825989 0.00897221 0.00950694 0.00880372 0.00825089 0.00816206 0.0084123 0.00840786 0.00804135 0.00785005 0.007877 0.00820288 0.00926618 0.0108592 0.0132774 0.0134292 0.0145117 0.0172834 0.0153859 0.0144572 0.0110017 0.00943832 0.00862011 0.00812725 0.00802016 0.00822748 0.00852253 0.00886392 0.0102076 0.0108763 0.00969513 0.00854972 0.00825151 0.00836119 0.00845287 0.00805199 0.00807783 0.00832568 0.00823941 0.00803705 0.00807459 0.00835519 0.00857264 0.00876655 0.00897382 0.00891136 0.00897749 0.00899346 0.00834191 0.00817567 
0.00816027 0.00895933 0.00938195 0.00374693 0.00373115 0.00370162 0.00370317 0 0.00382943 0.00371089 0.00372364 0.00375837 0.00527486 0.00742291 0.0105087 0.931444 0.02545 0.00898862 0.00928975 0.00957013 0.0120332 0.0153333 0.0159601 0.0118449 0.00866434 0.00983383 0.0102007 0.00923508 0.00898239 0.00897845 0.00860063 0.00903731 0.0103473 0.010248 0.02288 0.0173813 0.0542084 0.0122289 0.0113262 0.0135459 0.0266681 0.0598374 0.0339499 0.0305368 0.0172044 0.0141981 0.0105162 0.0097426 0.00888755 0.00843656 0.00831199 0.00901267 0.009224 0.00921785 0.00825679 0.00836118 0.0084099 0.00863189 0.00809089 0.00787398 0.00788678 0.00873889 0.00996086 0.0113324 0.0122242 0.0150217 0.0172076 0.0157483 0.0169709 0.0135023 0.0109765 0.00966262 0.00881285 0.00830339 0.00805978 0.00838446 0.00850933 0.00923261 0.00936444 0.0109098 0.00992342 0.00877446 0.00836151 0.00840767 0.00846765 0.00814306 0.008215 0.00843939 0.00834591 0.00808417 0.00820896 0.00855775 0.0086942 0.0091365 0.009071 0.00946544 0.00934889 0.0091975 0.00850536 0.00816522 
0.00812122 0.00903218 0.00931735 0.00376832 0.003736 0.00372046 0.00387022 0.00382943 0 0.00369885 0.003729 0.00373527 0.00728396 0.00681599 0.952752 0.0107911 0.0098842 0.00855174 0.0109705 0.00933668 0.00980291 0.0175994 0.0109077 0.0178324 0.00898109 0.0103799 0.0104251 0.00886548 0.00900802 0.00909445 0.00875921 0.0087112 0.00905172 0.0159661 0.011468 0.0553115 0.0125328 0.0167898 0.00932046 0.0125581 0.0228585 0.0410915 0.0214623 0.0357425 0.0125841 0.0141027 0.00978511 0.00987494 0.00864333 0.00857592 0.00830564 0.00886559 0.0101044 0.00883339 0.00842496 0.00827806 0.00824492 0.00908168 0.00810809 0.00790326 0.00796285 0.00857646 0.00936886 0.012483 0.011924 0.015251 0.0142943 0.0167657 0.0148898 0.012651 0.0104023 0.00956151 0.00863288 0.00823822 0.00802549 0.00831182 0.00896349 0.00892942 0.00996472 0.0109621 0.010233 0.008556 0.00829043 0.00854903 0.00840472 0.00808549 0.00822217 0.00836907 0.00842976 0.0081324 0.00810781 0.00840066 0.00855518 0.0087717 0.0091729 0.0088672 0.00898157 0.00887284 0.00844793 0.00832191 
0.00829754 0.00937572 0.00847865 0.00407859 0.0037532 0.00700364 0.00372966 0.00371089 0.00369885 0 0.00369659 0.00377402 0.00469574 0.935867 0.00826256 0.0148373 0.00624303 0.0152033 0.00698133 0.00807327 0.0104292 0.00922912 0.0303971 0.00909161 0.00818364 0.0105413 0.00877796 0.0134368 0.00950708 0.00870575 0.00860699 0.00971564 0.0161951 0.0087803 0.0475118 0.010145 0.0377675 0.00928195 0.0114109 0.0139227 0.0307987 0.0201005 0.0817336 0.0156272 0.0184332 0.0105319 0.0130823 0.00868783 0.0118241 0.00840738 0.00817647 0.00967249 0.00898227 0.00883495 0.00807373 0.00814357 0.00944809 0.00834055 0.00854653 0.00785238 0.00796306 0.00844526 0.0112898 0.00992703 0.0148268 0.0119269 0.0158515 0.0145511 0.0139621 0.0115618 0.0106706 0.00938368 0.00941896 0.0082079 0.00811017 0.00858474 0.00854221 0.010008 0.00913896 0.0111279 0.00961397 0.00896605 0.0083278 0.00819026 0.00910156 0.00807342 0.00809871 0.00846834 0.00825785 0.00811139 0.00813782 0.0084269 0.00863009 0.00892536 0.00907925 0.00924122 0.00890232 0.009124 0.00852355 0.00819591 
0.0081312 0.00862999 0.0103539 0.00384688 0.0237787 0.00380479 0.00374811 0.00372364 0.003729 0.00369659 0 0.00374482 0.925692 0.00636342 0.0115362 0.00532809 0.00983405 0.00599318 0.00679017 0.00713569 0.0075738 0.0309578 0.0101501 0.0142394 0.0094849 0.00906134 0.0247954 0.00838077 0.00897733 0.0117728 0.00923313 0.0088246 0.00854718 0.0308085 0.00887899 0.0172741 0.00891285 0.0286826 0.00920354 0.011595 0.0118466 0.0299328 0.00962541 0.0177623 0.0109415 0.0103577 0.00863455 0.0163787 0.00837817 0.00829432 0.00915076 0.00841137 0.00983284 0.00914989 0.00942406 0.00849178 0.0082315 0.00921174 0.00807634 0.0079703 0.00788017 0.0096024 0.00919112 0.0103886 0.00945882 0.0105389 0.00941895 0.00994897 0.0100289 0.00913287 0.00876487 0.00844578 0.0082305 0.0082356 0.00796886 0.00822504 0.00843904 0.00844612 0.00898357 0.00857309 0.00958935 0.00824302 0.00809666 0.00852684 0.00809465 0.00811635 0.0082933 0.00817738 0.00811019 0.00800544 0.00803227 0.00822137 0.0082001 0.00844475 0.00848218 0.00847568 0.00856629 0.00844013 0.00824854 0.00801749 
0.010819 0.0190539 0.0131255 0.00906362 0.00424755 0.00373207 0.00373466 0.00375837 0.00373527 0.00377402 0.00374482 0 0.0075394 0.0205545 0.00415922 0.0112098 0.00558759 0.00557086 0.00567829 0.0092807 0.0303677 0.0079334 0.0157925 0.00931433 0.011176 0.0278288 0.00843923 0.0175745 0.0229795 0.00897746 0.0103218 0.0119005 0.0332717 0.00843317 0.00972757 0.0087038 0.0127637 0.00840486 0.0146647 0.0185629 0.0114577 0.00903662 0.0116129 0.00867102 0.0109842 0.0100776 0.0167665 0.00830374 0.0095288 0.00810672 0.00921571 0.00899475 0.00831881 0.00875804 0.00917606 0.00832914 0.00968297 0.00816976 0.0145042 0.00842795 0.00948467 0.00889695 0.00947872 0.00845899 0.00896097 0.00895152 0.00892557 0.00857646 0.00873616 0.00863804 0.00850565 0.00826141 0.00834134 0.00801053 0.00897104 0.00819373 0.00801592 0.00839056 0.00820751 0.00838561 0.0083263 0.00897145 0.00922029 0.00801556 0.0087195 0.0080392 0.00845802 0.0085057 0.00802258 0.00802915 0.00841937 0.00817091 0.00812569 0.00813914 0.00822981 0.00835558 0.00824732 0.00826499 0.00815469 0.00808863 
0.00888873 0.00919915 0.0143526 0.00620472 0.00724886 0.00606533 0.0092635 0.00527486 0.00728396 0.00469574 0.925692 0.0075394 0 0.00374689 0.0037552 0.00373547 0.00398433 0.00393203 0.00421276 0.00495716 0.00533394 0.0067197 0.00721021 0.025785 0.0139442 0.00997351 0.0103363 0.0134892 0.00909653 0.0129147 0.00970812 0.00938432 0.00873382 0.00958643 0.0085337 0.00984076 0.00856056 0.0118182 0.0150813 0.011432 0.00879449 0.00962164 0.00853311 0.0097426 0.00852705 0.00992889 0.00830066 0.00882567 0.00833802 0.0101601 0.00868539 0.00803997 0.00859585 0.00975534 0.0124751 0.00872581 0.00807797 0.0127073 0.00829178 0.00865294 0.00835279 0.00886793 0.00807435 0.00827719 0.00813183 0.00841877 0.0083451 0.00843906 0.00842508 0.00825633 0.00813605 0.00813716 0.00798196 0.00932057 0.00787314 0.0078925 0.00793834 0.00796514 0.00808049 0.00811601 0.00852756 0.00885919 0.00794683 0.00807212 0.0078864 0.00868051 0.00825472 0.00788021 0.00801496 0.00828567 0.00787447 0.00800822 0.00800465 0.00806359 0.00803663 0.00806319 0.0080665 0.00812058 0.00833056 0.00847469 
0.00811956 0.00902264 0.00860354 0.00682441 0.00675002 0.00785655 0.00712757 0.00742291 0.00681599 0.935867 0.00636342 0.0205545 0.00374689 0 0.00368868 0.00369957 0.00371529 0.00372191 0.00404353 0.00381732 0.00566009 0.0060262 0.0185886 0.00665351 0.0061849 0.0124624 0.0092537 0.0111788 0.00987307 0.0085655 0.00877115 0.0103575 0.00959252 0.00855595 0.0116418 0.00872631 0.0213577 0.00877646 0.014668 0.00940425 0.015898 0.00966714 0.0215123 0.00935084 0.0151202 0.00926436 0.00951286 0.00825863 0.0100568 0.00812513 0.00804429 0.00885566 0.0084966 0.0085766 0.0080489 0.00795656 0.0103212 0.00821624 0.00825871 0.00789546 0.00804073 0.00792407 0.00946125 0.00822479 0.00895376 0.00871472 0.0101279 0.00933447 0.00909365 0.00861664 0.00868665 0.0081505 0.00871443 0.00797471 0.00788462 0.00810722 0.0079492 0.00822174 0.00826089 0.00859123 0.00869507 0.00843412 0.00803053 0.00807931 0.00866654 0.00799336 0.00788833 0.00834845 0.00797575 0.008035 0.00793505 0.00822121 0.00825173 0.00838666 0.0084483 0.00840462 0.00839532 0.00851633 0.00822898 0.00811919 
0.00793463 0.00822168 0.00879236 0.00682772 0.00784685 0.00738919 0.00883331 0.0105087 0.952752 0.00826256 0.0115362 0.00415922 0.0037552 0.00368868 0 0.00369848 0.00370047 0.00370119 0.00371232 0.00370623 0.00433077 0.0110463 0.0059369 0.00802458 0.00570288 0.00904883 0.0101198 0.00827362 0.00840053 0.00879844 0.0088424 0.00831685 0.00845017 0.0104609 0.00870603 0.016209 0.00884 0.022176 0.00865318 0.00968899 0.00932823 0.0217222 0.00941629 0.0204508 0.00906026 0.00942254 0.00839787 0.0100598 0.00832742 0.00813137 0.00832786 0.00819462 0.00883941 0.00824172 0.00836575 0.00825741 0.00809016 0.00860829 0.00789258 0.00786377 0.00783081 0.00838155 0.0082649 0.00920117 0.00875732 0.0105601 0.00935332 0.0102745 0.00949327 0.0089701 0.00853597 0.00836666 0.00803421 0.00810908 0.00788655 0.00800408 0.00812692 0.00828811 0.00868187 0.00871076 0.00849458 0.00806054 0.00800601 0.00823231 0.00804483 0.00804581 0.00810468 0.0080023 0.00803352 0.00792462 0.00795441 0.00811941 0.00814041 0.00827821 0.00831391 0.00824313 0.00833847 0.00840187 0.00828799 0.00803337 
0.00805584 0.0083524 0.00825577 0.0082368 0.00775768 0.0083722 0.0112262 0.931444 0.0107911 0.0148373 0.00532809 0.0112098 0.00373547 0.00369957 0.00369848 0 0.00373343 0.00371958 0.00389182 0.00373343 0.00769855 0.00661568 0.00661969 0.0122211 0.00552812 0.0104675 0.00831835 0.00984872 0.00872661 0.0084146 0.00848506 0.00871958 0.00999024 0.00852077 0.016416 0.00934189 0.0333235 0.00886901 0.0102565 0.00935991 0.0145581 0.0113615 0.0299876 0.0112821 0.0119511 0.00954846 0.010098 0.00845639 0.00880344 0.00805734 0.00809589 0.00887257 0.00838512 0.00852162 0.008068 0.00797455 0.00854511 0.00824202 0.00809085 0.00784252 0.00791173 0.00796545 0.00911166 0.00873303 0.0116355 0.00983516 0.0113757 0.0106305 0.0105102 0.00948813 0.00925196 0.00847958 0.00837431 0.00804883 0.00790942 0.00815005 0.00810331 0.00851449 0.00853923 0.00928926 0.00859674 0.00832941 0.00803961 0.00810923 0.00836215 0.00797922 0.00793757 0.00832157 0.00801843 0.00804398 0.00798985 0.00856943 0.00834352 0.00866218 0.00854546 0.00853586 0.00847162 0.00857734 0.00820535 0.00805801 
0.00793093 0.00812455 0.00835091 0.00734439 0.00822949 0.0107419 0.922551 0.02545 0.0098842 0.00624303 0.00983405 0.00558759 0.00398433 0.00371529 0.00370047 0.00373343 0 0.00369173 0.00371784 0.00374355 0.00416193 0.00519804 0.00786059 0.0146101 0.00569679 0.00882229 0.00911296 0.00840372 0.00848305 0.00852343 0.00848356 0.00847285 0.00859681 0.0120461 0.00928052 0.0238663 0.00958738 0.0120699 0.00881432 0.0100011 0.0106864 0.0323495 0.0128022 0.0177559 0.00965152 0.00952077 0.00869625 0.00969514 0.0083881 0.00813076 0.00822556 0.0083235 0.00884958 0.00828986 0.0082557 0.00815462 0.0081364 0.008531 0.00791256 0.00786448 0.00783831 0.00815362 0.00843235 0.010981 0.00959622 0.0108592 0.0100871 0.0115625 0.0104088 0.00970769 0.00894572 0.00900374 0.00812905 0.00803495 0.00792982 0.00806009 0.00820594 0.00829784 0.00906073 0.00910636 0.00893115 0.00819789 0.0080684 0.00824796 0.00807824 0.00799809 0.00805226 0.00803649 0.00807859 0.00796873 0.00801147 0.00823283 0.00825595 0.00841375 0.00843224 0.00847999 0.00852141 0.00851816 0.00830584 0.00801491 
0.00794033 0.00826026 0.00849464 0.0130204 0.0104214 0.92028 0.0210966 0.00898862 0.00855174 0.0152033 0.00599318 0.00557086 0.00393203 0.00372191 0.00370119 0.00371958 0.00369173 0 0.00374931 0.00368866 0.00417083 0.0110211 0.0175839 0.00509472 0.00531367 0.00942919 0.00870928 0.00895851 0.00838603 0.00863419 0.00850871 0.00870064 0.0105206 0.00905513 0.0191243 0.0102878 0.0183781 0.00952142 0.00956258 0.0102379 0.0208422 0.0208581 0.0247792 0.0148093 0.0119964 0.00985164 0.00954267 0.00874706 0.0088894 0.00814667 0.0081186 0.0091187 0.00865835 0.00849736 0.00808493 0.00813468 0.00846135 0.00820276 0.00800884 0.00785515 0.00788299 0.00812222 0.011138 0.00954642 0.0122789 0.0108461 0.0129194 0.0118652 0.0120565 0.0102096 0.00965222 0.00877187 0.00847655 0.00805958 0.00796337 0.00816313 0.00825696 0.00894342 0.0090837 0.00962517 0.00894251 0.00831056 0.00807544 0.00822189 0.00824656 0.00804216 0.00800578 0.00828473 0.00808614 0.00793768 0.00801076 0.00856806 0.00835363 0.00861222 0.00864531 0.0087841 0.00860983 0.00884168 0.00831703 0.00798888 
0.00800855 0.00830536 0.00860447 0.0110693 0.907466 0.0232538 0.0093985 0.00928975 0.0109705 0.00698133 0.00679017 0.00567829 0.00421276 0.00404353 0.00371232 0.00389182 0.00371784 0.00374931 0 0.00376763 0.00392429 0.027659 0.00559604 0.00452775 0.00578643 0.00962073 0.0216381 0.00828679 0.00968476 0.0099353 0.00935897 0.00877985 0.00881666 0.0271484 0.00986615 0.01136 0.0104951 0.0148003 0.00914089 0.0127064 0.0177037 0.0198711 0.012112 0.0148578 0.0163631 0.0102044 0.00911671 0.0100716 0.00888572 0.00815855 0.00839629 0.00881766 0.00962044 0.00867527 0.00835816 0.00827739 0.0086601 0.00849194 0.00830293 0.00786565 0.00787585 0.00843758 0.00899296 0.00965039 0.00952837 0.0111082 0.0101155 0.0104433 0.0105931 0.00973743 0.00904757 0.00874054 0.00836688 0.00807391 0.00796913 0.008301 0.00840467 0.0085654 0.00886443 0.00906589 0.00966149 0.00919431 0.00801583 0.00828986 0.00817229 0.00807042 0.00802557 0.00809068 0.00812634 0.0080105 0.00808159 0.00828924 0.0083482 0.00853352 0.00852087 0.00859441 0.00864545 0.00850174 0.00835647 0.00803929 
0.00870366 0.0106944 0.0113527 0.852101 0.0170042 0.0108989 0.0115269 0.00957013 0.00933668 0.00807327 0.00713569 0.0092807 0.00495716 0.00381732 0.00370623 0.00373343 0.00374355 0.00368866 0.00376763 0 0.049709 0.00606184 0.00408512 0.00469145 0.00580192 0.0179225 0.00953075 0.0143517 0.0127547 0.0119456 0.0108203 0.0101942 0.0155298 0.00896771 0.00974122 0.010001 0.0104577 0.0098346 0.0164372 0.020882 0.0114807 0.0128977 0.0110567 0.010835 0.0134063 0.0141279 0.0116754 0.00872008 0.0089229 0.00884174 0.00922291 0.00887522 0.00886027 0.0117268 0.0103856 0.0088988 0.00853436 0.00933471 0.00996498 0.00838038 0.00894586 0.00915538 0.00909671 0.00887217 0.00945133 0.00982937 0.00962195 0.00969165 0.00949584 0.00919803 0.00898087 0.00870229 0.00964694 0.00844331 0.00845892 0.00823425 0.00818179 0.00846454 0.00863699 0.00889424 0.00921763 0.00946319 0.00851595 0.00805734 0.00815114 0.00835012 0.00835694 0.00813661 0.00810092 0.00815259 0.0082703 0.00862807 0.00818089 0.00864571 0.0084119 0.00891873 0.00858994 0.00850659 0.00818377 0.00823707 
0.00936597 0.0118287 0.0121504 0.0126115 0.0105067 0.0118681 0.0125912 0.0120332 0.00980291 0.0104292 0.0075738 0.0303677 0.00533394 0.00566009 0.00433077 0.00769855 0.00416193 0.00417083 0.00392429 0.049709 0 0.00376912 0.00376194 0.00388441 0.00609585 0.0526451 0.00910701 0.0345679 0.0138291 0.0116358 0.0106578 0.0154961 0.0131518 0.00958774 0.0134232 0.0105829 0.0190553 0.00981179 0.0309723 0.0246764 0.0270692 0.0131353 0.0371598 0.0115609 0.0157294 0.0149771 0.0148576 0.00886269 0.0105742 0.00973286 0.00901015 0.00943199 0.00945179 0.0129635 0.00972386 0.00869878 0.010319 0.0101189 0.00972291 0.00846958 0.0091644 0.00864145 0.0113181 0.00963806 0.01077 0.0102405 0.0136713 0.0125285 0.010321 0.0105646 0.00929015 0.00869395 0.00883288 0.00856614 0.00819694 0.00805612 0.00814856 0.00868084 0.00882268 0.0105066 0.0098206 0.0121594 0.00893393 0.00812286 0.00878595 0.00844753 0.00826269 0.00854559 0.00820322 0.00836699 0.00854013 0.00819364 0.00844349 0.0086889 0.00891575 0.0090101 0.00880149 0.00878797 0.00861575 0.00835435 
0.00803419 0.00857689 0.0092255 0.0103238 0.0329997 0.0180041 0.0161312 0.0153333 0.0175994 0.00922912 0.0309578 0.0079334 0.0067197 0.0060262 0.0110463 0.00661568 0.00519804 0.0110211 0.027659 0.00606184 0.00376912 0 0.00375251 0.00373799 0.00540324 0.0148897 0.0853989 0.00885198 0.00977842 0.0107368 0.0111041 0.0091213 0.00939456 0.019762 0.0100396 0.0251893 0.0102243 0.0385137 0.00990028 0.0244099 0.022724 0.0855075 0.012242 0.0651317 0.0123173 0.0136143 0.00967193 0.0210332 0.00899842 0.0089833 0.00878434 0.010142 0.0135652 0.0106827 0.00894998 0.00906476 0.00860444 0.0111703 0.00817574 0.00805338 0.00806221 0.00945232 0.00982019 0.0147033 0.0129438 0.0165056 0.0142787 0.0173335 0.0161921 0.0112557 0.0124858 0.00939276 0.00863036 0.00832799 0.00807406 0.00829288 0.00865733 0.00878132 0.0103924 0.0111367 0.0128367 0.00884433 0.00823784 0.00997216 0.00830817 0.00839221 0.00841825 0.00825136 0.00852767 0.00819005 0.0081387 0.00864408 0.00854728 0.00896099 0.00916594 0.00929184 0.00905186 0.00942732 0.00861844 0.00822132 
0.00828484 0.00940616 0.0086474 0.0292018 0.0160417 0.025696 0.0208053 0.0159601 0.0109077 0.0303971 0.0101501 0.0157925 0.00721021 0.0185886 0.0059369 0.00661969 0.00786059 0.0175839 0.00559604 0.00408512 0.00376194 0.00375251 0 0.00385023 0.00482591 0.0302256 0.0205187 0.0184731 0.0128621 0.0125813 0.00981906 0.0123963 0.011517 0.0100761 0.0217349 0.0100089 0.0431446 0.0121227 0.0188963 0.0126042 0.068695 0.0145455 0.0803468 0.0131557 0.125775 0.0115575 0.0144233 0.00954021 0.0164544 0.00878511 0.00871251 0.0117295 0.012859 0.0104639 0.00874507 0.00850494 0.0166118 0.00869677 0.00964738 0.00800233 0.00831856 0.00851838 0.0156946 0.0110776 0.0190659 0.0133241 0.0208037 0.0182362 0.0171366 0.0185176 0.0121168 0.0102509 0.0113293 0.00831305 0.00838358 0.00853692 0.0085122 0.00948098 0.0097937 0.0162859 0.0122233 0.0103113 0.00876545 0.00834513 0.0104955 0.00807287 0.00833773 0.00884687 0.00837609 0.0081506 0.00832199 0.00849475 0.00878203 0.00887136 0.00920464 0.00919773 0.00947804 0.00920797 0.00868254 0.00805807 
0.00895928 0.0113455 0.0118755 0.0147065 0.0167389 0.0107787 0.0115248 0.0118449 0.0178324 0.00909161 0.0142394 0.00931433 0.025785 0.00665351 0.00802458 0.0122211 0.0146101 0.00509472 0.00452775 0.00469145 0.00388441 0.00373799 0.00385023 0 0.0119109 0.0151627 0.0200618 0.0202857 0.0150498 0.0205733 0.0157572 0.0103751 0.011945 0.0134801 0.0093526 0.0150282 0.00966951 0.016855 0.015124 0.0311266 0.0101837 0.0204824 0.00960756 0.0203374 0.011727 0.0204885 0.0120528 0.0104738 0.00857783 0.00986634 0.0163501 0.00939555 0.00915323 0.0139469 0.0150134 0.0138662 0.00842402 0.0135384 0.01029 0.00956195 0.00902412 0.0157813 0.00914337 0.00961158 0.0089949 0.0102582 0.00969699 0.00966271 0.0101602 0.00924152 0.00942083 0.0089115 0.00855064 0.0100032 0.00897922 0.00853229 0.00855781 0.00854548 0.00887769 0.00891674 0.010168 0.00979342 0.00896235 0.00843648 0.00809949 0.00883205 0.00968111 0.00829363 0.00824113 0.00846094 0.00871877 0.00837667 0.00825224 0.0086948 0.00848764 0.0087405 0.00866662 0.00897206 0.00829853 0.00810701 
0.0120208 0.0201603 0.0395559 0.0142956 0.00992099 0.00906108 0.00870794 0.00866434 0.00898109 0.00818364 0.0094849 0.011176 0.0139442 0.0061849 0.00570288 0.00552812 0.00569679 0.00531367 0.00578643 0.00580192 0.00609585 0.00540324 0.00482591 0.0119109 0 0.0212999 0.00762413 0.012734 0.0142307 0.0161026 0.0216255 0.0184523 0.0110515 0.0113736 0.0086271 0.0105689 0.00879077 0.0111361 0.0170822 0.0273898 0.0118474 0.00970233 0.00976994 0.00965582 0.0100126 0.0105148 0.0116658 0.00976096 0.00857425 0.00999876 0.0131676 0.00929653 0.00899024 0.0112831 0.0739327 0.0118804 0.00968359 0.0134304 0.0224661 0.016132 0.0216688 0.0130186 0.00980776 0.00827914 0.00826046 0.00842388 0.0084505 0.00845606 0.00838964 0.0082956 0.00812563 0.0080717 0.008025 0.00929501 0.00940055 0.00812149 0.00800235 0.00813471 0.00815566 0.00821417 0.00866201 0.00939354 0.00949138 0.00819831 0.00803939 0.00916626 0.0101739 0.00808793 0.00816755 0.00896461 0.00869426 0.00805139 0.00799082 0.00815255 0.00803932 0.00805085 0.00806425 0.00819318 0.00828207 0.00878178 
0.00882401 0.00931442 0.00913717 0.0114969 0.0093853 0.0213661 0.00955654 0.00983383 0.0103799 0.0105413 0.00906134 0.0278288 0.00997351 0.0124624 0.00904883 0.0104675 0.00882229 0.00942919 0.00962073 0.0179225 0.0526451 0.0148897 0.0302256 0.0151627 0.0212999 0 0.00395586 0.00457294 0.00693864 0.0105856 0.00945595 0.0141834 0.0105877 0.00831557 0.157843 0.00877615 0.0116404 0.00958875 0.0557257 0.0179925 0.0148192 0.0103713 0.01221 0.00922875 0.011081 0.0129819 0.0112822 0.00883688 0.0150186 0.0100207 0.00944095 0.00941377 0.0093481 0.0136795 0.0107449 0.00900407 0.00952465 0.0112644 0.0094421 0.0089096 0.00910837 0.00864372 0.00944059 0.00857685 0.00885046 0.00877913 0.00925334 0.00918964 0.00879866 0.00884721 0.00847854 0.00836674 0.00840924 0.00835187 0.00813843 0.0079974 0.00800668 0.00822582 0.00831618 0.00873334 0.00877441 0.0106811 0.00829746 0.00806213 0.00857767 0.008433 0.00833544 0.00825419 0.00813154 0.00867984 0.00824991 0.00807077 0.00809682 0.00821049 0.00829508 0.00832281 0.0082732 0.0082698 0.00853805 0.00863048 
0.00801292 0.00794199 0.00878048 0.00871335 0.0175892 0.00910979 0.00932524 0.0102007 0.0104251 0.00877796 0.0247954 0.00843923 0.0103363 0.0092537 0.0101198 0.00831835 0.00911296 0.00870928 0.0216381 0.00953075 0.00910701 0.0853989 0.0205187 0.0200618 0.00762413 0.00395586 0 0.00400389 0.00832687 0.0620184 0.0113568 0.00818326 0.0073601 0.268934 0.0082156 0.0111357 0.0082162 0.0473628 0.00958958 0.0119907 0.0178908 0.0131586 0.00888619 0.012458 0.0112972 0.00904078 0.0085635 0.0194689 0.00871379 0.00853955 0.00889501 0.00915749 0.0136935 0.00885096 0.0109115 0.00867367 0.00988042 0.00979167 0.00857624 0.00809486 0.00799662 0.00925543 0.00870819 0.00868348 0.00860329 0.0090405 0.00865893 0.00881004 0.00899262 0.00854403 0.00835314 0.00828678 0.00838381 0.0082453 0.0078921 0.0083059 0.00802412 0.00813898 0.00832702 0.00838896 0.0110222 0.00829057 0.00801337 0.00845995 0.00813628 0.00818737 0.00821148 0.00802879 0.00824759 0.00801679 0.00797523 0.00815631 0.00806973 0.00827341 0.00823331 0.0083103 0.00826804 0.00849282 0.00857355 0.00806685 
0.0099953 0.0113594 0.00916768 0.0231587 0.00893143 0.00949342 0.00961625 0.00923508 0.00886548 0.0134368 0.00838077 0.0175745 0.0134892 0.0111788 0.00827362 0.00984872 0.00840372 0.00895851 0.00828679 0.0143517 0.0345679 0.00885198 0.0184731 0.0202857 0.012734 0.00457294 0.00400389 0 0.0838148 0.00462334 0.0082052 0.00941067 0.226906 0.00701496 0.00868169 0.00768621 0.0185813 0.00786408 0.0217587 0.0175714 0.0104854 0.00890172 0.0110987 0.00879346 0.0112265 0.010028 0.0310628 0.00847381 0.0105666 0.00863757 0.0108183 0.0112418 0.00864584 0.0098985 0.0104935 0.00984303 0.0102335 0.00906443 0.0170351 0.00923099 0.0115627 0.00953051 0.00942835 0.00859919 0.00880599 0.00879996 0.00893561 0.00892534 0.00880354 0.00896535 0.00842157 0.00836022 0.00869519 0.00815765 0.0107548 0.00819887 0.008039 0.00839203 0.00828409 0.00868334 0.0084514 0.00930304 0.0100504 0.00807751 0.00865793 0.0081705 0.00898595 0.00873836 0.00806907 0.00837907 0.00868685 0.00802239 0.00808502 0.00814128 0.00819712 0.0081605 0.00822057 0.00821889 0.00817816 0.00812218 
0.00920541 0.0109707 0.00984823 0.0103818 0.00887803 0.00891761 0.00886971 0.00898239 0.00900802 0.00950708 0.00897733 0.0229795 0.00909653 0.00987307 0.00840053 0.00872661 0.00848305 0.00838603 0.00968476 0.0127547 0.0138291 0.00977842 0.0128621 0.0150498 0.0142307 0.00693864 0.00832687 0.0838148 0 0.00532502 0.00451997 0.908281 0.00753655 0.00685715 0.0064792 0.00825101 0.00769295 0.0069402 0.0379473 0.0127311 0.0123157 0.00845517 0.010144 0.00828337 0.0110975 0.0103173 0.0116063 0.00880207 0.0122207 0.0110603 0.00910837 0.00978966 0.00967325 0.0124655 0.0140928 0.00916057 0.0149742 0.010934 0.0140121 0.00970523 0.0116783 0.00857656 0.00925053 0.00848008 0.00893304 0.00866122 0.00912523 0.00872871 0.00863289 0.00872088 0.00842713 0.00842134 0.00882095 0.00871346 0.00821018 0.00814079 0.00806055 0.00823197 0.00831949 0.0086936 0.00906423 0.0117815 0.00877549 0.00812035 0.00873379 0.00861725 0.00823535 0.00847455 0.00836079 0.00893064 0.00813633 0.00812153 0.00804944 0.00814922 0.00830238 0.00824425 0.00822765 0.00818639 0.00857272 0.00906522 
0.00820142 0.00855258 0.0086717 0.009862 0.00912584 0.00886533 0.00916058 0.00897845 0.00909445 0.00870575 0.0117728 0.00897746 0.0129147 0.0085655 0.00879844 0.0084146 0.00852343 0.00863419 0.0099353 0.0119456 0.0116358 0.0107368 0.0125813 0.0205733 0.0161026 0.0105856 0.0620184 0.00462334 0.00532502 0 0.988418 0.00473014 0.00828675 0.00733876 0.00593091 0.00688222 0.00664551 0.0151384 0.00852892 0.0149424 0.0106683 0.0104402 0.00828842 0.00949666 0.0102518 0.00959804 0.00927218 0.00969514 0.0087327 0.00901402 0.0107903 0.00887065 0.00990252 0.0119727 0.0170318 0.0102849 0.0089826 0.0116307 0.0105004 0.00915671 0.00865315 0.0116379 0.00874318 0.00860357 0.00863054 0.00911029 0.00877903 0.00878264 0.00876523 0.00857087 0.00833371 0.00829105 0.00827716 0.00880065 0.00810946 0.0080761 0.00807092 0.00817537 0.00831832 0.00838232 0.00931675 0.00896777 0.00833165 0.00816079 0.00809896 0.00855617 0.00862855 0.00801637 0.00807546 0.00854986 0.00819301 0.00807538 0.0081067 0.00821882 0.00813058 0.00820486 0.00816512 0.00834373 0.00840735 0.00818137 
0.00831694 0.00871795 0.00954355 0.00867194 0.00869048 0.00849735 0.00855084 0.00860063 0.00875921 0.00860699 0.00923313 0.0103218 0.00970812 0.00877115 0.0088424 0.00848506 0.00848356 0.00850871 0.00935897 0.0108203 0.0106578 0.0111041 0.00981906 0.0157572 0.0216255 0.00945595 0.0113568 0.0082052 0.00451997 0.988418 0 0.0088953 0.00380092 0.00556611 0.0037753 0.00485671 0.00397135 0.00666125 0.00807992 0.00855273 0.00839755 0.00749277 0.00762254 0.00778813 0.00843009 0.00963643 0.00832891 0.0100116 0.00904742 0.0106362 0.00944971 0.0087135 0.0105161 0.0121093 0.0232806 0.00971839 0.00896979 0.0147733 0.00956073 0.00995961 0.00964739 0.0092309 0.00870608 0.00853748 0.00847313 0.00854075 0.0086992 0.00854419 0.00859112 0.00848608 0.00822152 0.00833737 0.00821817 0.00910033 0.00808137 0.00804443 0.00802344 0.00812545 0.00826112 0.00828732 0.00879616 0.0100951 0.0081418 0.00815268 0.00807826 0.00862215 0.00837148 0.00804017 0.00801362 0.00858394 0.0079393 0.00796838 0.00795377 0.00805863 0.00801866 0.00804581 0.00805664 0.00817251 0.00826438 0.00835829 
0.0088591 0.0088601 0.00824549 0.0104003 0.00842164 0.008582 0.00876668 0.00903731 0.0087112 0.00971564 0.0088246 0.0119005 0.00938432 0.0103575 0.00831685 0.00871958 0.00847285 0.00870064 0.00877985 0.0101942 0.0154961 0.0091213 0.0123963 0.0103751 0.0184523 0.0141834 0.00818326 0.00941067 0.908281 0.00473014 0.0088953 0 0.0143528 0.00375171 0.00398741 0.00528962 0.00474396 0.00469321 0.00561852 0.00941015 0.0085626 0.00772679 0.00846956 0.00757991 0.00980582 0.00881651 0.0124305 0.00827406 0.0104998 0.00846113 0.00891873 0.00955832 0.00872883 0.00987212 0.0112121 0.00926501 0.0101957 0.00950285 0.0118489 0.00865701 0.00941505 0.00906339 0.00971356 0.0087839 0.00899279 0.00925585 0.00924258 0.00922802 0.00922232 0.00891169 0.0084976 0.00847812 0.00874385 0.0083681 0.00888093 0.00817275 0.00805671 0.00823988 0.00835673 0.00916797 0.00895724 0.00987241 0.00901303 0.00801203 0.00860637 0.0080609 0.00848689 0.00836962 0.00800373 0.00835699 0.00830434 0.00799895 0.00809739 0.00824672 0.00833646 0.00813718 0.00826173 0.00851762 0.00832193 0.00824039 
0.00899342 0.0100578 0.00867859 0.00966689 0.00855322 0.00976952 0.00905859 0.0103473 0.00905172 0.0161951 0.00854718 0.0332717 0.00873382 0.00959252 0.00845017 0.00999024 0.00859681 0.0105206 0.00881666 0.0155298 0.0131518 0.00939456 0.011517 0.011945 0.0110515 0.0105877 0.0073601 0.226906 0.00753655 0.00828675 0.00380092 0.0143528 0 0.0037691 0.00374796 0.00372067 0.00412505 0.00393477 0.00783732 0.00663169 0.00738243 0.00685354 0.00864035 0.00753144 0.034998 0.0239302 0.0101706 0.00838317 0.0113268 0.00949255 0.00852308 0.00935976 0.00888715 0.0127116 0.0107152 0.00875595 0.0109646 0.0108165 0.0119573 0.00871739 0.0104208 0.00861333 0.00992446 0.00919674 0.010925 0.00964002 0.0120461 0.0116628 0.0113157 0.0105409 0.00934333 0.00903714 0.00870102 0.00902907 0.00845497 0.00808393 0.00822842 0.00923855 0.00868304 0.00998438 0.00925957 0.0164822 0.00869659 0.0080106 0.00907882 0.0086417 0.00831526 0.00885076 0.00806047 0.0087084 0.00826821 0.00818913 0.00840457 0.00838602 0.00880679 0.00856713 0.00889652 0.00870307 0.00833213 0.00845979 
0.00801675 0.00800146 0.00810753 0.00853555 0.0113592 0.00918793 0.0110564 0.010248 0.0159661 0.0087803 0.0308085 0.00843317 0.00958643 0.00855595 0.0104609 0.00852077 0.0120461 0.00905513 0.0271484 0.00896771 0.00958774 0.019762 0.0100761 0.0134801 0.0113736 0.00831557 0.268934 0.00701496 0.00685715 0.00733876 0.00556611 0.00375171 0.0037691 0 0.00371209 0.00374741 0.00372128 0.00524403 0.00390396 0.00956574 0.00744704 0.00916968 0.00725265 0.0302167 0.0118244 0.0172396 0.0079568 0.0166408 0.00855577 0.00850032 0.00972434 0.0087301 0.0159739 0.00968256 0.0115235 0.00999371 0.00902701 0.0153998 0.00845792 0.00837821 0.00830073 0.00981526 0.00930802 0.0127384 0.00937503 0.0137774 0.0127556 0.0134226 0.013189 0.0110872 0.00999899 0.00941513 0.00865551 0.00889991 0.00804772 0.00831559 0.00865211 0.00845509 0.0109183 0.0108899 0.0159221 0.00879639 0.00824258 0.00916676 0.00817027 0.00950154 0.00861374 0.0080761 0.00872742 0.00825617 0.0080466 0.0083089 0.00853138 0.009216 0.00856107 0.00893249 0.00860225 0.0091014 0.00905076 0.00818266 
0.00797351 0.00793694 0.00792175 0.0090767 0.00893766 0.0172246 0.0129215 0.02288 0.011468 0.0475118 0.00887899 0.00972757 0.0085337 0.0116418 0.00870603 0.016416 0.00928052 0.0191243 0.00986615 0.00974122 0.0134232 0.0100396 0.0217349 0.0093526 0.0086271 0.157843 0.0082156 0.00868169 0.0064792 0.00593091 0.0037753 0.00398741 0.00374796 0.00371209 0 0.00370893 0.00371916 0.00373321 0.0037724 0.00733973 0.0097536 0.00774097 0.0408228 0.0113048 0.0298169 0.00848872 0.00991724 0.00790327 0.00942659 0.00841509 0.00806439 0.0154578 0.00893881 0.0091281 0.00893245 0.00879985 0.00996519 0.00881984 0.00875097 0.00796938 0.00829884 0.00868091 0.0143116 0.0109812 0.0293665 0.0181581 0.0251265 0.0263187 0.0208948 0.0245032 0.0134966 0.0111265 0.0102248 0.0082048 0.00843166 0.00843329 0.00884302 0.0112979 0.0136317 0.0280166 0.0104206 0.0100359 0.00860716 0.00822756 0.00986141 0.00812486 0.00822457 0.00877448 0.00827245 0.00820984 0.00819428 0.0085041 0.00999331 0.00976732 0.0127437 0.0101393 0.0107761 0.0102344 0.00872674 0.00824199 
