1NE7A
MKLIILEHYSQASEWAAKYIRNRIIQFNPGPEKYFTLGLPTGSTPLGCYKKLIEYYKNGDLSFKYVKTFNMDEYVGLPRDHPESYHSFMWNNFFKHIDIHPENTHILDGNAVDLQAECDAFEEKIKAAGGIELFVGGIGPDGHIAFNEPGSSLVSRTRVKTLAMDTILANARFFDGELTKVPTMALTVGVGTVMDAREVMILITGAHKAFALYKAIEEGVNHMWTVSAFQQHPRTVFVCDEDATLELKVKTVKYFKGLMLVHNKLVDPLYSIKEKETEKSQ
CEEEEECCHHHHHHHHHHHHHHHHHHHCCECCECEEEEECCCHHHHHHHHHHHHHHHCCCCCCCCEEEEECEEECCCCCCCCCCHHHHHHHHCHHHCCCCHHHEECCCCCCCCHHHHHHHHHHHHHHCCCCCEEEECCCCCCCCCCCCCCCCCCCCCEEEECCHHHHHHHHHHCCCCHHHCCCEEEECCHHHHHCCCCEEEEECCHHHHHHHHHHHCCCCCCCCHHHHHHHCCCEEEEEEHHHHCCCEHHHHHHHHHCHHHHHHHCCCCCCCCCCCCCCCC
0 0 0 0 0 0 0 0 0 0 0 0 0 0 0 0 0 0 0 0 0 0 0 0 0 0 0 0 0 0 0 0 0 0 0 0 0 0 0 0 0 0 0 0 0 0 0 0 0 0 0 0 0 0 0 0 0 0 0 0 0 0 0 0 0 0 0 0 0 0 0 0 0 0 0 0 0 0 0 0 0 0 0 0 0 0 0 0 0 0 0 0 0 0 0 0 0 0 0 0 0 0 0 0 0 0 0 0 0 0 0 0 0 0 0 0 0 0 0 0 0 0 0 0 0 0 0 0 0 0 0 0 0 0 0 0 0 0 0 0 0 0 0 0 0 0 0 0 0 0 0 0 0 0 0 0 0 0 0 0 0 0 0 0 0 0 0 0 0 0 0 0 0 0 0 0 0 0 0 0 0 0 0 0 0 0 0 0 0 0 0 0 0 0 0 0 0 0 0 0 0 0 0 0 0 0 0 0 0 0 0 0 0 0 0 0 0 0 0 0 0 0 0 0 0 0 0 0 0 0 0 0 0 0 0 0 0 0 0 0 0 0 0 0 0 0 0 0 0 0 0 0 0 0 0 0 0 0 0 0 0 0 0 0 0 0 0 0 0 0 0 0 0 0 0 0 0 0 0 0 0 
0 0 0 0 0 0 0 0 0 0 0 0 0 0 0 0 0 0 0 0 0 0 0 0 0 0 0 0 0 0 0 0 0 0 0 0 0 0 0 0 0 0 0 0 0 0 0 0 0 0 0 0 0 0 0 0 0 0 0 0 0 0 0 0 0 0 0 0 0 0 0 0 0 0 0 0 0 0 0 0 0 0 0 0 0 0 0 0 0 0 0 0 0 0 0 0 0 0 0 0 0 0 0 0 0 0 0 0 0 0 0 0 0 0 0 0 0 0 0 0 0 0 0 0 0 0 0 0 0 0 0 0 0 0 0 0 0 0 0 0 0 0 0 0 0 0 0 0 0 0 0 0 0 0 0 0 0 0 0 0 0 0 0 0 0 0 0 0 0 0 0 0 0 0 0 0 0 0 0 0 0 0 0 0 0 0 0 0 0 0 0 0 0 0 0 0 0 0 0 0 0 0 0 0 0 0 0 0 0 0 0 0 0 0 0 0 0 0 0 0 0 0 0 0 0 0 0 0 0 0 0 0 0 0 0 0 0 0 0 0 0 0 0 0 0 0 0 0 0 0 0 0 0 0 0 0 0 0 0 0 0 0 0 0 0 0 0 0 0 0 0 0 0 0 0 0 0 0 0 0 0 
0 0.00413078 0.00374054 0.00405663 0.00471274 0.0454486 0.0279156 0.0398978 0.0448558 0.0202547 0.0260234 0.0311794 0.0198891 0.0139612 0.0144629 0.0117333 0.0176412 0.011152 0.0104388 0.0160334 0.00886538 0.00943768 0.0100188 0.00975714 0.00992534 0.00973177 0.00856118 0.00840097 0.0085985 0.00974424 0.00862343 0.00822922 0.00860659 0.00907803 0.0084071 0.00912771 0.00874756 0.00878643 0.00977945 0.00833605 0.00829664 0.0084991 0.0085351 0.00827613 0.00841226 0.00860318 
0.00413078 0 0.00379319 0.00380017 0.00392537 0.0157078 0.0178637 0.0248311 0.0723704 0.044496 0.0357442 0.0132127 0.0182717 0.0276003 0.0211593 0.0273281 0.0104529 0.00980582 0.0191974 0.0102318 0.00897336 0.00847048 0.0106091 0.0114905 0.0103851 0.00884896 0.00824693 0.00862983 0.00900779 0.00851398 0.00825601 0.00868843 0.00870526 0.00846903 0.00839309 0.00890749 0.00925353 0.0088921 0.00856705 0.00839591 0.00856848 0.00896388 0.00884149 0.00852704 0.00819418 0.00815205 
0.00374054 0.00379319 0 0.00375339 0.00374035 0.0140451 0.0106291 0.0229725 0.0581512 0.144733 0.0350813 0.0124694 0.0120276 0.0273398 0.0867273 0.0186253 0.0139379 0.0123841 0.0106777 0.0103855 0.00850876 0.00863447 0.0101271 0.0133533 0.0111178 0.00897974 0.00816573 0.00879163 0.00884132 0.00845512 0.00815634 0.00864631 0.00881643 0.00860515 0.00857801 0.00891422 0.00971845 0.0090291 0.00861375 0.008292 0.00852991 0.00916708 0.00917504 0.00846083 0.00827484 0.00812972 
0.00405663 0.00380017 0.00375339 0 0.00379315 0.013512 0.0135265 0.013273 0.0842505 0.0403061 0.146482 0.0189435 0.0134812 0.0263071 0.0207395 0.0370362 0.0118857 0.0107721 0.0190224 0.00990038 0.00946048 0.00913212 0.00971929 0.0107177 0.0125746 0.00891986 0.00843489 0.00868739 0.00895608 0.00843396 0.00823805 0.00856261 0.00889553 0.00834685 0.00841395 0.00872271 0.00937724 0.00880131 0.00837997 0.00839961 0.00858285 0.00883684 0.00877597 0.00840842 0.00805224 0.00815567 
0.00471274 0.00392537 0.00374035 0.00379315 0 0.0271925 0.0177625 0.0430058 0.0146763 0.019741 0.0285449 0.0751797 0.0239724 0.00966632 0.0103489 0.0113502 0.0130077 0.0125095 0.008834 0.0120858 0.0107949 0.00873844 0.0105285 0.00854758 0.00861706 0.00905589 0.00895225 0.0081928 0.0081758 0.00859113 0.0082892 0.00816262 0.00818541 0.00836931 0.00878348 0.00822619 0.00855445 0.00820433 0.00840756 0.00855479 0.00837807 0.00842493 0.00842924 0.00817488 0.00810265 0.00848096 
0.0454486 0.0157078 0.0140451 0.013512 0.0271925 0 0.930173 0.00501203 0.00615472 0.00515479 0.00622271 0.0129308 0.0162583 0.00885614 0.00877762 0.00936758 0.0103913 0.00895398 0.00928357 0.0135775 0.0101047 0.0101562 0.00896622 0.00805174 0.00825543 0.00912764 0.008683 0.0079145 0.00797115 0.00945301 0.00817885 0.00791886 0.0079425 0.00875161 0.00846372 0.00798925 0.00801181 0.00796232 0.00837144 0.00826913 0.0079644 0.00794558 0.00796932 0.00795371 0.0081501 0.0105109 
0.0279156 0.0178637 0.0106291 0.0135265 0.0177625 0.930173 0 0.00873066 0.00406992 0.00388428 0.00388855 0.00444247 0.0270299 0.00922109 0.00891125 0.00883374 0.0103727 0.00918539 0.00909725 0.0126367 0.00918069 0.00888208 0.00936095 0.00808025 0.0082544 0.00944479 0.00860233 0.007913 0.00799883 0.00955953 0.0083991 0.00791053 0.00792295 0.0084855 0.00846151 0.00793395 0.00800362 0.00794486 0.00827826 0.00830373 0.00789293 0.00793344 0.0079013 0.00792687 0.00809201 0.00901701 
0.0398978 0.0248311 0.0229725 0.013273 0.0430058 0.00501203 0.00873066 0 0.00377426 0.00376784 0.00375495 0.00395362 0.367764 0.0123885 0.0140176 0.0118318 0.0186307 0.00962899 0.0098884 0.0172135 0.00909167 0.00919401 0.0123594 0.00945787 0.00972945 0.0107491 0.00867393 0.00823604 0.00857213 0.00941843 0.00871148 0.00815979 0.00828324 0.00879916 0.00926436 0.00840667 0.00896068 0.00833538 0.00920349 0.00877848 0.00825718 0.00847695 0.00873924 0.00840829 0.00844209 0.00843899 
0.0448558 0.0723704 0.0581512 0.0842505 0.0146763 0.00615472 0.00406992 0.00377426 0 0.00377188 0.00376652 0.00410866 0.0511876 0.446192 0.0243353 0.0348998 0.012907 0.0114074 0.0257114 0.0115657 0.00934416 0.00963384 0.0111191 0.0198105 0.0130217 0.00969996 0.00832964 0.00892102 0.00943491 0.0089035 0.00828174 0.00865153 0.00887393 0.00882745 0.00829238 0.00956705 0.00920695 0.0093185 0.0086 0.00823458 0.00842166 0.00891181 0.00858247 0.00826516 0.00811475 0.00811792 
0.0202547 0.044496 0.144733 0.0403061 0.019741 0.00515479 0.00388428 0.00376784 0.00377188 0 0.00373758 0.00372297 0.0470551 0.0391781 0.509967 0.0216773 0.0208875 0.0215724 0.014059 0.0124675 0.00946275 0.00913239 0.0138382 0.0177896 0.0215381 0.0102373 0.00845444 0.00955935 0.00990855 0.00881898 0.00829083 0.00884493 0.00938998 0.00865873 0.00906804 0.00954177 0.0126623 0.0100642 0.0092334 0.00839456 0.00868025 0.00947281 0.00941974 0.00853997 0.00818338 0.00803876 
0.0260234 0.0357442 0.0350813 0.146482 0.0285449 0.00622271 0.00388855 0.00375495 0.00376652 0.00373758 0 0.00377607 0.0161877 0.0803674 0.0401835 0.540658 0.0306506 0.0165951 0.0549756 0.015626 0.0113102 0.0114547 0.0116425 0.0208242 0.0229234 0.0126138 0.00925222 0.00929864 0.00942156 0.00941228 0.00836657 0.00890886 0.00907082 0.0089269 0.00851442 0.00940331 0.0106351 0.00976468 0.00878223 0.00839844 0.00855926 0.00901071 0.00884316 0.00854386 0.0080334 0.00805211 
0.0311794 0.0132127 0.0124694 0.0189435 0.0751797 0.0129308 0.00444247 0.00395362 0.00410866 0.00372297 0.00377607 0 0.0276893 0.0168648 0.03285 0.0525299 0.297226 0.0181961 0.0138014 0.078751 0.014408 0.0113297 0.013708 0.00939397 0.0112669 0.015338 0.00990061 0.00822987 0.00847332 0.00958694 0.00843672 0.00827787 0.00834911 0.00903642 0.0088526 0.00844971 0.00889388 0.00847266 0.0093923 0.00835735 0.00825614 0.00849742 0.00844559 0.00817694 0.0081551 0.0082039 
0.0198891 0.0182717 0.0120276 0.0134812 0.0239724 0.0162583 0.0270299 0.367764 0.0511876 0.0470551 0.0161877 0.0276893 0 0.00382004 0.00373028 0.00377052 0.00385651 0.00389137 0.00454481 0.0115101 0.0192203 0.016212 0.0203189 0.012437 0.0101913 0.014887 0.00995013 0.0085922 0.0092152 0.0120325 0.00941126 0.0082654 0.00862234 0.00954207 0.00965261 0.00853716 0.00915228 0.00866131 0.00928627 0.00880012 0.00831493 0.00846283 0.00848858 0.00839127 0.00835875 0.00883791 
0.0139612 0.0276003 0.0273398 0.0263071 0.00966632 0.00885614 0.00922109 0.0123885 0.446192 0.0391781 0.0803674 0.0168648 0.00382004 0 0.00373875 0.00374907 0.00381538 0.00378807 0.00808024 0.00667564 0.0148509 0.0119718 0.0174884 0.0285884 0.0196773 0.0102281 0.00856553 0.0093458 0.0104999 0.00931526 0.00836071 0.0088781 0.00918362 0.00891768 0.00838116 0.0104164 0.0097867 0.0103366 0.00874132 0.00826417 0.00857218 0.00912479 0.00878117 0.00851987 0.00814896 0.00805662 
0.0144629 0.0211593 0.0867273 0.0207395 0.0103489 0.00877762 0.00891125 0.0140176 0.0243353 0.509967 0.0401835 0.03285 0.00373028 0.00373875 0 0.00370009 0.00372415 0.00381959 0.00491298 0.00779575 0.0118374 0.0113963 0.015686 0.0350448 0.0293075 0.0117117 0.00907977 0.0118047 0.0121291 0.00963838 0.0084347 0.00959221 0.0103144 0.00910039 0.00873831 0.0108013 0.0185436 0.0108183 0.00942406 0.00837342 0.00885836 0.0104296 0.0104946 0.00871048 0.00827193 0.00802318 
0.0117333 0.0273281 0.0186253 0.0370362 0.0113502 0.00936758 0.00883374 0.0118318 0.0348998 0.0216773 0.540658 0.0525299 0.00377052 0.00374907 0.00370009 0 0.00371188 0.00371998 0.00456196 0.00406153 0.0238649 0.020138 0.0138411 0.0238984 0.0526254 0.0164047 0.00916272 0.010705 0.0124863 0.00986828 0.0085187 0.00929491 0.0113279 0.00906829 0.00886964 0.00987315 0.0120524 0.0120551 0.00911027 0.00824053 0.00862528 0.00936943 0.00915236 0.00873128 0.00809996 0.00793731 
0.0176412 0.0104529 0.0139379 0.0118857 0.0130077 0.0103913 0.0103727 0.0186307 0.012907 0.0208875 0.0306506 0.297226 0.00385651 0.00381538 0.00372415 0.00371188 0 0.0112141 0.00374561 0.00385545 0.0111329 0.0130157 0.0167067 0.012681 0.0140852 0.0226262 0.0102811 0.00864517 0.00925225 0.0161372 0.00869799 0.00866959 0.00884253 0.0139009 0.00966998 0.00908467 0.0108169 0.00973151 0.0139119 0.00837619 0.00828359 0.00889493 0.0091282 0.00830072 0.00824416 0.00815234 
0.011152 0.00980582 0.0123841 0.0107721 0.0125095 0.00895398 0.00918539 0.00962899 0.0114074 0.0215724 0.0165951 0.0181961 0.00389137 0.00378807 0.00381959 0.00371998 0.0112141 0 0.00375581 0.00382792 0.0182551 0.0121326 0.011977 0.0114935 0.012119 0.0160672 0.00843476 0.00846207 0.00934035 0.0121125 0.00819503 0.00835025 0.00893584 0.0115096 0.00868101 0.00851142 0.00989742 0.00952116 0.0104088 0.00812169 0.00817809 0.00854721 0.0084759 0.00818624 0.00897036 0.00841972 
0.0104388 0.0191974 0.0106777 0.0190224 0.008834 0.00928357 0.00909725 0.0098884 0.0257114 0.014059 0.0549756 0.0138014 0.00454481 0.00808024 0.00491298 0.00456196 0.00374561 0.00375581 0 0.00378081 0.0319689 0.0311314 0.0139347 0.0230815 0.033267 0.0105149 0.00873379 0.00945072 0.0113128 0.00872427 0.00823309 0.00907405 0.00958734 0.00855518 0.00854931 0.00957851 0.00949881 0.0100595 0.00850685 0.00815897 0.00869908 0.00872391 0.00863497 0.00833113 0.00811632 0.00804772 
0.0160334 0.0102318 0.0103855 0.00990038 0.0120858 0.0135775 0.0126367 0.0172135 0.0115657 0.0124675 0.015626 0.078751 0.0115101 0.00667564 0.00779575 0.00406153 0.00385545 0.00382792 0.00378081 0 0.0291515 0.023377 0.0199004 0.0125658 0.0169601 0.0221064 0.0124784 0.00885347 0.00901059 0.0111181 0.00903189 0.00859901 0.00882128 0.0102775 0.0096101 0.00885118 0.0094803 0.00906559 0.00909983 0.00870557 0.00838913 0.00860039 0.00848109 0.00828617 0.00833356 0.00864735 
0.00886538 0.00897336 0.00850876 0.00946048 0.0107949 0.0101047 0.00918069 0.00909167 0.00934416 0.00946275 0.0113102 0.014408 0.0192203 0.0148509 0.0118374 0.0238649 0.0111329 0.0182551 0.0319689 0.0291515 0 0.00377181 0.0184587 0.0266089 0.023007 0.0357606 0.0102507 0.00962643 0.0107114 0.0157124 0.00873656 0.00907411 0.0103664 0.0103638 0.00957223 0.00893971 0.00968717 0.00999306 0.010793 0.00820236 0.00836434 0.00832252 0.00833142 0.00895718 0.00919099 0.00918112 
0.00943768 0.00847048 0.00863447 0.00913212 0.00873844 0.0101562 0.00888208 0.00919401 0.00963384 0.00913239 0.0114547 0.0113297 0.016212 0.0119718 0.0113963 0.020138 0.0130157 0.0121326 0.0311314 0.023377 0.00377181 0 0.0321822 0.0221254 0.0607055 0.0610655 0.0115448 0.00922392 0.0100147 0.0133493 0.0091379 0.00930833 0.00912554 0.0110725 0.00979018 0.00961302 0.00957795 0.00997619 0.00967507 0.00847536 0.00837242 0.00858977 0.00855592 0.00891068 0.00904912 0.00879971 
0.0100188 0.0106091 0.0101271 0.00971929 0.0105285 0.00896622 0.00936095 0.0123594 0.0111191 0.0138382 0.0116425 0.013708 0.0203189 0.0174884 0.015686 0.0138411 0.0167067 0.011977 0.0139347 0.0199004 0.0184587 0.0321822 0 0.00444972 0.00382134 0.00416745 0.363434 0.0258514 0.0206961 0.0340117 0.0311048 0.013559 0.0158094 0.0222162 0.0370059 0.0219642 0.027686 0.0138526 0.023871 0.0119613 0.0107915 0.0117824 0.0111508 0.0102861 0.0112574 0.00972794 
0.00975714 0.0114905 0.0133533 0.0107177 0.00854758 0.00805174 0.00808025 0.00945787 0.0198105 0.0177896 0.0208242 0.00939397 0.012437 0.0285884 0.0350448 0.0238984 0.012681 0.0114935 0.0230815 0.0125658 0.0266089 0.0221254 0.00444972 0 0.00379347 0.00372354 0.0831046 0.297658 0.0656507 0.0235624 0.0142096 0.0416052 0.0264978 0.0161187 0.0141352 0.0726532 0.0672525 0.0449811 0.0123237 0.00940378 0.0157972 0.0256371 0.0213389 0.0121706 0.00944114 0.00843063 
0.00992534 0.0103851 0.0111178 0.0125746 0.00861706 0.00825543 0.0082544 0.00972945 0.0130217 0.0215381 0.0229234 0.0112669 0.0101913 0.0196773 0.0293075 0.0526254 0.0140852 0.012119 0.033267 0.0169601 0.023007 0.0607055 0.00382134 0.00379347 0 0.00389056 0.0165982 0.0750917 0.337715 0.034566 0.0123464 0.0187801 0.0706312 0.020523 0.012033 0.028352 0.0690556 0.0981783 0.0319831 0.00944023 0.0136081 0.0250625 0.0206513 0.0169147 0.00942249 0.00863585 
0.00973177 0.00884896 0.00897974 0.00891986 0.00905589 0.00912764 0.00944479 0.0107491 0.00969996 0.0102373 0.0126138 0.015338 0.014887 0.0102281 0.0117117 0.0164047 0.0226262 0.0160672 0.0105149 0.0221064 0.0357606 0.0610655 0.00416745 0.00372354 0.00389056 0 0.0277431 0.0159566 0.0878727 0.404577 0.0164268 0.0120166 0.0149527 0.0529745 0.0205283 0.0131517 0.0207002 0.0232092 0.0560118 0.0122349 0.0102186 0.0130243 0.0120434 0.0110171 0.0111723 0.00931327 
0.00856118 0.00824693 0.00816573 0.00843489 0.00895225 0.008683 0.00860233 0.00867393 0.00832964 0.00845444 0.00925222 0.00990061 0.00995013 0.00856553 0.00907977 0.00916272 0.0102811 0.00843476 0.00873379 0.0124784 0.0102507 0.0115448 0.363434 0.0831046 0.0165982 0.0277431 0 0.00393915 0.00382084 0.00449684 0.1016 0.0141479 0.0129847 0.119434 0.0204267 0.0137771 0.0130541 0.0130514 0.0234395 0.0117891 0.00996996 0.00988109 0.0102547 0.0100186 0.0128268 0.0126121 
0.00840097 0.00862983 0.00879163 0.00868739 0.0081928 0.0079145 0.007913 0.00823604 0.00892102 0.00955935 0.00929864 0.00822987 0.0085922 0.0093458 0.0118047 0.010705 0.00864517 0.00846207 0.00945072 0.00885347 0.00962643 0.00922392 0.0258514 0.297658 0.0750917 0.0159566 0.00393915 0 0.00610651 0.00373294 0.0337027 0.121299 0.1384 0.0116598 0.0142965 0.0294996 0.0320219 0.0250945 0.0106127 0.00925709 0.011524 0.0195171 0.0150583 0.011312 0.00914212 0.00872726 
0.0085985 0.00900779 0.00884132 0.00895608 0.0081758 0.00797115 0.00799883 0.00857213 0.00943491 0.00990855 0.00942156 0.00847332 0.0092152 0.0104999 0.0121291 0.0124863 0.00925225 0.00934035 0.0113128 0.00901059 0.0107114 0.0100147 0.0206961 0.0656507 0.337715 0.0878727 0.00382084 0.00610651 0 0.00372933 0.0165338 0.201856 0.148788 0.0198573 0.016246 0.0294985 0.035547 0.0433897 0.0173231 0.00992363 0.0149564 0.0178945 0.0187674 0.015579 0.00916986 0.00847812 
0.00974424 0.00851398 0.00845512 0.00843396 0.00859113 0.00945301 0.00955953 0.00941843 0.0089035 0.00881898 0.00941228 0.00958694 0.0120325 0.00931526 0.00963838 0.00986828 0.0161372 0.0121125 0.00872427 0.0111181 0.0157124 0.0133493 0.0340117 0.0235624 0.034566 0.404577 0.00449684 0.00373294 0.00372933 0 0.108713 0.0182933 0.0540451 0.323732 0.0278741 0.0154976 0.0180903 0.0286619 0.0355767 0.021032 0.0110182 0.0126989 0.0130322 0.0115472 0.0146136 0.0119312 
0.00862343 0.00825601 0.00815634 0.00823805 0.0082892 0.00817885 0.0083991 0.00871148 0.00828174 0.00829083 0.00836657 0.00843672 0.00941126 0.00836071 0.0084347 0.0085187 0.00869799 0.00819503 0.00823309 0.00903189 0.00873656 0.0091379 0.0311048 0.0142096 0.0123464 0.0164268 0.1016 0.0337027 0.0165338 0.108713 0 0.00467675 0.00372752 0.00415089 0.0274633 0.0126907 0.0182514 0.0172963 0.0559808 0.0246556 0.0123087 0.0114122 0.0103159 0.010909 0.0148515 0.0135415 
0.00822922 0.00868843 0.00864631 0.00856261 0.00816262 0.00791886 0.00791053 0.00815979 0.00865153 0.00884493 0.00890886 0.00827787 0.0082654 0.0088781 0.00959221 0.00929491 0.00866959 0.00835025 0.00907405 0.00859901 0.00907411 0.00930833 0.013559 0.0416052 0.0187801 0.0120166 0.0141479 0.121299 0.201856 0.0182933 0.00467675 0 0.00374616 0.00373563 0.0134578 0.0449451 0.0477884 0.0446638 0.0149659 0.0119695 0.0289213 0.02568 0.024769 0.0153036 0.0110073 0.00950358 
0.00860659 0.00870526 0.00881643 0.00889553 0.00818541 0.0079425 0.00792295 0.00828324 0.00887393 0.00938998 0.00907082 0.00834911 0.00862234 0.00918362 0.0103144 0.0113279 0.00884253 0.00893584 0.00958734 0.00882128 0.0103664 0.00912554 0.0158094 0.0264978 0.0706312 0.0149527 0.0129847 0.1384 0.148788 0.0540451 0.00372752 0.00374616 0 0.00380684 0.0201969 0.0486511 0.0792926 0.0745056 0.0235498 0.011406 0.0212414 0.0345339 0.0306243 0.039397 0.0107528 0.00941799 
0.00907803 0.00846903 0.00860515 0.00834685 0.00836931 0.00875161 0.0084855 0.00879916 0.00882745 0.00865873 0.0089269 0.00903642 0.00954207 0.00891768 0.00910039 0.00906829 0.0139009 0.0115096 0.00855518 0.0102775 0.0103638 0.0110725 0.0222162 0.0161187 0.020523 0.0529745 0.119434 0.0116598 0.0198573 0.323732 0.00415089 0.00373563 0.00380684 0 0.0239732 0.0370167 0.0220978 0.045856 0.10653 0.0213223 0.013769 0.018312 0.0233681 0.0155988 0.0279547 0.0147052 
0.0084071 0.00839309 0.00857801 0.00841395 0.00878348 0.00846372 0.00846151 0.00926436 0.00829238 0.00906804 0.00851442 0.0088526 0.00965261 0.00838116 0.00873831 0.00886964 0.00966998 0.00868101 0.00854931 0.0096101 0.00957223 0.00979018 0.0370059 0.0141352 0.012033 0.0205283 0.0204267 0.0142965 0.016246 0.0278741 0.0274633 0.0134578 0.0201969 0.0239732 0 0.00380007 0.00375212 0.00381616 0.00433242 0.602794 0.0373405 0.0194364 0.0133515 0.0163809 0.0188768 0.0175378 
0.00912771 0.00890749 0.00891422 0.00872271 0.00822619 0.00798925 0.00793395 0.00840667 0.00956705 0.00954177 0.00940331 0.00844971 0.00853716 0.0104164 0.0108013 0.00987315 0.00908467 0.00851142 0.00957851 0.00885118 0.00893971 0.00961302 0.0219642 0.0726532 0.028352 0.0131517 0.0137771 0.0294996 0.0294985 0.0154976 0.0126907 0.0449451 0.0486511 0.0370167 0.00380007 0 0.00372845 0.00378964 0.00387629 0.0711262 0.666087 0.0474103 0.0634879 0.0246626 0.0138425 0.0109693 
0.00874756 0.00925353 0.00971845 0.00937724 0.00855445 0.00801181 0.00800362 0.00896068 0.00920695 0.0126623 0.0106351 0.00889388 0.00915228 0.0097867 0.0185436 0.0120524 0.0108169 0.00989742 0.00949881 0.0094803 0.00968717 0.00957795 0.027686 0.0672525 0.0690556 0.0207002 0.0130541 0.0320219 0.035547 0.0180903 0.0182514 0.0477884 0.0792926 0.0220978 0.00375212 0.00372845 0 0.0037525 0.00378074 0.0807079 0.068462 0.694653 0.13119 0.0650646 0.0128642 0.0109815 
0.00878643 0.0088921 0.0090291 0.00880131 0.00820433 0.00796232 0.00794486 0.00833538 0.0093185 0.0100642 0.00976468 0.00847266 0.00866131 0.0103366 0.0108183 0.0120551 0.00973151 0.00952116 0.0100595 0.00906559 0.00999306 0.00997619 0.0138526 0.0449811 0.0981783 0.0232092 0.0130514 0.0250945 0.0433897 0.0286619 0.0172963 0.0446638 0.0745056 0.045856 0.00381616 0.00378964 0.0037525 0 0.00389195 0.0175061 0.109516 0.105609 0.596591 0.0858706 0.0492882 0.0102262 
0.00977945 0.00856705 0.00861375 0.00837997 0.00840756 0.00837144 0.00827826 0.00920349 0.0086 0.0092334 0.00878223 0.0093923 0.00928627 0.00874132 0.00942406 0.00911027 0.0139119 0.0104088 0.00850685 0.00909983 0.010793 0.00967507 0.023871 0.0123237 0.0319831 0.0560118 0.0234395 0.0106127 0.0173231 0.0355767 0.0559808 0.0149659 0.0235498 0.10653 0.00433242 0.00387629 0.00378074 0.00389195 0 0.0254134 0.0208651 0.0878244 0.0419655 0.486789 0.0960637 0.0180235 
0.00833605 0.00839591 0.008292 0.00839961 0.00855479 0.00826913 0.00830373 0.00877848 0.00823458 0.00839456 0.00839844 0.00835735 0.00880012 0.00826417 0.00837342 0.00824053 0.00837619 0.00812169 0.00815897 0.00870557 0.00820236 0.00847536 0.0119613 0.00940378 0.00944023 0.0122349 0.0117891 0.00925709 0.00992363 0.021032 0.0246556 0.0119695 0.011406 0.0213223 0.602794 0.0711262 0.0807079 0.0175061 0.0254134 0 0.00503212 0.00382892 0.00381744 0.00387169 0.00482827 0.0141269 
0.00829664 0.00856848 0.00852991 0.00858285 0.00837807 0.0079644 0.00789293 0.00825718 0.00842166 0.00868025 0.00855926 0.00825614 0.00831493 0.00857218 0.00885836 0.00862528 0.00828359 0.00817809 0.00869908 0.00838913 0.00836434 0.00837242 0.0107915 0.0157972 0.0136081 0.0102186 0.00996996 0.011524 0.0149564 0.0110182 0.0123087 0.0289213 0.0212414 0.013769 0.0373405 0.666087 0.068462 0.109516 0.0208651 0.00503212 0 0.00373437 0.00375352 0.00375948 0.0037502 0.00661166 
0.0084991 0.00896388 0.00916708 0.00883684 0.00842493 0.00794558 0.00793344 0.00847695 0.00891181 0.00947281 0.00901071 0.00849742 0.00846283 0.00912479 0.0104296 0.00936943 0.00889493 0.00854721 0.00872391 0.00860039 0.00832252 0.00858977 0.0117824 0.0256371 0.0250625 0.0130243 0.00988109 0.0195171 0.0178945 0.0126989 0.0114122 0.02568 0.0345339 0.018312 0.0194364 0.0474103 0.694653 0.105609 0.0878244 0.00382892 0.00373437 0 0.00373849 0.00371204 0.00372566 0.00557721 
0.0085351 0.00884149 0.00917504 0.00877597 0.00842924 0.00796932 0.0079013 0.00873924 0.00858247 0.00941974 0.00884316 0.00844559 0.00848858 0.00878117 0.0104946 0.00915236 0.0091282 0.0084759 0.00863497 0.00848109 0.00833142 0.00855592 0.0111508 0.0213389 0.0206513 0.0120434 0.0102547 0.0150583 0.0187674 0.0130322 0.0103159 0.024769 0.0306243 0.0233681 0.0133515 0.0634879 0.13119 0.596591 0.0419655 0.00381744 0.00375352 0.00373849 0 0.0037374 0.00371503 0.00546814 
0.00827613 0.00852704 0.00846083 0.00840842 0.00817488 0.00795371 0.00792687 0.00840829 0.00826516 0.00853997 0.00854386 0.00817694 0.00839127 0.00851987 0.00871048 0.00873128 0.00830072 0.00818624 0.00833113 0.00828617 0.00895718 0.00891068 0.0102861 0.0121706 0.0169147 0.0110171 0.0100186 0.011312 0.015579 0.0115472 0.010909 0.0153036 0.039397 0.0155988 0.0163809 0.0246626 0.0650646 0.0858706 0.486789 0.00387169 0.00375948 0.00371204 0.0037374 0 0.00370673 0.00685404 
0.00841226 0.00819418 0.00827484 0.00805224 0.00810265 0.0081501 0.00809201 0.00844209 0.00811475 0.00818338 0.0080334 0.0081551 0.00835875 0.00814896 0.00827193 0.00809996 0.00824416 0.00897036 0.00811632 0.00833356 0.00919099 0.00904912 0.0112574 0.00944114 0.00942249 0.0111723 0.0128268 0.00914212 0.00916986 0.0146136 0.0148515 0.0110073 0.0107528 0.0279547 0.0188768 0.0138425 0.0128642 0.0492882 0.0960637 0.00482827 0.0037502 0.00372566 0.00371503 0.00370673 0 0.00885766 
0.00860318 0.00815205 0.00812972 0.00815567 0.00848096 0.0105109 0.00901701 0.00843899 0.00811792 0.00803876 0.00805211 0.0082039 0.00883791 0.00805662 0.00802318 0.00793731 0.00815234 0.00841972 0.00804772 0.00864735 0.00918112 0.00879971 0.00972794 0.00843063 0.00863585 0.00931327 0.0126121 0.00872726 0.00847812 0.0119312 0.0135415 0.00950358 0.00941799 0.0147052 0.0175378 0.0109693 0.0109815 0.0102262 0.0180235 0.0141269 0.00661166 0.00557721 0.00546814 0.00685404 0.00885766 0 
