1NU9D
GEADCGLRPLFEKKSLEDKTERELLESYIDGRIVEGSDAEIGMSPWQVMLFRKSPQELLCGASLISDRWVLTAAHCLLYPPWDKNFTENDLLVRIGKHSRTRYERNIEKISMLEKIYIHPRYNWRENLDRDIALMKLKKPVAFSDYIHPVCLPDRETAASLLQAGYKGRVTGWGNLKETWTANVGKGQPSVLQVVNLPIVERPVCKDSTRIRITDNMFCAGYKPDEGKRGDACEGDSGGPFVMKSPFNNRWYQMGIVSWGEGCDRDGKYGFYTHVFRLKKWIQKVIDQFG
CCCCCCCCCCCHHHCCCCCCHHHHCCCCCCCCCCCCCECCCCCCCCEEEEEECCCCEEEEEEEECCCCEEEECHHHCEEHHHCEECCHHHEEEEECCCECCCCCCCCCEEEEEEEEEECCCCECCCCCECCCEEEEECCCCCCCCCCCCCECCCHHHHHHHCCCCCEEEEEECCCCCCCCCHHHCCCCCCECEEEEEEECCHHHHHHCCCCCCCCCEEEECCCCCCCCCCECCCCCCCCEEEEECCCCCCEEEEEEEEECCCCCCCCCCEEEEECHHHHHHHHHHHHHHC
0 0 0 0 0 0 0 0 0 0 0 0 0 0 0 0 0 0 0 0 0 0 0 0 0 0 0 0 0 0 0 0 0 0 0 0 0 0 0 0 0 0 0 0 0 0 0 0 0 0 0 0 0 0 0 0 0 0 0 0 0 0 0 0 0 0 0 0 0 0 0 0 0 0 0 0 0 0 0 0 0 0 0 0 0 0 0 0 0 0 0 0 0 0 0 0 0 0 0 0 0 0 0 0 0 0 0 0 0 0 0 0 0 0 0 0 0 0 0 0 0 0 0 0 0 0 0 0 0 0 0 0 0 0 0 0 0 0 0 0 0 0 0 0 0 0 0 0 0 0 0 0 0 0 0 0 0 0 0 0 0 0 0 0 0 0 0 0 0 0 0 0 0 0 0 0 0 0 0 0 0 0 0 0 0 0 0 0 0 0 0 0 0 0 0 0 0 0 0 0 0 0 0 0 0 0 0 0 0 0 0 0 0 0 0 0 0 0 0 0 0 0 0 0 0 0 0 0 0 0 0 0 0 0 0 0 0 0 0 0 0 0 0 0 0 0 0 0 0 0 0 0 0 0 0 0 0 0 0 0 0 0 0 0 0 0 0 0 0 0 0 0 0 0 0 0 0 0 0 0 0 0 0 0 0 0 0 0 0 0 
0 0 0 0 0 0 0 0 0 0 0 0 0 0 0 0 0 0 0 0 0 0 0 0 0 0 0 0 0 0 0 0 0 0 0 0 0 0 0 0 0 0 0 0 0 0 0 0 0 0 0 0 0 0 0 0 0 0 0 0 0 0 0 0 0 0 0 0 0 0 0 0 0 0 0 0 0 0 0 0 0 0 0 0 0 0 0 0 0 0 0 0 0 0 0 0 0 0 0 0 0 0 0 0 0 0 0 0 0 0 0 0 0 0 0 0 0 0 0 0 0 0 0 0 0 0 0 0 0 0 0 0 0 0 0 0 0 0 0 0 0 0 0 0 0 0 0 0 0 0 0 0 0 0 0 0 0 0 0 0 0 0 0 0 0 0 0 0 0 0 0 0 0 0 0 0 0 0 0 0 0 0 0 0 0 0 0 0 0 0 0 0 0 0 0 0 0 0 0 0 0 0 0 0 0 0 0 0 0 0 0 0 0 0 0 0 0 0 0 0 0 0 0 0 0 0 0 0 0 0 0 0 0 0 0 0 0 0 0 0 0 0 0 0 0 0 0 0 0 0 0 0 0 0 0 0 0 0 0 0 0 0 0 0 0 0 0 0 0 0 0 0 0 0 0 0 0 0 0 0 0 0 0 0 0 0 0 0 0 0 
0 0.0183457 0.00677427 0.00686856 0.00760102 0.00863444 0.0141313 0.015846 0.00786617 0.00829188 0.00826101 0.0083313 0.00834464 0.0132403 0.0355247 0.0170622 0.0100839 0.00963687 0.025524 0.0250492 0.0126858 0.0123773 0.0154487 0.0117734 0.0093873 0.00889114 0.00980462 0.0116964 0.0225381 0.0107636 0.008291 0.00824976 0.00831136 0.00816981 0.00814194 0.00815613 0.00817229 0.00846824 0.0104136 0.0141354 0.012249 0.00960855 0.00820942 0.00816725 0.00869063 0.00935771 0.0129449 0.00873757 0.00795563 0.00798108 0.00802912 0.00805791 0.0084731 0.00921855 0.00848102 0.00802009 0.00806329 0.00813977 0.0080449 0.00804219 0.00863573 0.00806999 0.00794222 0.00798007 0.00825106 0.00862594 0.00800152 0.00797292 0.00796791 0.00800027 0.00854124 0.00813277 0.00795721 0.00799765 0.008009 0.00809121 0.00808108 0.00801457 0.00801622 0.00818892 0.00830735 0.00811179 0.00810131 0.00816841 0.00847224 
0.0183457 0 0.00377504 0.00372413 0.00376702 0.00380438 0.00436978 0.00967249 0.00602806 0.0073552 0.00737343 0.015287 0.0443794 0.828576 0.0338499 0.017688 0.0137342 0.0140829 0.0368688 0.0119356 0.013732 0.00938866 0.0174861 0.0113383 0.0135702 0.011529 0.020463 0.0155833 0.0123191 0.0162503 0.0101945 0.0117624 0.00993185 0.00891635 0.00909163 0.00927899 0.00905426 0.0102694 0.0124298 0.00952902 0.00914866 0.0140832 0.0102026 0.00964817 0.0101558 0.00975433 0.0102273 0.00834902 0.00842298 0.00858995 0.00860728 0.00865685 0.00895688 0.00892787 0.00860624 0.0084633 0.00825325 0.00871099 0.00825108 0.00823064 0.00866177 0.00830663 0.00819512 0.0085156 0.00823411 0.00814148 0.00795404 0.00811949 0.00817568 0.00811715 0.0082059 0.00800167 0.0079974 0.0080479 0.00812889 0.00821723 0.00822425 0.00816932 0.0081711 0.00806585 0.00823462 0.00806943 0.0080613 0.00810142 0.00851418 
0.00677427 0.00377504 0 0.00374508 0.00374472 0.00377796 0.003769 0.00553735 0.0103873 0.00680744 0.0143335 0.0528484 0.861299 0.0115386 0.0121637 0.0126448 0.0397377 0.0305229 0.0127651 0.012897 0.0103966 0.0115219 0.00896228 0.017792 0.0140382 0.0706426 0.0180277 0.0218911 0.00893359 0.0116782 0.0404625 0.0163987 0.0155813 0.0190117 0.0110961 0.0107792 0.0198942 0.0280947 0.00983154 0.0082616 0.00834716 0.0119979 0.020254 0.0261974 0.0111638 0.0100609 0.00859819 0.00810744 0.01063 0.00993154 0.0120806 0.00954874 0.00889551 0.00864245 0.00888272 0.0096067 0.00995775 0.00991096 0.00972961 0.00884816 0.00866479 0.00828036 0.00875737 0.00886343 0.00889516 0.00801844 0.00816308 0.0084655 0.00889228 0.00841552 0.00819197 0.00826122 0.00860984 0.00854969 0.00880255 0.00861862 0.00867433 0.00847342 0.00834241 0.0081878 0.00827578 0.00845454 0.00847669 0.00836661 0.00844026 
0.00686856 0.00372413 0.00374508 0 0.00371944 0.00372241 0.00375461 0.00607781 0.00648096 0.056404 0.0847237 0.851822 0.0103651 0.0151893 0.00920059 0.013197 0.0349884 0.025193 0.0149419 0.011545 0.00881042 0.00923576 0.0101196 0.0115175 0.060128 0.0367819 0.122869 0.0124831 0.00969638 0.0196048 0.0172015 0.0823706 0.0428388 0.0147145 0.0188745 0.0298496 0.0265528 0.0230397 0.00992521 0.00827888 0.00847211 0.0181093 0.0341403 0.0382369 0.0221982 0.00907296 0.00901575 0.00847545 0.00967218 0.0221168 0.013138 0.0127608 0.00912406 0.00875377 0.0100333 0.0103337 0.0105077 0.0141194 0.0101067 0.00964284 0.00873823 0.0102526 0.009653 0.0101276 0.00857192 0.00799631 0.00829524 0.00864221 0.00980655 0.00854518 0.00820516 0.00833111 0.00852226 0.00882013 0.00894999 0.00905167 0.00893453 0.00876452 0.00851713 0.0082959 0.00817536 0.00849253 0.00854696 0.0085121 0.00842589 
0.00760102 0.00376702 0.00374472 0.00371944 0 0.00370695 0.0037393 0.00438475 0.0166907 0.147745 0.745345 0.0162981 0.0118162 0.00853347 0.0103337 0.0120632 0.0181143 0.0238885 0.0176808 0.0102702 0.00921304 0.00967196 0.00952607 0.0141063 0.0139472 0.17652 0.0165171 0.0162276 0.00885725 0.0109915 0.0285195 0.0300105 0.0224692 0.0186007 0.01218 0.016117 0.0269929 0.0126481 0.0103052 0.00821297 0.00834711 0.0115123 0.0227841 0.0389192 0.0111619 0.00979443 0.00855871 0.00821711 0.0109532 0.0113118 0.0142116 0.00958462 0.00921359 0.00865657 0.00920585 0.00955767 0.0104457 0.00966172 0.00966822 0.00883273 0.00883319 0.00836648 0.00877629 0.00896332 0.00855394 0.00799384 0.008205 0.00862426 0.00882329 0.00860662 0.00826654 0.00827618 0.008513 0.00864668 0.00890246 0.00869163 0.00886035 0.00856363 0.00846723 0.0085306 0.00823264 0.00847415 0.0085593 0.0085239 0.0085623 
0.00863444 0.00380438 0.00377796 0.00372241 0.00370695 0 0.00383129 0.00591349 0.889449 0.0893308 0.00999124 0.00752706 0.00715067 0.00936534 0.00952607 0.0117592 0.0212333 0.015185 0.0132028 0.0111396 0.00925341 0.0104658 0.0106087 0.0137569 0.0345752 0.0126818 0.0288515 0.0103161 0.00977788 0.0127551 0.0112605 0.0127789 0.0108285 0.00968587 0.0106215 0.00961949 0.00943965 0.0133172 0.00921793 0.00860186 0.00848952 0.0115389 0.0139828 0.00997919 0.0101214 0.00901014 0.00860383 0.00835273 0.00899105 0.00972403 0.00876775 0.00904541 0.00854542 0.00839918 0.00864446 0.00897727 0.00866839 0.00871293 0.00848536 0.00853352 0.00826807 0.00821537 0.0085297 0.00860734 0.00824596 0.00804715 0.00806661 0.00834709 0.00832871 0.00827251 0.00804856 0.00811263 0.00825841 0.00827731 0.00822141 0.00832933 0.00834569 0.00826031 0.00822143 0.00803708 0.00812353 0.00823377 0.00825317 0.00818789 0.00812271 
0.0141313 0.00436978 0.003769 0.00375461 0.0037393 0.00383129 0 0.935814 0.0338474 0.0055248 0.00579805 0.00532971 0.00611105 0.00682869 0.00927817 0.0162342 0.0101117 0.00988988 0.0154808 0.0145339 0.00897762 0.0134492 0.0106973 0.0247517 0.0110467 0.00941871 0.00944143 0.0124874 0.0134702 0.0160818 0.00961024 0.00875055 0.00892907 0.00925218 0.00858705 0.00842291 0.00885778 0.00877146 0.00957275 0.0111652 0.0104806 0.0132678 0.00926481 0.00876972 0.00867695 0.00877145 0.00990343 0.00935706 0.00860795 0.00824226 0.00832467 0.00814947 0.00829078 0.00949399 0.0098226 0.00822495 0.00823562 0.00807955 0.00817485 0.00815018 0.00844915 0.00858522 0.00846041 0.00808343 0.00820039 0.00847777 0.00825748 0.00825327 0.00805709 0.00806908 0.00805498 0.00850283 0.0081306 0.0080615 0.00802619 0.00813312 0.00814709 0.00806156 0.00803846 0.0081455 0.00837715 0.00817232 0.00806881 0.0080904 0.00816021 
0.015846 0.00967249 0.00553735 0.00607781 0.00438475 0.00591349 0.935814 0 0.00382362 0.00373138 0.00373484 0.00378778 0.00378849 0.00463151 0.00553365 0.0102235 0.00823273 0.00861905 0.0272919 0.0103571 0.0130714 0.00989102 0.0329851 0.0104343 0.0150912 0.0101738 0.0175469 0.0138963 0.0174451 0.0149333 0.0093365 0.0105913 0.00989236 0.00866075 0.00913171 0.00968984 0.00939542 0.0104244 0.016668 0.0105948 0.0100023 0.0135733 0.00948682 0.00920605 0.0116435 0.0102217 0.0111163 0.00849242 0.00810896 0.00854818 0.00826089 0.00870716 0.00904756 0.00896123 0.00857792 0.00819534 0.0081771 0.00876381 0.00808289 0.00822854 0.00940525 0.00823572 0.00799908 0.0083091 0.00832663 0.0081606 0.00802964 0.00807979 0.00803432 0.00809758 0.00831688 0.00808867 0.00796399 0.00800059 0.00809482 0.0081187 0.00807505 0.00803342 0.00805854 0.00806854 0.00825209 0.00808812 0.00800901 0.00817068 0.00848471 
0.00786617 0.00602806 0.0103873 0.00648096 0.0166907 0.889449 0.0338474 0.00382362 0 0.00372107 0.0037193 0.00373722 0.00366972 0.00383468 0.00401834 0.00678288 0.00871513 0.0182601 0.00808767 0.00886531 0.00848638 0.0111254 0.00904925 0.0151245 0.0108439 0.0370041 0.0147313 0.0137728 0.00898306 0.0115692 0.0174697 0.0140838 0.0111977 0.0133814 0.0107062 0.0105871 0.0160761 0.0166583 0.00973178 0.00820093 0.00818111 0.01185 0.0161955 0.0190423 0.0103308 0.00989836 0.00854381 0.0080502 0.00935062 0.00910853 0.0104939 0.00908748 0.00881675 0.00808973 0.00859374 0.00895125 0.00920104 0.0089326 0.00907675 0.00866215 0.00863882 0.00820442 0.00862426 0.0087705 0.00833667 0.00794124 0.00809299 0.00854778 0.00855895 0.00848892 0.00823505 0.00801722 0.00849897 0.00860994 0.00850253 0.00865926 0.00880409 0.0085613 0.00847775 0.0083235 0.00809307 0.00842155 0.00840625 0.00842428 0.00830987 
0.00829188 0.0073552 0.00680744 0.056404 0.147745 0.0893308 0.0055248 0.00373138 0.00372107 0 0.00369576 0.00371001 0.00370672 0.00374663 0.00406988 0.00652733 0.0120038 0.0109913 0.00908655 0.00749967 0.00739955 0.00849448 0.00902955 0.00943047 0.0198077 0.0287557 0.0338478 0.0109935 0.00919585 0.0114895 0.0150387 0.032227 0.0280363 0.01904 0.0162181 0.0192521 0.0204361 0.0155145 0.0113118 0.00827554 0.0083702 0.011611 0.0208861 0.0297628 0.0146005 0.00916611 0.00858642 0.00823917 0.00899526 0.0151583 0.0123592 0.010948 0.009782 0.00838788 0.00934914 0.00944449 0.00945843 0.0111554 0.00950138 0.00909362 0.00857078 0.00840873 0.00877909 0.00909155 0.00877471 0.00797161 0.00810208 0.00860476 0.00887584 0.00854837 0.00811956 0.00811666 0.00845933 0.0088596 0.00898238 0.00886933 0.00880911 0.00866234 0.00846202 0.00825078 0.00810584 0.00834382 0.00848813 0.00841642 0.00838656 
0.00826101 0.00737343 0.0143335 0.0847237 0.745345 0.00999124 0.00579805 0.00373484 0.0037193 0.00369576 0 0.00370838 0.00370644 0.0037371 0.00377856 0.0136833 0.00851315 0.0137704 0.016362 0.007827 0.0074078 0.00868114 0.00896471 0.0118949 0.0116076 0.0463863 0.0193448 0.0180767 0.00913626 0.0118965 0.0176556 0.0283094 0.0323631 0.0198472 0.0153064 0.0147196 0.0195822 0.0173273 0.0111023 0.00829185 0.00838744 0.0142055 0.0213906 0.0396912 0.0129248 0.0106503 0.00866 0.00836146 0.0111744 0.0129943 0.0166128 0.0110144 0.0115007 0.00880684 0.00963965 0.0100763 0.0112824 0.0112054 0.0105684 0.00917221 0.00870365 0.0096071 0.00904117 0.00920993 0.00841441 0.00798851 0.0081515 0.00895517 0.00957299 0.00856149 0.00806493 0.00817091 0.00873604 0.00972065 0.00944238 0.00912693 0.00897708 0.00866673 0.00843004 0.00812987 0.00814177 0.00842964 0.00856564 0.00842585 0.00839087 
0.0083313 0.015287 0.0528484 0.851822 0.0162981 0.00752706 0.00532971 0.00378778 0.00373722 0.00371001 0.00370838 0 0.00371195 0.00426157 0.00376611 0.00774932 0.0085926 0.0396814 0.0241616 0.00851113 0.00664598 0.00865937 0.00999223 0.00994402 0.0197474 0.0187405 0.062914 0.0117068 0.0096789 0.0131291 0.0159958 0.0343693 0.0270925 0.0134067 0.0128551 0.0155574 0.0147305 0.0194007 0.0109364 0.00843047 0.00856547 0.0128976 0.0253462 0.0216663 0.0149489 0.00923526 0.00873419 0.00848666 0.0106794 0.0181745 0.0115 0.0114783 0.00927163 0.00827228 0.00958448 0.00981108 0.0099061 0.0114413 0.00929681 0.00917327 0.0085626 0.00869145 0.00882234 0.00875825 0.00921402 0.00797685 0.00822837 0.00863455 0.00890298 0.00849388 0.00811414 0.00822563 0.00847091 0.00867528 0.00886018 0.00895491 0.00863391 0.00847284 0.00841274 0.00813262 0.00822817 0.00830537 0.00844073 0.00845149 0.00836412 
0.00834464 0.0443794 0.861299 0.0103651 0.0118162 0.00715067 0.00611105 0.00378849 0.00366972 0.00370672 0.00370644 0.00371195 0 0.00436879 0.00374291 0.00573345 0.0212494 0.0266562 0.0122521 0.00629945 0.00622781 0.008632 0.00857864 0.0145074 0.0102267 0.0902068 0.0131849 0.0156584 0.00872103 0.0110644 0.0294953 0.0281352 0.0172065 0.0173322 0.0119232 0.0119214 0.026349 0.0121577 0.0108759 0.00823428 0.00834309 0.0121579 0.0207442 0.050276 0.00976017 0.011094 0.00861115 0.00847823 0.0118444 0.0109913 0.0197921 0.00917311 0.00934963 0.00849515 0.00909424 0.00972176 0.0109256 0.00964118 0.0102617 0.00884554 0.00851463 0.0084113 0.00886028 0.00871754 0.00897678 0.00795635 0.00813352 0.00859259 0.00893043 0.00841044 0.00812547 0.00808558 0.0083972 0.0088381 0.00890419 0.00869804 0.00863085 0.00851263 0.00837799 0.00812166 0.00814628 0.00836518 0.00843225 0.00823738 0.0083135 
0.0132403 0.828576 0.0115386 0.0151893 0.00853347 0.00936534 0.00682869 0.00463151 0.00383468 0.00374663 0.0037371 0.00426157 0.00436879 0 0.00387457 0.0161398 0.0640816 0.162859 0.00854984 0.0117779 0.00727222 0.0104116 0.0184124 0.0102156 0.0456874 0.0143216 0.0775893 0.0121622 0.0112376 0.0161387 0.0159349 0.0197664 0.0199104 0.00970243 0.0108519 0.0127953 0.0104122 0.0245962 0.0119147 0.00906267 0.00902007 0.0124552 0.0246014 0.0130591 0.023639 0.00926785 0.00915082 0.00877476 0.00903255 0.0140313 0.00963911 0.0131381 0.00883011 0.00835259 0.00942707 0.00959619 0.00939195 0.0101677 0.00882599 0.0091152 0.0088003 0.0083807 0.0087738 0.00911119 0.0087115 0.00797227 0.00816111 0.00866508 0.00866455 0.00859022 0.00811793 0.00822921 0.00846676 0.00870118 0.00859164 0.00870975 0.00859219 0.00849678 0.00855088 0.00812917 0.00816934 0.00832597 0.00848125 0.00832831 0.00826297 
0.0355247 0.0338499 0.0121637 0.00920059 0.0103337 0.00952607 0.00927817 0.00553365 0.00401834 0.00406988 0.00377856 0.00376611 0.00374291 0.00387457 0 0.0222703 0.170972 0.00693207 0.00835931 0.00985039 0.00720141 0.0148442 0.0118184 0.0291512 0.0118024 0.0196132 0.0177554 0.0682274 0.0172669 0.0196972 0.0121956 0.011265 0.0115949 0.0113066 0.00933923 0.00968255 0.0109649 0.012184 0.0189999 0.0131451 0.0119144 0.019485 0.0120033 0.0140999 0.0109357 0.0150163 0.0108578 0.00959359 0.00972879 0.00896964 0.00971921 0.00979495 0.0105327 0.0106555 0.0127484 0.00909098 0.0102992 0.0147044 0.00931489 0.00871763 0.00920661 0.00946496 0.00866365 0.0088175 0.00852473 0.00851129 0.00826713 0.00846216 0.00851993 0.0082735 0.00839269 0.00835138 0.00833348 0.0088594 0.00832049 0.00844166 0.0083841 0.00827759 0.00821713 0.00837038 0.00827868 0.0083347 0.00826496 0.00816894 0.00828235 
0.0170622 0.017688 0.0126448 0.013197 0.0120632 0.0117592 0.0162342 0.0102235 0.00678288 0.00652733 0.0136833 0.00774932 0.00573345 0.0161398 0.0222703 0 0.00375653 0.00377199 0.00437627 0.00568268 0.0101934 0.00861825 0.0194366 0.0170797 0.0137803 0.0161196 0.0253112 0.0291549 0.0161331 0.0383234 0.0137083 0.0152387 0.016489 0.0105291 0.0098669 0.0113573 0.0131935 0.0113452 0.0203295 0.0116219 0.0107946 0.0276548 0.0158268 0.0143612 0.0134659 0.0169343 0.0117242 0.00900771 0.00953474 0.00945557 0.00983384 0.00994001 0.0110292 0.0103582 0.00985689 0.00910696 0.00917359 0.0102798 0.00867604 0.00895532 0.0112494 0.00881219 0.00844919 0.0088341 0.00956481 0.00830128 0.0081589 0.00832473 0.00891716 0.00872536 0.00862617 0.00844266 0.00821775 0.00834826 0.00843598 0.00837209 0.00872102 0.00830645 0.00844107 0.00849276 0.00823636 0.00828726 0.00830182 0.00847766 0.00886247 
0.0100839 0.0137342 0.0397377 0.0349884 0.0181143 0.0212333 0.0101117 0.00823273 0.00871513 0.0120038 0.00851315 0.0085926 0.0212494 0.0640816 0.170972 0.00375653 0 0.00374361 0.00374051 0.00972546 0.00721224 0.0109366 0.00953664 0.0103836 0.0279997 0.0597877 0.0647075 0.0136196 0.00999783 0.0182624 0.0427964 0.0386094 0.02007 0.0116205 0.0120826 0.0175012 0.0204195 0.031781 0.0115716 0.00896703 0.00866378 0.0188753 0.0478698 0.0599522 0.0247476 0.00978271 0.00931425 0.00851136 0.0108369 0.0186373 0.0129069 0.0124099 0.00906331 0.0087224 0.0101874 0.0104078 0.0117255 0.0113578 0.00919773 0.0100355 0.00911489 0.0091126 0.00886282 0.0104592 0.0086623 0.00801963 0.00818369 0.00861371 0.00935996 0.00876636 0.00825017 0.00823405 0.00861576 0.00876719 0.00893363 0.00878528 0.00872311 0.00863634 0.00876872 0.00833419 0.00823688 0.00846762 0.00866641 0.00846268 0.00843008 
0.00963687 0.0140829 0.0305229 0.025193 0.0238885 0.015185 0.00988988 0.00861905 0.0182601 0.0109913 0.0137704 0.0396814 0.0266562 0.162859 0.00693207 0.00377199 0.00374361 0 0.00377875 0.00480591 0.00525915 0.00730169 0.00948546 0.0110385 0.0277007 0.0606624 0.0463443 0.0290832 0.0113378 0.0140541 0.037322 0.025259 0.0197653 0.016653 0.0117969 0.0141813 0.0226807 0.0378626 0.0165839 0.00940829 0.00988089 0.0141534 0.0955427 0.0463901 0.0188355 0.0119683 0.00938764 0.00889967 0.0134501 0.0122237 0.0221197 0.012333 0.0112924 0.00904363 0.0103431 0.0114893 0.0117786 0.0112031 0.0107343 0.00949305 0.00981177 0.00882059 0.0100417 0.0103335 0.00932328 0.00816354 0.0081709 0.00886673 0.00941532 0.00927651 0.00828536 0.00825974 0.00858605 0.00914874 0.00898012 0.00882547 0.00894347 0.00914412 0.00876318 0.0085492 0.00824134 0.00852168 0.00871602 0.00853725 0.00839109 
0.025524 0.0368688 0.0127651 0.0149419 0.0176808 0.0132028 0.0154808 0.0272919 0.00808767 0.00908655 0.016362 0.0241616 0.0122521 0.00854984 0.00835931 0.00437627 0.00374051 0.00377875 0 0.0100185 0.00442123 0.0120368 0.0127707 0.0271152 0.021711 0.0153225 0.0339993 0.0624251 0.0433232 0.0539157 0.0131381 0.0196989 0.0146818 0.0124665 0.0117722 0.0115495 0.0118251 0.0187746 0.037998 0.02452 0.0198069 0.0643791 0.0193139 0.0166244 0.0165098 0.0198225 0.0195206 0.0152157 0.00976053 0.0117994 0.00997474 0.0123625 0.0144662 0.0168262 0.0401781 0.00913094 0.0126857 0.0213172 0.0110719 0.00909028 0.011856 0.0132436 0.00911322 0.00908883 0.00970057 0.0101868 0.00963837 0.00890777 0.0093367 0.00859436 0.00896994 0.0100708 0.00845783 0.00850189 0.00855818 0.00870653 0.00872074 0.00853846 0.00836077 0.00879749 0.00969715 0.00846677 0.00858041 0.00828998 0.0084736 
0.0250492 0.0119356 0.012897 0.011545 0.0102702 0.0111396 0.0145339 0.0103571 0.00886531 0.00749967 0.007827 0.00851113 0.00629945 0.0117779 0.00985039 0.00568268 0.00972546 0.00480591 0.0100185 0 0.00455078 0.00499142 0.908069 0.00578492 0.00832555 0.0089907 0.0100912 0.0187606 0.0242527 0.0168279 0.0133548 0.0104436 0.0109154 0.00920076 0.00914317 0.0100313 0.0104904 0.0120373 0.0186584 0.0170378 0.0175578 0.0136248 0.0123971 0.0102066 0.0125665 0.0140086 0.0167674 0.00897408 0.00946886 0.00862603 0.0084614 0.00929024 0.00953203 0.010624 0.00848252 0.00856117 0.00843016 0.00886738 0.00828046 0.00869795 0.00971562 0.00847208 0.0083672 0.00892861 0.00878752 0.00905161 0.00811851 0.00820362 0.00822509 0.00813553 0.00836844 0.00849602 0.00818682 0.00814818 0.00817857 0.00815047 0.00811591 0.00809825 0.00808025 0.0081199 0.00828105 0.00814072 0.0080538 0.00817997 0.00846134 
0.0126858 0.013732 0.0103966 0.00881042 0.00921304 0.00925341 0.00897762 0.0130714 0.00848638 0.00739955 0.0074078 0.00664598 0.00622781 0.00727222 0.00720141 0.0101934 0.00721224 0.00525915 0.00442123 0.00455078 0 0.95686 0.00583841 0.00865032 0.00748002 0.00766997 0.00844729 0.00877134 0.0125196 0.0178396 0.010752 0.00900857 0.00879604 0.00893335 0.00841227 0.00861608 0.00901633 0.0115939 0.00983264 0.0169373 0.0127869 0.0151427 0.0106207 0.0091277 0.00940866 0.0097787 0.012201 0.00978738 0.00880288 0.00832361 0.00841939 0.00840448 0.00826935 0.0103954 0.00878679 0.00854857 0.00828173 0.00837409 0.0082659 0.00821559 0.00830411 0.00875807 0.00845729 0.00823886 0.0082389 0.00835234 0.00834072 0.00820212 0.00811046 0.00813006 0.00808069 0.0083722 0.00814827 0.00805922 0.00801687 0.00825713 0.00818524 0.00808988 0.00810722 0.00806829 0.00837719 0.00804337 0.00812288 0.00805441 0.00808607 
0.0123773 0.00938866 0.0115219 0.00923576 0.00967196 0.0104658 0.0134492 0.00989102 0.0111254 0.00849448 0.00868114 0.00865937 0.008632 0.0104116 0.0148442 0.00861825 0.0109366 0.00730169 0.0120368 0.00499142 0.95686 0 0.00485487 0.00426565 0.0085122 0.0102824 0.00628067 0.0126824 0.00941721 0.011957 0.0108109 0.00904186 0.00906234 0.00901255 0.00865327 0.00863827 0.0105788 0.0102915 0.0140754 0.0145968 0.011621 0.0106986 0.0102017 0.00994924 0.00983958 0.0177565 0.0117629 0.00830338 0.00872204 0.00822223 0.00836826 0.00865237 0.00968875 0.00900372 0.00819073 0.00825629 0.00839569 0.00847055 0.00833501 0.00821137 0.00918067 0.00818689 0.00813816 0.00929722 0.00833266 0.00850537 0.00793152 0.00811428 0.00806611 0.00810197 0.00830017 0.00800736 0.00805842 0.00797464 0.00806674 0.0081716 0.00804968 0.00803038 0.00805135 0.00809625 0.00808137 0.00804781 0.00797438 0.00803247 0.00828104 
0.0154487 0.0174861 0.00896228 0.0101196 0.00952607 0.0106087 0.0106973 0.0329851 0.00904925 0.00902955 0.00896471 0.00999223 0.00857864 0.0184124 0.0118184 0.0194366 0.00953664 0.00948546 0.0127707 0.908069 0.00583841 0.00485487 0 0.00650647 0.00804538 0.00543029 0.0108305 0.0067119 0.0126588 0.020992 0.00972858 0.00978272 0.00890488 0.0158083 0.00879462 0.00915519 0.00888202 0.0114466 0.0125514 0.0177885 0.0162356 0.0164704 0.0108111 0.00903416 0.0136835 0.009456 0.0140415 0.0108559 0.00897629 0.00862594 0.00813329 0.00903213 0.00844263 0.0119134 0.0102341 0.00826216 0.0081684 0.00873228 0.00822557 0.00821927 0.00864231 0.0101899 0.00814872 0.00816773 0.00816205 0.00850195 0.00832414 0.00815618 0.00799831 0.00805717 0.00818055 0.0086368 0.00800847 0.00799688 0.00802041 0.00807765 0.00808167 0.00802792 0.00812518 0.00806886 0.00850088 0.00801795 0.00807855 0.00820657 0.008187 
0.0117734 0.0113383 0.017792 0.0115175 0.0141063 0.0137569 0.0247517 0.0104343 0.0151245 0.00943047 0.0118949 0.00994402 0.0145074 0.0102156 0.0291512 0.0170797 0.0103836 0.0110385 0.0271152 0.00578492 0.00865032 0.00426565 0.00650647 0 0.00373891 0.00373385 0.00375406 0.00403632 0.00450893 0.010923 0.00928054 0.00972744 0.0188418 0.0785821 0.0147051 0.00901415 0.0138586 0.0116442 0.0277149 0.0118884 0.0120449 0.0219393 0.0124682 0.0157511 0.011146 0.0544915 0.0119929 0.00954336 0.0127665 0.00906836 0.0122826 0.00908005 0.0149859 0.0109152 0.00923144 0.0096809 0.0098073 0.00975191 0.0106741 0.00850168 0.012831 0.00837419 0.00828943 0.00854453 0.00933595 0.00841368 0.00799846 0.00824773 0.00828342 0.00850754 0.00875669 0.00803626 0.0082357 0.00826101 0.00851565 0.00833329 0.00828347 0.00833763 0.00817601 0.00855365 0.00806701 0.00823634 0.00818982 0.0082717 0.00901074 
0.0093873 0.0135702 0.0140382 0.060128 0.0139472 0.0345752 0.0110467 0.0150912 0.0108439 0.0198077 0.0116076 0.0197474 0.0102267 0.0456874 0.0118024 0.0137803 0.0279997 0.0277007 0.021711 0.00832555 0.00748002 0.0085122 0.00804538 0.00373891 0 0.00370614 0.00375677 0.0037508 0.00440683 0.0150914 0.0245555 0.0206228 0.256962 0.0104699 0.0101292 0.0254106 0.0107128 0.0479285 0.0145992 0.0100596 0.00996546 0.0156459 0.0419917 0.0145613 0.0525581 0.0105254 0.0114266 0.00886397 0.0106688 0.0281336 0.0106479 0.0198045 0.00942562 0.00893751 0.00950058 0.0109108 0.0102895 0.0191353 0.00956872 0.0115349 0.00933027 0.00888285 0.00927305 0.00981219 0.009362 0.00803147 0.00819121 0.00873832 0.00937088 0.00913424 0.00851036 0.00826178 0.00946545 0.00907992 0.00939437 0.00936671 0.00879467 0.00882318 0.00899319 0.00826912 0.00818351 0.00851806 0.00860636 0.00881466 0.00874791 
0.00889114 0.011529 0.0706426 0.0367819 0.17652 0.0126818 0.00941871 0.0101738 0.0370041 0.0287557 0.0463863 0.0187405 0.0902068 0.0143216 0.0196132 0.0161196 0.0597877 0.0606624 0.0153225 0.0089907 0.00766997 0.0102824 0.00543029 0.00373385 0.00370614 0 0.00372146 0.00373853 0.00419441 0.025179 0.04902 0.319911 0.0221189 0.0251722 0.0124116 0.014919 0.0939203 0.0143457 0.0135156 0.00881923 0.00910325 0.0199986 0.0433146 0.215156 0.0122726 0.0187518 0.00983813 0.00907755 0.0265022 0.0178136 0.131255 0.0114192 0.0117129 0.00967311 0.0132788 0.0167545 0.0335501 0.0155403 0.0361959 0.0102776 0.00974068 0.00909145 0.0108976 0.0118469 0.00949117 0.00815902 0.00844534 0.00932395 0.0115966 0.00994973 0.00850516 0.00855563 0.00897158 0.010828 0.0111861 0.00992937 0.00989852 0.0101385 0.00939325 0.00876668 0.00829194 0.00886568 0.00923558 0.00921361 0.00870544 
0.00980462 0.020463 0.0180277 0.122869 0.0165171 0.0288515 0.00944143 0.0175469 0.0147313 0.0338478 0.0193448 0.062914 0.0131849 0.0775893 0.0177554 0.0253112 0.0647075 0.0463443 0.0339993 0.0100912 0.00844729 0.00628067 0.0108305 0.00375406 0.00375677 0.00372146 0 0.0037499 0.0058606 0.0380558 0.381045 0.0440856 0.0542806 0.00930681 0.013232 0.0263031 0.0128375 0.0639073 0.0148461 0.0106507 0.0110632 0.0200269 0.0944735 0.020064 0.0876718 0.0103523 0.0145721 0.010622 0.0129317 0.0562564 0.0119691 0.0494391 0.0106268 0.0103978 0.0152571 0.0159055 0.0175129 0.0331882 0.015846 0.0161904 0.00936191 0.00990186 0.0108162 0.0132707 0.00940545 0.00825193 0.00840444 0.00949476 0.0104374 0.00960203 0.00828797 0.0084007 0.00920225 0.00962354 0.00971993 0.00965234 0.00944619 0.00928551 0.00932743 0.0081793 0.00827788 0.00876732 0.00903971 0.00898805 0.00828489 
0.0116964 0.0155833 0.0218911 0.0124831 0.0162276 0.0103161 0.0124874 0.0138963 0.0137728 0.0109935 0.0180767 0.0117068 0.0156584 0.0121622 0.0682274 0.0291549 0.0136196 0.0290832 0.0624251 0.0187606 0.00877134 0.0126824 0.0067119 0.00403632 0.0037508 0.00373853 0.0037499 0 0.0116401 0.299093 0.0245524 0.0205385 0.0120401 0.0156914 0.0105391 0.0103706 0.0117178 0.0160667 0.0476223 0.0133584 0.0150967 0.044971 0.0160335 0.0193047 0.0117527 0.0427052 0.0174031 0.0120514 0.0168124 0.00927863 0.014685 0.0106377 0.0260152 0.0142323 0.0141341 0.00970626 0.010746 0.0110721 0.0100886 0.00922416 0.0126865 0.0113272 0.00901111 0.00944095 0.0103566 0.00941336 0.0085857 0.00876041 0.00895806 0.00891257 0.00875255 0.00913993 0.00841603 0.00880143 0.00850635 0.00898323 0.00935698 0.00975212 0.00845194 0.00898335 0.00865891 0.00826074 0.00834104 0.00824662 0.0084116 
0.0225381 0.0123191 0.00893359 0.00969638 0.00885725 0.00977788 0.0134702 0.0174451 0.00898306 0.00919585 0.00913626 0.0096789 0.00872103 0.0112376 0.0172669 0.0161331 0.00999783 0.0113378 0.0433232 0.0242527 0.0125196 0.00941721 0.0126588 0.00450893 0.00440683 0.00419441 0.0058606 0.0116401 0 0.0217582 0.00763703 0.00674181 0.00702591 0.00673674 0.00626903 0.00683258 0.00741267 0.00988542 0.0165928 0.0608721 0.0437087 0.0146241 0.0104894 0.00937962 0.0125063 0.0138834 0.0389539 0.0109444 0.00874855 0.0087022 0.00840577 0.00894921 0.00984399 0.021024 0.00964829 0.00818837 0.00824906 0.00877672 0.00816754 0.00822554 0.00972856 0.00892312 0.00807757 0.00817039 0.00925998 0.0100325 0.00819123 0.00801236 0.00817216 0.008071 0.00864181 0.0082985 0.00790312 0.0080038 0.00804425 0.00814483 0.00802431 0.00807055 0.00799068 0.00842649 0.00834601 0.00796005 0.00798392 0.00805831 0.00851898 
0.0107636 0.0162503 0.0116782 0.0196048 0.0109915 0.0127551 0.0160818 0.0149333 0.0115692 0.0114895 0.0118965 0.0131291 0.0110644 0.0161387 0.0196972 0.0383234 0.0182624 0.0140541 0.0539157 0.0168279 0.0178396 0.011957 0.020992 0.010923 0.0150914 0.025179 0.0380558 0.299093 0.0217582 0 0.00380503 0.00371049 0.00372572 0.00371715 0.0038213 0.00401248 0.00443673 0.00654322 0.0141135 0.010479 0.0136888 0.053572 0.0191989 0.013768 0.0204862 0.0344687 0.020446 0.0117856 0.0114713 0.0130715 0.0102749 0.0126177 0.0153479 0.0139052 0.0116482 0.0108512 0.0100032 0.0115569 0.0093822 0.0114342 0.0153902 0.0105501 0.00886813 0.00994096 0.0115495 0.00868458 0.00855635 0.00860457 0.00909114 0.00876983 0.00957608 0.0084447 0.00841413 0.00885863 0.00905149 0.00907605 0.00862965 0.00879821 0.00858332 0.00864525 0.00868421 0.00840807 0.0084626 0.00866062 0.00910527 
0.008291 0.0101945 0.0404625 0.0172015 0.0285195 0.0112605 0.00961024 0.0093365 0.0174697 0.0150387 0.0176556 0.0159958 0.0294953 0.0159349 0.0121956 0.0137083 0.0427964 0.037322 0.0131381 0.0133548 0.010752 0.0108109 0.00972858 0.00928054 0.0245555 0.04902 0.381045 0.0245524 0.00763703 0.00380503 0 0.0037267 0.00371768 0.00373304 0.00373113 0.00390032 0.00398821 0.00583127 0.00430618 0.00628877 0.00829686 0.014777 0.0365787 0.0319946 0.0276237 0.0238429 0.0108565 0.00934661 0.0259341 0.0157243 0.029573 0.0140347 0.0113567 0.0095138 0.00993632 0.0157362 0.0147789 0.0119026 0.0245 0.0118471 0.0102029 0.00875155 0.0108211 0.010439 0.0098215 0.00800799 0.00825025 0.00921347 0.00934269 0.00930227 0.00845404 0.00815159 0.00879674 0.00918326 0.00943241 0.00934117 0.00930881 0.0091051 0.00896348 0.00833162 0.00817859 0.00860308 0.00878359 0.00863506 0.00837968 
0.00824976 0.0117624 0.0163987 0.0823706 0.0300105 0.0127789 0.00875055 0.0105913 0.0140838 0.032227 0.0283094 0.0343693 0.0281352 0.0197664 0.011265 0.0152387 0.0386094 0.025259 0.0196989 0.0104436 0.00900857 0.00904186 0.00978272 0.00972744 0.0206228 0.319911 0.0440856 0.0205385 0.00674181 0.00371049 0.0037267 0 0.00369907 0.00369843 0.00370397 0.00475866 0.00489209 0.00399498 0.00441536 0.00556251 0.00748176 0.0128562 0.0257299 0.0335345 0.0222166 0.0104506 0.00989314 0.0096063 0.0194603 0.0729282 0.0290551 0.0226442 0.0110382 0.00998737 0.0148362 0.0157373 0.023456 0.0413839 0.0190371 0.016605 0.00940768 0.00975668 0.0120807 0.0126596 0.00923175 0.0081464 0.00843137 0.00929043 0.0139521 0.00952256 0.00844711 0.00841966 0.00930388 0.0106237 0.0122375 0.0119998 0.0110278 0.0105918 0.00976873 0.00828648 0.00831813 0.00877917 0.00941041 0.00883768 0.00854073 
0.00831136 0.00993185 0.0155813 0.0428388 0.0224692 0.0108285 0.00892907 0.00989236 0.0111977 0.0280363 0.0323631 0.0270925 0.0172065 0.0199104 0.0115949 0.016489 0.02007 0.0197653 0.0146818 0.0109154 0.00879604 0.00906234 0.00890488 0.0188418 0.256962 0.0221189 0.0542806 0.0120401 0.00702591 0.00372572 0.00371768 0.00369907 0 0.00370369 0.00370067 0.00376352 0.00378727 0.00378267 0.00389266 0.0054477 0.00717123 0.0136392 0.0155454 0.0248859 0.0214815 0.0098663 0.0106348 0.0092909 0.0177968 0.0346056 0.0266852 0.0191594 0.0103353 0.00920609 0.0118145 0.0133554 0.0261841 0.031507 0.0156304 0.0126495 0.00986886 0.00941462 0.0105859 0.0130855 0.00907169 0.00810942 0.00823282 0.00943611 0.0119361 0.00930233 0.00840595 0.00827922 0.00871534 0.0102494 0.0107372 0.0103002 0.0105379 0.00986192 0.00901226 0.00820863 0.0082487 0.00878479 0.00895255 0.00870022 0.00841764 
0.00816981 0.00891635 0.0190117 0.0147145 0.0186007 0.00968587 0.00925218 0.00866075 0.0133814 0.01904 0.0198472 0.0134067 0.0173322 0.00970243 0.0113066 0.0105291 0.0116205 0.016653 0.0124665 0.00920076 0.00893335 0.00901255 0.0158083 0.0785821 0.0104699 0.0251722 0.00930681 0.0156914 0.00673674 0.00371715 0.00373304 0.00369843 0.00370369 0 0.00406554 0.00387662 0.00372225 0.00368934 0.00384878 0.00499862 0.00656279 0.0094348 0.0157134 0.0143743 0.00954801 0.095498 0.00949213 0.0091063 0.0151136 0.0121398 0.0235472 0.00979416 0.0101846 0.00888383 0.00955137 0.0135092 0.0167208 0.0121444 0.0167202 0.011333 0.00945097 0.00862002 0.00925877 0.00972846 0.00935592 0.00803346 0.00822705 0.00875124 0.00945417 0.00882175 0.00827391 0.00817427 0.00865715 0.00896251 0.00975998 0.00926718 0.00913388 0.00899742 0.00849027 0.0082321 0.00813209 0.00847466 0.00856297 0.00844273 0.00825634 
0.00814194 0.00909163 0.0110961 0.0188745 0.01218 0.0106215 0.00858705 0.00913171 0.0107062 0.0162181 0.0153064 0.0128551 0.0119232 0.0108519 0.00933923 0.0098669 0.0120826 0.0117969 0.0117722 0.00914317 0.00841227 0.00865327 0.00879462 0.0147051 0.0101292 0.0124116 0.013232 0.0105391 0.00626903 0.0038213 0.00373113 0.00370397 0.00370067 0.00406554 0 0.00371127 0.0037214 0.00377513 0.00372567 0.00433856 0.00598243 0.0114243 0.00946794 0.0129589 0.0138358 0.0591298 0.00883059 0.00894605 0.0106594 0.0151446 0.0126049 0.0124204 0.0093372 0.00889526 0.0116694 0.0112003 0.0126359 0.0144056 0.0107349 0.00934142 0.00905784 0.00838293 0.00888443 0.0093758 0.00859806 0.00798748 0.00812202 0.00871797 0.00979523 0.00861886 0.00813141 0.00816788 0.00848135 0.00904024 0.00925373 0.00973026 0.00915107 0.00894662 0.00860399 0.00809474 0.00809988 0.00834085 0.00847445 0.0083755 0.008204 
0.00815613 0.00927899 0.0107792 0.0298496 0.016117 0.00961949 0.00842291 0.00968984 0.0105871 0.0192521 0.0147196 0.0155574 0.0119214 0.0127953 0.00968255 0.0113573 0.0175012 0.0141813 0.0115495 0.0100313 0.00861608 0.00863827 0.00915519 0.00901415 0.0254106 0.014919 0.0263031 0.0103706 0.00683258 0.00401248 0.00390032 0.00475866 0.00376352 0.00387662 0.00371127 0 0.00371779 0.00370305 0.00371917 0.00428684 0.00637361 0.0111677 0.0207241 0.0133409 0.413119 0.00864554 0.00964301 0.00897123 0.0102785 0.02993 0.015661 0.0129691 0.0089348 0.00859454 0.0120077 0.0119681 0.0128467 0.0232427 0.0108817 0.0106748 0.00868921 0.0087175 0.00992035 0.0101488 0.00859464 0.00800579 0.00817939 0.00896543 0.0105165 0.00918754 0.00827598 0.00816641 0.00891829 0.00929691 0.0108594 0.00949541 0.0094573 0.00915199 0.00897051 0.00823091 0.00813375 0.00849785 0.00868847 0.00863044 0.00823616 
0.00817229 0.00905426 0.0198942 0.0265528 0.0269929 0.00943965 0.00885778 0.00939542 0.0160761 0.0204361 0.0195822 0.0147305 0.026349 0.0104122 0.0109649 0.0131935 0.0204195 0.0226807 0.0118251 0.0104904 0.00901633 0.0105788 0.00888202 0.0138586 0.0107128 0.0939203 0.0128375 0.0117178 0.00741267 0.00443673 0.00398821 0.00489209 0.00378727 0.00372225 0.0037214 0.00371779 0 0.00370276 0.00371315 0.00421249 0.00652393 0.0159704 0.0148564 0.504434 0.00969398 0.0120869 0.00963328 0.00964943 0.0197197 0.0212214 0.055957 0.00969323 0.00970554 0.00940803 0.0106497 0.014992 0.029564 0.0130579 0.0224632 0.0091514 0.00943317 0.00883958 0.0104313 0.00991476 0.0089392 0.00800759 0.00814955 0.0090764 0.0108409 0.00932173 0.00833753 0.00834336 0.00859901 0.0101958 0.0100239 0.0096671 0.00955348 0.00938977 0.00875497 0.00832049 0.00816114 0.00863894 0.00916201 0.00867315 0.00840624 
0.00846824 0.0102694 0.0280947 0.0230397 0.0126481 0.0133172 0.00877146 0.0104244 0.0166583 0.0155145 0.0173273 0.0194007 0.0121577 0.0245962 0.012184 0.0113452 0.031781 0.0378626 0.0187746 0.0120373 0.0115939 0.0102915 0.0114466 0.0116442 0.0479285 0.0143457 0.0639073 0.0160667 0.00988542 0.00654322 0.00583127 0.00399498 0.00378267 0.00368934 0.00377513 0.00370305 0.00370276 0 0.00376444 0.00707646 0.00793017 0.0107281 0.611898 0.0122916 0.0501355 0.0105508 0.0119359 0.0103304 0.0355083 0.0261867 0.0119313 0.0320071 0.0108465 0.0101726 0.0120967 0.0210306 0.0135531 0.0176951 0.0101505 0.0153028 0.0102275 0.00960182 0.0117359 0.0125818 0.0100574 0.00820257 0.00844212 0.00932187 0.00985892 0.0100623 0.00862719 0.00836075 0.00897256 0.00955136 0.00954083 0.0097322 0.00931335 0.00929198 0.00904374 0.00852987 0.00846354 0.00867748 0.00867275 0.00864286 0.00831198 
0.0104136 0.0124298 0.00983154 0.00992521 0.0103052 0.00921793 0.00957275 0.016668 0.00973178 0.0113118 0.0111023 0.0109364 0.0108759 0.0119147 0.0189999 0.0203295 0.0115716 0.0165839 0.037998 0.0186584 0.00983264 0.0140754 0.0125514 0.0277149 0.0145992 0.0135156 0.0148461 0.0476223 0.0165928 0.0141135 0.00430618 0.00441536 0.00389266 0.00384878 0.00372567 0.00371917 0.00371315 0.00376444 0 0.0095519 0.0103568 0.504356 0.0112056 0.0216463 0.0137508 0.0218903 0.0180513 0.0211352 0.0117929 0.0105567 0.0117973 0.0122982 0.019918 0.0134336 0.0202198 0.00964761 0.0097092 0.0101546 0.00991802 0.00941907 0.0130604 0.0119649 0.0093731 0.00940476 0.0100956 0.00936811 0.00902912 0.0089461 0.00880779 0.00912242 0.00853124 0.00944169 0.0083949 0.00836883 0.00855482 0.0086789 0.00878109 0.00859691 0.00863143 0.0084408 0.00879182 0.0083249 0.00835845 0.00822166 0.00821422 
0.0141354 0.00952902 0.0082616 0.00827888 0.00821297 0.00860186 0.0111652 0.0105948 0.00820093 0.00827554 0.00829185 0.00843047 0.00823428 0.00906267 0.0131451 0.0116219 0.00896703 0.00940829 0.02452 0.0170378 0.0169373 0.0145968 0.0177885 0.0118884 0.0100596 0.00881923 0.0106507 0.0133584 0.0608721 0.010479 0.00628877 0.00556251 0.0054477 0.00499862 0.00433856 0.00428684 0.00421249 0.00707646 0.0095519 0 0.950313 0.00873498 0.0133725 0.00887899 0.00831968 0.0102752 0.056231 0.0125484 0.00892502 0.00893266 0.00832923 0.00924123 0.0105862 0.017678 0.00961504 0.00843521 0.00818286 0.00846076 0.00811791 0.00848725 0.0109034 0.00975499 0.00813174 0.00816806 0.00885706 0.011896 0.00929175 0.00806355 0.00792029 0.00807675 0.00925553 0.00883108 0.00793536 0.0078661 0.00794629 0.00798734 0.00791796 0.00792467 0.00800871 0.00837203 0.00864982 0.00801886 0.0079255 0.00806919 0.00899743 
0.012249 0.00914866 0.00834716 0.00847211 0.00834711 0.00848952 0.0104806 0.0100023 0.00818111 0.0083702 0.00838744 0.00856547 0.00834309 0.00902007 0.0119144 0.0107946 0.00866378 0.00988089 0.0198069 0.0175578 0.0127869 0.011621 0.0162356 0.0120449 0.00996546 0.00910325 0.0110632 0.0150967 0.0437087 0.0136888 0.00829686 0.00748176 0.00717123 0.00656279 0.00598243 0.00637361 0.00652393 0.00793017 0.0103568 0.950313 0 0.00865789 0.00528253 0.00385323 0.00529594 0.00725279 0.0342483 0.0119201 0.00935479 0.00890922 0.00870146 0.00991555 0.0125022 0.0165984 0.0106777 0.00860162 0.00845419 0.00881161 0.00840112 0.00879658 0.0122664 0.00921127 0.00823243 0.00843179 0.00965542 0.0109601 0.00847568 0.00802831 0.00804398 0.00829169 0.00943925 0.00851323 0.0079467 0.00793998 0.00806583 0.00812934 0.0080624 0.00801858 0.00815942 0.00849663 0.00875139 0.00798836 0.00801852 0.00818595 0.00879904 
0.00960855 0.0140832 0.0119979 0.0181093 0.0115123 0.0115389 0.0132678 0.0135733 0.01185 0.011611 0.0142055 0.0128976 0.0121579 0.0124552 0.019485 0.0276548 0.0188753 0.0141534 0.0643791 0.0136248 0.0151427 0.0106986 0.0164704 0.0219393 0.0156459 0.0199986 0.0200269 0.044971 0.0146241 0.053572 0.014777 0.0128562 0.0136392 0.0094348 0.0114243 0.0111677 0.0159704 0.0107281 0.504356 0.00873498 0.00865789 0 0.00380766 0.00376256 0.00389514 0.00413272 0.0258312 0.0402078 0.020403 0.0204279 0.0133688 0.0138251 0.0277875 0.0326949 0.0232364 0.0184057 0.0145792 0.0168611 0.013909 0.0146214 0.0313821 0.0117685 0.0120845 0.0126139 0.0159654 0.0109381 0.00978361 0.00986366 0.0112112 0.010668 0.013021 0.00901502 0.00926242 0.00975956 0.0118703 0.0102197 0.0101541 0.0101552 0.00967467 0.0108276 0.00933583 0.00876725 0.00925799 0.00936361 0.0104958 
0.00820942 0.0102026 0.020254 0.0341403 0.0227841 0.0139828 0.00926481 0.00948682 0.0161955 0.0208861 0.0213906 0.0253462 0.0207442 0.0246014 0.0120033 0.0158268 0.0478698 0.0955427 0.0193139 0.0123971 0.0106207 0.0102017 0.0108111 0.0124682 0.0419917 0.0433146 0.0944735 0.0160335 0.0104894 0.0191989 0.0365787 0.0257299 0.0155454 0.0157134 0.00946794 0.0207241 0.0148564 0.611898 0.0112056 0.0133725 0.00528253 0.00380766 0 0.00372144 0.00378475 0.00374737 0.0144105 0.0162811 0.0564079 0.0450958 0.0334428 0.0451898 0.0135285 0.0123932 0.0163256 0.0397657 0.0340371 0.0439866 0.0271896 0.033306 0.0119471 0.0108921 0.020854 0.024367 0.0129703 0.00878527 0.00858888 0.0131344 0.0167369 0.0139603 0.00983277 0.00877595 0.0114886 0.012547 0.012902 0.0161351 0.0131017 0.0134666 0.0124367 0.00913005 0.00853837 0.00963242 0.00982673 0.0106944 0.00894448 
