1O7ZA
CTCISISNQPVNPRSLEKLEIIPASQFCPRVEIIATMKKKGEKRCLNPESKAIKNLLKAV
CCCCCCECCCCCCCCEEEEEEECCCCCCCCCEEEEEECCCCCEEEECCCCHHHHHHHHHC
0 0 0 0 0 0 0 0 0 0 0 0 0 0 0 0 0 0 0 0 0 0 0 0 0 0 0 0 0 0 0 0 0 0 0 0 0 0 0 0 0 0 0 0 0 0 0 0 0 0 0 0 0 0 0 0 0 0 0 0 
0 0 0 0 0 0 0 0 0 0 0 0 0 0 0 0 0 0 0 0 0 0 0 0 0 0 0 0 0 0 0 0 0 0 0 0 0 0 0 0 0 0 0 0 0 0 0 0 0 0 0 0 0 0 0 0 0 0 0 0 
0 0.0342248 0.00663599 0.00566974 0.00840484 0.00684055 0.00842517 0.0137762 0.0180556 0.010935 0.00893436 0.00865992 0.00970499 0.0168104 0.0116964 0.0092126 0.00921088 0.0139794 
0.0342248 0 0.00375471 0.00377015 0.00389175 0.00376174 0.00431746 0.00629175 0.0112297 0.0109817 0.00998138 0.010508 0.0117372 0.491669 0.0157399 0.0101473 0.0127369 0.0515085 
0.00663599 0.00375471 0 0.00375507 0.00373948 0.00371993 0.00381886 0.00377568 0.0107511 0.013238 0.010774 0.00996117 0.114114 0.0773378 0.00875539 0.0129288 0.0135416 0.00913871 
0.00566974 0.00377015 0.00375507 0 0.00370136 0.00366781 0.00370368 0.00370118 0.0087981 0.010731 0.0186019 0.0443435 0.638997 0.0124747 0.00907937 0.0108929 0.0115314 0.0108185 
0.00840484 0.00389175 0.00373948 0.00370136 0 0.00370869 0.00374116 0.00377281 0.00707189 0.0151904 0.0144134 0.809091 0.0107745 0.0121522 0.00956501 0.0117383 0.0114142 0.0107055 
0.00684055 0.00376174 0.00371993 0.00366781 0.00370869 0 0.00373745 0.00368701 0.0163819 0.0175051 0.886276 0.0147681 0.0210053 0.00852094 0.00958989 0.0167343 0.0137446 0.0110052 
0.00842517 0.00431746 0.00381886 0.00370368 0.00374116 0.00373745 0 0.00381295 0.0132379 0.889773 0.0133707 0.0290702 0.0146763 0.0124011 0.0110436 0.0113002 0.0180569 0.0117386 
0.0137762 0.00629175 0.00377568 0.00370118 0.00377281 0.00368701 0.00381295 0 0.846549 0.010026 0.0104482 0.0101153 0.0112429 0.01235 0.011565 0.00865811 0.00867054 0.013921 
0.0180556 0.0112297 0.0107511 0.0087981 0.00707189 0.0163819 0.0132379 0.846549 0 0.0039785 0.00375607 0.00374941 0.00398428 0.00423927 0.00712048 0.0076698 0.00759945 0.0233151 
0.010935 0.0109817 0.013238 0.010731 0.0151904 0.0175051 0.889773 0.010026 0.0039785 0 0.00379238 0.00373063 0.0039815 0.00397994 0.00665822 0.0083516 0.0324086 0.572385 
0.00893436 0.00998138 0.010774 0.0186019 0.0144134 0.886276 0.0133707 0.0104482 0.00375607 0.00379238 0 0.00373153 0.0037847 0.00375557 0.00661552 0.0201521 0.551092 0.0816905 
0.00865992 0.010508 0.00996117 0.0443435 0.809091 0.0147681 0.0290702 0.0101153 0.00374941 0.00373063 0.00373153 0 0.00374359 0.003736 0.00816093 0.53591 0.154203 0.0216474 
0.00970499 0.0117372 0.114114 0.638997 0.0107745 0.0210053 0.0146763 0.0112429 0.00398428 0.0039815 0.0037847 0.00374359 0 0.00381973 0.635956 0.140322 0.0124845 0.00696945 
0.0168104 0.491669 0.0773378 0.0124747 0.0121522 0.00852094 0.0124011 0.01235 0.00423927 0.00397994 0.00375557 0.003736 0.00381973 0 0.177696 0.00530049 0.00488715 0.00927794 
0.0116964 0.0157399 0.00875539 0.00907937 0.00956501 0.00958989 0.0110436 0.011565 0.00712048 0.00665822 0.00661552 0.00816093 0.635956 0.177696 0 0.00383239 0.00384364 0.00594691 
0.0092126 0.0101473 0.0129288 0.0108929 0.0117383 0.0167343 0.0113002 0.00865811 0.0076698 0.0083516 0.0201521 0.53591 0.140322 0.00530049 0.00383239 0 0.00989207 0.00373195 
0.00921088 0.0127369 0.0135416 0.0115314 0.0114142 0.0137446 0.0180569 0.00867054 0.00759945 0.0324086 0.551092 0.154203 0.0124845 0.00488715 0.00384364 0.00989207 0 0.00369208 
0.0139794 0.0515085 0.00913871 0.0108185 0.0107055 0.0110052 0.0117386 0.013921 0.0233151 0.572385 0.0816905 0.0216474 0.00696945 0.00927794 0.00594691 0.00373195 0.00369208 0 
