1O9NB
MISLADLQRRIETGELSPNAAIAQSHAAIEAREKEVHAFVRHDKSARAQASGPLRGIAVGIADIIDTANMPTEMGSEIYRGWQPRSDAPVVMMLKRAGATIIGKTTTTAFASRDPTATLNPHNTGHSPGGSSSGSAAAVGAGMIPLALGTQTGGSVIRPAAYCGTAAIKPSFRMLPTVGVKCYSWALDTVGLFGARAEDLARGLLAMTGRSEFSGIVPAKAPRIGVVRQEFAGAVEPAAEQGLQAAIKAAERAGASVQAIDLPEAVHEAWRIHPIIQDFEAHRALAWEFSEHHDEIAPMLRASLDATVGLTPKEYDEARRIGRRGRRELGEVFEGVDVLLTYSAPGTAPAKALASTGDPRYNRLWTLMGNPCVNVPVLKVGGLPIGVQVIARFGNDAHALATAWFLEDALAK
CCCHHHHHHHHHHCCCCHHHHHHHHHHHHHCCHHHHCCEEEECCCCCCCCCCCCCCCEEEEECCECCCCCCCCCCCHHHCCCCCCCCCHHHHHHHHCCCEEEEEECCCHHHCCCCCCCCECCECCECCCCCCHHHHHHHHCCCCCEEEEEECCCCCHHHHHHHCCEEEECCCCCCCCCCECCCCCCCCEEEEEECCHHHHHHHHHHHHCCHHHCCCCCCCCCEEEECCCHHHCCCCHHHHHHHHHHHHHHHHCCCEEEECCCCHHHHHHHHCHHHHHHHHHHHHCHHHHHHCHHHCCHHHHHHHHHCCCCCHHHHHHHHHHHHHHHHHHHHHCCCCCEEEEECCCCCCCEHHHCCCCCHHHCHHHHHHCCCEEEEEEEEECCEEEEEEEEECCCCHHHHHHHHHHHHHHHCC
0 0 0 0 0 0 0 0 0 0 0 0 0 0 0 0 0 0 0 0 0 0 0 0 0 0 0 0 0 0 0 0 0 0 0 0 0 0 0 0 0 0 0 0 0 0 0 0 0 0 0 0 0 0 0 0 0 0 0 0 0 0 0 0 0 0 0 0 0 0 0 0 0 0 0 0 0 0 0 0 0 0 0 0 0 0 0 0 0 0 0 0 0 0 0 0 0 0 0 0 0 0 0 0 0 0 0 0 0 0 0 0 0 0 0 0 0 0 0 0 0 0 0 0 0 0 0 0 0 0 0 0 0 0 0 0 0 0 0 0 0 0 0 0 0 0 0 0 0 0 0 0 0 0 0 0 0 0 0 0 0 0 0 0 0 0 0 0 0 0 0 0 0 0 0 0 0 0 0 0 0 0 0 0 0 0 0 0 0 0 0 0 0 0 0 0 0 0 0 0 0 0 0 0 0 0 0 0 0 0 0 0 0 0 0 0 0 0 0 0 0 0 0 0 0 0 0 0 0 0 0 0 0 0 0 0 0 0 0 0 0 0 0 0 0 0 0 0 0 0 0 0 0 0 0 0 0 0 0 0 0 0 0 0 0 0 0 0 0 0 0 0 0 0 0 0 0 0 0 0 0 0 0 0 0 0 0 0 0 0 0 0 0 0 0 0 0 0 0 0 0 0 0 0 0 0 0 0 0 0 0 0 0 0 0 0 0 0 0 0 0 0 0 0 0 0 0 0 0 0 0 0 0 0 0 0 0 0 0 0 0 0 0 0 0 0 0 0 0 0 0 0 0 0 0 0 0 0 0 0 0 0 0 0 0 0 0 0 0 0 0 0 0 0 0 0 0 0 0 0 0 0 0 0 0 0 0 0 0 0 0 0 0 0 0 0 0 0 0 0 0 0 0 0 0 0 0 0 0 0 0 0 
0 0 0 0 0 0 0 0 0 0 0 0 0 0 0 0 0 0 0 0 0 0 0 0 0 0 0 0 0 0 0 0 0 0 0 0 0 0 0 0 0 0 0 0 0 0 0 0 0 0 0 0 0 0 0 0 0 0 0 0 0 0 0 0 0 0 0 0 0 0 0 0 0 0 0 0 0 0 0 0 0 0 0 0 0 0 0 0 0 0 0 0 0 0 0 0 0 0 0 0 0 0 0 0 0 0 0 0 0 0 0 0 0 0 0 0 0 0 0 0 0 0 0 0 0 0 0 0 0 0 0 0 0 0 0 0 0 0 0 0 0 0 0 0 0 0 0 0 0 0 0 0 0 0 0 0 0 0 0 0 0 0 0 0 0 0 0 0 0 0 0 0 0 0 0 0 0 0 0 0 0 0 0 0 0 0 0 0 0 0 0 0 0 0 0 0 0 0 0 0 0 0 0 0 0 0 0 0 0 0 0 0 0 0 0 0 0 0 0 0 0 0 0 0 0 0 0 0 0 0 0 0 0 0 0 0 0 0 0 0 0 0 0 0 0 0 0 0 0 0 0 0 0 0 0 0 0 0 0 0 0 0 0 0 0 0 0 0 0 0 0 0 0 0 0 0 0 0 0 0 0 0 0 0 0 0 0 0 0 0 0 0 0 0 0 0 0 0 0 0 0 0 0 0 0 0 0 0 0 0 0 0 0 0 0 0 0 0 0 0 0 0 0 0 0 0 0 0 0 0 0 0 0 0 0 0 0 0 0 0 0 0 0 0 0 0 0 0 0 0 0 0 0 0 0 0 0 0 0 0 0 0 0 0 0 0 0 0 0 0 0 0 0 0 0 0 0 0 0 0 0 0 0 0 0 0 0 0 0 0 0 0 0 0 0 0 0 0 0 0 0 0 0 0 0 0 0 0 0 0 0 0 
0 0.00374326 0.0038501 0.00647911 0.0378319 0.0155505 0.0155617 0.0145596 0.0598762 0.0180969 0.0146366 0.0105837 0.00997506 0.00954516 0.00979938 0.014497 0.00935985 0.00905294 0.010196 0.00956396 0.00850263 0.00835087 0.008278 0.00824279 0.00874249 0.00887389 0.008379 0.0087769 0.00911176 0.00879755 0.0083521 0.00810477 0.00828895 0.00820902 0.00818782 0.00877226 0.00802145 0.00824828 0.00825475 0.00852867 0.00817454 0.00822988 0.00809249 0.00832292 0.00857061 0.00847757 0.00846568 0.00837009 0.00900997 0.00989074 0.00836889 0.00840687 0.00853546 0.00849759 0.00849643 0.00852667 0.00856563 0.00881462 0.00930853 0.00860946 0.00844105 0.00847507 0.00851721 0.00864216 0.00882747 0.00887265 0.00895604 0.0105565 
0.00374326 0 0.00488822 0.0037217 0.0141659 0.06376 0.0226212 0.0409937 0.0117952 0.00979888 0.0112474 0.0255835 0.0160248 0.0139002 0.0107756 0.00890253 0.00805973 0.00800333 0.00814398 0.00918585 0.00929954 0.00930306 0.00912036 0.00848226 0.00807635 0.00849005 0.00887627 0.00905349 0.00813889 0.00803584 0.00815618 0.00905817 0.00854466 0.00854058 0.0084033 0.00819325 0.00808905 0.00836347 0.00826649 0.00816705 0.0080368 0.00831053 0.00808543 0.00803714 0.00854096 0.00859719 0.0085418 0.00839886 0.00833934 0.00833673 0.00829155 0.0084229 0.00847121 0.00853204 0.00836495 0.00845297 0.00841877 0.00849025 0.00845711 0.00841161 0.00845596 0.00849685 0.00855646 0.00872789 0.00874643 0.0089994 0.00862512 0.00898612 
0.0038501 0.00488822 0 0.00375981 0.0239936 0.0268006 0.0624314 0.0248943 0.0127086 0.0101156 0.0125602 0.0118658 0.0128496 0.0117162 0.0111114 0.00868607 0.00817784 0.00794877 0.0081647 0.00861966 0.00940003 0.00898588 0.00886058 0.00880084 0.00809325 0.00841621 0.00881668 0.00851854 0.00818563 0.00792817 0.00820195 0.00829861 0.00862417 0.00840923 0.00829112 0.00810301 0.00818184 0.00816218 0.00817663 0.00798776 0.0084022 0.00805463 0.00808198 0.0080262 0.00841909 0.00849536 0.00849682 0.00839066 0.00826029 0.00837249 0.00835076 0.00836206 0.00848487 0.0083903 0.00853508 0.00839128 0.00838854 0.00866941 0.00834335 0.00835234 0.00841825 0.00842174 0.00855025 0.00858914 0.00897737 0.00893306 0.00861304 0.00860353 
0.00647911 0.0037217 0.00375981 0 0.0230465 0.0299194 0.0129007 0.0316019 0.0391075 0.0339956 0.0147701 0.00998145 0.00929867 0.00921476 0.00860551 0.0102914 0.00849684 0.00882397 0.0102434 0.0125562 0.00824441 0.00837149 0.00838791 0.0081653 0.00832978 0.00987093 0.00821165 0.00826183 0.00815213 0.0096466 0.00839719 0.00823858 0.00821447 0.0081193 0.00804882 0.00844808 0.00807924 0.00811854 0.00798076 0.00834465 0.00815427 0.00853746 0.0080963 0.00810807 0.00902185 0.00842678 0.00835183 0.00835826 0.00840681 0.00904817 0.00869189 0.00842234 0.00835929 0.0086115 0.00829626 0.00877365 0.00852045 0.00867507 0.00930452 0.00924249 0.00833386 0.00843091 0.00834127 0.00862872 0.00856097 0.00885757 0.00865642 0.00981248 
0.0378319 0.0141659 0.0239936 0.0230465 0 0.00398378 0.00375387 0.00379284 0.00495567 0.00809137 0.340294 0.0270073 0.0148709 0.0114852 0.0117192 0.0182518 0.0104256 0.00933574 0.0112805 0.0123379 0.0102329 0.0092808 0.00878339 0.00905291 0.00975347 0.00996749 0.00941908 0.00934333 0.00974573 0.00873166 0.00899761 0.00842544 0.00856475 0.00848849 0.00844161 0.00890231 0.00864886 0.00829123 0.00865354 0.00852816 0.00852778 0.00810819 0.0082046 0.00830818 0.0085008 0.00839219 0.00843188 0.00828428 0.00866026 0.00866683 0.00829977 0.00828078 0.00842185 0.00836484 0.00837501 0.00830487 0.00825359 0.00836872 0.00854507 0.00832879 0.00828745 0.00843584 0.00836982 0.00851237 0.00858774 0.00878843 0.00850491 0.00935151 
0.0155505 0.06376 0.0268006 0.0299194 0.00398378 0 0.00376119 0.00374936 0.00373865 0.00457937 0.0565306 0.347737 0.0497024 0.0286743 0.0207638 0.0120193 0.00853482 0.00825208 0.00903443 0.0211704 0.0186685 0.0190123 0.01557 0.0108653 0.00898537 0.0109928 0.014499 0.0134985 0.00870033 0.00842211 0.00981765 0.0115384 0.0107355 0.0113215 0.0093885 0.00858537 0.00830605 0.00951168 0.00869607 0.00836527 0.00813998 0.0085609 0.00825419 0.00815909 0.00879922 0.00880198 0.00886663 0.00863099 0.00844064 0.00832592 0.00848766 0.00869053 0.00863336 0.00864835 0.00840896 0.00851491 0.00837452 0.00841627 0.00840769 0.00842646 0.00853718 0.00886459 0.00900956 0.00939076 0.00917914 0.00967256 0.00869985 0.00892296 
0.0155617 0.0226212 0.0624314 0.0129007 0.00375387 0.00376119 0 0.00371814 0.00379745 0.00447583 0.0683096 0.090348 0.177273 0.0747724 0.0233278 0.01096 0.00855791 0.0081532 0.00877148 0.0125858 0.0281153 0.0291625 0.0239374 0.0117563 0.00907282 0.00963888 0.0176598 0.011684 0.00891195 0.00823089 0.00901139 0.010135 0.0147091 0.0122015 0.00955733 0.00869308 0.00851965 0.00921814 0.00910578 0.00860763 0.00837918 0.00847733 0.00855503 0.0081874 0.00873115 0.00885672 0.00901837 0.00859174 0.00843987 0.00821101 0.00848196 0.0087139 0.00883725 0.00865628 0.00852525 0.00860095 0.00849393 0.00851258 0.00831337 0.00840667 0.00855522 0.00891333 0.0091492 0.00927425 0.00938331 0.00985047 0.00881781 0.00873806 
0.0145596 0.0409937 0.0248943 0.0316019 0.00379284 0.00374936 0.00371814 0 0.00389579 0.00689467 0.028106 0.0539051 0.0575294 0.0907373 0.0853073 0.0183657 0.00908033 0.00866959 0.00933052 0.0123346 0.0161089 0.018818 0.0133092 0.0144562 0.00975 0.00978093 0.0115731 0.0155364 0.00914756 0.0088863 0.00901495 0.00980562 0.0109893 0.0106069 0.0100655 0.0088691 0.00816921 0.00900131 0.00863844 0.00841758 0.00819516 0.00850805 0.00819307 0.00804364 0.00875549 0.00875907 0.00874919 0.0085171 0.00848298 0.00828837 0.00851004 0.00864432 0.00859434 0.00848443 0.00839179 0.00843245 0.00836068 0.00844281 0.00838252 0.00847132 0.00844634 0.00864787 0.00877156 0.00889368 0.00898663 0.0093248 0.00855506 0.00861523 
0.0598762 0.0117952 0.0127086 0.0391075 0.00495567 0.00373865 0.00379745 0.00389579 0 0.0927952 0.0344519 0.0219523 0.0308766 0.0206925 0.0486147 0.0495989 0.0112325 0.00966911 0.0121008 0.0166385 0.0103574 0.0100632 0.010389 0.0101037 0.0111565 0.012516 0.00942285 0.00978326 0.00911578 0.0093526 0.00980033 0.00881151 0.00876982 0.00878021 0.00883601 0.0090819 0.00849209 0.00833688 0.00826391 0.00861437 0.00839511 0.00817318 0.00806896 0.00814785 0.00909085 0.00894593 0.00846471 0.00837256 0.00836862 0.00842586 0.00870598 0.00847457 0.00836943 0.00838289 0.00828942 0.00832563 0.0082863 0.00830921 0.0083694 0.00881331 0.00836852 0.00833458 0.00842675 0.0085933 0.0086879 0.00880374 0.00844342 0.0086256 
0.0180969 0.00979888 0.0101156 0.0339956 0.00809137 0.00457937 0.00447583 0.00689467 0.0927952 0 0.0362664 0.015927 0.0183749 0.0160977 0.0178477 0.0480627 0.0196441 0.0148793 0.0378654 0.0140767 0.00917677 0.00887967 0.00857765 0.00899023 0.0101953 0.0116344 0.00886129 0.00935233 0.00972171 0.0136981 0.0091791 0.00852045 0.00850621 0.00825365 0.00856306 0.0104208 0.00879621 0.00831291 0.00818411 0.00924718 0.00874322 0.00826554 0.00803907 0.00848654 0.00966544 0.00916396 0.00911254 0.00861156 0.00901378 0.00990993 0.00898703 0.00865844 0.00843827 0.00870399 0.00832094 0.00848306 0.0083946 0.00851315 0.00909185 0.00895902 0.00832956 0.00863765 0.00849323 0.00864315 0.00849791 0.00881648 0.00874224 0.00993119 
0.0146366 0.0112474 0.0125602 0.0147701 0.340294 0.0565306 0.0683096 0.028106 0.0344519 0.0362664 0 0.00637233 0.00383346 0.00406483 0.00386025 0.0071155 0.0186414 0.014292 0.0220175 0.0486265 0.0192332 0.0129119 0.0115902 0.0113052 0.0160073 0.0217612 0.0151105 0.0128455 0.0160834 0.0120382 0.0148466 0.010227 0.0099116 0.0102683 0.0095988 0.0142461 0.0102068 0.00893995 0.00968716 0.0110409 0.00890379 0.00819498 0.00834751 0.00895342 0.00857333 0.00856628 0.00864027 0.00839805 0.00892743 0.00927016 0.00838708 0.00840804 0.00846425 0.00850335 0.00850804 0.00849382 0.00838131 0.00841166 0.00873738 0.00834534 0.00837177 0.00860579 0.00851796 0.00864198 0.00868123 0.00893873 0.00856777 0.00946577 
0.0105837 0.0255835 0.0118658 0.00998145 0.0270073 0.347737 0.090348 0.0539051 0.0219523 0.015927 0.00637233 0 0.0037525 0.00376217 0.00378798 0.00399097 0.0100098 0.0091958 0.0121484 0.0391142 0.0654245 0.0272702 0.0241624 0.0158931 0.0100102 0.0134234 0.0364227 0.0225502 0.00965198 0.00920647 0.0117892 0.017097 0.0232053 0.0177247 0.0136775 0.00953011 0.0088557 0.0109741 0.0111114 0.00908607 0.00824627 0.00849189 0.00852045 0.0083236 0.00855628 0.00866032 0.00886391 0.00838132 0.00831255 0.00807775 0.00834788 0.00855315 0.00862225 0.00855626 0.00837225 0.00843931 0.00838268 0.00834479 0.00830708 0.00836258 0.00839714 0.00857039 0.00869502 0.00886605 0.00882626 0.00905456 0.00861152 0.00864504 
0.00997506 0.0160248 0.0128496 0.00929867 0.0148709 0.0497024 0.177273 0.0575294 0.0308766 0.0183749 0.00383346 0.0037525 0 0.00387947 0.00373433 0.0040529 0.0075066 0.00806119 0.00893276 0.017321 0.0313026 0.0510457 0.0340419 0.0171463 0.0110017 0.0125096 0.0274817 0.0215498 0.0104257 0.00869879 0.0101368 0.0161223 0.0324355 0.039258 0.0139792 0.00944738 0.00857415 0.0107254 0.0110902 0.00888847 0.00823906 0.00862341 0.00836226 0.00823481 0.00858138 0.00877926 0.00888959 0.00841538 0.00828042 0.00805479 0.0083358 0.00847623 0.00853412 0.00851141 0.00831646 0.00840357 0.00830335 0.00835711 0.00825194 0.00831449 0.00843563 0.00858791 0.00863901 0.00886627 0.00878315 0.00895399 0.00855534 0.00856432 
0.00954516 0.0139002 0.0117162 0.00921476 0.0114852 0.0286743 0.0747724 0.0907373 0.0206925 0.0160977 0.00406483 0.00376217 0.00387947 0 0.00371651 0.00372216 0.00756087 0.00789914 0.00984589 0.01424 0.0307425 0.0365089 0.0376098 0.0135404 0.0107619 0.0108499 0.0211698 0.0182598 0.00996375 0.00861598 0.00996174 0.0146333 0.028975 0.0214595 0.0125529 0.00948046 0.00850921 0.0103312 0.00991872 0.00875062 0.00827318 0.00852949 0.00832414 0.00817654 0.00865407 0.00864625 0.00891755 0.00837691 0.00824872 0.00805158 0.00839643 0.00845905 0.00856911 0.00844234 0.00827999 0.00845159 0.00829109 0.00835475 0.00823502 0.0084097 0.00837894 0.00875628 0.00848388 0.00882614 0.00862645 0.00893791 0.00841278 0.0086293 
0.00979938 0.0107756 0.0111114 0.00860551 0.0117192 0.0207638 0.0233278 0.0853073 0.0486147 0.0178477 0.00386025 0.00378798 0.00373433 0.00371651 0 0.00393154 0.00930698 0.00835424 0.00996129 0.0133907 0.0261166 0.0204306 0.015698 0.0278636 0.010646 0.0108647 0.0161152 0.0195663 0.0105136 0.00909401 0.00968181 0.0122754 0.0117417 0.0127483 0.0135239 0.00918395 0.00844502 0.00910456 0.00919142 0.00842821 0.00823026 0.0083095 0.00823379 0.0080719 0.00859467 0.00852137 0.0084152 0.00828255 0.00819236 0.00802369 0.00824504 0.0082747 0.0083534 0.00831913 0.00821003 0.00828405 0.00824398 0.00825728 0.00820239 0.00833624 0.00826649 0.00838421 0.00837414 0.00854636 0.00846834 0.008627 0.0083655 0.00834883 
0.014497 0.00890253 0.00868607 0.0102914 0.0182518 0.0120193 0.01096 0.0183657 0.0495989 0.0480627 0.0071155 0.00399097 0.0040529 0.00372216 0.00393154 0 0.01622 0.0119555 0.020002 0.024748 0.0121635 0.0129879 0.0132524 0.0121441 0.0181218 0.0181153 0.0103042 0.0119231 0.0111304 0.0110797 0.0127025 0.00966202 0.0100254 0.00927256 0.00986835 0.0108568 0.00949055 0.00838642 0.00850468 0.00906987 0.00883588 0.00817783 0.00808046 0.00816601 0.00879599 0.00851459 0.00827883 0.00816172 0.00820119 0.00841425 0.00867766 0.00826727 0.00826486 0.00823859 0.00819339 0.0082722 0.00823267 0.00822164 0.0081988 0.00861416 0.00825277 0.00825977 0.00846082 0.00834103 0.00836366 0.00842551 0.00829928 0.00844686 
0.00935985 0.00805973 0.00817784 0.00849684 0.0104256 0.00853482 0.00855791 0.00908033 0.0112325 0.0196441 0.0186414 0.0100098 0.0075066 0.00756087 0.00930698 0.01622 0 0.681757 0.0179743 0.0137814 0.0103075 0.00888509 0.00870313 0.0101516 0.0104274 0.0114461 0.00903754 0.00973485 0.0102324 0.0156901 0.00976073 0.0085392 0.00845464 0.00828524 0.00847 0.00987089 0.0100567 0.00801423 0.00813017 0.00845891 0.00886975 0.00789564 0.00790348 0.00815476 0.00824023 0.008092 0.00810752 0.00799154 0.00804447 0.00879381 0.00827617 0.00806333 0.00806572 0.00807325 0.0080481 0.00811082 0.00803371 0.00805135 0.00815731 0.00826096 0.00806869 0.00813424 0.00807718 0.00813822 0.00814944 0.00817888 0.00813615 0.00835294 
0.00905294 0.00800333 0.00794877 0.00882397 0.00933574 0.00825208 0.0081532 0.00866959 0.00966911 0.0148793 0.014292 0.0091958 0.00806119 0.00789914 0.00835424 0.0119555 0.681757 0 0.109054 0.0145578 0.0092066 0.00833191 0.00829623 0.00893402 0.00955046 0.0104126 0.00858381 0.00902291 0.00960478 0.0131331 0.00927534 0.00821364 0.00819733 0.00800342 0.00819043 0.0092497 0.00881831 0.0079724 0.00793235 0.00869705 0.00853905 0.00789961 0.00784665 0.00809189 0.00833578 0.00804346 0.00797041 0.00797904 0.00802593 0.00876945 0.00815993 0.00800876 0.00802686 0.00802193 0.00803054 0.00809579 0.00801403 0.00807391 0.00819135 0.0082238 0.00804311 0.00806466 0.00799548 0.00811022 0.00810057 0.00813258 0.00809881 0.00841287 
0.010196 0.00814398 0.0081647 0.0102434 0.0112805 0.00903443 0.00877148 0.00933052 0.0121008 0.0378654 0.0220175 0.0121484 0.00893276 0.00984589 0.00996129 0.020002 0.0179743 0.109054 0 0.0171967 0.0127627 0.0111994 0.0105194 0.0132837 0.0184903 0.0151627 0.00984107 0.0107249 0.012352 0.0438796 0.0114553 0.00885311 0.00851588 0.00846224 0.00890676 0.0127137 0.00996787 0.0083132 0.00836254 0.0108097 0.00913868 0.00803402 0.00792678 0.00850066 0.00852625 0.00809798 0.00809776 0.00806368 0.00839997 0.00920689 0.00844715 0.00808383 0.00811304 0.00808677 0.0080504 0.00813812 0.00810323 0.0081715 0.00834041 0.00832722 0.00812164 0.0081715 0.0081183 0.0081807 0.00824337 0.00826842 0.00825763 0.00894667 
0.00956396 0.00918585 0.00861966 0.0125562 0.0123379 0.0211704 0.0125858 0.0123346 0.0166385 0.0140767 0.0486265 0.0391142 0.017321 0.01424 0.0133907 0.024748 0.0137814 0.0145578 0.0171967 0 0.00382429 0.00375847 0.00374789 0.00382744 0.00515455 0.15981 0.0174724 0.0264514 0.0220768 0.0231973 0.0307424 0.0247981 0.0132423 0.0129976 0.0119371 0.0272438 0.0114114 0.0170051 0.0121541 0.0179717 0.00920081 0.00900774 0.00845728 0.0102559 0.00939436 0.00873184 0.00858993 0.00833554 0.00873743 0.00865627 0.00824444 0.00826123 0.00827334 0.00840083 0.00811935 0.00831274 0.00811914 0.00813961 0.00834923 0.00820598 0.00817914 0.00853931 0.00844731 0.00868087 0.00830247 0.0085402 0.00831025 0.00897015 
0.00850263 0.00929954 0.00940003 0.00824441 0.0102329 0.0186685 0.0281153 0.0161089 0.0103574 0.00917677 0.0192332 0.0654245 0.0313026 0.0307425 0.0261166 0.0121635 0.0103075 0.0092066 0.0127627 0.00382429 0 0.00379208 0.00371745 0.00534556 0.00383963 0.0418571 0.118478 0.0271894 0.0183284 0.0113667 0.0211151 0.0277111 0.039661 0.0229406 0.0279389 0.0116657 0.0108823 0.0139884 0.0268135 0.00994147 0.00869352 0.00864134 0.00894784 0.00851442 0.00862566 0.00893364 0.00896674 0.00851451 0.00816857 0.00796831 0.00826815 0.00841873 0.00842612 0.00837104 0.00822356 0.00832888 0.00821167 0.00818904 0.00809639 0.00827097 0.00827622 0.00844312 0.00850033 0.00851602 0.00851438 0.00875321 0.00837799 0.00833665 
0.00835087 0.00930306 0.00898588 0.00837149 0.0092808 0.0190123 0.0291625 0.018818 0.0100632 0.00887967 0.0129119 0.0272702 0.0510457 0.0365089 0.0204306 0.0129879 0.00888509 0.00833191 0.0111994 0.00375847 0.00379208 0 0.00372451 0.0037185 0.00377504 0.0280452 0.0272546 0.0402029 0.0266787 0.00980917 0.0118651 0.0226275 0.0324502 0.0986585 0.0174879 0.0121765 0.00893867 0.0161175 0.0150518 0.0104153 0.00842027 0.0088332 0.00893563 0.00841855 0.00873606 0.00936313 0.0093869 0.00846014 0.00821607 0.00795422 0.00825278 0.0086514 0.00847738 0.00848923 0.00821086 0.00841341 0.00817386 0.00821105 0.00803366 0.00822484 0.0083401 0.00861323 0.00849361 0.00888716 0.00862407 0.0090548 0.00847089 0.00841668 
0.008278 0.00912036 0.00886058 0.00838791 0.00878339 0.01557 0.0239374 0.0133092 0.010389 0.00857765 0.0115902 0.0241624 0.0340419 0.0376098 0.015698 0.0132524 0.00870313 0.00829623 0.0105194 0.00374789 0.00371745 0.00372451 0 0.00373832 0.0037027 0.030849 0.0454054 0.0553317 0.0231196 0.00937636 0.0115171 0.0179472 0.0684374 0.0315984 0.0183579 0.0117389 0.00879791 0.0145197 0.0141946 0.0107802 0.00822546 0.00901275 0.00857701 0.00839995 0.00870781 0.00862982 0.00885754 0.00834673 0.0081557 0.00792524 0.0081776 0.00831076 0.00834765 0.0084142 0.00815244 0.00844837 0.00819825 0.00815585 0.00798511 0.00821812 0.00823354 0.00841844 0.00848051 0.0084269 0.00852635 0.00867953 0.00831863 0.00830004 
0.00824279 0.00848226 0.00880084 0.0081653 0.00905291 0.0108653 0.0117563 0.0144562 0.0101037 0.00899023 0.0113052 0.0158931 0.0171463 0.0135404 0.0278636 0.0121441 0.0101516 0.00893402 0.0132837 0.00382744 0.00534556 0.0037185 0.00373832 0 0.00381297 0.0153306 0.095805 0.103713 0.0194695 0.0110207 0.0109528 0.0236355 0.0145135 0.0178361 0.0246818 0.014518 0.00927956 0.00965112 0.0173336 0.0105014 0.00846002 0.00844384 0.0089202 0.00841256 0.0083253 0.00844693 0.00839047 0.00823397 0.00811542 0.00794254 0.00808539 0.00823716 0.00821229 0.00816503 0.00805289 0.00816863 0.00805918 0.00803623 0.00800816 0.00808046 0.00813294 0.008237 0.00828528 0.00834484 0.00827967 0.0084339 0.00826203 0.008256 
0.00874249 0.00807635 0.00809325 0.00832978 0.00975347 0.00898537 0.00907282 0.00975 0.0111565 0.0101953 0.0160073 0.0100102 0.0110017 0.0107619 0.010646 0.0181218 0.0104274 0.00955046 0.0184903 0.00515455 0.00383963 0.00377504 0.0037027 0.00381297 0 0.0509523 0.0180539 0.0662769 0.0359099 0.0146116 0.0149671 0.0107992 0.0120266 0.0110567 0.0151998 0.0178471 0.00968104 0.00896695 0.00906708 0.0127553 0.00871702 0.00822063 0.00816428 0.00848224 0.00830068 0.00816943 0.0081351 0.00808135 0.00814237 0.00807554 0.00808546 0.00803021 0.00804615 0.00801736 0.00796009 0.00803581 0.00799049 0.0079354 0.00798328 0.00819982 0.00806563 0.00810561 0.00817456 0.00814261 0.00824074 0.00843737 0.00812475 0.00818063 
0.00887389 0.00849005 0.00841621 0.00987093 0.00996749 0.0109928 0.00963888 0.00978093 0.012516 0.0116344 0.0217612 0.0134234 0.0125096 0.0108499 0.0108647 0.0181153 0.0114461 0.0104126 0.0151627 0.15981 0.0418571 0.0280452 0.030849 0.0153306 0.0509523 0 0.00422905 0.00381628 0.00429093 0.0193607 0.0443494 0.0260604 0.0131702 0.0142835 0.0124863 0.0399117 0.0140831 0.0231091 0.0111645 0.0220796 0.00991338 0.00873319 0.00864076 0.0115107 0.00954667 0.00889269 0.00865226 0.00846554 0.00878797 0.0083422 0.00823019 0.00814548 0.0082282 0.00825297 0.00807675 0.00820319 0.00812425 0.00812526 0.00829467 0.00814254 0.00811519 0.00860082 0.00822563 0.00870123 0.00823942 0.00849652 0.00834153 0.00879773 
0.008379 0.00887627 0.00881668 0.00821165 0.00941908 0.014499 0.0176598 0.0115731 0.00942285 0.00886129 0.0151105 0.0364227 0.0274817 0.0211698 0.0161152 0.0103042 0.00903754 0.00858381 0.00984107 0.0174724 0.118478 0.0272546 0.0454054 0.095805 0.0180539 0.00422905 0 0.00377242 0.00373066 0.00999589 0.0409034 0.0356793 0.054271 0.0244429 0.0318801 0.0122508 0.013355 0.0211529 0.0403578 0.0120909 0.00963023 0.0090686 0.00982064 0.0090952 0.00919058 0.00958071 0.00898657 0.00864013 0.00832106 0.008026 0.00838779 0.00858031 0.0085779 0.00851978 0.00829352 0.00841796 0.00827403 0.00821107 0.00805341 0.00837032 0.00830059 0.00860289 0.00857166 0.00868153 0.00862144 0.00904841 0.00847904 0.00846439 
0.0087769 0.00905349 0.00851854 0.00826183 0.00934333 0.0134985 0.011684 0.0155364 0.00978326 0.00935233 0.0128455 0.0225502 0.0215498 0.0182598 0.0195663 0.0119231 0.00973485 0.00902291 0.0107249 0.0264514 0.0271894 0.0402029 0.0553317 0.103713 0.0662769 0.00381628 0.00377242 0 0.00381615 0.0132573 0.0188401 0.0479046 0.0193179 0.10435 0.0318754 0.0200101 0.010455 0.0259077 0.0210488 0.0180565 0.00935847 0.0107382 0.00959693 0.00961167 0.00907773 0.00922662 0.00937655 0.00862796 0.00824548 0.00798669 0.00832622 0.00849583 0.00842928 0.00837075 0.00820692 0.00834482 0.00814059 0.00811449 0.00803551 0.00819941 0.00831353 0.00848718 0.00855816 0.00858929 0.00865867 0.00882177 0.00842445 0.00832063 
0.00911176 0.00813889 0.00818563 0.00815213 0.00974573 0.00870033 0.00891195 0.00914756 0.00911578 0.00972171 0.0160834 0.00965198 0.0104257 0.00996375 0.0105136 0.0111304 0.0102324 0.00960478 0.012352 0.0220768 0.0183284 0.0266787 0.0231196 0.0194695 0.0359099 0.00429093 0.00373066 0.00381615 0 0.0327242 0.030654 0.012566 0.0220889 0.0117304 0.0372165 0.0250854 0.0184085 0.00923494 0.0124398 0.0138291 0.0115053 0.00840268 0.00863077 0.00949923 0.00858134 0.00849568 0.00822584 0.00824081 0.00813808 0.00812785 0.00826127 0.00813956 0.00809758 0.0080786 0.00799385 0.00798948 0.00800661 0.00796387 0.00799259 0.00816281 0.00813484 0.00812225 0.00843443 0.00819841 0.00824101 0.00841876 0.0081148 0.00818966 
0.00879755 0.00803584 0.00792817 0.0096466 0.00873166 0.00842211 0.00823089 0.0088863 0.0093526 0.0136981 0.0120382 0.00920647 0.00869879 0.00861598 0.00909401 0.0110797 0.0156901 0.0131331 0.0438796 0.0231973 0.0113667 0.00980917 0.00937636 0.0110207 0.0146116 0.0193607 0.00999589 0.0132573 0.0327242 0 0.0122505 0.0133565 0.00696668 0.00714557 0.00967062 0.016547 0.0127956 0.014084 0.0097387 0.0182706 0.010321 0.00956874 0.00841389 0.00987645 0.00974313 0.00815615 0.00820964 0.00812549 0.00869599 0.00917658 0.00854551 0.00805184 0.00797891 0.00811418 0.00791367 0.00806716 0.00796939 0.00803136 0.00837185 0.00844323 0.00796184 0.00809558 0.00799457 0.00813162 0.00806486 0.00815225 0.00818197 0.00867281 
0.0083521 0.00815618 0.00820195 0.00839719 0.00899761 0.00981765 0.00901139 0.00901495 0.00980033 0.0091791 0.0148466 0.0117892 0.0101368 0.00996174 0.00968181 0.0127025 0.00976073 0.00927534 0.0114553 0.0307424 0.0211151 0.0118651 0.0115171 0.0109528 0.0149671 0.0443494 0.0409034 0.0188401 0.030654 0.0122505 0 0.00381872 0.00375573 0.0037562 0.00383857 0.00485256 0.322282 0.0156012 0.0207145 0.0197538 0.0174207 0.00872561 0.00976605 0.0145063 0.0093254 0.0090002 0.00897237 0.00844564 0.00885319 0.00866958 0.00834884 0.00816399 0.00823042 0.0082474 0.00814733 0.00838453 0.00813636 0.00810159 0.00810755 0.00811681 0.00811046 0.00848852 0.0082511 0.0086264 0.00827131 0.00848741 0.0083765 0.0084201 
0.00810477 0.00905817 0.00829861 0.00823858 0.00842544 0.0115384 0.010135 0.00980562 0.00881151 0.00852045 0.010227 0.017097 0.0161223 0.0146333 0.0122754 0.00966202 0.0085392 0.00821364 0.00885311 0.0247981 0.0277111 0.0226275 0.0179472 0.0236355 0.0107992 0.0260604 0.0356793 0.0479046 0.012566 0.0133565 0.00381872 0 0.00379118 0.00375235 0.00378888 0.00381796 0.0329678 0.337854 0.0186172 0.0141645 0.00880094 0.0162268 0.00980971 0.00954065 0.0105157 0.00980024 0.0105888 0.0087727 0.00837068 0.00800673 0.00832269 0.00894014 0.00850232 0.00855974 0.00829049 0.0083842 0.00819719 0.00806486 0.00802291 0.00811737 0.0082715 0.00870179 0.00856922 0.00881131 0.00863539 0.00901767 0.00851462 0.00822952 
0.00828895 0.00854466 0.00862417 0.00821447 0.00856475 0.0107355 0.0147091 0.0109893 0.00876982 0.00850621 0.0099116 0.0232053 0.0324355 0.028975 0.0117417 0.0100254 0.00845464 0.00819733 0.00851588 0.0132423 0.039661 0.0324502 0.0684374 0.0145135 0.0120266 0.0131702 0.054271 0.0193179 0.0220889 0.00696668 0.00375573 0.00379118 0 0.00374372 0.00373862 0.00373811 0.0929984 0.0266684 0.149528 0.011666 0.0105796 0.00997726 0.0121963 0.00938935 0.00967123 0.0111039 0.0111835 0.00927367 0.00834676 0.00790438 0.00833744 0.00873524 0.00878922 0.00850197 0.00836207 0.00840568 0.00818855 0.00823959 0.00794744 0.00818227 0.00838026 0.00890456 0.00900463 0.00888539 0.0090982 0.00924187 0.00858603 0.00833863 
0.00820902 0.00854058 0.00840923 0.0081193 0.00848849 0.0113215 0.0122015 0.0106069 0.00878021 0.00825365 0.0102683 0.0177247 0.039258 0.0214595 0.0127483 0.00927256 0.00828524 0.00800342 0.00846224 0.0129976 0.0229406 0.0986585 0.0315984 0.0178361 0.0110567 0.0142835 0.0244429 0.10435 0.0117304 0.00714557 0.0037562 0.00375235 0.00374372 0 0.00372512 0.00374094 0.0173304 0.127407 0.0398764 0.0285789 0.0101971 0.0126935 0.0111418 0.00984868 0.00921422 0.00973738 0.0115541 0.00877324 0.00835821 0.00794669 0.00831556 0.00888046 0.00858507 0.00857773 0.0083393 0.00831933 0.00823723 0.0081443 0.00800644 0.00816981 0.0083214 0.00895855 0.008706 0.00918545 0.00893112 0.00917399 0.00842805 0.00821632 
0.00818782 0.0084033 0.00829112 0.00804882 0.00844161 0.0093885 0.00955733 0.0100655 0.00883601 0.00856306 0.0095988 0.0136775 0.0139792 0.0125529 0.0135239 0.00986835 0.00847 0.00819043 0.00890676 0.0119371 0.0279389 0.0174879 0.0183579 0.0246818 0.0151998 0.0124863 0.0318801 0.0318754 0.0372165 0.00967062 0.00383857 0.00378888 0.00373862 0.00372512 0 0.00373532 0.0191823 0.0360112 0.270116 0.0400568 0.0106009 0.00995647 0.0119596 0.0101127 0.0089955 0.00939157 0.00959269 0.00902981 0.00837117 0.00798408 0.00816202 0.00851018 0.00841838 0.0082985 0.00812689 0.00822681 0.00807476 0.00804831 0.0080307 0.00799317 0.00827966 0.00842229 0.0087076 0.00856591 0.00851337 0.00887197 0.00833612 0.00814546 
0.00877226 0.00819325 0.00810301 0.00844808 0.00890231 0.00858537 0.00869308 0.0088691 0.0090819 0.0104208 0.0142461 0.00953011 0.00944738 0.00948046 0.00918395 0.0108568 0.00987089 0.0092497 0.0127137 0.0272438 0.0116657 0.0121765 0.0117389 0.014518 0.0178471 0.0399117 0.0122508 0.0200101 0.0250854 0.016547 0.00485256 0.00381796 0.00373811 0.00374094 0.00373532 0 0.0267363 0.0150668 0.0373303 0.332643 0.01426 0.00941147 0.00881702 0.0137922 0.0100001 0.00889698 0.00861372 0.00847546 0.00857858 0.00878734 0.00840062 0.00817797 0.00814103 0.00815724 0.00799201 0.00811322 0.0080296 0.00800494 0.00808724 0.00832847 0.00815907 0.00834053 0.0081696 0.00831073 0.00828019 0.00850249 0.00815874 0.00829038 
0.00802145 0.00808905 0.00818184 0.00807924 0.00864886 0.00830605 0.00851965 0.00816921 0.00849209 0.00879621 0.0102068 0.0088557 0.00857415 0.00850921 0.00844502 0.00949055 0.0100567 0.00881831 0.00996787 0.0114114 0.0108823 0.00893867 0.00879791 0.00927956 0.00968104 0.0140831 0.013355 0.010455 0.0184085 0.0127956 0.322282 0.0329678 0.0929984 0.0173304 0.0191823 0.0267363 0 0.00416244 0.00388507 0.00420151 0.69737 0.0089318 0.0149209 0.0202047 0.00916443 0.0103621 0.00848778 0.00922598 0.00944147 0.00968679 0.0086452 0.00818451 0.00872377 0.00808143 0.00867582 0.00812113 0.00804606 0.00828953 0.00810274 0.00796441 0.008169 0.00832491 0.00829201 0.00820986 0.00860518 0.00830157 0.00837841 0.0083486 
0.00824828 0.00836347 0.00816218 0.00811854 0.00829123 0.00951168 0.00921814 0.00900131 0.00833688 0.00831291 0.00893995 0.0109741 0.0107254 0.0103312 0.00910456 0.00838642 0.00801423 0.0079724 0.0083132 0.0170051 0.0139884 0.0161175 0.0145197 0.00965112 0.00896695 0.0231091 0.0211529 0.0259077 0.00923494 0.014084 0.0156012 0.337854 0.0266684 0.127407 0.0360112 0.0150668 0.00416244 0 0.00380013 0.0037452 0.0144804 0.752698 0.0111187 0.0113598 0.0173153 0.0102499 0.0136125 0.00911344 0.00890266 0.00813473 0.00830123 0.00938823 0.00866475 0.00928826 0.00829945 0.0087657 0.0083284 0.00822881 0.00806952 0.0081449 0.00833267 0.00910903 0.00873484 0.00917096 0.00883077 0.00965773 0.00912685 0.00842944 
0.00825475 0.00826649 0.00817663 0.00798076 0.00865354 0.00869607 0.00910578 0.00863844 0.00826391 0.00818411 0.00968716 0.0111114 0.0110902 0.00991872 0.00919142 0.00850468 0.00813017 0.00793235 0.00836254 0.0121541 0.0268135 0.0150518 0.0141946 0.0173336 0.00906708 0.0111645 0.0403578 0.0210488 0.0124398 0.0097387 0.0207145 0.0186172 0.149528 0.0398764 0.270116 0.0373303 0.00388507 0.00380013 0 0.00372162 0.0376938 0.0126568 0.528804 0.0138876 0.0103812 0.018826 0.0126373 0.0115319 0.00873903 0.00816392 0.00865048 0.00894829 0.00970505 0.00845675 0.00878354 0.00847034 0.00827526 0.00823697 0.00796576 0.00810108 0.00865748 0.00889733 0.00903283 0.00901976 0.0097598 0.00943469 0.00864978 0.00822497 
0.00852867 0.00816705 0.00798776 0.00834465 0.00852816 0.00836527 0.00860763 0.00841758 0.00861437 0.00924718 0.0110409 0.00908607 0.00888847 0.00875062 0.00842821 0.00906987 0.00845891 0.00869705 0.0108097 0.0179717 0.00994147 0.0104153 0.0107802 0.0105014 0.0127553 0.0220796 0.0120909 0.0180565 0.0138291 0.0182706 0.0197538 0.0141645 0.011666 0.0285789 0.0400568 0.332643 0.00420151 0.0037452 0.00372162 0 0.0135014 0.0201005 0.0238197 0.612042 0.0154934 0.0100685 0.0102827 0.00892015 0.0098912 0.00911506 0.00974968 0.00842795 0.00846508 0.00822922 0.00812032 0.00816268 0.00812371 0.00802302 0.00812866 0.00848113 0.00816821 0.008514 0.00852209 0.00904421 0.00882066 0.00913437 0.00831731 0.00856303 
0.00817454 0.0080368 0.0084022 0.00815427 0.00852778 0.00813998 0.00837918 0.00819516 0.00839511 0.00874322 0.00890379 0.00824627 0.00823906 0.00827318 0.00823026 0.00883588 0.00886975 0.00853905 0.00913868 0.00920081 0.00869352 0.00842027 0.00822546 0.00846002 0.00871702 0.00991338 0.00963023 0.00935847 0.0115053 0.010321 0.0174207 0.00880094 0.0105796 0.0101971 0.0106009 0.01426 0.69737 0.0144804 0.0376938 0.0135014 0 0.00393311 0.00402542 0.00546265 0.021156 0.0103506 0.00886854 0.0109851 0.010014 0.0110709 0.00900756 0.00807429 0.00924649 0.0080262 0.00924687 0.00807661 0.00815872 0.00833753 0.00838309 0.00804316 0.00840292 0.00826868 0.00854023 0.00815106 0.00898528 0.00833691 0.0088796 0.00870988 
0.00822988 0.00831053 0.00805463 0.00853746 0.00810819 0.0085609 0.00847733 0.00850805 0.00817318 0.00826554 0.00819498 0.00849189 0.00862341 0.00852949 0.0083095 0.00817783 0.00789564 0.00789961 0.00803402 0.00900774 0.00864134 0.0088332 0.00901275 0.00844384 0.00822063 0.00873319 0.0090686 0.0107382 0.00840268 0.00956874 0.00872561 0.0162268 0.00997726 0.0126935 0.00995647 0.00941147 0.0089318 0.752698 0.0126568 0.0201005 0.00393311 0 0.00431078 0.00375799 0.02689 0.0113891 0.0165894 0.00893964 0.00965617 0.00823471 0.0081648 0.00965786 0.00851711 0.00991999 0.00822159 0.00914385 0.00826198 0.00830628 0.0080877 0.00838634 0.00825271 0.00930141 0.00840234 0.00974295 0.00844194 0.00933146 0.00855136 0.00852704 
0.00809249 0.00808543 0.00808198 0.0080963 0.0082046 0.00825419 0.00855503 0.00819307 0.00806896 0.00803907 0.00834751 0.00852045 0.00836226 0.00832414 0.00823379 0.00808046 0.00790348 0.00784665 0.00792678 0.00845728 0.00894784 0.00893563 0.00857701 0.0089202 0.00816428 0.00864076 0.00982064 0.00959693 0.00863077 0.00841389 0.00976605 0.00980971 0.0121963 0.0111418 0.0119596 0.00881702 0.0149209 0.0111187 0.528804 0.0238197 0.00402542 0.00431078 0 0.0038188 0.0116549 0.0233334 0.0122893 0.0153856 0.00892458 0.00813464 0.00844297 0.00857593 0.00901881 0.00826973 0.00839542 0.00833801 0.00814378 0.00814734 0.00791256 0.00795145 0.00831268 0.00862123 0.00934703 0.00863684 0.00892966 0.00903433 0.00841674 0.00816755 
0.00832292 0.00803714 0.0080262 0.00810807 0.00830818 0.00815909 0.0081874 0.00804364 0.00814785 0.00848654 0.00895342 0.0083236 0.00823481 0.00817654 0.0080719 0.00816601 0.00815476 0.00809189 0.00850066 0.0102559 0.00851442 0.00841855 0.00839995 0.00841256 0.00848224 0.0115107 0.0090952 0.00961167 0.00949923 0.00987645 0.0145063 0.00954065 0.00938935 0.00984868 0.0101127 0.0137922 0.0202047 0.0113598 0.0138876 0.612042 0.00546265 0.00375799 0.0038188 0 0.0129768 0.0129965 0.0272566 0.0154102 0.0162298 0.00963403 0.0112893 0.00865537 0.00873527 0.00843213 0.00864913 0.00893987 0.00833031 0.00826476 0.00812432 0.00866284 0.0082942 0.00872165 0.00882872 0.00843906 0.00903573 0.00858864 0.0087242 0.0083914 
0.00857061 0.00854096 0.00841909 0.00902185 0.0085008 0.00879922 0.00873115 0.00875549 0.00909085 0.00966544 0.00857333 0.00855628 0.00858138 0.00865407 0.00859467 0.00879599 0.00824023 0.00833578 0.00852625 0.00939436 0.00862566 0.00873606 0.00870781 0.0083253 0.00830068 0.00954667 0.00919058 0.00907773 0.00858134 0.00974313 0.0093254 0.0105157 0.00967123 0.00921422 0.0089955 0.0100001 0.00916443 0.0173153 0.0103812 0.0154934 0.021156 0.02689 0.0116549 0.0129768 0 0.00405595 0.00378155 0.00377737 0.00559839 0.0179897 0.103971 0.0524973 0.0136756 0.0213631 0.0108506 0.0147393 0.0128556 0.0102113 0.0183427 0.0254582 0.0135665 0.0278848 0.0146787 0.028168 0.0168032 0.0261323 0.0165267 0.0426528 
0.00847757 0.00859719 0.00849536 0.00842678 0.00839219 0.00880198 0.00885672 0.00875907 0.00894593 0.00916396 0.00856628 0.00866032 0.00877926 0.00864625 0.00852137 0.00851459 0.008092 0.00804346 0.00809798 0.00873184 0.00893364 0.00936313 0.00862982 0.00844693 0.00816943 0.00889269 0.00958071 0.00922662 0.00849568 0.00815615 0.0090002 0.00980024 0.0111039 0.00973738 0.00939157 0.00889698 0.0103621 0.0102499 0.018826 0.0100685 0.0103506 0.0113891 0.0233334 0.0129965 0.00405595 0 0.00376502 0.00385487 0.00408371 0.00644817 0.06982 0.136523 0.0458684 0.0134457 0.0226106 0.0132532 0.0131718 0.0133915 0.0100339 0.0106896 0.0306557 0.0237201 0.0640816 0.0216767 0.0749687 0.0391673 0.066999 0.011483 
0.00846568 0.0085418 0.00849682 0.00835183 0.00843188 0.00886663 0.00901837 0.00874919 0.00846471 0.00911254 0.00864027 0.00886391 0.00888959 0.00891755 0.0084152 0.00827883 0.00810752 0.00797041 0.00809776 0.00858993 0.00896674 0.0093869 0.00885754 0.00839047 0.0081351 0.00865226 0.00898657 0.00937655 0.00822584 0.00820964 0.00897237 0.0105888 0.0111835 0.0115541 0.00959269 0.00861372 0.00848778 0.0136125 0.0126373 0.0102827 0.00886854 0.0165894 0.0122893 0.0272566 0.00378155 0.00376502 0 0.0037211 0.003743 0.00427123 0.026496 0.0691386 0.0784215 0.049294 0.0129564 0.0273166 0.0158059 0.0108488 0.00948021 0.0101065 0.0133723 0.0887539 0.0314709 0.115088 0.0372101 0.230509 0.0240219 0.0138253 
0.00837009 0.00839886 0.00839066 0.00835826 0.00828428 0.00863099 0.00859174 0.0085171 0.00837256 0.00861156 0.00839805 0.00838132 0.00841538 0.00837691 0.00828255 0.00816172 0.00799154 0.00797904 0.00806368 0.00833554 0.00851451 0.00846014 0.00834673 0.00823397 0.00808135 0.00846554 0.00864013 0.00862796 0.00824081 0.00812549 0.00844564 0.0087727 0.00927367 0.00877324 0.00902981 0.00847546 0.00922598 0.00911344 0.0115319 0.00892015 0.0109851 0.00893964 0.0153856 0.0154102 0.00377737 0.00385487 0.0037211 0 0.00380442 0.00570237 0.0176599 0.0327541 0.0587551 0.0135422 0.0160914 0.0102201 0.013182 0.0147422 0.00884141 0.00941328 0.0178163 0.0139231 0.053943 0.0156208 0.0779263 0.0188531 0.0522509 0.0116367 
0.00900997 0.00833934 0.00826029 0.00840681 0.00866026 0.00844064 0.00843987 0.00848298 0.00836862 0.00901378 0.00892743 0.00831255 0.00828042 0.00824872 0.00819236 0.00820119 0.00804447 0.00802593 0.00839997 0.00873743 0.00816857 0.00821607 0.0081557 0.00811542 0.00814237 0.00878797 0.00832106 0.00824548 0.00813808 0.00869599 0.00885319 0.00837068 0.00834676 0.00835821 0.00837117 0.00857858 0.00944147 0.00890266 0.00873903 0.0098912 0.010014 0.00965617 0.00892458 0.0162298 0.00559839 0.00408371 0.003743 0.00380442 0 0.00764049 0.0246728 0.0236494 0.0155741 0.0128229 0.00917065 0.0129256 0.00922205 0.0132288 0.0105673 0.0203552 0.00961167 0.0165933 0.0109997 0.0660419 0.0109044 0.0158816 0.0115255 0.0219716 
0.00989074 0.00833673 0.00837249 0.00904817 0.00866683 0.00832592 0.00821101 0.00828837 0.00842586 0.00990993 0.00927016 0.00807775 0.00805479 0.00805158 0.00802369 0.00841425 0.00879381 0.00876945 0.00920689 0.00865627 0.00796831 0.00795422 0.00792524 0.00794254 0.00807554 0.0083422 0.008026 0.00798669 0.00812785 0.00917658 0.00866958 0.00800673 0.00790438 0.00794669 0.00798408 0.00878734 0.00968679 0.00813473 0.00816392 0.00911506 0.0110709 0.00823471 0.00813464 0.00963403 0.0179897 0.00644817 0.00427123 0.00570237 0.00764049 0 0.0319334 0.0101785 0.00944838 0.0078941 0.00806873 0.00876622 0.00847215 0.00966508 0.0133341 0.0150736 0.00945138 0.00967624 0.00902367 0.00921261 0.00918458 0.00899279 0.0100239 0.0225332 
0.00836889 0.00829155 0.00835076 0.00869189 0.00829977 0.00848766 0.00848196 0.00851004 0.00870598 0.00898703 0.00838708 0.00834788 0.0083358 0.00839643 0.00824504 0.00867766 0.00827617 0.00815993 0.00844715 0.00824444 0.00826815 0.00825278 0.0081776 0.00808539 0.00808546 0.00823019 0.00838779 0.00832622 0.00826127 0.00854551 0.00834884 0.00832269 0.00833744 0.00831556 0.00816202 0.00840062 0.0086452 0.00830123 0.00865048 0.00974968 0.00900756 0.0081648 0.00844297 0.0112893 0.103971 0.06982 0.026496 0.0176599 0.0246728 0.0319334 0 0.00380719 0.00374784 0.00372864 0.00383357 0.00382338 0.00409597 0.0041257 0.0139353 0.00593514 0.00702824 0.00719361 0.0085649 0.00808054 0.0134139 0.0110944 0.443144 0.298033 
0.00840687 0.0084229 0.00836206 0.00842234 0.00828078 0.00869053 0.0087139 0.00864432 0.00847457 0.00865844 0.00840804 0.00855315 0.00847623 0.00845905 0.0082747 0.00826727 0.00806333 0.00800876 0.00808383 0.00826123 0.00841873 0.0086514 0.00831076 0.00823716 0.00803021 0.00814548 0.00858031 0.00849583 0.00813956 0.00805184 0.00816399 0.00894014 0.00873524 0.00888046 0.00851018 0.00817797 0.00818451 0.00938823 0.00894829 0.00842795 0.00807429 0.00965786 0.00857593 0.00865537 0.0524973 0.136523 0.0691386 0.0327541 0.0236494 0.0101785 0.00380719 0 0.0037907 0.00372006 0.00374688 0.00393807 0.00380805 0.0119093 0.00436599 0.00569429 0.00706869 0.0102938 0.0079555 0.0169762 0.0102517 0.592752 0.193365 0.0278802 
