1ONJA
LECHNQQSSQTPTTKTCSGETNCYKKWWSDHRGTIIERGCGCPKVKPGVNLNCCTTDRCNN
CEEECCCCCCCCCEEECCCCCCEEEEEEEECCEEEEEEEECCCCCCCCCEEEEECCCCCCC
0 0 0 0 0 0 0 0 0 0 0 0 0 0 0 0 0 0 0 0 0 0 0 0 0 0 0 0 0 0 0 0 0 0 0 0 0 0 0 0 0 0 0 0 0 0 0 0 0 0 0 0 0 0 0 0 0 0 0 0 0 
0 0 0 0 0 0 0 0 0 0 0 0 0 0 0 0 0 0 0 0 0 0 0 0 0 0 0 0 0 0 0 0 0 0 0 0 0 0 0 0 0 0 0 0 0 0 0 0 0 0 0 0 0 0 0 0 0 0 0 0 0 
0 0.00389441 0.00393047 0.0237029 0.00886521 0.912645 0.0126509 0.0158388 0.0137375 0.0110593 0.0118089 0.0088803 0.0138669 0.0106886 0.014138 0.011471 0.0134448 0.00944124 0.0304866 0.0107507 0.015592 0.0177309 0.0233969 0.00864264 0.0171749 0.00900845 0.0121907 
0.00389441 0 0.0037014 0.00791625 0.943026 0.00656896 0.0121181 0.0176155 0.0109463 0.00941141 0.00944164 0.00966278 0.0105314 0.00844315 0.0106254 0.0271841 0.00891191 0.0112038 0.00899803 0.0106519 0.0226475 0.0102208 0.00868476 0.0246895 0.0086009 0.0187575 0.00886642 
0.00393047 0.0037014 0 0.939926 0.00571498 0.00802241 0.0126787 0.0130858 0.00787582 0.0096129 0.00859542 0.00830021 0.00771859 0.00781033 0.0243965 0.00918354 0.00890355 0.00943842 0.0094045 0.00972568 0.0101868 0.0131432 0.0135441 0.00879003 0.00937432 0.00964544 0.00950783 
0.0237029 0.00791625 0.939926 0 0.00433841 0.00402218 0.00516471 0.00711367 0.0284326 0.0139578 0.00624396 0.00625988 0.00636361 0.010356 0.00935793 0.00888161 0.011162 0.00852145 0.00890412 0.00836169 0.00878595 0.0175775 0.0161872 0.00905608 0.0097504 0.00897463 0.0158317 
0.00886521 0.943026 0.00571498 0.00433841 0 0.00370458 0.00550902 0.0322047 0.00641124 0.00536285 0.00556663 0.005892 0.00705731 0.0055655 0.00744943 0.00975578 0.00797113 0.00870013 0.00791983 0.00866989 0.0102584 0.00865985 0.00868867 0.012858 0.00835342 0.0110284 0.00881038 
0.912645 0.00656896 0.00802241 0.00402218 0.00370458 0 0.0377188 0.0140182 0.00577141 0.00460541 0.00554215 0.00544027 0.00550348 0.00539722 0.0122025 0.00875659 0.00887533 0.00814083 0.00996387 0.00801449 0.00995026 0.0116709 0.0551787 0.00845142 0.0120997 0.00889185 0.0093725 
0.0126509 0.0121181 0.0126787 0.00516471 0.00550902 0.0377188 0 0.00373705 0.00375899 0.0037298 0.0037575 0.00383336 0.00387521 0.00545466 0.00496674 0.0100977 0.00633097 0.00714315 0.00826338 0.0068249 0.0139852 0.899916 0.0101974 0.00925894 0.00805682 0.00928466 0.080666 
0.0158388 0.0176155 0.0130858 0.00711367 0.0322047 0.0140182 0.00373705 0 0.00369459 0.00369208 0.00372759 0.00368438 0.00802404 0.00440921 0.00541865 0.00634706 0.00807531 0.00636345 0.00725844 0.0123397 0.938062 0.0198459 0.00942458 0.00941529 0.00869223 0.0737463 0.00988773 
0.0137375 0.0109463 0.00787582 0.0284326 0.00641124 0.00577141 0.00375899 0.00369459 0 0.0037314 0.00369552 0.00383651 0.00376209 0.00719926 0.00425509 0.0122156 0.00598859 0.00692574 0.016549 0.933125 0.0141463 0.0078686 0.00943877 0.00831141 0.0895218 0.00892678 0.00980483 
0.0110593 0.00941141 0.0096129 0.0139578 0.00536285 0.00460541 0.0037298 0.00369208 0.0037314 0 0.00375904 0.00383036 0.00374974 0.00379974 0.00564284 0.00430442 0.0104146 0.0153528 0.918919 0.0184641 0.00814852 0.00696593 0.00811205 0.0897422 0.00833123 0.0092214 0.00836164 
0.0118089 0.00944164 0.00859542 0.00624396 0.00556663 0.00554215 0.0037575 0.00372759 0.00369552 0.00375904 0 0.00373038 0.00370612 0.00403489 0.00385631 0.00561141 0.0147928 0.905145 0.0329504 0.00713195 0.00889137 0.00611403 0.0710984 0.00782073 0.00904508 0.00938431 0.00853726 
0.0088803 0.00966278 0.00830021 0.00625988 0.005892 0.00544027 0.00383336 0.00368438 0.00383651 0.00383036 0.00373038 0 0.00405964 0.00371728 0.00564439 0.00728234 0.958255 0.0302684 0.00531273 0.0055534 0.00679886 0.011547 0.00785952 0.00919812 0.00836375 0.00862774 0.00832123 
0.0138669 0.0105314 0.00771859 0.00636361 0.00705731 0.00550348 0.00387521 0.00802404 0.00376209 0.00374974 0.00370612 0.00405964 0 0.00418726 0.00582612 0.973383 0.0111055 0.00437686 0.00514973 0.00480556 0.0053263 0.00498163 0.00841156 0.00786736 0.00795614 0.00825018 0.00828136 
0.0106886 0.00844315 0.00781033 0.010356 0.0055655 0.00539722 0.00545466 0.00440921 0.00719926 0.00379974 0.00403489 0.00371728 0.00418726 0 0.9892 0.0132102 0.0045295 0.00408993 0.00400131 0.00385565 0.00515609 0.00487436 0.00936582 0.0075367 0.00688252 0.00707904 0.00775856 
0.014138 0.0106254 0.0243965 0.00935793 0.00744943 0.0122025 0.00496674 0.00541865 0.00425509 0.00564284 0.00385631 0.00564439 0.00582612 0.9892 0 0.00463011 0.00385579 0.00392874 0.00379816 0.00387185 0.00384061 0.00854927 0.0121186 0.008145 0.00744419 0.00868761 0.0525224 
0.011471 0.0271841 0.00918354 0.00888161 0.00975578 0.00875659 0.0100977 0.00634706 0.0122156 0.00430442 0.00561141 0.00728234 0.973383 0.0132102 0.00463011 0 0.00379374 0.00367171 0.00392997 0.00371556 0.00554758 0.00401568 0.0104729 0.00840588 0.00875909 0.0200786 0.010887 
0.0134448 0.00891191 0.00890355 0.011162 0.00797113 0.00887533 0.00633097 0.00807531 0.00598859 0.0104146 0.0147928 0.958255 0.0111055 0.0045295 0.00385579 0.00379374 0 0.00379316 0.00376823 0.0037335 0.00373248 0.00385846 0.0097521 0.0080808 0.0131717 0.0110461 0.0146712 
0.00944124 0.0112038 0.00943842 0.00852145 0.00870013 0.00814083 0.00714315 0.00636345 0.00692574 0.0153528 0.905145 0.0302684 0.00437686 0.00408993 0.00392874 0.00367171 0.00379316 0 0.00370409 0.00370755 0.0037532 0.00373516 0.00712969 0.0219637 0.0071873 0.0140483 0.0433962 
0.0304866 0.00899803 0.0094045 0.00890412 0.00791983 0.00996387 0.00826338 0.00725844 0.016549 0.918919 0.0329504 0.00531273 0.00514973 0.00400131 0.00379816 0.00392997 0.00376823 0.00370409 0 0.00372918 0.00375475 0.00371511 0.0192716 0.00734983 0.0318534 0.0406642 0.0359922 
0.0107507 0.0106519 0.00972568 0.00836169 0.00866989 0.00801449 0.0068249 0.0123397 0.933125 0.0184641 0.00713195 0.0055534 0.00480556 0.00385565 0.00387185 0.00371556 0.0037335 0.00370755 0.00372918 0 0.00370868 0.00369928 0.00715827 0.0189241 0.0347934 0.0351694 0.0159459 
0.015592 0.0226475 0.0101868 0.00878595 0.0102584 0.00995026 0.0139852 0.938062 0.0141463 0.00814852 0.00889137 0.00679886 0.0053263 0.00515609 0.00384061 0.00554758 0.00373248 0.0037532 0.00375475 0.00370868 0 0.00372122 0.0242473 0.0362392 0.0299567 0.0151344 0.0079095 
0.0177309 0.0102208 0.0131432 0.0175775 0.00865985 0.0116709 0.899916 0.0198459 0.0078686 0.00696593 0.00611403 0.011547 0.00498163 0.00487436 0.00854927 0.00401568 0.00385846 0.00373516 0.00371511 0.00369928 0.00372122 0 0.114041 0.0150951 0.00648882 0.00817148 0.0182314 
0.0233969 0.00868476 0.0135441 0.0161872 0.00868867 0.0551787 0.0101974 0.00942458 0.00943877 0.00811205 0.0710984 0.00785952 0.00841156 0.00936582 0.0121186 0.0104729 0.0097521 0.00712969 0.0192716 0.00715827 0.0242473 0.114041 0 0.00395624 0.00389186 0.0043473 0.00979675 
0.00864264 0.0246895 0.00879003 0.00905608 0.012858 0.00845142 0.00925894 0.00941529 0.00831141 0.0897422 0.00782073 0.00919812 0.00786736 0.0075367 0.008145 0.00840588 0.0080808 0.0219637 0.00734983 0.0189241 0.0362392 0.0150951 0.00395624 0 0.00388445 0.00373872 0.00485023 
0.0171749 0.0086009 0.00937432 0.0097504 0.00835342 0.0120997 0.00805682 0.00869223 0.0895218 0.00833123 0.00904508 0.00836375 0.00795614 0.00688252 0.00744419 0.00875909 0.0131717 0.0071873 0.0318534 0.0347934 0.0299567 0.00648882 0.00389186 0.00388445 0 0.0036935 0.00370134 
0.00900845 0.0187575 0.00964544 0.00897463 0.0110284 0.00889185 0.00928466 0.0737463 0.00892678 0.0092214 0.00938431 0.00862774 0.00825018 0.00707904 0.00868761 0.0200786 0.0110461 0.0140483 0.0406642 0.0351694 0.0151344 0.00817148 0.0043473 0.00373872 0.0036935 0 0.00370052 
0.0121907 0.00886642 0.00950783 0.0158317 0.00881038 0.0093725 0.080666 0.00988773 0.00980483 0.00836164 0.00853726 0.00832123 0.00828136 0.00775856 0.0525224 0.010887 0.0146712 0.0433962 0.0359922 0.0159459 0.0079095 0.0182314 0.00979675 0.00485023 0.00370134 0.00370052 0 
