1OO0A
EDFYLRYYVGHKGKFGHEFLEFEFRPDGKLRYANNSNYKNDTMIRKEAFVHQSVMEELKRIIIDSEIMQEDDLPWPPPDRVGRQELEIVIGDEHISFTTSKTGSLVDVNRSKDPEGLRCFYYLVQDLKCLVFSLIGLHFKIKPI
CCEEEEEEEEEEECCEEEEEEEEECCCCEEEEEEECCCCCCCCEEEEEEECHHHHHHHHHHHHHHCHHHCCCCCCCCCCCCEEEEEEEEECCEEEEEEECCCCCHHHHHHCCCHHHHHHHHHHHHHHHHHHHHHHHHHHCCCCC
0 0 0 0 0 0 0 0 0 0 0 0 0 0 0 0 0 0 0 0 0 0 0 0 0 0 0 0 0 0 0 0 0 0 0 0 0 0 0 0 0 0 0 0 0 0 0 0 0 0 0 0 0 0 0 0 0 0 0 0 0 0 0 0 0 0 0 0 0 0 0 0 0 0 0 0 0 0 0 0 0 0 0 0 0 0 0 0 0 0 0 0 0 0 0 0 0 0 0 0 0 0 0 0 0 0 0 0 0 0 0 0 0 0 0 0 0 0 0 0 0 0 0 0 0 0 0 0 0 0 0 0 0 0 0 0 0 0 0 0 0 0 0 0 
0 0 0 0 0 0 0 0 0 0 0 0 0 0 0 0 0 0 0 0 0 0 0 0 0 0 0 0 0 0 0 0 0 0 0 0 0 0 0 0 0 0 0 0 0 0 0 0 0 0 0 0 0 0 0 0 0 0 0 0 0 0 0 0 0 0 0 0 0 0 0 0 0 0 0 0 0 0 0 0 0 0 0 0 0 0 0 0 0 0 0 0 0 0 0 0 0 0 0 0 0 0 0 0 0 0 0 0 0 0 0 0 0 0 0 0 0 0 0 0 0 0 0 0 0 0 0 0 0 0 0 0 0 0 0 0 0 0 0 0 0 0 0 0 
0 0.0038163 0.00374264 0.00373927 0.0038629 0.00389388 0.00377749 0.00505191 0.0043834 0.00529488 0.0648711 0.00851847 0.00675609 0.00891455 0.0125146 0.0236198 0.0187049 0.0365382 0.00988846 0.142636 0.0191855 0.0523196 0.0104167 0.0171498 0.0153885 0.010472 0.0183992 0.02233 0.00935803 0.0126671 0.0128801 0.0186517 0.0106435 0.0322746 0.0107778 0.00836571 0.0100697 0.00876331 0.0145193 0.00915517 0.0210698 0.00960959 0.0266776 0.0089527 0.00817931 0.0103277 0.0083917 0.0109028 0.00878728 0.0146203 
0.0038163 0 0.00372448 0.00373409 0.00374907 0.00389834 0.0037501 0.0040559 0.00427883 0.0410773 0.00548629 0.00648224 0.00794322 0.0129898 0.0256642 0.00865438 0.0368294 0.00908631 0.109119 0.0423674 0.0668472 0.0133393 0.0224869 0.0115792 0.0155399 0.0194488 0.0128268 0.00938207 0.0213074 0.00890117 0.0203306 0.0114985 0.0552952 0.0123981 0.00855562 0.0116199 0.00861918 0.020626 0.00974412 0.048555 0.0124629 0.0538322 0.0113136 0.00823209 0.0111728 0.00848946 0.0186839 0.00868864 0.0167951 0.00960066 
0.00374264 0.00372448 0 0.00371863 0.00372619 0.00373132 0.00379146 0.00443158 0.0103517 0.00578664 0.00564961 0.00610556 0.0166834 0.0293942 0.0103556 0.0319758 0.00772798 0.0658453 0.030322 0.708078 0.00860235 0.0200659 0.00924583 0.0264893 0.0184088 0.0115328 0.0088636 0.0119435 0.00954296 0.0195338 0.00974015 0.0583588 0.010598 0.0134832 0.00907538 0.00877772 0.0211586 0.00968243 0.0679595 0.0122464 0.13728 0.0127432 0.0125645 0.00861254 0.00831221 0.0248952 0.00870182 0.0389933 0.00892497 0.00941513 
0.00373927 0.00373409 0.00371863 0 0.00372522 0.00372421 0.00372264 0.0105515 0.013759 0.0120114 0.00379712 0.0167262 0.0318758 0.014027 0.0419502 0.00667209 0.0660933 0.0207414 0.887126 0.00929812 0.0130721 0.00849527 0.045436 0.0196644 0.0144009 0.0108255 0.00933001 0.00909484 0.0135251 0.00887166 0.0536968 0.0110676 0.0252396 0.0102689 0.00843814 0.0109737 0.0086411 0.0329148 0.0101627 0.092966 0.0123196 0.0339046 0.00962511 0.00818558 0.0127505 0.00939007 0.0321737 0.0103459 0.0131618 0.00850975 
0.0038629 0.00374907 0.00372619 0.00372522 0 0.00375479 0.00390591 0.00378844 0.00382121 0.00876766 0.00957062 0.0101854 0.00714858 0.0259392 0.00677911 0.0657634 0.0273799 0.911364 0.00888347 0.0183003 0.00851133 0.0260226 0.0164027 0.019885 0.0112878 0.0112095 0.00862986 0.0159797 0.00885372 0.0563633 0.00939361 0.0365398 0.00969095 0.0122642 0.0108714 0.00840569 0.0212681 0.00887647 0.0775609 0.011693 0.079018 0.010706 0.0106399 0.0112149 0.00829511 0.0269526 0.0085199 0.0279116 0.00899137 0.00949953 
0.00389388 0.00389834 0.00373132 0.00372421 0.00375479 0 0.00371892 0.0037097 0.00376525 0.00419008 0.00524052 0.00511768 0.00878875 0.00632793 0.0589122 0.015588 0.898196 0.00917348 0.016875 0.0122819 0.0164415 0.00999666 0.0211408 0.0106032 0.0160165 0.0120198 0.00964761 0.00895941 0.0262591 0.00902067 0.0197632 0.0107021 0.0273343 0.00993286 0.0083845 0.0118486 0.00874253 0.0510791 0.0103398 0.0612432 0.0141675 0.022108 0.00968542 0.0082405 0.0109061 0.0084874 0.0245154 0.00896644 0.0116688 0.00848517 
0.00377749 0.0037501 0.00379146 0.00372264 0.00390591 0.00371892 0 0.00374853 0.00369818 0.00370311 0.0037865 0.00470962 0.0042953 0.0310755 0.0262691 0.789555 0.007709 0.00927972 0.00690645 0.0123121 0.00842098 0.0116603 0.00847238 0.0134569 0.0127004 0.0132498 0.00834571 0.0227909 0.00861196 0.0122757 0.00903011 0.0260366 0.0103257 0.0103013 0.00912762 0.00866374 0.0284782 0.00884403 0.0254534 0.0111546 0.033558 0.011465 0.0110163 0.0085671 0.00814946 0.012458 0.00874417 0.0148267 0.00848275 0.0083996 
0.00505191 0.0040559 0.00443158 0.0105515 0.00378844 0.0037097 0.00374853 0 0.00376778 0.00370166 0.00380477 0.00393474 0.0269344 0.0573431 0.752567 0.0181795 0.00824818 0.00689451 0.00851633 0.0136105 0.0083762 0.00838291 0.0100761 0.0135212 0.00986523 0.0093259 0.0082327 0.00899001 0.00975211 0.00906728 0.0141649 0.0113556 0.010577 0.00935547 0.00854091 0.0145733 0.00893395 0.0124741 0.00997217 0.0162137 0.0132409 0.0111211 0.00931554 0.00814617 0.00845401 0.00896829 0.0101963 0.00952645 0.00852346 0.00859509 
0.0043834 0.00427883 0.0103517 0.013759 0.00382121 0.00376525 0.00369818 0.00376778 0 0.00373005 0.00372218 0.00915735 0.0305007 0.744089 0.0216689 0.005822 0.0065206 0.00820404 0.00731739 0.00622048 0.00754175 0.00886906 0.0140986 0.00911526 0.00955119 0.00892923 0.00819298 0.00858999 0.00855559 0.00966727 0.00970092 0.0109111 0.00980793 0.015457 0.0123007 0.00825904 0.00952664 0.00919014 0.0108818 0.0122768 0.014119 0.0108424 0.00879196 0.00806828 0.00813922 0.0088024 0.00865117 0.00960238 0.00840228 0.00817606 
0.00529488 0.0410773 0.00578664 0.0120114 0.00876766 0.00419008 0.00370311 0.00370166 0.00373005 0 0.00384013 0.00540377 0.785385 0.0142354 0.00520552 0.00435943 0.0108994 0.00564093 0.00831138 0.00557492 0.010676 0.00935839 0.00938312 0.00799173 0.00839429 0.00873738 0.00794401 0.00884923 0.00981337 0.00845015 0.00911423 0.0088609 0.0130332 0.00883091 0.00820411 0.00979489 0.00821441 0.00916557 0.00874601 0.00920738 0.00906052 0.0101209 0.00857155 0.008127 0.00848435 0.00821367 0.00900671 0.00849821 0.00875008 0.00815458 
0.0648711 0.00548629 0.00564961 0.00379712 0.00957062 0.00524052 0.0037865 0.00380477 0.00372218 0.00384013 0 0.909162 0.00422407 0.0184496 0.00390616 0.0067679 0.00398556 0.00711736 0.00502641 0.0087313 0.0175923 0.0135781 0.00733256 0.00951094 0.00785614 0.00747164 0.0080919 0.0402364 0.00855377 0.00991819 0.00851002 0.0101227 0.00890391 0.0118042 0.0148083 0.00824762 0.00900012 0.00850926 0.00938522 0.00882862 0.00983849 0.00874937 0.00976283 0.00957635 0.00817492 0.00961854 0.00813653 0.00999345 0.00828883 0.00912071 
0.00851847 0.00648224 0.00610556 0.0167262 0.0101854 0.00511768 0.00470962 0.00393474 0.00915735 0.00540377 0.909162 0 0.00427537 0.00377706 0.00380318 0.00393182 0.00435004 0.00406575 0.00563235 0.0103441 0.00661757 0.00627094 0.00742258 0.00889829 0.00752506 0.0106587 0.0208149 0.0092989 0.00972552 0.00923037 0.00924133 0.0094673 0.0108233 0.0183516 0.00847404 0.00822984 0.0081821 0.0083418 0.00859968 0.00900666 0.00927475 0.00896719 0.0126983 0.00809679 0.00809961 0.00818719 0.00833788 0.00826872 0.00842371 0.0114086 
0.00675609 0.00794322 0.0166834 0.0318758 0.00714858 0.00878875 0.0042953 0.0269344 0.0305007 0.785385 0.00422407 0.00427537 0 0.0038472 0.0037609 0.00380758 0.00389183 0.00436405 0.00583084 0.00384547 0.00579148 0.006646 0.00663956 0.0065867 0.00981686 0.0079747 0.0123583 0.00964319 0.0156944 0.0084144 0.00971391 0.00906529 0.0123918 0.0087943 0.00830594 0.00845838 0.00831585 0.0097996 0.00882502 0.0116945 0.00941337 0.0145531 0.00869044 0.00795536 0.00821864 0.00832275 0.00857165 0.00836699 0.00911057 0.00832269 
0.00891455 0.0129898 0.0293942 0.014027 0.0259392 0.00632793 0.0310755 0.0573431 0.744089 0.0142354 0.0184496 0.00377706 0.0038472 0 0.00381894 0.0037828 0.00392585 0.00396661 0.00505824 0.00413356 0.0058692 0.0067439 0.00644527 0.0115065 0.00759778 0.00785214 0.0171842 0.0200511 0.00855293 0.0105521 0.00907065 0.0201716 0.00940237 0.00994488 0.00846451 0.00850272 0.0097917 0.00958869 0.017498 0.0106177 0.0360636 0.00956297 0.00916646 0.00824006 0.00830732 0.00967237 0.0087172 0.0132425 0.00839121 0.0123758 
0.0125146 0.0256642 0.0103556 0.0419502 0.00677911 0.0589122 0.0262691 0.752567 0.0216689 0.00520552 0.00390616 0.00380318 0.0037609 0.00381894 0 0.00399004 0.00380387 0.00386298 0.00392836 0.00384556 0.00629028 0.00661956 0.0174938 0.00743269 0.0103906 0.0253738 0.516609 0.00838783 0.00984592 0.00864855 0.0258695 0.00915872 0.0231263 0.00899626 0.00845933 0.0103388 0.00862609 0.0175489 0.0092849 0.0569233 0.0104068 0.0163303 0.00921264 0.00813305 0.00940564 0.00862708 0.0197639 0.00859435 0.0258375 0.00851087 
0.0236198 0.00865438 0.0319758 0.00667209 0.0657634 0.015588 0.789555 0.0181795 0.005822 0.00435943 0.0067679 0.00393182 0.00380758 0.0037828 0.00399004 0 0.0037595 0.00399926 0.00373226 0.00424894 0.00483853 0.0252228 0.00583446 0.0134715 0.0213691 0.552517 0.00749586 0.0122146 0.00828113 0.0225194 0.00830419 0.037166 0.00889275 0.0110253 0.00950693 0.00848619 0.0145286 0.00895385 0.0488239 0.00969472 0.0522462 0.00950931 0.0102251 0.00863577 0.00824736 0.0359121 0.00838818 0.0462568 0.00848941 0.00906853 
0.0187049 0.0368294 0.00772798 0.0660933 0.0273799 0.898196 0.007709 0.00824818 0.0065206 0.0108994 0.00398556 0.00435004 0.00389183 0.00392585 0.00380387 0.0037595 0 0.00369583 0.00373078 0.00372873 0.00857409 0.00506094 0.0287248 0.00978308 0.79974 0.00757838 0.00735749 0.00830139 0.0168916 0.00819567 0.0357165 0.00890693 0.0209691 0.00908991 0.00862203 0.0125216 0.00883835 0.0487988 0.00942736 0.0872604 0.0105276 0.0253133 0.00969671 0.00830014 0.01487 0.00849639 0.0670283 0.00861903 0.0212862 0.00859924 
0.0365382 0.00908631 0.0658453 0.0207414 0.911364 0.00917348 0.00927972 0.00689451 0.00820404 0.00564093 0.00711736 0.00406575 0.00436405 0.00396661 0.00386298 0.00399926 0.00369583 0 0.0037139 0.00387962 0.00403507 0.0632283 0.0108856 0.909507 0.00934977 0.00709368 0.0061724 0.019295 0.00818937 0.0337879 0.008452 0.029186 0.0093192 0.0116155 0.009901 0.00891831 0.0283433 0.00891853 0.0751456 0.00997466 0.0839722 0.0102896 0.0109423 0.00927254 0.00838475 0.0454246 0.00856959 0.0428145 0.00905279 0.00954711 
0.00988846 0.109119 0.030322 0.887126 0.00888347 0.016875 0.00690645 0.00851633 0.00731739 0.00831138 0.00502641 0.00563235 0.00583084 0.00505824 0.00392836 0.00373226 0.00373078 0.0037139 0 0.00372433 0.0303857 0.0138921 0.877207 0.0131902 0.00711755 0.00598726 0.00771782 0.00819193 0.0361566 0.0080055 0.014817 0.00869732 0.029519 0.0101989 0.00870917 0.0156019 0.00855688 0.0203873 0.00948629 0.0400877 0.00950953 0.0316699 0.0104864 0.00848596 0.0137042 0.00847672 0.0300032 0.0085829 0.0173655 0.00893926 
0.142636 0.0423674 0.708078 0.00929812 0.0183003 0.0122819 0.0123121 0.0136105 0.00622048 0.00557492 0.0087313 0.0103441 0.00384547 0.00413356 0.00384556 0.00424894 0.00372873 0.00387962 0.00372433 0 0.0222168 0.861094 0.0043139 0.0057709 0.00555888 0.00558191 0.00662474 0.0681851 0.00834579 0.0118278 0.0080951 0.0131392 0.0089244 0.0442098 0.0294233 0.00857776 0.012169 0.00858911 0.0183602 0.00871901 0.0133239 0.00904935 0.0203608 0.0143713 0.00836159 0.0133721 0.0083319 0.0146115 0.00838304 0.0130626 
0.0191855 0.0668472 0.00860235 0.0130721 0.00851133 0.0164415 0.00842098 0.0083762 0.00754175 0.010676 0.0175923 0.00661757 0.00579148 0.0058692 0.00629028 0.00483853 0.00857409 0.00403507 0.0303857 0.0222168 0 0.00424185 0.00381022 0.0037707 0.00387277 0.00411535 0.00826599 0.00706551 0.0126426 0.00743149 0.0134995 0.00927077 0.747298 0.0836972 0.00937514 0.0097901 0.00858117 0.0134915 0.00866394 0.0189055 0.00949524 0.0161325 0.0197987 0.00870325 0.00928753 0.00841788 0.0119004 0.00831816 0.0133989 0.0170476 
0.0523196 0.0133393 0.0200659 0.00849527 0.0260226 0.00999666 0.0116603 0.00838291 0.00886906 0.00935839 0.0135781 0.00627094 0.006646 0.0067439 0.00661956 0.0252228 0.00506094 0.0632283 0.0138921 0.861094 0.00424185 0 0.00377732 0.00380222 0.00386577 0.0045529 0.00393808 0.0121337 0.00715835 0.0125422 0.00829747 0.81014 0.0193915 0.0139436 0.0106831 0.00866594 0.0141183 0.0088102 0.0305945 0.00962765 0.0382275 0.010764 0.012482 0.00896586 0.0084995 0.0167351 0.00832387 0.0264816 0.00897442 0.0108414 
0.0104167 0.0224869 0.00924583 0.045436 0.0164027 0.0211408 0.00847238 0.0100761 0.0140986 0.00938312 0.00733256 0.00742258 0.00663956 0.00644527 0.0174938 0.00583446 0.0287248 0.0108856 0.877207 0.0043139 0.00381022 0.00377732 0 0.00376403 0.00373452 0.00372941 0.00386474 0.00647516 0.0141515 0.00716373 0.856073 0.0144227 0.0318292 0.00806359 0.00873829 0.0123841 0.00872044 0.0395024 0.00934077 0.093225 0.0112144 0.0249943 0.00948447 0.00842864 0.0120607 0.00858123 0.0482083 0.00884544 0.0164063 0.00863496 
0.0171498 0.0115792 0.0264893 0.0196644 0.019885 0.0106032 0.0134569 0.0135212 0.00911526 0.00799173 0.00951094 0.00889829 0.0065867 0.0115065 0.00743269 0.0134715 0.00978308 0.909507 0.0131902 0.0057709 0.0037707 0.00380222 0.00376403 0 0.00375572 0.00369781 0.00370995 0.017918 0.00718893 0.875836 0.0131407 0.0177934 0.00926659 0.00915675 0.0121777 0.00910978 0.0241486 0.0102387 0.0390817 0.0130305 0.046691 0.0124064 0.0107654 0.00969651 0.00850661 0.0189745 0.00927272 0.0214545 0.00886804 0.00906352 
0.0153885 0.0155399 0.0184088 0.0144009 0.0112878 0.0160165 0.0127004 0.00986523 0.00955119 0.00839429 0.00785614 0.00752506 0.00981686 0.00759778 0.0103906 0.0213691 0.79974 0.00934977 0.00711755 0.00555888 0.00387277 0.00386577 0.00373452 0.00375572 0 0.00369993 0.00374585 0.00665659 0.80608 0.016433 0.0157834 0.0119472 0.0102952 0.00703111 0.00935786 0.0150231 0.00979311 0.017471 0.0127707 0.0205148 0.0196747 0.0175034 0.00971426 0.00849319 0.0101998 0.0101313 0.0139218 0.0111567 0.0100193 0.00864348 
0.010472 0.0194488 0.0115328 0.0108255 0.0112095 0.0120198 0.0132498 0.0093259 0.00892923 0.00873738 0.00747164 0.0106587 0.0079747 0.00785214 0.0253738 0.552517 0.00757838 0.00709368 0.00598726 0.00558191 0.00411535 0.0045529 0.00372941 0.00369781 0.00369993 0 0.00465807 0.629565 0.0156266 0.00855776 0.00645416 0.00842399 0.0103251 0.00705979 0.0119729 0.0111139 0.0101064 0.0101516 0.0107306 0.0117371 0.0126987 0.0241649 0.0120178 0.00894886 0.00917123 0.00932313 0.00946692 0.00981102 0.00998218 0.0085953 
0.0183992 0.0128268 0.0088636 0.00933001 0.00862986 0.00964761 0.00834571 0.0082327 0.00819298 0.00794401 0.0080919 0.0208149 0.0123583 0.0171842 0.516609 0.00749586 0.00735749 0.0061724 0.00771782 0.00662474 0.00826599 0.00393808 0.00386474 0.00370995 0.00374585 0.00465807 0 0.0248196 0.0115081 0.0053773 0.00632125 0.00668156 0.00886245 0.0101091 0.0119415 0.0106517 0.00860529 0.00959279 0.00893464 0.0100452 0.00939129 0.00995118 0.0150507 0.0102513 0.00878435 0.00844314 0.00927539 0.00850944 0.00906449 0.0092574 
0.02233 0.00938207 0.0119435 0.00909484 0.0159797 0.00895941 0.0227909 0.00899001 0.00858999 0.00884923 0.0402364 0.0092989 0.00964319 0.0200511 0.00838783 0.0122146 0.00830139 0.019295 0.00819193 0.0681851 0.00706551 0.0121337 0.00647516 0.017918 0.00665659 0.629565 0.0248196 0 0.00376987 0.00392456 0.0038043 0.00388889 0.00390319 0.00561395 0.028588 0.0091976 0.0110571 0.00879304 0.0125778 0.00924644 0.0183611 0.00964686 0.0321195 0.0106521 0.00864784 0.0116399 0.00852891 0.0127652 0.00894006 0.034763 
0.00935803 0.0213074 0.00954296 0.0135251 0.00885372 0.0262591 0.00861196 0.00975211 0.00855559 0.00981337 0.00855377 0.00972552 0.0156944 0.00855293 0.00984592 0.00828113 0.0168916 0.00818937 0.0361566 0.00834579 0.0126426 0.00715835 0.0141515 0.00718893 0.80608 0.0156266 0.0115081 0.00376987 0 0.00396439 0.00376491 0.00372061 0.00393322 0.00385618 0.0107009 0.0216198 0.00842356 0.0148936 0.00863321 0.0286366 0.009019 0.0177522 0.00948998 0.00856065 0.0099082 0.00853138 0.0131087 0.0085731 0.0188241 0.0087873 
0.0126671 0.00890117 0.0195338 0.00887166 0.0563633 0.00902067 0.0122757 0.00906728 0.00966727 0.00845015 0.00991819 0.00923037 0.0084144 0.0105521 0.00864855 0.0225194 0.00819567 0.0337879 0.0080055 0.0118278 0.00743149 0.0125422 0.00716373 0.875836 0.016433 0.00855776 0.0053773 0.00392456 0.00396439 0 0.00379268 0.00375917 0.0037128 0.00378179 0.0175474 0.00900305 0.0198609 0.00908429 0.0368535 0.0090651 0.0331662 0.00916115 0.00948345 0.00890079 0.00839924 0.0150314 0.00868428 0.0324027 0.00842466 0.00914616 
0.0128801 0.0203306 0.00974015 0.0536968 0.00939361 0.0197632 0.00903011 0.0141649 0.00970092 0.00911423 0.00851002 0.00924133 0.00971391 0.00907065 0.0258695 0.00830419 0.0357165 0.008452 0.014817 0.0080951 0.0134995 0.00829747 0.856073 0.0131407 0.0157834 0.00645416 0.00632125 0.0038043 0.00376491 0.00379268 0 0.00389111 0.00374366 0.00372618 0.0127933 0.0239571 0.00925388 0.049311 0.00905201 0.058242 0.0107199 0.0171487 0.00916612 0.00878136 0.0133125 0.00872676 0.0676565 0.00889458 0.0139044 0.00847719 
0.0186517 0.0114985 0.0583588 0.0110676 0.0365398 0.0107021 0.0260366 0.0113556 0.0109111 0.0088609 0.0101227 0.0094673 0.00906529 0.0201716 0.00915872 0.037166 0.00890693 0.029186 0.00869732 0.0131392 0.00927077 0.81014 0.0144227 0.0177934 0.0119472 0.00842399 0.00668156 0.00388889 0.00372061 0.00375917 0.00389111 0 0.00370334 0.00388026 0.0271122 0.012735 0.0632457 0.0121168 0.0832714 0.0134294 0.0879414 0.0119339 0.0110897 0.00981033 0.00893587 0.0637901 0.00945304 0.0352344 0.00909858 0.00956697 
0.0106435 0.0552952 0.010598 0.0252396 0.00969095 0.0273343 0.0103257 0.010577 0.00980793 0.0130332 0.00890391 0.0108233 0.0123918 0.00940237 0.0231263 0.00889275 0.0209691 0.0093192 0.029519 0.0089244 0.747298 0.0193915 0.0318292 0.00926659 0.0102952 0.0103251 0.00886245 0.00390319 0.00393322 0.0037128 0.00374366 0.00370334 0 0.00372188 0.0108751 0.0651976 0.0126879 0.0678317 0.0119235 0.0844928 0.0214235 0.158896 0.015697 0.00945362 0.0357067 0.00898866 0.0272254 0.00985235 0.0303694 0.00951421 
0.0322746 0.0123981 0.0134832 0.0102689 0.0122642 0.00993286 0.0103013 0.00935547 0.015457 0.00883091 0.0118042 0.0183516 0.0087943 0.00994488 0.00899626 0.0110253 0.00908991 0.0116155 0.0101989 0.0442098 0.0836972 0.0139436 0.00806359 0.00915675 0.00703111 0.00705979 0.0101091 0.00561395 0.00385618 0.00378179 0.00372618 0.00388026 0.00372188 0 0.0306287 0.0102412 0.0244849 0.0113608 0.0293108 0.0133028 0.0234043 0.0190892 0.0757446 0.0174446 0.00891538 0.0108641 0.00944528 0.0113374 0.0103426 0.0155568 
0.0107778 0.00855562 0.00907538 0.00843814 0.0108714 0.0083845 0.00912762 0.00854091 0.0123007 0.00820411 0.0148083 0.00847404 0.00830594 0.00846451 0.00845933 0.00950693 0.00862203 0.009901 0.00870917 0.0294233 0.00937514 0.0106831 0.00873829 0.0121777 0.00935786 0.0119729 0.0119415 0.028588 0.0107009 0.0175474 0.0127933 0.0271122 0.0108751 0.0306287 0 0.00660857 0.00398299 0.00378826 0.00396213 0.00394014 0.00407629 0.00466943 0.00871311 0.00569646 0.00596016 0.00748657 0.00657727 0.0113734 0.00870248 0.0357058 
0.00836571 0.0116199 0.00877772 0.0109737 0.00840569 0.0118486 0.00866374 0.0145733 0.00825904 0.00979489 0.00824762 0.00822984 0.00845838 0.00850272 0.0103388 0.00848619 0.0125216 0.00891831 0.0156019 0.00857776 0.0097901 0.00866594 0.0123841 0.00910978 0.0150231 0.0111139 0.0106517 0.0091976 0.0216198 0.00900305 0.0239571 0.012735 0.0651976 0.0102412 0.00660857 0 0.00375253 0.00376036 0.00373249 0.00388033 0.0038767 0.00601869 0.00450121 0.00518015 0.00665811 0.00596863 0.00861988 0.00726775 0.0239989 0.0185757 
0.0100697 0.00861918 0.0211586 0.0086411 0.0212681 0.00874253 0.0284782 0.00893395 0.00952664 0.00821441 0.00900012 0.0081821 0.00831585 0.0097917 0.00862609 0.0145286 0.00883835 0.0283433 0.00855688 0.012169 0.00858117 0.0141183 0.00872044 0.0241486 0.00979311 0.0101064 0.00860529 0.0110571 0.00842356 0.0198609 0.00925388 0.0632457 0.0126879 0.0244849 0.00398299 0.00375253 0 0.00369619 0.00374501 0.00372961 0.00487553 0.00399241 0.0041873 0.00535746 0.00530241 0.00918959 0.00574743 0.0304918 0.00895937 0.834609 
0.00876331 0.020626 0.00968243 0.0329148 0.00887647 0.0510791 0.00884403 0.0124741 0.00919014 0.00916557 0.00850926 0.0083418 0.0097996 0.00958869 0.0175489 0.00895385 0.0487988 0.00891853 0.0203873 0.00858911 0.0134915 0.0088102 0.0395024 0.0102387 0.017471 0.0101516 0.00959279 0.00879304 0.0148936 0.00908429 0.049311 0.0121168 0.0678317 0.0113608 0.00378826 0.00376036 0.00369619 0 0.00369532 0.00375769 0.00372402 0.0037723 0.0039009 0.00439155 0.0131784 0.00547721 0.0232366 0.0077987 0.940581 0.0138891 
0.0145193 0.00974412 0.0679595 0.0101627 0.0775609 0.0103398 0.0254534 0.00997217 0.0108818 0.00874601 0.00938522 0.00859968 0.00882502 0.017498 0.0092849 0.0488239 0.00942736 0.0751456 0.00948629 0.0183602 0.00866394 0.0305945 0.00934077 0.0390817 0.0127707 0.0107306 0.00893464 0.0125778 0.00863321 0.0368535 0.00905201 0.0832714 0.0119235 0.0293108 0.00396213 0.00373249 0.00374501 0.00369532 0 0.00369888 0.00374813 0.00371606 0.00371744 0.00814413 0.0044546 0.0187338 0.00594281 0.967416 0.00989873 0.00987582 
0.00915517 0.048555 0.0122464 0.092966 0.011693 0.0612432 0.0111546 0.0162137 0.0122768 0.00920738 0.00882862 0.00900666 0.0116945 0.0106177 0.0569233 0.00969472 0.0872604 0.00997466 0.0400877 0.00871901 0.0189055 0.00962765 0.093225 0.0130305 0.0205148 0.0117371 0.0100452 0.00924644 0.0286366 0.0090651 0.058242 0.0134294 0.0844928 0.0133028 0.00394014 0.00388033 0.00372961 0.00375769 0.00369888 0 0.0037105 0.00376586 0.00376964 0.00398679 0.016381 0.00545329 0.972808 0.0122368 0.0130172 0.00766405 
0.0210698 0.0124629 0.13728 0.0123196 0.079018 0.0141675 0.033558 0.0132409 0.014119 0.00906052 0.00983849 0.00927475 0.00941337 0.0360636 0.0104068 0.0522462 0.0105276 0.0839722 0.00950953 0.0133239 0.00949524 0.0382275 0.0112144 0.046691 0.0196747 0.0126987 0.00939129 0.0183611 0.009019 0.0331662 0.0107199 0.0879414 0.0214235 0.0234043 0.00407629 0.0038767 0.00487553 0.00372402 0.00374813 0.0037105 0 0.00376974 0.00377197 0.0133811 0.00422728 0.959646 0.0066935 0.0212389 0.0069286 0.00810433 
0.00960959 0.0538322 0.0127432 0.0339046 0.010706 0.022108 0.011465 0.0111211 0.0108424 0.0101209 0.00874937 0.00896719 0.0145531 0.00956297 0.0163303 0.00950931 0.0253133 0.0102896 0.0316699 0.00904935 0.0161325 0.010764 0.0249943 0.0124064 0.0175034 0.0241649 0.00995118 0.00964686 0.0177522 0.00916115 0.0171487 0.0119339 0.158896 0.0190892 0.00466943 0.00601869 0.00399241 0.0037723 0.00371606 0.00376586 0.00376974 0 0.00391786 0.00424047 0.967665 0.00602268 0.0072413 0.00589384 0.0137306 0.00796617 
0.0266776 0.0113136 0.0125645 0.00962511 0.0106399 0.00968542 0.0110163 0.00931554 0.00879196 0.00857155 0.00976283 0.0126983 0.00869044 0.00916646 0.00921264 0.0102251 0.00969671 0.0109423 0.0104864 0.0203608 0.0197987 0.012482 0.00948447 0.0107654 0.00971426 0.0120178 0.0150507 0.0321195 0.00948998 0.00948345 0.00916612 0.0110897 0.015697 0.0757446 0.00871311 0.00450121 0.0041873 0.0039009 0.00371744 0.00376964 0.00377197 0.00391786 0 0.99119 0.00414957 0.00430771 0.004022 0.00513132 0.00663121 0.011085 
0.0089527 0.00823209 0.00861254 0.00818558 0.0112149 0.0082405 0.0085671 0.00814617 0.00806828 0.008127 0.00957635 0.00809679 0.00795536 0.00824006 0.00813305 0.00863577 0.00830014 0.00927254 0.00848596 0.0143713 0.00870325 0.00896586 0.00842864 0.00969651 0.00849319 0.00894886 0.0102513 0.0106521 0.00856065 0.00890079 0.00878136 0.00981033 0.00945362 0.0174446 0.00569646 0.00518015 0.00535746 0.00439155 0.00814413 0.00398679 0.0133811 0.00424047 0.99119 0 0.0037723 0.00375065 0.00379678 0.00380968 0.00385213 0.0084895 
0.00817931 0.0111728 0.00831221 0.0127505 0.00829511 0.0109061 0.00814946 0.00845401 0.00813922 0.00848435 0.00817492 0.00809961 0.00821864 0.00830732 0.00940564 0.00824736 0.01487 0.00838475 0.0137042 0.00836159 0.00928753 0.0084995 0.0120607 0.00850661 0.0101998 0.00917123 0.00878435 0.00864784 0.0099082 0.00839924 0.0133125 0.00893587 0.0357067 0.00891538 0.00596016 0.00665811 0.00530241 0.0131784 0.0044546 0.016381 0.00422728 0.967665 0.00414957 0.0037723 0 0.00374597 0.00378684 0.00369451 0.00529914 0.00398167 
0.0103277 0.00848946 0.0248952 0.00939007 0.0269526 0.0084874 0.012458 0.00896829 0.0088024 0.00821367 0.00961854 0.00818719 0.00832275 0.00967237 0.00862708 0.0359121 0.00849639 0.0454246 0.00847672 0.0133721 0.00841788 0.0167351 0.00858123 0.0189745 0.0101313 0.00932313 0.00844314 0.0116399 0.00853138 0.0150314 0.00872676 0.0637901 0.00898866 0.0108641 0.00748657 0.00596863 0.00918959 0.00547721 0.0187338 0.00545329 0.959646 0.00602268 0.00430771 0.00375065 0.00374597 0 0.00370849 0.0038918 0.00382245 0.00388902 
0.0083917 0.0186839 0.00870182 0.0321737 0.0085199 0.0245154 0.00874417 0.0101963 0.00865117 0.00900671 0.00813653 0.00833788 0.00857165 0.0087172 0.0197639 0.00838818 0.0670283 0.00856959 0.0300032 0.0083319 0.0119004 0.00832387 0.0482083 0.00927272 0.0139218 0.00946692 0.00927539 0.00852891 0.0131087 0.00868428 0.0676565 0.00945304 0.0272254 0.00944528 0.00657727 0.00861988 0.00574743 0.0232366 0.00594281 0.972808 0.0066935 0.0072413 0.004022 0.00379678 0.00378684 0.00370849 0 0.00370457 0.00391481 0.00380781 
0.0109028 0.00868864 0.0389933 0.0103459 0.0279116 0.00896644 0.0148267 0.00952645 0.00960238 0.00849821 0.00999345 0.00826872 0.00836699 0.0132425 0.00859435 0.0462568 0.00861903 0.0428145 0.0085829 0.0146115 0.00831816 0.0264816 0.00884544 0.0214545 0.0111567 0.00981102 0.00850944 0.0127652 0.0085731 0.0324027 0.00889458 0.0352344 0.00985235 0.0113374 0.0113734 0.00726775 0.0304918 0.0077987 0.967416 0.0122368 0.0212389 0.00589384 0.00513132 0.00380968 0.00369451 0.0038918 0.00370457 0 0.00371614 0.00379518 
0.00878728 0.0167951 0.00892497 0.0131618 0.00899137 0.0116688 0.00848275 0.00852346 0.00840228 0.00875008 0.00828883 0.00842371 0.00911057 0.00839121 0.0258375 0.00848941 0.0212862 0.00905279 0.0173655 0.00838304 0.0133989 0.00897442 0.0164063 0.00886804 0.0100193 0.00998218 0.00906449 0.00894006 0.0188241 0.00842466 0.0139044 0.00909858 0.0303694 0.0103426 0.00870248 0.0239989 0.00895937 0.940581 0.00989873 0.0130172 0.0069286 0.0137306 0.00663121 0.00385213 0.00529914 0.00382245 0.00391481 0.00371614 0 0.00374598 
0.0146203 0.00960066 0.00941513 0.00850975 0.00949953 0.00848517 0.0083996 0.00859509 0.00817606 0.00815458 0.00912071 0.0114086 0.00832269 0.0123758 0.00851087 0.00906853 0.00859924 0.00954711 0.00893926 0.0130626 0.0170476 0.0108414 0.00863496 0.00906352 0.00864348 0.0085953 0.0092574 0.034763 0.0087873 0.00914616 0.00847719 0.00956697 0.00951421 0.0155568 0.0357058 0.0185757 0.834609 0.0138891 0.00987582 0.00766405 0.00810433 0.00796617 0.011085 0.0084895 0.00398167 0.00388902 0.00380781 0.00379518 0.00374598 0 
