1P4KA
TTNKPIVLSTWNFGLHANVEAWKVLSKGGKALDAVEKGVRLVEDDPTERSVGYGGRPDRDGRVTLDACIMDENYNIGSVACMEHIKNPISVARAVMEKTPHVMLVGDGALEFALSQGFKKENLLTAESEKEWKEWLKTSQYKPIVNIENHNTIGMIALDAQGNLSGACTTSGMAYKMHGRVGDSPIIGAGLFVDNEIGAATATGHGEEVIRTVGTHLVVELMNQGRTPQQACKEAVERIVKIVNRRGKNLKDIQVGFIALNKKGEYGAYCIQDGFNFAVHDQKGNRLETPGFALK
CCCCCEEEEECCCHHHHHHHHHHHHCCCCCHHHHHHHHHHHHHHCCCCCCCCCCCCCCCCCCCCEEEEEECCCCCEEEEEEECCCCCHHHHHHHHHHHCCCCEEEHHHHHHHHHHCCCCCCCCCCHHHHHHHHHHHCCCCCCCCECCCEECCEEEEEECCCCCEEEEEEECCCCCCCCCECCCCCCECCCEEEECCCEEEEEEECHHHHHHHCHHHHHHHHHHCCCCHHHHHHHHHHHHHHHHHHCCCCHHHCCEEEEEEECCCCEEEEECCCCCCEEEEECCEEEEECCEECCC
0 0 0 0 0 0 0 0 0 0 0 0 0 0 0 0 0 0 0 0 0 0 0 0 0 0 0 0 0 0 0 0 0 0 0 0 0 0 0 0 0 0 0 0 0 0 0 0 0 0 0 0 0 0 0 0 0 0 0 0 0 0 0 0 0 0 0 0 0 0 0 0 0 0 0 0 0 0 0 0 0 0 0 0 0 0 0 0 0 0 0 0 0 0 0 0 0 0 0 0 0 0 0 0 0 0 0 0 0 0 0 0 0 0 0 0 0 0 0 0 0 0 0 0 0 0 0 0 0 0 0 0 0 0 0 0 0 0 0 0 0 0 0 0 0 0 0 0 0 0 0 0 0 0 0 0 0 0 0 0 0 0 0 0 0 0 0 0 0 0 0 0 0 0 0 0 0 0 0 0 0 0 0 0 0 0 0 0 0 0 0 0 0 0 0 0 0 0 0 0 0 0 0 0 0 0 0 0 0 0 0 0 0 0 0 0 0 0 0 0 0 0 0 0 0 0 0 0 0 0 0 0 0 0 0 0 0 0 0 0 0 0 0 0 0 0 0 0 0 0 0 0 0 0 0 0 0 0 0 0 0 0 0 0 0 0 0 0 0 0 0 0 0 0 0 0 0 0 0 0 0 0 0 0 0 0 0 0 0 0 0 0 0 0 0 
0 0 0 0 0 0 0 0 0 0 0 0 0 0 0 0 0 0 0 0 0 0 0 0 0 0 0 0 0 0 0 0 0 0 0 0 0 0 0 0 0 0 0 0 0 0 0 0 0 0 0 0 0 0 0 0 0 0 0 0 0 0 0 0 0 0 0 0 0 0 0 0 0 0 0 0 0 0 0 0 0 0 0 0 0 0 0 0 0 0 0 0 0 0 0 0 0 0 0 0 0 0 0 0 0 0 0 0 0 0 0 0 0 0 0 0 0 0 0 0 0 0 0 0 0 0 0 0 0 0 0 0 0 0 0 0 0 0 0 0 0 0 0 0 0 0 0 0 0 0 0 0 0 0 0 0 0 0 0 0 0 0 0 0 0 0 0 0 0 0 0 0 0 0 0 0 0 0 0 0 0 0 0 0 0 0 0 0 0 0 0 0 0 0 0 0 0 0 0 0 0 0 0 0 0 0 0 0 0 0 0 0 0 0 0 0 0 0 0 0 0 0 0 0 0 0 0 0 0 0 0 0 0 0 0 0 0 0 0 0 0 0 0 0 0 0 0 0 0 0 0 0 0 0 0 0 0 0 0 0 0 0 0 0 0 0 0 0 0 0 0 0 0 0 0 0 0 0 0 0 0 0 0 0 0 0 0 0 0 0 0 0 0 0 0 
0 0.00406867 0.00377595 0.00394154 0.00622595 0.10288 0.0148972 0.0172626 0.0128217 0.0138517 0.0196118 0.0130341 0.0110232 0.0109715 0.0109915 0.0120783 0.0117149 0.0162002 0.0116925 0.00957638 0.0153874 0.0100766 0.00822406 0.00835671 0.00879329 0.00859874 0.00897429 0.0087748 0.0092269 0.0115117 0.00864674 0.00826979 0.00864922 0.00835779 0.00841692 0.00854873 0.00913263 0.00852729 0.00900858 0.00864501 0.0082724 0.00856791 0.00930036 0.00868081 0.00836769 0.00835904 0.00865686 0.00836285 0.00837032 0.00873123 0.00864488 0.008473 0.00862148 0.00876388 0.00886033 0.00874028 0.00927813 0.00837054 0.00838277 0.0083518 0.00849205 0.00902407 0.00851065 0.00851282 0.00883903 0.00873789 0.00962754 0.00853101 0.00834828 0.00861152 0.00878429 0.00990022 0.00924613 0.0099066 
0.00406867 0 0.00378322 0.00380519 0.00393237 0.0680364 0.0711464 0.0367394 0.0650641 0.0315661 0.012067 0.0130388 0.0222566 0.0220943 0.0256149 0.0277663 0.0236296 0.0111658 0.0130588 0.0126249 0.0100907 0.00816774 0.00810823 0.00804803 0.00856573 0.0104823 0.0108582 0.0107024 0.0102946 0.0090992 0.008499 0.00888238 0.00913453 0.00974972 0.008951 0.00879626 0.00838542 0.0079782 0.00805302 0.00829984 0.00875026 0.00889912 0.00827222 0.00828204 0.00884268 0.00892876 0.0088335 0.00868495 0.00856723 0.008153 0.00839732 0.00874468 0.00920552 0.00897118 0.00903485 0.00856618 0.00845803 0.0082401 0.00841973 0.00857282 0.00860684 0.00856285 0.00843081 0.008818 0.00894788 0.00860848 0.00858149 0.00832808 0.00838506 0.00851468 0.0086521 0.00869333 0.00860491 0.00877832 
0.00377595 0.00378322 0 0.00373024 0.00375135 0.031066 0.0378674 0.143344 0.0947021 0.0354461 0.0122146 0.0110617 0.0196459 0.0484292 0.0400094 0.0528341 0.0179005 0.0115655 0.0122079 0.0121869 0.0103759 0.00817885 0.00806346 0.00805219 0.00894228 0.0101904 0.0128463 0.0121697 0.0104464 0.00893762 0.00857001 0.00893838 0.0110743 0.00987518 0.0103148 0.00891197 0.00821982 0.00792701 0.00812057 0.0085772 0.00890311 0.00899132 0.00822349 0.00834459 0.00882339 0.00944475 0.00922201 0.00907339 0.00845306 0.00821396 0.00853495 0.00890403 0.00926319 0.00908018 0.00933749 0.00854915 0.00826146 0.00823145 0.00845493 0.00859476 0.00871383 0.00851927 0.00858503 0.00891861 0.00907651 0.0085946 0.00837535 0.00831668 0.00839494 0.00854274 0.00850286 0.00845673 0.00853939 0.00873884 
0.00394154 0.00380519 0.00373024 0 0.00381779 0.0205244 0.0564141 0.0491233 0.100412 0.125354 0.0177929 0.011303 0.0216529 0.0261701 0.0244664 0.0221154 0.0401871 0.0108996 0.0111923 0.0148679 0.0102145 0.00812458 0.00805658 0.00801789 0.00865532 0.00995337 0.0106908 0.0106117 0.0100653 0.00874513 0.00848122 0.00881598 0.0094497 0.00952133 0.00906552 0.00867487 0.00832349 0.00794678 0.00810645 0.00863997 0.00873157 0.00883686 0.00810413 0.00824362 0.00873928 0.00900391 0.00872905 0.00869094 0.00842153 0.00812481 0.00836304 0.00866646 0.00885755 0.00878969 0.00881356 0.0084424 0.00826045 0.00825431 0.00834311 0.00840436 0.00854267 0.00849191 0.00840689 0.0086292 0.00872593 0.00843863 0.00837756 0.00837103 0.00835603 0.0084312 0.0084298 0.00837956 0.00861692 0.00851285 
0.00622595 0.00393237 0.00375135 0.00381779 0 0.0269846 0.0260969 0.0233485 0.0280546 0.0603194 0.0805192 0.0211125 0.0128904 0.0129538 0.0129845 0.0114601 0.0114391 0.0239947 0.0190275 0.00958758 0.0112465 0.00962165 0.00866386 0.0082228 0.0102101 0.00912474 0.00896633 0.00890955 0.00874582 0.00945971 0.00955693 0.00856738 0.00876625 0.00880407 0.00872465 0.00836702 0.00854665 0.00886419 0.00909059 0.00989867 0.00858859 0.00828472 0.00837192 0.00920085 0.00850595 0.00842343 0.0084279 0.00834498 0.00813806 0.008113 0.00877595 0.00857951 0.00856127 0.00854599 0.0086074 0.00824452 0.00833873 0.00855797 0.00830169 0.00823989 0.00830252 0.00846135 0.00885116 0.00840878 0.00836224 0.00832186 0.00837291 0.00869665 0.00844706 0.00835951 0.00833903 0.00850107 0.00928235 0.00887135 
0.10288 0.0680364 0.031066 0.0205244 0.0269846 0 0.00383954 0.00373226 0.00381698 0.00378082 0.00449775 0.0110556 0.00969466 0.00826153 0.0110408 0.0168414 0.307175 0.487156 0.0334801 0.0160445 0.0233879 0.0133364 0.00845076 0.00974306 0.0116788 0.00964656 0.00985932 0.0108608 0.0102716 0.0192231 0.00993569 0.00857192 0.00977279 0.00896573 0.00892273 0.0087988 0.0101573 0.00876189 0.00978326 0.00868127 0.00852787 0.00878841 0.00926746 0.00890049 0.0085372 0.00862551 0.00849834 0.00877067 0.00822909 0.00955279 0.00852268 0.00818408 0.00844077 0.00850308 0.00843349 0.00829416 0.0084052 0.00822072 0.00814039 0.00813288 0.00816198 0.00831082 0.00843382 0.00820709 0.00826212 0.00814128 0.00827058 0.00818617 0.00802289 0.00808987 0.00804656 0.00847125 0.00836654 0.00913523 
0.0148972 0.0711464 0.0378674 0.0564141 0.0260969 0.00383954 0 0.00373525 0.00371241 0.00375104 0.003729 0.00645074 0.00782511 0.0156269 0.0191145 0.370206 0.211351 0.0156398 0.0200925 0.028576 0.0115645 0.00826082 0.00847358 0.00823579 0.0090403 0.0180605 0.0133803 0.0131215 0.0176133 0.00978066 0.00863929 0.0106687 0.0102735 0.011411 0.00937417 0.0104552 0.00877576 0.00800843 0.00816268 0.0083591 0.00902945 0.00926673 0.00830539 0.00829168 0.00901369 0.00888634 0.00984684 0.0087959 0.00895794 0.0081521 0.00819993 0.00855589 0.00900957 0.00862471 0.00866038 0.00837708 0.00808462 0.00812868 0.00828627 0.00827299 0.00832713 0.00815133 0.00816083 0.00840087 0.00834306 0.00826067 0.00804814 0.00819477 0.00813736 0.00820433 0.00807718 0.00805411 0.00805156 0.00818135 
0.0172626 0.0367394 0.143344 0.0491233 0.0233485 0.00373226 0.00373525 0 0.00370339 0.00373335 0.00371852 0.00606157 0.0093491 0.0118011 0.777278 0.0751066 0.0218016 0.00925207 0.0326958 0.0176566 0.0121809 0.00853264 0.00817439 0.00850645 0.0115638 0.0175923 0.0406303 0.0434559 0.0174075 0.0107983 0.00967606 0.0110332 0.0227658 0.0194807 0.0166814 0.0102873 0.00895195 0.00808161 0.00840492 0.00958601 0.0107263 0.0101719 0.00856289 0.00885751 0.010341 0.0132202 0.0108929 0.014357 0.00910378 0.00848467 0.00885307 0.00894884 0.010272 0.00939413 0.00929836 0.00860958 0.00819553 0.00829763 0.00836943 0.00870439 0.00853535 0.00841681 0.00863838 0.00857859 0.00887681 0.00844664 0.00814446 0.00814033 0.00823224 0.00840976 0.00822831 0.00813771 0.00822119 0.00824239 
0.0128217 0.0650641 0.0947021 0.100412 0.0280546 0.00381698 0.00371241 0.00370339 0 0.00373291 0.00370712 0.00659157 0.0101402 0.877634 0.0571495 0.033428 0.0126091 0.00771046 0.0249459 0.0220483 0.0131887 0.00829722 0.00837758 0.00831246 0.010575 0.0288291 0.0443798 0.0394366 0.028521 0.0106866 0.00925312 0.0139269 0.0195814 0.0242998 0.0166873 0.0125387 0.00918229 0.00808658 0.00826281 0.00975979 0.0116257 0.0101847 0.00866401 0.00896097 0.0107995 0.0121004 0.0164104 0.0111445 0.00998969 0.00855081 0.00853974 0.00944047 0.00999153 0.00980348 0.00970872 0.00868634 0.00820804 0.00811446 0.00844907 0.00866565 0.00859626 0.00833668 0.00833931 0.00871662 0.0089429 0.008474 0.00813908 0.00817151 0.00820905 0.00834839 0.00820195 0.00821256 0.00813384 0.00819074 
0.0138517 0.0315661 0.0354461 0.125354 0.0603194 0.00378082 0.00375104 0.00373335 0.00373291 0 0.00379089 0.00566385 0.85528 0.0604032 0.0253874 0.00914425 0.0258826 0.0100516 0.0178962 0.0492475 0.0186085 0.00852469 0.0089821 0.00903188 0.0115818 0.016707 0.023468 0.0174304 0.0292088 0.0131962 0.00941646 0.0110628 0.014775 0.013913 0.0130977 0.0130808 0.0115859 0.00819309 0.00867512 0.00932426 0.00962448 0.0116736 0.00912345 0.00858862 0.0100325 0.0113414 0.0102563 0.00994521 0.0095694 0.00899383 0.0082547 0.00869905 0.00937361 0.00915564 0.00915732 0.00921222 0.00813097 0.00806292 0.00832435 0.00847127 0.00866888 0.00838015 0.00816627 0.00847696 0.00862677 0.00843601 0.00808241 0.00814911 0.00814865 0.00821432 0.00813351 0.00807914 0.00812513 0.0080734 
0.0196118 0.012067 0.0122146 0.0177929 0.0805192 0.00449775 0.003729 0.00371852 0.00370712 0.00379089 0 0.926545 0.100939 0.0117278 0.00623007 0.00610206 0.00714005 0.0130348 0.0205829 0.014967 0.0292922 0.00999783 0.00911018 0.00886698 0.0130573 0.00966236 0.0103491 0.00975718 0.0106129 0.0122321 0.011919 0.00901526 0.00910704 0.00959466 0.00884287 0.00934245 0.00949415 0.00894731 0.00958544 0.0112853 0.00876948 0.00861634 0.00866012 0.00954481 0.00893205 0.00872142 0.00862319 0.00836718 0.00856126 0.00857361 0.00819174 0.00822944 0.00861129 0.0083588 0.00852535 0.00820484 0.00813366 0.0080776 0.00805591 0.00843747 0.00812696 0.00817587 0.00819769 0.00821728 0.00859149 0.00808467 0.00806097 0.00808661 0.00802096 0.00808396 0.00803424 0.00804391 0.00832367 0.00839702 
0.0130341 0.0130388 0.0110617 0.011303 0.0211125 0.0110556 0.00645074 0.00606157 0.00659157 0.00566385 0.926545 0 0.00378739 0.00373336 0.00373044 0.00374584 0.00378673 0.00521669 0.108869 0.0147771 0.0241832 0.0133853 0.008269 0.00987481 0.0113129 0.0110677 0.0101169 0.010938 0.0106211 0.0187105 0.00946112 0.00869737 0.00949631 0.0091352 0.00876362 0.009208 0.0133805 0.00877327 0.0103023 0.00860196 0.00852793 0.00885872 0.00950829 0.00890007 0.0084364 0.00868467 0.00846518 0.0084958 0.00831786 0.00929607 0.00832949 0.00821634 0.0084009 0.00844542 0.00833181 0.00811855 0.00828459 0.00805139 0.00809398 0.00809973 0.00807757 0.00820128 0.0082782 0.00820134 0.00832439 0.00803299 0.00816461 0.00815024 0.00794232 0.00799666 0.00795251 0.00838549 0.00815372 0.00858163 
0.0110232 0.0222566 0.0196459 0.0216529 0.0128904 0.00969466 0.00782511 0.0093491 0.0101402 0.85528 0.100939 0.00378739 0 0.00374937 0.0037425 0.00375966 0.00379525 0.00504208 0.0470714 0.0759825 0.0112096 0.00918091 0.00841422 0.0083656 0.010568 0.018544 0.0162835 0.0160819 0.0175737 0.0102576 0.00898084 0.0102741 0.011589 0.0128735 0.00999945 0.010442 0.00883371 0.00821016 0.00849224 0.00925118 0.00934511 0.00945822 0.00849572 0.00843819 0.00982682 0.00975587 0.00970285 0.00923534 0.00886349 0.0083084 0.00822476 0.00867363 0.00917709 0.00896711 0.00870141 0.00835425 0.0080715 0.00800142 0.00817417 0.00826349 0.00836121 0.00825844 0.00808861 0.00834104 0.00833029 0.00828548 0.00801743 0.00798821 0.00803259 0.00809439 0.00802736 0.00806567 0.00804491 0.00811548 
0.0109715 0.0220943 0.0484292 0.0261701 0.0129538 0.00826153 0.0156269 0.0118011 0.877634 0.0604032 0.0117278 0.00373336 0.00374937 0 0.00373125 0.00372323 0.00374702 0.00376611 0.174332 0.0223678 0.0159384 0.00829887 0.00822175 0.00845093 0.00964437 0.021383 0.0364479 0.0392634 0.020914 0.0110564 0.00918985 0.0119028 0.0214001 0.0195299 0.0187549 0.0115153 0.00890392 0.00809646 0.00829088 0.0091246 0.010068 0.0100175 0.00858674 0.00852006 0.0106388 0.0121286 0.0132283 0.01207 0.00974745 0.00841788 0.00847009 0.00896214 0.0100668 0.00977002 0.00957485 0.00862504 0.00816901 0.00824436 0.0084493 0.00863699 0.00846788 0.00839037 0.00824507 0.00867831 0.00878155 0.00836268 0.00812101 0.00821313 0.00825047 0.00835033 0.00815635 0.00817599 0.00808215 0.00809711 
0.0109915 0.0256149 0.0400094 0.0244664 0.0129845 0.0110408 0.0191145 0.777278 0.0571495 0.0253874 0.00623007 0.00373044 0.0037425 0.00373125 0 0.00371961 0.00375272 0.00373061 0.0316754 0.0627915 0.0116586 0.00858454 0.00827911 0.00836003 0.0113081 0.0178064 0.0477012 0.0432374 0.0201278 0.0105852 0.00945422 0.0117287 0.0206366 0.0247771 0.0158183 0.0117812 0.0100675 0.00811498 0.00839685 0.00914349 0.00974058 0.0102672 0.00876562 0.00881018 0.0100142 0.012774 0.0134549 0.0133072 0.00924519 0.00883346 0.00849895 0.00882935 0.0097174 0.00930633 0.00906008 0.00857271 0.00806997 0.00807128 0.00830592 0.00850377 0.00849446 0.00821924 0.00825345 0.00851048 0.00863506 0.00838469 0.00806314 0.00796957 0.00811682 0.00819313 0.00810792 0.00820306 0.00813333 0.00817915 
0.0120783 0.0277663 0.0528341 0.0221154 0.0114601 0.0168414 0.370206 0.0751066 0.033428 0.00914425 0.00610206 0.00374584 0.00375966 0.00372323 0.00371961 0 0.00372357 0.00372254 0.0853048 0.034181 0.0288905 0.00844214 0.0083692 0.0084967 0.0105673 0.0258976 0.0443758 0.0438761 0.0216678 0.0111629 0.00929447 0.014699 0.0289845 0.0243907 0.0209374 0.0118564 0.00956521 0.00817892 0.00843587 0.0092733 0.0108562 0.0107317 0.00872187 0.00877925 0.011271 0.0137814 0.0150574 0.0118483 0.00993822 0.00857127 0.00841476 0.00892266 0.0101791 0.0093152 0.00961161 0.00857574 0.00811805 0.00805909 0.00839377 0.00852966 0.00847613 0.0082612 0.00819658 0.00856006 0.008874 0.00836431 0.0080602 0.00804967 0.0081055 0.00827669 0.00811195 0.00806327 0.00817528 0.00814072 
0.0117149 0.0236296 0.0179005 0.0401871 0.0114391 0.307175 0.211351 0.0218016 0.0126091 0.0258826 0.00714005 0.00378673 0.00379525 0.00374702 0.00375272 0.00372357 0 0.00375939 0.0241287 0.233366 0.0259403 0.00868221 0.00886232 0.00897782 0.0114734 0.0193351 0.0237409 0.0169377 0.0445031 0.0127858 0.00978631 0.0131132 0.0136259 0.0153445 0.0122634 0.0155193 0.0103044 0.00847402 0.00873303 0.00978095 0.0101629 0.011415 0.00883158 0.00902487 0.0101096 0.0106665 0.0107595 0.00964568 0.0103768 0.00891424 0.00829361 0.00870173 0.00925071 0.00955555 0.00928975 0.00888967 0.00807876 0.00805447 0.00834576 0.0085787 0.00852514 0.00823853 0.00820454 0.00852353 0.00860704 0.00845459 0.00805368 0.00811793 0.00818212 0.00817016 0.00821279 0.00803749 0.00816485 0.00806568 
0.0162002 0.0111658 0.0115655 0.0108996 0.0239947 0.487156 0.0156398 0.00925207 0.00771046 0.0100516 0.0130348 0.00521669 0.00504208 0.00376611 0.00373061 0.00372254 0.00375939 0 0.0247192 0.0246577 0.154337 0.0116305 0.00952507 0.00942458 0.015983 0.0100531 0.0105654 0.0105588 0.0110347 0.0173327 0.0128794 0.00924458 0.00952224 0.00968604 0.00911364 0.0092617 0.0111608 0.0094619 0.0102662 0.0116826 0.00869621 0.00881727 0.00884663 0.0100086 0.00883426 0.00865674 0.00860521 0.00843041 0.00838824 0.00937436 0.00826953 0.00825063 0.00846567 0.00836953 0.00834535 0.00826893 0.0081876 0.00805807 0.00803864 0.00825404 0.00812766 0.00826487 0.00820449 0.00814123 0.00833996 0.0081036 0.00813906 0.0080571 0.00800416 0.00801703 0.00807372 0.00810546 0.00836633 0.00828964 
0.0116925 0.0130588 0.0122079 0.0111923 0.0190275 0.0334801 0.0200925 0.0326958 0.0249459 0.0178962 0.0205829 0.108869 0.0470714 0.174332 0.0316754 0.0853048 0.0241287 0.0247192 0 0.00378294 0.0037945 0.0405865 0.0106874 0.0134594 0.0248535 0.0202037 0.0220041 0.0195628 0.016769 0.0283758 0.0143739 0.0136672 0.0135248 0.0124821 0.0105378 0.0113239 0.0155045 0.010246 0.012098 0.0115977 0.0103742 0.0108461 0.0127357 0.0107559 0.0107553 0.0104508 0.0109571 0.00930883 0.00979751 0.0108387 0.00876232 0.0087542 0.00935535 0.00893723 0.00905275 0.00840749 0.00851261 0.0082401 0.00812894 0.00818083 0.00827948 0.00874502 0.00893275 0.00831949 0.00833631 0.00826704 0.00832135 0.00815456 0.00800019 0.00810003 0.00810652 0.00859143 0.00857672 0.00864538 
0.00957638 0.0126249 0.0121869 0.0148679 0.00958758 0.0160445 0.028576 0.0176566 0.0220483 0.0492475 0.014967 0.0147771 0.0759825 0.0223678 0.0627915 0.034181 0.233366 0.0246577 0.00378294 0 0.00374322 0.0138634 0.0229033 0.0128941 0.0160524 0.0383383 0.0206013 0.0169813 0.0467001 0.0155829 0.0111616 0.0150084 0.0152897 0.0132514 0.0112156 0.0186059 0.0103621 0.00941039 0.0107999 0.0107821 0.012058 0.0148018 0.0089572 0.00949597 0.0113333 0.0109319 0.0106794 0.0118792 0.0115607 0.00925955 0.00873282 0.00922452 0.00929474 0.00947877 0.00956416 0.0088826 0.00818077 0.00812654 0.00853368 0.0085383 0.00872765 0.00828322 0.00819675 0.00881226 0.0087927 0.00865755 0.00810012 0.00800803 0.00826068 0.0082695 0.00832639 0.00812141 0.00835232 0.0081149 
0.0153874 0.0100907 0.0103759 0.0102145 0.0112465 0.0233879 0.0115645 0.0121809 0.0131887 0.0186085 0.0292922 0.0241832 0.0112096 0.0159384 0.0116586 0.0288905 0.0259403 0.154337 0.0037945 0.00374322 0 0.0326072 0.0114167 0.031006 0.0253108 0.0140155 0.0165453 0.0137627 0.0160469 0.0316656 0.0161104 0.0110836 0.0110392 0.0117622 0.0107889 0.0115594 0.0144832 0.0108897 0.0118093 0.0144538 0.0100292 0.00979826 0.0100519 0.0121089 0.00979059 0.0100772 0.00970843 0.00904019 0.00999116 0.0096878 0.00894528 0.00849768 0.00879292 0.00849116 0.00879038 0.00835562 0.00823052 0.00828212 0.00814372 0.00828254 0.00829679 0.0083611 0.00859783 0.00824399 0.0083678 0.00821795 0.00807988 0.00818993 0.00800317 0.0080613 0.00803286 0.00797701 0.00845145 0.00805792 
0.0100766 0.00816774 0.00817885 0.00812458 0.00962165 0.0133364 0.00826082 0.00853264 0.00829722 0.00852469 0.00999783 0.0133853 0.00918091 0.00829887 0.00858454 0.00844214 0.00868221 0.0116305 0.0405865 0.0138634 0.0326072 0 0.698239 0.106794 0.0205743 0.00760744 0.00914346 0.00848119 0.00800488 0.0161561 0.0205481 0.00989406 0.00964836 0.00850548 0.00875525 0.00962155 0.0139537 0.0351342 0.06557 0.0136382 0.00986517 0.00921398 0.0125963 0.0149982 0.00952743 0.00864143 0.0084938 0.00862393 0.00845544 0.0131385 0.00978627 0.00826536 0.00806263 0.00815488 0.00802718 0.00820129 0.00919828 0.00900046 0.00803071 0.00790626 0.00796788 0.00864881 0.0090119 0.00799097 0.00792793 0.00799253 0.00889739 0.00920838 0.00794247 0.00807708 0.00806127 0.00878351 0.0092675 0.0110942 
0.00822406 0.00810823 0.00806346 0.00805658 0.00866386 0.00845076 0.00847358 0.00817439 0.00837758 0.0089821 0.00911018 0.008269 0.00841422 0.00822175 0.00827911 0.0083692 0.00886232 0.00952507 0.0106874 0.0229033 0.0114167 0.698239 0 0.00524044 0.00429061 0.0159376 0.00952492 0.00494825 0.00503892 0.007477 0.00745329 0.00800925 0.00727392 0.00735261 0.00995635 0.010099 0.0112654 0.0171464 0.0143153 0.00952162 0.00954067 0.00989165 0.0109149 0.0093514 0.00933622 0.00855547 0.00889748 0.00841144 0.00922257 0.00971053 0.00817422 0.00818829 0.00812239 0.00814738 0.0081947 0.00824134 0.00841854 0.00797121 0.00799971 0.00793936 0.00816266 0.00823421 0.00801274 0.00808665 0.0080452 0.00807351 0.00808477 0.00792269 0.00801908 0.00790087 0.00795794 0.00818106 0.00843953 0.00839444 
0.00835671 0.00804803 0.00805219 0.00801789 0.0082228 0.00974306 0.00823579 0.00850645 0.00831246 0.00903188 0.00886698 0.00987481 0.0083656 0.00845093 0.00836003 0.0084967 0.00897782 0.00942458 0.0134594 0.0128941 0.031006 0.106794 0.00524044 0 0.0302633 0.00385526 0.00396894 0.00434231 0.00649404 0.00611112 0.00926123 0.00790312 0.00704881 0.00749173 0.00948552 0.0131765 0.0316267 0.0152186 0.0194317 0.012568 0.00896575 0.0100175 0.011403 0.0109433 0.00893319 0.00858603 0.00863689 0.00851398 0.00921609 0.0100845 0.00895672 0.00814856 0.00810491 0.00816445 0.00807006 0.00822267 0.00817306 0.00812074 0.00799635 0.00792258 0.00814326 0.00818413 0.00852994 0.00803844 0.00803458 0.0080463 0.00805091 0.00805103 0.00790667 0.00786735 0.0078914 0.00807755 0.00833041 0.00829567 
0.00879329 0.00856573 0.00894228 0.00865532 0.0102101 0.0116788 0.0090403 0.0115638 0.010575 0.0115818 0.0130573 0.0113129 0.010568 0.00964437 0.0113081 0.0105673 0.0114734 0.015983 0.0248535 0.0160524 0.0253108 0.0205743 0.00429061 0.0302633 0 0.0038578 0.00375347 0.00379268 0.00382759 0.00588255 0.0129003 0.00707037 0.00779272 0.00829369 0.0102552 0.752653 0.0839217 0.0124722 0.0207385 0.0192232 0.0125859 0.0139195 0.0170232 0.0169898 0.0136798 0.0119431 0.0115987 0.0166259 0.0105621 0.0224958 0.0108519 0.00918518 0.0096344 0.0100192 0.00953329 0.0093182 0.0101077 0.00816622 0.00832524 0.00850974 0.00856455 0.0104241 0.00899334 0.0084186 0.00858935 0.00839684 0.00902723 0.00803889 0.00801381 0.00810423 0.00819625 0.00898956 0.00830677 0.00943323 
0.00859874 0.0104823 0.0101904 0.00995337 0.00912474 0.00964656 0.0180605 0.0175923 0.0288291 0.016707 0.00966236 0.0110677 0.018544 0.021383 0.0178064 0.0258976 0.0193351 0.0100531 0.0202037 0.0383383 0.0140155 0.00760744 0.0159376 0.00385526 0.0038578 0 0.00374276 0.00376304 0.00420689 0.00380363 0.00764875 0.00870371 0.0113665 0.0109001 0.881475 0.0332618 0.0143683 0.00980186 0.0127068 0.0168272 0.0366246 0.0216778 0.0123566 0.0140596 0.0352181 0.0248832 0.0286739 0.0219845 0.0259338 0.010858 0.0100603 0.0161706 0.0188839 0.01639 0.019004 0.0114382 0.0087847 0.00830543 0.00910984 0.0102903 0.0111709 0.00939879 0.00877735 0.0103917 0.0101367 0.00968961 0.00848699 0.00812068 0.00825202 0.00839623 0.00842363 0.00845961 0.00835209 0.00847626 
0.00897429 0.0108582 0.0128463 0.0106908 0.00896633 0.00985932 0.0133803 0.0406303 0.0443798 0.023468 0.0103491 0.0101169 0.0162835 0.0364479 0.0477012 0.0443758 0.0237409 0.0105654 0.0220041 0.0206013 0.0165453 0.00914346 0.00952492 0.00396894 0.00375347 0.00374276 0 0.00372459 0.00374766 0.0037691 0.00807742 0.0106283 0.0111338 0.954223 0.0433759 0.0233209 0.00940007 0.00932709 0.0111687 0.0176272 0.0323202 0.0259997 0.0123301 0.0124567 0.0307494 0.0553504 0.0638456 0.0581039 0.0174853 0.0119347 0.0102007 0.0177006 0.032234 0.0366613 0.0337864 0.0135929 0.00880123 0.00832272 0.00985884 0.0140189 0.0119471 0.00923558 0.00930793 0.0109347 0.0142652 0.00994064 0.00846394 0.0081213 0.00846707 0.00896529 0.00868292 0.00828955 0.00825953 0.00836046 
0.0087748 0.0107024 0.0121697 0.0106117 0.00890955 0.0108608 0.0131215 0.0434559 0.0394366 0.0174304 0.00975718 0.010938 0.0160819 0.0392634 0.0432374 0.0438761 0.0169377 0.0105588 0.0195628 0.0169813 0.0137627 0.00848119 0.00494825 0.00434231 0.00379268 0.00376304 0.00372459 0 0.00374303 0.00376626 0.0075681 0.00917674 0.925847 0.0487395 0.0409376 0.00954548 0.0111104 0.00899627 0.0109415 0.0182652 0.0358271 0.0237802 0.0115388 0.0128997 0.0240607 0.0610353 0.0502398 0.0457324 0.0149164 0.0123114 0.0107086 0.0163608 0.0377635 0.0355425 0.0299422 0.0120865 0.00886329 0.00848752 0.00929804 0.0139764 0.0115783 0.0100684 0.00909948 0.0113125 0.0140762 0.00972243 0.0086153 0.00819156 0.00836812 0.00874731 0.00848106 0.00850089 0.00821983 0.00849516 
0.0092269 0.0102946 0.0104464 0.0100653 0.00874582 0.0102716 0.0176133 0.0174075 0.028521 0.0292088 0.0106129 0.0106211 0.0175737 0.020914 0.0201278 0.0216678 0.0445031 0.0110347 0.016769 0.0467001 0.0160469 0.00800488 0.00503892 0.00649404 0.00382759 0.00420689 0.00374766 0.00374303 0 0.00373894 0.0119443 0.867817 0.0423721 0.0268027 0.0089318 0.0161747 0.00965768 0.0141557 0.01488 0.0169579 0.0379898 0.0493237 0.0148015 0.0134834 0.0403932 0.0287106 0.0301825 0.0207404 0.0453403 0.0143675 0.0105025 0.0195485 0.0269564 0.0178572 0.0202535 0.0140337 0.00878539 0.00846107 0.00964159 0.0109934 0.0148369 0.00959003 0.00958948 0.011085 0.0132944 0.0103943 0.00840046 0.00840036 0.00843841 0.00846038 0.00844695 0.00823099 0.00852705 0.00829612 
0.0115117 0.0090992 0.00893762 0.00874513 0.00945971 0.0192231 0.00978066 0.0107983 0.0106866 0.0131962 0.0122321 0.0187105 0.0102576 0.0110564 0.0105852 0.0111629 0.0127858 0.0173327 0.0283758 0.0155829 0.0316656 0.0161561 0.007477 0.00611112 0.00588255 0.00380363 0.0037691 0.00376626 0.00373894 0 0.929971 0.0176399 0.0143206 0.00718435 0.0077724 0.00844822 0.0151238 0.0172977 0.0300317 0.0328819 0.013387 0.0165755 0.0247893 0.028485 0.0139851 0.0146858 0.0125427 0.0141249 0.0127232 0.0271684 0.0162925 0.0104776 0.0113506 0.0105574 0.0100996 0.00968368 0.00979922 0.0109271 0.00882769 0.00890508 0.00896702 0.0106866 0.012559 0.00908502 0.00903318 0.00879043 0.00904193 0.00975892 0.00858886 0.0082946 0.00844003 0.00869063 0.0101485 0.00900333 
0.00864674 0.008499 0.00857001 0.00848122 0.00955693 0.00993569 0.00863929 0.00967606 0.00925312 0.00941646 0.011919 0.00946112 0.00898084 0.00918985 0.00945422 0.00929447 0.00978631 0.0128794 0.0143739 0.0111616 0.0161104 0.0205481 0.00745329 0.00926123 0.0129003 0.00764875 0.00807742 0.0075681 0.0119443 0.929971 0 0.00378354 0.00375244 0.00374293 0.00381557 0.00391879 0.00479635 0.0133597 0.0222339 0.0205565 0.0118092 0.0136823 0.021115 0.0201184 0.012037 0.0121316 0.0105874 0.0115554 0.0109802 0.028753 0.0107553 0.00945928 0.00936262 0.00981853 0.0095346 0.00965683 0.0110767 0.00831342 0.00836539 0.00835434 0.00860402 0.0112431 0.00916028 0.00848161 0.00866245 0.00850553 0.00936832 0.00826929 0.00802846 0.00811785 0.00828594 0.00911587 0.00839981 0.00937663 
0.00826979 0.00888238 0.00893838 0.00881598 0.00856738 0.00857192 0.0106687 0.0110332 0.0139269 0.0110628 0.00901526 0.00869737 0.0102741 0.0119028 0.0117287 0.014699 0.0131132 0.00924458 0.0136672 0.0150084 0.0110836 0.00989406 0.00800925 0.00790312 0.00707037 0.00870371 0.0106283 0.00917674 0.867817 0.0176399 0.00378354 0 0.00371985 0.00373233 0.00374626 0.0038662 0.00406386 0.00894983 0.0138226 0.0144922 0.0251642 0.0173313 0.0126662 0.0121629 0.0289816 0.0145355 0.0211166 0.0129678 0.0230852 0.0110801 0.00976562 0.0136086 0.0148168 0.0133227 0.0156392 0.0102481 0.00866373 0.00819407 0.00876256 0.00930443 0.00979316 0.00895566 0.00861133 0.00959099 0.0094712 0.00898923 0.00828479 0.00799557 0.00822018 0.00824931 0.0082697 0.00820298 0.00831808 0.00840626 
0.00864922 0.00913453 0.0110743 0.0094497 0.00876625 0.00977279 0.0102735 0.0227658 0.0195814 0.014775 0.00910704 0.00949631 0.011589 0.0214001 0.0206366 0.0289845 0.0136259 0.00952224 0.0135248 0.0152897 0.0110392 0.00964836 0.00727392 0.00704881 0.00779272 0.0113665 0.0111338 0.925847 0.0423721 0.0143206 0.00375244 0.00371985 0 0.00370701 0.00370138 0.00373512 0.00374349 0.00731839 0.0120861 0.0163784 0.0241127 0.0215252 0.0112203 0.0124852 0.0190828 0.0342353 0.0211554 0.0556102 0.0152424 0.0128467 0.0106817 0.0146224 0.0296603 0.0275512 0.0291621 0.01185 0.0089508 0.0083139 0.00913204 0.0135613 0.0112466 0.00945389 0.00911086 0.0103427 0.0141096 0.00960625 0.00855258 0.0081785 0.00827282 0.0089273 0.00841327 0.00837859 0.00834056 0.0083488 
0.00835779 0.00974972 0.00987518 0.00952133 0.00880407 0.00896573 0.011411 0.0194807 0.0242998 0.013913 0.00959466 0.0091352 0.0128735 0.0195299 0.0247771 0.0243907 0.0153445 0.00968604 0.0124821 0.0132514 0.0117622 0.00850548 0.00735261 0.00749173 0.00829369 0.0109001 0.954223 0.0487395 0.0268027 0.00718435 0.00374293 0.00373233 0.00370701 0 0.00369435 0.00374554 0.00372567 0.00717461 0.0108597 0.0164142 0.0223514 0.0230071 0.0159572 0.0105994 0.02324 0.0231774 0.0587236 0.0256003 0.0190287 0.0123553 0.00996577 0.0168148 0.0302743 0.0338426 0.0283663 0.0125282 0.00927443 0.008247 0.00983419 0.0130295 0.0116732 0.00964742 0.0088443 0.0109981 0.0131816 0.00985623 0.00864385 0.00808732 0.00836463 0.00846681 0.00856404 0.00859895 0.00818162 0.00836603 
0.00841692 0.008951 0.0103148 0.00906552 0.00872465 0.00892273 0.00937417 0.0166814 0.0166873 0.0130977 0.00884287 0.00876362 0.00999945 0.0187549 0.0158183 0.0209374 0.0122634 0.00911364 0.0105378 0.0112156 0.0107889 0.00875525 0.00995635 0.00948552 0.0102552 0.881475 0.0433759 0.0409376 0.0089318 0.0077724 0.00381557 0.00374626 0.00370138 0.00369435 0 0.00375799 0.00372036 0.0069607 0.0109077 0.0123375 0.0232287 0.0294192 0.0114861 0.0103351 0.0141888 0.0496487 0.0243429 0.0325828 0.0133153 0.0110061 0.0094667 0.0131035 0.0275623 0.0228738 0.022872 0.0114645 0.00887313 0.00821501 0.00876396 0.012 0.010473 0.00914218 0.0086629 0.0097211 0.0122568 0.00946592 0.00852008 0.00807576 0.0082339 0.00860809 0.00850603 0.00836112 0.00822125 0.00831843 
0.00854873 0.00879626 0.00891197 0.00867487 0.00836702 0.0087988 0.0104552 0.0102873 0.0125387 0.0130808 0.00934245 0.009208 0.010442 0.0115153 0.0117812 0.0118564 0.0155193 0.0092617 0.0113239 0.0186059 0.0115594 0.00962155 0.010099 0.0131765 0.752653 0.0332618 0.0233209 0.00954548 0.0161747 0.00844822 0.00391879 0.0038662 0.00373512 0.00374554 0.00375799 0 0.00375877 0.00919155 0.016801 0.0127096 0.0476143 0.0349364 0.014597 0.0116196 0.0330218 0.0159142 0.0190562 0.0151663 0.030874 0.0118625 0.00978874 0.0145973 0.0153521 0.0138572 0.0132289 0.0124436 0.00883684 0.00845976 0.00928618 0.0100311 0.0110316 0.00925927 0.00873645 0.0103917 0.00984524 0.009561 0.00835329 0.00814742 0.00832937 0.00823546 0.00835722 0.00824696 0.00848945 0.00828796 
0.00913263 0.00838542 0.00821982 0.00832349 0.00854665 0.0101573 0.00877576 0.00895195 0.00918229 0.0115859 0.00949415 0.0133805 0.00883371 0.00890392 0.0100675 0.00956521 0.0103044 0.0111608 0.0155045 0.0103621 0.0144832 0.0139537 0.0112654 0.0316267 0.0839217 0.0143683 0.00940007 0.0111104 0.00965768 0.0151238 0.00479635 0.00406386 0.00374349 0.00372567 0.00372036 0.00375877 0 0.0211045 0.0202676 0.0322471 0.0142212 0.0240721 0.0316752 0.0300677 0.0138067 0.013371 0.0116776 0.0117279 0.0150556 0.0306978 0.0148359 0.00964365 0.0101816 0.00978237 0.00939049 0.00961788 0.00963946 0.00921076 0.00840983 0.00876466 0.00926412 0.0100055 0.0102727 0.00856092 0.00859091 0.0087875 0.008652 0.00873496 0.00822077 0.00798762 0.00808737 0.00838024 0.00883458 0.00854372 
0.00852729 0.0079782 0.00792701 0.00794678 0.00886419 0.00876189 0.00800843 0.00808161 0.00808658 0.00819309 0.00894731 0.00877327 0.00821016 0.00809646 0.00811498 0.00817892 0.00847402 0.0094619 0.010246 0.00941039 0.0108897 0.0351342 0.0171464 0.0152186 0.0124722 0.00980186 0.00932709 0.00899627 0.0141557 0.0172977 0.0133597 0.00894983 0.00731839 0.00717461 0.0069607 0.00919155 0.0211045 0 0.155573 0.0148375 0.0125827 0.00950337 0.0166941 0.0134861 0.00996166 0.00861282 0.00958042 0.00856418 0.0145116 0.0168245 0.009928 0.00863357 0.0087104 0.00861893 0.00855032 0.00899466 0.0101735 0.0094136 0.00812795 0.00807132 0.00849951 0.0101486 0.00922085 0.00825064 0.00808763 0.00830606 0.0089319 0.00857278 0.00801618 0.00797183 0.00805465 0.00876149 0.00994702 0.00900516 
0.00900858 0.00805302 0.00812057 0.00810645 0.00909059 0.00978326 0.00816268 0.00840492 0.00826281 0.00867512 0.00958544 0.0103023 0.00849224 0.00829088 0.00839685 0.00843587 0.00873303 0.0102662 0.012098 0.0107999 0.0118093 0.06557 0.0143153 0.0194317 0.0207385 0.0127068 0.0111687 0.0109415 0.01488 0.0300317 0.0222339 0.0138226 0.0120861 0.0108597 0.0109077 0.016801 0.0202676 0.155573 0 0.257231 0.00932271 0.00944034 0.00855336 0.0112655 0.0101278 0.00906553 0.00908419 0.0274224 0.0148249 0.0222987 0.0138483 0.0122053 0.00975035 0.0100713 0.00969012 0.0103412 0.0119904 0.0100993 0.0090614 0.00847168 0.00904384 0.012308 0.011005 0.00909337 0.00846118 0.00876025 0.0100163 0.00926778 0.00816481 0.0081392 0.00828404 0.00951299 0.0106522 0.0101705 
0.00864501 0.00829984 0.0085772 0.00863997 0.00989867 0.00868127 0.0083591 0.00958601 0.00975979 0.00932426 0.0112853 0.00860196 0.00925118 0.0091246 0.00914349 0.0092733 0.00978095 0.0116826 0.0115977 0.0107821 0.0144538 0.0136382 0.00952162 0.012568 0.0192232 0.0168272 0.0176272 0.0182652 0.0169579 0.0328819 0.0205565 0.0144922 0.0163784 0.0164142 0.0123375 0.0127096 0.0322471 0.0148375 0.257231 0 0.00388313 0.00378801 0.00472195 0.0053053 0.00694637 0.0121151 0.809558 0.022381 0.0110334 0.0238672 0.0180081 0.0159076 0.0154239 0.0151838 0.0127495 0.0122943 0.0170464 0.00953786 0.00948519 0.00964809 0.0106175 0.0167066 0.0108803 0.0102919 0.00981394 0.0102322 0.0129065 0.00846726 0.00837484 0.00850435 0.00919807 0.0128586 0.00919315 0.0119746 
0.0082724 0.00875026 0.00890311 0.00873157 0.00858859 0.00852787 0.00902945 0.0107263 0.0116257 0.00962448 0.00876948 0.00852793 0.00934511 0.010068 0.00974058 0.0108562 0.0101629 0.00869621 0.0103742 0.012058 0.0100292 0.00986517 0.00954067 0.00896575 0.0125859 0.0366246 0.0323202 0.0358271 0.0379898 0.013387 0.0118092 0.0251642 0.0241127 0.0223514 0.0232287 0.0476143 0.0142212 0.0125827 0.00932271 0.00388313 0 0.00402612 0.0037836 0.00579579 0.0169166 0.910119 0.0219091 0.0102904 0.018608 0.00672253 0.0129934 0.0272188 0.0267108 0.0221042 0.0261049 0.0143895 0.0103462 0.00872473 0.0105891 0.0137871 0.0145613 0.0103239 0.00973155 0.0123874 0.0128298 0.0117695 0.00909551 0.00830494 0.00849647 0.00862214 0.00907808 0.00874561 0.00884919 0.00887335 
0.00856791 0.00889912 0.00899132 0.00883686 0.00828472 0.00878841 0.00926673 0.0101719 0.0101847 0.0116736 0.00861634 0.00885872 0.00945822 0.0100175 0.0102672 0.0107317 0.011415 0.00881727 0.0108461 0.0148018 0.00979826 0.00921398 0.00989165 0.0100175 0.0139195 0.0216778 0.0259997 0.0237802 0.0493237 0.0165755 0.0136823 0.0173313 0.0215252 0.0230071 0.0294192 0.0349364 0.0240721 0.00950337 0.00944034 0.00378801 0.00402612 0 0.00379613 0.00631287 0.950602 0.0124903 0.00983897 0.0191233 0.0097382 0.00772138 0.0122908 0.0194093 0.0245885 0.0186494 0.0199056 0.0218788 0.00929862 0.00901865 0.0118411 0.0123943 0.0162795 0.0109891 0.00987938 0.0120113 0.0128893 0.0118172 0.00880052 0.00849461 0.0087116 0.00865769 0.00882467 0.00867216 0.00895555 0.00889723 
0.00930036 0.00827222 0.00822349 0.00810413 0.00837192 0.00926746 0.00830539 0.00856289 0.00866401 0.00912345 0.00866012 0.00950829 0.00849572 0.00858674 0.00876562 0.00872187 0.00883158 0.00884663 0.0127357 0.0089572 0.0100519 0.0125963 0.0109149 0.011403 0.0170232 0.0123566 0.0123301 0.0115388 0.0148015 0.0247893 0.021115 0.0126662 0.0112203 0.0159572 0.0114861 0.014597 0.0316752 0.0166941 0.00855336 0.00472195 0.0037836 0.00379613 0 0.944231 0.00782726 0.0046169 0.00686635 0.00574284 0.00596203 0.00613298 0.0169003 0.0123398 0.0116225 0.0112042 0.0104746 0.0100575 0.0109076 0.0123196 0.0091059 0.00907247 0.00984996 0.0124974 0.0132495 0.00952914 0.00898249 0.00905117 0.0092127 0.0101677 0.00884777 0.0083001 0.00833213 0.00873603 0.0114188 0.00888235 
0.00868081 0.00828204 0.00834459 0.00824362 0.00920085 0.00890049 0.00829168 0.00885751 0.00896097 0.00858862 0.00954481 0.00890007 0.00843819 0.00852006 0.00881018 0.00877925 0.00902487 0.0100086 0.0107559 0.00949597 0.0121089 0.0149982 0.0093514 0.0109433 0.0169898 0.0140596 0.0124567 0.0128997 0.0134834 0.028485 0.0201184 0.0121629 0.0124852 0.0105994 0.0103351 0.0116196 0.0300677 0.0134861 0.0112655 0.0053053 0.00579579 0.00631287 0.944231 0 0.00379098 0.00378095 0.00379593 0.00377854 0.00393001 0.00528633 0.0689316 0.0165829 0.013637 0.0118516 0.0124248 0.0108211 0.0338153 0.010161 0.00939546 0.00926768 0.00980287 0.0152427 0.0136955 0.00958861 0.00950479 0.00951542 0.0121913 0.00862593 0.0083842 0.00841241 0.00865674 0.0119639 0.00970832 0.0111092 
0.00836769 0.00884268 0.00882339 0.00873928 0.00850595 0.0085372 0.00901369 0.010341 0.0107995 0.0100325 0.00893205 0.0084364 0.00982682 0.0106388 0.0100142 0.011271 0.0101096 0.00883426 0.0107553 0.0113333 0.00979059 0.00952743 0.00933622 0.00893319 0.0136798 0.0352181 0.0307494 0.0240607 0.0403932 0.0139851 0.012037 0.0289816 0.0190828 0.02324 0.0141888 0.0330218 0.0138067 0.00996166 0.0101278 0.00694637 0.0169166 0.950602 0.00782726 0.00379098 0 0.0037491 0.00375307 0.00377417 0.00394302 0.0039362 0.0335767 0.0821365 0.0276006 0.0285476 0.0280133 0.0487254 0.0103404 0.00892836 0.013195 0.0138865 0.0164129 0.0119089 0.0109823 0.0157091 0.0138824 0.0133243 0.00931081 0.0083673 0.00876798 0.00889517 0.00949932 0.00879356 0.00885876 0.0091349 
0.00835904 0.00892876 0.00944475 0.00900391 0.00842343 0.00862551 0.00888634 0.0132202 0.0121004 0.0113414 0.00872142 0.00868467 0.00975587 0.0121286 0.012774 0.0137814 0.0106665 0.00865674 0.0104508 0.0109319 0.0100772 0.00864143 0.00855547 0.00858603 0.0119431 0.0248832 0.0553504 0.0610353 0.0287106 0.0146858 0.0121316 0.0145355 0.0342353 0.0231774 0.0496487 0.0159142 0.013371 0.00861282 0.00906553 0.0121151 0.910119 0.0124903 0.0046169 0.00378095 0.0037491 0 0.00371824 0.00374706 0.00374773 0.00378858 0.0426371 0.0335912 0.0952375 0.0478964 0.0954857 0.0216074 0.00992105 0.00890246 0.0108134 0.031044 0.0138414 0.011262 0.0105206 0.0140234 0.03132 0.0114072 0.00922657 0.00846897 0.00857692 0.0105316 0.00888108 0.00904818 0.00853745 0.00890274 
0.00865686 0.0088335 0.00922201 0.00872905 0.0084279 0.00849834 0.00984684 0.0108929 0.0164104 0.0102563 0.00862319 0.00846518 0.00970285 0.0132283 0.0134549 0.0150574 0.0107595 0.00860521 0.0109571 0.0106794 0.00970843 0.0084938 0.00889748 0.00863689 0.0115987 0.0286739 0.0638456 0.0502398 0.0301825 0.0125427 0.0105874 0.0211166 0.0211554 0.0587236 0.0243429 0.0190562 0.0116776 0.00958042 0.00908419 0.809558 0.0219091 0.00983897 0.00686635 0.00379593 0.00375307 0.00371824 0 0.00372084 0.00375302 0.00372308 0.0265457 0.0497222 0.0588272 0.145016 0.0465408 0.0165154 0.0101113 0.00899424 0.0131762 0.0211351 0.019862 0.0107977 0.0105414 0.01814 0.0237015 0.0133413 0.00915146 0.00857208 0.0097626 0.00915123 0.0097017 0.00899743 0.00946567 0.00873058 
0.00836285 0.00868495 0.00907339 0.00869094 0.00834498 0.00877067 0.0087959 0.014357 0.0111445 0.00994521 0.00836718 0.0084958 0.00923534 0.01207 0.0133072 0.0118483 0.00964568 0.00843041 0.00930883 0.0118792 0.00904019 0.00862393 0.00841144 0.00851398 0.0166259 0.0219845 0.0581039 0.0457324 0.0207404 0.0141249 0.0115554 0.0129678 0.0556102 0.0256003 0.0325828 0.0151663 0.0117279 0.00856418 0.0274224 0.022381 0.0102904 0.0191233 0.00574284 0.00377854 0.00377417 0.00374706 0.00372084 0 0.00373472 0.00371075 0.0345286 0.0311463 0.205594 0.0598556 0.0542941 0.0168877 0.00985951 0.00878921 0.0110385 0.0285188 0.0135429 0.0105324 0.0101296 0.0149674 0.0293575 0.0115832 0.00907557 0.00845729 0.00843609 0.0107222 0.00869328 0.00895023 0.00835093 0.00903904 
0.00837032 0.00856723 0.00845306 0.00842153 0.00813806 0.00822909 0.00895794 0.00910378 0.00998969 0.0095694 0.00856126 0.00831786 0.00886349 0.00974745 0.00924519 0.00993822 0.0103768 0.00838824 0.00979751 0.0115607 0.00999116 0.00845544 0.00922257 0.00921609 0.0105621 0.0259338 0.0174853 0.0149164 0.0453403 0.0127232 0.0109802 0.0230852 0.0152424 0.0190287 0.0133153 0.030874 0.0150556 0.0145116 0.0148249 0.0110334 0.018608 0.0097382 0.00596203 0.00393001 0.00394302 0.00374773 0.00375302 0.00373472 0 0.0037406 0.0127768 0.141097 0.0348765 0.0369105 0.030443 0.0513318 0.0107564 0.00905766 0.0117161 0.011945 0.0250019 0.0115848 0.00974617 0.0143742 0.0117666 0.0146813 0.00889815 0.00844259 0.00916624 0.00843448 0.00920349 0.00866297 0.00963094 0.00862561 
