1POID
DYTNYTNKEMQAVTIAKQIKNGQVVTVGTGLPLIGASVAKRVYAPDCHIIVESGLMDCSPVEVPRSVGDLRFMAHCGCIWPNVRFVGFEINEYLHKANRLIAFIGGAQIDPYGNVNSTSIGDYHHPKTRFTGSGGANGIATYSNTIIMMQHEKRRFMNKIDYVTSPGWIDGPGGRERLGLPGDVGPQLVVTDKGILKFDEKTKRMYLAAYYPTSSPEDVLENTGFDLDVSKAVELEAPDPAVIKLIREEIDPGQAFIQVP
CCCCCCHHHHHHHHHHCCCCCCCEEEECCCHHHHHHHHHHHCCCCCCEEEECCCEEEECCCCCCCCCCCHHHHCCEEEECCHHHHHHHHHHHHHCCCCCEEEEEECCEECCCCCEECCEECCCCCCCEECCCCCCHHHHHHHCEEEEECCCCCCCECCCCCCCCECCCCCCCCHHHHHCCCCCCCEEEEECCCEEEEECCCCCCEEEEEECCCCCHHHHHHCCCCCCCCCCCEECCCCCHHHHHHHHHCCCCCCCCCCCC
0 0 0 0 0 0 0 0 0 0 0 0 0 0 0 0 0 0 0 0 0 0 0 0 0 0 0 0 0 0 0 0 0 0 0 0 0 0 0 0 0 0 0 0 0 0 0 0 0 0 0 0 0 0 0 0 0 0 0 0 0 0 0 0 0 0 0 0 0 0 0 0 0 0 0 0 0 0 0 0 0 0 0 0 0 0 0 0 0 0 0 0 0 0 0 0 0 0 0 0 0 0 0 0 0 0 0 0 0 0 0 0 0 0 0 0 0 0 0 0 0 0 0 0 0 0 0 0 0 0 0 0 0 0 0 0 0 0 0 0 0 0 0 0 0 0 0 0 0 0 0 0 0 0 0 0 0 0 0 0 0 0 0 0 0 0 0 0 0 0 0 0 0 0 0 0 0 0 0 0 0 0 0 0 0 0 0 0 0 0 0 0 0 0 0 0 0 0 0 0 0 0 0 0 0 0 0 0 0 0 0 0 0 0 0 0 0 0 0 0 0 0 0 0 0 0 0 0 0 0 0 0 0 0 0 0 0 0 0 0 0 0 0 0 0 0 0 0 0 0 0 0 0 0 0 0 0 0 0 0 
0 0 0 0 0 0 0 0 0 0 0 0 0 0 0 0 0 0 0 0 0 0 0 0 0 0 0 0 0 0 0 0 0 0 0 0 0 0 0 0 0 0 0 0 0 0 0 0 0 0 0 0 0 0 0 0 0 0 0 0 0 0 0 0 0 0 0 0 0 0 0 0 0 0 0 0 0 0 0 0 0 0 0 0 0 0 0 0 0 0 0 0 0 0 0 0 0 0 0 0 0 0 0 0 0 0 0 0 0 0 0 0 0 0 0 0 0 0 0 0 0 0 0 0 0 0 0 0 0 0 0 0 0 0 0 0 0 0 0 0 0 0 0 0 0 0 0 0 0 0 0 0 0 0 0 0 0 0 0 0 0 0 0 0 0 0 0 0 0 0 0 0 0 0 0 0 0 0 0 0 0 0 0 0 0 0 0 0 0 0 0 0 0 0 0 0 0 0 0 0 0 0 0 0 0 0 0 0 0 0 0 0 0 0 0 0 0 0 0 0 0 0 0 0 0 0 0 0 0 0 0 0 0 0 0 0 0 0 0 0 0 0 0 0 0 0 0 0 0 0 0 0 0 0 0 0 0 0 0 0 
0 0.00388047 0.00383381 0.00489872 0.600576 0.0143655 0.0201576 0.0224211 0.0200185 0.0111775 0.0131769 0.0174195 0.0161145 0.010831 0.0108646 0.0182234 0.0107555 0.0104873 0.011079 0.00999797 0.00996626 0.0114461 0.00960301 0.0106175 0.00913144 0.00947864 0.00969566 0.0100114 0.0085686 0.00941563 0.00878506 0.00874815 0.00928782 0.00910391 0.0104932 0.00866513 0.00882842 0.00806388 0.0082376 0.00833224 0.00840865 0.00936882 0.00851235 0.00826723 0.00834549 0.00834204 0.00878443 0.00818411 0.00840208 0.0083922 0.00852464 0.0083548 0.00869538 0.0081882 0.0085313 
0.00388047 0 0.00377302 0.0038316 0.0363766 0.768744 0.0213338 0.02284 0.0129963 0.0653345 0.0185209 0.0137189 0.0128923 0.0357636 0.0342441 0.0109054 0.0110261 0.0351432 0.0327694 0.0255366 0.0156331 0.00914593 0.00900936 0.00947608 0.0089073 0.00877869 0.00903506 0.00905046 0.00846442 0.0083588 0.00845404 0.0105917 0.0128345 0.012785 0.00916523 0.00802805 0.00806156 0.00806807 0.00850332 0.00928651 0.00884864 0.00862132 0.00847072 0.00863561 0.00888894 0.00843698 0.0084006 0.00837038 0.0085051 0.00906455 0.00897124 0.00865852 0.00840431 0.00806993 0.00811207 
0.00383381 0.00377302 0 0.00378269 0.0510347 0.0331823 0.731873 0.0192641 0.0217453 0.0208262 0.122625 0.0117295 0.0138447 0.0388972 0.0483775 0.0131021 0.0117827 0.0163855 0.0407177 0.0380051 0.0173284 0.0104184 0.0115667 0.00962822 0.00931939 0.00965754 0.0110266 0.0093653 0.0088136 0.00884566 0.0100782 0.0114868 0.0146363 0.0188203 0.0102525 0.0082333 0.00835001 0.00815555 0.00887903 0.00927274 0.00944027 0.00864954 0.00895882 0.00901059 0.00887708 0.00886346 0.00816781 0.00842771 0.00886125 0.00911273 0.00902669 0.00899995 0.00825184 0.00815929 0.00807523 
0.00489872 0.0038316 0.00378269 0 0.0208237 0.0557107 0.034837 0.67042 0.0236237 0.0211013 0.0140609 0.0843948 0.0256712 0.0121324 0.0137633 0.0214088 0.0160548 0.0124486 0.0119601 0.0108339 0.011601 0.0153653 0.0112639 0.0118028 0.0110419 0.0106735 0.0112212 0.0106149 0.00926411 0.00918325 0.0127634 0.009325 0.00984011 0.0105063 0.0121939 0.0099108 0.00930552 0.00862387 0.00814542 0.00850484 0.00853237 0.0092686 0.00942676 0.00835356 0.00852151 0.00805795 0.00867666 0.00883896 0.00832195 0.00872395 0.00842955 0.00820817 0.00848791 0.00847609 0.00828303 
0.600576 0.0363766 0.0510347 0.0208237 0 0.00380288 0.00378242 0.00394269 0.00538815 0.0051749 0.0229912 0.101104 0.0303393 0.0178035 0.0122829 0.0356884 0.0243944 0.0150212 0.0202204 0.0143547 0.0105437 0.0153352 0.0126885 0.0130988 0.0104982 0.0125932 0.0126794 0.0136409 0.00951934 0.0113908 0.0103061 0.0122369 0.0112309 0.0134691 0.0144033 0.009379 0.0103721 0.00823773 0.00840054 0.00861499 0.00907351 0.0104924 0.00992539 0.00844004 0.00855069 0.0089365 0.00972671 0.00839977 0.00849265 0.00862558 0.00888838 0.00841181 0.00906965 0.00829023 0.00862224 
0.0143655 0.768744 0.0331823 0.0557107 0.00380288 0 0.00375636 0.00377161 0.00463963 0.0193469 0.0899994 0.192418 0.0232503 0.0414271 0.0475478 0.0126705 0.0123438 0.0644838 0.0463147 0.0482442 0.0211501 0.0104484 0.0101408 0.0117458 0.0105576 0.00967319 0.0106628 0.0110626 0.00880715 0.00876766 0.00988771 0.0157753 0.0343715 0.023365 0.0102224 0.00818847 0.0080968 0.00831914 0.00877908 0.010651 0.00985517 0.00940944 0.00887116 0.00908822 0.00989448 0.0086086 0.00854176 0.00839066 0.00889869 0.0103358 0.0100762 0.0091669 0.00845644 0.00814782 0.00809694 
0.0201576 0.0213338 0.731873 0.034837 0.00378242 0.00375636 0 0.0037786 0.0145887 0.0921685 0.0910439 0.00545299 0.0134816 0.0614063 0.0502995 0.0158809 0.0121556 0.0180424 0.0420627 0.0305102 0.0294011 0.0141185 0.0119598 0.0110854 0.00984805 0.0120443 0.0129472 0.0106362 0.00902143 0.00942228 0.00911764 0.0133722 0.0183633 0.0372587 0.0132117 0.00812047 0.00841406 0.00814831 0.00895927 0.00970886 0.0105787 0.0089682 0.00887011 0.00924982 0.0095039 0.00930182 0.00835566 0.00834545 0.00900548 0.00949983 0.00958292 0.00951522 0.00844864 0.00806156 0.00800132 
0.0224211 0.02284 0.0192641 0.67042 0.00394269 0.00377161 0.0037786 0 0.103987 0.0274509 0.00422307 0.00686529 0.0323992 0.0139663 0.023599 0.0282663 0.0179615 0.0161305 0.0138257 0.0149664 0.0162599 0.0259414 0.0136612 0.0165691 0.0132125 0.0194668 0.0147608 0.0119898 0.0100485 0.00977406 0.0141317 0.0100719 0.0119291 0.0148581 0.0201064 0.00987142 0.00951323 0.00905276 0.00831691 0.00889759 0.00890498 0.0107326 0.0100933 0.00881707 0.00918035 0.00813399 0.00882733 0.00893912 0.00858089 0.00929123 0.0088325 0.00845473 0.00879495 0.00833543 0.00815922 
0.0200185 0.0129963 0.0217453 0.0236237 0.00538815 0.00463963 0.0145887 0.103987 0 0.0037739 0.00375058 0.00421905 0.038105 0.0156715 0.0139539 0.326102 0.0116474 0.0122996 0.0160156 0.0130781 0.0124487 0.0155057 0.0102378 0.0146687 0.0100168 0.0125134 0.0102927 0.015199 0.0087578 0.0106665 0.00887585 0.0097466 0.01099 0.0119976 0.0144547 0.00909058 0.00969882 0.00819615 0.0082372 0.00850683 0.00884599 0.0105806 0.00884268 0.00832851 0.00838169 0.00847091 0.00914904 0.00831849 0.00822337 0.00877492 0.00868883 0.00839515 0.0087339 0.00815889 0.00833113 
0.0111775 0.0653345 0.0208262 0.0211013 0.0051749 0.0193469 0.0921685 0.0274509 0.0037739 0 0.00375845 0.00373319 0.0285687 0.0422316 0.401438 0.0117934 0.0110669 0.0307728 0.0276039 0.0254514 0.0148095 0.00967251 0.00957306 0.0106433 0.00917538 0.00942415 0.0101304 0.010578 0.00845625 0.00851392 0.00890158 0.0108568 0.0199801 0.0150065 0.00961955 0.00801734 0.00800229 0.0080144 0.0083519 0.00951409 0.00921646 0.00881757 0.00842616 0.00874039 0.00909975 0.00843567 0.008289 0.00814423 0.00851731 0.00942549 0.0090263 0.00892027 0.00838729 0.00802779 0.00806573 
0.0131769 0.0185209 0.122625 0.0140609 0.0229912 0.0899994 0.0910439 0.00422307 0.00375058 0.00375845 0 0.00373193 0.0128698 0.32713 0.0499695 0.0249357 0.0123575 0.014409 0.0270964 0.0221681 0.0157797 0.0117849 0.0114328 0.0100949 0.00952874 0.0120116 0.0117342 0.0101961 0.00902412 0.00943764 0.00958279 0.0135549 0.0134921 0.0290735 0.0115249 0.00814481 0.00858973 0.00815929 0.00873581 0.00979073 0.00999912 0.00862133 0.008872 0.00912799 0.00879329 0.0088616 0.00807406 0.00835187 0.00906723 0.00910484 0.00902964 0.00897641 0.0083671 0.00800775 0.00802345 
0.0174195 0.0137189 0.0117295 0.0843948 0.101104 0.192418 0.00545299 0.00686529 0.00421905 0.00373319 0.00373193 0 0.329156 0.0134994 0.0476135 0.109762 0.0160736 0.0150039 0.0107627 0.0111436 0.0112956 0.0120064 0.0111039 0.0135945 0.0120084 0.0116412 0.0123008 0.0112667 0.00935071 0.00913082 0.0123256 0.00911615 0.00963339 0.0102698 0.0124993 0.00923588 0.00903859 0.00927252 0.00821288 0.00869047 0.00867672 0.00934252 0.00992089 0.00830235 0.00857524 0.00804026 0.00862334 0.00835915 0.00816058 0.0083822 0.00871436 0.00825372 0.00845993 0.00825484 0.00807177 
0.0161145 0.0128923 0.0138447 0.0256712 0.0303393 0.0232503 0.0134816 0.0323992 0.038105 0.0285687 0.0128698 0.329156 0 0.00375917 0.00379898 0.00386957 0.111858 0.024186 0.0183372 0.0139761 0.0135815 0.0193968 0.0130266 0.0199012 0.0125049 0.0157544 0.0136331 0.0208131 0.0102001 0.0140862 0.0115567 0.0129561 0.013704 0.012193 0.019103 0.00973974 0.0117767 0.00843338 0.00830021 0.0090755 0.00924663 0.0146766 0.00933914 0.00881523 0.00878524 0.0085032 0.0107527 0.00859865 0.00846537 0.00934318 0.00874906 0.00865857 0.00994621 0.00806137 0.00847753 
0.010831 0.0357636 0.0388972 0.0121324 0.0178035 0.0414271 0.0614063 0.0139663 0.0156715 0.0422316 0.32713 0.0134994 0.00375917 0 0.00381326 0.00375431 0.0454102 0.116096 0.0429942 0.0374722 0.0226508 0.0100447 0.0140505 0.0114753 0.013737 0.0104497 0.015409 0.0118519 0.0110517 0.0097472 0.00996042 0.0222914 0.0291777 0.0289917 0.0110405 0.00845329 0.00840446 0.00855784 0.00955517 0.0114006 0.0110071 0.00940603 0.0093624 0.00993258 0.00944403 0.00907602 0.00834387 0.00832776 0.00925405 0.0096935 0.00941144 0.00943123 0.00856797 0.00808033 0.00806918 
0.0108646 0.0342441 0.0483775 0.0137633 0.0122829 0.0475478 0.0502995 0.023599 0.0139539 0.401438 0.0499695 0.0476135 0.00379898 0.00381326 0 0.00373036 0.0219529 0.0520808 0.0759513 0.05844 0.0523861 0.0151168 0.0155358 0.013857 0.0129194 0.0185292 0.0138989 0.0127168 0.00974422 0.0102644 0.0105543 0.0173283 0.0255578 0.05974 0.0175102 0.00835766 0.00848145 0.00848156 0.0090729 0.0115456 0.0124326 0.0100605 0.00909874 0.00995764 0.00991418 0.00963015 0.00833962 0.00838793 0.00917302 0.0104213 0.0100515 0.0101951 0.00874 0.00801205 0.00798909 
0.0182234 0.0109054 0.0131021 0.0214088 0.0356884 0.0126705 0.0158809 0.0282663 0.326102 0.0117934 0.0249357 0.109762 0.00386957 0.00375431 0.00373036 0 0.0240736 0.0158086 0.0316588 0.0287288 0.0279172 0.0678067 0.0156764 0.0252174 0.0145145 0.0145496 0.0164036 0.0123318 0.0120012 0.0106142 0.0164632 0.010299 0.0109339 0.0136719 0.0202457 0.0105611 0.0107197 0.00918099 0.0084771 0.00880804 0.00926789 0.0102351 0.0109512 0.00889278 0.00863995 0.00840443 0.00836924 0.00936079 0.00869002 0.00888309 0.00854538 0.00870787 0.00871726 0.00839434 0.00801997 
0.0107555 0.0110261 0.0117827 0.0160548 0.0243944 0.0123438 0.0121556 0.0179615 0.0116474 0.0110669 0.0123575 0.0160736 0.111858 0.0454102 0.0219529 0.0240736 0 0.00443549 0.0037586 0.00379236 0.00424559 0.00552325 0.00857623 0.00791805 0.0119106 0.0165976 0.0143903 0.0209475 0.014127 0.0209544 0.0209195 0.0195713 0.0145086 0.0126752 0.0208293 0.0118229 0.013281 0.0092497 0.00907388 0.0090078 0.00982501 0.0131314 0.0105541 0.00908932 0.00878358 0.00949424 0.0126799 0.00889402 0.00861211 0.00920027 0.00874538 0.0087119 0.0109579 0.00829814 0.00891134 
0.0104873 0.0351432 0.0163855 0.0124486 0.0150212 0.0644838 0.0180424 0.0161305 0.0122996 0.0307728 0.014409 0.0150039 0.024186 0.116096 0.0520808 0.0158086 0.00443549 0 0.00378352 0.00377219 0.00383299 0.00383722 0.00590025 0.00648275 0.0134414 0.00999498 0.0160677 0.0156326 0.0168803 0.0116278 0.035129 0.0407502 0.0556262 0.0332318 0.0138823 0.00975545 0.00986553 0.009663 0.011228 0.0197644 0.0140509 0.0116759 0.0121701 0.0123354 0.0133431 0.00983685 0.0101383 0.00935831 0.0112166 0.0135069 0.0129091 0.0116297 0.0091453 0.00837961 0.00826501 
0.011079 0.0327694 0.0407177 0.0119601 0.0202204 0.0463147 0.0420627 0.0138257 0.0160156 0.0276039 0.0270964 0.0107627 0.0183372 0.0429942 0.0759513 0.0316588 0.0037586 0.00378352 0 0.00374103 0.00376619 0.00372847 0.00524932 0.00567425 0.00921774 0.0114327 0.0129468 0.0122329 0.0110003 0.0115189 0.0125234 0.134849 0.11018 0.0809986 0.0186824 0.00877206 0.00944719 0.00949616 0.0187765 0.0367612 0.0284876 0.0139202 0.0140374 0.0200479 0.0218836 0.0152321 0.0089358 0.0095347 0.0162319 0.0244575 0.0284039 0.0147402 0.0092295 0.0082625 0.00810688 
0.00999797 0.0255366 0.0380051 0.0108339 0.0143547 0.0482442 0.0305102 0.0149664 0.0130781 0.0254514 0.0221681 0.0111436 0.0139761 0.0374722 0.05844 0.0287288 0.00379236 0.00377219 0.00374103 0 0.00371706 0.00372267 0.00497692 0.00616428 0.0101817 0.00974399 0.0124003 0.0122103 0.0131832 0.0102223 0.0139731 0.0258565 0.291566 0.0621259 0.020973 0.00866461 0.00924123 0.0091702 0.014591 0.0347294 0.0216218 0.0124073 0.0120458 0.0149136 0.0200476 0.0134344 0.00885348 0.00898839 0.0126723 0.0241669 0.0211122 0.0150444 0.00893776 0.0081642 0.00808462 
0.00996626 0.0156331 0.0173284 0.011601 0.0105437 0.0211501 0.0294011 0.0162599 0.0124487 0.0148095 0.0157797 0.0112956 0.0135815 0.0226508 0.0523861 0.0279172 0.00424559 0.00383299 0.00376619 0.00371706 0 0.00387778 0.00438865 0.0205014 0.00995671 0.0135939 0.0145643 0.0290146 0.0104515 0.0132023 0.0109906 0.0272505 0.0177219 0.164828 0.0212951 0.0105275 0.00960814 0.00919384 0.00902613 0.011771 0.0156223 0.011815 0.0100993 0.0103636 0.0109594 0.00907918 0.00883612 0.00900941 0.0108456 0.0107648 0.00984771 0.0104648 0.00885169 0.00825137 0.00802421 
0.0114461 0.00914593 0.0104184 0.0153653 0.0153352 0.0104484 0.0141185 0.0259414 0.0155057 0.00967251 0.0117849 0.0120064 0.0193968 0.0100447 0.0151168 0.0678067 0.00552325 0.00383722 0.00372847 0.00372267 0.00387778 0 0.0476312 0.00466577 0.0109889 0.00855883 0.0338026 0.0111649 0.0127785 0.0128899 0.0217791 0.00968329 0.0114497 0.01658 0.110428 0.0113339 0.0119074 0.00991559 0.00853926 0.00912864 0.00945203 0.01367 0.0127804 0.00889204 0.00884188 0.00861514 0.0087635 0.0104586 0.00886913 0.00897344 0.00916817 0.00878592 0.00924538 0.00829228 0.00803193 
0.00960301 0.00900936 0.0115667 0.0112639 0.0126885 0.0101408 0.0119598 0.0136612 0.0102378 0.00957306 0.0114328 0.0111039 0.0130266 0.0140505 0.0155358 0.0156764 0.00857623 0.00590025 0.00524932 0.00497692 0.00438865 0.0476312 0 0.00677064 0.0105434 0.770146 0.0136363 0.0215437 0.0261677 0.0302408 0.0121447 0.0169581 0.0105505 0.0162667 0.0160183 0.0134398 0.0201028 0.00856591 0.00876063 0.00858977 0.0101166 0.0116545 0.00997456 0.00888969 0.00848691 0.00998081 0.00968686 0.00851391 0.00883598 0.00851436 0.00861197 0.00894251 0.0098739 0.0083836 0.00887819 
0.0106175 0.00947608 0.00962822 0.0118028 0.0130988 0.0117458 0.0110854 0.0165691 0.0146687 0.0106433 0.0100949 0.0135945 0.0199012 0.0114753 0.013857 0.0252174 0.00791805 0.00648275 0.00567425 0.00616428 0.0205014 0.00466577 0.00677064 0 0.920252 0.00929152 0.0174966 0.014712 0.0203752 0.0169534 0.017231 0.0108193 0.013115 0.0154046 0.0340369 0.0218416 0.0140298 0.011327 0.00854086 0.0093426 0.00970374 0.0127257 0.013052 0.00870285 0.00918113 0.0084879 0.010081 0.0121251 0.00872669 0.00891238 0.00905016 0.00900327 0.00911203 0.00885882 0.00809903 
0.00913144 0.0089073 0.00931939 0.0110419 0.0104982 0.0105576 0.00984805 0.0132125 0.0100168 0.00917538 0.00952874 0.0120084 0.0125049 0.013737 0.0129194 0.0145145 0.0119106 0.0134414 0.00921774 0.0101817 0.00995671 0.0109889 0.0105434 0.920252 0 0.0044046 0.0047675 0.0406171 0.0112637 0.0343478 0.0143832 0.0189039 0.0111336 0.022209 0.0175116 0.016334 0.0181954 0.00889931 0.00870241 0.00887508 0.00961191 0.0131308 0.010416 0.00889344 0.0085576 0.00867017 0.010989 0.00882597 0.00879927 0.00859369 0.00872625 0.00859167 0.0103891 0.00831983 0.00855846 
0.00947864 0.00877869 0.00965754 0.0106735 0.0125932 0.00967319 0.0120443 0.0194668 0.0125134 0.00942415 0.0120116 0.0116412 0.0157544 0.0104497 0.0185292 0.0145496 0.0165976 0.00999498 0.0114327 0.00974399 0.0135939 0.00855883 0.770146 0.00929152 0.0044046 0 0.0313904 0.00561987 0.0161508 0.0102345 0.0224334 0.0117334 0.010887 0.0267528 0.0330572 0.0151589 0.0140113 0.0104232 0.00861862 0.00913038 0.0100412 0.0132602 0.0121166 0.008976 0.00877334 0.00881228 0.00892097 0.0101774 0.00881433 0.00886397 0.00910473 0.00934559 0.00945677 0.0087495 0.00816421 
0.00969566 0.00903506 0.0110266 0.0112212 0.0126794 0.0106628 0.0129472 0.0147608 0.0102927 0.0101304 0.0117342 0.0123008 0.0136331 0.015409 0.0138989 0.0164036 0.0143903 0.0160677 0.0129468 0.0124003 0.0145643 0.0338026 0.0136363 0.0174966 0.0047675 0.0313904 0 0.00384661 0.0122018 0.842312 0.0178051 0.0223228 0.0176602 0.0246185 0.0228378 0.0176695 0.0221362 0.00939939 0.0101949 0.00939577 0.01156 0.0140384 0.011895 0.0103548 0.0088089 0.0102318 0.0105053 0.00933435 0.0102912 0.00905424 0.00944979 0.00970303 0.011164 0.00853771 0.00886493 
0.0100114 0.00905046 0.0093653 0.0106149 0.0136409 0.0110626 0.0106362 0.0119898 0.015199 0.010578 0.0101961 0.0112667 0.0208131 0.0118519 0.0127168 0.0123318 0.0209475 0.0156326 0.0122329 0.0122103 0.0290146 0.0111649 0.0215437 0.014712 0.0406171 0.00561987 0.00384661 0 0.889837 0.0145675 0.0209484 0.0154567 0.0140475 0.0357937 0.0261068 0.0226561 0.0174973 0.0136154 0.0088843 0.00965238 0.0104411 0.0142125 0.0162369 0.00960149 0.00914973 0.00878673 0.0101183 0.0144809 0.00972347 0.00958758 0.00929662 0.0096596 0.0100672 0.00935959 0.00822711 
0.0085686 0.00846442 0.0088136 0.00926411 0.00951934 0.00880715 0.00902143 0.0100485 0.0087578 0.00845625 0.00902412 0.00935071 0.0102001 0.0110517 0.00974422 0.0120012 0.014127 0.0168803 0.0110003 0.0131832 0.0104515 0.0127785 0.0261677 0.0203752 0.0112637 0.0161508 0.0122018 0.889837 0 0.0075463 0.0180133 0.0262222 0.0128338 0.0153334 0.0183768 0.0177928 0.0193037 0.00906647 0.0094471 0.00874329 0.0105306 0.0120963 0.0105612 0.00929072 0.00844698 0.00919276 0.0098793 0.00893457 0.00880056 0.00853629 0.00846934 0.0085785 0.0101717 0.0083573 0.0088928 
0.00941563 0.0083588 0.00884566 0.00918325 0.0113908 0.00876766 0.00942228 0.00977406 0.0106665 0.00851392 0.00943764 0.00913082 0.0140862 0.0097472 0.0102644 0.0106142 0.0209544 0.0116278 0.0115189 0.0102223 0.0132023 0.0128899 0.0302408 0.0169534 0.0343478 0.0102345 0.842312 0.0145675 0.0075463 0 0.0192283 0.0124709 0.00980438 0.016986 0.025947 0.0190165 0.0204544 0.0109643 0.00867605 0.00914287 0.00984281 0.0118047 0.0135603 0.00937686 0.0086294 0.00905742 0.00904189 0.0119262 0.00924368 0.00864053 0.00863608 0.00905878 0.00965958 0.00965493 0.00822534 
0.00878506 0.00845404 0.0100782 0.0127634 0.0103061 0.00988771 0.00911764 0.0141317 0.00887585 0.00890158 0.00958279 0.0123256 0.0115567 0.00996042 0.0105543 0.0164632 0.0209195 0.035129 0.0125234 0.0139731 0.0109906 0.0217791 0.0121447 0.017231 0.0143832 0.0224334 0.0178051 0.0209484 0.0180133 0.0192283 0 0.00438171 0.00383742 0.0037648 0.0044268 0.011189 0.0226795 0.0375682 0.0105511 0.0126316 0.0116193 0.0314518 0.0217753 0.0112552 0.0106368 0.0111623 0.0424709 0.0128065 0.0109321 0.0110444 0.0103331 0.0112262 0.0196963 0.00924332 0.00969077 
0.00874815 0.0105917 0.0114868 0.009325 0.0122369 0.0157753 0.0133722 0.0100719 0.0097466 0.0108568 0.0135549 0.00911615 0.0129561 0.0222914 0.0173283 0.010299 0.0195713 0.0407502 0.134849 0.0258565 0.0272505 0.00968329 0.0169581 0.0108193 0.0189039 0.0117334 0.0223228 0.0154567 0.0262222 0.0124709 0.00438171 0 0.00372721 0.00376393 0.00373817 0.00920156 0.0153584 0.0259645 0.131976 0.0186491 0.0450421 0.0124428 0.0229543 0.046942 0.0138455 0.0428974 0.010306 0.0147109 0.0282999 0.0262947 0.0250026 0.0264223 0.0104334 0.00899324 0.00854594 
0.00928782 0.0128345 0.0146363 0.00984011 0.0112309 0.0343715 0.0183633 0.0119291 0.01099 0.0199801 0.0134921 0.00963339 0.013704 0.0291777 0.0255578 0.0109339 0.0145086 0.0556262 0.11018 0.291566 0.0177219 0.0114497 0.0105505 0.013115 0.0111336 0.010887 0.0176602 0.0140475 0.0128338 0.00980438 0.00383742 0.00372721 0 0.00372553 0.00373651 0.00599882 0.0106516 0.0189025 0.0204174 0.419859 0.0234592 0.0180548 0.0209306 0.0299289 0.115623 0.0138189 0.0117581 0.0126973 0.0255042 0.0802794 0.0906811 0.0221957 0.0113822 0.00862347 0.00848536 
0.00910391 0.012785 0.0188203 0.0105063 0.0134691 0.023365 0.0372587 0.0148581 0.0119976 0.0150065 0.0290735 0.0102698 0.012193 0.0289917 0.05974 0.0136719 0.0126752 0.0332318 0.0809986 0.0621259 0.164828 0.01658 0.0162667 0.0154046 0.022209 0.0267528 0.0246185 0.0357937 0.0153334 0.016986 0.0037648 0.00376393 0.00372553 0 0.00371364 0.00671416 0.0201437 0.0109786 0.071927 0.0303868 0.438299 0.0258317 0.0159179 0.0512107 0.026089 0.0600368 0.0103475 0.0120207 0.0322478 0.0507006 0.0401034 0.0907853 0.0129917 0.00925362 0.00866694 
0.0104932 0.00916523 0.0102525 0.0121939 0.0144033 0.0102224 0.0132117 0.0201064 0.0144547 0.00961955 0.0115249 0.0124993 0.019103 0.0110405 0.0175102 0.0202457 0.0208293 0.0138823 0.0186824 0.020973 0.0212951 0.110428 0.0160183 0.0340369 0.0175116 0.0330572 0.0228378 0.0261068 0.0183768 0.025947 0.0044268 0.00373817 0.00373651 0.00371364 0 0.0185097 0.0180009 0.0246791 0.0113923 0.0224258 0.0256626 0.329148 0.0289415 0.0143114 0.0122991 0.0138708 0.0168687 0.019945 0.0141307 0.0139274 0.0148483 0.020326 0.0278468 0.0106473 0.00918995 
0.00866513 0.00802805 0.0082333 0.0099108 0.009379 0.00818847 0.00812047 0.00987142 0.00909058 0.00801734 0.00814481 0.00923588 0.00973974 0.00845329 0.00835766 0.0105611 0.0118229 0.00975545 0.00877206 0.00866461 0.0105275 0.0113339 0.0134398 0.0218416 0.016334 0.0151589 0.0176695 0.0226561 0.0177928 0.0190165 0.011189 0.00920156 0.00599882 0.00671416 0.0185097 0 0.352945 0.0133438 0.00982479 0.00945101 0.0144433 0.0241472 0.0155935 0.0096813 0.00878185 0.00939091 0.0240507 0.0147162 0.00938609 0.00888628 0.00872115 0.00930131 0.015041 0.0122835 0.0107763 
0.00882842 0.00806156 0.00835001 0.00930552 0.0103721 0.0080968 0.00841406 0.00951323 0.00969882 0.00800229 0.00858973 0.00903859 0.0117767 0.00840446 0.00848145 0.0107197 0.013281 0.00986553 0.00944719 0.00924123 0.00960814 0.0119074 0.0201028 0.0140298 0.0181954 0.0140113 0.0221362 0.0174973 0.0193037 0.0204544 0.0226795 0.0153584 0.0106516 0.0201437 0.0180009 0.352945 0 0.0184006 0.0102881 0.0109338 0.0176788 0.0485136 0.0232826 0.0114645 0.0088427 0.0109364 0.0179602 0.0190816 0.0129188 0.00943356 0.00926473 0.0104931 0.0161483 0.0134257 0.0105793 
0.00806388 0.00806807 0.00815555 0.00862387 0.00823773 0.00831914 0.00814831 0.00905276 0.00819615 0.0080144 0.00815929 0.00927252 0.00843338 0.00855784 0.00848156 0.00918099 0.0092497 0.009663 0.00949616 0.0091702 0.00919384 0.00991559 0.00856591 0.011327 0.00889931 0.0104232 0.00939939 0.0136154 0.00906647 0.0109643 0.0375682 0.0259645 0.0189025 0.0109786 0.0246791 0.0133438 0.0184006 0 0.00375128 0.00378281 0.00380654 0.00418093 0.00524334 0.00565915 0.00752984 0.0123873 0.227481 0.0168236 0.00933648 0.00985965 0.0101754 0.0109028 0.0329512 0.0108794 0.0111303 
0.0082376 0.00850332 0.00887903 0.00814542 0.00840054 0.00877908 0.00895927 0.00831691 0.0082372 0.0083519 0.00873581 0.00821288 0.00830021 0.00955517 0.0090729 0.0084771 0.00907388 0.011228 0.0187765 0.014591 0.00902613 0.00853926 0.00876063 0.00854086 0.00870241 0.00861862 0.0101949 0.0088843 0.0094471 0.00867605 0.0105511 0.131976 0.0204174 0.071927 0.0113923 0.00982479 0.0102881 0.00375128 0 0.00373167 0.00374266 0.00373945 0.00479698 0.00738049 0.0134767 0.175205 0.0269672 0.00867126 0.0189795 0.0116445 0.0169809 0.0258941 0.0108159 0.00969412 0.00874021 
0.00833224 0.00928651 0.00927274 0.00850484 0.00861499 0.010651 0.00970886 0.00889759 0.00850683 0.00951409 0.00979073 0.00869047 0.0090755 0.0114006 0.0115456 0.00880804 0.0090078 0.0197644 0.0367612 0.0347294 0.011771 0.00912864 0.00858977 0.0093426 0.00887508 0.00913038 0.00939577 0.00965238 0.00874329 0.00914287 0.0126316 0.0186491 0.419859 0.0303868 0.0224258 0.00945101 0.0109338 0.00378281 0.00373167 0 0.00371069 0.00373454 0.00526979 0.00681672 0.118036 0.121298 0.00885313 0.0112146 0.0108205 0.0270676 0.0320871 0.0146016 0.0136971 0.00904688 0.00877567 
0.00840865 0.00884864 0.00944027 0.00853237 0.00907351 0.00985517 0.0105787 0.00890498 0.00884599 0.00921646 0.00999912 0.00867672 0.00924663 0.0110071 0.0124326 0.00926789 0.00982501 0.0140509 0.0284876 0.0216218 0.0156223 0.00945203 0.0101166 0.00970374 0.00961191 0.0100412 0.01156 0.0104411 0.0105306 0.00984281 0.0116193 0.0450421 0.0234592 0.438299 0.0256626 0.0144433 0.0176788 0.00380654 0.00374266 0.00371069 0 0.00390304 0.00543801 0.0749677 0.189603 0.0105454 0.00632483 0.00912723 0.0213919 0.0167239 0.0171034 0.068326 0.0144854 0.013081 0.00997964 
0.00936882 0.00862132 0.00864954 0.0092686 0.0104924 0.00940944 0.0089682 0.0107326 0.0105806 0.00881757 0.00862133 0.00934252 0.0146766 0.00940603 0.0100605 0.0102351 0.0131314 0.0116759 0.0139202 0.0124073 0.011815 0.01367 0.0116545 0.0127257 0.0131308 0.0132602 0.0140384 0.0142125 0.0120963 0.0118047 0.0314518 0.0124428 0.0180548 0.0258317 0.329148 0.0241472 0.0485136 0.00418093 0.00373945 0.00373454 0.00390304 0 0.149964 0.178395 0.00519654 0.00567949 0.00810275 0.0199886 0.0161538 0.0147978 0.0133283 0.0225265 0.136399 0.0177001 0.0112561 
0.00851235 0.00847072 0.00895882 0.00942676 0.00992539 0.00887116 0.00887011 0.0100933 0.00884268 0.00842616 0.008872 0.00992089 0.00933914 0.0093624 0.00909874 0.0109512 0.0105541 0.0121701 0.0140374 0.0120458 0.0100993 0.0127804 0.00997456 0.013052 0.010416 0.0121166 0.011895 0.0162369 0.0105612 0.0135603 0.0217753 0.0229543 0.0209306 0.0159179 0.0289415 0.0155935 0.0232826 0.00524334 0.00479698 0.00526979 0.00543801 0.149964 0 0.003801 0.00375065 0.00388481 0.00464331 0.0127065 0.00997846 0.00856818 0.0346217 0.385405 0.384257 0.0145755 0.0166474 
0.00826723 0.00863561 0.00901059 0.00835356 0.00844004 0.00908822 0.00924982 0.00881707 0.00832851 0.00874039 0.00912799 0.00830235 0.00881523 0.00993258 0.00995764 0.00889278 0.00908932 0.0123354 0.0200479 0.0149136 0.0103636 0.00889204 0.00888969 0.00870285 0.00889344 0.008976 0.0103548 0.00960149 0.00929072 0.00937686 0.0112552 0.046942 0.0299289 0.0512107 0.0143114 0.0096813 0.0114645 0.00565915 0.00738049 0.00681672 0.0749677 0.178395 0.003801 0 0.00372019 0.00377219 0.0037872 0.00868459 0.0139708 0.0178665 0.382658 0.372901 0.0133423 0.0117806 0.00970741 
0.00834549 0.00888894 0.00887708 0.00852151 0.00855069 0.00989448 0.0095039 0.00918035 0.00838169 0.00909975 0.00879329 0.00857524 0.00878524 0.00944403 0.00991418 0.00863995 0.00878358 0.0133431 0.0218836 0.0200476 0.0109594 0.00884188 0.00848691 0.00918113 0.0085576 0.00877334 0.0088089 0.00914973 0.00844698 0.0086294 0.0106368 0.0138455 0.115623 0.026089 0.0122991 0.00878185 0.0088427 0.00752984 0.0134767 0.118036 0.189603 0.00519654 0.00375065 0.00372019 0 0.00375993 0.00390708 0.00713521 0.0095364 0.654199 0.113043 0.0114658 0.00969309 0.00886463 0.00860986 
0.00834204 0.00843698 0.00886346 0.00805795 0.0089365 0.0086086 0.00930182 0.00813399 0.00847091 0.00843567 0.0088616 0.00804026 0.0085032 0.00907602 0.00963015 0.00840443 0.00949424 0.00983685 0.0152321 0.0134344 0.00907918 0.00861514 0.00998081 0.0084879 0.00867017 0.00881228 0.0102318 0.00878673 0.00919276 0.00905742 0.0111623 0.0428974 0.0138189 0.0600368 0.0138708 0.00939091 0.0109364 0.0123873 0.175205 0.121298 0.0105454 0.00567949 0.00388481 0.00377219 0.00375993 0 0.00373848 0.0373962 0.814377 0.0744374 0.0181484 0.0160077 0.00855088 0.0118503 0.00953831 
0.00878443 0.0084006 0.00816781 0.00867666 0.00972671 0.00854176 0.00835566 0.00882733 0.00914904 0.008289 0.00807406 0.00862334 0.0107527 0.00834387 0.00833962 0.00836924 0.0126799 0.0101383 0.0089358 0.00885348 0.00883612 0.0087635 0.00968686 0.010081 0.010989 0.00892097 0.0105053 0.0101183 0.0098793 0.00904189 0.0424709 0.010306 0.0117581 0.0103475 0.0168687 0.0240507 0.0179602 0.227481 0.0269672 0.00885313 0.00632483 0.00810275 0.00464331 0.0037872 0.00390708 0.00373848 0 0.829672 0.0652137 0.0210954 0.00692883 0.00703375 0.0118306 0.019514 0.0103874 
0.00818411 0.00837038 0.00842771 0.00883896 0.00839977 0.00839066 0.00834545 0.00893912 0.00831849 0.00814423 0.00835187 0.00835915 0.00859865 0.00832776 0.00838793 0.00936079 0.00889402 0.00935831 0.0095347 0.00898839 0.00900941 0.0104586 0.00851391 0.0121251 0.00882597 0.0101774 0.00933435 0.0144809 0.00893457 0.0119262 0.0128065 0.0147109 0.0126973 0.0120207 0.019945 0.0147162 0.0190816 0.0168236 0.00867126 0.0112146 0.00912723 0.0199886 0.0127065 0.00868459 0.00713521 0.0373962 0.829672 0 0.0037726 0.00375086 0.00374718 0.00380897 0.004738 0.0593423 0.0186046 
0.00840208 0.0085051 0.00886125 0.00832195 0.00849265 0.00889869 0.00900548 0.00858089 0.00822337 0.00851731 0.00906723 0.00816058 0.00846537 0.00925405 0.00917302 0.00869002 0.00861211 0.0112166 0.0162319 0.0126723 0.0108456 0.00886913 0.00883598 0.00872669 0.00879927 0.00881433 0.0102912 0.00972347 0.00880056 0.00924368 0.0109321 0.0282999 0.0255042 0.0322478 0.0141307 0.00938609 0.0129188 0.00933648 0.0189795 0.0108205 0.0213919 0.0161538 0.00997846 0.0139708 0.0095364 0.814377 0.0652137 0.0037726 0 0.00376387 0.00371946 0.00382397 0.00404352 0.028535 0.0131489 
0.0083922 0.00906455 0.00911273 0.00872395 0.00862558 0.0103358 0.00949983 0.00929123 0.00877492 0.00942549 0.00910484 0.0083822 0.00934318 0.0096935 0.0104213 0.00888309 0.00920027 0.0135069 0.0244575 0.0241669 0.0107648 0.00897344 0.00851436 0.00891238 0.00859369 0.00886397 0.00905424 0.00958758 0.00853629 0.00864053 0.0110444 0.0262947 0.0802794 0.0507006 0.0139274 0.00888628 0.00943356 0.00985965 0.0116445 0.0270676 0.0167239 0.0147978 0.00856818 0.0178665 0.654199 0.0744374 0.0210954 0.00375086 0.00376387 0 0.0037389 0.00374672 0.00378983 0.0181283 0.00975124 
0.00852464 0.00897124 0.00902669 0.00842955 0.00888838 0.0100762 0.00958292 0.0088325 0.00868883 0.0090263 0.00902964 0.00871436 0.00874906 0.00941144 0.0100515 0.00854538 0.00874538 0.0129091 0.0284039 0.0211122 0.00984771 0.00916817 0.00861197 0.00905016 0.00872625 0.00910473 0.00944979 0.00929662 0.00846934 0.00863608 0.0103331 0.0250026 0.0906811 0.0401034 0.0148483 0.00872115 0.00926473 0.0101754 0.0169809 0.0320871 0.0171034 0.0133283 0.0346217 0.382658 0.113043 0.0181484 0.00692883 0.00374718 0.00371946 0.0037389 0 0.00373856 0.00373517 0.0137583 0.0103954 
0.0083548 0.00865852 0.00899995 0.00820817 0.00841181 0.0091669 0.00951522 0.00845473 0.00839515 0.00892027 0.00897641 0.00825372 0.00865857 0.00943123 0.0101951 0.00870787 0.0087119 0.0116297 0.0147402 0.0150444 0.0104648 0.00878592 0.00894251 0.00900327 0.00859167 0.00934559 0.00970303 0.0096596 0.0085785 0.00905878 0.0112262 0.0264223 0.0221957 0.0907853 0.020326 0.00930131 0.0104931 0.0109028 0.0258941 0.0146016 0.068326 0.0225265 0.385405 0.372901 0.0114658 0.0160077 0.00703375 0.00380897 0.00382397 0.00374672 0.00373856 0 0.00379171 0.0436719 0.0133787 
0.00869538 0.00840431 0.00825184 0.00848791 0.00906965 0.00845644 0.00844864 0.00879495 0.0087339 0.00838729 0.0083671 0.00845993 0.00994621 0.00856797 0.00874 0.00871726 0.0109579 0.0091453 0.0092295 0.00893776 0.00885169 0.00924538 0.0098739 0.00911203 0.0103891 0.00945677 0.011164 0.0100672 0.0101717 0.00965958 0.0196963 0.0104334 0.0113822 0.0129917 0.0278468 0.015041 0.0161483 0.0329512 0.0108159 0.0136971 0.0144854 0.136399 0.384257 0.0133423 0.00969309 0.00855088 0.0118306 0.004738 0.00404352 0.00378983 0.00373517 0.00379171 0 0.0170644 0.0560278 
0.0081882 0.00806993 0.00815929 0.00847609 0.00829023 0.00814782 0.00806156 0.00833543 0.00815889 0.00802779 0.00800775 0.00825484 0.00806137 0.00808033 0.00801205 0.00839434 0.00829814 0.00837961 0.0082625 0.0081642 0.00825137 0.00829228 0.0083836 0.00885882 0.00831983 0.0087495 0.00853771 0.00935959 0.0083573 0.00965493 0.00924332 0.00899324 0.00862347 0.00925362 0.0106473 0.0122835 0.0134257 0.0108794 0.00969412 0.00904688 0.013081 0.0177001 0.0145755 0.0117806 0.00886463 0.0118503 0.019514 0.0593423 0.028535 0.0181283 0.0137583 0.0436719 0.0170644 0 0.0226539 
0.0085313 0.00811207 0.00807523 0.00828303 0.00862224 0.00809694 0.00800132 0.00815922 0.00833113 0.00806573 0.00802345 0.00807177 0.00847753 0.00806918 0.00798909 0.00801997 0.00891134 0.00826501 0.00810688 0.00808462 0.00802421 0.00803193 0.00887819 0.00809903 0.00855846 0.00816421 0.00886493 0.00822711 0.0088928 0.00822534 0.00969077 0.00854594 0.00848536 0.00866694 0.00918995 0.0107763 0.0105793 0.0111303 0.00874021 0.00877567 0.00997964 0.0112561 0.0166474 0.00970741 0.00860986 0.00953831 0.0103874 0.0186046 0.0131489 0.00975124 0.0103954 0.0133787 0.0560278 0.0226539 0 
