1PXWB
PSYVKFEVPKELAEKALQAVEIARDTGKIRKGTNETTKAVERGQAKLVIIAEDVDPEEIVAHLPPLCEEKEIPYIYVPSKKELGAAAGIEVAAASVAIIEPGKARDLVEEIAMKVRELMK
CCCCCCCCCHHHHHHHHHHHHHHHHHCEEEECHHHHHHHHHCCCCCEEEEECCCCCHHHCCCHHHHHHHCCCCEEEECCHHHHHHHCCCCCCCCEEEEEECHHHHHHHHHHHHHHHHHCC
0 0 0 0 0 0 0 0 0 0 0 0 0 0 0 0 0 0 0 0 0 0 0 0 0 0 0 0 0 0 0 0 0 0 0 0 0 0 0 0 0 0 0 0 0 0 0 0 0 0 0 0 0 0 0 0 0 0 0 0 0 0 0 0 0 0 0 0 0 0 0 0 0 0 0 0 0 0 0 0 0 0 0 0 0 0 0 0 0 0 0 0 0 0 0 0 0 0 0 0 0 0 0 0 0 0 0 0 0 0 0 0 0 0 0 0 0 0 0 0 
0 0 0 0 0 0 0 0 0 0 0 0 0 0 0 0 0 0 0 0 0 0 0 0 0 0 0 0 0 0 0 0 0 0 0 0 0 0 0 0 0 0 0 0 0 0 0 0 0 0 0 0 0 0 0 0 0 0 0 0 0 0 0 0 0 0 0 0 0 0 0 0 0 0 0 0 0 0 0 0 0 0 0 0 0 0 0 0 0 0 0 0 0 0 0 0 0 0 0 0 0 0 0 0 0 0 0 0 0 0 0 0 0 0 0 0 0 0 0 0 
0 0.00387505 0.0040151 0.0061248 0.0239184 0.0191094 0.0118792 0.0204485 0.0220105 0.0139459 0.00937335 0.0128859 0.0129502 0.0120738 0.00908161 0.00923438 0.00977495 0.00874684 0.0150229 
0.00387505 0 0.00567215 0.00384179 0.037407 0.0263388 0.0324837 0.0228992 0.0201254 0.0108321 0.027326 0.0112797 0.0123562 0.00950411 0.0186567 0.0121037 0.0117418 0.0144795 0.00861642 
0.0040151 0.00567215 0 0.00391997 0.0109779 0.047624 0.0231426 0.0308055 0.00888448 0.0119258 0.0110228 0.0191822 0.00853211 0.0106484 0.0111818 0.0137827 0.0115468 0.00894593 0.00862163 
0.0061248 0.00384179 0.00391997 0 0.0239886 0.0134579 0.0139295 0.0136069 0.0500303 0.0186019 0.0116215 0.00935454 0.0112752 0.0154124 0.00995248 0.00959955 0.00928415 0.00908146 0.00848465 
0.0239184 0.037407 0.0109779 0.0239886 0 0.006808 0.00380246 0.00384738 0.00588536 0.148027 0.0754673 0.0167974 0.0458395 0.0439509 0.0524096 0.0158611 0.0150569 0.0148097 0.0200841 
0.0191094 0.0263388 0.047624 0.0134579 0.006808 0 0.00375389 0.00387012 0.00384913 0.597741 0.142976 0.116257 0.0112997 0.0586032 0.0782681 0.125785 0.0423879 0.0310304 0.0112314 
0.0118792 0.0324837 0.0231426 0.0139295 0.00380246 0.00375389 0 0.00378892 0.00375382 0.0532806 0.717884 0.0420124 0.0236862 0.0218561 0.131722 0.101432 0.149615 0.024721 0.011178 
0.0204485 0.0228992 0.0308055 0.0136069 0.00384738 0.00387012 0.00378892 0 0.00374367 0.0484518 0.0467364 0.652247 0.0210343 0.024519 0.029869 0.0672794 0.0317987 0.0442408 0.0116394 
0.0220105 0.0201254 0.00888448 0.0500303 0.00588536 0.00384913 0.00375382 0.00374367 0 0.0237941 0.0269342 0.0364324 0.62548 0.0198421 0.018167 0.0128 0.0129935 0.0131615 0.0123912 
0.0139459 0.0108321 0.0119258 0.0186019 0.148027 0.597741 0.0532806 0.0484518 0.0237941 0 0.00378174 0.00382568 0.00385832 0.097402 0.0425715 0.0216959 0.021621 0.0166864 0.0327846 
0.00937335 0.027326 0.0110228 0.0116215 0.0754673 0.142976 0.717884 0.0467364 0.0269342 0.00378174 0 0.00378196 0.00372883 0.0913005 0.103469 0.0578235 0.0365066 0.054448 0.0113702 
0.0128859 0.0112797 0.0191822 0.00935454 0.0167974 0.116257 0.0420124 0.652247 0.0364324 0.00382568 0.00378196 0 0.00377269 0.0300965 0.068397 0.04566 0.0800289 0.0263041 0.0140474 
0.0129502 0.0123562 0.00853211 0.0112752 0.0458395 0.0112997 0.0236862 0.0210343 0.62548 0.00385832 0.00372883 0.00377269 0 0.0228909 0.0180709 0.0384572 0.0172267 0.0498973 0.0205322 
0.0120738 0.00950411 0.0106484 0.0154124 0.0439509 0.0586032 0.0218561 0.024519 0.0198421 0.097402 0.0913005 0.0300965 0.0228909 0 0.00382143 0.00375748 0.00376339 0.00380484 0.00572525 
0.00908161 0.0186567 0.0111818 0.00995248 0.0524096 0.0782681 0.131722 0.029869 0.018167 0.0425715 0.103469 0.068397 0.0180709 0.00382143 0 0.00374928 0.00378985 0.00386739 0.00387675 
0.00923438 0.0121037 0.0137827 0.00959955 0.0158611 0.125785 0.101432 0.0672794 0.0128 0.0216959 0.0578235 0.04566 0.0384572 0.00375748 0.00374928 0 0.00375233 0.00374014 0.00374366 
0.00977495 0.0117418 0.0115468 0.00928415 0.0150569 0.0423879 0.149615 0.0317987 0.0129935 0.021621 0.0365066 0.0800289 0.0172267 0.00376339 0.00378985 0.00375233 0 0.00373135 0.00373358 
0.00874684 0.0144795 0.00894593 0.00908146 0.0148097 0.0310304 0.024721 0.0442408 0.0131615 0.0166864 0.054448 0.0263041 0.0498973 0.00380484 0.00386739 0.00374014 0.00373135 0 0.00372953 
0.0150229 0.00861642 0.00862163 0.00848465 0.0200841 0.0112314 0.011178 0.0116394 0.0123912 0.0327846 0.0113702 0.0140474 0.0205322 0.00572525 0.00387675 0.00374366 0.00373358 0.00372953 0 
