1PYTD
CGAPIFQPNLSARVVGGEDAIPHSWPWQISLQYLRDNTWRHTCGGTLITPNHVLTAAHCISNTLTYRVALGKNNLEVEDEAGSLYVGVDTIFVHEKWNSFLVRNDIALIKLAETVELGDTIQVACLPSEGSLLPQDYPCFVTGWGRLYTNGPIAAELQQGLQPVVDYATCSQRDWWGTTVKETMVCAGGDGVISACNGDSGGPLNCQADGQWDVRGIVSFGSGLSCNTFKKPTVFTRVSAYIDWINQKLQL
CCCCCCCCCCCCCCCCCCCCCCCCCCCEEEEEEEECCEEEEEEEEEEEECCEEEECHHHCCCCCCEEEEECCCECCCCCCCCCEEEEEEEEEECCCCECCCCECCCEEEEECCCCCCCCCCCCCECCCCCCCCCCCCEEEECECCCCCCCCCCCCECECCEEECECHHHHCCCCCCCCCCCCCEEEECCCCCCCCCCCCCCCEEEEECCCCEEEEEEEEECCCCCCCECCECEEEEEHHHHHHHHHHHCCC
0 0 0 0 0 0 0 0 0 0 0 0 0 0 0 0 0 0 0 0 0 0 0 0 0 0 0 0 0 0 0 0 0 0 0 0 0 0 0 0 0 0 0 0 0 0 0 0 0 0 0 0 0 0 0 0 0 0 0 0 0 0 0 0 0 0 0 0 0 0 0 0 0 0 0 0 0 0 0 0 0 0 0 0 0 0 0 0 0 0 0 0 0 0 0 0 0 0 0 0 0 0 0 0 0 0 0 0 0 0 0 0 0 0 0 0 0 0 0 0 0 0 0 0 0 0 0 0 0 0 0 0 0 0 0 0 0 0 0 0 0 0 0 0 0 0 0 0 0 0 0 0 0 0 0 0 0 0 0 0 0 0 0 0 0 0 0 0 0 0 0 0 0 0 0 0 0 0 0 0 0 0 0 0 0 0 0 0 0 0 0 0 0 0 0 0 0 0 0 0 0 0 0 0 0 0 0 0 0 0 0 0 0 0 0 0 0 0 0 0 0 0 0 0 0 0 0 0 0 0 0 0 0 0 0 0 0 0 0 0 0 0 0 0 0 0 0 0 0 0 0 
0 0 0 0 0 0 0 0 0 0 0 0 0 0 0 0 0 0 0 0 0 0 0 0 0 0 0 0 0 0 0 0 0 0 0 0 0 0 0 0 0 0 0 0 0 0 0 0 0 0 0 0 0 0 0 0 0 0 0 0 0 0 0 0 0 0 0 0 0 0 0 0 0 0 0 0 0 0 0 0 0 0 0 0 0 0 0 0 0 0 0 0 0 0 0 0 0 0 0 0 0 0 0 0 0 0 0 0 0 0 0 0 0 0 0 0 0 0 0 0 0 0 0 0 0 0 0 0 0 0 0 0 0 0 0 0 0 0 0 0 0 0 0 0 0 0 0 0 0 0 0 0 0 0 0 0 0 0 0 0 0 0 0 0 0 0 0 0 0 0 0 0 0 0 0 0 0 0 0 0 0 0 0 0 0 0 0 0 0 0 0 0 0 0 0 0 0 0 0 0 0 0 0 0 0 0 0 0 0 0 0 0 0 0 0 0 0 0 0 0 0 0 0 0 0 0 0 0 0 0 0 0 0 0 0 0 0 0 0 0 0 0 0 0 0 0 0 0 0 0 0 
0 0.00377207 0.00379351 0.00376622 0.00380236 0.00428911 0.00423497 0.00533309 0.00562431 0.00541344 0.00655299 0.00681816 0.01136 0.00904686 0.0412787 0.0653078 0.605204 0.0119959 0.01741 0.0342549 0.0152297 0.0132457 0.0120934 0.056019 0.013621 0.0177464 0.0126902 0.0206057 0.0165252 0.016505 0.00914431 0.00961946 0.00878665 0.00930723 0.00848581 0.00840831 0.00873179 0.0093899 0.00917101 0.0122876 0.0101248 0.0112734 0.0150672 0.0110926 0.00934925 0.0110664 0.0103822 0.00989762 0.00902414 0.0087446 0.0092861 0.00872474 0.00903935 0.00993711 0.00855824 0.0102805 0.00814061 0.00846238 0.00916147 0.00910565 0.00823505 0.0084943 0.00851015 0.00809655 0.00817039 0.00850519 0.0080019 0.00810252 0.0080539 0.00817362 0.00818306 0.00829624 0.00843527 0.00838964 0.00829429 0.00823665 0.00815787 0.00804979 0.00811144 0.0085269 0.0081998 0.00825789 0.00824088 0.0082699 
0.00377207 0 0.00375543 0.00373544 0.00375084 0.00374899 0.00388954 0.00408568 0.00463158 0.00648213 0.00574769 0.00919752 0.00816435 0.0278644 0.0548633 0.726947 0.0106415 0.0327467 0.01447 0.00922693 0.0125783 0.0228077 0.0305123 0.0110231 0.0261465 0.0150184 0.0871555 0.0155489 0.0199051 0.00862916 0.00986771 0.0093743 0.017927 0.00883285 0.0118525 0.00899323 0.0117561 0.0115287 0.021571 0.00922632 0.00865043 0.00861488 0.0152415 0.0188498 0.026193 0.00903665 0.0123869 0.00871259 0.00825935 0.0111869 0.0099203 0.0103862 0.00856881 0.00813475 0.00823552 0.0081722 0.00929167 0.00858929 0.00856825 0.00842023 0.00875123 0.00917544 0.00873595 0.00809279 0.00871582 0.00837179 0.00839371 0.00809426 0.00822934 0.00851811 0.00909946 0.00882335 0.00880655 0.00859281 0.00876039 0.00836054 0.00822552 0.00806578 0.00798369 0.00837899 0.00851603 0.00854672 0.00859423 0.00840578 
0.00379351 0.00375543 0 0.00375728 0.00372473 0.00369914 0.00378419 0.00387639 0.00579931 0.0053941 0.0115694 0.00680575 0.047793 0.105408 0.68423 0.00955543 0.036549 0.0120664 0.0137815 0.00949643 0.0107785 0.0234911 0.0141116 0.016256 0.0109557 0.0722241 0.0172585 0.106792 0.0176333 0.00991884 0.00905899 0.0208236 0.00896438 0.0313784 0.00913577 0.0135444 0.0132108 0.0329885 0.012783 0.0117636 0.00840397 0.00861225 0.0166414 0.0297927 0.0124035 0.027231 0.00845445 0.00848165 0.00869415 0.00947137 0.0168249 0.00991715 0.00845057 0.00855922 0.00826178 0.0085255 0.00834128 0.0091155 0.00807269 0.00895719 0.00935832 0.00972374 0.00862155 0.00820461 0.00873169 0.00937644 0.00835918 0.00812986 0.00819481 0.00879525 0.00886057 0.009373 0.00905478 0.00878466 0.00884551 0.00866857 0.00818315 0.00796198 0.00786906 0.00861874 0.00863097 0.00869265 0.0085623 0.00836209 
0.00376622 0.00373544 0.00375728 0 0.00370883 0.00372347 0.00378643 0.00378368 0.00403424 0.00720017 0.00792298 0.0322768 0.256508 0.567161 0.00776475 0.0296929 0.00943109 0.0153869 0.0112373 0.00874262 0.0115085 0.0132583 0.0246468 0.0124303 0.0191795 0.0114093 0.223237 0.0163639 0.0253763 0.00841388 0.00988523 0.00906637 0.0341506 0.00922628 0.02378 0.00948961 0.0194963 0.0142494 0.0191805 0.00944038 0.00843453 0.00832132 0.0146244 0.017355 0.0601495 0.00924473 0.0118644 0.00859436 0.00834627 0.010447 0.0101652 0.0128656 0.00832465 0.00804565 0.00801366 0.00820075 0.00881797 0.00880418 0.0082607 0.00844113 0.00893498 0.0095677 0.00861718 0.00814074 0.00892354 0.0088355 0.00845264 0.00813414 0.00837839 0.00843956 0.00975713 0.00904723 0.00926865 0.00895589 0.00886729 0.00855005 0.00829123 0.00810391 0.00792757 0.00844615 0.00881975 0.00911728 0.00890636 0.00867282 
0.00380236 0.00375084 0.00372473 0.00370883 0 0.00374389 0.00372824 0.00382918 0.00478854 0.00468212 0.0214802 0.705086 0.190247 0.00838517 0.0149673 0.00894488 0.0144606 0.010302 0.0123597 0.00916981 0.0105538 0.0146616 0.0121243 0.0155083 0.0103151 0.0473419 0.0128079 0.049337 0.0112748 0.00984957 0.00888134 0.0178006 0.00901688 0.0216979 0.00900693 0.0131322 0.0111175 0.0154909 0.0106056 0.010441 0.00841232 0.00868961 0.0124492 0.0205532 0.0109756 0.0195856 0.00872894 0.00850195 0.00843794 0.00876771 0.0114276 0.00966385 0.00828781 0.0091973 0.00824548 0.0082616 0.00829259 0.00858383 0.00807858 0.00840284 0.00870842 0.00901161 0.00837878 0.0081974 0.00845561 0.00900032 0.00816671 0.0080363 0.00812982 0.00849842 0.008757 0.00921091 0.00885609 0.00863631 0.00862697 0.00835307 0.00810894 0.00802007 0.00788542 0.00846405 0.00840295 0.00865701 0.00844136 0.00824499 
0.00428911 0.00374899 0.00369914 0.00372347 0.00374389 0 0.00375956 0.00381015 0.00410859 0.0124503 0.775608 0.0748027 0.00773336 0.0105397 0.00721653 0.0101805 0.00827679 0.00989672 0.00939814 0.00832773 0.00954847 0.011045 0.0134757 0.0100063 0.0198687 0.00983083 0.0367775 0.0104142 0.0120132 0.00854282 0.0100367 0.00878107 0.0167237 0.00890165 0.0125359 0.008892 0.0102493 0.0103502 0.0102928 0.0088704 0.00818991 0.0081863 0.0112325 0.010374 0.0187704 0.00876673 0.00955004 0.0084487 0.00817087 0.00924373 0.00888569 0.00917226 0.00814658 0.00808432 0.0079633 0.00808909 0.00835042 0.00838687 0.00819184 0.00818006 0.00861164 0.00885743 0.00827204 0.00807403 0.0085111 0.00839959 0.00819054 0.00804434 0.00810708 0.00838054 0.00891502 0.00872802 0.00881828 0.0087008 0.00845634 0.00842181 0.0081817 0.00801346 0.00791963 0.00817396 0.00845399 0.00869816 0.00837115 0.00827688 
0.00423497 0.00388954 0.00378419 0.00378643 0.00372824 0.00375956 0 0.00391774 0.00515117 0.949007 0.0151215 0.00650053 0.00552149 0.00630208 0.00732997 0.00676739 0.00793843 0.00749163 0.00848365 0.00771207 0.00883351 0.0171472 0.010919 0.0107345 0.0105836 0.0167217 0.00944781 0.0201263 0.00936417 0.00954225 0.0097746 0.0107603 0.00873155 0.0102989 0.00862963 0.00874819 0.00911347 0.00948071 0.0098492 0.00869579 0.00860241 0.00848263 0.0100731 0.0126139 0.00879256 0.00969988 0.00851117 0.00844648 0.00818565 0.00837182 0.00963936 0.00847637 0.00805737 0.00843875 0.00795267 0.0080388 0.00806882 0.00807718 0.00798687 0.00818865 0.0083759 0.00838623 0.00808585 0.00803588 0.0083121 0.0082043 0.00805496 0.00793007 0.0080327 0.00822392 0.00831795 0.00813271 0.00838764 0.00830576 0.00826253 0.00814571 0.00798504 0.00793972 0.00784978 0.00798954 0.00820846 0.00816093 0.00810131 0.00801015 
0.00533309 0.00408568 0.00387639 0.00378368 0.00382918 0.00381015 0.00391774 0 0.987197 0.00526847 0.00413403 0.00488338 0.00506143 0.00529019 0.00570006 0.00586814 0.00648863 0.00721303 0.00702089 0.00662275 0.0119132 0.00904661 0.00827375 0.0107663 0.0215919 0.00944878 0.00930449 0.00894113 0.0139574 0.0113376 0.0151301 0.00873201 0.00881452 0.00845671 0.00854883 0.00856507 0.00850705 0.00866811 0.00876309 0.00882858 0.0108662 0.00977638 0.0148113 0.00908803 0.00880101 0.00835052 0.0092299 0.00967618 0.00865333 0.00817792 0.0081202 0.00821139 0.00823514 0.00884333 0.00840645 0.0082956 0.00799189 0.00797759 0.00847234 0.00861363 0.00814701 0.00807038 0.0081609 0.00817654 0.00812526 0.00799926 0.00796185 0.00793074 0.00845418 0.00803632 0.008094 0.00801241 0.0081066 0.00807942 0.00800176 0.00797265 0.00809916 0.00813491 0.00807391 0.00814467 0.00808874 0.00807728 0.00800197 0.00799119 
0.00562431 0.00463158 0.00579931 0.00403424 0.00478854 0.00410859 0.00515117 0.987197 0 0.00384059 0.00371818 0.00379678 0.00379137 0.00395397 0.00376953 0.00389112 0.00495597 0.00540977 0.00652822 0.0149307 0.00654547 0.00676446 0.00797512 0.0372207 0.0108383 0.0110462 0.00891478 0.0115171 0.0142156 0.0130328 0.00896892 0.00907686 0.00846145 0.00898753 0.00829689 0.00846071 0.00856116 0.00900934 0.00889501 0.0152885 0.00948793 0.010502 0.00995489 0.00861861 0.00838934 0.010189 0.0106337 0.00974449 0.00815383 0.00795007 0.00824617 0.00818363 0.00833359 0.008766 0.00843315 0.0080742 0.00786653 0.00815938 0.00911831 0.00807854 0.00791706 0.00794801 0.00841064 0.00791431 0.0078597 0.00793052 0.00786433 0.00825177 0.00792572 0.00790456 0.00790801 0.00789724 0.0081082 0.00797307 0.00796182 0.00807254 0.00819292 0.00838958 0.00799497 0.00798014 0.00790856 0.00798997 0.0080309 0.00823615 
0.00541344 0.00648213 0.0053941 0.00720017 0.00468212 0.0124503 0.949007 0.00526847 0.00384059 0 0.00376269 0.00370766 0.00531008 0.00377528 0.00371888 0.00396374 0.00404825 0.00517859 0.0082217 0.005008 0.00556823 0.00723062 0.0141422 0.00752174 0.0101798 0.0100355 0.0125497 0.0110304 0.0102885 0.00839061 0.00851024 0.00858445 0.00935753 0.00835111 0.00868682 0.00834101 0.00893364 0.00877092 0.0110851 0.00839387 0.00809704 0.00809497 0.00899987 0.00980633 0.00989733 0.00846126 0.00899014 0.00812356 0.00790372 0.00836952 0.00856172 0.0081494 0.00797821 0.00791252 0.00791539 0.00783277 0.00802157 0.00803277 0.00810047 0.00796326 0.00825237 0.00819369 0.00813398 0.00791895 0.00819095 0.00803763 0.0080157 0.00798885 0.00792494 0.0080795 0.00813412 0.00814606 0.00818932 0.00828376 0.00816292 0.00813385 0.00803775 0.0079016 0.00785751 0.00799552 0.00820617 0.00815789 0.0082115 0.0080438 
0.00655299 0.00574769 0.0115694 0.00792298 0.0214802 0.775608 0.0151215 0.00413403 0.00371818 0.00376269 0 0.00372102 0.00370678 0.00369837 0.00370325 0.00432397 0.00430537 0.0120352 0.00439005 0.00460656 0.00574881 0.00813505 0.0072961 0.0079147 0.00858868 0.0134971 0.0113869 0.0152425 0.00938101 0.00857071 0.00851541 0.00966214 0.00865364 0.0111751 0.0086427 0.00997026 0.00918851 0.015603 0.0093379 0.00904925 0.00805234 0.0081224 0.00942329 0.010991 0.00985097 0.0124659 0.00820872 0.0081579 0.00810534 0.00832535 0.00921791 0.00835954 0.00811629 0.00797543 0.00794813 0.00801823 0.00804696 0.00821749 0.00796991 0.00814564 0.00840751 0.00843241 0.00817543 0.00798715 0.00820052 0.0085384 0.00804784 0.00799833 0.00801868 0.00821833 0.00823723 0.00820218 0.00841752 0.00820612 0.00822806 0.00830098 0.00798563 0.00792049 0.00783867 0.00823114 0.00818759 0.00853378 0.00832612 0.00806656 
0.00681816 0.00919752 0.00680575 0.0322768 0.705086 0.0748027 0.00650053 0.00488338 0.00379678 0.00370766 0.00372102 0 0.00370185 0.00370703 0.00371721 0.00375706 0.00495775 0.00891361 0.00414251 0.00410015 0.00617659 0.0064006 0.00801111 0.00674493 0.0109317 0.0103892 0.0250081 0.011637 0.0114771 0.00823032 0.00896709 0.00892848 0.0133643 0.00942871 0.0130566 0.00910105 0.0140031 0.0110306 0.0137434 0.00913561 0.00812185 0.00824573 0.0108975 0.0137013 0.0247268 0.00895333 0.00907292 0.00835394 0.00821863 0.00924753 0.00919855 0.0102323 0.00828365 0.00808142 0.00797139 0.00803082 0.00833086 0.00842094 0.00818488 0.00841009 0.00858958 0.00869329 0.00847438 0.00798024 0.00847361 0.00869576 0.0082565 0.00803792 0.00800648 0.00829761 0.00853736 0.00897413 0.00870616 0.00867148 0.00863952 0.00850013 0.00814086 0.00798692 0.00788164 0.00816649 0.00868068 0.00866841 0.00837253 0.00828615 
0.01136 0.00816435 0.047793 0.256508 0.190247 0.00773336 0.00552149 0.00506143 0.00379137 0.00531008 0.00370678 0.00370185 0 0.00371759 0.00374582 0.00368805 0.00384075 0.00489775 0.00375313 0.00435927 0.00537628 0.00706367 0.00771593 0.00842198 0.00959355 0.0158894 0.0199967 0.0252264 0.0121996 0.00871123 0.00871686 0.0125381 0.0102178 0.0154007 0.00981763 0.0119724 0.01115 0.0160587 0.0104597 0.0102336 0.00830078 0.00845468 0.0124354 0.0237528 0.017595 0.0134578 0.00896701 0.00863221 0.00839332 0.00936704 0.0131171 0.0109018 0.00853664 0.00808924 0.00800601 0.00821453 0.00822973 0.00896931 0.00812797 0.00870036 0.00875763 0.00945362 0.00846026 0.00805239 0.0087162 0.00876518 0.00828839 0.00802586 0.00808857 0.00840477 0.00923024 0.00891843 0.00896392 0.00867198 0.00874081 0.0083568 0.00808079 0.00796054 0.00784264 0.00845224 0.00855758 0.00864791 0.00852327 0.00815357 
0.00904686 0.0278644 0.105408 0.567161 0.00838517 0.0105397 0.00630208 0.00529019 0.00395397 0.00377528 0.00369837 0.00370703 0.00371759 0 0.00387509 0.00372298 0.00375549 0.00382444 0.00389849 0.00399361 0.00471989 0.00658093 0.00898954 0.00653103 0.0124009 0.0129378 0.0433582 0.0157961 0.0155816 0.00867647 0.00935443 0.00959261 0.0148056 0.00941207 0.0170277 0.00944462 0.0116586 0.0123875 0.0148344 0.009778 0.00847951 0.00837917 0.0139651 0.0144187 0.026366 0.0100999 0.00945172 0.00843963 0.00825114 0.0112145 0.0113812 0.0139629 0.009078 0.00815245 0.00803988 0.00815834 0.00862858 0.00891045 0.00809475 0.00871271 0.00930839 0.00940389 0.00842599 0.00808091 0.00872002 0.00975634 0.00836987 0.00802763 0.00816873 0.00869076 0.00932937 0.00946161 0.00942119 0.00915917 0.00881451 0.00867011 0.00808326 0.00794551 0.00792874 0.0081991 0.00899779 0.00887497 0.00851681 0.00833738 
0.0412787 0.0548633 0.68423 0.00776475 0.0149673 0.00721653 0.00732997 0.00570006 0.00376953 0.00371888 0.00370325 0.00371721 0.00374582 0.00387509 0 0.0037101 0.00377201 0.00374142 0.00374234 0.00375218 0.00406332 0.00618398 0.00699482 0.0112617 0.0128381 0.0257101 0.0155328 0.0245269 0.0130395 0.00904946 0.00899473 0.0119449 0.00933011 0.0197908 0.00922515 0.0101744 0.0104458 0.0131023 0.0121084 0.0122932 0.00852495 0.00882082 0.011896 0.0190576 0.0136401 0.0142124 0.0089643 0.00866873 0.00853339 0.0102093 0.0128809 0.0104977 0.00915344 0.00831389 0.00805948 0.00832083 0.00832944 0.00915407 0.00810743 0.00880471 0.00908709 0.0101239 0.00849538 0.00817022 0.00872369 0.00891089 0.00828745 0.00806499 0.00820317 0.00858584 0.00950743 0.00933137 0.00911482 0.00885803 0.00878206 0.00854216 0.00814691 0.00791525 0.00784743 0.0085409 0.00853437 0.00889681 0.00856295 0.00823102 
0.0653078 0.726947 0.00955543 0.0296929 0.00894488 0.0101805 0.00676739 0.00586814 0.00389112 0.00396374 0.00432397 0.00375706 0.00368805 0.00372298 0.0037101 0 0.0041004 0.00376094 0.0037538 0.00382422 0.00440635 0.0129255 0.00889324 0.115951 0.0145058 0.0113802 0.0357471 0.0133949 0.0148289 0.00832765 0.00932223 0.00917543 0.0204108 0.00906635 0.0125916 0.00943678 0.0115368 0.0119276 0.014605 0.00968069 0.00849844 0.00847635 0.013677 0.015169 0.0311761 0.00924615 0.011487 0.00845894 0.00830626 0.0113915 0.0109141 0.0121805 0.00855149 0.0081592 0.00815177 0.00819004 0.00849426 0.00892004 0.0083472 0.00832528 0.00891914 0.0091204 0.00858314 0.00814521 0.00875166 0.00908174 0.00838686 0.00805909 0.00823606 0.00835439 0.00948851 0.00891867 0.0093816 0.00924235 0.00887886 0.00844846 0.00816662 0.00800105 0.00787685 0.00828276 0.00853158 0.00860218 0.00841359 0.0083285 
0.605204 0.0106415 0.036549 0.00943109 0.0144606 0.00827679 0.00793843 0.00648863 0.00495597 0.00404825 0.00430537 0.00495775 0.00384075 0.00375549 0.00377201 0.0041004 0 0.00373003 0.00376219 0.00378765 0.00437036 0.00769835 0.542384 0.0393788 0.0114169 0.0189795 0.0191446 0.0304448 0.0133784 0.00929569 0.00948704 0.0238881 0.00941745 0.0165304 0.00931779 0.0106474 0.0124502 0.0165569 0.0121314 0.0114826 0.00865048 0.00881158 0.0140678 0.0228279 0.0136061 0.0193712 0.00915437 0.00872991 0.0084299 0.00952544 0.0136679 0.010031 0.00842203 0.00826966 0.00813246 0.00829085 0.00847107 0.00875762 0.00844145 0.00845363 0.00901977 0.00943326 0.00872901 0.00817336 0.00866496 0.0089888 0.00845102 0.00813495 0.00819481 0.00866632 0.00903312 0.00939307 0.00894631 0.00897334 0.00868523 0.00880284 0.00816443 0.00795602 0.00787617 0.00869029 0.00870384 0.00875294 0.00862234 0.00826819 
0.0119959 0.0327467 0.0120664 0.0153869 0.010302 0.00989672 0.00749163 0.00721303 0.00540977 0.00517859 0.0120352 0.00891361 0.00489775 0.00382444 0.00374142 0.00376094 0.00373003 0 0.00371669 0.00377845 0.00401658 0.55199 0.0395349 0.00809023 0.0106176 0.0153319 0.0360023 0.0204633 0.01499 0.00869621 0.0163179 0.0104217 0.0152507 0.0105023 0.0111297 0.00994728 0.012236 0.0154275 0.0155596 0.0107808 0.00863181 0.00882976 0.0154733 0.0203646 0.0393293 0.0110987 0.00979865 0.00888451 0.00835298 0.0116893 0.012441 0.0108554 0.00849462 0.00823023 0.00823881 0.00834568 0.00874548 0.00911786 0.0082498 0.00854519 0.00920558 0.0097701 0.00880067 0.00819137 0.00916997 0.00917184 0.0085831 0.0083056 0.00834749 0.00870321 0.00972477 0.00948507 0.00984723 0.00955589 0.00930919 0.00891816 0.00834137 0.00811847 0.00798751 0.00850078 0.00891469 0.00937749 0.00874981 0.00845926 
0.01741 0.01447 0.0137815 0.0112373 0.0123597 0.00939814 0.00848365 0.00702089 0.00652822 0.0082217 0.00439005 0.00414251 0.00375313 0.00389849 0.00374234 0.0037538 0.00376219 0.00371669 0 0.00379651 0.0177418 0.0775615 0.00944062 0.00481897 0.0122914 0.0181537 0.01493 0.0445059 0.022775 0.0108742 0.012378 0.0145333 0.00965519 0.0102637 0.00948726 0.00928924 0.00978624 0.0116795 0.0187803 0.0139676 0.0108466 0.0110097 0.0148426 0.028216 0.0139924 0.0150346 0.0101651 0.00977452 0.0090765 0.0102281 0.0143089 0.0102475 0.00931202 0.00879741 0.00860919 0.00855682 0.0087562 0.00871533 0.00840732 0.00887824 0.00907138 0.0094208 0.00887061 0.00836102 0.00890607 0.00865892 0.00841214 0.00814006 0.00836515 0.00858604 0.00950385 0.00888065 0.00908366 0.00876027 0.00875877 0.00868002 0.00825522 0.00798458 0.00789006 0.00849921 0.00862738 0.00857721 0.008484 0.0081942 
0.0342549 0.00922693 0.00949643 0.00874262 0.00916981 0.00832773 0.00771207 0.00662275 0.0149307 0.005008 0.00460656 0.00410015 0.00435927 0.00399361 0.00375218 0.00382422 0.00378765 0.00377845 0.00379651 0 0.907168 0.00550553 0.00437853 0.00561816 0.0202528 0.0106529 0.00971509 0.0108965 0.0277561 0.0144136 0.0193071 0.00971851 0.00943334 0.0087353 0.00879651 0.00863671 0.00900667 0.00912234 0.0096869 0.0129171 0.0137773 0.0134049 0.0207874 0.0108317 0.00950465 0.00995847 0.0108828 0.0118213 0.00950234 0.00879215 0.00873436 0.00923072 0.00981491 0.0100131 0.00935367 0.00879864 0.00809305 0.00824318 0.00914187 0.00977047 0.00853726 0.00821281 0.00863732 0.00835659 0.00829994 0.00821862 0.00803633 0.00802305 0.00852652 0.00835181 0.00816342 0.00813275 0.00829281 0.00827758 0.00818443 0.00806257 0.00844505 0.00817056 0.00809261 0.00826423 0.00820485 0.00815613 0.0080967 0.00811106 
0.0152297 0.0125783 0.0107785 0.0115085 0.0105538 0.00954847 0.00883351 0.0119132 0.00654547 0.00556823 0.00574881 0.00617659 0.00537628 0.00471989 0.00406332 0.00440635 0.00437036 0.00401658 0.0177418 0.907168 0 0.00374633 0.00375255 0.00411812 0.0147153 0.0109307 0.0131907 0.014848 0.045506 0.0131543 0.0134034 0.0100256 0.010704 0.00955841 0.00911639 0.00906204 0.00988796 0.0110677 0.0152813 0.0155909 0.0108089 0.0131082 0.0247696 0.0122412 0.0115682 0.0109005 0.0170085 0.0107297 0.00908874 0.00886038 0.00941404 0.010322 0.00986165 0.0104042 0.00901466 0.00908344 0.00856526 0.00980947 0.0102549 0.00874455 0.00834627 0.00875231 0.0094438 0.00802132 0.00829266 0.00830266 0.00819186 0.008392 0.00806883 0.00813215 0.00836498 0.00830572 0.00843485 0.00838058 0.00833317 0.00835129 0.00842227 0.0082214 0.00801269 0.00827479 0.00820954 0.00823315 0.00842352 0.00846118 
0.0132457 0.0228077 0.0234911 0.0132583 0.0146616 0.011045 0.0171472 0.00904661 0.00676446 0.00723062 0.00813505 0.0064006 0.00706367 0.00658093 0.00618398 0.0129255 0.00769835 0.55199 0.0775615 0.00550553 0.00374633 0 0.00375108 0.00373884 0.0132077 0.0297564 0.0313775 0.0919296 0.0164318 0.00906496 0.00937681 0.0198643 0.0115406 0.0136173 0.0097384 0.00963938 0.0106056 0.0166902 0.0274019 0.0106818 0.00904143 0.00953233 0.0175007 0.0327352 0.0340908 0.0161234 0.0100625 0.00915775 0.00849407 0.0115618 0.0159715 0.00934648 0.00863542 0.00842801 0.00813208 0.00864568 0.00913345 0.00871756 0.00849337 0.00857293 0.00882611 0.00961572 0.00881602 0.00810031 0.00899114 0.00869192 0.00845424 0.00813516 0.0081868 0.0085478 0.00910999 0.00877792 0.008902 0.00872026 0.0088261 0.00882269 0.00826704 0.00793402 0.00789786 0.00832001 0.00857108 0.00874447 0.00861784 0.00820916 
0.0120934 0.0305123 0.0141116 0.0246468 0.0121243 0.0134757 0.010919 0.00827375 0.00797512 0.0141422 0.0072961 0.00801111 0.00771593 0.00898954 0.00699482 0.00889324 0.542384 0.0395349 0.00944062 0.00437853 0.00375255 0.00375108 0 0.00374163 0.0170857 0.0221929 0.0418064 0.0546179 0.0187304 0.0087324 0.0110302 0.0110276 0.0125375 0.0094624 0.011366 0.00910217 0.0115485 0.0135197 0.0313194 0.0136839 0.0101477 0.0102429 0.0162288 0.0528922 0.0352586 0.0155279 0.0115699 0.0100005 0.00877484 0.013108 0.0196362 0.0156049 0.009646 0.00854207 0.00846524 0.00856411 0.00947308 0.00890765 0.00879207 0.00891424 0.00969075 0.0128833 0.00936503 0.00816541 0.00907057 0.00914186 0.00881341 0.00818609 0.00824084 0.00860316 0.00994279 0.00934388 0.00929228 0.00929124 0.00971467 0.00899141 0.0083703 0.0079973 0.00786737 0.00836826 0.00868854 0.00930375 0.00881372 0.00841365 
0.056019 0.0110231 0.016256 0.0124303 0.0155083 0.0100063 0.0107345 0.0107663 0.0372207 0.00752174 0.0079147 0.00674493 0.00842198 0.00653103 0.0112617 0.115951 0.0393788 0.00809023 0.00481897 0.00561816 0.00411812 0.00373884 0.00374163 0 0.0162223 0.0255352 0.0116696 0.0198676 0.0502309 0.0244911 0.0271412 0.0124653 0.00967922 0.0108374 0.00931138 0.0109609 0.0103567 0.011877 0.0131291 0.0408132 0.0263063 0.024916 0.0718954 0.0187737 0.0126081 0.0173839 0.0145039 0.0224486 0.0146267 0.0116399 0.0136705 0.0155817 0.0170018 0.0173594 0.0145535 0.0125108 0.00849125 0.00990858 0.0136579 0.0135272 0.00980595 0.0096662 0.01072 0.0096732 0.00905673 0.0103551 0.0084211 0.00895318 0.0098109 0.00854205 0.00852629 0.0091188 0.00903155 0.009208 0.00858482 0.00869828 0.00913351 0.00961183 0.00903147 0.0126823 0.00872307 0.00883621 0.00858844 0.00866822 
0.013621 0.0261465 0.0109557 0.0191795 0.0103151 0.0198687 0.0105836 0.0215919 0.0108383 0.0101798 0.00858868 0.0109317 0.00959355 0.0124009 0.0128381 0.0145058 0.0114169 0.0106176 0.0122914 0.0202528 0.0147153 0.0132077 0.0170857 0.0162223 0 0.00384587 0.00387795 0.00381263 0.00451149 0.00608949 0.0275923 0.00895243 0.016043 0.00901013 0.101177 0.0122027 0.0109097 0.0116863 0.0146643 0.0217578 0.0149017 0.0169986 0.0518802 0.0127216 0.0204271 0.010358 0.0795049 0.0170813 0.00945358 0.0106835 0.00923212 0.0139042 0.0107092 0.0105919 0.00941249 0.00863722 0.00917232 0.0096987 0.0141028 0.0106158 0.00844038 0.00881714 0.00959858 0.00826587 0.00847966 0.00818631 0.00875177 0.00836628 0.00925531 0.00815158 0.0087745 0.00833613 0.00876682 0.00879721 0.00853982 0.00836007 0.00931581 0.00840813 0.00837322 0.00862481 0.00842278 0.00843421 0.0087253 0.00881461 
0.0177464 0.0150184 0.0722241 0.0114093 0.0473419 0.00983083 0.0167217 0.00944878 0.0110462 0.0100355 0.0134971 0.0103892 0.0158894 0.0129378 0.0257101 0.0113802 0.0189795 0.0153319 0.0181537 0.0106529 0.0109307 0.0297564 0.0221929 0.0255352 0.00384587 0 0.00372497 0.00382464 0.00385808 0.00569301 0.00946116 0.0615434 0.00879252 0.323941 0.00914933 0.0109603 0.0142471 0.0150463 0.0228647 0.0123256 0.0100653 0.0121279 0.0228143 0.074751 0.0117073 0.0811004 0.00978073 0.010295 0.0094918 0.011037 0.0232314 0.00927509 0.00912331 0.00987994 0.00870357 0.0089616 0.00862901 0.00888497 0.00882399 0.00864801 0.00938077 0.0104351 0.00904234 0.00815213 0.00872296 0.00912756 0.00848038 0.00823591 0.00820187 0.00933079 0.00855546 0.00960143 0.00917134 0.00899944 0.00868544 0.00945304 0.00827424 0.00798075 0.00786854 0.00845398 0.0086251 0.00893729 0.00894284 0.00845213 
0.0126902 0.0871555 0.0172585 0.223237 0.0128079 0.0367775 0.00944781 0.00930449 0.00891478 0.0125497 0.0113869 0.0250081 0.0199967 0.0433582 0.0155328 0.0357471 0.0191446 0.0360023 0.01493 0.00971509 0.0131907 0.0313775 0.0418064 0.0116696 0.00387795 0.00372497 0 0.00373976 0.00373507 0.00386729 0.0267616 0.00966537 0.476518 0.0148132 0.0206974 0.00947379 0.0173458 0.0519512 0.0176981 0.0106204 0.00930349 0.00946089 0.025587 0.0231672 0.21359 0.00983887 0.0150888 0.010262 0.00889304 0.0272212 0.0133101 0.0261227 0.0089209 0.00902726 0.00831395 0.00883462 0.0108222 0.0102421 0.00886643 0.00925078 0.0121661 0.0130468 0.00934541 0.0083233 0.00970884 0.00952461 0.0094402 0.00815892 0.00871204 0.00863903 0.0134845 0.0101751 0.0114914 0.0101537 0.0104987 0.0092147 0.00851519 0.00802896 0.00791715 0.00895737 0.0091442 0.00991404 0.0100401 0.00855222 
0.0206057 0.0155489 0.106792 0.0163639 0.049337 0.0104142 0.0201263 0.00894113 0.0115171 0.0110304 0.0152425 0.011637 0.0252264 0.0157961 0.0245269 0.0133949 0.0304448 0.0204633 0.0445059 0.0108965 0.014848 0.0919296 0.0546179 0.0198676 0.00381263 0.00382464 0.00373976 0 0.0037664 0.0087531 0.0230746 0.445899 0.00933081 0.0242283 0.00893124 0.0107928 0.0166459 0.0173346 0.0473283 0.0191206 0.0113412 0.011859 0.0195112 0.0979921 0.0127885 0.0723337 0.00991306 0.0114807 0.0112549 0.012407 0.0482037 0.012281 0.0108229 0.0102354 0.00882656 0.0095266 0.00965945 0.00974389 0.00872737 0.00988665 0.0119263 0.0148571 0.00936481 0.00847655 0.00955761 0.0114342 0.00852772 0.00816432 0.00869893 0.0102046 0.00995678 0.0106132 0.0100197 0.00992296 0.0095007 0.00947591 0.00820172 0.00798054 0.00789066 0.00936872 0.00950333 0.00942568 0.00923273 0.00828839 
0.0165252 0.0199051 0.0176333 0.0253763 0.0112748 0.0120132 0.00936417 0.0139574 0.0142156 0.0102885 0.00938101 0.0114771 0.0121996 0.0155816 0.0130395 0.0148289 0.0133784 0.01499 0.022775 0.0277561 0.045506 0.0164318 0.0187304 0.0502309 0.00451149 0.00385808 0.00373507 0.0037664 0 0.0175967 0.315984 0.0102001 0.0158209 0.00904124 0.0128452 0.00992595 0.00998983 0.010273 0.0207778 0.0491655 0.0175526 0.0176978 0.0487761 0.0130776 0.0203528 0.0116172 0.037021 0.0182081 0.0106537 0.0113319 0.0112822 0.0190761 0.0149421 0.0118282 0.0118961 0.00961847 0.00906824 0.00944839 0.0121803 0.010914 0.00934327 0.0101736 0.0119046 0.00891166 0.00894714 0.00895392 0.00865966 0.00842573 0.00998559 0.00848236 0.0107631 0.00862036 0.00947445 0.00921208 0.00925672 0.00861214 0.00975748 0.00823395 0.00815315 0.0094042 0.0086017 0.00888749 0.00847885 0.00854589 
0.016505 0.00862916 0.00991884 0.00841388 0.00984957 0.00854282 0.00954225 0.0113376 0.0130328 0.00839061 0.00857071 0.00823032 0.00871123 0.00867647 0.00904946 0.00832765 0.00929569 0.00869621 0.0108742 0.0144136 0.0131543 0.00906496 0.0087324 0.0244911 0.00608949 0.00569301 0.00386729 0.0087531 0.0175967 0 0.0344858 0.0151594 0.00610956 0.00702201 0.00615977 0.00647441 0.00702661 0.0078147 0.00843497 0.0203592 0.0623342 0.0764438 0.017801 0.0105806 0.00852988 0.0156536 0.0123844 0.0316033 0.010956 0.00870656 0.00947288 0.00888612 0.0137059 0.0306223 0.0134637 0.0109381 0.00799823 0.00877694 0.0125591 0.00944046 0.0080491 0.00806405 0.00900021 0.00890212 0.00796834 0.00801153 0.00791293 0.00879414 0.00858412 0.00801941 0.00791797 0.00796033 0.00801467 0.00795513 0.00795214 0.00814499 0.00838736 0.01022 0.00882646 0.00833238 0.00797413 0.00804694 0.00844561 0.00908488 
0.00914431 0.00986771 0.00905899 0.00988523 0.00888134 0.0100367 0.0097746 0.0151301 0.00896892 0.00851024 0.00851541 0.00896709 0.00871686 0.00935443 0.00899473 0.00932223 0.00948704 0.0163179 0.012378 0.0193071 0.0134034 0.00937681 0.0110302 0.0271412 0.0275923 0.00946116 0.0267616 0.0230746 0.315984 0.0344858 0 0.00389571 0.00385771 0.00378112 0.00386572 0.00413263 0.00398686 0.00478174 0.00584429 0.0142955 0.00933835 0.0129746 0.0213063 0.00994929 0.0118782 0.0125114 0.0370301 0.0143424 0.00901632 0.00967969 0.00941484 0.0111464 0.0103435 0.0107377 0.00984229 0.00837956 0.00851304 0.00912294 0.01333 0.00837073 0.00816051 0.00862067 0.0103288 0.00808409 0.00813724 0.00818031 0.00829207 0.00841802 0.00820688 0.00794463 0.00819042 0.00807766 0.00826898 0.0082152 0.00814016 0.00833952 0.0084939 0.00837545 0.00813175 0.00829066 0.00802558 0.00814301 0.00842705 0.00860783 
0.00961946 0.0093743 0.0208236 0.00906637 0.0178006 0.00878107 0.0107603 0.00873201 0.00907686 0.00858445 0.00966214 0.00892848 0.0125381 0.00959261 0.0119449 0.00917543 0.0238881 0.0104217 0.0145333 0.00971851 0.0100256 0.0198643 0.0110276 0.0124653 0.00895243 0.0615434 0.00966537 0.445899 0.0102001 0.0151594 0.00389571 0 0.00381374 0.00371404 0.00372821 0.00375207 0.00393087 0.00456602 0.00780281 0.00502971 0.00618641 0.00874237 0.0113255 0.0266172 0.00963498 0.0374424 0.00912791 0.00945015 0.00931594 0.00943561 0.0187531 0.00875533 0.00870398 0.0088228 0.00868317 0.0088198 0.00826053 0.00869911 0.00865275 0.00838137 0.00855763 0.00947662 0.00848918 0.00806297 0.00826263 0.00892032 0.00821444 0.00820783 0.00804719 0.00890886 0.00830945 0.00851638 0.00860361 0.00850728 0.00846146 0.00890013 0.00809905 0.00797079 0.00790847 0.00815448 0.00829372 0.00862974 0.00855916 0.00817582 
0.00878665 0.017927 0.00896438 0.0341506 0.00901688 0.0167237 0.00873155 0.00881452 0.00846145 0.00935753 0.00865364 0.0133643 0.0102178 0.0148056 0.00933011 0.0204108 0.00941745 0.0152507 0.00965519 0.00943334 0.010704 0.0115406 0.0125375 0.00967922 0.016043 0.00879252 0.476518 0.00933081 0.0158209 0.00610956 0.00385771 0.00381374 0 0.00374282 0.00370221 0.00375218 0.00385551 0.00432392 0.00409612 0.00405989 0.00547852 0.00738052 0.0104546 0.0103423 0.0396988 0.00918194 0.0178597 0.00912391 0.00866518 0.0160817 0.00892103 0.0117154 0.00847831 0.00834844 0.00817055 0.00828703 0.00889861 0.00852811 0.00879983 0.00844996 0.00870515 0.008588 0.00848301 0.00800642 0.00875555 0.00845278 0.00851779 0.00798903 0.00828604 0.00805413 0.0098798 0.00856497 0.00935154 0.00888928 0.00884712 0.00830079 0.00825804 0.00786055 0.00784933 0.00811892 0.00855024 0.00880593 0.00842227 0.00806886 
0.00930723 0.00883285 0.0313784 0.00922628 0.0216979 0.00890165 0.0102989 0.00845671 0.00898753 0.00835111 0.0111751 0.00942871 0.0154007 0.00941207 0.0197908 0.00906635 0.0165304 0.0105023 0.0102637 0.0087353 0.00955841 0.0136173 0.0094624 0.0108374 0.00901013 0.323941 0.0148132 0.0242283 0.00904124 0.00702201 0.00378112 0.00371404 0.00374282 0 0.00373125 0.00374153 0.00413342 0.00402421 0.00378733 0.00393201 0.00521656 0.00682463 0.0094315 0.0199166 0.00875391 0.0198339 0.00881712 0.00872393 0.00893415 0.00901777 0.0147074 0.00905394 0.00852748 0.00893897 0.00823803 0.00850005 0.00812485 0.00865393 0.00824618 0.00825647 0.00855105 0.00890229 0.00836392 0.00804926 0.00830116 0.00945318 0.00819747 0.00817166 0.00808176 0.00853533 0.00845516 0.0094514 0.00874245 0.0092781 0.00850352 0.00853921 0.00811148 0.00789548 0.00784393 0.00825817 0.00828463 0.00858041 0.00835129 0.00818602 
0.00848581 0.0118525 0.00913577 0.02378 0.00900693 0.0125359 0.00862963 0.00854883 0.00829689 0.00868682 0.0086427 0.0130566 0.00981763 0.0170277 0.00922515 0.0125916 0.00931779 0.0111297 0.00948726 0.00879651 0.00911639 0.0097384 0.011366 0.00931138 0.101177 0.00914933 0.0206974 0.00893124 0.0128452 0.00615977 0.00386572 0.00372821 0.00370221 0.00373125 0 0.00387245 0.00374368 0.00376336 0.00377332 0.00378311 0.00493375 0.00630311 0.00941619 0.00962936 0.0147446 0.0109197 0.0283687 0.00887855 0.00843124 0.0100998 0.00892983 0.00970936 0.00831452 0.0082861 0.00814429 0.00812764 0.00825561 0.008381 0.00839786 0.0082314 0.00851498 0.00859379 0.0083168 0.00805499 0.00864809 0.00850053 0.00838204 0.00796478 0.00825444 0.00813242 0.00932035 0.00846092 0.00910381 0.00865043 0.00875584 0.00829963 0.00817295 0.00787042 0.00784424 0.00808416 0.00834757 0.00847358 0.00835046 0.00802068 
0.00840831 0.00899323 0.0135444 0.00948961 0.0131322 0.008892 0.00874819 0.00856507 0.00846071 0.00834101 0.00997026 0.00910105 0.0119724 0.00944462 0.0101744 0.00943678 0.0106474 0.00994728 0.00928924 0.00863671 0.00906204 0.00963938 0.00910217 0.0109609 0.0122027 0.0109603 0.00947379 0.0107928 0.00992595 0.00647441 0.00413263 0.00375207 0.00375218 0.00374153 0.00387245 0 0.00392816 0.00379647 0.00377233 0.00383635 0.00442943 0.00633197 0.00911626 0.00933775 0.0103627 0.015917 0.0236983 0.0086378 0.00859529 0.00899837 0.00974258 0.00873328 0.00830514 0.00828957 0.0081472 0.00826904 0.00811746 0.00834127 0.00820988 0.00820237 0.00853597 0.00881393 0.00828351 0.00802953 0.00830303 0.00867095 0.00816688 0.00809985 0.00803245 0.00825262 0.0084267 0.00884164 0.00879748 0.0086843 0.00851205 0.00833285 0.00808006 0.00793606 0.00787474 0.00813262 0.00829395 0.00837957 0.0082255 0.00805872 
0.00873179 0.0117561 0.0132108 0.0194963 0.0111175 0.0102493 0.00911347 0.00850705 0.00856116 0.00893364 0.00918851 0.0140031 0.01115 0.0116586 0.0104458 0.0115368 0.0124502 0.012236 0.00978624 0.00900667 0.00988796 0.0106056 0.0115485 0.0103567 0.0109097 0.0142471 0.0173458 0.0166459 0.00998983 0.00702661 0.00398686 0.00393087 0.00385551 0.00413342 0.00374368 0.00392816 0 0.00371993 0.00373036 0.00373782 0.00411738 0.00614467 0.00936905 0.0131133 0.0126016 0.240919 0.0101083 0.00900208 0.00867667 0.0102101 0.0106386 0.0105333 0.00840279 0.00845884 0.00812865 0.00834105 0.00842389 0.00853124 0.00829582 0.00851879 0.00901692 0.0090367 0.0085733 0.00806481 0.00861886 0.0093205 0.00849826 0.00816895 0.00809339 0.0083921 0.00935308 0.00918051 0.00971672 0.00911012 0.00896255 0.00866295 0.00824059 0.00790853 0.00786724 0.00823294 0.00865689 0.008783 0.00855118 0.00818867 
0.0093899 0.0115287 0.0329885 0.0142494 0.0154909 0.0103502 0.00948071 0.00866811 0.00900934 0.00877092 0.015603 0.0110306 0.0160587 0.0123875 0.0131023 0.0119276 0.0165569 0.0154275 0.0116795 0.00912234 0.0110677 0.0166902 0.0135197 0.011877 0.0116863 0.0150463 0.0519512 0.0173346 0.010273 0.0078147 0.00478174 0.00456602 0.00432392 0.00402421 0.00376336 0.00379647 0.00371993 0 0.00373197 0.00374434 0.00421257 0.00653838 0.0140996 0.01234 0.329722 0.0178534 0.00989869 0.00902582 0.00932364 0.0117539 0.0162992 0.010525 0.00877706 0.0088462 0.00855572 0.00886178 0.00844936 0.0096292 0.00845633 0.0088416 0.00990829 0.00957091 0.00856684 0.00813892 0.00885325 0.0104361 0.00836357 0.00820817 0.00823913 0.00874806 0.00988383 0.0100988 0.0097307 0.0098964 0.00921003 0.00879922 0.00819413 0.00795822 0.0078716 0.00850947 0.00867375 0.00900707 0.00854534 0.00819268 
0.00917101 0.021571 0.012783 0.0191805 0.0106056 0.0102928 0.0098492 0.00876309 0.00889501 0.0110851 0.0093379 0.0137434 0.0104597 0.0148344 0.0121084 0.014605 0.0121314 0.0155596 0.0187803 0.0096869 0.0152813 0.0274019 0.0313194 0.0131291 0.0146643 0.0228647 0.0176981 0.0473283 0.0207778 0.00843497 0.00584429 0.00780281 0.00409612 0.00378733 0.00377332 0.00377233 0.00373036 0.00373197 0 0.00371006 0.00463695 0.00824922 0.0110057 0.393557 0.0214765 0.0151451 0.0130701 0.0102763 0.00914974 0.0202631 0.0176247 0.0129399 0.0100176 0.00937468 0.00900397 0.00947795 0.0128575 0.00890847 0.00924155 0.00894003 0.0105273 0.0123481 0.00948658 0.00826119 0.0103096 0.00892305 0.00898598 0.00823099 0.00841978 0.00860044 0.0107688 0.00942488 0.0100793 0.00917167 0.00933081 0.00855276 0.00851638 0.00798603 0.0078769 0.0083501 0.00876423 0.00873413 0.00855358 0.00823727 
0.0122876 0.00922632 0.0117636 0.00944038 0.010441 0.0088704 0.00869579 0.00882858 0.0152885 0.00839387 0.00904925 0.00913561 0.0102336 0.009778 0.0122932 0.00968069 0.0114826 0.0107808 0.0139676 0.0129171 0.0155909 0.0106818 0.0136839 0.0408132 0.0217578 0.0123256 0.0106204 0.0191206 0.0491655 0.0203592 0.0142955 0.00502971 0.00405989 0.00393201 0.00378311 0.00383635 0.00373782 0.00374434 0.00371006 0 0.0164045 0.0135963 0.373939 0.0121399 0.0128826 0.0228501 0.0128366 0.0162531 0.0141737 0.0095089 0.0145963 0.0119657 0.0151761 0.0146865 0.0127925 0.0147649 0.00849752 0.00941016 0.01079 0.0103522 0.0090961 0.00929812 0.0106777 0.00894755 0.00843522 0.00903834 0.00812458 0.00831823 0.00892401 0.00843468 0.00819952 0.00850362 0.00851093 0.00851765 0.00836092 0.00859734 0.00832482 0.00849241 0.00812563 0.00925252 0.00829879 0.00843599 0.00832216 0.00836648 
0.0101248 0.00865043 0.00840397 0.00843453 0.00841232 0.00818991 0.00860241 0.0108662 0.00948793 0.00809704 0.00805234 0.00812185 0.00830078 0.00847951 0.00852495 0.00849844 0.00865048 0.00863181 0.0108466 0.0137773 0.0108089 0.00904143 0.0101477 0.0263063 0.0149017 0.0100653 0.00930349 0.0113412 0.0175526 0.0623342 0.00933835 0.00618641 0.00547852 0.00521656 0.00493375 0.00442943 0.00411738 0.00421257 0.00463695 0.0164045 0 0.905136 0.00962845 0.00978958 0.00730566 0.00803038 0.0116959 0.0503212 0.0100183 0.0090987 0.0103479 0.0100152 0.0184593 0.0168651 0.0192721 0.00918832 0.00855502 0.00891633 0.016969 0.00939247 0.00812876 0.00836759 0.0105018 0.00898487 0.00808907 0.00797229 0.00802128 0.0085907 0.00882341 0.00796481 0.00797916 0.0079872 0.0080613 0.0079526 0.00801594 0.00814288 0.0087874 0.00970312 0.00937399 0.00835658 0.00806563 0.00796301 0.00815802 0.0091111 
0.0112734 0.00861488 0.00861225 0.00832132 0.00868961 0.0081863 0.00848263 0.00977638 0.010502 0.00809497 0.0081224 0.00824573 0.00845468 0.00837917 0.00882082 0.00847635 0.00881158 0.00882976 0.0110097 0.0134049 0.0131082 0.00953233 0.0102429 0.024916 0.0169986 0.0121279 0.00946089 0.011859 0.0176978 0.0764438 0.0129746 0.00874237 0.00738052 0.00682463 0.00630311 0.00633197 0.00614467 0.00653838 0.00824922 0.0135963 0.905136 0 0.0159503 0.00614148 0.00425543 0.00694301 0.00931606 0.0522588 0.0127082 0.0103058 0.0104418 0.0102914 0.0270781 0.0218604 0.0222738 0.0112988 0.00885394 0.00938665 0.0257276 0.0105153 0.00854932 0.00874962 0.0104073 0.00921054 0.00821846 0.00819676 0.00806141 0.00854598 0.00979896 0.00816355 0.00800185 0.00814861 0.00820503 0.00805416 0.00801869 0.00825197 0.00905828 0.0102606 0.00887429 0.00883634 0.00808557 0.00805791 0.00826886 0.00885671 
0.0150672 0.0152415 0.0166414 0.0146244 0.0124492 0.0112325 0.0100731 0.0148113 0.00995489 0.00899987 0.00942329 0.0108975 0.0124354 0.0139651 0.011896 0.013677 0.0140678 0.0154733 0.0148426 0.0207874 0.0247696 0.0175007 0.0162288 0.0718954 0.0518802 0.0228143 0.025587 0.0195112 0.0487761 0.017801 0.0213063 0.0113255 0.0104546 0.0094315 0.00941619 0.00911626 0.00936905 0.0140996 0.0110057 0.373939 0.00962845 0.0159503 0 0.00394318 0.00380444 0.00397071 0.00468613 0.0365038 0.0403516 0.0193245 0.0167606 0.036112 0.0190744 0.0270248 0.0171598 0.0172914 0.0120746 0.0271437 0.0209743 0.0205745 0.0146277 0.0141265 0.0209573 0.0110647 0.0115245 0.010151 0.00993507 0.0111374 0.0108323 0.00962491 0.0119046 0.0108316 0.0146884 0.0115117 0.0106059 0.0103248 0.0108835 0.00932419 0.0089424 0.0108299 0.0099095 0.0104467 0.0117639 0.011843 
