1QCIA
VNTIIYNVGSTTISKYATFLNDLRNEAKDPSLKCYGIPMLPNTNTNPKYVLVELQGSNKKTITLMLRRNNLYVMGYSDPFETNKCRYHIFNDISGTERQDVETTLCPNANSRVSKNINFDSRYPTLESKAGVKSRSQVQLGIQILDSNIGKISGVMSFTEKTEAEFLLVAIQMVSEAARFKYIENQVKTNFNRAFNPNPKVLNLQETWGKISTAIHDAKNGVLPKPLELVDASGAKWIVLRVDEIKPDVALLNYVGGSCQTT
CCEEEEECCCCCHHHHHHHHHHHHHHHCCCCCEECCEEECCCCCCCCCEEEEEEECCCCCEEEEEEECCCCCEEEEEEEECCCEEEEEEECCCCCHHHHHHHHHHCCCCCCEEECCECCCCCHHHHHHHHCCCCHHHCCECHHHHHHHHHHHCCCCCCCHHHHHHHHHHHHHHHHHHHHCHHHHHHHHHCCCCCECCCHHHHHHHHHHHHHHHHHHHCECCEEEEEEEEECCCCCEEEEEEHHHHHHHCCCECCCCCCCCCC
0 0 0 0 0 0 0 0 0 0 0 0 0 0 0 0 0 0 0 0 0 0 0 0 0 0 0 0 0 0 0 0 0 0 0 0 0 0 0 0 0 0 0 0 0 0 0 0 0 0 0 0 0 0 0 0 0 0 0 0 0 0 0 0 0 0 0 0 0 0 0 0 0 0 0 0 0 0 0 0 0 0 0 0 0 0 0 0 0 0 0 0 0 0 0 0 0 0 0 0 0 0 0 0 0 0 0 0 0 0 0 0 0 0 0 0 0 0 0 0 0 0 0 0 0 0 0 0 0 0 0 0 0 0 0 0 0 0 0 0 0 0 0 0 0 0 0 0 0 0 0 0 0 0 0 0 0 0 0 0 0 0 0 0 0 0 0 0 0 0 0 0 0 0 0 0 0 0 0 0 0 0 0 0 0 0 0 0 0 0 0 0 0 0 0 0 0 0 0 0 0 0 0 0 0 0 0 0 0 0 0 0 0 0 0 0 0 0 0 0 0 0 0 0 0 0 0 0 0 0 0 0 0 0 0 0 0 0 0 0 0 0 0 0 0 0 0 0 0 0 0 0 0 0 0 0 0 0 0 0 0 0 
0 0 0 0 0 0 0 0 0 0 0 0 0 0 0 0 0 0 0 0 0 0 0 0 0 0 0 0 0 0 0 0 0 0 0 0 0 0 0 0 0 0 0 0 0 0 0 0 0 0 0 0 0 0 0 0 0 0 0 0 0 0 0 0 0 0 0 0 0 0 0 0 0 0 0 0 0 0 0 0 0 0 0 0 0 0 0 0 0 0 0 0 0 0 0 0 0 0 0 0 0 0 0 0 0 0 0 0 0 0 0 0 0 0 0 0 0 0 0 0 0 0 0 0 0 0 0 0 0 0 0 0 0 0 0 0 0 0 0 0 0 0 0 0 0 0 0 0 0 0 0 0 0 0 0 0 0 0 0 0 0 0 0 0 0 0 0 0 0 0 0 0 0 0 0 0 0 0 0 0 0 0 0 0 0 0 0 0 0 0 0 0 0 0 0 0 0 0 0 0 0 0 0 0 0 0 0 0 0 0 0 0 0 0 0 0 0 0 0 0 0 0 0 0 0 0 0 0 0 0 0 0 0 0 0 0 0 0 0 0 0 0 0 0 0 0 0 0 0 0 0 0 0 0 0 0 0 0 0 0 0 0 
0 0.00385431 0.00396509 0.00377269 0.0105482 0.0469236 0.0141856 0.0124876 0.0125909 0.016729 0.0300171 0.0134628 0.0169313 0.00953553 0.0181506 0.00888574 0.0428771 0.0273226 0.0103483 0.0161132 0.00971683 0.0138209 0.0093411 0.0159937 0.0109757 0.00942703 0.00906947 0.00870865 0.00908175 0.00833449 0.00981148 0.0109179 0.0116091 0.00836662 0.00906273 0.00852287 0.00990307 0.00917486 0.0122444 0.00894342 0.00841015 0.0105862 0.00939008 0.00911025 0.0089336 0.00836932 0.00875438 0.0081339 0.00812059 0.00811547 0.00814357 0.00815733 0.00863422 0.00835781 0.00882687 0.00858998 0.00824747 0.00854824 0.00824797 0.00821513 0.00878259 0.00928596 
0.00385431 0 0.0037328 0.00508409 0.00376455 0.0120899 0.0171276 0.0155705 0.0144154 0.0113673 0.0162579 0.0492782 0.0112794 0.0992203 0.00887268 0.0638558 0.0088455 0.0106271 0.0517825 0.00964657 0.0643654 0.0113306 0.0251511 0.00938716 0.0157456 0.0137643 0.0124875 0.012895 0.00916896 0.0123924 0.00892818 0.0122519 0.00817035 0.0143005 0.00886623 0.0221752 0.0112737 0.0119345 0.00993644 0.00824754 0.00862416 0.00852355 0.0108827 0.00893511 0.00849327 0.00797016 0.00806222 0.00848536 0.00812825 0.00822268 0.00809333 0.00872373 0.0082125 0.00846943 0.00829635 0.0081314 0.00884527 0.00830556 0.00859731 0.00825318 0.00836277 0.00839452 
0.00396509 0.0037328 0 0.00370063 0.00389437 0.0145504 0.00950987 0.0105792 0.0124925 0.0113385 0.0103178 0.0156606 0.0860299 0.00932261 0.207189 0.00860793 0.0132665 0.0115477 0.0090557 0.112968 0.0110878 0.0741349 0.00966174 0.00991352 0.00903632 0.0121198 0.021112 0.0112915 0.0156595 0.00869032 0.013196 0.0082736 0.0100895 0.00833125 0.0255824 0.0114389 0.0245265 0.00994977 0.00836834 0.00832726 0.00816849 0.00847775 0.00793663 0.00798901 0.0079219 0.00792283 0.00843674 0.00819665 0.00805011 0.00806688 0.00818013 0.00821034 0.00863104 0.0082255 0.00810727 0.00841012 0.00831738 0.00840521 0.00831626 0.00812545 0.00836813 0.00825715 
0.00377269 0.00508409 0.00370063 0 0.00371513 0.0119256 0.0187432 0.0121183 0.01834 0.0152914 0.0128919 0.030437 0.0107341 0.0598474 0.00876088 0.0613407 0.00847981 0.00955156 0.0450018 0.00946086 0.0443485 0.0108301 0.0422977 0.00912771 0.0118458 0.0133501 0.0127518 0.0140126 0.00924673 0.0109867 0.0085197 0.0106768 0.00822059 0.0171374 0.00871432 0.0169016 0.0110048 0.0120717 0.00916942 0.00834165 0.00842626 0.0080884 0.0097159 0.00901189 0.00820794 0.00797079 0.00802424 0.00838872 0.00804277 0.00810911 0.00799262 0.00848386 0.00820717 0.00825549 0.00811263 0.00807461 0.00868695 0.00819457 0.00836913 0.00822215 0.00803185 0.00830669 
0.0105482 0.00376455 0.00389437 0.00371513 0 0.0208153 0.0197848 0.0123834 0.0104995 0.0987294 0.0251002 0.0109478 0.0206594 0.00910023 0.0168906 0.00869226 0.027558 0.0323946 0.00962184 0.0150307 0.00931158 0.0135391 0.0093259 0.0203055 0.0125243 0.00938908 0.010407 0.00902209 0.00949525 0.00842272 0.00961601 0.00880879 0.0168205 0.00853115 0.00987272 0.00873416 0.0093834 0.00892513 0.00896854 0.0100332 0.00818212 0.00868816 0.00857125 0.00869996 0.00829809 0.00842283 0.00930045 0.00809345 0.00806576 0.00796888 0.00801808 0.00810816 0.00831079 0.00817198 0.00808003 0.00897929 0.00825539 0.00835395 0.00816596 0.0080175 0.00842421 0.00898769 
0.0469236 0.0120899 0.0145504 0.0119256 0.0208153 0 0.00579716 0.00390929 0.881447 0.00689311 0.0139464 0.0129481 0.00965268 0.0083554 0.0114095 0.00852808 0.0237856 0.0135277 0.00999766 0.0102957 0.00918966 0.00968335 0.00999098 0.013232 0.0103892 0.00982305 0.00907165 0.00890375 0.00872036 0.00837093 0.00968921 0.00972563 0.00981366 0.00873224 0.00866365 0.00857687 0.00883896 0.00919937 0.00962361 0.00847163 0.00837973 0.00892814 0.00866586 0.00884033 0.00856458 0.00833138 0.00826913 0.00791444 0.0079792 0.00796257 0.00797654 0.00794692 0.00824357 0.00801444 0.00816158 0.00829523 0.00802468 0.00804729 0.00797248 0.00798053 0.00833145 0.00849956 
0.0141856 0.0171276 0.00950987 0.0187432 0.0197848 0.00579716 0 0.942064 0.00918759 0.00452991 0.0140325 0.0130459 0.00848446 0.0124641 0.00820587 0.0120633 0.00984003 0.0142948 0.0125516 0.0089849 0.00945481 0.00930322 0.0107571 0.0103631 0.0156406 0.00970392 0.00906706 0.00881527 0.00856865 0.00852446 0.0085151 0.00976559 0.0105871 0.00907565 0.00853458 0.00865011 0.00882913 0.00938685 0.00965659 0.00949641 0.00835338 0.0081429 0.0118983 0.0110652 0.00856052 0.00810679 0.00805494 0.0080983 0.00791835 0.00792427 0.00792075 0.00807127 0.00794626 0.00802114 0.00806821 0.0080446 0.00824906 0.00795346 0.00814206 0.00798637 0.00804865 0.00826939 
0.0124876 0.0155705 0.0105792 0.0121183 0.0123834 0.00390929 0.942064 0 0.00408952 0.00372779 0.0155737 0.0113957 0.0240302 0.0313832 0.00800691 0.0106288 0.0115262 0.0111672 0.0152091 0.00943141 0.0128503 0.00981039 0.0115399 0.0124752 0.0136321 0.010342 0.010958 0.0108265 0.00902993 0.00957949 0.00850384 0.0151002 0.0090461 0.0100517 0.00928932 0.0112229 0.0109848 0.0101337 0.0118863 0.00842029 0.00824905 0.00925509 0.0101127 0.00993998 0.00838446 0.00804307 0.00790368 0.00789856 0.00795797 0.00801422 0.0079429 0.00809387 0.00804033 0.00804401 0.00819252 0.00790264 0.00807007 0.00801744 0.00799439 0.00797003 0.0081522 0.00832209 
0.0125909 0.0144154 0.0124925 0.01834 0.0104995 0.881447 0.00918759 0.00408952 0 0.00373478 0.0115999 0.0842438 0.0334452 0.00869761 0.0094038 0.0101218 0.00886319 0.0129077 0.0139133 0.0132255 0.0109858 0.0140927 0.0202096 0.0108499 0.0121275 0.0214094 0.0125997 0.00998543 0.00984321 0.00881775 0.0119828 0.00857579 0.00961397 0.0104789 0.0113898 0.0107862 0.0144073 0.0170151 0.00900671 0.00859833 0.00983923 0.00825206 0.00830235 0.00870694 0.00802778 0.00795095 0.00794656 0.00820861 0.00805747 0.00806857 0.00802968 0.00813813 0.00819824 0.00824479 0.00804952 0.00793407 0.00820392 0.00816571 0.00820643 0.00807772 0.00810413 0.00802897 
0.016729 0.0113673 0.0113385 0.0152914 0.0987294 0.00689311 0.00452991 0.00372779 0.00373478 0 0.0330088 0.0428735 0.0113918 0.0130672 0.0080713 0.0110411 0.0228842 0.0149017 0.0140411 0.0124373 0.0160613 0.01684 0.017912 0.0281239 0.0279897 0.0118115 0.0159788 0.0141805 0.0105125 0.00993772 0.0100528 0.0163068 0.0137352 0.0103044 0.0108571 0.0145619 0.0134277 0.0158397 0.0164911 0.0132484 0.00861584 0.00911067 0.0117145 0.0106679 0.00843726 0.0082298 0.00837474 0.00805269 0.00798438 0.00801306 0.00803003 0.00820918 0.00823278 0.00818036 0.0083259 0.0081954 0.00816381 0.00815438 0.0082511 0.00809577 0.00811819 0.00825262 
0.0300171 0.0162579 0.0103178 0.0128919 0.0251002 0.0139464 0.0140325 0.0155737 0.0115999 0.0330088 0 0.00435934 0.00367994 0.00386118 0.00384527 0.00421306 0.0107633 0.0137935 0.00951161 0.0100049 0.00936067 0.011493 0.0336471 0.865196 0.0258015 0.0138559 0.011743 0.0107427 0.0115072 0.00958235 0.0108489 0.0207415 0.0199681 0.012997 0.0110421 0.0114706 0.0130921 0.0115359 0.0705029 0.0107305 0.00967206 0.0135032 0.0167461 0.0132565 0.00936044 0.00832456 0.00832523 0.00803398 0.00808183 0.00808718 0.0080301 0.00825805 0.00823528 0.00821566 0.0087799 0.00826806 0.00829247 0.00813205 0.00813133 0.00815474 0.00866117 0.00906261 
0.0134628 0.0492782 0.0156606 0.030437 0.0109478 0.0129481 0.0130459 0.0113957 0.0842438 0.0428735 0.00435934 0 0.00372111 0.003723 0.00375148 0.00423572 0.00415962 0.00744575 0.0136571 0.00843478 0.0135932 0.0164039 0.859497 0.0210022 0.0183538 0.0417371 0.0174962 0.020859 0.0122038 0.013604 0.0123851 0.0121433 0.0111333 0.0331878 0.013 0.033799 0.0209337 0.0694017 0.0117716 0.00943694 0.0109803 0.00979095 0.0118709 0.00996629 0.00831956 0.0079726 0.00798635 0.00835719 0.00819899 0.00819137 0.00812976 0.00831469 0.00839085 0.00872229 0.00835006 0.00801371 0.00845341 0.00828476 0.00843949 0.00833578 0.00830184 0.00829762 
0.0169313 0.0112794 0.0860299 0.0107341 0.0206594 0.00965268 0.00848446 0.0240302 0.0334452 0.0113918 0.00367994 0.00372111 0 0.00371578 0.00374433 0.00372267 0.00385982 0.00745092 0.00730578 0.0148523 0.0123297 0.898879 0.0167229 0.0107233 0.00988709 0.0194478 0.03498 0.0173094 0.0233145 0.011434 0.0159173 0.00893335 0.0115551 0.0105629 0.0425455 0.0185204 0.110833 0.0184553 0.0100562 0.00945373 0.0088508 0.00910424 0.00861766 0.00862009 0.00793184 0.00794214 0.00815606 0.00842888 0.00830175 0.00839996 0.00826018 0.00855598 0.00895562 0.00855383 0.00830374 0.00814269 0.0085691 0.00864624 0.00858692 0.00829375 0.00821164 0.00808428 
0.00953553 0.0992203 0.00932261 0.0598474 0.00910023 0.0083554 0.0124641 0.0313832 0.00869761 0.0130672 0.00386118 0.003723 0.00371578 0 0.00370653 0.00383427 0.00372575 0.00527784 0.0133888 0.00873226 0.930044 0.0138344 0.0158358 0.00811064 0.0134323 0.0137258 0.0176934 0.0262803 0.0105431 0.0252811 0.00862622 0.0137026 0.00874311 0.0209833 0.0104572 0.0974953 0.0213034 0.017221 0.0118986 0.00917044 0.00890032 0.00896373 0.0126909 0.0100526 0.00887342 0.007999 0.00804456 0.00851409 0.00832631 0.00844272 0.00822467 0.00920828 0.00864622 0.00879784 0.00838845 0.00811953 0.00902542 0.00855844 0.00893512 0.00837908 0.00828208 0.00837772 
0.0181506 0.00887268 0.207189 0.00876088 0.0168906 0.0114095 0.00820587 0.00800691 0.0094038 0.0080713 0.00384527 0.00375148 0.00374433 0.00370653 0 0.00369965 0.00388593 0.00660034 0.00675323 0.936976 0.00921464 0.0161004 0.00705929 0.00957399 0.00876427 0.0120614 0.0183169 0.0104704 0.017608 0.00840147 0.0166861 0.00835579 0.0131177 0.00870617 0.0542587 0.011726 0.0369295 0.012739 0.00895166 0.0091619 0.00895542 0.00915424 0.00825033 0.00826103 0.00796179 0.00802516 0.00854029 0.00819599 0.00819151 0.00814112 0.00828721 0.0082213 0.00923039 0.00825291 0.00806882 0.00845905 0.00824847 0.00888201 0.00818855 0.00809548 0.00824404 0.00813482 
0.00888574 0.0638558 0.00860793 0.0613407 0.00869226 0.00852808 0.0120633 0.0106288 0.0101218 0.0110411 0.00421306 0.00423572 0.00372267 0.00383427 0.00369965 0 0.00370239 0.00577588 0.962594 0.0083758 0.0169154 0.00678184 0.0121482 0.00668343 0.00932029 0.0127054 0.0118611 0.0141171 0.00873504 0.0145469 0.00840736 0.0153877 0.0085857 0.0328169 0.00878673 0.0177554 0.0111844 0.0166239 0.0109582 0.00922353 0.0102962 0.00843154 0.0126812 0.0104185 0.00857026 0.0078986 0.00793584 0.00847609 0.00809994 0.00815336 0.00801716 0.00882278 0.00816577 0.00861079 0.00818691 0.00796583 0.0089644 0.00810231 0.00845294 0.00816093 0.0080306 0.00819885 
0.0428771 0.0088455 0.0132665 0.00847981 0.027558 0.0237856 0.00984003 0.0115262 0.00886319 0.0228842 0.0107633 0.00415962 0.00385982 0.00372575 0.00388593 0.00370239 0 0.970598 0.00647347 0.00764243 0.00513131 0.00654602 0.0065309 0.0110249 0.0113126 0.00856337 0.0107369 0.00895738 0.00899363 0.00832433 0.0153606 0.00982622 0.0516819 0.00906142 0.0101449 0.00936442 0.00967835 0.00983528 0.0104674 0.0155269 0.00840757 0.00976307 0.00942838 0.0104731 0.00842551 0.00868156 0.00906497 0.00795254 0.00798139 0.00795598 0.00800013 0.00798376 0.00840508 0.00806488 0.00805314 0.00865805 0.00800586 0.00820304 0.00801471 0.00802888 0.00830914 0.00924835 
0.0273226 0.0106271 0.0115477 0.00955156 0.0323946 0.0135277 0.0142948 0.0111672 0.0129077 0.0149017 0.0137935 0.00744575 0.00745092 0.00527784 0.00660034 0.00577588 0.970598 0 0.00382654 0.00377233 0.00371681 0.0037601 0.00382771 0.00510004 0.0103199 0.00811323 0.00754146 0.00770886 0.00952312 0.010112 0.148147 0.0958663 0.022038 0.00963944 0.0108824 0.0101396 0.0118132 0.0120608 0.0213326 0.0121934 0.00959592 0.0156881 0.0130528 0.0130754 0.0094492 0.00860869 0.00870419 0.00796131 0.00806224 0.00806824 0.00806306 0.00806196 0.00848502 0.00815718 0.00884619 0.00858146 0.00808827 0.00826282 0.00799575 0.00811143 0.00899365 0.00919027 
0.0103483 0.0517825 0.0090557 0.0450018 0.00962184 0.00999766 0.0125516 0.0152091 0.0139133 0.0140411 0.00951161 0.0136571 0.00730578 0.0133888 0.00675323 0.962594 0.00647347 0.00382654 0 0.00376597 0.00377558 0.00380684 0.00387214 0.00393332 0.00973936 0.00886746 0.00810818 0.0114864 0.0152287 0.233407 0.0709404 0.0194973 0.00905358 0.0307281 0.00968884 0.0262091 0.0138298 0.0274937 0.0125119 0.00996728 0.0106511 0.010033 0.0171983 0.0116716 0.00864533 0.00792635 0.00794297 0.00844662 0.00819486 0.00827523 0.00810593 0.00873497 0.00837977 0.0088313 0.00825624 0.00798381 0.00870634 0.00834777 0.00857485 0.00826937 0.00833544 0.00819935 
0.0161132 0.00964657 0.112968 0.00946086 0.0150307 0.0102957 0.0089849 0.00943141 0.0132255 0.0124373 0.0100049 0.00843478 0.0148523 0.00873226 0.936976 0.0083758 0.00764243 0.00377233 0.00376597 0 0.00373568 0.00383961 0.0037811 0.00375342 0.00674327 0.00743285 0.0149232 0.0204152 0.558285 0.0125045 0.0214877 0.0079569 0.0118559 0.00902666 0.0340653 0.0129804 0.0607436 0.0154162 0.0102349 0.0100901 0.00909661 0.00925955 0.00887471 0.00890885 0.00797936 0.00793252 0.00824559 0.00832374 0.00831272 0.00839038 0.00829746 0.0085704 0.00945636 0.00855672 0.00813989 0.00821185 0.00848694 0.00897127 0.00853566 0.00826201 0.00824389 0.00812094 
0.00971683 0.0643654 0.0110878 0.0443485 0.00931158 0.00918966 0.00945481 0.0128503 0.0109858 0.0160613 0.00936067 0.0135932 0.0123297 0.930044 0.00921464 0.0169154 0.00513131 0.00371681 0.00377558 0.00373568 0 0.00372499 0.00372702 0.00371697 0.00774918 0.010488 0.0270757 0.639982 0.0214991 0.0317465 0.0075448 0.00931272 0.00847222 0.0206246 0.0102082 0.061441 0.020941 0.0239494 0.0109698 0.00996841 0.0096562 0.00913898 0.0115837 0.00982923 0.00812128 0.00801333 0.00806661 0.00854471 0.0085516 0.00853645 0.00825086 0.00932806 0.00889632 0.00907395 0.00828207 0.0080742 0.0089499 0.0086817 0.00892149 0.00839667 0.00832159 0.0083328 
0.0138209 0.0113306 0.0741349 0.0108301 0.0135391 0.00968335 0.00930322 0.00981039 0.0140927 0.01684 0.011493 0.0164039 0.898879 0.0138344 0.0161004 0.00678184 0.00654602 0.0037601 0.00380684 0.00383961 0.00372499 0 0.00370182 0.00370779 0.00855191 0.0134934 0.633741 0.0166707 0.0290228 0.00820944 0.00955658 0.00766379 0.00969843 0.0095998 0.0498693 0.0184189 0.0553426 0.0163599 0.0114742 0.0100515 0.0092669 0.00964847 0.00898665 0.00903378 0.0080537 0.0079982 0.00823923 0.00846398 0.00841111 0.00848526 0.00843454 0.00869183 0.00920776 0.00867576 0.00822304 0.00818725 0.00858523 0.0088629 0.00872961 0.00831294 0.00824923 0.00820758 
0.0093411 0.0251511 0.00966174 0.0422977 0.0093259 0.00999098 0.0107571 0.0115399 0.0202096 0.017912 0.0336471 0.859497 0.0167229 0.0158358 0.00705929 0.0121482 0.0065309 0.00382771 0.00387214 0.0037811 0.00372702 0.00370182 0 0.00382723 0.0847476 0.199816 0.0162831 0.0220956 0.0076703 0.00835086 0.00742257 0.00871049 0.00872244 0.0264686 0.0105621 0.0213044 0.0151009 0.0572655 0.0129837 0.00962163 0.0142431 0.00906636 0.0104933 0.0108882 0.00807233 0.00794429 0.00807558 0.00841713 0.00817206 0.00827248 0.00815902 0.00847815 0.00850923 0.00862887 0.00813405 0.00802179 0.00846682 0.00846935 0.00846291 0.00822448 0.00820647 0.00813028 
0.0159937 0.00938716 0.00991352 0.00912771 0.0203055 0.013232 0.0103631 0.0124752 0.0108499 0.0281239 0.865196 0.0210022 0.0107233 0.00811064 0.00957399 0.00668343 0.0110249 0.00510004 0.00393332 0.00375342 0.00371697 0.00370779 0.00382723 0 0.140569 0.0111673 0.00917718 0.00586073 0.00754925 0.00557083 0.00687035 0.00799355 0.0141924 0.00849477 0.0101147 0.00970791 0.0121909 0.0125323 0.0218024 0.0186606 0.00903271 0.010539 0.0118079 0.0115787 0.00875787 0.00850537 0.00849822 0.00799675 0.00799638 0.00799623 0.00802125 0.00810971 0.00844662 0.00807737 0.00825761 0.00823161 0.00811361 0.0081674 0.00814919 0.0081138 0.00825236 0.00838457 
0.0109757 0.0157456 0.00903632 0.0118458 0.0125243 0.0103892 0.0156406 0.0136321 0.0121275 0.0279897 0.0258015 0.0183538 0.00988709 0.0134323 0.00876427 0.00932029 0.0113126 0.0103199 0.00973936 0.00674327 0.00774918 0.00855191 0.0847476 0.140569 0 0.00400213 0.00373383 0.00373262 0.00375843 0.00377764 0.00377001 0.00708815 0.00700626 0.00718706 0.00671479 0.00858678 0.00813152 0.0119608 0.111379 0.0257081 0.00948604 0.0154901 0.0193341 0.0186406 0.00984249 0.00830619 0.00817055 0.00804943 0.0080483 0.00813986 0.00799495 0.00844995 0.0081859 0.00829978 0.00859972 0.00807836 0.00830844 0.00815672 0.00816285 0.00813386 0.008817 0.00897205 
0.00942703 0.0137643 0.0121198 0.0133501 0.00938908 0.00982305 0.00970392 0.010342 0.0214094 0.0118115 0.0138559 0.0417371 0.0194478 0.0137258 0.0120614 0.0127054 0.00856337 0.00811323 0.00886746 0.00743285 0.010488 0.0134934 0.199816 0.0111673 0.00400213 0 0.00371519 0.00372636 0.00373908 0.00370792 0.00420445 0.0039069 0.005729 0.00637453 0.00715066 0.00795403 0.0120345 0.0385483 0.348133 0.00975985 0.0128652 0.00938375 0.0109373 0.00991203 0.0081813 0.00796987 0.00799155 0.00824546 0.00815035 0.00820066 0.0081816 0.00837041 0.00846348 0.00856514 0.00805419 0.00803872 0.00833836 0.00832798 0.00837451 0.00817419 0.00813528 0.00801677 
0.00906947 0.0124875 0.021112 0.0127518 0.010407 0.00907165 0.00906706 0.010958 0.0125997 0.0159788 0.011743 0.0174962 0.03498 0.0176934 0.0183169 0.0118611 0.0107369 0.00754146 0.00810818 0.0149232 0.0270757 0.633741 0.0162831 0.00917718 0.00373383 0.00371519 0 0.00372635 0.00373942 0.00370997 0.00374776 0.0037667 0.00536195 0.0073472 0.00739346 0.0109517 0.0429556 0.9205 0.0170135 0.0104201 0.0102752 0.00968271 0.00927143 0.00969596 0.00804797 0.00793596 0.00813562 0.00844021 0.00834582 0.00846141 0.00832451 0.00878582 0.0092201 0.00882073 0.00832279 0.00807856 0.00859054 0.00887325 0.00883026 0.00836632 0.00824609 0.00807178 
0.00870865 0.012895 0.0112915 0.0140126 0.00902209 0.00890375 0.00881527 0.0108265 0.00998543 0.0141805 0.0107427 0.020859 0.0173094 0.0262803 0.0104704 0.0141171 0.00895738 0.00770886 0.0114864 0.0204152 0.639982 0.0166707 0.0220956 0.00586073 0.00373262 0.00372636 0.00372635 0 0.00370446 0.00370835 0.00372965 0.00375299 0.00531992 0.00636224 0.00892374 0.0244593 0.959832 0.0190217 0.00924654 0.00962149 0.00964469 0.00911074 0.00914692 0.00921965 0.0081913 0.00788269 0.00797546 0.00832716 0.00835698 0.00829478 0.00828041 0.0086767 0.00868551 0.00868103 0.00819254 0.00799112 0.00850332 0.00868646 0.00849691 0.00832559 0.00820922 0.00801779 
0.00908175 0.00916896 0.0156595 0.00924673 0.00949525 0.00872036 0.00856865 0.00902993 0.00984321 0.0105125 0.0115072 0.0122038 0.0233145 0.0105431 0.017608 0.00873504 0.00899363 0.00952312 0.0152287 0.558285 0.0214991 0.0290228 0.0076703 0.00754925 0.00375843 0.00373908 0.00373942 0.00370446 0 0.00371716 0.00372458 0.00370936 0.0050006 0.00660413 0.0149331 0.946978 0.0167764 0.00875214 0.00670867 0.00969954 0.00878114 0.00895834 0.00866995 0.00878184 0.00794921 0.00788835 0.00810054 0.0082549 0.00832446 0.00820422 0.00824547 0.00839015 0.00859585 0.00843513 0.00809631 0.00807351 0.00833346 0.00853196 0.00850635 0.00822905 0.00808298 0.00800136 
0.00833449 0.0123924 0.00869032 0.0109867 0.00842272 0.00837093 0.00852446 0.00957949 0.00881775 0.00993772 0.00958235 0.013604 0.011434 0.0252811 0.00840147 0.0145469 0.00832433 0.010112 0.233407 0.0125045 0.0317465 0.00820944 0.00835086 0.00557083 0.00377764 0.00370792 0.00370997 0.00370835 0.00371716 0 0.00368922 0.00370245 0.00399999 0.0132657 0.910742 0.00973254 0.0065722 0.00643132 0.00635763 0.00918959 0.00890435 0.00866103 0.0102385 0.00873882 0.00806488 0.00784394 0.007958 0.00825307 0.00819594 0.00821999 0.0081248 0.00866484 0.00840557 0.00843424 0.00810709 0.00796657 0.00840966 0.00830671 0.00874006 0.00816794 0.00805984 0.00797431 
0.00981148 0.00892818 0.013196 0.0085197 0.00961601 0.00968921 0.0085151 0.00850384 0.0119828 0.0100528 0.0108489 0.0123851 0.0159173 0.00862622 0.0166861 0.00840736 0.0153606 0.148147 0.0709404 0.0214877 0.0075448 0.00955658 0.00742257 0.00687035 0.00377001 0.00420445 0.00374776 0.00372965 0.00372458 0.00368922 0 0.00369644 0.00946625 0.955954 0.00734008 0.00591865 0.00620953 0.00621787 0.00565723 0.0100173 0.00976383 0.00860008 0.0085406 0.00869926 0.00798073 0.00798285 0.00817182 0.00800774 0.00803244 0.00799583 0.00806579 0.00811103 0.00828261 0.0081427 0.00798112 0.00802291 0.00812526 0.00824712 0.00806233 0.008063 0.00812324 0.00796287 
0.0109179 0.0122519 0.0082736 0.0106768 0.00880879 0.00972563 0.00976559 0.0151002 0.00857579 0.0163068 0.0207415 0.0121433 0.00893335 0.0137026 0.00835579 0.0153877 0.00982622 0.0958663 0.0194973 0.0079569 0.00931272 0.00766379 0.00871049 0.00799355 0.00708815 0.0039069 0.0037667 0.00375299 0.00370936 0.00370245 0.00369644 0 0.9576 0.00610939 0.00424395 0.00436017 0.0048948 0.00535707 0.00916837 0.0173627 0.0091366 0.00969461 0.0284065 0.0168671 0.0103981 0.00845463 0.00839776 0.00824995 0.00797688 0.00796863 0.00793313 0.00826181 0.00801992 0.0081399 0.00836048 0.00815771 0.00840976 0.00798633 0.00834994 0.00802092 0.00805194 0.00881644 
0.0116091 0.00817035 0.0100895 0.00822059 0.0168205 0.00981366 0.0105871 0.0090461 0.00961397 0.0137352 0.0199681 0.0111333 0.0115551 0.00874311 0.0131177 0.0085857 0.0516819 0.022038 0.00905358 0.0118559 0.00847222 0.00969843 0.00872244 0.0141924 0.00700626 0.005729 0.00536195 0.00531992 0.0050006 0.00399999 0.00946625 0.9576 0 0.00380863 0.00372296 0.00374301 0.0037257 0.00393543 0.00482617 0.0179137 0.00927683 0.0181143 0.0108044 0.0116541 0.00905624 0.00837768 0.00865014 0.00787277 0.00797413 0.00796911 0.00805322 0.00797456 0.0085825 0.00805626 0.00866662 0.00860222 0.00797574 0.00831268 0.00787998 0.00812337 0.00889755 0.00877525 
0.00836662 0.0143005 0.00833125 0.0171374 0.00853115 0.00873224 0.00907565 0.0100517 0.0104789 0.0103044 0.012997 0.0331878 0.0105629 0.0209833 0.00870617 0.0328169 0.00906142 0.00963944 0.0307281 0.00902666 0.0206246 0.0095998 0.0264686 0.00849477 0.00718706 0.00637453 0.0073472 0.00636224 0.00660413 0.0132657 0.955954 0.00610939 0.00380863 0 0.00371524 0.00370489 0.0037275 0.00393663 0.00395674 0.0130354 0.020312 0.00974017 0.0126552 0.0104716 0.00835486 0.00788846 0.00788399 0.00826966 0.00806162 0.00807923 0.00799351 0.00831178 0.0081638 0.00853147 0.00815133 0.00787405 0.0084593 0.00811945 0.00836657 0.0080681 0.00816063 0.0080779 
0.00906273 0.00886623 0.0255824 0.00871432 0.00987272 0.00866365 0.00853458 0.00928932 0.0113898 0.0108571 0.0110421 0.013 0.0425455 0.0104572 0.0542587 0.00878673 0.0101449 0.0108824 0.00968884 0.0340653 0.0102082 0.0498693 0.0105621 0.0101147 0.00671479 0.00715066 0.00739346 0.00892374 0.0149331 0.910742 0.00734008 0.00424395 0.00372296 0.00371524 0 0.00369855 0.00369951 0.0037262 0.00374187 0.016523 0.0165949 0.0106234 0.00860663 0.00920127 0.00793838 0.0078545 0.00803265 0.00818054 0.00826981 0.00820922 0.00828834 0.0083737 0.00937269 0.00845879 0.00808161 0.00801705 0.00828151 0.0090424 0.00834386 0.00829506 0.00809782 0.00797167 
0.00852287 0.0221752 0.0114389 0.0169016 0.00873416 0.00857687 0.00865011 0.0112229 0.0107862 0.0145619 0.0114706 0.033799 0.0185204 0.0974953 0.011726 0.0177554 0.00936442 0.0101396 0.0262091 0.0129804 0.061441 0.0184189 0.0213044 0.00970791 0.00858678 0.00795403 0.0109517 0.0244593 0.946978 0.00973254 0.00591865 0.00436017 0.00374301 0.00370489 0.00369855 0 0.00370865 0.00374315 0.00372953 0.0121962 0.0141754 0.0126639 0.010541 0.0102029 0.00832231 0.00790641 0.00809454 0.00860377 0.00860647 0.00881561 0.00838395 0.00957381 0.00903648 0.00890165 0.00828073 0.00804782 0.00872493 0.00887934 0.00920849 0.00837683 0.00832803 0.00811107 
0.00990307 0.0112737 0.0245265 0.0110048 0.0093834 0.00883896 0.00882913 0.0109848 0.0144073 0.0134277 0.0130921 0.0209337 0.110833 0.0213034 0.0369295 0.0111844 0.00967835 0.0118132 0.0138298 0.0607436 0.020941 0.0553426 0.0151009 0.0121909 0.00813152 0.0120345 0.0429556 0.959832 0.0167764 0.0065722 0.00620953 0.0048948 0.0037257 0.0037275 0.00369951 0.00370865 0 0.00372548 0.00370652 0.0186226 0.0211051 0.0126972 0.00932603 0.0100246 0.00820642 0.00792497 0.00823847 0.00844722 0.00875803 0.00855874 0.0085781 0.00889371 0.00977386 0.0090004 0.00844531 0.00812867 0.00865934 0.00958868 0.00887867 0.00848499 0.00831325 0.00808294 
0.00917486 0.0119345 0.00994977 0.0120717 0.00892513 0.00919937 0.00938685 0.0101337 0.0170151 0.0158397 0.0115359 0.0694017 0.0184553 0.017221 0.012739 0.0166239 0.00983528 0.0120608 0.0274937 0.0154162 0.0239494 0.0163599 0.0572655 0.0125323 0.0119608 0.0385483 0.9205 0.0190217 0.00875214 0.00643132 0.00621787 0.00535707 0.00393543 0.00393663 0.0037262 0.00374315 0.00372548 0 0.00372236 0.0180677 0.0582478 0.0202666 0.0115147 0.0112542 0.00832334 0.00812729 0.00830304 0.00834151 0.00823108 0.00828036 0.00820491 0.0085138 0.00872845 0.00893267 0.00836644 0.00812728 0.00853221 0.00869968 0.00853311 0.0083679 0.00837682 0.0080677 
0.0122444 0.00993644 0.00836834 0.00916942 0.00896854 0.00962361 0.00965659 0.0118863 0.00900671 0.0164911 0.0705029 0.0117716 0.0100562 0.0118986 0.00895166 0.0109582 0.0104674 0.0213326 0.0125119 0.0102349 0.0109698 0.0114742 0.0129837 0.0218024 0.111379 0.348133 0.0170135 0.00924654 0.00670867 0.00635763 0.00565723 0.00916837 0.00482617 0.00395674 0.00374187 0.00372953 0.00370652 0.00372236 0 0.022966 0.0118143 0.047484 0.0421229 0.0181858 0.0101168 0.00884479 0.00882577 0.00823025 0.00799579 0.00809626 0.00800041 0.00837754 0.00806387 0.00825398 0.00856027 0.00838377 0.00832675 0.00802926 0.00816816 0.00813237 0.00818485 0.00857558 
0.00894342 0.00824754 0.00832726 0.00834165 0.0100332 0.00847163 0.00949641 0.00842029 0.00859833 0.0132484 0.0107305 0.00943694 0.00945373 0.00917044 0.0091619 0.00922353 0.0155269 0.0121934 0.00996728 0.0100901 0.00996841 0.0100515 0.00962163 0.0186606 0.0257081 0.00975985 0.0104201 0.00962149 0.00969954 0.00918959 0.0100173 0.0173627 0.0179137 0.0130354 0.016523 0.0121962 0.0186226 0.0180677 0.022966 0 0.0039762 0.0042444 0.00985211 0.0284779 0.0109883 0.00850444 0.0083667 0.00807595 0.00816145 0.00803931 0.00801391 0.00805421 0.00821553 0.00842725 0.00961772 0.00826376 0.00799162 0.00816404 0.00800218 0.00823945 0.00948825 0.00920127 
0.00841015 0.00862416 0.00816849 0.00842626 0.00818212 0.00837973 0.00835338 0.00824905 0.00983923 0.00861584 0.00967206 0.0109803 0.0088508 0.00890032 0.00895542 0.0102962 0.00840757 0.00959592 0.0106511 0.00909661 0.0096562 0.0092669 0.0142431 0.00903271 0.00948604 0.0128652 0.0102752 0.00964469 0.00878114 0.00890435 0.00976383 0.0091366 0.00927683 0.020312 0.0165949 0.0141754 0.0211051 0.0582478 0.0118143 0.0039762 0 0.00427228 0.00611653 0.0168197 0.00854651 0.00799788 0.00808617 0.00828325 0.00806625 0.00806984 0.00801679 0.00824314 0.0081699 0.00841665 0.0082255 0.00804249 0.00829898 0.00809098 0.0081276 0.00828531 0.00828646 0.00814181 
0.0105862 0.00852355 0.00847775 0.0080884 0.00868816 0.00892814 0.0081429 0.00925509 0.00825206 0.00911067 0.0135032 0.00979095 0.00910424 0.00896373 0.00915424 0.00843154 0.00976307 0.0156881 0.010033 0.00925955 0.00913898 0.00964847 0.00906636 0.010539 0.0154901 0.00938375 0.00968271 0.00911074 0.00895834 0.00866103 0.00860008 0.00969461 0.0181143 0.00974017 0.0106234 0.0126639 0.0126972 0.0202666 0.047484 0.0042444 0.00427228 0 0.054151 0.0123382 0.010533 0.00878466 0.00983053 0.00824079 0.00801644 0.00800536 0.00800754 0.00808397 0.0084684 0.00803412 0.00829575 0.009037 0.0081935 0.00822567 0.00807167 0.0080111 0.00834756 0.00886624 
0.00939008 0.0108827 0.00793663 0.0097159 0.00857125 0.00866586 0.0118983 0.0101127 0.00830235 0.0117145 0.0167461 0.0118709 0.00861766 0.0126909 0.00825033 0.0126812 0.00942838 0.0130528 0.0171983 0.00887471 0.0115837 0.00898665 0.0104933 0.0118079 0.0193341 0.0109373 0.00927143 0.00914692 0.00866995 0.0102385 0.0085406 0.0284065 0.0108044 0.0126552 0.00860663 0.010541 0.00932603 0.0115147 0.0421229 0.00985211 0.00611653 0.054151 0 0.304414 0.0351366 0.0123656 0.00881228 0.00899068 0.00800032 0.00807084 0.00788058 0.010427 0.00790521 0.00914219 0.0113748 0.00859888 0.00987662 0.00797193 0.00891981 0.00825467 0.00855396 0.0140069 
0.00911025 0.00893511 0.00798901 0.00901189 0.00869996 0.00884033 0.0110652 0.00993998 0.00870694 0.0106679 0.0132565 0.00996629 0.00862009 0.0100526 0.00826103 0.0104185 0.0104731 0.0130754 0.0116716 0.00890885 0.00982923 0.00903378 0.0108882 0.0115787 0.0186406 0.00991203 0.00969596 0.00921965 0.00878184 0.00873882 0.00869926 0.0168671 0.0116541 0.0104716 0.00920127 0.0102029 0.0100246 0.0112542 0.0181858 0.0284779 0.0168197 0.0123382 0.304414 0 0.268293 0.0174664 0.0104242 0.0086649 0.00816829 0.00815363 0.00812924 0.0094912 0.00823732 0.0091731 0.0125946 0.00947279 0.00944845 0.00816101 0.00849292 0.0084685 0.0103818 0.0148971 
0.0089336 0.00849327 0.0079219 0.00820794 0.00829809 0.00856458 0.00856052 0.00838446 0.00802778 0.00843726 0.00936044 0.00831956 0.00793184 0.00887342 0.00796179 0.00857026 0.00842551 0.0094492 0.00864533 0.00797936 0.00812128 0.0080537 0.00807233 0.00875787 0.00984249 0.0081813 0.00804797 0.0081913 0.00794921 0.00806488 0.00798073 0.0103981 0.00905624 0.00835486 0.00793838 0.00832231 0.00820642 0.00832334 0.0101168 0.0109883 0.00854651 0.010533 0.0351366 0.268293 0 0.114923 0.0115045 0.0132245 0.00907558 0.00881336 0.0085789 0.0123406 0.00879944 0.0118236 0.0282682 0.0112999 0.0131053 0.00876108 0.0095288 0.00985832 0.0133188 0.042997 
0.00836932 0.00797016 0.00792283 0.00797079 0.00842283 0.00833138 0.00810679 0.00804307 0.00795095 0.0082298 0.00832456 0.0079726 0.00794214 0.007999 0.00802516 0.0078986 0.00868156 0.00860869 0.00792635 0.00793252 0.00801333 0.0079982 0.00794429 0.00850537 0.00830619 0.00796987 0.00793596 0.00788269 0.00788835 0.00784394 0.00798285 0.00845463 0.00837768 0.00788846 0.0078545 0.00790641 0.00792497 0.00812729 0.00884479 0.00850444 0.00799788 0.00878466 0.0123656 0.0174664 0.114923 0 0.637997 0.00470097 0.00398831 0.00386249 0.00403715 0.00445688 0.0050067 0.00635019 0.00933752 0.00825712 0.00774087 0.00763424 0.00740545 0.00811737 0.0113317 0.0433112 
0.00875438 0.00806222 0.00843674 0.00802424 0.00930045 0.00826913 0.00805494 0.00790368 0.00794656 0.00837474 0.00832523 0.00798635 0.00815606 0.00804456 0.00854029 0.00793584 0.00906497 0.00870419 0.00794297 0.00824559 0.00806661 0.00823923 0.00807558 0.00849822 0.00817055 0.00799155 0.00813562 0.00797546 0.00810054 0.007958 0.00817182 0.00839776 0.00865014 0.00788399 0.00803265 0.00809454 0.00823847 0.00830304 0.00882577 0.0083667 0.00808617 0.00983053 0.00881228 0.0104242 0.0115045 0.637997 0 0.00405183 0.00381855 0.00372024 0.00391443 0.00389898 0.00573939 0.0050059 0.0118293 0.0120521 0.00683702 0.0129188 0.00756312 0.012744 0.0367591 0.0159788 
0.0081339 0.00848536 0.00819665 0.00838872 0.00809345 0.00791444 0.0080983 0.00789856 0.00820861 0.00805269 0.00803398 0.00835719 0.00842888 0.00851409 0.00819599 0.00847609 0.00795254 0.00796131 0.00844662 0.00832374 0.00854471 0.00846398 0.00841713 0.00799675 0.00804943 0.00824546 0.00844021 0.00832716 0.0082549 0.00825307 0.00800774 0.00824995 0.00787277 0.00826966 0.00818054 0.00860377 0.00844722 0.00834151 0.00823025 0.00807595 0.00828325 0.00824079 0.00899068 0.0086649 0.0132245 0.00470097 0.00405183 0 0.00373008 0.00373688 0.00372553 0.00389076 0.00400698 0.0057667 0.00556254 0.00622079 0.0139149 0.00736961 0.0115617 0.00879416 0.00864068 0.0099248 
0.00812059 0.00812825 0.00805011 0.00804277 0.00806576 0.0079792 0.00791835 0.00795797 0.00805747 0.00798438 0.00808183 0.00819899 0.00830175 0.00832631 0.00819151 0.00809994 0.00798139 0.00806224 0.00819486 0.00831272 0.0085516 0.00841111 0.00817206 0.00799638 0.0080483 0.00815035 0.00834582 0.00835698 0.00832446 0.00819594 0.00803244 0.00797688 0.00797413 0.00806162 0.00826981 0.00860647 0.00875803 0.00823108 0.00799579 0.00816145 0.00806625 0.00801644 0.00800032 0.00816829 0.00907558 0.00398831 0.00381855 0.00373008 0 0.00368671 0.00371051 0.00372759 0.00382521 0.0037533 0.00379462 0.00721884 0.00649886 0.0092548 0.00779573 0.0103804 0.014034 0.0106711 
0.00811547 0.00822268 0.00806688 0.00810911 0.00796888 0.00796257 0.00792427 0.00801422 0.00806857 0.00801306 0.00808718 0.00819137 0.00839996 0.00844272 0.00814112 0.00815336 0.00795598 0.00806824 0.00827523 0.00839038 0.00853645 0.00848526 0.00827248 0.00799623 0.00813986 0.00820066 0.00846141 0.00829478 0.00820422 0.00821999 0.00799583 0.00796863 0.00796911 0.00807923 0.00820922 0.00881561 0.00855874 0.00828036 0.00809626 0.00803931 0.00806984 0.00800536 0.00807084 0.00815363 0.00881336 0.00386249 0.00372024 0.00373688 0.00368671 0 0.00370041 0.00372121 0.00378252 0.00372496 0.0037891 0.00575917 0.00746712 0.00654087 0.00789484 0.0117534 0.174353 0.00828736 
0.00814357 0.00809333 0.00818013 0.00799262 0.00801808 0.00797654 0.00792075 0.0079429 0.00802968 0.00803003 0.0080301 0.00812976 0.00826018 0.00822467 0.00828721 0.00801716 0.00800013 0.00806306 0.00810593 0.00829746 0.00825086 0.00843454 0.00815902 0.00802125 0.00799495 0.0081816 0.00832451 0.00828041 0.00824547 0.0081248 0.00806579 0.00793313 0.00805322 0.00799351 0.00828834 0.00838395 0.0085781 0.00820491 0.00800041 0.00801391 0.00801679 0.00800754 0.00788058 0.00812924 0.0085789 0.00403715 0.00391443 0.00372553 0.00371051 0.00370041 0 0.00369586 0.00372645 0.00375468 0.00372703 0.00671746 0.00593841 0.00840117 0.00777263 0.384361 0.0129535 0.00830639 
0.00815733 0.00872373 0.00821034 0.00848386 0.00810816 0.00794692 0.00807127 0.00809387 0.00813813 0.00820918 0.00825805 0.00831469 0.00855598 0.00920828 0.0082213 0.00882278 0.00798376 0.00806196 0.00873497 0.0085704 0.00932806 0.00869183 0.00847815 0.00810971 0.00844995 0.00837041 0.00878582 0.0086767 0.00839015 0.00866484 0.00811103 0.00826181 0.00797456 0.00831178 0.0083737 0.00957381 0.00889371 0.0085138 0.00837754 0.00805421 0.00824314 0.00808397 0.010427 0.0094912 0.0123406 0.00445688 0.00389898 0.00389076 0.00372759 0.00372121 0.00369586 0 0.00370138 0.00373091 0.00379621 0.00496894 0.0115203 0.00720918 0.906584 0.0137757 0.00634209 0.00981952 
0.00863422 0.0082125 0.00863104 0.00820717 0.00831079 0.00824357 0.00794626 0.00804033 0.00819824 0.00823278 0.00823528 0.00839085 0.00895562 0.00864622 0.00923039 0.00816577 0.00840508 0.00848502 0.00837977 0.00945636 0.00889632 0.00920776 0.00850923 0.00844662 0.0081859 0.00846348 0.0092201 0.00868551 0.00859585 0.00840557 0.00828261 0.00801992 0.0085825 0.0081638 0.00937269 0.00903648 0.00977386 0.00872845 0.00806387 0.00821553 0.0081699 0.0084684 0.00790521 0.00823732 0.00879944 0.0050067 0.00573939 0.00400698 0.00382521 0.00378252 0.00372645 0.00370138 0 0.00371106 0.00371893 0.0101021 0.00685338 0.971968 0.01033 0.00776013 0.00698588 0.0089065 
0.00835781 0.00846943 0.0082255 0.00825549 0.00817198 0.00801444 0.00802114 0.00804401 0.00824479 0.00818036 0.00821566 0.00872229 0.00855383 0.00879784 0.00825291 0.00861079 0.00806488 0.00815718 0.0088313 0.00855672 0.00907395 0.00867576 0.00862887 0.00807737 0.00829978 0.00856514 0.00882073 0.00868103 0.00843513 0.00843424 0.0081427 0.0081399 0.00805626 0.00853147 0.00845879 0.00890165 0.0090004 0.00893267 0.00825398 0.00842725 0.00841665 0.00803412 0.00914219 0.0091731 0.0118236 0.00635019 0.0050059 0.0057667 0.0037533 0.00372496 0.00375468 0.00373091 0.00371106 0 0.00383924 0.00823577 0.976206 0.0118333 0.00821591 0.00771861 0.00614725 0.0107397 
0.00882687 0.00829635 0.00810727 0.00811263 0.00808003 0.00816158 0.00806821 0.00819252 0.00804952 0.0083259 0.0087799 0.00835006 0.00830374 0.00838845 0.00806882 0.00818691 0.00805314 0.00884619 0.00825624 0.00813989 0.00828207 0.00822304 0.00813405 0.00825761 0.00859972 0.00805419 0.00832279 0.00819254 0.00809631 0.00810709 0.00798112 0.00836048 0.00866662 0.00815133 0.00808161 0.00828073 0.00844531 0.00836644 0.00856027 0.00961772 0.0082255 0.00829575 0.0113748 0.0125946 0.0282682 0.00933752 0.0118293 0.00556254 0.00379462 0.0037891 0.00372703 0.00379621 0.00371893 0.00383924 0 0.983952 0.00919323 0.00577582 0.00657237 0.00596182 0.00706187 0.0162005 
0.00858998 0.0081314 0.00841012 0.00807461 0.00897929 0.00829523 0.0080446 0.00790264 0.00793407 0.0081954 0.00826806 0.00801371 0.00814269 0.00811953 0.00845905 0.00796583 0.00865805 0.00858146 0.00798381 0.00821185 0.0080742 0.00818725 0.00802179 0.00823161 0.00807836 0.00803872 0.00807856 0.00799112 0.00807351 0.00796657 0.00802291 0.00815771 0.00860222 0.00787405 0.00801705 0.00804782 0.00812867 0.00812728 0.00838377 0.00826376 0.00804249 0.009037 0.00859888 0.00947279 0.0112999 0.00825712 0.0120521 0.00622079 0.00721884 0.00575917 0.00671746 0.00496894 0.0101021 0.00823577 0.983952 0 0.00476931 0.00421876 0.00371299 0.00400473 0.00509636 0.0133911 
0.00824747 0.00884527 0.00831738 0.00868695 0.00825539 0.00802468 0.00824906 0.00807007 0.00820392 0.00816381 0.00829247 0.00845341 0.0085691 0.00902542 0.00824847 0.0089644 0.00800586 0.00808827 0.00870634 0.00848694 0.0089499 0.00858523 0.00846682 0.00811361 0.00830844 0.00833836 0.00859054 0.00850332 0.00833346 0.00840966 0.00812526 0.00840976 0.00797574 0.0084593 0.00828151 0.00872493 0.00865934 0.00853221 0.00832675 0.00799162 0.00829898 0.0081935 0.00987662 0.00944845 0.0131053 0.00774087 0.00683702 0.0139149 0.00649886 0.00746712 0.00593841 0.0115203 0.00685338 0.976206 0.00919323 0.00476931 0 0.00371219 0.00372719 0.00382436 0.00380245 0.0120095 
0.00854824 0.00830556 0.00840521 0.00819457 0.00835395 0.00804729 0.00795346 0.00801744 0.00816571 0.00815438 0.00813205 0.00828476 0.00864624 0.00855844 0.00888201 0.00810231 0.00820304 0.00826282 0.00834777 0.00897127 0.0086817 0.0088629 0.00846935 0.0081674 0.00815672 0.00832798 0.00887325 0.00868646 0.00853196 0.00830671 0.00824712 0.00798633 0.00831268 0.00811945 0.0090424 0.00887934 0.00958868 0.00869968 0.00802926 0.00816404 0.00809098 0.00822567 0.00797193 0.00816101 0.00876108 0.00763424 0.0129188 0.00736961 0.0092548 0.00654087 0.00840117 0.00720918 0.971968 0.0118333 0.00577582 0.00421876 0.00371219 0 0.00369582 0.00370308 0.00374863 0.00804979 
0.00824797 0.00859731 0.00831626 0.00836913 0.00816596 0.00797248 0.00814206 0.00799439 0.00820643 0.0082511 0.00813133 0.00843949 0.00858692 0.00893512 0.00818855 0.00845294 0.00801471 0.00799575 0.00857485 0.00853566 0.00892149 0.00872961 0.00846291 0.00814919 0.00816285 0.00837451 0.00883026 0.00849691 0.00850635 0.00874006 0.00806233 0.00834994 0.00787998 0.00836657 0.00834386 0.00920849 0.00887867 0.00853311 0.00816816 0.00800218 0.0081276 0.00807167 0.00891981 0.00849292 0.0095288 0.00740545 0.00756312 0.0115617 0.00779573 0.00789484 0.00777263 0.906584 0.01033 0.00821591 0.00657237 0.00371299 0.00372719 0.00369582 0 0.00370657 0.00370785 0.00746353 
