1QO0A
RPLIGLLFSETGVTADIERSQRYGALLAVEQLNREGGVGGRPIETLSQDPGGDPDRYRLCAEDFIRNRGVRFLVGCYMSHTRKAVMPVVERADALLCYPTPYEGFEYSPNIVYGGPAPNQNSAPLAAYLIRHYGERVVFIGSDYIYPRESNHVMRHLYRQHGGTVLEEIYIPLYPSDDDLQRAVERIYQARADVVFSTVVGTGTAELYRAIARRYGDGRRPPIASLTTSEAEVAKMESDVAEGQVVVAPYFSSIDTPASRAFVQACHGFFPENATITAWAEAAYWQTLLLGRAAQAAGNWRVEDVQRHLYDIDIDAPQGPVRVERQNNHSRLSSRIAEIDARGVFQVRWQSPEPIRPDPYVVVHNLDDWSASM
CCEEEEECCCCCCCHHHHHHHHHHHHHHHHHHHHCCCECCECCEEEEECCCCCHHHHHHHHHHHHHHCCCCEEEECCCHHHHHHHHHHHHHHCCEEEECCCCCCCCCCCCEEECCCCHHHCHHHHHHHHHHHCCCEEEEEEECCHHHHHHHHHHHHHHHCCCCEEEEEEEECCCCCHHHHHHHHHHHHHHCCCEEEEECCCCCHHHHHHHHHHHHCCCCCCCEEECCCCHHHHCCCCHHHHCCCEEEECCCCCCCCHHHHHHHHHHHHHCCCCCCCCHHHHHHHHHHHHHHHHHHHHCCCCHHHHHHHHCCCCEEECCEEEEECCCCCEEEECCEEEEECCCCCEEEEEECCCCECCCCCCCCCCHHHHHHHC
0 0 0 0 0 0 0 0 0 0 0 0 0 0 0 0 0 0 0 0 0 0 0 0 0 0 0 0 0 0 0 0 0 0 0 0 0 0 0 0 0 0 0 0 0 0 0 0 0 0 0 0 0 0 0 0 0 0 0 0 0 0 0 0 0 0 0 0 0 0 0 0 0 0 0 0 0 0 0 0 0 0 0 0 0 0 0 0 0 0 0 0 0 0 0 0 0 0 0 0 0 0 0 0 0 0 0 0 0 0 0 0 0 0 0 0 0 0 0 0 0 0 0 0 0 0 0 0 0 0 0 0 0 0 0 0 0 0 0 0 0 0 0 0 0 0 0 0 0 0 0 0 0 0 0 0 0 0 0 0 0 0 0 0 0 0 0 0 0 0 0 0 0 0 0 0 0 0 0 0 0 0 0 0 0 0 0 0 0 0 0 0 0 0 0 0 0 0 0 0 0 0 0 0 0 0 0 0 0 0 0 0 0 0 0 0 0 0 0 0 0 0 0 0 0 0 0 0 0 0 0 0 0 0 0 0 0 0 0 0 0 0 0 0 0 0 0 0 0 0 0 0 0 0 0 0 0 0 0 0 0 0 0 0 0 0 0 0 0 0 0 0 0 0 0 0 0 0 0 0 0 0 0 0 0 0 0 0 0 0 0 0 0 0 0 0 0 0 0 0 0 0 0 0 0 0 0 0 0 0 0 0 0 0 0 0 0 0 0 0 0 0 0 0 0 0 0 0 0 0 0 0 0 0 0 0 0 0 0 0 0 0 0 0 0 0 0 0 0 0 0 0 0 0 0 0 0 0 0 0 0 0 0 0 0 0 0 0 0 0 0 0 0 
0 0 0 0 0 0 0 0 0 0 0 0 0 0 0 0 0 0 0 0 0 0 0 0 0 0 0 0 0 0 0 0 0 0 0 0 0 0 0 0 0 0 0 0 0 0 0 0 0 0 0 0 0 0 0 0 0 0 0 0 0 0 0 0 0 0 0 0 0 0 0 0 0 0 0 0 0 0 0 0 0 0 0 0 0 0 0 0 0 0 0 0 0 0 0 0 0 0 0 0 0 0 0 0 0 0 0 0 0 0 0 0 0 0 0 0 0 0 0 0 0 0 0 0 0 0 0 0 0 0 0 0 0 0 0 0 0 0 0 0 0 0 0 0 0 0 0 0 0 0 0 0 0 0 0 0 0 0 0 0 0 0 0 0 0 0 0 0 0 0 0 0 0 0 0 0 0 0 0 0 0 0 0 0 0 0 0 0 0 0 0 0 0 0 0 0 0 0 0 0 0 0 0 0 0 0 0 0 0 0 0 0 0 0 0 0 0 0 0 0 0 0 0 0 0 0 0 0 0 0 0 0 0 0 0 0 0 0 0 0 0 0 0 0 0 0 0 0 0 0 0 0 0 0 0 0 0 0 0 0 0 0 0 0 0 0 0 0 0 0 0 0 0 0 0 0 0 0 0 0 0 0 0 0 0 0 0 0 0 0 0 0 0 0 0 0 0 0 0 0 0 0 0 0 0 0 0 0 0 0 0 0 0 0 0 0 0 0 0 0 0 0 0 0 0 0 0 0 0 0 0 0 0 0 0 0 0 0 0 0 0 0 0 0 0 0 0 0 0 0 0 0 0 0 0 0 0 0 0 0 0 0 0 0 0 0 0 0 0 0 0 0 0 
0 0.00401871 0.00374997 0.00376713 0.00565263 0.0380248 0.015093 0.130575 0.0122366 0.0101325 0.0114914 0.0258889 0.0306164 0.0172594 0.0119168 0.0203144 0.0134105 0.0108287 0.0103246 0.0118367 0.0104411 0.00892303 0.0117244 0.00891078 0.00895269 0.00984939 0.00975004 0.00947338 0.00876867 0.00906534 0.00887394 0.00835731 0.00815354 0.00816277 0.00819119 0.00818139 0.00833893 0.00876087 0.00888245 0.00854872 0.0086659 0.00841892 0.00881064 0.00836743 0.00844479 0.00892284 0.00850443 0.00843749 0.00861387 0.00867163 0.00870646 0.00855027 0.00894139 0.0084517 0.00843839 0.00853427 0.00901223 0.00948187 0.00859186 0.00858528 0.00870834 0.00933347 0.00896368 0.00881228 0.00885306 0.00961083 0.0101672 0.00906435 0.0088918 0.00872427 0.00895455 0.00894391 0.0100506 0.0108278 
0.00401871 0 0.00381353 0.0038299 0.00382185 0.0199988 0.012653 0.0139475 0.220143 0.0144044 0.0344747 0.0129426 0.151255 0.0567312 0.0496418 0.0181588 0.0245625 0.0287332 0.0239163 0.0103966 0.0127234 0.0128421 0.0105035 0.00916724 0.0125873 0.0154897 0.0191749 0.0141721 0.00985308 0.00851593 0.0081807 0.0088942 0.00862581 0.00877772 0.00891549 0.00946608 0.00888367 0.00838854 0.00914472 0.00974699 0.00956542 0.00878697 0.00832179 0.00841481 0.00849422 0.00849567 0.00868947 0.00875955 0.00883094 0.00837711 0.00878481 0.00852602 0.00844932 0.00825837 0.00835612 0.00882098 0.0086004 0.00888421 0.00838586 0.00884134 0.00863782 0.00878845 0.00882376 0.00907928 0.00933323 0.00883603 0.00962861 0.00883096 0.00880078 0.00896174 0.00868252 0.00901318 0.00869557 0.0098966 
0.00374997 0.00381353 0 0.00374313 0.00372273 0.0123273 0.0095492 0.0160666 0.0160651 0.236296 0.0155217 0.0112142 0.0198003 0.182604 0.0282651 0.0169481 0.012814 0.0350134 0.0173961 0.0101356 0.0100792 0.0114197 0.0102022 0.00850299 0.00982948 0.018398 0.0234454 0.0165032 0.00936652 0.00845535 0.00840777 0.00889429 0.00870518 0.00883573 0.00895164 0.00924922 0.00915643 0.00825493 0.00959341 0.00941384 0.00993185 0.00889906 0.00845131 0.0083735 0.00846307 0.00839676 0.00836818 0.00891535 0.00880369 0.00837631 0.00835288 0.00841203 0.00835431 0.00822924 0.0083801 0.00856969 0.00860115 0.00851142 0.00829196 0.00878981 0.00862134 0.00850313 0.00869091 0.00899639 0.00926025 0.00901345 0.00867978 0.008557 0.0088122 0.00890345 0.00875141 0.00892041 0.00853388 0.00886628 
0.00376713 0.0038299 0.00374313 0 0.00457051 0.0130493 0.00948585 0.00949313 0.0482978 0.0142166 0.200005 0.0117613 0.0172613 0.0258404 0.213079 0.017549 0.011744 0.0184238 0.0419484 0.00995044 0.0100804 0.0145592 0.010346 0.00829658 0.00969043 0.0117072 0.0163423 0.0113615 0.00951689 0.00846218 0.00825752 0.00857052 0.00833586 0.00850953 0.00838634 0.00878823 0.0085696 0.00816423 0.0089713 0.00875074 0.0091413 0.00874288 0.00826152 0.00844509 0.00840626 0.00833243 0.00836256 0.00855274 0.0085641 0.0082931 0.00839957 0.00839084 0.00833149 0.00825124 0.00834455 0.00845377 0.00852956 0.00844279 0.00831081 0.00859435 0.00850468 0.00845635 0.00870273 0.00880455 0.00895906 0.00877942 0.00864089 0.00855189 0.00868047 0.00872709 0.0087399 0.00876604 0.00840161 0.00896172 
0.00565263 0.00382185 0.00372273 0.00457051 0 0.0308461 0.0116495 0.0236261 0.00953029 0.0126325 0.0148092 0.18841 0.0175951 0.0121516 0.0189892 0.0906952 0.0138701 0.010587 0.012122 0.0124193 0.0107823 0.00916098 0.0133765 0.008666 0.00844144 0.00953847 0.0093681 0.00925941 0.00852255 0.00887152 0.00894524 0.00821057 0.00812071 0.00808182 0.00811431 0.0081854 0.00823947 0.00823801 0.00865957 0.00835559 0.00855176 0.0082595 0.00836788 0.00853779 0.00812509 0.0082759 0.0088134 0.00827959 0.00827086 0.0083002 0.00868257 0.00830474 0.00843658 0.00836604 0.00830036 0.00840383 0.00836866 0.00877574 0.00869401 0.00840389 0.00832878 0.00878401 0.00905827 0.00849847 0.00862108 0.00857601 0.00920029 0.00947912 0.00850287 0.00854603 0.00850059 0.00847965 0.00868556 0.0103867 
0.0380248 0.0199988 0.0123273 0.0130493 0.0308461 0 0.984611 0.00686477 0.00690406 0.00558582 0.0078958 0.0160723 0.016344 0.00966153 0.0108521 0.0149896 0.0114814 0.00861802 0.00950884 0.0117088 0.00978625 0.00860488 0.0120217 0.00877018 0.00815944 0.00812906 0.00826831 0.008191 0.00844816 0.00994471 0.00875032 0.00808725 0.00797427 0.00793666 0.00792138 0.00799077 0.00809815 0.008956 0.00852874 0.00797364 0.00798425 0.00802051 0.00875344 0.00823928 0.00796954 0.00878416 0.00849556 0.00800237 0.00809935 0.00866685 0.0092835 0.00820602 0.00885636 0.00819594 0.00814629 0.00837151 0.00823227 0.0097511 0.00841954 0.00830289 0.00826091 0.00935516 0.00860474 0.00840373 0.00840448 0.00847694 0.0107932 0.00942708 0.008408 0.00833933 0.0082885 0.00844242 0.00935949 0.0131858 
0.015093 0.012653 0.0095492 0.00948585 0.0116495 0.984611 0 0.0355863 0.00413272 0.00384753 0.00400211 0.00707826 0.0173357 0.00915379 0.00892244 0.0120351 0.0107626 0.00833586 0.00835945 0.00960336 0.00933683 0.00812476 0.00978944 0.00976099 0.00800243 0.00800374 0.00805686 0.00798906 0.00812303 0.00850394 0.00906221 0.00795102 0.00786865 0.00785724 0.0078447 0.00785203 0.00798056 0.00823525 0.00835508 0.00786206 0.00792232 0.00792683 0.00816614 0.00805818 0.00786215 0.00823835 0.00823006 0.00791061 0.00799383 0.00807911 0.00877475 0.00812824 0.00821281 0.00806987 0.00813643 0.00820421 0.00822158 0.00866913 0.00821934 0.00823282 0.00816546 0.00841565 0.00841777 0.0083324 0.00827242 0.00857003 0.00935319 0.00906011 0.00835065 0.0082692 0.0082278 0.00832115 0.00858108 0.0106871 
0.130575 0.0139475 0.0160666 0.00949313 0.0236261 0.00686477 0.0355863 0 0.00416284 0.00375891 0.00397188 0.00466197 0.0552995 0.0136884 0.0108865 0.0141207 0.0143833 0.00952891 0.0100238 0.0117334 0.0103997 0.00855614 0.0108673 0.010055 0.00839955 0.00939024 0.00921308 0.0085648 0.00843887 0.00877488 0.0103057 0.00805792 0.0082287 0.00810008 0.00825254 0.00798991 0.00849667 0.00846692 0.00852014 0.00835637 0.00819626 0.00812851 0.00849549 0.00810763 0.00797094 0.0085218 0.00816044 0.00810436 0.00828533 0.00812239 0.0082852 0.00837348 0.00826147 0.00805835 0.0082072 0.00820857 0.00899468 0.00850418 0.00825816 0.00824242 0.00832907 0.00839243 0.00851303 0.00835192 0.00828926 0.0093629 0.00885296 0.00872005 0.0087304 0.00826505 0.00872307 0.00832052 0.00903067 0.00959292 
0.0122366 0.220143 0.0160651 0.0482978 0.00953029 0.00690406 0.00413272 0.00416284 0 0.00381938 0.0037787 0.00417634 0.0426112 0.0245033 0.013771 0.00935882 0.0107048 0.011811 0.0105939 0.00892308 0.00914238 0.00941647 0.00900651 0.00822247 0.00910385 0.0100863 0.0100736 0.00908552 0.00858441 0.00821347 0.00805825 0.00813675 0.00810261 0.00807757 0.00797793 0.00825669 0.00840653 0.00814789 0.00838084 0.00836539 0.00852098 0.00841688 0.00813856 0.00813152 0.00837788 0.00813268 0.0081602 0.00833606 0.00829912 0.00808117 0.00850211 0.00829032 0.00829674 0.00819532 0.00824684 0.00838147 0.00832544 0.00846926 0.00820546 0.00835944 0.00835695 0.00838585 0.00839469 0.00845844 0.00853941 0.00849721 0.00876394 0.00846233 0.0084577 0.00846425 0.00834556 0.00849579 0.00853799 0.00886693 
0.0101325 0.0144044 0.236296 0.0142166 0.0126325 0.00558582 0.00384753 0.00375891 0.00381938 0 0.00371799 0.00374343 0.0199872 0.025581 0.0162197 0.00973011 0.00915451 0.0109534 0.00962551 0.00890842 0.00876688 0.00866465 0.00874227 0.00809116 0.00867761 0.0121301 0.0119735 0.0102052 0.00844715 0.00824692 0.00813684 0.008228 0.00819088 0.00815648 0.008154 0.00843422 0.00826292 0.0081339 0.00851484 0.00839402 0.00864775 0.00829028 0.00803312 0.00815751 0.008151 0.00814439 0.00809016 0.00827108 0.00827124 0.00806396 0.00835998 0.00821126 0.00818983 0.0080993 0.00820906 0.00831779 0.00826209 0.00832998 0.00815648 0.0083063 0.00826088 0.00826554 0.0082594 0.00839134 0.00844701 0.00837625 0.00856786 0.00827449 0.00838165 0.0083892 0.0082608 0.00834589 0.00837675 0.00868999 
0.0114914 0.0344747 0.0155217 0.200005 0.0148092 0.0078958 0.00400211 0.00397188 0.0037787 0.00371799 0 0.00376106 0.0141884 0.0525339 0.0469111 0.0118254 0.0107497 0.0117377 0.0128513 0.00886745 0.00910576 0.0102173 0.00900731 0.00888241 0.0086228 0.010011 0.0105322 0.0089469 0.00892603 0.0081004 0.00924326 0.00813939 0.00811875 0.00808282 0.00811827 0.0081911 0.00841888 0.00805328 0.00821112 0.00861531 0.0083973 0.00851668 0.0080878 0.0081228 0.00815298 0.00803777 0.00810804 0.00817464 0.00813928 0.00803663 0.00824008 0.00818342 0.00819079 0.00809161 0.00820579 0.00824282 0.00824314 0.00822282 0.00821009 0.00828828 0.00815447 0.00822399 0.00828657 0.00834957 0.00839487 0.00845499 0.00831316 0.00832151 0.00831093 0.00828178 0.0081879 0.00823542 0.00827691 0.00843082 
0.0258889 0.0129426 0.0112142 0.0117613 0.18841 0.0160723 0.00707826 0.00466197 0.00417634 0.00374343 0.00376106 0 0.0303421 0.0137675 0.0613316 0.101018 0.0146792 0.0109411 0.0101568 0.0102382 0.0125708 0.0087819 0.0123824 0.00948408 0.0088633 0.00867195 0.00889259 0.00903457 0.00830693 0.0093965 0.00906958 0.00838293 0.00806748 0.00813679 0.00798983 0.00843542 0.00803748 0.00826161 0.00923647 0.00816606 0.00819136 0.00808334 0.00825499 0.0083375 0.00793871 0.00843603 0.00838081 0.00800609 0.00800751 0.00809418 0.00902094 0.00815134 0.00817148 0.00821998 0.00813629 0.00829653 0.00807401 0.00856533 0.00826874 0.00829673 0.00820397 0.00845859 0.00839652 0.0082846 0.00835673 0.00825985 0.0091391 0.00880155 0.00828922 0.0083059 0.00817964 0.00833779 0.0082362 0.00997405 
0.0306164 0.151255 0.0198003 0.0172613 0.0175951 0.016344 0.0173357 0.0552995 0.0426112 0.0199872 0.0141884 0.0303421 0 0.00386376 0.00375955 0.00417837 0.734228 0.0192936 0.0244309 0.0206126 0.0442961 0.0135791 0.0218866 0.015327 0.0201763 0.0170322 0.0186741 0.0130065 0.0106475 0.0154419 0.00970134 0.00939539 0.00870405 0.00869495 0.00857582 0.00940573 0.00928508 0.0122823 0.0126207 0.00965305 0.00949494 0.00966539 0.0100856 0.00909911 0.00873866 0.00922613 0.00903463 0.00845414 0.00900323 0.00871042 0.00943283 0.00833555 0.00844898 0.00811693 0.00815976 0.00846149 0.00833961 0.00877929 0.00816162 0.00830913 0.00828844 0.00864608 0.00832916 0.00843352 0.00849917 0.00849741 0.00956611 0.00860937 0.00837314 0.00841757 0.00830669 0.00853902 0.00874445 0.0102043 
0.0172594 0.0567312 0.182604 0.0258404 0.0121516 0.00966153 0.00915379 0.0136884 0.0245033 0.025581 0.0525339 0.0137675 0.00386376 0 0.00374972 0.00372634 0.0558242 0.785543 0.0221123 0.0167446 0.0200079 0.0462135 0.0127483 0.00938769 0.0196562 0.0581942 0.046503 0.0244022 0.0169127 0.00925057 0.00888887 0.00904303 0.00933324 0.00915042 0.00898288 0.0105566 0.0106907 0.00880496 0.0108216 0.0112622 0.0132083 0.0102311 0.00898333 0.00874104 0.00894352 0.00860523 0.00845045 0.00881336 0.00900497 0.00831402 0.00836477 0.00825337 0.0082361 0.00826396 0.00818448 0.00837332 0.00826499 0.00831869 0.00816456 0.00834257 0.00827448 0.00829446 0.00832217 0.00844274 0.00852414 0.00842627 0.00832612 0.00835529 0.00841789 0.00843682 0.00829525 0.00838789 0.00843494 0.00840128 
0.0119168 0.0496418 0.0282651 0.213079 0.0189892 0.0108521 0.00892244 0.0108865 0.013771 0.0162197 0.0469111 0.0613316 0.00375955 0.00374972 0 0.00376584 0.0278355 0.0473642 0.729286 0.0166197 0.016796 0.041696 0.030083 0.00953399 0.0148992 0.0263298 0.0425452 0.0400346 0.0246638 0.0118624 0.00897082 0.00953148 0.00885011 0.0094298 0.00924449 0.0110558 0.0131385 0.00915166 0.00994023 0.0109353 0.0133382 0.0138228 0.00940887 0.00922529 0.00918816 0.00860851 0.00863695 0.00890837 0.00909379 0.00822226 0.00830117 0.00818797 0.00813124 0.0080265 0.00809136 0.00828055 0.00817742 0.00817215 0.00813582 0.00830042 0.00824873 0.00819678 0.00829522 0.0083539 0.0085287 0.00834046 0.0082367 0.00823307 0.00824557 0.00833667 0.00824476 0.008354 0.00821172 0.00830653 
0.0203144 0.0181588 0.0169481 0.017549 0.0906952 0.0149896 0.0120351 0.0141207 0.00935882 0.00973011 0.0118254 0.101018 0.00417837 0.00372634 0.00376584 0 0.023217 0.0465213 0.0585442 0.492606 0.0209742 0.0172878 0.0670037 0.0118353 0.0106896 0.0127926 0.0188322 0.0145475 0.0154292 0.0167841 0.0104191 0.00874594 0.00863846 0.00884586 0.00859687 0.0094509 0.010401 0.00990919 0.0109363 0.0104745 0.0109264 0.00969388 0.0100079 0.0104815 0.00828215 0.0091515 0.00890753 0.00840486 0.00842237 0.00846529 0.00838561 0.00813969 0.00816024 0.00818866 0.00807311 0.00815566 0.00814329 0.00824802 0.00820582 0.00822287 0.00815779 0.008283 0.00850505 0.00832247 0.00827356 0.00829038 0.00834142 0.00845364 0.00828336 0.0082601 0.00821016 0.00822551 0.00817527 0.00854606 
0.0134105 0.0245625 0.012814 0.011744 0.0138701 0.0114814 0.0107626 0.0143833 0.0107048 0.00915451 0.0107497 0.0146792 0.734228 0.0558242 0.0278355 0.023217 0 0.00382999 0.00388899 0.00399309 0.0460803 0.0150585 0.049298 0.02915 0.0164734 0.0184282 0.0170311 0.0131118 0.012077 0.0163118 0.0109526 0.00942609 0.00884269 0.00896752 0.00905685 0.00931523 0.0106415 0.0142579 0.0145642 0.0100005 0.0101654 0.0105122 0.0130792 0.00917316 0.0088336 0.0105877 0.00864522 0.00853612 0.00910754 0.00870943 0.0084853 0.0082129 0.00825386 0.0081505 0.0080555 0.00819813 0.00820059 0.00844513 0.00807838 0.00817206 0.00812845 0.00845519 0.00821073 0.00826521 0.00830361 0.00835604 0.0087038 0.00833074 0.00821462 0.00822077 0.00814391 0.00823357 0.00843648 0.00888285 
0.0108287 0.0287332 0.0350134 0.0184238 0.010587 0.00861802 0.00833586 0.00952891 0.011811 0.0109534 0.0117377 0.0109411 0.0192936 0.785543 0.0473642 0.0465213 0.00382999 0 0.00378754 0.00373728 0.154338 0.0701146 0.0277229 0.0111747 0.0332164 0.0415041 0.0541103 0.0285437 0.0218063 0.00987869 0.00893593 0.00985486 0.0107117 0.0101354 0.0106915 0.0125736 0.0155267 0.00975661 0.0136799 0.0177275 0.0166544 0.0135916 0.0096917 0.00917159 0.00954794 0.00896321 0.00844654 0.00943443 0.0096023 0.00858744 0.00824912 0.00829468 0.00814177 0.00808273 0.0081661 0.00840438 0.00827527 0.00823204 0.00811349 0.00838757 0.00828457 0.00824794 0.00828771 0.00849008 0.00857831 0.00845097 0.00826816 0.00829584 0.00835422 0.00837478 0.00828165 0.00838634 0.00834093 0.00827628 
0.0103246 0.0239163 0.0173961 0.0419484 0.012122 0.00950884 0.00835945 0.0100238 0.0105939 0.00962551 0.0128513 0.0101568 0.0244309 0.0221123 0.729286 0.0585442 0.00388899 0.00378754 0 0.00374807 0.0227192 0.490123 0.0286725 0.0116847 0.0176236 0.0297556 0.0320307 0.0335891 0.0279145 0.0117208 0.0100875 0.0112873 0.00926282 0.00976438 0.00924979 0.0146382 0.0127523 0.00973374 0.0104098 0.0126359 0.0174288 0.0172565 0.0103138 0.0100724 0.00980376 0.00904482 0.00869944 0.00926491 0.00957528 0.00845297 0.00836895 0.00822087 0.00807639 0.00805263 0.00810581 0.00847216 0.00822113 0.00811179 0.00813838 0.00837444 0.00823535 0.00817878 0.00827725 0.00851879 0.0084982 0.0083316 0.00817874 0.00832648 0.00829303 0.00833774 0.00826147 0.00831496 0.00818999 0.00824165 
0.0118367 0.0103966 0.0101356 0.00995044 0.0124193 0.0117088 0.00960336 0.0117334 0.00892308 0.00890842 0.00886745 0.0102382 0.0206126 0.0167446 0.0166197 0.492606 0.00399309 0.00373728 0.00374807 0 0.0618134 0.0131086 0.290025 0.0133447 0.0110959 0.012217 0.0172157 0.0126007 0.0127607 0.013938 0.0137754 0.00949106 0.00874792 0.00895849 0.00863906 0.00904938 0.0102722 0.00914359 0.0110466 0.0094928 0.0095833 0.00976345 0.00989176 0.0109902 0.00843228 0.00915939 0.009004 0.0083619 0.00850794 0.00841924 0.00818577 0.00798515 0.00804638 0.00802562 0.00798616 0.0081451 0.00799751 0.00815984 0.00812488 0.00813204 0.00797234 0.00814473 0.00833397 0.00828774 0.0083191 0.00813021 0.0082125 0.00838744 0.00815801 0.00811375 0.00811068 0.00813739 0.00800188 0.0084505 
0.0104411 0.0127234 0.0100792 0.0100804 0.0107823 0.00978625 0.00933683 0.0103997 0.00914238 0.00876688 0.00910576 0.0125708 0.0442961 0.0200079 0.016796 0.0209742 0.0460803 0.154338 0.0227192 0.0618134 0 0.00407419 0.0038107 0.193763 0.0326722 0.0237849 0.0210893 0.0148982 0.0130603 0.0189206 0.0131651 0.00981265 0.00907097 0.0090978 0.00909541 0.00947663 0.0111835 0.0158499 0.0155639 0.0112465 0.0104671 0.0107407 0.0126537 0.00947686 0.0088763 0.0111762 0.00852764 0.00840796 0.00907406 0.00881809 0.00832402 0.00805356 0.00814728 0.00806778 0.00797917 0.00814761 0.00805483 0.00825815 0.00799539 0.00805586 0.00802013 0.00824685 0.00822115 0.00820752 0.00818498 0.00823649 0.00846815 0.00827269 0.00810314 0.00807484 0.00806023 0.00809075 0.00830981 0.0086773 
0.00892303 0.0128421 0.0114197 0.0145592 0.00916098 0.00860488 0.00812476 0.00855614 0.00941647 0.00866465 0.0102173 0.0087819 0.0135791 0.0462135 0.041696 0.0172878 0.0150585 0.0701146 0.490123 0.0131086 0.00407419 0 0.00397599 0.0135619 0.108271 0.0388194 0.041581 0.0269441 0.0679244 0.0115214 0.00894679 0.0107523 0.00900799 0.0090258 0.00919805 0.0106293 0.0157796 0.00925722 0.0100306 0.0136457 0.0135635 0.0171208 0.00962615 0.00904951 0.0109901 0.00874925 0.00844467 0.00919712 0.00933677 0.00835196 0.00830039 0.00811171 0.0080341 0.00806839 0.00806802 0.00828503 0.00802455 0.00810633 0.00804848 0.00829485 0.00811314 0.00809366 0.00828093 0.00837732 0.00838433 0.00822068 0.00815641 0.00838981 0.00821535 0.00820748 0.00808524 0.00816929 0.00813606 0.00813577 
0.0117244 0.0105035 0.0102022 0.010346 0.0133765 0.0120217 0.00978944 0.0108673 0.00900651 0.00874227 0.00900731 0.0123824 0.0218866 0.0127483 0.030083 0.0670037 0.049298 0.0277229 0.0286725 0.290025 0.0038107 0.00397599 0 0.0231433 0.0129516 0.0402465 0.0382604 0.070737 0.0640886 0.120901 0.0178484 0.0102027 0.00901651 0.00944592 0.00908108 0.0103134 0.0121575 0.0127122 0.0140586 0.010434 0.013301 0.0126762 0.015937 0.0127165 0.00920553 0.0119153 0.0104046 0.00889783 0.00915984 0.00913979 0.0082722 0.00806113 0.00812884 0.00804702 0.00804713 0.00822435 0.00809289 0.00819226 0.00820676 0.00819187 0.00809354 0.00817638 0.00854704 0.00853902 0.00869577 0.00815286 0.00817981 0.00846875 0.00813521 0.00814877 0.00810964 0.00821442 0.00801726 0.00858572 
0.00891078 0.00916724 0.00850299 0.00829658 0.008666 0.00877018 0.00976099 0.010055 0.00822247 0.00809116 0.00888241 0.00948408 0.015327 0.00938769 0.00953399 0.0118353 0.02915 0.0111747 0.0116847 0.0133447 0.193763 0.0135619 0.0231433 0 0.00457981 0.00374771 0.00381015 0.00413191 0.00456185 0.00503891 0.469861 0.012585 0.0104863 0.0093486 0.0103828 0.00907022 0.0142483 0.0159879 0.018108 0.0101776 0.00942432 0.0100576 0.0127016 0.00963532 0.00842367 0.0105703 0.00913448 0.00847809 0.00905024 0.00882809 0.0082244 0.00801026 0.00808373 0.00804089 0.00794682 0.00804382 0.00826221 0.0082019 0.00803274 0.00798872 0.00804888 0.00817484 0.00829521 0.0080609 0.00810491 0.00844745 0.00844813 0.0082828 0.00800057 0.00806091 0.00815805 0.00802125 0.00832189 0.00857447 
0.00895269 0.0125873 0.00982948 0.00969043 0.00844144 0.00815944 0.00800243 0.00839955 0.00910385 0.00867761 0.0086228 0.0088633 0.0201763 0.0196562 0.0148992 0.0106896 0.0164734 0.0332164 0.0176236 0.0110959 0.0326722 0.108271 0.0129516 0.00457981 0 0.00377393 0.00373066 0.00376016 0.00386979 0.0039611 0.0131578 0.480794 0.0255987 0.013301 0.00970723 0.0196432 0.0135588 0.0126554 0.0497128 0.0311519 0.0181857 0.0141667 0.0114207 0.0107048 0.0107356 0.00912434 0.00906846 0.0109254 0.00954549 0.0087566 0.00861814 0.00831475 0.00811839 0.00802107 0.0081698 0.00833446 0.00828939 0.00818705 0.0080958 0.00843864 0.00831333 0.00813849 0.0082271 0.00844091 0.00849298 0.00838434 0.008434 0.00817411 0.00831089 0.00825644 0.00817385 0.00829161 0.00823041 0.00846834 
0.00984939 0.0154897 0.018398 0.0117072 0.00953847 0.00812906 0.00800374 0.00939024 0.0100863 0.0121301 0.010011 0.00867195 0.0170322 0.0581942 0.0263298 0.0127926 0.0184282 0.0415041 0.0297556 0.012217 0.0237849 0.0388194 0.0402465 0.00374771 0.00377393 0 0.00374965 0.00376493 0.00371765 0.00374518 0.042609 0.0178206 0.151232 0.114143 0.0351692 0.0206892 0.017904 0.0100994 0.0203082 0.0817366 0.0827929 0.022222 0.0119942 0.0114388 0.0115697 0.0104482 0.00984278 0.0148856 0.014263 0.00904693 0.00851279 0.00828981 0.00816879 0.00806223 0.0082643 0.00860015 0.00843247 0.00819068 0.00817758 0.00857752 0.00833341 0.00817614 0.00839027 0.00863013 0.00882633 0.00850861 0.00814687 0.00836229 0.00834996 0.00841097 0.0083685 0.00834716 0.00820167 0.00810892 
0.00975004 0.0191749 0.0234454 0.0163423 0.0093681 0.00826831 0.00805686 0.00921308 0.0100736 0.0119735 0.0105322 0.00889259 0.0186741 0.046503 0.0425452 0.0188322 0.0170311 0.0541103 0.0320307 0.0172157 0.0210893 0.041581 0.0382604 0.00381015 0.00373066 0.00374965 0 0.00375562 0.00373847 0.00374019 0.0212736 0.0542973 0.0372013 0.144314 0.160811 0.0662687 0.028523 0.0129823 0.0192264 0.0740364 0.136512 0.0458002 0.0160396 0.012818 0.0164193 0.0124961 0.0102761 0.0179929 0.0181229 0.00963629 0.00858855 0.00859583 0.00823891 0.00819816 0.00836313 0.00878646 0.00867336 0.00828024 0.00823822 0.00881236 0.00851189 0.0082823 0.00867881 0.00887658 0.00925367 0.00857318 0.00816994 0.00853166 0.00850899 0.00860298 0.00842897 0.00869129 0.00834186 0.0081405 
0.00947338 0.0141721 0.0165032 0.0113615 0.00925941 0.008191 0.00798906 0.0085648 0.00908552 0.0102052 0.0089469 0.00903457 0.0130065 0.0244022 0.0400346 0.0145475 0.0131118 0.0285437 0.0335891 0.0126007 0.0148982 0.0269441 0.070737 0.00413191 0.00376016 0.00376493 0.00375562 0 0.0037128 0.00372448 0.015121 0.0246145 0.0286713 0.0381947 0.0798083 0.172949 0.0312848 0.0108757 0.0194324 0.0322679 0.0888028 0.0386678 0.0142941 0.0117238 0.0130102 0.0110207 0.00936489 0.0134686 0.0155475 0.00918316 0.00859165 0.00832446 0.00819038 0.00814739 0.0081894 0.00856052 0.00838667 0.00815382 0.00813291 0.00857113 0.00831124 0.00812174 0.00840048 0.00862756 0.00883097 0.008359 0.00813575 0.00840931 0.00826293 0.00837361 0.00823071 0.008369 0.00818407 0.0081266 
0.00876867 0.00985308 0.00936652 0.00951689 0.00852255 0.00844816 0.00812303 0.00843887 0.00858441 0.00844715 0.00892603 0.00830693 0.0106475 0.0169127 0.0246638 0.0154292 0.012077 0.0218063 0.0279145 0.0127607 0.0130603 0.0679244 0.0640886 0.00456185 0.00386979 0.00371765 0.00373847 0.0037128 0 0.00463238 0.0177975 0.0151795 0.0142213 0.0171236 0.0156447 0.0270716 0.181333 0.0147979 0.0114272 0.0217466 0.0168678 0.0302772 0.0135702 0.0107626 0.012434 0.010686 0.00959494 0.0106992 0.0116782 0.00898258 0.00807643 0.00820798 0.00802699 0.00789788 0.00809578 0.00818826 0.00827561 0.00800491 0.00798671 0.00822442 0.00820387 0.00803356 0.00816453 0.00841306 0.00821882 0.00821465 0.00805091 0.00817684 0.00818272 0.00808739 0.00815806 0.0081174 0.00796377 0.00805563 
0.00906534 0.00851593 0.00845535 0.00846218 0.00887152 0.00994471 0.00850394 0.00877488 0.00821347 0.00824692 0.0081004 0.0093965 0.0154419 0.00925057 0.0118624 0.0167841 0.0163118 0.00987869 0.0117208 0.013938 0.0189206 0.0115214 0.120901 0.00503891 0.0039611 0.00374518 0.00374019 0.00372448 0.00463238 0 0.0140628 0.0145089 0.0109498 0.0117867 0.0108082 0.0132345 0.0514607 0.11945 0.0169207 0.00963201 0.0115016 0.0111164 0.0151177 0.0129897 0.00873463 0.0107686 0.0112008 0.008628 0.00902459 0.0092232 0.00839876 0.00792483 0.00811823 0.00801051 0.00796649 0.00808763 0.00793604 0.00827713 0.00805708 0.00808147 0.00793125 0.00817424 0.00819608 0.00815126 0.00818182 0.00795429 0.00831511 0.00836764 0.00796631 0.00801097 0.00798088 0.00801153 0.00795808 0.00859633 
0.00887394 0.0081807 0.00840777 0.00825752 0.00894524 0.00875032 0.00906221 0.0103057 0.00805825 0.00813684 0.00924326 0.00906958 0.00970134 0.00888887 0.00897082 0.0104191 0.0109526 0.00893593 0.0100875 0.0137754 0.0131651 0.00894679 0.0178484 0.469861 0.0131578 0.042609 0.0212736 0.015121 0.0177975 0.0140628 0 0.00398759 0.0039439 0.00378404 0.00402528 0.00390816 0.0122442 0.00835243 0.0237917 0.0146363 0.0101732 0.0121364 0.0183291 0.0115465 0.00907266 0.0178908 0.00999941 0.00877011 0.00995284 0.0111315 0.00813039 0.00822205 0.00835865 0.00794719 0.00814165 0.00796842 0.0089521 0.00859595 0.00827204 0.0078833 0.00830613 0.00834492 0.00870148 0.00798392 0.0080552 0.00920352 0.0086361 0.00832056 0.00810038 0.00799284 0.00831424 0.00801957 0.00908721 0.00873567 
0.00835731 0.0088942 0.00889429 0.00857052 0.00821057 0.00808725 0.00795102 0.00805792 0.00813675 0.008228 0.00813939 0.00838293 0.00939539 0.00904303 0.00953148 0.00874594 0.00942609 0.00985486 0.0112873 0.00949106 0.00981265 0.0107523 0.0102027 0.012585 0.480794 0.0178206 0.0542973 0.0246145 0.0151795 0.0145089 0.00398759 0 0.00377315 0.00371351 0.00377643 0.00399583 0.00465252 0.00454292 0.0457458 0.0176768 0.0162126 0.0124138 0.0111008 0.0101664 0.0108228 0.0094651 0.0090549 0.00931273 0.00969912 0.00878156 0.00857859 0.00813934 0.00805974 0.00785837 0.00805381 0.00826531 0.00820528 0.00828067 0.00799177 0.00839341 0.00823231 0.00815421 0.00807306 0.00839115 0.00847893 0.00833514 0.00885105 0.00807912 0.00819056 0.00822302 0.00811554 0.00825073 0.00814403 0.0084719 
0.00815354 0.00862581 0.00870518 0.00833586 0.00812071 0.00797427 0.00786865 0.0082287 0.00810261 0.00819088 0.00811875 0.00806748 0.00870405 0.00933324 0.00885011 0.00863846 0.00884269 0.0107117 0.00926282 0.00874792 0.00907097 0.00900799 0.00901651 0.0104863 0.0255987 0.151232 0.0372013 0.0286713 0.0142213 0.0109498 0.0039439 0.00377315 0 0.00372834 0.00375529 0.00375874 0.00378847 0.00377684 0.0138185 0.0205692 0.0193608 0.0102901 0.00961772 0.00930315 0.00885416 0.00928081 0.00862929 0.0100252 0.00916161 0.00847662 0.00807577 0.00804199 0.00802964 0.0078685 0.00801645 0.00809622 0.00818657 0.0080844 0.00796863 0.00813571 0.00815375 0.00798523 0.0080968 0.00821373 0.00824502 0.00823688 0.00815849 0.00798211 0.00808621 0.00809199 0.00809091 0.00808812 0.00801664 0.00801895 
0.00816277 0.00877772 0.00883573 0.00850953 0.00808182 0.00793666 0.00785724 0.00810008 0.00807757 0.00815648 0.00808282 0.00813679 0.00869495 0.00915042 0.0094298 0.00884586 0.00896752 0.0101354 0.00976438 0.00895849 0.0090978 0.0090258 0.00944592 0.0093486 0.013301 0.114143 0.144314 0.0381947 0.0171236 0.0117867 0.00378404 0.00371351 0.00372834 0 0.00371556 0.00376209 0.00378927 0.00374657 0.0164443 0.0212264 0.0206204 0.0108605 0.00974692 0.00935617 0.00917367 0.00892997 0.00872487 0.00980885 0.0101435 0.00853636 0.00815388 0.00805747 0.00797988 0.00787571 0.00805082 0.00818038 0.0080986 0.00809258 0.00803096 0.00818572 0.00807912 0.00804052 0.00811256 0.00831236 0.00829318 0.00821223 0.00806071 0.00804904 0.00811254 0.00811627 0.00806542 0.00810906 0.00801221 0.00806494 
0.00819119 0.00891549 0.00895164 0.00838634 0.00811431 0.00792138 0.0078447 0.00825254 0.00797793 0.008154 0.00811827 0.00798983 0.00857582 0.00898288 0.00924449 0.00859687 0.00905685 0.0106915 0.00924979 0.00863906 0.00909541 0.00919805 0.00908108 0.0103828 0.00970723 0.0351692 0.160811 0.0798083 0.0156447 0.0108082 0.00402528 0.00377643 0.00375529 0.00371556 0 0.00372389 0.00373037 0.00371679 0.0214255 0.0310869 0.0181764 0.014616 0.00958011 0.00921972 0.0092042 0.00918411 0.00859466 0.00982225 0.00939203 0.00850615 0.00807848 0.00822697 0.00800797 0.00796054 0.00811398 0.00808014 0.00836003 0.00800834 0.00804069 0.00818373 0.00817825 0.00799962 0.00811359 0.00827861 0.00827057 0.0083535 0.00798095 0.00807236 0.00823764 0.00809074 0.00815262 0.00809789 0.00799357 0.00791481 
0.00818139 0.00946608 0.00924922 0.00878823 0.0081854 0.00799077 0.00785203 0.00798991 0.00825669 0.00843422 0.0081911 0.00843542 0.00940573 0.0105566 0.0110558 0.0094509 0.00931523 0.0125736 0.0146382 0.00904938 0.00947663 0.0106293 0.0103134 0.00907022 0.0196432 0.0206892 0.0662687 0.172949 0.0270716 0.0132345 0.00390816 0.00399583 0.00375874 0.00376209 0.00372389 0 0.00369893 0.0037895 0.0421941 0.0274597 0.0640659 0.0175433 0.0111181 0.0102674 0.0106607 0.00980218 0.0088699 0.0120273 0.0103827 0.0087729 0.00841703 0.00817325 0.00805864 0.00799958 0.00796196 0.00847622 0.00836046 0.00819781 0.00803067 0.0084318 0.00829844 0.00805225 0.00811759 0.00851179 0.00859603 0.00831334 0.00819117 0.0082304 0.00816909 0.00827078 0.00813043 0.00833184 0.00810787 0.00810332 
0.00833893 0.00888367 0.00915643 0.0085696 0.00823947 0.00809815 0.00798056 0.00849667 0.00840653 0.00826292 0.00841888 0.00803748 0.00928508 0.0106907 0.0131385 0.010401 0.0106415 0.0155267 0.0127523 0.0102722 0.0111835 0.0157796 0.0121575 0.0142483 0.0135588 0.017904 0.028523 0.0312848 0.181333 0.0514607 0.0122442 0.00465252 0.00378847 0.00378927 0.00373037 0.00369893 0 0.00380108 0.0142484 0.0578187 0.037021 0.0785023 0.0187962 0.013071 0.0186042 0.0113141 0.0110032 0.0120112 0.0144291 0.00944955 0.00815857 0.00843225 0.00802519 0.00793105 0.00821237 0.00819467 0.00866018 0.00805894 0.00812624 0.00833738 0.00850768 0.00804957 0.00841646 0.0086171 0.00845406 0.00854385 0.00809709 0.00825165 0.00828768 0.00820525 0.00826481 0.00826967 0.00801619 0.0079634 
0.00876087 0.00838854 0.00825493 0.00816423 0.00823801 0.008956 0.00823525 0.00846692 0.00814789 0.0081339 0.00805328 0.00826161 0.0122823 0.00880496 0.00915166 0.00990919 0.0142579 0.00975661 0.00973374 0.00914359 0.0158499 0.00925722 0.0127122 0.0159879 0.0126554 0.0100994 0.0129823 0.0108757 0.0147979 0.11945 0.00835243 0.00454292 0.00377684 0.00374657 0.00371679 0.0037895 0.00380108 0 0.0234645 0.0127604 0.0274597 0.0238464 0.0694017 0.0191229 0.00938174 0.0120952 0.0144042 0.00954376 0.00946318 0.00944155 0.00899968 0.00798243 0.00806445 0.00813991 0.00794056 0.00818525 0.00797914 0.00825412 0.00823449 0.00808987 0.00794799 0.00826208 0.00852138 0.00819176 0.00817247 0.00799894 0.00836207 0.00863947 0.00804823 0.00799761 0.00807708 0.00807602 0.00797337 0.00883957 
0.00888245 0.00914472 0.00959341 0.0089713 0.00865957 0.00852874 0.00835508 0.00852014 0.00838084 0.00851484 0.00821112 0.00923647 0.0126207 0.0108216 0.00994023 0.0109363 0.0145642 0.0136799 0.0104098 0.0110466 0.0155639 0.0100306 0.0140586 0.018108 0.0497128 0.0203082 0.0192264 0.0194324 0.0114272 0.0169207 0.0237917 0.0457458 0.0138185 0.0164443 0.0214255 0.0421941 0.0142484 0.0234645 0 0.00410908 0.00381339 0.00379012 0.0041969 0.264171 0.0188665 0.0256833 0.0339473 0.0193335 0.0148735 0.0159349 0.011288 0.00834271 0.00934229 0.00837237 0.00809941 0.00896052 0.00850898 0.00993877 0.00823142 0.00870436 0.00855755 0.00904923 0.00901139 0.00869321 0.00949005 0.00850252 0.0099036 0.00860156 0.00825509 0.00868255 0.00823513 0.00852432 0.00863518 0.00999682 
0.00854872 0.00974699 0.00941384 0.00875074 0.00835559 0.00797364 0.00786206 0.00835637 0.00836539 0.00839402 0.00861531 0.00816606 0.00965305 0.0112622 0.0109353 0.0104745 0.0100005 0.0177275 0.0126359 0.0094928 0.0112465 0.0136457 0.010434 0.0101776 0.0311519 0.0817366 0.0740364 0.0322679 0.0217466 0.00963201 0.0146363 0.0176768 0.0205692 0.0212264 0.0310869 0.0274597 0.0578187 0.0127604 0.00410908 0 0.00373659 0.00376339 0.00376183 0.18021 0.102144 0.0159988 0.015809 0.0658215 0.0298946 0.011249 0.00886836 0.00878163 0.00829741 0.00799675 0.00863912 0.00858269 0.00966292 0.0083461 0.00830658 0.00888278 0.00900353 0.00837994 0.00861706 0.00903958 0.00929798 0.00987697 0.00839285 0.0081242 0.00846697 0.00850693 0.00851912 0.00861023 0.00834311 0.00806174 
0.0086659 0.00956542 0.00993185 0.0091413 0.00855176 0.00798425 0.00792232 0.00819626 0.00852098 0.00864775 0.0083973 0.00819136 0.00949494 0.0132083 0.0133382 0.0109264 0.0101654 0.0166544 0.0174288 0.0095833 0.0104671 0.0135635 0.013301 0.00942432 0.0181857 0.0827929 0.136512 0.0888028 0.0168678 0.0115016 0.0101732 0.0162126 0.0193608 0.0206204 0.0181764 0.0640659 0.037021 0.0274597 0.00381339 0.00373659 0 0.00373306 0.00373395 0.100522 0.106947 0.0297848 0.0138219 0.0453309 0.0411361 0.0131633 0.00904848 0.00858474 0.00864692 0.00819029 0.00823443 0.00950656 0.00947937 0.00859687 0.00828448 0.00896193 0.0091491 0.00853774 0.00885021 0.00915145 0.0105903 0.00901847 0.00839651 0.00832825 0.00838547 0.00879957 0.0087717 0.00854811 0.00825552 0.00804846 
0.00841892 0.00878697 0.00889906 0.00874288 0.0082595 0.00802051 0.00792683 0.00812851 0.00841688 0.00829028 0.00851668 0.00808334 0.00966539 0.0102311 0.0138228 0.00969388 0.0105122 0.0135916 0.0172565 0.00976345 0.0107407 0.0171208 0.0126762 0.0100576 0.0141667 0.022222 0.0458002 0.0386678 0.0302772 0.0111164 0.0121364 0.0124138 0.0102901 0.0108605 0.014616 0.0175433 0.0785023 0.0238464 0.00379012 0.00376339 0.00373306 0 0.0037701 0.0330083 0.208806 0.0994089 0.0172065 0.030165 0.0699147 0.0166737 0.0088098 0.00852884 0.00863747 0.00813533 0.00836602 0.00853273 0.00916493 0.00843003 0.00827056 0.00866637 0.00865953 0.00833972 0.00880971 0.00908384 0.00911971 0.00885781 0.00837459 0.00835131 0.00830372 0.00866173 0.00827285 0.00844234 0.00813438 0.00811718 
0.00881064 0.00832179 0.00845131 0.00826152 0.00836788 0.00875344 0.00816614 0.00849549 0.00813856 0.00803312 0.0080878 0.00825499 0.0100856 0.00898333 0.00940887 0.0100079 0.0130792 0.0096917 0.0103138 0.00989176 0.0126537 0.00962615 0.015937 0.0127016 0.0114207 0.0119942 0.0160396 0.0142941 0.0135702 0.0151177 0.0183291 0.0111008 0.00961772 0.00974692 0.00958011 0.0111181 0.0187962 0.0694017 0.0041969 0.00376183 0.00373395 0.0037701 0 0.0279981 0.0268049 0.31235 0.0290359 0.0132753 0.0204719 0.0226669 0.00994902 0.00819253 0.00844923 0.00854958 0.00800451 0.00835303 0.00837009 0.00861287 0.00902058 0.00839158 0.00820885 0.00863954 0.0109597 0.00845992 0.00861388 0.00832304 0.00846837 0.00886692 0.00813737 0.00808057 0.00805589 0.00819023 0.00816873 0.0089067 
0.00836743 0.00841481 0.0083735 0.00844509 0.00853779 0.00823928 0.00805818 0.00810763 0.00813152 0.00815751 0.0081228 0.0083375 0.00909911 0.00874104 0.00922529 0.0104815 0.00917316 0.00917159 0.0100724 0.0109902 0.00947686 0.00904951 0.0127165 0.00963532 0.0107048 0.0114388 0.012818 0.0117238 0.0107626 0.0129897 0.0115465 0.0101664 0.00930315 0.00935617 0.00921972 0.0102674 0.013071 0.0191229 0.264171 0.18021 0.100522 0.0330083 0.0279981 0 0.00383383 0.00384436 0.240112 0.0466425 0.0267916 0.0411178 0.0101194 0.00880513 0.0117048 0.00856711 0.00843239 0.00863951 0.00878186 0.0125208 0.00869803 0.00869513 0.00868198 0.0114508 0.00936836 0.00893027 0.00922517 0.00877084 0.0118627 0.00839032 0.00829995 0.00826089 0.0083228 0.00844421 0.00939312 0.00923191 
0.00844479 0.00849422 0.00846307 0.00840626 0.00812509 0.00796954 0.00786215 0.00797094 0.00837788 0.008151 0.00815298 0.00793871 0.00873866 0.00894352 0.00918816 0.00828215 0.0088336 0.00954794 0.00980376 0.00843228 0.0088763 0.0109901 0.00920553 0.00842367 0.0107356 0.0115697 0.0164193 0.0130102 0.012434 0.00873463 0.00907266 0.0108228 0.00885416 0.00917367 0.0092042 0.0106607 0.0186042 0.00938174 0.0188665 0.102144 0.106947 0.208806 0.0268049 0.00383383 0 0.00397258 0.0378314 0.239429 0.164556 0.0175313 0.00948226 0.00948274 0.00851824 0.00822949 0.00835682 0.0085157 0.00931393 0.00858593 0.00834426 0.00909044 0.00905056 0.00841292 0.00913265 0.00947801 0.00929128 0.0088941 0.00836027 0.00819245 0.00835339 0.00838516 0.00820632 0.00846558 0.00813643 0.00805039 
0.00892284 0.00849567 0.00839676 0.00833243 0.0082759 0.00878416 0.00823835 0.0085218 0.00813268 0.00814439 0.00803777 0.00843603 0.00922613 0.00860523 0.00860851 0.0091515 0.0105877 0.00896321 0.00904482 0.00915939 0.0111762 0.00874925 0.0119153 0.0105703 0.00912434 0.0104482 0.0124961 0.0110207 0.010686 0.0107686 0.0178908 0.0094651 0.00928081 0.00892997 0.00918411 0.00980218 0.0113141 0.0120952 0.0256833 0.0159988 0.0297848 0.0994089 0.31235 0.00384436 0.00397258 0 0.0358581 0.0231525 0.240411 0.214444 0.0122234 0.00891627 0.00979298 0.00912306 0.00844491 0.00851306 0.00923326 0.00945143 0.0109648 0.00867794 0.00887547 0.00941447 0.0127507 0.00880761 0.00897063 0.00876553 0.00860192 0.00959108 0.00822475 0.00825096 0.00820065 0.00835826 0.00853703 0.00908484 
0.00850443 0.00868947 0.00836818 0.00836256 0.0088134 0.00849556 0.00823006 0.00816044 0.0081602 0.00809016 0.00810804 0.00838081 0.00903463 0.00845045 0.00863695 0.00890753 0.00864522 0.00844654 0.00869944 0.009004 0.00852764 0.00844467 0.0104046 0.00913448 0.00906846 0.00984278 0.0102761 0.00936489 0.00959494 0.0112008 0.00999941 0.0090549 0.00862929 0.00872487 0.00859466 0.0088699 0.0110032 0.0144042 0.0339473 0.015809 0.0138219 0.0172065 0.0290359 0.240112 0.0378314 0.0358581 0 0.00406588 0.00383966 0.00428568 0.0247502 0.00930077 0.013695 0.00893005 0.00850935 0.00875924 0.00923074 0.0151042 0.0089842 0.0085629 0.00898235 0.0139539 0.0102553 0.00905465 0.0088922 0.00976129 0.014185 0.00883575 0.00845078 0.0083184 0.0084592 0.00854547 0.010723 0.0103013 
0.00843749 0.00875955 0.00891535 0.00855274 0.00827959 0.00800237 0.00791061 0.00810436 0.00833606 0.00827108 0.00817464 0.00800609 0.00845414 0.00881336 0.00890837 0.00840486 0.00853612 0.00943443 0.00926491 0.0083619 0.00840796 0.00919712 0.00889783 0.00847809 0.0109254 0.0148856 0.0179929 0.0134686 0.0106992 0.008628 0.00877011 0.00931273 0.0100252 0.00980885 0.00982225 0.0120273 0.0120112 0.00954376 0.0193335 0.0658215 0.0453309 0.030165 0.0132753 0.0466425 0.239429 0.0231525 0.00406588 0 0.00381736 0.00372739 0.0241626 0.0183992 0.0103911 0.00930145 0.00933357 0.0102196 0.0117643 0.00947633 0.00894711 0.0109742 0.0105606 0.00919547 0.0099752 0.0115899 0.0136181 0.0101411 0.00888095 0.00847531 0.00881553 0.00915858 0.00896691 0.00942427 0.0085836 0.00824505 
