1QUPA
TTNDTYEATYAIPXHCENCVNDIKACLKNVPGINSLNFDIEQQIXSVESSVAPSTIINTLRNCGKDAIIRGAGKPNSSAVAILETFQKYTIDQKKDTAVRGLARIVQVGENKTLFDITVNGVPEAGNYHASIHEKGDVSKGVESTGKVWHKFDEPIECFNESDLGKNLYSGKTFLSAPLPTWQLIGRSFVISKSLNHPENEPSSVKDYSFLGVIARSAGVW
CHHHCEEEEEECCCCCCCHHHHHHHHHCCCCCEEEEEEECCCCEEEEEECCCHHHHHHHHHHCCCCCEEECCCCCCCEEEEEEECCCCCCCCCCCCCCEEEEEEEEECCCCCEEEEEEEEEECCCEEEEEEEECCCCCCCHHHHHCCEEEECCCCEEECEEECCEEEEEEEEEEEEECCCHHHHCCCEEEEEEECCCHHHCCCCCCEEEEEEECEEECCCC
0 0 0 0 0 0 0 0 0 0 0 0 0 0 0 0 0 0 0 0 0 0 0 0 0 0 0 0 0 0 0 0 0 0 0 0 0 0 0 0 0 0 0 0 0 0 0 0 0 0 0 0 0 0 0 0 0 0 0 0 0 0 0 0 0 0 0 0 0 0 0 0 0 0 0 0 0 0 0 0 0 0 0 0 0 0 0 0 0 0 0 0 0 0 0 0 0 0 0 0 0 0 0 0 0 0 0 0 0 0 0 0 0 0 0 0 0 0 0 0 0 0 0 0 0 0 0 0 0 0 0 0 0 0 0 0 0 0 0 0 0 0 0 0 0 0 0 0 0 0 0 0 0 0 0 0 0 0 0 0 0 0 0 0 0 0 0 0 0 0 0 0 0 0 0 0 0 0 0 0 0 0 0 0 0 0 0 0 0 0 0 0 0 0 0 0 0 0 0 0 0 0 0 0 0 0 0 0 0 0 0 0 0 0 0 0 0 0 0 0 0 
0 0 0 0 0 0 0 0 0 0 0 0 0 0 0 0 0 0 0 0 0 0 0 0 0 0 0 0 0 0 0 0 0 0 0 0 0 0 0 0 0 0 0 0 0 0 0 0 0 0 0 0 0 0 0 0 0 0 0 0 0 0 0 0 0 0 0 0 0 0 0 0 0 0 0 0 0 0 0 0 0 0 0 0 0 0 0 0 0 0 0 0 0 0 0 0 0 0 0 0 0 0 0 0 0 0 0 0 0 0 0 0 0 0 0 0 0 0 0 0 0 0 0 0 0 0 0 0 0 0 0 0 0 0 0 0 0 0 0 0 0 0 0 0 0 0 0 0 0 0 0 0 0 0 0 0 0 0 0 0 0 0 0 0 0 0 0 0 0 0 0 0 0 0 0 0 0 0 0 0 0 0 0 0 0 0 0 0 0 0 0 0 0 0 0 0 0 0 0 0 0 0 0 0 0 0 0 0 0 0 0 0 0 0 0 0 0 0 0 0 0 
0 0.00394443 0.00382712 0.00385074 0.0042618 0.00858054 0.0712742 0.0138094 0.0129803 0.0128489 0.0105895 0.0299049 0.0311418 0.0160843 0.0174576 0.0103128 0.0191803 0.0108616 0.0629536 0.0108331 0.012185 0.0221649 0.0123541 0.0105973 0.0111442 0.0107353 0.0109154 0.0142236 0.0147636 0.0093878 0.00847071 0.0097736 0.00827135 0.0110069 0.00833606 0.00975156 0.00877551 0.0120623 0.0100784 0.00839205 0.00907244 0.00829585 0.0105988 0.00821466 0.00933133 0.00829602 0.00882958 0.00976293 0.00936121 0.00790207 0.00849656 0.00811667 0.00932025 0.00820678 0.008593 0.00956285 0.0082164 0.00793755 0.00825661 0.00859741 0.0104859 0.00798614 0.00914611 0.00816753 0.00799465 0.00911598 0.00928126 0.00794558 0.00804567 0.0082146 0.0080602 0.00808515 0.00831768 0.00812946 0.00811638 0.00817677 0.00823634 0.00825831 0.0099755 0.00867047 0.00833195 0.00824824 0.00837702 0.00820468 0.00832319 0.00849041 0.00818912 0.00799215 0.00811359 0.00815154 0.00844802 0.00835885 0.00884024 0.00915412 0.00839676 0.0100371 
0.00394443 0 0.0038977 0.00381902 0.00486801 0.00515923 0.0215787 0.0479456 0.0149575 0.0128821 0.0242867 0.0168656 0.0154319 0.0209919 0.0151552 0.0371059 0.0105808 0.0859992 0.0117615 0.0169578 0.0144306 0.0139151 0.0132996 0.0172689 0.0182173 0.0209445 0.0222393 0.0132139 0.0141694 0.008792 0.0102409 0.00885031 0.0126733 0.00879826 0.0170893 0.00904867 0.0123247 0.00917727 0.0087842 0.0103019 0.00932846 0.0128111 0.00927044 0.0136784 0.0085753 0.00971487 0.00994875 0.0085887 0.00797826 0.00868595 0.00813732 0.00957159 0.00853243 0.010381 0.0089589 0.00830529 0.00806313 0.00842622 0.00816761 0.00819844 0.00802454 0.00851292 0.00811631 0.00831963 0.00817007 0.00812736 0.00808882 0.0081277 0.00826749 0.00812365 0.00837258 0.00841338 0.00816145 0.00846362 0.00842036 0.00866423 0.00829535 0.0085538 0.00813529 0.00828394 0.00854726 0.00886752 0.00836415 0.00843669 0.00828436 0.00818468 0.00804583 0.00818763 0.00831485 0.00864637 0.00842258 0.00860799 0.0084794 0.00848842 0.00854594 0.00867098 
0.00382712 0.0038977 0 0.00378725 0.00375333 0.00386406 0.027181 0.0192514 0.0529978 0.0352687 0.0201402 0.0281423 0.0116222 0.0128255 0.0339432 0.0157528 0.140404 0.0107694 0.0185426 0.0120559 0.0129664 0.0133044 0.0131648 0.0197286 0.0391187 0.0526696 0.0375829 0.0174496 0.011065 0.00937734 0.0096324 0.0187097 0.0107582 0.0215545 0.0114893 0.0224031 0.0104627 0.00942249 0.00952659 0.0109454 0.0226513 0.0113341 0.0206941 0.0102426 0.0178019 0.0110249 0.0131989 0.00844016 0.008528 0.00835384 0.00960574 0.00869988 0.013106 0.0103529 0.00959975 0.00832654 0.00826871 0.00840863 0.00839176 0.00807704 0.00885754 0.00835546 0.00860031 0.00847579 0.00818889 0.0080082 0.00838191 0.00823186 0.00849441 0.00876228 0.00879118 0.00878612 0.00894052 0.00875052 0.00950781 0.00912327 0.00945374 0.0085697 0.00817046 0.0083991 0.00900527 0.00924466 0.00924989 0.00877354 0.00837974 0.00815841 0.00807447 0.00831361 0.0089104 0.00899318 0.00932007 0.00893124 0.00928891 0.00919628 0.00860781 0.0085351 
0.00385074 0.00381902 0.00378725 0 0.00377871 0.00380872 0.0232458 0.035426 0.0262264 0.0579285 0.0413907 0.0158464 0.0150964 0.0169567 0.018749 0.107294 0.0232726 0.02282 0.0131524 0.0151622 0.0134953 0.0158993 0.0137612 0.0254731 0.0577072 0.0604805 0.0375495 0.0169881 0.0125341 0.00921437 0.0119391 0.0126181 0.0177822 0.0121784 0.0216447 0.0152399 0.0121365 0.0101651 0.00983711 0.0116126 0.0176712 0.0190691 0.0130158 0.0152654 0.0117723 0.0134519 0.0133517 0.00849354 0.00840611 0.00873223 0.0089608 0.0104912 0.0105318 0.0128041 0.00962407 0.00834238 0.00810213 0.00835338 0.00867386 0.00820942 0.00834953 0.00836913 0.00842052 0.00841998 0.00805446 0.00796311 0.00816469 0.00825242 0.00855642 0.0087511 0.00873964 0.00912037 0.00867251 0.00898438 0.00910992 0.00946978 0.00905295 0.00840449 0.00805491 0.00837634 0.00888148 0.00953461 0.00920652 0.00865761 0.00827288 0.00804245 0.0080521 0.00821107 0.00870315 0.00950793 0.00927442 0.00882392 0.00932448 0.00869385 0.00856864 0.00867467 
0.0042618 0.00486801 0.00375333 0.00377871 0 0.00388904 0.0250457 0.0284513 0.0224974 0.0249152 0.0322757 0.0590408 0.0169764 0.018428 0.0723363 0.0206634 0.0273738 0.0251599 0.0171961 0.0153312 0.0470868 0.0150317 0.0156773 0.0389758 0.0353301 0.0298912 0.0261177 0.0243548 0.0122705 0.0100906 0.0109494 0.0134498 0.0102924 0.0127992 0.0121842 0.0133438 0.0137139 0.0125664 0.00985892 0.0118848 0.0156733 0.0110125 0.0134703 0.0110377 0.0124375 0.0104375 0.0145912 0.00890273 0.00865259 0.00871958 0.00891981 0.00953413 0.0106411 0.0100085 0.0107101 0.00866152 0.00827991 0.00847543 0.00841831 0.00806532 0.00851173 0.00843892 0.00871969 0.0082868 0.00822074 0.00801789 0.0084249 0.00845012 0.00875291 0.00860013 0.00887494 0.00863505 0.00913436 0.00889142 0.00937146 0.0091912 0.00899512 0.00851325 0.00816861 0.00876426 0.00923327 0.00933442 0.0091724 0.00871847 0.00832733 0.00805387 0.00817196 0.00839387 0.00881555 0.00909948 0.00938608 0.00890453 0.00899059 0.00901582 0.00871113 0.00846669 
0.00858054 0.00515923 0.00386406 0.00380872 0.00388904 0 0.032503 0.0205079 0.0155383 0.0151403 0.0167208 0.0420769 0.060981 0.0904964 0.0176643 0.015097 0.0146887 0.0170219 0.0221654 0.0365913 0.0156627 0.0251974 0.0364534 0.0174704 0.0162488 0.0156084 0.0147779 0.013198 0.0181766 0.0185809 0.00980704 0.00986527 0.0103839 0.00958501 0.0103792 0.00986431 0.0106074 0.0123618 0.0150627 0.0104228 0.009802 0.0101222 0.00958402 0.00984083 0.00897715 0.00993827 0.00977386 0.0107489 0.0103535 0.00874639 0.00859691 0.00859683 0.00897461 0.00958402 0.00886792 0.00914252 0.00929294 0.00830537 0.00818747 0.00827559 0.00969262 0.00849004 0.00849393 0.00895806 0.00819951 0.0086611 0.00974649 0.00876658 0.00827464 0.00857574 0.00877715 0.00863055 0.00866917 0.00878875 0.00876073 0.00894267 0.00877646 0.0081346 0.00839458 0.0097102 0.00914232 0.00962788 0.00881911 0.00824207 0.0080984 0.00829859 0.00879971 0.0084877 0.00837831 0.00863729 0.008491 0.00832304 0.00946071 0.0114353 0.00835102 0.0085688 
0.0712742 0.0215787 0.027181 0.0232458 0.0250457 0.032503 0 0.00500313 0.0040199 0.00418503 0.00455124 0.00879403 0.0298845 0.00990025 0.00910872 0.00980905 0.0100906 0.0235795 0.295763 0.0282494 0.0137943 0.0283778 0.0176616 0.0114165 0.011827 0.0116243 0.0120257 0.0124391 0.0228757 0.00996275 0.00913576 0.00894165 0.00914637 0.00892533 0.00983262 0.00866939 0.00952272 0.0123938 0.0105007 0.00855894 0.00870751 0.00894466 0.00889378 0.0091273 0.00846176 0.00846845 0.00882404 0.0109132 0.00853129 0.00803306 0.00809779 0.00843065 0.008265 0.00835416 0.00866434 0.00958311 0.00850564 0.00797982 0.00805459 0.00867257 0.00926518 0.00826551 0.00871262 0.00872623 0.00817649 0.00935648 0.00871871 0.00797778 0.00811896 0.0079949 0.00815595 0.00811066 0.00806635 0.00812772 0.00808277 0.00825226 0.00807925 0.00841889 0.00894062 0.00839011 0.00830396 0.00832229 0.00811445 0.00828119 0.00811191 0.00855065 0.00829549 0.00797649 0.00812341 0.00804663 0.00809683 0.00821206 0.00853076 0.00884498 0.00837748 0.0101674 
0.0138094 0.0479456 0.0192514 0.035426 0.0284513 0.0205079 0.00500313 0 0.00403192 0.00386909 0.00399977 0.00541034 0.00581802 0.00757081 0.00829881 0.0083291 0.0104701 0.0811408 0.196252 0.0115566 0.0132681 0.0126924 0.0125613 0.0130944 0.0122343 0.0124335 0.0126677 0.015214 0.0115389 0.00939225 0.00890008 0.00914895 0.00889926 0.00916022 0.00968145 0.00941376 0.00984376 0.0092776 0.00906502 0.00886754 0.00884132 0.00930003 0.00895249 0.00917989 0.00846434 0.00859464 0.00925274 0.00868129 0.00824942 0.00799659 0.0081399 0.00817739 0.00846492 0.00842548 0.00873392 0.00859306 0.00801219 0.00803048 0.0081687 0.00807033 0.00823942 0.00825777 0.00813483 0.00822945 0.00805911 0.00828196 0.00821267 0.00807107 0.00802173 0.00803307 0.00806695 0.00818169 0.00812399 0.00814502 0.00819901 0.00820342 0.00820538 0.00828159 0.00812272 0.00807428 0.00832695 0.00840806 0.00831502 0.0081847 0.00816074 0.00805896 0.00792992 0.00808106 0.008143 0.0082922 0.00822349 0.00832304 0.00850273 0.00826938 0.00841438 0.00854185 
0.0129803 0.0149575 0.0529978 0.0262264 0.0224974 0.0155383 0.0040199 0.00403192 0 0.0038906 0.00399097 0.00389473 0.00406806 0.00774881 0.00832706 0.0114294 0.0400246 0.500261 0.0123481 0.0123557 0.00940676 0.0108677 0.0110887 0.0114502 0.0155599 0.016154 0.0219287 0.0101842 0.010954 0.00911913 0.00941657 0.00966845 0.0098298 0.00963074 0.0118995 0.00968187 0.00913186 0.00876939 0.00899636 0.00909837 0.0100231 0.0106346 0.0095685 0.0102881 0.00904496 0.00946714 0.00909553 0.00841794 0.00821389 0.00814786 0.00830863 0.00881012 0.00902709 0.00949766 0.00859772 0.00819257 0.00807717 0.00809314 0.00803255 0.00799365 0.00827935 0.00834021 0.0081999 0.00850139 0.00796701 0.00809209 0.00823678 0.00804083 0.00812648 0.00822156 0.00833626 0.0083507 0.00826797 0.00830246 0.00860536 0.00849661 0.00840523 0.0081709 0.00803319 0.0082024 0.00844095 0.00892134 0.00836872 0.00830312 0.00820911 0.00795156 0.00805855 0.00807443 0.00829111 0.00842835 0.00834268 0.00844471 0.0083903 0.00856638 0.00820124 0.00822632 
0.0128489 0.0128821 0.0352687 0.0579285 0.0249152 0.0151403 0.00418503 0.00386909 0.0038906 0 0.00379356 0.00382072 0.00387834 0.00636377 0.00938165 0.0164934 0.758601 0.0127223 0.0104818 0.010583 0.0107492 0.0108112 0.011193 0.0122677 0.0195145 0.0263982 0.0154524 0.011536 0.0102643 0.00934919 0.0091475 0.01182 0.00933719 0.0124737 0.0100868 0.0124573 0.00916393 0.00883454 0.00905567 0.00932785 0.0141112 0.0100887 0.0118746 0.0095672 0.0113326 0.00915365 0.0100561 0.00842612 0.00834545 0.00805837 0.00879627 0.00859857 0.0101643 0.00924899 0.00881594 0.00820392 0.00804523 0.00817747 0.00808907 0.00794082 0.00841637 0.00824952 0.00825869 0.00838088 0.00803512 0.00800104 0.00821453 0.00806097 0.00812051 0.00857181 0.00838007 0.00851939 0.00845088 0.00846856 0.00863512 0.00888177 0.00852969 0.00834522 0.00805849 0.0081889 0.00874053 0.00935248 0.00866248 0.00862549 0.00821212 0.00799989 0.00798777 0.00812585 0.00840504 0.00859547 0.00842912 0.0085749 0.00855509 0.00856156 0.00837798 0.0082687 
0.0105895 0.0242867 0.0201402 0.0413907 0.0322757 0.0167208 0.00455124 0.00399977 0.00399097 0.00379356 0 0.00377833 0.00387684 0.0088416 0.0138363 0.873829 0.0085917 0.0129959 0.00792714 0.0153221 0.00942864 0.0126672 0.0119981 0.0134995 0.0266852 0.0196938 0.0212706 0.0106918 0.0122121 0.00936064 0.0118315 0.00940439 0.0154626 0.00909806 0.0194189 0.00953608 0.010057 0.00906299 0.00903766 0.0109431 0.0109262 0.0180619 0.00890951 0.0166549 0.00891384 0.0117162 0.00908372 0.00834456 0.00825956 0.00878646 0.00832318 0.0105359 0.00865862 0.0125494 0.00860527 0.00820122 0.00819258 0.0081943 0.00809075 0.00801759 0.00816326 0.00860525 0.00816847 0.00896126 0.00807536 0.00803176 0.00830006 0.00813559 0.00837482 0.00836374 0.00863121 0.00857698 0.00828811 0.00868537 0.00882438 0.00870437 0.00844716 0.00827691 0.00802167 0.00836843 0.00863043 0.00939733 0.00861179 0.00846412 0.00812454 0.00804742 0.00811689 0.00814087 0.00849851 0.00850953 0.00854517 0.00854509 0.00844113 0.00874768 0.00823184 0.00821919 
0.0299049 0.0168656 0.0281423 0.0158464 0.0590408 0.0420769 0.00879403 0.00541034 0.00389473 0.00382072 0.00377833 0 0.00419889 0.0109679 0.905815 0.0101303 0.0114822 0.0078094 0.0113652 0.013503 0.0289049 0.0125364 0.0153698 0.0252813 0.0152176 0.0164904 0.0130902 0.0200728 0.0101437 0.0110764 0.00931425 0.0128688 0.00865974 0.0119817 0.00889179 0.0132686 0.010232 0.00954696 0.0107735 0.00989338 0.0125778 0.00871749 0.0116268 0.00866642 0.0108888 0.00859367 0.0112201 0.00886183 0.0091405 0.00823466 0.0087737 0.00835678 0.0102077 0.00868875 0.00989649 0.00841557 0.0084533 0.00837469 0.00836552 0.0079967 0.00930544 0.0081795 0.00832709 0.0082931 0.00808534 0.00808998 0.00865095 0.00827543 0.00812034 0.00872678 0.00825458 0.00826073 0.00849382 0.00828139 0.00842529 0.00847173 0.00853053 0.00812145 0.00822685 0.00846096 0.00884224 0.0085336 0.00879557 0.00821393 0.00837884 0.00797181 0.00806705 0.00833042 0.00823607 0.00860293 0.00865351 0.00845094 0.00833961 0.00845723 0.00831974 0.00829746 
0.0311418 0.0154319 0.0116222 0.0150964 0.0169764 0.060981 0.0298845 0.00581802 0.00406806 0.00387834 0.00387684 0.00419889 0 0.950303 0.013222 0.00814544 0.00694377 0.00986984 0.0098594 0.0285 0.0118581 0.0182864 0.0302634 0.0138954 0.01265 0.0123278 0.0127341 0.0108873 0.0163274 0.0147983 0.00973359 0.00916429 0.00990168 0.00901329 0.0101121 0.00898142 0.00976903 0.0105316 0.0152172 0.0113549 0.00884868 0.00984808 0.00898417 0.0103524 0.00857889 0.00920455 0.00929798 0.00960018 0.0100699 0.00872498 0.00839338 0.00852206 0.00849627 0.00892954 0.00856452 0.00888682 0.00909874 0.00811946 0.00801558 0.00825313 0.00932441 0.00843829 0.0082529 0.00889338 0.00808143 0.00836259 0.00954321 0.00847156 0.00823855 0.00818573 0.0082977 0.008226 0.00814619 0.00829617 0.00832129 0.00846311 0.00830301 0.0081095 0.00820881 0.00917354 0.00862137 0.00849628 0.00831753 0.0081548 0.0080331 0.00825238 0.00867813 0.00826993 0.0081222 0.00819813 0.00825255 0.00811891 0.0085684 0.00965828 0.00821491 0.00840449 
0.0160843 0.0209919 0.0128255 0.0169567 0.018428 0.0904964 0.00990025 0.00757081 0.00774881 0.00636377 0.0088416 0.0109679 0.950303 0 0.00407368 0.00389342 0.00390185 0.00554545 0.00972439 0.0914542 0.0162978 0.0572865 0.0306689 0.0194197 0.0161348 0.016412 0.0169495 0.0153713 0.0357153 0.0133281 0.0115572 0.00985799 0.0116764 0.0101006 0.0148392 0.00967524 0.0167468 0.0178803 0.0137907 0.0107892 0.0102955 0.011166 0.00941575 0.0114576 0.00900314 0.0104251 0.010668 0.0144437 0.00940055 0.00844961 0.00839167 0.00909957 0.00882887 0.0101922 0.00934806 0.0147533 0.00871092 0.00807867 0.00844325 0.0102175 0.00919845 0.00845669 0.00915683 0.00871355 0.00830403 0.0103124 0.00880577 0.0081375 0.00826541 0.0081271 0.00826549 0.00839307 0.00819534 0.00836933 0.00834313 0.00861824 0.00834336 0.00888747 0.00974115 0.00919379 0.00867668 0.00860291 0.00840002 0.00842027 0.00835194 0.00943803 0.00861513 0.00803292 0.00820583 0.00821329 0.00833688 0.00861654 0.00951062 0.00938727 0.0085846 0.0107577 
0.0174576 0.0151552 0.0339432 0.018749 0.0723363 0.0176643 0.00910872 0.00829881 0.00832706 0.00938165 0.0138363 0.905815 0.013222 0.00407368 0 0.00383937 0.00387003 0.00398612 0.00503999 0.0179332 0.10589 0.0171577 0.0184798 0.035881 0.0263312 0.030964 0.0199597 0.0426426 0.0125224 0.0115693 0.0107408 0.0207029 0.00912087 0.0297264 0.00985433 0.0330245 0.0127925 0.0122654 0.0114191 0.0119586 0.019046 0.00988633 0.0236089 0.00939344 0.0192496 0.00951711 0.0188865 0.00945067 0.00963847 0.0083015 0.00991208 0.00855477 0.0187697 0.00950144 0.0137519 0.00932921 0.00825499 0.00853784 0.00900458 0.00819685 0.00922146 0.00826727 0.0088233 0.00811924 0.00817725 0.00848954 0.00868195 0.00840271 0.0083912 0.0088885 0.00867926 0.00898563 0.00900732 0.00879771 0.00947271 0.00902083 0.0103316 0.00854331 0.0095427 0.00841947 0.0103765 0.00947239 0.00986543 0.00861111 0.00868058 0.00809728 0.00802414 0.00854664 0.0086267 0.00915264 0.00905776 0.00890582 0.00944127 0.00878829 0.00890281 0.00903861 
0.0103128 0.0371059 0.0157528 0.107294 0.0206634 0.015097 0.00980905 0.0083291 0.0114294 0.0164934 0.873829 0.0101303 0.00814544 0.00389342 0.00383937 0 0.00376079 0.0038718 0.00383172 0.0533049 0.011652 0.0220261 0.0158442 0.0197205 0.0367924 0.03528 0.0522624 0.0114196 0.0151437 0.00997404 0.0191166 0.0103145 0.044208 0.0099195 0.0673157 0.0103631 0.0182468 0.0103386 0.00981217 0.0154625 0.0147229 0.0450563 0.00957028 0.0434167 0.00974678 0.0271134 0.0106353 0.00893881 0.00851925 0.0110234 0.00862814 0.0206323 0.0094309 0.029247 0.00912208 0.00877353 0.00853784 0.00874391 0.00843315 0.00833533 0.00844648 0.00927664 0.00843851 0.00900431 0.00816455 0.00810799 0.00840445 0.00842718 0.00894898 0.00894735 0.00959129 0.00929598 0.0087205 0.010187 0.00976104 0.0114122 0.00906256 0.00890576 0.00820648 0.00899719 0.0093163 0.0116379 0.00920793 0.00928488 0.00820895 0.00812387 0.0083365 0.00837134 0.00888864 0.00905777 0.00905631 0.00910648 0.00907242 0.00929997 0.00848048 0.00840042 
0.0191803 0.0105808 0.140404 0.0232726 0.0273738 0.0146887 0.0100906 0.0104701 0.0400246 0.758601 0.0085917 0.0114822 0.00694377 0.00390185 0.00387003 0.00376079 0 0.0037525 0.00401391 0.0168319 0.0383506 0.0148933 0.0142822 0.0260968 0.0329105 0.0638158 0.0177961 0.0270998 0.0102412 0.0111779 0.0101481 0.0400158 0.00900945 0.047863 0.00950155 0.0484582 0.0113496 0.01023 0.011025 0.0108718 0.0428342 0.00975449 0.04593 0.00900595 0.0385213 0.00960147 0.0146201 0.00892914 0.00983795 0.0082133 0.0162691 0.00876628 0.0264846 0.00980899 0.0117231 0.00880041 0.00829611 0.00843155 0.00878046 0.00806288 0.0102938 0.00824059 0.0092499 0.0084165 0.00808742 0.00826766 0.00917669 0.00826057 0.00848337 0.0101978 0.00881172 0.00951061 0.00976449 0.00895756 0.0101498 0.00956386 0.0108239 0.00838641 0.00923501 0.00842274 0.0104041 0.0106181 0.0104977 0.0087753 0.00878767 0.00806129 0.00805375 0.00862626 0.00894202 0.00932552 0.00955952 0.00899707 0.00982343 0.00902222 0.00863608 0.0087542 
0.0108616 0.0859992 0.0107694 0.02282 0.0251599 0.0170219 0.0235795 0.0811408 0.500261 0.0127223 0.0129959 0.0078094 0.00986984 0.00554545 0.00398612 0.0038718 0.0037525 0 0.00386831 0.0437395 0.0326186 0.0239474 0.0188238 0.026848 0.0311334 0.0159788 0.0248007 0.0124697 0.0157501 0.0105451 0.021301 0.00893065 0.0242914 0.00884664 0.0304987 0.00921042 0.0176697 0.0104378 0.0108135 0.0191519 0.0103646 0.0251919 0.00874974 0.0233384 0.00883527 0.0133648 0.0113062 0.0090314 0.00858175 0.014381 0.00843129 0.013074 0.00873217 0.0146461 0.00930615 0.00852752 0.00856179 0.0086986 0.00828191 0.0082922 0.00841217 0.0104863 0.00813073 0.0087688 0.0084493 0.00799164 0.00838837 0.0085911 0.00862346 0.00840705 0.00905565 0.00891669 0.00834126 0.00879069 0.00885933 0.00942945 0.00843852 0.00843438 0.00799385 0.0093368 0.0089965 0.0102071 0.00866291 0.00898118 0.00809211 0.00820052 0.00834828 0.00844375 0.00852103 0.00852239 0.00860185 0.0084455 0.00842894 0.00890131 0.00831921 0.00825269 
0.0629536 0.0117615 0.0185426 0.0131524 0.0171961 0.0221654 0.295763 0.196252 0.0123481 0.0104818 0.00792714 0.0113652 0.0098594 0.00972439 0.00503999 0.00383172 0.00401391 0.00386831 0 0.0221811 0.0270343 0.0863371 0.0324345 0.0233883 0.0162336 0.0211429 0.0151628 0.022292 0.0135773 0.0219277 0.00956675 0.0161647 0.00906819 0.014602 0.00885248 0.0134159 0.0101109 0.0154465 0.0306665 0.0104073 0.0134054 0.00902008 0.0182161 0.00879097 0.0132496 0.00910455 0.0112699 0.0108168 0.0196446 0.00835372 0.00965539 0.00838295 0.0114834 0.00903487 0.0097229 0.0109236 0.0097921 0.00823243 0.00841613 0.0083815 0.0165986 0.00822861 0.00948345 0.00914701 0.00814102 0.00878268 0.0121023 0.00837904 0.00808225 0.00905143 0.00857958 0.0084958 0.00926243 0.00849482 0.00872832 0.00881281 0.00943425 0.00811256 0.00939882 0.0096907 0.00967191 0.00855957 0.00907793 0.00817516 0.00848323 0.00810179 0.00867156 0.00855058 0.00819203 0.00837474 0.00833964 0.00834488 0.00911361 0.010815 0.00834752 0.00916096 
0.0108331 0.0169578 0.0120559 0.0151622 0.0153312 0.0365913 0.0282494 0.0115566 0.0123557 0.010583 0.0153221 0.013503 0.0285 0.0914542 0.0179332 0.0533049 0.0168319 0.0437395 0.0221811 0 0.0042575 0.004742 0.0201456 0.0199956 0.114228 0.0411029 0.0154018 0.0127546 0.0489384 0.0153097 0.016485 0.00965532 0.0177302 0.00949438 0.0203296 0.00992462 0.0147101 0.0222296 0.0204432 0.015285 0.0110199 0.0158413 0.0095546 0.0165975 0.00931309 0.0132392 0.0116677 0.0159208 0.00974224 0.00948029 0.00869034 0.0105086 0.00900892 0.0118126 0.0100993 0.0129462 0.00915423 0.0086386 0.00893178 0.0122174 0.00882543 0.00928709 0.00952752 0.00944318 0.00867328 0.0108907 0.00874791 0.00831178 0.00881854 0.00846476 0.0089439 0.0089205 0.00841638 0.00878712 0.00884485 0.00920815 0.00866128 0.00990933 0.0098743 0.00998867 0.00897084 0.00979226 0.00851023 0.00932026 0.00848729 0.0099855 0.00880469 0.00804738 0.00856826 0.00834588 0.00862399 0.00908342 0.00965344 0.0103839 0.00934156 0.0113521 
0.012185 0.0144306 0.0129664 0.0134953 0.0470868 0.0156627 0.0137943 0.0132681 0.00940676 0.0107492 0.00942864 0.0289049 0.0118581 0.0162978 0.10589 0.011652 0.0383506 0.0326186 0.0270343 0.0042575 0 0.00391463 0.0192106 0.151636 0.0244 0.018073 0.0121878 0.0391071 0.0115883 0.0146611 0.0143915 0.0136543 0.00910539 0.0148442 0.00976437 0.01591 0.01645 0.0126442 0.0136207 0.0193285 0.0141329 0.00953883 0.014056 0.00926142 0.0140226 0.00916502 0.0266482 0.00960365 0.0101977 0.00907977 0.00904226 0.00863741 0.0122971 0.00979544 0.018057 0.00932201 0.00871874 0.00866422 0.00968998 0.00846428 0.00952529 0.00921404 0.00866588 0.008327 0.00859559 0.00831743 0.00872327 0.008737 0.00824951 0.00875247 0.00863083 0.0086067 0.00890525 0.00867246 0.00910053 0.00952036 0.00923271 0.00850881 0.00869132 0.00878095 0.0110247 0.00895065 0.00964144 0.00833636 0.00886141 0.00806124 0.00825378 0.0085796 0.00848499 0.00881859 0.00876248 0.00917075 0.00896017 0.00889916 0.00889215 0.00856546 
0.0221649 0.0139151 0.0133044 0.0158993 0.0150317 0.0251974 0.0283778 0.0126924 0.0108677 0.0108112 0.0126672 0.0125364 0.0182864 0.0572865 0.0171577 0.0220261 0.0148933 0.0239474 0.0863371 0.004742 0.00391463 0 0.232236 0.0324165 0.0123329 0.0111286 0.0141465 0.0109 0.0217571 0.0227197 0.0124561 0.0109631 0.0126641 0.0107287 0.0125708 0.0112735 0.0137056 0.0249753 0.0264736 0.0134873 0.0125799 0.012631 0.0105192 0.0120809 0.0105422 0.0113506 0.0136024 0.0152319 0.0160397 0.01011 0.00917606 0.00967193 0.00994104 0.012066 0.010281 0.0138125 0.0113274 0.00887105 0.00857164 0.00914478 0.0140826 0.00878368 0.00956091 0.0102474 0.00847895 0.00922584 0.0142699 0.00919983 0.00836833 0.00883006 0.00893629 0.00893755 0.00887423 0.00909777 0.00911112 0.00965201 0.00923479 0.00868789 0.00883437 0.0131906 0.00969846 0.00986093 0.00875086 0.00859493 0.00821393 0.00872588 0.00961068 0.00863155 0.00843 0.00888424 0.00876068 0.00891959 0.010906 0.0121234 0.00879811 0.00950013 
0.0123541 0.0132996 0.0131648 0.0137612 0.0156773 0.0364534 0.0176616 0.0125613 0.0110887 0.011193 0.0119981 0.0153698 0.0302634 0.0306689 0.0184798 0.0158442 0.0142822 0.0188238 0.0324345 0.0201456 0.0192106 0.232236 0 0.00408002 0.00378843 0.00393696 0.00417815 0.00555325 0.0120508 0.0482766 0.0173542 0.0126551 0.0150678 0.0128388 0.0158724 0.0144543 0.175647 0.0364631 0.0276773 0.0158627 0.014257 0.0135077 0.0127888 0.0151779 0.0118269 0.0129546 0.0157184 0.0205851 0.0130194 0.00972855 0.00940475 0.010483 0.0118856 0.0123116 0.0126187 0.0204587 0.00943495 0.00860754 0.00967314 0.012901 0.0102564 0.00898058 0.0112222 0.00912182 0.00897015 0.0124221 0.00975801 0.00853622 0.00892584 0.00900278 0.00884072 0.00947776 0.00926219 0.00915847 0.00941483 0.0097317 0.00934676 0.0098485 0.0135296 0.0099986 0.010043 0.0097995 0.00952204 0.00897322 0.00902301 0.0108614 0.0086399 0.00822473 0.00867423 0.00886572 0.00950806 0.00998472 0.0115806 0.0103556 0.00951503 0.0119591 
0.0105973 0.0172689 0.0197286 0.0254731 0.0389758 0.0174704 0.0114165 0.0130944 0.0114502 0.0122677 0.0134995 0.0252813 0.0138954 0.0194197 0.035881 0.0197205 0.0260968 0.026848 0.0233883 0.0199956 0.151636 0.0324165 0.00408002 0 0.00386092 0.00378543 0.00384688 0.00449273 0.00520241 0.0224584 0.0374797 0.0225779 0.0138689 0.0241795 0.0199527 0.21336 0.0544663 0.0140425 0.014463 0.0367058 0.0265798 0.0181263 0.0206618 0.0167902 0.0202237 0.0165299 0.0292233 0.0113073 0.0112994 0.0107107 0.0118812 0.0111412 0.0211635 0.0188584 0.022425 0.0113426 0.00878438 0.00966584 0.0104476 0.00941025 0.00948118 0.00964788 0.00910736 0.00873197 0.00898435 0.00935783 0.00895304 0.00952242 0.00922589 0.0102476 0.0101068 0.0109651 0.0104448 0.0106861 0.0128219 0.0132504 0.0128367 0.0100818 0.00965844 0.00980841 0.0150076 0.0127391 0.011245 0.00930812 0.00984327 0.00846074 0.0084079 0.00900391 0.00919449 0.0109801 0.0100327 0.011092 0.0103446 0.0102026 0.00933753 0.00990991 
0.0111442 0.0182173 0.0391187 0.0577072 0.0353301 0.0162488 0.011827 0.0122343 0.0155599 0.0195145 0.0266852 0.0152176 0.01265 0.0161348 0.0263312 0.0367924 0.0329105 0.0311334 0.0162336 0.114228 0.0244 0.0123329 0.00378843 0.00386092 0 0.00376564 0.00376048 0.0037871 0.00407761 0.0211904 0.0331009 0.0243643 0.0283164 0.0342728 0.272618 0.0325869 0.0192025 0.015066 0.013605 0.0259185 0.0440494 0.0307953 0.0311421 0.0274811 0.0246677 0.0320736 0.0237577 0.0115727 0.0104623 0.0136379 0.0135147 0.0190386 0.0276126 0.0363409 0.0164036 0.0114783 0.00893491 0.00996496 0.0097671 0.00907249 0.00995935 0.00937906 0.00986356 0.00954637 0.00856369 0.00907887 0.00907935 0.00938544 0.0111129 0.0131878 0.01538 0.0159863 0.0139327 0.017316 0.0219493 0.0232528 0.0205588 0.00972045 0.00948696 0.00997956 0.0150853 0.0232985 0.0166065 0.0123065 0.00919227 0.00825451 0.00851116 0.0091956 0.011842 0.0129136 0.0141468 0.0133808 0.0140735 0.0117562 0.0096062 0.00935032 
0.0107353 0.0209445 0.0526696 0.0604805 0.0298912 0.0156084 0.0116243 0.0124335 0.016154 0.0263982 0.0196938 0.0164904 0.0123278 0.016412 0.030964 0.03528 0.0638158 0.0159788 0.0211429 0.0411029 0.018073 0.0111286 0.00393696 0.00378543 0.00376564 0 0.00374067 0.00376238 0.00386471 0.0198543 0.0241238 0.032261 0.0261693 0.296206 0.0281744 0.0263865 0.0192796 0.0142027 0.0133703 0.0216851 0.0491205 0.0327578 0.0286772 0.0246674 0.0375955 0.0276975 0.0267664 0.0109017 0.0109922 0.0104403 0.0168682 0.0162591 0.0369102 0.0281197 0.018431 0.0110678 0.00919952 0.00960118 0.0100909 0.00903798 0.00965993 0.00932974 0.0101617 0.00959641 0.00864656 0.00890897 0.00924539 0.0100074 0.0110909 0.0145169 0.0158895 0.0160006 0.0159644 0.0174562 0.0261652 0.0257785 0.0215996 0.00996311 0.00975409 0.00993841 0.0197059 0.0278628 0.0202283 0.0119671 0.00978978 0.00824774 0.0085355 0.00951182 0.0110965 0.0158171 0.0133863 0.0137203 0.012918 0.0118934 0.00928646 0.00950669 
0.0109154 0.0222393 0.0375829 0.0375495 0.0261177 0.0147779 0.0120257 0.0126677 0.0219287 0.0154524 0.0212706 0.0130902 0.0127341 0.0169495 0.0199597 0.0522624 0.0177961 0.0248007 0.0151628 0.0154018 0.0121878 0.0141465 0.00417815 0.00384688 0.00376048 0.00374067 0 0.00378723 0.00384537 0.0138469 0.0329165 0.030479 0.307947 0.0186838 0.0342869 0.0179738 0.0196168 0.0144436 0.012213 0.0226875 0.0305922 0.0284685 0.0187715 0.0306142 0.0205731 0.025084 0.0192519 0.0106527 0.00980662 0.0126893 0.0132801 0.0238469 0.0164306 0.0345747 0.0132215 0.0113198 0.00907004 0.00975437 0.00930441 0.00913444 0.00943143 0.00939091 0.00973065 0.00959198 0.00847968 0.0090636 0.0091146 0.00939143 0.0108964 0.0119811 0.012503 0.0145469 0.0120397 0.0144841 0.0185512 0.0186929 0.014929 0.00952559 0.00904164 0.0100566 0.0131013 0.0230634 0.0128416 0.0108925 0.00876826 0.00823452 0.00856297 0.00906185 0.0112113 0.0117565 0.0119918 0.0109811 0.0120547 0.0107053 0.00901726 0.00922891 
0.0142236 0.0132139 0.0174496 0.0169881 0.0243548 0.013198 0.0124391 0.015214 0.0101842 0.011536 0.0106918 0.0200728 0.0108873 0.0153713 0.0426426 0.0114196 0.0270998 0.0124697 0.022292 0.0127546 0.0391071 0.0109 0.00555325 0.00449273 0.0037871 0.00376238 0.00378723 0 0.00387034 0.0203473 0.0272841 0.210656 0.0129758 0.025042 0.011342 0.0241503 0.0232338 0.016261 0.0136703 0.017367 0.0197772 0.0116368 0.0244109 0.0107285 0.0186828 0.0107576 0.0313877 0.0109996 0.0115201 0.00995385 0.01481 0.00938815 0.0182195 0.011076 0.0230034 0.0101866 0.0091102 0.00909375 0.0107857 0.00860617 0.0106372 0.00968789 0.00911694 0.00854201 0.00879819 0.00866254 0.00936342 0.00916779 0.00863458 0.00958983 0.00953779 0.00938223 0.0102439 0.0104223 0.0114857 0.0114331 0.0109232 0.00869334 0.00952217 0.00964693 0.0160077 0.0109238 0.0115907 0.0087031 0.00959949 0.00810647 0.00851115 0.00929798 0.00913584 0.0100711 0.00959657 0.0103601 0.0108154 0.00945349 0.00934757 0.00924327 
0.0147636 0.0141694 0.011065 0.0125341 0.0122705 0.0181766 0.0228757 0.0115389 0.010954 0.0102643 0.0122121 0.0101437 0.0163274 0.0357153 0.0125224 0.0151437 0.0102412 0.0157501 0.0135773 0.0489384 0.0115883 0.0217571 0.0120508 0.00520241 0.00407761 0.00386471 0.00384537 0.00387034 0 0.109741 0.0304213 0.0144555 0.0223308 0.00965375 0.017141 0.0102346 0.0204372 0.0371083 0.0206164 0.0130872 0.0101199 0.0140793 0.00929488 0.0123107 0.00911011 0.0108287 0.0123994 0.0213001 0.0139543 0.013038 0.00877823 0.0103139 0.00934959 0.0122359 0.0094605 0.0150069 0.0121631 0.00866041 0.00856682 0.0096706 0.0128385 0.0102401 0.00980931 0.0108595 0.00881515 0.00914396 0.013246 0.00931336 0.00922312 0.00885913 0.0091558 0.00938737 0.00914301 0.00932348 0.00908825 0.00974844 0.00912552 0.00898205 0.00856477 0.0144165 0.00944022 0.0102218 0.0086586 0.00886863 0.0082376 0.00905383 0.00968702 0.00865636 0.00863746 0.00853116 0.0088328 0.00875617 0.0102094 0.0108679 0.00857336 0.00902907 
0.0093878 0.008792 0.00937734 0.00921437 0.0100906 0.0185809 0.00996275 0.00939225 0.00911913 0.00934919 0.00936064 0.0110764 0.0147983 0.0133281 0.0115693 0.00997404 0.0111779 0.0105451 0.0219277 0.0153097 0.0146611 0.0227197 0.0482766 0.0224584 0.0211904 0.0198543 0.0138469 0.0203473 0.109741 0 0.00420656 0.00374801 0.00378366 0.00402152 0.00404198 0.00388261 0.00457543 0.00750396 0.0127807 0.00814129 0.00951877 0.00830903 0.0103989 0.00857468 0.00948701 0.014157 0.325095 0.0368332 0.0108934 0.0085576 0.0089991 0.00890801 0.0105502 0.00931113 0.0199121 0.0116464 0.0098145 0.00880103 0.00929398 0.0116423 0.0103083 0.0103911 0.0101096 0.0089128 0.0086097 0.0106044 0.00918072 0.00832643 0.00854393 0.00848399 0.00849848 0.00866717 0.00847343 0.00866473 0.00885316 0.00897725 0.00934741 0.00868443 0.0116239 0.00927044 0.00941472 0.00882622 0.0088419 0.00834183 0.00855711 0.00911401 0.00819505 0.00813828 0.00817365 0.00838364 0.00842573 0.00868822 0.0098368 0.00909848 0.00856118 0.0102773 
0.00847071 0.0102409 0.0096324 0.0119391 0.0109494 0.00980704 0.00913576 0.00890008 0.00941657 0.0091475 0.0118315 0.00931425 0.00973359 0.0115572 0.0107408 0.0191166 0.0101481 0.021301 0.00956675 0.016485 0.0143915 0.0124561 0.0173542 0.0374797 0.0331009 0.0241238 0.0329165 0.0272841 0.0304213 0.00420656 0 0.00371692 0.00396632 0.00368863 0.00384733 0.00378266 0.00393293 0.00457404 0.00684702 0.0120271 0.00806486 0.0142889 0.00811298 0.0109488 0.0132499 0.414217 0.0380954 0.0088136 0.00885251 0.0146118 0.00869126 0.0120698 0.00915956 0.0361522 0.0103759 0.0100262 0.00903899 0.0110768 0.00992338 0.00970489 0.00885766 0.0113918 0.00839757 0.00868345 0.00892158 0.00849365 0.00860743 0.00888693 0.00892137 0.00898781 0.00937341 0.00916884 0.00883061 0.0105534 0.0098485 0.0122914 0.0095717 0.0112863 0.0083749 0.00928962 0.0103422 0.0167408 0.00919541 0.0109461 0.00830166 0.00835401 0.00814673 0.00822012 0.00900101 0.0087585 0.00919979 0.0094191 0.00929165 0.00897442 0.00856718 0.00836708 
0.0097736 0.00885031 0.0187097 0.0126181 0.0134498 0.00986527 0.00894165 0.00914895 0.00966845 0.01182 0.00940439 0.0128688 0.00916429 0.00985799 0.0207029 0.0103145 0.0400158 0.00893065 0.0161647 0.00965532 0.0136543 0.0109631 0.0126551 0.0225779 0.0243643 0.032261 0.030479 0.210656 0.0144555 0.00374801 0.00371692 0 0.00369415 0.00372026 0.00375219 0.00368332 0.00391589 0.00390773 0.00733434 0.00800682 0.0137476 0.00786027 0.0177766 0.0142568 0.722128 0.0154069 0.0151729 0.00878491 0.0100623 0.00817637 0.013671 0.00881018 0.0420502 0.00943337 0.0171902 0.00961273 0.00884955 0.00916447 0.0119875 0.008731 0.01206 0.00862947 0.0123778 0.00865109 0.00867454 0.00884877 0.00896784 0.00868838 0.00927016 0.013898 0.0104651 0.0107136 0.0152738 0.00969323 0.0174669 0.012818 0.0240074 0.00904544 0.0112091 0.00862831 0.0158373 0.0114462 0.0277228 0.00878553 0.0110932 0.00803344 0.00805065 0.00928701 0.00952774 0.0145185 0.012852 0.0110798 0.0105284 0.00980887 0.00880439 0.00895831 
0.00827135 0.0126733 0.0107582 0.0177822 0.0102924 0.0103839 0.00914637 0.00889926 0.0098298 0.00933719 0.0154626 0.00865974 0.00990168 0.0116764 0.00912087 0.044208 0.00900945 0.0242914 0.00906819 0.0177302 0.00910539 0.0126641 0.0150678 0.0138689 0.0283164 0.0261693 0.307947 0.0129758 0.0223308 0.00378366 0.00396632 0.00369415 0 0.00373144 0.00385814 0.00373466 0.0037953 0.00398596 0.00643045 0.00906338 0.00719489 0.0143102 0.00836441 0.829672 0.00957825 0.0206948 0.00977979 0.00907707 0.00805559 0.0141766 0.0080856 0.0372436 0.00899867 0.0490179 0.0094277 0.00955046 0.00901398 0.0107761 0.00886311 0.010074 0.00848118 0.0129633 0.0085048 0.00898922 0.00844478 0.00835671 0.00855396 0.00896392 0.0115701 0.00955635 0.0146023 0.0124077 0.00910541 0.0182739 0.0112323 0.0223511 0.0107367 0.0150958 0.00849352 0.00980978 0.00981966 0.0342318 0.00984756 0.0178902 0.00837811 0.00866281 0.00837984 0.0082443 0.012654 0.0110016 0.0115274 0.0105563 0.0101508 0.00957296 0.00858654 0.00850974 
0.0110069 0.00879826 0.0215545 0.0121784 0.0127992 0.00958501 0.00892533 0.00916022 0.00963074 0.0124737 0.00909806 0.0119817 0.00901329 0.0101006 0.0297264 0.0099195 0.047863 0.00884664 0.014602 0.00949438 0.0148442 0.0107287 0.0128388 0.0241795 0.0342728 0.296206 0.0186838 0.025042 0.00965375 0.00402152 0.00368863 0.00372026 0.00373144 0 0.00371239 0.00376679 0.00373605 0.00376439 0.00651511 0.00678221 0.0140009 0.00830001 0.854686 0.0105727 0.0385915 0.00805257 0.0134579 0.00816876 0.0105599 0.00792451 0.0227439 0.00826735 0.0588945 0.00888008 0.0178452 0.00967477 0.00911349 0.00926752 0.0138111 0.00886027 0.0132889 0.0086166 0.011148 0.00856149 0.0086184 0.008913 0.00913227 0.00883858 0.0094539 0.0180691 0.0110332 0.0101258 0.0163453 0.00923764 0.0197556 0.0117751 0.0316091 0.00866743 0.0108945 0.00866666 0.0248078 0.0112048 0.0376773 0.00876913 0.0126887 0.00809347 0.00805183 0.0100562 0.00927299 0.0129003 0.0120765 0.011798 0.0115098 0.00993262 0.00876669 0.00937789 
0.00833606 0.0170893 0.0114893 0.0216447 0.0121842 0.0103792 0.00983262 0.00968145 0.0118995 0.0100868 0.0194189 0.00889179 0.0101121 0.0148392 0.00985433 0.0673157 0.00950155 0.0304987 0.00885248 0.0203296 0.00976437 0.0125708 0.0158724 0.0199527 0.272618 0.0281744 0.0342869 0.011342 0.017141 0.00404198 0.00384733 0.00375219 0.00385814 0.00371239 0 0.00369668 0.00371905 0.00378705 0.005837 0.0112431 0.00849132 0.818744 0.00827866 0.0268574 0.00736972 0.0185651 0.00962448 0.00847853 0.00827308 0.0249974 0.00825179 0.0552172 0.00873087 0.0396481 0.00934613 0.0100604 0.00916725 0.0118186 0.00886801 0.0112434 0.0087251 0.0163549 0.00854156 0.0101472 0.00863721 0.00841015 0.00886227 0.00971699 0.0127513 0.012032 0.0182969 0.0177161 0.00922372 0.0261364 0.0159027 0.0286238 0.010971 0.0191041 0.00832335 0.0112748 0.0114334 0.0561113 0.0103492 0.0348416 0.00835721 0.0089399 0.00860689 0.00835713 0.0151952 0.0123925 0.0129925 0.0121922 0.0115564 0.0117581 0.00937308 0.00859079 
0.00975156 0.00904867 0.0224031 0.0152399 0.0133438 0.00986431 0.00866939 0.00941376 0.00968187 0.0124573 0.00953608 0.0132686 0.00898142 0.00967524 0.0330245 0.0103631 0.0484582 0.00921042 0.0134159 0.00992462 0.01591 0.0112735 0.0144543 0.21336 0.0325869 0.0263865 0.0179738 0.0241503 0.0102346 0.00388261 0.00378266 0.00368332 0.00373466 0.00376679 0.00369668 0 0.00370006 0.00373844 0.00597627 0.00858068 0.790338 0.00883531 0.023721 0.00659131 0.0155537 0.00744557 0.0146651 0.00803783 0.010788 0.00800334 0.0347834 0.00861441 0.0291106 0.00971717 0.0207608 0.00942373 0.00927214 0.0097387 0.0126233 0.00881004 0.012154 0.00893918 0.0111623 0.00876312 0.00891805 0.00916972 0.00933956 0.00905598 0.0111097 0.0150066 0.0145256 0.0110869 0.0238676 0.0113768 0.0251512 0.0168034 0.0347882 0.00894237 0.0104116 0.00884426 0.0244643 0.0145646 0.045939 0.00937438 0.0112186 0.00820015 0.00805729 0.00967479 0.0107465 0.0170757 0.0150572 0.0130255 0.012597 0.00982256 0.00913072 0.00923559 
0.00877551 0.0123247 0.0104627 0.0121365 0.0137139 0.0106074 0.00952272 0.00984376 0.00913186 0.00916393 0.010057 0.010232 0.00976903 0.0167468 0.0127925 0.0182468 0.0113496 0.0176697 0.0101109 0.0147101 0.01645 0.0137056 0.175647 0.0544663 0.0192025 0.0192796 0.0196168 0.0232338 0.0204372 0.00457543 0.00393293 0.00391589 0.0037953 0.00373605 0.00371905 0.00370006 0 0.00373807 0.0144139 0.749179 0.0115907 0.0230299 0.00660909 0.010212 0.00714317 0.00920676 0.011988 0.0105687 0.00833178 0.020978 0.00833678 0.0134608 0.00997632 0.0179538 0.015037 0.0119292 0.00876609 0.0133098 0.0102799 0.0101117 0.00942582 0.0163524 0.00869246 0.00912343 0.0117581 0.00858519 0.0092051 0.0101566 0.00942149 0.0103666 0.0104319 0.0139986 0.00965336 0.0176763 0.0111119 0.0136311 0.0116266 0.0145589 0.00883372 0.0104879 0.0124426 0.0215885 0.01235 0.0109313 0.00949791 0.00857186 0.00839435 0.00938146 0.00970081 0.0108275 0.0105554 0.0144449 0.0117064 0.00976371 0.00957375 0.00893019 
0.0120623 0.00917727 0.00942249 0.0101651 0.0125664 0.0123618 0.0123938 0.0092776 0.00876939 0.00883454 0.00906299 0.00954696 0.0105316 0.0178803 0.0122654 0.0103386 0.01023 0.0104378 0.0154465 0.0222296 0.0126442 0.0249753 0.0364631 0.0140425 0.015066 0.0142027 0.0144436 0.016261 0.0371083 0.00750396 0.00457404 0.00390773 0.00398596 0.00376439 0.00378705 0.00373844 0.00373807 0 0.818266 0.0128069 0.0116109 0.00556635 0.00852159 0.00652836 0.00716363 0.0076247 0.0143985 0.0125436 0.0164778 0.00817858 0.0133925 0.00887184 0.0100445 0.0104737 0.0133212 0.0168262 0.0137234 0.00901504 0.00963427 0.00941905 0.0155729 0.00934081 0.0106659 0.0106406 0.0090746 0.00951674 0.0132059 0.00888638 0.00879903 0.00937702 0.00929305 0.00928636 0.00996808 0.00922702 0.0102806 0.0096718 0.0100521 0.0098803 0.0108518 0.0129234 0.0111973 0.0111909 0.00949251 0.00961488 0.008674 0.00916382 0.00925441 0.00875346 0.00925314 0.00930957 0.00959196 0.0106617 0.0127077 0.0111675 0.00888777 0.00991989 
