1QWTB
ENPLKRLLVPGEEWEFEVTAFYRGRQVFQQTISCPEGLRLVGSEVGDRTLPGWPVTLPDPGMSLTDRGVMSYVRHVLSCLGGGLALWRAGQWLWAQRLGHCHTYWAVSEELLPNSGHGPDGEVPKDKEGGVFDLGPFIVDLITFTEGSGRSPRYALWFCVGESWPQDQPWTKRLVMVKVVPTCLRALVEMARVGGASSLENTVDLHISNSHPLSLTSDQYKAYLQDLVEGMDFQGPGES
CCHHHHHHCCCCCECEEEEEEECCEEEEEEEECCCCCEEEECCCCCCCCCCCEEEECCCHHHCCCCHHHHHHHHHHHHHCCCCEEEEEECCEEEEEECCCCCEEEEEECCCCCCCCCCCCEECCCCCCEEEEEHHHHHHHHHHHHCCCCCCCCCEEEEEECCCCCCCCHHHHCCEEEEEEEHHHHHHHHHHHHHHHCCCCEEECCCECCCCCEEECHHHHHHHHHHHHHHCCCCCCCCC
0 0 0 0 0 0 0 0 0 0 0 0 0 0 0 0 0 0 0 0 0 0 0 0 0 0 0 0 0 0 0 0 0 0 0 0 0 0 0 0 0 0 0 0 0 0 0 0 0 0 0 0 0 0 0 0 0 0 0 0 0 0 0 0 0 0 0 0 0 0 0 0 0 0 0 0 0 0 0 0 0 0 0 0 0 0 0 0 0 0 0 0 0 0 0 0 0 0 0 0 0 0 0 0 0 0 0 0 0 0 0 0 0 0 0 0 0 0 0 0 0 0 0 0 0 0 0 0 0 0 0 0 0 0 0 0 0 0 0 0 0 0 0 0 0 0 0 0 0 0 0 0 0 0 0 0 0 0 0 0 0 0 0 0 0 0 0 0 0 0 0 0 0 0 0 0 0 0 0 0 0 0 0 0 0 0 0 0 0 0 0 0 0 0 0 0 0 0 0 0 0 0 0 0 0 0 0 0 0 0 0 0 0 0 0 0 0 0 0 0 0 0 0 0 0 0 0 0 0 0 0 0 0 0 0 0 0 0 0 
0 0 0 0 0 0 0 0 0 0 0 0 0 0 0 0 0 0 0 0 0 0 0 0 0 0 0 0 0 0 0 0 0 0 0 0 0 0 0 0 0 0 0 0 0 0 0 0 0 0 0 0 0 0 0 0 0 0 0 0 0 0 0 0 0 0 0 0 0 0 0 0 0 0 0 0 0 0 0 0 0 0 0 0 0 0 0 0 0 0 0 0 0 0 0 0 0 0 0 0 0 0 0 0 0 0 0 0 0 0 0 0 0 0 0 0 0 0 0 0 0 0 0 0 0 0 0 0 0 0 0 0 0 0 0 0 0 0 0 0 0 0 0 0 0 0 0 0 0 0 0 0 0 0 0 0 0 0 0 0 0 0 0 0 0 0 0 0 0 0 0 0 0 0 0 0 0 0 0 0 0 0 0 0 0 0 0 0 0 0 0 0 0 0 0 0 0 0 0 0 0 0 0 0 0 0 0 0 0 0 0 0 0 0 0 0 0 0 0 0 0 0 0 0 0 0 0 0 0 0 0 0 0 0 0 0 0 0 0 
0 0.00583666 0.00381459 0.00401755 0.00383446 0.00400238 0.00424071 0.0188036 0.00704047 0.0060867 0.00648789 0.00716552 0.00693059 0.00807598 0.00808077 0.055148 0.0253209 0.00938775 0.0113257 0.0184692 0.0116242 0.00884577 0.0106722 0.014409 0.0130206 0.00857396 0.00876116 0.00843363 0.00868234 0.00965297 0.00850437 0.0089754 0.0080454 0.00857699 0.0083511 0.0103415 0.0096538 0.00821022 0.00849344 0.00834607 0.0082711 0.0106428 0.00906967 0.0081832 0.0111219 0.0079612 0.00811971 0.00831993 0.00916861 0.00836737 0.00824019 0.00804608 0.00820609 0.007975 0.00862057 0.00845129 0.00809309 0.00834375 0.00803925 0.00819974 0.00798049 0.00883062 0.00968071 0.00793382 0.010335 0.0111645 0.0096339 0.00793924 0.00965298 
0.00583666 0 0.00373912 0.00375138 0.00373697 0.00378297 0.00396711 0.00511923 0.00471876 0.00693527 0.00605461 0.00691088 0.00637609 0.0107148 0.023755 0.861126 0.0118949 0.0100139 0.0158647 0.0180447 0.0102458 0.00944841 0.0129061 0.013042 0.0135093 0.0114441 0.0141992 0.0106992 0.0094184 0.00914083 0.00838298 0.0101564 0.00883606 0.0129921 0.00884089 0.0116737 0.0102291 0.0100584 0.0108859 0.0100001 0.00871159 0.0105299 0.00830226 0.00816934 0.0103846 0.00823389 0.00926974 0.00932969 0.00973659 0.00860647 0.00903145 0.0094575 0.00993832 0.00863669 0.00926318 0.00908676 0.00855479 0.00917704 0.0089259 0.00919161 0.0082727 0.00947442 0.00907704 0.00787756 0.0089486 0.00937728 0.00896782 0.00797484 0.00864888 
0.00381459 0.00373912 0 0.00375079 0.00372379 0.00372576 0.00420808 0.0038105 0.0047325 0.00778444 0.00715847 0.00654037 0.00972449 0.0179344 0.943756 0.00963787 0.00992356 0.0371932 0.016551 0.0161857 0.0109049 0.0170591 0.0111214 0.0203959 0.0106364 0.0295615 0.0149955 0.0220106 0.0106529 0.00913581 0.0105116 0.00895906 0.019509 0.0103763 0.0193145 0.00910968 0.0103253 0.0137218 0.0152531 0.0202086 0.0107546 0.00908842 0.00815836 0.00843077 0.00816048 0.0114857 0.00894766 0.00999958 0.00939181 0.00918135 0.00931846 0.0118329 0.00929766 0.0103333 0.00843823 0.00881219 0.0100166 0.00895996 0.00935783 0.00901763 0.00902667 0.00839983 0.00824783 0.0082964 0.00817267 0.00824125 0.00831175 0.00849309 0.00829216 
0.00401755 0.00375138 0.00375079 0 0.00372867 0.00374246 0.00376786 0.00390062 0.00448919 0.00651614 0.0061794 0.0202087 0.0161297 0.947123 0.0078517 0.00993641 0.0112268 0.0118533 0.0318677 0.0105964 0.00997467 0.010852 0.0264827 0.0100159 0.0144396 0.0169538 0.0707943 0.0358163 0.0152309 0.00934113 0.00848045 0.020094 0.0109963 0.046795 0.0102189 0.0100878 0.010688 0.0157942 0.0401059 0.027706 0.0128414 0.00915423 0.00832564 0.00803436 0.01033 0.00891617 0.017415 0.0107519 0.00893716 0.00886385 0.0129924 0.0124459 0.0162482 0.0101717 0.0087627 0.00924819 0.00967119 0.0138174 0.0110113 0.0120978 0.00895465 0.00853317 0.00873056 0.00824031 0.00837584 0.00824732 0.00845729 0.00854466 0.00841975 
0.00383446 0.00373697 0.00372379 0.00372867 0 0.0037373 0.00381177 0.00372986 0.00443114 0.00692392 0.00765856 0.0247859 0.957035 0.00778899 0.00763874 0.00771336 0.00966374 0.0294487 0.0113639 0.0168445 0.0107724 0.0149645 0.0101589 0.0191125 0.0112281 0.0312093 0.0336178 0.04211 0.0113035 0.00892 0.010416 0.00963506 0.0457811 0.0150185 0.0140359 0.00922399 0.0110495 0.0176676 0.0376132 0.0372587 0.0110721 0.00880334 0.00821788 0.00827246 0.00837154 0.0119092 0.0118334 0.0102525 0.00936566 0.00918553 0.0101808 0.0190842 0.0120853 0.0106825 0.00865855 0.00914442 0.0111214 0.0105304 0.012531 0.0101746 0.00882396 0.0083975 0.0083358 0.00822602 0.00817315 0.00821797 0.00834942 0.0084405 0.00826464 
0.00400238 0.00378297 0.00372576 0.00374246 0.0037373 0 0.00377317 0.003752 0.00394641 0.011838 0.11054 0.900071 0.0071032 0.0181434 0.00653472 0.0084805 0.00966781 0.0110958 0.0250029 0.0108582 0.00993619 0.0118475 0.0211994 0.010623 0.0129181 0.0181869 0.0502708 0.0268778 0.0112699 0.00907037 0.00857846 0.0260477 0.0122776 0.0259748 0.0113167 0.00980886 0.0101417 0.0204118 0.0404616 0.0231148 0.0118423 0.0088968 0.00832111 0.00814155 0.0090228 0.00961843 0.0139981 0.0114619 0.00910575 0.00877546 0.0120862 0.0125195 0.0133508 0.00997404 0.00875884 0.00939102 0.00976235 0.012092 0.0102034 0.0108867 0.00902017 0.00858615 0.00847568 0.00827473 0.00842135 0.00814331 0.00842638 0.00862693 0.008497 
0.00424071 0.00396711 0.00420808 0.00376786 0.00381177 0.00377317 0 0.00372537 0.0086841 0.922826 0.110748 0.00580486 0.00614686 0.00530394 0.00827405 0.00677493 0.00995716 0.0284784 0.0157212 0.0167876 0.010084 0.0146219 0.0115914 0.0207365 0.0116384 0.0207866 0.0142879 0.0144642 0.0108816 0.00866255 0.0104018 0.0101756 0.0120329 0.0107319 0.0126399 0.00922059 0.0102814 0.0164409 0.0124055 0.0131599 0.0105396 0.00893356 0.00834087 0.00887339 0.00830758 0.00913768 0.00927975 0.0104296 0.0092921 0.00875729 0.00920627 0.0105605 0.00937555 0.0100295 0.00847273 0.00857638 0.00937251 0.0091173 0.00919099 0.00886354 0.00884579 0.00829457 0.00813628 0.00824401 0.00813338 0.00804827 0.0081523 0.00833185 0.00820873 
0.0188036 0.00511923 0.0038105 0.00390062 0.00372986 0.003752 0.00372537 0 0.954302 0.0293986 0.00581602 0.00428366 0.00405634 0.00487005 0.00487356 0.00989982 0.0184923 0.00995319 0.0114373 0.0170083 0.0116192 0.00891055 0.0116077 0.01181 0.0189884 0.00980917 0.0101567 0.00948755 0.00926459 0.00921782 0.00952581 0.00971864 0.0084579 0.00983447 0.0086802 0.0102084 0.0117672 0.00920437 0.00967179 0.00923445 0.00895141 0.00938963 0.00900706 0.00825181 0.0100625 0.00833895 0.00856486 0.00901187 0.00916952 0.00877249 0.00873739 0.00845087 0.00886108 0.00860447 0.00887144 0.00922414 0.00834516 0.00853536 0.00840956 0.0084458 0.00826837 0.00826429 0.00868895 0.00799005 0.00836382 0.00872831 0.00876609 0.0080334 0.00825587 
0.00704047 0.00471876 0.0047325 0.00448919 0.00443114 0.00394641 0.0086841 0.954302 0 0.00396444 0.00383308 0.00380004 0.00384585 0.00386186 0.00432415 0.00529687 0.00702737 0.00781324 0.00830899 0.020105 0.0100333 0.00880404 0.00949802 0.022973 0.00983285 0.00873202 0.00874756 0.00863759 0.00891484 0.0097631 0.00853379 0.00815299 0.00829746 0.00838686 0.00883137 0.0100567 0.008747 0.00829502 0.00845026 0.008364 0.00853966 0.00975567 0.00803632 0.00851335 0.0080891 0.00804591 0.00804047 0.00844834 0.00932713 0.00827451 0.00813463 0.0080591 0.00813606 0.00799509 0.00828615 0.00831852 0.0080226 0.00806486 0.00806523 0.00811371 0.00804339 0.00828592 0.00830846 0.00792925 0.00824818 0.00842774 0.00824789 0.0079343 0.0085876 
0.0060867 0.00693527 0.00778444 0.00651614 0.00692392 0.011838 0.922826 0.0293986 0.00396444 0 0.0037317 0.00370643 0.00370848 0.00372549 0.00452017 0.00397603 0.00626134 0.00798542 0.0143181 0.00839113 0.009634 0.0143904 0.0105696 0.0104155 0.00986592 0.0105762 0.0105399 0.00981652 0.00939596 0.00856239 0.00838455 0.00872799 0.00895499 0.00930528 0.00975435 0.00866307 0.00868307 0.00965149 0.00918851 0.00937137 0.00891739 0.00839037 0.00801263 0.0080534 0.00806418 0.00842153 0.00835966 0.00867975 0.00832308 0.00810036 0.00851855 0.00860163 0.00871113 0.00850469 0.00809979 0.00821104 0.00852288 0.00849781 0.00858789 0.00851695 0.00839843 0.00810079 0.0079854 0.00818313 0.00808083 0.0080522 0.00795021 0.00823636 0.00807104 
0.00648789 0.00605461 0.00715847 0.0061794 0.00765856 0.11054 0.110748 0.00581602 0.00383308 0.0037317 0 0.00372576 0.00370429 0.0037883 0.00374295 0.00383384 0.00616776 0.00780004 0.0070385 0.0101188 0.00996061 0.0109633 0.00912855 0.0109989 0.00923905 0.0121202 0.0136113 0.0144857 0.00888368 0.00845855 0.00849792 0.00904953 0.0112977 0.010434 0.0103621 0.00855936 0.00891609 0.00953639 0.0124628 0.0121941 0.00873967 0.00847197 0.00800215 0.00795186 0.00814273 0.00836162 0.00927848 0.00883221 0.00832742 0.00815602 0.00868404 0.00975512 0.00920695 0.00861274 0.00817651 0.0083092 0.00848055 0.00881955 0.00912867 0.0088614 0.00859132 0.00815945 0.00800561 0.0080411 0.00804496 0.008035 0.00804829 0.00812546 0.00806921 
0.00716552 0.00691088 0.00654037 0.0202087 0.0247859 0.900071 0.00580486 0.00428366 0.00380004 0.00370643 0.00372576 0 0.00379717 0.0037364 0.00371256 0.00384398 0.00609247 0.00835469 0.0182702 0.0438975 0.00910182 0.00894362 0.0102614 0.00947145 0.00924694 0.010934 0.0185222 0.0110004 0.00990997 0.00849713 0.00836578 0.0101697 0.00927767 0.0130885 0.00889915 0.00890145 0.0089041 0.00962481 0.0193248 0.011342 0.0095623 0.00855934 0.00805519 0.00798481 0.00821797 0.00832989 0.0111014 0.00885969 0.00861073 0.00815667 0.00892669 0.00906204 0.00960425 0.00860356 0.00838531 0.00830806 0.00866061 0.00876086 0.00884024 0.0088915 0.00840691 0.00839282 0.0080539 0.00803993 0.0081268 0.00805685 0.00803296 0.00806976 0.00810291 
0.00693059 0.00637609 0.00972449 0.0161297 0.957035 0.0071032 0.00614686 0.00405634 0.00384585 0.00370848 0.00370429 0.00379717 0 0.00373415 0.00373668 0.00374168 0.00729488 0.0123949 0.0265426 0.0397666 0.0091553 0.0088074 0.00872602 0.0111704 0.00887761 0.0122536 0.0130338 0.015368 0.00871578 0.00839831 0.00845874 0.00861568 0.0132883 0.00918473 0.00929575 0.0084869 0.00853828 0.00972166 0.0125444 0.0134555 0.00866039 0.00845003 0.0079931 0.00795786 0.00810889 0.00846632 0.00873175 0.00859397 0.00833417 0.00826272 0.00859618 0.00944585 0.00888908 0.00844709 0.00813818 0.0082757 0.00855431 0.00860783 0.00867265 0.00864782 0.00828789 0.00815505 0.00798321 0.00811853 0.00801022 0.00797875 0.00802263 0.00811933 0.00806582 
0.00807598 0.0107148 0.0179344 0.947123 0.00778899 0.0181434 0.00530394 0.00487005 0.00386186 0.00372549 0.0037883 0.0037364 0.00373415 0 0.00369763 0.00375006 0.0057628 0.0151039 0.0438784 0.00805654 0.00771872 0.00877565 0.01047 0.00850035 0.00906214 0.00920868 0.0168611 0.0100503 0.00895429 0.00841683 0.00817205 0.0103429 0.00854179 0.0123343 0.00861253 0.0085576 0.00856223 0.0092179 0.012788 0.00948967 0.00866579 0.00843571 0.00801637 0.00793159 0.0084353 0.00815133 0.00946674 0.00866407 0.00829144 0.00808321 0.00870517 0.00879086 0.00921892 0.00855238 0.00822731 0.00817944 0.00850094 0.00871261 0.00865991 0.00865389 0.00830588 0.00809906 0.00812889 0.00803831 0.00810995 0.00810421 0.00818192 0.00810971 0.00805207 
0.00808077 0.023755 0.943756 0.0078517 0.00763874 0.00653472 0.00827405 0.00487356 0.00432415 0.00452017 0.00374295 0.00371256 0.00373668 0.00369763 0 0.00373014 0.0117173 0.113802 0.00849225 0.00662782 0.0108307 0.0106465 0.00872928 0.0150559 0.0100412 0.0142732 0.00960253 0.011059 0.00878988 0.00822082 0.0101262 0.00851199 0.011878 0.00850775 0.00994632 0.00827799 0.00874551 0.0101614 0.0102027 0.00960818 0.0089197 0.00823083 0.00822921 0.00836333 0.00813079 0.00948466 0.0082058 0.00869151 0.00854023 0.00880575 0.00832454 0.00892631 0.00844554 0.00846029 0.00810956 0.00842182 0.00856072 0.00839014 0.00843365 0.00828538 0.00823196 0.00809946 0.00797596 0.00816218 0.00801551 0.00800319 0.00806639 0.00815871 0.0080669 
0.055148 0.861126 0.00963787 0.00993641 0.00771336 0.0084805 0.00677493 0.00989982 0.00529687 0.00397603 0.00383384 0.00384398 0.00374168 0.00375006 0.00373014 0 0.0634997 0.00814413 0.00677508 0.00897578 0.0103882 0.00879056 0.0124836 0.0103489 0.0212516 0.00943993 0.0103518 0.00898547 0.00906587 0.00892077 0.00931661 0.0113591 0.00827911 0.0102736 0.00858547 0.0100644 0.0127114 0.00916434 0.00959326 0.00882093 0.00869875 0.00928054 0.0101808 0.00805551 0.01474 0.00820476 0.00884415 0.00858691 0.00905216 0.00867436 0.0087924 0.00826411 0.00879502 0.00815737 0.00856311 0.00892143 0.00814635 0.00841514 0.00817777 0.00860645 0.00807616 0.00814369 0.00918883 0.00792504 0.00888431 0.00897657 0.00908505 0.00795222 0.00823667 
0.0253209 0.0118949 0.00992356 0.0112268 0.00966374 0.00966781 0.00995716 0.0184923 0.00702737 0.00626134 0.00616776 0.00609247 0.00729488 0.0057628 0.0117173 0.0634997 0 0.00375907 0.00383446 0.00427046 0.0213005 0.00945356 0.012502 0.0968762 0.0149246 0.0103562 0.0108251 0.0100015 0.0113962 0.012522 0.00942762 0.00921742 0.00896884 0.0101786 0.0137793 0.0152056 0.0111093 0.00966428 0.0098847 0.00925995 0.00942711 0.0147885 0.00835295 0.00939148 0.00918131 0.00840954 0.00850279 0.0096562 0.0114661 0.00886814 0.00874969 0.00859329 0.00896059 0.00862555 0.00994621 0.00931396 0.00850913 0.00874661 0.0085622 0.00878523 0.00844041 0.00918001 0.00861389 0.00794931 0.00895148 0.00915618 0.00839787 0.00798697 0.00920596 
0.00938775 0.0100139 0.0371932 0.0118533 0.0294487 0.0110958 0.0284784 0.00995319 0.00781324 0.00798542 0.00780004 0.00835469 0.0123949 0.0151039 0.113802 0.00814413 0.00375907 0 0.0037464 0.00378328 0.0131187 0.20006 0.0320813 0.057747 0.0116285 0.0303156 0.0173106 0.0243137 0.0114629 0.00948589 0.010042 0.00991257 0.0187619 0.0129356 0.0171025 0.0100481 0.0102825 0.0178626 0.0156483 0.0178949 0.0107856 0.00964565 0.00829937 0.00828322 0.00846226 0.0107997 0.0105772 0.010402 0.00915611 0.0088647 0.009589 0.0112252 0.0105691 0.0101687 0.00851141 0.00863311 0.0101339 0.00933226 0.00969317 0.00911948 0.00882747 0.00840262 0.00811587 0.00817059 0.00821633 0.00806706 0.00812394 0.00840307 0.00824594 
0.0113257 0.0158647 0.016551 0.0318677 0.0113639 0.0250029 0.0157212 0.0114373 0.00830899 0.0143181 0.0070385 0.0182702 0.0265426 0.0438784 0.00849225 0.00677508 0.00383446 0.0037464 0 0.00376965 0.0189287 0.0529706 0.379344 0.0108954 0.0163266 0.0187878 0.0383621 0.0150129 0.0194374 0.00921763 0.00916441 0.0216601 0.00995276 0.0204329 0.013708 0.00999836 0.011166 0.0200045 0.0227262 0.0193948 0.0160841 0.00895917 0.00889018 0.00843703 0.00920507 0.00997523 0.0138305 0.0128668 0.00909775 0.00963775 0.0128695 0.0123383 0.0138964 0.0113988 0.00912779 0.00980455 0.00995078 0.0116304 0.0100484 0.0112941 0.00953659 0.008567 0.00825947 0.00825469 0.00825212 0.0080367 0.00828617 0.00840556 0.00822994 
0.0184692 0.0180447 0.0161857 0.0105964 0.0168445 0.0108582 0.0167876 0.0170083 0.020105 0.00839113 0.0101188 0.0438975 0.0397666 0.00805654 0.00662782 0.00897578 0.00427046 0.00378328 0.00376965 0 0.093287 0.0287669 0.0117479 0.230876 0.0219561 0.0142441 0.010767 0.0118429 0.0100493 0.0117448 0.0182387 0.0098025 0.010439 0.00979696 0.0102673 0.0133329 0.0172009 0.0114052 0.0104984 0.0100421 0.00959823 0.0127194 0.0100178 0.00920584 0.0111125 0.00946177 0.00882693 0.00935237 0.0115734 0.0111275 0.00919282 0.00914 0.00887335 0.00929633 0.00975921 0.0108272 0.00879834 0.00874381 0.00869333 0.00868247 0.00838164 0.00854052 0.00864069 0.00815945 0.00844199 0.00901384 0.00875735 0.00813172 0.0083137 
0.0116242 0.0102458 0.0109049 0.00997467 0.0107724 0.00993619 0.010084 0.0116192 0.0100333 0.009634 0.00996061 0.00910182 0.0091553 0.00771872 0.0108307 0.0103882 0.0213005 0.0131187 0.0189287 0.093287 0 0.00380124 0.00368219 0.00415072 0.0383316 0.0103972 0.00955632 0.00984217 0.00925072 0.0142889 0.0102181 0.00848717 0.00938203 0.00900415 0.00929824 0.011988 0.00991595 0.00925612 0.00929172 0.00972539 0.00901702 0.0109708 0.0080988 0.00920958 0.0082532 0.00832966 0.00828166 0.0086698 0.0106779 0.00845806 0.00825891 0.00842862 0.00857476 0.0086559 0.00878364 0.00824385 0.00818956 0.00823408 0.00832897 0.00824317 0.00834385 0.00848681 0.00798161 0.00794327 0.00815798 0.00823813 0.00796623 0.00800316 0.00844259 
0.00884577 0.00944841 0.0170591 0.010852 0.0149645 0.0118475 0.0146219 0.00891055 0.00880404 0.0143904 0.0109633 0.00894362 0.0088074 0.00877565 0.0106465 0.00879056 0.00945356 0.20006 0.0529706 0.0287669 0.00380124 0 0.00384375 0.00374464 0.0168099 0.0366272 0.0138437 0.0129745 0.0109759 0.00883739 0.00896694 0.0101226 0.0110597 0.0110028 0.0114649 0.00897005 0.0096415 0.0122298 0.0155102 0.0114338 0.0113264 0.00892825 0.00824459 0.00818986 0.0083644 0.00883165 0.00994398 0.00933139 0.00877523 0.00837679 0.0088143 0.00951126 0.00930095 0.00892293 0.00836131 0.00830261 0.00873343 0.00870861 0.00883863 0.00874623 0.00850128 0.00831775 0.00794918 0.0081063 0.00808577 0.00797735 0.00795086 0.00816283 0.00814701 
0.0106722 0.0129061 0.0111214 0.0264827 0.0101589 0.0211994 0.0115914 0.0116077 0.00949802 0.0105696 0.00912855 0.0102614 0.00872602 0.01047 0.00872928 0.0124836 0.012502 0.0320813 0.379344 0.0117479 0.00368219 0.00384375 0 0.00373877 0.0155926 0.0207562 0.0463211 0.0158386 0.0227349 0.00964498 0.00882674 0.0236724 0.00968406 0.0159339 0.0099849 0.00994606 0.0107485 0.0231835 0.0161642 0.0135229 0.012105 0.00904249 0.00867771 0.00860626 0.00974521 0.00924748 0.0114795 0.0109039 0.00911755 0.00890886 0.0126716 0.00972007 0.0121463 0.0094784 0.00928279 0.00880945 0.00932744 0.0103893 0.00891778 0.00986452 0.00847991 0.00878051 0.0081788 0.00815 0.00841735 0.00814681 0.00815946 0.00824289 0.00815227 
0.014409 0.013042 0.0203959 0.0100159 0.0191125 0.010623 0.0207365 0.01181 0.022973 0.0104155 0.0109989 0.00947145 0.0111704 0.00850035 0.0150559 0.0103489 0.0968762 0.057747 0.0108954 0.230876 0.00415072 0.00374464 0.00373877 0 0.0262469 0.0246494 0.0194367 0.0390209 0.0167433 0.0285587 0.0298413 0.00888828 0.0145109 0.010015 0.0116899 0.013331 0.0324766 0.0121248 0.0146615 0.0115559 0.0104815 0.0114626 0.011082 0.0100646 0.0118467 0.0115683 0.00920857 0.0098044 0.0129195 0.015345 0.00917281 0.0111231 0.0091797 0.0108452 0.0094106 0.01207 0.00941518 0.00888875 0.00971586 0.00880989 0.00873628 0.00886366 0.00880306 0.00847497 0.00823665 0.00882296 0.00907806 0.00829954 0.00826431 
0.0130206 0.0135093 0.0106364 0.0144396 0.0112281 0.0129181 0.0116384 0.0189884 0.00983285 0.00986592 0.00923905 0.00924694 0.00887761 0.00906214 0.0100412 0.0212516 0.0149246 0.0116285 0.0163266 0.0219561 0.0383316 0.0168099 0.0155926 0.0262469 0 0.00631443 0.00380768 0.00376932 0.00402079 0.00547504 0.00541443 0.0058337 0.00646859 0.00754552 0.0222263 0.823185 0.0238105 0.0127335 0.011023 0.0112777 0.0116399 0.0294309 0.0112491 0.0133725 0.0187391 0.0102297 0.0104262 0.0124616 0.0217197 0.0140092 0.01328 0.0109721 0.0120701 0.0108307 0.0198811 0.0127793 0.0103843 0.0116074 0.00989083 0.0108901 0.00990012 0.0152235 0.00905654 0.00818163 0.0104671 0.0102378 0.00887008 0.00815997 0.0108052 
0.00857396 0.0114441 0.0295615 0.0169538 0.0312093 0.0181869 0.0207866 0.00980917 0.00873202 0.0105762 0.0121202 0.010934 0.0122536 0.00920868 0.0142732 0.00943993 0.0103562 0.0303156 0.0187878 0.0142441 0.0103972 0.0366272 0.0207562 0.0246494 0.00631443 0 0.00374124 0.00371599 0.00404032 0.00375629 0.00481163 0.0052589 0.00642069 0.0216089 0.85527 0.0303844 0.00965497 0.0166855 0.0164439 0.015531 0.0257484 0.0104422 0.00989924 0.0095016 0.010093 0.0204084 0.0139273 0.0184441 0.0118924 0.0113301 0.0187877 0.0263847 0.0292704 0.021809 0.0103043 0.0110915 0.0194318 0.0150267 0.0235504 0.0144553 0.0137908 0.00950234 0.00825908 0.00859732 0.00846308 0.0083802 0.00826107 0.0087201 0.00848015 
0.00876116 0.0141992 0.0149955 0.0707943 0.0336178 0.0502708 0.0142879 0.0101567 0.00874756 0.0105399 0.0136113 0.0185222 0.0130338 0.0168611 0.00960253 0.0103518 0.0108251 0.0173106 0.0383621 0.010767 0.00955632 0.0138437 0.0463211 0.0194367 0.00380768 0.00374124 0 0.00376966 0.00371958 0.00371308 0.00386965 0.00544472 0.00853178 0.884815 0.0340422 0.00737975 0.00772871 0.013015 0.0172631 0.0260636 0.0140062 0.00962716 0.0089837 0.00880687 0.0101585 0.0153155 0.0400616 0.0211893 0.0119621 0.0103528 0.025581 0.0490855 0.0589373 0.0188734 0.0119662 0.0115585 0.0162443 0.0448001 0.0262162 0.0460741 0.011489 0.0103165 0.00860399 0.00834286 0.00871901 0.00815219 0.00855197 0.00865697 0.00895194 
0.00843363 0.0106992 0.0220106 0.0358163 0.04211 0.0268778 0.0144642 0.00948755 0.00863759 0.00981652 0.0144857 0.0110004 0.015368 0.0100503 0.011059 0.00898547 0.0100015 0.0243137 0.0150129 0.0118429 0.00984217 0.0129745 0.0158386 0.0390209 0.00376932 0.00371599 0.00376966 0 0.00372892 0.00369588 0.00419245 0.00573774 0.910951 0.0398538 0.00673731 0.00673329 0.00783211 0.0109636 0.0272935 0.0183914 0.0114022 0.0101321 0.00876094 0.00924738 0.00953424 0.0178929 0.0329403 0.0144137 0.0131168 0.010311 0.0171767 0.0480825 0.0371911 0.0176732 0.0105576 0.0105522 0.0150677 0.0227468 0.0271128 0.0187215 0.0119508 0.00965942 0.00835767 0.00830342 0.00838489 0.0080509 0.00830883 0.00845193 0.00841518 
0.00868234 0.0094184 0.0106529 0.0152309 0.0113035 0.0112699 0.0108816 0.00926459 0.00891484 0.00939596 0.00888368 0.00990997 0.00871578 0.00895429 0.00878988 0.00906587 0.0113962 0.0114629 0.0194374 0.0100493 0.00925072 0.0109759 0.0227349 0.0167433 0.00402079 0.00404032 0.00371958 0.00372892 0 0.00374743 0.00663967 0.963853 0.0151125 0.00521577 0.00595698 0.00611077 0.006797 0.0282956 0.00970182 0.00960139 0.0109122 0.00896625 0.0100188 0.00906199 0.010649 0.0127091 0.0108129 0.0137407 0.0105026 0.0099213 0.0141017 0.0124497 0.0128069 0.0129076 0.0101838 0.00965871 0.0100812 0.012485 0.00989509 0.0104698 0.00928664 0.00869343 0.00840532 0.00831607 0.00830828 0.00819248 0.00859596 0.00855104 0.00816247 
0.00965297 0.00914083 0.00913581 0.00934113 0.00892 0.00907037 0.00866255 0.00921782 0.0097631 0.00856239 0.00845855 0.00849713 0.00839831 0.00841683 0.00822082 0.00892077 0.012522 0.00948589 0.00921763 0.0117448 0.0142889 0.00883739 0.00964498 0.0285587 0.00547504 0.00375629 0.00371308 0.00369588 0.00374743 0 0.97046 0.00389797 0.00383466 0.00391146 0.00389469 0.00448387 0.02366 0.00721676 0.00725862 0.00694831 0.00768023 0.00980889 0.0111976 0.00924024 0.0130464 0.00897675 0.00921021 0.00942831 0.013513 0.0114539 0.00954324 0.00945466 0.00940841 0.00876428 0.0104977 0.0103258 0.00887177 0.00882004 0.00871149 0.00878344 0.0083036 0.00858779 0.0085381 0.00799489 0.00811629 0.00834644 0.00835497 0.00801045 0.00807821 
0.00850437 0.00838298 0.0105116 0.00848045 0.010416 0.00857846 0.0104018 0.00952581 0.00853379 0.00838455 0.00849792 0.00836578 0.00845874 0.00817205 0.0101262 0.00931661 0.00942762 0.010042 0.00916441 0.0182387 0.0102181 0.00896694 0.00882674 0.0298413 0.00541443 0.00481163 0.00386965 0.00419245 0.00663967 0.97046 0 0.00399193 0.00374157 0.00677237 0.00382998 0.00452063 0.00528998 0.0061939 0.00634986 0.00751386 0.0542365 0.240532 0.00915334 0.0133776 0.00963549 0.0110769 0.00870221 0.0108697 0.0184851 0.012605 0.0087553 0.00975301 0.00883929 0.00980648 0.0112907 0.0094336 0.00921468 0.00860227 0.00929778 0.00861616 0.00980535 0.0102465 0.0081476 0.00867128 0.00838639 0.00902801 0.00806115 0.00845559 0.00896821 
0.0089754 0.0101564 0.00895906 0.020094 0.00963506 0.0260477 0.0101756 0.00971864 0.00815299 0.00872799 0.00904953 0.0101697 0.00861568 0.0103429 0.00851199 0.0113591 0.00921742 0.00991257 0.0216601 0.0098025 0.00848717 0.0101226 0.0236724 0.00888828 0.0058337 0.0052589 0.00544472 0.00573774 0.963853 0.00389797 0.00399193 0 0.00369743 0.00371179 0.00593763 0.00425413 0.0051845 0.00666926 0.00904302 0.0441623 0.232863 0.0133437 0.00949706 0.00846074 0.0128862 0.00889009 0.0150116 0.0125766 0.00978477 0.00906842 0.0220877 0.0106292 0.0376417 0.0108134 0.00992708 0.0095418 0.0100171 0.014981 0.00992871 0.0183562 0.012581 0.00983411 0.0087269 0.00804129 0.00884604 0.00814897 0.00854695 0.00820086 0.00839565 
0.0080454 0.00883606 0.019509 0.0109963 0.0457811 0.0122776 0.0120329 0.0084579 0.00829746 0.00895499 0.0112977 0.00927767 0.0132883 0.00854179 0.011878 0.00827911 0.00896884 0.0187619 0.00995276 0.010439 0.00938203 0.0110597 0.00968406 0.0145109 0.00646859 0.00642069 0.00853178 0.910951 0.0151125 0.00383466 0.00374157 0.00369743 0 0.00369701 0.00371533 0.00370241 0.00496505 0.00840744 0.0258658 0.252381 0.0142788 0.00712543 0.00826662 0.00926255 0.00854982 0.0213764 0.0111443 0.0125727 0.0113187 0.0104009 0.0110863 0.0602745 0.0149298 0.0154422 0.00990648 0.00964923 0.0145424 0.0121771 0.0311027 0.0133665 0.0101089 0.00873654 0.00820192 0.00854872 0.00812632 0.00815893 0.00822785 0.0088688 0.00822808 
0.00857699 0.0129921 0.0103763 0.046795 0.0150185 0.0259748 0.0107319 0.00983447 0.00838686 0.00930528 0.010434 0.0130885 0.00918473 0.0123343 0.00850775 0.0102736 0.0101786 0.0129356 0.0204329 0.00979696 0.00900415 0.0110028 0.0159339 0.010015 0.00754552 0.0216089 0.884815 0.0398538 0.00521577 0.00391146 0.00677237 0.00371179 0.00369701 0 0.00369747 0.00372786 0.00462301 0.0266463 0.284422 0.0312744 0.0131803 0.00714626 0.00917936 0.00847051 0.0126482 0.00961482 0.0422672 0.0128532 0.0114967 0.00953664 0.0275166 0.0205569 0.0396926 0.0131097 0.0108816 0.0106206 0.0137632 0.0356738 0.0161963 0.027424 0.0108788 0.0101478 0.00889973 0.00821589 0.00917292 0.00807312 0.00875108 0.00830979 0.00905804 
0.0083511 0.00884089 0.0193145 0.0102189 0.0140359 0.0113167 0.0126399 0.0086802 0.00883137 0.00975435 0.0103621 0.00889915 0.00929575 0.00861253 0.00994632 0.00858547 0.0137793 0.0171025 0.013708 0.0102673 0.00929824 0.0114649 0.0099849 0.0116899 0.0222263 0.85527 0.0340422 0.00673731 0.00595698 0.00389469 0.00382998 0.00593763 0.00371533 0.00369747 0 0.00373159 0.0205563 0.301372 0.022002 0.0137935 0.00663223 0.00682805 0.00998058 0.010465 0.00952194 0.025801 0.0107411 0.0179232 0.010804 0.0129021 0.0167565 0.0190608 0.0147877 0.0183945 0.0100714 0.010329 0.0159221 0.0109438 0.0132 0.0110883 0.0114638 0.00884046 0.0082239 0.00869802 0.00814662 0.00804519 0.00840094 0.00897065 0.00820066 
0.0103415 0.0116737 0.00910968 0.0100878 0.00922399 0.00980886 0.00922059 0.0102084 0.0100567 0.00866307 0.00855936 0.00890145 0.0084869 0.0085576 0.00827799 0.0100644 0.0152056 0.0100481 0.00999836 0.0133329 0.011988 0.00897005 0.00994606 0.013331 0.823185 0.0303844 0.00737975 0.00673329 0.00611077 0.00448387 0.00452063 0.00425413 0.00370241 0.00372786 0.00373159 0 0.344219 0.0321063 0.00702929 0.00554878 0.00670851 0.00753742 0.0110378 0.00933282 0.0208122 0.00922542 0.0102411 0.00988078 0.0188995 0.0157704 0.0106565 0.0102941 0.0112485 0.0106685 0.0150132 0.016372 0.00964165 0.010216 0.0097321 0.00972633 0.00912377 0.00957333 0.0093287 0.00804036 0.00853769 0.00883064 0.0102928 0.00816485 0.00850292 
0.0096538 0.0102291 0.0103253 0.010688 0.0110495 0.0101417 0.0102814 0.0117672 0.008747 0.00868307 0.00891609 0.0089041 0.00853828 0.00856223 0.00874551 0.0127114 0.0111093 0.0102825 0.011166 0.0172009 0.00991595 0.0096415 0.0107485 0.0324766 0.0238105 0.00965497 0.00772871 0.00783211 0.006797 0.02366 0.00528998 0.0051845 0.00496505 0.00462301 0.0205563 0.344219 0 0.00376997 0.00375276 0.00373743 0.0037872 0.00436881 0.00883917 0.0124024 0.0148228 0.0130504 0.0113538 0.0128736 0.0188441 0.0237918 0.0141033 0.0128324 0.0131216 0.0124347 0.0403657 0.0147814 0.0124692 0.0124813 0.0116847 0.0125429 0.0103834 0.0180465 0.00917719 0.00839172 0.00957223 0.00989258 0.00880503 0.00848178 0.010065 
0.00821022 0.0100584 0.0137218 0.0157942 0.0176676 0.0204118 0.0164409 0.00920437 0.00829502 0.00965149 0.00953639 0.00962481 0.00972166 0.0092179 0.0101614 0.00916434 0.00966428 0.0178626 0.0200045 0.0114052 0.00925612 0.0122298 0.0231835 0.0121248 0.0127335 0.0166855 0.013015 0.0109636 0.0282956 0.00721676 0.0061939 0.00666926 0.00840744 0.0266463 0.301372 0.0321063 0.00376997 0 0.00371905 0.00370791 0.00379453 0.00375615 0.0109255 0.00947795 0.0116814 0.0291242 0.0185333 0.0243929 0.0142029 0.012421 0.0313179 0.0284351 0.0279365 0.0519493 0.0114492 0.0127347 0.0242954 0.0187484 0.0242223 0.0222348 0.02362 0.0103271 0.00844939 0.00856428 0.0085809 0.00829307 0.0082845 0.00905863 0.00862348 
0.00849344 0.0108859 0.0152531 0.0401059 0.0376132 0.0404616 0.0124055 0.00967179 0.00845026 0.00918851 0.0124628 0.0193248 0.0125444 0.012788 0.0102027 0.00959326 0.0098847 0.0156483 0.0227262 0.0104984 0.00929172 0.0155102 0.0161642 0.0146615 0.011023 0.0164439 0.0172631 0.0272935 0.00970182 0.00725862 0.00634986 0.00904302 0.0258658 0.284422 0.022002 0.00702929 0.00375276 0.00371905 0 0.00373485 0.00372999 0.00372264 0.00869861 0.0111432 0.0119341 0.0179925 0.0462925 0.0272858 0.0150497 0.0112415 0.0268833 0.0737553 0.137857 0.0313024 0.0134454 0.013611 0.0229862 0.0539436 0.0425851 0.0755036 0.0166415 0.0113679 0.00868489 0.00832738 0.00879987 0.00816909 0.00870991 0.00851042 0.00905733 
0.00834607 0.0100001 0.0202086 0.027706 0.0372587 0.0231148 0.0131599 0.00923445 0.008364 0.00937137 0.0121941 0.011342 0.0134555 0.00948967 0.00960818 0.00882093 0.00925995 0.0178949 0.0193948 0.0100421 0.00972539 0.0114338 0.0135229 0.0115559 0.0112777 0.015531 0.0260636 0.0183914 0.00960139 0.00694831 0.00751386 0.0441623 0.252381 0.0312744 0.0137935 0.00554878 0.00373743 0.00370791 0.00373485 0 0.00370065 0.00369561 0.00794963 0.0101803 0.0105245 0.0196709 0.0357489 0.0164969 0.0114009 0.011263 0.0224036 0.151379 0.03933 0.0298384 0.0121506 0.0130009 0.0235116 0.0436903 0.0541828 0.0322156 0.0185793 0.0100493 0.00853033 0.0086199 0.0086451 0.00819466 0.00842275 0.00910649 0.00870408 
0.0082711 0.00871159 0.0107546 0.0128414 0.0110721 0.0118423 0.0105396 0.00895141 0.00853966 0.00891739 0.00873967 0.0095623 0.00866039 0.00866579 0.0089197 0.00869875 0.00942711 0.0107856 0.0160841 0.00959823 0.00901702 0.0113264 0.012105 0.0104815 0.0116399 0.0257484 0.0140062 0.0114022 0.0109122 0.00768023 0.0542365 0.232863 0.0142788 0.0131803 0.00663223 0.00670851 0.0037872 0.00379453 0.00372999 0.00370065 0 0.00369097 0.015885 0.0152351 0.0114723 0.018351 0.0159231 0.0321796 0.0141134 0.0110641 0.081348 0.0194117 0.0210473 0.0237795 0.0123757 0.0109565 0.0163734 0.0169059 0.0124057 0.0133 0.0111414 0.00967883 0.00833526 0.00841724 0.00843363 0.00816509 0.0083978 0.0085464 0.00846817 
0.0106428 0.0105299 0.00908842 0.00915423 0.00880334 0.0088968 0.00893356 0.00938963 0.00975567 0.00839037 0.00847197 0.00855934 0.00845003 0.00843571 0.00823083 0.00928054 0.0147885 0.00964565 0.00895917 0.0127194 0.0109708 0.00892825 0.00904249 0.0114626 0.0294309 0.0104422 0.00962716 0.0101321 0.00896625 0.00980889 0.240532 0.0133437 0.00712543 0.00714626 0.00682805 0.00753742 0.00436881 0.00375615 0.00372264 0.00369561 0.00369097 0 0.0153778 0.0122273 0.022833 0.00986816 0.0105421 0.0175603 0.0192105 0.0759415 0.0100184 0.0101057 0.0099448 0.0109612 0.0133744 0.0209409 0.0102021 0.00972014 0.00933205 0.00932885 0.00899633 0.00915033 0.0107547 0.00828585 0.0088582 0.0100691 0.010504 0.00826275 0.0091365 
0.00906967 0.00830226 0.00815836 0.00832564 0.00821788 0.00832111 0.00834087 0.00900706 0.00803632 0.00801263 0.00800215 0.00805519 0.0079931 0.00801637 0.00822921 0.0101808 0.00835295 0.00829937 0.00889018 0.0100178 0.0080988 0.00824459 0.00867771 0.011082 0.0112491 0.00989924 0.0089837 0.00876094 0.0100188 0.0111976 0.00915334 0.00949706 0.00826662 0.00917936 0.00998058 0.0110378 0.00883917 0.0109255 0.00869861 0.00794963 0.015885 0.0153778 0 0.00755597 0.00675647 0.0130069 0.00917741 0.00834122 0.00838589 0.0129555 0.0116481 0.00894371 0.00929477 0.00941892 0.0135011 0.0108206 0.00930337 0.0093342 0.00875854 0.00900025 0.0091118 0.0120481 0.00939503 0.00845492 0.010416 0.0106138 0.00862628 0.00829266 0.00970771 
0.0081832 0.00816934 0.00843077 0.00803436 0.00827246 0.00814155 0.00887339 0.00825181 0.00851335 0.0080534 0.00795186 0.00798481 0.00795786 0.00793159 0.00836333 0.00805551 0.00939148 0.00828322 0.00843703 0.00920584 0.00920958 0.00818986 0.00860626 0.0100646 0.0133725 0.0095016 0.00880687 0.00924738 0.00906199 0.00924024 0.0133776 0.00846074 0.00926255 0.00847051 0.010465 0.00933282 0.0124024 0.00947795 0.0111432 0.0101803 0.0152351 0.0122273 0.00755597 0 0.0122028 0.00722174 0.00555929 0.00651278 0.00530673 0.0172562 0.00924054 0.00924729 0.00869336 0.0107399 0.0106362 0.0125854 0.00966037 0.0086353 0.00904998 0.00857291 0.00913624 0.00899569 0.00872179 0.00897917 0.0082294 0.00913798 0.00865993 0.00867986 0.00833939 
0.0111219 0.0103846 0.00816048 0.01033 0.00837154 0.0090228 0.00830758 0.0100625 0.0080891 0.00806418 0.00814273 0.00821797 0.00810889 0.0084353 0.00813079 0.01474 0.00918131 0.00846226 0.00920507 0.0111125 0.0082532 0.0083644 0.00974521 0.0118467 0.0187391 0.010093 0.0101585 0.00953424 0.010649 0.0130464 0.00963549 0.0128862 0.00854982 0.0126482 0.00952194 0.0208122 0.0148228 0.0116814 0.0119341 0.0105245 0.0114723 0.022833 0.00675647 0.0122028 0 0.00372895 0.00375585 0.00404339 0.00404518 0.0535265 0.0248376 0.0100509 0.0127918 0.0109008 0.0222933 0.0200524 0.0107208 0.0143392 0.00957762 0.0143992 0.00955955 0.0218378 0.0148095 0.00845124 0.0243559 0.0138292 0.0140736 0.0083508 0.0188452 
0.0079612 0.00823389 0.0114857 0.00891617 0.0119092 0.00961843 0.00913768 0.00833895 0.00804591 0.00842153 0.00836162 0.00832989 0.00846632 0.00815133 0.00948466 0.00820476 0.00840954 0.0107997 0.00997523 0.00946177 0.00832966 0.00883165 0.00924748 0.0115683 0.0102297 0.0204084 0.0153155 0.0178929 0.0127091 0.00897675 0.0110769 0.00889009 0.0213764 0.00961482 0.025801 0.00922542 0.0130504 0.0291242 0.0179925 0.0196709 0.018351 0.00986816 0.0130069 0.00722174 0.00372895 0 0.00371036 0.00370461 0.00376461 0.0295665 0.0849041 0.0532167 0.0160839 0.0250034 0.00985982 0.0121564 0.0331244 0.0125104 0.0399347 0.0129536 0.0195107 0.0096081 0.00837053 0.0120243 0.00839526 0.00856457 0.00824316 0.0113275 0.00863145 
0.00811971 0.00926974 0.00894766 0.017415 0.0118334 0.0139981 0.00927975 0.00856486 0.00804047 0.00835966 0.00927848 0.0111014 0.00873175 0.00946674 0.0082058 0.00884415 0.00850279 0.0105772 0.0138305 0.00882693 0.00828166 0.00994398 0.0114795 0.00920857 0.0104262 0.0139273 0.0400616 0.0329403 0.0108129 0.00921021 0.00870221 0.0150116 0.0111443 0.0422672 0.0107411 0.0102411 0.0113538 0.0185333 0.0462925 0.0357489 0.0159231 0.0105421 0.00917741 0.00555929 0.00375585 0.00371036 0 0.00370868 0.00370052 0.0150375 0.056621 0.116978 0.112156 0.0234553 0.0122923 0.0123868 0.0185947 0.0622573 0.0218626 0.079465 0.0113374 0.0115224 0.00928107 0.00849244 0.00968921 0.00831497 0.00907565 0.00855316 0.00926515 
0.00831993 0.00932969 0.00999958 0.0107519 0.0102525 0.0114619 0.0104296 0.00901187 0.00844834 0.00867975 0.00883221 0.00885969 0.00859397 0.00866407 0.00869151 0.00858691 0.0096562 0.010402 0.0128668 0.00935237 0.0086698 0.00933139 0.0109039 0.0098044 0.0124616 0.0184441 0.0211893 0.0144137 0.0137407 0.00942831 0.0108697 0.0125766 0.0125727 0.0128532 0.0179232 0.00988078 0.0128736 0.0243929 0.0272858 0.0164969 0.0321796 0.0175603 0.00834122 0.00651278 0.00404339 0.00370461 0.00370868 0 0.00376986 0.0183971 0.0333073 0.0614334 0.0883182 0.0640879 0.0200719 0.0134067 0.0286275 0.0194073 0.0239135 0.0178089 0.0208708 0.0112961 0.0097937 0.0103603 0.00924837 0.00982784 0.00925688 0.0109631 0.0097612 
0.00916861 0.00973659 0.00939181 0.00893716 0.00936566 0.00910575 0.0092921 0.00916952 0.00932713 0.00832308 0.00832742 0.00861073 0.00833417 0.00829144 0.00854023 0.00905216 0.0114661 0.00915611 0.00909775 0.0115734 0.0106779 0.00877523 0.00911755 0.0129195 0.0217197 0.0118924 0.0119621 0.0131168 0.0105026 0.013513 0.0184851 0.00978477 0.0113187 0.0114967 0.010804 0.0188995 0.0188441 0.0142029 0.0150497 0.0114009 0.0141134 0.0192105 0.00838589 0.00530673 0.00404518 0.00376461 0.00370052 0.00376986 0 0.0196759 0.0135874 0.0374894 0.0195702 0.0523495 0.103002 0.0319642 0.0148463 0.0146804 0.0133253 0.0122798 0.0113469 0.0241504 0.0134824 0.0094032 0.0100386 0.0117265 0.0124069 0.00969715 0.0103355 
0.00836737 0.00860647 0.00918135 0.00886385 0.00918553 0.00877546 0.00875729 0.00877249 0.00827451 0.00810036 0.00815602 0.00815667 0.00826272 0.00808321 0.00880575 0.00867436 0.00886814 0.0088647 0.00963775 0.0111275 0.00845806 0.00837679 0.00890886 0.015345 0.0140092 0.0113301 0.0103528 0.010311 0.0099213 0.0114539 0.012605 0.00906842 0.0104009 0.00953664 0.0129021 0.0157704 0.0237918 0.012421 0.0112415 0.011263 0.0110641 0.0759415 0.0129555 0.0172562 0.0535265 0.0295665 0.0150375 0.0183971 0.0196759 0 0.00415506 0.00373603 0.00376384 0.00379316 0.00487462 0.0455835 0.0299321 0.011581 0.0177871 0.0197134 0.197253 0.04012 0.0119759 0.0116633 0.0158839 0.0174989 0.0116181 0.0112128 0.0209733 
0.00824019 0.00903145 0.00931846 0.0129924 0.0101808 0.0120862 0.00920627 0.00873739 0.00813463 0.00851855 0.00868404 0.00892669 0.00859618 0.00870517 0.00832454 0.0087924 0.00874969 0.009589 0.0128695 0.00919282 0.00825891 0.0088143 0.0126716 0.00917281 0.01328 0.0187877 0.025581 0.0171767 0.0141017 0.00954324 0.0087553 0.0220877 0.0110863 0.0275166 0.0167565 0.0106565 0.0141033 0.0313179 0.0268833 0.0224036 0.081348 0.0100184 0.0116481 0.00924054 0.0248376 0.0849041 0.056621 0.0333073 0.0135874 0.00415506 0 0.00374573 0.00371508 0.00376188 0.00377246 0.0664276 0.0305184 0.0589999 0.0192762 0.510386 0.0270467 0.0113844 0.0133563 0.0116096 0.0139931 0.0117588 0.0133533 0.0119563 0.0136342 
0.00804608 0.0094575 0.0118329 0.0124459 0.0190842 0.0125195 0.0105605 0.00845087 0.0080591 0.00860163 0.00975512 0.00906204 0.00944585 0.00879086 0.00892631 0.00826411 0.00859329 0.0112252 0.0123383 0.00914 0.00842862 0.00951126 0.00972007 0.0111231 0.0109721 0.0263847 0.0490855 0.0480825 0.0124497 0.00945466 0.00975301 0.0106292 0.0602745 0.0205569 0.0190608 0.0102941 0.0128324 0.0284351 0.0737553 0.151379 0.0194117 0.0101057 0.00894371 0.00924729 0.0100509 0.0532167 0.116978 0.0614334 0.0374894 0.00373603 0.00374573 0 0.00372819 0.00375016 0.00374838 0.0181202 0.073782 0.0302397 0.675234 0.0445533 0.0204531 0.0101053 0.00948186 0.0113874 0.00945649 0.00912556 0.00962911 0.0150522 0.0106894 
0.00820609 0.00993832 0.00929766 0.0162482 0.0120853 0.0133508 0.00937555 0.00886108 0.00813606 0.00871113 0.00920695 0.00960425 0.00888908 0.00921892 0.00844554 0.00879502 0.00896059 0.0105691 0.0138964 0.00887335 0.00857476 0.00930095 0.0121463 0.0091797 0.0120701 0.0292704 0.0589373 0.0371911 0.0128069 0.00940841 0.00883929 0.0376417 0.0149298 0.0396926 0.0147877 0.0112485 0.0131216 0.0279365 0.137857 0.03933 0.0210473 0.0099448 0.00929477 0.00869336 0.0127918 0.0160839 0.112156 0.0883182 0.0195702 0.00376384 0.00371508 0.00372819 0 0.00371656 0.00372613 0.0372178 0.0190019 0.651328 0.0273195 0.0824494 0.0125413 0.0114172 0.0110768 0.0097109 0.0126841 0.00913106 0.0110435 0.0101888 0.0138742 
0.007975 0.00863669 0.0103333 0.0101717 0.0106825 0.00997404 0.0100295 0.00860447 0.00799509 0.00850469 0.00861274 0.00860356 0.00844709 0.00855238 0.00846029 0.00815737 0.00862555 0.0101687 0.0113988 0.00929633 0.0086559 0.00892293 0.0094784 0.0108452 0.0108307 0.021809 0.0188734 0.0176732 0.0129076 0.00876428 0.00980648 0.0108134 0.0154422 0.0131097 0.0183945 0.0106685 0.0124347 0.0519493 0.0313024 0.0298384 0.0237795 0.0109612 0.00941892 0.0107399 0.0109008 0.0250034 0.0234553 0.0640879 0.0523495 0.00379316 0.00376188 0.00375016 0.00371656 0 0.00377917 0.0132488 0.584003 0.0343023 0.0537159 0.0160955 0.0529727 0.00941772 0.00936656 0.0202527 0.00979283 0.00959769 0.00976775 0.0300407 0.0105774 
