1QYDB
DKKSRVLIVGGTGYIGKRIVNASISLGHPTYVLFRPEVVSNIDKVQMLLYFKQLGAKLIEASLDDHQRLVDALKQVDVVISALAGGVLSHHILEQLKLVEAIKEAGNIKRFLPSEFGMDPDIMEHALQPGSITFIDKRKVRRAIEAASIPYTYVSSNMFAGYFAGSLAQLDGHMMPPRDKVLIYGDGNVKGIWVDEDDVGTYTIKSIDDPQTLNKTMYIRPPMNILSQKEVIQIWERLSEQNLDKIYISSQDFLADMKDKSYEEKIVRCHLYQIFFRGDLYNFEIGPNAIEATKLYPEVKYVTMDSYLERYV
CCCCCEEEECCCCCCHHHHHHHHHHCCCCEEEECCCCCCCCHHHHHHHHHHHHHHEEEECCCCCCHHHHHHHHCCCCEEEECCCCCCCCHHHHHHHHHHHHHHHCCCCCEEECCCCCCCCCCCCCCCCCCHHHHHHHHHHHCCCCCCCCCEEEEECCEECCCCCCCCCCCCCCCCCCCCEEEECCCCCCCEEEECHHHHHHHHCCHHHCHHHCCEEEECCCHHHEECHHHHHHHHCCCCCCCCEEEECCCHHHHHCCCCCCHHHHHHHHHHHHHCCCCCCCCCCCCCCEEEHHHHCCCCCCCCHHHHCCCCC
0 0 0 0 0 0 0 0 0 0 0 0 0 0 0 0 0 0 0 0 0 0 0 0 0 0 0 0 0 0 0 0 0 0 0 0 0 0 0 0 0 0 0 0 0 0 0 0 0 0 0 0 0 0 0 0 0 0 0 0 0 0 0 0 0 0 0 0 0 0 0 0 0 0 0 0 0 0 0 0 0 0 0 0 0 0 0 0 0 0 0 0 0 0 0 0 0 0 0 0 0 0 0 0 0 0 0 0 0 0 0 0 0 0 0 0 0 0 0 0 0 0 0 0 0 0 0 0 0 0 0 0 0 0 0 0 0 0 0 0 0 0 0 0 0 0 0 0 0 0 0 0 0 0 0 0 0 0 0 0 0 0 0 0 0 0 0 0 0 0 0 0 0 0 0 0 0 0 0 0 0 0 0 0 0 0 0 0 0 0 0 0 0 0 0 0 0 0 0 0 0 0 0 0 0 0 0 0 0 0 0 0 0 0 0 0 0 0 0 0 0 0 0 0 0 0 0 0 0 0 0 0 0 0 0 0 0 0 0 0 0 0 0 0 0 0 0 0 0 0 0 0 0 0 0 0 0 0 0 0 0 0 0 0 0 0 0 0 0 0 0 0 0 0 0 0 0 0 0 0 0 0 0 0 0 0 0 0 0 0 0 0 0 0 0 0 0 0 0 0 0 0 0 0 0 0 0 0 0 0 0 0 
0 0 0 0 0 0 0 0 0 0 0 0 0 0 0 0 0 0 0 0 0 0 0 0 0 0 0 0 0 0 0 0 0 0 0 0 0 0 0 0 0 0 0 0 0 0 0 0 0 0 0 0 0 0 0 0 0 0 0 0 0 0 0 0 0 0 0 0 0 0 0 0 0 0 0 0 0 0 0 0 0 0 0 0 0 0 0 0 0 0 0 0 0 0 0 0 0 0 0 0 0 0 0 0 0 0 0 0 0 0 0 0 0 0 0 0 0 0 0 0 0 0 0 0 0 0 0 0 0 0 0 0 0 0 0 0 0 0 0 0 0 0 0 0 0 0 0 0 0 0 0 0 0 0 0 0 0 0 0 0 0 0 0 0 0 0 0 0 0 0 0 0 0 0 0 0 0 0 0 0 0 0 0 0 0 0 0 0 0 0 0 0 0 0 0 0 0 0 0 0 0 0 0 0 0 0 0 0 0 0 0 0 0 0 0 0 0 0 0 0 0 0 0 0 0 0 0 0 0 0 0 0 0 0 0 0 0 0 0 0 0 0 0 0 0 0 0 0 0 0 0 0 0 0 0 0 0 0 0 0 0 0 0 0 0 0 0 0 0 0 0 0 0 0 0 0 0 0 0 0 0 0 0 0 0 0 0 0 0 0 0 0 0 0 0 0 0 0 0 0 0 0 0 0 0 0 0 0 0 0 0 0 
0 0.00387454 0.00387047 0.00510945 0.656054 0.0306025 0.0515774 0.0296929 0.0567637 0.0116533 0.0132008 0.0280975 0.204816 0.0224526 0.0229246 0.0244992 0.0180455 0.00990539 0.0112681 0.0103677 0.00881089 0.00971484 0.00944415 0.0103671 0.00878975 0.00918757 0.00890772 0.00938985 0.00905856 0.0105262 0.00971345 0.00857909 0.00893981 0.00978349 0.00844786 0.00830926 0.00886735 0.00938498 0.00829991 0.00843436 0.00836168 0.00840456 0.00858874 0.00906683 0.00936696 0.00876937 0.0093095 
0.00387454 0 0.00397938 0.00378061 0.0682465 0.820639 0.0540649 0.0292022 0.0115873 0.050817 0.0255442 0.0118549 0.0950381 0.351157 0.052856 0.0191328 0.0117857 0.0194479 0.0102218 0.00939977 0.0106192 0.0107303 0.0106285 0.00917666 0.00861472 0.00872357 0.00865761 0.00924263 0.00932074 0.00925802 0.00878115 0.00885801 0.00902211 0.00856928 0.00818956 0.0086344 0.00867181 0.00883093 0.00818833 0.00826702 0.00822192 0.00854726 0.00855956 0.00856113 0.00864244 0.00878573 0.00874312 
0.00387047 0.00397938 0 0.00384234 0.025372 0.0903522 0.821016 0.0281803 0.0125921 0.0132667 0.0576805 0.0147663 0.037683 0.0723234 0.308234 0.0270663 0.0114245 0.0169873 0.0108194 0.00971389 0.0100606 0.0121803 0.012218 0.00921707 0.00873923 0.008824 0.00854568 0.00931328 0.00999772 0.00937719 0.00878975 0.00902513 0.00956187 0.00838171 0.00838837 0.0086969 0.00891806 0.00835757 0.00820945 0.00813632 0.00829147 0.00856656 0.00870223 0.00823114 0.00884978 0.00861236 0.00850329 
0.00510945 0.00378061 0.00384234 0 0.0243188 0.0490413 0.0878865 0.746594 0.0174249 0.0106649 0.0121625 0.0546188 0.0344939 0.0196407 0.0290699 0.136189 0.0116045 0.00975796 0.0141512 0.0108759 0.00902142 0.00923557 0.00891915 0.00977551 0.00924156 0.00901421 0.0088166 0.00856907 0.00850563 0.00992151 0.0089574 0.00854857 0.00849674 0.00879566 0.00833454 0.00840817 0.00827885 0.00863627 0.00842607 0.00823047 0.00851866 0.00837559 0.0081636 0.00815588 0.00933314 0.00853366 0.00842802 
0.656054 0.0682465 0.025372 0.0243188 0 0.00411229 0.00381016 0.00396871 0.173218 0.0110769 0.012208 0.0327979 0.0501676 0.0147591 0.0160917 0.0261532 0.0141139 0.0099235 0.013592 0.00911502 0.00834655 0.00848794 0.0091051 0.0103676 0.00822658 0.00862941 0.00819212 0.00845872 0.00839215 0.0091864 0.00832924 0.00811631 0.00835691 0.00878136 0.00801799 0.00800927 0.00813556 0.00840289 0.00809505 0.00812932 0.00796216 0.00799318 0.00803438 0.00823221 0.00842184 0.00823026 0.00855576 
0.0306025 0.820639 0.0903522 0.0490413 0.00411229 0 0.00382859 0.00375578 0.0158823 0.332434 0.0285935 0.0132326 0.0313979 0.104744 0.0278892 0.0153254 0.0115026 0.0136824 0.0100539 0.00923772 0.00941171 0.0103672 0.0101686 0.0091273 0.00835713 0.00847739 0.00832192 0.00871804 0.00916871 0.00861449 0.0083214 0.00852836 0.00878084 0.00839228 0.00799946 0.00836475 0.00842888 0.00831852 0.00804523 0.00807961 0.00801072 0.00832823 0.00820103 0.00819876 0.00835874 0.00838864 0.00838485 
0.0515774 0.0540649 0.821016 0.0878865 0.00381016 0.00382859 0 0.0037514 0.0234437 0.0192704 0.543674 0.027422 0.0248442 0.0521051 0.15149 0.0232532 0.0112567 0.0187589 0.0113598 0.0100625 0.0113191 0.0134857 0.0133578 0.00927185 0.00883397 0.00888462 0.00853741 0.0098627 0.00985401 0.00922872 0.00866833 0.00912766 0.00947262 0.00845148 0.00820428 0.00865709 0.00867838 0.00848572 0.00822464 0.00823626 0.00811352 0.00844435 0.00844488 0.00809605 0.00858991 0.00845606 0.00827853 
0.0296929 0.0292022 0.0281803 0.746594 0.00396871 0.00375578 0.0037514 0 0.0166614 0.0155619 0.0177356 0.53208 0.0285832 0.0171499 0.0235595 0.0742607 0.0145137 0.010268 0.0168933 0.0115794 0.0092058 0.00954399 0.00917914 0.00997923 0.00948516 0.00903293 0.0101235 0.00874398 0.00885979 0.00978389 0.00904104 0.0086544 0.00852169 0.00872993 0.00840064 0.00820578 0.00831564 0.00856695 0.00835684 0.00832292 0.00846036 0.00813896 0.00806915 0.00812669 0.00910214 0.00845897 0.00828713 
0.0567637 0.0115873 0.0125921 0.0174249 0.173218 0.0158823 0.0234437 0.0166614 0 0.00375701 0.00378114 0.00558307 0.0316086 0.0126624 0.0189963 0.0325671 0.0133722 0.0115943 0.0168462 0.00965412 0.00882078 0.00932547 0.00892455 0.0107588 0.00826875 0.00947029 0.00833665 0.00971808 0.00839389 0.0101412 0.00926869 0.00837919 0.00821617 0.0096525 0.00808662 0.00824282 0.00814762 0.00844583 0.00822994 0.00842817 0.00795976 0.0080853 0.00816778 0.00824273 0.00837758 0.00816821 0.00857278 
0.0116533 0.050817 0.0132667 0.0106649 0.0110769 0.332434 0.0192704 0.0155619 0.00375701 0 0.00395828 0.00387739 0.0219598 0.0545395 0.0163886 0.0132287 0.0104201 0.0109302 0.00934163 0.00845458 0.00854727 0.00909891 0.00887704 0.00867506 0.00818233 0.00820291 0.00830321 0.00834705 0.00861331 0.00836062 0.00813528 0.00833664 0.00848787 0.00829847 0.00798898 0.00817416 0.00818816 0.00822788 0.00803029 0.00802983 0.00793182 0.00810157 0.00801671 0.00815479 0.00806642 0.00819917 0.00827555 
0.0132008 0.0255442 0.0576805 0.0121625 0.012208 0.0285935 0.543674 0.0177356 0.00378114 0.00395828 0 0.00373231 0.0178523 0.0618294 0.0978674 0.0145156 0.0103736 0.0159031 0.00961931 0.00889601 0.0095049 0.00987087 0.0108465 0.0085632 0.00845884 0.00833392 0.00867449 0.00887896 0.00916826 0.00841415 0.00829329 0.00865126 0.00861094 0.00816434 0.00800879 0.00824871 0.00835336 0.00821239 0.0080662 0.00807739 0.00812138 0.00809091 0.00806192 0.00800639 0.00827616 0.00820082 0.00815275 
0.0280975 0.0118549 0.0147663 0.0546188 0.0327979 0.0132326 0.027422 0.53208 0.00558307 0.00387739 0.00373231 0 0.0259849 0.0157545 0.0490659 0.142953 0.0199412 0.0105957 0.0153586 0.0144263 0.00868099 0.00897294 0.00921038 0.00962177 0.00942589 0.00877236 0.00903436 0.00882369 0.00831528 0.00942835 0.00938353 0.00826326 0.00829855 0.00856572 0.0081631 0.00803114 0.00817852 0.00850199 0.00845428 0.00820114 0.00825225 0.00801296 0.00804767 0.00805136 0.00873262 0.00808982 0.00808041 
0.204816 0.0950381 0.037683 0.0344939 0.0501676 0.0313979 0.0248442 0.0285832 0.0316086 0.0219598 0.0178523 0.0259849 0 0.00385171 0.00381497 0.0042026 0.626497 0.0298286 0.0420712 0.0214208 0.0276556 0.0170577 0.0157416 0.0202345 0.0109188 0.012967 0.0119185 0.0125891 0.0117949 0.0177197 0.0136685 0.010357 0.0107292 0.0137977 0.00864424 0.00876664 0.0095249 0.0110946 0.00870444 0.00892104 0.00828302 0.0082227 0.00855446 0.00906309 0.00889044 0.00862741 0.00955698 
0.0224526 0.351157 0.0723234 0.0196407 0.0147591 0.104744 0.0521051 0.0171499 0.0126624 0.0545395 0.0618294 0.0157545 0.00385171 0 0.00379058 0.00377914 0.186814 0.577799 0.0162159 0.0177547 0.031559 0.0493804 0.0309732 0.0119754 0.0103083 0.00981799 0.00913044 0.0156532 0.0210128 0.0115596 0.00961558 0.0140342 0.0130845 0.00952725 0.00838427 0.00929408 0.00982932 0.00978279 0.00837763 0.00850112 0.00810591 0.00849887 0.00857125 0.00845007 0.00861659 0.00863538 0.00841555 
0.0229246 0.052856 0.308234 0.0290699 0.0160917 0.0278892 0.15149 0.0235595 0.0189963 0.0163886 0.0978674 0.0490659 0.00381497 0.00379058 0 0.00382383 0.0435705 0.176081 0.205224 0.0154887 0.0263891 0.0331763 0.0626164 0.0154873 0.010906 0.0120346 0.00945855 0.0138081 0.0200743 0.013558 0.0101513 0.0120567 0.0151247 0.00992121 0.0084944 0.00913403 0.0107065 0.00942556 0.00892853 0.00873338 0.00817864 0.00845106 0.00845143 0.00814673 0.00860878 0.00852242 0.00832918 
0.0244992 0.0191328 0.0270663 0.136189 0.0261532 0.0153254 0.0232532 0.0742607 0.0325671 0.0132287 0.0145156 0.142953 0.0042026 0.00377914 0.00382383 0 0.0218322 0.0467788 0.293089 0.0341021 0.0145569 0.0141999 0.0191141 0.0297869 0.0147611 0.0134503 0.0143598 0.0102569 0.0119915 0.0175031 0.0137117 0.0101205 0.0103175 0.0140018 0.00978127 0.00863833 0.00903634 0.0103342 0.00937006 0.00903413 0.00932019 0.00816884 0.0081812 0.00876915 0.00927519 0.00826508 0.00823937 
0.0180455 0.0117857 0.0114245 0.0116045 0.0141139 0.0115026 0.0112567 0.0145137 0.0133722 0.0104201 0.0103736 0.0199412 0.626497 0.186814 0.0435705 0.0218322 0 0.00395291 0.00381317 0.273161 0.025458 0.026518 0.0127776 0.0256945 0.0131043 0.0159701 0.01459 0.0157025 0.0102263 0.0176919 0.0146873 0.0107754 0.00961084 0.0149413 0.00902218 0.0086111 0.00879382 0.0108766 0.00851089 0.00897851 0.00830822 0.00797949 0.00816784 0.00884112 0.00975549 0.0083055 0.00877888 
0.00990539 0.0194479 0.0169873 0.00975796 0.0099235 0.0136824 0.0187589 0.010268 0.0115943 0.0109302 0.0159031 0.0105957 0.0298286 0.577799 0.176081 0.0467788 0.00395291 0 0.00406853 0.0347939 0.172934 0.028231 0.118496 0.0126398 0.0226451 0.0180909 0.00971969 0.0172415 0.0199272 0.0108869 0.00986369 0.0132949 0.015658 0.0094751 0.00835145 0.00900706 0.0108677 0.00873389 0.00924955 0.00842572 0.00809191 0.00826649 0.00834564 0.0082453 0.00820591 0.00860067 0.00815936 
0.0112681 0.0102218 0.0108194 0.0141512 0.013592 0.0100539 0.0113598 0.0168933 0.0168462 0.00934163 0.00961931 0.0153586 0.0420712 0.0162159 0.205224 0.293089 0.00381317 0.00406853 0 0.0262854 0.0172133 0.0596822 0.058203 0.212875 0.0175883 0.0246553 0.0127826 0.0113037 0.0117408 0.0192486 0.0133754 0.010455 0.0104132 0.0128394 0.00942679 0.00873183 0.00891441 0.0107617 0.00975279 0.00876727 0.00882023 0.00809671 0.00813555 0.00838009 0.00914463 0.00816537 0.00825404 
0.0103677 0.00939977 0.00971389 0.0108759 0.00911502 0.00923772 0.0100625 0.0115794 0.00965412 0.00845458 0.00889601 0.0144263 0.0214208 0.0177547 0.0154887 0.0341021 0.273161 0.0347939 0.0262854 0 0.00381034 0.0037971 0.00382107 0.00435568 0.00547008 0.0122657 0.0549473 0.0273608 0.0153497 0.0389622 0.0232939 0.0171367 0.0122351 0.0319386 0.0102798 0.0104006 0.0107258 0.0214092 0.00960308 0.0131908 0.00861291 0.00831865 0.0085884 0.0115153 0.00966599 0.00885074 0.0105084 
0.00881089 0.0106192 0.0100606 0.00902142 0.00834655 0.00941171 0.0113191 0.0092058 0.00882078 0.00854727 0.0095049 0.00868099 0.0276556 0.031559 0.0263891 0.0145569 0.025458 0.172934 0.0172133 0.00381034 0 0.00374528 0.00376759 0.00378275 0.00702784 0.006425 0.0535101 0.0662388 0.0370467 0.0161718 0.0167413 0.0273983 0.0295142 0.0125102 0.00956222 0.012051 0.0183573 0.0118211 0.00980374 0.00918812 0.00837958 0.00864108 0.00895674 0.00894219 0.00850586 0.00880633 0.00850233 
0.00971484 0.0107303 0.0121803 0.00923557 0.00848794 0.0103672 0.0134857 0.00954399 0.00932547 0.00909891 0.00987087 0.00897294 0.0170577 0.0493804 0.0331763 0.0141999 0.026518 0.028231 0.0596822 0.0037971 0.00374528 0 0.00372467 0.0037303 0.00417033 0.00764687 0.0205072 0.0642326 0.0586166 0.0162387 0.0141022 0.0359012 0.0270779 0.0128356 0.00918647 0.0172971 0.0181612 0.0126572 0.00918955 0.00902488 0.00859645 0.0090385 0.00910959 0.00865026 0.00893612 0.00867344 0.00868425 
0.00944415 0.0106285 0.012218 0.00891915 0.0091051 0.0101686 0.0133578 0.00917914 0.00892455 0.00887704 0.0108465 0.00921038 0.0157416 0.0309732 0.0626164 0.0191141 0.0127776 0.118496 0.058203 0.00382107 0.00376759 0.00372467 0 0.00385403 0.00494308 0.0318421 0.0166058 0.0381602 0.0949066 0.049016 0.0153987 0.0273015 0.0617589 0.0162705 0.0103163 0.0148961 0.0297801 0.0153653 0.0118759 0.0106547 0.0090738 0.00899006 0.0096871 0.008607 0.00898707 0.00898558 0.00843858 
0.0103671 0.00917666 0.00921707 0.00977551 0.0103676 0.0091273 0.00927185 0.00997923 0.0107588 0.00867506 0.0085632 0.00962177 0.0202345 0.0119754 0.0154873 0.0297869 0.0256945 0.0126398 0.212875 0.00435568 0.00378275 0.0037303 0.00385403 0 0.034576 0.00589952 0.0213156 0.0167328 0.0302877 0.0894905 0.0232568 0.0141708 0.0202344 0.0316895 0.0135907 0.0109194 0.0112126 0.0269515 0.015249 0.0124159 0.0117651 0.00852806 0.00845042 0.00934041 0.0107079 0.0083151 0.00863607 
0.00878975 0.00861472 0.00873923 0.00924156 0.00822658 0.00835713 0.00883397 0.00948516 0.00826875 0.00818233 0.00845884 0.00942589 0.0109188 0.0103083 0.010906 0.0147611 0.0131043 0.0226451 0.0175883 0.00547008 0.00702784 0.00417033 0.00494308 0.034576 0 0.00477911 0.0354366 0.0235008 0.0289519 0.035887 0.015453 0.0128134 0.0141974 0.0209041 0.00944485 0.00921378 0.0103195 0.0156658 0.00993094 0.0129653 0.00861877 0.00821917 0.00832647 0.0102776 0.00835058 0.00863925 0.00980013 
0.00918757 0.00872357 0.008824 0.00901421 0.00862941 0.00847739 0.00888462 0.00903293 0.00947029 0.00820291 0.00833392 0.00877236 0.012967 0.00981799 0.0120346 0.0134503 0.0159701 0.0180909 0.0246553 0.0122657 0.006425 0.00764687 0.0318421 0.00589952 0.00477911 0 0.0189371 0.0164056 0.0584538 0.11838 0.0177141 0.0116848 0.0192077 0.0264851 0.0108196 0.00941409 0.010733 0.0159581 0.0167576 0.0107925 0.00938764 0.00832817 0.00850061 0.0089724 0.00959579 0.00839772 0.00884132 
0.00890772 0.00865761 0.00854568 0.0088166 0.00819212 0.00832192 0.00853741 0.0101235 0.00833665 0.00830321 0.00867449 0.00903436 0.0119185 0.00913044 0.00945855 0.0143598 0.01459 0.00971969 0.0127826 0.0549473 0.0535101 0.0205072 0.0166058 0.0213156 0.0354366 0.0189371 0 0.00418478 0.0038108 0.00428421 0.0112976 0.00852992 0.0131696 0.0526225 0.0324866 0.0108655 0.01174 0.0192634 0.0106711 0.0117682 0.0132165 0.00963772 0.0093918 0.017176 0.00943324 0.00865635 0.0100866 
0.00938985 0.00924263 0.00931328 0.00856907 0.00845872 0.00871804 0.0098627 0.00874398 0.00971808 0.00834705 0.00887896 0.00882369 0.0125891 0.0156532 0.0138081 0.0102569 0.0157025 0.0172415 0.0113037 0.0273608 0.0662388 0.0642326 0.0381602 0.0167328 0.0235008 0.0164056 0.00418478 0 0.00375315 0.00375215 0.00891331 0.0220016 0.0577498 0.0230179 0.0124709 0.0496833 0.0216902 0.0137462 0.0118332 0.011201 0.00925314 0.011555 0.0122282 0.0104486 0.00924743 0.00962141 0.00911197 
0.00905856 0.00932074 0.00999772 0.00850563 0.00839215 0.00916871 0.00985401 0.00885979 0.00839389 0.00861331 0.00916826 0.00831528 0.0117949 0.0210128 0.0200743 0.0119915 0.0102263 0.0199272 0.0117408 0.0153497 0.0370467 0.0586166 0.0949066 0.0302877 0.0289519 0.0584538 0.0038108 0.00375315 0 0.00378066 0.0123745 0.0752425 0.0823791 0.00915999 0.0137979 0.0194843 0.0545401 0.0170467 0.0135214 0.0109938 0.0102545 0.0103766 0.0119589 0.010403 0.00940704 0.00996748 0.00899629 
0.0105262 0.00925802 0.00937719 0.00992151 0.0091864 0.00861449 0.00922872 0.00978389 0.0101412 0.00836062 0.00841415 0.00942835 0.0177197 0.0115596 0.013558 0.0175031 0.0176919 0.0108869 0.0192486 0.0389622 0.0161718 0.0162387 0.049016 0.0894905 0.035887 0.11838 0.00428421 0.00375215 0.00378066 0 0.0897757 0.0250842 0.0130426 0.0218346 0.0194452 0.0133388 0.0194821 0.0744705 0.0226007 0.0178367 0.0156001 0.00908258 0.00904425 0.013484 0.0137365 0.0096499 0.0100941 
0.00971345 0.00878115 0.00878975 0.0089574 0.00832924 0.0083214 0.00866833 0.00904104 0.00926869 0.00813528 0.00829329 0.00938353 0.0136685 0.00961558 0.0101513 0.0137117 0.0146873 0.00986369 0.0133754 0.0232939 0.0167413 0.0141022 0.0153987 0.0232568 0.015453 0.0177141 0.0112976 0.00891331 0.0123745 0.0897757 0 0.0037337 0.00381967 0.00403537 0.218647 0.019299 0.0152758 0.0284559 0.0137872 0.0181465 0.0122338 0.0092651 0.00963266 0.0166689 0.0110931 0.00941422 0.01224 
0.00857909 0.00885801 0.00902513 0.00854857 0.00811631 0.00852836 0.00912766 0.0086544 0.00837919 0.00833664 0.00865126 0.00826326 0.010357 0.0140342 0.0120567 0.0101205 0.0107754 0.0132949 0.010455 0.0171367 0.0273983 0.0359012 0.0273015 0.0141708 0.0128134 0.0116848 0.00852992 0.0220016 0.0752425 0.0250842 0.0037337 0 0.00378806 0.00372522 0.0361422 0.179178 0.0647155 0.0168927 0.012308 0.0112959 0.00917545 0.0117468 0.0120089 0.0103634 0.00900421 0.0101382 0.00949056 
0.00893981 0.00902211 0.00956187 0.00849674 0.00835691 0.00878084 0.00947262 0.00852169 0.00821617 0.00848787 0.00861094 0.00829855 0.0107292 0.0130845 0.0151247 0.0103175 0.00961084 0.015658 0.0104132 0.0122351 0.0295142 0.0270779 0.0617589 0.0202344 0.0141974 0.0192077 0.0131696 0.0577498 0.0823791 0.0130426 0.00381967 0.00378806 0 0.00375283 0.0142469 0.0576794 0.27189 0.0341162 0.0161176 0.0128113 0.0104866 0.0102393 0.011991 0.0102722 0.00960987 0.0106017 0.00933896 
0.00978349 0.00856928 0.00838171 0.00879566 0.00878136 0.00839228 0.00845148 0.00872993 0.0096525 0.00829847 0.00816434 0.00856572 0.0137977 0.00952725 0.00992121 0.0140018 0.0149413 0.0094751 0.0128394 0.0319386 0.0125102 0.0128356 0.0162705 0.0316895 0.0209041 0.0264851 0.0526225 0.0230179 0.00915999 0.0218346 0.00403537 0.00372522 0.00375283 0 0.0220911 0.0154454 0.0317729 0.293236 0.0246764 0.0225917 0.0169156 0.00919775 0.00929578 0.0118721 0.0147885 0.00972768 0.00987501 
0.00844786 0.00818956 0.00838837 0.00833454 0.00801799 0.00799946 0.00820428 0.00840064 0.00808662 0.00798898 0.00800879 0.0081631 0.00864424 0.00838427 0.0084944 0.00978127 0.00902218 0.00835145 0.00942679 0.0102798 0.00956222 0.00918647 0.0103163 0.0135907 0.00944485 0.0108196 0.0324866 0.0124709 0.0137979 0.0194452 0.218647 0.0361422 0.0142469 0.0220911 0 0.00449879 0.00379559 0.00410616 0.00574117 0.009202 0.0571495 0.00923395 0.0101744 0.0253787 0.0102836 0.00920952 0.0126102 
0.00830926 0.0086344 0.0086969 0.00840817 0.00800927 0.00836475 0.00865709 0.00820578 0.00824282 0.00817416 0.00824871 0.00803114 0.00876664 0.00929408 0.00913403 0.00863833 0.0086111 0.00900706 0.00873183 0.0104006 0.012051 0.0172971 0.0148961 0.0109194 0.00921378 0.00941409 0.0108655 0.0496833 0.0194843 0.0133388 0.019299 0.179178 0.0576794 0.0154454 0.00449879 0 0.00376242 0.00373839 0.00552438 0.00626495 0.0125197 0.0259295 0.0150535 0.0110621 0.00992428 0.010638 0.0098819 
0.00886735 0.00867181 0.00891806 0.00827885 0.00813556 0.00842888 0.00867838 0.00831564 0.00814762 0.00818816 0.00835336 0.00817852 0.0095249 0.00982932 0.0107065 0.00903634 0.00879382 0.0108677 0.00891441 0.0107258 0.0183573 0.0181612 0.0297801 0.0112126 0.0103195 0.010733 0.01174 0.0216902 0.0545401 0.0194821 0.0152758 0.0647155 0.27189 0.0317729 0.00379559 0.00376242 0 0.00374395 0.00451241 0.0084496 0.0143418 0.0225422 0.0242462 0.0110512 0.010636 0.0141454 0.00954437 
0.00938498 0.00883093 0.00835757 0.00863627 0.00840289 0.00831852 0.00848572 0.00856695 0.00844583 0.00822788 0.00821239 0.00850199 0.0110946 0.00978279 0.00942556 0.0103342 0.0108766 0.00873389 0.0107617 0.0214092 0.0118211 0.0126572 0.0153653 0.0269515 0.0156658 0.0159581 0.0192634 0.0137462 0.0170467 0.0744705 0.0284559 0.0168927 0.0341162 0.293236 0.00410616 0.00373839 0.00374395 0 0.00815891 0.00677785 0.0205868 0.0116749 0.0115079 0.0472746 0.0182955 0.0110937 0.015047 
0.00829991 0.00818833 0.00820945 0.00842607 0.00809505 0.00804523 0.00822464 0.00835684 0.00822994 0.00803029 0.0080662 0.00845428 0.00870444 0.00837763 0.00892853 0.00937006 0.00851089 0.00924955 0.00975279 0.00960308 0.00980374 0.00918955 0.0118759 0.015249 0.00993094 0.0167576 0.0106711 0.0118332 0.0135214 0.0226007 0.0137872 0.012308 0.0161176 0.0246764 0.00574117 0.00552438 0.00451241 0.00815891 0 0.00400207 0.0117295 0.0124082 0.019642 0.0211667 0.00979077 0.0138799 0.0162543 
0.00843436 0.00826702 0.00813632 0.00823047 0.00812932 0.00807961 0.00823626 0.00832292 0.00842817 0.00802983 0.00807739 0.00820114 0.00892104 0.00850112 0.00873338 0.00903413 0.00897851 0.00842572 0.00876727 0.0131908 0.00918812 0.00902488 0.0106547 0.0124159 0.0129653 0.0107925 0.0117682 0.011201 0.0109938 0.0178367 0.0181465 0.0112959 0.0128113 0.0225917 0.009202 0.00626495 0.0084496 0.00677785 0.00400207 0 0.02072 0.0090192 0.0110326 0.0343392 0.0141186 0.0135394 0.0112674 
0.00836168 0.00822192 0.00829147 0.00851866 0.00796216 0.00801072 0.00811352 0.00846036 0.00795976 0.00793182 0.00812138 0.00825225 0.00828302 0.00810591 0.00817864 0.00932019 0.00830822 0.00809191 0.00882023 0.00861291 0.00837958 0.00859645 0.0090738 0.0117651 0.00861877 0.00938764 0.0132165 0.00925314 0.0102545 0.0156001 0.0122338 0.00917545 0.0104866 0.0169156 0.0571495 0.0125197 0.0143418 0.0205868 0.0117295 0.02072 0 0.00395198 0.00420662 0.00645828 0.0207186 0.0106294 0.0194255 
0.00840456 0.00854726 0.00856656 0.00837559 0.00799318 0.00832823 0.00844435 0.00813896 0.0080853 0.00810157 0.00809091 0.00801296 0.0082227 0.00849887 0.00845106 0.00816884 0.00797949 0.00826649 0.00809671 0.00831865 0.00864108 0.0090385 0.00899006 0.00852806 0.00821917 0.00832817 0.00963772 0.011555 0.0103766 0.00908258 0.0092651 0.0117468 0.0102393 0.00919775 0.00923395 0.0259295 0.0225422 0.0116749 0.0124082 0.0090192 0.00395198 0 0.00440108 0.00376737 0.0194835 0.0141442 0.00992412 
0.00858874 0.00855956 0.00870223 0.0081636 0.00803438 0.00820103 0.00844488 0.00806915 0.00816778 0.00801671 0.00806192 0.00804767 0.00855446 0.00857125 0.00845143 0.0081812 0.00816784 0.00834564 0.00813555 0.0085884 0.00895674 0.00910959 0.0096871 0.00845042 0.00832647 0.00850061 0.0093918 0.0122282 0.0119589 0.00904425 0.00963266 0.0120089 0.011991 0.00929578 0.0101744 0.0150535 0.0242462 0.0115079 0.019642 0.0110326 0.00420662 0.00440108 0 0.00374145 0.0122766 0.0303958 0.00962355 
0.00906683 0.00856113 0.00823114 0.00815588 0.00823221 0.00819876 0.00809605 0.00812669 0.00824273 0.00815479 0.00800639 0.00805136 0.00906309 0.00845007 0.00814673 0.00876915 0.00884112 0.0082453 0.00838009 0.0115153 0.00894219 0.00865026 0.008607 0.00934041 0.0102776 0.0089724 0.017176 0.0104486 0.010403 0.013484 0.0166689 0.0103634 0.0102722 0.0118721 0.0253787 0.0110621 0.0110512 0.0472746 0.0211667 0.0343392 0.00645828 0.00376737 0.00374145 0 0.027088 0.0138622 0.0516151 
0.00936696 0.00864244 0.00884978 0.00933314 0.00842184 0.00835874 0.00858991 0.00910214 0.00837758 0.00806642 0.00827616 0.00873262 0.00889044 0.00861659 0.00860878 0.00927519 0.00975549 0.00820591 0.00914463 0.00966599 0.00850586 0.00893612 0.00898707 0.0107079 0.00835058 0.00959579 0.00943324 0.00924743 0.00940704 0.0137365 0.0110931 0.00900421 0.00960987 0.0147885 0.0102836 0.00992428 0.010636 0.0182955 0.00979077 0.0141186 0.0207186 0.0194835 0.0122766 0.027088 0 0.00412083 0.00409154 
0.00876937 0.00878573 0.00861236 0.00853366 0.00823026 0.00838864 0.00845606 0.00845897 0.00816821 0.00819917 0.00820082 0.00808982 0.00862741 0.00863538 0.00852242 0.00826508 0.0083055 0.00860067 0.00816537 0.00885074 0.00880633 0.00867344 0.00898558 0.0083151 0.00863925 0.00839772 0.00865635 0.00962141 0.00996748 0.0096499 0.00941422 0.0101382 0.0106017 0.00972768 0.00920952 0.010638 0.0141454 0.0110937 0.0138799 0.0135394 0.0106294 0.0141442 0.0303958 0.0138622 0.00412083 0 0.00373574 
0.0093095 0.00874312 0.00850329 0.00842802 0.00855576 0.00838485 0.00827853 0.00828713 0.00857278 0.00827555 0.00815275 0.00808041 0.00955698 0.00841555 0.00832918 0.00823937 0.00877888 0.00815936 0.00825404 0.0105084 0.00850233 0.00868425 0.00843858 0.00863607 0.00980013 0.00884132 0.0100866 0.00911197 0.00899629 0.0100941 0.01224 0.00949056 0.00933896 0.00987501 0.0126102 0.0098819 0.00954437 0.015047 0.0162543 0.0112674 0.0194255 0.00992412 0.00962355 0.0516151 0.00409154 0.00373574 0 
