1ROCA
GASIVSLLGIKVLNNPAKFTDPYEFEITFECLESLKHDLEWKLTYVGSSRSLDHDQELDSILVGPVPVGVNKFVFSADPPSAELIPASELVSVTVILLSCSYDGREFVRVGYYVNNEYDEEELRENPPAKVQVDHIVRNILAEKPRVTRFNIVWD
CCCCEEEEEEEECCCCEECCCCEEEEEEEEECCCCCCCEEEEEEECCCCCCCCCCEEEEEEEECCCCCEEEEEEEEECCCCHHHCCCHHHHCCEEEEEEEEECCEEEEEEEEEEEEEECCHHHHHCCCCCCCHHHEEEEECCCCCEEEECCCCCC
0 0 0 0 0 0 0 0 0 0 0 0 0 0 0 0 0 0 0 0 0 0 0 0 0 0 0 0 0 0 0 0 0 0 0 0 0 0 0 0 0 0 0 0 0 0 0 0 0 0 0 0 0 0 0 0 0 0 0 0 0 0 0 0 0 0 0 0 0 0 0 0 0 0 0 0 0 0 0 0 0 0 0 0 0 0 0 0 0 0 0 0 0 0 0 0 0 0 0 0 0 0 0 0 0 0 0 0 0 0 0 0 0 0 0 0 0 0 0 0 0 0 0 0 0 0 0 0 0 0 0 0 0 0 0 0 0 0 0 0 0 0 0 0 0 0 0 0 0 0 0 0 0 0 0 
0 0 0 0 0 0 0 0 0 0 0 0 0 0 0 0 0 0 0 0 0 0 0 0 0 0 0 0 0 0 0 0 0 0 0 0 0 0 0 0 0 0 0 0 0 0 0 0 0 0 0 0 0 0 0 0 0 0 0 0 0 0 0 0 0 0 0 0 0 0 0 0 0 0 0 0 0 0 0 0 0 0 0 0 0 0 0 0 0 0 0 0 0 0 0 0 0 0 0 0 0 0 0 0 0 0 0 0 0 0 0 0 0 0 0 0 0 0 0 0 0 0 0 0 0 0 0 0 0 0 0 0 0 0 0 0 0 0 0 0 0 0 0 0 0 0 0 0 0 0 0 0 0 0 0 
0 0.00404296 0.00387448 0.00387059 0.00377416 0.00440969 0.00523882 0.0237579 0.00932568 0.0210872 0.0231975 0.00855755 0.0179754 0.00866944 0.0199735 0.00979419 0.0219526 0.0113306 0.270689 0.0230373 0.00875475 0.0153338 0.00915516 0.0130242 0.0124419 0.0444253 0.0137909 0.00898585 0.0117263 0.00853629 0.00921602 0.0115706 0.00942973 0.0356093 0.00995415 0.00841981 0.00958264 0.00861249 0.0117935 0.00877946 0.0124018 0.00931681 0.0352095 0.0117521 0.00947302 0.0116221 0.00948308 0.0104435 0.00863304 0.00909923 0.00850705 0.0117626 0.00855781 0.00810905 0.00833784 0.00906913 0.00829703 0.00960623 0.00831866 0.00885313 0.00846203 0.00882236 0.00806786 0.0084057 0.00799041 0.010204 0.0105006 0.00797815 0.00859142 0.00826602 0.0104831 0.00843609 0.00805514 0.00839017 0.00901217 
0.00404296 0 0.00376532 0.00374975 0.00376921 0.0037235 0.00673051 0.00476774 0.00642437 0.0103758 0.00801163 0.0247551 0.00835882 0.0320916 0.00879512 0.0359868 0.00984051 0.272242 0.0124135 0.00919161 0.0242301 0.00915528 0.0222871 0.0103373 0.0324829 0.00996844 0.00897404 0.0152108 0.00857958 0.00993027 0.0102247 0.00908997 0.0201439 0.00937957 0.0100244 0.00940386 0.00865106 0.0132481 0.00878054 0.025128 0.0087682 0.0194575 0.00855174 0.00978339 0.0128201 0.0116049 0.0188951 0.00965254 0.0148248 0.00876908 0.0108579 0.00814603 0.00827964 0.00842773 0.00854038 0.00849191 0.0122444 0.0084733 0.0106165 0.00860378 0.00943328 0.00829844 0.00919685 0.00819744 0.00853747 0.00807755 0.0082855 0.00855432 0.00819627 0.00878416 0.00812588 0.00825813 0.00817221 0.00820477 0.00832469 
0.00387448 0.00376532 0 0.00378002 0.00371137 0.00413745 0.00371897 0.00390392 0.00605921 0.00599934 0.00993769 0.00792774 0.0209785 0.00863132 0.0225535 0.0108202 0.186333 0.00990902 0.00981084 0.0109175 0.00851267 0.0159431 0.00917695 0.0264526 0.00978667 0.00948849 0.00899277 0.00859315 0.0107137 0.00885748 0.00934483 0.0142575 0.00888882 0.0094989 0.00850587 0.00829633 0.00956342 0.00865201 0.0155317 0.00937817 0.0176302 0.00857701 0.00910583 0.00890137 0.00933591 0.0177443 0.0106627 0.0185123 0.00960875 0.0116798 0.00832042 0.00820893 0.00802523 0.00808092 0.00842611 0.0105599 0.00856789 0.0119727 0.00852477 0.00952811 0.00856132 0.00915195 0.00816815 0.00858652 0.00796824 0.00810791 0.00875621 0.00800281 0.00851087 0.00819805 0.00834311 0.00797206 0.0081183 0.0081697 0.00795548 
0.00387059 0.00374975 0.00378002 0 0.00379186 0.00371308 0.0038048 0.00379041 0.00497408 0.00604268 0.00761917 0.00900888 0.0106909 0.00952149 0.0119525 0.0240133 0.0167496 0.00957099 0.00872947 0.00921962 0.00887078 0.0094301 0.0117375 0.0109187 0.0103161 0.00887377 0.00863831 0.00902697 0.00881397 0.00906188 0.0101278 0.00952309 0.00911021 0.00891683 0.00835381 0.00840838 0.00882665 0.00920989 0.00982573 0.0120802 0.00920311 0.00871944 0.00885135 0.0088576 0.00934358 0.0107674 0.0126012 0.0113338 0.00954562 0.00906271 0.00838028 0.00814719 0.00802254 0.00812369 0.00849936 0.00870554 0.00969838 0.00869747 0.00857781 0.00859921 0.00884493 0.0083372 0.00817687 0.00817641 0.00800065 0.00801154 0.00836267 0.00801977 0.00828631 0.00811015 0.00814764 0.00798675 0.00804075 0.00811465 0.00794226 
0.00377416 0.00376921 0.00371137 0.00379186 0 0.00371662 0.00379195 0.00374286 0.00444952 0.00695666 0.00746188 0.0110502 0.00923793 0.0180937 0.0115767 0.161999 0.00875365 0.0110712 0.00846886 0.00875388 0.0104808 0.0100403 0.0164837 0.00960992 0.0106973 0.00889517 0.00869286 0.00960546 0.008795 0.0100974 0.00977325 0.00903111 0.0104388 0.00873349 0.00882695 0.00867641 0.00876215 0.0116536 0.00917608 0.0134897 0.00889299 0.00954109 0.00825322 0.00889356 0.00939482 0.0122638 0.0153699 0.0109675 0.0116999 0.00886178 0.00902897 0.00810279 0.00797678 0.00837502 0.00851631 0.00894796 0.0105391 0.0085802 0.00969716 0.00884291 0.00916902 0.00837335 0.00893511 0.00832554 0.00815845 0.00806796 0.00819688 0.00815137 0.0082362 0.0083513 0.00802701 0.00808035 0.00805759 0.0080919 0.00806256 
0.00440969 0.0037235 0.00413745 0.00371308 0.00371662 0 0.0037045 0.00373039 0.00513556 0.00566012 0.0117126 0.00713161 0.0341665 0.00834533 0.218349 0.00809014 0.0164189 0.00835475 0.0115893 0.0116406 0.00902785 0.0252694 0.0087365 0.0194423 0.0100714 0.00976371 0.00912056 0.00878909 0.0136953 0.00889472 0.00909351 0.0127385 0.00878718 0.0102548 0.00876317 0.00839218 0.0107761 0.00897269 0.0172241 0.0087932 0.0169248 0.00839517 0.0108622 0.00863044 0.0101635 0.0178931 0.0123438 0.0195652 0.00902059 0.0120824 0.00843049 0.00828771 0.00803833 0.00804401 0.00883321 0.0107525 0.00858273 0.0107604 0.00867949 0.00987048 0.00864699 0.00962601 0.00816292 0.00855968 0.00811043 0.00813647 0.00908935 0.00804941 0.00873312 0.00815128 0.00821757 0.00794079 0.00803116 0.00817712 0.00792437 
0.00523882 0.00673051 0.00371897 0.0038048 0.00379195 0.0037045 0 0.0037187 0.00611626 0.0256225 0.00703149 0.0481839 0.00862603 0.223018 0.00813062 0.0191922 0.00870545 0.0218007 0.00813314 0.00873201 0.027143 0.00890358 0.0151551 0.00970413 0.0213629 0.00946568 0.00936156 0.0128744 0.00877724 0.00944657 0.00946426 0.00914254 0.0194256 0.00864456 0.00926733 0.010065 0.00876682 0.0136829 0.00876617 0.0177388 0.00886862 0.0156132 0.00825573 0.0100544 0.0110218 0.0112636 0.0173825 0.0104456 0.0135481 0.00898308 0.0102776 0.00818844 0.00809274 0.00887864 0.00861391 0.00848305 0.0124902 0.00853842 0.00979562 0.00889973 0.00998482 0.00863185 0.00892681 0.00840041 0.00835745 0.00804795 0.0083035 0.00857091 0.00824603 0.00901369 0.00807935 0.00841128 0.00820511 0.00802693 0.00808863 
0.0237579 0.00476774 0.00390392 0.00379041 0.00374286 0.00373039 0.0037187 0 0.0209982 0.00496676 0.0476368 0.0092967 0.130301 0.00819894 0.012153 0.0094929 0.0128242 0.0106966 0.0123397 0.027904 0.00899032 0.0113123 0.00941948 0.0107787 0.0121324 0.0207988 0.0153075 0.00908775 0.00945833 0.00879382 0.00861999 0.0105924 0.00909 0.0176723 0.0143786 0.00875175 0.00917372 0.00862942 0.0101607 0.00887493 0.00998547 0.0092367 0.0134642 0.016184 0.0121104 0.0122953 0.0236336 0.0116294 0.00918215 0.00969323 0.00862558 0.00888346 0.0102569 0.0084086 0.00829646 0.00878899 0.00873866 0.00895316 0.00861915 0.00922609 0.00842896 0.00845235 0.00822568 0.00906651 0.00813246 0.00839442 0.0162553 0.00819616 0.00823455 0.00820719 0.00850233 0.00977418 0.00813544 0.00808391 0.0082194 
0.00932568 0.00642437 0.00605921 0.00497408 0.00444952 0.00513556 0.00611626 0.0209982 0 0.00655196 0.00590358 0.0112497 0.0102233 0.00497337 0.00694587 0.00574399 0.00698367 0.00639331 0.0147449 0.0107585 0.00829394 0.00935221 0.00828557 0.00957544 0.010364 0.0177262 0.00933404 0.00972791 0.0092081 0.00840179 0.00864716 0.00968918 0.0089553 0.0214638 0.00901706 0.00852694 0.00893343 0.00842779 0.00979912 0.00837054 0.0101647 0.00862684 0.017405 0.00909982 0.00904918 0.00880051 0.00863468 0.00888031 0.00842015 0.0086405 0.00844304 0.0105904 0.00803072 0.00801154 0.00812187 0.00835698 0.00807553 0.00859169 0.00814863 0.00830162 0.00806717 0.00824202 0.00798008 0.00813082 0.00791037 0.00943565 0.00904123 0.00790783 0.00802531 0.00800127 0.00928032 0.00798486 0.00803894 0.00801948 0.0083826 
0.0210872 0.0103758 0.00599934 0.00604268 0.00695666 0.00566012 0.0256225 0.00496676 0.00655196 0 0.0177033 0.0103885 0.00387946 0.00642011 0.0047879 0.0101824 0.00591384 0.0143543 0.00602913 0.00823928 0.0114139 0.00806201 0.0102249 0.00850445 0.0145228 0.0096372 0.012677 0.0100329 0.00842884 0.00875985 0.0086798 0.00857316 0.0115344 0.00927887 0.0113627 0.00874605 0.00834413 0.00954908 0.00852034 0.010356 0.0083774 0.012619 0.00834387 0.0112081 0.00945739 0.0087354 0.00999146 0.00870226 0.00935329 0.00836813 0.00946374 0.00822252 0.00878596 0.00850796 0.0081379 0.00812579 0.00860205 0.00811362 0.00833489 0.00815158 0.00848905 0.00804466 0.00821963 0.00802837 0.00868679 0.00801958 0.00877442 0.00833739 0.00793987 0.00880816 0.00812185 0.00895153 0.00808141 0.00806081 0.0084652 
0.0231975 0.00801163 0.00993769 0.00761917 0.00746188 0.0117126 0.00703149 0.0476368 0.00590358 0.0177033 0 0.00375151 0.00404372 0.00371669 0.0042716 0.00382014 0.00482779 0.00392605 0.0130854 0.00954075 0.00670679 0.0110724 0.0079644 0.0140711 0.00991081 0.0569359 0.0125606 0.00912897 0.011498 0.00865138 0.00907806 0.0122343 0.00910407 0.0673273 0.0103774 0.00881218 0.0101624 0.00848054 0.0150808 0.00857506 0.0146248 0.00915925 0.180814 0.0111163 0.0095033 0.0110138 0.00924338 0.0109511 0.00875175 0.0106725 0.00830688 0.0312221 0.00838326 0.00809094 0.00849264 0.00943029 0.00834956 0.0104293 0.00825048 0.0101555 0.00826779 0.0108917 0.00813859 0.00914201 0.00793837 0.0156879 0.0105449 0.00797306 0.00895365 0.00828909 0.0142395 0.00811299 0.00813833 0.00844912 0.00915425 
0.00855755 0.0247551 0.00792774 0.00900888 0.0110502 0.00713161 0.0481839 0.0092967 0.0112497 0.0103885 0.00375151 0 0.00374773 0.0038232 0.003716 0.00408342 0.00375616 0.0101955 0.00388778 0.00592933 0.0144922 0.00730435 0.015535 0.00796589 0.0532269 0.0110931 0.00940612 0.0144308 0.00862044 0.00978293 0.00978541 0.00859767 0.0308686 0.00887018 0.00929025 0.0100316 0.00853545 0.0184189 0.00861095 0.0290448 0.00843366 0.225101 0.00831304 0.00941157 0.0123415 0.0099288 0.0212811 0.00890799 0.0189233 0.00845014 0.0265789 0.00817929 0.00810211 0.00908877 0.00859366 0.0082651 0.0160834 0.00812888 0.0120431 0.00837101 0.0138774 0.00806734 0.0118065 0.00807608 0.0114195 0.00803651 0.0079966 0.00924964 0.0080117 0.011167 0.00806406 0.00851395 0.008106 0.00835405 0.00865776 
0.0179754 0.00835882 0.0209785 0.0106909 0.00923793 0.0341665 0.00862603 0.130301 0.0102233 0.00387946 0.00404372 0.00374773 0 0.00372232 0.00428261 0.00371513 0.0063581 0.00374298 0.00511852 0.0112175 0.00652375 0.0330514 0.00760277 0.0457646 0.0100488 0.0381135 0.0106321 0.00909283 0.024044 0.00867163 0.0104354 0.0287209 0.00882635 0.0178033 0.0101186 0.00901029 0.0189089 0.0085213 0.0678731 0.00859882 0.293263 0.00859366 0.0246447 0.0100667 0.0112301 0.0374212 0.0131762 0.0621409 0.00950996 0.0661056 0.00853246 0.0126067 0.00852284 0.0082992 0.0102325 0.0210388 0.00857537 0.0490254 0.00877453 0.0291356 0.00854964 0.0298617 0.00845711 0.017096 0.00815772 0.0104256 0.0126749 0.00807365 0.0146633 0.00825701 0.0108642 0.00805539 0.00870157 0.00877558 0.00819213 
0.00866944 0.0320916 0.00863132 0.00952149 0.0180937 0.00834533 0.223018 0.00819894 0.00497337 0.00642011 0.00371669 0.0038232 0.00372232 0 0.00369644 0.00387747 0.00372605 0.00400108 0.00373154 0.00580557 0.0292364 0.00713837 0.0547716 0.00929758 0.0704479 0.0101388 0.00929915 0.0180456 0.00852106 0.0129357 0.0128596 0.00921472 0.0277448 0.0087376 0.00977076 0.0126043 0.00868068 0.057124 0.00880078 0.378533 0.00871366 0.0352393 0.00855342 0.010519 0.0180502 0.0149393 0.0753635 0.0115934 0.0984574 0.00922758 0.0256079 0.00836983 0.00831493 0.0110131 0.0123233 0.00914852 0.0662694 0.00902685 0.036957 0.00916963 0.0418115 0.00851876 0.0242963 0.00853313 0.0115167 0.0081526 0.00816588 0.0125364 0.00835336 0.0127224 0.00811736 0.00920546 0.00851738 0.00861632 0.00912062 
0.0199735 0.00879512 0.0225535 0.0119525 0.0115767 0.218349 0.00813062 0.012153 0.00694587 0.0047879 0.0042716 0.003716 0.00428261 0.00369644 0 0.00371102 0.00384112 0.00373463 0.00407651 0.0105824 0.00651071 0.0535059 0.00830525 0.0692018 0.0118209 0.0138672 0.0108041 0.00877189 0.0239149 0.00895254 0.0114201 0.0311334 0.00909835 0.0147637 0.00989538 0.0090693 0.0279023 0.00877393 0.374671 0.00896824 0.0827669 0.00871122 0.0209565 0.0107001 0.013153 0.0691426 0.0179317 0.194623 0.0103857 0.0636797 0.00878505 0.0105295 0.00840165 0.00855385 0.011387 0.0334596 0.00937279 0.0725825 0.00923369 0.058723 0.00936431 0.0429615 0.00885793 0.022072 0.00845739 0.00932219 0.0126653 0.00831197 0.0152639 0.00845944 0.00988007 0.00811186 0.00851664 0.00893223 0.00826872 
0.00979419 0.0359868 0.0108202 0.0240133 0.161999 0.00809014 0.0191922 0.0094929 0.00574399 0.0101824 0.00382014 0.00408342 0.00371513 0.00387747 0.00371102 0 0.00372474 0.00382659 0.00375287 0.00542447 0.0344221 0.00739624 0.0774589 0.0104056 0.0237919 0.00902782 0.00909014 0.0161567 0.0087009 0.0164159 0.0135688 0.00909922 0.0254536 0.00892446 0.00979803 0.0117873 0.00873267 0.29774 0.00889062 0.0939305 0.00876182 0.0519349 0.00853142 0.0111113 0.0189147 0.0199235 0.11102 0.0106528 0.0893491 0.00927113 0.0172084 0.00833585 0.00831771 0.0103643 0.0127638 0.0119603 0.0631861 0.0089151 0.0490584 0.00900058 0.0250258 0.00862709 0.0211149 0.00852222 0.0104583 0.00851189 0.00825698 0.0105196 0.00829624 0.0145061 0.00807299 0.00894153 0.00838849 0.00861251 0.00893994 
0.0219526 0.00984051 0.186333 0.0167496 0.00875365 0.0164189 0.00870545 0.0128242 0.00698367 0.00591384 0.00482779 0.00375616 0.0063581 0.00372605 0.00384112 0.00372474 0 0.00372527 0.00405073 0.0249225 0.00635466 0.0997933 0.0093172 0.0340971 0.00928137 0.0124496 0.0100217 0.00891625 0.0265226 0.00870728 0.00938816 0.0250275 0.0088724 0.0172332 0.00965615 0.00894396 0.143973 0.00921746 0.0807156 0.00890229 0.0711975 0.00876596 0.0201157 0.0104095 0.0130201 0.0768598 0.0161528 0.161884 0.0121808 0.053327 0.00883151 0.0110723 0.00837095 0.00863958 0.0120313 0.0292881 0.00912541 0.0696669 0.00960188 0.0342446 0.0094973 0.0308767 0.00881036 0.0166386 0.0083989 0.00977137 0.0123329 0.00816126 0.0181714 0.00839558 0.0108921 0.00805481 0.00942552 0.00863081 0.00820376 
0.0113306 0.272242 0.00990902 0.00957099 0.0110712 0.00835475 0.0218007 0.0106966 0.00639331 0.0143543 0.00392605 0.0101955 0.00374298 0.00400108 0.00373463 0.00382659 0.00372527 0 0.00371589 0.00784084 0.0699211 0.00718073 0.0301467 0.00679135 0.0162349 0.00806309 0.00919164 0.0226664 0.00837701 0.010309 0.0100002 0.00878638 0.0261868 0.00928455 0.0102015 0.11381 0.00866568 0.0234976 0.00881433 0.0397246 0.008769 0.0429506 0.00854789 0.010762 0.0233247 0.0109087 0.0470481 0.010493 0.0287913 0.00905617 0.016536 0.00838282 0.00862941 0.0110803 0.0108763 0.00859896 0.0267544 0.00867937 0.0178662 0.00891722 0.0155671 0.00845832 0.0135933 0.00857158 0.0103266 0.00822209 0.00837978 0.0118196 0.00824203 0.0113348 0.008153 0.00905659 0.0083574 0.00853137 0.00836103 
0.270689 0.0124135 0.00981084 0.00872947 0.00846886 0.0115893 0.00813314 0.0123397 0.0147449 0.00602913 0.0130854 0.00388778 0.00511852 0.00373154 0.00407651 0.00375287 0.00405073 0.00371589 0 0.0670861 0.00669661 0.015712 0.00597266 0.00738036 0.00697834 0.0108912 0.0161234 0.00865142 0.0106486 0.0083404 0.00837135 0.0104548 0.00852985 0.0213561 0.152716 0.00854046 0.0112308 0.00840391 0.0137895 0.00854266 0.013382 0.00851866 0.0163412 0.0269152 0.00972136 0.0128219 0.0100832 0.0133079 0.00897829 0.0103658 0.0086566 0.0101561 0.0126993 0.00862521 0.00879732 0.0109602 0.00839398 0.0102741 0.00856313 0.0104256 0.00852047 0.00940145 0.00824623 0.00901545 0.00812127 0.00927439 0.0198688 0.00812751 0.00912279 0.00815377 0.00942439 0.00889431 0.00825125 0.00822192 0.00819817 
0.0230373 0.00919161 0.0109175 0.00921962 0.00875388 0.0116406 0.00873201 0.027904 0.0107585 0.00823928 0.00954075 0.00592933 0.0112175 0.00580557 0.0105824 0.00542447 0.0249225 0.00784084 0.0670861 0 0.00374474 0.00383143 0.00370501 0.00381924 0.00387791 0.00587351 0.00941141 0.00712823 0.0113424 0.00916109 0.00925296 0.0177456 0.0144615 0.5054 0.00998248 0.00858558 0.0105551 0.0084621 0.0142152 0.00848094 0.0162221 0.00901524 0.0580126 0.0126787 0.0128841 0.0136966 0.00984964 0.012719 0.00897149 0.0131801 0.00886226 0.0381834 0.00866038 0.00833255 0.00889073 0.010979 0.00850173 0.0127773 0.00854598 0.0110165 0.00835093 0.0110355 0.00829983 0.00929157 0.00806452 0.0147381 0.0112923 0.00800688 0.00988695 0.00827241 0.0177887 0.00806816 0.00844205 0.00855185 0.00914056 
0.00875475 0.0242301 0.00851267 0.00887078 0.0104808 0.00902785 0.027143 0.00899032 0.00829394 0.0114139 0.00670679 0.0144922 0.00652375 0.0292364 0.00651071 0.0344221 0.00635466 0.0699211 0.00669661 0.00374474 0 0.00369093 0.00374977 0.00369896 0.00392167 0.00385614 0.00689433 0.0135895 0.00752523 0.0136033 0.00991368 0.0219703 0.535159 0.00911809 0.00964335 0.0107743 0.00840353 0.0205614 0.00849368 0.0490544 0.00856004 0.033718 0.00859891 0.0101324 0.0184949 0.012389 0.0289468 0.00962533 0.0287901 0.00903992 0.0547195 0.00857648 0.00819842 0.00977442 0.00916056 0.00866156 0.0254811 0.00883556 0.0174484 0.00855202 0.0149672 0.00846728 0.0124212 0.00825424 0.0121636 0.00821013 0.00814149 0.00941624 0.00815248 0.0143798 0.00816875 0.00838021 0.00820388 0.00845178 0.00848508 
0.0153338 0.00915528 0.0159431 0.0094301 0.0100403 0.0252694 0.00890358 0.0113123 0.00935221 0.00806201 0.0110724 0.00730435 0.0330514 0.00713837 0.0535059 0.00739624 0.0997933 0.00718073 0.015712 0.00383143 0.00369093 0 0.0036981 0.00360469 0.00373501 0.00376399 0.00882693 0.00829568 0.0187258 0.0108815 0.0442466 0.541906 0.00894706 0.015363 0.00961909 0.00898918 0.0154382 0.00862252 0.0793658 0.0088351 0.0628873 0.00876138 0.0159173 0.0105201 0.0146152 0.0602606 0.0151581 0.110269 0.0107739 0.10421 0.00884473 0.0102384 0.00861127 0.00865347 0.0110815 0.0254736 0.0092765 0.059076 0.00984733 0.0311288 0.0091164 0.0317304 0.00891115 0.0193249 0.00854876 0.00924502 0.0110815 0.00824156 0.0170672 0.00826719 0.0098745 0.00806526 0.00857725 0.00854418 0.00821577 
0.00915516 0.0222871 0.00917695 0.0117375 0.0164837 0.0087365 0.0151551 0.00941948 0.00828557 0.0102249 0.0079644 0.015535 0.00760277 0.0547716 0.00830525 0.0774589 0.0093172 0.0301467 0.00597266 0.00370501 0.00374977 0.0036981 0 0.00370112 0.00372867 0.00373447 0.00672681 0.0153508 0.0145225 0.0855833 0.471629 0.0090462 0.0165246 0.00905465 0.00951823 0.011571 0.00881786 0.0480358 0.00896635 0.0571321 0.00897048 0.0287299 0.0087294 0.0106552 0.0198581 0.0222254 0.124895 0.0149012 0.195085 0.00984553 0.020264 0.00876715 0.00848537 0.0102629 0.0126549 0.0102467 0.0691436 0.00955175 0.0371729 0.0102689 0.0269831 0.00935711 0.0294489 0.00942049 0.00999403 0.00831229 0.00853598 0.0132808 0.00872527 0.0125248 0.00827666 0.00864113 0.00832838 0.00854552 0.00862972 
0.0130242 0.0103373 0.0264526 0.0109187 0.00960992 0.0194423 0.00970413 0.0107787 0.00957544 0.00850445 0.0140711 0.00796589 0.0457646 0.00929758 0.0692018 0.0104056 0.0340971 0.00679135 0.00738036 0.00381924 0.00369896 0.00360469 0.00370112 0 0.00373282 0.00373297 0.0112901 0.00954819 0.165267 0.26941 0.0110258 0.029349 0.00984044 0.0119316 0.00975651 0.00945792 0.0225129 0.009035 0.0488169 0.00963198 0.0453225 0.0092134 0.0130313 0.0113223 0.0195803 0.107913 0.0367609 0.284329 0.0147696 0.0643211 0.00950365 0.00999833 0.00869963 0.00928411 0.0151747 0.0417847 0.0116708 0.0613187 0.0128918 0.0426944 0.0116523 0.0454763 0.0100833 0.0187395 0.00882709 0.00885381 0.0134076 0.00880195 0.0195866 0.00878889 0.00938538 0.00836281 0.00920475 0.00917332 0.00828995 
0.0124419 0.0324829 0.00978667 0.0103161 0.0106973 0.0100714 0.0213629 0.0121324 0.010364 0.0145228 0.00991081 0.0532269 0.0100488 0.0704479 0.0118209 0.0237919 0.00928137 0.0162349 0.00697834 0.00387791 0.00392167 0.00373501 0.00372867 0.00373282 0 0.00380118 0.00971553 0.623107 0.0649585 0.00990655 0.0101566 0.00937671 0.0400555 0.011211 0.0140633 0.0207136 0.00998776 0.0229246 0.0101711 0.0272107 0.0102563 0.0472136 0.0094235 0.013751 0.0293318 0.0246093 0.124438 0.0170416 0.0420447 0.0118416 0.0188515 0.00905369 0.00937139 0.0111531 0.0153129 0.0105769 0.0280039 0.0102617 0.0191472 0.0112138 0.0212501 0.0104091 0.0128162 0.00926543 0.0104772 0.00865909 0.00914508 0.0118281 0.00929602 0.0106799 0.00865185 0.00932467 0.00882956 0.00904038 0.00823032 
0.0444253 0.00996844 0.00948849 0.00887377 0.00889517 0.00976371 0.00946568 0.0207988 0.0177262 0.0096372 0.0569359 0.0110931 0.0381135 0.0101388 0.0138672 0.00902782 0.0124496 0.00806309 0.0108912 0.00587351 0.00385614 0.00376399 0.00373447 0.00373297 0.00380118 0 0.569604 0.0321617 0.00952889 0.00857592 0.00839405 0.0100985 0.0103762 0.0426118 0.0165064 0.00901213 0.0111759 0.00929016 0.0132218 0.00915678 0.0145105 0.0109644 0.0206616 0.0202525 0.0113882 0.0388578 0.014903 0.0198696 0.0119892 0.0138285 0.009929 0.0116097 0.0125496 0.00921217 0.00938459 0.0120989 0.00943454 0.0117813 0.00927022 0.0130426 0.00914357 0.0104921 0.00874425 0.00962064 0.00847054 0.00920113 0.0176391 0.00834167 0.00942309 0.00853591 0.00941603 0.00964731 0.00835291 0.00842509 0.00829338 
0.0137909 0.00897404 0.00899277 0.00863831 0.00869286 0.00912056 0.00936156 0.0153075 0.00933404 0.012677 0.0125606 0.00940612 0.0106321 0.00929915 0.0108041 0.00909014 0.0100217 0.00919164 0.0161234 0.00941141 0.00689433 0.00882693 0.00672681 0.0112901 0.00971553 0.569604 0 0.00407888 0.00390803 0.00383731 0.00377815 0.00433185 0.00449186 0.010933 0.00695406 0.00627804 0.00705076 0.00722712 0.00872084 0.00946392 0.0153541 0.0232412 0.0376478 0.0170306 0.0129871 0.0112272 0.00992608 0.00991246 0.00917175 0.00965559 0.00908636 0.0125884 0.00897801 0.00923923 0.00900722 0.00898769 0.00900179 0.00975616 0.00871117 0.0100166 0.00878563 0.00877435 0.00845424 0.00848594 0.00833155 0.0120608 0.00909849 0.00828548 0.00849426 0.00850186 0.0114296 0.00843913 0.00815052 0.00833636 0.0108122 
0.00898585 0.0152108 0.00859315 0.00902697 0.00960546 0.00878909 0.0128744 0.00908775 0.00972791 0.0100329 0.00912897 0.0144308 0.00909283 0.0180456 0.00877189 0.0161567 0.00891625 0.0226664 0.00865142 0.00712823 0.0135895 0.00829568 0.0153508 0.00954819 0.623107 0.0321617 0.00407888 0 0.00378525 0.00370223 0.00372644 0.00371733 0.00418712 0.00382673 0.00622792 0.00729872 0.00628028 0.00956336 0.0175827 0.0296415 0.0137069 0.0539863 0.00827463 0.0114336 0.0179737 0.0115172 0.0194045 0.00973499 0.0183667 0.00923934 0.0181132 0.00878537 0.00870344 0.00954756 0.00964687 0.00913904 0.0137624 0.00874146 0.0124258 0.00928715 0.0103338 0.00872362 0.0104323 0.00853175 0.00959074 0.00840189 0.00857304 0.0089861 0.00830664 0.012292 0.00832258 0.00848656 0.00818365 0.00871833 0.00863854 
0.0117263 0.00857958 0.0107137 0.00881397 0.008795 0.0136953 0.00877724 0.00945833 0.0092081 0.00842884 0.011498 0.00862044 0.024044 0.00852106 0.0239149 0.0087009 0.0265226 0.00837701 0.0106486 0.0113424 0.00752523 0.0187258 0.0145225 0.165267 0.0649585 0.00952889 0.00390803 0.00378525 0 0.00371135 0.00369744 0.00419041 0.00371416 0.0040934 0.00608614 0.00599933 0.00838226 0.00652825 0.0278475 0.0127913 0.0525627 0.0075933 0.0117371 0.00971468 0.0116174 0.0189601 0.0106077 0.0262045 0.00933856 0.0246757 0.00871284 0.00935904 0.00855619 0.00860701 0.0099041 0.0167486 0.00872227 0.0195906 0.0123528 0.0120742 0.00873339 0.0145912 0.00859919 0.0106008 0.008423 0.00882273 0.00997487 0.0081212 0.0128964 0.00814878 0.00881528 0.00805758 0.00834757 0.00836614 0.00818343 
0.00853629 0.00993027 0.00885748 0.00906188 0.0100974 0.00889472 0.00944657 0.00879382 0.00840179 0.00875985 0.00865138 0.00978293 0.00867163 0.0129357 0.00895254 0.0164159 0.00870728 0.010309 0.0083404 0.00916109 0.0136033 0.0108815 0.0855833 0.26941 0.00990655 0.00857592 0.00383731 0.00370223 0.00371135 0 0.00372128 0.00370903 0.00372311 0.00374432 0.00553856 0.0060324 0.0112644 0.0109567 0.00967334 0.0365959 0.00792926 0.0095443 0.00828888 0.00967795 0.0105898 0.0113805 0.0206272 0.0107603 0.0194955 0.0097136 0.00982708 0.00853458 0.00826244 0.00901953 0.00964654 0.00950812 0.0148555 0.00953452 0.0112267 0.0100543 0.0106573 0.00930902 0.0102498 0.0088049 0.00891377 0.0082689 0.00834825 0.00850516 0.00856179 0.00868709 0.008398 0.00809159 0.00814452 0.00824353 0.00816575 
0.00921602 0.0102247 0.00934483 0.0101278 0.00977325 0.00909351 0.00946426 0.00861999 0.00864716 0.0086798 0.00907806 0.00978541 0.0104354 0.0128596 0.0114201 0.0135688 0.00938816 0.0100002 0.00837135 0.00925296 0.00991368 0.0442466 0.471629 0.0110258 0.0101566 0.00839405 0.00377815 0.00372644 0.00369744 0.00372128 0 0.00370504 0.00373391 0.00373533 0.00521186 0.00614007 0.0101616 0.0404841 0.0214684 0.0106957 0.00915179 0.00878428 0.00775525 0.0108597 0.0174239 0.0176936 0.0167413 0.017844 0.0126486 0.0101369 0.00965015 0.00844459 0.00855097 0.00926997 0.0103587 0.0113817 0.0129842 0.0102517 0.0117884 0.0105229 0.0115305 0.00971218 0.0102495 0.00915878 0.00860914 0.00831081 0.00911803 0.00840956 0.00897517 0.00893846 0.00830602 0.00831087 0.00840332 0.00841876 0.00830472 
0.0115706 0.00908997 0.0142575 0.00952309 0.00903111 0.0127385 0.00914254 0.0105924 0.00968918 0.00857316 0.0122343 0.00859767 0.0287209 0.00921472 0.0311334 0.00909922 0.0250275 0.00878638 0.0104548 0.0177456 0.0219703 0.541906 0.0090462 0.029349 0.00937671 0.0100985 0.00433185 0.00371733 0.00419041 0.00370903 0.00370504 0 0.00373358 0.00371478 0.00532015 0.00751883 0.0534417 0.00880101 0.0132539 0.00719125 0.011218 0.00738014 0.00905855 0.0106882 0.0144925 0.0333979 0.0175321 0.0290128 0.0100952 0.0206406 0.0089008 0.00919876 0.00869003 0.00884514 0.0114284 0.0192264 0.00948754 0.0211459 0.00951933 0.0162601 0.00937799 0.0163122 0.00875983 0.010281 0.00851924 0.00881229 0.0101755 0.00822931 0.0121721 0.00845434 0.00929624 0.00819842 0.00840939 0.00863119 0.00822012 
0.00942973 0.0201439 0.00888882 0.00911021 0.0104388 0.00878718 0.0194256 0.00909 0.0089553 0.0115344 0.00910407 0.0308686 0.00882635 0.0277448 0.00909835 0.0254536 0.0088724 0.0261868 0.00852985 0.0144615 0.535159 0.00894706 0.0165246 0.00984044 0.0400555 0.0103762 0.00449186 0.00418712 0.00371416 0.00372311 0.00373391 0.00373358 0 0.00379544 0.00693244 0.0204381 0.0132828 0.0181361 0.00650457 0.0110742 0.00704554 0.0182199 0.00640234 0.0118835 0.0187245 0.0130515 0.0283709 0.0108988 0.0251879 0.00923553 0.0167738 0.00857394 0.00897408 0.0123779 0.0101106 0.00896993 0.0230861 0.0091265 0.016833 0.0092308 0.0137967 0.00891565 0.0128518 0.0086575 0.0108153 0.0082936 0.00863029 0.0107566 0.00842781 0.0145673 0.00847052 0.00907997 0.00869218 0.00880573 0.00836456 
0.0356093 0.00937957 0.0094989 0.00891683 0.00873349 0.0102548 0.00864456 0.0176723 0.0214638 0.00927887 0.0673273 0.00887018 0.0178033 0.0087376 0.0147637 0.00892446 0.0172332 0.00928455 0.0213561 0.5054 0.00911809 0.015363 0.00905465 0.0119316 0.011211 0.0426118 0.010933 0.00382673 0.0040934 0.00374432 0.00373533 0.00371478 0.00379544 0 0.0368289 0.0081166 0.0079414 0.00537768 0.00840684 0.00549015 0.0101723 0.00674777 0.0149927 0.0224608 0.0112865 0.0130623 0.0116892 0.0164321 0.00996558 0.0140537 0.00923244 0.0139195 0.0211292 0.00901597 0.00979554 0.0126165 0.00877338 0.0122977 0.00905306 0.0121341 0.00866831 0.0100137 0.00855673 0.00991048 0.00834724 0.0113131 0.0516167 0.00835556 0.00971557 0.00842858 0.012265 0.0117583 0.00857538 0.00869157 0.00892456 
0.00995415 0.0100244 0.00850587 0.00835381 0.00882695 0.00876317 0.00926733 0.0143786 0.00901706 0.0113627 0.0103774 0.00929025 0.0101186 0.00977076 0.00989538 0.00979803 0.00965615 0.0102015 0.152716 0.00998248 0.00964335 0.00961909 0.00951823 0.00975651 0.0140633 0.0165064 0.00695406 0.00622792 0.00608614 0.00553856 0.00521186 0.00532015 0.00693244 0.0368289 0 0.00395202 0.00376132 0.00396216 0.00396006 0.00398519 0.00433251 0.00442194 0.00702509 0.0475411 0.0128382 0.0120108 0.0105499 0.0101653 0.010339 0.00971304 0.01032 0.015112 0.00906036 0.00959589 0.0092728 0.00925672 0.00980846 0.00950853 0.00917404 0.00939502 0.00906515 0.0111957 0.00891373 0.0087443 0.00882214 0.0145919 0.00940286 0.00855694 0.00842038 0.00926483 0.012393 0.00864238 0.00824766 0.00860267 0.0111196 
0.00841981 0.00940386 0.00829633 0.00840838 0.00867641 0.00839218 0.010065 0.00875175 0.00852694 0.00874605 0.00881218 0.0100316 0.00901029 0.0126043 0.0090693 0.0117873 0.00894396 0.11381 0.00854046 0.00858558 0.0107743 0.00898918 0.011571 0.00945792 0.0207136 0.00901213 0.00627804 0.00729872 0.00599933 0.0060324 0.00614007 0.00751883 0.0204381 0.0081166 0.00395202 0 0.00377479 0.00373093 0.00372944 0.00386615 0.00377041 0.00638176 0.00386471 0.00963061 0.0399024 0.0099444 0.0128497 0.010196 0.0124522 0.01039 0.0150385 0.00863588 0.00850851 0.00953709 0.00906404 0.00906894 0.0103461 0.00889941 0.011685 0.00914978 0.0131522 0.00867546 0.0113104 0.00853111 0.0150427 0.00826831 0.00873797 0.00872256 0.00843218 0.0111696 0.0082755 0.00831204 0.00838205 0.00858451 0.00838195 
0.00958264 0.00865106 0.00956342 0.00882665 0.00876215 0.0107761 0.00876682 0.00917372 0.00893343 0.00834413 0.0101624 0.00853545 0.0189089 0.00868068 0.0279023 0.00873267 0.143973 0.00866568 0.0112308 0.0105551 0.00840353 0.0154382 0.00881786 0.0225129 0.00998776 0.0111759 0.00705076 0.00628028 0.00838226 0.0112644 0.0101616 0.0534417 0.0132828 0.0079414 0.00376132 0.00377479 0 0.00373641 0.00380958 0.00371369 0.00391471 0.00439292 0.00425028 0.01337 0.00978625 0.0265809 0.0107272 0.0237375 0.010145 0.0298951 0.00872915 0.0097299 0.00854378 0.00865329 0.0103323 0.0136149 0.0089483 0.0187272 0.00918532 0.0354396 0.00895021 0.0201056 0.00857832 0.014409 0.00848339 0.00909576 0.0100496 0.00844042 0.0120243 0.00838366 0.00928077 0.00823328 0.00860566 0.00853267 0.00829924 
0.00861249 0.0132481 0.00865201 0.00920989 0.0116536 0.00897269 0.0136829 0.00862942 0.00842779 0.00954908 0.00848054 0.0184189 0.0085213 0.057124 0.00877393 0.29774 0.00921746 0.0234976 0.00840391 0.0084621 0.0205614 0.00862252 0.0480358 0.009035 0.0229246 0.00929016 0.00722712 0.00956336 0.00652825 0.0109567 0.0404841 0.00880101 0.0181361 0.00537768 0.00396216 0.00373093 0.00373641 0 0.00369717 0.00380925 0.00375236 0.00415808 0.00375366 0.0111643 0.0345901 0.0115821 0.0429915 0.0101745 0.0592223 0.008782 0.0171395 0.00850651 0.00864685 0.01284 0.011641 0.0098761 0.0421681 0.00908085 0.0482113 0.00944187 0.0315327 0.00865761 0.0402951 0.00865745 0.0120263 0.00839472 0.00858934 0.0156801 0.00857478 0.0153949 0.00845635 0.00903492 0.00843387 0.00874593 0.00880091 
0.0117935 0.00878054 0.0155317 0.00982573 0.00917608 0.0172241 0.00876617 0.0101607 0.00979912 0.00852034 0.0150808 0.00861095 0.0678731 0.00880078 0.374671 0.00889062 0.0807156 0.00881433 0.0137895 0.0142152 0.00849368 0.0793658 0.00896635 0.0488169 0.0101711 0.0132218 0.00872084 0.0175827 0.0278475 0.00967334 0.0214684 0.0132539 0.00650457 0.00840684 0.00396006 0.00372944 0.00380958 0.00369717 0 0.00371757 0.0038326 0.003714 0.00425114 0.0177816 0.0144651 0.0584202 0.0129082 0.0931122 0.00957319 0.0491355 0.00875166 0.0116672 0.00880596 0.00900568 0.0130719 0.028779 0.00912868 0.0789574 0.00926102 0.0596427 0.00915862 0.0629058 0.00881208 0.0223157 0.00871826 0.010254 0.0238374 0.00849306 0.0295614 0.00873738 0.0118067 0.00855496 0.00944494 0.00935532 0.00839498 
0.00877946 0.025128 0.00937817 0.0120802 0.0134897 0.0087932 0.0177388 0.00887493 0.00837054 0.010356 0.00857506 0.0290448 0.00859882 0.378533 0.00896824 0.0939305 0.00890229 0.0397246 0.00854266 0.00848094 0.0490544 0.0088351 0.0571321 0.00963198 0.0272107 0.00915678 0.00946392 0.0296415 0.0127913 0.0365959 0.0106957 0.00719125 0.0110742 0.00549015 0.00398519 0.00386615 0.00371369 0.00380925 0.00371757 0 0.00370029 0.00373568 0.00371126 0.0130301 0.0581139 0.016005 0.0734627 0.0104439 0.0626442 0.00901665 0.0213819 0.00852166 0.00860272 0.0117852 0.0115762 0.00965326 0.0852253 0.00890732 0.0542959 0.00927591 0.0452031 0.00866797 0.0361919 0.00900473 0.0185647 0.00836842 0.00909595 0.0191318 0.0088191 0.0267974 0.00844616 0.00957119 0.00882838 0.00960352 0.0098723 
0.0124018 0.0087682 0.0176302 0.00920311 0.00889299 0.0169248 0.00886862 0.00998547 0.0101647 0.0083774 0.0146248 0.00843366 0.293263 0.00871366 0.0827669 0.00876182 0.0711975 0.008769 0.013382 0.0162221 0.00856004 0.0628873 0.00897048 0.0453225 0.0102563 0.0145105 0.0153541 0.0137069 0.0525627 0.00792926 0.00915179 0.011218 0.00704554 0.0101723 0.00433251 0.00377041 0.00391471 0.00375236 0.0038326 0.00370029 0 0.00369327 0.00388294 0.0144777 0.0138239 0.07752 0.0140022 0.0737671 0.0100567 0.045751 0.00856928 0.0120367 0.00894912 0.00882312 0.0126643 0.0368333 0.00891689 0.0556818 0.00899485 0.0430127 0.00891656 0.0368198 0.00875939 0.0253278 0.00860989 0.010461 0.0162257 0.00858345 0.0387239 0.00860186 0.0116688 0.00857112 0.00975013 0.00923614 0.00839402 
0.00931681 0.0194575 0.00857701 0.00871944 0.00954109 0.00839517 0.0156132 0.0092367 0.00862684 0.012619 0.00915925 0.225101 0.00859366 0.0352393 0.00871122 0.0519349 0.00876596 0.0429506 0.00851866 0.00901524 0.033718 0.00876138 0.0287299 0.0092134 0.0472136 0.0109644 0.0232412 0.0539863 0.0075933 0.0095443 0.00878428 0.00738014 0.0182199 0.00674777 0.00442194 0.00638176 0.00439292 0.00415808 0.003714 0.00373568 0.00369327 0 0.00372359 0.0144156 0.0310811 0.0122267 0.0395726 0.0111982 0.0542396 0.00878629 0.0368846 0.00840196 0.00929307 0.0198163 0.0148791 0.00874279 0.0283491 0.00877052 0.0235301 0.00886737 0.0171415 0.00868763 0.0195475 0.00876722 0.0158752 0.00840523 0.00909343 0.0217043 0.00861199 0.0168319 0.00853849 0.010475 0.00879544 0.00911285 0.00878208 
0.0352095 0.00855174 0.00910583 0.00885135 0.00825322 0.0108622 0.00825573 0.0134642 0.017405 0.00834387 0.180814 0.00831304 0.0246447 0.00855342 0.0209565 0.00853142 0.0201157 0.00854789 0.0163412 0.0580126 0.00859891 0.0159173 0.0087294 0.0130313 0.0094235 0.0206616 0.0376478 0.00827463 0.0117371 0.00828888 0.00775525 0.00905855 0.00640234 0.0149927 0.00702509 0.00386471 0.00425028 0.00375366 0.00425114 0.00371126 0.00388294 0.00372359 0 0.0282954 0.0120303 0.0196664 0.0123088 0.0470287 0.00997377 0.028797 0.00947257 0.0298682 0.0164286 0.00919425 0.0101146 0.0152366 0.00869534 0.0168544 0.00929333 0.0150691 0.00869817 0.0139554 0.00937881 0.0119466 0.00833546 0.0131342 0.0622933 0.00833312 0.0122572 0.00835016 0.0148243 0.0110676 0.00914743 0.00904712 0.0086925 
0.0117521 0.00978339 0.00890137 0.0088576 0.00889356 0.00863044 0.0100544 0.016184 0.00909982 0.0112081 0.0111163 0.00941157 0.0100667 0.010519 0.0107001 0.0111113 0.0104095 0.010762 0.0269152 0.0126787 0.0101324 0.0105201 0.0106552 0.0113223 0.013751 0.0202525 0.0170306 0.0114336 0.00971468 0.00967795 0.0108597 0.0106882 0.0118835 0.0224608 0.0475411 0.00963061 0.01337 0.0111643 0.0177816 0.0130301 0.0144777 0.0144156 0.0282954 0 0.00393903 0.00386011 0.0038356 0.0039134 0.00392102 0.00392099 0.00523466 0.00735345 0.00661229 0.00738803 0.00746141 0.00934291 0.00881163 0.0102354 0.00945688 0.0112595 0.122934 0.356877 0.0131921 0.00960078 0.00935439 0.0283513 0.0138449 0.0103039 0.0107513 0.0133115 0.0350326 0.0155454 0.0107789 0.0114198 0.0162619 
0.00947302 0.0128201 0.00933591 0.00934358 0.00939482 0.0101635 0.0110218 0.0121104 0.00904918 0.00945739 0.0095033 0.0123415 0.0112301 0.0180502 0.013153 0.0189147 0.0130201 0.0233247 0.00972136 0.0128841 0.0184949 0.0146152 0.0198581 0.0195803 0.0293318 0.0113882 0.0129871 0.0179737 0.0116174 0.0105898 0.0174239 0.0144925 0.0187245 0.0112865 0.0128382 0.0399024 0.00978625 0.0345901 0.0144651 0.0581139 0.0138239 0.0310811 0.0120303 0.00393903 0 0.00379029 0.00376975 0.00376007 0.00382764 0.00402163 0.00453915 0.00431479 0.00564477 0.00768706 0.0106641 0.00836178 0.0131222 0.00947151 0.0239252 0.127408 0.547908 0.0147797 0.0240657 0.00919838 0.0225216 0.00934366 0.0122907 0.0138268 0.0137962 0.0194827 0.0111558 0.012434 0.0141597 0.0152654 0.0107077 
0.0116221 0.0116049 0.0177443 0.0107674 0.0122638 0.0178931 0.0112636 0.0122953 0.00880051 0.0087354 0.0110138 0.0099288 0.0374212 0.0149393 0.0691426 0.0199235 0.0768598 0.0109087 0.0128219 0.0136966 0.012389 0.0602606 0.0222254 0.107913 0.0246093 0.0388578 0.0112272 0.0115172 0.0189601 0.0113805 0.0176936 0.0333979 0.0130515 0.0130623 0.0120108 0.0099444 0.0265809 0.0115821 0.0584202 0.016005 0.07752 0.0122267 0.0196664 0.00386011 0.00379029 0 0.00376869 0.00378473 0.00378011 0.00416592 0.0039886 0.00406166 0.00600762 0.00786174 0.00790015 0.0137495 0.00930983 0.042378 0.126015 0.65041 0.0266019 0.0449051 0.0100775 0.0192866 0.00946389 0.0101862 0.0172383 0.012853 0.0423527 0.0113059 0.0123028 0.0109134 0.022548 0.0125151 0.00944536 
0.00948308 0.0188951 0.0106627 0.0126012 0.0153699 0.0123438 0.0173825 0.0236336 0.00863468 0.00999146 0.00924338 0.0212811 0.0131762 0.0753635 0.0179317 0.11102 0.0161528 0.0470481 0.0100832 0.00984964 0.0289468 0.0151581 0.124895 0.0367609 0.124438 0.014903 0.00992608 0.0194045 0.0106077 0.0206272 0.0167413 0.0175321 0.0283709 0.0116892 0.0105499 0.0128497 0.0107272 0.0429915 0.0129082 0.0734627 0.0140022 0.0395726 0.0123088 0.0038356 0.00376975 0.00376869 0 0.00372596 0.00367402 0.00373585 0.00375923 0.00378652 0.00488345 0.00820734 0.0119412 0.00817067 0.0340508 0.100939 0.67657 0.0145138 0.0525023 0.0107409 0.0190089 0.0103072 0.0169546 0.00944407 0.0109267 0.0232608 0.015859 0.0296123 0.0110352 0.0128095 0.0146566 0.0146997 0.0105633 
0.0104435 0.00965254 0.0185123 0.0113338 0.0109675 0.0195652 0.0104456 0.0116294 0.00888031 0.00870226 0.0109511 0.00890799 0.0621409 0.0115934 0.194623 0.0106528 0.161884 0.010493 0.0133079 0.012719 0.00962533 0.110269 0.0149012 0.284329 0.0170416 0.0198696 0.00991246 0.00973499 0.0262045 0.0107603 0.017844 0.0290128 0.0108988 0.0164321 0.0101653 0.010196 0.0237375 0.0101745 0.0931122 0.0104439 0.0737671 0.0111982 0.0470287 0.0039134 0.00376007 0.00378473 0.00372596 0 0.00370465 0.00375079 0.00378026 0.00379815 0.00443694 0.00744642 0.00656857 0.0346658 0.1198 0.722359 0.00856301 0.0416739 0.0106542 0.0259373 0.00886187 0.0153554 0.00910959 0.0146187 0.0162694 0.00970883 0.0550425 0.0103112 0.0153417 0.00925867 0.0137181 0.0142663 0.00935583 
0.00863304 0.0148248 0.00960875 0.00954562 0.0116999 0.00902059 0.0135481 0.00918215 0.00842015 0.00935329 0.00875175 0.0189233 0.00950996 0.0984574 0.0103857 0.0893491 0.0121808 0.0287913 0.00897829 0.00897149 0.0287901 0.0107739 0.195085 0.0147696 0.0420447 0.0119892 0.00917175 0.0183667 0.00933856 0.0194955 0.0126486 0.0100952 0.0251879 0.00996558 0.010339 0.0124522 0.010145 0.0592223 0.00957319 0.0626442 0.0100567 0.0542396 0.00997377 0.00392102 0.00382764 0.00378011 0.00367402 0.00370465 0 0.0037091 0.00372096 0.00374194 0.00407943 0.00730848 0.0119877 0.11521 0.769576 0.00686778 0.0406329 0.00839791 0.0234617 0.00768085 0.0140953 0.00805807 0.0218719 0.008523 0.00936095 0.023967 0.0102479 0.0459251 0.00944463 0.0107015 0.0111923 0.0122501 0.0114265 
0.00909923 0.00876908 0.0116798 0.00906271 0.00886178 0.0120824 0.00898308 0.00969323 0.0086405 0.00836813 0.0106725 0.00845014 0.0661056 0.00922758 0.0636797 0.00927113 0.053327 0.00905617 0.0103658 0.0131801 0.00903992 0.10421 0.00984553 0.0643211 0.0118416 0.0138285 0.00965559 0.00923934 0.0246757 0.0097136 0.0101369 0.0206406 0.00923553 0.0140537 0.00971304 0.01039 0.0298951 0.008782 0.0491355 0.00901665 0.045751 0.00878629 0.028797 0.00392099 0.00402163 0.00416592 0.00373585 0.00375079 0.0037091 0 0.003716 0.00375764 0.00414138 0.00842663 0.256155 0.62637 0.0061874 0.0424083 0.00633282 0.0289707 0.00727609 0.0162008 0.00677536 0.0118497 0.0100378 0.00945186 0.0206537 0.00880533 0.0508302 0.00904612 0.0126419 0.00885912 0.0123487 0.0120686 0.00897634 
