1S2DB
MKAVVPTGKIYLGSPFYSDAQRERAAKAKELLAKNPSIAHVFFPFDDGFTDPDEKNPEIGGIRSMVWRDATYQNDLTGISNATCGVFLYDMDQLDDGSAFXIGFMRAMHKPVILVPFTEHPEKEKKMNLMIAQGVTTIIDGNTEFEKLADYNFNECPSNPVRGYGIY
CCCCCCCEEEEEECCCCCHHHHHHHHHHHHHHHCCCCEEEEECCCCCCCCCCCCCCCCCCCCCCHHHHHHHHHHHHHHHHHCCEEEEEEECCCCCHHHHHHHHHHHHCCCCEEEEEECCCCCCCCEECHHHHHHCCEECCHHHHHHHHHCCCCCCCCCCCCCCCEEC
0 0 0 0 0 0 0 0 0 0 0 0 0 0 0 0 0 0 0 0 0 0 0 0 0 0 0 0 0 0 0 0 0 0 0 0 0 0 0 0 0 0 0 0 0 0 0 0 0 0 0 0 0 0 0 0 0 0 0 0 0 0 0 0 0 0 0 0 0 0 0 0 0 0 0 0 0 0 0 0 0 0 0 0 0 0 0 0 0 0 0 0 0 0 0 0 0 0 0 0 0 0 0 0 0 0 0 0 0 0 0 0 0 0 0 0 0 0 0 0 0 0 0 0 0 0 0 0 0 0 0 0 0 0 0 0 0 0 0 0 0 0 0 0 0 0 0 0 0 0 0 0 0 0 0 0 0 0 0 0 0 0 0 0 0 0 0 
0 0 0 0 0 0 0 0 0 0 0 0 0 0 0 0 0 0 0 0 0 0 0 0 0 0 0 0 0 0 0 0 0 0 0 0 0 0 0 0 0 0 0 0 0 0 0 0 0 0 0 0 0 0 0 0 0 0 0 0 0 0 0 0 0 0 0 0 0 0 0 0 0 0 0 0 0 0 0 0 0 0 0 0 0 0 0 0 0 0 0 0 0 0 0 0 0 0 0 0 0 0 0 0 0 0 0 0 0 0 0 0 0 0 0 0 0 0 0 0 0 0 0 0 0 0 0 0 0 0 0 0 0 0 0 0 0 0 0 0 0 0 0 0 0 0 0 0 0 0 0 0 0 0 0 0 0 0 0 0 0 0 0 0 0 0 0 
0 0.00394421 0.00376048 0.00381654 0.00385279 0.00548133 0.366168 0.0235071 0.0145729 0.0155976 0.0315067 0.0241525 0.0153502 0.0131565 0.0120847 0.0120015 0.0106673 0.0138959 0.015727 0.0115443 0.0109105 0.0100356 0.00943218 0.0146271 0.0083718 0.0106064 0.00946169 0.0099737 0.00875366 0.00899386 
0.00394421 0 0.00378401 0.00377527 0.00417473 0.00394786 0.157504 0.19806 0.045276 0.042662 0.015938 0.0155219 0.0519303 0.0234914 0.0422804 0.0252 0.0205365 0.0106162 0.0122986 0.0184379 0.0205753 0.0133549 0.0167466 0.00930517 0.00834421 0.00844629 0.00903036 0.00887609 0.00831869 0.00910851 
0.00376048 0.00378401 0 0.00374364 0.00375881 0.00373118 0.0955616 0.163982 0.212636 0.0716151 0.0207033 0.0385797 0.0383127 0.15537 0.0932155 0.109622 0.0265503 0.00983106 0.0160087 0.0296109 0.0585757 0.0634416 0.0135095 0.00947649 0.00808803 0.00889287 0.00921947 0.00908465 0.00824093 0.0088756 
0.00381654 0.00377527 0.00374364 0 0.00375733 0.00372017 0.0575542 0.142105 0.3173 0.117172 0.0402537 0.0204879 0.111948 0.090776 0.165115 0.0988449 0.0282484 0.012804 0.0142524 0.0394842 0.0863069 0.0411191 0.018395 0.00901236 0.00848686 0.0081887 0.0100591 0.00917298 0.0084628 0.00841119 
0.00385279 0.00417473 0.00375881 0.00375733 0 0.00385651 0.027296 0.0585801 0.0978898 0.311576 0.0810393 0.0141258 0.0232758 0.0398329 0.0255393 0.0304225 0.0461594 0.0126207 0.0124235 0.0202067 0.0209374 0.0177354 0.0142918 0.00930073 0.00819788 0.00891349 0.00919298 0.00944121 0.00837147 0.00851054 
0.00548133 0.00394786 0.00373118 0.00372017 0.00385651 0 0.0309473 0.0228075 0.0495312 0.0871275 0.326484 0.0229746 0.0141957 0.0145326 0.013622 0.0128937 0.0132551 0.0169896 0.017388 0.0125891 0.0115449 0.00965013 0.00958258 0.0105612 0.00839309 0.00841738 0.0101893 0.0092889 0.00877177 0.0082239 
0.366168 0.157504 0.0955616 0.0575542 0.027296 0.0309473 0 0.0039585 0.00375315 0.00378648 0.00417706 0.16951 0.0375151 0.0176121 0.0136463 0.0141573 0.0111735 0.0216216 0.0212015 0.0155942 0.0123567 0.0105337 0.0103479 0.0149742 0.00854719 0.0113687 0.0105178 0.0120001 0.00846666 0.00928441 
0.0235071 0.19806 0.163982 0.142105 0.0585801 0.0228075 0.0039585 0 0.00375381 0.00374328 0.00375755 0.0870998 0.133714 0.0398124 0.0517647 0.025869 0.0266815 0.010518 0.0167902 0.0318501 0.0295463 0.0276695 0.0175088 0.0095773 0.00824905 0.00862719 0.00971879 0.00913762 0.00817112 0.00846912 
0.0145729 0.045276 0.212636 0.3173 0.0978898 0.0495312 0.00375315 0.00375381 0 0.00370355 0.00372283 0.0454129 0.10439 0.146853 0.078179 0.134412 0.0219277 0.0115982 0.0128704 0.031384 0.0727259 0.0548446 0.0182625 0.00945333 0.00826593 0.00832846 0.00916532 0.00910488 0.00819654 0.00849711 
0.0155976 0.042662 0.0716151 0.117172 0.311576 0.0871275 0.00378648 0.00374328 0.00370355 0 0.00373977 0.0228609 0.069397 0.0670425 0.105913 0.0557029 0.170083 0.0156801 0.0139708 0.0344585 0.0342767 0.0266468 0.0222291 0.0100269 0.00827797 0.00868266 0.00985001 0.00957441 0.00834769 0.00904853 
0.0315067 0.015938 0.0207033 0.0402537 0.0810393 0.326484 0.00417706 0.00375755 0.00372283 0.00373977 0 0.0231182 0.0179426 0.0356685 0.035197 0.0487765 0.0434759 0.157441 0.0215548 0.0121513 0.0169044 0.011303 0.0114589 0.0137252 0.00921182 0.00888665 0.0121378 0.0105432 0.00914428 0.00845275 
0.0241525 0.0155219 0.0385797 0.0204879 0.0141258 0.0229746 0.16951 0.0870998 0.0454129 0.0228609 0.0231182 0 0.00392494 0.00380532 0.00390449 0.00407542 0.00406183 0.00487762 0.11324 0.075283 0.0200674 0.0181929 0.0119503 0.0298331 0.0109597 0.0211082 0.0201937 0.0239917 0.00950528 0.0124347 
0.0153502 0.0519303 0.0383127 0.111948 0.0232758 0.0141957 0.0375151 0.133714 0.10439 0.069397 0.0179426 0.00392494 0 0.00377857 0.00378874 0.00382613 0.00389403 0.00388859 0.537214 0.0877642 0.0898296 0.0214725 0.0377847 0.0112384 0.0104053 0.0101018 0.0215712 0.0125222 0.00881907 0.0101382 
0.0131565 0.0234914 0.15537 0.090776 0.0398329 0.0145326 0.0176121 0.0398124 0.146853 0.0670425 0.0356685 0.00380532 0.00377857 0 0.00373778 0.00374451 0.00372586 0.00381313 0.0397192 0.601499 0.0547242 0.158884 0.0172748 0.0158138 0.00865087 0.0100703 0.011466 0.0125171 0.00849568 0.0100033 
0.0120847 0.0422804 0.0932155 0.165115 0.0255393 0.013622 0.0136463 0.0517647 0.078179 0.105913 0.035197 0.00390449 0.00378874 0.00373778 0 0.00373838 0.0037223 0.00373033 0.0784458 0.0530338 0.726575 0.0373076 0.0516912 0.0109235 0.0092752 0.00955749 0.0142714 0.0115411 0.00877701 0.00966069 
0.0120015 0.0252 0.109622 0.0988449 0.0304225 0.0128937 0.0141573 0.025869 0.134412 0.0557029 0.0487765 0.00407542 0.00382613 0.00374451 0.00373838 0 0.00371843 0.00372728 0.0358235 0.212175 0.0702951 0.631418 0.0236683 0.0187723 0.00878747 0.0100957 0.0128314 0.0136059 0.00861339 0.0104031 
0.0106673 0.0205365 0.0265503 0.0282484 0.0461594 0.0132551 0.0111735 0.0266815 0.0219277 0.170083 0.0434759 0.00406183 0.00389403 0.00372586 0.0037223 0.00371843 0 0.00377262 0.0289381 0.0480006 0.196451 0.0460801 0.60065 0.014749 0.0103526 0.0105874 0.0153043 0.0168769 0.00901079 0.00982451 
0.0138959 0.0106162 0.00983106 0.012804 0.0126207 0.0169896 0.0216216 0.010518 0.0115982 0.0156801 0.157441 0.00487762 0.00388859 0.00381313 0.00373033 0.00372728 0.00377262 0 0.0219566 0.0196052 0.0296247 0.0336105 0.0381676 0.514955 0.0116765 0.0127107 0.0170941 0.018415 0.0118805 0.0106977 
0.015727 0.0122986 0.0160087 0.0142524 0.0124235 0.017388 0.0212015 0.0167902 0.0128704 0.0139708 0.0215548 0.11324 0.537214 0.0397192 0.0784458 0.0358235 0.0289381 0.0219566 0 0.0038119 0.00375944 0.00375904 0.0037977 0.00439757 0.0147434 0.0220765 0.0362305 0.0363704 0.0145209 0.0210083 
0.0115443 0.0184379 0.0296109 0.0394842 0.0202067 0.0125891 0.0155942 0.0318501 0.031384 0.0344585 0.0121513 0.075283 0.0877642 0.601499 0.0530338 0.212175 0.0480006 0.0196052 0.0038119 0 0.00379289 0.00375619 0.00383564 0.00382432 0.0177751 0.0131191 0.0552173 0.0197832 0.0119091 0.0148704 
0.0109105 0.0205753 0.0585757 0.0863069 0.0209374 0.0115449 0.0123567 0.0295463 0.0727259 0.0342767 0.0169044 0.0200674 0.0898296 0.0547242 0.726575 0.0702951 0.196451 0.0296247 0.00375944 0.00379289 0 0.0037432 0.00371839 0.00375133 0.00803104 0.00995223 0.0199298 0.0229182 0.00985863 0.012883 
0.0100356 0.0133549 0.0634416 0.0411191 0.0177354 0.00965013 0.0105337 0.0276695 0.0548446 0.0266468 0.011303 0.0181929 0.0214725 0.158884 0.0373076 0.631418 0.0460801 0.0336105 0.00375904 0.00375619 0.0037432 0 0.00380272 0.00371593 0.00679454 0.0118611 0.018187 0.0145153 0.00920247 0.0114358 
0.00943218 0.0167466 0.0135095 0.018395 0.0142918 0.00958258 0.0103479 0.0175088 0.0182625 0.0222291 0.0114589 0.0119503 0.0377847 0.0172748 0.0516912 0.0236683 0.60065 0.0381676 0.0037977 0.00383564 0.00371839 0.00380272 0 0.00371765 0.0132865 0.0177694 0.0193037 0.0240425 0.0109953 0.0122197 
0.0146271 0.00930517 0.00947649 0.00901236 0.00930073 0.0105612 0.0149742 0.0095773 0.00945333 0.0100269 0.0137252 0.0298331 0.0112384 0.0158138 0.0109235 0.0187723 0.014749 0.514955 0.00439757 0.00382432 0.00375133 0.00371593 0.00371765 0 0.04249 0.0124925 0.0207695 0.0356491 0.0156318 0.0119126 
0.0083718 0.00834421 0.00808803 0.00848686 0.00819788 0.00839309 0.00854719 0.00824905 0.00826593 0.00827797 0.00921182 0.0109597 0.0104053 0.00865087 0.0092752 0.00878747 0.0103526 0.0116765 0.0147434 0.0177751 0.00803104 0.00679454 0.0132865 0.04249 0 0.00666799 0.0149296 0.0580402 0.0162641 0.0132508 
0.0106064 0.00844629 0.00889287 0.0081887 0.00891349 0.00841738 0.0113687 0.00862719 0.00832846 0.00868266 0.00888665 0.0211082 0.0101018 0.0100703 0.00955749 0.0100957 0.0105874 0.0127107 0.0220765 0.0131191 0.00995223 0.0118611 0.0177694 0.0124925 0.00666799 0 0.0909067 0.0199861 0.0207974 0.0141692 
0.00946169 0.00903036 0.00921947 0.0100591 0.00919298 0.0101893 0.0105178 0.00971879 0.00916532 0.00985001 0.0121378 0.0201937 0.0215712 0.011466 0.0142714 0.0128314 0.0153043 0.0170941 0.0362305 0.0552173 0.0199298 0.018187 0.0193037 0.0207695 0.0149296 0.0909067 0 0.00406768 0.0612165 0.0587033 
0.0099737 0.00887609 0.00908465 0.00917298 0.00944121 0.0092889 0.0120001 0.00913762 0.00910488 0.00957441 0.0105432 0.0239917 0.0125222 0.0125171 0.0115411 0.0136059 0.0168769 0.018415 0.0363704 0.0197832 0.0229182 0.0145153 0.0240425 0.0356491 0.0580402 0.0199861 0.00406768 0 0.0438048 0.0539471 
0.00875366 0.00831869 0.00824093 0.0084628 0.00837147 0.00877177 0.00846666 0.00817112 0.00819654 0.00834769 0.00914428 0.00950528 0.00881907 0.00849568 0.00877701 0.00861339 0.00901079 0.0118805 0.0145209 0.0119091 0.00985863 0.00920247 0.0109953 0.0156318 0.0162641 0.0207974 0.0612165 0.0438048 0 0.0248527 
0.00899386 0.00910851 0.0088756 0.00841119 0.00851054 0.0082239 0.00928441 0.00846912 0.00849711 0.00904853 0.00845275 0.0124347 0.0101382 0.0100033 0.00966069 0.0104031 0.00982451 0.0106977 0.0210083 0.0148704 0.012883 0.0114358 0.0122197 0.0119126 0.0132508 0.0141692 0.0587033 0.0539471 0.0248527 0 
