1SU2A
MEHDERTHVPVELRAAGVVLLNERGDILLVQEKGIPGHPEKAGLWHIPSGAVEDGENPQDAAVREACEETGLRVRPVKFLGAYLGRFPDGVLILRHVWLAEPEPGQTLAPAFTDEIAEASFVSREDFAQLYAAGQIRMYQTKLFYADALREKGFPALPV
CCCCCCEECCCCEEEEEEEEECCCCCEEEEEECCCCCCCCCCCCEECCEEECCCCCCHHHHHHHHHHHHHCCCEEEEEEEEEEEEECCCCCEEEEEEEEEEECCCCCCCCCCCCCEEEEEEECHHHHHHHHHCCCECCCHHHHHHHHHHHHHCCCCCCC
0 0 0 0 0 0 0 0 0 0 0 0 0 0 0 0 0 0 0 0 0 0 0 0 0 0 0 0 0 0 0 0 0 0 0 0 0 0 0 0 0 0 0 0 0 0 0 0 0 0 0 0 0 0 0 0 0 0 0 0 0 0 0 0 0 0 0 0 0 0 0 0 0 0 0 0 0 0 0 0 0 0 0 0 0 0 0 0 0 0 0 0 0 0 0 0 0 0 0 0 0 0 0 0 0 0 0 0 0 0 0 0 0 0 0 0 0 0 0 0 0 0 0 0 0 0 0 0 0 0 0 0 0 0 0 0 0 0 0 0 0 0 0 0 0 0 0 0 0 0 0 0 0 0 0 0 0 0 0 
0 0 0 0 0 0 0 0 0 0 0 0 0 0 0 0 0 0 0 0 0 0 0 0 0 0 0 0 0 0 0 0 0 0 0 0 0 0 0 0 0 0 0 0 0 0 0 0 0 0 0 0 0 0 0 0 0 0 0 0 0 0 0 0 0 0 0 0 0 0 0 0 0 0 0 0 0 0 0 0 0 0 0 0 0 0 0 0 0 0 0 0 0 0 0 0 0 0 0 0 0 0 0 0 0 0 0 0 0 0 0 0 0 0 0 0 0 0 0 0 0 0 0 0 0 0 0 0 0 0 0 0 0 0 0 0 0 0 0 0 0 0 0 0 0 0 0 0 0 0 0 0 0 0 0 0 0 0 0 
0 0.006854 0.00957502 0.0701547 0.0147481 0.00779409 0.00809503 0.0111764 0.00849867 0.0132497 0.0232245 0.0131395 0.0129344 0.010709 0.00954938 0.0115267 0.0170594 0.0108831 0.0156554 0.0102896 0.0106183 0.0133519 0.0103873 0.00848989 0.00830688 0.00830748 0.00851595 0.00857283 0.00856065 0.00852772 0.00853523 0.00849164 0.00851114 0.00877196 0.0112016 0.0100425 0.00912663 0.00850789 0.0085144 0.0084617 0.00847896 0.00850037 0.00849973 0.00840598 0.00954957 0.0114792 0.00931565 0.00836944 0.00838147 0.00829479 0.00824921 0.00884875 0.00989171 0.0100056 
0.006854 0 0.12003 0.0156569 0.00624347 0.00662783 0.00632005 0.00673677 0.00788698 0.0153992 0.0107911 0.0146856 0.012175 0.00994549 0.00943917 0.0123519 0.0104305 0.0211456 0.011091 0.0142485 0.0112479 0.0117578 0.0128345 0.00890252 0.00820704 0.00850006 0.00861966 0.00900649 0.00876018 0.00862811 0.00873188 0.00873733 0.00855155 0.00852839 0.00927303 0.0131969 0.00929241 0.00869409 0.00870012 0.00866566 0.00860975 0.00871236 0.00867691 0.00834158 0.00863068 0.00908911 0.0111277 0.00873302 0.00835706 0.00827941 0.00831424 0.00842363 0.00862863 0.010196 
0.00957502 0.12003 0 0.00415497 0.0037704 0.00376839 0.00379731 0.00402098 0.00485388 0.00568554 0.0109177 0.0133366 0.00963769 0.00949857 0.0103932 0.0127818 0.0443034 0.010855 0.0140042 0.0117091 0.0103684 0.0139251 0.0178741 0.00858413 0.00892248 0.00866294 0.00911883 0.00935447 0.0090078 0.00906921 0.0095125 0.00900392 0.00903967 0.00958285 0.012803 0.0105169 0.00968655 0.00906228 0.00918528 0.00911169 0.00926296 0.00924427 0.00915154 0.0100338 0.0093992 0.0140781 0.0115087 0.00834797 0.00859007 0.008987 0.0087081 0.00878047 0.0116112 0.0127949 
0.0701547 0.0156569 0.00415497 0 0.0037247 0.00372013 0.00373655 0.00373697 0.00454433 0.00491092 0.00511861 0.00779766 0.0116614 0.00941899 0.00928363 0.0208671 0.00908123 0.0111569 0.0104523 0.0103367 0.0126059 0.0102395 0.00908224 0.0102479 0.00840491 0.0091477 0.0107057 0.010012 0.0109708 0.0117566 0.0113685 0.0109434 0.0104101 0.00958097 0.00974228 0.00958252 0.0112797 0.0116609 0.0108087 0.0115786 0.0116512 0.011714 0.0144186 0.0101379 0.0100937 0.0090777 0.00845128 0.00848197 0.00911728 0.00865067 0.0088598 0.00941725 0.00845786 0.00834641 
0.0147481 0.00624347 0.0037704 0.0037247 0 0.00373349 0.00372262 0.00374165 0.00382557 0.00383247 0.00408118 0.00889843 0.00982758 0.0108673 0.0125778 0.00922627 0.0195666 0.0106462 0.00968042 0.0104861 0.0107185 0.00884546 0.0117666 0.00865521 0.0106243 0.0107913 0.0123357 0.0201571 0.0226478 0.0188648 0.021342 0.0165332 0.0145493 0.0103771 0.00885346 0.00987177 0.0132446 0.0209603 0.019792 0.0205419 0.0221976 0.0286648 0.0185011 0.018798 0.00914177 0.00920144 0.00874836 0.0086567 0.0099081 0.01038 0.0114161 0.00944945 0.00884717 0.00867028 
0.00779409 0.00662783 0.00376839 0.00372013 0.00373349 0 0.00372069 0.00372142 0.00377524 0.00375553 0.00388213 0.00815015 0.0103705 0.0137423 0.0119098 0.022869 0.0843857 0.0113917 0.0106622 0.0137404 0.0108156 0.0119719 0.0100068 0.0103699 0.0110474 0.0142422 0.0194706 0.0337474 0.0304908 0.033811 0.0302152 0.0296189 0.0219588 0.0110558 0.00954473 0.0105921 0.0194356 0.0307429 0.0333292 0.0322799 0.0476733 0.0359752 0.0341998 0.0252231 0.0118485 0.00948121 0.00866581 0.00936125 0.011963 0.0126732 0.0137243 0.0112036 0.00943433 0.00828298 
0.00809503 0.00632005 0.00379731 0.00373655 0.00372262 0.00372069 0 0.00372115 0.00374097 0.00377032 0.00380939 0.0103108 0.0182731 0.0139624 0.0550173 0.122482 0.0968183 0.0112186 0.0114564 0.014957 0.0139065 0.010133 0.0106503 0.0105563 0.013693 0.0159543 0.0332514 0.0407835 0.0487822 0.0401617 0.0504359 0.0390777 0.0320762 0.0140241 0.00975218 0.0120877 0.0270324 0.0461158 0.0430892 0.0626562 0.0521639 0.0621994 0.0428602 0.0411764 0.0148476 0.00984065 0.00898305 0.0103583 0.0173136 0.01492 0.0197893 0.0137648 0.00970713 0.00831906 
0.0111764 0.00673677 0.00402098 0.00373697 0.00374165 0.00372142 0.00372115 0 0.00373438 0.00375931 0.00375353 0.0113445 0.0126033 0.072305 0.141149 0.122747 0.0103873 0.0109321 0.0118664 0.0167078 0.0150099 0.011489 0.0125679 0.0110864 0.0155488 0.0215394 0.0331263 0.0573342 0.0550265 0.0553562 0.0623969 0.0515077 0.0356481 0.0155353 0.0104796 0.012541 0.0326412 0.054944 0.0684803 0.0587902 0.076938 0.0600432 0.060183 0.0497608 0.0144591 0.0104069 0.00908281 0.0115335 0.0161974 0.0187235 0.0220203 0.0141202 0.0104108 0.00849644 
0.00849867 0.00788698 0.00485388 0.00454433 0.00382557 0.00377524 0.00374097 0.00373438 0 0.00374414 0.00374664 0.0130155 0.0531755 0.152891 0.140325 0.0176407 0.00912585 0.011802 0.0108706 0.0163012 0.0138933 0.0112384 0.0107759 0.0110324 0.0183703 0.019558 0.0377116 0.0560081 0.075033 0.0649724 0.0633063 0.0575393 0.0438982 0.0151713 0.0100935 0.013012 0.0334022 0.0789309 0.0607775 0.0718787 0.0642042 0.0798067 0.0632418 0.0585554 0.0167846 0.0101421 0.00962855 0.0112187 0.0173689 0.0168663 0.0231496 0.0142188 0.0104834 0.00850741 
0.0132497 0.0153992 0.00568554 0.00491092 0.00383247 0.00375553 0.00377032 0.00375931 0.00374414 0 0.00378825 0.0322867 0.181931 0.0996119 0.0226624 0.0149993 0.00925203 0.0144943 0.021849 0.0130865 0.0353335 0.0137176 0.0109336 0.0116743 0.0102751 0.0119654 0.0171885 0.0304444 0.0320308 0.0301851 0.027987 0.0263666 0.0210337 0.023577 0.0102617 0.013046 0.0286539 0.0271781 0.0273739 0.0265744 0.0294321 0.034769 0.0321447 0.023489 0.0201565 0.00967019 0.00972602 0.0102772 0.0113057 0.0106545 0.0139721 0.0167817 0.0104647 0.00880713 
0.0232245 0.0107911 0.0109177 0.00511861 0.00408118 0.00388213 0.00380939 0.00375353 0.00374664 0.00378825 0 0.659488 0.0346743 0.00886875 0.00963226 0.00801059 0.0129039 0.0176684 0.0186552 0.0263371 0.0116124 0.0225236 0.0239632 0.00907226 0.00879906 0.0095939 0.0106167 0.0130316 0.012664 0.011706 0.0122601 0.0112472 0.0108204 0.010089 0.0135817 0.0259106 0.0132406 0.0129802 0.011798 0.0121269 0.0114885 0.0123918 0.0118674 0.0106448 0.0100895 0.0115349 0.0183745 0.00962421 0.00900612 0.00922289 0.00960511 0.00925217 0.0120828 0.011581 
0.0131395 0.0146856 0.0133366 0.00779766 0.00889843 0.00815015 0.0103108 0.0113445 0.0130155 0.0322867 0.659488 0 0.00380739 0.00375951 0.00382892 0.00390618 0.00507075 0.0275413 0.0219872 0.0290338 0.0134066 0.0249101 0.0247395 0.00990201 0.00968217 0.0103259 0.0115917 0.014461 0.0146526 0.0142329 0.0130027 0.012272 0.0110706 0.0117668 0.0187165 0.020001 0.0179594 0.0132129 0.0132797 0.0135483 0.0175599 0.0127954 0.0128739 0.0131593 0.0111402 0.0196591 0.0120788 0.00915621 0.00954318 0.00990707 0.0100515 0.010386 0.0172055 0.0121748 
0.0129344 0.012175 0.00963769 0.0116614 0.00982758 0.0103705 0.0182731 0.0126033 0.0531755 0.181931 0.0346743 0.00380739 0 0.00376724 0.00373525 0.00388966 0.00385764 0.0188564 0.0212438 0.0201644 0.0356184 0.0119636 0.0125908 0.0139619 0.0110537 0.015186 0.0277351 0.0320322 0.0356304 0.0312343 0.0351616 0.02736 0.0220125 0.0187933 0.0117914 0.0167486 0.0369167 0.0336419 0.0313028 0.0438092 0.0337515 0.0405757 0.0295734 0.0284281 0.0171648 0.0110846 0.00935822 0.011172 0.0139877 0.0136233 0.0159376 0.0155739 0.0105193 0.00882122 
0.010709 0.00994549 0.00949857 0.00941899 0.0108673 0.0137423 0.0139624 0.072305 0.152891 0.0996119 0.00886875 0.00375951 0.00376724 0 0.00373738 0.00373374 0.00374067 0.0119749 0.014471 0.0161379 0.017343 0.0160249 0.0103383 0.0126209 0.0145959 0.0214457 0.0344204 0.0483701 0.0526775 0.0513409 0.0492266 0.0539433 0.0494522 0.0153647 0.0104296 0.0123201 0.0310989 0.0552231 0.0607135 0.0570434 0.0605914 0.0605961 0.0637455 0.0543324 0.0166686 0.00984646 0.00908058 0.0108143 0.0177812 0.0191406 0.0281283 0.0171149 0.0109776 0.00845553 
0.00954938 0.00943917 0.0103932 0.00928363 0.0125778 0.0119098 0.0550173 0.141149 0.140325 0.0226624 0.00963226 0.00382892 0.00373525 0.00373738 0 0.00371995 0.00371562 0.0134003 0.111995 0.0135937 0.0139892 0.01132 0.0108508 0.00927954 0.0158688 0.0134099 0.0205315 0.0416343 0.0389996 0.0380749 0.0429827 0.0543116 0.0265217 0.0145311 0.00995318 0.0113033 0.0242558 0.0467188 0.0408177 0.0392706 0.0448615 0.0525956 0.0489103 0.0391082 0.0117916 0.00974451 0.0089539 0.00950218 0.0146282 0.0153326 0.0180321 0.0123744 0.0104406 0.00837017 
0.0115267 0.0123519 0.0127818 0.0208671 0.00922627 0.022869 0.122482 0.122747 0.0176407 0.0149993 0.00801059 0.00390618 0.00388966 0.00373374 0.00371995 0 0.00377 0.178943 0.0335931 0.0128623 0.0600309 0.0155264 0.00958612 0.0111107 0.00911619 0.0097813 0.0120559 0.0142131 0.0162846 0.0147233 0.020161 0.0146608 0.0120092 0.0118331 0.00960774 0.0121189 0.0185604 0.0148678 0.0144397 0.0143863 0.0149559 0.0209976 0.0153502 0.0118335 0.0132914 0.00883234 0.0096192 0.00984315 0.0109712 0.00918554 0.0101222 0.0115622 0.00934094 0.008587 
0.0170594 0.0104305 0.0443034 0.00908123 0.0195666 0.0843857 0.0968183 0.0103873 0.00912585 0.00925203 0.0129039 0.00507075 0.00385764 0.00374067 0.00371562 0.00377 0 0.0339107 0.0170108 0.0298853 0.0136931 0.0264304 0.0309636 0.00863102 0.00889714 0.00881801 0.00942986 0.0106732 0.0106846 0.0113486 0.0106229 0.0102809 0.00971688 0.00938379 0.00982224 0.0203524 0.0121701 0.0109681 0.0101572 0.0102194 0.0102948 0.0108484 0.0102603 0.0099125 0.00900647 0.0105067 0.0167689 0.00903532 0.0085555 0.00899489 0.00904555 0.00871898 0.0111546 0.0111426 
0.0108831 0.0211456 0.010855 0.0111569 0.0106462 0.0113917 0.0112186 0.0109321 0.011802 0.0144943 0.0176684 0.0275413 0.0188564 0.0119749 0.0134003 0.178943 0.0339107 0 0.00407137 0.00389351 0.00641541 0.00867502 0.0152865 0.0100292 0.0084372 0.00904143 0.00931928 0.010223 0.0104353 0.00989748 0.0100339 0.00995309 0.00952465 0.0102843 0.014419 0.0115496 0.0124116 0.00990368 0.0101722 0.0100405 0.00993736 0.0100996 0.00988255 0.00963875 0.0104051 0.0135078 0.00900267 0.00850967 0.00865903 0.00871857 0.0086544 0.00964079 0.0123481 0.0102583 
0.0156554 0.011091 0.0140042 0.0104523 0.00968042 0.0106622 0.0114564 0.0118664 0.0108706 0.021849 0.0186552 0.0219872 0.0212438 0.014471 0.111995 0.0335931 0.0170108 0.00407137 0 0.00518567 0.00680658 0.00523287 0.0192509 0.00900253 0.00872014 0.00918105 0.00981546 0.00999609 0.0101403 0.0100673 0.00993907 0.00971668 0.00955901 0.0104585 0.0111953 0.0161583 0.0111118 0.00995411 0.00967706 0.0100668 0.00980895 0.00989688 0.00987693 0.00951151 0.0108979 0.00959149 0.0110301 0.00856331 0.00865027 0.00858964 0.00877393 0.00947219 0.0111355 0.00999992 
0.0102896 0.0142485 0.0117091 0.0103367 0.0104861 0.0137404 0.014957 0.0167078 0.0163012 0.0130865 0.0263371 0.0290338 0.0201644 0.0161379 0.0135937 0.0128623 0.0298853 0.00389351 0.00518567 0 0.00418688 0.00395852 0.0451505 0.0120971 0.0103063 0.0110534 0.0118015 0.0135807 0.0131968 0.012766 0.0136061 0.0117878 0.011601 0.00972039 0.0278941 0.0142154 0.0115445 0.0115352 0.0117469 0.0117991 0.0116616 0.0134915 0.0132343 0.0107444 0.0106567 0.0175988 0.00931956 0.00850239 0.00890717 0.00884866 0.00900182 0.00973691 0.0162189 0.011385 
0.0106183 0.0112479 0.0103684 0.0126059 0.0107185 0.0108156 0.0139065 0.0150099 0.0138933 0.0353335 0.0116124 0.0134066 0.0356184 0.017343 0.0139892 0.0600309 0.0136931 0.00641541 0.00680658 0.00418688 0 0.00378604 0.0247315 0.0135721 0.0161927 0.0103451 0.0144441 0.0140318 0.0151616 0.0123432 0.0164323 0.0112527 0.0103798 0.0260714 0.00913462 0.0105097 0.0205877 0.0117711 0.0111797 0.0111558 0.0122774 0.0110318 0.0116638 0.0108851 0.0130267 0.00975328 0.00888035 0.00931958 0.00878703 0.00903626 0.00925643 0.0112423 0.0102274 0.00895804 
0.0133519 0.0117578 0.0139251 0.0102395 0.00884546 0.0119719 0.010133 0.011489 0.0112384 0.0137176 0.0225236 0.0249101 0.0119636 0.0160249 0.01132 0.0155264 0.0264304 0.00867502 0.00523287 0.00395852 0.00378604 0 0.0146845 0.0120768 0.00908654 0.0104476 0.0124152 0.0141506 0.0140885 0.0131501 0.0111394 0.0120385 0.012874 0.00960861 0.0278912 0.0215132 0.0110423 0.010489 0.0101189 0.0102678 0.00974028 0.0104874 0.00999739 0.00958355 0.0100078 0.00975438 0.0139146 0.00939298 0.00896141 0.00861961 0.00892557 0.0109943 0.0101528 0.0105049 
0.0103873 0.0128345 0.0178741 0.00908224 0.0117666 0.0100068 0.0106503 0.0125679 0.0107759 0.0109336 0.0239632 0.0247395 0.0125908 0.0103383 0.0108508 0.00958612 0.0309636 0.0152865 0.0192509 0.0451505 0.0247315 0.0146845 0 0.00382871 0.00379516 0.0038463 0.00383242 0.00418453 0.00416995 0.00465218 0.00674181 0.00628089 0.00658429 0.00890016 0.0204491 0.0144559 0.0118803 0.0102139 0.00994442 0.00977878 0.0110224 0.00977929 0.0104369 0.0114817 0.0102706 0.10788 0.0280555 0.0108361 0.00925365 0.0120838 0.0109725 0.00933787 0.0451574 0.0307244 
0.00848989 0.00890252 0.00858413 0.0102479 0.00865521 0.0103699 0.0105563 0.0110864 0.0110324 0.0116743 0.00907226 0.00990201 0.0139619 0.0126209 0.00927954 0.0111107 0.00863102 0.0100292 0.00900253 0.0120971 0.0135721 0.0120768 0.00382871 0 0.00370272 0.00371953 0.00373371 0.00382074 0.00395875 0.00390858 0.0047746 0.00560481 0.00686387 0.00639383 0.00680982 0.00960303 0.00967558 0.00892586 0.00930129 0.00976096 0.00986582 0.0104027 0.0102059 0.00942127 0.0381209 0.0112087 0.0105317 0.00957824 0.0103096 0.00936676 0.00919259 0.0130541 0.00904403 0.00872274 
0.00830688 0.00820704 0.00892248 0.00840491 0.0106243 0.0110474 0.013693 0.0155488 0.0183703 0.0102751 0.00879906 0.00968217 0.0110537 0.0145959 0.0158688 0.00911619 0.00889714 0.0084372 0.00872014 0.0103063 0.0161927 0.00908654 0.00379516 0.00370272 0 0.00368758 0.00370511 0.00373833 0.00368346 0.00376991 0.00393407 0.0076125 0.00624202 0.00653584 0.00564531 0.00815351 0.0089977 0.0102608 0.00946975 0.010279 0.0102411 0.0106651 0.0119706 0.0251869 0.0132215 0.060178 0.00940138 0.00891164 0.00958914 0.0105074 0.0130748 0.00894876 0.00907608 0.00905744 
0.00830748 0.00850006 0.00866294 0.0091477 0.0107913 0.0142422 0.0159543 0.0215394 0.019558 0.0119654 0.0095939 0.0103259 0.015186 0.0214457 0.0134099 0.0097813 0.00881801 0.00904143 0.00918105 0.0110534 0.0103451 0.0104476 0.0038463 0.00371953 0.00368758 0 0.00371315 0.00372289 0.00370616 0.00373077 0.00380805 0.00501389 0.0046759 0.00507191 0.00542767 0.00760317 0.00862353 0.00991612 0.00966475 0.010051 0.00997993 0.011728 0.016775 0.0255896 0.191638 0.0112968 0.00971342 0.00934011 0.0110835 0.0125114 0.0111228 0.00983469 0.0092387 0.00937267 
0.00851595 0.00861966 0.00911883 0.0107057 0.0123357 0.0194706 0.0332514 0.0331263 0.0377116 0.0171885 0.0106167 0.0115917 0.0277351 0.0344204 0.0205315 0.0120559 0.00942986 0.00931928 0.00981546 0.0118015 0.0144441 0.0124152 0.00383242 0.00373371 0.00370511 0.00371315 0 0.00371666 0.00372752 0.00375977 0.00375491 0.00453532 0.0044108 0.00502057 0.00505359 0.00882944 0.0100045 0.015625 0.0125024 0.0136877 0.0137508 0.0257657 0.0806216 0.41962 0.0322348 0.00958655 0.00995653 0.0105095 0.0213281 0.0129161 0.0149218 0.0137575 0.0102423 0.00915222 
0.00857283 0.00900649 0.00935447 0.010012 0.0201571 0.0337474 0.0407835 0.0573342 0.0560081 0.0304444 0.0130316 0.014461 0.0320322 0.0483701 0.0416343 0.0142131 0.0106732 0.010223 0.00999609 0.0135807 0.0140318 0.0141506 0.00418453 0.00382074 0.00373833 0.00372289 0.00371666 0 0.00370495 0.00380732 0.0037439 0.00377972 0.00405228 0.00419768 0.00497966 0.00871353 0.0144434 0.0133995 0.0165854 0.0146682 0.0261791 0.0783216 0.579925 0.0961044 0.0156966 0.0109858 0.011341 0.0161358 0.0167239 0.0171012 0.0200621 0.0160607 0.0116073 0.0100234 
0.00856065 0.00876018 0.0090078 0.0109708 0.0226478 0.0304908 0.0487822 0.0550265 0.075033 0.0320308 0.012664 0.0146526 0.0356304 0.0526775 0.0389996 0.0162846 0.0106846 0.0104353 0.0101403 0.0131968 0.0151616 0.0140885 0.00416995 0.00395875 0.00368346 0.00370616 0.00372752 0.00370495 0 0.00370742 0.00373478 0.00375815 0.0037472 0.00389522 0.00388118 0.00902844 0.0102729 0.0137569 0.0124405 0.0266506 0.0401655 0.623256 0.0807853 0.0220541 0.0127473 0.0116963 0.011089 0.0124243 0.0170654 0.0161326 0.0244222 0.0157903 0.0127507 0.00976692 
0.00852772 0.00862811 0.00906921 0.0117566 0.0188648 0.033811 0.0401617 0.0553562 0.0649724 0.0301851 0.011706 0.0142329 0.0312343 0.0513409 0.0380749 0.0147233 0.0113486 0.00989748 0.0100673 0.012766 0.0123432 0.0131501 0.00465218 0.00390858 0.00376991 0.00373077 0.00375977 0.00380732 0.00370742 0 0.0037082 0.00374501 0.00375355 0.00369142 0.00391667 0.00800154 0.0123368 0.0110249 0.0299237 0.0302868 0.783342 0.0683367 0.022473 0.0177672 0.0136634 0.0100464 0.0100619 0.0112899 0.0173119 0.0178451 0.0189975 0.0191887 0.0117308 0.00944954 
0.00853523 0.00873188 0.0095125 0.0113685 0.021342 0.0302152 0.0504359 0.0623969 0.0633063 0.027987 0.0122601 0.0130027 0.0351616 0.0492266 0.0429827 0.020161 0.0106229 0.0100339 0.00993907 0.0136061 0.0164323 0.0111394 0.00674181 0.0047746 0.00393407 0.00380805 0.00375491 0.0037439 0.00373478 0.0037082 0 0.00373016 0.0037293 0.00374319 0.00380057 0.00909244 0.0123343 0.036488 0.0279956 0.851067 0.0561738 0.0254381 0.0174775 0.0209642 0.0132715 0.0118702 0.0110716 0.0124234 0.0202955 0.0172711 0.0256545 0.0171317 0.0126719 0.00982805 
0.00849164 0.00873733 0.00900392 0.0109434 0.0165332 0.0296189 0.0390777 0.0515077 0.0575393 0.0263666 0.0112472 0.012272 0.02736 0.0539433 0.0543116 0.0146608 0.0102809 0.00995309 0.00971668 0.0117878 0.0112527 0.0120385 0.00628089 0.00560481 0.0076125 0.00501389 0.00453532 0.00377972 0.00375815 0.00374501 0.00373016 0 0.00371157 0.00371474 0.00381148 0.00797279 0.0164366 0.0240284 0.87971 0.0590481 0.0255349 0.0135019 0.0195708 0.0146921 0.0135484 0.0100901 0.0102408 0.0127179 0.017749 0.0176874 0.01932 0.0166358 0.0115488 0.00919818 
0.00851114 0.00855155 0.00903967 0.0104101 0.0145493 0.0219588 0.0320762 0.0356481 0.0438982 0.0210337 0.0108204 0.0110706 0.0220125 0.0494522 0.0265217 0.0120092 0.00971688 0.00952465 0.00955901 0.011601 0.0103798 0.012874 0.00658429 0.00686387 0.00624202 0.0046759 0.0044108 0.00405228 0.0037472 0.00375355 0.0037293 0.00371157 0 0.00370401 0.00372163 0.00853854 0.011695 0.8317 0.0317372 0.0175553 0.0108729 0.0132184 0.011651 0.0119747 0.010386 0.00924699 0.0110864 0.0109543 0.0185931 0.0142735 0.0179772 0.0155341 0.0111513 0.00926125 
0.00877196 0.00852839 0.00958285 0.00958097 0.0103771 0.0110558 0.0140241 0.0155353 0.0151713 0.023577 0.010089 0.0117668 0.0187933 0.0153647 0.0145311 0.0118331 0.00938379 0.0102843 0.0104585 0.00972039 0.0260714 0.00960861 0.00890016 0.00639383 0.00653584 0.00507191 0.00502057 0.00419768 0.00389522 0.00369142 0.00374319 0.00371474 0.00370401 0 0.00372324 0.0184102 0.884687 0.0189839 0.0110639 0.00806093 0.00967377 0.00988754 0.0112129 0.0105004 0.0105926 0.0090896 0.0124626 0.0111556 0.0101798 0.0110233 0.0121752 0.0124664 0.0114357 0.0106832 
0.0112016 0.00927303 0.012803 0.00974228 0.00885346 0.00954473 0.00975218 0.0104796 0.0100935 0.0102617 0.0135817 0.0187165 0.0117914 0.0104296 0.00995318 0.00960774 0.00982224 0.014419 0.0111953 0.0278941 0.00913462 0.0278912 0.0204491 0.00680982 0.00564531 0.00542767 0.00505359 0.00497966 0.00388118 0.00391667 0.00380057 0.00381148 0.00372163 0.00372324 0 0.932664 0.0152295 0.00800099 0.00700499 0.00785721 0.00759776 0.00936031 0.00845337 0.00884526 0.00937079 0.00950052 0.0173389 0.0105745 0.00979994 0.00983703 0.00995719 0.012032 0.0137541 0.0138784 
0.0100425 0.0131969 0.0105169 0.00958252 0.00987177 0.0105921 0.0120877 0.012541 0.013012 0.013046 0.0259106 0.020001 0.0167486 0.0123201 0.0113033 0.0121189 0.0203524 0.0115496 0.0161583 0.0142154 0.0105097 0.0215132 0.0144559 0.00960303 0.00815351 0.00760317 0.00882944 0.00871353 0.00902844 0.00800154 0.00909244 0.00797279 0.00853854 0.0184102 0.932664 0 0.00382414 0.00373053 0.00377089 0.00377825 0.00396982 0.00501027 0.00597208 0.00687632 0.00972616 0.0179822 0.0252636 0.0117299 0.0113625 0.0111593 0.0111502 0.0140296 0.0443685 0.0240457 
0.00912663 0.00929241 0.00968655 0.0112797 0.0132446 0.0194356 0.0270324 0.0326412 0.0334022 0.0286539 0.0132406 0.0179594 0.0369167 0.0310989 0.0242558 0.0185604 0.0121701 0.0124116 0.0111118 0.0115445 0.0205877 0.0110423 0.0118803 0.00967558 0.0089977 0.00862353 0.0100045 0.0144434 0.0102729 0.0123368 0.0123343 0.0164366 0.011695 0.884687 0.0152295 0.00382414 0 0.00374335 0.00373898 0.00377685 0.00380267 0.00451966 0.0055194 0.00648157 0.0104997 0.0107949 0.0159629 0.0210969 0.0126735 0.014108 0.0155126 0.0279012 0.0187426 0.0135375 
0.00850789 0.00869409 0.00906228 0.0116609 0.0209603 0.0307429 0.0461158 0.054944 0.0789309 0.0271781 0.0129802 0.0132129 0.0336419 0.0552231 0.0467188 0.0148678 0.0109681 0.00990368 0.00995411 0.0115352 0.0117711 0.010489 0.0102139 0.00892586 0.0102608 0.00991612 0.015625 0.0133995 0.0137569 0.0110249 0.036488 0.0240284 0.8317 0.0189839 0.00800099 0.00373053 0.00374335 0 0.00370748 0.00371451 0.00375826 0.00377607 0.00392247 0.0045933 0.00573709 0.00595388 0.012623 0.0131627 0.0193287 0.0148472 0.0284771 0.0221933 0.0139518 0.0103804 
0.0085144 0.00870012 0.00918528 0.0108087 0.019792 0.0333292 0.0430892 0.0684803 0.0607775 0.0273739 0.011798 0.0132797 0.0313028 0.0607135 0.0408177 0.0144397 0.0101572 0.0101722 0.00967706 0.0117469 0.0111797 0.0101189 0.00994442 0.00930129 0.00946975 0.00966475 0.0125024 0.0165854 0.0124405 0.0299237 0.0279956 0.87971 0.0317372 0.0110639 0.00700499 0.00377089 0.00373898 0.00370748 0 0.00370341 0.00371853 0.00375797 0.00374874 0.00405804 0.00420703 0.00522509 0.0124264 0.0138425 0.0140241 0.0211169 0.0218822 0.0245083 0.0174327 0.0104786 
0.0084617 0.00866566 0.00911169 0.0115786 0.0205419 0.0322799 0.0626562 0.0587902 0.0718787 0.0265744 0.0121269 0.0135483 0.0438092 0.0570434 0.0392706 0.0143863 0.0102194 0.0100405 0.0100668 0.0117991 0.0111558 0.0102678 0.00977878 0.00976096 0.010279 0.010051 0.0136877 0.0146682 0.0266506 0.0302868 0.851067 0.0590481 0.0175553 0.00806093 0.00785721 0.00377825 0.00377685 0.00371451 0.00370341 0 0.00371177 0.00374711 0.00374637 0.00374972 0.00383324 0.00431429 0.0121232 0.0122102 0.0254231 0.0165803 0.0255979 0.0299331 0.0157316 0.00995822 
0.00847896 0.00860975 0.00926296 0.0116512 0.0221976 0.0476733 0.0521639 0.076938 0.0642042 0.0294321 0.0114885 0.0175599 0.0337515 0.0605914 0.0448615 0.0149559 0.0102948 0.00993736 0.00980895 0.0116616 0.0122774 0.00974028 0.0110224 0.00986582 0.0102411 0.00997993 0.0137508 0.0261791 0.0401655 0.783342 0.0561738 0.0255349 0.0108729 0.00967377 0.00759776 0.00396982 0.00380267 0.00375826 0.00371853 0.00371177 0 0.00371697 0.00372802 0.00374263 0.00372759 0.0039234 0.0125302 0.0175704 0.0165574 0.028953 0.0273489 0.0248792 0.0189244 0.010266 
0.00850037 0.00871236 0.00924427 0.011714 0.0286648 0.0359752 0.0621994 0.0600432 0.0798067 0.034769 0.0123918 0.0127954 0.0405757 0.0605961 0.0525956 0.0209976 0.0108484 0.0100996 0.00989688 0.0134915 0.0110318 0.0104874 0.00977929 0.0104027 0.0106651 0.011728 0.0257657 0.0783216 0.623256 0.0683367 0.0254381 0.0135019 0.0132184 0.00988754 0.00936031 0.00501027 0.00451966 0.00377607 0.00375797 0.00374711 0.00371697 0 0.00371964 0.00371825 0.00377464 0.00376258 0.0144631 0.0150378 0.0305768 0.0195833 0.0379297 0.0360699 0.0136201 0.0100839 
0.00849973 0.00867691 0.00915154 0.0144186 0.0185011 0.0341998 0.0428602 0.060183 0.0632418 0.0321447 0.0118674 0.0128739 0.0295734 0.0637455 0.0489103 0.0153502 0.0102603 0.00988255 0.00987693 0.0132343 0.0116638 0.00999739 0.0104369 0.0102059 0.0119706 0.016775 0.0806216 0.579925 0.0807853 0.022473 0.0174775 0.0195708 0.011651 0.0112129 0.00845337 0.00597208 0.0055194 0.00392247 0.00374874 0.00374637 0.00372802 0.00371964 0 0.00371036 0.0037471 0.00373861 0.013802 0.0163092 0.024185 0.0482453 0.0348577 0.0261593 0.0138452 0.010501 
0.00840598 0.00834158 0.0100338 0.0101379 0.018798 0.0252231 0.0411764 0.0497608 0.0585554 0.023489 0.0106448 0.0131593 0.0284281 0.0543324 0.0391082 0.0118335 0.0099125 0.00963875 0.00951151 0.0107444 0.0108851 0.00958355 0.0114817 0.00942127 0.0251869 0.0255896 0.41962 0.0961044 0.0220541 0.0177672 0.0209642 0.0146921 0.0119747 0.0105004 0.00884526 0.00687632 0.00648157 0.0045933 0.00405804 0.00374972 0.00374263 0.00371825 0.00371036 0 0.00371623 0.00372159 0.0149413 0.0160809 0.0490872 0.0308671 0.0290428 0.0141236 0.0204702 0.0103716 
0.00954957 0.00863068 0.0093992 0.0100937 0.00914177 0.0118485 0.0148476 0.0144591 0.0167846 0.0201565 0.0100895 0.0111402 0.0171648 0.0166686 0.0117916 0.0132914 0.00900647 0.0104051 0.0108979 0.0106567 0.0130267 0.0100078 0.0102706 0.0381209 0.0132215 0.191638 0.0322348 0.0156966 0.0127473 0.0136634 0.0132715 0.0135484 0.010386 0.0105926 0.00937079 0.00972616 0.0104997 0.00573709 0.00420703 0.00383324 0.00372759 0.00377464 0.0037471 0.00371623 0 0.00372628 0.0162623 0.048936 0.0261457 0.0135236 0.0150854 0.0458984 0.0115112 0.0105698 
0.0114792 0.00908911 0.0140781 0.0090777 0.00920144 0.00948121 0.00984065 0.0104069 0.0101421 0.00967019 0.0115349 0.0196591 0.0110846 0.00984646 0.00974451 0.00883234 0.0105067 0.0135078 0.00959149 0.0175988 0.00975328 0.00975438 0.10788 0.0112087 0.060178 0.0112968 0.00958655 0.0109858 0.0116963 0.0100464 0.0118702 0.0100901 0.00924699 0.0090896 0.00950052 0.0179822 0.0107949 0.00595388 0.00522509 0.00431429 0.0039234 0.00376258 0.00373861 0.00372159 0.00372628 0 0.138134 0.0152861 0.0104101 0.0122978 0.0133139 0.0122039 0.0439366 0.0232143 
0.00931565 0.0111277 0.0115087 0.00845128 0.00874836 0.00866581 0.00898305 0.00908281 0.00962855 0.00972602 0.0183745 0.0120788 0.00935822 0.00908058 0.0089539 0.0096192 0.0167689 0.00900267 0.0110301 0.00931956 0.00888035 0.0139146 0.0280555 0.0105317 0.00940138 0.00971342 0.00995653 0.011341 0.011089 0.0100619 0.0110716 0.0102408 0.0110864 0.0124626 0.0173389 0.0252636 0.0159629 0.012623 0.0124264 0.0121232 0.0125302 0.0144631 0.013802 0.0149413 0.0162623 0.138134 0 0.00444989 0.00376225 0.0040181 0.00408035 0.0051223 0.0091139 0.0458822 
0.00836944 0.00873302 0.00834797 0.00848197 0.0086567 0.00936125 0.0103583 0.0115335 0.0112187 0.0102772 0.00962421 0.00915621 0.011172 0.0108143 0.00950218 0.00984315 0.00903532 0.00850967 0.00856331 0.00850239 0.00931958 0.00939298 0.0108361 0.00957824 0.00891164 0.00934011 0.0105095 0.0161358 0.0124243 0.0112899 0.0124234 0.0127179 0.0109543 0.0111556 0.0105745 0.0117299 0.0210969 0.0131627 0.0138425 0.0122102 0.0175704 0.0150378 0.0163092 0.0160809 0.048936 0.0152861 0.00444989 0 0.0037393 0.00374938 0.00385243 0.0039041 0.00432125 0.012279 
0.00838147 0.00835706 0.00859007 0.00911728 0.0099081 0.011963 0.0173136 0.0161974 0.0173689 0.0113057 0.00900612 0.00954318 0.0139877 0.0177812 0.0146282 0.0109712 0.0085555 0.00865903 0.00865027 0.00890717 0.00878703 0.00896141 0.00925365 0.0103096 0.00958914 0.0110835 0.0213281 0.0167239 0.0170654 0.0173119 0.0202955 0.017749 0.0185931 0.0101798 0.00979994 0.0113625 0.0126735 0.0193287 0.0140241 0.0254231 0.0165574 0.0305768 0.024185 0.0490872 0.0261457 0.0104101 0.00376225 0.0037393 0 0.00370543 0.00375955 0.00381447 0.00379682 0.00914441 
0.00829479 0.00827941 0.008987 0.00865067 0.01038 0.0126732 0.01492 0.0187235 0.0168663 0.0106545 0.00922289 0.00990707 0.0136233 0.0191406 0.0153326 0.00918554 0.00899489 0.00871857 0.00858964 0.00884866 0.00903626 0.00861961 0.0120838 0.00936676 0.0105074 0.0125114 0.0129161 0.0171012 0.0161326 0.0178451 0.0172711 0.0176874 0.0142735 0.0110233 0.00983703 0.0111593 0.014108 0.0148472 0.0211169 0.0165803 0.028953 0.0195833 0.0482453 0.0308671 0.0135236 0.0122978 0.0040181 0.00374938 0.00370543 0 0.00372337 0.00372654 0.00373155 0.0139469 
0.00824921 0.00831424 0.0087081 0.0088598 0.0114161 0.0137243 0.0197893 0.0220203 0.0231496 0.0139721 0.00960511 0.0100515 0.0159376 0.0281283 0.0180321 0.0101222 0.00904555 0.0086544 0.00877393 0.00900182 0.00925643 0.00892557 0.0109725 0.00919259 0.0130748 0.0111228 0.0149218 0.0200621 0.0244222 0.0189975 0.0256545 0.01932 0.0179772 0.0121752 0.00995719 0.0111502 0.0155126 0.0284771 0.0218822 0.0255979 0.0273489 0.0379297 0.0348577 0.0290428 0.0150854 0.0133139 0.00408035 0.00385243 0.00375955 0.00372337 0 0.00370826 0.00372762 0.0112485 
0.00884875 0.00842363 0.00878047 0.00941725 0.00944945 0.0112036 0.0137648 0.0141202 0.0142188 0.0167817 0.00925217 0.010386 0.0155739 0.0171149 0.0123744 0.0115622 0.00871898 0.00964079 0.00947219 0.00973691 0.0112423 0.0109943 0.00933787 0.0130541 0.00894876 0.00983469 0.0137575 0.0160607 0.0157903 0.0191887 0.0171317 0.0166358 0.0155341 0.0124664 0.012032 0.0140296 0.0279012 0.0221933 0.0245083 0.0299331 0.0248792 0.0360699 0.0261593 0.0141236 0.0458984 0.0122039 0.0051223 0.0039041 0.00381447 0.00372654 0.00370826 0 0.0037175 0.0114349 
0.00989171 0.00862863 0.0116112 0.00845786 0.00884717 0.00943433 0.00970713 0.0104108 0.0104834 0.0104647 0.0120828 0.0172055 0.0105193 0.0109776 0.0104406 0.00934094 0.0111546 0.0123481 0.0111355 0.0162189 0.0102274 0.0101528 0.0451574 0.00904403 0.00907608 0.0092387 0.0102423 0.0116073 0.0127507 0.0117308 0.0126719 0.0115488 0.0111513 0.0114357 0.0137541 0.0443685 0.0187426 0.0139518 0.0174327 0.0157316 0.0189244 0.0136201 0.0138452 0.0204702 0.0115112 0.0439366 0.0091139 0.00432125 0.00379682 0.00373155 0.00372762 0.0037175 0 0.0508832 
0.0100056 0.010196 0.0127949 0.00834641 0.00867028 0.00828298 0.00831906 0.00849644 0.00850741 0.00880713 0.011581 0.0121748 0.00882122 0.00845553 0.00837017 0.008587 0.0111426 0.0102583 0.00999992 0.011385 0.00895804 0.0105049 0.0307244 0.00872274 0.00905744 0.00937267 0.00915222 0.0100234 0.00976692 0.00944954 0.00982805 0.00919818 0.00926125 0.0106832 0.0138784 0.0240457 0.0135375 0.0103804 0.0104786 0.00995822 0.010266 0.0100839 0.010501 0.0103716 0.0105698 0.0232143 0.0458822 0.012279 0.00914441 0.0139469 0.0112485 0.0114349 0.0508832 0 
