1TIGA
INVKEVRLSPTIEEHDFNTKLRNARKFLEKGDKVKATIRFKGRAITHKEIGQRVLDRLSEACADIAVVETAPKMDGRNMFLVLAPKND
CCEEEEEECCCCCHHHHHHHHHHHHHHHHCCCEEEEEEECCCCCCCHHHHHHHHHHHHHHHCCCCEEEEEEEEEECCEEEEEEEECCC
0 0 0 0 0 0 0 0 0 0 0 0 0 0 0 0 0 0 0 0 0 0 0 0 0 0 0 0 0 0 0 0 0 0 0 0 0 0 0 0 0 0 0 0 0 0 0 0 0 0 0 0 0 0 0 0 0 0 0 0 0 0 0 0 0 0 0 0 0 0 0 0 0 0 0 0 0 0 0 0 0 0 0 0 0 0 0 0 
0 0 0 0 0 0 0 0 0 0 0 0 0 0 0 0 0 0 0 0 0 0 0 0 0 0 0 0 0 0 0 0 0 0 0 0 0 0 0 0 0 0 0 0 0 0 0 0 0 0 0 0 0 0 0 0 0 0 0 0 0 0 0 0 0 0 0 0 0 0 0 0 0 0 0 0 0 0 0 0 0 0 0 0 0 0 0 0 
0 0.0042136 0.00376462 0.00415346 0.00490013 0.0117251 0.0376508 0.019584 0.0110303 0.0132883 0.0107972 0.0132882 0.0252299 0.0121408 0.00939839 0.00939488 0.00908659 0.00868167 0.00848353 0.00857599 0.00815526 0.00829172 0.00990751 0.00896204 0.00835108 0.00865805 0.00865555 0.00855543 0.00917318 0.00893331 0.013342 
0.0042136 0 0.00381691 0.00383392 0.00456604 0.00386483 0.010151 0.0668761 0.0104826 0.0215716 0.00955696 0.0248084 0.00956038 0.0100588 0.00864692 0.00847117 0.00834748 0.0102029 0.00810351 0.00825702 0.00802979 0.00913847 0.00810745 0.00818373 0.00905945 0.00898638 0.0103348 0.0106081 0.00906601 0.00911684 0.00905996 
0.00376462 0.00381691 0 0.00406104 0.00388357 0.00371537 0.0394089 0.00921968 0.227606 0.0112921 0.134732 0.00888575 0.0192243 0.00934172 0.0117878 0.00892527 0.0174488 0.00856694 0.00937763 0.00828703 0.0109896 0.00805086 0.0086148 0.00838246 0.00942887 0.0169961 0.0134555 0.0195745 0.0123675 0.00993686 0.00828963 
0.00415346 0.00383392 0.00406104 0 0.00369194 0.00445529 0.00884707 0.173659 0.00899799 0.438049 0.0106616 0.0581295 0.0086826 0.0125736 0.00888395 0.0182627 0.00880052 0.010829 0.00843901 0.013313 0.00831981 0.00999668 0.00813126 0.0087314 0.0109278 0.0133159 0.02616 0.0200285 0.0221169 0.00901431 0.00951065 
0.00490013 0.00456604 0.00388357 0.00369194 0 0.00377045 0.0461524 0.00901286 0.19807 0.00959964 0.241672 0.00967345 0.0400073 0.0102047 0.0181332 0.00872708 0.0109863 0.00862293 0.00970245 0.00824603 0.0105246 0.00823326 0.00958672 0.00928694 0.00996912 0.013131 0.0113169 0.015241 0.00952576 0.0110645 0.0084194 
0.0117251 0.00386483 0.00371537 0.00445529 0.00377045 0 0.0111167 0.0690113 0.00916162 0.0558564 0.0100164 0.184795 0.0215332 0.0381071 0.00875737 0.0105528 0.00849028 0.00927813 0.0082639 0.00973931 0.0085692 0.00910666 0.00853337 0.0149258 0.0108431 0.0107086 0.0109337 0.00955558 0.0101854 0.00871666 0.0109016 
0.0376508 0.010151 0.0394089 0.00884707 0.0461524 0.0111167 0 0.00445621 0.00433226 0.00377173 0.00472759 0.00413232 0.0204667 0.0413389 0.0158671 0.00893476 0.0111543 0.00918399 0.0109213 0.00831123 0.0103618 0.00851436 0.0163692 0.013348 0.00960062 0.0110053 0.00972004 0.0112515 0.0101146 0.035948 0.0153962 
0.019584 0.0668761 0.00921968 0.173659 0.00901286 0.0690113 0.00445621 0 0.00375259 0.00398601 0.00376688 0.00618875 0.00392941 0.0654311 0.0131526 0.0219338 0.0090951 0.0132616 0.00844253 0.0134241 0.00840543 0.018974 0.0083932 0.0120717 0.0250396 0.0117037 0.0225637 0.0135758 0.0459763 0.0123332 0.0138497 
0.0110303 0.0104826 0.227606 0.00899799 0.19807 0.00916162 0.00433226 0.00375259 0 0.00369914 0.00393988 0.00368663 0.00454569 0.0152566 0.0493329 0.00975653 0.0216684 0.00963442 0.0150441 0.00846956 0.0223792 0.0084659 0.0101489 0.0111275 0.0131813 0.0333344 0.0186361 0.0789675 0.0177421 0.017862 0.00889184 
0.0132883 0.0215716 0.0112921 0.438049 0.00959964 0.0558564 0.00377173 0.00398601 0.00369914 0 0.00369851 0.00386488 0.00375323 0.0735841 0.0128411 0.0617647 0.0100109 0.015915 0.00872538 0.0239311 0.0087046 0.0164846 0.00851749 0.0132604 0.0241278 0.0276545 0.133687 0.0452636 0.0603187 0.0106684 0.0121351 
0.0107972 0.00955696 0.134732 0.0106616 0.241672 0.0100164 0.00472759 0.00376688 0.00393988 0.00369851 0 0.003715 0.00422046 0.0169078 0.0782912 0.0109447 0.0300358 0.00972597 0.018443 0.00858522 0.0261871 0.00865217 0.0120376 0.010384 0.0141818 0.0985521 0.0336597 0.0612425 0.0232065 0.0194798 0.00946611 
0.0132882 0.0248084 0.00888575 0.0581295 0.00967345 0.184795 0.00413232 0.00618875 0.00368663 0.00386488 0.003715 0 0.0037299 0.0257019 0.0124767 0.0297074 0.00984585 0.0157483 0.00863822 0.0151459 0.00865256 0.0264844 0.00849345 0.0106454 0.0542456 0.0189469 0.0355979 0.0208527 0.031301 0.0129652 0.0104889 
0.0252299 0.00956038 0.0192243 0.0086826 0.0400073 0.0215332 0.0204667 0.00392941 0.00454569 0.00375323 0.00422046 0.0037299 0 0.0165847 0.0220992 0.0103259 0.0231949 0.0118305 0.0127712 0.00859219 0.0161054 0.00882724 0.0282966 0.0362922 0.0162669 0.0175068 0.0118327 0.0149054 0.0119294 0.0124313 0.0102158 
0.0121408 0.0100588 0.00934172 0.0125736 0.0102047 0.0381071 0.0413389 0.0654311 0.0152566 0.0735841 0.0169078 0.0257019 0.0165847 0 0.00393528 0.00384869 0.00395268 0.00394841 0.00392901 0.00381378 0.00400102 0.00530215 0.0114808 0.00739087 0.00716985 0.00826393 0.0100086 0.00966688 0.0125612 0.0113759 0.506549 
0.00939839 0.00864692 0.0117878 0.00888395 0.0181332 0.00875737 0.0158671 0.0131526 0.0493329 0.0128411 0.0782912 0.0124767 0.0220992 0.00393528 0 0.00382548 0.00380157 0.00370781 0.00398514 0.00383834 0.00407989 0.00574746 0.00467312 0.00612676 0.00765558 0.00901817 0.00960601 0.0124866 0.0127215 0.480593 0.0403986 
0.00939488 0.00847117 0.00892527 0.0182627 0.00872708 0.0105528 0.00893476 0.0219338 0.00975653 0.0617647 0.0109447 0.0297074 0.0103259 0.00384869 0.00382548 0 0.00376741 0.00378414 0.00383446 0.00387531 0.00434649 0.00388864 0.00383733 0.00609173 0.00678291 0.00786134 0.0090897 0.0097378 0.320876 0.0320051 0.0461446 
0.00908659 0.00834748 0.0174488 0.00880052 0.0109863 0.00849028 0.0111543 0.0090951 0.0216684 0.0100109 0.0300358 0.00984585 0.0231949 0.00395268 0.00380157 0.00376741 0 0.00373094 0.00373742 0.00386147 0.00376177 0.00389402 0.00384604 0.0060616 0.006205 0.0071957 0.00760599 0.0814789 0.0524559 0.0800913 0.00817273 
0.00868167 0.0102029 0.00856694 0.010829 0.00862293 0.00927813 0.00918399 0.0132616 0.00963442 0.015915 0.00972597 0.0157483 0.0118305 0.00394841 0.00370781 0.00378414 0.00373094 0 0.00374749 0.00369538 0.00372147 0.003839 0.00374738 0.00495762 0.00566514 0.0116174 0.0441021 0.305842 0.0961117 0.011589 0.0076842 
0.00848353 0.00810351 0.00937763 0.00843901 0.00970245 0.0082639 0.0109213 0.00844253 0.0150441 0.00872538 0.018443 0.00863822 0.0127712 0.00392901 0.00398514 0.00383446 0.00373742 0.00374749 0 0.00369353 0.00372143 0.00372531 0.00382504 0.00415816 0.00482093 0.0236003 0.071289 0.111382 0.0100189 0.00651266 0.00746361 
0.00857599 0.00825702 0.00828703 0.013313 0.00824603 0.00973931 0.00831123 0.0134241 0.00846956 0.0239311 0.00858522 0.0151459 0.00859219 0.00381378 0.00383834 0.00387531 0.00386147 0.00369538 0.00369353 0 0.00369196 0.0036986 0.00378488 0.00414978 0.00733229 0.0491123 0.195447 0.00998423 0.006633 0.0056993 0.0101932 
0.00815526 0.00802979 0.0109896 0.00831981 0.0105246 0.0085692 0.0103618 0.00840543 0.0223792 0.0087046 0.0261871 0.00865256 0.0161054 0.00400102 0.00407989 0.00434649 0.00376177 0.00372147 0.00372143 0.00369196 0 0.00369157 0.00378095 0.00539218 0.0186018 0.792336 0.00850444 0.00686519 0.00577222 0.00590306 0.00594837 
0.00829172 0.00913847 0.00805086 0.00999668 0.00823326 0.00910666 0.00851436 0.018974 0.0084659 0.0164846 0.00865217 0.0264844 0.00882724 0.00530215 0.00574746 0.00388864 0.00389402 0.003839 0.00372531 0.0036986 0.00369157 0 0.00440951 0.0067409 0.953269 0.00649439 0.00491752 0.00521024 0.0069977 0.0056359 0.00562384 
0.00990751 0.00810745 0.0086148 0.00813126 0.00958672 0.00853337 0.0163692 0.0083932 0.0101489 0.00851749 0.0120376 0.00849345 0.0282966 0.0114808 0.00467312 0.00383733 0.00384604 0.00374738 0.00382504 0.00378488 0.00378095 0.00440951 0 0.97755 0.00743498 0.00392146 0.00387443 0.00421924 0.00416628 0.00485309 0.00590291 
0.00896204 0.00818373 0.00838246 0.0087314 0.00928694 0.0149258 0.013348 0.0120717 0.0111275 0.0132604 0.010384 0.0106454 0.0362922 0.00739087 0.00612676 0.00609173 0.0060616 0.00495762 0.00415816 0.00414978 0.00539218 0.0067409 0.97755 0 0.00388275 0.00372772 0.00375178 0.00378424 0.00378851 0.0038718 0.00891857 
0.00835108 0.00905945 0.00942887 0.0109278 0.00996912 0.0108431 0.00960062 0.0250396 0.0131813 0.0241278 0.0141818 0.0542456 0.0162669 0.00716985 0.00765558 0.00678291 0.006205 0.00566514 0.00482093 0.00733229 0.0186018 0.953269 0.00743498 0.00388275 0 0.00372256 0.00370431 0.00375089 0.0037463 0.00438124 0.00439344 
0.00865805 0.00898638 0.0169961 0.0133159 0.013131 0.0107086 0.0110053 0.0117037 0.0333344 0.0276545 0.0985521 0.0189469 0.0175068 0.00826393 0.00901817 0.00786134 0.0071957 0.0116174 0.0236003 0.0491123 0.792336 0.00649439 0.00392146 0.00372772 0.00372256 0 0.00371446 0.00373073 0.0038365 0.00372704 0.00383295 
0.00865555 0.0103348 0.0134555 0.02616 0.0113169 0.0109337 0.00972004 0.0225637 0.0186361 0.133687 0.0336597 0.0355979 0.0118327 0.0100086 0.00960601 0.0090897 0.00760599 0.0441021 0.071289 0.195447 0.00850444 0.00491752 0.00387443 0.00375178 0.00370431 0.00371446 0 0.00380788 0.00374437 0.00374379 0.00378622 
0.00855543 0.0106081 0.0195745 0.0200285 0.015241 0.00955558 0.0112515 0.0135758 0.0789675 0.0452636 0.0612425 0.0208527 0.0149054 0.00966688 0.0124866 0.0097378 0.0814789 0.305842 0.111382 0.00998423 0.00686519 0.00521024 0.00421924 0.00378424 0.00375089 0.00373073 0.00380788 0 0.00375399 0.00373236 0.00379748 
0.00917318 0.00906601 0.0123675 0.0221169 0.00952576 0.0101854 0.0101146 0.0459763 0.0177421 0.0603187 0.0232065 0.031301 0.0119294 0.0125612 0.0127215 0.320876 0.0524559 0.0961117 0.0100189 0.006633 0.00577222 0.0069977 0.00416628 0.00378851 0.0037463 0.0038365 0.00374437 0.00375399 0 0.00372154 0.00367277 
0.00893331 0.00911684 0.00993686 0.00901431 0.0110645 0.00871666 0.035948 0.0123332 0.017862 0.0106684 0.0194798 0.0129652 0.0124313 0.0113759 0.480593 0.0320051 0.0800913 0.011589 0.00651266 0.0056993 0.00590306 0.0056359 0.00485309 0.0038718 0.00438124 0.00372704 0.00374379 0.00373236 0.00372154 0 0.00370536 
0.013342 0.00905996 0.00828963 0.00951065 0.0084194 0.0109016 0.0153962 0.0138497 0.00889184 0.0121351 0.00946611 0.0104889 0.0102158 0.506549 0.0403986 0.0461446 0.00817273 0.0076842 0.00746361 0.0101932 0.00594837 0.00562384 0.00590291 0.00891857 0.00439344 0.00383295 0.00378622 0.00379748 0.00367277 0.00370536 0 
