1TSRA
SSSVPSQKTYQGSYGFRLGFLHSGTAKSVTCTYSPALNKMFCQLAKTCPVQLWVDSTPPPGTRVRAMAIYKQSQHMTEVVRRCPHHERCSDSDGLAPPQHLIRVEGNLRVEYLDDRNTFRHSVVVPYEPPEVGSDCTTIHYNYMCNSSCMGGMNRRPILTIITLEDSSGNLLGRNSFEVRVCACPGRDRRTEEENL
CCCCCCCCCECCCCCCEEECCCCCCCCCCCEEEECCCCEEEECCCCCEEEEEECCCCCCCCCEEEEEEEECCHHHCCCECCCCHHHHCCCCCCCCCCCCCCEEEECCCCCEEEECCCCCCEEEEEECCCCCCCCCCEEEEEEECCCCCCCCCCCCCCEEEEEEEECCCCCEEEEEEEEEEECCCHHHHHHHHHHCC
0 0 0 0 0 0 0 0 0 0 0 0 0 0 0 0 0 0 0 0 0 0 0 0 0 0 0 0 0 0 0 0 0 0 0 0 0 0 0 0 0 0 0 0 0 0 0 0 0 0 0 0 0 0 0 0 0 0 0 0 0 0 0 0 0 0 0 0 0 0 0 0 0 0 0 0 0 0 0 0 0 0 0 0 0 0 0 0 0 0 0 0 0 0 0 0 0 0 0 0 0 0 0 0 0 0 0 0 0 0 0 0 0 0 0 0 0 0 0 0 0 0 0 0 0 0 0 0 0 0 0 0 0 0 0 0 0 0 0 0 0 0 0 0 0 0 0 0 0 0 0 0 0 0 0 0 0 0 0 0 0 0 0 0 0 0 0 0 0 0 0 0 0 0 0 0 0 0 0 0 0 0 0 0 0 0 0 0 0 0 0 0 0 0 0 0 
0 0 0 0 0 0 0 0 0 0 0 0 0 0 0 0 0 0 0 0 0 0 0 0 0 0 0 0 0 0 0 0 0 0 0 0 0 0 0 0 0 0 0 0 0 0 0 0 0 0 0 0 0 0 0 0 0 0 0 0 0 0 0 0 0 0 0 0 0 0 0 0 0 0 0 0 0 0 0 0 0 0 0 0 0 0 0 0 0 0 0 0 0 0 0 0 0 0 0 0 0 0 0 0 0 0 0 0 0 0 0 0 0 0 0 0 0 0 0 0 0 0 0 0 0 0 0 0 0 0 0 0 0 0 0 0 0 0 0 0 0 0 0 0 0 0 0 0 0 0 0 0 0 0 0 0 0 0 0 0 0 0 0 0 0 0 0 0 0 0 0 0 0 0 0 0 0 0 0 0 0 0 0 0 0 0 0 0 0 0 0 0 0 0 0 0 
0 0.0187434 0.0182113 0.0177661 0.0158497 0.0136587 0.011164 0.0136467 0.0141686 0.0094397 0.00896474 0.0154453 0.0153049 0.00881958 0.00876222 0.00853262 0.00919051 0.0111578 0.0138098 0.00998578 0.00841371 0.00847117 0.00842999 0.00826957 0.00909168 0.0131783 0.0213899 0.00943897 0.00815284 0.00833121 0.00871313 0.00985773 0.00816725 0.00803746 0.00871173 0.0085816 0.0079807 0.00792448 0.00803394 0.0079905 0.00878898 0.00916571 0.00791357 0.00802143 0.00803572 0.00787168 0.00790749 0.00842491 0.00846192 0.00794666 0.00802715 0.00798334 0.0080145 0.00789142 0.00795366 0.00885918 0.00825636 0.00789591 0.00785837 0.00783428 0.00784913 0.0078692 0.00788181 0.00794804 0.0080929 0.00796536 0.00860917 
0.0187434 0 0.00377624 0.0045866 0.0124359 0.026391 0.0213912 0.0327133 0.0173507 0.00930334 0.0208553 0.013086 0.0124525 0.0158843 0.0135396 0.0188393 0.00972439 0.0479916 0.022197 0.00954633 0.0211239 0.0096134 0.013009 0.0111371 0.0121325 0.0151117 0.0148509 0.010208 0.0111753 0.00851502 0.0122836 0.0116473 0.0082577 0.00873357 0.00950918 0.00855632 0.00907048 0.00868022 0.010074 0.00869341 0.010775 0.0085938 0.00889449 0.00800394 0.00914532 0.00810862 0.0087627 0.00872562 0.00887936 0.00844985 0.00956641 0.00913783 0.00863136 0.00920906 0.00816215 0.00982448 0.00833701 0.00794613 0.00814232 0.00804088 0.00806709 0.00817472 0.00801907 0.00851204 0.00806713 0.0086968 0.00863956 
0.0182113 0.00377624 0 0.00376781 0.0238409 0.025903 0.0463756 0.00823095 0.0093672 0.0331182 0.0140363 0.0123295 0.0132754 0.0346364 0.0204046 0.00923422 0.0891874 0.00899614 0.00998487 0.0510903 0.00958715 0.01894 0.0125282 0.0139164 0.0273612 0.0102485 0.0120671 0.0104868 0.00894369 0.0171902 0.0083831 0.00834914 0.010831 0.00841401 0.00814183 0.0084449 0.00898698 0.0104482 0.0098493 0.0118189 0.00858713 0.00903026 0.00826045 0.00967079 0.00815293 0.00934095 0.00841122 0.00878604 0.00847671 0.0097926 0.00932547 0.00983795 0.0101954 0.00855804 0.00945257 0.0081619 0.0079927 0.00843073 0.00845698 0.00838964 0.0083752 0.00838218 0.00876212 0.00826538 0.00963323 0.00848298 0.0082915 
0.0177661 0.0045866 0.00376781 0 0.0233187 0.0447375 0.011008 0.0127097 0.0172111 0.0128588 0.016162 0.013115 0.0273301 0.0134855 0.00994898 0.0196227 0.00903263 0.0305031 0.0361527 0.0100243 0.0131689 0.0100162 0.011558 0.0119524 0.010659 0.0114686 0.0179589 0.0135974 0.0109507 0.00837984 0.00942496 0.0133863 0.00844456 0.00834692 0.00842987 0.0103358 0.0089039 0.00883405 0.009948 0.00871948 0.00934307 0.0100914 0.00853716 0.00822137 0.00917289 0.00826447 0.0083884 0.00850764 0.0101371 0.00863223 0.00964457 0.00892524 0.00880517 0.00886381 0.00827003 0.00950659 0.00865203 0.00813607 0.00817981 0.00810096 0.00810225 0.00820616 0.00819893 0.00842356 0.0082987 0.00830046 0.0083897 
0.0158497 0.0124359 0.0238409 0.0233187 0 0.00377086 0.00383037 0.0042976 0.00614912 0.0064333 0.00773767 0.95853 0.013488 0.00810421 0.0128028 0.00894812 0.0191099 0.0177588 0.0183835 0.0194832 0.0111687 0.0199281 0.013378 0.0115425 0.01238 0.0331511 0.0199176 0.0158886 0.00959997 0.0119448 0.0109487 0.00891843 0.0089959 0.00861177 0.0102788 0.00978519 0.00917087 0.0104736 0.0100539 0.00972819 0.0118972 0.00941746 0.00812107 0.00974549 0.00821001 0.00906664 0.00843139 0.0113171 0.00991326 0.00911887 0.00911333 0.00979583 0.00952966 0.00867324 0.00893505 0.00942427 0.00820543 0.0081044 0.00843742 0.00827501 0.00821402 0.00828582 0.0085228 0.00820341 0.00958896 0.00822926 0.00934041 
0.0136587 0.026391 0.025903 0.0447375 0.00377086 0 0.00382492 0.00377294 0.0071025 0.00824086 0.968756 0.0101544 0.0072701 0.0167848 0.00974675 0.0234669 0.0120348 0.0496635 0.0127789 0.0146424 0.033425 0.0120462 0.0169627 0.017842 0.0200624 0.011742 0.0104728 0.00965885 0.0191296 0.00976782 0.00917902 0.0094782 0.00857923 0.00895479 0.00841596 0.00842947 0.011091 0.010515 0.0144973 0.00987446 0.00921169 0.00816608 0.01012 0.00831718 0.0103722 0.00852186 0.00977831 0.00848678 0.00930844 0.0100518 0.013513 0.00958484 0.0107241 0.00988052 0.00864169 0.0085844 0.00808645 0.00827735 0.00844566 0.00846494 0.0083714 0.00893976 0.00843604 0.009283 0.00838704 0.00923454 0.00817671 
0.011164 0.0213912 0.0463756 0.011008 0.00383037 0.00382492 0 0.00376779 0.00678065 0.970851 0.00592139 0.00638429 0.00907902 0.0119657 0.0125182 0.0106497 0.0249482 0.0103799 0.0126295 0.0278325 0.011657 0.0189961 0.0133379 0.02074 0.016612 0.01037 0.0117815 0.0115666 0.0105793 0.0113031 0.00865129 0.0086308 0.00947007 0.00866386 0.00818656 0.00915676 0.0104952 0.0109057 0.0115668 0.0107359 0.00866797 0.0101664 0.00847108 0.0091671 0.00858008 0.0101626 0.00903133 0.00898214 0.00901537 0.0104391 0.00965375 0.0106491 0.00955927 0.00918602 0.00913068 0.0083311 0.00830584 0.00838422 0.00863315 0.00869294 0.00856472 0.00865582 0.00875685 0.00846703 0.00882305 0.00866825 0.00817252 
0.0136467 0.0327133 0.00823095 0.0127097 0.0042976 0.00377294 0.00376779 0 0.994629 0.00705317 0.00416378 0.00509565 0.00940336 0.00832807 0.00854788 0.00937665 0.00965201 0.0123212 0.0233598 0.0102445 0.0098886 0.00981496 0.0110493 0.00999101 0.0098452 0.0107726 0.0162227 0.0143653 0.00898826 0.00859572 0.00888972 0.0116619 0.00865793 0.00825332 0.00832215 0.0114364 0.00862431 0.00908552 0.00914801 0.00853103 0.00883725 0.0103315 0.0083482 0.00836095 0.00832735 0.00826223 0.0082571 0.00855868 0.0101464 0.00858373 0.00900226 0.00870656 0.00881173 0.00836185 0.00827991 0.0088134 0.00871041 0.00811566 0.00814382 0.00807762 0.00817132 0.00814494 0.00814111 0.00827283 0.0082313 0.00812969 0.00815508 
0.0141686 0.0173507 0.0093672 0.0172111 0.00614912 0.0071025 0.00678065 0.994629 0 0.003931 0.00381006 0.00402143 0.00649577 0.0101892 0.0279828 0.0261736 0.0277712 0.0156289 0.0239866 0.0111991 0.0121248 0.0162728 0.0142249 0.0109491 0.0117591 0.0227062 0.0172349 0.0145559 0.0101306 0.00945974 0.0119498 0.0108508 0.00849266 0.0086778 0.0104311 0.00919321 0.00901698 0.00934225 0.0102929 0.0090726 0.0115709 0.00939997 0.00829346 0.00843212 0.00826634 0.00830331 0.00868521 0.00981576 0.00965732 0.00875467 0.00901929 0.00900109 0.00905788 0.00870055 0.00853878 0.00954985 0.00824127 0.00796258 0.00813746 0.00817724 0.00816261 0.00837997 0.00821404 0.00862654 0.0082994 0.00829862 0.00995764 
0.0094397 0.00930334 0.0331182 0.0128588 0.0064333 0.00824086 0.970851 0.00705317 0.003931 0 0.00372173 0.00373129 0.00501464 0.0334906 0.0428609 0.0147463 0.0199897 0.00716596 0.0107726 0.0279149 0.0188804 0.0226194 0.0215689 0.0246944 0.0219598 0.012238 0.0118648 0.0114866 0.0152917 0.0184158 0.00901688 0.00862103 0.0101369 0.00963164 0.00843893 0.0087006 0.0117526 0.0193078 0.0178974 0.0129805 0.00927751 0.00853899 0.00904691 0.00997309 0.00896828 0.0100086 0.00935396 0.00945897 0.00922038 0.0119032 0.0143358 0.0119532 0.0123953 0.0100656 0.00939939 0.00854966 0.00807195 0.00835933 0.00878972 0.00877767 0.00889798 0.00886476 0.00906023 0.0088897 0.00924422 0.00882946 0.0083635 
0.00896474 0.0208553 0.0140363 0.016162 0.00773767 0.968756 0.00592139 0.00416378 0.00381006 0.00372173 0 0.00371056 0.028133 0.0375658 0.0137846 0.0113512 0.00734666 0.00881795 0.0119716 0.0175508 0.0258584 0.0154847 0.016048 0.0188893 0.0225076 0.0118597 0.0115697 0.0120184 0.0241578 0.0106777 0.0109421 0.010274 0.00980738 0.00960661 0.00842031 0.00900129 0.0166122 0.0136503 0.0197978 0.014647 0.00952296 0.00942802 0.0101968 0.00875942 0.0113505 0.00960542 0.0139599 0.00982207 0.01064 0.0118206 0.0137764 0.0140655 0.0113053 0.0128098 0.00932477 0.00881148 0.00822378 0.00877587 0.00946523 0.00904737 0.00878643 0.00934099 0.00899351 0.00967208 0.00893968 0.00973484 0.00840308 
0.0154453 0.013086 0.0123295 0.013115 0.95853 0.0101544 0.00638429 0.00509565 0.00402143 0.00373129 0.00371056 0 0.061028 0.0078412 0.0138777 0.00485294 0.00808636 0.00674539 0.0186758 0.0140569 0.00909169 0.0113498 0.0102584 0.0108259 0.0108029 0.014681 0.0201499 0.0266565 0.0100299 0.0107904 0.00963716 0.010904 0.0107507 0.00861704 0.00868022 0.0138387 0.00927523 0.0102156 0.0104117 0.00922848 0.00995007 0.0151371 0.00845912 0.00926909 0.00843616 0.00936071 0.00891401 0.0104094 0.0130078 0.0093884 0.00956292 0.009218 0.00971102 0.00852632 0.00925973 0.00876602 0.00880656 0.00845434 0.0084054 0.00873122 0.0084656 0.00841816 0.00863312 0.00836208 0.00895143 0.00820756 0.00872993 
0.0153049 0.0124525 0.0132754 0.0273301 0.013488 0.0072701 0.00907902 0.00940336 0.00649577 0.00501464 0.028133 0.061028 0 0.00375407 0.00374148 0.00373433 0.00376122 0.00419556 0.0119276 0.00975237 0.0084878 0.0137013 0.0143318 0.0295131 0.0163185 0.0259623 0.0185462 0.0177025 0.00997678 0.011257 0.0107402 0.0109273 0.00918848 0.00853522 0.0103041 0.0108234 0.00912673 0.0101861 0.00957268 0.00901998 0.0117227 0.00963272 0.0082806 0.00916835 0.00820035 0.00882326 0.00823664 0.00977119 0.0100259 0.00966837 0.0089359 0.00945958 0.00950436 0.00870016 0.00886275 0.00908128 0.00828656 0.00803385 0.00817399 0.0084757 0.00817608 0.00848722 0.00851316 0.0083868 0.00933995 0.00821681 0.0100484 
0.00881958 0.0158843 0.0346364 0.0134855 0.00810421 0.0167848 0.0119657 0.00832807 0.0101892 0.0334906 0.0375658 0.0078412 0.00375407 0 0.00371807 0.00372436 0.00371481 0.00379152 0.00890535 0.0125976 0.0137379 0.0143307 0.0556842 0.0163142 0.0297846 0.00974451 0.0104763 0.0105351 0.0302055 0.00926079 0.00979617 0.00988218 0.00888485 0.0090021 0.00828336 0.00864316 0.01617 0.0108227 0.0214545 0.0112818 0.00933917 0.00834607 0.0108563 0.00848974 0.0123861 0.00886616 0.0103607 0.00851862 0.00990923 0.00959896 0.0141443 0.0110478 0.0113988 0.01181 0.00865543 0.00849165 0.00805817 0.00820728 0.00909661 0.00849308 0.00950401 0.00877687 0.00899383 0.00964543 0.0085627 0.00960953 0.00819969 
0.00876222 0.0135396 0.0204046 0.00994898 0.0128028 0.00974675 0.0125182 0.00854788 0.0279828 0.0428609 0.0137846 0.0138777 0.00374148 0.00371807 0 0.00370342 0.00371097 0.00373657 0.00894759 0.0145169 0.0348794 0.0395473 0.0206378 0.0299612 0.0139957 0.0148465 0.0107736 0.0209019 0.0130235 0.0288033 0.00933088 0.00909583 0.015528 0.00893842 0.0087325 0.0105899 0.0137717 0.0559341 0.0445061 0.0228285 0.00939056 0.0110901 0.00905858 0.0404357 0.0101887 0.0351366 0.00920667 0.01417 0.0106903 0.022517 0.0229291 0.038563 0.036507 0.0142841 0.0145748 0.00868487 0.00875421 0.009123 0.0113012 0.0109596 0.012125 0.0105744 0.0147247 0.00984334 0.0151596 0.00903084 0.00911359 
0.00853262 0.0188393 0.00923422 0.0196227 0.00894812 0.0234669 0.0106497 0.00937665 0.0261736 0.0147463 0.0113512 0.00485294 0.00373433 0.00372436 0.00370342 0 0.00370151 0.0037381 0.014292 0.0117301 0.108112 0.0263686 0.0399792 0.0177081 0.0139881 0.0095013 0.0102824 0.0126368 0.0491291 0.00981803 0.0106875 0.0117206 0.0101621 0.00957338 0.00859434 0.00939821 0.0188185 0.0264508 0.073002 0.0163227 0.0107794 0.00874885 0.01653 0.0100555 0.036087 0.0112612 0.0151866 0.0099256 0.0106623 0.0143045 0.0388487 0.0219915 0.0199053 0.0282507 0.00937473 0.00931796 0.00831229 0.00879431 0.010665 0.0100702 0.00979165 0.0112318 0.00904194 0.0154385 0.00908122 0.0126834 0.00841668 
0.00919051 0.00972439 0.0891874 0.00903263 0.0191099 0.0120348 0.0249482 0.00965201 0.0277712 0.0199897 0.00734666 0.00808636 0.00376122 0.00371481 0.00371097 0.00370151 0 0.00371507 0.0144805 0.127039 0.0117763 0.0542446 0.0119042 0.0150599 0.0152974 0.0114211 0.0111094 0.0154262 0.0111331 0.0480127 0.00887264 0.00872411 0.0170347 0.00937035 0.00859601 0.00958214 0.0122912 0.0246076 0.0148891 0.020705 0.00932729 0.0113141 0.00855592 0.018367 0.00881307 0.0183477 0.0100904 0.0118537 0.00967139 0.0165008 0.0126158 0.0176898 0.0162753 0.0101033 0.0148734 0.00856512 0.0082248 0.00892752 0.0093943 0.00928786 0.00990897 0.00871162 0.0113509 0.00855487 0.0125675 0.0085803 0.00915607 
0.0111578 0.0479916 0.00899614 0.0305031 0.0177588 0.0496635 0.0103799 0.0123212 0.0156289 0.00716596 0.00881795 0.00674539 0.00419556 0.00379152 0.00373657 0.0037381 0.00371507 0 0.0959311 0.0123153 0.0402586 0.00875155 0.0092427 0.00908818 0.00931923 0.0117746 0.0171976 0.0169948 0.0128862 0.00876927 0.0126991 0.0245181 0.00892853 0.00870701 0.00913493 0.0147187 0.0104348 0.0100888 0.0120398 0.00963683 0.0119709 0.0121229 0.00975369 0.008424 0.0101321 0.00867508 0.00942058 0.00945309 0.0120152 0.00961842 0.0114449 0.00952088 0.00933159 0.010566 0.0085705 0.00986515 0.0108811 0.00836689 0.00851682 0.00862973 0.00830044 0.00871588 0.00830247 0.0092882 0.00828315 0.00889333 0.00856253 
0.0138098 0.022197 0.00998487 0.0361527 0.0183835 0.0127789 0.0126295 0.0233598 0.0239866 0.0107726 0.0119716 0.0186758 0.0119276 0.00890535 0.00894759 0.014292 0.0144805 0.0959311 0 0.00402382 0.00378226 0.00376502 0.003786 0.0037877 0.00444493 0.00991489 0.0231031 0.0291306 0.0170768 0.0112376 0.0304524 0.0202954 0.00961537 0.0103467 0.0165847 0.0108502 0.0121804 0.0108154 0.0141758 0.0108317 0.0346599 0.0101748 0.00982622 0.0087537 0.0095311 0.00873341 0.00990805 0.0117335 0.0123639 0.00946203 0.0110251 0.00972914 0.0104376 0.0106517 0.00909953 0.0312648 0.00883257 0.00812479 0.00828834 0.00857306 0.00827234 0.00860128 0.00822134 0.00915741 0.00847085 0.00963873 0.0180411 
0.00998578 0.00954633 0.0510903 0.0100243 0.0194832 0.0146424 0.0278325 0.0102445 0.0111991 0.0279149 0.0175508 0.0140569 0.00975237 0.0125976 0.0145169 0.0117301 0.127039 0.0123153 0.00402382 0 0.00372684 0.00382346 0.00377629 0.00388677 0.00408003 0.00435987 0.0141427 0.0332237 0.0172358 0.0455996 0.00984415 0.00956917 0.0167298 0.0123047 0.009156 0.0122488 0.017682 0.0430904 0.0248815 0.0336899 0.0108137 0.010663 0.00916059 0.0208619 0.00934016 0.0195743 0.00983577 0.0122995 0.011802 0.0212665 0.0171154 0.0248295 0.0279092 0.0121031 0.0347353 0.00889763 0.00840268 0.00888811 0.00975574 0.00993298 0.00974526 0.00915596 0.0139186 0.00897707 0.0152592 0.0089011 0.00933885 
0.00841371 0.0211239 0.00958715 0.0131689 0.0111687 0.033425 0.011657 0.0098886 0.0121248 0.0188804 0.0258584 0.00909169 0.0084878 0.0137379 0.0348794 0.108112 0.0117763 0.0402586 0.00378226 0.00372684 0 0.00372598 0.00372773 0.00374678 0.00375848 0.00377174 0.0083233 0.0192854 0.0846498 0.010051 0.0118313 0.0141738 0.010442 0.00985186 0.00959773 0.0106017 0.0257166 0.0319778 0.146309 0.0182845 0.012298 0.00921771 0.0190968 0.0102374 0.0530386 0.0132469 0.0199072 0.010578 0.0118844 0.0197747 0.062685 0.0364161 0.0312984 0.0927222 0.0106921 0.00930746 0.00852674 0.00917193 0.0126195 0.01201 0.010479 0.0160687 0.0115364 0.0235895 0.00982958 0.0140505 0.0086921 
0.00847117 0.0096134 0.01894 0.0100162 0.0199281 0.0120462 0.0189961 0.00981496 0.0162728 0.0226194 0.0154847 0.0113498 0.0137013 0.0143307 0.0395473 0.0263686 0.0542446 0.00875155 0.00376502 0.00382346 0.00372598 0 0.0037716 0.00371981 0.00369146 0.00376581 0.00907479 0.0330471 0.0227676 0.0388328 0.0101064 0.0111428 0.0166849 0.0109602 0.00908877 0.0115577 0.0198121 0.149911 0.0484096 0.0329002 0.0108724 0.0115552 0.0102413 0.0506515 0.012001 0.0576401 0.0109618 0.0164535 0.0129229 0.0298289 0.0421968 0.0599396 0.143391 0.025243 0.022394 0.0099793 0.0087781 0.0103157 0.0141641 0.0133319 0.0157444 0.0123033 0.027378 0.0114822 0.0237454 0.0096334 0.0100756 
0.00842999 0.013009 0.0125282 0.011558 0.013378 0.0169627 0.0133379 0.0110493 0.0142249 0.0215689 0.016048 0.0102584 0.0143318 0.0556842 0.0206378 0.0399792 0.0119042 0.0092427 0.003786 0.00377629 0.00372773 0.0037716 0 0.00371754 0.00374395 0.00371954 0.00784409 0.0303941 0.0473638 0.0164541 0.0126192 0.0132207 0.0105543 0.0102124 0.00967277 0.0109399 0.0533081 0.0502968 0.110027 0.0262932 0.0107715 0.00955017 0.018106 0.0138091 0.031167 0.0182552 0.0148768 0.0116926 0.0144181 0.0258665 0.058561 0.0997153 0.047441 0.0422415 0.0127581 0.00928663 0.00870848 0.00987485 0.0139707 0.0161667 0.0125539 0.0178584 0.0129437 0.0198263 0.0120028 0.0125176 0.00895405 
0.00826957 0.0111371 0.0139164 0.0119524 0.0115425 0.017842 0.02074 0.00999101 0.0109491 0.0246944 0.0188893 0.0108259 0.0295131 0.0163142 0.0299612 0.0177081 0.0150599 0.00908818 0.0037877 0.00388677 0.00374678 0.00371981 0.00371754 0 0.00370459 0.00371692 0.0085855 0.0319468 0.0602221 0.0287655 0.0101798 0.010156 0.0139124 0.0110039 0.00948902 0.0152806 0.0218031 0.071421 0.0803915 0.0248683 0.010372 0.0112364 0.0126877 0.0224084 0.0172352 0.0247047 0.0153396 0.0129936 0.0147381 0.0301736 0.109569 0.0559414 0.0513952 0.0303202 0.0136492 0.010115 0.00845772 0.00963256 0.0157944 0.0141261 0.019498 0.0137802 0.0164885 0.0136663 0.0143447 0.0108753 0.00921494 
0.00909168 0.0121325 0.0273612 0.010659 0.01238 0.0200624 0.016612 0.0098452 0.0117591 0.0219598 0.0225076 0.0108029 0.0163185 0.0297846 0.0139957 0.0139881 0.0152974 0.00931923 0.00444493 0.00408003 0.00375848 0.00369146 0.00374395 0.00370459 0 0.00377326 0.0654755 0.0273962 0.0403035 0.0342317 0.0141916 0.0113392 0.0119444 0.0142052 0.0090123 0.0137474 0.0236182 0.0214724 0.0240994 0.0266304 0.0106743 0.0105979 0.0116598 0.010721 0.0107832 0.0118794 0.0174641 0.0119365 0.0134321 0.0425859 0.0205884 0.0183855 0.016375 0.0132204 0.0150516 0.00944218 0.00876887 0.0106642 0.0109384 0.0123188 0.00960595 0.0102194 0.0114643 0.00989635 0.00949383 0.0103866 0.00893382 
0.0131783 0.0151117 0.0102485 0.0114686 0.0331511 0.011742 0.01037 0.0107726 0.0227062 0.012238 0.0118597 0.014681 0.0259623 0.00974451 0.0148465 0.0095013 0.0114211 0.0117746 0.00991489 0.00435987 0.00377174 0.00376581 0.00371954 0.00371692 0.00377326 0 0.0742806 0.0363251 0.0164475 0.0158587 0.0192681 0.0180438 0.012556 0.00933895 0.0106138 0.0232416 0.0120683 0.0115725 0.0116412 0.0103333 0.0148856 0.0217467 0.00917068 0.00962448 0.00908495 0.0105273 0.00990463 0.0156952 0.0513988 0.0119671 0.0113199 0.0111819 0.0107771 0.00961409 0.00966446 0.0106997 0.0113935 0.00908782 0.0105705 0.00909573 0.00910771 0.00884611 0.00981972 0.00920381 0.00936691 0.00858897 0.00974503 
0.0213899 0.0148509 0.0120671 0.0179589 0.0199176 0.0104728 0.0117815 0.0162227 0.0172349 0.0118648 0.0115697 0.0201499 0.0185462 0.0104763 0.0107736 0.0102824 0.0111094 0.0171976 0.0231031 0.0141427 0.0083233 0.00907479 0.00784409 0.0085855 0.0654755 0.0742806 0 0.0436968 0.0192816 0.0300267 0.0341281 0.0200235 0.0114372 0.0103282 0.016889 0.0166953 0.0116828 0.0104243 0.0119868 0.0111074 0.018425 0.0183803 0.00962559 0.0101292 0.00884977 0.00926854 0.00944301 0.0136768 0.0155438 0.0104947 0.0105807 0.0108533 0.0100245 0.00952986 0.00963185 0.0145644 0.0103374 0.00906877 0.00847285 0.0086178 0.00838823 0.00834258 0.00846703 0.00872861 0.00894856 0.00877254 0.0120659 
0.00943897 0.010208 0.0104868 0.0135974 0.0158886 0.00965885 0.0115666 0.0143653 0.0145559 0.0114866 0.0120184 0.0266565 0.0177025 0.0105351 0.0209019 0.0126368 0.0154262 0.0169948 0.0291306 0.0332237 0.0192854 0.0330471 0.0303941 0.0319468 0.0273962 0.0363251 0.0436968 0 0.00398515 0.00390797 0.00444798 0.0133982 0.0111039 0.0233948 0.0901238 0.0167502 0.0137817 0.0155991 0.0170182 0.013351 0.0511161 0.020957 0.0110812 0.0144352 0.0101409 0.0128852 0.011036 0.0368029 0.0275438 0.0183447 0.0190231 0.0198229 0.0207531 0.0127694 0.012108 0.0192461 0.0111451 0.00962923 0.00995731 0.0101344 0.00986395 0.00936464 0.0108244 0.00968373 0.0133329 0.00977008 0.0229825 
0.00815284 0.0111753 0.00894369 0.0109507 0.00959997 0.0191296 0.0105793 0.00898826 0.0101306 0.0152917 0.0241578 0.0100299 0.00997678 0.0302055 0.0130235 0.0491291 0.0111331 0.0128862 0.0170768 0.0172358 0.0846498 0.0227676 0.0473638 0.0602221 0.0403035 0.0164475 0.0192816 0.00398515 0 0.00376719 0.00385523 0.00884925 0.0310631 0.076904 0.0100739 0.0117191 0.0294523 0.016896 0.0347233 0.026335 0.0165046 0.0116314 0.0420747 0.00965881 0.0292337 0.0116305 0.0440309 0.00994699 0.0185039 0.0266928 0.0479741 0.0295465 0.0196322 0.046715 0.0106039 0.0118599 0.00929283 0.0111096 0.0123756 0.0129725 0.0100521 0.0163728 0.00966437 0.0256299 0.00939214 0.0395459 0.00917382 
0.00833121 0.00851502 0.0171902 0.00837984 0.0119448 0.00976782 0.0113031 0.00859572 0.00945974 0.0184158 0.0106777 0.0107904 0.011257 0.00926079 0.0288033 0.00981803 0.0480127 0.00876927 0.0112376 0.0455996 0.010051 0.0388328 0.0164541 0.0287655 0.0342317 0.0158587 0.0300267 0.00390797 0.00376719 0 0.00396202 0.0123613 0.12147 0.0101838 0.00623779 0.0140021 0.0117621 0.0182821 0.0159879 0.0449849 0.0121872 0.0177448 0.00882582 0.03143 0.00884811 0.0613466 0.0111459 0.0173237 0.011463 0.0302374 0.0151815 0.0239511 0.0316532 0.0101514 0.0476635 0.00887134 0.0096828 0.0107411 0.0104416 0.00992781 0.0107673 0.00906955 0.0174665 0.0087284 0.030158 0.00895406 0.0126613 
0.00871313 0.0122836 0.0083831 0.00942496 0.0109487 0.00917902 0.00865129 0.00888972 0.0119498 0.00901688 0.0109421 0.00963716 0.0107402 0.00979617 0.00933088 0.0106875 0.00887264 0.0126991 0.0304524 0.00984415 0.0118313 0.0101064 0.0126192 0.0101798 0.0141916 0.0192681 0.0341281 0.00444798 0.00385523 0.00396202 0 0.103041 0.00769401 0.00490133 0.00823745 0.0124754 0.0099877 0.00896981 0.0119897 0.0171698 0.0185339 0.0156254 0.0105951 0.00880359 0.0158561 0.00893964 0.0130678 0.0130748 0.0183606 0.00996219 0.0123369 0.0108807 0.00963072 0.011766 0.0090154 0.0138842 0.0112062 0.00899991 0.00875822 0.00902189 0.00859449 0.00903607 0.00842022 0.0106167 0.00849925 0.0107914 0.00941398 
0.00985773 0.0116473 0.00834914 0.0133863 0.00891843 0.0094782 0.0086308 0.0116619 0.0108508 0.00862103 0.010274 0.010904 0.0109273 0.00988218 0.00909583 0.0117206 0.00872411 0.0245181 0.0202954 0.00956917 0.0141738 0.0111428 0.0132207 0.010156 0.0113392 0.0180438 0.0200235 0.0133982 0.00884925 0.0123613 0.103041 0 0.00377 0.00413466 0.00511023 0.00602646 0.00923779 0.0103585 0.840697 0.0107054 0.0210174 0.012725 0.0171278 0.00849832 0.0157528 0.0090261 0.0124728 0.0121879 0.0190543 0.0104973 0.0170589 0.0110273 0.0107405 0.0170198 0.00903796 0.0225743 0.0124478 0.0087707 0.0091446 0.00916857 0.00858815 0.00956795 0.00861458 0.0116915 0.0083258 0.0122645 0.011386 
0.00816725 0.0082577 0.010831 0.00844456 0.0089959 0.00857923 0.00947007 0.00865793 0.00849266 0.0101369 0.00980738 0.0107507 0.00918848 0.00888485 0.015528 0.0101621 0.0170347 0.00892853 0.00961537 0.0167298 0.010442 0.0166849 0.0105543 0.0139124 0.0119444 0.012556 0.0114372 0.0111039 0.0310631 0.12147 0.00769401 0.00377 0 0.00435742 0.00375009 0.00720421 0.0115193 0.94163 0.0135614 0.0212272 0.0091984 0.0128553 0.00907592 0.0193416 0.00859247 0.0143321 0.00984347 0.0104315 0.01235 0.018175 0.0128139 0.0199025 0.019183 0.010772 0.0152206 0.00972954 0.00885213 0.00959675 0.00963394 0.00959564 0.00971998 0.00931768 0.0105222 0.00900698 0.0150632 0.00931183 0.010082 
0.00803746 0.00873357 0.00841401 0.00834692 0.00861177 0.00895479 0.00866386 0.00825332 0.0086778 0.00963164 0.00960661 0.00861704 0.00853522 0.0090021 0.00893842 0.00957338 0.00937035 0.00870701 0.0103467 0.0123047 0.00985186 0.0109602 0.0102124 0.0110039 0.0142052 0.00933895 0.0103282 0.0233948 0.076904 0.0101838 0.00490133 0.00413466 0.00435742 0 0.0039294 0.00779961 0.947062 0.00960844 0.0201019 0.00918589 0.00732786 0.00960006 0.0120915 0.00858327 0.00928983 0.0102083 0.0115739 0.00948383 0.0102149 0.0116511 0.0121567 0.0119113 0.0104477 0.0110998 0.0110232 0.00897179 0.00925698 0.00928536 0.00872843 0.00875507 0.00870206 0.00872932 0.00871139 0.00923406 0.00879228 0.00945166 0.00857564 
0.00871173 0.00950918 0.00814183 0.00842987 0.0102788 0.00841596 0.00818656 0.00832215 0.0104311 0.00843893 0.00842031 0.00868022 0.0103041 0.00828336 0.0087325 0.00859434 0.00859601 0.00913493 0.0165847 0.009156 0.00959773 0.00908877 0.00967277 0.00948902 0.0090123 0.0106138 0.016889 0.0901238 0.0100739 0.00623779 0.00823745 0.00511023 0.00375009 0.0039294 0 0.964173 0.00867346 0.00711573 0.00639629 0.00618589 0.0073474 0.0157797 0.00834218 0.00831029 0.00843026 0.00845363 0.0088924 0.0133069 0.0155819 0.00959097 0.0102223 0.00957887 0.0100463 0.00944823 0.00890755 0.0109312 0.0115405 0.00892564 0.00895258 0.00850705 0.00835415 0.00840655 0.00911084 0.00883333 0.00853316 0.00849385 0.00919703 
0.0085816 0.00855632 0.0084449 0.0103358 0.00978519 0.00842947 0.00915676 0.0114364 0.00919321 0.0087006 0.00900129 0.0138387 0.0108234 0.00864316 0.0105899 0.00939821 0.00958214 0.0147187 0.0108502 0.0122488 0.0106017 0.0115577 0.0109399 0.0152806 0.0137474 0.0232416 0.0166953 0.0167502 0.0117191 0.0140021 0.0124754 0.00602646 0.00720421 0.00779961 0.964173 0 0.0038044 0.00375525 0.00375738 0.00376922 0.00480524 0.0136754 0.00856271 0.0103863 0.00885672 0.014547 0.022393 0.051668 0.0223684 0.0159248 0.0139602 0.0138401 0.013607 0.0117757 0.0127011 0.0171362 0.0108984 0.00916593 0.00943859 0.00988739 0.00931084 0.00952339 0.0115666 0.00951953 0.0113353 0.013146 0.023544 
0.0079807 0.00907048 0.00898698 0.0089039 0.00917087 0.011091 0.0104952 0.00862431 0.00901698 0.0117526 0.0166122 0.00927523 0.00912673 0.01617 0.0137717 0.0188185 0.0122912 0.0104348 0.0121804 0.017682 0.0257166 0.0198121 0.0533081 0.0218031 0.0236182 0.0120683 0.0116828 0.0137817 0.0294523 0.0117621 0.0099877 0.00923779 0.0115193 0.947062 0.00867346 0.0038044 0 0.00376094 0.00377624 0.0037832 0.00377677 0.00978483 0.0152388 0.0111593 0.0181306 0.0142762 0.0370763 0.0115145 0.0255811 0.0438107 0.0339004 0.0439493 0.0275467 0.0320504 0.0155737 0.0118913 0.010332 0.0125655 0.0141887 0.015912 0.0132455 0.0193467 0.0130215 0.0231734 0.0115412 0.0272691 0.0101194 
0.00792448 0.00868022 0.0104482 0.00883405 0.0104736 0.010515 0.0109057 0.00908552 0.00934225 0.0193078 0.0136503 0.0102156 0.0101861 0.0108227 0.0559341 0.0264508 0.0246076 0.0100888 0.0108154 0.0430904 0.0319778 0.149911 0.0502968 0.071421 0.0214724 0.0115725 0.0104243 0.0155991 0.016896 0.0182821 0.00896981 0.0103585 0.94163 0.00960844 0.00711573 0.00375525 0.00376094 0 0.00372577 0.00374718 0.0037326 0.0110981 0.00976455 0.0244775 0.0155689 0.0505059 0.0118434 0.0120724 0.0198127 0.0589468 0.0597059 0.0921533 0.121437 0.0375545 0.0314418 0.0112151 0.0116246 0.0137347 0.027526 0.029761 0.0353916 0.020848 0.0614432 0.019079 0.0832886 0.0135769 0.0128958 
0.00803394 0.010074 0.0098493 0.009948 0.0100539 0.0144973 0.0115668 0.00914801 0.0102929 0.0178974 0.0197978 0.0104117 0.00957268 0.0214545 0.0445061 0.073002 0.0148891 0.0120398 0.0141758 0.0248815 0.146309 0.0484096 0.110027 0.0803915 0.0240994 0.0116412 0.0119868 0.0170182 0.0347233 0.0159879 0.0119897 0.840697 0.0135614 0.0201019 0.00639629 0.00375738 0.00377624 0.00372577 0 0.00372768 0.00373933 0.00947466 0.0217959 0.0252905 0.0453389 0.0245892 0.0134864 0.0128433 0.0225722 0.0423296 0.132182 0.085507 0.0889835 0.121455 0.0199101 0.0143492 0.0115132 0.0174635 0.0389527 0.0405912 0.0296132 0.0588605 0.0269513 0.087869 0.0271637 0.0329323 0.0124477 
0.0079905 0.00869341 0.0118189 0.00871948 0.00972819 0.00987446 0.0107359 0.00853103 0.0090726 0.0129805 0.014647 0.00922848 0.00901998 0.0112818 0.0228285 0.0163227 0.020705 0.00963683 0.0108317 0.0336899 0.0182845 0.0329002 0.0262932 0.0248683 0.0266304 0.0103333 0.0111074 0.013351 0.026335 0.0449849 0.0171698 0.0107054 0.0212272 0.00918589 0.00618589 0.00376922 0.0037832 0.00374718 0.00372768 0 0.00375156 0.0139126 0.034187 0.0327018 0.0106208 0.0129923 0.029254 0.014725 0.0122545 0.037935 0.0298834 0.0516276 0.0320872 0.0235494 0.0609232 0.0115131 0.010402 0.0150922 0.0173478 0.0162093 0.0181551 0.0127732 0.0539392 0.0150051 0.0183802 0.0204791 0.0119086 
0.00878898 0.010775 0.00858713 0.00934307 0.0118972 0.00921169 0.00866797 0.00883725 0.0115709 0.00927751 0.00952296 0.00995007 0.0117227 0.00933917 0.00939056 0.0107794 0.00932729 0.0119709 0.0346599 0.0108137 0.012298 0.0108724 0.0107715 0.010372 0.0106743 0.0148856 0.018425 0.0511161 0.0165046 0.0121872 0.0185339 0.0210174 0.0091984 0.00732786 0.0073474 0.00480524 0.00377677 0.0037326 0.00373933 0.00375156 0 0.0392201 0.020456 0.0079972 0.00948134 0.00956483 0.00975686 0.0293875 0.0240159 0.0127414 0.0127159 0.0124095 0.0124382 0.0133562 0.0119441 0.0259405 0.0161219 0.0110002 0.0110085 0.013682 0.0095017 0.012288 0.00975685 0.0115194 0.00982281 0.0117901 0.0150986 
0.00916571 0.0085938 0.00903026 0.0100914 0.00941746 0.00816608 0.0101664 0.0103315 0.00939997 0.00853899 0.00942802 0.0151371 0.00963272 0.00834607 0.0110901 0.00874885 0.0113141 0.0121229 0.0101748 0.010663 0.00921771 0.0115552 0.00955017 0.0112364 0.0105979 0.0217467 0.0183803 0.020957 0.0116314 0.0177448 0.0156254 0.012725 0.0128553 0.00960006 0.0157797 0.0136754 0.00978483 0.0110981 0.00947466 0.0139126 0.0392201 0 0.00378021 0.00377962 0.00377799 0.00381653 0.00379773 0.0046394 0.0278876 0.0144898 0.0124328 0.0139966 0.0127452 0.0140262 0.0173302 0.0240425 0.0158324 0.00958705 0.0099327 0.00990349 0.00981377 0.0091456 0.0106094 0.00995871 0.0165165 0.00963006 0.04477 
0.00791357 0.00889449 0.00826045 0.00853716 0.00812107 0.01012 0.00847108 0.0083482 0.00829346 0.00904691 0.0101968 0.00845912 0.0082806 0.0108563 0.00905858 0.01653 0.00855592 0.00975369 0.00982622 0.00916059 0.0190968 0.0102413 0.018106 0.0126877 0.0116598 0.00917068 0.00962559 0.0110812 0.0420747 0.00882582 0.0105951 0.0171278 0.00907592 0.0120915 0.00834218 0.00856271 0.0152388 0.00976455 0.0217959 0.034187 0.020456 0.00378021 0 0.00374357 0.00381619 0.00366048 0.00478345 0.00377099 0.0176981 0.0270066 0.0233751 0.0161344 0.0139984 0.036366 0.00957619 0.015364 0.00994364 0.0102587 0.0100707 0.0113444 0.00910312 0.0148918 0.0090098 0.0441434 0.00866404 0.0450098 0.00879132 
0.00802143 0.00800394 0.00967079 0.00822137 0.00974549 0.00831718 0.0091671 0.00836095 0.00843212 0.00997309 0.00875942 0.00926909 0.00916835 0.00848974 0.0404357 0.0100555 0.018367 0.008424 0.0087537 0.0208619 0.0102374 0.0506515 0.0138091 0.0224084 0.010721 0.00962448 0.0101292 0.0144352 0.00965881 0.03143 0.00880359 0.00849832 0.0193416 0.00858327 0.00831029 0.0103863 0.0111593 0.0244775 0.0252905 0.0327018 0.0079972 0.00377962 0.00374357 0 0.00372434 0.0038352 0.00370943 0.0039768 0.0158794 0.0218242 0.01881 0.0322131 0.0508009 0.0110864 0.0266665 0.00889235 0.00949136 0.0101397 0.013075 0.0103086 0.015088 0.00962301 0.0628156 0.00898276 0.111339 0.00886521 0.014972 
0.00803572 0.00914532 0.00815293 0.00917289 0.00821001 0.0103722 0.00858008 0.00832735 0.00826634 0.00896828 0.0113505 0.00843616 0.00820035 0.0123861 0.0101887 0.036087 0.00881307 0.0101321 0.0095311 0.00934016 0.0530386 0.012001 0.031167 0.0172352 0.0107832 0.00908495 0.00884977 0.0101409 0.0292337 0.00884811 0.0158561 0.0157528 0.00859247 0.00928983 0.00843026 0.00885672 0.0181306 0.0155689 0.0453389 0.0106208 0.00948134 0.00377799 0.00381619 0.00372434 0 0.00370494 0.00372552 0.00371227 0.0108066 0.0135384 0.0467706 0.0287305 0.0138103 0.0518345 0.00891146 0.0132343 0.00941002 0.00959633 0.0111594 0.0174565 0.00981244 0.0330485 0.00904506 0.105479 0.00866721 0.0317407 0.00882671 
0.00787168 0.00810862 0.00934095 0.00826447 0.00906664 0.00852186 0.0101626 0.00826223 0.00830331 0.0100086 0.00960542 0.00936071 0.00882326 0.00886616 0.0351366 0.0112612 0.0183477 0.00867508 0.00873341 0.0195743 0.0132469 0.0576401 0.0182552 0.0247047 0.0118794 0.0105273 0.00926854 0.0128852 0.0116305 0.0613466 0.00893964 0.0090261 0.0143321 0.0102083 0.00845363 0.014547 0.0142762 0.0505059 0.0245892 0.0129923 0.00956483 0.00381653 0.00366048 0.0038352 0.00370494 0 0.0036898 0.0037064 0.0199288 0.0371376 0.0404534 0.0431345 0.0529192 0.012959 0.0264242 0.00949757 0.00995568 0.0105864 0.0179127 0.0138685 0.0284761 0.0104318 0.0862968 0.00970353 0.0652072 0.0104933 0.0158459 
0.00790749 0.0087627 0.00841122 0.0083884 0.00843139 0.00977831 0.00903133 0.0082571 0.00868521 0.00935396 0.0139599 0.00891401 0.00823664 0.0103607 0.00920667 0.0151866 0.0100904 0.00942058 0.00990805 0.00983577 0.0199072 0.0109618 0.0148768 0.0153396 0.0174641 0.00990463 0.00944301 0.011036 0.0440309 0.0111459 0.0130678 0.0124728 0.00984347 0.0115739 0.0088924 0.022393 0.0370763 0.0118434 0.0134864 0.029254 0.00975686 0.00379773 0.00478345 0.00370943 0.00372552 0.0036898 0 0.00375432 0.0146871 0.0493904 0.0326798 0.0198792 0.0147128 0.0252119 0.0200786 0.0170862 0.00954995 0.0148919 0.0123815 0.0201029 0.0100533 0.0466186 0.00954254 0.0281545 0.00918878 0.0866748 0.0122798 
0.00842491 0.00872562 0.00878604 0.00850764 0.0113171 0.00848678 0.00898214 0.00855868 0.00981576 0.00945897 0.00982207 0.0104094 0.00977119 0.00851862 0.01417 0.0099256 0.0118537 0.00945309 0.0117335 0.0122995 0.010578 0.0164535 0.0116926 0.0129936 0.0119365 0.0156952 0.0136768 0.0368029 0.00994699 0.0173237 0.0130748 0.0121879 0.0104315 0.00948383 0.0133069 0.051668 0.0115145 0.0120724 0.0128433 0.014725 0.0293875 0.0046394 0.00377099 0.0039768 0.00371227 0.0037064 0.00375432 0 0.0436288 0.027133 0.0238309 0.0169086 0.0165718 0.0128939 0.0343184 0.0410185 0.013512 0.010861 0.0150525 0.0138498 0.0363111 0.00991981 0.0224298 0.00943755 0.0147212 0.0179306 0.0477948 
0.00846192 0.00887936 0.00847671 0.0101371 0.00991326 0.00930844 0.00901537 0.0101464 0.00965732 0.00922038 0.01064 0.0130078 0.0100259 0.00990923 0.0106903 0.0106623 0.00967139 0.0120152 0.0123639 0.011802 0.0118844 0.0129229 0.0144181 0.0147381 0.0134321 0.0513988 0.0155438 0.0275438 0.0185039 0.011463 0.0183606 0.0190543 0.01235 0.0102149 0.0155819 0.0223684 0.0255811 0.0198127 0.0225722 0.0122545 0.0240159 0.0278876 0.0176981 0.0158794 0.0108066 0.0199288 0.0146871 0.0436288 0 0.00380245 0.00377394 0.003783 0.00378051 0.00387203 0.00401509 0.00674734 0.0104479 0.00821976 0.0090653 0.012984 0.0113361 0.0100211 0.0108508 0.0303722 0.534636 0.0227146 0.0381124 
0.00794666 0.00844985 0.0097926 0.00863223 0.00911887 0.0100518 0.0104391 0.00858373 0.00875467 0.0119032 0.0118206 0.0093884 0.00966837 0.00959896 0.022517 0.0143045 0.0165008 0.00961842 0.00946203 0.0212665 0.0197747 0.0298289 0.0258665 0.0301736 0.0425859 0.0119671 0.0104947 0.0183447 0.0266928 0.0302374 0.00996219 0.0104973 0.018175 0.0116511 0.00959097 0.0159248 0.0438107 0.0589468 0.0423296 0.037935 0.0127414 0.0144898 0.0270066 0.0218242 0.0135384 0.0371376 0.0493904 0.027133 0.00380245 0 0.00381433 0.00369214 0.00382206 0.00424025 0.00716877 0.00410292 0.00988012 0.0111592 0.011363 0.0128594 0.0111194 0.0164547 0.0447559 0.706399 0.0395191 0.0214367 0.0173763 
0.00802715 0.00956641 0.00932547 0.00964457 0.00911333 0.013513 0.00965375 0.00900226 0.00901929 0.0143358 0.0137764 0.00956292 0.0089359 0.0141443 0.0229291 0.0388487 0.0126158 0.0114449 0.0110251 0.0171154 0.062685 0.0421968 0.058561 0.109569 0.0205884 0.0113199 0.0105807 0.0190231 0.0479741 0.0151815 0.0123369 0.0170589 0.0128139 0.0121567 0.0102223 0.0139602 0.0339004 0.0597059 0.132182 0.0298834 0.0127159 0.0124328 0.0233751 0.01881 0.0467706 0.0404534 0.0326798 0.0238309 0.00377394 0.00381433 0 0.00375158 0.00376191 0.00385192 0.0037825 0.00402698 0.0122437 0.00975359 0.0156556 0.0137343 0.0157674 0.0451252 0.818315 0.041844 0.015918 0.0297925 0.0176543 
0.00798334 0.00913783 0.00983795 0.00892524 0.00979583 0.00958484 0.0106491 0.00870656 0.00900109 0.0119532 0.0140655 0.009218 0.00945958 0.0110478 0.038563 0.0219915 0.0176898 0.00952088 0.00972914 0.0248295 0.0364161 0.0599396 0.0997153 0.0559414 0.0183855 0.0111819 0.0108533 0.0198229 0.0295465 0.0239511 0.0108807 0.0110273 0.0199025 0.0119113 0.00957887 0.0138401 0.0439493 0.0921533 0.085507 0.0516276 0.0124095 0.0139966 0.0161344 0.0322131 0.0287305 0.0431345 0.0198792 0.0169086 0.003783 0.00369214 0.00375158 0 0.00377661 0.00375739 0.00374211 0.00383264 0.0078122 0.0115697 0.0113494 0.0275361 0.0320079 0.89917 0.024774 0.0185571 0.024051 0.0229173 0.0137383 
0.0080145 0.00863136 0.0101954 0.00880517 0.00952966 0.0107241 0.00955927 0.00881173 0.00905788 0.0123953 0.0113053 0.00971102 0.00950436 0.0113988 0.036507 0.0199053 0.0162753 0.00933159 0.0104376 0.0279092 0.0312984 0.143391 0.047441 0.0513952 0.016375 0.0107771 0.0100245 0.0207531 0.0196322 0.0316532 0.00963072 0.0107405 0.019183 0.0104477 0.0100463 0.013607 0.0275467 0.121437 0.0889835 0.0320872 0.0124382 0.0127452 0.0139984 0.0508009 0.0138103 0.0529192 0.0147128 0.0165718 0.00378051 0.00382206 0.00376191 0.00377661 0 0.00377277 0.0037847 0.00380333 0.00910153 0.00847145 0.0254719 0.028175 0.916078 0.0111341 0.0211335 0.0128979 0.0340086 0.0106777 0.0177993 
0.00789142 0.00920906 0.00855804 0.00886381 0.00867324 0.00988052 0.00918602 0.00836185 0.00870055 0.0100656 0.0128098 0.00852632 0.00870016 0.01181 0.0142841 0.0282507 0.0101033 0.010566 0.0106517 0.0121031 0.0927222 0.025243 0.0422415 0.0303202 0.0132204 0.00961409 0.00952986 0.0127694 0.046715 0.0101514 0.011766 0.0170198 0.010772 0.0110998 0.00944823 0.0117757 0.0320504 0.0375545 0.121455 0.0235494 0.0133562 0.0140262 0.036366 0.0110864 0.0518345 0.012959 0.0252119 0.0128939 0.00387203 0.00424025 0.00385192 0.00375739 0.00377277 0 0.00374615 0.00377496 0.00799101 0.0193652 0.0299103 0.925485 0.0106644 0.022348 0.00978504 0.0316584 0.00889574 0.0364261 0.0108604 
0.00795366 0.00816215 0.00945257 0.00827003 0.00893505 0.00864169 0.00913068 0.00827991 0.00853878 0.00939939 0.00932477 0.00925973 0.00886275 0.00865543 0.0145748 0.00937473 0.0148734 0.0085705 0.00909953 0.0347353 0.0106921 0.022394 0.0127581 0.0136492 0.0150516 0.00966446 0.00963185 0.012108 0.0106039 0.0476635 0.0090154 0.00903796 0.0152206 0.0110232 0.00890755 0.0127011 0.0155737 0.0314418 0.0199101 0.0609232 0.0119441 0.0173302 0.00957619 0.0266665 0.00891146 0.0264242 0.0200786 0.0343184 0.00401509 0.00716877 0.0037825 0.00374211 0.0037847 0.00374615 0 0.00381976 0.0156408 0.076966 0.763023 0.00926906 0.0218198 0.00752078 0.0188775 0.00769552 0.0257204 0.0105803 0.0203744 
0.00885918 0.00982448 0.0081619 0.00950659 0.00942427 0.0085844 0.0083311 0.0088134 0.00954985 0.00854966 0.00881148 0.00876602 0.00908128 0.00849165 0.00868487 0.00931796 0.00856512 0.00986515 0.0312648 0.00889763 0.00930746 0.0099793 0.00928663 0.010115 0.00944218 0.0106997 0.0145644 0.0192461 0.0118599 0.00887134 0.0138842 0.0225743 0.00972954 0.00897179 0.0109312 0.0171362 0.0118913 0.0112151 0.0143492 0.0115131 0.0259405 0.0240425 0.015364 0.00889235 0.0132343 0.00949757 0.0170862 0.0410185 0.00674734 0.00410292 0.00402698 0.00383264 0.00380333 0.00377496 0.00381976 0 0.82315 0.0967455 0.00656462 0.0210172 0.00903116 0.0080074 0.00702693 0.0126358 0.007422 0.0122928 0.0144412 
