1UBHS
LMGPRRPSVVYLHNAECTGCSESVLRAFEPYIDTLILDTLSLDYHETIMAAAGDAAEAALEQAVNSPHGFIAVVEGGIPTAANGIYGKVANHTMLDICSRILPKAQAVIAYGTCATFGGVQAAKPNPTGAKGVNDALKHLGVKAINIAGCPPNPYNLVGTIVYYLKNKAAPELDSLNRPTMFFGQTVHEQCPRLPHFDAGEFAPSFESEEARKGWCLYELGCKGPVTMNNCPKIKFNQTNWPVDAGHPCIGCSEPDFWDAMTPFYQN
CCCCCCCEEEEEECECCCHHHHHHHCCCCCCHHHHHHCCCEEEECCCCCCCCHHHHHHHHHHHHCCCCCEEEEEECEEECHHHHCCEEECCEEHHHHHHHHHHHCCEEEEECHHHHHCCHHHCCCCCCCEECHHHHHHHHCCCCEEECCCCCCHHHHHHHHHHHHHHCCCCCECCCCCEHHHHCCECHHHCCCHHHHHCCCECCCCCCHHHHCCCECHHHCCCHHHCECCHHHHCECCCECCHHHCCCCCCCCCCCHHHHCCCCCCC
0 0 0 0 0 0 0 0 0 0 0 0 0 0 0 0 0 0 0 0 0 0 0 0 0 0 0 0 0 0 0 0 0 0 0 0 0 0 0 0 0 0 0 0 0 0 0 0 0 0 0 0 0 0 0 0 0 0 0 0 0 0 0 0 0 0 0 0 0 0 0 0 0 0 0 0 0 0 0 0 0 0 0 0 0 0 0 0 0 0 0 0 0 0 0 0 0 0 0 0 0 0 0 0 0 0 0 0 0 0 0 0 0 0 0 0 0 0 0 0 0 0 0 0 0 0 0 0 0 0 0 0 0 0 0 0 0 0 0 0 0 0 0 0 0 0 0 0 0 0 0 0 0 0 0 0 0 0 0 0 0 0 0 0 0 0 0 0 0 0 0 0 0 0 0 0 0 0 0 0 0 0 0 0 0 0 0 0 0 0 0 0 0 0 0 0 0 0 0 0 0 0 0 0 0 0 0 0 0 0 0 0 0 0 0 0 0 0 0 0 0 0 0 0 0 0 0 0 0 0 0 0 0 0 0 0 0 0 0 0 0 0 0 0 0 0 0 0 0 0 0 0 0 0 0 0 0 0 0 0 0 0 0 0 0 0 0 
0 0 0 0 0 0 0 0 0 0 0 0 0 0 0 0 0 0 0 0 0 0 0 0 0 0 0 0 0 0 0 0 0 0 0 0 0 0 0 0 0 0 0 0 0 0 0 0 0 0 0 0 0 0 0 0 0 0 0 0 0 0 0 0 0 0 0 0 0 0 0 0 0 0 0 0 0 0 0 0 0 0 0 0 0 0 0 0 0 0 0 0 0 0 0 0 0 0 0 0 0 0 0 0 0 0 0 0 0 0 0 0 0 0 0 0 0 0 0 0 0 0 0 0 0 0 0 0 0 0 0 0 0 0 0 0 0 0 0 0 0 0 0 0 0 0 0 0 0 0 0 0 0 0 0 0 0 0 0 0 0 0 0 0 0 0 0 0 0 0 0 0 0 0 0 0 0 0 0 0 0 0 0 0 0 0 0 0 0 0 0 0 0 0 0 0 0 0 0 0 0 0 0 0 0 0 0 0 0 0 0 0 0 0 0 0 0 0 0 0 0 0 0 0 0 0 0 0 0 0 0 0 0 0 0 0 0 0 0 0 0 0 0 0 0 0 0 0 0 0 0 0 0 0 0 0 0 0 0 0 0 0 0 0 0 0 0 
0 0.00379043 0.0037675 0.00378291 0.00382643 0.00428151 0.00643929 0.332735 0.0164941 0.0118767 0.01741 0.0364034 0.0159885 0.0153082 0.012433 0.0104526 0.0125167 0.0100676 0.00879786 0.0154294 0.0123315 0.00918184 0.0124198 0.00883602 0.0101317 0.0140538 0.00975293 0.0107854 0.00924058 0.011869 0.00826909 0.0086075 0.0089365 0.00874896 0.00925923 0.00845133 0.00821478 0.00883219 0.00844104 0.00848256 0.00818262 0.00836048 0.0083516 
0.00379043 0 0.00374989 0.00375629 0.00380954 0.00374914 0.00447505 0.0601657 0.284988 0.0210347 0.0119765 0.013695 0.112754 0.0376718 0.0493612 0.0304677 0.011966 0.0107426 0.0109229 0.00989547 0.0121629 0.0152377 0.00961914 0.00845299 0.00899475 0.0159693 0.0219557 0.0174415 0.0202334 0.00926025 0.0082455 0.00818408 0.00901611 0.0095606 0.00860055 0.00800767 0.00799416 0.00809939 0.00802489 0.00808747 0.00799236 0.00801855 0.00806968 
0.0037675 0.00374989 0 0.00380616 0.00373556 0.00372477 0.00382176 0.0465913 0.0819195 0.0817114 0.0151093 0.015303 0.0339159 0.213598 0.126955 0.0555807 0.0195466 0.015201 0.00984082 0.0101967 0.0132487 0.0122449 0.0103726 0.00829473 0.00884227 0.0126492 0.0278907 0.0691907 0.0324057 0.0112836 0.00839042 0.00825247 0.00932076 0.00976973 0.00920792 0.00793588 0.00817975 0.00810714 0.00796227 0.00810472 0.0080202 0.00807361 0.00806848 
0.00378291 0.00375629 0.00380616 0 0.00371151 0.0037076 0.00375114 0.0936109 0.0582366 0.088814 0.0255285 0.0120085 0.0494149 0.117525 0.292993 0.0339131 0.0309561 0.0155119 0.00986923 0.0107064 0.0129197 0.01483 0.0112934 0.00833281 0.00900493 0.0113182 0.0330903 0.0609533 0.040282 0.0116682 0.00829838 0.00846267 0.00965489 0.0110415 0.00915056 0.00793833 0.00802707 0.00816426 0.00800956 0.00812346 0.00801863 0.00802667 0.00812046 
0.00382643 0.00380954 0.00373556 0.00371151 0 0.00371656 0.00375996 0.0163388 0.116587 0.0778468 0.03152 0.0120013 0.0381849 0.0403953 0.0345357 0.144261 0.0147741 0.0111271 0.0143797 0.00987604 0.0112534 0.0181506 0.0108647 0.00854534 0.00922862 0.0112469 0.0147574 0.0209719 0.027885 0.0115154 0.00884635 0.00829712 0.0091374 0.00977061 0.00937346 0.00794235 0.00830909 0.00809276 0.00799902 0.00801213 0.00801786 0.00808219 0.00801513 
0.00428151 0.00374914 0.00372477 0.0037076 0.00371656 0 0.00657162 0.0420701 0.0164373 0.0643164 0.0297967 0.0183462 0.0146821 0.0196281 0.025296 0.0151818 0.0386373 0.0129402 0.00875817 0.012848 0.0124142 0.00901813 0.015249 0.00830143 0.00882855 0.0110444 0.0102458 0.0146525 0.0132535 0.017062 0.0082544 0.00832801 0.00971759 0.00856335 0.00968553 0.00806067 0.00793144 0.00825828 0.00812426 0.00805922 0.00818701 0.00807697 0.00805911 
0.00643929 0.00447505 0.00382176 0.00375114 0.00375996 0.00657162 0 0.0189378 0.0137914 0.0201905 0.0957846 0.0135604 0.010183 0.0100493 0.00916341 0.0120272 0.0109718 0.0108766 0.00890575 0.013591 0.0116466 0.00930896 0.0116571 0.00893257 0.0105144 0.0100043 0.00867693 0.00872489 0.00967099 0.0132798 0.00880054 0.00893328 0.00882648 0.00821202 0.00895937 0.00898788 0.0082565 0.0096047 0.00910388 0.00897515 0.00883617 0.00909285 0.00847687 
0.332735 0.0601657 0.0465913 0.0936109 0.0163388 0.0420701 0.0189378 0 0.00384032 0.00377067 0.00398787 0.198164 0.0294415 0.0233763 0.0184129 0.0115674 0.0203242 0.0138948 0.00929485 0.0270417 0.0179391 0.0114944 0.0240692 0.0106935 0.0128172 0.0195972 0.0167343 0.0119743 0.0129585 0.017265 0.00888187 0.0111009 0.010728 0.0100986 0.00984037 0.00918729 0.00860338 0.0107625 0.00969913 0.00926841 0.00858903 0.00862463 0.00859091 
0.0164941 0.284988 0.0819195 0.0582366 0.116587 0.0164373 0.0137914 0.00384032 0 0.00371075 0.00370536 0.0611856 0.156241 0.0705896 0.0527717 0.0577703 0.0111282 0.0102115 0.0222516 0.0109707 0.0143836 0.0201481 0.0128841 0.00907 0.010337 0.0152161 0.0243419 0.0443282 0.0229265 0.0111575 0.00884538 0.00843241 0.0102056 0.00976243 0.00951391 0.00796523 0.00833604 0.0080468 0.00794482 0.00801636 0.00805291 0.00806607 0.00796868 
0.0118767 0.0210347 0.0817114 0.088814 0.0778468 0.0643164 0.0201905 0.00377067 0.00371075 0 0.00371846 0.0182705 0.0400697 0.0803294 0.10266 0.0636192 0.0573021 0.0129982 0.0240772 0.01134 0.0123012 0.033542 0.0148715 0.00896133 0.00941604 0.00989904 0.0210438 0.0230528 0.0580221 0.0160646 0.00832311 0.00887036 0.00854332 0.014227 0.00962548 0.00793569 0.00800945 0.00821125 0.008107 0.00801614 0.00795988 0.00794115 0.00788799 
0.01741 0.0119765 0.0151093 0.0255285 0.03152 0.0297967 0.0957846 0.00398787 0.00370536 0.00371846 0 0.0255701 0.0269776 0.026027 0.0355588 0.0928277 0.0676884 0.0145507 0.0114595 0.0221417 0.0217916 0.0120328 0.0217132 0.0107835 0.0105256 0.0175468 0.0100432 0.0129763 0.0150257 0.0259104 0.0113667 0.00886621 0.0124706 0.00895833 0.0113506 0.00854427 0.00824358 0.00894319 0.00848108 0.00840038 0.00833455 0.00838286 0.00813394 
0.0364034 0.013695 0.015303 0.0120085 0.0120013 0.0183462 0.0135604 0.198164 0.0611856 0.0182705 0.0255701 0 0.00462711 0.00380566 0.00380374 0.00393569 0.00440352 0.00428014 0.00525845 0.0187117 0.0182295 0.0132829 0.0286719 0.0101009 0.0206246 0.0345898 0.0238438 0.0136161 0.0158504 0.0276183 0.00974031 0.0168398 0.0136905 0.0109577 0.0138087 0.0096171 0.00917105 0.010291 0.00912503 0.00902209 0.00847725 0.00873267 0.00845263 
0.0159885 0.112754 0.0339159 0.0494149 0.0381849 0.0146821 0.010183 0.0294415 0.156241 0.0400697 0.0269776 0.00462711 0 0.00380563 0.00379769 0.00418635 0.00378751 0.00422563 0.0124019 0.00869934 0.0178895 0.031692 0.0129189 0.0110361 0.00915175 0.155848 0.0641809 0.0447923 0.0400661 0.0154207 0.0106893 0.00966033 0.0182518 0.0156702 0.0119528 0.00836977 0.00870361 0.00832292 0.0080438 0.00810345 0.00802932 0.00811122 0.00799455 
0.0153082 0.0376718 0.213598 0.117525 0.0403953 0.0196281 0.0100493 0.0233763 0.0705896 0.0803294 0.026027 0.00380566 0.00380563 0 0.00374363 0.00374871 0.00376029 0.00424858 0.00572552 0.00498815 0.015761 0.0158023 0.0124147 0.00829935 0.0083069 0.0229302 0.189876 0.108981 0.0586667 0.0157197 0.009172 0.0093961 0.0183933 0.0213841 0.0119695 0.00827776 0.00818691 0.0083842 0.00811956 0.00819138 0.00826291 0.00818476 0.0080292 
0.012433 0.0493612 0.126955 0.292993 0.0345357 0.025296 0.00916341 0.0184129 0.0527717 0.10266 0.0355588 0.00380374 0.00379769 0.00374363 0 0.00373902 0.0037201 0.00376267 0.00424948 0.00624483 0.0158047 0.012714 0.0128404 0.00843005 0.00803891 0.0236381 0.0559114 0.270909 0.0699486 0.0195047 0.00915332 0.00939415 0.0149266 0.0265432 0.0143155 0.00818344 0.0081744 0.00841634 0.00813566 0.00812656 0.00810162 0.00801069 0.00809311 
0.0104526 0.0304677 0.0555807 0.0339131 0.144261 0.0151818 0.0120272 0.0115674 0.0577703 0.0636192 0.0928277 0.00393569 0.00418635 0.00374871 0.00373902 0 0.00375311 0.00378419 0.0272574 0.0104711 0.0114466 0.0284764 0.0143937 0.00817412 0.00973667 0.0194223 0.0316343 0.0427357 0.260734 0.0263726 0.0113016 0.00957696 0.0123916 0.0253869 0.0163442 0.00822977 0.00828975 0.00835276 0.00808371 0.00818488 0.00819153 0.00811012 0.00807364 
0.0125167 0.011966 0.0195466 0.0309561 0.0147741 0.0386373 0.0109718 0.0203242 0.0111282 0.0573021 0.0676884 0.00440352 0.00378751 0.00376029 0.0037201 0.00375311 0 0.00597461 0.00377628 0.00395617 0.0107167 0.00878452 0.0134164 0.00767681 0.00687013 0.0188001 0.0135397 0.0219453 0.0276647 0.05179 0.00990186 0.0105949 0.0135715 0.0116681 0.0143646 0.00869341 0.00846016 0.00900953 0.00869345 0.00837147 0.00831676 0.00809441 0.00810524 
0.0100676 0.0107426 0.015201 0.0155119 0.0111271 0.0129402 0.0108766 0.0138948 0.0102115 0.0129982 0.0145507 0.00428014 0.00422563 0.00424858 0.00376267 0.00378419 0.00597461 0 0.00486221 0.00376177 0.0115582 0.011462 0.112631 0.00612241 0.00843651 0.0150033 0.013972 0.018157 0.0144536 0.0215447 0.00878546 0.0117669 0.0112333 0.0103513 0.0118997 0.00838807 0.00831287 0.00893589 0.00832087 0.00826444 0.00801877 0.00804213 0.00811742 
0.00879786 0.0109229 0.00984082 0.00986923 0.0143797 0.00875817 0.00890575 0.00929485 0.0222516 0.0240772 0.0114595 0.00525845 0.0124019 0.00572552 0.00424948 0.0272574 0.00377628 0.00486221 0 0.00618621 0.0117499 0.173453 0.00839461 0.00853489 0.00769956 0.0109494 0.0216624 0.0120546 0.0370796 0.0120552 0.00999135 0.0088985 0.00948112 0.0155037 0.00909165 0.00807686 0.00843319 0.0080499 0.00789238 0.00794526 0.00790311 0.00793727 0.00791631 
0.0154294 0.00989547 0.0101967 0.0107064 0.00987604 0.012848 0.013591 0.0270417 0.0109707 0.01134 0.0221417 0.0187117 0.00869934 0.00498815 0.00624483 0.0104711 0.00395617 0.00376177 0.00618621 0 0.0999397 0.00807444 0.0180678 0.0072709 0.00659295 0.0261022 0.0122028 0.0108589 0.0162378 0.024926 0.015826 0.0113866 0.0215657 0.00981351 0.0107082 0.00994249 0.00932096 0.0104449 0.00955158 0.00887285 0.00933907 0.00881179 0.00849081 
0.0123315 0.0121629 0.0132487 0.0129197 0.0112534 0.0124142 0.0116466 0.0179391 0.0143836 0.0123012 0.0217916 0.0182295 0.0178895 0.015761 0.0158047 0.0114466 0.0107167 0.0115582 0.0117499 0.0999397 0 0.00376546 0.00387802 0.00487362 0.0274471 0.0931445 0.0227543 0.0215829 0.0149299 0.0393484 0.0119895 0.018029 0.0243275 0.0122992 0.0211633 0.00971529 0.00947156 0.0118486 0.00916212 0.00907791 0.008529 0.0088299 0.0084193 
0.00918184 0.0152377 0.0122449 0.01483 0.0181506 0.00901813 0.00930896 0.0114944 0.0201481 0.033542 0.0120328 0.0132829 0.031692 0.0158023 0.012714 0.0284764 0.00878452 0.011462 0.173453 0.00807444 0.00376546 0 0.00374098 0.00761919 0.766512 0.0130688 0.0530097 0.0143345 0.10421 0.012686 0.0128524 0.0112398 0.0112793 0.0487649 0.0102336 0.00830481 0.00898985 0.00821192 0.00809227 0.0079672 0.00804581 0.00795233 0.00795807 
0.0124198 0.00961914 0.0103726 0.0112934 0.0108647 0.015249 0.0116571 0.0240692 0.0128841 0.0148715 0.0217132 0.0286719 0.0129189 0.0124147 0.0128404 0.0143937 0.0134164 0.112631 0.00839461 0.0180678 0.00387802 0.00374098 0 0.88943 0.00384296 0.0290662 0.0120407 0.0350951 0.0216676 0.05641 0.0150685 0.0129263 0.0262054 0.0101016 0.022659 0.0102351 0.00887601 0.0102425 0.00967473 0.0086685 0.00902604 0.00865239 0.00853937 
0.00883602 0.00845299 0.00829473 0.00833281 0.00854534 0.00830143 0.00893257 0.0106935 0.00907 0.00896133 0.0107835 0.0101009 0.0110361 0.00829935 0.00843005 0.00817412 0.00767681 0.00612241 0.00853489 0.0072709 0.00487362 0.00761919 0.88943 0 0.00430639 0.00991714 0.0123254 0.00771363 0.0111002 0.0120777 0.0109904 0.0158026 0.0110688 0.0102397 0.0105815 0.00920886 0.00922075 0.010546 0.00879519 0.00856123 0.00824511 0.0085662 0.00817699 
0.0101317 0.00899475 0.00884227 0.00900493 0.00922862 0.00882855 0.0105144 0.0128172 0.010337 0.00941604 0.0105256 0.0206246 0.00915175 0.0083069 0.00803891 0.00973667 0.00687013 0.00843651 0.00769956 0.00659295 0.0274471 0.766512 0.00384296 0.00430639 0 0.0125477 0.008362 0.00695786 0.0131742 0.0100171 0.0192124 0.0123942 0.0152381 0.0107326 0.00982158 0.010614 0.00987842 0.011151 0.00933487 0.00886603 0.00900279 0.00883718 0.00815921 
0.0140538 0.0159693 0.0126492 0.0113182 0.0112469 0.0110444 0.0100043 0.0195972 0.0152161 0.00989904 0.0175468 0.0345898 0.155848 0.0229302 0.0236381 0.0194223 0.0188001 0.0150033 0.0109494 0.0261022 0.0931445 0.0130688 0.0290662 0.00991714 0.0125477 0 0.00397121 0.00376987 0.0038087 0.00440292 0.0459512 0.0216379 0.082188 0.0162135 0.0271607 0.0125293 0.0126985 0.0139494 0.0111552 0.0103341 0.00943476 0.00961278 0.00875246 
0.00975293 0.0219557 0.0278907 0.0330903 0.0147574 0.0102458 0.00867693 0.0167343 0.0243419 0.0210438 0.0100432 0.0238438 0.0641809 0.189876 0.0559114 0.0316343 0.0135397 0.013972 0.0216624 0.0122028 0.0227543 0.0530097 0.0120407 0.0123254 0.008362 0.00397121 0 0.00377269 0.00387051 0.00379699 0.0247277 0.0272767 0.0380469 0.0777589 0.011753 0.00965492 0.00918574 0.00935452 0.00870958 0.00837842 0.00827488 0.00820129 0.00800279 
0.0107854 0.0174415 0.0691907 0.0609533 0.0209719 0.0146525 0.00872489 0.0119743 0.0443282 0.0230528 0.0129763 0.0136161 0.0447923 0.108981 0.270909 0.0427357 0.0219453 0.018157 0.0120546 0.0108589 0.0215829 0.0143345 0.0350951 0.00771363 0.00695786 0.00376987 0.00377269 0 0.00372094 0.00373402 0.0179465 0.0126294 0.109983 0.0260016 0.0295301 0.00864893 0.00869334 0.00864297 0.00824063 0.00828481 0.00830199 0.0081481 0.00811323 
0.00924058 0.0202334 0.0324057 0.040282 0.027885 0.0132535 0.00967099 0.0129585 0.0229265 0.0580221 0.0150257 0.0158504 0.0400661 0.0586667 0.0699486 0.260734 0.0276647 0.0144536 0.0370796 0.0162378 0.0149299 0.10421 0.0216676 0.0111002 0.0131742 0.0038087 0.00387051 0.00372094 0 0.00383325 0.0203842 0.0294381 0.0178749 0.325762 0.0285655 0.0103644 0.00885081 0.00951338 0.00861228 0.00887913 0.00841953 0.00833624 0.00833088 
0.011869 0.00926025 0.0112836 0.0116682 0.0115154 0.017062 0.0132798 0.017265 0.0111575 0.0160646 0.0259104 0.0276183 0.0154207 0.0157197 0.0195047 0.0263726 0.05179 0.0215447 0.0120552 0.024926 0.0393484 0.012686 0.05641 0.0120777 0.0100171 0.00440292 0.00379699 0.00373402 0.00383325 0 0.0237302 0.027452 0.0445752 0.0159568 0.20586 0.0142435 0.0122105 0.0140609 0.0117557 0.0108857 0.0107678 0.00947015 0.00930917 
0.00826909 0.0082455 0.00839042 0.00829838 0.00884635 0.0082544 0.00880054 0.00888187 0.00884538 0.00832311 0.0113667 0.00974031 0.0106893 0.009172 0.00915332 0.0113016 0.00990186 0.00878546 0.00999135 0.015826 0.0119895 0.0128524 0.0150685 0.0109904 0.0192124 0.0459512 0.0247277 0.0179465 0.0203842 0.0237302 0 0.00693232 0.0155009 0.051376 0.0297278 0.0169787 0.015043 0.0174935 0.0111404 0.011773 0.00911027 0.00891955 0.00861662 
0.0086075 0.00818408 0.00825247 0.00846267 0.00829712 0.00832801 0.00893328 0.0111009 0.00843241 0.00887036 0.00886621 0.0168398 0.00966033 0.0093961 0.00939415 0.00957696 0.0105949 0.0117669 0.0088985 0.0113866 0.018029 0.0112398 0.0129263 0.0158026 0.0123942 0.0216379 0.0272767 0.0126294 0.0294381 0.027452 0.00693232 0 0.0259746 0.0301165 0.0241012 0.0167086 0.0114543 0.0153692 0.0121942 0.00972855 0.0100037 0.00903691 0.00903764 
0.0089365 0.00901611 0.00932076 0.00965489 0.0091374 0.00971759 0.00882648 0.010728 0.0102056 0.00854332 0.0124706 0.0136905 0.0182518 0.0183933 0.0149266 0.0123916 0.0135715 0.0112333 0.00948112 0.0215657 0.0243275 0.0112793 0.0262054 0.0110688 0.0152381 0.082188 0.0380469 0.109983 0.0178749 0.0445752 0.0155009 0.0259746 0 0.00385306 0.00386476 0.0456879 0.0186743 0.0244599 0.0147092 0.0141087 0.00987357 0.00994844 0.00935101 
0.00874896 0.0095606 0.00976973 0.0110415 0.00977061 0.00856335 0.00821202 0.0100986 0.00976243 0.014227 0.00895833 0.0109577 0.0156702 0.0213841 0.0265432 0.0253869 0.0116681 0.0103513 0.0155037 0.00981351 0.0122992 0.0487649 0.0101016 0.0102397 0.0107326 0.0162135 0.0777589 0.0260016 0.325762 0.0159568 0.051376 0.0301165 0.00385306 0 0.00385546 0.0237623 0.0110977 0.0142981 0.0114154 0.00955659 0.00950207 0.00859132 0.00860783 
0.00925923 0.00860055 0.00920792 0.00915056 0.00937346 0.00968553 0.00895937 0.00984037 0.00951391 0.00962548 0.0113506 0.0138087 0.0119528 0.0119695 0.0143155 0.0163442 0.0143646 0.0118997 0.00909165 0.0107082 0.0211633 0.0102336 0.022659 0.0105815 0.00982158 0.0271607 0.011753 0.0295301 0.0285655 0.20586 0.0297278 0.0241012 0.00386476 0.00385546 0 0.0306314 0.0118197 0.0193757 0.0118805 0.0129124 0.0110226 0.00982104 0.00916211 
0.00845133 0.00800767 0.00793588 0.00793833 0.00794235 0.00806067 0.00898788 0.00918729 0.00796523 0.00793569 0.00854427 0.0096171 0.00836977 0.00827776 0.00818344 0.00822977 0.00869341 0.00838807 0.00807686 0.00994249 0.00971529 0.00830481 0.0102351 0.00920886 0.010614 0.0125293 0.00965492 0.00864893 0.0103644 0.0142435 0.0169787 0.0167086 0.0456879 0.0237623 0.0306314 0 0.863899 0.0549028 0.0521138 0.0360553 0.027138 0.0148879 0.0157493 
0.00821478 0.00799416 0.00817975 0.00802707 0.00830909 0.00793144 0.0082565 0.00860338 0.00833604 0.00800945 0.00824358 0.00917105 0.00870361 0.00818691 0.0081744 0.00828975 0.00846016 0.00831287 0.00843319 0.00932096 0.00947156 0.00898985 0.00887601 0.00922075 0.00987842 0.0126985 0.00918574 0.00869334 0.00885081 0.0122105 0.015043 0.0114543 0.0186743 0.0110977 0.0118197 0.863899 0 0.110406 0.034666 0.0444939 0.022186 0.0246752 0.0140902 
0.00883219 0.00809939 0.00810714 0.00816426 0.00809276 0.00825828 0.0096047 0.0107625 0.0080468 0.00821125 0.00894319 0.010291 0.00832292 0.0083842 0.00841634 0.00835276 0.00900953 0.00893589 0.0080499 0.0104449 0.0118486 0.00821192 0.0102425 0.010546 0.011151 0.0139494 0.00935452 0.00864297 0.00951338 0.0140609 0.0174935 0.0153692 0.0244599 0.0142981 0.0193757 0.0549028 0.110406 0 0.0987887 0.056677 0.10644 0.0302947 0.0303054 
0.00844104 0.00802489 0.00796227 0.00800956 0.00799902 0.00812426 0.00910388 0.00969913 0.00794482 0.008107 0.00848108 0.00912503 0.0080438 0.00811956 0.00813566 0.00808371 0.00869345 0.00832087 0.00789238 0.00955158 0.00916212 0.00809227 0.00967473 0.00879519 0.00933487 0.0111552 0.00870958 0.00824063 0.00861228 0.0117557 0.0111404 0.0121942 0.0147092 0.0114154 0.0118805 0.0521138 0.034666 0.0987887 0 0.655705 0.0395903 0.0405216 0.0261479 
0.00848256 0.00808747 0.00810472 0.00812346 0.00801213 0.00805922 0.00897515 0.00926841 0.00801636 0.00801614 0.00840038 0.00902209 0.00810345 0.00819138 0.00812656 0.00818488 0.00837147 0.00826444 0.00794526 0.00887285 0.00907791 0.0079672 0.0086685 0.00856123 0.00886603 0.0103341 0.00837842 0.00828481 0.00887913 0.0108857 0.011773 0.00972855 0.0141087 0.00955659 0.0129124 0.0360553 0.0444939 0.056677 0.655705 0 0.0881481 0.0398896 0.0633539 
0.00818262 0.00799236 0.0080202 0.00801863 0.00801786 0.00818701 0.00883617 0.00858903 0.00805291 0.00795988 0.00833455 0.00847725 0.00802932 0.00826291 0.00810162 0.00819153 0.00831676 0.00801877 0.00790311 0.00933907 0.008529 0.00804581 0.00902604 0.00824511 0.00900279 0.00943476 0.00827488 0.00830199 0.00841953 0.0107678 0.00911027 0.0100037 0.00987357 0.00950207 0.0110226 0.027138 0.022186 0.10644 0.0395903 0.0881481 0 0.296989 0.0325261 
0.00836048 0.00801855 0.00807361 0.00802667 0.00808219 0.00807697 0.00909285 0.00862463 0.00806607 0.00794115 0.00838286 0.00873267 0.00811122 0.00818476 0.00801069 0.00811012 0.00809441 0.00804213 0.00793727 0.00881179 0.0088299 0.00795233 0.00865239 0.0085662 0.00883718 0.00961278 0.00820129 0.0081481 0.00833624 0.00947015 0.00891955 0.00903691 0.00994844 0.00859132 0.00982104 0.0148879 0.0246752 0.0302947 0.0405216 0.0398896 0.296989 0 0.75318 
0.0083516 0.00806968 0.00806848 0.00812046 0.00801513 0.00805911 0.00847687 0.00859091 0.00796868 0.00788799 0.00813394 0.00845263 0.00799455 0.0080292 0.00809311 0.00807364 0.00810524 0.00811742 0.00791631 0.00849081 0.0084193 0.00795807 0.00853937 0.00817699 0.00815921 0.00875246 0.00800279 0.00811323 0.00833088 0.00930917 0.00861662 0.00903764 0.00935101 0.00860783 0.00916211 0.0157493 0.0140902 0.0303054 0.0261479 0.0633539 0.0325261 0.75318 0 
