1UM9D
ALMTMVQALNRALDEEMAKDPRVVVLGEDVGKRGGVFLVTEGLLQKYGPDRVMDTPLSEAAIVGAALGMAAHGLRPVAEIQFADYIFPGFDQLVSQVAKLRYRSGGQFTAPLVVRMPSGGGVRGGHHHSQSPEAHFVHTAGLKVVAVSTPYDAKGLLKAAIRDEDPVVFLEPKRLYRSVKEEVPEEDYTLPIGKAALRREGKDLTLICYGTVMPEVLQAAAELAKAGVSAEVLDLRTLMPWDYEAVMNSVAKTGRVVLVSDAPRHASFVSEVAATIAEDLLDMLLAPPIRVTGFDTPYPYAQDKLYLPTVTRILNAAKRALDY
CEECHHHHHHHHHHHHHHHCCCEEEEECCCCCCCCCCCCCCCHHHHHCCCCEEECCCCHHHHHHHHHHHHHHCCEEEEECCCHHHHHHHHHHHHHCCCCHHHHCCCCCCCCCEEEEEECCCCCCCCCCCCCCHHHHHCCCCCEEEECCCHHHHHHHHHHHHHCCCCEEEEEEHHHCCCCCEECCCCCCCCCCCCCEEEECCCCEEEEECHHHHHHHHHHHHHHHHCCCCEEEEECCEEECCCHHHHHHHHHHHCCEEEEEEEECCCCHHHHHHHHHHHHHHHHCCCCCEEEEECCCCCCCCCHHHHCCCHHHHHHHHHHHHHC
0 0 0 0 0 0 0 0 0 0 0 0 0 0 0 0 0 0 0 0 0 0 0 0 0 0 0 0 0 0 0 0 0 0 0 0 0 0 0 0 0 0 0 0 0 0 0 0 0 0 0 0 0 0 0 0 0 0 0 0 0 0 0 0 0 0 0 0 0 0 0 0 0 0 0 0 0 0 0 0 0 0 0 0 0 0 0 0 0 0 0 0 0 0 0 0 0 0 0 0 0 0 0 0 0 0 0 0 0 0 0 0 0 0 0 0 0 0 0 0 0 0 0 0 0 0 0 0 0 0 0 0 0 0 0 0 0 0 0 0 0 0 0 0 0 0 0 0 0 0 0 0 0 0 0 0 0 0 0 0 0 0 0 0 0 0 0 0 0 0 0 0 0 0 0 0 0 0 0 0 0 0 0 0 0 0 0 0 0 0 0 0 0 0 0 0 0 0 0 0 0 0 0 0 0 0 0 0 0 0 0 0 0 0 0 0 0 0 0 0 0 0 0 0 0 0 0 0 0 0 0 0 0 0 0 0 0 0 0 0 0 0 0 0 0 0 0 0 0 0 0 0 0 0 0 0 0 0 0 0 0 0 0 0 0 0 0 0 0 0 0 0 0 0 0 0 0 0 0 0 0 0 0 0 0 0 0 0 0 0 0 0 0 0 0 0 0 0 0 0 0 0 0 0 0 0 0 0 0 0 0 0 0 0 0 0 0 0 0 0 0 0 0 
0 0 0 0 0 0 0 0 0 0 0 0 0 0 0 0 0 0 0 0 0 0 0 0 0 0 0 0 0 0 0 0 0 0 0 0 0 0 0 0 0 0 0 0 0 0 0 0 0 0 0 0 0 0 0 0 0 0 0 0 0 0 0 0 0 0 0 0 0 0 0 0 0 0 0 0 0 0 0 0 0 0 0 0 0 0 0 0 0 0 0 0 0 0 0 0 0 0 0 0 0 0 0 0 0 0 0 0 0 0 0 0 0 0 0 0 0 0 0 0 0 0 0 0 0 0 0 0 0 0 0 0 0 0 0 0 0 0 0 0 0 0 0 0 0 0 0 0 0 0 0 0 0 0 0 0 0 0 0 0 0 0 0 0 0 0 0 0 0 0 0 0 0 0 0 0 0 0 0 0 0 0 0 0 0 0 0 0 0 0 0 0 0 0 0 0 0 0 0 0 0 0 0 0 0 0 0 0 0 0 0 0 0 0 0 0 0 0 0 0 0 0 0 0 0 0 0 0 0 0 0 0 0 0 0 0 0 0 0 0 0 0 0 0 0 0 0 0 0 0 0 0 0 0 0 0 0 0 0 0 0 0 0 0 0 0 0 0 0 0 0 0 0 0 0 0 0 0 0 0 0 0 0 0 0 0 0 0 0 0 0 0 0 0 0 0 0 0 0 0 0 0 0 0 0 0 0 0 0 0 0 0 0 0 0 0 0 0 0 0 0 0 0 
0 0.00623323 0.0471914 0.0705531 0.0361644 0.0544154 0.0309222 0.0134794 0.0133 0.0137971 0.00942174 0.00961826 0.00971496 0.0100516 0.0147142 0.00962575 0.00862411 0.00884616 0.00834666 0.00825948 0.00853384 0.00859338 0.0087101 0.0084973 0.00922102 0.00855301 0.00834004 0.00865039 0.0083882 0.00822532 0.0080423 0.00797133 0.00806388 0.00834033 0.00813721 0.00815799 0.00799074 0.00815952 0.00841949 0.00861668 0.00837025 0.00824428 0.00843454 0.00836689 0.00840943 0.00823962 0.00832162 0.00822627 0.00818017 0.00821349 0.00846798 0.00846676 0.00857564 0.00833714 0.00821274 0.00827269 0.00823335 0.00839643 0.00833521 0.00856011 0.0083995 0.0084026 0.00846091 
0.00623323 0 0.0279687 0.0358798 0.0174237 0.0447348 0.0600017 0.0182863 0.0183241 0.0110052 0.00979828 0.0104061 0.00947079 0.0117107 0.0114898 0.0105178 0.00890104 0.00847885 0.00839607 0.00829221 0.00883716 0.00898763 0.0088596 0.0085852 0.00879793 0.00905613 0.00830426 0.00840153 0.00834528 0.00810947 0.00821089 0.00847458 0.00806791 0.00840836 0.00807022 0.00796666 0.00809134 0.00881915 0.00818453 0.00823921 0.00816658 0.00831083 0.00888496 0.00823665 0.00836308 0.0082348 0.00822219 0.00843783 0.00816462 0.00812585 0.00871873 0.00834234 0.00851101 0.00831692 0.00824356 0.00824871 0.00822967 0.00822828 0.00867909 0.00833325 0.00839528 0.00831245 0.00842686 
0.0471914 0.0279687 0 0.00473433 0.00380541 0.00381854 0.00462812 0.380684 0.0155027 0.0218442 0.0390302 0.0216816 0.014182 0.0137102 0.0225671 0.0149239 0.0115026 0.0101104 0.00913938 0.0088027 0.0107934 0.0100852 0.0113156 0.0109644 0.0120102 0.0104141 0.00901427 0.00936723 0.00893179 0.00835673 0.00922805 0.00832822 0.00830279 0.00836558 0.00818715 0.00825209 0.00831534 0.0106371 0.00850294 0.00888768 0.00857902 0.00899696 0.00935618 0.00838904 0.00853507 0.00868936 0.00864557 0.0083282 0.00837034 0.0083855 0.00873527 0.00853973 0.0086348 0.00846181 0.00830378 0.00835893 0.00832266 0.00827885 0.00848829 0.00846998 0.00854973 0.00845516 0.00885036 
0.0705531 0.0358798 0.00473433 0 0.0037893 0.00379235 0.00381995 0.113791 0.120365 0.0145406 0.0126702 0.128033 0.0338313 0.0528455 0.0142002 0.0168212 0.0251319 0.0200642 0.0132497 0.0118021 0.00905908 0.0100292 0.0152493 0.014053 0.0107548 0.00997515 0.0116659 0.012054 0.0102859 0.00892144 0.00827912 0.00817437 0.00814707 0.00828204 0.00838794 0.00827861 0.00807688 0.00870619 0.00892936 0.0092809 0.00889617 0.00873776 0.00849894 0.00860545 0.00890589 0.008857 0.00844554 0.00834373 0.00839011 0.00843374 0.00851185 0.0088038 0.00910434 0.00873031 0.00844819 0.00845071 0.00828284 0.00830317 0.00841122 0.00869084 0.00865243 0.00860242 0.00850837 
0.0361644 0.0174237 0.00380541 0.0037893 0 0.00376173 0.00373198 0.295836 0.0469201 0.0410844 0.010414 0.0310712 0.235476 0.0510751 0.0264058 0.017472 0.02694 0.065165 0.0310129 0.0128564 0.010783 0.0100874 0.0181091 0.0220955 0.0127471 0.0104088 0.0146084 0.0202393 0.0131438 0.00928678 0.00833932 0.00801587 0.00803871 0.00828493 0.0084866 0.00834946 0.00800349 0.00889647 0.00939821 0.0112228 0.00966034 0.0088351 0.00863178 0.00891262 0.0099719 0.00903214 0.00860779 0.00869377 0.00861401 0.0100899 0.00880873 0.00926915 0.00990283 0.00916831 0.00884901 0.00872673 0.00842144 0.00828499 0.0086324 0.00889298 0.00907686 0.00876506 0.00865477 
0.0544154 0.0447348 0.00381854 0.00379235 0.00376173 0 0.00378634 0.0185835 0.514739 0.0480929 0.0117504 0.0195385 0.0228214 0.222457 0.0301037 0.0127752 0.0187335 0.0197378 0.0109302 0.0145803 0.0109593 0.00980319 0.0125158 0.0147343 0.0117766 0.0102762 0.0105089 0.0116384 0.00994158 0.00878583 0.00836164 0.00801746 0.00812892 0.00821524 0.00837076 0.00805671 0.00797187 0.00851511 0.00947858 0.00964975 0.00899318 0.0083518 0.00851788 0.00859221 0.00903325 0.00864688 0.00821245 0.008454 0.00834071 0.00817181 0.00850853 0.00878589 0.00914443 0.00853976 0.00837515 0.00838742 0.00825184 0.00816449 0.00840533 0.00860713 0.0085884 0.00843523 0.0083404 
0.0309222 0.0600017 0.00462812 0.00381995 0.00373198 0.00378634 0 0.0251866 0.0179931 0.63341 0.0150329 0.0100949 0.0128152 0.0162422 0.113909 0.0165103 0.0114382 0.00958012 0.00870584 0.00876424 0.0118444 0.0106155 0.00924512 0.00918834 0.0104623 0.0111821 0.00887643 0.00910416 0.00859532 0.00823521 0.00835767 0.00821767 0.00814767 0.00868397 0.00813081 0.00802312 0.00807352 0.00864426 0.00846705 0.00866022 0.00828836 0.00836497 0.00855456 0.00823774 0.00842618 0.00818736 0.00826619 0.00835623 0.00808335 0.00809348 0.00874963 0.0083652 0.00849753 0.0082278 0.00815512 0.00817379 0.00808859 0.00813378 0.00857042 0.0083189 0.00830498 0.00826593 0.00838354 
0.0134794 0.0182863 0.380684 0.113791 0.295836 0.0185835 0.0251866 0 0.00388471 0.00380036 0.131504 0.0347102 0.0346724 0.0193715 0.0338626 0.0254937 0.0113062 0.0125505 0.0094509 0.00932983 0.0120867 0.0109189 0.0112679 0.0112874 0.0146355 0.0101001 0.00908245 0.00918689 0.00883725 0.00849095 0.00965562 0.00818035 0.00848116 0.00843806 0.00806635 0.00807446 0.00821096 0.00944131 0.00848079 0.00863987 0.00841887 0.00894602 0.00859364 0.00825859 0.00832262 0.00831076 0.00850597 0.00849025 0.00812885 0.00831644 0.00876652 0.00834295 0.00845839 0.00825425 0.00820572 0.00821381 0.00809983 0.00814956 0.00820131 0.00831075 0.00835581 0.00828775 0.00850816 
0.0133 0.0183241 0.0155027 0.120365 0.0469201 0.514739 0.0179931 0.00388471 0 0.00395852 0.0103596 0.109547 0.0229584 0.159085 0.012964 0.0116574 0.0260188 0.0103603 0.00959056 0.0134093 0.0091062 0.00876617 0.0121014 0.0121944 0.00982237 0.00991661 0.00996535 0.00949866 0.00900399 0.00883105 0.00885859 0.00809304 0.00814518 0.00816148 0.0084185 0.00804955 0.0079793 0.00840943 0.0086168 0.00889752 0.00892153 0.00840205 0.00826515 0.00845923 0.00855263 0.00847287 0.00809812 0.00813703 0.00822854 0.0080671 0.00821421 0.00846326 0.00858093 0.00839631 0.00825635 0.00827257 0.00813348 0.0080138 0.00817341 0.00835578 0.00830897 0.0083133 0.00814629 
0.0137971 0.0110052 0.0218442 0.0145406 0.0410844 0.0480929 0.63341 0.00380036 0.00395852 0 0.0327335 0.0107128 0.042943 0.0414814 0.287905 0.0245404 0.0100944 0.0134597 0.00910613 0.00925685 0.0155721 0.0123416 0.00971413 0.0102882 0.0137671 0.013099 0.00948612 0.00908541 0.00898168 0.00857942 0.00855438 0.00823624 0.00823236 0.00871166 0.00815238 0.00797956 0.00804349 0.00883393 0.00902838 0.0086079 0.0085967 0.0087208 0.00843141 0.00832624 0.0083449 0.00821492 0.00873014 0.00847647 0.00807877 0.00820779 0.00844095 0.00833075 0.0085327 0.00830957 0.00813757 0.00819221 0.00803454 0.00804523 0.0082187 0.00823675 0.00827068 0.00817915 0.00825386 
0.00942174 0.00979828 0.0390302 0.0126702 0.010414 0.0117504 0.0150329 0.131504 0.0103596 0.0327335 0 0.00538013 0.00377516 0.00376485 0.0043173 0.106464 0.0120092 0.0119474 0.0090508 0.00966889 0.0125683 0.0117281 0.00953524 0.0103996 0.0129077 0.00995619 0.00882094 0.00887127 0.00842575 0.0089477 0.00968619 0.00809399 0.00858271 0.00817735 0.00799944 0.00806641 0.00809174 0.00824553 0.00829511 0.00833332 0.00850659 0.00896291 0.00815727 0.00827063 0.00821118 0.00815887 0.00853021 0.00819152 0.00802425 0.00811479 0.00815793 0.00823034 0.00834351 0.0081669 0.00810107 0.00810565 0.00802126 0.00803294 0.00800569 0.00821628 0.00810599 0.00818981 0.00819013 
0.00961826 0.0104061 0.0216816 0.128033 0.0310712 0.0195385 0.0100949 0.0347102 0.109547 0.0107128 0.00538013 0 0.00371446 0.00374017 0.00373478 0.0744814 0.113502 0.0199537 0.0194657 0.0159348 0.00964177 0.0112179 0.0266499 0.0158398 0.0101422 0.013234 0.014883 0.0129498 0.0130291 0.00923491 0.00879449 0.00813918 0.00802485 0.0084133 0.00842694 0.00816584 0.00800847 0.00883968 0.00912779 0.00970187 0.00954331 0.0084589 0.00847719 0.00883462 0.00879688 0.0091929 0.00836953 0.00823615 0.00877141 0.00817892 0.00830685 0.00896126 0.00884055 0.00863047 0.00853887 0.00842122 0.00829156 0.00806784 0.008311 0.00842517 0.00856527 0.00855576 0.00830785 
0.00971496 0.00947079 0.014182 0.0338313 0.235476 0.0228214 0.0128152 0.0346724 0.0229584 0.042943 0.00377516 0.00371446 0 0.00372039 0.00373228 0.218223 0.0552769 0.15062 0.0473995 0.0155056 0.0128013 0.012505 0.0237004 0.0384441 0.0148648 0.0122744 0.0209172 0.0390885 0.0215148 0.0107557 0.00964534 0.00810951 0.008067 0.0083188 0.00850205 0.00827519 0.00810119 0.00898277 0.0104897 0.0131796 0.0106064 0.00962513 0.00872402 0.00884981 0.010174 0.00936956 0.00895172 0.00843095 0.00857344 0.00846898 0.00856832 0.00875372 0.00943528 0.00899428 0.00876957 0.00859895 0.008374 0.0081459 0.00832181 0.00848439 0.00876796 0.00850004 0.00842407 
0.0100516 0.0117107 0.0137102 0.0528455 0.0510751 0.222457 0.0162422 0.0193715 0.159085 0.0414814 0.00376485 0.00374017 0.00372039 0 0.0037395 0.0220393 0.356716 0.0671667 0.0787707 0.0823605 0.0307865 0.0112541 0.0405322 0.0681887 0.0230578 0.014108 0.0284197 0.0288421 0.0205986 0.0123828 0.00932709 0.00838856 0.00831468 0.00849552 0.00897294 0.00831165 0.00809663 0.0093402 0.0109975 0.0132693 0.013509 0.0092525 0.00899818 0.00964756 0.0100774 0.00970888 0.00855706 0.0085138 0.00873868 0.00838089 0.00849395 0.00905068 0.00941296 0.00906215 0.0086918 0.00855943 0.00829837 0.00814014 0.0082122 0.00854836 0.00872295 0.00850862 0.00824443 
0.0147142 0.0114898 0.0225671 0.0142002 0.0264058 0.0301037 0.113909 0.0338626 0.012964 0.287905 0.0043173 0.00373478 0.00373228 0.0037395 0 0.064701 0.0163444 0.245872 0.0225487 0.0680617 0.1853 0.0279088 0.0121203 0.0265325 0.040379 0.0215854 0.0124422 0.0172551 0.0115601 0.011621 0.00981543 0.00888079 0.00881989 0.0116635 0.0083917 0.00815653 0.0082608 0.0116943 0.0117858 0.00985926 0.00974335 0.0115343 0.0106081 0.00893036 0.00892558 0.0088126 0.0102356 0.0100195 0.00828938 0.00864231 0.00912104 0.00896018 0.0094053 0.00871804 0.0084327 0.00832217 0.00813356 0.00824411 0.00857859 0.00850258 0.00847192 0.00817627 0.00834445 
0.00962575 0.0105178 0.0149239 0.0168212 0.017472 0.0127752 0.0165103 0.0254937 0.0116574 0.0245404 0.106464 0.0744814 0.218223 0.0220393 0.064701 0 0.00410221 0.00379402 0.00375623 0.00380292 0.00463902 0.36588 0.0378895 0.0334119 0.0442544 0.04398 0.0294017 0.0271104 0.0122681 0.0151555 0.0204506 0.0096898 0.0125411 0.0110686 0.00863692 0.00901678 0.00996779 0.0121236 0.0167164 0.0129091 0.0136646 0.0162887 0.00981684 0.00992712 0.00954521 0.010911 0.0143661 0.00940116 0.00890619 0.0100459 0.00957493 0.00951432 0.00996938 0.00916915 0.00888655 0.0085213 0.00829041 0.00874575 0.00860464 0.00873666 0.00856261 0.00861579 0.00917687 
0.00862411 0.00890104 0.0115026 0.0251319 0.02694 0.0187335 0.0114382 0.0113062 0.0260188 0.0100944 0.0120092 0.113502 0.0552769 0.356716 0.0163444 0.00410221 0 0.00371765 0.00374891 0.00375794 0.00374868 0.0384935 0.392488 0.0454229 0.0185241 0.0260206 0.0937703 0.0308675 0.0395696 0.0130562 0.0143068 0.00934779 0.00885101 0.00960044 0.010374 0.00874414 0.00848505 0.0120146 0.0137141 0.0315161 0.0162983 0.0109872 0.0102499 0.009908 0.0134263 0.0120699 0.00880031 0.00893436 0.00986371 0.00845498 0.00891016 0.0107707 0.0119634 0.0103601 0.00961654 0.00887488 0.00868354 0.00816513 0.00846803 0.00873142 0.00925122 0.00888399 0.00862648 
0.00884616 0.00847885 0.0101104 0.0200642 0.065165 0.0197378 0.00958012 0.0125505 0.0103603 0.0134597 0.0119474 0.0199537 0.15062 0.0671667 0.245872 0.00379402 0.00371765 0 0.00371084 0.00372981 0.00371321 0.0675096 0.0381681 0.164661 0.0191776 0.0276276 0.0354822 0.16282 0.0302142 0.0233258 0.0101332 0.00834489 0.00883638 0.00971486 0.0104592 0.00896249 0.00842955 0.00941233 0.0301755 0.0271028 0.0255392 0.0114141 0.00899122 0.0130551 0.0145687 0.012304 0.0114453 0.00917714 0.00876655 0.0091118 0.00872984 0.0106105 0.0154106 0.0112717 0.0102389 0.00974167 0.00864291 0.00828326 0.00850708 0.00942175 0.00942774 0.00900253 0.00852054 
0.00834666 0.00839607 0.00913938 0.0132497 0.0310129 0.0109302 0.00870584 0.0094509 0.00959056 0.00910613 0.0090508 0.0194657 0.0473995 0.0787707 0.0225487 0.00375623 0.00374891 0.00371084 0 0.00370807 0.00369908 0.0251188 0.102809 0.0455479 0.0289118 0.0123198 0.0454704 0.041502 0.0584594 0.0106676 0.00991043 0.00828041 0.00818988 0.00915753 0.00904744 0.00852021 0.00813433 0.00976071 0.0107443 0.0306074 0.0117958 0.00942877 0.00914132 0.00936941 0.0132913 0.00978186 0.00869411 0.00835616 0.00864376 0.00839924 0.00842959 0.00946432 0.0112251 0.00991996 0.00920698 0.00881028 0.00843974 0.00806055 0.00850679 0.00863258 0.00945302 0.00861172 0.00833744 
0.00825948 0.00829221 0.0088027 0.0118021 0.0128564 0.0145803 0.00876424 0.00932983 0.0134093 0.00925685 0.00966889 0.0159348 0.0155056 0.0823605 0.0680617 0.00380292 0.00375794 0.00372981 0.00370807 0 0.00370445 0.0129304 0.0662149 0.159658 0.018281 0.0147939 0.0202847 0.0247301 0.0130796 0.0204119 0.00940296 0.0084039 0.00836987 0.00864314 0.0091765 0.00825981 0.00800817 0.00882605 0.0122009 0.0104004 0.0147696 0.00928121 0.00863946 0.0096669 0.00919556 0.00984667 0.00862002 0.00825808 0.0087607 0.00828793 0.00830955 0.00902349 0.00927034 0.00882342 0.00844701 0.00838114 0.00826616 0.00800416 0.00810841 0.00839321 0.00836927 0.00829231 0.00800777 
0.00853384 0.00883716 0.0107934 0.00905908 0.010783 0.0109593 0.0118444 0.0120867 0.0091062 0.0155721 0.0125683 0.00964177 0.0128013 0.0307865 0.1853 0.00463902 0.00374868 0.00371321 0.00369908 0.00370445 0 0.0257665 0.0129799 0.139824 0.338902 0.0183763 0.0129622 0.0129041 0.0120782 0.0108245 0.0142037 0.00913896 0.0091768 0.0107749 0.00841327 0.00825234 0.00829259 0.010523 0.00943338 0.0101147 0.0112596 0.0145215 0.00999034 0.0085973 0.00881928 0.00914376 0.0110018 0.00927173 0.00841533 0.0086637 0.00879357 0.00862662 0.00893046 0.00858485 0.00837673 0.00847748 0.00835366 0.00825985 0.00840987 0.00820756 0.00833643 0.008197 0.0082996 
0.00859338 0.00898763 0.0100852 0.0100292 0.0100874 0.00980319 0.0106155 0.0109189 0.00876617 0.0123416 0.0117281 0.0112179 0.012505 0.0112541 0.0279088 0.36588 0.0384935 0.0675096 0.0251188 0.0129304 0.0257665 0 0.00531318 0.00387784 0.0044889 0.462279 0.0281198 0.0378676 0.0109389 0.0164475 0.0186985 0.0137961 0.0159127 0.021211 0.00967822 0.00997264 0.0120828 0.0149015 0.0258766 0.0120212 0.0132602 0.0219998 0.0109362 0.0114281 0.00970599 0.0109617 0.015387 0.011519 0.0088002 0.0118861 0.0112281 0.00982392 0.0106236 0.00927197 0.00887123 0.00853287 0.00847909 0.00890886 0.00858202 0.0089138 0.00850341 0.0088951 0.00889019 
0.0087101 0.0088596 0.0113156 0.0152493 0.0181091 0.0125158 0.00924512 0.0112679 0.0121014 0.00971413 0.00953524 0.0266499 0.0237004 0.0405322 0.0121203 0.0378895 0.392488 0.0381681 0.102809 0.0662149 0.0129799 0.00531318 0 0.00382716 0.00377273 0.155426 0.692699 0.039165 0.0786294 0.0129086 0.0139061 0.0140094 0.0107131 0.0160534 0.0214434 0.0112089 0.00929311 0.0301884 0.0300051 0.073965 0.0279064 0.0149049 0.0195268 0.0168104 0.0325205 0.0176941 0.0104504 0.0136493 0.0145402 0.00970966 0.0132742 0.0189853 0.0177883 0.0155592 0.0113013 0.0105281 0.00939437 0.00851889 0.00959342 0.00963771 0.01029 0.00984253 0.00888963 
0.0084973 0.0085852 0.0109644 0.014053 0.0220955 0.0147343 0.00918834 0.0112874 0.0121944 0.0102882 0.0103996 0.0158398 0.0384441 0.0681887 0.0265325 0.0334119 0.0454229 0.164661 0.0455479 0.159658 0.139824 0.00387784 0.00382716 0 0.00385176 0.0639902 0.0763509 0.627719 0.0460376 0.094574 0.0114274 0.0140815 0.0124595 0.0149342 0.0149262 0.0129545 0.0091037 0.0146645 0.0391246 0.0448958 0.0902919 0.0183959 0.0125205 0.0240798 0.0244091 0.0280078 0.0155054 0.0122945 0.0128596 0.0100523 0.0113563 0.0188456 0.0229387 0.0167658 0.0122069 0.0112041 0.00967095 0.00867617 0.00995176 0.00986408 0.0105363 0.0099738 0.0089793 
0.00922102 0.00879793 0.0120102 0.0107548 0.0127471 0.0117766 0.0104623 0.0146355 0.00982237 0.0137671 0.0129077 0.0101422 0.0148648 0.0230578 0.040379 0.0442544 0.0185241 0.0191776 0.0289118 0.018281 0.338902 0.0044889 0.00377273 0.00385176 0 0.0234278 0.0496472 0.0633143 0.297829 0.0366179 0.0869219 0.0134238 0.015491 0.0230878 0.0108965 0.00923611 0.0114713 0.0244639 0.0160213 0.0193057 0.0254002 0.0513809 0.0209224 0.0141021 0.0130331 0.0129925 0.0300479 0.0145779 0.010293 0.0122327 0.0154104 0.012108 0.0132555 0.0113614 0.0102149 0.00949484 0.00909308 0.00928956 0.0119284 0.00915377 0.0092417 0.00915122 0.00947668 
0.00855301 0.00905613 0.0104141 0.00997515 0.0104088 0.0102762 0.0111821 0.0101001 0.00991661 0.013099 0.00995619 0.013234 0.0122744 0.014108 0.0215854 0.04398 0.0260206 0.0276276 0.0123198 0.0147939 0.0183763 0.462279 0.155426 0.0639902 0.0234278 0 0.00386786 0.00376881 0.00379461 0.00380233 0.00421245 0.0112029 0.0158713 0.0413296 0.0128431 0.0115282 0.019301 0.0479855 0.0357905 0.0208359 0.018403 0.0332796 0.0313963 0.0241789 0.0183445 0.0170537 0.0223309 0.0225468 0.0130185 0.0167389 0.0199997 0.0215949 0.0160746 0.0157062 0.0105873 0.0105508 0.00986228 0.0121875 0.0137224 0.00999214 0.0100724 0.00972676 0.0114467 
0.00834004 0.00830426 0.00901427 0.0116659 0.0146084 0.0105089 0.00887643 0.00908245 0.00996535 0.00948612 0.00882094 0.014883 0.0209172 0.0284197 0.0124422 0.0294017 0.0937703 0.0354822 0.0454704 0.0202847 0.0129622 0.0281198 0.692699 0.0763509 0.0496472 0.00386786 0 0.00375852 0.00375818 0.00375502 0.00372904 0.0129365 0.0104221 0.0231734 0.0352164 0.0143246 0.00966045 0.0272861 0.0845693 0.0674961 0.0541848 0.0177746 0.0199289 0.0562495 0.0657015 0.0377801 0.015742 0.0156272 0.0221575 0.0110575 0.0159193 0.0466207 0.0478958 0.0325669 0.0216066 0.0170953 0.0129916 0.00919544 0.00994272 0.0131632 0.0119966 0.013106 0.00915603 
0.00865039 0.00840153 0.00936723 0.012054 0.0202393 0.0116384 0.00910416 0.00918689 0.00949866 0.00908541 0.00887127 0.0129498 0.0390885 0.0288421 0.0172551 0.0271104 0.0308675 0.16282 0.041502 0.0247301 0.0129041 0.0378676 0.039165 0.627719 0.0633143 0.00376881 0.00375852 0 0.0037283 0.00370576 0.00371774 0.00695028 0.00903822 0.0178469 0.0224376 0.0136441 0.00977976 0.0140983 0.0426675 0.0999419 0.0764789 0.0196465 0.0138124 0.0468765 0.0848821 0.0488171 0.0225089 0.0138716 0.0138792 0.0123674 0.0127322 0.0351723 0.089342 0.0529966 0.0318535 0.0281631 0.0127234 0.00957198 0.0105529 0.0137409 0.0155338 0.0146232 0.0100095 
0.0083882 0.00834528 0.00893179 0.0102859 0.0131438 0.00994158 0.00859532 0.00883725 0.00900399 0.00898168 0.00842575 0.0130291 0.0215148 0.0205986 0.0115601 0.0122681 0.0395696 0.0302142 0.0584594 0.0130796 0.0120782 0.0109389 0.0786294 0.0460376 0.297829 0.00379461 0.00375818 0.0037283 0 0.00370775 0.00370104 0.00686332 0.00947705 0.0118778 0.0159804 0.0134598 0.00965185 0.0136617 0.0147936 0.102826 0.0383797 0.024806 0.0140615 0.0191895 0.0698673 0.0280381 0.013616 0.0100948 0.0130629 0.0112197 0.0108425 0.0219936 0.042061 0.0398447 0.0232138 0.022243 0.0105684 0.00943893 0.00926719 0.0109108 0.0182905 0.0107338 0.00935551 
0.00822532 0.00810947 0.00835673 0.00892144 0.00928678 0.00878583 0.00823521 0.00849095 0.00883105 0.00857942 0.0089477 0.00923491 0.0107557 0.0123828 0.011621 0.0151555 0.0130562 0.0233258 0.0106676 0.0204119 0.0108245 0.0164475 0.0129086 0.094574 0.0366179 0.00380233 0.00375502 0.00370576 0.00370775 0 0.00370785 0.00625768 0.0180299 0.0125146 0.0119877 0.0113491 0.0090792 0.0102405 0.0263213 0.0131366 0.031171 0.0198991 0.0104687 0.0205415 0.0125245 0.0173121 0.0190997 0.0108846 0.0118234 0.0107368 0.00977032 0.0122937 0.014317 0.0114045 0.0109475 0.00990378 0.00995158 0.00891958 0.00896584 0.0102693 0.008925 0.0101723 0.0084562 
0.0080423 0.00821089 0.00922805 0.00827912 0.00833932 0.00836164 0.00835767 0.00965562 0.00885859 0.00855438 0.00968619 0.00879449 0.00964534 0.00932709 0.00981543 0.0204506 0.0143068 0.0101332 0.00991043 0.00940296 0.0142037 0.0186985 0.0139061 0.0114274 0.0869219 0.00421245 0.00372904 0.00371774 0.00370104 0.00370785 0 0.0324289 0.00540426 0.0207048 0.0120238 0.00832268 0.00888296 0.0352154 0.0107546 0.0120029 0.0119268 0.0170117 0.0262097 0.010084 0.0106505 0.0110078 0.0166467 0.0143706 0.0106056 0.0100801 0.0145914 0.0100414 0.00975051 0.0100816 0.0089722 0.00900804 0.00908201 0.00905798 0.0116732 0.00851143 0.00891003 0.00870221 0.00859166 
0.00797133 0.00847458 0.00832822 0.00817437 0.00801587 0.00801746 0.00821767 0.00818035 0.00809304 0.00823624 0.00809399 0.00813918 0.00810951 0.00838856 0.00888079 0.0096898 0.00934779 0.00834489 0.00828041 0.0084039 0.00913896 0.0137961 0.0140094 0.0140815 0.0134238 0.0112029 0.0129365 0.00695028 0.00686332 0.00625768 0.0324289 0 0.00627816 0.012945 0.0113948 0.0110434 0.0111837 0.0146311 0.0115993 0.00992261 0.0109009 0.0160319 0.0109783 0.0098421 0.00874081 0.00965496 0.0101648 0.0109729 0.00992785 0.00884104 0.00973573 0.00900703 0.00848984 0.0083576 0.00821831 0.00829737 0.00824407 0.00856866 0.00837333 0.00824983 0.00805153 0.00827584 0.00837912 
0.00806388 0.00806791 0.00830279 0.00814707 0.00803871 0.00812892 0.00814767 0.00848116 0.00814518 0.00823236 0.00858271 0.00802485 0.008067 0.00831468 0.00881989 0.0125411 0.00885101 0.00883638 0.00818988 0.00836987 0.0091768 0.0159127 0.0107131 0.0124595 0.015491 0.0158713 0.0104221 0.00903822 0.00947705 0.0180299 0.00540426 0.00627816 0 0.0273322 0.00920722 0.00883911 0.0086012 0.0127592 0.0127703 0.00994631 0.0151443 0.0156088 0.0128115 0.0098042 0.00886432 0.00994872 0.0111549 0.0132696 0.00972253 0.00900925 0.0111989 0.00962217 0.00903417 0.00836726 0.00839011 0.00820198 0.00839454 0.0085516 0.00922986 0.00817212 0.00800233 0.00867172 0.00827177 
0.00834033 0.00840836 0.00836558 0.00828204 0.00828493 0.00821524 0.00868397 0.00843806 0.00816148 0.00871166 0.00817735 0.0084133 0.0083188 0.00849552 0.0116635 0.0110686 0.00960044 0.00971486 0.00915753 0.00864314 0.0107749 0.021211 0.0160534 0.0149342 0.0230878 0.0413296 0.0231734 0.0178469 0.0118778 0.0125146 0.0207048 0.012945 0.0273322 0 0.00386965 0.0037944 0.0124073 0.00527247 0.0115171 0.0418624 0.080832 0.0479947 0.0214253 0.0203221 0.0112027 0.0134418 0.0237789 0.0196163 0.0114004 0.0213039 0.0157722 0.0151221 0.0135432 0.0110806 0.00962095 0.00917491 0.00911708 0.0138318 0.0100747 0.00921684 0.00856868 0.00932875 0.0101594 
0.00813721 0.00807022 0.00818715 0.00838794 0.0084866 0.00837076 0.00813081 0.00806635 0.0084185 0.00815238 0.00799944 0.00842694 0.00850205 0.00897294 0.0083917 0.00863692 0.010374 0.0104592 0.00904744 0.0091765 0.00841327 0.00967822 0.0214434 0.0149262 0.0108965 0.0128431 0.0352164 0.0224376 0.0159804 0.0119877 0.0120238 0.0113948 0.00920722 0.00386965 0 0.00466684 0.00374901 0.004496 0.0149222 0.0788504 0.053199 0.0080336 0.0140758 0.018618 0.0190587 0.0150714 0.0103272 0.0100908 0.0179067 0.00935266 0.010109 0.0163591 0.0152336 0.013047 0.00991904 0.00959362 0.0102294 0.00884345 0.00910581 0.00908217 0.00958491 0.00913092 0.00861637 
0.00815799 0.00796666 0.00825209 0.00827861 0.00834946 0.00805671 0.00802312 0.00807446 0.00804955 0.00797956 0.00806641 0.00816584 0.00827519 0.00831165 0.00815653 0.00901678 0.00874414 0.00896249 0.00852021 0.00825981 0.00825234 0.00997264 0.0112089 0.0129545 0.00923611 0.0115282 0.0143246 0.0136441 0.0134598 0.0113491 0.00832268 0.0110434 0.00883911 0.0037944 0.00466684 0 0.00378024 0.00615304 0.0516284 0.0252909 0.0092353 0.00517986 0.00997238 0.0135958 0.0114297 0.0113715 0.00972776 0.0103441 0.0106481 0.00907126 0.00994858 0.0115093 0.0106692 0.00958565 0.00916644 0.0123671 0.00899745 0.00842478 0.00867156 0.00876064 0.0086007 0.00889237 0.00824949 
0.00799074 0.00809134 0.00831534 0.00807688 0.00800349 0.00797187 0.00807352 0.00821096 0.0079793 0.00804349 0.00809174 0.00800847 0.00810119 0.00809663 0.0082608 0.00996779 0.00848505 0.00842955 0.00813433 0.00800817 0.00829259 0.0120828 0.00929311 0.0091037 0.0114713 0.019301 0.00966045 0.00977976 0.00965185 0.0090792 0.00888296 0.0111837 0.0086012 0.0124073 0.00374901 0.00378024 0 0.0590213 0.0212198 0.00479229 0.00482158 0.00505054 0.0174295 0.00940761 0.00940412 0.0106616 0.0127552 0.0140186 0.00923719 0.00904493 0.0139478 0.00938997 0.00908427 0.00910148 0.00850538 0.00851961 0.00831625 0.0084688 0.00974943 0.00830805 0.00817825 0.0081861 0.0083651 
0.00815952 0.00881915 0.0106371 0.00870619 0.00889647 0.00851511 0.00864426 0.00944131 0.00840943 0.00883393 0.00824553 0.00883968 0.00898277 0.0093402 0.0116943 0.0121236 0.0120146 0.00941233 0.00976071 0.00882605 0.010523 0.0149015 0.0301884 0.0146645 0.0244639 0.0479855 0.0272861 0.0140983 0.0136617 0.0102405 0.0352154 0.0146311 0.0127592 0.00527247 0.004496 0.00615304 0.0590213 0 0.00374696 0.00375526 0.00377534 0.00412586 0.550392 0.0158306 0.0184938 0.0150029 0.0205111 0.0238515 0.0172773 0.0140606 0.0512215 0.025849 0.0147826 0.0160314 0.0106566 0.0104176 0.0103802 0.0156672 0.0184687 0.00961572 0.0123091 0.00968279 0.0156368 
0.00841949 0.00818453 0.00850294 0.00892936 0.00939821 0.00947858 0.00846705 0.00848079 0.0086168 0.00902838 0.00829511 0.00912779 0.0104897 0.0109975 0.0117858 0.0167164 0.0137141 0.0301755 0.0107443 0.0122009 0.00943338 0.0258766 0.0300051 0.0391246 0.0160213 0.0357905 0.0845693 0.0426675 0.0147936 0.0263213 0.0107546 0.0115993 0.0127703 0.0115171 0.0149222 0.0516284 0.0212198 0.00374696 0 0.00374827 0.00375241 0.00380557 0.0444346 0.689564 0.0134965 0.0353138 0.0163778 0.0319131 0.0183517 0.0153306 0.0245013 0.107266 0.056964 0.0205319 0.0285333 0.0161999 0.0135349 0.0109214 0.011929 0.039408 0.0116078 0.031157 0.0101034 
0.00861668 0.00823921 0.00888768 0.0092809 0.0112228 0.00964975 0.00866022 0.00863987 0.00889752 0.0086079 0.00833332 0.00970187 0.0131796 0.0132693 0.00985926 0.0129091 0.0315161 0.0271028 0.0306074 0.0104004 0.0101147 0.0120212 0.073965 0.0448958 0.0193057 0.0208359 0.0674961 0.0999419 0.102826 0.0131366 0.0120029 0.00992261 0.00994631 0.0418624 0.0788504 0.0252909 0.00479229 0.00375526 0.00374827 0 0.00374936 0.00373069 0.104205 0.0357294 0.706281 0.0316483 0.0188497 0.0151815 0.0296982 0.0135347 0.0203381 0.076411 0.111119 0.110541 0.0377003 0.0422726 0.0157007 0.0107723 0.0141017 0.0182596 0.101828 0.0155807 0.0120175 
0.00837025 0.00816658 0.00857902 0.00889617 0.00966034 0.00899318 0.00828836 0.00841887 0.00892153 0.0085967 0.00850659 0.00954331 0.0106064 0.013509 0.00974335 0.0136646 0.0162983 0.0255392 0.0117958 0.0147696 0.0112596 0.0132602 0.0279064 0.0902919 0.0254002 0.018403 0.0541848 0.0764789 0.0383797 0.031171 0.0119268 0.0109009 0.0151443 0.080832 0.053199 0.0092353 0.00482158 0.00377534 0.00375241 0.00374936 0 0.00374652 0.0163489 0.135584 0.0410261 0.69445 0.0342766 0.0236048 0.0512803 0.0229449 0.0160604 0.0445592 0.0676466 0.0489263 0.0404483 0.0244895 0.0301398 0.0133832 0.0118095 0.035241 0.0310552 0.0302056 0.0112313 
0.00824428 0.00831083 0.00899696 0.00873776 0.0088351 0.0083518 0.00836497 0.00894602 0.00840205 0.0087208 0.00896291 0.0084589 0.00962513 0.0092525 0.0115343 0.0162887 0.0109872 0.0114141 0.00942877 0.00928121 0.0145215 0.0219998 0.0149049 0.0183959 0.0513809 0.0332796 0.0177746 0.0196465 0.024806 0.0198991 0.0170117 0.0160319 0.0156088 0.0479947 0.0080336 0.00517986 0.00505054 0.00412586 0.00380557 0.00373069 0.00374652 0 0.0308063 0.0180039 0.0440875 0.0549198 0.688748 0.025362 0.0230153 0.0524662 0.0278435 0.0158704 0.0198877 0.015214 0.0138825 0.0125727 0.0123753 0.0166831 0.0227636 0.0107579 0.0113566 0.0129909 0.0157755 
0.00843454 0.00888496 0.00935618 0.00849894 0.00863178 0.00851788 0.00855456 0.00859364 0.00826515 0.00843141 0.00815727 0.00847719 0.00872402 0.00899818 0.0106081 0.00981684 0.0102499 0.00899122 0.00914132 0.00863946 0.00999034 0.0109362 0.0195268 0.0125205 0.0209224 0.0313963 0.0199289 0.0138124 0.0140615 0.0104687 0.0262097 0.0109783 0.0128115 0.0214253 0.0140758 0.00997238 0.0174295 0.550392 0.0444346 0.104205 0.0163489 0.0308063 0 0.00382135 0.0037948 0.00396999 0.00404036 0.00561742 0.00681958 0.0130074 0.165633 0.0336331 0.0173794 0.0230335 0.0113469 0.013088 0.0113922 0.0277257 0.024434 0.0115862 0.0183725 0.0102641 0.0228639 
0.00836689 0.00823665 0.00838904 0.00860545 0.00891262 0.00859221 0.00823774 0.00825859 0.00845923 0.00832624 0.00827063 0.00883462 0.00884981 0.00964756 0.00893036 0.00992712 0.009908 0.0130551 0.00936941 0.0096669 0.0085973 0.0114281 0.0168104 0.0240798 0.0141021 0.0241789 0.0562495 0.0468765 0.0191895 0.0205415 0.010084 0.0098421 0.0098042 0.0203221 0.018618 0.0135958 0.00940761 0.0158306 0.689564 0.0357294 0.135584 0.0180039 0.00382135 0 0.00373398 0.00375858 0.0037751 0.00529409 0.00582601 0.0175476 0.0395571 0.136994 0.0540083 0.0184045 0.0278899 0.0159136 0.0202414 0.0106263 0.0162706 0.0638042 0.0120245 0.0484673 0.010292 
0.00840943 0.00836308 0.00853507 0.00890589 0.0099719 0.00903325 0.00842618 0.00832262 0.00855263 0.0083449 0.00821118 0.00879688 0.010174 0.0100774 0.00892558 0.00954521 0.0134263 0.0145687 0.0132913 0.00919556 0.00881928 0.00970599 0.0325205 0.0244091 0.0130331 0.0183445 0.0657015 0.0848821 0.0698673 0.0125245 0.0106505 0.00874081 0.00886432 0.0112027 0.0190587 0.0114297 0.00940412 0.0184938 0.0134965 0.706281 0.0410261 0.0440875 0.0037948 0.00373398 0 0.00374924 0.00374528 0.00437692 0.00759698 0.0157006 0.0322483 0.0529659 0.111768 0.0730392 0.0272899 0.0476034 0.0138252 0.0116539 0.0152563 0.0197977 0.161323 0.0146282 0.0136503 
0.00823962 0.0082348 0.00868936 0.008857 0.00903214 0.00864688 0.00818736 0.00831076 0.00847287 0.00821492 0.00815887 0.0091929 0.00936956 0.00970888 0.0088126 0.010911 0.0120699 0.012304 0.00978186 0.00984667 0.00914376 0.0109617 0.0176941 0.0280078 0.0129925 0.0170537 0.0377801 0.0488171 0.0280381 0.0173121 0.0110078 0.00965496 0.00994872 0.0134418 0.0150714 0.0113715 0.0106616 0.0150029 0.0353138 0.0316483 0.69445 0.0549198 0.00396999 0.00375858 0.00374924 0 0.00397964 0.00635136 0.0176043 0.00496734 0.0271284 0.0426916 0.0528667 0.0495649 0.0366828 0.0173192 0.0282196 0.0120709 0.015499 0.0549316 0.0287179 0.0468744 0.0128954 
0.00832162 0.00822219 0.00864557 0.00844554 0.00860779 0.00821245 0.00826619 0.00850597 0.00809812 0.00873014 0.00853021 0.00836953 0.00895172 0.00855706 0.0102356 0.0143661 0.00880031 0.0114453 0.00869411 0.00862002 0.0110018 0.015387 0.0104504 0.0155054 0.0300479 0.0223309 0.015742 0.0225089 0.013616 0.0190997 0.0166467 0.0101648 0.0111549 0.0237789 0.0103272 0.00972776 0.0127552 0.0205111 0.0163778 0.0188497 0.0342766 0.688748 0.00404036 0.0037751 0.00374528 0.00397964 0 0.0206723 0.00408573 0.00536627 0.0235372 0.0187451 0.0240916 0.0217018 0.0297393 0.0143342 0.0138001 0.0528834 0.0289075 0.0145162 0.0139573 0.022329 0.0466449 
0.00822627 0.00843783 0.0083282 0.00834373 0.00869377 0.008454 0.00835623 0.00849025 0.00813703 0.00847647 0.00819152 0.00823615 0.00843095 0.0085138 0.0100195 0.00940116 0.00893436 0.00917714 0.00835616 0.00825808 0.00927173 0.011519 0.0136493 0.0122945 0.0145779 0.0225468 0.0156272 0.0138716 0.0100948 0.0108846 0.0143706 0.0109729 0.0132696 0.0196163 0.0100908 0.0103441 0.0140186 0.0238515 0.0319131 0.0151815 0.0236048 0.025362 0.00561742 0.00529409 0.00437692 0.00635136 0.0206723 0 0.00383499 0.00373599 0.186766 0.0565038 0.0325347 0.0171829 0.0127921 0.0134713 0.0104902 0.0290875 0.021658 0.0173134 0.0115377 0.0131526 0.0160301 
0.00818017 0.00816462 0.00837034 0.00839011 0.00861401 0.00834071 0.00808335 0.00812885 0.00822854 0.00807877 0.00802425 0.00877141 0.00857344 0.00873868 0.00828938 0.00890619 0.00986371 0.00876655 0.00864376 0.0087607 0.00841533 0.0088002 0.0145402 0.0128596 0.010293 0.0130185 0.0221575 0.0138792 0.0130629 0.0118234 0.0106056 0.00992785 0.00972253 0.0114004 0.0179067 0.0106481 0.00923719 0.0172773 0.0183517 0.0296982 0.0512803 0.0230153 0.00681958 0.00582601 0.00759698 0.0176043 0.00408573 0.00383499 0 0.0040893 0.0270345 0.118242 0.0272636 0.0224468 0.0148534 0.013076 0.0345575 0.0100364 0.0169308 0.0159943 0.017648 0.0232519 0.0105336 
0.00821349 0.00812585 0.0083855 0.00843374 0.0100899 0.00817181 0.00809348 0.00831644 0.0080671 0.00820779 0.00811479 0.00817892 0.00846898 0.00838089 0.00864231 0.0100459 0.00845498 0.0091118 0.00839924 0.00828793 0.0086637 0.0118861 0.00970966 0.0100523 0.0122327 0.0167389 0.0110575 0.0123674 0.0112197 0.0107368 0.0100801 0.00884104 0.00900925 0.0213039 0.00935266 0.00907126 0.00904493 0.0140606 0.0153306 0.0135347 0.0229449 0.0524662 0.0130074 0.0175476 0.0157006 0.00496734 0.00536627 0.00373599 0.0040893 0 0.0252211 0.0188225 0.0399996 0.0171636 0.0170749 0.0145129 0.0149095 0.0319227 0.0192372 0.0147011 0.0111544 0.0139545 0.013517 
0.00846798 0.00871873 0.00873527 0.00851185 0.00880873 0.00850853 0.00874963 0.00876652 0.00821421 0.00844095 0.00815793 0.00830685 0.00856832 0.00849395 0.00912104 0.00957493 0.00891016 0.00872984 0.00842959 0.00830955 0.00879357 0.0112281 0.0132742 0.0113563 0.0154104 0.0199997 0.0159193 0.0127322 0.0108425 0.00977032 0.0145914 0.00973573 0.0111989 0.0157722 0.010109 0.00994858 0.0139478 0.0512215 0.0245013 0.0203381 0.0160604 0.0278435 0.165633 0.0395571 0.0322483 0.0271284 0.0235372 0.186766 0.0270345 0.0252211 0 0.00442823 0.00380544 0.00391367 0.00399883 0.00381818 0.00397926 0.010145 0.120238 0.0351783 0.0191489 0.0155474 0.0252477 
0.00846676 0.00834234 0.00853973 0.0088038 0.00926915 0.00878589 0.0083652 0.00834295 0.00846326 0.00833075 0.00823034 0.00896126 0.00875372 0.00905068 0.00896018 0.00951432 0.0107707 0.0106105 0.00946432 0.00902349 0.00862662 0.00982392 0.0189853 0.0188456 0.012108 0.0215949 0.0466207 0.0351723 0.0219936 0.0122937 0.0100414 0.00900703 0.00962217 0.0151221 0.0163591 0.0115093 0.00938997 0.025849 0.107266 0.076411 0.0445592 0.0158704 0.0336331 0.136994 0.0529659 0.0426916 0.0187451 0.0565038 0.118242 0.0188225 0.00442823 0 0.0059831 0.0037604 0.00378222 0.0038372 0.00445207 0.00391469 0.271391 0.0852297 0.0513316 0.0360193 0.0144587 
0.00857564 0.00851101 0.0086348 0.00910434 0.00990283 0.00914443 0.00849753 0.00845839 0.00858093 0.0085327 0.00834351 0.00884055 0.00943528 0.00941296 0.0094053 0.00996938 0.0119634 0.0154106 0.0112251 0.00927034 0.00893046 0.0106236 0.0177883 0.0229387 0.0132555 0.0160746 0.0478958 0.089342 0.042061 0.014317 0.00975051 0.00848984 0.00903417 0.0135432 0.0152336 0.0106692 0.00908427 0.0147826 0.056964 0.111119 0.0676466 0.0198877 0.0173794 0.0540083 0.111768 0.0528667 0.0240916 0.0325347 0.0272636 0.0399996 0.00380544 0.0059831 0 0.00372987 0.00373422 0.0037347 0.00372943 0.00379979 0.0429613 0.342967 0.0708545 0.0554159 0.0150809 
0.00833714 0.00831692 0.00846181 0.00873031 0.00916831 0.00853976 0.0082278 0.00825425 0.00839631 0.00830957 0.0081669 0.00863047 0.00899428 0.00906215 0.00871804 0.00916915 0.0103601 0.0112717 0.00991996 0.00882342 0.00858485 0.00927197 0.0155592 0.0167658 0.0113614 0.0157062 0.0325669 0.0529966 0.0398447 0.0114045 0.0100816 0.0083576 0.00836726 0.0110806 0.013047 0.00958565 0.00910148 0.0160314 0.0205319 0.110541 0.0489263 0.015214 0.0230335 0.0184045 0.0730392 0.0495649 0.0217018 0.0171829 0.0224468 0.0171636 0.00391367 0.0037604 0.00372987 0 0.00376428 0.00371187 0.00372001 0.00373235 0.0689409 0.0421572 0.385084 0.0209715 0.0180373 
0.00821274 0.00824356 0.00830378 0.00844819 0.00884901 0.00837515 0.00815512 0.00820572 0.00825635 0.00813757 0.00810107 0.00853887 0.00876957 0.0086918 0.0084327 0.00888655 0.00961654 0.0102389 0.00920698 0.00844701 0.00837673 0.00887123 0.0113013 0.0122069 0.0102149 0.0105873 0.0216066 0.0318535 0.0232138 0.0109475 0.0089722 0.00821831 0.00839011 0.00962095 0.00991904 0.00916644 0.00850538 0.0106566 0.0285333 0.0377003 0.0404483 0.0138825 0.0113469 0.0278899 0.0272899 0.0366828 0.0297393 0.0127921 0.0148534 0.0170749 0.00399883 0.00378222 0.00373422 0.00376428 0 0.00371831 0.00372131 0.00370811 0.0278615 0.102518 0.0312821 0.125175 0.0116384 
0.00827269 0.00824871 0.00835893 0.00845071 0.00872673 0.00838742 0.00817379 0.00821381 0.00827257 0.00819221 0.00810565 0.00842122 0.00859895 0.00855943 0.00832217 0.0085213 0.00887488 0.00974167 0.00881028 0.00838114 0.00847748 0.00853287 0.0105281 0.0112041 0.00949484 0.0105508 0.0170953 0.0281631 0.022243 0.00990378 0.00900804 0.00829737 0.00820198 0.00917491 0.00959362 0.0123671 0.00851961 0.0104176 0.0161999 0.0422726 0.0244895 0.0125727 0.013088 0.0159136 0.0476034 0.0173192 0.0143342 0.0134713 0.013076 0.0145129 0.00381818 0.0038372 0.0037347 0.00371187 0.00371831 0 0.00375569 0.00370191 0.0332026 0.0341041 0.133319 0.0199141 0.0279201 
0.00823335 0.00822967 0.00832266 0.00828284 0.00842144 0.00825184 0.00808859 0.00809983 0.00813348 0.00803454 0.00802126 0.00829156 0.008374 0.00829837 0.00813356 0.00829041 0.00868354 0.00864291 0.00843974 0.00826616 0.00835366 0.00847909 0.00939437 0.00967095 0.00909308 0.00986228 0.0129916 0.0127234 0.0105684 0.00995158 0.00908201 0.00824407 0.00839454 0.00911708 0.0102294 0.00899745 0.00831625 0.0103802 0.0135349 0.0157007 0.0301398 0.0123753 0.0113922 0.0202414 0.0138252 0.0282196 0.0138001 0.0104902 0.0345575 0.0149095 0.00397926 0.00445207 0.00372943 0.00372001 0.00372131 0.00375569 0 0.00370343 0.014232 0.0445546 0.0294774 0.112478 0.0168149 
0.00839643 0.00822828 0.00827885 0.00830317 0.00828499 0.00816449 0.00813378 0.00814956 0.0080138 0.00804523 0.00803294 0.00806784 0.0081459 0.00814014 0.00824411 0.00874575 0.00816513 0.00828326 0.00806055 0.00800416 0.00825985 0.00890886 0.00851889 0.00867617 0.00928956 0.0121875 0.00919544 0.00957198 0.00943893 0.00891958 0.00905798 0.00856866 0.0085516 0.0138318 0.00884345 0.00842478 0.0084688 0.0156672 0.0109214 0.0107723 0.0133832 0.0166831 0.0277257 0.0106263 0.0116539 0.0120709 0.0528834 0.0290875 0.0100364 0.0319227 0.010145 0.00391469 0.00379979 0.00373235 0.00370811 0.00370191 0.00370343 0 0.0287815 0.0138151 0.020062 0.0372946 0.237178 
