1UMIA
GSHFYFLSKRRRNLLRNPAGEEDLEGWSDVEHGGDGWKVEELPGDNGVEFTQDDSVKKYFASSFEWCRKAQVIDLQAEGYWEELLDTTQPAIVVKDWYSGRTDAGSLYELTVRLLSENEDVLAEFATGQVAVPEDGSWMEISHTFIDYGPGVRFVRFEHGGQDSVYWKGWFGARVTNSSVWVEP
CCCHHHHHHHCCCCCCCCCCCCCCCCCEEEEECCCCCEEEECCCCCCCCCCCCCCCCEEEECCCCCEEEEEEEECCCCCCCHHHHHHCCCEEEEEEEEECCCCCCEEEEEEEEEECCCCCEEEEEECCCEECCCCCCCEEEEEEECCCCCCCCEEEEEEEEEECCCCCCCCCCEEEEEEEEEEC
0 0 0 0 0 0 0 0 0 0 0 0 0 0 0 0 0 0 0 0 0 0 0 0 0 0 0 0 0 0 0 0 0 0 0 0 0 0 0 0 0 0 0 0 0 0 0 0 0 0 0 0 0 0 0 0 0 0 0 0 0 0 0 0 0 0 0 0 0 0 0 0 0 0 0 0 0 0 0 0 0 0 0 0 0 0 0 0 0 0 0 0 0 0 0 0 0 0 0 0 0 0 0 0 0 0 0 0 0 0 0 0 0 0 0 0 0 0 0 0 0 0 0 0 0 0 0 0 0 0 0 0 0 0 0 0 0 0 0 0 0 0 0 0 0 0 0 0 0 0 0 0 0 0 0 0 0 0 0 0 0 0 0 0 0 0 0 0 0 0 0 0 0 0 0 0 0 0 0 0 0 0 0 0 
0 0 0 0 0 0 0 0 0 0 0 0 0 0 0 0 0 0 0 0 0 0 0 0 0 0 0 0 0 0 0 0 0 0 0 0 0 0 0 0 0 0 0 0 0 0 0 0 0 0 0 0 0 0 0 0 0 0 0 0 0 0 0 0 0 0 0 0 0 0 0 0 0 0 0 0 0 0 0 0 0 0 0 0 0 0 0 0 0 0 0 0 0 0 0 0 0 0 0 0 0 0 0 0 0 0 0 0 0 0 0 0 0 0 0 0 0 0 0 0 0 0 0 0 0 0 0 0 0 0 0 0 0 0 0 0 0 0 0 0 0 0 0 0 0 0 0 0 0 0 0 0 0 0 0 0 0 0 0 0 0 0 0 0 0 0 0 0 0 0 0 0 0 0 0 0 0 0 0 0 0 0 0 0 
0 0.00387548 0.00372595 0.00449614 0.00562306 0.00797174 0.00615106 0.0150588 0.18496 0.0163272 0.00958814 0.00971946 0.0135588 0.00990488 0.00900399 0.00922222 0.00924755 0.00917611 0.00908133 0.0091654 0.0151876 0.00954804 0.00892947 0.00914469 0.0087159 0.00856178 0.00837757 0.00843005 0.00841221 0.00962752 0.00818717 0.00807455 0.00822305 0.00821556 0.00827524 0.008404 0.0082951 0.008384 0.00831238 0.00961168 0.00832954 0.00801865 0.00802119 0.00809605 0.00812308 0.00875645 0.00809946 0.00868739 0.00800725 0.00791382 0.0079125 0.00794652 0.00790181 0.00798632 0.00842736 0.0081744 0.00798891 0.00812398 0.00794837 0.00793537 0.00789753 0.00790774 0.0079325 0.00794183 0.00821652 0.00805306 0.00794008 0.00797082 0.00795185 0.0079466 0.00798402 0.00801863 0.00804425 0.00799468 0.00822139 
0.00387548 0 0.00382648 0.00375896 0.00371157 0.00524273 0.00632063 0.0266997 0.0323582 0.00884478 0.0118571 0.0102935 0.00868667 0.00895196 0.00986003 0.00900645 0.0114221 0.00937088 0.0091694 0.00983312 0.00846072 0.00898514 0.00984233 0.0100961 0.00968494 0.00903614 0.00886149 0.00905341 0.00908251 0.00829208 0.0081412 0.00818957 0.00842168 0.00865272 0.00863949 0.00865419 0.00892759 0.00875591 0.00842452 0.0082928 0.00799535 0.00800945 0.00822231 0.00818426 0.0082853 0.00802708 0.00793509 0.00807625 0.00791078 0.00806771 0.0080121 0.00801688 0.00798725 0.00803023 0.00797301 0.00803576 0.00825517 0.00819311 0.00823879 0.00814076 0.00801088 0.00819087 0.00809285 0.00807908 0.00798679 0.00803969 0.00820092 0.0082616 0.00826696 0.00813982 0.0082216 0.008191 0.00864253 0.00814958 0.00805324 
0.00372595 0.00382648 0 0.00371237 0.00370855 0.00608354 0.0160763 0.0581217 0.00796093 0.00872184 0.00977135 0.00964897 0.00859549 0.00853956 0.00930599 0.0124337 0.009984 0.00981643 0.0107077 0.009055 0.00855618 0.0086138 0.0107826 0.0127243 0.0117401 0.00993875 0.0103459 0.0123777 0.00865657 0.00830747 0.00813862 0.0082548 0.00932116 0.00887475 0.00958277 0.0089698 0.00978547 0.00994945 0.00852954 0.00830377 0.00803215 0.00812018 0.00857475 0.00836568 0.00820507 0.00803191 0.00796483 0.00795631 0.00792112 0.00803764 0.0082259 0.00798737 0.00818519 0.00800152 0.00800099 0.00805425 0.00828958 0.00846305 0.00826029 0.00813022 0.00828343 0.00818698 0.00824498 0.00809032 0.00794601 0.00795806 0.00819127 0.00818958 0.00816685 0.00813854 0.00820341 0.00852533 0.0083767 0.00819275 0.00804438 
0.00449614 0.00375896 0.00371237 0 0.00375662 0.0193422 0.052229 0.00968827 0.00609594 0.00876766 0.00996899 0.0118551 0.00914103 0.00884639 0.0148083 0.00942064 0.00923692 0.00941093 0.00933859 0.00967548 0.00879259 0.00906857 0.011478 0.010614 0.0101597 0.00923641 0.00907902 0.00930876 0.00998622 0.0083582 0.00824093 0.00856319 0.00843692 0.00861122 0.00865638 0.00898433 0.00850651 0.00887632 0.00891995 0.00840178 0.00803338 0.00820836 0.00816748 0.00825978 0.00828082 0.00795845 0.00796771 0.00802442 0.00792743 0.00805584 0.00798608 0.00800483 0.00802799 0.00804597 0.00797421 0.00807077 0.00838801 0.00823811 0.00820103 0.00812197 0.00806211 0.00803033 0.00811169 0.00814614 0.00800154 0.00798546 0.00820909 0.00822353 0.00815209 0.00802428 0.00824147 0.00824539 0.00830133 0.00813062 0.00801194 
0.00562306 0.00371157 0.00370855 0.00375662 0 0.12531 0.00646287 0.0053185 0.00649791 0.0114103 0.00922796 0.0102317 0.0141634 0.017733 0.0100251 0.00882695 0.00897451 0.00851193 0.00858419 0.008784 0.0132607 0.0126124 0.00899667 0.00892549 0.00878344 0.00861746 0.0084452 0.0083429 0.00861781 0.00993245 0.0107167 0.00820408 0.00816026 0.00821052 0.00830362 0.00839747 0.00826241 0.00826358 0.0083491 0.00891618 0.00911288 0.00803289 0.00796876 0.00809864 0.00799715 0.00824489 0.0083524 0.00832218 0.00836016 0.00799035 0.00791047 0.00793302 0.00790857 0.00795333 0.00798689 0.00876035 0.00801785 0.00804395 0.00802024 0.00797147 0.00794856 0.00795638 0.00797719 0.00793173 0.00815117 0.00827655 0.00795948 0.0079888 0.0079501 0.00797522 0.00797968 0.00801129 0.00800492 0.007948 0.00796598 
0.00797174 0.00524273 0.00608354 0.0193422 0.12531 0 0.00371534 0.00380257 0.00457452 0.0432963 0.0106188 0.0191799 0.241505 0.0120623 0.00972051 0.0101096 0.0100374 0.0100585 0.0105622 0.00944776 0.0328661 0.0156397 0.0111256 0.0138706 0.00999287 0.00996945 0.0091177 0.00933674 0.00926565 0.0113824 0.00896847 0.00860272 0.00858127 0.0101206 0.00856303 0.0111079 0.00857283 0.0121742 0.00876904 0.0125481 0.00876895 0.008623 0.00807379 0.0102813 0.00823162 0.00983187 0.0082437 0.0103165 0.00809905 0.00826781 0.0080599 0.00834985 0.0080454 0.00858718 0.0083878 0.00933323 0.00834706 0.00872227 0.00811988 0.00838716 0.007979 0.00805771 0.00810899 0.00815231 0.00827309 0.00856499 0.00804917 0.00821678 0.0081351 0.00810571 0.0081518 0.00823874 0.00866286 0.00813679 0.00870025 
0.00615106 0.00632063 0.0160763 0.052229 0.00646287 0.00371534 0 0.005305 0.00371213 0.0175224 0.0617906 0.23518 0.0166804 0.00950945 0.0164625 0.0101414 0.0126041 0.0123313 0.00953473 0.0243069 0.00893804 0.0116047 0.0252911 0.014022 0.0195786 0.0102574 0.0111444 0.0131694 0.0104054 0.0088299 0.00888594 0.00861849 0.012261 0.00906639 0.017186 0.00884316 0.0167441 0.00882385 0.0142209 0.0085715 0.00858097 0.00823995 0.010313 0.0083046 0.00946165 0.00812419 0.00848513 0.00819063 0.008105 0.00806042 0.00880756 0.00814244 0.00855369 0.00813537 0.00831222 0.00837938 0.00921931 0.00854086 0.00893881 0.00826153 0.00836866 0.00833138 0.00840204 0.00824217 0.0080162 0.00803667 0.00873241 0.00838606 0.0083504 0.00835609 0.00839125 0.00899465 0.00844424 0.00863612 0.00813128 
0.0150588 0.0266997 0.0581217 0.00968827 0.0053185 0.00380257 0.005305 0 0.00378285 0.0149879 0.334934 0.0749468 0.0154672 0.010858 0.0184879 0.0110064 0.0103565 0.0111797 0.0144564 0.0145938 0.0100286 0.0108186 0.0212412 0.0179762 0.0146094 0.012725 0.0113976 0.0117864 0.0125529 0.00942179 0.00932146 0.0104874 0.00920159 0.0116949 0.00972956 0.0116935 0.00941173 0.0114708 0.0106422 0.00906987 0.00871633 0.00919316 0.00854803 0.00895761 0.00868266 0.00830717 0.00828108 0.0083002 0.00815135 0.00839496 0.00828923 0.00824667 0.00831704 0.00838675 0.00818221 0.00908377 0.00890409 0.00879119 0.00861692 0.00838439 0.00847735 0.00836875 0.00845855 0.00827887 0.0081729 0.00827947 0.00860983 0.00855536 0.00842013 0.0083576 0.00849936 0.00869209 0.00859778 0.00849276 0.00834411 
0.18496 0.0323582 0.00796093 0.00609594 0.00649791 0.00457452 0.00371213 0.00378285 0 0.236092 0.0168006 0.0425323 0.0499075 0.0216237 0.0109897 0.00981793 0.0102467 0.0121652 0.0102689 0.00984528 0.0281236 0.020505 0.0111729 0.0113602 0.0102403 0.0101098 0.0096877 0.00954159 0.00941382 0.01146 0.0159543 0.00929036 0.00917477 0.00956102 0.00950636 0.010162 0.008849 0.0111278 0.00902763 0.0105619 0.0129369 0.00874123 0.00851133 0.00906609 0.00847633 0.00942123 0.00974715 0.00903514 0.0105082 0.00822946 0.00828704 0.00822222 0.00812889 0.00829221 0.00837457 0.0122044 0.00927392 0.00851712 0.00843207 0.0082571 0.00820388 0.00822241 0.00819292 0.00813912 0.00816295 0.0104882 0.00853287 0.00826217 0.00819625 0.00813386 0.00826238 0.00829779 0.00839409 0.00820825 0.00818878 
0.0163272 0.00884478 0.00872184 0.00876766 0.0114103 0.0432963 0.0175224 0.0149879 0.236092 0 0.00503141 0.00382426 0.00390453 0.00680931 0.00663267 0.00803618 0.0262168 0.0155695 0.00919956 0.00834669 0.0269638 0.0251705 0.017756 0.0133739 0.011093 0.0107734 0.0103032 0.00966834 0.00966255 0.0134856 0.0103845 0.00928588 0.00913577 0.0109219 0.00937033 0.0111795 0.0103048 0.0113684 0.00948378 0.0154512 0.0101054 0.00908687 0.0086173 0.0092263 0.00863298 0.0109311 0.00868556 0.0105121 0.00851793 0.00836648 0.0081247 0.00832961 0.00808264 0.0084446 0.00899592 0.0105747 0.00867179 0.00859344 0.00824976 0.00836698 0.00804221 0.00816201 0.00815669 0.00817488 0.00853126 0.00853466 0.00823974 0.00828081 0.0081456 0.00813487 0.00816283 0.00825196 0.0088093 0.0083102 0.00864526 
0.00958814 0.0118571 0.00977135 0.00996899 0.00922796 0.0106188 0.0617906 0.334934 0.0168006 0.00503141 0 0.00380119 0.00375822 0.00477037 0.00821155 0.0278646 0.0119238 0.00876362 0.00789001 0.0243566 0.00776418 0.0229312 0.0447379 0.0238307 0.0222795 0.0137707 0.0121783 0.0157588 0.0140316 0.0095227 0.0108273 0.0102966 0.0163615 0.0117666 0.019455 0.0109382 0.0207154 0.0128096 0.0169867 0.00976641 0.0105127 0.00973453 0.0114801 0.00931469 0.0104641 0.00866941 0.00901715 0.00896425 0.00878161 0.00858815 0.00919336 0.00837847 0.00903359 0.00864428 0.00856451 0.0102047 0.0118615 0.00999873 0.00998532 0.00864864 0.00873035 0.0086234 0.00883578 0.00875228 0.00814385 0.00827441 0.00957938 0.00893877 0.0086944 0.00865133 0.00868337 0.00921945 0.00919495 0.00949906 0.00865531 
0.00971946 0.0102935 0.00964897 0.0118551 0.0102317 0.0191799 0.23518 0.0749468 0.0425323 0.00382426 0.00380119 0 0.00380514 0.00736776 0.0463474 0.0102098 0.00873474 0.00766597 0.0161449 0.00882178 0.0111642 0.0157314 0.0322666 0.0275667 0.0198616 0.0179751 0.0138294 0.0174548 0.0292999 0.0117235 0.0104751 0.0172753 0.010721 0.01995 0.0115962 0.0182536 0.0108836 0.0212788 0.0209486 0.0114079 0.00960963 0.0126296 0.00957696 0.0121815 0.00989867 0.00900185 0.00894738 0.00995321 0.00868257 0.0106509 0.00861923 0.00895993 0.00894796 0.00970248 0.00851856 0.0105906 0.0120838 0.0131765 0.00938892 0.00984674 0.00893216 0.00950107 0.00970823 0.00940099 0.00828535 0.00915949 0.0093607 0.0103415 0.00936627 0.00886501 0.00950594 0.0100524 0.0103851 0.0102266 0.00883414 
0.0135588 0.00868667 0.00859549 0.00914103 0.0141634 0.241505 0.0166804 0.0154672 0.0499075 0.00390453 0.00375822 0.00380514 0 0.0471496 0.0111255 0.00545388 0.00608631 0.0245229 0.00664353 0.00949174 0.012583 0.0219077 0.0150904 0.0136257 0.0141561 0.0120488 0.0118471 0.011252 0.01609 0.0255849 0.0202841 0.00955863 0.011572 0.0103685 0.012799 0.0103309 0.0124364 0.00956435 0.0135584 0.0179613 0.0135186 0.0090593 0.00989617 0.00883142 0.0100217 0.00943398 0.012292 0.00934046 0.0126548 0.0085602 0.00888069 0.00839913 0.0087539 0.00847341 0.010135 0.0137082 0.0100174 0.00913931 0.00952913 0.00852152 0.00866219 0.0090301 0.00918548 0.00849526 0.00937386 0.0106107 0.00889274 0.0087753 0.00918448 0.00868018 0.00872885 0.00960327 0.00915333 0.00927426 0.00861351 
0.00990488 0.00895196 0.00853956 0.00884639 0.017733 0.0120623 0.00950945 0.010858 0.0216237 0.00680931 0.00477037 0.00736776 0.0471496 0 0.00371627 0.00373309 0.00375857 0.00374798 0.00382779 0.00400089 0.00577993 0.0225427 0.0142351 0.0126287 0.0116243 0.0100362 0.00964 0.00994223 0.0117958 0.0308549 0.0106177 0.0090076 0.0100496 0.0102689 0.0109829 0.0102812 0.0117479 0.0110035 0.0109663 0.0244859 0.0101724 0.00906281 0.00879073 0.00918618 0.00949857 0.0132628 0.00903229 0.0124874 0.0085842 0.00842708 0.00843844 0.00838859 0.00834808 0.00850673 0.0117147 0.0104779 0.00922515 0.00902814 0.00858001 0.00832539 0.00834147 0.00825077 0.0110592 0.00845922 0.00983668 0.00905676 0.00843914 0.00851288 0.00871315 0.00823709 0.00860999 0.00870435 0.00885482 0.00911816 0.00987992 
0.00900399 0.00986003 0.00930599 0.0148083 0.0100251 0.00972051 0.0164625 0.0184879 0.0109897 0.00663267 0.00821155 0.0463474 0.0111255 0.00371627 0 0.00372692 0.00373836 0.00371029 0.00374725 0.00418823 0.00379164 0.0195062 0.030875 0.019404 0.017011 0.0156092 0.012879 0.0242272 0.0267161 0.010959 0.009865 0.0126332 0.0116997 0.0180693 0.0123938 0.016245 0.0129553 0.0167256 0.0160651 0.011314 0.00940683 0.0122852 0.00955858 0.0109617 0.0105278 0.00884382 0.00880643 0.00931269 0.008361 0.00981261 0.00918779 0.00886149 0.0091194 0.0092746 0.00842508 0.010581 0.0118677 0.0116623 0.00999239 0.00983155 0.00919101 0.00994251 0.00995717 0.00943136 0.00843231 0.00855254 0.00942042 0.00943392 0.00878911 0.00957273 0.00908468 0.0104533 0.00953573 0.0107682 0.00872856 
0.00922222 0.00900645 0.0124337 0.00942064 0.00882695 0.0101096 0.0101414 0.0110064 0.00981793 0.00803618 0.0278646 0.0102098 0.00545388 0.00373309 0.00372692 0 0.00370283 0.00371695 0.00370958 0.00373776 0.00386096 0.0153262 0.0282942 0.0323911 0.0227027 0.0183506 0.031574 0.0317259 0.0157206 0.0125724 0.0105579 0.0102934 0.018749 0.0163301 0.0205963 0.017638 0.0192718 0.029368 0.0127076 0.0106561 0.00950712 0.00931435 0.0117075 0.0125413 0.0101971 0.00885155 0.00857834 0.00860335 0.00878131 0.00928495 0.00906648 0.00962802 0.010138 0.00874542 0.00867535 0.0102028 0.0130958 0.0151804 0.0132713 0.01164 0.0135426 0.0104466 0.0148483 0.00879764 0.00837927 0.00849206 0.0098106 0.0106133 0.0105505 0.0101375 0.0126381 0.0126544 0.0152538 0.00931843 0.00902877 
0.00924755 0.0114221 0.009984 0.00923692 0.00897451 0.0100374 0.0126041 0.0103565 0.0102467 0.0262168 0.0119238 0.00873474 0.00608631 0.00375857 0.00373836 0.00370283 0 0.003708 0.00373002 0.00372613 0.00374105 0.0159716 0.0304868 0.024649 0.0337642 0.0336399 0.0271995 0.0246518 0.0137082 0.0104472 0.0103417 0.0132268 0.0157003 0.0187527 0.025036 0.0252476 0.0357036 0.017154 0.0139172 0.0103829 0.00985146 0.0108717 0.0140294 0.011293 0.01054 0.00880634 0.00888716 0.00874579 0.00887972 0.00967848 0.0107825 0.00936785 0.011895 0.00891948 0.00856246 0.0108111 0.0165675 0.0133708 0.0155921 0.0125483 0.0112705 0.012404 0.0114956 0.00912021 0.00850061 0.0090327 0.0107503 0.0111374 0.0111275 0.0118689 0.0109348 0.0183829 0.0109066 0.0107546 0.00907065 
0.00917611 0.00937088 0.00981643 0.00941093 0.00851193 0.0100585 0.0123313 0.0111797 0.0121652 0.0155695 0.00876362 0.00766597 0.0245229 0.00374798 0.00371029 0.00371695 0.003708 0 0.00371351 0.0036748 0.00372521 0.0139164 0.0432398 0.037822 0.0381843 0.0314165 0.0229662 0.0196182 0.0120984 0.0165933 0.0106489 0.0109291 0.0191377 0.0203211 0.0368537 0.0233384 0.0268575 0.0179109 0.0167909 0.0094414 0.00992489 0.0106203 0.0149805 0.011459 0.011028 0.00878661 0.00864709 0.00861653 0.00933951 0.00927298 0.0122081 0.00946037 0.0110354 0.00858399 0.00874567 0.0113212 0.0156556 0.0180488 0.0204843 0.0113077 0.0122137 0.0107008 0.0121822 0.00868982 0.00842211 0.00863258 0.0110764 0.0106472 0.0128773 0.0104019 0.0127516 0.0154128 0.0121351 0.0101855 0.00886902 
0.00908133 0.0091694 0.0107077 0.00933859 0.00858419 0.0105622 0.00953473 0.0144564 0.0102689 0.00919956 0.00789001 0.0161449 0.00664353 0.00382779 0.00374725 0.00370958 0.00373002 0.00371351 0 0.00392762 0.00377574 0.0175469 0.0355602 0.0561521 0.0359537 0.0237548 0.0185274 0.0183722 0.0125155 0.00945445 0.0092662 0.0123304 0.0122396 0.0386573 0.0133962 0.0314104 0.0109177 0.0479347 0.0102343 0.00986008 0.00941632 0.0125185 0.010213 0.0277112 0.00899431 0.00897779 0.00843664 0.00898226 0.00855423 0.0111402 0.00896276 0.0117218 0.00948118 0.00997886 0.00841235 0.0102395 0.0118121 0.0427917 0.0102343 0.0153132 0.00941457 0.01071 0.0102907 0.0087999 0.00833731 0.00887122 0.00907968 0.0131813 0.00944106 0.0101675 0.0117928 0.0106218 0.0143307 0.00958878 0.00911841 
0.0091654 0.00983312 0.009055 0.00967548 0.008784 0.00944776 0.0243069 0.0145938 0.00984528 0.00834669 0.0243566 0.00882178 0.00949174 0.00400089 0.00418823 0.00373776 0.00372613 0.0036748 0.00392762 0 0.00377943 0.0168014 0.0486066 0.0355692 0.0389317 0.0184209 0.0123185 0.0143656 0.0213334 0.0100128 0.011191 0.0114935 0.02071 0.0112716 0.0301086 0.00928797 0.0321422 0.00955085 0.037609 0.00932737 0.0114261 0.00992761 0.0193793 0.0088838 0.0200872 0.00850986 0.011703 0.0088138 0.0106206 0.00885875 0.011797 0.00844639 0.0107938 0.00870412 0.0091603 0.0104917 0.0251441 0.00919758 0.0167277 0.00858648 0.010348 0.00880458 0.00974553 0.00861017 0.00838943 0.00883591 0.0133395 0.00903901 0.0102922 0.00936575 0.00923137 0.0114931 0.0088807 0.0114465 0.00850051 
0.0151876 0.00846072 0.00855618 0.00879259 0.0132607 0.0328661 0.00893804 0.0100286 0.0281236 0.0269638 0.00776418 0.0111642 0.012583 0.00577993 0.00379164 0.00386096 0.00374105 0.00372521 0.00377574 0.00377943 0 0.0291456 0.0166866 0.0273413 0.0137542 0.0127864 0.0105041 0.010629 0.016846 0.0246263 0.015051 0.0110379 0.0102364 0.0186921 0.00930694 0.0195777 0.00911955 0.015566 0.0103549 0.0236401 0.0158728 0.0110998 0.00871995 0.0147871 0.00860871 0.014041 0.0105132 0.0124568 0.0128965 0.00960811 0.00829201 0.01028 0.00838653 0.0101392 0.00886274 0.0212245 0.00896766 0.0119324 0.00859365 0.00926425 0.00850023 0.00873149 0.00852612 0.00855482 0.00863795 0.0153604 0.00833467 0.00968159 0.00884825 0.00873786 0.00930612 0.00868013 0.00963944 0.0083533 0.00992027 
0.00954804 0.00898514 0.0086138 0.00906857 0.0126124 0.0156397 0.0116047 0.0108186 0.020505 0.0251705 0.0229312 0.0157314 0.0219077 0.0225427 0.0195062 0.0153262 0.0159716 0.0139164 0.0175469 0.0168014 0.0291456 0 0.00380723 0.00375647 0.00377107 0.00372337 0.00376772 0.0038326 0.0042394 0.0065621 0.0113941 0.00878132 0.00982441 0.0117354 0.0107145 0.0143646 0.0182043 0.0270825 0.0301579 0.0516949 0.0175202 0.0133728 0.0107846 0.01192 0.0111488 0.0201228 0.0123864 0.0202776 0.0120489 0.0120961 0.00943138 0.00967547 0.00944194 0.0102552 0.0155615 0.0286402 0.0177337 0.0123693 0.0105931 0.0110361 0.00922949 0.0096683 0.0114076 0.0105613 0.0123142 0.0151142 0.0121621 0.0101077 0.00966937 0.00979131 0.0100249 0.0108912 0.0117627 0.0107864 0.0151686 
0.00892947 0.00984233 0.0107826 0.011478 0.00899667 0.0111256 0.0252911 0.0212412 0.0111729 0.017756 0.0447379 0.0322666 0.0150904 0.0142351 0.030875 0.0282942 0.0304868 0.0432398 0.0355602 0.0486066 0.0166866 0.00380723 0 0.00373644 0.0037429 0.00374019 0.00372455 0.00418133 0.00572352 0.00449354 0.0126148 0.0128933 0.0173992 0.0131231 0.0249365 0.0154745 0.0600757 0.0399568 0.0799541 0.0124584 0.0183507 0.0189023 0.0229097 0.0109673 0.0245624 0.0100254 0.0154446 0.010611 0.0120827 0.0125854 0.0188989 0.0099464 0.0175226 0.0124709 0.0107849 0.0228448 0.0512774 0.0198243 0.0296061 0.0128735 0.0177103 0.0159655 0.0244351 0.0118463 0.00974281 0.0114159 0.0263432 0.015162 0.0165166 0.0163844 0.0158206 0.0276745 0.0203494 0.0263222 0.010847 
0.00914469 0.0100961 0.0127243 0.010614 0.00892549 0.0138706 0.014022 0.0179762 0.0113602 0.0133739 0.0238307 0.0275667 0.0136257 0.0126287 0.019404 0.0323911 0.024649 0.037822 0.0561521 0.0355692 0.0273413 0.00375647 0.00373644 0 0.0037238 0.00369505 0.0037184 0.00368716 0.00384475 0.00386312 0.00862203 0.0116855 0.0124971 0.0203695 0.0149072 0.0584029 0.031464 0.108069 0.0154539 0.0149704 0.0107812 0.0209988 0.0135734 0.0386221 0.0101151 0.0102576 0.00966978 0.0109769 0.00992792 0.0195468 0.0104957 0.0213439 0.0139943 0.0166845 0.00929739 0.0235953 0.0325829 0.0690956 0.0220814 0.0384452 0.0169862 0.0301269 0.0274776 0.012951 0.00897196 0.0127943 0.01623 0.0431402 0.025248 0.0247827 0.0372574 0.0403469 0.0748291 0.0136636 0.0134186 
0.0087159 0.00968494 0.0117401 0.0101597 0.00878344 0.00999287 0.0195786 0.0146094 0.0102403 0.011093 0.0222795 0.0198616 0.0141561 0.0116243 0.017011 0.0227027 0.0337642 0.0381843 0.0359537 0.0389317 0.0137542 0.00377107 0.0037429 0.0037238 0 0.00369809 0.00365849 0.00374621 0.00375584 0.00379569 0.00803363 0.00820915 0.0215209 0.0143251 0.0495447 0.0481858 0.0695547 0.0148085 0.0280526 0.0116275 0.0117573 0.0106243 0.0315906 0.0111106 0.0196407 0.00932882 0.0108248 0.00928955 0.0104255 0.00990915 0.0225385 0.0101942 0.0266144 0.0102364 0.0104148 0.0147651 0.0430831 0.0235758 0.0495197 0.0142075 0.035854 0.0193659 0.029873 0.0102903 0.00926061 0.0098477 0.0272882 0.0211583 0.0251697 0.0254502 0.0257311 0.0796229 0.0255072 0.0235888 0.0111379 
0.00856178 0.00903614 0.00993875 0.00923641 0.00861746 0.00996945 0.0102574 0.012725 0.0101098 0.0107734 0.0137707 0.0179751 0.0120488 0.0100362 0.0156092 0.0183506 0.0336399 0.0314165 0.0237548 0.0184209 0.0127864 0.00372337 0.00374019 0.00369505 0.00369809 0 0.0037066 0.00369407 0.00371043 0.00371401 0.00670977 0.00944703 0.0102507 0.0206306 0.0449503 0.0393952 0.0111428 0.0165727 0.0117552 0.00994578 0.00916078 0.0129045 0.0107966 0.0173396 0.00967937 0.00909099 0.00894823 0.00916151 0.00946441 0.0119829 0.0103871 0.0130962 0.0126984 0.0116529 0.00894568 0.0152616 0.019793 0.0401525 0.0235772 0.0304942 0.0154229 0.0189225 0.0177877 0.0115978 0.00872689 0.00995184 0.0138869 0.02333 0.0198236 0.0293737 0.0399708 0.0282499 0.033899 0.0122376 0.0118531 
0.00837757 0.00886149 0.0103459 0.00907902 0.0084452 0.0091177 0.0111444 0.0113976 0.0096877 0.0103032 0.0121783 0.0138294 0.0118471 0.00964 0.012879 0.031574 0.0271995 0.0229662 0.0185274 0.0123185 0.0105041 0.00376772 0.00372455 0.0037184 0.00365849 0.0037066 0 0.00369557 0.00370098 0.00370748 0.00627136 0.00841865 0.0198236 0.0808596 0.0410734 0.011352 0.0129674 0.0121923 0.0112581 0.00927044 0.00868529 0.00926792 0.0157618 0.0140199 0.0105412 0.00859518 0.00879088 0.00898547 0.00893478 0.010113 0.0126842 0.0127209 0.0131989 0.0111082 0.00912347 0.0119357 0.0197177 0.029188 0.0337215 0.0201345 0.0162251 0.0168007 0.0184083 0.0102306 0.0091115 0.00933615 0.013591 0.0191652 0.026306 0.0299043 0.0210795 0.0367872 0.0241037 0.0126262 0.0116585 
0.00843005 0.00905341 0.0123777 0.00930876 0.0083429 0.00933674 0.0131694 0.0117864 0.00954159 0.00966834 0.0157588 0.0174548 0.011252 0.00994223 0.0242272 0.0317259 0.0246518 0.0196182 0.0183722 0.0143656 0.010629 0.0038326 0.00418133 0.00368716 0.00374621 0.00369407 0.00369557 0 0.00374959 0.00370448 0.0060234 0.0136223 0.0767416 0.0572124 0.0174113 0.0121746 0.0122271 0.011846 0.0102411 0.00960034 0.00874237 0.0104995 0.0151216 0.0141006 0.0101164 0.00903874 0.00876215 0.00934211 0.00928273 0.0105371 0.0139181 0.0113707 0.0181026 0.0104727 0.00910416 0.0127622 0.0254878 0.0382402 0.023827 0.0171097 0.0168093 0.0158493 0.0217692 0.0103157 0.00886348 0.00950555 0.0160722 0.0357681 0.0289243 0.018276 0.0201014 0.0334338 0.0264118 0.0128879 0.0110591 
0.00841221 0.00908251 0.00865657 0.00998622 0.00861781 0.00926565 0.0104054 0.0125529 0.00941382 0.00966255 0.0140316 0.0292999 0.01609 0.0117958 0.0267161 0.0157206 0.0137082 0.0120984 0.0125155 0.0213334 0.016846 0.0042394 0.00572352 0.00384475 0.00375584 0.00371043 0.00370098 0.00374959 0 0.00371951 0.0153737 0.0515663 0.0314402 0.00928085 0.0109209 0.00851938 0.0113617 0.00966072 0.0183374 0.0107773 0.00935583 0.0110951 0.010242 0.00979184 0.0141315 0.0109221 0.0096959 0.00987508 0.00931846 0.0104883 0.00976041 0.00910506 0.0100423 0.0101551 0.00940927 0.0122903 0.0273943 0.0151448 0.0121134 0.0112088 0.0110507 0.0104733 0.0128913 0.0118174 0.00937163 0.00949358 0.0262801 0.0196084 0.0123799 0.0114148 0.0122972 0.0132563 0.0120248 0.0135746 0.00976572 
0.00962752 0.00829208 0.00830747 0.0083582 0.00993245 0.0113824 0.0088299 0.00942179 0.01146 0.0134856 0.0095227 0.0117235 0.0255849 0.0308549 0.010959 0.0125724 0.0104472 0.0165933 0.00945445 0.0100128 0.0246263 0.0065621 0.00449354 0.00386312 0.00379569 0.00371401 0.00370748 0.00370448 0.00371951 0 0.0552682 0.0205781 0.00639985 0.00642219 0.00731039 0.00792376 0.00689437 0.00817391 0.00856973 0.0149001 0.0121979 0.00910212 0.00870487 0.00936845 0.00908739 0.0134554 0.0112804 0.0109164 0.0130039 0.00899411 0.00883252 0.00868166 0.00881501 0.00929009 0.0106483 0.0252356 0.0111156 0.0102399 0.0102864 0.00944581 0.00902442 0.00974677 0.00953123 0.0095974 0.010011 0.0262039 0.00936115 0.00946748 0.0103345 0.00939748 0.00924175 0.00951671 0.00993648 0.00998142 0.0133512 
0.00818717 0.0081412 0.00813862 0.00824093 0.0107167 0.00896847 0.00888594 0.00932146 0.0159543 0.0103845 0.0108273 0.0104751 0.0202841 0.0106177 0.009865 0.0105579 0.0103417 0.0106489 0.0092662 0.011191 0.015051 0.0113941 0.0126148 0.00862203 0.00803363 0.00670977 0.00627136 0.0060234 0.0153737 0.0552682 0 0.00378789 0.00374176 0.00377655 0.00383467 0.00394284 0.0053133 0.00482374 0.00706131 0.0165464 0.00956161 0.00750681 0.00898138 0.00859592 0.0134461 0.0164332 0.0118723 0.0166515 0.0113226 0.00876229 0.0094955 0.00858362 0.00922165 0.0091193 0.0243623 0.0144917 0.0117053 0.00976161 0.0103042 0.0089353 0.00968281 0.00897855 0.00952313 0.0102063 0.124048 0.0102176 0.00972451 0.00920625 0.0094201 0.00894225 0.00933999 0.00956133 0.00969877 0.0123996 0.0147804 
0.00807455 0.00818957 0.0082548 0.00856319 0.00820408 0.00860272 0.00861849 0.0104874 0.00929036 0.00928588 0.0102966 0.0172753 0.00955863 0.0090076 0.0126332 0.0102934 0.0132268 0.0109291 0.0123304 0.0114935 0.0110379 0.00878132 0.0128933 0.0116855 0.00820915 0.00944703 0.00841865 0.0136223 0.0515663 0.0205781 0.00378789 0 0.00380447 0.0037284 0.00372408 0.00382104 0.00390553 0.00478044 0.00531781 0.00678925 0.00666316 0.0105417 0.00793244 0.0141894 0.0093277 0.0104258 0.00894922 0.01612 0.00882604 0.012655 0.00859445 0.00951721 0.00886443 0.014748 0.00872415 0.0115995 0.0130785 0.0172676 0.00979817 0.0131396 0.0089878 0.00989026 0.00982621 0.0867248 0.0086557 0.00906158 0.00956094 0.0115681 0.00927014 0.0103585 0.0100273 0.0111694 0.0131839 0.0219693 0.00965026 
0.00822305 0.00842168 0.00932116 0.00843692 0.00816026 0.00858127 0.012261 0.00920159 0.00917477 0.00913577 0.0163615 0.010721 0.011572 0.0100496 0.0116997 0.018749 0.0157003 0.0191377 0.0122396 0.02071 0.0102364 0.00982441 0.0173992 0.0124971 0.0215209 0.0102507 0.0198236 0.0767416 0.0314402 0.00639985 0.00374176 0.00380447 0 0.00373 0.00372103 0.00371153 0.0039835 0.00466865 0.00414515 0.00403561 0.00772497 0.00722018 0.0163925 0.00824014 0.0129933 0.00872383 0.0101546 0.00927091 0.0109365 0.00864461 0.0198181 0.00870031 0.0246475 0.0087431 0.0109862 0.0122024 0.0269901 0.0113181 0.0429283 0.00941566 0.0207121 0.0105142 0.133115 0.00927502 0.00956831 0.00919352 0.0194031 0.0117784 0.0175313 0.013533 0.0131927 0.0284958 0.0270811 0.016136 0.00935789 
0.00821556 0.00865272 0.00887475 0.00861122 0.00821052 0.0101206 0.00906639 0.0116949 0.00956102 0.0109219 0.0117666 0.01995 0.0103685 0.0102689 0.0180693 0.0163301 0.0187527 0.0203211 0.0386573 0.0112716 0.0186921 0.0117354 0.0131231 0.0203695 0.0143251 0.0206306 0.0808596 0.0572124 0.00928085 0.00642219 0.00377655 0.0037284 0.00373 0 0.0037014 0.00371771 0.00370254 0.00394046 0.00369979 0.00401924 0.00665532 0.013298 0.00755168 0.0224562 0.00789361 0.0255859 0.0086954 0.0216179 0.00892014 0.0189982 0.00876285 0.024996 0.0090857 0.0211535 0.00926053 0.0168038 0.0132017 0.0858266 0.0100131 0.0393698 0.0102058 0.136405 0.012618 0.0128664 0.00876878 0.0124628 0.0112096 0.0319326 0.014714 0.0179551 0.0277096 0.0257161 0.0605634 0.0112916 0.0139771 
0.00827524 0.00863949 0.00958277 0.00865638 0.00830362 0.00856303 0.017186 0.00972956 0.00950636 0.00937033 0.019455 0.0115962 0.012799 0.0109829 0.0123938 0.0205963 0.025036 0.0368537 0.0133962 0.0301086 0.00930694 0.0107145 0.0249365 0.0149072 0.0495447 0.0449503 0.0410734 0.0174113 0.0109209 0.00731039 0.00383467 0.00372408 0.00372103 0.0037014 0 0.00370601 0.00387896 0.00378704 0.00381573 0.00378544 0.00753871 0.00736369 0.0150439 0.00731909 0.0202424 0.0207741 0.025316 0.00864011 0.0110654 0.00855161 0.0435889 0.00852971 0.0330493 0.00894422 0.01181 0.0132908 0.0736133 0.010953 0.086904 0.00960967 0.169889 0.0112342 0.0257035 0.00960977 0.00986758 0.00933282 0.0373382 0.0125232 0.0249148 0.0219696 0.0315445 0.0768052 0.0144663 0.0292946 0.00954113 
0.008404 0.00865419 0.0089698 0.00898433 0.00839747 0.0111079 0.00884316 0.0116935 0.010162 0.0111795 0.0109382 0.0182536 0.0103309 0.0102812 0.016245 0.017638 0.0252476 0.0233384 0.0314104 0.00928797 0.0195777 0.0143646 0.0154745 0.0584029 0.0481858 0.0393952 0.011352 0.0121746 0.00851938 0.00792376 0.00394284 0.00382104 0.00371153 0.00371771 0.00370601 0 0.00373299 0.00396354 0.00375701 0.00386636 0.00740154 0.0102218 0.0066677 0.0308176 0.0102114 0.780925 0.00803533 0.0123754 0.00901327 0.0248984 0.00848787 0.0300247 0.00886596 0.0190297 0.00879858 0.01877 0.0111237 0.118469 0.00939278 0.229258 0.0098034 0.0203404 0.0128346 0.0132062 0.0087813 0.0141526 0.00990714 0.0404858 0.0145391 0.029092 0.0458481 0.0141081 0.0686466 0.0101216 0.0164566 
0.0082951 0.00892759 0.00978547 0.00850651 0.00826241 0.00857283 0.0167441 0.00941173 0.008849 0.0103048 0.0207154 0.0108836 0.0124364 0.0117479 0.0129553 0.0192718 0.0357036 0.0268575 0.0109177 0.0321422 0.00911955 0.0182043 0.0600757 0.031464 0.0695547 0.0111428 0.0129674 0.0122271 0.0113617 0.00689437 0.0053133 0.00390553 0.0039835 0.00370254 0.00387896 0.00373299 0 0.00374621 0.00380098 0.00376302 0.00849784 0.00673053 0.0338351 0.00898667 0.895433 0.00848332 0.0133114 0.00832512 0.0132356 0.00838922 0.0483481 0.00845198 0.0336978 0.00886075 0.0150438 0.0130401 0.0757403 0.00987936 0.330748 0.00904974 0.0290444 0.0106637 0.0240804 0.00922451 0.0100515 0.00963095 0.0387107 0.0105294 0.0472143 0.0263502 0.0137968 0.055716 0.0110523 0.031411 0.00922752 
0.008384 0.00875591 0.00994945 0.00887632 0.00826358 0.0121742 0.00882385 0.0114708 0.0111278 0.0113684 0.0128096 0.0212788 0.00956435 0.0110035 0.0167256 0.029368 0.017154 0.0179109 0.0479347 0.00955085 0.015566 0.0270825 0.0399568 0.108069 0.0148085 0.0165727 0.0121923 0.011846 0.00966072 0.00817391 0.00482374 0.00478044 0.00466865 0.00394046 0.00378704 0.00396354 0.00374621 0 0.00375501 0.00377024 0.0060257 0.0181225 0.00963451 0.893466 0.00760386 0.00874193 0.00775102 0.0110223 0.00993591 0.0246094 0.00868213 0.0286871 0.00904745 0.0197353 0.00868 0.0234612 0.0124038 0.332071 0.00957811 0.0559063 0.010772 0.0233657 0.0140718 0.0127582 0.00871951 0.0162764 0.0107175 0.0774564 0.0237718 0.0154828 0.0368257 0.0154281 0.0711727 0.0101875 0.0165171 
0.00831238 0.00842452 0.00852954 0.00891995 0.0083491 0.00876904 0.0142209 0.0106422 0.00902763 0.00948378 0.0169867 0.0209486 0.0135584 0.0109663 0.0160651 0.0127076 0.0139172 0.0167909 0.0102343 0.037609 0.0103549 0.0301579 0.0799541 0.0154539 0.0280526 0.0117552 0.0112581 0.0102411 0.0183374 0.00856973 0.00706131 0.00531781 0.00414515 0.00369979 0.00381573 0.00375701 0.00380098 0.00375501 0 0.00377229 0.021233 0.0117219 0.685388 0.00732505 0.00957061 0.00704773 0.0119804 0.00937802 0.0124617 0.00915227 0.0170444 0.00890763 0.0149226 0.00978075 0.012475 0.0134112 0.188952 0.00994241 0.0308852 0.00920983 0.0151684 0.00989384 0.0167923 0.0114958 0.00958543 0.0104313 0.0393214 0.0146945 0.0126944 0.0123872 0.0109316 0.0220112 0.011133 0.0368442 0.00972306 
0.00961168 0.0082928 0.00830377 0.00840178 0.00891618 0.0125481 0.0085715 0.00906987 0.0105619 0.0154512 0.00976641 0.0114079 0.0179613 0.0244859 0.011314 0.0106561 0.0103829 0.0094414 0.00986008 0.00932737 0.0236401 0.0516949 0.0124584 0.0149704 0.0116275 0.00994578 0.00927044 0.00960034 0.0107773 0.0149001 0.0165464 0.00678925 0.00403561 0.00401924 0.00378544 0.00386636 0.00376302 0.00377024 0.00377229 0 0.366839 0.100342 0.00579119 0.00631438 0.00687682 0.0126883 0.010341 0.0128727 0.0160267 0.0143079 0.00871053 0.00912008 0.00862839 0.0112731 0.012011 0.16033 0.0104844 0.0131359 0.00928959 0.0105643 0.00889576 0.010586 0.00953087 0.0103479 0.0122469 0.0297963 0.01427 0.0101307 0.010587 0.00971938 0.00960815 0.00988006 0.0107843 0.0111105 0.0135131 
0.00832954 0.00799535 0.00803215 0.00803338 0.00911288 0.00876895 0.00858097 0.00871633 0.0129369 0.0101054 0.0105127 0.00960963 0.0135186 0.0101724 0.00940683 0.00950712 0.00985146 0.00992489 0.00941632 0.0114261 0.0158728 0.0175202 0.0183507 0.0107812 0.0117573 0.00916078 0.00868529 0.00874237 0.00935583 0.0121979 0.00956161 0.00666316 0.00772497 0.00665532 0.00753871 0.00740154 0.00849784 0.0060257 0.021233 0.366839 0 0.00389529 0.00389933 0.00386366 0.00417663 0.00498045 0.00767589 0.00876161 0.0118173 0.00807689 0.0124738 0.00988097 0.00988818 0.010044 0.0305049 0.0186516 0.0131722 0.00989835 0.0103358 0.00877165 0.00987767 0.00867339 0.00925398 0.00936661 0.0155544 0.0125583 0.0108668 0.00945334 0.00944792 0.00893367 0.00974392 0.0099358 0.00953799 0.0116707 0.0130735 
0.00801865 0.00800945 0.00812018 0.00820836 0.00803289 0.008623 0.00823995 0.00919316 0.00874123 0.00908687 0.00973453 0.0126296 0.0090593 0.00906281 0.0122852 0.00931435 0.0108717 0.0106203 0.0125185 0.00992761 0.0110998 0.0133728 0.0189023 0.0209988 0.0106243 0.0129045 0.00926792 0.0104995 0.0110951 0.00910212 0.00750681 0.0105417 0.00722018 0.013298 0.00736369 0.0102218 0.00673053 0.0181225 0.0117219 0.100342 0.00389529 0 0.00378334 0.00373851 0.00376074 0.00387564 0.00519902 0.00818767 0.00798468 0.0236623 0.00825234 0.0140986 0.00845498 0.0260078 0.009674 0.0139986 0.011697 0.0177308 0.00890577 0.0186193 0.00868566 0.00960033 0.00914138 0.011669 0.0086597 0.0106156 0.0101733 0.0123992 0.00945927 0.00981846 0.0128541 0.0093579 0.0179077 0.0102728 0.0111621 
0.00802119 0.00822231 0.00857475 0.00816748 0.00796876 0.00807379 0.010313 0.00854803 0.00851133 0.0086173 0.0114801 0.00957696 0.00989617 0.00879073 0.00955858 0.0117075 0.0140294 0.0149805 0.010213 0.0193793 0.00871995 0.0107846 0.0229097 0.0135734 0.0315906 0.0107966 0.0157618 0.0151216 0.010242 0.00870487 0.00898138 0.00793244 0.0163925 0.00755168 0.0150439 0.0066677 0.0338351 0.00963451 0.685388 0.00579119 0.00389933 0.00378334 0 0.00370377 0.0037857 0.00373546 0.00565624 0.00512276 0.00900507 0.00766432 0.0401262 0.0080616 0.0247706 0.00872984 0.0170806 0.0103072 0.0239371 0.00961844 0.0573715 0.00857101 0.017047 0.00913732 0.0175855 0.00884405 0.00944798 0.00887508 0.0209696 0.00994691 0.0185339 0.0118125 0.0100803 0.0335159 0.0103413 0.0213387 0.00902611 
0.00809605 0.00818426 0.00836568 0.00825978 0.00809864 0.0102813 0.0083046 0.00895761 0.00906609 0.0092263 0.00931469 0.0121815 0.00883142 0.00918618 0.0109617 0.0125413 0.011293 0.011459 0.0277112 0.0088838 0.0147871 0.01192 0.0109673 0.0386221 0.0111106 0.0173396 0.0140199 0.0141006 0.00979184 0.00936845 0.00859592 0.0141894 0.00824014 0.0224562 0.00731909 0.0308176 0.00898667 0.893466 0.00732505 0.00631438 0.00386366 0.00373851 0.00370377 0 0.00369427 0.00381115 0.00395639 0.0159608 0.00899863 0.0206725 0.00794031 0.0414966 0.00846878 0.0241387 0.00832033 0.0129268 0.00929558 0.0806843 0.0087053 0.0306298 0.00892103 0.0142173 0.00981375 0.0105269 0.00861664 0.0128719 0.00910738 0.0356397 0.0103913 0.0106833 0.0192378 0.0110627 0.054435 0.00897498 0.0122495 
0.00812308 0.0082853 0.00820507 0.00828082 0.00799715 0.00823162 0.00946165 0.00868266 0.00847633 0.00863298 0.0104641 0.00989867 0.0100217 0.00949857 0.0105278 0.0101971 0.01054 0.011028 0.00899431 0.0200872 0.00860871 0.0111488 0.0245624 0.0101151 0.0196407 0.00967937 0.0105412 0.0101164 0.0141315 0.00908739 0.0134461 0.0093277 0.0129933 0.00789361 0.0202424 0.0102114 0.895433 0.00760386 0.00957061 0.00687682 0.00417663 0.00376074 0.0037857 0.00369427 0 0.00373585 0.00868365 0.00749576 0.0299272 0.00744488 0.0290723 0.00780584 0.0139478 0.00831081 0.0133468 0.0105338 0.0435262 0.00863686 0.0288012 0.0084042 0.0125773 0.0086643 0.0113439 0.00902435 0.00945548 0.00965119 0.0304996 0.00879815 0.0103114 0.00959204 0.00914269 0.0197738 0.00889107 0.0226632 0.00893276 
0.00875645 0.00802708 0.00803191 0.00795845 0.00824489 0.00983187 0.00812419 0.00830717 0.00942123 0.0109311 0.00866941 0.00900185 0.00943398 0.0132628 0.00884382 0.00885155 0.00880634 0.00878661 0.00897779 0.00850986 0.014041 0.0201228 0.0100254 0.0102576 0.00932882 0.00909099 0.00859518 0.00903874 0.0109221 0.0134554 0.0164332 0.0104258 0.00872383 0.0255859 0.0207741 0.780925 0.00848332 0.00874193 0.00704773 0.0126883 0.00498045 0.00387564 0.00373546 0.00381115 0.00373585 0 0.0201403 0.00484398 0.0130385 0.0130253 0.00743999 0.00868886 0.0076714 0.00929469 0.0095605 0.0336698 0.00925881 0.0116183 0.00871763 0.0100487 0.00854437 0.00894547 0.00867168 0.00953048 0.00913779 0.0223288 0.00913026 0.00943841 0.00929058 0.00884977 0.00919009 0.00887447 0.0099853 0.00878291 0.0118365 
0.00809946 0.00793509 0.00796483 0.00796771 0.0083524 0.0082437 0.00848513 0.00828108 0.00974715 0.00868556 0.00901715 0.00894738 0.012292 0.00903229 0.00880643 0.00857834 0.00888716 0.00864709 0.00843664 0.011703 0.0105132 0.0123864 0.0154446 0.00966978 0.0108248 0.00894823 0.00879088 0.00876215 0.0096959 0.0112804 0.0118723 0.00894922 0.0101546 0.0086954 0.025316 0.00803533 0.0133114 0.00775102 0.0119804 0.010341 0.00767589 0.00519902 0.00565624 0.00395639 0.00868365 0.0201403 0 0.00390257 0.00985515 0.00925821 0.0102983 0.00602319 0.00705237 0.00684601 0.0258734 0.013965 0.0171827 0.0084776 0.0110795 0.00838 0.00869845 0.00860683 0.00906043 0.00942854 0.0163989 0.0108978 0.014063 0.00894092 0.00882287 0.00877074 0.00861908 0.00958168 0.0086096 0.0128911 0.0112671 
0.00868739 0.00807625 0.00795631 0.00802442 0.00832218 0.0103165 0.00819063 0.0083002 0.00903514 0.0105121 0.00896425 0.00995321 0.00934046 0.0124874 0.00931269 0.00860335 0.00874579 0.00861653 0.00898226 0.0088138 0.0124568 0.0202776 0.010611 0.0109769 0.00928955 0.00916151 0.00898547 0.00934211 0.00987508 0.0109164 0.0166515 0.01612 0.00927091 0.0216179 0.00864011 0.0123754 0.00832512 0.0110223 0.00937802 0.0128727 0.00876161 0.00818767 0.00512276 0.0159608 0.00749576 0.00484398 0.00390257 0 0.0335152 0.00757029 0.00540766 0.00632861 0.00565459 0.0100265 0.00814064 0.0220953 0.00979618 0.0123049 0.00828909 0.0095726 0.0084669 0.0134849 0.00879683 0.0114936 0.00919619 0.0201764 0.00946088 0.00918894 0.00899528 0.00870003 0.00909175 0.00889315 0.0102151 0.00909888 0.0101513 
0.00800725 0.00791078 0.00792112 0.00792743 0.00836016 0.00809905 0.008105 0.00815135 0.0105082 0.00851793 0.00878161 0.00868257 0.0126548 0.0085842 0.008361 0.00878131 0.00887972 0.00933951 0.00855423 0.0106206 0.0128965 0.0120489 0.0120827 0.00992792 0.0104255 0.00946441 0.00893478 0.00928273 0.00931846 0.0130039 0.0113226 0.00882604 0.0109365 0.00892014 0.0110654 0.00901327 0.0132356 0.00993591 0.0124617 0.0160267 0.0118173 0.00798468 0.00900507 0.00899863 0.0299272 0.0130385 0.00985515 0.0335152 0 0.00373513 0.00375433 0.00377726 0.00383451 0.00392736 0.00607194 0.00950753 0.00799394 0.00833142 0.00965786 0.00769149 0.0393813 0.0225177 0.0436447 0.0101171 0.0356065 0.0114006 0.0106569 0.00919703 0.00974211 0.00907905 0.00947906 0.0104065 0.0126498 0.0127022 0.0149066 
0.00791382 0.00806771 0.00803764 0.00805584 0.00799035 0.00826781 0.00806042 0.00839496 0.00822946 0.00836648 0.00858815 0.0106509 0.0085602 0.00842708 0.00981261 0.00928495 0.00967848 0.00927298 0.0111402 0.00885875 0.00960811 0.0120961 0.0125854 0.0195468 0.00990915 0.0119829 0.010113 0.0105371 0.0104883 0.00899411 0.00876229 0.012655 0.00864461 0.0189982 0.00855161 0.0248984 0.00838922 0.0246094 0.00915227 0.0143079 0.00807689 0.0236623 0.00766432 0.0206725 0.00744488 0.0130253 0.00925821 0.00757029 0.00373513 0 0.00369593 0.0037405 0.00370333 0.00585292 0.00368837 0.00772602 0.00992967 0.0105748 0.00757876 0.0780693 0.0125457 0.0388062 0.00857224 0.0216017 0.00834372 0.0122101 0.00971 0.0143037 0.00939079 0.00933518 0.0119999 0.00975964 0.0169751 0.0094921 0.0124608 
