2ACYA
AEGDTLISVDYEIFGKVQGVFFRKYTQAEGKKLGLVGWVQNTDQGTVQGQLQGPASKVRHMQEWLETKGSPKSHIDRASFHNEKVIVKLDYTDFQIVK
CCCCCEEEEEEEEEEECCCCCHHHHHHHHHHHCCCEEEEEECCCCCEEEEEEEEHHHHHHHHHHHHHCCCCCCEEEEEEEEEEEECCCCCCCCEEEEC
0 0 0 0 0 0 0 0 0 0 0 0 0 0 0 0 0 0 0 0 0 0 0 0 0 0 0 0 0 0 0 0 0 0 0 0 0 0 0 0 0 0 0 0 0 0 0 0 0 0 0 0 0 0 0 0 0 0 0 0 0 0 0 0 0 0 0 0 0 0 0 0 0 0 0 0 0 0 0 0 0 0 0 0 0 0 0 0 0 0 0 0 0 0 0 0 0 0 
0 0 0 0 0 0 0 0 0 0 0 0 0 0 0 0 0 0 0 0 0 0 0 0 0 0 0 0 0 0 0 0 0 0 0 0 0 0 0 0 0 0 0 0 0 0 0 0 0 0 0 0 0 0 0 0 0 0 0 0 0 0 0 0 0 0 0 0 0 0 0 0 0 0 0 0 0 0 0 0 0 0 0 0 0 0 0 0 0 0 0 0 0 0 0 0 0 0 
0 0.00398356 0.00375284 0.00374451 0.00381842 0.00383904 0.0044483 0.00485256 0.00717953 0.00580462 0.0175822 0.029142 0.0108059 0.0111038 0.00927846 0.00999739 0.0174225 0.0168878 0.0148396 0.00995166 0.0111821 0.00915175 0.0104878 0.00946923 0.0657131 0.0158101 0.00915053 0.00872772 0.00900093 0.00898076 0.00946561 0.00888524 0.00883609 0.00845911 0.00877913 0.00867703 0.013903 0.00961826 0.00929358 0.0101017 0.0119211 
0.00398356 0 0.00372146 0.00372391 0.0037465 0.00383606 0.00379309 0.00421903 0.0043964 0.0067059 0.00638055 0.0160099 0.0560772 0.0116332 0.0140169 0.0124727 0.010558 0.0167179 0.012265 0.0294807 0.0102882 0.0221394 0.00988006 0.0631904 0.0100015 0.00941386 0.0145091 0.00884025 0.0100689 0.0137573 0.00950565 0.0132003 0.00865527 0.0101927 0.00863251 0.0102794 0.00917539 0.0113797 0.00890353 0.0146533 0.00944019 
0.00375284 0.00372146 0 0.00371114 0.0037281 0.00372597 0.00373006 0.00388721 0.00594753 0.004713 0.006185 0.0154948 0.0200937 0.0520533 0.0123133 0.0135373 0.00976332 0.0100775 0.0362453 0.01377 0.069421 0.013785 0.110014 0.0102676 0.0123047 0.0125101 0.00940683 0.0150469 0.0170235 0.0121932 0.0339945 0.0102344 0.0183643 0.00915771 0.0124819 0.00857418 0.00916769 0.00900804 0.0170068 0.00941246 0.0106134 
0.00374451 0.00372391 0.00371114 0 0.00369772 0.00372517 0.00373102 0.00586703 0.00380787 0.00389678 0.00428534 0.0142407 0.0309251 0.0209077 0.0332348 0.0103516 0.0101042 0.0146724 0.0101503 0.0980247 0.0147442 0.194527 0.0140003 0.0200245 0.00916848 0.0093709 0.019342 0.0103725 0.0147086 0.0476832 0.01114 0.0385415 0.00926646 0.0197213 0.00919816 0.00916289 0.00854056 0.012634 0.00892899 0.0154298 0.00936566 
0.00381842 0.0037465 0.0037281 0.00369772 0 0.00370292 0.00382642 0.00381029 0.0036969 0.00377529 0.00401158 0.0133026 0.0222991 0.05378 0.0100859 0.0164792 0.00998824 0.0090304 0.0378402 0.00998189 0.203344 0.0123739 0.0638828 0.00973875 0.0110429 0.0125863 0.00888767 0.0191579 0.0199558 0.0102393 0.0591892 0.00956871 0.0366597 0.00944937 0.00954313 0.00874702 0.00920143 0.0087 0.01731 0.00919067 0.0117973 
0.00383904 0.00383606 0.00372597 0.00372517 0.00370292 0 0.00370732 0.00375448 0.00371283 0.00373705 0.00381825 0.0127112 0.0276652 0.0121363 0.024298 0.00946376 0.0102344 0.0172494 0.00890295 0.172513 0.00957684 0.0713135 0.0173942 0.0154622 0.00970375 0.00874527 0.0235791 0.00923333 0.0116719 0.0486323 0.0099108 0.075963 0.00886148 0.011292 0.00869725 0.0088333 0.00859038 0.0140571 0.00849352 0.0183678 0.00886846 
0.0044483 0.00379309 0.00373006 0.00373102 0.00382642 0.00370732 0 0.00371216 0.00372135 0.0037614 0.00392257 0.0172594 0.0232653 0.0468069 0.00981296 0.0283284 0.00958263 0.00880843 0.107308 0.00976181 0.0909842 0.0109459 0.0586241 0.0096284 0.0113077 0.014806 0.00868908 0.0212433 0.0230456 0.0101977 0.128881 0.0118025 0.0172659 0.00883262 0.00938681 0.00853294 0.00901799 0.0084674 0.0246678 0.00869733 0.0110107 
0.00485256 0.00421903 0.00388721 0.00586703 0.00381029 0.00375448 0.00371216 0 0.00370001 0.00371226 0.00372343 0.0125516 0.038638 0.0181749 0.0350246 0.00947804 0.0089101 0.0256814 0.00906149 0.0723733 0.0111526 0.0715544 0.0113475 0.0142095 0.00911862 0.00893224 0.0152873 0.0104718 0.0125249 0.0746149 0.00978763 0.0241855 0.00882428 0.0100508 0.00871927 0.00860863 0.00830223 0.0110759 0.00841381 0.0150078 0.00903816 
0.00717953 0.0043964 0.00594753 0.00380787 0.0036969 0.00371283 0.00372135 0.00370001 0 0.00376853 0.00372207 0.0108233 0.0181199 0.0409825 0.0152176 0.0101862 0.00970419 0.00905727 0.0150685 0.0104872 0.0248591 0.0109039 0.0196813 0.00947906 0.0101726 0.00966865 0.00998202 0.011406 0.0264858 0.00985592 0.0164788 0.0098019 0.00994773 0.00927402 0.00869191 0.00840288 0.00849521 0.00857637 0.00962914 0.00917768 0.00937349 
0.00580462 0.0067059 0.004713 0.00389678 0.00377529 0.00373705 0.0037614 0.00371226 0.00376853 0 0.00378389 0.0114378 0.0283147 0.0250573 0.0132555 0.0162431 0.00951709 0.0104276 0.0104324 0.014027 0.00985466 0.0146166 0.0108673 0.01346 0.00991417 0.00903532 0.0142001 0.0145658 0.00921181 0.0106253 0.0091018 0.00990995 0.00890296 0.00848889 0.00835639 0.00864942 0.00835378 0.00933094 0.00882127 0.0104172 0.0086577 
0.0175822 0.00638055 0.006185 0.00428534 0.00401158 0.00381825 0.00392257 0.00372343 0.00372207 0.00378389 0 0.0439217 0.0130075 0.0143798 0.0094841 0.0123764 0.0282558 0.0140795 0.0101834 0.00916723 0.0101991 0.00880019 0.0114397 0.0109379 0.0137123 0.0219772 0.00975881 0.00844047 0.00875221 0.00835027 0.00972754 0.00846768 0.00839611 0.00819535 0.00806445 0.00807835 0.00902509 0.0104795 0.00944192 0.00835426 0.00915171 
0.029142 0.0160099 0.0154948 0.0142407 0.0133026 0.0127112 0.0172594 0.0125516 0.0108233 0.0114378 0.0439217 0 0.00378932 0.00373323 0.00375332 0.00384912 0.0043951 0.00649601 0.0070606 0.00676586 0.00802521 0.0231526 0.567948 0.0416549 0.0300048 0.0200039 0.00959685 0.00875291 0.01027 0.0090356 0.011374 0.00910286 0.00893233 0.00852759 0.00847068 0.00857783 0.0148115 0.00927905 0.0089619 0.00998697 0.0160555 
0.0108059 0.0560772 0.0200937 0.0309251 0.0222991 0.0276652 0.0232653 0.038638 0.0181199 0.0283147 0.0130075 0.00378932 0 0.00377931 0.00377982 0.0038068 0.00376964 0.00782898 0.00765547 0.0149144 0.0288982 0.766299 0.0445762 0.0160831 0.00779094 0.0101917 0.0190294 0.0100439 0.011117 0.0262456 0.0119787 0.0155443 0.00936432 0.0104064 0.00896341 0.010208 0.00909993 0.0111203 0.0114467 0.0183013 0.0108757 
0.0111038 0.0116332 0.0520533 0.0209077 0.05378 0.0121363 0.0468069 0.0181749 0.0409825 0.0250573 0.0143798 0.00373323 0.00377931 0 0.00372581 0.00371264 0.00379921 0.00593904 0.0138826 0.0166911 0.87004 0.0409855 0.0164293 0.00772616 0.0102859 0.0124084 0.00902019 0.0158199 0.0199658 0.010684 0.0308946 0.0103735 0.0131319 0.00938285 0.0101689 0.00905141 0.00926711 0.00887253 0.0199621 0.00956375 0.019629 
0.00927846 0.0140169 0.0123133 0.0332348 0.0100859 0.024298 0.00981296 0.0350246 0.0152176 0.0132555 0.0094841 0.00375332 0.00377982 0.00372581 0 0.00381626 0.00369895 0.0118507 0.00809629 0.913474 0.0174598 0.0229803 0.00765873 0.0071586 0.00566528 0.00879746 0.0164453 0.0092172 0.00964282 0.0173519 0.00902805 0.015463 0.00888345 0.0101486 0.00897836 0.00885058 0.00861392 0.0109502 0.00879982 0.0142146 0.00930548 
0.00999739 0.0124727 0.0135373 0.0103516 0.0164792 0.00946376 0.0283284 0.00947804 0.0101862 0.0162431 0.0123764 0.00384912 0.0038068 0.00371264 0.00381626 0 0.003812 0.0126109 0.820752 0.00683608 0.0186191 0.00682728 0.00735921 0.00568453 0.00521473 0.0107424 0.00899693 0.00908073 0.0100805 0.00904733 0.012269 0.00887322 0.00928766 0.00854907 0.00852403 0.00892318 0.00862758 0.00898627 0.0113711 0.00942053 0.0091212 
0.0174225 0.010558 0.00976332 0.0101042 0.00998824 0.0102344 0.00958263 0.0089101 0.00970419 0.00951709 0.0282558 0.0043951 0.00376964 0.00379921 0.00369895 0.003812 0 0.839555 0.00635874 0.00738165 0.00499782 0.00585274 0.00554311 0.00522008 0.00592346 0.0155778 0.00927515 0.00853391 0.00891447 0.0090006 0.00942696 0.00932344 0.00849581 0.0083118 0.00834645 0.0084411 0.0104745 0.0153066 0.00929967 0.00872075 0.0103567 
0.0168878 0.0167179 0.0100775 0.0146724 0.0090304 0.0172494 0.00880843 0.0256814 0.00905727 0.0104276 0.0140795 0.00649601 0.00782898 0.00593904 0.0118507 0.0126109 0.839555 0 0.00379147 0.00375453 0.00375505 0.00390827 0.00381412 0.00495919 0.00541558 0.0121905 0.017434 0.00839091 0.00892928 0.0130606 0.00876265 0.0126142 0.00844709 0.00939921 0.00872608 0.00972811 0.0170782 0.0209577 0.00869236 0.0199671 0.0161762 
0.0148396 0.012265 0.0362453 0.0101503 0.0378402 0.00890295 0.107308 0.00906149 0.0150685 0.0104324 0.0101834 0.0070606 0.00765547 0.0138826 0.00809629 0.820752 0.00635874 0.00379147 0 0.00372786 0.00370877 0.00373824 0.00375079 0.00380371 0.00371083 0.0286916 0.00883693 0.0127224 0.0122844 0.00897554 0.035254 0.00859634 0.013622 0.00849294 0.00996962 0.00961211 0.00986544 0.0087643 0.0460607 0.00946607 0.0130993 
0.00995166 0.0294807 0.01377 0.0980247 0.00998189 0.172513 0.00976181 0.0723733 0.0104872 0.014027 0.00916723 0.00676586 0.0149144 0.0166911 0.913474 0.00683608 0.00738165 0.00375453 0.00372786 0 0.00372427 0.00373826 0.00372012 0.00371277 0.00372042 0.0112137 0.0424995 0.00935408 0.0110344 0.0432405 0.00929157 0.0425498 0.00873187 0.0125289 0.00939018 0.00972559 0.00897827 0.0169322 0.00915069 0.0274287 0.00976498 
0.0111821 0.0102882 0.069421 0.0147442 0.203344 0.00957684 0.0909842 0.0111526 0.0248591 0.00985466 0.0101991 0.00802521 0.0288982 0.87004 0.0174598 0.0186191 0.00499782 0.00375505 0.00370877 0.00372427 0 0.00375781 0.0037152 0.00372556 0.00371879 0.0244698 0.00931035 0.0258268 0.0243513 0.00950826 0.0667382 0.00885885 0.018178 0.00891286 0.00992711 0.00909664 0.00959471 0.00871017 0.0292198 0.00934219 0.014995 
0.00915175 0.0221394 0.013785 0.194527 0.0123739 0.0713135 0.0109459 0.0715544 0.0109039 0.0146166 0.00880019 0.0231526 0.766299 0.0409855 0.0229803 0.00682728 0.00585274 0.00390827 0.00373824 0.00373826 0.00375781 0 0.00371345 0.00369352 0.00370034 0.00950687 0.0380884 0.0112893 0.0150985 0.0476889 0.00943269 0.0380058 0.00909667 0.0112882 0.00879162 0.0108098 0.00872833 0.0119753 0.0090267 0.02866 0.0109909 
0.0104878 0.00988006 0.110014 0.0140003 0.0638828 0.0173942 0.0586241 0.0113475 0.0196813 0.0108673 0.0114397 0.567948 0.0445762 0.0164293 0.00765873 0.00735921 0.00554311 0.00381412 0.00375079 0.00372012 0.0037152 0.00371345 0 0.00370003 0.00369992 0.0177556 0.0102571 0.0213626 0.026084 0.0101484 0.0322464 0.00984927 0.0150608 0.0085611 0.00983494 0.00894431 0.0106801 0.00879005 0.0181603 0.00995569 0.0147357 
0.00946923 0.0631904 0.0102676 0.0200245 0.00973875 0.0154622 0.0096284 0.0142095 0.00947906 0.01346 0.0109379 0.0416549 0.0160831 0.00772616 0.0071586 0.00568453 0.00522008 0.00495919 0.00380371 0.00371277 0.00372556 0.00369352 0.00370003 0 0.00370995 0.00863936 0.0215263 0.00944587 0.0110501 0.0198629 0.00906498 0.0130775 0.0083136 0.00899737 0.0083853 0.0142028 0.00872645 0.0118718 0.00962152 0.0178361 0.0106767 
0.0657131 0.0100015 0.0123047 0.00916848 0.0110429 0.00970375 0.0113077 0.00911862 0.0101726 0.00991417 0.0137123 0.0300048 0.00779094 0.0102859 0.00566528 0.00521473 0.00592346 0.00541558 0.00371083 0.00372042 0.00371879 0.00370034 0.00369992 0.00370995 0 0.0162163 0.00825778 0.0108729 0.00917489 0.0107249 0.0111796 0.00884868 0.00952384 0.00798213 0.00842915 0.00819159 0.0156021 0.0169777 0.0111535 0.00903122 0.013191 
0.0158101 0.00941386 0.0125101 0.0093709 0.0125863 0.00874527 0.014806 0.00893224 0.00966865 0.00903532 0.0219772 0.0200039 0.0101917 0.0124084 0.00879746 0.0107424 0.0155778 0.0121905 0.0286916 0.0112137 0.0244698 0.00950687 0.0177556 0.00863936 0.0162163 0 0.00409771 0.00387369 0.00378302 0.00371106 0.00466778 0.00428005 0.00456774 0.00440548 0.00493197 0.00691691 0.0259585 0.00859173 0.0229686 0.00923461 0.0535413 
0.00915053 0.0145091 0.00940683 0.019342 0.00888767 0.0235791 0.00868908 0.0152873 0.00998202 0.0142001 0.00975881 0.00959685 0.0190294 0.00902019 0.0164453 0.00899693 0.00927515 0.017434 0.00883693 0.0424995 0.00931035 0.0380884 0.0102571 0.0215263 0.00825778 0.00409771 0 0.00373135 0.00369545 0.00384369 0.00371666 0.00428245 0.00375999 0.00409279 0.00430037 0.00859769 0.00863491 0.0168911 0.00788536 0.116108 0.00900791 
0.00872772 0.00884025 0.0150469 0.0103725 0.0191579 0.00923333 0.0212433 0.0104718 0.011406 0.0145658 0.00844047 0.00875291 0.0100439 0.0158199 0.0092172 0.00908073 0.00853391 0.00839091 0.0127224 0.00935408 0.0258268 0.0112893 0.0213626 0.00944587 0.0108729 0.00387369 0.00373135 0 0.00373951 0.00370172 0.00373029 0.00372227 0.00377954 0.00383394 0.00440004 0.00441076 0.00527791 0.00690944 0.0269357 0.00789689 0.0108522 
0.00900093 0.0100689 0.0170235 0.0147086 0.0199558 0.0116719 0.0230456 0.0125249 0.0264858 0.00921181 0.00875221 0.01027 0.011117 0.0199658 0.00964282 0.0100805 0.00891447 0.00892928 0.0122844 0.0110344 0.0243513 0.0150985 0.026084 0.0110501 0.00917489 0.00378302 0.00369545 0.00373951 0 0.00369272 0.00369777 0.0037227 0.00376665 0.00764007 0.00407703 0.00426261 0.00497807 0.00876482 0.00926105 0.00894568 0.0128247 
0.00898076 0.0137573 0.0121932 0.0476832 0.0102393 0.0486323 0.0101977 0.0746149 0.00985592 0.0106253 0.00835027 0.0090356 0.0262456 0.010684 0.0173519 0.00904733 0.0090006 0.0130606 0.00897554 0.0432405 0.00950826 0.0476889 0.0101484 0.0198629 0.0107249 0.00371106 0.00384369 0.00370172 0.00369272 0 0.00369858 0.00371004 0.00383792 0.004588 0.00382436 0.00389412 0.00442474 0.0121592 0.00776187 0.0188787 0.0092932 
0.00946561 0.00950565 0.0339945 0.01114 0.0591892 0.0099108 0.128881 0.00978763 0.0164788 0.0091018 0.00972754 0.011374 0.0119787 0.0308946 0.00902805 0.012269 0.00942696 0.00876265 0.035254 0.00929157 0.0667382 0.00943269 0.0322464 0.00906498 0.0111796 0.00466778 0.00371666 0.00373029 0.00369777 0.00369858 0 0.00373909 0.00408981 0.00371758 0.00394408 0.00381541 0.00445141 0.00659275 0.0195527 0.00790252 0.0137901 
0.00888524 0.0132003 0.0102344 0.0385415 0.00956871 0.075963 0.0118025 0.0241855 0.0098019 0.00990995 0.00846768 0.00910286 0.0155443 0.0103735 0.015463 0.00887322 0.00932344 0.0126142 0.00859634 0.0425498 0.00885885 0.0380058 0.00984927 0.0130775 0.00884868 0.00428005 0.00428245 0.00372227 0.0037227 0.00371004 0.00373909 0 0.00371288 0.00374991 0.00378639 0.00451063 0.00388432 0.0113953 0.00735422 0.0165622 0.0100337 
0.00883609 0.00865527 0.0183643 0.00926646 0.0366597 0.00886148 0.0172659 0.00882428 0.00994773 0.00890296 0.00839611 0.00893233 0.00936432 0.0131319 0.00888345 0.00928766 0.00849581 0.00844709 0.013622 0.00873187 0.018178 0.00909667 0.0150608 0.0083136 0.00952384 0.00456774 0.00375999 0.00377954 0.00376665 0.00383792 0.00408981 0.00371288 0 0.00375114 0.00374261 0.00380435 0.00384448 0.00662563 0.00972149 0.00751518 0.0218847 
0.00845911 0.0101927 0.00915771 0.0197213 0.00944937 0.011292 0.00883262 0.0100508 0.00927402 0.00848889 0.00819535 0.00852759 0.0104064 0.00938285 0.0101486 0.00854907 0.0083118 0.00939921 0.00849294 0.0125289 0.00891286 0.0112882 0.0085611 0.00899737 0.00798213 0.00440548 0.00409279 0.00383394 0.00764007 0.004588 0.00371758 0.00374991 0.00375114 0 0.00372838 0.00380956 0.00373762 0.00668847 0.00657346 0.0100961 0.0497651 
0.00877913 0.00863251 0.0124819 0.00919816 0.00954313 0.00869725 0.00938681 0.00871927 0.00869191 0.00835639 0.00806445 0.00847068 0.00896341 0.0101689 0.00897836 0.00852403 0.00834645 0.00872608 0.00996962 0.00939018 0.00992711 0.00879162 0.00983494 0.0083853 0.00842915 0.00493197 0.00430037 0.00440004 0.00407703 0.00382436 0.00394408 0.00378639 0.00374261 0.00372838 0 0.00377701 0.00373407 0.00654588 0.00847418 0.0388386 0.0102824 
0.00867703 0.0102794 0.00857418 0.00916289 0.00874702 0.0088333 0.00853294 0.00860863 0.00840288 0.00864942 0.00807835 0.00857783 0.010208 0.00905141 0.00885058 0.00892318 0.0084411 0.00972811 0.00961211 0.00972559 0.00909664 0.0108098 0.00894431 0.0142028 0.00819159 0.00691691 0.00859769 0.00441076 0.00426261 0.00389412 0.00381541 0.00451063 0.00380435 0.00380956 0.00377701 0 0.00374332 0.00925454 0.0461168 0.0214398 0.00900583 
0.013903 0.00917539 0.00916769 0.00854056 0.00920143 0.00859038 0.00901799 0.00830223 0.00849521 0.00835378 0.00902509 0.0148115 0.00909993 0.00926711 0.00861392 0.00862758 0.0104745 0.0170782 0.00986544 0.00897827 0.00959471 0.00872833 0.0106801 0.00872645 0.0156021 0.0259585 0.00863491 0.00527791 0.00497807 0.00442474 0.00445141 0.00388432 0.00384448 0.00373762 0.00373407 0.00374332 0 0.0491034 0.0139738 0.00719647 0.0173651 
0.00961826 0.0113797 0.00900804 0.012634 0.0087 0.0140571 0.0084674 0.0110759 0.00857637 0.00933094 0.0104795 0.00927905 0.0111203 0.00887253 0.0109502 0.00898627 0.0153066 0.0209577 0.0087643 0.0169322 0.00871017 0.0119753 0.00879005 0.0118718 0.0169777 0.00859173 0.0168911 0.00690944 0.00876482 0.0121592 0.00659275 0.0113953 0.00662563 0.00668847 0.00654588 0.00925454 0.0491034 0 0.00373057 0.0047854 0.00514162 
0.00929358 0.00890353 0.0170068 0.00892899 0.01731 0.00849352 0.0246678 0.00841381 0.00962914 0.00882127 0.00944192 0.0089619 0.0114467 0.0199621 0.00879982 0.0113711 0.00929967 0.00869236 0.0460607 0.00915069 0.0292198 0.0090267 0.0181603 0.00962152 0.0111535 0.0229686 0.00788536 0.0269357 0.00926105 0.00776187 0.0195527 0.00735422 0.00972149 0.00657346 0.00847418 0.0461168 0.0139738 0.00373057 0 0.00387144 0.00394879 
0.0101017 0.0146533 0.00941246 0.0154298 0.00919067 0.0183678 0.00869733 0.0150078 0.00917768 0.0104172 0.00835426 0.00998697 0.0183013 0.00956375 0.0142146 0.00942053 0.00872075 0.0199671 0.00946607 0.0274287 0.00934219 0.02866 0.00995569 0.0178361 0.00903122 0.00923461 0.116108 0.00789689 0.00894568 0.0188787 0.00790252 0.0165622 0.00751518 0.0100961 0.0388386 0.0214398 0.00719647 0.0047854 0.00387144 0 0.003805 
0.0119211 0.00944019 0.0106134 0.00936566 0.0117973 0.00886846 0.0110107 0.00903816 0.00937349 0.0086577 0.00915171 0.0160555 0.0108757 0.019629 0.00930548 0.0091212 0.0103567 0.0161762 0.0130993 0.00976498 0.014995 0.0109909 0.0147357 0.0106767 0.013191 0.0535413 0.00900791 0.0108522 0.0128247 0.0092932 0.0137901 0.0100337 0.0218847 0.0497651 0.0102824 0.00900583 0.0173651 0.00514162 0.00394879 0.003805 0 
