2DYNA
ILVIRKGWLTINNIGIMKGGSKEYWFVLTAENLSWYKDDEEKEKKYMLSVDNLKLRDVEKGFMSSKHIFALFNTEQRNVYKDYRQLELACETQEEVDSWKASFLRAGVYPE
CCEEEEEEEEECCCCCCCCCCEEEEEEEECCEEEEECCCCCCCEEEEEECCCEEEEEECCCCCCCCEEEEEEECCCCCCECCECCEEEEECCHHHHHHHHHHHHHCCCEEC
0 0 0 0 0 0 0 0 0 0 0 0 0 0 0 0 0 0 0 0 0 0 0 0 0 0 0 0 0 0 0 0 0 0 0 0 0 0 0 0 0 0 0 0 0 0 0 0 0 0 0 0 0 0 0 0 0 0 0 0 0 0 0 0 0 0 0 0 0 0 0 0 0 0 0 0 0 0 0 0 0 0 0 0 0 0 0 0 0 0 0 0 0 0 0 0 0 0 0 0 0 0 0 0 0 0 0 0 0 0 0 
0 0 0 0 0 0 0 0 0 0 0 0 0 0 0 0 0 0 0 0 0 0 0 0 0 0 0 0 0 0 0 0 0 0 0 0 0 0 0 0 0 0 0 0 0 0 0 0 0 0 0 0 0 0 0 0 0 0 0 0 0 0 0 0 0 0 0 0 0 0 0 0 0 0 0 0 0 0 0 0 0 0 0 0 0 0 0 0 0 0 0 0 0 0 0 0 0 0 0 0 0 0 0 0 0 0 0 0 0 0 0 
0 0.00386768 0.00373634 0.00372541 0.00371686 0.00379231 0.00444237 0.00550693 0.0177687 0.0366282 0.0100529 0.012017 0.0110811 0.0210801 0.0169916 0.0315904 0.168527 0.0355855 0.0108498 0.0124447 0.0122099 0.0371759 0.0161725 0.0100762 0.0110246 0.0118078 0.0125426 0.0303493 0.0324372 0.0121365 0.0138559 0.011339 0.0112184 0.0269638 0.0387159 0.017159 0.0245003 0.0189412 0.0141482 0.0128076 0.0190217 0.0136529 0.0117788 0.0124998 0.0118171 0.0111441 0.0111386 0.0166373 0.00883916 0.00995546 
0.00386768 0 0.00396064 0.00371503 0.00371963 0.00374492 0.00428424 0.00480593 0.00757533 0.0107039 0.0180847 0.0125697 0.0204871 0.0203757 0.0384688 0.0966534 0.247864 0.0122335 0.0329128 0.0121142 0.0609031 0.0112417 0.0108654 0.012264 0.0158959 0.0136062 0.0419297 0.0121404 0.0198565 0.0124323 0.0246293 0.0141979 0.0155633 0.0145633 0.0201309 0.0817011 0.0470601 0.0659124 0.0337869 0.0309932 0.0108622 0.00941813 0.00875354 0.0161123 0.0188512 0.0379569 0.016604 0.0109299 0.00832498 0.00914497 
0.00373634 0.00396064 0 0.00371561 0.00372445 0.00372954 0.00373349 0.00407497 0.00382511 0.00790603 0.00958494 0.027059 0.0157305 0.0402685 0.0528207 0.672915 0.0221061 0.0100749 0.0107191 0.0410101 0.0149761 0.0101656 0.00898651 0.00957297 0.0121779 0.0358722 0.0111704 0.0108639 0.00961855 0.0151575 0.0122803 0.0239985 0.0122532 0.00898289 0.0126731 0.0261074 0.0686161 0.0641825 0.0812001 0.0178794 0.00945088 0.00844247 0.00811953 0.00986917 0.0229942 0.0276436 0.0140508 0.00956647 0.00809953 0.00808136 
0.00372541 0.00371503 0.00371561 0 0.00375151 0.00370373 0.00373464 0.00371226 0.00376025 0.00746301 0.00823932 0.00888526 0.0173751 0.0342179 0.806672 0.0158776 0.0101398 0.00913287 0.0151841 0.0145065 0.0134982 0.00922732 0.00864239 0.00884662 0.0181646 0.012106 0.0124022 0.00966235 0.0102717 0.00941291 0.0137421 0.0118497 0.0103701 0.00922796 0.0111701 0.0176815 0.0407969 0.0815163 0.0298151 0.0149349 0.00910935 0.008328 0.00805195 0.0103113 0.0136044 0.0207568 0.012315 0.00924451 0.00799706 0.00820983 
0.00371686 0.00371963 0.00372445 0.00375151 0 0.00371734 0.00370871 0.00371248 0.00372851 0.00816963 0.00724901 0.0126513 0.0174714 0.861429 0.0193026 0.0136933 0.00985194 0.00925088 0.0130055 0.0111652 0.0141149 0.00944461 0.00894927 0.0110819 0.0127067 0.0106599 0.0138116 0.00914583 0.0112575 0.00955415 0.0188418 0.0123463 0.0118548 0.00934259 0.0107316 0.0241394 0.0680324 0.0524266 0.0417977 0.0128333 0.00931308 0.00834602 0.00817715 0.0105838 0.0121573 0.0339766 0.0118098 0.00992845 0.00802427 0.00829259 
0.00379231 0.00374492 0.00372954 0.00370373 0.00371734 0 0.00372469 0.00366844 0.00374285 0.00815562 0.0130495 0.0106199 0.928845 0.0256678 0.0271632 0.0135851 0.0125607 0.00974024 0.00892895 0.0303382 0.0118507 0.00980365 0.00978442 0.00962312 0.0106471 0.0290113 0.009177 0.0170455 0.00918299 0.0192415 0.010487 0.0273896 0.0120453 0.0087056 0.0141301 0.0299149 0.0592675 0.0838493 0.0390632 0.0158793 0.00919346 0.00837296 0.00806595 0.00957658 0.0252536 0.0181267 0.0324326 0.00901075 0.00810135 0.00817658 
0.00444237 0.00428424 0.00373349 0.00373464 0.00370871 0.00372469 0 0.00370265 0.00377505 0.011101 0.00775355 0.947825 0.0141461 0.0293201 0.0265874 0.0238294 0.0102165 0.00840076 0.0160082 0.0103063 0.0171522 0.01 0.00900525 0.0086555 0.0180426 0.00959711 0.0199069 0.00893567 0.0136752 0.00884728 0.044614 0.0110368 0.0099127 0.0103862 0.0117682 0.0283293 0.0600656 0.0548259 0.0402139 0.0143277 0.0095089 0.00842446 0.0081913 0.0107281 0.0106924 0.0866943 0.0104233 0.00989133 0.0080999 0.00861392 
0.00550693 0.00480593 0.00407497 0.00371226 0.00371248 0.00366844 0.00370265 0 0.00371557 0.0188547 0.966956 0.0102155 0.0167879 0.0143658 0.0192837 0.0194559 0.0129354 0.0136137 0.00931007 0.0190766 0.0141384 0.0111421 0.00913339 0.0102947 0.00899527 0.014799 0.00943414 0.0261051 0.00890382 0.0484089 0.00902491 0.0107332 0.0163776 0.00852294 0.0140151 0.0192582 0.0266475 0.0287613 0.0218635 0.0194264 0.00976756 0.00894593 0.00820404 0.00962655 0.0297297 0.0109838 0.0367536 0.00876492 0.00852714 0.00822209 
0.0177687 0.00757533 0.00382511 0.00376025 0.00372851 0.00374285 0.00377505 0.00371557 0 0.966722 0.00653767 0.022305 0.00873701 0.0129209 0.0117478 0.0217155 0.020361 0.0134803 0.0186737 0.00896815 0.0108651 0.0165388 0.0186393 0.009113 0.0090332 0.00928697 0.0117123 0.00982237 0.0664387 0.0100679 0.0126166 0.00895606 0.00884947 0.0149871 0.0196496 0.0130484 0.012423 0.0133251 0.0102908 0.011029 0.0127536 0.0131498 0.0111447 0.0285421 0.00941266 0.0107975 0.00968542 0.0125098 0.00868089 0.0098512 
0.0366282 0.0107039 0.00790603 0.00746301 0.00816963 0.00815562 0.011101 0.0188547 0.966722 0 0.00430108 0.00373367 0.00375726 0.00381151 0.00572679 0.00545513 0.0070453 0.00579658 0.00551931 0.00571159 0.00773288 0.0147266 0.00999511 0.00880339 0.0137183 0.00862082 0.00981162 0.0147105 0.0161753 0.00863186 0.00980408 0.00849851 0.00883416 0.0193224 0.010925 0.00951705 0.00933983 0.00926661 0.00884499 0.00935069 0.0136447 0.0100768 0.00899394 0.00948798 0.00828532 0.00876139 0.00861705 0.0136702 0.0081217 0.00907838 
0.0100529 0.0180847 0.00958494 0.00823932 0.00724901 0.0130495 0.00775355 0.966956 0.00653767 0.00430108 0 0.00373731 0.00369835 0.00365722 0.0036614 0.00383919 0.00392561 0.00458964 0.0049989 0.00558902 0.00752818 0.00640077 0.00924006 0.0195972 0.00845787 0.0115963 0.00910308 0.0103375 0.00868841 0.0115309 0.00856243 0.0090123 0.00975474 0.0084067 0.0112889 0.0114866 0.011277 0.0113787 0.0111697 0.0103959 0.00951028 0.00845732 0.00819821 0.0086154 0.0109009 0.00894561 0.0103476 0.00843616 0.00826559 0.00801095 
0.012017 0.0125697 0.027059 0.00888526 0.0126513 0.0106199 0.947825 0.0102155 0.022305 0.00373367 0.00373731 0 0.0037257 0.00369253 0.00360144 0.00374179 0.003814 0.00439313 0.00576411 0.00643289 0.00673648 0.0103618 0.0170118 0.00884472 0.0112833 0.0105841 0.0103687 0.00855686 0.0118108 0.00869485 0.0150431 0.00986999 0.00945911 0.0160038 0.00969276 0.0180668 0.0209323 0.0262917 0.0241313 0.0124934 0.00949686 0.00847166 0.00832762 0.0105642 0.0106042 0.0259933 0.00950986 0.00945125 0.00800239 0.00829564 
0.0110811 0.0204871 0.0157305 0.0173751 0.0174714 0.928845 0.0141461 0.0167879 0.00873701 0.00375726 0.00369835 0.0037257 0 0.00373884 0.00370577 0.00381707 0.00381418 0.00446957 0.00471777 0.00686696 0.0175402 0.729589 0.00872195 0.00858062 0.0106848 0.0156028 0.00950036 0.012874 0.00891194 0.0131929 0.0110063 0.0184709 0.0152013 0.00933907 0.0111969 0.018806 0.0423939 0.0516424 0.0503427 0.014604 0.0102514 0.00856804 0.00832439 0.00991672 0.0212963 0.0183201 0.0161199 0.00983446 0.00846435 0.00819167 
0.0210801 0.0203757 0.0402685 0.0342179 0.861429 0.0256678 0.0293201 0.0143658 0.0129209 0.00381151 0.00365722 0.00369253 0.00373884 0 0.00371253 0.00374685 0.00378956 0.0042718 0.00495971 0.0161003 0.844398 0.00890021 0.00803206 0.00885936 0.0139113 0.0104882 0.0157177 0.00930943 0.0123188 0.010059 0.0214785 0.0189381 0.0123064 0.00991938 0.0136151 0.0363753 0.0614458 0.117013 0.0635474 0.0198625 0.0106886 0.00877525 0.00843757 0.0147676 0.0191783 0.0518204 0.0169251 0.0107484 0.00835625 0.00882634 
0.0169916 0.0384688 0.0528207 0.806672 0.0193026 0.0271632 0.0265874 0.0192837 0.0117478 0.00572679 0.0036614 0.00360144 0.00370577 0.00371253 0 0.00371489 0.00375866 0.00414307 0.00627697 0.827888 0.00876607 0.00548226 0.0083211 0.00856112 0.010998 0.0175885 0.00993778 0.0120881 0.00956547 0.0144008 0.0164837 0.0223637 0.0113724 0.00919279 0.0132987 0.0351419 0.0962558 0.082685 0.0696087 0.0204327 0.0102264 0.0087262 0.0084392 0.0111376 0.0304165 0.0446513 0.0247825 0.00968706 0.00830712 0.00874812 
0.0315904 0.0966534 0.672915 0.0158776 0.0136933 0.0135851 0.0238294 0.0194559 0.0217155 0.00545513 0.00383919 0.00374179 0.00381707 0.00374685 0.00371489 0 0.00383941 0.00851076 0.747275 0.00504895 0.00644313 0.00602356 0.0118172 0.00985576 0.0125222 0.00922947 0.0174267 0.0104317 0.0178048 0.0127781 0.0184097 0.00933419 0.0124925 0.0105875 0.0147672 0.0342042 0.0255615 0.0320414 0.0246114 0.02859 0.0124705 0.010373 0.00905046 0.0143511 0.0141106 0.0283941 0.0147467 0.01317 0.00875032 0.00928532 
0.168527 0.247864 0.0221061 0.0101398 0.00985194 0.0125607 0.0102165 0.0129354 0.020361 0.0070453 0.00392561 0.003814 0.00381418 0.00378956 0.00375866 0.00383941 0 0.345041 0.00420901 0.00411872 0.00455227 0.00535496 0.0159435 0.0080948 0.00875312 0.0091047 0.00978576 0.0200091 0.0399415 0.0148246 0.00982879 0.00951794 0.00920084 0.0163032 0.0270035 0.011588 0.0130445 0.0137895 0.0106691 0.0135075 0.0164879 0.0187161 0.0145723 0.0219046 0.0111959 0.00975536 0.0117967 0.0140541 0.0106198 0.0090211 
0.0355855 0.0122335 0.0100749 0.00913287 0.00925088 0.00974024 0.00840076 0.0136137 0.0134803 0.00579658 0.00458964 0.00439313 0.00446957 0.0042718 0.00414307 0.00851076 0.345041 0 0.00375815 0.00373488 0.00378185 0.0038835 0.00779143 0.00702621 0.00970788 0.0290659 0.0136236 0.778113 0.0087972 0.0154733 0.00829347 0.00973983 0.0133691 0.012214 0.0214383 0.0106026 0.0114822 0.0100527 0.00994288 0.011314 0.017161 0.0117952 0.0105398 0.0107331 0.012381 0.00877932 0.011634 0.0127535 0.00910067 0.00938746 
0.0108498 0.0329128 0.0107191 0.0151841 0.0130055 0.00892895 0.0160082 0.00931007 0.0186737 0.00551931 0.0049989 0.00576411 0.00471777 0.00495971 0.00627697 0.747275 0.00420901 0.00375815 0 0.00369192 0.00372411 0.00373543 0.00550485 0.00689242 0.0124474 0.0131783 0.773072 0.00738421 0.0119859 0.007598 0.0197556 0.00844766 0.00903296 0.0126775 0.00935868 0.0214169 0.0121206 0.0236065 0.0109551 0.0136462 0.00973424 0.00898487 0.00862008 0.0119794 0.00931776 0.0192979 0.0092744 0.0114132 0.00813431 0.00851563 
0.0124447 0.0121142 0.0410101 0.0145065 0.0111652 0.0303382 0.0103063 0.0190766 0.00896815 0.00571159 0.00558902 0.00643289 0.00686696 0.0161003 0.827888 0.00504895 0.00411872 0.00373488 0.00369192 0 0.00369488 0.00370321 0.00612365 0.0215644 0.0271306 0.791898 0.00665426 0.00978672 0.00712841 0.0217723 0.00824402 0.0148853 0.0103771 0.00956307 0.0108295 0.0111444 0.0324057 0.0225822 0.0353721 0.0128271 0.0103077 0.00847315 0.00832339 0.00895567 0.0262059 0.0121954 0.0204451 0.00872947 0.00838432 0.00817329 
0.0122099 0.0609031 0.0149761 0.0134982 0.0141149 0.0118507 0.0171522 0.0141384 0.0108651 0.00773288 0.00752818 0.00673648 0.0175402 0.844398 0.00876607 0.00644313 0.00455227 0.00378185 0.00372411 0.00369488 0 0.00374993 0.0714529 0.0816188 0.60541 0.00666034 0.0113448 0.00708101 0.0122918 0.0106697 0.0140757 0.00888748 0.0112178 0.0100035 0.0109168 0.0301223 0.0164469 0.0249531 0.0170397 0.0317699 0.00973408 0.00962521 0.00880888 0.0124593 0.0147753 0.0216394 0.0116297 0.011012 0.00840105 0.008872 
0.0371759 0.0112417 0.0101656 0.00922732 0.00944461 0.00980365 0.01 0.0111421 0.0165388 0.0147266 0.00640077 0.0103618 0.729589 0.00890021 0.00548226 0.00602356 0.00535496 0.0038835 0.00373543 0.00370321 0.00374993 0 0.528023 0.0565173 0.00679669 0.00698846 0.00686928 0.00882434 0.0270422 0.00964348 0.0092044 0.00832356 0.00809559 0.0182691 0.0173198 0.00998467 0.0123185 0.0110219 0.0102944 0.012285 0.014813 0.0133555 0.0112034 0.0226676 0.00966699 0.0102081 0.0107063 0.0121393 0.00889941 0.00883792 
0.0161725 0.0108654 0.00898651 0.00864239 0.00894927 0.00978442 0.00900525 0.00913339 0.0186393 0.00999511 0.00924006 0.0170118 0.00872195 0.00803206 0.0083211 0.0118172 0.0159435 0.00779143 0.00550485 0.00612365 0.0714529 0.528023 0 0.00423666 0.00371264 0.00440506 0.00444205 0.00551655 0.00613411 0.00664302 0.0075491 0.00733732 0.020626 0.130484 0.0137543 0.00956257 0.00913975 0.00943984 0.00893048 0.0110925 0.0190935 0.0133385 0.0122346 0.013767 0.00936846 0.00896446 0.00909834 0.0157849 0.00871431 0.0104965 
0.0100762 0.012264 0.00957297 0.00884662 0.0110819 0.00962312 0.0086555 0.0102947 0.009113 0.00880339 0.0195972 0.00884472 0.00858062 0.00885936 0.00856112 0.00985576 0.0080948 0.00702621 0.00689242 0.0215644 0.0816188 0.0565173 0.00423666 0 0.00376446 0.00373198 0.00396412 0.00401023 0.00458378 0.00729838 0.00667759 0.0123565 0.0772572 0.0233357 0.00889106 0.0103037 0.00895514 0.00973925 0.00958092 0.0126318 0.00886793 0.00883155 0.00860423 0.00916868 0.0102092 0.0089525 0.0102086 0.00852942 0.00863029 0.0082068 
0.0110246 0.0158959 0.0121779 0.0181646 0.0127067 0.0106471 0.0180426 0.00899527 0.0090332 0.0137183 0.00845787 0.0112833 0.0106848 0.0139113 0.010998 0.0125222 0.00875312 0.00970788 0.0124474 0.0271306 0.60541 0.00679669 0.00371264 0.00376446 0 0.00449205 0.00371632 0.00376177 0.00539802 0.00562545 0.0186221 0.0468775 0.0168174 0.00754883 0.00983507 0.0102845 0.0120856 0.0139905 0.0151065 0.0098976 0.00871514 0.00878298 0.00847232 0.0118154 0.00993983 0.0187153 0.00907084 0.00919435 0.00837396 0.00833371 
0.0118078 0.0136062 0.0358722 0.012106 0.0106599 0.0290113 0.00959711 0.014799 0.00928697 0.00862082 0.0115963 0.0105841 0.0156028 0.0104882 0.0175885 0.00922947 0.0091047 0.0290659 0.0131783 0.791898 0.00666034 0.00698846 0.00440506 0.00373198 0.00449205 0 0.00370061 0.00380447 0.00409596 0.0341607 0.0230593 0.0246619 0.0111359 0.00552391 0.0106684 0.00956662 0.0127152 0.018823 0.0135301 0.0103592 0.00899386 0.00876504 0.00850241 0.00944809 0.0230519 0.0104568 0.0150443 0.00868383 0.00955647 0.00804061 
0.0125426 0.0419297 0.0111704 0.0124022 0.0138116 0.009177 0.0199069 0.00943414 0.0117123 0.00981162 0.00910308 0.0103687 0.00950036 0.0157177 0.00993778 0.0174267 0.00978576 0.0136236 0.773072 0.00665426 0.0113448 0.00686928 0.00444205 0.00396412 0.00371632 0.00370061 0 0.00373907 0.0146159 0.0103414 0.0328914 0.00475079 0.00512612 0.00849861 0.00818464 0.0154377 0.0124764 0.0145183 0.0113577 0.0129823 0.0096089 0.00975453 0.00901476 0.0143793 0.0105381 0.024441 0.00924664 0.0138752 0.00832438 0.0111764 
0.0303493 0.0121404 0.0108639 0.00966235 0.00914583 0.0170455 0.00893567 0.0261051 0.00982237 0.0147105 0.0103375 0.00855686 0.012874 0.00930943 0.0120881 0.0104317 0.0200091 0.778113 0.00738421 0.00978672 0.00708101 0.00882434 0.00551655 0.00401023 0.00376177 0.00380447 0.00373907 0 0.0385764 0.0756135 0.0037388 0.00471188 0.00480318 0.00489109 0.0186805 0.00919452 0.0123212 0.011145 0.0114586 0.0137378 0.0144804 0.015584 0.0122512 0.0166805 0.0180795 0.00918099 0.0177471 0.00934575 0.0127723 0.00825386 
0.0324372 0.0198565 0.00961855 0.0102717 0.0112575 0.00918299 0.0136752 0.00890382 0.0664387 0.0161753 0.00868841 0.0118108 0.00891194 0.0123188 0.00956547 0.0178048 0.0399415 0.0087972 0.0119859 0.00712841 0.0122918 0.0270422 0.00613411 0.00458378 0.00539802 0.00409596 0.0146159 0.0385764 0 0.00376564 0.00413381 0.00387968 0.00383193 0.0132721 0.0102919 0.00849801 0.0100463 0.0103913 0.012897 0.0273152 0.658392 0.0213319 0.0223226 0.0381762 0.00917924 0.0158184 0.00911327 0.0697097 0.00873281 0.0302673 
0.0121365 0.0124323 0.0151575 0.00941291 0.00955415 0.0192415 0.00884728 0.0484089 0.0100679 0.00863186 0.0115309 0.00869485 0.0131929 0.010059 0.0144008 0.0127781 0.0148246 0.0154733 0.007598 0.0217723 0.0106697 0.00964348 0.00664302 0.00729838 0.00562545 0.0341607 0.0103414 0.0756135 0.00376564 0 0.00371825 0.00382473 0.00633236 0.00383776 0.00808171 0.00780009 0.00907831 0.0165782 0.0242602 0.693961 0.0110426 0.00994622 0.00925674 0.00927063 0.0333652 0.00873377 0.0471808 0.0092754 0.012779 0.008409 
0.0138559 0.0246293 0.0122803 0.0137421 0.0188418 0.010487 0.044614 0.00902491 0.0126166 0.00980408 0.00856243 0.0150431 0.0110063 0.0214785 0.0164837 0.0184097 0.00982879 0.00829347 0.0197556 0.00824402 0.0140757 0.0092044 0.0075491 0.00667759 0.0186221 0.0230593 0.0328914 0.0037388 0.00413381 0.00371825 0 0.00393891 0.00371381 0.00582724 0.00680575 0.00939782 0.0199591 0.0237301 0.779847 0.00910125 0.00888621 0.00983756 0.00995573 0.0205538 0.00894729 0.0547225 0.00885398 0.0147175 0.00846298 0.0101225 
0.011339 0.0141979 0.0239985 0.0118497 0.0123463 0.0273896 0.0110368 0.0107332 0.00895606 0.00849851 0.0090123 0.00986999 0.0184709 0.0189381 0.0223637 0.00933419 0.00951794 0.00973983 0.00844766 0.0148853 0.00888748 0.00832356 0.00733732 0.0123565 0.0468775 0.0246619 0.00475079 0.00471188 0.00387968 0.00382473 0.00393891 0 0.00376776 0.00370042 0.00805072 0.0100263 0.018632 0.729988 0.00899968 0.00865782 0.00745316 0.00840743 0.00807382 0.00973325 0.0203785 0.0106918 0.0114133 0.00861107 0.0087257 0.00848057 
0.0112184 0.0155633 0.0122532 0.0103701 0.0118548 0.0120453 0.0099127 0.0163776 0.00884947 0.00883416 0.00975474 0.00945911 0.0152013 0.0123064 0.0113724 0.0124925 0.00920084 0.0133691 0.00903296 0.0103771 0.0112178 0.00809559 0.020626 0.0772572 0.0168174 0.0111359 0.00512612 0.00480318 0.00383193 0.00633236 0.00371381 0.00376776 0 0.0037954 0.0109548 0.0168404 0.630707 0.00877375 0.00813085 0.00845632 0.0072002 0.00846117 0.00806203 0.0100566 0.0201667 0.0102868 0.0164084 0.00864769 0.00960263 0.00833919 
0.0269638 0.0145633 0.00898289 0.00922796 0.00934259 0.0087056 0.0103862 0.00852294 0.0149871 0.0193224 0.0084067 0.0160038 0.00933907 0.00991938 0.00919279 0.0105875 0.0163032 0.012214 0.0126775 0.00956307 0.0100035 0.0182691 0.130484 0.0233357 0.00754883 0.00552391 0.00849861 0.00489109 0.0132721 0.00383776 0.00582724 0.00370042 0.0037954 0 0.0337402 0.678117 0.00715296 0.0101384 0.00832871 0.0090492 0.00962266 0.0215612 0.0152837 0.0533753 0.00871717 0.0129108 0.00861235 0.0227508 0.0091132 0.0131077 
0.0387159 0.0201309 0.0126731 0.0111701 0.0107316 0.0141301 0.0117682 0.0140151 0.0196496 0.010925 0.0112889 0.00969276 0.0111969 0.0136151 0.0132987 0.0147672 0.0270035 0.0214383 0.00935868 0.0108295 0.0109168 0.0173198 0.0137543 0.00889106 0.00983507 0.0106684 0.00818464 0.0186805 0.0102919 0.00808171 0.00680575 0.00805072 0.0109548 0.0337402 0 0.00380938 0.00373376 0.00373321 0.00376347 0.0039921 0.00583913 0.0110797 0.0136307 0.015394 0.0173701 0.0101216 0.0193772 0.102368 0.0122157 0.0162904 
0.017159 0.0817011 0.0261074 0.0176815 0.0241394 0.0299149 0.0283293 0.0192582 0.0130484 0.00951705 0.0114866 0.0180668 0.018806 0.0363753 0.0351419 0.0342042 0.011588 0.0106026 0.0214169 0.0111444 0.0301223 0.00998467 0.00956257 0.0103037 0.0102845 0.00956662 0.0154377 0.00919452 0.00849801 0.00780009 0.00939782 0.0100263 0.0168404 0.678117 0.00380938 0 0.00374185 0.00375387 0.00380432 0.00405514 0.00387973 0.00700542 0.00698863 0.0164231 0.0202453 0.0258963 0.087435 0.0248855 0.0100619 0.0121527 
0.0245003 0.0470601 0.0686161 0.0407969 0.0680324 0.0592675 0.0600656 0.0266475 0.012423 0.00933983 0.011277 0.0209323 0.0423939 0.0614458 0.0962558 0.0255615 0.0130445 0.0114822 0.0121206 0.0324057 0.0164469 0.0123185 0.00913975 0.00895514 0.0120856 0.0127152 0.0124764 0.0123212 0.0100463 0.00907831 0.0199591 0.018632 0.630707 0.00715296 0.00373376 0.00374185 0 0.00373364 0.00373969 0.00373772 0.00380658 0.00677245 0.00639191 0.0141599 0.0200967 0.147231 0.0231076 0.0232039 0.00917251 0.00999128 
0.0189412 0.0659124 0.0641825 0.0815163 0.0524266 0.0838493 0.0548259 0.0287613 0.0133251 0.00926661 0.0113787 0.0262917 0.0516424 0.117013 0.082685 0.0320414 0.0137895 0.0100527 0.0236065 0.0225822 0.0249531 0.0110219 0.00943984 0.00973925 0.0139905 0.018823 0.0145183 0.011145 0.0103913 0.0165782 0.0237301 0.729988 0.00877375 0.0101384 0.00373321 0.00375387 0.00373364 0 0.0037143 0.00371799 0.003688 0.00639674 0.00633077 0.0179969 0.202531 0.0265563 0.0612252 0.013025 0.00918285 0.0120019 
0.0141482 0.0337869 0.0812001 0.0298151 0.0417977 0.0390632 0.0402139 0.0218635 0.0102908 0.00884499 0.0111697 0.0241313 0.0503427 0.0635474 0.0696087 0.0246114 0.0106691 0.00994288 0.0109551 0.0353721 0.0170397 0.0102944 0.00893048 0.00958092 0.0151065 0.0135301 0.0113577 0.0114586 0.012897 0.0242602 0.779847 0.00899968 0.00813085 0.00832871 0.00376347 0.00380432 0.00373969 0.0037143 0 0.00383287 0.00372276 0.00595634 0.00584578 0.10644 0.0258344 0.0720553 0.0230045 0.0101701 0.00894024 0.00964379 
0.0128076 0.0309932 0.0178794 0.0149349 0.0128333 0.0158793 0.0143277 0.0194264 0.011029 0.00935069 0.0103959 0.0124934 0.014604 0.0198625 0.0204327 0.02859 0.0135075 0.011314 0.0136462 0.0128271 0.0317699 0.012285 0.0110925 0.0126318 0.0098976 0.0103592 0.0129823 0.0137378 0.0273152 0.693961 0.00910125 0.00865782 0.00845632 0.0090492 0.0039921 0.00405514 0.00373772 0.00371799 0.00383287 0 0.00386345 0.0151648 0.0240319 0.0186254 0.0542709 0.0168841 0.0275522 0.0120296 0.0125133 0.0136536 
0.0190217 0.0108622 0.00945088 0.00910935 0.00931308 0.00919346 0.0095089 0.00976756 0.0127536 0.0136447 0.00951028 0.00949686 0.0102514 0.0106886 0.0102264 0.0124705 0.0164879 0.017161 0.00973424 0.0103077 0.00973408 0.014813 0.0190935 0.00886793 0.00871514 0.00899386 0.0096089 0.0144804 0.658392 0.0110426 0.00888621 0.00745316 0.0072002 0.00962266 0.00583913 0.00387973 0.00380658 0.003688 0.00372276 0.00386345 0 0.055064 0.0102604 0.0709519 0.0110055 0.0241744 0.0112641 0.0213237 0.0120535 0.0103019 
0.0136529 0.00941813 0.00844247 0.008328 0.00834602 0.00837296 0.00842446 0.00894593 0.0131498 0.0100768 0.00845732 0.00847166 0.00856804 0.00877525 0.0087262 0.010373 0.0187161 0.0117952 0.00898487 0.00847315 0.00962521 0.0133555 0.0133385 0.00883155 0.00878298 0.00876504 0.00975453 0.015584 0.0213319 0.00994622 0.00983756 0.00840743 0.00846117 0.0215612 0.0110797 0.00700542 0.00677245 0.00639674 0.00595634 0.0151648 0.055064 0 0.939119 0.0111988 0.00979725 0.00579235 0.0069088 0.0159341 0.0147424 0.0183353 
0.0117788 0.00875354 0.00811953 0.00805195 0.00817715 0.00806595 0.0081913 0.00820404 0.0111447 0.00899394 0.00819821 0.00832762 0.00832439 0.00843757 0.0084392 0.00905046 0.0145723 0.0105398 0.00862008 0.00832339 0.00880888 0.0112034 0.0122346 0.00860423 0.00847232 0.00850241 0.00901476 0.0122512 0.0223226 0.00925674 0.00995573 0.00807382 0.00806203 0.0152837 0.0136307 0.00698863 0.00639191 0.00633077 0.00584578 0.0240319 0.0102604 0.939119 0 0.0372287 0.00416643 0.00396262 0.00418538 0.00700786 0.0203052 0.0142515 
0.0124998 0.0161123 0.00986917 0.0103113 0.0105838 0.00957658 0.0107281 0.00962655 0.0285421 0.00948798 0.0086154 0.0105642 0.00991672 0.0147676 0.0111376 0.0143511 0.0219046 0.0107331 0.0119794 0.00895567 0.0124593 0.0226676 0.013767 0.00916868 0.0118154 0.00944809 0.0143793 0.0166805 0.0381762 0.00927063 0.0205538 0.00973325 0.0100566 0.0533753 0.015394 0.0164231 0.0141599 0.0179969 0.10644 0.0186254 0.0709519 0.0111988 0.0372287 0 0.00386521 0.00380754 0.00380586 0.00832958 0.0221507 0.130562 
0.0118171 0.0188512 0.0229942 0.0136044 0.0121573 0.0252536 0.0106924 0.0297297 0.00941266 0.00828532 0.0109009 0.0106042 0.0212963 0.0191783 0.0304165 0.0141106 0.0111959 0.012381 0.00931776 0.0262059 0.0147753 0.00966699 0.00936846 0.0102092 0.00993983 0.0230519 0.0105381 0.0180795 0.00917924 0.0333652 0.00894729 0.0203785 0.0201667 0.00871717 0.0173701 0.0202453 0.0200967 0.202531 0.0258344 0.0542709 0.0110055 0.00979725 0.00416643 0.00386521 0 0.00381502 0.00380158 0.00389584 0.0381567 0.02206 
0.0111441 0.0379569 0.0276436 0.0207568 0.0339766 0.0181267 0.0866943 0.0109838 0.0107975 0.00876139 0.00894561 0.0259933 0.0183201 0.0518204 0.0446513 0.0283941 0.00975536 0.00877932 0.0192979 0.0121954 0.0216394 0.0102081 0.00896446 0.0089525 0.0187153 0.0104568 0.024441 0.00918099 0.0158184 0.00873377 0.0547225 0.0106918 0.0102868 0.0129108 0.0101216 0.0258963 0.147231 0.0265563 0.0720553 0.0168841 0.0241744 0.00579235 0.00396262 0.00380754 0.00381502 0 0.00376645 0.00378555 0.00986764 0.0528054 
0.0111386 0.016604 0.0140508 0.012315 0.0118098 0.0324326 0.0104233 0.0367536 0.00968542 0.00861705 0.0103476 0.00950986 0.0161199 0.0169251 0.0247825 0.0147467 0.0117967 0.011634 0.0092744 0.0204451 0.0116297 0.0107063 0.00909834 0.0102086 0.00907084 0.0150443 0.00924664 0.0177471 0.00911327 0.0471808 0.00885398 0.0114133 0.0164084 0.00861235 0.0193772 0.087435 0.0231076 0.0612252 0.0230045 0.0275522 0.0112641 0.0069088 0.00418538 0.00380586 0.00380158 0.00376645 0 0.00374098 0.0349983 0.039609 
0.0166373 0.0109299 0.00956647 0.00924451 0.00992845 0.00901075 0.00989133 0.00876492 0.0125098 0.0136702 0.00843616 0.00945125 0.00983446 0.0107484 0.00968706 0.01317 0.0140541 0.0127535 0.0114132 0.00872947 0.011012 0.0121393 0.0157849 0.00852942 0.00919435 0.00868383 0.0138752 0.00934575 0.0697097 0.0092754 0.0147175 0.00861107 0.00864769 0.0227508 0.102368 0.0248855 0.0232039 0.013025 0.0101701 0.0120296 0.0213237 0.0159341 0.00700786 0.00832958 0.00389584 0.00378555 0.00374098 0 0.0272786 0.0716575 
0.00883916 0.00832498 0.00809953 0.00799706 0.00802427 0.00810135 0.0080999 0.00852714 0.00868089 0.0081217 0.00826559 0.00800239 0.00846435 0.00835625 0.00830712 0.00875032 0.0106198 0.00910067 0.00813431 0.00838432 0.00840105 0.00889941 0.00871431 0.00863029 0.00837396 0.00955647 0.00832438 0.0127723 0.00873281 0.012779 0.00846298 0.0087257 0.00960263 0.0091132 0.0122157 0.0100619 0.00917251 0.00918285 0.00894024 0.0125133 0.0120535 0.0147424 0.0203052 0.0221507 0.0381567 0.00986764 0.0349983 0.0272786 0 0.0343009 
0.00995546 0.00914497 0.00808136 0.00820983 0.00829259 0.00817658 0.00861392 0.00822209 0.0098512 0.00907838 0.00801095 0.00829564 0.00819167 0.00882634 0.00874812 0.00928532 0.0090211 0.00938746 0.00851563 0.00817329 0.008872 0.00883792 0.0104965 0.0082068 0.00833371 0.00804061 0.0111764 0.00825386 0.0302673 0.008409 0.0101225 0.00848057 0.00833919 0.0131077 0.0162904 0.0121527 0.00999128 0.0120019 0.00964379 0.0136536 0.0103019 0.0183353 0.0142515 0.130562 0.02206 0.0528054 0.039609 0.0716575 0.0343009 0 
