1A15A
KPVSLSYRCPCRFFESHVARANVKHLKILNTPACALQIVARLKNNNRQVCIDPKLKWIQEYLEKALN
CCCCCCCCCCCCCCECCCCHHHEEEEEEEEECCCEEEEEEEECCCCCEEEECCCCHHHHHHHHHCCC
0 0 0 0 0 0 0 0 0 0 0 0 0 0 0 0 0 0 0 0 0 0 0 0 0 0 0 0 0 0 0 0 0 0 0 0 0 0 0 0 0 0 0 0 0 0 0 0 0 0 0 0 0 0 0 0 0 0 0 0 0 0 0 0 0 0 0 
0 0 0 0 0 0 0 0 0 0 0 0 0 0 0 0 0 0 0 0 0 0 0 0 0 0 0 0 0 0 0 0 0 0 0 0 0 0 0 0 0 0 0 0 0 0 0 0 0 0 0 0 0 0 0 0 0 0 0 0 0 0 0 0 0 0 0 
0 0.0133954 0.00498908 0.00529794 0.00645172 0.00680235 0.00758507 0.00712176 0.00839395 0.0114699 0.0103793 0.00831104 0.00886812 0.00877796 0.00863717 0.00860632 0.00997957 0.0171921 0.0140514 0.00976016 0.00968861 0.0135588 
0.0133954 0 0.00369939 0.00370585 0.00380685 0.00372076 0.00396807 0.00383042 0.0040388 0.00598849 0.00490118 0.0123986 0.0055501 0.00858909 0.00654589 0.0111424 0.00774695 0.502974 0.0130645 0.0204137 0.0116058 0.0638215 
0.00498908 0.00369939 0 0.00367815 0.00368791 0.00632898 0.00371556 0.00383014 0.00376158 0.00384442 0.00645941 0.0057991 0.0109011 0.00717993 0.0083761 0.0105972 0.12916 0.0631186 0.0112955 0.0110049 0.0192743 0.00974982 
0.00529794 0.00370585 0.00367815 0 0.00369199 0.00369725 0.00368101 0.00369188 0.00375246 0.00368953 0.00561163 0.0118937 0.0103647 0.0197001 0.0196549 0.0746662 0.597812 0.0111446 0.00936498 0.0148305 0.011925 0.011031 
0.00645172 0.00380685 0.00368791 0.00369199 0 0.00369512 0.00370377 0.00365798 0.00365856 0.00373743 0.00475864 0.00851735 0.0153975 0.026177 0.0192624 0.788251 0.0103869 0.0143256 0.0100906 0.0278332 0.0112933 0.0159266 
0.00680235 0.00372076 0.00632898 0.00369725 0.00369512 0 0.00370336 0.00369777 0.00375945 0.00377898 0.00953986 0.00671325 0.0425623 0.0314426 0.860623 0.0134633 0.0159279 0.00788727 0.0142021 0.0112771 0.0296236 0.0106032 
0.00758507 0.00396807 0.00371556 0.00368101 0.00370377 0.00370336 0 0.00369995 0.00369738 0.0037153 0.00436662 0.0253534 0.0334241 0.896203 0.0129784 0.0201538 0.00904929 0.0101942 0.0103461 0.0265765 0.0131401 0.0148313 
0.00712176 0.00383042 0.00383014 0.00369188 0.00365798 0.00369777 0.00369995 0 0.00369859 0.0037111 0.0108049 0.0289936 0.830428 0.0264755 0.00937714 0.00961801 0.00971346 0.00735232 0.00868103 0.0141603 0.016903 0.0100913 
0.00839395 0.0040388 0.00376158 0.00375246 0.00365856 0.00375945 0.00369738 0.00369859 0 0.00399492 0.0152082 0.83101 0.0166163 0.00947349 0.00648132 0.00802276 0.00718679 0.00883736 0.0105856 0.0120418 0.0156152 0.0112231 
0.0114699 0.00598849 0.00384442 0.00368953 0.00373743 0.00377898 0.0037153 0.0037111 0.00399492 0 0.850631 0.00422442 0.00398491 0.00419115 0.00437548 0.00513055 0.00586597 0.00651754 0.0109171 0.00873755 0.00813955 0.009286 
0.0103793 0.00490118 0.00645941 0.00561163 0.00475864 0.00953986 0.00436662 0.0108049 0.0152082 0.850631 0 0.0037048 0.00370673 0.00370833 0.00373594 0.00378542 0.00488925 0.00465526 0.0113647 0.00689711 0.0109829 0.0174799 
0.00831104 0.0123986 0.0057991 0.0118937 0.00851735 0.00671325 0.0253534 0.0289936 0.83101 0.00422442 0.0037048 0 0.00369033 0.00371233 0.00370461 0.0039247 0.00374913 0.00654059 0.00606597 0.0132911 0.0100809 0.0134317 
0.00886812 0.0055501 0.0109011 0.0103647 0.0153975 0.0425623 0.0334241 0.830428 0.0166163 0.00398491 0.00370673 0.00369033 0 0.00370652 0.00372325 0.00372583 0.00384405 0.00378571 0.00868888 0.00878522 0.0157071 0.0156706 
0.00877796 0.00858909 0.00717993 0.0197001 0.026177 0.0314426 0.896203 0.0264755 0.00947349 0.00419115 0.00370833 0.00371233 0.00370652 0 0.0037101 0.00372973 0.00376585 0.00478308 0.00633979 0.018183 0.0137824 0.776389 
0.00863717 0.00654589 0.0083761 0.0196549 0.0192624 0.860623 0.0129784 0.00937714 0.00648132 0.00437548 0.00373594 0.00370461 0.00372325 0.0037101 0 0.00373861 0.00390379 0.00371056 0.00878211 0.00964128 0.812646 0.0328481 
0.00860632 0.0111424 0.0105972 0.0746662 0.788251 0.0134633 0.0201538 0.00961801 0.00802276 0.00513055 0.00378542 0.0039247 0.00372583 0.00372973 0.00373861 0 0.00371109 0.00400864 0.00576504 0.833773 0.0227944 0.0192377 
0.00997957 0.00774695 0.12916 0.597812 0.0103869 0.0159279 0.00904929 0.00971346 0.00718679 0.00586597 0.00488925 0.00374913 0.00384405 0.00376585 0.00390379 0.00371109 0 0.00392857 0.820545 0.0307821 0.0193133 0.00744895 
0.0171921 0.502974 0.0631186 0.0111446 0.0143256 0.00788727 0.0101942 0.00735232 0.00883736 0.00651754 0.00465526 0.00654059 0.00378571 0.00478308 0.00371056 0.00400864 0.00392857 0 0.0332077 0.0281424 0.00498106 0.0100494 
0.0140514 0.0130645 0.0112955 0.00936498 0.0100906 0.0142021 0.0103461 0.00868103 0.0105856 0.0109171 0.0113647 0.00606597 0.00868888 0.00633979 0.00878211 0.00576504 0.820545 0.0332077 0 0.003722 0.00374554 0.00518833 
0.00976016 0.0204137 0.0110049 0.0148305 0.0278332 0.0112771 0.0265765 0.0141603 0.0120418 0.00873755 0.00689711 0.0132911 0.00878522 0.018183 0.00964128 0.833773 0.0307821 0.0281424 0.003722 0 0.00384092 0.00376021 
0.00968861 0.0116058 0.0192743 0.011925 0.0112933 0.0296236 0.0131401 0.016903 0.0156152 0.00813955 0.0109829 0.0100809 0.0157071 0.0137824 0.812646 0.0227944 0.0193133 0.00498106 0.00374554 0.00384092 0 0.00370533 
0.0135588 0.0638215 0.00974982 0.011031 0.0159266 0.0106032 0.0148313 0.0100913 0.0112231 0.009286 0.0174799 0.0134317 0.0156706 0.776389 0.0328481 0.0192377 0.00744895 0.0100494 0.00518833 0.00376021 0.00370533 0 
