1A9OA
MQNGYTYEDYQDTAKWLLSHTEQRPQVAVICGSGLGGLVNKLTQAQTFDYSEIPNFPESTVPGHAGRLVFGILNGRACVMMQGRFHMYEGYPFWKVTFPVRVFRLLGVETLVVTNAAGGLNPNFEVGDIMLIRDHINLPGFSGENPLRGPNEERFGVRFPAMSDAYDRDMRQKAHSTWKQMGEQRELQEGTYVMLGGPNFETVAECRLLRNLGADAVGMSTVPEVIVARHCGLRVFGFSLITNKVIMDTESQGKANHEEVLEAGKQAAQKLEQFVSLLMASIPVSGHTG
CCCCCCHHHHHHHHHHHHCCCCCCCCEEEEECHHHHHHHHHCEEEEEEECCCCCCCCCCCCCCCCCEEEEEEECCEEEEEEECCCCHHHCCCHHHHCHHHHHHHHCCCCEEEEEEEEEECCCCCCCCCEEEEEEEEEHHHHCCCCCCCCCCCCCCCCCCCCCCCCCCHHHHHHHHHHHHHCCCCCCCEEEEEEECCCCCCCCHHHHHHHHHCCCCEEECCCHHHHHHHHHCCCEEEEEEEEEEECCCCCCCCCCCCHHHHCCCCCHHHHHHHHHHHHHCCCCCCCCCCC
0 0 0 0 0 0 0 0 0 0 0 0 0 0 0 0 0 0 0 0 0 0 0 0 0 0 0 0 0 0 0 0 0 0 0 0 0 0 0 0 0 0 0 0 0 0 0 0 0 0 0 0 0 0 0 0 0 0 0 0 0 0 0 0 0 0 0 0 0 0 0 0 0 0 0 0 0 0 0 0 0 0 0 0 0 0 0 0 0 0 0 0 0 0 0 0 0 0 0 0 0 0 0 0 0 0 0 0 0 0 0 0 0 0 0 0 0 0 0 0 0 0 0 0 0 0 0 0 0 0 0 0 0 0 0 0 0 0 0 0 0 0 0 0 0 0 0 0 0 0 0 0 0 0 0 0 0 0 0 0 0 0 0 0 0 0 0 0 0 0 0 0 0 0 0 0 0 0 0 0 0 0 0 0 0 0 0 0 0 0 0 0 0 0 0 0 0 0 0 0 0 0 0 0 0 0 0 0 0 0 0 0 0 0 0 0 0 0 0 0 0 0 0 0 0 0 0 0 0 0 0 0 0 0 0 0 0 0 0 0 0 0 0 0 0 0 0 0 0 0 0 0 0 0 0 0 0 0 0 0 0 0 0 0 0 0 0 0 0 0 0 0 0 0 0 0 0 0 0 0 0 0 0 0 0 0 0 0 0 
0 0 0 0 0 0 0 0 0 0 0 0 0 0 0 0 0 0 0 0 0 0 0 0 0 0 0 0 0 0 0 0 0 0 0 0 0 0 0 0 0 0 0 0 0 0 0 0 0 0 0 0 0 0 0 0 0 0 0 0 0 0 0 0 0 0 0 0 0 0 0 0 0 0 0 0 0 0 0 0 0 0 0 0 0 0 0 0 0 0 0 0 0 0 0 0 0 0 0 0 0 0 0 0 0 0 0 0 0 0 0 0 0 0 0 0 0 0 0 0 0 0 0 0 0 0 0 0 0 0 0 0 0 0 0 0 0 0 0 0 0 0 0 0 0 0 0 0 0 0 0 0 0 0 0 0 0 0 0 0 0 0 0 0 0 0 0 0 0 0 0 0 0 0 0 0 0 0 0 0 0 0 0 0 0 0 0 0 0 0 0 0 0 0 0 0 0 0 0 0 0 0 0 0 0 0 0 0 0 0 0 0 0 0 0 0 0 0 0 0 0 0 0 0 0 0 0 0 0 0 0 0 0 0 0 0 0 0 0 0 0 0 0 0 0 0 0 0 0 0 0 0 0 0 0 0 0 0 0 0 0 0 0 0 0 0 0 0 0 0 0 0 0 0 0 0 0 0 0 0 0 0 0 0 0 0 0 0 0 
0 0.00379569 0.00379881 0.00375867 0.00454482 0.0276239 0.0121567 0.0150609 0.0115075 0.018272 0.0175968 0.0250705 0.0295126 0.0280032 0.0155512 0.0188849 0.0171358 0.0132073 0.0209291 0.0176091 0.014018 0.040132 0.0155892 0.0200743 0.012101 0.0186313 0.0185414 0.0129721 0.0116754 0.012039 0.01151 0.0106097 0.0102573 0.00942901 0.0100707 0.0135071 0.0125367 0.0109615 0.00969868 0.00938913 0.00880523 0.00870106 0.00891832 0.00929963 0.0109344 0.00825857 0.00825176 0.00857808 0.00826513 0.00860278 0.00859293 0.00872816 0.00897809 0.0082387 0.00848484 0.00832835 0.00836681 0.00844483 0.00863013 0.00855499 0.00852031 0.00878404 0.0085257 0.00844693 0.00815746 0.0084954 
0.00379569 0 0.00375104 0.00371247 0.0037334 0.0100538 0.0303289 0.0116829 0.0408823 0.0271313 0.0223706 0.0131443 0.0222694 0.0879452 0.0487102 0.0706368 0.0448194 0.0314041 0.0104688 0.0113441 0.0549102 0.0409083 0.167021 0.0491142 0.044887 0.0113999 0.0166002 0.0620397 0.0410781 0.0435242 0.0225101 0.0200452 0.0213395 0.0188734 0.0182382 0.010494 0.0115303 0.0332586 0.0195163 0.0126889 0.0103589 0.0106697 0.0133756 0.0124384 0.00896279 0.00820725 0.00891925 0.00930184 0.00930274 0.00944308 0.00983644 0.00873216 0.00869995 0.00898079 0.00874489 0.00837175 0.00871159 0.00907308 0.00949941 0.00891843 0.00923527 0.00909475 0.00871216 0.00847894 0.00832301 0.00825404 
0.00379881 0.00375104 0 0.00376403 0.00371909 0.0102032 0.0137876 0.0625427 0.0247501 0.04546 0.0174792 0.011846 0.0128754 0.0420581 0.144092 0.102855 0.122475 0.0264392 0.0111529 0.0115348 0.0224818 0.177984 0.113489 0.365314 0.0402121 0.0134518 0.014691 0.0311597 0.141644 0.0898089 0.0558966 0.0363264 0.0424913 0.0529994 0.021831 0.0119458 0.0117828 0.0298664 0.0462102 0.0200867 0.0144844 0.0139965 0.0209972 0.0129091 0.00947026 0.00833864 0.00898895 0.0104291 0.00930136 0.0119624 0.0108683 0.00917475 0.00925969 0.00976439 0.00946592 0.00848869 0.00917546 0.00945916 0.0104601 0.00956801 0.00968987 0.0101068 0.00922965 0.00882083 0.00860747 0.00838845 
0.00375867 0.00371247 0.00376403 0 0.00415601 0.0100034 0.0308996 0.01154 0.030016 0.0148019 0.0328998 0.0141376 0.0142365 0.0288671 0.0384071 0.0610245 0.0487698 0.0643943 0.0142115 0.0102361 0.0267781 0.0338308 0.101048 0.0538451 0.206307 0.0189973 0.0109447 0.0210898 0.0342811 0.0341931 0.0249336 0.0188955 0.0222008 0.021878 0.0287607 0.0138119 0.0104458 0.0216841 0.019607 0.0116277 0.0100832 0.0104161 0.0105107 0.012127 0.0101984 0.00818334 0.00870141 0.0090955 0.0090421 0.00940532 0.00987561 0.00849144 0.00856115 0.00936503 0.00885125 0.00834504 0.00852641 0.00880121 0.00902852 0.00886279 0.00876909 0.00941969 0.00875283 0.0083884 0.00827619 0.00819553 
0.00454482 0.0037334 0.00371909 0.00415601 0 0.0285036 0.00811263 0.0100974 0.00737933 0.00921412 0.0119528 0.0615949 0.0261827 0.0153244 0.0130514 0.0154676 0.0167837 0.0151376 0.0213278 0.023302 0.0114896 0.0122678 0.0126554 0.0156695 0.0181988 0.0641009 0.0199495 0.0123728 0.0146785 0.0136762 0.0116063 0.0108401 0.0109218 0.0121167 0.012064 0.0178278 0.0152069 0.0106541 0.0105978 0.00927549 0.00854405 0.00855082 0.00900904 0.00933623 0.0103229 0.00917689 0.00819671 0.00846068 0.00848946 0.00864697 0.00875331 0.00879138 0.00883541 0.008401 0.00882533 0.00876139 0.00827773 0.00858348 0.00854138 0.00856115 0.00834681 0.00868528 0.00834124 0.00815481 0.00806128 0.0081341 
0.0276239 0.0100538 0.0102032 0.0100034 0.0285036 0 0.00438885 0.00376836 0.00374495 0.0040093 0.00415621 0.0076051 0.034492 0.00928278 0.01022 0.00941336 0.00942759 0.0126234 0.0566658 0.00982702 0.00975483 0.00985424 0.00989816 0.00982685 0.0095139 0.0145484 0.0107144 0.0089438 0.00930719 0.00892944 0.00914632 0.00868607 0.00862974 0.00843584 0.0087866 0.0109824 0.00873981 0.00865831 0.00877221 0.00838193 0.00820365 0.00814581 0.00836409 0.00885039 0.0107574 0.007995 0.00799291 0.00799829 0.00802113 0.00811253 0.00816038 0.00912221 0.00808712 0.00795075 0.00831997 0.00848678 0.0080072 0.00809131 0.00802468 0.00818321 0.00808337 0.00809774 0.00803535 0.00802182 0.00799443 0.00863367 
0.0121567 0.0303289 0.0137876 0.0308996 0.00811263 0.00438885 0 0.00384481 0.00373147 0.00371014 0.00399253 0.00377546 0.00952833 0.0326924 0.00921094 0.0102185 0.0101486 0.0667038 0.00912695 0.00860413 0.0101583 0.00945963 0.0109495 0.00979331 0.010922 0.00868896 0.00905004 0.00958025 0.00926083 0.00948516 0.00885579 0.00935609 0.00875589 0.00856319 0.00889667 0.00834285 0.00844 0.00886767 0.0087637 0.00838866 0.00815753 0.00816294 0.00847361 0.00844091 0.00820399 0.00794313 0.00809036 0.00815704 0.00811246 0.00828898 0.00836087 0.00808965 0.00814734 0.00817874 0.00804122 0.00806763 0.00830476 0.00827149 0.0086383 0.00824713 0.00830079 0.00837324 0.00829587 0.0081514 0.00808495 0.00805202 
0.0150609 0.0116829 0.0625427 0.01154 0.0100974 0.00376836 0.00384481 0 0.003722 0.00373305 0.00384695 0.00387827 0.0129511 0.00970613 0.0396567 0.0104481 0.0856305 0.00895937 0.00860351 0.00850784 0.0093354 0.0111069 0.0103968 0.0127889 0.0105844 0.00866618 0.00871508 0.00891243 0.0101864 0.00959376 0.0098272 0.00877132 0.00913315 0.00899868 0.00871654 0.00840175 0.00839065 0.00912608 0.00909516 0.0087562 0.00839631 0.00843656 0.00856626 0.00845197 0.00823509 0.00795042 0.00809134 0.00814315 0.00820048 0.00838501 0.00831193 0.00808848 0.00815207 0.00819406 0.00805996 0.0081226 0.00821626 0.00830202 0.00826335 0.00819607 0.00824899 0.00833817 0.00826169 0.00812678 0.00808259 0.00808902 
0.0115075 0.0408823 0.0247501 0.030016 0.00737933 0.00374495 0.00373147 0.003722 0 0.00370018 0.0037394 0.00372606 0.00926722 0.0175243 0.0111325 0.203958 0.0103985 0.00930683 0.00868061 0.00845566 0.00968134 0.011377 0.0163575 0.0126132 0.00965764 0.00877597 0.00878667 0.010269 0.01134 0.015759 0.0100577 0.010038 0.0104427 0.00934449 0.00909118 0.0084081 0.00850894 0.00983695 0.0101389 0.00962661 0.0084955 0.00864225 0.00884053 0.00891625 0.00826755 0.00801347 0.00812085 0.00825163 0.00826898 0.00848609 0.00839109 0.00814993 0.00813563 0.00821324 0.00809254 0.00810531 0.00826665 0.00828294 0.00847086 0.00819344 0.00831946 0.00847477 0.00832822 0.00809782 0.00807175 0.00806944 
0.018272 0.0271313 0.04546 0.0148019 0.00921412 0.0040093 0.00371014 0.00373305 0.00370018 0 0.00369569 0.00377713 0.0224077 0.0101015 0.397398 0.0109888 0.0281137 0.0111406 0.00850406 0.00889701 0.00974711 0.0149832 0.0134688 0.0176384 0.00973442 0.00894884 0.00915298 0.0103654 0.0272017 0.0111226 0.011777 0.0111474 0.00944613 0.0104472 0.00888781 0.00865014 0.00873156 0.0106226 0.0133866 0.00884564 0.00885472 0.00883828 0.00929749 0.00861786 0.00843528 0.0079871 0.00821385 0.00818688 0.00836737 0.00851346 0.00843683 0.00831781 0.00820238 0.00826367 0.00812524 0.00844545 0.00825969 0.00828488 0.00832984 0.00825882 0.00835621 0.00839204 0.00825749 0.00813943 0.00809032 0.00807756 
0.0175968 0.0223706 0.0174792 0.0328998 0.0119528 0.00415621 0.00399253 0.00384695 0.0037394 0.00369569 0 0.00369809 0.00968878 0.51147 0.0106189 0.0625175 0.0135039 0.025812 0.0117128 0.00919193 0.0119186 0.011618 0.013725 0.0108445 0.0239884 0.00925179 0.00974012 0.0166858 0.00993109 0.0116425 0.00953549 0.00903588 0.00998538 0.00901326 0.0109634 0.0087145 0.00920094 0.0108791 0.00912266 0.00967883 0.00841804 0.00850314 0.00851993 0.00948375 0.00833795 0.00802098 0.00817073 0.0085304 0.00832391 0.00850911 0.00843602 0.00820285 0.00820165 0.0083401 0.00819399 0.00807801 0.00833301 0.00828153 0.00846066 0.00821536 0.00832212 0.0085028 0.00842995 0.00817331 0.0081119 0.00803513 
0.0250705 0.0131443 0.011846 0.0141376 0.0615949 0.0076051 0.00377546 0.00387827 0.00372606 0.00377713 0.00369809 0 0.432116 0.010481 0.0288625 0.0127725 0.0171279 0.0181456 0.0149422 0.013586 0.0111944 0.010328 0.0107898 0.0109991 0.0102311 0.018307 0.0194143 0.0101903 0.0106966 0.00939647 0.00940178 0.00925023 0.00873647 0.00909534 0.00904233 0.0120608 0.0120612 0.00924186 0.00922129 0.00846886 0.00828961 0.00828978 0.00859358 0.00843103 0.00895952 0.00848806 0.00821785 0.00815515 0.00835844 0.00836014 0.00818669 0.00849531 0.00831175 0.00809064 0.00824808 0.00904803 0.00811409 0.00820696 0.00827418 0.00814074 0.00823466 0.00826723 0.0082356 0.00806654 0.00799973 0.00822151 
0.0295126 0.0222694 0.0128754 0.0142365 0.0261827 0.034492 0.00952833 0.0129511 0.00926722 0.0224077 0.00968878 0.432116 0 0.00400697 0.00375001 0.00367565 0.00373446 0.00425055 0.00647821 0.0063586 0.00753776 0.00778736 0.00865251 0.010209 0.0153025 0.931317 0.0256476 0.0127613 0.0140513 0.0109879 0.0123216 0.0115507 0.00974416 0.0101812 0.0106687 0.0175981 0.016593 0.0127054 0.0107801 0.00891766 0.00878676 0.00854321 0.00912068 0.00969768 0.0142566 0.00818586 0.00826196 0.00811161 0.00831413 0.00832656 0.00877809 0.00977565 0.00863168 0.00807562 0.00863455 0.00940481 0.00810747 0.00825995 0.00839282 0.00815067 0.00844662 0.00837891 0.00817901 0.0080237 0.00806912 0.00868868 
0.0280032 0.0879452 0.0420581 0.0288671 0.0153244 0.00928278 0.0326924 0.00970613 0.0175243 0.0101015 0.51147 0.010481 0.00400697 0 0.00373252 0.00370113 0.00377771 0.00398742 0.00463883 0.00547461 0.00797233 0.00870262 0.00779642 0.0144316 0.961983 0.0108549 0.0247397 0.0556709 0.0194443 0.0405728 0.0175589 0.0128692 0.0206541 0.0129151 0.0207522 0.0100253 0.0149657 0.0317067 0.0150118 0.0176222 0.00962628 0.0115513 0.0121912 0.01509 0.0102713 0.00824514 0.00857962 0.00939181 0.00899617 0.00965849 0.0105696 0.00886255 0.00887707 0.00940526 0.00845958 0.00818821 0.00924036 0.00916557 0.00916556 0.00955085 0.00901256 0.00934703 0.00900717 0.00870549 0.00848965 0.00820355 
0.0155512 0.0487102 0.144092 0.0384071 0.0130514 0.01022 0.00921094 0.0396567 0.0111325 0.397398 0.0106189 0.0288625 0.00375001 0.00373252 0 0.0037137 0.00371698 0.00372006 0.00373451 0.00498793 0.00665585 0.00896938 0.0163593 0.956883 0.0108631 0.00809416 0.0183711 0.0266343 0.108595 0.0446846 0.0461782 0.03447 0.024955 0.0437897 0.0152869 0.0120389 0.0113976 0.0380196 0.052605 0.015225 0.0202653 0.0165964 0.033267 0.0111557 0.0108162 0.00817509 0.00923787 0.00944465 0.0109884 0.0122997 0.0109371 0.00935437 0.00909512 0.00904662 0.00888402 0.00857431 0.00895679 0.00931573 0.00996593 0.00934648 0.00952678 0.00973269 0.00904945 0.00851837 0.00833215 0.0081813 
0.0188849 0.0706368 0.102855 0.0610245 0.0154676 0.00941336 0.0102185 0.0104481 0.203958 0.0109888 0.0625175 0.0127725 0.00367565 0.00370113 0.0037137 0 0.00370652 0.0037 0.00375663 0.00410398 0.00628643 0.0103214 0.961453 0.0250233 0.0104754 0.00763676 0.0197796 0.0422577 0.0581274 0.0781005 0.040129 0.0297457 0.0437982 0.0310373 0.0251322 0.0120148 0.0139535 0.0368292 0.0394376 0.0302321 0.0150729 0.0216605 0.0189043 0.0181223 0.0106009 0.00841562 0.00908601 0.0106702 0.011243 0.0129281 0.0124756 0.00916184 0.00938959 0.00948854 0.00910917 0.00843906 0.0093255 0.00957398 0.0107009 0.00991811 0.00994206 0.0101458 0.00937203 0.00877933 0.00845533 0.00823688 
0.0171358 0.0448194 0.122475 0.0487698 0.0167837 0.00942759 0.0101486 0.0856305 0.0103985 0.0281137 0.0135039 0.0171279 0.00373446 0.00377771 0.00371698 0.00370652 0 0.00370012 0.00373059 0.00497703 0.0130061 0.976657 0.0293735 0.0161782 0.00979243 0.00757287 0.019418 0.0347726 0.0705289 0.0486565 0.0386773 0.0310899 0.0312238 0.0372709 0.019616 0.0118052 0.0149235 0.0388705 0.0431856 0.0203627 0.017917 0.0147576 0.0235346 0.0126596 0.0104789 0.00837843 0.00946861 0.0108861 0.0108332 0.0132069 0.011306 0.00913667 0.00932697 0.00934365 0.009056 0.0082947 0.00907037 0.00959698 0.0108362 0.0099055 0.00992445 0.0105128 0.00934417 0.00871931 0.00855435 0.00823913 
0.0132073 0.0314041 0.0264392 0.0643943 0.0151376 0.0126234 0.0667038 0.00895937 0.00930683 0.0111406 0.025812 0.0181456 0.00425055 0.00398742 0.00372006 0.0037 0.00370012 0 0.00377288 0.00588485 0.996803 0.00534548 0.00739384 0.00666363 0.0126709 0.00876897 0.0137488 0.0245326 0.0212562 0.0214099 0.0192874 0.0137888 0.0131975 0.0143302 0.0206024 0.0118147 0.0117853 0.021541 0.0162888 0.0105416 0.0100183 0.00965048 0.0104128 0.012099 0.0100219 0.00837606 0.00869015 0.0088533 0.00877993 0.00923528 0.00982763 0.00844481 0.00852695 0.00884349 0.0084578 0.00835004 0.00859925 0.00870181 0.0089617 0.00861081 0.00883125 0.00893975 0.00850647 0.00828639 0.00822179 0.00809975 
0.0209291 0.0104688 0.0111529 0.0142115 0.0213278 0.0566658 0.00912695 0.00860351 0.00868061 0.00850406 0.0117128 0.0149422 0.00647821 0.00463883 0.00373451 0.00375663 0.00373059 0.00377288 0 0.999496 0.00548933 0.00405453 0.00403708 0.00489092 0.0057943 0.00801895 0.0187896 0.0116876 0.0104939 0.0106725 0.00997391 0.00960015 0.00982772 0.00951904 0.0109913 0.0137991 0.0168117 0.0101342 0.0101609 0.00910279 0.00873738 0.00852483 0.00880395 0.00908015 0.0094526 0.00934823 0.00815528 0.00842334 0.00834276 0.00844008 0.0085297 0.00865888 0.00879883 0.00826534 0.00860787 0.00837156 0.00814988 0.00828089 0.00824591 0.00831454 0.00827523 0.00830087 0.00833777 0.00806607 0.00801444 0.00809226 
0.0176091 0.0113441 0.0115348 0.0102361 0.023302 0.00982702 0.00860413 0.00850784 0.00845566 0.00889701 0.00919193 0.013586 0.0063586 0.00547461 0.00498793 0.00410398 0.00497703 0.00588485 0.999496 0 0.0038788 0.00368683 0.00370147 0.00370152 0.00373613 0.00415336 0.0658236 0.0134639 0.0106144 0.0114356 0.0100071 0.0098521 0.00956298 0.00985293 0.00979118 0.0154237 0.0117033 0.0102113 0.00954848 0.00900929 0.00857018 0.00851643 0.00919872 0.00994295 0.0147239 0.00806314 0.00805376 0.00807429 0.00808677 0.00834561 0.00860559 0.00947287 0.00829659 0.00812203 0.00854395 0.00823667 0.00814717 0.00817354 0.00836022 0.00812534 0.00825857 0.00833694 0.00814288 0.00802255 0.00798019 0.00832463 
0.014018 0.0549102 0.0224818 0.0267781 0.0114896 0.00975483 0.0101583 0.0093354 0.00968134 0.00974711 0.0119186 0.0111944 0.00753776 0.00797233 0.00665585 0.00628643 0.0130061 0.996803 0.00548933 0.0038788 0 0.00369836 0.00369112 0.00370843 0.0036833 0.00380015 0.046346 0.0600934 0.0236713 0.0177007 0.021054 0.0129054 0.0153256 0.013399 0.0167699 0.00998327 0.0139049 0.0280867 0.0168116 0.0108092 0.0101786 0.0121494 0.0122002 0.0117363 0.00998859 0.00815377 0.00844723 0.00857739 0.00870358 0.00917938 0.00968678 0.00882767 0.00857402 0.00866932 0.00835915 0.00820538 0.00846403 0.00873824 0.00884321 0.00873044 0.00878407 0.00880048 0.00863702 0.00841969 0.00831908 0.00816965 
0.040132 0.0409083 0.177984 0.0338308 0.0122678 0.00985424 0.00945963 0.0111069 0.011377 0.0149832 0.011618 0.010328 0.00778736 0.00870262 0.00896938 0.0103214 0.976657 0.00534548 0.00405453 0.00368683 0.00369836 0 0.00371952 0.0036835 0.00370908 0.00373018 0.0498456 0.0623589 0.0658767 0.0763605 0.0372516 0.0355325 0.0291743 0.0459242 0.0173457 0.0111988 0.0147844 0.0412692 0.0444353 0.0290501 0.021847 0.0211471 0.0284206 0.0129712 0.0103838 0.00838473 0.0092051 0.0110563 0.0111373 0.0144744 0.0120715 0.00939181 0.00947681 0.00924359 0.00902515 0.00834572 0.00930864 0.00991677 0.0106289 0.0105384 0.00977495 0.0104653 0.00931442 0.00907567 0.00846813 0.00829032 
0.0155892 0.167021 0.113489 0.101048 0.0126554 0.00989816 0.0109495 0.0103968 0.0163575 0.0134688 0.013725 0.0107898 0.00865251 0.00779642 0.0163593 0.961453 0.0293735 0.00739384 0.00403708 0.00370147 0.00369112 0.00371952 0 0.00370762 0.00369533 0.00370877 0.0430622 0.0859461 0.118915 0.0893488 0.0759232 0.041 0.0579828 0.0380565 0.0264449 0.0120344 0.0147682 0.0559037 0.0686076 0.0448178 0.0219746 0.0291994 0.0270867 0.0172224 0.011522 0.00845084 0.00986203 0.0114481 0.0149849 0.0146938 0.0143389 0.00966275 0.00976932 0.00937612 0.00935819 0.0086633 0.00951089 0.0105409 0.0112044 0.0102389 0.0101125 0.0104694 0.00955809 0.00888138 0.00845912 0.00825555 
0.0200743 0.0491142 0.365314 0.0538451 0.0156695 0.00982685 0.00979331 0.0127889 0.0126132 0.0176384 0.0108445 0.0109991 0.010209 0.0144316 0.956883 0.0250233 0.0161782 0.00666363 0.00489092 0.00370152 0.00370843 0.0036835 0.00370762 0 0.0037045 0.00370509 0.0352523 0.0798059 0.174327 0.104218 0.0709603 0.0687796 0.0410416 0.0704188 0.0252728 0.0141997 0.0149746 0.0570341 0.091338 0.0258769 0.0297781 0.0212505 0.0350686 0.0162839 0.0122265 0.00860983 0.00992477 0.0123998 0.01282 0.0185925 0.0135902 0.0106623 0.00986879 0.00976035 0.0103808 0.00866794 0.00925531 0.0105642 0.0123223 0.0101331 0.0106045 0.0112697 0.00977355 0.00924556 0.0085464 0.00828676 
0.012101 0.044887 0.0402121 0.206307 0.0181988 0.0095139 0.010922 0.0105844 0.00965764 0.00973442 0.0239884 0.0102311 0.0153025 0.961983 0.0108631 0.0104754 0.00979243 0.0126709 0.0057943 0.00373613 0.0036833 0.00370908 0.00369533 0.0037045 0 0.00387804 0.0164699 0.0438485 0.0682292 0.0769763 0.0483658 0.0258206 0.0348508 0.0311277 0.101306 0.0185524 0.0122203 0.0288074 0.0203832 0.0189085 0.0108145 0.0117362 0.0117133 0.0292429 0.0123605 0.00856473 0.00913605 0.00954719 0.00981103 0.010796 0.0212245 0.0094643 0.0091279 0.00977458 0.00970095 0.0083999 0.00910218 0.00914357 0.00934636 0.00916795 0.00937264 0.0094463 0.00904589 0.0085033 0.00835461 0.00812567 
0.0186313 0.0113999 0.0134518 0.0189973 0.0641009 0.0145484 0.00868896 0.00866618 0.00877597 0.00894884 0.00925179 0.018307 0.931317 0.0108549 0.00809416 0.00763676 0.00757287 0.00876897 0.00801895 0.00415336 0.00380015 0.00373018 0.00370877 0.00370509 0.00387804 0 0.0183437 0.014579 0.0221111 0.0316001 0.0239806 0.017106 0.0138798 0.0173117 0.027058 0.0741577 0.0163484 0.0122186 0.0128725 0.00953782 0.00967504 0.00922049 0.00968239 0.0102064 0.0186568 0.00980053 0.00846702 0.00859802 0.00853025 0.00864678 0.00926171 0.00991287 0.00944299 0.00837324 0.00955996 0.0086242 0.00818809 0.00847987 0.0086873 0.00836208 0.00849897 0.00880416 0.00834663 0.00809924 0.00810131 0.00811557 
0.0185414 0.0166002 0.014691 0.0109447 0.0199495 0.0107144 0.00905004 0.00871508 0.00878667 0.00915298 0.00974012 0.0194143 0.0256476 0.0247397 0.0183711 0.0197796 0.019418 0.0137488 0.0187896 0.0658236 0.046346 0.0498456 0.0430622 0.0352523 0.0164699 0.0183437 0 0.00490838 0.00375037 0.00375432 0.00379071 0.00393067 0.00407199 0.00448545 0.00482553 0.0128975 0.0582515 0.0215863 0.0165796 0.0135964 0.0101545 0.0104275 0.0105715 0.0172928 0.0491782 0.0103875 0.00887898 0.00942698 0.00926195 0.00963747 0.0104525 0.0163881 0.0110138 0.00876299 0.0110008 0.00895676 0.00918061 0.0088311 0.00909532 0.00889253 0.00900572 0.00900899 0.00898235 0.00856335 0.00849296 0.00887117 
0.0129721 0.0620397 0.0311597 0.0210898 0.0123728 0.0089438 0.00958025 0.00891243 0.010269 0.0103654 0.0166858 0.0101903 0.0127613 0.0556709 0.0266343 0.0422577 0.0347726 0.0245326 0.0116876 0.0134639 0.0600934 0.0623589 0.0859461 0.0798059 0.0438485 0.014579 0.00490838 0 0.00375095 0.00373761 0.0037152 0.00374572 0.00402407 0.00394019 0.0064019 0.0055137 0.0247119 0.0477774 0.020646 0.0134451 0.0111388 0.012214 0.0213347 0.0405806 0.0222464 0.00896293 0.0107465 0.0117176 0.0122898 0.0150602 0.01552 0.0107805 0.0142814 0.0109268 0.00961409 0.00861428 0.010355 0.0100923 0.0111831 0.010247 0.0109737 0.0111237 0.0100873 0.00915659 0.00872606 0.00841819 
0.0116754 0.0410781 0.141644 0.0342811 0.0146785 0.00930719 0.00926083 0.0101864 0.01134 0.0272017 0.00993109 0.0106966 0.0140513 0.0194443 0.108595 0.0581274 0.0705289 0.0212562 0.0104939 0.0106144 0.0236713 0.0658767 0.118915 0.174327 0.0682292 0.0221111 0.00375037 0.00375095 0 0.00371637 0.00371959 0.00372508 0.003759 0.00416784 0.00451657 0.00521608 0.0139852 0.0315856 0.03741 0.0173037 0.0173918 0.0267194 0.0455298 0.0383593 0.0176626 0.00909578 0.0130565 0.0157062 0.0300876 0.0343573 0.0206379 0.0123925 0.0121083 0.0112031 0.0104343 0.00943479 0.0103909 0.0148356 0.0191824 0.0150886 0.0162314 0.0172519 0.0134578 0.011061 0.00891668 0.00849871 
0.012039 0.0435242 0.0898089 0.0341931 0.0136762 0.00892944 0.00948516 0.00959376 0.015759 0.0111226 0.0116425 0.00939647 0.0109879 0.0405728 0.0446846 0.0781005 0.0486565 0.0214099 0.0106725 0.0114356 0.0177007 0.0763605 0.0893488 0.104218 0.0769763 0.0316001 0.00375432 0.00373761 0.00371637 0 0.0037167 0.00370169 0.00387087 0.0039133 0.00400711 0.00404808 0.0176693 0.0223572 0.0237109 0.0217687 0.0227569 0.0341255 0.0631266 0.0242639 0.0118034 0.00929197 0.0110245 0.0195508 0.0207249 0.033347 0.0241897 0.0108492 0.0115294 0.0109845 0.0104719 0.00886072 0.0111546 0.0150596 0.0165051 0.0178334 0.0143994 0.0172706 0.0145462 0.0101054 0.0090538 0.00835723 
0.01151 0.0225101 0.0558966 0.0249336 0.0116063 0.00914632 0.00885579 0.0098272 0.0100577 0.011777 0.00953549 0.00940178 0.0123216 0.0175589 0.0461782 0.040129 0.0386773 0.0192874 0.00997391 0.0100071 0.021054 0.0372516 0.0759232 0.0709603 0.0483658 0.0239806 0.00379071 0.0037152 0.00371959 0.0037167 0 0.00385507 0.00370347 0.00371642 0.00370148 0.00381714 0.0122371 0.0147415 0.0189573 0.0295951 0.0343247 0.0455587 0.0187899 0.0140234 0.0101724 0.0092014 0.0121416 0.0136432 0.0210365 0.0233585 0.0202532 0.0107882 0.0103462 0.00981668 0.0103622 0.00885169 0.00948252 0.0122296 0.0158822 0.0132308 0.0139576 0.0154165 0.0115977 0.0094778 0.00870973 0.008288 
0.0106097 0.0200452 0.0363264 0.0188955 0.0108401 0.00868607 0.00935609 0.00877132 0.010038 0.0111474 0.00903588 0.00925023 0.0115507 0.0128692 0.03447 0.0297457 0.0310899 0.0137888 0.00960015 0.0098521 0.0129054 0.0355325 0.041 0.0687796 0.0258206 0.017106 0.00393067 0.00374572 0.00372508 0.00370169 0.00385507 0 0.00369399 0.00369318 0.00371061 0.00375575 0.0120705 0.0155997 0.0267794 0.0317882 0.0470064 0.0125135 0.0147764 0.0104295 0.00902815 0.00901279 0.0100033 0.0125377 0.0152287 0.0214195 0.0132733 0.0105755 0.00993644 0.00930881 0.0106267 0.00857262 0.00950878 0.0111072 0.0133713 0.0120694 0.013518 0.0131748 0.0107229 0.00934646 0.00861627 0.00825516 
0.0102573 0.0213395 0.0424913 0.0222008 0.0109218 0.00862974 0.00875589 0.00913315 0.0104427 0.00944613 0.00998538 0.00873647 0.00974416 0.0206541 0.024955 0.0437982 0.0312238 0.0131975 0.00982772 0.00956298 0.0153256 0.0291743 0.0579828 0.0410416 0.0348508 0.0138798 0.00407199 0.00402407 0.003759 0.00387087 0.00370347 0.00369399 0 0.0036919 0.0036959 0.0037552 0.0119999 0.0245894 0.0396786 0.0838984 0.011697 0.0154276 0.0134868 0.0120171 0.008916 0.00878683 0.00998122 0.0150561 0.0174332 0.0176363 0.0190576 0.00999535 0.00977252 0.00948601 0.0100819 0.00842937 0.0101246 0.0114292 0.0133351 0.0140287 0.0118533 0.0137707 0.0109203 0.00932528 0.00855686 0.00819083 
0.00942901 0.0188734 0.0529994 0.021878 0.0121167 0.00843584 0.00856319 0.00899868 0.00934449 0.0104472 0.00901326 0.00909534 0.0101812 0.0129151 0.0437897 0.0310373 0.0372709 0.0143302 0.00951904 0.00985293 0.013399 0.0459242 0.0380565 0.0704188 0.0311277 0.0173117 0.00448545 0.00394019 0.00416784 0.0039133 0.00371642 0.00369318 0.0036919 0 0.00369241 0.00369286 0.0112092 0.047239 0.0791395 0.0139566 0.0134741 0.0102614 0.0128676 0.0103926 0.0080743 0.00856279 0.0109655 0.0135656 0.0155065 0.0236416 0.0162117 0.0106114 0.00952351 0.0100074 0.00977535 0.00831289 0.00940274 0.0111228 0.0139573 0.0110292 0.0127628 0.0122258 0.0108379 0.00890632 0.00854744 0.00818294 
0.0100707 0.0182382 0.021831 0.0287607 0.012064 0.0087866 0.00889667 0.00871654 0.00909118 0.00888781 0.0109634 0.00904233 0.0106687 0.0207522 0.0152869 0.0251322 0.019616 0.0206024 0.0109913 0.00979118 0.0167699 0.0173457 0.0264449 0.0252728 0.101306 0.027058 0.00482553 0.0064019 0.00451657 0.00400711 0.00370148 0.00371061 0.0036959 0.00369241 0 0.00396355 0.0470796 0.0776632 0.0292929 0.0128448 0.00831199 0.0109154 0.00971207 0.0159413 0.0091657 0.0106287 0.0106125 0.0103467 0.0108357 0.0132476 0.0257645 0.0117913 0.0104553 0.012618 0.0106365 0.00878965 0.0100261 0.0112738 0.0119649 0.0111396 0.010719 0.0115307 0.00956949 0.00878589 0.00853342 0.00813626 
0.0135071 0.010494 0.0119458 0.0138119 0.0178278 0.0109824 0.00834285 0.00840175 0.0084081 0.00865014 0.0087145 0.0120608 0.0175981 0.0100253 0.0120389 0.0120148 0.0118052 0.0118147 0.0137991 0.0154237 0.00998327 0.0111988 0.0120344 0.0141997 0.0185524 0.0741577 0.0128975 0.0055137 0.00521608 0.00404808 0.00381714 0.00375575 0.0037552 0.00369286 0.00396355 0 0.0909848 0.0200218 0.0188894 0.00807665 0.00741971 0.00758583 0.013621 0.0139845 0.0156489 0.0124254 0.00919996 0.00911277 0.00949204 0.00994915 0.012523 0.0172975 0.012745 0.00946981 0.0145037 0.00986807 0.00861231 0.00881566 0.00976343 0.00894821 0.00921886 0.00912491 0.00887799 0.00825505 0.00825308 0.00831183 
0.0125367 0.0115303 0.0117828 0.0104458 0.0152069 0.00873981 0.00844 0.00839065 0.00850894 0.00873156 0.00920094 0.0120612 0.016593 0.0149657 0.0113976 0.0139535 0.0149235 0.0117853 0.0168117 0.0117033 0.0139049 0.0147844 0.0147682 0.0149746 0.0122203 0.0163484 0.0582515 0.0247119 0.0139852 0.0176693 0.0122371 0.0120705 0.0119999 0.0112092 0.0470796 0.0909848 0 0.00372523 0.00371568 0.00374528 0.00374728 0.00376927 0.00383007 0.00516911 0.00552162 0.0213737 0.00983683 0.0106714 0.00979414 0.0111442 0.0119802 0.0196463 0.0145448 0.00965164 0.0128702 0.00901265 0.00944077 0.00971688 0.00966247 0.00979373 0.00945597 0.010117 0.00931961 0.00904377 0.00873618 0.0116596 
0.0109615 0.0332586 0.0298664 0.0216841 0.0106541 0.00865831 0.00886767 0.00912608 0.00983695 0.0106226 0.0108791 0.00924186 0.0127054 0.0317067 0.0380196 0.0368292 0.0388705 0.021541 0.0101342 0.0102113 0.0280867 0.0412692 0.0559037 0.0570341 0.0288074 0.0122186 0.0215863 0.0477774 0.0315856 0.0223572 0.0147415 0.0155997 0.0245894 0.047239 0.0776632 0.0200218 0.00372523 0 0.00371 0.00369382 0.00370875 0.00370462 0.00445587 0.00430846 0.00381229 0.0133284 0.026973 0.0153808 0.0198627 0.0243377 0.0292313 0.0134128 0.0167552 0.0170895 0.0113341 0.00904955 0.0129851 0.0159692 0.0185644 0.0145837 0.0182474 0.0179669 0.013589 0.00991296 0.00951507 0.00842356 
0.00969868 0.0195163 0.0462102 0.019607 0.0105978 0.00877221 0.0087637 0.00909516 0.0101389 0.0133866 0.00912266 0.00922129 0.0107801 0.0150118 0.052605 0.0394376 0.0431856 0.0162888 0.0101609 0.00954848 0.0168116 0.0444353 0.0686076 0.091338 0.0203832 0.0128725 0.0165796 0.020646 0.03741 0.0237109 0.0189573 0.0267794 0.0396786 0.0791395 0.0292929 0.0188894 0.00371568 0.00371 0 0.00370107 0.00369311 0.00370883 0.00379447 0.00372225 0.0037749 0.0134978 0.015741 0.0181133 0.0232801 0.0392505 0.022659 0.0133538 0.013038 0.0130953 0.011329 0.00914328 0.0104485 0.0200709 0.0219344 0.0170805 0.0204587 0.0206355 0.013769 0.0120648 0.00893011 0.00861401 
0.00938913 0.0126889 0.0200867 0.0116277 0.00927549 0.00838193 0.00838866 0.0087562 0.00962661 0.00884564 0.00967883 0.00846886 0.00891766 0.0176222 0.015225 0.0302321 0.0203627 0.0105416 0.00910279 0.00900929 0.0108092 0.0290501 0.0448178 0.0258769 0.0189085 0.00953782 0.0135964 0.0134451 0.0173037 0.0217687 0.0295951 0.0317882 0.0838984 0.0139566 0.0128448 0.00807665 0.00374528 0.00369382 0.00370107 0 0.00370048 0.00369657 0.00371176 0.00367093 0.00373079 0.0106535 0.0109944 0.0172209 0.0136124 0.0164696 0.0163089 0.0101754 0.0104077 0.00913855 0.0102462 0.00831819 0.0101257 0.011936 0.0127865 0.0181176 0.0115354 0.0139143 0.0119488 0.00933588 0.00888405 0.00821155 
0.00880523 0.0103589 0.0144844 0.0100832 0.00854405 0.00820365 0.00815753 0.00839631 0.0084955 0.00885472 0.00841804 0.00828961 0.00878676 0.00962628 0.0202653 0.0150729 0.017917 0.0100183 0.00873738 0.00857018 0.0101786 0.021847 0.0219746 0.0297781 0.0108145 0.00967504 0.0101545 0.0111388 0.0173918 0.0227569 0.0343247 0.0470064 0.011697 0.0134741 0.00831199 0.00741971 0.00374728 0.00370875 0.00369311 0.00370048 0 0.00368789 0.00369023 0.0037016 0.0040426 0.00932871 0.0114779 0.0125126 0.0129208 0.0155162 0.0119315 0.00946446 0.00909979 0.0089646 0.00914494 0.00835373 0.00874833 0.0109824 0.0124478 0.0098985 0.0116029 0.010927 0.0105865 0.00894566 0.00828817 0.00812059 
0.00870106 0.0106697 0.0139965 0.0104161 0.00855082 0.00814581 0.00816294 0.00843656 0.00864225 0.00883828 0.00850314 0.00828978 0.00854321 0.0115513 0.0165964 0.0216605 0.0147576 0.00965048 0.00852483 0.00851643 0.0121494 0.0211471 0.0291994 0.0212505 0.0117362 0.00922049 0.0104275 0.012214 0.0267194 0.0341255 0.0455587 0.0125135 0.0154276 0.0102614 0.0109154 0.00758583 0.00376927 0.00370462 0.00370883 0.00369657 0.00368789 0 0.0046925 0.00368812 0.0036984 0.00974672 0.0122982 0.0134128 0.0436036 0.0132488 0.0127679 0.0093046 0.00955538 0.00895247 0.00894398 0.00827987 0.00923375 0.0110171 0.0122349 0.0119806 0.0112746 0.0125259 0.0107093 0.00900383 0.00844594 0.00818089 
0.00891832 0.0133756 0.0209972 0.0105107 0.00900904 0.00836409 0.00847361 0.00856626 0.00884053 0.00929749 0.00851993 0.00859358 0.00912068 0.0121912 0.033267 0.0189043 0.0235346 0.0104128 0.00880395 0.00919872 0.0122002 0.0284206 0.0270867 0.0350686 0.0117133 0.00968239 0.0105715 0.0213347 0.0455298 0.0631266 0.0187899 0.0147764 0.0134868 0.0128676 0.00971207 0.013621 0.00383007 0.00445587 0.00379447 0.00371176 0.00369023 0.0046925 0 0.00369666 0.00369821 0.0129883 0.0454449 0.0260409 0.0169465 0.0802835 0.0125275 0.0108397 0.0103762 0.00981805 0.00916999 0.00856867 0.00971316 0.0123034 0.0156942 0.0116703 0.0132037 0.0132606 0.0112958 0.00944651 0.00857454 0.00829283 
0.00929963 0.0124384 0.0129091 0.012127 0.00933623 0.00885039 0.00844091 0.00845197 0.00891625 0.00861786 0.00948375 0.00843103 0.00969768 0.01509 0.0111557 0.0181223 0.0126596 0.012099 0.00908015 0.00994295 0.0117363 0.0129712 0.0172224 0.0162839 0.0292429 0.0102064 0.0172928 0.0405806 0.0383593 0.0242639 0.0140234 0.0104295 0.0120171 0.0103926 0.0159413 0.0139845 0.00516911 0.00430846 0.00372225 0.00367093 0.0037016 0.00368812 0.00369666 0 0.0037047 0.0114533 0.0173405 0.0135616 0.0187822 0.0191011 0.134059 0.0117705 0.012679 0.0118327 0.0106661 0.00909742 0.0100968 0.0102516 0.0106371 0.0120006 0.00961512 0.0104823 0.00971733 0.00909938 0.00863183 0.00818009 
0.0109344 0.00896279 0.00947026 0.0101984 0.0103229 0.0107574 0.00820399 0.00823509 0.00826755 0.00843528 0.00833795 0.00895952 0.0142566 0.0102713 0.0108162 0.0106009 0.0104789 0.0100219 0.0094526 0.0147239 0.00998859 0.0103838 0.011522 0.0122265 0.0123605 0.0186568 0.0491782 0.0222464 0.0176626 0.0118034 0.0101724 0.00902815 0.008916 0.0080743 0.0091657 0.0156489 0.00552162 0.00381229 0.0037749 0.00373079 0.0040426 0.0036984 0.00369821 0.0037047 0 0.0220957 0.0102785 0.0163802 0.0121903 0.0149741 0.0227858 0.141997 0.01492 0.00996124 0.0142788 0.0103935 0.0089616 0.00913996 0.00984204 0.0088165 0.0092477 0.00895525 0.00884213 0.00860353 0.00848414 0.0083738 
0.00825857 0.00820725 0.00833864 0.00818334 0.00917689 0.007995 0.00794313 0.00795042 0.00801347 0.0079871 0.00802098 0.00848806 0.00818586 0.00824514 0.00817509 0.00841562 0.00837843 0.00837606 0.00934823 0.00806314 0.00815377 0.00838473 0.00845084 0.00860983 0.00856473 0.00980053 0.0103875 0.00896293 0.00909578 0.00929197 0.0092014 0.00901279 0.00878683 0.00856279 0.0106287 0.0124254 0.0213737 0.0133284 0.0134978 0.0106535 0.00932871 0.00974672 0.0129883 0.0114533 0.0220957 0 0.00373179 0.00368674 0.00382207 0.00381802 0.00435096 0.00478842 0.0297555 0.0105041 0.0265095 0.0100722 0.0101114 0.0094669 0.00937113 0.00958048 0.00930214 0.0103126 0.00922049 0.00885831 0.0090669 0.0132797 
0.00825176 0.00891925 0.00898895 0.00870141 0.00819671 0.00799291 0.00809036 0.00809134 0.00812085 0.00821385 0.00817073 0.00821785 0.00826196 0.00857962 0.00923787 0.00908601 0.00946861 0.00869015 0.00815528 0.00805376 0.00844723 0.0092051 0.00986203 0.00992477 0.00913605 0.00846702 0.00887898 0.0107465 0.0130565 0.0110245 0.0121416 0.0100033 0.00998122 0.0109655 0.0106125 0.00919996 0.00983683 0.026973 0.015741 0.0109944 0.0114779 0.0122982 0.0454449 0.0173405 0.0102785 0.00373179 0 0.00372198 0.00369635 0.00373108 0.00385419 0.00373786 0.0346294 0.028193 0.0103682 0.0103803 0.0102455 0.0128706 0.0158411 0.00987011 0.0203849 0.0114024 0.0114735 0.0096019 0.0100934 0.00869804 
0.00857808 0.00930184 0.0104291 0.0090955 0.00846068 0.00799829 0.00815704 0.00814315 0.00825163 0.00818688 0.0085304 0.00815515 0.00811161 0.00939181 0.00944465 0.0106702 0.0108861 0.0088533 0.00842334 0.00807429 0.00857739 0.0110563 0.0114481 0.0123998 0.00954719 0.00859802 0.00942698 0.0117176 0.0157062 0.0195508 0.0136432 0.0125377 0.0150561 0.0135656 0.0103467 0.00911277 0.0106714 0.0153808 0.0181133 0.0172209 0.0125126 0.0134128 0.0260409 0.0135616 0.0163802 0.00368674 0.00372198 0 0.00371296 0.00371058 0.00372601 0.0038922 0.0662344 0.011259 0.011954 0.00882262 0.0174057 0.0166116 0.0133673 0.0328229 0.0126718 0.0220879 0.0154607 0.0115418 0.00946636 0.0088821 
0.00826513 0.00930274 0.00930136 0.0090421 0.00848946 0.00802113 0.00811246 0.00820048 0.00826898 0.00836737 0.00832391 0.00835844 0.00831413 0.00899617 0.0109884 0.011243 0.0108332 0.00877993 0.00834276 0.00808677 0.00870358 0.0111373 0.0149849 0.01282 0.00981103 0.00853025 0.00926195 0.0122898 0.0300876 0.0207249 0.0210365 0.0152287 0.0174332 0.0155065 0.0108357 0.00949204 0.00979414 0.0198627 0.0232801 0.0136124 0.0129208 0.0436036 0.0169465 0.0187822 0.0121903 0.00382207 0.00369635 0.00371296 0 0.00369985 0.00370137 0.00372228 0.0277713 0.0232987 0.0125032 0.0106159 0.0117011 0.0206676 0.0364449 0.0173331 0.0319045 0.0226944 0.0218819 0.0130007 0.00990366 0.00935474 
0.00860278 0.00944308 0.0119624 0.00940532 0.00864697 0.00811253 0.00828898 0.00838501 0.00848609 0.00851346 0.00850911 0.00836014 0.00832656 0.00965849 0.0122997 0.0129281 0.0132069 0.00923528 0.00844008 0.00834561 0.00917938 0.0144744 0.0146938 0.0185925 0.010796 0.00864678 0.00963747 0.0150602 0.0343573 0.033347 0.0233585 0.0214195 0.0176363 0.0236416 0.0132476 0.00994915 0.0111442 0.0243377 0.0392505 0.0164696 0.0155162 0.0132488 0.0802835 0.0191011 0.0149741 0.00381802 0.00373108 0.00371058 0.00369985 0 0.00373657 0.00376146 0.231712 0.0229428 0.0246266 0.0100833 0.0165886 0.0376365 0.0347686 0.0316157 0.0331816 0.0416626 0.0288393 0.0148711 0.0114864 0.00935074 
0.00859293 0.00983644 0.0108683 0.00987561 0.00875331 0.00816038 0.00836087 0.00831193 0.00839109 0.00843683 0.00843602 0.00818669 0.00877809 0.0105696 0.0109371 0.0124756 0.011306 0.00982763 0.0085297 0.00860559 0.00968678 0.0120715 0.0143389 0.0135902 0.0212245 0.00926171 0.0104525 0.01552 0.0206379 0.0241897 0.0202532 0.0132733 0.0190576 0.0162117 0.0257645 0.012523 0.0119802 0.0292313 0.022659 0.0163089 0.0119315 0.0127679 0.0125275 0.134059 0.0227858 0.00435096 0.00385419 0.00372601 0.00370137 0.00373657 0 0.0038515 0.020794 0.567307 0.0476516 0.0114696 0.0276985 0.021586 0.0278925 0.0267904 0.0240298 0.0314171 0.0186278 0.0135705 0.0177669 0.00966757 
0.00872816 0.00873216 0.00917475 0.00849144 0.00879138 0.00912221 0.00808965 0.00808848 0.00814993 0.00831781 0.00820285 0.00849531 0.00977565 0.00886255 0.00935437 0.00916184 0.00913667 0.00844481 0.00865888 0.00947287 0.00882767 0.00939181 0.00966275 0.0106623 0.0094643 0.00991287 0.0163881 0.0107805 0.0123925 0.0108492 0.0107882 0.0105755 0.00999535 0.0106114 0.0117913 0.0172975 0.0196463 0.0134128 0.0133538 0.0101754 0.00946446 0.0093046 0.0108397 0.0117705 0.141997 0.00478842 0.00373786 0.0038922 0.00372228 0.00376146 0.0038515 0 0.0326441 0.0204899 0.657766 0.0269275 0.0119721 0.0127126 0.016594 0.0127219 0.0155883 0.0129202 0.0125518 0.00936094 0.00996681 0.0117291 
0.00897809 0.00869995 0.00925969 0.00856115 0.00883541 0.00808712 0.00814734 0.00815207 0.00813563 0.00820238 0.00820165 0.00831175 0.00863168 0.00887707 0.00909512 0.00938959 0.00932697 0.00852695 0.00879883 0.00829659 0.00857402 0.00947681 0.00976932 0.00986879 0.0091279 0.00944299 0.0110138 0.0142814 0.0121083 0.0115294 0.0103462 0.00993644 0.00977252 0.00952351 0.0104553 0.012745 0.0145448 0.0167552 0.013038 0.0104077 0.00909979 0.00955538 0.0103762 0.012679 0.01492 0.0297555 0.0346294 0.0662344 0.0277713 0.231712 0.020794 0.0326441 0 0.00382108 0.00371513 0.300498 0.0273301 0.0500859 0.0197744 0.023739 0.0175482 0.0204289 0.0149598 0.0134788 0.0109875 0.0204816 
0.0082387 0.00898079 0.00976439 0.00936503 0.008401 0.00795075 0.00817874 0.00819406 0.00821324 0.00826367 0.0083401 0.00809064 0.00807562 0.00940526 0.00904662 0.00948854 0.00934365 0.00884349 0.00826534 0.00812203 0.00866932 0.00924359 0.00937612 0.00976035 0.00977458 0.00837324 0.00876299 0.0109268 0.0112031 0.0109845 0.00981668 0.00930881 0.00948601 0.0100074 0.012618 0.00946981 0.00965164 0.0170895 0.0130953 0.00913855 0.0089646 0.00895247 0.00981805 0.0118327 0.00996124 0.0105041 0.028193 0.011259 0.0232987 0.0229428 0.567307 0.0204899 0.00382108 0 0.00403204 0.0119193 0.214605 0.0210218 0.043027 0.0148299 0.0172961 0.0224244 0.0143637 0.0114178 0.0546483 0.00996083 
0.00848484 0.00874489 0.00946592 0.00885125 0.00882533 0.00831997 0.00804122 0.00805996 0.00809254 0.00812524 0.00819399 0.00824808 0.00863455 0.00845958 0.00888402 0.00910917 0.009056 0.0084578 0.00860787 0.00854395 0.00835915 0.00902515 0.00935819 0.0103808 0.00970095 0.00955996 0.0110008 0.00961409 0.0104343 0.0104719 0.0103622 0.0106267 0.0100819 0.00977535 0.0106365 0.0145037 0.0128702 0.0113341 0.011329 0.0102462 0.00914494 0.00894398 0.00916999 0.0106661 0.0142788 0.0265095 0.0103682 0.011954 0.0125032 0.0246266 0.0476516 0.657766 0.00371513 0.00403204 0 0.0507169 0.014427 0.064459 0.0241092 0.040513 0.0202138 0.0179413 0.0200332 0.0156435 0.0203211 0.0451602 
0.00832835 0.00837175 0.00848869 0.00834504 0.00876139 0.00848678 0.00806763 0.0081226 0.00810531 0.00844545 0.00807801 0.00904803 0.00940481 0.00818821 0.00857431 0.00843906 0.0082947 0.00835004 0.00837156 0.00823667 0.00820538 0.00834572 0.0086633 0.00866794 0.0083999 0.0086242 0.00895676 0.00861428 0.00943479 0.00886072 0.00885169 0.00857262 0.00842937 0.00831289 0.00878965 0.00986807 0.00901265 0.00904955 0.00914328 0.00831819 0.00835373 0.00827987 0.00856867 0.00909742 0.0103935 0.0100722 0.0103803 0.00882262 0.0106159 0.0100833 0.0114696 0.0269275 0.300498 0.0119193 0.0507169 0 0.00384179 0.00370699 0.00377121 0.00369275 0.00404686 0.00411599 0.0047978 0.00574704 0.00564224 0.0188717 
