1ADEA
GNNVVVLGTQWGDEGKGKIVDLLTERAKYVVRYQGGHNAGHTLVINGEKTVLHLIPSGILRENVTSIIGNGVVLSPAALMKEMKELEDRGIPVRERLLLSEACPLILDYHVALDNAREKARGAKAIGTTGRGIGPAYEDKVARRGLRVGDLFDKETFAEKLKEVMEYHNFQLVNYYKAEAVDYQKVLDDTMAVADILTSMVVDVSDLLDQARQRGDFVMFEGAQGTLLDIDHGTYPYVTSSNTTAGGVATGSGLGPRYVDYVLGILKAYSTRVGAGPFPTELFDETGEFLCKQGNEFGATTGRRRRTGWLDTVAVRRAVQLNSLSGFCLTKLDVLDGLKEVKLCVAYRMPDGREVTTTPLAADDWKGVEPIYETMPGWSESTFGVKDRSGLPQAALNYIKRIEELTGVPIDIISTGPDRTETMILRDPFDA
CCEEEEEECCCCCCCHHHHHHHHCCCCCEEEECCCCCCCCEEEEECCEEEEECCCCHHHHCCCCEEEECCCCCECHHHHHHHHHHHHHCCCCHHHHEEECCCCEECCHHHHHHHHHHHHCCHHHCCCCCCCCHHHHHHHHHHCCCCEHHHHHCHHHHHHHHHHHHHHHHHHHHHCCCCCCCCHHHHHHHHHHHHHHHHCCECCHHHHHHHHHHHCCCEEEECCCCHHHCCCCCCCCCCCCCCCCHHHHHHHHCCCHHHCCEEEEEEECCEEECCCCCCCCECCCHHHHHHHHHHCCCCCCCCCCCEEECEEHHHHHHHHHHHCCCEEEEECHHHHCCCCEEEEEEEEECCCCCEECCCCCCCCCHHHCEEEEEEEECCCCCCCCCCCHHHCCHHHHHHHHHHHHHHCCCEEEEECCCCCCCEEECCCCCCC
0 0 0 0 0 0 0 0 0 0 0 0 0 0 0 0 0 0 0 0 0 0 0 0 0 0 0 0 0 0 0 0 0 0 0 0 0 0 0 0 0 0 0 0 0 0 0 0 0 0 0 0 0 0 0 0 0 0 0 0 0 0 0 0 0 0 0 0 0 0 0 0 0 0 0 0 0 0 0 0 0 0 0 0 0 0 0 0 0 0 0 0 0 0 0 0 0 0 0 0 0 0 0 0 0 0 0 0 0 0 0 0 0 0 0 0 0 0 0 0 0 0 0 0 0 0 0 0 0 0 0 0 0 0 0 0 0 0 0 0 0 0 0 0 0 0 0 0 0 0 0 0 0 0 0 0 0 0 0 0 0 0 0 0 0 0 0 0 0 0 0 0 0 0 0 0 0 0 0 0 0 0 0 0 0 0 0 0 0 0 0 0 0 0 0 0 0 0 0 0 0 0 0 0 0 0 0 0 0 0 0 0 0 0 0 0 0 0 0 0 0 0 0 0 0 0 0 0 0 0 0 0 0 0 0 0 0 0 0 0 0 0 0 0 0 0 0 0 0 0 0 0 0 0 0 0 0 0 0 0 0 0 0 0 0 0 0 0 0 0 0 0 0 0 0 0 0 0 0 0 0 0 0 0 0 0 0 0 0 0 0 0 0 0 0 0 0 0 0 0 0 0 0 0 0 0 0 0 0 0 0 0 0 0 0 0 0 0 0 0 0 0 0 0 0 0 0 0 0 0 0 0 0 0 0 0 0 0 0 0 0 0 0 0 0 0 0 0 0 0 0 0 0 0 0 0 0 0 0 0 0 0 0 0 0 0 0 0 0 0 0 0 0 0 0 0 0 0 0 0 0 0 0 0 0 0 0 0 0 0 0 0 0 0 0 0 0 0 0 0 0 0 0 0 0 0 0 0 0 0 0 0 0 0 0 0 0 0 0 0 0 0 0 0 0 0 0 0 0 0 0 
0 0 0 0 0 0 0 0 0 0 0 0 0 0 0 0 0 0 0 0 0 0 0 0 0 0 0 0 0 0 0 0 0 0 0 0 0 0 0 0 0 0 0 0 0 0 0 0 0 0 0 0 0 0 0 0 0 0 0 0 0 0 0 0 0 0 0 0 0 0 0 0 0 0 0 0 0 0 0 0 0 0 0 0 0 0 0 0 0 0 0 0 0 0 0 0 0 0 0 0 0 0 0 0 0 0 0 0 0 0 0 0 0 0 0 0 0 0 0 0 0 0 0 0 0 0 0 0 0 0 0 0 0 0 0 0 0 0 0 0 0 0 0 0 0 0 0 0 0 0 0 0 0 0 0 0 0 0 0 0 0 0 0 0 0 0 0 0 0 0 0 0 0 0 0 0 0 0 0 0 0 0 0 0 0 0 0 0 0 0 0 0 0 0 0 0 0 0 0 0 0 0 0 0 0 0 0 0 0 0 0 0 0 0 0 0 0 0 0 0 0 0 0 0 0 0 0 0 0 0 0 0 0 0 0 0 0 0 0 0 0 0 0 0 0 0 0 0 0 0 0 0 0 0 0 0 0 0 0 0 0 0 0 0 0 0 0 0 0 0 0 0 0 0 0 0 0 0 0 0 0 0 0 0 0 0 0 0 0 0 0 0 0 0 0 0 0 0 0 0 0 0 0 0 0 0 0 0 0 0 0 0 0 0 0 0 0 0 0 0 0 0 0 0 0 0 0 0 0 0 0 0 0 0 0 0 0 0 0 0 0 0 0 0 0 0 0 0 0 0 0 0 0 0 0 0 0 0 0 0 0 0 0 0 0 0 0 0 0 0 0 0 0 0 0 0 0 0 0 0 0 0 0 0 0 0 0 0 0 0 0 0 0 0 0 0 0 0 0 0 0 0 0 0 0 0 0 0 0 0 0 0 0 0 0 0 0 0 0 0 0 0 0 0 0 0 0 0 0 0 0 
0 0.00388966 0.00379189 0.00385152 0.00387326 0.00525931 0.261271 0.0312371 0.0188641 0.0278073 0.0245974 0.011987 0.0129174 0.0122643 0.026757 0.0128793 0.00978739 0.0119164 0.0103619 0.0208709 0.0198309 0.012946 0.0110604 0.0201784 0.0209157 0.0118359 0.00878574 0.0118657 0.00987777 0.00948549 0.00931523 0.00868701 0.00859926 0.00840063 0.00827616 0.0084874 0.00866261 0.00840467 0.00848459 0.00865759 0.00850711 0.00840851 0.00880107 0.00851103 0.00838567 0.00865006 0.00876449 0.00842497 0.00840638 0.00845791 0.00846533 0.00860757 0.00849512 0.00845303 0.00852087 0.00860827 0.00960561 0.00906012 0.00946006 0.00862339 0.00897643 0.00848999 0.00859579 0.00855628 0.00879891 0.00945481 0.0094205 0.0103463 0.0092533 0.00879255 0.00866844 0.00893279 0.00875385 0.00883825 0.00886155 0.00914644 0.0115252 0.00993716 0.0114786 0.0109038 0.0125384 0.0126063 0.011706 0.0145085 
0.00388966 0 0.00381758 0.00379689 0.00389186 0.00389581 0.179209 0.237839 0.0416469 0.0157174 0.0155009 0.0285683 0.0332323 0.0228374 0.0152005 0.0114799 0.0131942 0.0154093 0.0198036 0.0138749 0.0150415 0.0619352 0.0300286 0.0138442 0.0137163 0.0111291 0.0126436 0.0107353 0.00951226 0.0113499 0.00840892 0.00814969 0.00863188 0.00863836 0.00854578 0.00844214 0.00840488 0.00848231 0.00869233 0.00883305 0.00861824 0.00861372 0.00858798 0.00830294 0.00851426 0.00846736 0.00838572 0.00833385 0.00857372 0.00841202 0.00842635 0.00870396 0.00839839 0.00880378 0.00876232 0.00883876 0.00883102 0.0086462 0.00944431 0.00862076 0.00888192 0.00873779 0.00888064 0.00871642 0.00885038 0.00881195 0.00883859 0.00967831 0.00871328 0.00876114 0.00858293 0.00881899 0.00874451 0.00869488 0.00876157 0.0084842 0.0109506 0.010342 0.0118893 0.0113884 0.011584 0.0109202 0.0121129 0.0128608 
0.00379189 0.00381758 0 0.00382722 0.0038214 0.00376338 0.138808 0.148154 0.0806042 0.0168883 0.0138363 0.0231692 0.0501219 0.0336236 0.0132259 0.00993188 0.0141935 0.0294537 0.0191691 0.0127095 0.0152925 0.0561865 0.051135 0.0158511 0.0125365 0.0130315 0.0120192 0.0104908 0.010024 0.010306 0.0082594 0.00821102 0.00874299 0.00950531 0.0091352 0.00866573 0.00862984 0.00871423 0.00919042 0.00945686 0.00910835 0.00871352 0.00861567 0.00842384 0.00853263 0.00853213 0.00839701 0.00843953 0.00864164 0.00888408 0.00846879 0.00868212 0.00876802 0.00907044 0.00946393 0.00895324 0.00879085 0.00875075 0.00914569 0.00907983 0.00964393 0.00957365 0.00978042 0.00943403 0.00902944 0.00865878 0.00885646 0.00901608 0.00897007 0.00912117 0.00900463 0.00917931 0.00922238 0.00903848 0.00883351 0.00849664 0.0115781 0.0120649 0.0153447 0.0129975 0.0118409 0.0138234 0.0130359 0.0127487 
0.00385152 0.00379689 0.00382722 0 0.00380398 0.00372953 0.0656946 0.19333 0.108041 0.0355348 0.0120265 0.0173045 0.0590394 0.0308081 0.0155352 0.00945303 0.0112769 0.0306797 0.0226911 0.0135984 0.0152856 0.0624998 0.0640899 0.0244819 0.0135407 0.0126972 0.0138095 0.0117179 0.0105113 0.0113835 0.00836249 0.00821239 0.0088652 0.00981238 0.00943059 0.00866472 0.00872235 0.00901883 0.00945782 0.0097811 0.00957329 0.00885811 0.00860711 0.00845169 0.00865405 0.00852319 0.00845074 0.00857169 0.00876083 0.00878887 0.0086336 0.00866964 0.00878614 0.00922819 0.00949041 0.00911302 0.00869289 0.00876893 0.0091515 0.00909542 0.0097955 0.00969927 0.00989656 0.00959874 0.00914456 0.00862465 0.00872023 0.00900719 0.00886288 0.00918512 0.00892928 0.00903553 0.00917593 0.00886465 0.0089039 0.0084572 0.0115358 0.0119307 0.0158084 0.0129266 0.0114749 0.0132527 0.0128029 0.012043 
0.00387326 0.00389186 0.0038214 0.00380398 0 0.00385104 0.0249456 0.081165 0.319273 0.055527 0.0129229 0.0146798 0.0202235 0.0349584 0.0177306 0.0103145 0.0103283 0.0123551 0.0213812 0.0193968 0.0117582 0.0209974 0.0985984 0.0344834 0.0130463 0.012335 0.0163012 0.0144882 0.00994292 0.0121368 0.00849915 0.00835793 0.00870858 0.00895394 0.00903579 0.00834517 0.00854412 0.0088091 0.00907918 0.00929992 0.00892542 0.00872139 0.00848891 0.00842683 0.0086012 0.008467 0.00840932 0.00842049 0.00870413 0.0085896 0.00849 0.00871864 0.00866899 0.00914873 0.00901944 0.00897594 0.00867123 0.00849942 0.00890569 0.00873778 0.00915956 0.00915115 0.00933164 0.00881742 0.00895108 0.00868193 0.00871277 0.00895624 0.0086591 0.00886062 0.0087061 0.00867508 0.00874728 0.00857299 0.00868834 0.00860697 0.0108967 0.0110989 0.0117852 0.0108628 0.0106439 0.0120631 0.0113986 0.0112306 
0.00525931 0.00389581 0.00376338 0.00372953 0.00385104 0 0.0207958 0.0259487 0.0818556 0.264062 0.0188318 0.0104084 0.0104247 0.0149206 0.0254206 0.0126445 0.00916699 0.00936626 0.012325 0.019853 0.0147145 0.0113795 0.0157105 0.0604036 0.0195785 0.0164205 0.00948187 0.0151723 0.00968626 0.0123889 0.00909999 0.00858124 0.00863393 0.00844781 0.00856735 0.00834838 0.00860876 0.00841063 0.00844164 0.00856393 0.00849334 0.00850339 0.00834329 0.00860783 0.00837853 0.00833274 0.00894347 0.00849415 0.00848623 0.00830232 0.00852615 0.00865276 0.00850262 0.00862621 0.00860806 0.00861224 0.00866677 0.00860328 0.00887948 0.00845206 0.00865807 0.0085241 0.0086433 0.00850871 0.00853773 0.00861269 0.00893434 0.00922793 0.00889486 0.00864061 0.00856144 0.00856175 0.00859548 0.0085042 0.00853179 0.00861342 0.0117428 0.0100731 0.0113051 0.0106258 0.0106479 0.0126625 0.0109614 0.0113506 
0.261271 0.179209 0.138808 0.0656946 0.0249456 0.0207958 0 0.00390008 0.0037437 0.00408497 0.0156185 0.0148806 0.0246637 0.0276325 0.121116 0.0133767 0.0103477 0.0147121 0.012574 0.0362537 0.0443659 0.0204467 0.0157047 0.0250404 0.0303938 0.0230018 0.00991927 0.0214808 0.0131457 0.0139289 0.0106794 0.00904492 0.00949175 0.00849381 0.00863563 0.00838235 0.00903477 0.00834791 0.00852929 0.00865207 0.00850549 0.00838855 0.00883794 0.0086625 0.00834733 0.00848476 0.00860288 0.00837997 0.0083701 0.00840579 0.00855069 0.00846487 0.00846761 0.00842564 0.00844267 0.00846319 0.0092211 0.00894663 0.0101091 0.00841447 0.00888049 0.00838983 0.00846877 0.00840695 0.00861613 0.00890429 0.00897017 0.0101368 0.00887455 0.00877717 0.00844279 0.00855709 0.00850302 0.00845755 0.00872895 0.0086044 0.0109769 0.00916245 0.0101468 0.0100374 0.0108909 0.0109276 0.0105772 0.0123765 
0.0312371 0.237839 0.148154 0.19333 0.081165 0.0259487 0.00390008 0 0.00375537 0.00371521 0.00821291 0.01536 0.0235773 0.0790353 0.0135229 0.00866787 0.0142734 0.0128978 0.0221591 0.0108792 0.0134071 0.155966 0.0402265 0.0182585 0.0149391 0.0122964 0.0213164 0.0103603 0.0124824 0.0109401 0.00877376 0.00815615 0.00841675 0.00892554 0.00863088 0.00828955 0.00837872 0.00850219 0.00865283 0.00868785 0.0086684 0.00849436 0.00849867 0.00832392 0.00845152 0.0083916 0.00832112 0.00838677 0.00852073 0.00838458 0.00836371 0.00875898 0.00842234 0.00883687 0.00872881 0.00876028 0.0086229 0.00854834 0.00864977 0.00865843 0.00873675 0.00860427 0.00874076 0.0086218 0.00866007 0.0085961 0.00861152 0.00878801 0.00855061 0.0086242 0.00847341 0.0085771 0.00854076 0.00851597 0.00849651 0.00842276 0.00936675 0.00986916 0.0104919 0.0101572 0.00985982 0.00946731 0.00991914 0.0104813 
0.0188641 0.0416469 0.0806042 0.108041 0.319273 0.0818556 0.0037437 0.00375537 0 0.0037691 0.0154057 0.0191107 0.0614747 0.0229277 0.0115525 0.00965186 0.0107327 0.0133063 0.0113586 0.016399 0.0114142 0.0317492 0.198163 0.0240014 0.0145234 0.0237224 0.0145511 0.0187945 0.0100498 0.012476 0.00836121 0.00813843 0.00873431 0.00871425 0.00905641 0.00821527 0.0083869 0.00852688 0.00869057 0.00884056 0.00865844 0.00858093 0.00829405 0.00830611 0.00842357 0.00828613 0.00819799 0.00834945 0.00848958 0.0085045 0.00833557 0.00855832 0.00840913 0.00874829 0.00872859 0.0086681 0.00849101 0.00834844 0.00880583 0.00854803 0.00873251 0.00867928 0.00879344 0.00860618 0.00864239 0.00842211 0.00839878 0.00870344 0.00837331 0.00858136 0.00852342 0.00851848 0.00853896 0.00842776 0.00848804 0.00838047 0.00969283 0.00990845 0.0104624 0.010146 0.00953111 0.00967709 0.0100911 0.00940626 
0.0278073 0.0157174 0.0168883 0.0355348 0.055527 0.264062 0.00408497 0.00371521 0.0037691 0 0.0155165 0.0409499 0.00829133 0.0113334 0.0144277 0.0136193 0.0114671 0.00874572 0.0114538 0.0130027 0.0323329 0.0127501 0.0139743 0.161023 0.0223805 0.0174982 0.0113919 0.0152695 0.0120186 0.0109763 0.0101172 0.00855453 0.00880055 0.00868268 0.00837083 0.00844925 0.00860322 0.0083747 0.00838839 0.0085214 0.00836536 0.00830233 0.00825313 0.00851425 0.00815901 0.00819822 0.00847769 0.00852355 0.0083693 0.00837532 0.00840155 0.00844992 0.0084699 0.00850445 0.00854398 0.0084542 0.00850473 0.00874584 0.00849667 0.00846758 0.00857135 0.00848802 0.00852137 0.0084438 0.00839188 0.00845439 0.0088196 0.00865535 0.00900314 0.00850681 0.00842379 0.0084254 0.00840027 0.00843429 0.00836443 0.00839955 0.00991272 0.00918239 0.00955209 0.00922754 0.00960077 0.0111146 0.00930872 0.00983679 
0.0245974 0.0155009 0.0138363 0.0120265 0.0129229 0.0188318 0.0156185 0.00821291 0.0154057 0.0155165 0 0.0038979 0.0039752 0.00373081 0.00937056 0.00459897 0.00491741 0.00702207 0.00739812 0.98636 0.0105033 0.0122478 0.0106175 0.0217368 0.0261733 0.0223203 0.00862074 0.0287542 0.0094758 0.0126528 0.00970645 0.0084852 0.00838511 0.00822356 0.00823431 0.0081797 0.00847321 0.00838503 0.00826602 0.00841759 0.00836696 0.00817431 0.00858575 0.00824409 0.00822921 0.00826817 0.00839124 0.00823046 0.00832454 0.00832106 0.0082552 0.00823144 0.00827536 0.00833723 0.00832771 0.00835361 0.00912143 0.00845482 0.00942561 0.00825718 0.00847341 0.00828159 0.00829539 0.00834083 0.00842144 0.00869122 0.00867466 0.0096955 0.00836865 0.00849429 0.00832255 0.00839829 0.00838973 0.00832495 0.00860812 0.00852947 0.00984766 0.00859091 0.00897477 0.00887981 0.00977126 0.00949569 0.00962908 0.010992 
0.011987 0.0285683 0.0231692 0.0173045 0.0146798 0.0104084 0.0148806 0.01536 0.0191107 0.0409499 0.0038979 0 0.00368816 0.00424067 0.00375817 0.0044942 0.00606544 0.00730015 0.986604 0.00736997 0.0172527 0.0105499 0.0184983 0.0107797 0.011154 0.0093054 0.0200595 0.00910268 0.010098 0.00882553 0.00887951 0.00809091 0.00821556 0.00842414 0.00836051 0.00821965 0.00820767 0.00830319 0.0084293 0.00847835 0.00839732 0.0083565 0.00834242 0.00814968 0.00826734 0.0082615 0.00825991 0.00828756 0.00834558 0.00831517 0.00832293 0.00839957 0.00828458 0.00845684 0.00848031 0.00844567 0.00852639 0.00888389 0.00843945 0.00888043 0.00845489 0.00844326 0.00848878 0.0084713 0.0084245 0.00870056 0.0090827 0.00845528 0.00914271 0.00847146 0.00843892 0.00854567 0.0084856 0.00864804 0.00835059 0.00852238 0.00860668 0.00887781 0.0090962 0.0088514 0.00906188 0.00975837 0.00906844 0.0102128 
0.0129174 0.0332323 0.0501219 0.0590394 0.0202235 0.0104247 0.0246637 0.0235773 0.0614747 0.00829133 0.0039752 0.00368816 0 0.00370885 0.00383606 0.00455215 0.00464643 0.993385 0.00644306 0.0111486 0.00922569 0.0349705 0.0138501 0.0120602 0.0121821 0.0229419 0.00902532 0.016167 0.00909982 0.0100681 0.00818615 0.00841687 0.00880909 0.00878663 0.00903763 0.0083338 0.00864915 0.00852971 0.00882273 0.00889436 0.00869714 0.00845659 0.00834398 0.0083223 0.00837003 0.00827526 0.00820764 0.00840476 0.00845939 0.0084867 0.00839015 0.00831419 0.00842501 0.00863207 0.0086616 0.00862843 0.00857816 0.00836067 0.0102832 0.00849937 0.00900055 0.00862898 0.00870244 0.00861813 0.00868127 0.00841249 0.00839298 0.00985255 0.00831366 0.00887084 0.00863044 0.00863365 0.00874945 0.00852835 0.00887175 0.00834509 0.0104647 0.00953854 0.0109443 0.00985763 0.00925256 0.00974681 0.0105395 0.00989912 
0.0122643 0.0228374 0.0336236 0.0308081 0.0349584 0.0149206 0.0276325 0.0790353 0.0229277 0.0113334 0.00373081 0.00424067 0.00370885 0 0.00371426 0.006873 0.998409 0.00636241 0.00923442 0.00576413 0.0185029 0.0127651 0.0379579 0.0137298 0.0121103 0.0108952 0.0454036 0.00909083 0.0112125 0.00963682 0.00913185 0.00811519 0.00850491 0.00880193 0.00851282 0.00821489 0.00844071 0.00845345 0.00844456 0.00857173 0.00844934 0.00831875 0.00819717 0.00826322 0.00828292 0.00821522 0.00840212 0.00841206 0.00836613 0.00837763 0.00830504 0.00845322 0.00845279 0.00859961 0.00855571 0.00849658 0.00850437 0.00922972 0.00844185 0.00899227 0.00853365 0.00859283 0.00848142 0.00849486 0.00844749 0.00871093 0.00969696 0.00848306 0.00968363 0.00854264 0.0084361 0.00860127 0.00844769 0.00880014 0.00842266 0.00853953 0.008838 0.00977777 0.00957602 0.00923889 0.009413 0.010697 0.00948401 0.0105107 
0.026757 0.0152005 0.0132259 0.0155352 0.0177306 0.0254206 0.121116 0.0135229 0.0115525 0.0144277 0.00937056 0.00375817 0.00383606 0.00371426 0 0.99935 0.00413469 0.00473994 0.0040044 0.00808803 0.0127962 0.0146209 0.0126021 0.0366784 0.0265377 0.0554397 0.00897033 0.0280691 0.0114071 0.013866 0.00904462 0.00976443 0.00878213 0.00827999 0.00835913 0.00834087 0.00867887 0.00840701 0.00825443 0.00828036 0.00828485 0.0082176 0.00825606 0.00865843 0.00817443 0.00818934 0.00871464 0.00849055 0.0083213 0.00837745 0.0083218 0.00829015 0.00855878 0.00855701 0.00846374 0.00851084 0.00856843 0.00851631 0.0104247 0.00834297 0.00879675 0.00845393 0.00843763 0.00844129 0.00847259 0.00842306 0.00863119 0.0101313 0.00862636 0.00879629 0.00861216 0.00853016 0.00854034 0.00843695 0.00880529 0.00835356 0.0120163 0.00893569 0.0094653 0.00933401 0.00985925 0.0112432 0.0105469 0.0101648 
0.0128793 0.0114799 0.00993188 0.00945303 0.0103145 0.0126445 0.0133767 0.00866787 0.00965186 0.0136193 0.00459897 0.0044942 0.00455215 0.006873 0.99935 0 0.00400612 0.00369643 0.00400983 0.00434095 0.0125002 0.00947585 0.00995259 0.0298471 0.0171557 0.0101086 0.00894399 0.0136644 0.00927472 0.00977071 0.0098192 0.00835867 0.00826107 0.00798211 0.00801158 0.00821781 0.00826444 0.00811207 0.00814796 0.00826229 0.00821795 0.00811722 0.00831365 0.00818752 0.00815048 0.00827841 0.00848558 0.00816733 0.00821179 0.00817952 0.00819173 0.00816974 0.00819048 0.0082607 0.00824291 0.00831909 0.00869518 0.00849944 0.00858648 0.00831852 0.0083102 0.0082441 0.00822883 0.00826793 0.00829118 0.00889173 0.00884489 0.00897231 0.00870176 0.00839282 0.00826658 0.00836313 0.00829355 0.00835269 0.00834696 0.0084273 0.00886225 0.00852478 0.00852455 0.00859392 0.00923209 0.00947157 0.00892602 0.0103233 
0.00978739 0.0131942 0.0141935 0.0112769 0.0103283 0.00916699 0.0103477 0.0142734 0.0107327 0.0114671 0.00491741 0.00606544 0.00464643 0.998409 0.00413469 0.00400612 0 0.00380483 0.00388915 0.00373135 0.0111713 0.0109252 0.0305205 0.0120872 0.0104899 0.00971759 0.010213 0.00896454 0.0091626 0.00863228 0.00848427 0.00805691 0.0081504 0.00822566 0.00822476 0.00809522 0.00815704 0.00821667 0.00826974 0.00826068 0.00821668 0.00824058 0.00818559 0.00815217 0.00816811 0.00813436 0.0082527 0.0082728 0.00825911 0.00825061 0.00819621 0.00818123 0.00829026 0.00835148 0.0084036 0.00837322 0.00845379 0.00840074 0.00852287 0.0083917 0.00840985 0.00834396 0.00840385 0.00840835 0.00842559 0.00853426 0.00872171 0.00857216 0.00845709 0.00843818 0.00840282 0.00851411 0.00848626 0.00854573 0.00841354 0.00838364 0.00866402 0.00863101 0.0088516 0.00864815 0.00875074 0.00900953 0.00905585 0.00945891 
0.0119164 0.0154093 0.0294537 0.0306797 0.0123551 0.00936626 0.0147121 0.0128978 0.0133063 0.00874572 0.00702207 0.00730015 0.993385 0.00636241 0.00473994 0.00369643 0.00380483 0 0.00372337 0.00378518 0.00902318 0.0452421 0.0235193 0.0116935 0.0109425 0.0167328 0.00892748 0.0148095 0.00880344 0.00918626 0.00822295 0.00815883 0.00832367 0.00846615 0.00849072 0.00810965 0.00839795 0.00832446 0.00852766 0.00859222 0.00849879 0.00827813 0.00821631 0.00819228 0.00830749 0.00820547 0.00816168 0.00828905 0.00837388 0.00837667 0.00833668 0.00822032 0.00831234 0.00851031 0.00853771 0.0084586 0.00846825 0.00854261 0.00944943 0.00838993 0.00860613 0.00842405 0.008444 0.00852377 0.00852952 0.00838132 0.008401 0.00932994 0.00841705 0.00855326 0.00845258 0.00849098 0.00851354 0.00845976 0.00853768 0.00832557 0.00963769 0.00890213 0.0096985 0.00896045 0.0088447 0.0092189 0.00953033 0.00922541 
0.0103619 0.0198036 0.0191691 0.0226911 0.0213812 0.012325 0.012574 0.0221591 0.0113586 0.0114538 0.00739812 0.986604 0.00644306 0.00923442 0.0040044 0.00400983 0.00388915 0.00372337 0 0.00373735 0.0373909 0.0167886 0.0572982 0.0126834 0.0123091 0.0103223 0.0380806 0.00921175 0.0113839 0.0095869 0.00892004 0.00802542 0.00830796 0.00850371 0.00836788 0.00817187 0.00825892 0.00839382 0.00844694 0.00845542 0.00838718 0.0082446 0.00812739 0.00807828 0.00821644 0.00807985 0.00815114 0.00824815 0.00828593 0.0083065 0.00818072 0.00826741 0.00824487 0.00841544 0.0084198 0.00840811 0.00841319 0.00863205 0.00835644 0.00848995 0.0084195 0.00841088 0.0083862 0.0084072 0.00835459 0.00840593 0.00890328 0.00836538 0.00881153 0.00845465 0.00845713 0.00840333 0.00837004 0.00846592 0.00832437 0.00833467 0.00853225 0.00905511 0.00889817 0.00873719 0.00875348 0.00923914 0.00893228 0.00919549 
0.0208709 0.0138749 0.0127095 0.0135984 0.0193968 0.019853 0.0362537 0.0108792 0.016399 0.0130027 0.98636 0.00736997 0.0111486 0.00576413 0.00808803 0.00434095 0.00373135 0.00378518 0.00373735 0 0.0109891 0.0178398 0.0134342 0.0629513 0.0275724 0.0798401 0.00905354 0.033052 0.0109892 0.015722 0.00934 0.00960697 0.00866169 0.00830175 0.00841066 0.00827312 0.00883643 0.00831455 0.00835917 0.00833018 0.00828393 0.0082043 0.00822837 0.00843418 0.0081331 0.00818175 0.00837614 0.00844461 0.00830819 0.00836589 0.00833276 0.00825866 0.00855136 0.00847612 0.00846307 0.00846399 0.00849489 0.00847386 0.0102029 0.00834405 0.0088225 0.00846269 0.00844367 0.00846839 0.00852823 0.00842724 0.00846241 0.0101231 0.00850369 0.0086767 0.00858967 0.00857024 0.00852103 0.00840687 0.00868356 0.0083653 0.0121325 0.00883929 0.009304 0.00927843 0.00965753 0.0104646 0.0104839 0.00993966 
0.0198309 0.0150415 0.0152925 0.0152856 0.0117582 0.0147145 0.0443659 0.0134071 0.0114142 0.0323329 0.0105033 0.0172527 0.00922569 0.0185029 0.0127962 0.0125002 0.0111713 0.00902318 0.0373909 0.0109891 0 0.00418872 0.00377729 0.00407312 0.0106673 0.0147131 0.0163674 0.0148298 0.0189618 0.0128918 0.0142293 0.00853579 0.0085232 0.00832104 0.00834048 0.00859983 0.00835151 0.00811733 0.00831981 0.00842015 0.00825755 0.00818807 0.00859723 0.00815928 0.00819068 0.00834135 0.00852258 0.00826453 0.00817243 0.008244 0.00823101 0.0081673 0.00825092 0.00827511 0.00825724 0.00825279 0.00859928 0.00891084 0.00836292 0.00849152 0.00830824 0.00825948 0.00827256 0.00825144 0.00826424 0.00892556 0.00923803 0.00853076 0.0091602 0.00831836 0.00825734 0.00834137 0.008266 0.0083542 0.00823538 0.00838963 0.00846174 0.00853074 0.00849244 0.00854495 0.00917189 0.00954779 0.00862891 0.0100591 
0.012946 0.0619352 0.0561865 0.0624998 0.0209974 0.0113795 0.0204467 0.155966 0.0317492 0.0127501 0.0122478 0.0105499 0.0349705 0.0127651 0.0146209 0.00947585 0.0109252 0.0452421 0.0167886 0.0178398 0.00418872 0 0.00372751 0.00372244 0.00719182 0.13016 0.0167034 0.0204091 0.0124899 0.0159226 0.00887121 0.00828229 0.00881861 0.00926328 0.009033 0.00837034 0.00860936 0.00874368 0.00892081 0.00901482 0.00884091 0.00846478 0.00841392 0.00839556 0.00839409 0.00824026 0.00813434 0.00835385 0.00842699 0.00838253 0.00833649 0.00840867 0.0083651 0.00861456 0.00865554 0.00862245 0.0085279 0.00851701 0.00910587 0.00855052 0.00878995 0.00860962 0.00871004 0.00860642 0.00859975 0.00845656 0.00838246 0.00860744 0.00837477 0.00858451 0.00848423 0.0085158 0.00849066 0.00843434 0.00847997 0.0083711 0.00897871 0.00894706 0.00956244 0.009178 0.00902857 0.00865582 0.0091805 0.00896946 
0.0110604 0.0300286 0.051135 0.0640899 0.0985984 0.0157105 0.0157047 0.0402265 0.198163 0.0139743 0.0106175 0.0184983 0.0138501 0.0379579 0.0126021 0.00995259 0.0305205 0.0235193 0.0572982 0.0134342 0.00377729 0.00372751 0 0.00386354 0.0131808 0.0252585 0.274313 0.0210924 0.0157154 0.0174554 0.00911389 0.00826276 0.00900003 0.00930028 0.00938616 0.00834583 0.00834541 0.00869333 0.00916741 0.00929709 0.00887361 0.00852369 0.00824821 0.00823322 0.00840261 0.00818362 0.00809422 0.00824839 0.00839404 0.00838437 0.00828225 0.00836966 0.00833093 0.00857815 0.00861314 0.00855249 0.00837774 0.0083708 0.00851586 0.00852151 0.00859083 0.00858132 0.00858885 0.00849359 0.00849859 0.00838376 0.00835691 0.00840068 0.00832705 0.00845962 0.00837635 0.00838149 0.00836733 0.00832711 0.00838286 0.00833613 0.00865169 0.00903664 0.00944669 0.00921395 0.00895541 0.00859855 0.0089715 0.00872621 
0.0201784 0.0138442 0.0158511 0.0244819 0.0344834 0.0604036 0.0250404 0.0182585 0.0240014 0.161023 0.0217368 0.0107797 0.0120602 0.0137298 0.0366784 0.0298471 0.0120872 0.0116935 0.0126834 0.0629513 0.00407312 0.00372244 0.00386354 0 0.0236091 0.0341616 0.0234085 0.34628 0.0202988 0.037173 0.0132036 0.00969138 0.00987829 0.00892648 0.00881904 0.00912534 0.00876286 0.00846568 0.00865577 0.00868398 0.00873726 0.00833012 0.00868762 0.00862606 0.00818012 0.0082472 0.00846154 0.0085076 0.00832543 0.00832415 0.00838424 0.00838627 0.00856194 0.00856541 0.00847564 0.00847286 0.00842833 0.00846828 0.00858849 0.00834239 0.00858076 0.00842837 0.00846157 0.00839586 0.00837098 0.00836938 0.00837885 0.00866014 0.00846538 0.00846255 0.00842463 0.008373 0.00833107 0.00835047 0.00829947 0.00830612 0.00962452 0.00893895 0.00904897 0.00895639 0.00924022 0.00935381 0.00897337 0.00897893 
0.0209157 0.0137163 0.0125365 0.0135407 0.0130463 0.0195785 0.0303938 0.0149391 0.0145234 0.0223805 0.0261733 0.011154 0.0121821 0.0121103 0.0265377 0.0171557 0.0104899 0.0109425 0.0123091 0.0275724 0.0106673 0.00719182 0.0131808 0.0236091 0 0.0366224 0.0158619 0.0742849 0.0287004 0.0664615 0.0391007 0.0153246 0.0114021 0.00849251 0.00906065 0.0106026 0.0107589 0.00855932 0.00866002 0.0086931 0.00834398 0.00821318 0.00898748 0.0104683 0.00819473 0.00856751 0.0112183 0.00903979 0.00813356 0.00837904 0.00875864 0.00848791 0.0094317 0.00858157 0.00835936 0.00843743 0.00943031 0.00995908 0.00910278 0.00830055 0.00881483 0.00839017 0.00849499 0.00844823 0.00845621 0.00901954 0.0104634 0.00961847 0.0105695 0.00853011 0.00861412 0.00858921 0.00844332 0.00841716 0.00843155 0.00869978 0.0113081 0.00894422 0.00909398 0.00972124 0.0110413 0.0120895 0.00953582 0.0112503 
0.0118359 0.0111291 0.0130315 0.0126972 0.012335 0.0164205 0.0230018 0.0122964 0.0237224 0.0174982 0.0223203 0.0093054 0.0229419 0.0108952 0.0554397 0.0101086 0.00971759 0.0167328 0.0103223 0.0798401 0.0147131 0.13016 0.0252585 0.0341616 0.0366224 0 0.00370503 0.00429593 0.0041822 0.019178 0.0230387 0.0118564 0.0103076 0.0091333 0.0111673 0.00996332 0.0101249 0.00837744 0.00916226 0.00877369 0.00883149 0.00849002 0.00881181 0.00856185 0.00841625 0.00876178 0.00850836 0.00821945 0.00816217 0.00849515 0.00859506 0.00825326 0.00831054 0.00827004 0.00834935 0.00833488 0.00913603 0.00815985 0.0101887 0.00825862 0.0088492 0.00837536 0.00847314 0.00835524 0.00845798 0.00844657 0.00818385 0.0106499 0.00809504 0.0083341 0.00833333 0.00830949 0.00826531 0.00838766 0.0084602 0.00829946 0.0114833 0.00839103 0.00881426 0.00870431 0.00912211 0.00866598 0.00933718 0.00972429 
0.00878574 0.0126436 0.0120192 0.0138095 0.0163012 0.00948187 0.00991927 0.0213164 0.0145511 0.0113919 0.00862074 0.0200595 0.00902532 0.0454036 0.00897033 0.00894399 0.010213 0.00892748 0.0380806 0.00905354 0.0163674 0.0167034 0.274313 0.0234085 0.0158619 0.00370503 0 0.00381589 0.0361957 0.0304512 0.0185916 0.00841303 0.0092045 0.0106724 0.0091104 0.00927029 0.00831793 0.00882133 0.00892518 0.00894771 0.00867209 0.00876679 0.00836377 0.00816727 0.00831645 0.00829511 0.00814837 0.00811281 0.0082962 0.00822182 0.00810049 0.00842056 0.00810679 0.00845514 0.00842208 0.00850755 0.0082337 0.00840316 0.0083576 0.00835029 0.00842465 0.00834339 0.00850668 0.00830191 0.00837884 0.00822352 0.00843969 0.00825667 0.00825913 0.00842514 0.00835336 0.00828736 0.00829546 0.00827769 0.00834058 0.00818249 0.00838523 0.0089688 0.00890877 0.00886968 0.00875812 0.00856621 0.0089064 0.0087108 
0.0118657 0.0107353 0.0104908 0.0117179 0.0144882 0.0151723 0.0214808 0.0103603 0.0187945 0.0152695 0.0287542 0.00910268 0.016167 0.00909083 0.0280691 0.0136644 0.00896454 0.0148095 0.00921175 0.033052 0.0148298 0.0204091 0.0210924 0.34628 0.0742849 0.00429593 0.00381589 0 0.0240607 0.00990163 0.0153011 0.0115624 0.0109045 0.00893836 0.00968307 0.00925859 0.00919512 0.00849038 0.008606 0.00861056 0.00860906 0.00830975 0.00864232 0.00906907 0.00828094 0.00826727 0.00869551 0.00837895 0.00816783 0.00826213 0.00835225 0.0082683 0.00861211 0.00832215 0.00842563 0.00825986 0.00836899 0.00846201 0.00887166 0.00826032 0.00853183 0.00837417 0.00837774 0.00835143 0.00835149 0.00826379 0.00834922 0.00873588 0.00838269 0.00839906 0.00836052 0.00839883 0.0083189 0.00831788 0.00834084 0.00831074 0.00970508 0.008644 0.00876794 0.00877844 0.00923527 0.00918051 0.00893712 0.00870591 
0.00987777 0.00951226 0.010024 0.0105113 0.00994292 0.00968626 0.0131457 0.0124824 0.0100498 0.0120186 0.0094758 0.010098 0.00909982 0.0112125 0.0114071 0.00927472 0.0091626 0.00880344 0.0113839 0.0109892 0.0189618 0.0124899 0.0157154 0.0202988 0.0287004 0.0041822 0.0361957 0.0240607 0 0.00381015 0.107633 0.0101231 0.0105715 0.00889332 0.00914963 0.00905904 0.00842679 0.0083197 0.00843679 0.00862736 0.00828924 0.00837946 0.00846711 0.00821865 0.00811459 0.00824964 0.00846817 0.00820162 0.00808822 0.00810643 0.00808099 0.00811279 0.00814886 0.00813977 0.00825114 0.00815641 0.00823459 0.00823827 0.00819729 0.00819457 0.00829154 0.00820054 0.00829046 0.00822477 0.00815075 0.00814097 0.00821304 0.00827911 0.00818941 0.00824909 0.00825455 0.00827343 0.00827479 0.00822808 0.00821975 0.00817575 0.00835483 0.00836697 0.00854876 0.0084284 0.0085668 0.00844836 0.00843318 0.00856992 
0.00948549 0.0113499 0.010306 0.0113835 0.0121368 0.0123889 0.0139289 0.0109401 0.012476 0.0109763 0.0126528 0.00882553 0.0100681 0.00963682 0.013866 0.00977071 0.00863228 0.00918626 0.0095869 0.015722 0.0128918 0.0159226 0.0174554 0.037173 0.0664615 0.019178 0.0304512 0.00990163 0.00381015 0 0.0434181 0.0129099 0.0125759 0.0105209 0.0122083 0.00950238 0.00901498 0.00888539 0.00889846 0.00890761 0.00866079 0.00863927 0.00869538 0.00849108 0.00830637 0.00834406 0.00840896 0.00830768 0.00832743 0.00823064 0.0082938 0.00841274 0.00832334 0.00846148 0.00842904 0.00831205 0.00828455 0.00834102 0.00863405 0.00836891 0.00846942 0.00846677 0.00849354 0.00838614 0.00835038 0.00821143 0.00831603 0.00834797 0.00831895 0.00842091 0.00844615 0.00839305 0.00836906 0.00835958 0.00833821 0.00831124 0.00902147 0.00885633 0.00880102 0.00898543 0.00904078 0.00870808 0.00889986 0.00870975 
0.00931523 0.00840892 0.0082594 0.00836249 0.00849915 0.00909999 0.0106794 0.00877376 0.00836121 0.0101172 0.00970645 0.00887951 0.00818615 0.00913185 0.00904462 0.0098192 0.00848427 0.00822295 0.00892004 0.00934 0.0142293 0.00887121 0.00911389 0.0132036 0.0391007 0.0230387 0.0185916 0.0153011 0.107633 0.0434181 0 0.0887437 0.0155345 0.010264 0.0116087 0.0167681 0.0106541 0.00861297 0.00846043 0.00881786 0.00841332 0.00848331 0.00967234 0.0112492 0.00830425 0.00917681 0.0135589 0.00958676 0.00813967 0.00826238 0.00864061 0.00856793 0.0089883 0.00823131 0.00815839 0.00814919 0.00864188 0.00992505 0.00811032 0.0085525 0.00821194 0.00817 0.00810397 0.00806636 0.00805698 0.00879443 0.00967113 0.00829972 0.010302 0.00810211 0.00808304 0.00814828 0.00806641 0.00808858 0.00800608 0.00817067 0.0087074 0.00845323 0.00854196 0.00851299 0.0088699 0.00975537 0.00846626 0.00912542 
0.00868701 0.00814969 0.00821102 0.00821239 0.00835793 0.00858124 0.00904492 0.00815615 0.00813843 0.00855453 0.0084852 0.00809091 0.00841687 0.00811519 0.00976443 0.00835867 0.00805691 0.00815883 0.00802542 0.00960697 0.00853579 0.00828229 0.00826276 0.00969138 0.0153246 0.0118564 0.00841303 0.0115624 0.0101231 0.0129099 0.0887437 0 0.0277482 0.0156577 0.0234499 0.0415202 0.0166325 0.00961243 0.00894202 0.00971481 0.00900104 0.0102449 0.0143665 0.0115911 0.00903576 0.0113691 0.0221727 0.00904439 0.00814385 0.0084475 0.00906761 0.00885208 0.0089349 0.00817513 0.00820364 0.0083291 0.0102516 0.00886306 0.00943471 0.00807669 0.00828718 0.00812846 0.00811166 0.00810288 0.00818122 0.00883047 0.00886753 0.00935029 0.00841263 0.00807125 0.00809404 0.00805965 0.00808102 0.00808347 0.00802189 0.0081985 0.00899533 0.00816266 0.00816358 0.00822016 0.00859717 0.00851097 0.00820111 0.00884364 
0.00859926 0.00863188 0.00874299 0.0088652 0.00870858 0.00863393 0.00949175 0.00841675 0.00873431 0.00880055 0.00838511 0.00821556 0.00880909 0.00850491 0.00878213 0.00826107 0.0081504 0.00832367 0.00830796 0.00866169 0.0085232 0.00881861 0.00900003 0.00987829 0.0114021 0.0103076 0.0092045 0.0109045 0.0105715 0.0125759 0.0155345 0.0277482 0 0.0037077 0.00381378 0.0039373 0.28103 0.037248 0.0277404 0.0276952 0.0185687 0.0148861 0.0250093 0.0193114 0.0131028 0.0195618 0.0140636 0.0107328 0.01079 0.0117486 0.00979635 0.0111076 0.0107434 0.0101076 0.00993889 0.0103486 0.0115725 0.00917247 0.00942204 0.00894847 0.0105423 0.0096502 0.00958296 0.00885648 0.00890308 0.00992312 0.00844386 0.00960971 0.00835059 0.00832306 0.00834111 0.00833819 0.00826807 0.0082412 0.0081983 0.00832213 0.00909619 0.00853209 0.00904775 0.00870479 0.00905214 0.00837375 0.00831956 0.00858441 
0.00840063 0.00863836 0.00950531 0.00981238 0.00895394 0.00844781 0.00849381 0.00892554 0.00871425 0.00868268 0.00822356 0.00842414 0.00878663 0.00880193 0.00827999 0.00798211 0.00822566 0.00846615 0.00850371 0.00830175 0.00832104 0.00926328 0.00930028 0.00892648 0.00849251 0.0091333 0.0106724 0.00893836 0.00889332 0.0105209 0.010264 0.0156577 0.0037077 0 0.00370164 0.00372784 0.0531251 0.206161 0.0494175 0.0921686 0.0586741 0.0408674 0.0147827 0.0140448 0.0224322 0.0153643 0.00951538 0.00943446 0.0122047 0.0104915 0.00900153 0.00923867 0.00935372 0.0121007 0.0137103 0.0106847 0.00888206 0.00850082 0.00884958 0.0104584 0.0104101 0.0119833 0.010793 0.0100634 0.00913004 0.00861828 0.00820099 0.00818721 0.00828126 0.00856154 0.00859264 0.00859454 0.00852485 0.00844654 0.00834371 0.0081908 0.00865742 0.00883042 0.00977173 0.00877272 0.00872475 0.00829635 0.00844564 0.00818379 
0.00827616 0.00854578 0.0091352 0.00943059 0.00903579 0.00856735 0.00863563 0.00863088 0.00905641 0.00837083 0.00823431 0.00836051 0.00903763 0.00851282 0.00835913 0.00801158 0.00822476 0.00849072 0.00836788 0.00841066 0.00834048 0.009033 0.00938616 0.00881904 0.00906065 0.0111673 0.0091104 0.00968307 0.00914963 0.0122083 0.0116087 0.0234499 0.00381378 0.00370164 0 0.0039554 0.0184629 0.0360083 0.141335 0.0818274 0.114378 0.153786 0.0243043 0.0133365 0.0303746 0.0176306 0.00951842 0.00993039 0.0131258 0.010943 0.0113249 0.00944664 0.0100274 0.0117418 0.0121574 0.0132493 0.00913504 0.00833998 0.00998297 0.00913225 0.0123675 0.0105515 0.0113266 0.00983354 0.00964163 0.00835987 0.00819201 0.00837426 0.00849093 0.00868284 0.00854696 0.00854622 0.00843317 0.00823695 0.00846092 0.00808076 0.00849185 0.00886781 0.0095387 0.00920716 0.0086167 0.00827692 0.00836845 0.00833247 
0.0084874 0.00844214 0.00866573 0.00866472 0.00834517 0.00834838 0.00838235 0.00828955 0.00821527 0.00844925 0.0081797 0.00821965 0.0083338 0.00821489 0.00834087 0.00821781 0.00809522 0.00810965 0.00817187 0.00827312 0.00859983 0.00837034 0.00834583 0.00912534 0.0106026 0.00996332 0.00927029 0.00925859 0.00905904 0.00950238 0.0167681 0.0415202 0.0039373 0.00372784 0.0039554 0 0.0151772 0.0181143 0.0287139 0.05769 0.0264622 0.0662097 0.130463 0.0249495 0.0114448 0.0337461 0.0140771 0.0116357 0.00896455 0.0112361 0.0105893 0.00973972 0.0114857 0.00918443 0.0100226 0.00935281 0.00976 0.00890231 0.0083358 0.00886103 0.00887417 0.00904881 0.00899762 0.00896414 0.00864592 0.00897473 0.00856567 0.00816047 0.00916073 0.00813846 0.00823508 0.00830814 0.0080756 0.00806623 0.00806226 0.00816678 0.00835457 0.00834234 0.00874508 0.00839542 0.00895714 0.00835671 0.00819033 0.00822618 
0.00866261 0.00840488 0.00862984 0.00872235 0.00854412 0.00860876 0.00903477 0.00837872 0.0083869 0.00860322 0.00847321 0.00820767 0.00864915 0.00844071 0.00867887 0.00826444 0.00815704 0.00839795 0.00825892 0.00883643 0.00835151 0.00860936 0.00834541 0.00876286 0.0107589 0.0101249 0.00831793 0.00919512 0.00842679 0.00901498 0.0106541 0.0166325 0.28103 0.0531251 0.0184629 0.0151772 0 0.00466871 0.00372612 0.00375982 0.00400667 0.00418608 0.00555782 0.0105022 0.00739099 0.025962 0.0174871 0.0540077 0.0109299 0.017909 0.0132282 0.0155718 0.0201326 0.0161687 0.0117191 0.0111663 0.019728 0.0111126 0.0129622 0.00943777 0.0126547 0.0112121 0.0106055 0.00998325 0.0101072 0.0152513 0.00896933 0.0110133 0.00862369 0.00861703 0.00865858 0.00840782 0.00863642 0.00839431 0.00840225 0.00871897 0.00967591 0.00858014 0.00908295 0.00881931 0.00912646 0.00862074 0.00830405 0.00867418 
0.00840467 0.00848231 0.00871423 0.00901883 0.0088091 0.00841063 0.00834791 0.00850219 0.00852688 0.0083747 0.00838503 0.00830319 0.00852971 0.00845345 0.00840701 0.00811207 0.00821667 0.00832446 0.00839382 0.00831455 0.00811733 0.00874368 0.00869333 0.00846568 0.00855932 0.00837744 0.00882133 0.00849038 0.0083197 0.00888539 0.00861297 0.00961243 0.037248 0.206161 0.0360083 0.0181143 0.00466871 0 0.00372036 0.00370525 0.00374281 0.00378619 0.00393238 0.00556826 0.0143566 0.0103605 0.0116332 0.0200624 0.0348935 0.0117306 0.0114863 0.0112804 0.0140416 0.027114 0.020115 0.0187284 0.0116859 0.00947474 0.0122692 0.0141295 0.0186622 0.0208609 0.0207852 0.0148529 0.0113974 0.00987443 0.00853663 0.00856035 0.00832924 0.00879998 0.00878174 0.00871185 0.00866403 0.00845697 0.00862454 0.00819105 0.0087089 0.00960079 0.00991253 0.0094555 0.00901321 0.00826116 0.00871645 0.00843178 
0.00848459 0.00869233 0.00919042 0.00945782 0.00907918 0.00844164 0.00852929 0.00865283 0.00869057 0.00838839 0.00826602 0.0084293 0.00882273 0.00844456 0.00825443 0.00814796 0.00826974 0.00852766 0.00844694 0.00835917 0.00831981 0.00892081 0.00916741 0.00865577 0.00866002 0.00916226 0.00892518 0.008606 0.00843679 0.00889846 0.00846043 0.00894202 0.0277404 0.0494175 0.141335 0.0287139 0.00372612 0.00372036 0 0.00371858 0.00366394 0.00374557 0.00376826 0.0115147 0.00525095 0.00797474 0.0110382 0.0148865 0.0131726 0.0230631 0.0114172 0.0105737 0.0147796 0.0321645 0.0505773 0.0203512 0.01077 0.00915155 0.0138539 0.016251 0.0516598 0.0403973 0.0462619 0.0279655 0.0141614 0.00927549 0.00841337 0.00857951 0.00857608 0.00964049 0.0104113 0.00990977 0.0105248 0.00903968 0.00894597 0.00847815 0.00956205 0.00980657 0.0143278 0.0110544 0.00922696 0.00846781 0.00869399 0.00854623 
0.00865759 0.00883305 0.00945686 0.0097811 0.00929992 0.00856393 0.00865207 0.00868785 0.00884056 0.0085214 0.00841759 0.00847835 0.00889436 0.00857173 0.00828036 0.00826229 0.00826068 0.00859222 0.00845542 0.00833018 0.00842015 0.00901482 0.00929709 0.00868398 0.0086931 0.00877369 0.00894771 0.00861056 0.00862736 0.00890761 0.00881786 0.00971481 0.0276952 0.0921686 0.0818274 0.05769 0.00375982 0.00370525 0.00371858 0 0.00371358 0.00371511 0.00376811 0.00443145 0.00498482 0.0171014 0.0125545 0.0148702 0.0162133 0.0200323 0.0121376 0.0109335 0.0160301 0.0441923 0.0658566 0.0250527 0.0118535 0.00964914 0.0122346 0.0361762 0.0346519 0.0627508 0.0589403 0.0355021 0.0133761 0.0104783 0.00865683 0.00849428 0.00925114 0.00963308 0.0119987 0.0119569 0.0112417 0.0103171 0.0089695 0.00868678 0.00985934 0.0126337 0.0153529 0.0112476 0.00966392 0.00854714 0.00882945 0.00855966 
0.00850711 0.00861824 0.00910835 0.00957329 0.00892542 0.00849334 0.00850549 0.0086684 0.00865844 0.00836536 0.00836696 0.00839732 0.00869714 0.00844934 0.00828485 0.00821795 0.00821668 0.00849879 0.00838718 0.00828393 0.00825755 0.00884091 0.00887361 0.00873726 0.00834398 0.00883149 0.00867209 0.00860906 0.00828924 0.00866079 0.00841332 0.00900104 0.0185687 0.0586741 0.114378 0.0264622 0.00400667 0.00374281 0.00366394 0.00371358 0 0.00378564 0.0037099 0.00409688 0.00765951 0.0137621 0.00924701 0.0138968 0.0162345 0.0217834 0.0107735 0.0103858 0.0162519 0.0281758 0.0531887 0.0194136 0.0108439 0.00906848 0.015902 0.0152293 0.0418444 0.0386127 0.0436634 0.0260131 0.0136781 0.00977127 0.00837767 0.00852324 0.0086299 0.00963285 0.0108305 0.00986035 0.00987111 0.00896835 0.00866021 0.00835019 0.00938421 0.00954316 0.0131943 0.00984183 0.00945794 0.00856812 0.00860416 0.00843924 
0.00840851 0.00861372 0.00871352 0.00885811 0.00872139 0.00850339 0.00838855 0.00849436 0.00858093 0.00830233 0.00817431 0.0083565 0.00845659 0.00831875 0.0082176 0.00811722 0.00824058 0.00827813 0.0082446 0.0082043 0.00818807 0.00846478 0.00852369 0.00833012 0.00821318 0.00849002 0.00876679 0.00830975 0.00837946 0.00863927 0.00848331 0.0102449 0.0148861 0.0408674 0.153786 0.0662097 0.00418608 0.00378619 0.00374557 0.00371511 0.00378564 0 0.00377813 0.0070268 0.0159125 0.0108551 0.0110936 0.0138305 0.026236 0.0127457 0.0159202 0.0128561 0.012019 0.0232187 0.0175011 0.0300848 0.0107867 0.00948044 0.0114556 0.0106216 0.0167061 0.0157361 0.0180282 0.0135709 0.015061 0.00945227 0.00861129 0.00899422 0.00860295 0.00903597 0.00924058 0.00939382 0.00890365 0.00848531 0.0084828 0.00819779 0.00885125 0.0093787 0.0104135 0.00971843 0.00867086 0.00833258 0.00857198 0.00823157 
