1AOCA
ADTNAPICLCDEPGVLGRTQIVTTEIKDKIEKAVEAVAQESGVSGRGFSIFSHHPVFRECGKYECRTVRPEHSRCYNFPPFTHFKSECPVSTRDCEPVFGYTVAGEFRVIVQAPRAGFRQCVWQHKCRFGSNSCGYNGRCTQQRSVVRLVTYNLEKDGFLCESFRTCCGCPCRSF
CCCCCCCCCCCCCCCCCCCCCCCHHHHHHHHHHHHHHHHCCCCCCCCHHHCCCCHHHHHHCCCECCCCCHHHHCHHHCCCCCCCCCECCEEEECCCCCEEEECCCCEEEECCECCCCECECCCEEEECCCCCECCCCCEECCEEEEEEEEEEECCCCEEEEEEEEEEEECEEECC
0 0 0 0 0 0 0 0 0 0 0 0 0 0 0 0 0 0 0 0 0 0 0 0 0 0 0 0 0 0 0 0 0 0 0 0 0 0 0 0 0 0 0 0 0 0 0 0 0 0 0 0 0 0 0 0 0 0 0 0 0 0 0 0 0 0 0 0 0 0 0 0 0 0 0 0 0 0 0 0 0 0 0 0 0 0 0 0 0 0 0 0 0 0 0 0 0 0 0 0 0 0 0 0 0 0 0 0 0 0 0 0 0 0 0 0 0 0 0 0 0 0 0 0 0 0 0 0 0 0 0 0 0 0 0 0 0 0 0 0 0 0 0 0 0 0 0 0 0 0 0 0 0 0 0 0 0 0 0 0 0 0 0 0 0 0 0 0 0 0 0 0 0 0 0 
0 0 0 0 0 0 0 0 0 0 0 0 0 0 0 0 0 0 0 0 0 0 0 0 0 0 0 0 0 0 0 0 0 0 0 0 0 0 0 0 0 0 0 0 0 0 0 0 0 0 0 0 0 0 0 0 0 0 0 0 0 0 0 0 0 0 0 0 0 0 0 0 0 0 0 0 0 0 0 0 0 0 0 0 0 0 0 0 0 0 0 0 0 0 0 0 0 0 0 0 0 0 0 0 0 0 0 0 0 0 0 0 0 0 0 0 0 0 0 0 0 0 0 0 0 0 0 0 0 0 0 0 0 0 0 0 0 0 0 0 0 0 0 0 0 0 0 0 0 0 0 0 0 0 0 0 0 0 0 0 0 0 0 0 0 0 0 0 0 0 0 0 0 0 0 
0 0.169795 0.0107212 0.0151888 0.0112045 0.0159985 0.0128929 0.00928924 0.0101573 0.01524 0.0155953 0.0125939 0.00953651 0.0172777 0.0168461 0.0161646 0.01718 0.0103649 0.00845319 0.00932674 0.00937946 0.0160041 0.0147445 0.00892341 0.0112883 0.0081392 0.0081737 0.00890788 0.00828031 0.00964578 0.00850442 0.00844309 0.00957907 0.00868844 0.0123337 0.00994808 0.00823078 0.00834368 0.00816805 0.00822462 0.00833708 0.00813772 0.00846208 0.00809304 0.00814652 0.00835665 0.00860192 0.00873595 0.00817868 0.00921329 
0.169795 0 0.00510788 0.00394462 0.00405796 0.00495488 0.0076453 0.00661547 0.00882241 0.0122238 0.0140496 0.0103914 0.00946491 0.0188115 0.0220942 0.0223768 0.02245 0.0135958 0.00899736 0.0103667 0.00946974 0.0304146 0.0220714 0.00936818 0.0118402 0.00833283 0.0083207 0.0102838 0.00827341 0.0115466 0.00853151 0.00883819 0.00903704 0.00855707 0.0119783 0.0116986 0.00824394 0.00893105 0.00819216 0.00815558 0.00837267 0.00810745 0.00839451 0.00812512 0.00815737 0.00849977 0.00861067 0.00903749 0.00869161 0.0092368 
0.0107212 0.00510788 0 0.00371468 0.0037199 0.00379635 0.0054415 0.00708275 0.021339 0.0386313 0.01209 0.00847683 0.0189112 0.0193534 0.0165306 0.0158097 0.016314 0.0152985 0.0133922 0.00996128 0.133689 0.00977768 0.00859145 0.0184272 0.00948329 0.00886185 0.0108533 0.00917559 0.0188028 0.0102352 0.0222974 0.0110954 0.00963599 0.0162961 0.011056 0.0118459 0.0114829 0.00890246 0.0108166 0.00996848 0.00851441 0.0107639 0.008618 0.00993451 0.0104335 0.0104678 0.012124 0.00884189 0.00916873 0.0104768 
0.0151888 0.00394462 0.00371468 0 0.00378211 0.00376501 0.00677902 0.0113072 0.032119 0.0179471 0.00833208 0.0344907 0.017907 0.0188375 0.0100014 0.0103508 0.0115044 0.0131044 0.0134849 0.130005 0.00960272 0.00872228 0.00994095 0.00866961 0.00904792 0.0103731 0.00947198 0.0171042 0.0101533 0.0318987 0.0133365 0.0145367 0.0271899 0.00970086 0.0119192 0.00958691 0.00987022 0.02098 0.0094246 0.00940943 0.011819 0.00857621 0.0117273 0.0103222 0.0121843 0.0164353 0.00992864 0.00963239 0.00936498 0.00937569 
0.0112045 0.00405796 0.0037199 0.00378211 0 0.00372375 0.00623501 0.0332644 0.0174066 0.00797129 0.0139369 0.0133866 0.0287287 0.0148575 0.0113452 0.0115733 0.0121618 0.0115421 0.13493 0.0133555 0.0113425 0.00908108 0.00957301 0.00968463 0.0100239 0.00934127 0.00984117 0.0108149 0.0163281 0.0119892 0.020756 0.0167159 0.0119516 0.01576 0.00891287 0.00976926 0.0154496 0.0109399 0.010766 0.0112777 0.00900158 0.0105894 0.00961448 0.0116713 0.0153032 0.0196995 0.0112966 0.00907475 0.0107492 0.00871116 
0.0159985 0.00495488 0.00379635 0.00376501 0.00372375 0 0.0226187 0.0220176 0.00636429 0.0068308 0.0216152 0.00861187 0.0112564 0.038161 0.0108777 0.0156961 0.0120217 0.144152 0.0101943 0.011958 0.011244 0.0111574 0.0106671 0.0098224 0.0132574 0.00862226 0.00905014 0.00993434 0.00974022 0.0110218 0.0106613 0.0103939 0.0105989 0.00944899 0.0099677 0.0135516 0.0105657 0.00986593 0.00958206 0.00918527 0.00913762 0.00892079 0.00934698 0.00998104 0.0103846 0.0137505 0.0150594 0.0100504 0.00883555 0.00869278 
0.0128929 0.0076453 0.0054415 0.00677902 0.00623501 0.0226187 0 0.0037333 0.0037049 0.00527717 0.00703018 0.00947524 0.408834 0.273673 0.0103832 0.0124354 0.0152241 0.0129519 0.00961713 0.0124366 0.0215107 0.0104463 0.00937685 0.0122321 0.0101352 0.00903259 0.00947226 0.0101653 0.0108185 0.0135149 0.0109669 0.0103536 0.0104884 0.0104473 0.013976 0.0114197 0.00940224 0.00930214 0.00904948 0.00899903 0.00889974 0.00899331 0.00892365 0.00922973 0.00926301 0.0109951 0.0132285 0.00914338 0.0087223 0.0101933 
0.00928924 0.00661547 0.00708275 0.0113072 0.0332644 0.0220176 0.0037333 0 0.00563792 0.00388872 0.00557383 0.5136 0.229676 0.0369776 0.00716338 0.00879608 0.00945393 0.00933284 0.0139395 0.0145739 0.0117161 0.00865737 0.00898182 0.00985538 0.00877922 0.0103646 0.00994349 0.0102033 0.0146076 0.0106944 0.0159865 0.0124964 0.0122353 0.0149456 0.0100132 0.00921413 0.0115302 0.00967791 0.0103512 0.00964569 0.00906375 0.00974945 0.00920525 0.00999162 0.01141 0.0124678 0.0102733 0.00847125 0.010276 0.00936449 
0.0101573 0.00882241 0.021339 0.032119 0.0174066 0.00636429 0.0037049 0.00563792 0 0.00535373 0.652962 0.200016 0.0145191 0.00949082 0.00701272 0.00907041 0.00953635 0.0107947 0.0206725 0.0107844 0.00908249 0.00937848 0.0101607 0.00902441 0.0113832 0.00928766 0.00917925 0.0115854 0.00950144 0.0141065 0.0111515 0.0135616 0.0120494 0.00946265 0.00885958 0.00998401 0.0109087 0.0108678 0.00914571 0.00967685 0.00976056 0.00912121 0.0102604 0.00991945 0.010596 0.0139279 0.00926272 0.00915076 0.00907201 0.00861663 
0.01524 0.0122238 0.0386313 0.0179471 0.00797129 0.0068308 0.00527717 0.00388872 0.00535373 0 0.216042 0.0105451 0.00494087 0.00877292 0.00941418 0.0149096 0.0126833 0.0303088 0.00953963 0.00952897 0.0118772 0.0178844 0.0143179 0.0101836 0.0166617 0.00869673 0.00923119 0.00996656 0.0102625 0.0102343 0.0108804 0.00972663 0.00930736 0.00951981 0.0106907 0.0149668 0.0102345 0.00893477 0.00932061 0.00882191 0.00850225 0.00920792 0.00871427 0.00882827 0.00882941 0.00923668 0.00930459 0.00946325 0.00908422 0.00882081 
0.0155953 0.0140496 0.01209 0.00833208 0.0139369 0.0216152 0.00703018 0.00557383 0.652962 0.216042 0 0.00526987 0.00447083 0.00427188 0.00822004 0.0101498 0.0119139 0.0085366 0.00847648 0.0199825 0.116699 0.0117219 0.00900544 0.0212411 0.00990626 0.00917224 0.011163 0.0107659 0.0141855 0.0095287 0.0133273 0.0104207 0.00953291 0.0220291 0.0141968 0.0124351 0.00923813 0.00856825 0.0104933 0.00880195 0.0084575 0.0109608 0.00843478 0.00930493 0.00877013 0.00904616 0.0100086 0.00853201 0.00883778 0.0112253 
0.0125939 0.0103914 0.00847683 0.0344907 0.0133866 0.00861187 0.00947524 0.5136 0.200016 0.0105451 0.00526987 0 0.0037179 0.00381319 0.00388572 0.00639055 0.00721792 0.00872624 0.0107428 0.042951 0.00947179 0.00907409 0.0135871 0.00868814 0.0101139 0.0101174 0.0098008 0.0180808 0.00945849 0.0324393 0.0113271 0.012068 0.0254287 0.0101004 0.0108532 0.0109354 0.0104521 0.0160654 0.00928454 0.00908756 0.0120106 0.00863783 0.0128508 0.00970958 0.0107036 0.0117203 0.00989715 0.00923015 0.00888364 0.00990168 
0.00953651 0.00946491 0.0189112 0.017907 0.0287287 0.0112564 0.408834 0.229676 0.0145191 0.00494087 0.00447083 0.0037179 0 0.00386385 0.00456995 0.00794811 0.0088074 0.0155154 0.0405786 0.0117492 0.0123799 0.00894999 0.00910419 0.0162268 0.0109386 0.0110894 0.0170721 0.0103482 0.0309409 0.0128615 0.0406377 0.024159 0.0136376 0.0279112 0.00922628 0.0112554 0.0314427 0.010987 0.0122004 0.0135048 0.00915194 0.0182941 0.00990021 0.013741 0.0161224 0.021356 0.0112511 0.00923721 0.0240335 0.00876231 
0.0172777 0.0188115 0.0193534 0.0188375 0.0148575 0.038161 0.273673 0.0369776 0.00949082 0.00877292 0.00427188 0.00381319 0.00386385 0 0.0062536 0.0124003 0.0317894 0.0520617 0.0101531 0.0125311 0.013239 0.0135781 0.0242255 0.0108136 0.0204455 0.0102703 0.00958599 0.0124 0.0103281 0.0194049 0.0133914 0.0139739 0.0165007 0.0108686 0.016751 0.0198125 0.0117568 0.0133221 0.0102684 0.0102447 0.0106542 0.0093037 0.0126144 0.0113579 0.0119302 0.017762 0.0171588 0.0127564 0.0102037 0.0100843 
0.0168461 0.0220942 0.0165306 0.0100014 0.0113452 0.0108777 0.0103832 0.00716338 0.00701272 0.00941418 0.00822004 0.00388572 0.00456995 0.0062536 0 0.891704 0.0214628 0.00715815 0.0077065 0.0067902 0.0125623 0.0229272 0.0122793 0.0245231 0.0127416 0.00848171 0.00894147 0.0085532 0.0108072 0.00899162 0.0100861 0.00945397 0.00904877 0.0114248 0.011777 0.0122259 0.00963643 0.00851932 0.0093634 0.00886467 0.00835529 0.00927619 0.0084068 0.00899463 0.00889099 0.00940542 0.00960105 0.00851823 0.00931865 0.00940398 
0.0161646 0.0223768 0.0158097 0.0103508 0.0115733 0.0156961 0.0124354 0.00879608 0.00907041 0.0149096 0.0101498 0.00639055 0.00794811 0.0124003 0.891704 0 0.00662999 0.00512262 0.00794086 0.0051407 0.0123118 0.0196006 0.0114287 0.0206343 0.0105712 0.00890529 0.00905972 0.00919617 0.0113507 0.0101955 0.0102559 0.0103283 0.00935688 0.0160146 0.0140572 0.0120332 0.0102598 0.00880044 0.0093722 0.00907353 0.00866748 0.00971419 0.00881639 0.00925461 0.00966181 0.0114694 0.0124196 0.00926816 0.0112975 0.0117652 
0.01718 0.02245 0.016314 0.0115044 0.0121618 0.0120217 0.0152241 0.00945393 0.00953635 0.0126833 0.0119139 0.00721792 0.0088074 0.0317894 0.0214628 0.00662999 0 0.0128156 0.00398975 0.00413338 0.0111616 0.0156995 0.0128545 0.0120241 0.0150387 0.00854636 0.00864043 0.00952359 0.0102946 0.0105513 0.0101194 0.0114114 0.00953503 0.0106027 0.0124824 0.0137165 0.00986937 0.00908029 0.0093535 0.00898704 0.00900205 0.00892225 0.00910196 0.00949913 0.00930783 0.0113293 0.0134695 0.0100666 0.00930923 0.00961797 
0.0103649 0.0135958 0.0152985 0.0131044 0.0115421 0.144152 0.0129519 0.00933284 0.0107947 0.0303088 0.0085366 0.00872624 0.0155154 0.0520617 0.00715815 0.00512262 0.0128156 0 0.00373529 0.00369742 0.00413477 0.00737733 0.00831164 0.0124206 0.0104886 0.00908729 0.0126875 0.0192347 0.0116148 0.0143519 0.0128059 0.0116968 0.0117134 0.0122238 0.0218127 0.012236 0.010151 0.00985531 0.00976877 0.00991539 0.00943101 0.00948092 0.0114475 0.0103795 0.011821 0.014055 0.019056 0.0100335 0.00973817 0.015697 
0.00845319 0.00899736 0.0133922 0.0134849 0.13493 0.0101943 0.00961713 0.0139395 0.0206725 0.00953963 0.00847648 0.0107428 0.0405786 0.0101531 0.0077065 0.00794086 0.00398975 0.00373529 0 0.00372989 0.003699 0.004232 0.00907601 0.0183716 0.00810907 0.0142174 0.0195 0.00966047 0.0160524 0.0108617 0.0183471 0.0151353 0.0122301 0.0301217 0.00900797 0.0102817 0.0142246 0.0108633 0.0119297 0.0113582 0.00953278 0.0136889 0.00978735 0.0148794 0.0150507 0.0200289 0.0121816 0.00958611 0.0209904 0.00950361 
0.00932674 0.0103667 0.00996128 0.130005 0.0133555 0.011958 0.0124366 0.0145739 0.0107844 0.00952897 0.0199825 0.042951 0.0117492 0.0125311 0.0067902 0.0051407 0.00413338 0.00369742 0.00372989 0 0.00396774 0.00975952 0.0318309 0.00828003 0.0239104 0.0190753 0.0095257 0.0133193 0.00921126 0.0230306 0.0115928 0.013234 0.0233866 0.00949229 0.0110183 0.0105385 0.0117362 0.0189818 0.00938749 0.0105693 0.0186983 0.00909898 0.014125 0.0113399 0.0136769 0.0178379 0.0110921 0.0104956 0.0118136 0.0111458 
0.00937946 0.00946974 0.133689 0.00960272 0.0113425 0.011244 0.0215107 0.0117161 0.00908249 0.0118772 0.116699 0.00947179 0.0123799 0.013239 0.0125623 0.0123118 0.0111616 0.00413477 0.003699 0.00396774 0 0.0234602 0.00889187 0.0503993 0.0156108 0.00896209 0.010262 0.00906552 0.0192629 0.00913375 0.0129754 0.0105929 0.00907501 0.014461 0.00892306 0.0381769 0.0142465 0.00885871 0.0115941 0.00993116 0.00865986 0.0147978 0.00894243 0.0114834 0.0105259 0.0117213 0.0111157 0.0103996 0.0115891 0.00915033 
0.0160041 0.0304146 0.00977768 0.00872228 0.00908108 0.0111574 0.0104463 0.00865737 0.00937848 0.0178844 0.0117219 0.00907409 0.00894999 0.0135781 0.0229272 0.0196006 0.0156995 0.00737733 0.004232 0.00975952 0.0234602 0 0.825604 0.0118279 0.00826097 0.0062978 0.00716744 0.00725201 0.00698472 0.00833169 0.00738726 0.00762788 0.00790702 0.00868902 0.0117173 0.0100978 0.00871587 0.00830656 0.00836205 0.00829832 0.008283 0.00849089 0.00846727 0.00840659 0.00847846 0.00900021 0.0101915 0.00896217 0.00900429 0.0105517 
0.0147445 0.0220714 0.00859145 0.00994095 0.00957301 0.0106671 0.00937685 0.00898182 0.0101607 0.0143179 0.00900544 0.0135871 0.00910419 0.0242255 0.0122793 0.0114287 0.0128545 0.00831164 0.00907601 0.0318309 0.00889187 0.825604 0 0.0071627 0.00587005 0.0084263 0.00463643 0.0129535 0.00760668 0.00843402 0.0063237 0.00689478 0.00778454 0.00760494 0.0275484 0.00864798 0.00812222 0.00917829 0.00797588 0.00830834 0.00919207 0.0081295 0.010251 0.00829638 0.00854039 0.0106654 0.0096373 0.0114825 0.00898823 0.0241708 
0.00892341 0.00936818 0.0184272 0.00866961 0.00968463 0.0098224 0.0122321 0.00985538 0.00902441 0.0101836 0.0212411 0.00868814 0.0162268 0.0108136 0.0245231 0.0206343 0.0120241 0.0124206 0.0183716 0.00828003 0.0503993 0.0118279 0.0071627 0 0.0207302 0.00419774 0.00566212 0.00378579 0.00609988 0.0048992 0.0074683 0.006929 0.00666618 0.0218866 0.00644314 0.00981204 0.0110428 0.0078741 0.00912652 0.00839317 0.00792831 0.0143197 0.00836138 0.00881054 0.0088388 0.0105721 0.0163339 0.00843611 0.0568253 0.00929163 
0.0112883 0.0118402 0.00948329 0.00904792 0.0100239 0.0132574 0.0101352 0.00877922 0.0113832 0.0166617 0.00990626 0.0101139 0.0109386 0.0204455 0.0127416 0.0105712 0.0150387 0.0104886 0.00810907 0.0239104 0.0156108 0.00826097 0.00587005 0.0207302 0 0.0038917 0.00395723 0.00399067 0.00384298 0.00425475 0.00390002 0.00409038 0.00626783 0.0120221 0.0134135 0.00746073 0.00744818 0.00871488 0.00852066 0.0090476 0.0156576 0.00846701 0.00908791 0.00945832 0.0238197 0.288756 0.0708237 0.0101563 0.0140837 0.019169 
0.0081392 0.00833283 0.00886185 0.0103731 0.00934127 0.00862226 0.00903259 0.0103646 0.00928766 0.00869673 0.00917224 0.0101174 0.0110894 0.0102703 0.00848171 0.00890529 0.00854636 0.00908729 0.0142174 0.0190753 0.00896209 0.0062978 0.0084263 0.00419774 0.0038917 0 0.0038369 0.00371776 0.0037091 0.00368753 0.00367115 0.00462127 0.006264 0.0116959 0.00565286 0.00686542 0.00772095 0.00795836 0.00799598 0.0126585 0.00842767 0.00831652 0.00962957 0.0109618 0.642274 0.027533 0.0117935 0.0145891 0.0100988 0.00882324 
0.0081737 0.0083207 0.0108533 0.00947198 0.00984117 0.00905014 0.00947226 0.00994349 0.00917925 0.00923119 0.011163 0.0098008 0.0170721 0.00958599 0.00894147 0.00905972 0.00864043 0.0126875 0.0195 0.0095257 0.010262 0.00716744 0.00463643 0.00566212 0.00395723 0.0038369 0 0.00368953 0.00371198 0.00375094 0.00379081 0.00400055 0.00419678 0.00581625 0.00413568 0.00781676 0.00896161 0.00778165 0.010502 0.00962545 0.00950465 0.0120163 0.0102555 0.772968 0.0176843 0.00921179 0.0148159 0.00854568 0.00913617 0.00875726 
0.00890788 0.0102838 0.00917559 0.0171042 0.0108149 0.00993434 0.0101653 0.0102033 0.0115854 0.00996656 0.0107659 0.0180808 0.0103482 0.0124 0.0085532 0.00919617 0.00952359 0.0192347 0.00966047 0.0133193 0.00906552 0.00725201 0.0129535 0.00378579 0.00399067 0.00371776 0.00368953 0 0.00369275 0.00378389 0.00386089 0.00373069 0.00405552 0.00385091 0.00406547 0.00799594 0.00741167 0.0115865 0.0174088 0.00925818 0.0133445 0.00993956 0.879751 0.0186055 0.0110624 0.0183774 0.0101761 0.00959289 0.00860106 0.00967406 
0.00828031 0.00827341 0.0188028 0.0101533 0.0163281 0.00974022 0.0108185 0.0146076 0.00950144 0.0102625 0.0141855 0.00945849 0.0309409 0.0103281 0.0108072 0.0113507 0.0102946 0.0116148 0.0160524 0.00921126 0.0192629 0.00698472 0.00760668 0.00609988 0.00384298 0.0037091 0.00371198 0.00369275 0 0.00372861 0.00388668 0.00394223 0.00384733 0.00431424 0.00378148 0.00648303 0.0115062 0.00789734 0.012177 0.021387 0.00935623 0.936831 0.0101089 0.0245683 0.0234374 0.00993472 0.0105212 0.00906096 0.0121736 0.0088791 
0.00964578 0.0115466 0.0102352 0.0318987 0.0119892 0.0110218 0.0135149 0.0106944 0.0141065 0.0102343 0.0095287 0.0324393 0.0128615 0.0194049 0.00899162 0.0101955 0.0105513 0.0143519 0.0108617 0.0230306 0.00913375 0.00833169 0.00843402 0.0048992 0.00425475 0.00368753 0.00375094 0.00378389 0.00372861 0 0.003735 0.00382163 0.00382909 0.00377283 0.00394075 0.00748456 0.0070534 0.0226104 0.00938627 0.0136872 0.933709 0.00963727 0.0269666 0.0103742 0.012486 0.0116814 0.0242179 0.0127601 0.00845852 0.0121661 
0.00850442 0.00853151 0.0222974 0.0133365 0.020756 0.0106613 0.0109669 0.0159865 0.0111515 0.0108804 0.0133273 0.0113271 0.0406377 0.0133914 0.0100861 0.0102559 0.0101194 0.0128059 0.0183471 0.0115928 0.0129754 0.00738726 0.0063237 0.0074683 0.00390002 0.00367115 0.00379081 0.00386089 0.00388668 0.003735 0 0.00370307 0.00369728 0.00393313 0.00378116 0.00569222 0.0182641 0.010567 0.0189595 0.910712 0.0144919 0.0218849 0.00856829 0.0118456 0.0147347 0.0243889 0.0100023 0.00872219 0.0128853 0.00942447 
0.00844309 0.00883819 0.0110954 0.0145367 0.0167159 0.0103939 0.0103536 0.0124964 0.0135616 0.00972663 0.0104207 0.012068 0.024159 0.0139739 0.00945397 0.0103283 0.0114114 0.0116968 0.0151353 0.013234 0.0105929 0.00762788 0.00689478 0.006929 0.00409038 0.00462127 0.00400055 0.00373069 0.00394223 0.00382163 0.00370307 0 0.00373826 0.00376098 0.00375841 0.00717106 0.00917363 0.0125241 0.900859 0.0196275 0.0183605 0.00911745 0.00984799 0.0111147 0.0286385 0.0115851 0.0109309 0.0105695 0.00913165 0.011126 
0.00957907 0.00903704 0.00963599 0.0271899 0.0119516 0.0105989 0.0104884 0.0122353 0.0120494 0.00930736 0.00953291 0.0254287 0.0136376 0.0165007 0.00904877 0.00935688 0.00953503 0.0117134 0.0122301 0.0233866 0.00907501 0.00790702 0.00778454 0.00666618 0.00626783 0.006264 0.00419678 0.00405552 0.00384733 0.00382909 0.00369728 0.00373826 0 0.0037093 0.00372832 0.00538761 0.0146558 0.922832 0.0173157 0.0198989 0.00863847 0.00739686 0.014901 0.0202476 0.0119444 0.0113313 0.009625 0.0105223 0.00881477 0.0124664 
0.00868844 0.00855707 0.0162961 0.00970086 0.01576 0.00944899 0.0104473 0.0149456 0.00946265 0.00951981 0.0220291 0.0101004 0.0279112 0.0108686 0.0114248 0.0160146 0.0106027 0.0122238 0.0301217 0.00949229 0.014461 0.00868902 0.00760494 0.0218866 0.0120221 0.0116959 0.00581625 0.00385091 0.00431424 0.00377283 0.00393313 0.00376098 0.0037093 0 0.00393675 0.0103922 0.972388 0.0158963 0.0127083 0.0078297 0.00782315 0.0181247 0.00758678 0.00993548 0.00877607 0.0105673 0.00791412 0.00799203 0.0300424 0.00888219 
0.0123337 0.0119783 0.011056 0.0119192 0.00891287 0.0099677 0.013976 0.0100132 0.00885958 0.0106907 0.0141968 0.0108532 0.00922628 0.016751 0.011777 0.0140572 0.0124824 0.0218127 0.00900797 0.0110183 0.00892306 0.0117173 0.0275484 0.00644314 0.0134135 0.00565286 0.00413568 0.00406547 0.00378148 0.00394075 0.00378116 0.00375841 0.00372832 0.00393675 0 0.966379 0.00662614 0.0120298 0.00462006 0.00777736 0.00639403 0.00599083 0.00687914 0.00702096 0.00715406 0.0074193 0.00746678 0.0134474 0.00780032 0.00901318 
0.00994808 0.0116986 0.0118459 0.00958691 0.00976926 0.0135516 0.0114197 0.00921413 0.00998401 0.0149668 0.0124351 0.0109354 0.0112554 0.0198125 0.0122259 0.0120332 0.0137165 0.012236 0.0102817 0.0105385 0.0381769 0.0100978 0.00864798 0.00981204 0.00746073 0.00686542 0.00781676 0.00799594 0.00648303 0.00748456 0.00569222 0.00717106 0.00538761 0.0103922 0.966379 0 0.00380151 0.00369574 0.00371041 0.00373665 0.00386636 0.00392655 0.00419857 0.00404407 0.00907464 0.00535834 0.0106493 0.0069525 0.00707393 0.044961 
0.00823078 0.00824394 0.0114829 0.00987022 0.0154496 0.0105657 0.00940224 0.0115302 0.0109087 0.0102345 0.00923813 0.0104521 0.0314427 0.0117568 0.00963643 0.0102598 0.00986937 0.010151 0.0142246 0.0117362 0.0142465 0.00871587 0.00812222 0.0110428 0.00744818 0.00772095 0.00896161 0.00741167 0.0115062 0.0070534 0.0182641 0.00917363 0.0146558 0.972388 0.00662614 0.00380151 0 0.00371443 0.00369871 0.0037162 0.00374753 0.00490924 0.00384496 0.00445478 0.00490364 0.0120899 0.0054432 0.00604783 0.0274123 0.0103095 
0.00834368 0.00893105 0.00890246 0.02098 0.0109399 0.00986593 0.00930214 0.00967791 0.0108678 0.00893477 0.00856825 0.0160654 0.010987 0.0133221 0.00851932 0.00880044 0.00908029 0.00985531 0.0108633 0.0189818 0.00885871 0.00830656 0.00917829 0.0078741 0.00871488 0.00795836 0.00778165 0.0115865 0.00789734 0.0226104 0.010567 0.0125241 0.922832 0.0158963 0.0120298 0.00369574 0.00371443 0 0.00367458 0.00368918 0.00388338 0.0037106 0.00553137 0.00378604 0.00752459 0.00443292 0.00497527 0.017616 0.00634851 0.0137047 
0.00816805 0.00819216 0.0108166 0.0094246 0.010766 0.00958206 0.00904948 0.0103512 0.00914571 0.00932061 0.0104933 0.00928454 0.0122004 0.0102684 0.0093634 0.0093722 0.0093535 0.00976877 0.0119297 0.00938749 0.0115941 0.00836205 0.00797588 0.00912652 0.00852066 0.00799598 0.010502 0.0174088 0.012177 0.00938627 0.0189595 0.900859 0.0173157 0.0127083 0.00462006 0.00371041 0.00369871 0.00367458 0 0.00369245 0.00368667 0.0037471 0.00374463 0.00603063 0.00511958 0.00391527 0.00565839 0.00975306 0.00622606 0.00754567 
0.00822462 0.00815558 0.00996848 0.00940943 0.0112777 0.00918527 0.00899903 0.00964569 0.00967685 0.00882191 0.00880195 0.00908756 0.0135048 0.0102447 0.00886467 0.00907353 0.00898704 0.00991539 0.0113582 0.0105693 0.00993116 0.00829832 0.00830834 0.00839317 0.0090476 0.0126585 0.00962545 0.00925818 0.021387 0.0136872 0.910712 0.0196275 0.0198989 0.0078297 0.00777736 0.00373665 0.0037162 0.00368918 0.00369245 0 0.00386569 0.00371673 0.00643776 0.00378913 0.00395252 0.00403074 0.00401317 0.00528831 0.00516964 0.00647939 
0.00833708 0.00837267 0.00851441 0.011819 0.00900158 0.00913762 0.00889974 0.00906375 0.00976056 0.00850225 0.0084575 0.0120106 0.00915194 0.0106542 0.00835529 0.00866748 0.00900205 0.00943101 0.00953278 0.0186983 0.00865986 0.008283 0.00919207 0.00792831 0.0156576 0.00842767 0.00950465 0.0133445 0.00935623 0.933709 0.0144919 0.0183605 0.00863847 0.00782315 0.00639403 0.00386636 0.00374753 0.00388338 0.00368667 0.00386569 0 0.00365395 0.00371188 0.00370332 0.00376818 0.00369892 0.00385384 0.0156235 0.00397154 0.00668641 
0.00813772 0.00810745 0.0107639 0.00857621 0.0105894 0.00892079 0.00899331 0.00974945 0.00912121 0.00920792 0.0109608 0.00863783 0.0182941 0.0093037 0.00927619 0.00971419 0.00892225 0.00948092 0.0136889 0.00909898 0.0147978 0.00849089 0.0081295 0.0143197 0.00846701 0.00831652 0.0120163 0.00993956 0.936831 0.00963727 0.0218849 0.00911745 0.00739686 0.0181247 0.00599083 0.00392655 0.00490924 0.0037106 0.0037471 0.00371673 0.00365395 0 0.00372682 0.00370327 0.00372481 0.003704 0.00382204 0.00377301 0.00477821 0.00445235 
0.00846208 0.00839451 0.008618 0.0117273 0.00961448 0.00934698 0.00892365 0.00920525 0.0102604 0.00871427 0.00843478 0.0128508 0.00990021 0.0126144 0.0084068 0.00881639 0.00910196 0.0114475 0.00978735 0.014125 0.00894243 0.00846727 0.010251 0.00836138 0.00908791 0.00962957 0.0102555 0.879751 0.0101089 0.0269666 0.00856829 0.00984799 0.014901 0.00758678 0.00687914 0.00419857 0.00384496 0.00553137 0.00374463 0.00643776 0.00371188 0.00372682 0 0.00369846 0.00369979 0.00371699 0.00373846 0.00562972 0.00374804 0.00659997 
0.00809304 0.00812512 0.00993451 0.0103222 0.0116713 0.00998104 0.00922973 0.00999162 0.00991945 0.00882827 0.00930493 0.00970958 0.013741 0.0113579 0.00899463 0.00925461 0.00949913 0.0103795 0.0148794 0.0113399 0.0114834 0.00840659 0.00829638 0.00881054 0.00945832 0.0109618 0.772968 0.0186055 0.0245683 0.0103742 0.0118456 0.0111147 0.0202476 0.00993548 0.00702096 0.00404407 0.00445478 0.00378604 0.00603063 0.00378913 0.00370332 0.00370327 0.00369846 0 0.00370491 0.00370393 0.00375695 0.00371866 0.00395346 0.00842593 
0.00814652 0.00815737 0.0104335 0.0121843 0.0153032 0.0103846 0.00926301 0.01141 0.010596 0.00882941 0.00877013 0.0107036 0.0161224 0.0119302 0.00889099 0.00966181 0.00930783 0.011821 0.0150507 0.0136769 0.0105259 0.00847846 0.00854039 0.0088388 0.0238197 0.642274 0.0176843 0.0110624 0.0234374 0.012486 0.0147347 0.0286385 0.0119444 0.00877607 0.00715406 0.00907464 0.00490364 0.00752459 0.00511958 0.00395252 0.00376818 0.00372481 0.00369979 0.00370491 0 0.00374879 0.00370018 0.00369986 0.00442178 0.00432845 
0.00835665 0.00849977 0.0104678 0.0164353 0.0196995 0.0137505 0.0109951 0.0124678 0.0139279 0.00923668 0.00904616 0.0117203 0.021356 0.017762 0.00940542 0.0114694 0.0113293 0.014055 0.0200289 0.0178379 0.0117213 0.00900021 0.0106654 0.0105721 0.288756 0.027533 0.00921179 0.0183774 0.00993472 0.0116814 0.0243889 0.0115851 0.0113313 0.0105673 0.0074193 0.00535834 0.0120899 0.00443292 0.00391527 0.00403074 0.00369892 0.003704 0.00371699 0.00370393 0.00374879 0 0.00370224 0.00368649 0.00374062 0.00378441 
0.00860192 0.00861067 0.012124 0.00992864 0.0112966 0.0150594 0.0132285 0.0102733 0.00926272 0.00930459 0.0100086 0.00989715 0.0112511 0.0171588 0.00960105 0.0124196 0.0134695 0.019056 0.0121816 0.0110921 0.0111157 0.0101915 0.0096373 0.0163339 0.0708237 0.0117935 0.0148159 0.0101761 0.0105212 0.0242179 0.0100023 0.0109309 0.009625 0.00791412 0.00746678 0.0106493 0.0054432 0.00497527 0.00565839 0.00401317 0.00385384 0.00382204 0.00373846 0.00375695 0.00370018 0.00370224 0 0.00397585 0.00369433 0.00389763 
0.00873595 0.00903749 0.00884189 0.00963239 0.00907475 0.0100504 0.00914338 0.00847125 0.00915076 0.00946325 0.00853201 0.00923015 0.00923721 0.0127564 0.00851823 0.00926816 0.0100666 0.0100335 0.00958611 0.0104956 0.0103996 0.00896217 0.0114825 0.00843611 0.0101563 0.0145891 0.00854568 0.00959289 0.00906096 0.0127601 0.00872219 0.0105695 0.0105223 0.00799203 0.0134474 0.0069525 0.00604783 0.017616 0.00975306 0.00528831 0.0156235 0.00377301 0.00562972 0.00371866 0.00369986 0.00368649 0.00397585 0 0.0036888 0.00399261 
0.00817868 0.00869161 0.00916873 0.00936498 0.0107492 0.00883555 0.0087223 0.010276 0.00907201 0.00908422 0.00883778 0.00888364 0.0240335 0.0102037 0.00931865 0.0112975 0.00930923 0.00973817 0.0209904 0.0118136 0.0115891 0.00900429 0.00898823 0.0568253 0.0140837 0.0100988 0.00913617 0.00860106 0.0121736 0.00845852 0.0128853 0.00913165 0.00881477 0.0300424 0.00780032 0.00707393 0.0274123 0.00634851 0.00622606 0.00516964 0.00397154 0.00477821 0.00374804 0.00395346 0.00442178 0.00374062 0.00369433 0.0036888 0 0.00381067 
0.00921329 0.0092368 0.0104768 0.00937569 0.00871116 0.00869278 0.0101933 0.00936449 0.00861663 0.00882081 0.0112253 0.00990168 0.00876231 0.0100843 0.00940398 0.0117652 0.00961797 0.015697 0.00950361 0.0111458 0.00915033 0.0105517 0.0241708 0.00929163 0.019169 0.00882324 0.00875726 0.00967406 0.0088791 0.0121661 0.00942447 0.011126 0.0124664 0.00888219 0.00901318 0.044961 0.0103095 0.0137047 0.00754567 0.00647939 0.00668641 0.00445235 0.00659997 0.00842593 0.00432845 0.00378441 0.00389763 0.00399261 0.00381067 0 
