1B7GO
MVNVAVNGYGTIGKRVADAIIKQPDMKLVGVAKTSPNYEAFIAHRRGIRIYVPQQSIKKFEESGIPVAGTVEDLIKTSDIVVDTTPNGVGAQYKPIYLQLQRNAIFQGGEKAEVADISFSALCNYNEALGKKYIRVVSCNTTALLRTICTVNKVSKVEKVRATIVRRAADQKEVKKGPINSLVPDPATVPSHHAKDVNSVIRNLDIATMAVIAPTTLMHMHFINITLKDKVEKKDILSVLENTPRIVLISSKYDAEATAELVEVARDLKRDRNDIPEVMIFSDSIYVKDDEVMLMYAVHQESIVVPENIDAIRASMKLMSAEDSMRITNESLGILKGYLI
CEEEEEECCCHHHHHHHHHHHCCCCEEEEEEECCCCCHHHHHHHHCCCCEECCHHHHHHHHCCCCCCCCCHHHHHHHCCEEEECCCCCHHHHHHHHHHHCCCEEEECCCCCHHHCCCEECHHHHHHHHCCCCEEEECCHHHHHHHHHHHHHHCCCCEEEEEEEEEEECCCCCCCCCCCCCCCEECCCCCCCCHHHHHHCCCCCCEEEEEEEEECCCCCEEEEEEEEECCCCCHHHHHHHHHCCCCEEEECCCCCCCCHHHHHHHHHHCCCHHHCCCCEEEEHHHCEEECCEEEEEEEECCCCCHHHHHHHHHHHHCCCCCHHHHHHHHHHHCCCCCCECC
0 0 0 0 0 0 0 0 0 0 0 0 0 0 0 0 0 0 0 0 0 0 0 0 0 0 0 0 0 0 0 0 0 0 0 0 0 0 0 0 0 0 0 0 0 0 0 0 0 0 0 0 0 0 0 0 0 0 0 0 0 0 0 0 0 0 0 0 0 0 0 0 0 0 0 0 0 0 0 0 0 0 0 0 0 0 0 0 0 0 0 0 0 0 0 0 0 0 0 0 0 0 0 0 0 0 0 0 0 0 0 0 0 0 0 0 0 0 0 0 0 0 0 0 0 0 0 0 0 0 0 0 0 0 0 0 0 0 0 0 0 0 0 0 0 0 0 0 0 0 0 0 0 0 0 0 0 0 0 0 0 0 0 0 0 0 0 0 0 0 0 0 0 0 0 0 0 0 0 0 0 0 0 0 0 0 0 0 0 0 0 0 0 0 0 0 0 0 0 0 0 0 0 0 0 0 0 0 0 0 0 0 0 0 0 0 0 0 0 0 0 0 0 0 0 0 0 0 0 0 0 0 0 0 0 0 0 0 0 0 0 0 0 0 0 0 0 0 0 0 0 0 0 0 0 0 0 0 0 0 0 0 0 0 0 0 0 0 0 0 0 0 0 0 0 0 0 0 0 0 0 0 0 0 0 0 0 0 0 0 0 0 0 0 0 0 0 0 0 0 0 0 0 0 0 0 0 0 0 0 0 0 0 0 0 0 0 0 0 0 0 0 0 0 0 0 0 0 0 0 0 0 0 0 0 0 0 0 0 0 
0 0 0 0 0 0 0 0 0 0 0 0 0 0 0 0 0 0 0 0 0 0 0 0 0 0 0 0 0 0 0 0 0 0 0 0 0 0 0 0 0 0 0 0 0 0 0 0 0 0 0 0 0 0 0 0 0 0 0 0 0 0 0 0 0 0 0 0 0 0 0 0 0 0 0 0 0 0 0 0 0 0 0 0 0 0 0 0 0 0 0 0 0 0 0 0 0 0 0 0 0 0 0 0 0 0 0 0 0 0 0 0 0 0 0 0 0 0 0 0 0 0 0 0 0 0 0 0 0 0 0 0 0 0 0 0 0 0 0 0 0 0 0 0 0 0 0 0 0 0 0 0 0 0 0 0 0 0 0 0 0 0 0 0 0 0 0 0 0 0 0 0 0 0 0 0 0 0 0 0 0 0 0 0 0 0 0 0 0 0 0 0 0 0 0 0 0 0 0 0 0 0 0 0 0 0 0 0 0 0 0 0 0 0 0 0 0 0 0 0 0 0 0 0 0 0 0 0 0 0 0 0 0 0 0 0 0 0 0 0 0 0 0 0 0 0 0 0 0 0 0 0 0 0 0 0 0 0 0 0 0 0 0 0 0 0 0 0 0 0 0 0 0 0 0 0 0 0 0 0 0 0 0 0 0 0 0 0 0 0 0 0 0 0 0 0 0 0 0 0 0 0 0 0 0 0 0 0 0 0 0 0 0 0 0 0 0 0 0 0 0 0 0 0 0 0 0 0 0 0 0 0 0 0 0 0 0 0 0 0 
0 0.00388499 0.00378921 0.00386673 0.00429935 0.00633795 0.626007 0.0383548 0.0376738 0.0237902 0.0248098 0.0270321 0.0341155 0.0282863 0.0211305 0.0389111 0.0147935 0.0150291 0.0139207 0.011743 0.0110686 0.00986642 0.01327 0.00858786 0.0117357 0.00951814 0.0101115 0.00922712 0.0116948 0.00910111 0.00818803 0.00827347 0.00898988 0.00838623 0.00970857 0.00841757 0.00905684 0.00839719 0.00850609 0.00910605 0.00810073 0.00852538 0.00888886 0.00866627 0.00822915 0.00859653 0.00850034 0.00860341 0.00863005 0.00870786 0.00873376 0.00824079 0.00848019 0.00845934 0.00839766 0.00870688 0.00836236 0.0089247 0.00823853 0.00965879 0.0084887 0.0083846 0.00855677 0.0104694 0.00860833 0.00856926 0.00851547 0.00877894 0.00859236 0.00896798 0.00892728 0.0084624 0.00887643 0.00833212 0.00859832 0.00833041 0.00862607 0.00858898 0.00989844 0.0107127 
0.00388499 0 0.00378296 0.00378329 0.00390774 0.00384423 0.0256288 0.672083 0.0331184 0.0334765 0.0614813 0.024594 0.0163341 0.01282 0.0219226 0.0226167 0.0776475 0.0185635 0.0167373 0.00942152 0.0148495 0.0160024 0.0101538 0.00922262 0.00855434 0.00921301 0.00941472 0.0112753 0.0099579 0.00811051 0.00831715 0.00866981 0.00826441 0.0107274 0.00870709 0.00996842 0.00855154 0.00899401 0.00881717 0.00830557 0.00803192 0.00808585 0.00851008 0.00844786 0.00834226 0.00836389 0.0083388 0.00849479 0.00878633 0.00856306 0.00826289 0.00822452 0.00847222 0.00862171 0.00855658 0.0084805 0.00872486 0.00849352 0.00834487 0.00846745 0.00826151 0.00878485 0.00868175 0.00885139 0.00834057 0.00873151 0.00856271 0.00856738 0.0084353 0.00851082 0.00838836 0.00835895 0.0084065 0.00838968 0.0084884 0.0083782 0.00855089 0.00858469 0.0087946 0.00970369 
0.00378921 0.00378296 0 0.0037855 0.0037889 0.00375008 0.0857316 0.0161758 0.509173 0.111629 0.0449792 0.0438206 0.0130374 0.0170255 0.0100643 0.0591839 0.0232539 0.0523536 0.0121497 0.010398 0.0163427 0.0164775 0.0126909 0.00863417 0.00929353 0.00912234 0.0129827 0.0102654 0.0110483 0.00873138 0.00857121 0.00853046 0.0103001 0.00859444 0.012051 0.00902528 0.0101831 0.00903491 0.00885023 0.00845716 0.0080622 0.0080617 0.00822322 0.00894271 0.00835479 0.00867146 0.0086275 0.0086899 0.0088632 0.00853777 0.00827845 0.00874276 0.00868998 0.00876368 0.00857123 0.0089783 0.00856703 0.00905518 0.00837292 0.00852127 0.00860466 0.00903643 0.00901003 0.00869402 0.00908098 0.00907756 0.00877422 0.00852279 0.00875555 0.0086128 0.0083299 0.00830768 0.0087206 0.00846752 0.0088363 0.00847554 0.00885776 0.00875076 0.00891757 0.00898397 
0.00386673 0.00378329 0.0037855 0 0.00370808 0.00369574 0.017502 0.195941 0.0247777 0.17439 0.374599 0.0228042 0.0164408 0.0104894 0.0144253 0.0139221 0.175133 0.0233106 0.0165916 0.00894464 0.0158917 0.0194941 0.010491 0.00887178 0.00869415 0.00940202 0.0100594 0.013426 0.00948289 0.00832896 0.00846982 0.00906921 0.00871062 0.0109691 0.00939493 0.0100313 0.00889981 0.00898521 0.00879649 0.00854255 0.00807759 0.00802098 0.00877626 0.00869678 0.00840302 0.00858711 0.00837415 0.00863008 0.00898811 0.00858203 0.00825028 0.00847378 0.00860343 0.00885887 0.00874027 0.00860176 0.00893359 0.00866158 0.00839295 0.00832657 0.00841905 0.00900451 0.00920956 0.00845812 0.00857102 0.00908371 0.00889741 0.00847522 0.00851809 0.00850799 0.00838641 0.00840269 0.00848378 0.00854831 0.00872784 0.00852457 0.00876695 0.00891613 0.00866316 0.00935331 
0.00429935 0.00390774 0.0037889 0.00370808 0 0.00412925 0.0365964 0.0230516 0.0686603 0.0446955 0.108521 0.589746 0.0255349 0.023587 0.0134277 0.0185488 0.016193 0.219903 0.0130224 0.00911503 0.01238 0.0204228 0.0134207 0.00894953 0.0101603 0.00865408 0.0118642 0.010145 0.00986919 0.00850692 0.00843866 0.0085257 0.00887281 0.00851037 0.0103488 0.00872146 0.00954583 0.0085587 0.00884448 0.00820817 0.00799493 0.0080742 0.00809336 0.00872098 0.00822252 0.00843869 0.00821599 0.00846994 0.00857561 0.00843323 0.00821319 0.00871808 0.00846918 0.00849661 0.00837848 0.00859175 0.0083902 0.00867387 0.00829164 0.00820559 0.00849434 0.00873383 0.00885434 0.00833578 0.00865406 0.0088811 0.00870809 0.00847476 0.00846064 0.00863839 0.00832055 0.00832526 0.00853292 0.00841742 0.00852401 0.00841497 0.00857315 0.00877034 0.00868846 0.00943755 
0.00633795 0.00384423 0.00375008 0.00369574 0.00412925 0 0.0159002 0.0227983 0.0134933 0.0296831 0.0447123 0.0867702 0.515916 0.013352 0.0279765 0.0133077 0.0143302 0.0147228 0.120413 0.00988393 0.00946661 0.0103762 0.0156171 0.00983619 0.00919939 0.00951433 0.00832071 0.00936577 0.0106944 0.00839133 0.00808176 0.00816255 0.00816157 0.00893139 0.0083028 0.00839098 0.00823825 0.00827338 0.00824535 0.00854525 0.00805735 0.00803647 0.00846959 0.00817834 0.00812091 0.00820032 0.00808578 0.00823392 0.00823844 0.00817412 0.00821914 0.00824762 0.00823454 0.00836544 0.00816599 0.00825988 0.00841935 0.00824283 0.00821374 0.00826444 0.00878962 0.00845444 0.00841316 0.00844782 0.00898523 0.00859029 0.00833962 0.0083562 0.00880737 0.00846378 0.00824068 0.00855206 0.00834177 0.00829021 0.00835329 0.00830088 0.00832506 0.00844222 0.00857254 0.0105219 
0.626007 0.0256288 0.0857316 0.017502 0.0365964 0.0159002 0 0.00373755 0.00372536 0.00373284 0.00380589 0.00430777 0.00498186 0.044751 0.0196265 0.0484556 0.0111776 0.0149484 0.0141223 0.0107892 0.0101429 0.00923922 0.0164309 0.00836438 0.014138 0.00883067 0.00977735 0.00885974 0.0123846 0.00994213 0.0080221 0.00812521 0.00948438 0.00814272 0.0106853 0.00816848 0.00913615 0.00824044 0.00824091 0.00931342 0.00802622 0.00873949 0.00804385 0.00894099 0.00807745 0.00823065 0.00822724 0.00843501 0.00831707 0.00842898 0.00853314 0.00807162 0.00824368 0.00842648 0.00824643 0.00890754 0.00824561 0.00895218 0.00812912 0.00948792 0.00862528 0.00844079 0.00848107 0.00909872 0.00859144 0.00840612 0.00834442 0.00864682 0.00881294 0.00913684 0.00879127 0.00845961 0.00892738 0.00826098 0.00856353 0.00838209 0.0086181 0.0084043 0.00896658 0.0105065 
0.0383548 0.672083 0.0161758 0.195941 0.0230516 0.0227983 0.00373755 0 0.00371472 0.00370088 0.00368935 0.00410547 0.00395057 0.0194649 0.018495 0.014561 0.0686756 0.0153497 0.0130076 0.00955598 0.0133052 0.0156337 0.00942179 0.00991309 0.00850486 0.00938866 0.00962337 0.0130478 0.00944641 0.00816724 0.00847019 0.00905055 0.00823791 0.0119213 0.00853562 0.012257 0.00849626 0.00914061 0.00868108 0.0083442 0.00803854 0.00807564 0.00924762 0.0083741 0.00869343 0.00838699 0.00846263 0.00847631 0.00878094 0.0085353 0.00825056 0.00842962 0.00838117 0.0084886 0.00850256 0.0083631 0.00921326 0.00838327 0.00867058 0.00824365 0.00829335 0.00852753 0.00871381 0.00857054 0.00836311 0.00861791 0.00853461 0.00847393 0.00839717 0.00844169 0.00834701 0.0084453 0.00845471 0.00850895 0.00848058 0.00842627 0.00851698 0.00859185 0.00862745 0.00938351 
0.0376738 0.0331184 0.509173 0.0247777 0.0686603 0.0134933 0.00372536 0.00371472 0 0.00370918 0.00371447 0.00375233 0.00373569 0.0255797 0.0117275 0.0323158 0.0289557 0.0396849 0.0108607 0.00923367 0.0170391 0.0153629 0.0110257 0.00843845 0.00916501 0.00901948 0.0148968 0.0106833 0.00967617 0.00925082 0.00851134 0.00862979 0.0117204 0.00870944 0.0142661 0.0088139 0.0108173 0.00902005 0.0091832 0.0085205 0.00810599 0.00803886 0.00816934 0.00950216 0.00844891 0.00877619 0.00846978 0.00880756 0.00879813 0.00869327 0.0082273 0.00828368 0.00871686 0.00885136 0.00852658 0.00951964 0.0085201 0.00921733 0.0083363 0.00839673 0.00836085 0.00891163 0.00871017 0.00844416 0.00850311 0.00877688 0.00860676 0.0083382 0.00835625 0.00868235 0.00829605 0.00828485 0.00884459 0.00835358 0.00864883 0.00837186 0.00862674 0.00867246 0.00879185 0.00859082 
0.0237902 0.0334765 0.111629 0.17439 0.0446955 0.0296831 0.00373284 0.00370088 0.00370918 0 0.00370299 0.00370976 0.00372141 0.0198755 0.0159682 0.0323845 0.0540197 0.0287739 0.0170394 0.010565 0.0175036 0.0204715 0.0121751 0.00889782 0.00898121 0.00942381 0.0111973 0.0124198 0.0107984 0.00850132 0.0084794 0.00893502 0.00882459 0.00995811 0.00992426 0.0105371 0.00964485 0.00989067 0.00877176 0.00843341 0.00806753 0.00799427 0.00855484 0.00886898 0.00846892 0.00869885 0.00840136 0.00863619 0.00888361 0.00858966 0.00827678 0.00834745 0.00862325 0.00866979 0.00856942 0.00864997 0.00878807 0.00861545 0.00834518 0.00836576 0.00833903 0.00866287 0.00883486 0.0085723 0.00850908 0.00856136 0.00848937 0.00835491 0.00829024 0.00838813 0.00827203 0.0082321 0.00841148 0.00837662 0.00844518 0.00834743 0.00845522 0.00858892 0.00873209 0.00886399 
0.0248098 0.0614813 0.0449792 0.374599 0.108521 0.0447123 0.00380589 0.00368935 0.00371447 0.00370299 0 0.00371611 0.00370663 0.0283193 0.0291936 0.0225008 0.112349 0.0490824 0.0248958 0.00952129 0.02701 0.034434 0.0146711 0.0095918 0.00917833 0.00970417 0.0143015 0.0216193 0.0109146 0.0087537 0.00867782 0.00977732 0.00915824 0.011478 0.0108481 0.012097 0.00999874 0.0103946 0.00946417 0.00868137 0.00812961 0.00800483 0.0087164 0.00909653 0.0088804 0.00909387 0.00865992 0.00908351 0.00938493 0.00880253 0.00825048 0.00873315 0.00877547 0.00926915 0.00907193 0.00905976 0.00935029 0.00908894 0.00846406 0.00831706 0.00854804 0.00909014 0.00906157 0.0085132 0.00862543 0.00896394 0.00877644 0.008427 0.00840456 0.00863698 0.0082815 0.0083319 0.00872268 0.00852513 0.0088348 0.00849712 0.00872667 0.00877426 0.00866115 0.00885054 
0.0270321 0.024594 0.0438206 0.0228042 0.589746 0.0867702 0.00430777 0.00410547 0.00375233 0.00370976 0.00371611 0 0.00391075 0.151235 0.0502522 0.0241338 0.0281425 0.203088 0.025692 0.0100051 0.0174346 0.0350257 0.0181581 0.00991819 0.0114361 0.00923119 0.0121226 0.013566 0.0114378 0.0087473 0.00873307 0.00858486 0.0090435 0.00870884 0.00981184 0.00897282 0.00930636 0.00886852 0.00903679 0.0085124 0.00798299 0.00821844 0.0081261 0.00875961 0.00848117 0.00863982 0.00831856 0.00864715 0.00858643 0.00853915 0.00822439 0.00841408 0.00863251 0.00849132 0.00848717 0.00853624 0.00865406 0.00864756 0.00830796 0.00828507 0.00856578 0.00868141 0.00885085 0.00835617 0.00854165 0.00874147 0.00864665 0.00833269 0.00838322 0.00850689 0.00828927 0.0083066 0.00852165 0.00848583 0.00854599 0.00843855 0.00854282 0.00862752 0.00859474 0.00913739 
0.0341155 0.0163341 0.0130374 0.0164408 0.0255349 0.515916 0.00498186 0.00395057 0.00373569 0.00372141 0.00370663 0.00391075 0 0.0326844 0.159454 0.0202734 0.0184316 0.0218385 0.0787507 0.0137096 0.01056 0.0105335 0.0213831 0.0126022 0.00995318 0.0138803 0.00913092 0.00941415 0.0105112 0.00967787 0.00845375 0.0083004 0.00824865 0.00877897 0.00855778 0.00902438 0.00843873 0.0084632 0.00832438 0.00885674 0.0082702 0.00815857 0.00967257 0.00824977 0.00826562 0.00823898 0.00829989 0.00844111 0.00833483 0.0082101 0.00831111 0.00844689 0.00827967 0.00835399 0.00824792 0.00830246 0.00843019 0.00842494 0.00828395 0.00826612 0.00919515 0.00847049 0.00847303 0.00850445 0.00906416 0.00858779 0.00836255 0.00826339 0.00914639 0.00836927 0.00822082 0.0088073 0.00852024 0.00848139 0.00849099 0.00842397 0.00848124 0.00845466 0.00852245 0.0104312 
0.0282863 0.01282 0.0170255 0.0104894 0.023587 0.013352 0.044751 0.0194649 0.0255797 0.0198755 0.0283193 0.151235 0.0326844 0 0.0046313 0.0607444 0.0579285 0.0397233 0.0181835 0.0154073 0.0147963 0.0125938 0.0171137 0.0102693 0.0230862 0.0106264 0.0104014 0.00938557 0.0128838 0.0106622 0.00829964 0.00816974 0.00920893 0.00844081 0.0105424 0.00837895 0.00877106 0.00830829 0.00866992 0.0090978 0.00809048 0.00853935 0.0083557 0.00932907 0.00809966 0.00822616 0.00821908 0.00845597 0.00832992 0.00841267 0.00834124 0.00811935 0.00850503 0.00833964 0.00817769 0.00895125 0.00829461 0.00899759 0.00813544 0.00875867 0.00908162 0.00824763 0.00834584 0.00856139 0.00846311 0.00833295 0.00827582 0.00829773 0.00830516 0.00860345 0.00830913 0.00829206 0.00878595 0.00821871 0.00847876 0.00825924 0.00841747 0.00831556 0.00846873 0.0101078 
0.0211305 0.0219226 0.0100643 0.0144253 0.0134277 0.0279765 0.0196265 0.018495 0.0117275 0.0159682 0.0291936 0.0502522 0.159454 0.0046313 0 0.030174 0.0249525 0.0501075 0.113068 0.0165845 0.0137945 0.0130297 0.0158259 0.0222282 0.0123617 0.015108 0.00973781 0.0119131 0.0111309 0.00934144 0.00842846 0.00837556 0.00813738 0.00914654 0.00863741 0.00927017 0.00834436 0.00848614 0.00864119 0.00877142 0.0087241 0.00821912 0.0104843 0.00820195 0.00819069 0.00820069 0.00815317 0.0083047 0.00829193 0.00833395 0.00845351 0.00861074 0.00824009 0.0082386 0.00821161 0.00822677 0.00879691 0.00824801 0.00841367 0.00836254 0.00894688 0.00837795 0.00848977 0.00851817 0.00870773 0.0084625 0.00842389 0.00835625 0.00880466 0.00847237 0.00826179 0.00858485 0.00843168 0.00830301 0.00843974 0.00830065 0.00833938 0.00837 0.00845672 0.0111574 
0.0389111 0.0226167 0.0591839 0.0139221 0.0185488 0.0133077 0.0484556 0.014561 0.0323158 0.0323845 0.0225008 0.0241338 0.0202734 0.0607444 0.030174 0 0.00404676 0.00373304 0.00417045 0.68407 0.0356919 0.0236584 0.0244323 0.0135859 0.0283901 0.0506836 0.0348225 0.01452 0.042685 0.0183016 0.00997825 0.00920831 0.01398 0.00995156 0.0184015 0.0103457 0.0130947 0.00995974 0.0101654 0.0162938 0.00852612 0.0101679 0.00924168 0.0105409 0.00844692 0.00903497 0.00902094 0.00969191 0.00944773 0.00986123 0.010337 0.00890553 0.00879971 0.00908872 0.00865598 0.0101899 0.00885569 0.0104412 0.0087514 0.0104976 0.00974637 0.0090729 0.00909381 0.00989492 0.00929123 0.00863226 0.00859259 0.00886902 0.00847347 0.00872973 0.00884277 0.00840863 0.008697 0.0083776 0.00866461 0.00835942 0.00870939 0.00850485 0.00918914 0.0103166 
0.0147935 0.0776475 0.0232539 0.175133 0.016193 0.0143302 0.0111776 0.0686756 0.0289557 0.0540197 0.112349 0.0281425 0.0184316 0.0579285 0.0249525 0.00404676 0 0.00400253 0.00373183 0.0516185 0.804042 0.042422 0.0183019 0.0195428 0.0131078 0.0219396 0.0672461 0.0598038 0.0134564 0.00959735 0.011306 0.0124816 0.010101 0.0191416 0.0121054 0.0230152 0.0116355 0.0169045 0.0134336 0.00987369 0.00847972 0.00849077 0.00976625 0.00951024 0.0095688 0.00926063 0.00910476 0.0102836 0.0115784 0.00958409 0.00852081 0.00916879 0.00927264 0.00963754 0.00980975 0.00934607 0.0102902 0.00923765 0.00926946 0.00883445 0.00864501 0.00941284 0.00951109 0.0091273 0.0083957 0.008964 0.00873019 0.00870343 0.00835642 0.00868593 0.00837682 0.00818832 0.0086267 0.00846083 0.00879924 0.00847012 0.00877553 0.00863969 0.00894319 0.00915922 
0.0150291 0.0185635 0.0523536 0.0233106 0.219903 0.0147228 0.0149484 0.0153497 0.0396849 0.0287739 0.0490824 0.203088 0.0218385 0.0397233 0.0501075 0.00373304 0.00400253 0 0.00390775 0.0237514 0.0371901 0.792409 0.0475487 0.0188634 0.0209756 0.0142025 0.0332399 0.0693093 0.0305079 0.0105951 0.0102275 0.00993463 0.0125867 0.0102673 0.0221883 0.0105938 0.0165009 0.0138342 0.020491 0.0116783 0.0084272 0.00832243 0.0088145 0.00996341 0.00917492 0.0101591 0.00888831 0.0101033 0.0100362 0.00989106 0.00849774 0.00927474 0.00977763 0.0110887 0.00929664 0.0100127 0.00975574 0.0104703 0.00866296 0.00870513 0.00907462 0.009875 0.00973937 0.00894204 0.0088475 0.00901491 0.00878868 0.00828668 0.00834347 0.00848521 0.00807422 0.00836769 0.00864976 0.00864988 0.00869986 0.00865228 0.00872858 0.00878003 0.00863195 0.0087706 
0.0139207 0.0167373 0.0121497 0.0165916 0.0130224 0.120413 0.0141223 0.0130076 0.0108607 0.0170394 0.0248958 0.025692 0.0787507 0.0181835 0.113068 0.00417045 0.00373183 0.00390775 0 0.0214347 0.0313636 0.0375912 0.643464 0.0178653 0.0293421 0.028487 0.0118878 0.0262815 0.047215 0.0145253 0.00904952 0.00910879 0.00906587 0.0105738 0.00982869 0.0106421 0.00958899 0.0102156 0.01005 0.0139984 0.00862662 0.00843449 0.01163 0.00876875 0.00850784 0.00877813 0.00844646 0.00906727 0.00909378 0.00874596 0.00920345 0.00990753 0.00850851 0.00932451 0.00853947 0.0110222 0.00954459 0.00879862 0.00888906 0.00874347 0.00952985 0.00883979 0.00860431 0.00952447 0.00896569 0.00851554 0.00834917 0.00835641 0.00881451 0.00818374 0.00817743 0.00859013 0.00837421 0.00830558 0.00845755 0.00830939 0.00831167 0.00828025 0.00847099 0.00995093 
0.011743 0.00942152 0.010398 0.00894464 0.00911503 0.00988393 0.0107892 0.00955598 0.00923367 0.010565 0.00952129 0.0100051 0.0137096 0.0154073 0.0165845 0.68407 0.0516185 0.0237514 0.0214347 0 0.00497965 0.0037166 0.00392192 0.0359609 0.0222336 0.0737645 0.0124346 0.0143028 0.0233187 0.0126411 0.00924672 0.00937595 0.00930825 0.0107511 0.00965148 0.0104429 0.00897301 0.00881448 0.00975062 0.0144712 0.00882231 0.0101837 0.0110345 0.00854417 0.00828019 0.00854488 0.00830356 0.00833482 0.00848639 0.00910238 0.00949261 0.00892721 0.00839259 0.00862039 0.00838961 0.00836936 0.00882633 0.00854808 0.00885947 0.0143034 0.00886316 0.00852542 0.00851742 0.0097136 0.00858811 0.00816554 0.00824173 0.00881137 0.00849088 0.00825388 0.00861011 0.00863704 0.00806891 0.00812598 0.00808078 0.0080589 0.00815777 0.00812181 0.00835262 0.00951471 
0.0110686 0.0148495 0.0163427 0.0158917 0.01238 0.00946661 0.0101429 0.0133052 0.0170391 0.0175036 0.02701 0.0174346 0.01056 0.0147963 0.0137945 0.0356919 0.804042 0.0371901 0.0313636 0.00497965 0 0.00378847 0.00372651 0.0341961 0.0211894 0.0871862 0.0773699 0.0302751 0.0143248 0.0117024 0.0115485 0.0105034 0.014765 0.0108108 0.0170539 0.0120832 0.0131045 0.0137456 0.0124721 0.0109538 0.00851294 0.00877892 0.00879226 0.0109062 0.00884643 0.00930011 0.00883889 0.00989882 0.01048 0.00988903 0.00861532 0.00897154 0.0094427 0.00983467 0.00943114 0.00957282 0.00915153 0.00972497 0.00897605 0.00900211 0.00881382 0.00948389 0.00989487 0.00887036 0.00844791 0.0089836 0.00875534 0.00839763 0.00840494 0.00867624 0.00830887 0.00813273 0.00869441 0.00841739 0.00870336 0.00843222 0.00877167 0.00853959 0.00855942 0.00845695 
0.00986642 0.0160024 0.0164775 0.0194941 0.0204228 0.0103762 0.00923922 0.0156337 0.0153629 0.0204715 0.034434 0.0350257 0.0105335 0.0125938 0.0130297 0.0236584 0.042422 0.792409 0.0375912 0.0037166 0.00378847 0 0.0037645 0.0212041 0.0261066 0.0217497 0.121735 0.110043 0.0211848 0.0098802 0.0115173 0.0128204 0.0109076 0.0149328 0.0117673 0.0153412 0.0139237 0.0162028 0.0251992 0.0110217 0.00851562 0.00832591 0.00922397 0.00932835 0.00982244 0.00955275 0.00919403 0.0103719 0.011401 0.0108431 0.00847552 0.00928716 0.0102435 0.0118347 0.0104005 0.010188 0.0105359 0.0105125 0.00918741 0.00872212 0.00888456 0.00971951 0.00980743 0.00884846 0.00856567 0.00890901 0.00888531 0.0082949 0.00827764 0.00832943 0.00812792 0.00826923 0.00847642 0.00863308 0.00862941 0.00861899 0.00876373 0.008604 0.00833571 0.00821395 
0.01327 0.0101538 0.0126909 0.010491 0.0134207 0.0156171 0.0164309 0.00942179 0.0110257 0.0121751 0.0146711 0.0181581 0.0213831 0.0171137 0.0158259 0.0244323 0.0183019 0.0475487 0.643464 0.00392192 0.00372651 0.0037645 0 0.0257117 0.0377036 0.0253099 0.0209021 0.0823517 0.131274 0.0205493 0.00940399 0.00966678 0.0114727 0.00974163 0.0132856 0.00973442 0.0115317 0.0102828 0.013428 0.0262264 0.00890271 0.00898535 0.00971899 0.00961047 0.00864976 0.00968357 0.00858505 0.0097853 0.00909169 0.00973017 0.00905629 0.0105836 0.00910641 0.00990706 0.00863594 0.0112722 0.00890988 0.00965197 0.00878358 0.0096369 0.011022 0.0090124 0.00925271 0.00996769 0.00915509 0.00858772 0.00848926 0.00838085 0.0088204 0.00821823 0.00823956 0.0084653 0.00833858 0.00825655 0.0083701 0.00827682 0.00831354 0.00829677 0.00866774 0.00914205 
0.00858786 0.00922262 0.00863417 0.00887178 0.00894953 0.00983619 0.00836438 0.00991309 0.00843845 0.00889782 0.0095918 0.00991819 0.0126022 0.0102693 0.0222282 0.0135859 0.0195428 0.0188634 0.0178653 0.0359609 0.0341961 0.0212041 0.0257117 0 0.00441972 0.0182292 0.0168329 0.123927 0.0324964 0.00976231 0.0113547 0.0101708 0.00878813 0.0129629 0.00902922 0.012263 0.00894688 0.00951107 0.0111786 0.0155127 0.00928585 0.0112483 0.0135682 0.00834195 0.00859268 0.00822881 0.00837943 0.00840467 0.00863833 0.00960955 0.00943944 0.00950007 0.00857011 0.00854708 0.00885512 0.00832994 0.0095923 0.00840981 0.0101404 0.00925259 0.00854187 0.00868342 0.00903155 0.00965012 0.00931236 0.00827104 0.00831714 0.00876289 0.00866554 0.00812723 0.00862115 0.00878073 0.00804573 0.00845216 0.00805112 0.00822317 0.00813467 0.00813426 0.00836698 0.00994358 
0.0117357 0.00855434 0.00929353 0.00869415 0.0101603 0.00919939 0.014138 0.00850486 0.00916501 0.00898121 0.00917833 0.0114361 0.00995318 0.0230862 0.0123617 0.0283901 0.0131078 0.0209756 0.0293421 0.0222336 0.0211894 0.0261066 0.0377036 0.00441972 0 0.0187073 0.019641 0.0194598 0.0806653 0.0301708 0.00952123 0.00888625 0.0111328 0.00894832 0.0132955 0.00915464 0.0100638 0.00928201 0.0116943 0.0146155 0.0100398 0.00956789 0.00964592 0.0108508 0.00836224 0.00900703 0.00851856 0.0091438 0.00855347 0.00911113 0.00923217 0.0102609 0.00895898 0.00898118 0.00827267 0.0100241 0.0085127 0.00950234 0.00855783 0.0105068 0.0102646 0.00873319 0.00888314 0.00939561 0.00895559 0.00837467 0.00844183 0.00849979 0.0088611 0.00831818 0.00832599 0.00855656 0.0082926 0.00812066 0.00834169 0.00812111 0.00823618 0.00829007 0.00844402 0.00918295 
0.00951814 0.00921301 0.00912234 0.00940202 0.00865408 0.00951433 0.00883067 0.00938866 0.00901948 0.00942381 0.00970417 0.00923119 0.0138803 0.0106264 0.015108 0.0506836 0.0219396 0.0142025 0.028487 0.0737645 0.0871862 0.0217497 0.0253099 0.0182292 0.0187073 0 0.00406677 0.00376029 0.00395352 0.059786 0.0179172 0.0148599 0.0112554 0.021652 0.011449 0.0223077 0.0114579 0.0119325 0.0132582 0.0270325 0.0108884 0.0141466 0.0160778 0.0109394 0.00931761 0.00894268 0.00896173 0.00930251 0.00982785 0.0109675 0.013482 0.0111817 0.00931054 0.00913858 0.00965405 0.00910222 0.0101279 0.00930845 0.0125336 0.0133641 0.0102513 0.00921948 0.0094718 0.0126795 0.00897808 0.00860154 0.00864653 0.00956756 0.00877548 0.00850598 0.00910093 0.00875539 0.00825008 0.00845961 0.0082596 0.00832326 0.00843576 0.00836718 0.00886965 0.00999685 
0.0101115 0.00941472 0.0129827 0.0100594 0.0118642 0.00832071 0.00977735 0.00962337 0.0148968 0.0111973 0.0143015 0.0121226 0.00913092 0.0104014 0.00973781 0.0348225 0.0672461 0.0332399 0.0118878 0.0124346 0.0773699 0.121735 0.0209021 0.0168329 0.019641 0.00406677 0 0.00432761 0.00373327 0.0451384 0.0344333 0.0152795 0.0377235 0.00997264 0.0372766 0.0107459 0.0252065 0.0183335 0.0197786 0.0130713 0.00968604 0.0098374 0.00886715 0.0227951 0.00913188 0.0131867 0.00943965 0.0157664 0.0135766 0.0130781 0.00998164 0.00933084 0.0137591 0.012349 0.00982398 0.018164 0.00952459 0.0192052 0.00904565 0.0116294 0.00950074 0.0121024 0.0109073 0.00986513 0.00889327 0.00940498 0.00913229 0.00858554 0.00821323 0.00884647 0.00835141 0.00803514 0.00880326 0.00843194 0.00901264 0.00854248 0.00876462 0.0086989 0.00863142 0.00854003 
0.00922712 0.0112753 0.0102654 0.013426 0.010145 0.00936577 0.00885974 0.0130478 0.0106833 0.0124198 0.0216193 0.013566 0.00941415 0.00938557 0.0119131 0.01452 0.0598038 0.0693093 0.0262815 0.0143028 0.0302751 0.110043 0.0823517 0.123927 0.0194598 0.00376029 0.00432761 0 0.00375476 0.0132581 0.0312658 0.0277244 0.010823 0.049166 0.0115077 0.030542 0.0132406 0.026379 0.0405832 0.0175282 0.00985875 0.00892112 0.013062 0.010094 0.0152038 0.0108007 0.0131942 0.0113329 0.0194987 0.0155616 0.00876762 0.0122774 0.0120611 0.0133611 0.0163931 0.00975391 0.0200594 0.0106516 0.0158544 0.00872963 0.0104212 0.0129249 0.0123336 0.00927165 0.00923425 0.00986106 0.00907149 0.0083461 0.00907355 0.00831866 0.00815291 0.00874357 0.00869321 0.00918513 0.00889461 0.00902419 0.00924449 0.00901892 0.00849954 0.00875631 
0.0116948 0.0099579 0.0110483 0.00948289 0.00986919 0.0106944 0.0123846 0.00944641 0.00967617 0.0107984 0.0109146 0.0114378 0.0105112 0.0128838 0.0111309 0.042685 0.0134564 0.0305079 0.047215 0.0233187 0.0143248 0.0211848 0.131274 0.0324964 0.0806653 0.00395352 0.00373327 0.00375476 0 0.028918 0.0123003 0.0166645 0.0226968 0.0117833 0.0215587 0.0118877 0.016555 0.0129426 0.0330668 0.0655741 0.0120776 0.00994907 0.0128931 0.0124283 0.00902661 0.0109593 0.00904604 0.0101755 0.0102095 0.0113091 0.0113028 0.0145634 0.00992129 0.0114547 0.00912763 0.010708 0.00937375 0.0106406 0.00968542 0.0123972 0.0158621 0.0111883 0.0107051 0.011855 0.011183 0.00931524 0.00904211 0.00874388 0.0097236 0.00834363 0.00852619 0.00965477 0.00854675 0.00854306 0.00858289 0.00863887 0.00849751 0.00847969 0.00905315 0.00948611 
0.00910111 0.00811051 0.00873138 0.00832896 0.00850692 0.00839133 0.00994213 0.00816724 0.00925082 0.00850132 0.0087537 0.0087473 0.00967787 0.0106622 0.00934144 0.0183016 0.00959735 0.0105951 0.0145253 0.0126411 0.0117024 0.0098802 0.0205493 0.00976231 0.0301708 0.059786 0.0451384 0.0132581 0.028918 0 0.00581924 0.00373608 0.0044482 0.00377299 0.0056022 0.00409865 0.0053497 0.00466114 0.00635629 0.0206281 0.0140108 0.0269014 0.00942683 0.0184505 0.00858547 0.0107268 0.00908952 0.0113166 0.00933881 0.0121101 0.0325349 0.00925297 0.0104988 0.00980488 0.00858699 0.0135581 0.0084857 0.0138106 0.00961399 0.0488885 0.0101632 0.00926961 0.00943799 0.015368 0.00935402 0.00842655 0.00887383 0.00969447 0.00824848 0.00947432 0.00918031 0.00830588 0.0095896 0.00808953 0.00891761 0.00809457 0.00855488 0.00839832 0.00922499 0.00955962 
0.00818803 0.00831715 0.00857121 0.00846982 0.00843866 0.00808176 0.0080221 0.00847019 0.00851134 0.0084794 0.00867782 0.00873307 0.00845375 0.00829964 0.00842846 0.00997825 0.011306 0.0102275 0.00904952 0.00924672 0.0115485 0.0115173 0.00940399 0.0113547 0.00952123 0.0179172 0.0344333 0.0312658 0.0123003 0.00581924 0 0.00379187 0.00369483 0.00384202 0.00371515 0.00427495 0.00447863 0.00415612 0.00882809 0.00578756 0.0105068 0.00971323 0.0107057 0.00957682 0.00964696 0.00961772 0.00984194 0.0101236 0.0106502 0.0138345 0.00908396 0.00910057 0.0095438 0.00988328 0.00996493 0.00876834 0.010188 0.00967247 0.0122826 0.0090673 0.00865021 0.00984884 0.00995219 0.00910203 0.00830581 0.00865464 0.00875927 0.00849455 0.00828685 0.00841265 0.00831431 0.00816 0.00829753 0.00822884 0.00846257 0.00820247 0.00849865 0.00843817 0.00840878 0.00842547 
0.00827347 0.00866981 0.00853046 0.00906921 0.0085257 0.00816255 0.00812521 0.00905055 0.00862979 0.00893502 0.00977732 0.00858486 0.0083004 0.00816974 0.00837556 0.00920831 0.0124816 0.00993463 0.00910879 0.00937595 0.0105034 0.0128204 0.00966678 0.0101708 0.00888625 0.0148599 0.0152795 0.0277244 0.0166645 0.00373608 0.00379187 0 0.00370397 0.00377084 0.00374929 0.00390976 0.00377628 0.00460504 0.00414442 0.00473282 0.00960056 0.00869516 0.0143413 0.00902698 0.0157019 0.0090884 0.0157277 0.00934762 0.025147 0.00999735 0.00917978 0.0106229 0.00923605 0.0114983 0.0142574 0.00913253 0.0218897 0.0092851 0.0256756 0.00854807 0.00902514 0.00971113 0.0101089 0.00859789 0.00842052 0.00881134 0.00875789 0.00836044 0.0086678 0.00812066 0.00813913 0.00868737 0.00817038 0.00921893 0.00834989 0.0089108 0.00852472 0.00861395 0.00827794 0.00846062 
0.00898988 0.00826441 0.0103001 0.00871062 0.00887281 0.00816157 0.00948438 0.00823791 0.0117204 0.00882459 0.00915824 0.0090435 0.00824865 0.00920893 0.00813738 0.01398 0.010101 0.0125867 0.00906587 0.00930825 0.014765 0.0109076 0.0114727 0.00878813 0.0111328 0.0112554 0.0377235 0.010823 0.0226968 0.0044482 0.00369483 0.00370397 0 0.00371803 0.00383951 0.00370046 0.00442041 0.00381712 0.00391298 0.00434523 0.00892165 0.00949008 0.008589 0.0483784 0.00858623 0.0372849 0.0088269 0.0445035 0.00990748 0.0147175 0.0108672 0.00886767 0.0129709 0.0147358 0.00898829 0.0498506 0.00859665 0.136825 0.0086502 0.0147686 0.00915932 0.0112736 0.00954086 0.00913917 0.00883218 0.00881142 0.00897316 0.00841721 0.0080775 0.00911794 0.00808081 0.00799734 0.0100424 0.0081639 0.0106024 0.00836724 0.00944463 0.00855006 0.00850037 0.00839286 
0.00838623 0.0107274 0.00859444 0.0109691 0.00851037 0.00893139 0.00814272 0.0119213 0.00870944 0.00995811 0.011478 0.00870884 0.00877897 0.00844081 0.00914654 0.00995156 0.0191416 0.0102673 0.0105738 0.0107511 0.0108108 0.0149328 0.00974163 0.0129629 0.00894832 0.021652 0.00997264 0.049166 0.0117833 0.00377299 0.00384202 0.00377084 0.00371803 0 0.00366139 0.0039987 0.00365623 0.0037904 0.00377633 0.00390067 0.010108 0.00877833 0.0281222 0.0087633 0.0863764 0.00901298 0.0560824 0.00940065 0.0424852 0.0117306 0.00956759 0.0139358 0.00971858 0.0115348 0.0565107 0.00863456 0.190469 0.00892289 0.0322196 0.00851007 0.0102693 0.0110747 0.0108937 0.00943188 0.00932285 0.00936405 0.00897842 0.00859701 0.00988738 0.00828348 0.00899168 0.00994066 0.00824376 0.0118621 0.00850656 0.0103909 0.00906016 0.00900269 0.00842326 0.00927187 
0.00970857 0.00870709 0.012051 0.00939493 0.0103488 0.0083028 0.0106853 0.00853562 0.0142661 0.00992426 0.0108481 0.00981184 0.00855778 0.0105424 0.00863741 0.0184015 0.0121054 0.0221883 0.00982869 0.00965148 0.0170539 0.0117673 0.0132856 0.00902922 0.0132955 0.011449 0.0372766 0.0115077 0.0215587 0.0056022 0.00371515 0.00374929 0.00383951 0.00366139 0 0.00369888 0.00377566 0.00373027 0.00369656 0.00383474 0.0104475 0.0106079 0.00872718 0.0747413 0.00892243 0.0739159 0.00939019 0.0790401 0.0113477 0.0158674 0.0138605 0.00971848 0.0189461 0.0273509 0.0093822 0.283522 0.00909735 0.112449 0.00881312 0.0227205 0.0103217 0.0137149 0.0123576 0.0099719 0.00983912 0.00987037 0.00986631 0.00872494 0.00825125 0.00992351 0.00824173 0.00811232 0.0119964 0.00854252 0.0138524 0.00877904 0.0108993 0.00913431 0.00882028 0.00832573 
0.00841757 0.00996842 0.00902528 0.0100313 0.00872146 0.00839098 0.00816848 0.012257 0.0088139 0.0105371 0.012097 0.00897282 0.00902438 0.00837895 0.00927017 0.0103457 0.0230152 0.0105938 0.0106421 0.0104429 0.0120832 0.0153412 0.00973442 0.012263 0.00915464 0.0223077 0.0107459 0.030542 0.0118877 0.00409865 0.00427495 0.00390976 0.00370046 0.0039987 0.00369888 0 0.00369569 0.00373939 0.00404432 0.00381693 0.0100633 0.00916114 0.0403718 0.00902408 0.107971 0.00913675 0.0582727 0.00969451 0.0555861 0.0125262 0.00991173 0.0149175 0.0104702 0.0113113 0.206797 0.00886499 0.0854801 0.0089889 0.0312959 0.00868033 0.0105775 0.0130037 0.0123627 0.00972912 0.00948045 0.00984196 0.00928099 0.00881103 0.0099617 0.0082742 0.00895385 0.0101126 0.0082719 0.0120631 0.00877459 0.0109425 0.00924501 0.00916155 0.00856859 0.00940486 
0.00905684 0.00855154 0.0101831 0.00889981 0.00954583 0.00823825 0.00913615 0.00849626 0.0108173 0.00964485 0.00999874 0.00930636 0.00843873 0.00877106 0.00834436 0.0130947 0.0116355 0.0165009 0.00958899 0.00897301 0.0131045 0.0139237 0.0115317 0.00894688 0.0100638 0.0114579 0.0252065 0.0132406 0.016555 0.0053497 0.00447863 0.00377628 0.00442041 0.00365623 0.00377566 0.00369569 0 0.00369583 0.00370391 0.00378524 0.0095773 0.010044 0.00888746 0.0573972 0.00931685 0.0367533 0.00941766 0.0393252 0.0117168 0.0142224 0.0108765 0.0100138 0.014555 0.132962 0.0100778 0.0661344 0.00923712 0.0579566 0.00904612 0.0131543 0.00969527 0.0121221 0.0114166 0.0095819 0.00906089 0.00930278 0.00950448 0.00859974 0.00822724 0.00885991 0.0081794 0.00807053 0.0105962 0.00839047 0.0115888 0.00862212 0.00965523 0.00879439 0.00871122 0.00830543 
0.00839719 0.00899401 0.00903491 0.00898521 0.0085587 0.00827338 0.00824044 0.00914061 0.00902005 0.00989067 0.0103946 0.00886852 0.0084632 0.00830829 0.00848614 0.00995974 0.0169045 0.0138342 0.0102156 0.00881448 0.0137456 0.0162028 0.0102828 0.00951107 0.00928201 0.0119325 0.0183335 0.026379 0.0129426 0.00466114 0.00415612 0.00460504 0.00381712 0.0037904 0.00373027 0.00373939 0.00369583 0 0.00369705 0.00372224 0.00961575 0.00917697 0.0156558 0.0100485 0.0304128 0.010373 0.0267549 0.0105152 0.0306425 0.0114528 0.00924323 0.00988826 0.0822983 0.0139415 0.0350262 0.0101106 0.0337969 0.0118711 0.0138579 0.00897136 0.0092447 0.0126298 0.0124134 0.00984483 0.00872117 0.00926203 0.0093316 0.00854042 0.00863244 0.00836479 0.00819536 0.00847985 0.00828077 0.00950543 0.00887543 0.00958943 0.00898529 0.00867959 0.00854085 0.00838671 
0.00850609 0.00881717 0.00885023 0.00879649 0.00884448 0.00824535 0.00824091 0.00868108 0.0091832 0.00877176 0.00946417 0.00903679 0.00832438 0.00866992 0.00864119 0.0101654 0.0134336 0.020491 0.01005 0.00975062 0.0124721 0.0251992 0.013428 0.0111786 0.0116943 0.0132582 0.0197786 0.0405832 0.0330668 0.00635629 0.00882809 0.00414442 0.00391298 0.00377633 0.00369656 0.00404432 0.00370391 0.00369705 0 0.00372276 0.0122427 0.0236827 0.0115492 0.0173358 0.00990078 0.0155704 0.0102016 0.0134866 0.0117355 0.0161107 0.00910866 0.0657352 0.0148649 0.0171869 0.0104162 0.0143722 0.0114039 0.0129046 0.0132178 0.00928698 0.0106735 0.0129123 0.016357 0.00966153 0.00931183 0.00979533 0.00985731 0.00847318 0.00867822 0.00861685 0.00808959 0.00849121 0.00897709 0.0087106 0.00899655 0.00867319 0.00888915 0.00907654 0.0084783 0.00825298 
0.00910605 0.00830557 0.00845716 0.00854255 0.00820817 0.00854525 0.00931342 0.0083442 0.0085205 0.00843341 0.00868137 0.0085124 0.00885674 0.0090978 0.00877142 0.0162938 0.00987369 0.0116783 0.0139984 0.0144712 0.0109538 0.0110217 0.0262264 0.0155127 0.0146155 0.0270325 0.0130713 0.0175282 0.0655741 0.0206281 0.00578756 0.00473282 0.00434523 0.00390067 0.00383474 0.00381693 0.00378524 0.00372224 0.00372276 0 0.0410541 0.0172937 0.0238396 0.0118479 0.0105591 0.010513 0.0100016 0.0110618 0.0103735 0.0113379 0.0126277 0.0169987 0.0126134 0.00996591 0.00981087 0.00982592 0.0101486 0.0101491 0.00992624 0.0138837 0.0175718 0.0113268 0.0114116 0.0139578 0.012205 0.00895658 0.0087081 0.00911999 0.0101282 0.00838393 0.00850652 0.00940776 0.00845431 0.00833755 0.00839084 0.00826801 0.00849401 0.00837746 0.00883284 0.00933746 
0.00810073 0.00803192 0.0080622 0.00807759 0.00799493 0.00805735 0.00802622 0.00803854 0.00810599 0.00806753 0.00812961 0.00798299 0.0082702 0.00809048 0.0087241 0.00852612 0.00847972 0.0084272 0.00862662 0.00882231 0.00851294 0.00851562 0.00890271 0.00928585 0.0100398 0.0108884 0.00968604 0.00985875 0.0120776 0.0140108 0.0105068 0.00960056 0.00892165 0.010108 0.0104475 0.0100633 0.0095773 0.00961575 0.0122427 0.0410541 0 0.00927557 0.0130563 0.0120268 0.00910018 0.00865196 0.00901279 0.00883034 0.0093914 0.0132113 0.0116245 0.00993366 0.00945136 0.00886373 0.00973784 0.00867654 0.00970567 0.00898356 0.0107208 0.0117997 0.00957803 0.0089027 0.00904254 0.0111036 0.0084755 0.00826551 0.00831996 0.00890608 0.00931346 0.00867745 0.00876509 0.00908137 0.00825351 0.00845652 0.00807202 0.00839669 0.00812014 0.00811157 0.00830397 0.0101827 
0.00852538 0.00808585 0.0080617 0.00802098 0.0080742 0.00803647 0.00873949 0.00807564 0.00803886 0.00799427 0.00800483 0.00821844 0.00815857 0.00853935 0.00821912 0.0101679 0.00849077 0.00832243 0.00843449 0.0101837 0.00877892 0.00832591 0.00898535 0.0112483 0.00956789 0.0141466 0.0098374 0.00892112 0.00994907 0.0269014 0.00971323 0.00869516 0.00949008 0.00877833 0.0106079 0.00916114 0.010044 0.00917697 0.0236827 0.0172937 0.00927557 0 0.0178462 0.0143074 0.00884959 0.0100083 0.00910418 0.00989329 0.00900999 0.0105618 0.0118625 0.0121477 0.00950653 0.00867729 0.00848606 0.00898129 0.0086896 0.00940454 0.0089908 0.0119286 0.0137586 0.00948487 0.00909067 0.00952178 0.011155 0.00853674 0.00823505 0.00823159 0.00995696 0.00840242 0.00837842 0.00956839 0.00874281 0.00807639 0.00822501 0.00804987 0.00814125 0.00816648 0.00838684 0.00928056 
0.00888886 0.00851008 0.00822322 0.00877626 0.00809336 0.00846959 0.00804385 0.00924762 0.00816934 0.00855484 0.0087164 0.0081261 0.00967257 0.0083557 0.0104843 0.00924168 0.00976625 0.0088145 0.01163 0.0110345 0.00879226 0.00922397 0.00971899 0.0135682 0.00964592 0.0160778 0.00886715 0.013062 0.0128931 0.00942683 0.0107057 0.0143413 0.008589 0.0281222 0.00872718 0.0403718 0.00888746 0.0156558 0.0115492 0.0238396 0.0130563 0.0178462 0 0.00381296 0.00392181 0.00367691 0.00418171 0.0038057 0.00471897 0.00485674 0.00887779 0.012963 0.00688989 0.00752552 0.0140111 0.00757855 0.032506 0.00832868 0.178116 0.0266284 0.0222582 0.0118752 0.0136087 0.021619 0.012342 0.00969433 0.0102858 0.013914 0.0146191 0.00867477 0.0143562 0.0139683 0.00814678 0.011745 0.00822075 0.0104617 0.00884327 0.00957035 0.0102398 0.013918 
0.00866627 0.00844786 0.00894271 0.00869678 0.00872098 0.00817834 0.00894099 0.0083741 0.00950216 0.00886898 0.00909653 0.00875961 0.00824977 0.00932907 0.00820195 0.0105409 0.00951024 0.00996341 0.00876875 0.00854417 0.0109062 0.00932835 0.00961047 0.00834195 0.0108508 0.0109394 0.0227951 0.010094 0.0124283 0.0184505 0.00957682 0.00902698 0.0483784 0.0087633 0.0747413 0.00902408 0.0573972 0.0100485 0.0173358 0.0118479 0.0120268 0.0143074 0.00381296 0 0.00368193 0.00371291 0.0036957 0.00397402 0.0037793 0.00483153 0.00512712 0.00641457 0.00883354 0.0102013 0.00746461 0.0293062 0.00808644 0.218719 0.0108424 0.0524288 0.0137492 0.024731 0.0160856 0.0129806 0.0112942 0.0122895 0.0121094 0.00982696 0.00835645 0.0141842 0.0087276 0.00822246 0.0178939 0.00843568 0.0177415 0.00879172 0.0147328 0.010187 0.00993283 0.00831651 
0.00822915 0.00834226 0.00835479 0.00840302 0.00822252 0.00812091 0.00807745 0.00869343 0.00844891 0.00846892 0.0088804 0.00848117 0.00826562 0.00809966 0.00819069 0.00844692 0.0095688 0.00917492 0.00850784 0.00828019 0.00884643 0.00982244 0.00864976 0.00859268 0.00836224 0.00931761 0.00913188 0.0152038 0.00902661 0.00858547 0.00964696 0.0157019 0.00858623 0.0863764 0.00892243 0.107971 0.00931685 0.0304128 0.00990078 0.0105591 0.00910018 0.00884959 0.00392181 0.00368193 0 0.00362569 0.00375843 0.00370501 0.00374844 0.00376845 0.00385927 0.00986698 0.00672529 0.00671917 0.0122398 0.00729639 0.164486 0.0111237 0.0739272 0.00832995 0.01091 0.011763 0.0123582 0.00994462 0.00916215 0.0111603 0.0103077 0.00897412 0.00982811 0.00831962 0.00869682 0.00938398 0.00829984 0.0183773 0.00868709 0.0187719 0.0101143 0.0102902 0.00863463 0.00866518 
