1BJNA
QIFNFSSGPAMLPAEVLKQAQQELRDWNGLGTSVMEVSHRGKEFIQVAEEAEKDFRDLLNVPSNYKVLFCHGGGRGQFAAVPLNILGDKTTADYVDAGYWAASAIKEAKKYCTPNVFDAKVTVDGLRAVKPMREWQLSDNAAYMHYCPNETIDGIAIDETPDFGADVVVAADFSSTILSRPIDVSRYGVIYAGAQXNIGPAGLTIVIVREDLLGKANIACPSILDYSILNDNGSMFNTPPTFAWYLSGLVFKWLKANGGVAEMDKINQQKAELLYGVIDNSDFYRNDVAKRNRSRMNVPFQLADSALDKLFLEESFAAGLHALKGHRVVGGMRASIYNAMPLEGVKALTDFMVEFERRHG
CCEECCCCCCCCCHHHHHHHHHCCCCHHHCCCCHHHCCCCCHHHHHHHHHHHHHHHHHHCCCCCEEEEEECCHHHHHHHHHHHHHCCCCCEEEEEECCHHHHHHHHHHCCCCEEEEEECEEEECCEEEECCHHHCCCCCCCCCEEECCEECCCCEECCCCCCCCCCCCEEEECCCCCCCCCCCHHHCCEEEEECCCCCCCCCCEEEEEEHHHCCCCCCCCCHHHCHHHHHHCCCCCCCCCHHHHHHHHHHHHHHHHCCHHHHHHHHHHHHHHHHHHHHHHCCCEECCECHHHECCCEEEEEECCHHHHHHHHHHHHHCCEECCECCCCCCCEEEECCCCCCHHHHHHHHHHHHHHHHHHC
0 0 0 0 0 0 0 0 0 0 0 0 0 0 0 0 0 0 0 0 0 0 0 0 0 0 0 0 0 0 0 0 0 0 0 0 0 0 0 0 0 0 0 0 0 0 0 0 0 0 0 0 0 0 0 0 0 0 0 0 0 0 0 0 0 0 0 0 0 0 0 0 0 0 0 0 0 0 0 0 0 0 0 0 0 0 0 0 0 0 0 0 0 0 0 0 0 0 0 0 0 0 0 0 0 0 0 0 0 0 0 0 0 0 0 0 0 0 0 0 0 0 0 0 0 0 0 0 0 0 0 0 0 0 0 0 0 0 0 0 0 0 0 0 0 0 0 0 0 0 0 0 0 0 0 0 0 0 0 0 0 0 0 0 0 0 0 0 0 0 0 0 0 0 0 0 0 0 0 0 0 0 0 0 0 0 0 0 0 0 0 0 0 0 0 0 0 0 0 0 0 0 0 0 0 0 0 0 0 0 0 0 0 0 0 0 0 0 0 0 0 0 0 0 0 0 0 0 0 0 0 0 0 0 0 0 0 0 0 0 0 0 0 0 0 0 0 0 0 0 0 0 0 0 0 0 0 0 0 0 0 0 0 0 0 0 0 0 0 0 0 0 0 0 0 0 0 0 0 0 0 0 0 0 0 0 0 0 0 0 0 0 0 0 0 0 0 0 0 0 0 0 0 0 0 0 0 0 0 0 0 0 0 0 0 0 0 0 0 0 0 0 0 0 0 0 0 0 0 0 0 0 0 0 0 0 0 0 0 0 0 0 0 0 0 0 0 0 0 0 0 0 0 0 0 0 0 0 0 0 
0 0 0 0 0 0 0 0 0 0 0 0 0 0 0 0 0 0 0 0 0 0 0 0 0 0 0 0 0 0 0 0 0 0 0 0 0 0 0 0 0 0 0 0 0 0 0 0 0 0 0 0 0 0 0 0 0 0 0 0 0 0 0 0 0 0 0 0 0 0 0 0 0 0 0 0 0 0 0 0 0 0 0 0 0 0 0 0 0 0 0 0 0 0 0 0 0 0 0 0 0 0 0 0 0 0 0 0 0 0 0 0 0 0 0 0 0 0 0 0 0 0 0 0 0 0 0 0 0 0 0 0 0 0 0 0 0 0 0 0 0 0 0 0 0 0 0 0 0 0 0 0 0 0 0 0 0 0 0 0 0 0 0 0 0 0 0 0 0 0 0 0 0 0 0 0 0 0 0 0 0 0 0 0 0 0 0 0 0 0 0 0 0 0 0 0 0 0 0 0 0 0 0 0 0 0 0 0 0 0 0 0 0 0 0 0 0 0 0 0 0 0 0 0 0 0 0 0 0 0 0 0 0 0 0 0 0 0 0 0 0 0 0 0 0 0 0 0 0 0 0 0 0 0 0 0 0 0 0 0 0 0 0 0 0 0 0 0 0 0 0 0 0 0 0 0 0 0 0 0 0 0 0 0 0 0 0 0 0 0 0 0 0 0 0 0 0 0 0 0 0 0 0 0 0 0 0 0 0 0 0 0 0 0 0 0 0 0 0 0 0 0 0 0 0 0 0 0 0 0 0 0 0 0 0 0 0 0 0 0 0 0 0 0 0 0 0 0 0 0 0 0 0 0 0 0 0 0 0 0 
0 0.00510105 0.0221288 0.0107115 0.0107907 0.0109505 0.0145806 0.0130737 0.00970546 0.00864331 0.00856268 0.00871282 0.00925193 0.00956453 0.00823384 0.00821321 0.00819077 0.00815762 0.00817234 0.00835135 0.00866741 0.00845369 0.00830424 0.0085087 0.00844187 0.00820738 0.00817839 0.00856343 0.00839506 0.00831862 0.00849909 0.00814282 0.00827472 0.00840744 0.00878489 0.00884361 0.00842903 0.00828439 0.00822736 0.00844305 0.00831425 0.00835842 0.00833367 0.00818197 0.00849272 0.00852023 0.00844462 0.00866402 0.00823763 0.00818416 0.00855854 0.00849047 0.00932969 0.00845888 0.00842189 0.00849471 0.00835666 0.00848742 0.00834572 0.00896783 0.00870633 0.00889312 0.00932093 0.00866856 0.00862037 0.00870158 0.00924706 
0.00510105 0 0.0127322 0.0108707 0.0116061 0.015832 0.028215 0.0436142 0.01102 0.00873107 0.00961604 0.00906493 0.00946103 0.0100547 0.0088907 0.00813984 0.00824602 0.00829011 0.00813616 0.00886686 0.00919061 0.00815332 0.00825742 0.00819809 0.00910184 0.00839493 0.00822192 0.00824503 0.00885251 0.00861401 0.00847173 0.00894873 0.00827365 0.00951773 0.00869594 0.00944184 0.00854723 0.00833937 0.00845077 0.00882077 0.0085333 0.00843346 0.00829438 0.0082233 0.00898852 0.00870623 0.00859448 0.00867112 0.00832569 0.00809982 0.00860566 0.00852906 0.00877887 0.00845914 0.00843987 0.00848598 0.00832262 0.00838992 0.00844932 0.00857022 0.00888866 0.00885905 0.00970261 0.0089261 0.00868647 0.0087285 0.00908138 
0.0221288 0.0127322 0 0.00443707 0.00376833 0.00374516 0.00378431 0.00572287 0.0719768 0.014026 0.00962872 0.0106457 0.0117677 0.0234657 0.00937604 0.0129444 0.00871697 0.00932092 0.0111515 0.0112662 0.00953328 0.0120956 0.00942304 0.021916 0.0105823 0.00874502 0.0103906 0.0216101 0.00973132 0.00865589 0.0121423 0.00845251 0.0102312 0.00910474 0.0104385 0.0104494 0.00917994 0.00916807 0.00950921 0.00872459 0.00842067 0.00834631 0.00855703 0.00915981 0.00848504 0.00972516 0.00854313 0.00853268 0.00887114 0.00949444 0.00827506 0.00833662 0.00934678 0.0082756 0.00823775 0.00833874 0.00816373 0.00848236 0.00819627 0.00973746 0.00826849 0.00861882 0.00863569 0.00849644 0.00830879 0.00845297 0.00886656 
0.0107115 0.0108707 0.00443707 0 0.0037651 0.00369953 0.00395113 0.00373322 0.0315097 0.0492711 0.0177616 0.0141371 0.0191296 0.0107947 0.0121528 0.00862527 0.0124075 0.0109382 0.00960764 0.0102701 0.0109037 0.00887821 0.0124316 0.00906282 0.0087489 0.0110102 0.0112609 0.00922087 0.0091145 0.0110315 0.00897346 0.00865632 0.00838049 0.00887315 0.00881326 0.00901138 0.0101268 0.00937781 0.00876504 0.00843788 0.00886761 0.0092564 0.00909928 0.00844208 0.00919027 0.0088439 0.00972607 0.00934889 0.00888345 0.00837899 0.00827725 0.00825166 0.00819324 0.00798305 0.0081953 0.00829636 0.00829169 0.00838454 0.00832803 0.00824425 0.00821925 0.00836169 0.00881059 0.00834673 0.00843743 0.00844781 0.00846294 
0.0107907 0.0116061 0.00376833 0.0037651 0 0.00374745 0.00373547 0.00371552 0.0379913 0.0497672 0.0636401 0.0584456 0.0222825 0.0111099 0.00897924 0.0200129 0.0114491 0.0210784 0.0156695 0.00946175 0.00927412 0.0212418 0.00904349 0.00912158 0.0100908 0.0107577 0.0111259 0.00999323 0.0183526 0.0104955 0.0108355 0.00868103 0.00879109 0.00927993 0.00862114 0.011176 0.0167501 0.0150518 0.00896769 0.00967394 0.0111574 0.0121737 0.0110639 0.00864511 0.0087079 0.0131592 0.0130188 0.0146277 0.00948081 0.00851995 0.00824487 0.00818876 0.00833672 0.00804623 0.00838593 0.00860895 0.00843262 0.00878697 0.00828824 0.00841772 0.00829497 0.00837776 0.00820071 0.00844338 0.0085149 0.00863811 0.0086323 
0.0109505 0.015832 0.00374516 0.00369953 0.00374745 0 0.00372706 0.00371067 0.0296608 0.037722 0.12837 0.152526 0.0250297 0.0137481 0.0104215 0.010214 0.036697 0.0261772 0.013154 0.0115799 0.0120222 0.0113228 0.0107806 0.00890897 0.00937519 0.0140189 0.0119914 0.0101712 0.0127684 0.0141455 0.010335 0.0090698 0.00889149 0.00935278 0.00912439 0.0109307 0.0210763 0.016059 0.0101888 0.00977625 0.0146485 0.0165057 0.0119294 0.00917224 0.00948849 0.0126735 0.0193754 0.0188866 0.00965643 0.0087053 0.00824484 0.0082342 0.00847891 0.00801876 0.00837115 0.00863513 0.00860478 0.00873074 0.00831761 0.00828343 0.0082824 0.0083721 0.00819214 0.00838893 0.00854007 0.00876491 0.00859453 
0.0145806 0.028215 0.00378431 0.00395113 0.00373547 0.00372706 0 0.00390475 0.0168291 0.0529517 0.0747825 0.0718022 0.279265 0.0412213 0.0107953 0.010885 0.0121457 0.0129745 0.0252437 0.0118293 0.00993841 0.0105617 0.0114349 0.00941533 0.00968368 0.0121773 0.0180203 0.0122349 0.0126906 0.0230571 0.0163581 0.010182 0.0105392 0.0107329 0.01109 0.0109394 0.0158177 0.0212969 0.0115495 0.0102126 0.0116835 0.0140927 0.0127102 0.00943783 0.00976966 0.0119771 0.0138101 0.0168708 0.00952031 0.00853682 0.00830998 0.00821111 0.00832602 0.00800165 0.00831424 0.00844124 0.00854597 0.00875279 0.00831522 0.00819205 0.00833159 0.00851612 0.0082265 0.00840732 0.00853282 0.00862295 0.00865578 
0.0130737 0.0436142 0.00572287 0.00373322 0.00371552 0.00371067 0.00390475 0 0.0296085 0.0179 0.0240698 0.0259648 0.0945225 0.281307 0.0116041 0.00975841 0.00938578 0.00948272 0.0118867 0.0124362 0.0112625 0.00927118 0.0089057 0.0105946 0.0139796 0.00927803 0.00996876 0.0139482 0.017697 0.01239 0.0181294 0.0119767 0.0101721 0.012687 0.0102121 0.0142618 0.0107348 0.0107673 0.0129297 0.011751 0.00945101 0.00954504 0.00989102 0.0101656 0.0102127 0.00990632 0.00973112 0.00987286 0.00895732 0.00889066 0.00824561 0.0081701 0.00842258 0.00822119 0.0083421 0.00832723 0.00824245 0.00843797 0.00804569 0.008341 0.00845337 0.00853616 0.00846132 0.00872986 0.00837945 0.00841264 0.00854104 
0.00970546 0.01102 0.0719768 0.0315097 0.0379913 0.0296608 0.0168291 0.0296085 0 0.0042169 0.00372292 0.00374346 0.00380571 0.004661 0.280665 0.00947907 0.0123667 0.00975672 0.0107155 0.0206334 0.014296 0.0108469 0.0112867 0.0169674 0.013188 0.0116488 0.0108497 0.0193162 0.0174604 0.00982423 0.0168968 0.0100993 0.0115297 0.010807 0.0134838 0.0136277 0.0103913 0.0094693 0.0118298 0.00996247 0.00887685 0.00890121 0.00887012 0.00994137 0.0101725 0.00962691 0.00933241 0.00956204 0.00921282 0.0107115 0.00832465 0.00823674 0.00896352 0.00815253 0.00830569 0.00817875 0.0080963 0.00825629 0.00819094 0.00858516 0.00813266 0.00833053 0.00875728 0.00848007 0.0082611 0.00828955 0.00867449 
0.00864331 0.00873107 0.014026 0.0492711 0.0497672 0.037722 0.0529517 0.0179 0.0042169 0 0.00370494 0.00370217 0.00379623 0.00378219 0.0111997 0.301772 0.0109178 0.0205036 0.0194842 0.00952867 0.00908109 0.0145703 0.00997913 0.0104816 0.00978422 0.0112318 0.0141995 0.011003 0.0134377 0.0154153 0.0100916 0.0092861 0.00948815 0.00987324 0.00939076 0.0114492 0.0149479 0.0134113 0.00920126 0.0100044 0.0108369 0.0109089 0.0107802 0.00862064 0.00878894 0.0120898 0.0117655 0.0121092 0.00976179 0.00863026 0.00815379 0.0081323 0.00806946 0.00794266 0.00819752 0.00849432 0.00832506 0.00847587 0.00812108 0.00825343 0.00817802 0.00822415 0.00811056 0.00832496 0.00839183 0.00845169 0.00845792 
0.00856268 0.00961604 0.00962872 0.0177616 0.0636401 0.12837 0.0747825 0.0240698 0.00372292 0.00370494 0 0.00370088 0.0036942 0.00371344 0.0260646 0.0102395 0.336616 0.0176567 0.014389 0.0119445 0.0104513 0.00957842 0.0102586 0.0088637 0.00910413 0.0131372 0.0113668 0.0106456 0.0131525 0.0145108 0.0110963 0.00941796 0.00928032 0.00926697 0.00927849 0.0117878 0.0228113 0.0151509 0.0105928 0.0102216 0.0138303 0.02424 0.0119147 0.00929246 0.00940334 0.0130223 0.0300576 0.0271722 0.00982717 0.00865362 0.00815192 0.00810178 0.00809685 0.00796978 0.00829219 0.00854618 0.00868082 0.00869315 0.00828119 0.00818215 0.00820247 0.00822988 0.00802004 0.00831121 0.00849997 0.00862352 0.00852713 
0.00871282 0.00906493 0.0106457 0.0141371 0.0584456 0.152526 0.0718022 0.0259648 0.00374346 0.00370217 0.00370088 0 0.0036988 0.00370151 0.0165785 0.0390385 0.0254326 0.32088 0.0140545 0.0147659 0.0104759 0.0159748 0.010137 0.00947333 0.00967858 0.0136188 0.0128446 0.0115594 0.0170876 0.0154775 0.0130605 0.00957704 0.00968983 0.00996556 0.00982273 0.0126655 0.0280805 0.0227447 0.0111999 0.011519 0.0170036 0.0285873 0.0143714 0.00990183 0.0106536 0.0177026 0.0333458 0.0309353 0.0104215 0.00907742 0.00820248 0.00810949 0.00811293 0.0079802 0.00841485 0.00884579 0.00861808 0.00895564 0.00827505 0.00820203 0.0082278 0.00823673 0.00812959 0.00856069 0.00851896 0.00868412 0.00859554 
0.00925193 0.00946103 0.0117677 0.0191296 0.0222825 0.0250297 0.279265 0.0945225 0.00380571 0.00379623 0.0036942 0.0036988 0 0.0038861 0.0116225 0.0272529 0.0194951 0.0151042 0.324863 0.0109895 0.0107503 0.0131702 0.0137553 0.0103376 0.0104586 0.0127261 0.020596 0.0126868 0.0154574 0.0351407 0.0178016 0.0116831 0.0113417 0.012353 0.0110571 0.0123409 0.0224979 0.0419583 0.0122223 0.0111589 0.0144772 0.0163296 0.0216143 0.00976789 0.0100678 0.0137829 0.0177891 0.0191594 0.0111915 0.00881268 0.00819937 0.00815992 0.00808299 0.00804529 0.00831748 0.0084554 0.00838228 0.00861284 0.00819132 0.008119 0.00824841 0.00830549 0.00807339 0.00832802 0.00846081 0.00853105 0.00853857 
0.00956453 0.0100547 0.0234657 0.0107947 0.0111099 0.0137481 0.0412213 0.281307 0.004661 0.00378219 0.00371344 0.00370151 0.0038861 0 0.0331211 0.00915701 0.011546 0.0114309 0.0197035 0.175476 0.0129963 0.0103873 0.0103959 0.0192711 0.0144101 0.0103298 0.0116012 0.021919 0.0189093 0.013687 0.0350064 0.0154651 0.0134907 0.0147122 0.0135372 0.0168262 0.0128153 0.0140298 0.0365256 0.013295 0.0101486 0.011579 0.0114925 0.0128544 0.0126162 0.0102089 0.0107384 0.0111563 0.00946226 0.009021 0.00827027 0.00811483 0.00847365 0.00823582 0.00825433 0.00825906 0.00817428 0.00844822 0.00804973 0.00820032 0.008276 0.00830294 0.00835757 0.00862185 0.00830024 0.0083037 0.00836169 
0.00823384 0.0088907 0.00937604 0.0121528 0.00897924 0.0104215 0.0107953 0.0116041 0.280665 0.0111997 0.0260646 0.0165785 0.0116225 0.0331211 0 0.00382927 0.0036996 0.00366366 0.00376539 0.00467037 0.00524183 0.00482836 0.00671177 0.00994367 0.00679642 0.00802539 0.00823894 0.0151355 0.0122559 0.00997881 0.0124755 0.0100352 0.0101267 0.0103689 0.0125695 0.0124672 0.00965248 0.00905141 0.012981 0.00910931 0.00864452 0.00875108 0.00879667 0.00970577 0.0104707 0.00856603 0.00938996 0.00889409 0.00878887 0.00931738 0.00801763 0.00806634 0.00859991 0.00797613 0.00822585 0.00800791 0.00804493 0.00810193 0.00805518 0.0081652 0.00793819 0.00801935 0.00883978 0.00806161 0.00809296 0.00812187 0.00823724 
0.00821321 0.00813984 0.0129444 0.00862527 0.0200129 0.010214 0.010885 0.00975841 0.00947907 0.301772 0.0102395 0.0390385 0.0272529 0.00915701 0.00382927 0 0.00369646 0.00369226 0.0040013 0.00370791 0.00380229 0.00559933 0.00581109 0.00863374 0.00671135 0.00713559 0.00937274 0.00855326 0.0113486 0.0105314 0.00955779 0.00882207 0.00923845 0.00976891 0.00903217 0.0105065 0.0111335 0.0105788 0.00874182 0.00903181 0.00911854 0.00907221 0.00928714 0.00879364 0.00839462 0.0116663 0.00912737 0.0096733 0.00902194 0.00877873 0.0081265 0.00807305 0.00801982 0.007938 0.00801349 0.00828985 0.00821689 0.00841112 0.00801853 0.00842182 0.00806363 0.00814822 0.00797262 0.00815896 0.0082763 0.00829669 0.0082538 
0.00819077 0.00824602 0.00871697 0.0124075 0.0114491 0.036697 0.0121457 0.00938578 0.0123667 0.0109178 0.336616 0.0254326 0.0194951 0.011546 0.0036996 0.00369646 0 0.00370139 0.00372761 0.00389662 0.00406665 0.00413542 0.00470011 0.00594349 0.00619437 0.0083749 0.00719305 0.00781456 0.0110436 0.0106626 0.00924432 0.00942523 0.00875796 0.00912098 0.00909328 0.0100878 0.0130707 0.0103632 0.0100728 0.00904438 0.0104885 0.0149064 0.0095203 0.0087446 0.0093673 0.0105267 0.0232913 0.0185718 0.00914624 0.00843556 0.00814868 0.00807983 0.00800929 0.00794124 0.00822136 0.00842606 0.00837776 0.00832663 0.00820295 0.00812212 0.00812357 0.00813388 0.00801926 0.00818886 0.00836389 0.00839332 0.00827869 
0.00815762 0.00829011 0.00932092 0.0109382 0.0210784 0.0261772 0.0129745 0.00948272 0.00975672 0.0205036 0.0176567 0.32088 0.0151042 0.0114309 0.00366366 0.00369226 0.00370139 0 0.00371699 0.00369213 0.00386026 0.00401852 0.0058782 0.00471417 0.00630861 0.00728497 0.0073353 0.00727021 0.012466 0.0114198 0.0110395 0.00879111 0.00889928 0.00915295 0.00880559 0.010376 0.0151684 0.0120768 0.00910116 0.00925641 0.0120266 0.0162176 0.00975206 0.00886729 0.0089037 0.0124154 0.0209124 0.0205565 0.00948183 0.00838796 0.00813044 0.00804946 0.00796 0.00793687 0.00817645 0.0083205 0.00830752 0.00842765 0.00817203 0.00807028 0.00806587 0.00810362 0.00807985 0.00815186 0.00824127 0.00837023 0.00825686 
0.00817234 0.00813616 0.0111515 0.00960764 0.0156695 0.013154 0.0252437 0.0118867 0.0107155 0.0194842 0.014389 0.0140545 0.324863 0.0197035 0.00376539 0.0040013 0.00372761 0.00371699 0 0.00371442 0.00381296 0.00602293 0.00405618 0.00602934 0.00650451 0.00807742 0.0070817 0.00769242 0.0122806 0.0394159 0.0121626 0.0102049 0.0104942 0.0107696 0.0101463 0.0109647 0.0165537 0.0241902 0.00996644 0.00993028 0.0124296 0.0114769 0.0147507 0.00941094 0.00936045 0.0134055 0.0126961 0.0135501 0.0103557 0.00874972 0.00814035 0.00815495 0.00799431 0.00798008 0.00809247 0.00836649 0.00819953 0.00835726 0.00809848 0.00825455 0.00807085 0.00813877 0.0079998 0.00818555 0.00824368 0.00832845 0.00820479 
0.00835135 0.00886686 0.0112662 0.0102701 0.00946175 0.0115799 0.0118293 0.0124362 0.0206334 0.00952867 0.0119445 0.0147659 0.0109895 0.175476 0.00467037 0.00370791 0.00389662 0.00369213 0.00371442 0 0.00475778 0.00374896 0.00385084 0.00396288 0.00632311 0.00685792 0.00659135 0.0106093 0.0279601 0.00951501 0.0123679 0.0117564 0.00948203 0.0115698 0.0109813 0.0170587 0.0111121 0.00957885 0.0136632 0.0120324 0.00914597 0.0114343 0.00898866 0.00987586 0.0137884 0.00910545 0.0118001 0.0125432 0.0088963 0.00930724 0.0082697 0.00813635 0.00828702 0.00805652 0.00833325 0.00821361 0.0082132 0.00828139 0.00812372 0.00813533 0.00809051 0.00816141 0.00880539 0.00833973 0.00821484 0.00822151 0.00826019 
0.00866741 0.00919061 0.00953328 0.0109037 0.00927412 0.0120222 0.00993841 0.0112625 0.014296 0.00908109 0.0104513 0.0104759 0.0107503 0.0129963 0.00524183 0.00380229 0.00406665 0.00386026 0.00381296 0.00475778 0 0.00377024 0.00397692 0.00425872 0.00451014 0.00587299 0.0123839 0.871377 0.010493 0.00935507 0.0128061 0.0100113 0.00976986 0.0105409 0.0130754 0.0130012 0.00993611 0.00966553 0.0134926 0.00963927 0.00887814 0.0095919 0.0087296 0.00967277 0.0108925 0.0087733 0.0130485 0.010596 0.00892591 0.00953862 0.00816141 0.00812267 0.00867328 0.00798424 0.00812406 0.00804021 0.00810297 0.00809131 0.0081356 0.00828379 0.00806917 0.00802586 0.00973612 0.00824788 0.00803544 0.00819678 0.00841369 
0.00845369 0.00815332 0.0120956 0.00887821 0.0212418 0.0113228 0.0105617 0.00927118 0.0108469 0.0145703 0.00957842 0.0159748 0.0131702 0.0103873 0.00482836 0.00559933 0.00413542 0.00401852 0.00602293 0.00374896 0.00377024 0 0.00433833 0.00380323 0.00492188 0.00722068 0.954439 0.00951926 0.0119684 0.0113251 0.00947619 0.00923948 0.00921364 0.00999195 0.00926362 0.0117936 0.0121543 0.0112663 0.00884564 0.00926113 0.00966492 0.0101176 0.00943196 0.00867719 0.0085129 0.0118073 0.0108928 0.0104596 0.00898763 0.00862461 0.00828959 0.00808341 0.00808197 0.00796495 0.00803778 0.00833061 0.00820738 0.00839607 0.00810432 0.00840846 0.00812118 0.00819014 0.00809197 0.00816255 0.00820748 0.00840459 0.00822593 
0.00830424 0.00825742 0.00942304 0.0124316 0.00904349 0.0107806 0.0114349 0.0089057 0.0112867 0.00997913 0.0102586 0.010137 0.0137553 0.0103959 0.00671177 0.00581109 0.00470011 0.0058782 0.00405618 0.00385084 0.00397692 0.00433833 0 0.00422071 0.0054939 0.98986 0.00815095 0.00491779 0.0104467 0.0140396 0.00881397 0.0118656 0.00925961 0.0102009 0.010175 0.0107647 0.0130687 0.0100128 0.00934598 0.00923954 0.00955528 0.0096637 0.00933294 0.00855489 0.0100001 0.00932036 0.00996789 0.010614 0.0088927 0.00841652 0.00827562 0.00810792 0.0080371 0.00800609 0.00812652 0.00820089 0.00820404 0.00821375 0.00812742 0.00808242 0.0080808 0.00806016 0.00857291 0.00818172 0.00811333 0.00820363 0.00807437 
0.0085087 0.00819809 0.021916 0.00906282 0.00912158 0.00890897 0.00941533 0.0105946 0.0169674 0.0104816 0.0088637 0.00947333 0.0103376 0.0192711 0.00994367 0.00863374 0.00594349 0.00471417 0.00602934 0.00396288 0.00425872 0.00380323 0.00422071 0 0.997921 0.00795067 0.00396643 0.00454604 0.0173864 0.0096184 0.0130486 0.0129426 0.0101842 0.0147222 0.010316 0.0189287 0.00961613 0.00946303 0.0103436 0.0132508 0.00915167 0.00865348 0.00863238 0.00876823 0.0129607 0.0108356 0.00943063 0.0093222 0.00850116 0.00844995 0.00868014 0.00804747 0.00860455 0.00843855 0.00828029 0.00807039 0.00800886 0.00822183 0.00797792 0.0084205 0.00829658 0.0081594 0.00848977 0.00870725 0.00810529 0.00812449 0.00813242 
0.00844187 0.00910184 0.0105823 0.0087489 0.0100908 0.00937519 0.00968368 0.0139796 0.013188 0.00978422 0.00910413 0.00967858 0.0104586 0.0144101 0.00679642 0.00671135 0.00619437 0.00630861 0.00650451 0.00632311 0.00451014 0.00492188 0.0054939 0.997921 0 0.00378018 0.00401065 0.00444232 0.014006 0.00910125 0.0309569 0.00919986 0.0125419 0.0106701 0.0150997 0.013703 0.010054 0.0106249 0.0139026 0.00984949 0.00904104 0.0089701 0.00984799 0.0114412 0.00979894 0.00972052 0.00913305 0.00925838 0.00973949 0.0121316 0.00808321 0.0084229 0.00916442 0.00804447 0.00816048 0.00803411 0.00799556 0.00809952 0.00809793 0.00889723 0.00799451 0.00816937 0.00859067 0.00833428 0.00810473 0.00825358 0.00852021 
0.00820738 0.00839493 0.00874502 0.0110102 0.0107577 0.0140189 0.0121773 0.00927803 0.0116488 0.0112318 0.0131372 0.0136188 0.0127261 0.0103298 0.00802539 0.00713559 0.0083749 0.00728497 0.00807742 0.00685792 0.00587299 0.00722068 0.98986 0.00795067 0.00378018 0 0.00373635 0.00371442 0.0160729 0.0345166 0.0105808 0.01197 0.00953136 0.0106819 0.0101702 0.0116632 0.0172106 0.0129555 0.00948903 0.00954386 0.0111018 0.0131549 0.0105014 0.00910136 0.00951116 0.0111786 0.0135734 0.0127252 0.00985156 0.00870844 0.00813822 0.00807981 0.00801311 0.00791335 0.0081521 0.00821061 0.00829465 0.00829087 0.00823714 0.00815519 0.0080816 0.00806631 0.00825644 0.00815077 0.00819792 0.00835712 0.0082366 
0.00817839 0.00822192 0.0103906 0.0112609 0.0111259 0.0119914 0.0180203 0.00996876 0.0108497 0.0141995 0.0113668 0.0128446 0.020596 0.0116012 0.00823894 0.00937274 0.00719305 0.0073353 0.0070817 0.00659135 0.0123839 0.954439 0.00815095 0.00396643 0.00401065 0.00373635 0 0.00385516 0.026368 0.0503419 0.0192655 0.0125856 0.0126154 0.0120431 0.011561 0.0134454 0.0194319 0.0186133 0.0103338 0.0109152 0.0127003 0.0125825 0.0132636 0.0090966 0.0105736 0.0120328 0.0145716 0.0139236 0.0104604 0.00859831 0.00821285 0.00814176 0.00799539 0.00801066 0.00813357 0.00839879 0.00839455 0.00846564 0.0082041 0.00807091 0.00810351 0.0081164 0.00803903 0.00820764 0.00831238 0.00828113 0.00816572 
0.00856343 0.00824503 0.0216101 0.00922087 0.00999323 0.0101712 0.0122349 0.0139482 0.0193162 0.011003 0.0106456 0.0115594 0.0126868 0.021919 0.0151355 0.00855326 0.00781456 0.00727021 0.00769242 0.0106093 0.871377 0.00951926 0.00491779 0.00454604 0.00444232 0.00371442 0.00385516 0 0.027447 0.0125599 0.0392979 0.0172252 0.0174171 0.0177005 0.0128015 0.0245458 0.0124666 0.0118355 0.0169725 0.0189389 0.0111833 0.0110756 0.0108766 0.0112429 0.0151329 0.0122146 0.0115606 0.0110414 0.00978457 0.00924383 0.00865251 0.00807034 0.0087949 0.00873842 0.0089044 0.00818026 0.00815274 0.00839465 0.00805741 0.0083461 0.00831692 0.00820399 0.00846867 0.00869978 0.00815959 0.00814669 0.00823602 
0.00839506 0.00885251 0.00973132 0.0091145 0.0183526 0.0127684 0.0126906 0.017697 0.0174604 0.0134377 0.0131525 0.0170876 0.0154574 0.0189093 0.0122559 0.0113486 0.0110436 0.012466 0.0122806 0.0279601 0.010493 0.0119684 0.0104467 0.0173864 0.014006 0.0160729 0.026368 0.027447 0 0.00373571 0.00372071 0.00411323 0.0241183 0.0119854 0.0203982 0.118251 0.0255324 0.042477 0.0249265 0.0199925 0.0180494 0.0160058 0.015499 0.0196319 0.0180128 0.024372 0.020545 0.0184313 0.0138836 0.0174232 0.0082398 0.00833285 0.00937298 0.00816365 0.00853113 0.0083109 0.0083007 0.00863181 0.00826674 0.00994857 0.0081126 0.00826502 0.0083211 0.00847231 0.00822242 0.00842454 0.00852185 
0.00831862 0.00861401 0.00865589 0.0110315 0.0104955 0.0141455 0.0230571 0.01239 0.00982423 0.0154153 0.0145108 0.0154775 0.0351407 0.013687 0.00997881 0.0105314 0.0106626 0.0114198 0.0394159 0.00951501 0.00935507 0.0113251 0.0140396 0.0096184 0.00910125 0.0345166 0.0503419 0.0125599 0.00373571 0 0.0037165 0.00436004 0.0112952 0.01199 0.0204716 0.0153339 0.24969 0.0464098 0.0181968 0.0123491 0.0240841 0.0175593 0.0440833 0.0115377 0.0113072 0.0255053 0.0279413 0.0258773 0.0210994 0.0103128 0.00830257 0.00829382 0.00800688 0.0080408 0.0083889 0.00861512 0.0085875 0.00861774 0.00841144 0.00815399 0.00804778 0.00830904 0.00797584 0.00823058 0.00843057 0.0084949 0.00833091 
0.00849909 0.00847173 0.0121423 0.00897346 0.0108355 0.010335 0.0163581 0.0181294 0.0168968 0.0100916 0.0110963 0.0130605 0.0178016 0.0350064 0.0124755 0.00955779 0.00924432 0.0110395 0.0121626 0.0123679 0.0128061 0.00947619 0.00881397 0.0130486 0.0309569 0.0105808 0.0192655 0.0392979 0.00372071 0.0037165 0 0.00599936 0.00513872 0.0182232 0.0113421 0.0528745 0.01487 0.09098 0.0503247 0.0252432 0.0118717 0.022548 0.018623 0.0366504 0.0206306 0.0130608 0.0154225 0.019844 0.0141468 0.0145503 0.00866128 0.00812404 0.00861989 0.00861241 0.00910393 0.00833037 0.00846942 0.00863813 0.00810709 0.008388 0.00824285 0.00831345 0.00837563 0.00852691 0.00823331 0.0083505 0.00854465 
0.00814282 0.00894873 0.00845251 0.00865632 0.00868103 0.0090698 0.010182 0.0119767 0.0100993 0.0092861 0.00941796 0.00957704 0.0116831 0.0154651 0.0100352 0.00882207 0.00942523 0.00879111 0.0102049 0.0117564 0.0100113 0.00923948 0.0118656 0.0129426 0.00919986 0.01197 0.0125856 0.0172252 0.00411323 0.00436004 0.00599936 0 0.00448906 0.00519222 0.896974 0.0159256 0.0202497 0.0142918 0.0556038 0.0106787 0.0122083 0.010087 0.0139248 0.0182513 0.0113278 0.0116249 0.0110187 0.0101607 0.0120963 0.0140815 0.00817557 0.00895464 0.00940531 0.00843387 0.00825175 0.00812854 0.00805938 0.00810474 0.00805945 0.00827702 0.00795232 0.00821536 0.00845115 0.00804196 0.00804841 0.00809872 0.0083836 
0.00827472 0.00827365 0.0102312 0.00838049 0.00879109 0.00889149 0.0105392 0.0101721 0.0115297 0.00948815 0.00928032 0.00968983 0.0113417 0.0134907 0.0101267 0.00923845 0.00875796 0.00889928 0.0104942 0.00948203 0.00976986 0.00921364 0.00925961 0.0101842 0.0125419 0.00953136 0.0126154 0.0174171 0.0241183 0.0112952 0.00513872 0.00448906 0 0.912299 0.00976714 0.026158 0.017848 0.033455 0.0207178 0.0162568 0.0108166 0.0110402 0.0142669 0.0142576 0.0135758 0.0119304 0.0102397 0.010623 0.0117757 0.0103979 0.00898465 0.00818029 0.00880076 0.00837089 0.00855003 0.00817425 0.00820748 0.00830004 0.00814674 0.00822828 0.00815393 0.00820788 0.0082506 0.00822081 0.00810041 0.00824191 0.00822388 
0.00840744 0.00951773 0.00910474 0.00887315 0.00927993 0.00935278 0.0107329 0.012687 0.010807 0.00987324 0.00926697 0.00996556 0.012353 0.0147122 0.0103689 0.00976891 0.00912098 0.00915295 0.0107696 0.0115698 0.0105409 0.00999195 0.0102009 0.0147222 0.0106701 0.0106819 0.0120431 0.0177005 0.0119854 0.01199 0.0182232 0.00519222 0.912299 0 0.00795839 0.03386 0.0611033 0.0361656 0.0476924 0.0159823 0.0148965 0.0111494 0.0170325 0.0172352 0.0145601 0.0182407 0.012166 0.0119536 0.013779 0.0164613 0.00843421 0.0094039 0.00950645 0.00831761 0.00836461 0.00837947 0.00820193 0.00850529 0.00826743 0.00886271 0.00817131 0.00853727 0.00868581 0.0083615 0.00827358 0.00839435 0.00877844 
0.00878489 0.00869594 0.0104385 0.00881326 0.00862114 0.00912439 0.01109 0.0102121 0.0134838 0.00939076 0.00927849 0.00982273 0.0110571 0.0135372 0.0125695 0.00903217 0.00909328 0.00880559 0.0101463 0.0109813 0.0130754 0.00926362 0.010175 0.010316 0.0150997 0.0101702 0.011561 0.0128015 0.0203982 0.0204716 0.0113421 0.896974 0.00976714 0.00795839 0 0.0368928 0.0277344 0.0602776 0.0533197 0.025999 0.0126458 0.0118526 0.0152483 0.0151144 0.0208367 0.0143386 0.0114329 0.0121956 0.0124624 0.0112009 0.0106331 0.00845064 0.00935153 0.00876485 0.009001 0.00829849 0.00834191 0.00833721 0.00827127 0.00828928 0.00894202 0.00834202 0.00916274 0.00897311 0.00828982 0.00829632 0.0086275 
0.00884361 0.00944184 0.0104494 0.00901138 0.011176 0.0109307 0.0109394 0.0142618 0.0136277 0.0114492 0.0117878 0.0126655 0.0123409 0.0168262 0.0124672 0.0105065 0.0100878 0.010376 0.0109647 0.0170587 0.0130012 0.0117936 0.0107647 0.0189287 0.013703 0.0116632 0.0134454 0.0245458 0.118251 0.0153339 0.0528745 0.0159256 0.026158 0.03386 0.0368928 0 0.00374785 0.00374184 0.00396348 0.104022 0.0506278 0.0172268 0.0180099 0.0314393 0.0536099 0.0466745 0.035107 0.0222425 0.0201254 0.023974 0.0089348 0.0095287 0.0111293 0.00852244 0.00934967 0.00853022 0.00861501 0.00898456 0.00861148 0.0101866 0.00836361 0.00872821 0.00905285 0.00873953 0.00826076 0.00878705 0.00946922 
0.00842903 0.00854723 0.00917994 0.0101268 0.0167501 0.0210763 0.0158177 0.0107348 0.0103913 0.0149479 0.0228113 0.0280805 0.0224979 0.0128153 0.00965248 0.0111335 0.0130707 0.0151684 0.0165537 0.0111121 0.00993611 0.0121543 0.0130687 0.00961613 0.010054 0.0172106 0.0194319 0.0124666 0.0255324 0.24969 0.01487 0.0202497 0.017848 0.0611033 0.0277344 0.00374785 0 0.00371642 0.00370961 0.263149 0.116887 0.114386 0.0426998 0.0184749 0.0204436 0.0952229 0.0809089 0.094362 0.0245739 0.0140012 0.00863311 0.00849108 0.00851153 0.00815329 0.00915219 0.010176 0.00967718 0.0098801 0.00898608 0.00855834 0.00824396 0.00838229 0.00806242 0.00839434 0.00875296 0.00917274 0.00912379 
0.00828439 0.00833937 0.00916807 0.00937781 0.0150518 0.016059 0.0212969 0.0107673 0.0094693 0.0134113 0.0151509 0.0227447 0.0419583 0.0140298 0.00905141 0.0105788 0.0103632 0.0120768 0.0241902 0.00957885 0.00966553 0.0112663 0.0100128 0.00946303 0.0106249 0.0129555 0.0186133 0.0118355 0.042477 0.0464098 0.09098 0.0142918 0.033455 0.0361656 0.0602776 0.00374184 0.00371642 0 0.00377598 0.0263143 0.320986 0.0782594 0.245415 0.0208681 0.0158286 0.0496627 0.0465902 0.0577325 0.0584939 0.0121867 0.00878718 0.00834468 0.0083335 0.00836209 0.0090549 0.0104643 0.00927301 0.0109295 0.00873037 0.00841168 0.00837663 0.00830319 0.00806651 0.008642 0.00887582 0.00916576 0.00849198 
0.00822736 0.00845077 0.00950921 0.00876504 0.00896769 0.0101888 0.0115495 0.0129297 0.0118298 0.00920126 0.0105928 0.0111999 0.0122223 0.0365256 0.012981 0.00874182 0.0100728 0.00910116 0.00996644 0.0136632 0.0134926 0.00884564 0.00934598 0.0103436 0.0139026 0.00948903 0.0103338 0.0169725 0.0249265 0.0181968 0.0503247 0.0556038 0.0207178 0.0476924 0.0533197 0.00396348 0.00370961 0.00377598 0 0.0224158 0.0206694 0.223106 0.0506744 0.194631 0.0268012 0.0136057 0.0204095 0.0248198 0.017876 0.0489635 0.00918661 0.00837104 0.00922643 0.00893162 0.0107458 0.00844648 0.00873663 0.00871238 0.00854676 0.00866851 0.00852401 0.00838604 0.00917255 0.00879955 0.00839114 0.00842085 0.00886056 
0.00844305 0.00882077 0.00872459 0.00843788 0.00967394 0.00977625 0.0102126 0.011751 0.00996247 0.0100044 0.0102216 0.011519 0.0111589 0.013295 0.00910931 0.00903181 0.00904438 0.00925641 0.00993028 0.0120324 0.00963927 0.00926113 0.00923954 0.0132508 0.00984949 0.00954386 0.0109152 0.0189389 0.0199925 0.0123491 0.0252432 0.0106787 0.0162568 0.0159823 0.025999 0.104022 0.263149 0.0263143 0.0224158 0 0.00395062 0.00373563 0.00374002 0.0041786 0.0437852 0.024359 0.0181356 0.025725 0.515888 0.0381012 0.00901186 0.00987166 0.0104721 0.00858612 0.0101305 0.00905999 0.00897457 0.00961251 0.00882909 0.0110417 0.00826893 0.00869021 0.00861665 0.00851816 0.00845941 0.00945617 0.00900834 
0.00831425 0.0085333 0.00842067 0.00886761 0.0111574 0.0146485 0.0116835 0.00945101 0.00887685 0.0108369 0.0138303 0.0170036 0.0144772 0.0101486 0.00864452 0.00911854 0.0104885 0.0120266 0.0124296 0.00914597 0.00887814 0.00966492 0.00955528 0.00915167 0.00904104 0.0111018 0.0127003 0.0111833 0.0180494 0.0240841 0.0118717 0.0122083 0.0108166 0.0148965 0.0126458 0.0506278 0.116887 0.320986 0.0206694 0.00395062 0 0.00372491 0.00373117 0.00374073 0.0174078 0.0495229 0.0419458 0.599184 0.0367187 0.0116901 0.00894703 0.00904687 0.00867443 0.00824448 0.00928512 0.010955 0.00969053 0.0110715 0.00977783 0.0089334 0.00843306 0.0086191 0.00810323 0.00841189 0.00883616 0.0101198 0.00892108 
0.00835842 0.00843346 0.00834631 0.0092564 0.0121737 0.0165057 0.0140927 0.00954504 0.00890121 0.0109089 0.02424 0.0285873 0.0163296 0.011579 0.00875108 0.00907221 0.0149064 0.0162176 0.0114769 0.0114343 0.0095919 0.0101176 0.0096637 0.00865348 0.0089701 0.0131549 0.0125825 0.0110756 0.0160058 0.0175593 0.022548 0.010087 0.0110402 0.0111494 0.0118526 0.0172268 0.114386 0.0782594 0.223106 0.00373563 0.00372491 0 0.00371758 0.00370233 0.0315612 0.0249907 0.79485 0.0607132 0.0156874 0.00935053 0.00857197 0.00854163 0.0084094 0.00833645 0.00946535 0.0112148 0.0137517 0.0141121 0.0107558 0.00858559 0.00846013 0.00846543 0.0082687 0.00873449 0.00938087 0.00993715 0.00953338 
0.00833367 0.00829438 0.00855703 0.00909928 0.0110639 0.0119294 0.0127102 0.00989102 0.00887012 0.0107802 0.0119147 0.0143714 0.0216143 0.0114925 0.00879667 0.00928714 0.0095203 0.00975206 0.0147507 0.00898866 0.0087296 0.00943196 0.00933294 0.00863238 0.00984799 0.0105014 0.0132636 0.0108766 0.015499 0.0440833 0.018623 0.0139248 0.0142669 0.0170325 0.0152483 0.0180099 0.0426998 0.245415 0.0506744 0.00374002 0.00373117 0.00371758 0 0.00379025 0.0164899 0.755313 0.0380504 0.0342065 0.0231852 0.0109738 0.00932687 0.00892969 0.0088743 0.00869945 0.00935129 0.0118398 0.00994539 0.011862 0.0090897 0.0086048 0.00856055 0.00861541 0.00828973 0.00886421 0.00905878 0.00960189 0.00860987 
0.00818197 0.0082233 0.00915981 0.00844208 0.00864511 0.00917224 0.00943783 0.0101656 0.00994137 0.00862064 0.00929246 0.00990183 0.00976789 0.0128544 0.00970577 0.00879364 0.0087446 0.00886729 0.00941094 0.00987586 0.00967277 0.00867719 0.00855489 0.00876823 0.0114412 0.00910136 0.0090966 0.0112429 0.0196319 0.0115377 0.0366504 0.0182513 0.0142576 0.0172352 0.0151144 0.0314393 0.0184749 0.0208681 0.194631 0.0041786 0.00374073 0.00370233 0.00379025 0 0.764653 0.0133364 0.0204694 0.0177934 0.0125548 0.0103493 0.0103523 0.00854594 0.0103341 0.00982769 0.0106051 0.00868721 0.00879058 0.00961012 0.00868763 0.00879317 0.00868183 0.00844043 0.00899084 0.00945486 0.00843225 0.00865301 0.00864852 
0.00849272 0.00898852 0.00848504 0.00919027 0.0087079 0.00948849 0.00976966 0.0102127 0.0101725 0.00878894 0.00940334 0.0106536 0.0100678 0.0126162 0.0104707 0.00839462 0.0093673 0.0089037 0.00936045 0.0137884 0.0108925 0.0085129 0.0100001 0.0129607 0.00979894 0.00951116 0.0105736 0.0151329 0.0180128 0.0113072 0.0206306 0.0113278 0.0135758 0.0145601 0.0208367 0.0536099 0.0204436 0.0158286 0.0268012 0.0437852 0.0174078 0.0315612 0.0164899 0.764653 0 0.00406566 0.00373258 0.00378739 0.0038498 0.00493052 0.0164385 0.0131364 0.0129085 0.00955569 0.0135649 0.0092526 0.00989577 0.00939861 0.0119262 0.011473 0.00919642 0.00920746 0.0123713 0.00867058 0.00860675 0.0091348 0.0120624 
0.00852023 0.00870623 0.00972516 0.0088439 0.0131592 0.0126735 0.0119771 0.00990632 0.00962691 0.0120898 0.0130223 0.0177026 0.0137829 0.0102089 0.00856603 0.0116663 0.0105267 0.0124154 0.0134055 0.00910545 0.0087733 0.0118073 0.00932036 0.0108356 0.00972052 0.0111786 0.0120328 0.0122146 0.024372 0.0255053 0.0130608 0.0116249 0.0119304 0.0182407 0.0143386 0.0466745 0.0952229 0.0496627 0.0136057 0.024359 0.0495229 0.0249907 0.755313 0.0133364 0.00406566 0 0.00383174 0.00374965 0.00374847 0.0041172 0.0124451 0.00961622 0.0102693 0.00879045 0.0105495 0.0250739 0.0109219 0.0236899 0.0104066 0.0104758 0.00887266 0.00906259 0.00822287 0.00900024 0.00973796 0.0133865 0.00922613 
0.00844462 0.00859448 0.00854313 0.00972607 0.0130188 0.0193754 0.0138101 0.00973112 0.00933241 0.0117655 0.0300576 0.0333458 0.0177891 0.0107384 0.00938996 0.00912737 0.0232913 0.0209124 0.0126961 0.0118001 0.0130485 0.0108928 0.00996789 0.00943063 0.00913305 0.0135734 0.0145716 0.0115606 0.020545 0.0279413 0.0154225 0.0110187 0.0102397 0.012166 0.0114329 0.035107 0.0809089 0.0465902 0.0204095 0.0181356 0.0419458 0.79485 0.0380504 0.0204694 0.00373258 0.00383174 0 0.00382258 0.00372447 0.00372194 0.0163128 0.00920846 0.00888074 0.00865893 0.0148747 0.0173089 0.0459566 0.0301787 0.015942 0.00908583 0.00883915 0.00891223 0.00855786 0.0092362 0.0112312 0.0131499 0.0100666 
0.00866402 0.00867112 0.00853268 0.00934889 0.0146277 0.0188866 0.0168708 0.00987286 0.00956204 0.0121092 0.0271722 0.0309353 0.0191594 0.0111563 0.00889409 0.0096733 0.0185718 0.0205565 0.0135501 0.0125432 0.010596 0.0104596 0.010614 0.0093222 0.00925838 0.0127252 0.0139236 0.0110414 0.0184313 0.0258773 0.019844 0.0101607 0.010623 0.0119536 0.0121956 0.0222425 0.094362 0.0577325 0.0248198 0.025725 0.599184 0.0607132 0.0342065 0.0177934 0.00378739 0.00374965 0.00382258 0 0.00371 0.00371003 0.0107623 0.00969992 0.00888147 0.00873072 0.0122386 0.0242124 0.035441 0.0381137 0.014749 0.00944742 0.00876036 0.00901101 0.00839329 0.00921612 0.0108228 0.0139245 0.0104381 
0.00823763 0.00832569 0.00887114 0.00888345 0.00948081 0.00965643 0.00952031 0.00895732 0.00921282 0.00976179 0.00982717 0.0104215 0.0111915 0.00946226 0.00878887 0.00902194 0.00914624 0.00948183 0.0103557 0.0088963 0.00892591 0.00898763 0.0088927 0.00850116 0.00973949 0.00985156 0.0104604 0.00978457 0.0138836 0.0210994 0.0141468 0.0120963 0.0117757 0.013779 0.0124624 0.0201254 0.0245739 0.0584939 0.017876 0.515888 0.0367187 0.0156874 0.0231852 0.0125548 0.0038498 0.00374847 0.00372447 0.00371 0 0.00387989 0.0113089 0.0104972 0.00938435 0.00959454 0.0108638 0.0142344 0.0103146 0.0128809 0.0104767 0.00891425 0.00892344 0.00862785 0.0085033 0.00942511 0.00904014 0.00971018 0.00861528 
0.00818416 0.00809982 0.00949444 0.00837899 0.00851995 0.0087053 0.00853682 0.00889066 0.0107115 0.00863026 0.00865362 0.00907742 0.00881268 0.009021 0.00931738 0.00877873 0.00843556 0.00838796 0.00874972 0.00930724 0.00953862 0.00862461 0.00841652 0.00844995 0.0121316 0.00870844 0.00859831 0.00924383 0.0174232 0.0103128 0.0145503 0.0140815 0.0103979 0.0164613 0.0112009 0.023974 0.0140012 0.0121867 0.0489635 0.0381012 0.0116901 0.00935053 0.0109738 0.0103493 0.00493052 0.0041172 0.00372194 0.00371003 0.00387989 0 0.0138153 0.0104151 0.0128417 0.0125646 0.0129151 0.00896271 0.00905087 0.0105134 0.00872046 0.00993969 0.00957167 0.00875733 0.00994649 0.0104937 0.00864419 0.00858555 0.00887286 
0.00855854 0.00860566 0.00827506 0.00827725 0.00824487 0.00824484 0.00830998 0.00824561 0.00832465 0.00815379 0.00815192 0.00820248 0.00819937 0.00827027 0.00801763 0.0081265 0.00814868 0.00813044 0.00814035 0.0082697 0.00816141 0.00828959 0.00827562 0.00868014 0.00808321 0.00813822 0.00821285 0.00865251 0.0082398 0.00830257 0.00866128 0.00817557 0.00898465 0.00843421 0.0106331 0.0089348 0.00863311 0.00878718 0.00918661 0.00901186 0.00894703 0.00857197 0.00932687 0.0103523 0.0164385 0.0124451 0.0163128 0.0107623 0.0113089 0.0138153 0 0.0161505 0.0120564 0.0215314 0.0108496 0.0202348 0.00835845 0.00990339 0.0114696 0.0332688 0.0132678 0.023754 0.0193099 0.0105323 0.00965817 0.0111531 0.0168261 
0.00849047 0.00852906 0.00833662 0.00825166 0.00818876 0.0082342 0.00821111 0.0081701 0.00823674 0.0081323 0.00810178 0.00810949 0.00815992 0.00811483 0.00806634 0.00807305 0.00807983 0.00804946 0.00815495 0.00813635 0.00812267 0.00808341 0.00810792 0.00804747 0.0084229 0.00807981 0.00814176 0.00807034 0.00833285 0.00829382 0.00812404 0.00895464 0.00818029 0.0094039 0.00845064 0.0095287 0.00849108 0.00834468 0.00837104 0.00987166 0.00904687 0.00854163 0.00892969 0.00854594 0.0131364 0.00961622 0.00920846 0.00969992 0.0104972 0.0104151 0.0161505 0 0.0869046 0.00691138 0.0220433 0.00908972 0.00860821 0.00893184 0.0493503 0.00847679 0.0228475 0.0105314 0.0154604 0.0163787 0.0100558 0.0104194 0.010067 
0.00932969 0.00877887 0.00934678 0.00819324 0.00833672 0.00847891 0.00832602 0.00842258 0.00896352 0.00806946 0.00809685 0.00811293 0.00808299 0.00847365 0.00859991 0.00801982 0.00800929 0.00796 0.00799431 0.00828702 0.00867328 0.00808197 0.0080371 0.00860455 0.00916442 0.00801311 0.00799539 0.0087949 0.00937298 0.00800688 0.00861989 0.00940531 0.00880076 0.00950645 0.00935153 0.0111293 0.00851153 0.0083335 0.00922643 0.0104721 0.00867443 0.0084094 0.0088743 0.0103341 0.0129085 0.0102693 0.00888074 0.00888147 0.00938435 0.0128417 0.0120564 0.0869046 0 0.0153824 0.00788223 0.00670948 0.00654931 0.00692072 0.00672505 0.0112523 0.0284123 0.0204278 0.0517118 0.0171587 0.00993549 0.00989763 0.0139684 
0.00845888 0.00845914 0.0082756 0.00798305 0.00804623 0.00801876 0.00800165 0.00822119 0.00815253 0.00794266 0.00796978 0.0079802 0.00804529 0.00823582 0.00797613 0.007938 0.00794124 0.00793687 0.00798008 0.00805652 0.00798424 0.00796495 0.00800609 0.00843855 0.00804447 0.00791335 0.00801066 0.00873842 0.00816365 0.0080408 0.00861241 0.00843387 0.00837089 0.00831761 0.00876485 0.00852244 0.00815329 0.00836209 0.00893162 0.00858612 0.00824448 0.00833645 0.00869945 0.00982769 0.00955569 0.00879045 0.00865893 0.00873072 0.00959454 0.0125646 0.0215314 0.00691138 0.0153824 0 0.00426335 0.00384787 0.0037268 0.00378829 0.00409018 0.00712041 0.0133967 0.0152323 0.0250344 0.0113504 0.00915269 0.0109312 0.0169224 
