1BQUB
PGSSGLPPEKPKNLSCIVNEGKKMRCEWDGGRETHLETNFTLKSEWATHKFADCKAKRDTPTSCTVDYSTVYFVNIEVWVEAENALGKVTSDHINFDPVYKVKPNPPHNLSVINSEELSSILKLTWTNPSIKSVIILKYNIQYRTKDASTWSQIPPEDTASTRSSFTVQDLKPFTEYVFRIRCMKEDGKGYWSDWSEEASGITYEDRPSKEPSFW
CCCCCCCCCCCEEEEEEEECCCCCEEEEECCCCCCCCCEEEEEEEECCEECCCEECCCCCCCEEECCCCCCCCCCEEEEEEEEECCEEEECCCEEECHHHCEECCCCEEEEEECCCCCCCCEEEEEECCHHHHCCCEEEEEEEEECCCCCCEECCHHHCCCCCCEEEECCCCCCCEEEEEEEEEECCCCCCCCCCCCCEEEECCCCHHHHHHHHC
0 0 0 0 0 0 0 0 0 0 0 0 0 0 0 0 0 0 0 0 0 0 0 0 0 0 0 0 0 0 0 0 0 0 0 0 0 0 0 0 0 0 0 0 0 0 0 0 0 0 0 0 0 0 0 0 0 0 0 0 0 0 0 0 0 0 0 0 0 0 0 0 0 0 0 0 0 0 0 0 0 0 0 0 0 0 0 0 0 0 0 0 0 0 0 0 0 0 0 0 0 0 0 0 0 0 0 0 0 0 0 0 0 0 0 0 0 0 0 0 0 0 0 0 0 0 0 0 0 0 0 0 0 0 0 0 0 0 0 0 0 0 0 0 0 0 0 0 0 0 0 0 0 0 0 0 0 0 0 0 0 0 0 0 0 0 0 0 0 0 0 0 0 0 0 0 0 0 0 0 0 0 0 0 0 0 0 0 0 0 0 0 0 0 0 0 0 0 0 0 0 0 0 0 0 0 0 0 0 0 0 0 0 0 0 
0 0 0 0 0 0 0 0 0 0 0 0 0 0 0 0 0 0 0 0 0 0 0 0 0 0 0 0 0 0 0 0 0 0 0 0 0 0 0 0 0 0 0 0 0 0 0 0 0 0 0 0 0 0 0 0 0 0 0 0 0 0 0 0 0 0 0 0 0 0 0 0 0 0 0 0 0 0 0 0 0 0 0 0 0 0 0 0 0 0 0 0 0 0 0 0 0 0 0 0 0 0 0 0 0 0 0 0 0 0 0 0 0 0 0 0 0 0 0 0 0 0 0 0 0 0 0 0 0 0 0 0 0 0 0 0 0 0 0 0 0 0 0 0 0 0 0 0 0 0 0 0 0 0 0 0 0 0 0 0 0 0 0 0 0 0 0 0 0 0 0 0 0 0 0 0 0 0 0 0 0 0 0 0 0 0 0 0 0 0 0 0 0 0 0 0 0 0 0 0 0 0 0 0 0 0 0 0 0 0 0 0 0 0 0 
0 0.0037924 0.00377729 0.00378189 0.00378446 0.00391284 0.00396946 0.00760269 0.00895283 0.00681895 0.00804535 0.013786 0.0238181 0.0139213 0.0108383 0.00936428 0.0131065 0.00926153 0.0098637 0.00945937 0.0220163 0.00945781 0.0116422 0.00963743 0.0118606 0.0105308 0.00875989 0.0155849 0.01053 0.00878137 0.00892623 0.00904291 0.00971634 0.00882041 0.0088296 0.00877093 0.0119981 0.00857024 0.008157 0.00828481 0.0107759 0.0084112 0.00815963 0.0101676 0.00850988 0.00899827 0.00831408 0.00812482 0.00805554 0.00824289 0.00838394 0.00877794 0.00858915 0.00833258 0.00818179 0.00813166 0.00823122 0.00885954 0.00829086 0.00808039 0.00831818 0.0081724 0.00822146 0.00804588 0.00828718 0.0081935 0.00886584 0.00799715 0.00814349 0.00829247 0.00800444 0.00805829 0.00827221 0.00817176 0.00825762 0.00808543 0.00821917 0.00824258 0.00818912 0.00817752 0.00818893 0.00806325 0.00811966 0.00797027 0.00809586 0.00811775 0.00824084 
0.0037924 0 0.00367862 0.00370191 0.00373045 0.0039523 0.00401164 0.00388398 0.00766237 0.0063659 0.0100466 0.00974864 0.0341198 0.0122435 0.00969852 0.0259737 0.00896587 0.0176946 0.00897 0.0330616 0.00861055 0.00936206 0.0090165 0.00900035 0.00954468 0.00925834 0.00965162 0.0105634 0.00877771 0.0142273 0.00877863 0.0175347 0.00916469 0.0142142 0.00862837 0.0117834 0.00832599 0.00844681 0.00851111 0.00833431 0.00877779 0.00831713 0.00915036 0.00824886 0.00832889 0.00831469 0.00816126 0.008591 0.0082581 0.00960633 0.00817534 0.00845815 0.00832504 0.00995725 0.00824894 0.00912776 0.00816567 0.00852928 0.00818515 0.00858042 0.00833368 0.00919183 0.00823371 0.00865474 0.00831784 0.00869697 0.00807015 0.00819262 0.00803639 0.00821885 0.00815081 0.00847797 0.00805701 0.00817681 0.00845079 0.00842282 0.00842983 0.00875252 0.00834423 0.00871271 0.00838012 0.00830566 0.00805136 0.0080251 0.00827931 0.00820843 0.00810732 
0.00377729 0.00367862 0 0.00369957 0.0037054 0.00371778 0.00380925 0.00374447 0.0054918 0.0103537 0.00660418 0.0496813 0.00886456 0.0084446 0.0291333 0.00862603 0.0321899 0.00883178 0.0412166 0.00860297 0.00931391 0.00884019 0.00847898 0.0103059 0.00846946 0.00886934 0.0129935 0.00865219 0.0149423 0.00848729 0.0457218 0.00932754 0.0571459 0.0088637 0.0385591 0.00837023 0.0096312 0.008362 0.00828715 0.00871278 0.00824586 0.00912243 0.00819178 0.0104622 0.00856688 0.00816229 0.00818479 0.00817588 0.017735 0.00823051 0.0112921 0.00829926 0.0100611 0.00823446 0.0153685 0.00820785 0.0106605 0.0081085 0.00974602 0.00828277 0.0123296 0.00833515 0.0120121 0.00833993 0.0109915 0.00830848 0.00826565 0.00796736 0.00806916 0.00795306 0.00948974 0.008224 0.00872929 0.00806701 0.00867804 0.00838645 0.00943703 0.00882035 0.00958131 0.00870396 0.00874475 0.00815209 0.00819709 0.00846331 0.00819133 0.00853624 0.00806886 
0.00378189 0.00370191 0.00369957 0 0.00370141 0.00369802 0.00369423 0.00374095 0.0122237 0.00589995 0.10496 0.00967316 0.111403 0.0126823 0.00865393 0.0330445 0.00893343 0.0506133 0.00865423 0.0114506 0.00877801 0.00848506 0.0099565 0.00858155 0.00983046 0.0102086 0.00877406 0.0167826 0.00855704 0.0250871 0.00958021 0.067678 0.010482 0.0590605 0.00889548 0.0162779 0.00838893 0.00849669 0.00872447 0.00824059 0.00916177 0.00826248 0.00937013 0.00850843 0.00835057 0.00841344 0.00822217 0.00967796 0.00829007 0.0187615 0.00828083 0.0089193 0.00828683 0.0137688 0.00848125 0.0170387 0.00831333 0.00921509 0.00825471 0.0103649 0.00915857 0.015724 0.00908581 0.0122866 0.00937434 0.00872539 0.00835038 0.00833184 0.00806239 0.00898373 0.00829031 0.00921441 0.00804156 0.00869991 0.00848546 0.00908271 0.00867792 0.0101792 0.00869937 0.00913586 0.00863374 0.00836312 0.00835494 0.00808324 0.00865109 0.00819379 0.00823341 
0.00378446 0.00373045 0.0037054 0.00370141 0 0.00369263 0.00369329 0.00371277 0.00507981 0.108468 0.0168302 0.262114 0.0113807 0.00850384 0.0232381 0.00899982 0.0500986 0.00967836 0.0188228 0.00972242 0.0176282 0.00898196 0.00861616 0.0102553 0.00880875 0.00898566 0.0161768 0.00894769 0.0151031 0.00924576 0.0608652 0.0122094 0.114619 0.0100469 0.0348891 0.00873852 0.00952309 0.00847363 0.00846246 0.00883039 0.00831758 0.00918576 0.00844292 0.0097822 0.00875154 0.00829083 0.00871193 0.00842718 0.0186594 0.00866589 0.0112984 0.0083644 0.0102602 0.00847751 0.0192858 0.00854426 0.0107213 0.00825922 0.00980766 0.00852287 0.0146135 0.00917836 0.0136837 0.00895635 0.0111278 0.00860396 0.00833829 0.00808043 0.00820078 0.00802773 0.00928223 0.00851805 0.00844803 0.00813137 0.00919914 0.00871114 0.0109329 0.00882531 0.0107655 0.00860043 0.00926121 0.00839597 0.00821764 0.00834213 0.00829532 0.00878765 0.008123 
0.00391284 0.0039523 0.00371778 0.00369802 0.00369263 0 0.00369648 0.00370838 0.0783565 0.00592245 0.291413 0.00823275 0.00711919 0.0109571 0.00901756 0.0352545 0.0099792 0.0219258 0.0112481 0.0219224 0.00895933 0.00873633 0.00950737 0.00891664 0.0092293 0.0106666 0.00889993 0.0137947 0.00915191 0.0179455 0.0124759 0.0907165 0.0118424 0.0328103 0.0106531 0.0103868 0.0085911 0.00863268 0.00910605 0.00849066 0.00883453 0.00854906 0.0091619 0.00869059 0.00862547 0.00842367 0.0083692 0.0102043 0.00868446 0.0129549 0.00864123 0.00874442 0.00841587 0.0113162 0.00908217 0.0127286 0.00843187 0.00855527 0.00844025 0.00978972 0.00954068 0.0127341 0.00930159 0.010945 0.00938331 0.00863667 0.00823868 0.00815916 0.00804053 0.00831866 0.00828419 0.00869311 0.00816775 0.00822133 0.00853616 0.00917478 0.00885613 0.00970476 0.00891393 0.00900351 0.00869248 0.00839163 0.00860725 0.00821415 0.00838244 0.00843045 0.00811506 
0.00396946 0.00401164 0.00380925 0.00369423 0.00369329 0.00369648 0 0.00398338 0.00516435 0.229987 0.0059694 0.00833698 0.00600253 0.00866728 0.0284325 0.00923863 0.0149827 0.00947184 0.0222072 0.0100696 0.00982432 0.00928244 0.00885129 0.0102067 0.00951193 0.00914274 0.0342446 0.00885672 0.0168549 0.00994866 0.0380621 0.0112698 0.020529 0.00930775 0.0116916 0.00893241 0.00864804 0.00849226 0.00882095 0.00891027 0.00832868 0.00865591 0.00885341 0.00943058 0.00899684 0.00820229 0.00858289 0.00835246 0.00927932 0.00833442 0.00994992 0.0082695 0.00964543 0.00850667 0.0102037 0.00833728 0.00967759 0.00811146 0.00915931 0.00878066 0.0105592 0.00887406 0.0105382 0.00850349 0.00921975 0.00834686 0.00817903 0.00799555 0.00807624 0.0079694 0.00893218 0.00825804 0.00825564 0.0080408 0.00890421 0.00847942 0.00958881 0.00868411 0.00922315 0.00847584 0.00861402 0.00823436 0.00810648 0.00814005 0.00816699 0.00835307 0.00803572 
0.00760269 0.00388398 0.00374447 0.00374095 0.00371277 0.00370838 0.00398338 0 0.220907 0.00693169 0.00509966 0.00551098 0.00735515 0.0316616 0.00970016 0.0110203 0.00938895 0.0112466 0.00988789 0.0103188 0.00933273 0.0120897 0.0105862 0.0132447 0.0107828 0.0201057 0.00892077 0.0143558 0.0156826 0.0116764 0.00925497 0.0117137 0.00925225 0.00948068 0.00900373 0.00882575 0.00884345 0.0124181 0.00879974 0.00862934 0.00936388 0.00993692 0.00859901 0.00931018 0.0100164 0.00856066 0.0095915 0.00834184 0.00832912 0.00871862 0.00833752 0.00893758 0.0103894 0.00878479 0.00834793 0.00838842 0.00825092 0.00856109 0.00920472 0.00936809 0.00857165 0.00868709 0.00833965 0.00837885 0.00854379 0.00821771 0.0083045 0.00869632 0.00807078 0.00892289 0.00838393 0.00828435 0.00814254 0.00918736 0.00838588 0.00861649 0.00840207 0.00846364 0.00835257 0.00813757 0.00820052 0.00805145 0.00810929 0.00840824 0.00830324 0.00819072 0.00810653 
0.00895283 0.00766237 0.0054918 0.0122237 0.00507981 0.0783565 0.00516435 0.220907 0 0.00368467 0.00390889 0.00370093 0.0056014 0.0158573 0.00737213 0.0126056 0.0166667 0.0924552 0.0162116 0.0158129 0.0122066 0.00925474 0.0321043 0.00892112 0.0322555 0.0130915 0.00876159 0.109868 0.00884231 0.0129311 0.00881434 0.0126872 0.00882623 0.0145262 0.00863614 0.0161495 0.0103207 0.00895828 0.00888852 0.00842495 0.0199501 0.00854055 0.00965916 0.0103827 0.00879323 0.0130851 0.00837709 0.00909628 0.00808455 0.011731 0.00819545 0.0129964 0.00827734 0.0115521 0.00820048 0.0108626 0.00808259 0.0140639 0.00815233 0.00894932 0.00825029 0.00970353 0.00817854 0.00925288 0.00824643 0.0089734 0.00887076 0.00855621 0.008219 0.00964548 0.00797008 0.0106953 0.00813497 0.00890243 0.00808559 0.00861235 0.00818188 0.00910968 0.00808749 0.00885678 0.00814896 0.0084585 0.00818158 0.00795606 0.00856019 0.00803732 0.00879357 
0.00681895 0.0063659 0.0103537 0.00589995 0.108468 0.00592245 0.229987 0.00693169 0.00368467 0 0.0036835 0.00379026 0.00370508 0.00597294 0.015756 0.00712017 0.103754 0.0141349 0.0156676 0.00817581 0.00914427 0.00982577 0.00818554 0.013932 0.00851502 0.00861353 0.0834801 0.00871395 0.0200282 0.00859306 0.0279288 0.00892647 0.0367646 0.0087551 0.0346255 0.00849917 0.0119343 0.00857904 0.00840879 0.00966448 0.00829921 0.00949098 0.00843297 0.0112056 0.00949931 0.00819856 0.00835429 0.00822367 0.0134712 0.00819922 0.0218821 0.00828559 0.0107588 0.00820298 0.0157444 0.00816823 0.014599 0.00815238 0.00983124 0.00832564 0.0105863 0.00840464 0.011483 0.00836065 0.0101282 0.00836892 0.00850857 0.00795824 0.00832717 0.00793439 0.00976184 0.00811746 0.00942855 0.00799502 0.00907465 0.00838172 0.00953859 0.00852372 0.00954913 0.00841728 0.00916668 0.00826615 0.0082817 0.00849658 0.00816201 0.00880706 0.00807449 
0.00804535 0.0100466 0.00660418 0.10496 0.0168302 0.291413 0.0059694 0.00509966 0.00390889 0.0036835 0 0.0037038 0.00383456 0.0173496 0.00698164 0.0983747 0.010882 0.0226333 0.00769899 0.0113557 0.00880161 0.00806342 0.00978736 0.00826686 0.00939957 0.0294959 0.00848882 0.0172239 0.00856813 0.0251705 0.00904531 0.0650258 0.00917642 0.0506189 0.00885019 0.0168413 0.00845236 0.00857256 0.00931438 0.00840388 0.00922992 0.0083949 0.00918608 0.00844379 0.00833145 0.00829397 0.0081812 0.00913587 0.00831076 0.0320345 0.00836842 0.0086458 0.00817737 0.0129634 0.00842931 0.0269203 0.0082113 0.00887612 0.0082243 0.00930934 0.00858159 0.0128344 0.00853892 0.0112939 0.00873422 0.00872019 0.00817625 0.00835118 0.00799136 0.00883404 0.00811985 0.00919785 0.00807749 0.00850895 0.00839316 0.00889527 0.00856225 0.0101641 0.00856835 0.00945041 0.00848873 0.00833122 0.00820223 0.00803463 0.00865982 0.00825262 0.00813735 
0.013786 0.00974864 0.0496813 0.00967316 0.262114 0.00823275 0.00833698 0.00551098 0.00370093 0.00379026 0.0037038 0 0.00369269 0.00665198 0.153533 0.0084436 0.0302841 0.00780886 0.0146675 0.00743418 0.00762176 0.00851452 0.00829396 0.010161 0.00866149 0.00852869 0.0406626 0.00858581 0.0160051 0.00875748 0.0210872 0.00913328 0.0344032 0.00877745 0.0176999 0.00853549 0.00923396 0.00894199 0.00843647 0.00935268 0.00830277 0.00912248 0.00863163 0.0101035 0.00888111 0.00827573 0.00846171 0.00823908 0.0126026 0.00829516 0.0113295 0.00828916 0.00960148 0.00832109 0.0143407 0.00830173 0.0111651 0.00815265 0.00879329 0.00842433 0.0101183 0.00849 0.0108511 0.00848925 0.00942122 0.00845451 0.00826197 0.00806259 0.00815724 0.0080221 0.00970398 0.00812359 0.00858522 0.00802114 0.00887781 0.00839481 0.00930757 0.00861768 0.0100833 0.00848626 0.00876338 0.00821646 0.00820401 0.00833086 0.00812298 0.00861001 0.00796259 
0.0238181 0.0341198 0.00886456 0.111403 0.0113807 0.00711919 0.00600253 0.00735515 0.0056014 0.00370508 0.00383456 0.00369269 0 0.157652 0.00787902 0.0201636 0.00695641 0.00853929 0.00665239 0.00698067 0.00805683 0.00828528 0.0102984 0.00948655 0.0101634 0.0172614 0.00844473 0.0147707 0.0109328 0.00994734 0.00854179 0.0133849 0.00875907 0.00996085 0.00845502 0.00947251 0.00889107 0.0103083 0.00849209 0.00819239 0.0102984 0.00907266 0.00844567 0.00877745 0.00892036 0.00866329 0.00876034 0.00883543 0.00812849 0.00897259 0.00809137 0.00890877 0.00936661 0.00949004 0.00820589 0.00875187 0.00807074 0.00896114 0.00878331 0.0086469 0.00822323 0.00840836 0.00832914 0.00832658 0.00832034 0.00816819 0.00821847 0.00851019 0.00804268 0.00914651 0.00807454 0.00842149 0.00805146 0.00884572 0.00818148 0.00823636 0.00826756 0.00834585 0.00820065 0.00817157 0.00840605 0.00805413 0.00809979 0.00821958 0.00825333 0.00808691 0.00809602 
0.0139213 0.0122435 0.0084446 0.0126823 0.00850384 0.0109571 0.00866728 0.0316616 0.0158573 0.00597294 0.0173496 0.00665198 0.157652 0 0.00372714 0.00373154 0.00370101 0.00379693 0.0036808 0.00436647 0.00515694 0.00668316 0.0106788 0.0073756 0.0194934 0.0132466 0.00874059 0.0638385 0.0102071 0.0124991 0.00897351 0.0133421 0.00911782 0.013481 0.00855293 0.0613631 0.0115632 0.0101362 0.00922314 0.00865554 0.0195961 0.00906611 0.00933711 0.0111585 0.00908533 0.0113816 0.00876231 0.00911331 0.00819393 0.0112896 0.0083829 0.0133758 0.00891053 0.0112677 0.00821466 0.0103501 0.00817097 0.0138732 0.00849332 0.0089315 0.0083524 0.00970017 0.00829298 0.00956384 0.00825186 0.0112788 0.00904631 0.00881188 0.0083675 0.0101049 0.00795012 0.00984057 0.00832279 0.00917118 0.00808652 0.00865592 0.00823305 0.00918158 0.00813021 0.00883471 0.0081057 0.00861826 0.00832922 0.00801185 0.00870568 0.00799853 0.00911805 
0.0108383 0.00969852 0.0291333 0.00865393 0.0232381 0.00901756 0.0284325 0.00970016 0.00737213 0.015756 0.00698164 0.153533 0.00787902 0.00372714 0 0.00368968 0.00370411 0.003719 0.00377632 0.00379527 0.00378964 0.00586736 0.00625515 0.00969684 0.00808727 0.00956919 0.0497345 0.00925951 0.0211736 0.00896674 0.0355838 0.00955408 0.0348034 0.00896799 0.102711 0.0089535 0.0130016 0.00921906 0.00896139 0.0108677 0.00908694 0.0105878 0.0089373 0.0121217 0.0100826 0.00885729 0.0088882 0.00854221 0.0149807 0.00848137 0.0210405 0.00884314 0.0115302 0.00855837 0.0164019 0.00832857 0.0146795 0.00851246 0.0101212 0.00857727 0.012821 0.00884164 0.0148782 0.00853148 0.0180472 0.00881147 0.0095139 0.00810345 0.00830408 0.00798288 0.010729 0.00824474 0.00909516 0.00806028 0.00981031 0.00853501 0.00967858 0.008789 0.010836 0.00853636 0.0095404 0.00832151 0.00842404 0.00840397 0.00818874 0.00878949 0.00810122 
0.00936428 0.0259737 0.00862603 0.0330445 0.00899982 0.0352545 0.00923863 0.0110203 0.0126056 0.00712017 0.0983747 0.0084436 0.0201636 0.00373154 0.00368968 0 0.00369235 0.00370211 0.00370204 0.00373104 0.00383568 0.00433293 0.0076717 0.00669767 0.00868181 0.0178805 0.00878192 0.0185666 0.00883525 0.0283939 0.00985456 0.080379 0.0104012 0.158902 0.0093238 0.018993 0.00895669 0.00902393 0.0101502 0.00872485 0.0108246 0.00883195 0.0110603 0.00897294 0.00877989 0.00913598 0.0085909 0.0112076 0.00878775 0.0341696 0.00868633 0.0104231 0.00868652 0.0190733 0.00928456 0.0286585 0.00852009 0.00982428 0.00861064 0.0120664 0.0101267 0.0267448 0.0100862 0.0275497 0.0106431 0.0101139 0.00839302 0.00829888 0.00806869 0.00908275 0.00827407 0.00981294 0.00820156 0.00848852 0.00870129 0.0103537 0.00954782 0.0139783 0.00908095 0.0124762 0.00902382 0.00875953 0.00820757 0.00805489 0.00854143 0.0083639 0.00830266 
0.0131065 0.00896587 0.0321899 0.00893343 0.0500986 0.0099792 0.0149827 0.00938895 0.0166667 0.103754 0.010882 0.0302841 0.00695641 0.00370101 0.00370411 0.00369235 0 0.0037022 0.00372085 0.00372005 0.00375736 0.00457393 0.00478339 0.00741581 0.0159105 0.00980862 0.0144945 0.00900283 0.0165469 0.00906054 0.0705955 0.0114012 0.280675 0.0100738 0.0490825 0.00914208 0.0106433 0.00913327 0.00890436 0.00980329 0.00876486 0.0101653 0.00883453 0.0118093 0.00918305 0.0087503 0.00917705 0.00882212 0.0388556 0.00931295 0.0149992 0.00867042 0.0109952 0.00915456 0.043188 0.00897835 0.016711 0.0085135 0.00999052 0.00914915 0.0292853 0.010967 0.0356919 0.0103315 0.0226514 0.00894405 0.00900947 0.00818892 0.00822788 0.00814316 0.00977323 0.00860001 0.00886368 0.0081985 0.00967837 0.009717 0.0151696 0.0100148 0.0161824 0.00942147 0.0117131 0.00852097 0.00841906 0.0083415 0.00839782 0.00885964 0.00818217 
0.00926153 0.0176946 0.00883178 0.0506133 0.00967836 0.0219258 0.00947184 0.0112466 0.0924552 0.0141349 0.0226333 0.00780886 0.00853929 0.00379693 0.003719 0.00370211 0.0037022 0 0.00368882 0.00370554 0.00371418 0.00385741 0.00745791 0.00726322 0.0929667 0.0104117 0.00857982 0.0213389 0.00912434 0.0200201 0.00989197 0.25771 0.0106181 0.061606 0.00966978 0.0150352 0.00887889 0.00901998 0.00965256 0.00878831 0.0103518 0.00880702 0.0102087 0.00906065 0.00877076 0.00872197 0.0087978 0.0135441 0.00885159 0.0217821 0.00867713 0.00950908 0.00882812 0.0235436 0.00943365 0.0204309 0.00866847 0.00945873 0.00872589 0.0118996 0.0101083 0.0248256 0.00985137 0.0186868 0.0103937 0.00974532 0.00842963 0.00824488 0.00814898 0.00870791 0.00830215 0.00895749 0.0081716 0.0083319 0.00868085 0.00966508 0.00983336 0.0122706 0.00935224 0.0109561 0.00929304 0.00865758 0.00821928 0.00811516 0.00846131 0.0084149 0.00811568 
0.0098637 0.00897 0.0412166 0.00865423 0.0188228 0.0112481 0.0222072 0.00988789 0.0162116 0.0156676 0.00769899 0.0146675 0.00665239 0.0036808 0.00377632 0.00370204 0.00372085 0.00368882 0 0.00369703 0.00372672 0.0118637 0.00487881 0.0590315 0.00713816 0.00801888 0.0124078 0.00881949 0.0141493 0.00863334 0.171814 0.00995328 0.0439686 0.00946402 0.0258528 0.00866182 0.00963416 0.00885379 0.00867508 0.00925872 0.00867033 0.00946144 0.00869139 0.010393 0.00904273 0.00855691 0.00913783 0.00854219 0.0146517 0.00863627 0.0104413 0.00849504 0.0113789 0.00856007 0.019355 0.00875206 0.00992711 0.00835617 0.00986278 0.00831371 0.0161316 0.00912932 0.0143828 0.00882684 0.0116737 0.00853059 0.00856696 0.008114 0.00812253 0.00803224 0.00924704 0.00837119 0.00859235 0.00811557 0.00881388 0.00872259 0.0110085 0.00902532 0.0109606 0.00870975 0.00937942 0.00834795 0.00818835 0.00825568 0.00819871 0.00847523 0.00804931 
0.00945937 0.0330616 0.00860297 0.0114506 0.00972242 0.0219224 0.0100696 0.0103188 0.0158129 0.00817581 0.0113557 0.00743418 0.00698067 0.00436647 0.00379527 0.00373104 0.00372005 0.00370554 0.00369703 0 0.00378957 0.00485571 0.733174 0.00609004 0.00875639 0.00983925 0.0105593 0.0112939 0.00914963 0.146583 0.0093104 0.0162818 0.0093395 0.0132476 0.00895399 0.0114366 0.00854676 0.00928938 0.0102289 0.00881644 0.00914089 0.00864298 0.0106788 0.00861281 0.00865358 0.00860781 0.00849256 0.0098132 0.00837792 0.00963896 0.00854219 0.0085064 0.00864217 0.0118593 0.00855695 0.00954089 0.00843219 0.00834575 0.00833577 0.0108441 0.00863234 0.0096656 0.00851504 0.0090128 0.00856756 0.0086071 0.0081366 0.00818238 0.00800861 0.00851338 0.00832956 0.00833707 0.0080874 0.0081431 0.00839162 0.00916387 0.00856272 0.00865229 0.00840385 0.00829595 0.00833309 0.00820909 0.00807539 0.0079626 0.00820733 0.0081871 0.00796322 
0.0220163 0.00861055 0.00931391 0.00877801 0.0176282 0.00895933 0.00982432 0.00933273 0.0122066 0.00914427 0.00880161 0.00762176 0.00805683 0.00515694 0.00378964 0.00383568 0.00375736 0.00371418 0.00372672 0.00378957 0 0.957137 0.00388988 0.00884164 0.00669002 0.0122341 0.00939488 0.00884619 0.155488 0.00899954 0.00957846 0.00902954 0.00991899 0.00875973 0.00976044 0.00850613 0.00935092 0.0136532 0.00862 0.00870761 0.00907461 0.0124916 0.0084279 0.00954455 0.0109141 0.00836968 0.0103678 0.00816921 0.00872243 0.00854226 0.00856058 0.00866105 0.0135632 0.00829597 0.00873802 0.00824354 0.0084543 0.00839179 0.0127515 0.00840388 0.00882202 0.00834965 0.00844234 0.00820487 0.00841874 0.00814903 0.0083354 0.00822733 0.00801352 0.00849475 0.00839159 0.00811819 0.00847862 0.00849327 0.00827467 0.00835109 0.00838468 0.00825094 0.00824178 0.00821008 0.00811925 0.00808577 0.00802713 0.00851341 0.00803961 0.00820304 0.00804409 
0.00945781 0.00936206 0.00884019 0.00848506 0.00898196 0.00873633 0.00928244 0.0120897 0.00925474 0.00982577 0.00806342 0.00851452 0.00828528 0.00668316 0.00586736 0.00433293 0.00457393 0.00385741 0.0118637 0.00485571 0.957137 0 0.00499243 0.00458375 0.0771936 0.0080103 0.010516 0.0128114 0.0116582 0.00911699 0.00890273 0.00868095 0.00909593 0.00868131 0.0090405 0.00918931 0.0130841 0.00926377 0.00907727 0.00906049 0.0111673 0.0093856 0.00918406 0.0122293 0.0101861 0.0112256 0.00856688 0.0083804 0.00866849 0.00839502 0.0091643 0.00917683 0.00905505 0.00846833 0.0086742 0.0082699 0.00838612 0.00867086 0.00859184 0.00813764 0.0083444 0.00820841 0.00830659 0.00815265 0.00823617 0.00844798 0.00883711 0.00806172 0.00864811 0.0083056 0.00816474 0.00809767 0.00832054 0.00807928 0.00817235 0.00804514 0.00816019 0.00809865 0.00819853 0.00802059 0.00809296 0.00804037 0.00808263 0.00799033 0.00799308 0.00805849 0.00802005 
0.0116422 0.0090165 0.00847898 0.0099565 0.00861616 0.00950737 0.00885129 0.0105862 0.0321043 0.00818554 0.00978736 0.00829396 0.0102984 0.0106788 0.00625515 0.0076717 0.00478339 0.00745791 0.00487881 0.733174 0.00388988 0.00499243 0 0.058922 0.0127148 0.0109256 0.0123392 0.0122592 0.0120533 0.0102641 0.00849157 0.0102612 0.00857684 0.00964843 0.00855353 0.0109745 0.00900344 0.0117335 0.00888159 0.00883837 0.0104434 0.0101275 0.00998956 0.00920994 0.0118432 0.00889849 0.00994094 0.00845848 0.00834949 0.00956314 0.00854444 0.00960663 0.0103174 0.0106888 0.00837946 0.00913188 0.00828674 0.00915766 0.00910738 0.00907689 0.00832873 0.00833161 0.00818066 0.00819948 0.00820232 0.00825553 0.00816899 0.00874192 0.00802229 0.00970157 0.00808934 0.00842974 0.00802637 0.00879863 0.00808861 0.00816973 0.00813264 0.00828137 0.0080682 0.00818402 0.0080458 0.00809654 0.00810343 0.00828415 0.00812319 0.00809461 0.00817868 
0.00963743 0.00900035 0.0103059 0.00858155 0.0102553 0.00891664 0.0102067 0.0132447 0.00892112 0.013932 0.00826686 0.010161 0.00948655 0.0073756 0.00969684 0.00669767 0.00741581 0.00726322 0.0590315 0.00609004 0.00884164 0.00458375 0.058922 0 0.00880458 0.00693867 0.0844932 0.0290518 0.0189949 0.0087413 0.0109441 0.00863618 0.0108455 0.00885643 0.0109986 0.00917117 0.0197919 0.00998157 0.00932825 0.00940547 0.012455 0.011629 0.0091861 0.0239178 0.0142159 0.0154205 0.009353 0.00836888 0.0103872 0.00845797 0.0124993 0.0100452 0.0133462 0.00845784 0.0108172 0.00821553 0.00960376 0.00909296 0.00971048 0.00824885 0.00872089 0.00836504 0.00877604 0.00830872 0.0086332 0.00845684 0.00993525 0.00806995 0.00923223 0.00817545 0.00935325 0.00808221 0.00957222 0.008142 0.00842842 0.00813708 0.00841761 0.00825159 0.00849644 0.0082223 0.0081863 0.0081147 0.00841276 0.00840114 0.00801906 0.0082666 0.00815171 
0.0118606 0.00954468 0.00846946 0.00983046 0.00880875 0.0092293 0.00951193 0.0107828 0.0322555 0.00851502 0.00939957 0.00866149 0.0101634 0.0194934 0.00808727 0.00868181 0.0159105 0.0929667 0.00713816 0.00875639 0.00669002 0.0771936 0.0127148 0.00880458 0 0.0485419 0.0247122 0.0160328 0.0123469 0.0126399 0.00873651 0.0117243 0.00891345 0.00982646 0.0086181 0.0147656 0.00946017 0.0201206 0.00908486 0.0094073 0.0116597 0.0108228 0.0201576 0.00956726 0.0143506 0.00947189 0.0107463 0.00905257 0.00843429 0.00947876 0.00882089 0.00970035 0.0114452 0.0100921 0.00846473 0.00900758 0.00841727 0.0092756 0.00925472 0.00894931 0.00839017 0.00887275 0.00844266 0.00844239 0.00843161 0.00848177 0.00847661 0.0101852 0.00836682 0.0106835 0.00814336 0.00858532 0.00814131 0.00932492 0.00827528 0.00822863 0.00830535 0.00841841 0.00824838 0.00820822 0.00820035 0.00819421 0.00813545 0.00854162 0.00834638 0.00814006 0.00837195 
0.0105308 0.00925834 0.00886934 0.0102086 0.00898566 0.0106666 0.00914274 0.0201057 0.0130915 0.00861353 0.0294959 0.00852869 0.0172614 0.0132466 0.00956919 0.0178805 0.00980862 0.0104117 0.00801888 0.00983925 0.0122341 0.0080103 0.0109256 0.00693867 0.0485419 0 0.00376561 0.00402571 0.00761206 0.0128938 0.0150982 0.0154749 0.00856376 0.0114889 0.00843104 0.014996 0.0134551 0.0100238 0.00901202 0.00883068 0.0199633 0.0102992 0.0093784 0.0216992 0.0110214 0.0125555 0.00955543 0.00936202 0.00872214 0.0114353 0.00886438 0.0191842 0.00949031 0.0108058 0.00880601 0.0108181 0.00860323 0.0146596 0.00895788 0.00875831 0.00881711 0.00945756 0.00869713 0.00923085 0.0087141 0.00958483 0.0106964 0.00846928 0.00850053 0.00910606 0.00810404 0.00917519 0.00853612 0.00861855 0.00822496 0.00899152 0.00835347 0.00894262 0.0082996 0.00869292 0.00831712 0.00843192 0.00847274 0.00801559 0.00817223 0.00810197 0.00872312 
0.00875989 0.00965162 0.0129935 0.00877406 0.0161768 0.00889993 0.0342446 0.00892077 0.00876159 0.0834801 0.00848882 0.0406626 0.00844473 0.00874059 0.0497345 0.00878192 0.0144945 0.00857982 0.0124078 0.0105593 0.00939488 0.010516 0.0123392 0.0844932 0.0247122 0.00376561 0 0.00382373 0.0216216 0.00909041 0.0190233 0.0081573 0.0138873 0.00818272 0.0159978 0.00876057 0.0114007 0.00879725 0.00946358 0.0147153 0.00892902 0.00996701 0.0192529 0.0134018 0.0152316 0.0104602 0.00887808 0.00892218 0.013364 0.0086647 0.0520767 0.00880649 0.0132535 0.00881298 0.0181333 0.00859078 0.0250988 0.00856005 0.00991032 0.00898292 0.0110096 0.00876478 0.0108281 0.00855428 0.0103084 0.00889711 0.00945055 0.00835647 0.00876321 0.00800299 0.0120411 0.00826067 0.00909916 0.00804434 0.00970535 0.00841893 0.00933605 0.00857551 0.00959373 0.00842457 0.00886958 0.00840606 0.00836695 0.00819254 0.0082098 0.00956393 0.0080987 
0.0155849 0.0105634 0.00865219 0.0167826 0.00894769 0.0137947 0.00885672 0.0143558 0.109868 0.00871395 0.0172239 0.00858581 0.0147707 0.0638385 0.00925951 0.0185666 0.00900283 0.0213389 0.00881949 0.0112939 0.00884619 0.0128114 0.0122592 0.0290518 0.0160328 0.00402571 0.00382373 0 0.0111373 0.0424587 0.00730894 0.0115217 0.00768386 0.0125561 0.00800756 0.0137516 0.00803556 0.0149612 0.0104372 0.00862947 0.0152765 0.0151797 0.0123145 0.0102374 0.0126998 0.0113391 0.0131196 0.011046 0.0086093 0.0194969 0.00866146 0.0152747 0.0142034 0.0174883 0.00869153 0.0161091 0.00849566 0.0144113 0.0111022 0.0130657 0.00882757 0.0118625 0.0087206 0.0114434 0.00894945 0.00944082 0.00867468 0.0102979 0.0083044 0.0164651 0.00839054 0.0102191 0.00820847 0.0118777 0.00856495 0.00918938 0.0085377 0.0100107 0.00860806 0.00925838 0.00849672 0.00854949 0.00822184 0.00916992 0.00909902 0.00823785 0.00886932 
0.01053 0.00877771 0.0149423 0.00855704 0.0151031 0.00915191 0.0168549 0.0156826 0.00884231 0.0200282 0.00856813 0.0160051 0.0109328 0.0102071 0.0211736 0.00883525 0.0165469 0.00912434 0.0141493 0.00914963 0.155488 0.0116582 0.0120533 0.0189949 0.0123469 0.00761206 0.0216216 0.0111373 0 0.00375996 0.00374887 0.00371295 0.00396668 0.00374532 0.00499253 0.00387053 0.0180193 0.00686137 0.00699579 0.0103389 0.0141997 0.013607 0.00820641 0.265443 0.0167089 0.0149089 0.0143612 0.0086559 0.0203717 0.00867168 0.0261023 0.0158625 0.0346473 0.00891496 0.0213873 0.0085784 0.01572 0.0116469 0.0209964 0.00866031 0.0140745 0.00874468 0.0161121 0.00858698 0.0133735 0.00908762 0.063617 0.0082111 0.0123279 0.00830875 0.0129649 0.00828787 0.0246543 0.00830078 0.0103885 0.0086169 0.0118815 0.0086102 0.0141294 0.00852461 0.0175236 0.00849641 0.0192409 0.010231 0.00804338 0.0100014 0.00884829 
0.00878137 0.0142273 0.00848729 0.0250871 0.00924576 0.0179455 0.00994866 0.0116764 0.0129311 0.00859306 0.0251705 0.00875748 0.00994734 0.0124991 0.00896674 0.0283939 0.00906054 0.0200201 0.00863334 0.146583 0.00899954 0.00911699 0.0102641 0.0087413 0.0126399 0.0128938 0.00909041 0.0424587 0.00375996 0 0.00369814 0.00369843 0.00374579 0.00371254 0.0036701 0.00780092 0.0038221 0.00568235 0.00702771 0.00705218 0.011843 0.0073725 0.175757 0.00913558 0.0118505 0.0101108 0.00925665 0.0221179 0.00842067 0.0264831 0.00910342 0.0113726 0.00907152 0.0498789 0.00871929 0.0254562 0.0088539 0.0113455 0.00903212 0.0167387 0.009216 0.0275823 0.00900984 0.0302066 0.00920921 0.0369162 0.00853676 0.00920215 0.00824859 0.00972332 0.00822338 0.0163671 0.00827273 0.00891563 0.00869237 0.010588 0.00932758 0.0176729 0.00880649 0.0250032 0.00924275 0.0127667 0.0082787 0.00799155 0.00916921 0.00833558 0.00850027 
0.00892623 0.00877863 0.0457218 0.00958021 0.0608652 0.0124759 0.0380621 0.00925497 0.00881434 0.0279288 0.00904531 0.0210872 0.00854179 0.00897351 0.0355838 0.00985456 0.0705955 0.00989197 0.171814 0.0093104 0.00957846 0.00890273 0.00849157 0.0109441 0.00873651 0.0150982 0.0190233 0.00730894 0.00374887 0.00369814 0 0.0036959 0.00371647 0.00370231 0.00575722 0.00371739 0.00385868 0.00557029 0.00621198 0.00904662 0.00704929 0.0658479 0.00846213 0.0641584 0.0104044 0.00869068 0.010918 0.00867556 0.0429786 0.00899674 0.0210315 0.00906677 0.0212608 0.00924722 0.0852612 0.0090589 0.0273908 0.00884417 0.0176769 0.00945618 0.0616188 0.0106662 0.0833034 0.0108 0.0937107 0.00909227 0.0103546 0.00826917 0.00850206 0.00821369 0.0176729 0.00847499 0.0100084 0.00822561 0.013584 0.0111781 0.044304 0.0113315 0.0694071 0.0106807 0.0392674 0.00889966 0.0111669 0.008601 0.00830877 0.0105504 0.00829581 
0.00904291 0.0175347 0.00932754 0.067678 0.0122094 0.0907165 0.0112698 0.0117137 0.0126872 0.00892647 0.0650258 0.00913328 0.0133849 0.0133421 0.00955408 0.080379 0.0114012 0.25771 0.00995328 0.0162818 0.00902954 0.00868095 0.0102612 0.00863618 0.0117243 0.0154749 0.0081573 0.0115217 0.00371295 0.00369843 0.0036959 0 0.00376409 0.00372717 0.00370659 0.00371364 0.00376427 0.0108939 0.00717114 0.00687014 0.0149541 0.00774289 0.0637666 0.0107307 0.00911309 0.010447 0.00916693 0.0211415 0.00896233 0.0579528 0.00911821 0.0143151 0.00934518 0.0565089 0.00964105 0.0835944 0.00922105 0.0272716 0.00966388 0.0327894 0.0127795 0.114228 0.0130573 0.168718 0.0121772 0.0209052 0.00881227 0.00887468 0.00843871 0.0110353 0.00853227 0.0152217 0.00844951 0.0094482 0.00993683 0.0290278 0.0132761 0.0712305 0.0117326 0.0612498 0.0124352 0.0220776 0.00868657 0.00824046 0.00994869 0.00877257 0.00857139 
0.00971634 0.00916469 0.0571459 0.010482 0.114619 0.0118424 0.020529 0.00925225 0.00882623 0.0367646 0.00917642 0.0344032 0.00875907 0.00911782 0.0348034 0.0104012 0.280675 0.0106181 0.0439686 0.0093395 0.00991899 0.00909593 0.00857684 0.0108455 0.00891345 0.00856376 0.0138873 0.00768386 0.00396668 0.00374579 0.00371647 0.00376409 0 0.00369792 0.00371159 0.00370367 0.0037968 0.00487865 0.00525226 0.0119532 0.0134527 0.0914233 0.00878606 0.012974 0.0107545 0.0089977 0.0125502 0.00894252 0.0409962 0.00924024 0.0385608 0.0092638 0.0179363 0.00966972 0.0878512 0.00929362 0.0543987 0.00916114 0.0178198 0.0102037 0.105914 0.0123489 0.215867 0.0118126 0.0794275 0.00970979 0.00991281 0.00845429 0.00906179 0.00834002 0.0161 0.00886863 0.0111086 0.00848092 0.0190745 0.0127253 0.0736432 0.014219 0.108375 0.0122503 0.0383668 0.00927902 0.00929806 0.00880096 0.00842826 0.0107686 0.00838973 
0.00882041 0.0142142 0.0088637 0.0590605 0.0100469 0.0328103 0.00930775 0.00948068 0.0145262 0.0087551 0.0506189 0.00877745 0.00996085 0.013481 0.00896799 0.158902 0.0100738 0.061606 0.00946402 0.0132476 0.00875973 0.00868131 0.00964843 0.00885643 0.00982646 0.0114889 0.00818272 0.0125561 0.00374532 0.00371254 0.00370231 0.00372717 0.00369792 0 0.00370147 0.0036601 0.00370601 0.00421691 0.00989469 0.00785703 0.853207 0.00692517 0.012 0.00691187 0.00853269 0.00990808 0.00912057 0.0160511 0.00868316 0.0535317 0.00876421 0.0120271 0.00923505 0.0520756 0.00916998 0.10327 0.0088434 0.0133328 0.0094663 0.029122 0.0110041 0.164023 0.0102668 0.0718461 0.0104394 0.0133286 0.00871683 0.00904644 0.00844519 0.0110866 0.00843098 0.0147803 0.00850556 0.00975088 0.00897259 0.026279 0.010915 0.0614267 0.00989564 0.0316107 0.0100817 0.010018 0.00843287 0.0081876 0.00923175 0.0084254 0.0085429 
0.0088296 0.00862837 0.0385591 0.00889548 0.0348891 0.0106531 0.0116916 0.00900373 0.00863614 0.0346255 0.00885019 0.0176999 0.00845502 0.00855293 0.102711 0.0093238 0.0490825 0.00966978 0.0258528 0.00895399 0.00976044 0.0090405 0.00855353 0.0109986 0.0086181 0.00843104 0.0159978 0.00800756 0.00499253 0.0036701 0.00575722 0.00370659 0.00371159 0.00370147 0 0.00368598 0.00373865 0.00848647 0.00918273 0.927723 0.00716673 0.00752538 0.00702367 0.0100243 0.00999988 0.00843626 0.0109254 0.00848247 0.0425286 0.00872032 0.0237154 0.00914794 0.0181328 0.00878184 0.102457 0.00899906 0.022151 0.00879279 0.0168851 0.0090805 0.104568 0.00983007 0.0534989 0.00940767 0.0287811 0.0089905 0.00999545 0.00823634 0.00869675 0.00815565 0.0170262 0.00852332 0.010952 0.00831467 0.0153863 0.0102463 0.0431653 0.0106142 0.0336337 0.00951485 0.016175 0.00871544 0.00880923 0.00893251 0.00825418 0.00991413 0.00830203 
0.00877093 0.0117834 0.00837023 0.0162779 0.00873852 0.0103868 0.00893241 0.00882575 0.0161495 0.00849917 0.0168413 0.00853549 0.00947251 0.0613631 0.0089535 0.018993 0.00914208 0.0150352 0.00866182 0.0114366 0.00850613 0.00918931 0.0109745 0.00917117 0.0147656 0.014996 0.00876057 0.0137516 0.00387053 0.00780092 0.00371739 0.00371364 0.00370367 0.0036601 0.00368598 0 0.00384095 0.01015 0.951868 0.00460992 0.00519171 0.00650325 0.0158042 0.00608305 0.00814345 0.0146905 0.00901114 0.0196005 0.00837504 0.0174251 0.00861227 0.0122039 0.00929405 0.0562222 0.00879703 0.0222192 0.00864917 0.0113205 0.00897678 0.0665016 0.00911975 0.0197338 0.00887504 0.0155142 0.00920212 0.0110859 0.00840326 0.00957442 0.00826656 0.0114844 0.00841647 0.0124541 0.00816407 0.0104968 0.00866982 0.0106777 0.00874067 0.0127221 0.00853618 0.0098962 0.00859847 0.00903972 0.00818359 0.00813832 0.00886727 0.00818276 0.00820552 
0.0119981 0.00832599 0.0096312 0.00838893 0.00952309 0.0085911 0.00864804 0.00884345 0.0103207 0.0119343 0.00845236 0.00923396 0.00889107 0.0115632 0.0130016 0.00895669 0.0106433 0.00887889 0.00963416 0.00854676 0.00935092 0.0130841 0.00900344 0.0197919 0.00946017 0.0134551 0.0114007 0.00803556 0.0180193 0.0038221 0.00385868 0.00376427 0.0037968 0.00370601 0.00373865 0.00384095 0 0.949732 0.0039548 0.00402035 0.00394426 0.00954836 0.00579254 0.00749822 0.015402 0.00855023 0.0153787 0.00832346 0.0113705 0.00854564 0.0110766 0.00945746 0.0591885 0.00885348 0.0125621 0.0085833 0.0102944 0.00928216 0.0673181 0.00887499 0.0109181 0.00880319 0.0112689 0.0085728 0.00961186 0.00850015 0.0101055 0.00894475 0.00927035 0.00913508 0.010194 0.00818096 0.0101261 0.0094782 0.00983048 0.00832253 0.00966133 0.00844247 0.00926803 0.00838341 0.00852417 0.00819087 0.00825785 0.0102226 0.00807808 0.0082996 0.00809628 
0.00857024 0.00844681 0.008362 0.00849669 0.00847363 0.00863268 0.00849226 0.0124181 0.00895828 0.00857904 0.00857256 0.00894199 0.0103083 0.0101362 0.00921906 0.00902393 0.00913327 0.00901998 0.00885379 0.00928938 0.0136532 0.00926377 0.0117335 0.00998157 0.0201206 0.0100238 0.00879725 0.0149612 0.00686137 0.00568235 0.00557029 0.0108939 0.00487865 0.00421691 0.00848647 0.01015 0.949732 0 0.00397524 0.00389127 0.00479615 0.00456485 0.00472438 0.0848164 0.00905044 0.0106179 0.00949933 0.00853511 0.00936081 0.00940673 0.0120405 0.0175777 0.0129253 0.0100442 0.00969337 0.0100123 0.00905724 0.0153594 0.011121 0.00883749 0.00909482 0.00922339 0.0091983 0.00881029 0.0088472 0.00935063 0.0162438 0.00851332 0.00921166 0.00894055 0.00849834 0.00862235 0.0113513 0.00848633 0.00841631 0.00822704 0.00844574 0.0083601 0.00843282 0.00818568 0.00835764 0.00827769 0.00897326 0.00814018 0.00803945 0.00818186 0.00882261 
0.008157 0.00851111 0.00828715 0.00872447 0.00846246 0.00910605 0.00882095 0.00879974 0.00888852 0.00840879 0.00931438 0.00843647 0.00849209 0.00922314 0.00896139 0.0101502 0.00890436 0.00965256 0.00867508 0.0102289 0.00862 0.00907727 0.00888159 0.00932825 0.00908486 0.00901202 0.00946358 0.0104372 0.00699579 0.00702771 0.00621198 0.00717114 0.00525226 0.00989469 0.00918273 0.951868 0.0039548 0.00397524 0 0.00424074 0.00376257 0.00412515 0.0673424 0.0277194 0.00711061 0.00771326 0.00883763 0.00971381 0.00839472 0.0116506 0.00935364 0.00941355 0.00914487 0.0118303 0.00873625 0.0103895 0.00902156 0.00889614 0.00893557 0.00970017 0.0089853 0.0102445 0.00873386 0.00965533 0.00883467 0.0102106 0.00883318 0.0085978 0.00829119 0.00849058 0.00822062 0.00931429 0.00826164 0.00824247 0.00834276 0.00882776 0.00840628 0.00909514 0.00831631 0.00883569 0.00835942 0.00871101 0.00812621 0.00797799 0.00817486 0.00821572 0.0081969 
0.00828481 0.00833431 0.00871278 0.00824059 0.00883039 0.00849066 0.00891027 0.00862934 0.00842495 0.00966448 0.00840388 0.00935268 0.00819239 0.00865554 0.0108677 0.00872485 0.00980329 0.00878831 0.00925872 0.00881644 0.00870761 0.00906049 0.00883837 0.00940547 0.0094073 0.00883068 0.0147153 0.00862947 0.0103389 0.00705218 0.00904662 0.00687014 0.0119532 0.00785703 0.927723 0.00460992 0.00402035 0.00389127 0.00424074 0 0.00371294 0.0104168 0.0245811 0.0145504 0.00766874 0.0067847 0.00876555 0.00863623 0.0112104 0.0087097 0.0123257 0.0087103 0.0112648 0.00896966 0.0119237 0.0087103 0.0108972 0.0086046 0.009885 0.00902363 0.0100728 0.00879861 0.0100699 0.00870842 0.00969402 0.00877074 0.00865055 0.00841206 0.00854132 0.00826138 0.009538 0.00830938 0.00865167 0.00828907 0.00909836 0.00833059 0.00916462 0.00846688 0.00926811 0.00840186 0.00876202 0.00835873 0.00826238 0.00812899 0.00802002 0.00850488 0.0080009 
0.0107759 0.00877779 0.00824586 0.00916177 0.00831758 0.00883453 0.00832868 0.00936388 0.0199501 0.00829921 0.00922992 0.00830277 0.0102984 0.0195961 0.00908694 0.0108246 0.00876486 0.0103518 0.00867033 0.00914089 0.00907461 0.0111673 0.0104434 0.012455 0.0116597 0.0199633 0.00892902 0.0152765 0.0141997 0.011843 0.00704929 0.0149541 0.0134527 0.853207 0.00716673 0.00519171 0.00394426 0.00479615 0.00376257 0.00371294 0 0.0172042 0.00551774 0.00447073 0.00791793 0.00781892 0.0126925 0.00972567 0.00841958 0.012847 0.00869787 0.0140344 0.0170394 0.0131143 0.00867393 0.010899 0.00870511 0.0122207 0.013014 0.011534 0.00898369 0.0104641 0.00894667 0.0102207 0.00893477 0.0091974 0.00917969 0.0107183 0.00855468 0.0158715 0.00851973 0.00942396 0.00844567 0.011596 0.00857056 0.00908038 0.00847375 0.00979974 0.00830775 0.00878722 0.00835914 0.00831339 0.00822415 0.00921704 0.00845298 0.00804872 0.00879775 
0.0084112 0.00831713 0.00912243 0.00826248 0.00918576 0.00854906 0.00865591 0.00993692 0.00854055 0.00949098 0.0083949 0.00912248 0.00907266 0.00906611 0.0105878 0.00883195 0.0101653 0.00880702 0.00946144 0.00864298 0.0124916 0.0093856 0.0101275 0.011629 0.0108228 0.0102992 0.00996701 0.0151797 0.013607 0.0073725 0.0658479 0.00774289 0.0914233 0.00692517 0.00752538 0.00650325 0.00954836 0.00456485 0.00412515 0.0104168 0.0172042 0 0.0038806 0.00377603 0.00493014 0.0106538 0.00966289 0.00772805 0.0116741 0.00785085 0.0167437 0.0169135 0.018323 0.00890652 0.0131046 0.00883279 0.0105597 0.011647 0.0164265 0.00885735 0.0126644 0.00884612 0.010817 0.00883031 0.0101694 0.00918768 0.0160385 0.00841512 0.00971339 0.00865537 0.0100197 0.00849148 0.0123691 0.00842467 0.0090936 0.0084639 0.00914931 0.00860483 0.00976646 0.00840743 0.0090053 0.00830121 0.00899394 0.00858075 0.00802645 0.00849939 0.00843256 
