1BS1A
SKRYFVTGTDTEVGKTVASCALLQAAKAAGYRTAGYKPVASGSEKTPEGLRNSDALALQRNSSLQLDYATVNPYTFAEPTSPHIISAQEGRPIESLVMSAGLRALEQQADWVLVEGAGGWFTPLSDTFTFADWVTQEQLPVILVVGVKLGCINHAMLTAQVIQHAGLTLAGWVANDVTPPGKRHAEYMTTLTRMIPAPLLGEIPWLAENPENAATGKYINLALL
CEEEEEEECCCCCCHHHHHHHHHHHHHHCCCCEEEECCEEECCECCCCCCECHHHHHHHHCCCCCCCHHHHCCEEECCCCCHHHHHHHHCCCCCHHHHHHHHHHHHCCCCEEEEECCCCCCCEEECCEEHHHHHHHHCCCEEEEEECCCCHHHHHHHHHHHHHHCCCCEEEEEEECCCCCCCCHHHHHHHHHHHCCCCEEEEECCCCCCHHHCCCHHHECHHHC
0 0 0 0 0 0 0 0 0 0 0 0 0 0 0 0 0 0 0 0 0 0 0 0 0 0 0 0 0 0 0 0 0 0 0 0 0 0 0 0 0 0 0 0 0 0 0 0 0 0 0 0 0 0 0 0 0 0 0 0 0 0 0 0 0 0 0 0 0 0 0 0 0 0 0 0 0 0 0 0 0 0 0 0 0 0 0 0 0 0 0 0 0 0 0 0 0 0 0 0 0 0 0 0 0 0 0 0 0 0 0 0 0 0 0 0 0 0 0 0 0 0 0 0 0 0 0 0 0 0 0 0 0 0 0 0 0 0 0 0 0 0 0 0 0 0 0 0 0 0 0 0 0 0 0 0 0 0 0 0 0 0 0 0 0 0 0 0 0 0 0 0 0 0 0 0 0 0 0 0 0 0 0 0 0 0 0 0 0 0 0 0 0 0 0 0 0 0 0 0 0 0 0 0 0 0 0 0 0 0 0 0 0 0 0 0 0 0 0 0 0 0 0 0 
0 0 0 0 0 0 0 0 0 0 0 0 0 0 0 0 0 0 0 0 0 0 0 0 0 0 0 0 0 0 0 0 0 0 0 0 0 0 0 0 0 0 0 0 0 0 0 0 0 0 0 0 0 0 0 0 0 0 0 0 0 0 0 0 0 0 0 0 0 0 0 0 0 0 0 0 0 0 0 0 0 0 0 0 0 0 0 0 0 0 0 0 0 0 0 0 0 0 0 0 0 0 0 0 0 0 0 0 0 0 0 0 0 0 0 0 0 0 0 0 0 0 0 0 0 0 0 0 0 0 0 0 0 0 0 0 0 0 0 0 0 0 0 0 0 0 0 0 0 0 0 0 0 0 0 0 0 0 0 0 0 0 0 0 0 0 0 0 0 0 0 0 0 0 0 0 0 0 0 0 0 0 0 0 0 0 0 0 0 0 0 0 0 0 0 0 0 0 0 0 0 0 0 0 0 0 0 0 0 0 0 0 0 0 0 0 0 0 0 0 0 0 0 0 
0 0.0045261 0.0037513 0.0037956 0.00382938 0.00580959 0.00650479 0.166107 0.0121238 0.0130209 0.0256274 0.0182119 0.00995277 0.017403 0.0108137 0.0114411 0.00939817 0.00857812 0.0155175 0.00886431 0.0086138 0.00869417 0.0086932 0.00925263 0.00827795 0.00811265 0.00844142 0.00815072 0.00836053 0.00850512 0.00836358 0.00898219 0.00893172 0.00838453 0.00883041 0.00846775 0.00805494 0.00840866 0.00836287 0.00824197 0.00818171 0.00860755 0.00815724 0.00805807 0.00816509 0.00832968 0.00825942 0.00845065 
0.0045261 0 0.00400822 0.00377327 0.00381886 0.00423257 0.00397048 0.0343116 0.109112 0.01968 0.0109179 0.0178763 0.0212541 0.0106015 0.00951596 0.00940607 0.00968655 0.0138024 0.00900151 0.00923458 0.0109725 0.010727 0.00922993 0.00866096 0.00823885 0.0083143 0.00828526 0.00823704 0.00840081 0.0084692 0.00900447 0.00968512 0.00944303 0.00901603 0.00857054 0.00816192 0.0083808 0.00857749 0.00871643 0.00842991 0.00859589 0.00826005 0.00808242 0.0082523 0.00828523 0.00843236 0.008093 0.00812809 
0.0037513 0.00400822 0 0.00389185 0.00374392 0.00377463 0.00414105 0.0556778 0.0341987 0.0263435 0.0123222 0.0169683 0.0128193 0.0115537 0.00887259 0.00882769 0.0126291 0.00910828 0.0102788 0.0112259 0.0148602 0.0197888 0.0123043 0.00905032 0.00822331 0.00842721 0.00819964 0.00834235 0.00822308 0.00995571 0.0109022 0.0136761 0.0124624 0.0101796 0.00895515 0.00869614 0.00870087 0.0100958 0.00939615 0.00921667 0.00886134 0.00856024 0.00823072 0.00836243 0.00868911 0.00848114 0.00818531 0.00877231 
0.0037956 0.00377327 0.00389185 0 0.00379917 0.00372855 0.00375591 0.053879 0.0563894 0.0248601 0.0199517 0.0202621 0.0187161 0.0142512 0.00914787 0.00929895 0.0103171 0.0130358 0.00967685 0.0101415 0.0199331 0.0300315 0.0134104 0.00974477 0.00855308 0.00848438 0.00843404 0.00831628 0.00854932 0.00982195 0.0120923 0.019632 0.0161597 0.0103434 0.00949919 0.00856627 0.00914939 0.00994381 0.00989398 0.0094156 0.00976586 0.00849645 0.00832141 0.00858923 0.00868282 0.00852813 0.00812109 0.00816212 
0.00382938 0.00381886 0.00374392 0.00379917 0 0.00370401 0.0037136 0.0317735 0.0583338 0.0550762 0.0171165 0.0218237 0.0177878 0.0164866 0.00857434 0.00869288 0.011406 0.00999549 0.0108034 0.011369 0.0153978 0.0332576 0.0232434 0.0100744 0.00817546 0.00869104 0.00822809 0.00853197 0.00843361 0.00964084 0.0123539 0.0219945 0.0169531 0.0119238 0.00927426 0.00894708 0.00891528 0.0108965 0.0100177 0.00995633 0.0101458 0.00855896 0.00839079 0.00847786 0.00884155 0.00836208 0.00818158 0.00831094 
0.00580959 0.00423257 0.00377463 0.00372855 0.00370401 0 0.00372506 0.0158015 0.0374226 0.1894 0.0363747 0.0142841 0.0786287 0.0283658 0.0103357 0.0104199 0.0100336 0.0180076 0.0097766 0.00964427 0.012128 0.0168371 0.0140204 0.0108857 0.00847445 0.0084821 0.00826777 0.00843553 0.00902731 0.0090183 0.0104507 0.0129033 0.0110922 0.00984938 0.00904408 0.00832759 0.00883862 0.00924861 0.00914562 0.00892035 0.0088245 0.00827447 0.00814659 0.00838358 0.00846726 0.00826111 0.00802892 0.00808416 
0.00650479 0.00397048 0.00414105 0.00375591 0.0037136 0.00372506 0 0.02142 0.0143848 0.0437706 0.223048 0.0359425 0.0162299 0.13179 0.0155335 0.0155187 0.0168995 0.00922906 0.0131448 0.012582 0.00994875 0.0096181 0.00990089 0.012121 0.00873577 0.0085513 0.00831944 0.00945432 0.00884702 0.011206 0.00982799 0.00955143 0.00905139 0.00900842 0.00940548 0.00933228 0.00823881 0.00850291 0.00858043 0.00836712 0.00835339 0.00867757 0.00832235 0.00810025 0.00830191 0.00813323 0.0081922 0.0094406 
0.166107 0.0343116 0.0556778 0.053879 0.0317735 0.0158015 0.02142 0 0.00434761 0.00372963 0.0046006 0.00429585 0.00521813 0.0150522 0.0122697 0.0156979 0.0278626 0.0102041 0.0260447 0.0141772 0.0110061 0.0095935 0.0101422 0.0126268 0.0100126 0.00853738 0.00912547 0.0104322 0.00989217 0.0117082 0.0095963 0.0104173 0.00917126 0.00909826 0.010655 0.00967363 0.00822721 0.00833029 0.00846175 0.00840863 0.00841423 0.00902117 0.00816591 0.00806639 0.00814758 0.00817575 0.00821572 0.00957964 
0.0121238 0.109112 0.0341987 0.0563894 0.0583338 0.0374226 0.0143848 0.00434761 0 0.00379309 0.00369206 0.00478345 0.0115043 0.00747802 0.00652217 0.0081337 0.0140459 0.0184251 0.0106075 0.0106978 0.0175854 0.0241311 0.0130736 0.00939905 0.00838329 0.00881852 0.0082338 0.00860494 0.00862296 0.00955139 0.0123191 0.013765 0.0121586 0.0101471 0.00882322 0.00850343 0.00872246 0.00913233 0.00902859 0.00884526 0.0088836 0.00827008 0.00825342 0.00825849 0.00847664 0.0083261 0.00806194 0.0081318 
0.0130209 0.01968 0.0263435 0.0248601 0.0550762 0.1894 0.0437706 0.00372963 0.00379309 0 0.00378993 0.004139 0.0085337 0.00454107 0.00669619 0.00791352 0.0132574 0.0319437 0.0105398 0.00974727 0.016854 0.0243525 0.0287737 0.0124633 0.00842417 0.00878413 0.0084405 0.00866009 0.0091294 0.00944448 0.0125495 0.0162918 0.0147235 0.0118242 0.00904174 0.0085838 0.00896421 0.0098081 0.00949951 0.0093461 0.00957168 0.00843017 0.00818835 0.00841627 0.00856032 0.00883986 0.00812133 0.00803879 
0.0256274 0.0109179 0.0123222 0.0199517 0.0171165 0.0363747 0.223048 0.0046006 0.00369206 0.00378993 0 0.00553185 0.00418082 0.0050587 0.00859813 0.0149266 0.0274199 0.0112336 0.0188711 0.0177239 0.0115788 0.0110403 0.0152541 0.0252422 0.00975535 0.00896157 0.00933186 0.0114493 0.0102129 0.0138142 0.00985085 0.0106878 0.010603 0.00950817 0.011824 0.00961206 0.00840252 0.00882837 0.00904496 0.00871321 0.00867978 0.00927998 0.00836999 0.00810667 0.00832115 0.0080875 0.00830462 0.00921144 
0.0182119 0.0178763 0.0169683 0.0202621 0.0218237 0.0142841 0.0359425 0.00429585 0.00478345 0.004139 0.00553185 0 0.00371626 0.00377863 0.00725661 0.0168939 0.0649859 0.0132517 0.0526967 0.0164932 0.019321 0.016966 0.011926 0.0187279 0.0101878 0.0089853 0.0109001 0.0108684 0.0132967 0.0125293 0.0133028 0.013114 0.0113071 0.0106952 0.0139011 0.00970748 0.00846633 0.0091356 0.00898396 0.0088699 0.00877094 0.0103256 0.00835485 0.00812413 0.00843653 0.00836615 0.00856457 0.00874172 
0.00995277 0.0212541 0.0128193 0.0187161 0.0177878 0.0786287 0.0162299 0.00521813 0.0115043 0.0085337 0.00418082 0.00371626 0 0.00406535 0.00945076 0.012726 0.0136348 0.352241 0.0109137 0.0102734 0.017858 0.0158521 0.0246382 0.0110751 0.00832297 0.0121035 0.00830329 0.00933032 0.00946554 0.00943831 0.0126424 0.0139812 0.0117539 0.0126939 0.00915457 0.00854456 0.00919339 0.0092013 0.00915764 0.00887365 0.00985519 0.00834513 0.00811042 0.00831614 0.00845285 0.00846421 0.00813205 0.00804353 
0.017403 0.0106015 0.0115537 0.0142512 0.0164866 0.0283658 0.13179 0.0150522 0.00747802 0.00454107 0.0050587 0.00377863 0.00406535 0 0.0111972 0.0106611 0.0444263 0.0136993 0.0781591 0.0136122 0.0111953 0.013268 0.0164562 0.0354642 0.0109391 0.00884845 0.00978031 0.0101818 0.010297 0.0126404 0.0102981 0.0110651 0.011415 0.0102956 0.0121716 0.00937434 0.00856805 0.00903671 0.008984 0.00897085 0.00863538 0.00967867 0.00864905 0.00820695 0.00829856 0.00818571 0.00835837 0.00888239 
0.0108137 0.00951596 0.00887259 0.00914787 0.00857434 0.0103357 0.0155335 0.0122697 0.00652217 0.00669619 0.00859813 0.00725661 0.00945076 0.0111972 0 0.973643 0.0132387 0.0164293 0.0159216 0.0101171 0.00918887 0.0086157 0.00869114 0.011461 0.0096294 0.00845036 0.00946272 0.0105476 0.0113141 0.00969809 0.0084927 0.0083854 0.00829979 0.00849559 0.0103352 0.00883548 0.00802619 0.00796828 0.00796129 0.00796836 0.00810857 0.00898829 0.00847064 0.00801832 0.00797612 0.00833563 0.00819652 0.00972859 
0.0114411 0.00940607 0.00882769 0.00929895 0.00869288 0.0104199 0.0155187 0.0156979 0.0081337 0.00791352 0.0149266 0.0168939 0.012726 0.0106611 0.973643 0 0.0157826 0.0145757 0.037984 0.0156188 0.0103172 0.00882213 0.00902064 0.0125932 0.011637 0.00886041 0.0108249 0.0153801 0.0137718 0.0116802 0.00895179 0.00850266 0.00830844 0.00852694 0.0111315 0.00945308 0.00809921 0.00802166 0.00803868 0.00809133 0.00813102 0.00993628 0.00896718 0.0081253 0.0080683 0.00822643 0.00826191 0.0131011 
0.00939817 0.00968655 0.0126291 0.0103171 0.011406 0.0100336 0.0168995 0.0278626 0.0140459 0.0132574 0.0274199 0.0649859 0.0136348 0.0444263 0.0132387 0.0157826 0 0.00382488 0.00420648 0.115085 0.0308224 0.0186462 0.0140392 0.0225919 0.0110747 0.0100526 0.0125616 0.0133638 0.0147434 0.0183971 0.0135665 0.0128611 0.011737 0.0110266 0.0160314 0.0108836 0.00872968 0.00914157 0.00925042 0.00897963 0.0093919 0.0114614 0.00839164 0.00814079 0.00848168 0.00844801 0.00858459 0.00971906 
0.00857812 0.0138024 0.00910828 0.0130358 0.00999549 0.0180076 0.00922906 0.0102041 0.0184251 0.0319437 0.0112336 0.0132517 0.352241 0.0136993 0.0164293 0.0145757 0.00382488 0 0.00381548 0.0140059 0.063593 0.0252315 0.046548 0.0160944 0.0119748 0.0137615 0.00961847 0.0120525 0.0147442 0.01048 0.0165291 0.0134448 0.0122945 0.0174483 0.0101548 0.00868112 0.0100395 0.00907487 0.00925932 0.00910539 0.0100822 0.00870686 0.00849038 0.0084011 0.00849475 0.00870668 0.00815046 0.0081012 
0.0155175 0.00900151 0.0102788 0.00967685 0.0108034 0.0097766 0.0131448 0.0260447 0.0106075 0.0105398 0.0188711 0.0526967 0.0109137 0.0781591 0.0159216 0.037984 0.00420648 0.00381548 0 0.0212212 0.0145864 0.0209905 0.0693244 0.0872503 0.0143062 0.0121746 0.00995285 0.0199861 0.0106594 0.0264627 0.0120975 0.0124783 0.0124118 0.010891 0.0132033 0.0135835 0.00925803 0.009369 0.00936391 0.00896665 0.00944269 0.00973818 0.00979042 0.00829358 0.00874988 0.00825745 0.00841688 0.0114622 
0.00886431 0.00923458 0.0112259 0.0101415 0.011369 0.00964427 0.012582 0.0141772 0.0106978 0.00974727 0.0177239 0.0164932 0.0102734 0.0136122 0.0101171 0.0156188 0.115085 0.0140059 0.0212212 0 0.00411041 0.00372366 0.00380469 0.00410287 0.0257451 0.00779675 0.0235741 0.013887 0.0236592 0.0526915 0.065239 0.0222846 0.0183406 0.0149176 0.0233273 0.0287217 0.0134813 0.0170722 0.0166109 0.013383 0.0125427 0.0205312 0.0105327 0.00898713 0.00962897 0.00951928 0.0102758 0.00999192 
0.0086138 0.0109725 0.0148602 0.0199331 0.0153978 0.012128 0.00994875 0.0110061 0.0175854 0.016854 0.0115788 0.019321 0.017858 0.0111953 0.00918887 0.0103172 0.0308224 0.063593 0.0145864 0.00411041 0 0.00371773 0.00372428 0.00384055 0.00884192 0.0153205 0.0195739 0.0213642 0.0106808 0.0897063 0.109738 0.126051 0.050394 0.0460048 0.0157332 0.0174233 0.0363587 0.0375051 0.0559482 0.0248558 0.0314161 0.012694 0.0115231 0.0112537 0.0126306 0.0122139 0.0086578 0.0087953 
0.00869417 0.010727 0.0197888 0.0300315 0.0332576 0.0168371 0.0096181 0.0095935 0.0241311 0.0243525 0.0110403 0.016966 0.0158521 0.013268 0.0086157 0.00882213 0.0186462 0.0252315 0.0209905 0.00372366 0.00371773 0 0.00377655 0.00372047 0.0155411 0.00963953 0.0403698 0.00888855 0.00822005 0.0208983 0.112403 0.13943 0.244204 0.0381055 0.0169233 0.0122762 0.0294745 0.0821585 0.0870723 0.111857 0.0279715 0.0124352 0.00989195 0.0129313 0.0235551 0.0131047 0.00890649 0.00844459 
0.0086932 0.00922993 0.0123043 0.0134104 0.0232434 0.0140204 0.00990089 0.0101422 0.0130736 0.0287737 0.0152541 0.011926 0.0246382 0.0164562 0.00869114 0.00902064 0.0140392 0.046548 0.0693244 0.00380469 0.00372428 0.00377655 0 0.00401353 0.0124195 0.0620497 0.0120394 0.0118066 0.00954834 0.0195597 0.0459998 0.109336 0.0637277 0.254055 0.0277329 0.0155514 0.0192134 0.0312914 0.055849 0.0277939 0.0936651 0.0158623 0.0103936 0.0105147 0.0135624 0.0107756 0.00909662 0.00890125 
0.00925263 0.00866096 0.00905032 0.00974477 0.0100744 0.0108857 0.012121 0.0126268 0.00939905 0.0124633 0.0252422 0.0187279 0.0110751 0.0354642 0.011461 0.0125932 0.0225919 0.0160944 0.0872503 0.00410287 0.00384055 0.00372047 0.00401353 0 0.0479202 0.010236 0.0158839 0.00995219 0.0123648 0.0276573 0.0220614 0.023812 0.0358798 0.0433399 0.144834 0.0179621 0.0124295 0.0150919 0.0149308 0.0151401 0.0181335 0.0540067 0.0137318 0.00904348 0.00948212 0.00961093 0.00890962 0.00928712 
0.00827795 0.00823885 0.00822331 0.00855308 0.00817546 0.00847445 0.00873577 0.0100126 0.00838329 0.00842417 0.00975535 0.0101878 0.00832297 0.0109391 0.0096294 0.011637 0.0110747 0.0119748 0.0143062 0.0257451 0.00884192 0.0155411 0.0124195 0.0479202 0 0.00370504 0.00464971 0.00436965 0.279279 0.0200302 0.017127 0.0115122 0.0108614 0.0113282 0.0273643 0.0127322 0.0100822 0.00958346 0.00984812 0.00958096 0.009452 0.0151677 0.0100763 0.00839947 0.00827148 0.0096699 0.00845044 0.00878686 
0.00811265 0.0083143 0.00842721 0.00848438 0.00869104 0.0084821 0.0085513 0.00853738 0.00881852 0.00878413 0.00896157 0.0089853 0.0121035 0.00884845 0.00845036 0.00886041 0.0100526 0.0137615 0.0121746 0.00779675 0.0153205 0.00963953 0.0620497 0.010236 0.00370504 0 0.00385995 0.00970411 0.010227 0.0155724 0.0162734 0.011405 0.0114243 0.0304323 0.0102748 0.0123759 0.0103659 0.00950974 0.00915178 0.00920373 0.0130242 0.00911099 0.00881071 0.00879645 0.0090772 0.00846948 0.00925944 0.0102501 
0.00844142 0.00828526 0.00819964 0.00843404 0.00822809 0.00826777 0.00831944 0.00912547 0.0082338 0.0084405 0.00933186 0.0109001 0.00830329 0.00978031 0.00946272 0.0108249 0.0125616 0.00961847 0.00995285 0.0235741 0.0195739 0.0403698 0.0120394 0.0158839 0.00464971 0.00385995 0 0.6306 0.00420277 0.0139104 0.0128512 0.0123954 0.0121898 0.0116941 0.0218959 0.0118047 0.00943568 0.00937797 0.0092811 0.00929206 0.0091266 0.0127557 0.0103567 0.00845591 0.00847935 0.00899065 0.00817617 0.00940889 
0.00815072 0.00823704 0.00834235 0.00831628 0.00853197 0.00843553 0.00945432 0.0104322 0.00860494 0.00866009 0.0114493 0.0108684 0.00933032 0.0101818 0.0105476 0.0153801 0.0133638 0.0120525 0.0199861 0.013887 0.0213642 0.00888855 0.0118066 0.00995219 0.00436965 0.00970411 0.6306 0 0.00414641 0.0185611 0.0165882 0.0108911 0.0100316 0.0125926 0.0158167 0.0281415 0.010862 0.00964548 0.00973886 0.00935894 0.0119197 0.0150619 0.011404 0.00933615 0.00889473 0.0088791 0.0117646 0.013561 
0.00836053 0.00840081 0.00822308 0.00854932 0.00843361 0.00902731 0.00884702 0.00989217 0.00862296 0.0091294 0.0102129 0.0132967 0.00946554 0.010297 0.0113141 0.0137718 0.0147434 0.0147442 0.0106594 0.0236592 0.0106808 0.00822005 0.00954834 0.0123648 0.279279 0.010227 0.00420277 0.00414641 0 0.0140103 0.0106343 0.00883034 0.00758281 0.0136717 0.0185277 0.0193347 0.0118919 0.010214 0.00976255 0.00967298 0.0121769 0.0153414 0.0123954 0.00902918 0.00887378 0.0104884 0.00837252 0.0112584 
0.00850512 0.0084692 0.00995571 0.00982195 0.00964084 0.0090183 0.011206 0.0117082 0.00955139 0.00944448 0.0138142 0.0125293 0.00943831 0.0126404 0.00969809 0.0116802 0.0183971 0.01048 0.0264627 0.0526915 0.0897063 0.0208983 0.0195597 0.0276573 0.0200302 0.0155724 0.0139104 0.0185611 0.0140103 0 0.00393513 0.00381167 0.0039294 0.00384975 0.00467042 0.438728 0.0942999 0.0161532 0.0190303 0.0137982 0.0182143 0.0252378 0.0225017 0.0130327 0.0136447 0.0106175 0.0192172 0.0145258 
0.00836358 0.00900447 0.0109022 0.0120923 0.0123539 0.0104507 0.00982799 0.0095963 0.0123191 0.0125495 0.00985085 0.0133028 0.0126424 0.0102981 0.0084927 0.00895179 0.0135665 0.0165291 0.0120975 0.065239 0.109738 0.112403 0.0459998 0.0220614 0.017127 0.0162734 0.0128512 0.0165882 0.0106343 0.00393513 0 0.00381698 0.00380277 0.00384749 0.00398747 0.192585 0.122934 0.279355 0.0396278 0.0467159 0.0305065 0.0169026 0.0234554 0.0198062 0.0237809 0.0209999 0.0102823 0.0100307 
0.00898219 0.00968512 0.0136761 0.019632 0.0219945 0.0129033 0.00955143 0.0104173 0.013765 0.0162918 0.0106878 0.013114 0.0139812 0.0110651 0.0083854 0.00850266 0.0128611 0.0134448 0.0124783 0.0222846 0.126051 0.13943 0.109336 0.023812 0.0115122 0.011405 0.0123954 0.0108911 0.00883034 0.00381167 0.00381698 0 0.00374765 0.00375785 0.00376542 0.0667577 0.108053 0.123091 0.481294 0.0736793 0.0495639 0.0156725 0.0155627 0.0245107 0.049342 0.0210744 0.00990858 0.00959386 
0.00893172 0.00944303 0.0124624 0.0161597 0.0169531 0.0110922 0.00905139 0.00917126 0.0121586 0.0147235 0.010603 0.0113071 0.0117539 0.011415 0.00829979 0.00830844 0.011737 0.0122945 0.0124118 0.0183406 0.050394 0.244204 0.0637277 0.0358798 0.0108614 0.0114243 0.0121898 0.0100316 0.00758281 0.0039294 0.00380277 0.00374765 0 0.00376604 0.00371863 0.0544935 0.0684797 0.206304 0.141073 0.473308 0.0367937 0.022003 0.0140505 0.0193127 0.0453214 0.0175744 0.00972883 0.00990948 
0.00838453 0.00901603 0.0101796 0.0103434 0.0119238 0.00984938 0.00900842 0.00909826 0.0101471 0.0118242 0.00950817 0.0106952 0.0126939 0.0102956 0.00849559 0.00852694 0.0110266 0.0174483 0.010891 0.0149176 0.0460048 0.0381055 0.254055 0.0433399 0.0113282 0.0304323 0.0116941 0.0125926 0.0136717 0.00384975 0.00384749 0.00375785 0.00376604 0 0.00376774 0.0371068 0.0432095 0.0780044 0.123387 0.0548426 0.496929 0.0251706 0.0136588 0.0152572 0.0188112 0.0188101 0.0100495 0.00988529 
0.00883041 0.00857054 0.00895515 0.00949919 0.00927426 0.00904408 0.00940548 0.010655 0.00882322 0.00904174 0.011824 0.0139011 0.00915457 0.0121716 0.0103352 0.0111315 0.0160314 0.0101548 0.0132033 0.0233273 0.0157332 0.0169233 0.0277329 0.144834 0.0273643 0.0102748 0.0218959 0.0158167 0.0185277 0.00467042 0.00398747 0.00376542 0.00371863 0.00376774 0 0.0169269 0.0220335 0.031817 0.0278811 0.0461104 0.0645447 0.485947 0.017453 0.0103927 0.0101293 0.0111957 0.00936957 0.0144196 
0.00846775 0.00816192 0.00869614 0.00856627 0.00894708 0.00832759 0.00933228 0.00967363 0.00850343 0.0085838 0.00961206 0.00970748 0.00854456 0.00937434 0.00883548 0.00945308 0.0108836 0.00868112 0.0135835 0.0287217 0.0174233 0.0122762 0.0155514 0.0179621 0.0127322 0.0123759 0.0118047 0.0281415 0.0193347 0.438728 0.192585 0.0667577 0.0544935 0.0371068 0.0169269 0 0.0040541 0.00372098 0.00376962 0.00379027 0.00400608 0.00547107 0.10512 0.0152225 0.0145031 0.0106075 0.0229778 0.0199438 
0.00805494 0.0083808 0.00870087 0.00914939 0.00891528 0.00883862 0.00823881 0.00822721 0.00872246 0.00896421 0.00840252 0.00846633 0.00919339 0.00856805 0.00802619 0.00809921 0.00872968 0.0100395 0.00925803 0.0134813 0.0363587 0.0294745 0.0192134 0.0124295 0.0100822 0.0103659 0.00943568 0.010862 0.0118919 0.0942999 0.122934 0.108053 0.0684797 0.0432095 0.0220335 0.0040541 0 0.00370627 0.00370223 0.00373769 0.00366599 0.00390108 0.0519251 0.0489246 0.0131998 0.0221587 0.00923257 0.00962409 
0.00840866 0.00857749 0.0100958 0.00994381 0.0108965 0.00924861 0.00850291 0.00833029 0.00913233 0.0098081 0.00882837 0.0091356 0.0092013 0.00903671 0.00796828 0.00802166 0.00914157 0.00907487 0.009369 0.0170722 0.0375051 0.0821585 0.0312914 0.0150919 0.00958346 0.00950974 0.00937797 0.00964548 0.010214 0.0161532 0.279355 0.123091 0.206304 0.0780044 0.031817 0.00372098 0.00370627 0 0.00371896 0.00370308 0.00372065 0.00396752 0.102834 0.0469799 0.051352 0.0166608 0.00980179 0.00959477 
0.00836287 0.00871643 0.00939615 0.00989398 0.0100177 0.00914562 0.00858043 0.00846175 0.00902859 0.00949951 0.00904496 0.00898396 0.00915764 0.008984 0.00796129 0.00803868 0.00925042 0.00925932 0.00936391 0.0166109 0.0559482 0.0870723 0.055849 0.0149308 0.00984812 0.00915178 0.0092811 0.00973886 0.00976255 0.0190303 0.0396278 0.481294 0.141073 0.123387 0.0278811 0.00376962 0.00370223 0.00371896 0 0.00369098 0.00369503 0.00374396 0.0834973 0.161093 0.0471985 0.0273245 0.0103488 0.00952683 
0.00824197 0.00842991 0.00921667 0.0094156 0.00995633 0.00892035 0.00836712 0.00840863 0.00884526 0.0093461 0.00871321 0.0088699 0.00887365 0.00897085 0.00796836 0.00809133 0.00897963 0.00910539 0.00896665 0.013383 0.0248558 0.111857 0.0277939 0.0151401 0.00958096 0.00920373 0.00929206 0.00935894 0.00967298 0.0137982 0.0467159 0.0736793 0.473308 0.0548426 0.0461104 0.00379027 0.00373769 0.00370308 0.00369098 0 0.00386931 0.00369861 0.0266204 0.031386 0.27734 0.0191418 0.0102046 0.0096293 
0.00818171 0.00859589 0.00886134 0.00976586 0.0101458 0.0088245 0.00835339 0.00841423 0.0088836 0.00957168 0.00867978 0.00877094 0.00985519 0.00863538 0.00810857 0.00813102 0.0093919 0.0100822 0.00944269 0.0125427 0.0314161 0.0279715 0.0936651 0.0181335 0.009452 0.0130242 0.0091266 0.0119197 0.0121769 0.0182143 0.0305065 0.0495639 0.0367937 0.496929 0.0645447 0.00400608 0.00366599 0.00372065 0.00369503 0.00386931 0 0.00390091 0.0227683 0.0407404 0.0406759 0.372862 0.0137896 0.0117724 
0.00860755 0.00826005 0.00856024 0.00849645 0.00855896 0.00827447 0.00867757 0.00902117 0.00827008 0.00843017 0.00927998 0.0103256 0.00834513 0.00967867 0.00898829 0.00993628 0.0114614 0.00870686 0.00973818 0.0205312 0.012694 0.0124352 0.0158623 0.0540067 0.0151677 0.00911099 0.0127557 0.0150619 0.0153414 0.0252378 0.0169026 0.0156725 0.022003 0.0251706 0.485947 0.00547107 0.00390108 0.00396752 0.00374396 0.00369861 0.00390091 0 0.023449 0.0125414 0.02655 0.0380823 0.276134 0.0159522 
0.00815724 0.00808242 0.00823072 0.00832141 0.00839079 0.00814659 0.00832235 0.00816591 0.00825342 0.00818835 0.00836999 0.00835485 0.00811042 0.00864905 0.00847064 0.00896718 0.00839164 0.00849038 0.00979042 0.0105327 0.0115231 0.00989195 0.0103936 0.0137318 0.0100763 0.00881071 0.0103567 0.011404 0.0123954 0.0225017 0.0234554 0.0155627 0.0140505 0.0136588 0.017453 0.10512 0.0519251 0.102834 0.0834973 0.0266204 0.0227683 0.023449 0 0.00397284 0.00374921 0.00384781 0.00394004 0.0121887 
0.00805807 0.0082523 0.00836243 0.00858923 0.00847786 0.00838358 0.00810025 0.00806639 0.00825849 0.00841627 0.00810667 0.00812413 0.00831614 0.00820695 0.00801832 0.0081253 0.00814079 0.0084011 0.00829358 0.00898713 0.0112537 0.0129313 0.0105147 0.00904348 0.00839947 0.00879645 0.00845591 0.00933615 0.00902918 0.0130327 0.0198062 0.0245107 0.0193127 0.0152572 0.0103927 0.0152225 0.0489246 0.0469799 0.161093 0.031386 0.0407404 0.0125414 0.00397284 0 0.00374158 0.00375124 0.00492618 0.00939486 
0.00816509 0.00828523 0.00868911 0.00868282 0.00884155 0.00846726 0.00830191 0.00814758 0.00847664 0.00856032 0.00832115 0.00843653 0.00845285 0.00829856 0.00797612 0.0080683 0.00848168 0.00849475 0.00874988 0.00962897 0.0126306 0.0235551 0.0135624 0.00948212 0.00827148 0.0090772 0.00847935 0.00889473 0.00887378 0.0136447 0.0237809 0.049342 0.0453214 0.0188112 0.0101293 0.0145031 0.0131998 0.051352 0.0471985 0.27734 0.0406759 0.02655 0.00374921 0.00374158 0 0.00369822 0.00373901 0.00961034 
0.00832968 0.00843236 0.00848114 0.00852813 0.00836208 0.00826111 0.00813323 0.00817575 0.0083261 0.00883986 0.0080875 0.00836615 0.00846421 0.00818571 0.00833563 0.00822643 0.00844801 0.00870668 0.00825745 0.00951928 0.0122139 0.0131047 0.0107756 0.00961093 0.0096699 0.00846948 0.00899065 0.0088791 0.0104884 0.0106175 0.0209999 0.0210744 0.0175744 0.0188101 0.0111957 0.0106075 0.0221587 0.0166608 0.0273245 0.0191418 0.372862 0.0380823 0.00384781 0.00375124 0.00369822 0 0.00376308 0.0073566 
0.00825942 0.008093 0.00818531 0.00812109 0.00818158 0.00802892 0.0081922 0.00821572 0.00806194 0.00812133 0.00830462 0.00856457 0.00813205 0.00835837 0.00819652 0.00826191 0.00858459 0.00815046 0.00841688 0.0102758 0.0086578 0.00890649 0.00909662 0.00890962 0.00845044 0.00925944 0.00817617 0.0117646 0.00837252 0.0192172 0.0102823 0.00990858 0.00972883 0.0100495 0.00936957 0.0229778 0.00923257 0.00980179 0.0103488 0.0102046 0.0137896 0.276134 0.00394004 0.00492618 0.00373901 0.00376308 0 0.0233738 
0.00845065 0.00812809 0.00877231 0.00816212 0.00831094 0.00808416 0.0094406 0.00957964 0.0081318 0.00803879 0.00921144 0.00874172 0.00804353 0.00888239 0.00972859 0.0131011 0.00971906 0.0081012 0.0114622 0.00999192 0.0087953 0.00844459 0.00890125 0.00928712 0.00878686 0.0102501 0.00940889 0.013561 0.0112584 0.0145258 0.0100307 0.00959386 0.00990948 0.00988529 0.0144196 0.0199438 0.00962409 0.00959477 0.00952683 0.0096293 0.0117724 0.0159522 0.0121887 0.00939486 0.00961034 0.0073566 0.0233738 0 
