1BTKB
AAVILESIFLKRSQQKKKTSPLNFKKCLFLLTVHKLSYYEYDFERGRRGSKKGSIDVEKITCVETVVPEKNPPPERQIPRRGEESSEMEQISIIERFPYPFQVVYDEGPLYVFSPTEELRKRWIHQLKNVIRYNSDLVQKYHPCFWIDGQYLCCSQTAKNAMGCQILEN
CCCCEEEEEEEECCCCCCCCCCCEEEEEEEECCCEEEEEEEECCCCEEEEEEEEEEHHHCCEEEECCCCCCCCHHHCCCCCCCCCCCCCCCHHHHCCCEEEEEEECCEEEEEEECCHHHHHHHHHHHHHHHCCCCCCCCEECCCCEECCEECCCCCCCCCCCCCEECCC
0 0 0 0 0 0 0 0 0 0 0 0 0 0 0 0 0 0 0 0 0 0 0 0 0 0 0 0 0 0 0 0 0 0 0 0 0 0 0 0 0 0 0 0 0 0 0 0 0 0 0 0 0 0 0 0 0 0 0 0 0 0 0 0 0 0 0 0 0 0 0 0 0 0 0 0 0 0 0 0 0 0 0 0 0 0 0 0 0 0 0 0 0 0 0 0 0 0 0 0 0 0 0 0 0 0 0 0 0 0 0 0 0 0 0 0 0 0 0 0 0 0 0 0 0 0 0 0 0 0 0 0 0 0 0 0 0 0 0 0 0 0 0 0 0 0 0 0 0 0 0 0 0 0 0 0 0 0 0 0 0 0 0 0 0 0 0 0 0 
0 0 0 0 0 0 0 0 0 0 0 0 0 0 0 0 0 0 0 0 0 0 0 0 0 0 0 0 0 0 0 0 0 0 0 0 0 0 0 0 0 0 0 0 0 0 0 0 0 0 0 0 0 0 0 0 0 0 0 0 0 0 0 0 0 0 0 0 0 0 0 0 0 0 0 0 0 0 0 0 0 0 0 0 0 0 0 0 0 0 0 0 0 0 0 0 0 0 0 0 0 0 0 0 0 0 0 0 0 0 0 0 0 0 0 0 0 0 0 0 0 0 0 0 0 0 0 0 0 0 0 0 0 0 0 0 0 0 0 0 0 0 0 0 0 0 0 0 0 0 0 0 0 0 0 0 0 0 0 0 0 0 0 0 0 0 0 0 0 
0 0.00377354 0.00377346 0.00381643 0.0038549 0.00388753 0.00460605 0.0117205 0.0400958 0.00852822 0.0143586 0.0106915 0.0110848 0.012567 0.0197425 0.806175 0.0136048 0.0141962 0.0091961 0.0112286 0.0133642 0.00886447 0.0239519 0.0144509 0.0110696 0.00992995 0.0101395 0.00899684 0.00978492 0.0086933 0.0152868 0.00882064 0.0183777 0.0139963 0.0189315 0.0103369 0.0103983 0.0188543 0.00922655 0.00834916 0.00952383 0.00878487 0.00917233 0.00923418 0.0138419 0.00921609 0.00821145 0.00877618 0.00882322 0.00900406 0.00910389 0.0110128 0.00817585 0.00919121 0.00823314 0.00895738 0.00818197 0.00943712 0.00834558 0.00885397 
0.00377354 0 0.0037228 0.00369769 0.00372155 0.00371029 0.00436308 0.00422783 0.00878345 0.0210264 0.0089991 0.0118464 0.0126494 0.0395281 0.754702 0.0118982 0.0128177 0.0100308 0.0195875 0.0112854 0.00951315 0.017326 0.00938756 0.0112216 0.00950202 0.00928401 0.00865126 0.00928659 0.00875617 0.0110058 0.00892171 0.0264365 0.00924464 0.0127393 0.0103252 0.0142815 0.0117776 0.0111217 0.00859163 0.00946292 0.00931308 0.0132053 0.00995753 0.0103432 0.0092252 0.00812104 0.00869516 0.00916849 0.0107506 0.00996375 0.00993422 0.00882716 0.008319 0.00809525 0.00820689 0.00812726 0.00818686 0.00804519 0.00813432 0.00811375 
0.00377346 0.0037228 0 0.00376081 0.00371398 0.00366743 0.00371329 0.00375539 0.0123448 0.0097462 0.0130337 0.0133247 0.0433539 0.841329 0.0220918 0.0121938 0.00928375 0.019785 0.0131216 0.0156025 0.0211917 0.0110901 0.0169295 0.00905615 0.00915421 0.00944443 0.00980745 0.00914102 0.0116271 0.00930878 0.0298539 0.0117833 0.0178496 0.00924584 0.0144095 0.0207917 0.0143214 0.00957477 0.00915791 0.00995403 0.0193601 0.017439 0.0246968 0.0103611 0.00909581 0.00852158 0.00901991 0.0141781 0.0185373 0.0192246 0.0106479 0.00880403 0.00813858 0.00816559 0.00821249 0.00817815 0.00809561 0.008141 0.00812802 0.00801454 
0.00381643 0.00369769 0.00376081 0 0.00370789 0.00370044 0.00371456 0.00376763 0.00914524 0.00928342 0.0152269 0.0239525 0.81017 0.0314962 0.0213735 0.0121825 0.0100043 0.0115787 0.0170707 0.0204948 0.0165602 0.0140089 0.0110995 0.00931527 0.00929426 0.00922373 0.00932624 0.0101254 0.0109613 0.0135468 0.0152894 0.0147381 0.0112435 0.0101713 0.0136644 0.0189629 0.012579 0.0103454 0.0089586 0.0107638 0.0183813 0.0284603 0.0257319 0.0109227 0.00948967 0.00838814 0.00932172 0.0168039 0.0242204 0.0210025 0.0120964 0.00904351 0.00827339 0.00817276 0.00826911 0.0081639 0.00815725 0.00811156 0.00812051 0.00799375 
0.0038549 0.00372155 0.00371398 0.00370789 0 0.00373469 0.00369584 0.00374384 0.00902146 0.0133429 0.0137402 0.87009 0.0314635 0.022062 0.0324269 0.0122443 0.0106497 0.0104835 0.0230752 0.0216357 0.0167854 0.0169154 0.0106794 0.00958542 0.00983186 0.00924369 0.0104453 0.0103599 0.0131494 0.012482 0.0139916 0.0209091 0.0107937 0.0114665 0.0147041 0.0219549 0.0185247 0.0113209 0.00952876 0.0137133 0.0237412 0.0420696 0.0298491 0.0132269 0.00999851 0.00872249 0.0104953 0.0203624 0.0377338 0.0230663 0.0166337 0.00912041 0.0083778 0.00827677 0.00830964 0.00825557 0.00818626 0.00824052 0.00818528 0.0081426 
0.00388753 0.00371029 0.00366743 0.00370044 0.00373469 0 0.003694 0.00371661 0.0108444 0.0110186 0.874482 0.0197728 0.0219111 0.0309813 0.0209983 0.0147275 0.00926678 0.0141597 0.015776 0.0195751 0.0174729 0.0116528 0.0129768 0.00919887 0.00913265 0.0100453 0.00922875 0.0102353 0.0106973 0.0098218 0.0177413 0.0124239 0.0140176 0.00974098 0.0137986 0.0221706 0.0210151 0.0114041 0.0094008 0.0119638 0.0266508 0.0229859 0.0289372 0.0125706 0.0099666 0.00854603 0.0103803 0.0194796 0.0214383 0.0258017 0.0138778 0.00925972 0.00820661 0.0082839 0.00832401 0.00821421 0.00814809 0.00814666 0.00820376 0.00801535 
0.00460605 0.00436308 0.00371329 0.00371456 0.00369584 0.003694 0 0.00372105 0.0177323 0.937042 0.0112814 0.0116718 0.0146285 0.0205531 0.0372928 0.0128137 0.0121952 0.01312 0.0140393 0.0134889 0.0109343 0.0107016 0.010823 0.0100474 0.0106528 0.00973409 0.009793 0.00916244 0.00895574 0.00930607 0.00961807 0.0123294 0.0108747 0.0116105 0.0133356 0.0173216 0.0175284 0.0107889 0.0102521 0.0115259 0.0113824 0.0136442 0.0126913 0.011856 0.00893522 0.00920848 0.00937804 0.010605 0.0136748 0.0125547 0.0124772 0.00911329 0.0081395 0.00809 0.00811413 0.00815319 0.00811711 0.0081439 0.00810955 0.00799505 
0.0117205 0.00422783 0.00375539 0.00376763 0.00374384 0.00371661 0.00372105 0 0.934051 0.0124564 0.00785181 0.0132311 0.0117228 0.0136696 0.015923 0.0362748 0.0174172 0.012033 0.0108098 0.0108474 0.00958861 0.00889882 0.00925325 0.0135504 0.0168882 0.0104093 0.00882594 0.00881186 0.0088021 0.00886272 0.00975664 0.00922838 0.00906411 0.0124184 0.0226966 0.0108285 0.00956572 0.0126784 0.0128916 0.00877301 0.00921019 0.00938759 0.00902447 0.00875403 0.0097315 0.0115234 0.00892158 0.00906621 0.00939792 0.0091252 0.00900683 0.00910939 0.00857101 0.0081454 0.00857012 0.00816017 0.00854185 0.00819077 0.00840175 0.00811359 
0.0400958 0.00878345 0.0123448 0.00914524 0.00902146 0.0108444 0.0177323 0.934051 0 0.00386541 0.003846 0.0037596 0.00389622 0.00405692 0.00400388 0.011547 0.00650741 0.00762673 0.00684416 0.00896848 0.00993329 0.00762671 0.0403328 0.0942008 0.0132733 0.00975921 0.00928587 0.00892305 0.00971665 0.00882327 0.0171513 0.0085205 0.024023 0.014792 0.0173658 0.0102819 0.0110189 0.0205773 0.00974379 0.00844846 0.00942375 0.00893664 0.00941678 0.00930325 0.0178383 0.00990976 0.00831156 0.00887556 0.00888153 0.00908102 0.00938002 0.0122302 0.00840129 0.00978944 0.00837888 0.00943359 0.00815308 0.00972999 0.00840013 0.00910994 
0.00852822 0.0210264 0.0097462 0.00928342 0.0133429 0.0110186 0.937042 0.0124564 0.00386541 0 0.00374905 0.00372482 0.0043273 0.00369957 0.00454317 0.00394255 0.00638655 0.00625931 0.00743112 0.00865088 0.00702134 0.0170342 0.0283412 0.143207 0.00895641 0.00876335 0.00830818 0.00861924 0.008665 0.00977623 0.00846738 0.0157276 0.00889511 0.0179386 0.0105943 0.0124977 0.0117391 0.0118916 0.00881511 0.00925911 0.00917433 0.0116834 0.00967566 0.0117642 0.00923342 0.00820325 0.00871885 0.00863248 0.0112188 0.00970602 0.0105063 0.0090495 0.00840905 0.00811525 0.00828224 0.00831956 0.00835392 0.00805392 0.00824584 0.00832092 
0.0143586 0.0089991 0.0130337 0.0152269 0.0137402 0.874482 0.0112814 0.00785181 0.003846 0.00374905 0 0.00377249 0.00368904 0.00379166 0.00371182 0.00373101 0.00554144 0.00725955 0.00707278 0.00742801 0.0276598 0.0257267 0.242189 0.00871197 0.00860026 0.00842938 0.00904943 0.00889693 0.00943282 0.00911342 0.0143335 0.00896013 0.0109974 0.00925631 0.0133283 0.0131117 0.0132038 0.00929784 0.00933687 0.00976203 0.0164059 0.0154455 0.0220818 0.0108955 0.00911362 0.00878047 0.0093248 0.0143167 0.0148442 0.020303 0.0105865 0.00891434 0.00803575 0.00810963 0.00810515 0.00815709 0.00803165 0.00808702 0.00804599 0.0079457 
0.0106915 0.0118464 0.0133247 0.0239525 0.87009 0.0197728 0.0116718 0.0132311 0.0037596 0.00372482 0.00377249 0 0.00372188 0.00369332 0.00370937 0.00375209 0.00744129 0.00653453 0.00688616 0.0303713 0.0381097 0.303285 0.0101061 0.00794201 0.00834749 0.00864404 0.00883007 0.00940678 0.0100967 0.0106306 0.0103338 0.0119277 0.0099243 0.0097314 0.0150338 0.018459 0.0145293 0.0105277 0.00991298 0.0112447 0.0235638 0.0309529 0.0311868 0.0119855 0.0095588 0.00873533 0.0106768 0.0197921 0.0336772 0.0309964 0.0126024 0.00943394 0.00820883 0.00807816 0.00830767 0.0081833 0.00807412 0.00805894 0.00813202 0.00802734 
0.0110848 0.0126494 0.0433539 0.81017 0.0314635 0.0219111 0.0146285 0.0117228 0.00389622 0.0043273 0.00368904 0.00372188 0 0.00371164 0.00371126 0.00375733 0.00603303 0.00531299 0.0271392 0.0398144 0.63321 0.0122682 0.00865113 0.00791641 0.00875798 0.00889555 0.0101151 0.00972744 0.0132675 0.0102375 0.0120275 0.014603 0.0106342 0.0100945 0.0142987 0.0266901 0.0167491 0.0116227 0.010863 0.017507 0.0385659 0.0609128 0.0425053 0.0153165 0.00970902 0.00947517 0.0124124 0.0380618 0.0616521 0.0377967 0.0189933 0.00993439 0.00827912 0.00828348 0.00840937 0.00829794 0.00816212 0.00821257 0.00817394 0.00808363 
0.012567 0.0395281 0.841329 0.0314962 0.022062 0.0309813 0.0205531 0.0136696 0.00405692 0.00369957 0.00379166 0.00369332 0.00371164 0 0.00373294 0.00371434 0.00419084 0.0218264 0.0282505 0.760822 0.0131838 0.00917466 0.00851744 0.00808916 0.00871538 0.0101871 0.00941282 0.0150535 0.0106679 0.00971752 0.0144612 0.014435 0.0117193 0.0103051 0.0182436 0.0231793 0.026844 0.0113784 0.01099 0.0226436 0.0531226 0.0380579 0.0553203 0.0165043 0.0102197 0.0090569 0.0160255 0.0439572 0.051203 0.0552869 0.0198304 0.0104706 0.00845907 0.00827413 0.00848484 0.00833746 0.00820606 0.00818122 0.00825636 0.00807047 
0.0197425 0.754702 0.0220918 0.0213735 0.0324269 0.0209983 0.0372928 0.015923 0.00400388 0.00454317 0.00371182 0.00370937 0.00371126 0.00373294 0 0.00380735 0.0139789 0.0511365 0.706865 0.00953586 0.00973833 0.00849432 0.00978931 0.00817663 0.014322 0.0136428 0.0105261 0.00909271 0.00910007 0.00978577 0.0107953 0.0130817 0.014477 0.0135943 0.0168732 0.0367145 0.0312606 0.0132763 0.0179406 0.0180488 0.0155337 0.0307149 0.0207667 0.0268296 0.0102499 0.00975305 0.0132102 0.0160619 0.0268364 0.0249826 0.0283714 0.0109798 0.00852454 0.00843757 0.00858652 0.00844207 0.00828204 0.0082635 0.00824734 0.00812214 
0.806175 0.0118982 0.0121938 0.0121825 0.0122443 0.0147275 0.0128137 0.0362748 0.011547 0.00394255 0.00373101 0.00375209 0.00375733 0.00371434 0.00380735 0 0.0616424 0.634783 0.00425164 0.00694264 0.00712505 0.00557218 0.00880443 0.00870875 0.0160272 0.00976215 0.00931432 0.00831296 0.00874218 0.00855269 0.017281 0.00915867 0.0169989 0.0163913 0.0380579 0.0129017 0.0118752 0.0216572 0.0172864 0.00946587 0.0121398 0.0107934 0.010912 0.0101632 0.0153483 0.0139522 0.00952153 0.0109389 0.0116979 0.0113111 0.0113548 0.0134502 0.00891944 0.00870176 0.00896547 0.00853093 0.00864097 0.00865424 0.00857877 0.00832466 
0.0136048 0.0128177 0.00928375 0.0100043 0.0106497 0.00926678 0.0121952 0.0174172 0.00650741 0.00638655 0.00554144 0.00744129 0.00603303 0.00419084 0.0139789 0.0616424 0 0.00375454 0.00369899 0.00372931 0.00374322 0.0041045 0.0039432 0.00893356 0.00846411 0.00682425 0.0072856 0.00757966 0.0073527 0.0114439 0.0102492 0.131807 0.0255187 0.5209 0.0170027 0.0105574 0.0103079 0.0241107 0.0110236 0.00917304 0.00882751 0.0109765 0.0089199 0.0103021 0.0128844 0.0093647 0.00886229 0.00859123 0.00972386 0.00893842 0.0099818 0.0115186 0.00887133 0.0085744 0.00843426 0.00862768 0.00877224 0.00842934 0.00849684 0.00883939 
0.0141962 0.0100308 0.019785 0.0115787 0.0104835 0.0141597 0.01312 0.012033 0.00762673 0.00625931 0.00725955 0.00653453 0.00531299 0.0218264 0.0511365 0.634783 0.00375454 0 0.00370119 0.00369966 0.00376242 0.00371193 0.00777963 0.00383653 0.00633127 0.00694707 0.00685387 0.00683189 0.0134261 0.0079896 0.174176 0.0279113 0.555184 0.00762967 0.0132017 0.0208304 0.0159774 0.0099769 0.0098746 0.0100715 0.0146946 0.0100443 0.0167056 0.0113479 0.00982668 0.00886024 0.00944172 0.0121292 0.0109552 0.0159694 0.0147289 0.0094643 0.00805499 0.00832163 0.00824518 0.0083487 0.00795717 0.00824799 0.00806758 0.00811654 
0.0091961 0.0195875 0.0131216 0.0170707 0.0230752 0.015776 0.0140393 0.0108098 0.00684416 0.00743112 0.00707278 0.00688616 0.0271392 0.0282505 0.706865 0.00425164 0.00369899 0.00370119 0 0.00369169 0.00371281 0.00393951 0.00375428 0.00390905 0.00685558 0.00699974 0.00709424 0.010014 0.00937115 0.172934 0.0419697 0.547048 0.00800739 0.0123595 0.0114892 0.0147661 0.0107676 0.0115736 0.00929628 0.012061 0.0127627 0.0360842 0.0203333 0.014084 0.00951841 0.00857522 0.0105068 0.0132773 0.0370754 0.0205999 0.0153935 0.00983274 0.00839761 0.00804102 0.00832066 0.00813824 0.00821674 0.00802045 0.00817994 0.00800084 
0.0112286 0.0112854 0.0156025 0.0204948 0.0216357 0.0195751 0.0134889 0.0108474 0.00896848 0.00865088 0.00742801 0.0303713 0.0398144 0.760822 0.00953586 0.00694264 0.00372931 0.00369966 0.00369169 0 0.00394588 0.00370766 0.00378952 0.003896 0.00705054 0.00723784 0.00979699 0.010253 0.127332 0.125299 0.369483 0.0127502 0.00960076 0.00886134 0.012594 0.0131383 0.0138328 0.0108362 0.0103157 0.01114 0.019168 0.0224416 0.0281441 0.0136791 0.00979335 0.00886096 0.00957349 0.0182031 0.0225815 0.0225303 0.0142201 0.00970474 0.00827081 0.0083541 0.0083064 0.00815642 0.00815077 0.00823034 0.00823746 0.00804356 
0.0133642 0.00951315 0.0211917 0.0165602 0.0167854 0.0174729 0.0109343 0.00958861 0.00993329 0.00702134 0.0276598 0.0381097 0.63321 0.0131838 0.00973833 0.00712505 0.00374322 0.00376242 0.00371281 0.00394588 0 0.00371729 0.00380431 0.00373775 0.00769385 0.00882647 0.00802093 0.127134 0.359449 0.0617587 0.0195731 0.00814586 0.0131932 0.00688928 0.0108912 0.0113799 0.012464 0.0167171 0.00963657 0.0107513 0.0213426 0.0166377 0.0242808 0.0104478 0.0106064 0.00852802 0.0103869 0.0161471 0.0182009 0.0278949 0.0116653 0.00964111 0.00811913 0.00829319 0.00825739 0.00832018 0.00803951 0.00841624 0.00812938 0.00806129 
0.00886447 0.017326 0.0110901 0.0140089 0.0169154 0.0116528 0.0107016 0.00889882 0.00762671 0.0170342 0.0257267 0.303285 0.0122682 0.00917466 0.00849432 0.00557218 0.0041045 0.00371193 0.00393951 0.00370766 0.00371729 0 0.00372363 0.00380269 0.00737983 0.00765874 0.182964 0.119923 0.0459245 0.00852009 0.00683436 0.02204 0.00685999 0.00799634 0.00914124 0.00989372 0.0106265 0.00980181 0.00904837 0.0127346 0.0105873 0.0233267 0.0121445 0.010984 0.00872957 0.00863884 0.010146 0.0106101 0.0207362 0.0124525 0.0119874 0.00879488 0.00875624 0.0080431 0.00828096 0.00805102 0.00849188 0.00802146 0.00842439 0.00801932 
0.0239519 0.00938756 0.0169295 0.0110995 0.0106794 0.0129768 0.010823 0.00925325 0.0403328 0.0283412 0.242189 0.0101061 0.00865113 0.00851744 0.00978931 0.00880443 0.0039432 0.00777963 0.00375428 0.00378952 0.00380431 0.00372363 0 0.00372083 0.00708974 0.777853 0.0249929 0.0333281 0.00808067 0.00630917 0.0145664 0.00692288 0.011767 0.00611177 0.0106932 0.0143324 0.0135392 0.00918533 0.00930844 0.00984638 0.0136156 0.00948762 0.0125133 0.0094886 0.00909593 0.00876497 0.00907157 0.0112097 0.00992858 0.0145811 0.0104183 0.00916178 0.00810745 0.00847065 0.00838097 0.00829625 0.0080643 0.00865776 0.00807918 0.00807419 
0.0144509 0.0112216 0.00905615 0.00931527 0.00958542 0.00919887 0.0100474 0.0135504 0.0942008 0.143207 0.00871197 0.00794201 0.00791641 0.00808916 0.00817663 0.00870875 0.00893356 0.00383653 0.00390905 0.003896 0.00373775 0.00380269 0.00372083 0 0.930145 0.00680328 0.0126459 0.00552753 0.00560644 0.00651001 0.00595724 0.00894099 0.00641853 0.00982569 0.0165969 0.00956563 0.00889776 0.0145884 0.0118111 0.00892968 0.00873598 0.0092853 0.00884207 0.00896769 0.00959076 0.0111469 0.00972515 0.00883513 0.00952351 0.00891179 0.00918772 0.0092899 0.00945641 0.00809713 0.00875354 0.00805925 0.00954365 0.00805968 0.00865981 0.00827794 
0.0110696 0.00950202 0.00915421 0.00929426 0.00983186 0.00913265 0.0106528 0.0168882 0.0132733 0.00895641 0.00860026 0.00834749 0.00875798 0.00871538 0.014322 0.0160272 0.00846411 0.00633127 0.00685558 0.00705054 0.00769385 0.00737983 0.00708974 0.930145 0 0.0049099 0.00380715 0.00429588 0.00433521 0.00414096 0.00398158 0.00525082 0.00456088 0.0180976 0.00861857 0.00840999 0.00922719 0.0222277 0.00956237 0.00872956 0.00892853 0.00897901 0.00872449 0.00995409 0.015586 0.00913688 0.00854025 0.00854755 0.00876546 0.00866863 0.00932843 0.0113544 0.00847376 0.00880526 0.00846424 0.00885114 0.00845012 0.0085946 0.00842779 0.00895043 
0.00992995 0.00928401 0.00944443 0.00922373 0.00924369 0.0100453 0.00973409 0.0104093 0.00975921 0.00876335 0.00842938 0.00864404 0.00889555 0.0101871 0.0136428 0.00976215 0.00682425 0.00694707 0.00699974 0.00723784 0.00882647 0.00765874 0.777853 0.00680328 0.0049099 0 0.00396071 0.00376426 0.00374356 0.00377976 0.00395871 0.00483783 0.00562748 0.00413022 0.00771884 0.0077032 0.0132202 0.00932505 0.00886544 0.00897028 0.00885705 0.00933047 0.00902715 0.00975053 0.00915974 0.0084957 0.00859371 0.00863094 0.00909294 0.00893838 0.00946801 0.00867265 0.00815371 0.00818907 0.00815896 0.00823187 0.00816388 0.00816373 0.00815704 0.00809654 
0.0101395 0.00865126 0.00980745 0.00932624 0.0104453 0.00922875 0.009793 0.00882594 0.00928587 0.00830818 0.00904943 0.00883007 0.0101151 0.00941282 0.0105261 0.00931432 0.0072856 0.00685387 0.00709424 0.00979699 0.00802093 0.182964 0.0249929 0.0126459 0.00380715 0.00396071 0 0.00388162 0.00375199 0.00369532 0.00397586 0.00495036 0.00396767 0.00382005 0.00677082 0.00739206 0.00780111 0.00867317 0.00865491 0.00862168 0.00958281 0.00912636 0.0116115 0.00868238 0.00872763 0.00839177 0.00846123 0.00909297 0.00919644 0.0100131 0.00868611 0.00848387 0.00805021 0.00802943 0.00813557 0.00804316 0.00802781 0.00807256 0.0080419 0.00798513 
0.00899684 0.00928659 0.00914102 0.0101254 0.0103599 0.0102353 0.00916244 0.00881186 0.00892305 0.00861924 0.00889693 0.00940678 0.00972744 0.0150535 0.00909271 0.00831296 0.00757966 0.00683189 0.010014 0.010253 0.127134 0.119923 0.0333281 0.00552753 0.00429588 0.00376426 0.00388162 0 0.0037544 0.00372794 0.00382193 0.0038038 0.00381052 0.00384953 0.0064865 0.00685178 0.00764652 0.013823 0.00874601 0.00904275 0.00895205 0.0123084 0.00939379 0.00948513 0.00870321 0.00838956 0.00865024 0.00873661 0.0109584 0.00924429 0.00942659 0.0083677 0.008055 0.00803345 0.00812491 0.00810183 0.00805536 0.00804865 0.00806125 0.00797333 
0.00978492 0.00875617 0.0116271 0.0109613 0.0131494 0.0106973 0.00895574 0.0088021 0.00971665 0.008665 0.00943282 0.0100967 0.0132675 0.0106679 0.00910007 0.00874218 0.0073527 0.0134261 0.00937115 0.127332 0.359449 0.0459245 0.00808067 0.00560644 0.00433521 0.00374356 0.00375199 0.0037544 0 0.00397781 0.00370111 0.00374481 0.00382872 0.00373591 0.00675117 0.00667886 0.00715747 0.00827532 0.00922667 0.00875807 0.0129664 0.0093877 0.0121845 0.00900396 0.00868325 0.00839237 0.00853016 0.0101118 0.00969959 0.0117595 0.00890397 0.00842729 0.00796878 0.00800739 0.00809231 0.00805013 0.00794634 0.0080427 0.00797411 0.00795007 
0.0086933 0.0110058 0.00930878 0.0135468 0.012482 0.0098218 0.00930607 0.00886272 0.00882327 0.00977623 0.00911342 0.0106306 0.0102375 0.00971752 0.00978577 0.00855269 0.0114439 0.0079896 0.172934 0.125299 0.0617587 0.00852009 0.00630917 0.00651001 0.00414096 0.00377976 0.00369532 0.00372794 0.00397781 0 0.00365093 0.00374853 0.00368753 0.00383069 0.00616408 0.00631677 0.00717983 0.0173351 0.00898348 0.0110873 0.0092616 0.0144104 0.0102094 0.00992389 0.00859345 0.00840892 0.00902323 0.00893722 0.0137756 0.00966138 0.00998137 0.00878126 0.00828403 0.00796522 0.00810378 0.00796324 0.00822526 0.00797648 0.00814322 0.00795709 
0.0152868 0.00892171 0.0298539 0.0152894 0.0139916 0.0177413 0.00961807 0.00975664 0.0171513 0.00846738 0.0143335 0.0103338 0.0120275 0.0144612 0.0107953 0.017281 0.0102492 0.174176 0.0419697 0.369483 0.0195731 0.00683436 0.0145664 0.00595724 0.00398158 0.00395871 0.00397586 0.00382193 0.00370111 0.00365093 0 0.00369489 0.00376679 0.00369187 0.00618132 0.00833833 0.012186 0.0143765 0.0143747 0.0099774 0.0216998 0.011059 0.0253107 0.00946612 0.00970703 0.00958874 0.00893209 0.0172 0.0124024 0.0260162 0.00998656 0.00905574 0.00807543 0.00845817 0.00827508 0.00823068 0.00799235 0.00866653 0.0080781 0.00800687 
0.00882064 0.0264365 0.0117833 0.0147381 0.0209091 0.0124239 0.0123294 0.00922838 0.0085205 0.0157276 0.00896013 0.0119277 0.014603 0.014435 0.0130817 0.00915867 0.131807 0.0279113 0.547048 0.0127502 0.00814586 0.02204 0.00692288 0.00894099 0.00525082 0.00483783 0.00495036 0.0038038 0.00374481 0.00374853 0.00369489 0 0.00368887 0.00381835 0.00886173 0.0108527 0.0151956 0.00864093 0.00969537 0.0146008 0.0100007 0.0359606 0.0121781 0.0126708 0.00918943 0.00874481 0.0110126 0.010094 0.030825 0.0143145 0.012636 0.00908493 0.00866504 0.00813403 0.00831987 0.00818898 0.00859901 0.00805271 0.00834036 0.00805532 
0.0183777 0.00924464 0.0178496 0.0112435 0.0107937 0.0140176 0.0108747 0.00906411 0.024023 0.00889511 0.0109974 0.0099243 0.0106342 0.0117193 0.014477 0.0169989 0.0255187 0.555184 0.00800739 0.00960076 0.0131932 0.00685999 0.011767 0.00641853 0.00456088 0.00562748 0.00396767 0.00381052 0.00382872 0.00368753 0.00376679 0.00368887 0 0.00369248 0.0106407 0.0164033 0.00987981 0.00620661 0.0112986 0.00998841 0.0165561 0.0100349 0.014813 0.009971 0.00964715 0.0101497 0.0092474 0.0127038 0.011188 0.0176246 0.0127948 0.00977256 0.00816662 0.00875602 0.00847862 0.00842539 0.00809963 0.00860473 0.00814689 0.00806838 
0.0139963 0.0127393 0.00924584 0.0101713 0.0114665 0.00974098 0.0116105 0.0124184 0.014792 0.0179386 0.00925631 0.0097314 0.0100945 0.0103051 0.0135943 0.0163913 0.5209 0.00762967 0.0123595 0.00886134 0.00688928 0.00799634 0.00611177 0.00982569 0.0180976 0.00413022 0.00382005 0.00384953 0.00373591 0.00383069 0.00369187 0.00381835 0.00369248 0 0.0134418 0.00421439 0.00459458 0.00523965 0.0148673 0.0134976 0.00956167 0.0128362 0.00955223 0.0112028 0.0109158 0.0141613 0.0109007 0.00937341 0.0133147 0.00994495 0.0114985 0.0115363 0.0123006 0.00847353 0.00963332 0.0082697 0.0117887 0.00818173 0.00912924 0.00847276 
0.0189315 0.0103252 0.0144095 0.0136644 0.0147041 0.0137986 0.0133356 0.0226966 0.0173658 0.0105943 0.0133283 0.0150338 0.0142987 0.0182436 0.0168732 0.0380579 0.0170027 0.0132017 0.0114892 0.012594 0.0108912 0.00914124 0.0106932 0.0165969 0.00861857 0.00771884 0.00677082 0.0064865 0.00675117 0.00616408 0.00618132 0.00886173 0.0106407 0.0134418 0 0.00370678 0.00366413 0.00430154 0.0936623 0.0243969 0.0185471 0.0193789 0.0154983 0.0164099 0.0276295 0.017973 0.0113991 0.0129006 0.0159674 0.0157256 0.0159341 0.0192067 0.00982196 0.0116033 0.00910641 0.010126 0.00861428 0.00947731 0.00853195 0.00900566 
0.0103369 0.0142815 0.0207917 0.0189629 0.0219549 0.0221706 0.0173216 0.0108285 0.0102819 0.0124977 0.0131117 0.018459 0.0266901 0.0231793 0.0367145 0.0129017 0.0105574 0.0208304 0.0147661 0.0131383 0.0113799 0.00989372 0.0143324 0.00956563 0.00840999 0.0077032 0.00739206 0.00685178 0.00667886 0.00631677 0.00833833 0.0108527 0.0164033 0.00421439 0.00370678 0 0.00370594 0.00376858 0.0330642 0.0475213 0.0288573 0.029499 0.041266 0.0223042 0.0114232 0.00966574 0.0156275 0.0166159 0.0264672 0.0255255 0.0229815 0.0103866 0.00892793 0.00871909 0.00871378 0.00849065 0.0082621 0.00843528 0.00831639 0.00820983 
0.0103983 0.0117776 0.0143214 0.012579 0.0185247 0.0210151 0.0175284 0.00956572 0.0110189 0.0117391 0.0132038 0.0145293 0.0167491 0.026844 0.0312606 0.0118752 0.0103079 0.0159774 0.0107676 0.0138328 0.012464 0.0106265 0.0135392 0.00889776 0.00922719 0.0132202 0.00780111 0.00764652 0.00715747 0.00717983 0.012186 0.0151956 0.00987981 0.00459458 0.00366413 0.00370594 0 0.00376056 0.0188238 0.035718 0.0359874 0.0503233 0.0325149 0.0366362 0.012342 0.00986368 0.0156303 0.0163644 0.0219345 0.030273 0.0232227 0.0118715 0.00841768 0.0091443 0.00864811 0.00849645 0.00828806 0.00854651 0.00825946 0.00814339 
0.0188543 0.0111217 0.00957477 0.0103454 0.0113209 0.0114041 0.0107889 0.0126784 0.0205773 0.0118916 0.00929784 0.0105277 0.0116227 0.0113784 0.0132763 0.0216572 0.0241107 0.0099769 0.0115736 0.0108362 0.0167171 0.00980181 0.00918533 0.0145884 0.0222277 0.00932505 0.00867317 0.013823 0.00827532 0.0173351 0.0143765 0.00864093 0.00620661 0.00523965 0.00430154 0.00376858 0.00376056 0 0.0175739 0.0141639 0.0267148 0.0188233 0.0200304 0.0226741 0.0294588 0.0157617 0.0125585 0.0121043 0.0170517 0.0118825 0.0131959 0.0124817 0.0127535 0.00903803 0.010473 0.00863019 0.010683 0.0089215 0.00977488 0.00860419 
0.00922655 0.00859163 0.00915791 0.0089586 0.00952876 0.0094008 0.0102521 0.0128916 0.00974379 0.00881511 0.00933687 0.00991298 0.010863 0.01099 0.0179406 0.0172864 0.0110236 0.0098746 0.00929628 0.0103157 0.00963657 0.00904837 0.00930844 0.0118111 0.00956237 0.00886544 0.00865491 0.00874601 0.00922667 0.00898348 0.0143747 0.00969537 0.0112986 0.0148673 0.0936623 0.0330642 0.0188238 0.0175739 0 0.00374064 0.0036943 0.00369413 0.00367468 0.00375805 0.0047936 0.0057858 0.00602419 0.00766898 0.00755826 0.00839111 0.0214193 0.919951 0.00987683 0.0131619 0.0100761 0.0122115 0.00885762 0.010851 0.00896743 0.010362 
0.00834916 0.00946292 0.00995403 0.0107638 0.0137133 0.0119638 0.0115259 0.00877301 0.00844846 0.00925911 0.00976203 0.0112447 0.017507 0.0226436 0.0180488 0.00946587 0.00917304 0.0100715 0.012061 0.01114 0.0107513 0.0127346 0.00984638 0.00892968 0.00872956 0.00897028 0.00862168 0.00904275 0.00875807 0.0110873 0.0099774 0.0146008 0.00998841 0.0134976 0.0243969 0.0475213 0.035718 0.0141639 0.00374064 0 0.00369227 0.00368678 0.00370733 0.00372312 0.00379044 0.00468555 0.00602833 0.00648912 0.00845162 0.0116975 0.945728 0.00972791 0.010466 0.00914586 0.00939231 0.00871188 0.00902326 0.00860334 0.00861015 0.00838351 
0.00952383 0.00931308 0.0193601 0.0183813 0.0237412 0.0266508 0.0113824 0.00921019 0.00942375 0.00917433 0.0164059 0.0235638 0.0385659 0.0531226 0.0155337 0.0121398 0.00882751 0.0146946 0.0127627 0.019168 0.0213426 0.0105873 0.0136156 0.00873598 0.00892853 0.00885705 0.00958281 0.00895205 0.0129664 0.0092616 0.0216998 0.0100007 0.0165561 0.00956167 0.0185471 0.0288573 0.0359874 0.0267148 0.0036943 0.00369227 0 0.00370489 0.00370431 0.00371467 0.00376691 0.00412864 0.00482146 0.00763764 0.00995259 0.9629 0.012668 0.00841997 0.00912615 0.00956613 0.0090852 0.00899474 0.00863343 0.008872 0.00861208 0.00849478 
0.00878487 0.0132053 0.017439 0.0284603 0.0420696 0.0229859 0.0136442 0.00938759 0.00893664 0.0116834 0.0154455 0.0309529 0.0609128 0.0380579 0.0307149 0.0107934 0.0109765 0.0100443 0.0360842 0.0224416 0.0166377 0.0233267 0.00948762 0.0092853 0.00897901 0.00933047 0.00912636 0.0123084 0.0093877 0.0144104 0.011059 0.0359606 0.0100349 0.0128362 0.0193789 0.029499 0.0503233 0.0188233 0.00369413 0.00368678 0.00370489 0 0.00369824 0.00369692 0.00375732 0.00388107 0.00607226 0.0080948 0.972562 0.0206322 0.0123877 0.0082094 0.0149308 0.00921651 0.00972748 0.0089412 0.00904039 0.00869428 0.00888489 0.00841573 
0.00917233 0.00995753 0.0246968 0.0257319 0.0298491 0.0289372 0.0126913 0.00902447 0.00941678 0.00967566 0.0220818 0.0311868 0.0425053 0.0553203 0.0207667 0.010912 0.0089199 0.0167056 0.0203333 0.0281441 0.0242808 0.0121445 0.0125133 0.00884207 0.00872449 0.00902715 0.0116115 0.00939379 0.0121845 0.0102094 0.0253107 0.0121781 0.014813 0.00955223 0.0154983 0.041266 0.0325149 0.0200304 0.00367468 0.00370733 0.00370431 0.00369824 0 0.00369593 0.00370979 0.00407995 0.00726773 0.943258 0.0245134 0.0140294 0.0100157 0.00728087 0.00967693 0.00967036 0.00924758 0.00907106 0.00873712 0.00894153 0.00868217 0.00855808 
0.00923418 0.0103432 0.0103611 0.0109227 0.0132269 0.0125706 0.011856 0.00875403 0.00930325 0.0117642 0.0108955 0.0119855 0.0153165 0.0165043 0.0268296 0.0101632 0.0103021 0.0113479 0.014084 0.0136791 0.0104478 0.010984 0.0094886 0.00896769 0.00995409 0.00975053 0.00868238 0.00948513 0.00900396 0.00992389 0.00946612 0.0126708 0.009971 0.0112028 0.0164099 0.0223042 0.0366362 0.0226741 0.00375805 0.00372312 0.00371467 0.00369692 0.00369593 0 0.00386544 0.00483985 0.99229 0.00556802 0.0105694 0.00737573 0.0130691 0.00874807 0.0117089 0.0116281 0.0103302 0.0098565 0.00975623 0.00936315 0.00958357 0.00872371 
0.0138419 0.0092252 0.00909581 0.00948967 0.00999851 0.0099666 0.00893522 0.0097315 0.0178383 0.00923342 0.00911362 0.0095588 0.00970902 0.0102197 0.0102499 0.0153483 0.0128844 0.00982668 0.00951841 0.00979335 0.0106064 0.00872957 0.00909593 0.00959076 0.015586 0.00915974 0.00872763 0.00870321 0.00868325 0.00859345 0.00970703 0.00918943 0.00964715 0.0109158 0.0276295 0.0114232 0.012342 0.0294588 0.0047936 0.00379044 0.00376691 0.00375732 0.00370979 0.00386544 0 0.995859 0.0076959 0.00501782 0.00435315 0.00514364 0.00595468 0.0106981 0.0127386 0.0123978 0.0150022 0.00984836 0.0130489 0.0106225 0.0122283 0.00923705 
0.00921609 0.00812104 0.00852158 0.00838814 0.00872249 0.00854603 0.00920848 0.0115234 0.00990976 0.00820325 0.00878047 0.00873533 0.00947517 0.0090569 0.00975305 0.0139522 0.0093647 0.00886024 0.00857522 0.00886096 0.00852802 0.00863884 0.00876497 0.0111469 0.00913688 0.0084957 0.00839177 0.00838956 0.00839237 0.00840892 0.00958874 0.00874481 0.0101497 0.0141613 0.017973 0.00966574 0.00986368 0.0157617 0.0057858 0.00468555 0.00412864 0.00388107 0.00407995 0.00483985 0.995859 0 0.00376011 0.00369725 0.00373087 0.00373483 0.00385459 0.00433607 0.015365 0.0163739 0.0102927 0.0118841 0.00922255 0.0131311 0.00945584 0.0108211 
0.00821145 0.00869516 0.00901991 0.00932172 0.0104953 0.0103803 0.00937804 0.00892158 0.00831156 0.00871885 0.0093248 0.0106768 0.0124124 0.0160255 0.0132102 0.00952153 0.00886229 0.00944172 0.0105068 0.00957349 0.0103869 0.010146 0.00907157 0.00972515 0.00854025 0.00859371 0.00846123 0.00865024 0.00853016 0.00902323 0.00893209 0.0110126 0.0092474 0.0109007 0.0113991 0.0156275 0.0156303 0.0125585 0.00602419 0.00602833 0.00482146 0.00607226 0.00726773 0.99229 0.0076959 0.00376011 0 0.00369255 0.00369743 0.00370318 0.00376227 0.0038151 0.0158385 0.010848 0.0101982 0.0089693 0.00989346 0.00883237 0.00902339 0.00877445 
0.00877618 0.00916849 0.0141781 0.0168039 0.0203624 0.0194796 0.010605 0.00906621 0.00887556 0.00863248 0.0143167 0.0197921 0.0380618 0.0439572 0.0160619 0.0109389 0.00859123 0.0121292 0.0132773 0.0182031 0.0161471 0.0106101 0.0112097 0.00883513 0.00854755 0.00863094 0.00909297 0.00873661 0.0101118 0.00893722 0.0172 0.010094 0.0127038 0.00937341 0.0129006 0.0166159 0.0163644 0.0121043 0.00766898 0.00648912 0.00763764 0.0080948 0.943258 0.00556802 0.00501782 0.00369725 0.00369255 0 0.00372117 0.00370986 0.00371614 0.00378523 0.0110581 0.0115349 0.00922224 0.00921358 0.00868033 0.00891865 0.00866943 0.008695 
0.00882322 0.0107506 0.0185373 0.0242204 0.0377338 0.0214383 0.0136748 0.00939792 0.00888153 0.0112188 0.0148442 0.0336772 0.0616521 0.051203 0.0268364 0.0116979 0.00972386 0.0109552 0.0370754 0.0225815 0.0182009 0.0207362 0.00992858 0.00952351 0.00876546 0.00909294 0.00919644 0.0109584 0.00969959 0.0137756 0.0124024 0.030825 0.011188 0.0133147 0.0159674 0.0264672 0.0219345 0.0170517 0.00755826 0.00845162 0.00995259 0.972562 0.0245134 0.0105694 0.00435315 0.00373087 0.00369743 0.00372117 0 0.00371754 0.00370087 0.00377012 0.0235685 0.0135213 0.010395 0.0093982 0.00927729 0.00914852 0.00905837 0.00874391 
0.00900406 0.00996375 0.0192246 0.0210025 0.0230663 0.0258017 0.0125547 0.0091252 0.00908102 0.00970602 0.020303 0.0309964 0.0377967 0.0552869 0.0249826 0.0113111 0.00893842 0.0159694 0.0205999 0.0225303 0.0278949 0.0124525 0.0145811 0.00891179 0.00866863 0.00893838 0.0100131 0.00924429 0.0117595 0.00966138 0.0260162 0.0143145 0.0176246 0.00994495 0.0157256 0.0255255 0.030273 0.0118825 0.00839111 0.0116975 0.9629 0.0206322 0.0140294 0.00737573 0.00514364 0.00373483 0.00370318 0.00370986 0.00371754 0 0.00372141 0.00371167 0.0138851 0.0185521 0.010524 0.00973338 0.00900393 0.00923262 0.00908417 0.00872651 
0.00910389 0.00993422 0.0106479 0.0120964 0.0166337 0.0138778 0.0124772 0.00900683 0.00938002 0.0105063 0.0105865 0.0126024 0.0189933 0.0198304 0.0283714 0.0113548 0.0099818 0.0147289 0.0153935 0.0142201 0.0116653 0.0119874 0.0104183 0.00918772 0.00932843 0.00946801 0.00868611 0.00942659 0.00890397 0.00998137 0.00998656 0.012636 0.0127948 0.0114985 0.0159341 0.0229815 0.0232227 0.0131959 0.0214193 0.945728 0.012668 0.0123877 0.0100157 0.0130691 0.00595468 0.00385459 0.00376227 0.00371614 0.00370087 0.00372141 0 0.00371352 0.0207513 0.0247611 0.0157765 0.0127311 0.0107629 0.010842 0.00989293 0.00957852 
0.0110128 0.00882716 0.00880403 0.00904351 0.00912041 0.00925972 0.00911329 0.00910939 0.0122302 0.0090495 0.00891434 0.00943394 0.00993439 0.0104706 0.0109798 0.0134502 0.0115186 0.0094643 0.00983274 0.00970474 0.00964111 0.00879488 0.00916178 0.0092899 0.0113544 0.00867265 0.00848387 0.0083677 0.00842729 0.00878126 0.00905574 0.00908493 0.00977256 0.0115363 0.0192067 0.0103866 0.0118715 0.0124817 0.919951 0.00972791 0.00841997 0.0082094 0.00728087 0.00874807 0.0106981 0.00433607 0.0038151 0.00378523 0.00377012 0.00371167 0.00371352 0 0.0194546 0.03011 0.015693 0.0133005 0.01193 0.0109742 0.0116226 0.00923941 
0.00817585 0.008319 0.00813858 0.00827339 0.0083778 0.00820661 0.0081395 0.00857101 0.00840129 0.00840905 0.00803575 0.00820883 0.00827912 0.00845907 0.00852454 0.00891944 0.00887133 0.00805499 0.00839761 0.00827081 0.00811913 0.00875624 0.00810745 0.00945641 0.00847376 0.00815371 0.00805021 0.008055 0.00796878 0.00828403 0.00807543 0.00866504 0.00816662 0.0123006 0.00982196 0.00892793 0.00841768 0.0127535 0.00987683 0.010466 0.00912615 0.0149308 0.00967693 0.0117089 0.0127386 0.015365 0.0158385 0.0110581 0.0235685 0.0138851 0.0207513 0.0194546 0 0.00529588 0.00553275 0.0526508 0.0108137 0.0167217 0.0138702 0.109789 
0.00919121 0.00809525 0.00816559 0.00817276 0.00827677 0.0082839 0.00809 0.0081454 0.00978944 0.00811525 0.00810963 0.00807816 0.00828348 0.00827413 0.00843757 0.00870176 0.0085744 0.00832163 0.00804102 0.0083541 0.00829319 0.0080431 0.00847065 0.00809713 0.00880526 0.00818907 0.00802943 0.00803345 0.00800739 0.00796522 0.00845817 0.00813403 0.00875602 0.00847353 0.0116033 0.00871909 0.0091443 0.00903803 0.0131619 0.00914586 0.00956613 0.00921651 0.00967036 0.0116281 0.0123978 0.0163739 0.010848 0.0115349 0.0135213 0.0185521 0.0247611 0.03011 0.00529588 0 0.0601499 0.00576968 0.0159312 0.00916834 0.0873421 0.0101476 
0.00823314 0.00820689 0.00821249 0.00826911 0.00830964 0.00832401 0.00811413 0.00857012 0.00837888 0.00828224 0.00810515 0.00830767 0.00840937 0.00848484 0.00858652 0.00896547 0.00843426 0.00824518 0.00832066 0.0083064 0.00825739 0.00828096 0.00838097 0.00875354 0.00846424 0.00815896 0.00813557 0.00812491 0.00809231 0.00810378 0.00827508 0.00831987 0.00847862 0.00963332 0.00910641 0.00871378 0.00864811 0.010473 0.0100761 0.00939231 0.0090852 0.00972748 0.00924758 0.0103302 0.0150022 0.0102927 0.0101982 0.00922224 0.010395 0.010524 0.0157765 0.015693 0.00553275 0.0601499 0 0.00409421 0.0043701 0.982142 0.0116635 0.0183991 
0.00895738 0.00812726 0.00817815 0.0081639 0.00825557 0.00821421 0.00815319 0.00816017 0.00943359 0.00831956 0.00815709 0.0081833 0.00829794 0.00833746 0.00844207 0.00853093 0.00862768 0.0083487 0.00813824 0.00815642 0.00832018 0.00805102 0.00829625 0.00805925 0.00885114 0.00823187 0.00804316 0.00810183 0.00805013 0.00796324 0.00823068 0.00818898 0.00842539 0.0082697 0.010126 0.00849065 0.00849645 0.00863019 0.0122115 0.00871188 0.00899474 0.0089412 0.00907106 0.0098565 0.00984836 0.0118841 0.0089693 0.00921358 0.0093982 0.00973338 0.0127311 0.0133005 0.0526508 0.00576968 0.00409421 0 0.985537 0.00509182 0.0160109 0.00963317 
0.00818197 0.00818686 0.00809561 0.00815725 0.00818626 0.00814809 0.00811711 0.00854185 0.00815308 0.00835392 0.00803165 0.00807412 0.00816212 0.00820606 0.00828204 0.00864097 0.00877224 0.00795717 0.00821674 0.00815077 0.00803951 0.00849188 0.0080643 0.00954365 0.00845012 0.00816388 0.00802781 0.00805536 0.00794634 0.00822526 0.00799235 0.00859901 0.00809963 0.0117887 0.00861428 0.0082621 0.00828806 0.010683 0.00885762 0.00902326 0.00863343 0.00904039 0.00873712 0.00975623 0.0130489 0.00922255 0.00989346 0.00868033 0.00927729 0.00900393 0.0107629 0.01193 0.0108137 0.0159312 0.0043701 0.985537 0 0.00618134 0.0174371 0.0548625 
0.00943712 0.00804519 0.008141 0.00811156 0.00824052 0.00814666 0.0081439 0.00819077 0.00972999 0.00805392 0.00808702 0.00805894 0.00821257 0.00818122 0.0082635 0.00865424 0.00842934 0.00824799 0.00802045 0.00823034 0.00841624 0.00802146 0.00865776 0.00805968 0.0085946 0.00816373 0.00807256 0.00804865 0.0080427 0.00797648 0.00866653 0.00805271 0.00860473 0.00818173 0.00947731 0.00843528 0.00854651 0.0089215 0.010851 0.00860334 0.008872 0.00869428 0.00894153 0.00936315 0.0106225 0.0131311 0.00883237 0.00891865 0.00914852 0.00923262 0.010842 0.0109742 0.0167217 0.00916834 0.982142 0.00509182 0.00618134 0 0.0424355 0.0115695 
0.00834558 0.00813432 0.00812802 0.00812051 0.00818528 0.00820376 0.00810955 0.00840175 0.00840013 0.00824584 0.00804599 0.00813202 0.00817394 0.00825636 0.00824734 0.00857877 0.00849684 0.00806758 0.00817994 0.00823746 0.00812938 0.00842439 0.00807918 0.00865981 0.00842779 0.00815704 0.0080419 0.00806125 0.00797411 0.00814322 0.0080781 0.00834036 0.00814689 0.00912924 0.00853195 0.00831639 0.00825946 0.00977488 0.00896743 0.00861015 0.00861208 0.00888489 0.00868217 0.00958357 0.0122283 0.00945584 0.00902339 0.00866943 0.00905837 0.00908417 0.00989293 0.0116226 0.0138702 0.0873421 0.0116635 0.0160109 0.0174371 0.0424355 0 0.00995278 
0.00885397 0.00811375 0.00801454 0.00799375 0.0081426 0.00801535 0.00799505 0.00811359 0.00910994 0.00832092 0.0079457 0.00802734 0.00808363 0.00807047 0.00812214 0.00832466 0.00883939 0.00811654 0.00800084 0.00804356 0.00806129 0.00801932 0.00807419 0.00827794 0.00895043 0.00809654 0.00798513 0.00797333 0.00795007 0.00795709 0.00800687 0.00805532 0.00806838 0.00847276 0.00900566 0.00820983 0.00814339 0.00860419 0.010362 0.00838351 0.00849478 0.00841573 0.00855808 0.00872371 0.00923705 0.0108211 0.00877445 0.008695 0.00874391 0.00872651 0.00957852 0.00923941 0.109789 0.0101476 0.0183991 0.00963317 0.0548625 0.0115695 0.00995278 0 
