1BUNB
RKRHPDCDKPPDTKICQTVVRAFYYKPSAKRCVQFRYGGCNGNGNHFKSDHLCRCECLEYR
CCCCCCCCCCCCCCCCCCCEEEEEEEHHHCEEEEEEECCCCCCCCCECCHHHHHHHHCCCC
0 0 0 0 0 0 0 0 0 0 0 0 0 0 0 0 0 0 0 0 0 0 0 0 0 0 0 0 0 0 0 0 0 0 0 0 0 0 0 0 0 0 0 0 0 0 0 0 0 0 0 0 0 0 0 0 0 0 0 0 0 
0 0 0 0 0 0 0 0 0 0 0 0 0 0 0 0 0 0 0 0 0 0 0 0 0 0 0 0 0 0 0 0 0 0 0 0 0 0 0 0 0 0 0 0 0 0 0 0 0 0 0 0 0 0 0 0 0 0 0 0 0 
0 0.00403973 0.00374864 0.00371691 0.00379979 0.00545298 0.00550201 0.00562525 0.00708909 0.00695418 0.00707773 0.0125037 0.0126127 0.924337 0.0118851 
0.00403973 0 0.00371718 0.0036949 0.00372667 0.00523548 0.00381625 0.00477364 0.00592316 0.00641706 0.00749234 0.00997583 0.968932 0.0112146 0.00875846 
0.00374864 0.00371718 0 0.00372481 0.0036974 0.00376814 0.00372311 0.00419004 0.00580469 0.00976026 0.00965569 0.965479 0.0104122 0.00875058 0.00895741 
0.00371691 0.0036949 0.00372481 0 0.00375614 0.00369965 0.00372935 0.00389487 0.0061179 0.0121105 0.974001 0.0162234 0.00922448 0.00804999 0.00896589 
0.00379979 0.00372667 0.0036974 0.00375614 0 0.00373159 0.00370303 0.00414684 0.00820344 0.977136 0.0136242 0.00746642 0.00797656 0.00876895 0.00836298 
0.00545298 0.00523548 0.00376814 0.00369965 0.00373159 0 0.00381167 0.00412632 0.989042 0.00546971 0.00581979 0.00576969 0.00640938 0.00762193 0.009873 
0.00550201 0.00381625 0.00372311 0.00372935 0.00370303 0.00381167 0 0.957172 0.00384884 0.00392224 0.00396082 0.00508863 0.00548658 0.00485768 0.00821478 
0.00562525 0.00477364 0.00419004 0.00389487 0.00414684 0.00412632 0.957172 0 0.00481356 0.00369914 0.00384697 0.00372953 0.00453548 0.00404833 0.0102098 
0.00708909 0.00592316 0.00580469 0.0061179 0.00820344 0.989042 0.00384884 0.00481356 0 0.00373408 0.0036847 0.00399945 0.00384609 0.00431831 0.00818991 
0.00695418 0.00641706 0.00976026 0.0121105 0.977136 0.00546971 0.00392224 0.00369914 0.00373408 0 0.00372641 0.00370414 0.00374176 0.00373813 0.00652493 
0.00707773 0.00749234 0.00965569 0.974001 0.0136242 0.00581979 0.00396082 0.00384697 0.0036847 0.00372641 0 0.00374194 0.00378449 0.00369725 0.00608136 
0.0125037 0.00997583 0.965479 0.0162234 0.00746642 0.00576969 0.00508863 0.00372953 0.00399945 0.00370414 0.00374194 0 0.00369361 0.00372318 0.00942667 
0.0126127 0.968932 0.0104122 0.00922448 0.00797656 0.00640938 0.00548658 0.00453548 0.00384609 0.00374176 0.00378449 0.00369361 0 0.00370933 0.00693587 
0.924337 0.0112146 0.00875058 0.00804999 0.00876895 0.00762193 0.00485768 0.00404833 0.00431831 0.00373813 0.00369725 0.00372318 0.00370933 0 0.0693239 
0.0118851 0.00875846 0.00895741 0.00896589 0.00836298 0.009873 0.00821478 0.0102098 0.00818991 0.00652493 0.00608136 0.00942667 0.00693587 0.0693239 0 
