1BXYA
MPRLKVKLVKSPIGYPKDQKAALKALGLRRLQQERVLEDTPAIRGNVEKVAHLVRVEVVE
CCEEEEEECCCCCCCCHHHHHHHHHHCCCCCCCEEEEECCHHHHHHHHHCCCCEEEEEEC
0 0 0 0 0 0 0 0 0 0 0 0 0 0 0 0 0 0 0 0 0 0 0 0 0 0 0 0 0 0 0 0 0 0 0 0 0 0 0 0 0 0 0 0 0 0 0 0 0 0 0 0 0 0 0 0 0 0 0 0 
0 0 0 0 0 0 0 0 0 0 0 0 0 0 0 0 0 0 0 0 0 0 0 0 0 0 0 0 0 0 0 0 0 0 0 0 0 0 0 0 0 0 0 0 0 0 0 0 0 0 0 0 0 0 0 0 0 0 0 0 
0 0.00383693 0.0039378 0.00379063 0.00449727 0.00475648 0.109483 0.00947848 0.0189 0.00949542 0.212612 0.0109251 0.0125657 0.00957265 0.0137198 0.0105649 0.0363404 
0.00383693 0 0.00377801 0.00394309 0.00397905 0.00432762 0.0162455 0.237853 0.00951102 0.321307 0.00989804 0.0223323 0.00998908 0.0409205 0.00921656 0.101068 0.012718 
0.0039378 0.00377801 0 0.00376836 0.00407495 0.00377779 0.052221 0.0147809 0.543919 0.00969526 0.0170705 0.00988023 0.0409607 0.00956367 0.177514 0.0111996 0.0103468 
0.00379063 0.00394309 0.00376836 0 0.00369843 0.00397969 0.0112028 0.449459 0.0124738 0.0461194 0.00909207 0.0186286 0.0090251 0.225055 0.00961725 0.011746 0.0106582 
0.00449727 0.00397905 0.00407495 0.00369843 0 0.00376695 0.328859 0.0101903 0.057099 0.022452 0.0283365 0.0109574 0.166515 0.00911438 0.0145046 0.0108903 0.00935774 
0.00475648 0.00432762 0.00377779 0.00397969 0.00376695 0 0.0115563 0.0135482 0.00972806 0.0554976 0.0380036 0.180239 0.00936643 0.0148876 0.00893797 0.0109975 0.0106338 
0.109483 0.0162455 0.052221 0.0112028 0.328859 0.0115563 0 0.0040728 0.00379103 0.0041318 0.00621467 0.0118966 0.0168198 0.00952481 0.0182278 0.014316 0.0314083 
0.00947848 0.237853 0.0147809 0.449459 0.0101903 0.0135482 0.0040728 0 0.00370119 0.00447021 0.0037361 0.0143325 0.0107528 0.0351578 0.0124815 0.0287424 0.00950884 
0.0189 0.00951102 0.543919 0.0124738 0.057099 0.00972806 0.00379103 0.00370119 0 0.00370876 0.00377141 0.0101306 0.0290506 0.0120088 0.0495875 0.0101563 0.00902596 
0.00949542 0.321307 0.00969526 0.0461194 0.022452 0.0554976 0.0041318 0.00447021 0.00370876 0 0.00395836 0.018735 0.0140518 0.0411232 0.0104498 0.0280393 0.0112445 
0.212612 0.00989804 0.0170705 0.00909207 0.0283365 0.0380036 0.00621467 0.0037361 0.00377141 0.00395836 0 0.0408377 0.0239453 0.0115843 0.018203 0.0108993 0.0418258 
0.0109251 0.0223323 0.00988023 0.0186286 0.0109574 0.180239 0.0118966 0.0143325 0.0101306 0.018735 0.0408377 0 0.00377111 0.0040275 0.00384793 0.00441399 0.0145773 
0.0125657 0.00998908 0.0409607 0.0090251 0.166515 0.00936643 0.0168198 0.0107528 0.0290506 0.0140518 0.0239453 0.00377111 0 0.00371081 0.00403646 0.0047307 0.00441389 
0.00957265 0.0409205 0.00956367 0.225055 0.00911438 0.0148876 0.00952481 0.0351578 0.0120088 0.0411232 0.0115843 0.0040275 0.00371081 0 0.00411829 0.00393814 0.00387938 
0.0137198 0.00921656 0.177514 0.00961725 0.0145046 0.00893797 0.0182278 0.0124815 0.0495875 0.0104498 0.018203 0.00384793 0.00403646 0.00411829 0 0.00394488 0.00383123 
0.0105649 0.101068 0.0111996 0.011746 0.0108903 0.0109975 0.014316 0.0287424 0.0101563 0.0280393 0.0108993 0.00441399 0.0047307 0.00393814 0.00394488 0 0.00398457 
0.0363404 0.012718 0.0103468 0.0106582 0.00935774 0.0106338 0.0314083 0.00950884 0.00902596 0.0112445 0.0418258 0.0145773 0.00441389 0.00387938 0.00383123 0.00398457 0 
