1CA9A
QDKIEALSSKVQQLERSIGLKDLAMADLEQKVLEMEASTYDGVFIWKISDFARKRQEAVAGRIPAIFSPAFYTSRYGYKMCLRIYLNGDGTGRGTHLSLFFVVMKGPNDALLRWPFNQKVTLMLLDQNNREHVIDAFRPDVTSSSFQRPVNDMNIASGCPLFCPVSKMEAKNSYVRDDAIFIKAIVDLTGL
CCCCHHHHCHHHHHHHHHHHHHHHHHHHHHHHHHHHHCCCCCEEEEEEECHHHHHHHHHCCCCCCEECCCEECCCCCCEEEEEEECCCCHHHCCCEEEEEEEEECCCCHHHCCCCCCCCEEEEECCCCCCCCEEEEECCCCCCHHHCCCCCCECCCEEEEEEEECHHHHCCCCCCECCEEEEEEEECCCCC
0 0 0 0 0 0 0 0 0 0 0 0 0 0 0 0 0 0 0 0 0 0 0 0 0 0 0 0 0 0 0 0 0 0 0 0 0 0 0 0 0 0 0 0 0 0 0 0 0 0 0 0 0 0 0 0 0 0 0 0 0 0 0 0 0 0 0 0 0 0 0 0 0 0 0 0 0 0 0 0 0 0 0 0 0 0 0 0 0 0 0 0 0 0 0 0 0 0 0 0 0 0 0 0 0 0 0 0 0 0 0 0 0 0 0 0 0 0 0 0 0 0 0 0 0 0 0 0 0 0 0 0 0 0 0 0 0 0 0 0 0 0 0 0 0 0 0 0 0 0 0 0 0 0 0 0 0 0 0 0 0 0 0 0 0 0 0 0 0 0 0 0 0 0 0 0 0 0 0 0 0 0 0 0 0 0 0 0 0 0 0 
0 0 0 0 0 0 0 0 0 0 0 0 0 0 0 0 0 0 0 0 0 0 0 0 0 0 0 0 0 0 0 0 0 0 0 0 0 0 0 0 0 0 0 0 0 0 0 0 0 0 0 0 0 0 0 0 0 0 0 0 0 0 0 0 0 0 0 0 0 0 0 0 0 0 0 0 0 0 0 0 0 0 0 0 0 0 0 0 0 0 0 0 0 0 0 0 0 0 0 0 0 0 0 0 0 0 0 0 0 0 0 0 0 0 0 0 0 0 0 0 0 0 0 0 0 0 0 0 0 0 0 0 0 0 0 0 0 0 0 0 0 0 0 0 0 0 0 0 0 0 0 0 0 0 0 0 0 0 0 0 0 0 0 0 0 0 0 0 0 0 0 0 0 0 0 0 0 0 0 0 0 0 0 0 0 0 0 0 0 0 0 
0 0.00376195 0.00365808 0.0036915 0.00391083 0.00400244 0.0102709 0.0171162 0.0209391 0.0134719 0.0160582 0.0202858 0.0096694 0.0123248 0.0104542 0.013927 0.0107503 0.039844 0.0149567 0.010505 0.0115788 0.010479 0.012902 0.0117702 0.0136419 0.0109752 0.0151423 0.0105933 0.00993802 0.00924983 0.0107445 0.0122426 0.00865831 0.00832085 0.00840988 0.00863068 0.0105821 0.00932977 0.00846416 0.00835801 0.00841822 0.00838697 0.0088671 0.00870378 0.00869653 0.0109761 0.00977455 0.00884559 0.00853892 0.0090996 0.00858904 0.00893378 0.00836879 0.0100139 0.00943668 
0.00376195 0 0.00371197 0.00369803 0.00374181 0.0044759 0.00379447 0.0185096 0.0125317 0.0121498 0.0111874 0.00921168 0.038934 0.0117542 0.0342508 0.017551 0.0506932 0.0109148 0.0103351 0.0278265 0.0139251 0.02991 0.0177007 0.0556876 0.0191893 0.0189072 0.0101178 0.0109714 0.0138687 0.0182419 0.0157368 0.0110883 0.00857767 0.00909574 0.00928561 0.0103257 0.008836 0.00803573 0.00839775 0.00979001 0.00913936 0.00998697 0.0105063 0.0097502 0.0100847 0.00860396 0.00809794 0.0086701 0.0103244 0.00932675 0.0108352 0.0089108 0.0103799 0.00917514 0.00894713 
0.00365808 0.00371197 0 0.0037212 0.0038014 0.00370291 0.00376476 0.0113008 0.0107258 0.0106724 0.0092655 0.0108044 0.0103352 0.0487072 0.0165588 0.0917805 0.0125573 0.0135566 0.0110775 0.0121069 0.0575828 0.0214557 0.0852229 0.0288033 0.0604962 0.0135477 0.0104591 0.00973083 0.0152023 0.0302848 0.0250361 0.0102916 0.00885217 0.00899363 0.015336 0.00925288 0.00893735 0.00808263 0.00865503 0.00932409 0.0110554 0.0112046 0.0160118 0.014904 0.00899836 0.00864239 0.00799901 0.00871663 0.0102222 0.0140815 0.0106688 0.0117202 0.00937671 0.00994606 0.0085305 
0.0036915 0.00369803 0.0037212 0 0.0037572 0.00369348 0.00384302 0.0115474 0.0116067 0.00949675 0.0099632 0.00944391 0.0280641 0.0132351 0.111455 0.0152477 0.0365889 0.0102841 0.010069 0.030032 0.0177396 0.130925 0.0224666 0.0926314 0.034735 0.017529 0.0112255 0.0120238 0.011094 0.0733679 0.0151849 0.0119801 0.00900982 0.0100907 0.0104011 0.0105918 0.00922635 0.00802913 0.00883299 0.0110995 0.0107148 0.012346 0.0171238 0.0123752 0.0103708 0.00852957 0.00800866 0.00864711 0.0116995 0.0111596 0.0196357 0.0093632 0.0175579 0.00882568 0.00934467 
0.00391083 0.00374181 0.0038014 0.0037572 0 0.0037963 0.00375133 0.0134781 0.0104313 0.0116538 0.00909565 0.014212 0.00930032 0.0834457 0.0103385 0.0723565 0.00995744 0.0132219 0.0116457 0.00950623 0.0880272 0.0115615 0.0617527 0.0167546 0.0343869 0.0136713 0.00915081 0.008999 0.0280704 0.0128948 0.0217748 0.00948101 0.00849405 0.00870084 0.0150316 0.00899163 0.00846944 0.00807892 0.00902643 0.00960942 0.00995071 0.0112194 0.0103137 0.0122402 0.00855672 0.00884855 0.00800818 0.00905708 0.0095165 0.0137471 0.00902042 0.0129741 0.00872273 0.0100438 0.00816699 
0.00400244 0.0044759 0.00370291 0.00369348 0.0037963 0 0.00372903 0.0169336 0.0127325 0.0119455 0.0116055 0.00898282 0.0811363 0.0090659 0.0210099 0.00917483 0.0358161 0.00908869 0.00978842 0.0332826 0.00937178 0.0333783 0.010095 0.0153224 0.0104169 0.0117748 0.00975134 0.0126411 0.00879351 0.0175751 0.00949616 0.00941605 0.00986717 0.00991358 0.00846274 0.00905401 0.00890741 0.00807888 0.00851148 0.00931821 0.00901083 0.00854865 0.00921298 0.00871311 0.00914873 0.00821332 0.00803626 0.00866683 0.00940548 0.00852994 0.0103341 0.00835659 0.0100573 0.00822173 0.00927382 
0.0102709 0.00379447 0.00376476 0.00384302 0.00375133 0.00372903 0 0.0255352 0.0154476 0.0216693 0.0143313 0.0265639 0.0092294 0.0145758 0.00944242 0.0127027 0.0105635 0.0205824 0.0205515 0.00980687 0.0133214 0.00965454 0.0122982 0.0104847 0.0102977 0.0104579 0.0106594 0.0124012 0.00969823 0.00923073 0.00979767 0.0103089 0.0108893 0.0082686 0.00845492 0.00833956 0.00885792 0.00902733 0.0102995 0.00851632 0.00830563 0.00837555 0.00867462 0.00870273 0.00822655 0.00860485 0.00856844 0.0100469 0.00850323 0.00864875 0.00832397 0.00831785 0.00836537 0.00822463 0.00819288 
0.0171162 0.0185096 0.0113008 0.0115474 0.0134781 0.0169336 0.0255352 0 0.00501542 0.00479924 0.162024 0.0116586 0.0111082 0.0102072 0.0113462 0.0218774 0.0231701 0.0205067 0.0132028 0.01127 0.010072 0.0102147 0.010482 0.0106951 0.010282 0.0125315 0.0139677 0.0109049 0.0113353 0.00952204 0.0115041 0.0150242 0.00909452 0.00864114 0.00851892 0.00869773 0.0101846 0.00904607 0.0084038 0.00850304 0.00838043 0.00839358 0.00857601 0.00854185 0.00866185 0.00963415 0.00910812 0.00863455 0.00864578 0.00858703 0.00842787 0.00839308 0.0083702 0.00852364 0.00906761 
0.0209391 0.0125317 0.0107258 0.0116067 0.0104313 0.0127325 0.0154476 0.00501542 0 0.0898489 0.00562544 0.0108787 0.0135825 0.0106309 0.00975673 0.00919293 0.0126813 0.0135729 0.016414 0.0105137 0.00939547 0.00945602 0.00969474 0.00998612 0.00962209 0.0114582 0.0119207 0.0152182 0.0098492 0.0093574 0.0103872 0.0120338 0.01198 0.00868089 0.00836176 0.00869818 0.00950007 0.00960523 0.00982532 0.00840621 0.00824159 0.00823358 0.0083117 0.00836003 0.00841537 0.00856222 0.00891398 0.00993387 0.00866899 0.00833548 0.00835205 0.00818672 0.00820722 0.00830652 0.00852313 
0.0134719 0.0121498 0.0106724 0.00949675 0.0116538 0.0119455 0.0216693 0.00479924 0.0898489 0 0.0127616 0.0196161 0.231457 0.0495864 0.013052 0.00831876 0.0109999 0.022573 0.0172727 0.0115122 0.0110814 0.0100883 0.0113112 0.0115847 0.0109866 0.013753 0.0165272 0.0121255 0.0126131 0.00999663 0.0133836 0.0176774 0.00915666 0.00879469 0.00870812 0.00931697 0.0121645 0.01057 0.00871277 0.00864435 0.00854491 0.00844678 0.00863299 0.00890394 0.00898831 0.0127854 0.0098423 0.00887584 0.00883354 0.00876584 0.00852661 0.00847975 0.00851673 0.00890577 0.00962466 
0.0160582 0.0111874 0.0092655 0.0099632 0.00909565 0.0116055 0.0143313 0.162024 0.00562544 0.0127616 0 0.490443 0.0434512 0.00807947 0.00676734 0.00763524 0.01083 0.0174848 0.0172844 0.0124617 0.0092909 0.0107422 0.0101344 0.0108305 0.00983982 0.0146199 0.0153371 0.0176883 0.0101346 0.00964478 0.0128169 0.0140131 0.0122539 0.0091693 0.00872548 0.00926398 0.0120305 0.0103743 0.0113081 0.00879846 0.00846969 0.00855668 0.00871024 0.00870291 0.00879805 0.00916851 0.00954072 0.00999744 0.00901426 0.00868233 0.00881489 0.00828757 0.00880224 0.00849079 0.0095166 
0.0202858 0.00921168 0.0108044 0.00944391 0.014212 0.00898282 0.0265639 0.0116586 0.0108787 0.0196161 0.490443 0 0.00393268 0.00400806 0.00373351 0.00378181 0.00376414 0.00687639 0.0184546 0.00797101 0.0124007 0.00932488 0.0145212 0.0154641 0.0192296 0.0310588 0.13067 0.0120037 0.0138843 0.00976235 0.0146273 0.0131972 0.009459 0.00870379 0.00891826 0.00895313 0.0114324 0.0106046 0.00898214 0.00832853 0.00842573 0.00852567 0.00872924 0.0093649 0.00883718 0.0133132 0.0095505 0.00899 0.00856776 0.00912262 0.00850312 0.0095459 0.00815413 0.0109757 0.0091855 
0.0096694 0.038934 0.0103352 0.0280641 0.00930032 0.0811363 0.0092294 0.0111082 0.0135825 0.231457 0.0434512 0.00393268 0 0.00371706 0.00369041 0.00371938 0.0038469 0.00381222 0.0088126 0.0183109 0.0087907 0.0268366 0.0243968 0.0534015 0.0283068 0.226381 0.0101995 0.0249379 0.0124398 0.041 0.0123481 0.0148966 0.0105619 0.0110823 0.0102719 0.0127391 0.0106532 0.00822328 0.0090499 0.0120001 0.0110025 0.0113393 0.0131244 0.0190766 0.014841 0.00890499 0.00817367 0.0096538 0.0164754 0.0105184 0.0185855 0.00885394 0.0185583 0.00878636 0.0119771 
0.0123248 0.0117542 0.0487072 0.0132351 0.0834457 0.0090659 0.0145758 0.0102072 0.0106309 0.0495864 0.00807947 0.00400806 0.00371706 0 0.00369537 0.00369384 0.00371779 0.00373647 0.00972591 0.00869544 0.0282541 0.0202871 0.0617666 0.0298193 0.273171 0.0127997 0.0106367 0.0103974 0.0429714 0.0166141 0.0393644 0.0119951 0.00945927 0.0105683 0.0267652 0.0107927 0.0117794 0.00820723 0.00952326 0.011985 0.0144512 0.0152883 0.0278041 0.0360224 0.00972928 0.0106239 0.00815004 0.00960487 0.0132568 0.0298207 0.0112964 0.0232787 0.0102904 0.0147017 0.00868213 
0.0104542 0.0342508 0.0165588 0.111455 0.0103385 0.0210099 0.00944242 0.0113462 0.00975673 0.013052 0.00676734 0.00373351 0.00369041 0.00369537 0 0.00369903 0.00370352 0.00372951 0.00894085 0.0242486 0.0220994 0.0810545 0.0303452 0.330762 0.0157785 0.0187318 0.0103433 0.0170751 0.0122184 0.159821 0.0163079 0.014891 0.0102656 0.0162274 0.0140868 0.0136247 0.0100616 0.00826677 0.0100276 0.0166776 0.0182056 0.0289679 0.0525099 0.0238105 0.0130336 0.00875108 0.00820228 0.00985931 0.0257834 0.0155734 0.0458794 0.010721 0.0273188 0.00953019 0.010111 
0.013927 0.017551 0.0917805 0.0152477 0.0723565 0.00917483 0.0127027 0.0218774 0.00919293 0.00831876 0.00763524 0.00378181 0.00371938 0.00369384 0.00369903 0 0.00370005 0.00370666 0.0183844 0.0223494 0.145746 0.0144887 0.373668 0.0146516 0.0519022 0.0131057 0.0106229 0.0101673 0.0854892 0.0201575 0.0492818 0.01112 0.00966342 0.0120183 0.0382992 0.0117607 0.00952688 0.00825163 0.0103338 0.0136968 0.0219024 0.028761 0.0386582 0.0347045 0.00992469 0.010017 0.00814488 0.0103602 0.0143588 0.0497468 0.0121372 0.0285773 0.0105929 0.0127312 0.00866803 
0.0107503 0.0506932 0.0125573 0.0365889 0.00995744 0.0358161 0.0105635 0.0231701 0.0126813 0.0109999 0.01083 0.00376414 0.0038469 0.00371779 0.00370352 0.00370005 0 0.00428063 0.0180931 0.0953985 0.0187901 0.365823 0.0114571 0.0260585 0.0138634 0.0316782 0.0120535 0.0273533 0.0122622 0.0593067 0.0264423 0.0228645 0.0114951 0.0128654 0.0103528 0.0158435 0.0118983 0.00858537 0.0109492 0.0174977 0.0157447 0.0120976 0.0225594 0.0129623 0.0181277 0.00868653 0.00834132 0.00997079 0.0227354 0.012303 0.0367873 0.00916016 0.0175044 0.00903115 0.0102102 
0.039844 0.0109148 0.0135566 0.0102841 0.0132219 0.00908869 0.0205824 0.0205067 0.0135729 0.022573 0.0174848 0.00687639 0.00381222 0.00373647 0.00372951 0.00370666 0.00428063 0 0.0763786 0.0141865 0.238581 0.00992428 0.0222585 0.0113572 0.0155328 0.0152742 0.0318617 0.0178693 0.0157421 0.0104633 0.0197832 0.0262717 0.0166987 0.00949143 0.010052 0.0100853 0.0136421 0.0113538 0.0168363 0.011758 0.0100637 0.0100087 0.0119401 0.0124749 0.00940675 0.0114706 0.009945 0.0155201 0.0103511 0.013744 0.00966007 0.00968682 0.00892825 0.00941837 0.00928022 
0.0149567 0.0103351 0.0110775 0.010069 0.0116457 0.00978842 0.0205515 0.0132028 0.016414 0.0172727 0.0172844 0.0184546 0.0088126 0.00972591 0.00894085 0.0183844 0.0180931 0.0763786 0 0.00481072 0.0037022 0.00366135 0.0042168 0.00388029 0.00408182 0.00485655 0.00901799 0.0416323 0.0187547 0.0111874 0.0196513 0.0236936 0.0141694 0.00953868 0.0102382 0.0103374 0.0191304 0.0118208 0.01183 0.010135 0.00981907 0.00964957 0.011195 0.011197 0.00997847 0.0213873 0.0127745 0.0121903 0.0107539 0.0102291 0.00946959 0.00995667 0.0091161 0.0115175 0.0128203 
0.010505 0.0278265 0.0121069 0.030032 0.00950623 0.0332826 0.00980687 0.01127 0.0105137 0.0115122 0.0124617 0.00797101 0.0183109 0.00869544 0.0242486 0.0223494 0.0953985 0.0141865 0.00481072 0 0.00372253 0.00371962 0.0037481 0.00376204 0.00404659 0.00393355 0.00438146 0.0286393 0.0158679 0.0456312 0.0142586 0.0156391 0.0108932 0.0134978 0.0100507 0.0157886 0.0107723 0.00860579 0.00989449 0.0169228 0.0119933 0.0128668 0.0193105 0.0125526 0.0253774 0.00972377 0.00850698 0.0119412 0.0264811 0.0128451 0.0274797 0.00943724 0.0294244 0.00918078 0.0132812 
0.0115788 0.0139251 0.0575828 0.0177396 0.0880272 0.00937178 0.0133214 0.010072 0.00939547 0.0110814 0.0092909 0.0124007 0.0087907 0.0282541 0.0220994 0.145746 0.0187901 0.238581 0.0037022 0.00372253 0 0.00369451 0.00371385 0.0037373 0.00435616 0.00373304 0.00414658 0.0128433 0.0750562 0.0159091 0.0414167 0.0115067 0.00977441 0.0118546 0.0364166 0.0120013 0.0102027 0.00848277 0.0110187 0.0138506 0.0217517 0.0239162 0.0304199 0.0667228 0.012471 0.0106153 0.00844007 0.0102746 0.0178111 0.0645192 0.0138059 0.0497658 0.0113957 0.0287959 0.00900522 
0.010479 0.02991 0.0214557 0.130925 0.0115615 0.0333783 0.00965454 0.0102147 0.00945602 0.0100883 0.0107422 0.00932488 0.0268366 0.0202871 0.0810545 0.0144887 0.365823 0.00992428 0.00366135 0.00371962 0.00369451 0 0.00371237 0.00368594 0.00373202 0.00368141 0.0038332 0.0253096 0.0136333 0.114117 0.0162281 0.0165955 0.0103987 0.0155546 0.0144381 0.0140694 0.011353 0.00849691 0.0105455 0.0217157 0.022067 0.0215443 0.0877279 0.0280725 0.0297093 0.009433 0.00831632 0.0105105 0.0375729 0.0232283 0.080825 0.0123126 0.0630918 0.0110943 0.0124111 
0.012902 0.0177007 0.0852229 0.0224666 0.0617527 0.010095 0.0122982 0.010482 0.00969474 0.0113112 0.0101344 0.0145212 0.0243968 0.0617666 0.0303452 0.373668 0.0114571 0.0222585 0.0042168 0.0037481 0.00371385 0.00371237 0 0.00371718 0.00377629 0.00372462 0.00374801 0.0168914 0.0555623 0.0224617 0.0557293 0.0133336 0.0101956 0.0130222 0.0328242 0.0137125 0.011011 0.00862512 0.0124953 0.0187065 0.0242485 0.0575669 0.0451427 0.0646431 0.0128249 0.01195 0.00854906 0.0119161 0.0253383 0.0772281 0.019693 0.050626 0.0163763 0.0223046 0.0100359 
0.0117702 0.0556876 0.0288033 0.0926314 0.0167546 0.0153224 0.0104847 0.0106951 0.00998612 0.0115847 0.0108305 0.0154641 0.0534015 0.0298193 0.330762 0.0146516 0.0260585 0.0113572 0.00388029 0.00376204 0.0037373 0.00368594 0.00371718 0 0.00372199 0.0037076 0.00374045 0.0320609 0.0304665 0.0862871 0.0243648 0.0184722 0.0112219 0.0159804 0.0169642 0.0168846 0.0116953 0.0086296 0.0134024 0.0219395 0.0542059 0.0324275 0.0600233 0.0312737 0.0175753 0.010249 0.0084871 0.0123128 0.046235 0.0331078 0.0768069 0.0164497 0.0417526 0.0128621 0.0115703 
0.0136419 0.0191893 0.0604962 0.034735 0.0343869 0.0104169 0.0102977 0.010282 0.00962209 0.0109866 0.00983982 0.0192296 0.0283068 0.273171 0.0157785 0.0519022 0.0138634 0.0155328 0.00408182 0.00404659 0.00435616 0.00373202 0.00377629 0.00372199 0 0.0037193 0.00370062 0.0184657 0.0702075 0.057453 0.0406385 0.0133866 0.010459 0.0126839 0.0365468 0.0162065 0.00999652 0.00844189 0.0124236 0.0383463 0.0274287 0.0361213 0.0411899 0.0467155 0.0145143 0.0103591 0.00826737 0.012285 0.025619 0.0792456 0.0296473 0.0299652 0.0195171 0.0151475 0.00949254 
0.0109752 0.0189072 0.0135477 0.017529 0.0136713 0.0117748 0.0104579 0.0125315 0.0114582 0.013753 0.0146199 0.0310588 0.226381 0.0127997 0.0187318 0.0131057 0.0316782 0.0152742 0.00485655 0.00393355 0.00373304 0.00368141 0.00372462 0.0037076 0.0037193 0 0.00376811 0.0173734 0.0331437 0.0427571 0.066982 0.033625 0.0104051 0.0148523 0.0122025 0.0209939 0.0106962 0.00880923 0.0306799 0.0177179 0.013332 0.0121703 0.0193108 0.0176113 0.0169947 0.0100126 0.008485 0.0104474 0.0216317 0.0180004 0.0170585 0.0120322 0.0115856 0.0131598 0.010035 
0.0151423 0.0101178 0.0104591 0.0112255 0.00915081 0.00975134 0.0106594 0.0139677 0.0119207 0.0165272 0.0153371 0.13067 0.0101995 0.0106367 0.0103433 0.0106229 0.0120535 0.0318617 0.00901799 0.00438146 0.00414658 0.0038332 0.00374801 0.00374045 0.00370062 0.00376811 0 0.0211654 0.0118651 0.0268887 0.038707 0.0778285 0.0197935 0.00934603 0.00989775 0.0106754 0.0186861 0.0133602 0.0141718 0.0106726 0.0093959 0.0096151 0.0109158 0.0107616 0.0103512 0.0100638 0.00966445 0.0137125 0.0103399 0.0106209 0.0112163 0.0091803 0.0109349 0.00907216 0.0119986 
0.0105933 0.0109714 0.00973083 0.0120238 0.008999 0.0126411 0.0124012 0.0109049 0.0152182 0.0121255 0.0176883 0.0120037 0.0249379 0.0103974 0.0170751 0.0101673 0.0273533 0.0178693 0.0416323 0.0286393 0.0128433 0.0253096 0.0168914 0.0320609 0.0184657 0.0173734 0.0211654 0 0.0037504 0.00375957 0.00374377 0.00423578 0.0268388 0.00891436 0.00892019 0.0144248 0.862635 0.013228 0.0169481 0.0132062 0.0103632 0.0110869 0.0130707 0.0110595 0.0130518 0.0196386 0.0145344 0.0230616 0.0209645 0.0112211 0.0194754 0.00943198 0.0224156 0.00959259 0.0573763 
0.00993802 0.0138687 0.0152023 0.011094 0.0280704 0.00879351 0.00969823 0.0113353 0.0098492 0.0126131 0.0101346 0.0138843 0.0124398 0.0429714 0.0122184 0.0854892 0.0122622 0.0157421 0.0187547 0.0158679 0.0750562 0.0136333 0.0555623 0.0304665 0.0702075 0.0331437 0.0118651 0.0037504 0 0.00370009 0.00374246 0.00373339 0.00726273 0.011193 0.00934936 0.830349 0.0112228 0.00975619 0.013561 0.0181015 0.0133866 0.0148149 0.0176863 0.0209775 0.011627 0.0138178 0.00946809 0.0164823 0.0247342 0.0548725 0.0110106 0.0426894 0.0102817 0.0634042 0.00959633 
0.00924983 0.0182419 0.0302848 0.0733679 0.0128948 0.0175751 0.00923073 0.00952204 0.0093574 0.00999663 0.00964478 0.00976235 0.041 0.0166141 0.159821 0.0201575 0.0593067 0.0104633 0.0111874 0.0456312 0.0159091 0.114117 0.0224617 0.0862871 0.057453 0.0427571 0.0268887 0.00375957 0.00370009 0 0.00371006 0.00374321 0.0104668 0.00904079 0.789805 0.0186273 0.0111944 0.00871543 0.0124587 0.0219901 0.0305791 0.0247632 0.0473914 0.0340233 0.0210345 0.00995375 0.00859823 0.0130786 0.0608014 0.0317908 0.13013 0.0118699 0.147957 0.0101086 0.016364 
0.0107445 0.0157368 0.0250361 0.0151849 0.0217748 0.00949616 0.00979767 0.0115041 0.0103872 0.0133836 0.0128169 0.0146273 0.0123481 0.0393644 0.0163079 0.0492818 0.0264423 0.0197832 0.0196513 0.0142586 0.0414167 0.0162281 0.0557293 0.0243648 0.0406385 0.066982 0.038707 0.00374377 0.00374246 0.00371006 0 0.00374904 0.00995309 0.833784 0.0257199 0.0157802 0.0115904 0.0100796 0.0156334 0.025688 0.016223 0.0188874 0.025064 0.0340019 0.0202317 0.0132015 0.00923447 0.0139938 0.0295852 0.05777 0.0160265 0.0493283 0.0143981 0.0376352 0.00987048 
0.0122426 0.0110883 0.0102916 0.0119801 0.00948101 0.00941605 0.0103089 0.0150242 0.0120338 0.0176774 0.0140131 0.0131972 0.0148966 0.0119951 0.014891 0.01112 0.0228645 0.0262717 0.0236936 0.0156391 0.0115067 0.0165955 0.0133336 0.0184722 0.0133866 0.033625 0.0778285 0.00423578 0.00373339 0.00374321 0.00374904 0 0.87029 0.00915355 0.00824284 0.0150416 0.0272279 0.0132473 0.0242188 0.0127006 0.0105635 0.0110963 0.0135694 0.013037 0.0128868 0.0141162 0.0126406 0.01726 0.0156573 0.0123159 0.0193233 0.0098812 0.0122785 0.0110619 0.0149964 
0.00865831 0.00857767 0.00885217 0.00900982 0.00849405 0.00986717 0.0108893 0.00909452 0.01198 0.00915666 0.0122539 0.009459 0.0105619 0.00945927 0.0102656 0.00966342 0.0114951 0.0166987 0.0141694 0.0108932 0.00977441 0.0103987 0.0101956 0.0112219 0.010459 0.0104051 0.0197935 0.0268388 0.00726273 0.0104668 0.00995309 0.87029 0 0.00391363 0.00369032 0.00378428 0.00538762 0.0162741 0.0127932 0.00956872 0.00892901 0.00942706 0.0112348 0.0111016 0.0101537 0.0213514 0.0149546 0.0164965 0.0118563 0.0099282 0.0123342 0.0092361 0.0140696 0.00981113 0.040904 
0.00832085 0.00909574 0.00899363 0.0100907 0.00870084 0.00991358 0.0082686 0.00864114 0.00868089 0.00879469 0.0091693 0.00870379 0.0110823 0.0105683 0.0162274 0.0120183 0.0128654 0.00949143 0.00953868 0.0134978 0.0118546 0.0155546 0.0130222 0.0159804 0.0126839 0.0148523 0.00934603 0.00891436 0.011193 0.00904079 0.833784 0.00915355 0.00391363 0 0.00370183 0.00370471 0.00384857 0.00844384 0.0102597 0.0136586 0.0105598 0.0183015 0.0184295 0.01146 0.0114108 0.0101834 0.00904967 0.0100041 0.0168038 0.0134011 0.0135889 0.0109125 0.0122505 0.0125352 0.010066 
0.00840988 0.00928561 0.015336 0.0104011 0.0150316 0.00846274 0.00845492 0.00851892 0.00836176 0.00870812 0.00872548 0.00891826 0.0102719 0.0267652 0.0140868 0.0382992 0.0103528 0.010052 0.0102382 0.0100507 0.0364166 0.0144381 0.0328242 0.0169642 0.0365468 0.0122025 0.00989775 0.00892019 0.00934936 0.789805 0.0257199 0.00824284 0.00369032 0.00370183 0 0.00369705 0.00369477 0.00771325 0.0112051 0.0128788 0.0231016 0.0184554 0.0170892 0.0246454 0.0101188 0.00954305 0.00871063 0.0101003 0.0138219 0.0416433 0.012851 0.0247824 0.0120226 0.0137463 0.00890161 
0.00863068 0.0103257 0.00925288 0.0105918 0.00899163 0.00905401 0.00833956 0.00869773 0.00869818 0.00931697 0.00926398 0.00895313 0.0127391 0.0107927 0.0136247 0.0117607 0.0158435 0.0100853 0.0103374 0.0157886 0.0120013 0.0140694 0.0137125 0.0168846 0.0162065 0.0209939 0.0106754 0.0144248 0.830349 0.0186273 0.0157802 0.0150416 0.00378428 0.00370471 0.00369705 0 0.00370003 0.00959482 0.0111925 0.031417 0.0171037 0.0136938 0.0154742 0.0157571 0.0182449 0.00914843 0.00909607 0.0106563 0.0244173 0.0134988 0.0137679 0.0110591 0.0110508 0.0133043 0.00961982 
0.0105821 0.008836 0.00893735 0.00922635 0.00846944 0.00890741 0.00885792 0.0101846 0.00950007 0.0121645 0.0120305 0.0114324 0.0106532 0.0117794 0.0100616 0.00952688 0.0118983 0.0136421 0.0191304 0.0107723 0.0102027 0.011353 0.011011 0.0116953 0.00999652 0.0106962 0.0186861 0.862635 0.0112228 0.0111944 0.0115904 0.0272279 0.00538762 0.00384857 0.00369477 0.00370003 0 0.0235138 0.0240562 0.0168515 0.0122213 0.0132231 0.0132559 0.0121774 0.0111417 0.0144886 0.0116511 0.0199436 0.0114344 0.0110183 0.0111286 0.00905064 0.0117341 0.00936597 0.0157681 
0.00932977 0.00803573 0.00808263 0.00802913 0.00807892 0.00807888 0.00902733 0.00904607 0.00960523 0.01057 0.0103743 0.0106046 0.00822328 0.00820723 0.00826677 0.00825163 0.00858537 0.0113538 0.0118208 0.00860579 0.00848277 0.00849691 0.00862512 0.0086296 0.00844189 0.00880923 0.0133602 0.013228 0.00975619 0.00871543 0.0100796 0.0132473 0.0162741 0.00844384 0.00771325 0.00959482 0.0235138 0 0.0295792 0.00430229 0.00503602 0.0045867 0.00413204 0.00538648 0.00567944 0.00909261 0.0775704 0.0114968 0.0104779 0.00904693 0.00863641 0.00909184 0.00907432 0.0107709 0.0143675 
0.00846416 0.00839775 0.00865503 0.00883299 0.00902643 0.00851148 0.0102995 0.0084038 0.00982532 0.00871277 0.0113081 0.00898214 0.0090499 0.00952326 0.0100276 0.0103338 0.0109492 0.0168363 0.01183 0.00989449 0.0110187 0.0105455 0.0124953 0.0134024 0.0124236 0.0306799 0.0141718 0.0169481 0.013561 0.0124587 0.0156334 0.0242188 0.0127932 0.0102597 0.0112051 0.0111925 0.0240562 0.0295792 0 0.00373776 0.00369305 0.00371654 0.0037131 0.00377933 0.00382064 0.00686375 0.0120002 0.0191088 0.0141411 0.0140901 0.0104991 0.0130128 0.0100825 0.0154352 0.0266227 
0.00835801 0.00979001 0.00932409 0.0110995 0.00960942 0.00931821 0.00851632 0.00850304 0.00840621 0.00864435 0.00879846 0.00832853 0.0120001 0.011985 0.0166776 0.0136968 0.0174977 0.011758 0.010135 0.0169228 0.0138506 0.0217157 0.0187065 0.0219395 0.0383463 0.0177179 0.0106726 0.0132062 0.0181015 0.0219901 0.025688 0.0127006 0.00956872 0.0136586 0.0128788 0.031417 0.0168515 0.00430229 0.00373776 0 0.0040529 0.00369136 0.00370816 0.00371575 0.00446095 0.00377212 0.00856787 0.0114043 0.0227302 0.0150398 0.0163833 0.0110716 0.0178233 0.0220356 0.0144517 
0.00841822 0.00913936 0.0110554 0.0107148 0.00995071 0.00901083 0.00830563 0.00838043 0.00824159 0.00854491 0.00846969 0.00842573 0.0110025 0.0144512 0.0182056 0.0219024 0.0157447 0.0100637 0.00981907 0.0119933 0.0217517 0.022067 0.0242485 0.0542059 0.0274287 0.013332 0.0093959 0.0103632 0.0133866 0.0305791 0.016223 0.0105635 0.00892901 0.0105598 0.0231016 0.0171037 0.0122213 0.00503602 0.00369305 0.0040529 0 0.0036982 0.00369554 0.00374157 0.00365356 0.00373908 0.0072105 0.00914915 0.0143551 0.0200812 0.0130402 0.0133503 0.0223265 0.012188 0.0095626 
0.00838697 0.00998697 0.0112046 0.012346 0.0112194 0.00854865 0.00837555 0.00839358 0.00823358 0.00844678 0.00855668 0.00852567 0.0113393 0.0152883 0.0289679 0.028761 0.0120976 0.0100087 0.00964957 0.0128668 0.0239162 0.0215443 0.0575669 0.0324275 0.0361213 0.0121703 0.0096151 0.0110869 0.0148149 0.0247632 0.0188874 0.0110963 0.00942706 0.0183015 0.0184554 0.0136938 0.0132231 0.0045867 0.00371654 0.00369136 0.0036982 0 0.00369364 0.0036895 0.00371114 0.00371502 0.0075091 0.00922529 0.0130132 0.0187572 0.0190853 0.0222727 0.0207259 0.0105005 0.00995452 
0.0088671 0.0105063 0.0160118 0.0171238 0.0103137 0.00921298 0.00867462 0.00857601 0.0083117 0.00863299 0.00871024 0.00872924 0.0131244 0.0278041 0.0525099 0.0386582 0.0225594 0.0119401 0.011195 0.0193105 0.0304199 0.0877279 0.0451427 0.0600233 0.0411899 0.0193108 0.0109158 0.0130707 0.0176863 0.0473914 0.025064 0.0135694 0.0112348 0.0184295 0.0170892 0.0154742 0.0132559 0.00413204 0.0037131 0.00370816 0.00369554 0.00369364 0 0.00370567 0.00370215 0.00372581 0.00687507 0.010124 0.0170031 0.0212707 0.035574 0.0187806 0.0166429 0.0131237 0.0122916 
0.00870378 0.0097502 0.014904 0.0123752 0.0122402 0.00871311 0.00870273 0.00854185 0.00836003 0.00890394 0.00870291 0.0093649 0.0190766 0.0360224 0.0238105 0.0347045 0.0129623 0.0124749 0.011197 0.0125526 0.0667228 0.0280725 0.0646431 0.0312737 0.0467155 0.0176113 0.0107616 0.0110595 0.0209775 0.0340233 0.0340019 0.013037 0.0111016 0.01146 0.0246454 0.0157571 0.0121774 0.00538648 0.00377933 0.00371575 0.00374157 0.0036895 0.00370567 0 0.00371157 0.00371362 0.00821658 0.0113627 0.0188443 0.0672043 0.0218506 0.0261338 0.0166843 0.0170735 0.0102723 
0.00869653 0.0100847 0.00899836 0.0103708 0.00855672 0.00914873 0.00822655 0.00866185 0.00841537 0.00898831 0.00879805 0.00883718 0.014841 0.00972928 0.0130336 0.00992469 0.0181277 0.00940675 0.00997847 0.0253774 0.012471 0.0297093 0.0128249 0.0175753 0.0145143 0.0169947 0.0103512 0.0130518 0.011627 0.0210345 0.0202317 0.0128868 0.0101537 0.0114108 0.0101188 0.0182449 0.0111417 0.00567944 0.00382064 0.00446095 0.00365356 0.00371114 0.00370215 0.00371157 0 0.00371184 0.00686869 0.0118715 0.0457887 0.0225809 0.0292313 0.0087313 0.0187204 0.0118155 0.0124309 
0.0109761 0.00860396 0.00864239 0.00852957 0.00884855 0.00821332 0.00860485 0.00963415 0.00856222 0.0127854 0.00916851 0.0133132 0.00890499 0.0106239 0.00875108 0.010017 0.00868653 0.0114706 0.0213873 0.00972377 0.0106153 0.009433 0.01195 0.010249 0.0103591 0.0100126 0.0100638 0.0196386 0.0138178 0.00995375 0.0132015 0.0141162 0.0213514 0.0101834 0.00954305 0.00914843 0.0144886 0.00909261 0.00686375 0.00377212 0.00373908 0.00371502 0.00372581 0.00371362 0.00371184 0 0.0172408 0.0246971 0.0242683 0.0239951 0.00880704 0.0138601 0.00835637 0.0138311 0.0115756 
0.00977455 0.00809794 0.00799901 0.00800866 0.00800818 0.00803626 0.00856844 0.00910812 0.00891398 0.0098423 0.00954072 0.0095505 0.00817367 0.00815004 0.00820228 0.00814488 0.00834132 0.009945 0.0127745 0.00850698 0.00844007 0.00831632 0.00854906 0.0084871 0.00826737 0.008485 0.00966445 0.0145344 0.00946809 0.00859823 0.00923447 0.0126406 0.0149546 0.00904967 0.00871063 0.00909607 0.0116511 0.0775704 0.0120002 0.00856787 0.0072105 0.0075091 0.00687507 0.00821658 0.00686869 0.0172408 0 0.80516 0.0124594 0.00406956 0.00425986 0.004319 0.00521712 0.00653693 0.0134962 
0.00884559 0.0086701 0.00871663 0.00864711 0.00905708 0.00866683 0.0100469 0.00863455 0.00993387 0.00887584 0.00999744 0.00899 0.0096538 0.00960487 0.00985931 0.0103602 0.00997079 0.0155201 0.0121903 0.0119412 0.0102746 0.0105105 0.0119161 0.0123128 0.012285 0.0104474 0.0137125 0.0230616 0.0164823 0.0130786 0.0139938 0.01726 0.0164965 0.0100041 0.0101003 0.0106563 0.0199436 0.0114968 0.0191088 0.0114043 0.00914915 0.00922529 0.010124 0.0113627 0.0118715 0.0246971 0.80516 0 0.00395019 0.00372505 0.00372828 0.00376222 0.00391464 0.00399973 0.00867338 
0.00853892 0.0103244 0.0102222 0.0116995 0.0095165 0.00940548 0.00850323 0.00864578 0.00866899 0.00883354 0.00901426 0.00856776 0.0164754 0.0132568 0.0257834 0.0143588 0.0227354 0.0103511 0.0107539 0.0264811 0.0178111 0.0375729 0.0253383 0.046235 0.025619 0.0216317 0.0103399 0.0209645 0.0247342 0.0608014 0.0295852 0.0156573 0.0118563 0.0168038 0.0138219 0.0244173 0.0114344 0.0104779 0.0141411 0.0227302 0.0143551 0.0130132 0.0170031 0.0188443 0.0457887 0.0242683 0.0124594 0.00395019 0 0.00371308 0.00372741 0.00371075 0.00385509 0.00394125 0.0113809 
0.0090996 0.00932675 0.0140815 0.0111596 0.0137471 0.00852994 0.00864875 0.00858703 0.00833548 0.00876584 0.00868233 0.00912262 0.0105184 0.0298207 0.0155734 0.0497468 0.012303 0.013744 0.0102291 0.0128451 0.0645192 0.0232283 0.0772281 0.0331078 0.0792456 0.0180004 0.0106209 0.0112211 0.0548725 0.0317908 0.05777 0.0123159 0.0099282 0.0134011 0.0416433 0.0134988 0.0110183 0.00904693 0.0140901 0.0150398 0.0200812 0.0187572 0.0212707 0.0672043 0.0225809 0.0239951 0.00406956 0.00372505 0.00371308 0 0.00373242 0.00381861 0.00378375 0.0037814 0.00414441 
0.00858904 0.0108352 0.0106688 0.0196357 0.00902042 0.0103341 0.00832397 0.00842787 0.00835205 0.00852661 0.00881489 0.00850312 0.0185855 0.0112964 0.0458794 0.0121372 0.0367873 0.00966007 0.00946959 0.0274797 0.0138059 0.080825 0.019693 0.0768069 0.0296473 0.0170585 0.0112163 0.0194754 0.0110106 0.13013 0.0160265 0.0193233 0.0123342 0.0135889 0.012851 0.0137679 0.0111286 0.00863641 0.0104991 0.0163833 0.0130402 0.0190853 0.035574 0.0218506 0.0292313 0.00880704 0.00425986 0.00372828 0.00372741 0.00373242 0 0.00372187 0.00390933 0.00373617 0.00455379 
0.00893378 0.0089108 0.0117202 0.0093632 0.0129741 0.00835659 0.00831785 0.00839308 0.00818672 0.00847975 0.00828757 0.0095459 0.00885394 0.0232787 0.010721 0.0285773 0.00916016 0.00968682 0.00995667 0.00943724 0.0497658 0.0123126 0.050626 0.0164497 0.0299652 0.0120322 0.0091803 0.00943198 0.0426894 0.0118699 0.0493283 0.0098812 0.0092361 0.0109125 0.0247824 0.0110591 0.00905064 0.00909184 0.0130128 0.0110716 0.0133503 0.0222727 0.0187806 0.0261338 0.0087313 0.0138601 0.004319 0.00376222 0.00371075 0.00381861 0.00372187 0 0.00370512 0.00414332 0.00371826 
0.00836879 0.0103799 0.00937671 0.0175579 0.00872273 0.0100573 0.00836537 0.0083702 0.00820722 0.00851673 0.00880224 0.00815413 0.0185583 0.0102904 0.0273188 0.0105929 0.0175044 0.00892825 0.0091161 0.0294244 0.0113957 0.0630918 0.0163763 0.0417526 0.0195171 0.0115856 0.0109349 0.0224156 0.0102817 0.147957 0.0143981 0.0122785 0.0140696 0.0122505 0.0120226 0.0110508 0.0117341 0.00907432 0.0100825 0.0178233 0.0223265 0.0207259 0.0166429 0.0166843 0.0187204 0.00835637 0.00521712 0.00391464 0.00385509 0.00378375 0.00390933 0.00370512 0 0.00369388 0.00398117 
0.0100139 0.00917514 0.00994606 0.00882568 0.0100438 0.00822173 0.00822463 0.00852364 0.00830652 0.00890577 0.00849079 0.0109757 0.00878636 0.0147017 0.00953019 0.0127312 0.00903115 0.00941837 0.0115175 0.00918078 0.0287959 0.0110943 0.0223046 0.0128621 0.0151475 0.0131598 0.00907216 0.00959259 0.0634042 0.0101086 0.0376352 0.0110619 0.00981113 0.0125352 0.0137463 0.0133043 0.00936597 0.0107709 0.0154352 0.0220356 0.012188 0.0105005 0.0131237 0.0170735 0.0118155 0.0138311 0.00653693 0.00399973 0.00394125 0.0037814 0.00373617 0.00414332 0.00369388 0 0.00370527 
0.00943668 0.00894713 0.0085305 0.00934467 0.00816699 0.00927382 0.00819288 0.00906761 0.00852313 0.00962466 0.0095166 0.0091855 0.0119771 0.00868213 0.010111 0.00866803 0.0102102 0.00928022 0.0128203 0.0132812 0.00900522 0.0124111 0.0100359 0.0115703 0.00949254 0.010035 0.0119986 0.0573763 0.00959633 0.016364 0.00987048 0.0149964 0.040904 0.010066 0.00890161 0.00961982 0.0157681 0.0143675 0.0266227 0.0144517 0.0095626 0.00995452 0.0122916 0.0102723 0.0124309 0.0115756 0.0134962 0.00867338 0.0113809 0.00414441 0.00455379 0.00371826 0.00398117 0.00370527 0 
