1CBKA
MITAYIALGSNLNTPVEQLHAALKAISQLSNTHLVTTSSFYKSKPLGPQDQPDYVNAVAKIETELSPLKLLDELQRIENEQGRVRLRRWGERTLDLDILLYGNEIIQNERLTIPHYDMHNREFVIVPLFEIASDLVLPNSQIITELVKQFADHKMIKLNP
CEEEEEEEEECCCCHHHHHHHHHHHHHCCCCEEEEEECCCEEECCCCCCCCCCEEEEEEEEEECCCHHHHHHHHHHHHHHCCCCECCCCCCECCEEEEEEECCCCEECCCCEECCHHHHHCHHHHHHHHHHCCCCECCCCCEHHHHHHHHCCCCCEECCC
0 0 0 0 0 0 0 0 0 0 0 0 0 0 0 0 0 0 0 0 0 0 0 0 0 0 0 0 0 0 0 0 0 0 0 0 0 0 0 0 0 0 0 0 0 0 0 0 0 0 0 0 0 0 0 0 0 0 0 0 0 0 0 0 0 0 0 0 0 0 0 0 0 0 0 0 0 0 0 0 0 0 0 0 0 0 0 0 0 0 0 0 0 0 0 0 0 0 0 0 0 0 0 0 0 0 0 0 0 0 0 0 0 0 0 0 0 0 0 0 0 0 0 0 0 0 0 0 0 0 0 0 0 0 0 0 0 0 0 0 0 0 0 0 0 0 0 0 0 0 0 0 0 0 0 0 0 0 0 0 
0 0 0 0 0 0 0 0 0 0 0 0 0 0 0 0 0 0 0 0 0 0 0 0 0 0 0 0 0 0 0 0 0 0 0 0 0 0 0 0 0 0 0 0 0 0 0 0 0 0 0 0 0 0 0 0 0 0 0 0 0 0 0 0 0 0 0 0 0 0 0 0 0 0 0 0 0 0 0 0 0 0 0 0 0 0 0 0 0 0 0 0 0 0 0 0 0 0 0 0 0 0 0 0 0 0 0 0 0 0 0 0 0 0 0 0 0 0 0 0 0 0 0 0 0 0 0 0 0 0 0 0 0 0 0 0 0 0 0 0 0 0 0 0 0 0 0 0 0 0 0 0 0 0 0 0 0 0 0 0 
0 0.00381616 0.00388551 0.00382359 0.00386845 0.0049782 0.0042187 0.00473674 0.014125 0.152375 0.00975496 0.0277464 0.00959863 0.011944 0.0218026 0.0186737 0.00951417 0.0468878 0.0181146 0.0140124 0.0117181 0.0175264 0.0103927 0.0221108 0.00929749 0.0227069 0.00924133 0.0772476 0.00999102 0.0101346 0.00954019 0.0143242 0.00917305 0.0162047 0.00984222 0.00996303 0.0130975 0.00877449 0.00839204 0.00877919 0.0098884 0.00875927 0.0086324 0.00839481 0.00878056 
0.00381616 0 0.00377588 0.00378459 0.00380922 0.00377146 0.00373762 0.00468241 0.00424328 0.0110324 0.17542 0.00916382 0.0173863 0.0113112 0.0112408 0.00984141 0.0326482 0.00897905 0.0167268 0.0143059 0.0245528 0.0123722 0.0282588 0.0101911 0.0446744 0.00893804 0.0750376 0.00882294 0.00926967 0.00831379 0.0119707 0.00909707 0.0243183 0.0102659 0.0192906 0.0118512 0.00889999 0.00819254 0.00821846 0.00983738 0.00822813 0.00846626 0.00856709 0.00834721 0.00818971 
0.00388551 0.00377588 0 0.00379464 0.00376691 0.00374662 0.0039466 0.00374548 0.00390288 0.0381453 0.00998143 0.128559 0.0107797 0.0128388 0.00968143 0.0133241 0.00919938 0.0126141 0.0120561 0.0457032 0.0144054 0.0817555 0.0153361 0.104488 0.0105286 0.197331 0.00903029 0.0138453 0.00822452 0.00866625 0.00888195 0.0408246 0.0117916 0.0868598 0.0261602 0.0149014 0.00906885 0.00857327 0.00817986 0.00834458 0.00854697 0.00812038 0.00810534 0.00817222 0.00805894 
0.00382359 0.00378459 0.00379464 0 0.0037166 0.00375223 0.00373787 0.00368006 0.00390051 0.0233119 0.0871269 0.0140521 0.0508566 0.0132155 0.0136448 0.0104329 0.012374 0.00987926 0.0156935 0.0156359 0.103542 0.0235022 0.106153 0.0185156 0.235472 0.0109084 0.0274112 0.00943857 0.00874995 0.00863573 0.0142369 0.0124917 0.094931 0.0243693 0.0715789 0.0167096 0.00940261 0.00827849 0.00832593 0.00996747 0.00839158 0.00841572 0.00847367 0.00839504 0.00815893 
0.00386845 0.00380922 0.00376691 0.0037166 0 0.00371085 0.00371571 0.0037143 0.00373579 0.0292217 0.0219114 0.0897075 0.0178699 0.0249793 0.0104665 0.0128466 0.00974191 0.0121507 0.0117864 0.0485662 0.0200774 0.128955 0.0213782 0.205488 0.0135726 0.0776972 0.00970097 0.0143332 0.00830142 0.00893228 0.00941016 0.0343011 0.0156168 0.121545 0.038402 0.0179546 0.00959319 0.00861553 0.00823825 0.00872183 0.00861268 0.00830543 0.00820183 0.00823679 0.00814787 
0.0049782 0.00377146 0.00374662 0.00375223 0.00371085 0 0.00370394 0.00369113 0.0038067 0.0153839 0.0453966 0.0298856 0.0412585 0.0165356 0.0122962 0.0107207 0.0112465 0.00964007 0.0146741 0.0169956 0.0972856 0.0296083 0.192017 0.0215637 0.0690333 0.0160649 0.0205881 0.00958495 0.00826834 0.00870394 0.0115909 0.013339 0.0703684 0.0354737 0.0799841 0.0181859 0.00921185 0.00836786 0.00815485 0.0088865 0.00838874 0.00817366 0.00815019 0.00817415 0.00808475 
0.0042187 0.00373762 0.0039466 0.00373787 0.00371571 0.00370394 0 0.00369918 0.00370644 0.0150842 0.0194264 0.0421647 0.0281841 0.0258672 0.0119047 0.0126949 0.00996958 0.0109214 0.010477 0.0220062 0.0233559 0.138745 0.0221984 0.046042 0.0176751 0.030723 0.00998702 0.0110784 0.00823128 0.00846789 0.00930994 0.0160715 0.0167406 0.0460437 0.0329916 0.0191853 0.00946225 0.00835959 0.00822356 0.00863253 0.00847994 0.00814987 0.00813362 0.0081866 0.00806705 
0.00473674 0.00468241 0.00374548 0.00368006 0.0037143 0.00369113 0.00369918 0 0.00381911 0.0120837 0.0181456 0.0158667 0.0164259 0.0637181 0.0192293 0.0113372 0.0229255 0.0105943 0.0107286 0.0167271 0.0829131 0.014672 0.0176266 0.0140421 0.0131172 0.0118005 0.0125483 0.0100173 0.0084794 0.00890128 0.00955404 0.0107639 0.011719 0.0129809 0.0156276 0.0156251 0.00935829 0.00837342 0.00812681 0.00861914 0.0087724 0.00820407 0.00817 0.00813688 0.00803432 
0.014125 0.00424328 0.00390288 0.00390051 0.00373579 0.0038067 0.00370644 0.00381911 0 0.0212641 0.0127267 0.0122363 0.0138109 0.0247681 0.0728388 0.0262664 0.010587 0.021974 0.017458 0.0377167 0.0115508 0.0116759 0.0119322 0.0108636 0.00988621 0.00951744 0.00997271 0.012608 0.0109384 0.0124433 0.0127079 0.0091691 0.00993951 0.00943219 0.00992517 0.00999443 0.0108159 0.0088819 0.00831686 0.00956463 0.00842556 0.0101812 0.00895216 0.00870784 0.00805237 
0.152375 0.0110324 0.0381453 0.0233119 0.0292217 0.0153839 0.0150842 0.0120837 0.0212641 0 0.00488473 0.00379369 0.00375524 0.00390153 0.00490548 0.00607084 0.00587464 0.0303915 0.0148039 0.0136367 0.00916107 0.0121939 0.00920566 0.0132508 0.00887314 0.0154735 0.00941845 0.0987603 0.0122589 0.0129393 0.00915025 0.0130378 0.00845351 0.0122579 0.00878973 0.00940097 0.0150505 0.00908647 0.00936517 0.00880462 0.0104696 0.00934905 0.00952104 0.00843755 0.00894082 
0.00975496 0.17542 0.00998143 0.0871269 0.0219114 0.0453966 0.0194264 0.0181456 0.0127267 0.00488473 0 0.00369459 0.00371502 0.00386758 0.00401913 0.00501988 0.0128352 0.00628729 0.0151488 0.0101755 0.0145436 0.0098084 0.0150344 0.00960613 0.0278023 0.00929965 0.0850761 0.00913715 0.0108344 0.00864208 0.0113687 0.00881951 0.0245765 0.0093575 0.0166041 0.0100567 0.00915894 0.00838196 0.00836597 0.0103821 0.0083418 0.00861406 0.00880733 0.00838809 0.00825391 
0.0277464 0.00916382 0.128559 0.0140521 0.0897075 0.0298856 0.0421647 0.0158667 0.0122363 0.00379369 0.00369459 0 0.00373122 0.00375683 0.00374857 0.0055819 0.00467704 0.0292028 0.00971587 0.0157912 0.009654 0.0181592 0.00956809 0.032716 0.0105841 0.0869683 0.00873528 0.0134145 0.00857442 0.00861998 0.00885123 0.026392 0.0100376 0.0505197 0.0141988 0.0105664 0.00901876 0.00876601 0.0081935 0.0084685 0.00854435 0.00812977 0.00811189 0.00815583 0.00804017 
0.00959863 0.0173863 0.0107797 0.0508566 0.0178699 0.0412585 0.0281841 0.0164259 0.0138109 0.00375524 0.00371502 0.00373122 0 0.00371461 0.00374109 0.00422515 0.00766349 0.0148502 0.00981314 0.00867348 0.0134297 0.0102335 0.0140358 0.0105665 0.0348742 0.00901442 0.0114995 0.00869971 0.00892755 0.00837342 0.00953349 0.0101086 0.0307504 0.0129747 0.0239771 0.00981927 0.00871986 0.00831647 0.00826622 0.0089595 0.00833088 0.00821382 0.00822965 0.00821058 0.00809059 
0.011944 0.0113112 0.0128388 0.0132155 0.0249793 0.0165356 0.0258672 0.0637181 0.0247681 0.00390153 0.00386758 0.00375683 0.00371461 0 0.00374736 0.00542771 0.0197746 0.00458249 0.00939547 0.0168449 0.0104198 0.010643 0.0121008 0.0140261 0.0101931 0.0105126 0.0108547 0.00965426 0.00898978 0.00918424 0.00940407 0.0106446 0.00986936 0.0112927 0.0122838 0.0138877 0.00883907 0.00866414 0.00847011 0.00901871 0.00852445 0.00834342 0.00831957 0.00818932 0.00802392 
0.0218026 0.0112408 0.00968143 0.0136448 0.0104665 0.0122962 0.0119047 0.0192293 0.0728388 0.00490548 0.00401913 0.00374857 0.00374109 0.00374736 0 0.0219919 0.00445708 0.00452511 0.0282052 0.0116235 0.0105809 0.0121324 0.0128478 0.0101809 0.0105895 0.00976379 0.0105807 0.0122209 0.0144086 0.0137537 0.0160813 0.00941411 0.0093768 0.00912677 0.00989513 0.00957236 0.011308 0.0103533 0.00889995 0.0125088 0.008497 0.0114595 0.00980085 0.00891434 0.00820828 
0.0186737 0.00984141 0.0133241 0.0104329 0.0128466 0.0107207 0.0126949 0.0113372 0.0262664 0.00607084 0.00501988 0.0055819 0.00422515 0.00542771 0.0219919 0 0.00406613 0.00534046 0.0148504 0.00994938 0.15899 0.0191537 0.00942854 0.0110048 0.0113128 0.0119213 0.0107028 0.0476501 0.0172014 0.0165084 0.0103414 0.0106354 0.00943103 0.0107688 0.00976403 0.0109221 0.0206281 0.00938724 0.0112278 0.0105338 0.0118051 0.0109892 0.0110897 0.00868113 0.0097977 
0.00951417 0.0326482 0.00919938 0.012374 0.00974191 0.0112465 0.00996958 0.0229255 0.010587 0.00587464 0.0128352 0.00467704 0.00766349 0.0197746 0.00445708 0.00406613 0 0.00375643 0.0150399 0.308443 0.00965582 0.00780273 0.00873922 0.00848162 0.0103334 0.0081456 0.0397811 0.00875914 0.0106798 0.00953391 0.0101503 0.00935479 0.00997482 0.00915752 0.0102614 0.0124579 0.00874025 0.00905557 0.00849506 0.0107011 0.00847373 0.00879333 0.00878982 0.00855108 0.00815602 
0.0468878 0.00897905 0.0126141 0.00987926 0.0121507 0.00964007 0.0109214 0.0105943 0.021974 0.0303915 0.00628729 0.0292028 0.0148502 0.00458249 0.00452511 0.00534046 0.00375643 0 0.365013 0.00908967 0.00693769 0.00856131 0.00769061 0.00977923 0.00773358 0.0206719 0.00771122 0.0176363 0.0123697 0.013896 0.0136306 0.0130224 0.00877817 0.0109254 0.0095126 0.00944216 0.0101003 0.0118214 0.00855626 0.00983314 0.00875749 0.00990559 0.00918358 0.00886968 0.00818071 
0.0181146 0.0167268 0.0120561 0.0156935 0.0117864 0.0146741 0.010477 0.0107286 0.017458 0.0148039 0.0151488 0.00971587 0.00981314 0.00939547 0.0282052 0.0148504 0.0150399 0.365013 0 0.00403906 0.00369265 0.00371084 0.00375165 0.00378923 0.00389577 0.00428469 0.00572933 0.00963195 0.0278551 0.0158173 0.0188068 0.0127714 0.0134355 0.0119943 0.0132453 0.0117637 0.0193718 0.0100524 0.0114895 0.0138439 0.0113649 0.0112412 0.012405 0.00890245 0.00928161 
0.0140124 0.0143059 0.0457032 0.0156359 0.0485662 0.0169956 0.0220062 0.0167271 0.0377167 0.0136367 0.0101755 0.0157912 0.00867348 0.0168449 0.0116235 0.00994938 0.308443 0.00908967 0.00403906 0 0.00372893 0.00369164 0.0037071 0.00369471 0.00376369 0.00420052 0.00454974 0.00573184 0.0109894 0.0114382 0.0102199 0.0527638 0.012086 0.0357326 0.0177774 0.0265141 0.00998396 0.0096079 0.00887135 0.00952417 0.0102069 0.00865317 0.00848195 0.00832265 0.00821744 
0.0117181 0.0245528 0.0144054 0.103542 0.0200774 0.0972856 0.0233559 0.0829131 0.0115508 0.00916107 0.0145436 0.009654 0.0134297 0.0104198 0.0105809 0.15899 0.00965582 0.00693769 0.00369265 0.00372893 0 0.00369386 0.00369844 0.00372519 0.00371158 0.00375477 0.00403046 0.00429548 0.00956409 0.00929925 0.015743 0.0100743 0.0705193 0.0182853 0.0686578 0.0195994 0.010442 0.00894547 0.00880909 0.0105129 0.00880101 0.00877164 0.00846083 0.00850907 0.00821697 
0.0175264 0.0123722 0.0817555 0.0235022 0.128955 0.0296083 0.138745 0.014672 0.0116759 0.0121939 0.0098084 0.0181592 0.0102335 0.010643 0.0121324 0.0191537 0.00780273 0.00856131 0.00371084 0.00369164 0.00369386 0 0.00369826 0.00369472 0.00371031 0.00379215 0.00370539 0.00416605 0.0096456 0.00973762 0.0156906 0.0530354 0.014723 0.0935681 0.033699 0.024058 0.0111858 0.00949508 0.00873567 0.00930182 0.00935405 0.00883301 0.00843614 0.00835053 0.00825425 
0.0103927 0.0282588 0.0153361 0.106153 0.0213782 0.192017 0.0221984 0.0176266 0.0119322 0.00920566 0.0150344 0.00956809 0.0140358 0.0121008 0.0128478 0.00942854 0.00873922 0.00769061 0.00375165 0.0037071 0.00369844 0.00369826 0 0.00369978 0.00372185 0.00371269 0.00380333 0.00386298 0.0105268 0.00907408 0.0175785 0.0115443 0.067772 0.0178921 0.0679914 0.0163748 0.0103693 0.00880232 0.00877491 0.0103504 0.00883559 0.0086592 0.00858022 0.00839033 0.00822041 
0.0221108 0.0101911 0.104488 0.0185156 0.205488 0.0215637 0.046042 0.0140421 0.0108636 0.0132508 0.00960613 0.032716 0.0105665 0.0140261 0.0101809 0.0110048 0.00848162 0.00977923 0.00378923 0.00369471 0.00372519 0.00369472 0.00369978 0 0.00369984 0.00378675 0.00371668 0.00390527 0.00909111 0.0101877 0.00977385 0.0733647 0.0122174 0.099849 0.0234942 0.020695 0.0108814 0.0102769 0.00861289 0.00882044 0.00971023 0.00852001 0.0084038 0.00837116 0.00834585 
0.00929749 0.0446744 0.0105286 0.235472 0.0135726 0.0690333 0.0176751 0.0131172 0.00988621 0.00887314 0.0278023 0.0105841 0.0348742 0.0101931 0.0105895 0.0113128 0.0103334 0.00773358 0.00389577 0.00376369 0.00371158 0.00371031 0.00372185 0.00369984 0 0.00370346 0.00399086 0.00372938 0.0131 0.009138 0.0207572 0.00906505 0.138267 0.0119495 0.0724421 0.0162152 0.00940317 0.00884026 0.00939928 0.0138738 0.00860334 0.00941222 0.00953496 0.00887606 0.00816575 
0.0227069 0.00893804 0.197331 0.0109084 0.0776972 0.0160649 0.030723 0.0118005 0.00951744 0.0154735 0.00929965 0.0869683 0.00901442 0.0105126 0.00976379 0.0119213 0.0081456 0.0206719 0.00428469 0.00420052 0.00375477 0.00379215 0.00371269 0.00378675 0.00370346 0 0.00369037 0.00388351 0.00925267 0.0100931 0.00883423 0.0739766 0.00932561 0.127581 0.0158515 0.0148964 0.0105685 0.0112622 0.00863633 0.00865102 0.0109744 0.00827938 0.00821674 0.00826671 0.00836677 
0.00924133 0.0750376 0.00903029 0.0274112 0.00970097 0.0205881 0.00998702 0.0125483 0.00997271 0.00941845 0.0850761 0.00873528 0.0114995 0.0108547 0.0105807 0.0107028 0.0397811 0.00771122 0.00572933 0.00454974 0.00403046 0.00370539 0.00380333 0.00371668 0.00399086 0.00369037 0 0.00376069 0.0228657 0.009934 0.0206087 0.0088889 0.0494416 0.0092741 0.0200584 0.0227368 0.00976206 0.00911337 0.00956221 0.0184301 0.00868018 0.0097636 0.00991138 0.00884299 0.00819076 
0.0772476 0.00882294 0.0138453 0.00943857 0.0143332 0.00958495 0.0110784 0.0100173 0.012608 0.0987603 0.00913715 0.0134145 0.00869971 0.00965426 0.0122209 0.0476501 0.00875914 0.0176363 0.00963195 0.00573184 0.00429548 0.00416605 0.00386298 0.00390527 0.00372938 0.00388351 0.00376069 0 0.020452 0.0177925 0.0164006 0.0267138 0.00913689 0.0175031 0.0106925 0.0133114 0.0181864 0.016285 0.00958013 0.0108447 0.0133861 0.0111234 0.00981963 0.0100056 0.00856401 
0.00999102 0.00926967 0.00822452 0.00874995 0.00830142 0.00826834 0.00823128 0.0084794 0.0109384 0.0122589 0.0108344 0.00857442 0.00892755 0.00898978 0.0144086 0.0172014 0.0106798 0.0123697 0.0278551 0.0109894 0.00956409 0.0096456 0.0105268 0.00909111 0.0131 0.00925267 0.0228657 0.020452 0 0.805811 0.0226621 0.0080028 0.0091461 0.00768606 0.00887246 0.00986711 0.0154092 0.0193028 0.0192628 0.0428878 0.0131314 0.040704 0.0591248 0.0163838 0.0121404 
0.0101346 0.00831379 0.00866625 0.00863573 0.00893228 0.00870394 0.00846789 0.00890128 0.0124433 0.0129393 0.00864208 0.00861998 0.00837342 0.00918424 0.0137537 0.0165084 0.00953391 0.013896 0.0158173 0.0114382 0.00929925 0.00973762 0.00907408 0.0101877 0.009138 0.0100931 0.009934 0.0177925 0.805811 0 0.00585697 0.00592584 0.00396106 0.00479288 0.00475015 0.00709264 0.010845 0.0138502 0.0136191 0.0212351 0.0197709 0.0357806 0.0322683 0.0125359 0.010944 
0.00954019 0.0119707 0.00888195 0.0142369 0.00941016 0.0115909 0.00930994 0.00955404 0.0127079 0.00915025 0.0113687 0.00885123 0.00953349 0.00940407 0.0160813 0.0103414 0.0101503 0.0136306 0.0188068 0.0102199 0.015743 0.0156906 0.0175785 0.00977385 0.0207572 0.00883423 0.0206087 0.0164006 0.0226621 0.00585697 0 0.00370231 0.00371521 0.00374718 0.0038374 0.00412023 0.00643009 0.00680509 0.0226019 0.0230599 0.0109114 0.0240619 0.0208619 0.0106003 0.0107814 
0.0143242 0.00909707 0.0408246 0.0124917 0.0343011 0.013339 0.0160715 0.0107639 0.0091691 0.0130378 0.00881951 0.026392 0.0101086 0.0106446 0.00941411 0.0106354 0.00935479 0.0130224 0.0127714 0.0527638 0.0100743 0.0530354 0.0115443 0.0733647 0.00906505 0.0739766 0.0088889 0.0267138 0.0080028 0.00592584 0.00370231 0 0.00370765 0.00374209 0.00374828 0.00393166 0.00409774 0.0121964 0.00644197 0.0082196 0.013786 0.00971181 0.00905924 0.00979548 0.00904442 
0.00917305 0.0243183 0.0117916 0.094931 0.0156168 0.0703684 0.0167406 0.011719 0.00993951 0.00845351 0.0245765 0.0100376 0.0307504 0.00986936 0.0093768 0.00943103 0.00997482 0.00877817 0.0134355 0.012086 0.0705193 0.014723 0.067772 0.0122174 0.138267 0.00932561 0.0494416 0.00913689 0.0091461 0.00396106 0.00371521 0.00370765 0 0.00369715 0.00371284 0.0037376 0.00374353 0.00536979 0.00748197 0.0187159 0.00792184 0.0112709 0.0100335 0.00934913 0.00859935 
0.0162047 0.0102659 0.0868598 0.0243693 0.121545 0.0354737 0.0460437 0.0129809 0.00943219 0.0122579 0.0093575 0.0505197 0.0129747 0.0112927 0.00912677 0.0107688 0.00915752 0.0109254 0.0119943 0.0357326 0.0182853 0.0935681 0.0178921 0.099849 0.0119495 0.127581 0.0092741 0.0175031 0.00768606 0.00479288 0.00374718 0.00374209 0.00369715 0 0.00370573 0.00372096 0.00377642 0.00604169 0.00738632 0.00886469 0.0124463 0.0132906 0.00912637 0.00910082 0.008752 
0.00984222 0.0192906 0.0261602 0.0715789 0.038402 0.0799841 0.0329916 0.0156276 0.00992517 0.00878973 0.0166041 0.0141988 0.0239771 0.0122838 0.00989513 0.00976403 0.0102614 0.0095126 0.0132453 0.0177774 0.0686578 0.033699 0.0679914 0.0234942 0.0724421 0.0158515 0.0200584 0.0106925 0.00887246 0.00475015 0.0038374 0.00374828 0.00371284 0.00370573 0 0.00371451 0.00372751 0.00573493 0.010882 0.0134834 0.00772208 0.0105856 0.00958445 0.00941216 0.00913477 
0.00996303 0.0118512 0.0149014 0.0167096 0.0179546 0.0181859 0.0191853 0.0156251 0.00999443 0.00940097 0.0100567 0.0105664 0.00981927 0.0138877 0.00957236 0.0109221 0.0124579 0.00944216 0.0117637 0.0265141 0.0195994 0.024058 0.0163748 0.020695 0.0162152 0.0148964 0.0227368 0.0133114 0.00986711 0.00709264 0.00412023 0.00393166 0.0037376 0.00372096 0.00371451 0 0.00383092 0.0123795 0.0544386 0.0115772 0.0146227 0.0142403 0.0113159 0.0109293 0.00913253 
0.0130975 0.00889999 0.00906885 0.00940261 0.00959319 0.00921185 0.00946225 0.00935829 0.0108159 0.0150505 0.00915894 0.00901876 0.00871986 0.00883907 0.011308 0.0206281 0.00874025 0.0101003 0.0193718 0.00998396 0.010442 0.0111858 0.0103693 0.0108814 0.00940317 0.0105685 0.00976206 0.0181864 0.0154092 0.010845 0.00643009 0.00409774 0.00374353 0.00377642 0.00372751 0.00383092 0 0.0392944 0.00871359 0.0113778 0.0129989 0.0218678 0.0139515 0.0139009 0.00920637 
0.00877449 0.00819254 0.00857327 0.00827849 0.00861553 0.00836786 0.00835959 0.00837342 0.0088819 0.00908647 0.00838196 0.00876601 0.00831647 0.00866414 0.0103533 0.00938724 0.00905557 0.0118214 0.0100524 0.0096079 0.00894547 0.00949508 0.00880232 0.0102769 0.00884026 0.0112622 0.00911337 0.016285 0.0193028 0.0138502 0.00680509 0.0121964 0.00536979 0.00604169 0.00573493 0.0123795 0.0392944 0 0.00525914 0.00741771 0.858677 0.021718 0.0212521 0.0123177 0.0131896 
0.00839204 0.00821846 0.00817986 0.00832593 0.00823825 0.00815485 0.00822356 0.00812681 0.00831686 0.00936517 0.00836597 0.0081935 0.00826622 0.00847011 0.00889995 0.0112278 0.00849506 0.00855626 0.0114895 0.00887135 0.00880909 0.00873567 0.00877491 0.00861289 0.00939928 0.00863633 0.00956221 0.00958013 0.0192628 0.0136191 0.0226019 0.00644197 0.00748197 0.00738632 0.010882 0.0544386 0.00871359 0.00525914 0 0.928473 0.00447339 0.0179139 0.0171796 0.0143211 0.00866243 
0.00877919 0.00983738 0.00834458 0.00996747 0.00872183 0.0088865 0.00863253 0.00861914 0.00956463 0.00880462 0.0103821 0.0084685 0.0089595 0.00901871 0.0125088 0.0105338 0.0107011 0.00983314 0.0138439 0.00952417 0.0105129 0.00930182 0.0103504 0.00882044 0.0138738 0.00865102 0.0184301 0.0108447 0.0428878 0.0212351 0.0230599 0.0082196 0.0187159 0.00886469 0.0134834 0.0115772 0.0113778 0.00741771 0.928473 0 0.00395436 0.0807551 0.0681111 0.0171773 0.0168091 
0.0098884 0.00822813 0.00854697 0.00839158 0.00861268 0.00838874 0.00847994 0.0087724 0.00842556 0.0104696 0.0083418 0.00854435 0.00833088 0.00852445 0.008497 0.0118051 0.00847373 0.00875749 0.0113649 0.0102069 0.00880101 0.00935405 0.00883559 0.00971023 0.00860334 0.0109744 0.00868018 0.0133861 0.0131314 0.0197709 0.0109114 0.013786 0.00792184 0.0124463 0.00772208 0.0146227 0.0129989 0.858677 0.00447339 0.00395436 0 0.0252743 0.0143882 0.0158527 0.00912907 
0.00875927 0.00846626 0.00812038 0.00841572 0.00830543 0.00817366 0.00814987 0.00820407 0.0101812 0.00934905 0.00861406 0.00812977 0.00821382 0.00834342 0.0114595 0.0109892 0.00879333 0.00990559 0.0112412 0.00865317 0.00877164 0.00883301 0.0086592 0.00852001 0.00941222 0.00827938 0.0097636 0.0111234 0.040704 0.0357806 0.0240619 0.00971181 0.0112709 0.0132906 0.0105856 0.0142403 0.0218678 0.021718 0.0179139 0.0807551 0.0252743 0 0.704589 0.0267578 0.0204641 
0.0086324 0.00856709 0.00810534 0.00847367 0.00820183 0.00815019 0.00813362 0.00817 0.00895216 0.00952104 0.00880733 0.00811189 0.00822965 0.00831957 0.00980085 0.0110897 0.00878982 0.00918358 0.012405 0.00848195 0.00846083 0.00843614 0.00858022 0.0084038 0.00953496 0.00821674 0.00991138 0.00981963 0.0591248 0.0322683 0.0208619 0.00905924 0.0100335 0.00912637 0.00958445 0.0113159 0.0139515 0.0212521 0.0171796 0.0681111 0.0143882 0.704589 0 0.0286321 0.0138016 
0.00839481 0.00834721 0.00817222 0.00839504 0.00823679 0.00817415 0.0081866 0.00813688 0.00870784 0.00843755 0.00838809 0.00815583 0.00821058 0.00818932 0.00891434 0.00868113 0.00855108 0.00886968 0.00890245 0.00832265 0.00850907 0.00835053 0.00839033 0.00837116 0.00887606 0.00826671 0.00884299 0.0100056 0.0163838 0.0125359 0.0106003 0.00979548 0.00934913 0.00910082 0.00941216 0.0109293 0.0139009 0.0123177 0.0143211 0.0171773 0.0158527 0.0267578 0.0286321 0 0.0121351 
0.00878056 0.00818971 0.00805894 0.00815893 0.00814787 0.00808475 0.00806705 0.00803432 0.00805237 0.00894082 0.00825391 0.00804017 0.00809059 0.00802392 0.00820828 0.0097977 0.00815602 0.00818071 0.00928161 0.00821744 0.00821697 0.00825425 0.00822041 0.00834585 0.00816575 0.00836677 0.00819076 0.00856401 0.0121404 0.010944 0.0107814 0.00904442 0.00859935 0.008752 0.00913477 0.00913253 0.00920637 0.0131896 0.00866243 0.0168091 0.00912907 0.0204641 0.0138016 0.0121351 0 
