1CHDA
LLSSEKLIAIGASTGGTEAIRHVLQPLPLSSPAVIITQHMPPGFTRSFAERLNKLCQISVKEAEDGERVLPGHAYIAPGDKHMELARSGANYQIKIHDGPPVNRHRPSVDVLFHSVAKHAGRNAVGVILTGMGNDGAAGMLAMYQAGAWTIAQNEASCVVFGMPREAINMGGVSEVVDLSQVSQQMLAKISAGQAIRI
CECCCCEEEEEECCCHHHHHHHHHCCCCCCCCEEEEEECCCCCHHHHHHHHHHHHCCCEEEECCCCCECCCCEEEECCCCCEEEEEEECCEEEEEEECCCCECCECCCHHHHHHHHHHHCHHHEEEEECCECCCCCHHHHHHHHHCCCEEEEECCCCCCCECHHHHHHHCCCCCEEECHHHHHHHHHHHHCCCCCECC
0 0 0 0 0 0 0 0 0 0 0 0 0 0 0 0 0 0 0 0 0 0 0 0 0 0 0 0 0 0 0 0 0 0 0 0 0 0 0 0 0 0 0 0 0 0 0 0 0 0 0 0 0 0 0 0 0 0 0 0 0 0 0 0 0 0 0 0 0 0 0 0 0 0 0 0 0 0 0 0 0 0 0 0 0 0 0 0 0 0 0 0 0 0 0 0 0 0 0 0 0 0 0 0 0 0 0 0 0 0 0 0 0 0 0 0 0 0 0 0 0 0 0 0 0 0 0 0 0 0 0 0 0 0 0 0 0 0 0 0 0 0 0 0 0 0 0 0 0 0 0 0 0 0 0 0 0 0 0 0 0 0 0 0 0 0 0 0 0 0 0 0 0 0 0 0 0 0 0 0 0 0 0 0 0 0 0 0 0 0 0 0 0 0 0 0 0 0 
0 0 0 0 0 0 0 0 0 0 0 0 0 0 0 0 0 0 0 0 0 0 0 0 0 0 0 0 0 0 0 0 0 0 0 0 0 0 0 0 0 0 0 0 0 0 0 0 0 0 0 0 0 0 0 0 0 0 0 0 0 0 0 0 0 0 0 0 0 0 0 0 0 0 0 0 0 0 0 0 0 0 0 0 0 0 0 0 0 0 0 0 0 0 0 0 0 0 0 0 0 0 0 0 0 0 0 0 0 0 0 0 0 0 0 0 0 0 0 0 0 0 0 0 0 0 0 0 0 0 0 0 0 0 0 0 0 0 0 0 0 0 0 0 0 0 0 0 0 0 0 0 0 0 0 0 0 0 0 0 0 0 0 0 0 0 0 0 0 0 0 0 0 0 0 0 0 0 0 0 0 0 0 0 0 0 0 0 0 0 0 0 0 0 0 0 0 0 
0 0.126978 0.0167378 0.00748832 0.00900316 0.00961098 0.0209111 0.022691 0.0172813 0.010753 0.0105168 0.0111136 0.0169129 0.0143235 0.0107934 0.00919326 0.0114492 0.0293476 0.0131327 0.00913307 0.00916317 0.0136707 0.0124341 0.00921455 0.00827068 0.00830894 0.00845862 0.0086332 0.0103179 0.0107982 0.0088783 0.00845022 0.00864961 0.00824164 0.00848695 0.0102397 0.0155885 0.016948 0.00976677 0.00822298 0.00822631 0.00833169 0.0110037 0.0146177 0.00918742 0.00835302 0.00823661 0.00815797 0.00996069 0.0115154 0.00937227 0.00837762 0.00957574 0.0162573 
0.126978 0 0.00374577 0.00371717 0.00372726 0.00384474 0.0059225 0.650681 0.0507666 0.0365708 0.0176512 0.0188713 0.0237969 0.0305603 0.0138961 0.0147737 0.0249408 0.0172284 0.0189272 0.0147527 0.0149939 0.0306392 0.0139697 0.010134 0.0105432 0.0101364 0.00917396 0.010316 0.0130577 0.0103119 0.0107945 0.0101896 0.0111081 0.0108183 0.0106381 0.0127486 0.00995797 0.00989374 0.0105921 0.00914988 0.0109146 0.0122591 0.0156464 0.009674 0.00874633 0.00851296 0.00877783 0.00906428 0.00964151 0.00948928 0.0089189 0.00828871 0.00917757 0.0101178 
0.0167378 0.00374577 0 0.00372309 0.00371716 0.003781 0.00384125 0.122792 0.776894 0.0495826 0.0942497 0.0321782 0.0181067 0.0152484 0.0424284 0.0203325 0.0113864 0.0104862 0.0135594 0.0511973 0.0321007 0.0168656 0.0109682 0.0252135 0.0171944 0.0209351 0.013596 0.0109453 0.00911458 0.00985705 0.0181987 0.0155804 0.0265338 0.0209065 0.0162367 0.00946242 0.00841846 0.00825398 0.0102653 0.0118006 0.0214173 0.0180016 0.0113176 0.00848717 0.00855761 0.010015 0.0103436 0.0103265 0.00878636 0.0082576 0.00859377 0.00853013 0.00860537 0.00849158 
0.00748832 0.00371717 0.00372309 0 0.00373151 0.00371536 0.00374633 0.0675499 0.0868246 0.748894 0.0766156 0.0770088 0.0158509 0.0155943 0.0232707 0.0230239 0.0128336 0.00899123 0.0130751 0.0365509 0.054305 0.0186365 0.00971014 0.0150284 0.0503163 0.0246813 0.0239107 0.01107 0.00862978 0.00911121 0.0130502 0.0369575 0.0327119 0.0646317 0.0132388 0.00965179 0.00817312 0.00806186 0.00992504 0.0141961 0.0405635 0.0226869 0.0123172 0.00826098 0.00926062 0.0106363 0.0132978 0.0115009 0.00873096 0.00811721 0.00875638 0.00873057 0.00845127 0.00813156 
0.00900316 0.00372726 0.00371716 0.00373151 0 0.00370131 0.00368745 0.0301332 0.14464 0.0958727 0.710412 0.0289673 0.0290557 0.011152 0.0242491 0.014668 0.0117404 0.00887118 0.0117857 0.0349206 0.0309704 0.0215999 0.00929678 0.0178387 0.0189298 0.0318735 0.0156258 0.0101263 0.00873704 0.00866586 0.0133108 0.0173731 0.0527033 0.0194975 0.0179369 0.00921122 0.00813691 0.00813846 0.00937375 0.0124081 0.0268433 0.0200123 0.0112072 0.00823411 0.00877826 0.0100334 0.012249 0.0106982 0.0090545 0.00805543 0.00860423 0.00846405 0.00841266 0.0082068 
0.00961098 0.00384474 0.003781 0.00371536 0.00370131 0 0.0040247 0.0267527 0.0515911 0.125753 0.0494035 0.69457 0.0266374 0.0133867 0.0127988 0.0256101 0.0140404 0.00986504 0.0125097 0.0179049 0.0669959 0.0200692 0.0102445 0.0116344 0.0165182 0.0108722 0.0103833 0.0104205 0.0086563 0.0091854 0.0106121 0.0143106 0.0125305 0.0149122 0.0133847 0.0101068 0.00829971 0.00819692 0.010068 0.00999225 0.0162264 0.0156056 0.0114699 0.00837882 0.00857806 0.00929157 0.00943311 0.0105667 0.00863815 0.00814655 0.00831624 0.00840887 0.00827255 0.00823755 
0.0209111 0.0059225 0.00384125 0.00374633 0.00368745 0.0040247 0 0.0225632 0.0275818 0.0349852 0.0676405 0.0692571 0.595357 0.0158297 0.0139998 0.0100545 0.0197179 0.0147572 0.0159723 0.0118445 0.0133714 0.0325061 0.0129059 0.0106559 0.00907025 0.00918119 0.00931258 0.00860964 0.00946455 0.0116953 0.00968605 0.00907583 0.00952724 0.0088741 0.0093394 0.0107301 0.0104436 0.0100125 0.0104817 0.00884108 0.0100635 0.00975543 0.0118194 0.0101792 0.00990659 0.00844214 0.00851352 0.0085742 0.00887015 0.00924267 0.00864654 0.00826326 0.00853769 0.00976546 
0.022691 0.650681 0.122792 0.0675499 0.0301332 0.0267527 0.0225632 0 0.00374592 0.00372394 0.00373101 0.00374591 0.00481419 0.214669 0.0171714 0.013184 0.0229111 0.0175817 0.021349 0.0153313 0.0158342 0.0289975 0.0155997 0.0124587 0.0114626 0.0113605 0.00992969 0.0116493 0.0154922 0.011539 0.0114104 0.0109463 0.0123412 0.0116075 0.0112931 0.0163224 0.0101883 0.0108376 0.0111853 0.0103737 0.0117882 0.0124552 0.0158467 0.00991175 0.0088371 0.00886599 0.00898917 0.0096117 0.0103323 0.00949812 0.00886525 0.00854584 0.00914712 0.00944719 
0.0172813 0.0507666 0.776894 0.0868246 0.14464 0.0515911 0.0275818 0.00374592 0 0.00379059 0.00374781 0.00376458 0.00376331 0.0665796 0.136293 0.0232072 0.0132657 0.0114988 0.0166534 0.0874308 0.037415 0.0208619 0.0122219 0.0390778 0.0205726 0.0252436 0.0155363 0.0134138 0.00984358 0.00993788 0.0297681 0.0185317 0.0349017 0.0238935 0.0230963 0.0110744 0.00878787 0.00851312 0.0133584 0.0184578 0.0369098 0.0305149 0.0126156 0.00863841 0.00953772 0.0119641 0.0121532 0.0120588 0.00915664 0.00846053 0.00867701 0.0086302 0.00875026 0.00832974 
0.010753 0.0365708 0.0495826 0.748894 0.0958727 0.125753 0.0349852 0.00372394 0.00379059 0 0.00371901 0.00373314 0.0037282 0.0732468 0.046425 0.0477507 0.0132722 0.0104366 0.0169102 0.0427799 0.0744166 0.0195264 0.0116402 0.0174733 0.0718206 0.0318033 0.0318019 0.0129012 0.00926134 0.010332 0.0161546 0.0481013 0.0417795 0.0728085 0.0171774 0.0118862 0.00846141 0.00828354 0.0122697 0.0217428 0.0897235 0.0393125 0.0148912 0.00841101 0.00945687 0.0131429 0.0188602 0.0148427 0.00910844 0.00845 0.00882778 0.00883263 0.00882561 0.00830267 
0.0105168 0.0176512 0.0942497 0.0766156 0.710412 0.0494035 0.0676405 0.00373101 0.00374781 0.00371901 0 0.00370881 0.00371347 0.0338736 0.11572 0.0265555 0.0203222 0.00953022 0.0132178 0.0488272 0.039506 0.0216107 0.0103022 0.0309778 0.0292901 0.0540185 0.0195094 0.0119246 0.00914404 0.00957255 0.0206402 0.0269766 0.083927 0.0299685 0.0270404 0.010328 0.00844058 0.00829614 0.0110396 0.0214499 0.0696788 0.0409765 0.0150001 0.00851197 0.00923808 0.0129245 0.0172411 0.0143115 0.00974025 0.00828277 0.00891238 0.00868542 0.00889201 0.00833853 
0.0111136 0.0188713 0.0321782 0.0770088 0.0289673 0.69457 0.0692571 0.00374591 0.00376458 0.00373314 0.00370881 0 0.00388933 0.0180822 0.0396062 0.197739 0.0370336 0.0114974 0.0118703 0.024674 0.0829433 0.0243382 0.010487 0.012899 0.0217941 0.0136935 0.0116125 0.0125076 0.00918763 0.00976751 0.0118998 0.0192126 0.0166581 0.0207201 0.0226661 0.0131844 0.00867053 0.00837308 0.0104363 0.012743 0.023581 0.0355269 0.0150852 0.00854451 0.00948235 0.0101311 0.0108077 0.0149618 0.00919742 0.00837111 0.00852999 0.00853317 0.00846204 0.00832984 
0.0169129 0.0237969 0.0181067 0.0158509 0.0290557 0.0266374 0.595357 0.00481419 0.00376331 0.0037282 0.00371347 0.00388933 0 0.0135443 0.0164444 0.0323552 0.131638 0.0150478 0.01627 0.0133245 0.0177096 0.0696053 0.0124413 0.0119425 0.0101975 0.0118575 0.00943752 0.00912359 0.0103474 0.0113101 0.0130198 0.00951602 0.0127731 0.00973793 0.0128332 0.0138053 0.0100149 0.00923665 0.0112967 0.00919192 0.0110155 0.0135151 0.0149229 0.0097262 0.00913622 0.00874275 0.00877846 0.00957799 0.00988775 0.00911546 0.00855688 0.00811905 0.00855271 0.00871943 
0.0143235 0.0305603 0.0152484 0.0155943 0.011152 0.0133867 0.0158297 0.214669 0.0665796 0.0732468 0.0338736 0.0180822 0.0135443 0 0.00370733 0.00376373 0.00446257 0.0182338 0.0342515 0.00868408 0.0380627 0.0313121 0.0217329 0.00842062 0.0226227 0.0088843 0.0101157 0.0114167 0.014178 0.0225021 0.00901788 0.0167734 0.00903579 0.0227908 0.00925375 0.0135651 0.0115961 0.0116023 0.0100614 0.00911784 0.0110156 0.0106346 0.0155274 0.00914725 0.0101491 0.00891346 0.00870844 0.00921907 0.0103313 0.0109547 0.00893308 0.00881982 0.00863309 0.0110192 
0.0107934 0.0138961 0.0424284 0.0232707 0.0242491 0.0127988 0.0139998 0.0171714 0.136293 0.046425 0.11572 0.0396062 0.0164444 0.00370733 0 0.0037563 0.00372045 0.00614727 0.00781921 0.182919 0.0238049 0.0171186 0.00866183 0.0338625 0.00877399 0.0155342 0.00954273 0.0110765 0.00965121 0.0087684 0.022937 0.00907752 0.0354359 0.00931909 0.0199813 0.00954265 0.0108498 0.00902443 0.0108921 0.0114924 0.0160863 0.0215407 0.00963212 0.00858719 0.00835965 0.00906553 0.00942647 0.00993097 0.00864304 0.00816618 0.00847383 0.00833064 0.00889998 0.00838641 
0.00919326 0.0147737 0.0203325 0.0230239 0.014668 0.0256101 0.0100545 0.013184 0.0232072 0.0477507 0.0265555 0.197739 0.0323552 0.00376373 0.0037563 0 0.00372107 0.0172596 0.0145149 0.0249858 0.128623 0.0121156 0.01113 0.0110528 0.0138517 0.00950833 0.0102466 0.00955023 0.00874485 0.00987888 0.0102334 0.0139054 0.00994928 0.0120465 0.0131473 0.00970722 0.00913522 0.00864595 0.0104217 0.0108958 0.0166531 0.0166194 0.0104305 0.00887228 0.00853436 0.00912378 0.00910853 0.0100958 0.00855002 0.00816789 0.0083021 0.00835031 0.00830507 0.00844573 
0.0114492 0.0249408 0.0113864 0.0128336 0.0117404 0.0140404 0.0197179 0.0229111 0.0132657 0.0132722 0.0203222 0.0370336 0.131638 0.00446257 0.00372045 0.00372107 0 0.0723028 0.0315515 0.0113919 0.016721 0.0266975 0.0154219 0.0102777 0.0108133 0.00962101 0.00932987 0.00920385 0.00999477 0.0192194 0.0105622 0.0105013 0.00932103 0.0112198 0.00978719 0.0141412 0.0129941 0.0123636 0.0155374 0.00983359 0.0109847 0.0117175 0.019684 0.0104329 0.0132411 0.00895607 0.00862394 0.00903636 0.00952566 0.010068 0.00945894 0.00853561 0.00825984 0.010242 
0.0293476 0.0172284 0.0104862 0.00899123 0.00887118 0.00986504 0.0147572 0.0175817 0.0114988 0.0104366 0.00953022 0.0114974 0.0150478 0.0182338 0.00614727 0.0172596 0.0723028 0 0.0373913 0.0170336 0.00660789 0.00906447 0.0110874 0.00801597 0.00874132 0.00829852 0.00954138 0.0102732 0.013696 0.017259 0.00993506 0.00998869 0.00868165 0.0103985 0.0100092 0.0124549 0.0344283 0.0304998 0.0123771 0.00915953 0.00898785 0.00979983 0.0131048 0.0296584 0.012008 0.00854289 0.00824721 0.00861696 0.0104285 0.0186497 0.00945059 0.00861778 0.00912664 0.0162931 
0.0131327 0.0189272 0.0135594 0.0130751 0.0117857 0.0125097 0.0159723 0.021349 0.0166534 0.0169102 0.0132178 0.0118703 0.01627 0.0342515 0.00781921 0.0145149 0.0315515 0.0373913 0 0.00382382 0.00370775 0.00400464 0.00703785 0.00556415 0.0172533 0.0166759 0.0161828 0.0139481 0.0157589 0.0106863 0.00848352 0.0122396 0.00969011 0.0139717 0.00983251 0.0183299 0.0125296 0.011738 0.0109403 0.0111219 0.0121003 0.0125218 0.0241607 0.0104253 0.00929302 0.00906059 0.00892369 0.0103044 0.013492 0.0101878 0.00890397 0.00860897 0.0101731 0.0101666 
0.00913307 0.0147527 0.0511973 0.0365509 0.0349206 0.0179049 0.0118445 0.0153313 0.0874308 0.0427799 0.0488272 0.024674 0.0133245 0.00868408 0.182919 0.0249858 0.0113919 0.0170336 0.00382382 0 0.00383358 0.00373889 0.0059318 0.027078 0.0127512 0.0223667 0.00954417 0.0146115 0.0086016 0.00767448 0.0193344 0.0088061 0.0208071 0.00953903 0.0349715 0.00996018 0.00947512 0.00875653 0.0137148 0.0210374 0.0358985 0.0427853 0.0127638 0.00879436 0.00881468 0.0126389 0.0147682 0.0154031 0.00984612 0.00846111 0.00902854 0.00871217 0.00908082 0.00839879 
0.00916317 0.0149939 0.0321007 0.054305 0.0309704 0.0669959 0.0133714 0.0158342 0.037415 0.0744166 0.039506 0.0829433 0.0177096 0.0380627 0.0238049 0.128623 0.016721 0.00660789 0.00370775 0.00383358 0 0.00380039 0.0162917 0.0119471 0.0342506 0.00842297 0.00958746 0.0103383 0.00764488 0.0110873 0.00973305 0.0196313 0.0101739 0.0390179 0.014183 0.0158269 0.00978299 0.00991731 0.0125378 0.0189777 0.048207 0.0669607 0.0269768 0.00945595 0.00959923 0.0147228 0.0168309 0.0321621 0.0108033 0.00894768 0.00893733 0.0100603 0.00896523 0.00843614 
0.0136707 0.0306392 0.0168656 0.0186365 0.0215999 0.0200692 0.0325061 0.0289975 0.0208619 0.0195264 0.0216107 0.0243382 0.0696053 0.0313121 0.0171186 0.0121156 0.0266975 0.00906447 0.00400464 0.00373889 0.00380039 0 0.0145959 0.0394272 0.0046065 0.00696989 0.00726437 0.00768701 0.0083103 0.0107108 0.0124971 0.00902806 0.0151317 0.00968712 0.022073 0.0283088 0.0317248 0.0141581 0.0256597 0.0169106 0.0165547 0.0283868 0.0572405 0.018767 0.0140062 0.010758 0.0110265 0.0183237 0.0137536 0.0120794 0.0126478 0.00894629 0.0104325 0.0100316 
0.0124341 0.0139697 0.0109682 0.00971014 0.00929678 0.0102445 0.0129059 0.0155997 0.0122219 0.0116402 0.0103022 0.010487 0.0124413 0.0217329 0.00866183 0.01113 0.0154219 0.0110874 0.00703785 0.0059318 0.0162917 0.0145959 0 0.00378558 0.00372824 0.00369609 0.00370556 0.00408813 0.00502797 0.00599891 0.00549631 0.00714697 0.00641714 0.00814694 0.010486 0.929997 0.016087 0.0122038 0.0117594 0.0096232 0.0107499 0.0106612 0.0197718 0.0108642 0.0102105 0.00892082 0.00947789 0.00931875 0.0127415 0.0108546 0.00873607 0.00861317 0.00955582 0.0101522 
0.00921455 0.010134 0.0252135 0.0150284 0.0178387 0.0116344 0.0106559 0.0124587 0.0390778 0.0174733 0.0309778 0.012899 0.0119425 0.00842062 0.0338625 0.0110528 0.0102777 0.00801597 0.00556415 0.027078 0.0119471 0.0394272 0.00378558 0 0.00369694 0.00369381 0.00370899 0.00385244 0.00408535 0.00434567 0.0101832 0.00572745 0.00971189 0.00788489 0.982017 0.0116767 0.00842537 0.00831344 0.0120186 0.0143773 0.0157751 0.0336836 0.0107835 0.00960195 0.00848144 0.0116572 0.011148 0.0153888 0.00943772 0.00854402 0.00921424 0.00845539 0.0101495 0.00839012 
0.00827068 0.0105432 0.0171944 0.0503163 0.0189298 0.0165182 0.00907025 0.0114626 0.0205726 0.0718206 0.0292901 0.0217941 0.0101975 0.0226227 0.00877399 0.0138517 0.0108133 0.00874132 0.0172533 0.0127512 0.0342506 0.0046065 0.00372824 0.00369694 0 0.00368746 0.00369549 0.00372077 0.00372216 0.00787618 0.0044729 0.0134187 0.00802619 0.989882 0.00878355 0.00749729 0.00744867 0.00776068 0.0109157 0.0119868 0.0512063 0.0168382 0.0135266 0.00843671 0.00966817 0.0106951 0.0157031 0.0121364 0.00938033 0.00871615 0.00853404 0.00921433 0.00851139 0.00827251 
0.00830894 0.0101364 0.0209351 0.0246813 0.0318735 0.0108722 0.00918119 0.0113605 0.0252436 0.0318033 0.0540185 0.0136935 0.0118575 0.0088843 0.0155342 0.00950833 0.00962101 0.00829852 0.0166759 0.0223667 0.00842297 0.00696989 0.00369609 0.00369381 0.00368746 0 0.00370043 0.00369331 0.00372001 0.0037849 0.00595718 0.0051647 0.989398 0.00786914 0.00763938 0.00689701 0.00730722 0.00749353 0.0113952 0.0147931 0.0225354 0.0184834 0.0105267 0.00873642 0.00900934 0.0107566 0.0147377 0.0121583 0.00899775 0.00829836 0.00934994 0.00833423 0.00915688 0.00822899 
0.00845862 0.00917396 0.013596 0.0239107 0.0156258 0.0103833 0.00931258 0.00992969 0.0155363 0.0318019 0.0195094 0.0116125 0.00943752 0.0101157 0.00954273 0.0102466 0.00932987 0.00954138 0.0161828 0.00954417 0.00958746 0.00726437 0.00370556 0.00370899 0.00369549 0.00370043 0 0.00370465 0.00370417 0.00449667 0.00866256 0.97096 0.0115567 0.00763454 0.00716349 0.00633005 0.00738469 0.00769236 0.0106097 0.0115462 0.0217516 0.0150694 0.0103037 0.00849308 0.00902045 0.0100061 0.0125169 0.0100849 0.00890162 0.0082575 0.00848627 0.00836385 0.0087666 0.00830398 
0.0086332 0.010316 0.0109453 0.01107 0.0101263 0.0104205 0.00860964 0.0116493 0.0134138 0.0129012 0.0119246 0.0125076 0.00912359 0.0114167 0.0110765 0.00955023 0.00920385 0.0102732 0.0139481 0.0146115 0.0103383 0.00768701 0.00408813 0.00385244 0.00372077 0.00369331 0.00370465 0 0.00397048 0.00835039 0.996392 0.00778808 0.00520766 0.00536997 0.00660809 0.00645543 0.00758441 0.00801507 0.0105025 0.0107179 0.0123303 0.0194262 0.0109144 0.00905703 0.0106301 0.00994138 0.0090679 0.0106922 0.00858141 0.00838248 0.00857665 0.0086276 0.00845777 0.00850091 
0.0103179 0.0130577 0.00911458 0.00862978 0.00873704 0.0086563 0.00946455 0.0154922 0.00984358 0.00926134 0.00914404 0.00918763 0.0103474 0.014178 0.00965121 0.00874485 0.00999477 0.013696 0.0157589 0.0086016 0.00764488 0.0083103 0.00502797 0.00408535 0.00372216 0.00372001 0.00370417 0.00397048 0 0.998498 0.00489101 0.00512669 0.00484904 0.00411655 0.00513555 0.00595227 0.00818183 0.0093239 0.014809 0.00973277 0.00945892 0.0101613 0.0122037 0.0126236 0.0130677 0.00870002 0.00866183 0.00868333 0.00904789 0.00961832 0.010637 0.00827629 0.00873993 0.0100353 
0.0107982 0.0103119 0.00985705 0.00911121 0.00866586 0.0091854 0.0116953 0.011539 0.00993788 0.010332 0.00957255 0.00976751 0.0113101 0.0225021 0.0087684 0.00987888 0.0192194 0.017259 0.0106863 0.00767448 0.0110873 0.0107108 0.00599891 0.00434567 0.00787618 0.0037849 0.00449667 0.00835039 0.998498 0 0.00379845 0.0037591 0.0037029 0.00389524 0.0038377 0.00444613 0.00743406 0.00883621 0.0117886 0.00917765 0.0100392 0.0105083 0.0179853 0.0105626 0.0103893 0.00880991 0.00885803 0.00904196 0.0130605 0.0109912 0.00860922 0.00870389 0.00930604 0.0117647 
0.0088783 0.0107945 0.0181987 0.0130502 0.0133108 0.0106121 0.00968605 0.0114104 0.0297681 0.0161546 0.0206402 0.0118998 0.0130198 0.00901788 0.022937 0.0102334 0.0105622 0.00993506 0.00848352 0.0193344 0.00973305 0.0124971 0.00549631 0.0101832 0.0044729 0.00595718 0.00866256 0.996392 0.00489101 0.00379845 0 0.00371892 0.00375432 0.00369962 0.00390694 0.00384094 0.00588815 0.00691199 0.016925 0.0188126 0.0158844 0.0230234 0.0105689 0.0102426 0.0089275 0.0119936 0.0112188 0.0127565 0.00976723 0.00870605 0.0100373 0.00865273 0.0101749 0.00859136 
0.00845022 0.0101896 0.0155804 0.0369575 0.0173731 0.0143106 0.00907583 0.0109463 0.0185317 0.0481013 0.0269766 0.0192126 0.00951602 0.0167734 0.00907752 0.0139054 0.0105013 0.00998869 0.0122396 0.0088061 0.0196313 0.00902806 0.00714697 0.00572745 0.0134187 0.0051647 0.97096 0.00778808 0.00512669 0.0037591 0.00371892 0 0.00369011 0.00382453 0.00369745 0.0040751 0.00536443 0.00617096 0.0115545 0.012854 0.0495861 0.0158205 0.0142604 0.00858538 0.0100337 0.0115399 0.0177142 0.0125005 0.00983253 0.00869471 0.00870642 0.00941338 0.00861348 0.00859477 
0.00864961 0.0111081 0.0265338 0.0327119 0.0527033 0.0125305 0.00952724 0.0123412 0.0349017 0.0417795 0.083927 0.0166581 0.0127731 0.00903579 0.0354359 0.00994928 0.00932103 0.00868165 0.00969011 0.0208071 0.0101739 0.0151317 0.00641714 0.00971189 0.00802619 0.989398 0.0115567 0.00520766 0.00484904 0.0037029 0.00375432 0.00369011 0 0.00369397 0.00371549 0.00370516 0.00437689 0.00671722 0.0170104 0.0245338 0.0275441 0.0375598 0.0113064 0.0108054 0.00941601 0.0181115 0.0222176 0.0164426 0.00942014 0.00858825 0.0113955 0.0085795 0.0125226 0.00841335 
0.00824164 0.0108183 0.0209065 0.0646317 0.0194975 0.0149122 0.0088741 0.0116075 0.0238935 0.0728085 0.0299685 0.0207201 0.00973793 0.0227908 0.00931909 0.0120465 0.0112198 0.0103985 0.0139717 0.00953903 0.0390179 0.00968712 0.00814694 0.00788489 0.989882 0.00786914 0.00763454 0.00536997 0.00411655 0.00389524 0.00369962 0.00382453 0.00369397 0 0.00369281 0.00369935 0.00444765 0.00642475 0.0113112 0.0147115 0.0855469 0.0191135 0.0145069 0.00863082 0.011715 0.0138835 0.0215849 0.0148803 0.00941684 0.0091329 0.00880092 0.0100669 0.00880087 0.00850797 
0.00848695 0.0106381 0.0162367 0.0132388 0.0179369 0.0133847 0.0093394 0.0112931 0.0230963 0.0171774 0.0270404 0.0226661 0.0128332 0.00925375 0.0199813 0.0131473 0.00978719 0.0100092 0.00983251 0.0349715 0.014183 0.022073 0.010486 0.982017 0.00878355 0.00763938 0.00716349 0.00660809 0.00513555 0.0038377 0.00390694 0.00369745 0.00371549 0.00369281 0 0.00376772 0.00471869 0.00749677 0.0130601 0.0252761 0.0178812 0.0850709 0.0154986 0.0110544 0.00997515 0.012942 0.0123202 0.0250196 0.010052 0.00894176 0.00986798 0.00880957 0.00973705 0.00850652 
0.0102397 0.0127486 0.00946242 0.00965179 0.00921122 0.0101068 0.0107301 0.0163224 0.0110744 0.0118862 0.010328 0.0131844 0.0138053 0.0135651 0.00954265 0.00970722 0.0141412 0.0124549 0.0183299 0.00996018 0.0158269 0.0283088 0.929997 0.0116767 0.00749729 0.00689701 0.00633005 0.00645543 0.00595227 0.00444613 0.00384094 0.0040751 0.00370516 0.00369935 0.00376772 0 0.0252588 0.00729212 0.0242771 0.0104145 0.0158297 0.0191538 0.0744467 0.0130015 0.0134859 0.00953066 0.00944524 0.0117764 0.0120718 0.0108438 0.0103439 0.00855306 0.00925423 0.00990913 
0.0155885 0.00995797 0.00841846 0.00817312 0.00813691 0.00829971 0.0104436 0.0101883 0.00878787 0.00846141 0.00844058 0.00867053 0.0100149 0.0115961 0.0108498 0.00913522 0.0129941 0.0344283 0.0125296 0.00947512 0.00978299 0.0317248 0.016087 0.00842537 0.00744867 0.00730722 0.00738469 0.00758441 0.00818183 0.00743406 0.00588815 0.00536443 0.00437689 0.00444765 0.00471869 0.0252588 0 0.957 0.010591 0.00996024 0.00893543 0.0124594 0.0143941 0.0619769 0.0110127 0.00902146 0.00860075 0.00903619 0.0114497 0.0281504 0.0100526 0.00833258 0.0107968 0.0160112 
0.016948 0.00989374 0.00825398 0.00806186 0.00813846 0.00819692 0.0100125 0.0108376 0.00851312 0.00828354 0.00829614 0.00837308 0.00923665 0.0116023 0.00902443 0.00864595 0.0123636 0.0304998 0.011738 0.00875653 0.00991731 0.0141581 0.0122038 0.00831344 0.00776068 0.00749353 0.00769236 0.00801507 0.0093239 0.00883621 0.00691199 0.00617096 0.00671722 0.00642475 0.00749677 0.00729212 0.957 0 0.00967276 0.00855387 0.00861131 0.010724 0.0201457 0.0463424 0.0103883 0.00906008 0.00832754 0.00874143 0.0112254 0.0271267 0.0098764 0.00851957 0.0100229 0.0166565 
0.00976677 0.0105921 0.0102653 0.00992504 0.00937375 0.010068 0.0104817 0.0111853 0.0133584 0.0122697 0.0110396 0.0104363 0.0112967 0.0100614 0.0108921 0.0104217 0.0155374 0.0123771 0.0109403 0.0137148 0.0125378 0.0256597 0.0117594 0.0120186 0.0109157 0.0113952 0.0106097 0.0105025 0.014809 0.0117886 0.016925 0.0115545 0.0170104 0.0113112 0.0130601 0.0242771 0.010591 0.00967276 0 0.00369877 0.00369732 0.00371477 0.00399227 0.00426582 0.0256266 0.0146082 0.0108928 0.0118742 0.0292958 0.0133601 0.0132646 0.0104063 0.0235276 0.011683 
0.00822298 0.00914988 0.0118006 0.0141961 0.0124081 0.00999225 0.00884108 0.0103737 0.0184578 0.0217428 0.0214499 0.012743 0.00919192 0.00911784 0.0114924 0.0108958 0.00983359 0.00915953 0.0111219 0.0210374 0.0189777 0.0169106 0.0096232 0.0143773 0.0119868 0.0147931 0.0115462 0.0107179 0.00973277 0.00917765 0.0188126 0.012854 0.0245338 0.0147115 0.0252761 0.0104145 0.00996024 0.00855387 0.00369877 0 0.00369588 0.00371087 0.00373947 0.00386899 0.0983398 0.0345207 0.0286454 0.0223351 0.0136379 0.010105 0.0123414 0.0110522 0.0117656 0.00878397 
0.00822631 0.0109146 0.0214173 0.0405635 0.0268433 0.0162264 0.0100635 0.0117882 0.0369098 0.0897235 0.0696788 0.023581 0.0110155 0.0110156 0.0160863 0.0166531 0.0109847 0.00898785 0.0121003 0.0358985 0.048207 0.0165547 0.0107499 0.0157751 0.0512063 0.0225354 0.0217516 0.0123303 0.00945892 0.0100392 0.0158844 0.0495861 0.0275441 0.0855469 0.0178812 0.0158297 0.00893543 0.00861131 0.00369732 0.00369588 0 0.00377068 0.00377463 0.00383311 0.0216544 0.198851 0.090844 0.0564816 0.0143721 0.0102401 0.0151041 0.0145195 0.0114336 0.00902912 
0.00833169 0.0122591 0.0180016 0.0226869 0.0200123 0.0156056 0.00975543 0.0124552 0.0305149 0.0393125 0.0409765 0.0355269 0.0135151 0.0106346 0.0215407 0.0166194 0.0117175 0.00979983 0.0125218 0.0427853 0.0669607 0.0283868 0.0106612 0.0336836 0.0168382 0.0184834 0.0150694 0.0194262 0.0101613 0.0105083 0.0230234 0.0158205 0.0375598 0.0191135 0.0850709 0.0191538 0.0124594 0.010724 0.00371477 0.00371087 0.00377068 0 0.0041487 0.00501997 0.0241221 0.0457553 0.255324 0.132724 0.0318195 0.0122515 0.0131233 0.0204801 0.013583 0.00998267 
0.0110037 0.0156464 0.0113176 0.0123172 0.0112072 0.0114699 0.0118194 0.0158467 0.0126156 0.0148912 0.0150001 0.0150852 0.0149229 0.0155274 0.00963212 0.0104305 0.019684 0.0131048 0.0241607 0.0127638 0.0269768 0.0572405 0.0197718 0.0107835 0.0135266 0.0105267 0.0103037 0.0109144 0.0122037 0.0179853 0.0105689 0.0142604 0.0113064 0.0145069 0.0154986 0.0744467 0.0143941 0.0201457 0.00399227 0.00373947 0.00377463 0.0041487 0 0.0127905 0.0287006 0.0259805 0.0278456 0.241592 0.106742 0.0216551 0.0255848 0.0125079 0.0169704 0.0133917 
0.0146177 0.009674 0.00848717 0.00826098 0.00823411 0.00837882 0.0101792 0.00991175 0.00863841 0.00841101 0.00851197 0.00854451 0.0097262 0.00914725 0.00858719 0.00887228 0.0104329 0.0296584 0.0104253 0.00879436 0.00945595 0.018767 0.0108642 0.00960195 0.00843671 0.00873642 0.00849308 0.00905703 0.0126236 0.0105626 0.0102426 0.00858538 0.0108054 0.00863082 0.0110544 0.0130015 0.0619769 0.0463424 0.00426582 0.00386899 0.00383311 0.00501997 0.0127905 0 0.0218855 0.00983638 0.0100136 0.0178867 0.0329611 0.175518 0.0131394 0.00943712 0.0181629 0.0312719 
0.00918742 0.00874633 0.00855761 0.00926062 0.00877826 0.00857806 0.00990659 0.0088371 0.00953772 0.00945687 0.00923808 0.00948235 0.00913622 0.0101491 0.00835965 0.00853436 0.0132411 0.012008 0.00929302 0.00881468 0.00959923 0.0140062 0.0102105 0.00848144 0.00966817 0.00900934 0.00902045 0.0106301 0.0130677 0.0103893 0.0089275 0.0100337 0.00941601 0.011715 0.00997515 0.0134859 0.0110127 0.0103883 0.0256266 0.0983398 0.0216544 0.0241221 0.0287006 0.0218855 0 0.00437327 0.00371865 0.00376234 0.00938064 0.00912431 0.0161191 0.0118598 0.0150986 0.0149481 
0.00835302 0.00851296 0.010015 0.0106363 0.0100334 0.00929157 0.00844214 0.00886599 0.0119641 0.0131429 0.0129245 0.0101311 0.00874275 0.00891346 0.00906553 0.00912378 0.00895607 0.00854289 0.00906059 0.0126389 0.0147228 0.010758 0.00892082 0.0116572 0.0106951 0.0107566 0.0100061 0.00994138 0.00870002 0.00880991 0.0119936 0.0115399 0.0181115 0.0138835 0.012942 0.00953066 0.00902146 0.00906008 0.0146082 0.0345207 0.198851 0.0457553 0.0259805 0.00983638 0.00437327 0 0.00377139 0.00373063 0.00380782 0.00671759 0.0178092 0.0242068 0.0122015 0.0110708 
0.00823661 0.00877783 0.0103436 0.0132978 0.012249 0.00943311 0.00851352 0.00898917 0.0121532 0.0188602 0.0172411 0.0108077 0.00877846 0.00870844 0.00942647 0.00910853 0.00862394 0.00824721 0.00892369 0.0147682 0.0168309 0.0110265 0.00947789 0.011148 0.0157031 0.0147377 0.0125169 0.0090679 0.00866183 0.00885803 0.0112188 0.0177142 0.0222176 0.0215849 0.0123202 0.00944524 0.00860075 0.00832754 0.0108928 0.0286454 0.090844 0.255324 0.0278456 0.0100136 0.00371865 0.00377139 0 0.0037148 0.00371472 0.00603651 0.0974299 0.0162419 0.0136607 0.00892654 
0.00815797 0.00906428 0.0103265 0.0115009 0.0106982 0.0105667 0.0085742 0.0096117 0.0120588 0.0148427 0.0143115 0.0149618 0.00957799 0.00921907 0.00993097 0.0100958 0.00903636 0.00861696 0.0103044 0.0154031 0.0321621 0.0183237 0.00931875 0.0153888 0.0121364 0.0121583 0.0100849 0.0106922 0.00868333 0.00904196 0.0127565 0.0125005 0.0164426 0.0148803 0.0250196 0.0117764 0.00903619 0.00874143 0.0118742 0.0223351 0.0564816 0.132724 0.241592 0.0178867 0.00376234 0.00373063 0.0037148 0 0.0037732 0.00818732 0.0141295 0.237437 0.0149062 0.0109147 
0.00996069 0.00964151 0.00878636 0.00873096 0.0090545 0.00863815 0.00887015 0.0103323 0.00915664 0.00910844 0.00974025 0.00919742 0.00988775 0.0103313 0.00864304 0.00855002 0.00952566 0.0104285 0.013492 0.00984612 0.0108033 0.0137536 0.0127415 0.00943772 0.00938033 0.00899775 0.00890162 0.00858141 0.00904789 0.0130605 0.00976723 0.00983253 0.00942014 0.00941684 0.010052 0.0120718 0.0114497 0.0112254 0.0292958 0.0136379 0.0143721 0.0318195 0.106742 0.0329611 0.00938064 0.00380782 0.00371472 0.0037732 0 0.109402 0.0296631 0.0136186 0.0959585 0.0136573 
0.0115154 0.00948928 0.0082576 0.00811721 0.00805543 0.00814655 0.00924267 0.00949812 0.00846053 0.00845 0.00828277 0.00837111 0.00911546 0.0109547 0.00816618 0.00816789 0.010068 0.0186497 0.0101878 0.00846111 0.00894768 0.0120794 0.0108546 0.00854402 0.00871615 0.00829836 0.0082575 0.00838248 0.00961832 0.0109912 0.00870605 0.00869471 0.00858825 0.0091329 0.00894176 0.0108438 0.0281504 0.0271267 0.0133601 0.010105 0.0102401 0.0122515 0.0216551 0.175518 0.00912431 0.00671759 0.00603651 0.00818732 0.109402 0 0.0151109 0.010619 0.0147461 0.0666468 
0.00937227 0.0089189 0.00859377 0.00875638 0.00860423 0.00831624 0.00864654 0.00886525 0.00867701 0.00882778 0.00891238 0.00852999 0.00855688 0.00893308 0.00847383 0.0083021 0.00945894 0.00945059 0.00890397 0.00902854 0.00893733 0.0126478 0.00873607 0.00921424 0.00853404 0.00934994 0.00848627 0.00857665 0.010637 0.00860922 0.0100373 0.00870642 0.0113955 0.00880092 0.00986798 0.0103439 0.0100526 0.0098764 0.0132646 0.0123414 0.0151041 0.0131233 0.0255848 0.0131394 0.0161191 0.0178092 0.0974299 0.0141295 0.0296631 0.0151109 0 0.0038863 0.00450944 0.0372369 
0.00837762 0.00828871 0.00853013 0.00873057 0.00846405 0.00840887 0.00826326 0.00854584 0.0086302 0.00883263 0.00868542 0.00853317 0.00811905 0.00881982 0.00833064 0.00835031 0.00853561 0.00861778 0.00860897 0.00871217 0.0100603 0.00894629 0.00861317 0.00845539 0.00921433 0.00833423 0.00836385 0.0086276 0.00827629 0.00870389 0.00865273 0.00941338 0.0085795 0.0100669 0.00880957 0.00855306 0.00833258 0.00851957 0.0104063 0.0110522 0.0145195 0.0204801 0.0125079 0.00943712 0.0118598 0.0242068 0.0162419 0.237437 0.0136186 0.010619 0.0038863 0 0.00381104 0.0181672 
0.00957574 0.00917757 0.00860537 0.00845127 0.00841266 0.00827255 0.00853769 0.00914712 0.00875026 0.00882561 0.00889201 0.00846204 0.00855271 0.00863309 0.00889998 0.00830507 0.00825984 0.00912664 0.0101731 0.00908082 0.00896523 0.0104325 0.00955582 0.0101495 0.00851139 0.00915688 0.0087666 0.00845777 0.00873993 0.00930604 0.0101749 0.00861348 0.0125226 0.00880087 0.00973705 0.00925423 0.0107968 0.0100229 0.0235276 0.0117656 0.0114336 0.013583 0.0169704 0.0181629 0.0150986 0.0122015 0.0136607 0.0149062 0.0959585 0.0147461 0.00450944 0.00381104 0 0.0248665 
0.0162573 0.0101178 0.00849158 0.00813156 0.0082068 0.00823755 0.00976546 0.00944719 0.00832974 0.00830267 0.00833853 0.00832984 0.00871943 0.0110192 0.00838641 0.00844573 0.010242 0.0162931 0.0101666 0.00839879 0.00843614 0.0100316 0.0101522 0.00839012 0.00827251 0.00822899 0.00830398 0.00850091 0.0100353 0.0117647 0.00859136 0.00859477 0.00841335 0.00850797 0.00850652 0.00990913 0.0160112 0.0166565 0.011683 0.00878397 0.00902912 0.00998267 0.0133917 0.0312719 0.0149481 0.0110708 0.00892654 0.0109147 0.0136573 0.0666468 0.0372369 0.0181672 0.0248665 0 
