1CWSA
SDHRELIGDYSKAFLLQTVDGKHQDLKYISPETMVALLTGKFSNIVDKFVIVDCRYPYEYEGGHIKTAVNLPLERDAESFLLKSPIAPCSLDKRVILIFHCEFSSERGPRMCRFIRERDRAVNDYPSLYYPEMYILKGGYKEFFPQHPNFCEPQDYRPMNHEAFKDELKTFRLKTRSW
CCCCCECCCCCCECCCCCECCCCCCCCEECHHHHHHHHCCCCCCCEEEEEEEECCCHHHHHCCEECCCEECCCHHHHHHHHHCCCCCCCCCCCEEEEEEECCCCCCHHHHHHHHHHHHHHHCCCCCCCCCCCEEEECCHHHHHCCCCHHHEECCCCCCCCCHHHHHHHHHHHCCCCCC
0 0 0 0 0 0 0 0 0 0 0 0 0 0 0 0 0 0 0 0 0 0 0 0 0 0 0 0 0 0 0 0 0 0 0 0 0 0 0 0 0 0 0 0 0 0 0 0 0 0 0 0 0 0 0 0 0 0 0 0 0 0 0 0 0 0 0 0 0 0 0 0 0 0 0 0 0 0 0 0 0 0 0 0 0 0 0 0 0 0 0 0 0 0 0 0 0 0 0 0 0 0 0 0 0 0 0 0 0 0 0 0 0 0 0 0 0 0 0 0 0 0 0 0 0 0 0 0 0 0 0 0 0 0 0 0 0 0 0 0 0 0 0 0 0 0 0 0 0 0 0 0 0 0 0 0 0 0 0 0 0 0 0 0 0 0 0 0 0 0 0 0 0 0 0 0 0 0 
0 0 0 0 0 0 0 0 0 0 0 0 0 0 0 0 0 0 0 0 0 0 0 0 0 0 0 0 0 0 0 0 0 0 0 0 0 0 0 0 0 0 0 0 0 0 0 0 0 0 0 0 0 0 0 0 0 0 0 0 0 0 0 0 0 0 0 0 0 0 0 0 0 0 0 0 0 0 0 0 0 0 0 0 0 0 0 0 0 0 0 0 0 0 0 0 0 0 0 0 0 0 0 0 0 0 0 0 0 0 0 0 0 0 0 0 0 0 0 0 0 0 0 0 0 0 0 0 0 0 0 0 0 0 0 0 0 0 0 0 0 0 0 0 0 0 0 0 0 0 0 0 0 0 0 0 0 0 0 0 0 0 0 0 0 0 0 0 0 0 0 0 0 0 0 0 0 0 
0 0.437053 0.0420494 0.0335971 0.0272248 0.0178285 0.00933803 0.00892453 0.0100409 0.0101825 0.0102366 0.0105655 0.0137611 0.0137953 0.0123947 0.0160914 0.0143963 0.0113614 0.00907019 0.00884521 0.00900478 0.00863401 0.00896493 0.0095958 0.00934877 0.00826986 0.00830273 0.00880681 0.00890721 0.00816975 
0.437053 0 0.22878 0.0339121 0.0424432 0.0164667 0.00990997 0.00877716 0.00963617 0.0104804 0.00993043 0.0111466 0.013412 0.0168793 0.0123032 0.0186352 0.0143451 0.0146616 0.0108195 0.0108049 0.00972477 0.00928721 0.00869635 0.0103755 0.00949612 0.00831813 0.00829981 0.00886978 0.00869977 0.00831003 
0.0420494 0.22878 0 0.306184 0.026525 0.0243053 0.00918457 0.00847833 0.00910112 0.00978099 0.010806 0.0111066 0.0127394 0.011771 0.0162979 0.0151269 0.0137587 0.0124251 0.00967286 0.00873535 0.00864525 0.00833361 0.00857523 0.00976595 0.00955068 0.00813571 0.00813771 0.00903459 0.00935913 0.0080073 
0.0335971 0.0339121 0.306184 0 0.00456365 0.0172453 0.0186682 0.0143971 0.0123337 0.0144572 0.0279414 0.019492 0.0245123 0.0191325 0.0161805 0.0234936 0.0304507 0.0142649 0.0152963 0.0130504 0.0134406 0.0120882 0.0128613 0.0139622 0.00942236 0.0104407 0.0101178 0.0102337 0.00831861 0.00831119 
0.0272248 0.0424432 0.026525 0.00456365 0 0.0332866 0.0104321 0.00901588 0.0103906 0.0121861 0.0137432 0.0722932 0.0320143 0.0196089 0.0178769 0.031361 0.0166474 0.0165371 0.0122757 0.0104534 0.0115451 0.0107435 0.015637 0.0130203 0.013185 0.00950242 0.00916128 0.00923786 0.0108864 0.0080768 
0.0178285 0.0164667 0.0243053 0.0172453 0.0332866 0 0.00448239 0.00394733 0.00380235 0.00380532 0.00393512 0.00408204 0.00545687 0.00890736 0.0319059 0.0145034 0.0206459 0.0229876 0.0140916 0.0133226 0.0111362 0.0101456 0.0105892 0.0132997 0.0091398 0.00853703 0.00869772 0.0113788 0.00837979 0.00811028 
0.00933803 0.00990997 0.00918457 0.0186682 0.0104321 0.00448239 0 0.00372154 0.00369972 0.00370953 0.00369831 0.0043433 0.00381348 0.00960246 0.0081712 0.0110814 0.00895473 0.015599 0.0154865 0.0151988 0.0180597 0.0146099 0.0128029 0.00911468 0.00846045 0.00931182 0.00897642 0.00832802 0.00822429 0.00803487 
0.00892453 0.00877716 0.00847833 0.0143971 0.00901588 0.00394733 0.00372154 0 0.00372422 0.00371794 0.00377957 0.00370755 0.00377131 0.00721884 0.00788027 0.00862869 0.0091134 0.00993655 0.106847 0.0255004 0.0341391 0.0334299 0.0128832 0.0122701 0.00886977 0.0097404 0.00922764 0.00849347 0.00812744 0.00800811 
0.0100409 0.00963617 0.00910112 0.0123337 0.0103906 0.00380235 0.00369972 0.00372422 0 0.00387135 0.00371515 0.00371633 0.00372364 0.00751212 0.00852393 0.0107554 0.00945361 0.0133687 0.0202453 0.242864 0.0502962 0.0515849 0.0178651 0.00988714 0.00977499 0.0114897 0.0106161 0.00918876 0.0081765 0.00809614 
0.0101825 0.0104804 0.00978099 0.0144572 0.0121861 0.00380532 0.00370953 0.00371794 0.00387135 0 0.00374053 0.00370316 0.00372578 0.00917747 0.00959144 0.0123148 0.0119186 0.0157173 0.0749945 0.0778699 0.408427 0.0796396 0.0271584 0.0121399 0.0119502 0.0192652 0.0147773 0.00991489 0.00831361 0.00813618 
0.0102366 0.00993043 0.010806 0.0279414 0.0137432 0.00393512 0.00369831 0.00377957 0.00371515 0.00374053 0 0.00374 0.00371739 0.00927272 0.015256 0.0135265 0.012632 0.0168123 0.0464542 0.250294 0.140688 0.456804 0.041716 0.0181418 0.0117813 0.0289836 0.020093 0.0107771 0.00836744 0.0082091 
0.0105655 0.0111466 0.0111066 0.019492 0.0722932 0.00408204 0.0043433 0.00370755 0.00371633 0.00370316 0.00374 0 0.00391239 0.0271748 0.0540545 0.0526403 0.0279559 0.0142492 0.0538286 0.0577939 0.177078 0.0797556 0.637427 0.0256705 0.0144932 0.0178742 0.0540972 0.0176163 0.00932592 0.00817088 
0.0137611 0.013412 0.0127394 0.0245123 0.0320143 0.00545687 0.00381348 0.00377131 0.00372364 0.00372578 0.00371739 0.00391239 0 0.0405169 0.0160966 0.0175958 0.150113 0.0234027 0.01503 0.0290917 0.0270317 0.0462401 0.0364189 0.363758 0.0135449 0.0117626 0.011696 0.0171109 0.00964902 0.0084317 
0.0137953 0.0168793 0.011771 0.0191325 0.0196089 0.00890736 0.00960246 0.00721884 0.00751212 0.00917747 0.00927272 0.0271748 0.0405169 0 0.00545782 0.0174431 0.0768859 0.0220752 0.0117724 0.0102101 0.0115 0.00974624 0.015221 0.0172506 0.00883456 0.00930828 0.00932087 0.0104754 0.00832759 0.00903914 
0.0123947 0.0123032 0.0162979 0.0161805 0.0178769 0.0319059 0.0081712 0.00788027 0.00852393 0.00959144 0.015256 0.0540545 0.0160966 0.00545782 0 0.0674093 0.00494563 0.0157959 0.0129423 0.0112755 0.0104933 0.0121438 0.0132038 0.0130322 0.0121906 0.00907783 0.00954464 0.0111524 0.0150238 0.00818657 
0.0160914 0.0186352 0.0151269 0.0234936 0.031361 0.0145034 0.0110814 0.00862869 0.0107554 0.0123148 0.0135265 0.0526403 0.0175958 0.0174431 0.0674093 0 0.00791315 0.0411686 0.0391326 0.017637 0.0190283 0.0160431 0.0276009 0.019281 0.0115892 0.0123028 0.010827 0.0128338 0.00877275 0.00850409 
0.0143963 0.0143451 0.0137587 0.0304507 0.0166474 0.0206459 0.00895473 0.0091134 0.00945361 0.0119186 0.012632 0.0279559 0.150113 0.0768859 0.00494563 0.00791315 0 0.0235898 0.0190695 0.0179685 0.0226573 0.0250834 0.0418634 0.0990179 0.0154925 0.0111938 0.0126513 0.0105466 0.0120734 0.00828632 
0.0113614 0.0146616 0.0124251 0.0142649 0.0165371 0.0229876 0.015599 0.00993655 0.0133687 0.0157173 0.0168123 0.0142492 0.0234027 0.0220752 0.0157959 0.0411686 0.0235898 0 0.00546414 0.00372149 0.00375692 0.00375048 0.00386141 0.0045366 0.171091 0.0197086 0.0167505 0.0227043 0.00986662 0.0095966 
0.00907019 0.0108195 0.00967286 0.0152963 0.0122757 0.0140916 0.0154865 0.106847 0.0202453 0.0749945 0.0464542 0.0538286 0.01503 0.0117724 0.0129423 0.0391326 0.0190695 0.00546414 0 0.0037184 0.0037665 0.00379227 0.00381749 0.00385052 0.145015 0.149112 0.0287398 0.0126809 0.0102829 0.00861056 
0.00884521 0.0108049 0.00873535 0.0130504 0.0104534 0.0133226 0.0151988 0.0255004 0.242864 0.0778699 0.250294 0.0577939 0.0290917 0.0102101 0.0112755 0.017637 0.0179685 0.00372149 0.0037184 0 0.00375524 0.00378144 0.00380671 0.00376094 0.0804492 0.157804 0.0564767 0.0157485 0.00928228 0.00871506 
0.00900478 0.00972477 0.00864525 0.0134406 0.0115451 0.0111362 0.0180597 0.0341391 0.0502962 0.408427 0.140688 0.177078 0.0270317 0.0115 0.0104933 0.0190283 0.0226573 0.00375692 0.0037665 0.00375524 0 0.00372567 0.00372552 0.00535452 0.399778 0.106872 0.0793947 0.0245755 0.00968423 0.00875214 
0.00863401 0.00928721 0.00833361 0.0120882 0.0107435 0.0101456 0.0146099 0.0334299 0.0515849 0.0796396 0.456804 0.0797556 0.0462401 0.00974624 0.0121438 0.0160431 0.0250834 0.00375048 0.00379227 0.00378144 0.00372567 0 0.0037244 0.00371595 0.0410769 0.489849 0.0766587 0.0229454 0.00954048 0.00877966 
0.00896493 0.00869635 0.00857523 0.0128613 0.015637 0.0105892 0.0128029 0.0128832 0.0178651 0.0271584 0.041716 0.637427 0.0364189 0.015221 0.0132038 0.0276009 0.0418634 0.00386141 0.00381749 0.00380671 0.00372552 0.0037244 0 0.00379579 0.0343964 0.0612306 0.648728 0.0505564 0.0119217 0.00887314 
0.0095958 0.0103755 0.00976595 0.0139622 0.0130203 0.0132997 0.00911468 0.0122701 0.00988714 0.0121399 0.0181418 0.0256705 0.363758 0.0172506 0.0130322 0.019281 0.0990179 0.0045366 0.00385052 0.00376094 0.00535452 0.00371595 0.00379579 0 0.0172192 0.0279319 0.0521957 0.23207 0.0139836 0.00986268 
0.00934877 0.00949612 0.00955068 0.00942236 0.013185 0.0091398 0.00846045 0.00886977 0.00977499 0.0119502 0.0117813 0.0144932 0.0135449 0.00883456 0.0121906 0.0115892 0.0154925 0.171091 0.145015 0.0804492 0.399778 0.0410769 0.0343964 0.0172192 0 0.00426201 0.00372489 0.00533705 0.00835895 0.0115986 
0.00826986 0.00831813 0.00813571 0.0104407 0.00950242 0.00853703 0.00931182 0.0097404 0.0114897 0.0192652 0.0289836 0.0178742 0.0117626 0.00930828 0.00907783 0.0123028 0.0111938 0.0197086 0.149112 0.157804 0.106872 0.489849 0.0612306 0.0279319 0.00426201 0 0.00389124 0.00374491 0.0135393 0.0121723 
0.00830273 0.00829981 0.00813771 0.0101178 0.00916128 0.00869772 0.00897642 0.00922764 0.0106161 0.0147773 0.020093 0.0540972 0.011696 0.00932087 0.00954464 0.010827 0.0126513 0.0167505 0.0287398 0.0564767 0.0793947 0.0766587 0.648728 0.0521957 0.00372489 0.00389124 0 0.00382317 0.0149281 0.00856142 
0.00880681 0.00886978 0.00903459 0.0102337 0.00923786 0.0113788 0.00832802 0.00849347 0.00918876 0.00991489 0.0107771 0.0176163 0.0171109 0.0104754 0.0111524 0.0128338 0.0105466 0.0227043 0.0126809 0.0157485 0.0245755 0.0229454 0.0505564 0.23207 0.00533705 0.00374491 0.00382317 0 0.0151348 0.00724851 
0.00890721 0.00869977 0.00935913 0.00831861 0.0108864 0.00837979 0.00822429 0.00812744 0.0081765 0.00831361 0.00836744 0.00932592 0.00964902 0.00832759 0.0150238 0.00877275 0.0120734 0.00986662 0.0102829 0.00928228 0.00968423 0.00954048 0.0119217 0.0139836 0.00835895 0.0135393 0.0149281 0.0151348 0 0.00391273 
0.00816975 0.00831003 0.0080073 0.00831119 0.0080768 0.00811028 0.00803487 0.00800811 0.00809614 0.00813618 0.0082091 0.00817088 0.0084317 0.00903914 0.00818657 0.00850409 0.00828632 0.0095966 0.00861056 0.00871506 0.00875214 0.00877966 0.00887314 0.00986268 0.0115986 0.0121723 0.00856142 0.00724851 0.00391273 0 
