1D0IH
PRSLANAPIMILNGPNLNLLGQRQPEIYGSDTLADVEALCVKAAAAHGGTVDFRQSNHEGELVDWIHEARLNHCGIVINPAAYSHTSVAILDALNTCDGLPVVEVHISNIHQREPFRHHSYVSQRADGVVAGCGVQGYVFGVERIAALAGAGS
CCCCCCCCEEEEECCCHHHECCECHHHHCCCCHHHHHHHHHHHHHCCCCCEEEEECCCHHHHHHHHHHHHHHCCEEEEECHHHHHCCHHHHHHHHCCCCCCEEEEECCCHHHCCHHHHCCCHHHCCCCEEECCCCHHHHHHHHHHHHHHHCCC
0 0 0 0 0 0 0 0 0 0 0 0 0 0 0 0 0 0 0 0 0 0 0 0 0 0 0 0 0 0 0 0 0 0 0 0 0 0 0 0 0 0 0 0 0 0 0 0 0 0 0 0 0 0 0 0 0 0 0 0 0 0 0 0 0 0 0 0 0 0 0 0 0 0 0 0 0 0 0 0 0 0 0 0 0 0 0 0 0 0 0 0 0 0 0 0 0 0 0 0 0 0 0 0 0 0 0 0 0 0 0 0 0 0 0 0 0 0 0 0 0 0 0 0 0 0 0 0 0 0 0 0 0 0 0 0 0 0 0 0 0 0 0 0 0 0 0 0 0 0 0 0 0 
0 0 0 0 0 0 0 0 0 0 0 0 0 0 0 0 0 0 0 0 0 0 0 0 0 0 0 0 0 0 0 0 0 0 0 0 0 0 0 0 0 0 0 0 0 0 0 0 0 0 0 0 0 0 0 0 0 0 0 0 0 0 0 0 0 0 0 0 0 0 0 0 0 0 0 0 0 0 0 0 0 0 0 0 0 0 0 0 0 0 0 0 0 0 0 0 0 0 0 0 0 0 0 0 0 0 0 0 0 0 0 0 0 0 0 0 0 0 0 0 0 0 0 0 0 0 0 0 0 0 0 0 0 0 0 0 0 0 0 0 0 0 0 0 0 0 0 0 0 0 0 0 0 
0 0.00387269 0.00379349 0.00375071 0.00422033 0.00821351 0.0139334 0.291209 0.0101242 0.0150627 0.0106553 0.0168312 0.0826257 0.0386202 0.0165291 0.0162191 0.0213075 0.0212162 0.0157045 0.0107186 0.0124729 0.0128063 0.0119271 0.00959412 0.0110136 
0.00387269 0 0.00370281 0.00373617 0.00381513 0.0051613 0.00899617 0.0193348 0.297192 0.0145243 0.040886 0.0102977 0.0223304 0.191332 0.0820673 0.0419336 0.0115673 0.0161132 0.0341877 0.0310657 0.0192596 0.0118439 0.00985731 0.0119317 0.0101386 
0.00379349 0.00370281 0 0.00371961 0.00371461 0.00470272 0.00636409 0.0236832 0.0160398 0.288309 0.0132076 0.0123707 0.0179036 0.0455862 0.327357 0.0525642 0.0144974 0.0157584 0.0294706 0.0949134 0.0217165 0.0129082 0.0105146 0.0112218 0.0118441 
0.00375071 0.00373617 0.00371961 0 0.00392098 0.00488194 0.00915146 0.0126128 0.033683 0.0173596 0.183709 0.0119275 0.0127389 0.0600067 0.0363534 0.278928 0.0133199 0.0118474 0.0277342 0.0194122 0.0634962 0.0110247 0.0100549 0.0135881 0.0103691 
0.00422033 0.00381513 0.00371461 0.00392098 0 0.00766689 0.0100018 0.0247825 0.01421 0.0125018 0.0144727 0.127092 0.021196 0.0125221 0.0159715 0.0205843 0.0977268 0.0170828 0.00960291 0.0126467 0.0106843 0.0225652 0.0120394 0.00944933 0.0131947 
0.00821351 0.0051613 0.00470272 0.00488194 0.00766689 0 0.783117 0.0144788 0.00974896 0.00920532 0.0149172 0.011851 0.0101354 0.00938986 0.00873465 0.0119852 0.0143107 0.00940276 0.00875024 0.00842062 0.00922165 0.010554 0.00850173 0.0082705 0.00951015 
0.0139334 0.00899617 0.00636409 0.00915146 0.0100018 0.783117 0 0.0201636 0.0106088 0.0089385 0.0109316 0.0209143 0.0143432 0.00935591 0.00901451 0.00943878 0.0136678 0.013537 0.00864094 0.0086378 0.00843567 0.011202 0.01087 0.00824008 0.00946499 
0.291209 0.0193348 0.0236832 0.0126128 0.0247825 0.0144788 0.0201636 0 0.00546796 0.00377961 0.00471633 0.00483411 0.0932022 0.0262106 0.0113935 0.0167195 0.0263813 0.0207604 0.0185385 0.00932998 0.0194518 0.0116313 0.0115929 0.00916936 0.0134468 
0.0101242 0.297192 0.0160398 0.033683 0.01421 0.00974896 0.0106088 0.00546796 0 0.00375205 0.00370497 0.0038266 0.0248806 0.0748241 0.0294962 0.0197529 0.0109022 0.0120376 0.0116583 0.0575052 0.0100289 0.0136961 0.00931544 0.0108706 0.00924711 
0.0150627 0.0145243 0.288309 0.0173596 0.0125018 0.00920532 0.0089385 0.00377961 0.00375205 0 0.00369888 0.00369463 0.0199027 0.0336248 0.114875 0.0226115 0.0103305 0.0108692 0.0243302 0.0226859 0.0246977 0.00964839 0.00953712 0.00959435 0.00980953 
0.0106553 0.040886 0.0132076 0.183709 0.0144727 0.0149172 0.0109316 0.00471633 0.00370497 0.00369888 0 0.00394473 0.0152787 0.0805959 0.0358135 0.121686 0.012224 0.0122072 0.0135241 0.0149485 0.0260765 0.011352 0.0101663 0.0116827 0.00983723 
0.0168312 0.0102977 0.0123707 0.0119275 0.127092 0.011851 0.0209143 0.00483411 0.0038266 0.00369463 0.00394473 0 0.0410646 0.0142071 0.0213167 0.0350238 0.0911042 0.0201852 0.0106211 0.0102566 0.0105585 0.0184256 0.014649 0.00920951 0.0123071 
0.0826257 0.0223304 0.0179036 0.0127389 0.021196 0.0101354 0.0143432 0.0932022 0.0248806 0.0199027 0.0152787 0.0410646 0 0.00376872 0.00372408 0.00372892 0.00425733 0.180676 0.0304355 0.0193072 0.0155186 0.0263035 0.021684 0.0132245 0.0235868 
0.0386202 0.191332 0.0455862 0.0600067 0.0125221 0.00938986 0.00935591 0.0262106 0.0748241 0.0336248 0.0805959 0.0142071 0.00376872 0 0.00374241 0.00392022 0.00373199 0.42504 0.167248 0.0433873 0.0609779 0.0145491 0.0213329 0.0399692 0.0150383 
0.0165291 0.0820673 0.327357 0.0363534 0.0159715 0.00873465 0.00901451 0.0113935 0.0294962 0.114875 0.0358135 0.0213167 0.00372408 0.00374241 0 0.00374989 0.0037243 0.0415319 0.42821 0.249709 0.0365094 0.0177822 0.0226074 0.0256981 0.0173758 
0.0162191 0.0419336 0.0525642 0.278928 0.0205843 0.0119852 0.00943878 0.0167195 0.0197529 0.0226115 0.121686 0.0350238 0.00372892 0.00392022 0.00374989 0 0.00392317 0.0383139 0.0720826 0.289978 0.262632 0.0334068 0.0177005 0.0720777 0.027385 
0.0213075 0.0115673 0.0144974 0.0133199 0.0977268 0.0143107 0.0136678 0.0263813 0.0109022 0.0103305 0.012224 0.0911042 0.00425733 0.00373199 0.0037243 0.00392317 0 0.0219 0.0165685 0.0352633 0.0846375 0.214014 0.0259626 0.0135196 0.0382172 
0.0212162 0.0161132 0.0157584 0.0118474 0.0170828 0.00940276 0.013537 0.0207604 0.0120376 0.0108692 0.0122072 0.0201852 0.180676 0.42504 0.0415319 0.0383139 0.0219 0 0.00376887 0.00373291 0.00374696 0.00414142 0.273232 0.0252495 0.0472219 
0.0157045 0.0341877 0.0294706 0.0277342 0.00960291 0.00875024 0.00864094 0.0185385 0.0116583 0.0243302 0.0135241 0.0106211 0.0304355 0.167248 0.42821 0.0720826 0.0165685 0.00376887 0 0.00371058 0.00372546 0.00373946 0.0990675 0.132951 0.0172834 
0.0107186 0.0310657 0.0949134 0.0194122 0.0126467 0.00842062 0.0086378 0.00932998 0.0575052 0.0226859 0.0149485 0.0102566 0.0193072 0.0433873 0.249709 0.289978 0.0352633 0.00373291 0.00371058 0 0.00370753 0.00373811 0.251898 0.0635022 0.0433416 
0.0124729 0.0192596 0.0217165 0.0634962 0.0106843 0.00922165 0.00843567 0.0194518 0.0100289 0.0246977 0.0260765 0.0105585 0.0155186 0.0609779 0.0365094 0.262632 0.0846375 0.00374696 0.00372546 0.00370753 0 0.00380216 0.0211405 0.513974 0.0445357 
0.0128063 0.0118439 0.0129082 0.0110247 0.0225652 0.010554 0.011202 0.0116313 0.0136961 0.00964839 0.011352 0.0184256 0.0263035 0.0145491 0.0177822 0.0334068 0.214014 0.00414142 0.00373946 0.00373811 0.00380216 0 0.0457725 0.0393351 0.542122 
0.0119271 0.00985731 0.0105146 0.0100549 0.0120394 0.00850173 0.01087 0.0115929 0.00931544 0.00953712 0.0101663 0.014649 0.021684 0.0213329 0.0226074 0.0177005 0.0259626 0.273232 0.0990675 0.251898 0.0211405 0.0457725 0 0.00423935 0.00398832 
0.00959412 0.0119317 0.0112218 0.0135881 0.00944933 0.0082705 0.00824008 0.00916936 0.0108706 0.00959435 0.0116827 0.00920951 0.0132245 0.0399692 0.0256981 0.0720777 0.0135196 0.0252495 0.132951 0.0635022 0.513974 0.0393351 0.00423935 0 0.00394299 
0.0110136 0.0101386 0.0118441 0.0103691 0.0131947 0.00951015 0.00946499 0.0134468 0.00924711 0.00980953 0.00983723 0.0123071 0.0235868 0.0150383 0.0173758 0.027385 0.0382172 0.0472219 0.0172834 0.0433416 0.0445357 0.542122 0.00398832 0.00394299 0 
