1D0QA
GHRIPEETIEAIRRGVDIVDVIGEYVQLKRQGRNYFGLCPFHGEKTPSFSVSPEKQIFHCFGCGAGGNAFTFLMDIEGIPFVEAAKRLAAKAGVDLSVYELD
CCCCCHHHHHHHHHHCCHHHHHCCCCCCEEECCEEEECCCCCCCCCCCEEEECCCCEEEECCCCCEECHHHHHHHHHCCCHHHHHHHHHHHHCCCCHHHCCC
0 0 0 0 0 0 0 0 0 0 0 0 0 0 0 0 0 0 0 0 0 0 0 0 0 0 0 0 0 0 0 0 0 0 0 0 0 0 0 0 0 0 0 0 0 0 0 0 0 0 0 0 0 0 0 0 0 0 0 0 0 0 0 0 0 0 0 0 0 0 0 0 0 0 0 0 0 0 0 0 0 0 0 0 0 0 0 0 0 0 0 0 0 0 0 0 0 0 0 0 0 0 
0 0 0 0 0 0 0 0 0 0 0 0 0 0 0 0 0 0 0 0 0 0 0 0 0 0 0 0 0 0 0 0 0 0 0 0 0 0 0 0 0 0 0 0 0 0 0 0 0 0 0 0 0 0 0 0 0 0 0 0 0 0 0 0 0 0 0 0 0 0 0 0 0 0 0 0 0 0 0 0 0 0 0 0 0 0 0 0 0 0 0 0 0 0 0 0 0 0 0 0 0 0 
0 0.00502243 0.00478262 0.0087769 0.00582127 0.73027 0.10548 0.0123895 0.0107175 0.00978316 0.0223276 0.016662 0.00850611 0.0221405 0.0101909 0.00979417 0.011478 
0.00502243 0 0.0040737 0.00483345 0.858563 0.0291386 0.00475572 0.00956024 0.0137059 0.0175931 0.00822637 0.00918974 0.0177611 0.00981849 0.00858764 0.0100838 0.00889279 
0.00478262 0.0040737 0 0.97994 0.00407007 0.00417809 0.00406371 0.0182995 0.0111768 0.00821375 0.00946783 0.0325231 0.00855021 0.00868049 0.00938058 0.0121529 0.00932081 
0.0087769 0.00483345 0.97994 0 0.00422468 0.00394481 0.0155083 0.0096134 0.00830136 0.0176382 0.196929 0.0105587 0.00829468 0.0140448 0.0110425 0.010025 0.0106382 
0.00582127 0.858563 0.00407007 0.00422468 0 0.0161615 0.00371429 0.00864372 0.00987956 0.31526 0.00856489 0.00870325 0.0128475 0.00989288 0.00909582 0.00902047 0.00909221 
0.73027 0.0291386 0.00417809 0.00394481 0.0161615 0 0.00372152 0.0101457 0.37205 0.0102582 0.00854742 0.0116082 0.00933659 0.0123671 0.00847977 0.0106548 0.00942351 
0.10548 0.00475572 0.00406371 0.0155083 0.00371429 0.00372152 0 0.319192 0.00998198 0.0123821 0.00911904 0.0110882 0.00931748 0.00844268 0.015882 0.0151821 0.0122742 
0.0123895 0.00956024 0.0182995 0.0096134 0.00864372 0.0101457 0.319192 0 0.00380507 0.00403785 0.00397439 0.00573168 0.00628351 0.0176043 0.926583 0.0110982 0.0248081 
0.0107175 0.0137059 0.0111768 0.00830136 0.00987956 0.37205 0.00998198 0.00380507 0 0.00371899 0.00375118 0.00555772 0.0140784 0.959786 0.00879488 0.0193867 0.00962398 
0.00978316 0.0175931 0.00821375 0.0176382 0.31526 0.0102582 0.0123821 0.00403785 0.00371899 0 0.00372286 0.00647282 0.949172 0.00521634 0.006201 0.00887202 0.0134431 
0.0223276 0.00822637 0.00946783 0.196929 0.00856489 0.00854742 0.00911904 0.00397439 0.00375118 0.00372286 0 0.96232 0.00388124 0.00487294 0.00453273 0.011845 0.00818148 
0.016662 0.00918974 0.0325231 0.0105587 0.00870325 0.0116082 0.0110882 0.00573168 0.00555772 0.00647282 0.96232 0 0.00372099 0.00384641 0.00410724 0.00871973 0.0159404 
0.00850611 0.0177611 0.00855021 0.00829468 0.0128475 0.00933659 0.00931748 0.00628351 0.0140784 0.949172 0.00388124 0.00372099 0 0.00377611 0.00371173 0.00675228 0.422098 
0.0221405 0.00981849 0.00868049 0.0140448 0.00989288 0.0123671 0.00844268 0.0176043 0.959786 0.00521634 0.00487294 0.00384641 0.00377611 0 0.00370728 0.47107 0.0147498 
0.0101909 0.00858764 0.00938058 0.0110425 0.00909582 0.00847977 0.015882 0.926583 0.00879488 0.006201 0.00453273 0.00410724 0.00371173 0.00370728 0 0.0281843 0.00587444 
0.00979417 0.0100838 0.0121529 0.010025 0.00902047 0.0106548 0.0151821 0.0110982 0.0193867 0.00887202 0.011845 0.00871973 0.00675228 0.47107 0.0281843 0 0.0111044 
0.011478 0.00889279 0.00932081 0.0106382 0.00909221 0.00942351 0.0122742 0.0248081 0.00962398 0.0134431 0.00818148 0.0159404 0.422098 0.0147498 0.00587444 0.0111044 0 
