1DBVO
AVKVGINGFGRIGRNVFRAALKNPDIEVVAVNGLTDANTLAHLLKYDSVHGRLDAEVSVNGNNLVVNGKEIIVKAERDPENLAWGEIGVDIVVESTGRFTKREDAAKHLEAGAKKVIISAPAKNEDITIVMGVNQDKYDPKAHHVISNASCTTNCLAPFAKVLHEQFGIVRGMMTTVHSYTNDQRILDASHKDLRRARAAAESIIPTTTGAAKAVALVLPELKGKLNGMAMRVPTPNVSVVDLVAELEKEVTVEEVNAALKAAAEGELKGILAYSEEPLVSRDYNGSTVSSTIDALSTMVIDGKMVKVVSWYDNETGYSHRVVDLAAYIASKGL
CEEEEEECCCHHHHHHHHHHHCCCCEEEEEEECCCCHHHHHHHHHEECCCEECCCCEEEECCEEEECCEEEEEECCCCHHHCCCHHHCCCEEEECCCCCCEHHHHCHHHHCCCCEEEECCCCECCCEECCCCCCHHHCCCCCCCEEECCCHHHHHHHHHHHHHHHHCCEEEEEEEEEEECCCCCECCCCCCCCCCCCCECCCCCEEEECCHHHHHHHHCHHHCCCEEEEEEEECCCCCEEEEEEEEECCCCCHHHHHHHHHHHHHCCCECCEEEECCCCCHHHHCCCCCCEEEEHHHCEEECCCEEEEEEEECCCHHHHHHHHHHHHHHHHCCC
0 0 0 0 0 0 0 0 0 0 0 0 0 0 0 0 0 0 0 0 0 0 0 0 0 0 0 0 0 0 0 0 0 0 0 0 0 0 0 0 0 0 0 0 0 0 0 0 0 0 0 0 0 0 0 0 0 0 0 0 0 0 0 0 0 0 0 0 0 0 0 0 0 0 0 0 0 0 0 0 0 0 0 0 0 0 0 0 0 0 0 0 0 0 0 0 0 0 0 0 0 0 0 0 0 0 0 0 0 0 0 0 0 0 0 0 0 0 0 0 0 0 0 0 0 0 0 0 0 0 0 0 0 0 0 0 0 0 0 0 0 0 0 0 0 0 0 0 0 0 0 0 0 0 0 0 0 0 0 0 0 0 0 0 0 0 0 0 0 0 0 0 0 0 0 0 0 0 0 0 0 0 0 0 0 0 0 0 0 0 0 0 0 0 0 0 0 0 0 0 0 0 0 0 0 0 0 0 0 0 0 0 0 0 0 0 0 0 0 0 0 0 0 0 0 0 0 0 0 0 0 0 0 0 0 0 0 0 0 0 0 0 0 0 0 0 0 0 0 0 0 0 0 0 0 0 0 0 0 0 0 0 0 0 0 0 0 0 0 0 0 0 0 0 0 0 0 0 0 0 0 0 0 0 0 0 0 0 0 0 0 0 0 0 0 0 0 0 0 0 0 0 0 0 0 0 0 0 0 0 0 0 0 0 0 0 0 0 0 0 0 0 0 0 0 0 0 0 0 0 0 0 0 0 
0 0 0 0 0 0 0 0 0 0 0 0 0 0 0 0 0 0 0 0 0 0 0 0 0 0 0 0 0 0 0 0 0 0 0 0 0 0 0 0 0 0 0 0 0 0 0 0 0 0 0 0 0 0 0 0 0 0 0 0 0 0 0 0 0 0 0 0 0 0 0 0 0 0 0 0 0 0 0 0 0 0 0 0 0 0 0 0 0 0 0 0 0 0 0 0 0 0 0 0 0 0 0 0 0 0 0 0 0 0 0 0 0 0 0 0 0 0 0 0 0 0 0 0 0 0 0 0 0 0 0 0 0 0 0 0 0 0 0 0 0 0 0 0 0 0 0 0 0 0 0 0 0 0 0 0 0 0 0 0 0 0 0 0 0 0 0 0 0 0 0 0 0 0 0 0 0 0 0 0 0 0 0 0 0 0 0 0 0 0 0 0 0 0 0 0 0 0 0 0 0 0 0 0 0 0 0 0 0 0 0 0 0 0 0 0 0 0 0 0 0 0 0 0 0 0 0 0 0 0 0 0 0 0 0 0 0 0 0 0 0 0 0 0 0 0 0 0 0 0 0 0 0 0 0 0 0 0 0 0 0 0 0 0 0 0 0 0 0 0 0 0 0 0 0 0 0 0 0 0 0 0 0 0 0 0 0 0 0 0 0 0 0 0 0 0 0 0 0 0 0 0 0 0 0 0 0 0 0 0 0 0 0 0 0 0 0 0 0 0 0 0 0 0 0 0 0 0 0 0 0 0 0 0 
0 0.00393223 0.00390608 0.00383861 0.00464978 0.00593208 0.677381 0.017054 0.05269 0.0222737 0.0235792 0.029605 0.0330246 0.02015 0.0108455 0.0156187 0.0100692 0.042284 0.00870394 0.0137072 0.0115312 0.0183573 0.0154675 0.0106557 0.0388882 0.0105957 0.00872379 0.021986 0.00915103 0.0167534 0.0167922 0.0210159 0.00997495 0.0123373 0.0120765 0.0105609 0.0120629 0.0148104 0.00994757 0.0190199 0.0089566 0.00940993 0.00897769 0.00984644 0.00868957 0.010137 0.00866432 0.00859947 0.0084902 0.00857741 0.00842067 0.00864578 0.00863617 0.0084299 0.00892362 0.00839509 0.00886494 0.00853011 0.0090865 0.00834486 0.00828556 0.00847166 0.00848983 0.00939414 0.00825473 0.00840596 0.00837506 0.00849426 0.00857844 0.00844358 0.00875876 0.00839865 0.00865249 0.00865446 0.00859363 0.00881422 0.00850585 0.00888066 0.00843445 0.0128272 0.00870393 0.00861209 0.00856229 0.00854323 0.00975339 0.00895529 0.00861828 0.00878839 0.00881929 0.00954577 0.0088617 0.0112219 0.00916019 0.00891259 0.00871975 0.00913056 0.00867734 0.00880212 0.00888075 0.00991171 
0.00393223 0 0.00377662 0.00382746 0.00402208 0.00462323 0.0131059 0.750048 0.0281661 0.0446899 0.0730186 0.0226651 0.0160969 0.0112562 0.0100209 0.00935325 0.0111239 0.00895691 0.0385146 0.00889627 0.0109319 0.0129218 0.0174579 0.0374865 0.0102159 0.00894441 0.033113 0.00900051 0.0611114 0.0101653 0.0124853 0.0139438 0.0277761 0.0123423 0.0119503 0.00850408 0.0101057 0.0138253 0.0167475 0.0100991 0.00830719 0.00832248 0.00870688 0.00864988 0.0087127 0.00897141 0.00841636 0.00866678 0.00908172 0.00866372 0.00873948 0.00880091 0.00878877 0.00910416 0.00849245 0.00871835 0.00835607 0.00827996 0.00812711 0.00810996 0.00837188 0.00826466 0.00819764 0.00818515 0.00855324 0.0082856 0.00859058 0.00838894 0.008634 0.00843423 0.00825678 0.00857364 0.00852392 0.00855307 0.00887133 0.00856163 0.00878452 0.00845828 0.00866225 0.0083002 0.00869648 0.00838314 0.00851725 0.00849991 0.0085983 0.00845483 0.00860132 0.00846384 0.00870217 0.00835562 0.00884091 0.00848212 0.00848027 0.00862795 0.00885468 0.00873477 0.0087847 0.0085755 0.0086652 0.00873434 
0.00390608 0.00377662 0 0.00383677 0.00377828 0.0037475 0.138765 0.0119788 0.538259 0.0696133 0.0431962 0.0518526 0.0117197 0.0134675 0.00912862 0.0104607 0.00847259 0.033385 0.00915364 0.021394 0.00851831 0.0149791 0.0383547 0.0126232 0.0137011 0.00923544 0.00871154 0.11148 0.0119838 0.0318415 0.00944303 0.0348467 0.0144285 0.0276115 0.00960521 0.00814804 0.0112873 0.0275981 0.0175887 0.0146532 0.0080259 0.00920356 0.00847758 0.0097159 0.00910719 0.0089705 0.00918346 0.00945015 0.0094227 0.00968664 0.00900977 0.00923203 0.00928463 0.00900008 0.00975529 0.00875148 0.00862924 0.00803734 0.00822991 0.00843506 0.00846643 0.00843001 0.00813818 0.00876126 0.00836481 0.0088894 0.00853145 0.00878146 0.00915165 0.00883445 0.00837538 0.008753 0.00898718 0.00898891 0.00892306 0.00929939 0.0088105 0.00920756 0.00846514 0.00868914 0.00834806 0.00845372 0.00893109 0.00857051 0.00844747 0.00864883 0.00870639 0.00854562 0.00843025 0.00905098 0.00880894 0.0089091 0.00884866 0.00877177 0.008917 0.00945392 0.0090654 0.00916284 0.00892812 0.00874637 
0.00383861 0.00382746 0.00383677 0 0.00370838 0.00375132 0.0168108 0.19673 0.0212824 0.149632 0.387231 0.0184326 0.0218287 0.0098086 0.0102321 0.00893297 0.0101809 0.00911911 0.0400622 0.00895455 0.00947525 0.0116543 0.026503 0.0364057 0.0100669 0.00846862 0.0243399 0.01134 0.0981178 0.0107616 0.0116532 0.0110388 0.0566172 0.0136391 0.0115411 0.00820549 0.00904296 0.0181902 0.0227225 0.0103806 0.00802709 0.00841508 0.00931279 0.00905922 0.00918671 0.00960254 0.00894933 0.00887824 0.0102351 0.00992616 0.00929138 0.0097013 0.00926689 0.00940006 0.00889199 0.00902445 0.00895387 0.00813766 0.00824002 0.0083645 0.008423 0.00840546 0.00822529 0.00845904 0.0085943 0.00878572 0.00876905 0.00868433 0.00896247 0.00862993 0.00844928 0.00853601 0.00879651 0.00904493 0.00910294 0.00901764 0.00892107 0.00878487 0.00863034 0.00837927 0.00829748 0.00851482 0.00865063 0.00856733 0.00840625 0.00845989 0.00872494 0.00851335 0.00857416 0.00843062 0.00884161 0.0086156 0.00840388 0.00852605 0.00911218 0.00911868 0.00884838 0.00898495 0.00886973 0.00878758 
0.00464978 0.00402208 0.00377828 0.00370838 0 0.00427445 0.0259814 0.0165228 0.0761325 0.0527497 0.0863613 0.644523 0.0261586 0.0295382 0.0116215 0.0136143 0.00891822 0.0128083 0.00895182 0.0207629 0.00848712 0.00976315 0.0175006 0.0237756 0.0181963 0.00899857 0.00915561 0.0167523 0.0107542 0.0676291 0.00928357 0.0127269 0.0131635 0.075213 0.0102466 0.00825024 0.00909052 0.0137413 0.0174424 0.0159112 0.00812201 0.00905755 0.00865641 0.00904141 0.00930808 0.00862151 0.00879867 0.00916596 0.00896906 0.00919485 0.0095241 0.00943713 0.00878298 0.00871673 0.00894197 0.00867873 0.00853814 0.00803397 0.0082863 0.00820574 0.00831505 0.00852538 0.00812912 0.008568 0.00825985 0.00847596 0.00841338 0.00850454 0.00883228 0.00847424 0.00833927 0.00836004 0.00869368 0.00859458 0.0088101 0.00883508 0.00857812 0.00860004 0.00834412 0.00833531 0.00823805 0.00847022 0.0087016 0.00863746 0.00837191 0.00862266 0.00888044 0.0087046 0.00856889 0.00920545 0.00884241 0.00869689 0.00858178 0.00869624 0.00883066 0.00908148 0.00901219 0.00898944 0.00874153 0.00873897 
0.00593208 0.00462323 0.0037475 0.00375132 0.00427445 0 0.0162538 0.0256494 0.0168426 0.0287606 0.0481864 0.0735578 0.487137 0.0143715 0.0247128 0.0113853 0.0125159 0.0120094 0.0091606 0.00869338 0.01371 0.0139595 0.00969178 0.0162566 0.0153009 0.010535 0.00936692 0.00902152 0.0113176 0.0100524 0.0181347 0.011957 0.0104842 0.0119797 0.0284087 0.00909677 0.0101403 0.00933524 0.0118105 0.0173142 0.00868713 0.00868218 0.00914585 0.00937086 0.0083475 0.0102728 0.00867301 0.00824814 0.00835212 0.00844904 0.0120233 0.00831624 0.00831063 0.00841811 0.00832557 0.0084919 0.00868757 0.0084148 0.00836785 0.00816921 0.00812206 0.00813524 0.00818017 0.00840651 0.0081405 0.00890354 0.00823647 0.00842172 0.00843216 0.00825048 0.00821715 0.00842224 0.00844543 0.00838049 0.00842993 0.00916142 0.00842852 0.00830553 0.00819822 0.00838875 0.00842173 0.00861457 0.0083348 0.00836353 0.00836296 0.00852173 0.00851583 0.00841449 0.00858509 0.0087805 0.00863841 0.00855114 0.00851229 0.00846352 0.00846089 0.00854139 0.00848773 0.00859954 0.00852287 0.00861381 
0.677381 0.0131059 0.138765 0.0168108 0.0259814 0.0162538 0 0.00398156 0.00392071 0.00382731 0.00396234 0.00444822 0.00579788 0.0193235 0.0113574 0.0159529 0.0102873 0.0505745 0.00889636 0.0212235 0.0131039 0.0203453 0.0165817 0.0104301 0.0464269 0.0135408 0.00952978 0.0264101 0.00907929 0.0223577 0.020351 0.0356151 0.011547 0.0129481 0.0150316 0.0136658 0.0169866 0.0182725 0.00997076 0.0274297 0.00981996 0.0110935 0.00944543 0.0112419 0.00897758 0.0114879 0.00909354 0.00869913 0.00851461 0.00879776 0.00827913 0.00857546 0.00890534 0.00835618 0.00923403 0.00828414 0.0089168 0.00987438 0.00983486 0.00840221 0.00832932 0.00840157 0.0083387 0.00995922 0.00810312 0.00835821 0.00830226 0.00825437 0.00873707 0.00838701 0.00873007 0.00834615 0.00908639 0.00868254 0.00843201 0.00943051 0.00850529 0.00942926 0.00828843 0.0112837 0.00845015 0.00860392 0.0086478 0.00839038 0.0089865 0.00899611 0.00847426 0.00868214 0.00849882 0.00984072 0.00859259 0.010418 0.0090923 0.00886904 0.0084095 0.00925634 0.00846674 0.00854601 0.0086438 0.00923187 
0.017054 0.750048 0.0119788 0.19673 0.0165228 0.0256494 0.00398156 0 0.00370367 0.00371505 0.00385297 0.00369849 0.00390442 0.00977113 0.00936923 0.00990396 0.0117134 0.00920048 0.0473405 0.00914676 0.0107607 0.0133905 0.017089 0.0284227 0.00973798 0.0109151 0.0294822 0.00933165 0.0688455 0.0106214 0.0122558 0.0165559 0.0320608 0.0116909 0.0132435 0.00903473 0.0104813 0.0194765 0.0240966 0.0103699 0.00842413 0.00846788 0.00953426 0.00910449 0.00929833 0.010048 0.00864675 0.00864812 0.00915851 0.00871292 0.00884417 0.00900907 0.00883884 0.00914887 0.00853383 0.00901488 0.00872352 0.00847508 0.00827018 0.00832925 0.00841579 0.00843441 0.00828016 0.00832492 0.00843309 0.00838305 0.00833429 0.00843065 0.00853078 0.00856392 0.00827821 0.00881382 0.00851716 0.00853208 0.00897237 0.00860159 0.00897583 0.00847851 0.0089602 0.00823982 0.00855771 0.00840903 0.00848205 0.00845923 0.00839612 0.00845218 0.00852988 0.00845051 0.00875149 0.00841979 0.00885981 0.0084639 0.00849771 0.00851542 0.00888142 0.00864057 0.00859232 0.00857788 0.00863334 0.00854847 
0.05269 0.0281661 0.538259 0.0212824 0.0761325 0.0168426 0.00392071 0.00370367 0 0.00377385 0.00374645 0.00378689 0.00377595 0.0109542 0.00894616 0.0118537 0.00891557 0.0216495 0.00961251 0.0176989 0.00882937 0.0105481 0.0391639 0.0122868 0.0145365 0.00934027 0.013836 0.0754951 0.0138567 0.0292285 0.0104826 0.0259187 0.0220756 0.0314921 0.0107986 0.0085202 0.0104508 0.0342719 0.0221381 0.0167189 0.00810771 0.00949973 0.00885576 0.0102797 0.00960293 0.00934052 0.00907152 0.00968902 0.0105533 0.0113881 0.00991572 0.0100449 0.010925 0.010017 0.0107712 0.00941752 0.00896297 0.00817414 0.00829599 0.00854921 0.00854713 0.00864179 0.00841509 0.00865437 0.00839704 0.00881083 0.00862541 0.00867136 0.00912749 0.00898005 0.00839626 0.0086119 0.00899776 0.00898967 0.00904572 0.00962374 0.00900018 0.00931526 0.00855437 0.00859544 0.00813625 0.00844711 0.00870363 0.00856326 0.00844043 0.0084399 0.00861886 0.00858525 0.00852165 0.00870983 0.0088007 0.00867278 0.00856982 0.00863281 0.00891904 0.00925344 0.00893385 0.00890884 0.00911502 0.00873141 
0.0222737 0.0446899 0.0696133 0.149632 0.0527497 0.0287606 0.00382731 0.00371505 0.00377385 0 0.00373044 0.00373207 0.0038128 0.0100173 0.00950819 0.0102388 0.00923158 0.01517 0.0170222 0.00984495 0.00956759 0.0155318 0.0188321 0.0255286 0.012495 0.0092541 0.0136914 0.0326356 0.0470318 0.019414 0.0113654 0.0426676 0.0419171 0.0260705 0.0134296 0.00849409 0.0136256 0.0319912 0.036621 0.0160443 0.00812493 0.00908514 0.0091511 0.0101321 0.00977879 0.0103516 0.00926181 0.00963017 0.0110215 0.0109819 0.0103713 0.0102949 0.0101595 0.0100282 0.00974886 0.00930034 0.00919034 0.00809992 0.00829415 0.00852327 0.00851131 0.0084615 0.00823423 0.00852754 0.00836449 0.00870247 0.00859954 0.00867586 0.00891879 0.00859948 0.00832224 0.00865124 0.00892294 0.00885062 0.00929544 0.00932405 0.0088713 0.00877456 0.00857818 0.00829621 0.00818989 0.00839251 0.00858494 0.0085291 0.00830088 0.00846568 0.00857353 0.00846944 0.00844995 0.0085213 0.00874042 0.00856396 0.00846412 0.00853924 0.00887371 0.00901583 0.00878448 0.00879859 0.00881257 0.00864053 
0.0235792 0.0730186 0.0431962 0.387231 0.0863613 0.0481864 0.00396234 0.00385297 0.00374645 0.00373044 0 0.00372688 0.0037165 0.0106817 0.0114131 0.0101747 0.0109977 0.0126839 0.0252648 0.0132152 0.00965965 0.0114065 0.0338067 0.0390771 0.0139364 0.00964862 0.0131244 0.0264476 0.118895 0.0235791 0.0131731 0.0182649 0.0950697 0.0379019 0.0163977 0.00863783 0.0122034 0.0534564 0.0677966 0.02125 0.00837511 0.00911767 0.0107361 0.0108079 0.0114183 0.0114919 0.00997419 0.0103842 0.0136185 0.0132788 0.0126294 0.0118539 0.0123247 0.011728 0.0112819 0.00992456 0.00957227 0.0083536 0.00883418 0.00892887 0.00873355 0.00875989 0.00853794 0.00864285 0.00865103 0.00899156 0.00876319 0.00928967 0.00911778 0.00895594 0.00840008 0.00899658 0.00929223 0.00957084 0.00988233 0.0103157 0.00945915 0.00922521 0.00877359 0.0087559 0.00816126 0.0086438 0.00893005 0.00866308 0.0083795 0.00943674 0.00897376 0.00868642 0.00871744 0.00874804 0.00894463 0.00871796 0.00859118 0.00875649 0.00963725 0.0097627 0.00922906 0.00933593 0.00913028 0.00882124 
0.029605 0.0226651 0.0518526 0.0184326 0.644523 0.0735578 0.00444822 0.00369849 0.00378689 0.00373207 0.00372688 0 0.00391237 0.0230566 0.0186869 0.016543 0.0103992 0.0157451 0.0121676 0.0404851 0.00956482 0.0114278 0.0281785 0.0429246 0.0208349 0.00988091 0.0104057 0.0182535 0.0143576 0.155078 0.0120999 0.0151836 0.0233268 0.127883 0.0148734 0.00896731 0.0102532 0.0202592 0.0536664 0.0340376 0.00847146 0.0105692 0.00945403 0.00963623 0.0110356 0.00953028 0.0096848 0.010094 0.0100957 0.011267 0.0100972 0.0109358 0.0100293 0.00955993 0.00986626 0.00945212 0.00946174 0.00812477 0.00835193 0.00832162 0.00852652 0.00869976 0.00816481 0.00851619 0.00835232 0.00860211 0.00861866 0.00890383 0.00981586 0.00870226 0.008358 0.0085202 0.00888517 0.00886034 0.00901939 0.00918102 0.00869446 0.00871876 0.00841652 0.00824278 0.00813858 0.00849915 0.0086808 0.00853071 0.00824718 0.00854239 0.00881656 0.00861539 0.00844132 0.00890328 0.00882045 0.00858972 0.00858632 0.00859109 0.00896654 0.00931286 0.00894105 0.00906073 0.00878276 0.00853587 
0.0330246 0.0160969 0.0117197 0.0218287 0.0261586 0.487137 0.00579788 0.00390442 0.00377595 0.0038128 0.0037165 0.00391237 0 0.046758 0.0159869 0.0155464 0.01785 0.0271617 0.0136637 0.00943989 0.0236629 0.021731 0.0127521 0.0207201 0.0305017 0.0154542 0.0107091 0.0100497 0.0117516 0.0151995 0.0475421 0.0204857 0.0123871 0.0147556 0.0461305 0.0106612 0.0123945 0.0109627 0.0154909 0.0267211 0.00988235 0.0102708 0.00996857 0.010852 0.00888026 0.0116066 0.0100209 0.00884736 0.00882393 0.00887484 0.00892081 0.00898375 0.00862125 0.0085478 0.00863612 0.00868757 0.00875373 0.00901917 0.00896129 0.00836953 0.00816806 0.00820011 0.00817367 0.00846281 0.00815596 0.00842112 0.00819337 0.00835485 0.00834474 0.0082006 0.00818908 0.0086052 0.00841028 0.0082058 0.00840501 0.00852421 0.00831947 0.00824143 0.00816083 0.00826835 0.00845762 0.00867376 0.0082766 0.00821694 0.00828746 0.00859236 0.00841925 0.00826617 0.00834919 0.00893598 0.00859944 0.00836113 0.00858951 0.00838613 0.0084374 0.00853611 0.0085566 0.00856263 0.00839844 0.00847752 
0.02015 0.0112562 0.0134675 0.0098086 0.0295382 0.0143715 0.0193235 0.00977113 0.0109542 0.0100173 0.0106817 0.0230566 0.046758 0 0.00539565 0.00392327 0.868998 0.0097904 0.00764026 0.00999808 0.0106395 0.00798141 0.0141074 0.0118138 0.0228591 0.00838718 0.00941049 0.0144494 0.00932657 0.0255531 0.0198068 0.0150137 0.0131863 0.0187334 0.0148051 0.0203333 0.0111963 0.0147624 0.0183982 0.0185575 0.0104595 0.0101705 0.0115375 0.00965288 0.00977667 0.0104923 0.00887199 0.00847082 0.00861655 0.00860789 0.00847644 0.00850289 0.00851359 0.00828492 0.00853386 0.00864123 0.00911943 0.00874368 0.00907597 0.00817927 0.0082902 0.00845895 0.00823237 0.00835261 0.00813535 0.00822371 0.0081478 0.0081566 0.00830702 0.00825873 0.00820269 0.00806287 0.008383 0.00827471 0.00829975 0.00841659 0.00823031 0.00836003 0.00820506 0.00846763 0.00812279 0.00812955 0.0082402 0.00818981 0.00819471 0.00823987 0.00828413 0.00832365 0.00842423 0.00840655 0.00841954 0.00856584 0.00824846 0.00846047 0.0082691 0.00845616 0.0084962 0.00830131 0.00839415 0.00849701 
0.0108455 0.0100209 0.00912862 0.0102321 0.0116215 0.0247128 0.0113574 0.00936923 0.00894616 0.00950819 0.0114131 0.0186869 0.0159869 0.00539565 0 0.873317 0.0046176 0.00920132 0.0110042 0.00739571 0.00703327 0.00876036 0.00845807 0.0139351 0.00948367 0.00860273 0.00894478 0.00886542 0.00936853 0.0109277 0.0149193 0.0118903 0.0101206 0.013299 0.0193475 0.0111226 0.0103421 0.00973729 0.0124106 0.0182773 0.00927276 0.00976169 0.0097047 0.00931786 0.00869688 0.00966765 0.00881481 0.00835071 0.00838217 0.00837009 0.00851491 0.00842024 0.00834401 0.00832401 0.00831185 0.00850754 0.00874969 0.00837358 0.0085327 0.00815858 0.00813526 0.00825547 0.00813361 0.00807503 0.00807423 0.0082233 0.0080693 0.00820038 0.00816803 0.00814761 0.00814665 0.00817306 0.00824328 0.00819641 0.00825234 0.00820307 0.00822152 0.00814029 0.00817215 0.00827536 0.00807337 0.00819343 0.00816062 0.00816351 0.00824178 0.0083229 0.00827213 0.0082932 0.00836727 0.00827698 0.00851075 0.0083856 0.0083292 0.00830269 0.00837347 0.0084223 0.00836436 0.00835524 0.00838745 0.00835816 
0.0156187 0.00935325 0.0104607 0.00893297 0.0136143 0.0113853 0.0159529 0.00990396 0.0118537 0.0102388 0.0101747 0.016543 0.0155464 0.00392327 0.873317 0 0.00514526 0.0057906 0.0209322 0.00766304 0.0066686 0.0071622 0.00923968 0.00781847 0.0157574 0.00801918 0.014461 0.0119096 0.00857046 0.0127556 0.0163835 0.012473 0.0101102 0.013774 0.0125353 0.0157105 0.0101606 0.0129991 0.013282 0.0149599 0.0095804 0.0089516 0.00943172 0.00878745 0.00874932 0.00966188 0.00851055 0.00828696 0.00823105 0.00825055 0.00822425 0.00823596 0.00823569 0.00817054 0.00825835 0.00812283 0.00857667 0.00869759 0.00850193 0.00807374 0.00810052 0.00811144 0.00815728 0.00809105 0.00804638 0.00807389 0.00806538 0.00808772 0.00813851 0.0080637 0.00819176 0.00805842 0.0081702 0.008134 0.00812407 0.00817372 0.00812478 0.00815165 0.00805909 0.00834823 0.00808546 0.00805449 0.00825383 0.00810048 0.00813924 0.00808506 0.00824928 0.00813735 0.00815668 0.00821683 0.00824187 0.00837312 0.00816971 0.00825799 0.00830404 0.00831325 0.00830252 0.00828919 0.00828837 0.00829921 
0.0100692 0.0111239 0.00847259 0.0101809 0.00891822 0.0125159 0.0102873 0.0117134 0.00891557 0.00923158 0.0109977 0.0103992 0.01785 0.868998 0.0046176 0.00514526 0 0.022489 0.0109766 0.00516418 0.00544544 0.00999979 0.00739062 0.0156074 0.00927777 0.0186293 0.00977584 0.0081332 0.00962049 0.00926336 0.0118009 0.0112254 0.00992208 0.00943724 0.0123628 0.0115846 0.00987241 0.00932314 0.00994415 0.00934539 0.0104365 0.00909555 0.00893556 0.00894488 0.00829368 0.00852873 0.00843984 0.00805963 0.00803505 0.00805266 0.00813113 0.0081027 0.00809027 0.0081731 0.0080411 0.00819998 0.00823371 0.00920075 0.00832076 0.00809775 0.00809767 0.00802546 0.00819178 0.00820585 0.00804902 0.00804305 0.00803686 0.0080911 0.00805667 0.00805876 0.00805772 0.00829213 0.00811831 0.00803179 0.00810508 0.00806871 0.00811304 0.00808426 0.00813871 0.00809648 0.00840748 0.00834661 0.00804631 0.0081113 0.00815398 0.00823991 0.0082198 0.00811785 0.00828626 0.00828484 0.00834444 0.00820152 0.00828023 0.0082642 0.00824859 0.00831141 0.00825411 0.00828652 0.00822569 0.00827494 
0.042284 0.00895691 0.033385 0.00911911 0.0128083 0.0120094 0.0505745 0.00920048 0.0216495 0.01517 0.0126839 0.0157451 0.0271617 0.0097904 0.00920132 0.0057906 0.022489 0 0.00373759 0.00418572 0.00463236 0.00441867 0.00685082 0.0133558 0.913287 0.00992232 0.00764919 0.0235672 0.00818036 0.0220656 0.0531824 0.0411488 0.0124197 0.0150246 0.0183399 0.022082 0.0207705 0.0254631 0.00997642 0.0369208 0.0107351 0.0111633 0.00979736 0.0114915 0.00874322 0.0123105 0.00975176 0.0084456 0.00834718 0.00872132 0.00826194 0.00840972 0.00839688 0.00821071 0.00891583 0.0082983 0.00990923 0.00924745 0.00977961 0.00824085 0.00817314 0.00828808 0.00838034 0.00970342 0.00807685 0.00828177 0.00819353 0.0081726 0.00880866 0.00818475 0.00865061 0.00825932 0.00875144 0.00849673 0.00828274 0.00884635 0.00832413 0.00889496 0.00818961 0.0101165 0.00845591 0.00842674 0.00843902 0.00832023 0.00904938 0.008501 0.00834454 0.00851517 0.00840115 0.00902581 0.00854152 0.00965313 0.00889747 0.00863857 0.00836393 0.00874474 0.00836609 0.00839661 0.00858619 0.00917966 
0.00870394 0.0385146 0.00915364 0.0400622 0.00895182 0.0091606 0.00889636 0.0473405 0.00961251 0.0170222 0.0252648 0.0121676 0.0136637 0.00764026 0.0110042 0.0209322 0.0109766 0.00373759 0 0.00375524 0.0037722 0.00429516 0.00842837 0.970197 0.0066885 0.00649371 0.0152337 0.0071936 0.0184816 0.0106976 0.0118283 0.010932 0.0244221 0.0106667 0.0112044 0.0098618 0.010515 0.0162598 0.0223494 0.00926397 0.00873658 0.00845019 0.00925377 0.0086142 0.00877488 0.00894525 0.00836239 0.00816494 0.00862468 0.00833132 0.008415 0.00846048 0.00835183 0.00862747 0.00826101 0.00873853 0.00861503 0.00831707 0.00815512 0.00811955 0.00820018 0.00817879 0.00816657 0.00800532 0.00834829 0.00820343 0.00821964 0.00830783 0.0082639 0.00842291 0.00807818 0.00843856 0.00840451 0.0083769 0.00861242 0.00838061 0.00859805 0.00831436 0.00851304 0.00812038 0.00843424 0.00819802 0.00837023 0.00834323 0.00817081 0.00824282 0.00840133 0.00819893 0.0083961 0.00825986 0.00855404 0.00825815 0.00831869 0.00837669 0.00841295 0.00847834 0.00840561 0.00837298 0.00839335 0.00826283 
0.0137072 0.00889627 0.021394 0.00895455 0.0207629 0.00869338 0.0212235 0.00914676 0.0176989 0.00984495 0.0132152 0.0404851 0.00943989 0.00999808 0.00739571 0.00766304 0.00516418 0.00418572 0.00375524 0 0.00387311 0.0052284 0.981628 0.00457022 0.00655387 0.00680602 0.00773362 0.0139549 0.00784388 0.0148989 0.014714 0.0121994 0.0113296 0.0227561 0.00939373 0.00948468 0.00955999 0.0196554 0.0115566 0.0130319 0.00833756 0.00950865 0.00874514 0.00888537 0.00900473 0.00848966 0.00867187 0.00845468 0.00841678 0.0087137 0.00847282 0.00868177 0.00860989 0.00835139 0.00844883 0.00833424 0.00829178 0.00806091 0.00816111 0.00804976 0.00818512 0.00811641 0.0080021 0.00812648 0.00809373 0.0081578 0.00812179 0.00821318 0.00839548 0.00818959 0.00802891 0.00807567 0.00831679 0.00827031 0.00832166 0.00832042 0.00817432 0.00824304 0.00810587 0.00821789 0.00803769 0.00818887 0.00821663 0.00814587 0.00808861 0.00837089 0.00826316 0.00816576 0.00805668 0.00831311 0.00824727 0.00831449 0.00850429 0.00832924 0.00830403 0.0083778 0.00834801 0.00838042 0.00843028 0.00822749 
0.0115312 0.0109319 0.00851831 0.00947525 0.00848712 0.01371 0.0131039 0.0107607 0.00882937 0.00956759 0.00965965 0.00956482 0.0236629 0.0106395 0.00703327 0.0066686 0.00544544 0.00463236 0.0037722 0.00387311 0 0.996486 0.00884952 0.00404665 0.00418099 0.00737574 0.0113178 0.00651274 0.00848108 0.0121877 0.0159267 0.0139907 0.00996974 0.00924347 0.0171691 0.0106139 0.0120776 0.00984095 0.0100731 0.0134325 0.00978387 0.00910102 0.00912805 0.00953567 0.00822752 0.00934698 0.00939975 0.00813403 0.00815066 0.00815953 0.00840366 0.00830091 0.00816893 0.00821152 0.00809129 0.00828622 0.00823845 0.00905437 0.00877057 0.00814054 0.00802654 0.00801576 0.00809158 0.00826013 0.00804618 0.00809822 0.0080418 0.00820141 0.00806743 0.00809852 0.0081066 0.00831368 0.00813873 0.00803887 0.00812565 0.00812529 0.0081296 0.00804738 0.00807964 0.00813622 0.00838233 0.00827811 0.00803927 0.00804325 0.00816168 0.00824153 0.00817794 0.00798267 0.00819856 0.0083498 0.00812088 0.008124 0.00834518 0.0082399 0.0081727 0.00827941 0.00814786 0.0082044 0.00814846 0.00814465 
0.0183573 0.0129218 0.0149791 0.0116543 0.00976315 0.0139595 0.0203453 0.0133905 0.0105481 0.0155318 0.0114065 0.0114278 0.021731 0.00798141 0.00876036 0.0071622 0.00999979 0.00441867 0.00429516 0.0052284 0.996486 0 0.00397071 0.00374845 0.00452623 0.00493327 0.00551677 0.00630555 0.250637 0.0311026 0.0390908 0.0245767 0.0136741 0.0115717 0.0235842 0.0167255 0.0299841 0.016387 0.0125778 0.0188617 0.0115687 0.00939759 0.0114157 0.0116073 0.00860362 0.0138021 0.00881281 0.0082856 0.00862295 0.00848161 0.00831862 0.00835311 0.0084738 0.00844283 0.00833408 0.00867145 0.00965694 0.00927403 0.00929382 0.00822794 0.00811376 0.00818506 0.00888347 0.00815684 0.00802469 0.00815294 0.00816587 0.00814058 0.00827892 0.00843848 0.00819853 0.00831443 0.00831487 0.00824162 0.00836027 0.008329 0.00838797 0.00821446 0.00823223 0.00842741 0.00826978 0.00823442 0.00839382 0.00815767 0.00840701 0.00815162 0.00819944 0.00816844 0.0085061 0.00841027 0.00837606 0.00845072 0.00828683 0.00822861 0.00825363 0.00832678 0.00822161 0.00827258 0.00827892 0.0085176 
0.0154675 0.0174579 0.0383547 0.026503 0.0175006 0.00969178 0.0165817 0.017089 0.0391639 0.0188321 0.0338067 0.0281785 0.0127521 0.0141074 0.00845807 0.00923968 0.00739062 0.00685082 0.00842837 0.981628 0.00884952 0.00397071 0 0.00782685 0.00384771 0.00411454 0.00642928 0.729199 0.0259321 0.0444712 0.00804827 0.0271402 0.0349498 0.0352665 0.0130063 0.0103099 0.0166183 0.130075 0.0288624 0.0194606 0.00872586 0.0125526 0.0104533 0.01148 0.01269 0.0100908 0.0102853 0.0106556 0.0103241 0.0100502 0.00938669 0.00994448 0.0100616 0.00927638 0.0101013 0.00950887 0.0091834 0.00813621 0.00850283 0.00843835 0.00864252 0.00868111 0.0083113 0.00840887 0.00853761 0.00878018 0.00869471 0.00876835 0.00890937 0.00899129 0.00838315 0.00839073 0.00891845 0.00895119 0.00876133 0.00902475 0.00874915 0.00877392 0.00864395 0.00834016 0.00805067 0.00831544 0.00853174 0.00847491 0.00824562 0.00827427 0.0084516 0.00839228 0.00848912 0.00851328 0.00864435 0.00846262 0.00835453 0.00843697 0.00871617 0.00869913 0.00855186 0.00867994 0.00870087 0.00844799 
0.0106557 0.0374865 0.0126232 0.0364057 0.0237756 0.0162566 0.0104301 0.0284227 0.0122868 0.0255286 0.0390771 0.0429246 0.0207201 0.0118138 0.0139351 0.00781847 0.0156074 0.0133558 0.970197 0.00457022 0.00404665 0.00374845 0.00782685 0 0.00378952 0.0044459 0.995733 0.00753929 0.0146164 0.00700789 0.010072 0.0120384 0.0461065 0.0437268 0.0263311 0.0100594 0.0119306 0.0268495 0.121225 0.020271 0.00952185 0.0100104 0.0127312 0.010461 0.0134212 0.0117816 0.0101103 0.01008 0.0116612 0.0103189 0.0108802 0.0105388 0.0105593 0.0105686 0.00946542 0.010932 0.00894816 0.00834378 0.00833013 0.00848064 0.00867842 0.00853167 0.00837805 0.00833818 0.00867985 0.00880469 0.00864735 0.00932216 0.00887228 0.00881109 0.00820185 0.00863349 0.00881609 0.00893106 0.00938161 0.0091252 0.00885133 0.00863437 0.00850309 0.00818428 0.00812715 0.00851026 0.00851747 0.0083741 0.00818163 0.00841581 0.00848557 0.00834885 0.00836057 0.00841877 0.00872161 0.00832235 0.00839393 0.00837834 0.00872446 0.00876868 0.00866837 0.00868629 0.00850061 0.00840798 
0.0388882 0.0102159 0.0137011 0.0100669 0.0181963 0.0153009 0.0464269 0.00973798 0.0145365 0.012495 0.0139364 0.0208349 0.0305017 0.0228591 0.00948367 0.0157574 0.00927777 0.913287 0.0066885 0.00655387 0.00418099 0.00452623 0.00384771 0.00378952 0 0.997685 0.00526589 0.00964164 0.00398581 0.00595054 0.00931394 0.0324966 0.0128536 0.0284682 0.0264896 0.0128689 0.0197776 0.0161618 0.0162418 0.100555 0.0114874 0.014929 0.0118849 0.0159437 0.0104821 0.0143318 0.0131017 0.0096289 0.00919124 0.00949338 0.00944309 0.00971937 0.00937605 0.0089387 0.00913748 0.00882425 0.00960603 0.00945529 0.0099128 0.00896504 0.00832823 0.00857674 0.00833381 0.00915392 0.00813713 0.00843839 0.00834954 0.00847789 0.00855851 0.00812479 0.00832111 0.00862677 0.00844491 0.00840824 0.00843176 0.00868836 0.00839087 0.00836464 0.00810185 0.00854271 0.00850038 0.00882069 0.00820354 0.00818409 0.00831726 0.00860057 0.00829959 0.00821662 0.00822895 0.0089196 0.00846198 0.00847931 0.00877863 0.00840713 0.00841522 0.00855139 0.00850617 0.00849202 0.0083294 0.00841529 
0.0105957 0.00894441 0.00923544 0.00846862 0.00899857 0.010535 0.0135408 0.0109151 0.00934027 0.0092541 0.00964862 0.00988091 0.0154542 0.00838718 0.00860273 0.00801918 0.0186293 0.00992232 0.00649371 0.00680602 0.00737574 0.00493327 0.00411454 0.0044459 0.997685 0 0.00693089 0.00374764 0.00376456 0.00396998 0.00598142 0.0164536 0.00944659 0.0120514 0.0192964 0.0206102 0.0132988 0.0121797 0.00994924 0.015311 0.0109179 0.00887399 0.0105251 0.00900129 0.00834239 0.0117885 0.00829543 0.00811266 0.00813077 0.00816713 0.00809045 0.00824549 0.00809766 0.00809084 0.00811496 0.00813813 0.00897884 0.0100762 0.00871974 0.00803751 0.00800115 0.00800227 0.00849769 0.0081275 0.0079246 0.00799175 0.00805542 0.00800385 0.00809101 0.00811865 0.00824444 0.00811692 0.00806869 0.00804117 0.00813282 0.00810802 0.00809084 0.00815986 0.00808831 0.00875649 0.00838596 0.00817237 0.00830731 0.00815587 0.0085512 0.00808051 0.00819846 0.00809054 0.00839883 0.0081593 0.00834079 0.0084177 0.00812037 0.00817348 0.00821982 0.00825881 0.00813746 0.00825805 0.00823596 0.00844921 
0.00872379 0.033113 0.00871154 0.0243399 0.00915561 0.00936692 0.00952978 0.0294822 0.013836 0.0136914 0.0131244 0.0104057 0.0107091 0.00941049 0.00894478 0.014461 0.00977584 0.00764919 0.0152337 0.00773362 0.0113178 0.00551677 0.00642928 0.995733 0.00526589 0.00693089 0 0.00371137 0.00374175 0.00379213 0.00406795 0.0160988 0.0300939 0.0112867 0.0168436 0.010631 0.01335 0.0262008 0.0188991 0.00997308 0.00944043 0.00947011 0.00978578 0.00946669 0.009255 0.00932555 0.00863385 0.00840486 0.008763 0.00843026 0.00916445 0.00856414 0.00890698 0.00879487 0.00838641 0.00931213 0.00841956 0.00851517 0.00824841 0.00829755 0.00824077 0.00828047 0.0083871 0.00807008 0.00835098 0.00823108 0.00823146 0.00841119 0.0083483 0.00855455 0.00813753 0.00845731 0.00838798 0.0083885 0.00855388 0.00836528 0.00870104 0.00832199 0.00876812 0.00813954 0.00829864 0.00821738 0.00828519 0.00833619 0.00819881 0.00823927 0.00833271 0.00827783 0.00845132 0.00826721 0.00839875 0.00828853 0.00853595 0.00842708 0.00856152 0.00856899 0.00835856 0.00840123 0.0083701 0.0082867 
0.021986 0.00900051 0.11148 0.01134 0.0167523 0.00902152 0.0264101 0.00933165 0.0754951 0.0326356 0.0264476 0.0182535 0.0100497 0.0144494 0.00886542 0.0119096 0.0081332 0.0235672 0.0071936 0.0139549 0.00651274 0.00630555 0.729199 0.00753929 0.00964164 0.00374764 0.00371137 0 0.00370427 0.00379741 0.0038036 0.0640542 0.0241096 0.0425486 0.0104422 0.00979118 0.0159542 0.0557902 0.0150778 0.0187754 0.00884016 0.0133978 0.0094638 0.0127309 0.0101188 0.00999642 0.00948519 0.0102693 0.0105887 0.0134226 0.0105035 0.0114353 0.0113624 0.00976467 0.0146675 0.00892587 0.00879591 0.00809818 0.0085485 0.00864039 0.00838466 0.00892057 0.00821954 0.0089194 0.00825307 0.00903918 0.00853012 0.00859971 0.0093999 0.00858277 0.00831655 0.00834658 0.00905087 0.009072 0.00885462 0.0104268 0.00865817 0.00963299 0.00838407 0.00874782 0.00802579 0.00828875 0.0085477 0.00846073 0.00822221 0.00838633 0.00849823 0.00845994 0.00826315 0.00859674 0.00842842 0.00863621 0.0084612 0.00855663 0.00868918 0.00888428 0.00862743 0.00865378 0.00884059 0.00861764 
0.00915103 0.0611114 0.0119838 0.0981178 0.0107542 0.0113176 0.00907929 0.0688455 0.0138567 0.0470318 0.118895 0.0143576 0.0117516 0.00932657 0.00936853 0.00857046 0.00962049 0.00818036 0.0184816 0.00784388 0.00848108 0.250637 0.0259321 0.0146164 0.00398581 0.00376456 0.00374175 0.00370427 0 0.00369463 0.00379656 0.0241821 0.104096 0.0201862 0.0176579 0.00942193 0.0147874 0.0242712 0.0570031 0.0134717 0.00887673 0.00897687 0.0102385 0.0105318 0.0100087 0.0120414 0.00977843 0.0104895 0.0193655 0.0129209 0.0145888 0.0116417 0.0114972 0.0146246 0.0102077 0.0114142 0.00895494 0.00870319 0.00824647 0.00864062 0.00890345 0.00864297 0.00860897 0.00837711 0.0086648 0.00902442 0.00885851 0.00958665 0.00899482 0.00966654 0.0082104 0.00909193 0.00889589 0.00908708 0.0100541 0.00994415 0.0106654 0.00876568 0.0089901 0.00812948 0.00823664 0.00834762 0.00863887 0.00850931 0.00814523 0.00836995 0.008552 0.00834623 0.00834448 0.00844905 0.00865747 0.00828588 0.00855344 0.00845332 0.00891718 0.00873762 0.00872741 0.00884325 0.00857165 0.00835456 
0.0167534 0.0101653 0.0318415 0.0107616 0.0676291 0.0100524 0.0223577 0.0106214 0.0292285 0.019414 0.0235791 0.155078 0.0151995 0.0255531 0.0109277 0.0127556 0.00926336 0.0220656 0.0106976 0.0148989 0.0121877 0.0311026 0.0444712 0.00700789 0.00595054 0.00396998 0.00379213 0.00379741 0.00369463 0 0.00373379 0.0347738 0.0439834 0.207243 0.0248903 0.011639 0.0138058 0.0505014 0.0520781 0.0445164 0.00947744 0.0144447 0.0109682 0.0121413 0.018791 0.0116172 0.00996707 0.0117532 0.0111124 0.0118069 0.010309 0.0112246 0.0108157 0.00960728 0.011276 0.0096031 0.00969355 0.00833267 0.00861058 0.00849428 0.00868794 0.00867881 0.00820808 0.00870928 0.00847134 0.0088478 0.00842622 0.00887223 0.00885112 0.00853589 0.00826501 0.00846104 0.00897788 0.0088195 0.00905279 0.00925677 0.00880979 0.00887823 0.00838267 0.00840159 0.0080486 0.00844221 0.00861511 0.00839539 0.00810942 0.00839739 0.00843659 0.00834347 0.00813297 0.00852369 0.00854374 0.00828886 0.00850476 0.00840639 0.00858428 0.00862397 0.00857135 0.00861632 0.00858238 0.00833963 
0.0167922 0.0124853 0.00944303 0.0116532 0.00928357 0.0181347 0.020351 0.0122558 0.0104826 0.0113654 0.0131731 0.0120999 0.0475421 0.0198068 0.0149193 0.0163835 0.0118009 0.0531824 0.0118283 0.014714 0.0159267 0.0390908 0.00804827 0.010072 0.00931394 0.00598142 0.00406795 0.0038036 0.00379656 0.00373379 0 0.0207659 0.0285575 0.0345807 0.141046 0.0185543 0.0192444 0.0132143 0.0147592 0.0312811 0.0134463 0.014207 0.0126623 0.0154145 0.00927405 0.0152587 0.012507 0.00895002 0.00904154 0.0089638 0.00924628 0.00934655 0.0088323 0.00881702 0.00868701 0.00889739 0.00931562 0.0101277 0.0100327 0.00876188 0.00828112 0.00838545 0.00854772 0.00885366 0.00815722 0.00825924 0.00822872 0.0084735 0.00834098 0.00825032 0.00820264 0.00899255 0.00836077 0.00840166 0.00841261 0.00850591 0.00847685 0.0083291 0.00819071 0.00824622 0.00878362 0.00884019 0.00821234 0.00814514 0.00823894 0.00861997 0.00822273 0.0081859 0.00819132 0.00898421 0.00828666 0.00824967 0.00872791 0.00825631 0.00835246 0.00840809 0.0083057 0.00835218 0.00825242 0.00822816 
0.0210159 0.0139438 0.0348467 0.0110388 0.0127269 0.011957 0.0356151 0.0165559 0.0259187 0.0426676 0.0182649 0.0151836 0.0204857 0.0150137 0.0118903 0.012473 0.0112254 0.0411488 0.010932 0.0121994 0.0139907 0.0245767 0.0271402 0.0120384 0.0324966 0.0164536 0.0160988 0.0640542 0.0241821 0.0347738 0.0207659 0 0.00379557 0.00376299 0.00440047 0.0153478 0.490348 0.0738223 0.0218628 0.0525425 0.0162533 0.0205709 0.0243804 0.0381012 0.0146615 0.024427 0.0180595 0.0136245 0.0132319 0.0128883 0.0100236 0.0113614 0.0115229 0.0106843 0.0144194 0.0100372 0.0150634 0.0116282 0.0120392 0.00967686 0.0088162 0.00918386 0.0100053 0.00997314 0.00833332 0.00884159 0.00903099 0.00880884 0.0098145 0.00947678 0.00950466 0.00986896 0.00994488 0.00954872 0.00953139 0.0102206 0.00926799 0.00973812 0.00879966 0.00959025 0.00850818 0.00852681 0.00875335 0.00841102 0.00848408 0.00865324 0.00846382 0.0085616 0.00883107 0.00909876 0.00861643 0.00888984 0.00878997 0.00844756 0.0088157 0.00917939 0.00860498 0.00870884 0.0085434 0.00903195 
0.00997495 0.0277761 0.0144285 0.0566172 0.0131635 0.0104842 0.011547 0.0320608 0.0220756 0.0419171 0.0950697 0.0233268 0.0123871 0.0131863 0.0101206 0.0101102 0.00992208 0.0124197 0.0244221 0.0113296 0.00996974 0.0136741 0.0349498 0.0461065 0.0128536 0.00944659 0.0300939 0.0241096 0.104096 0.0439834 0.0285575 0.00379557 0 0.00382888 0.00374942 0.00571162 0.0440535 0.68001 0.0701196 0.0229009 0.0104173 0.0177752 0.0145161 0.0225734 0.0346572 0.0152065 0.0111284 0.0142474 0.0206768 0.01602 0.0165588 0.0144788 0.0154136 0.0172302 0.0130969 0.018904 0.0100516 0.00867357 0.00869893 0.00894073 0.00907532 0.00916915 0.0088611 0.00858112 0.00884699 0.00932143 0.00906289 0.00957391 0.00945239 0.00981377 0.00845956 0.00905254 0.00950384 0.00987928 0.0106379 0.0102862 0.0107934 0.00935467 0.00920444 0.00834358 0.00806091 0.00841593 0.0088015 0.00872549 0.00841522 0.0083754 0.00862788 0.00861178 0.00860859 0.00839665 0.00888891 0.00854277 0.00842328 0.00852088 0.0090296 0.00903101 0.00881197 0.00899628 0.00876861 0.00841844 
0.0123373 0.0123423 0.0276115 0.0136391 0.075213 0.0119797 0.0129481 0.0116909 0.0314921 0.0260705 0.0379019 0.127883 0.0147556 0.0187334 0.013299 0.013774 0.00943724 0.0150246 0.0106667 0.0227561 0.00924347 0.0115717 0.0352665 0.0437268 0.0284682 0.0120514 0.0112867 0.0425486 0.0201862 0.207243 0.0345807 0.00376299 0.00382888 0 0.0037567 0.00516884 0.0278948 0.0670914 0.650092 0.0707654 0.0109785 0.0147953 0.0174826 0.0163197 0.0503862 0.0247153 0.0124674 0.0177166 0.018993 0.0207229 0.0182471 0.0176945 0.0178537 0.0153341 0.029561 0.0186904 0.0149299 0.00881311 0.00895752 0.00972712 0.00972421 0.00989462 0.00851887 0.0090366 0.0091297 0.0105167 0.00982001 0.011454 0.0101031 0.00999387 0.0087024 0.00921489 0.0106617 0.0103962 0.0107459 0.0117504 0.00993393 0.0102459 0.0087243 0.008591 0.00802602 0.00870054 0.00911407 0.00881277 0.00822981 0.00850601 0.00864824 0.00861471 0.00825753 0.0089046 0.00881417 0.00833657 0.00854138 0.0085369 0.00891855 0.00927237 0.00891586 0.00898869 0.00875496 0.00846971 
0.0120765 0.0119503 0.00960521 0.0115411 0.0102466 0.0284087 0.0150316 0.0132435 0.0107986 0.0134296 0.0163977 0.0148734 0.0461305 0.0148051 0.0193475 0.0125353 0.0123628 0.0183399 0.0112044 0.00939373 0.0171691 0.0235842 0.0130063 0.0263311 0.0264896 0.0192964 0.0168436 0.0104422 0.0176579 0.0248903 0.141046 0.00440047 0.00374942 0.0037567 0 0.0115573 0.0224104 0.0261554 0.0507024 0.535147 0.0155107 0.0175602 0.03032 0.0215493 0.0137558 0.0661724 0.0202474 0.0117015 0.0109589 0.0115671 0.011118 0.0124161 0.0103271 0.0122775 0.00960981 0.0113574 0.0135215 0.0125283 0.0110216 0.0109758 0.0086627 0.00875613 0.00988284 0.00963363 0.00915959 0.0102228 0.0100941 0.00961133 0.00866334 0.0086714 0.00842855 0.0105725 0.0089163 0.00873146 0.00936285 0.00900159 0.00924053 0.00867841 0.00867623 0.00855897 0.00921989 0.00951774 0.00848243 0.00839916 0.0083604 0.0089781 0.00850167 0.00827485 0.0086648 0.00904318 0.00849469 0.00836257 0.00873174 0.00830011 0.00856264 0.00864543 0.00856809 0.00854078 0.00819088 0.00846792 
0.0105609 0.00850408 0.00814804 0.00820549 0.00825024 0.00909677 0.0136658 0.00903473 0.0085202 0.00849409 0.00863783 0.00896731 0.0106612 0.0203333 0.0111226 0.0157105 0.0115846 0.022082 0.0098618 0.00948468 0.0106139 0.0167255 0.0103099 0.0100594 0.0128689 0.0206102 0.010631 0.00979118 0.00942193 0.011639 0.0185543 0.0153478 0.00571162 0.00516884 0.0115573 0 0.0391268 0.00954734 0.00955169 0.0126603 0.182691 0.0164807 0.0230624 0.0171567 0.0112518 0.0133294 0.013495 0.00871542 0.00836818 0.00825701 0.00849456 0.00848957 0.00852501 0.00838267 0.00843058 0.00848066 0.00989074 0.0344041 0.0177238 0.00919472 0.00826262 0.0082648 0.00932551 0.00952164 0.00805305 0.00800599 0.00803087 0.00815861 0.00814165 0.00820853 0.00830038 0.00955102 0.00815026 0.0080855 0.00811785 0.00804597 0.00810551 0.00808554 0.00836603 0.00895271 0.0109179 0.00853437 0.00809709 0.00812167 0.00858348 0.00855296 0.00811763 0.00812926 0.0087486 0.00885663 0.00810299 0.00826996 0.00853335 0.00809742 0.00807779 0.00807333 0.00799374 0.00806494 0.00809508 0.00835787 
