1DE0B
AMRQCAIYGKGGIGKSTTTQNLVAALAEMGKKVMIVGCDPKADSTRLILHSKAQNTIMEMAAEAGTVEDLELEDVLKAGYGGVKCVESGGPEPGVGCAGRGVITAINFLEEEGAYEDDLDFVFYDVLGDVVCGGWAMPIRENKAQEIYIVCSGEMMAMYAANNISKGIVKYANSGSVRLGGLICNSRNTDREDELIIALANKLGTQMIHFVPRDNVVQRAEIRRMTVIEYDPKAKQADEYRALARKVVDNKLLVIPNPITMDELEELLMEFGIMEVEDESIVGKTAEEV
CCEEEEEEECCCCCHHHHHHHHHHHHHHCCCCEEEEECCCCCCCCHHHHCCCCCCCHHHHHHHHCCHHHCCHHHHCEECHHHCEEEECCCCCCCCCCHHHHHHHHHHHHHHCCCCCCCCCEEEEEEECCCCCCCCCHHHHCCCCCEEEEEECCCHHHHHHHHHHHHHHHHCCCCCCCEEEEEEEECCCCCCHHHHHHHHHHHHCCCEEEEECCCHHHHHHHCCCCCHHHHCCCCHHHHHHHHHHHHHHHCCCCECCCCCCHHHHHHHHHHCCCCCCCCHHHCCCCCCCC
0 0 0 0 0 0 0 0 0 0 0 0 0 0 0 0 0 0 0 0 0 0 0 0 0 0 0 0 0 0 0 0 0 0 0 0 0 0 0 0 0 0 0 0 0 0 0 0 0 0 0 0 0 0 0 0 0 0 0 0 0 0 0 0 0 0 0 0 0 0 0 0 0 0 0 0 0 0 0 0 0 0 0 0 0 0 0 0 0 0 0 0 0 0 0 0 0 0 0 0 0 0 0 0 0 0 0 0 0 0 0 0 0 0 0 0 0 0 0 0 0 0 0 0 0 0 0 0 0 0 0 0 0 0 0 0 0 0 0 0 0 0 0 0 0 0 0 0 0 0 0 0 0 0 0 0 0 0 0 0 0 0 0 0 0 0 0 0 0 0 0 0 0 0 0 0 0 0 0 0 0 0 0 0 0 0 0 0 0 0 0 0 0 0 0 0 0 0 0 0 0 0 0 0 0 0 0 0 0 0 0 0 0 0 0 0 0 0 0 0 0 0 0 0 0 0 0 0 0 0 0 0 0 0 0 0 0 0 0 0 0 0 0 0 0 0 0 0 0 0 0 0 0 0 0 0 0 0 0 0 0 0 0 0 0 0 0 0 0 0 0 0 0 0 0 0 0 0 0 0 0 0 0 0 0 0 0 0 0 
0 0 0 0 0 0 0 0 0 0 0 0 0 0 0 0 0 0 0 0 0 0 0 0 0 0 0 0 0 0 0 0 0 0 0 0 0 0 0 0 0 0 0 0 0 0 0 0 0 0 0 0 0 0 0 0 0 0 0 0 0 0 0 0 0 0 0 0 0 0 0 0 0 0 0 0 0 0 0 0 0 0 0 0 0 0 0 0 0 0 0 0 0 0 0 0 0 0 0 0 0 0 0 0 0 0 0 0 0 0 0 0 0 0 0 0 0 0 0 0 0 0 0 0 0 0 0 0 0 0 0 0 0 0 0 0 0 0 0 0 0 0 0 0 0 0 0 0 0 0 0 0 0 0 0 0 0 0 0 0 0 0 0 0 0 0 0 0 0 0 0 0 0 0 0 0 0 0 0 0 0 0 0 0 0 0 0 0 0 0 0 0 0 0 0 0 0 0 0 0 0 0 0 0 0 0 0 0 0 0 0 0 0 0 0 0 0 0 0 0 0 0 0 0 0 0 0 0 0 0 0 0 0 0 0 0 0 0 0 0 0 0 0 0 0 0 0 0 0 0 0 0 0 0 0 0 0 0 0 0 0 0 0 0 0 0 0 0 0 0 0 0 0 0 0 0 0 0 0 0 0 0 0 0 0 0 0 0 0 
0 0.00378324 0.00378482 0.00379841 0.00381236 0.00387452 0.00699307 0.174354 0.0169548 0.0155327 0.0111892 0.0256321 0.0095355 0.0106873 0.00969851 0.00997342 0.00946823 0.0125183 0.0103857 0.00872732 0.00891606 0.00890991 0.00885549 0.00876925 0.00985999 0.00848264 0.00857126 0.00874173 0.00947901 0.00856435 0.00962983 0.00842314 0.00823666 0.00831761 0.00834417 0.00834069 0.00842593 0.00822846 0.00846186 0.00814711 0.00830324 0.00831358 0.00826474 0.00821018 0.00891465 
0.00378324 0 0.00377189 0.00370754 0.00372912 0.00384574 0.00384906 0.065722 0.206489 0.0249541 0.0640481 0.0122908 0.00966786 0.00862822 0.00956733 0.0149717 0.0153668 0.00942092 0.009524 0.0112444 0.0105933 0.0104918 0.0104117 0.0101988 0.00874505 0.0085294 0.00897588 0.0108316 0.010251 0.00970317 0.00851061 0.00822636 0.00875442 0.00873159 0.00915273 0.00890622 0.00881895 0.00864742 0.00819979 0.00825726 0.00843552 0.00853727 0.00852696 0.00821004 0.00825725 
0.00378482 0.00377189 0 0.00371049 0.00377717 0.00371821 0.00383275 0.127096 0.0515723 0.279273 0.0277237 0.0185135 0.00876591 0.00867054 0.0101739 0.026648 0.0158806 0.0106505 0.0118135 0.0122839 0.0203571 0.0169905 0.0157534 0.014825 0.0102233 0.00884036 0.0116616 0.0140569 0.0178695 0.0107789 0.00947554 0.00846278 0.00946329 0.0095226 0.0101648 0.00992447 0.00996138 0.00892165 0.00835224 0.00864581 0.00865173 0.00895135 0.00856965 0.00815821 0.00838518 
0.00379841 0.00370754 0.00371049 0 0.00369976 0.00369963 0.00371849 0.0520025 0.242057 0.0947479 0.0811458 0.0205091 0.00896409 0.00854134 0.0119256 0.019664 0.0188743 0.0118138 0.00969863 0.0190256 0.0187894 0.0215646 0.0179426 0.0167989 0.00972024 0.00923837 0.0107499 0.0185112 0.0169753 0.0115142 0.00931061 0.00854372 0.00963675 0.0098957 0.00992349 0.0101968 0.0101284 0.00914146 0.00840856 0.00840959 0.00869893 0.00881991 0.00854123 0.00822863 0.00828799 
0.00381236 0.00372912 0.00377717 0.00369976 0 0.00371086 0.00370431 0.0467379 0.0792008 0.305116 0.0813593 0.0332294 0.00866831 0.00872998 0.00980678 0.021659 0.0238166 0.0113219 0.0109192 0.0123674 0.0231946 0.0180949 0.0165374 0.0138263 0.0099887 0.00865721 0.0115561 0.0151175 0.0178734 0.0111329 0.0103563 0.00838343 0.00944001 0.00994502 0.0100709 0.010328 0.01006 0.0092465 0.00837114 0.00853551 0.0085315 0.00897416 0.00858537 0.00818183 0.00835966 
0.00387452 0.00384574 0.00371821 0.00369963 0.00371086 0 0.00373188 0.0241037 0.0415307 0.114313 0.236108 0.0511229 0.0096 0.00929253 0.0101442 0.0165663 0.0208227 0.0127813 0.00954594 0.0125551 0.0124754 0.0113123 0.0106555 0.0113784 0.00995538 0.00905224 0.00969975 0.0110357 0.0115794 0.0110688 0.00897265 0.00848412 0.00880299 0.00889425 0.00911332 0.00904632 0.00913118 0.00890525 0.00820863 0.00833749 0.00841228 0.00848416 0.00855527 0.0080545 0.00832377 
0.00699307 0.00384906 0.00383275 0.00371849 0.00370431 0.00373188 0 0.0235898 0.0167799 0.029686 0.086389 0.254382 0.0124264 0.0101454 0.0139863 0.0100377 0.0109027 0.0124248 0.0114762 0.00950947 0.00928477 0.00932236 0.0089403 0.00875852 0.0104373 0.00974651 0.009091 0.00888869 0.00938705 0.00869249 0.0090647 0.00906615 0.00834141 0.00823498 0.00852561 0.00846277 0.00840712 0.00825398 0.00833296 0.00852063 0.00831863 0.00836925 0.00814885 0.00817759 0.00901522 
0.174354 0.065722 0.127096 0.0520025 0.0467379 0.0241037 0.0235898 0 0.00414308 0.0037774 0.00372921 0.00404406 0.0351922 0.0260152 0.0205703 0.0162663 0.0113218 0.0165478 0.0296517 0.0105623 0.0101177 0.0107377 0.00954393 0.0104651 0.0122575 0.00995325 0.0110824 0.0102205 0.0104137 0.0101308 0.0104524 0.00912428 0.00872765 0.00873414 0.00874251 0.00890777 0.00867277 0.00890718 0.00863465 0.00900915 0.00856205 0.00851264 0.0083683 0.0085165 0.00938554 
0.0169548 0.206489 0.0515723 0.242057 0.0792008 0.0415307 0.0167799 0.00414308 0 0.00373551 0.00370576 0.00406311 0.0216923 0.0124478 0.0493538 0.0610124 0.0269151 0.0142776 0.0156797 0.04526 0.0229524 0.02038 0.0213158 0.0168407 0.0112067 0.0101271 0.0148618 0.0212595 0.0227094 0.0140829 0.00995832 0.00888877 0.00983906 0.00986255 0.0108067 0.010288 0.00963928 0.00947945 0.00884821 0.00858499 0.00869786 0.00889676 0.0087572 0.00821307 0.00832309 
0.0155327 0.0249541 0.279273 0.0947479 0.305116 0.114313 0.029686 0.0037774 0.00373551 0 0.00372817 0.00373061 0.0143227 0.0105373 0.0149137 0.130515 0.053011 0.018028 0.0158335 0.0291286 0.0852705 0.0455373 0.0580675 0.0308267 0.0151702 0.0102541 0.0171073 0.0406988 0.0517319 0.0262457 0.0108467 0.0090095 0.0104387 0.0133267 0.0138611 0.0142475 0.014457 0.0109752 0.00897079 0.00862966 0.00912551 0.0103061 0.00937565 0.00823151 0.00838994 
0.0111892 0.0640481 0.0277237 0.0811458 0.0813593 0.236108 0.086389 0.00372921 0.00370576 0.00372817 0 0.00378505 0.0211298 0.0197556 0.0135329 0.0496672 0.250659 0.0432633 0.0116797 0.0227157 0.0226566 0.0268263 0.0182385 0.054279 0.0155151 0.010111 0.0153719 0.0170848 0.027558 0.0232031 0.0138035 0.00897911 0.0104431 0.00979012 0.0109398 0.010851 0.0105662 0.0101284 0.00863585 0.00839318 0.00867679 0.00889207 0.00881307 0.00817197 0.00826829 
0.0256321 0.0122908 0.0185135 0.0205091 0.0332294 0.0511229 0.254382 0.00404406 0.00406311 0.00373061 0.00378505 0 0.0262403 0.0224614 0.026373 0.0148371 0.0713053 0.209647 0.0158226 0.0124314 0.0132668 0.0131208 0.0121317 0.0141286 0.0316463 0.0115061 0.0102049 0.0119493 0.0121708 0.0137616 0.019152 0.0105674 0.00886585 0.0114574 0.0100134 0.00945305 0.00907644 0.00895455 0.0104351 0.00863036 0.00836515 0.00867074 0.00819946 0.00835877 0.0085802 
0.0095355 0.00966786 0.00876591 0.00896409 0.00866831 0.0096 0.0124264 0.0351922 0.0216923 0.0143227 0.0211298 0.0262403 0 0.0177895 0.00674399 0.619337 0.0113356 0.0229815 0.0109748 0.00971312 0.00931749 0.00902485 0.00941351 0.00971415 0.0139728 0.00952514 0.00872105 0.00915957 0.0092912 0.00995 0.0111835 0.00942421 0.00822746 0.00837976 0.00838082 0.00834226 0.00831646 0.00886796 0.00952414 0.00840739 0.00815124 0.00821033 0.00835106 0.00816879 0.00926321 
0.0106873 0.00862822 0.00867054 0.00854134 0.00872998 0.00929253 0.0101454 0.0260152 0.0124478 0.0105373 0.0197556 0.0224614 0.0177895 0 0.647781 0.00604307 0.0111355 0.00548129 0.0202664 0.0106345 0.00959344 0.00962004 0.00891568 0.00979608 0.0113725 0.0104348 0.0101381 0.0088582 0.00906378 0.00931287 0.00966937 0.00901464 0.00831097 0.00815379 0.0082595 0.00827639 0.00827183 0.00860999 0.00829796 0.00885177 0.00820468 0.0081941 0.0080938 0.00826375 0.00860493 
0.00969851 0.00956733 0.0101739 0.0119256 0.00980678 0.0101442 0.0139863 0.0205703 0.0493538 0.0149137 0.0135329 0.026373 0.00674399 0.647781 0 0.00374205 0.00369165 0.00429235 0.0742188 0.0141531 0.0131882 0.018217 0.0145514 0.0108427 0.0187218 0.0176246 0.00980173 0.0169884 0.0111414 0.0118528 0.0133084 0.0109798 0.00853786 0.00903974 0.00910469 0.00932657 0.00905424 0.00905986 0.0132963 0.00872801 0.00827672 0.0085724 0.0091613 0.00877137 0.00908618 
0.00997342 0.0149717 0.026648 0.019664 0.021659 0.0165663 0.0100377 0.0162663 0.0610124 0.130515 0.0496672 0.0148371 0.619337 0.00604307 0.00374205 0 0.00395849 0.00370394 0.108301 0.118219 0.0337763 0.0352561 0.0410428 0.034155 0.0134771 0.01213 0.03739 0.0262936 0.0539142 0.025633 0.0124277 0.00975359 0.0141009 0.0124679 0.0155621 0.0149035 0.0138808 0.0129105 0.00904508 0.00928373 0.00952563 0.0109149 0.00950035 0.0083344 0.00813253 
0.00946823 0.0153668 0.0158806 0.0188743 0.0238166 0.0208227 0.0109027 0.0113218 0.0269151 0.053011 0.250659 0.0713053 0.0113356 0.0111355 0.00369165 0.00395849 0 0.0038321 0.0318005 0.0578519 0.0811253 0.0485362 0.0451126 0.108965 0.0265841 0.0133633 0.0204886 0.026545 0.0387284 0.0670559 0.0153513 0.0101658 0.0116863 0.013208 0.0133807 0.0166271 0.0148519 0.0154243 0.00924886 0.00861039 0.00941727 0.00993959 0.00934911 0.00845506 0.00815398 
0.0125183 0.00942092 0.0106505 0.0118138 0.0113219 0.0127813 0.0124248 0.0165478 0.0142776 0.018028 0.0432633 0.209647 0.0229815 0.00548129 0.00429235 0.00370394 0.0038321 0 0.0142264 0.020775 0.0336878 0.0397492 0.0235804 0.0434654 0.164622 0.0179414 0.0123043 0.0163709 0.0150197 0.0200933 0.0336664 0.0134284 0.00979134 0.00996932 0.0105508 0.0108566 0.0106779 0.0110612 0.011981 0.00972917 0.0100292 0.00882256 0.00853326 0.0083719 0.00840408 
0.0103857 0.009524 0.0118135 0.00969863 0.0109192 0.00954594 0.0114762 0.0296517 0.0156797 0.0158335 0.0116797 0.0158226 0.0109748 0.0202664 0.0742188 0.108301 0.0318005 0.0142264 0 0.00429873 0.00375772 0.00378571 0.00374686 0.00395357 0.00604738 0.118444 0.0409704 0.0180896 0.0219394 0.0148101 0.0240133 0.0256109 0.0201657 0.0133896 0.0160834 0.0143475 0.011583 0.0121427 0.0177112 0.0132811 0.0108153 0.0109302 0.00996993 0.011186 0.00990122 
0.00872732 0.0112444 0.0122839 0.0190256 0.0123674 0.0125551 0.00950947 0.0105623 0.04526 0.0291286 0.0227157 0.0124314 0.00971312 0.0106345 0.0141531 0.118219 0.0578519 0.020775 0.00429873 0 0.00372441 0.00370198 0.00372357 0.00376554 0.00391467 0.0531432 0.12921 0.0519474 0.0487159 0.0362082 0.0143655 0.0127903 0.0350862 0.0226627 0.0329334 0.0290662 0.0217333 0.0238634 0.011409 0.0105735 0.0141536 0.0159596 0.0130421 0.00883118 0.00833823 
0.00891606 0.0105933 0.0203571 0.0187894 0.0231946 0.0124754 0.00928477 0.0101177 0.0229524 0.0852705 0.0226566 0.0132668 0.00931749 0.00959344 0.0131882 0.0337763 0.0811253 0.0336878 0.00375772 0.00372441 0 0.00373383 0.00371006 0.00371869 0.00388403 0.0235643 0.0434703 0.126507 0.0808155 0.0560868 0.017398 0.0135596 0.0201581 0.0436644 0.0395872 0.0534983 0.0532499 0.0219949 0.0112454 0.010076 0.0141354 0.0284122 0.0141055 0.0092443 0.00833387 
0.00890991 0.0104918 0.0169905 0.0215646 0.0180949 0.0113123 0.00932236 0.0107377 0.02038 0.0455373 0.0268263 0.0131208 0.00902485 0.00962004 0.018217 0.0352561 0.0485362 0.0397492 0.00378571 0.00370198 0.00373383 0 0.00370521 0.00369188 0.00373134 0.0220046 0.0447867 0.072096 0.147152 0.0270744 0.0266266 0.0113392 0.0284069 0.0244174 0.0557147 0.0615206 0.0400113 0.0208715 0.0109698 0.0104176 0.0140013 0.023459 0.0126545 0.00921474 0.00867275 
0.00885549 0.0104117 0.0157534 0.0179426 0.0165374 0.0106555 0.0089403 0.00954393 0.0213158 0.0580675 0.0182385 0.0121317 0.00941351 0.00891568 0.0145514 0.0410428 0.0451126 0.0235804 0.00374686 0.00372357 0.00371006 0.00370521 0 0.0037139 0.003698 0.0300351 0.026014 0.12772 0.0724435 0.0761259 0.0160278 0.0137213 0.016379 0.0360299 0.0468607 0.0441364 0.0442714 0.0156906 0.010709 0.0100766 0.0145034 0.0312395 0.011828 0.00875183 0.00815451 
0.00876925 0.0101988 0.014825 0.0167989 0.0138263 0.0113784 0.00875852 0.0104651 0.0168407 0.0308267 0.054279 0.0141286 0.00971415 0.00979608 0.0108427 0.034155 0.108965 0.0434654 0.00395357 0.00376554 0.00371869 0.00369188 0.0037139 0 0.00379517 0.0187901 0.0706483 0.0383615 0.0985578 0.122926 0.0416133 0.0116914 0.0274652 0.019987 0.029123 0.0322012 0.0263223 0.0509514 0.011727 0.0107466 0.0140857 0.0183825 0.0149398 0.00886594 0.0082555 
0.00985999 0.00874505 0.0102233 0.00972024 0.0099887 0.00995538 0.0104373 0.0122575 0.0112067 0.0151702 0.0155151 0.0316463 0.0139728 0.0113725 0.0187218 0.0134771 0.0265841 0.164622 0.00604738 0.00391467 0.00388403 0.00373134 0.003698 0.00379517 0 0.0270285 0.0174017 0.0312977 0.0313775 0.125784 0.24947 0.0204495 0.0138253 0.013289 0.0163895 0.0143629 0.013489 0.020504 0.0345494 0.014351 0.00966204 0.0110475 0.0100626 0.0117046 0.00963619 
0.00848264 0.0085294 0.00884036 0.00923837 0.00865721 0.00905224 0.00974651 0.00995325 0.0101271 0.0102541 0.010111 0.0115061 0.00952514 0.0104348 0.0176246 0.01213 0.0133633 0.0179414 0.118444 0.0531432 0.0235643 0.0220046 0.0300351 0.0187901 0.0270285 0 0.00380951 0.00371928 0.00384963 0.00373 0.00475219 0.633534 0.0244144 0.0364912 0.0154289 0.0124358 0.0136804 0.013132 0.0357059 0.0162577 0.011418 0.0114938 0.0127349 0.0113137 0.00951714 
0.00857126 0.00897588 0.0116616 0.0107499 0.0115561 0.00969975 0.009091 0.0110824 0.0148618 0.0171073 0.0153719 0.0102049 0.00872105 0.0101381 0.00980173 0.03739 0.0204886 0.0123043 0.0409704 0.12921 0.0434703 0.0447867 0.026014 0.0706483 0.0174017 0.00380951 0 0.00378213 0.00371979 0.00375276 0.00377927 0.0276233 0.545801 0.0461819 0.0646898 0.0300335 0.0205518 0.0405194 0.0109829 0.014866 0.0201309 0.019345 0.0146946 0.0125739 0.00863602 
0.00874173 0.0108316 0.0140569 0.0185112 0.0151175 0.0110357 0.00888869 0.0102205 0.0212595 0.0406988 0.0170848 0.0119493 0.00915957 0.0088582 0.0169884 0.0262936 0.026545 0.0163709 0.0180896 0.0519474 0.126507 0.072096 0.12772 0.0383615 0.0312977 0.00371928 0.00378213 0 0.00373431 0.00373533 0.00377593 0.111468 0.0243559 0.196518 0.183939 0.11106 0.113406 0.0221887 0.0150298 0.0141468 0.02862 0.0595275 0.0273058 0.00986767 0.00872352 
0.00947901 0.010251 0.0178695 0.0169753 0.0178734 0.0115794 0.00938705 0.0104137 0.0227094 0.0517319 0.027558 0.0121708 0.0092912 0.00906378 0.0111414 0.0539142 0.0387284 0.0150197 0.0219394 0.0487159 0.0808155 0.147152 0.0724435 0.0985578 0.0313775 0.00384963 0.00371979 0.00373431 0 0.00373625 0.00372719 0.0336814 0.149608 0.0751432 0.209241 0.334256 0.135029 0.0510377 0.0150101 0.0162276 0.0375221 0.080958 0.0206074 0.00981992 0.00899937 
0.00856435 0.00970317 0.0107789 0.0115142 0.0111329 0.0110688 0.00869249 0.0101308 0.0140829 0.0262457 0.0232031 0.0137616 0.00995 0.00931287 0.0118528 0.025633 0.0670559 0.0200933 0.0148101 0.0362082 0.0560868 0.0270744 0.0761259 0.122926 0.125784 0.00373 0.00375276 0.00373533 0.00373625 0 0.00392186 0.0250164 0.0462746 0.0851595 0.10174 0.130692 0.198499 0.219889 0.0415381 0.0157217 0.023154 0.0247794 0.0394997 0.0108402 0.00865784 
0.00962983 0.00851061 0.00947554 0.00931061 0.0103563 0.00897265 0.0090647 0.0104524 0.00995832 0.0108467 0.0138035 0.019152 0.0111835 0.00966937 0.0133084 0.0124277 0.0153513 0.0336664 0.0240133 0.0143655 0.017398 0.0266266 0.0160278 0.0416133 0.24947 0.00475219 0.00377927 0.00377593 0.00372719 0.00392186 0 0.019517 0.0310662 0.0542675 0.0560491 0.0593727 0.0582973 0.213712 0.230416 0.0212534 0.0111722 0.0124112 0.0129005 0.014164 0.0103465 
0.00842314 0.00822636 0.00846278 0.00854372 0.00838343 0.00848412 0.00906615 0.00912428 0.00888877 0.0090095 0.00897911 0.0105674 0.00942421 0.00901464 0.0109798 0.00975359 0.0101658 0.0134284 0.0256109 0.0127903 0.0135596 0.0113392 0.0137213 0.0116914 0.0204495 0.633534 0.0276233 0.111468 0.0336814 0.0250164 0.019517 0 0.00439481 0.00370872 0.0037486 0.00377084 0.00431955 0.00653801 0.0142019 0.0495805 0.0157703 0.0119866 0.0186686 0.0144048 0.0120895 
0.00823666 0.00875442 0.00946329 0.00963675 0.00944001 0.00880299 0.00834141 0.00872765 0.00983906 0.0104387 0.0104431 0.00886585 0.00822746 0.00831097 0.00853786 0.0141009 0.0116863 0.00979134 0.0201657 0.0350862 0.0201581 0.0284069 0.016379 0.0274652 0.0138253 0.0244144 0.545801 0.0243559 0.149608 0.0462746 0.0310662 0.00439481 0 0.00371729 0.00370119 0.00374574 0.00376507 0.00456611 0.0038273 0.0554842 0.034686 0.0201449 0.014983 0.0118201 0.00938217 
0.00831761 0.00873159 0.0095226 0.0098957 0.00994502 0.00889425 0.00823498 0.00873414 0.00986255 0.0133267 0.00979012 0.0114574 0.00837976 0.00815379 0.00903974 0.0124679 0.013208 0.00996932 0.0133896 0.0226627 0.0436644 0.0244174 0.0360299 0.019987 0.013289 0.0364912 0.0461819 0.196518 0.0751432 0.0851595 0.0542675 0.00370872 0.00371729 0 0.00372289 0.00370223 0.00371433 0.0037131 0.0038955 0.027306 0.0429339 0.0385448 0.0193796 0.00967404 0.00879588 
0.00834417 0.00915273 0.0101648 0.00992349 0.0100709 0.00911332 0.00852561 0.00874251 0.0108067 0.0138611 0.0109398 0.0100134 0.00838082 0.0082595 0.00910469 0.0155621 0.0133807 0.0105508 0.0160834 0.0329334 0.0395872 0.0557147 0.0468607 0.029123 0.0163895 0.0154289 0.0646898 0.183939 0.209241 0.10174 0.0560491 0.0037486 0.00370119 0.00372289 0 0.00368436 0.0036928 0.00371825 0.00376323 0.150037 0.0513527 0.0825256 0.0226724 0.0119149 0.00865746 
0.00834069 0.00890622 0.00992447 0.0101968 0.010328 0.00904632 0.00846277 0.00890777 0.010288 0.0142475 0.010851 0.00945305 0.00834226 0.00827639 0.00932657 0.0149035 0.0166271 0.0108566 0.0143475 0.0290662 0.0534983 0.0615206 0.0441364 0.0322012 0.0143629 0.0124358 0.0300335 0.11106 0.334256 0.130692 0.0593727 0.00377084 0.00374574 0.00370223 0.00368436 0 0.00374514 0.00369254 0.00374452 0.0287648 0.216055 0.0684798 0.0562271 0.0101674 0.00857804 
0.00842593 0.00881895 0.00996138 0.0101284 0.01006 0.00913118 0.00840712 0.00867277 0.00963928 0.014457 0.0105662 0.00907644 0.00831646 0.00827183 0.00905424 0.0138808 0.0148519 0.0106779 0.011583 0.0217333 0.0532499 0.0400113 0.0442714 0.0263223 0.013489 0.0136804 0.0205518 0.113406 0.135029 0.198499 0.0582973 0.00431955 0.00376507 0.00371433 0.0036928 0.00374514 0 0.0037562 0.00369984 0.0348361 0.0323073 0.478339 0.0290777 0.0133228 0.0086186 
0.00822846 0.00864742 0.00892165 0.00914146 0.0092465 0.00890525 0.00825398 0.00890718 0.00947945 0.0109752 0.0101284 0.00895455 0.00886796 0.00860999 0.00905986 0.0129105 0.0154243 0.0110612 0.0121427 0.0238634 0.0219949 0.0208715 0.0156906 0.0509514 0.020504 0.013132 0.0405194 0.0221887 0.0510377 0.219889 0.213712 0.00653801 0.00456611 0.0037131 0.00371825 0.00369254 0.0037562 0 0.00388996 0.0190311 0.0875036 0.0299403 0.527188 0.0139435 0.00939857 
0.00846186 0.00819979 0.00835224 0.00840856 0.00837114 0.00820863 0.00833296 0.00863465 0.00884821 0.00897079 0.00863585 0.0104351 0.00952414 0.00829796 0.0132963 0.00904508 0.00924886 0.011981 0.0177112 0.011409 0.0112454 0.0109698 0.010709 0.011727 0.0345494 0.0357059 0.0109829 0.0150298 0.0150101 0.0415381 0.230416 0.0142019 0.0038273 0.0038955 0.00376323 0.00374452 0.00369984 0.00388996 0 0.0316597 0.0132915 0.0255827 0.0278439 0.391612 0.0117596 
0.00814711 0.00825726 0.00864581 0.00840959 0.00853551 0.00833749 0.00852063 0.00900915 0.00858499 0.00862966 0.00839318 0.00863036 0.00840739 0.00885177 0.00872801 0.00928373 0.00861039 0.00972917 0.0132811 0.0105735 0.010076 0.0104176 0.0100766 0.0107466 0.014351 0.0162577 0.014866 0.0141468 0.0162276 0.0157217 0.0212534 0.0495805 0.0554842 0.027306 0.150037 0.0287648 0.0348361 0.0190311 0.0316597 0 0.00405206 0.00370572 0.00374376 0.00391095 0.0389244 
0.00830324 0.00843552 0.00865173 0.00869893 0.0085315 0.00841228 0.00831863 0.00856205 0.00869786 0.00912551 0.00867679 0.00836515 0.00815124 0.00820468 0.00827672 0.00952563 0.00941727 0.0100292 0.0108153 0.0141536 0.0141354 0.0140013 0.0145034 0.0140857 0.00966204 0.011418 0.0201309 0.02862 0.0375221 0.023154 0.0111722 0.0157703 0.034686 0.0429339 0.0513527 0.216055 0.0323073 0.0875036 0.0132915 0.00405206 0 0.00371278 0.00370485 0.00376979 0.0205259 
0.00831358 0.00853727 0.00895135 0.00881991 0.00897416 0.00848416 0.00836925 0.00851264 0.00889676 0.0103061 0.00889207 0.00867074 0.00821033 0.0081941 0.0085724 0.0109149 0.00993959 0.00882256 0.0109302 0.0159596 0.0284122 0.023459 0.0312395 0.0183825 0.0110475 0.0114938 0.019345 0.0595275 0.080958 0.0247794 0.0124112 0.0119866 0.0201449 0.0385448 0.0825256 0.0684798 0.478339 0.0299403 0.0255827 0.00370572 0.00371278 0 0.00371411 0.00370577 0.0104998 
0.00826474 0.00852696 0.00856965 0.00854123 0.00858537 0.00855527 0.00814885 0.0083683 0.0087572 0.00937565 0.00881307 0.00819946 0.00835106 0.0080938 0.0091613 0.00950035 0.00934911 0.00853326 0.00996993 0.0130421 0.0141055 0.0126545 0.011828 0.0149398 0.0100626 0.0127349 0.0146946 0.0273058 0.0206074 0.0394997 0.0129005 0.0186686 0.014983 0.0193796 0.0226724 0.0562271 0.0290777 0.527188 0.0278439 0.00374376 0.00370485 0.00371411 0 0.00371997 0.0106198 
0.00821018 0.00821004 0.00815821 0.00822863 0.00818183 0.0080545 0.00817759 0.0085165 0.00821307 0.00823151 0.00817197 0.00835877 0.00816879 0.00826375 0.00877137 0.0083344 0.00845506 0.0083719 0.011186 0.00883118 0.0092443 0.00921474 0.00875183 0.00886594 0.0117046 0.0113137 0.0125739 0.00986767 0.00981992 0.0108402 0.014164 0.0144048 0.0118201 0.00967404 0.0119149 0.0101674 0.0133228 0.0139435 0.391612 0.00391095 0.00376979 0.00370577 0.00371997 0 0.0220679 
0.00891465 0.00825725 0.00838518 0.00828799 0.00835966 0.00832377 0.00901522 0.00938554 0.00832309 0.00838994 0.00826829 0.0085802 0.00926321 0.00860493 0.00908618 0.00813253 0.00815398 0.00840408 0.00990122 0.00833823 0.00833387 0.00867275 0.00815451 0.0082555 0.00963619 0.00951714 0.00863602 0.00872352 0.00899937 0.00865784 0.0103465 0.0120895 0.00938217 0.00879588 0.00865746 0.00857804 0.0086186 0.00939857 0.0117596 0.0389244 0.0205259 0.0104998 0.0106198 0.0220679 0 
