1DRWA
HDANIRVAIAGAGGRMGRQLIQAALALEGVQLGAALEREGSSLLGSDAGELAGAGKTGVTVQSSLDAVKDDFDVFIDFTRPEGTLNHLAFCRQHGKGMVIGTTGFDEAGKQAIRDAAADIAIVFAANFSVGVNVMLKLLEKAAKVMGDYTDIEIIEAHHRHKVDAPSGTALAMGEAIAHALDKDLKDCAVYSREGHTGERVPGTIGFATVRAGDIVGEHTAMFADIGERLEITHKASSRMTFANGAVRSALWLSGKESGLFDMRDVLDLNNL
CCCCCEEEECCCCCHHHHHHHHHHHHCCCCEEEEECCCCCCCCCCCCCCCCCCCCCCCCCECCCHHHHHHHCCEEEECCCHHHHHHHHHHHHHCCCEEEECCCCCCHHHHHHHHHHCCCCCEEECCCCCHHHHHHHHHHHHHHHHHCCCCEEEEEEEECCCCCCCCCHHHHHHHHHHHHHCCCCHHHHEECCCCCCCCCCCCCCEEEEEEECCCCCEEEEEEEEECCEEEEEEEEECCCHHHHHHHHHHHHHHCCCCCCEECHHHHHCHHHC
0 0 0 0 0 0 0 0 0 0 0 0 0 0 0 0 0 0 0 0 0 0 0 0 0 0 0 0 0 0 0 0 0 0 0 0 0 0 0 0 0 0 0 0 0 0 0 0 0 0 0 0 0 0 0 0 0 0 0 0 0 0 0 0 0 0 0 0 0 0 0 0 0 0 0 0 0 0 0 0 0 0 0 0 0 0 0 0 0 0 0 0 0 0 0 0 0 0 0 0 0 0 0 0 0 0 0 0 0 0 0 0 0 0 0 0 0 0 0 0 0 0 0 0 0 0 0 0 0 0 0 0 0 0 0 0 0 0 0 0 0 0 0 0 0 0 0 0 0 0 0 0 0 0 0 0 0 0 0 0 0 0 0 0 0 0 0 0 0 0 0 0 0 0 0 0 0 0 0 0 0 0 0 0 0 0 0 0 0 0 0 0 0 0 0 0 0 0 0 0 0 0 0 0 0 0 0 0 0 0 0 0 0 0 0 0 0 0 0 0 0 0 0 0 0 0 0 0 0 0 0 0 0 0 0 0 0 0 0 0 0 0 0 0 0 0 0 0 0 0 0 0 0 0 0 0 0 0 0 0 0 0 0 0 0 0 0 0 0 0 0 0 
0 0 0 0 0 0 0 0 0 0 0 0 0 0 0 0 0 0 0 0 0 0 0 0 0 0 0 0 0 0 0 0 0 0 0 0 0 0 0 0 0 0 0 0 0 0 0 0 0 0 0 0 0 0 0 0 0 0 0 0 0 0 0 0 0 0 0 0 0 0 0 0 0 0 0 0 0 0 0 0 0 0 0 0 0 0 0 0 0 0 0 0 0 0 0 0 0 0 0 0 0 0 0 0 0 0 0 0 0 0 0 0 0 0 0 0 0 0 0 0 0 0 0 0 0 0 0 0 0 0 0 0 0 0 0 0 0 0 0 0 0 0 0 0 0 0 0 0 0 0 0 0 0 0 0 0 0 0 0 0 0 0 0 0 0 0 0 0 0 0 0 0 0 0 0 0 0 0 0 0 0 0 0 0 0 0 0 0 0 0 0 0 0 0 0 0 0 0 0 0 0 0 0 0 0 0 0 0 0 0 0 0 0 0 0 0 0 0 0 0 0 0 0 0 0 0 0 0 0 0 0 0 0 0 0 0 0 0 0 0 0 0 0 0 0 0 0 0 0 0 0 0 0 0 0 0 0 0 0 0 0 0 0 0 0 0 0 0 0 0 0 0 
0 0.00390139 0.00374613 0.00460757 0.708333 0.0216139 0.0363783 0.0138446 0.0571722 0.0142352 0.0330219 0.0172347 0.0115347 0.025629 0.0124494 0.0104073 0.0101522 0.013752 0.0111505 0.00957944 0.0135505 0.00979295 0.00841969 0.00966914 0.00878238 0.00860043 0.00872305 0.00810882 0.00835859 0.00812559 0.00809996 0.00837548 0.00835596 0.00828099 0.00822652 0.00826549 0.00815448 0.00856253 0.00845848 0.00817906 0.00818917 0.00825268 0.00846688 0.00841204 0.00839406 0.00831451 0.00832681 0.00823907 0.00823551 0.0083155 0.00893655 0.00838654 0.00837241 0.00828568 0.00827815 0.00842417 0.00837606 0.00847565 
0.00390139 0 0.00376877 0.00374958 0.032708 0.792111 0.0482175 0.112739 0.0144403 0.0177009 0.101011 0.0643631 0.0612718 0.0104821 0.0105283 0.0308487 0.0199441 0.0116357 0.0146416 0.0130713 0.0108192 0.00845127 0.0146423 0.00943762 0.0118946 0.00984111 0.00939584 0.00916419 0.00830539 0.00837055 0.00817648 0.00868798 0.0087878 0.00876338 0.00845511 0.00844056 0.00839053 0.00816391 0.00840391 0.00837833 0.00864159 0.00882038 0.00907398 0.00895313 0.00874757 0.00850016 0.00821742 0.00822788 0.00828106 0.00876841 0.00845365 0.00880412 0.00840329 0.00858398 0.00832432 0.00835111 0.00837071 0.00853609 
0.00374613 0.00376877 0 0.003859 0.0683845 0.0210312 0.490331 0.230677 0.0589514 0.0101933 0.0177888 0.133598 0.0561845 0.0220705 0.0102038 0.0225635 0.0482402 0.0151664 0.0132718 0.0197361 0.00980993 0.00906826 0.00949926 0.0154459 0.0118694 0.0102017 0.010487 0.0091084 0.00827847 0.00830231 0.0082602 0.00861134 0.00875022 0.00884714 0.00852115 0.00841549 0.00834263 0.00809509 0.00833228 0.00850217 0.00867379 0.00867612 0.00906559 0.00935717 0.00886618 0.00845477 0.00820792 0.00818998 0.00830943 0.00868897 0.00862771 0.00876111 0.0084592 0.00843444 0.00824478 0.00823527 0.00843121 0.00844164 
0.00460757 0.00374958 0.003859 0 0.0161658 0.0502702 0.0345018 0.421706 0.270789 0.0250073 0.0317249 0.0136389 0.0700568 0.0274702 0.0164065 0.0123876 0.0183152 0.0392978 0.0168724 0.0109005 0.0193935 0.00935599 0.010717 0.0103047 0.00998274 0.00890685 0.00906261 0.00856526 0.00865262 0.00848521 0.00820746 0.00902825 0.00851558 0.00879692 0.00827297 0.00828585 0.00813255 0.00821079 0.00844488 0.00832556 0.00846524 0.00835408 0.00871505 0.00875264 0.00866062 0.00829506 0.0082326 0.00836034 0.00833091 0.00845782 0.00847214 0.00858962 0.0084355 0.0082226 0.00809164 0.00826049 0.00862675 0.00852617 
0.708333 0.032708 0.0683845 0.0161658 0 0.00571466 0.00371288 0.00377288 0.00596343 0.0175157 0.0278959 0.0205062 0.0109669 0.0405824 0.013118 0.0105035 0.0107512 0.0126235 0.0110594 0.00960856 0.0130995 0.010397 0.00815117 0.0107396 0.00832779 0.00852602 0.0087389 0.0081859 0.00839738 0.00799747 0.00806774 0.00816717 0.00818089 0.00813175 0.00815663 0.00816356 0.0080332 0.00852224 0.00800488 0.00813747 0.00808212 0.00817776 0.00827168 0.00825191 0.00825183 0.00813515 0.00823489 0.00809664 0.00813825 0.00811414 0.00950425 0.00811329 0.00852998 0.00806066 0.00840489 0.00819317 0.00837108 0.00825697 
0.0216139 0.792111 0.0210312 0.0502702 0.00571466 0 0.00374012 0.00369907 0.00374005 0.0251441 0.0526029 0.0274556 0.0494366 0.0100259 0.00958225 0.022106 0.0135177 0.0118523 0.0104604 0.0107626 0.0103467 0.00822228 0.013594 0.00889642 0.0127434 0.00892592 0.00888666 0.00887298 0.00822485 0.00816352 0.00811666 0.00828494 0.0085121 0.00858357 0.00836401 0.00826366 0.0082936 0.00808211 0.00820109 0.00825144 0.00838546 0.00846677 0.00873072 0.00868848 0.00847775 0.00836119 0.0081589 0.00803193 0.00817965 0.00847696 0.0082795 0.00871195 0.00827153 0.00850083 0.00821446 0.00822806 0.00815893 0.008269 
0.0363783 0.0482175 0.490331 0.0345018 0.00371288 0.00374012 0 0.00369401 0.00372178 0.0141754 0.0283748 0.0551495 0.0249377 0.0140194 0.00989057 0.0171661 0.0202761 0.0120359 0.0111312 0.0114755 0.00992852 0.00859272 0.00906776 0.0160001 0.0108522 0.0106139 0.0103963 0.00873446 0.00828878 0.00820368 0.0081109 0.00849446 0.00855909 0.00862138 0.00821588 0.00836852 0.00821674 0.00806814 0.0082559 0.00823425 0.00856501 0.00857999 0.00871 0.00871909 0.00871767 0.00829938 0.00819598 0.00814251 0.00829987 0.00843424 0.00873726 0.00848425 0.00829387 0.00842112 0.00820167 0.00812348 0.00809993 0.00809461 
0.0138446 0.112739 0.230677 0.421706 0.00377288 0.00369907 0.00369401 0 0.00379774 0.016619 0.0210068 0.0543659 0.186487 0.02191 0.0121775 0.0242011 0.0484696 0.0220547 0.0141244 0.0215342 0.0114343 0.00855709 0.0117065 0.0111013 0.0127129 0.00983401 0.0095931 0.0090407 0.0082877 0.0082921 0.00818241 0.00854492 0.00863621 0.00859597 0.0083507 0.00826975 0.00818191 0.00811956 0.0082573 0.00835138 0.00843629 0.00847781 0.00878026 0.00894387 0.00860849 0.00836854 0.00814965 0.00808291 0.00820561 0.00838147 0.00838948 0.00854237 0.0082603 0.0083409 0.00811104 0.00809765 0.0082035 0.00820246 
0.0571722 0.0144403 0.0589514 0.270789 0.00596343 0.00374005 0.00372178 0.00379774 0 0.0713488 0.0224424 0.0194601 0.0457466 0.108161 0.0176592 0.0119493 0.0149292 0.0290074 0.0164967 0.0104778 0.0151254 0.0104693 0.00880827 0.00969062 0.009089 0.00866798 0.00883844 0.00856716 0.00865227 0.00850465 0.00830556 0.00907551 0.00844551 0.00831801 0.00817138 0.00818009 0.00811928 0.00817103 0.00832838 0.00822341 0.00825438 0.00820898 0.00853853 0.00841884 0.00851054 0.00810831 0.00818425 0.00854124 0.0082967 0.00822038 0.00843307 0.00827759 0.00820233 0.00818783 0.00804407 0.00818551 0.00847069 0.00824691 
0.0142352 0.0177009 0.0101933 0.0250073 0.0175157 0.0251441 0.0141754 0.016619 0.0713488 0 0.0418925 0.0130591 0.0218108 0.0272326 0.016244 0.0127776 0.00983009 0.0207569 0.0193817 0.0109956 0.0171459 0.00938911 0.0124025 0.00832902 0.00962863 0.00832958 0.0082019 0.00868988 0.00983266 0.0101887 0.00853314 0.010629 0.00821528 0.00840793 0.0081501 0.00806088 0.00859768 0.00890071 0.0101688 0.00803174 0.00811717 0.00804341 0.00823461 0.00809408 0.00819052 0.0082718 0.00866279 0.00874003 0.00850417 0.00954157 0.00858085 0.00964862 0.00807264 0.00879232 0.00796944 0.00988464 0.00846796 0.0102092 
0.0330219 0.101011 0.0177888 0.0317249 0.0278959 0.0526029 0.0283748 0.0210068 0.0224424 0.0418925 0 0.00382762 0.00373572 0.00390629 0.687479 0.0285494 0.0208086 0.024879 0.0822006 0.0164092 0.0307809 0.0117022 0.0255805 0.0129675 0.014775 0.01064 0.0110172 0.0094138 0.0107488 0.00870515 0.0086428 0.0101499 0.00861029 0.00905115 0.00840818 0.00837283 0.00860073 0.00906622 0.00888912 0.00816917 0.00843818 0.00857062 0.00919149 0.00940785 0.00896021 0.00879544 0.00857131 0.00832756 0.00805715 0.00888524 0.00895157 0.00927109 0.00830238 0.00868806 0.00817767 0.0088587 0.0084874 0.00864022 
0.0172347 0.0643631 0.133598 0.0136389 0.0205062 0.0274556 0.0551495 0.0543659 0.0194601 0.0130591 0.00382762 0 0.00372323 0.0037607 0.0487192 0.793523 0.0646229 0.0261861 0.0309884 0.0852142 0.0163966 0.0122231 0.0146517 0.0540209 0.0182069 0.0193594 0.025227 0.0121825 0.00920096 0.00855398 0.00833057 0.00878715 0.0127041 0.00910967 0.00895404 0.00872424 0.0083425 0.00863419 0.00844517 0.00862313 0.00911243 0.00956564 0.0113151 0.0118438 0.00989656 0.00896033 0.00855491 0.00812678 0.00827284 0.00861349 0.00944911 0.00880974 0.00907327 0.00879337 0.00856022 0.00838478 0.00823475 0.00824105 
0.0115347 0.0612718 0.0561845 0.0700568 0.0109669 0.0494366 0.0249377 0.186487 0.0457466 0.0218108 0.00373572 0.00372323 0 0.00381308 0.0378868 0.0968092 0.748525 0.0469828 0.030553 0.0531046 0.0390968 0.00932078 0.0332147 0.013402 0.0392564 0.0168807 0.0173572 0.0326972 0.00920704 0.009201 0.00848794 0.0100277 0.00969624 0.0112869 0.0090254 0.00874947 0.00881054 0.00817618 0.00878318 0.00889341 0.00937968 0.00952016 0.0112267 0.0108392 0.0102165 0.00916804 0.00831022 0.00815263 0.00852561 0.00872754 0.0088639 0.00988474 0.0086097 0.0088941 0.00854828 0.0082552 0.0081872 0.00824087 
0.025629 0.0104821 0.0220705 0.0274702 0.0405824 0.0100259 0.0140194 0.02191 0.108161 0.0272326 0.00390629 0.0037607 0.00381308 0 0.0330073 0.0266409 0.0471924 0.712156 0.0214855 0.0180815 0.044887 0.0173597 0.00941786 0.0218508 0.0102451 0.0109565 0.0118228 0.00933723 0.0106265 0.0091803 0.00853698 0.0100097 0.00935864 0.00846448 0.00829381 0.00833044 0.0081267 0.00856437 0.0091051 0.00835608 0.00828862 0.00859984 0.00874739 0.00901232 0.00869789 0.00828287 0.00827129 0.00853565 0.00826741 0.0082794 0.00933943 0.00821832 0.00872212 0.00816421 0.0082645 0.00817222 0.00856263 0.00820788 
0.0124494 0.0105283 0.0102038 0.0164065 0.013118 0.00958225 0.00989057 0.0121775 0.0176592 0.016244 0.687479 0.0487192 0.0378868 0.0330073 0 0.0041816 0.00388727 0.0038925 0.180846 0.0192542 0.040957 0.0141235 0.0117516 0.0129749 0.0108944 0.00994838 0.00987122 0.00964607 0.0129876 0.00845172 0.00872221 0.0088761 0.00848908 0.00834564 0.00821553 0.0081696 0.00815722 0.00944191 0.00831502 0.00810661 0.00813951 0.00827249 0.00848768 0.00880052 0.00851294 0.00840878 0.00910216 0.0081016 0.00798373 0.0080257 0.00897592 0.00807397 0.00820892 0.00808835 0.00820637 0.00842081 0.00809904 0.00830429 
0.0104073 0.0308487 0.0225635 0.0123876 0.0105035 0.022106 0.0171661 0.0242011 0.0119493 0.0127776 0.0285494 0.793523 0.0968092 0.0266409 0.0041816 0 0.00372792 0.0037147 0.505172 0.105209 0.0236117 0.0114345 0.0512108 0.0238726 0.0301149 0.0197565 0.0199008 0.0142507 0.0104461 0.00881576 0.00834908 0.00940504 0.0107739 0.0103512 0.00926819 0.00865893 0.00847622 0.00830329 0.00868428 0.00864268 0.00903821 0.00961133 0.0116074 0.0109578 0.0100631 0.00935304 0.00841 0.00808133 0.0081468 0.00858006 0.00887595 0.00890367 0.00859592 0.00881307 0.00847807 0.00826279 0.00811935 0.00814771 
0.0101522 0.0199441 0.0482402 0.0183152 0.0107512 0.0135177 0.0202761 0.0484696 0.0149292 0.00983009 0.0208086 0.0646229 0.748525 0.0471924 0.00388727 0.00372792 0 0.00387017 0.0312203 0.701249 0.0441916 0.0108993 0.0149282 0.0304431 0.0265031 0.0206797 0.025894 0.0251441 0.0103448 0.00942234 0.00854403 0.00930319 0.0113417 0.0104404 0.00930373 0.00879015 0.00833574 0.00818785 0.0090249 0.00887757 0.00963334 0.00977601 0.0120325 0.0125678 0.0111728 0.00906079 0.00835829 0.0080278 0.00829826 0.00884696 0.00925002 0.00906786 0.00867864 0.00873156 0.00850629 0.00824973 0.00812341 0.00817549 
0.013752 0.0116357 0.0151664 0.0392978 0.0126235 0.0118523 0.0120359 0.0220547 0.0290074 0.0207569 0.024879 0.0261861 0.0469828 0.712156 0.0038925 0.0037147 0.00387017 0 0.0438261 0.0449419 0.696443 0.0161999 0.0144463 0.016835 0.0178821 0.0150479 0.014836 0.013796 0.0151424 0.0120572 0.00924849 0.0133302 0.00952788 0.00949824 0.00858428 0.00847688 0.00835834 0.00851886 0.0112487 0.00856137 0.00869999 0.00888566 0.0100016 0.0103014 0.00968667 0.00904403 0.00858613 0.00848281 0.00814397 0.0084701 0.00875854 0.00867192 0.00835686 0.00845512 0.00841823 0.00847949 0.00851504 0.00827232 
0.0111505 0.0146416 0.0132718 0.0168724 0.0110594 0.0104604 0.0111312 0.0141244 0.0164967 0.0193817 0.0822006 0.0309884 0.030553 0.0214855 0.180846 0.505172 0.0312203 0.0438261 0 0.00379374 0.00383597 0.335273 0.0510732 0.0404201 0.0277513 0.0185147 0.0246672 0.0123006 0.0186973 0.0100915 0.010412 0.0135665 0.0118404 0.0107634 0.00932067 0.00957507 0.00888146 0.0109362 0.00985101 0.00903715 0.00994097 0.00996211 0.0118199 0.0117028 0.011297 0.00957217 0.0105943 0.00853488 0.00837021 0.00868628 0.009609 0.00937532 0.00874527 0.00886439 0.00862084 0.00986725 0.00830169 0.00877398 
0.00957944 0.0130713 0.0197361 0.0109005 0.00960856 0.0107626 0.0114755 0.0215342 0.0104778 0.0109956 0.0164092 0.0852142 0.0531046 0.0180815 0.0192542 0.105209 0.701249 0.0449419 0.00379374 0 0.00391343 0.0227365 0.104586 0.0359991 0.0394557 0.0213629 0.0291185 0.101938 0.010783 0.0134128 0.00929901 0.0101081 0.0151476 0.0098382 0.00939016 0.00897616 0.00903193 0.00851604 0.00890277 0.010042 0.00895095 0.0100395 0.011937 0.0139975 0.0110019 0.0110943 0.0084966 0.00818382 0.00842791 0.00889722 0.00977564 0.00913148 0.00879724 0.00887899 0.00877972 0.00849682 0.00835273 0.00824823 
0.0135505 0.0108192 0.00980993 0.0193935 0.0130995 0.0103467 0.00992852 0.0114343 0.0151254 0.0171459 0.0307809 0.0163966 0.0390968 0.044887 0.040957 0.0236117 0.0441916 0.696443 0.00383597 0.00391343 0 0.0236436 0.0197175 0.0489006 0.0267425 0.0344059 0.0414486 0.0553968 0.101022 0.0151096 0.0122425 0.0217493 0.0110392 0.0110274 0.00946923 0.00933716 0.00885231 0.0103771 0.0147072 0.00898075 0.00941931 0.00975885 0.0111077 0.011333 0.0109284 0.00951541 0.00950111 0.0106393 0.00885103 0.00879723 0.00939827 0.00929408 0.00854725 0.00882054 0.0084368 0.00919385 0.00974446 0.00860297 
0.00979295 0.00845127 0.00906826 0.00935599 0.010397 0.00822228 0.00859272 0.00855709 0.0104693 0.00938911 0.0117022 0.0122231 0.00932078 0.0173597 0.0141235 0.0114345 0.0108993 0.0161999 0.335273 0.0227365 0.0236436 0 0.00377572 0.00370743 0.00366139 0.00377241 0.00400514 0.00381004 0.00621841 0.0101417 0.0124189 0.00983629 0.0118644 0.00874904 0.00892791 0.00928699 0.00872312 0.0180622 0.00872438 0.00961101 0.00843707 0.00981688 0.0089265 0.0105145 0.00915971 0.00965016 0.0109096 0.00862 0.00854953 0.00810377 0.0126091 0.00814182 0.01096 0.00810111 0.0100615 0.00863298 0.00917544 0.00826245 
0.00841969 0.0146423 0.00949926 0.010717 0.00815117 0.013594 0.00906776 0.0117065 0.00880827 0.0124025 0.0255805 0.0146517 0.0332147 0.00941786 0.0117516 0.0512108 0.0149282 0.0144463 0.0510732 0.104586 0.0197175 0.00377572 0 0.00369656 0.00375371 0.0037064 0.00371601 0.0052564 0.00377153 0.0181175 0.00965089 0.0212807 0.010382 0.0240799 0.00985553 0.0099199 0.0184209 0.00918348 0.0146672 0.00886569 0.022268 0.00988808 0.0344625 0.0128818 0.0387232 0.0135906 0.00888668 0.00857481 0.00847108 0.0161223 0.0084436 0.0385479 0.00841696 0.0242452 0.00858025 0.0115743 0.00818027 0.00926778 
0.00966914 0.00943762 0.0154459 0.0103047 0.0107396 0.00889642 0.0160001 0.0111013 0.00969062 0.00832902 0.0129675 0.0540209 0.013402 0.0218508 0.0129749 0.0238726 0.0304431 0.016835 0.0404201 0.0359991 0.0489006 0.00370743 0.00369656 0 0.00370439 0.00371754 0.00372667 0.00371426 0.00549338 0.0103227 0.0100876 0.0106052 0.0772296 0.0120702 0.0187047 0.0239127 0.00930636 0.0121785 0.00902217 0.028155 0.010086 0.0585354 0.0188198 0.163074 0.0201211 0.010051 0.00975149 0.00872163 0.0105772 0.00886657 0.0799585 0.00930656 0.0624954 0.00912311 0.0162853 0.00848713 0.00931292 0.00819228 
0.00878238 0.0118946 0.0118694 0.00998274 0.00832779 0.0127434 0.0108522 0.0127129 0.009089 0.00962863 0.014775 0.0182069 0.0392564 0.0102451 0.0108944 0.0301149 0.0265031 0.0178821 0.0277513 0.0394557 0.0267425 0.00366139 0.00375371 0.00370439 0 0.00371842 0.00374943 0.0037395 0.00379046 0.0130588 0.009444 0.0145204 0.0123838 0.0694499 0.0131622 0.0111502 0.0144139 0.00892982 0.0126694 0.00915027 0.0260318 0.0138169 0.137438 0.0277896 0.0279427 0.0140367 0.00882936 0.00849133 0.00857645 0.0196502 0.00936766 0.0455432 0.00909528 0.0276849 0.00877145 0.00979994 0.00823568 0.00878609 
0.00860043 0.00984111 0.0102017 0.00890685 0.00852602 0.00892592 0.0106139 0.00983401 0.00866798 0.00832958 0.01064 0.0193594 0.0168807 0.0109565 0.00994838 0.0197565 0.0206797 0.0150479 0.0185147 0.0213629 0.0344059 0.00377241 0.0037064 0.00371754 0.00371842 0 0.00369613 0.00369434 0.00371445 0.0104295 0.00930804 0.00973843 0.0227004 0.0150883 0.0260443 0.0143066 0.00915325 0.00881804 0.00901483 0.0128378 0.0113152 0.0533997 0.0201345 0.0421169 0.0193513 0.00974624 0.00880663 0.00838233 0.0101807 0.00932511 0.0202284 0.0109917 0.0168197 0.00974527 0.00943155 0.00844152 0.00838258 0.00818105 
0.00872305 0.00939584 0.010487 0.00906261 0.0087389 0.00888666 0.0103963 0.0095931 0.00883844 0.0082019 0.0110172 0.025227 0.0173572 0.0118228 0.00987122 0.0199008 0.025894 0.014836 0.0246672 0.0291185 0.0414486 0.00400514 0.00371601 0.00372667 0.00374943 0.00369613 0 0.00370635 0.00370194 0.0121071 0.0108675 0.0113129 0.0252386 0.0190354 0.0137948 0.0153933 0.0100532 0.00932824 0.00942542 0.0101839 0.0392098 0.0190603 0.0331167 0.0378955 0.0214631 0.0103759 0.00889358 0.0084412 0.0086601 0.00997766 0.0159378 0.0116343 0.0123789 0.0106143 0.00936019 0.00860715 0.00862465 0.00823546 
0.00810882 0.00916419 0.0091084 0.00856526 0.0081859 0.00887298 0.00873446 0.0090407 0.00856716 0.00868988 0.0094138 0.0121825 0.0326972 0.00933723 0.00964607 0.0142507 0.0251441 0.013796 0.0123006 0.101938 0.0553968 0.00381004 0.0052564 0.00371426 0.0037395 0.00369434 0.00370635 0 0.00375318 0.0155728 0.0143438 0.0123608 0.014413 0.0142914 0.00988761 0.00919628 0.0113442 0.0086686 0.00937523 0.021113 0.0108331 0.011076 0.0148678 0.0148952 0.0120523 0.0123883 0.00913648 0.00853741 0.00882205 0.00904824 0.00899243 0.00985902 0.00915248 0.00919196 0.00993144 0.00862046 0.00830765 0.00839262 
0.00835859 0.00830539 0.00827847 0.00865262 0.00839738 0.00822485 0.00828878 0.0082877 0.00865227 0.00983266 0.0107488 0.00920096 0.00920704 0.0106265 0.0129876 0.0104461 0.0103448 0.0151424 0.0186973 0.010783 0.101022 0.00621841 0.00377153 0.00549338 0.00379046 0.00371445 0.00370194 0.00375318 0 0.0147377 0.0222499 0.0143161 0.00994179 0.0095019 0.00900265 0.00962262 0.00863063 0.0133762 0.0127092 0.00882991 0.00909795 0.00923964 0.00938069 0.0100736 0.00926216 0.00879319 0.00887367 0.0109543 0.00873516 0.00858518 0.00863205 0.00881283 0.00845525 0.00880859 0.00857867 0.0090157 0.00888576 0.00826291 
0.00812559 0.00837055 0.00830231 0.00848521 0.00799747 0.00816352 0.00820368 0.0082921 0.00850465 0.0101887 0.00870515 0.00855398 0.009201 0.0091803 0.00845172 0.00881576 0.00942234 0.0120572 0.0100915 0.0134128 0.0151096 0.0101417 0.0181175 0.0103227 0.0130588 0.0104295 0.0121071 0.0155728 0.0147377 0 0.00384108 0.0108215 0.0224247 0.0187621 0.0083036 0.00885941 0.0108549 0.0122988 0.0100159 0.0093945 0.00888124 0.00905536 0.00968246 0.00973326 0.00968067 0.0103283 0.0110615 0.00910688 0.00902655 0.00938846 0.00955586 0.00955549 0.00906774 0.00909444 0.00931815 0.0145328 0.00858066 0.0112496 
0.00809996 0.00817648 0.0082602 0.00820746 0.00806774 0.00811666 0.0081109 0.00818241 0.00830556 0.00853314 0.0086428 0.00833057 0.00848794 0.00853698 0.00872221 0.00834908 0.00854403 0.00924849 0.010412 0.00929901 0.0122425 0.0124189 0.00965089 0.0100876 0.009444 0.00930804 0.0108675 0.0143438 0.0222499 0.00384108 0 0.053561 0.0269073 0.00922494 0.0086654 0.00810651 0.0091912 0.0101474 0.0112121 0.00888134 0.0086025 0.00874173 0.0090799 0.00928889 0.00897262 0.00968456 0.0105559 0.0100356 0.00872399 0.00870925 0.00886608 0.00886963 0.0087584 0.00865319 0.0094455 0.00958073 0.0101612 0.00853175 
0.00837548 0.00868798 0.00861134 0.00902825 0.00816717 0.00828494 0.00849446 0.00854492 0.00907551 0.010629 0.0101499 0.00878715 0.0100277 0.0100097 0.0088761 0.00940504 0.00930319 0.0133302 0.0135665 0.0101081 0.0217493 0.00983629 0.0212807 0.0106052 0.0145204 0.00973843 0.0113129 0.0123608 0.0143161 0.0108215 0.053561 0 0.00376007 0.00376926 0.00372188 0.00376766 0.00433205 0.00538892 0.0072519 0.00683758 0.00851806 0.00777974 0.0111608 0.0126749 0.0137752 0.0145219 0.0247786 0.0108268 0.00887677 0.00986046 0.00941223 0.0117713 0.00887855 0.0114822 0.00959655 0.0287742 0.00897579 0.0129946 
0.00835596 0.0087878 0.00875022 0.00851558 0.00818089 0.0085121 0.00855909 0.00863621 0.00844551 0.00821528 0.00861029 0.0127041 0.00969624 0.00935864 0.00848908 0.0107739 0.0113417 0.00952788 0.0118404 0.0151476 0.0110392 0.0118644 0.010382 0.0772296 0.0123838 0.0227004 0.0252386 0.014413 0.00994179 0.0224247 0.0269073 0.00376007 0 0.0037184 0.00370754 0.00375576 0.00372852 0.00390621 0.00613161 0.0105458 0.00722311 0.0111286 0.0137024 0.0271022 0.0304661 0.0135159 0.0137108 0.00847137 0.00954844 0.00839385 0.0190407 0.00885891 0.0154117 0.00903082 0.0216827 0.00902802 0.010481 0.00873544 
0.00828099 0.00876338 0.00884714 0.00879692 0.00813175 0.00858357 0.00862138 0.00859597 0.00831801 0.00840793 0.00905115 0.00910967 0.0112869 0.00846448 0.00834564 0.0103512 0.0104404 0.00949824 0.0107634 0.0098382 0.0110274 0.00874904 0.0240799 0.0120702 0.0694499 0.0150883 0.0190354 0.0142914 0.0095019 0.0187621 0.00922494 0.00376926 0.0037184 0 0.00373013 0.00372474 0.00377662 0.00382724 0.00725501 0.00639813 0.00986495 0.00953433 0.0394604 0.0244791 0.0169999 0.0117956 0.00849341 0.00854094 0.00863317 0.0117961 0.00872527 0.0215154 0.00856234 0.0215185 0.00878071 0.010769 0.00862422 0.00910696 
0.00822652 0.00845511 0.00852115 0.00827297 0.00815663 0.00836401 0.00821588 0.0083507 0.00817138 0.0081501 0.00840818 0.00895404 0.0090254 0.00829381 0.00821553 0.00926819 0.00930373 0.00858428 0.00932067 0.00939016 0.00946923 0.00892791 0.00985553 0.0187047 0.0131622 0.0260443 0.0137948 0.00988761 0.00900265 0.0083036 0.0086654 0.00372188 0.00370754 0.00373013 0 0.00371027 0.00374588 0.00372771 0.00536142 0.00834527 0.0121129 0.0130172 0.0154608 0.0112103 0.0105452 0.00811135 0.00797853 0.00825193 0.00883033 0.0086041 0.0109334 0.00932751 0.0101525 0.00931218 0.00916174 0.00872399 0.00859525 0.00850401 
0.00826549 0.00844056 0.00841549 0.00828585 0.00816356 0.00826366 0.00836852 0.00826975 0.00818009 0.00806088 0.00837283 0.00872424 0.00874947 0.00833044 0.0081696 0.00865893 0.00879015 0.00847688 0.00957507 0.00897616 0.00933716 0.00928699 0.0099199 0.0239127 0.0111502 0.0143066 0.0153933 0.00919628 0.00962262 0.00885941 0.00810651 0.00376766 0.00375576 0.00372474 0.00371027 0 0.00370154 0.00377432 0.00504215 0.0106916 0.0123892 0.0122478 0.00885307 0.0101179 0.00903516 0.00814703 0.00758274 0.00811271 0.00880234 0.00873302 0.0141757 0.00941623 0.011312 0.00881525 0.0102918 0.00869846 0.00884886 0.0084198 
0.00815448 0.00839053 0.00834263 0.00813255 0.0080332 0.0082936 0.00821674 0.00818191 0.00811928 0.00859768 0.00860073 0.0083425 0.00881054 0.0081267 0.00815722 0.00847622 0.00833574 0.00835834 0.00888146 0.00903193 0.00885231 0.00872312 0.0184209 0.00930636 0.0144139 0.00915325 0.0100532 0.0113442 0.00863063 0.0108549 0.0091912 0.00433205 0.00372852 0.00377662 0.00374588 0.00370154 0 0.00390141 0.00755349 0.0126615 0.0201193 0.00773346 0.00865833 0.00726692 0.00757815 0.00780331 0.00717557 0.00888469 0.0103539 0.0108557 0.0088357 0.0124461 0.00825181 0.0114152 0.00846527 0.00987251 0.0087533 0.00924296 
0.00856253 0.00816391 0.00809509 0.00821079 0.00852224 0.00808211 0.00806814 0.00811956 0.00817103 0.00890071 0.00906622 0.00863419 0.00817618 0.00856437 0.00944191 0.00830329 0.00818785 0.00851886 0.0109362 0.00851604 0.0103771 0.0180622 0.00918348 0.0121785 0.00892982 0.00881804 0.00932824 0.0086686 0.0133762 0.0122988 0.0101474 0.00538892 0.00390621 0.00382724 0.00372771 0.00377432 0.00390141 0 0.0299232 0.00789121 0.00570656 0.00613601 0.0059631 0.0069284 0.00694513 0.00693542 0.00738239 0.0137896 0.0106477 0.00817988 0.0127771 0.0083889 0.0118547 0.00822086 0.0103235 0.00993741 0.0159658 0.00866236 
0.00845848 0.00840391 0.00833228 0.00844488 0.00800488 0.00820109 0.0082559 0.0082573 0.00832838 0.0101688 0.00888912 0.00844517 0.00878318 0.0091051 0.00831502 0.00868428 0.0090249 0.0112487 0.00985101 0.00890277 0.0147072 0.00872438 0.0146672 0.00902217 0.0126694 0.00901483 0.00942542 0.00937523 0.0127092 0.0100159 0.0112121 0.0072519 0.00613161 0.00725501 0.00536142 0.00504215 0.00755349 0.0299232 0 0.00369154 0.00369753 0.00370608 0.00377945 0.00386336 0.00384253 0.00410683 0.00645535 0.00633353 0.00646716 0.00819005 0.00739899 0.016722 0.0072387 0.0114515 0.00890859 0.93988 0.00881805 0.0158124 
0.00817906 0.00837833 0.00850217 0.00832556 0.00813747 0.00825144 0.00823425 0.00835138 0.00822341 0.00803174 0.00816917 0.00862313 0.00889341 0.00835608 0.00810661 0.00864268 0.00887757 0.00856137 0.00903715 0.010042 0.00898075 0.00961101 0.00886569 0.028155 0.00915027 0.0128378 0.0101839 0.021113 0.00882991 0.0093945 0.00888134 0.00683758 0.0105458 0.00639813 0.00834527 0.0106916 0.0126615 0.00789121 0.00369154 0 0.00369572 0.00369042 0.0036937 0.003665 0.00410005 0.00379659 0.00392024 0.00553699 0.00660546 0.00641739 0.0130409 0.00677447 0.0102661 0.00799719 0.97582 0.0191214 0.0116644 0.0084383 
0.00818917 0.00864159 0.00867379 0.00846524 0.00808212 0.00838546 0.00856501 0.00843629 0.00825438 0.00811717 0.00843818 0.00911243 0.00937968 0.00828862 0.00813951 0.00903821 0.00963334 0.00869999 0.00994097 0.00895095 0.00941931 0.00843707 0.022268 0.010086 0.0260318 0.0113152 0.0392098 0.0108331 0.00909795 0.00888124 0.0086025 0.00851806 0.00722311 0.00986495 0.0121129 0.0123892 0.0201193 0.00570656 0.00369753 0.00369572 0 0.00366156 0.00369114 0.00370461 0.00369105 0.00380522 0.00377528 0.00539946 0.00660518 0.0122059 0.00655044 0.0117634 0.00719507 0.963542 0.0102048 0.0125108 0.00861324 0.00903714 
0.00825268 0.00882038 0.00867612 0.00835408 0.00817776 0.00846677 0.00857999 0.00847781 0.00820898 0.00804341 0.00857062 0.00956564 0.00952016 0.00859984 0.00827249 0.00961133 0.00977601 0.00888566 0.00996211 0.0100395 0.00975885 0.00981688 0.00988808 0.0585354 0.0138169 0.0533997 0.0190603 0.011076 0.00923964 0.00905536 0.00874173 0.00777974 0.0111286 0.00953433 0.0130172 0.0122478 0.00773346 0.00613601 0.00370608 0.00369042 0.00366156 0 0.00370019 0.00369255 0.0037044 0.00370831 0.00380519 0.00441319 0.00710119 0.00571995 0.00919605 0.00754312 0.952635 0.0152654 0.0107807 0.00811629 0.00968262 0.00878167 
0.00846688 0.00907398 0.00906559 0.00871505 0.00827168 0.00873072 0.00871 0.00878026 0.00853853 0.00823461 0.00919149 0.0113151 0.0112267 0.00874739 0.00848768 0.0116074 0.0120325 0.0100016 0.0118199 0.011937 0.0111077 0.0089265 0.0344625 0.0188198 0.137438 0.0201345 0.0331167 0.0148678 0.00938069 0.00968246 0.0090799 0.0111608 0.0137024 0.0394604 0.0154608 0.00885307 0.00865833 0.0059631 0.00377945 0.0036937 0.00369114 0.00370019 0 0.0037141 0.00369524 0.00378846 0.00371929 0.00451947 0.00518643 0.00811175 0.00717958 0.96166 0.0133974 0.0148518 0.00808176 0.0086886 0.00920125 0.00951951 
0.00841204 0.00895313 0.00935717 0.00875264 0.00825191 0.00868848 0.00871909 0.00894387 0.00841884 0.00809408 0.00940785 0.0118438 0.0108392 0.00901232 0.00880052 0.0109578 0.0125678 0.0103014 0.0117028 0.0139975 0.011333 0.0105145 0.0128818 0.163074 0.0277896 0.0421169 0.0378955 0.0148952 0.0100736 0.00973326 0.00928889 0.0126749 0.0271022 0.0244791 0.0112103 0.0101179 0.00726692 0.0069284 0.00386336 0.003665 0.00370461 0.00369255 0.0037141 0 0.00370005 0.00369565 0.00373897 0.00401398 0.00960953 0.00640655 0.980983 0.0121676 0.0128065 0.00743008 0.00973061 0.00752615 0.0104497 0.00904678 
0.00839406 0.00874757 0.00886618 0.00866062 0.00825183 0.00847775 0.00871767 0.00860849 0.00851054 0.00819052 0.00896021 0.00989656 0.0102165 0.00869789 0.00851294 0.0100631 0.0111728 0.00968667 0.011297 0.0110019 0.0109284 0.00915971 0.0387232 0.0201211 0.0279427 0.0193513 0.0214631 0.0120523 0.00926216 0.00968067 0.00897262 0.0137752 0.0304661 0.0169999 0.0105452 0.00903516 0.00757815 0.00694513 0.00384253 0.00410005 0.00369105 0.0037044 0.00369524 0.00370005 0 0.00369876 0.00369614 0.00404555 0.0146897 0.977941 0.0187994 0.00811124 0.00653183 0.00848092 0.00815747 0.0087927 0.00937737 0.00948566 
0.00831451 0.00850016 0.00845477 0.00829506 0.00813515 0.00836119 0.00829938 0.00836854 0.00810831 0.0082718 0.00879544 0.00896033 0.00916804 0.00828287 0.00840878 0.00935304 0.00906079 0.00904403 0.00957217 0.0110943 0.00951541 0.00965016 0.0135906 0.010051 0.0140367 0.00974624 0.0103759 0.0123883 0.00879319 0.0103283 0.00968456 0.0145219 0.0135159 0.0117956 0.00811135 0.00814703 0.00780331 0.00693542 0.00410683 0.00379659 0.00380522 0.00370831 0.00378846 0.00369565 0.00369876 0 0.00371178 0.00587309 0.995023 0.00433059 0.00598453 0.00631214 0.00535454 0.00690429 0.00649344 0.00992198 0.0101725 0.0107487 
0.00832681 0.00821742 0.00820792 0.0082326 0.00823489 0.0081589 0.00819598 0.00814965 0.00818425 0.00866279 0.00857131 0.00855491 0.00831022 0.00827129 0.00910216 0.00841 0.00835829 0.00858613 0.0105943 0.0084966 0.00950111 0.0109096 0.00888668 0.00975149 0.00882936 0.00880663 0.00889358 0.00913648 0.00887367 0.0110615 0.0105559 0.0247786 0.0137108 0.00849341 0.00797853 0.00758274 0.00717557 0.00738239 0.00645535 0.00392024 0.00377528 0.00380519 0.00371929 0.00373897 0.00369614 0.00371178 0 0.988029 0.00423604 0.00390328 0.00422198 0.00410983 0.00489956 0.00552021 0.00597109 0.00626412 0.012367 0.00905233 
0.00823907 0.00822788 0.00818998 0.00836034 0.00809664 0.00803193 0.00814251 0.00808291 0.00854124 0.00874003 0.00832756 0.00812678 0.00815263 0.00853565 0.0081016 0.00808133 0.0080278 0.00848281 0.00853488 0.00818382 0.0106393 0.00862 0.00857481 0.00872163 0.00849133 0.00838233 0.0084412 0.00853741 0.0109543 0.00910688 0.0100356 0.0108268 0.00847137 0.00854094 0.00825193 0.00811271 0.00888469 0.0137896 0.00633353 0.00553699 0.00539946 0.00441319 0.00451947 0.00401398 0.00404555 0.00587309 0.988029 0 0.00553025 0.00380994 0.0038405 0.00387131 0.0040228 0.003923 0.00433262 0.00825036 0.011749 0.0112951 
0.00823551 0.00828106 0.00830943 0.00833091 0.00813825 0.00817965 0.00829987 0.00820561 0.0082967 0.00850417 0.00805715 0.00827284 0.00852561 0.00826741 0.00798373 0.0081468 0.00829826 0.00814397 0.00837021 0.00842791 0.00885103 0.00854953 0.00847108 0.0105772 0.00857645 0.0101807 0.0086601 0.00882205 0.00873516 0.00902655 0.00872399 0.00887677 0.00954844 0.00863317 0.00883033 0.00880234 0.0103539 0.0106477 0.00646716 0.00660546 0.00660518 0.00710119 0.00518643 0.00960953 0.0146897 0.995023 0.00423604 0.00553025 0 0.0037274 0.00380553 0.00373406 0.00431011 0.0044171 0.0105825 0.00420129 0.0109336 0.00890932 
0.0083155 0.00876841 0.00868897 0.00845782 0.00811414 0.00847696 0.00843424 0.00838147 0.00822038 0.00954157 0.00888524 0.00861349 0.00872754 0.0082794 0.0080257 0.00858006 0.00884696 0.0084701 0.00868628 0.00889722 0.00879723 0.00810377 0.0161223 0.00886657 0.0196502 0.00932511 0.00997766 0.00904824 0.00858518 0.00938846 0.00870925 0.00986046 0.00839385 0.0117961 0.0086041 0.00873302 0.0108557 0.00817988 0.00819005 0.00641739 0.0122059 0.00571995 0.00811175 0.00640655 0.977941 0.00433059 0.00390328 0.00380994 0.0037274 0 0.00369366 0.00377014 0.00369112 0.00424643 0.00374984 0.00442837 0.0086897 0.0095146 
0.00893655 0.00845365 0.00862771 0.00847214 0.00950425 0.0082795 0.00873726 0.00838948 0.00843307 0.00858085 0.00895157 0.00944911 0.0088639 0.00933943 0.00897592 0.00887595 0.00925002 0.00875854 0.009609 0.00977564 0.00939827 0.0126091 0.0084436 0.0799585 0.00936766 0.0202284 0.0159378 0.00899243 0.00863205 0.00955586 0.00886608 0.00941223 0.0190407 0.00872527 0.0109334 0.0141757 0.0088357 0.0127771 0.00739899 0.0130409 0.00655044 0.00919605 0.00717958 0.980983 0.0187994 0.00598453 0.00422198 0.0038405 0.00380553 0.00369366 0 0.00368715 0.0038901 0.00367897 0.00392383 0.00372757 0.0181033 0.00848313 
0.00838654 0.00880412 0.00876111 0.00858962 0.00811329 0.00871195 0.00848425 0.00854237 0.00827759 0.00964862 0.00927109 0.00880974 0.00988474 0.00821832 0.00807397 0.00890367 0.00906786 0.00867192 0.00937532 0.00913148 0.00929408 0.00814182 0.0385479 0.00930656 0.0455432 0.0109917 0.0116343 0.00985902 0.00881283 0.00955549 0.00886963 0.0117713 0.00885891 0.0215154 0.00932751 0.00941623 0.0124461 0.0083889 0.016722 0.00677447 0.0117634 0.00754312 0.96166 0.0121676 0.00811124 0.00631214 0.00410983 0.00387131 0.00373406 0.00377014 0.00368715 0 0.00368783 0.0037708 0.0036984 0.00418324 0.0087243 0.0114958 
0.00837241 0.00840329 0.0084592 0.0084355 0.00852998 0.00827153 0.00829387 0.0082603 0.00820233 0.00807264 0.00830238 0.00907327 0.0086097 0.00872212 0.00820892 0.00859592 0.00867864 0.00835686 0.00874527 0.00879724 0.00854725 0.01096 0.00841696 0.0624954 0.00909528 0.0168197 0.0123789 0.00915248 0.00845525 0.00906774 0.0087584 0.00887855 0.0154117 0.00856234 0.0101525 0.011312 0.00825181 0.0118547 0.0072387 0.0102661 0.00719507 0.952635 0.0133974 0.0128065 0.00653183 0.00535454 0.00489956 0.0040228 0.00431011 0.00369112 0.0038901 0.00368783 0 0.00373375 0.00378106 0.00369764 0.0146292 0.00840389 
0.00828568 0.00858398 0.00843444 0.0082226 0.00806066 0.00850083 0.00842112 0.0083409 0.00818783 0.00879232 0.00868806 0.00879337 0.0088941 0.00816421 0.00808835 0.00881307 0.00873156 0.00845512 0.00886439 0.00887899 0.00882054 0.00810111 0.0242452 0.00912311 0.0276849 0.00974527 0.0106143 0.00919196 0.00880859 0.00909444 0.00865319 0.0114822 0.00903082 0.0215185 0.00931218 0.00881525 0.0114152 0.00822086 0.0114515 0.00799719 0.963542 0.0152654 0.0148518 0.00743008 0.00848092 0.00690429 0.00552021 0.003923 0.0044171 0.00424643 0.00367897 0.0037708 0.00373375 0 0.00368608 0.00372377 0.00881955 0.0109919 
0.00827815 0.00832432 0.00824478 0.00809164 0.00840489 0.00821446 0.00820167 0.00811104 0.00804407 0.00796944 0.00817767 0.00856022 0.00854828 0.0082645 0.00820637 0.00847807 0.00850629 0.00841823 0.00862084 0.00877972 0.0084368 0.0100615 0.00858025 0.0162853 0.00877145 0.00943155 0.00936019 0.00993144 0.00857867 0.00931815 0.0094455 0.00959655 0.0216827 0.00878071 0.00916174 0.0102918 0.00846527 0.0103235 0.00890859 0.97582 0.0102048 0.0107807 0.00808176 0.00973061 0.00815747 0.00649344 0.00597109 0.00433262 0.0105825 0.00374984 0.00392383 0.0036984 0.00378106 0.00368608 0 0.00369934 0.0494741 0.00927849 
0.00842417 0.00835111 0.00823527 0.00826049 0.00819317 0.00822806 0.00812348 0.00809765 0.00818551 0.00988464 0.0088587 0.00838478 0.0082552 0.00817222 0.00842081 0.00826279 0.00824973 0.00847949 0.00986725 0.00849682 0.00919385 0.00863298 0.0115743 0.00848713 0.00979994 0.00844152 0.00860715 0.00862046 0.0090157 0.0145328 0.00958073 0.0287742 0.00902802 0.010769 0.00872399 0.00869846 0.00987251 0.00993741 0.93988 0.0191214 0.0125108 0.00811629 0.0086886 0.00752615 0.0087927 0.00992198 0.00626412 0.00825036 0.00420129 0.00442837 0.00372757 0.00418324 0.00369764 0.00372377 0.00369934 0 0.0142592 0.0504112 
0.00837606 0.00837071 0.00843121 0.00862675 0.00837108 0.00815893 0.00809993 0.0082035 0.00847069 0.00846796 0.0084874 0.00823475 0.0081872 0.00856263 0.00809904 0.00811935 0.00812341 0.00851504 0.00830169 0.00835273 0.00974446 0.00917544 0.00818027 0.00931292 0.00823568 0.00838258 0.00862465 0.00830765 0.00888576 0.00858066 0.0101612 0.00897579 0.010481 0.00862422 0.00859525 0.00884886 0.0087533 0.0159658 0.00881805 0.0116644 0.00861324 0.00968262 0.00920125 0.0104497 0.00937737 0.0101725 0.012367 0.011749 0.0109336 0.0086897 0.0181033 0.0087243 0.0146292 0.00881955 0.0494741 0.0142592 0 0.0133158 
0.00847565 0.00853609 0.00844164 0.00852617 0.00825697 0.008269 0.00809461 0.00820246 0.00824691 0.0102092 0.00864022 0.00824105 0.00824087 0.00820788 0.00830429 0.00814771 0.00817549 0.00827232 0.00877398 0.00824823 0.00860297 0.00826245 0.00926778 0.00819228 0.00878609 0.00818105 0.00823546 0.00839262 0.00826291 0.0112496 0.00853175 0.0129946 0.00873544 0.00910696 0.00850401 0.0084198 0.00924296 0.00866236 0.0158124 0.0084383 0.00903714 0.00878167 0.00951951 0.00904678 0.00948566 0.0107487 0.00905233 0.0112951 0.00890932 0.0095146 0.00848313 0.0114958 0.00840389 0.0109919 0.00927849 0.0504112 0.0133158 0 
