1DURA
AYVINDSCIACGACKPECPVNCIQEGSIYAIDADSCIDCGSCASVCPVGAPNPED
CEEECCCCCCCCCCHHHCCCCCEECCCCCEECCCCCCCCCHHHHHCCCCCEEECC
0 0 0 0 0 0 0 0 0 0 0 0 0 0 0 0 0 0 0 0 0 0 0 0 0 0 0 0 0 0 0 0 0 0 0 0 0 0 0 0 0 0 0 0 0 0 0 0 0 0 0 0 0 0 0 
0 0 0 0 0 0 0 0 0 0 0 0 0 0 0 0 0 0 0 0 0 0 0 0 0 0 0 0 0 0 0 0 0 0 0 0 0 0 0 0 0 0 0 0 0 0 0 0 0 0 0 0 0 0 0 
0 0.00402397 0.00557336 0.0369843 0.0419039 0.0154594 0.0515775 0.0178664 0.0094646 0.0548727 
0.00402397 0 0.00377509 0.0631251 0.0161989 0.0609243 0.0104224 0.00994977 0.0939892 0.00892444 
0.00557336 0.00377509 0 0.0280413 0.0233734 0.0116049 0.0400681 0.0532815 0.00870468 0.00969417 
0.0369843 0.0631251 0.0280413 0 0.00536383 0.00651313 0.887536 0.0102807 0.0113672 0.014046 
0.0419039 0.0161989 0.0233734 0.00536383 0 0.952174 0.00557545 0.0112837 0.0097413 0.00914621 
0.0154594 0.0609243 0.0116049 0.00651313 0.952174 0 0.00444749 0.0185728 0.0231156 0.013202 
0.0515775 0.0104224 0.0400681 0.887536 0.00557545 0.00444749 0 0.0231929 0.01572 0.032867 
0.0178664 0.00994977 0.0532815 0.0102807 0.0112837 0.0185728 0.0231929 0 0.00388148 0.00442785 
0.0094646 0.0939892 0.00870468 0.0113672 0.0097413 0.0231156 0.01572 0.00388148 0 0.00383502 
0.0548727 0.00892444 0.00969417 0.014046 0.00914621 0.013202 0.032867 0.00442785 0.00383502 0 
