1E19B
GKRVVIALGGNALQQRGQKGSYEEMMDNVRKTARQIAEIIARGYEVVITHGNGPQVGSLLLHMDAGQATYGIPAQPMDVAGAMSQGWIGYMIQQALKNELRKRGMEKKVVTIITQTIVDKNDPAFQNPTKPVGPFYDEETAKRLAREKGWIVKEDSGRGWRRVVPSPDPKGHVEAETIKKLVERGVIVIASGGGGVPVILEDGEIKGVEAVIDKDLAGEKLAEEVNADIFMILTDVNGAALYYGTEKEQWLREVKVEELRKYYEEGHFKAGSMGPKVLAAIRFIEWGGERAIIAHLEKAVEALEGKTGTQVLP
CCEEEEECCHHHCCCCCCCCCHHHHHHHHHHHHHHHHHHHHCCCEEEEECCCHHHHHHHHHHHHHHHHHHCCCCCCHHHHHHHHHHHHHHHHHHHHHHHHHHCCCCCCEEEECCEEECCCCCHHHHCCCEEEEEEECHHHHHHHHHHHCCEEEECCCCCEEEEECCCCCCEECCHHHHHHHHHCCCEEECCHHHCEEEEEECCEEEECCCCCCHHHHHHHHHHHCCCCEEEEEECCCCCEECCCCCCCEECCEEEHHHHHHHHHHCCCCCCCHHHHHHHHHHHHHHCCCEEEEEEHHHHHHHHCCCCCEEEEC
0 0 0 0 0 0 0 0 0 0 0 0 0 0 0 0 0 0 0 0 0 0 0 0 0 0 0 0 0 0 0 0 0 0 0 0 0 0 0 0 0 0 0 0 0 0 0 0 0 0 0 0 0 0 0 0 0 0 0 0 0 0 0 0 0 0 0 0 0 0 0 0 0 0 0 0 0 0 0 0 0 0 0 0 0 0 0 0 0 0 0 0 0 0 0 0 0 0 0 0 0 0 0 0 0 0 0 0 0 0 0 0 0 0 0 0 0 0 0 0 0 0 0 0 0 0 0 0 0 0 0 0 0 0 0 0 0 0 0 0 0 0 0 0 0 0 0 0 0 0 0 0 0 0 0 0 0 0 0 0 0 0 0 0 0 0 0 0 0 0 0 0 0 0 0 0 0 0 0 0 0 0 0 0 0 0 0 0 0 0 0 0 0 0 0 0 0 0 0 0 0 0 0 0 0 0 0 0 0 0 0 0 0 0 0 0 0 0 0 0 0 0 0 0 0 0 0 0 0 0 0 0 0 0 0 0 0 0 0 0 0 0 0 0 0 0 0 0 0 0 0 0 0 0 0 0 0 0 0 0 0 0 0 0 0 0 0 0 0 0 0 0 0 0 0 0 0 0 0 0 0 0 0 0 0 0 0 0 0 0 0 0 0 0 0 0 0 0 0 0 0 0 0 0 0 0 0 0 0 0 0 0 0 
0 0 0 0 0 0 0 0 0 0 0 0 0 0 0 0 0 0 0 0 0 0 0 0 0 0 0 0 0 0 0 0 0 0 0 0 0 0 0 0 0 0 0 0 0 0 0 0 0 0 0 0 0 0 0 0 0 0 0 0 0 0 0 0 0 0 0 0 0 0 0 0 0 0 0 0 0 0 0 0 0 0 0 0 0 0 0 0 0 0 0 0 0 0 0 0 0 0 0 0 0 0 0 0 0 0 0 0 0 0 0 0 0 0 0 0 0 0 0 0 0 0 0 0 0 0 0 0 0 0 0 0 0 0 0 0 0 0 0 0 0 0 0 0 0 0 0 0 0 0 0 0 0 0 0 0 0 0 0 0 0 0 0 0 0 0 0 0 0 0 0 0 0 0 0 0 0 0 0 0 0 0 0 0 0 0 0 0 0 0 0 0 0 0 0 0 0 0 0 0 0 0 0 0 0 0 0 0 0 0 0 0 0 0 0 0 0 0 0 0 0 0 0 0 0 0 0 0 0 0 0 0 0 0 0 0 0 0 0 0 0 0 0 0 0 0 0 0 0 0 0 0 0 0 0 0 0 0 0 0 0 0 0 0 0 0 0 0 0 0 0 0 0 0 0 0 0 0 0 0 0 0 0 0 0 0 0 0 0 0 0 0 0 0 0 0 0 0 0 0 0 0 0 0 0 0 0 0 0 0 0 0 0 
0 0.00409361 0.00381203 0.00399815 0.00517453 0.703008 0.0218484 0.0201761 0.0133217 0.0324104 0.0128265 0.00914205 0.0104599 0.0126086 0.0106289 0.00864333 0.0110953 0.00864217 0.00815236 0.00871984 0.00829152 0.00861748 0.00826221 0.010283 0.00877937 0.00808853 0.00819188 0.00939063 0.00853209 0.00820489 0.00871241 0.00866121 0.00960272 0.00838301 0.00851276 0.00924812 0.00872464 0.0099157 0.0083165 0.00828792 0.00852761 0.00833037 0.00831884 0.00862037 0.00844118 0.00818985 0.00831522 0.00870821 0.00855887 0.0085057 0.00857828 0.00887934 0.00854645 0.00910163 0.00845065 0.00859477 0.00828708 0.00841123 0.00851518 0.00857439 0.00895686 0.00861702 0.00850379 0.00869093 0.00899869 0.00854698 0.00896833 0.0085855 0.00854045 0.00890395 0.00946893 
0.00409361 0 0.00380838 0.00383777 0.00402627 0.0582786 0.828227 0.0318815 0.0824228 0.0144103 0.013082 0.0201573 0.0171884 0.0121189 0.00953876 0.0112307 0.00952353 0.00829527 0.00913751 0.00913901 0.00926857 0.0092066 0.00883569 0.00871491 0.00842634 0.00867128 0.00863425 0.00853863 0.00827555 0.00913439 0.00936042 0.0104296 0.00882639 0.00836073 0.00842709 0.00895872 0.00945194 0.00935599 0.00821047 0.00867399 0.00889619 0.00860374 0.00853966 0.0082986 0.0081318 0.00849722 0.00853258 0.00835713 0.00845505 0.00882172 0.00912533 0.00901916 0.00864928 0.00858485 0.00834928 0.0084823 0.00816366 0.00829268 0.00832475 0.00869172 0.00842384 0.00844872 0.0087264 0.00907351 0.00890057 0.00879039 0.00864069 0.00848701 0.00887657 0.00894647 0.00926631 
0.00381203 0.00380838 0 0.00380454 0.00374043 0.0569438 0.0538427 0.795449 0.0335138 0.0244453 0.0107226 0.024167 0.0274813 0.0126602 0.0100594 0.00996804 0.00955316 0.00826527 0.00871306 0.0118218 0.01146 0.0105931 0.00901063 0.00851127 0.00894801 0.0088353 0.00870631 0.00827934 0.00855829 0.00901051 0.0111029 0.00991897 0.00869045 0.00841661 0.00843169 0.00920952 0.00980542 0.00984642 0.00834789 0.00891452 0.0096134 0.00913027 0.00837609 0.00813308 0.00845221 0.0087067 0.00854249 0.00833065 0.00847139 0.00917988 0.0100479 0.00991261 0.0087682 0.00840222 0.00836695 0.00831082 0.00817395 0.00827572 0.00838639 0.00855583 0.00829462 0.00846084 0.00887646 0.0095303 0.00935911 0.00890754 0.0086741 0.00857937 0.00907349 0.00906891 0.00905745 
0.00399815 0.00383777 0.00380454 0 0.00391244 0.0232455 0.111708 0.072683 0.774608 0.033951 0.0134487 0.0179022 0.0308259 0.0142938 0.0111924 0.01168 0.00900734 0.00839213 0.0092595 0.00980469 0.0100552 0.0102955 0.00909223 0.00859336 0.008804 0.00878844 0.008502 0.0082602 0.00880634 0.00948646 0.00943687 0.00980117 0.00865919 0.00841753 0.00866655 0.00934561 0.00995714 0.00909977 0.0084363 0.00880466 0.00917663 0.00878338 0.00838738 0.00813675 0.00839289 0.00863682 0.00853099 0.00832143 0.00853932 0.00922502 0.0094077 0.00965834 0.00884139 0.00841152 0.00852774 0.00838261 0.00822153 0.00819955 0.00835778 0.00867383 0.00827868 0.00855754 0.00900982 0.00944367 0.00927349 0.00901813 0.00878786 0.00884595 0.00917545 0.00914843 0.00892518 
0.00517453 0.00402627 0.00374043 0.00391244 0 0.0279018 0.021299 0.0732134 0.0956336 0.712009 0.0151586 0.0121631 0.0155962 0.0182664 0.0128173 0.00990018 0.0101019 0.00875238 0.00834242 0.00917113 0.00919309 0.00888418 0.00858259 0.00886428 0.00939265 0.00836932 0.00819568 0.00850715 0.0100222 0.0085443 0.00898542 0.00883402 0.0091033 0.00890919 0.00928838 0.0110253 0.00927911 0.0106403 0.00893866 0.00855238 0.00909729 0.00863719 0.00818576 0.00820493 0.00884345 0.00837057 0.00821944 0.00844119 0.00870694 0.00916084 0.00891474 0.00906282 0.00864515 0.00862002 0.00863018 0.0084333 0.00826366 0.00820177 0.00858167 0.00858413 0.00819963 0.00891161 0.00876636 0.00882202 0.00875613 0.00868989 0.00861218 0.00915555 0.00898794 0.00884544 0.0089513 
0.703008 0.0582786 0.0569438 0.0232455 0.0279018 0 0.00419938 0.00375382 0.00378758 0.00482747 0.0679996 0.0104445 0.0137486 0.0155595 0.0128601 0.00875837 0.0220395 0.00915894 0.0093291 0.00829353 0.00867285 0.00826677 0.00902921 0.00989864 0.0108741 0.0080801 0.00889896 0.0113375 0.00895417 0.00827163 0.00874611 0.00918621 0.0118966 0.00886824 0.00889734 0.0097729 0.00868796 0.0102108 0.00813351 0.00820376 0.00855444 0.00822398 0.00834674 0.00886438 0.00899956 0.00796849 0.00859115 0.00901324 0.00834421 0.00825183 0.00876921 0.00870322 0.00830154 0.00885726 0.00854573 0.00823541 0.00819137 0.00838763 0.00916234 0.00811618 0.00988997 0.00831868 0.00832612 0.00834045 0.00834953 0.00832452 0.00865259 0.00843632 0.00831373 0.00851985 0.00893102 
0.0218484 0.828227 0.0538427 0.111708 0.021299 0.00419938 0 0.00375124 0.00373186 0.00379976 0.100849 0.083674 0.0177663 0.0162351 0.010347 0.0225009 0.00941025 0.00860784 0.00886068 0.0120637 0.00965315 0.0120842 0.00878289 0.00947781 0.00832061 0.0104231 0.00864944 0.00841049 0.00866112 0.00957167 0.0103294 0.0112328 0.00874639 0.00862626 0.00858696 0.00931366 0.0101237 0.00916499 0.00832571 0.00880774 0.0091923 0.00911777 0.00846589 0.0082104 0.00813957 0.00907779 0.00844912 0.00834263 0.00849075 0.00893381 0.00907225 0.00913309 0.00862561 0.00855644 0.00828888 0.00834832 0.00814476 0.00812008 0.00806215 0.00892286 0.0081475 0.00839235 0.00857269 0.00876239 0.00873528 0.00852446 0.008365 0.00839738 0.00851039 0.00857647 0.00875578 
0.0201761 0.0318815 0.795449 0.072683 0.0732134 0.00375382 0.00375124 0 0.0037627 0.00374635 0.0326421 0.0859576 0.0776156 0.0145622 0.0134819 0.0104978 0.0142413 0.00841402 0.0104693 0.0134552 0.0254524 0.0135239 0.0101568 0.00876983 0.00976446 0.0089802 0.00915068 0.00853932 0.00863181 0.00983429 0.0155581 0.0114931 0.00956329 0.00875273 0.00858749 0.00993073 0.0107216 0.0106895 0.00834754 0.00926547 0.0108974 0.00947113 0.0086512 0.008225 0.00838975 0.00859274 0.00923441 0.00838281 0.00851296 0.0100092 0.0119179 0.00996506 0.00888707 0.00847976 0.00835899 0.00828828 0.0081113 0.00816313 0.00842706 0.00838125 0.00838167 0.00833123 0.00872371 0.00909344 0.00907425 0.00876873 0.008479 0.00839489 0.00869205 0.00887386 0.00887275 
0.0133217 0.0824228 0.0335138 0.774608 0.0956336 0.00378758 0.00373186 0.0037627 0 0.00392987 0.0255955 0.0685848 0.175552 0.0717927 0.0118929 0.0270269 0.0110723 0.00874545 0.00966446 0.0147514 0.0113929 0.0146918 0.0107151 0.00943026 0.00903938 0.00952267 0.00904241 0.00859252 0.00911438 0.010628 0.0117271 0.0157666 0.00936389 0.00897028 0.00910909 0.0100534 0.0122968 0.0108636 0.00859728 0.0093593 0.0103745 0.00918879 0.00853081 0.00821582 0.00823005 0.00873321 0.00870529 0.00839503 0.008595 0.0092536 0.00958458 0.0101926 0.00898826 0.0084723 0.00836991 0.00829964 0.00808227 0.00808564 0.0081418 0.00856318 0.00811798 0.00833301 0.00875431 0.00909174 0.00910515 0.00885963 0.00843769 0.00846706 0.0087424 0.00877809 0.00870873 
0.0324104 0.0144103 0.0244453 0.033951 0.712009 0.00482747 0.00379976 0.00374635 0.00392987 0 0.0177873 0.0239995 0.0881709 0.171914 0.0201156 0.0189076 0.0336241 0.00916609 0.00898007 0.0101014 0.0096828 0.00921099 0.010657 0.00983474 0.0105323 0.00846742 0.00851386 0.00919267 0.0110416 0.00860631 0.0095319 0.00953095 0.0103658 0.00934459 0.00966346 0.0121472 0.00952012 0.0147453 0.00926233 0.00866772 0.0092162 0.00866978 0.00822402 0.00824276 0.00882658 0.00828164 0.0081956 0.00877763 0.00858606 0.00877794 0.00880187 0.00902969 0.0086913 0.00911205 0.00847931 0.00823845 0.00810765 0.00813051 0.00827966 0.00819829 0.00810796 0.00849825 0.00850839 0.00862345 0.00875699 0.00842749 0.00831589 0.00864102 0.00853349 0.00843342 0.00874649 
0.0128265 0.013082 0.0107226 0.0134487 0.0151586 0.0679996 0.100849 0.0326421 0.0255955 0.0177873 0 0.00400215 0.00377194 0.00420378 0.00591481 0.0055511 0.0224492 0.034689 0.0141857 0.0121789 0.0105523 0.0103454 0.0107782 0.0368346 0.0223783 0.0121741 0.0112273 0.0215546 0.0154517 0.0134617 0.0129162 0.0192126 0.0258065 0.0154162 0.0162989 0.0209371 0.0121646 0.0189474 0.00961549 0.00948897 0.01012 0.0090401 0.00951039 0.0109968 0.00934543 0.00854436 0.00880281 0.0109374 0.0107608 0.00928683 0.00957619 0.00930019 0.00903154 0.0108184 0.00870765 0.00890311 0.00817766 0.00828299 0.00874781 0.00844431 0.00931384 0.00875883 0.00838616 0.00872531 0.0086457 0.00860885 0.00873652 0.00857872 0.00824209 0.00849829 0.00917599 
0.00914205 0.0201573 0.024167 0.0179022 0.0121631 0.0104445 0.083674 0.0859576 0.0685848 0.0239995 0.00400215 0 0.00383463 0.00377727 0.00409241 0.0153076 0.0103616 0.0135698 0.0393058 0.0161449 0.0129172 0.0190925 0.0135958 0.0118808 0.0102481 0.022803 0.0110465 0.0114063 0.0105539 0.0191066 0.032808 0.0329407 0.0122364 0.0119244 0.0107188 0.0156049 0.0250466 0.0145141 0.00912659 0.0132654 0.0160404 0.0129002 0.00984408 0.00893413 0.00849714 0.0103645 0.00953385 0.00905577 0.00984313 0.0135959 0.0153735 0.0140319 0.0117291 0.00918741 0.00852023 0.00859058 0.00839672 0.00809832 0.00811759 0.00880389 0.0084113 0.00822792 0.00900651 0.00927534 0.00951191 0.00873569 0.00833258 0.00826582 0.00860813 0.00892165 0.00868864 
0.0104599 0.0171884 0.0274813 0.0308259 0.0155962 0.0137486 0.0177663 0.0776156 0.175552 0.0881709 0.00377194 0.00383463 0 0.00385585 0.00492642 0.0078639 0.00960422 0.0166758 0.0184117 0.0153106 0.0243746 0.0158593 0.0307804 0.0125214 0.0193911 0.0107225 0.0208423 0.0111871 0.0136944 0.0246363 0.0258544 0.0425343 0.0188652 0.0124804 0.0145455 0.0177819 0.0466447 0.0226643 0.00980754 0.0140104 0.0215795 0.0144488 0.0117267 0.0085264 0.00956923 0.00962441 0.0137302 0.00944081 0.0100975 0.0154942 0.0215677 0.0183931 0.0123581 0.00927716 0.00922811 0.0085251 0.00819099 0.0081969 0.0085263 0.00850059 0.00872822 0.00854862 0.00912352 0.00981733 0.00988146 0.00895529 0.00842636 0.00854674 0.00897095 0.00874801 0.00895057 
0.0126086 0.0121189 0.0126602 0.0142938 0.0182664 0.0155595 0.0162351 0.0145622 0.0717927 0.171914 0.00420378 0.00377727 0.00385585 0 0.00982044 0.00455144 0.00454352 0.0150486 0.0103873 0.0155748 0.0121119 0.0114749 0.0131424 0.0210678 0.0155259 0.0114773 0.010105 0.0191686 0.0275124 0.0120163 0.0131372 0.0189758 0.024646 0.0173203 0.0172705 0.0293676 0.0151291 0.0406373 0.01419 0.0105368 0.0128174 0.0111491 0.00930656 0.00916961 0.0124687 0.00969716 0.00915828 0.0115718 0.0126917 0.0109634 0.0121257 0.0117333 0.0100832 0.0109685 0.00948089 0.00883079 0.0085267 0.00829684 0.00876996 0.00866606 0.00846527 0.00880975 0.00890836 0.00940838 0.00952653 0.00866387 0.00852938 0.0088804 0.00862368 0.00858183 0.00903654 
0.0106289 0.00953876 0.0100594 0.0111924 0.0128173 0.0128601 0.010347 0.0134819 0.0118929 0.0201156 0.00591481 0.00409241 0.00492642 0.00982044 0 0.003784 0.00414055 0.0174037 0.0151356 0.0126919 0.0165452 0.0239823 0.010289 0.0287721 0.0151013 0.0100139 0.0105348 0.0199025 0.0124861 0.0107229 0.014724 0.012358 0.0192021 0.0120579 0.0138644 0.0166728 0.0110889 0.0226503 0.00940122 0.00934726 0.0105009 0.0092465 0.0088556 0.0110318 0.00930076 0.0085068 0.00885832 0.0112051 0.00974761 0.0089983 0.00937881 0.00913965 0.00887927 0.0103262 0.00849519 0.00876273 0.00811906 0.00820216 0.00854261 0.00827015 0.00953882 0.00836766 0.00834249 0.00851492 0.00845676 0.00843166 0.00861466 0.00827235 0.00820041 0.0084215 0.00862095 
0.00864333 0.0112307 0.00996804 0.01168 0.00990018 0.00875837 0.0225009 0.0104978 0.0270269 0.0189076 0.0055511 0.0153076 0.0078639 0.00455144 0.003784 0 0.00371883 0.0099676 0.0339042 0.0131996 0.0146953 0.0104544 0.0176891 0.0111804 0.0100868 0.0202856 0.0120076 0.00976839 0.0100103 0.0203539 0.0107071 0.0266684 0.0100603 0.0123927 0.0112052 0.0104454 0.0309901 0.0110316 0.00869046 0.0103745 0.00990625 0.00955044 0.00926267 0.00837124 0.0083361 0.0100703 0.00886018 0.00878743 0.00887704 0.00999174 0.0105285 0.00969357 0.00958591 0.0087708 0.00849433 0.00872155 0.00816585 0.00809077 0.00802485 0.0090597 0.00824769 0.00818897 0.0087663 0.00891736 0.00889901 0.0086537 0.0082468 0.00826097 0.00855618 0.00865047 0.00821918 
0.0110953 0.00952353 0.00955316 0.00900734 0.0101019 0.0220395 0.00941025 0.0142413 0.0110723 0.0336241 0.0224492 0.0103616 0.00960422 0.00454352 0.00414055 0.00371883 0 0.0376305 0.0107203 0.0142789 0.00948257 0.0112981 0.0161516 0.0123423 0.0313136 0.00901706 0.00998027 0.0112401 0.0269972 0.0108231 0.011998 0.0108969 0.0145017 0.012718 0.0114404 0.0252862 0.0109193 0.0155853 0.0121316 0.00927799 0.0105781 0.00943899 0.00857713 0.00846675 0.0135362 0.00873424 0.0089616 0.00907158 0.0105592 0.00947591 0.00971962 0.00943013 0.00864317 0.00904873 0.00948245 0.00843123 0.00849725 0.0082762 0.0101966 0.00825717 0.00892584 0.00890025 0.0085859 0.0086967 0.0085464 0.00826226 0.00824228 0.00883576 0.00840884 0.00828592 0.00822644 
0.00864217 0.00829527 0.00826527 0.00839213 0.00875238 0.00915894 0.00860784 0.00841402 0.00874545 0.00916609 0.034689 0.0135698 0.0166758 0.0150486 0.0174037 0.0099676 0.0376305 0 0.00651963 0.0036858 0.00369859 0.00367894 0.00386537 0.00790613 0.0148533 0.00919536 0.00899341 0.0133578 0.0105132 0.00913909 0.00995888 0.0102866 0.0146577 0.0114042 0.0101095 0.0126312 0.00903788 0.0129969 0.00882584 0.00852583 0.00877972 0.00858494 0.00837769 0.00943193 0.00853866 0.00824151 0.00814396 0.00945466 0.00866278 0.00824127 0.00830875 0.00843113 0.00820482 0.00888884 0.00816063 0.00832704 0.00802771 0.00808975 0.00817085 0.00841581 0.00861107 0.00810787 0.00808303 0.00816323 0.00809688 0.00803042 0.00821414 0.00806608 0.00804318 0.00800181 0.00828846 
0.00815236 0.00913751 0.00871306 0.0092595 0.00834242 0.0093291 0.00886068 0.0104693 0.00966446 0.00898007 0.0141857 0.0393058 0.0184117 0.0103873 0.0151356 0.0339042 0.0107203 0.00651963 0 0.00369011 0.003682 0.00369846 0.00369168 0.00375038 0.0138692 0.0105357 0.0101332 0.00988728 0.00973068 0.0101545 0.0106929 0.0250554 0.00945479 0.0099581 0.00903218 0.0113871 0.0145232 0.00957416 0.00850854 0.00951358 0.00976706 0.0091698 0.00895728 0.00825986 0.00847219 0.00835869 0.00937272 0.00837363 0.00863983 0.00981803 0.00973506 0.00903718 0.00875834 0.00832648 0.00825294 0.00821946 0.00807887 0.0080168 0.00818753 0.00808222 0.00860071 0.00804726 0.00847616 0.00860047 0.00846193 0.00855332 0.00818732 0.00808493 0.00834282 0.00834419 0.00814865 
0.00871984 0.00913901 0.0118218 0.00980469 0.00917113 0.00829353 0.0120637 0.0134552 0.0147514 0.0101014 0.0121789 0.0161449 0.0153106 0.0155748 0.0126919 0.0131996 0.0142789 0.0036858 0.00369011 0 0.0036985 0.00369471 0.00370042 0.00375743 0.00950065 0.0111379 0.0108842 0.0125344 0.0104064 0.0105589 0.0352234 0.0128507 0.0122593 0.00974932 0.00939715 0.012505 0.0120886 0.0130611 0.00929092 0.0104228 0.0185224 0.0136071 0.00897603 0.0084434 0.00849447 0.00985976 0.00872012 0.00917308 0.00920677 0.011216 0.0177274 0.015731 0.00958417 0.0090543 0.00831478 0.00843471 0.00795552 0.00794936 0.00807789 0.00836676 0.00817526 0.00850382 0.00860964 0.00960806 0.00976512 0.00868732 0.00817432 0.00831092 0.00842937 0.00866379 0.00847226 
0.00829152 0.00926857 0.01146 0.0100552 0.00919309 0.00867285 0.00965315 0.0254524 0.0113929 0.0096828 0.0105523 0.0129172 0.0243746 0.0121119 0.0165452 0.0146953 0.00948257 0.00369859 0.003682 0.0036985 0 0.00370254 0.00368856 0.00372574 0.0105812 0.0100247 0.0199897 0.0115497 0.00882422 0.0123174 0.0160692 0.0165731 0.00934693 0.0094247 0.00914302 0.0107144 0.0135483 0.0105581 0.00879243 0.0112667 0.018233 0.0129971 0.00925327 0.00830443 0.0087421 0.00872505 0.010873 0.00887945 0.00914596 0.0106844 0.0193367 0.0176467 0.00950397 0.00911059 0.00830538 0.00822543 0.00802653 0.00797471 0.00816446 0.0081465 0.00832803 0.00815707 0.00855826 0.00931924 0.00895847 0.00858616 0.00818203 0.00814951 0.00845595 0.0085239 0.00827978 
0.00861748 0.0092066 0.0105931 0.0102955 0.00888418 0.00826677 0.0120842 0.0135239 0.0146918 0.00921099 0.0103454 0.0190925 0.0158593 0.0114749 0.0239823 0.0104544 0.0112981 0.00367894 0.00369846 0.00369471 0.00370254 0 0.00369116 0.00373873 0.00879174 0.0381548 0.0143907 0.0124655 0.00904851 0.0108504 0.0246839 0.0127303 0.0093771 0.00913282 0.00908664 0.0104884 0.0113555 0.0117849 0.00916822 0.0108751 0.0205828 0.0123622 0.00897835 0.0083808 0.00850892 0.00944118 0.00888125 0.0087715 0.00874799 0.0111524 0.0175242 0.0161462 0.00937037 0.00884684 0.00822655 0.0083178 0.00802752 0.00797117 0.00808525 0.00841782 0.00822584 0.00810008 0.00865266 0.00897648 0.00905617 0.00857216 0.00825124 0.00816181 0.00851948 0.00856166 0.00843947 
0.00826221 0.00883569 0.00901063 0.00909223 0.00858259 0.00902921 0.00878289 0.0101568 0.0107151 0.010657 0.0107782 0.0135958 0.0307804 0.0131424 0.010289 0.0176891 0.0161516 0.00386537 0.00369168 0.00370042 0.00368856 0.00369116 0 0.0037794 0.039819 0.0131474 0.0232679 0.0105924 0.0100463 0.0166896 0.0104775 0.0172307 0.0121158 0.0106074 0.0109221 0.0106295 0.0175981 0.0131119 0.00889645 0.0102524 0.00993042 0.00928505 0.00931102 0.00839928 0.00889247 0.00867492 0.0105393 0.00870785 0.00869152 0.00960434 0.0101273 0.0101695 0.00969848 0.00861499 0.00847688 0.00835764 0.00814594 0.00810353 0.00820174 0.00852164 0.00851033 0.00808513 0.00847465 0.00877938 0.00867069 0.00842408 0.00823422 0.00809007 0.00841198 0.00845487 0.0083125 
0.010283 0.00871491 0.00851127 0.00859336 0.00886428 0.00989864 0.00947781 0.00876983 0.00943026 0.00983474 0.0368346 0.0118808 0.0125214 0.0210678 0.0287721 0.0111804 0.0123423 0.00790613 0.00375038 0.00375743 0.00372574 0.00373873 0.0037794 0 0.0239446 0.0184377 0.0101631 0.0183552 0.0386086 0.010212 0.00982233 0.0101412 0.0290009 0.0140027 0.0133408 0.0204595 0.00999146 0.0156749 0.0148265 0.00924035 0.00987198 0.00922232 0.00879903 0.00913569 0.0125238 0.00989136 0.00846755 0.0101249 0.0113683 0.00925261 0.00896634 0.00910106 0.00885855 0.0094778 0.00910076 0.00869034 0.00847558 0.00835672 0.00864997 0.0089864 0.00835092 0.00895673 0.00839347 0.0083856 0.00842776 0.00831202 0.00829118 0.0090485 0.00824063 0.00819332 0.0083313 
0.00877937 0.00842634 0.00894801 0.008804 0.00939265 0.0108741 0.00832061 0.00976446 0.00903938 0.0105323 0.0223783 0.0102481 0.0193911 0.0155259 0.0151013 0.0100868 0.0313136 0.0148533 0.0138692 0.00950065 0.0105812 0.00879174 0.039819 0.0239446 0 0.00376676 0.00391468 0.00539877 0.00590987 0.00712489 0.0104288 0.871836 0.0442782 0.0106596 0.0190823 0.0223697 0.0125387 0.0216761 0.0100599 0.0105591 0.0109991 0.0104785 0.0110527 0.0146187 0.0130188 0.00854921 0.011807 0.0134001 0.0103872 0.00959209 0.00963824 0.0102129 0.00945081 0.0130632 0.00989714 0.00914805 0.00837514 0.00916917 0.00986376 0.00821821 0.0135865 0.00830521 0.00829951 0.00873155 0.00845468 0.00846329 0.00925223 0.00830066 0.00813269 0.00854578 0.00893334 
0.00808853 0.00867128 0.0088353 0.00878844 0.00836932 0.0080801 0.0104231 0.0089802 0.00952267 0.00846742 0.0121741 0.022803 0.0107225 0.0114773 0.0100139 0.0202856 0.00901706 0.00919536 0.0105357 0.0111379 0.0100247 0.0381548 0.0131474 0.0184377 0.00376676 0 0.00374632 0.00372479 0.00545554 0.00790581 0.931199 0.0134871 0.00741469 0.0106478 0.00942384 0.0144466 0.0165919 0.0120413 0.00936213 0.0101038 0.011682 0.0112046 0.00962348 0.00885836 0.00869373 0.0128607 0.00884745 0.00964909 0.00935465 0.0109535 0.0128232 0.0117916 0.0094962 0.00911676 0.00834204 0.00874309 0.00821021 0.00809499 0.00814782 0.00974555 0.0082116 0.00802843 0.00855942 0.00893589 0.00872717 0.00853366 0.00821579 0.00803392 0.00834993 0.0085317 0.00845558 
0.00819188 0.00863425 0.00870631 0.008502 0.00819568 0.00889896 0.00864944 0.00915068 0.00904241 0.00851386 0.0112273 0.0110465 0.0208423 0.010105 0.0105348 0.0120076 0.00998027 0.00899341 0.0101332 0.0108842 0.0199897 0.0143907 0.0232679 0.0101631 0.00391468 0.00374632 0 0.00383336 0.00633611 0.974767 0.016495 0.00950105 0.00752617 0.0101638 0.0099615 0.0110923 0.0237014 0.0121181 0.00930673 0.0107534 0.0103373 0.0105257 0.00969656 0.00854463 0.00990394 0.00931879 0.0111861 0.00875929 0.00875766 0.0110508 0.0107443 0.0105847 0.00969557 0.00854891 0.00850857 0.00839138 0.0081136 0.00810577 0.00830724 0.00838428 0.0085297 0.00805845 0.00850278 0.00872892 0.00860249 0.00839129 0.00821261 0.00809172 0.00845832 0.00835668 0.00816871 
0.00939063 0.00853863 0.00827934 0.0082602 0.00850715 0.0113375 0.00841049 0.00853932 0.00859252 0.00919267 0.0215546 0.0114063 0.0111871 0.0191686 0.0199025 0.00976839 0.0112401 0.0133578 0.00988728 0.0125344 0.0115497 0.0124655 0.0105924 0.0183552 0.00539877 0.00372479 0.00383336 0 0.95808 0.0250474 0.00752986 0.00693233 0.00764895 0.00979327 0.012587 0.0222473 0.0116121 0.0216589 0.0138855 0.00958786 0.0102042 0.00957949 0.00892067 0.00923769 0.0175051 0.0100594 0.00897595 0.0103443 0.0129089 0.0100057 0.00953268 0.0113709 0.00886603 0.0101688 0.0101448 0.00879504 0.00897451 0.00840837 0.00952953 0.00833976 0.00872943 0.00901754 0.00848802 0.00828139 0.00826837 0.00820372 0.00822999 0.00935979 0.0083701 0.00824615 0.00835904 
0.00853209 0.00827555 0.00855829 0.00880634 0.0100222 0.00895417 0.00866112 0.00863181 0.00911438 0.0110416 0.0154517 0.0105539 0.0136944 0.0275124 0.0124861 0.0100103 0.0269972 0.0105132 0.00973068 0.0104064 0.00882422 0.00904851 0.0100463 0.0386086 0.00590987 0.00545554 0.00633611 0.95808 0 0.0037504 0.00369399 0.00390703 0.00416492 0.00857976 0.0121854 0.0260553 0.0148149 0.0375788 0.0106551 0.010612 0.011157 0.00986397 0.0107372 0.0211053 0.0102832 0.00903395 0.0104695 0.0216942 0.0111607 0.0104657 0.0108429 0.0104937 0.0112627 0.0180609 0.00967212 0.0118103 0.0081408 0.00987032 0.00918509 0.00853081 0.0128317 0.00842933 0.00830983 0.00865392 0.0084741 0.0086272 0.00953829 0.00843646 0.00815586 0.00864933 0.00976157 
0.00820489 0.00913439 0.00901051 0.00948646 0.0085443 0.00827163 0.00957167 0.00983429 0.010628 0.00860631 0.0134617 0.0191066 0.0246363 0.0120163 0.0107229 0.0203539 0.0108231 0.00913909 0.0101545 0.0105589 0.0123174 0.0108504 0.0166896 0.010212 0.00712489 0.00790581 0.974767 0.0250474 0.0037504 0 0.00372496 0.00370657 0.0037562 0.00750533 0.00824407 0.0220977 0.0437675 0.0154367 0.00957982 0.0135133 0.0180175 0.0122868 0.013194 0.00955563 0.00970701 0.00991105 0.0129107 0.0105102 0.0111943 0.0172114 0.024918 0.0210591 0.0138249 0.00996371 0.0089141 0.00869776 0.0081885 0.00812362 0.00850252 0.00894045 0.00847565 0.00817434 0.00924891 0.0102261 0.00954949 0.00900679 0.00835491 0.00827911 0.00872375 0.00923221 0.00859371 
0.00871241 0.00936042 0.0111029 0.00943687 0.00898542 0.00874611 0.0103294 0.0155581 0.0117271 0.0095319 0.0129162 0.032808 0.0258544 0.0131372 0.014724 0.0107071 0.011998 0.00995888 0.0106929 0.0352234 0.0160692 0.0246839 0.0104775 0.00982233 0.0104288 0.931199 0.016495 0.00752986 0.00369399 0.00372496 0 0.00371888 0.0037038 0.00709048 0.0102934 0.0395186 0.0210408 0.0173658 0.0116781 0.0192992 0.0370764 0.027657 0.0106063 0.00889699 0.00978511 0.0154519 0.0122697 0.00984626 0.0133035 0.0264687 0.0611584 0.0613062 0.0133489 0.00974516 0.00917036 0.00868987 0.00829288 0.00806601 0.00893744 0.00874453 0.00852751 0.00885985 0.00974617 0.0129739 0.0129713 0.00935619 0.00843438 0.00856838 0.00923655 0.00943776 0.00963518 
0.00866121 0.0104296 0.00991897 0.00980117 0.00883402 0.00918621 0.0112328 0.0114931 0.0157666 0.00953095 0.0192126 0.0329407 0.0425343 0.0189758 0.012358 0.0266684 0.0108969 0.0102866 0.0250554 0.0128507 0.0165731 0.0127303 0.0172307 0.0101412 0.871836 0.0134871 0.00950105 0.00693233 0.00390703 0.00370657 0.00371888 0 0.00372635 0.0125852 0.0355173 0.0311761 0.110208 0.0256902 0.0127782 0.0231339 0.0238942 0.0186263 0.0179836 0.00969802 0.0124816 0.0191871 0.0166521 0.0115076 0.0125 0.0328612 0.0442089 0.0307377 0.0320018 0.010545 0.0101794 0.00912665 0.0086388 0.00833154 0.00879499 0.00993353 0.00862316 0.00867551 0.0104158 0.0122953 0.0115214 0.0094035 0.00847132 0.00881825 0.00939231 0.00921127 0.00904855 
0.00960272 0.00882639 0.00869045 0.00865919 0.0091033 0.0118966 0.00874639 0.00956329 0.00936389 0.0103658 0.0258065 0.0122364 0.0188652 0.024646 0.0192021 0.0100603 0.0145017 0.0146577 0.00945479 0.0122593 0.00934693 0.0093771 0.0121158 0.0290009 0.0442782 0.00741469 0.00752617 0.00764895 0.00416492 0.0037562 0.0037038 0.00372635 0 0.030712 0.0167535 0.029053 0.0194913 0.069086 0.0185306 0.010818 0.0148754 0.0117371 0.0101971 0.0105882 0.023256 0.0109539 0.0120197 0.0140976 0.0161074 0.0125603 0.0124395 0.0126474 0.0112257 0.0154623 0.0134036 0.00983777 0.00967005 0.00859959 0.0105715 0.00845958 0.00933682 0.00975311 0.00915621 0.00922658 0.00890524 0.00856385 0.00901521 0.00975152 0.00876127 0.00853603 0.00884773 
0.00838301 0.00836073 0.00841661 0.00841753 0.00890919 0.00886824 0.00862626 0.00875273 0.00897028 0.00934459 0.0154162 0.0119244 0.0124804 0.0173203 0.0120579 0.0123927 0.012718 0.0114042 0.0099581 0.00974932 0.0094247 0.00913282 0.0106074 0.0140027 0.0106596 0.0106478 0.0101638 0.00979327 0.00857976 0.00750533 0.00709048 0.0125852 0.030712 0 0.0039134 0.0302229 0.0826362 0.0391933 0.0125502 0.0168241 0.0112103 0.0107214 0.0110297 0.0129018 0.0116005 0.0112237 0.0114949 0.0163025 0.0138907 0.0127863 0.0110346 0.010702 0.0108896 0.0141352 0.0107916 0.0118815 0.00857612 0.00885234 0.0093279 0.00961706 0.00979914 0.00844467 0.00875843 0.0088341 0.00882247 0.00888793 0.00913794 0.00816658 0.00831243 0.00835778 0.00864311 
0.00851276 0.00842709 0.00843169 0.00866655 0.00928838 0.00889734 0.00858696 0.00858749 0.00910909 0.00966346 0.0162989 0.0107188 0.0145455 0.0172705 0.0138644 0.0112052 0.0114404 0.0101095 0.00903218 0.00939715 0.00914302 0.00908664 0.0109221 0.0133408 0.0190823 0.00942384 0.0099615 0.012587 0.0121854 0.00824407 0.0102934 0.0355173 0.0167535 0.0039134 0 0.0317845 0.0536858 0.0662827 0.0144717 0.0112275 0.0119687 0.0106737 0.0127157 0.0116851 0.0135166 0.0097802 0.0123291 0.0137531 0.012939 0.010801 0.0116032 0.0102572 0.0117622 0.0121569 0.0142179 0.00979837 0.00943667 0.00866263 0.00937979 0.00930669 0.00973482 0.00872222 0.00871221 0.00871013 0.00881061 0.00885931 0.00870427 0.00886543 0.00824466 0.00864867 0.00864275 
0.00924812 0.00895872 0.00920952 0.00934561 0.0110253 0.0097729 0.00931366 0.00993073 0.0100534 0.0121472 0.0209371 0.0156049 0.0177819 0.0293676 0.0166728 0.0104454 0.0252862 0.0126312 0.0113871 0.012505 0.0107144 0.0104884 0.0106295 0.0204595 0.0223697 0.0144466 0.0110923 0.0222473 0.0260553 0.0220977 0.0395186 0.0311761 0.029053 0.0302229 0.0317845 0 0.00391826 0.00390036 0.0119793 0.0240539 0.0465684 0.0420773 0.0151249 0.0350996 0.0136027 0.0133854 0.0129621 0.036228 0.0461818 0.0321979 0.0267039 0.0306366 0.0144859 0.0333529 0.0142401 0.0179184 0.0102023 0.0122432 0.0147305 0.010786 0.0169282 0.0109988 0.0112439 0.0115491 0.0110252 0.0109213 0.012456 0.00970947 0.00926946 0.0102851 0.0121584 
0.00872464 0.00945194 0.00980542 0.00995714 0.00927911 0.00868796 0.0101237 0.0107216 0.0122968 0.00952012 0.0121646 0.0250466 0.0466447 0.0151291 0.0110889 0.0309901 0.0109193 0.00903788 0.0145232 0.0120886 0.0135483 0.0113555 0.0175981 0.00999146 0.0125387 0.0165919 0.0237014 0.0116121 0.0148149 0.0437675 0.0210408 0.110208 0.0194913 0.0826362 0.0536858 0.00391826 0 0.00397726 0.00896716 0.093048 0.0181107 0.0165624 0.0191167 0.00945842 0.0102022 0.0185619 0.0369767 0.0129334 0.0169399 0.0791661 0.0430595 0.0350872 0.0786783 0.0135801 0.0204222 0.0141958 0.010321 0.01009 0.00994172 0.0192449 0.00964822 0.00911443 0.0139657 0.01973 0.0165177 0.0141834 0.00956434 0.00958224 0.0108879 0.0122189 0.0101364 
0.0099157 0.00935599 0.00984642 0.00909977 0.0106403 0.0102108 0.00916499 0.0106895 0.0108636 0.0147453 0.0189474 0.0145141 0.0226643 0.0406373 0.0226503 0.0110316 0.0155853 0.0129969 0.00957416 0.0130611 0.0105581 0.0117849 0.0131119 0.0156749 0.0216761 0.0120413 0.0121181 0.0216589 0.0375788 0.0154367 0.0173658 0.0256902 0.069086 0.0391933 0.0662827 0.00390036 0.00397726 0 0.0586085 0.0253526 0.0181163 0.0146238 0.0101869 0.0105384 0.0188699 0.0181246 0.0184362 0.0383103 0.0375081 0.0213652 0.0349813 0.0309278 0.0280106 0.0564899 0.0190589 0.01601 0.0131755 0.0104819 0.016258 0.0108135 0.0117623 0.013096 0.0124566 0.0137675 0.0180669 0.0152586 0.0112138 0.0170912 0.0102336 0.0108131 0.0141204 
0.0083165 0.00821047 0.00834789 0.0084363 0.00893866 0.00813351 0.00832571 0.00834754 0.00859728 0.00926233 0.00961549 0.00912659 0.00980754 0.01419 0.00940122 0.00869046 0.0121316 0.00882584 0.00850854 0.00929092 0.00879243 0.00916822 0.00889645 0.0148265 0.0100599 0.00936213 0.00930673 0.0138855 0.0106551 0.00957982 0.0116781 0.0127782 0.0185306 0.0125502 0.0144717 0.0119793 0.00896716 0.0586085 0 0.00380459 0.00369177 0.00372293 0.00379059 0.00525629 0.00450047 0.00603528 0.00603934 0.0209426 0.0251427 0.015238 0.0121641 0.011276 0.0110072 0.0208404 0.0100082 0.0134362 0.00862422 0.0102154 0.00928855 0.00946993 0.0122552 0.00899492 0.00878391 0.00918429 0.00946898 0.0100961 0.0113823 0.00839135 0.00842632 0.00875344 0.0102713 
0.00828792 0.00867399 0.00891452 0.00880466 0.00855238 0.00820376 0.00880774 0.00926547 0.0093593 0.00866772 0.00948897 0.0132654 0.0140104 0.0105368 0.00934726 0.0103745 0.00927799 0.00852583 0.00951358 0.0104228 0.0112667 0.0108751 0.0102524 0.00924035 0.0105591 0.0101038 0.0107534 0.00958786 0.010612 0.0135133 0.0192992 0.0231339 0.010818 0.0168241 0.0112275 0.0240539 0.093048 0.0253526 0.00380459 0 0.00370593 0.00370327 0.00390835 0.00376478 0.00523237 0.00612389 0.0114346 0.011652 0.0339589 0.0546086 0.0238033 0.0223859 0.0191031 0.0108372 0.0127282 0.00940988 0.00930225 0.00869512 0.010236 0.0105946 0.00965851 0.00873397 0.0123739 0.0157718 0.0126029 0.0114414 0.0092139 0.00855036 0.0097028 0.0102854 0.00939786 
0.00852761 0.00889619 0.0096134 0.00917663 0.00909729 0.00855444 0.0091923 0.0108974 0.0103745 0.0092162 0.01012 0.0160404 0.0215795 0.0128174 0.0105009 0.00990625 0.0105781 0.00877972 0.00976706 0.0185224 0.018233 0.0205828 0.00993042 0.00987198 0.0109991 0.011682 0.0103373 0.0102042 0.011157 0.0180175 0.0370764 0.0238942 0.0148754 0.0112103 0.0119687 0.0465684 0.0181107 0.0181163 0.00369177 0.00370593 0 0.00376212 0.00375625 0.00373168 0.0039222 0.0157136 0.0108486 0.867343 0.0246926 0.0277229 0.0680091 0.0645646 0.0201793 0.0133165 0.0104238 0.00978258 0.00894279 0.00889929 0.0100769 0.0100349 0.0101171 0.00931825 0.0139156 0.0414714 0.0387685 0.0131774 0.00947117 0.00917475 0.0109488 0.0127164 0.0127952 
0.00833037 0.00860374 0.00913027 0.00878338 0.00863719 0.00822398 0.00911777 0.00947113 0.00918879 0.00866978 0.0090401 0.0129002 0.0144488 0.0111491 0.0092465 0.00955044 0.00943899 0.00858494 0.0091698 0.0136071 0.0129971 0.0123622 0.00928505 0.00922232 0.0104785 0.0112046 0.0105257 0.00957949 0.00986397 0.0122868 0.027657 0.0186263 0.0117371 0.0107214 0.0106737 0.0420773 0.0165624 0.0146238 0.00372293 0.00370327 0.00376212 0 0.00370311 0.00373314 0.00452096 0.0121062 0.830583 0.0236521 0.0132325 0.0188251 0.0464094 0.056997 0.0154689 0.0115735 0.00947374 0.00919118 0.00872136 0.00866102 0.00951839 0.00988746 0.00925726 0.00884368 0.0132193 0.0237438 0.0229607 0.0119553 0.00931734 0.00876288 0.00933941 0.0110222 0.011022 
0.00831884 0.00853966 0.00837609 0.00838738 0.00818576 0.00834674 0.00846589 0.0086512 0.00853081 0.00822402 0.00951039 0.00984408 0.0117267 0.00930656 0.0088556 0.00926267 0.00857713 0.00837769 0.00895728 0.00897603 0.00925327 0.00897835 0.00931102 0.00879903 0.0110527 0.00962348 0.00969656 0.00892067 0.0107372 0.013194 0.0106063 0.0179836 0.0101971 0.0110297 0.0127157 0.0151249 0.0191167 0.0101869 0.00379059 0.00390835 0.00375625 0.00370311 0 0.00400625 0.00748687 0.987922 0.00855703 0.00602461 0.0104904 0.0195963 0.0145372 0.0147806 0.0229451 0.0100654 0.0110829 0.00968902 0.00922094 0.00884613 0.00961893 0.0105584 0.00912543 0.00874405 0.00993428 0.0105714 0.0105027 0.00942278 0.00898812 0.00911727 0.00904701 0.00891914 0.0088528 
0.00862037 0.0082986 0.00813308 0.00813675 0.00820493 0.00886438 0.0082104 0.008225 0.00821582 0.00824276 0.0109968 0.00893413 0.0085264 0.00916961 0.0110318 0.00837124 0.00846675 0.00943193 0.00825986 0.0084434 0.00830443 0.0083808 0.00839928 0.00913569 0.0146187 0.00885836 0.00854463 0.00923769 0.0211053 0.00955563 0.00889699 0.00969802 0.0105882 0.0129018 0.0116851 0.0350996 0.00945842 0.0105384 0.00525629 0.00376478 0.00373168 0.00373314 0.00400625 0 0.998658 0.00621264 0.00403444 0.00413896 0.0147673 0.0115376 0.00976432 0.0101876 0.011165 0.0128054 0.0131397 0.00977767 0.0103163 0.00926221 0.0126506 0.00895465 0.00954977 0.010721 0.00912404 0.00863014 0.0086808 0.00832534 0.00852005 0.0106737 0.00850086 0.00838945 0.008508 
0.00844118 0.0081318 0.00845221 0.00839289 0.00884345 0.00899956 0.00813957 0.00838975 0.00823005 0.00882658 0.00934543 0.00849714 0.00956923 0.0124687 0.00930076 0.0083361 0.0135362 0.00853866 0.00847219 0.00849447 0.0087421 0.00850892 0.00889247 0.0125238 0.0130188 0.00869373 0.00990394 0.0175051 0.0102832 0.00970701 0.00978511 0.0124816 0.023256 0.0116005 0.0135166 0.0136027 0.0102022 0.0188699 0.00450047 0.00523237 0.0039222 0.00452096 0.00748687 0.998658 0 0.00465538 0.00380891 0.00420955 0.036673 0.0149127 0.0116163 0.0104091 0.0117751 0.0224307 0.0134488 0.0128943 0.00968918 0.0125745 0.0127823 0.00924335 0.0319836 0.00912018 0.00867418 0.00908538 0.00881016 0.00925239 0.0130187 0.00868075 0.00828485 0.0093618 0.0108165 
0.00818985 0.00849722 0.0087067 0.00863682 0.00837057 0.00796849 0.00907779 0.00859274 0.00873321 0.00828164 0.00854436 0.0103645 0.00962441 0.00969716 0.0085068 0.0100703 0.00873424 0.00824151 0.00835869 0.00985976 0.00872505 0.00944118 0.00867492 0.00989136 0.00854921 0.0128607 0.00931879 0.0100594 0.00903395 0.00991105 0.0154519 0.0191871 0.0109539 0.0112237 0.0097802 0.0133854 0.0185619 0.0181246 0.00603528 0.00612389 0.0157136 0.0121062 0.987922 0.00621264 0.00465538 0 0.00396149 0.00384291 0.0372746 0.031667 0.0304773 0.0249831 0.0235486 0.0131907 0.00952257 0.0133643 0.00897594 0.00873783 0.00888875 0.0268811 0.00886642 0.00848826 0.00995461 0.0107956 0.0117068 0.0100981 0.00886752 0.00824865 0.0088033 0.00968458 0.00958825 
0.00831522 0.00853258 0.00854249 0.00853099 0.00821944 0.00859115 0.00844912 0.00923441 0.00870529 0.0081956 0.00880281 0.00953385 0.0137302 0.00915828 0.00885832 0.00886018 0.0089616 0.00814396 0.00937272 0.00872012 0.010873 0.00888125 0.0105393 0.00846755 0.011807 0.00884745 0.0111861 0.00897595 0.0104695 0.0129107 0.0122697 0.0166521 0.0120197 0.0114949 0.0123291 0.0129621 0.0369767 0.0184362 0.00603934 0.0114346 0.0108486 0.830583 0.00855703 0.00403444 0.00380891 0.00396149 0 0.00374244 0.0122255 0.0279106 0.0398213 0.0383076 0.0434736 0.0123128 0.0125805 0.00935114 0.0092593 0.00910013 0.0119173 0.00890302 0.0120788 0.00860577 0.00993012 0.0139664 0.0120262 0.0103419 0.00904357 0.00863049 0.00951953 0.00975729 0.00901909 
0.00870821 0.00835713 0.00833065 0.00832143 0.00844119 0.00901324 0.00834263 0.00838281 0.00839503 0.00877763 0.0109374 0.00905577 0.00944081 0.0115718 0.0112051 0.00878743 0.00907158 0.00945466 0.00837363 0.00917308 0.00887945 0.0087715 0.00870785 0.0101249 0.0134001 0.00964909 0.00875929 0.0103443 0.0216942 0.0105102 0.00984626 0.0115076 0.0140976 0.0163025 0.0137531 0.036228 0.0129334 0.0383103 0.0209426 0.011652 0.867343 0.0236521 0.00602461 0.00413896 0.00420955 0.00384291 0.00374244 0 0.0182209 0.0198686 0.020805 0.0238385 0.0374928 0.0671583 0.017872 0.0132166 0.0114698 0.00966484 0.0121393 0.0115498 0.0104368 0.0123317 0.010079 0.00967684 0.0105504 0.0100977 0.0095446 0.0124242 0.0089273 0.00942819 0.00958091 
0.00855887 0.00845505 0.00847139 0.00853932 0.00870694 0.00834421 0.00849075 0.00851296 0.008595 0.00858606 0.0107608 0.00984313 0.0100975 0.0126917 0.00974761 0.00887704 0.0105592 0.00866278 0.00863983 0.00920677 0.00914596 0.00874799 0.00869152 0.0113683 0.0103872 0.00935465 0.00875766 0.0129089 0.0111607 0.0111943 0.0133035 0.0125 0.0161074 0.0138907 0.012939 0.0461818 0.0169399 0.0375081 0.0251427 0.0339589 0.0246926 0.0132325 0.0104904 0.0147673 0.036673 0.0372746 0.0122255 0.0182209 0 0.00379452 0.00374623 0.0037987 0.0037747 0.00512883 0.00887793 0.0170706 0.0125174 0.0140533 0.0189179 0.0157524 0.0194909 0.0469036 0.0163867 0.0163862 0.0180579 0.012291 0.0189041 0.0114317 0.0116297 0.0111056 0.0189728 
0.0085057 0.00882172 0.00917988 0.00922502 0.00916084 0.00825183 0.00893381 0.0100092 0.0092536 0.00877794 0.00928683 0.0135959 0.0154942 0.0109634 0.0089983 0.00999174 0.00947591 0.00824127 0.00981803 0.011216 0.0106844 0.0111524 0.00960434 0.00925261 0.00959209 0.0109535 0.0110508 0.0100057 0.0104657 0.0172114 0.0264687 0.0328612 0.0125603 0.0127863 0.010801 0.0321979 0.0791661 0.0213652 0.015238 0.0546086 0.0277229 0.0188251 0.0195963 0.0115376 0.0149127 0.031667 0.0279106 0.0198686 0.00379452 0 0.00376342 0.00370498 0.0037757 0.00389272 0.0147015 0.00891257 0.0122749 0.0140851 0.0139967 0.0221853 0.0115329 0.0130351 0.126505 0.038652 0.0338852 0.033233 0.0117861 0.0110436 0.0199142 0.0270663 0.0148036 
0.00857828 0.00912533 0.0100479 0.0094077 0.00891474 0.00876921 0.00907225 0.0119179 0.00958458 0.00880187 0.00957619 0.0153735 0.0215677 0.0121257 0.00937881 0.0105285 0.00971962 0.00830875 0.00973506 0.0177274 0.0193367 0.0175242 0.0101273 0.00896634 0.00963824 0.0128232 0.0107443 0.00953268 0.0108429 0.024918 0.0611584 0.0442089 0.0124395 0.0110346 0.0116032 0.0267039 0.0430595 0.0349813 0.0121641 0.0238033 0.0680091 0.0464094 0.0145372 0.00976432 0.0116163 0.0304773 0.0398213 0.020805 0.00374623 0.00376342 0 0.00373092 0.00373301 0.00378284 0.00936757 0.00980284 0.00972584 0.0100882 0.0144174 0.0121393 0.011721 0.0127779 0.032952 0.240214 0.124392 0.0307058 0.0122172 0.0118677 0.0394444 0.0272498 0.0200518 
