1E25A
SPLLKEQIESIVIGKKATVGVAVWGPDDLEPLLINPFEKFPMQSVFKLHLAMLVLHQVDQGKLDLNQTVIVNRAKVLQNTWAPIMKAYQGDEFSVPVQQLLQYSVSHSDNVACDLLFELVGGPAALHDYIQSMGIKETAVVANEAQMHADDQVQYQNWTSMKGAAEILKKFEQKTQLSETSQALLWKWMVETTTGPERLKGLLPAGTVVAHKTGTSQIKAGKTAATNDLGIILLPDGRPLLVAVFVKDSAESSRTNEAIIAQVAQTAYQFELKKLSAL
CHHHHHHHHHHHCCCCCEEEEEEECCCCCCCEEECCCCCEECHHHHHHHHHHHHHHHHHCCCCCCCCEEEEECCCCCCCCCCCHHHHCCCCEEEEEHHHHHHHHHHHCCHHHHHHHHHHHCHHHHHHHHHHHCCCCCECCCCCHHHHHHCCCHHHHCEECHHHHHHHHHHHHCCCCCCHHHHHHHHHHHHCCCCCCCCCCCCCCCCCCEEEEEEECCEECCEEEEEEEEEEEECCCCCEEEEEEEEEEECCCHHHHHHHHHHHHHHHHHHHHHHHHHC
0 0 0 0 0 0 0 0 0 0 0 0 0 0 0 0 0 0 0 0 0 0 0 0 0 0 0 0 0 0 0 0 0 0 0 0 0 0 0 0 0 0 0 0 0 0 0 0 0 0 0 0 0 0 0 0 0 0 0 0 0 0 0 0 0 0 0 0 0 0 0 0 0 0 0 0 0 0 0 0 0 0 0 0 0 0 0 0 0 0 0 0 0 0 0 0 0 0 0 0 0 0 0 0 0 0 0 0 0 0 0 0 0 0 0 0 0 0 0 0 0 0 0 0 0 0 0 0 0 0 0 0 0 0 0 0 0 0 0 0 0 0 0 0 0 0 0 0 0 0 0 0 0 0 0 0 0 0 0 0 0 0 0 0 0 0 0 0 0 0 0 0 0 0 0 0 0 0 0 0 0 0 0 0 0 0 0 0 0 0 0 0 0 0 0 0 0 0 0 0 0 0 0 0 0 0 0 0 0 0 0 0 0 0 0 0 0 0 0 0 0 0 0 0 0 0 0 0 0 0 0 0 0 0 0 0 0 0 0 0 0 0 0 0 0 0 0 0 0 0 0 0 0 0 0 0 0 0 0 0 0 0 0 0 0 0 0 0 0 0 0 0 0 0 0 0 0 0 
0 0 0 0 0 0 0 0 0 0 0 0 0 0 0 0 0 0 0 0 0 0 0 0 0 0 0 0 0 0 0 0 0 0 0 0 0 0 0 0 0 0 0 0 0 0 0 0 0 0 0 0 0 0 0 0 0 0 0 0 0 0 0 0 0 0 0 0 0 0 0 0 0 0 0 0 0 0 0 0 0 0 0 0 0 0 0 0 0 0 0 0 0 0 0 0 0 0 0 0 0 0 0 0 0 0 0 0 0 0 0 0 0 0 0 0 0 0 0 0 0 0 0 0 0 0 0 0 0 0 0 0 0 0 0 0 0 0 0 0 0 0 0 0 0 0 0 0 0 0 0 0 0 0 0 0 0 0 0 0 0 0 0 0 0 0 0 0 0 0 0 0 0 0 0 0 0 0 0 0 0 0 0 0 0 0 0 0 0 0 0 0 0 0 0 0 0 0 0 0 0 0 0 0 0 0 0 0 0 0 0 0 0 0 0 0 0 0 0 0 0 0 0 0 0 0 0 0 0 0 0 0 0 0 0 0 0 0 0 0 0 0 0 0 0 0 0 0 0 0 0 0 0 0 0 0 0 0 0 0 0 0 0 0 0 0 0 0 0 0 0 0 0 0 0 0 0 0 
0 0.00372007 0.00373938 0.0041733 0.00404726 0.0042048 0.00641066 0.0161751 0.0131673 0.0182578 0.0111176 0.0210338 0.0339671 0.0093013 0.0220029 0.00922513 0.0239421 0.0120375 0.00822147 0.010872 0.00849872 0.0188102 0.00991166 0.00839821 0.00903936 0.00848118 0.00829666 0.00818784 0.00816525 0.00823342 0.00810463 0.00935269 0.00867719 0.00855804 0.00870469 0.00816101 0.00816338 0.00819664 0.00817687 0.00819729 0.00823546 0.00828548 0.00851805 0.00842364 0.00833404 0.00897826 0.00833629 0.00837605 0.00838637 0.00855753 0.00845264 0.00839907 0.00830612 0.00825184 0.00820794 0.00832596 0.00828086 
0.00372007 0 0.0037827 0.00370871 0.00374178 0.00373898 0.00388653 0.0114247 0.0142283 0.0162292 0.0139504 0.0101086 0.0091961 0.0724877 0.00912322 0.0324765 0.00928521 0.00831833 0.0135167 0.00887572 0.0329679 0.00867738 0.00864354 0.0080882 0.00820754 0.00848008 0.00848104 0.00848097 0.00861143 0.00838954 0.00840824 0.00815089 0.00831259 0.00812112 0.00804934 0.0082807 0.0084016 0.00847009 0.00846221 0.00843551 0.00845588 0.00863138 0.00881781 0.00850659 0.0083798 0.00818812 0.00824022 0.00848668 0.00874984 0.00878324 0.00892712 0.00884617 0.0087121 0.00853246 0.00849346 0.00832791 0.00836032 
0.00373938 0.0037827 0 0.00375552 0.00370225 0.00373591 0.00375498 0.00927469 0.012627 0.0135795 0.0117674 0.011855 0.0135776 0.0106659 0.0723543 0.00952046 0.0107808 0.00934355 0.00886129 0.0427002 0.00970433 0.010609 0.00816952 0.00836804 0.00849605 0.00847192 0.00862314 0.00913877 0.00856165 0.00865119 0.00837159 0.00822771 0.00812531 0.00797846 0.00813647 0.00821239 0.00865064 0.0086422 0.00857732 0.00862769 0.00887635 0.00886999 0.00947778 0.00879533 0.00855553 0.00827634 0.00822426 0.00862615 0.009448 0.00908734 0.00923778 0.0091289 0.00897546 0.00857101 0.00849182 0.00835507 0.00823007 
0.0041733 0.00370871 0.00375552 0 0.00370095 0.00371314 0.00374673 0.0147186 0.0122898 0.22654 0.00922958 0.0101408 0.0100425 0.0325367 0.0142683 0.0195106 0.0099189 0.00868146 0.0142124 0.0132835 0.0221393 0.00954241 0.00835762 0.00826414 0.00849641 0.00848408 0.00924286 0.00894614 0.00888306 0.00875584 0.00845244 0.00856373 0.00815346 0.00805151 0.0080946 0.00836568 0.00878892 0.00868728 0.00897412 0.00861155 0.00879522 0.00898937 0.00939392 0.00890542 0.00860961 0.00838151 0.00829399 0.00863665 0.00905565 0.00921196 0.00951467 0.00925806 0.00900466 0.00857147 0.00855728 0.00835676 0.00819584 
0.00404726 0.00374178 0.00370225 0.00370095 0 0.00370773 0.0037147 0.00944499 0.165393 0.0391156 0.00824245 0.00889112 0.012304 0.0154951 0.0296492 0.0111376 0.0094353 0.0090549 0.00956868 0.0211125 0.0131902 0.00953589 0.0080871 0.00827396 0.00836067 0.00851496 0.00886165 0.00897145 0.00870623 0.00875385 0.00836887 0.00822736 0.0081532 0.00808511 0.00810526 0.00838366 0.00878521 0.00888192 0.00858725 0.00869874 0.00885921 0.0089337 0.00986302 0.00899885 0.00854092 0.00829556 0.00827374 0.00860736 0.00980203 0.00953464 0.00978592 0.00932056 0.00896825 0.00862026 0.00849499 0.00829053 0.00822535 
0.0042048 0.00373898 0.00373591 0.00371314 0.00370773 0 0.00384304 0.136137 0.0673751 0.0114236 0.00930292 0.0114482 0.0105097 0.0128081 0.0172643 0.0175936 0.00978971 0.00881805 0.00982772 0.0129399 0.0227706 0.0106452 0.0083546 0.00852383 0.0086268 0.00836375 0.0085957 0.00890363 0.00846276 0.00843956 0.00844124 0.00821557 0.00812003 0.00805737 0.00812384 0.00838685 0.00874451 0.00856937 0.00858173 0.008484 0.00866552 0.00891268 0.00949146 0.00901415 0.00864528 0.0082324 0.00825026 0.00876102 0.00922817 0.00982133 0.00981017 0.00969513 0.00895207 0.00857223 0.00841674 0.00828299 0.00815402 
0.00641066 0.00388653 0.00375498 0.00374673 0.0037147 0.00384304 0 0.0395673 0.00992464 0.0351733 0.010276 0.0136751 0.0142301 0.011958 0.00966329 0.0125261 0.0122617 0.0113943 0.010345 0.00939835 0.0120931 0.0117654 0.0106895 0.00936052 0.00887432 0.00841524 0.00844602 0.00836417 0.00820724 0.0083641 0.00822086 0.00836943 0.00831225 0.00828563 0.00825916 0.00816719 0.00833321 0.00853722 0.00824954 0.00843026 0.00835312 0.00865914 0.0100476 0.0102053 0.00833588 0.00835337 0.00836192 0.00856442 0.0100224 0.0120042 0.0125653 0.0121797 0.0102322 0.00856917 0.00827389 0.00806939 0.00823601 
0.0161751 0.0114247 0.00927469 0.0147186 0.00944499 0.136137 0.0395673 0 0.00372053 0.0041138 0.00810079 0.0276533 0.0600859 0.0174153 0.0113205 0.013053 0.0211716 0.00996374 0.00956651 0.0100548 0.0112838 0.0193693 0.0113745 0.00886258 0.00922089 0.0087109 0.0083314 0.00833599 0.00832591 0.00828764 0.00827911 0.00936003 0.00839665 0.00855391 0.00826534 0.00812335 0.00837223 0.00834072 0.00827892 0.00828317 0.00832977 0.00846825 0.00877756 0.0084894 0.00833748 0.00887819 0.00822466 0.00838989 0.00864318 0.00874437 0.00879524 0.00857324 0.00850164 0.0084033 0.00825342 0.00818073 0.00857057 
0.0131673 0.0142283 0.012627 0.0122898 0.165393 0.0673751 0.00992464 0.00372053 0 0.00407439 0.0296685 0.110212 0.0122058 0.0179356 0.0145243 0.0119266 0.00977616 0.00917424 0.00965439 0.0113273 0.0127124 0.0107113 0.00845008 0.00869848 0.00876041 0.00822313 0.0085387 0.00864452 0.00834826 0.00836901 0.00838205 0.00837074 0.00815878 0.00810175 0.00801747 0.00850406 0.00853616 0.00841483 0.00841409 0.0084326 0.00853496 0.00858597 0.0089402 0.00877582 0.00853741 0.00840772 0.00825521 0.00868546 0.00876641 0.00902682 0.00900088 0.00889484 0.00880608 0.00854071 0.00829245 0.00820428 0.00813109 
0.0182578 0.0162292 0.0135795 0.22654 0.0391156 0.0114236 0.0351733 0.0041138 0.00407439 0 0.0923388 0.0202471 0.0166858 0.0167095 0.0101251 0.0125772 0.0112273 0.0141058 0.0109746 0.00929507 0.011148 0.0108667 0.0118516 0.00968991 0.00858651 0.008607 0.00844984 0.0082495 0.00815147 0.0081995 0.00818986 0.00854617 0.00865864 0.00834226 0.00870243 0.00833176 0.00830579 0.00830688 0.00821279 0.00822808 0.00824257 0.00830316 0.00854108 0.00838931 0.00839255 0.00839134 0.00844343 0.00845432 0.00843961 0.00855255 0.00865128 0.00873364 0.00861067 0.00839299 0.00821493 0.00806038 0.00824866 
0.0111176 0.0139504 0.0117674 0.00922958 0.00824245 0.00930292 0.010276 0.00810079 0.0296685 0.0923388 0 0.00554407 0.0165265 0.0171377 0.0101094 0.0183135 0.0153765 0.00909111 0.00957405 0.00884776 0.00916668 0.0113277 0.00984292 0.00829167 0.00845762 0.00821023 0.00815585 0.00807122 0.0081388 0.00802433 0.00796404 0.00819208 0.0081871 0.00816119 0.00817369 0.00805148 0.0080668 0.00815777 0.00807964 0.00805543 0.0080852 0.00813858 0.0081671 0.00815546 0.00813627 0.00817211 0.00807938 0.00822492 0.0081792 0.00831023 0.00826258 0.00824361 0.00821685 0.00818964 0.00809618 0.00807367 0.00811933 
0.0210338 0.0101086 0.011855 0.0101408 0.00889112 0.0114482 0.0136751 0.0276533 0.110212 0.0202471 0.00554407 0 0.0169709 0.0103307 0.011729 0.0212232 0.0161212 0.0121963 0.0094443 0.00913084 0.0105879 0.0113438 0.0123847 0.0123694 0.00898682 0.00829943 0.00818527 0.00810866 0.00807961 0.00806618 0.00806734 0.00825464 0.00824269 0.0080455 0.00824417 0.00805415 0.00812111 0.00812464 0.0081882 0.008082 0.00805953 0.00810938 0.00820918 0.00816326 0.00808535 0.00828825 0.00815565 0.00814181 0.00815262 0.00830622 0.00824879 0.00819234 0.00817207 0.00809529 0.0080468 0.00802604 0.00806504 
0.0339671 0.0091961 0.0135776 0.0100425 0.012304 0.0105097 0.0142301 0.0600859 0.0122058 0.0166858 0.0165265 0.0169709 0 0.00434122 0.00409987 0.0037777 0.00803545 0.0499911 0.00849436 0.0196366 0.00881211 0.570842 0.0142609 0.00910936 0.00933775 0.00865911 0.00808015 0.00824256 0.00809693 0.00821735 0.00802555 0.0101765 0.00902227 0.00881935 0.00907056 0.00802227 0.00810928 0.00813668 0.00814295 0.0081642 0.00818443 0.00825074 0.00840151 0.00826149 0.00811527 0.00916759 0.00856768 0.00820896 0.0083092 0.00851779 0.0083916 0.00828764 0.00825729 0.00816664 0.00810975 0.00819958 0.00823815 
0.0093013 0.0724877 0.0106659 0.0325367 0.0154951 0.0128081 0.011958 0.0174153 0.0179356 0.0167095 0.0171377 0.0103307 0.00434122 0 0.00369403 0.00535098 0.00378035 0.0098403 0.102828 0.00896419 0.691604 0.00914126 0.0142914 0.00839798 0.00876014 0.00855542 0.00895872 0.00847419 0.00871539 0.00834623 0.00923877 0.00846764 0.00888019 0.00837943 0.00798285 0.00843398 0.00863694 0.00903479 0.00861286 0.00887537 0.00871171 0.00910355 0.00959732 0.00909467 0.00880515 0.0085408 0.00816421 0.00887297 0.00915944 0.00938434 0.00937394 0.00966335 0.00903964 0.0087676 0.00852342 0.00839226 0.00837505 
0.0220029 0.00912322 0.0723543 0.0142683 0.0296492 0.0172643 0.00966329 0.0113205 0.0145243 0.0101251 0.0101094 0.011729 0.00409987 0.00369403 0 0.0036983 0.00381636 0.023689 0.00890208 0.830469 0.00925931 0.0147475 0.00889376 0.00890232 0.00854405 0.00856778 0.0087734 0.00947033 0.00860198 0.00942849 0.0083697 0.00855963 0.0085252 0.00823419 0.00837645 0.00837782 0.00880521 0.00882122 0.00857023 0.00862575 0.00904658 0.00909533 0.0115472 0.00945145 0.00856676 0.00858603 0.0083546 0.0086593 0.00996936 0.00976727 0.0108286 0.00922619 0.00916004 0.00864585 0.00835921 0.00826395 0.00811397 
0.00922513 0.0324765 0.00952046 0.0195106 0.0111376 0.0175936 0.0125261 0.013053 0.0119266 0.0125772 0.0183135 0.0212232 0.0037777 0.00535098 0.0036983 0 0.0038152 0.0093762 0.741514 0.0115403 0.0727952 0.00875209 0.0105806 0.00863314 0.00921859 0.00826193 0.00872457 0.00845342 0.00851253 0.00829074 0.00863642 0.00811121 0.0082606 0.00817207 0.00807579 0.00834263 0.00838952 0.00859261 0.00834156 0.00834628 0.00841023 0.00859555 0.00893673 0.00882716 0.0085834 0.0082046 0.00815891 0.00858224 0.00869727 0.00899687 0.00900806 0.00882811 0.00866098 0.00847011 0.00828584 0.00816256 0.00799692 
0.0239421 0.00928521 0.0107808 0.0099189 0.0094353 0.00978971 0.0122617 0.0211716 0.00977616 0.0112273 0.0153765 0.0161212 0.00803545 0.00378035 0.00381636 0.0038152 0 0.691413 0.0100882 0.0301991 0.00980465 0.0359839 0.0121553 0.0102446 0.008957 0.00856314 0.00814806 0.00821212 0.00805423 0.00811426 0.0080468 0.00859849 0.00865304 0.00820452 0.0087836 0.00826271 0.00815067 0.0081573 0.00808475 0.00804486 0.00808036 0.00812451 0.00836373 0.00825488 0.00807756 0.00829222 0.00846054 0.00837163 0.00825445 0.0082641 0.00837413 0.00842823 0.00830172 0.00814242 0.00800977 0.00802806 0.00803748 
0.0120375 0.00831833 0.00934355 0.00868146 0.0090549 0.00881805 0.0113943 0.00996374 0.00917424 0.0141058 0.00909111 0.0121963 0.0499911 0.0098403 0.023689 0.0093762 0.691413 0 0.00497047 0.00384187 0.00373172 0.00505207 0.0182814 0.0097483 0.00997032 0.00826143 0.00812064 0.00817385 0.00805552 0.00825144 0.00823673 0.011136 0.00902956 0.00885511 0.00842226 0.00801892 0.00809229 0.0080832 0.00815414 0.00806564 0.0081161 0.00813986 0.00851287 0.00819794 0.00810936 0.00967133 0.00847899 0.00815567 0.00822904 0.00846954 0.00844122 0.00828602 0.00833149 0.00810836 0.00807005 0.00820168 0.00826196 
0.00822147 0.0135167 0.00886129 0.0142124 0.00956868 0.00982772 0.010345 0.00956651 0.00965439 0.0109746 0.00957405 0.0094443 0.00849436 0.102828 0.00890208 0.741514 0.0100882 0.00497047 0 0.00370424 0.00434445 0.00370454 0.0143302 0.00876515 0.00971523 0.00848743 0.00857225 0.00852039 0.00846268 0.00826842 0.00935651 0.00854082 0.00855824 0.00825216 0.00792179 0.00818132 0.00830842 0.00859958 0.00833452 0.00853311 0.00833088 0.00867793 0.00900592 0.00861511 0.00858723 0.00842019 0.00802394 0.00844962 0.00888415 0.00895999 0.00907765 0.00903451 0.00860057 0.00840648 0.00841399 0.00823354 0.00839176 
0.010872 0.00887572 0.0427002 0.0132835 0.0211125 0.0129399 0.00939835 0.0100548 0.0113273 0.00929507 0.00884776 0.00913084 0.0196366 0.00896419 0.830469 0.0115403 0.0301991 0.00384187 0.00370424 0 0.00370422 0.00371705 0.0102781 0.00920551 0.00871359 0.00854926 0.0089941 0.0124856 0.00916783 0.0113408 0.00853604 0.00900458 0.00853437 0.0081665 0.00815777 0.00822201 0.00957934 0.00940243 0.00913355 0.00910462 0.00939555 0.00940451 0.0118197 0.0102655 0.00874427 0.00888273 0.00826556 0.00872709 0.0108304 0.00990321 0.0106973 0.00939619 0.00987933 0.00879307 0.00855637 0.00830171 0.00803933 
0.00849872 0.0329679 0.00970433 0.0221393 0.0131902 0.0227706 0.0120931 0.0112838 0.0127124 0.011148 0.00916668 0.0105879 0.00881211 0.691604 0.00925931 0.0727952 0.00980465 0.00373172 0.00434445 0.00370422 0 0.00370008 0.0157273 0.0100739 0.012145 0.00912809 0.0106797 0.00906313 0.0108829 0.0086092 0.00930825 0.00827205 0.00816025 0.0080007 0.0080209 0.00880087 0.0086819 0.00936342 0.0087492 0.00899633 0.0086605 0.0101751 0.0104422 0.0102115 0.00897113 0.0083362 0.00812807 0.00896278 0.00923915 0.0102886 0.0100535 0.0100811 0.00918655 0.00883965 0.00845277 0.00820975 0.00804494 
0.0188102 0.00867738 0.010609 0.00954241 0.00953589 0.0106452 0.0117654 0.0193693 0.0107113 0.0108667 0.0113277 0.0113438 0.570842 0.00914126 0.0147475 0.00875209 0.0359839 0.00505207 0.00370454 0.00371705 0.00370008 0 0.0248224 0.0206442 0.0122112 0.0108073 0.00885605 0.00904914 0.00838123 0.00864001 0.0083813 0.00947889 0.00922657 0.0083636 0.00980896 0.00869896 0.00863671 0.00848868 0.0086053 0.00842999 0.00843528 0.00854549 0.00892006 0.00906348 0.00830602 0.00893743 0.00925424 0.00881294 0.00889639 0.00856946 0.00911199 0.00848572 0.00870295 0.00842621 0.00819245 0.00831712 0.00829843 
0.00991166 0.00864354 0.00816952 0.00835762 0.0080871 0.0083546 0.0106895 0.0113745 0.00845008 0.0118516 0.00984292 0.0123847 0.0142609 0.0142914 0.00889376 0.0105806 0.0121553 0.0182814 0.0143302 0.0102781 0.0157273 0.0248224 0 0.0354077 0.0905383 0.0155151 0.0107091 0.00892964 0.008421 0.00867518 0.00902927 0.0129171 0.0130293 0.0113641 0.00997896 0.00859534 0.00835299 0.00844055 0.00834985 0.00830933 0.00815961 0.00836449 0.00870121 0.00848531 0.00884006 0.0110118 0.0113277 0.00904019 0.00852774 0.00877215 0.0085513 0.00860657 0.00839153 0.00832896 0.00821178 0.00831722 0.00939738 
0.00839821 0.0080882 0.00836804 0.00826414 0.00827396 0.00852383 0.00936052 0.00886258 0.00869848 0.00968991 0.00829167 0.0123694 0.00910936 0.00839798 0.00890232 0.00863314 0.0102446 0.0097483 0.00876515 0.00920551 0.0100739 0.0206442 0.0354077 0 0.00582335 0.0205675 0.0179233 0.0114945 0.00977081 0.00940371 0.0104375 0.0159085 0.00951381 0.0145119 0.00911394 0.0091052 0.00874972 0.00915298 0.00887988 0.00870917 0.00886988 0.00871037 0.00924484 0.00920089 0.009385 0.0128965 0.00936289 0.00962271 0.00894128 0.00919477 0.00935818 0.00901344 0.00884241 0.00864194 0.00833735 0.00937163 0.00924768 
0.00903936 0.00820754 0.00849605 0.00849641 0.00836067 0.0086268 0.00887432 0.00922089 0.00876041 0.00858651 0.00845762 0.00898682 0.00933775 0.00876014 0.00854405 0.00921859 0.008957 0.00997032 0.00971523 0.00871359 0.012145 0.0122112 0.0905383 0.00582335 0 0.0167984 0.0129891 0.0135096 0.0121652 0.0130009 0.0176271 0.0150387 0.0140649 0.00986492 0.0108903 0.00967922 0.00943268 0.00949261 0.00906242 0.00945015 0.00896478 0.00957144 0.00991256 0.0096623 0.0101615 0.0112705 0.00968616 0.00980755 0.00942693 0.00959745 0.00957356 0.0094457 0.00931217 0.00909028 0.00858883 0.00918022 0.00866712 
0.00848118 0.00848008 0.00847192 0.00848408 0.00851496 0.00836375 0.00841524 0.0087109 0.00822313 0.008607 0.00821023 0.00829943 0.00865911 0.00855542 0.00856778 0.00826193 0.00856314 0.00826143 0.00848743 0.00854926 0.00912809 0.0108073 0.0155151 0.0205675 0.0167984 0 0.00405356 0.00369331 0.00370415 0.0037274 0.00389454 0.00576523 0.0082186 0.00812259 0.00807185 0.00857785 0.0089564 0.0101869 0.0134943 0.0200255 0.015714 0.0163563 0.0397165 0.0175089 0.0282373 0.0284905 0.0263566 0.016919 0.0192653 0.0187361 0.0174204 0.0139479 0.0127536 0.0110138 0.0104633 0.00994797 0.0166036 
0.00829666 0.00848104 0.00862314 0.00924286 0.00886165 0.0085957 0.00844602 0.0083314 0.0085387 0.00844984 0.00815585 0.00818527 0.00808015 0.00895872 0.0087734 0.00872457 0.00814806 0.00812064 0.00857225 0.0089941 0.0106797 0.00885605 0.0107091 0.0179233 0.0129891 0.00405356 0 0.00369793 0.00369199 0.00372476 0.00379748 0.00378312 0.00762591 0.00690213 0.0063906 0.00909688 0.00920619 0.011458 0.0355727 0.013953 0.0131051 0.0392653 0.0254224 0.0694794 0.026744 0.0124324 0.010568 0.0460661 0.0215629 0.0381323 0.0307051 0.0317619 0.0205338 0.0159479 0.010501 0.0160847 0.0101079 
0.00818784 0.00848097 0.00913877 0.00894614 0.00897145 0.00890363 0.00836417 0.00833599 0.00864452 0.0082495 0.00807122 0.00810866 0.00824256 0.00847419 0.00947033 0.00845342 0.00821212 0.00817385 0.00852039 0.0124856 0.00906313 0.00904914 0.00892964 0.0114945 0.0135096 0.00369331 0.00369793 0 0.00368454 0.0037219 0.00366008 0.00372046 0.00525766 0.00574553 0.00700752 0.00879067 0.0137203 0.0311753 0.0181785 0.0136477 0.0685164 0.0175528 0.0914226 0.0253526 0.0137213 0.0104526 0.00994751 0.0128319 0.046692 0.0308194 0.0630581 0.0396418 0.0410553 0.0170322 0.0209022 0.0127233 0.00923166 
0.00816525 0.00861143 0.00856165 0.00888306 0.00870623 0.00846276 0.00820724 0.00832591 0.00834826 0.00815147 0.0081388 0.00807961 0.00809693 0.00871539 0.00860198 0.00851253 0.00805423 0.00805552 0.00846268 0.00916783 0.0108829 0.00838123 0.008421 0.00977081 0.0121652 0.00370415 0.00369199 0.00368454 0 0.00366898 0.00369318 0.00392747 0.00476436 0.00612286 0.00656158 0.0116525 0.0271316 0.0367977 0.0246683 0.0504989 0.0133301 0.0949897 0.0195386 0.0154992 0.0144869 0.00932867 0.00925053 0.0157845 0.0236623 0.0633802 0.0269622 0.0471834 0.0213047 0.0289777 0.015746 0.0100534 0.00898776 
0.00823342 0.00838954 0.00865119 0.00875584 0.00875385 0.00843956 0.0083641 0.00828764 0.00836901 0.0081995 0.00802433 0.00806618 0.00821735 0.00834623 0.00942849 0.00829074 0.00811426 0.00825144 0.00826842 0.0113408 0.0086092 0.00864001 0.00867518 0.00940371 0.0130009 0.0037274 0.00372476 0.0037219 0.00366898 0 0.00370026 0.00369631 0.00639986 0.00669327 0.00928154 0.0265775 0.0247534 0.0241706 0.0388822 0.0127418 0.0963747 0.0121525 0.0286856 0.0176219 0.0106298 0.0119918 0.00923911 0.0116185 0.0276643 0.022318 0.0441696 0.0194706 0.0358489 0.0139939 0.0128364 0.0100164 0.00914358 
0.00810463 0.00840824 0.00837159 0.00845244 0.00836887 0.00844124 0.00822086 0.00827911 0.00838205 0.00818986 0.00796404 0.00806734 0.00802555 0.00923877 0.0083697 0.00863642 0.0080468 0.00823673 0.00935651 0.00853604 0.00930825 0.0083813 0.00902927 0.0104375 0.0176271 0.00389454 0.00379748 0.00366008 0.00369318 0.00370026 0 0.00412609 0.00658862 0.0632584 0.00751893 0.0404112 0.0187471 0.0389124 0.0288087 0.0871426 0.0118801 0.0203219 0.0136762 0.0122458 0.0180011 0.00972303 0.0102893 0.0201924 0.0157022 0.0207918 0.0155131 0.0331173 0.0148949 0.0146642 0.0107095 0.0100553 0.00934493 
0.00935269 0.00815089 0.00822771 0.00856373 0.00822736 0.00821557 0.00836943 0.00936003 0.00837074 0.00854617 0.00819208 0.00825464 0.0101765 0.00846764 0.00855963 0.00811121 0.00859849 0.011136 0.00854082 0.00900458 0.00827205 0.00947889 0.0129171 0.0159085 0.0150387 0.00576523 0.00378312 0.00372046 0.00392747 0.00369631 0.00412609 0 0.130505 0.0101572 0.0562065 0.0127631 0.0324924 0.0339469 0.0744479 0.00842712 0.0123586 0.0085226 0.0120583 0.0102162 0.00981464 0.0172894 0.0179584 0.0118926 0.0120019 0.0115847 0.0132333 0.0118398 0.0144495 0.0111585 0.0093619 0.00976712 0.0100252 
0.00867719 0.00831259 0.00812531 0.00815346 0.0081532 0.00812003 0.00831225 0.00839665 0.00815878 0.00865864 0.0081871 0.00824269 0.00902227 0.00888019 0.0085252 0.0082606 0.00865304 0.00902956 0.00855824 0.00853437 0.00816025 0.00922657 0.0130293 0.00951381 0.0140649 0.0082186 0.00762591 0.00525766 0.00476436 0.00639986 0.00658862 0.130505 0 0.0301381 0.00551338 0.7522 0.00918761 0.00743439 0.0057094 0.00615242 0.00631771 0.00690783 0.00742457 0.00865407 0.0098465 0.0157613 0.0135235 0.01137 0.0095127 0.0102726 0.00973695 0.00965339 0.00946288 0.00918923 0.00881653 0.00973621 0.0135808 
0.00855804 0.00812112 0.00797846 0.00805151 0.00808511 0.00805737 0.00828563 0.00855391 0.00810175 0.00834226 0.00816119 0.0080455 0.00881935 0.00837943 0.00823419 0.00817207 0.00820452 0.00885511 0.00825216 0.0081665 0.0080007 0.0083636 0.0113641 0.0145119 0.00986492 0.00812259 0.00690213 0.00574553 0.00612286 0.00669327 0.0632584 0.0101572 0.0301381 0 0.92926 0.00648205 0.00462834 0.00520153 0.0050721 0.00519795 0.00573825 0.00604698 0.00667947 0.00728514 0.00833586 0.00817651 0.0115549 0.0100752 0.00931402 0.00934409 0.00935521 0.00909157 0.0091217 0.0087824 0.00845329 0.00902284 0.00961688 
0.00870469 0.00804934 0.00813647 0.0080946 0.00810526 0.00812384 0.00825916 0.00826534 0.00801747 0.00870243 0.00817369 0.00824417 0.00907056 0.00798285 0.00837645 0.00807579 0.0087836 0.00842226 0.00792179 0.00815777 0.0080209 0.00980896 0.00997896 0.00911394 0.0108903 0.00807185 0.0063906 0.00700752 0.00656158 0.00928154 0.00751893 0.0562065 0.00551338 0.92926 0 0.00379068 0.00369521 0.00374938 0.00379537 0.00373891 0.00380756 0.0042606 0.00500641 0.00596356 0.00823728 0.0147603 0.011882 0.00996786 0.0109928 0.00999904 0.00950396 0.0103809 0.00949352 0.00914286 0.00883899 0.0101268 0.0298057 
0.00816101 0.0082807 0.00821239 0.00836568 0.00838366 0.00838685 0.00816719 0.00812335 0.00850406 0.00833176 0.00805148 0.00805415 0.00802227 0.00843398 0.00837782 0.00834263 0.00826271 0.00801892 0.00818132 0.00822201 0.00880087 0.00869896 0.00859534 0.0091052 0.00967922 0.00857785 0.00909688 0.00879067 0.0116525 0.0265775 0.0404112 0.0127631 0.7522 0.00648205 0.00379068 0 0.00371255 0.00369524 0.00372097 0.00369989 0.00377109 0.00389395 0.00472575 0.00656 0.00808788 0.00751599 0.00821496 0.0116296 0.0197527 0.0134414 0.0146271 0.0111524 0.0118231 0.00984355 0.00952883 0.0278477 0.366637 
0.00816338 0.0084016 0.00865064 0.00878892 0.00878521 0.00874451 0.00833321 0.00837223 0.00853616 0.00830579 0.0080668 0.00812111 0.00810928 0.00863694 0.00880521 0.00838952 0.00815067 0.00809229 0.00830842 0.00957934 0.0086819 0.00863671 0.00835299 0.00874972 0.00943268 0.0089564 0.00920619 0.0137203 0.0271316 0.0247534 0.0187471 0.0324924 0.00918761 0.00462834 0.00369521 0.00371255 0 0.00371421 0.00369014 0.00369552 0.00370641 0.00398476 0.00457844 0.0048728 0.00691273 0.00606322 0.00758686 0.00972696 0.0129611 0.0213742 0.0166129 0.0182574 0.0133868 0.011314 0.0315656 0.374317 0.0112535 
0.00819664 0.00847009 0.0086422 0.00868728 0.00888192 0.00856937 0.00853722 0.00834072 0.00841483 0.00830688 0.00815777 0.00812464 0.00813668 0.00903479 0.00882122 0.00859261 0.0081573 0.0080832 0.00859958 0.00940243 0.00936342 0.00848868 0.00844055 0.00915298 0.00949261 0.0101869 0.011458 0.0311753 0.0367977 0.0241706 0.0389124 0.0339469 0.00743439 0.00520153 0.00374938 0.00369524 0.00371421 0 0.00368044 0.00368754 0.00373519 0.00386605 0.00428267 0.0042056 0.00533304 0.00501074 0.00748835 0.00929724 0.0218328 0.0199076 0.0215923 0.0164121 0.0169348 0.0440798 0.747065 0.0153297 0.00894607 
0.00817687 0.00846221 0.00857732 0.00897412 0.00858725 0.00858173 0.00824954 0.00827892 0.00841409 0.00821279 0.00807964 0.0081882 0.00814295 0.00861286 0.00857023 0.00834156 0.00808475 0.00815414 0.00833452 0.00913355 0.0087492 0.0086053 0.00834985 0.00887988 0.00906242 0.0134943 0.0355727 0.0181785 0.0246683 0.0388822 0.0288087 0.0744479 0.0057094 0.0050721 0.00379537 0.00372097 0.00369014 0.00368044 0 0.00370391 0.00369075 0.00370815 0.00379857 0.00398947 0.00481227 0.00481789 0.00744674 0.0105702 0.0130195 0.0182524 0.0143949 0.0157591 0.0331458 0.863579 0.0132082 0.0112337 0.00871029 
0.00819729 0.00843551 0.00862769 0.00861155 0.00869874 0.008484 0.00843026 0.00828317 0.0084326 0.00822808 0.00805543 0.008082 0.0081642 0.00887537 0.00862575 0.00834628 0.00804486 0.00806564 0.00853311 0.00910462 0.00899633 0.00842999 0.00830933 0.00870917 0.00945015 0.0200255 0.013953 0.0136477 0.0504989 0.0127418 0.0871426 0.00842712 0.00615242 0.00519795 0.00373891 0.00369989 0.00369552 0.00368754 0.00370391 0 0.00373073 0.00368554 0.00372647 0.00372877 0.00377561 0.00388968 0.00701522 0.00867861 0.0148441 0.012213 0.0168006 0.0244204 0.900371 0.0139187 0.0118329 0.00879835 0.0181732 
0.00823546 0.00845588 0.00887635 0.00879522 0.00885921 0.00866552 0.00835312 0.00832977 0.00853496 0.00824257 0.0080852 0.00805953 0.00818443 0.00871171 0.00904658 0.00841023 0.00808036 0.0081161 0.00833088 0.00939555 0.0086605 0.00843528 0.00815961 0.00886988 0.00896478 0.015714 0.0131051 0.0685164 0.0133301 0.0963747 0.0118801 0.0123586 0.00631771 0.00573825 0.00380756 0.00377109 0.00370641 0.00373519 0.00369075 0.00373073 0 0.00368233 0.00369548 0.00369806 0.00369616 0.00381723 0.00656853 0.00912314 0.0101091 0.0133344 0.0386232 0.907678 0.0198414 0.0259516 0.0109973 0.0181596 0.00874583 
0.00828548 0.00863138 0.00886999 0.00898937 0.0089337 0.00891268 0.00865914 0.00846825 0.00858597 0.00830316 0.00813858 0.00810938 0.00825074 0.00910355 0.00909533 0.00859555 0.00812451 0.00813986 0.00867793 0.00940451 0.0101751 0.00854549 0.00836449 0.00871037 0.00957144 0.0163563 0.0392653 0.0175528 0.0949897 0.0121525 0.0203219 0.0085226 0.00690783 0.00604698 0.0042606 0.00389395 0.00398476 0.00386605 0.00370815 0.00368554 0.00368233 0 0.00373253 0.00372021 0.00373589 0.00372674 0.00682079 0.00806899 0.0132051 0.0361875 0.906958 0.0207086 0.0181925 0.012345 0.0162067 0.0102698 0.00871788 
0.00851805 0.00881781 0.00947778 0.00939392 0.00986302 0.00949146 0.0100476 0.00877756 0.0089402 0.00854108 0.0081671 0.00820918 0.00840151 0.00959732 0.0115472 0.00893673 0.00836373 0.00851287 0.00900592 0.0118197 0.0104422 0.00892006 0.00870121 0.00924484 0.00991256 0.0397165 0.0254224 0.0914226 0.0195386 0.0286856 0.0136762 0.0120583 0.00742457 0.00667947 0.00500641 0.00472575 0.00457844 0.00428267 0.00379857 0.00372647 0.00369548 0.00373253 0 0.00375748 0.0037744 0.0037296 0.0063503 0.0126737 0.0412813 0.925525 0.026685 0.0289489 0.018613 0.0225229 0.0142201 0.0120857 0.00946593 
0.00842364 0.00850659 0.00879533 0.00890542 0.00899885 0.00901415 0.0102053 0.0084894 0.00877582 0.00838931 0.00815546 0.00816326 0.00826149 0.00909467 0.00945145 0.00882716 0.00825488 0.00819794 0.00861511 0.0102655 0.0102115 0.00906348 0.00848531 0.00920089 0.0096623 0.0175089 0.0694794 0.0253526 0.0154992 0.0176219 0.0122458 0.0102162 0.00865407 0.00728514 0.00596356 0.00656 0.0048728 0.0042056 0.00398947 0.00372877 0.00369806 0.00372021 0.00375748 0 0.00373791 0.00371438 0.00737372 0.0203706 0.928765 0.0346721 0.0278704 0.0190172 0.0263085 0.0162451 0.018192 0.0100385 0.00941127 
0.00833404 0.0083798 0.00855553 0.00860961 0.00854092 0.00864528 0.00833588 0.00833748 0.00853741 0.00839255 0.00813627 0.00808535 0.00811527 0.00880515 0.00856676 0.0085834 0.00807756 0.00810936 0.00858723 0.00874427 0.00897113 0.00830602 0.00884006 0.009385 0.0101615 0.0282373 0.026744 0.0137213 0.0144869 0.0106298 0.0180011 0.00981464 0.0098465 0.00833586 0.00823728 0.00808788 0.00691273 0.00533304 0.00481227 0.00377561 0.00369616 0.00373589 0.0037744 0.00373791 0 0.00375671 0.0169368 0.891688 0.0191688 0.0232343 0.0146302 0.0234448 0.0137549 0.0114126 0.0105053 0.0112299 0.00872122 
0.00897826 0.00818812 0.00827634 0.00838151 0.00829556 0.0082324 0.00835337 0.00887819 0.00840772 0.00839134 0.00817211 0.00828825 0.00916759 0.0085408 0.00858603 0.0082046 0.00829222 0.00967133 0.00842019 0.00888273 0.0083362 0.00893743 0.0110118 0.0128965 0.0112705 0.0284905 0.0124324 0.0104526 0.00932867 0.0119918 0.00972303 0.0172894 0.0157613 0.00817651 0.0147603 0.00751599 0.00606322 0.00501074 0.00481789 0.00388968 0.00381723 0.00372674 0.0037296 0.00371438 0.00375671 0 0.947483 0.00582624 0.00637615 0.00682282 0.0146399 0.00877621 0.00990679 0.00848564 0.00854414 0.00881216 0.00850662 
0.00833629 0.00824022 0.00822426 0.00829399 0.00827374 0.00825026 0.00836192 0.00822466 0.00825521 0.00844343 0.00807938 0.00815565 0.00856768 0.00816421 0.0083546 0.00815891 0.00846054 0.00847899 0.00802394 0.00826556 0.00812807 0.00925424 0.0113277 0.00936289 0.00968616 0.0263566 0.010568 0.00994751 0.00925053 0.00923911 0.0102893 0.0179584 0.0135235 0.0115549 0.011882 0.00821496 0.00758686 0.00748835 0.00744674 0.00701522 0.00656853 0.00682079 0.0063503 0.00737372 0.0169368 0.947483 0 0.0037156 0.00369588 0.0037295 0.00375546 0.00383553 0.00386506 0.00454963 0.00462724 0.0053137 0.0107735 
0.00837605 0.00848668 0.00862615 0.00863665 0.00860736 0.00876102 0.00856442 0.00838989 0.00868546 0.00845432 0.00822492 0.00814181 0.00820896 0.00887297 0.0086593 0.00858224 0.00837163 0.00815567 0.00844962 0.00872709 0.00896278 0.00881294 0.00904019 0.00962271 0.00980755 0.016919 0.0460661 0.0128319 0.0157845 0.0116185 0.0201924 0.0118926 0.01137 0.0100752 0.00996786 0.0116296 0.00972696 0.00929724 0.0105702 0.00867861 0.00912314 0.00806899 0.0126737 0.0203706 0.891688 0.00582624 0.0037156 0 0.00372289 0.00371536 0.00375627 0.00382489 0.00399451 0.00379558 0.00404176 0.00508916 0.00598124 
0.00838637 0.00874984 0.009448 0.00905565 0.00980203 0.00922817 0.0100224 0.00864318 0.00876641 0.00843961 0.0081792 0.00815262 0.0083092 0.00915944 0.00996936 0.00869727 0.00825445 0.00822904 0.00888415 0.0108304 0.00923915 0.00889639 0.00852774 0.00894128 0.00942693 0.0192653 0.0215629 0.046692 0.0236623 0.0276643 0.0157022 0.0120019 0.0095127 0.00931402 0.0109928 0.0197527 0.0129611 0.0218328 0.0130195 0.0148441 0.0101091 0.0132051 0.0412813 0.928765 0.0191688 0.00637615 0.00369588 0.00372289 0 0.00371931 0.00374986 0.00382349 0.00387094 0.00390531 0.00555465 0.00456932 0.00464283 
0.00855753 0.00878324 0.00908734 0.00921196 0.00953464 0.00982133 0.0120042 0.00874437 0.00902682 0.00855255 0.00831023 0.00830622 0.00851779 0.00938434 0.00976727 0.00899687 0.0082641 0.00846954 0.00895999 0.00990321 0.0102886 0.00856946 0.00877215 0.00919477 0.00959745 0.0187361 0.0381323 0.0308194 0.0633802 0.022318 0.0207918 0.0115847 0.0102726 0.00934409 0.00999904 0.0134414 0.0213742 0.0199076 0.0182524 0.012213 0.0133344 0.0361875 0.925525 0.0346721 0.0232343 0.00682282 0.0037295 0.00371536 0.00371931 0 0.00373959 0.00377783 0.00378578 0.0041578 0.00420088 0.00377182 0.00462136 
0.00845264 0.00892712 0.00923778 0.00951467 0.00978592 0.00981017 0.0125653 0.00879524 0.00900088 0.00865128 0.00826258 0.00824879 0.0083916 0.00937394 0.0108286 0.00900806 0.00837413 0.00844122 0.00907765 0.0106973 0.0100535 0.00911199 0.0085513 0.00935818 0.00957356 0.0174204 0.0307051 0.0630581 0.0269622 0.0441696 0.0155131 0.0132333 0.00973695 0.00935521 0.00950396 0.0146271 0.0166129 0.0215923 0.0143949 0.0168006 0.0386232 0.906958 0.026685 0.0278704 0.0146302 0.0146399 0.00375546 0.00375627 0.00374986 0.00373959 0 0.00376192 0.00375037 0.00379491 0.00381372 0.00381574 0.00390801 
0.00839907 0.00884617 0.0091289 0.00925806 0.00932056 0.00969513 0.0121797 0.00857324 0.00889484 0.00873364 0.00824361 0.00819234 0.00828764 0.00966335 0.00922619 0.00882811 0.00842823 0.00828602 0.00903451 0.00939619 0.0100811 0.00848572 0.00860657 0.00901344 0.0094457 0.0139479 0.0317619 0.0396418 0.0471834 0.0194706 0.0331173 0.0118398 0.00965339 0.00909157 0.0103809 0.0111524 0.0182574 0.0164121 0.0157591 0.0244204 0.907678 0.0207086 0.0289489 0.0190172 0.0234448 0.00877621 0.00383553 0.00382489 0.00382349 0.00377783 0.00376192 0 0.00374893 0.00374581 0.00372892 0.00372743 0.00387909 
0.00830612 0.0087121 0.00897546 0.00900466 0.00896825 0.00895207 0.0102322 0.00850164 0.00880608 0.00861067 0.00821685 0.00817207 0.00825729 0.00903964 0.00916004 0.00866098 0.00830172 0.00833149 0.00860057 0.00987933 0.00918655 0.00870295 0.00839153 0.00884241 0.00931217 0.0127536 0.0205338 0.0410553 0.0213047 0.0358489 0.0148949 0.0144495 0.00946288 0.0091217 0.00949352 0.0118231 0.0133868 0.0169348 0.0331458 0.900371 0.0198414 0.0181925 0.018613 0.0263085 0.0137549 0.00990679 0.00386506 0.00399451 0.00387094 0.00378578 0.00375037 0.00374893 0 0.00371625 0.00370515 0.00370877 0.00375635 
0.00825184 0.00853246 0.00857101 0.00857147 0.00862026 0.00857223 0.00856917 0.0084033 0.00854071 0.00839299 0.00818964 0.00809529 0.00816664 0.0087676 0.00864585 0.00847011 0.00814242 0.00810836 0.00840648 0.00879307 0.00883965 0.00842621 0.00832896 0.00864194 0.00909028 0.0110138 0.0159479 0.0170322 0.0289777 0.0139939 0.0146642 0.0111585 0.00918923 0.0087824 0.00914286 0.00984355 0.011314 0.0440798 0.863579 0.0139187 0.0259516 0.012345 0.0225229 0.0162451 0.0114126 0.00848564 0.00454963 0.00379558 0.00390531 0.0041578 0.00379491 0.00374581 0.00371625 0 0.00375483 0.00369362 0.00372336 
0.00820794 0.00849346 0.00849182 0.00855728 0.00849499 0.00841674 0.00827389 0.00825342 0.00829245 0.00821493 0.00809618 0.0080468 0.00810975 0.00852342 0.00835921 0.00828584 0.00800977 0.00807005 0.00841399 0.00855637 0.00845277 0.00819245 0.00821178 0.00833735 0.00858883 0.0104633 0.010501 0.0209022 0.015746 0.0128364 0.0107095 0.0093619 0.00881653 0.00845329 0.00883899 0.00952883 0.0315656 0.747065 0.0132082 0.0118329 0.0109973 0.0162067 0.0142201 0.018192 0.0105053 0.00854414 0.00462724 0.00404176 0.00555465 0.00420088 0.00381372 0.00372892 0.00370515 0.00375483 0 0.00369907 0.00371824 
0.00832596 0.00832791 0.00835507 0.00835676 0.00829053 0.00828299 0.00806939 0.00818073 0.00820428 0.00806038 0.00807367 0.00802604 0.00819958 0.00839226 0.00826395 0.00816256 0.00802806 0.00820168 0.00823354 0.00830171 0.00820975 0.00831712 0.00831722 0.00937163 0.00918022 0.00994797 0.0160847 0.0127233 0.0100534 0.0100164 0.0100553 0.00976712 0.00973621 0.00902284 0.0101268 0.0278477 0.374317 0.0153297 0.0112337 0.00879835 0.0181596 0.0102698 0.0120857 0.0100385 0.0112299 0.00881216 0.0053137 0.00508916 0.00456932 0.00377182 0.00381574 0.00372743 0.00370877 0.00369362 0.00369907 0 0.00371808 
0.00828086 0.00836032 0.00823007 0.00819584 0.00822535 0.00815402 0.00823601 0.00857057 0.00813109 0.00824866 0.00811933 0.00806504 0.00823815 0.00837505 0.00811397 0.00799692 0.00803748 0.00826196 0.00839176 0.00803933 0.00804494 0.00829843 0.00939738 0.00924768 0.00866712 0.0166036 0.0101079 0.00923166 0.00898776 0.00914358 0.00934493 0.0100252 0.0135808 0.00961688 0.0298057 0.366637 0.0112535 0.00894607 0.00871029 0.0181732 0.00874583 0.00871788 0.00946593 0.00941127 0.00872122 0.00850662 0.0107735 0.00598124 0.00464283 0.00462136 0.00390801 0.00387909 0.00375635 0.00372336 0.00371824 0.00371808 0 
