1E5KA
MTTITGVVLAGGKARRMGGVDKGLLELNGKPLWQHVADALMTQLSHVVVNANRHQEIYQASGLKVIEDSLADYPGPLAGMLSVMQQEAGEWFLFCPCDTPYIPPDLAARLNHQRKDAPVVWVHDGERDHPTIALVNRAIEPLLLEYLQAGERRVMVFMRLAGGHAVDFSDHKDAFVNVNTPEELARWQ
CCCEEEEEECCCCCCCCCCCCHHHCEECCEEHHHHHHHHHHHHCCCEEEECCCCHHHHHCCCCCEECCCCCCCCCHHHHHHHHHHHCCCCEEEEEECCCCCCCCCHHHHHHHCCCCCCEEEEECCCCEEEEEEEEECCHHHHHHHHHHCCCCCHHHHHHHCCCEEEECCCCCCCCCCCCCHHHHHCCC
0 0 0 0 0 0 0 0 0 0 0 0 0 0 0 0 0 0 0 0 0 0 0 0 0 0 0 0 0 0 0 0 0 0 0 0 0 0 0 0 0 0 0 0 0 0 0 0 0 0 0 0 0 0 0 0 0 0 0 0 0 0 0 0 0 0 0 0 0 0 0 0 0 0 0 0 0 0 0 0 0 0 0 0 0 0 0 0 0 0 0 0 0 0 0 0 0 0 0 0 0 0 0 0 0 0 0 0 0 0 0 0 0 0 0 0 0 0 0 0 0 0 0 0 0 0 0 0 0 0 0 0 0 0 0 0 0 0 0 0 0 0 0 0 0 0 0 0 0 0 0 0 0 0 0 0 0 0 0 0 0 0 0 0 0 0 0 0 0 0 0 0 0 0 0 0 0 0 0 0 0 0 0 0 0 0 0 0 
0 0 0 0 0 0 0 0 0 0 0 0 0 0 0 0 0 0 0 0 0 0 0 0 0 0 0 0 0 0 0 0 0 0 0 0 0 0 0 0 0 0 0 0 0 0 0 0 0 0 0 0 0 0 0 0 0 0 0 0 0 0 0 0 0 0 0 0 0 0 0 0 0 0 0 0 0 0 0 0 0 0 0 0 0 0 0 0 0 0 0 0 0 0 0 0 0 0 0 0 0 0 0 0 0 0 0 0 0 0 0 0 0 0 0 0 0 0 0 0 0 0 0 0 0 0 0 0 0 0 0 0 0 0 0 0 0 0 0 0 0 0 0 0 0 0 0 0 0 0 0 0 0 0 0 0 0 0 0 0 0 0 0 0 0 0 0 0 0 0 0 0 0 0 0 0 0 0 0 0 0 0 0 0 0 0 0 0 
0 0.00389994 0.00376076 0.00376897 0.00396045 0.00823553 0.0200499 0.0299729 0.0113018 0.0179359 0.0353124 0.0131865 0.0159513 0.0209182 0.0144131 0.0154766 0.0106429 0.00933158 0.00940899 0.00961781 0.00938292 0.0121401 0.00950322 0.00872499 0.00871016 0.00888888 0.00962828 0.00833302 0.00818441 0.00833202 0.0086069 0.00890876 0.0089356 0.00876355 0.00869418 0.0100582 0.00834152 0.00812073 0.00828219 0.00886341 
0.00389994 0 0.0037019 0.00370935 0.00402648 0.00401603 0.0204679 0.0119328 0.0103211 0.0149815 0.0171054 0.0948637 0.0235154 0.0146898 0.0118176 0.00970448 0.00931298 0.0194165 0.0192156 0.0181037 0.0123557 0.00978792 0.00914006 0.0109169 0.0105718 0.00884847 0.00853676 0.00819478 0.00844944 0.00891883 0.0106449 0.0106064 0.0113842 0.0107115 0.00925649 0.00891573 0.00807326 0.00838045 0.00844618 0.00848308 
0.00376076 0.0037019 0 0.00375918 0.00374293 0.00376126 0.0138042 0.0127259 0.00890164 0.00886685 0.0948728 0.0483939 0.0532757 0.0177158 0.0107084 0.00997528 0.00996013 0.0219902 0.0624807 0.0647311 0.0165694 0.0114419 0.0113394 0.0152218 0.0172349 0.0101629 0.00860698 0.0083166 0.00919398 0.0128248 0.0169409 0.0208571 0.0209687 0.0191516 0.0113758 0.00891941 0.00835726 0.00861509 0.00898618 0.00852761 
0.00376897 0.00370935 0.00375918 0 0.00373793 0.00373351 0.0191002 0.0177059 0.00860818 0.0102725 0.0225112 0.225625 0.0804006 0.0211458 0.0115096 0.0100301 0.0104085 0.0320797 0.11199 0.10022 0.0211622 0.0116285 0.011363 0.0177323 0.0292913 0.0100303 0.00886789 0.00844195 0.00908174 0.0130842 0.0218226 0.0211837 0.0250107 0.0229602 0.0120386 0.00916551 0.00829099 0.00866644 0.00906694 0.00847148 
0.00396045 0.00402648 0.00374293 0.00373793 0 0.00386984 0.0382679 0.0171844 0.0106491 0.0138544 0.0232443 0.0636572 0.360127 0.0368476 0.0143036 0.0123856 0.00999763 0.0244073 0.0411919 0.0317617 0.0322045 0.0122235 0.0113665 0.0143715 0.013419 0.0114736 0.00850659 0.00856007 0.00877972 0.0108456 0.0120897 0.0139906 0.0149823 0.0162062 0.0133646 0.0088071 0.00824633 0.00856392 0.00869319 0.00830803 
0.00823553 0.00401603 0.00376126 0.00373351 0.00386984 0 0.019067 0.0464597 0.0118494 0.0176856 0.0434022 0.0174881 0.0430238 0.237173 0.0174749 0.0179546 0.0156977 0.0122941 0.0151127 0.0148891 0.0157258 0.0206337 0.0148087 0.0111516 0.0109623 0.00921594 0.0094369 0.0102874 0.00853388 0.00906945 0.0103687 0.0122728 0.0124083 0.0102329 0.00956387 0.0102816 0.0106563 0.00843596 0.0083578 0.00893187 
0.0200499 0.0204679 0.0138042 0.0191002 0.0382679 0.019067 0 0.00415507 0.00651461 0.966717 0.0136498 0.017964 0.0137721 0.0219413 0.0166763 0.0130267 0.00957103 0.00926536 0.00916167 0.00923545 0.0090438 0.0107067 0.00878815 0.0088213 0.00882723 0.00832153 0.00880905 0.00849765 0.00820852 0.00825528 0.00850286 0.00851252 0.00879681 0.00853145 0.00850466 0.00952185 0.00834521 0.00817943 0.00803905 0.0100913 
0.0299729 0.0119328 0.0127259 0.0177059 0.0171844 0.0464597 0.00415507 0 0.974174 0.00402072 0.0267721 0.0109134 0.0193525 0.0149626 0.0225053 0.0176331 0.0122111 0.0092402 0.00876417 0.0087556 0.0092225 0.00912343 0.011893 0.00858371 0.0082828 0.0088834 0.0082278 0.00841828 0.00822171 0.00818515 0.0082975 0.00866665 0.00846017 0.00836145 0.00844335 0.00865342 0.00844239 0.00804295 0.0087297 0.00805883 
0.0113018 0.0103211 0.00890164 0.00860818 0.0106491 0.0118494 0.00651461 0.974174 0 0.00933719 0.0105122 0.0122233 0.0105243 0.0150827 0.0173227 0.0114333 0.00930621 0.00867112 0.00840696 0.00839849 0.00840608 0.00965203 0.00844457 0.00818134 0.0081744 0.00809013 0.00827735 0.00827609 0.00803772 0.00796438 0.00812736 0.00815491 0.00816795 0.0081465 0.00810245 0.0085891 0.00806854 0.00799141 0.00791771 0.00884677 
0.0179359 0.0149815 0.00886685 0.0102725 0.0138544 0.0176856 0.966717 0.00402072 0.00933719 0 0.00988405 0.00936503 0.0128038 0.0109925 0.0243122 0.0125368 0.0108317 0.00953416 0.00879963 0.0089128 0.00918684 0.00930453 0.0110515 0.00848733 0.00838213 0.00861331 0.00828125 0.0085578 0.00813921 0.0080866 0.00828953 0.00829964 0.00826948 0.0083714 0.00839125 0.00830889 0.00836626 0.00813999 0.00808726 0.00811528 
0.0353124 0.0171054 0.0948728 0.0225112 0.0232443 0.0434022 0.0136498 0.0267721 0.0105122 0.00988405 0 0.00385053 0.00382263 0.00413921 0.0388467 0.0399727 0.0366299 0.0150303 0.0181518 0.0140321 0.0121845 0.0186246 0.0192787 0.0131509 0.0100594 0.0105935 0.012199 0.00941374 0.00884578 0.00939199 0.00962777 0.0118613 0.0112999 0.0103983 0.010017 0.0151297 0.00855074 0.00828799 0.00879055 0.00979387 
0.0131865 0.0948637 0.0483939 0.225625 0.0636572 0.0174881 0.017964 0.0109134 0.0122233 0.00936503 0.00385053 0 0.00373279 0.0037507 0.0461428 0.0237316 0.0146704 0.0723016 0.0465345 0.0504924 0.0346449 0.0120898 0.0129141 0.0325973 0.0346038 0.0115231 0.00902999 0.00869195 0.0112651 0.0124466 0.0225886 0.0196856 0.0263636 0.0272113 0.0160705 0.0099605 0.00833168 0.00900706 0.00896243 0.00877879 
0.0159513 0.0235154 0.0532757 0.0804006 0.360127 0.0430238 0.0137721 0.0193525 0.0105243 0.0128038 0.00382263 0.00373279 0 0.00391475 0.0817444 0.0376429 0.0169462 0.0301419 0.0766052 0.0516855 0.109847 0.018322 0.0136329 0.0257504 0.0243717 0.0215016 0.00912512 0.00911611 0.0101858 0.0135222 0.018511 0.0262126 0.0280863 0.0317911 0.0365599 0.0105579 0.00910882 0.00900934 0.00949179 0.00840142 
0.0209182 0.0146898 0.0177158 0.0211458 0.0368476 0.237173 0.0219413 0.0149626 0.0150827 0.0109925 0.00413921 0.0037507 0.00391475 0 0.0179763 0.129315 0.021416 0.0152692 0.0182756 0.0333672 0.0211183 0.0703035 0.0190148 0.0116174 0.0131131 0.0104922 0.0114837 0.0113277 0.00917539 0.00966241 0.0123899 0.0126376 0.0137782 0.0135468 0.0146254 0.0156218 0.0124072 0.00844916 0.00860757 0.00989578 
0.0144131 0.0118176 0.0107084 0.0115096 0.0143036 0.0174749 0.0166763 0.0225053 0.0173227 0.0243122 0.0388467 0.0461428 0.0817444 0.0179763 0 0.00656642 0.0233204 0.0302341 0.0143192 0.0133214 0.0187871 0.0189014 0.0151283 0.012927 0.00966377 0.00991923 0.0109623 0.0105677 0.0103735 0.0092012 0.00933081 0.0100786 0.0106109 0.00978375 0.0103937 0.0137412 0.00915393 0.00831576 0.00859441 0.00913964 
0.0154766 0.00970448 0.00997528 0.0100301 0.0123856 0.0179546 0.0130267 0.0176331 0.0114333 0.0125368 0.0399727 0.0237316 0.0376429 0.129315 0.00656642 0 0.0185975 0.0125954 0.0122441 0.0148674 0.0221813 0.0322569 0.0169941 0.0100269 0.00967173 0.0105629 0.00930074 0.00983818 0.00887145 0.00868911 0.00906031 0.00929569 0.00929697 0.00929814 0.0102464 0.0103931 0.00933147 0.00823643 0.00905456 0.00846943 
0.0106429 0.00931298 0.00996013 0.0104085 0.00999763 0.0156977 0.00957103 0.0122111 0.00930621 0.0108317 0.0366299 0.0146704 0.0169462 0.021416 0.0233204 0.0185975 0 0.0040036 0.00371419 0.00374003 0.00375895 0.0047281 0.0573588 0.0188757 0.0108104 0.0104963 0.0165108 0.0133711 0.00960628 0.0106395 0.0105733 0.0135334 0.0138512 0.0117386 0.0111683 0.023578 0.00910283 0.00860315 0.0088132 0.0122965 
0.00933158 0.0194165 0.0219902 0.0320797 0.0244073 0.0122941 0.00926536 0.0092402 0.00867112 0.00953416 0.0150303 0.0723016 0.0301419 0.0152692 0.0302341 0.0125954 0.0040036 0 0.00370405 0.00369587 0.0038318 0.00372254 0.113292 0.065358 0.0226775 0.0226515 0.0134448 0.00965847 0.0155291 0.0131134 0.0303679 0.0417014 0.0275349 0.0318586 0.0272994 0.012393 0.00881069 0.0106417 0.0109798 0.0093551 
0.00940899 0.0192156 0.0624807 0.11199 0.0411919 0.0151127 0.00916167 0.00876417 0.00840696 0.00879963 0.0181518 0.0465345 0.0766052 0.0182756 0.0143192 0.0122441 0.00371419 0.00370405 0 0.0037199 0.00369924 0.00371467 0.0301564 0.10222 0.0694783 0.0252281 0.0101184 0.00946597 0.0117457 0.0347243 0.0650638 0.0738315 0.0636433 0.106951 0.0265196 0.0120213 0.00910684 0.0112794 0.0117779 0.00932681 
0.00961781 0.0181037 0.0647311 0.10022 0.0317617 0.0148891 0.00923545 0.0087556 0.00839849 0.0089128 0.0140321 0.0504924 0.0516855 0.0333672 0.0133214 0.0148674 0.00374003 0.00369587 0.0037199 0 0.003712 0.00370007 0.0339227 0.0737431 0.184306 0.0193362 0.0106333 0.00959337 0.0124092 0.039824 0.0546961 0.0480289 0.14407 0.087297 0.0423113 0.0125684 0.00970246 0.0115935 0.0111143 0.00975026 
0.00938292 0.0123557 0.0165694 0.0211622 0.0322045 0.0157258 0.0090438 0.0092225 0.00840608 0.00918684 0.0121845 0.0346449 0.109847 0.0211183 0.0187871 0.0221813 0.00375895 0.0038318 0.00369924 0.003712 0 0.00387579 0.018568 0.0409549 0.0377932 0.0882618 0.0141746 0.00931926 0.0150738 0.0139154 0.0167666 0.0399065 0.0256236 0.0582529 0.0651312 0.0145886 0.00957685 0.00966322 0.0148072 0.00878879 
0.0121401 0.00978792 0.0114419 0.0116285 0.0122235 0.0206337 0.0107067 0.00912343 0.00965203 0.00930453 0.0186246 0.0120898 0.018322 0.0703035 0.0189014 0.0322569 0.0047281 0.00372254 0.00371467 0.00370007 0.00387579 0 0.0165841 0.0157536 0.0261594 0.0247394 0.0471574 0.0149713 0.00953392 0.0106457 0.0157498 0.0130089 0.0245316 0.0160721 0.0346017 0.0284776 0.0136753 0.00918716 0.00922107 0.0113384 
0.00950322 0.00914006 0.0113394 0.011363 0.0113665 0.0148087 0.00878815 0.011893 0.00844457 0.0110515 0.0192787 0.0129141 0.0136329 0.0190148 0.0151283 0.0169941 0.0573588 0.113292 0.0301564 0.0339227 0.018568 0.0165841 0 0.00375869 0.00374278 0.00373482 0.0041485 0.00608588 0.00642754 0.00765572 0.0148365 0.265931 0.0745477 0.0175094 0.0116097 0.0346735 0.0155261 0.0103363 0.0119337 0.0160222 
0.00872499 0.0109169 0.0152218 0.0177323 0.0143715 0.0111516 0.0088213 0.00858371 0.00818134 0.00848733 0.0131509 0.0325973 0.0257504 0.0116174 0.012927 0.0100269 0.0188757 0.065358 0.10222 0.0737431 0.0409549 0.0157536 0.00375869 0 0.00370892 0.00370684 0.00374785 0.00556999 0.00741066 0.0168139 0.239159 0.074827 0.0307426 0.0135967 0.0237459 0.0116153 0.0106461 0.0205799 0.0193678 0.0108578 
0.00871016 0.0105718 0.0172349 0.0292913 0.013419 0.0109623 0.00882723 0.0082828 0.0081744 0.00838213 0.0100594 0.0346038 0.0243717 0.0131131 0.00966377 0.00967173 0.0108104 0.0226775 0.0694783 0.184306 0.0377932 0.0261594 0.00374278 0.00370892 0 0.00372327 0.00370601 0.00523312 0.00979508 0.413846 0.118102 0.0205577 0.017707 0.0209387 0.0125578 0.00948905 0.0112713 0.021314 0.0117001 0.0108446 
0.00888888 0.00884847 0.0101629 0.0100303 0.0114736 0.00921594 0.00832153 0.0088834 0.00809013 0.00861331 0.0105935 0.0115231 0.0215016 0.0104922 0.00991923 0.0105629 0.0104963 0.0226515 0.0252281 0.0193362 0.0882618 0.0247394 0.00373482 0.00370684 0.00372327 0 0.00375328 0.00495791 0.845592 0.0490197 0.0097929 0.0101313 0.0112048 0.0120534 0.0106013 0.00974296 0.0112954 0.0109988 0.016962 0.00908762 
0.00962828 0.00853676 0.00860698 0.00886789 0.00850659 0.0094369 0.00880905 0.0082278 0.00827735 0.00828125 0.012199 0.00902999 0.00912512 0.0114837 0.0109623 0.00930074 0.0165108 0.0134448 0.0101184 0.0106333 0.0141746 0.0471574 0.0041485 0.00374785 0.00370601 0.00375328 0 0.965978 0.00878664 0.00516046 0.00555385 0.0078679 0.00774936 0.00723556 0.00902735 0.00889568 0.0146056 0.00931579 0.00879841 0.0106656 
0.00833302 0.00819478 0.0083166 0.00844195 0.00856007 0.0102874 0.00849765 0.00841828 0.00827609 0.0085578 0.00941374 0.00869195 0.00911611 0.0113277 0.0105677 0.00983818 0.0133711 0.00965847 0.00946597 0.00959337 0.00931926 0.0149713 0.00608588 0.00556999 0.00523312 0.00495791 0.965978 0 0.0037269 0.00368634 0.00369215 0.00368363 0.00373272 0.00388165 0.00434202 0.00749996 0.0205216 0.00942706 0.00888326 0.0179862 
0.00818441 0.00844944 0.00919398 0.00908174 0.00877972 0.00853388 0.00820852 0.00822171 0.00803772 0.00813921 0.00884578 0.0112651 0.0101858 0.00917539 0.0103735 0.00887145 0.00960628 0.0155291 0.0117457 0.0124092 0.0150738 0.00953392 0.00642754 0.00741066 0.00979508 0.845592 0.00878664 0.0037269 0 0.00369777 0.00368686 0.00370647 0.00387865 0.00395514 0.00695644 0.00405542 0.0110462 0.0143031 0.0126564 0.00938755 
0.00833202 0.00891883 0.0128248 0.0130842 0.0108456 0.00906945 0.00825528 0.00818515 0.00796438 0.0080866 0.00939199 0.0124466 0.0135222 0.00966241 0.0092012 0.00868911 0.0106395 0.0131134 0.0347243 0.039824 0.0139154 0.0106457 0.00765572 0.0168139 0.413846 0.0490197 0.00516046 0.00368634 0.00369777 0 0.00369372 0.0037003 0.0037256 0.00371714 0.00372297 0.00396796 0.01473 0.0154786 0.0138612 0.00956051 
0.0086069 0.0106449 0.0169409 0.0218226 0.0120897 0.0103687 0.00850286 0.0082975 0.00812736 0.00828953 0.00962777 0.0225886 0.018511 0.0123899 0.00933081 0.00906031 0.0105733 0.0303679 0.0650638 0.0546961 0.0167666 0.0157498 0.0148365 0.239159 0.118102 0.0097929 0.00555385 0.00369215 0.00368686 0.00369372 0 0.00370824 0.00376331 0.00375698 0.0036918 0.00392679 0.0215867 0.0245703 0.0124358 0.0127057 
0.00890876 0.0106064 0.0208571 0.0211837 0.0139906 0.0122728 0.00851252 0.00866665 0.00815491 0.00829964 0.0118613 0.0196856 0.0262126 0.0126376 0.0100786 0.00929569 0.0135334 0.0417014 0.0738315 0.0480289 0.0399065 0.0130089 0.265931 0.074827 0.0205577 0.0101313 0.0078679 0.00368363 0.00370647 0.0037003 0.00370824 0 0.00372448 0.00378604 0.00373533 0.0037753 0.0307758 0.0208182 0.0248012 0.0103039 
0.0089356 0.0113842 0.0209687 0.0250107 0.0149823 0.0124083 0.00879681 0.00846017 0.00816795 0.00826948 0.0112999 0.0263636 0.0280863 0.0137782 0.0106109 0.00929697 0.0138512 0.0275349 0.0636433 0.14407 0.0256236 0.0245316 0.0745477 0.0307426 0.017707 0.0112048 0.00774936 0.00373272 0.00387865 0.0037256 0.00376331 0.00372448 0 0.00371768 0.0037044 0.00372474 0.0848183 0.0386046 0.0226974 0.0127795 
0.00876355 0.0107115 0.0191516 0.0229602 0.0162062 0.0102329 0.00853145 0.00836145 0.0081465 0.0083714 0.0103983 0.0272113 0.0317911 0.0135468 0.00978375 0.00929814 0.0117386 0.0318586 0.106951 0.087297 0.0582529 0.0160721 0.0175094 0.0135967 0.0209387 0.0120534 0.00723556 0.00388165 0.00395514 0.00371714 0.00375698 0.00378604 0.00371768 0 0.00369901 0.0037065 0.0197371 0.133907 0.0322842 0.0125755 
0.00869418 0.00925649 0.0113758 0.0120386 0.0133646 0.00956387 0.00850466 0.00844335 0.00810245 0.00839125 0.010017 0.0160705 0.0365599 0.0146254 0.0103937 0.0102464 0.0111683 0.0272994 0.0265196 0.0423113 0.0651312 0.0346017 0.0116097 0.0237459 0.0125578 0.0106013 0.00902735 0.00434202 0.00695644 0.00372297 0.0036918 0.00373533 0.0037044 0.00369901 0 0.00387698 0.0186006 0.0252236 0.252475 0.0155904 
0.0100582 0.00891573 0.00891941 0.00916551 0.0088071 0.0102816 0.00952185 0.00865342 0.0085891 0.00830889 0.0151297 0.0099605 0.0105579 0.0156218 0.0137412 0.0103931 0.023578 0.012393 0.0120213 0.0125684 0.0145886 0.0284776 0.0346735 0.0116153 0.00948905 0.00974296 0.00889568 0.00749996 0.00405542 0.00396796 0.00392679 0.0037753 0.00372474 0.0037065 0.00387698 0 0.0217659 0.0122576 0.021795 0.218977 
0.00834152 0.00807326 0.00835726 0.00829099 0.00824633 0.0106563 0.00834521 0.00844239 0.00806854 0.00836626 0.00855074 0.00833168 0.00910882 0.0124072 0.00915393 0.00933147 0.00910283 0.00881069 0.00910684 0.00970246 0.00957685 0.0136753 0.0155261 0.0106461 0.0112713 0.0112954 0.0146056 0.0205216 0.0110462 0.01473 0.0215867 0.0307758 0.0848183 0.0197371 0.0186006 0.0217659 0 0.0042714 0.00379877 0.00606402 
0.00812073 0.00838045 0.00861509 0.00866644 0.00856392 0.00843596 0.00817943 0.00804295 0.00799141 0.00813999 0.00828799 0.00900706 0.00900934 0.00844916 0.00831576 0.00823643 0.00860315 0.0106417 0.0112794 0.0115935 0.00966322 0.00918716 0.0103363 0.0205799 0.021314 0.0109988 0.00931579 0.00942706 0.0143031 0.0154786 0.0245703 0.0208182 0.0386046 0.133907 0.0252236 0.0122576 0.0042714 0 0.0041449 0.00386489 
0.00828219 0.00844618 0.00898618 0.00906694 0.00869319 0.0083578 0.00803905 0.0087297 0.00791771 0.00808726 0.00879055 0.00896243 0.00949179 0.00860757 0.00859441 0.00905456 0.0088132 0.0109798 0.0117779 0.0111143 0.0148072 0.00922107 0.0119337 0.0193678 0.0117001 0.016962 0.00879841 0.00888326 0.0126564 0.0138612 0.0124358 0.0248012 0.0226974 0.0322842 0.252475 0.021795 0.00379877 0.0041449 0 0.00374152 
0.00886341 0.00848308 0.00852761 0.00847148 0.00830803 0.00893187 0.0100913 0.00805883 0.00884677 0.00811528 0.00979387 0.00877879 0.00840142 0.00989578 0.00913964 0.00846943 0.0122965 0.0093551 0.00932681 0.00975026 0.00878879 0.0113384 0.0160222 0.0108578 0.0108446 0.00908762 0.0106656 0.0179862 0.00938755 0.00956051 0.0127057 0.0103039 0.0127795 0.0125755 0.0155904 0.218977 0.00606402 0.00386489 0.00374152 0 
