1E6NB
TRKAVIGYYFIPTNQINNYTETDTSVVPFPVSNITPAKAKQLTHINFSFLDINSNLECAWDPATNDAKARDVVNRLTALKAHNPSLRIMFSIGGWYYSNDLGVSHANYVNAVKTPASRAKFAQSCVRIMKDYGFDGVDIDWQYPQAAEVDGFIAALQEIRTLLNQQTITDGRQALPYQLTIAGAGGAFFLSRYYSKLAQIVAPLDYINLMTYDLAGPWEKVTNHQAALFGDAAGPTFYNALREANLGWSWEELTRAFPSPFSLTVDAAVQQHLMMEGVPSAKIVMGVPFYGRAFKGVSGGNGGQYSSHSTPGEDPYPSTDYWLVGCEECVRDKDPRIASYRQLEQMLQGNYGYQRLWNDKTKTPYLYHAQNGLFVTYDDAESFKYKAKYIKQQQLGGVMFWHLGQDNRNGDLLAALDRYFNAADYDDSQLDMGTGLRYTGVGPGNLPIMTAPAYVPGTTYAQGALVSYQGYVWQTKWGYITSAPGSDSAWLKVGRVA
CCCEEEEEEECCHHHHHCCCCCCCCCCCCCHHHCCHHHHHHCCEEEEEEEEECCCCCEECCCCCCHHHHHHHHHHHHHHHHHCCCCEEEEEEECHHHHCCCCCCHHHHHHHCCCHHHHHHHHHHHHHHHHHHCCCEEEEECCCCCHHHHHHHHHHHHHHHHHHHHHHHHHCCCCCCCEEEEEEECCHHHHCCCHHHHHHHHCCCCEEEEECCCCCCCCCCCCCCCCCCCECCCCCCECCHHHHCCCCCCHHHHHHHCCCCECCCHHHHHHHHHCCCCCCHHHEEEEEECEEEEECCCCCCHHHCCCCCCCCCCCCCCCCCCCCCCCHHHHHHCCCCEEEHHHHHHHHCCCCCCEEEEECCCCEEEEEECCCCEEEECCCCCHHHHHHHHHHHCCCCEEEEECHHHCCCCCHHHHHHHHHHHCCCCCCCCCCCCCCECCCCCCCCCCCECCCCECCCCCCECCCCEEEECCEEEEECCCCECCCCCCCCCEEEEEECC
0 0 0 0 0 0 0 0 0 0 0 0 0 0 0 0 0 0 0 0 0 0 0 0 0 0 0 0 0 0 0 0 0 0 0 0 0 0 0 0 0 0 0 0 0 0 0 0 0 0 0 0 0 0 0 0 0 0 0 0 0 0 0 0 0 0 0 0 0 0 0 0 0 0 0 0 0 0 0 0 0 0 0 0 0 0 0 0 0 0 0 0 0 0 0 0 0 0 0 0 0 0 0 0 0 0 0 0 0 0 0 0 0 0 0 0 0 0 0 0 0 0 0 0 0 0 0 0 0 0 0 0 0 0 0 0 0 0 0 0 0 0 0 0 0 0 0 0 0 0 0 0 0 0 0 0 0 0 0 0 0 0 0 0 0 0 0 0 0 0 0 0 0 0 0 0 0 0 0 0 0 0 0 0 0 0 0 0 0 0 0 0 0 0 0 0 0 0 0 0 0 0 0 0 0 0 0 0 0 0 0 0 0 0 0 0 0 0 0 0 0 0 0 0 0 0 0 0 0 0 0 0 0 0 0 0 0 0 0 0 0 0 0 0 0 0 0 0 0 0 0 0 0 0 0 0 0 0 0 0 0 0 0 0 0 0 0 0 0 0 0 0 0 0 0 0 0 0 0 0 0 0 0 0 0 0 0 0 0 0 0 0 0 0 0 0 0 0 0 0 0 0 0 0 0 0 0 0 0 0 0 0 0 0 0 0 0 0 0 0 0 0 0 0 0 0 0 0 0 0 0 0 0 0 0 0 0 0 0 0 0 0 0 0 0 0 0 0 0 0 0 0 0 0 0 0 0 0 0 0 0 0 0 0 0 0 0 0 0 0 0 0 0 0 0 0 0 0 0 0 0 0 0 0 0 0 0 0 0 0 0 0 0 0 0 0 0 0 0 0 0 0 0 0 0 0 0 0 0 0 0 0 0 0 0 0 0 0 0 0 0 0 0 0 0 0 0 0 0 0 0 0 0 0 0 0 0 0 0 0 0 0 0 0 0 0 0 0 0 0 0 0 0 0 0 0 0 0 0 0 0 0 0 0 0 0 0 0 0 0 0 0 0 0 0 0 0 0 0 0 0 0 0 0 0 0 0 0 0 0 0 0 0 0 0 0 0 
0 0 0 0 0 0 0 0 0 0 0 0 0 0 0 0 0 0 0 0 0 0 0 0 0 0 0 0 0 0 0 0 0 0 0 0 0 0 0 0 0 0 0 0 0 0 0 0 0 0 0 0 0 0 0 0 0 0 0 0 0 0 0 0 0 0 0 0 0 0 0 0 0 0 0 0 0 0 0 0 0 0 0 0 0 0 0 0 0 0 0 0 0 0 0 0 0 0 0 0 0 0 0 0 0 0 0 0 0 0 0 0 0 0 0 0 0 0 0 0 0 0 0 0 0 0 0 0 0 0 0 0 0 0 0 0 0 0 0 0 0 0 0 0 0 0 0 0 0 0 0 0 0 0 0 0 0 0 0 0 0 0 0 0 0 0 0 0 0 0 0 0 0 0 0 0 0 0 0 0 0 0 0 0 0 0 0 0 0 0 0 0 0 0 0 0 0 0 0 0 0 0 0 0 0 0 0 0 0 0 0 0 0 0 0 0 0 0 0 0 0 0 0 0 0 0 0 0 0 0 0 0 0 0 0 0 0 0 0 0 0 0 0 0 0 0 0 0 0 0 0 0 0 0 0 0 0 0 0 0 0 0 0 0 0 0 0 0 0 0 0 0 0 0 0 0 0 0 0 0 0 0 0 0 0 0 0 0 0 0 0 0 0 0 0 0 0 0 0 0 0 0 0 0 0 0 0 0 0 0 0 0 0 0 0 0 0 0 0 0 0 0 0 0 0 0 0 0 0 0 0 0 0 0 0 0 0 0 0 0 0 0 0 0 0 0 0 0 0 0 0 0 0 0 0 0 0 0 0 0 0 0 0 0 0 0 0 0 0 0 0 0 0 0 0 0 0 0 0 0 0 0 0 0 0 0 0 0 0 0 0 0 0 0 0 0 0 0 0 0 0 0 0 0 0 0 0 0 0 0 0 0 0 0 0 0 0 0 0 0 0 0 0 0 0 0 0 0 0 0 0 0 0 0 0 0 0 0 0 0 0 0 0 0 0 0 0 0 0 0 0 0 0 0 0 0 0 0 0 0 0 0 0 0 0 0 0 0 0 0 0 0 0 0 0 0 0 0 0 0 0 0 0 0 0 0 0 0 0 0 0 0 0 0 0 0 0 
0 0.00397917 0.00376292 0.00376423 0.00386464 0.00509609 0.0106329 0.154111 0.021676 0.0146283 0.0127905 0.0132129 0.0124481 0.0134538 0.0130001 0.0233456 0.0125785 0.0162765 0.0126392 0.0121564 0.0108626 0.0102423 0.0108879 0.0098291 0.0141108 0.00952307 0.00853194 0.00873644 0.00872773 0.00894671 0.0088703 0.00847069 0.00858078 0.00863022 0.00856375 0.00868247 0.00896683 0.00875901 0.00831033 0.00850729 0.00838438 0.00862726 0.00926005 0.00907171 0.0091265 0.00896539 0.00849555 0.00870681 0.00869755 0.00839441 0.00906507 0.00879574 0.00844249 0.00840232 0.00838048 0.00945259 0.00867134 0.00865356 0.00948917 0.00908068 0.00855808 0.00855244 0.0087807 0.0099976 0.00883014 0.00854564 0.00877371 0.00884396 0.0090855 0.0108175 0.00918047 0.00965122 0.00964062 0.0107363 0.00954251 0.00980716 0.00967833 0.00992985 0.0109612 0.0233972 0.0283805 0.0325676 0.0410895 0.028106 0.0256095 0.0288184 0.0345928 0.0298965 0.0276818 0.0292669 0.0291911 0.0370275 0.0552737 0.0447501 0.0401924 0.0392663 0.0451796 0.0511205 0.061283 
0.00397917 0 0.0037214 0.00371496 0.00376746 0.00396207 0.00406486 0.0738548 0.187654 0.0238471 0.0455286 0.0245349 0.0332036 0.0280258 0.0250717 0.0124693 0.0139991 0.0109408 0.010628 0.0299151 0.0202857 0.0273039 0.0179556 0.0212622 0.0100584 0.0094177 0.0108901 0.00991626 0.0108119 0.00841288 0.00836925 0.00996795 0.00916709 0.00945187 0.00918754 0.00913281 0.00853922 0.00856742 0.00879099 0.00888557 0.00865696 0.00828744 0.00822942 0.0082215 0.00836962 0.00873561 0.00867135 0.00923244 0.00882604 0.00871027 0.00852918 0.00840375 0.00885938 0.0085936 0.0086143 0.00867661 0.00852681 0.00884861 0.00880965 0.00853136 0.00859155 0.00857288 0.00857307 0.00865218 0.00880007 0.00896161 0.00954829 0.00963893 0.00927709 0.00920346 0.00908747 0.010402 0.0100177 0.00962654 0.0100491 0.0103108 0.010659 0.0104107 0.0100494 0.0145025 0.0174097 0.0183599 0.0244467 0.0218253 0.0231594 0.0255195 0.0267589 0.0232625 0.0242609 0.0252786 0.0247515 0.02758 0.0351799 0.0370321 0.0367097 0.0358149 0.0414671 0.0413696 0.0455811 
0.00376292 0.0037214 0 0.00372286 0.00375679 0.00377097 0.00383042 0.0783909 0.062347 0.128206 0.0387772 0.0688222 0.033061 0.0563554 0.0204606 0.0112254 0.00991373 0.0100809 0.0100379 0.0183835 0.0512679 0.0361354 0.0605599 0.0170066 0.0104993 0.00934085 0.0102554 0.0124413 0.0105655 0.00911571 0.00849784 0.0093136 0.00947943 0.00955613 0.00953166 0.0091299 0.00868938 0.00866689 0.00880922 0.00915693 0.00859172 0.00833283 0.00817735 0.00818173 0.00832093 0.0086336 0.00843309 0.00897463 0.00891187 0.00867804 0.00849107 0.00869793 0.00871155 0.00855889 0.00855367 0.00846889 0.00839002 0.00862114 0.00859957 0.00840813 0.00853645 0.00853507 0.00846517 0.00847506 0.00857848 0.00883392 0.00951101 0.00956231 0.00900247 0.00868351 0.00901502 0.0102263 0.00980422 0.00913146 0.00998509 0.0105437 0.0111937 0.0106098 0.00988886 0.0133102 0.0158759 0.0168494 0.0233141 0.0218457 0.0214799 0.0217432 0.023366 0.0225921 0.0225793 0.0244604 0.0217978 0.0252771 0.0339002 0.0362271 0.0362896 0.0414268 0.0457161 0.0374158 0.0401782 
0.00376423 0.00371496 0.00372286 0 0.00370472 0.00371362 0.00372037 0.033464 0.12669 0.0603123 0.103141 0.0304217 0.0757969 0.0408656 0.0186015 0.0117178 0.0104428 0.00956999 0.00994144 0.0308782 0.0339591 0.0663812 0.0333469 0.0186771 0.00989161 0.00908374 0.0113394 0.0108678 0.0122983 0.00908818 0.00848747 0.00954058 0.00935093 0.0101204 0.00943365 0.00936768 0.0087306 0.00857528 0.00885472 0.00921606 0.00863669 0.00826553 0.00817062 0.0081771 0.00829284 0.00872407 0.00846983 0.00894446 0.00900293 0.00866919 0.00847765 0.00875485 0.00859039 0.00869168 0.00852095 0.00845628 0.00835228 0.00859231 0.00858502 0.00839423 0.00854251 0.00853668 0.00845517 0.00846523 0.00856625 0.00879323 0.00936483 0.00948 0.00897982 0.00861503 0.00906378 0.00998529 0.00975558 0.00900347 0.00986871 0.0104065 0.0109707 0.0106867 0.0098843 0.0130702 0.0154713 0.0162065 0.0226679 0.0217238 0.0208 0.0213187 0.0232669 0.0224338 0.0217518 0.0234386 0.0215122 0.0250338 0.0330295 0.035364 0.0345745 0.038762 0.0422469 0.0360401 0.0387079 
0.00386464 0.00376746 0.00375679 0.00370472 0 0.00371068 0.00372349 0.0319023 0.056246 0.167073 0.0306253 0.104297 0.0318122 0.041018 0.0163027 0.0104979 0.00958247 0.0095598 0.0100076 0.016021 0.0638502 0.0230281 0.030729 0.0120131 0.00980997 0.008989 0.00951593 0.011696 0.00978003 0.00890484 0.00838902 0.00902504 0.0090139 0.00896976 0.00896317 0.00875844 0.00832954 0.00862736 0.00867286 0.00874563 0.008438 0.00817142 0.00814841 0.00816659 0.00831209 0.0085323 0.00837865 0.0088129 0.00872269 0.00856906 0.00843255 0.00861625 0.00855615 0.00852024 0.00846854 0.00844207 0.00835485 0.00859118 0.00853894 0.00848034 0.00856595 0.00855431 0.00848098 0.00849655 0.00847241 0.00860906 0.00904672 0.00907671 0.00865789 0.00869576 0.00879722 0.0097875 0.00957422 0.00887355 0.0097601 0.0100504 0.0108735 0.0105996 0.00984835 0.0134248 0.0163075 0.0175632 0.0241417 0.0232336 0.0218535 0.0219608 0.0254727 0.0238115 0.0229973 0.0239656 0.0222903 0.0264554 0.036124 0.0382656 0.0347441 0.0381396 0.0430034 0.0373198 0.0412168 
0.00509609 0.00396207 0.00377097 0.00371362 0.00371068 0 0.00376086 0.0179545 0.0572284 0.0247837 0.104288 0.0171409 0.0304975 0.0208981 0.0191698 0.0114643 0.011808 0.0107642 0.00975679 0.0288516 0.0110794 0.0156508 0.0108809 0.0166432 0.00919084 0.00861758 0.00988157 0.00884026 0.00951845 0.0084691 0.00816351 0.0092096 0.00850412 0.00887879 0.0087003 0.00856867 0.008154 0.00829145 0.00849972 0.00837789 0.00845162 0.00818561 0.00810492 0.00813714 0.00830557 0.00851308 0.00881932 0.00860699 0.00859315 0.00854475 0.00839242 0.00829901 0.0084903 0.00844123 0.00851924 0.00842309 0.00841374 0.00865102 0.00853796 0.00868953 0.00849387 0.00851068 0.00843032 0.00850116 0.00854328 0.00858917 0.00883363 0.00888536 0.00871892 0.00869934 0.00902969 0.00986508 0.00945533 0.00890118 0.00954858 0.0104054 0.0103885 0.0102042 0.00956994 0.0146798 0.0174552 0.0183402 0.025864 0.0250911 0.0242048 0.0229288 0.0253014 0.026256 0.0258633 0.0250723 0.0208872 0.0269123 0.0370856 0.0402898 0.0358426 0.0313517 0.0363317 0.036159 0.0413182 
0.0106329 0.00406486 0.00383042 0.00372037 0.00372349 0.00376086 0 0.0213756 0.0126648 0.0390982 0.0160089 0.0231762 0.012176 0.0143134 0.0148832 0.0161502 0.0142931 0.0128049 0.0209086 0.0107358 0.0103038 0.0100504 0.0140534 0.00914641 0.0110275 0.0102944 0.00875919 0.00890681 0.00836209 0.00905524 0.00952185 0.00845194 0.00864693 0.00846745 0.00832289 0.00824828 0.00844831 0.00864243 0.00842803 0.00823054 0.00825027 0.00817872 0.00876112 0.00886706 0.00918708 0.00861548 0.00852215 0.00849393 0.00839891 0.00835606 0.00831519 0.00850503 0.00841778 0.00832108 0.00839753 0.0083703 0.00879957 0.0085236 0.00878083 0.0100722 0.00851759 0.00853276 0.00845627 0.00866273 0.00882583 0.00850668 0.00858931 0.00856749 0.00858703 0.00891638 0.0104229 0.00920099 0.00886591 0.00922849 0.0100344 0.00946182 0.0103426 0.00927481 0.0100454 0.0198193 0.0229492 0.0259348 0.0323159 0.028601 0.0248352 0.0223949 0.0246301 0.0297155 0.0270573 0.0260898 0.0212326 0.0258283 0.0440784 0.0460483 0.0383813 0.032285 0.0377362 0.0383235 0.0431683 
0.154111 0.0738548 0.0783909 0.033464 0.0319023 0.0179545 0.0213756 0 0.00423176 0.00372277 0.00367309 0.00374921 0.00381686 0.00397822 0.0042869 0.00667547 0.0125352 0.0158409 0.173081 0.0187562 0.0206591 0.0132089 0.0180992 0.0108986 0.0205096 0.0157442 0.00973841 0.0106028 0.0109263 0.0134982 0.0106174 0.00905595 0.00906444 0.00888197 0.00929401 0.00866585 0.00961106 0.00872228 0.00848808 0.00882827 0.00837763 0.00857446 0.00866206 0.00890634 0.00898875 0.00863258 0.00853539 0.00873309 0.00836337 0.00862704 0.00855491 0.00843255 0.00839761 0.008665 0.008281 0.00856399 0.00833711 0.00843117 0.00867207 0.00840426 0.00837607 0.00827199 0.00831021 0.00855359 0.00849703 0.00838458 0.00845812 0.00844585 0.00841183 0.00882707 0.00849413 0.00869811 0.00855989 0.00889526 0.00850955 0.0086494 0.00863048 0.00856235 0.00914723 0.011787 0.0131046 0.014527 0.0179761 0.0135959 0.0119321 0.0125798 0.0144177 0.0136922 0.0123402 0.014219 0.013676 0.0160407 0.0235711 0.0191754 0.0189869 0.0192922 0.0213666 0.0220003 0.0246357 
0.021676 0.187654 0.062347 0.12669 0.056246 0.0572284 0.0126648 0.00423176 0 0.00371937 0.00371719 0.0037213 0.00382661 0.00386452 0.00405089 0.0053803 0.00936876 0.00956294 0.0143489 0.342623 0.0186724 0.0772277 0.0149362 0.0598192 0.0111421 0.011887 0.0223512 0.0123138 0.0259773 0.00918188 0.00857307 0.0114811 0.00989884 0.0117337 0.0108293 0.010036 0.00858965 0.00886811 0.00962748 0.00926366 0.00912462 0.00837588 0.00817303 0.00810414 0.0081626 0.00858422 0.0085911 0.00879285 0.00871941 0.00851887 0.00839132 0.00838513 0.00867449 0.00859727 0.00848108 0.00848263 0.00843731 0.00872627 0.00861373 0.00839213 0.00840635 0.00844071 0.00840076 0.00837941 0.00847743 0.00858877 0.00874593 0.0087022 0.0087087 0.00858522 0.00854079 0.00935546 0.00914593 0.0087665 0.00868709 0.00940507 0.0093942 0.00917733 0.00889486 0.0099961 0.0110425 0.0107918 0.0141658 0.0115053 0.0125803 0.0129947 0.012738 0.0115403 0.0128726 0.0146384 0.0131021 0.0146743 0.0180752 0.0169806 0.0193214 0.0178565 0.0202153 0.0203606 0.0196383 
0.0146283 0.0238471 0.128206 0.0603123 0.167073 0.0247837 0.0390982 0.00372277 0.00371937 0 0.00369753 0.00369444 0.00371397 0.00375966 0.00411377 0.00419417 0.00684771 0.00792251 0.0217299 0.0194916 0.336556 0.020106 0.178571 0.0134702 0.0141909 0.0104718 0.0128014 0.0507115 0.0162614 0.0168245 0.00896399 0.0101985 0.0166147 0.0105343 0.0137993 0.0108227 0.00922347 0.00867482 0.00902008 0.0110346 0.00900994 0.00862823 0.0081277 0.00802575 0.00806631 0.00845505 0.00877939 0.0089327 0.00893786 0.00887173 0.00842962 0.00857153 0.00844954 0.00853597 0.00848319 0.00836087 0.00830318 0.00858313 0.00854504 0.00829101 0.00836519 0.00835708 0.00832789 0.00833865 0.00832513 0.00849267 0.00875221 0.00877475 0.00865077 0.00847574 0.00849568 0.00922379 0.00895625 0.00865368 0.00848826 0.00927312 0.00956744 0.00937413 0.00939392 0.00941172 0.00980851 0.010551 0.011743 0.011727 0.0124289 0.011917 0.0118441 0.0117725 0.01316 0.0135922 0.0130236 0.0136418 0.0155537 0.0174441 0.0177389 0.0176042 0.0182646 0.0177298 0.0188388 
0.0127905 0.0455286 0.0387772 0.103141 0.0306253 0.104288 0.0160089 0.00367309 0.00371719 0.00369753 0 0.0037022 0.00371389 0.00378077 0.00366656 0.00380045 0.00772629 0.00846584 0.0132699 0.0602932 0.0241402 0.355004 0.0218794 0.0554494 0.0116517 0.0115797 0.0237709 0.0144957 0.0334638 0.0105405 0.00889325 0.0136007 0.0107687 0.0155632 0.0124044 0.0108809 0.0087922 0.00865142 0.0111709 0.00913493 0.00964445 0.00841627 0.0082 0.0081497 0.00823695 0.00883661 0.00849552 0.0088714 0.00875473 0.00861256 0.00834374 0.00849641 0.00849097 0.00850604 0.00850065 0.00838273 0.0084065 0.00863881 0.00852578 0.00830405 0.00838994 0.00842341 0.00834432 0.00837647 0.00836402 0.00851563 0.00871636 0.00874222 0.00863476 0.008528 0.00854676 0.00916442 0.00894514 0.00872745 0.00854611 0.00936719 0.00983328 0.00948932 0.00933891 0.00965001 0.0103117 0.0104852 0.0130625 0.0118612 0.0126921 0.0125931 0.0124156 0.012247 0.0133631 0.0145199 0.0127626 0.0148487 0.0170689 0.0193671 0.0191374 0.0181501 0.0192422 0.0192338 0.0193656 
0.0132129 0.0245349 0.0688222 0.0304217 0.104297 0.0171409 0.0231762 0.00374921 0.0037213 0.00369444 0.0037022 0 0.00372668 0.00369474 0.00371765 0.00372957 0.00616014 0.00715938 0.0196183 0.0203075 0.143089 0.0251639 0.223323 0.0158658 0.0130919 0.013092 0.0143847 0.0300759 0.0123366 0.0112188 0.00908141 0.00986136 0.0135108 0.0103872 0.0131897 0.0102332 0.00867345 0.00867046 0.00907517 0.00998401 0.00884919 0.00835891 0.0081658 0.00805154 0.00806836 0.00833675 0.00871095 0.00895857 0.00871953 0.00865754 0.00833959 0.00847001 0.00844296 0.00855353 0.00838736 0.00834542 0.00830484 0.00847107 0.00838639 0.00834216 0.00841784 0.00843273 0.00836765 0.00834565 0.00835087 0.00848702 0.00871911 0.00866696 0.00860682 0.00850165 0.00846083 0.00893846 0.00884901 0.00854515 0.00851783 0.00904503 0.00938649 0.00922488 0.00916281 0.00949042 0.00996194 0.0106661 0.0120289 0.0116854 0.0116654 0.0119152 0.0124149 0.0117847 0.0123171 0.013314 0.0130777 0.0138312 0.0156559 0.0171646 0.0165387 0.0172315 0.0172778 0.0176896 0.0191685 
0.0124481 0.0332036 0.033061 0.0757969 0.0318122 0.0304975 0.012176 0.00381686 0.00382661 0.00371397 0.00371389 0.00372668 0 0.003713 0.00369752 0.00372846 0.00616067 0.00766566 0.0140988 0.0750236 0.0392404 0.0801874 0.0391612 0.0870474 0.0114378 0.0109136 0.016026 0.0198873 0.0213584 0.0109158 0.00893522 0.0116122 0.0125823 0.0126926 0.0134788 0.00996589 0.00872206 0.00877545 0.0100917 0.00935032 0.00938726 0.00855983 0.00811712 0.00808971 0.00812256 0.00864962 0.00843854 0.00873546 0.00871528 0.00845371 0.00829063 0.00866827 0.00843871 0.00843853 0.00843551 0.00830651 0.00834087 0.00847858 0.00840802 0.00827369 0.00839567 0.00842379 0.0083243 0.00831909 0.00834801 0.00849994 0.00870503 0.00869224 0.00852652 0.00841314 0.00846085 0.00908343 0.00887424 0.00848963 0.00864991 0.00938941 0.00976629 0.00956657 0.00910394 0.00931681 0.00986227 0.0102376 0.0125769 0.0115552 0.0121444 0.0123586 0.0121411 0.0119178 0.0127868 0.0138016 0.0127368 0.0145884 0.0166588 0.0180266 0.0178219 0.0168654 0.0175986 0.018159 0.0195003 
0.0134538 0.0280258 0.0563554 0.0408656 0.041018 0.0208981 0.0143134 0.00397822 0.00386452 0.00375966 0.00378077 0.00369474 0.003713 0 0.00369083 0.00371485 0.00573053 0.0107509 0.0289153 0.0360596 0.059505 0.0618215 0.0438939 0.0287439 0.0157496 0.0106996 0.0206061 0.0157669 0.0195903 0.00983559 0.00883236 0.0128609 0.0109824 0.013553 0.012797 0.0104758 0.0087297 0.00885508 0.0100765 0.00998996 0.00908055 0.00834242 0.00816111 0.0081507 0.00817604 0.00843026 0.00866899 0.00893564 0.00874562 0.00849601 0.00830897 0.00838058 0.00848115 0.00848004 0.0084655 0.00831231 0.00836374 0.00848223 0.00848579 0.00831063 0.00838774 0.0084442 0.0083677 0.00835864 0.00840807 0.008536 0.00883036 0.0087045 0.00859528 0.00847342 0.00849258 0.0090487 0.00891795 0.00859939 0.00861082 0.00907454 0.00928928 0.00908979 0.00929933 0.00934572 0.0100386 0.0102962 0.0124124 0.0109265 0.0119353 0.0119171 0.0118485 0.0111133 0.0124269 0.0133245 0.0122055 0.0137241 0.0161787 0.0169077 0.0173802 0.0158572 0.0171027 0.0175194 0.0182315 
0.0130001 0.0250717 0.0204606 0.0186015 0.0163027 0.0191698 0.0148832 0.0042869 0.00405089 0.00411377 0.00366656 0.00371765 0.00369752 0.00369083 0 0.00375578 0.0104053 0.390324 0.0155993 0.0151371 0.0378771 0.0237233 0.0377398 0.0272595 0.0164072 0.00983032 0.0101174 0.0163354 0.0112256 0.0112911 0.00906082 0.00930524 0.0110928 0.00901916 0.00953435 0.00936277 0.00848468 0.0083624 0.0088183 0.00928261 0.00868024 0.00845453 0.0081041 0.00809988 0.00813333 0.00824349 0.00857954 0.00854788 0.00857841 0.00829815 0.00824702 0.00814322 0.00833516 0.00833801 0.00835132 0.00828635 0.00841517 0.00848837 0.0084243 0.0084616 0.00840551 0.00839573 0.00840839 0.0083354 0.00840902 0.00847705 0.00862098 0.00860794 0.00850254 0.00843761 0.0085261 0.00885267 0.00880308 0.00864157 0.00857552 0.00887468 0.00887217 0.00895434 0.00881449 0.0101311 0.0102864 0.0113309 0.0122538 0.0125536 0.0114894 0.0109377 0.0110244 0.0125238 0.0120756 0.0119718 0.0122881 0.0116943 0.0149279 0.0175866 0.0156472 0.0163294 0.0159549 0.0162817 0.0172845 
0.0233456 0.0124693 0.0112254 0.0117178 0.0104979 0.0114643 0.0161502 0.00667547 0.0053803 0.00419417 0.00380045 0.00372957 0.00372846 0.00371485 0.00375578 0 0.493557 0.00922035 0.0143116 0.0153256 0.0116315 0.0175192 0.0108741 0.0187852 0.0183689 0.0117539 0.0121075 0.00892161 0.0123423 0.00985021 0.010352 0.0101854 0.00852012 0.0091909 0.00852102 0.008492 0.00904326 0.00906918 0.00843469 0.0083488 0.00839367 0.00852433 0.00870517 0.00904887 0.00933757 0.00881099 0.00828168 0.00831067 0.00825891 0.00823215 0.00823642 0.00833595 0.00824523 0.00820936 0.00823097 0.00830389 0.00847148 0.00846249 0.00839594 0.00894377 0.00838465 0.00835951 0.0083209 0.00862943 0.00854281 0.00840187 0.00844624 0.0084598 0.00838377 0.00854884 0.00944267 0.00863257 0.00857732 0.00857561 0.00889031 0.00878006 0.0086902 0.00876014 0.00907366 0.0132296 0.0147221 0.0139322 0.0195297 0.0142417 0.0134526 0.011858 0.0132586 0.0140889 0.0139451 0.0135795 0.011024 0.0136971 0.0252154 0.0200087 0.0206842 0.0161069 0.0203247 0.019502 0.019253 
0.0125785 0.0139991 0.00991373 0.0104428 0.00958247 0.011808 0.0142931 0.0125352 0.00936876 0.00684771 0.00772629 0.00616014 0.00616067 0.00573053 0.0104053 0.493557 0 0.00397839 0.0326513 0.0378081 0.0157089 0.014286 0.0138095 0.0275286 0.0209847 0.0107705 0.00945491 0.00906153 0.0107532 0.00975865 0.00876208 0.00881338 0.00873865 0.0087961 0.00874727 0.00876517 0.00871642 0.00841166 0.00834742 0.00835103 0.00851244 0.00841722 0.00949517 0.0088118 0.0085617 0.00838414 0.00839683 0.00833976 0.00835479 0.00822484 0.00818449 0.00816245 0.00822841 0.00824182 0.00822188 0.00834383 0.00826178 0.008489 0.00849723 0.00835454 0.00830718 0.00828359 0.0083079 0.00838442 0.00833345 0.00834947 0.00849584 0.00842359 0.00847929 0.00859054 0.00843024 0.00871466 0.00867318 0.00871449 0.00841093 0.00866868 0.00867695 0.00862082 0.00876861 0.011063 0.0122066 0.0131333 0.0155115 0.0123651 0.0107016 0.0107618 0.0119356 0.0120815 0.010863 0.0109478 0.0112203 0.0123891 0.0182351 0.0156128 0.013533 0.0137482 0.0150807 0.0148455 0.0177472 
0.0162765 0.0109408 0.0100809 0.00956999 0.0095598 0.0107642 0.0128049 0.0158409 0.00956294 0.00792251 0.00846584 0.00715938 0.00766566 0.0107509 0.390324 0.00922035 0.00397839 0 0.0215792 0.015294 0.0132484 0.02241 0.0123844 0.0248761 0.0344671 0.0115947 0.00916518 0.00901593 0.0095099 0.00960467 0.00958437 0.00883213 0.00873937 0.00862541 0.00873181 0.00850759 0.00887603 0.00875985 0.00834278 0.00833646 0.00835457 0.00846172 0.00864228 0.00860764 0.00850562 0.00828381 0.00830207 0.00827863 0.00822762 0.00821894 0.00816401 0.00814734 0.00819122 0.00811547 0.00816357 0.00822642 0.00836098 0.00859098 0.00847888 0.00858723 0.00836718 0.00831865 0.00830003 0.00840741 0.00844984 0.00839902 0.00840163 0.00842205 0.00848397 0.00850701 0.00887223 0.00881389 0.00872867 0.00875127 0.00869083 0.00882657 0.00859567 0.0087389 0.00893542 0.0112536 0.0125574 0.0130202 0.0154207 0.0129366 0.0110779 0.0104216 0.0117525 0.0123602 0.0112462 0.0106362 0.0107779 0.0117043 0.0183023 0.0173239 0.0149815 0.0136198 0.0151821 0.0143424 0.0167567 
0.0126392 0.010628 0.0100379 0.00994144 0.0100076 0.00975679 0.0209086 0.173081 0.0143489 0.0217299 0.0132699 0.0196183 0.0140988 0.0289153 0.0155993 0.0143116 0.0326513 0.0215792 0 0.00414291 0.00369915 0.00370275 0.00377165 0.00380665 0.00494376 0.0903353 0.0116502 0.0135807 0.00987574 0.018748 0.0130387 0.00901261 0.01029 0.00960247 0.00972463 0.00987061 0.0130416 0.0091722 0.00847568 0.00912069 0.00888997 0.00918168 0.0106334 0.00923394 0.00870449 0.0081634 0.00829356 0.00853923 0.0084055 0.00839552 0.0082775 0.00830258 0.00816133 0.00832098 0.00817555 0.00861333 0.00828527 0.00838035 0.0085741 0.00828881 0.00825325 0.0082468 0.00824882 0.00843193 0.00831079 0.0083374 0.00847884 0.00843031 0.0083369 0.00853948 0.00840075 0.00852456 0.00842683 0.0086461 0.00831173 0.00841966 0.00857273 0.00840635 0.00868266 0.0107165 0.0111316 0.0124722 0.0129877 0.0111762 0.00924726 0.00949505 0.0110107 0.0109981 0.00938606 0.00935283 0.0104739 0.0105992 0.0147244 0.012862 0.0107604 0.0127938 0.0129063 0.0121495 0.0151819 
0.0121564 0.0299151 0.0183835 0.0308782 0.016021 0.0288516 0.0107358 0.0187562 0.342623 0.0194916 0.0602932 0.0203075 0.0750236 0.0360596 0.0151371 0.0153256 0.0378081 0.015294 0.00414291 0 0.00372489 0.00371606 0.00371613 0.00734912 0.00386621 0.0828952 0.16155 0.0171669 0.057082 0.0101215 0.0106454 0.0359946 0.0118361 0.024497 0.0154414 0.0191397 0.00979433 0.0114151 0.0138189 0.0111361 0.0150841 0.00917704 0.00857144 0.0082537 0.00817971 0.00885833 0.00893428 0.00945407 0.00916451 0.00858071 0.00836235 0.0085717 0.00871231 0.008553 0.00851203 0.00854201 0.00848191 0.00859137 0.0085964 0.00839646 0.00837331 0.00842038 0.00838592 0.00836733 0.00848554 0.00857631 0.00872578 0.00865487 0.00862897 0.00846706 0.00849214 0.00913721 0.00886705 0.0086502 0.00855006 0.00904759 0.00889019 0.00893483 0.00899495 0.00889151 0.00948308 0.00920744 0.0109954 0.00930713 0.0101461 0.00977308 0.00956024 0.00933646 0.0100681 0.0102704 0.0100161 0.0100467 0.0124043 0.0114728 0.0123884 0.0111108 0.0122516 0.0123015 0.0119716 
0.0108626 0.0202857 0.0512679 0.0339591 0.0638502 0.0110794 0.0103038 0.0206591 0.0186724 0.336556 0.0241402 0.143089 0.0392404 0.059505 0.0378771 0.0116315 0.0157089 0.0132484 0.00369915 0.00372489 0 0.00370651 0.00379993 0.00373479 0.00372528 0.271031 0.0321885 0.213154 0.0176097 0.02152 0.0110595 0.014737 0.0521046 0.0223939 0.0583495 0.0158195 0.0102065 0.00977215 0.010964 0.0245909 0.0112186 0.00924193 0.00817571 0.00810462 0.00804188 0.00851113 0.00874251 0.0101119 0.00916297 0.00868639 0.00829851 0.00872509 0.00847432 0.00857747 0.00848771 0.00829541 0.00836916 0.0084479 0.00840996 0.00828106 0.00831609 0.00833922 0.00833216 0.00830205 0.0084013 0.00851883 0.00878539 0.00870825 0.00849717 0.0084193 0.00842604 0.00895652 0.00882887 0.00852178 0.00842855 0.00884421 0.00891585 0.00898648 0.00882131 0.00863678 0.00879566 0.00891543 0.0092812 0.00951647 0.00937634 0.00935325 0.00908954 0.0093924 0.00949337 0.00986048 0.00976584 0.00948114 0.010328 0.0110895 0.0109267 0.0113191 0.0114685 0.0110222 0.0110156 
0.0102423 0.0273039 0.0361354 0.0663812 0.0230281 0.0156508 0.0100504 0.0132089 0.0772277 0.020106 0.355004 0.0251639 0.0801874 0.0618215 0.0237233 0.0175192 0.014286 0.02241 0.00370275 0.00371606 0.00370651 0 0.00371124 0.00371334 0.00372152 0.029291 0.436539 0.0199216 0.100278 0.012775 0.0105079 0.035627 0.0185707 0.0797028 0.0261559 0.0187269 0.0100157 0.0107952 0.0216176 0.0152526 0.0168057 0.00900624 0.00831142 0.008249 0.00821929 0.00882027 0.0090136 0.00956189 0.00894698 0.00857021 0.00847508 0.00847311 0.00868992 0.00885016 0.00857228 0.00835644 0.00839794 0.00850569 0.00839298 0.0083009 0.00833844 0.00841403 0.00834489 0.00831234 0.0083653 0.00849295 0.00876163 0.0086527 0.00851776 0.00840924 0.00849628 0.00890608 0.00879431 0.00851493 0.00845139 0.00881098 0.00886981 0.00877788 0.00889398 0.00875009 0.00893261 0.00893237 0.00997743 0.00920706 0.00955577 0.00945602 0.00922795 0.00917879 0.00963636 0.00998142 0.00981739 0.00969863 0.0113993 0.0109381 0.0115005 0.0108316 0.011637 0.0110684 0.0113715 
0.0108879 0.0179556 0.0605599 0.0333469 0.030729 0.0108809 0.0140534 0.0180992 0.0149362 0.178571 0.0218794 0.223323 0.0391612 0.0438939 0.0377398 0.0108741 0.0138095 0.0123844 0.00377165 0.00371613 0.00379993 0.00371124 0 0.00370432 0.00371107 0.0550923 0.0184961 0.555588 0.0173763 0.0232512 0.0119037 0.0133969 0.0688716 0.0186044 0.043493 0.016679 0.00995893 0.0102525 0.0100755 0.0277535 0.0113877 0.00930088 0.00818062 0.00814839 0.00811567 0.00854937 0.00942227 0.00983566 0.00974944 0.00857874 0.00843605 0.00853019 0.00856182 0.00871575 0.00867604 0.0083081 0.008353 0.00842047 0.00852898 0.00829572 0.00831917 0.0083786 0.00829709 0.00834654 0.00838357 0.00850227 0.0087609 0.00877082 0.00855617 0.00848148 0.00848693 0.00922736 0.00887198 0.00862658 0.00851567 0.00887366 0.00898731 0.00898128 0.00902105 0.00858413 0.00868804 0.00878217 0.00908925 0.00911143 0.00935162 0.0092951 0.00893249 0.00906285 0.00941038 0.00982774 0.0100856 0.00930273 0.0101718 0.0107332 0.0107314 0.011247 0.0111801 0.0107517 0.0107606 
0.0098291 0.0212622 0.0170066 0.0186771 0.0120131 0.0166432 0.00914641 0.0108986 0.0598192 0.0134702 0.0554494 0.0158658 0.0870474 0.0287439 0.0272595 0.0187852 0.0275286 0.0248761 0.00380665 0.00734912 0.00373479 0.00371334 0.00370432 0 0.0037257 0.0136756 0.0916388 0.0166827 0.578167 0.0209877 0.010998 0.0305296 0.0118367 0.0232266 0.0160634 0.0249474 0.014599 0.00942048 0.0134972 0.0121753 0.0173737 0.00925082 0.0082324 0.00825173 0.00816198 0.00853087 0.00870111 0.0090837 0.00860994 0.00851947 0.0082293 0.00808581 0.00850451 0.00835748 0.00844639 0.0082246 0.00829183 0.0085016 0.00833828 0.00828435 0.00829094 0.00831489 0.00827477 0.00831005 0.00836533 0.00834135 0.00853448 0.00853669 0.00851632 0.008354 0.00851676 0.00879338 0.00886694 0.00849311 0.00851363 0.00879904 0.00861131 0.00872983 0.00904379 0.00900518 0.00890432 0.00904044 0.00971306 0.00904091 0.00938562 0.00903017 0.00899008 0.00891583 0.00937408 0.00945439 0.00950189 0.00935404 0.0109259 0.0106172 0.0107067 0.00981844 0.0102859 0.0102746 0.010149 
0.0141108 0.0100584 0.0104993 0.00989161 0.00980997 0.00919084 0.0110275 0.0205096 0.0111421 0.0141909 0.0116517 0.0130919 0.0114378 0.0157496 0.0164072 0.0183689 0.0209847 0.0344671 0.00494376 0.00386621 0.00372528 0.00372152 0.00371107 0.0037257 0 0.0209589 0.0117618 0.030704 0.0217575 0.431472 0.0149461 0.00965834 0.0101624 0.00963257 0.0101506 0.00998979 0.0137843 0.0103155 0.00893522 0.00919882 0.0103796 0.0147856 0.00907286 0.00874411 0.00880541 0.00838536 0.00838918 0.00839363 0.00865635 0.00814675 0.00817216 0.00944224 0.00809339 0.00842076 0.00813787 0.00814255 0.00828803 0.00820304 0.00840261 0.00836016 0.00823347 0.0082009 0.00811395 0.0082609 0.00832176 0.00832814 0.0083897 0.00835689 0.00829407 0.00830986 0.00856695 0.00848394 0.00842297 0.00850163 0.00839972 0.00844502 0.00845243 0.00852591 0.00874487 0.00985423 0.0103278 0.0103255 0.0114736 0.0101585 0.00904032 0.00878554 0.00932664 0.010014 0.00901624 0.00877061 0.00878799 0.00922855 0.0124224 0.0115222 0.00982144 0.009613 0.00965046 0.00961236 0.0107116 
0.00952307 0.0094177 0.00934085 0.00908374 0.008989 0.00861758 0.0102944 0.0157442 0.011887 0.0104718 0.0115797 0.013092 0.0109136 0.0106996 0.00983032 0.0117539 0.0107705 0.0115947 0.0903353 0.0828952 0.271031 0.029291 0.0550923 0.0136756 0.0209589 0 0.0039038 0.00375836 0.00371392 0.00411817 0.535593 0.0195051 0.0384551 0.0131308 0.018179 0.0138565 0.0181289 0.0173818 0.0128374 0.0121015 0.0108123 0.0138798 0.0102425 0.00971734 0.00895637 0.00887129 0.00878405 0.00923797 0.00901791 0.0088281 0.00839465 0.00865471 0.00846042 0.00882221 0.00819551 0.00961441 0.00841949 0.00827687 0.00830122 0.00803134 0.00812719 0.00812859 0.00808059 0.00822876 0.00835843 0.00825692 0.00844575 0.00836689 0.00825631 0.00839391 0.00831989 0.00839867 0.00832756 0.00846818 0.00828365 0.00838263 0.00837232 0.00836315 0.00865879 0.00886974 0.00905919 0.00918125 0.00988752 0.00882692 0.00844827 0.00851231 0.00911075 0.00873986 0.00844485 0.00846668 0.00861332 0.00903017 0.0104019 0.00908003 0.00879415 0.00899016 0.0088335 0.00889779 0.0101578 
0.00853194 0.0108901 0.0102554 0.0113394 0.00951593 0.00988157 0.00875919 0.00973841 0.0223512 0.0128014 0.0237709 0.0143847 0.016026 0.0206061 0.0101174 0.0121075 0.00945491 0.00916518 0.0116502 0.16155 0.0321885 0.436539 0.0184961 0.0916388 0.0117618 0.0039038 0 0.00373397 0.00369211 0.00373083 0.0439368 0.580858 0.014407 0.110529 0.0231343 0.0274276 0.0115091 0.0125004 0.0430493 0.0152001 0.0260777 0.0100123 0.00889314 0.00860769 0.00828176 0.00904038 0.00883734 0.011082 0.00944477 0.00881547 0.00844816 0.00847619 0.009599 0.00872142 0.0086328 0.00855415 0.0081794 0.0083548 0.00814691 0.00811857 0.00819433 0.00830733 0.00814506 0.00813039 0.00823932 0.00831857 0.00860788 0.00853114 0.0083636 0.0082384 0.00831195 0.00865506 0.00851751 0.00837415 0.00831074 0.00862209 0.00864358 0.00855266 0.00852859 0.0085326 0.00868828 0.00862453 0.00916964 0.00842835 0.00875986 0.00869226 0.00877832 0.00839611 0.00867651 0.0087546 0.00890356 0.00888861 0.00965555 0.00897078 0.00982708 0.00924006 0.00913304 0.00929845 0.00929913 
0.00873644 0.00991626 0.0124413 0.0108678 0.011696 0.00884026 0.00890681 0.0106028 0.0123138 0.0507115 0.0144957 0.0300759 0.0198873 0.0157669 0.0163354 0.00892161 0.00906153 0.00901593 0.0135807 0.0171669 0.213154 0.0199216 0.555588 0.0166827 0.030704 0.00375836 0.00373397 0 0.00370961 0.00370769 0.0494087 0.0203248 0.554409 0.0166164 0.154911 0.0173503 0.0125712 0.0114088 0.0129737 0.127573 0.0140303 0.0105003 0.00834378 0.00820061 0.00816348 0.00848436 0.0105963 0.0113868 0.0114612 0.00906142 0.00848994 0.00889464 0.00867642 0.0095131 0.00900518 0.00839227 0.00831478 0.00839196 0.0082409 0.00818437 0.00832303 0.00830717 0.00830807 0.00813753 0.00825702 0.00843598 0.00878096 0.00870415 0.00839865 0.00827069 0.00831739 0.00885883 0.00867381 0.00842926 0.0083262 0.00857023 0.00890457 0.00875666 0.00849738 0.00838952 0.0083985 0.00851282 0.00850736 0.00859317 0.00868962 0.00863772 0.00847939 0.00851289 0.00869905 0.00889809 0.00891467 0.00857127 0.00858689 0.00882171 0.00952247 0.00960549 0.00915965 0.00897963 0.00890315 
0.00872773 0.0108119 0.0105655 0.0122983 0.00978003 0.00951845 0.00836209 0.0109263 0.0259773 0.0162614 0.0334638 0.0123366 0.0213584 0.0195903 0.0112256 0.0123423 0.0107532 0.0095099 0.00987574 0.057082 0.0176097 0.100278 0.0173763 0.578167 0.0217575 0.00371392 0.00369211 0.00370961 0 0.0038355 0.0142815 0.166469 0.0163474 0.333381 0.0361993 0.214982 0.0203605 0.0111219 0.0364057 0.0152842 0.0901336 0.011837 0.00864889 0.00852742 0.00833002 0.010071 0.00947459 0.0125559 0.0107423 0.00949227 0.00873489 0.00920081 0.00920307 0.00898395 0.0090859 0.008415 0.00825144 0.00836845 0.00824422 0.0081819 0.00822602 0.00827526 0.00820398 0.00810759 0.0082698 0.00837748 0.00866172 0.0088497 0.00842137 0.00820158 0.00843236 0.0086421 0.00869126 0.0083239 0.00837164 0.00862031 0.00903116 0.00890684 0.0085973 0.00837175 0.00843277 0.00838252 0.00857829 0.00857594 0.00861854 0.00850245 0.00847643 0.00853349 0.00860661 0.00862838 0.0087082 0.00858048 0.00899853 0.00889006 0.00920879 0.00898659 0.00885786 0.00879519 0.00878599 
0.00894671 0.00841288 0.00911571 0.00908818 0.00890484 0.0084691 0.00905524 0.0134982 0.00918188 0.0168245 0.0105405 0.0112188 0.0109158 0.00983559 0.0112911 0.00985021 0.00975865 0.00960467 0.018748 0.0101215 0.02152 0.012775 0.0232512 0.0209877 0.431472 0.00411817 0.00373083 0.00370769 0.0038355 0 0.0349099 0.013999 0.0566798 0.0199628 0.117103 0.053564 0.21873 0.0149164 0.00997135 0.0155683 0.013278 0.0241823 0.010112 0.00905253 0.00896325 0.0089014 0.00881829 0.00925222 0.0126805 0.00882588 0.00858757 0.00993332 0.00824315 0.00898597 0.00851117 0.00844681 0.00822809 0.00816943 0.00851564 0.00811501 0.00805423 0.00813543 0.00807024 0.00812968 0.00819778 0.00818372 0.00846225 0.00841118 0.00824324 0.00819812 0.0083988 0.00854484 0.00845809 0.0083999 0.00832336 0.00842105 0.00861838 0.00854725 0.00858449 0.00864205 0.00872215 0.00880734 0.00913619 0.00881353 0.00852344 0.00850364 0.00852758 0.00867813 0.00851782 0.00855826 0.00860326 0.00853858 0.00952299 0.00937766 0.00881034 0.00867396 0.00863513 0.00862776 0.00887417 
0.0088703 0.00836925 0.00849784 0.00848747 0.00838902 0.00816351 0.00952185 0.0106174 0.00857307 0.00896399 0.00889325 0.00908141 0.00893522 0.00883236 0.00906082 0.010352 0.00876208 0.00958437 0.0130387 0.0106454 0.0110595 0.0105079 0.0119037 0.010998 0.0149461 0.535593 0.0439368 0.0494087 0.0142815 0.0349099 0 0.00377008 0.0037101 0.00373778 0.00369674 0.00428206 0.00573165 0.0896789 0.0200893 0.018727 0.0114434 0.0273366 0.0184743 0.0141956 0.0132595 0.00939983 0.00952946 0.00975559 0.00959369 0.00866539 0.0089792 0.00927008 0.00857611 0.00885107 0.00850731 0.0114873 0.00838489 0.00815348 0.00889182 0.00818862 0.00806393 0.00807052 0.00806928 0.0083397 0.00810242 0.0081035 0.0085127 0.00832997 0.00829873 0.00845485 0.00837952 0.00831002 0.00837576 0.00841407 0.00823488 0.00820349 0.00825519 0.00830064 0.00878455 0.00891821 0.00910145 0.00915669 0.00944101 0.00882807 0.00843802 0.00845285 0.00899424 0.00870016 0.00840294 0.00837654 0.00845346 0.00877931 0.00966859 0.00893934 0.00865509 0.00867708 0.00861548 0.00867024 0.00973872 
0.00847069 0.00996795 0.0093136 0.00954058 0.00902504 0.0092096 0.00845194 0.00905595 0.0114811 0.0101985 0.0136007 0.00986136 0.0116122 0.0128609 0.00930524 0.0101854 0.00881338 0.00883213 0.00901261 0.0359946 0.014737 0.035627 0.0133969 0.0305296 0.00965834 0.0195051 0.580858 0.0203248 0.166469 0.013999 0.00377008 0 0.00373754 0.00375339 0.00376405 0.00379788 0.00398272 0.0554591 0.131533 0.0126578 0.0511338 0.0118967 0.010783 0.0124787 0.0100661 0.0141059 0.0102649 0.0211134 0.0139427 0.0128528 0.00881685 0.00914056 0.0126703 0.00975903 0.0107897 0.00952847 0.00823046 0.00866567 0.00841506 0.00806752 0.00823098 0.00829771 0.0082088 0.0080915 0.00828852 0.00850819 0.00873421 0.00896823 0.00849742 0.00826563 0.00835759 0.00883864 0.00877083 0.00836106 0.00830914 0.00861443 0.00869083 0.00863714 0.00863551 0.00836944 0.00847109 0.00848302 0.00893553 0.00839973 0.0086076 0.00856526 0.00851043 0.00837865 0.0085842 0.00862414 0.00863662 0.00862878 0.00924047 0.00863543 0.00915556 0.00872727 0.00883162 0.00880892 0.008808 
0.00858078 0.00916709 0.00947943 0.00935093 0.0090139 0.00850412 0.00864693 0.00906444 0.00989884 0.0166147 0.0107687 0.0135108 0.0125823 0.0109824 0.0110928 0.00852012 0.00873865 0.00873937 0.01029 0.0118361 0.0521046 0.0185707 0.0688716 0.0118367 0.0101624 0.0384551 0.014407 0.554409 0.0163474 0.0566798 0.0037101 0.00373754 0 0.00371488 0.00371438 0.00377518 0.00382927 0.298557 0.0135525 0.213739 0.0132232 0.015647 0.00927049 0.00927168 0.0091168 0.00916904 0.016722 0.0184995 0.0222021 0.00946776 0.010548 0.0103989 0.0097328 0.0132383 0.0102811 0.00875492 0.00871963 0.00844077 0.00862918 0.00813115 0.00827925 0.00835756 0.00831792 0.00805292 0.0082267 0.00849561 0.00905595 0.0087925 0.00839448 0.00819906 0.00842296 0.00893649 0.00875426 0.00834075 0.00827249 0.00853066 0.00898218 0.00861423 0.00837391 0.00828223 0.00835807 0.00849737 0.00856252 0.00865545 0.00850481 0.00845814 0.00845266 0.00851964 0.00849695 0.00851714 0.0085761 0.00843004 0.00860045 0.00885746 0.00884443 0.00873778 0.00873513 0.0086478 0.00875283 
0.00863022 0.00945187 0.00955613 0.0101204 0.00896976 0.00887879 0.00846745 0.00888197 0.0117337 0.0105343 0.0155632 0.0103872 0.0126926 0.013553 0.00901916 0.0091909 0.0087961 0.00862541 0.00960247 0.024497 0.0223939 0.0797028 0.0186044 0.0232266 0.00963257 0.0131308 0.110529 0.0166164 0.333381 0.0199628 0.00373778 0.00375339 0.00371488 0 0.00372165 0.00372048 0.00372023 0.0286701 0.48023 0.0183578 0.076242 0.0138119 0.00985265 0.00965358 0.00912512 0.0114659 0.0105121 0.0360575 0.019918 0.0114689 0.00936849 0.0101388 0.0115699 0.0106676 0.0102084 0.0089969 0.00843468 0.0086915 0.0083789 0.00810205 0.00831395 0.00838009 0.00831649 0.00807771 0.00832929 0.00857598 0.0090554 0.00902211 0.00851254 0.00819649 0.00854639 0.0089421 0.00906487 0.00833396 0.00838854 0.0087571 0.00888213 0.00861719 0.00854533 0.00831906 0.00841337 0.00838743 0.00879694 0.00857353 0.00859091 0.00843712 0.00840498 0.00847393 0.00854792 0.00858056 0.0085073 0.00842531 0.008971 0.00895294 0.00901589 0.00868677 0.00875225 0.00856892 0.00858225 
0.00856375 0.00918754 0.00953166 0.00943365 0.00896317 0.0087003 0.00832289 0.00929401 0.0108293 0.0137993 0.0124044 0.0131897 0.0134788 0.012797 0.00953435 0.00852102 0.00874727 0.00873181 0.00972463 0.0154414 0.0583495 0.0261559 0.043493 0.0160634 0.0101506 0.018179 0.0231343 0.154911 0.0361993 0.117103 0.00369674 0.00376405 0.00371438 0.00372165 0 0.00370584 0.00370174 0.0497938 0.0312092 0.499169 0.0211962 0.023276 0.00939325 0.00928343 0.00892632 0.00967413 0.0157052 0.0298699 0.0265897 0.0107171 0.0101874 0.0112798 0.0116063 0.013848 0.0111099 0.00878494 0.00872323 0.00853057 0.00852273 0.00805159 0.00830517 0.00831106 0.00824039 0.00805284 0.00824441 0.00859105 0.00908114 0.00900113 0.008467 0.00821433 0.00844157 0.00912778 0.0088496 0.00835448 0.00827961 0.00860509 0.00893677 0.00868814 0.00853648 0.00818846 0.00825004 0.00829074 0.00841806 0.00845744 0.00847606 0.00840196 0.00833666 0.00838063 0.00846874 0.00853598 0.00842966 0.00842186 0.00853312 0.00871255 0.00885351 0.00866446 0.00873124 0.00854863 0.00849879 
