1EERB
DPKFESKAALLAARGPEELLCFTERLEDLVCFWEEAASAGVGPGQYSFSYQLEDEPWKLCRLHQAPTARGAVRFWCSLPTADTSSFVPLELRVTAASGAPRYHRVIHINEVVLLDAPVGLVARLADESGHVVLRWLPPPETPMTSHIRYEVDVSAGQGAGSVQRVEILEGRTECVLSNLRGRTRYTFAVRARMAEPSFGGFWSEWSEPVSLLT
CHHHHHHHHHHHHHCCCCCEEEECCCCCCEEEEEECCCCCCCCCCEEEEEEECCCCCEEECEEEEEECCCEEEEEEECCHHHCCECCCEEEEEEECCCCEEEEEEECHHHCEECCCCEEEEEEECCCCCCEEEEEECCCCCCCHHHEEEEEEEECCCCCCCCCEEEECCCCCEEEECCCCCCCEEEEEEEEEECCCCCCEECCCCCCCEEEEC
0 0 0 0 0 0 0 0 0 0 0 0 0 0 0 0 0 0 0 0 0 0 0 0 0 0 0 0 0 0 0 0 0 0 0 0 0 0 0 0 0 0 0 0 0 0 0 0 0 0 0 0 0 0 0 0 0 0 0 0 0 0 0 0 0 0 0 0 0 0 0 0 0 0 0 0 0 0 0 0 0 0 0 0 0 0 0 0 0 0 0 0 0 0 0 0 0 0 0 0 0 0 0 0 0 0 0 0 0 0 0 0 0 0 0 0 0 0 0 0 0 0 0 0 0 0 0 0 0 0 0 0 0 0 0 0 0 0 0 0 0 0 0 0 0 0 0 0 0 0 0 0 0 0 0 0 0 0 0 0 0 0 0 0 0 0 0 0 0 0 0 0 0 0 0 0 0 0 0 0 0 0 0 0 0 0 0 0 0 0 0 0 0 0 0 0 0 0 0 0 0 0 0 0 0 0 0 0 0 0 0 0 0 
0 0 0 0 0 0 0 0 0 0 0 0 0 0 0 0 0 0 0 0 0 0 0 0 0 0 0 0 0 0 0 0 0 0 0 0 0 0 0 0 0 0 0 0 0 0 0 0 0 0 0 0 0 0 0 0 0 0 0 0 0 0 0 0 0 0 0 0 0 0 0 0 0 0 0 0 0 0 0 0 0 0 0 0 0 0 0 0 0 0 0 0 0 0 0 0 0 0 0 0 0 0 0 0 0 0 0 0 0 0 0 0 0 0 0 0 0 0 0 0 0 0 0 0 0 0 0 0 0 0 0 0 0 0 0 0 0 0 0 0 0 0 0 0 0 0 0 0 0 0 0 0 0 0 0 0 0 0 0 0 0 0 0 0 0 0 0 0 0 0 0 0 0 0 0 0 0 0 0 0 0 0 0 0 0 0 0 0 0 0 0 0 0 0 0 0 0 0 0 0 0 0 0 0 0 0 0 0 0 0 0 0 0 
0 0.00372311 0.00368031 0.00444179 0.0102607 0.00800545 0.145915 0.0436517 0.0614491 0.0271929 0.0117708 0.0127815 0.00960689 0.0114165 0.0107747 0.0131333 0.0225859 0.0108733 0.00982459 0.0143006 0.00985816 0.00931474 0.00907155 0.00886723 0.0100693 0.0156013 0.0133854 0.0101088 0.0125956 0.0118201 0.0120352 0.0103625 0.0290285 0.0121527 0.0104095 0.0102071 0.00951903 0.0103893 0.00944256 0.0111825 0.0151097 0.00853542 0.00830276 0.0083601 0.00835721 0.00841779 0.00858694 0.0129237 0.00920572 0.0121674 0.00884315 0.00856391 0.00851272 0.00856325 0.00860069 0.0088969 0.00978654 0.00876147 0.00849317 0.00884485 0.00854719 0.00857338 0.00943141 0.00834666 0.00838301 0.00890949 0.00939951 0.00871339 0.00857216 0.00855505 0.0107745 0.00826035 0.00806941 0.00866508 0.00863145 0.00829069 0.00834029 0.00840489 0.00882838 0.0083237 0.00835438 0.00927509 0.00847137 0.00848986 0.00845912 0.00846288 0.00829374 0.00829198 0.00846078 0.00815443 0.00834081 0.00821467 0.00811207 0.00819748 0.0087191 
0.00372311 0 0.00373989 0.00372266 0.0070866 0.186601 0.0430856 0.0603542 0.0197539 0.00845475 0.0112579 0.0145982 0.0209729 0.0143856 0.0205736 0.023922 0.0120742 0.00929063 0.0141986 0.0101542 0.0108552 0.0110896 0.0110999 0.0108636 0.0108371 0.0098421 0.00987116 0.0182467 0.0282225 0.0289155 0.01928 0.0515996 0.0107699 0.00984735 0.0111026 0.01352 0.0164707 0.013498 0.0183863 0.0134139 0.0103272 0.0083437 0.00878782 0.00902691 0.00904416 0.00993886 0.010175 0.00992867 0.00896203 0.00935403 0.00872803 0.00963712 0.00952563 0.0090842 0.0102757 0.00868 0.00847333 0.00878643 0.00932018 0.0100575 0.00905624 0.00965214 0.00833785 0.00891892 0.0090845 0.0104455 0.0101746 0.0100377 0.00908062 0.00947652 0.00849332 0.00803916 0.00846791 0.00849434 0.008344 0.0081476 0.00874712 0.00861664 0.00836678 0.0081213 0.00880177 0.00870775 0.0090202 0.00911134 0.00928418 0.00901371 0.00937015 0.00859894 0.00827 0.00820218 0.00815892 0.00816968 0.00832803 0.00844065 0.00831383 
0.00368031 0.00373989 0 0.00370739 0.152677 0.0678891 0.0611145 0.0262792 0.0101566 0.00724004 0.0105366 0.0258503 0.0124373 0.015131 0.0203364 0.0284822 0.0120416 0.0103252 0.013848 0.00934775 0.00950165 0.0127767 0.0111241 0.00985558 0.0100848 0.00903967 0.012459 0.0186542 0.0205213 0.0158536 0.035042 0.0262493 0.0120466 0.00984978 0.0115551 0.0138497 0.011886 0.01231 0.0135222 0.0134578 0.00918807 0.00855333 0.00871275 0.00891911 0.0089172 0.00962706 0.0106156 0.00967903 0.00971991 0.00937256 0.00915655 0.00916647 0.00916469 0.00952019 0.00914413 0.00864096 0.00826835 0.0089275 0.00952078 0.00973335 0.00914699 0.0089228 0.00828919 0.00886366 0.0102518 0.00966275 0.0102766 0.0101024 0.00911546 0.00905881 0.00831469 0.00809658 0.00851875 0.00835381 0.00824183 0.00813713 0.00875774 0.00854414 0.00822656 0.00817173 0.00856091 0.00868385 0.00898635 0.00896887 0.00901791 0.0087542 0.00901741 0.00844543 0.00824243 0.00815387 0.00817446 0.00814692 0.00831953 0.00825389 0.00816774 
0.00444179 0.00372266 0.00370739 0 0.0422752 0.0226144 0.0167185 0.00592508 0.0062534 0.00668479 0.0192443 0.00960767 0.00955991 0.0136759 0.0100128 0.0108804 0.0191068 0.0146789 0.00881208 0.0101229 0.0126712 0.0138216 0.00880386 0.00861316 0.00861887 0.0101243 0.0210159 0.0122739 0.0101918 0.0122589 0.0101318 0.0101906 0.0124511 0.014481 0.0182349 0.00936292 0.00912009 0.00975328 0.00910539 0.00908949 0.0109074 0.00990489 0.00841579 0.00848715 0.00848862 0.00835023 0.00846447 0.0104891 0.0119922 0.0090299 0.0103478 0.0084043 0.0084715 0.00842721 0.00842083 0.00820415 0.00841443 0.0100522 0.00848254 0.0085182 0.00834934 0.00845293 0.00836283 0.0123894 0.0083849 0.00859554 0.00846421 0.00838014 0.00842771 0.00834848 0.00850521 0.00862556 0.00813591 0.00819743 0.00828023 0.0085821 0.00830844 0.0081032 0.00822357 0.00863678 0.00826806 0.00836308 0.00831209 0.00855842 0.00836242 0.00815805 0.00823954 0.00810264 0.00821217 0.00817506 0.00818076 0.00859495 0.00820315 0.00814453 0.0082292 
0.0102607 0.0070866 0.152677 0.0422752 0 0.00406894 0.00369929 0.0037151 0.00381266 0.0045189 0.0119714 0.0119391 0.0109253 0.0209441 0.0212247 0.213891 0.0736514 0.0107614 0.0105639 0.0123662 0.0118068 0.0104282 0.00894039 0.00900176 0.0100812 0.028526 0.0149077 0.010387 0.0167889 0.0113936 0.0137066 0.0117898 0.105701 0.0139772 0.0130955 0.0130887 0.0112909 0.012321 0.0104512 0.0255397 0.0196478 0.00887286 0.00861507 0.00917167 0.00879191 0.0088355 0.00928692 0.017565 0.00998752 0.0143089 0.00937801 0.00907914 0.00887974 0.00914165 0.00878687 0.00932487 0.0109808 0.00932453 0.00894462 0.00928991 0.00883282 0.00883285 0.0133306 0.00870799 0.00892098 0.00916597 0.0099433 0.00890613 0.0091725 0.00959535 0.0117519 0.00818479 0.00807545 0.00888181 0.0086052 0.00847335 0.00830731 0.00858981 0.00863299 0.00846374 0.00836827 0.00912891 0.00864426 0.00892956 0.0085635 0.00891258 0.00853972 0.00861585 0.00884479 0.00801659 0.00847163 0.00813626 0.00820175 0.00826367 0.00880231 
0.00800545 0.186601 0.0678891 0.0226144 0.00406894 0 0.00369154 0.00369334 0.00381902 0.00370854 0.0100553 0.00901591 0.0264824 0.0185779 0.252856 0.0488534 0.0107599 0.00913429 0.0107939 0.00942056 0.0100675 0.00986433 0.00977002 0.00928705 0.0221261 0.00972912 0.00965258 0.021915 0.0193489 0.0296823 0.0167672 0.131109 0.0105292 0.00997571 0.0128905 0.0122013 0.0193906 0.012134 0.0635235 0.0136122 0.0100521 0.00847909 0.00902742 0.00981551 0.00914913 0.0118237 0.0127903 0.0101395 0.00918641 0.00929148 0.00921563 0.00936964 0.0108547 0.00928374 0.0117125 0.00899341 0.00862992 0.00903669 0.00921728 0.0112669 0.00919464 0.0135628 0.00839605 0.00926744 0.00910264 0.0117321 0.0102925 0.0122048 0.00914439 0.0107166 0.00835457 0.00812352 0.00872793 0.0084943 0.00842966 0.00818269 0.0089209 0.00849771 0.00845142 0.00812585 0.0090945 0.00890322 0.00924184 0.00894712 0.00964158 0.00898754 0.010514 0.00864499 0.00832863 0.00825032 0.00820357 0.00814471 0.00824918 0.00842584 0.0085022 
0.145915 0.0430856 0.0611145 0.0167185 0.00369929 0.00369154 0 0.00382207 0.00369431 0.00370623 0.00787892 0.0413262 0.0172781 0.294778 0.0537556 0.0151704 0.00913723 0.00897561 0.00930677 0.00897141 0.00916049 0.0108847 0.010642 0.01291 0.0123059 0.00902175 0.0154086 0.0114793 0.0564031 0.0245474 0.218651 0.0114249 0.0145226 0.00946488 0.00963416 0.0184558 0.011454 0.0948464 0.0145003 0.0153723 0.00922153 0.00852374 0.00946095 0.0094779 0.0124239 0.0180368 0.0108587 0.00922968 0.00915064 0.00880446 0.0086942 0.0100388 0.00979268 0.0152995 0.00939564 0.00936179 0.00847247 0.00851773 0.0112503 0.00994554 0.0257452 0.0087312 0.00857839 0.00865476 0.0171709 0.0102937 0.0191961 0.010304 0.0133258 0.00901572 0.0084755 0.0082441 0.00838348 0.00874438 0.00825836 0.00827308 0.00852084 0.00883874 0.00835703 0.00821915 0.00869277 0.00992548 0.00906606 0.0102179 0.00936177 0.010326 0.00929007 0.00879046 0.00832319 0.00813765 0.00814504 0.00808226 0.00832968 0.00837092 0.00856697 
0.0436517 0.0603542 0.0262792 0.00592508 0.0037151 0.00369334 0.00382207 0 0.00370658 0.00370879 0.0102103 0.0121327 0.348771 0.0247826 0.0224806 0.0117078 0.00906128 0.0091535 0.00863424 0.0100167 0.00939042 0.00876345 0.0123695 0.021191 0.00881929 0.0091697 0.00907338 0.0119271 0.0201107 0.174217 0.0125611 0.0228127 0.00935983 0.00885504 0.0116829 0.00910956 0.0654506 0.00968191 0.0370329 0.00945525 0.00953387 0.00834435 0.00859362 0.0114531 0.0125935 0.0115957 0.00919422 0.0101992 0.00857006 0.00866774 0.00870906 0.00855615 0.0141377 0.00900101 0.0127734 0.00846306 0.00856112 0.00903287 0.00863722 0.0213303 0.00878393 0.0108575 0.00816522 0.0101881 0.00874934 0.0137549 0.00954976 0.0148776 0.00889717 0.00952249 0.00825339 0.00807998 0.00878851 0.00828454 0.00852618 0.00809015 0.00897234 0.00829895 0.00837631 0.0081008 0.00903455 0.00865826 0.00974575 0.00888893 0.0100373 0.00900014 0.0093026 0.008564 0.00827503 0.00813775 0.00810259 0.00812967 0.00818031 0.00835954 0.00848652 
0.0614491 0.0197539 0.0101566 0.0062534 0.00381266 0.00381902 0.00369431 0.00370658 0 0.00374752 0.00957869 0.341636 0.013338 0.0304564 0.00915488 0.0108513 0.00829543 0.00869566 0.0120254 0.00865354 0.00828485 0.0125029 0.00866372 0.00848482 0.0093379 0.008494 0.0101627 0.0116454 0.0779285 0.00991929 0.0168663 0.00914548 0.0116347 0.00901838 0.00912086 0.0216277 0.00872585 0.0152606 0.00917796 0.0132192 0.00856946 0.00834225 0.00887766 0.0187666 0.00899321 0.00854269 0.00919683 0.00853221 0.00930252 0.0087981 0.00830637 0.0091311 0.00842724 0.00913064 0.00841655 0.00850152 0.00810667 0.00825229 0.0127711 0.0084761 0.00900908 0.00834689 0.008123 0.00838949 0.0093226 0.0084602 0.00960759 0.00846494 0.0088057 0.00836087 0.00820088 0.00818876 0.00821376 0.00822252 0.00802613 0.00822338 0.0083004 0.00821466 0.00803391 0.00828367 0.00836514 0.00854067 0.0083996 0.00861539 0.0085825 0.00843148 0.00837179 0.00832121 0.00807106 0.00797044 0.00803925 0.00800119 0.00817494 0.0081352 0.00803302 
0.0271929 0.00845475 0.00724004 0.00668479 0.0045189 0.00370854 0.00370623 0.00370879 0.00374752 0 0.331277 0.00846575 0.0134884 0.00713164 0.00804466 0.00751676 0.0092044 0.0120519 0.00811121 0.00982574 0.022783 0.00886163 0.00854706 0.00836782 0.00849717 0.010157 0.0177111 0.0667147 0.00943893 0.00943854 0.0088095 0.00973574 0.00931176 0.0120845 0.0360768 0.00865894 0.00988322 0.0086121 0.00932851 0.00858081 0.0100082 0.0107557 0.00842429 0.00864181 0.00833476 0.00839352 0.00830006 0.00930688 0.0104267 0.00876719 0.0114552 0.00822601 0.00854593 0.00832393 0.00845851 0.00811089 0.00848168 0.0156597 0.00819467 0.00854904 0.0081281 0.00826423 0.00804912 0.0146495 0.00819938 0.00857168 0.00819174 0.00832258 0.00819794 0.00828048 0.00821086 0.00837902 0.00817065 0.00803002 0.00813886 0.00837105 0.00820455 0.00802325 0.00816986 0.00835483 0.00837007 0.00809976 0.00827515 0.0081901 0.00823277 0.00820094 0.0081691 0.00801088 0.0081313 0.00816024 0.00804557 0.00847952 0.0080428 0.00818737 0.00811388 
0.0117708 0.0112579 0.0105366 0.0192443 0.0119714 0.0100553 0.00787892 0.0102103 0.00957869 0.331277 0 0.00375581 0.00381052 0.00381775 0.00383484 0.00386416 0.00607829 0.00731333 0.00700397 0.0174027 0.00811838 0.00847247 0.0361394 0.018092 0.0213335 0.0311702 0.0175312 0.0103344 0.00988896 0.0103228 0.00929219 0.0137969 0.0189463 0.0185589 0.0186874 0.00892207 0.015433 0.00888776 0.0132524 0.0104163 0.093935 0.00896181 0.00856942 0.00916411 0.0085676 0.00889406 0.00880866 0.0265033 0.00953007 0.0143227 0.00944191 0.00851302 0.00940074 0.00835967 0.010282 0.00881056 0.0173361 0.0104973 0.00835884 0.00991163 0.00829266 0.0094059 0.00922822 0.00952134 0.00830155 0.00929517 0.00845912 0.00986062 0.00843209 0.0109982 0.00975151 0.0081331 0.00865089 0.00843192 0.0102924 0.00814657 0.00867769 0.00832542 0.00974676 0.0080967 0.00888165 0.00822124 0.00881451 0.00841342 0.00866741 0.00829541 0.00858986 0.00830461 0.00935907 0.00796175 0.00816734 0.00827876 0.00803659 0.00847554 0.0086364 
0.0127815 0.0145982 0.0258503 0.00960767 0.0119391 0.00901591 0.0413262 0.0121327 0.341636 0.00846575 0.00375581 0 0.00369186 0.00370182 0.00366231 0.00387441 0.0037829 0.00605998 0.0111676 0.00729623 0.0068861 0.0224645 0.0200322 0.00921338 0.0370175 0.00862252 0.0103949 0.00973252 0.0168897 0.0095727 0.0173843 0.00948499 0.0176047 0.00996887 0.00933366 0.0367133 0.00877196 0.0349803 0.00893114 0.103544 0.0092289 0.00850711 0.00986584 0.00855462 0.0100495 0.00891185 0.012637 0.00880337 0.00995758 0.00955865 0.00845763 0.0118499 0.00848483 0.0127595 0.00855413 0.0179962 0.0082797 0.00836488 0.0163767 0.00857851 0.0122696 0.00834722 0.0091474 0.00829265 0.00999949 0.00883083 0.0133801 0.00866786 0.0135221 0.00859096 0.00943629 0.00823386 0.00811 0.00990359 0.00807313 0.00873288 0.00825681 0.00963494 0.00814899 0.00858878 0.00828701 0.00973244 0.00844128 0.0100081 0.00843757 0.00956575 0.00841478 0.00885159 0.00812949 0.00811627 0.00810253 0.00807556 0.00845919 0.00819764 0.00829221 
0.00960689 0.0209729 0.0124373 0.00955991 0.0109253 0.0264824 0.0172781 0.348771 0.013338 0.0134884 0.00381052 0.00369186 0 0.00369962 0.00370777 0.00369973 0.00373108 0.00770464 0.00635917 0.0480239 0.0310001 0.0104083 0.0287726 0.0200841 0.00823379 0.0110802 0.00898054 0.0122651 0.0123526 0.0249465 0.0103138 0.0188475 0.00900661 0.0095644 0.0174996 0.00880769 0.0594946 0.00916154 0.18365 0.00899523 0.0107141 0.00872609 0.0086331 0.0138869 0.00885774 0.0159059 0.00908969 0.011011 0.00877754 0.00894848 0.00926593 0.00863402 0.0232056 0.00873095 0.0225409 0.00833724 0.0086734 0.0107444 0.00861686 0.0267125 0.00855332 0.0135549 0.00827038 0.00951812 0.00856953 0.0198333 0.010083 0.0296715 0.00874593 0.0128511 0.00828946 0.00802858 0.0097579 0.00818366 0.00872697 0.0080595 0.00972676 0.00824826 0.00841851 0.00803357 0.00971726 0.008446 0.0118025 0.00880463 0.0116558 0.00874797 0.0102282 0.00861804 0.00826873 0.00822478 0.00809697 0.00820612 0.00827331 0.00873167 0.00832868 
0.0114165 0.0143856 0.015131 0.0136759 0.0209441 0.0185779 0.294778 0.0247826 0.0304564 0.00713164 0.00381775 0.00370182 0.00369962 0 0.00369672 0.00370016 0.00372341 0.00529185 0.0353059 0.0492795 0.0173383 0.0210584 0.0117544 0.00778885 0.0216758 0.00949832 0.00989649 0.00989881 0.0260823 0.0107547 0.0312349 0.00903429 0.0158425 0.00950872 0.00942083 0.0263138 0.00920816 0.187611 0.00975144 0.0198037 0.0094112 0.00852471 0.0102225 0.00894866 0.0155972 0.0100616 0.0119668 0.0094731 0.00937882 0.00939624 0.00866943 0.0125221 0.00926161 0.0249946 0.0090977 0.00995714 0.00869469 0.00856281 0.0167434 0.00924208 0.0206004 0.00862652 0.00899436 0.00881235 0.0112122 0.00972465 0.0247386 0.00966172 0.0166012 0.0088991 0.00903362 0.00836625 0.00816841 0.00927188 0.00818434 0.00869992 0.0083816 0.00900615 0.00824905 0.00844706 0.00838873 0.0104269 0.00877309 0.0120515 0.0093199 0.0107672 0.00936318 0.00897704 0.00845928 0.00810553 0.00813959 0.00810856 0.00839313 0.00826402 0.00849989 
0.0107747 0.0205736 0.0203364 0.0100128 0.0212247 0.252856 0.0537556 0.0224806 0.00915488 0.00804466 0.00383484 0.00366231 0.00370777 0.00369672 0 0.00370368 0.00372376 0.0131558 0.0643027 0.251237 0.0205024 0.0168825 0.0107299 0.0180902 0.00834202 0.00932269 0.00949584 0.0145685 0.0164017 0.0255501 0.0117046 0.0171741 0.00987606 0.00992852 0.0158723 0.00937172 0.144389 0.0104294 0.0406308 0.00990215 0.0106285 0.00889477 0.00885933 0.0190793 0.00958929 0.0132314 0.00973982 0.0113385 0.00906259 0.00940995 0.00939992 0.00904152 0.0359516 0.00973693 0.0150844 0.0088366 0.00902033 0.0106169 0.00932486 0.0311065 0.00981934 0.0122295 0.00860398 0.0107876 0.00943102 0.0310469 0.0128307 0.0250447 0.0101041 0.011107 0.00860456 0.00811511 0.00881612 0.00838404 0.0086363 0.00815871 0.00914135 0.00860228 0.00854672 0.00813295 0.00923883 0.00902195 0.0126274 0.00968292 0.0125848 0.00925022 0.0110472 0.00874901 0.00848191 0.00828652 0.00813087 0.0081164 0.00831658 0.0085314 0.00835466 
0.0131333 0.023922 0.0284822 0.0108804 0.213891 0.0488534 0.0151704 0.0117078 0.0108513 0.00751676 0.00386416 0.00387441 0.00369973 0.00370016 0.00370368 0 0.00382829 0.0800287 0.22858 0.0146131 0.0138616 0.018095 0.0141737 0.00753581 0.0102641 0.00858824 0.0115482 0.0127805 0.0223288 0.0111089 0.0158102 0.0131713 0.0126321 0.0116031 0.0107128 0.103881 0.00966477 0.0189052 0.0104232 0.0218986 0.00959649 0.00861721 0.0134367 0.00900924 0.00986347 0.00959744 0.0151862 0.00993294 0.010623 0.0106386 0.00913267 0.0187025 0.00912276 0.0102205 0.00902113 0.00965422 0.00850166 0.00902537 0.0138375 0.00930285 0.010386 0.00908298 0.0086759 0.00895567 0.0241908 0.00962594 0.0131151 0.00953658 0.0099505 0.00901163 0.00860926 0.00819247 0.00865309 0.00854911 0.00818632 0.00839419 0.00847081 0.00850159 0.00817733 0.00860457 0.00868378 0.00900625 0.00872636 0.0100985 0.00912801 0.00969896 0.00869623 0.00889334 0.00824102 0.00808448 0.00824414 0.00807665 0.00844558 0.00830344 0.00821526 
0.0225859 0.0120742 0.0120416 0.0191068 0.0736514 0.0107599 0.00913723 0.00906128 0.00829543 0.0092044 0.00607829 0.0037829 0.00373108 0.00372341 0.00372376 0.00382829 0 0.212539 0.00617315 0.010499 0.0165853 0.00983257 0.00634478 0.00835663 0.00672302 0.00867857 0.0170859 0.0209975 0.00971434 0.0105699 0.00898836 0.0101691 0.0111648 0.0172113 0.150574 0.00905021 0.011518 0.0091452 0.0114496 0.00948992 0.01431 0.017229 0.00865251 0.00928091 0.0087583 0.0088733 0.00882016 0.0135053 0.0144308 0.0100963 0.0185926 0.00874664 0.00961305 0.00877733 0.00889019 0.00841689 0.00881381 0.0181904 0.00865598 0.00926069 0.00844816 0.0088665 0.00833706 0.0209091 0.00885957 0.00932006 0.00895398 0.00897962 0.00844742 0.00882319 0.00854546 0.00867571 0.00824809 0.00816772 0.00849274 0.00858082 0.00847145 0.00809869 0.00832872 0.00847557 0.0084406 0.00819402 0.00889443 0.00840646 0.00869535 0.00829336 0.00843658 0.00809629 0.00823101 0.00831209 0.00818423 0.00867094 0.00813614 0.0082385 0.00829689 
0.0108733 0.00929063 0.0103252 0.0146789 0.0107614 0.00913429 0.00897561 0.0091535 0.00869566 0.0120519 0.00731333 0.00605998 0.00770464 0.00529185 0.0131558 0.0800287 0.212539 0 0.00426003 0.00405365 0.00381446 0.0161384 0.00432034 0.00384213 0.00471455 0.00635383 0.00760748 0.00748426 0.0090007 0.00772975 0.00830973 0.00901995 0.0317723 0.0124446 0.0115926 0.00939775 0.0101561 0.00947584 0.00952412 0.0107667 0.0193853 0.00895327 0.00858782 0.00901851 0.0084913 0.00872957 0.00860162 0.0135531 0.00915314 0.0122902 0.00896172 0.00854088 0.00861749 0.00858583 0.00868044 0.00864496 0.0102138 0.00867674 0.00848447 0.00852478 0.00842142 0.00831961 0.00891914 0.00867509 0.00827939 0.00840622 0.00850543 0.00848818 0.00834328 0.00837374 0.00945689 0.00825009 0.00808642 0.00834836 0.00838943 0.0082829 0.00805107 0.00829023 0.00855158 0.00825293 0.00812473 0.00837046 0.00810779 0.00822897 0.00820841 0.00821666 0.00846038 0.00811394 0.00843328 0.00795896 0.00800746 0.00802468 0.00798372 0.00811077 0.0083392 
0.00982459 0.0141986 0.013848 0.00881208 0.0105639 0.0107939 0.00930677 0.00863424 0.0120254 0.00811121 0.00700397 0.0111676 0.00635917 0.0353059 0.0643027 0.22858 0.00617315 0.00426003 0 0.00374821 0.00377183 0.00431377 0.00374366 0.00378513 0.00553832 0.00434415 0.00679012 0.00914402 0.00772181 0.00763786 0.00815895 0.00965262 0.012987 0.0118408 0.00984087 0.016303 0.00883344 0.0102515 0.00901516 0.02221 0.0090015 0.00880964 0.00977883 0.00873351 0.00885743 0.00873896 0.0104302 0.00873486 0.0104433 0.0094169 0.00884214 0.00980327 0.00854606 0.00877794 0.00856666 0.00921835 0.00837139 0.00846683 0.00996522 0.00848864 0.00851687 0.00861445 0.00820991 0.00841389 0.00941003 0.00830576 0.00859995 0.00830493 0.00851019 0.00861081 0.00844375 0.00811384 0.0082925 0.00867528 0.00808126 0.00826153 0.00830672 0.00837909 0.00815768 0.00823462 0.00838891 0.00854434 0.00821153 0.00833945 0.00824847 0.00827047 0.00829343 0.008327 0.00809512 0.00808345 0.00810872 0.00794979 0.00811417 0.00811933 0.00807996 
0.0143006 0.0101542 0.00934775 0.0101229 0.0123662 0.00942056 0.00897141 0.0100167 0.00865354 0.00982574 0.0174027 0.00729623 0.0480239 0.0492795 0.251237 0.0146131 0.010499 0.00405365 0.00374821 0 0.0168338 0.00378646 0.00444418 0.00382171 0.00374368 0.00409985 0.00856424 0.00864993 0.00827616 0.00823047 0.00857345 0.0170132 0.0292035 0.0111455 0.0303972 0.008442 0.014636 0.00859688 0.0149272 0.00877576 0.0134944 0.00977507 0.00854719 0.0105134 0.0085964 0.00937859 0.00865393 0.0129789 0.0103001 0.0091197 0.0117625 0.00846025 0.0112119 0.00847777 0.0111685 0.00829736 0.00952043 0.016293 0.00829495 0.0124135 0.00851931 0.00891858 0.00822671 0.0137243 0.00852628 0.0106141 0.00847509 0.0101127 0.00860009 0.00911299 0.00829425 0.00819959 0.00873588 0.00803925 0.00922096 0.00821163 0.00921935 0.00811733 0.00877141 0.00815519 0.00903192 0.00810068 0.00930464 0.00831506 0.00877267 0.00830528 0.00912184 0.00816325 0.00831034 0.00819235 0.00803793 0.00847685 0.00803127 0.00844267 0.00815853 
0.00985816 0.0108552 0.00950165 0.0126712 0.0118068 0.0100675 0.00916049 0.00939042 0.00828485 0.022783 0.00811838 0.0068861 0.0310001 0.0173383 0.0205024 0.0138616 0.0165853 0.00381446 0.00377183 0.0168338 0 0.00372222 0.00372976 0.00370559 0.00370279 0.00439126 0.00510314 0.00652023 0.00652055 0.00688807 0.0161609 0.646116 0.0267721 0.00951209 0.0138301 0.00857693 0.0129828 0.00887092 0.0116334 0.00989034 0.0149773 0.00898112 0.00853545 0.00945033 0.00864113 0.0090958 0.00865001 0.0170464 0.0089739 0.0109678 0.00940101 0.00853574 0.00993821 0.00858831 0.00999407 0.00851331 0.0115592 0.0102936 0.00840381 0.0109167 0.00858804 0.00922447 0.00870192 0.00956652 0.00854759 0.00957551 0.00994572 0.0104977 0.00911052 0.00927727 0.00856373 0.00812273 0.0087568 0.00812597 0.010119 0.00809272 0.00898928 0.00825082 0.00940047 0.00807501 0.00883601 0.00897171 0.00878322 0.00848717 0.00879883 0.00868199 0.00883067 0.00809453 0.00851623 0.00800729 0.00796313 0.00806408 0.00795719 0.00826843 0.00825026 
0.00931474 0.0110896 0.0127767 0.0138216 0.0104282 0.00986433 0.0108847 0.00876345 0.0125029 0.00886163 0.00847247 0.0224645 0.0104083 0.0210584 0.0168825 0.018095 0.00983257 0.0161384 0.00431377 0.00378646 0.00372222 0 0.00369144 0.00369546 0.00381826 0.00380241 0.00568758 0.00634256 0.00759029 0.0101038 0.803333 0.0135355 0.00974569 0.00915438 0.00952295 0.0128864 0.00873979 0.0120402 0.00947673 0.0130501 0.00917289 0.00866887 0.00929675 0.00874764 0.0090182 0.0088551 0.0100253 0.00897471 0.00949622 0.00925565 0.00870117 0.00945015 0.00884655 0.00957677 0.00884585 0.00986015 0.00861801 0.00848683 0.0100604 0.0087141 0.00931529 0.00889552 0.00846457 0.00843926 0.00892746 0.00889885 0.00956641 0.0086436 0.00916494 0.00851225 0.00877592 0.00815882 0.00809612 0.00864168 0.00818529 0.00825532 0.00811432 0.00846907 0.00831865 0.00815841 0.00820004 0.00860396 0.00838853 0.00864358 0.00835725 0.0084225 0.00829199 0.00829809 0.00819546 0.00808469 0.00807592 0.00798402 0.00824979 0.0082222 0.00823495 
0.00907155 0.0110999 0.0111241 0.00880386 0.00894039 0.00977002 0.010642 0.0123695 0.00866372 0.00854706 0.0361394 0.0200322 0.0287726 0.0117544 0.0107299 0.0141737 0.00634478 0.00432034 0.00374366 0.00444418 0.00372976 0.00369144 0 0.00407121 0.00369908 0.00370778 0.00468553 0.00726121 0.00862417 0.886642 0.0186013 0.00998588 0.00664254 0.00786102 0.0101248 0.00848805 0.0111605 0.010403 0.0124694 0.00893886 0.00882683 0.00851833 0.00845253 0.00968956 0.0088199 0.00958454 0.00893732 0.00891051 0.00888125 0.00864306 0.00877641 0.00857437 0.00978177 0.00905622 0.00947312 0.00847839 0.00833141 0.00871561 0.0085806 0.0109923 0.00942621 0.00868685 0.00825284 0.00868651 0.00859287 0.0100103 0.00992317 0.00983387 0.0090636 0.00852297 0.00823129 0.0080461 0.0083514 0.00815815 0.00819206 0.00810889 0.00827579 0.00807686 0.00814874 0.008058 0.00832539 0.0083331 0.00859049 0.00855482 0.00872925 0.00845731 0.0086085 0.00818843 0.00814127 0.00803214 0.00792896 0.00796336 0.00812396 0.00818065 0.00810597 
0.00886723 0.0108636 0.00985558 0.00861316 0.00900176 0.00928705 0.01291 0.021191 0.00848482 0.00836782 0.018092 0.00921338 0.0200841 0.00778885 0.0180902 0.00753581 0.00835663 0.00384213 0.00378513 0.00382171 0.00370559 0.00369546 0.00407121 0 0.00369466 0.00370362 0.00428025 0.00669293 0.875724 0.0168856 0.00715504 0.00629613 0.00616214 0.00756191 0.0087082 0.00879354 0.0111757 0.0101809 0.00956016 0.0088531 0.00863006 0.0082688 0.00850473 0.00900012 0.00915326 0.00916286 0.00868721 0.00892742 0.00884731 0.00866053 0.00859758 0.00881965 0.00928643 0.00950452 0.00928442 0.00851899 0.00832415 0.00845632 0.00865082 0.00979802 0.00979675 0.00860314 0.00808531 0.00866249 0.00836579 0.00929671 0.00924479 0.00897754 0.00889386 0.00851351 0.00816989 0.00803107 0.0081772 0.00818763 0.00804689 0.00805684 0.00811657 0.0081368 0.00813102 0.00802589 0.00816111 0.00857801 0.00846477 0.00853331 0.0084009 0.00855714 0.00837737 0.00822783 0.00808058 0.00810401 0.00800269 0.00796941 0.00801732 0.00805867 0.00806948 
0.0100693 0.0108371 0.0100848 0.00861887 0.0100812 0.0221261 0.0123059 0.00881929 0.0093379 0.00849717 0.0213335 0.0370175 0.00823379 0.0216758 0.00834202 0.0102641 0.00672302 0.00471455 0.00553832 0.00374368 0.00370279 0.00381826 0.00369908 0.00369466 0 0.00370869 0.00493093 0.890546 0.0160823 0.00585139 0.00589175 0.00635068 0.00637816 0.00819451 0.00972735 0.0157989 0.00881072 0.0111537 0.00897713 0.0104019 0.00870598 0.00916769 0.00897797 0.00884433 0.00873567 0.00857868 0.00958304 0.00880444 0.0100066 0.00909597 0.00920854 0.00911214 0.00877023 0.00939304 0.008511 0.00877529 0.00844747 0.0086971 0.00983198 0.00860059 0.00882121 0.00841459 0.00823923 0.00885583 0.00882605 0.00851496 0.00882594 0.00845715 0.00866838 0.00841905 0.00831761 0.00831123 0.00822867 0.00846807 0.00802051 0.00862486 0.00813158 0.00816921 0.00808471 0.00855649 0.00831889 0.00852937 0.00821874 0.00835303 0.00834566 0.00827661 0.00829851 0.00812705 0.00803726 0.00798884 0.00799938 0.00805562 0.00814374 0.00808514 0.00808007 
0.0156013 0.0098421 0.00903967 0.0101243 0.028526 0.00972912 0.00902175 0.0091697 0.008494 0.010157 0.0311702 0.00862252 0.0110802 0.00949832 0.00932269 0.00858824 0.00867857 0.00635383 0.00434415 0.00409985 0.00439126 0.00380241 0.00370778 0.00370362 0.00370869 0 0.950097 0.013434 0.00435454 0.00442965 0.00476753 0.00573369 0.00589261 0.0120017 0.030075 0.00911265 0.010748 0.00871806 0.00996458 0.00876594 0.0174573 0.0135159 0.0087748 0.00911647 0.00850448 0.00860308 0.00866441 0.0131696 0.0147457 0.010361 0.0133619 0.00870854 0.00912099 0.00869082 0.00897811 0.00845631 0.00957634 0.0157335 0.0088573 0.00883955 0.00827216 0.00864896 0.00836604 0.0133156 0.0085594 0.00864705 0.00852764 0.00857541 0.00843939 0.00852385 0.0085704 0.00889055 0.00826905 0.00808711 0.00876528 0.00889378 0.00830213 0.008016 0.00835277 0.00876821 0.00844127 0.00819743 0.00818104 0.00827539 0.00821298 0.00818569 0.00819756 0.00802886 0.00827629 0.00836524 0.00806167 0.00872608 0.00808508 0.00818441 0.00817101 
0.0133854 0.00987116 0.012459 0.0210159 0.0149077 0.00965258 0.0154086 0.00907338 0.0101627 0.0177111 0.0175312 0.0103949 0.00898054 0.00989649 0.00949584 0.0115482 0.0170859 0.00760748 0.00679012 0.00856424 0.00510314 0.00568758 0.00468553 0.00428025 0.00493093 0.950097 0 0.00382619 0.00371448 0.00374353 0.00375956 0.00384539 0.00671922 0.0140967 0.0166984 0.0106447 0.0106734 0.012002 0.011083 0.0320616 0.0435936 0.0121728 0.00928685 0.00922491 0.0090182 0.00879725 0.00979969 0.0342192 0.0122154 0.018754 0.0118118 0.00978667 0.0101737 0.00952456 0.010094 0.0110297 0.0185668 0.0131581 0.00939721 0.00962163 0.00903434 0.00910729 0.0151302 0.00955091 0.00867819 0.00933044 0.00929572 0.00938272 0.00939319 0.0113425 0.0159869 0.00867317 0.00835963 0.00917622 0.0110571 0.00928368 0.00830293 0.00902201 0.0111858 0.00913614 0.00839493 0.00862388 0.00862621 0.00884361 0.00871789 0.00913816 0.00851111 0.00901305 0.0099138 0.0080519 0.00836719 0.008295 0.00816559 0.00879077 0.00944296 
0.0101088 0.0182467 0.0186542 0.0122739 0.010387 0.021915 0.0114793 0.0119271 0.0116454 0.0667147 0.0103344 0.00973252 0.0122651 0.00989881 0.0145685 0.0127805 0.0209975 0.00748426 0.00914402 0.00864993 0.00652023 0.00634256 0.00726121 0.00669293 0.890546 0.013434 0.00382619 0 0.00373976 0.00370243 0.00370193 0.00395539 0.00410452 0.0102174 0.0126112 0.0122179 0.0132887 0.0110209 0.0230203 0.0345289 0.0204169 0.0090118 0.00988379 0.00929998 0.00900316 0.0100109 0.0170594 0.0125659 0.0110289 0.0124319 0.0102741 0.0102698 0.0115351 0.00947661 0.0124634 0.0121592 0.0109704 0.0107332 0.0102158 0.0111181 0.00928922 0.0150993 0.00974324 0.0100852 0.00959772 0.0118078 0.0112109 0.0150053 0.0113404 0.0165181 0.0100363 0.00832407 0.008697 0.00901536 0.00891941 0.00828071 0.00915138 0.00879501 0.00925133 0.00828319 0.00930957 0.00856355 0.00968071 0.00936404 0.0116832 0.00939148 0.0097896 0.00894838 0.00900079 0.0082309 0.00820936 0.0081268 0.00822659 0.00886545 0.00869169 
0.0125956 0.0282225 0.0205213 0.0101918 0.0167889 0.0193489 0.0564031 0.0201107 0.0779285 0.00943893 0.00988896 0.0168897 0.0123526 0.0260823 0.0164017 0.0223288 0.00971434 0.0090007 0.00772181 0.00827616 0.00652055 0.00759029 0.00862417 0.875724 0.0160823 0.00435454 0.00371448 0.00373976 0 0.00370663 0.0037031 0.00372625 0.00376266 0.00770876 0.0111479 0.016059 0.0145972 0.0642846 0.0267761 0.0347042 0.0102299 0.00891655 0.00979546 0.0111206 0.0119003 0.0214717 0.0134069 0.0106318 0.0103776 0.0106238 0.0102177 0.0160754 0.0140387 0.0241665 0.0140073 0.0134096 0.00925945 0.0102757 0.0170679 0.0137963 0.0351469 0.0104828 0.00979006 0.0100198 0.0144568 0.016843 0.0434774 0.0185706 0.0411215 0.00994323 0.00955809 0.00847606 0.00892404 0.00931514 0.008653 0.00881227 0.00892377 0.00992272 0.00850911 0.00845765 0.00886344 0.0121644 0.0132184 0.0212509 0.0143182 0.0158774 0.0122762 0.0105688 0.0086384 0.00844929 0.00814351 0.0082265 0.00894508 0.0086699 0.00883863 
0.0118201 0.0289155 0.0158536 0.0122589 0.0113936 0.0296823 0.0245474 0.174217 0.00991929 0.00943854 0.0103228 0.0095727 0.0249465 0.0107547 0.0255501 0.0111089 0.0105699 0.00772975 0.00763786 0.00823047 0.00688807 0.0101038 0.886642 0.0168856 0.00585139 0.00442965 0.00374353 0.00370243 0.00370663 0 0.00369132 0.00369586 0.00370579 0.00776145 0.0122171 0.00941012 0.0384158 0.0127969 0.0721528 0.0102723 0.0111674 0.00866703 0.00882792 0.0109343 0.0122588 0.0161633 0.0112039 0.0113854 0.00983356 0.00988684 0.0105687 0.00981879 0.0301261 0.0113063 0.0325757 0.00928614 0.00923328 0.0119636 0.0101614 0.0559959 0.0106075 0.0308682 0.00888568 0.011973 0.010923 0.0398451 0.0170831 0.0777758 0.0117655 0.0172263 0.00894751 0.00828126 0.00933983 0.00873505 0.00984138 0.00830598 0.0101602 0.00875723 0.0096184 0.00822977 0.00972152 0.0095959 0.0200581 0.0114992 0.0238968 0.0119158 0.0157676 0.00982513 0.00874991 0.00845627 0.00823406 0.00837422 0.00854731 0.0090214 0.00873251 
0.0120352 0.01928 0.035042 0.0101318 0.0137066 0.0167672 0.218651 0.0125611 0.0168663 0.0088095 0.00929219 0.0173843 0.0103138 0.0312349 0.0117046 0.0158102 0.00898836 0.00830973 0.00815895 0.00857345 0.0161609 0.803333 0.0186013 0.00715504 0.00589175 0.00476753 0.00375956 0.00370193 0.0037031 0.00369132 0 0.00369359 0.00372714 0.00732151 0.0085823 0.0549313 0.0104638 0.0631935 0.0107927 0.0205647 0.00939953 0.00864478 0.0100021 0.0118897 0.0141049 0.0138353 0.0131803 0.0102207 0.0104395 0.00969339 0.00946177 0.0183932 0.0113325 0.0400398 0.0101788 0.0137544 0.00892189 0.00931473 0.0432242 0.0106927 0.0431542 0.00960367 0.0107258 0.00986829 0.0198683 0.0145534 0.0767359 0.0135138 0.0448552 0.00955662 0.00987641 0.00852012 0.00851772 0.0107684 0.00871487 0.00900477 0.00847928 0.0107541 0.00866801 0.0085959 0.0085975 0.0149683 0.00972359 0.018905 0.0107573 0.0162837 0.00991365 0.0102289 0.00849308 0.00821595 0.00832089 0.00815338 0.00884655 0.00846365 0.00908746 
0.0103625 0.0515996 0.0262493 0.0101906 0.0117898 0.131109 0.0114249 0.0228127 0.00914548 0.00973574 0.0137969 0.00948499 0.0188475 0.00903429 0.0171741 0.0131713 0.0101691 0.00901995 0.00965262 0.0170132 0.646116 0.0135355 0.00998588 0.00629613 0.00635068 0.00573369 0.00384539 0.00395539 0.00372625 0.00369586 0.00369359 0 0.00369995 0.00915943 0.0650615 0.0101765 0.0473385 0.00897615 0.0269684 0.00957455 0.0121671 0.00955847 0.00963238 0.0143364 0.00880506 0.0119962 0.0126919 0.0150424 0.0108737 0.0118677 0.0114889 0.0105195 0.0243464 0.00899037 0.0194101 0.00928333 0.00949445 0.0209977 0.00998636 0.0370927 0.009131 0.0291627 0.00860947 0.0148968 0.0105887 0.035105 0.0106717 0.0286577 0.009135 0.0203162 0.00856906 0.0083503 0.0106663 0.00852776 0.0101154 0.0082199 0.0125466 0.00838903 0.00914817 0.00828579 0.013202 0.00855796 0.0138124 0.00980804 0.0164352 0.00935829 0.0113376 0.00890941 0.00849128 0.00840513 0.00822886 0.00848097 0.0084272 0.00997409 0.00836004 
0.0290285 0.0107699 0.0120466 0.0124511 0.105701 0.0105292 0.0145226 0.00935983 0.0116347 0.00931176 0.0189463 0.0176047 0.00900661 0.0158425 0.00987606 0.0126321 0.0111648 0.0317723 0.012987 0.0292035 0.0267721 0.00974569 0.00664254 0.00616214 0.00637816 0.00589261 0.00671922 0.00410452 0.00376266 0.00370579 0.00372714 0.00369995 0 0.0494987 0.0347846 0.0554539 0.00793556 0.0301719 0.00863481 0.0264247 0.0111477 0.0148419 0.0126222 0.00917468 0.0100586 0.00908326 0.0110644 0.0133244 0.0198367 0.0163307 0.0167624 0.0125207 0.00930267 0.0157423 0.0090565 0.0113867 0.00990197 0.0127492 0.0206156 0.00881851 0.0129965 0.00889811 0.0119119 0.0159984 0.0166054 0.00952601 0.0133931 0.00883639 0.0131053 0.00879382 0.0147294 0.0132196 0.00831275 0.0101683 0.00861678 0.0164752 0.00849264 0.00984372 0.00847169 0.0130658 0.00848014 0.0104933 0.00852337 0.0108063 0.00869628 0.0097728 0.00873599 0.00868822 0.0086155 0.00867022 0.0088269 0.00939249 0.0089631 0.00825001 0.00910405 
0.0121527 0.00984735 0.00984978 0.014481 0.0139772 0.00997571 0.00946488 0.00885504 0.00901838 0.0120845 0.0185589 0.00996887 0.0095644 0.00950872 0.00992852 0.0116031 0.0172113 0.0124446 0.0118408 0.0111455 0.00951209 0.00915438 0.00786102 0.00756191 0.00819451 0.0120017 0.0140967 0.0102174 0.00770876 0.00776145 0.00732151 0.00915943 0.0494987 0 0.0183317 0.00534012 0.00549403 0.00433431 0.00636559 0.00757455 0.0114164 0.00872571 0.00782769 0.00772007 0.00798917 0.00809294 0.00935348 0.0256673 0.0364572 0.0270241 0.0137904 0.00995284 0.0095886 0.00941572 0.0096361 0.0104313 0.0133219 0.0169696 0.00988662 0.00920182 0.00903122 0.00931789 0.0113968 0.0135775 0.00962556 0.00926782 0.00923961 0.00930704 0.00922746 0.00944119 0.0141611 0.00927657 0.00838846 0.00870925 0.0100922 0.00977545 0.00857123 0.00847655 0.0101403 0.00957298 0.00864601 0.00835989 0.00881653 0.00870138 0.00850509 0.00846928 0.00854135 0.00838632 0.00924412 0.00922581 0.00880692 0.00934836 0.00818975 0.00846778 0.00914547 
0.0104095 0.0111026 0.0115551 0.0182349 0.0130955 0.0128905 0.00963416 0.0116829 0.00912086 0.0360768 0.0186874 0.00933366 0.0174996 0.00942083 0.0158723 0.0107128 0.150574 0.0115926 0.00984087 0.0303972 0.0138301 0.00952295 0.0101248 0.0087082 0.00972735 0.030075 0.0166984 0.0126112 0.0111479 0.0122171 0.0085823 0.0650615 0.0347846 0.0183317 0 0.00371924 0.00387175 0.00371413 0.00402045 0.00390548 0.00706867 0.00806283 0.00656455 0.00908236 0.00733281 0.00878655 0.0183456 0.899712 0.0127138 0.025303 0.0204179 0.00964547 0.0169442 0.0088934 0.0169479 0.00988957 0.0466386 0.0269437 0.00923992 0.019884 0.00892215 0.017686 0.0130934 0.0170626 0.00903649 0.0145259 0.00952796 0.0166633 0.00912079 0.0256054 0.0129994 0.00962685 0.0100884 0.00886854 0.0282613 0.00858019 0.012334 0.00856962 0.0347753 0.00837176 0.0120364 0.00842152 0.0128248 0.0088882 0.0136639 0.00877222 0.0130145 0.0088268 0.0192232 0.00868484 0.00851446 0.00919292 0.00812457 0.0100462 0.00979667 
0.0102071 0.01352 0.0138497 0.00936292 0.0130887 0.0122013 0.0184558 0.00910956 0.0216277 0.00865894 0.00892207 0.0367133 0.00880769 0.0263138 0.00937172 0.103881 0.00905021 0.00939775 0.016303 0.008442 0.00857693 0.0128864 0.00848805 0.00879354 0.0157989 0.00911265 0.0106447 0.0122179 0.016059 0.00941012 0.0549313 0.0101765 0.0554539 0.00534012 0.00371924 0 0.00372878 0.00381272 0.00366858 0.00422024 0.00380366 0.00601337 0.00706984 0.00624821 0.00842404 0.0103076 0.892111 0.0111757 0.012922 0.0123884 0.00907605 0.0276666 0.00861368 0.0251525 0.0086794 0.0412207 0.0087593 0.00904479 0.0642542 0.0088163 0.0375273 0.00880228 0.0173298 0.00911444 0.0183247 0.00912299 0.0326196 0.00899297 0.0721304 0.00894878 0.017937 0.00904161 0.00842937 0.02342 0.00849558 0.0109047 0.00831536 0.019288 0.00836141 0.0102236 0.00837594 0.0158439 0.00867942 0.0223002 0.00898426 0.018565 0.00884047 0.0185062 0.00832264 0.00818708 0.00880972 0.00808311 0.00962432 0.00830212 0.00873921 
0.00951903 0.0164707 0.011886 0.00912009 0.0112909 0.0193906 0.011454 0.0654506 0.00872585 0.00988322 0.015433 0.00877196 0.0594946 0.00920816 0.144389 0.00966477 0.011518 0.0101561 0.00883344 0.014636 0.0129828 0.00873979 0.0111605 0.0111757 0.00881072 0.010748 0.0106734 0.0132887 0.0145972 0.0384158 0.0104638 0.0473385 0.00793556 0.00549403 0.00387175 0.00372878 0 0.00372018 0.00387664 0.00371546 0.00390345 0.00581966 0.00575392 0.0105455 0.00901543 0.855164 0.0088951 0.010482 0.009273 0.00941711 0.0127711 0.0086414 0.0459306 0.0085758 0.0603221 0.00891574 0.0117551 0.0216158 0.0087876 0.0972347 0.0088564 0.0474171 0.00870042 0.0154542 0.00908304 0.0529751 0.00956244 0.113464 0.00925598 0.0339986 0.00857373 0.008556 0.0178565 0.00848861 0.01392 0.0082311 0.0199756 0.00844157 0.0116975 0.008151 0.0192207 0.008357 0.0335531 0.00959731 0.0303939 0.00956846 0.0310029 0.00869031 0.00908424 0.00870403 0.00823558 0.00892139 0.00835799 0.0107208 0.00851296 
0.0103893 0.013498 0.01231 0.00975328 0.012321 0.012134 0.0948464 0.00968191 0.0152606 0.0086121 0.00888776 0.0349803 0.00916154 0.187611 0.0104294 0.0189052 0.0091452 0.00947584 0.0102515 0.00859688 0.00887092 0.0120402 0.010403 0.0101809 0.0111537 0.00871806 0.012002 0.0110209 0.0642846 0.0127969 0.0631935 0.00897615 0.0301719 0.00433431 0.00371413 0.00381272 0.00372018 0 0.00369087 0.00373122 0.00373839 0.00489018 0.00688091 0.00793723 0.878844 0.0118612 0.00935381 0.00708048 0.00956471 0.0101378 0.00883754 0.0255241 0.0089055 0.0780822 0.00896905 0.0181898 0.00895709 0.00897017 0.0573318 0.00895243 0.152711 0.00887813 0.0111299 0.00914489 0.0239731 0.0101912 0.125383 0.00991009 0.0812311 0.00907599 0.0134038 0.0103665 0.00852521 0.0188597 0.00839747 0.0115824 0.00860697 0.0167208 0.00836205 0.0113952 0.00845936 0.031902 0.00936999 0.0365066 0.0100848 0.0320627 0.00964605 0.0130491 0.00845498 0.00839025 0.00839772 0.00833059 0.0101009 0.00848781 0.0101943 
0.00944256 0.0183863 0.0135222 0.00910539 0.0104512 0.0635235 0.0145003 0.0370329 0.00917796 0.00932851 0.0132524 0.00893114 0.18365 0.00975144 0.0406308 0.0104232 0.0114496 0.00952412 0.00901516 0.0149272 0.0116334 0.00947673 0.0124694 0.00956016 0.00897713 0.00996458 0.011083 0.0230203 0.0267761 0.0721528 0.0107927 0.0269684 0.00863481 0.00636559 0.00402045 0.00366858 0.00387664 0.00369087 0 0.00369361 0.00372059 0.00588204 0.00777403 0.867805 0.00957211 0.00814759 0.00692371 0.00808037 0.00962527 0.00957283 0.0137234 0.00904287 0.0690285 0.00876255 0.0402166 0.00898161 0.0108329 0.0198367 0.00911225 0.118675 0.00913347 0.0253312 0.00879805 0.0167202 0.00951755 0.113548 0.0112226 0.0915139 0.00973609 0.0249675 0.00874481 0.00846385 0.0139655 0.00860027 0.011468 0.00835327 0.0172922 0.00855469 0.0100637 0.00817818 0.0185587 0.00892055 0.0390304 0.0106357 0.0418647 0.0107797 0.0216053 0.00904206 0.00865371 0.008616 0.00819165 0.00853296 0.0083134 0.00993914 0.00869855 
