1ES2A
KPTIAAVGGYAMNNGTGTTLYTKAADTRRSTGSTTKIMTAKVVLAQSNLNLDAKVTIQKAYSDYVVANNASQAHLIVGDKVTVRQLLYGLMLPAGCDAAYALADKYGSGSTRAARVKSFIGKMNTAATNLGLHNTHFDSFDGIGNGANYSTPRDLTKIASSAMKNSTFRTVVKTKAYTAKTVTKTGSIRTMDTWKNTNGLLSSYSGAIGVKTGSGPEAKYCLVFAATRGGKTVIGTVLASTSIPARESDATKIMNYGFAL
CCCCCCCEEEEEECCCCCEEEEECCCCCECCHHHHHHHHHHHHHCCCCCCCCCEEECCHHHHHHHHHCCCCCCCCCCCCEEEHHHHHHHHHCCCCHHHHHHHHHHHCCCCCHHHHHHHHHHHHHHHHHHCCCCCCECCCCCCCCCCCCEECHHHHHHHHHHHCCCHHHHHHHCCCEECCEEECCCCCEEECCCEECCCCHHHHCCCEEEEEEEEECCCEEEEEEEEEECCEEEEEEEEEECCHHHHHHHHHHHHHHHHHC
0 0 0 0 0 0 0 0 0 0 0 0 0 0 0 0 0 0 0 0 0 0 0 0 0 0 0 0 0 0 0 0 0 0 0 0 0 0 0 0 0 0 0 0 0 0 0 0 0 0 0 0 0 0 0 0 0 0 0 0 0 0 0 0 0 0 0 0 0 0 0 0 0 0 0 0 0 0 0 0 0 0 0 0 0 0 0 0 0 0 0 0 0 0 0 0 0 0 0 0 0 0 0 0 0 0 0 0 0 0 0 0 0 0 0 0 0 0 0 0 0 0 0 0 0 0 0 0 0 0 0 0 0 0 0 0 0 0 0 0 0 0 0 0 0 0 0 0 0 0 0 0 0 0 0 0 0 0 0 0 0 0 0 0 0 0 0 0 0 0 0 0 0 0 0 0 0 0 0 0 0 0 0 0 0 0 0 0 0 0 0 0 0 0 0 0 0 0 0 0 0 0 0 0 0 0 0 0 0 0 0 0 0 0 0 0 0 0 0 0 0 0 0 0 0 0 0 0 0 0 0 0 0 0 0 0 0 0 0 0 0 0 0 0 0 0 0 0 0 0 0 0 0 0 0 0 0 0 0 0 
0 0 0 0 0 0 0 0 0 0 0 0 0 0 0 0 0 0 0 0 0 0 0 0 0 0 0 0 0 0 0 0 0 0 0 0 0 0 0 0 0 0 0 0 0 0 0 0 0 0 0 0 0 0 0 0 0 0 0 0 0 0 0 0 0 0 0 0 0 0 0 0 0 0 0 0 0 0 0 0 0 0 0 0 0 0 0 0 0 0 0 0 0 0 0 0 0 0 0 0 0 0 0 0 0 0 0 0 0 0 0 0 0 0 0 0 0 0 0 0 0 0 0 0 0 0 0 0 0 0 0 0 0 0 0 0 0 0 0 0 0 0 0 0 0 0 0 0 0 0 0 0 0 0 0 0 0 0 0 0 0 0 0 0 0 0 0 0 0 0 0 0 0 0 0 0 0 0 0 0 0 0 0 0 0 0 0 0 0 0 0 0 0 0 0 0 0 0 0 0 0 0 0 0 0 0 0 0 0 0 0 0 0 0 0 0 0 0 0 0 0 0 0 0 0 0 0 0 0 0 0 0 0 0 0 0 0 0 0 0 0 0 0 0 0 0 0 0 0 0 0 0 0 0 0 0 0 0 0 0 
0 0.00378879 0.0037734 0.00374348 0.00375852 0.00477443 0.0144699 0.0079271 0.00870002 0.0110094 0.109383 0.0404211 0.0190549 0.0125499 0.0147962 0.00976712 0.0100992 0.0144943 0.00836852 0.0080141 0.00852846 0.00803801 0.0084298 0.00820098 0.00820917 0.00837748 0.00825451 0.00800254 0.00831563 0.00807196 0.0080546 0.00842177 0.00824727 0.008291 0.00837301 0.0082429 0.00819164 0.00818986 0.00808218 0.00812422 0.00806009 0.00820812 0.00828255 0.00831561 0.00835185 0.00845653 0.00843363 0.00831132 0.00813086 0.00821002 0.00821457 0.00828444 0.00834212 0.00843482 0.00846491 0.00842574 0.00840482 0.00839858 0.0083134 0.00862935 
0.00378879 0 0.0036909 0.00368764 0.00391583 0.0037702 0.00724694 0.00810821 0.00950308 0.0868534 0.649764 0.00949376 0.0116453 0.0236355 0.0114444 0.00983678 0.0133495 0.0104485 0.00810365 0.00820266 0.00819551 0.00819327 0.0081741 0.00825606 0.00866468 0.00820562 0.00817126 0.00845298 0.00822221 0.00839884 0.00816607 0.00826437 0.00845872 0.00856564 0.00852543 0.00845089 0.00838823 0.00825536 0.00821243 0.00809985 0.00807908 0.00831998 0.00835164 0.00850311 0.00858024 0.00855451 0.00846853 0.00838526 0.00826957 0.00816891 0.00824911 0.0083208 0.00854321 0.00873803 0.00856317 0.00854744 0.00845207 0.00857363 0.0084567 0.00843048 
0.0037734 0.0036909 0 0.00370949 0.00368941 0.00371021 0.00707166 0.0082687 0.0589299 0.699282 0.0119048 0.00817391 0.0122444 0.0113188 0.0111463 0.0107529 0.0096123 0.0101491 0.00806127 0.00809892 0.0082425 0.00810743 0.00813217 0.00826769 0.00845528 0.00825289 0.0081216 0.00819578 0.0080974 0.00808748 0.0080737 0.00819137 0.00855094 0.00899073 0.00874994 0.00863031 0.00846933 0.00837839 0.00817329 0.00809582 0.00808202 0.00831646 0.00848697 0.00910584 0.00902787 0.00879226 0.00861303 0.00845781 0.00820918 0.00817737 0.00809959 0.00834963 0.00900059 0.00905218 0.0088505 0.00879642 0.00880684 0.00896449 0.00858206 0.00839366 
0.00374348 0.00368764 0.00370949 0 0.00369725 0.0036889 0.00924931 0.076685 0.70423 0.0148774 0.00752732 0.00763829 0.0115743 0.0121036 0.0103013 0.00970607 0.0100276 0.010131 0.00803107 0.00815937 0.00817945 0.00810197 0.00814918 0.0082184 0.00846978 0.00816224 0.00805937 0.0081745 0.00808343 0.00814349 0.00808986 0.00827067 0.00845458 0.00920448 0.00897769 0.00862019 0.00845679 0.00840191 0.00813327 0.00813152 0.00810017 0.00833715 0.00845405 0.00873662 0.00916829 0.00889719 0.00859833 0.00840735 0.0082207 0.0082507 0.00813993 0.0083526 0.00894901 0.00901937 0.00882341 0.00883929 0.00879933 0.00897028 0.00852075 0.00838186 
0.00375852 0.00391583 0.00368941 0.00369725 0 0.00374064 0.584427 0.201295 0.0130667 0.00988191 0.006936 0.00785046 0.0112119 0.0166723 0.0103128 0.00970398 0.0130378 0.0097673 0.00810886 0.00809483 0.00827406 0.00801264 0.008167 0.00814702 0.00826506 0.00810081 0.00807684 0.00812409 0.00808708 0.0080604 0.00809763 0.00816324 0.00828609 0.00860298 0.00839343 0.00838331 0.00827294 0.00824796 0.00806894 0.00806284 0.00806344 0.00821 0.00825025 0.00844235 0.00844297 0.00850405 0.00836937 0.00828051 0.00811006 0.00810106 0.00815341 0.00831471 0.0084626 0.00858077 0.00865158 0.0085047 0.00847695 0.00863859 0.00838068 0.00820334 
0.00477443 0.0037702 0.00371021 0.0036889 0.00374064 0 0.140982 0.0136791 0.00492174 0.00527748 0.00734532 0.00841142 0.0151653 0.0100375 0.0129 0.0114977 0.00933559 0.0121008 0.00857503 0.00827237 0.00828271 0.00814783 0.00819074 0.00828223 0.00810906 0.00821477 0.00832949 0.00800189 0.0080428 0.00810523 0.00801676 0.00822543 0.00804782 0.00817667 0.00816159 0.00808781 0.00805847 0.00805978 0.00798893 0.00807143 0.00809591 0.00802216 0.00808926 0.00814776 0.00819414 0.00820541 0.00812577 0.00811518 0.00800293 0.00807611 0.00836122 0.00823345 0.00822533 0.0082318 0.00835855 0.008316 0.00823066 0.00818801 0.00810667 0.00828704 
0.0144699 0.00724694 0.00707166 0.00924931 0.584427 0.140982 0 0.0038462 0.00371199 0.00413563 0.00469227 0.00899098 0.07325 0.0114668 0.0445739 0.0138452 0.0095854 0.0226511 0.00965755 0.00831311 0.00868642 0.00889499 0.00839964 0.00891879 0.0081666 0.00870246 0.00848938 0.00802208 0.00871455 0.00806405 0.00832513 0.00829608 0.00818237 0.00834792 0.00841069 0.00819967 0.00816747 0.00807398 0.00808056 0.00832291 0.00802513 0.00815886 0.00818362 0.00835421 0.0084016 0.00853025 0.00854637 0.00819676 0.00821252 0.00833015 0.00838412 0.00819603 0.00826211 0.00849808 0.00860522 0.00851572 0.00833945 0.00845213 0.00839674 0.00875694 
0.0079271 0.00810821 0.0082687 0.076685 0.201295 0.0136791 0.0038462 0 0.00371769 0.00377964 0.00378822 0.00651763 0.0115942 0.0505731 0.0106735 0.00915436 0.0150984 0.010051 0.00814569 0.00807946 0.00818226 0.00817755 0.00816665 0.00806571 0.00850523 0.00811838 0.00805585 0.0082824 0.00811822 0.00828913 0.00811729 0.00817146 0.00827543 0.00842927 0.00836316 0.00831593 0.00830197 0.00818797 0.00820082 0.00807867 0.00807766 0.00820004 0.00828351 0.00840239 0.0083043 0.00842387 0.00838398 0.00834129 0.00824383 0.00817093 0.00811375 0.00828689 0.00846835 0.00861266 0.00852282 0.00852367 0.00846867 0.00850124 0.00846175 0.00834781 
0.00870002 0.00950308 0.0589299 0.70423 0.0130667 0.00492174 0.00371199 0.00371769 0 0.0037354 0.00373604 0.00502615 0.0142351 0.0111168 0.0116732 0.00961433 0.00901762 0.00964898 0.00801362 0.00802081 0.00824978 0.00810781 0.00814012 0.00818264 0.00825142 0.00819601 0.00803721 0.00813843 0.00811348 0.00807801 0.00801265 0.00809264 0.00826645 0.00848185 0.00838511 0.00828781 0.00825694 0.00821924 0.00806905 0.00807391 0.00802581 0.00826278 0.00824621 0.0083427 0.0084393 0.0084246 0.00832776 0.00832305 0.0081393 0.00815389 0.00802515 0.0082644 0.00852358 0.00864055 0.00852032 0.00847299 0.0085181 0.00851798 0.0082948 0.00832255 
0.0110094 0.0868534 0.699282 0.0148774 0.00988191 0.00527748 0.00413563 0.00377964 0.0037354 0 0.00383277 0.0076725 0.0158255 0.0153583 0.0121554 0.0107266 0.010265 0.0101404 0.00830056 0.00830697 0.00827321 0.00807356 0.00810546 0.00820148 0.00832865 0.00807107 0.00820475 0.0081513 0.00808045 0.00809332 0.00819263 0.00813022 0.00823453 0.00833082 0.00823656 0.00816796 0.00815115 0.00808491 0.00801041 0.00808064 0.00804257 0.00814968 0.00823837 0.00832025 0.00820963 0.00824995 0.00818157 0.00817968 0.00810399 0.00808323 0.00826681 0.00843247 0.00835905 0.00832972 0.00836818 0.00836014 0.00836933 0.00830229 0.00825156 0.00809039 
0.109383 0.649764 0.0119048 0.00752732 0.006936 0.00734532 0.00469227 0.00378822 0.00373604 0.00383277 0 0.0730477 0.0168943 0.0132349 0.0134485 0.011547 0.0092352 0.00965743 0.00868122 0.00833766 0.00822367 0.00818631 0.00836075 0.00838626 0.00807199 0.00807893 0.00852456 0.00799507 0.00803885 0.00827071 0.00802829 0.00834377 0.00807976 0.00814918 0.00816638 0.00810805 0.0080351 0.00804261 0.00801907 0.00801148 0.00816638 0.00805383 0.00808364 0.00814034 0.00811518 0.00808409 0.00808769 0.00820458 0.0080311 0.00806589 0.0084561 0.00817359 0.0081731 0.00815267 0.0082544 0.00821496 0.00822996 0.00820228 0.00811074 0.00815983 
0.0404211 0.00949376 0.00817391 0.00763829 0.00785046 0.00841142 0.00899098 0.00651763 0.00502615 0.0076725 0.0730477 0 0.0188956 0.0155818 0.0321285 0.011095 0.0118945 0.0132427 0.0130554 0.00859062 0.00873757 0.009055 0.00853525 0.00843597 0.00801701 0.00846107 0.00880338 0.00797065 0.00839395 0.00864892 0.00820167 0.00843539 0.00803064 0.00796445 0.00802278 0.00801303 0.00798887 0.00794911 0.00800206 0.00821062 0.00826613 0.00801587 0.00801661 0.008047 0.00796551 0.00799898 0.00803873 0.00803708 0.0080311 0.00827803 0.00839549 0.00812802 0.00804192 0.00807941 0.00806489 0.00805529 0.00805619 0.00801718 0.00808431 0.00852675 
0.0190549 0.0116453 0.0122444 0.0115743 0.0112119 0.0151653 0.07325 0.0115942 0.0142351 0.0158255 0.0168943 0.0188956 0 0.0040249 0.00583695 0.186006 0.0110053 0.480599 0.0123063 0.00926823 0.00953554 0.0102415 0.00841958 0.0106909 0.00841729 0.00914884 0.00934616 0.00809602 0.00981767 0.00820917 0.00912299 0.00845623 0.00823323 0.008394 0.00823701 0.00833602 0.00833116 0.00807091 0.00832989 0.00842073 0.00862569 0.00812654 0.00826281 0.008311 0.00836265 0.0083708 0.00858317 0.00814579 0.00847688 0.00840249 0.00901913 0.00844186 0.00840646 0.00853974 0.00875967 0.00845737 0.00839639 0.00834626 0.00845098 0.00891163 
0.0125499 0.0236355 0.0113188 0.0121036 0.0166723 0.0100375 0.0114668 0.0505731 0.0111168 0.0153583 0.0132349 0.0155818 0.0040249 0 0.00372334 0.0105716 0.866626 0.00958165 0.00859371 0.00855049 0.00978158 0.00811764 0.0121612 0.00808072 0.00945918 0.00841288 0.00860793 0.0093643 0.00805934 0.00941913 0.00813066 0.00877182 0.00842914 0.00852391 0.00882611 0.00842152 0.00839219 0.00857221 0.00810725 0.00814199 0.00797607 0.00836775 0.00838709 0.00864243 0.00867465 0.00883903 0.00847267 0.00881306 0.00827288 0.00834993 0.00805995 0.00864311 0.00880213 0.00894674 0.00879894 0.00890973 0.008783 0.008711 0.00849084 0.00860936 
0.0147962 0.0114444 0.0111463 0.0103013 0.0103128 0.0129 0.0445739 0.0106735 0.0116732 0.0121554 0.0134485 0.0321285 0.00583695 0.00372334 0 0.543404 0.00987838 0.152364 0.014835 0.0103518 0.00900428 0.0108299 0.00826737 0.011042 0.00835634 0.00879169 0.00953631 0.00819617 0.00935057 0.00839634 0.00906931 0.00904066 0.00836698 0.00846788 0.00830513 0.00832007 0.008223 0.00809493 0.00830779 0.00817119 0.00871642 0.00822335 0.00830508 0.00838594 0.0084045 0.00837804 0.00849487 0.00818304 0.00825152 0.00813704 0.00903295 0.00867253 0.00862196 0.00860471 0.00889312 0.00857133 0.00847818 0.00841586 0.00832478 0.00819772 
0.00976712 0.00983678 0.0107529 0.00970607 0.00970398 0.0114977 0.0138452 0.00915436 0.00961433 0.0107266 0.011547 0.011095 0.186006 0.0105716 0.543404 0 0.0040726 0.00409218 0.0209125 0.00985195 0.0108435 0.00958342 0.00861488 0.0101564 0.0085487 0.0103574 0.00891661 0.00813045 0.00986576 0.00811377 0.00937514 0.00822544 0.00816497 0.00854112 0.00826388 0.00828399 0.00827793 0.00806602 0.00828858 0.00827593 0.00835235 0.00807656 0.00818531 0.00830616 0.00838742 0.00840417 0.0086055 0.00810584 0.00847347 0.00838172 0.00853705 0.00814513 0.00837332 0.00850022 0.00899927 0.00849327 0.00832136 0.00840062 0.00835675 0.00890809 
0.0100992 0.0133495 0.0096123 0.0100276 0.0130378 0.00933559 0.0095854 0.0150984 0.00901762 0.010265 0.0092352 0.0118945 0.0110053 0.866626 0.00987838 0.0040726 0 0.00371559 0.0105641 0.0100948 0.0113032 0.00855823 0.011236 0.00839008 0.0114871 0.00842063 0.00859807 0.00899263 0.00807973 0.00921898 0.00815404 0.00848929 0.00849728 0.00859352 0.00872686 0.00841922 0.00836953 0.00845214 0.00823499 0.00804904 0.00803632 0.00837492 0.00828931 0.00845163 0.0085977 0.0087431 0.00842382 0.00856376 0.00824318 0.00810451 0.00811119 0.00840775 0.00861965 0.00865762 0.00877135 0.00873887 0.0087765 0.00860735 0.00850691 0.00834557 
0.0144943 0.0104485 0.0101491 0.010131 0.0097673 0.0121008 0.0226511 0.010051 0.00964898 0.0101404 0.00965743 0.0132427 0.480599 0.00958165 0.152364 0.00409218 0.00371559 0 0.0243253 0.0151297 0.0141142 0.0130065 0.00861413 0.0155922 0.00889074 0.0096151 0.0110645 0.00844117 0.0094083 0.00889835 0.00963436 0.010689 0.00856381 0.00856711 0.00860757 0.00842331 0.00869039 0.00826031 0.00874509 0.00828925 0.00983257 0.00848066 0.0083459 0.008511 0.00879038 0.00871038 0.00887778 0.00828662 0.00854564 0.00822367 0.00937024 0.008768 0.00850539 0.00881333 0.00903299 0.00876365 0.00884849 0.00854242 0.00859032 0.00847443 
0.00836852 0.00810365 0.00806127 0.00803107 0.00810886 0.00857503 0.00965755 0.00814569 0.00801362 0.00830056 0.00868122 0.0130554 0.0123063 0.00859371 0.014835 0.0209125 0.0105641 0.0243253 0 0.429973 0.0229409 0.019565 0.0126081 0.0169471 0.0102722 0.0139142 0.0115611 0.00897882 0.0133217 0.0106336 0.0121394 0.010081 0.00832627 0.00842655 0.00831626 0.00829186 0.00854362 0.00812611 0.00862349 0.00917326 0.00963699 0.0081792 0.00814995 0.0081932 0.00836396 0.00841261 0.0084186 0.00811292 0.00833232 0.00906849 0.00990329 0.00846845 0.00825886 0.00849628 0.00838783 0.00843483 0.00822935 0.00829942 0.00867903 0.0104742 
0.0080141 0.00820266 0.00809892 0.00815937 0.00809483 0.00827237 0.00831311 0.00807946 0.00802081 0.00830697 0.00833766 0.00859062 0.00926823 0.00855049 0.0103518 0.00985195 0.0100948 0.0151297 0.429973 0 0.00560385 0.0247814 0.0504413 0.0121128 0.0167535 0.0152561 0.0101659 0.00981735 0.0137214 0.00924359 0.019482 0.00865268 0.00876853 0.00858772 0.00858353 0.00848068 0.00853622 0.0083229 0.00893085 0.00896138 0.00834417 0.00848626 0.00822678 0.00851319 0.00845689 0.00863658 0.00850139 0.00827013 0.00868868 0.00903574 0.00844159 0.00858071 0.00828888 0.00855179 0.00853396 0.00850812 0.00841621 0.00856257 0.00920133 0.00984938 
0.00852846 0.00819551 0.0082425 0.00817945 0.00827406 0.00828271 0.00868642 0.00818226 0.00824978 0.00827321 0.00822367 0.00873757 0.00953554 0.00978158 0.00900428 0.0108435 0.0113032 0.0141142 0.0229409 0.00560385 0 0.0324896 0.0229583 0.0148907 0.0152067 0.0225168 0.0141157 0.0101733 0.00955093 0.0234912 0.00939207 0.0152947 0.00906522 0.00947248 0.00901507 0.00875003 0.00898653 0.00870716 0.00870575 0.00842175 0.0111332 0.00905249 0.00857059 0.00896663 0.00914318 0.00892962 0.00902871 0.00873193 0.00860383 0.00854263 0.0106695 0.00885469 0.00870929 0.00881406 0.00902167 0.00867927 0.00871815 0.00892097 0.00962126 0.00954774 
0.00803801 0.00819327 0.00810743 0.00810197 0.00801264 0.00814783 0.00889499 0.00817755 0.00810781 0.00807356 0.00818631 0.009055 0.0102415 0.00811764 0.0108299 0.00958342 0.00855823 0.0130065 0.019565 0.0247814 0.0324896 0 0.00665659 0.00581164 0.0234597 0.0309568 0.0111679 0.00945298 0.019053 0.0102794 0.30889 0.0107213 0.0105435 0.00955713 0.00947064 0.00948551 0.0100928 0.00872423 0.00952962 0.0105986 0.0100448 0.00977825 0.00929116 0.00944099 0.00965485 0.00962489 0.0097841 0.00872206 0.00920495 0.00950448 0.0103417 0.0131735 0.0103197 0.0100938 0.0112835 0.00981996 0.00968448 0.00987793 0.00968378 0.0105703 
0.0084298 0.0081741 0.00813217 0.00814918 0.008167 0.00819074 0.00839964 0.00816665 0.00814012 0.00810546 0.00836075 0.00853525 0.00841958 0.0121612 0.00826737 0.00861488 0.011236 0.00861413 0.0126081 0.0504413 0.0229583 0.00665659 0 0.00999682 0.0229091 0.00427792 0.0142567 0.01445 0.00819729 0.242805 0.00874686 0.0143477 0.00970485 0.00919141 0.00967547 0.00879149 0.00883268 0.00985538 0.00916536 0.00937352 0.0109322 0.00926799 0.00897806 0.00919208 0.00890741 0.00955971 0.00872929 0.00932133 0.00871727 0.0095812 0.0105202 0.0104112 0.00901824 0.00890898 0.0093216 0.00896277 0.00893156 0.00901157 0.0104535 0.0109915 
0.00820098 0.00825606 0.00826769 0.0082184 0.00814702 0.00828223 0.00891879 0.00806571 0.00818264 0.00820148 0.00838626 0.00843597 0.0106909 0.00808072 0.011042 0.0101564 0.00839008 0.0155922 0.0169471 0.0121128 0.0148907 0.00581164 0.00999682 0 0.00383058 0.00382224 0.0146361 0.00748714 0.916225 0.00804078 0.0183562 0.0137161 0.0100035 0.0109439 0.0101194 0.00964375 0.0112578 0.00890048 0.0109627 0.0140391 0.0108321 0.00970768 0.0102769 0.0105336 0.0110981 0.0104639 0.0122792 0.00907508 0.0113219 0.0125767 0.0113011 0.0104749 0.01039 0.0108069 0.0129436 0.0110495 0.010971 0.0102036 0.0105958 0.0145939 
0.00820917 0.00866468 0.00845528 0.00846978 0.00826506 0.00810906 0.0081666 0.00850523 0.00825142 0.00832865 0.00807199 0.00801701 0.00841729 0.00945918 0.00835634 0.0085487 0.0114871 0.00889074 0.0102722 0.0167535 0.0152067 0.0234597 0.0229091 0.00383058 0 0.00383628 0.00630027 0.889296 0.00746655 0.0123237 0.00983619 0.0110813 0.0156174 0.0130331 0.0107402 0.00977902 0.00921428 0.010059 0.0108841 0.00868969 0.00962673 0.0118721 0.00936928 0.0117286 0.0112516 0.011684 0.00962284 0.00978628 0.00979559 0.00873472 0.00922516 0.0119287 0.010077 0.0126675 0.0127559 0.0133843 0.0116186 0.0108568 0.0179786 0.00971639 
0.00837748 0.00820562 0.00825289 0.00816224 0.00810081 0.00821477 0.00870246 0.00811838 0.00819601 0.00807107 0.00807893 0.00846107 0.00914884 0.00841288 0.00879169 0.0103574 0.00842063 0.0096151 0.0139142 0.0152561 0.0225168 0.0309568 0.00427792 0.00382224 0.00383628 0 0.829353 0.00668285 0.00999104 0.0128274 0.00904743 0.0221046 0.0114673 0.0102982 0.0108342 0.00952678 0.0101117 0.0095147 0.00915978 0.0098854 0.0152625 0.00941382 0.00957018 0.0104107 0.0109364 0.0104801 0.0103065 0.00953543 0.0088882 0.00942624 0.0160188 0.0107316 0.0102321 0.0106263 0.0122877 0.0104254 0.0110216 0.0112647 0.0104629 0.0115835 
0.00825451 0.00817126 0.0081216 0.00805937 0.00807684 0.00832949 0.00848938 0.00805585 0.00803721 0.00820475 0.00852456 0.00880338 0.00934616 0.00860793 0.00953631 0.00891661 0.00859807 0.0110645 0.0115611 0.0101659 0.0141157 0.0111679 0.0142567 0.0146361 0.00630027 0.829353 0 0.00447752 0.00407422 0.00741157 0.0543978 0.0112583 0.00914731 0.00953576 0.00953489 0.00936857 0.0109637 0.0090039 0.0108497 0.0177077 0.00968675 0.00908723 0.00935768 0.00929252 0.00940106 0.00956235 0.00981406 0.00939827 0.0102353 0.0146044 0.0104051 0.0100884 0.00947243 0.0100137 0.00951689 0.0102919 0.00945281 0.00924391 0.010359 0.0165432 
0.00800254 0.00845298 0.00819578 0.0081745 0.00812409 0.00800189 0.00802208 0.0082824 0.00813843 0.0081513 0.00799507 0.00797065 0.00809602 0.0093643 0.00819617 0.00813045 0.00899263 0.00844117 0.00897882 0.00981735 0.0101733 0.00945298 0.01445 0.00748714 0.889296 0.00668285 0.00447752 0 0.00372319 0.00994634 0.0178504 0.00871128 0.0106126 0.00947603 0.00996719 0.00970407 0.0085115 0.00864775 0.00946125 0.00879994 0.00873657 0.00964592 0.008721 0.00930154 0.00905259 0.00951587 0.00928412 0.00890636 0.00925509 0.00882476 0.00887135 0.0103672 0.00928178 0.00916218 0.00999755 0.00943399 0.00907999 0.00907607 0.0116637 0.00890775 
0.00831563 0.00822221 0.0080974 0.00808343 0.00808708 0.0080428 0.00871455 0.00811822 0.00811348 0.00808045 0.00803885 0.00839395 0.00981767 0.00805934 0.00935057 0.00986576 0.00807973 0.0094083 0.0133217 0.0137214 0.00955093 0.019053 0.00819729 0.916225 0.00746655 0.00999104 0.00407422 0.00372319 0 0.0584602 0.00463991 0.0164843 0.0114555 0.0105955 0.010309 0.0095739 0.00973341 0.00945904 0.00906556 0.00880254 0.0156236 0.0088054 0.0090089 0.00901783 0.00988237 0.00999914 0.0103766 0.00897784 0.00917509 0.00929583 0.0164419 0.00997307 0.00938362 0.00959647 0.0101919 0.0100082 0.00962922 0.00963679 0.0103336 0.0102238 
0.00807196 0.00839884 0.00808748 0.00814349 0.0080604 0.00810523 0.00806405 0.00828913 0.00807801 0.00809332 0.00827071 0.00864892 0.00820917 0.00941913 0.00839634 0.00811377 0.00921898 0.00889835 0.0106336 0.00924359 0.0234912 0.0102794 0.242805 0.00804078 0.0123237 0.0128274 0.00741157 0.00994634 0.0584602 0 0.00483415 0.00998441 0.0130908 0.0178679 0.00953835 0.0082686 0.00832132 0.00939103 0.00885157 0.0111348 0.00896983 0.00956934 0.00908469 0.00930072 0.00900013 0.00959878 0.00905804 0.00936481 0.00901391 0.0131666 0.00994344 0.0116344 0.0095439 0.00946087 0.00969378 0.00970507 0.00943685 0.00912863 0.0102334 0.0155105 
0.0080546 0.00816607 0.0080737 0.00808986 0.00809763 0.00801676 0.00832513 0.00811729 0.00801265 0.00819263 0.00802829 0.00820167 0.00912299 0.00813066 0.00906931 0.00937514 0.00815404 0.00963436 0.0121394 0.019482 0.00939207 0.30889 0.00874686 0.0183562 0.00983619 0.00904743 0.0543978 0.0178504 0.00463991 0.00483415 0 0.0309469 0.0237675 0.0087977 0.00848231 0.00939899 0.00993318 0.00798155 0.0103833 0.00799492 0.012167 0.00923876 0.00871641 0.00933235 0.00951034 0.00934391 0.0102023 0.00846586 0.0119365 0.00977915 0.013957 0.00987268 0.00928769 0.00935985 0.0101529 0.00927832 0.00928118 0.00898885 0.0113993 0.00939209 
0.00842177 0.00826437 0.00819137 0.00827067 0.00816324 0.00822543 0.00829608 0.00817146 0.00809264 0.00813022 0.00834377 0.00843539 0.00845623 0.00877182 0.00904066 0.00822544 0.00848929 0.010689 0.010081 0.00865268 0.0152947 0.0107213 0.0143477 0.0137161 0.0110813 0.0221046 0.0112583 0.00871128 0.0164843 0.00998441 0.0309469 0 0.00412101 0.00369649 0.00372642 0.00380354 0.00378737 0.00392288 0.00405106 0.0108699 0.00696668 0.00671747 0.00769417 0.00817882 0.00860615 0.00988461 0.00922534 0.0426646 0.197876 0.0355746 0.010458 0.0108339 0.0100821 0.0109038 0.0109872 0.0112461 0.0103397 0.0106267 0.0114095 0.0215641 
0.00824727 0.00845872 0.00855094 0.00845458 0.00828609 0.00804782 0.00818237 0.00827543 0.00826645 0.00823453 0.00807976 0.00803064 0.00823323 0.00842914 0.00836698 0.00816497 0.00849728 0.00856381 0.00832627 0.00876853 0.00906522 0.0105435 0.00970485 0.0100035 0.0156174 0.0114673 0.00914731 0.0106126 0.0114555 0.0130908 0.0237675 0.00412101 0 0.00375519 0.00369903 0.00374146 0.00374188 0.00380634 0.00443187 0.00499202 0.00577725 0.0074418 0.00748714 0.00930232 0.00983908 0.0123611 0.0184986 0.417844 0.0216842 0.0102071 0.0089908 0.0128996 0.0166538 0.0175201 0.0218193 0.0207705 0.0189832 0.0192156 0.0144815 0.0109039 
0.008291 0.00856564 0.00899073 0.00920448 0.00860298 0.00817667 0.00834792 0.00842927 0.00848185 0.00833082 0.00814918 0.00796445 0.008394 0.00852391 0.00846788 0.00854112 0.00859352 0.00856711 0.00842655 0.00858772 0.00947248 0.00955713 0.00919141 0.0109439 0.0130331 0.0102982 0.00953576 0.00947603 0.0105955 0.0178679 0.0087977 0.00369649 0.00375519 0 0.00369802 0.00370205 0.00371401 0.00377601 0.00377274 0.00393399 0.00608984 0.0068719 0.00883349 0.00960594 0.0152701 0.0270932 0.880255 0.0147577 0.00881248 0.00871435 0.00865702 0.011311 0.0158094 0.0315048 0.028573 0.0317191 0.0329117 0.0290592 0.0145069 0.0104112 
0.00837301 0.00852543 0.00874994 0.00897769 0.00839343 0.00816159 0.00841069 0.00836316 0.00838511 0.00823656 0.00816638 0.00802278 0.00823701 0.00882611 0.00830513 0.00826388 0.00872686 0.00860757 0.00831626 0.00858353 0.00901507 0.00947064 0.00967547 0.0101194 0.0107402 0.0108342 0.00953489 0.00996719 0.010309 0.00953835 0.00848231 0.00372642 0.00369903 0.00369802 0 0.00370793 0.00369556 0.00373499 0.00371668 0.00392194 0.00720344 0.00768395 0.0076913 0.0115013 0.0174124 0.9294 0.0143138 0.010236 0.00840125 0.00927775 0.00904324 0.010301 0.0178512 0.0222818 0.0315209 0.0315389 0.0281098 0.0295384 0.0161632 0.0116413 
0.0082429 0.00845089 0.00863031 0.00862019 0.00838331 0.00808781 0.00819967 0.00831593 0.00828781 0.00816796 0.00810805 0.00801303 0.00833602 0.00842152 0.00832007 0.00828399 0.00841922 0.00842331 0.00829186 0.00848068 0.00875003 0.00948551 0.00879149 0.00964375 0.00977902 0.00952678 0.00936857 0.00970407 0.0095739 0.0082686 0.00939899 0.00380354 0.00374146 0.00370205 0.00370793 0 0.00373534 0.00371216 0.00378162 0.00374367 0.00585633 0.00864744 0.00967027 0.0144823 0.9163 0.0188243 0.0104606 0.0088039 0.00969082 0.00847622 0.00849238 0.0104447 0.0151125 0.0250142 0.0264501 0.0250792 0.0239854 0.0228397 0.0136701 0.010261 
0.00819164 0.00838823 0.00846933 0.00845679 0.00827294 0.00805847 0.00816747 0.00830197 0.00825694 0.00815115 0.0080351 0.00798887 0.00833116 0.00839219 0.008223 0.00827793 0.00836953 0.00869039 0.00854362 0.00853622 0.00898653 0.0100928 0.00883268 0.0112578 0.00921428 0.0101117 0.0109637 0.0085115 0.00973341 0.00832132 0.00993318 0.00378737 0.00374188 0.00371401 0.00369556 0.00373534 0 0.00370008 0.00369021 0.0037279 0.00412687 0.00764712 0.00900134 0.940952 0.0156391 0.00898142 0.00896679 0.00837013 0.0101976 0.00775989 0.00884727 0.00953899 0.0118016 0.0173211 0.0182651 0.0184587 0.0236627 0.0172247 0.011087 0.00967423 
0.00818986 0.00825536 0.00837839 0.00840191 0.00824796 0.00805978 0.00807398 0.00818797 0.00821924 0.00808491 0.00804261 0.00794911 0.00807091 0.00857221 0.00809493 0.00806602 0.00845214 0.00826031 0.00812611 0.0083229 0.00870716 0.00872423 0.00985538 0.00890048 0.010059 0.0095147 0.0090039 0.00864775 0.00945904 0.00939103 0.00798155 0.00392288 0.00380634 0.00377601 0.00373499 0.00371216 0.00370008 0 0.00391293 0.00369967 0.00413396 0.00857223 0.9602 0.0197458 0.00755872 0.0089479 0.00757361 0.0142226 0.00748636 0.00754241 0.00803417 0.009335 0.0118393 0.0174952 0.0131533 0.0150858 0.0142932 0.0134284 0.00952683 0.0100358 
0.00808218 0.00821243 0.00817329 0.00813327 0.00806894 0.00798893 0.00808056 0.00820082 0.00806905 0.00801041 0.00801907 0.00800206 0.00832989 0.00810725 0.00830779 0.00828858 0.00823499 0.00874509 0.00862349 0.00893085 0.00870575 0.00952962 0.00916536 0.0109627 0.0108841 0.00915978 0.0108497 0.00946125 0.00906556 0.00885157 0.0103833 0.00405106 0.00443187 0.00377274 0.00371668 0.00378162 0.00369021 0.00391293 0 0.00487866 0.00479724 0.917924 0.00513164 0.00594599 0.00989457 0.00674943 0.00914235 0.00690047 0.00801852 0.0069356 0.00890065 0.0113006 0.0118634 0.00968013 0.0107231 0.0124415 0.0101602 0.00965309 0.0124668 0.00951677 
0.00812422 0.00809985 0.00809582 0.00813152 0.00806284 0.00807143 0.00832291 0.00807867 0.00807391 0.00808064 0.00801148 0.00821062 0.00842073 0.00814199 0.00817119 0.00827593 0.00804904 0.00828925 0.00917326 0.00896138 0.00842175 0.0105986 0.00937352 0.0140391 0.00868969 0.0098854 0.0177077 0.00879994 0.00880254 0.0111348 0.00799492 0.0108699 0.00499202 0.00393399 0.00392194 0.00374367 0.0037279 0.00369967 0.00487866 0 0.978114 0.00430548 0.00425058 0.00453881 0.00499113 0.00619728 0.00598904 0.00630145 0.00609006 0.00625531 0.0123297 0.00976872 0.00844618 0.0086335 0.00934429 0.00882487 0.0092889 0.00892755 0.00888589 0.00974091 
0.00806009 0.00807908 0.00808202 0.00810017 0.00806344 0.00809591 0.00802513 0.00807766 0.00802581 0.00804257 0.00816638 0.00826613 0.00862569 0.00797607 0.00871642 0.00835235 0.00803632 0.00983257 0.00963699 0.00834417 0.0111332 0.0100448 0.0109322 0.0108321 0.00962673 0.0152625 0.00968675 0.00873657 0.0156236 0.00896983 0.012167 0.00696668 0.00577725 0.00608984 0.00720344 0.00585633 0.00412687 0.00413396 0.00479724 0.978114 0 0.00375283 0.00372075 0.00374399 0.00375124 0.00397372 0.00392627 0.00417354 0.00450034 0.00778203 0.007156 0.00720869 0.00782577 0.00863255 0.00929574 0.00976194 0.00931107 0.00985725 0.0284772 0.503386 
0.00820812 0.00831998 0.00831646 0.00833715 0.00821 0.00802216 0.00815886 0.00820004 0.00826278 0.00814968 0.00805383 0.00801587 0.00812654 0.00836775 0.00822335 0.00807656 0.00837492 0.00848066 0.0081792 0.00848626 0.00905249 0.00977825 0.00926799 0.00970768 0.0118721 0.00941382 0.00908723 0.00964592 0.0088054 0.00956934 0.00923876 0.00671747 0.0074418 0.0068719 0.00768395 0.00864744 0.00764712 0.00857223 0.917924 0.00430548 0.00375283 0 0.00402326 0.00380391 0.00369961 0.0038086 0.00395866 0.00433583 0.00599777 0.00451678 0.00629339 0.00741707 0.00805651 0.00867072 0.0105664 0.0104003 0.0115422 0.0257484 0.557672 0.0341855 
0.00828255 0.00835164 0.00848697 0.00845405 0.00825025 0.00808926 0.00818362 0.00828351 0.00824621 0.00823837 0.00808364 0.00801661 0.00826281 0.00838709 0.00830508 0.00818531 0.00828931 0.0083459 0.00814995 0.00822678 0.00857059 0.00929116 0.00897806 0.0102769 0.00936928 0.00957018 0.00935768 0.008721 0.0090089 0.00908469 0.00871641 0.00769417 0.00748714 0.00883349 0.0076913 0.00967027 0.00900134 0.9602 0.00513164 0.00425058 0.00372075 0.00402326 0 0.00369634 0.00371554 0.00373405 0.00372812 0.00381948 0.00373683 0.00385964 0.00618065 0.00695814 0.00842421 0.00987706 0.00939816 0.0110778 0.0383813 0.569411 0.0397007 0.0102804 
0.00831561 0.00850311 0.00910584 0.00873662 0.00844235 0.00814776 0.00835421 0.00840239 0.0083427 0.00832025 0.00814034 0.008047 0.008311 0.00864243 0.00838594 0.00830616 0.00845163 0.008511 0.0081932 0.00851319 0.00896663 0.00944099 0.00919208 0.0105336 0.0117286 0.0104107 0.00929252 0.00930154 0.00901783 0.00930072 0.00933235 0.00817882 0.00930232 0.00960594 0.0115013 0.0144823 0.940952 0.0197458 0.00594599 0.00453881 0.00374399 0.00380391 0.00369634 0 0.00369929 0.00371067 0.00371033 0.00367176 0.00375991 0.00390127 0.00575095 0.00803354 0.00987102 0.00976827 0.0129798 0.0369621 0.866271 0.0546206 0.0184819 0.00967831 
0.00835185 0.00858024 0.00902787 0.00916829 0.00844297 0.00819414 0.0084016 0.0083043 0.0084393 0.00820963 0.00811518 0.00796551 0.00836265 0.00867465 0.0084045 0.00838742 0.0085977 0.00879038 0.00836396 0.00845689 0.00914318 0.00965485 0.00890741 0.0110981 0.0112516 0.0109364 0.00940106 0.00905259 0.00988237 0.00900013 0.00951034 0.00860615 0.00983908 0.0152701 0.0174124 0.9163 0.0156391 0.00755872 0.00989457 0.00499113 0.00375124 0.00369961 0.00371554 0.00369929 0 0.00370354 0.00370384 0.00369957 0.00372832 0.00376569 0.0052691 0.00696097 0.00910843 0.0120828 0.0203331 0.922196 0.0617783 0.0257424 0.0118553 0.0105502 
0.00845653 0.00855451 0.00879226 0.00889719 0.00850405 0.00820541 0.00853025 0.00842387 0.0084246 0.00824995 0.00808409 0.00799898 0.0083708 0.00883903 0.00837804 0.00840417 0.0087431 0.00871038 0.00841261 0.00863658 0.00892962 0.00962489 0.00955971 0.0104639 0.011684 0.0104801 0.00956235 0.00951587 0.00999914 0.00959878 0.00934391 0.00988461 0.0123611 0.0270932 0.9294 0.0188243 0.00898142 0.0089479 0.00674943 0.00619728 0.00397372 0.0038086 0.00373405 0.00371067 0.00370354 0 0.00371176 0.00370863 0.00372735 0.00375161 0.00489875 0.00767897 0.00928761 0.01825 0.945601 0.0604964 0.0225504 0.0144061 0.0145664 0.010581 
0.00843363 0.00846853 0.00861303 0.00859833 0.00836937 0.00812577 0.00854637 0.00838398 0.00832776 0.00818157 0.00808769 0.00803873 0.00858317 0.00847267 0.00849487 0.0086055 0.00842382 0.00887778 0.0084186 0.00850139 0.00902871 0.0097841 0.00872929 0.0122792 0.00962284 0.0103065 0.00981406 0.00928412 0.0103766 0.00905804 0.0102023 0.00922534 0.0184986 0.880255 0.0143138 0.0104606 0.00896679 0.00757361 0.00914235 0.00598904 0.00392627 0.00395866 0.00372812 0.00371033 0.00370384 0.00371176 0 0.00369863 0.00371032 0.00373832 0.00460395 0.00858697 0.0149369 0.943259 0.0453852 0.0146173 0.0111729 0.0119138 0.0108581 0.00924641 
0.00831132 0.00838526 0.00845781 0.00840735 0.00828051 0.00811518 0.00819676 0.00834129 0.00832305 0.00817968 0.00820458 0.00803708 0.00814579 0.00881306 0.00818304 0.00810584 0.00856376 0.00828662 0.00811292 0.00827013 0.00873193 0.00872206 0.00932133 0.00907508 0.00978628 0.00953543 0.00939827 0.00890636 0.00897784 0.00936481 0.00846586 0.0426646 0.417844 0.0147577 0.010236 0.0088039 0.00837013 0.0142226 0.00690047 0.00630145 0.00417354 0.00433583 0.00381948 0.00367176 0.00369957 0.00370863 0.00369863 0 0.00373883 0.00373683 0.00525906 0.0102648 0.946102 0.0220623 0.00899448 0.00800696 0.00955044 0.00883194 0.00864335 0.00915805 
0.00813086 0.00826957 0.00820918 0.0082207 0.00811006 0.00800293 0.00821252 0.00824383 0.0081393 0.00810399 0.0080311 0.0080311 0.00847688 0.00827288 0.00825152 0.00847347 0.00824318 0.00854564 0.00833232 0.00868868 0.00860383 0.00920495 0.00871727 0.0113219 0.00979559 0.0088882 0.0102353 0.00925509 0.00917509 0.00901391 0.0119365 0.197876 0.0216842 0.00881248 0.00840125 0.00969082 0.0101976 0.00748636 0.00801852 0.00609006 0.00450034 0.00599777 0.00373683 0.00375991 0.00372832 0.00372735 0.00371032 0.00373883 0 0.00381997 0.00738071 0.996263 0.00611745 0.00545454 0.00546067 0.00743393 0.00759077 0.00784372 0.00898606 0.00714389 
0.00821002 0.00816891 0.00817737 0.0082507 0.00810106 0.00807611 0.00833015 0.00817093 0.00815389 0.00808323 0.00806589 0.00827803 0.00840249 0.00834993 0.00813704 0.00838172 0.00810451 0.00822367 0.00906849 0.00903574 0.00854263 0.00950448 0.0095812 0.0125767 0.00873472 0.00942624 0.0146044 0.00882476 0.00929583 0.0131666 0.00977915 0.0355746 0.0102071 0.00871435 0.00927775 0.00847622 0.00775989 0.00754241 0.0069356 0.00625531 0.00778203 0.00451678 0.00385964 0.00390127 0.00376569 0.00375161 0.00373832 0.00373683 0.00381997 0 0.999421 0.00697944 0.00536433 0.00398023 0.00479461 0.00539763 0.00622018 0.00627007 0.00660781 0.00647893 
0.00821457 0.00824911 0.00809959 0.00813993 0.00815341 0.00836122 0.00838412 0.00811375 0.00802515 0.00826681 0.0084561 0.00839549 0.00901913 0.00805995 0.00903295 0.00853705 0.00811119 0.00937024 0.00990329 0.00844159 0.0106695 0.0103417 0.0105202 0.0113011 0.00922516 0.0160188 0.0104051 0.00887135 0.0164419 0.00994344 0.013957 0.010458 0.0089908 0.00865702 0.00904324 0.00849238 0.00884727 0.00803417 0.00890065 0.0123297 0.007156 0.00629339 0.00618065 0.00575095 0.0052691 0.00489875 0.00460395 0.00525906 0.00738071 0.999421 0 0.00391524 0.00370265 0.00370778 0.00374156 0.00392162 0.00401237 0.00431505 0.00474662 0.0153963 
0.00828444 0.0083208 0.00834963 0.0083526 0.00831471 0.00823345 0.00819603 0.00828689 0.0082644 0.00843247 0.00817359 0.00812802 0.00844186 0.00864311 0.00867253 0.00814513 0.00840775 0.008768 0.00846845 0.00858071 0.00885469 0.0131735 0.0104112 0.0104749 0.0119287 0.0107316 0.0100884 0.0103672 0.00997307 0.0116344 0.00987268 0.0108339 0.0128996 0.011311 0.010301 0.0104447 0.00953899 0.009335 0.0113006 0.00976872 0.00720869 0.00741707 0.00695814 0.00803354 0.00696097 0.00767897 0.00858697 0.0102648 0.996263 0.00697944 0.00391524 0 0.00375727 0.00369336 0.003713 0.00372684 0.00447122 0.00387958 0.00625105 0.00888286 
0.00834212 0.00854321 0.00900059 0.00894901 0.0084626 0.00822533 0.00826211 0.00846835 0.00852358 0.00835905 0.0081731 0.00804192 0.00840646 0.00880213 0.00862196 0.00837332 0.00861965 0.00850539 0.00825886 0.00828888 0.00870929 0.0103197 0.00901824 0.01039 0.010077 0.0102321 0.00947243 0.00928178 0.00938362 0.0095439 0.00928769 0.0100821 0.0166538 0.0158094 0.0178512 0.0151125 0.0118016 0.0118393 0.0118634 0.00844618 0.00782577 0.00805651 0.00842421 0.00987102 0.00910843 0.00928761 0.0149369 0.946102 0.00611745 0.00536433 0.00370265 0.00375727 0 0.00372602 0.0037049 0.00375205 0.00372055 0.00414227 0.00381507 0.00433335 
0.00843482 0.00873803 0.00905218 0.00901937 0.00858077 0.0082318 0.00849808 0.00861266 0.00864055 0.00832972 0.00815267 0.00807941 0.00853974 0.00894674 0.00860471 0.00850022 0.00865762 0.00881333 0.00849628 0.00855179 0.00881406 0.0100938 0.00890898 0.0108069 0.0126675 0.0106263 0.0100137 0.00916218 0.00959647 0.00946087 0.00935985 0.0109038 0.0175201 0.0315048 0.0222818 0.0250142 0.0173211 0.0174952 0.00968013 0.0086335 0.00863255 0.00867072 0.00987706 0.00976827 0.0120828 0.01825 0.943259 0.0220623 0.00545454 0.00398023 0.00370778 0.00369336 0.00372602 0 0.00371849 0.00375463 0.00391078 0.00379757 0.0038672 0.00409117 
0.00846491 0.00856317 0.0088505 0.00882341 0.00865158 0.00835855 0.00860522 0.00852282 0.00852032 0.00836818 0.0082544 0.00806489 0.00875967 0.00879894 0.00889312 0.00899927 0.00877135 0.00903299 0.00838783 0.00853396 0.00902167 0.0112835 0.0093216 0.0129436 0.0127559 0.0122877 0.00951689 0.00999755 0.0101919 0.00969378 0.0101529 0.0109872 0.0218193 0.028573 0.0315209 0.0264501 0.0182651 0.0131533 0.0107231 0.00934429 0.00929574 0.0105664 0.00939816 0.0129798 0.0203331 0.945601 0.0453852 0.00899448 0.00546067 0.00479461 0.00374156 0.003713 0.0037049 0.00371849 0 0.0038055 0.00371683 0.00375338 0.00371147 0.00398926 
0.00842574 0.00854744 0.00879642 0.00883929 0.0085047 0.008316 0.00851572 0.00852367 0.00847299 0.00836014 0.00821496 0.00805529 0.00845737 0.00890973 0.00857133 0.00849327 0.00873887 0.00876365 0.00843483 0.00850812 0.00867927 0.00981996 0.00896277 0.0110495 0.0133843 0.0104254 0.0102919 0.00943399 0.0100082 0.00970507 0.00927832 0.0112461 0.0207705 0.0317191 0.0315389 0.0250792 0.0184587 0.0150858 0.0124415 0.00882487 0.00976194 0.0104003 0.0110778 0.0369621 0.922196 0.0604964 0.0146173 0.00800696 0.00743393 0.00539763 0.00392162 0.00372684 0.00375205 0.00375463 0.0038055 0 0.00371505 0.00371929 0.00375031 0.00392454 
0.00840482 0.00845207 0.00880684 0.00879933 0.00847695 0.00823066 0.00833945 0.00846867 0.0085181 0.00836933 0.00822996 0.00805619 0.00839639 0.008783 0.00847818 0.00832136 0.0087765 0.00884849 0.00822935 0.00841621 0.00871815 0.00968448 0.00893156 0.010971 0.0116186 0.0110216 0.00945281 0.00907999 0.00962922 0.00943685 0.00928118 0.0103397 0.0189832 0.0329117 0.0281098 0.0239854 0.0236627 0.0142932 0.0101602 0.0092889 0.00931107 0.0115422 0.0383813 0.866271 0.0617783 0.0225504 0.0111729 0.00955044 0.00759077 0.00622018 0.00401237 0.00447122 0.00372055 0.00391078 0.00371683 0.00371505 0 0.00380445 0.00378243 0.00383928 
0.00839858 0.00857363 0.00896449 0.00897028 0.00863859 0.00818801 0.00845213 0.00850124 0.00851798 0.00830229 0.00820228 0.00801718 0.00834626 0.008711 0.00841586 0.00840062 0.00860735 0.00854242 0.00829942 0.00856257 0.00892097 0.00987793 0.00901157 0.0102036 0.0108568 0.0112647 0.00924391 0.00907607 0.00963679 0.00912863 0.00898885 0.0106267 0.0192156 0.0290592 0.0295384 0.0228397 0.0172247 0.0134284 0.00965309 0.00892755 0.00985725 0.0257484 0.569411 0.0546206 0.0257424 0.0144061 0.0119138 0.00883194 0.00784372 0.00627007 0.00431505 0.00387958 0.00414227 0.00379757 0.00375338 0.00371929 0.00380445 0 0.00374253 0.00373348 
0.0083134 0.0084567 0.00858206 0.00852075 0.00838068 0.00810667 0.00839674 0.00846175 0.0082948 0.00825156 0.00811074 0.00808431 0.00845098 0.00849084 0.00832478 0.00835675 0.00850691 0.00859032 0.00867903 0.00920133 0.00962126 0.00968378 0.0104535 0.0105958 0.0179786 0.0104629 0.010359 0.0116637 0.0103336 0.0102334 0.0113993 0.0114095 0.0144815 0.0145069 0.0161632 0.0136701 0.011087 0.00952683 0.0124668 0.00888589 0.0284772 0.557672 0.0397007 0.0184819 0.0118553 0.0145664 0.0108581 0.00864335 0.00898606 0.00660781 0.00474662 0.00625105 0.00381507 0.0038672 0.00371147 0.00375031 0.00378243 0.00374253 0 0.00377823 
0.00862935 0.00843048 0.00839366 0.00838186 0.00820334 0.00828704 0.00875694 0.00834781 0.00832255 0.00809039 0.00815983 0.00852675 0.00891163 0.00860936 0.00819772 0.00890809 0.00834557 0.00847443 0.0104742 0.00984938 0.00954774 0.0105703 0.0109915 0.0145939 0.00971639 0.0115835 0.0165432 0.00890775 0.0102238 0.0155105 0.00939209 0.0215641 0.0109039 0.0104112 0.0116413 0.010261 0.00967423 0.0100358 0.00951677 0.00974091 0.503386 0.0341855 0.0102804 0.00967831 0.0105502 0.010581 0.00924641 0.00915805 0.00714389 0.00647893 0.0153963 0.00888286 0.00433335 0.00409117 0.00398926 0.00392454 0.00383928 0.00373348 0.00377823 0 
