1EUAA
MKNWKTSAESILTTGPVVPVIVVKKLEHAVPMAKALVAGGVRVLEVTLRTECAVDAIRAIAKEVPEAIVGAGTVLNPQQLAEVTEAGAQFAISPGLTEPLLKAATEGTIPLIPGISTVSELMLGMDYGLKEFKFFPAEANGGVKALQAIAGPFSQVRFCPTGGISPANYRDYLALKSVLCIGGSWLVPADALEAGDYDRITKLAREAVEGAKL
CCCCCCCHHHHHHCCCEEEEECCCCHHHHHHHHHHHHHCCCCEEEEECCCCCHHHHHHHHHHHCCCCEEEEECCCCHHHHHHHHHHCCCCEEECCCCHHHHHHHHHCCCCEEEEECCHHHHHHHHHCCCCEEEECCHHHHCHHHHHHHHCCCCCCCEEEEECCCCCCCHHHHHCCCCECCEEECCCCCHHHHHCCCHHHHHHHHHHHHHHCCC
0 0 0 0 0 0 0 0 0 0 0 0 0 0 0 0 0 0 0 0 0 0 0 0 0 0 0 0 0 0 0 0 0 0 0 0 0 0 0 0 0 0 0 0 0 0 0 0 0 0 0 0 0 0 0 0 0 0 0 0 0 0 0 0 0 0 0 0 0 0 0 0 0 0 0 0 0 0 0 0 0 0 0 0 0 0 0 0 0 0 0 0 0 0 0 0 0 0 0 0 0 0 0 0 0 0 0 0 0 0 0 0 0 0 0 0 0 0 0 0 0 0 0 0 0 0 0 0 0 0 0 0 0 0 0 0 0 0 0 0 0 0 0 0 0 0 0 0 0 0 0 0 0 0 0 0 0 0 0 0 0 0 0 0 0 0 0 0 0 0 0 0 0 0 0 0 0 0 0 0 0 0 0 0 0 0 0 0 0 0 0 0 0 0 0 0 0 0 0 0 0 0 0 0 0 0 0 0 0 0 0 0 0 
0 0 0 0 0 0 0 0 0 0 0 0 0 0 0 0 0 0 0 0 0 0 0 0 0 0 0 0 0 0 0 0 0 0 0 0 0 0 0 0 0 0 0 0 0 0 0 0 0 0 0 0 0 0 0 0 0 0 0 0 0 0 0 0 0 0 0 0 0 0 0 0 0 0 0 0 0 0 0 0 0 0 0 0 0 0 0 0 0 0 0 0 0 0 0 0 0 0 0 0 0 0 0 0 0 0 0 0 0 0 0 0 0 0 0 0 0 0 0 0 0 0 0 0 0 0 0 0 0 0 0 0 0 0 0 0 0 0 0 0 0 0 0 0 0 0 0 0 0 0 0 0 0 0 0 0 0 0 0 0 0 0 0 0 0 0 0 0 0 0 0 0 0 0 0 0 0 0 0 0 0 0 0 0 0 0 0 0 0 0 0 0 0 0 0 0 0 0 0 0 0 0 0 0 0 0 0 0 0 0 0 0 0 
0 0.00398145 0.00378621 0.00383267 0.00513192 0.176215 0.0243045 0.0134001 0.0165865 0.0356075 0.0267427 0.0148084 0.0116932 0.0102419 0.018606 0.0125864 0.00987036 0.012702 0.0118046 0.00882659 0.00902635 0.00916298 0.0110745 0.00918926 0.00911423 0.00885127 0.0122482 0.00883012 0.00854696 0.00836078 0.00851655 0.00882571 0.00871062 0.00838113 0.00821395 0.00822898 
0.00398145 0 0.00378753 0.00379644 0.00386076 0.119989 0.119235 0.0316203 0.0359917 0.0115286 0.0163023 0.0404407 0.0240491 0.0190988 0.00988204 0.0123283 0.0152784 0.00904001 0.0122462 0.0147111 0.0107888 0.0156463 0.00883356 0.00877965 0.00973803 0.0101947 0.00903359 0.00845079 0.00939966 0.00877607 0.00869652 0.0083009 0.00811429 0.0082669 0.00853346 0.00809992 
0.00378621 0.00378753 0 0.00381361 0.00374072 0.0354768 0.181419 0.172555 0.0337244 0.0118242 0.0165533 0.0472379 0.0793537 0.02259 0.011722 0.0132924 0.0123432 0.0104059 0.0134134 0.0163427 0.02805 0.0219635 0.0104485 0.00980316 0.0115184 0.0118919 0.0112719 0.00921806 0.00981671 0.0106338 0.00932926 0.00871437 0.00817849 0.0086505 0.00878701 0.00846093 
0.00383267 0.00379644 0.00381361 0 0.00381788 0.0325863 0.0649758 0.263974 0.126848 0.0283826 0.019515 0.0369364 0.0325501 0.0634942 0.0179229 0.0139015 0.0237309 0.0131658 0.0136516 0.0164728 0.013666 0.0187082 0.0111088 0.0100634 0.0108796 0.0118596 0.0101723 0.0105857 0.0102263 0.00947056 0.00933241 0.00896563 0.00831016 0.00878514 0.00857107 0.00835634 
0.00513192 0.00386076 0.00374072 0.00381788 0 0.0454616 0.0277614 0.0258013 0.272838 0.14185 0.0269789 0.0163382 0.0155079 0.0196353 0.0276706 0.0181183 0.0124329 0.0127067 0.0194402 0.00980933 0.00991834 0.0131503 0.0137889 0.0108397 0.0094407 0.00966701 0.0107426 0.0124496 0.00962891 0.00884628 0.00853994 0.00897009 0.0090532 0.00894792 0.00826196 0.00850798 
0.176215 0.119989 0.0354768 0.0325863 0.0454616 0 0.00447757 0.00373119 0.00382561 0.00455471 0.581628 0.0180622 0.0186398 0.0125493 0.0351215 0.0267538 0.0131649 0.0189516 0.0211709 0.0118552 0.00993797 0.0110224 0.0180977 0.0121864 0.00985321 0.0104262 0.0133669 0.0102727 0.00932945 0.00939899 0.00856904 0.0099345 0.00948405 0.00869475 0.00822331 0.00853658 
0.0243045 0.119235 0.181419 0.0649758 0.0277614 0.00447757 0 0.00374226 0.00369382 0.003808 0.0478754 0.57219 0.0172756 0.045487 0.0129716 0.0133868 0.0296277 0.00986203 0.0167353 0.0186722 0.0171804 0.0200889 0.0100428 0.00985175 0.0170733 0.0117036 0.0133909 0.00862065 0.0125618 0.00918069 0.0110908 0.00861274 0.00824483 0.00843501 0.0091812 0.00833678 
0.0134001 0.0316203 0.172555 0.263974 0.0258013 0.00373119 0.00374226 0 0.00370518 0.00376398 0.0687599 0.0338815 0.663499 0.0183171 0.0168107 0.0225001 0.0119808 0.0205493 0.0124401 0.0249214 0.0357469 0.024854 0.0111062 0.0101031 0.0131661 0.0279947 0.00969385 0.0105892 0.0102329 0.0153826 0.00973584 0.00876232 0.00819154 0.00908693 0.00907955 0.0084674 
0.0165865 0.0359917 0.0337244 0.126848 0.272838 0.00382561 0.00369382 0.00370518 0 0.00378589 0.0195112 0.13723 0.0459976 0.664896 0.0274395 0.0131437 0.0535465 0.0112572 0.0146963 0.021671 0.0165137 0.0227346 0.0143021 0.0101199 0.0235297 0.0115213 0.0130368 0.00917269 0.0144838 0.0096805 0.0101724 0.00884189 0.00854543 0.00880556 0.00899746 0.00859868 
0.0356075 0.0115286 0.0118242 0.0283826 0.14185 0.00455471 0.003808 0.00376398 0.00378589 0 0.040821 0.0156871 0.090296 0.0323452 0.5604 0.0328245 0.0102715 0.0229381 0.0222461 0.00953321 0.00938428 0.0144497 0.0176842 0.0168609 0.00927348 0.0111691 0.0110279 0.0173741 0.00890566 0.00891344 0.00850686 0.0105828 0.00942356 0.0102022 0.00828556 0.00859909 
0.0267427 0.0163023 0.0165533 0.019515 0.0269789 0.581628 0.0478754 0.0687599 0.0195112 0.040821 0 0.00403677 0.00370543 0.00375854 0.00437377 0.177857 0.016374 0.0253224 0.030277 0.0126618 0.0118382 0.0135049 0.0212927 0.0155206 0.0113213 0.0129227 0.0176517 0.0116995 0.0107438 0.00933578 0.00909086 0.0117287 0.00939284 0.00898549 0.00872534 0.00876118 
0.0148084 0.0404407 0.0472379 0.0369364 0.0163382 0.0180622 0.57219 0.0338815 0.13723 0.0156871 0.00403677 0 0.003722 0.00372033 0.00382341 0.0576472 0.0793376 0.0130042 0.0301064 0.0278159 0.026915 0.0292467 0.0133678 0.0117029 0.0263784 0.0202374 0.0132159 0.00970928 0.0164042 0.0129039 0.0148125 0.00914013 0.00855375 0.00887762 0.00976466 0.00867304 
0.0116932 0.0240491 0.0793537 0.0325501 0.0155079 0.0186398 0.0172756 0.663499 0.0459976 0.090296 0.00370543 0.003722 0 0.00371099 0.00371065 0.107001 0.0310393 0.0353725 0.015175 0.0381138 0.0403027 0.0352965 0.01271 0.0116286 0.0197888 0.0310981 0.0134348 0.0103544 0.0163428 0.0244514 0.0115134 0.009467 0.00824046 0.00923751 0.00918412 0.00875278 
0.0102419 0.0190988 0.02259 0.0634942 0.0196353 0.0125493 0.045487 0.0183171 0.664896 0.0323452 0.00375854 0.00372033 0.00371099 0 0.00407122 0.0606999 0.299146 0.0326993 0.0168305 0.0213699 0.0207753 0.0660037 0.0260214 0.0112698 0.0166672 0.0281756 0.0171921 0.00973059 0.0135669 0.0105458 0.0139433 0.0107692 0.00849188 0.00883652 0.00947638 0.00880329 
0.018606 0.00988204 0.011722 0.0179229 0.0276706 0.0351215 0.0129716 0.0168107 0.0274395 0.5604 0.00437377 0.00382341 0.00371065 0.00407122 0 0.0277827 0.0344465 0.217322 0.0264677 0.0115573 0.0105843 0.0228273 0.0509621 0.0149769 0.0110115 0.0119506 0.0251884 0.0105772 0.00982867 0.00939778 0.00915262 0.0111736 0.00942025 0.0117187 0.00864296 0.00955172 
0.0125864 0.0123283 0.0132924 0.0139015 0.0181183 0.0267538 0.0133868 0.0225001 0.0131437 0.0328245 0.177857 0.0576472 0.107001 0.0606999 0.0277827 0 0.00374067 0.00384662 0.251067 0.0216802 0.0204683 0.0133982 0.0316433 0.0207232 0.0136192 0.0184501 0.020895 0.0168289 0.0120275 0.010403 0.00977881 0.0138616 0.0103252 0.010565 0.00924204 0.00936807 
0.00987036 0.0152784 0.0123432 0.0237309 0.0124329 0.0131649 0.0296277 0.0119808 0.0535465 0.0102715 0.016374 0.0793376 0.0310393 0.299146 0.0344465 0.00374067 0 0.00387627 0.0279948 0.243947 0.0208621 0.137956 0.0220885 0.0121395 0.030256 0.0199349 0.0172166 0.00996612 0.0216572 0.0100257 0.0171238 0.0096407 0.00904773 0.0100804 0.0118734 0.00914083 
0.012702 0.00904001 0.0104059 0.0131658 0.0127067 0.0189516 0.00986203 0.0205493 0.0112572 0.0229381 0.0253224 0.0130042 0.0353725 0.0326993 0.217322 0.00384662 0.00387627 0 0.025054 0.0121324 0.0583833 0.0431098 0.141576 0.0148531 0.010277 0.0160355 0.0173226 0.0174026 0.00998624 0.0106122 0.00934605 0.0149769 0.00977688 0.0118951 0.00920517 0.00894179 
0.0118046 0.0122462 0.0134134 0.0136516 0.0194402 0.0211709 0.0167353 0.0124401 0.0146963 0.0222461 0.030277 0.0301064 0.015175 0.0168305 0.0264677 0.251067 0.0279948 0.025054 0 0.00373112 0.00364534 0.00368922 0.00420489 0.032122 0.0339922 0.0145132 0.0536742 0.0308973 0.021872 0.0124179 0.0113694 0.0189278 0.0133287 0.0150409 0.00990537 0.0137057 
0.00882659 0.0147111 0.0163427 0.0164728 0.00980933 0.0118552 0.0186722 0.0249214 0.021671 0.00953321 0.0126618 0.0278159 0.0381138 0.0213699 0.0115573 0.0216802 0.243947 0.0121324 0.00373112 0 0.00370488 0.00369031 0.00373589 0.0418449 0.0235426 0.069086 0.0125536 0.0138951 0.0311951 0.0158133 0.0209941 0.00993565 0.00886156 0.00955778 0.0130593 0.00875648 
0.00902635 0.0107888 0.02805 0.013666 0.00991834 0.00993797 0.0171804 0.0357469 0.0165137 0.00938428 0.0118382 0.026915 0.0403027 0.0207753 0.0105843 0.0204683 0.0208621 0.0583833 0.00364534 0.00370488 0 0.00369933 0.00369296 0.014184 0.0990444 0.0211554 0.0185846 0.0108102 0.017665 0.0368906 0.0118615 0.00960173 0.00856931 0.0105893 0.00928712 0.0091171 
0.00916298 0.0156463 0.0219635 0.0187082 0.0131503 0.0110224 0.0200889 0.024854 0.0227346 0.0144497 0.0135049 0.0292467 0.0352965 0.0660037 0.0228273 0.0133982 0.137956 0.0431098 0.00368922 0.00369031 0.00369933 0 0.0040917 0.0301856 0.0245312 0.425355 0.0279542 0.0148834 0.0255232 0.0172748 0.0345761 0.0145733 0.00971034 0.0120502 0.0176537 0.00996933 
0.0110745 0.00883356 0.0104485 0.0111088 0.0137889 0.0180977 0.0100428 0.0111062 0.0143021 0.0176842 0.0212927 0.0133678 0.01271 0.0260214 0.0509621 0.0316433 0.0220885 0.141576 0.00420489 0.00373589 0.00369296 0.0040917 0 0.0334188 0.0500303 0.0436998 0.383103 0.0167203 0.0181242 0.0103675 0.013866 0.0251579 0.0144979 0.0151918 0.0103731 0.0128747 
0.00918926 0.00877965 0.00980316 0.0100634 0.0108397 0.0121864 0.00985175 0.0101031 0.0101199 0.0168609 0.0155206 0.0117029 0.0116286 0.0112698 0.0149769 0.0207232 0.0121395 0.0148531 0.032122 0.0418449 0.014184 0.0301856 0.0334188 0 0.00396712 0.00389506 0.00388805 0.605167 0.0167604 0.0149032 0.0131143 0.0246957 0.0155238 0.0151019 0.0101645 0.0133167 
0.00911423 0.00973803 0.0115184 0.0108796 0.0094407 0.00985321 0.0170733 0.0131661 0.0235297 0.00927348 0.0113213 0.0263784 0.0197888 0.0166672 0.0110115 0.0136192 0.030256 0.010277 0.0339922 0.0235426 0.0990444 0.0245312 0.0500303 0.00396712 0 0.00371217 0.0038002 0.0255981 0.658526 0.0239573 0.0657085 0.0114026 0.0116112 0.0117852 0.0179942 0.0100452 
0.00885127 0.0101947 0.0118919 0.0118596 0.00966701 0.0104262 0.0117036 0.0279947 0.0115213 0.0111691 0.0129227 0.0202374 0.0310981 0.0281756 0.0119506 0.0184501 0.0199349 0.0160355 0.0145132 0.069086 0.0211554 0.425355 0.0436998 0.00389506 0.00371217 0 0.00388087 0.0445922 0.0256559 0.525798 0.0393045 0.0388517 0.00992917 0.0334656 0.0246863 0.00961169 
0.0122482 0.00903359 0.0112719 0.0101723 0.0107426 0.0133669 0.0133909 0.00969385 0.0130368 0.0110279 0.0176517 0.0132159 0.0134348 0.0171921 0.0251884 0.020895 0.0172166 0.0173226 0.0536742 0.0125536 0.0185846 0.0279542 0.383103 0.00388805 0.0038002 0.00388087 0 0.0214525 0.0938485 0.0156397 0.310819 0.0666352 0.0242196 0.0259566 0.0122848 0.0186071 
0.00883012 0.00845079 0.00921806 0.0105857 0.0124496 0.0102727 0.00862065 0.0105892 0.00917269 0.0173741 0.0116995 0.00970928 0.0103544 0.00973059 0.0105772 0.0168289 0.00996612 0.0174026 0.0308973 0.0138951 0.0108102 0.0148834 0.0167203 0.605167 0.0255981 0.0445922 0.0214525 0 0.00385081 0.00370097 0.0037297 0.00483414 0.0270308 0.0309766 0.0127186 0.0130832 
0.00854696 0.00939966 0.00981671 0.0102263 0.00962891 0.00932945 0.0125618 0.0102329 0.0144838 0.00890566 0.0107438 0.0164042 0.0163428 0.0135669 0.00982867 0.0120275 0.0216572 0.00998624 0.021872 0.0311951 0.017665 0.0255232 0.0181242 0.0167604 0.658526 0.0256559 0.0938485 0.00385081 0 0.00371562 0.00371139 0.00372186 0.0312044 0.0265507 0.0341843 0.0131819 
0.00836078 0.00877607 0.0106338 0.00947056 0.00884628 0.00939899 0.00918069 0.0153826 0.0096805 0.00891344 0.00933578 0.0129039 0.0244514 0.0105458 0.00939778 0.010403 0.0100257 0.0106122 0.0124179 0.0158133 0.0368906 0.0172748 0.0103675 0.0149032 0.0239573 0.525798 0.0156397 0.00370097 0.00371562 0 0.00370508 0.00370867 0.00909742 0.0354393 0.0171251 0.0105104 
0.00851655 0.00869652 0.00932926 0.00933241 0.00853994 0.00856904 0.0110908 0.00973584 0.0101724 0.00850686 0.00909086 0.0148125 0.0115134 0.0139433 0.00915262 0.00977881 0.0171238 0.00934605 0.0113694 0.0209941 0.0118615 0.0345761 0.013866 0.0131143 0.0657085 0.0393045 0.310819 0.0037297 0.00371139 0.00370508 0 0.00369833 0.011027 0.0199289 0.100561 0.0142565 
0.00882571 0.0083009 0.00871437 0.00896563 0.00897009 0.0099345 0.00861274 0.00876232 0.00884189 0.0105828 0.0117287 0.00914013 0.009467 0.0107692 0.0111736 0.0138616 0.0096407 0.0149769 0.0189278 0.00993565 0.00960173 0.0145733 0.0251579 0.0246957 0.0114026 0.0388517 0.0666352 0.00483414 0.00372186 0.00370867 0.00369833 0 0.0432355 0.029046 0.0512388 0.0684839 
0.00871062 0.00811429 0.00817849 0.00831016 0.0090532 0.00948405 0.00824483 0.00819154 0.00854543 0.00942356 0.00939284 0.00855375 0.00824046 0.00849188 0.00942025 0.0103252 0.00904773 0.00977688 0.0133287 0.00886156 0.00856931 0.00971034 0.0144979 0.0155238 0.0116112 0.00992917 0.0242196 0.0270308 0.0312044 0.00909742 0.011027 0.0432355 0 0.0104745 0.00441433 0.00781812 
0.00838113 0.0082669 0.0086505 0.00878514 0.00894792 0.00869475 0.00843501 0.00908693 0.00880556 0.0102022 0.00898549 0.00887762 0.00923751 0.00883652 0.0117187 0.010565 0.0100804 0.0118951 0.0150409 0.00955778 0.0105893 0.0120502 0.0151918 0.0151019 0.0117852 0.0334656 0.0259566 0.0309766 0.0265507 0.0354393 0.0199289 0.029046 0.0104745 0 0.00438989 0.00373114 
0.00821395 0.00853346 0.00878701 0.00857107 0.00826196 0.00822331 0.0091812 0.00907955 0.00899746 0.00828556 0.00872534 0.00976466 0.00918412 0.00947638 0.00864296 0.00924204 0.0118734 0.00920517 0.00990537 0.0130593 0.00928712 0.0176537 0.0103731 0.0101645 0.0179942 0.0246863 0.0122848 0.0127186 0.0341843 0.0171251 0.100561 0.0512388 0.00441433 0.00438989 0 0.00397489 
0.00822898 0.00809992 0.00846093 0.00835634 0.00850798 0.00853658 0.00833678 0.0084674 0.00859868 0.00859909 0.00876118 0.00867304 0.00875278 0.00880329 0.00955172 0.00936807 0.00914083 0.00894179 0.0137057 0.00875648 0.0091171 0.00996933 0.0128747 0.0133167 0.0100452 0.00961169 0.0186071 0.0130832 0.0131819 0.0105104 0.0142565 0.0684839 0.00781812 0.00373114 0.00397489 0 
