1EX2A
MTKPLILASQSPRRKELLDLLQLPYSIIVSEVEEKLNRNFSPEENVQWLAKQKAKAVADLHPHAIVIGADTMVCLDGECLGKPQDQEEAASMLRRLSGRSHSVITAVSIQAENHSETFYDKTEVAFWSLSEEEIWTYIETKEPMDKAGAYGIQGRGALFVKKIDGDYYSVMGLPISKTMRALRHF
CCCCEEECCCCHHHHHHHHCCCCCCEECCCCCCCCCCCCCCHHHHHHHHHHHHHHHHHHHCCCCEEEEEEEEEEECCEEECCCCCHHHHHHHHHHHCCCEEEEEEEEEEEECCEEEEEEEEEEEEECCCCHHHHHHHHCCCCHHHCCCCCCCCHHHHHCEEEEECCHHHHHCCCHHHHHHHHCCC
0 0 0 0 0 0 0 0 0 0 0 0 0 0 0 0 0 0 0 0 0 0 0 0 0 0 0 0 0 0 0 0 0 0 0 0 0 0 0 0 0 0 0 0 0 0 0 0 0 0 0 0 0 0 0 0 0 0 0 0 0 0 0 0 0 0 0 0 0 0 0 0 0 0 0 0 0 0 0 0 0 0 0 0 0 0 0 0 0 0 0 0 0 0 0 0 0 0 0 0 0 0 0 0 0 0 0 0 0 0 0 0 0 0 0 0 0 0 0 0 0 0 0 0 0 0 0 0 0 0 0 0 0 0 0 0 0 0 0 0 0 0 0 0 0 0 0 0 0 0 0 0 0 0 0 0 0 0 0 0 0 0 0 0 0 0 0 0 0 0 0 0 0 0 0 0 0 0 0 0 0 0 0 0 0 
0 0 0 0 0 0 0 0 0 0 0 0 0 0 0 0 0 0 0 0 0 0 0 0 0 0 0 0 0 0 0 0 0 0 0 0 0 0 0 0 0 0 0 0 0 0 0 0 0 0 0 0 0 0 0 0 0 0 0 0 0 0 0 0 0 0 0 0 0 0 0 0 0 0 0 0 0 0 0 0 0 0 0 0 0 0 0 0 0 0 0 0 0 0 0 0 0 0 0 0 0 0 0 0 0 0 0 0 0 0 0 0 0 0 0 0 0 0 0 0 0 0 0 0 0 0 0 0 0 0 0 0 0 0 0 0 0 0 0 0 0 0 0 0 0 0 0 0 0 0 0 0 0 0 0 0 0 0 0 0 0 0 0 0 0 0 0 0 0 0 0 0 0 0 0 0 0 0 0 0 0 0 0 0 0 
0 0.00401307 0.00403908 0.0729797 0.0685318 0.0902814 0.0234098 0.0216982 0.0145463 0.0107795 0.0101635 0.0103426 0.0163875 0.0139903 0.0114656 0.0212717 0.0100617 0.0088602 0.0157517 0.0088992 0.00984284 0.00904497 0.0100296 0.00983293 0.0103852 0.0103047 0.0116251 0.0104287 0.0110795 0.00945236 0.0118415 0.00896531 0.00894078 0.00914306 0.00918726 0.00950985 0.00916164 0.00893686 0.00864126 0.0095189 0.00879697 0.0100297 0.00878992 0.01129 0.00921322 0.00834072 0.00837385 0.00822723 0.0082145 
0.00401307 0 0.00421414 0.276999 0.0722521 0.0213601 0.120248 0.0239864 0.0250763 0.0129734 0.0109156 0.0147098 0.0138464 0.0207792 0.0360424 0.011392 0.00893837 0.0163121 0.00883372 0.00847971 0.00915334 0.0101242 0.010215 0.0117085 0.0129823 0.0134449 0.0131974 0.0139563 0.0124308 0.0126895 0.00868095 0.00839772 0.00965112 0.00950299 0.00977231 0.00989332 0.00957693 0.00906113 0.00864876 0.00860581 0.00991772 0.00932268 0.0104909 0.00899519 0.00828636 0.0085481 0.0084402 0.00847945 0.0081117 
0.00403908 0.00421414 0 0.0202035 0.184282 0.0372908 0.0210969 0.0508823 0.0196842 0.0175314 0.0114926 0.0111007 0.0159324 0.0158573 0.0187232 0.026734 0.0133296 0.00927155 0.0137243 0.0103355 0.00960886 0.00899706 0.0102326 0.011866 0.0121816 0.0117471 0.0120067 0.0117318 0.0122954 0.00972309 0.0115247 0.0116828 0.00918686 0.00960934 0.00957604 0.00993046 0.00949381 0.00914088 0.00852106 0.00885105 0.00890706 0.00962215 0.00934444 0.0113282 0.0105632 0.0082325 0.00825231 0.00815324 0.00829502 
0.0729797 0.276999 0.0202035 0 0.00608537 0.0279793 0.0222375 0.0107106 0.0115471 0.00947736 0.0088205 0.00992075 0.00921137 0.010034 0.0120005 0.0121516 0.00975308 0.0101371 0.0106041 0.0091396 0.00827552 0.00853224 0.00843392 0.00859523 0.00893359 0.00876301 0.00864166 0.00875647 0.0085713 0.00937308 0.00907066 0.00839687 0.00844609 0.00832471 0.00846952 0.00838401 0.0084466 0.00824739 0.00822183 0.00810104 0.00887847 0.00827176 0.00884769 0.00918875 0.00820281 0.00814723 0.00813138 0.00805359 0.00812857 
0.0685318 0.0722521 0.184282 0.00608537 0 0.022686 0.0192203 0.0170449 0.0134606 0.0114973 0.00989462 0.0102144 0.0107756 0.0108219 0.0113969 0.0126474 0.0107618 0.00934874 0.0114365 0.00977694 0.0105708 0.00850973 0.00866607 0.00890503 0.00884107 0.00897668 0.00902303 0.00901217 0.00895205 0.0088771 0.00863817 0.00985924 0.00840145 0.00837355 0.00836039 0.00844491 0.00836288 0.00833028 0.00806077 0.00823333 0.00821794 0.00841901 0.00839694 0.00864734 0.00899296 0.00806652 0.00805074 0.00807187 0.0081595 
0.0902814 0.0213601 0.0372908 0.0279793 0.022686 0 0.00427781 0.00371274 0.00373381 0.00369313 0.00382165 0.00382234 0.00434552 0.00525427 0.00704484 0.0140105 0.00979631 0.00873354 0.0278826 0.0361724 0.0132312 0.0123602 0.014108 0.0143942 0.0201648 0.0158896 0.0205073 0.018032 0.0158773 0.0129238 0.0524996 0.0144679 0.0116227 0.0114366 0.0128232 0.0127572 0.0119257 0.0108743 0.0101279 0.0107493 0.0113063 0.0124083 0.0123582 0.0212813 0.00953108 0.00878665 0.00880234 0.00878942 0.00924349 
0.0234098 0.120248 0.0210969 0.0222375 0.0192203 0.00427781 0 0.00373294 0.00371851 0.00374849 0.00376031 0.00402325 0.00418333 0.00498236 0.0101395 0.0075625 0.0077543 0.0178017 0.00911318 0.0117805 0.0302829 0.0241754 0.0311662 0.0341752 0.0355134 0.0510445 0.0472379 0.0595654 0.0363525 0.0763221 0.0107699 0.0109856 0.021046 0.0273878 0.028149 0.0274262 0.022373 0.0189421 0.0150469 0.0148128 0.0220288 0.0247673 0.0280381 0.0113095 0.00908223 0.00984806 0.00920267 0.00904678 0.00842479 
0.0216982 0.0239864 0.0508823 0.0107106 0.0170449 0.00371274 0.00373294 0 0.00370862 0.00370195 0.00372399 0.00373537 0.00395702 0.00419637 0.00458249 0.00653775 0.00709495 0.00811035 0.00861494 0.0102443 0.0129965 0.0275031 0.0452861 0.0466502 0.0509605 0.0653055 0.0728629 0.0532018 0.178208 0.0187029 0.0113133 0.0098527 0.0166759 0.0354939 0.0412454 0.045286 0.0336689 0.0282966 0.0171501 0.0269948 0.0194004 0.067727 0.0156562 0.0120418 0.00918856 0.00969951 0.0103152 0.00884509 0.00844056 
0.0145463 0.0250763 0.0196842 0.0115471 0.0134606 0.00373381 0.00371851 0.00370862 0 0.00369809 0.00370971 0.0037713 0.00373132 0.0039482 0.00395926 0.00441201 0.00601535 0.00778704 0.00969466 0.0107354 0.0124923 0.0197398 0.0412 0.0331321 0.0485783 0.0371009 0.0395914 0.142177 0.0362977 0.0229464 0.0106827 0.0102927 0.0133138 0.0294069 0.031012 0.0366584 0.024552 0.0242294 0.0172941 0.0142606 0.0258408 0.0221813 0.020481 0.0110771 0.00899796 0.0102387 0.00989646 0.00859327 0.00836085 
0.0107795 0.0129734 0.0175314 0.00947736 0.0114973 0.00369313 0.00374849 0.00370195 0.00369809 0 0.00363699 0.00368538 0.00372577 0.0037606 0.00412556 0.0038921 0.00560652 0.00697931 0.00672699 0.00939672 0.0103149 0.0152538 0.01993 0.0332106 0.02061 0.0260338 0.10177 0.0287363 0.0317702 0.0146027 0.00977287 0.00930496 0.0113487 0.0171643 0.0228455 0.0195884 0.0199791 0.0157353 0.0127007 0.0139041 0.0139816 0.0166499 0.0130893 0.0100124 0.00891179 0.00861845 0.00886223 0.00849505 0.00815739 
0.0101635 0.0109156 0.0114926 0.0088205 0.00989462 0.00382165 0.00376031 0.00372399 0.00370971 0.00363699 0 0.00368144 0.00369035 0.00371105 0.00372942 0.00375666 0.00448888 0.00613566 0.00608647 0.00860523 0.0143738 0.010982 0.0253164 0.013179 0.0184277 0.0895423 0.0211223 0.0212094 0.0264234 0.0109689 0.00943615 0.00883124 0.00999661 0.0160849 0.0159026 0.0206826 0.0129628 0.0145653 0.0102609 0.0133822 0.00969879 0.0217267 0.00968597 0.009816 0.0084278 0.00854714 0.00866544 0.00855239 0.00807728 
0.0103426 0.0147098 0.0111007 0.00992075 0.0102144 0.00382234 0.00402325 0.00373537 0.0037713 0.00368538 0.00368144 0 0.00369268 0.00370501 0.00372031 0.00371767 0.00409894 0.00520056 0.00546524 0.0133801 0.0107565 0.0323365 0.0115374 0.0209784 0.0998812 0.0211104 0.0209349 0.0465111 0.0185523 0.0138881 0.00883699 0.00935423 0.0107881 0.0158784 0.0264111 0.0168051 0.0191535 0.0125312 0.0200327 0.00948745 0.0304328 0.010927 0.0180287 0.00888418 0.00868317 0.00882846 0.00919167 0.00825043 0.00822104 
0.0163875 0.0138464 0.0159324 0.00921137 0.0107756 0.00434552 0.00418333 0.00395702 0.00373132 0.00372577 0.00369035 0.00369268 0 0.00370446 0.00370514 0.00375453 0.00409578 0.00536366 0.00789033 0.0256195 0.0286252 0.0107021 0.0364882 0.082426 0.0242309 0.0309461 0.0492894 0.0295408 0.0446891 0.011839 0.010392 0.00966258 0.0122528 0.0256224 0.0218488 0.0280079 0.0205995 0.0233674 0.0106036 0.0304847 0.0104434 0.0517291 0.0100267 0.0110629 0.00919225 0.00931567 0.00932392 0.00865429 0.00829064 
0.0139903 0.0207792 0.0158573 0.010034 0.0108219 0.00525427 0.00498236 0.00419637 0.0039482 0.0037606 0.00371105 0.00370501 0.00370446 0 0.00371201 0.00371649 0.00425082 0.00773085 0.663979 0.0103775 0.0103781 0.0258819 0.0739208 0.0394047 0.038865 0.0565377 0.0470265 0.047785 0.0467528 0.015383 0.00996566 0.0109185 0.01521 0.0281023 0.0322069 0.0392592 0.0266294 0.0174552 0.0207806 0.0134202 0.0247405 0.0241575 0.0165015 0.0101774 0.00912534 0.00941594 0.0100095 0.00853975 0.00840117 
0.0114656 0.0360424 0.0187232 0.0120005 0.0113969 0.00704484 0.0101395 0.00458249 0.00395926 0.00412556 0.00372942 0.00372031 0.00370514 0.00371201 0 0.00372139 0.00444941 0.981206 0.00602226 0.0118761 0.010403 0.0592871 0.0141065 0.0177112 0.0367881 0.0224192 0.0215743 0.0313197 0.0183264 0.0337145 0.0101475 0.011183 0.0151235 0.0155747 0.0197337 0.0190542 0.0154272 0.013459 0.0112251 0.01455 0.0149621 0.0117913 0.0239134 0.0102159 0.00938992 0.00941657 0.00896646 0.00871692 0.00828275 
0.0212717 0.011392 0.026734 0.0121516 0.0126474 0.0140105 0.0075625 0.00653775 0.00441201 0.0038921 0.00375666 0.00371767 0.00375453 0.00371649 0.00372139 0 0.987613 0.00475599 0.00762037 0.0124769 0.0356095 0.00901979 0.011811 0.0123844 0.0111996 0.0118029 0.0123996 0.0106527 0.0124748 0.0106727 0.0161389 0.0184075 0.0118909 0.0109347 0.0107555 0.0115543 0.0100111 0.01135 0.00905216 0.0104807 0.00884849 0.011306 0.00947598 0.0172779 0.016831 0.00845557 0.00841838 0.00859471 0.00850328 
0.0100617 0.00893837 0.0133296 0.00975308 0.0107618 0.00979631 0.0077543 0.00709495 0.00601535 0.00560652 0.00448888 0.00409894 0.00409578 0.00425082 0.00444941 0.987613 0 0.00406054 0.00452281 0.0242572 0.00916254 0.0121069 0.00999781 0.0100277 0.0116557 0.0097134 0.00968703 0.0102877 0.00925915 0.0107301 0.0148999 0.00991055 0.00891786 0.00909268 0.00921739 0.00919092 0.00921331 0.00869987 0.00893206 0.00879821 0.00982842 0.00909411 0.0103176 0.0146066 0.00860023 0.00841028 0.00842983 0.00827983 0.00897939 
0.0088602 0.0163121 0.00927155 0.0101371 0.00934874 0.00873354 0.0178017 0.00811035 0.00778704 0.00697931 0.00613566 0.00520056 0.00536366 0.00773085 0.981206 0.00475599 0.00406054 0 0.00431113 0.00999136 0.0168896 0.0115775 0.0102656 0.00998074 0.00970152 0.0105554 0.00986281 0.00968194 0.00962047 0.0138475 0.00908177 0.00899391 0.0096831 0.00904517 0.00892353 0.00894242 0.00896554 0.00887732 0.00870742 0.00864471 0.00905931 0.00893718 0.0104719 0.00906842 0.00858083 0.00833191 0.00807911 0.00831275 0.0080279 
0.0157517 0.00883372 0.0137243 0.0106041 0.0114365 0.0278826 0.00911318 0.00861494 0.00969466 0.00672699 0.00608647 0.00546524 0.00789033 0.663979 0.00602226 0.00762037 0.00452281 0.00431113 0 0.0228204 0.0118633 0.0090726 0.0106353 0.0119903 0.0117381 0.00995537 0.0105118 0.0094892 0.0102102 0.00977494 0.0169366 0.0145458 0.00956858 0.00928259 0.00901836 0.00920487 0.00894373 0.0089949 0.00862091 0.0102496 0.00870082 0.0100894 0.00930535 0.0262896 0.0146453 0.00830896 0.00822577 0.00827371 0.00823602 
0.0088992 0.00847971 0.0103355 0.0091396 0.00977694 0.0361724 0.0117805 0.0102443 0.0107354 0.00939672 0.00860523 0.0133801 0.0256195 0.0103775 0.0118761 0.0124769 0.0242572 0.00999136 0.0228204 0 0.00414611 0.00399942 0.00364072 0.00368139 0.0038426 0.0037915 0.00412124 0.00465761 0.00557099 0.00903652 0.00844903 0.00694245 0.00695098 0.00721477 0.00965832 0.00811962 0.0115218 0.00797857 0.0094092 0.00820812 0.013387 0.00999986 0.813597 0.0242962 0.00918643 0.00871323 0.00857328 0.00853257 0.00975783 
0.00984284 0.00915334 0.00960886 0.00827552 0.0105708 0.0132312 0.0302829 0.0129965 0.0124923 0.0103149 0.0143738 0.0107565 0.0286252 0.0103781 0.010403 0.0356095 0.00916254 0.0168896 0.0118633 0.00414611 0 0.00370534 0.00370119 0.00373911 0.003739 0.00391415 0.00385269 0.00410967 0.00549073 0.00565362 0.00707376 0.00627169 0.00686148 0.00779228 0.008022 0.0107106 0.00847274 0.00996525 0.00801693 0.0158747 0.00880875 0.916796 0.00998299 0.014272 0.0102428 0.00884994 0.00868136 0.00971368 0.00833723 
0.00904497 0.0101242 0.00899706 0.00853224 0.00850973 0.0123602 0.0241754 0.0275031 0.0197398 0.0152538 0.010982 0.0323365 0.0107021 0.0258819 0.0592871 0.00901979 0.0121069 0.0115775 0.0090726 0.00399942 0.00370534 0 0.00369131 0.00369454 0.00374216 0.00369059 0.00373094 0.00422091 0.00391317 0.00460857 0.00458497 0.00625259 0.00726165 0.00759861 0.0111014 0.00920147 0.0118057 0.00821114 0.0154005 0.00912228 0.952998 0.0099423 0.0365632 0.00878965 0.00899861 0.00996202 0.0100833 0.00852728 0.00849588 
0.0100296 0.010215 0.0102326 0.00843392 0.00866607 0.014108 0.0311662 0.0452861 0.0412 0.01993 0.0253164 0.0115374 0.0364882 0.0739208 0.0141065 0.011811 0.00999781 0.0102656 0.0106353 0.00364072 0.00370119 0.00369131 0 0.00371406 0.00370885 0.00372099 0.00375186 0.00447655 0.0043611 0.00400484 0.00456254 0.00648139 0.00710105 0.0100209 0.00874197 0.0117617 0.0086292 0.0129684 0.0117413 0.955271 0.0113932 0.0537936 0.00961777 0.0108916 0.00999996 0.0102334 0.0110311 0.0119065 0.00857172 
0.00983293 0.0117085 0.011866 0.00859523 0.00890503 0.0143942 0.0341752 0.0466502 0.0331321 0.0332106 0.013179 0.0209784 0.082426 0.0394047 0.0177112 0.0123844 0.0100277 0.00998074 0.0119903 0.00368139 0.00373911 0.00369454 0.00371406 0 0.00371276 0.00371559 0.00379663 0.0037722 0.00379044 0.00384477 0.00416119 0.00615766 0.00760169 0.00898283 0.0105056 0.00954374 0.0129404 0.0161147 0.870288 0.018974 0.0123844 0.0114333 0.0120898 0.0104235 0.0103674 0.0110505 0.0127597 0.00927684 0.00883206 
0.0103852 0.0129823 0.0121816 0.00893359 0.00884107 0.0201648 0.0355134 0.0509605 0.0485783 0.02061 0.0184277 0.0998812 0.0242309 0.038865 0.0367881 0.0111996 0.0116557 0.00970152 0.0117381 0.0038426 0.003739 0.00374216 0.00370885 0.00371276 0 0.00371563 0.00371093 0.00373632 0.00370587 0.00381619 0.00379522 0.00683623 0.00747828 0.00917923 0.0120203 0.0122559 0.013788 0.90318 0.0209331 0.0100667 0.0121773 0.0111288 0.0139196 0.010662 0.0109825 0.0122341 0.0118984 0.00910541 0.00916907 
0.0103047 0.0134449 0.0117471 0.00876301 0.00897668 0.0158896 0.0510445 0.0653055 0.0371009 0.0260338 0.0895423 0.0211104 0.0309461 0.0565377 0.0224192 0.0118029 0.0097134 0.0105554 0.00995537 0.0037915 0.00391415 0.00369059 0.00372099 0.00371559 0.00371563 0 0.00370487 0.00371247 0.00369048 0.00375513 0.0039717 0.00460162 0.00817985 0.00747543 0.0107172 0.0221415 0.957113 0.0173643 0.0100595 0.0104368 0.0111057 0.0142594 0.0126468 0.0105232 0.0118614 0.0121767 0.012086 0.0100913 0.00887543 
0.0116251 0.0131974 0.0120067 0.00864166 0.00902303 0.0205073 0.0472379 0.0728629 0.0395914 0.10177 0.0211223 0.0209349 0.0492894 0.0470265 0.0215743 0.0123996 0.00968703 0.00986281 0.0105118 0.00412124 0.00385269 0.00373094 0.00375186 0.00379663 0.00371093 0.00370487 0 0.00371163 0.00370929 0.00372623 0.0037279 0.00453559 0.00707456 0.00864461 0.0134968 0.963359 0.0116711 0.0106727 0.0088738 0.0114245 0.0102738 0.0165993 0.0104688 0.0122315 0.0115757 0.0120024 0.0146147 0.0101072 0.00888836 
0.0104287 0.0139563 0.0117318 0.00875647 0.00901217 0.018032 0.0595654 0.0532018 0.142177 0.0287363 0.0212094 0.0465111 0.0295408 0.047785 0.0313197 0.0106527 0.0102877 0.00968194 0.0094892 0.00465761 0.00410967 0.00422091 0.00447655 0.0037722 0.00373632 0.00371247 0.00371163 0 0.00370657 0.00371171 0.00373016 0.00405852 0.00572995 0.0110166 0.972638 0.01268 0.00933348 0.00791371 0.0104718 0.00803455 0.0152175 0.0105954 0.02017 0.0103944 0.0108989 0.0150745 0.014838 0.00940931 0.00945072 
0.0110795 0.0124308 0.0122954 0.0085713 0.00895205 0.0158773 0.0363525 0.178208 0.0362977 0.0317702 0.0264234 0.0185523 0.0446891 0.0467528 0.0183264 0.0124748 0.00925915 0.00962047 0.0102102 0.00557099 0.00549073 0.00391317 0.0043611 0.00379044 0.00370587 0.00369048 0.00370929 0.00370657 0 0.00370043 0.00372611 0.00383936 0.0106922 0.965711 0.0133615 0.0082107 0.00769836 0.00850031 0.00706064 0.0110836 0.00827296 0.0216674 0.0123586 0.0124724 0.012275 0.0122548 0.0148167 0.0106898 0.00884885 
0.00945236 0.0126895 0.00972309 0.00937308 0.0088771 0.0129238 0.0763221 0.0187029 0.0229464 0.0146027 0.0109689 0.0138881 0.011839 0.015383 0.0337145 0.0106727 0.0107301 0.0138475 0.00977494 0.00903652 0.00565362 0.00460857 0.00400484 0.00384477 0.00381619 0.00375513 0.00372623 0.00371171 0.00370043 0 0.00383211 0.0104504 0.989679 0.0107121 0.00559776 0.00525856 0.00673923 0.00645285 0.0074944 0.00714658 0.010255 0.00823083 0.0131442 0.0100855 0.0121753 0.0111726 0.00960902 0.0103526 0.00927425 
0.0118415 0.00868095 0.0115247 0.00907066 0.00863817 0.0524996 0.0107699 0.0113133 0.0106827 0.00977287 0.00943615 0.00883699 0.010392 0.00996566 0.0101475 0.0161389 0.0148999 0.00908177 0.0169366 0.00844903 0.00707376 0.00458497 0.00456254 0.00416119 0.00379522 0.0039717 0.0037279 0.00373016 0.00372611 0.00383211 0 0.993457 0.00490092 0.00391403 0.00406646 0.00469545 0.00496433 0.00603636 0.00525902 0.00755789 0.00655167 0.00894834 0.00774841 0.0131461 0.0244431 0.00875028 0.00863975 0.00879389 0.00925808 
0.00896531 0.00839772 0.0116828 0.00839687 0.00985924 0.0144679 0.0109856 0.0098527 0.0102927 0.00930496 0.00883124 0.00935423 0.00966258 0.0109185 0.011183 0.0184075 0.00991055 0.00899391 0.0145458 0.00694245 0.00627169 0.00625259 0.00648139 0.00615766 0.00683623 0.00460162 0.00453559 0.00405852 0.00383936 0.0104504 0.993457 0 0.00376844 0.00369983 0.00370094 0.00373073 0.00375446 0.00377174 0.00391405 0.00430951 0.00535752 0.00579819 0.00632187 0.0130411 0.0137369 0.00915752 0.00902842 0.00879124 0.0104322 
0.00894078 0.00965112 0.00918686 0.00844609 0.00840145 0.0116227 0.021046 0.0166759 0.0133138 0.0113487 0.00999661 0.0107881 0.0122528 0.01521 0.0151235 0.0118909 0.00891786 0.0096831 0.00956858 0.00695098 0.00686148 0.00726165 0.00710105 0.00760169 0.00747828 0.00817985 0.00707456 0.00572995 0.0106922 0.989679 0.00490092 0.00376844 0 0.00386545 0.00368616 0.00369771 0.00372101 0.00374276 0.00378309 0.0040123 0.00463498 0.00627118 0.018149 0.00713945 0.0104724 0.010764 0.00937059 0.0112651 0.00877039 
0.00914306 0.00950299 0.00960934 0.00832471 0.00837355 0.0114366 0.0273878 0.0354939 0.0294069 0.0171643 0.0160849 0.0158784 0.0256224 0.0281023 0.0155747 0.0109347 0.00909268 0.00904517 0.00928259 0.00721477 0.00779228 0.00759861 0.0100209 0.00898283 0.00917923 0.00747543 0.00864461 0.0110166 0.965711 0.0107121 0.00391403 0.00369983 0.00386545 0 0.00370243 0.00368879 0.00370822 0.0037083 0.00375241 0.0038475 0.00429694 0.0110245 0.00548264 0.0074616 0.0115384 0.0110751 0.0123992 0.00968287 0.00881799 
0.00918726 0.00977231 0.00957604 0.00846952 0.00836039 0.0128232 0.028149 0.0412454 0.031012 0.0228455 0.0159026 0.0264111 0.0218488 0.0322069 0.0197337 0.0107555 0.00921739 0.00892353 0.00901836 0.00965832 0.008022 0.0111014 0.00874197 0.0105056 0.0120203 0.0107172 0.0134968 0.972638 0.0133615 0.00559776 0.00406646 0.00370094 0.00368616 0.00370243 0 0.0036946 0.00368929 0.00369776 0.0037042 0.00388113 0.00626363 0.00420012 0.00464798 0.00574409 0.011704 0.0148646 0.0121178 0.00927951 0.00886534 
0.00950985 0.00989332 0.00993046 0.00838401 0.00844491 0.0127572 0.0274262 0.045286 0.0366584 0.0195884 0.0206826 0.0168051 0.0280079 0.0392592 0.0190542 0.0115543 0.00919092 0.00894242 0.00920487 0.00811962 0.0107106 0.00920147 0.0117617 0.00954374 0.0122559 0.0221415 0.963359 0.01268 0.0082107 0.00525856 0.00469545 0.00373073 0.00369771 0.00368879 0.0036946 0 0.00369654 0.00369266 0.00371506 0.00442715 0.00407814 0.00415338 0.00451686 0.00522481 0.0119384 0.01341 0.0126599 0.00965546 0.00901075 
0.00916164 0.00957693 0.00949381 0.0084466 0.00836288 0.0119257 0.022373 0.0336689 0.024552 0.0199791 0.0129628 0.0191535 0.0205995 0.0266294 0.0154272 0.0100111 0.00921331 0.00896554 0.00894373 0.0115218 0.00847274 0.0118057 0.0086292 0.0129404 0.013788 0.957113 0.0116711 0.00933348 0.00769836 0.00673923 0.00496433 0.00375446 0.00372101 0.00370822 0.00368929 0.00369654 0 0.00365034 0.00372401 0.0036937 0.00371362 0.0038602 0.00390788 0.0040585 0.0125789 0.0127378 0.0108801 0.00996516 0.00895767 
0.00893686 0.00906113 0.00914088 0.00824739 0.00833028 0.0108743 0.0189421 0.0282966 0.0242294 0.0157353 0.0145653 0.0125312 0.0233674 0.0174552 0.013459 0.01135 0.00869987 0.00887732 0.0089949 0.00797857 0.00996525 0.00821114 0.0129684 0.0161147 0.90318 0.0173643 0.0106727 0.00791371 0.00850031 0.00645285 0.00603636 0.00377174 0.00374276 0.0037083 0.00369776 0.00369266 0.00365034 0 0.00369648 0.0036984 0.00369905 0.00371153 0.00382006 0.00393673 0.012046 0.0110423 0.010775 0.00958279 0.00863583 
0.00864126 0.00864876 0.00852106 0.00822183 0.00806077 0.0101279 0.0150469 0.0171501 0.0172941 0.0127007 0.0102609 0.0200327 0.0106036 0.0207806 0.0112251 0.00905216 0.00893206 0.00870742 0.00862091 0.0094092 0.00801693 0.0154005 0.0117413 0.870288 0.0209331 0.0100595 0.0088738 0.0104718 0.00706064 0.0074944 0.00525902 0.00391405 0.00378309 0.00375241 0.0037042 0.00371506 0.00372401 0.00369648 0 0.00361632 0.0037148 0.00370322 0.00373424 0.00377261 0.0107513 0.0114212 0.0106025 0.00923334 0.00863688 
0.0095189 0.00860581 0.00885105 0.00810104 0.00823333 0.0107493 0.0148128 0.0269948 0.0142606 0.0139041 0.0133822 0.00948745 0.0304847 0.0134202 0.01455 0.0104807 0.00879821 0.00864471 0.0102496 0.00820812 0.0158747 0.00912228 0.955271 0.018974 0.0100667 0.0104368 0.0114245 0.00803455 0.0110836 0.00714658 0.00755789 0.00430951 0.0040123 0.0038475 0.00388113 0.00442715 0.0036937 0.0036984 0.00361632 0 0.00372251 0.0038766 0.00370558 0.00386229 0.0201812 0.00986407 0.0120785 0.0106626 0.0085361 
0.00879697 0.00991772 0.00890706 0.00887847 0.00821794 0.0113063 0.0220288 0.0194004 0.0258408 0.0139816 0.00969879 0.0304328 0.0104434 0.0247405 0.0149621 0.00884849 0.00982842 0.00905931 0.00870082 0.013387 0.00880875 0.952998 0.0113932 0.0123844 0.0121773 0.0111057 0.0102738 0.0152175 0.00827296 0.010255 0.00655167 0.00535752 0.00463498 0.00429694 0.00626363 0.00407814 0.00371362 0.00369905 0.0037148 0.00372251 0 0.00368872 0.00372132 0.00370983 0.0118877 0.026274 0.0134809 0.0092978 0.00922689 
0.0100297 0.00932268 0.00962215 0.00827176 0.00841901 0.0124083 0.0247673 0.067727 0.0221813 0.0166499 0.0217267 0.010927 0.0517291 0.0241575 0.0117913 0.011306 0.00909411 0.00893718 0.0100894 0.00999986 0.916796 0.0099423 0.0537936 0.0114333 0.0111288 0.0142594 0.0165993 0.0105954 0.0216674 0.00823083 0.00894834 0.00579819 0.00627118 0.0110245 0.00420012 0.00415338 0.0038602 0.00371153 0.00370322 0.0038766 0.00368872 0 0.00371292 0.00375625 0.0251331 0.0154021 0.0366354 0.0221567 0.0089632 
0.00878992 0.0104909 0.00934444 0.00884769 0.00839694 0.0123582 0.0280381 0.0156562 0.020481 0.0130893 0.00968597 0.0180287 0.0100267 0.0165015 0.0239134 0.00947598 0.0103176 0.0104719 0.00930535 0.813597 0.00998299 0.0365632 0.00961777 0.0120898 0.0139196 0.0126468 0.0104688 0.02017 0.0123586 0.0131442 0.00774841 0.00632187 0.018149 0.00548264 0.00464798 0.00451686 0.00390788 0.00382006 0.00373424 0.00370558 0.00372132 0.00371292 0 0.00373107 0.0147773 0.0217472 0.0409459 0.0403192 0.0112661 
0.01129 0.00899519 0.0113282 0.00918875 0.00864734 0.0212813 0.0113095 0.0120418 0.0110771 0.0100124 0.009816 0.00888418 0.0110629 0.0101774 0.0102159 0.0172779 0.0146066 0.00906842 0.0262896 0.0242962 0.014272 0.00878965 0.0108916 0.0104235 0.010662 0.0105232 0.0122315 0.0103944 0.0124724 0.0100855 0.0131461 0.0130411 0.00713945 0.0074616 0.00574409 0.00522481 0.0040585 0.00393673 0.00377261 0.00386229 0.00370983 0.00375625 0.00373107 0 0.0362684 0.0100896 0.0104038 0.0184768 0.0653579 
0.00921322 0.00828636 0.0105632 0.00820281 0.00899296 0.00953108 0.00908223 0.00918856 0.00899796 0.00891179 0.0084278 0.00868317 0.00919225 0.00912534 0.00938992 0.016831 0.00860023 0.00858083 0.0146453 0.00918643 0.0102428 0.00899861 0.00999996 0.0103674 0.0109825 0.0118614 0.0115757 0.0108989 0.012275 0.0121753 0.0244431 0.0137369 0.0104724 0.0115384 0.011704 0.0119384 0.0125789 0.012046 0.0107513 0.0201812 0.0118877 0.0251331 0.0147773 0.0362684 0 0.00405747 0.00373637 0.0042017 0.00655448 
0.00834072 0.0085481 0.0082325 0.00814723 0.00806652 0.00878665 0.00984806 0.00969951 0.0102387 0.00861845 0.00854714 0.00882846 0.00931567 0.00941594 0.00941657 0.00845557 0.00841028 0.00833191 0.00830896 0.00871323 0.00884994 0.00996202 0.0102334 0.0110505 0.0122341 0.0121767 0.0120024 0.0150745 0.0122548 0.0111726 0.00875028 0.00915752 0.010764 0.0110751 0.0148646 0.01341 0.0127378 0.0110423 0.0114212 0.00986407 0.026274 0.0154021 0.0217472 0.0100896 0.00405747 0 0.00382805 0.00403113 0.00376847 
0.00837385 0.0084402 0.00825231 0.00813138 0.00805074 0.00880234 0.00920267 0.0103152 0.00989646 0.00886223 0.00866544 0.00919167 0.00932392 0.0100095 0.00896646 0.00841838 0.00842983 0.00807911 0.00822577 0.00857328 0.00868136 0.0100833 0.0110311 0.0127597 0.0118984 0.012086 0.0146147 0.014838 0.0148167 0.00960902 0.00863975 0.00902842 0.00937059 0.0123992 0.0121178 0.0126599 0.0108801 0.010775 0.0106025 0.0120785 0.0134809 0.0366354 0.0409459 0.0104038 0.00373637 0.00382805 0 0.00401762 0.00377417 
0.00822723 0.00847945 0.00815324 0.00805359 0.00807187 0.00878942 0.00904678 0.00884509 0.00859327 0.00849505 0.00855239 0.00825043 0.00865429 0.00853975 0.00871692 0.00859471 0.00827983 0.00831275 0.00827371 0.00853257 0.00971368 0.00852728 0.0119065 0.00927684 0.00910541 0.0100913 0.0101072 0.00940931 0.0106898 0.0103526 0.00879389 0.00879124 0.0112651 0.00968287 0.00927951 0.00965546 0.00996516 0.00958279 0.00923334 0.0106626 0.0092978 0.0221567 0.0403192 0.0184768 0.0042017 0.00403113 0.00401762 0 0.00366886 
0.0082145 0.0081117 0.00829502 0.00812857 0.0081595 0.00924349 0.00842479 0.00844056 0.00836085 0.00815739 0.00807728 0.00822104 0.00829064 0.00840117 0.00828275 0.00850328 0.00897939 0.0080279 0.00823602 0.00975783 0.00833723 0.00849588 0.00857172 0.00883206 0.00916907 0.00887543 0.00888836 0.00945072 0.00884885 0.00927425 0.00925808 0.0104322 0.00877039 0.00881799 0.00886534 0.00901075 0.00895767 0.00863583 0.00863688 0.0085361 0.00922689 0.0089632 0.0112661 0.0653579 0.00655448 0.00376847 0.00377417 0.00366886 0 
