1FM0D
MIKVLFFAQVRELVGTDATEVAADFPTVEALRQHMAAQSDRWALALEDGKLLAAVNQTLVSFDHPLTDGDEVAFFPPVTGG
CEEEEECHHHHHHHCCCEEEECCCCCEHHHHHHHHHCCCHHHHHHHCCCCCEEEECCEECCCCCECCCCCEEEEECCCCCC
0 0 0 0 0 0 0 0 0 0 0 0 0 0 0 0 0 0 0 0 0 0 0 0 0 0 0 0 0 0 0 0 0 0 0 0 0 0 0 0 0 0 0 0 0 0 0 0 0 0 0 0 0 0 0 0 0 0 0 0 0 0 0 0 0 0 0 0 0 0 0 0 0 0 0 0 0 0 0 0 0 
0 0 0 0 0 0 0 0 0 0 0 0 0 0 0 0 0 0 0 0 0 0 0 0 0 0 0 0 0 0 0 0 0 0 0 0 0 0 0 0 0 0 0 0 0 0 0 0 0 0 0 0 0 0 0 0 0 0 0 0 0 0 0 0 0 0 0 0 0 0 0 0 0 0 0 0 0 0 0 0 0 
0 0.00382668 0.00394278 0.00382488 0.00497395 0.0435081 0.0165112 0.0111649 0.800107 0.0198034 0.0188545 0.0419671 0.0121466 0.050504 0.00910807 0.0149066 0.0130601 0.0115912 0.0293826 0.01186 0.0178242 0.0193863 
0.00382668 0 0.00378148 0.00433809 0.00381556 0.0357145 0.0116099 0.738829 0.0105122 0.0190698 0.038388 0.0229051 0.0746754 0.00936495 0.0165998 0.00961987 0.0102686 0.0267416 0.0110856 0.051718 0.0245684 0.00956429 
0.00394278 0.00378148 0 0.00381319 0.00373221 0.0131887 0.72289 0.0104234 0.0189546 0.00855046 0.01144 0.0973925 0.0131752 0.0149401 0.00905685 0.00902324 0.00839526 0.009325 0.0705332 0.0401047 0.02575 0.00960792 
0.00382488 0.00433809 0.00381319 0 0.00376253 0.590709 0.0118495 0.0658283 0.0112823 0.0111715 0.0212051 0.0225687 0.0573205 0.0114808 0.0101512 0.010507 0.00907025 0.0123798 0.016605 0.0535199 0.0674413 0.0101302 
0.00497395 0.00381556 0.00373221 0.00376253 0 0.0109788 0.0137136 0.00927196 0.0440633 0.0167737 0.0284739 0.0169181 0.0164865 0.0329312 0.0149944 0.0122426 0.0176002 0.0160443 0.0122391 0.0138098 0.0272774 0.0165774 
0.0435081 0.0357145 0.0131887 0.590709 0.0109788 0 0.00389998 0.00387937 0.00512624 0.00676435 0.0419224 0.0115257 0.0130406 0.0128709 0.0102312 0.0113571 0.0134605 0.0121063 0.00996936 0.00962946 0.0101857 0.0144889 
0.0165112 0.0116099 0.72289 0.0118495 0.0137136 0.00389998 0 0.00391119 0.00393331 0.00441438 0.0110164 0.0476588 0.0113316 0.0106098 0.00933026 0.00959972 0.00875016 0.00901762 0.0153495 0.0115456 0.0114137 0.0092833 
0.0111649 0.738829 0.0104234 0.0658283 0.00927196 0.00387937 0.00391119 0 0.00373499 0.0068005 0.0234671 0.0118596 0.0410056 0.00879846 0.0116894 0.00931615 0.0101886 0.0138485 0.0091902 0.0165063 0.0150161 0.0087934 
0.800107 0.0105122 0.0189546 0.0112823 0.0440633 0.00512624 0.00393331 0.00373499 0 0.00838753 0.0158249 0.021907 0.0122096 0.0273873 0.011955 0.00992674 0.0119543 0.0118779 0.0185981 0.00925361 0.0106132 0.0102685 
0.0198034 0.0190698 0.00855046 0.0111715 0.0167737 0.00676435 0.00441438 0.0068005 0.00838753 0 0.0657237 0.0116343 0.0175184 0.0216893 0.040101 0.0270335 0.173938 0.0271479 0.0106788 0.00975179 0.0110683 0.0123552 
0.0188545 0.038388 0.01144 0.0212051 0.0284739 0.0419224 0.0110164 0.0234671 0.0158249 0.0657237 0 0.00385656 0.00391155 0.00414026 0.00542849 0.00938948 0.0254644 0.0634514 0.0133919 0.0159425 0.0181515 0.0546086 
0.0419671 0.0229051 0.0973925 0.0225687 0.0169181 0.0115257 0.0476588 0.0118596 0.021907 0.0116343 0.00385656 0 0.00370997 0.00373502 0.00490882 0.0170378 0.0125454 0.0119034 0.085981 0.0264503 0.0961953 0.0128975 
0.0121466 0.0746754 0.0131752 0.0573205 0.0164865 0.0130406 0.0113316 0.0410056 0.0122096 0.0175184 0.00391155 0.00370997 0 0.00369468 0.00506034 0.798682 0.00954263 0.0226206 0.0153834 0.139517 0.0395721 0.0142094 
0.050504 0.00936495 0.0149401 0.0114808 0.0329312 0.0128709 0.0106098 0.00879846 0.0273873 0.0216893 0.00414026 0.00373502 0.00369468 0 0.894417 0.00396841 0.00767228 0.0123874 0.101724 0.0111136 0.0290381 0.0166495 
0.00910807 0.0165998 0.00905685 0.0101512 0.0149944 0.0102312 0.00933026 0.0116894 0.011955 0.040101 0.00542849 0.00490882 0.00506034 0.894417 0 0.00431285 0.0134073 0.0304459 0.00920697 0.0102306 0.0125997 0.0160595 
0.0149066 0.00961987 0.00902324 0.010507 0.0122426 0.0113571 0.00959972 0.00931615 0.00992674 0.0270335 0.00938948 0.0170378 0.798682 0.00396841 0.00431285 0 0.0516743 0.012562 0.0106347 0.0101973 0.0183835 0.00989074 
0.0130601 0.0102686 0.00839526 0.00907025 0.0176002 0.0134605 0.00875016 0.0101886 0.0119543 0.173938 0.0254644 0.0125454 0.00954263 0.00767228 0.0134073 0.0516743 0 0.0281284 0.00553728 0.00518741 0.00713263 0.00916762 
0.0115912 0.0267416 0.009325 0.0123798 0.0160443 0.0121063 0.00901762 0.0138485 0.0118779 0.0271479 0.0634514 0.0119034 0.0226206 0.0123874 0.0304459 0.012562 0.0281284 0 0.00379392 0.00372931 0.00394625 0.00523516 
0.0293826 0.0110856 0.0705332 0.016605 0.0122391 0.00996936 0.0153495 0.0091902 0.0185981 0.0106788 0.0133919 0.085981 0.0153834 0.101724 0.00920697 0.0106347 0.00553728 0.00379392 0 0.00374537 0.00378811 0.00377573 
0.01186 0.051718 0.0401047 0.0535199 0.0138098 0.00962946 0.0115456 0.0165063 0.00925361 0.00975179 0.0159425 0.0264503 0.139517 0.0111136 0.0102306 0.0101973 0.00518741 0.00372931 0.00374537 0 0.00374188 0.0037269 
0.0178242 0.0245684 0.02575 0.0674413 0.0272774 0.0101857 0.0114137 0.0150161 0.0106132 0.0110683 0.0181515 0.0961953 0.0395721 0.0290381 0.0125997 0.0183835 0.00713263 0.00394625 0.00378811 0.00374188 0 0.00378323 
0.0193863 0.00956429 0.00960792 0.0101302 0.0165774 0.0144889 0.0092833 0.0087934 0.0102685 0.0123552 0.0546086 0.0128975 0.0142094 0.0166495 0.0160595 0.00989074 0.00916762 0.00523516 0.00377573 0.0037269 0.00378323 0 
