1FSJB
MESKRNKPGKATGKGKPVGDKWLDDAGKDSGAPIPDRIADKLRDKEFKSFDDFRKAVWEEVSKDPELSKNLNPSNKSSVSKGYSPFTPKNQQVGGRKVYELHHDKPISQGGEVYDMDNIRVTTPKRHIDIHRGK
CCCHHHCCEECECCCECCCCCHHHHCCCCCCEECEHHHHHHHCCCEECCHHHHHHHHHHHHHHCHHHHCCCCHHHHHHHHCCCCCECCHHHCECCECECEEEECCCHHHCCCCCECCCEEEECHHHHHHHCCCC
0 0 0 0 0 0 0 0 0 0 0 0 0 0 0 0 0 0 0 0 0 0 0 0 0 0 0 0 0 0 0 0 0 0 0 0 0 0 0 0 0 0 0 0 0 0 0 0 0 0 0 0 0 0 0 0 0 0 0 0 0 0 0 0 0 0 0 0 0 0 0 0 0 0 0 0 0 0 0 0 0 0 0 0 0 0 0 0 0 0 0 0 0 0 0 0 0 0 0 0 0 0 0 0 0 0 0 0 0 0 0 0 0 0 0 0 0 0 0 0 0 0 0 0 0 0 0 0 0 0 0 0 0 0 
0 0 0 0 0 0 0 0 0 0 0 0 0 0 0 0 0 0 0 0 0 0 0 0 0 0 0 0 0 0 0 0 0 0 0 0 0 0 0 0 0 0 0 0 0 0 0 0 0 0 0 0 0 0 0 0 0 0 0 0 0 0 0 0 0 0 0 0 0 0 0 0 0 0 0 0 0 0 0 0 0 0 0 0 0 0 0 0 0 0 0 0 0 0 0 0 0 0 0 0 0 0 0 0 0 0 0 0 0 0 0 0 0 0 0 0 0 0 0 0 0 0 0 0 0 0 0 0 0 0 0 0 0 0 
0 0.00940222 0.00420094 0.0301598 0.0150491 0.016759 0.0191565 0.010816 0.0901349 0.0103938 0.00989875 0.0094636 0.00889649 0.00835354 0.00857 0.00847027 0.00988314 0.00941417 0.00889992 0.00825089 0.00858495 0.0096914 
0.00940222 0 0.0126259 0.00833778 0.0167336 0.0108135 0.0112643 0.0376942 0.00906392 0.0105863 0.00849398 0.00926729 0.00925239 0.0103403 0.00841851 0.00917894 0.0084609 0.00903934 0.00893846 0.00855668 0.00840634 0.00944565 
0.00420094 0.0126259 0 0.505528 0.0173062 0.0245916 0.0324586 0.0288009 0.0164438 0.0224381 0.0129088 0.0170534 0.0173681 0.0135002 0.00819654 0.00836235 0.0102095 0.0136138 0.0106394 0.00915494 0.0085973 0.0129094 
0.0301598 0.00833778 0.505528 0 0.0812765 0.0101229 0.0717518 0.0154046 0.0132845 0.0160615 0.0118045 0.0130006 0.0103764 0.00939794 0.00802035 0.00800716 0.00833519 0.0105989 0.00929695 0.00818823 0.00808083 0.0098183 
0.0150491 0.0167336 0.0173062 0.0812765 0 0.00903046 0.00458219 0.0152456 0.0387571 0.013485 0.00938733 0.00994911 0.00932067 0.00947316 0.00892181 0.00877452 0.0103795 0.0094582 0.00878664 0.00859779 0.00903148 0.0108882 
0.016759 0.0108135 0.0245916 0.0101229 0.00903046 0 0.00398783 0.0207416 0.00945012 0.0120859 0.00944052 0.0102035 0.0101218 0.0110797 0.0131568 0.00930325 0.00928406 0.00903035 0.0104473 0.00906443 0.00989615 0.0103539 
0.0191565 0.0112643 0.0324586 0.0717518 0.00458219 0.00398783 0 0.04379 0.0429995 0.0201161 0.0180017 0.0183334 0.015204 0.0127406 0.00896466 0.00866145 0.0100674 0.0120976 0.012491 0.00875283 0.00874872 0.0114255 
0.010816 0.0376942 0.0288009 0.0154046 0.0152456 0.0207416 0.04379 0 0.00536959 0.029552 0.0122061 0.0143655 0.0171075 0.0151689 0.00888109 0.0113385 0.00903997 0.0114575 0.00901555 0.0100464 0.00894746 0.0119189 
0.0901349 0.00906392 0.0164438 0.0132845 0.0387571 0.00945012 0.0429995 0.00536959 0 0.0443118 0.0216968 0.0146464 0.0108239 0.0102114 0.0165528 0.00963117 0.0119007 0.0116326 0.0182147 0.00893148 0.0113452 0.0109159 
0.0103938 0.0105863 0.0224381 0.0160615 0.013485 0.0120859 0.0201161 0.029552 0.0443118 0 0.0948753 0.033248 0.142568 0.0187072 0.00806318 0.0122974 0.0184055 0.0442811 0.016548 0.0113059 0.01094 0.0291612 
0.00989875 0.00849398 0.0129088 0.0118045 0.00938733 0.00944052 0.0180017 0.0122061 0.0216968 0.0948753 0 0.93349 0.0067227 0.00736325 0.00460362 0.00526835 0.00649652 0.0170317 0.0115445 0.00906995 0.00989457 0.0193022 
0.0094636 0.00926729 0.0170534 0.0130006 0.00994911 0.0102035 0.0183334 0.0143655 0.0146464 0.033248 0.93349 0 0.0209771 0.00443863 0.00410166 0.004699 0.00537203 0.0214423 0.0141177 0.0096171 0.00971258 0.0239751 
0.00889649 0.00925239 0.0173681 0.0103764 0.00932067 0.0101218 0.015204 0.0171075 0.0108239 0.142568 0.0067227 0.0209771 0 0.00684265 0.00371028 0.00390152 0.0051056 0.0172799 0.0221764 0.0103399 0.010498 0.0232492 
0.00835354 0.0103403 0.0135002 0.00939794 0.00947316 0.0110797 0.0127406 0.0151689 0.0102114 0.0187072 0.00736325 0.00443863 0.00684265 0 0.00370186 0.0036959 0.00392084 0.0123127 0.0110897 0.0261223 0.0159908 0.524184 
0.00857 0.00841851 0.00819654 0.00802035 0.00892181 0.0131568 0.00896466 0.00888109 0.0165528 0.00806318 0.00460362 0.00410166 0.00371028 0.00370186 0 0.00369211 0.0036484 0.00724092 0.0357843 0.0133758 0.729778 0.0128876 
0.00847027 0.00917894 0.00836235 0.00800716 0.00877452 0.00930325 0.00866145 0.0113385 0.00963117 0.0122974 0.00526835 0.004699 0.00390152 0.0036959 0.00369211 0 0.00370285 0.0091088 0.0094782 0.74615 0.0218158 0.0317613 
0.00988314 0.0084609 0.0102095 0.00833519 0.0103795 0.00928406 0.0100674 0.00903997 0.0119007 0.0184055 0.00649652 0.00537203 0.0051056 0.00392084 0.0036484 0.00370285 0 0.0124096 0.577202 0.012644 0.0642827 0.0385611 
0.00941417 0.00903934 0.0136138 0.0105989 0.0094582 0.00903035 0.0120976 0.0114575 0.0116326 0.0442811 0.0170317 0.0214423 0.0172799 0.0123127 0.00724092 0.0091088 0.0124096 0 0.0253377 0.0067051 0.00511964 0.00838207 
0.00889992 0.00893846 0.0106394 0.00929695 0.00878664 0.0104473 0.012491 0.00901555 0.0182147 0.016548 0.0115445 0.0141177 0.0221764 0.0110897 0.0357843 0.0094782 0.577202 0.0253377 0 0.00372351 0.00376369 0.00455691 
0.00825089 0.00855668 0.00915494 0.00818823 0.00859779 0.00906443 0.00875283 0.0100464 0.00893148 0.0113059 0.00906995 0.0096171 0.0103399 0.0261223 0.0133758 0.74615 0.012644 0.0067051 0.00372351 0 0.00378651 0.0037696 
0.00858495 0.00840634 0.0085973 0.00808083 0.00903148 0.00989615 0.00874872 0.00894746 0.0113452 0.01094 0.00989457 0.00971258 0.010498 0.0159908 0.729778 0.0218158 0.0642827 0.00511964 0.00376369 0.00378651 0 0.00374958 
0.0096914 0.00944565 0.0129094 0.0098183 0.0108882 0.0103539 0.0114255 0.0119189 0.0109159 0.0291612 0.0193022 0.0239751 0.0232492 0.524184 0.0128876 0.0317613 0.0385611 0.00838207 0.00455691 0.0037696 0.00374958 0 
