1G17A
SIMKILLIGDSGVGKSCLLVRFVEDKFNPSFITTIGIDFKIKTVDINGKKVKLQIWDTAGQERFRTITTAYYRGAMGIILVYDITDERTFTNIKQWFKTVNEHANDEAQLLLVGNKSDMETRVVTADQGEALAKELGIPFIESSAKNDDNVNEIFFTLAKLIQEKIDS
CEEEEEEECCCCCCHHHHHHHHHCCCCCCCCCCCCCEEEEEEEEECCCCEEEEEEEEECCCHHHHHHHHHHHCCCCEEEEEEECCCHHHHHCHHHHHHHHHHHCCCCCEEEEEEECCCCCCCCCCHHHHHHHHHHHCCCEEEEECCCCECHHHHHHHHHHHHHHHHCC
0 0 0 0 0 0 0 0 0 0 0 0 0 0 0 0 0 0 0 0 0 0 0 0 0 0 0 0 0 0 0 0 0 0 0 0 0 0 0 0 0 0 0 0 0 0 0 0 0 0 0 0 0 0 0 0 0 0 0 0 0 0 0 0 0 0 0 0 0 0 0 0 0 0 0 0 0 0 0 0 0 0 0 0 0 0 0 0 0 0 0 0 0 0 0 0 0 0 0 0 0 0 0 0 0 0 0 0 0 0 0 0 0 0 0 0 0 0 0 0 0 0 0 0 0 0 0 0 0 0 0 0 0 0 0 0 0 0 0 0 0 0 0 0 0 0 0 0 0 0 0 0 0 0 0 0 0 0 0 0 0 0 0 0 0 0 0 0 
0 0 0 0 0 0 0 0 0 0 0 0 0 0 0 0 0 0 0 0 0 0 0 0 0 0 0 0 0 0 0 0 0 0 0 0 0 0 0 0 0 0 0 0 0 0 0 0 0 0 0 0 0 0 0 0 0 0 0 0 0 0 0 0 0 0 0 0 0 0 0 0 0 0 0 0 0 0 0 0 0 0 0 0 0 0 0 0 0 0 0 0 0 0 0 0 0 0 0 0 0 0 0 0 0 0 0 0 0 0 0 0 0 0 0 0 0 0 0 0 0 0 0 0 0 0 0 0 0 0 0 0 0 0 0 0 0 0 0 0 0 0 0 0 0 0 0 0 0 0 0 0 0 0 0 0 0 0 0 0 0 0 0 0 0 0 0 0 
0 0.00385419 0.00394554 0.00379267 0.00388636 0.0039699 0.00722212 0.0740609 0.0131356 0.0116877 0.0135339 0.00997187 0.00997021 0.0169281 0.010243 0.0332911 0.0292194 0.0104089 0.0447689 0.0109675 0.0215738 0.0106881 0.0142628 0.0113274 0.0195936 0.0152867 0.0142504 0.012532 0.0143247 0.0117518 0.0108791 0.0170164 0.0103051 0.00934237 0.00997149 0.00962471 0.00896745 0.00893244 0.00968243 0.00899442 0.00851158 0.00856144 0.00839281 0.00930212 0.00841931 
0.00385419 0 0.00391637 0.00387817 0.003803 0.0041636 0.00432966 0.103633 0.0212061 0.0266438 0.0133647 0.0159955 0.0182012 0.0109579 0.104668 0.00961203 0.0114093 0.139645 0.00927243 0.253721 0.0109037 0.0598701 0.0139708 0.0279922 0.0112698 0.0217151 0.0372469 0.0281555 0.0315354 0.0259198 0.0309539 0.0101351 0.0110422 0.0154256 0.0155889 0.0169943 0.0118951 0.0102326 0.00894555 0.0100043 0.0107217 0.0088498 0.00964874 0.00833384 0.00834585 
0.00394554 0.00391637 0 0.00378699 0.00383283 0.00383589 0.00375956 0.0143305 0.0560984 0.0129731 0.015935 0.0136068 0.011482 0.0584992 0.0088153 0.0202214 0.0207338 0.0092538 0.115151 0.0107978 0.286983 0.0124569 0.0596488 0.012564 0.0102361 0.0108188 0.0164906 0.033521 0.0342777 0.0343308 0.0130203 0.010577 0.00960483 0.0120971 0.0171886 0.0208947 0.0130906 0.00958757 0.00836724 0.0089269 0.00937447 0.0103926 0.0085492 0.00841904 0.00801386 
0.00379267 0.00387817 0.00378699 0 0.00379438 0.00373517 0.00376601 0.0742772 0.0110263 0.0405414 0.0174758 0.0168144 0.0451258 0.0124512 0.0354293 0.00940016 0.00980422 0.0642163 0.00988944 0.188154 0.0167568 0.321322 0.0221025 0.022451 0.0106988 0.0165714 0.0227581 0.0487438 0.103296 0.0426296 0.0226528 0.0100153 0.0097053 0.0204997 0.0295276 0.0331039 0.0183458 0.00994906 0.00877937 0.00991881 0.0117881 0.00970912 0.00977566 0.00850591 0.00801064 
0.00388636 0.003803 0.00383283 0.00379438 0 0.0038002 0.00374958 0.0348074 0.0548126 0.0441618 0.0309568 0.0361282 0.0244793 0.0657597 0.018257 0.0152924 0.0149132 0.0189232 0.0786366 0.0352272 0.126023 0.0654405 0.268647 0.0189733 0.0139296 0.0174262 0.0434659 0.138251 0.129816 0.0971637 0.0270306 0.0120328 0.0105585 0.0245852 0.0552664 0.0505319 0.0299668 0.0115183 0.00883343 0.0118485 0.0124823 0.0124251 0.00996196 0.0088001 0.00807575 
0.0039699 0.0041636 0.00383589 0.00373517 0.0038002 0 0.00395859 0.017294 0.0297293 0.0230596 0.0394701 0.0173714 0.0190074 0.0246968 0.0735967 0.0211606 0.011279 0.0192131 0.0251571 0.0341362 0.0404282 0.0567325 0.0398924 0.295186 0.0160818 0.0147035 0.0391362 0.0642834 0.0889623 0.0693488 0.0984065 0.0174748 0.0108085 0.0193001 0.0340396 0.037669 0.0279549 0.0171341 0.00913667 0.0101093 0.0126126 0.0121645 0.0106799 0.00871253 0.00812819 
0.00722212 0.00432966 0.00375956 0.00376601 0.00374958 0.00395859 0 0.0348968 0.0121772 0.023223 0.01551 0.0144389 0.0152125 0.0125007 0.0460762 0.0859637 0.0163277 0.0155241 0.0129369 0.0180882 0.0163863 0.0153743 0.0201927 0.0303142 0.0750799 0.0279686 0.0154851 0.0185756 0.0253321 0.0215354 0.0305669 0.0429157 0.0138844 0.0110126 0.0136331 0.0143507 0.0128764 0.0113967 0.0116419 0.0122712 0.00976813 0.0094113 0.00964725 0.0098174 0.00855805 
0.0740609 0.103633 0.0143305 0.0742772 0.0348074 0.017294 0.0348968 0 0.00512269 0.00372215 0.00383871 0.00403746 0.00442748 0.0038564 0.0101487 0.00649446 0.00867501 0.0190308 0.00761147 0.0171801 0.00803296 0.0106558 0.00884468 0.0320798 0.733142 0.0139727 0.0126219 0.0117071 0.0113653 0.0115712 0.0120881 0.0155413 0.00955942 0.0105016 0.00975498 0.00940002 0.00915528 0.00913752 0.0202088 0.00887856 0.0085461 0.0084674 0.00879404 0.0109205 0.0090826 
0.0131356 0.0212061 0.0560984 0.0110263 0.0548126 0.0297293 0.0121772 0.00512269 0 0.00369813 0.00375289 0.00371464 0.00373142 0.00451663 0.00402008 0.00490842 0.00832536 0.00661356 0.0112496 0.00753202 0.0114651 0.00793889 0.039183 0.76039 0.0104168 0.00964484 0.0135396 0.013675 0.0170953 0.0118128 0.013654 0.0103358 0.00875079 0.00950151 0.0106895 0.0116009 0.00952794 0.00963525 0.00855178 0.00868539 0.00883506 0.00907745 0.00859435 0.0084458 0.0080323 
0.0116877 0.0266438 0.0129731 0.0405414 0.0441618 0.0230596 0.023223 0.00372215 0.00369813 0 0.00368911 0.00370871 0.00379148 0.00378046 0.0040131 0.00385098 0.00668815 0.00975391 0.00719529 0.0130248 0.0073861 0.0454238 0.828717 0.0131278 0.0087001 0.0110581 0.013289 0.0185733 0.0183855 0.0189995 0.0112831 0.00940468 0.00888404 0.0127129 0.0159788 0.0137983 0.0135966 0.00921833 0.00895597 0.00862147 0.00902572 0.00903288 0.00874559 0.00841429 0.00801016 
0.0135339 0.0133647 0.015935 0.0174758 0.0309568 0.0394701 0.01551 0.00383871 0.00375289 0.00368911 0 0.00414978 0.00374654 0.00407472 0.003793 0.00419843 0.00784152 0.00797985 0.00831014 0.00832378 0.017051 0.907357 0.014426 0.00948415 0.0082815 0.0103397 0.0123847 0.0156894 0.0192282 0.0160933 0.0118061 0.0105243 0.00916584 0.0107671 0.0132396 0.0177465 0.0113371 0.00952092 0.00906292 0.00966218 0.00927486 0.0095626 0.00859975 0.00869927 0.00808476 
0.00997187 0.0159955 0.0136068 0.0168144 0.0361282 0.0173714 0.0144389 0.00403746 0.00371464 0.00370871 0.00414978 0 0.00372761 0.00370134 0.00395231 0.00372032 0.00712595 0.0099746 0.00765729 0.0177944 0.88023 0.0137041 0.00792427 0.00788858 0.0079385 0.0105342 0.0104438 0.017443 0.0157989 0.0146301 0.0104843 0.00911414 0.00873702 0.00993032 0.0151556 0.0125113 0.0115409 0.00904111 0.00868164 0.00855437 0.00893952 0.0090785 0.00872892 0.0083815 0.0080058 
0.00997021 0.0182012 0.011482 0.0451258 0.0244793 0.0190074 0.0152125 0.00442748 0.00373142 0.00379148 0.00374654 0.00372761 0 0.00371817 0.00376738 0.00384202 0.00681333 0.0089966 0.014312 0.910756 0.0136295 0.00882761 0.00840158 0.00951828 0.00772122 0.0105166 0.0123593 0.0191279 0.0234269 0.015931 0.010427 0.00906124 0.00860284 0.0120296 0.0136631 0.0171584 0.0107324 0.00899729 0.00856637 0.00877234 0.00888342 0.00952063 0.00857083 0.00829035 0.00800211 
0.0169281 0.0109579 0.0584992 0.0124512 0.0657597 0.0246968 0.0125007 0.0038564 0.00451663 0.00378046 0.00407472 0.00370134 0.00371817 0 0.00369893 0.00384194 0.00983673 0.00807882 0.981189 0.0088231 0.0088863 0.00720817 0.00944337 0.0080079 0.0072775 0.0107963 0.0126553 0.0257677 0.0209129 0.0185437 0.0112022 0.00975559 0.00991827 0.0104564 0.0196189 0.0159566 0.0117718 0.00926238 0.00851879 0.00915157 0.00902071 0.00994314 0.00848636 0.00851121 0.00811971 
0.010243 0.104668 0.0088153 0.0354293 0.018257 0.0735967 0.0460762 0.0101487 0.00402008 0.0040131 0.003793 0.00395231 0.00376738 0.00369893 0 0.00371362 0.00869589 0.987133 0.00565661 0.0175369 0.0059024 0.0174609 0.00655008 0.00994386 0.00712655 0.0151196 0.0205989 0.0136585 0.0161679 0.0151026 0.0250096 0.00973604 0.0091417 0.0190535 0.0115578 0.0136524 0.0119609 0.00989366 0.00879371 0.00947364 0.010891 0.00868584 0.00939019 0.00833683 0.00830856 
0.0332911 0.00961203 0.0202214 0.00940016 0.0152924 0.0211606 0.0859637 0.00649446 0.00490842 0.00385098 0.00419843 0.00372032 0.00384202 0.00384194 0.00371362 0 0.988107 0.00448233 0.00935879 0.00431452 0.00835374 0.00633999 0.00824278 0.00794595 0.0104519 0.0178462 0.010274 0.0133701 0.0121482 0.0150629 0.0124855 0.0292953 0.0193961 0.00983465 0.011503 0.0105537 0.00985102 0.00995424 0.0099865 0.0121136 0.00932135 0.0089133 0.00866167 0.0105464 0.00921244 
0.0292194 0.0114093 0.0207338 0.00980422 0.0149132 0.011279 0.0163277 0.00867501 0.00832536 0.00668815 0.00784152 0.00712595 0.00681333 0.00983673 0.00869589 0.988107 0 0.00427968 0.00410432 0.00371271 0.00422838 0.00376932 0.00430744 0.0058205 0.00759806 0.0484955 0.0124154 0.0121768 0.0109438 0.0103511 0.0118234 0.0211303 0.0185135 0.00925282 0.00964282 0.00953416 0.00916487 0.0100416 0.0129158 0.0104144 0.00838192 0.00857617 0.00864619 0.012172 0.0105958 
0.0104089 0.139645 0.0092538 0.0642163 0.0189232 0.0192131 0.0155241 0.0190308 0.00661356 0.00975391 0.00797985 0.0099746 0.0089966 0.00807882 0.987133 0.00448233 0.00427968 0 0.00368781 0.00402769 0.00370233 0.00385257 0.00383593 0.00433773 0.00393577 0.0335276 0.0498364 0.014225 0.0216487 0.0176444 0.0233908 0.0105873 0.0116735 0.0269363 0.0155076 0.0154404 0.0123791 0.0112538 0.0103883 0.0117933 0.0123743 0.00873511 0.010306 0.00873697 0.00880121 
0.0447689 0.00927243 0.115151 0.00988944 0.0786366 0.0251571 0.0129369 0.00761147 0.0112496 0.00719529 0.00831014 0.00765729 0.014312 0.981189 0.00565661 0.00935879 0.00410432 0.00368781 0 0.00369557 0.00373133 0.00371242 0.00379842 0.00399016 0.00378683 0.0322704 0.0140637 0.0326691 0.0293808 0.0244969 0.0127348 0.0116782 0.0128487 0.0126059 0.0274143 0.0254164 0.0179181 0.0102797 0.0089895 0.00988735 0.00927036 0.0170506 0.00875379 0.0090506 0.00811932 
0.0109675 0.253721 0.0107978 0.188154 0.0352272 0.0341362 0.0180882 0.0171801 0.00753202 0.0130248 0.00832378 0.0177944 0.910756 0.0088231 0.0175369 0.00431452 0.00371271 0.00402769 0.00369557 0 0.00369418 0.00379397 0.00368697 0.00367551 0.00374678 0.030295 0.0414571 0.0287884 0.0547774 0.0308307 0.0295217 0.0109113 0.0119672 0.0380336 0.0416881 0.0446813 0.0304316 0.012214 0.00969094 0.0115737 0.0185444 0.0119317 0.0128988 0.00904707 0.00840918 
0.0215738 0.0109037 0.286983 0.0167568 0.126023 0.0404282 0.0163863 0.00803296 0.0114651 0.0073861 0.017051 0.88023 0.0136295 0.0088863 0.0059024 0.00835374 0.00422838 0.00370233 0.00373133 0.00369418 0 0.00394631 0.00369477 0.00370682 0.00371111 0.0198563 0.0273015 0.0756231 0.0438015 0.0513104 0.0203049 0.0161966 0.0125152 0.0235594 0.0649585 0.0602007 0.0306997 0.0148473 0.00954926 0.0116494 0.0119066 0.0270714 0.00996014 0.010132 0.00814076 
0.0106881 0.0598701 0.0124569 0.321322 0.0654405 0.0567325 0.0153743 0.0106558 0.00793889 0.0454238 0.907357 0.0137041 0.00882761 0.00720817 0.0174609 0.00633999 0.00376932 0.00385257 0.00371242 0.00379397 0.00394631 0 0.00370652 0.00370356 0.00371375 0.0255662 0.0439126 0.0787457 0.114896 0.0743675 0.0420638 0.0123641 0.01097 0.0386919 0.0740005 0.0745425 0.0422077 0.0154079 0.00991264 0.0104718 0.0161492 0.0157909 0.0148297 0.0089544 0.0081068 
0.0142628 0.0139708 0.0596488 0.0221025 0.268647 0.0398924 0.0201927 0.00884468 0.039183 0.828717 0.014426 0.00792427 0.00840158 0.00944337 0.00655008 0.00824278 0.00430744 0.00383593 0.00379842 0.00368697 0.00369477 0.00370652 0 0.00371539 0.00369483 0.017703 0.0384017 0.0749386 0.0817679 0.0745329 0.0215007 0.0157844 0.0110979 0.0235256 0.0655424 0.0717213 0.0453983 0.0147139 0.00933782 0.00962657 0.0117012 0.0244096 0.0113293 0.00891292 0.00807477 
0.0113274 0.0279922 0.012564 0.022451 0.0189733 0.295186 0.0303142 0.0320798 0.76039 0.0131278 0.00948415 0.00788858 0.00951828 0.0080079 0.00994386 0.00794595 0.0058205 0.00433773 0.00399016 0.00367551 0.00370682 0.00370356 0.00371539 0 0.0038792 0.0187069 0.0319845 0.0756522 0.0446459 0.0683259 0.116922 0.0265606 0.0109509 0.0207287 0.0240394 0.0300453 0.0255521 0.0281941 0.0112693 0.0101336 0.0136649 0.0121687 0.0171514 0.0095901 0.00810399 
0.0195936 0.0112698 0.0102361 0.0106988 0.0139296 0.0160818 0.0750799 0.733142 0.0104168 0.0087001 0.0082815 0.0079385 0.00772122 0.0072775 0.00712655 0.0104519 0.00759806 0.00393577 0.00378683 0.00374678 0.00371111 0.00371375 0.00369483 0.0038792 0 0.0231406 0.0208474 0.0209471 0.0321146 0.0263778 0.0497269 0.0916721 0.015595 0.0117585 0.0124874 0.0118885 0.012097 0.0117932 0.011967 0.013445 0.00959435 0.00959534 0.00927796 0.00946902 0.00870415 
0.0152867 0.0217151 0.0108188 0.0165714 0.0174262 0.0147035 0.0279686 0.0139727 0.00964484 0.0110581 0.0103397 0.0105342 0.0105166 0.0107963 0.0151196 0.0178462 0.0484955 0.0335276 0.0322704 0.030295 0.0198563 0.0255662 0.017703 0.0187069 0.0231406 0 0.00380896 0.00378698 0.00384211 0.00380891 0.00389673 0.00581529 0.645845 0.0190752 0.0240617 0.0140512 0.0139763 0.011522 0.0288871 0.0183479 0.0123738 0.0107535 0.0102643 0.0171192 0.0106581 
0.0142504 0.0372469 0.0164906 0.0227581 0.0434659 0.0391362 0.0154851 0.0126219 0.0135396 0.013289 0.0123847 0.0104438 0.0123593 0.0126553 0.0205989 0.010274 0.0124154 0.0498364 0.0140637 0.0414571 0.0273015 0.0439126 0.0384017 0.0319845 0.0208474 0.00380896 0 0.00373965 0.00373947 0.00384747 0.00804726 0.003829 0.0390786 0.719415 0.0220569 0.0641035 0.0188206 0.0342979 0.0110109 0.0182165 0.0212858 0.0151354 0.0171086 0.0118989 0.00863258 
0.012532 0.0281555 0.033521 0.0487438 0.138251 0.0642834 0.0185756 0.0117071 0.013675 0.0185733 0.0156894 0.017443 0.0191279 0.0257677 0.0136585 0.0133701 0.0121768 0.014225 0.0326691 0.0287884 0.0756231 0.0787457 0.0749386 0.0756522 0.0209471 0.00378698 0.00373965 0 0.00375887 0.00373645 0.0037802 0.00377047 0.065756 0.0476426 0.683154 0.0548821 0.135954 0.018098 0.0113124 0.016394 0.0257836 0.042204 0.0170978 0.0113134 0.00850072 
0.0143247 0.0315354 0.0342777 0.103296 0.129816 0.0889623 0.0253321 0.0113653 0.0170953 0.0183855 0.0192282 0.0157989 0.0234269 0.0209129 0.0161679 0.0121482 0.0109438 0.0216487 0.0293808 0.0547774 0.0438015 0.114896 0.0817679 0.0446459 0.0321146 0.00384211 0.00373947 0.00375887 0 0.00372236 0.00371833 0.00374968 0.0391394 0.143278 0.0881808 0.740843 0.0386981 0.0317593 0.0108947 0.0155272 0.035298 0.0460751 0.0215749 0.0107271 0.00841954 
0.0117518 0.0259198 0.0343308 0.0426296 0.0971637 0.0693488 0.0215354 0.0115712 0.0118128 0.0189995 0.0160933 0.0146301 0.015931 0.0185437 0.0151026 0.0150629 0.0103511 0.0176444 0.0244969 0.0308307 0.0513104 0.0743675 0.0745329 0.0683259 0.0263778 0.00380891 0.00384747 0.00373645 0.00372236 0 0.00387595 0.00373456 0.0311507 0.0775281 0.318818 0.0716822 0.632329 0.0193819 0.0144046 0.0149822 0.0270075 0.0420605 0.0198034 0.0103426 0.00837624 
0.0108791 0.0309539 0.0130203 0.0226528 0.0270306 0.0984065 0.0305669 0.0120881 0.013654 0.0112831 0.0118061 0.0104843 0.010427 0.0112022 0.0250096 0.0124855 0.0118234 0.0233908 0.0127348 0.0295217 0.0203049 0.0420638 0.0215007 0.116922 0.0497269 0.00389673 0.00804726 0.0037802 0.00371833 0.00387595 0 0.003793 0.0248544 0.0881877 0.0717691 0.186909 0.0524386 0.61947 0.0142764 0.015992 0.0258685 0.0193491 0.0302299 0.0112304 0.00880471 
0.0170164 0.0101351 0.010577 0.0100153 0.0120328 0.0174748 0.0429157 0.0155413 0.0103358 0.00940468 0.0105243 0.00911414 0.00906124 0.00975559 0.00973604 0.0292953 0.0211303 0.0105873 0.0116782 0.0109113 0.0161966 0.0123641 0.0157844 0.0265606 0.0916721 0.00581529 0.003829 0.00377047 0.00374968 0.00373456 0.003793 0 0.0354707 0.020192 0.0252536 0.0281825 0.0747179 0.0377812 0.516916 0.0194811 0.0118716 0.0114856 0.0132455 0.018343 0.0105637 
0.0103051 0.0110422 0.00960483 0.0097053 0.0105585 0.0108085 0.0138844 0.00955942 0.00875079 0.00888404 0.00916584 0.00873702 0.00860284 0.00991827 0.0091417 0.0193961 0.0185135 0.0116735 0.0128487 0.0119672 0.0125152 0.01097 0.0110979 0.0109509 0.015595 0.645845 0.0390786 0.065756 0.0391394 0.0311507 0.0248544 0.0354707 0 0.00413977 0.00371893 0.00374274 0.00378198 0.00405517 0.00477112 0.0568644 0.0137227 0.0125905 0.0112965 0.0244629 0.0137566 
0.00934237 0.0154256 0.0120971 0.0204997 0.0245852 0.0193001 0.0110126 0.0105016 0.00950151 0.0127129 0.0107671 0.00993032 0.0120296 0.0104564 0.0190535 0.00983465 0.00925282 0.0269363 0.0126059 0.0380336 0.0235594 0.0386919 0.0235256 0.0207287 0.0117585 0.0190752 0.719415 0.0476426 0.143278 0.0775281 0.0881877 0.020192 0.00413977 0 0.00373535 0.00378941 0.00375573 0.00388908 0.00384437 0.0627471 0.0580568 0.0198172 0.0226065 0.0125033 0.00987066 
0.00997149 0.0155889 0.0171886 0.0295276 0.0552664 0.0340396 0.0136331 0.00975498 0.0106895 0.0159788 0.0132396 0.0151556 0.0136631 0.0196189 0.0115578 0.011503 0.00964282 0.0155076 0.0274143 0.0416881 0.0649585 0.0740005 0.0655424 0.0240394 0.0124874 0.0240617 0.0220569 0.683154 0.0881808 0.318818 0.0717691 0.0252536 0.00371893 0.00373535 0 0.00373875 0.00375998 0.00586023 0.0037426 0.0548185 0.0581729 0.0567341 0.0266703 0.0122351 0.00909143 
0.00962471 0.0169943 0.0208947 0.0331039 0.0505319 0.037669 0.0143507 0.00940002 0.0116009 0.0137983 0.0177465 0.0125113 0.0171584 0.0159566 0.0136524 0.0105537 0.00953416 0.0154404 0.0254164 0.0446813 0.0602007 0.0745425 0.0717213 0.0300453 0.0118885 0.0140512 0.0641035 0.0548821 0.740843 0.0716822 0.186909 0.0281825 0.00374274 0.00378941 0.00373875 0 0.00370041 0.00369111 0.00400517 0.135911 0.077631 0.102548 0.0267624 0.012054 0.00876777 
0.00896745 0.0118951 0.0130906 0.0183458 0.0299668 0.0279549 0.0128764 0.00915528 0.00952794 0.0135966 0.0113371 0.0115409 0.0107324 0.0117718 0.0119609 0.00985102 0.00916487 0.0123791 0.0179181 0.0304316 0.0306997 0.0422077 0.0453983 0.0255521 0.012097 0.0139763 0.0188206 0.135954 0.0386981 0.632329 0.0524386 0.0747179 0.00378198 0.00375573 0.00375998 0.00370041 0 0.00370717 0.00369156 0.029019 0.198394 0.0780622 0.0488344 0.0116866 0.00869098 
0.00893244 0.0102326 0.00958757 0.00994906 0.0115183 0.0171341 0.0113967 0.00913752 0.00963525 0.00921833 0.00952092 0.00904111 0.00899729 0.00926238 0.00989366 0.00995424 0.0100416 0.0112538 0.0102797 0.012214 0.0148473 0.0154079 0.0147139 0.0281941 0.0117932 0.011522 0.0342979 0.018098 0.0317593 0.0193819 0.61947 0.0377812 0.00405517 0.00388908 0.00586023 0.00369111 0.00370717 0 0.00469196 0.0358476 0.0556753 0.18421 0.0695215 0.0207069 0.00913767 
0.00968243 0.00894555 0.00836724 0.00877937 0.00883343 0.00913667 0.0116419 0.0202088 0.00855178 0.00895597 0.00906292 0.00868164 0.00856637 0.00851879 0.00879371 0.0099865 0.0129158 0.0103883 0.0089895 0.00969094 0.00954926 0.00991264 0.00933782 0.0112693 0.011967 0.0288871 0.0110109 0.0113124 0.0108947 0.0144046 0.0142764 0.516916 0.00477112 0.00384437 0.0037426 0.00400517 0.00369156 0.00469196 0 0.0239497 0.0228129 0.0227292 0.128596 0.0724377 0.0154315 
0.00899442 0.0100043 0.0089269 0.00991881 0.0118485 0.0101093 0.0122712 0.00887856 0.00868539 0.00862147 0.00966218 0.00855437 0.00877234 0.00915157 0.00947364 0.0121136 0.0104144 0.0117933 0.00988735 0.0115737 0.0116494 0.0104718 0.00962657 0.0101336 0.013445 0.0183479 0.0182165 0.016394 0.0155272 0.0149822 0.015992 0.0194811 0.0568644 0.0627471 0.0548185 0.135911 0.029019 0.0358476 0.0239497 0 0.00388775 0.00371893 0.00372584 0.00403294 0.0133181 
0.00851158 0.0107217 0.00937447 0.0117881 0.0124823 0.0126126 0.00976813 0.0085461 0.00883506 0.00902572 0.00927486 0.00893952 0.00888342 0.00902071 0.010891 0.00932135 0.00838192 0.0123743 0.00927036 0.0185444 0.0119066 0.0161492 0.0117012 0.0136649 0.00959435 0.0123738 0.0212858 0.0257836 0.035298 0.0270075 0.0258685 0.0118716 0.0137227 0.0580568 0.0581729 0.077631 0.198394 0.0556753 0.0228129 0.00388775 0 0.00373561 0.00373056 0.00384707 0.00510398 
0.00856144 0.0088498 0.0103926 0.00970912 0.0124251 0.0121645 0.0094113 0.0084674 0.00907745 0.00903288 0.0095626 0.0090785 0.00952063 0.00994314 0.00868584 0.0089133 0.00857617 0.00873511 0.0170506 0.0119317 0.0270714 0.0157909 0.0244096 0.0121687 0.00959534 0.0107535 0.0151354 0.042204 0.0460751 0.0420605 0.0193491 0.0114856 0.0125905 0.0198172 0.0567341 0.102548 0.0780622 0.18421 0.0227292 0.00371893 0.00373561 0 0.00370825 0.00370872 0.00388032 
0.00839281 0.00964874 0.0085492 0.00977566 0.00996196 0.0106799 0.00964725 0.00879404 0.00859435 0.00874559 0.00859975 0.00872892 0.00857083 0.00848636 0.00939019 0.00866167 0.00864619 0.010306 0.00875379 0.0128988 0.00996014 0.0148297 0.0113293 0.0171514 0.00927796 0.0102643 0.0171086 0.0170978 0.0215749 0.0198034 0.0302299 0.0132455 0.0112965 0.0226065 0.0266703 0.0267624 0.0488344 0.0695215 0.128596 0.00372584 0.00373056 0.00370825 0 0.00371165 0.00591919 
0.00930212 0.00833384 0.00841904 0.00850591 0.0088001 0.00871253 0.0098174 0.0109205 0.0084458 0.00841429 0.00869927 0.0083815 0.00829035 0.00851121 0.00833683 0.0105464 0.012172 0.00873697 0.0090506 0.00904707 0.010132 0.0089544 0.00891292 0.0095901 0.00946902 0.0171192 0.0118989 0.0113134 0.0107271 0.0103426 0.0112304 0.018343 0.0244629 0.0125033 0.0122351 0.012054 0.0116866 0.0207069 0.0724377 0.00403294 0.00384707 0.00370872 0.00371165 0 0.169581 
0.00841931 0.00834585 0.00801386 0.00801064 0.00807575 0.00812819 0.00855805 0.0090826 0.0080323 0.00801016 0.00808476 0.0080058 0.00800211 0.00811971 0.00830856 0.00921244 0.0105958 0.00880121 0.00811932 0.00840918 0.00814076 0.0081068 0.00807477 0.00810399 0.00870415 0.0106581 0.00863258 0.00850072 0.00841954 0.00837624 0.00880471 0.0105637 0.0137566 0.00987066 0.00909143 0.00876777 0.00869098 0.00913767 0.0154315 0.0133181 0.00510398 0.00388032 0.00591919 0.169581 0 
