1G61A
MIIRKYFSGIPTIGVLALTTEEITLLPIFLDKDDVNEVSEVLETKCLQTNIGGSSLVGSLSVANKYGLLLPKIVEDEELDRIKNFLKENNLDLNVEIIKSKNTALGNLILTNDKGALISPELKDFKKDIEDSLNVEVEIGTIAELPTVGSNAVVTNKGCLTHPLVEDDELEFLKSLFKVEYIGKGTANKGTTSVGACIIANSKGAVVGGDTTGPELLIIEDALGL
CEEEECECCECCHHHHCEECCCEEEECCCCCHHHHHHHHHHHCCEEEECCECCECCHHHHCEECCCEEEEECCCCHHHHHHHHHHHHHCCCCCEEEEECCCCCCHHHHEEECCCEEEECHHHHHHHHHHHHHHCCEEEECCECCECCCCCCEEECCCEEEECCCCCHHHHHHHHHHHCCCEEEECCECCCECCHHHCEEECCCCEEEECCCCHHHHHHHHHHHCC
0 0 0 0 0 0 0 0 0 0 0 0 0 0 0 0 0 0 0 0 0 0 0 0 0 0 0 0 0 0 0 0 0 0 0 0 0 0 0 0 0 0 0 0 0 0 0 0 0 0 0 0 0 0 0 0 0 0 0 0 0 0 0 0 0 0 0 0 0 0 0 0 0 0 0 0 0 0 0 0 0 0 0 0 0 0 0 0 0 0 0 0 0 0 0 0 0 0 0 0 0 0 0 0 0 0 0 0 0 0 0 0 0 0 0 0 0 0 0 0 0 0 0 0 0 0 0 0 0 0 0 0 0 0 0 0 0 0 0 0 0 0 0 0 0 0 0 0 0 0 0 0 0 0 0 0 0 0 0 0 0 0 0 0 0 0 0 0 0 0 0 0 0 0 0 0 0 0 0 0 0 0 0 0 0 0 0 0 0 0 0 0 0 0 0 0 0 0 0 0 0 0 0 0 0 0 0 0 0 0 0 0 0 0 0 0 0 0 0 0 0 0 0 0 0 
0 0 0 0 0 0 0 0 0 0 0 0 0 0 0 0 0 0 0 0 0 0 0 0 0 0 0 0 0 0 0 0 0 0 0 0 0 0 0 0 0 0 0 0 0 0 0 0 0 0 0 0 0 0 0 0 0 0 0 0 0 0 0 0 0 0 0 0 0 0 0 0 0 0 0 0 0 0 0 0 0 0 0 0 0 0 0 0 0 0 0 0 0 0 0 0 0 0 0 0 0 0 0 0 0 0 0 0 0 0 0 0 0 0 0 0 0 0 0 0 0 0 0 0 0 0 0 0 0 0 0 0 0 0 0 0 0 0 0 0 0 0 0 0 0 0 0 0 0 0 0 0 0 0 0 0 0 0 0 0 0 0 0 0 0 0 0 0 0 0 0 0 0 0 0 0 0 0 0 0 0 0 0 0 0 0 0 0 0 0 0 0 0 0 0 0 0 0 0 0 0 0 0 0 0 0 0 0 0 0 0 0 0 0 0 0 0 0 0 0 0 0 0 0 0 
0 0.00391402 0.00385159 0.0096597 0.00685503 0.0146535 0.0133298 0.0451914 0.0394341 0.022761 0.0229185 0.103969 0.0200015 0.0190174 0.016212 0.0322543 0.0148887 0.0168502 0.0111905 0.0138961 0.0195381 0.0137106 0.0131921 0.012427 0.03374 0.00946934 0.00869626 0.00867616 0.00884268 0.0214264 0.00929318 0.00869733 0.0128343 0.00965107 0.00953379 0.0101369 0.0148085 0.00852263 0.00864896 0.00822613 0.0114256 0.00888117 0.00877702 0.0085503 0.00860296 0.00969773 0.00832601 0.00845448 0.00841083 0.00865122 0.00845106 0.00820999 0.00829301 0.00840548 0.00864459 0.0085933 0.00956971 0.00852558 0.0123602 0.00841784 0.00841194 0.00844005 0.00872502 
0.00391402 0 0.00407809 0.00375598 0.00432989 0.0051167 0.0102085 0.0125275 0.0129254 0.0274982 0.0287783 0.0101272 0.0103932 0.0275034 0.016556 0.0101055 0.00899137 0.0087757 0.00907041 0.00894677 0.0103158 0.0184673 0.0134299 0.011844 0.00912611 0.00834025 0.00881469 0.00848081 0.00882785 0.008569 0.0086777 0.00880288 0.008663 0.00853107 0.00954381 0.00975266 0.0092371 0.0081415 0.00865974 0.00824751 0.00824771 0.00823944 0.0080819 0.0083679 0.00857433 0.00835542 0.00812054 0.00834609 0.00855303 0.00822256 0.00810947 0.00820922 0.00826724 0.00806594 0.00812374 0.0080559 0.00826994 0.0082514 0.00822416 0.00813695 0.00832901 0.00835302 0.00819937 
0.00385159 0.00407809 0 0.0038223 0.00382112 0.00728482 0.00896959 0.0179546 0.0126463 0.0296985 0.0171357 0.0103863 0.0125438 0.0114389 0.0171453 0.0103628 0.00912814 0.00902312 0.00945831 0.0091119 0.0103262 0.011078 0.0151458 0.0103211 0.00845555 0.0103259 0.0084405 0.00915162 0.00901809 0.00817093 0.00975983 0.00913187 0.00835754 0.00861051 0.00925776 0.00890076 0.00845189 0.00947879 0.00829238 0.00846082 0.00811416 0.00809475 0.00804254 0.0083049 0.00849581 0.00812776 0.00808562 0.0083927 0.00837482 0.00814725 0.00811158 0.00823468 0.0081791 0.00803247 0.00807462 0.00807835 0.00826917 0.00828306 0.00803785 0.00827499 0.00834435 0.00817861 0.00805988 
0.0096597 0.00375598 0.0038223 0 0.00630212 0.00426058 0.0227925 0.00956066 0.0359166 0.0116426 0.0123399 0.0133273 0.0101419 0.0129956 0.00976821 0.0110659 0.0146953 0.0102017 0.0116847 0.00991014 0.013158 0.0121115 0.0105116 0.00876537 0.0119925 0.00848869 0.0118047 0.00834381 0.00837358 0.0123894 0.01001 0.00888315 0.00898214 0.0108996 0.00904884 0.00869448 0.00917322 0.00811706 0.0120126 0.00813589 0.00840471 0.00876843 0.00879612 0.0088821 0.00843769 0.00860809 0.00859724 0.00818489 0.00831632 0.00825076 0.00840819 0.00820925 0.00815034 0.00813093 0.00837583 0.00830934 0.00853445 0.00832538 0.00832157 0.00847045 0.00831849 0.00838246 0.00824484 
0.00685503 0.00432989 0.00382112 0.00630212 0 0.910553 0.0125067 0.0503091 0.0210611 0.012427 0.0119593 0.0259277 0.0119868 0.0103869 0.0117623 0.0135186 0.0370442 0.0272721 0.0133566 0.0136111 0.0138018 0.00984358 0.00884997 0.00871759 0.0172269 0.0099738 0.00953244 0.0081397 0.00824936 0.0148088 0.0109561 0.00863475 0.0106521 0.0101661 0.00902145 0.00824069 0.0114551 0.00877259 0.00981044 0.00805645 0.00861289 0.0117973 0.0100265 0.00904091 0.00810438 0.00873468 0.0088148 0.00821593 0.00796302 0.00848839 0.00838352 0.00823112 0.00800493 0.00827057 0.0110948 0.0120068 0.00877942 0.00808246 0.00862494 0.00871176 0.00822915 0.00809953 0.00864499 
0.0146535 0.0051167 0.00728482 0.00426058 0.910553 0 0.0455948 0.0152196 0.0104285 0.00877906 0.0111337 0.0214782 0.0159351 0.00878496 0.00896098 0.013608 0.021394 0.0221336 0.0137442 0.0118419 0.0123488 0.00853723 0.00860244 0.00865139 0.0106825 0.0127784 0.00807414 0.00815906 0.00831162 0.00869944 0.0090344 0.00811371 0.00970866 0.00944036 0.00801835 0.00817828 0.00969317 0.0108119 0.00801453 0.00806472 0.0086378 0.0107777 0.0100466 0.00845432 0.00803405 0.00841553 0.00827823 0.00794612 0.00796394 0.00826462 0.00838672 0.00796638 0.00790221 0.00831099 0.00969562 0.0119658 0.00848024 0.00792066 0.00854366 0.00835929 0.00800865 0.007986 0.00877714 
0.0133298 0.0102085 0.00896959 0.0227925 0.0125067 0.0455948 0 0.00465244 0.00468 0.0181982 0.131218 0.0101059 0.0219082 0.0126113 0.0179094 0.0175834 0.0199622 0.0182214 0.0152227 0.0255032 0.0132772 0.0121176 0.0104922 0.0139415 0.0150617 0.00949998 0.00854655 0.00837558 0.00917113 0.011275 0.0100187 0.010555 0.0127902 0.0094488 0.00954261 0.00974808 0.0126126 0.00915355 0.00841097 0.00846981 0.00903951 0.00963124 0.00864368 0.00864679 0.0087487 0.00925877 0.00819112 0.00855766 0.00841458 0.00917339 0.00836957 0.00815437 0.00829506 0.00842725 0.00865434 0.00874485 0.00847125 0.00842345 0.00881295 0.00880867 0.00833014 0.00834102 0.0087185 
0.0451914 0.0125275 0.0179546 0.00956066 0.0503091 0.0152196 0.00465244 0 0.031282 0.0674373 0.00631428 0.00635873 0.0165315 0.0134538 0.0145251 0.0228876 0.0281704 0.0172479 0.0257481 0.0150883 0.0204721 0.0123599 0.00965793 0.011364 0.0117842 0.0112 0.00934868 0.00841373 0.0089694 0.00963656 0.0123825 0.0105312 0.0104361 0.0139176 0.00965845 0.00994518 0.0106338 0.00916022 0.00966954 0.00826468 0.0086082 0.00936917 0.00875783 0.010231 0.00874585 0.00906033 0.00858163 0.00832036 0.00833658 0.00855077 0.00842762 0.00814969 0.00822736 0.00840522 0.00861382 0.00884896 0.00858325 0.00852824 0.00838955 0.00846194 0.00838512 0.00851253 0.00847916 
0.0394341 0.0129254 0.0126463 0.0359166 0.0210611 0.0104285 0.00468 0.031282 0 0.00372816 0.00372922 0.00406089 0.448425 0.0200326 0.0167968 0.0240342 0.0194711 0.0151783 0.0135329 0.0178031 0.027778 0.0171166 0.0136278 0.0109631 0.0254165 0.0102882 0.00994018 0.00878808 0.00939672 0.0175878 0.0113086 0.00932526 0.0155255 0.0128228 0.0107417 0.010321 0.0177343 0.00897112 0.00903339 0.00832576 0.0102477 0.0102748 0.00882301 0.00921912 0.00866152 0.0103427 0.0090048 0.00840457 0.00851098 0.0096388 0.00859726 0.00818674 0.00825535 0.00863246 0.00893911 0.00867447 0.00865964 0.0082455 0.00910454 0.00870881 0.00836824 0.00842989 0.00899471 
0.022761 0.0274982 0.0296985 0.0116426 0.012427 0.00877906 0.0181982 0.0674373 0.00372816 0 0.00372997 0.00371691 0.0515122 0.574603 0.0240938 0.0238058 0.0112694 0.00997064 0.0144908 0.0119836 0.0182854 0.0500496 0.029548 0.0207279 0.0106904 0.0116275 0.0106384 0.0117358 0.0110906 0.00923864 0.0124669 0.0118409 0.01008 0.0110665 0.019766 0.0173741 0.00992008 0.00940714 0.00933004 0.0087764 0.00880146 0.00837687 0.00817022 0.00914898 0.00967076 0.00961347 0.0085291 0.00939507 0.00972212 0.00863611 0.00851914 0.00854438 0.00870106 0.00854073 0.00817734 0.00799352 0.0086275 0.00894607 0.00890891 0.00840812 0.00887595 0.00901592 0.0084642 
0.0229185 0.0287783 0.0171357 0.0123399 0.0119593 0.0111337 0.131218 0.00631428 0.00372922 0.00372997 0 0.00385089 0.0234039 0.0379004 0.685001 0.0195684 0.0160114 0.0105069 0.0160779 0.015319 0.0157493 0.0312288 0.0378452 0.0219982 0.0107718 0.0100366 0.0117373 0.0102317 0.0136287 0.00996323 0.0134422 0.0181427 0.0121552 0.0116282 0.0223163 0.021125 0.0106098 0.00957558 0.0102291 0.00891875 0.00847575 0.00861979 0.0081571 0.00978447 0.0104603 0.00908988 0.00877764 0.0097127 0.00986606 0.00890071 0.00850458 0.00853571 0.00868378 0.00823912 0.0081487 0.00804769 0.00877501 0.00927091 0.00838527 0.00867693 0.00892497 0.0089739 0.00843163 
0.103969 0.0101272 0.0103863 0.0133273 0.0259277 0.0214782 0.0101059 0.00635873 0.00406089 0.00371691 0.00385089 0 0.0228949 0.020306 0.0297348 0.554717 0.0230672 0.0172864 0.0173273 0.0250595 0.0239172 0.0145873 0.0136027 0.0121599 0.0140653 0.0147945 0.00926812 0.00884341 0.00931456 0.0106862 0.0172272 0.00998506 0.0151644 0.0219655 0.0109268 0.0116633 0.0124681 0.0107502 0.00903974 0.0084251 0.00890185 0.00995894 0.00871833 0.0112011 0.00868952 0.00954058 0.00942654 0.00853956 0.00855642 0.00870641 0.00865586 0.0081832 0.00816317 0.00842581 0.00889285 0.00906274 0.00914246 0.00840137 0.00833381 0.00887444 0.0084645 0.00834597 0.00840841 
0.0200015 0.0103932 0.0125438 0.0101419 0.0119868 0.0159351 0.0219082 0.0165315 0.448425 0.0515122 0.0234039 0.0228949 0 0.00378329 0.00371389 0.00432761 0.00525856 0.00918282 0.012009 0.0161632 0.0345202 0.0140067 0.0138116 0.0115017 0.0181299 0.0247678 0.00902947 0.0104445 0.0115349 0.0109302 0.0110661 0.0092392 0.0138391 0.0142599 0.00990085 0.0101828 0.0140853 0.0148754 0.00819518 0.0092082 0.0102619 0.0096709 0.00898622 0.00934295 0.00871227 0.00960271 0.00866166 0.00827969 0.00836365 0.0093102 0.00865865 0.0081056 0.00809916 0.00905123 0.0086742 0.00905892 0.00849628 0.00814769 0.00893328 0.00875392 0.00825849 0.00839818 0.00870487 
0.0190174 0.0275034 0.0114389 0.0129956 0.0103869 0.00878496 0.0126113 0.0134538 0.0200326 0.574603 0.0379004 0.020306 0.00378329 0 0.00371351 0.00370234 0.00402138 0.00606125 0.018737 0.0117047 0.016948 0.0570881 0.0196926 0.0151223 0.0121665 0.00919589 0.0204346 0.0114163 0.0106712 0.0112231 0.0128733 0.0149225 0.0104675 0.0121785 0.0264574 0.0143951 0.0113674 0.00834483 0.0146059 0.00872587 0.00864051 0.00872332 0.00812656 0.00952243 0.00959163 0.00958248 0.00847197 0.00930145 0.00938706 0.0086712 0.00853599 0.00846609 0.00865328 0.00820391 0.00816166 0.00796395 0.0086665 0.00879212 0.0084844 0.0083813 0.00882412 0.00906599 0.00839161 
0.016212 0.016556 0.0171453 0.00976821 0.0117623 0.00896098 0.0179094 0.0145251 0.0167968 0.0240938 0.685001 0.0297348 0.00371389 0.00371351 0 0.00372669 0.00430225 0.00782583 0.0107488 0.0260604 0.0123252 0.0280408 0.0380815 0.0274252 0.010416 0.0103815 0.0101655 0.0104982 0.0151456 0.00964849 0.0135561 0.0213405 0.0144114 0.0111312 0.0176097 0.0343354 0.0106184 0.0093741 0.00940645 0.0101824 0.0085305 0.00843448 0.00809877 0.00960267 0.0105008 0.0092563 0.00841263 0.00903661 0.011866 0.00891816 0.00829841 0.00845861 0.00855335 0.00820725 0.00807368 0.0080296 0.00857744 0.00877154 0.00834766 0.0083612 0.0088137 0.00896296 0.00832729 
0.0322543 0.0101055 0.0103628 0.0110659 0.0135186 0.013608 0.0175834 0.0228876 0.0240342 0.0238058 0.0195684 0.554717 0.00432761 0.00370234 0.00372669 0 0.00635488 0.0104004 0.0390711 0.0269193 0.0330902 0.0149612 0.0145508 0.0173893 0.0171361 0.0271972 0.009852 0.00916919 0.0100665 0.0139665 0.0221728 0.0115851 0.0272498 0.0179407 0.0117924 0.0126883 0.0172744 0.0132906 0.00896356 0.00884929 0.00987014 0.0101313 0.00864097 0.0124934 0.00900964 0.011128 0.0100501 0.00879081 0.00873602 0.00976305 0.00909596 0.008504 0.00821271 0.00876387 0.00858267 0.00929921 0.00966724 0.00840323 0.00866299 0.00935691 0.00849404 0.00845571 0.00888013 
0.0148887 0.00899137 0.00912814 0.0146953 0.0370442 0.021394 0.0199622 0.0281704 0.0194711 0.0112694 0.0160114 0.0230672 0.00525856 0.00402138 0.00430225 0.00635488 0 0.886022 0.016363 0.0320534 0.0150197 0.0147639 0.00976384 0.0108969 0.0367695 0.0127975 0.010971 0.00852938 0.00942374 0.0210854 0.0131661 0.0105298 0.0144366 0.014396 0.00967934 0.0096679 0.0170596 0.00990117 0.0105654 0.00828394 0.00956098 0.0174389 0.0121251 0.0101637 0.00843066 0.00999945 0.00942446 0.00828335 0.0082057 0.00924693 0.00869997 0.00815863 0.00805159 0.00849231 0.0111808 0.0107086 0.00900897 0.00807762 0.00905734 0.00855891 0.00811967 0.00818284 0.00885845 
0.0168502 0.0087757 0.00902312 0.0102017 0.0272721 0.0221336 0.0182214 0.0172479 0.0151783 0.00997064 0.0105069 0.0172864 0.00918282 0.00606125 0.00782583 0.0104004 0.886022 0 0.0474497 0.0202743 0.0137434 0.00929707 0.00883646 0.0116006 0.0167495 0.0136357 0.00971314 0.0084751 0.00915678 0.0143526 0.0119762 0.00903454 0.0133708 0.0125184 0.00865385 0.0088851 0.014146 0.0113274 0.00926773 0.00825695 0.00968174 0.0166603 0.0130064 0.00975941 0.00818131 0.00961489 0.00914868 0.00804412 0.0081245 0.00907703 0.00874918 0.00808556 0.00801085 0.00885728 0.0114371 0.0134484 0.0086162 0.00796028 0.009017 0.0085549 0.0079702 0.00807543 0.00910001 
0.0111905 0.00907041 0.00945831 0.0116847 0.0133566 0.0137442 0.0152227 0.0257481 0.0135329 0.0144908 0.0160779 0.0173273 0.012009 0.018737 0.0107488 0.0390711 0.016363 0.0474497 0 0.00534652 0.00459958 0.064137 0.145405 0.0102243 0.0109914 0.0183946 0.0117923 0.00957405 0.0109028 0.0190463 0.0136135 0.0153226 0.0176703 0.0124388 0.0163772 0.0129042 0.0199226 0.00923555 0.0091489 0.00876465 0.00990354 0.0117891 0.00972443 0.00952213 0.00983778 0.0112999 0.0085414 0.00879668 0.00933487 0.0107932 0.00834419 0.00832891 0.0083866 0.00862233 0.00993727 0.00894538 0.00836766 0.00854443 0.00951844 0.00847957 0.00831504 0.00853837 0.00913207 
0.0138961 0.00894677 0.0091119 0.00991014 0.0136111 0.0118419 0.0255032 0.0150883 0.0178031 0.0119836 0.015319 0.0250595 0.0161632 0.0117047 0.0260604 0.0269193 0.0320534 0.0202743 0.00534652 0 0.0902141 0.132157 0.00559443 0.00724226 0.00581277 0.0134685 0.0102768 0.00878529 0.0100689 0.0118647 0.0165418 0.0150139 0.0154995 0.0178601 0.0112825 0.0132977 0.015162 0.0101239 0.00972619 0.00867952 0.00902911 0.0122283 0.00946997 0.0123711 0.0102998 0.0100043 0.0102129 0.00909972 0.00896947 0.00919134 0.00908066 0.00828637 0.00839416 0.0084912 0.00885277 0.00910929 0.0100595 0.00848448 0.00858852 0.00877558 0.00840584 0.00860527 0.00879675 
0.0195381 0.0103158 0.0103262 0.013158 0.0138018 0.0123488 0.0132772 0.0204721 0.027778 0.0182854 0.0157493 0.0239172 0.0345202 0.016948 0.0123252 0.0330902 0.0150197 0.0137434 0.00459958 0.0902141 0 0.00381198 0.00372452 0.00375257 0.00441652 0.63223 0.0125592 0.0135224 0.0113453 0.024303 0.0216193 0.0119296 0.0279752 0.0343104 0.0201555 0.0138508 0.0314176 0.0148435 0.0100928 0.00926271 0.014332 0.0130185 0.0103366 0.0135209 0.0095528 0.0144095 0.0115473 0.00942499 0.00966687 0.0124098 0.00909438 0.00847331 0.00859302 0.0097869 0.0101267 0.00896391 0.00937488 0.0084228 0.0105094 0.0087619 0.00852388 0.00890019 0.00989718 
0.0137106 0.0184673 0.011078 0.0121115 0.00984358 0.00853723 0.0121176 0.0123599 0.0171166 0.0500496 0.0312288 0.0145873 0.0140067 0.0570881 0.0280408 0.0149612 0.0147639 0.00929707 0.064137 0.132157 0.00381198 0 0.0037124 0.00371767 0.00377559 0.0190841 0.57199 0.0121812 0.026915 0.0130094 0.021948 0.0279932 0.0133635 0.0212666 0.0600677 0.0335506 0.0171831 0.00962848 0.0156711 0.0112181 0.0100789 0.00955432 0.00847341 0.0109663 0.0144685 0.0111341 0.00965065 0.0127988 0.0115219 0.0100724 0.00909546 0.00899439 0.0099067 0.0085467 0.00840412 0.007995 0.00886509 0.00957053 0.00926251 0.00894317 0.00983378 0.0100379 0.0090266 
0.0131921 0.0134299 0.0151458 0.0105116 0.00884997 0.00860244 0.0104922 0.00965793 0.0136278 0.029548 0.0378452 0.0136027 0.0138116 0.0196926 0.0380815 0.0145508 0.00976384 0.00883646 0.145405 0.00559443 0.00372452 0.0037124 0 0.00371035 0.00370633 0.0219518 0.0127746 0.571897 0.0169186 0.012415 0.0170908 0.0179831 0.0136277 0.0149764 0.03826 0.041938 0.0122315 0.0103964 0.0112878 0.0116352 0.00997005 0.00881631 0.00833201 0.0109451 0.0119489 0.0125227 0.00943314 0.0118858 0.0132824 0.0101305 0.00874582 0.00910408 0.00935679 0.00876394 0.00826619 0.00802957 0.00965935 0.00916973 0.00934285 0.00895138 0.0100569 0.0103599 0.008984 
0.012427 0.011844 0.0103211 0.00876537 0.00871759 0.00865139 0.0139415 0.011364 0.0109631 0.0207279 0.0219982 0.0121599 0.0115017 0.0151223 0.0274252 0.0173893 0.0108969 0.0116006 0.0102243 0.00724226 0.00375257 0.00371767 0.00371035 0 0.00376882 0.0155832 0.0202696 0.0120887 0.505057 0.0116465 0.0243506 0.0234216 0.0143328 0.0116846 0.0253336 0.0280232 0.0112402 0.0102161 0.0101611 0.00996842 0.00894901 0.00904962 0.00840217 0.0100836 0.0128446 0.00989526 0.00913575 0.0102759 0.0109761 0.00961739 0.00851592 0.00870863 0.00882027 0.00839398 0.00824344 0.00824833 0.0091902 0.00909333 0.00839586 0.00894005 0.00919915 0.00903588 0.00844574 
0.03374 0.00912611 0.00845555 0.0119925 0.0172269 0.0106825 0.0150617 0.0117842 0.0254165 0.0106904 0.0107718 0.0140653 0.0181299 0.0121665 0.010416 0.0171361 0.0367695 0.0167495 0.0109914 0.00581277 0.00441652 0.00377559 0.00370633 0.00376882 0 0.0184448 0.0136053 0.0148924 0.0115577 0.446816 0.0219235 0.0106287 0.0167329 0.0269532 0.0119163 0.012364 0.0167183 0.0117321 0.01163 0.00865545 0.0095787 0.0136941 0.01012 0.0153681 0.00893217 0.0106381 0.0121541 0.00885275 0.00899663 0.0090884 0.00974532 0.00843567 0.00830891 0.00864008 0.00953039 0.00927742 0.0103237 0.00831247 0.00866403 0.00967621 0.00843466 0.00836603 0.00849782 
0.00946934 0.00834025 0.0103259 0.00848869 0.0099738 0.0127784 0.00949998 0.0112 0.0102882 0.0116275 0.0100366 0.0147945 0.0247678 0.00919589 0.0103815 0.0271972 0.0127975 0.0136357 0.0183946 0.0134685 0.63223 0.0190841 0.0219518 0.0155832 0.0184448 0 0.00382793 0.00387013 0.00435652 0.00464128 0.00759561 0.00876985 0.0326654 0.0174799 0.0123109 0.0130683 0.0280204 0.045553 0.00886641 0.0128415 0.0215226 0.0159349 0.0130796 0.0129434 0.00993108 0.0136448 0.0112215 0.0090796 0.00916466 0.0127531 0.0100422 0.00855515 0.0083859 0.0120377 0.0103079 0.0115408 0.00893272 0.00889864 0.0107889 0.00911537 0.00839294 0.00846686 0.0099118 
0.00869626 0.00881469 0.0084405 0.0118047 0.00953244 0.00807414 0.00854655 0.00934868 0.00994018 0.0106384 0.0117373 0.00926812 0.00902947 0.0204346 0.0101655 0.009852 0.010971 0.00971314 0.0117923 0.0102768 0.0125592 0.57199 0.0127746 0.0202696 0.0136053 0.00382793 0 0.00382929 0.00376543 0.00428598 0.00711867 0.0106967 0.0137985 0.0121326 0.0155864 0.011526 0.0117067 0.00897358 0.0283362 0.00924172 0.00955236 0.0114688 0.00979412 0.0101494 0.00964275 0.0100411 0.00925305 0.00911899 0.00960914 0.00904875 0.00863501 0.00879738 0.0088364 0.00830786 0.00861384 0.00827341 0.00853565 0.0086342 0.00857626 0.00828313 0.00862657 0.00886029 0.00847711 
0.00867616 0.00848081 0.00915162 0.00834381 0.0081397 0.00815906 0.00837558 0.00841373 0.00878808 0.0117358 0.0102317 0.00884341 0.0104445 0.0114163 0.0104982 0.00916919 0.00852938 0.0084751 0.00957405 0.00878529 0.0135224 0.0121812 0.571897 0.0120887 0.0148924 0.00387013 0.00382929 0 0.00376808 0.00371082 0.00688749 0.0120054 0.00969022 0.00931131 0.0135986 0.013045 0.00923401 0.0142517 0.0103913 0.0108346 0.00932377 0.0087656 0.00842504 0.00933112 0.00984307 0.0091724 0.00864589 0.0100116 0.00964706 0.00900612 0.00862257 0.00911347 0.00875217 0.00841979 0.008227 0.00809383 0.0087065 0.00877059 0.00866237 0.00830117 0.00905573 0.00887776 0.00836769 
0.00884268 0.00882785 0.00901809 0.00837358 0.00824936 0.00831162 0.00917113 0.0089694 0.00939672 0.0110906 0.0136287 0.00931456 0.0115349 0.0106712 0.0151456 0.0100665 0.00942374 0.00915678 0.0109028 0.0100689 0.0113453 0.026915 0.0169186 0.505057 0.0115577 0.00435652 0.00376543 0.00376808 0 0.00371593 0.0112217 0.0145728 0.0174603 0.0113919 0.016459 0.020402 0.0106706 0.0147375 0.0107878 0.0136966 0.0094709 0.00998182 0.0088638 0.0105279 0.0145956 0.00937051 0.00932642 0.0113485 0.0109049 0.00967088 0.00904899 0.00872521 0.00883995 0.00844109 0.00840964 0.00847994 0.00927277 0.00905387 0.00850146 0.00901268 0.009014 0.00914576 0.00852695 
0.0214264 0.008569 0.00817093 0.0123894 0.0148088 0.00869944 0.011275 0.00963656 0.0175878 0.00923864 0.00996323 0.0106862 0.0109302 0.0112231 0.00964849 0.0139665 0.0210854 0.0143526 0.0190463 0.0118647 0.024303 0.0130094 0.012415 0.0116465 0.446816 0.00464128 0.00428598 0.00371082 0.00371593 0 0.0230885 0.00983848 0.0201087 0.0218272 0.0112666 0.0131707 0.0605781 0.011459 0.0225607 0.00890627 0.013737 0.0214888 0.0164003 0.0181981 0.00950506 0.0164491 0.0172264 0.0092348 0.00942965 0.0116697 0.0108389 0.00894325 0.00890322 0.00876053 0.0107881 0.0100271 0.012135 0.00863635 0.00924193 0.0101042 0.00851415 0.00890113 0.00896254 
0.00929318 0.0086777 0.00975983 0.01001 0.0109561 0.0090344 0.0100187 0.0123825 0.0113086 0.0124669 0.0134422 0.0172272 0.0110661 0.0128733 0.0135561 0.0221728 0.0131661 0.0119762 0.0136135 0.0165418 0.0216193 0.021948 0.0170908 0.0243506 0.0219235 0.00759561 0.00711867 0.00688749 0.0112217 0.0230885 0 0.00370448 0.00373303 0.00393172 0.00633081 0.0373849 0.463877 0.0151898 0.0130618 0.0133048 0.022128 0.0156746 0.0134857 0.0208907 0.0142169 0.0326465 0.0131526 0.0130438 0.0143648 0.0236358 0.0121801 0.0107924 0.0113869 0.0134635 0.0111435 0.00991351 0.0113198 0.010211 0.0180409 0.0101937 0.00982955 0.0113758 0.0137466 
0.00869733 0.00880288 0.00913187 0.00888315 0.00863475 0.00811371 0.010555 0.0105312 0.00932526 0.0118409 0.0181427 0.00998506 0.0092392 0.0149225 0.0213405 0.0115851 0.0105298 0.00903454 0.0153226 0.0150139 0.0119296 0.0279932 0.0179831 0.0234216 0.0106287 0.00876985 0.0106967 0.0120054 0.0145728 0.00983848 0.00370448 0 0.00379941 0.00460142 0.0514618 0.548722 0.00508415 0.0121529 0.020674 0.025211 0.0113177 0.015123 0.0111767 0.0117779 0.0689937 0.0146789 0.0104084 0.019076 0.0343651 0.0122433 0.00906834 0.0106733 0.0135607 0.00917073 0.0092584 0.00837087 0.0107041 0.0170511 0.0099928 0.00923336 0.0113232 0.0143787 0.0096284 
0.0128343 0.008663 0.00835754 0.00898214 0.0106521 0.00970866 0.0127902 0.0104361 0.0155255 0.01008 0.0121552 0.0151644 0.0138391 0.0104675 0.0144114 0.0272498 0.0144366 0.0133708 0.0176703 0.0154995 0.0279752 0.0133635 0.0136277 0.0143328 0.0167329 0.0326654 0.0137985 0.00969022 0.0174603 0.0201087 0.00373303 0.00379941 0 0.127069 0.434018 0.00744868 0.00837497 0.0182841 0.0138897 0.0113647 0.0339874 0.0210291 0.0150096 0.0291955 0.0137708 0.0404487 0.0180814 0.0135719 0.0138357 0.0294235 0.0159688 0.00978822 0.0100327 0.0163861 0.0127535 0.0109822 0.0166109 0.00989813 0.0129892 0.0139054 0.0101974 0.0117818 0.0119464 
0.00965107 0.00853107 0.00861051 0.0108996 0.0101661 0.00944036 0.0094488 0.0139176 0.0128228 0.0110665 0.0116282 0.0219655 0.0142599 0.0121785 0.0111312 0.0179407 0.014396 0.0125184 0.0124388 0.0178601 0.0343104 0.0212666 0.0149764 0.0116846 0.0269532 0.0174799 0.0121326 0.00931131 0.0113919 0.0218272 0.00393172 0.00460142 0.127069 0 0.00378145 0.00371744 0.00427358 0.498584 0.0173938 0.0145915 0.0254587 0.0229168 0.0169909 0.0391867 0.0135619 0.031003 0.0325341 0.0123877 0.0122609 0.0294887 0.0174629 0.0102915 0.0101798 0.0141271 0.0139304 0.0115242 0.0143135 0.0104005 0.0199213 0.0130353 0.0103976 0.0103536 0.0138537 
0.00953379 0.00954381 0.00925776 0.00904884 0.00902145 0.00801835 0.00954261 0.00965845 0.0107417 0.019766 0.0223163 0.0109268 0.00990085 0.0264574 0.0176097 0.0117924 0.00967934 0.00865385 0.0163772 0.0112825 0.0201555 0.0600677 0.03826 0.0253336 0.0119163 0.0123109 0.0155864 0.0135986 0.016459 0.0112666 0.00633081 0.0514618 0.434018 0.00378145 0 0.00383182 0.00372631 0.0279001 0.536165 0.0190209 0.0168378 0.0124177 0.00962499 0.0241571 0.0416647 0.0192618 0.0138717 0.0435635 0.0325111 0.0130989 0.0126211 0.0201661 0.0154989 0.0102882 0.00926744 0.00844141 0.0134015 0.0156136 0.0116887 0.0115017 0.0174021 0.0193458 0.010126 
0.0101369 0.00975266 0.00890076 0.00869448 0.00824069 0.00817828 0.00974808 0.00994518 0.010321 0.0173741 0.021125 0.0116633 0.0101828 0.0143951 0.0343354 0.0126883 0.0096679 0.0088851 0.0129042 0.0132977 0.0138508 0.0335506 0.041938 0.0280232 0.012364 0.0130683 0.011526 0.013045 0.020402 0.0131707 0.0373849 0.548722 0.00744868 0.00371744 0.00383182 0 0.00377148 0.0243048 0.018774 0.575175 0.0191718 0.0154338 0.00990989 0.0170639 0.0892933 0.0232403 0.0109461 0.0253344 0.0585456 0.0163051 0.0106596 0.0141348 0.0225328 0.011628 0.00939362 0.00855467 0.0125693 0.0220985 0.0131652 0.0102418 0.0187473 0.0272323 0.0110122 
0.0148085 0.0092371 0.00845189 0.00917322 0.0114551 0.00969317 0.0126126 0.0106338 0.0177343 0.00992008 0.0106098 0.0124681 0.0140853 0.0113674 0.0106184 0.0172744 0.0170596 0.014146 0.0199226 0.015162 0.0314176 0.0171831 0.0122315 0.0112402 0.0167183 0.0280204 0.0117067 0.00923401 0.0106706 0.0605781 0.463877 0.00508415 0.00837497 0.00427358 0.00372631 0.00377148 0 0.0157926 0.0260002 0.0143418 0.547722 0.0318737 0.0235126 0.0342374 0.0133393 0.0385814 0.0284661 0.013423 0.0145293 0.0333136 0.0194788 0.0109303 0.0104223 0.0160646 0.0172798 0.0139209 0.0222172 0.0101856 0.0146356 0.0208369 0.0104565 0.0121645 0.0135148 
0.00852263 0.0081415 0.00947879 0.00811706 0.00877259 0.0108119 0.00915355 0.00916022 0.00897112 0.00940714 0.00957558 0.0107502 0.0148754 0.00834483 0.0093741 0.0132906 0.00990117 0.0113274 0.00923555 0.0101239 0.0148435 0.00962848 0.0103964 0.0102161 0.0117321 0.045553 0.00897358 0.0142517 0.0147375 0.011459 0.0151898 0.0121529 0.0182841 0.498584 0.0279001 0.0243048 0.0157926 0 0.00381451 0.00414767 0.00498846 0.00784869 0.00930488 0.0157503 0.0145611 0.0208615 0.0196303 0.0166784 0.011291 0.0241863 0.0212785 0.0102822 0.0101789 0.0193181 0.0128485 0.016052 0.0130555 0.010503 0.0163452 0.0128101 0.00964214 0.0100245 0.0125868 
0.00864896 0.00865974 0.00829238 0.0120126 0.00981044 0.00801453 0.00841097 0.00966954 0.00903339 0.00933004 0.0102291 0.00903974 0.00819518 0.0146059 0.00940645 0.00896356 0.0105654 0.00926773 0.0091489 0.00972619 0.0100928 0.0156711 0.0112878 0.0101611 0.01163 0.00886641 0.0283362 0.0103913 0.0107878 0.0225607 0.0130618 0.020674 0.0138897 0.0173938 0.536165 0.018774 0.0260002 0.00381451 0 0.00381496 0.00373334 0.00582011 0.00630611 0.0120354 0.0160332 0.0382295 0.0122596 0.0161116 0.0237892 0.0122362 0.0128186 0.018345 0.0146604 0.00910045 0.0121985 0.00977327 0.0111797 0.0122855 0.01171 0.00936824 0.0111502 0.011467 0.00969663 
0.00822613 0.00824751 0.00846082 0.00813589 0.00805645 0.00806472 0.00846981 0.00826468 0.00832576 0.0087764 0.00891875 0.0084251 0.0092082 0.00872587 0.0101824 0.00884929 0.00828394 0.00825695 0.00876465 0.00867952 0.00926271 0.0112181 0.0116352 0.00996842 0.00865545 0.0128415 0.00924172 0.0108346 0.0136966 0.00890627 0.0133048 0.025211 0.0113647 0.0145915 0.0190209 0.575175 0.0143418 0.00414767 0.00381496 0 0.00376759 0.00504354 0.00609589 0.0100092 0.0664197 0.0109341 0.00996259 0.0214558 0.0184382 0.00982042 0.00967417 0.0114059 0.0130998 0.0100838 0.00911627 0.0091792 0.0101616 0.0123849 0.00929661 0.00960838 0.0118907 0.0127533 0.00924834 
0.0114256 0.00824771 0.00811416 0.00840471 0.00861289 0.0086378 0.00903951 0.0086082 0.0102477 0.00880146 0.00847575 0.00890185 0.0102619 0.00864051 0.0085305 0.00987014 0.00956098 0.00968174 0.00990354 0.00902911 0.014332 0.0100789 0.00997005 0.00894901 0.0095787 0.0215226 0.00955236 0.00932377 0.0094709 0.013737 0.022128 0.0113177 0.0339874 0.0254587 0.0168378 0.0191718 0.547722 0.00498846 0.00373334 0.00376759 0 0.00874898 0.0058996 0.0657478 0.0124698 0.0244783 0.0188134 0.0115609 0.0113038 0.0288589 0.0161133 0.0101322 0.00952384 0.0185431 0.0136451 0.012713 0.0184288 0.00955988 0.0147602 0.0154025 0.00983689 0.0103313 0.011739 
0.00888117 0.00823944 0.00809475 0.00876843 0.0117973 0.0107777 0.00963124 0.00936917 0.0102748 0.00837687 0.00861979 0.00995894 0.0096709 0.00872332 0.00843448 0.0101313 0.0174389 0.0166603 0.0117891 0.0122283 0.0130185 0.00955432 0.00881631 0.00904962 0.0136941 0.0159349 0.0114688 0.0087656 0.00998182 0.0214888 0.0156746 0.015123 0.0210291 0.0229168 0.0124177 0.0154338 0.0318737 0.00784869 0.00582011 0.00504354 0.00874898 0 0.910641 0.0179948 0.0133628 0.0237349 0.0143649 0.0115971 0.0100804 0.0208426 0.0167673 0.0115486 0.0107365 0.0132686 0.0465381 0.0302707 0.0144966 0.0118817 0.0163043 0.0133358 0.00996312 0.0102254 0.01299 
0.00877702 0.0080819 0.00804254 0.00879612 0.0100265 0.0100466 0.00864368 0.00875783 0.00882301 0.00817022 0.0081571 0.00871833 0.00898622 0.00812656 0.00809877 0.00864097 0.0121251 0.0130064 0.00972443 0.00946997 0.0103366 0.00847341 0.00833201 0.00840217 0.01012 0.0130796 0.00979412 0.00842504 0.0088638 0.0164003 0.0134857 0.0111767 0.0150096 0.0169909 0.00962499 0.00990989 0.0235126 0.00930488 0.00630611 0.00609589 0.0058996 0.910641 0 0.0160686 0.0110589 0.0105969 0.00945168 0.00755882 0.00921872 0.0161478 0.01368 0.00938161 0.00906241 0.0109087 0.028793 0.029167 0.0121953 0.00932259 0.0135773 0.0115278 0.00860643 0.00898679 0.0119948 
0.0085503 0.0083679 0.0083049 0.0088821 0.00904091 0.00845432 0.00864679 0.010231 0.00921912 0.00914898 0.00978447 0.0112011 0.00934295 0.00952243 0.00960267 0.0124934 0.0101637 0.00975941 0.00952213 0.0123711 0.0135209 0.0109663 0.0109451 0.0100836 0.0153681 0.0129434 0.0101494 0.00933112 0.0105279 0.0181981 0.0208907 0.0117779 0.0291955 0.0391867 0.0241571 0.0170639 0.0342374 0.0157503 0.0120354 0.0100092 0.0657478 0.0179948 0.0160686 0 0.0037466 0.00379524 0.00569666 0.00642543 0.0355689 0.655497 0.0260499 0.0167347 0.0120821 0.0218355 0.0158535 0.0136655 0.0221345 0.0132693 0.0332044 0.0193992 0.0142448 0.013871 0.0216267 
0.00860296 0.00857433 0.00849581 0.00843769 0.00810438 0.00803405 0.0087487 0.00874585 0.00866152 0.00967076 0.0104603 0.00868952 0.00871227 0.00959163 0.0105008 0.00900964 0.00843066 0.00818131 0.00983778 0.0102998 0.0095528 0.0144685 0.0119489 0.0128446 0.00893217 0.00993108 0.00964275 0.00984307 0.0145956 0.00950506 0.0142169 0.0689937 0.0137708 0.0135619 0.0416647 0.0892933 0.0133393 0.0145611 0.0160332 0.0664197 0.0124698 0.0133628 0.0110589 0.0037466 0 0.00393024 0.00477534 0.0740295 0.659328 0.00742913 0.0138813 0.0212319 0.0362721 0.0123342 0.0122263 0.010086 0.0129429 0.0906223 0.0128622 0.0118583 0.0261711 0.0413252 0.0116055 
0.00969773 0.00835542 0.00812776 0.00860809 0.00873468 0.00841553 0.00925877 0.00906033 0.0103427 0.00961347 0.00908988 0.00954058 0.00960271 0.00958248 0.0092563 0.011128 0.00999945 0.00961489 0.0112999 0.0100043 0.0144095 0.0111341 0.0125227 0.00989526 0.0106381 0.0136448 0.0100411 0.0091724 0.00937051 0.0164491 0.0326465 0.0146789 0.0404487 0.031003 0.0192618 0.0232403 0.0385814 0.0208615 0.0382295 0.0109341 0.0244783 0.0237349 0.0105969 0.00379524 0.00393024 0 0.0614699 0.433537 0.00890569 0.0083299 0.0183188 0.0135227 0.0141441 0.0393319 0.0182407 0.0144688 0.0287109 0.0125238 0.03479 0.0202777 0.0170849 0.020509 0.0232583 
0.00832601 0.00812054 0.00808562 0.00859724 0.0088148 0.00827823 0.00819112 0.00858163 0.0090048 0.0085291 0.00877764 0.00942654 0.00866166 0.00847197 0.00841263 0.0100501 0.00942446 0.00914868 0.0085414 0.0102129 0.0115473 0.00965065 0.00943314 0.00913575 0.0121541 0.0112215 0.00925305 0.00864589 0.00932642 0.0172264 0.0131526 0.0104084 0.0180814 0.0325341 0.0138717 0.0109461 0.0284661 0.0196303 0.0122596 0.00996259 0.0188134 0.0143649 0.00945168 0.00569666 0.00477534 0.0614699 0 0.0037384 0.00369347 0.00397945 0.317646 0.0143707 0.0119434 0.0153534 0.0160831 0.0130453 0.0154115 0.011436 0.0228255 0.0182313 0.0114155 0.0110497 0.0187484 
0.00845448 0.00834609 0.0083927 0.00818489 0.00821593 0.00794612 0.00855766 0.00832036 0.00840457 0.00939507 0.0097127 0.00853956 0.00827969 0.00930145 0.00903661 0.00879081 0.00828335 0.00804412 0.00879668 0.00909972 0.00942499 0.0127988 0.0118858 0.0102759 0.00885275 0.0090796 0.00911899 0.0100116 0.0113485 0.0092348 0.0130438 0.019076 0.0135719 0.0123877 0.0435635 0.0253344 0.013423 0.0166784 0.0161116 0.0214558 0.0115609 0.0115971 0.00755882 0.00642543 0.0740295 0.433537 0.0037384 0 0.00377579 0.00375176 0.0286262 0.374002 0.0183174 0.0312199 0.010244 0.00952318 0.0137038 0.0276042 0.0147012 0.0116975 0.025119 0.0234913 0.0111277 
0.00841083 0.00855303 0.00837482 0.00831632 0.00796302 0.00796394 0.00841458 0.00833658 0.00851098 0.00972212 0.00986606 0.00855642 0.00836365 0.00938706 0.011866 0.00873602 0.0082057 0.0081245 0.00933487 0.00896947 0.00966687 0.0115219 0.0132824 0.0109761 0.00899663 0.00916466 0.00960914 0.00964706 0.0109049 0.00942965 0.0143648 0.0343651 0.0138357 0.0122609 0.0325111 0.0585456 0.0145293 0.011291 0.0237892 0.0184382 0.0113038 0.0100804 0.00921872 0.0355689 0.659328 0.00890569 0.00369347 0.00377579 0 0.00395003 0.0173688 0.0281414 0.510505 0.017583 0.0131069 0.00934375 0.0139266 0.0392808 0.0160482 0.0108506 0.0402845 0.0665131 0.0117652 
0.00865122 0.00822256 0.00814725 0.00825076 0.00848839 0.00826462 0.00917339 0.00855077 0.0096388 0.00863611 0.00890071 0.00870641 0.0093102 0.0086712 0.00891816 0.00976305 0.00924693 0.00907703 0.0107932 0.00919134 0.0124098 0.0100724 0.0101305 0.00961739 0.0090884 0.0127531 0.00904875 0.00900612 0.00967088 0.0116697 0.0236358 0.0122433 0.0294235 0.0294887 0.0130989 0.0163051 0.0333136 0.0241863 0.0122362 0.00982042 0.0288589 0.0208426 0.0161478 0.655497 0.00742913 0.0083299 0.00397945 0.00375176 0.00395003 0 0.0285003 0.0182557 0.0206932 0.490439 0.0189861 0.0207096 0.0231685 0.0139207 0.0298889 0.0365461 0.0127525 0.0190778 0.0289619 
0.00845106 0.00810947 0.00811158 0.00840819 0.00838352 0.00838672 0.00836957 0.00842762 0.00859726 0.00851914 0.00850458 0.00865586 0.00865865 0.00853599 0.00829841 0.00909596 0.00869997 0.00874918 0.00834419 0.00908066 0.00909438 0.00909546 0.00874582 0.00851592 0.00974532 0.0100422 0.00863501 0.00862257 0.00904899 0.0108389 0.0121801 0.00906834 0.0159688 0.0174629 0.0126211 0.0106596 0.0194788 0.0212785 0.0128186 0.00967417 0.0161133 0.0167673 0.01368 0.0260499 0.0138813 0.0183188 0.317646 0.0286262 0.0173688 0.0285003 0 0.00377718 0.00391878 0.00530945 0.00790942 0.0105371 0.0135068 0.0144547 0.0334458 0.0220922 0.0160621 0.012871 0.0237869 
0.00820999 0.00820922 0.00823468 0.00820925 0.00823112 0.00796638 0.00815437 0.00814969 0.00818674 0.00854438 0.00853571 0.0081832 0.0081056 0.00846609 0.00845861 0.008504 0.00815863 0.00808556 0.00832891 0.00828637 0.00847331 0.00899439 0.00910408 0.00870863 0.00843567 0.00855515 0.00879738 0.00911347 0.00872521 0.00894325 0.0107924 0.0106733 0.00978822 0.0102915 0.0201661 0.0141348 0.0109303 0.0102822 0.018345 0.0114059 0.0101322 0.0115486 0.00938161 0.0167347 0.0212319 0.0135227 0.0143707 0.374002 0.0281414 0.0182557 0.00377718 0 0.00371818 0.00371446 0.00591389 0.00716672 0.0143668 0.0356898 0.0283809 0.0130121 0.0326026 0.0253506 0.0112806 
0.00829301 0.00826724 0.0081791 0.00815034 0.00800493 0.00790221 0.00829506 0.00822736 0.00825535 0.00870106 0.00868378 0.00816317 0.00809916 0.00865328 0.00855335 0.00821271 0.00805159 0.00801085 0.0083866 0.00839416 0.00859302 0.0099067 0.00935679 0.00882027 0.00830891 0.0083859 0.0088364 0.00875217 0.00883995 0.00890322 0.0113869 0.0135607 0.0100327 0.0101798 0.0154989 0.0225328 0.0104223 0.0101789 0.0146604 0.0130998 0.00952384 0.0107365 0.00906241 0.0120821 0.0362721 0.0141441 0.0119434 0.0183174 0.510505 0.0206932 0.00391878 0.00371818 0 0.00380408 0.00540524 0.0080215 0.0119518 0.0846349 0.0130368 0.0113249 0.0359069 0.0520417 0.0133846 
0.00840548 0.00806594 0.00803247 0.00813093 0.00827057 0.00831099 0.00842725 0.00840522 0.00863246 0.00854073 0.00823912 0.00842581 0.00905123 0.00820391 0.00820725 0.00876387 0.00849231 0.00885728 0.00862233 0.0084912 0.0097869 0.0085467 0.00876394 0.00839398 0.00864008 0.0120377 0.00830786 0.00841979 0.00844109 0.00876053 0.0134635 0.00917073 0.0163861 0.0141271 0.0102882 0.011628 0.0160646 0.0193181 0.00910045 0.0100838 0.0185431 0.0132686 0.0109087 0.0218355 0.0123342 0.0393319 0.0153534 0.0312199 0.017583 0.490439 0.00530945 0.00371446 0.00380408 0 0.0140574 0.0104153 0.068137 0.012534 0.0370542 0.0245541 0.0127797 0.031518 0.037692 
0.00864459 0.00812374 0.00807462 0.00837583 0.0110948 0.00969562 0.00865434 0.00861382 0.00893911 0.00817734 0.0081487 0.00889285 0.0086742 0.00816166 0.00807368 0.00858267 0.0111808 0.0114371 0.00993727 0.00885277 0.0101267 0.00840412 0.00826619 0.00824344 0.00953039 0.0103079 0.00861384 0.008227 0.00840964 0.0107881 0.0111435 0.0092584 0.0127535 0.0139304 0.00926744 0.00939362 0.0172798 0.0128485 0.0121985 0.00911627 0.0136451 0.0465381 0.028793 0.0158535 0.0122263 0.0182407 0.0160831 0.010244 0.0131069 0.0189861 0.00790942 0.00591389 0.00540524 0.0140574 0 0.959294 0.0130172 0.0185724 0.0195747 0.0159091 0.0109489 0.0117612 0.0240797 
0.0085933 0.0080559 0.00807835 0.00830934 0.0120068 0.0119658 0.00874485 0.00884896 0.00867447 0.00799352 0.00804769 0.00906274 0.00905892 0.00796395 0.0080296 0.00929921 0.0107086 0.0134484 0.00894538 0.00910929 0.00896391 0.007995 0.00802957 0.00824833 0.00927742 0.0115408 0.00827341 0.00809383 0.00847994 0.0100271 0.00991351 0.00837087 0.0109822 0.0115242 0.00844141 0.00855467 0.0139209 0.016052 0.00977327 0.0091792 0.012713 0.0302707 0.029167 0.0136655 0.010086 0.0144688 0.0130453 0.00952318 0.00934375 0.0207096 0.0105371 0.00716672 0.0080215 0.0104153 0.959294 0 0.0142913 0.01351 0.016985 0.0100976 0.00821962 0.00967653 0.0620218 
0.00956971 0.00826994 0.00826917 0.00853445 0.00877942 0.00848024 0.00847125 0.00858325 0.00865964 0.0086275 0.00877501 0.00914246 0.00849628 0.0086665 0.00857744 0.00966724 0.00900897 0.0086162 0.00836766 0.0100595 0.00937488 0.00886509 0.00965935 0.0091902 0.0103237 0.00893272 0.00853565 0.0087065 0.00927277 0.012135 0.0113198 0.0107041 0.0166109 0.0143135 0.0134015 0.0125693 0.0222172 0.0130555 0.0111797 0.0101616 0.0184288 0.0144966 0.0121953 0.0221345 0.0129429 0.0287109 0.0154115 0.0137038 0.0139266 0.0231685 0.0135068 0.0143668 0.0119518 0.068137 0.0130172 0.0142913 0 0.00371746 0.00392269 0.00509434 0.0152333 0.695888 0.142117 
0.00852558 0.0082514 0.00828306 0.00832538 0.00808246 0.00792066 0.00842345 0.00852824 0.0082455 0.00894607 0.00927091 0.00840137 0.00814769 0.00879212 0.00877154 0.00840323 0.00807762 0.00796028 0.00854443 0.00848448 0.0084228 0.00957053 0.00916973 0.00909333 0.00831247 0.00889864 0.0086342 0.00877059 0.00905387 0.00863635 0.010211 0.0170511 0.00989813 0.0104005 0.0156136 0.0220985 0.0101856 0.010503 0.0122855 0.0123849 0.00955988 0.0118817 0.00932259 0.0132693 0.0906223 0.0125238 0.011436 0.0276042 0.0392808 0.0139207 0.0144547 0.0356898 0.0846349 0.012534 0.0185724 0.01351 0.00371746 0 0.00382171 0.00634859 0.861167 0.0738132 0.0108319 
0.0123602 0.00822416 0.00803785 0.00832157 0.00862494 0.00854366 0.00881295 0.00838955 0.00910454 0.00890891 0.00838527 0.00833381 0.00893328 0.0084844 0.00834766 0.00866299 0.00905734 0.009017 0.00951844 0.00858852 0.0105094 0.00926251 0.00934285 0.00839586 0.00866403 0.0107889 0.00857626 0.00866237 0.00850146 0.00924193 0.0180409 0.0099928 0.0129892 0.0199213 0.0116887 0.0131652 0.0146356 0.0163452 0.01171 0.00929661 0.0147602 0.0163043 0.0135773 0.0332044 0.0128622 0.03479 0.0228255 0.0147012 0.0160482 0.0298889 0.0334458 0.0283809 0.0130368 0.0370542 0.0195747 0.016985 0.00392269 0.00382171 0 0.89292 0.0310435 0.0110754 0.014933 
