1G6GA
GENIVCRVICTTGQIPIRDLSADISQVLKEKRSIKKVWTFGRNPACDYHLGNISRLSNKHFQILLGEDGNLLLNDISTNGTWLNGQKVEKNSNQLLSQGDEITVGVGVESDILSLVIFINDKFKQCL
CCEEEEEEEECCCCCCCEEEEECHHHHHHCCCCCCEEEEEECCCCCCEECCCCCCCCCCCEEEEECCCCCEEEEECCCCCCEECCEECCCCCCEECCCCCEEEECCCCHHHCEEEEEEECHHHHHHC
0 0 0 0 0 0 0 0 0 0 0 0 0 0 0 0 0 0 0 0 0 0 0 0 0 0 0 0 0 0 0 0 0 0 0 0 0 0 0 0 0 0 0 0 0 0 0 0 0 0 0 0 0 0 0 0 0 0 0 0 0 0 0 0 0 0 0 0 0 0 0 0 0 0 0 0 0 0 0 0 0 0 0 0 0 0 0 0 0 0 0 0 0 0 0 0 0 0 0 0 0 0 0 0 0 0 0 0 0 0 0 0 0 0 0 0 0 0 0 0 0 0 0 0 0 0 0 
0 0 0 0 0 0 0 0 0 0 0 0 0 0 0 0 0 0 0 0 0 0 0 0 0 0 0 0 0 0 0 0 0 0 0 0 0 0 0 0 0 0 0 0 0 0 0 0 0 0 0 0 0 0 0 0 0 0 0 0 0 0 0 0 0 0 0 0 0 0 0 0 0 0 0 0 0 0 0 0 0 0 0 0 0 0 0 0 0 0 0 0 0 0 0 0 0 0 0 0 0 0 0 0 0 0 0 0 0 0 0 0 0 0 0 0 0 0 0 0 0 0 0 0 0 0 0 
0 0.00455733 0.00388002 0.00401934 0.00396849 0.00492818 0.00858392 0.018708 0.0152272 0.00995979 0.011336 0.0114268 0.040652 0.0205275 0.010228 0.010284 0.00970553 0.0106082 0.0157271 0.0113436 0.0136816 0.0128006 0.00929609 0.00990482 0.0104893 0.0155304 0.012122 0.00906451 0.00905881 0.0103022 0.0115108 0.00958223 0.0109582 0.00897265 0.0104316 0.00889509 0.00948388 0.00940287 0.00889225 0.00944591 0.0126269 0.0093585 0.00854805 0.00904757 0.00886196 0.00894287 0.0102085 0.0118359 
0.00455733 0 0.00433089 0.00377483 0.00376582 0.00379844 0.00529455 0.00592877 0.00948709 0.0122784 0.00905354 0.0262229 0.0123799 0.0121243 0.0230448 0.0111939 0.014802 0.0152845 0.0102568 0.0112317 0.00970427 0.011952 0.0167141 0.0133475 0.0168404 0.0112396 0.0100548 0.0120794 0.010283 0.0117899 0.00925484 0.00877074 0.00902531 0.0084728 0.00856666 0.00839237 0.00839863 0.00933714 0.00963575 0.00984977 0.00987 0.00849222 0.00957223 0.0100468 0.0100671 0.0101788 0.0099736 0.00993627 
0.00388002 0.00433089 0 0.00381813 0.0037831 0.00384179 0.0038407 0.0044158 0.00988863 0.00905642 0.0177648 0.0133621 0.0290084 0.0138912 0.0118628 0.0185806 0.0291254 0.0112665 0.0110304 0.0094458 0.00977534 0.0110077 0.015041 0.0267301 0.0162954 0.01109 0.0105237 0.0134387 0.0149857 0.0106683 0.00903316 0.00868477 0.00868449 0.00841196 0.00860091 0.00835881 0.00824319 0.00946515 0.0109198 0.00994743 0.0096013 0.00965259 0.00966613 0.0139356 0.0144993 0.012938 0.0118878 0.00924001 
0.00401934 0.00377483 0.00381813 0 0.00377921 0.00377519 0.00379581 0.00423348 0.00991185 0.00932924 0.0236265 0.0153075 0.133268 0.0108435 0.014559 0.0351917 0.0159644 0.020769 0.0104822 0.0112664 0.00878337 0.0143025 0.0160399 0.0425381 0.0159434 0.0184707 0.0114238 0.0121913 0.0248693 0.010416 0.00993357 0.00860219 0.00903759 0.00835888 0.00827539 0.00845214 0.00829503 0.00914667 0.0171462 0.00989171 0.0103503 0.0100325 0.0112176 0.0186371 0.0190606 0.0199935 0.0116702 0.0100332 
0.00396849 0.00376582 0.0037831 0.00377921 0 0.00375625 0.00378613 0.00380441 0.00978522 0.0227281 0.0177588 0.213114 0.0366687 0.0112227 0.0231604 0.0154021 0.0838734 0.0123194 0.0120532 0.00907807 0.0100615 0.0113871 0.0323379 0.0234768 0.038175 0.0114801 0.00984278 0.0245554 0.014872 0.0170016 0.00909051 0.00897154 0.00863927 0.00844348 0.00892339 0.00842836 0.00846608 0.0115307 0.0104568 0.0171822 0.00988228 0.00920765 0.012574 0.0196275 0.0249601 0.0170959 0.0135201 0.00934052 
0.00492818 0.00379844 0.00384179 0.00377519 0.00375625 0 0.00376821 0.00379612 0.023125 0.0129148 0.26209 0.0219944 0.0132386 0.0132213 0.0130552 0.0436611 0.0194901 0.0220645 0.0118724 0.0122233 0.00895591 0.0157982 0.0164027 0.113831 0.0227022 0.011034 0.0131463 0.0130367 0.0570724 0.0109045 0.00954975 0.00886085 0.00880385 0.00840084 0.00822796 0.00843625 0.00819848 0.00926583 0.0203208 0.0105255 0.0101412 0.0108247 0.0125638 0.0249546 0.0190788 0.02142 0.0117365 0.00957192 
0.00858392 0.00529455 0.0038407 0.00379581 0.00378613 0.00376821 0 0.00383664 0.0211248 0.213766 0.0266785 0.0261975 0.0105688 0.0132014 0.0234837 0.0113066 0.0286879 0.0329724 0.0188082 0.010733 0.0138582 0.0121167 0.0400277 0.0177129 0.0656362 0.0150554 0.0108403 0.02447 0.0148692 0.0280483 0.0100032 0.0105527 0.00945921 0.00895561 0.00899315 0.00862159 0.00877132 0.0105253 0.0107881 0.0151749 0.0110674 0.0100902 0.0125942 0.0136332 0.0159169 0.0134042 0.0130357 0.00984793 
0.018708 0.00592877 0.0044158 0.00423348 0.00380441 0.00379612 0.00383664 0 0.295805 0.0161437 0.0132617 0.0139364 0.014143 0.0291336 0.0114568 0.0120574 0.0136112 0.0203559 0.0364932 0.018364 0.0138942 0.0375969 0.0131298 0.0133101 0.0150819 0.0288112 0.026222 0.0125837 0.0118961 0.0116733 0.0150806 0.0147116 0.0117193 0.0122799 0.0101206 0.0109511 0.0094544 0.014079 0.0110703 0.010404 0.0135907 0.0163421 0.0117323 0.0113364 0.0115588 0.0110986 0.0108045 0.011091 
0.0152272 0.00948709 0.00988863 0.00991185 0.00978522 0.023125 0.0211248 0.295805 0 0.00408222 0.00395488 0.00399218 0.00729732 0.0241717 0.0165472 0.0112198 0.0148326 0.0269714 0.0189338 0.014146 0.0150196 0.0180833 0.00968647 0.0113116 0.0104668 0.0278426 0.0164194 0.00946703 0.00968241 0.0103665 0.0129385 0.00983277 0.0115082 0.00908599 0.0105105 0.0091143 0.0101795 0.0105418 0.0095629 0.00927218 0.0154709 0.00977152 0.00890708 0.00945542 0.00911918 0.00992835 0.0102147 0.0130326 
0.00995979 0.0122784 0.00905642 0.00932924 0.0227281 0.0129148 0.213766 0.0161437 0.00408222 0 0.00374688 0.00407041 0.00378687 0.0119642 0.0217257 0.0138217 0.0592417 0.0131138 0.0110473 0.00950463 0.0107462 0.0100553 0.0264741 0.00970792 0.0284483 0.0105487 0.010064 0.0179328 0.00932008 0.0156439 0.00922427 0.00949184 0.00909426 0.00871638 0.00935415 0.00854908 0.00859376 0.0103947 0.00874024 0.0120783 0.00969389 0.00868064 0.00999083 0.00960146 0.0116728 0.00976868 0.0106804 0.00933023 
0.011336 0.00905354 0.0177648 0.0236265 0.0177588 0.26209 0.0266785 0.0132617 0.00395488 0.00374688 0 0.00374308 0.00373818 0.0120312 0.0113351 0.0933082 0.0179043 0.0199438 0.0101921 0.0120081 0.00866054 0.0142729 0.0101748 0.0792726 0.0111892 0.0113334 0.0123835 0.00990587 0.0388983 0.00955605 0.00972021 0.00861724 0.00910856 0.00845166 0.00834727 0.00853514 0.00830142 0.008625 0.0224841 0.00895005 0.0101542 0.0103607 0.00958783 0.0220692 0.014051 0.0170847 0.00981043 0.0101396 
0.0114268 0.0262229 0.0133621 0.0153075 0.213114 0.0219944 0.0261975 0.0139364 0.00399218 0.00407041 0.00374308 0 0.00370867 0.015891 0.0452069 0.0107564 0.0392814 0.0227923 0.0150122 0.00942005 0.0167175 0.0101045 0.0473939 0.0111809 0.0444783 0.0119043 0.0100218 0.0268626 0.0107421 0.0244644 0.00934701 0.0104193 0.00889697 0.00896075 0.00956247 0.00857425 0.00898259 0.011683 0.00908432 0.0192266 0.00939761 0.0092064 0.0122626 0.0110255 0.0138018 0.0110325 0.0123792 0.0091917 
0.040652 0.0123799 0.0290084 0.133268 0.0366687 0.0132386 0.0105688 0.014143 0.00729732 0.00378687 0.00373818 0.00370867 0 0.0575317 0.0100206 0.0144099 0.0106783 0.0208441 0.0400169 0.0198118 0.0119935 0.0615977 0.010786 0.0140688 0.0124082 0.0207203 0.0360191 0.0111194 0.0132733 0.0106835 0.0164689 0.0139033 0.0116704 0.0126527 0.00919654 0.0111556 0.0092693 0.0123678 0.0139096 0.0089786 0.015522 0.0178752 0.0100996 0.0111132 0.0102185 0.0105404 0.00956161 0.0107377 
0.0205275 0.0121243 0.0138912 0.0108435 0.0112227 0.0132213 0.0132014 0.0291336 0.0241717 0.0119642 0.0120312 0.015891 0.0575317 0 0.003949 0.00370065 0.00373514 0.00381187 0.00470963 0.00673591 0.0193129 0.0233303 0.0114169 0.011819 0.0140351 0.0830585 0.0165453 0.0106225 0.00991291 0.0111879 0.0133632 0.0107856 0.0118785 0.00915579 0.012292 0.00914883 0.0110573 0.0145999 0.00942968 0.010039 0.0170895 0.0100007 0.00947161 0.00985142 0.00984384 0.00970378 0.0118625 0.015038 
0.010228 0.0230448 0.0118628 0.014559 0.0231604 0.0130552 0.0234837 0.0114568 0.0165472 0.0217257 0.0113351 0.0452069 0.0100206 0.003949 0 0.00370049 0.00371012 0.00382144 0.0037449 0.00685617 0.00726617 0.0125407 0.048737 0.0110085 0.0929969 0.0120359 0.0106715 0.0219095 0.0109067 0.0146179 0.00909077 0.00997657 0.00897285 0.00878375 0.00875024 0.00862896 0.00869385 0.00988767 0.0103977 0.014379 0.0100964 0.0090598 0.0121142 0.0128094 0.0151977 0.0149809 0.0129144 0.00938496 
0.010284 0.0111939 0.0185806 0.0351917 0.0154021 0.0436611 0.0113066 0.0120574 0.0112198 0.0138217 0.0933082 0.0107564 0.0144099 0.00370065 0.00370049 0 0.00374296 0.00369109 0.00370406 0.00621816 0.00739039 0.0147477 0.0137596 0.248883 0.0137739 0.0116568 0.0120418 0.0128559 0.0400909 0.0106475 0.0102145 0.00900573 0.00926273 0.00849344 0.00851605 0.00849356 0.00846744 0.00939521 0.0304292 0.0100952 0.0114494 0.00988239 0.0117673 0.0345981 0.0318779 0.0359231 0.0113489 0.0100961 
0.00970553 0.014802 0.0291254 0.0159644 0.0838734 0.0194901 0.0286879 0.0136112 0.0148326 0.0592417 0.0179043 0.0392814 0.0106783 0.00373514 0.00371012 0.00374296 0 0.00370236 0.00369664 0.00543677 0.0173094 0.010506 0.220699 0.023549 0.0553879 0.0116168 0.00996914 0.0307102 0.0283796 0.0272041 0.00933948 0.0100952 0.00902771 0.00848162 0.00888391 0.00842817 0.00873679 0.0128653 0.0118877 0.038733 0.0106571 0.00964875 0.0199985 0.0361096 0.0590292 0.0312074 0.0199317 0.0096431 
0.0106082 0.0152845 0.0112665 0.020769 0.0123194 0.0220645 0.0329724 0.0203559 0.0269714 0.0131138 0.0199438 0.0227923 0.0208441 0.00381187 0.00382144 0.00369109 0.00370236 0 0.00373728 0.0393822 0.0156294 0.0919702 0.0175661 0.0314965 0.0391022 0.0355281 0.0119367 0.0161452 0.0338668 0.0249216 0.0168553 0.00996483 0.0110407 0.00882044 0.00950516 0.00873024 0.00940654 0.00963171 0.0217099 0.0180602 0.0162031 0.0105784 0.0149024 0.0255859 0.0168249 0.0199558 0.0174732 0.0101614 
0.0157271 0.0102568 0.0110304 0.0104822 0.0120532 0.0118724 0.0188082 0.0364932 0.0189338 0.0110473 0.0101921 0.0150122 0.0400169 0.00470963 0.0037449 0.00370406 0.00369664 0.00373728 0 0.0132453 0.0745963 0.0241838 0.0164545 0.0189135 0.0365918 0.0374774 0.0175772 0.0125885 0.0110324 0.0200619 0.0238857 0.0143445 0.0112375 0.0108172 0.00946473 0.0101128 0.00998599 0.0145279 0.0100092 0.0151916 0.0197101 0.0163829 0.0159593 0.0121668 0.0123188 0.0113196 0.0124666 0.0121199 
0.0113436 0.0112317 0.0094458 0.0112664 0.00907807 0.0122233 0.010733 0.018364 0.014146 0.00950463 0.0120081 0.00942005 0.0198118 0.00673591 0.00685617 0.00621816 0.00543677 0.0393822 0.0132453 0 0.00514695 0.0155099 0.0199995 0.0402587 0.0116837 0.0155424 0.0166631 0.0136948 0.0108997 0.0094634 0.014855 0.0105388 0.0404175 0.0100712 0.011975 0.010255 0.0140223 0.00912555 0.0203661 0.00929727 0.0187228 0.0116193 0.00978882 0.00995381 0.0093019 0.00970011 0.00959684 0.01546 
0.0136816 0.00970427 0.00977534 0.00878337 0.0100615 0.00895591 0.0138582 0.0138942 0.0150196 0.0107462 0.00866054 0.0167175 0.0119935 0.0193129 0.00726617 0.00739039 0.0173094 0.0156294 0.0745963 0.00514695 0 0.0506175 0.035265 0.00798908 0.0260045 0.0237589 0.0114613 0.0123487 0.00907902 0.0153681 0.0103863 0.0429978 0.00958676 0.0127657 0.0108087 0.0120138 0.0102351 0.0155628 0.00890254 0.0152911 0.0109881 0.0109859 0.0100183 0.008974 0.00925924 0.00900052 0.0108084 0.00956979 
0.0128006 0.011952 0.0110077 0.0143025 0.0113871 0.0157982 0.0121167 0.0375969 0.0180833 0.0100553 0.0142729 0.0101045 0.0615977 0.0233303 0.0125407 0.0147477 0.010506 0.0919702 0.0241838 0.0155099 0.0506175 0 0.00373927 0.00377318 0.00381195 0.00413103 0.00801 0.00669233 0.00842884 0.00995521 0.947911 0.0109815 0.017025 0.00980215 0.0134965 0.0116025 0.0137987 0.0133436 0.0232425 0.0103621 0.0572083 0.0189067 0.0117709 0.0166377 0.0119462 0.0176819 0.0129842 0.0340292 
0.00929609 0.0167141 0.015041 0.0160399 0.0323379 0.0164027 0.0400277 0.0131298 0.00968647 0.0264741 0.0101748 0.0473939 0.010786 0.0114169 0.048737 0.0137596 0.220699 0.0175661 0.0164545 0.0199995 0.035265 0.00373927 0 0.00371403 0.00370312 0.00377866 0.00626314 0.0164546 0.0093451 0.971839 0.0160235 0.0128275 0.00956154 0.00885544 0.0106654 0.00968886 0.0104573 0.0210902 0.015142 0.0759831 0.0128202 0.0104155 0.0444305 0.019772 0.0532683 0.0272987 0.0433354 0.0105247 
0.00990482 0.0133475 0.0267301 0.0425381 0.0234768 0.113831 0.0177129 0.0133101 0.0113116 0.00970792 0.0792726 0.0111809 0.0140688 0.011819 0.0110085 0.248883 0.023549 0.0314965 0.0189135 0.0402587 0.00798908 0.00377318 0.00371403 0 0.00370357 0.00371713 0.0109809 0.0107513 0.964224 0.0149077 0.00817567 0.0094677 0.0100152 0.00885966 0.00898492 0.00927119 0.00896618 0.0117167 0.084297 0.0163153 0.016621 0.013874 0.0182273 0.124791 0.0518617 0.126933 0.0172387 0.0121291 
0.0104893 0.0168404 0.0162954 0.0159434 0.038175 0.0227022 0.0656362 0.0150819 0.0104668 0.0284483 0.0111892 0.0444783 0.0124082 0.0140351 0.0929969 0.0137739 0.0553879 0.0391022 0.0365918 0.0116837 0.0260045 0.00381195 0.00370312 0.00370357 0 0.00387041 0.0096327 0.977188 0.0185874 0.0180735 0.0101644 0.012211 0.0129892 0.0103036 0.0117354 0.00994975 0.0115792 0.0166964 0.016612 0.089498 0.0170857 0.0112638 0.0387475 0.0314782 0.0746625 0.0274987 0.0619246 0.0100659 
0.0155304 0.0112396 0.01109 0.0184707 0.0114801 0.011034 0.0150554 0.0288112 0.0278426 0.0105487 0.0113334 0.0119043 0.0207203 0.0830585 0.0120359 0.0116568 0.0116168 0.0355281 0.0374774 0.0155424 0.0237589 0.00413103 0.00377866 0.00371713 0.00387041 0 0.98135 0.018404 0.00731856 0.00772261 0.0143573 0.0142426 0.0153098 0.0139289 0.0126274 0.0135102 0.0125433 0.0199967 0.0116613 0.0170245 0.0373802 0.0255809 0.0131508 0.0193321 0.0142375 0.0143074 0.0143614 0.0166487 
0.012122 0.0100548 0.0105237 0.0114238 0.00984278 0.0131463 0.0108403 0.026222 0.0164194 0.010064 0.0123835 0.0100218 0.0360191 0.0165453 0.0106715 0.0120418 0.00996914 0.0119367 0.0175772 0.0166631 0.0114613 0.00801 0.00626314 0.0109809 0.0096327 0.98135 0 0.00372441 0.00371566 0.0037963 0.00423211 0.010516 0.0150259 0.0141102 0.0148754 0.0141229 0.0140709 0.0171469 0.0269004 0.0105728 0.0425057 0.0235184 0.0143946 0.0155479 0.0124528 0.0148426 0.0140991 0.0341121 
0.00906451 0.0120794 0.0134387 0.0121913 0.0245554 0.0130367 0.02447 0.0125837 0.00946703 0.0179328 0.00990587 0.0268626 0.0111194 0.0106225 0.0219095 0.0128559 0.0307102 0.0161452 0.0125885 0.0136948 0.0123487 0.00669233 0.0164546 0.0107513 0.977188 0.018404 0.00372441 0 0.00371612 0.0036996 0.00374568 0.0132162 0.00861379 0.00839455 0.0104921 0.0111832 0.0163684 0.0222615 0.0149663 0.0686939 0.0132444 0.0110398 0.0364305 0.0204444 0.0395526 0.0227058 0.0362736 0.0125146 
0.00905881 0.010283 0.0149857 0.0248693 0.014872 0.0570724 0.0148692 0.0118961 0.00968241 0.00932008 0.0388983 0.0107421 0.0132733 0.00991291 0.0109067 0.0400909 0.0283796 0.0338668 0.0110324 0.0108997 0.00907902 0.00842884 0.0093451 0.964224 0.0185874 0.00731856 0.00371566 0.00371612 0 0.00369308 0.00369748 0.00698455 0.0326485 0.00891581 0.00811948 0.0089 0.00956514 0.0106977 0.0634944 0.0157217 0.0200196 0.0122942 0.0143808 0.0746144 0.0312896 0.067642 0.0160021 0.0117813 
0.0103022 0.0117899 0.0106683 0.010416 0.0170016 0.0109045 0.0280483 0.0116733 0.0103665 0.0156439 0.00955605 0.0244644 0.0106835 0.0111879 0.0146179 0.0106475 0.0272041 0.0249216 0.0200619 0.0094634 0.0153681 0.00995521 0.971839 0.0149077 0.0180735 0.00772261 0.0037963 0.0036996 0.00369308 0 0.00394565 0.027196 0.0212975 0.00880361 0.0178087 0.00935803 0.0186011 0.0231838 0.0123061 0.0665827 0.0162729 0.0121389 0.0250929 0.0155356 0.0323032 0.0163482 0.0382291 0.00985946 
0.0115108 0.00925484 0.00903316 0.00993357 0.00909051 0.00954975 0.0100032 0.0150806 0.0129385 0.00922427 0.00972021 0.00934701 0.0164689 0.0133632 0.00909077 0.0102145 0.00933948 0.0168553 0.0238857 0.014855 0.0103863 0.947911 0.0160235 0.00817567 0.0101644 0.0143573 0.00423211 0.00374568 0.00369748 0.00394565 0 0.0130463 0.00718672 0.00808097 0.00819569 0.0129907 0.00969483 0.0112184 0.0115855 0.0121515 0.0433718 0.0190874 0.0106474 0.0129562 0.0107991 0.0115502 0.0122579 0.0151907 
0.00958223 0.00877074 0.00868477 0.00860219 0.00897154 0.00886085 0.0105527 0.0147116 0.00983277 0.00949184 0.00861724 0.0104193 0.0139033 0.0107856 0.00997657 0.00900573 0.0100952 0.00996483 0.0143445 0.0105388 0.0429978 0.0109815 0.0128275 0.0094677 0.012211 0.0142426 0.010516 0.0132162 0.00698455 0.027196 0.0130463 0 0.00453001 0.00468269 0.971163 0.0126723 0.0460968 0.0172484 0.0131556 0.0311733 0.019467 0.0137924 0.0147768 0.0104134 0.0107455 0.0110366 0.0141843 0.0183233 
0.0109582 0.00902531 0.00868449 0.00903759 0.00863927 0.00880385 0.00945921 0.0117193 0.0115082 0.00909426 0.00910856 0.00889697 0.0116704 0.0118785 0.00897285 0.00926273 0.00902771 0.0110407 0.0112375 0.0404175 0.00958676 0.017025 0.00956154 0.0100152 0.0129892 0.0153098 0.0150259 0.00861379 0.0326485 0.0212975 0.00718672 0.00453001 0 0.981068 0.00429957 0.0162856 0.00874948 0.0104749 0.0336915 0.0119957 0.0232466 0.0180929 0.0116643 0.0104935 0.0100931 0.00999654 0.0114248 0.0134656 
0.00897265 0.0084728 0.00841196 0.00835888 0.00844348 0.00840084 0.00895561 0.0122799 0.00908599 0.00871638 0.00845166 0.00896075 0.0126527 0.00915579 0.00878375 0.00849344 0.00848162 0.00882044 0.0108172 0.0100712 0.0127657 0.00980215 0.00885544 0.00885966 0.0103036 0.0139289 0.0141102 0.00839455 0.00891581 0.00880361 0.00808097 0.00468269 0.981068 0 0.0054152 0.00977263 0.0597941 0.00911611 0.00911698 0.0107142 0.0216171 0.0104911 0.0100264 0.00905224 0.00908802 0.00915438 0.0112453 0.0152628 
0.0104316 0.00856666 0.00860091 0.00827539 0.00892339 0.00822796 0.00899315 0.0101206 0.0105105 0.00935415 0.00834727 0.00956247 0.00919654 0.012292 0.00875024 0.00851605 0.00888391 0.00950516 0.00946473 0.011975 0.0108087 0.0134965 0.0106654 0.00898492 0.0117354 0.0126274 0.0148754 0.0104921 0.00811948 0.0178087 0.00819569 0.971163 0.00429957 0.0054152 0 0.0511919 0.00844533 0.0122298 0.00891001 0.0317239 0.0147209 0.0136823 0.011757 0.00932386 0.00931166 0.00936981 0.0128145 0.0113828 
0.00889509 0.00839237 0.00835881 0.00845214 0.00842836 0.00843625 0.00862159 0.0109511 0.0091143 0.00854908 0.00853514 0.00857425 0.0111556 0.00914883 0.00862896 0.00849356 0.00842817 0.00873024 0.0101128 0.010255 0.0120138 0.0116025 0.00968886 0.00927119 0.00994975 0.0135102 0.0141229 0.0111832 0.0089 0.00935803 0.0129907 0.0126723 0.0162856 0.00977263 0.0511919 0 0.00451855 0.00553739 0.0256637 0.0158236 0.0177187 0.0106414 0.00984103 0.00935144 0.00934385 0.00921172 0.0144824 0.0185278 
0.00948388 0.00839863 0.00824319 0.00829503 0.00846608 0.00819848 0.00877132 0.0094544 0.0101795 0.00859376 0.00830142 0.00898259 0.0092693 0.0110573 0.00869385 0.00846744 0.00873679 0.00940654 0.00998599 0.0140223 0.0102351 0.0137987 0.0104573 0.00896618 0.0115792 0.0125433 0.0140709 0.0163684 0.00956514 0.0186011 0.00969483 0.0460968 0.00874948 0.0597941 0.00844533 0.00451855 0 0.0350556 0.0091241 0.00934929 0.00757482 0.0112216 0.0108881 0.00948054 0.00989162 0.0130695 0.0183845 0.0110549 
0.00940287 0.00933714 0.00946515 0.00914667 0.0115307 0.00926583 0.0105253 0.014079 0.0105418 0.0103947 0.008625 0.011683 0.0123678 0.0145999 0.00988767 0.00939521 0.0128653 0.00963171 0.0145279 0.00912555 0.0155628 0.0133436 0.0210902 0.0117167 0.0166964 0.0199967 0.0171469 0.0222615 0.0106977 0.0231838 0.0112184 0.0172484 0.0104749 0.00911611 0.0122298 0.00553739 0.0350556 0 0.00381007 0.00381617 0.00408429 0.00855198 0.0123698 0.0117581 0.516917 0.0192551 0.0183311 0.0176734 
0.00889225 0.00963575 0.0109198 0.0171462 0.0104568 0.0203208 0.0107881 0.0110703 0.0095629 0.00874024 0.0224841 0.00908432 0.0139096 0.00942968 0.0103977 0.0304292 0.0118877 0.0217099 0.0100092 0.0203661 0.00890254 0.0232425 0.015142 0.084297 0.016612 0.0116613 0.0269004 0.0149663 0.0634944 0.0123061 0.0115855 0.0131556 0.0336915 0.00911698 0.00891001 0.0256637 0.0091241 0.00381007 0 0.0037658 0.00385134 0.0130486 0.0145212 0.665861 0.0198362 0.0318947 0.0187993 0.0228609 
0.00944591 0.00984977 0.00994743 0.00989171 0.0171822 0.0105255 0.0151749 0.010404 0.00927218 0.0120783 0.00895005 0.0192266 0.0089786 0.010039 0.014379 0.0100952 0.038733 0.0180602 0.0151916 0.00929727 0.0152911 0.0103621 0.0759831 0.0163153 0.089498 0.0170245 0.0105728 0.0686939 0.0157217 0.0665827 0.0121515 0.0311733 0.0119957 0.0107142 0.0317239 0.0158236 0.00934929 0.00381617 0.0037658 0 0.00372903 0.00826017 0.713548 0.0438936 0.0244138 0.0132359 0.0417384 0.00929627 
0.0126269 0.00987 0.0096013 0.0103503 0.00988228 0.0101412 0.0110674 0.0135907 0.0154709 0.00969389 0.0101542 0.00939761 0.015522 0.0170895 0.0100964 0.0114494 0.0106571 0.0162031 0.0197101 0.0187228 0.0109881 0.0572083 0.0128202 0.016621 0.0170857 0.0373802 0.0425057 0.0132444 0.0200196 0.0162729 0.0433718 0.019467 0.0232466 0.0216171 0.0147209 0.0177187 0.00757482 0.00408429 0.00385134 0.00372903 0 0.668171 0.0162849 0.0205256 0.0152939 0.0151569 0.0162976 0.0235029 
0.0093585 0.00849222 0.00965259 0.0100325 0.00920765 0.0108247 0.0100902 0.0163421 0.00977152 0.00868064 0.0103607 0.0092064 0.0178752 0.0100007 0.0090598 0.00988239 0.00964875 0.0105784 0.0163829 0.0116193 0.0109859 0.0189067 0.0104155 0.013874 0.0112638 0.0255809 0.0235184 0.0110398 0.0122942 0.0121389 0.0190874 0.0137924 0.0180929 0.0104911 0.0136823 0.0106414 0.0112216 0.00855198 0.0130486 0.00826017 0.668171 0 0.00376698 0.0037424 0.0037696 0.00384365 0.00425013 0.010582 
0.00854805 0.00957223 0.00966613 0.0112176 0.012574 0.0125638 0.0125942 0.0117323 0.00890708 0.00999083 0.00958783 0.0122626 0.0100996 0.00947161 0.0121142 0.0117673 0.0199985 0.0149024 0.0159593 0.00978882 0.0100183 0.0117709 0.0444305 0.0182273 0.0387475 0.0131508 0.0143946 0.0364305 0.0143808 0.0250929 0.0106474 0.0147768 0.0116643 0.0100264 0.011757 0.00984103 0.0108881 0.0123698 0.0145212 0.713548 0.0162849 0.00376698 0 0.00376181 0.00376342 0.00379859 0.00397967 0.00454605 
0.00904757 0.0100468 0.0139356 0.0186371 0.0196275 0.0249546 0.0136332 0.0113364 0.00945542 0.00960146 0.0220692 0.0110255 0.0111132 0.00985142 0.0128094 0.0345981 0.0361096 0.0255859 0.0121668 0.00995381 0.008974 0.0166377 0.019772 0.124791 0.0314782 0.0193321 0.0155479 0.0204444 0.0746144 0.0155356 0.0129562 0.0104134 0.0104935 0.00905224 0.00932386 0.00935144 0.00948054 0.0117581 0.665861 0.0438936 0.0205256 0.0037424 0.00376181 0 0.00377275 0.00379052 0.00377548 0.00415276 
0.00886196 0.0100671 0.0144993 0.0190606 0.0249601 0.0190788 0.0159169 0.0115588 0.00911918 0.0116728 0.014051 0.0138018 0.0102185 0.00984384 0.0151977 0.0318779 0.0590292 0.0168249 0.0123188 0.0093019 0.00925924 0.0119462 0.0532683 0.0518617 0.0746625 0.0142375 0.0124528 0.0395526 0.0312896 0.0323032 0.0107991 0.0107455 0.0100931 0.00908802 0.00931166 0.00934385 0.00989162 0.516917 0.0198362 0.0244138 0.0152939 0.0037696 0.00376342 0.00377275 0 0.00376143 0.00378056 0.00379018 
0.00894287 0.0101788 0.012938 0.0199935 0.0170959 0.02142 0.0134042 0.0110986 0.00992835 0.00976868 0.0170847 0.0110325 0.0105404 0.00970378 0.0149809 0.0359231 0.0312074 0.0199558 0.0113196 0.00970011 0.00900052 0.0176819 0.0272987 0.126933 0.0274987 0.0143074 0.0148426 0.0227058 0.067642 0.0163482 0.0115502 0.0110366 0.00999654 0.00915438 0.00936981 0.00921172 0.0130695 0.0192551 0.0318947 0.0132359 0.0151569 0.00384365 0.00379859 0.00379052 0.00376143 0 0.00375538 0.00374018 
0.0102085 0.0099736 0.0118878 0.0116702 0.0135201 0.0117365 0.0130357 0.0108045 0.0102147 0.0106804 0.00981043 0.0123792 0.00956161 0.0118625 0.0129144 0.0113489 0.0199317 0.0174732 0.0124666 0.00959684 0.0108084 0.0129842 0.0433354 0.0172387 0.0619246 0.0143614 0.0140991 0.0362736 0.0160021 0.0382291 0.0122579 0.0141843 0.0114248 0.0112453 0.0128145 0.0144824 0.0183845 0.0183311 0.0187993 0.0417384 0.0162976 0.00425013 0.00397967 0.00377548 0.00378056 0.00375538 0 0.0037784 
0.0118359 0.00993627 0.00924001 0.0100332 0.00934052 0.00957192 0.00984793 0.011091 0.0130326 0.00933023 0.0101396 0.0091917 0.0107377 0.015038 0.00938496 0.0100961 0.0096431 0.0101614 0.0121199 0.01546 0.00956979 0.0340292 0.0105247 0.0121291 0.0100659 0.0166487 0.0341121 0.0125146 0.0117813 0.00985946 0.0151907 0.0183233 0.0134656 0.0152628 0.0113828 0.0185278 0.0110549 0.0176734 0.0228609 0.00929627 0.0235029 0.010582 0.00454605 0.00415276 0.00379018 0.00374018 0.0037784 0 
