1GNUA
MKFVYKEEHPFEKRRSEGEKIRKKYPDRVPVIVEKAPKARIGDLDKKKYLVPSDLTVGQFYFLIRKRIHLRAEDALFFFVNNVIPPTSATMGQLYQEHHEEDFFLYIAYSDESVYGL
CCCHHHHHCCHHHHHHHHHHHHHHCCCEEEEEEEECCCCCCCCCCCCEEEEECCCEHHHHHHHHHHHCCCCCCCCCEEEECCECCCCCCEHHHHHHHHCCCCCCEEEEEECCCCCCC
0 0 0 0 0 0 0 0 0 0 0 0 0 0 0 0 0 0 0 0 0 0 0 0 0 0 0 0 0 0 0 0 0 0 0 0 0 0 0 0 0 0 0 0 0 0 0 0 0 0 0 0 0 0 0 0 0 0 0 0 0 0 0 0 0 0 0 0 0 0 0 0 0 0 0 0 0 0 0 0 0 0 0 0 0 0 0 0 0 0 0 0 0 0 0 0 0 0 0 0 0 0 0 0 0 0 0 0 0 0 0 0 0 0 0 0 0 
0 0 0 0 0 0 0 0 0 0 0 0 0 0 0 0 0 0 0 0 0 0 0 0 0 0 0 0 0 0 0 0 0 0 0 0 0 0 0 0 0 0 0 0 0 0 0 0 0 0 0 0 0 0 0 0 0 0 0 0 0 0 0 0 0 0 0 0 0 0 0 0 0 0 0 0 0 0 0 0 0 0 0 0 0 0 0 0 0 0 0 0 0 0 0 0 0 0 0 0 0 0 0 0 0 0 0 0 0 0 0 0 0 0 0 0 0 
0 0.00390052 0.00380357 0.00376569 0.00425989 0.00378713 0.00397535 0.0072178 0.0854227 0.0100946 0.0176361 0.00896871 0.202208 0.035074 0.0225465 0.00975116 0.0114192 0.0120903 0.0110855 0.0136518 0.00982393 0.0092053 0.00876106 0.00894647 0.00899667 0.0103537 
0.00390052 0 0.00378196 0.00378014 0.00379647 0.00380981 0.00388862 0.00402696 0.0107622 0.107869 0.00916739 0.242091 0.00984017 0.00940731 0.0119068 0.0431764 0.0115419 0.013406 0.0102404 0.00924974 0.0114625 0.0116295 0.0137513 0.0119428 0.0119146 0.00894774 
0.00380357 0.00378196 0 0.00385504 0.003817 0.00379775 0.00370129 0.00375126 0.016708 0.0103169 0.316528 0.00932053 0.0127538 0.0127609 0.0181782 0.0243712 0.0182748 0.00944612 0.008696 0.00930721 0.0129205 0.0229562 0.0226066 0.0327668 0.0120173 0.00888755 
0.00376569 0.00378014 0.00385504 0 0.00383439 0.00376774 0.00377063 0.00375283 0.0124002 0.240539 0.024954 0.0317982 0.0190883 0.0106492 0.021782 0.0535033 0.0267094 0.0148642 0.00903149 0.0104849 0.0165845 0.0365772 0.0872533 0.0526817 0.0210254 0.0111692 
0.00425989 0.00379647 0.003817 0.00383439 0 0.00371133 0.00373849 0.00375887 0.148738 0.0328803 0.0994856 0.0187717 0.0153393 0.011626 0.024138 0.0372632 0.0401498 0.0121132 0.00894521 0.00983889 0.0151458 0.0577365 0.0590516 0.0749 0.0209675 0.00975926 
0.00378713 0.00380981 0.00379775 0.00376774 0.00371133 0 0.00371598 0.0037883 0.0112385 0.0532792 0.0467141 0.0341089 0.0107516 0.00958084 0.0132218 0.0438214 0.0249367 0.0149176 0.0087857 0.00927779 0.013598 0.0260833 0.0753602 0.0408986 0.0153912 0.00977717 
0.00397535 0.00388862 0.00370129 0.00377063 0.00373849 0.00371598 0 0.00373552 0.0277475 0.0346384 0.0565984 0.0189948 0.0152607 0.0127198 0.0160952 0.0194323 0.0366854 0.0123839 0.00948189 0.0112248 0.0121876 0.0255242 0.0197437 0.0231089 0.0174324 0.00926871 
0.0072178 0.00402696 0.00375126 0.00375283 0.00375887 0.0037883 0.00373552 0 0.0349626 0.0309837 0.0110074 0.013507 0.0308206 0.0235915 0.0215408 0.0132886 0.0110071 0.0152777 0.0141339 0.0161806 0.021824 0.0120998 0.0100972 0.00972144 0.00986517 0.010155 
0.0854227 0.0107622 0.016708 0.0124002 0.148738 0.0112385 0.0277475 0.0349626 0 0.00472637 0.00376538 0.00382524 0.00620352 0.0137411 0.102281 0.0115909 0.0130169 0.0141205 0.0167366 0.0205397 0.0128682 0.0112158 0.00931449 0.00923277 0.00986873 0.01268 
0.0100946 0.107869 0.0103169 0.240539 0.0328803 0.0532792 0.0346384 0.0309837 0.00472637 0 0.00371135 0.00380254 0.00410539 0.00432428 0.0282702 0.0959072 0.014242 0.0202982 0.0119972 0.0105058 0.0160752 0.0202829 0.0200257 0.015739 0.0119468 0.0104895 
0.0176361 0.00916739 0.316528 0.024954 0.0994856 0.0467141 0.0565984 0.0110074 0.00376538 0.00371135 0 0.00375219 0.00374199 0.00437642 0.0358619 0.0252627 0.03796 0.00991506 0.00921616 0.0100571 0.0110353 0.0188245 0.0199664 0.0261813 0.010868 0.00882529 
0.00896871 0.242091 0.00932053 0.0317982 0.0187717 0.0341089 0.0189948 0.013507 0.00382524 0.00380254 0.00375219 0 0.00462117 0.00388253 0.0122633 0.0447111 0.0160811 0.0113192 0.00932166 0.00938023 0.0104451 0.0124495 0.0157908 0.0106733 0.0100861 0.00853972 
0.202208 0.00984017 0.0127538 0.0190883 0.0153393 0.0107516 0.0152607 0.0308206 0.00620352 0.00410539 0.00374199 0.00462117 0 0.00595307 0.0260984 0.010931 0.0173209 0.019577 0.0130769 0.0130842 0.0204367 0.0121319 0.00942212 0.0090926 0.00939021 0.00907081 
0.035074 0.00940731 0.0127609 0.0106492 0.011626 0.00958084 0.0127198 0.0235915 0.0137411 0.00432428 0.00437642 0.00388253 0.00595307 0 0.0659797 0.0121595 0.0197619 0.0203662 0.0732401 0.268966 0.0261893 0.0125913 0.00987932 0.00957244 0.0114631 0.013913 
0.0225465 0.0119068 0.0181782 0.021782 0.024138 0.0132218 0.0160952 0.0215408 0.102281 0.0282702 0.0358619 0.0122633 0.0260984 0.0659797 0 0.00410507 0.00394024 0.00436476 0.00620297 0.0133757 0.0321355 0.0281826 0.0148755 0.0204449 0.0141623 0.024843 
0.00975116 0.0431764 0.0243712 0.0535033 0.0372632 0.0438214 0.0194323 0.0132886 0.0115909 0.0959072 0.0252627 0.0447111 0.010931 0.0121595 0.00410507 0 0.00372879 0.00385094 0.00448624 0.0066036 0.0346422 0.0558111 0.0629356 0.022341 0.0356877 0.0106138 
0.0114192 0.0115419 0.0182748 0.0267094 0.0401498 0.0249367 0.0366854 0.0110071 0.0130169 0.014242 0.03796 0.0160811 0.0173209 0.0197619 0.00394024 0.00372879 0 0.00850061 0.00814591 0.0182617 0.0160321 0.0671273 0.0239493 0.060195 0.0329959 0.0112195 
0.0120903 0.013406 0.00944612 0.0148642 0.0121132 0.0149176 0.0123839 0.0152777 0.0141205 0.0202982 0.00991506 0.0113192 0.019577 0.0203662 0.00436476 0.00385094 0.00850061 0 0.827409 0.00778595 0.0393441 0.0150633 0.028589 0.0119135 0.0181412 0.0139711 
0.0110855 0.0102404 0.008696 0.00903149 0.00894521 0.0087857 0.00948189 0.0141339 0.0167366 0.0119972 0.00921616 0.00932166 0.0130769 0.0732401 0.00620297 0.00448624 0.00814591 0.827409 0 0.0502998 0.0156294 0.012371 0.00895786 0.00888281 0.0119393 0.017098 
0.0136518 0.00924974 0.00930721 0.0104849 0.00983889 0.00927779 0.0112248 0.0161806 0.0205397 0.0105058 0.0100571 0.00938023 0.0130842 0.268966 0.0133757 0.0066036 0.0182617 0.00778595 0.0502998 0 0.0210179 0.0112685 0.00713098 0.00860833 0.0099793 0.0136258 
0.00982393 0.0114625 0.0129205 0.0165845 0.0151458 0.013598 0.0121876 0.021824 0.0128682 0.0160752 0.0110353 0.0104451 0.0204367 0.0261893 0.0321355 0.0346422 0.0160321 0.0393441 0.0156294 0.0210179 0 0.00372427 0.00371369 0.00374455 0.00389797 0.00738364 
0.0092053 0.0116295 0.0229562 0.0365772 0.0577365 0.0260833 0.0255242 0.0120998 0.0112158 0.0202829 0.0188245 0.0124495 0.0121319 0.0125913 0.0281826 0.0558111 0.0671273 0.0150633 0.012371 0.0112685 0.00372427 0 0.0037423 0.003719 0.0045017 0.00389266 
0.00876106 0.0137513 0.0226066 0.0872533 0.0590516 0.0753602 0.0197437 0.0100972 0.00931449 0.0200257 0.0199664 0.0157908 0.00942212 0.00987932 0.0148755 0.0629356 0.0239493 0.028589 0.00895786 0.00713098 0.00371369 0.0037423 0 0.0037236 0.0037193 0.00373811 
0.00894647 0.0119428 0.0327668 0.0526817 0.0749 0.0408986 0.0231089 0.00972144 0.00923277 0.015739 0.0261813 0.0106733 0.0090926 0.00957244 0.0204449 0.022341 0.060195 0.0119135 0.00888281 0.00860833 0.00374455 0.003719 0.0037236 0 0.00371865 0.00370355 
0.00899667 0.0119146 0.0120173 0.0210254 0.0209675 0.0153912 0.0174324 0.00986517 0.00986873 0.0119468 0.010868 0.0100861 0.00939021 0.0114631 0.0141623 0.0356877 0.0329959 0.0181412 0.0119393 0.0099793 0.00389797 0.0045017 0.0037193 0.00371865 0 0.00394122 
0.0103537 0.00894774 0.00888755 0.0111692 0.00975926 0.00977717 0.00926871 0.010155 0.01268 0.0104895 0.00882529 0.00853972 0.00907081 0.013913 0.024843 0.0106138 0.0112195 0.0139711 0.017098 0.0136258 0.00738364 0.00389266 0.00373811 0.00370355 0.00394122 0 
