1GP0A
DCQVTNPSTGHLFDLSSLSGRAGFTAAYSEKGLVYMSICGENENCPPGVGACFGQTRISVGKANKRLRYVDQVLQLVYKDGSPCPSKSGLSYKSVISFVCRPEAGPTNRPMLISLDKQTCTLFFSWHTPLACE
CCEEECCCCCCEEECHHHECCCCEEEEECCCEEEEECECCCCCCCCCCECEEECCCCCECCECCCCCEEECCEEEEEECCCCECCCCCCCECEEEEEEEECCCCCCCCCCEEEEEECCCCEEEEEEEEHHHCC
0 0 0 0 0 0 0 0 0 0 0 0 0 0 0 0 0 0 0 0 0 0 0 0 0 0 0 0 0 0 0 0 0 0 0 0 0 0 0 0 0 0 0 0 0 0 0 0 0 0 0 0 0 0 0 0 0 0 0 0 0 0 0 0 0 0 0 0 0 0 0 0 0 0 0 0 0 0 0 0 0 0 0 0 0 0 0 0 0 0 0 0 0 0 0 0 0 0 0 0 0 0 0 0 0 0 0 0 0 0 0 0 0 0 0 0 0 0 0 0 0 0 0 0 0 0 0 0 0 0 0 0 0 
0 0 0 0 0 0 0 0 0 0 0 0 0 0 0 0 0 0 0 0 0 0 0 0 0 0 0 0 0 0 0 0 0 0 0 0 0 0 0 0 0 0 0 0 0 0 0 0 0 0 0 0 0 0 0 0 0 0 0 0 0 0 0 0 0 0 0 0 0 0 0 0 0 0 0 0 0 0 0 0 0 0 0 0 0 0 0 0 0 0 0 0 0 0 0 0 0 0 0 0 0 0 0 0 0 0 0 0 0 0 0 0 0 0 0 0 0 0 0 0 0 0 0 0 0 0 0 0 0 0 0 0 0 
0 0.00376526 0.00465666 0.0102299 0.00857158 0.941563 0.00977414 0.00999445 0.013689 0.0091533 0.01396 0.016801 0.0125409 0.0111644 0.00973172 0.0140805 0.0120454 0.0139259 0.0123952 0.0124877 0.00909177 0.0235268 0.014707 0.0126379 0.0154942 0.00867388 0.015328 0.0106094 0.00839991 0.013176 0.00855029 0.010826 0.0111285 0.0111766 0.0133396 0.00964994 0.00860729 0.0095416 0.00858854 0.0101688 0.00824193 0.0087605 0.0095074 0.00970207 0.0081734 0.00825178 0.00829102 0.00820404 0.00894407 0.0102303 0.00809925 0.00961905 0.00809509 0.0084477 0.00811829 0.00879696 0.00835598 
0.00376526 0 0.00368748 0.00675287 0.995184 0.00884635 0.00772348 0.0108719 0.0100755 0.0134272 0.0101624 0.0094615 0.0116529 0.0107208 0.0114515 0.0135874 0.0118644 0.0105591 0.0120201 0.00938711 0.0374936 0.00937676 0.00953227 0.00854666 0.008295 0.031068 0.00838363 0.00860902 0.0196585 0.00846859 0.0127093 0.00898764 0.00990246 0.00818389 0.00817341 0.0080763 0.0104257 0.00859046 0.0106094 0.00842761 0.0101898 0.00848192 0.00856267 0.00816592 0.00928148 0.00825879 0.00812342 0.00842055 0.00801876 0.00811225 0.0106286 0.00827118 0.00903381 0.00814064 0.00891283 0.0081605 0.00808851 
0.00465666 0.00368748 0 0.984339 0.00674369 0.0196754 0.00845399 0.0168361 0.0149788 0.00916097 0.0102095 0.011071 0.0175284 0.0118123 0.0100193 0.0169072 0.0106153 0.0160868 0.0172118 0.0230805 0.0098127 0.0141254 0.0143704 0.0121379 0.0308268 0.00863964 0.00969582 0.0185786 0.00898063 0.01316 0.00866767 0.0105242 0.00920663 0.0113337 0.0162887 0.0123782 0.00874843 0.00962148 0.00871269 0.0100368 0.00842835 0.00876777 0.00834775 0.011699 0.0084136 0.00837998 0.00819498 0.00814912 0.00851825 0.013484 0.00830881 0.00931563 0.00822607 0.00868917 0.00838155 0.00843553 0.00807749 
0.0102299 0.00675287 0.984339 0 0.00427788 0.00434289 0.00533312 0.0073883 0.0100663 0.00870126 0.0280358 0.019142 0.0105718 0.00924955 0.00923184 0.0112039 0.0124432 0.0120973 0.0122697 0.0100571 0.00931071 0.0174922 0.0124172 0.011462 0.0127273 0.00902457 0.0211403 0.00965703 0.00864344 0.0101247 0.00863512 0.0101227 0.0117081 0.0104132 0.0110384 0.00874669 0.00852164 0.00894208 0.00872641 0.00964608 0.00830264 0.00874972 0.00977201 0.00887225 0.00822288 0.00819499 0.00821821 0.00823616 0.00883848 0.00910561 0.00811088 0.0092848 0.00812917 0.00830651 0.00813189 0.00877808 0.00849182 
0.00857158 0.995184 0.00674369 0.00427788 0 0.00802409 0.00410552 0.00840876 0.0108445 0.0262024 0.0125712 0.0100007 0.00974948 0.00997124 0.0112742 0.0159725 0.0113187 0.0108699 0.0114265 0.0107858 0.0467434 0.0104036 0.0101962 0.00915686 0.00862492 0.0446755 0.00869653 0.00886094 0.016183 0.00858063 0.0125447 0.0092798 0.0104575 0.008367 0.00829253 0.00823992 0.0127364 0.0087845 0.0114061 0.00846275 0.0106623 0.0085125 0.00878492 0.00822095 0.00937671 0.00831315 0.00822151 0.00906137 0.00809612 0.0081924 0.0111225 0.00828731 0.00881545 0.00818616 0.00877132 0.00825043 0.00813537 
0.941563 0.00884635 0.0196754 0.00434289 0.00802409 0 0.00482497 0.0100301 0.0396416 0.00677566 0.00894379 0.00824367 0.0146334 0.0101691 0.00897071 0.0137602 0.0108462 0.0180123 0.0189965 0.0293691 0.0107796 0.0223489 0.0156806 0.0134591 0.0335057 0.00872379 0.010998 0.0180431 0.00905937 0.0137015 0.00880001 0.0122919 0.0109565 0.011819 0.0193286 0.0154938 0.00921801 0.0104262 0.00899492 0.0128854 0.00866253 0.00952891 0.00846743 0.0132398 0.00840607 0.00838356 0.0082803 0.00810524 0.00864786 0.0147133 0.00829657 0.0100369 0.00825139 0.00878121 0.0082713 0.00894932 0.00822129 
0.00977414 0.00772348 0.00845399 0.00533312 0.00410552 0.00482497 0 0.118701 0.005989 0.00388614 0.0041246 0.00634709 0.00669726 0.00637177 0.00624641 0.00809229 0.0104804 0.0889676 0.0251646 0.00971438 0.0103346 0.013083 0.0215555 0.0210018 0.0103761 0.00983838 0.0116684 0.0104123 0.00866024 0.00899413 0.00854653 0.0100771 0.0147338 0.0135468 0.0129549 0.00910439 0.00859724 0.00856431 0.00855649 0.00877135 0.00826654 0.00854678 0.0104982 0.00894184 0.00820872 0.00805062 0.00806393 0.00826952 0.00935144 0.00877648 0.0081092 0.00818233 0.00806543 0.00811731 0.00807218 0.00879963 0.00948533 
0.00999445 0.0108719 0.0168361 0.0073883 0.00840876 0.0100301 0.118701 0 0.00379444 0.00385531 0.00382819 0.00526415 0.00514166 0.00516989 0.00628287 0.0132821 0.808706 0.0128361 0.0139424 0.00900298 0.00951754 0.0170054 0.0122661 0.011751 0.0105554 0.0101497 0.0124652 0.00952131 0.00946814 0.00889334 0.00952251 0.00927808 0.0163458 0.0102455 0.0095814 0.00838807 0.00859099 0.00861187 0.00897176 0.00867879 0.00905007 0.00858188 0.0130008 0.00831566 0.00820037 0.00811927 0.00811343 0.00833168 0.00946137 0.00827503 0.00832084 0.00835679 0.00825602 0.00805756 0.00817707 0.00850295 0.00898302 
0.013689 0.0100755 0.0149788 0.0100663 0.0108445 0.0396416 0.005989 0.00379444 0 0.00372183 0.00415291 0.00384983 0.00445729 0.00630294 0.0190109 0.928891 0.00910255 0.0070702 0.00890659 0.00923495 0.010496 0.011052 0.00971149 0.00918539 0.0124569 0.00902141 0.00989691 0.0100151 0.00903012 0.0146539 0.00889472 0.0138955 0.00941015 0.00905352 0.00924044 0.00874996 0.00892825 0.010256 0.00922134 0.0129871 0.00864231 0.010314 0.00861026 0.00907175 0.00821836 0.00834144 0.00834262 0.00828128 0.00834101 0.00896227 0.00833253 0.00982554 0.00825996 0.00876073 0.00829996 0.00892773 0.00819394 
0.0091533 0.0134272 0.00916097 0.00870126 0.0262024 0.00677566 0.00388614 0.00385531 0.00372183 0 0.00373613 0.00374273 0.00512245 0.0166812 0.913414 0.0200274 0.00895757 0.00605242 0.00869985 0.00971831 0.00973485 0.0105141 0.00877935 0.008536 0.00886644 0.0100493 0.00882804 0.00910265 0.0120153 0.00940719 0.0229193 0.00903662 0.00963001 0.00823913 0.0082183 0.00829054 0.0097906 0.0107528 0.0179162 0.009666 0.0164761 0.00857735 0.00893522 0.00820052 0.00880156 0.00847065 0.00838169 0.00822827 0.00814673 0.00816906 0.00992279 0.00856658 0.0118435 0.00853248 0.00945584 0.00839444 0.00815126 
0.01396 0.0101624 0.0102095 0.0280358 0.0125712 0.00894379 0.0041246 0.00382819 0.00415291 0.00373613 0 0.00377663 0.00637351 0.947645 0.0179439 0.00922787 0.00533661 0.00590026 0.00876869 0.0153428 0.0163649 0.0104095 0.00975034 0.00922105 0.0115672 0.00949036 0.00871504 0.00966533 0.00981194 0.0136665 0.00920192 0.0116997 0.00882094 0.00854422 0.00913849 0.00852785 0.00925994 0.0104023 0.00940785 0.0127709 0.00879816 0.00949682 0.0083081 0.00864945 0.00857056 0.0084376 0.00825274 0.00826886 0.00808225 0.00901659 0.00850331 0.00924734 0.00852046 0.0085456 0.00847677 0.00856624 0.00803729 
0.016801 0.0094615 0.011071 0.019142 0.0100007 0.00824367 0.00634709 0.00526415 0.00384983 0.00374273 0.00377663 0 0.951776 0.00527469 0.00456003 0.00459336 0.00504526 0.00650272 0.0148939 0.0131051 0.00961591 0.0111564 0.0125211 0.0120981 0.0146142 0.00926519 0.00906937 0.0147786 0.0100921 0.00890893 0.00901629 0.00888182 0.0107668 0.00982708 0.0129802 0.0101287 0.00920993 0.00889174 0.00920413 0.0087805 0.00875477 0.00851287 0.00884542 0.0103853 0.00848589 0.00832197 0.00829942 0.00815038 0.00847954 0.0105487 0.008477 0.00843915 0.00837578 0.00837452 0.00853449 0.00818498 0.00812383 
0.0125409 0.0116529 0.0175284 0.0105718 0.00974948 0.0146334 0.00669726 0.00514166 0.00445729 0.00512245 0.00637351 0.951776 0 0.00376518 0.00373076 0.00382279 0.00527569 0.00530977 0.0171701 0.0149687 0.00981817 0.0165976 0.0140296 0.0124613 0.0120962 0.0108558 0.0147847 0.0119105 0.0105509 0.0092025 0.00978848 0.00978931 0.0179609 0.0107365 0.0118057 0.00909435 0.00988409 0.00909288 0.00977112 0.00921736 0.00956439 0.00892034 0.0136347 0.00887329 0.00861669 0.00829085 0.00838051 0.00857129 0.0102377 0.00870921 0.00866602 0.00844714 0.00840127 0.00821745 0.00832645 0.00862339 0.010165 
0.0111644 0.0107208 0.0118123 0.00924955 0.00997124 0.0101691 0.00637177 0.00516989 0.00630294 0.0166812 0.947645 0.00527469 0.00376518 0 0.00369206 0.00432391 0.00371046 0.00424287 0.00823635 0.00993781 0.0156866 0.0103149 0.0102994 0.00904657 0.0112468 0.00998093 0.00941708 0.0103432 0.00967009 0.0174995 0.00975194 0.0156061 0.00961365 0.00878605 0.00881884 0.00889001 0.0103164 0.0133597 0.0117078 0.0164872 0.00911545 0.0116117 0.009061 0.00884501 0.00853819 0.00879008 0.00841617 0.00847219 0.0082981 0.00869715 0.00852745 0.00997782 0.00870331 0.00899838 0.0084135 0.00989488 0.00817835 
0.00973172 0.0114515 0.0100193 0.00923184 0.0112742 0.00897071 0.00624641 0.00628287 0.0190109 0.913414 0.0179439 0.00456003 0.00373076 0.00369206 0 0.00375192 0.00369925 0.00372987 0.00872593 0.019639 0.0105115 0.0828246 0.00884555 0.00844788 0.00922384 0.00997255 0.0088996 0.0092369 0.0158156 0.0126842 0.04159 0.00986648 0.0100276 0.00847196 0.00867532 0.00891187 0.0137151 0.0205279 0.0459116 0.0138318 0.024073 0.00893538 0.00920668 0.00862522 0.00939332 0.00939299 0.0089093 0.00850883 0.00818255 0.00848773 0.0126022 0.010771 0.0153872 0.00959505 0.0138374 0.00869789 0.00854881 
0.0140805 0.0135874 0.0169072 0.0112039 0.0159725 0.0137602 0.00809229 0.0132821 0.928891 0.0200274 0.00922787 0.00459336 0.00382279 0.00432391 0.00375192 0 0.00370202 0.00376934 0.0109723 0.0125538 0.250097 0.0222178 0.0122345 0.0109448 0.0130409 0.0138732 0.0102038 0.0109069 0.0110701 0.0349186 0.0113865 0.0399943 0.0105279 0.0097971 0.00961589 0.00964768 0.0140313 0.0251552 0.0155859 0.0313226 0.0110846 0.01525 0.00877253 0.00951007 0.00966509 0.00932599 0.00903764 0.0090019 0.00848675 0.0108223 0.00955144 0.0166591 0.00962234 0.013447 0.00949069 0.0110771 0.00833181 
0.0120454 0.0118644 0.0106153 0.0124432 0.0113187 0.0108462 0.0104804 0.808706 0.00910255 0.00895757 0.00533661 0.00504526 0.00527569 0.00371046 0.00369925 0.00370202 0 0.00380785 0.0143812 0.149112 0.0131081 0.0210617 0.0127719 0.0118257 0.0120464 0.0108641 0.00979702 0.0122956 0.0167135 0.0107121 0.0221911 0.0103317 0.0177843 0.00933824 0.0102004 0.0111419 0.0151389 0.0136252 0.0393666 0.0136108 0.0177072 0.00925223 0.0102212 0.00999207 0.0102806 0.00903877 0.00884776 0.00855104 0.00856973 0.00975549 0.0136078 0.00939953 0.0156946 0.00981865 0.0112686 0.00879359 0.00873189 
0.0139259 0.0105591 0.0160868 0.0120973 0.0108699 0.0180123 0.0889676 0.0128361 0.0070702 0.00605242 0.00590026 0.00650272 0.00530977 0.00424287 0.00372987 0.00376934 0.00380785 0 0.259283 0.0115964 0.0274216 0.0360122 0.0340478 0.0409447 0.0143924 0.00991959 0.013618 0.0149425 0.0101264 0.0101699 0.00973599 0.0127845 0.0201801 0.018224 0.0192925 0.0105872 0.00973356 0.0104711 0.0111265 0.00999382 0.00943495 0.00925073 0.0119025 0.0110285 0.00877902 0.00835861 0.00822663 0.00826834 0.00908836 0.0122506 0.00893498 0.00876977 0.00889096 0.0085374 0.00846497 0.00867236 0.0088177 
0.0123952 0.0120201 0.0172118 0.0122697 0.0114265 0.0189965 0.0251646 0.0139424 0.00890659 0.00869985 0.00876869 0.0148939 0.0171701 0.00823635 0.00872593 0.0109723 0.0143812 0.259283 0 0.00405122 0.0043354 0.00510674 0.0186103 0.0672586 0.0144402 0.0141074 0.0170501 0.0169452 0.0130052 0.00966586 0.0108505 0.0111637 0.0250042 0.0253205 0.0235048 0.0108814 0.0120815 0.00945753 0.0112094 0.009725 0.00972336 0.00939171 0.0159043 0.0119353 0.00945815 0.00837067 0.00838409 0.00874696 0.0112762 0.0107979 0.0091001 0.00845862 0.00855028 0.00832067 0.0083742 0.00896368 0.0107258 
0.0124877 0.00938711 0.0230805 0.0100571 0.0107858 0.0293691 0.00971438 0.00900298 0.00923495 0.00971831 0.0153428 0.0131051 0.0149687 0.00993781 0.019639 0.0125538 0.149112 0.0115964 0.00405122 0 0.00374184 0.00377765 0.00805107 0.0107215 0.0231382 0.00958328 0.0501262 0.0103137 0.0108306 0.0141135 0.0148899 0.0158624 0.02076 0.0100502 0.0109403 0.0103742 0.0126463 0.0205716 0.020593 0.0182072 0.0122485 0.0111152 0.0138217 0.0106884 0.0096342 0.0100449 0.00896882 0.00874354 0.0101371 0.0108166 0.0114159 0.0136084 0.0119334 0.0125312 0.010405 0.00979268 0.0128319 
0.00909177 0.0374936 0.0098127 0.00931071 0.0467434 0.0107796 0.0103346 0.00951754 0.010496 0.00973485 0.0163649 0.00961591 0.00981817 0.0156866 0.0105115 0.250097 0.0131081 0.0274216 0.0043354 0.00374184 0 0.00372035 0.0147099 0.0122586 0.0109247 0.185601 0.011045 0.00988795 0.0162115 0.0117963 0.0126019 0.032179 0.0128158 0.00993724 0.00936054 0.00901193 0.0197509 0.0137174 0.0158189 0.0137352 0.0125246 0.0142736 0.00899287 0.00920215 0.0111599 0.00885923 0.00873396 0.00932307 0.00846818 0.00940555 0.0119822 0.0105754 0.0102855 0.00965974 0.00978776 0.0111828 0.00859443 
0.0235268 0.00937676 0.0141254 0.0174922 0.0104036 0.0223489 0.013083 0.0170054 0.011052 0.0105141 0.0104095 0.0111564 0.0165976 0.0103149 0.0828246 0.0222178 0.0210617 0.0360122 0.00510674 0.00377765 0.00372035 0 0.0426724 0.0171419 0.0635928 0.00978747 0.0134933 0.0218095 0.0113237 0.0117372 0.012285 0.0171406 0.0189026 0.0122726 0.0151805 0.013814 0.0111144 0.0117695 0.0115104 0.0128443 0.0106921 0.0103768 0.0103988 0.0141733 0.00957669 0.00898667 0.00880492 0.00868107 0.00935645 0.0149675 0.0100102 0.00999492 0.00949597 0.0095306 0.00934324 0.00978399 0.00880024 
0.014707 0.00953227 0.0143704 0.0124172 0.0101962 0.0156806 0.0215555 0.0122661 0.00971149 0.00877935 0.00975034 0.0125211 0.0140296 0.0102994 0.00884555 0.0122345 0.0127719 0.0340478 0.0186103 0.00805107 0.0147099 0.0426724 0 0.379837 0.0155241 0.0126213 0.00890566 0.0116214 0.00973123 0.00939799 0.00845415 0.0163547 0.0175835 0.0354187 0.0327096 0.012314 0.0107786 0.00976973 0.00950122 0.0101808 0.00911962 0.00979053 0.0115476 0.0127431 0.00895632 0.00837346 0.00831408 0.00861079 0.0101618 0.0150255 0.00921119 0.00897168 0.00833663 0.00832474 0.00823829 0.00895918 0.00929801 
0.0126379 0.00854666 0.0121379 0.011462 0.00915686 0.0134591 0.0210018 0.011751 0.00918539 0.008536 0.00922105 0.0120981 0.0124613 0.00904657 0.00844788 0.0109448 0.0118257 0.0409447 0.0672586 0.0107215 0.0122586 0.0171419 0.379837 0 0.0374157 0.00934265 0.00775017 0.00957581 0.00793157 0.00831541 0.0184309 0.0145675 0.0185734 0.0265246 0.0288533 0.0118173 0.00997234 0.00911555 0.00931863 0.00927536 0.00885061 0.00910744 0.0126247 0.0127528 0.00867365 0.00835379 0.00831711 0.00867422 0.0103628 0.0128131 0.00872898 0.00870418 0.00847568 0.0083787 0.00830828 0.00867826 0.00969119 
0.0154942 0.008295 0.0308268 0.0127273 0.00862492 0.0335057 0.0103761 0.0105554 0.0124569 0.00886644 0.0115672 0.0146142 0.0120962 0.0112468 0.00922384 0.0130409 0.0120464 0.0143924 0.0144402 0.0231382 0.0109247 0.0635928 0.0155241 0.0374157 0 0.00377573 0.0048895 0.00562572 0.00557172 0.826881 0.0168484 0.0178131 0.0125906 0.0128846 0.0215683 0.0158992 0.0102306 0.0173675 0.0091693 0.0160428 0.00892221 0.0138931 0.014593 0.0209093 0.00891916 0.00977119 0.00999808 0.00969593 0.0169719 0.0195253 0.00871665 0.013349 0.00865216 0.00995679 0.00864295 0.0120984 0.0104745 
0.00867388 0.031068 0.00863964 0.00902457 0.0446755 0.00872379 0.00983838 0.0101497 0.00902141 0.0100493 0.00949036 0.00926519 0.0108558 0.00998093 0.00997255 0.0138732 0.0108641 0.00991959 0.0141074 0.00958328 0.185601 0.00978747 0.0126213 0.00934265 0.00377573 0 0.00383827 0.00425479 0.983349 0.00598819 0.00772578 0.0067912 0.00773516 0.00710236 0.0096028 0.00884767 0.0219466 0.00952525 0.0126163 0.00896487 0.0150151 0.00970185 0.0100681 0.00947521 0.0166995 0.00877086 0.00882897 0.0102141 0.00887667 0.00944987 0.028946 0.00866554 0.0104146 0.00863615 0.0100007 0.00900133 0.00874918 
0.015328 0.00838363 0.00969582 0.0211403 0.00869653 0.010998 0.0116684 0.0124652 0.00989691 0.00882804 0.00871504 0.00906937 0.0147847 0.00941708 0.0088996 0.0102038 0.00979702 0.013618 0.0170501 0.0501262 0.011045 0.0134933 0.00890566 0.00775017 0.0048895 0.00383827 0 0.993805 0.00575439 0.00497693 0.00423797 0.00477731 0.00523862 0.00851365 0.0155983 0.0143012 0.0094744 0.00993403 0.00939552 0.0117899 0.0098362 0.00884203 0.00960547 0.0161015 0.00889387 0.00858068 0.00856279 0.00846513 0.00881417 0.0200883 0.0089935 0.00933207 0.00857426 0.00897436 0.00870256 0.00868834 0.00843563 
0.0106094 0.00860902 0.0185786 0.00965703 0.00886094 0.0180431 0.0104123 0.00952131 0.0100151 0.00910265 0.00966533 0.0147786 0.0119105 0.0103432 0.0092369 0.0109069 0.0122956 0.0149425 0.0169452 0.0103137 0.00988795 0.0218095 0.0116214 0.00957581 0.00562572 0.00425479 0.993805 0 0.00413931 0.00369881 0.00370681 0.00381538 0.00485228 0.00931842 0.0165988 0.0118803 0.0110777 0.0127557 0.0109977 0.0134056 0.00955675 0.069432 0.0147365 0.0165725 0.00933207 0.00936131 0.00968592 0.00934821 0.0177296 0.0159497 0.00935138 0.0109441 0.00891926 0.0103993 0.00879989 0.0131684 0.011452 
0.00839991 0.0196585 0.00898063 0.00864344 0.016183 0.00905937 0.00866024 0.00946814 0.00903012 0.0120153 0.00981194 0.0100921 0.0105509 0.00967009 0.0158156 0.0110701 0.0167135 0.0101264 0.0130052 0.0108306 0.0162115 0.0113237 0.00973123 0.00793157 0.00557172 0.983349 0.00575439 0.00413931 0 0.00369659 0.0037145 0.00380767 0.00423179 0.00559939 0.00848794 0.00889649 0.026633 0.011149 0.0314748 0.0133894 0.196047 0.00927576 0.0143376 0.00953191 0.0163259 0.00958747 0.00916233 0.0139555 0.0089363 0.00958834 0.0331551 0.00951414 0.0292691 0.00922739 0.0194286 0.00994271 0.0107647 
0.013176 0.00846859 0.01316 0.0101247 0.00858063 0.0137015 0.00899413 0.00889334 0.0146539 0.00940719 0.0136665 0.00890893 0.0092025 0.0174995 0.0126842 0.0349186 0.0107121 0.0101699 0.00966586 0.0141135 0.0117963 0.0117372 0.00939799 0.00831541 0.826881 0.00598819 0.00497693 0.00369881 0.00369659 0 0.00369415 0.00371996 0.0037624 0.00492472 0.0105112 0.0146128 0.0110703 0.0508742 0.0166882 0.41107 0.00926877 0.0193195 0.00873942 0.0135138 0.00945464 0.0139812 0.0150008 0.00919087 0.00902244 0.0177364 0.00944989 0.110392 0.00996744 0.070503 0.0116636 0.0149471 0.00855854 
0.00855029 0.0127093 0.00866767 0.00863512 0.0125447 0.00880001 0.00854653 0.00952251 0.00889472 0.0229193 0.00920192 0.00901629 0.00978848 0.00975194 0.04159 0.0113865 0.0221911 0.00973599 0.0108505 0.0148899 0.0126019 0.012285 0.00845415 0.0184309 0.0168484 0.00772578 0.00423797 0.00370681 0.0037145 0.00369415 0 0.00368718 0.00372323 0.00418429 0.00870035 0.00923479 0.0272099 0.0199025 0.343849 0.0113263 0.0636926 0.0094342 0.0102572 0.00923006 0.019922 0.0117698 0.0104448 0.0105044 0.00896093 0.00938938 0.0553549 0.0104854 0.0646799 0.0100521 0.0420643 0.00948408 0.0094471 
0.010826 0.00898764 0.0105242 0.0101227 0.0092798 0.0122919 0.0100771 0.00927808 0.0138955 0.00903662 0.0116997 0.00888182 0.00978931 0.0156061 0.00986648 0.0399943 0.0103317 0.0127845 0.0111637 0.0158624 0.032179 0.0171406 0.0163547 0.0145675 0.0178131 0.0067912 0.00477731 0.00381538 0.00380767 0.00371996 0.00368718 0 0.0037901 0.0232287 0.0153128 0.014897 0.0198558 0.214759 0.0113716 0.0249191 0.00925326 0.0220823 0.00855675 0.0144108 0.0100482 0.0102587 0.00960443 0.00958857 0.00912734 0.032253 0.00985544 0.0363419 0.00935009 0.0281928 0.00939489 0.0151294 0.00857438 
0.0111285 0.00990246 0.00920663 0.0117081 0.0104575 0.0109565 0.0147338 0.0163458 0.00941015 0.00963001 0.00882094 0.0107668 0.0179609 0.00961365 0.0100276 0.0105279 0.0177843 0.0201801 0.0250042 0.02076 0.0128158 0.0189026 0.0175835 0.0185734 0.0125906 0.00773516 0.00523862 0.00485228 0.00423179 0.0037624 0.00372323 0.0037901 0 0.0278764 0.0223647 0.0202443 0.165078 0.0111434 0.0171927 0.0103855 0.0140656 0.00927028 0.0166459 0.0144413 0.0116838 0.00897777 0.00895071 0.00915958 0.0110964 0.0170961 0.016355 0.0091671 0.0113414 0.00917297 0.0101154 0.00908413 0.00960643 
0.0111766 0.00818389 0.0113337 0.0104132 0.008367 0.011819 0.0135468 0.0102455 0.00905352 0.00823913 0.00854422 0.00982708 0.0107365 0.00878605 0.00847196 0.0097971 0.00933824 0.018224 0.0253205 0.0100502 0.00993724 0.0122726 0.0354187 0.0265246 0.0128846 0.00710236 0.00851365 0.00931842 0.00559939 0.00492472 0.00418429 0.0232287 0.0278764 0 0.736803 0.0183082 0.00721895 0.00734654 0.0068648 0.00786586 0.00688535 0.00781805 0.00827688 0.0152747 0.00870964 0.00857741 0.00831994 0.00869207 0.00996662 0.0199285 0.00869336 0.00961483 0.00841215 0.00876326 0.00847247 0.00933202 0.00990519 
0.0133396 0.00817341 0.0162887 0.0110384 0.00829253 0.0193286 0.0129549 0.0095814 0.00924044 0.0082183 0.00913849 0.0129802 0.0118057 0.00881884 0.00867532 0.00961589 0.0102004 0.0192925 0.0235048 0.0109403 0.00936054 0.0151805 0.0327096 0.0288533 0.0215683 0.0096028 0.0155983 0.0165988 0.00848794 0.0105112 0.00870035 0.0153128 0.0223647 0.736803 0 0.00590531 0.00368194 0.00387819 0.00376607 0.0042427 0.00399133 0.00553757 0.00770669 0.0171862 0.00859267 0.00842033 0.00846071 0.00954057 0.0160858 0.0247351 0.00871833 0.0103649 0.00833295 0.00959169 0.00841551 0.0110039 0.0140181 
0.00964994 0.0080763 0.0123782 0.00874669 0.00823992 0.0154938 0.00910439 0.00838807 0.00874996 0.00829054 0.00852785 0.0101287 0.00909435 0.00889001 0.00891187 0.00964768 0.0111419 0.0105872 0.0108814 0.0103742 0.00901193 0.013814 0.012314 0.0118173 0.0158992 0.00884767 0.0143012 0.0118803 0.00889649 0.0146128 0.00923479 0.014897 0.0202443 0.0183082 0.00590531 0 0.00384148 0.00369955 0.00370842 0.0037689 0.0037648 0.00387556 0.00479253 0.0118426 0.00831063 0.00976044 0.00886412 0.00900089 0.0150066 0.0154723 0.00884542 0.0137052 0.00875769 0.0176799 0.008678 0.0157195 0.0113333 
0.00860729 0.0104257 0.00874843 0.00852164 0.0127364 0.00921801 0.00859724 0.00859099 0.00892825 0.0097906 0.00925994 0.00920993 0.00988409 0.0103164 0.0137151 0.0140313 0.0151389 0.00973356 0.0120815 0.0126463 0.0197509 0.0111144 0.0107786 0.00997234 0.0102306 0.0219466 0.0094744 0.0110777 0.026633 0.0110703 0.0272099 0.0198558 0.165078 0.00721895 0.00368194 0.00384148 0 0.00374433 0.00369972 0.00372791 0.00386342 0.00388998 0.00394325 0.00992334 0.0166661 0.00937352 0.00981526 0.013519 0.0130163 0.011951 0.0823909 0.0106582 0.0245387 0.00922404 0.0347691 0.012234 0.0104018 
0.0095416 0.00859046 0.00962148 0.00894208 0.0087845 0.0104262 0.00856431 0.00861187 0.010256 0.0107528 0.0104023 0.00889174 0.00909288 0.0133597 0.0205279 0.0251552 0.0136252 0.0104711 0.00945753 0.0205716 0.0137174 0.0117695 0.00976973 0.00911555 0.0173675 0.00952525 0.00993403 0.0127557 0.011149 0.0508742 0.0199025 0.214759 0.0111434 0.00734654 0.00387819 0.00369955 0.00374433 0 0.00370938 0.00372536 0.00374869 0.00370384 0.00385257 0.0137652 0.0108288 0.0149959 0.0143031 0.0143761 0.0153641 0.0150434 0.0122197 0.0907363 0.0107728 0.0465034 0.0129521 0.017754 0.00894808 
0.00858854 0.0106094 0.00871269 0.00872641 0.0114061 0.00899492 0.00855649 0.00897176 0.00922134 0.0179162 0.00940785 0.00920413 0.00977112 0.0117078 0.0459116 0.0155859 0.0393666 0.0111265 0.0112094 0.020593 0.0158189 0.0115104 0.00950122 0.00931863 0.0091693 0.0126163 0.00939552 0.0109977 0.0314748 0.0166882 0.343849 0.0113716 0.0171927 0.0068648 0.00376607 0.00370842 0.00369972 0.00370938 0 0.00371844 0.00373429 0.00372337 0.00504262 0.0109581 0.0192876 0.0133424 0.0199518 0.0214822 0.023561 0.0105402 0.039658 0.0118768 0.108992 0.0125164 0.0525704 0.00961699 0.0100128 
0.0101688 0.00842761 0.0100368 0.00964608 0.00846275 0.0128854 0.00877135 0.00867879 0.0129871 0.009666 0.0127709 0.0087805 0.00921736 0.0164872 0.0138318 0.0313226 0.0136108 0.00999382 0.009725 0.0182072 0.0137352 0.0128443 0.0101808 0.00927536 0.0160428 0.00896487 0.0117899 0.0134056 0.0133894 0.41107 0.0113263 0.0249191 0.0103855 0.00786586 0.0042427 0.0037689 0.00372791 0.00372536 0.00371844 0 0.00370983 0.00372136 0.00370527 0.0158844 0.0114973 0.0326361 0.0317026 0.0164195 0.0118465 0.0193835 0.00954347 0.0965234 0.010059 0.123817 0.00987829 0.0200617 0.00912579 
0.00824193 0.0101898 0.00842835 0.00830264 0.0106623 0.00866253 0.00826654 0.00905007 0.00864231 0.0164761 0.00879816 0.00875477 0.00956439 0.00911545 0.024073 0.0110846 0.0177072 0.00943495 0.00972336 0.0122485 0.0125246 0.0106921 0.00911962 0.00885061 0.00892221 0.0150151 0.0098362 0.00955675 0.196047 0.00926877 0.0636926 0.00925326 0.0140656 0.00688535 0.00399133 0.0037648 0.00386342 0.00374869 0.00373429 0.00370983 0 0.00372517 0.00381136 0.00911348 0.0380114 0.0201395 0.0202993 0.0146529 0.00916137 0.00893139 0.0345685 0.00944861 0.050513 0.00892348 0.05696 0.00954594 0.0175975 
0.0087605 0.00848192 0.00876777 0.00874972 0.0085125 0.00952891 0.00854678 0.00858188 0.010314 0.00857735 0.00949682 0.00851287 0.00892034 0.0116117 0.00893538 0.01525 0.00925223 0.00925073 0.00939171 0.0111152 0.0142736 0.0103768 0.00979053 0.00910744 0.0138931 0.00970185 0.00884203 0.069432 0.00927576 0.0193195 0.0094342 0.0220823 0.00927028 0.00781805 0.00553757 0.00387556 0.00388998 0.00370384 0.00372337 0.00372136 0.00372517 0 0.00429901 0.0314317 0.0158855 0.0160754 0.0170767 0.00966701 0.00768469 0.0145052 0.00913763 0.0277463 0.00854052 0.0183714 0.00866813 0.089579 0.00842395 
0.0095074 0.00856267 0.00834775 0.00977201 0.00878492 0.00846743 0.0104982 0.0130008 0.00861026 0.00893522 0.0083081 0.00884542 0.0136347 0.009061 0.00920668 0.00877253 0.0102212 0.0119025 0.0159043 0.0138217 0.00899287 0.0103988 0.0115476 0.0126247 0.014593 0.0100681 0.00960547 0.0147365 0.0143376 0.00873942 0.0102572 0.00855675 0.0166459 0.00827688 0.00770669 0.00479253 0.00394325 0.00385257 0.00504262 0.00370527 0.00381136 0.00429901 0 0.0148208 0.0172382 0.00711645 0.00755974 0.00719643 0.0105407 0.0141624 0.0162409 0.00824148 0.0100698 0.00859043 0.0272701 0.0107184 0.0171264 
0.00970207 0.00816592 0.011699 0.00887225 0.00822095 0.0132398 0.00894184 0.00831566 0.00907175 0.00820052 0.00864945 0.0103853 0.00887329 0.00884501 0.00862522 0.00951007 0.00999207 0.0110285 0.0119353 0.0106884 0.00920215 0.0141733 0.0127431 0.0127528 0.0209093 0.00947521 0.0161015 0.0165725 0.00953191 0.0135138 0.00923006 0.0144108 0.0144413 0.0152747 0.0171862 0.0118426 0.00992334 0.0137652 0.0109581 0.0158844 0.00911348 0.0314317 0.0148208 0 0.00372323 0.00369668 0.00375975 0.00380101 0.00439593 0.0084315 0.00621766 0.00963863 0.00699948 0.455881 0.0751203 0.0170583 0.0157594 
0.0081734 0.00928148 0.0084136 0.00822288 0.00937671 0.00840607 0.00820872 0.00820037 0.00821836 0.00880156 0.00857056 0.00848589 0.00861669 0.00853819 0.00939332 0.00966509 0.0102806 0.00877902 0.00945815 0.0096342 0.0111599 0.00957669 0.00895632 0.00867365 0.00891916 0.0166995 0.00889387 0.00933207 0.0163259 0.00945464 0.019922 0.0100482 0.0116838 0.00870964 0.00859267 0.00831063 0.0166661 0.0108288 0.0192876 0.0114973 0.0380114 0.0158855 0.0172382 0.00372323 0 0.00371418 0.00371987 0.00406879 0.00374369 0.00528311 0.011536 0.00773902 0.437912 0.0740282 0.0166539 0.00826745 0.00670587 
0.00825178 0.00825879 0.00837998 0.00819499 0.00831315 0.00838356 0.00805062 0.00811927 0.00834144 0.00847065 0.0084376 0.00832197 0.00829085 0.00879008 0.00939299 0.00932599 0.00903877 0.00835861 0.00837067 0.0100449 0.00885923 0.00898667 0.00837346 0.00835379 0.00977119 0.00877086 0.00858068 0.00936131 0.00958747 0.0139812 0.0117698 0.0102587 0.00897777 0.00857741 0.00842033 0.00976044 0.00937352 0.0149959 0.0133424 0.0326361 0.0201395 0.0160754 0.00711645 0.00369668 0.00371418 0 0.00374116 0.00373466 0.00369836 0.00483025 0.0113647 0.0797756 0.0999141 0.0101833 0.00766611 0.00660212 0.00581838 
0.00829102 0.00812342 0.00819498 0.00821821 0.00822151 0.0082803 0.00806393 0.00811343 0.00834262 0.00838169 0.00825274 0.00829942 0.00838051 0.00841617 0.0089093 0.00903764 0.00884776 0.00822663 0.00838409 0.00896882 0.00873396 0.00880492 0.00831408 0.00831711 0.00999808 0.00882897 0.00856279 0.00968592 0.00916233 0.0150008 0.0104448 0.00960443 0.00895071 0.00831994 0.00846071 0.00886412 0.00981526 0.0143031 0.0199518 0.0317026 0.0202993 0.0170767 0.00755974 0.00375975 0.00371987 0.00374116 0 0.00371222 0.00370026 0.00470168 0.0141903 0.575323 0.00900181 0.0106637 0.00690365 0.00646749 0.00549679 
0.00820404 0.00842055 0.00814912 0.00823616 0.00906137 0.00810524 0.00826952 0.00833168 0.00828128 0.00822827 0.00826886 0.00815038 0.00857129 0.00847219 0.00850883 0.0090019 0.00855104 0.00826834 0.00874696 0.00874354 0.00932307 0.00868107 0.00861079 0.00867422 0.00969593 0.0102141 0.00846513 0.00934821 0.0139555 0.00919087 0.0105044 0.00958857 0.00915958 0.00869207 0.00954057 0.00900089 0.013519 0.0143761 0.0214822 0.0164195 0.0146529 0.00966701 0.00719643 0.00380101 0.00406879 0.00373466 0.00371222 0 0.0038136 0.00510095 0.776503 0.00719334 0.00802694 0.00566354 0.00656557 0.0061095 0.00531286 
0.00894407 0.00801876 0.00851825 0.00883848 0.00809612 0.00864786 0.00935144 0.00946137 0.00834101 0.00814673 0.00808225 0.00847954 0.0102377 0.0082981 0.00818255 0.00848675 0.00856973 0.00908836 0.0112762 0.0101371 0.00846818 0.00935645 0.0101618 0.0103628 0.0169719 0.00887667 0.00881417 0.0177296 0.0089363 0.00902244 0.00896093 0.00912734 0.0110964 0.00996662 0.0160858 0.0150066 0.0130163 0.0153641 0.023561 0.0118465 0.00916137 0.00768469 0.0105407 0.00439593 0.00374369 0.00369836 0.00370026 0.0038136 0 0.861645 0.00466555 0.00669076 0.0041015 0.00545152 0.00583111 0.00556386 0.00478268 
0.0102303 0.00811225 0.013484 0.00910561 0.0081924 0.0147133 0.00877648 0.00827503 0.00896227 0.00816906 0.00901659 0.0105487 0.00870921 0.00869715 0.00848773 0.0108223 0.00975549 0.0122506 0.0107979 0.0108166 0.00940555 0.0149675 0.0150255 0.0128131 0.0195253 0.00944987 0.0200883 0.0159497 0.00958834 0.0177364 0.00938938 0.032253 0.0170961 0.0199285 0.0247351 0.0154723 0.011951 0.0150434 0.0105402 0.0193835 0.00893139 0.0145052 0.0141624 0.0084315 0.00528311 0.00483025 0.00470168 0.00510095 0.861645 0 0.0036926 0.00370298 0.00370594 0.00380634 0.00393832 0.00410133 0.00586729 
0.00809925 0.0106286 0.00830881 0.00811088 0.0111225 0.00829657 0.0081092 0.00832084 0.00833253 0.00992279 0.00850331 0.008477 0.00866602 0.00852745 0.0126022 0.00955144 0.0136078 0.00893498 0.0091001 0.0114159 0.0119822 0.0100102 0.00921119 0.00872898 0.00871665 0.028946 0.0089935 0.00935138 0.0331551 0.00944989 0.0553549 0.00985544 0.016355 0.00869336 0.00871833 0.00884542 0.0823909 0.0122197 0.039658 0.00954347 0.0345685 0.00913763 0.0162409 0.00621766 0.011536 0.0113647 0.0141903 0.776503 0.00466555 0.0036926 0 0.00373466 0.00369902 0.00369723 0.00382568 0.00400736 0.00393261 
0.00961905 0.00827118 0.00931563 0.0092848 0.00828731 0.0100369 0.00818233 0.00835679 0.00982554 0.00856658 0.00924734 0.00843915 0.00844714 0.00997782 0.010771 0.0166591 0.00939953 0.00876977 0.00845862 0.0136084 0.0105754 0.00999492 0.00897168 0.00870418 0.013349 0.00866554 0.00933207 0.0109441 0.00951414 0.110392 0.0104854 0.0363419 0.0091671 0.00961483 0.0103649 0.0137052 0.0106582 0.0907363 0.0118768 0.0965234 0.00944861 0.0277463 0.00824148 0.00963863 0.00773902 0.0797756 0.575323 0.00719334 0.00669076 0.00370298 0.00373466 0 0.00369685 0.00371058 0.00379881 0.00378133 0.00372631 
0.00809509 0.00903381 0.00822607 0.00812917 0.00881545 0.00825139 0.00806543 0.00825602 0.00825996 0.0118435 0.00852046 0.00837578 0.00840127 0.00870331 0.0153872 0.00962234 0.0156946 0.00889096 0.00855028 0.0119334 0.0102855 0.00949597 0.00833663 0.00847568 0.00865216 0.0104146 0.00857426 0.00891926 0.0292691 0.00996744 0.0646799 0.00935009 0.0113414 0.00841215 0.00833295 0.00875769 0.0245387 0.0107728 0.108992 0.010059 0.050513 0.00854052 0.0100698 0.00699948 0.437912 0.0999141 0.00900181 0.00802694 0.0041015 0.00370594 0.00369902 0.00369685 0 0.00370486 0.00370746 0.00370417 0.00371654 
0.0084477 0.00814064 0.00868917 0.00830651 0.00818616 0.00878121 0.00811731 0.00805756 0.00876073 0.00853248 0.0085456 0.00837452 0.00821745 0.00899838 0.00959505 0.013447 0.00981865 0.0085374 0.00832067 0.0125312 0.00965974 0.0095306 0.00832474 0.0083787 0.00995679 0.00863615 0.00897436 0.0103993 0.00922739 0.070503 0.0100521 0.0281928 0.00917297 0.00876326 0.00959169 0.0176799 0.00922404 0.0465034 0.0125164 0.123817 0.00892348 0.0183714 0.00859043 0.455881 0.0740282 0.0101833 0.0106637 0.00566354 0.00545152 0.00380634 0.00369723 0.00371058 0.00370486 0 0.00368192 0.00369987 0.0037098 
0.00811829 0.00891283 0.00838155 0.00813189 0.00877132 0.0082713 0.00807218 0.00817707 0.00829996 0.00945584 0.00847677 0.00853449 0.00832645 0.0084135 0.0138374 0.00949069 0.0112686 0.00846497 0.0083742 0.010405 0.00978776 0.00934324 0.00823829 0.00830828 0.00864295 0.0100007 0.00870256 0.00879989 0.0194286 0.0116636 0.0420643 0.00939489 0.0101154 0.00847247 0.00841551 0.008678 0.0347691 0.0129521 0.0525704 0.00987829 0.05696 0.00866813 0.0272701 0.0751203 0.0166539 0.00766611 0.00690365 0.00656557 0.00583111 0.00393832 0.00382568 0.00379881 0.00370746 0.00368192 0 0.00370577 0.00373951 
0.00879696 0.0081605 0.00843553 0.00877808 0.00825043 0.00894932 0.00879963 0.00850295 0.00892773 0.00839444 0.00856624 0.00818498 0.00862339 0.00989488 0.00869789 0.0110771 0.00879359 0.00867236 0.00896368 0.00979268 0.0111828 0.00978399 0.00895918 0.00867826 0.0120984 0.00900133 0.00868834 0.0131684 0.00994271 0.0149471 0.00948408 0.0151294 0.00908413 0.00933202 0.0110039 0.0157195 0.012234 0.017754 0.00961699 0.0200617 0.00954594 0.089579 0.0107184 0.0170583 0.00826745 0.00660212 0.00646749 0.0061095 0.00556386 0.00410133 0.00400736 0.00378133 0.00370417 0.00369987 0.00370577 0 0.00376641 
0.00835598 0.00808851 0.00807749 0.00849182 0.00813537 0.00822129 0.00948533 0.00898302 0.00819394 0.00815126 0.00803729 0.00812383 0.010165 0.00817835 0.00854881 0.00833181 0.00873189 0.0088177 0.0107258 0.0128319 0.00859443 0.00880024 0.00929801 0.00969119 0.0104745 0.00874918 0.00843563 0.011452 0.0107647 0.00855854 0.0094471 0.00857438 0.00960643 0.00990519 0.0140181 0.0113333 0.0104018 0.00894808 0.0100128 0.00912579 0.0175975 0.00842395 0.0171264 0.0157594 0.00670587 0.00581838 0.00549679 0.00531286 0.00478268 0.00586729 0.00393261 0.00372631 0.00371654 0.0037098 0.00373951 0.00376641 0 
