1GPQB
DDLTISSLAKGETTKAAFNQMVQGHKLPAWVMKGGTYTPAQTVTLGDETYQVMSACKPHDCGSQRIAVMWSEKSNQMTGLFSTIDEKTSQEKLTWLNVNDALSIDGKTVLFAALTGSLENHPDGFNFR
CCCCHHHHHHCCCCHHHHHHHHCCCCCCHHHHHCCEECCCEEEEECCEEEEEEEEECCCCCCCEEEEEEEECCCCEEEEEEEEECCCCCCEEEEEECCCHHHCCHHHHHHHHHHHCHHHHCCCCCCCC
0 0 0 0 0 0 0 0 0 0 0 0 0 0 0 0 0 0 0 0 0 0 0 0 0 0 0 0 0 0 0 0 0 0 0 0 0 0 0 0 0 0 0 0 0 0 0 0 0 0 0 0 0 0 0 0 0 0 0 0 0 0 0 0 0 0 0 0 0 0 0 0 0 0 0 0 0 0 0 0 0 0 0 0 0 0 0 0 0 0 0 0 0 0 0 0 0 0 0 0 0 0 0 0 0 0 0 0 0 0 0 0 0 0 0 0 0 0 0 0 0 0 0 0 0 0 0 0 
0 0 0 0 0 0 0 0 0 0 0 0 0 0 0 0 0 0 0 0 0 0 0 0 0 0 0 0 0 0 0 0 0 0 0 0 0 0 0 0 0 0 0 0 0 0 0 0 0 0 0 0 0 0 0 0 0 0 0 0 0 0 0 0 0 0 0 0 0 0 0 0 0 0 0 0 0 0 0 0 0 0 0 0 0 0 0 0 0 0 0 0 0 0 0 0 0 0 0 0 0 0 0 0 0 0 0 0 0 0 0 0 0 0 0 0 0 0 0 0 0 0 0 0 0 0 0 0 
0 0.0125509 0.00499871 0.00788794 0.00475299 0.00992594 0.0116912 0.00754893 0.0080049 0.00744122 0.00905134 0.00813392 0.00987418 0.0483276 0.0177873 0.0500388 0.0105661 0.0105237 0.00909956 0.00942857 0.00921743 0.00922637 0.0100037 0.0146898 0.0098024 0.00889219 0.00906046 0.0088164 0.00891845 0.00902545 0.00870538 0.0103703 0.0122585 0.00908896 0.00961381 0.00840189 0.00868998 0.00962993 0.0125543 
0.0125509 0 0.0168093 0.00548037 0.00432271 0.00592917 0.00715171 0.00960426 0.00758024 0.00895872 0.00758553 0.0100119 0.0275108 0.00972183 0.0444213 0.014222 0.0149302 0.0112542 0.00960344 0.00950333 0.00925772 0.00929332 0.011025 0.0119856 0.0163355 0.0100404 0.00902989 0.00942037 0.0092523 0.00928567 0.00897172 0.00968725 0.0100754 0.0149233 0.00917779 0.00905821 0.0088162 0.00973749 0.010491 
0.00499871 0.0168093 0 0.00381443 0.00384687 0.00381199 0.00514577 0.00465349 0.00460849 0.00651691 0.00682233 0.81713 0.00965191 0.00720372 0.00771896 0.0262592 0.0115433 0.0100587 0.0117796 0.0100755 0.0126568 0.0094016 0.0103054 0.0203785 0.0108021 0.00960012 0.00932433 0.010642 0.00935273 0.00939432 0.0102177 0.00940133 0.0228814 0.0131296 0.00872377 0.010131 0.00902768 0.0143852 0.0219036 
0.00788794 0.00548037 0.00381443 0 0.0036907 0.00688101 0.00380942 0.00418491 0.00664943 0.00566458 0.964905 0.00687536 0.00764873 0.00798998 0.0131484 0.00800569 0.00891947 0.0161232 0.00981531 0.0308169 0.0104145 0.0123511 0.0116464 0.00907219 0.0103681 0.00934612 0.0151858 0.00965355 0.0136825 0.012382 0.00921896 0.0164422 0.00900799 0.00901991 0.0185879 0.0088259 0.0326652 0.0124365 0.00930383 
0.00475299 0.00432271 0.00384687 0.0036907 0 0.00370706 0.00400768 0.00600857 0.00496643 0.964885 0.00477539 0.0110424 0.00654481 0.0094383 0.00752508 0.00774568 0.00914269 0.00939591 0.02597 0.0112593 0.022073 0.0135542 0.00963072 0.00963902 0.00902463 0.0146855 0.0094838 0.0225934 0.012522 0.0108372 0.0199672 0.00892965 0.0128612 0.0139055 0.00864253 0.066435 0.00973382 0.011822 0.0112403 
0.00992594 0.00592917 0.00381199 0.00688101 0.00370706 0 0.00370947 0.00679943 0.962654 0.00424308 0.00794066 0.00469224 0.0128341 0.00796566 0.00712724 0.0069894 0.00949397 0.0173136 0.00980578 0.018596 0.0117385 0.0122438 0.0110285 0.00913841 0.0127044 0.00958928 0.0144084 0.00982139 0.0131038 0.0134194 0.00936101 0.0160419 0.00899635 0.00966143 0.0387727 0.0089099 0.0204886 0.0131237 0.00899982 
0.0116912 0.00715171 0.00514577 0.00380942 0.00400768 0.00370947 0 0.958124 0.00410846 0.00509868 0.00384384 0.00516199 0.00501595 0.00526279 0.00597137 0.00790951 0.0153754 0.00966057 0.0105547 0.0095662 0.010359 0.00925798 0.0105667 0.0125711 0.0134381 0.0112363 0.00895523 0.0107028 0.00981827 0.00983178 0.0120629 0.00873504 0.015412 0.0399436 0.00893607 0.012138 0.00899496 0.00967968 0.0134444 
0.00754893 0.00960426 0.00465349 0.00418491 0.00600857 0.00679943 0.958124 0 0.00385321 0.00377173 0.00380238 0.00386699 0.00380246 0.00394116 0.00480984 0.0100457 0.00759591 0.00802643 0.00846977 0.00898107 0.00848114 0.00945796 0.0104035 0.0219069 0.0100635 0.00914264 0.00898486 0.00905429 0.00889614 0.00929223 0.00900566 0.0105986 0.0149314 0.00996932 0.00930575 0.00893229 0.00910378 0.0111073 0.0151521 
0.0080049 0.00758024 0.00460849 0.00664943 0.00496643 0.962654 0.00410846 0.00385321 0 0.00370229 0.0037189 0.00369248 0.00369743 0.00431105 0.00384161 0.00394532 0.00700416 0.009213 0.00995351 0.00893736 0.00863664 0.0113904 0.0109382 0.0239183 0.0145011 0.00890839 0.00906824 0.00886045 0.00933598 0.00910769 0.00890545 0.0125867 0.00876244 0.00892117 0.0112596 0.00864643 0.0121769 0.0100365 0.0092329 
0.00744122 0.00895872 0.00651691 0.00566458 0.964885 0.00424308 0.00509868 0.00377173 0.00370229 0 0.00370742 0.00372556 0.00375994 0.0038578 0.00384408 0.00400356 0.00706945 0.0081727 0.0107964 0.00912926 0.0105094 0.015488 0.022968 0.164705 0.00861092 0.0100515 0.00900079 0.0123258 0.0113103 0.00990659 0.0195272 0.00883484 0.0121409 0.0118388 0.00865288 0.0238357 0.00951782 0.0120171 0.0109484 
0.00905134 0.00758553 0.00682233 0.964905 0.00477539 0.00794066 0.00384384 0.00380238 0.0037189 0.00370742 0 0.00369273 0.00369309 0.00374852 0.00371001 0.00374771 0.00690485 0.00900793 0.00804889 0.0145455 0.0196175 0.0548649 0.597647 0.00832068 0.00916585 0.00940498 0.0135004 0.0104682 0.0137153 0.0190769 0.00912243 0.0144537 0.0086468 0.0087126 0.0229591 0.00909138 0.0356098 0.0120851 0.00975682 
0.00813392 0.0100119 0.81713 0.00687536 0.0110424 0.00469224 0.00516199 0.00386699 0.00369248 0.00372556 0.00369273 0 0.00369691 0.00369564 0.00370289 0.00373156 0.00752415 0.0083651 0.0172872 0.0151272 0.0386729 0.71311 0.0102317 0.00840467 0.00879527 0.0124516 0.0124163 0.0187979 0.0280694 0.0120171 0.0179453 0.00971899 0.00944123 0.0115746 0.00910527 0.0322616 0.0150843 0.0202248 0.0108382 
0.00987418 0.0275108 0.00965191 0.00764873 0.00654481 0.0128341 0.00501595 0.00380246 0.00369743 0.00375994 0.00369309 0.00369691 0 0.00373431 0.00370218 0.00372433 0.00708008 0.00982745 0.0158894 0.0211204 0.743343 0.0112052 0.0131387 0.0108333 0.00887527 0.0107564 0.0130379 0.0253354 0.016546 0.0155926 0.0123742 0.0105613 0.00908166 0.00921253 0.0123686 0.0177118 0.036383 0.0181511 0.00997671 
0.0483276 0.00972183 0.00720372 0.00798998 0.0094383 0.00796566 0.00526279 0.00394116 0.00431105 0.0038578 0.00374852 0.00369564 0.00373431 0 0.00373465 0.00372002 0.00605698 0.0216053 0.0156195 0.804596 0.0124756 0.0190208 0.0100404 0.0082315 0.00926882 0.0106017 0.036141 0.0145076 0.0253097 0.0192102 0.0118918 0.0120171 0.00942276 0.0103324 0.0137904 0.0195353 0.0400098 0.0199986 0.010578 
0.0177873 0.0444213 0.00771896 0.0131484 0.00752508 0.00712724 0.00597137 0.00480984 0.00384161 0.00384408 0.00371001 0.00370289 0.00370218 0.00373465 0 0.00372614 0.023881 0.0214453 0.713035 0.00944913 0.011962 0.00792385 0.013388 0.00710217 0.00849101 0.0354666 0.00978362 0.0154862 0.0124404 0.013357 0.0116005 0.011157 0.00962858 0.0117654 0.0158021 0.0142058 0.0138013 0.0191688 0.0125333 
0.0500388 0.014222 0.0262592 0.00800569 0.00774568 0.0069894 0.00790951 0.0100457 0.00394532 0.00400356 0.00374771 0.00373156 0.00372433 0.00372002 0.00372614 0 0.0496702 0.603134 0.00659904 0.00703019 0.00687852 0.00787012 0.00773706 0.0124377 0.0248036 0.00966822 0.0106224 0.0100045 0.0105949 0.0127349 0.0107776 0.00901849 0.0204633 0.0315093 0.0114103 0.00981941 0.0104075 0.0113727 0.0115153 
0.0105661 0.0149302 0.0115433 0.00891947 0.00914269 0.00949397 0.0153754 0.00759591 0.00700416 0.00706945 0.00690485 0.00752415 0.00708008 0.00605698 0.023881 0.0496702 0 0.00372125 0.00369394 0.00370379 0.00371579 0.00373318 0.00377638 0.00481271 0.00661482 0.00712058 0.00729512 0.00786358 0.00849678 0.00972729 0.0138254 0.591578 0.0529689 0.0113812 0.00928424 0.00962305 0.00966723 0.0112391 0.0296838 
0.0105237 0.0112542 0.0100587 0.0161232 0.00939591 0.0173136 0.00966057 0.00802643 0.009213 0.0081727 0.00900793 0.0083651 0.00982745 0.0216053 0.0214453 0.603134 0.00372125 0 0.00381517 0.0036904 0.00370576 0.00371751 0.00381179 0.0038218 0.00593051 0.00692069 0.00881704 0.00840975 0.0108552 0.0178544 0.791569 0.0451412 0.00988056 0.00969463 0.0168821 0.0104509 0.0153706 0.0260673 0.0105607 
0.00909956 0.00960344 0.0117796 0.00981531 0.02597 0.00980578 0.0105547 0.00846977 0.00995351 0.0107964 0.00804889 0.0172872 0.0158894 0.0156195 0.713035 0.00659904 0.00369394 0.00381517 0 0.00370916 0.00374413 0.00366962 0.0038053 0.00378698 0.00616968 0.0127765 0.00816717 0.0137244 0.0269777 0.896625 0.0261237 0.00883422 0.00918922 0.0114946 0.00939674 0.0331107 0.0197176 0.0137367 0.0108924 
0.00942857 0.00950333 0.0100755 0.0308169 0.0112593 0.018596 0.0095662 0.00898107 0.00893736 0.00912926 0.0145455 0.0151272 0.0211204 0.804596 0.00944913 0.00703019 0.00370379 0.0036904 0.00370916 0 0.0037038 0.00369982 0.00380124 0.00374398 0.00503614 0.00892602 0.0142643 0.0244149 0.932518 0.0229424 0.00998061 0.0098347 0.0086057 0.00942524 0.0243643 0.0152345 0.0472526 0.022909 0.0112958 
0.00921743 0.00925772 0.0126568 0.0104145 0.022073 0.0117385 0.010359 0.00848114 0.00863664 0.0105094 0.0196175 0.0386729 0.743343 0.0124756 0.011962 0.00687852 0.00371579 0.00370576 0.00374413 0.0037038 0 0.00378093 0.00372324 0.00371174 0.00449915 0.0118324 0.0141597 0.952552 0.021327 0.0177541 0.010465 0.0101335 0.00797372 0.0107856 0.0112219 0.0230516 0.0301976 0.0216355 0.0111936 
0.00922637 0.00929332 0.0094016 0.0123511 0.0135542 0.0122438 0.00925798 0.00945796 0.0113904 0.015488 0.0548649 0.71311 0.0112052 0.0190208 0.00792385 0.00787012 0.00373318 0.00371751 0.00366962 0.00369982 0.00378093 0 0.00370574 0.00369463 0.00454983 0.00844458 0.950439 0.0177348 0.0139133 0.015334 0.0102427 0.0133484 0.00751763 0.00896108 0.0122972 0.0161993 0.0350845 0.0192984 0.0102851 
0.0100037 0.011025 0.0103054 0.0116464 0.00963072 0.0110285 0.0105667 0.0104035 0.0109382 0.022968 0.597647 0.0102317 0.0131387 0.0100404 0.013388 0.00773706 0.00377638 0.00381179 0.0038053 0.00380124 0.00372324 0.00370574 0 0.00384203 0.00487793 0.970394 0.00569816 0.0086531 0.00866943 0.0121798 0.017121 0.00762687 0.0077607 0.00945019 0.0116835 0.0121027 0.0114229 0.0266518 0.0108344 
0.0146898 0.0119856 0.0203785 0.00907219 0.00963902 0.00913841 0.0125711 0.0219069 0.0239183 0.164705 0.00832068 0.00840467 0.0108333 0.0082315 0.00710217 0.0124377 0.00481271 0.0038218 0.00378698 0.00374398 0.00371174 0.00369463 0.00384203 0 0.967945 0.00600433 0.00426656 0.00409022 0.00558729 0.00598512 0.00597296 0.00628991 0.00699143 0.0155627 0.00994445 0.00909869 0.00892526 0.00900574 0.0127826 
0.0098024 0.0163355 0.0108021 0.0103681 0.00902463 0.0127044 0.0134381 0.0100635 0.0145011 0.00861092 0.00916585 0.00879527 0.00887527 0.00926882 0.00849101 0.0248036 0.00661482 0.00593051 0.00616968 0.00503614 0.00449915 0.00454983 0.00487793 0.967945 0 0.00377372 0.00369368 0.00370381 0.00372759 0.00386547 0.00373815 0.00426929 0.00550956 0.00748325 0.00788509 0.00739121 0.00917806 0.0099333 0.0163173 
0.00889219 0.0100404 0.00960012 0.00934612 0.0146855 0.00958928 0.0112363 0.00914264 0.00890839 0.0100515 0.00940498 0.0124516 0.0107564 0.0106017 0.0354666 0.00966822 0.00712058 0.00692069 0.0127765 0.00892602 0.0118324 0.00844458 0.970394 0.00600433 0.00377372 0 0.00368851 0.0036847 0.00370141 0.00372026 0.00400655 0.00669409 0.00415068 0.00669814 0.00738438 0.0106797 0.00836936 0.0203939 0.0100573 
0.00906046 0.00902989 0.00932433 0.0151858 0.0094838 0.0144084 0.00895523 0.00898486 0.00906824 0.00900079 0.0135004 0.0124163 0.0130379 0.036141 0.00978362 0.0106224 0.00729512 0.00881704 0.00816717 0.0142643 0.0141597 0.950439 0.00569816 0.00426656 0.00369368 0.00368851 0 0.00370245 0.00369807 0.00371368 0.00380535 0.00376086 0.00373156 0.00686984 0.00868586 0.00762893 0.0135734 0.00977458 0.0126961 
0.0088164 0.00942037 0.010642 0.00965355 0.0225934 0.00982139 0.0107028 0.00905429 0.00886045 0.0123258 0.0104682 0.0187979 0.0253354 0.0145076 0.0154862 0.0100045 0.00786358 0.00840975 0.0137244 0.0244149 0.952552 0.0177348 0.0086531 0.00409022 0.00370381 0.0036847 0.00370245 0 0.00370127 0.00369758 0.00376122 0.0037338 0.00372998 0.00683003 0.0076746 0.0168666 0.00974462 0.0264001 0.709512 
0.00891845 0.0092523 0.00935273 0.0136825 0.012522 0.0131038 0.00981827 0.00889614 0.00933598 0.0113103 0.0137153 0.0280694 0.016546 0.0253097 0.0124404 0.0105949 0.00849678 0.0108552 0.0269777 0.932518 0.021327 0.0139133 0.00866943 0.00558729 0.00372759 0.00370141 0.00369807 0.00370127 0 0.00370275 0.00369726 0.00372295 0.00379582 0.00683834 0.0133493 0.00860524 0.0163923 0.881134 0.0192169 
0.00902545 0.00928567 0.00939432 0.012382 0.0108372 0.0134194 0.00983178 0.00929223 0.00910769 0.00990659 0.0190769 0.0120171 0.0155926 0.0192102 0.013357 0.0127349 0.00972729 0.0178544 0.896625 0.0229424 0.0177541 0.015334 0.0121798 0.00598512 0.00386547 0.00372026 0.00371368 0.00369758 0.00370275 0 0.00374254 0.00375862 0.0037212 0.0127513 0.0111169 0.0164283 0.912239 0.0187063 0.0100966 
0.00870538 0.00897172 0.0102177 0.00921896 0.0199672 0.00936101 0.0120629 0.00900566 0.00890545 0.0195272 0.00912243 0.0179453 0.0123742 0.0118918 0.0116005 0.0107776 0.0138254 0.791569 0.0261237 0.00998061 0.010465 0.0102427 0.017121 0.00597296 0.00373815 0.00400655 0.00380535 0.00376122 0.00369726 0.00374254 0 0.00377241 0.00377213 0.00748335 0.00771334 0.94965 0.0129065 0.0106192 0.0100047 
0.0103703 0.00968725 0.00940133 0.0164422 0.00892965 0.0160419 0.00873504 0.0105986 0.0125867 0.00883484 0.0144537 0.00971899 0.0105613 0.0120171 0.011157 0.00901849 0.591578 0.0451412 0.00883422 0.0098347 0.0101335 0.0133484 0.00762687 0.00628991 0.00426929 0.00669409 0.00376086 0.0037338 0.00372295 0.00375862 0.00377241 0 0.00373037 0.00619295 0.967153 0.0108148 0.0085624 0.00890736 0.00784934 
0.0122585 0.0100754 0.0228814 0.00900799 0.0128612 0.00899635 0.015412 0.0149314 0.00876244 0.0121409 0.0086468 0.00944123 0.00908166 0.00942276 0.00962858 0.0204633 0.0529689 0.00988056 0.00918922 0.0086057 0.00797372 0.00751763 0.0077607 0.00699143 0.00550956 0.00415068 0.00373156 0.00372998 0.00379582 0.0037212 0.00377213 0.00373037 0 0.974762 0.00698379 0.00664539 0.0064219 0.00703679 0.00830244 
0.00908896 0.0149233 0.0131296 0.00901991 0.0139055 0.00966143 0.0399436 0.00996932 0.00892117 0.0118388 0.0087126 0.0115746 0.00921253 0.0103324 0.0117654 0.0315093 0.0113812 0.00969463 0.0114946 0.00942524 0.0107856 0.00896108 0.00945019 0.0155627 0.00748325 0.00669814 0.00686984 0.00683003 0.00683834 0.0127513 0.00748335 0.00619295 0.974762 0 0.00381375 0.0037253 0.00370816 0.00394882 0.00634232 
0.00961381 0.00917779 0.00872377 0.0185879 0.00864253 0.0387727 0.00893607 0.00930575 0.0112596 0.00865288 0.0229591 0.00910527 0.0123686 0.0137904 0.0158021 0.0114103 0.00928424 0.0168821 0.00939674 0.0243643 0.0112219 0.0122972 0.0116835 0.00994445 0.00788509 0.00738438 0.00868586 0.0076746 0.0133493 0.0111169 0.00771334 0.967153 0.00698379 0.00381375 0 0.00368783 0.00370717 0.00389557 0.00396242 
0.00840189 0.00905821 0.010131 0.0088259 0.066435 0.0089099 0.012138 0.00893229 0.00864643 0.0238357 0.00909138 0.0322616 0.0177118 0.0195353 0.0142058 0.00981941 0.00962305 0.0104509 0.0331107 0.0152345 0.0230516 0.0161993 0.0121027 0.00909869 0.00739121 0.0106797 0.00762893 0.0168666 0.00860524 0.0164283 0.94965 0.0108148 0.00664539 0.0037253 0.00368783 0 0.00374133 0.00369984 0.00373272 
0.00868998 0.0088162 0.00902768 0.0326652 0.00973382 0.0204886 0.00899496 0.00910378 0.0121769 0.00951782 0.0356098 0.0150843 0.036383 0.0400098 0.0138013 0.0104075 0.00966723 0.0153706 0.0197176 0.0472526 0.0301976 0.0350845 0.0114229 0.00892526 0.00917806 0.00836936 0.0135734 0.00974462 0.0163923 0.912239 0.0129065 0.0085624 0.0064219 0.00370816 0.00370717 0.00374133 0 0.00369382 0.00371231 
0.00962993 0.00973749 0.0143852 0.0124365 0.011822 0.0131237 0.00967968 0.0111073 0.0100365 0.0120171 0.0120851 0.0202248 0.0181511 0.0199986 0.0191688 0.0113727 0.0112391 0.0260673 0.0137367 0.022909 0.0216355 0.0192984 0.0266518 0.00900574 0.0099333 0.0203939 0.00977458 0.0264001 0.881134 0.0187063 0.0106192 0.00890736 0.00703679 0.00394882 0.00389557 0.00369984 0.00369382 0 0.00383498 
0.0125543 0.010491 0.0219036 0.00930383 0.0112403 0.00899982 0.0134444 0.0151521 0.0092329 0.0109484 0.00975682 0.0108382 0.00997671 0.010578 0.0125333 0.0115153 0.0296838 0.0105607 0.0108924 0.0112958 0.0111936 0.0102851 0.0108344 0.0127826 0.0163173 0.0100573 0.0126961 0.709512 0.0192169 0.0100966 0.0100047 0.00784934 0.00830244 0.00634232 0.00396242 0.00373272 0.00371231 0.00383498 0 
