1GYTI
MEFSVKSGSPEKQRSACIVVGVFEPRRLSPIAEQLDKISDGYISALLRRGELEGKPGQTLLLHHVPNVLSERILLIGCGKERELDERQYKQVIQKTINTLNDTGSMEAVCFLTELHVKGRNNYWKVRQAVETAKETLYSFDQLKTNKSEPRRPLRKMVFNVPTRRELTSGERAIQHGLAIAAGIKAAKDLGNMPPNICNAAYLASQARQLADSYSKNVITRVIGEQQMKELGMHSYLAVGQGSQNESLMSVIEYKGNASEDARPIVLVGKGLTFDSGGISIKPSEGMDEMKYDMCGAAAVYGVMRMVAELQLPINVIGVLAGCENMPGGRAYRPGDVLTTMSGQTVEVLNTDAEGRLVLCDVLTYVERFEPEAVIDVATLTGACVIALGHHITGLMANHNPLAHELIAASEQSGDRAWRLPLGDEYQEQLESNFADMANIGGRPGGAITAGCFLSRFTRKYNWAHLDIAGTAWRSGKAKGATGRPVALLAQFLLNRAGFNGEE
CEEEEECCCHHHCCCCCEEEEEECCCEECHHHHHHHHHCCCHHHHHHHCCCCCCCCCCEEEEECCCCCCCCEEEEEECCCCCCCCHHHHHHHHHHHHHHHCCCCCCEEEECHHHCCCCCCCHHHHHHHHHHHHHHHCCCCCCCCCCCCCCCCCCCEEEEECCCHHHHHHHHHHHHHHHHHHHHHHHHHHHHHCCCCCCCHHHHHHHHHHHHHHCCCCEEEEEECHHHHHHHCCHHHHHHHCCCCCCCEEEEEEEECCCCCCCCCEEEEEEEEEEECCCCCCCCCCCHHHHHHHHHHHHHHHHHHHHHHHHCCCCEEEEEEEEEEECCCCCCCCCCCEEECCCCCEEECCCCCCCHHHHHHHHHHHHHHHCCCEEEEEECCCHHHHHHHCCCCEEEEECCHHHHHHHHHHHHHHCCCEEECCCCHHHHHHHCCCCCCEECCCCCCCHHHHHHHHHHCCCCCCCEEEEECCCCCEECCCCCEECCCCHHHHHHHHHHHCCCCCCC
0 0 0 0 0 0 0 0 0 0 0 0 0 0 0 0 0 0 0 0 0 0 0 0 0 0 0 0 0 0 0 0 0 0 0 0 0 0 0 0 0 0 0 0 0 0 0 0 0 0 0 0 0 0 0 0 0 0 0 0 0 0 0 0 0 0 0 0 0 0 0 0 0 0 0 0 0 0 0 0 0 0 0 0 0 0 0 0 0 0 0 0 0 0 0 0 0 0 0 0 0 0 0 0 0 0 0 0 0 0 0 0 0 0 0 0 0 0 0 0 0 0 0 0 0 0 0 0 0 0 0 0 0 0 0 0 0 0 0 0 0 0 0 0 0 0 0 0 0 0 0 0 0 0 0 0 0 0 0 0 0 0 0 0 0 0 0 0 0 0 0 0 0 0 0 0 0 0 0 0 0 0 0 0 0 0 0 0 0 0 0 0 0 0 0 0 0 0 0 0 0 0 0 0 0 0 0 0 0 0 0 0 0 0 0 0 0 0 0 0 0 0 0 0 0 0 0 0 0 0 0 0 0 0 0 0 0 0 0 0 0 0 0 0 0 0 0 0 0 0 0 0 0 0 0 0 0 0 0 0 0 0 0 0 0 0 0 0 0 0 0 0 0 0 0 0 0 0 0 0 0 0 0 0 0 0 0 0 0 0 0 0 0 0 0 0 0 0 0 0 0 0 0 0 0 0 0 0 0 0 0 0 0 0 0 0 0 0 0 0 0 0 0 0 0 0 0 0 0 0 0 0 0 0 0 0 0 0 0 0 0 0 0 0 0 0 0 0 0 0 0 0 0 0 0 0 0 0 0 0 0 0 0 0 0 0 0 0 0 0 0 0 0 0 0 0 0 0 0 0 0 0 0 0 0 0 0 0 0 0 0 0 0 0 0 0 0 0 0 0 0 0 0 0 0 0 0 0 0 0 0 0 0 0 0 0 0 0 0 0 0 0 0 0 0 0 0 0 0 0 0 0 0 0 0 0 0 0 0 0 0 0 0 0 0 0 0 0 0 0 0 0 0 0 0 0 0 0 0 0 0 0 0 0 0 0 0 0 0 0 0 0 0 0 0 0 0 0 0 0 0 0 0 0 0 0 0 0 0 0 0 0 0 0 0 0 0 0 0 0 0 0 0 
0 0 0 0 0 0 0 0 0 0 0 0 0 0 0 0 0 0 0 0 0 0 0 0 0 0 0 0 0 0 0 0 0 0 0 0 0 0 0 0 0 0 0 0 0 0 0 0 0 0 0 0 0 0 0 0 0 0 0 0 0 0 0 0 0 0 0 0 0 0 0 0 0 0 0 0 0 0 0 0 0 0 0 0 0 0 0 0 0 0 0 0 0 0 0 0 0 0 0 0 0 0 0 0 0 0 0 0 0 0 0 0 0 0 0 0 0 0 0 0 0 0 0 0 0 0 0 0 0 0 0 0 0 0 0 0 0 0 0 0 0 0 0 0 0 0 0 0 0 0 0 0 0 0 0 0 0 0 0 0 0 0 0 0 0 0 0 0 0 0 0 0 0 0 0 0 0 0 0 0 0 0 0 0 0 0 0 0 0 0 0 0 0 0 0 0 0 0 0 0 0 0 0 0 0 0 0 0 0 0 0 0 0 0 0 0 0 0 0 0 0 0 0 0 0 0 0 0 0 0 0 0 0 0 0 0 0 0 0 0 0 0 0 0 0 0 0 0 0 0 0 0 0 0 0 0 0 0 0 0 0 0 0 0 0 0 0 0 0 0 0 0 0 0 0 0 0 0 0 0 0 0 0 0 0 0 0 0 0 0 0 0 0 0 0 0 0 0 0 0 0 0 0 0 0 0 0 0 0 0 0 0 0 0 0 0 0 0 0 0 0 0 0 0 0 0 0 0 0 0 0 0 0 0 0 0 0 0 0 0 0 0 0 0 0 0 0 0 0 0 0 0 0 0 0 0 0 0 0 0 0 0 0 0 0 0 0 0 0 0 0 0 0 0 0 0 0 0 0 0 0 0 0 0 0 0 0 0 0 0 0 0 0 0 0 0 0 0 0 0 0 0 0 0 0 0 0 0 0 0 0 0 0 0 0 0 0 0 0 0 0 0 0 0 0 0 0 0 0 0 0 0 0 0 0 0 0 0 0 0 0 0 0 0 0 0 0 0 0 0 0 0 0 0 0 0 0 0 0 0 0 0 0 0 0 0 0 0 0 0 0 0 0 0 0 0 0 0 0 0 0 0 0 0 0 0 0 0 0 0 0 0 0 0 0 0 0 0 0 0 0 0 0 
0 0.00391985 0.00386416 0.00393906 0.00849007 0.0485351 0.0305612 0.0219943 0.0358774 0.0422579 0.0554853 0.019233 0.0191173 0.0242799 0.0101653 0.0182474 0.0110652 0.0191731 0.0149995 0.0132225 0.0168113 0.0142349 0.0127758 0.0161297 0.00997349 0.00869666 0.00959865 0.0107162 0.00865446 0.00825528 0.00866969 0.00854478 0.0112911 0.00837832 0.00836229 0.00827797 0.00862333 0.00845685 0.00875685 0.00826561 0.00835131 0.00836088 0.00845864 0.00834896 0.00833543 0.00831934 0.0087748 0.00835857 0.00844315 0.00867852 0.0084481 0.00832121 0.0082876 0.00840704 0.00840667 0.00844327 0.00843514 0.00869934 0.00895833 0.00855351 0.00851735 0.00869064 0.00855427 0.00853189 0.00858882 0.00848651 0.0084751 0.00847672 0.00961196 0.0089213 0.00884277 0.0100841 0.00979332 0.00898614 0.011217 0.00937174 0.00995954 0.00997675 0.0105933 0.0101839 0.0112537 0.0102348 0.00973042 0.0109183 0.0112456 0.0123867 0.0123127 0.0120423 0.0161586 0.0160604 0.0197341 0.023956 0.0218073 0.0255998 0.0307767 0.034578 0.0374352 0.0341136 0.0384925 0.0390984 
0.00391985 0 0.00376823 0.00387446 0.00389451 0.0215546 0.043974 0.0370708 0.0354622 0.0451972 0.0199509 0.0107444 0.0169515 0.00997073 0.0454886 0.0118278 0.0259135 0.0109387 0.0128422 0.02282 0.0233514 0.0243569 0.0180515 0.0110214 0.00861616 0.0117859 0.00937736 0.0106261 0.00814862 0.00894695 0.00866944 0.00909675 0.00870478 0.0085858 0.00838085 0.00902785 0.00834396 0.00845553 0.00829669 0.00826374 0.00849765 0.00862084 0.00862667 0.00864176 0.00848762 0.00849867 0.00833594 0.00841665 0.00864089 0.00880018 0.00864007 0.00849088 0.00846993 0.00853976 0.00865018 0.00849084 0.00850292 0.00834663 0.00845947 0.00888286 0.00865092 0.00886904 0.00879073 0.00871355 0.00868748 0.00874245 0.0086023 0.00844526 0.00843322 0.00855556 0.00923477 0.00864924 0.00858941 0.00965996 0.00883996 0.00959692 0.0100947 0.0101298 0.00957068 0.00984757 0.0102192 0.00947534 0.00999142 0.0103211 0.0099022 0.0103384 0.0113704 0.0111878 0.0116117 0.0129392 0.0141011 0.0193755 0.0191847 0.0181004 0.0228587 0.021543 0.0275954 0.0249593 0.0274066 0.0270008 
0.00386416 0.00376823 0 0.00374611 0.00377138 0.0123202 0.0491751 0.0402567 0.0814685 0.0205043 0.0118936 0.0110956 0.00941489 0.0143466 0.0109468 0.0597185 0.0117521 0.0103092 0.010604 0.0140544 0.038576 0.0410065 0.01273 0.010771 0.00916196 0.00930935 0.0104343 0.00913196 0.00837286 0.00847434 0.00917523 0.00880614 0.00864184 0.00836437 0.00837236 0.00850048 0.00840483 0.00847879 0.00825165 0.00827217 0.00845459 0.00859197 0.00861241 0.00853176 0.00843985 0.00838921 0.00826527 0.00840901 0.00853375 0.00885443 0.00852896 0.00849379 0.0084748 0.00854113 0.00857725 0.00845158 0.00837932 0.00826461 0.00884772 0.00864074 0.0085432 0.00875331 0.00864575 0.00860008 0.00856319 0.00859494 0.00852746 0.00845521 0.00839927 0.00862518 0.00885146 0.0085835 0.00891115 0.0088344 0.00889867 0.00898135 0.00951699 0.00952809 0.00977526 0.00946618 0.00936017 0.00938709 0.00958546 0.0102446 0.00977455 0.00994145 0.0111305 0.0108307 0.0116898 0.0127668 0.014036 0.0200031 0.0185757 0.0204042 0.0196011 0.0224363 0.0277861 0.0245118 0.0278697 0.0272174 
0.00393906 0.00387446 0.00374611 0 0.00381289 0.0240533 0.0450933 0.0551837 0.025269 0.0249002 0.0138891 0.0110384 0.0155766 0.0112052 0.0270094 0.0111636 0.0165783 0.00978812 0.0112505 0.0182029 0.0147823 0.0167248 0.0172514 0.0101653 0.00904605 0.00996 0.00998287 0.00912391 0.00825892 0.00894414 0.00859748 0.0087721 0.00845466 0.00856332 0.00826658 0.00854424 0.00822027 0.00830172 0.00815794 0.00830209 0.00842696 0.00850475 0.00851368 0.00848344 0.00840828 0.00836661 0.00814784 0.00850564 0.00861288 0.00857446 0.00854137 0.00837007 0.00833968 0.00844836 0.00852205 0.00845926 0.00846448 0.00839818 0.00849166 0.00871301 0.00853166 0.00873132 0.00862306 0.0085906 0.00863161 0.00858001 0.00848933 0.00843058 0.00847139 0.0088762 0.00922984 0.00858782 0.00887384 0.00932496 0.0087775 0.0098111 0.00960644 0.00964282 0.009172 0.0093133 0.00959076 0.00931345 0.00991361 0.0101009 0.00969559 0.009978 0.0122541 0.0115116 0.0108113 0.0139762 0.0142365 0.0211454 0.0210977 0.0181559 0.0218289 0.0211547 0.0295929 0.0265539 0.0290469 0.0280859 
0.00849007 0.00389451 0.00377138 0.00381289 0 0.0454036 0.0366219 0.0147808 0.0137192 0.0134108 0.017499 0.0150711 0.0131105 0.0210424 0.0102874 0.0106691 0.00946073 0.0120219 0.0175186 0.0114467 0.0104576 0.0107063 0.00967896 0.0128913 0.0113767 0.00873905 0.00868732 0.0100172 0.00897365 0.00843826 0.00872842 0.00823761 0.00887271 0.0088802 0.00827353 0.00828408 0.00819204 0.0081819 0.00819668 0.00855675 0.00826273 0.00837041 0.00838364 0.00832042 0.00834689 0.0082252 0.00815039 0.00892739 0.00849536 0.00839328 0.00855901 0.00827641 0.0083613 0.00833206 0.00845687 0.00841811 0.00829811 0.00833277 0.00897009 0.00850706 0.00839384 0.00846594 0.00843298 0.00841323 0.00854931 0.00840756 0.00839292 0.00827255 0.0084705 0.00992617 0.00889356 0.00879805 0.0106192 0.00894829 0.00915675 0.0102011 0.00930696 0.00882766 0.00875479 0.00888007 0.00978 0.0103053 0.0090124 0.00905537 0.00937986 0.010539 0.0115961 0.0100419 0.0106383 0.0135432 0.0140494 0.0218364 0.0195946 0.018897 0.0199769 0.0225499 0.0344945 0.0285405 0.0343774 0.0292245 
0.0485351 0.0215546 0.0123202 0.0240533 0.0454036 0 0.003844 0.00375781 0.0038018 0.00384056 0.0059331 0.0108898 0.0171459 0.0955253 0.0215538 0.0163893 0.0165518 0.0241787 0.0409654 0.0271742 0.0202659 0.0207812 0.0167156 0.0283286 0.0113163 0.0108592 0.0108892 0.0195419 0.00858142 0.00883948 0.00890039 0.00926021 0.0106154 0.0090993 0.00827867 0.0085796 0.00841963 0.00840273 0.00901934 0.00832158 0.00828633 0.0086853 0.0085699 0.00851308 0.00843892 0.0084159 0.00852907 0.00845408 0.00853308 0.00879647 0.0087111 0.00839747 0.00859376 0.00843483 0.00849049 0.0084301 0.00849042 0.00862664 0.0086016 0.00867321 0.00855084 0.00906412 0.00872735 0.00880281 0.00863523 0.00866007 0.00842473 0.00834764 0.00883524 0.00875461 0.00891739 0.00925495 0.00886203 0.00897531 0.00961953 0.00931603 0.00952143 0.00975055 0.0091542 0.00948099 0.0106462 0.00930776 0.00939503 0.00944229 0.00957262 0.0107364 0.010241 0.0101053 0.0120686 0.0124138 0.0134208 0.0152743 0.0151311 0.0169525 0.0183272 0.0207009 0.0231398 0.0212172 0.0245472 0.0235109 
0.0305612 0.043974 0.0491751 0.0450933 0.0366219 0.003844 0 0.0038226 0.00374095 0.0038726 0.0040629 0.0101589 0.00777968 0.036818 0.126876 0.0392132 0.0328299 0.0115587 0.0185846 0.0656961 0.0566949 0.0535119 0.039627 0.0141348 0.00934588 0.0124385 0.0154015 0.011221 0.00847483 0.00920604 0.0103144 0.00977489 0.00903396 0.0084417 0.00850575 0.00888506 0.00856231 0.00857376 0.00828578 0.00822408 0.00867443 0.00882747 0.00891847 0.00879887 0.00852573 0.00842237 0.00821663 0.00836693 0.00898382 0.00946449 0.0088929 0.0085903 0.00849649 0.00869283 0.00877675 0.0087611 0.00857629 0.00841367 0.00859312 0.00914272 0.00901099 0.00934988 0.00921177 0.00913448 0.00920501 0.00904142 0.00866545 0.00857045 0.00842727 0.00860218 0.00920763 0.0086516 0.00864693 0.00928076 0.00900299 0.00892211 0.0100842 0.0100544 0.0102154 0.00983996 0.00960713 0.00917993 0.00981864 0.0101158 0.00972372 0.00927034 0.00975549 0.0100128 0.0104681 0.0109025 0.0113404 0.0141922 0.0149549 0.0159512 0.0172218 0.017059 0.0182935 0.0171425 0.0187823 0.0194848 
0.0219943 0.0370708 0.0402567 0.0551837 0.0147808 0.00375781 0.0038226 0 0.00377476 0.00377955 0.00377578 0.00585799 0.00742875 0.0335121 0.0510407 0.115602 0.022467 0.0142989 0.0136004 0.0396864 0.123185 0.157607 0.0362593 0.0173807 0.00940104 0.0148171 0.0174033 0.012454 0.00857381 0.0095547 0.0118037 0.0105566 0.00899131 0.00852992 0.00851728 0.00893031 0.00878811 0.00874448 0.00846825 0.00829454 0.00876691 0.00916923 0.00911739 0.00893182 0.00862938 0.00846264 0.00816213 0.00854883 0.0090414 0.00960663 0.00935405 0.00867309 0.00870371 0.0088967 0.00925154 0.00879179 0.00857815 0.00834866 0.00856972 0.00897955 0.00894002 0.00934041 0.00920538 0.00907024 0.00918377 0.00926553 0.00878763 0.00865673 0.00846202 0.00871298 0.00913028 0.00848869 0.00870152 0.00911746 0.00879786 0.00926384 0.0100339 0.0100407 0.0102853 0.00986907 0.00973525 0.00946642 0.00990898 0.0101774 0.00970533 0.00920376 0.0101037 0.0102575 0.0104189 0.0115949 0.0115453 0.0157534 0.0159897 0.0177798 0.018116 0.0174431 0.0190434 0.0170447 0.0202363 0.0209249 
0.0358774 0.0354622 0.0814685 0.025269 0.0137192 0.0038018 0.00374095 0.00377476 0 0.00374301 0.00372913 0.00549559 0.0125987 0.0292986 0.0391061 0.079786 0.0487596 0.0125789 0.0133479 0.0381432 0.130748 0.120535 0.0400882 0.0177641 0.00941697 0.0139565 0.0174439 0.0121967 0.00861088 0.00939786 0.0119608 0.0109006 0.00917215 0.00848258 0.0085794 0.00904574 0.00874846 0.00887396 0.00840755 0.0082918 0.00879108 0.00903415 0.00921263 0.00898587 0.00864739 0.00849395 0.0081532 0.0085778 0.00897613 0.00972859 0.00895974 0.00876896 0.00878302 0.00891755 0.00899087 0.00880138 0.008704 0.00833375 0.00851327 0.00897195 0.00886575 0.00937264 0.00908707 0.00899737 0.00906307 0.00899284 0.00875271 0.00873095 0.00843459 0.00863267 0.00910166 0.00847075 0.00865421 0.00908008 0.0088079 0.00897784 0.00980985 0.00994077 0.0100249 0.00985367 0.00949612 0.00914983 0.00973883 0.0101477 0.0097097 0.00905793 0.0102433 0.0103384 0.0104863 0.0112408 0.0111162 0.0156643 0.0156986 0.0173374 0.0174602 0.0170151 0.0193309 0.0165102 0.0204227 0.0196696 
0.0422579 0.0451972 0.0205043 0.0249002 0.0134108 0.00384056 0.0038726 0.00377955 0.00374301 0 0.00374287 0.0109079 0.691977 0.0199525 0.0197557 0.0277316 0.0403972 0.0138101 0.0122024 0.0252667 0.0261187 0.0324485 0.055924 0.017484 0.00949913 0.0101017 0.0143695 0.0103075 0.00847552 0.00888254 0.00905399 0.0100366 0.00871937 0.00833493 0.00837011 0.00842657 0.00834788 0.00843023 0.0081901 0.00828285 0.0084379 0.00855285 0.00857334 0.00851588 0.00836335 0.00831408 0.00811555 0.00837421 0.00871292 0.00877354 0.00854744 0.00839791 0.00833842 0.00845222 0.00855836 0.00849644 0.00844633 0.00837388 0.00840431 0.00875386 0.00856707 0.00882544 0.00872338 0.00868299 0.00871141 0.00864985 0.00848411 0.00843286 0.00845998 0.00853879 0.00901132 0.00863767 0.00868795 0.00898502 0.00886953 0.00878287 0.00932718 0.00949971 0.00927474 0.00928349 0.00928894 0.00890467 0.00944728 0.00963678 0.00922369 0.00905072 0.00966474 0.0100393 0.00975209 0.011019 0.0107414 0.0150122 0.0154881 0.0155641 0.0156236 0.0165381 0.0194436 0.0169722 0.0207841 0.0194383 
0.0554853 0.0199509 0.0118936 0.0138891 0.017499 0.0059331 0.0040629 0.00377578 0.00372913 0.00374287 0 0.833647 0.0118378 0.018234 0.0131044 0.0129293 0.0145886 0.018987 0.0235834 0.013131 0.0114678 0.0117931 0.0122471 0.0202163 0.012041 0.00971844 0.00920905 0.0119817 0.00929987 0.00858178 0.00856033 0.00842433 0.00917772 0.00922952 0.00834419 0.00842313 0.0081725 0.0081964 0.00827885 0.00860401 0.00830913 0.00829566 0.00833595 0.0083188 0.00822592 0.00817666 0.00817876 0.00888583 0.00852752 0.00845199 0.00848792 0.00826134 0.00837284 0.00836804 0.00837047 0.00837501 0.00826928 0.00836462 0.00880541 0.0085414 0.00839981 0.00850286 0.0084456 0.00843039 0.00863296 0.00844263 0.00842313 0.00836602 0.00853702 0.00968298 0.00890227 0.0086453 0.00994883 0.00902795 0.00884815 0.0102604 0.00909769 0.00893239 0.00868927 0.00884797 0.00990505 0.0100463 0.00903346 0.00921882 0.00952994 0.010218 0.0117663 0.00992854 0.0102419 0.012309 0.0125318 0.0201958 0.0184428 0.0168902 0.0194013 0.0178991 0.0240112 0.0229989 0.0264911 0.0255749 
0.019233 0.0107444 0.0110956 0.0110384 0.0150711 0.0108898 0.0101589 0.00585799 0.00549559 0.0109079 0.833647 0 0.004802 0.0250407 0.0131366 0.0119898 0.0172711 0.0144981 0.0132055 0.0115499 0.00987709 0.0100932 0.0104327 0.0136958 0.0103479 0.00829065 0.00894919 0.0108292 0.00868195 0.00823266 0.00828477 0.00824207 0.00930149 0.00833774 0.00827663 0.00808329 0.00826901 0.00816103 0.00842793 0.00830436 0.00813235 0.00819873 0.008189 0.00816421 0.00829483 0.00812433 0.00817698 0.00839386 0.00821845 0.00828122 0.00824247 0.00813831 0.00809993 0.0081246 0.00823465 0.0082488 0.00829027 0.00819432 0.00875361 0.00835134 0.00824583 0.00832603 0.00824952 0.00826738 0.00825545 0.00823502 0.00826562 0.00822919 0.00840972 0.0087689 0.00851941 0.00874536 0.00927044 0.00850371 0.00910781 0.00886416 0.00873565 0.00851901 0.00856807 0.00864528 0.0093364 0.00914792 0.00846634 0.00846799 0.00900437 0.00973457 0.00940501 0.00912609 0.0103501 0.0114899 0.0119207 0.0122518 0.0117165 0.0135485 0.0127338 0.0174411 0.0214794 0.0176728 0.0224996 0.019381 
0.0191173 0.0169515 0.00941489 0.0155766 0.0131105 0.0171459 0.00777968 0.00742875 0.0125987 0.691977 0.0118378 0.004802 0 0.0174607 0.0154696 0.0120401 0.0163913 0.0321617 0.022632 0.0131213 0.0102023 0.00980126 0.0112898 0.0180725 0.011808 0.0105522 0.00869488 0.0104685 0.00908863 0.00842433 0.00815175 0.00827256 0.00868483 0.0092826 0.00828395 0.00831628 0.00807128 0.0081171 0.00823951 0.00859898 0.00822862 0.00817844 0.00820686 0.00820686 0.00811747 0.00812743 0.00829968 0.00870225 0.00834913 0.0082829 0.00824573 0.00817347 0.00816124 0.00829593 0.00820752 0.00830895 0.00824911 0.00833882 0.00875657 0.00843586 0.00836034 0.00841862 0.00835341 0.0083663 0.00836274 0.0083558 0.00836799 0.00832852 0.00846731 0.00926268 0.00890751 0.0085916 0.0095726 0.00909122 0.00889743 0.010009 0.00903408 0.00884892 0.0086068 0.0088385 0.00974577 0.0101396 0.00890675 0.00883394 0.00904069 0.0101644 0.0113875 0.00955027 0.0101137 0.0123342 0.0125847 0.0154546 0.0143448 0.0143384 0.0148324 0.0161542 0.0238092 0.0201282 0.0240163 0.0213676 
0.0242799 0.00997073 0.0143466 0.0112052 0.0210424 0.0955253 0.036818 0.0335121 0.0292986 0.0199525 0.018234 0.0250407 0.0174607 0 0.00423582 0.00370694 0.00390018 0.00465833 0.0226059 0.0103546 0.0131853 0.0142124 0.42013 0.05418 0.0200801 0.00943882 0.0128861 0.0207982 0.0105396 0.00848867 0.00911363 0.00918395 0.0138896 0.00819387 0.00848518 0.00812457 0.0089674 0.00820197 0.00919953 0.00824812 0.00808891 0.00835708 0.00819384 0.00820475 0.0083804 0.00824957 0.0086477 0.00837084 0.00826483 0.00836078 0.00826074 0.00814467 0.00816452 0.00811422 0.00818472 0.0082282 0.00834813 0.00823538 0.0086393 0.00826628 0.00823355 0.00833407 0.00822885 0.00826142 0.00823404 0.00824603 0.00824408 0.00821366 0.00847607 0.00863243 0.00837611 0.00883415 0.00914188 0.00838741 0.00926393 0.00849323 0.00851364 0.00840247 0.00843458 0.00847227 0.009101 0.00863824 0.00829294 0.00830031 0.00861047 0.00988282 0.00865528 0.00861315 0.0101419 0.00962589 0.0103491 0.00961276 0.00931677 0.0108533 0.0100175 0.0133417 0.0127489 0.0124096 0.0131939 0.013572 
0.0101653 0.0454886 0.0109468 0.0270094 0.0102874 0.0215538 0.126876 0.0510407 0.0391061 0.0197557 0.0131044 0.0131366 0.0154696 0.00423582 0 0.00372261 0.00371618 0.00376676 0.0101079 0.0263773 0.0140736 0.542778 0.0376505 0.0118087 0.0115966 0.0495189 0.0122185 0.0139308 0.00857674 0.0126129 0.0104322 0.0127266 0.00956728 0.00848574 0.00846048 0.00923591 0.0086852 0.00873131 0.0082818 0.0081563 0.0085943 0.00872954 0.00879477 0.00864298 0.00842969 0.00838746 0.0082046 0.00832699 0.00857673 0.0087495 0.00850113 0.00840018 0.00833382 0.00842207 0.0085484 0.00841425 0.00837717 0.00822503 0.00837563 0.00850753 0.00850391 0.008616 0.00849428 0.00850563 0.00850052 0.00852362 0.00844422 0.00833276 0.00832019 0.00837352 0.00864361 0.00839506 0.00840133 0.00862082 0.0084754 0.00855284 0.00883165 0.00869105 0.00864578 0.00863658 0.00870294 0.00840717 0.00868727 0.00874412 0.00864305 0.00864702 0.0086093 0.00886331 0.00878055 0.00901899 0.00935922 0.00957137 0.0103599 0.0114675 0.01136 0.0102936 0.0104902 0.0101943 0.0111364 0.0121776 
0.0182474 0.0118278 0.0597185 0.0111636 0.0106691 0.0163893 0.0392132 0.115602 0.079786 0.0277316 0.0129293 0.0119898 0.0120401 0.00370694 0.00372261 0 0.00370291 0.00370284 0.0123729 0.0146127 0.59109 0.0620612 0.0161469 0.0111641 0.0134168 0.0145459 0.0350772 0.0122376 0.00906931 0.00980809 0.028632 0.0118739 0.00980184 0.00841878 0.00871093 0.00887668 0.00894987 0.00883501 0.00834896 0.0082294 0.00877801 0.0104524 0.00895225 0.00915934 0.00862423 0.00833144 0.00817936 0.00841129 0.00880107 0.00925691 0.00895308 0.00872673 0.00857622 0.00868329 0.00876474 0.00858668 0.00845822 0.00820716 0.00832225 0.00858128 0.00861519 0.00877777 0.00861693 0.00860383 0.00860579 0.00869822 0.00849103 0.00849296 0.00833233 0.00839565 0.00867856 0.00833623 0.00834783 0.00859602 0.00848424 0.00842276 0.00881825 0.00881645 0.00880592 0.0087492 0.00861177 0.00846141 0.00881073 0.00883103 0.00860049 0.00854589 0.00843858 0.00895078 0.00875825 0.00902578 0.00900085 0.00974555 0.0102405 0.0119844 0.0105185 0.0107732 0.0101764 0.00967503 0.0113065 0.0116307 
0.0110652 0.0259135 0.0117521 0.0165783 0.00946073 0.0165518 0.0328299 0.022467 0.0487596 0.0403972 0.0145886 0.0172711 0.0163913 0.00390018 0.00371618 0.00370291 0 0.00377839 0.0119211 0.558999 0.0456634 0.018742 0.0205704 0.0174279 0.0107114 0.019119 0.0312788 0.0193189 0.00883022 0.0107618 0.0104359 0.0130727 0.00924891 0.00833104 0.00859043 0.00875933 0.00871683 0.00879518 0.00822167 0.00822947 0.00863179 0.00882186 0.00871173 0.00883059 0.00841372 0.00831265 0.00809366 0.00841375 0.0086374 0.00890641 0.00867025 0.00857548 0.00829979 0.00846693 0.0085084 0.00843351 0.00845674 0.00820377 0.00830569 0.0084953 0.00851674 0.00865222 0.00850838 0.00851502 0.00854678 0.0085119 0.00839023 0.00830743 0.00826587 0.00847654 0.00885948 0.00841177 0.00842792 0.00875896 0.00850127 0.00849241 0.00888105 0.0087473 0.00879246 0.00874423 0.00871466 0.00848761 0.0088204 0.00883189 0.00866724 0.00855048 0.00857102 0.00890402 0.00871351 0.00901216 0.00913958 0.00929326 0.0101915 0.0113327 0.0102576 0.00988139 0.0104277 0.00964789 0.0114888 0.011085 
0.0191731 0.0109387 0.0103092 0.00978812 0.0120219 0.0241787 0.0115587 0.0142989 0.0125789 0.0138101 0.018987 0.0144981 0.0321617 0.00465833 0.00376676 0.00370284 0.00377839 0 0.48497 0.018118 0.0125374 0.0103578 0.0132852 0.0211516 0.0142544 0.0109428 0.0121415 0.0243918 0.0100514 0.00901755 0.00906356 0.00920251 0.0110356 0.00887307 0.00829651 0.00837349 0.00827427 0.00826227 0.00842858 0.00838603 0.00823055 0.00837807 0.00846085 0.00857081 0.00820356 0.00811225 0.00808793 0.00846807 0.00838826 0.00860674 0.0084671 0.0083358 0.00816137 0.00834698 0.00830628 0.00829842 0.00822059 0.00830534 0.00848377 0.00838514 0.00831026 0.00848272 0.00837858 0.0083825 0.00850619 0.00842307 0.00835133 0.00825969 0.0082935 0.00890029 0.00861257 0.00826666 0.00887689 0.00856818 0.00840705 0.00885735 0.00861526 0.00852112 0.00851402 0.00849429 0.00884447 0.00884281 0.0086064 0.00853741 0.00848411 0.00869427 0.00909047 0.00864662 0.00878326 0.00932939 0.0094785 0.0098475 0.00962409 0.00981919 0.0102437 0.00991607 0.0116392 0.0108838 0.0119957 0.0123215 
0.0149995 0.0128422 0.010604 0.0112505 0.0175186 0.0409654 0.0185846 0.0136004 0.0133479 0.0122024 0.0235834 0.0132055 0.022632 0.0226059 0.0101079 0.0123729 0.0119211 0.48497 0 0.00378847 0.00372225 0.00378311 0.00380618 0.00473904 0.316715 0.0144224 0.014619 0.0306839 0.0117836 0.0100047 0.00943811 0.0100405 0.0166649 0.00862576 0.00829412 0.00864437 0.00853088 0.0084419 0.00929462 0.00838452 0.00826363 0.00869253 0.00852346 0.00843948 0.00831198 0.00824436 0.00835588 0.0085912 0.00848307 0.00871297 0.00848769 0.00830325 0.0084438 0.00821457 0.00827444 0.00823476 0.00839548 0.00825418 0.00838124 0.00841759 0.00834058 0.00855139 0.0083611 0.00841234 0.00836336 0.00845802 0.00849918 0.00821043 0.00843339 0.00836354 0.0084083 0.00861459 0.00847242 0.00844188 0.00873744 0.00864283 0.00851384 0.00851932 0.00845487 0.00850391 0.0088864 0.00841252 0.00841535 0.00835902 0.00843204 0.00917054 0.00864568 0.00850432 0.00923404 0.0090486 0.00959723 0.00914595 0.00930386 0.00990125 0.0100389 0.0104519 0.0108193 0.0106535 0.0113146 0.0118915 
0.0132225 0.02282 0.0140544 0.0182029 0.0114467 0.0271742 0.0656961 0.0396864 0.0381432 0.0252667 0.013131 0.0115499 0.0131213 0.0103546 0.0263773 0.0146127 0.558999 0.018118 0.00378847 0 0.00371569 0.00376386 0.00380403 0.00382301 0.0513884 0.342906 0.0184932 0.0198681 0.0107411 0.016119 0.0150738 0.0165562 0.0114525 0.0088063 0.00867902 0.00937815 0.00898711 0.00909498 0.00864807 0.00823073 0.00883768 0.00889878 0.00888315 0.00901538 0.00860074 0.00850042 0.0083264 0.00841433 0.00878963 0.00909994 0.0087925 0.00857197 0.00845583 0.00862164 0.00871392 0.00853616 0.00857699 0.00821354 0.00837223 0.00858369 0.0086406 0.0087817 0.00858588 0.00858612 0.00857648 0.00859659 0.00844561 0.00832729 0.00833629 0.00837977 0.00870283 0.00844248 0.00839136 0.00862535 0.00851766 0.00848578 0.00887314 0.00879462 0.00874799 0.00871296 0.00870037 0.00839411 0.00880306 0.0088149 0.00866944 0.00862085 0.00849743 0.00886478 0.00872438 0.00889253 0.00917942 0.00902916 0.00971401 0.0106647 0.0106107 0.00986978 0.00963392 0.00979979 0.0105278 0.0111156 
0.0168113 0.0233514 0.038576 0.0147823 0.0104576 0.0202659 0.0566949 0.123185 0.130748 0.0261187 0.0114678 0.00987709 0.0102023 0.0131853 0.0140736 0.59109 0.0456634 0.0125374 0.00372225 0.00371569 0 0.00377792 0.00372832 0.00373676 0.181326 0.0422422 0.147658 0.0141714 0.0107578 0.0166194 0.0584056 0.0206256 0.0113173 0.00905409 0.00936402 0.00981762 0.0105567 0.0095824 0.00852458 0.00856868 0.00938558 0.0101892 0.00993491 0.00952787 0.00903853 0.00851196 0.00820264 0.00882671 0.00933472 0.0107324 0.00965737 0.0103926 0.008875 0.00908423 0.00917756 0.00900031 0.00866943 0.00829329 0.00842301 0.00884741 0.00896655 0.00916252 0.00894817 0.00885313 0.00883936 0.00886744 0.00882099 0.00853355 0.00910082 0.008494 0.00879842 0.00836303 0.00850231 0.0087114 0.00859646 0.00856178 0.0090796 0.00919807 0.00923729 0.00905421 0.00877761 0.00856207 0.00895921 0.00906532 0.00877869 0.00853439 0.0085345 0.00917876 0.00882929 0.00909453 0.00893127 0.00965128 0.0101347 0.0115357 0.0106303 0.0101698 0.00985457 0.00919183 0.0107507 0.0108727 
0.0142349 0.0243569 0.0410065 0.0167248 0.0107063 0.0207812 0.0535119 0.157607 0.120535 0.0324485 0.0117931 0.0100932 0.00980126 0.0142124 0.542778 0.0620612 0.018742 0.0103578 0.00378311 0.00376386 0.00377792 0 0.00372248 0.00370869 0.0301633 0.260247 0.0610138 0.0532424 0.00943142 0.0189414 0.0515692 0.0295843 0.0123715 0.00900657 0.00924578 0.0104916 0.0107888 0.009942 0.00862614 0.00846882 0.00945192 0.0110715 0.0105325 0.010324 0.00911941 0.00863861 0.00822515 0.00883699 0.00966735 0.0112998 0.010047 0.0100111 0.00903253 0.00958578 0.00960132 0.00908934 0.008846 0.00838318 0.00845083 0.00915611 0.00899094 0.00950366 0.00912581 0.00908656 0.00899304 0.00907417 0.00872109 0.00861469 0.00855925 0.00859791 0.00900147 0.0084001 0.00848317 0.00902475 0.00868104 0.00875655 0.00919163 0.00940802 0.00939797 0.00946046 0.00894487 0.00878037 0.00910538 0.00926082 0.00885775 0.00855335 0.00860142 0.00923003 0.00921452 0.00930137 0.00900983 0.00961617 0.0106085 0.0115819 0.0108223 0.0103619 0.00977643 0.00922838 0.0108557 0.0113746 
0.0127758 0.0180515 0.01273 0.0172514 0.00967896 0.0167156 0.039627 0.0362593 0.0400882 0.055924 0.0122471 0.0104327 0.0112898 0.42013 0.0376505 0.0161469 0.0205704 0.0132852 0.00380618 0.00380403 0.00372832 0.00372248 0 0.00374673 0.0187287 0.0409989 0.458096 0.0369105 0.0114737 0.0118645 0.0186912 0.041033 0.0116588 0.00872921 0.00883002 0.00929012 0.00900224 0.00978949 0.00837828 0.00836264 0.00890439 0.00938737 0.00941533 0.00926714 0.00863505 0.00854422 0.00812942 0.00853641 0.00896253 0.00964087 0.00903535 0.00895471 0.00842198 0.00887195 0.00890858 0.00865845 0.00881018 0.00828913 0.00828639 0.00879343 0.00870992 0.00902293 0.00875847 0.00870737 0.00876083 0.00869302 0.00844392 0.00834127 0.00826603 0.00849367 0.00895379 0.00839687 0.00840253 0.00880033 0.00855792 0.00853073 0.00909235 0.00907072 0.00899359 0.00896201 0.00883467 0.00853796 0.00893941 0.00901726 0.00878757 0.00850393 0.00850079 0.00902069 0.0087527 0.00902655 0.00912582 0.00903193 0.00990058 0.0104669 0.0102322 0.00969327 0.00955957 0.0091553 0.0105114 0.0104036 
0.0161297 0.0110214 0.010771 0.0101653 0.0128913 0.0283286 0.0141348 0.0173807 0.0177641 0.017484 0.0202163 0.0136958 0.0180725 0.05418 0.0118087 0.0111641 0.0174279 0.0211516 0.00473904 0.00382301 0.00373676 0.00370869 0.00374673 0 0.0174423 0.0168935 0.079714 0.446591 0.0144211 0.00998992 0.0112265 0.0129802 0.0206249 0.0117898 0.00850255 0.00859874 0.00868391 0.00851221 0.00889323 0.00947419 0.00850899 0.00894104 0.00884458 0.00880975 0.00833302 0.00816638 0.00815266 0.00897939 0.00874989 0.00910987 0.00881025 0.00862376 0.0083494 0.00849375 0.00861431 0.00843462 0.00841868 0.00860189 0.0085052 0.00863274 0.00841989 0.00869987 0.00842289 0.00841811 0.00851305 0.00842288 0.00830067 0.00824527 0.00831394 0.0088965 0.00872139 0.00845932 0.00871916 0.00871448 0.00853772 0.00893018 0.0088365 0.00873547 0.00864924 0.0086206 0.00893187 0.00876271 0.00877804 0.00864336 0.00858926 0.00857672 0.0087514 0.00870038 0.00879891 0.00917666 0.00916577 0.00904798 0.00936071 0.00946153 0.00983806 0.00956269 0.0103025 0.009867 0.0108254 0.0113121 
0.00997349 0.00861616 0.00916196 0.00904605 0.0113767 0.0113163 0.00934588 0.00940104 0.00941697 0.00949913 0.012041 0.0103479 0.011808 0.0200801 0.0115966 0.0134168 0.0107114 0.0142544 0.316715 0.0513884 0.181326 0.0301633 0.0187287 0.0174423 0 0.00416381 0.00372794 0.00404609 0.267698 0.0188347 0.0121221 0.010822 0.0244757 0.008564 0.00867652 0.0081686 0.00936906 0.0084233 0.010007 0.00845118 0.00814893 0.00841267 0.00837323 0.00828196 0.0083734 0.00805989 0.00844709 0.00849094 0.00837745 0.0084609 0.00828474 0.00819252 0.00817094 0.00817134 0.00822092 0.00823012 0.00821025 0.00826115 0.00859387 0.00820962 0.00820077 0.00832594 0.00832185 0.0082408 0.00828855 0.00816033 0.00844229 0.00809259 0.0081543 0.00823487 0.00821861 0.00824967 0.00841672 0.00826031 0.0086135 0.00853951 0.00840096 0.00833703 0.00832355 0.0083189 0.00849933 0.0083235 0.0082996 0.00825831 0.00829967 0.00856392 0.00830359 0.0083724 0.00875376 0.0085658 0.0087365 0.00849308 0.00844396 0.00842305 0.00859221 0.00908154 0.00918881 0.00911903 0.009351 0.0094053 
0.00869666 0.0117859 0.00930935 0.00996 0.00873905 0.0108592 0.0124385 0.0148171 0.0139565 0.0101017 0.00971844 0.00829065 0.0105522 0.00943882 0.0495189 0.0145459 0.019119 0.0109428 0.0144224 0.342906 0.0422422 0.260247 0.0409989 0.0168935 0.00416381 0 0.00372496 0.00371545 0.0210972 0.317893 0.0425535 0.0271428 0.0111919 0.00904207 0.00853285 0.010832 0.0087161 0.00980506 0.00873203 0.00814385 0.00889099 0.00934573 0.00901373 0.00898235 0.00851711 0.0085488 0.00811853 0.00854963 0.00884826 0.00905863 0.00883733 0.00870371 0.00863514 0.00849812 0.00861038 0.00857484 0.00866495 0.00815646 0.00835309 0.00861419 0.00845254 0.00858045 0.00846599 0.00844837 0.00843102 0.00846037 0.00829445 0.00827597 0.00810852 0.00829669 0.00838896 0.00822604 0.00826989 0.00841171 0.00833482 0.00844921 0.00854572 0.00857786 0.00856919 0.00847406 0.00845271 0.00832418 0.00849577 0.00848018 0.00844416 0.00843223 0.00837749 0.00855172 0.00843768 0.008455 0.00858177 0.0084475 0.00856605 0.00882913 0.00901836 0.00869269 0.00866632 0.00869467 0.0086168 0.00912767 
0.00959865 0.00937736 0.0104343 0.00998287 0.00868732 0.0108892 0.0154015 0.0174033 0.0174439 0.0143695 0.00920905 0.00894919 0.00869488 0.0128861 0.0122185 0.0350772 0.0312788 0.0121415 0.014619 0.0184932 0.147658 0.0610138 0.458096 0.079714 0.00372794 0.00372496 0 0.00384727 0.0164367 0.0179747 0.193405 0.117343 0.0282091 0.00883335 0.00982895 0.00919982 0.0110252 0.0100344 0.00865938 0.00852442 0.00892778 0.0101115 0.00970494 0.00937565 0.0089774 0.00852658 0.00822823 0.00866061 0.00914053 0.00978391 0.00909528 0.00908687 0.00871637 0.0090083 0.0089572 0.00894061 0.00877539 0.00824972 0.0083198 0.00860187 0.00866485 0.00884939 0.00863819 0.00868193 0.00859406 0.0085663 0.00838263 0.00827687 0.00809368 0.00839493 0.00862059 0.00820439 0.00836259 0.00854448 0.00833547 0.00836889 0.00862215 0.00866919 0.00867515 0.00852379 0.00848036 0.00829462 0.0085606 0.00855135 0.00846337 0.0083908 0.00838409 0.00859098 0.00840932 0.00854872 0.00873366 0.00846711 0.00880548 0.00906686 0.00914537 0.00900157 0.00867784 0.00869113 0.00893561 0.00906076 
0.0107162 0.0106261 0.00913196 0.00912391 0.0100172 0.0195419 0.011221 0.012454 0.0121967 0.0103075 0.0119817 0.0108292 0.0104685 0.0207982 0.0139308 0.0122376 0.0193189 0.0243918 0.0306839 0.0198681 0.0141714 0.0532424 0.0369105 0.446591 0.00404609 0.00371545 0.00384727 0 0.0158205 0.0184054 0.0196113 0.145274 0.183725 0.0170879 0.00887856 0.00942882 0.00973197 0.00914335 0.0105968 0.0110457 0.00897056 0.00994584 0.00929778 0.00932076 0.0087169 0.00831991 0.00833944 0.0115185 0.00982001 0.00988748 0.00911553 0.00882843 0.00875135 0.00856326 0.00930951 0.00861105 0.00848454 0.00866493 0.00888495 0.00852874 0.00850564 0.00892549 0.00852017 0.00854025 0.00861624 0.00860529 0.00864377 0.00812528 0.0082003 0.00907917 0.00847885 0.00820201 0.00913118 0.00850077 0.00842896 0.00902463 0.00874152 0.0086897 0.00857665 0.00850671 0.00870828 0.00877819 0.00853766 0.00854963 0.00848774 0.00848897 0.0088553 0.00860891 0.00852413 0.00889172 0.00891657 0.00900276 0.00884168 0.00892197 0.00897308 0.00920181 0.00975357 0.00902811 0.0101215 0.00995766 
0.00865446 0.00814862 0.00837286 0.00825892 0.00897365 0.00858142 0.00847483 0.00857381 0.00861088 0.00847552 0.00929987 0.00868195 0.00908863 0.0105396 0.00857674 0.00906931 0.00883022 0.0100514 0.0117836 0.0107411 0.0107578 0.00943142 0.0114737 0.0144211 0.267698 0.0210972 0.0164367 0.0158205 0 0.00601891 0.00371109 0.00376003 0.00463103 0.0427356 0.0140289 0.00922698 0.0107025 0.00927026 0.0165192 0.00958957 0.00867097 0.00909233 0.00909258 0.00876079 0.00904335 0.00836669 0.00947695 0.00948914 0.00952734 0.00886387 0.00866577 0.00851041 0.00850013 0.00840027 0.00848526 0.00884392 0.00877311 0.0087157 0.00870346 0.0082332 0.00824052 0.00849713 0.00838867 0.00827456 0.00845527 0.00823374 0.0082623 0.00803899 0.0081671 0.0083168 0.00804859 0.00820676 0.00836531 0.00811417 0.00855927 0.00837816 0.00834849 0.00832321 0.00824344 0.00857629 0.00832971 0.00819784 0.00821177 0.0081768 0.00820421 0.00826474 0.00828219 0.00829223 0.00847916 0.008329 0.00838572 0.00828918 0.00836987 0.00826044 0.00836692 0.00842997 0.00836542 0.0084892 0.00845369 0.00873055 
0.00825528 0.00894695 0.00847434 0.00894414 0.00843826 0.00883948 0.00920604 0.0095547 0.00939786 0.00888254 0.00858178 0.00823266 0.00842433 0.00848867 0.0126129 0.00980809 0.0107618 0.00901755 0.0100047 0.016119 0.0166194 0.0189414 0.0118645 0.00998992 0.0188347 0.317893 0.0179747 0.0184054 0.00601891 0 0.00372808 0.00371234 0.00384307 0.0664158 0.0139379 0.0364872 0.00981129 0.0200434 0.00989179 0.00917333 0.0119027 0.0135677 0.0125374 0.0133531 0.00935049 0.00974329 0.00863923 0.0106816 0.0118758 0.0121802 0.0109155 0.0099736 0.00916853 0.00927314 0.00986976 0.00886076 0.00973733 0.00861736 0.00842047 0.0088476 0.00863518 0.00912477 0.00880763 0.00870479 0.00874188 0.00854843 0.0083972 0.00840809 0.00809177 0.00831015 0.00847122 0.00827466 0.00818854 0.00842987 0.00839815 0.00842391 0.00861405 0.00856376 0.00853986 0.00843494 0.00829533 0.00827761 0.00841365 0.00841842 0.00832511 0.00832649 0.00842185 0.00843092 0.00832312 0.00839567 0.00841928 0.00834205 0.00843103 0.00854497 0.00861279 0.00850221 0.00838602 0.00839946 0.00835857 0.00863425 
0.00866969 0.00866944 0.00917523 0.00859748 0.00872842 0.00890039 0.0103144 0.0118037 0.0119608 0.00905399 0.00856033 0.00828477 0.00815175 0.00911363 0.0104322 0.028632 0.0104359 0.00906356 0.00943811 0.0150738 0.0584056 0.0515692 0.0186912 0.0112265 0.0121221 0.0425535 0.193405 0.0196113 0.00371109 0.00372808 0 0.00372712 0.00372056 0.0175988 0.0610271 0.0172808 0.106782 0.0133626 0.0108285 0.00902657 0.0142823 0.029859 0.0365108 0.0202964 0.0192057 0.00876053 0.00842075 0.00935615 0.0166776 0.0259445 0.017699 0.0139535 0.0118543 0.0127359 0.0115717 0.012664 0.00955505 0.00862394 0.00863806 0.00919941 0.00972173 0.0101805 0.0102073 0.00949789 0.00981137 0.00901379 0.00885572 0.00864236 0.00829552 0.00848626 0.00849195 0.00824769 0.00824729 0.00849843 0.00862263 0.00835375 0.00882526 0.00888054 0.00893007 0.00862749 0.00844057 0.00827778 0.00853376 0.00863032 0.00838933 0.00831549 0.00832101 0.00841682 0.00836225 0.00840998 0.00840147 0.00833913 0.00848772 0.00865965 0.00864046 0.00848514 0.00831397 0.00833734 0.00831961 0.0086935 
0.00854478 0.00909675 0.00880614 0.0087721 0.00823761 0.00926021 0.00977489 0.0105566 0.0109006 0.0100366 0.00842433 0.00824207 0.00827256 0.00918395 0.0127266 0.0118739 0.0130727 0.00920251 0.0100405 0.0165562 0.0206256 0.0295843 0.041033 0.0129802 0.010822 0.0271428 0.117343 0.145274 0.00376003 0.00371234 0.00372712 0 0.00375961 0.024799 0.0198652 0.032785 0.020564 0.13152 0.0123353 0.0103854 0.0136385 0.0195862 0.0181012 0.0185414 0.0107785 0.0103245 0.00837945 0.0104068 0.0147112 0.0182866 0.0153706 0.0114554 0.0107912 0.0107296 0.0119652 0.0103369 0.0111698 0.00894191 0.00861625 0.00945976 0.0093814 0.0102658 0.00963691 0.00959294 0.00940734 0.00900611 0.00887354 0.00848479 0.00818873 0.00851506 0.00887341 0.00825465 0.00832846 0.00876743 0.00834182 0.00840088 0.00867586 0.00891446 0.00881838 0.00865766 0.00845636 0.00825056 0.00853087 0.00860881 0.00839149 0.00822174 0.00832579 0.00852478 0.00832202 0.00841818 0.0085989 0.0084019 0.00859673 0.00887555 0.00884939 0.00871687 0.0084005 0.00848841 0.00849457 0.00883143 
0.0112911 0.00870478 0.00864184 0.00845466 0.00887271 0.0106154 0.00903396 0.00899131 0.00917215 0.00871937 0.00917772 0.00930149 0.00868483 0.0138896 0.00956728 0.00980184 0.00924891 0.0110356 0.0166649 0.0114525 0.0113173 0.0123715 0.0116588 0.0206249 0.0244757 0.0111919 0.0282091 0.183725 0.00463103 0.00384307 0.00372056 0.00375961 0 0.0165163 0.0195713 0.0145375 0.0164933 0.0207982 0.130209 0.0178029 0.0106796 0.0117368 0.0112022 0.0101013 0.0105307 0.00877182 0.0093871 0.0255211 0.0107926 0.0108525 0.0106945 0.00946395 0.00921573 0.00969056 0.00945202 0.00948472 0.00905684 0.0111591 0.0120895 0.00857408 0.00874878 0.00928529 0.00878291 0.00875599 0.00854138 0.00859988 0.00846121 0.00818144 0.00836717 0.00968209 0.00850348 0.00854355 0.00973331 0.00822285 0.00863086 0.00888195 0.0087624 0.0087406 0.00852525 0.00823167 0.00846646 0.00868729 0.00851598 0.00848035 0.00824542 0.00832018 0.00875377 0.00835256 0.00823213 0.00871558 0.00852912 0.00866182 0.00844813 0.00843285 0.00841107 0.00873662 0.00892169 0.00850364 0.009083 0.00908069 
0.00837832 0.0085858 0.00836437 0.00856332 0.0088802 0.0090993 0.0084417 0.00852992 0.00848258 0.00833493 0.00922952 0.00833774 0.0092826 0.00819387 0.00848574 0.00841878 0.00833104 0.00887307 0.00862576 0.0088063 0.00905409 0.00900657 0.00872921 0.0117898 0.008564 0.00904207 0.00883335 0.0170879 0.0427356 0.0664158 0.0175988 0.024799 0.0165163 0 0.0040365 0.00384227 0.00376915 0.0043338 0.00609995 0.108049 0.0203627 0.0150479 0.0120774 0.0127764 0.0100583 0.0468125 0.0201416 0.0336537 0.0236323 0.0132267 0.0125194 0.0118241 0.0112931 0.0110445 0.0125701 0.00979819 0.0144801 0.0149199 0.00966778 0.00977723 0.00919664 0.00997061 0.0101641 0.0104477 0.0102439 0.00896211 0.00888492 0.0084542 0.0109548 0.00873787 0.00884379 0.00938583 0.00839996 0.008898 0.0114875 0.00945288 0.00848769 0.008747 0.00858844 0.00861056 0.00903222 0.00816263 0.0084204 0.00835135 0.00814498 0.00864096 0.00844916 0.00822459 0.00852348 0.00836197 0.00840643 0.00836406 0.00839441 0.00838187 0.00844843 0.00844688 0.00822081 0.00828834 0.00846748 0.00863386 
0.00836229 0.00838085 0.00837236 0.00826658 0.00827353 0.00827867 0.00850575 0.00851728 0.0085794 0.00837011 0.00834419 0.00827663 0.00828395 0.00848518 0.00846048 0.00871093 0.00859043 0.00829651 0.00829412 0.00867902 0.00936402 0.00924578 0.00883002 0.00850255 0.00867652 0.00853285 0.00982895 0.00887856 0.0140289 0.0139379 0.0610271 0.0198652 0.0195713 0.0040365 0 0.00369535 0.00374658 0.00376627 0.00389322 0.0258748 0.0532618 0.0206487 0.0239039 0.0110569 0.0789641 0.00974606 0.0108536 0.0130679 0.034015 0.0217168 0.0153869 0.013524 0.0134169 0.0153259 0.0113239 0.0237118 0.0104561 0.00987929 0.0105778 0.00924855 0.0113764 0.0143155 0.0121294 0.0111739 0.00995222 0.0102667 0.00893005 0.0111393 0.00840852 0.00881986 0.00878141 0.00870226 0.0087962 0.00845075 0.00949125 0.00834364 0.00889911 0.00876693 0.00913732 0.0086244 0.00850046 0.00820817 0.00841539 0.00841639 0.00837675 0.00815374 0.0082084 0.00833939 0.00824207 0.00818843 0.00824755 0.00823001 0.00841133 0.00841371 0.00837802 0.00836938 0.00825284 0.00822518 0.00837143 0.00846966 
