1H1LC
TNATGERNLALIQEVLEVFPETARKERRKHMMVSDPKMKSVGKCIISNRKSQPGVMTVRGCAYAGSKGVVFGPIKDMAHISHGPVGCGQYSRAGRRNYYTGVSGVDSFGTLNFTSDFQERDIVFGGDKKLSKLIEEMELLFPLTKGITIQSECPVGLIGDDISAVANASSKALDKPVIPVRCEGFRGVSQSLGHHIANDVVRDWILNNREGQPFETTPYDVAIIGDYNIGGDAWASRILLEEMGLRVVAQWSGDGTLVEMENTPFVKLNLVHCYRSMNYIARHMEEKHQIPWMEYNFFGPTKIAESLRKIADQFDDTIRANAEAVIARYEGQMAAIIAKYRPRLEGRKVLLYMGGLRPRHVIGAYEDLGMEIIAAGYEFAHNDDYDRTLPDLKEGTLLFDDASSYELEAFVKALKPDLIGSGIKEKYIFQKMGVPFRQMHSWDYSGPYHGYDGFAIFARDMDMTLNNPAWNELTAPWL
CCHHHHHHHHHHHHHHHHCCHHHHHHHHCCEEECCCCCCCCCCCCCCCCCCCCCCCECCCCHHHHHCCCCCCCCCCEEEEEECCCHHHHHCCCCCCECCCCCECCCECCCCCEECCCCHHHHHHCCHHHHHHHHHHHHHHCCCCCEEEEEECCHHHHCCCCHHHHHHHHHHHHCCCEEEECCCCCCCCCHHHHHHHHHHHHHHHCCCCCCCCCCCCCCCEEEEEEECCECCCCHHHHHHHHHCCCEEEEEEECCCCHHHHHHHHHCCEEEECCHHHHHHHHHHHHHHCCCCEEECCCCCHHHHHHHHHHHHCCCCHHHHHHHHHHHHHCHHHHHHHHHHHHHHHCCCEEEEEECCCHHHHCHHHHHHCCCEEEEEEECCCCHHHHHHHHHHCCCCCEEEECCEHHHHHHHHHHHCCCEEEECHHHHHHHHHHCCCEEECCCHHHCCCCCHHHHHHHHHHHHHHHHCCHHHHHCCCCCC
0 0 0 0 0 0 0 0 0 0 0 0 0 0 0 0 0 0 0 0 0 0 0 0 0 0 0 0 0 0 0 0 0 0 0 0 0 0 0 0 0 0 0 0 0 0 0 0 0 0 0 0 0 0 0 0 0 0 0 0 0 0 0 0 0 0 0 0 0 0 0 0 0 0 0 0 0 0 0 0 0 0 0 0 0 0 0 0 0 0 0 0 0 0 0 0 0 0 0 0 0 0 0 0 0 0 0 0 0 0 0 0 0 0 0 0 0 0 0 0 0 0 0 0 0 0 0 0 0 0 0 0 0 0 0 0 0 0 0 0 0 0 0 0 0 0 0 0 0 0 0 0 0 0 0 0 0 0 0 0 0 0 0 0 0 0 0 0 0 0 0 0 0 0 0 0 0 0 0 0 0 0 0 0 0 0 0 0 0 0 0 0 0 0 0 0 0 0 0 0 0 0 0 0 0 0 0 0 0 0 0 0 0 0 0 0 0 0 0 0 0 0 0 0 0 0 0 0 0 0 0 0 0 0 0 0 0 0 0 0 0 0 0 0 0 0 0 0 0 0 0 0 0 0 0 0 0 0 0 0 0 0 0 0 0 0 0 0 0 0 0 0 0 0 0 0 0 0 0 0 0 0 0 0 0 0 0 0 0 0 0 0 0 0 0 0 0 0 0 0 0 0 0 0 0 0 0 0 0 0 0 0 0 0 0 0 0 0 0 0 0 0 0 0 0 0 0 0 0 0 0 0 0 0 0 0 0 0 0 0 0 0 0 0 0 0 0 0 0 0 0 0 0 0 0 0 0 0 0 0 0 0 0 0 0 0 0 0 0 0 0 0 0 0 0 0 0 0 0 0 0 0 0 0 0 0 0 0 0 0 0 0 0 0 0 0 0 0 0 0 0 0 0 0 0 0 0 0 0 0 0 0 0 0 0 0 0 0 0 0 0 0 0 0 0 0 0 0 0 0 0 0 0 0 0 0 0 0 0 0 0 0 0 0 0 0 0 0 0 0 0 0 0 0 0 0 0 0 0 0 0 0 0 0 0 0 0 0 0 0 0 0 0 0 0 0 0 0 
0 0 0 0 0 0 0 0 0 0 0 0 0 0 0 0 0 0 0 0 0 0 0 0 0 0 0 0 0 0 0 0 0 0 0 0 0 0 0 0 0 0 0 0 0 0 0 0 0 0 0 0 0 0 0 0 0 0 0 0 0 0 0 0 0 0 0 0 0 0 0 0 0 0 0 0 0 0 0 0 0 0 0 0 0 0 0 0 0 0 0 0 0 0 0 0 0 0 0 0 0 0 0 0 0 0 0 0 0 0 0 0 0 0 0 0 0 0 0 0 0 0 0 0 0 0 0 0 0 0 0 0 0 0 0 0 0 0 0 0 0 0 0 0 0 0 0 0 0 0 0 0 0 0 0 0 0 0 0 0 0 0 0 0 0 0 0 0 0 0 0 0 0 0 0 0 0 0 0 0 0 0 0 0 0 0 0 0 0 0 0 0 0 0 0 0 0 0 0 0 0 0 0 0 0 0 0 0 0 0 0 0 0 0 0 0 0 0 0 0 0 0 0 0 0 0 0 0 0 0 0 0 0 0 0 0 0 0 0 0 0 0 0 0 0 0 0 0 0 0 0 0 0 0 0 0 0 0 0 0 0 0 0 0 0 0 0 0 0 0 0 0 0 0 0 0 0 0 0 0 0 0 0 0 0 0 0 0 0 0 0 0 0 0 0 0 0 0 0 0 0 0 0 0 0 0 0 0 0 0 0 0 0 0 0 0 0 0 0 0 0 0 0 0 0 0 0 0 0 0 0 0 0 0 0 0 0 0 0 0 0 0 0 0 0 0 0 0 0 0 0 0 0 0 0 0 0 0 0 0 0 0 0 0 0 0 0 0 0 0 0 0 0 0 0 0 0 0 0 0 0 0 0 0 0 0 0 0 0 0 0 0 0 0 0 0 0 0 0 0 0 0 0 0 0 0 0 0 0 0 0 0 0 0 0 0 0 0 0 0 0 0 0 0 0 0 0 0 0 0 0 0 0 0 0 0 0 0 0 0 0 0 0 0 0 0 0 0 0 0 0 0 0 0 0 0 0 0 0 0 0 0 0 0 0 0 0 0 0 0 0 0 0 0 0 0 0 0 
0 0.00380963 0.003886 0.0390566 0.0324841 0.0217413 0.0146035 0.0228555 0.0101126 0.0209 0.0105378 0.0106911 0.0102375 0.00954531 0.0101202 0.00936365 0.0092087 0.00889379 0.00897527 0.00866537 0.0107719 0.00915525 0.00835557 0.00853071 0.00908048 0.00839128 0.00837212 0.00862411 0.00866869 0.00846829 0.00825347 0.00829338 0.00847965 0.00859321 0.008469 0.00838471 0.00843527 0.00836253 0.00825458 0.00837917 0.00854961 0.00836044 0.00831381 0.00829057 0.00824975 0.00832596 0.00832388 0.00858831 0.00849817 0.00874832 0.00860169 0.00858678 0.00892579 0.00871429 0.00870032 0.0087395 0.0091515 0.0087674 0.00865373 0.00927213 0.00909091 0.00929834 0.0094098 0.0097356 0.0110094 0.00957701 0.00948474 0.00979723 0.0106968 0.00996578 0.00958647 0.0108116 
0.00380963 0 0.00372502 0.0264786 0.0194733 0.0472989 0.0255418 0.0171874 0.0947193 0.0123998 0.00937811 0.00965036 0.00889088 0.010398 0.0104748 0.00895045 0.0103344 0.0101873 0.0094353 0.00979354 0.00858775 0.00876486 0.0088942 0.0089701 0.00837222 0.00813979 0.00855439 0.00934894 0.00920584 0.00876399 0.00867375 0.00821061 0.00806339 0.00828748 0.00863935 0.008583 0.00864748 0.00857647 0.00846319 0.00818734 0.0084605 0.00868728 0.0087071 0.00841804 0.00828567 0.00848692 0.00829117 0.00844114 0.00898197 0.00914337 0.00909253 0.00897111 0.00889748 0.00868337 0.00901885 0.00903168 0.00936596 0.0091027 0.0089905 0.00891505 0.00936843 0.00979583 0.00957745 0.00906091 0.00966653 0.00946883 0.0097858 0.00975515 0.00940863 0.0098289 0.00979112 0.009544 
0.003886 0.00372502 0 0.0614176 0.0222308 0.0203663 0.0146259 0.0404255 0.024805 0.0643749 0.0131444 0.0131847 0.0116934 0.0135109 0.0111731 0.0108981 0.0106159 0.00879038 0.00968523 0.00895705 0.00922541 0.0101429 0.00868508 0.0083457 0.00873356 0.0083076 0.00829269 0.00853742 0.00860095 0.00834588 0.00820751 0.00831766 0.00845152 0.00864607 0.00846511 0.00829485 0.0084319 0.00829492 0.00822131 0.00819007 0.00853185 0.00835465 0.0083176 0.0081993 0.00834216 0.00831778 0.00818849 0.00919963 0.0086483 0.00862424 0.008586 0.00864716 0.00880526 0.00914097 0.00872081 0.00859684 0.00872223 0.00861995 0.00866605 0.00909977 0.0104877 0.0093768 0.00918098 0.00925447 0.0105627 0.0102476 0.00999096 0.00935796 0.0101407 0.011395 0.00965301 0.0100069 
0.0390566 0.0264786 0.0614176 0 0.0225565 0.0148839 0.0123791 0.0126733 0.0239773 0.0577062 0.0781133 0.0581584 0.0455015 0.0192234 0.0224822 0.0133034 0.00891475 0.00889177 0.00866313 0.00961128 0.0115071 0.0113447 0.00839099 0.00900098 0.00931709 0.0092114 0.00827654 0.00856417 0.00847128 0.00841969 0.00823683 0.0093401 0.0102191 0.0097471 0.0082413 0.00814502 0.00818331 0.00810729 0.00813587 0.00867765 0.00892289 0.00828638 0.00818087 0.0084001 0.00852645 0.00811938 0.00841854 0.00983196 0.00855161 0.0085201 0.00843972 0.00869879 0.00933177 0.0106129 0.00856477 0.00859263 0.00861216 0.00851148 0.00878077 0.00967802 0.0103225 0.00918809 0.00931448 0.0102 0.0153142 0.0106361 0.00947261 0.00944642 0.0118743 0.01155 0.00942592 0.0115889 
0.0324841 0.0194733 0.0222308 0.0225565 0 0.0037459 0.00369749 0.00371841 0.00382343 0.004239 0.0231934 0.0197735 0.0164739 0.0151376 0.0163019 0.0386873 0.0148176 0.0133657 0.0113566 0.0114071 0.0137256 0.0153936 0.0112169 0.0096449 0.0109181 0.00898365 0.00958984 0.0104389 0.00941053 0.00893452 0.00890152 0.00855296 0.00844897 0.00864022 0.00845447 0.00859285 0.008689 0.00858157 0.0083111 0.00845213 0.0084495 0.00849544 0.00836287 0.00827925 0.00811794 0.00822816 0.0080723 0.00846565 0.00842186 0.00868083 0.00846925 0.00840994 0.00849366 0.00854384 0.00843323 0.00853362 0.00873692 0.00871755 0.00834679 0.00855313 0.00861255 0.00860903 0.00865854 0.00871883 0.00919115 0.00868483 0.00853141 0.00864184 0.00915567 0.00865478 0.00863019 0.00898337 
0.0217413 0.0472989 0.0203663 0.0148839 0.0037459 0 0.00370068 0.00373081 0.00432749 0.00376423 0.0134173 0.0146005 0.0112737 0.0198422 0.0108676 0.0145471 0.121191 0.0153442 0.0474531 0.0154813 0.0172715 0.0132577 0.0181746 0.0105632 0.0115867 0.00844845 0.0116151 0.0128617 0.0155726 0.010967 0.00986577 0.00863941 0.00835525 0.00852507 0.00946089 0.00924421 0.0106469 0.00907835 0.00886441 0.00824355 0.00847925 0.00885648 0.00875101 0.00835592 0.00819098 0.0082947 0.00813681 0.0084098 0.00866287 0.00900796 0.00885441 0.00872612 0.00867733 0.00840992 0.008663 0.00863961 0.00886495 0.00875203 0.00870643 0.00853011 0.00852425 0.0093443 0.00901062 0.00869932 0.00866245 0.00852238 0.00914585 0.0091386 0.00881585 0.00862129 0.00902045 0.00870271 
0.0146035 0.0255418 0.0146259 0.0123791 0.00369749 0.00370068 0 0.00370384 0.00369683 0.00373383 0.00958817 0.0128213 0.0104141 0.0119653 0.0102115 0.0158763 0.0153205 0.213497 0.0259706 0.0330549 0.0104911 0.0123606 0.0156253 0.0152815 0.00907728 0.00917055 0.00946199 0.0232721 0.0148152 0.0128585 0.00981683 0.00878901 0.00813057 0.00897166 0.00900114 0.0109983 0.00979598 0.0111395 0.00871743 0.00840707 0.00838558 0.00899545 0.00878978 0.0084101 0.00819457 0.00838424 0.0082215 0.00844402 0.00863073 0.00899039 0.00896123 0.00891462 0.00852508 0.008484 0.00868121 0.00869307 0.00892445 0.00876503 0.00874244 0.00845358 0.00861099 0.00928452 0.00903127 0.00856632 0.00848482 0.00859821 0.00916271 0.00908914 0.00868511 0.00880977 0.00917506 0.00888682 
0.0228555 0.0171874 0.0404255 0.0126733 0.00371841 0.00373081 0.00370384 0 0.00369193 0.00371734 0.00927353 0.0113164 0.00951304 0.0145868 0.010287 0.0114018 0.0711431 0.0236424 0.225072 0.0162402 0.0165465 0.0109118 0.0172161 0.0115394 0.0128418 0.00838134 0.0124813 0.0143347 0.0182259 0.0135319 0.0109374 0.00858168 0.00818329 0.008389 0.0100502 0.00907335 0.0114308 0.00921499 0.00976967 0.00852606 0.00864313 0.00864108 0.00912028 0.00860073 0.00823403 0.00852288 0.00809518 0.00840053 0.00865207 0.00897152 0.00893131 0.00873926 0.00853306 0.00842761 0.00872125 0.00870793 0.00898354 0.00881554 0.0086633 0.00846364 0.00858852 0.00915559 0.00895206 0.00852605 0.00841261 0.00853283 0.00890459 0.00900096 0.00866717 0.00867923 0.00896148 0.0085821 
0.0101126 0.0947193 0.024805 0.0239773 0.00382343 0.00432749 0.00369683 0.00369193 0 0.00373781 0.00976004 0.0137224 0.0129417 0.0254747 0.0359949 0.0132616 0.0148505 0.0349458 0.0142946 0.124203 0.0131339 0.0111066 0.0107128 0.0138565 0.00966179 0.0083354 0.00886279 0.0116999 0.0103307 0.0103057 0.00921917 0.00851827 0.00808577 0.0083583 0.00867322 0.00883858 0.00910474 0.00893762 0.00871423 0.0082353 0.00825728 0.00840666 0.00865261 0.00828883 0.00804584 0.00825017 0.00806502 0.00833013 0.00849437 0.00868655 0.00866134 0.00864701 0.00855079 0.00833306 0.00856929 0.00851483 0.00863867 0.00849957 0.00851951 0.00846501 0.00849851 0.00890144 0.00877434 0.00853147 0.00854251 0.00843421 0.00885859 0.00887837 0.00867611 0.00846589 0.00882378 0.00851397 
0.0209 0.0123998 0.0643749 0.0577062 0.004239 0.00376423 0.00373383 0.00371734 0.00373781 0 0.0359296 0.0219675 0.0213132 0.0246497 0.0320403 0.0173385 0.0127069 0.0101502 0.0122435 0.0118972 0.0541395 0.0126389 0.00899375 0.00907673 0.0127785 0.00859865 0.00858407 0.00890063 0.00910562 0.00861621 0.00926233 0.00903952 0.00862405 0.00878284 0.00840256 0.00835756 0.00848349 0.00845394 0.00828684 0.00839449 0.00832224 0.00819443 0.00817549 0.00860904 0.0081751 0.00806531 0.008084 0.00870676 0.00841359 0.00851415 0.00842877 0.00845322 0.00847787 0.00859593 0.00845587 0.00833319 0.00845831 0.00840642 0.00839923 0.00860429 0.00923803 0.00860783 0.00861359 0.00868481 0.00906312 0.00895069 0.00868638 0.00860161 0.00897323 0.00914743 0.00865074 0.00867159 
0.0105378 0.00937811 0.0131444 0.0781133 0.0231934 0.0134173 0.00958817 0.00927353 0.00976004 0.0359296 0 0.192301 0.0616169 0.0322606 0.0309835 0.0168259 0.00969751 0.00906757 0.00898655 0.00982533 0.0120877 0.0115395 0.00847789 0.0088027 0.00953233 0.00924763 0.00821765 0.00814312 0.00820583 0.00817576 0.00821101 0.00852064 0.00958923 0.00935139 0.0081173 0.00798945 0.00801335 0.00794316 0.0080676 0.00825498 0.0086344 0.00807181 0.00801977 0.00810091 0.0081844 0.00802065 0.00806013 0.00867194 0.00823785 0.00824528 0.0082569 0.00823018 0.00835459 0.00888027 0.00833825 0.00825784 0.00833102 0.00828819 0.0082564 0.00855132 0.00911417 0.00846575 0.00848075 0.00874907 0.0107805 0.00910492 0.00858328 0.00849448 0.00930182 0.00933415 0.00860063 0.00905713 
0.0106911 0.00965036 0.0131847 0.0581584 0.0197735 0.0146005 0.0128213 0.0113164 0.0137224 0.0219675 0.192301 0 0.390199 0.0341246 0.0306679 0.0158249 0.0109965 0.0112466 0.00978698 0.0113405 0.0157718 0.0134791 0.00951227 0.00957815 0.0109995 0.00957406 0.00832128 0.00840037 0.00845309 0.00832336 0.00849352 0.00933764 0.00998482 0.00966432 0.00818734 0.008143 0.00818554 0.00806713 0.00823255 0.00863136 0.0084946 0.00822828 0.00815356 0.00842714 0.00823854 0.00809065 0.00828393 0.00882102 0.00833878 0.0085639 0.00843659 0.00842225 0.00887035 0.00889711 0.00845792 0.00835747 0.00843617 0.00839513 0.00842411 0.00914149 0.00933156 0.00872062 0.00885685 0.00931902 0.0109597 0.00916134 0.00887099 0.00884561 0.0100177 0.00952521 0.00883911 0.00965521 
0.0102375 0.00889088 0.0116934 0.0455015 0.0164739 0.0112737 0.0104141 0.00951304 0.0129417 0.0213132 0.0616169 0.390199 0 0.0636723 0.029169 0.0229731 0.0100676 0.0105965 0.011111 0.0109752 0.0140476 0.0140076 0.00904565 0.00961207 0.0101217 0.00948844 0.00829397 0.00848162 0.00840396 0.00832682 0.00844252 0.00881735 0.010453 0.010277 0.00818894 0.00816611 0.00816819 0.00803949 0.00812555 0.00844879 0.0085382 0.00825457 0.00814622 0.0082244 0.00819766 0.00805663 0.008241 0.00862417 0.00824781 0.00826044 0.00825085 0.00821385 0.00852145 0.00891156 0.00831598 0.00829461 0.00833867 0.00833054 0.00824668 0.00876719 0.00906574 0.00848368 0.0084758 0.00884487 0.0107961 0.00901317 0.00863281 0.00856195 0.00952629 0.00915195 0.00860452 0.0093233 
0.00954531 0.010398 0.0135109 0.0192234 0.0151376 0.0198422 0.0119653 0.0145868 0.0254747 0.0246497 0.0322606 0.0341246 0.0636723 0 0.0044626 0.0425256 0.0341723 0.0136523 0.0176697 0.0306342 0.0257567 0.0134169 0.0106498 0.0106781 0.0143981 0.00874951 0.00923131 0.00903044 0.00917417 0.00886245 0.00919018 0.00914625 0.00941127 0.00859046 0.00896764 0.00831646 0.00846603 0.00828732 0.00846851 0.00867935 0.00848273 0.00833759 0.0084736 0.00851027 0.00796178 0.00812953 0.00807791 0.00824299 0.00830432 0.00833224 0.00833345 0.00829214 0.00847418 0.00825849 0.0083993 0.00828584 0.00842568 0.00836197 0.00830854 0.00860697 0.00845022 0.00869762 0.00866131 0.00880614 0.00903948 0.0085463 0.00868196 0.00877743 0.00895731 0.00859173 0.00876662 0.00882629 
0.0101202 0.0104748 0.0111731 0.0224822 0.0163019 0.0108676 0.0102115 0.010287 0.0359949 0.0320403 0.0309835 0.0306679 0.029169 0.0044626 0 0.0192179 0.012962 0.0153653 0.0141557 0.0489933 0.0667182 0.0147312 0.00931483 0.0101399 0.0117265 0.00929008 0.00864912 0.00908074 0.00911172 0.00870043 0.00909311 0.0092451 0.00931304 0.00946903 0.00852788 0.00845132 0.00860341 0.00837241 0.00855051 0.00867908 0.00841719 0.00825023 0.00830198 0.00832257 0.00812313 0.00804942 0.0081473 0.00836156 0.0083212 0.00841363 0.00827732 0.00839046 0.00842629 0.00842631 0.00842582 0.00833844 0.00842921 0.00837846 0.00843539 0.00858491 0.00874031 0.00872976 0.00872244 0.00866607 0.00908107 0.00865705 0.00870779 0.00865977 0.00894954 0.00884222 0.00879928 0.00875575 
0.00936365 0.00895045 0.0108981 0.0133034 0.0386873 0.0145471 0.0158763 0.0114018 0.0132616 0.0173385 0.0168259 0.0158249 0.0229731 0.0425256 0.0192179 0 0.00384842 0.00370521 0.00372646 0.00370549 0.00424206 0.161121 0.0229302 0.0161117 0.0167777 0.0144282 0.0129959 0.0167646 0.0136025 0.0116517 0.0104329 0.0117731 0.0100942 0.0118158 0.00972284 0.00996486 0.00970127 0.00942003 0.00886074 0.0113043 0.0107266 0.00963866 0.0088607 0.00963704 0.00854418 0.00812764 0.00833924 0.00844943 0.00851864 0.00860008 0.00875926 0.00846357 0.00839585 0.00816503 0.00854689 0.0083771 0.0085291 0.00842945 0.00832685 0.0084609 0.0084381 0.00855414 0.00848898 0.00873037 0.00870027 0.00853283 0.00841366 0.00842177 0.00887749 0.00872065 0.00848075 0.0086405 
0.0092087 0.0103344 0.0106159 0.00891475 0.0148176 0.121191 0.0153205 0.0711431 0.0148505 0.0127069 0.00969751 0.0109965 0.0100676 0.0341723 0.012962 0.00384842 0 0.00372608 0.00371133 0.00394889 0.00374821 0.361899 0.114246 0.0272692 0.0157518 0.00953964 0.0617523 0.0297352 0.0553293 0.0215581 0.017968 0.00935618 0.00929443 0.00883568 0.0233084 0.011792 0.0249931 0.0107335 0.0127094 0.00898248 0.0109073 0.00954119 0.0117148 0.00906774 0.00815998 0.00888091 0.0081829 0.00827115 0.00887395 0.00899149 0.00882878 0.00857929 0.00846015 0.00825531 0.00863782 0.00854352 0.00865004 0.00856923 0.00843134 0.00833135 0.00838592 0.00889071 0.00868568 0.00852948 0.00827182 0.00845271 0.00869936 0.00872991 0.00852695 0.00839352 0.00874137 0.00845483 
0.00889379 0.0101873 0.00879038 0.00889177 0.0133657 0.0153442 0.213497 0.0236424 0.0349458 0.0101502 0.00906757 0.0112466 0.0105965 0.0136523 0.0153653 0.00370521 0.00372608 0 0.00377115 0.0037041 0.00375767 0.0982447 0.242234 0.0483929 0.0106444 0.0112362 0.0130464 0.154272 0.055596 0.0586188 0.0155673 0.0100578 0.00840462 0.0116537 0.0100998 0.0350461 0.0171685 0.0365763 0.00999772 0.00914439 0.00861667 0.0133965 0.0102569 0.00915474 0.00845372 0.00833114 0.008272 0.00839029 0.00862647 0.00926388 0.00917402 0.00880645 0.00841264 0.00848426 0.00865774 0.00865333 0.00883318 0.00877055 0.0085259 0.00834593 0.00860768 0.00889214 0.00871022 0.00848609 0.00824652 0.0104565 0.00878342 0.00865034 0.00853098 0.00848447 0.00870956 0.00850244 
0.00897527 0.0094353 0.00968523 0.00866313 0.0113566 0.0474531 0.0259706 0.225072 0.0142946 0.0122435 0.00898655 0.00978698 0.011111 0.0176697 0.0141557 0.00372646 0.00371133 0.00377115 0 0.00373181 0.00372025 0.075059 0.139399 0.17488 0.0243586 0.00946893 0.0372632 0.0430175 0.119853 0.0535501 0.0229398 0.0101083 0.00883506 0.00879281 0.0185668 0.0155337 0.0530963 0.0153875 0.015365 0.00892035 0.0103526 0.00960877 0.0125561 0.00946546 0.00825288 0.00840205 0.00825601 0.00830169 0.00883783 0.0092444 0.00957963 0.00872582 0.00847238 0.0083447 0.008802 0.00872016 0.00888784 0.00888755 0.0084603 0.00836096 0.00847152 0.00896924 0.00869665 0.00839295 0.00819732 0.00857129 0.00857649 0.00860997 0.00843473 0.00849913 0.00851208 0.0085395 
0.00866537 0.00979354 0.00895705 0.00961128 0.0114071 0.0154813 0.0330549 0.0162402 0.124203 0.0118972 0.00982533 0.0113405 0.0109752 0.0306342 0.0489933 0.00370549 0.00394889 0.0037041 0.00373181 0 0.00379558 0.0227552 0.0640468 0.20248 0.0699169 0.010629 0.0132908 0.0340804 0.0234692 0.0244575 0.0309393 0.0141381 0.00893236 0.00994603 0.0096814 0.0140226 0.0116284 0.0135847 0.0115783 0.0101747 0.00859908 0.00951221 0.0104629 0.00932129 0.0081705 0.00831486 0.0081607 0.00821457 0.00850246 0.00862111 0.00863623 0.00867415 0.00834148 0.00823121 0.00843193 0.00846886 0.00853354 0.00848778 0.00839642 0.00825793 0.00842286 0.00861028 0.00863166 0.00836275 0.00812716 0.00833625 0.00856191 0.00862551 0.00841766 0.00838165 0.00874935 0.00836426 
0.0107719 0.00858775 0.00922541 0.0115071 0.0137256 0.0172715 0.0104911 0.0165465 0.0131339 0.0541395 0.0120877 0.0157718 0.0140476 0.0257567 0.0667182 0.00424206 0.00374821 0.00375767 0.00372025 0.00379558 0 0.0187679 0.016277 0.0609563 0.253298 0.0132964 0.0134812 0.0144974 0.0167814 0.0126924 0.0167166 0.0178767 0.0139381 0.00998212 0.0103178 0.00937724 0.0107499 0.00926993 0.0104018 0.0101529 0.0109114 0.00864448 0.00901086 0.0100691 0.00879844 0.00830019 0.00813018 0.00830716 0.00826482 0.00846595 0.00850493 0.00832186 0.0082504 0.00822928 0.00840945 0.00844579 0.00842874 0.00827393 0.00816492 0.00825732 0.00867268 0.00851985 0.00839051 0.00840122 0.00840117 0.00863148 0.00837934 0.0084073 0.00847389 0.00871586 0.00853606 0.00835206 
0.00915525 0.00876486 0.0101429 0.0113447 0.0153936 0.0132577 0.0123606 0.0109118 0.0111066 0.0126389 0.0115395 0.0134791 0.0140076 0.0134169 0.0147312 0.161121 0.361899 0.0982447 0.075059 0.0227552 0.0187679 0 0.00373116 0.0037196 0.00381137 0.216061 0.0541366 0.0433327 0.0322897 0.0192071 0.0123559 0.0191276 0.0169737 0.0249438 0.0174293 0.0151067 0.0153117 0.0123774 0.0101058 0.0158588 0.0155595 0.0132173 0.0104738 0.0149597 0.00875705 0.00832534 0.00933624 0.00848686 0.00904495 0.00877961 0.00868876 0.00842666 0.00871324 0.00831432 0.00844733 0.00848758 0.00863583 0.00845109 0.00831284 0.00843095 0.00844715 0.0084312 0.00837771 0.00852983 0.00857902 0.00865626 0.0083711 0.00829358 0.00885201 0.00863407 0.0083485 0.00872478 
0.00835557 0.0088942 0.00868508 0.00839099 0.0112169 0.0181746 0.0156253 0.0172161 0.0107128 0.00899375 0.00847789 0.00951227 0.00904565 0.0106498 0.00931483 0.0229302 0.114246 0.242234 0.139399 0.0640468 0.016277 0.00373116 0 0.00371147 0.00371048 0.0309819 0.275055 0.0785555 0.106473 0.0507756 0.0273513 0.00972245 0.0103618 0.00942137 0.0352508 0.0207583 0.0363073 0.0161021 0.0152625 0.00911613 0.0105791 0.0130729 0.0166017 0.00960163 0.00848209 0.00849011 0.00820609 0.008278 0.00877527 0.00960537 0.0093397 0.00869442 0.00842118 0.00822985 0.00875871 0.00873451 0.00885284 0.00869827 0.00843996 0.00826461 0.00833599 0.00871487 0.00850481 0.00823966 0.00807289 0.00836978 0.00853506 0.0085215 0.00829749 0.00836036 0.00857227 0.00841376 
0.00853071 0.0089701 0.0083457 0.00900098 0.0096449 0.0105632 0.0152815 0.0115394 0.0138565 0.00907673 0.0088027 0.00957815 0.00961207 0.0106781 0.0101399 0.0161117 0.0272692 0.0483929 0.17488 0.20248 0.0609563 0.0037196 0.00371147 0 0.00372146 0.027586 0.0296144 0.131152 0.0628007 0.0757784 0.0654444 0.0189367 0.0100642 0.0175531 0.0109269 0.0240472 0.0174797 0.0274544 0.0142027 0.0103155 0.00901729 0.0136386 0.0123865 0.0110229 0.0088756 0.00863711 0.00833464 0.00850192 0.00877851 0.00903924 0.00877059 0.00869554 0.00824635 0.00842575 0.00849563 0.00859078 0.00866608 0.00851372 0.00839803 0.00820376 0.00860096 0.00850576 0.00844093 0.0082483 0.00808133 0.00834762 0.00843349 0.0083976 0.00821048 0.00843722 0.008415 0.00829343 
0.00908048 0.00837222 0.00873356 0.00931709 0.0109181 0.0115867 0.00907728 0.0128418 0.00966179 0.0127785 0.00953233 0.0109995 0.0101217 0.0143981 0.0117265 0.0167777 0.0157518 0.0106444 0.0243586 0.0699169 0.253298 0.00381137 0.00371048 0.00372146 0 0.0127811 0.0235322 0.020859 0.0434857 0.0298831 0.0742052 0.0742948 0.0289632 0.0101476 0.0161926 0.00981098 0.0152994 0.00998708 0.0135497 0.0115784 0.0239906 0.00912343 0.013366 0.0165121 0.00852084 0.00908093 0.00830064 0.0084188 0.00853609 0.00851843 0.00875266 0.00843908 0.00871204 0.00821002 0.00840067 0.00838516 0.00860081 0.0083723 0.00823631 0.00854808 0.00865358 0.00832968 0.00833769 0.00849192 0.00824539 0.00855345 0.00843384 0.00833062 0.00836149 0.00848868 0.00834116 0.00827175 
0.00839128 0.00813979 0.0083076 0.0092114 0.00898365 0.00844845 0.00917055 0.00838134 0.0083354 0.00859865 0.00924763 0.00957406 0.00948844 0.00874951 0.00929008 0.0144282 0.00953964 0.0112362 0.00946893 0.010629 0.0132964 0.216061 0.0309819 0.027586 0.0127811 0 0.0037585 0.00370695 0.00373054 0.00369309 0.00436584 0.00562975 0.00720646 0.550918 0.0130678 0.0175459 0.0103936 0.0130387 0.00947951 0.0239446 0.0153436 0.0169021 0.0102254 0.0163121 0.010222 0.00825027 0.0122385 0.00882615 0.00847038 0.00869069 0.00845839 0.00845181 0.00865885 0.00876198 0.00822248 0.00838425 0.00848125 0.00832546 0.00815205 0.00828292 0.00856696 0.0083374 0.00827377 0.00842507 0.00862464 0.00832931 0.00822873 0.00818823 0.00837696 0.0084101 0.00821226 0.00820346 
0.00837212 0.00855439 0.00829269 0.00827654 0.00958984 0.0116151 0.00946199 0.0124813 0.00886279 0.00858407 0.00821765 0.00832128 0.00829397 0.00923131 0.00864912 0.0129959 0.0617523 0.0130464 0.0372632 0.0132908 0.0134812 0.0541366 0.275055 0.0296144 0.0235322 0.0037585 0 0.00372225 0.00373074 0.00372325 0.0038735 0.00382048 0.00635881 0.0214459 0.619701 0.0166322 0.0512716 0.0111552 0.0439702 0.00976315 0.0729496 0.0158813 0.0411352 0.0108167 0.00912848 0.0150905 0.00873881 0.00855363 0.0112345 0.0103078 0.0111704 0.00945229 0.00898653 0.0082591 0.0105166 0.00903275 0.00983418 0.0091545 0.00877008 0.00838025 0.00845578 0.00887596 0.00866777 0.00831086 0.00810225 0.00856757 0.00857901 0.00857423 0.00828734 0.00842252 0.0083497 0.00826005 
0.00862411 0.00934894 0.00853742 0.00856417 0.0104389 0.0128617 0.0232721 0.0143347 0.0116999 0.00890063 0.00814312 0.00840037 0.00848162 0.00903044 0.00908074 0.0167646 0.0297352 0.154272 0.0430175 0.0340804 0.0144974 0.0433327 0.0785555 0.131152 0.020859 0.00370695 0.00372225 0 0.00374703 0.00371783 0.00377509 0.00379964 0.00464102 0.0584805 0.0302184 0.330739 0.0691092 0.188478 0.0181818 0.0172115 0.0140561 0.139601 0.0214754 0.0202412 0.0130015 0.0092874 0.0105054 0.00898289 0.0132701 0.0269031 0.0195969 0.0160906 0.00928909 0.0092547 0.0102973 0.0135206 0.0153442 0.0126321 0.00997809 0.00915923 0.00888272 0.00974297 0.00955373 0.0088002 0.00814944 0.00894417 0.0093835 0.00913084 0.00863083 0.00861321 0.00875915 0.00842439 
0.00866869 0.00920584 0.00860095 0.00847128 0.00941053 0.0155726 0.0148152 0.0182259 0.0103307 0.00910562 0.00820583 0.00845309 0.00840396 0.00917417 0.00911172 0.0136025 0.0553293 0.055596 0.119853 0.0234692 0.0167814 0.0322897 0.106473 0.0628007 0.0434857 0.00373054 0.00373074 0.00374703 0 0.00370239 0.00370205 0.00374225 0.00421051 0.0267859 0.0709792 0.0611916 0.32732 0.0973907 0.061256 0.0127516 0.0248423 0.0246051 0.0734435 0.0207058 0.0100357 0.0106158 0.00975524 0.00904053 0.0125056 0.022138 0.0254133 0.0124275 0.00959485 0.00872132 0.0105906 0.0127857 0.0146757 0.0129546 0.00981197 0.00914489 0.00916191 0.00992674 0.010013 0.00876018 0.0081309 0.00908392 0.00935335 0.00979671 0.00882107 0.00882363 0.00887791 0.00854499 
0.00846829 0.00876399 0.00834588 0.00841969 0.00893452 0.010967 0.0128585 0.0135319 0.0103057 0.00861621 0.00817576 0.00832336 0.00832682 0.00886245 0.00870043 0.0116517 0.0215581 0.0586188 0.0535501 0.0244575 0.0126924 0.0192071 0.0507756 0.0757784 0.0298831 0.00369309 0.00372325 0.00371783 0.00370239 0 0.00369989 0.00371673 0.00403042 0.0170349 0.0374312 0.0949468 0.0800405 0.212084 0.0575169 0.0178679 0.0123448 0.0310723 0.032069 0.0209332 0.00945531 0.00989083 0.00954912 0.00863559 0.010498 0.0192048 0.0223471 0.0118944 0.00906435 0.00852311 0.00944031 0.0106513 0.0122561 0.0108181 0.00934249 0.00863655 0.00862912 0.00957628 0.00909421 0.0085058 0.00808267 0.00857551 0.00896607 0.00903655 0.00851525 0.00840615 0.00846542 0.00829799 
0.00825347 0.00867375 0.00820751 0.00823683 0.00890152 0.00986577 0.00981683 0.0109374 0.00921917 0.00926233 0.00821101 0.00849352 0.00844252 0.00919018 0.00909311 0.0104329 0.017968 0.0155673 0.0229398 0.0309393 0.0167166 0.0123559 0.0273513 0.0654444 0.0742052 0.00436584 0.0038735 0.00377509 0.00370205 0.00369989 0 0.00411109 0.00800999 0.0175482 0.0411941 0.0393099 0.0812809 0.0560429 0.248226 0.0220693 0.0120432 0.0141821 0.0939517 0.0266508 0.00906894 0.0136207 0.00934364 0.00877619 0.0110963 0.014555 0.0128276 0.0110155 0.0104979 0.00862996 0.00914206 0.00944714 0.0101596 0.00937445 0.00920237 0.00869124 0.00857496 0.00892124 0.00891164 0.00822283 0.00806973 0.00846968 0.00861559 0.00878004 0.00816056 0.00833814 0.00843622 0.00824909 
0.00829338 0.00821061 0.00831766 0.0093401 0.00855296 0.00863941 0.00878901 0.00858168 0.00851827 0.00903952 0.00852064 0.00933764 0.00881735 0.00914625 0.0092451 0.0117731 0.00935618 0.0100578 0.0101083 0.0141381 0.0178767 0.0191276 0.00972245 0.0189367 0.0742948 0.00562975 0.00382048 0.00379964 0.00374225 0.00371673 0.00411109 0 0.0286801 0.0354399 0.0151686 0.0169574 0.0227399 0.0388327 0.0316124 0.23198 0.0119378 0.0114517 0.012785 0.0590059 0.0108495 0.0086541 0.0106142 0.00894505 0.00857699 0.00885492 0.00888166 0.00903019 0.00890588 0.00853224 0.00830846 0.00840946 0.00857268 0.00849616 0.00831119 0.00875999 0.00837873 0.00838865 0.00832826 0.00851612 0.00848223 0.008268 0.00831485 0.00828253 0.00848793 0.00827302 0.0081902 0.00823018 
0.00847965 0.00806339 0.00845152 0.0102191 0.00844897 0.00835525 0.00813057 0.00818329 0.00808577 0.00862405 0.00958923 0.00998482 0.010453 0.00941127 0.00931304 0.0100942 0.00929443 0.00840462 0.00883506 0.00893236 0.0139381 0.0169737 0.0103618 0.0100642 0.0289632 0.00720646 0.00635881 0.00464102 0.00421051 0.00403042 0.00800999 0.0286801 0 0.0249042 0.0159353 0.00946905 0.0122102 0.0111965 0.0482171 0.0189524 0.0302539 0.00983723 0.0119107 0.0159354 0.00912107 0.00953465 0.00912997 0.00923568 0.00850168 0.0082129 0.00826265 0.00827359 0.00918173 0.00826338 0.00818483 0.00812499 0.008183 0.0080865 0.00804856 0.00863305 0.00845558 0.0081041 0.00820298 0.00848494 0.00890756 0.00834298 0.0081578 0.00804897 0.00850136 0.00841847 0.00803496 0.00821894 
0.00859321 0.00828748 0.00864607 0.0097471 0.00864022 0.00852507 0.00897166 0.008389 0.0083583 0.00878284 0.00935139 0.00966432 0.010277 0.00859046 0.00946903 0.0118158 0.00883568 0.0116537 0.00879281 0.00994603 0.00998212 0.0249438 0.00942137 0.0175531 0.0101476 0.550918 0.0214459 0.0584805 0.0267859 0.0170349 0.0175482 0.0354399 0.0249042 0 0.00437918 0.00375689 0.00370215 0.0038162 0.00390488 0.0072914 0.0312455 0.0440369 0.0124217 0.0218027 0.0162071 0.00857003 0.0268686 0.0109791 0.00952857 0.00993928 0.0088073 0.00978539 0.0098653 0.011416 0.00825514 0.00955408 0.00894985 0.00873988 0.00867598 0.0090763 0.00905868 0.00846389 0.00863242 0.00909365 0.00973629 0.00856904 0.0083456 0.00844358 0.0089781 0.00850152 0.00815788 0.00866907 
0.008469 0.00863935 0.00846511 0.0082413 0.00845447 0.00946089 0.00900114 0.0100502 0.00867322 0.00840256 0.0081173 0.00818734 0.00818894 0.00896764 0.00852788 0.00972284 0.0233084 0.0100998 0.0185668 0.0096814 0.0103178 0.0174293 0.0352508 0.0109269 0.0161926 0.0130678 0.619701 0.0302184 0.0709792 0.0374312 0.0411941 0.0151686 0.0159353 0.00437918 0 0.00371022 0.00371251 0.0037618 0.00423099 0.00380367 0.111099 0.0171344 0.0429863 0.0111043 0.0101802 0.0360555 0.00900149 0.0092153 0.0165635 0.0117286 0.0147811 0.0105378 0.00951638 0.00838143 0.0120108 0.00953308 0.0115886 0.0103007 0.00907857 0.00852205 0.00877643 0.00932876 0.0091501 0.00849697 0.00816662 0.00887429 0.00886195 0.00887985 0.0083231 0.00851015 0.0085737 0.00828447 
0.00838471 0.008583 0.00829485 0.00814502 0.00859285 0.00924421 0.0109983 0.00907335 0.00883858 0.00835756 0.00798945 0.008143 0.00816611 0.00831646 0.00845132 0.00996486 0.011792 0.0350461 0.0155337 0.0140226 0.00937724 0.0151067 0.0207583 0.0240472 0.00981098 0.0175459 0.0166322 0.330739 0.0611916 0.0949468 0.0393099 0.0169574 0.00946905 0.00375689 0.00371022 0 0.00371893 0.00375404 0.00369961 0.0037278 0.0212747 0.0820252 0.0168624 0.0148337 0.0156321 0.0089505 0.0114534 0.00882038 0.0112123 0.031683 0.0193138 0.0138988 0.00891932 0.00903827 0.00932838 0.0132367 0.0134625 0.0120202 0.0093298 0.00887272 0.00871984 0.00949672 0.00914579 0.00844817 0.00809062 0.00861628 0.00890464 0.00908675 0.00846903 0.00839888 0.00849579 0.00822517 
0.00843527 0.00864748 0.0084319 0.00818331 0.008689 0.0106469 0.00979598 0.0114308 0.00910474 0.00848349 0.00801335 0.00818554 0.00816819 0.00846603 0.00860341 0.00970127 0.0249931 0.0171685 0.0530963 0.0116284 0.0107499 0.0153117 0.0363073 0.0174797 0.0152994 0.0103936 0.0512716 0.0691092 0.32732 0.0800405 0.0812809 0.0227399 0.0122102 0.00370215 0.00371251 0.00371893 0 0.00369863 0.003698 0.00370946 0.0367455 0.0186236 0.0806101 0.0182032 0.0100031 0.0118031 0.00940627 0.00889165 0.015947 0.0303665 0.0429611 0.0139688 0.00988103 0.00863877 0.0118483 0.0124083 0.0192593 0.0141334 0.010626 0.00910156 0.00905618 0.0101024 0.00968039 0.00877548 0.00815228 0.00884617 0.00917362 0.00930396 0.00851676 0.00860713 0.00864185 0.00841424 
0.00836253 0.00857647 0.00829492 0.00810729 0.00858157 0.00907835 0.0111395 0.00921499 0.00893762 0.00845394 0.00794316 0.00806713 0.00803949 0.00828732 0.00837241 0.00942003 0.0107335 0.0365763 0.0153875 0.0135847 0.00926993 0.0123774 0.0161021 0.0274544 0.00998708 0.0130387 0.0111552 0.188478 0.0973907 0.212084 0.0560429 0.0388327 0.0111965 0.0038162 0.0037618 0.00375404 0.00369863 0 0.0036932 0.00370395 0.0159859 0.0938477 0.025631 0.0222075 0.0117715 0.00921395 0.0126839 0.00854544 0.0105148 0.0352375 0.0215409 0.014673 0.00893834 0.00881437 0.00925464 0.0123241 0.0138889 0.0128512 0.00940507 0.00881439 0.00879668 0.00957173 0.00928809 0.0085581 0.00801545 0.00864426 0.00896988 0.00912999 0.00837971 0.00843643 0.00851574 0.00829859 
0.00825458 0.00846319 0.00822131 0.00813587 0.0083111 0.00886441 0.00871743 0.00976967 0.00871423 0.00828684 0.0080676 0.00823255 0.00812555 0.00846851 0.00855051 0.00886074 0.0127094 0.00999772 0.015365 0.0115783 0.0104018 0.0101058 0.0152625 0.0142027 0.0135497 0.00947951 0.0439702 0.0181818 0.061256 0.0575169 0.248226 0.0316124 0.0482171 0.00390488 0.00423099 0.00369961 0.003698 0.0036932 0 0.00373478 0.0192968 0.0184215 0.208396 0.0262059 0.00915849 0.0243643 0.00961649 0.00878508 0.0120208 0.0116357 0.0142698 0.0136244 0.00978733 0.00843284 0.00979168 0.00918523 0.0112633 0.00972329 0.0098413 0.00899015 0.00863727 0.00906338 0.00955118 0.00835908 0.00804594 0.00842396 0.00856529 0.00911946 0.00816188 0.00826253 0.00841056 0.00814919 
0.00837917 0.00818734 0.00819007 0.00867765 0.00845213 0.00824355 0.00840707 0.00852606 0.0082353 0.00839449 0.00825498 0.00863136 0.00844879 0.00867935 0.00867908 0.0113043 0.00898248 0.00914439 0.00892035 0.0101747 0.0101529 0.0158588 0.00911613 0.0103155 0.0115784 0.0239446 0.00976315 0.0172115 0.0127516 0.0178679 0.0220693 0.23198 0.0189524 0.0072914 0.00380367 0.0037278 0.00370946 0.00370395 0.00373478 0 0.0195774 0.0220798 0.0256517 0.115797 0.015622 0.00888815 0.0195546 0.0112109 0.00922776 0.00942293 0.00914126 0.0100084 0.0104541 0.00950755 0.00850673 0.00864948 0.008797 0.00857076 0.00922855 0.0091153 0.00920138 0.00836614 0.00839859 0.00863658 0.00858793 0.0084985 0.00827565 0.00837007 0.00859939 0.00849341 0.00809329 0.00805456 
0.00854961 0.0084605 0.00853185 0.00892289 0.0084495 0.00847925 0.00838558 0.00864313 0.00825728 0.00832224 0.0086344 0.0084946 0.0085382 0.00848273 0.00841719 0.0107266 0.0109073 0.00861667 0.0103526 0.00859908 0.0109114 0.0155595 0.0105791 0.00901729 0.0239906 0.0153436 0.0729496 0.0140561 0.0248423 0.0123448 0.0120432 0.0119378 0.0302539 0.0312455 0.111099 0.0212747 0.0367455 0.0159859 0.0192968 0.0195774 0 0.00387888 0.00377173 0.00379098 0.0518442 0.0255239 0.0129945 0.0165557 0.0210596 0.0106409 0.0109418 0.00953249 0.0132324 0.00890145 0.0110945 0.00976003 0.0101863 0.0091161 0.00871383 0.0107159 0.0107737 0.00879692 0.00884509 0.00944649 0.00877865 0.00971714 0.00845533 0.00842454 0.00867466 0.00927031 0.00819279 0.00827012 
0.00836044 0.00868728 0.00835465 0.00828638 0.00849544 0.00885648 0.00899545 0.00864108 0.00840666 0.00819443 0.00807181 0.00822828 0.00825457 0.00833759 0.00825023 0.00963866 0.00954119 0.0133965 0.00960877 0.00951221 0.00864448 0.0132173 0.0130729 0.0136386 0.00912343 0.0169021 0.0158813 0.139601 0.0246051 0.0310723 0.0141821 0.0114517 0.00983723 0.0440369 0.0171344 0.0820252 0.0186236 0.0938477 0.0184215 0.0220798 0.00387888 0 0.00370556 0.00370126 0.397925 0.0202343 0.0277164 0.00944259 0.0181198 0.0263891 0.0143911 0.0143445 0.00924945 0.009973 0.00962782 0.0126182 0.0135159 0.0111112 0.0099962 0.00883739 0.00893252 0.0101365 0.00963658 0.00872748 0.00835793 0.00875306 0.00900162 0.00903942 0.00866685 0.00842965 0.00868119 0.00819637 
0.00831381 0.0087071 0.0083176 0.00818087 0.00836287 0.00875101 0.00878978 0.00912028 0.00865261 0.00817549 0.00801977 0.00815356 0.00814622 0.0084736 0.00830198 0.0088607 0.0117148 0.0102569 0.0125561 0.0104629 0.00901086 0.0104738 0.0166017 0.0123865 0.013366 0.0102254 0.0411352 0.0214754 0.0734435 0.032069 0.0939517 0.012785 0.0119107 0.0124217 0.0429863 0.0168624 0.0806101 0.025631 0.208396 0.0256517 0.00377173 0.00370556 0 0.00391906 0.016063 0.63291 0.0216481 0.00970898 0.0164216 0.0217202 0.0318848 0.0270997 0.0117323 0.00885876 0.0114706 0.0115735 0.0156902 0.0137886 0.0113113 0.00900816 0.00920501 0.00991096 0.0104647 0.00863463 0.0081295 0.00865633 0.00914878 0.0092677 0.00831922 0.00851717 0.00862086 0.00826276 
0.00829057 0.00841804 0.0081993 0.0084001 0.00827925 0.00835592 0.0084101 0.00860073 0.00828883 0.00860904 0.00810091 0.00842714 0.0082244 0.00851027 0.00832257 0.00963704 0.00906774 0.00915474 0.00946546 0.00932129 0.0100691 0.0149597 0.00960163 0.0110229 0.0165121 0.0163121 0.0108167 0.0202412 0.0207058 0.0209332 0.0266508 0.0590059 0.0159354 0.0218027 0.0111043 0.0148337 0.0182032 0.0222075 0.0262059 0.115797 0.00379098 0.00370126 0.00391906 0 0.0180696 0.0135577 0.480434 0.0112103 0.011438 0.0145918 0.014089 0.0156256 0.0241484 0.0101264 0.0092197 0.00995004 0.0112266 0.0098257 0.0105615 0.0107774 0.0104779 0.00926689 0.00928927 0.00953708 0.00848507 0.00876068 0.00845834 0.00867102 0.00908695 0.00892217 0.00823132 0.00826099 
0.00824975 0.00828567 0.00834216 0.00852645 0.00811794 0.00819098 0.00819457 0.00823403 0.00804584 0.0081751 0.0081844 0.00823854 0.00819766 0.00796178 0.00812313 0.00854418 0.00815998 0.00845372 0.00825288 0.0081705 0.00879844 0.00875705 0.00848209 0.0088756 0.00852084 0.010222 0.00912848 0.0130015 0.0100357 0.00945531 0.00906894 0.0108495 0.00912107 0.0162071 0.0101802 0.0156321 0.0100031 0.0117715 0.00915849 0.015622 0.0518442 0.397925 0.016063 0.0180696 0 0.00370326 0.00379819 0.0365651 0.0132902 0.0154794 0.0103922 0.00986736 0.011278 0.00987853 0.00858128 0.00977365 0.0089356 0.00871464 0.00861094 0.00960076 0.00878505 0.00855429 0.00862064 0.00922085 0.0090999 0.00822779 0.00844055 0.00815167 0.00908185 0.0082271 0.00803715 0.0082213 
0.00832596 0.00848692 0.00831778 0.00811938 0.00822816 0.0082947 0.00838424 0.00852288 0.00825017 0.00806531 0.00802065 0.00809065 0.00805663 0.00812953 0.00804942 0.00812764 0.00888091 0.00833114 0.00840205 0.00831486 0.00830019 0.00832534 0.00849011 0.00863711 0.00908093 0.00825027 0.0150905 0.0092874 0.0106158 0.00989083 0.0136207 0.0086541 0.00953465 0.00857003 0.0360555 0.0089505 0.0118031 0.00921395 0.0243643 0.00888815 0.0255239 0.0202343 0.63291 0.0135577 0.00370326 0 0.00377006 0.009651 0.0350377 0.0112807 0.0195395 0.0200517 0.00993216 0.00818102 0.012306 0.00855876 0.00895494 0.00880757 0.00950598 0.00858159 0.00852357 0.00889426 0.00915653 0.00847896 0.00810669 0.00842705 0.00837525 0.00932243 0.00817057 0.00813309 0.00827858 0.00810265 
0.00832388 0.00829117 0.00818849 0.00841854 0.0080723 0.00813681 0.0082215 0.00809518 0.00806502 0.008084 0.00806013 0.00828393 0.008241 0.00807791 0.0081473 0.00833924 0.0081829 0.008272 0.00825601 0.0081607 0.00813018 0.00933624 0.00820609 0.00833464 0.00830064 0.0122385 0.00873881 0.0105054 0.00975524 0.00954912 0.00934364 0.0106142 0.00912997 0.0268686 0.00900149 0.0114534 0.00940627 0.0126839 0.00961649 0.0195546 0.0129945 0.0277164 0.0216481 0.480434 0.00379819 0.00377006 0 0.0137018 0.0105674 0.0248549 0.0129359 0.0308996 0.0345045 0.0121627 0.00853685 0.00932147 0.00918506 0.00902851 0.00875623 0.00905983 0.0100194 0.00848445 0.00845955 0.00871075 0.00889297 0.00887493 0.00843089 0.00818057 0.00833713 0.00865817 0.00819847 0.00808187 
0.00858831 0.00844114 0.00919963 0.00983196 0.00846565 0.0084098 0.00844402 0.00840053 0.00833013 0.00870676 0.00867194 0.00882102 0.00862417 0.00824299 0.00836156 0.00844943 0.00827115 0.00839029 0.00830169 0.00821457 0.00830716 0.00848686 0.008278 0.00850192 0.0084188 0.00882615 0.00855363 0.00898289 0.00904053 0.00863559 0.00877619 0.00894505 0.00923568 0.0109791 0.0092153 0.00882038 0.00889165 0.00854544 0.00878508 0.0112109 0.0165557 0.00944259 0.00970898 0.0112103 0.0365651 0.009651 0.0137018 0 0.00552429 0.00371414 0.00376851 0.00387843 0.00554684 0.480556 0.0247954 0.0152251 0.0121931 0.0109364 0.0118707 0.0206215 0.0260627 0.0116073 0.0117824 0.0169813 0.0173823 0.0168026 0.00945041 0.00983686 0.0147321 0.0101733 0.00841153 0.0108328 
0.00849817 0.00898197 0.0086483 0.00855161 0.00842186 0.00866287 0.00863073 0.00865207 0.00849437 0.00841359 0.00823785 0.00833878 0.00824781 0.00830432 0.0083212 0.00851864 0.00887395 0.00862647 0.00883783 0.00850246 0.00826482 0.00904495 0.00877527 0.00877851 0.00853609 0.00847038 0.0112345 0.0132701 0.0125056 0.010498 0.0110963 0.00857699 0.00850168 0.00952857 0.0165635 0.0112123 0.015947 0.0105148 0.0120208 0.00922776 0.0210596 0.0181198 0.0164216 0.011438 0.0132902 0.0350377 0.0105674 0.00552429 0 0.00373431 0.00372021 0.00432023 0.00385716 0.0366006 0.543113 0.06399 0.0262853 0.0281484 0.0187643 0.0144731 0.0246158 0.0409798 0.0214856 0.012984 0.0112494 0.0244811 0.0240051 0.0170257 0.0108268 0.0119927 0.0130799 0.00917539 
