1I0CA
KKYAKSKYDFVARNSSELSVMKDDVLEILDDRRQWWKVRNASGDSGFVPNNILDIMRTP
CEEEEECCCECCCCCCECCECCCCEEEEEECCCCEEEEECCCCCEEEEEHHHEEEEECC
0 0 0 0 0 0 0 0 0 0 0 0 0 0 0 0 0 0 0 0 0 0 0 0 0 0 0 0 0 0 0 0 0 0 0 0 0 0 0 0 0 0 0 0 0 0 0 0 0 0 0 0 0 0 0 0 0 0 0 
0 0 0 0 0 0 0 0 0 0 0 0 0 0 0 0 0 0 0 0 0 0 0 0 0 0 0 0 0 0 0 0 0 0 0 0 0 0 0 0 0 0 0 0 0 0 0 0 0 0 0 0 0 0 0 0 0 0 0 
0 0.0046544 0.00383144 0.00459374 0.00554234 0.0111867 0.021164 0.0185514 0.0441089 0.020754 0.0268376 0.0129972 0.0165144 0.017126 0.0190059 0.00916625 0.0142228 0.00937462 0.0329926 0.0163555 0.00939435 0.0146276 0.00879464 0.0218477 0.0121037 0.00927952 0.0101413 0.00986108 0.0182882 
0.0046544 0 0.00378537 0.00377952 0.00376943 0.00733291 0.0101956 0.0173771 0.031345 0.141181 0.039108 0.0394643 0.0147921 0.0129594 0.0110875 0.034071 0.00989394 0.0398922 0.0114874 0.0105707 0.0453819 0.0113139 0.0207275 0.0107861 0.0127896 0.0132003 0.0121112 0.0416367 0.0113479 
0.00383144 0.00378537 0 0.00553991 0.00371903 0.00434985 0.00880609 0.00913697 0.0191014 0.0705047 0.10883 0.0311044 0.0166219 0.00959349 0.0103566 0.012428 0.0257909 0.0119075 0.0104324 0.00993788 0.0131548 0.0380815 0.0105329 0.00980319 0.0104668 0.0127028 0.0442217 0.0120637 0.00974586 
0.00459374 0.00377952 0.00553991 0 0.00377583 0.0120741 0.0109616 0.0112621 0.021743 0.0423309 0.0304572 0.0197026 0.0240641 0.0103557 0.0103294 0.0191803 0.0140471 0.0121111 0.0112116 0.010154 0.019239 0.0176258 0.0119472 0.00894931 0.0118192 0.0489001 0.0125833 0.0110517 0.00920151 
0.00554234 0.00376943 0.00371903 0.00377583 0 0.0268701 0.0123822 0.0198216 0.0297862 0.014384 0.0130101 0.0186203 0.0129475 0.0165057 0.0199845 0.0101679 0.00911691 0.0115006 0.0108602 0.0211131 0.0122474 0.00982596 0.00914614 0.0111535 0.119778 0.00968499 0.00916523 0.00999746 0.0105715 
0.0111867 0.00733291 0.00434985 0.0120741 0.0268701 0 0.0716707 0.509859 0.0151545 0.0175227 0.00911165 0.0128718 0.00954744 0.0260415 0.0100646 0.0122369 0.00838066 0.0130732 0.0146346 0.0110431 0.0152389 0.00877459 0.00986299 0.0177374 0.0193946 0.00887894 0.00855635 0.0109815 0.0144763 
0.021164 0.0101956 0.00880609 0.0109616 0.0123822 0.0716707 0 0.0344223 0.0121091 0.00842759 0.0103687 0.00719394 0.0116533 0.00833459 0.00949571 0.00803599 0.00878424 0.00863959 0.0212907 0.01294 0.00990011 0.0104248 0.00974543 0.0161371 0.0135324 0.00946858 0.00885123 0.00939222 0.0145273 
0.0185514 0.0173771 0.00913697 0.0112621 0.0198216 0.509859 0.0344223 0 0.0141431 0.0116819 0.00410321 0.0199659 0.00612266 0.01161 0.00697394 0.00978538 0.0069795 0.0136394 0.0109013 0.0111657 0.015796 0.00863055 0.00983882 0.0157367 0.0238118 0.00888957 0.00884949 0.0120275 0.0150114 
0.0441089 0.031345 0.0191014 0.021743 0.0297862 0.0151545 0.0121091 0.0141431 0 0.00374078 0.00374986 0.00371587 0.00409347 0.00427922 0.00658622 0.00619905 0.0084313 0.00710956 0.0753387 0.0250749 0.0153912 0.0137228 0.00989118 0.0267279 0.0109648 0.0103185 0.0149521 0.0119297 0.0276343 
0.020754 0.141181 0.0705047 0.0423309 0.014384 0.0175227 0.00842759 0.0116819 0.00374078 0 0.00372367 0.00374554 0.00385266 0.0039726 0.00489964 0.00941823 0.00629084 0.0569851 0.0714612 0.0118237 0.0315359 0.00880986 0.0218006 0.00944395 0.0133745 0.00991422 0.0123352 0.0258265 0.0162701 
0.0268376 0.039108 0.10883 0.0304572 0.0130101 0.00911165 0.0103687 0.00410321 0.00374986 0.00372367 0 0.00375702 0.00372242 0.00371718 0.0128862 0.00543811 0.0716899 0.0521568 0.587664 0.0130185 0.00895567 0.061344 0.00892857 0.00866488 0.00997691 0.0171074 0.0214637 0.0112937 0.0112738 
0.0129972 0.0394643 0.0311044 0.0197026 0.0186203 0.0128718 0.00719394 0.0199659 0.00371587 0.00374554 0.00375702 0 0.00369012 0.00372223 0.00402323 0.106526 0.0451984 0.663641 0.00878876 0.00771754 0.0365872 0.0091367 0.0123903 0.00802955 0.0136345 0.0102721 0.0170305 0.0139465 0.009276 
0.0165144 0.0147921 0.0166219 0.0240641 0.0129475 0.00954744 0.0116533 0.00612266 0.00409347 0.00385266 0.00372242 0.00369012 0 0.00385424 0.0536963 0.0661741 0.0907731 0.0061328 0.00686025 0.0188537 0.00918939 0.0140136 0.00782234 0.00801046 0.00951615 0.0150633 0.0101527 0.00980392 0.00905705 
0.017126 0.0129594 0.00959349 0.0103557 0.0165057 0.0260415 0.00833459 0.01161 0.00427922 0.0039726 0.00371718 0.00372223 0.00385424 0 0.122174 0.0246377 0.00402973 0.00487727 0.0056088 0.00926207 0.0100615 0.00801788 0.00728289 0.00849125 0.0349827 0.00866412 0.00869645 0.009304 0.0114619 
0.0190059 0.0110875 0.0103566 0.0103294 0.0199845 0.0100646 0.00949571 0.00697394 0.00658622 0.00489964 0.0128862 0.00402323 0.0536963 0.122174 0 0.0037522 0.00378239 0.0037879 0.00516705 0.00621608 0.00544278 0.00724036 0.00854505 0.940646 0.00676383 0.00764452 0.00820025 0.00895747 0.0270029 
0.00916625 0.034071 0.012428 0.0191803 0.0101679 0.0122369 0.00803599 0.00978538 0.00619905 0.00941823 0.00543811 0.106526 0.0661741 0.0246377 0.0037522 0 0.00369669 0.00382589 0.00371611 0.00478766 0.0110421 0.00732577 0.965406 0.0116445 0.00784887 0.00729209 0.00898043 0.0256331 0.00870663 
0.0142228 0.00989394 0.0257909 0.0140471 0.00911691 0.00838066 0.00878424 0.0069795 0.0084313 0.00629084 0.0716899 0.0451984 0.0907731 0.00402973 0.00378239 0.00369669 0 0.00368582 0.00383517 0.00631382 0.005768 0.976996 0.00877501 0.00546548 0.00624953 0.00888949 0.0117135 0.00827332 0.00929216 
0.00937462 0.0398922 0.0119075 0.0121111 0.0115006 0.0130732 0.00863959 0.0136394 0.00710956 0.0569851 0.0521568 0.663641 0.0061328 0.00487727 0.0037879 0.00382589 0.00368582 0 0.00377594 0.0078689 0.988252 0.00657996 0.00855858 0.00471088 0.00942462 0.0267274 0.00859482 0.0113025 0.00801192 
0.0329926 0.0114874 0.0104324 0.0112116 0.0108602 0.0146346 0.0212907 0.0109013 0.0753387 0.0714612 0.587664 0.00878876 0.00686025 0.0056088 0.00516705 0.00371611 0.00383517 0.00377594 0 0.994587 0.00546548 0.0120989 0.00461398 0.00522753 0.01374 0.00741623 0.00815536 0.00786577 0.0100441 
0.0163555 0.0105707 0.00993788 0.010154 0.0211131 0.0110431 0.01294 0.0111657 0.0250749 0.0118237 0.0130185 0.00771754 0.0188537 0.00926207 0.00621608 0.00478766 0.00631382 0.0078689 0.994587 0 0.00397762 0.00378062 0.0038378 0.00433548 0.00408263 0.00446775 0.00627969 0.00724114 0.0306535 
0.00939435 0.0453819 0.0131548 0.019239 0.0122474 0.0152389 0.00990011 0.015796 0.0153912 0.0315359 0.00895567 0.0365872 0.00918939 0.0100615 0.00544278 0.0110421 0.005768 0.988252 0.00546548 0.00397762 0 0.00371457 0.00387982 0.00373342 0.00391891 0.00469485 0.00632125 0.017046 0.0108637 
0.0146276 0.0113139 0.0380815 0.0176258 0.00982596 0.00877459 0.0104248 0.00863055 0.0137228 0.00880986 0.061344 0.0091367 0.0140136 0.00801788 0.00724036 0.00732577 0.976996 0.00657996 0.0120989 0.00378062 0.00371457 0 0.00369536 0.0037023 0.00375746 0.00486477 0.0121546 0.00661822 0.0125435 
0.00879464 0.0207275 0.0105329 0.0119472 0.00914614 0.00986299 0.00974543 0.00983882 0.00989118 0.0218006 0.00892857 0.0123903 0.00782234 0.00728289 0.00854505 0.965406 0.00877501 0.00855858 0.00461398 0.0038378 0.00387982 0.00369536 0 0.00412938 0.00381205 0.0133894 0.0050189 0.00541268 0.00564551 
0.0218477 0.0107861 0.00980319 0.00894931 0.0111535 0.0177374 0.0161371 0.0157367 0.0267279 0.00944395 0.00866488 0.00802955 0.00801046 0.00849125 0.940646 0.0116445 0.00546548 0.00471088 0.00522753 0.00433548 0.00373342 0.0037023 0.00412938 0 0.0396333 0.00421978 0.00394652 0.00374181 0.00456088 
0.0121037 0.0127896 0.0104668 0.0118192 0.119778 0.0193946 0.0135324 0.0238118 0.0109648 0.0133745 0.00997691 0.0136345 0.00951615 0.0349827 0.00676383 0.00784887 0.00624953 0.00942462 0.01374 0.00408263 0.00391891 0.00375746 0.00381205 0.0396333 0 0.00370035 0.00372556 0.0037132 0.00431058 
0.00927952 0.0132003 0.0127028 0.0489001 0.00968499 0.00887894 0.00946858 0.00888957 0.0103185 0.00991422 0.0171074 0.0102721 0.0150633 0.00866412 0.00764452 0.00729209 0.00888949 0.0267274 0.00741623 0.00446775 0.00469485 0.00486477 0.0133894 0.00421978 0.00370035 0 0.0036952 0.00372546 0.00373469 
0.0101413 0.0121112 0.0442217 0.0125833 0.00916523 0.00855635 0.00885123 0.00884949 0.0149521 0.0123352 0.0214637 0.0170305 0.0101527 0.00869645 0.00820025 0.00898043 0.0117135 0.00859482 0.00815536 0.00627969 0.00632125 0.0121546 0.0050189 0.00394652 0.00372556 0.0036952 0 0.00374418 0.00380671 
0.00986108 0.0416367 0.0120637 0.0110517 0.00999746 0.0109815 0.00939222 0.0120275 0.0119297 0.0258265 0.0112937 0.0139465 0.00980392 0.009304 0.00895747 0.0256331 0.00827332 0.0113025 0.00786577 0.00724114 0.017046 0.00661822 0.00541268 0.00374181 0.0037132 0.00372546 0.00374418 0 0.00421737 
0.0182882 0.0113479 0.00974586 0.00920151 0.0105715 0.0144763 0.0145273 0.0150114 0.0276343 0.0162701 0.0112738 0.009276 0.00905705 0.0114619 0.0270029 0.00870663 0.00929216 0.00801192 0.0100441 0.0306535 0.0108637 0.0125435 0.00564551 0.00456088 0.00431058 0.00373469 0.00380671 0.00421737 0 
