1I59B
SHMVPISFVFNRFPRMVRDLAKKMNKEVNFIMRGEDTELDRTFVEEIGEPLLHLLRNAIDHGIEPKEERIAKGKPPIGTLILSARHEGNNVVIEVEDDGRGIDKEKIIRKAIEKGLIDESKAATLSDQEILNFLFVPGFSTKEKVSEVSGRGVGMDVVKNVVESLNGSISIESEKDKGTKVTIRLPLT
CCEEECHHHHCCHHHHHHHHHHHCCCCEEEEEECCCCEEEHHHHHHHHHHHHHHHHHHHHHCCCCHHHHHHCCCCCCEEEEEEEEEECCEEEEEEEECCCCCCHHHHHHHHHHCCCCCHHHHCCCCHHHHHHHHHCCCCCCCCCECCCCCCECCHHHHHHHHHHCCCEEEEEEECCCEEEEEEEEECC
0 0 0 0 0 0 0 0 0 0 0 0 0 0 0 0 0 0 0 0 0 0 0 0 0 0 0 0 0 0 0 0 0 0 0 0 0 0 0 0 0 0 0 0 0 0 0 0 0 0 0 0 0 0 0 0 0 0 0 0 0 0 0 0 0 0 0 0 0 0 0 0 0 0 0 0 0 0 0 0 0 0 0 0 0 0 0 0 0 0 0 0 0 0 0 0 0 0 0 0 0 0 0 0 0 0 0 0 0 0 0 0 0 0 0 0 0 0 0 0 0 0 0 0 0 0 0 0 0 0 0 0 0 0 0 0 0 0 0 0 0 0 0 0 0 0 0 0 0 0 0 0 0 0 0 0 0 0 0 0 0 0 0 0 0 0 0 0 0 0 0 0 0 0 0 0 0 0 0 0 0 0 0 0 0 0 0 0 
0 0 0 0 0 0 0 0 0 0 0 0 0 0 0 0 0 0 0 0 0 0 0 0 0 0 0 0 0 0 0 0 0 0 0 0 0 0 0 0 0 0 0 0 0 0 0 0 0 0 0 0 0 0 0 0 0 0 0 0 0 0 0 0 0 0 0 0 0 0 0 0 0 0 0 0 0 0 0 0 0 0 0 0 0 0 0 0 0 0 0 0 0 0 0 0 0 0 0 0 0 0 0 0 0 0 0 0 0 0 0 0 0 0 0 0 0 0 0 0 0 0 0 0 0 0 0 0 0 0 0 0 0 0 0 0 0 0 0 0 0 0 0 0 0 0 0 0 0 0 0 0 0 0 0 0 0 0 0 0 0 0 0 0 0 0 0 0 0 0 0 0 0 0 0 0 0 0 0 0 0 0 0 0 0 0 0 0 
0 0.00395634 0.0039322 0.0260041 0.0313603 0.00973727 0.0195314 0.0095889 0.0212534 0.0356234 0.00928034 0.0679734 0.0101831 0.00897272 0.00906803 0.00950522 0.00861107 0.00910655 0.00824889 0.00855029 0.0080849 0.00915868 0.00950629 0.00848315 0.00916167 0.00879153 0.00963855 0.0083177 0.008721 0.0087668 0.00891145 0.00834863 0.00880032 0.00806547 0.00862379 0.00804861 0.00819524 0.0080298 0.00821567 0.00828931 0.00806302 0.00826822 0.0081711 0.00850878 0.0081369 0.00846994 0.00807464 0.00864446 
0.00395634 0 0.00379358 0.0222944 0.0119348 0.0455408 0.00952794 0.0719719 0.00880625 0.00894862 0.273762 0.00865655 0.00915936 0.0102123 0.00945914 0.00870837 0.00964013 0.00835015 0.00918339 0.00821029 0.00884546 0.00801686 0.00805698 0.0107079 0.00837367 0.00981415 0.00836409 0.00938536 0.00841677 0.00851704 0.00798777 0.00801785 0.00795952 0.00903467 0.00820107 0.00875936 0.0081416 0.00825239 0.00802116 0.00799267 0.00827026 0.00829441 0.00853777 0.00838529 0.00882656 0.00827815 0.00842873 0.00802645 
0.0039322 0.00379358 0 0.0117245 0.0293616 0.00986527 0.0406943 0.0101586 0.023172 0.124751 0.00918567 0.014946 0.0136367 0.0111609 0.00910582 0.0119099 0.00881636 0.010677 0.00846723 0.00882404 0.00812916 0.00846004 0.0144451 0.00889008 0.010529 0.0088535 0.0109676 0.00847897 0.0091416 0.00824284 0.00912918 0.00880503 0.0100478 0.00814351 0.00887905 0.00811215 0.00838276 0.00806945 0.00809924 0.00873007 0.00843246 0.00832294 0.00833575 0.00864743 0.00828153 0.00834385 0.008138 0.00827557 
0.0260041 0.0222944 0.0117245 0 0.00393643 0.00384122 0.003717 0.00447106 0.00473329 0.0066469 0.0091422 0.00984341 0.0795546 0.0109138 0.0209827 0.00987156 0.0172711 0.00897582 0.0150507 0.00844139 0.0093542 0.0103258 0.00936035 0.0187295 0.00911816 0.0196232 0.00895457 0.0185798 0.00865621 0.0180313 0.00900141 0.0092275 0.00799413 0.0112581 0.0080854 0.0107801 0.00801344 0.00868621 0.00816822 0.00915157 0.00819728 0.00822541 0.00999982 0.00818904 0.0114516 0.00817258 0.00934369 0.00849266 
0.0313603 0.0119348 0.0293616 0.00393643 0 0.00369131 0.00365503 0.00380859 0.00392996 0.0073601 0.00609385 0.00581195 0.0107364 0.10316 0.0102808 0.0458586 0.0100127 0.043956 0.00876333 0.0127851 0.00854038 0.00882461 0.0113694 0.00950175 0.04394 0.0106123 0.0597084 0.00877424 0.0203359 0.00845045 0.00839708 0.00803255 0.009363 0.00821478 0.0108273 0.00831839 0.00893966 0.00815745 0.00822893 0.00818145 0.0084872 0.00918382 0.00866521 0.0117636 0.00865535 0.0107398 0.00852474 0.00875096 
0.00973727 0.0455408 0.00986527 0.00384122 0.00369131 0 0.00370866 0.00370227 0.00370335 0.00495049 0.00746454 0.010959 0.0589268 0.0135637 0.150781 0.0178832 0.113352 0.010704 0.0382996 0.00924388 0.00963596 0.00836089 0.00873596 0.0311726 0.0143918 0.168769 0.0122404 0.0724857 0.00915139 0.0113736 0.00807411 0.00817939 0.00811499 0.0112528 0.00853197 0.0116628 0.00841469 0.00853585 0.00817703 0.00827647 0.0087744 0.00910624 0.0117582 0.0089357 0.0139442 0.00874972 0.00900896 0.00828248 
0.0195314 0.00952794 0.0406943 0.003717 0.00365503 0.00370866 0 0.00369522 0.00372455 0.0069854 0.00562254 0.199381 0.01095 0.031825 0.0149563 0.142163 0.0129579 0.0477029 0.00972459 0.0135454 0.00857736 0.00857238 0.00971128 0.0101625 0.0784548 0.015675 0.0761395 0.0107722 0.0155651 0.00861583 0.00800784 0.0079855 0.00862007 0.00834863 0.0104805 0.00850479 0.00874302 0.00821452 0.00811127 0.00821581 0.00837572 0.00921069 0.00897015 0.0110915 0.00886483 0.00985382 0.00848248 0.00828546 
0.0095889 0.0719719 0.0101586 0.00447106 0.00380859 0.00370227 0.00369522 0 0.00381226 0.00617842 0.37594 0.00454633 0.0125578 0.012574 0.0230473 0.0118193 0.0453542 0.00950861 0.0134919 0.00872726 0.00932736 0.00834651 0.00887782 0.0176039 0.0101075 0.0334761 0.0100269 0.0149554 0.00942636 0.00962832 0.00808723 0.00819833 0.00825691 0.00947348 0.00834121 0.0095266 0.00817375 0.0082399 0.00802426 0.00836883 0.00848384 0.00847903 0.00946575 0.0085244 0.00974513 0.00846137 0.00863473 0.00809194 
0.0212534 0.00880625 0.023172 0.00473329 0.00392996 0.00370335 0.00372455 0.00381226 0 0.301038 0.00432564 0.00483786 0.0144854 0.0145242 0.00961799 0.0119479 0.00942999 0.0112941 0.00879937 0.00861127 0.00827599 0.0089475 0.0146965 0.00952056 0.0114598 0.00974726 0.0109842 0.00861543 0.00882462 0.00917945 0.00907445 0.00901714 0.00968829 0.00820447 0.00845115 0.00811814 0.00811781 0.00804893 0.00807749 0.00885639 0.00837219 0.00819927 0.00830904 0.008428 0.00822443 0.00815706 0.00815187 0.00816362 
0.0356234 0.00894862 0.124751 0.0066469 0.0073601 0.00495049 0.0069854 0.00617842 0.301038 0 0.00378329 0.00396125 0.0372032 0.0176686 0.0117421 0.0186863 0.0103238 0.0131884 0.00894511 0.0100081 0.00885537 0.0118713 0.0160485 0.00970598 0.0138491 0.0100978 0.0145393 0.00888195 0.0113543 0.0109472 0.0102244 0.0090932 0.00997312 0.00798855 0.00985813 0.00805316 0.00856995 0.00807428 0.00862916 0.00832731 0.00810558 0.00849966 0.00825894 0.00967623 0.00817471 0.00909701 0.00819222 0.00991605 
0.00928034 0.273762 0.00918567 0.0091422 0.00609385 0.00746454 0.00562254 0.37594 0.00432564 0.00378329 0 0.00370946 0.0140672 0.0172003 0.0165074 0.0108946 0.0143941 0.00922906 0.0113981 0.00865807 0.00998041 0.00862504 0.00896923 0.0163053 0.00917772 0.0138806 0.00892114 0.0113326 0.00915703 0.00977832 0.00845919 0.00822165 0.00822057 0.00932907 0.00818092 0.00876535 0.00812316 0.00844735 0.00800024 0.00829306 0.00841166 0.0082573 0.00858975 0.00830963 0.00890901 0.00824181 0.00831228 0.00808964 
0.0679734 0.00865655 0.014946 0.00984341 0.00581195 0.010959 0.199381 0.00454633 0.00483786 0.00396125 0.00370946 0 0.0164113 0.0125857 0.0103866 0.0159209 0.0109188 0.0150441 0.0093971 0.00924293 0.00890699 0.0102878 0.0137093 0.00927654 0.0109427 0.00944502 0.0109719 0.00899381 0.0100909 0.00969349 0.00923615 0.00876324 0.009443 0.00814017 0.00844878 0.00814014 0.00823544 0.00810466 0.00823142 0.00906635 0.00821618 0.00822221 0.00824493 0.00853537 0.00822882 0.00819974 0.00814418 0.00833114 
0.0101831 0.00915936 0.0136367 0.0795546 0.0107364 0.0589268 0.01095 0.0125578 0.0144854 0.0372032 0.0140672 0.0164113 0 0.00405377 0.00375097 0.00374631 0.00371999 0.00380921 0.00379824 0.00396627 0.00451294 0.00943028 0.00795681 0.010183 0.00937882 0.014741 0.0107482 0.0133381 0.00960179 0.0214561 0.0133023 0.0120397 0.00854739 0.00954931 0.00864521 0.00964577 0.00825537 0.00920888 0.00926042 0.00905265 0.00881974 0.00890796 0.0104713 0.00922445 0.0112831 0.00913882 0.0126537 0.0109263 
0.00897272 0.0102123 0.0111609 0.0109138 0.10316 0.0135637 0.031825 0.012574 0.0145242 0.0176686 0.0172003 0.0125857 0.00405377 0 0.00377421 0.0037123 0.00367394 0.00374223 0.00375119 0.00382922 0.00546417 0.00483409 0.0078256 0.00817987 0.0129581 0.0105147 0.022532 0.00959556 0.018067 0.0153489 0.0151844 0.00860679 0.00893094 0.00925113 0.0143156 0.00969824 0.0104397 0.00878343 0.00867442 0.00843966 0.0102554 0.0109301 0.0114843 0.0198698 0.0111959 0.0186884 0.0103985 0.0100666 
0.00906803 0.00945914 0.00910582 0.0209827 0.0102808 0.150781 0.0149563 0.0230473 0.00961799 0.0117421 0.0165074 0.0103866 0.00375097 0.00377421 0 0.00372945 0.00382182 0.0037358 0.00377197 0.0038749 0.00390055 0.00437179 0.00673011 0.0127927 0.00874551 0.0316809 0.00982255 0.0257245 0.0152314 0.795032 0.0088137 0.00864516 0.00842811 0.0149252 0.0103778 0.0299039 0.00936449 0.00970417 0.00840087 0.00900332 0.0105763 0.0125625 0.0368046 0.0129044 0.0435355 0.0117151 0.015056 0.00891404 
0.00950522 0.00870837 0.0119099 0.00987156 0.0458586 0.0178832 0.142163 0.0118193 0.0119479 0.0186863 0.0108946 0.0159209 0.00374631 0.0037123 0.00372945 0 0.00371018 0.00372799 0.00372545 0.00378378 0.00373674 0.00401563 0.00823481 0.00711828 0.0237618 0.0108446 0.0284205 0.0162527 0.956626 0.0145885 0.0093443 0.0087152 0.0100784 0.00950877 0.0376325 0.0127896 0.0196018 0.00884966 0.00858391 0.00881373 0.0109915 0.0250345 0.0197409 0.0755983 0.0156174 0.048331 0.0129081 0.00969029 
0.00861107 0.00964013 0.00881636 0.0172711 0.0100127 0.113352 0.0129579 0.0453542 0.00942999 0.0103238 0.0143941 0.0109188 0.00371999 0.00367394 0.00382182 0.00371018 0 0.00370384 0.0037096 0.00371445 0.0037598 0.00374129 0.00520761 0.0136539 0.00809197 0.0291691 0.0139959 0.971451 0.0103912 0.0112496 0.00868509 0.00893393 0.00843165 0.0207017 0.00950812 0.0346852 0.00919445 0.010065 0.00834186 0.00908248 0.0114096 0.0129199 0.0848026 0.0129125 0.0572535 0.0113586 0.0175222 0.00888671 
0.00910655 0.00835015 0.010677 0.00897582 0.043956 0.010704 0.0477029 0.00950861 0.0112941 0.0131884 0.00922906 0.0150441 0.00380921 0.00374223 0.0037358 0.00372799 0.00370384 0 0.00369177 0.0037122 0.00369542 0.0037994 0.00923116 0.00503718 0.017752 0.0106707 0.986569 0.00926944 0.0120221 0.0073094 0.00913951 0.00843595 0.010581 0.00847119 0.0286817 0.00929203 0.0152468 0.008417 0.00838381 0.00861392 0.00923666 0.02057 0.0108948 0.0472575 0.00956146 0.0292073 0.00874269 0.00909609 
0.00824889 0.00918339 0.00846723 0.0150507 0.00876333 0.0382996 0.00972459 0.0134919 0.00879937 0.00894511 0.0113981 0.0093971 0.00379824 0.00375119 0.00377197 0.00372545 0.0037096 0.00369177 0 0.00369451 0.00373724 0.00396369 0.00385249 0.0145209 0.00771959 0.984732 0.00818788 0.012706 0.0067752 0.00796155 0.00834679 0.00842521 0.0081853 0.0134675 0.00845092 0.0176274 0.00852905 0.0088116 0.00824872 0.00861843 0.00959256 0.00894684 0.0282828 0.0088953 0.0258702 0.00864717 0.0119481 0.0084231 
0.00855029 0.00821029 0.00882404 0.00844139 0.0127851 0.00924388 0.0135454 0.00872726 0.00861127 0.0100081 0.00865807 0.00924293 0.00396627 0.00382922 0.0038749 0.00378378 0.00371445 0.0037122 0.00369451 0 0.00372079 0.0037106 0.00522418 0.00495466 0.971684 0.00817845 0.0115833 0.0062338 0.0155197 0.00601881 0.008377 0.00819238 0.00864669 0.00832028 0.0114321 0.00841539 0.00941687 0.0082374 0.00815084 0.00821157 0.00836281 0.011113 0.00873288 0.0129313 0.00858473 0.0110823 0.00830778 0.00837159 
0.0080849 0.00884546 0.00812916 0.0093542 0.00854038 0.00963596 0.00857736 0.00932736 0.00827599 0.00885537 0.00998041 0.00890699 0.00451294 0.00546417 0.00390055 0.00373674 0.0037598 0.00369542 0.00373724 0.00372079 0 0.00437388 0.00492084 0.988625 0.00486435 0.00684223 0.00487219 0.00752691 0.00605693 0.0060952 0.00827295 0.00875007 0.00826209 0.00903714 0.00824281 0.00859691 0.00809483 0.00823541 0.0081028 0.00837117 0.00938171 0.00818076 0.00891832 0.00832305 0.00880049 0.00820222 0.00856072 0.00808651 
0.00915868 0.00801686 0.00846004 0.0103258 0.00882461 0.00836089 0.00857238 0.00834651 0.0089475 0.0118713 0.00862504 0.0102878 0.00943028 0.00483409 0.00437179 0.00401563 0.00374129 0.0037994 0.00396369 0.0037106 0.00437388 0 0.997421 0.00657704 0.00400105 0.00388398 0.00453362 0.00444292 0.00536132 0.00557972 0.0101589 0.0102318 0.0108697 0.00833655 0.00915187 0.00817841 0.00815627 0.00802951 0.00820072 0.0120418 0.00827603 0.00822969 0.00818546 0.00838149 0.0082221 0.00815149 0.00801205 0.00825499 
0.00950629 0.00805698 0.0144451 0.00936035 0.0113694 0.00873596 0.00971128 0.00887782 0.0146965 0.0160485 0.00896923 0.0137093 0.00795681 0.0078256 0.00673011 0.00823481 0.00520761 0.00923116 0.00385249 0.00522418 0.00492084 0.997421 0 0.0038367 0.00372227 0.0037081 0.00387248 0.0037878 0.00449315 0.00459613 0.021274 0.0102741 0.0115376 0.0082629 0.0109206 0.00826166 0.00926643 0.00830583 0.0130359 0.0086855 0.00835602 0.00862282 0.00850363 0.0105698 0.00851064 0.0102695 0.00820698 0.0225761 
0.00848315 0.0107079 0.00889008 0.0187295 0.00950175 0.0311726 0.0101625 0.0176039 0.00952056 0.00970598 0.0163053 0.00927654 0.010183 0.00817987 0.0127927 0.00711828 0.0136539 0.00503718 0.0145209 0.00495466 0.988625 0.00657704 0.0038367 0 0.00378497 0.00376982 0.00371094 0.00400417 0.00404528 0.00425682 0.0108111 0.00960363 0.0083382 0.0174148 0.00867657 0.0191579 0.00837073 0.0118437 0.00843661 0.00910901 0.00992208 0.00928692 0.0242462 0.0100071 0.0268795 0.00900578 0.0304709 0.00880108 
0.00916167 0.00837367 0.010529 0.00911816 0.04394 0.0143918 0.0784548 0.0101075 0.0114598 0.0138491 0.00917772 0.0109427 0.00937882 0.0129581 0.00874551 0.0237618 0.00809197 0.017752 0.00771959 0.971684 0.00486435 0.00400105 0.00372227 0.00378497 0 0.00374116 0.00373828 0.00373198 0.00380053 0.00377604 0.0107041 0.00875399 0.0109708 0.00906662 0.0493649 0.0104579 0.0318732 0.00874095 0.00880716 0.00874218 0.0112026 0.0278971 0.0162545 0.0820713 0.0120032 0.125208 0.00897289 0.0105554 
0.00879153 0.00981415 0.0088535 0.0196232 0.0106123 0.168769 0.015675 0.0334761 0.00974726 0.0100978 0.0138806 0.00944502 0.014741 0.0105147 0.0316809 0.0108446 0.0291691 0.0106707 0.984732 0.00817845 0.00684223 0.00388398 0.0037081 0.00376982 0.00374116 0 0.00373659 0.00377205 0.00370324 0.00392069 0.0103661 0.0102232 0.00868208 0.0324585 0.00984549 0.102284 0.00966022 0.0130419 0.00866475 0.010059 0.014175 0.0154059 0.123386 0.0146684 0.22362 0.0120361 0.030161 0.00903648 
0.00963855 0.00836409 0.0109676 0.00895457 0.0597084 0.0122404 0.0761395 0.0100269 0.0109842 0.0145393 0.00892114 0.0109719 0.0107482 0.022532 0.00982255 0.0284205 0.0139959 0.986569 0.00818788 0.0115833 0.00487219 0.00453362 0.00387248 0.00371094 0.00373828 0.00373659 0 0.00371759 0.00370795 0.00370932 0.011558 0.0091599 0.0141778 0.00872995 0.0887763 0.00973776 0.0331187 0.00867595 0.00877302 0.00942042 0.0111136 0.0305384 0.0154335 0.21333 0.0108491 0.0817586 0.00918361 0.0101607 
0.0083177 0.00938536 0.00847897 0.0185798 0.00877424 0.0724857 0.0107722 0.0149554 0.00861543 0.00888195 0.0113326 0.00899381 0.0133381 0.00959556 0.0257245 0.0162527 0.971451 0.00926944 0.012706 0.0062338 0.00752691 0.00444292 0.0037878 0.00400417 0.00373198 0.00377205 0.00371759 0 0.00371533 0.00370168 0.00956341 0.00953784 0.00821541 0.0365705 0.00870119 0.044216 0.00876616 0.0103215 0.00839255 0.00910086 0.0100151 0.0105084 0.121987 0.00986645 0.0683901 0.00917012 0.0168115 0.00864401 
0.008721 0.00841677 0.0091416 0.00865621 0.0203359 0.00915139 0.0155651 0.00942636 0.00882462 0.0113543 0.00915703 0.0100909 0.00960179 0.018067 0.0152314 0.956626 0.0103912 0.0120221 0.0067752 0.0155197 0.00605693 0.00536132 0.00449315 0.00404528 0.00380053 0.00370324 0.00370795 0.00371533 0 0.0037213 0.0101763 0.00951136 0.0220135 0.0087032 0.019259 0.00863021 0.0119462 0.00854186 0.00838466 0.00923581 0.00973895 0.0286489 0.00917017 0.0218459 0.00883578 0.0169461 0.00853703 0.00905791 
0.0087668 0.00851704 0.00824284 0.0180313 0.00845045 0.0113736 0.00861583 0.00962832 0.00917945 0.0109472 0.00977832 0.00969349 0.0214561 0.0153489 0.795032 0.0145885 0.0112496 0.0073094 0.00796155 0.00601881 0.0060952 0.00557972 0.00459613 0.00425682 0.00377604 0.00392069 0.00370932 0.00370168 0.0037213 0 0.0145099 0.0147102 0.00927972 0.0116555 0.00840503 0.011988 0.00835698 0.00888115 0.00831132 0.011105 0.0217019 0.00868556 0.0114492 0.00888479 0.0106646 0.00858167 0.00935857 0.00865138 
0.00891145 0.00798777 0.00912918 0.00900141 0.00839708 0.00807411 0.00800784 0.00808723 0.00907445 0.0102244 0.00845919 0.00923615 0.0133023 0.0151844 0.0088137 0.0093443 0.00868509 0.00913951 0.00834679 0.008377 0.00827295 0.0101589 0.021274 0.0108111 0.0107041 0.0103661 0.011558 0.00956341 0.0101763 0.0145099 0 0.946392 0.0270796 0.0106245 0.0126411 0.00918526 0.010546 0.00900263 0.0136459 0.0278244 0.0106727 0.00966247 0.0092966 0.0107425 0.00965335 0.0106224 0.00905286 0.0199171 
0.00834863 0.00801785 0.00880503 0.0092275 0.00803255 0.00817939 0.0079855 0.00819833 0.00901714 0.0090932 0.00822165 0.00876324 0.0120397 0.00860679 0.00864516 0.0087152 0.00893393 0.00843595 0.00842521 0.00819238 0.00875007 0.0102318 0.0102741 0.00960363 0.00875399 0.0102232 0.0091599 0.00953784 0.00951136 0.0147102 0.946392 0 0.013574 0.0140463 0.00944461 0.0163664 0.00847703 0.0109652 0.0123804 0.0137285 0.0098513 0.00908739 0.0107568 0.0103343 0.0132171 0.00991305 0.0198511 0.0140192 
0.00880032 0.00795952 0.0100478 0.00799413 0.009363 0.00811499 0.00862007 0.00825691 0.00968829 0.00997312 0.00822057 0.009443 0.00854739 0.00893094 0.00842811 0.0100784 0.00843165 0.010581 0.0081853 0.00864669 0.00826209 0.0108697 0.0115376 0.0083382 0.0109708 0.00868208 0.0141778 0.00821541 0.0220135 0.00927972 0.0270796 0.013574 0 0.00403983 0.00434252 0.00365146 0.00482514 0.00386585 0.00957193 0.00593396 0.00667126 0.00838691 0.00749078 0.0147789 0.00941429 0.899213 0.00905974 0.0757763 
0.00806547 0.00903467 0.00814351 0.0112581 0.00821478 0.0112528 0.00834863 0.00947348 0.00820447 0.00798855 0.00932907 0.00814017 0.00954931 0.00925113 0.0149252 0.00950877 0.0207017 0.00847119 0.0134675 0.00832028 0.00903714 0.00833655 0.0082629 0.0174148 0.00906662 0.0324585 0.00872995 0.0365705 0.0087032 0.0116555 0.0106245 0.0140463 0.00403983 0 0.00368844 0.0042014 0.00369175 0.00467678 0.00377937 0.00625703 0.00670547 0.00750927 0.0140491 0.00977884 0.954282 0.00839041 0.0628164 0.00888743 
0.00862379 0.00820107 0.00887905 0.0080854 0.0108273 0.00853197 0.0104805 0.00834121 0.00845115 0.00985813 0.00818092 0.00844878 0.00864521 0.0143156 0.0103778 0.0376325 0.00950812 0.0286817 0.00845092 0.0114321 0.00824281 0.00915187 0.0109206 0.00867657 0.0493649 0.00984549 0.0887763 0.00870119 0.019259 0.00840503 0.0126411 0.00944461 0.00434252 0.00368844 0 0.00369422 0.00397519 0.00370632 0.00401685 0.00506735 0.00667061 0.00967152 0.00887744 0.970815 0.00792701 0.036373 0.00740713 0.0130161 
0.00804861 0.00875936 0.00811215 0.0107801 0.00831839 0.0116628 0.00850479 0.0095266 0.00811814 0.00805316 0.00876535 0.00814014 0.00964577 0.00969824 0.0299039 0.0127896 0.0346852 0.00929203 0.0176274 0.00841539 0.00859691 0.00817841 0.00826166 0.0191579 0.0104579 0.102284 0.00973776 0.044216 0.00863021 0.011988 0.00918526 0.0163664 0.00365146 0.0042014 0.00369422 0 0.00368982 0.00374038 0.00374604 0.0047703 0.00554847 0.00991605 0.963726 0.00731851 0.0576757 0.00770392 0.0134591 0.0075726 
0.00819524 0.0081416 0.00838276 0.00801344 0.00893966 0.00841469 0.00874302 0.00817375 0.00811781 0.00856995 0.00812316 0.00823544 0.00825537 0.0104397 0.00936449 0.0196018 0.00919445 0.0152468 0.00852905 0.00941687 0.00809483 0.00815627 0.00926643 0.00837073 0.0318732 0.00966022 0.0331187 0.00876616 0.0119462 0.00835698 0.010546 0.00847703 0.00482514 0.00369175 0.00397519 0.00368982 0 0.00369385 0.00376206 0.00403285 0.00653442 0.924106 0.00703955 0.0267368 0.0067846 0.014311 0.00662079 0.00872435 
0.0080298 0.00825239 0.00806945 0.00868621 0.00815745 0.00853585 0.00821452 0.0082399 0.00804893 0.00807428 0.00844735 0.00810466 0.00920888 0.00878343 0.00970417 0.00884966 0.010065 0.008417 0.0088116 0.0082374 0.00823541 0.00802951 0.00830583 0.0118437 0.00874095 0.0130419 0.00867595 0.0103215 0.00854186 0.00888115 0.00900263 0.0109652 0.00386585 0.00467678 0.00370632 0.00374038 0.00369385 0 0.00371292 0.00616881 0.918845 0.00705948 0.0178654 0.0058182 0.0138458 0.00614984 0.00831213 0.00665438 
0.00821567 0.00802116 0.00809924 0.00816822 0.00822893 0.00817703 0.00811127 0.00802426 0.00807749 0.00862916 0.00800024 0.00823142 0.00926042 0.00867442 0.00840087 0.00858391 0.00834186 0.00838381 0.00824872 0.00815084 0.0081028 0.00820072 0.0130359 0.00843661 0.00880716 0.00866475 0.00877302 0.00839255 0.00838466 0.00831132 0.0136459 0.0123804 0.00957193 0.00377937 0.00401685 0.00374604 0.00376206 0.00371292 0 0.98181 0.00710382 0.00924079 0.00396689 0.00531349 0.00537192 0.00727007 0.0063371 0.00731405 
0.00828931 0.00799267 0.00873007 0.00915157 0.00818145 0.00827647 0.00821581 0.00836883 0.00885639 0.00832731 0.00829306 0.00906635 0.00905265 0.00843966 0.00900332 0.00881373 0.00908248 0.00861392 0.00861843 0.00821157 0.00837117 0.0120418 0.0086855 0.00910901 0.00874218 0.010059 0.00942042 0.00910086 0.00923581 0.011105 0.0278244 0.0137285 0.00593396 0.00625703 0.00506735 0.0047703 0.00403285 0.00616881 0.98181 0 0.00374193 0.00381537 0.00373102 0.00376086 0.00478368 0.00387588 0.00465729 0.0106639 
0.00806302 0.00827026 0.00843246 0.00819728 0.0084872 0.0087744 0.00837572 0.00848384 0.00837219 0.00810558 0.00841166 0.00821618 0.00881974 0.0102554 0.0105763 0.0109915 0.0114096 0.00923666 0.00959256 0.00836281 0.00938171 0.00827603 0.00835602 0.00992208 0.0112026 0.014175 0.0111136 0.0100151 0.00973895 0.0217019 0.0106727 0.0098513 0.00667126 0.00670547 0.00667061 0.00554847 0.00653442 0.918845 0.00710382 0.00374193 0 0.00372674 0.00369307 0.00371948 0.0037268 0.00395391 0.00423033 0.00473977 
0.00826822 0.00829441 0.00832294 0.00822541 0.00918382 0.00910624 0.00921069 0.00847903 0.00819927 0.00849966 0.0082573 0.00822221 0.00890796 0.0109301 0.0125625 0.0250345 0.0129199 0.02057 0.00894684 0.011113 0.00818076 0.00822969 0.00862282 0.00928692 0.0278971 0.0154059 0.0305384 0.0105084 0.0286489 0.00868556 0.00966247 0.00908739 0.00838691 0.00750927 0.00967152 0.00991605 0.924106 0.00705948 0.00924079 0.00381537 0.00372674 0 0.00371043 0.00370071 0.00371656 0.00438385 0.00372741 0.0040575 
0.0081711 0.00853777 0.00833575 0.00999982 0.00866521 0.0117582 0.00897015 0.00946575 0.00830904 0.00825894 0.00858975 0.00824493 0.0104713 0.0114843 0.0368046 0.0197409 0.0848026 0.0108948 0.0282828 0.00873288 0.00891832 0.00818546 0.00850363 0.0242462 0.0162545 0.123386 0.0154335 0.121987 0.00917017 0.0114492 0.0092966 0.0107568 0.00749078 0.0140491 0.00887744 0.963726 0.00703955 0.0178654 0.00396689 0.00373102 0.00369307 0.00371043 0 0.00371533 0.00425669 0.00372011 0.00376929 0.00389058 
0.00850878 0.00838529 0.00864743 0.00818904 0.0117636 0.0089357 0.0110915 0.0085244 0.008428 0.00967623 0.00830963 0.00853537 0.00922445 0.0198698 0.0129044 0.0755983 0.0129125 0.0472575 0.0088953 0.0129313 0.00832305 0.00838149 0.0105698 0.0100071 0.0820713 0.0146684 0.21333 0.00986645 0.0218459 0.00888479 0.0107425 0.0103343 0.0147789 0.00977884 0.970815 0.00731851 0.0267368 0.0058182 0.00531349 0.00376086 0.00371948 0.00370071 0.00371533 0 0.00370334 0.00376004 0.00370454 0.00384762 
0.0081369 0.00882656 0.00828153 0.0114516 0.00865535 0.0139442 0.00886483 0.00974513 0.00822443 0.00817471 0.00890901 0.00822882 0.0112831 0.0111959 0.0435355 0.0156174 0.0572535 0.00956146 0.0258702 0.00858473 0.00880049 0.0082221 0.00851064 0.0268795 0.0120032 0.22362 0.0108491 0.0683901 0.00883578 0.0106646 0.00965335 0.0132171 0.00941429 0.954282 0.00792701 0.0576757 0.0067846 0.0138458 0.00537192 0.00478368 0.0037268 0.00371656 0.00425669 0.00370334 0 0.00370008 0.00415393 0.00373864 
0.00846994 0.00827815 0.00834385 0.00817258 0.0107398 0.00874972 0.00985382 0.00846137 0.00815706 0.00909701 0.00824181 0.00819974 0.00913882 0.0186884 0.0117151 0.048331 0.0113586 0.0292073 0.00864717 0.0110823 0.00820222 0.00815149 0.0102695 0.00900578 0.125208 0.0120361 0.0817586 0.00917012 0.0169461 0.00858167 0.0106224 0.00991305 0.899213 0.00839041 0.036373 0.00770392 0.014311 0.00614984 0.00727007 0.00387588 0.00395391 0.00438385 0.00372011 0.00376004 0.00370008 0 0.00369279 0.00376988 
0.00807464 0.00842873 0.008138 0.00934369 0.00852474 0.00900896 0.00848248 0.00863473 0.00815187 0.00819222 0.00831228 0.00814418 0.0126537 0.0103985 0.015056 0.0129081 0.0175222 0.00874269 0.0119481 0.00830778 0.00856072 0.00801205 0.00820698 0.0304709 0.00897289 0.030161 0.00918361 0.0168115 0.00853703 0.00935857 0.00905286 0.0198511 0.00905974 0.0628164 0.00740713 0.0134591 0.00662079 0.00831213 0.0063371 0.00465729 0.00423033 0.00372741 0.00376929 0.00370454 0.00415393 0.00369279 0 0.0036946 
0.00864446 0.00802645 0.00827557 0.00849266 0.00875096 0.00828248 0.00828546 0.00809194 0.00816362 0.00991605 0.00808964 0.00833114 0.0109263 0.0100666 0.00891404 0.00969029 0.00888671 0.00909609 0.0084231 0.00837159 0.00808651 0.00825499 0.0225761 0.00880108 0.0105554 0.00903648 0.0101607 0.00864401 0.00905791 0.00865138 0.0199171 0.0140192 0.0757763 0.00888743 0.0130161 0.0075726 0.00872435 0.00665438 0.00731405 0.0106639 0.00473977 0.0040575 0.00389058 0.00384762 0.00373864 0.00376988 0.0036946 0 
