1I7NA
KAKVLLVVDEPHTDWAKCFRGKKILGDYDIKVEQAEFSELNLVAHADGTYAVDMQVLRNGTKVVRSFRPDFVLIRQHAFGMAENEDFRHLVIGMQYAGLPSINSLESIYNFCDKPWVFAQMVAIFKTLGGEKFPLIEQTYYPNHREMLTLPTFPVVVKIGHAHSGMGKVKVENHYDFQDIASVVALTQTYATAEPFIDAKYDIRVQKIGNNYKAYMRTSISGNWKTNTGSAMLEQIAMSDRYKLWVDACSEMFGGLDICAVKAVHGKDGKDYIFEVMDCSMPLIGEHQVEDRQLITDLVISKMNQLLS
CEEEEEEECCCCCCHHHHHCCCEECCCEEEEEEEECHHHEEEEEECCCCEEEEEEECCCCCCEEEEECCCEEEECCCCCCCCCCCCCHHHHHHHHHCCCCEECCHHHHHHCCCHHHHHHHHHHHHHHHCCCCCCECCCEEECCHHHHCCCCCCCEEEEECCCCCCCCEEEECCHHHHHHHHHHHHHHCCCEEEEECCCEEEEEEEEEECCEEEEEEEECCCCCCCCCCCCCCEEEECCCHHHHHHHHHHCCHHHCCCEEEEEEEEECCCCEEEEEEECCCCCCCCCCHHHHHHHHHHHHHHHHHHHCC
0 0 0 0 0 0 0 0 0 0 0 0 0 0 0 0 0 0 0 0 0 0 0 0 0 0 0 0 0 0 0 0 0 0 0 0 0 0 0 0 0 0 0 0 0 0 0 0 0 0 0 0 0 0 0 0 0 0 0 0 0 0 0 0 0 0 0 0 0 0 0 0 0 0 0 0 0 0 0 0 0 0 0 0 0 0 0 0 0 0 0 0 0 0 0 0 0 0 0 0 0 0 0 0 0 0 0 0 0 0 0 0 0 0 0 0 0 0 0 0 0 0 0 0 0 0 0 0 0 0 0 0 0 0 0 0 0 0 0 0 0 0 0 0 0 0 0 0 0 0 0 0 0 0 0 0 0 0 0 0 0 0 0 0 0 0 0 0 0 0 0 0 0 0 0 0 0 0 0 0 0 0 0 0 0 0 0 0 0 0 0 0 0 0 0 0 0 0 0 0 0 0 0 0 0 0 0 0 0 0 0 0 0 0 0 0 0 0 0 0 0 0 0 0 0 0 0 0 0 0 0 0 0 0 0 0 0 0 0 0 0 0 0 0 0 0 0 0 0 0 0 0 0 0 0 0 0 0 0 0 0 0 0 0 0 0 0 0 0 0 0 0 0 0 0 0 0 0 0 0 0 0 0 0 0 0 0 0 0 0 0 0 0 0 0 0 0 0 0 0 0 0 0 0 0 0 0 0 
0 0 0 0 0 0 0 0 0 0 0 0 0 0 0 0 0 0 0 0 0 0 0 0 0 0 0 0 0 0 0 0 0 0 0 0 0 0 0 0 0 0 0 0 0 0 0 0 0 0 0 0 0 0 0 0 0 0 0 0 0 0 0 0 0 0 0 0 0 0 0 0 0 0 0 0 0 0 0 0 0 0 0 0 0 0 0 0 0 0 0 0 0 0 0 0 0 0 0 0 0 0 0 0 0 0 0 0 0 0 0 0 0 0 0 0 0 0 0 0 0 0 0 0 0 0 0 0 0 0 0 0 0 0 0 0 0 0 0 0 0 0 0 0 0 0 0 0 0 0 0 0 0 0 0 0 0 0 0 0 0 0 0 0 0 0 0 0 0 0 0 0 0 0 0 0 0 0 0 0 0 0 0 0 0 0 0 0 0 0 0 0 0 0 0 0 0 0 0 0 0 0 0 0 0 0 0 0 0 0 0 0 0 0 0 0 0 0 0 0 0 0 0 0 0 0 0 0 0 0 0 0 0 0 0 0 0 0 0 0 0 0 0 0 0 0 0 0 0 0 0 0 0 0 0 0 0 0 0 0 0 0 0 0 0 0 0 0 0 0 0 0 0 0 0 0 0 0 0 0 0 0 0 0 0 0 0 0 0 0 0 0 0 0 0 0 0 0 0 0 0 0 0 0 0 0 0 0 
0 0.00428087 0.00379317 0.0038181 0.00385328 0.00421557 0.0103352 0.0763687 0.0253578 0.054585 0.0318997 0.0221605 0.0174284 0.0175089 0.0169777 0.0147813 0.0315093 0.0262221 0.0175111 0.0187979 0.0171641 0.0137785 0.0258533 0.024044 0.0109956 0.0113861 0.0101391 0.0129503 0.0127468 0.0165692 0.0187553 0.00962082 0.0090231 0.00948458 0.0203531 0.027876 0.0183189 0.0113264 0.0180056 0.00919181 0.0098406 0.00907068 0.00857562 0.00814335 0.00864555 0.0090764 0.00868871 0.00898062 0.00857946 0.0086728 0.0082233 0.00815844 0.00834157 0.00920408 0.00849045 0.00827191 0.00838992 0.00827004 0.00833448 0.00859536 0.00830729 0.00835229 0.00821075 0.00880222 0.00841992 0.00873793 0.00828481 0.00840997 0.00875624 0.00807397 0.00823343 0.00819009 0.00825477 0.00822198 0.00823211 0.00824524 0.0086007 0.00834927 0.00823273 0.00819991 0.00836777 0.00843111 0.00837166 0.00841315 0.00836121 0.00839361 0.00846984 0.00832484 0.00829996 0.00878894 0.0083634 0.0084452 0.00846774 0.008408 0.00858006 0.00862107 0.00871931 
0.00428087 0 0.0037921 0.00379283 0.00383231 0.00665671 0.00447398 0.029627 0.0171029 0.0151557 0.0366518 0.0372072 0.0189029 0.0229611 0.0166579 0.0223089 0.0114688 0.0178001 0.0250972 0.0229953 0.0199631 0.026531 0.0132293 0.0128272 0.0238701 0.0110994 0.0145029 0.0131209 0.0161866 0.0111607 0.0137202 0.0128795 0.0096036 0.011515 0.00977148 0.0338256 0.044223 0.0237176 0.0113211 0.00952427 0.00871206 0.00830169 0.00827152 0.0086029 0.0083349 0.00857786 0.00905163 0.00914146 0.00897529 0.00838154 0.00814295 0.00836912 0.00844017 0.00839154 0.00832114 0.00847768 0.00839529 0.0083804 0.00811758 0.00828264 0.00837101 0.00842581 0.00853697 0.00858141 0.00868913 0.00865853 0.00850281 0.00839997 0.00826609 0.00807193 0.0082583 0.00839075 0.00836644 0.00842002 0.00837764 0.0082511 0.00824871 0.00819756 0.00833099 0.00824068 0.0081868 0.0083754 0.00849825 0.00852714 0.00853455 0.00855218 0.00852717 0.0085306 0.00840356 0.00842155 0.00836047 0.00852232 0.00865362 0.00855619 0.00856784 0.00847182 0.00843244 
0.00379317 0.0037921 0 0.00380192 0.00378179 0.00390145 0.00401143 0.0156471 0.0159012 0.0238396 0.0125854 0.0636351 0.0720291 0.0419989 0.0594513 0.0164019 0.0127717 0.0244079 0.0209646 0.0674096 0.0571457 0.0293645 0.013031 0.013309 0.0130148 0.0391822 0.0188149 0.0470169 0.0113728 0.0111622 0.0124733 0.0129673 0.0221815 0.00980128 0.0121518 0.0324395 0.0861947 0.0287027 0.0149739 0.00903303 0.00870687 0.00834624 0.00858465 0.0086677 0.00843388 0.00912302 0.00940737 0.0128247 0.00985445 0.00871824 0.00815063 0.00861761 0.00854551 0.00834132 0.00853483 0.00864328 0.00876891 0.00837015 0.00826351 0.00839604 0.00843176 0.00879536 0.00876674 0.00943329 0.00925443 0.00944635 0.00881744 0.00874119 0.00837518 0.00809407 0.00825647 0.00858617 0.00857307 0.00887436 0.00846594 0.00822173 0.00816964 0.00822808 0.00834208 0.00827493 0.00816258 0.00851396 0.00859024 0.00891388 0.00874341 0.00875632 0.00888136 0.00881361 0.00842674 0.00838264 0.00833402 0.00856129 0.00902574 0.0088917 0.00919053 0.00869674 0.00853147 
0.0038181 0.00379283 0.00380192 0 0.0038306 0.00382885 0.00378516 0.0146177 0.0161469 0.0137719 0.0279548 0.0258953 0.0621427 0.14538 0.0567445 0.0226114 0.0120868 0.0157965 0.0366325 0.0961642 0.117811 0.0347705 0.0150508 0.0126441 0.0254043 0.0303245 0.057852 0.0282207 0.018768 0.0108393 0.0127583 0.0225927 0.0203754 0.015942 0.0100978 0.0507572 0.121805 0.0619298 0.0195554 0.010425 0.00902313 0.00849468 0.00892681 0.00912522 0.00870998 0.00946652 0.0125617 0.0154048 0.0114158 0.00912339 0.00829797 0.00872374 0.00874895 0.00846079 0.00866997 0.00913699 0.00892838 0.00853626 0.00828447 0.00863019 0.00859459 0.00904349 0.0093404 0.00989899 0.00981287 0.0102789 0.00915781 0.00909408 0.00868694 0.00815551 0.00838451 0.00876906 0.00883687 0.008805 0.00855664 0.00830291 0.00819512 0.00829568 0.00835663 0.00837427 0.00819582 0.00881449 0.00888118 0.00921738 0.00896909 0.0089944 0.00929487 0.00917097 0.00854801 0.00843167 0.00842021 0.00877375 0.00943466 0.00907389 0.00936717 0.00888008 0.00881662 
0.00385328 0.00383231 0.00378179 0.0038306 0 0.00375 0.0037245 0.0149908 0.018578 0.0178875 0.0142112 0.043384 0.0557021 0.0711348 0.122617 0.0222502 0.0130081 0.0169986 0.0244181 0.104508 0.0876505 0.0520362 0.0159257 0.0138046 0.0177804 0.0618678 0.0180734 0.0481568 0.0138223 0.0130969 0.0121594 0.0156101 0.03015 0.0134552 0.0122936 0.0298935 0.128703 0.0605958 0.0220141 0.0103691 0.00938804 0.00868951 0.00903723 0.00972879 0.00912167 0.00988036 0.0115197 0.0168121 0.0116998 0.00964673 0.00835662 0.00870935 0.00876981 0.00845814 0.00893642 0.0089351 0.00912572 0.00864672 0.00841608 0.00880572 0.00862057 0.00923402 0.00928654 0.010264 0.0100545 0.00984926 0.00950084 0.00925301 0.00863811 0.0082981 0.00844342 0.00884667 0.00891281 0.00894552 0.00860416 0.00836145 0.00826669 0.00834029 0.00846215 0.00843821 0.00821881 0.00903055 0.00887213 0.00930763 0.00920876 0.00909858 0.0094213 0.00924009 0.00865452 0.00852857 0.00856932 0.00888704 0.009456 0.00918666 0.00953733 0.00925086 0.00884826 
0.00421557 0.00665671 0.00390145 0.00382885 0.00375 0 0.00378692 0.024955 0.0378932 0.0141328 0.0288728 0.0175357 0.0333888 0.02911 0.0375711 0.145926 0.0147438 0.0149969 0.0328026 0.0303537 0.0457454 0.121086 0.0212116 0.0129576 0.0240081 0.0138976 0.018375 0.0127065 0.0279006 0.0110719 0.0128244 0.0119541 0.0111578 0.0160547 0.0096316 0.0216225 0.0470258 0.147356 0.0221816 0.0126715 0.00978326 0.00874317 0.00934187 0.00943711 0.00881431 0.00914343 0.0105533 0.0123879 0.0114624 0.00901207 0.00825128 0.00875358 0.00865065 0.00829878 0.00864338 0.00877529 0.00850863 0.00861009 0.00827917 0.00849043 0.0085174 0.00875522 0.00877991 0.00897319 0.00906192 0.00914324 0.00890111 0.0091288 0.00832517 0.00814081 0.00826558 0.00846765 0.00848415 0.00868396 0.00834023 0.00818314 0.00815614 0.00832049 0.00837909 0.00827106 0.00816785 0.00863368 0.00877753 0.00903888 0.0088259 0.00884304 0.00902324 0.00910174 0.00862502 0.00842135 0.00851732 0.00875554 0.00923472 0.00905957 0.00912132 0.00903104 0.00875333 
0.0103352 0.00447398 0.00401143 0.00378516 0.0037245 0.00378692 0 0.0868153 0.0314799 0.0338724 0.0131035 0.0345818 0.0122851 0.0179429 0.0162895 0.0212293 0.0983397 0.0293336 0.0127048 0.0210034 0.0160127 0.0235855 0.0339375 0.0299873 0.0104529 0.0119759 0.00938669 0.0127691 0.00985274 0.0179992 0.0243311 0.0101561 0.00984038 0.00959682 0.0156903 0.0253255 0.0182415 0.0201725 0.0528684 0.0122079 0.0100474 0.0101884 0.0108965 0.00856524 0.00861723 0.0106596 0.00925349 0.00943407 0.00859767 0.00942973 0.00888753 0.00853667 0.00816742 0.00842082 0.00929156 0.0084159 0.0084119 0.00815585 0.00815184 0.00882981 0.00832165 0.00830333 0.00830344 0.00845869 0.00858177 0.00856417 0.00825264 0.00830313 0.00827204 0.00836648 0.00817323 0.00818884 0.00826473 0.00837416 0.0083235 0.00808769 0.00812361 0.00882936 0.00832482 0.00815193 0.00813911 0.00879159 0.00844177 0.00854561 0.00841295 0.00842518 0.00852582 0.00855421 0.00833065 0.00836432 0.00871809 0.00857176 0.00867003 0.00865091 0.00849881 0.00854031 0.00855834 
0.0763687 0.029627 0.0156471 0.0146177 0.0149908 0.024955 0.0868153 0 0.00904715 0.00835772 0.733236 0.00733764 0.015645 0.00587838 0.00757299 0.00996541 0.00987018 0.00854286 0.0132226 0.00847184 0.00933676 0.0102427 0.0169299 0.0137694 0.0174929 0.00833706 0.0108507 0.00843788 0.0163873 0.0111304 0.0210062 0.0108518 0.0090066 0.0114478 0.0109402 0.0154989 0.0115515 0.0102172 0.0118805 0.0106658 0.00942459 0.00967475 0.0091092 0.00826642 0.00838647 0.00865051 0.00849665 0.0082775 0.0085255 0.00832712 0.00869444 0.00824142 0.00872689 0.00855026 0.00831306 0.0082881 0.0081699 0.00812705 0.00822812 0.00818625 0.00876252 0.00814859 0.00822004 0.00817726 0.00825866 0.00817676 0.00815424 0.00826 0.00827088 0.00834898 0.0082262 0.00825198 0.00812511 0.00812454 0.00819336 0.00812285 0.00828767 0.00819934 0.0082309 0.00825872 0.0081686 0.00815708 0.0082326 0.00822025 0.00818103 0.0082817 0.00825825 0.00821178 0.00820711 0.00829468 0.0082727 0.0083112 0.00831799 0.00830407 0.00827368 0.00828342 0.00828696 
0.0253578 0.0171029 0.0159012 0.0161469 0.018578 0.0378932 0.0314799 0.00904715 0 0.864451 0.00431603 0.00693625 0.00440266 0.00670095 0.00583251 0.00783281 0.0103409 0.0135256 0.00869008 0.00919123 0.00859004 0.0124837 0.0110947 0.0313177 0.00920087 0.0122114 0.00835187 0.0123013 0.00924065 0.0145024 0.0211084 0.010841 0.0089296 0.00900892 0.0177552 0.0175935 0.0129443 0.0102743 0.0117449 0.0132573 0.00961811 0.00993738 0.00912643 0.00825381 0.00817972 0.0102687 0.00838898 0.00877358 0.0081863 0.00838518 0.00859249 0.00870586 0.00804429 0.0104209 0.00871175 0.00814776 0.00810515 0.00803326 0.00815943 0.0096868 0.00808601 0.00845165 0.00809668 0.00826828 0.0081411 0.00830695 0.00811465 0.00805306 0.0082359 0.00812395 0.00818846 0.00803129 0.00809096 0.00810875 0.00800948 0.0080609 0.00812779 0.00911612 0.00808194 0.00809274 0.00839822 0.00859666 0.00829352 0.00831879 0.00829633 0.00828454 0.00844689 0.00821639 0.00815583 0.00854773 0.00847947 0.00844785 0.00839212 0.00849172 0.00824562 0.00831113 0.00831583 
0.054585 0.0151557 0.0238396 0.0137719 0.0178875 0.0141328 0.0338724 0.00835772 0.864451 0 0.00373807 0.00403446 0.00373936 0.00427848 0.00389331 0.00423112 0.00958269 0.00728468 0.00614175 0.00939224 0.00836538 0.0126568 0.0245699 0.0214605 0.00885649 0.0140263 0.00833348 0.015529 0.00895202 0.0566458 0.0215563 0.0116515 0.00991518 0.0091909 0.0477991 0.0220424 0.0156232 0.0103881 0.0262472 0.00909053 0.0118288 0.00966928 0.00843304 0.00832245 0.00883659 0.0102366 0.00837969 0.00925192 0.00851621 0.00951142 0.00813239 0.00847406 0.00821698 0.014287 0.00842207 0.00821717 0.00849224 0.00814155 0.00830505 0.00980048 0.00811587 0.00897267 0.00818659 0.00914391 0.00832063 0.00864534 0.00838704 0.00824158 0.00877361 0.00800503 0.00840118 0.00820247 0.00828847 0.00821518 0.00826741 0.008321 0.00875082 0.00872538 0.00816001 0.00819586 0.00872722 0.00884182 0.0085254 0.00851973 0.0086793 0.0086265 0.0085938 0.00858982 0.00833201 0.0089671 0.00859103 0.00859608 0.00859939 0.00877719 0.00854905 0.00860143 0.00845428 
0.0318997 0.0366518 0.0125854 0.0279548 0.0142112 0.0288728 0.0131035 0.733236 0.00431603 0.00373807 0 0.00367511 0.0037509 0.0036928 0.00371745 0.00439067 0.00374831 0.00507596 0.00751816 0.00725504 0.00957735 0.0134091 0.0130879 0.00825882 0.0294435 0.00818292 0.02674 0.0082747 0.0549637 0.00864018 0.0107145 0.0112555 0.00906197 0.0303092 0.00861869 0.0139751 0.0182962 0.0243348 0.00958562 0.0100032 0.00856893 0.00831527 0.00844852 0.0084694 0.00830289 0.00833245 0.00982728 0.00871375 0.0101366 0.00818402 0.00814376 0.00826269 0.00967084 0.00810816 0.00824099 0.0086892 0.00831642 0.00837968 0.00816581 0.00811386 0.00901731 0.00827386 0.00897864 0.00830624 0.00995482 0.00843012 0.00842428 0.00851611 0.00817894 0.00821417 0.00821479 0.00847433 0.00821919 0.008384 0.0082453 0.00828157 0.00817978 0.0080658 0.00828143 0.00822981 0.00818661 0.0082592 0.00841349 0.00839 0.00834553 0.00843645 0.00837819 0.00831199 0.00832134 0.00825173 0.00829037 0.00847415 0.00854399 0.00842294 0.00845675 0.00838118 0.00830149 
0.0221605 0.0372072 0.0636351 0.0258953 0.043384 0.0175357 0.0345818 0.00733764 0.00693625 0.00403446 0.00367511 0 0.00369608 0.00379644 0.00370554 0.0037222 0.00416588 0.00711686 0.00586395 0.0128108 0.0084546 0.0124535 0.00966536 0.0177072 0.00831667 0.0393971 0.00818424 0.0732688 0.00848559 0.0152277 0.0124875 0.0120047 0.0156035 0.00860273 0.0164089 0.0162613 0.0300536 0.013202 0.0129799 0.0089119 0.00952163 0.00844374 0.00831821 0.0087862 0.00846006 0.0107162 0.00939253 0.0180219 0.00903148 0.00900821 0.00816312 0.00935084 0.00822197 0.0112998 0.00876476 0.00842344 0.00905504 0.00830686 0.00819397 0.0101882 0.00821547 0.0107363 0.00846577 0.0120105 0.00891219 0.00985118 0.00891078 0.00856063 0.00845416 0.00814137 0.00854268 0.00836859 0.00857534 0.00863755 0.00841661 0.00822525 0.00822354 0.00864231 0.00823816 0.00820798 0.00831155 0.00922986 0.008591 0.00868216 0.00870797 0.00880087 0.00875349 0.00874859 0.00846694 0.0084076 0.00855178 0.00853392 0.00870215 0.0089683 0.00881888 0.00872036 0.0085741 
0.0174284 0.0189029 0.0720291 0.0621427 0.0557021 0.0333888 0.0122851 0.015645 0.00440266 0.00373936 0.0037509 0.00369608 0 0.00369079 0.00372259 0.00371781 0.00372076 0.00411549 0.00782047 0.00747567 0.0166316 0.0191362 0.0115597 0.00857517 0.0215604 0.00827669 0.0678182 0.00846473 0.0290758 0.00856028 0.0128259 0.0125991 0.0106814 0.0198727 0.00866053 0.0216308 0.0246356 0.0272238 0.0100436 0.00993296 0.00857156 0.00839877 0.00933508 0.00848354 0.00865955 0.00875153 0.0116906 0.0103521 0.0127451 0.00845921 0.00846394 0.00829772 0.00981059 0.0081277 0.00841457 0.00873451 0.00866012 0.00838803 0.00820785 0.00816492 0.0092145 0.0084798 0.00979088 0.00896268 0.0114265 0.00900602 0.00870822 0.00865497 0.00817967 0.00839128 0.0082729 0.0085394 0.00865888 0.00846876 0.00874885 0.00819702 0.00821782 0.00816008 0.00830045 0.00823901 0.00814749 0.00830736 0.00854604 0.00857453 0.00843453 0.00850646 0.00854158 0.00843427 0.00830837 0.0081723 0.00827663 0.00841286 0.00878391 0.00850299 0.00859775 0.00844722 0.00837153 
0.0175089 0.0229611 0.0419989 0.14538 0.0711348 0.02911 0.0179429 0.00587838 0.00670095 0.00427848 0.0036928 0.00379644 0.00369079 0 0.003698 0.00368972 0.00376891 0.00433592 0.0052623 0.011861 0.0123231 0.0129282 0.00723194 0.0123951 0.00850266 0.0441012 0.008131 0.0454967 0.00862909 0.0119095 0.0114902 0.0122427 0.0147327 0.00895036 0.0158578 0.0175948 0.0325965 0.0199904 0.0151408 0.00897878 0.00917339 0.00835091 0.00828591 0.00874576 0.0084827 0.00961126 0.00938843 0.0161534 0.00945251 0.00872423 0.00802132 0.00866642 0.0083358 0.00919097 0.00842685 0.00850919 0.00875954 0.00837788 0.00818287 0.00925663 0.00827073 0.0093732 0.00877922 0.0101895 0.00932926 0.00962739 0.00904345 0.00863971 0.00852766 0.00819351 0.00839741 0.00851258 0.00853596 0.00902055 0.00839649 0.00841981 0.00808002 0.00823914 0.00820584 0.00825242 0.00812708 0.0089021 0.0084681 0.0089137 0.00865914 0.0088119 0.00858547 0.00875735 0.00829824 0.00825383 0.00844155 0.00848277 0.008776 0.00899826 0.00890819 0.00875597 0.00853645 
0.0169777 0.0166579 0.0594513 0.0567445 0.122617 0.0375711 0.0162895 0.00757299 0.00583251 0.00389331 0.00371745 0.00370554 0.00372259 0.003698 0 0.00369707 0.00371027 0.00376786 0.00609761 0.0107915 0.0233003 0.0087692 0.00786825 0.00845304 0.0158497 0.00876992 0.0226785 0.00883397 0.0134145 0.00925918 0.0109273 0.0108935 0.0121309 0.0117933 0.00930124 0.0156154 0.0357827 0.0305201 0.0112078 0.0092034 0.00902468 0.00833496 0.00866704 0.00862891 0.0086299 0.00871563 0.0104127 0.0125394 0.0106139 0.00866455 0.0080701 0.0083991 0.00863969 0.00820159 0.00849862 0.00847682 0.00858654 0.0084512 0.0081984 0.00822065 0.00844954 0.00880878 0.0089423 0.00947807 0.00934994 0.00936138 0.00872551 0.00864711 0.00819699 0.00809799 0.00824819 0.00849921 0.00867225 0.00854051 0.00836357 0.00819509 0.00814025 0.0081593 0.00825297 0.00822249 0.00808126 0.00829702 0.00861117 0.00860004 0.00855024 0.00850355 0.00863924 0.00848103 0.00832354 0.00821253 0.00828895 0.00836961 0.00899756 0.00855414 0.00855264 0.00842184 0.0084192 
0.0147813 0.0223089 0.0164019 0.0226114 0.0222502 0.145926 0.0212293 0.00996541 0.00783281 0.00423112 0.00439067 0.0037222 0.00371781 0.00368972 0.00369707 0 0.0037659 0.00390976 0.0118705 0.0100503 0.00816242 0.00989445 0.00841549 0.0131384 0.0218025 0.00861561 0.00879437 0.0105931 0.013878 0.0105778 0.0125868 0.01206 0.00930929 0.0138938 0.00943959 0.0138901 0.0254447 0.0457344 0.0144426 0.0108914 0.00951332 0.00849503 0.00939273 0.00889299 0.00839887 0.00921744 0.00943673 0.00959372 0.00957299 0.00846185 0.0081907 0.00864996 0.00840911 0.00805654 0.0083702 0.0084321 0.00842308 0.0082975 0.00808633 0.00814619 0.00833839 0.00842992 0.00873241 0.00851571 0.00900092 0.00872813 0.00863254 0.00856523 0.008148 0.00797126 0.00822405 0.00854181 0.00835002 0.00849719 0.0082076 0.0081787 0.00800558 0.00811872 0.00820843 0.00817434 0.00805226 0.00842664 0.0083201 0.00849489 0.008351 0.00844955 0.00844548 0.00833402 0.00821441 0.00816843 0.00844433 0.00839715 0.00851293 0.0083663 0.00837496 0.00839289 0.00823549 
0.0315093 0.0114688 0.0127717 0.0120868 0.0130081 0.0147438 0.0983397 0.00987018 0.0103409 0.00958269 0.00374831 0.00416588 0.00372076 0.00376891 0.00371027 0.0037659 0 0.0325497 0.00410824 0.00588013 0.00502567 0.00549247 0.00734042 0.0206645 0.00784443 0.00849838 0.00719861 0.0106977 0.00926834 0.048134 0.0205727 0.00943974 0.00923159 0.00878726 0.0270779 0.0222684 0.0130987 0.0112016 0.0316881 0.0113082 0.009673 0.0124356 0.0104879 0.00852444 0.00868675 0.0104445 0.00859589 0.00924934 0.00833419 0.00888722 0.00903678 0.00845564 0.008048 0.00996094 0.00924864 0.00822952 0.00886615 0.00817109 0.00815733 0.00938392 0.00810055 0.00857985 0.00833889 0.0087421 0.00830544 0.00867533 0.0084562 0.00814859 0.00834305 0.0082577 0.00826131 0.00849988 0.0082203 0.00843181 0.00847935 0.00807117 0.00818408 0.00906195 0.00823009 0.00814824 0.00814577 0.0087352 0.00836446 0.00844091 0.00828212 0.00831864 0.00851551 0.00832425 0.00819325 0.00851618 0.00853605 0.00837598 0.00845497 0.00845729 0.0083847 0.00831525 0.00832838 
0.0262221 0.0178001 0.0244079 0.0157965 0.0169986 0.0149969 0.0293336 0.00854286 0.0135256 0.00728468 0.00507596 0.00711686 0.00411549 0.00433592 0.00376786 0.00390976 0.0325497 0 0.00371218 0.00370028 0.00369832 0.00371371 0.00395684 0.00584344 0.00546887 0.00803894 0.00565651 0.206992 0.0543621 0.0985641 0.0154691 0.0105447 0.0092027 0.00923283 0.0510176 0.0188788 0.0203488 0.0129201 0.0397735 0.0101779 0.0245111 0.0105171 0.00868776 0.00883611 0.00995373 0.0109295 0.00905565 0.0102936 0.00890546 0.0100657 0.00806643 0.00858831 0.00844527 0.0138734 0.00865707 0.00820874 0.00857047 0.00822327 0.0083232 0.0101167 0.00801351 0.00874078 0.00821544 0.00915708 0.00840138 0.0088192 0.00832047 0.0082265 0.00893802 0.0079473 0.00811104 0.00805263 0.00826459 0.00826603 0.0081495 0.00815719 0.00833513 0.00823544 0.00798904 0.00811841 0.00828663 0.00889459 0.00828712 0.00851539 0.00834784 0.00836101 0.00828921 0.00826573 0.00809488 0.0085441 0.00819992 0.00820174 0.00834784 0.00841532 0.0082427 0.00824541 0.00831607 
0.0175111 0.0250972 0.0209646 0.0366325 0.0244181 0.0328026 0.0127048 0.0132226 0.00869008 0.00614175 0.00751816 0.00586395 0.00782047 0.0052623 0.00609761 0.0118705 0.00410824 0.00371218 0 0.0036931 0.0036917 0.00371964 0.00379599 0.00522881 0.00733138 0.0061674 0.359129 0.0437369 0.0678063 0.00879136 0.0159422 0.00970818 0.00900822 0.0144824 0.0104148 0.0219979 0.0278739 0.030219 0.0116641 0.0123793 0.00944005 0.00866041 0.00883608 0.00870142 0.00891861 0.00876084 0.0104336 0.0102867 0.0115283 0.00916272 0.00821863 0.00831715 0.00910776 0.00832043 0.00855554 0.00919745 0.00858434 0.00844642 0.00849233 0.00821071 0.0086064 0.00863365 0.00995984 0.00911056 0.0104528 0.00906153 0.00878284 0.00881458 0.0083581 0.00811652 0.00829562 0.00862549 0.00845343 0.00868305 0.00834916 0.00826288 0.00811989 0.00806778 0.00835591 0.00830312 0.0080749 0.00847622 0.0085472 0.00853174 0.00845095 0.00853006 0.00851978 0.00842473 0.00836419 0.00815075 0.00829088 0.00847872 0.0086287 0.00848795 0.00845642 0.00851248 0.00829098 
0.0187979 0.0229953 0.0674096 0.0961642 0.104508 0.0303537 0.0210034 0.00847184 0.00919123 0.00939224 0.00725504 0.0128108 0.00747567 0.011861 0.0107915 0.0100503 0.00588013 0.00370028 0.0036931 0 0.00369942 0.00370246 0.00381877 0.00749685 0.00716724 0.420705 0.0327857 0.0600248 0.00833846 0.00931768 0.0125303 0.012256 0.0141421 0.0104617 0.0108468 0.0222567 0.0723763 0.0271518 0.0182624 0.0096748 0.0109107 0.00871373 0.0089257 0.00940445 0.00881439 0.00996415 0.0110671 0.0261071 0.0118138 0.00975529 0.00819686 0.0088545 0.00858326 0.00877107 0.00869543 0.00880817 0.00937588 0.00857292 0.0082624 0.00871049 0.00852353 0.00946877 0.00939739 0.0115121 0.00954862 0.0107078 0.00941025 0.00890637 0.00840436 0.00809547 0.00855715 0.00867227 0.00896345 0.00904691 0.00854313 0.00830981 0.00817021 0.00819281 0.00830575 0.00830402 0.00809678 0.00878131 0.00853415 0.00898555 0.00886188 0.00892055 0.00894197 0.00892096 0.00844878 0.00820659 0.00863654 0.00856409 0.00892422 0.00865194 0.00897549 0.00872844 0.00871268 
0.0171641 0.0199631 0.0571457 0.117811 0.0876505 0.0457454 0.0160127 0.00933676 0.00859004 0.00836538 0.00957735 0.0084546 0.0166316 0.0123231 0.0233003 0.00816242 0.00502567 0.00369832 0.0036917 0.00369942 0 0.00370098 0.00371342 0.00507857 0.39598 0.0613105 0.0477205 0.00913982 0.0108861 0.00812466 0.0105497 0.0117757 0.017575 0.0109699 0.010009 0.0211104 0.0413253 0.0478628 0.016021 0.0109024 0.0102134 0.00866423 0.00893795 0.00904055 0.00950554 0.00926843 0.0131585 0.0201776 0.0130433 0.0096194 0.00819319 0.00849443 0.0088748 0.00841323 0.00879681 0.00889784 0.00900172 0.00855691 0.00829623 0.00833996 0.00853399 0.00889972 0.00981908 0.0097405 0.0109486 0.00951993 0.00918383 0.00900827 0.0083089 0.00821313 0.0083796 0.00880345 0.0086822 0.00881449 0.00842286 0.00826862 0.00814208 0.00813016 0.00824487 0.00828296 0.00805236 0.00845636 0.00862024 0.00883306 0.00871262 0.00883072 0.00884614 0.00881539 0.0083803 0.00818687 0.0083603 0.00855863 0.00891408 0.00870529 0.00878712 0.00859434 0.00858497 
0.0137785 0.026531 0.0293645 0.0347705 0.0520362 0.121086 0.0235855 0.0102427 0.0124837 0.0126568 0.0134091 0.0124535 0.0191362 0.0129282 0.0087692 0.00989445 0.00549247 0.00371371 0.00371964 0.00370246 0.00370098 0 0.00374937 0.345018 0.0698501 0.0391561 0.0069366 0.00921602 0.00901384 0.00956617 0.012832 0.0130742 0.0100556 0.012816 0.0114 0.0164627 0.0527447 0.0748156 0.0344198 0.0128608 0.0143977 0.00912523 0.00975767 0.0113272 0.00916452 0.00965664 0.0112993 0.0158755 0.0131182 0.00974487 0.00829756 0.00893275 0.00842884 0.00834095 0.00870797 0.00884599 0.00881556 0.00855575 0.00819223 0.00845076 0.00873811 0.00904565 0.0090418 0.0098245 0.00971537 0.00956345 0.00958886 0.00906331 0.00833825 0.00800678 0.00847378 0.00867604 0.00870766 0.00878499 0.00842771 0.0083687 0.00807577 0.00811432 0.00833542 0.00840158 0.00808968 0.00851499 0.00848433 0.00874405 0.00861671 0.00862168 0.00867112 0.00874352 0.00839236 0.00820077 0.00846151 0.00849519 0.00886973 0.00869036 0.00870547 0.0086505 0.00834023 
0.0258533 0.0132293 0.013031 0.0150508 0.0159257 0.0212116 0.0339375 0.0169299 0.0110947 0.0245699 0.0130879 0.00966536 0.0115597 0.00723194 0.00786825 0.00841549 0.00734042 0.00395684 0.00379599 0.00381877 0.00371342 0.00374937 0 0.127375 0.0240255 0.00441106 0.005056 0.00611912 0.0084917 0.00873336 0.0199747 0.00970126 0.00949496 0.0106556 0.0139392 0.0292983 0.0142013 0.0323193 0.0406196 0.0196851 0.0111665 0.01251 0.013227 0.00882502 0.0101667 0.0120331 0.00981251 0.00979747 0.00944143 0.0102787 0.00952123 0.00852683 0.00837352 0.00866984 0.00976691 0.00849314 0.00847995 0.00832532 0.00836182 0.00929818 0.00847871 0.00831601 0.00845462 0.00851917 0.00863519 0.00869931 0.00851156 0.00831594 0.00861129 0.00875798 0.00840067 0.00833806 0.00825782 0.00867264 0.00838315 0.00820209 0.00834575 0.00874237 0.00821873 0.00815447 0.00818653 0.00841942 0.00833516 0.00845738 0.00829263 0.00830724 0.00840677 0.00830967 0.00814042 0.00831716 0.0084399 0.00845437 0.00858384 0.00837232 0.00832473 0.00833933 0.00826216 
0.024044 0.0128272 0.013309 0.0126441 0.0138046 0.0129576 0.0299873 0.0137694 0.0313177 0.0214605 0.00825882 0.0177072 0.00857517 0.0123951 0.00845304 0.0131384 0.0206645 0.00584344 0.00522881 0.00749685 0.00507857 0.345018 0.127375 0 0.00371157 0.00374811 0.00370731 0.00413065 0.00385079 0.0131011 0.0123968 0.00859656 0.00920361 0.00867217 0.106297 0.0211966 0.0255255 0.0111771 0.0312735 0.0115068 0.0150293 0.0113782 0.00863987 0.00883282 0.0101568 0.0110577 0.00867859 0.00943764 0.00871789 0.0103317 0.00820065 0.00867334 0.00854226 0.0157181 0.00854406 0.00821198 0.0083228 0.00812138 0.00851994 0.00961086 0.00811326 0.00877648 0.00819478 0.0089755 0.00826094 0.00917522 0.00828023 0.00832272 0.00897131 0.00808754 0.00824864 0.00810138 0.0082759 0.00822535 0.00822264 0.0082889 0.00863428 0.00883537 0.00811801 0.00819514 0.00862511 0.00870665 0.00838451 0.00840755 0.00853804 0.00851988 0.00841271 0.00838369 0.00823328 0.00887493 0.00851226 0.00841765 0.00842678 0.00845171 0.00843194 0.00844618 0.00835321 
0.0109956 0.0238701 0.0130148 0.0254043 0.0177804 0.0240081 0.0104529 0.0174929 0.00920087 0.00885649 0.0294435 0.00831667 0.0215604 0.00850266 0.0158497 0.0218025 0.00784443 0.00546887 0.00733138 0.00716724 0.39598 0.0698501 0.0240255 0.00371157 0 0.00369035 0.00377214 0.00369234 0.0152203 0.0037446 0.00790528 0.0102394 0.00768921 0.0524056 0.0134288 0.0488408 0.0149456 0.0267213 0.00993659 0.0126818 0.00894188 0.00882456 0.00889639 0.0086477 0.00869899 0.00861875 0.0106515 0.0091372 0.0106991 0.00848029 0.00826927 0.0081739 0.00970184 0.00816084 0.00824751 0.00865958 0.00836295 0.00835699 0.0081294 0.00810037 0.00876954 0.00833123 0.00909231 0.00838707 0.00998797 0.00842806 0.00918816 0.00851658 0.0082467 0.00812568 0.00827332 0.00860591 0.0082752 0.00840755 0.00827879 0.00830616 0.00814066 0.00802136 0.00830041 0.00828524 0.00818658 0.00819196 0.00839941 0.00844813 0.00834726 0.00848283 0.00844283 0.00832354 0.00830937 0.00818628 0.00820473 0.00843626 0.00856753 0.00840204 0.00835927 0.00834347 0.00822166 
0.0113861 0.0110994 0.0391822 0.0303245 0.0618678 0.0138976 0.0119759 0.00833706 0.0122114 0.0140263 0.00818292 0.0393971 0.00827669 0.0441012 0.00876992 0.00861561 0.00849838 0.00803894 0.0061674 0.420705 0.0613105 0.0391561 0.00441106 0.00374811 0.00369035 0 0.00368695 0.00390721 0.00369309 0.0039574 0.00780683 0.00696035 0.0209489 0.00961163 0.768722 0.00960077 0.0182648 0.0149964 0.0142805 0.0093426 0.00929645 0.00838965 0.0084598 0.00880228 0.00849977 0.00935423 0.00923598 0.0213871 0.0092896 0.00903683 0.00808527 0.00860687 0.00822785 0.00948882 0.00831181 0.00839688 0.00899514 0.00828949 0.00809567 0.00896852 0.00828435 0.00983812 0.00853466 0.0113226 0.00866065 0.0105802 0.00889298 0.00857014 0.00831651 0.00798612 0.00835276 0.00827327 0.00877083 0.00863533 0.00835163 0.00825959 0.00807375 0.00822444 0.00814897 0.00817081 0.00812969 0.00849816 0.00846184 0.00867735 0.00870213 0.00870446 0.00867542 0.00865652 0.00832024 0.00825416 0.00827667 0.00844424 0.00872848 0.00860216 0.00870829 0.00850447 0.0084905 
0.0101391 0.0145029 0.0188149 0.057852 0.0180734 0.018375 0.00938669 0.0108507 0.00835187 0.00833348 0.02674 0.00818424 0.0678182 0.008131 0.0226785 0.00879437 0.00719861 0.00565651 0.359129 0.0327857 0.0477205 0.0069366 0.005056 0.00370731 0.00377214 0.00368695 0 0.00368696 0.00384278 0.0036956 0.00591381 0.00954094 0.0100342 0.812419 0.00940537 0.00975342 0.0106218 0.0160935 0.00925358 0.0100462 0.00874187 0.00830492 0.00884497 0.00843037 0.00854605 0.00847342 0.01262 0.0102967 0.0141925 0.00833 0.00816232 0.00811558 0.0101084 0.00805693 0.00822987 0.00906684 0.00859188 0.00834636 0.00818929 0.00806445 0.00869996 0.00840594 0.010831 0.00868464 0.0127724 0.00895169 0.00903397 0.00871766 0.00809838 0.0081715 0.00826289 0.00855169 0.00846663 0.00858322 0.00843869 0.00820858 0.00802565 0.0080793 0.00824374 0.00820751 0.00802387 0.00829982 0.00837008 0.0085225 0.0084337 0.00851008 0.00844969 0.00835369 0.00840728 0.00808683 0.00820446 0.00832966 0.00865081 0.0085494 0.0086221 0.00830908 0.00826122 
0.0129503 0.0131209 0.0470169 0.0282207 0.0481568 0.0127065 0.0127691 0.00843788 0.0123013 0.015529 0.0082747 0.0732688 0.00846473 0.0454967 0.00883397 0.0105931 0.0106977 0.206992 0.0437369 0.0600248 0.00913982 0.00921602 0.00611912 0.00413065 0.00369234 0.00390721 0.00368696 0 0.00368329 0.0037842 0.0108973 0.0340822 0.724162 0.0080424 0.0140235 0.00959866 0.0185264 0.0104186 0.0109601 0.00942107 0.00977824 0.00875669 0.0084462 0.00903829 0.00884159 0.0104671 0.0102026 0.0246973 0.00940226 0.00914248 0.00815481 0.00883045 0.00832306 0.0106157 0.00873394 0.00843189 0.00931055 0.00837453 0.00828194 0.0103358 0.00842892 0.0109258 0.00866036 0.0129888 0.00938755 0.0109895 0.00939909 0.00861579 0.00837289 0.00828348 0.00842163 0.00848205 0.00879522 0.0089032 0.00834965 0.00834054 0.00806491 0.00859023 0.00821056 0.00819113 0.0081287 0.00902997 0.0084558 0.00904119 0.00867803 0.00890795 0.00889044 0.00881357 0.00834457 0.00822902 0.00827838 0.00845099 0.00876797 0.00886488 0.00881861 0.00856842 0.00833101 
0.0127468 0.0161866 0.0113728 0.018768 0.0138223 0.0279006 0.00985274 0.0163873 0.00924065 0.00895202 0.0549637 0.00848559 0.0290758 0.00862909 0.0134145 0.013878 0.00926834 0.0543621 0.0678063 0.00833846 0.0108861 0.00901384 0.0084917 0.00385079 0.0152203 0.00369309 0.00384278 0.00368329 0 0.00370695 0.0252615 0.61417 0.00746501 0.0103934 0.00640133 0.011046 0.014956 0.0180912 0.00954435 0.0146299 0.00927996 0.00879391 0.00956714 0.00882057 0.00889485 0.00861347 0.0106928 0.00921021 0.013447 0.0084692 0.00824785 0.00843321 0.00958561 0.00802158 0.00827599 0.00872929 0.00840345 0.00826622 0.00813292 0.00802291 0.00883551 0.0084057 0.00919216 0.00856256 0.00951368 0.00869708 0.00859339 0.00845816 0.00812938 0.00819837 0.00824355 0.00860662 0.00843428 0.00841058 0.00839381 0.00819849 0.00804789 0.00806464 0.00831911 0.00824191 0.0080239 0.00817827 0.00836213 0.00858433 0.00832868 0.0084004 0.00841524 0.00830378 0.00820067 0.0081016 0.00822704 0.0083196 0.00849134 0.00846472 0.00833409 0.00825773 0.00815936 
0.0165692 0.0111607 0.0111622 0.0108393 0.0130969 0.0110719 0.0179992 0.0111304 0.0145024 0.0566458 0.00864018 0.0152277 0.00856028 0.0119095 0.00925918 0.0105778 0.048134 0.0985641 0.00879136 0.00931768 0.00812466 0.00956617 0.00873336 0.0131011 0.0037446 0.0039574 0.0036956 0.0037842 0.00370695 0 0.63197 0.00705032 0.0077228 0.00558656 0.0176816 0.0173627 0.0120378 0.0102134 0.025378 0.0126569 0.0107918 0.0121324 0.0112397 0.0088676 0.0088153 0.0132143 0.00891812 0.0092554 0.00874337 0.00960967 0.00900143 0.00856105 0.00810531 0.0106781 0.00925597 0.00810375 0.00824885 0.00813495 0.00818143 0.00979856 0.00810285 0.00841151 0.0082451 0.00845048 0.00846517 0.00849039 0.00828593 0.00809194 0.00825538 0.00812066 0.00825494 0.00816654 0.00814455 0.00820568 0.00815389 0.00809403 0.0080633 0.00907606 0.00807431 0.00806583 0.00812934 0.00853769 0.0082074 0.00831959 0.00823549 0.00821436 0.00835091 0.00820811 0.00804352 0.00828673 0.00845708 0.00826019 0.0083584 0.00833759 0.00817095 0.0081852 0.00815379 
0.0187553 0.0137202 0.0124733 0.0127583 0.0121594 0.0128244 0.0243311 0.0210062 0.0211084 0.0215563 0.0107145 0.0124875 0.0128259 0.0114902 0.0109273 0.0125868 0.0205727 0.0154691 0.0159422 0.0125303 0.0105497 0.012832 0.0199747 0.0123968 0.00790528 0.00780683 0.00591381 0.0108973 0.0252615 0.63197 0 0.00398976 0.0037334 0.0039766 0.00549842 0.00628572 0.00706737 0.00938862 0.0594715 0.0184711 0.0176002 0.0132894 0.00972504 0.0088094 0.0104974 0.0118585 0.00929317 0.00960581 0.00967307 0.0101478 0.00864877 0.00861115 0.00980309 0.0128568 0.00884999 0.00826866 0.00820432 0.0081467 0.00871766 0.00888851 0.00836568 0.00824668 0.00826731 0.00878514 0.00845111 0.00866863 0.00825789 0.00819111 0.0091616 0.00826415 0.00806958 0.0082189 0.00810815 0.008163 0.00815486 0.00811661 0.00863557 0.00840804 0.00803537 0.00814955 0.00849019 0.00825968 0.00818929 0.00821935 0.00816456 0.00834777 0.0082382 0.00812276 0.0080868 0.00845245 0.00819102 0.00817355 0.00831416 0.00824046 0.00832656 0.00815024 0.0082595 
0.00962082 0.0128795 0.0129673 0.0225927 0.0156101 0.0119541 0.0101561 0.0108518 0.010841 0.0116515 0.0112555 0.0120047 0.0125991 0.0122427 0.0108935 0.01206 0.00943974 0.0105447 0.00970818 0.012256 0.0117757 0.0130742 0.00970126 0.00859656 0.0102394 0.00696035 0.00954094 0.0340822 0.61417 0.00705032 0.00398976 0 0.00373709 0.00373938 0.00395108 0.00473425 0.00671802 0.0217771 0.0115636 0.012376 0.00962086 0.00867102 0.00865789 0.00882172 0.00845898 0.00910011 0.00968946 0.0098731 0.00944884 0.00833966 0.008234 0.00848931 0.00858824 0.00934089 0.00823258 0.0083245 0.00817248 0.00846737 0.00806046 0.00831562 0.00825278 0.00827748 0.00899028 0.00837684 0.0089083 0.00844423 0.00834257 0.0082778 0.00830898 0.00799888 0.00820627 0.00819351 0.00818768 0.00821186 0.00813358 0.00823908 0.00807319 0.00807735 0.00814676 0.00825504 0.00807287 0.00818061 0.00819426 0.0083174 0.00821762 0.00828937 0.00832215 0.00823141 0.00814443 0.00815392 0.00812169 0.00835057 0.00838825 0.00833504 0.00823298 0.00839423 0.00809564 
0.0090231 0.0096036 0.0221815 0.0203754 0.03015 0.0111578 0.00984038 0.0090066 0.0089296 0.00991518 0.00906197 0.0156035 0.0106814 0.0147327 0.0121309 0.00930929 0.00923159 0.0092027 0.00900822 0.0141421 0.017575 0.0100556 0.00949496 0.00920361 0.00768921 0.0209489 0.0100342 0.724162 0.00746501 0.0077228 0.0037334 0.00373709 0 0.00374114 0.00370734 0.00417033 0.0141179 0.00886627 0.00906219 0.00916318 0.00896775 0.00845507 0.00848513 0.00856465 0.00847192 0.00857292 0.00931622 0.0153274 0.00940026 0.00856041 0.00809237 0.00825203 0.00845197 0.00825912 0.00820636 0.00821827 0.0088101 0.00820923 0.00809542 0.00817722 0.00812692 0.00870377 0.0084376 0.00884585 0.00876888 0.00896837 0.00848778 0.00842134 0.00811742 0.0079729 0.00816391 0.00822412 0.00833729 0.00838995 0.00828632 0.00817326 0.00812328 0.00801765 0.00811803 0.00813961 0.0080404 0.00818396 0.00834068 0.00848066 0.00827793 0.00837202 0.00834975 0.0082641 0.00822113 0.0080755 0.00818884 0.00830953 0.00865325 0.00845059 0.00852459 0.0083052 0.0082008 
0.00948458 0.011515 0.00980128 0.015942 0.0134552 0.0160547 0.00959682 0.0114478 0.00900892 0.0091909 0.0303092 0.00860273 0.0198727 0.00895036 0.0117933 0.0138938 0.00878726 0.00923283 0.0144824 0.0104617 0.0109699 0.012816 0.0106556 0.00867217 0.0524056 0.00961163 0.812419 0.0080424 0.0103934 0.00558656 0.0039766 0.00373938 0.00374114 0 0.00385108 0.00475443 0.0146092 0.00766592 0.0056712 0.0122773 0.00954043 0.00869827 0.0104657 0.0086469 0.00851874 0.00876591 0.0106003 0.00982638 0.0108009 0.00841149 0.00829097 0.00833059 0.00957798 0.00808704 0.00852061 0.00870787 0.00819529 0.00814696 0.00807976 0.00816266 0.00886847 0.00817864 0.00868608 0.00829598 0.00890184 0.0084437 0.0085263 0.00840843 0.00817504 0.00820947 0.00814762 0.00833275 0.00820973 0.00823975 0.00816113 0.00815008 0.00800529 0.00802846 0.00809603 0.00807552 0.00807471 0.00811676 0.00825315 0.00827877 0.00823435 0.00831251 0.0082858 0.00817321 0.00809754 0.00810268 0.0081384 0.00830692 0.00826479 0.00828449 0.00823737 0.00817278 0.00807512 
0.0203531 0.00977148 0.0121518 0.0100978 0.0122936 0.0096316 0.0156903 0.0109402 0.0177552 0.0477991 0.00861869 0.0164089 0.00866053 0.0158578 0.00930124 0.00943959 0.0270779 0.0510176 0.0104148 0.0108468 0.010009 0.0114 0.0139392 0.106297 0.0134288 0.768722 0.00940537 0.0140235 0.00640133 0.0176816 0.00549842 0.00395108 0.00370734 0.00385108 0 0.0178867 0.00663623 0.00410785 0.00567366 0.0145659 0.0144992 0.0132995 0.0121185 0.00885752 0.00884417 0.0208953 0.00887801 0.0102614 0.00855526 0.0110242 0.00931338 0.00904515 0.00805556 0.0141827 0.0102076 0.00817024 0.00871436 0.00810996 0.00811502 0.0124101 0.00805319 0.00923582 0.00809818 0.00904769 0.0081198 0.00890016 0.00820936 0.00813714 0.00834675 0.00821218 0.00870132 0.00819826 0.00831869 0.00821397 0.00820045 0.00823134 0.0081582 0.00967956 0.00807083 0.00814328 0.00833811 0.0088475 0.00814294 0.00828987 0.00822423 0.0081263 0.00828548 0.008179 0.00801649 0.00853429 0.00847374 0.00824759 0.00835441 0.00840376 0.00810573 0.00813329 0.00813301 
0.027876 0.0338256 0.0324395 0.0507572 0.0298935 0.0216225 0.0253255 0.0154989 0.0175935 0.0220424 0.0139751 0.0162613 0.0216308 0.0175948 0.0156154 0.0138901 0.0222684 0.0188788 0.0219979 0.0222567 0.0211104 0.0164627 0.0292983 0.0211966 0.0488408 0.00960077 0.00975342 0.00959866 0.011046 0.0173627 0.00628572 0.00473425 0.00417033 0.00475443 0.0178867 0 0.003767 0.00373183 0.00400217 0.0722737 0.0369119 0.0176111 0.0158129 0.0113235 0.0163045 0.020597 0.0202629 0.0179802 0.014614 0.0164212 0.00934451 0.00922496 0.0097002 0.0133302 0.0105453 0.00970487 0.00902339 0.008793 0.00972171 0.00947607 0.0086812 0.0090573 0.0100187 0.0106054 0.0103146 0.00978274 0.00986189 0.00914392 0.00980027 0.00822839 0.00835998 0.00875265 0.00866138 0.00907791 0.00850523 0.00839172 0.00875026 0.00832274 0.00822789 0.0082478 0.00828781 0.00889785 0.00880153 0.00905137 0.00902593 0.00904648 0.00909506 0.00885917 0.0083645 0.00844639 0.00833314 0.00862863 0.00884292 0.0090486 0.00891125 0.00852827 0.00849674 
0.0183189 0.044223 0.0861947 0.121805 0.128703 0.0470258 0.0182415 0.0115515 0.0129443 0.0156232 0.0182962 0.0300536 0.0246356 0.0325965 0.0357827 0.0254447 0.0130987 0.0203488 0.0278739 0.0723763 0.0413253 0.0527447 0.0142013 0.0255255 0.0149456 0.0182648 0.0106218 0.0185264 0.014956 0.0120378 0.00706737 0.00671802 0.0141179 0.0146092 0.00663623 0.003767 0 0.00383492 0.00374894 0.267358 0.035847 0.011718 0.0114444 0.0180353 0.0116013 0.0169334 0.0370268 0.0656605 0.0234181 0.0124093 0.00860735 0.0110673 0.010305 0.0104202 0.0106551 0.0114721 0.0124143 0.00923093 0.00865443 0.00932935 0.00887644 0.011598 0.0107763 0.0146953 0.013827 0.0161143 0.0113105 0.0111115 0.00904849 0.00826199 0.00879245 0.00932011 0.00997111 0.0100004 0.00958968 0.00874516 0.00848424 0.00847815 0.00850231 0.00870616 0.00821711 0.00895298 0.00930813 0.0100261 0.00965942 0.0101193 0.0100168 0.00972602 0.00875468 0.00847259 0.00853136 0.00924855 0.0119631 0.00970407 0.00946184 0.00906999 0.00874193 
