1ICIA
GSHHHHHHGSHMDEKLLKTIAESKYLVALTGAGVSAESGIPTFRGKDGLWNRYRPEELANPQAFAKDPEKVWKWYAWRMEKVFNAQPNKAHQAFAELERLGVLKCLITQNVDDLHERAGSRNVIHLHGSLRVVRCTSCNNSFEVESAPKIPPLPKCDKCGSLLRPGVVWFGEMLPPDVLDRAMREVERADVIIVAGTSAVVQPAASLPLIVKQRGGAIIEINPDETPLTPIADYSLRGKAGEVMDELVRHVRKALS
CCCCCCCCECCCCHHHHHHHHCCCCEEEEECHHHCHHHCCCCCCCCCCCCCCCCHHHCCCHHHHHHCHHHHHHHHHHHHHHHHHCCCCHHHHHHHHHHHCCCEEEEEECCCCCHHHHHCCCCEEECCEEEEEEEECCCCCEEECCCCCCCCCCCECCCCCCEEEEEECCCCCCCCHHHHHHHHHHHHHCCEEEEECCCCCCCCHHHHHHHHHHCCCEEEEECCCCCCCHHHCCEEECCCHHHHHHHHHHHHHHHCC
0 0 0 0 0 0 0 0 0 0 0 0 0 0 0 0 0 0 0 0 0 0 0 0 0 0 0 0 0 0 0 0 0 0 0 0 0 0 0 0 0 0 0 0 0 0 0 0 0 0 0 0 0 0 0 0 0 0 0 0 0 0 0 0 0 0 0 0 0 0 0 0 0 0 0 0 0 0 0 0 0 0 0 0 0 0 0 0 0 0 0 0 0 0 0 0 0 0 0 0 0 0 0 0 0 0 0 0 0 0 0 0 0 0 0 0 0 0 0 0 0 0 0 0 0 0 0 0 0 0 0 0 0 0 0 0 0 0 0 0 0 0 0 0 0 0 0 0 0 0 0 0 0 0 0 0 0 0 0 0 0 0 0 0 0 0 0 0 0 0 0 0 0 0 0 0 0 0 0 0 0 0 0 0 0 0 0 0 0 0 0 0 0 0 0 0 0 0 0 0 0 0 0 0 0 0 0 0 0 0 0 0 0 0 0 0 0 0 0 0 0 0 0 0 0 0 0 0 0 0 0 0 0 0 0 0 0 0 0 0 0 0 0 0 0 0 0 0 0 0 0 0 0 0 0 0 
0 0 0 0 0 0 0 0 0 0 0 0 0 0 0 0 0 0 0 0 0 0 0 0 0 0 0 0 0 0 0 0 0 0 0 0 0 0 0 0 0 0 0 0 0 0 0 0 0 0 0 0 0 0 0 0 0 0 0 0 0 0 0 0 0 0 0 0 0 0 0 0 0 0 0 0 0 0 0 0 0 0 0 0 0 0 0 0 0 0 0 0 0 0 0 0 0 0 0 0 0 0 0 0 0 0 0 0 0 0 0 0 0 0 0 0 0 0 0 0 0 0 0 0 0 0 0 0 0 0 0 0 0 0 0 0 0 0 0 0 0 0 0 0 0 0 0 0 0 0 0 0 0 0 0 0 0 0 0 0 0 0 0 0 0 0 0 0 0 0 0 0 0 0 0 0 0 0 0 0 0 0 0 0 0 0 0 0 0 0 0 0 0 0 0 0 0 0 0 0 0 0 0 0 0 0 0 0 0 0 0 0 0 0 0 0 0 0 0 0 0 0 0 0 0 0 0 0 0 0 0 0 0 0 0 0 0 0 0 0 0 0 0 0 0 0 0 0 0 0 0 0 0 0 0 0 
0 0.0443128 0.0134506 0.0103879 0.0126068 0.0382406 0.0110554 0.00840488 0.00820533 0.0082543 0.00832686 0.0100502 0.0102763 0.00830058 0.00934955 0.00938301 0.00812317 0.00804795 0.00823842 0.00809125 0.00813638 0.00837173 0.0101077 0.00953947 0.0081215 0.00946382 0.0114083 0.00951493 0.00816528 0.00797064 0.00795747 0.00797122 0.00846303 0.00942534 0.00831298 0.00815704 0.00811874 0.00881327 0.00895895 0.00820448 0.00817149 0.0082054 0.00895464 0.00909041 0.00829329 0.0086757 
0.0443128 0 0.00381559 0.0037015 0.00376191 0.00447019 0.0804786 0.0217827 0.0127797 0.011819 0.0114059 0.0184263 0.0123002 0.00946213 0.0135537 0.00990135 0.00903922 0.00935569 0.00932319 0.00947687 0.00952683 0.0096261 0.0113987 0.00857887 0.0083141 0.00993049 0.00945308 0.00868311 0.00867155 0.00851949 0.008558 0.00900618 0.00940054 0.0100627 0.00904677 0.00952847 0.00923001 0.00952891 0.00868677 0.00852837 0.00879858 0.00876364 0.00905904 0.00871077 0.00838439 0.00870934 
0.0134506 0.00381559 0 0.00374318 0.00375102 0.00377396 0.0267132 0.038271 0.0691718 0.0312378 0.0291856 0.0116163 0.0105161 0.014463 0.0104096 0.0103521 0.0123089 0.0122869 0.0169276 0.0144699 0.0136457 0.0100954 0.00885854 0.00837606 0.00902309 0.00846473 0.00812674 0.00859559 0.0100402 0.00927403 0.00944004 0.0103697 0.0093073 0.00929998 0.0102067 0.0109476 0.00993773 0.00955536 0.00855805 0.00907615 0.00916389 0.00924572 0.00855176 0.00845771 0.00857834 0.00829691 
0.0103879 0.0037015 0.00374318 0 0.00374389 0.00372167 0.0187311 0.0382186 0.0497553 0.192886 0.0249205 0.012531 0.0118802 0.0115442 0.0134899 0.0101214 0.0140162 0.0199966 0.0271714 0.0193835 0.032193 0.0125996 0.00874687 0.00854277 0.00848792 0.00857694 0.00819395 0.00892432 0.00967601 0.0107367 0.0104626 0.0107418 0.0102129 0.00927515 0.010728 0.0135327 0.0114359 0.00996047 0.00872605 0.00936156 0.00994305 0.00969463 0.0089014 0.00855717 0.00857363 0.00836752 
0.0126068 0.00376191 0.00375102 0.00374389 0 0.00387792 0.0155944 0.0177402 0.054993 0.0288167 0.205166 0.0154625 0.00995654 0.0176501 0.012278 0.0101495 0.0117553 0.0138647 0.0135196 0.0140679 0.0148011 0.00985539 0.00881987 0.008604 0.0092603 0.00829315 0.00821649 0.00886603 0.00986415 0.0092543 0.00926545 0.00968522 0.00935036 0.0093207 0.0100367 0.0115415 0.0106659 0.00917514 0.00870818 0.00929461 0.00915809 0.0093543 0.00851164 0.00850111 0.00861152 0.00825083 
0.0382406 0.00447019 0.00377396 0.00372167 0.00387792 0 0.0245502 0.0151822 0.0159267 0.0193899 0.0347412 0.172851 0.0148873 0.00992348 0.0195015 0.0157756 0.0102626 0.00968083 0.0105655 0.00959526 0.00929709 0.0107376 0.00916546 0.0120478 0.00832038 0.0103267 0.0109501 0.0146468 0.00877539 0.00839959 0.00834671 0.00883363 0.00982313 0.0103826 0.00946422 0.00930001 0.00880002 0.0100853 0.010036 0.00875067 0.00889436 0.00846394 0.00855542 0.00898962 0.0085249 0.0082997 
0.0110554 0.0804786 0.0267132 0.0187311 0.0155944 0.0245502 0 0.00378129 0.00376927 0.00376238 0.00374278 0.00635739 0.0398232 0.0150103 0.0297042 0.0209122 0.00955741 0.0117667 0.0101255 0.0109658 0.0128688 0.0100722 0.0566952 0.0101603 0.00936799 0.0151996 0.0111996 0.0100925 0.00930757 0.00880642 0.00937572 0.0104111 0.0184642 0.0135313 0.00955089 0.0104825 0.0101594 0.0139126 0.0085749 0.00864489 0.00901935 0.0089493 0.0114278 0.00876072 0.00824993 0.00891424 
0.00840488 0.0217827 0.038271 0.0382186 0.0177402 0.0151822 0.00378129 0 0.00370713 0.00366102 0.00368564 0.00376304 0.025293 0.0314337 0.0208108 0.0101015 0.0305146 0.0112403 0.0174386 0.0183836 0.00944063 0.0363624 0.00900694 0.00975761 0.00984712 0.00997798 0.0088632 0.00954302 0.010223 0.0128902 0.00919807 0.0228461 0.0098562 0.0108757 0.0235358 0.0145072 0.0141315 0.00945438 0.00869006 0.00995803 0.00971308 0.0106712 0.00879969 0.00839226 0.00874463 0.00817152 
0.00820533 0.0127797 0.0691718 0.0497553 0.054993 0.0159267 0.00376927 0.00370713 0 0.0037222 0.00369577 0.00371542 0.0291131 0.0275696 0.0131542 0.0185693 0.011906 0.0320902 0.0277118 0.020826 0.0615921 0.0103865 0.0121145 0.00952219 0.0101353 0.00908863 0.00867475 0.0103807 0.0164206 0.0131375 0.0404942 0.0120743 0.0120926 0.0149141 0.0228385 0.0551554 0.0181803 0.0107811 0.00938429 0.0116984 0.0168348 0.0115576 0.00909221 0.00918197 0.00856465 0.00859677 
0.0082543 0.011819 0.0312378 0.192886 0.0288167 0.0193899 0.00376238 0.00366102 0.0037222 0 0.00371434 0.0037364 0.107789 0.0233473 0.0353057 0.0109024 0.0317418 0.0202357 0.0366909 0.0623342 0.0163149 0.0215692 0.0097562 0.0106642 0.00967744 0.0108718 0.00890317 0.0100914 0.015409 0.0518921 0.0166541 0.0238142 0.0117679 0.0114597 0.0344198 0.0584031 0.0269893 0.0111828 0.00908063 0.0132545 0.0184453 0.014389 0.00921961 0.00907844 0.00892558 0.00857881 
0.00832686 0.0114059 0.0291856 0.0249205 0.205166 0.0347412 0.00374278 0.00368564 0.00369577 0.00371434 0 0.00401232 0.0175605 0.429617 0.0279362 0.0182701 0.020254 0.0202616 0.0476684 0.0235158 0.0227147 0.0155711 0.0129012 0.00973527 0.0205263 0.00967936 0.00999263 0.0114078 0.0248636 0.0121247 0.0165324 0.0244838 0.0209863 0.0122537 0.0192742 0.0291802 0.0515355 0.0159608 0.00952556 0.0119606 0.0134354 0.0139101 0.00951968 0.00874274 0.00870329 0.00866006 
0.0100502 0.0184263 0.0116163 0.012531 0.0154625 0.172851 0.00635739 0.00376304 0.00371542 0.0037364 0.00401232 0 0.043964 0.017476 0.43964 0.0202518 0.0152284 0.0226307 0.017675 0.0136982 0.0114332 0.0185594 0.015047 0.0194909 0.00955748 0.0190977 0.0153498 0.0259745 0.0112556 0.0101031 0.00947362 0.0139467 0.0235772 0.0154414 0.0122986 0.0117241 0.0143057 0.0231237 0.0131578 0.00956584 0.00930706 0.00964464 0.00988275 0.00968852 0.00847528 0.00863238 
0.0102763 0.0123002 0.0105161 0.0118802 0.00995654 0.0148873 0.0398232 0.025293 0.0291131 0.107789 0.0175605 0.043964 0 0.00421854 0.00374999 0.00463931 0.0051787 0.0275116 0.0151069 0.00642775 0.00654871 0.00847236 0.017906 0.0113913 0.00926986 0.0210994 0.0145481 0.0200229 0.0126145 0.0104453 0.0110294 0.0114201 0.01703 0.0274931 0.0169963 0.018936 0.0110502 0.0157766 0.00981304 0.00999848 0.0100407 0.0105485 0.0138082 0.00936188 0.00852338 0.00976393 
0.00830058 0.00946213 0.014463 0.0115442 0.0176501 0.00992348 0.0150103 0.0314337 0.0275696 0.0233473 0.429617 0.017476 0.00421854 0 0.00383028 0.00397971 0.0214954 0.00812318 0.00518594 0.00573929 0.00611527 0.00924093 0.00845198 0.00834594 0.0546138 0.00990422 0.0113045 0.0106258 0.0200891 0.00981658 0.0107971 0.0291449 0.012554 0.0120305 0.0262898 0.0206995 0.0393841 0.013241 0.00917422 0.0125785 0.0112822 0.0139365 0.00969303 0.00872819 0.0105522 0.00874511 
0.00934955 0.0135537 0.0104096 0.0134899 0.012278 0.0195015 0.0297042 0.0208108 0.0131542 0.0353057 0.0279362 0.43964 0.00374999 0.00383028 0 0.021993 0.00697323 0.00388153 0.00422729 0.0049413 0.00479855 0.00675582 0.00646912 0.026301 0.00844068 0.0231999 0.0191853 0.0213131 0.0108797 0.0148438 0.00983271 0.0184584 0.0382372 0.0198165 0.0141257 0.0193042 0.025971 0.050339 0.0135575 0.0103894 0.0113369 0.0133358 0.0116196 0.0107341 0.00910351 0.00899457 
0.00938301 0.00990135 0.0103521 0.0101214 0.0101495 0.0157756 0.0209122 0.0101015 0.0185693 0.0109024 0.0182701 0.0202518 0.00463931 0.00397971 0.021993 0 0.00373512 0.00370691 0.00371587 0.00373472 0.00461946 0.0038261 0.00897432 0.00744595 0.00788844 0.0133508 0.0134143 0.0165391 0.0133832 0.00938002 0.0141587 0.011125 0.0395437 0.0235081 0.0130446 0.0155506 0.0126523 0.0226157 0.00959719 0.00986146 0.011571 0.00954868 0.0211689 0.00956996 0.00836321 0.0107714 
0.00812317 0.00903922 0.0123089 0.0140162 0.0117553 0.0102626 0.00955741 0.0305146 0.011906 0.0317418 0.020254 0.0152284 0.0051787 0.0214954 0.00697323 0.00373512 0 0.00371335 0.00369014 0.00375529 0.00366872 0.00641977 0.00385727 0.00629117 0.00980953 0.0111853 0.0101708 0.0104909 0.0121539 0.0196239 0.00967356 0.0693565 0.0111058 0.0120587 0.0320491 0.020358 0.02657 0.0107994 0.00890263 0.0139639 0.0119159 0.0204524 0.00960832 0.00842341 0.00921601 0.00850716 
0.00804795 0.00935569 0.0122869 0.0199966 0.0138647 0.00968083 0.0117667 0.0112403 0.0320902 0.0202357 0.0202616 0.0226307 0.0275116 0.00812318 0.00388153 0.00370691 0.00371335 0 0.00371149 0.00370055 0.00395243 0.00370699 0.00395433 0.00717562 0.00711511 0.00745223 0.00883544 0.0103112 0.0152536 0.01117 0.0415075 0.0118478 0.0135239 0.0171599 0.0202368 0.0640517 0.0186437 0.0126296 0.00905756 0.0125343 0.0319339 0.0114641 0.0106305 0.00954273 0.0084922 0.0089886 
0.00823842 0.00932319 0.0169276 0.0271714 0.0135196 0.0105655 0.0101255 0.0174386 0.0277118 0.0366909 0.0476684 0.017675 0.0151069 0.00518594 0.00422729 0.00371587 0.00369014 0.00371149 0 0.00382711 0.00369483 0.00371242 0.00369488 0.00678681 0.00713546 0.0142149 0.0124288 0.0117707 0.0126071 0.0523936 0.0151683 0.0327509 0.0155128 0.0132117 0.0407175 0.0552775 0.0407035 0.012809 0.00971686 0.0181706 0.0246556 0.0201946 0.0108955 0.00884185 0.00924072 0.00884719 
0.00809125 0.00947687 0.0144699 0.0193835 0.0140679 0.00959526 0.0109658 0.0183836 0.020826 0.0623342 0.0235158 0.0136982 0.00642775 0.00573929 0.0049413 0.00373472 0.00375529 0.00370055 0.00382711 0 0.00371432 0.00372416 0.00371958 0.00720683 0.00926044 0.65537 0.00962618 0.0112991 0.0267857 0.0217431 0.0213791 0.019783 0.0131493 0.0147889 0.0358481 0.0624453 0.0274403 0.0121315 0.0100647 0.0133617 0.0266842 0.0161869 0.00969081 0.0090232 0.00885318 0.00871377 
0.00813638 0.00952683 0.0136457 0.032193 0.0148011 0.00929709 0.0128688 0.00944063 0.0615921 0.0163149 0.0227147 0.0114332 0.00654871 0.00611527 0.00479855 0.00461946 0.00366872 0.00395243 0.00369483 0.00371432 0 0.00370222 0.00373386 0.00577989 0.679021 0.0175711 0.00857406 0.0114262 0.0148448 0.0122364 0.0657049 0.0129904 0.0129339 0.015696 0.0189037 0.0936331 0.0205249 0.0119768 0.00920498 0.0139805 0.0398379 0.0132069 0.0100802 0.00944573 0.00874479 0.00921675 
0.00837173 0.0096261 0.0100954 0.0125996 0.00985539 0.0107376 0.0100722 0.0363624 0.0103865 0.0215692 0.0155711 0.0185594 0.00847236 0.00924093 0.00675582 0.0038261 0.00641977 0.00370699 0.00371242 0.00372416 0.00370222 0 0.00372766 0.689993 0.0193139 0.0132334 0.0114292 0.0120251 0.0125523 0.0297437 0.00926531 0.0297755 0.0134183 0.01072 0.0259879 0.0166149 0.0442051 0.0129642 0.0105658 0.0136749 0.0103354 0.0207368 0.00905243 0.00872878 0.0103151 0.00835976 
0.0101077 0.0113987 0.00885854 0.00874687 0.00881987 0.00916546 0.0566952 0.00900694 0.0121145 0.0097562 0.0129012 0.015047 0.017906 0.00845198 0.00646912 0.00897432 0.00385727 0.00395433 0.00369488 0.00371958 0.00373386 0.00372766 0 0.0469882 0.0156369 0.00546704 0.0105052 0.030035 0.0145487 0.00878951 0.0106805 0.0103722 0.0170943 0.0324942 0.0121876 0.0111237 0.0106428 0.0197693 0.0151429 0.00962959 0.00991345 0.00879012 0.0107498 0.0129196 0.00826402 0.00982037 
0.00953947 0.00857887 0.00837606 0.00854277 0.008604 0.0120478 0.0101603 0.00975761 0.00952219 0.0106642 0.00973527 0.0194909 0.0113913 0.00834594 0.026301 0.00744595 0.00629117 0.00717562 0.00678681 0.00720683 0.00577989 0.689993 0.0469882 0 0.00406146 0.00424135 0.0138053 0.0122426 0.0112435 0.0143649 0.0178523 0.0127795 0.0199561 0.0128075 0.0106732 0.0108415 0.0124235 0.0156891 0.00919889 0.00878022 0.00886617 0.00945173 0.0133026 0.00843843 0.00844605 0.00945468 
0.0081215 0.0083141 0.00902309 0.00848792 0.0092603 0.00832038 0.00936799 0.00984712 0.0101353 0.00967744 0.0205263 0.00955748 0.00926986 0.0546138 0.00844068 0.00788844 0.00980953 0.00711511 0.00713546 0.00926044 0.679021 0.0193139 0.0156369 0.00406146 0 0.00378392 0.00742285 0.0114383 0.0230668 0.0122759 0.0118866 0.0199352 0.0106531 0.0103733 0.0139677 0.011506 0.0174735 0.00979345 0.00852413 0.00995811 0.00896848 0.0110141 0.00883352 0.0083825 0.00917674 0.00836168 
0.00946382 0.00993049 0.00846473 0.00857694 0.00829315 0.0103267 0.0151996 0.00997798 0.00908863 0.0108718 0.00967936 0.0190977 0.0210994 0.00990422 0.0231999 0.0133508 0.0111853 0.00745223 0.0142149 0.65537 0.0175711 0.0132334 0.00546704 0.00424135 0.00378392 0 0.0144949 0.0244352 0.028073 0.0135642 0.00995421 0.0169991 0.021476 0.014328 0.0114273 0.0106795 0.0115143 0.0170405 0.0141801 0.0101935 0.00938591 0.00993715 0.00909187 0.0102193 0.00871419 0.00837307 
0.0114083 0.00945308 0.00812674 0.00819395 0.00821649 0.0109501 0.0111996 0.0088632 0.00867475 0.00890317 0.00999263 0.0153498 0.0145481 0.0113045 0.0191853 0.0134143 0.0101708 0.00883544 0.0124288 0.00962618 0.00857406 0.0114292 0.0105052 0.0138053 0.00742285 0.0144949 0 0.618656 0.0240453 0.00536451 0.00552703 0.00685989 0.00817725 0.0133228 0.0109456 0.00960231 0.0110484 0.0154194 0.0122626 0.00898022 0.00862265 0.00955314 0.0116332 0.00928563 0.00879253 0.00893532 
0.00951493 0.00868311 0.00859559 0.00892432 0.00886603 0.0146468 0.0100925 0.00954302 0.0103807 0.0100914 0.0114078 0.0259745 0.0200229 0.0106258 0.0213131 0.0165391 0.0104909 0.0103112 0.0117707 0.0112991 0.0114262 0.0120251 0.030035 0.0122426 0.0114383 0.0244352 0.618656 0 0.00378565 0.00371006 0.00375664 0.00377429 0.00454487 0.094498 0.0175418 0.014527 0.0153263 0.025449 0.0124456 0.0116702 0.0106852 0.0123078 0.0224928 0.0114419 0.00925887 0.0131362 
0.00816528 0.00867155 0.0100402 0.00967601 0.00986415 0.00877539 0.00930757 0.010223 0.0164206 0.015409 0.0248636 0.0112556 0.0126145 0.0200891 0.0108797 0.0133832 0.0121539 0.0152536 0.0126071 0.0267857 0.0148448 0.0125523 0.0145487 0.0112435 0.0230668 0.028073 0.0240453 0.00378565 0 0.00375108 0.00369253 0.00370725 0.00373856 0.0839966 0.0733019 0.0281079 0.0282624 0.0136846 0.0105686 0.019408 0.0216165 0.015287 0.0143751 0.0100219 0.0101239 0.00964803 
0.00797064 0.00851949 0.00927403 0.0107367 0.0092543 0.00839959 0.00880642 0.0128902 0.0131375 0.0518921 0.0121247 0.0101031 0.0104453 0.00981658 0.0148438 0.00938002 0.0196239 0.01117 0.0523936 0.0217431 0.0122364 0.0297437 0.00878951 0.0143649 0.0122759 0.0135642 0.00536451 0.00371006 0.00375108 0 0.00368735 0.0036894 0.00371715 0.0467315 0.0614842 0.105793 0.0241813 0.0123906 0.0100874 0.0186755 0.0254138 0.0250805 0.00958461 0.00924678 0.00934885 0.00857295 
0.00795747 0.008558 0.00944004 0.0104626 0.00926545 0.00834671 0.00937572 0.00919807 0.0404942 0.0166541 0.0165324 0.00947362 0.0110294 0.0107971 0.00983271 0.0141587 0.00967356 0.0415075 0.0151683 0.0213791 0.0657049 0.00926531 0.0106805 0.0178523 0.0118866 0.00995421 0.00552703 0.00375664 0.00369253 0.00368735 0 0.0036911 0.00369515 0.0524521 0.0732482 0.0962385 0.0327447 0.0118942 0.0105195 0.0176707 0.0641571 0.0119856 0.0107168 0.011025 0.00880223 0.00928226 
0.00797122 0.00900618 0.0103697 0.0107418 0.00968522 0.00883363 0.0104111 0.0228461 0.0120743 0.0238142 0.0244838 0.0139467 0.0114201 0.0291449 0.0184584 0.011125 0.0693565 0.0118478 0.0327509 0.019783 0.0129904 0.0297755 0.0103722 0.0127795 0.0199352 0.0169991 0.00685989 0.00377429 0.00370725 0.0036894 0.0036911 0 0.00391581 0.0204775 0.0936159 0.0799653 0.147211 0.0543733 0.0139095 0.0391023 0.020198 0.0605311 0.0138944 0.0102413 0.01719 0.00956898 
0.00846303 0.00940054 0.0093073 0.0102129 0.00935036 0.00982313 0.0184642 0.0098562 0.0120926 0.0117679 0.0209863 0.0235772 0.01703 0.012554 0.0382372 0.0395437 0.0111058 0.0135239 0.0155128 0.0131493 0.0129339 0.0134183 0.0170943 0.0199561 0.0106531 0.021476 0.00817725 0.00454487 0.00373856 0.00371715 0.00369515 0.00391581 0 0.0313169 0.0207265 0.0555303 0.180524 0.267364 0.020171 0.0139473 0.0185788 0.0246268 0.0282628 0.0180803 0.0102015 0.012195 
0.00942534 0.0100627 0.00929998 0.00927515 0.0093207 0.0103826 0.0135313 0.0108757 0.0149141 0.0114597 0.0122537 0.0154414 0.0274931 0.0120305 0.0198165 0.0235081 0.0120587 0.0171599 0.0132117 0.0147889 0.015696 0.01072 0.0324942 0.0128075 0.0103733 0.014328 0.0133228 0.094498 0.0839966 0.0467315 0.0524521 0.0204775 0.0313169 0 0.0041288 0.00380887 0.00380098 0.00435639 0.710349 0.0260975 0.0334238 0.0136625 0.0331684 0.0408178 0.0127 0.0275126 
0.00831298 0.00904677 0.0102067 0.010728 0.0100367 0.00946422 0.00955089 0.0235358 0.0228385 0.0344198 0.0192742 0.0122986 0.0169963 0.0262898 0.0141257 0.0130446 0.0320491 0.0202368 0.0407175 0.0358481 0.0189037 0.0259879 0.0121876 0.0106732 0.0139677 0.0114273 0.0109456 0.0175418 0.0733019 0.0614842 0.0732482 0.0936159 0.0207265 0.0041288 0 0.00374839 0.00375675 0.00380184 0.0977021 0.793367 0.0313719 0.077288 0.0163309 0.0213941 0.0327271 0.0118715 
0.00815704 0.00952847 0.0109476 0.0135327 0.0115415 0.00930001 0.0104825 0.0145072 0.0551554 0.0584031 0.0291802 0.0117241 0.018936 0.0206995 0.0193042 0.0155506 0.020358 0.0640517 0.0552775 0.0624453 0.0936331 0.0166149 0.0111237 0.0108415 0.011506 0.0106795 0.00960231 0.014527 0.0281079 0.105793 0.0962385 0.0799653 0.0555303 0.00380887 0.00374839 0 0.00378154 0.00375064 0.0619576 0.0705376 0.760906 0.0465139 0.0278787 0.0193137 0.0163594 0.0143186 
0.00811874 0.00923001 0.00993773 0.0114359 0.0106659 0.00880002 0.0101594 0.0141315 0.0181803 0.0269893 0.0515355 0.0143057 0.0110502 0.0393841 0.025971 0.0126523 0.02657 0.0186437 0.0407035 0.0274403 0.0205249 0.0442051 0.0106428 0.0124235 0.0174735 0.0115143 0.0110484 0.0153263 0.0282624 0.0241813 0.0327447 0.147211 0.180524 0.00380098 0.00375675 0.00378154 0 0.00381827 0.0213176 0.131161 0.0783631 0.812355 0.028532 0.0162329 0.0415932 0.0154424 
0.00881327 0.00952891 0.00955536 0.00996047 0.00917514 0.0100853 0.0139126 0.00945438 0.0107811 0.0111828 0.0159608 0.0231237 0.0157766 0.013241 0.050339 0.0226157 0.0107994 0.0126296 0.012809 0.0121315 0.0119768 0.0129642 0.0197693 0.0156891 0.00979345 0.0170405 0.0154194 0.025449 0.0136846 0.0123906 0.0118942 0.0543733 0.267364 0.00435639 0.00380184 0.00375064 0.00381827 0 0.031338 0.024086 0.0829051 0.0870305 0.735055 0.0210746 0.0157865 0.0293915 
0.00895895 0.00868677 0.00855805 0.00872605 0.00870818 0.010036 0.0085749 0.00869006 0.00938429 0.00908063 0.00952556 0.0131578 0.00981304 0.00917422 0.0135575 0.00959719 0.00890263 0.00905756 0.00971686 0.0100647 0.00920498 0.0105658 0.0151429 0.00919889 0.00852413 0.0141801 0.0122626 0.0124456 0.0105686 0.0100874 0.0105195 0.0139095 0.020171 0.710349 0.0977021 0.0619576 0.0213176 0.031338 0 0.00404481 0.00374696 0.00399299 0.00470671 0.0255689 0.0147444 0.0414973 
0.00820448 0.00852837 0.00907615 0.00936156 0.00929461 0.00875067 0.00864489 0.00995803 0.0116984 0.0132545 0.0119606 0.00956584 0.00999848 0.0125785 0.0103894 0.00986146 0.0139639 0.0125343 0.0181706 0.0133617 0.0139805 0.0136749 0.00962959 0.00878022 0.00995811 0.0101935 0.00898022 0.0116702 0.019408 0.0186755 0.0176707 0.0391023 0.0139473 0.0260975 0.793367 0.0705376 0.131161 0.024086 0.00404481 0 0.00373446 0.00375635 0.00380608 0.0242578 0.0858614 0.0137089 
0.00817149 0.00879858 0.00916389 0.00994305 0.00915809 0.00889436 0.00901935 0.00971308 0.0168348 0.0184453 0.0134354 0.00930706 0.0100407 0.0112822 0.0113369 0.011571 0.0119159 0.0319339 0.0246556 0.0266842 0.0398379 0.0103354 0.00991345 0.00886617 0.00896848 0.00938591 0.00862265 0.0106852 0.0216165 0.0254138 0.0641571 0.020198 0.0185788 0.0334238 0.0313719 0.760906 0.0783631 0.0829051 0.00374696 0.00373446 0 0.00373232 0.00373046 0.124667 0.0147971 0.0436829 
0.0082054 0.00876364 0.00924572 0.00969463 0.0093543 0.00846394 0.0089493 0.0106712 0.0115576 0.014389 0.0139101 0.00964464 0.0105485 0.0139365 0.0133358 0.00954868 0.0204524 0.0114641 0.0201946 0.0161869 0.0132069 0.0207368 0.00879012 0.00945173 0.0110141 0.00993715 0.00955314 0.0123078 0.015287 0.0250805 0.0119856 0.0605311 0.0246268 0.0136625 0.077288 0.0465139 0.812355 0.0870305 0.00399299 0.00375635 0.00373232 0 0.00377438 0.0140027 0.601769 0.014768 
0.00895464 0.00905904 0.00855176 0.0089014 0.00851164 0.00855542 0.0114278 0.00879969 0.00909221 0.00921961 0.00951968 0.00988275 0.0138082 0.00969303 0.0116196 0.0211689 0.00960832 0.0106305 0.0108955 0.00969081 0.0100802 0.00905243 0.0107498 0.0133026 0.00883352 0.00909187 0.0116332 0.0224928 0.0143751 0.00958461 0.0107168 0.0138944 0.0282628 0.0331684 0.0163309 0.0278787 0.028532 0.735055 0.00470671 0.00380608 0.00373046 0.00377438 0 0.0911176 0.0129628 0.281212 
0.00909041 0.00871077 0.00845771 0.00855717 0.00850111 0.00898962 0.00876072 0.00839226 0.00918197 0.00907844 0.00874274 0.00968852 0.00936188 0.00872819 0.0107341 0.00956996 0.00842341 0.00954273 0.00884185 0.0090232 0.00944573 0.00872878 0.0129196 0.00843843 0.0083825 0.0102193 0.00928563 0.0114419 0.0100219 0.00924678 0.011025 0.0102413 0.0180803 0.0408178 0.0213941 0.0193137 0.0162329 0.0210746 0.0255689 0.0242578 0.124667 0.0140027 0.0911176 0 0.00372029 0.00465961 
0.00829329 0.00838439 0.00857834 0.00857363 0.00861152 0.0085249 0.00824993 0.00874463 0.00856465 0.00892558 0.00870329 0.00847528 0.00852338 0.0105522 0.00910351 0.00836321 0.00921601 0.0084922 0.00924072 0.00885318 0.00874479 0.0103151 0.00826402 0.00844605 0.00917674 0.00871419 0.00879253 0.00925887 0.0101239 0.00934885 0.00880223 0.01719 0.0102015 0.0127 0.0327271 0.0163594 0.0415932 0.0157865 0.0147444 0.0858614 0.0147971 0.601769 0.0129628 0.00372029 0 0.00377715 
0.0086757 0.00870934 0.00829691 0.00836752 0.00825083 0.0082997 0.00891424 0.00817152 0.00859677 0.00857881 0.00866006 0.00863238 0.00976393 0.00874511 0.00899457 0.0107714 0.00850716 0.0089886 0.00884719 0.00871377 0.00921675 0.00835976 0.00982037 0.00945468 0.00836168 0.00837307 0.00893532 0.0131362 0.00964803 0.00857295 0.00928226 0.00956898 0.012195 0.0275126 0.0118715 0.0143186 0.0154424 0.0293915 0.0414973 0.0137089 0.0436829 0.014768 0.281212 0.00465961 0.00377715 0 
