1IU4B
DSDDRVTPPAEPLDRMPDPYRPSYGRAETVVNNYIRKWQQVYSHRDGRKQQMTEEQREWLSYGCVGVTWVNSGQYPTNRLAFASFDEDRFKNELKNGRPRSGETRAEFEGRVAKESFDEEKGFQRAREVASVMNRALENAHDESAYLDNLKKELANGNDALRNEDARSPFYSALRNTPSFKERNGGNHDPSRMKAVIYSKHFWSGQDRSSSADKRKYGDPDAFRPAPGTGLVDMSRDRNIPRSPTSPGEGFVNFDYGWFGAQTEADADKTVWTHGNHYHAPNGSLGAMHVYESKFRNWSEGYSDFDRGAYVITFIPKSWNTAPDKVKQGWP
CCCCCCCCCCCCCCCCCCCECCECCEEEEEHHHHHHHHHHHCCCECCECCCCCHHHHHHHCCCCCHHHHHHHCCCCCCCCEECCECHHHHHHHHCCCCCCCCCCHHHHHHHHHHHCECHHHHHHHHHHHHHHHHHHHCCCCCHHHHHHHHHHHHHHCCCHHHHCCCCCHHHHHHHHCHHHHCCCCCCCCHHHEEEEEEEEEECCCCCCCCCHHHHHHCCCCCCCCCCCCCEECCCCCCCCCCCCCCCCCCCCCCEEEEEECCCCCCHHHCEEEEECCCCECCCCCECCEEEEEEHHHHHHCCCCCCEEEEEEEEEECCECCCCCCCCCCEC
0 0 0 0 0 0 0 0 0 0 0 0 0 0 0 0 0 0 0 0 0 0 0 0 0 0 0 0 0 0 0 0 0 0 0 0 0 0 0 0 0 0 0 0 0 0 0 0 0 0 0 0 0 0 0 0 0 0 0 0 0 0 0 0 0 0 0 0 0 0 0 0 0 0 0 0 0 0 0 0 0 0 0 0 0 0 0 0 0 0 0 0 0 0 0 0 0 0 0 0 0 0 0 0 0 0 0 0 0 0 0 0 0 0 0 0 0 0 0 0 0 0 0 0 0 0 0 0 0 0 0 0 0 0 0 0 0 0 0 0 0 0 0 0 0 0 0 0 0 0 0 0 0 0 0 0 0 0 0 0 0 0 0 0 0 0 0 0 0 0 0 0 0 0 0 0 0 0 0 0 0 0 0 0 0 0 0 0 0 0 0 0 0 0 0 0 0 0 0 0 0 0 0 0 0 0 0 0 0 0 0 0 0 0 0 0 0 0 0 0 0 0 0 0 0 0 0 0 0 0 0 0 0 0 0 0 0 0 0 0 0 0 0 0 0 0 0 0 0 0 0 0 0 0 0 0 0 0 0 0 0 0 0 0 0 0 0 0 0 0 0 0 0 0 0 0 0 0 0 0 0 0 0 0 0 0 0 0 0 0 0 0 0 0 0 0 0 0 0 0 0 0 0 0 0 0 0 0 0 0 0 0 0 0 0 0 0 0 0 0 0 0 0 0 0 0 0 0 0 0 0 
0 0 0 0 0 0 0 0 0 0 0 0 0 0 0 0 0 0 0 0 0 0 0 0 0 0 0 0 0 0 0 0 0 0 0 0 0 0 0 0 0 0 0 0 0 0 0 0 0 0 0 0 0 0 0 0 0 0 0 0 0 0 0 0 0 0 0 0 0 0 0 0 0 0 0 0 0 0 0 0 0 0 0 0 0 0 0 0 0 0 0 0 0 0 0 0 0 0 0 0 0 0 0 0 0 0 0 0 0 0 0 0 0 0 0 0 0 0 0 0 0 0 0 0 0 0 0 0 0 0 0 0 0 0 0 0 0 0 0 0 0 0 0 0 0 0 0 0 0 0 0 0 0 0 0 0 0 0 0 0 0 0 0 0 0 0 0 0 0 0 0 0 0 0 0 0 0 0 0 0 0 0 0 0 0 0 0 0 0 0 0 0 0 0 0 0 0 0 0 0 0 0 0 0 0 0 0 0 0 0 0 0 0 0 0 0 0 0 0 0 0 0 0 0 0 0 0 0 0 0 0 0 0 0 0 0 0 0 0 0 0 0 0 0 0 0 0 0 0 0 0 0 0 0 0 0 0 0 0 0 0 0 0 0 0 0 0 0 0 0 0 0 0 0 0 0 0 0 0 0 0 0 0 0 0 0 0 0 0 0 0 0 0 0 0 0 0 0 0 0 0 0 0 0 0 0 0 0 0 0 0 0 0 0 0 0 0 0 0 0 0 0 0 0 0 0 0 0 0 0 0 
0 0.0349886 0.00511246 0.0428475 0.00464043 0.00626467 0.00980776 0.0325732 0.046228 0.0134074 0.0156111 0.0421788 0.0206024 0.00999252 0.00801345 0.00812841 0.00815012 0.00803099 0.00809545 0.0079989 0.0080674 0.00800418 0.00837226 0.00842034 0.0085593 0.00831389 0.00829401 0.00825964 0.00824556 0.00819781 0.00854537 0.00876725 0.00837251 0.00826657 0.00823628 0.00885889 0.0120268 0.0116799 0.00850915 0.00843929 0.00831629 0.00840281 0.00849982 0.00889665 0.00870654 0.00849742 0.00839539 0.00851227 0.00856381 0.00858836 0.00850659 0.00858779 0.00852951 0.0097822 0.0112592 0.0104709 
0.0349886 0 0.773437 0.00471229 0.00404669 0.0040287 0.00551868 0.0200124 0.0225268 0.0146675 0.0141616 0.0248013 0.0144257 0.00831116 0.00802091 0.00796776 0.00796118 0.00792845 0.00792796 0.00791816 0.0079135 0.00790951 0.00808981 0.00825415 0.00811395 0.00809483 0.00798383 0.00795893 0.00798585 0.00792881 0.00809387 0.00863544 0.00801579 0.00802629 0.00799468 0.00815688 0.00860272 0.00901449 0.00819635 0.00814341 0.0081058 0.00818897 0.00809517 0.00834783 0.00823709 0.00826486 0.00820427 0.00832189 0.00828123 0.00825775 0.0083428 0.0082644 0.00824992 0.00850134 0.00929388 0.00871134 
0.00511246 0.773437 0 0.00368566 0.0040002 0.00391957 0.00658493 0.00955814 0.0213735 0.0140798 0.0117495 0.0112269 0.0100681 0.00798068 0.0082276 0.00819874 0.00825372 0.0081704 0.00810589 0.00810367 0.00803134 0.00809333 0.00819922 0.00817467 0.00805273 0.00860835 0.00821128 0.00817426 0.0081498 0.00816243 0.008313 0.00828564 0.00821499 0.00818024 0.00828015 0.00816303 0.00841845 0.00854684 0.00859363 0.0082801 0.00820969 0.00830014 0.00832358 0.00854494 0.00836476 0.00835874 0.00829567 0.00868187 0.00848588 0.00837786 0.00877341 0.00836097 0.00837219 0.00864629 0.00872513 0.00862191 
0.0428475 0.00471229 0.00368566 0 0.00374766 0.00437448 0.00374229 0.0104167 0.00906382 0.010178 0.0108273 0.0120247 0.0086437 0.00892567 0.00856889 0.00938976 0.00896414 0.00884081 0.00864909 0.00836833 0.00867578 0.00831447 0.00825185 0.00820654 0.00836064 0.00820327 0.00859605 0.00849394 0.00847459 0.00830175 0.00832278 0.00862348 0.008682 0.00839544 0.00836142 0.00847569 0.00867416 0.00841735 0.00836983 0.00869663 0.00850425 0.0084969 0.00851667 0.00829402 0.00838644 0.00878819 0.00869879 0.00866601 0.00893556 0.00883725 0.0086373 0.00907706 0.00847726 0.00871827 0.00885741 0.00934193 
0.00464043 0.00404669 0.0040002 0.00374766 0 0.00371034 0.00375197 0.00759799 0.00832208 0.0113892 0.00924389 0.0086785 0.00843478 0.00817494 0.0085465 0.00936817 0.00963516 0.0086145 0.0086316 0.00840773 0.00836527 0.00836756 0.00807905 0.00818444 0.00803499 0.00829029 0.00819687 0.00836322 0.00823862 0.00821299 0.00813884 0.00820957 0.00829257 0.00824137 0.00823317 0.00816591 0.00812957 0.00827488 0.00838434 0.00828674 0.00828583 0.0083568 0.00828472 0.00834241 0.00824827 0.00837414 0.00835067 0.00852917 0.00851336 0.00844926 0.00858287 0.0084535 0.00837006 0.00831958 0.00840885 0.00840265 
0.00626467 0.0040287 0.00391957 0.00437448 0.00371034 0 0.00370011 0.00982914 0.00863612 0.0107381 0.0123826 0.0102894 0.00904073 0.00885504 0.00843692 0.00977733 0.0107182 0.00864953 0.00882065 0.00844288 0.00842372 0.00828823 0.00820282 0.00832532 0.00821187 0.00824408 0.00831655 0.00847824 0.0083334 0.00828826 0.00817899 0.00839899 0.00845861 0.00839689 0.00829568 0.00823474 0.00825108 0.0083459 0.00840136 0.00845471 0.00834277 0.00846725 0.00839519 0.00832504 0.00832689 0.0084763 0.00841651 0.00857708 0.00859194 0.00854464 0.00861595 0.00855258 0.00847617 0.00840007 0.00853415 0.00845144 
0.00980776 0.00551868 0.00658493 0.00374229 0.00375197 0.00370011 0 0.0106217 0.010745 0.0271605 0.0134262 0.013438 0.0122882 0.00909232 0.00839184 0.00842808 0.00854907 0.00839396 0.00838844 0.00821427 0.00817064 0.00828558 0.0082217 0.00833965 0.00825121 0.00839486 0.00814537 0.00823842 0.0081367 0.00800746 0.00809249 0.00848413 0.00825507 0.00818601 0.00807596 0.00811116 0.00823362 0.00844127 0.00865984 0.00825882 0.00828146 0.00824783 0.0082004 0.00845877 0.00838387 0.008363 0.00831309 0.00847038 0.00850645 0.00844454 0.00853828 0.0084234 0.00833646 0.00831592 0.00849671 0.00844583 
0.0325732 0.0200124 0.00955814 0.0104167 0.00759799 0.00982914 0.0106217 0 0.972508 0.0155553 0.022605 0.0402482 0.0232337 0.00916339 0.00806007 0.00803361 0.00808873 0.00802433 0.00810977 0.00799238 0.00806999 0.00796344 0.00818337 0.00815299 0.00826407 0.00815093 0.00804056 0.00810442 0.0080593 0.00802028 0.00810314 0.00832955 0.00809121 0.00808214 0.00805004 0.0082811 0.00885585 0.00889351 0.00818777 0.00818135 0.00812785 0.00816666 0.00817002 0.00822628 0.00822116 0.00823541 0.00822707 0.00827829 0.00828572 0.00833092 0.0083246 0.00833944 0.00820783 0.00853576 0.00938488 0.00897887 
0.046228 0.0225268 0.0213735 0.00906382 0.00832208 0.00863612 0.010745 0.972508 0 0.0312379 0.0196526 0.0895527 0.0302039 0.00849105 0.00801035 0.00794277 0.00799171 0.00795923 0.00796071 0.00798126 0.00798435 0.00795122 0.00809178 0.008891 0.00818834 0.00850204 0.00805889 0.00807635 0.00805118 0.00802832 0.0081225 0.00849201 0.00810641 0.00803301 0.0080729 0.00818016 0.00916794 0.00914218 0.00835422 0.00814485 0.00807655 0.00811286 0.00815618 0.00841642 0.0082726 0.00818067 0.00814327 0.00823622 0.00829464 0.00821323 0.00833228 0.00826501 0.00823875 0.00855395 0.00916509 0.00884548 
0.0134074 0.0146675 0.0140798 0.010178 0.0113892 0.0107381 0.0271605 0.0155553 0.0312379 0 0.00502525 0.011412 0.0568154 0.00894357 0.00965698 0.0090045 0.00971928 0.00929545 0.00897603 0.00865042 0.00838533 0.00863002 0.00909591 0.00882744 0.00854142 0.00831801 0.00852861 0.00821815 0.00817689 0.00832498 0.00830377 0.00875366 0.00824387 0.00827917 0.0081394 0.00811928 0.00824688 0.00846579 0.00823262 0.00817483 0.00819882 0.008205 0.00821687 0.00828867 0.00812472 0.00825191 0.00825707 0.00879505 0.00861001 0.00858276 0.00865186 0.00866792 0.00832298 0.00832322 0.00860785 0.00833691 
0.0156111 0.0141616 0.0117495 0.0108273 0.00924389 0.0123826 0.0134262 0.022605 0.0196526 0.00502525 0 0.0233393 0.0225651 0.0146453 0.00870908 0.00970923 0.00969132 0.0100032 0.00973793 0.00889257 0.00889745 0.00965299 0.00905984 0.00953914 0.00906308 0.00835297 0.00842209 0.00841412 0.00824935 0.00871573 0.00842641 0.00861156 0.008513 0.00840767 0.00811869 0.0083108 0.00830871 0.00920243 0.00834095 0.0083859 0.00842119 0.00826411 0.00824201 0.00840372 0.00853617 0.0084741 0.00831287 0.00875957 0.00876365 0.00868811 0.00880957 0.00853 0.00848396 0.00838919 0.00849636 0.0083607 
0.0421788 0.0248013 0.0112269 0.0120247 0.0086785 0.0102894 0.013438 0.0402482 0.0895527 0.011412 0.0233393 0 0.694168 0.0124135 0.00851362 0.0084067 0.00835914 0.00849382 0.00867876 0.00823469 0.00817948 0.00826061 0.00912313 0.00946072 0.00944715 0.00885665 0.00809737 0.00800925 0.00802609 0.00804075 0.00837313 0.00940418 0.00810468 0.00804557 0.00806349 0.00882289 0.0113373 0.0109756 0.00837209 0.00819631 0.00816387 0.00811313 0.00828113 0.00847118 0.00858531 0.00824604 0.00820996 0.00823146 0.00826018 0.00830108 0.00827721 0.00831069 0.00823497 0.0088807 0.0108491 0.00979644 
0.0206024 0.0144257 0.0100681 0.0086437 0.00843478 0.00904073 0.0122882 0.0232337 0.0302039 0.0568154 0.0225651 0.694168 0 0.0208186 0.0104567 0.00964339 0.0110205 0.00975998 0.0107679 0.00932099 0.00852597 0.00907278 0.0136546 0.0118316 0.00932946 0.00883158 0.00810835 0.00812549 0.00804288 0.00829142 0.00908377 0.00997159 0.00804415 0.00813664 0.00814608 0.00888667 0.0119593 0.0119759 0.00866867 0.00814877 0.00823851 0.00809977 0.00832041 0.0092801 0.00894851 0.00805676 0.00819629 0.00833059 0.00826715 0.00826225 0.00857332 0.00837803 0.00821276 0.00872272 0.0103338 0.00936748 
0.00999252 0.00831116 0.00798068 0.00892567 0.00817494 0.00885504 0.00909232 0.00916339 0.00849105 0.00894357 0.0146453 0.0124135 0.0208186 0 0.00370507 0.0037037 0.00372237 0.00373349 0.00380618 0.00376018 0.00390355 0.00371087 0.00749751 0.0114433 0.0218978 0.00883176 0.0105764 0.0104384 0.00981787 0.0108891 0.0132416 0.0105468 0.0104838 0.00959961 0.0109054 0.0129792 0.0114262 0.00980183 0.00852568 0.00979931 0.0087498 0.00913255 0.0110736 0.0152759 0.00862536 0.00904743 0.00906225 0.00941652 0.0093544 0.010373 0.0089437 0.0103608 0.0102023 0.0157788 0.00908107 0.00845263 
0.00801345 0.00802091 0.0082276 0.00856889 0.0085465 0.00843692 0.00839184 0.00806007 0.00801035 0.00965698 0.00870908 0.00851362 0.0104567 0.00370507 0 0.00371257 0.00371303 0.00369984 0.00371346 0.00454553 0.00374778 0.00455109 0.00587804 0.0207502 0.0115965 0.00974963 0.0110917 0.0129028 0.0147608 0.0123296 0.0105418 0.010739 0.0116635 0.0111396 0.0112974 0.00888148 0.00842363 0.00829807 0.00937532 0.00937096 0.00938248 0.00946144 0.0094322 0.00952346 0.00873573 0.00942334 0.00924762 0.0112822 0.0102839 0.00996009 0.0120402 0.0095848 0.0205261 0.00860721 0.00812197 0.008225 
0.00812841 0.00796776 0.00819874 0.00938976 0.00936817 0.00977733 0.00842808 0.00803361 0.00794277 0.0090045 0.00970923 0.0084067 0.00964339 0.0037037 0.00371257 0 0.00371073 0.00373357 0.00373903 0.00375173 0.00765529 0.00397812 0.00577113 0.0278781 0.0122376 0.0105104 0.0224064 0.0497444 0.0415681 0.0177856 0.0110117 0.0147156 0.0249214 0.0288653 0.0110772 0.00969849 0.00835379 0.00844464 0.00981316 0.0166439 0.0193973 0.0185894 0.0117877 0.0092525 0.0096668 0.0121852 0.0182139 0.0188174 0.0230964 0.0352448 0.0205137 0.0492064 0.0112084 0.00897979 0.00816627 0.00833377 
0.00815012 0.00796118 0.00825372 0.00896414 0.00963516 0.0107182 0.00854907 0.00808873 0.00799171 0.00971928 0.00969132 0.00835914 0.0110205 0.00372237 0.00371303 0.00371073 0 0.00373813 0.00373335 0.00377466 0.00391525 0.00662465 0.00529917 0.0247281 0.0134336 0.0119125 0.0241175 0.0730783 0.0939379 0.017097 0.0130788 0.013217 0.0511845 0.0321646 0.0133509 0.0095248 0.00836173 0.00844978 0.0122404 0.0146535 0.035037 0.0252604 0.0132255 0.0100905 0.00954587 0.0132106 0.0245929 0.034116 0.0413376 0.0290368 0.119243 0.0238667 0.0132848 0.00896526 0.00833015 0.00868072 
0.00803099 0.00792845 0.0081704 0.00884081 0.0086145 0.00864953 0.00839396 0.00802433 0.00795923 0.00929545 0.0100032 0.00849382 0.00975998 0.00373349 0.00369984 0.00373357 0.00373813 0 0.00387836 0.00377454 0.00373358 0.00414858 0.003825 0.0180113 0.012549 0.0105996 0.0243238 0.0557751 0.0571416 0.0278367 0.0129832 0.0160022 0.0285879 0.0355323 0.0121007 0.00970018 0.00836384 0.00859825 0.0125814 0.0171346 0.026621 0.025308 0.0137508 0.0108309 0.00895938 0.0131072 0.0254902 0.0281136 0.0272448 0.0922024 0.0377482 0.0287057 0.0118658 0.00910166 0.00817397 0.00825169 
0.00809545 0.00792796 0.00810589 0.00864909 0.0086316 0.00882065 0.00838844 0.00810977 0.00796071 0.00897603 0.00973793 0.00867876 0.0107679 0.00380618 0.00371346 0.00373903 0.00373335 0.00387836 0 0.00370321 0.00371969 0.00371749 0.00372654 0.0131318 0.0143371 0.00998674 0.0234046 0.0359682 0.0829743 0.0206088 0.0133259 0.0117305 0.02301 0.0222577 0.0125039 0.0102413 0.00841327 0.00853833 0.0111027 0.0166744 0.0162629 0.0184907 0.0128233 0.00960461 0.00918433 0.0115157 0.0214738 0.0175659 0.0605587 0.0280994 0.027603 0.0217683 0.0105223 0.00904484 0.00819512 0.00822954 
0.0079989 0.00791816 0.00810367 0.00836833 0.00840773 0.00844288 0.00821427 0.00799238 0.00798126 0.00865042 0.00889257 0.00823469 0.00932099 0.00376018 0.00454553 0.00375173 0.00377466 0.00377454 0.00370321 0 0.00372968 0.00369404 0.00372418 0.0182134 0.0100427 0.0186756 0.0119525 0.0562185 0.0315267 0.0185717 0.0106374 0.0112814 0.0146048 0.0192317 0.0109649 0.00929745 0.00814124 0.00820568 0.0116019 0.0101464 0.0169533 0.0147708 0.0107541 0.00938809 0.00867763 0.0107404 0.0131852 0.0615997 0.0182722 0.01847 0.0211528 0.0144091 0.00959053 0.00860136 0.00810405 0.00826685 
0.0080674 0.0079135 0.00803134 0.00867578 0.00836527 0.00842372 0.00817064 0.00806999 0.00798435 0.00838533 0.00889745 0.00817948 0.00852597 0.00390355 0.00374778 0.00765529 0.00391525 0.00373358 0.00371969 0.00372968 0 0.00368637 0.00372129 0.015949 0.0125573 0.00904458 0.0363558 0.0289833 0.0445596 0.0163664 0.00959987 0.0113514 0.0174496 0.0187602 0.0105332 0.0095289 0.0082994 0.00828134 0.00876579 0.0122492 0.0112519 0.0138946 0.0105668 0.00921832 0.00909068 0.00943491 0.0423299 0.0141269 0.0175502 0.024263 0.014639 0.0161195 0.00987607 0.00848392 0.00809865 0.00808291 
0.00800418 0.00790951 0.00809333 0.00831447 0.00836756 0.00828823 0.00828558 0.00796344 0.00795122 0.00863002 0.00965299 0.00826061 0.00907278 0.00371087 0.00455109 0.00397812 0.00662465 0.00414858 0.00371749 0.00369404 0.00368637 0 0.00371611 0.0203761 0.0150156 0.0333762 0.0129835 0.0266618 0.0253873 0.0207475 0.0126614 0.00996753 0.0185144 0.0136911 0.0118364 0.00907348 0.00823801 0.00842251 0.00957189 0.00965077 0.0133328 0.0122367 0.0101336 0.00930955 0.00864698 0.0408661 0.0110425 0.0131127 0.0129232 0.0123053 0.0171513 0.0118985 0.0099196 0.00893719 0.00802252 0.00828364 
0.00837226 0.00808981 0.00819922 0.00825185 0.00807905 0.00820282 0.0082217 0.00818337 0.00809178 0.00909591 0.00905984 0.00912313 0.0136546 0.00749751 0.00587804 0.00577113 0.00529917 0.003825 0.00372654 0.00372418 0.00372129 0.00371611 0 0.0193282 0.053019 0.0144584 0.0123175 0.0161493 0.015203 0.0186144 0.0206635 0.0186345 0.0101346 0.0105041 0.00948065 0.0144911 0.0088448 0.010155 0.0109553 0.00940428 0.0100528 0.0096056 0.00993858 0.00962248 0.0193009 0.00892165 0.0107031 0.0101144 0.00969326 0.0103081 0.00976048 0.0100054 0.00886768 0.00876339 0.00841255 0.00853422 
0.00842034 0.00825415 0.00817467 0.00820654 0.00818444 0.00832532 0.00833965 0.00815299 0.008891 0.00882744 0.00953914 0.00946072 0.0118316 0.0114433 0.0207502 0.0278781 0.0247281 0.0180113 0.0131318 0.0182134 0.015949 0.0203761 0.0193282 0 0.0103991 0.0163767 0.0183947 0.0189516 0.0106857 0.0196022 0.0229873 0.0123741 0.0112872 0.00942368 0.0103967 0.0113611 0.0136054 0.0140741 0.0113625 0.00920949 0.00917335 0.00896331 0.00991108 0.0163837 0.00923306 0.00928297 0.00886272 0.00936304 0.00989679 0.00956955 0.00975728 0.00953469 0.00950042 0.0110925 0.00936844 0.00956193 
0.0085593 0.00811395 0.00805273 0.00836064 0.00803499 0.00821187 0.00825121 0.00826407 0.00818834 0.00854142 0.00906308 0.00944715 0.00932946 0.0218978 0.0115965 0.0122376 0.0134336 0.012549 0.0143371 0.0100427 0.0125573 0.0150156 0.053019 0.0103991 0 0.0204343 0.0141442 0.012119 0.0116084 0.0298504 0.0330883 0.0122934 0.0103247 0.00938148 0.00973896 0.0119407 0.0138364 0.0118691 0.00949511 0.00947639 0.00891998 0.00892662 0.0102618 0.00938191 0.0102527 0.00904661 0.00876232 0.00909557 0.00909368 0.00969749 0.00939951 0.009304 0.0091479 0.00943199 0.0099898 0.00864055 
0.00831389 0.00809483 0.00860835 0.00820327 0.00829029 0.00824408 0.00839486 0.00815093 0.00850204 0.00831801 0.00835297 0.00885665 0.00883158 0.00883176 0.00974963 0.0105104 0.0119125 0.0105996 0.00998674 0.0186756 0.00904458 0.0333762 0.0144584 0.0163767 0.0204343 0 0.00384589 0.00363916 0.00385347 0.00377764 0.00546406 0.00734208 0.0096948 0.0108499 0.00947408 0.0279585 0.0146565 0.011536 0.0154477 0.00878262 0.0102425 0.0101934 0.0105526 0.0302173 0.00964141 0.00931628 0.00945641 0.0109851 0.0104944 0.0100063 0.0125711 0.0100112 0.0109319 0.0148396 0.00923867 0.00887078 
0.00829401 0.00798383 0.00821128 0.00859605 0.00819687 0.00831655 0.00814537 0.00804056 0.00805889 0.00852861 0.00842209 0.00809737 0.00810835 0.0105764 0.0110917 0.0224064 0.0241175 0.0243238 0.0234046 0.0119525 0.0363558 0.0129835 0.0123175 0.0183947 0.0141442 0.00384589 0 0.00370991 0.0036921 0.00372152 0.00377376 0.0077808 0.0140904 0.0105626 0.0312547 0.0857152 0.0087308 0.00881913 0.00965558 0.0175809 0.0108995 0.0136865 0.0204752 0.0100539 0.010747 0.0158022 0.0154547 0.0170398 0.0287646 0.0333882 0.0170864 0.021953 0.0129934 0.010265 0.00854382 0.0087499 
0.00825964 0.00795893 0.00817426 0.00849394 0.00836322 0.00847824 0.00823842 0.00810442 0.00807635 0.00821815 0.00841412 0.00800925 0.00812549 0.0104384 0.0129028 0.0497444 0.0730783 0.0557751 0.0359682 0.0562185 0.0289833 0.0266618 0.0161493 0.0189516 0.012119 0.00363916 0.00370991 0 0.00381388 0.00388125 0.0038904 0.0100373 0.0180405 0.0399045 0.121393 0.0197875 0.00803218 0.00864543 0.0106363 0.013745 0.0252712 0.0328446 0.0137803 0.0097937 0.0105691 0.0163809 0.0320145 0.0527464 0.0476833 0.0565364 0.0575615 0.0438931 0.0152176 0.010498 0.00856785 0.00874474 
0.00824556 0.00798585 0.0081498 0.00847459 0.00823862 0.0083334 0.0081367 0.0080593 0.00805118 0.00817689 0.00824935 0.00802609 0.00804288 0.00981787 0.0147608 0.0415681 0.0939379 0.0571416 0.0829743 0.0315267 0.0445596 0.0253873 0.015203 0.0106857 0.0116084 0.00385347 0.0036921 0.00381388 0 0.00374868 0.00368544 0.00958699 0.0384799 0.560509 0.0222589 0.00868806 0.0076236 0.00860488 0.0103325 0.0162508 0.0469056 0.0372362 0.0152856 0.0105638 0.00978259 0.0170616 0.0522935 0.0595209 0.061836 0.0566581 0.0796926 0.0514644 0.0156464 0.00984166 0.0083621 0.00856901 
0.00819781 0.00792881 0.00816243 0.00830175 0.00821299 0.00828826 0.00800746 0.00802028 0.00802832 0.00832498 0.00871573 0.00804075 0.00829142 0.0108891 0.0123296 0.0177856 0.017097 0.0278367 0.0206088 0.0185717 0.0163664 0.0207475 0.0186144 0.0196022 0.0298504 0.00377764 0.00372152 0.00388125 0.00374868 0 0.00377269 0.0265511 0.0889234 0.0257514 0.0160205 0.00977328 0.00837947 0.0101947 0.011297 0.0221736 0.0151392 0.0148828 0.0226758 0.011559 0.0103268 0.0164051 0.0176674 0.0167063 0.0239174 0.0356045 0.0197218 0.0201059 0.0157806 0.0109065 0.00895074 0.00895375 
0.00854537 0.00809387 0.008313 0.00832278 0.00813884 0.00817899 0.00809249 0.00810314 0.0081225 0.00830377 0.00842641 0.00837313 0.00908377 0.0132416 0.0105418 0.0110117 0.0130788 0.0129832 0.0133259 0.0106374 0.00959987 0.0126614 0.0206635 0.0229873 0.0330883 0.00546406 0.00377376 0.0038904 0.00368544 0.00377269 0 0.0689262 0.0092629 0.0153716 0.00731167 0.0121703 0.00965834 0.0164897 0.0187217 0.00962803 0.0119037 0.0108185 0.0103249 0.0202958 0.0141262 0.0111205 0.0112008 0.0122666 0.0123137 0.011983 0.0147458 0.0119848 0.010809 0.0108907 0.0111499 0.00974105 
0.00876725 0.00863544 0.00828564 0.00862348 0.00820957 0.00839899 0.00848413 0.00832955 0.00849201 0.00875366 0.00861156 0.00940418 0.00997159 0.0105468 0.010739 0.0147156 0.013217 0.0160022 0.0117305 0.0112814 0.0113514 0.00996753 0.0186345 0.0123741 0.0122934 0.00734208 0.0077808 0.0100373 0.00958699 0.0265511 0.0689262 0 0.00372598 0.00369279 0.00371478 0.00393035 0.00597165 0.0102876 0.013441 0.0178716 0.0115745 0.0147204 0.0173316 0.340535 0.0136997 0.0150223 0.0137072 0.0152704 0.0165582 0.0183341 0.0177858 0.0167904 0.0128592 0.0204429 0.0125586 0.01087 
0.00837251 0.00801579 0.00821499 0.008682 0.00829257 0.00845861 0.00825507 0.00809121 0.00810641 0.00824387 0.008513 0.00810468 0.00804415 0.0104838 0.0116635 0.0249214 0.0511845 0.0285879 0.02301 0.0146048 0.0174496 0.0185144 0.0101346 0.0112872 0.0103247 0.0096948 0.0140904 0.0180405 0.0384799 0.0889234 0.0092629 0.00372598 0 0.00371467 0.00370851 0.00373868 0.00477047 0.00829605 0.0107861 0.0202103 0.0160207 0.0221663 0.346652 0.0120119 0.0131182 0.0200566 0.0274277 0.0310765 0.0414122 0.0318487 0.0395522 0.0394984 0.02285 0.0108018 0.00889736 0.00876561 
0.00826657 0.00802629 0.00818024 0.00839544 0.00824137 0.00839689 0.00818601 0.00808214 0.00803301 0.00827917 0.00840767 0.00804557 0.00813664 0.00959961 0.0111396 0.0288653 0.0321646 0.0355323 0.0222577 0.0192317 0.0187602 0.0136911 0.0105041 0.00942368 0.00938148 0.0108499 0.0105626 0.0399045 0.560509 0.0257514 0.0153716 0.00369279 0.00371467 0 0.00370771 0.00370846 0.00526986 0.00744999 0.0111547 0.01871 0.0376058 0.38772 0.0151772 0.010156 0.00971739 0.014998 0.0308464 0.0392712 0.0360526 0.0376678 0.0476738 0.0558192 0.021721 0.0102791 0.00867455 0.00886116 
0.00823628 0.00799468 0.00828015 0.00836142 0.00823317 0.00829568 0.00807596 0.00805004 0.0080729 0.0081394 0.00811869 0.00806349 0.00814608 0.0109054 0.0112974 0.0110772 0.0133509 0.0121007 0.0125039 0.0109649 0.0105332 0.0118364 0.00948065 0.0103967 0.00973896 0.00947408 0.0312547 0.121393 0.0222589 0.0160205 0.00731167 0.00371478 0.00370851 0.00370771 0 0.00366675 0.00421521 0.00960359 0.0111486 0.0289194 0.279038 0.0204412 0.0108726 0.00786793 0.0110591 0.0148027 0.0128184 0.0144187 0.0161362 0.0146643 0.0247016 0.0151457 0.0133189 0.00936901 0.00957933 0.00895876 
0.00885889 0.00815688 0.00816303 0.00847569 0.00816591 0.00823474 0.00811116 0.0082811 0.00818016 0.00811928 0.0083108 0.00882289 0.00888667 0.0129792 0.00888148 0.00969849 0.0095248 0.00970018 0.0102413 0.00929745 0.0095289 0.00907348 0.0144911 0.0113611 0.0119407 0.0279585 0.0857152 0.0197875 0.00868806 0.00977328 0.0121703 0.00393035 0.00373868 0.00370846 0.00366675 0 0.0478604 0.00833202 0.0226541 0.186079 0.00965343 0.0118502 0.00915245 0.00709674 0.011945 0.0105474 0.00979387 0.0106599 0.0115323 0.0133272 0.0104059 0.0117086 0.00938722 0.0128735 0.0110121 0.0102657 
0.0120268 0.00860272 0.00841845 0.00867416 0.00812957 0.00825108 0.00823362 0.00885585 0.00916794 0.00824688 0.00830871 0.0113373 0.0119593 0.0114262 0.00842363 0.00835379 0.00836173 0.00836384 0.00841327 0.00814124 0.0082994 0.00823801 0.0088448 0.0136054 0.0138364 0.0146565 0.0087308 0.00803218 0.0076236 0.00837947 0.00965834 0.00597165 0.00477047 0.00526986 0.00421521 0.0478604 0 0.841087 0.010102 0.0127704 0.00703096 0.00576504 0.0062263 0.00730948 0.0102919 0.00973789 0.0087801 0.00905673 0.00887245 0.00970099 0.00928175 0.00935519 0.00924422 0.0122701 0.0300974 0.0211086 
0.0116799 0.00901449 0.00854684 0.00841735 0.00827488 0.0083459 0.00844127 0.00889351 0.00914218 0.00846579 0.00920243 0.0109756 0.0119759 0.00980183 0.00829807 0.00844464 0.00844978 0.00859825 0.00853833 0.00820568 0.00828134 0.00842251 0.010155 0.0140741 0.0118691 0.011536 0.00881913 0.00864543 0.00860488 0.0101947 0.0164897 0.0102876 0.00829605 0.00744999 0.00960359 0.00833202 0.841087 0 0.00642413 0.00386852 0.00382754 0.00378454 0.00399003 0.0049244 0.010885 0.00971397 0.00913274 0.00957219 0.00985481 0.00995315 0.0101483 0.0110519 0.0105039 0.0142264 0.0277371 0.024279 
0.00850915 0.00819635 0.00859363 0.00836983 0.00838434 0.00840136 0.00865984 0.00818777 0.00835422 0.00823262 0.00834095 0.00837209 0.00866867 0.00852568 0.00937532 0.00981316 0.0122404 0.0125814 0.0111027 0.0116019 0.00876579 0.00957189 0.0109553 0.0113625 0.00949511 0.0154477 0.00965558 0.0106363 0.0103325 0.011297 0.0187217 0.013441 0.0107861 0.0111547 0.0111486 0.0226541 0.010102 0.00642413 0 0.00375825 0.00369742 0.00371157 0.00384926 0.00521004 0.0138335 0.00991265 0.0121617 0.0162506 0.0151464 0.0125758 0.0178525 0.0118407 0.012636 0.0149386 0.0100751 0.0121912 
0.00843929 0.00814341 0.0082801 0.00869663 0.00828674 0.00845471 0.00825882 0.00818135 0.00814485 0.00817483 0.0083859 0.00819631 0.00814877 0.00979931 0.00937096 0.0166439 0.0146535 0.0171346 0.0166744 0.0101464 0.0122492 0.00965077 0.00940428 0.00920949 0.00947639 0.00878262 0.0175809 0.013745 0.0162508 0.0221736 0.00962803 0.0178716 0.0202103 0.01871 0.0289194 0.186079 0.0127704 0.00386852 0.00375825 0 0.00372312 0.00370012 0.00375329 0.00373187 0.00940424 0.020265 0.0184121 0.0195086 0.0254446 0.0347349 0.0124351 0.0211572 0.0231988 0.0111738 0.00982899 0.00987901 
0.00831629 0.0081058 0.00820969 0.00850425 0.00828583 0.00834277 0.00828146 0.00812785 0.00807655 0.00819882 0.00842119 0.00816387 0.00823851 0.0087498 0.00938248 0.0193973 0.035037 0.026621 0.0162629 0.0169533 0.0112519 0.0133328 0.0100528 0.00917335 0.00891998 0.0102425 0.0108995 0.0252712 0.0469056 0.0151392 0.0119037 0.0115745 0.0160207 0.0376058 0.279038 0.00965343 0.00703096 0.00382754 0.00369742 0.00372312 0 0.00372703 0.00369745 0.00376279 0.00932137 0.0124557 0.0170765 0.0394669 0.027459 0.0201323 0.0250737 0.029649 0.0134352 0.0102429 0.00894819 0.0123544 
0.00840281 0.00818897 0.00830014 0.0084969 0.0083568 0.00846725 0.00824783 0.00816666 0.00811286 0.008205 0.00826411 0.00811313 0.00809977 0.00913255 0.00946144 0.0185894 0.0252604 0.025308 0.0184907 0.0147708 0.0138946 0.0122367 0.0096056 0.00896331 0.00892662 0.0101934 0.0136865 0.0328446 0.0372362 0.0148828 0.0108185 0.0147204 0.0221663 0.38772 0.0204412 0.0118502 0.00576504 0.00378454 0.00371157 0.00370012 0.00372703 0 0.00370362 0.00370676 0.0108154 0.0162966 0.0347899 0.0261238 0.0253576 0.0269247 0.040309 0.0196185 0.0136263 0.0109749 0.00866307 0.00960046 
0.00849982 0.00809517 0.00832358 0.00851667 0.00828472 0.00839519 0.0082004 0.00817002 0.00815618 0.00821687 0.00824201 0.00828113 0.00832041 0.0110736 0.0094322 0.0117877 0.0132255 0.0137508 0.0128233 0.0107541 0.0105668 0.0101336 0.00993858 0.00991108 0.0102618 0.0105526 0.0204752 0.0137803 0.0152856 0.0226758 0.0103249 0.0173316 0.346652 0.0151772 0.0108726 0.00915245 0.0062263 0.00399003 0.00384926 0.00375329 0.00369745 0.00370362 0 0.00370139 0.0113146 0.0410777 0.0213357 0.0149125 0.016887 0.0182976 0.0106933 0.0171975 0.0112491 0.00882028 0.00912489 0.00974088 
0.00889665 0.00834783 0.00854494 0.00829402 0.00834241 0.00832504 0.00845877 0.00822628 0.00841642 0.00828867 0.00840372 0.00847118 0.0092801 0.0152759 0.00952346 0.0092525 0.0100905 0.0108309 0.00960461 0.00938809 0.00921832 0.00930955 0.00962248 0.0163837 0.00938191 0.0302173 0.0100539 0.0097937 0.0105638 0.011559 0.0202958 0.340535 0.0120119 0.010156 0.00786793 0.00709674 0.00730948 0.0049244 0.00521004 0.00373187 0.00376279 0.00370676 0.00370139 0 0.0205407 0.012512 0.00905098 0.0141017 0.0106133 0.00763503 0.0104674 0.0102781 0.00868192 0.0100109 0.0121633 0.0131729 
0.00870654 0.00823709 0.00836476 0.00838644 0.00824827 0.00832689 0.00838387 0.00822116 0.0082726 0.00812472 0.00853617 0.00858531 0.00894851 0.00862536 0.00873573 0.0096668 0.00954587 0.00895938 0.00918433 0.00867763 0.00909068 0.00864698 0.0193009 0.00923306 0.0102527 0.00964141 0.010747 0.0105691 0.00978259 0.0103268 0.0141262 0.0136997 0.0131182 0.00971739 0.0110591 0.011945 0.0102919 0.010885 0.0138335 0.00940424 0.00932137 0.0108154 0.0113146 0.0205407 0 0.00406502 0.00371044 0.00377428 0.00372808 0.00393606 0.00383781 0.00442939 0.00449422 0.0107308 0.00815546 0.0173419 
0.00849742 0.00826486 0.00835874 0.00878819 0.00837414 0.0084763 0.008363 0.00823541 0.00818067 0.00825191 0.0084741 0.00824604 0.00805676 0.00904743 0.00942334 0.0121852 0.0132106 0.0131072 0.0115157 0.0107404 0.00943491 0.0408661 0.00892165 0.00928297 0.00904661 0.00931628 0.0158022 0.0163809 0.0170616 0.0164051 0.0111205 0.0150223 0.0200566 0.014998 0.0148027 0.0105474 0.00973789 0.00971397 0.00991265 0.020265 0.0124557 0.0162966 0.0410777 0.012512 0.00406502 0 0.00376628 0.00369498 0.00372573 0.00372817 0.00394044 0.00423808 0.00986346 0.0070768 0.00714848 0.0110413 
0.00839539 0.00820427 0.00829567 0.00869879 0.00835067 0.00841651 0.00831309 0.00822707 0.00814327 0.00825707 0.00831287 0.00820996 0.00819629 0.00906225 0.00924762 0.0182139 0.0245929 0.0254902 0.0214738 0.0131852 0.0423299 0.0110425 0.0107031 0.00886272 0.00876232 0.00945641 0.0154547 0.0320145 0.0522935 0.0176674 0.0112008 0.0137072 0.0274277 0.0308464 0.0128184 0.00979387 0.0087801 0.00913274 0.0121617 0.0184121 0.0170765 0.0347899 0.0213357 0.00905098 0.00371044 0.00376628 0 0.0037084 0.00369301 0.00373855 0.00378331 0.00449629 0.00424686 0.00419264 0.00562747 0.0106331 
0.00851227 0.00832189 0.00868187 0.00866601 0.00852917 0.00857708 0.00847038 0.00827829 0.00823622 0.00879505 0.00875957 0.00823146 0.00833059 0.00941652 0.0112822 0.0188174 0.034116 0.0281136 0.0175659 0.0615997 0.0141269 0.0131127 0.0101144 0.00936304 0.00909557 0.0109851 0.0170398 0.0527464 0.0595209 0.0167063 0.0122666 0.0152704 0.0310765 0.0392712 0.0144187 0.0106599 0.00905673 0.00957219 0.0162506 0.0195086 0.0394669 0.0261238 0.0149125 0.0141017 0.00377428 0.00369498 0.0037084 0 0.00371496 0.00371417 0.00377322 0.00388578 0.00374268 0.00409897 0.00600912 0.0104403 
0.00856381 0.00828123 0.00848588 0.00893556 0.00851336 0.00859194 0.00850645 0.00828572 0.00829464 0.00861001 0.00876365 0.00826018 0.00826715 0.0093544 0.0102839 0.0230964 0.0413376 0.0272448 0.0605587 0.0182722 0.0175502 0.0129232 0.00969326 0.00989679 0.00909368 0.0104944 0.0287646 0.0476833 0.061836 0.0239174 0.0123137 0.0165582 0.0414122 0.0360526 0.0161362 0.0115323 0.00887245 0.00985481 0.0151464 0.0254446 0.027459 0.0253576 0.016887 0.0106133 0.00372808 0.00372573 0.00369301 0.00371496 0 0.00425628 0.00371812 0.00376409 0.00371483 0.00383085 0.00464681 0.0114601 
0.00858836 0.00825775 0.00837786 0.00883725 0.00844926 0.00854464 0.00844454 0.00833092 0.00821323 0.00858276 0.00868811 0.00830108 0.00826225 0.010373 0.00996009 0.0352448 0.0290368 0.0922024 0.0280994 0.01847 0.024263 0.0123053 0.0103081 0.00956955 0.00969749 0.0100063 0.0333882 0.0565364 0.0566581 0.0356045 0.011983 0.0183341 0.0318487 0.0376678 0.0146643 0.0133272 0.00970099 0.00995315 0.0125758 0.0347349 0.0201323 0.0269247 0.0182976 0.00763503 0.00393606 0.00372817 0.00373855 0.00371417 0.00425628 0 0.00374852 0.0037452 0.00373845 0.00374235 0.00429023 0.00952063 
0.00850659 0.0083428 0.00877341 0.0086373 0.00858287 0.00861595 0.00853828 0.0083246 0.00833228 0.00865186 0.00880957 0.00827721 0.00857332 0.0089437 0.0120402 0.0205137 0.119243 0.0377482 0.027603 0.0211528 0.014639 0.0171513 0.00976048 0.00975728 0.00939951 0.0125711 0.0170864 0.0575615 0.0796926 0.0197218 0.0147458 0.0177858 0.0395522 0.0476738 0.0247016 0.0104059 0.00928175 0.0101483 0.0178525 0.0124351 0.0250737 0.040309 0.0106933 0.0104674 0.00383781 0.00394044 0.00378331 0.00377322 0.00371812 0.00374852 0 0.00372096 0.00370523 0.00371056 0.00384242 0.00932289 
0.00858779 0.0082644 0.00836097 0.00907706 0.0084535 0.00855258 0.0084234 0.00833944 0.00826501 0.00866792 0.00853 0.00831069 0.00837803 0.0103608 0.0095848 0.0492064 0.0238667 0.0287057 0.0217683 0.0144091 0.0161195 0.0118985 0.0100054 0.00953469 0.009304 0.0100112 0.021953 0.0438931 0.0514644 0.0201059 0.0119848 0.0167904 0.0394984 0.0558192 0.0151457 0.0117086 0.00935519 0.0110519 0.0118407 0.0211572 0.029649 0.0196185 0.0171975 0.0102781 0.00442939 0.00423808 0.00449629 0.00388578 0.00376409 0.0037452 0.00372096 0 0.0037242 0.00370289 0.00400267 0.00983512 
0.00852951 0.00824992 0.00837219 0.00847726 0.00837006 0.00847617 0.00833646 0.00820783 0.00823875 0.00832298 0.00848396 0.00823497 0.00821276 0.0102023 0.0205261 0.0112084 0.0132848 0.0118658 0.0105223 0.00959053 0.00987607 0.0099196 0.00886768 0.00950042 0.0091479 0.0109319 0.0129934 0.0152176 0.0156464 0.0157806 0.010809 0.0128592 0.02285 0.021721 0.0133189 0.00938722 0.00924422 0.0105039 0.012636 0.0231988 0.0134352 0.0136263 0.0112491 0.00868192 0.00449422 0.00986346 0.00424686 0.00374268 0.00371483 0.00373845 0.00370523 0.0037242 0 0.00372562 0.00487507 0.00910941 
0.0097822 0.00850134 0.00864629 0.00871827 0.00831958 0.00840007 0.00831592 0.00853576 0.00855395 0.00832322 0.00838919 0.0088807 0.00872272 0.0157788 0.00860721 0.00897979 0.00896526 0.00910166 0.00904484 0.00860136 0.00848392 0.00893719 0.00876339 0.0110925 0.00943199 0.0148396 0.010265 0.010498 0.00984166 0.0109065 0.0108907 0.0204429 0.0108018 0.0102791 0.00936901 0.0128735 0.0122701 0.0142264 0.0149386 0.0111738 0.0102429 0.0109749 0.00882028 0.0100109 0.0107308 0.0070768 0.00419264 0.00409897 0.00383085 0.00374235 0.00371056 0.00370289 0.00372562 0 0.00765665 0.0125571 
0.0112592 0.00929388 0.00872513 0.00885741 0.00840885 0.00853415 0.00849671 0.00938488 0.00916509 0.00860785 0.00849636 0.0108491 0.0103338 0.00908107 0.00812197 0.00816627 0.00833015 0.00817397 0.00819512 0.00810405 0.00809865 0.00802252 0.00841255 0.00936844 0.0099898 0.00923867 0.00854382 0.00856785 0.0083621 0.00895074 0.0111499 0.0125586 0.00889736 0.00867455 0.00957933 0.0110121 0.0300974 0.0277371 0.0100751 0.00982899 0.00894819 0.00866307 0.00912489 0.0121633 0.00815546 0.00714848 0.00562747 0.00600912 0.00464681 0.00429023 0.00384242 0.00400267 0.00487507 0.00765665 0 0.307694 
0.0104709 0.00871134 0.00862191 0.00934193 0.00840265 0.00845144 0.00844583 0.00897887 0.00884548 0.00833691 0.0083607 0.00979644 0.00936748 0.00845263 0.008225 0.00833377 0.00868072 0.00825169 0.00822954 0.00826685 0.00808291 0.00828364 0.00853422 0.00956193 0.00864055 0.00887078 0.0087499 0.00874474 0.00856901 0.00895375 0.00974105 0.01087 0.00876561 0.00886116 0.00895876 0.0102657 0.0211086 0.024279 0.0121912 0.00987901 0.0123544 0.00960046 0.00974088 0.0131729 0.0173419 0.0110413 0.0106331 0.0104403 0.0114601 0.00952063 0.00932289 0.00983512 0.00910941 0.0125571 0.307694 0 
