1J48A
APAFSVSPASGLSDGQSVSVSVSGAAAGETYYIAQCAPVGGQDACNPATATSFTTDASGAASFSFVVRKSYTGSTPEGTPVGSVDCATAACNLGAGNSGLDLGHVALTF
CCEEEEECCCCCCCCCEEEEEEECCCCCCEEEEEEEEEECCEEEECCCCCEEEECCCCCCEEEEEECCCEEEEECCCCCEEEEEECCCCCCEEEEEECCEEEEEEECCC
0 0 0 0 0 0 0 0 0 0 0 0 0 0 0 0 0 0 0 0 0 0 0 0 0 0 0 0 0 0 0 0 0 0 0 0 0 0 0 0 0 0 0 0 0 0 0 0 0 0 0 0 0 0 0 0 0 0 0 0 0 0 0 0 0 0 0 0 0 0 0 0 0 0 0 0 0 0 0 0 0 0 0 0 0 0 0 0 0 0 0 0 0 0 0 0 0 0 0 0 0 0 0 0 0 0 0 0 0 
0 0 0 0 0 0 0 0 0 0 0 0 0 0 0 0 0 0 0 0 0 0 0 0 0 0 0 0 0 0 0 0 0 0 0 0 0 0 0 0 0 0 0 0 0 0 0 0 0 0 0 0 0 0 0 0 0 0 0 0 0 0 0 0 0 0 0 0 0 0 0 0 0 0 0 0 0 0 0 0 0 0 0 0 0 0 0 0 0 0 0 0 0 0 0 0 0 0 0 0 0 0 0 0 0 0 0 0 0 
0 0.00381986 0.00385321 0.00382214 0.00588385 0.0224663 0.00836753 0.0332617 0.00962024 0.0420698 0.00983584 0.22346 0.0136438 0.00960495 0.0135773 0.00904219 0.0112052 0.0130655 0.00982265 0.00926159 0.00977091 0.0123028 0.010304 0.00902368 0.00981879 0.0302132 0.0111246 0.00968413 0.00875014 0.047169 0.00897345 0.00934299 0.00831885 0.0107625 0.00851666 0.0319777 0.0114366 0.00834832 0.00925843 0.00851601 0.0205546 0.00872153 0.00815786 0.00815904 0.00866973 0.00823458 0.0134338 0.00910552 0.00834497 0.00851856 0.00846549 0.00873182 0.0102115 0.0085774 0.00846726 0.00807689 0.00818509 0.00824089 0.00819463 0.0101866 
0.00381986 0 0.00372591 0.00415675 0.00371531 0.00747998 0.0625987 0.00930703 0.0915409 0.00939831 0.337642 0.00909671 0.00897039 0.0358485 0.00905299 0.0238982 0.0117462 0.00997938 0.0138537 0.0112375 0.00935097 0.0113728 0.00903463 0.00926704 0.0167845 0.0107761 0.00999297 0.00889052 0.0322559 0.00897554 0.0109792 0.00844786 0.0145875 0.00845109 0.0304943 0.00877106 0.00843861 0.0162911 0.00835161 0.0216028 0.00861438 0.00808622 0.00853876 0.00879459 0.00832631 0.0137876 0.00826072 0.00834705 0.0129694 0.00877885 0.00960971 0.00850152 0.00876017 0.00871081 0.00803029 0.00954164 0.00819539 0.00843071 0.00891491 0.0083052 
0.00385321 0.00372591 0 0.0036936 0.00388582 0.0225167 0.00827759 0.169736 0.00914563 0.359255 0.00861997 0.011029 0.013237 0.00880404 0.0620141 0.0093668 0.0120723 0.0221054 0.0105092 0.0101671 0.0116076 0.00897351 0.00912838 0.0122512 0.00999417 0.00963082 0.00921429 0.0308309 0.00870125 0.01728 0.00857408 0.0153078 0.00853804 0.0538029 0.0085245 0.0158652 0.0122379 0.00840561 0.0493439 0.00855274 0.0094608 0.00851232 0.00841546 0.00876406 0.0157143 0.00833991 0.0118447 0.00972242 0.00877187 0.0154918 0.00964923 0.00868091 0.00841898 0.00836862 0.0100446 0.00827801 0.00952392 0.00893152 0.00837523 0.00943353 
0.00382214 0.00415675 0.0036936 0 0.00377173 0.00977002 0.0906027 0.00845743 0.261199 0.00821746 0.0187572 0.00903816 0.00909346 0.0389897 0.00876979 0.0138123 0.0112277 0.00992416 0.0113049 0.0103737 0.00920978 0.00996606 0.0101776 0.00919715 0.0108435 0.00924043 0.0143275 0.00871608 0.0265249 0.00863854 0.0133533 0.00855774 0.0165243 0.00856029 0.024063 0.0086835 0.00857637 0.0379595 0.00851963 0.0107596 0.00854269 0.00843479 0.00867856 0.00886655 0.00833938 0.0144602 0.00835212 0.00841626 0.0117497 0.0085302 0.00909574 0.00849556 0.00846196 0.00968658 0.00837176 0.00938511 0.00829247 0.00836713 0.00876576 0.00820461 
0.00588385 0.00371531 0.00388582 0.00377173 0 0.0849429 0.00723436 0.136018 0.00708476 0.0100866 0.00770225 0.009964 0.0220397 0.00894684 0.0133406 0.00866923 0.00882477 0.0115242 0.00884697 0.00877323 0.00869629 0.00914437 0.0121085 0.00876022 0.00904385 0.00974296 0.011529 0.0108371 0.00852678 0.0153676 0.0115053 0.0114154 0.00834729 0.010599 0.00837786 0.0132156 0.0268764 0.00842013 0.00945164 0.00827406 0.00944802 0.00963776 0.00841993 0.00813988 0.0087752 0.0081395 0.0110417 0.0124065 0.00822228 0.0085211 0.00836335 0.0083091 0.00865785 0.0105282 0.00945175 0.00814449 0.00835142 0.00817205 0.0080806 0.00904254 
0.0224663 0.00747998 0.0225167 0.00977002 0.0849429 0 0.00408723 0.00409029 0.00370658 0.00459791 0.00403085 0.0100977 0.0100108 0.00740473 0.0115117 0.00786086 0.00986738 0.0240801 0.029515 0.0106123 0.0110652 0.011845 0.00997741 0.00884481 0.0094087 0.0236113 0.0108431 0.0108933 0.00928473 0.0475573 0.00965245 0.0103692 0.00856377 0.0135589 0.00894052 0.0632781 0.0173626 0.00854432 0.0106929 0.00869806 0.0188324 0.00980333 0.00833952 0.00842052 0.00972272 0.00827303 0.0230341 0.0101223 0.00836523 0.00862728 0.0085918 0.00913179 0.0114176 0.00905877 0.00933198 0.00815149 0.008656 0.00853078 0.0085045 0.0119158 
0.00836753 0.0625987 0.00827759 0.0906027 0.00723436 0.00408723 0 0.00370599 0.00400564 0.0037109 0.00466003 0.00381188 0.00656041 0.0181086 0.00765451 0.019092 0.0427542 0.0144916 0.0128286 0.0102253 0.00933068 0.0119946 0.00897578 0.0087941 0.0122614 0.0101446 0.011723 0.00883074 0.047111 0.00886019 0.0139851 0.00861864 0.0199927 0.00849368 0.0747233 0.00897577 0.00906331 0.0249219 0.00845847 0.0149774 0.00877614 0.00836156 0.00907574 0.00914925 0.00826197 0.0188863 0.00827814 0.00850392 0.0149763 0.00881876 0.0110921 0.00858862 0.00906595 0.00941665 0.00815472 0.0108923 0.00829569 0.00861397 0.00947135 0.00831653 
0.0332617 0.00930703 0.169736 0.00845743 0.136018 0.00409029 0.00370599 0 0.00372969 0.0040292 0.00378604 0.00391726 0.0124247 0.00732506 0.0442782 0.0110364 0.0208808 0.0208232 0.0101093 0.00929403 0.0110248 0.00822835 0.0088536 0.0108183 0.00963731 0.010118 0.00978179 0.0399674 0.00870078 0.0201648 0.00882608 0.0221215 0.00870902 0.162597 0.00875132 0.0205918 0.017626 0.00859857 0.0501744 0.00876376 0.0117417 0.00947819 0.00890712 0.00907433 0.0222269 0.00839319 0.0171853 0.0115199 0.00908561 0.0192964 0.0100382 0.0094438 0.00858438 0.0087269 0.0121871 0.00848135 0.0116406 0.00979421 0.00886943 0.0100435 
0.00962024 0.0915409 0.00914563 0.261199 0.00708476 0.00370658 0.00400564 0.00372969 0 0.00372765 0.00391078 0.00371543 0.00593868 0.0221181 0.0135142 0.0496021 0.0126885 0.0100669 0.0122067 0.0105959 0.00797769 0.010289 0.00904326 0.00890135 0.0102006 0.0101255 0.0150871 0.00876452 0.029005 0.00885617 0.014134 0.00860022 0.158167 0.00875342 0.0303712 0.00889393 0.00857986 0.0507622 0.00877628 0.0227225 0.00877585 0.00873388 0.00905438 0.0126812 0.00862958 0.0220307 0.00852862 0.00872425 0.0203878 0.010499 0.0182595 0.00892134 0.00927436 0.0101956 0.00831809 0.0170225 0.0088236 0.00926069 0.00970289 0.00843477 
0.0420698 0.00939831 0.359255 0.00821746 0.0100866 0.00459791 0.0037109 0.0040292 0.00372765 0 0.00371143 0.00375582 0.014079 0.0119925 0.109721 0.00747177 0.00807161 0.0133273 0.00818718 0.00836501 0.0102683 0.00802856 0.00888243 0.0100946 0.00979959 0.00994133 0.00924677 0.019185 0.00868672 0.0179934 0.00880342 0.101968 0.00872851 0.037775 0.00886506 0.0178497 0.0293659 0.00868619 0.040516 0.0088033 0.00996175 0.00931351 0.00917923 0.00906287 0.0197154 0.00845906 0.0145963 0.0127998 0.00921472 0.0200879 0.0101247 0.00898692 0.00858359 0.00847491 0.011786 0.00861062 0.0108151 0.00943326 0.0087467 0.00954499 
0.00983584 0.337642 0.00861997 0.0187572 0.00770225 0.00403085 0.00466003 0.00378604 0.00391078 0.00371143 0 0.00379017 0.0147514 0.123533 0.00801105 0.0115604 0.00874824 0.00802001 0.00836324 0.00833356 0.00773297 0.00895852 0.00914677 0.00967767 0.0127434 0.0096569 0.0107807 0.00890462 0.0253817 0.00883071 0.0572994 0.00860903 0.0123856 0.00860758 0.0252446 0.00900945 0.00871619 0.0324574 0.00860147 0.0138492 0.00877673 0.00886361 0.00862884 0.00915856 0.00844399 0.0157738 0.00847397 0.00873969 0.01407 0.00896101 0.00964557 0.00885386 0.00861351 0.0093587 0.00844615 0.00961535 0.00839389 0.00837132 0.00890501 0.00826407 
0.22346 0.00909671 0.011029 0.00903816 0.009964 0.0100977 0.00381188 0.00391726 0.00371543 0.00375582 0.00379017 0 0.128803 0.00682338 0.00807188 0.00596409 0.00652012 0.00742608 0.00692482 0.00670641 0.00679534 0.00770492 0.0113522 0.00850032 0.00874999 0.0133162 0.0114993 0.00974005 0.00886057 0.0180393 0.0136907 0.00962426 0.00852928 0.00960708 0.00883361 0.0158008 0.01758 0.00872916 0.00929802 0.00869746 0.0122165 0.0100627 0.00863569 0.00830978 0.00858797 0.00840863 0.0128671 0.0137552 0.00877992 0.0087207 0.00890783 0.00865231 0.0092536 0.0101746 0.00886365 0.0083403 0.00838651 0.00834648 0.00821572 0.00919019 
0.0136438 0.00897039 0.013237 0.00909346 0.0220397 0.0100108 0.00656041 0.0124247 0.00593868 0.014079 0.0147514 0.128803 0 0.0068154 0.00412461 0.00372515 0.00374129 0.00430439 0.00377312 0.00388279 0.00572289 0.00711455 0.00699762 0.00843483 0.00899507 0.0226838 0.00999311 0.00986207 0.00915431 0.152909 0.00955205 0.00958893 0.00856095 0.0120273 0.0088695 0.0382297 0.0154847 0.00874637 0.00976309 0.0086651 0.021071 0.010777 0.00852666 0.00847757 0.0096141 0.00842386 0.0248495 0.0103706 0.00843725 0.00854207 0.0085635 0.00948135 0.0120137 0.00902426 0.0088345 0.00814776 0.00840162 0.00834966 0.0085817 0.0122606 
0.00960495 0.0358485 0.00880404 0.0389897 0.00894684 0.00740473 0.0181086 0.00732506 0.0221181 0.0119925 0.123533 0.00682338 0.0068154 0 0.00371157 0.00371692 0.00374368 0.00368758 0.00378963 0.00399989 0.00408025 0.00568698 0.0061699 0.0064063 0.01214 0.00817034 0.0098098 0.00877343 0.164271 0.0111873 0.0128177 0.00876406 0.0136623 0.00858978 0.0353015 0.00959758 0.00935016 0.0204838 0.00867703 0.017058 0.00943046 0.00885512 0.00949759 0.00930416 0.00855903 0.0180065 0.00870196 0.00884603 0.0151052 0.00916848 0.0105765 0.00908339 0.0096135 0.00903745 0.00828231 0.00970409 0.00848394 0.00867212 0.0091691 0.00866343 
0.0135773 0.00905299 0.0620141 0.00876979 0.0133406 0.0115117 0.00765451 0.0442782 0.0135142 0.109721 0.00801105 0.00807188 0.00412461 0.00371157 0 0.00370541 0.00369163 0.00371454 0.00369689 0.00381376 0.00379914 0.00384769 0.00603 0.0092477 0.00705926 0.00828059 0.00870382 0.103954 0.00967732 0.0327182 0.00876692 0.0183758 0.00889615 0.0392687 0.00881674 0.0157919 0.0134084 0.00870006 0.0373888 0.0090394 0.0101881 0.00929449 0.00902253 0.010005 0.0244347 0.00858762 0.0128865 0.010573 0.00998027 0.0287063 0.0124136 0.00969305 0.00873081 0.00852359 0.0110342 0.00868374 0.0114807 0.0100364 0.00877083 0.00999801 
0.00904219 0.0238982 0.0093668 0.0138123 0.00866923 0.00786086 0.019092 0.0110364 0.0496021 0.00747177 0.0115604 0.00596409 0.00372515 0.00371692 0.00370541 0 0.00370491 0.00368951 0.00371711 0.00372174 0.00373243 0.00418251 0.00598806 0.00549784 0.00935691 0.00723811 0.0198462 0.0090198 0.034882 0.0100766 0.0111455 0.00905232 0.0216785 0.00933675 0.0163013 0.00922283 0.00895253 0.0232637 0.00962485 0.0153142 0.00917632 0.00885456 0.00935199 0.0125559 0.00978739 0.0137471 0.00897917 0.00971989 0.0209746 0.0147174 0.0209376 0.0103306 0.00915302 0.0089693 0.00890101 0.0130673 0.00967573 0.00983074 0.0095751 0.00857675 
0.0112052 0.0117462 0.0120723 0.0112277 0.00882477 0.00986738 0.0427542 0.0208808 0.0126885 0.00807161 0.00874824 0.00652012 0.00374129 0.00374368 0.00369163 0.00370491 0 0.00369842 0.00369053 0.00370378 0.00371276 0.00395853 0.00430762 0.00684707 0.00624472 0.00725471 0.00826234 0.0191195 0.0187743 0.00963234 0.00971133 0.0116288 0.0108781 0.0103398 0.0135812 0.0108112 0.0123164 0.0105357 0.0130506 0.012059 0.0100608 0.00867911 0.0102821 0.0132505 0.0120773 0.0122194 0.010474 0.0104558 0.0181128 0.0261791 0.0223684 0.0104572 0.00930054 0.0088983 0.00947504 0.0123977 0.0115195 0.0108862 0.00984574 0.00916054 
0.0130655 0.00997938 0.0221054 0.00992416 0.0115242 0.0240801 0.0144916 0.0208232 0.0100669 0.0133273 0.00802001 0.00742608 0.00430439 0.00368758 0.00371454 0.00368951 0.00369842 0 0.00369754 0.00369509 0.00381462 0.00373152 0.00502038 0.00463265 0.00738201 0.010724 0.0332855 0.0136131 0.00955597 0.0126416 0.00979756 0.012529 0.00986635 0.0151339 0.0114044 0.014874 0.0107792 0.00951256 0.0181835 0.0115903 0.0113317 0.00948391 0.00981252 0.0106728 0.0175795 0.0107591 0.0140416 0.0111691 0.0147451 0.0316377 0.0216186 0.0114229 0.00927774 0.00881568 0.0110885 0.00986863 0.0113762 0.0116844 0.00964637 0.0095408 
0.00982265 0.0138537 0.0105092 0.0113049 0.00884697 0.029515 0.0128286 0.0101093 0.0122067 0.00818718 0.00836324 0.00692482 0.00377312 0.00378963 0.00369689 0.00371711 0.00369053 0.00369754 0 0.00369239 0.00369001 0.00370845 0.00376648 0.00606758 0.00623398 0.844613 0.00804066 0.00828322 0.00965806 0.00958087 0.0103358 0.00922158 0.0119703 0.0141634 0.0114177 0.00997129 0.00916782 0.0117855 0.0102016 0.0121937 0.00988315 0.00888559 0.00905935 0.0115298 0.010387 0.0105171 0.0100807 0.0103008 0.0153052 0.0172842 0.0184674 0.00993324 0.00904058 0.00891967 0.0088197 0.010066 0.0104717 0.0094137 0.00933366 0.00884384 
0.00926159 0.0112375 0.0101671 0.0103737 0.00877323 0.0106123 0.0102253 0.00929403 0.0105959 0.00836501 0.00833356 0.00670641 0.00388279 0.00399989 0.00381376 0.00372174 0.00370378 0.00369509 0.00369239 0 0.00370047 0.00368666 0.00408129 0.00431777 0.910683 0.00534707 0.00723669 0.00727442 0.00918585 0.00819099 0.00987347 0.00933014 0.0131503 0.00914856 0.00997202 0.00891172 0.00913672 0.0104375 0.0106301 0.00943761 0.00879907 0.00857098 0.00931518 0.0107616 0.0103135 0.00932828 0.00873445 0.00982167 0.0152192 0.0145599 0.0116461 0.00881301 0.00860953 0.00896504 0.00873262 0.00980728 0.00925792 0.00918293 0.00873523 0.00831473 
0.00977091 0.00935097 0.0116076 0.00920978 0.00869629 0.0110652 0.00933068 0.0110248 0.00797769 0.0102683 0.00773297 0.00679534 0.00572289 0.00408025 0.00379914 0.00373243 0.00371276 0.00381462 0.00369001 0.00370047 0 0.00368935 0.00413064 0.969391 0.00440736 0.00533698 0.00688867 0.0136843 0.00740373 0.00854328 0.00954179 0.0157744 0.00862167 0.00963488 0.00880582 0.00970794 0.00961661 0.00925228 0.0106721 0.00931058 0.00900336 0.00867877 0.00884332 0.00875611 0.00979927 0.0088389 0.00929127 0.0112144 0.0101987 0.0102588 0.00934149 0.00912607 0.00845122 0.00872047 0.00917466 0.00858286 0.00873947 0.00857085 0.0085387 0.00832239 
0.0123028 0.0113728 0.00897351 0.00996606 0.00914437 0.011845 0.0119946 0.00822835 0.010289 0.00802856 0.00895852 0.00770492 0.00711455 0.00568698 0.00384769 0.00418251 0.00395853 0.00373152 0.00370845 0.00368666 0.00368935 0 0.99665 0.00391693 0.0038265 0.00482226 0.0109686 0.00657478 0.00812101 0.00785094 0.0225977 0.00835342 0.00867946 0.00827332 0.0107124 0.0111358 0.010923 0.010354 0.00854051 0.00956401 0.0116112 0.0100791 0.00858788 0.00864244 0.00835457 0.00957073 0.00977131 0.0109244 0.00947021 0.00892949 0.00898756 0.00867626 0.00924092 0.0123964 0.00857835 0.00875968 0.00832761 0.00825453 0.0084583 0.00879924 
0.010304 0.00903463 0.00912838 0.0101776 0.0121085 0.00997741 0.00897578 0.0088536 0.00904326 0.00888243 0.00914677 0.0113522 0.00699762 0.0061699 0.00603 0.00598806 0.00430762 0.00502038 0.00376648 0.00408129 0.00413064 0.99665 0 0.00401569 0.00398736 0.00499533 0.00595728 0.00637197 0.008343 0.0421149 0.00887743 0.0082389 0.0087105 0.00859799 0.00995219 0.0217123 0.01024 0.00874389 0.00868416 0.0115428 0.0145855 0.00991383 0.00864014 0.00857516 0.00881113 0.00864429 0.0122818 0.00990858 0.008883 0.00869074 0.00890256 0.00912018 0.0131273 0.00899538 0.00855788 0.00834396 0.00841659 0.00848174 0.00853349 0.011128 
0.00902368 0.00926704 0.0122512 0.00919715 0.00876022 0.00884481 0.0087941 0.0108183 0.00890135 0.0100946 0.00967767 0.00850032 0.00843483 0.0064063 0.0092477 0.00549784 0.00684707 0.00463265 0.00606758 0.00431777 0.969391 0.00391693 0.00401569 0 0.00425551 0.00370062 0.00443581 0.00706987 0.0190292 0.0200592 0.00778843 0.00876401 0.00878196 0.00959937 0.00947437 0.00954798 0.00922778 0.00862642 0.01114 0.00995149 0.00949617 0.00846305 0.0086474 0.0087998 0.00972228 0.00891641 0.00927774 0.00904405 0.00997333 0.0101603 0.00958755 0.00962778 0.00857033 0.00828258 0.00860727 0.00852723 0.00870524 0.00846377 0.00859079 0.00843309 
0.00981879 0.0167845 0.00999417 0.0108435 0.00904385 0.0094087 0.0122614 0.00963731 0.0102006 0.00979959 0.0127434 0.00874999 0.00899507 0.01214 0.00705926 0.00935691 0.00624472 0.00738201 0.00623398 0.910683 0.00440736 0.0038265 0.00398736 0.00425551 0 0.00369078 0.00663644 0.0151919 0.0152473 0.00942845 0.00879588 0.00992089 0.00912383 0.00888484 0.0106647 0.0106266 0.00890024 0.0189377 0.0102271 0.0124032 0.00978435 0.0084363 0.00924043 0.00926307 0.00959438 0.0118352 0.00998829 0.0112072 0.0165203 0.0124968 0.0116509 0.0106289 0.00904211 0.0090066 0.00906943 0.00907496 0.00907004 0.00887326 0.00964738 0.00871764 
0.0302132 0.0107761 0.00963082 0.00924043 0.00974296 0.0236113 0.0101446 0.010118 0.0101255 0.00994133 0.0096569 0.0133162 0.0226838 0.00817034 0.00828059 0.00723811 0.00725471 0.010724 0.844613 0.00534707 0.00533698 0.00482226 0.00499533 0.00370062 0.00369078 0 0.0412983 0.00725771 0.00515462 0.0067913 0.0166074 0.011236 0.00865321 0.00972771 0.0100936 0.0174647 0.0266711 0.0115382 0.00961769 0.0114633 0.0235087 0.0127774 0.00948621 0.00884403 0.00935619 0.00968714 0.0175847 0.0200535 0.0108195 0.0107948 0.010173 0.0103501 0.013012 0.0171981 0.0100319 0.00921872 0.0091174 0.00898997 0.00894661 0.0107092 
0.0111246 0.00999297 0.00921429 0.0143275 0.011529 0.0108431 0.011723 0.00978179 0.0150871 0.00924677 0.0107807 0.0114993 0.00999311 0.0098098 0.00870382 0.0198462 0.00826234 0.0332855 0.00804066 0.00723669 0.00688867 0.0109686 0.00595728 0.00443581 0.00663644 0.0412983 0 0.00381422 0.00386253 0.00419421 0.00709641 0.00666935 0.0119793 0.0137377 0.0151857 0.0275132 0.00919221 0.00978224 0.00865083 0.0107494 0.0167279 0.0104095 0.00884697 0.00883049 0.00884866 0.00901658 0.0127055 0.0105604 0.0101055 0.0090595 0.0100744 0.0092291 0.0143517 0.00960828 0.00904173 0.00894035 0.00858805 0.00879357 0.00879302 0.0121126 
0.00968413 0.00889052 0.0308309 0.00871608 0.0108371 0.0108933 0.00883074 0.0399674 0.00876452 0.019185 0.00890462 0.00974005 0.00986207 0.00877343 0.103954 0.0090198 0.0191195 0.0136131 0.00828322 0.00727442 0.0136843 0.00657478 0.00637197 0.00706987 0.0151919 0.00725771 0.00381422 0 0.00371703 0.00386739 0.00564707 0.022931 0.00876387 0.0180623 0.0077326 0.0116536 0.00944445 0.00827186 0.0265967 0.00904927 0.00996157 0.0088625 0.00969581 0.00884061 0.0143935 0.00841914 0.0146784 0.0106805 0.00956214 0.0140447 0.00937858 0.00966984 0.00904649 0.00886816 0.0106046 0.00861069 0.00969153 0.00917245 0.00913772 0.00966361 
0.00875014 0.0322559 0.00870125 0.0265249 0.00852678 0.00928473 0.047111 0.00870078 0.029005 0.00868672 0.0253817 0.00886057 0.00915431 0.164271 0.00967732 0.034882 0.0187743 0.00955597 0.00965806 0.00918585 0.00740373 0.00812101 0.008343 0.0190292 0.0152473 0.00515462 0.00386253 0.00371703 0 0.00372687 0.0364633 0.0116368 0.0234956 0.00673764 0.0199435 0.00774838 0.00796476 0.0352752 0.00815692 0.0166004 0.00920463 0.00931695 0.00958188 0.0105268 0.00863352 0.0293052 0.0086537 0.00916888 0.0278117 0.00916051 0.0112532 0.00918865 0.0101898 0.0113919 0.00869185 0.0124659 0.00867812 0.00894712 0.0107666 0.00862242 
0.047169 0.00897554 0.01728 0.00863854 0.0153676 0.0475573 0.00886019 0.0201648 0.00885617 0.0179934 0.00883071 0.0180393 0.152909 0.0111873 0.0327182 0.0100766 0.00963234 0.0126416 0.00958087 0.00819099 0.00854328 0.00785094 0.0421149 0.0200592 0.00942845 0.0067913 0.00419421 0.00386739 0.00372687 0 0.0137611 0.0170823 0.00514405 0.0109037 0.00657383 0.0184487 0.0344152 0.00838546 0.0162101 0.00866449 0.0179219 0.0154109 0.00998267 0.00888173 0.013481 0.00849505 0.0405418 0.0364095 0.00921619 0.0123953 0.00989443 0.0106193 0.0121314 0.0161211 0.0141185 0.00885726 0.0110147 0.00930626 0.00900818 0.0137909 
0.00897345 0.0109792 0.00857408 0.0133533 0.0115053 0.00965245 0.0139851 0.00882608 0.014134 0.00880342 0.0572994 0.0136907 0.00955205 0.0128177 0.00876692 0.0111455 0.00971133 0.00979756 0.0103358 0.00987347 0.00954179 0.0225977 0.00887743 0.00778843 0.00879588 0.0166074 0.00709641 0.00564707 0.0364633 0.0137611 0 0.00371513 0.0040187 0.0037435 0.00485601 0.00472282 0.00576466 0.00771322 0.00657117 0.0138495 0.0620607 0.0101853 0.00849587 0.00910175 0.0084437 0.0150997 0.0128321 0.0108425 0.01321 0.00909456 0.00996189 0.0100371 0.0355267 0.0120298 0.00879298 0.00970755 0.00872568 0.0089716 0.00995788 0.0147676 
0.00934299 0.00844786 0.0153078 0.00855774 0.0114154 0.0103692 0.00861864 0.0221215 0.00860022 0.101968 0.00860903 0.00962426 0.00958893 0.00876406 0.0183758 0.00905232 0.0116288 0.012529 0.00922158 0.00933014 0.0157744 0.00835342 0.0082389 0.00876401 0.00992089 0.011236 0.00666935 0.022931 0.0116368 0.0170823 0.00371513 0 0.00368352 0.00377293 0.00376725 0.00420875 0.005164 0.00549417 0.011201 0.0229418 0.0368336 0.00813591 0.00849401 0.00821633 0.0123109 0.00817449 0.0139037 0.0109361 0.00938827 0.011716 0.00947262 0.0182636 0.00913834 0.00872818 0.0107384 0.00856399 0.00983782 0.00915991 0.00930015 0.00975828 
0.00831885 0.0145875 0.00853804 0.0165243 0.00834729 0.00856377 0.0199927 0.00870902 0.158167 0.00872851 0.0123856 0.00852928 0.00856095 0.0136623 0.00889615 0.0216785 0.0108781 0.00986635 0.0119703 0.0131503 0.00862167 0.00867946 0.0087105 0.00878196 0.00912383 0.00865321 0.0119793 0.00876387 0.0234956 0.00514405 0.0040187 0.00368352 0 0.00369852 0.00401324 0.00371462 0.00390808 0.0114515 0.0102806 0.0316159 0.00893523 0.00812649 0.00808395 0.00944561 0.00806775 0.018923 0.00842436 0.00883388 0.0145155 0.00914636 0.0236245 0.00876542 0.00901223 0.00969899 0.00841502 0.0125747 0.00868985 0.00912387 0.00930656 0.00849341 
0.0107625 0.00845109 0.0538029 0.00856029 0.010599 0.0135589 0.00849368 0.162597 0.00875342 0.037775 0.00860758 0.00960708 0.0120273 0.00858978 0.0392687 0.00933675 0.0103398 0.0151339 0.0141634 0.00914856 0.00963488 0.00827332 0.00859799 0.00959937 0.00888484 0.00972771 0.0137377 0.0180623 0.00673764 0.0109037 0.0037435 0.00377293 0.00369852 0 0.00368856 0.00382782 0.00871975 0.00517207 0.0628389 0.00681151 0.00890234 0.00768766 0.00799179 0.00852498 0.0217085 0.00814656 0.0143393 0.01205 0.00878447 0.0340574 0.00944808 0.00925383 0.00873699 0.0086538 0.0132756 0.0086804 0.0133552 0.0100126 0.00897687 0.0105151 
0.00851666 0.0304943 0.0085245 0.024063 0.00837786 0.00894052 0.0747233 0.00875132 0.0303712 0.00886506 0.0252446 0.00883361 0.0088695 0.0353015 0.00881674 0.0163013 0.0135812 0.0114044 0.0114177 0.00997202 0.00880582 0.0107124 0.00995219 0.00947437 0.0106647 0.0100936 0.0151857 0.0077326 0.0199435 0.00657383 0.00485601 0.00376725 0.00401324 0.00368856 0 0.00370245 0.00554876 0.111484 0.00432531 0.00639883 0.0060912 0.00799629 0.0102299 0.0106205 0.00840224 0.0264963 0.00837213 0.0093079 0.061136 0.00933988 0.0117023 0.00941183 0.0103616 0.0125795 0.0095984 0.0159717 0.00898409 0.00923989 0.0117125 0.00867165 
0.0319777 0.00877106 0.0158652 0.0086835 0.0132156 0.0632781 0.00897577 0.0205918 0.00889393 0.0178497 0.00900945 0.0158008 0.0382297 0.00959758 0.0157919 0.00922283 0.0108112 0.014874 0.00997129 0.00891172 0.00970794 0.0111358 0.0217123 0.00954798 0.0106266 0.0174647 0.0275132 0.0116536 0.00774838 0.0184487 0.00472282 0.00420875 0.00371462 0.00382782 0.00370245 0 0.119313 0.00483249 0.00544776 0.00422549 0.0072871 0.0158464 0.00848135 0.00862049 0.016222 0.00813154 0.0393593 0.0823387 0.00925226 0.0140281 0.0102392 0.0159071 0.0139386 0.0183019 0.0159847 0.00906233 0.0110523 0.0100037 0.00988688 0.0160941 
0.0114366 0.00843861 0.0122379 0.00857637 0.0268764 0.0173626 0.00906331 0.017626 0.00857986 0.0293659 0.00871619 0.01758 0.0154847 0.00935016 0.0134084 0.00895253 0.0123164 0.0107792 0.00916782 0.00913672 0.00961661 0.010923 0.01024 0.00922778 0.00890024 0.0266711 0.00919221 0.00944445 0.00796476 0.0344152 0.00576466 0.005164 0.00390808 0.00871975 0.00554876 0.119313 0 0.0046618 0.00383157 0.00375227 0.00508712 0.00897812 0.00646685 0.00723403 0.0168448 0.018899 0.767792 0.0151956 0.00854189 0.00945709 0.00881346 0.0107078 0.0171871 0.0108069 0.0116465 0.00849171 0.00970258 0.00921651 0.00956381 0.0274281 
0.00834832 0.0162911 0.00840561 0.0379595 0.00842013 0.00854432 0.0249219 0.00859857 0.0507622 0.00868619 0.0324574 0.00872916 0.00874637 0.0204838 0.00870006 0.0232637 0.0105357 0.00951256 0.0117855 0.0104375 0.00925228 0.010354 0.00874389 0.00862642 0.0189377 0.0115382 0.00978224 0.00827186 0.0352752 0.00838546 0.00771322 0.00549417 0.0114515 0.00517207 0.111484 0.00483249 0.0046618 0 0.00368348 0.00380558 0.00380792 0.00705144 0.00660927 0.010976 0.0268925 0.824166 0.00768944 0.00881483 0.0198002 0.00913116 0.0130881 0.0104082 0.0121903 0.0125415 0.0083798 0.0140718 0.00863381 0.00933632 0.0135251 0.00907309 
0.00925843 0.00835161 0.0493439 0.00851963 0.00945164 0.0106929 0.00845847 0.0501744 0.00877628 0.040516 0.00860147 0.00929802 0.00976309 0.00867703 0.0373888 0.00962485 0.0130506 0.0181835 0.0102016 0.0106301 0.0106721 0.00854051 0.00868416 0.01114 0.0102271 0.00961769 0.00865083 0.0265967 0.00815692 0.0162101 0.00657117 0.011201 0.0102806 0.0628389 0.00432531 0.00544776 0.00383157 0.00368348 0 0.00369715 0.00375518 0.00567124 0.00569706 0.0356302 0.801401 0.00708333 0.0089792 0.0099386 0.00863397 0.0167272 0.00998151 0.0100104 0.00866392 0.00855671 0.013891 0.00840133 0.0113759 0.0102369 0.00878824 0.00951024 
0.00851601 0.0216028 0.00855274 0.0107596 0.00827406 0.00869806 0.0149774 0.00876376 0.0227225 0.0088033 0.0138492 0.00869746 0.0086651 0.017058 0.0090394 0.0153142 0.012059 0.0115903 0.0121937 0.00943761 0.00931058 0.00956401 0.0115428 0.00995149 0.0124032 0.0114633 0.0107494 0.00904927 0.0166004 0.00866449 0.0138495 0.0229418 0.0316159 0.00681151 0.00639883 0.00422549 0.00375227 0.00380558 0.00369715 0 0.00371124 0.00693425 0.0516815 0.672888 0.00601726 0.00971169 0.00656903 0.00880054 0.024943 0.00984701 0.0116992 0.010181 0.00962665 0.0107941 0.00866737 0.0117885 0.00871277 0.00882609 0.0104648 0.00876071 
0.0205546 0.00861438 0.0094608 0.00854269 0.00944802 0.0188324 0.00877614 0.0117417 0.00877585 0.00996175 0.00877673 0.0122165 0.021071 0.00943046 0.0101881 0.00917632 0.0100608 0.0113317 0.00988315 0.00879907 0.00900336 0.0116112 0.0145855 0.00949617 0.00978435 0.0235087 0.0167279 0.00996157 0.00920463 0.0179219 0.0620607 0.0368336 0.00893523 0.00890234 0.0060912 0.0072871 0.00508712 0.00380792 0.00375518 0.00371124 0 0.654835 0.0597636 0.00582557 0.00647074 0.00632812 0.0109159 0.0176203 0.00911087 0.0106079 0.00966124 0.0109885 0.0139016 0.0161508 0.0110363 0.00893048 0.00899915 0.00889858 0.00915378 0.0146906 
0.00872153 0.00808622 0.00851232 0.00843479 0.00963776 0.00980333 0.00836156 0.00947819 0.00873388 0.00931351 0.00886361 0.0100627 0.010777 0.00885512 0.00929449 0.00885456 0.00867911 0.00948391 0.00888559 0.00857098 0.00867877 0.0100791 0.00991383 0.00846305 0.0084363 0.0127774 0.0104095 0.0088625 0.00931695 0.0154109 0.0101853 0.00813591 0.00812649 0.00768766 0.00799629 0.0158464 0.00897812 0.00705144 0.00567124 0.00693425 0.654835 0 0.00373179 0.00369939 0.00387197 0.0043683 0.00502522 0.00746606 0.00686359 0.00700155 0.00814661 0.0138089 0.0220754 0.0100711 0.00854869 0.00829342 0.00854533 0.00852932 0.00895483 0.0143727 
0.00815786 0.00853876 0.00841546 0.00867856 0.00841993 0.00833952 0.00907574 0.00890712 0.00905438 0.00917923 0.00862884 0.00863569 0.00852666 0.00949759 0.00902253 0.00935199 0.0102821 0.00981252 0.00905935 0.00931518 0.00884332 0.00858788 0.00864014 0.0086474 0.00924043 0.00948621 0.00884697 0.00969581 0.00958188 0.00998267 0.00849587 0.00849401 0.00808395 0.00799179 0.0102299 0.00848135 0.00646685 0.00660927 0.00569706 0.0516815 0.0597636 0.00373179 0 0.00370419 0.00368728 0.00382349 0.00372664 0.00624629 0.00685158 0.00807196 0.0193498 0.0283865 0.0123731 0.00819045 0.00858632 0.00836978 0.00835305 0.00845212 0.00951995 0.0187447 
0.00815904 0.00879459 0.00876406 0.00886655 0.00813988 0.00842052 0.00914925 0.00907433 0.0126812 0.00906287 0.00915856 0.00830978 0.00847757 0.00930416 0.010005 0.0125559 0.0132505 0.0106728 0.0115298 0.0107616 0.00875611 0.00864244 0.00857516 0.0087998 0.00926307 0.00884403 0.00883049 0.00884061 0.0105268 0.00888173 0.00910175 0.00821633 0.00944561 0.00852498 0.0106205 0.00862049 0.00723403 0.010976 0.0356302 0.672888 0.00582557 0.00369939 0.00370419 0 0.00378361 0.00373268 0.0037549 0.00533938 0.00679113 0.008913 0.0138765 0.0098455 0.00894442 0.00842914 0.00808726 0.00976576 0.00859648 0.0114483 0.0200214 0.00879636 
0.00866973 0.00832631 0.0157143 0.00833938 0.0087752 0.00972272 0.00826197 0.0222269 0.00862958 0.0197154 0.00844399 0.00858797 0.0096141 0.00855903 0.0244347 0.00978739 0.0120773 0.0175795 0.010387 0.0103135 0.00979927 0.00835457 0.00881113 0.00972228 0.00959438 0.00935619 0.00884866 0.0143935 0.00863352 0.013481 0.0084437 0.0123109 0.00806775 0.0217085 0.00840224 0.016222 0.0168448 0.0268925 0.801401 0.00601726 0.00647074 0.00387197 0.00368728 0.00378361 0 0.00369084 0.00383361 0.00624249 0.00636303 0.0190663 0.0246627 0.00817794 0.00732724 0.0077391 0.0118433 0.00817912 0.0139885 0.0201967 0.00893367 0.0104607 
0.00823458 0.0137876 0.00833991 0.0144602 0.0081395 0.00827303 0.0188863 0.00839319 0.0220307 0.00845906 0.0157738 0.00840863 0.00842386 0.0180065 0.00858762 0.0137471 0.0122194 0.0107591 0.0105171 0.00932828 0.0088389 0.00957073 0.00864429 0.00891641 0.0118352 0.00968714 0.00901658 0.00841914 0.0293052 0.00849505 0.0150997 0.00817449 0.018923 0.00814656 0.0264963 0.00813154 0.018899 0.824166 0.00708333 0.00971169 0.00632812 0.0043683 0.00382349 0.00373268 0.00369084 0 0.00369709 0.00618513 0.0317957 0.0128989 0.00955797 0.00773096 0.00734535 0.00933209 0.00787245 0.0121599 0.00821106 0.00838585 0.0146814 0.00892351 
0.0134338 0.00826072 0.0118447 0.00835212 0.0110417 0.0230341 0.00827814 0.0171853 0.00852862 0.0145963 0.00847397 0.0128671 0.0248495 0.00870196 0.0128865 0.00897917 0.010474 0.0140416 0.0100807 0.00873445 0.00929127 0.00977131 0.0122818 0.00927774 0.00998829 0.0175847 0.0127055 0.0146784 0.0086537 0.0405418 0.0128321 0.0139037 0.00842436 0.0143393 0.00837213 0.0393593 0.767792 0.00768944 0.0089792 0.00656903 0.0109159 0.00502522 0.00372664 0.0037549 0.00383361 0.00369709 0 0.0313653 0.00568694 0.00842928 0.00634062 0.00807962 0.0076675 0.00951406 0.0132799 0.0076365 0.00865504 0.00900245 0.00900171 0.0289536 
0.00910552 0.00834705 0.00972242 0.00841626 0.0124065 0.0101223 0.00850392 0.0115199 0.00872425 0.0127998 0.00873969 0.0137552 0.0103706 0.00884603 0.010573 0.00971989 0.0104558 0.0111691 0.0103008 0.00982167 0.0112144 0.0109244 0.00990858 0.00904405 0.0112072 0.0200535 0.0105604 0.0106805 0.00916888 0.0364095 0.0108425 0.0109361 0.00883388 0.01205 0.0093079 0.0823387 0.0151956 0.00881483 0.0099386 0.00880054 0.0176203 0.00746606 0.00624629 0.00533938 0.00624249 0.00618513 0.0313653 0 0.00370233 0.00369148 0.00372218 0.00373421 0.00544433 0.00589128 0.00887323 0.00766496 0.00849268 0.0105307 0.0798401 0.695691 
0.00834497 0.0129694 0.00877187 0.0117497 0.00822228 0.00836523 0.0149763 0.00908561 0.0203878 0.00921472 0.01407 0.00877992 0.00843725 0.0151052 0.00998027 0.0209746 0.0181128 0.0147451 0.0153052 0.0152192 0.0101987 0.00947021 0.008883 0.00997333 0.0165203 0.0108195 0.0101055 0.00956214 0.0278117 0.00921619 0.01321 0.00938827 0.0145155 0.00878447 0.061136 0.00925226 0.00854189 0.0198002 0.00863397 0.024943 0.00911087 0.00686359 0.00685158 0.00679113 0.00636303 0.0317957 0.00568694 0.00370233 0 0.00371287 0.00368955 0.00373624 0.00379918 0.00538877 0.00625682 0.00675271 0.00912879 0.131892 0.637526 0.0112144 
0.00851856 0.00877885 0.0154918 0.0085302 0.0085211 0.00862728 0.00881876 0.0192964 0.010499 0.0200879 0.00896101 0.0087207 0.00854207 0.00916848 0.0287063 0.0147174 0.0261791 0.0316377 0.0172842 0.0145599 0.0102588 0.00892949 0.00869074 0.0101603 0.0124968 0.0107948 0.0090595 0.0140447 0.00916051 0.0123953 0.00909456 0.011716 0.00914636 0.0340574 0.00933988 0.0140281 0.00945709 0.00913116 0.0167272 0.00984701 0.0106079 0.00700155 0.00807196 0.008913 0.0190663 0.0128989 0.00842928 0.00369148 0.00371287 0 0.00369361 0.00368941 0.00370972 0.00422143 0.00648014 0.00954515 0.254255 0.592729 0.0201797 0.0113803 
0.00846549 0.00960971 0.00964923 0.00909574 0.00836335 0.0085918 0.0110921 0.0100382 0.0182595 0.0101247 0.00964557 0.00890783 0.0085635 0.0105765 0.0124136 0.0209376 0.0223684 0.0216186 0.0184674 0.0116461 0.00934149 0.00898756 0.00890256 0.00958755 0.0116509 0.010173 0.0100744 0.00937858 0.0112532 0.00989443 0.00996189 0.00947262 0.0236245 0.00944808 0.0117023 0.0102392 0.00881346 0.0130881 0.00998151 0.0116992 0.00966124 0.00814661 0.0193498 0.0138765 0.0246627 0.00955797 0.00634062 0.00372218 0.00368955 0.00369361 0 0.00370547 0.00375304 0.00483097 0.0172004 0.413642 0.464054 0.015085 0.00865515 0.00762712 
0.00873182 0.00850152 0.00868091 0.00849556 0.0083091 0.00913179 0.00858862 0.0094438 0.00892134 0.00898692 0.00885386 0.00865231 0.00948135 0.00908339 0.00969305 0.0103306 0.0104572 0.0114229 0.00993324 0.00881301 0.00912607 0.00867626 0.00912018 0.00962778 0.0106289 0.0103501 0.0092291 0.00966984 0.00918865 0.0106193 0.0100371 0.0182636 0.00876542 0.00925383 0.00941183 0.0159071 0.0107078 0.0104082 0.0100104 0.010181 0.0109885 0.0138089 0.0283865 0.0098455 0.00817794 0.00773096 0.00807962 0.00373421 0.00373624 0.00368941 0.00370547 0 0.00390754 0.00798553 0.913492 0.0814404 0.00809794 0.0130436 0.00756998 0.00846505 
0.0102115 0.00876017 0.00841898 0.00846196 0.00865785 0.0114176 0.00906595 0.00858438 0.00927436 0.00858359 0.00861351 0.0092536 0.0120137 0.0096135 0.00873081 0.00915302 0.00930054 0.00927774 0.00904058 0.00860953 0.00845122 0.00924092 0.0131273 0.00857033 0.00904211 0.013012 0.0143517 0.00904649 0.0101898 0.0121314 0.0355267 0.00913834 0.00901223 0.00873699 0.0103616 0.0139386 0.0171871 0.0121903 0.00866392 0.00962665 0.0139016 0.0220754 0.0123731 0.00894442 0.00732724 0.00734535 0.0076675 0.00544433 0.00379918 0.00370972 0.00375304 0.00390754 0 0.993998 0.00654507 0.00707367 0.00460723 0.00511155 0.00598914 0.0080602 
0.0085774 0.00871081 0.00836862 0.00968658 0.0105282 0.00905877 0.00941665 0.0087269 0.0101956 0.00847491 0.0093587 0.0101746 0.00902426 0.00903745 0.00852359 0.0089693 0.0088983 0.00881568 0.00891967 0.00896504 0.00872047 0.0123964 0.00899538 0.00828258 0.0090066 0.0171981 0.00960828 0.00886816 0.0113919 0.0161211 0.0120298 0.00872818 0.00969899 0.0086538 0.0125795 0.0183019 0.0108069 0.0125415 0.00855671 0.0107941 0.0161508 0.0100711 0.00819045 0.00842914 0.0077391 0.00933209 0.00951406 0.00589128 0.00538877 0.00422143 0.00483097 0.00798553 0.993998 0 0.00419284 0.00380873 0.00376042 0.00389759 0.00432052 0.00649342 
0.00846726 0.00803029 0.0100446 0.00837176 0.00945175 0.00933198 0.00815472 0.0121871 0.00831809 0.011786 0.00844615 0.00886365 0.0088345 0.00828231 0.0110342 0.00890101 0.00947504 0.0110885 0.0088197 0.00873262 0.00917466 0.00857835 0.00855788 0.00860727 0.00906943 0.0100319 0.00904173 0.0106046 0.00869185 0.0141185 0.00879298 0.0107384 0.00841502 0.0132756 0.0095984 0.0159847 0.0116465 0.0083798 0.013891 0.00866737 0.0110363 0.00854869 0.00858632 0.00808726 0.0118433 0.00787245 0.0132799 0.00887323 0.00625682 0.00648014 0.0172004 0.913492 0.00654507 0.00419284 0 0.00371004 0.00375318 0.00377819 0.0038302 0.00450606 
0.00807689 0.00954164 0.00827801 0.00938511 0.00814449 0.00815149 0.0108923 0.00848135 0.0170225 0.00861062 0.00961535 0.0083403 0.00814776 0.00970409 0.00868374 0.0130673 0.0123977 0.00986863 0.010066 0.00980728 0.00858286 0.00875968 0.00834396 0.00852723 0.00907496 0.00921872 0.00894035 0.00861069 0.0124659 0.00885726 0.00970755 0.00856399 0.0125747 0.0086804 0.0159717 0.00906233 0.00849171 0.0140718 0.00840133 0.0117885 0.00893048 0.00829342 0.00836978 0.00976576 0.00817912 0.0121599 0.0076365 0.00766496 0.00675271 0.00954515 0.413642 0.0814404 0.00707367 0.00380873 0.00371004 0 0.0036897 0.00376219 0.00383456 0.00382333 
0.00818509 0.00819539 0.00952392 0.00829247 0.00835142 0.008656 0.00829569 0.0116406 0.0088236 0.0108151 0.00839389 0.00838651 0.00840162 0.00848394 0.0114807 0.00967573 0.0115195 0.0113762 0.0104717 0.00925792 0.00873947 0.00832761 0.00841659 0.00870524 0.00907004 0.0091174 0.00858805 0.00969153 0.00867812 0.0110147 0.00872568 0.00983782 0.00868985 0.0133552 0.00898409 0.0110523 0.00970258 0.00863381 0.0113759 0.00871277 0.00899915 0.00854533 0.00835305 0.00859648 0.0139885 0.00821106 0.00865504 0.00849268 0.00912879 0.254255 0.464054 0.00809794 0.00460723 0.00376042 0.00375318 0.0036897 0 0.00376896 0.0037345 0.00383067 
0.00824089 0.00843071 0.00893152 0.00836713 0.00817205 0.00853078 0.00861397 0.00979421 0.00926069 0.00943326 0.00837132 0.00834648 0.00834966 0.00867212 0.0100364 0.00983074 0.0108862 0.0116844 0.0094137 0.00918293 0.00857085 0.00825453 0.00848174 0.00846377 0.00887326 0.00898997 0.00879357 0.00917245 0.00894712 0.00930626 0.0089716 0.00915991 0.00912387 0.0100126 0.00923989 0.0100037 0.00921651 0.00933632 0.0102369 0.00882609 0.00889858 0.00852932 0.00845212 0.0114483 0.0201967 0.00838585 0.00900245 0.0105307 0.131892 0.592729 0.015085 0.0130436 0.00511155 0.00389759 0.00377819 0.00376219 0.00376896 0 0.00384313 0.00376225 
0.00819463 0.00891491 0.00837523 0.00876576 0.0080806 0.0085045 0.00947135 0.00886943 0.00970289 0.0087467 0.00890501 0.00821572 0.0085817 0.0091691 0.00877083 0.0095751 0.00984574 0.00964637 0.00933366 0.00873523 0.0085387 0.0084583 0.00853349 0.00859079 0.00964738 0.00894661 0.00879302 0.00913772 0.0107666 0.00900818 0.00995788 0.00930015 0.00930656 0.00897687 0.0117125 0.00988688 0.00956381 0.0135251 0.00878824 0.0104648 0.00915378 0.00895483 0.00951995 0.0200214 0.00893367 0.0146814 0.00900171 0.0798401 0.637526 0.0201797 0.00865515 0.00756998 0.00598914 0.00432052 0.0038302 0.00383456 0.0037345 0.00384313 0 0.00374232 
0.0101866 0.0083052 0.00943353 0.00820461 0.00904254 0.0119158 0.00831653 0.0100435 0.00843477 0.00954499 0.00826407 0.00919019 0.0122606 0.00866343 0.00999801 0.00857675 0.00916054 0.0095408 0.00884384 0.00831473 0.00832239 0.00879924 0.011128 0.00843309 0.00871764 0.0107092 0.0121126 0.00966361 0.00862242 0.0137909 0.0147676 0.00975828 0.00849341 0.0105151 0.00867165 0.0160941 0.0274281 0.00907309 0.00951024 0.00876071 0.0146906 0.0143727 0.0187447 0.00879636 0.0104607 0.00892351 0.0289536 0.695691 0.0112144 0.0113803 0.00762712 0.00846505 0.0080602 0.00649342 0.00450606 0.00382333 0.00383067 0.00376225 0.00374232 0 
