1JQLB
MIRLYPEQLRAQLNEGLRAAYLLLGNDPLLLQESQDAVRQVAAAQGFEEHHTFSIDPNTDWNAIFSLCQAMSLFASRQTLLLLLPENGPNAAINEQLLTLTGLLHDDLLLIVRGNKLSKAQENAAWFTALANRSVQVTCQ
CEECCHHHHHHHHHHCCCCEEEEECCCHHHHHHHHHHHHHHHHHCCCCEEECCCCCCCCCHHHHHHHHHCCCCCCCCEEEEEECCCCCCCCCHHHHHHHHHHHCCCCCCEEEECCCCCCCHHHCHHHHHHHHHCEEEECC
0 0 0 0 0 0 0 0 0 0 0 0 0 0 0 0 0 0 0 0 0 0 0 0 0 0 0 0 0 0 0 0 0 0 0 0 0 0 0 0 0 0 0 0 0 0 0 0 0 0 0 0 0 0 0 0 0 0 0 0 0 0 0 0 0 0 0 0 0 0 0 0 0 0 0 0 0 0 0 0 0 0 0 0 0 0 0 0 0 0 0 0 0 0 0 0 0 0 0 0 0 0 0 0 0 0 0 0 0 0 0 0 0 0 0 0 0 0 0 0 0 0 0 0 0 0 0 0 0 0 0 0 0 0 0 0 0 0 0 0 
0 0 0 0 0 0 0 0 0 0 0 0 0 0 0 0 0 0 0 0 0 0 0 0 0 0 0 0 0 0 0 0 0 0 0 0 0 0 0 0 0 0 0 0 0 0 0 0 0 0 0 0 0 0 0 0 0 0 0 0 0 0 0 0 0 0 0 0 0 0 0 0 0 0 0 0 0 0 0 0 0 0 0 0 0 0 0 0 0 0 0 0 0 0 0 0 0 0 0 0 0 0 0 0 0 0 0 0 0 0 0 0 0 0 0 0 0 0 0 0 0 0 0 0 0 0 0 0 0 0 0 0 0 0 0 0 0 0 0 0 
0 0.00750045 0.0597277 0.0470484 0.0326436 0.0280243 0.0443776 0.0123786 0.0132747 0.0137261 0.0103891 0.00965158 0.00905188 0.00882759 0.0107981 0.00968015 0.0093481 0.00917383 0.00893521 0.010088 0.00825369 0.00825 0.00831843 0.00852055 
0.00750045 0 0.0318114 0.041837 0.0115559 0.0430987 0.0274596 0.0133231 0.0129736 0.00930646 0.0120385 0.0108366 0.00872992 0.0116679 0.00881282 0.0106468 0.0114098 0.00871924 0.00842112 0.00946006 0.00906493 0.00840801 0.008139 0.00916491 
0.0597277 0.0318114 0 0.00375549 0.0037202 0.00375858 0.00444329 0.0601135 0.0112482 0.0303795 0.0201019 0.0152469 0.0126989 0.0125613 0.013894 0.0269441 0.0193249 0.0128962 0.0114929 0.0180076 0.00925645 0.008696 0.00891194 0.0106874 
0.0470484 0.041837 0.00375549 0 0.00372423 0.00369521 0.00379152 0.0463897 0.0434351 0.0115443 0.0146294 0.0476956 0.0354153 0.0443052 0.0252981 0.0141508 0.0220451 0.0374778 0.0215147 0.0117052 0.0089144 0.0107722 0.010691 0.00932551 
0.0326436 0.0115559 0.0037202 0.00372423 0 0.00373137 0.00372238 0.0956409 0.0237247 0.0149828 0.0123114 0.0269059 0.106716 0.0645783 0.0332612 0.0121811 0.0202202 0.0381743 0.0382504 0.0101937 0.00966946 0.00992736 0.0123245 0.00891561 
0.0280243 0.0430987 0.00375858 0.00369521 0.00373137 0 0.00377896 0.0200137 0.123655 0.0238728 0.0111286 0.0233702 0.0349237 0.0363471 0.0468287 0.0167831 0.0146746 0.0291721 0.0407096 0.0113807 0.0111032 0.00993946 0.0116185 0.00892291 
0.0443776 0.0274596 0.00444329 0.00379152 0.00372238 0.00377896 0 0.0267917 0.0167447 0.202237 0.0190318 0.0129607 0.0121655 0.013433 0.0147538 0.0310134 0.0255308 0.012097 0.0129982 0.0184275 0.014859 0.00920783 0.00920658 0.00968462 
0.0123786 0.0133231 0.0601135 0.0463897 0.0956409 0.0200137 0.0267917 0 0.00378108 0.00368782 0.313108 0.019966 0.0220138 0.0186501 0.0119359 0.0217117 0.0145955 0.011458 0.0106858 0.0150442 0.00962065 0.00855537 0.00904398 0.01067 
0.0132747 0.0129736 0.0112482 0.0434351 0.0237247 0.123655 0.0167447 0.00378108 0 0.00393057 0.0121434 0.20845 0.0157601 0.0142139 0.0341709 0.0127458 0.00992679 0.0118877 0.0142622 0.0093434 0.0085197 0.00873826 0.00902473 0.00881335 
0.0137261 0.00930646 0.0303795 0.0115443 0.0149828 0.0238728 0.202237 0.00368782 0.00393057 0 0.0317167 0.0151939 0.074224 0.015956 0.0298528 0.0626168 0.0171382 0.0111019 0.010117 0.011104 0.0122819 0.00890589 0.00928494 0.00879786 
0.0103891 0.0120385 0.0201019 0.0146294 0.0123114 0.0111286 0.0190318 0.313108 0.0121434 0.0317167 0 0.00401524 0.00372497 0.00376181 0.00408286 0.00537863 0.25416 0.0172755 0.0131724 0.0247079 0.0148203 0.00962401 0.0105174 0.0163237 
0.00965158 0.0108366 0.0152469 0.0476956 0.0269059 0.0233702 0.0129607 0.019966 0.20845 0.0151939 0.00401524 0 0.00370981 0.00371773 0.00381056 0.00401949 0.0989845 0.214459 0.02238 0.0150786 0.0103951 0.0193499 0.0125638 0.0127876 
0.00905188 0.00872992 0.0126989 0.0354153 0.106716 0.0349237 0.0121655 0.0220138 0.0157601 0.074224 0.00372497 0.00370981 0 0.00372808 0.00374455 0.00378145 0.209266 0.0521501 0.0992088 0.0117188 0.0125277 0.0145099 0.0248623 0.00932321 
0.00882759 0.0116679 0.0125613 0.0443052 0.0645783 0.0363471 0.013433 0.0186501 0.0142139 0.015956 0.00376181 0.00371773 0.00372808 0 0.00376171 0.00374653 0.0653936 0.408828 0.0332545 0.0253908 0.0108553 0.0398321 0.0135605 0.0142929 
0.0107981 0.00881282 0.013894 0.0252981 0.0332612 0.0468287 0.0147538 0.0119359 0.0341709 0.0298528 0.00408286 0.00381056 0.00374455 0.00376171 0 0.00404205 0.0376164 0.0668141 0.561595 0.0155665 0.0166334 0.0119316 0.0678236 0.00931242 
0.00968015 0.0106468 0.0269441 0.0141508 0.0121811 0.0167831 0.0310134 0.0217117 0.0127458 0.0626168 0.00537863 0.00401949 0.00378145 0.00374653 0.00404205 0 0.0330757 0.0382263 0.0554106 0.562738 0.0189924 0.0141397 0.0110396 0.0335424 
0.0093481 0.0114098 0.0193249 0.0220451 0.0202202 0.0146746 0.0255308 0.0145955 0.00992679 0.0171382 0.25416 0.0989845 0.209266 0.0653936 0.0376164 0.0330757 0 0.00482144 0.00384439 0.00432623 0.306838 0.0236433 0.0206871 0.0398101 
0.00917383 0.00871924 0.0128962 0.0374778 0.0381743 0.0291721 0.012097 0.011458 0.0118877 0.0111019 0.0172755 0.214459 0.0521501 0.408828 0.0668141 0.0382263 0.00482144 0 0.00415472 0.00374158 0.0596691 0.283965 0.051464 0.0155445 
0.00893521 0.00842112 0.0114929 0.0215147 0.0382504 0.0407096 0.0129982 0.0106858 0.0142622 0.010117 0.0131724 0.02238 0.0992088 0.0332545 0.561595 0.0554106 0.00384439 0.00415472 0 0.00382317 0.021189 0.0625429 0.413975 0.0159091 
0.010088 0.00946006 0.0180076 0.0117052 0.0101937 0.0113807 0.0184275 0.0150442 0.0093434 0.011104 0.0247079 0.0150786 0.0117188 0.0253908 0.0155665 0.562738 0.00432623 0.00374158 0.00382317 0 0.0219786 0.0262808 0.0423433 0.349946 
0.00825369 0.00906493 0.00925645 0.0089144 0.00966946 0.0111032 0.014859 0.00962065 0.0085197 0.0122819 0.0148203 0.0103951 0.0125277 0.0108553 0.0166334 0.0189924 0.306838 0.0596691 0.021189 0.0219786 0 0.00377405 0.00373415 0.00457949 
0.00825 0.00840801 0.008696 0.0107722 0.00992736 0.00993946 0.00920783 0.00855537 0.00873826 0.00890589 0.00962401 0.0193499 0.0145099 0.0398321 0.0119316 0.0141397 0.0236433 0.283965 0.0625429 0.0262808 0.00377405 0 0.0038012 0.00381212 
0.00831843 0.008139 0.00891194 0.010691 0.0123245 0.0116185 0.00920658 0.00904398 0.00902473 0.00928494 0.0105174 0.0125638 0.0248623 0.0135605 0.0678236 0.0110396 0.0206871 0.051464 0.413975 0.0423433 0.00373415 0.0038012 0 0.00374548 
0.00852055 0.00916491 0.0106874 0.00932551 0.00891561 0.00892291 0.00968462 0.01067 0.00881335 0.00879786 0.0163237 0.0127876 0.00932321 0.0142929 0.00931242 0.0335424 0.0398101 0.0155445 0.0159091 0.349946 0.00457949 0.00381212 0.00374548 0 
