1JX1B
SITAITVENLEYPAVVTSPVTGKSYFLGGAGERGLTIEGNFIKFAAIGVYLEDIAVASLAAKWKGKSSEELLETLDFYRDIISGPFEKLIRGSKIRELSGPEYSRKVMENCVAHLKSVGTYGDAEAEAMQKFAEAFKPVNFPPGASVFYRQSPDGILGLSFSPDTSIPEKEAALIENKAVSSAVLETMIGEHAVSPDLKRCLAARLPALLNEGAFKI
CCCCEEECCEEECCEEECCCCCCEEEEEEEEEEEEEECCEEEEEEEEEEEEECCHHHHHHHHHCCCCHHHHHCCHHHHHHHHCCCCCEEEEEEECCCEEHHHHHHHHHHHHHHHHHHCCCCCHHHHHHHHHHHHHHCCCEECCCCEEEEEECCCCEEEEEEECCCCCCCCCCEEEECHHHHCHHHHHHHCCCCCCCHHHHHHHHHHHHHHHCCCCCC
0 0 0 0 0 0 0 0 0 0 0 0 0 0 0 0 0 0 0 0 0 0 0 0 0 0 0 0 0 0 0 0 0 0 0 0 0 0 0 0 0 0 0 0 0 0 0 0 0 0 0 0 0 0 0 0 0 0 0 0 0 0 0 0 0 0 0 0 0 0 0 0 0 0 0 0 0 0 0 0 0 0 0 0 0 0 0 0 0 0 0 0 0 0 0 0 0 0 0 0 0 0 0 0 0 0 0 0 0 0 0 0 0 0 0 0 0 0 0 0 0 0 0 0 0 0 0 0 0 0 0 0 0 0 0 0 0 0 0 0 0 0 0 0 0 0 0 0 0 0 0 0 0 0 0 0 0 0 0 0 0 0 0 0 0 0 0 0 0 0 0 0 0 0 0 0 0 0 0 0 0 0 0 0 0 0 0 0 0 0 0 0 0 0 0 0 0 0 0 0 0 0 0 0 0 0 0 0 0 0 0 0 0 0 0 0 0 
0 0 0 0 0 0 0 0 0 0 0 0 0 0 0 0 0 0 0 0 0 0 0 0 0 0 0 0 0 0 0 0 0 0 0 0 0 0 0 0 0 0 0 0 0 0 0 0 0 0 0 0 0 0 0 0 0 0 0 0 0 0 0 0 0 0 0 0 0 0 0 0 0 0 0 0 0 0 0 0 0 0 0 0 0 0 0 0 0 0 0 0 0 0 0 0 0 0 0 0 0 0 0 0 0 0 0 0 0 0 0 0 0 0 0 0 0 0 0 0 0 0 0 0 0 0 0 0 0 0 0 0 0 0 0 0 0 0 0 0 0 0 0 0 0 0 0 0 0 0 0 0 0 0 0 0 0 0 0 0 0 0 0 0 0 0 0 0 0 0 0 0 0 0 0 0 0 0 0 0 0 0 0 0 0 0 0 0 0 0 0 0 0 0 0 0 0 0 0 0 0 0 0 0 0 0 0 0 0 0 0 0 0 0 0 0 0 
0 0.00382849 0.00693 0.00890807 0.0084799 0.915031 0.00881958 0.0181694 0.0232573 0.0183964 0.0129292 0.0141015 0.0118751 0.0104567 0.0122817 0.00976522 0.0121154 0.00925378 0.0138281 0.00931831 0.0139239 0.00993557 0.0711798 0.0156801 0.00966081 0.0214333 0.00901924 0.0212988 0.01128 0.0121273 0.0136065 0.0108752 0.0144726 0.0103692 0.0139388 0.0191262 0.0101854 0.00968299 0.00959741 0.00877001 0.00954837 0.00912931 0.0119281 0.0107776 0.00912792 0.00833915 0.0101729 0.00859095 0.00863487 0.00841596 0.00851178 0.00827723 0.00953654 0.00839625 0.00841118 0.0085372 0.00854017 0.00833181 0.00845342 0.00917678 0.0091222 0.00816844 0.00884027 0.00889354 
0.00382849 0 0.00372679 0.00486286 0.952341 0.0048719 0.0106975 0.0163993 0.0131778 0.0104291 0.0250373 0.0111681 0.0097805 0.00984897 0.0096459 0.0102739 0.00868274 0.0126678 0.00844496 0.00993898 0.0086263 0.0444851 0.00890546 0.0105788 0.0309819 0.00864056 0.025954 0.00920351 0.0165613 0.0118971 0.0101093 0.0153193 0.00976654 0.0136316 0.0120496 0.0106304 0.00970862 0.0105316 0.00871483 0.0101183 0.00848881 0.0125011 0.00863876 0.00834794 0.00998023 0.00962543 0.0080545 0.00880716 0.00849562 0.00871825 0.00845671 0.00848739 0.00809348 0.0085479 0.00845609 0.00864961 0.00847082 0.0084905 0.00845765 0.00823908 0.00823588 0.00880928 0.00825227 0.00877567 
0.00693 0.00372679 0 0.956327 0.00391418 0.00536278 0.00854125 0.0129027 0.00968385 0.0219138 0.0128312 0.0110036 0.0111486 0.0108682 0.0117494 0.010603 0.013369 0.00851611 0.0113706 0.00905282 0.0135101 0.00868534 0.0288991 0.0331282 0.00972378 0.0199322 0.00868423 0.0191811 0.0102786 0.0114942 0.011871 0.0104146 0.0124759 0.00985018 0.0131977 0.0118558 0.0127464 0.0104019 0.00948411 0.00879523 0.0102616 0.00868159 0.00982816 0.0117611 0.00836335 0.00835852 0.00914326 0.00914669 0.00849315 0.00842157 0.00854492 0.00815168 0.00857124 0.00957736 0.00838088 0.00829392 0.00856651 0.00824611 0.00828871 0.00838968 0.0100483 0.00833914 0.00886678 0.00816896 
0.00890807 0.00486286 0.956327 0 0.0037111 0.00509026 0.0044638 0.0314996 0.051409 0.011617 0.00925646 0.0121387 0.00976035 0.0107127 0.0201428 0.015922 0.0103063 0.00867833 0.011784 0.00901164 0.011643 0.00932791 0.0714275 0.0120872 0.00964192 0.0161075 0.00884541 0.0168229 0.010593 0.0113084 0.0126457 0.0101914 0.0129252 0.00995686 0.0132906 0.0202632 0.0106628 0.00969347 0.00958391 0.00898751 0.0098637 0.00890343 0.0124778 0.0105304 0.00959591 0.00824747 0.00972679 0.00842753 0.00857932 0.00836889 0.00844525 0.0082755 0.00934563 0.00831752 0.00827238 0.00837907 0.00844846 0.00819327 0.00853307 0.00893735 0.00938091 0.00808113 0.0088901 0.00929729 
0.0084799 0.952341 0.00391418 0.0037111 0 0.003947 0.00598747 0.0203912 0.0117688 0.00731861 0.0113326 0.00926298 0.00961249 0.0130454 0.0092688 0.009514 0.00843551 0.0112529 0.00825516 0.00914704 0.00832801 0.034322 0.00858011 0.00932232 0.0192675 0.00841804 0.0158347 0.00876076 0.0129226 0.0118702 0.00920511 0.0127321 0.00924767 0.0128431 0.0106721 0.0101812 0.00911753 0.00974903 0.00867836 0.00900575 0.0084657 0.0108136 0.00846254 0.00816229 0.0103843 0.00887937 0.00802328 0.00843492 0.0083331 0.008407 0.00827139 0.00838952 0.0080792 0.00823323 0.00831352 0.00845957 0.00833244 0.00831013 0.00823181 0.00819274 0.00808494 0.00852436 0.00811275 0.00867247 
0.915031 0.0048719 0.00536278 0.00509026 0.003947 0 0.0479033 0.00642197 0.00405285 0.0151988 0.0100105 0.00992254 0.0162861 0.0113491 0.0107504 0.00876091 0.0106909 0.00822199 0.00992845 0.00860105 0.0129835 0.00840975 0.0199351 0.0255836 0.00930991 0.0137127 0.00850171 0.0168306 0.00942923 0.00992297 0.0112116 0.00942794 0.0132043 0.00947048 0.0118957 0.0097628 0.013204 0.00955744 0.00918987 0.00865645 0.00959822 0.00855763 0.00922985 0.00988525 0.00831372 0.00828204 0.00845645 0.00915061 0.00836384 0.00829974 0.00843838 0.00816903 0.00830696 0.00945922 0.00838507 0.00818895 0.00838594 0.00814497 0.00821063 0.00826685 0.00939501 0.00827254 0.00831509 0.00803339 
0.00881958 0.0106975 0.00854125 0.0044638 0.00598747 0.0479033 0 0.00381656 0.00418458 0.00849402 0.00969371 0.357587 0.0122368 0.00866788 0.00778426 0.00908296 0.00807691 0.0109468 0.00826078 0.0105442 0.00814011 0.0180772 0.0134414 0.011913 0.0137169 0.00892402 0.0158093 0.00954512 0.0165482 0.0105756 0.0101755 0.0115989 0.0101074 0.0139812 0.00965037 0.0232256 0.0112601 0.0107395 0.00941773 0.00985892 0.00862869 0.0098423 0.0121948 0.00880223 0.0134691 0.0101482 0.00832652 0.00902228 0.00822909 0.00866439 0.00833267 0.00838565 0.00906746 0.00864303 0.00815267 0.00864615 0.00821145 0.00850262 0.00833507 0.00949834 0.00834924 0.00876514 0.00812812 0.0108018 
0.0181694 0.0163993 0.0129027 0.0314996 0.0203912 0.00642197 0.00381656 0 0.00373467 0.0102516 0.461167 0.0131951 0.00941274 0.00784729 0.00935212 0.00787228 0.00996277 0.00786921 0.0104656 0.00813919 0.0125524 0.00907779 0.0203045 0.0106426 0.00981272 0.0161603 0.00846623 0.0188464 0.0095409 0.0122232 0.0108888 0.00972276 0.0139499 0.00911353 0.0507533 0.00948164 0.00917689 0.0117398 0.00970167 0.00896509 0.0104657 0.00942696 0.00897296 0.0108997 0.00848903 0.00817349 0.00892208 0.00825965 0.0090208 0.00847606 0.00848654 0.00847925 0.00824835 0.00816497 0.00874954 0.00844253 0.00873862 0.0082851 0.00863608 0.00823939 0.0086486 0.00829617 0.00913869 0.00805136 
0.0232573 0.0131778 0.00968385 0.051409 0.0117688 0.00405285 0.00418458 0.00373467 0 0.596322 0.0236382 0.00888149 0.00712934 0.00785187 0.00929528 0.00899321 0.00882969 0.010089 0.00817623 0.0105551 0.0084206 0.0134535 0.00942862 0.0162075 0.0180115 0.00868529 0.0149021 0.00920345 0.017216 0.0102412 0.0113889 0.0122104 0.0101758 0.0146944 0.00976125 0.0203303 0.0158815 0.0111793 0.00954438 0.0104618 0.0089526 0.00939786 0.0119087 0.00956017 0.0103801 0.0103142 0.00811379 0.0113784 0.0087061 0.00880978 0.00853417 0.00832314 0.00847111 0.0112672 0.00859836 0.00870723 0.00836576 0.00857341 0.00824385 0.00885667 0.00929634 0.00893912 0.00813904 0.00956134 
0.0183964 0.0104291 0.0219138 0.011617 0.00731861 0.0151988 0.00849402 0.0102516 0.596322 0 0.00373014 0.00372354 0.00374246 0.0037238 0.00384185 0.00411954 0.00463486 0.00538459 0.00761122 0.00658261 0.00687775 0.00797998 0.0194176 0.00994262 0.00896019 0.00951272 0.0174292 0.0152366 0.0108112 0.0102842 0.0102905 0.0104006 0.0108068 0.0103561 0.012354 0.04776 0.0219187 0.0101363 0.00960437 0.0097619 0.00925751 0.0102581 0.0167692 0.00979976 0.0119897 0.00869314 0.00878583 0.00867285 0.00836013 0.00855109 0.00846689 0.0085128 0.00993398 0.00832218 0.00832531 0.00848756 0.00852236 0.008354 0.00871883 0.00989428 0.00843067 0.00821518 0.00825157 0.00980371 
0.0129292 0.0250373 0.0128312 0.00925646 0.0113326 0.0100105 0.00969371 0.461167 0.0236382 0.00373014 0 0.00371077 0.00370785 0.0037061 0.00374231 0.00380549 0.00602658 0.00459481 0.00579415 0.00616508 0.00679772 0.00933782 0.0122328 0.00776656 0.0101656 0.0210828 0.0106648 0.0130779 0.0141452 0.0149775 0.0184152 0.0161316 0.0208239 0.0151622 0.0390548 0.348866 0.011563 0.0190823 0.0188674 0.0153287 0.0151881 0.0151753 0.0106644 0.00946302 0.00922645 0.00826504 0.00821258 0.00871798 0.0102987 0.0100629 0.00990368 0.00942109 0.00869859 0.00847177 0.0094615 0.00959435 0.00994554 0.00911623 0.00925728 0.00858465 0.0085299 0.00844471 0.00877736 0.00857104 
0.0141015 0.0111681 0.0110036 0.0121387 0.00926298 0.00992254 0.357587 0.0131951 0.00888149 0.00372354 0.00371077 0 0.00370828 0.00370259 0.00373836 0.00376789 0.00416325 0.00411118 0.00537472 0.00680139 0.00745443 0.00984017 0.00781737 0.00815373 0.0116368 0.0102681 0.014957 0.0147545 0.0164886 0.0269083 0.0250776 0.0318135 0.0248494 0.0889698 0.486041 0.0187863 0.0118342 0.0213904 0.0390397 0.0368413 0.0355929 0.0180511 0.0115925 0.00889474 0.00880706 0.00829406 0.00809894 0.0092973 0.0112263 0.015306 0.0137488 0.00965832 0.00890745 0.00878603 0.0101029 0.0135913 0.0114502 0.0115226 0.00947456 0.00848136 0.00851361 0.00917709 0.00894195 0.00849332 
0.0118751 0.0097805 0.0111486 0.00976035 0.00961249 0.0162861 0.0122368 0.00941274 0.00712934 0.00374246 0.00370785 0.00370828 0 0.00369443 0.00370327 0.00373878 0.0036935 0.00377352 0.00453626 0.00480562 0.00600932 0.00695283 0.00808661 0.00732256 0.00884242 0.0121908 0.00973011 0.0149223 0.0149592 0.0183351 0.0256642 0.0200809 0.0646602 0.562326 0.0920403 0.011016 0.0111654 0.0193282 0.0381357 0.0340732 0.044143 0.0187416 0.0127482 0.00882655 0.00870725 0.00812521 0.00808676 0.00893662 0.0122459 0.0155636 0.0148135 0.0101907 0.00871333 0.00871926 0.0106533 0.0119175 0.0143807 0.0110568 0.00945702 0.00856182 0.00858534 0.0085858 0.0090551 0.00832126 
0.0104567 0.00984897 0.0108682 0.0107127 0.0130454 0.0113491 0.00866788 0.00784729 0.00785187 0.0037238 0.0037061 0.00370259 0.00369443 0 0.00369762 0.00369064 0.00374621 0.00373644 0.00799705 0.00408491 0.00433482 0.00651698 0.00751893 0.0069577 0.00893854 0.00934581 0.0114548 0.0120269 0.0141609 0.0178493 0.0176001 0.0608448 0.412419 0.134783 0.0141736 0.0118942 0.0111423 0.0147688 0.0338828 0.0347004 0.0262056 0.0161828 0.0124531 0.00876836 0.00885092 0.00816586 0.00812723 0.00887532 0.0110458 0.0160648 0.0138848 0.00955577 0.00875481 0.0088495 0.0100861 0.0129954 0.0117891 0.0115164 0.00918186 0.0085059 0.0085123 0.00885307 0.00888056 0.00838587 
0.0122817 0.0096459 0.0117494 0.0201428 0.0092688 0.0107504 0.00778426 0.00935212 0.00929528 0.00384185 0.00374231 0.00373836 0.00370327 0.00369762 0 0.00369186 0.00369911 0.00374455 0.00384327 0.00407398 0.00434368 0.00476571 0.00672754 0.00652245 0.00821935 0.0112836 0.00950458 0.0138176 0.0140585 0.0155268 0.0879162 0.361418 0.234084 0.0159339 0.0182894 0.0113567 0.0102827 0.0168485 0.0329623 0.024428 0.0242747 0.0147019 0.011629 0.00886419 0.00870513 0.00809928 0.00805143 0.00902577 0.0114253 0.0136109 0.0129218 0.00947926 0.00889446 0.00861973 0.0102164 0.0112927 0.011764 0.0106884 0.00899126 0.0085541 0.00845964 0.00858352 0.0087959 0.00830854 
0.00976522 0.0102739 0.010603 0.015922 0.009514 0.00876091 0.00908296 0.00787228 0.00899321 0.00411954 0.00380549 0.00376789 0.00373878 0.00369064 0.00369186 0 0.00364549 0.00369482 0.00376099 0.0038535 0.00417196 0.00469075 0.00522155 0.00647221 0.0120955 0.00759924 0.0102543 0.00883078 0.012848 0.0853546 0.335649 0.280637 0.0126839 0.0197657 0.01059 0.0115073 0.010141 0.0139387 0.0197958 0.0181472 0.0148121 0.0123939 0.00989128 0.0086207 0.00854595 0.00806785 0.00809779 0.00859749 0.00973262 0.0113582 0.0102819 0.00869325 0.00866033 0.00869274 0.00902457 0.0104842 0.00966774 0.00939997 0.00863175 0.0085529 0.00826377 0.00886705 0.00847845 0.00824778 
0.0121154 0.00868274 0.013369 0.0103063 0.00843551 0.0106909 0.00807691 0.00996277 0.00882969 0.00463486 0.00602658 0.00416325 0.0036935 0.00374621 0.00369911 0.00364549 0 0.00372564 0.003713 0.00378707 0.00388346 0.00390553 0.00428671 0.00603584 0.00767096 0.0156521 0.00727172 0.0125407 0.0643502 0.467907 0.261584 0.0111238 0.0163662 0.011064 0.0141624 0.0095969 0.00947296 0.0126609 0.0185886 0.0159866 0.0230342 0.0099222 0.0108067 0.00876121 0.00854078 0.00805865 0.00820884 0.00845844 0.00997039 0.0097692 0.010423 0.00905484 0.00865753 0.00829338 0.00901568 0.00948982 0.0104257 0.00912582 0.00882406 0.00838711 0.0083529 0.0083969 0.00859488 0.00829377 
0.00925378 0.0126678 0.00851611 0.00867833 0.0112529 0.00822199 0.0109468 0.00786921 0.010089 0.00538459 0.00459481 0.00411118 0.00377352 0.00373644 0.00374455 0.00369482 0.00372564 0 0.00376331 0.00378256 0.00376578 0.0041387 0.00385819 0.00637128 0.0102519 0.0066649 0.0144929 0.0154451 0.537097 0.201903 0.0107985 0.0132678 0.0101743 0.014452 0.00880242 0.00957971 0.0096129 0.0104737 0.015423 0.0171614 0.0112556 0.0141089 0.0090452 0.00827434 0.0085357 0.00814593 0.00796319 0.00842376 0.00881978 0.0112756 0.00981383 0.00854766 0.00829375 0.00832741 0.00868282 0.0107983 0.00910639 0.0095778 0.00831613 0.00826405 0.00817894 0.00849761 0.00823494 0.00832491 
0.0138281 0.00844496 0.0113706 0.011784 0.00825516 0.00992845 0.00826078 0.0104656 0.00817623 0.00761122 0.00579415 0.00537472 0.00453626 0.00799705 0.00384327 0.00376099 0.003713 0.00376331 0 0.00375132 0.00374666 0.00397627 0.00392282 0.00588477 0.00616511 0.0111646 0.011136 0.646034 0.158433 0.00996589 0.0110604 0.00881312 0.0118343 0.00891633 0.0101124 0.00845773 0.00970783 0.00987394 0.0127171 0.0101778 0.0171337 0.00886222 0.00897798 0.00861006 0.00837921 0.00798269 0.00821613 0.00833334 0.00911101 0.00894305 0.00950944 0.0085091 0.00822264 0.00828967 0.00884183 0.00878158 0.00936484 0.0084531 0.00854612 0.00813904 0.00844384 0.00826184 0.00838762 0.00805399 
0.00931831 0.00993898 0.00905282 0.00901164 0.00914704 0.00860105 0.0105442 0.00813919 0.0105551 0.00658261 0.00616508 0.00680139 0.00480562 0.00408491 0.00407398 0.0038535 0.00378707 0.00378256 0.00375132 0 0.00375687 0.00381975 0.00374428 0.00415443 0.0118118 0.00983451 0.913032 0.0351287 0.0132252 0.00926334 0.00859776 0.0103143 0.00966376 0.0110471 0.00849208 0.00993301 0.00922181 0.0101858 0.0105353 0.0167048 0.00941515 0.00952858 0.00880805 0.00833562 0.00843251 0.00826577 0.0080154 0.00837119 0.00847436 0.0104692 0.00925607 0.00868332 0.00828187 0.00817978 0.00842999 0.00948261 0.00861757 0.00880771 0.00831389 0.00827665 0.00808302 0.00835159 0.0081886 0.00832624 
0.0139239 0.0086263 0.0135101 0.011643 0.00832801 0.0129835 0.00814011 0.0125524 0.0084206 0.00687775 0.00679772 0.00745443 0.00600932 0.00433482 0.00434368 0.00417196 0.00388346 0.00376578 0.00374666 0.00375687 0 0.00381192 0.00381899 0.00461405 0.0056631 0.955506 0.0081152 0.00900971 0.00669275 0.00864779 0.0103686 0.00781466 0.0130423 0.00843236 0.0106905 0.00862175 0.00914515 0.0111052 0.0216694 0.010096 0.0179117 0.00912969 0.00892832 0.00866902 0.00837695 0.00803129 0.00821959 0.00825031 0.0100766 0.00948336 0.0099196 0.00867253 0.00827682 0.00821056 0.00903902 0.00919574 0.0102069 0.0087386 0.00861893 0.00824241 0.0084984 0.00826288 0.00876203 0.00809296 
0.00993557 0.0444851 0.00868534 0.00932791 0.034322 0.00840975 0.0180772 0.00907779 0.0134535 0.00797998 0.00933782 0.00984017 0.00695283 0.00651698 0.00476571 0.00469075 0.00390553 0.0041387 0.00397627 0.00381975 0.00381192 0 0.00374423 0.00514734 0.987022 0.00493078 0.00944404 0.00601061 0.00853293 0.00778944 0.00739382 0.0101796 0.00760603 0.0135472 0.00849619 0.00868027 0.0102257 0.0114894 0.00953175 0.0127976 0.00895496 0.013714 0.00943396 0.0084823 0.0101022 0.0101008 0.00804285 0.00926759 0.00856831 0.009378 0.00855287 0.00850021 0.0081184 0.00907366 0.0084122 0.00944768 0.00833001 0.00895562 0.00823057 0.00834366 0.008243 0.0092909 0.00822547 0.00897787 
0.0711798 0.00890546 0.0288991 0.0714275 0.00858011 0.0199351 0.0134414 0.0203045 0.00942862 0.0194176 0.0122328 0.00781737 0.00808661 0.00751893 0.00672754 0.00522155 0.00428671 0.00385819 0.00392282 0.00374428 0.00381899 0.00374423 0 0.997363 0.00482318 0.00562845 0.00380814 0.00645106 0.0055963 0.00669182 0.00812727 0.00730573 0.00934677 0.00801291 0.00992515 0.00906523 0.0181591 0.0111129 0.010271 0.00889541 0.0116199 0.00884847 0.0123985 0.018214 0.00856901 0.0085184 0.00996978 0.00978252 0.00903268 0.00854317 0.00866559 0.00825566 0.00853417 0.0103267 0.00891023 0.00831326 0.00923961 0.00820766 0.00861204 0.00851809 0.0110439 0.00820245 0.00938611 0.00812025 
0.0156801 0.0105788 0.0331282 0.0120872 0.00932232 0.0255836 0.011913 0.0106426 0.0162075 0.00994262 0.00776656 0.00815373 0.00732256 0.0069577 0.00652245 0.00647221 0.00603584 0.00637128 0.00588477 0.00415443 0.00461405 0.00514734 0.997363 0 0.0037374 0.00373339 0.00377923 0.00383672 0.00382312 0.00395405 0.00419126 0.00490142 0.00609079 0.00667979 0.00718793 0.0141514 0.0159903 0.0101401 0.0101187 0.00955506 0.00943293 0.00964253 0.0196857 0.00961608 0.0127483 0.00870161 0.00933084 0.00858681 0.00839258 0.00841749 0.00833038 0.00846668 0.0107755 0.00830512 0.00822249 0.00829366 0.00836419 0.00824906 0.00877745 0.00999236 0.00845237 0.00805572 0.00851894 0.00972828 
0.00966081 0.0309819 0.00972378 0.00964192 0.0192675 0.00930991 0.0137169 0.00981272 0.0180115 0.00896019 0.0101656 0.0116368 0.00884242 0.00893854 0.00821935 0.0120955 0.00767096 0.0102519 0.00616511 0.0118118 0.0056631 0.987022 0.00482318 0.0037374 0 0.00369527 0.00372913 0.00371137 0.00375922 0.0038237 0.00414557 0.00439602 0.00642296 0.00816736 0.008537 0.00920203 0.0113263 0.0162398 0.0108336 0.0149182 0.00943055 0.0260714 0.00971891 0.0093798 0.0100993 0.00882387 0.00825198 0.00893397 0.00864825 0.00984997 0.00901237 0.00908379 0.00873321 0.00841884 0.00854272 0.00960806 0.00866276 0.00920049 0.00882285 0.00884405 0.00823876 0.00862235 0.00836017 0.00907158 
0.0214333 0.00864056 0.0199322 0.0161075 0.00841804 0.0137127 0.00892402 0.0161603 0.00868529 0.00951272 0.0210828 0.0102681 0.0121908 0.00934581 0.0112836 0.00759924 0.0156521 0.0066649 0.0111646 0.00983451 0.955506 0.00493078 0.00562845 0.00373339 0.00369527 0 0.0037021 0.00376095 0.00376581 0.00396229 0.00380766 0.00405591 0.00574062 0.00847863 0.0111778 0.00666599 0.0126045 0.0167187 0.030206 0.011632 0.0623505 0.00980275 0.0108345 0.00965081 0.00870424 0.00815996 0.00864328 0.00866388 0.0132943 0.0113897 0.0146341 0.00892189 0.00920254 0.00893899 0.0102664 0.0106385 0.0154987 0.00940723 0.009817 0.00847713 0.00914471 0.00850742 0.0100113 0.00822951 
0.00901924 0.025954 0.00868423 0.00884541 0.0158347 0.00850171 0.0158093 0.00846623 0.0149021 0.0174292 0.0106648 0.014957 0.00973011 0.0114548 0.00950458 0.0102543 0.00727172 0.0144929 0.011136 0.913032 0.0081152 0.00944404 0.00380814 0.00377923 0.00372913 0.0037021 0 0.00369249 0.00371437 0.00373845 0.00372463 0.00392984 0.00443838 0.010825 0.0050103 0.00664405 0.0143842 0.0161777 0.0192649 0.0795141 0.0109326 0.023179 0.0100422 0.00856805 0.00961325 0.00957263 0.00800575 0.0102992 0.0101847 0.0216188 0.0129044 0.0105228 0.00841397 0.00891909 0.00930174 0.0167665 0.00986511 0.0154696 0.00881552 0.0083632 0.00839667 0.010697 0.0084826 0.00939547 
0.0212988 0.00920351 0.0191811 0.0168229 0.00876076 0.0168306 0.00954512 0.0188464 0.00920345 0.0152366 0.0130779 0.0147545 0.0149223 0.0120269 0.0138176 0.00883078 0.0125407 0.0154451 0.646034 0.0351287 0.00900971 0.00601061 0.00645106 0.00383672 0.00371137 0.00376095 0.00369249 0 0.00370056 0.00376147 0.00376804 0.00388505 0.0048068 0.00661277 0.00575719 0.00515353 0.0209914 0.0234278 0.0811509 0.0174541 0.0716572 0.0119498 0.0123651 0.0109508 0.00895606 0.00818309 0.00858279 0.00900174 0.0203839 0.0157342 0.0207066 0.00960814 0.008891 0.00904003 0.0126494 0.0131831 0.0208814 0.0104502 0.0104196 0.00883955 0.00963688 0.0086755 0.0102275 0.00827568 
0.01128 0.0165613 0.0102786 0.010593 0.0129226 0.00942923 0.0165482 0.0095409 0.017216 0.0108112 0.0141452 0.0164886 0.0149592 0.0141609 0.0140585 0.012848 0.0643502 0.537097 0.158433 0.0132252 0.00669275 0.00853293 0.0055963 0.00382312 0.00375922 0.00376581 0.00371437 0.00370056 0 0.00369855 0.00371056 0.00373987 0.00370931 0.00630012 0.00397233 0.0047452 0.031527 0.0529225 0.0416596 0.0444289 0.022141 0.0213311 0.0133202 0.00934936 0.0100526 0.00862742 0.00821636 0.0107428 0.0145364 0.0247553 0.0181186 0.010365 0.00929994 0.00941407 0.0113995 0.0185034 0.0145833 0.0158239 0.0095786 0.00871007 0.00916716 0.010912 0.00925145 0.00892907 
0.0121273 0.0118971 0.0114942 0.0113084 0.0118702 0.00992297 0.0105756 0.0122232 0.0102412 0.0102842 0.0149775 0.0269083 0.0183351 0.0178493 0.0155268 0.0853546 0.467907 0.201903 0.00996589 0.00926334 0.00864779 0.00778944 0.00669182 0.00395405 0.0038237 0.00396229 0.00373845 0.00376147 0.00369855 0 0.00371804 0.0036943 0.00379299 0.00387918 0.00385667 0.00408498 0.0381502 0.0512645 0.0683678 0.0520745 0.0430831 0.0448695 0.0147857 0.0099447 0.00944369 0.00838829 0.00829278 0.0102014 0.0187234 0.0279639 0.0246728 0.0114634 0.00903262 0.0100897 0.0132022 0.02128 0.0194092 0.0153051 0.0107252 0.00899096 0.00890598 0.0105444 0.00984181 0.00849654 
0.0136065 0.0101093 0.011871 0.0126457 0.00920511 0.0112116 0.0101755 0.0108888 0.0113889 0.0102905 0.0184152 0.0250776 0.0256642 0.0176001 0.0879162 0.335649 0.261584 0.0107985 0.0110604 0.00859776 0.0103686 0.00739382 0.00812727 0.00419126 0.00414557 0.00380766 0.00372463 0.00376804 0.00371056 0.00371804 0 0.00370492 0.00378989 0.00377319 0.00375666 0.00381303 0.0387608 0.0374381 0.102788 0.0449629 0.123047 0.0203374 0.0158579 0.0101757 0.00912682 0.00834796 0.00839758 0.0104185 0.0196544 0.0263912 0.0293358 0.0113461 0.00913776 0.00984298 0.0149196 0.0178229 0.0265846 0.0138185 0.0118101 0.00871121 0.00921975 0.00938424 0.0100619 0.00859092 
0.0108752 0.0153193 0.0104146 0.0101914 0.0127321 0.00942794 0.0115989 0.00972276 0.0122104 0.0104006 0.0161316 0.0318135 0.0200809 0.0608448 0.361418 0.280637 0.0111238 0.0132678 0.00881312 0.0103143 0.00781466 0.0101796 0.00730573 0.00490142 0.00439602 0.00405591 0.00392984 0.00388505 0.00373987 0.0036943 0.00370492 0 0.00371747 0.00371842 0.0037202 0.00385838 0.0305716 0.0597946 0.0565611 0.17769 0.0333202 0.0379379 0.0141858 0.0093581 0.0100162 0.00852767 0.00824376 0.0104568 0.0160386 0.0352064 0.0263969 0.0133745 0.00908875 0.00962996 0.0131339 0.0289992 0.0155649 0.0213157 0.00998356 0.0090241 0.00876397 0.00990377 0.00907089 0.00865057 
0.0144726 0.00976654 0.0124759 0.0129252 0.00924767 0.0132043 0.0101074 0.0139499 0.0101758 0.0108068 0.0208239 0.0248494 0.0646602 0.412419 0.234084 0.0126839 0.0163662 0.0101743 0.0118343 0.00966376 0.0130423 0.00760603 0.00934677 0.00609079 0.00642296 0.00574062 0.00443838 0.0048068 0.00370931 0.00379299 0.00378989 0.00371747 0 0.00372761 0.00370808 0.00376896 0.0339823 0.0374285 0.229021 0.0461808 0.11086 0.0211606 0.0137402 0.0106124 0.00916961 0.00829535 0.00829403 0.00973754 0.0226201 0.023972 0.0305857 0.01269 0.00917016 0.00945722 0.0172112 0.0159177 0.0278826 0.0126548 0.0112336 0.00881567 0.00945649 0.008922 0.0112108 0.00860836 
0.0103692 0.0136316 0.00985018 0.00995686 0.0128431 0.00947048 0.0139812 0.00911353 0.0146944 0.0103561 0.0151622 0.0889698 0.562326 0.134783 0.0159339 0.0197657 0.011064 0.014452 0.00891633 0.0110471 0.00843236 0.0135472 0.00801291 0.00667979 0.00816736 0.00847863 0.010825 0.00661277 0.00630012 0.00387918 0.00377319 0.00371842 0.00372761 0 0.00373499 0.00373328 0.0299381 0.0952277 0.0472944 0.140376 0.034536 0.0437389 0.0152477 0.00924595 0.00963996 0.00881925 0.00829073 0.0105657 0.0128995 0.0317134 0.0190162 0.0120693 0.00923109 0.00946674 0.0109732 0.0235516 0.0126803 0.016385 0.00960419 0.00926273 0.00866047 0.0108493 0.00918442 0.00898918 
0.0139388 0.0120496 0.0131977 0.0132906 0.0106721 0.0118957 0.00965037 0.0507533 0.00976125 0.012354 0.0390548 0.486041 0.0920403 0.0141736 0.0182894 0.01059 0.0141624 0.00880242 0.0101124 0.00849208 0.0106905 0.00849619 0.00992515 0.00718793 0.008537 0.0111778 0.0050103 0.00575719 0.00397233 0.00385667 0.00375666 0.0037202 0.00370808 0.00373499 0 0.00399562 0.029248 0.0352159 0.0705878 0.0252059 0.0903646 0.0670148 0.0217676 0.0143653 0.0104554 0.00848394 0.0089129 0.00982427 0.0159008 0.0131557 0.0145953 0.0113669 0.00931044 0.00967803 0.0115385 0.0107349 0.0153561 0.00958272 0.0107139 0.00853516 0.0093312 0.00877762 0.0099495 0.00830418 
0.0191262 0.0106304 0.0118558 0.0202632 0.0101812 0.0097628 0.0232256 0.00948164 0.0203303 0.04776 0.348866 0.0187863 0.011016 0.0118942 0.0113567 0.0115073 0.0095969 0.00957971 0.00845773 0.00993301 0.00862175 0.00868027 0.00906523 0.0141514 0.00920203 0.00666599 0.00664405 0.00515353 0.0047452 0.00408498 0.00381303 0.00385838 0.00376896 0.00373328 0.00399562 0 0.0254641 0.0213109 0.0208344 0.0259356 0.0190054 0.0450912 0.062256 0.0142738 0.014668 0.0103736 0.00836009 0.0156818 0.00932655 0.0102423 0.00933424 0.00893304 0.00897776 0.0140405 0.00895773 0.00967487 0.00891059 0.00939809 0.00851777 0.0089948 0.0101624 0.00914006 0.00847013 0.00906774 
0.0101854 0.00970862 0.0127464 0.0106628 0.00911753 0.013204 0.0112601 0.00917689 0.0158815 0.0219187 0.011563 0.0118342 0.0111654 0.0111423 0.0102827 0.010141 0.00947296 0.0096129 0.00970783 0.00922181 0.00914515 0.0102257 0.0181591 0.0159903 0.0113263 0.0126045 0.0143842 0.0209914 0.031527 0.0381502 0.0387608 0.0305716 0.0339823 0.0299381 0.029248 0.0254641 0 0.00532925 0.00373826 0.00373169 0.00374845 0.00435847 0.00643785 0.00638608 0.0147494 0.0179271 0.0117146 0.0188222 0.0129238 0.0123656 0.0119418 0.010654 0.0190514 0.012188 0.0113976 0.0107643 0.0107907 0.0103132 0.0107206 0.0153856 0.0112846 0.0091778 0.00898351 0.0149605 
0.00968299 0.0105316 0.0104019 0.00969347 0.00974903 0.00955744 0.0107395 0.0117398 0.0111793 0.0101363 0.0190823 0.0213904 0.0193282 0.0147688 0.0168485 0.0139387 0.0126609 0.0104737 0.00987394 0.0101858 0.0111052 0.0114894 0.0111129 0.0101401 0.0162398 0.0167187 0.0161777 0.0234278 0.0529225 0.0512645 0.0374381 0.0597946 0.0374285 0.0952277 0.0352159 0.0213109 0.00532925 0 0.0037162 0.00369978 0.00374556 0.00422657 0.00432139 0.00631568 0.00560781 0.0116011 0.0116637 0.0132387 0.0308463 0.0238911 0.0166253 0.0197722 0.0111327 0.0118881 0.0173943 0.0204339 0.0171317 0.0156949 0.0158487 0.0108795 0.0107243 0.0114248 0.0114704 0.00950857 
0.00959741 0.00871483 0.00948411 0.00958391 0.00867836 0.00918987 0.00941773 0.00970167 0.00954438 0.00960437 0.0188674 0.0390397 0.0381357 0.0338828 0.0329623 0.0197958 0.0185886 0.015423 0.0127171 0.0105353 0.0216694 0.00953175 0.010271 0.0101187 0.0108336 0.030206 0.0192649 0.0811509 0.0416596 0.0683678 0.102788 0.0565611 0.229021 0.0472944 0.0705878 0.0208344 0.00373826 0.0037162 0 0.00369841 0.00374814 0.0037296 0.00374783 0.0047019 0.0043696 0.0096716 0.00910057 0.0135955 0.0394602 0.0409001 0.0674716 0.0178785 0.0102081 0.0111149 0.0218922 0.0272914 0.0547912 0.0261544 0.0168371 0.00906764 0.00998352 0.0115184 0.0124822 0.00891864 
0.00877001 0.0101183 0.00879523 0.00898751 0.00900575 0.00865645 0.00985892 0.00896509 0.0104618 0.0097619 0.0153287 0.0368413 0.0340732 0.0347004 0.024428 0.0181472 0.0159866 0.0171614 0.0101778 0.0167048 0.010096 0.0127976 0.00889541 0.00955506 0.0149182 0.011632 0.0795141 0.0174541 0.0444289 0.0520745 0.0449629 0.17769 0.0461808 0.140376 0.0252059 0.0259356 0.00373169 0.00369978 0.00369841 0 0.00370009 0.00369564 0.00375571 0.00394018 0.00728994 0.0110863 0.00881643 0.0152839 0.0191336 0.111885 0.031832 0.0167123 0.00989476 0.0116536 0.0132044 0.0557371 0.0208072 0.0441016 0.0108274 0.00953742 0.00960296 0.0148529 0.0103895 0.00991184 
0.00954837 0.00848881 0.0102616 0.0098637 0.0084657 0.00959822 0.00862869 0.0104657 0.0089526 0.00925751 0.0151881 0.0355929 0.044143 0.0262056 0.0242747 0.0148121 0.0230342 0.0112556 0.0171337 0.00941515 0.0179117 0.00895496 0.0116199 0.00943293 0.00943055 0.0623505 0.0109326 0.0716572 0.022141 0.0430831 0.123047 0.0333202 0.11086 0.034536 0.0903646 0.0190054 0.00374845 0.00374556 0.00374814 0.00370009 0 0.00370825 0.00370744 0.0040145 0.00402464 0.00948095 0.00941352 0.0111772 0.0971368 0.0336257 0.0461708 0.0128275 0.0100614 0.0102856 0.0239733 0.027589 0.0699869 0.0147962 0.0152535 0.00902482 0.0105693 0.00944617 0.0157677 0.00863301 
0.00912931 0.0125011 0.00868159 0.00890343 0.0108136 0.00855763 0.0098423 0.00942696 0.00939786 0.0102581 0.0151753 0.0180511 0.0187416 0.0161828 0.0147019 0.0123939 0.0099222 0.0141089 0.00886222 0.00952858 0.00912969 0.013714 0.00884847 0.00964253 0.0260714 0.00980275 0.023179 0.0119498 0.0213311 0.0448695 0.0203374 0.0379379 0.0211606 0.0437389 0.0670148 0.0450912 0.00435847 0.00422657 0.0037296 0.00369564 0.00370825 0 0.00374519 0.00394197 0.00502293 0.0113443 0.00927039 0.0319795 0.0203217 0.0302939 0.0186473 0.0224746 0.00947421 0.0126733 0.0158728 0.024077 0.0121836 0.0193764 0.0123301 0.00924615 0.00927585 0.0138286 0.0101449 0.00898069 
0.0119281 0.00863876 0.00982816 0.0124778 0.00846254 0.00922985 0.0121948 0.00897296 0.0119087 0.0167692 0.0106644 0.0115925 0.0127482 0.0124531 0.011629 0.00989128 0.0108067 0.0090452 0.00897798 0.00880805 0.00892832 0.00943396 0.0123985 0.0196857 0.00971891 0.0108345 0.0100422 0.0123651 0.0133202 0.0147857 0.0158579 0.0141858 0.0137402 0.0152477 0.0217676 0.062256 0.00643785 0.00432139 0.00374783 0.00375571 0.00370744 0.00374519 0 0.00719715 0.00438431 0.0124507 0.00920831 0.0223466 0.0110625 0.0134439 0.0132898 0.0121465 0.0135776 0.0224685 0.0109675 0.0131393 0.011112 0.0106977 0.0108527 0.010644 0.0138047 0.00904719 0.00984558 0.0103403 
0.0107776 0.00834794 0.0117611 0.0105304 0.00816229 0.00988525 0.00880223 0.0108997 0.00956017 0.00979976 0.00946302 0.00889474 0.00882655 0.00876836 0.00886419 0.0086207 0.00876121 0.00827434 0.00861006 0.00833562 0.00866902 0.0084823 0.018214 0.00961608 0.0093798 0.00965081 0.00856805 0.0109508 0.00934936 0.0099447 0.0101757 0.0093581 0.0106124 0.00924595 0.0143653 0.0142738 0.00638608 0.00631568 0.0047019 0.00394018 0.0040145 0.00394197 0.00719715 0 0.00389374 0.0145837 0.0945121 0.0126218 0.0145254 0.00925059 0.00992117 0.0102122 0.0137164 0.0106871 0.0114788 0.00903027 0.0101181 0.00876819 0.0108287 0.0113621 0.012239 0.00858551 0.00944931 0.00949644 
0.00912792 0.00998023 0.00836335 0.00959591 0.0103843 0.00831372 0.0134691 0.00848903 0.0103801 0.0119897 0.00922645 0.00880706 0.00870725 0.00885092 0.00870513 0.00854595 0.00854078 0.0085357 0.00837921 0.00843251 0.00837695 0.0101022 0.00856901 0.0127483 0.0100993 0.00870424 0.00961325 0.00895606 0.0100526 0.00944369 0.00912682 0.0100162 0.00916961 0.00963996 0.0104554 0.014668 0.0147494 0.00560781 0.0043696 0.00728994 0.00402464 0.00502293 0.00438431 0.00389374 0 0.179755 0.0121958 0.0215166 0.0105943 0.0132885 0.0103385 0.0120672 0.0121033 0.0178766 0.00945251 0.0102437 0.00909882 0.00953283 0.0101686 0.00996071 0.011587 0.00973364 0.00891313 0.0114961 
0.00833915 0.00962543 0.00835852 0.00824747 0.00887937 0.00828204 0.0101482 0.00817349 0.0103142 0.00869314 0.00826504 0.00829406 0.00812521 0.00816586 0.00809928 0.00806785 0.00805865 0.00814593 0.00798269 0.00826577 0.00803129 0.0101008 0.0085184 0.00870161 0.00882387 0.00815996 0.00957263 0.00818309 0.00862742 0.00838829 0.00834796 0.00852767 0.00829535 0.00881925 0.00848394 0.0103736 0.0179271 0.0116011 0.0096716 0.0110863 0.00948095 0.0113443 0.0124507 0.0145837 0.179755 0 0.00626246 0.0097699 0.0119486 0.00660344 0.00616903 0.00617885 0.00729929 0.0123303 0.00903645 0.0098753 0.00817995 0.0105221 0.0101376 0.0138301 0.0105195 0.0238965 0.00884283 0.0342277 
0.0101729 0.0080545 0.00914326 0.00972679 0.00802328 0.00845645 0.00832652 0.00892208 0.00811379 0.00878583 0.00821258 0.00809894 0.00808676 0.00812723 0.00805143 0.00809779 0.00820884 0.00796319 0.00821613 0.0080154 0.00821959 0.00804285 0.00996978 0.00933084 0.00825198 0.00864328 0.00800575 0.00858279 0.00821636 0.00829278 0.00839758 0.00824376 0.00829403 0.00829073 0.0089129 0.00836009 0.0117146 0.0116637 0.00910057 0.00881643 0.00941352 0.00927039 0.00920831 0.0945121 0.0121958 0.00626246 0 0.020876 0.00684475 0.00411322 0.00469385 0.00534789 0.00602106 0.0097542 0.0107618 0.00806334 0.0088297 0.00813115 0.0115239 0.00901871 0.0392422 0.00877677 0.0159678 0.00915848 
0.00859095 0.00880716 0.00914669 0.00842753 0.00843492 0.00915061 0.00902228 0.00825965 0.0113784 0.00867285 0.00871798 0.0092973 0.00893662 0.00887532 0.00902577 0.00859749 0.00845844 0.00842376 0.00833334 0.00837119 0.00825031 0.00926759 0.00978252 0.00858681 0.00893397 0.00866388 0.0102992 0.00900174 0.0107428 0.0102014 0.0104185 0.0104568 0.00973754 0.0105657 0.00982427 0.0156818 0.0188222 0.0132387 0.0135955 0.0152839 0.0111772 0.0319795 0.0223466 0.0126218 0.0215166 0.0097699 0.020876 0 0.00372078 0.00369634 0.00372584 0.00382702 0.00447838 0.0111715 0.0079024 0.011403 0.00845646 0.0158691 0.0284479 0.898681 0.01601 0.0196572 0.00982378 0.0563398 
0.00863487 0.00849562 0.00849315 0.00857932 0.0083331 0.00836384 0.00822909 0.0090208 0.0087061 0.00836013 0.0102987 0.0112263 0.0122459 0.0110458 0.0114253 0.00973262 0.00997039 0.00881978 0.00911101 0.00847436 0.0100766 0.00856831 0.00903268 0.00839258 0.00864825 0.0132943 0.0101847 0.0203839 0.0145364 0.0187234 0.0196544 0.0160386 0.0226201 0.0128995 0.0159008 0.00932655 0.0129238 0.0308463 0.0394602 0.0191336 0.0971368 0.0203217 0.0110625 0.0145254 0.0105943 0.0119486 0.00684475 0.00372078 0 0.00370736 0.00370044 0.00381482 0.00374999 0.00690688 0.0154101 0.00852157 0.0229583 0.0234148 0.972195 0.0106612 0.0155828 0.0167933 0.0530559 0.0104647 
0.00841596 0.00871825 0.00842157 0.00836889 0.008407 0.00829974 0.00866439 0.00847606 0.00880978 0.00855109 0.0100629 0.015306 0.0155636 0.0160648 0.0136109 0.0113582 0.0097692 0.0112756 0.00894305 0.0104692 0.00948336 0.009378 0.00854317 0.00841749 0.00984997 0.0113897 0.0216188 0.0157342 0.0247553 0.0279639 0.0263912 0.0352064 0.023972 0.0317134 0.0131557 0.0102423 0.0123656 0.0238911 0.0409001 0.111885 0.0336257 0.0302939 0.0134439 0.00925059 0.0132885 0.00660344 0.00411322 0.00369634 0.00370736 0 0.0037139 0.00370693 0.00371935 0.00630611 0.00724114 0.0224026 0.0168571 0.97393 0.010278 0.0116948 0.0107173 0.0329027 0.013167 0.0160994 
0.00851178 0.00845671 0.00854492 0.00844525 0.00827139 0.00843838 0.00833267 0.00848654 0.00853417 0.00846689 0.00990368 0.0137488 0.0148135 0.0138848 0.0129218 0.0102819 0.010423 0.00981383 0.00950944 0.00925607 0.0099196 0.00855287 0.00866559 0.00833038 0.00901237 0.0146341 0.0129044 0.0207066 0.0181186 0.0246728 0.0293358 0.0263969 0.0305857 0.0190162 0.0145953 0.00933424 0.0119418 0.0166253 0.0674716 0.031832 0.0461708 0.0186473 0.0132898 0.00992117 0.0103385 0.00616903 0.00469385 0.00372584 0.00370044 0.0037139 0 0.00370013 0.00370853 0.00485607 0.0125857 0.0410441 0.963626 0.0131113 0.00941659 0.00759527 0.0131345 0.0118661 0.0212264 0.0102427 
0.00827723 0.00848739 0.00815168 0.0082755 0.00838952 0.00816903 0.00838565 0.00847925 0.00832314 0.0085128 0.00942109 0.00965832 0.0101907 0.00955577 0.00947926 0.00869325 0.00905484 0.00854766 0.0085091 0.00868332 0.00867253 0.00850021 0.00825566 0.00846668 0.00908379 0.00892189 0.0105228 0.00960814 0.010365 0.0114634 0.0113461 0.0133745 0.01269 0.0120693 0.0113669 0.00893304 0.010654 0.0197722 0.0178785 0.0167123 0.0128275 0.0224746 0.0121465 0.0102122 0.0120672 0.00617885 0.00534789 0.00382702 0.00381482 0.00370693 0.00370013 0 0.0037062 0.0169191 0.0461824 0.952088 0.00930218 0.0106963 0.0087087 0.00800284 0.0108666 0.0188507 0.0153243 0.0154592 
0.00953654 0.00809348 0.00857124 0.00934563 0.0080792 0.00830696 0.00906746 0.00824835 0.00847111 0.00993398 0.00869859 0.00890745 0.00871333 0.00875481 0.00889446 0.00866033 0.00865753 0.00829375 0.00822264 0.00828187 0.00827682 0.0081184 0.00853417 0.0107755 0.00873321 0.00920254 0.00841397 0.008891 0.00929994 0.00903262 0.00913776 0.00908875 0.00917016 0.00923109 0.00931044 0.00897776 0.0190514 0.0111327 0.0102081 0.00989476 0.0100614 0.00947421 0.0135776 0.0137164 0.0121033 0.00729929 0.00602106 0.00447838 0.00374999 0.00371935 0.00370853 0.0037062 0 0.072261 0.886222 0.00503522 0.00618082 0.00588474 0.00822754 0.00716681 0.020118 0.0107429 0.0222994 0.0108 
0.00839625 0.0085479 0.00957736 0.00831752 0.00823323 0.00945922 0.00864303 0.00816497 0.0112672 0.00832218 0.00847177 0.00878603 0.00871926 0.0088495 0.00861973 0.00869274 0.00829338 0.00832741 0.00828967 0.00817978 0.00821056 0.00907366 0.0103267 0.00830512 0.00841884 0.00893899 0.00891909 0.00904003 0.00941407 0.0100897 0.00984298 0.00962996 0.00945722 0.00946674 0.00967803 0.0140405 0.012188 0.0118881 0.0111149 0.0116536 0.0102856 0.0126733 0.0224685 0.0106871 0.0178766 0.0123303 0.0097542 0.0111715 0.00690688 0.00630611 0.00485607 0.0169191 0.072261 0 0.00377192 0.00369931 0.00370947 0.00375858 0.00456146 0.00714814 0.0149752 0.0212653 0.0106906 0.20534 
0.00841118 0.00845609 0.00838088 0.00827238 0.00831352 0.00838507 0.00815267 0.00874954 0.00859836 0.00832531 0.0094615 0.0101029 0.0106533 0.0100861 0.0102164 0.00902457 0.00901568 0.00868282 0.00884183 0.00842999 0.00903902 0.0084122 0.00891023 0.00822249 0.00854272 0.0102664 0.00930174 0.0126494 0.0113995 0.0132022 0.0149196 0.0131339 0.0172112 0.0109732 0.0115385 0.00895773 0.0113976 0.0173943 0.0218922 0.0132044 0.0239733 0.0158728 0.0109675 0.0114788 0.00945251 0.00903645 0.0107618 0.0079024 0.0154101 0.00724114 0.0125857 0.0461824 0.886222 0.00377192 0 0.00372046 0.00370798 0.00374146 0.00427426 0.00382655 0.0155877 0.0116615 0.178314 0.0127976 
0.0085372 0.00864961 0.00829392 0.00837907 0.00845957 0.00818895 0.00864615 0.00844253 0.00870723 0.00848756 0.00959435 0.0135913 0.0119175 0.0129954 0.0112927 0.0104842 0.00948982 0.0107983 0.00878158 0.00948261 0.00919574 0.00944768 0.00831326 0.00829366 0.00960806 0.0106385 0.0167665 0.0131831 0.0185034 0.02128 0.0178229 0.0289992 0.0159177 0.0235516 0.0107349 0.00967487 0.0107643 0.0204339 0.0272914 0.0557371 0.027589 0.024077 0.0131393 0.00903027 0.0102437 0.0098753 0.00806334 0.011403 0.00852157 0.0224026 0.0410441 0.952088 0.00503522 0.00369931 0.00372046 0 0.00370065 0.00375197 0.00373803 0.00377311 0.0106106 0.13502 0.0168707 0.053327 
0.00854017 0.00847082 0.00856651 0.00844846 0.00833244 0.00838594 0.00821145 0.00873862 0.00836576 0.00852236 0.00994554 0.0114502 0.0143807 0.0117891 0.011764 0.00966774 0.0104257 0.00910639 0.00936484 0.00861757 0.0102069 0.00833001 0.00923961 0.00836419 0.00866276 0.0154987 0.00986511 0.0208814 0.0145833 0.0194092 0.0265846 0.0155649 0.0278826 0.0126803 0.0153561 0.00891059 0.0107907 0.0171317 0.0547912 0.0208072 0.0699869 0.0121836 0.011112 0.0101181 0.00909882 0.00817995 0.0088297 0.00845646 0.0229583 0.0168571 0.963626 0.00930218 0.00618082 0.00370947 0.00370798 0.00370065 0 0.00370239 0.00370148 0.0037281 0.135913 0.0112567 0.1149 0.010978 
0.00833181 0.0084905 0.00824611 0.00819327 0.00831013 0.00814497 0.00850262 0.0082851 0.00857341 0.008354 0.00911623 0.0115226 0.0110568 0.0115164 0.0106884 0.00939997 0.00912582 0.0095778 0.0084531 0.00880771 0.0087386 0.00895562 0.00820766 0.00824906 0.00920049 0.00940723 0.0154696 0.0104502 0.0158239 0.0153051 0.0138185 0.0213157 0.0126548 0.016385 0.00958272 0.00939809 0.0103132 0.0156949 0.0261544 0.0441016 0.0147962 0.0193764 0.0106977 0.00876819 0.00953283 0.0105221 0.00813115 0.0158691 0.0234148 0.97393 0.0131113 0.0106963 0.00588474 0.00375858 0.00374146 0.00375197 0.00370239 0 0.00370429 0.00373136 0.0085045 0.0933763 0.0152014 0.0169891 
