1K2DB
RHFVVQFQPFCYFTNGTQRIRYVTRYIYNREEYLRFDSDVGEYRAVTELGRPDAEYYNKQYLERTRAELDTVCRYNYEETEVPTSLRRLEQPNVVISLSRTEALNHHNTLVCSVTDFYPAKIKVRWFRNGQEETVGVSSTQLIRNGDWTFQVLVMLEMTPRRGEVYTCHVEHPSLKSPITVEWRA
CCEEEEEEEEEEEECCECCCEEEEEEEECCEEEEEEECCCCEEEECCHHHHHHHHHHHHHHHHHHHHHHHHCHHHHHHHCCCCCCCCCCECCEEEEEECCCCCCCCCEEEEEEEEEEECCCCEEEEEECCEECCCCEEECCCEECCCCCEEEEEEEEECCCCCCEEEEEEECCCCCCCEEEEEEC
0 0 0 0 0 0 0 0 0 0 0 0 0 0 0 0 0 0 0 0 0 0 0 0 0 0 0 0 0 0 0 0 0 0 0 0 0 0 0 0 0 0 0 0 0 0 0 0 0 0 0 0 0 0 0 0 0 0 0 0 0 0 0 0 0 0 0 0 0 0 0 0 0 0 0 0 0 0 0 0 0 0 0 0 0 0 0 0 0 0 0 0 0 0 0 0 0 0 0 0 0 0 0 0 0 0 0 0 0 0 0 0 0 0 0 0 0 0 0 0 0 0 0 0 0 0 0 0 0 0 0 0 0 0 0 0 0 0 0 0 0 0 0 0 0 0 0 0 0 0 0 0 0 0 0 0 0 0 0 0 0 0 0 0 0 0 0 0 0 0 0 0 0 0 0 0 0 0 0 0 0 0 0 0 0 
0 0 0 0 0 0 0 0 0 0 0 0 0 0 0 0 0 0 0 0 0 0 0 0 0 0 0 0 0 0 0 0 0 0 0 0 0 0 0 0 0 0 0 0 0 0 0 0 0 0 0 0 0 0 0 0 0 0 0 0 0 0 0 0 0 0 0 0 0 0 0 0 0 0 0 0 0 0 0 0 0 0 0 0 0 0 0 0 0 0 0 0 0 0 0 0 0 0 0 0 0 0 0 0 0 0 0 0 0 0 0 0 0 0 0 0 0 0 0 0 0 0 0 0 0 0 0 0 0 0 0 0 0 0 0 0 0 0 0 0 0 0 0 0 0 0 0 0 0 0 0 0 0 0 0 0 0 0 0 0 0 0 0 0 0 0 0 0 0 0 0 0 0 0 0 0 0 0 0 0 0 0 0 0 0 
0 0.00382487 0.00379123 0.00381879 0.0038029 0.00385705 0.00378612 0.00409218 0.00574654 0.00596566 0.00992421 0.0399976 0.0151997 0.0325562 0.0199472 0.0171834 0.0175612 0.0139829 0.0215265 0.0165261 0.0493476 0.0204545 0.0159348 0.013285 0.0146015 0.0141376 0.0160921 0.024367 0.0151244 0.0116524 0.0135523 0.0284188 0.011429 0.0122523 0.0115982 0.00993913 0.0105649 0.0104888 0.0130003 0.0120207 0.00949342 0.0104923 0.0108955 0.0130777 0.0100145 0.0105999 0.00992205 0.00955347 0.00972095 0.0114268 0.010544 0.00974313 0.00875043 0.00890451 0.00891495 0.0101727 0.00810183 0.00844444 0.00953335 0.00832927 0.00924615 0.00866119 0.00860259 0.00929072 0.00863671 0.00938788 0.00895815 0.00945986 0.00871669 0.0088304 0.00848313 0.0098126 0.0089032 0.00874528 0.00872044 0.00878572 0.00864577 0.00832505 0.00893291 0.00843769 0.00821216 0.00820192 0.00829678 0.00832596 0.00903453 
0.00382487 0 0.00381248 0.00377573 0.00379426 0.00402792 0.0037981 0.00387241 0.00438728 0.0109019 0.0191272 0.0138991 0.00661301 0.0152662 0.0483987 0.0172223 0.0160992 0.0231572 0.0234271 0.0637745 0.0165023 0.0136054 0.0295721 0.018772 0.016095 0.0243591 0.0207216 0.0112462 0.0108233 0.0119803 0.0224397 0.0113321 0.00837871 0.00934191 0.0145619 0.0167734 0.0143308 0.0132042 0.00897633 0.0088844 0.0173522 0.0188584 0.0214673 0.0177601 0.0186014 0.0122164 0.021259 0.0129371 0.0119263 0.00874399 0.0096015 0.00997775 0.0107767 0.0111225 0.00930213 0.00847344 0.00804788 0.00807888 0.00816669 0.0084675 0.0081381 0.00825714 0.00826601 0.00890403 0.00946855 0.0101037 0.0112201 0.0104006 0.0107349 0.00948097 0.00975504 0.00863485 0.00865677 0.00980247 0.0101257 0.0104343 0.00911623 0.00940425 0.0084121 0.00824658 0.00850232 0.00849365 0.00870226 0.00849711 0.00859467 
0.00379123 0.00381248 0 0.00384417 0.00379555 0.00375025 0.00380875 0.0037514 0.015166 0.00749134 0.00570226 0.00623563 0.00618578 0.00994127 0.0230598 0.0227472 0.0140934 0.0198535 0.0461183 0.0223967 0.128414 0.00899821 0.0124464 0.017777 0.0212237 0.0180299 0.0172639 0.00941679 0.00923393 0.0153789 0.00993558 0.0100653 0.00839267 0.00862818 0.0165598 0.0150005 0.033306 0.00993624 0.00873197 0.00886143 0.0119506 0.0330965 0.0266026 0.0290494 0.0168746 0.0279002 0.0159711 0.0225505 0.0105392 0.00917262 0.0085977 0.0111059 0.010938 0.0117534 0.00960026 0.00842896 0.00802782 0.00812725 0.00849325 0.00843745 0.00824715 0.0083406 0.0081276 0.00962782 0.00915166 0.0109311 0.0107016 0.0123935 0.00971714 0.0101713 0.00934848 0.00855682 0.00893102 0.0100206 0.00984493 0.0104642 0.00951163 0.00907762 0.00842686 0.0082012 0.00852032 0.00886912 0.00881716 0.00852258 0.00897381 
0.00381879 0.00377573 0.00384417 0 0.00378022 0.00372223 0.00370631 0.00378017 0.00399072 0.00576243 0.0046407 0.00441902 0.00588404 0.00968071 0.0136481 0.0148331 0.0146173 0.0258139 0.021715 0.179108 0.0291561 0.0103171 0.0100486 0.0145114 0.0121136 0.0412435 0.0104651 0.00951106 0.0108965 0.00930692 0.0117879 0.00954623 0.00818386 0.00974503 0.0101076 0.0257057 0.0126332 0.0120797 0.00873076 0.00887415 0.0135477 0.0217989 0.0298805 0.014647 0.0329922 0.0130415 0.0238943 0.0130875 0.0118059 0.00874086 0.00968299 0.00922113 0.0114494 0.0109378 0.00922226 0.00842514 0.00802339 0.00812333 0.00830673 0.00829526 0.00828887 0.00841897 0.00841584 0.00863567 0.00952177 0.00984177 0.0106787 0.0103844 0.0103627 0.00995436 0.00910404 0.0086625 0.00844299 0.00997929 0.00977453 0.00950062 0.00956211 0.00905517 0.0084999 0.00812404 0.00853388 0.00863495 0.00888522 0.00851178 0.00877055 
0.0038029 0.00379426 0.00379555 0.00378022 0 0.00370022 0.00370319 0.00373736 0.00403601 0.00379528 0.00388528 0.00420972 0.00548381 0.00793996 0.0124199 0.0126454 0.0167843 0.0148669 0.203918 0.0388384 0.0353571 0.00936299 0.0104833 0.0108733 0.0250176 0.0107352 0.0157091 0.00947033 0.00888036 0.0117091 0.00890595 0.0100529 0.00844624 0.00842907 0.0159407 0.0101344 0.0205593 0.00884061 0.00900267 0.00896373 0.0107797 0.0210901 0.0161771 0.0265691 0.0119307 0.0349298 0.01126 0.0192498 0.0100064 0.00909504 0.00825503 0.0115029 0.00923528 0.0119458 0.00962254 0.00848078 0.00798893 0.0081003 0.00815857 0.00829849 0.00816048 0.00820534 0.00808296 0.00897886 0.00863666 0.0100113 0.00915183 0.0104496 0.00914578 0.00942016 0.00896433 0.00835659 0.00894629 0.00921363 0.00910048 0.00946592 0.00884793 0.00889279 0.00829755 0.00807982 0.00827431 0.00856993 0.00843202 0.00840142 0.00862493 
0.00385705 0.00402792 0.00375025 0.00372223 0.00370022 0 0.00380444 0.00380192 0.00370319 0.00375106 0.00382571 0.0036886 0.00488854 0.00919922 0.0101266 0.0204204 0.0125288 0.215804 0.0385522 0.0505745 0.011374 0.00886934 0.009078 0.0163945 0.00893274 0.0244492 0.00991624 0.0109753 0.0102585 0.00874682 0.0109373 0.00892406 0.00817428 0.0094351 0.00973794 0.013719 0.00967896 0.0104355 0.00825696 0.00845568 0.0103537 0.0135916 0.0216846 0.0111775 0.0184335 0.0103333 0.016629 0.0108806 0.00968959 0.0082852 0.00885439 0.00863954 0.0101095 0.00907867 0.00859148 0.00814296 0.00791574 0.00807974 0.00806586 0.0081858 0.00805381 0.00803764 0.00815878 0.00841205 0.00853958 0.00903962 0.00929002 0.00948125 0.00896321 0.00884292 0.00857329 0.00829248 0.00826954 0.00892718 0.00896595 0.00867748 0.00895714 0.00846714 0.0081969 0.00802429 0.00820977 0.00835623 0.00847994 0.00825155 0.00855001 
0.00378612 0.0037981 0.00380875 0.00370631 0.00370319 0.00380444 0 0.00370011 0.00371551 0.00643877 0.00384291 0.00375155 0.00421202 0.00707907 0.0219654 0.0171214 0.190303 0.0386044 0.0462904 0.0145839 0.00984725 0.00793622 0.0105281 0.0102883 0.0209312 0.00959062 0.0232095 0.0089388 0.0085476 0.0108483 0.00882356 0.00966919 0.00834304 0.00837535 0.0138197 0.00953706 0.0240105 0.00875323 0.00942151 0.00894115 0.00970344 0.0197894 0.0151119 0.0215684 0.0115821 0.033115 0.0110743 0.0135725 0.00994632 0.00852862 0.00819114 0.0110932 0.00938017 0.0109707 0.00936476 0.00846173 0.00799879 0.00803363 0.00816043 0.00823154 0.00804759 0.00819449 0.00810242 0.00864408 0.00864317 0.0098338 0.00954805 0.010921 0.00938306 0.0102726 0.00866093 0.00858272 0.00873765 0.00940486 0.00957241 0.0098338 0.00893108 0.00880095 0.00825387 0.0081225 0.00820318 0.00846022 0.00838052 0.00829241 0.0112014 
0.00409218 0.00387241 0.0037514 0.00378017 0.00373736 0.00380192 0.00370011 0 0.00371547 0.00372331 0.00371105 0.00373949 0.00386911 0.00946636 0.00980305 0.184856 0.036714 0.0487843 0.0201502 0.0163807 0.0128404 0.00887897 0.00877223 0.0210895 0.00999411 0.0516788 0.0099911 0.00955044 0.0127885 0.00906179 0.0115563 0.00947466 0.00834106 0.00969443 0.0107356 0.0251918 0.0107216 0.015111 0.00881105 0.00896235 0.0139029 0.0174235 0.0281469 0.0149892 0.0283065 0.0128205 0.0162888 0.0137668 0.010097 0.00859087 0.00958803 0.00883915 0.0131591 0.0105142 0.00909725 0.00837096 0.0080451 0.00811692 0.00818422 0.00824523 0.00823263 0.00816675 0.00817437 0.00855883 0.00925655 0.00973479 0.0101912 0.00989467 0.0102124 0.00958804 0.00903777 0.00882258 0.00842884 0.00916236 0.0106102 0.00944835 0.0104804 0.00857144 0.00834536 0.00812262 0.00855362 0.00849728 0.00881404 0.00838187 0.0111877 
0.00574654 0.00438728 0.015166 0.00399072 0.00403601 0.00370319 0.00371551 0.00371547 0 0.00370021 0.00371159 0.00373736 0.00608242 0.00841579 0.175055 0.0370531 0.0299783 0.0259725 0.0232898 0.0134016 0.00998521 0.00777684 0.0133032 0.0102438 0.0308368 0.0131052 0.0168894 0.0090854 0.00935663 0.0125514 0.00932304 0.0110721 0.00825831 0.00850781 0.0181628 0.0107729 0.0372813 0.00921256 0.00904462 0.00943263 0.0131604 0.0302565 0.0258188 0.0300555 0.0148064 0.0264089 0.0127105 0.0148208 0.0102379 0.00858825 0.00833729 0.0120566 0.0097507 0.015891 0.00919991 0.00847851 0.00805831 0.00817852 0.00830475 0.00831297 0.00818211 0.00835298 0.00827179 0.00911669 0.0091738 0.0110638 0.0102538 0.0128075 0.0103398 0.01127 0.00885761 0.00840972 0.00894029 0.00977639 0.00965508 0.0103583 0.00922608 0.0100448 0.0082833 0.00825664 0.00832618 0.00877032 0.0085328 0.00863627 0.00857018 
0.00596566 0.0109019 0.00749134 0.00576243 0.00379528 0.00375106 0.00643877 0.00372331 0.00370021 0 0.00370599 0.00371046 0.00384171 0.136193 0.0324079 0.0322182 0.02346 0.0287 0.0262657 0.00969425 0.00937174 0.0122372 0.0116113 0.0201883 0.0105562 0.0359769 0.00974235 0.00965071 0.0117991 0.00896026 0.0135333 0.00969084 0.00834157 0.0104651 0.00990054 0.0348673 0.0105824 0.013751 0.00871625 0.00904273 0.0129887 0.0233288 0.0345 0.0168421 0.0323115 0.0115678 0.01641 0.0134775 0.0103755 0.00865426 0.00971014 0.00872138 0.0193969 0.0106207 0.00901165 0.00839045 0.00802766 0.00809234 0.00825051 0.00830767 0.00823231 0.00818414 0.00821298 0.0086612 0.00962965 0.00979834 0.0125029 0.00990285 0.0115095 0.00957288 0.0095311 0.00852255 0.00849138 0.00937812 0.010303 0.00934633 0.0102536 0.00873989 0.00844816 0.00809924 0.00848736 0.00842553 0.00885592 0.00838195 0.00958202 
0.00992421 0.0191272 0.00570226 0.0046407 0.00388528 0.00382571 0.00384291 0.00371105 0.00371159 0.00370599 0 0.00372197 0.0191896 0.0469272 0.100718 0.0213827 0.0266336 0.0204466 0.0103626 0.0099015 0.00903994 0.0101693 0.0202679 0.0113764 0.0134625 0.0105388 0.0204939 0.00935932 0.0102318 0.0220866 0.0105561 0.010769 0.00869952 0.00868054 0.0160856 0.00927979 0.0113958 0.0087804 0.00885534 0.00946568 0.0116121 0.0127821 0.0119707 0.0130266 0.010402 0.0121307 0.0103339 0.0103261 0.0108154 0.00843917 0.00858268 0.0112812 0.00915275 0.00936076 0.00899744 0.00816891 0.00836208 0.00820828 0.00873352 0.00848803 0.00807228 0.00825837 0.00812258 0.00923313 0.00961102 0.00926883 0.00891381 0.00967092 0.00910405 0.0103564 0.00874606 0.00832793 0.00925907 0.00919875 0.0089663 0.00917379 0.00879378 0.0086716 0.00820703 0.00819247 0.00821332 0.00842045 0.00835659 0.008263 0.00849201 
0.0399976 0.0138991 0.00623563 0.00441902 0.00420972 0.0036886 0.00375155 0.00373949 0.00373736 0.00371046 0.00372197 0 0.916655 0.0268473 0.0326143 0.00741654 0.00884218 0.00716528 0.00769117 0.00840755 0.00806659 0.0120612 0.00879033 0.013113 0.00827283 0.00876943 0.00878913 0.0129417 0.0149381 0.011154 0.00903295 0.010636 0.00944602 0.0117852 0.00901596 0.00872336 0.00890916 0.0085103 0.00889693 0.0105649 0.00895081 0.00885501 0.0111672 0.00895903 0.00933344 0.00855002 0.00873801 0.00851131 0.00878441 0.00846459 0.00976461 0.00869303 0.00821234 0.00843841 0.00826956 0.00810577 0.00858371 0.00840419 0.00932352 0.00832352 0.00818637 0.00838186 0.0081877 0.00895869 0.00837617 0.00849755 0.00836396 0.00848492 0.00865337 0.0084879 0.00820795 0.0083981 0.0096991 0.00837004 0.00835069 0.00827553 0.00831159 0.00816273 0.00812582 0.00875136 0.00823802 0.00823078 0.00804968 0.00815885 0.00825928 
0.0151997 0.00661301 0.00618578 0.00588404 0.00548381 0.00488854 0.00421202 0.00386911 0.00608242 0.00384171 0.0191896 0.916655 0 0.0304601 0.00479079 0.00420045 0.00430098 0.00458992 0.00547556 0.00870296 0.0115272 0.00755844 0.00694047 0.00710692 0.0077707 0.00733096 0.0125584 0.016219 0.0142051 0.00986109 0.0116528 0.0159148 0.0235777 0.0107714 0.0085899 0.00856496 0.00879866 0.0100074 0.0152544 0.00943447 0.008078 0.00804386 0.00843245 0.00835679 0.00822081 0.00818242 0.00816538 0.00807689 0.00881859 0.0106003 0.0109475 0.00823615 0.00798564 0.00802521 0.00878794 0.00956713 0.00905952 0.0106306 0.00972042 0.00867563 0.00964535 0.0090147 0.0093898 0.0085139 0.00811894 0.00801949 0.00796253 0.00799617 0.00811084 0.00796225 0.0080732 0.00939146 0.00880442 0.00800477 0.00801914 0.00801749 0.00803141 0.00796838 0.00933651 0.00951032 0.00821033 0.00800185 0.00807253 0.0081056 0.00943763 
0.0325562 0.0152662 0.00994127 0.00968071 0.00793996 0.00919922 0.00707907 0.00946636 0.00841579 0.136193 0.0469272 0.0268473 0.0304601 0 0.00383945 0.00372231 0.00371724 0.00376874 0.00388871 0.00415885 0.00761 0.00960393 0.0066857 0.00887385 0.00740442 0.0111164 0.0112532 0.0333765 0.0501076 0.0121678 0.0175203 0.0172532 0.0113096 0.0168294 0.0102024 0.0132645 0.00944648 0.0121508 0.0111461 0.0103226 0.00972978 0.010302 0.0117294 0.0100104 0.0106669 0.00915258 0.0102613 0.00962744 0.00915367 0.00956695 0.0148096 0.0086034 0.00939999 0.00900739 0.00857157 0.00942206 0.00811993 0.00853666 0.00854627 0.00823562 0.0095384 0.00889296 0.00936357 0.0092515 0.00865974 0.00855254 0.00902228 0.00870992 0.00878655 0.00841819 0.00891771 0.00891124 0.00882538 0.00852315 0.00871851 0.00840856 0.0086157 0.00819422 0.00889355 0.00822934 0.00858485 0.00811202 0.00877383 0.0081618 0.00911368 
0.0199472 0.0483987 0.0230598 0.0136481 0.0124199 0.0101266 0.0219654 0.00980305 0.175055 0.0324079 0.100718 0.0326143 0.00479079 0.00383945 0 0.00370332 0.00369623 0.00367539 0.00376506 0.00465124 0.00406816 0.00548555 0.00952456 0.0073054 0.0101964 0.0105197 0.0521395 0.0996058 0.0228164 0.0141736 0.0154728 0.0144398 0.00880243 0.00992648 0.0219666 0.0138129 0.0175895 0.0117449 0.00931984 0.00965709 0.0167674 0.0205349 0.0205193 0.020376 0.0170062 0.0202947 0.0163308 0.0123801 0.0121049 0.00880982 0.00973661 0.0118532 0.00971745 0.010526 0.00998923 0.00841389 0.00814221 0.00811928 0.00835545 0.00837968 0.00819248 0.00846664 0.00818609 0.00926616 0.00959677 0.0102501 0.0103208 0.0110924 0.0094963 0.00969331 0.0102212 0.00885314 0.00857643 0.010657 0.0095915 0.00980284 0.00905401 0.00902011 0.0084114 0.00834233 0.00849662 0.00857916 0.00870812 0.00865728 0.0085217 
0.0171834 0.0172223 0.0227472 0.0148331 0.0126454 0.0204204 0.0171214 0.184856 0.0370531 0.0322182 0.0213827 0.00741654 0.00420045 0.00372231 0.00370332 0 0.00369261 0.00372612 0.00378197 0.00384647 0.00381105 0.00550857 0.00586851 0.00817386 0.0104517 0.0178631 0.0758018 0.536444 0.00844314 0.0118043 0.00970672 0.00946149 0.00854908 0.00907031 0.0153145 0.0149055 0.0329105 0.00973403 0.00995302 0.00875541 0.0124331 0.0330215 0.0310127 0.0341919 0.0201836 0.0329087 0.019018 0.0221092 0.0109577 0.00873752 0.00886176 0.0113739 0.0110584 0.0130098 0.00931109 0.00831144 0.00800892 0.00805068 0.00830746 0.00825968 0.00815379 0.00823168 0.0080942 0.00915254 0.00914363 0.0111719 0.0105829 0.0133161 0.00946653 0.0122047 0.00895364 0.00888495 0.00864653 0.0102761 0.0095856 0.0105057 0.00905627 0.00921885 0.00848809 0.00805265 0.00838267 0.00856782 0.00859321 0.00852831 0.00864175 
0.0175612 0.0160992 0.0140934 0.0146173 0.0167843 0.0125288 0.190303 0.036714 0.0299783 0.02346 0.0266336 0.00884218 0.00430098 0.00371724 0.00369623 0.00369261 0 0.00374698 0.0036967 0.00375383 0.00434755 0.00437629 0.00511689 0.0100992 0.0107092 0.09961 0.607629 0.00776289 0.0090927 0.00861876 0.0100944 0.00941809 0.0085119 0.00970729 0.00992983 0.027691 0.0116923 0.0137902 0.00870446 0.0089573 0.0135769 0.0286284 0.040201 0.0268008 0.0311934 0.0167067 0.0257408 0.01714 0.010495 0.0089954 0.00943515 0.00961993 0.0149494 0.0117368 0.0090307 0.0083539 0.00799594 0.00807228 0.00827627 0.00827323 0.00817852 0.00818121 0.00828526 0.00848764 0.00971204 0.0107194 0.012963 0.0112632 0.0116126 0.0101734 0.00950959 0.00875649 0.00845601 0.00994986 0.0100621 0.00994433 0.010016 0.00882873 0.00836601 0.00813132 0.00844454 0.00844 0.00887132 0.0083383 0.00868019 
0.0139829 0.0231572 0.0198535 0.0258139 0.0148669 0.215804 0.0386044 0.0487843 0.0259725 0.0287 0.0204466 0.00716528 0.00458992 0.00376874 0.00367539 0.00372612 0.00374698 0 0.00371589 0.00369325 0.0037258 0.00397513 0.00759319 0.0215633 0.141517 0.684282 0.012195 0.00777279 0.00839231 0.0100925 0.0102965 0.0120032 0.00872457 0.00911957 0.0214727 0.012618 0.0277598 0.00938343 0.00909378 0.00939495 0.0164284 0.0324721 0.0337676 0.0366914 0.0182509 0.027736 0.0158833 0.0174159 0.0113507 0.00865507 0.00916615 0.0124787 0.0110063 0.0142286 0.0094565 0.00845153 0.00803467 0.00811295 0.00837226 0.00825193 0.00826788 0.00835093 0.00828742 0.00952703 0.00900845 0.0124758 0.0103851 0.0124406 0.00995554 0.0107628 0.00892129 0.0085619 0.00917643 0.00998881 0.0102844 0.0110169 0.00916586 0.00922889 0.00836748 0.00820653 0.00839889 0.00869948 0.00859441 0.0086001 0.00895356 
0.0215265 0.0234271 0.0461183 0.021715 0.203918 0.0385522 0.0462904 0.0201502 0.0232898 0.0262657 0.0103626 0.00769117 0.00547556 0.00388871 0.00376506 0.00378197 0.0036967 0.00371589 0 0.00379097 0.00370312 0.0042836 0.0132794 0.244934 0.593666 0.0112685 0.00707686 0.00643984 0.00802256 0.00952605 0.0148056 0.00936617 0.00860923 0.0106583 0.0122124 0.0332467 0.015056 0.0121352 0.00889381 0.00918157 0.0142745 0.0390332 0.0491195 0.0283923 0.0297147 0.0185642 0.0194632 0.0191112 0.0120156 0.00874454 0.010135 0.0121696 0.0150756 0.0123899 0.00909225 0.00841885 0.00805514 0.00813153 0.00835627 0.0083821 0.00842428 0.0082849 0.00843904 0.00893036 0.010908 0.0110822 0.012484 0.0122499 0.011288 0.00994966 0.00983613 0.00863161 0.00865399 0.0101339 0.0111451 0.0101009 0.0103375 0.00897837 0.00854326 0.00825197 0.00852473 0.00866249 0.00891628 0.00849706 0.00918617 
0.0165261 0.0637745 0.0223967 0.179108 0.0388384 0.0505745 0.0145839 0.0163807 0.0134016 0.00969425 0.0099015 0.00840755 0.00870296 0.00415885 0.00465124 0.00384647 0.00375383 0.00369325 0.00379097 0 0.00387367 0.00867446 0.879832 0.0893636 0.00537363 0.00605817 0.00826308 0.00639581 0.00829081 0.0187196 0.0106511 0.00964305 0.00927449 0.00953451 0.0163278 0.0102963 0.0122773 0.0101191 0.00894674 0.00963171 0.0139704 0.0170161 0.0166111 0.0194588 0.0128112 0.0132359 0.0113728 0.0117805 0.0114078 0.00872175 0.00948499 0.0121351 0.00922036 0.0101108 0.00948693 0.00828139 0.0082466 0.00831002 0.0084956 0.00853281 0.00824814 0.00844157 0.00852104 0.0097736 0.00903449 0.00945458 0.00937461 0.0113639 0.00913357 0.00991304 0.00915508 0.00848635 0.00928382 0.0102367 0.00907427 0.00993839 0.00874814 0.00903555 0.00836948 0.00814223 0.00830743 0.00900954 0.00840183 0.00837692 0.00828279 
0.0493476 0.0165023 0.128414 0.0291561 0.0353571 0.011374 0.00984725 0.0128404 0.00998521 0.00937174 0.00903994 0.00806659 0.0115272 0.00761 0.00406816 0.00381105 0.00434755 0.0037258 0.00370312 0.00387367 0 0.970318 0.0340775 0.00525216 0.00417406 0.00404901 0.00539929 0.00725494 0.0226885 0.00968512 0.00745107 0.00883297 0.0107996 0.0175774 0.00982543 0.0106136 0.0091456 0.009151 0.0095118 0.0119786 0.0105372 0.00952107 0.0132581 0.00985971 0.0101744 0.0092649 0.00945853 0.00908216 0.00964059 0.00900412 0.0122734 0.00874829 0.00849466 0.00870979 0.00853533 0.00826011 0.00872375 0.00840738 0.00958171 0.0083604 0.00834436 0.00857043 0.0083789 0.00928838 0.00857994 0.00911559 0.00857606 0.0091213 0.00896496 0.0085415 0.00859932 0.00876232 0.0103127 0.00866567 0.00894417 0.00855764 0.00849399 0.00830204 0.00825289 0.00873605 0.00822984 0.00814054 0.00826162 0.00816724 0.00831258 
0.0204545 0.0136054 0.00899821 0.0103171 0.00936299 0.00886934 0.00793622 0.00887897 0.00777684 0.0122372 0.0101693 0.0120612 0.00755844 0.00960393 0.00548555 0.00550857 0.00437629 0.00397513 0.0042836 0.00867446 0.970318 0 0.00388693 0.00371586 0.00371205 0.00397016 0.00408364 0.0050157 0.00691511 0.00619648 0.00901983 0.0115759 0.0104794 0.0108642 0.00871268 0.0100181 0.00856185 0.0100899 0.0102195 0.00938379 0.00864863 0.00872094 0.00883514 0.00877907 0.00905271 0.00846719 0.00861752 0.008386 0.00913048 0.00913427 0.0100968 0.00819668 0.00856622 0.00822248 0.00851546 0.0094225 0.00807378 0.00839973 0.00812013 0.00819492 0.00849032 0.00813329 0.00846247 0.00824946 0.00819804 0.00807377 0.00826252 0.0081242 0.00826105 0.00803303 0.00817549 0.00855705 0.00812707 0.00820185 0.00815129 0.00811809 0.00821749 0.00798499 0.00941688 0.00800539 0.00801019 0.0080044 0.00814263 0.00799546 0.00886897 
0.0159348 0.0295721 0.0124464 0.0100486 0.0104833 0.009078 0.0105281 0.00877223 0.0133032 0.0116113 0.0202679 0.00879033 0.00694047 0.0066857 0.00952456 0.00586851 0.00511689 0.00759319 0.0132794 0.879832 0.0340775 0.00388693 0 0.00372569 0.00369525 0.00372697 0.00500706 0.00385127 0.00593689 0.0112544 0.00896859 0.00813439 0.00920622 0.00940461 0.0128153 0.00923141 0.0115515 0.00927617 0.0101425 0.00862076 0.0114555 0.0106242 0.0113076 0.0121966 0.0100635 0.0115851 0.00891325 0.00960841 0.00925175 0.0085206 0.00899657 0.00964619 0.00842329 0.0089271 0.00893495 0.00846919 0.00802829 0.00808415 0.00808694 0.00822295 0.00810612 0.00822762 0.00812994 0.00858926 0.00846762 0.00864212 0.00865558 0.00880506 0.0084516 0.00862721 0.00890651 0.0083354 0.00819455 0.00871997 0.00848741 0.00866229 0.00834598 0.00851762 0.00823418 0.00809108 0.00807656 0.0081621 0.00831795 0.00831545 0.0082976 
0.013285 0.018772 0.017777 0.0145114 0.0108733 0.0163945 0.0102883 0.0210895 0.0102438 0.0201883 0.0113764 0.013113 0.00710692 0.00887385 0.0073054 0.00817386 0.0100992 0.0215633 0.244934 0.0893636 0.00525216 0.00371586 0.00372569 0 0.00369175 0.0037226 0.00371257 0.00380406 0.00620553 0.00886084 0.00872778 0.0184327 0.0113351 0.00979328 0.0090821 0.0250608 0.00957382 0.0162942 0.00891193 0.00879878 0.00994436 0.0156366 0.0222492 0.0137098 0.0228953 0.0101331 0.0167807 0.0114001 0.00960553 0.00869153 0.0103001 0.00884233 0.0128191 0.00939074 0.00948612 0.00852338 0.00797558 0.0080621 0.00819084 0.00828545 0.00829717 0.00810211 0.00809188 0.00848491 0.00894174 0.00923821 0.0107403 0.00976934 0.00983138 0.00884848 0.00916251 0.00835291 0.00824735 0.00887198 0.00935634 0.00892169 0.0100524 0.0085647 0.00874447 0.00803029 0.00832341 0.00843117 0.00849853 0.00866602 0.00979024 
0.0146015 0.016095 0.0212237 0.0121136 0.0250176 0.00893274 0.0209312 0.00999411 0.0308368 0.0105562 0.0134625 0.00827283 0.0077707 0.00740442 0.0101964 0.0104517 0.0107092 0.141517 0.593666 0.00537363 0.00417406 0.00371205 0.00369525 0.00369175 0 0.00370521 0.00376803 0.00373658 0.00444118 0.0117917 0.00711144 0.79978 0.0085845 0.00867619 0.0327526 0.00894252 0.0704084 0.00868954 0.0109606 0.00951569 0.0115275 0.0275884 0.0173346 0.0382448 0.0117833 0.0400296 0.0113066 0.0134311 0.0105968 0.00882529 0.00829792 0.0161953 0.00888974 0.0128021 0.0093832 0.00837656 0.00813243 0.00816884 0.00837469 0.00829755 0.00825393 0.00835816 0.00814942 0.00926801 0.00862038 0.0122998 0.0100681 0.0139848 0.00898718 0.0124802 0.00861614 0.00875102 0.0085343 0.00949155 0.00905213 0.0113634 0.00875242 0.009847 0.00829956 0.00827807 0.00819639 0.00905002 0.00849629 0.00878643 0.00832883 
0.0141376 0.0243591 0.0180299 0.0412435 0.0107352 0.0244492 0.00959062 0.0516788 0.0131052 0.0359769 0.0105388 0.00876943 0.00733096 0.0111164 0.0105197 0.0178631 0.09961 0.684282 0.0112685 0.00605817 0.00404901 0.00397016 0.00372697 0.0037226 0.00370521 0 0.00369013 0.00375392 0.00943289 0.00680677 0.941076 0.00871943 0.00837818 0.012778 0.00891998 0.0686213 0.00921881 0.0189901 0.00838626 0.00896671 0.0119174 0.020848 0.041236 0.0128286 0.0611522 0.0100227 0.0232431 0.014232 0.0127249 0.00835799 0.0129783 0.00854679 0.025029 0.0114101 0.00864745 0.00826449 0.00805852 0.00811223 0.0084675 0.00840137 0.00824005 0.0083499 0.00829456 0.00848996 0.00962784 0.00897306 0.0121301 0.0103274 0.013289 0.00885035 0.0100639 0.00824018 0.00846568 0.00918481 0.0116079 0.00892847 0.0117842 0.00835843 0.00856282 0.00807169 0.00849037 0.00841538 0.00955909 0.00825738 0.00853307 
0.0160921 0.0207216 0.0172639 0.0104651 0.0157091 0.00991624 0.0232095 0.0099911 0.0168894 0.00974235 0.0204939 0.00878913 0.0125584 0.0112532 0.0521395 0.0758018 0.607629 0.012195 0.00707686 0.00826308 0.00539929 0.00408364 0.00500706 0.00371257 0.00376803 0.00369013 0 0.0038568 0.00521961 0.995241 0.00829876 0.00920042 0.0105555 0.00909224 0.0392306 0.00882402 0.0160189 0.00875898 0.010979 0.0092621 0.0107423 0.0140867 0.011382 0.0196168 0.00977801 0.0132744 0.00984919 0.00965896 0.0102547 0.00863097 0.00944916 0.0158285 0.00869928 0.00902316 0.00925578 0.00823789 0.00840592 0.00825088 0.00873011 0.00844179 0.00811455 0.00848697 0.00814522 0.00951155 0.00873065 0.00964291 0.00885363 0.0106025 0.0085193 0.0100581 0.00846427 0.00844076 0.00896649 0.0107307 0.00862843 0.00940418 0.00849024 0.00967347 0.00822372 0.00855847 0.00823161 0.00872496 0.00831975 0.0088442 0.00828156 
0.024367 0.0112462 0.00941679 0.00951106 0.00947033 0.0109753 0.0089388 0.00955044 0.0090854 0.00965071 0.00935932 0.0129417 0.016219 0.0333765 0.0996058 0.536444 0.00776289 0.00777279 0.00643984 0.00639581 0.00725494 0.0050157 0.00385127 0.00380406 0.00373658 0.00375392 0.0038568 0 0.97271 0.00526135 0.00473546 0.0113251 0.0109031 0.0169666 0.009286 0.00937942 0.00899529 0.0089548 0.00972413 0.0108566 0.00929658 0.00897233 0.00997153 0.0090351 0.00912898 0.00864931 0.00872728 0.00875025 0.00877559 0.00887239 0.0107233 0.00847451 0.00835134 0.00925169 0.00849807 0.00817707 0.00886692 0.00833275 0.00990571 0.00832602 0.00826021 0.00832013 0.00814915 0.00917978 0.00855765 0.00837547 0.00830186 0.00842635 0.00848461 0.00825751 0.00818643 0.00833522 0.0100418 0.00847237 0.00829081 0.00824178 0.00842449 0.0081573 0.00820426 0.00891685 0.00830047 0.00809855 0.00811619 0.00804746 0.00821246 
0.0151244 0.0108233 0.00923393 0.0108965 0.00888036 0.0102585 0.0085476 0.0127885 0.00935663 0.0117991 0.0102318 0.0149381 0.0142051 0.0501076 0.0228164 0.00844314 0.0090927 0.00839231 0.00802256 0.00829081 0.0226885 0.00691511 0.00593689 0.00620553 0.00444118 0.00943289 0.00521961 0.97271 0 0.00381176 0.0041083 0.00454835 0.016191 0.023776 0.00856866 0.0187694 0.00864792 0.0324062 0.0105143 0.0105375 0.00874361 0.00873259 0.0098242 0.00883625 0.0112969 0.00845123 0.00956664 0.00854919 0.00906814 0.0100788 0.0177513 0.00806306 0.010041 0.00826233 0.00863002 0.011335 0.00814907 0.00927274 0.00830319 0.00840128 0.0097218 0.0083244 0.00970776 0.00825275 0.00876099 0.0081683 0.00867904 0.00823151 0.00885462 0.00806088 0.00914066 0.00885234 0.0084669 0.00815266 0.00848513 0.00818069 0.00897963 0.00801929 0.0109214 0.0080308 0.00888421 0.00797841 0.00936966 0.00803496 0.010085 
0.0116524 0.0119803 0.0153789 0.00930692 0.0117091 0.00874682 0.0108483 0.00906179 0.0125514 0.00896026 0.0220866 0.011154 0.00986109 0.0121678 0.0141736 0.0118043 0.00861876 0.0100925 0.00952605 0.0187196 0.00968512 0.00619648 0.0112544 0.00886084 0.0117917 0.00680677 0.995241 0.00526135 0.00381176 0 0.00484538 0.00393678 0.0111154 0.00876149 0.0344432 0.00865265 0.0284189 0.00889977 0.0145153 0.00842973 0.00967052 0.00997678 0.00944813 0.0128756 0.00889127 0.0129883 0.00870734 0.00892567 0.00927899 0.00885861 0.00829637 0.0141528 0.00831167 0.00871201 0.00999154 0.00859811 0.00806352 0.0081778 0.00827698 0.00833574 0.00843412 0.00832138 0.00828099 0.00879356 0.00847049 0.00948206 0.00848809 0.00953614 0.00852428 0.0094825 0.00831191 0.00889989 0.00817437 0.0087513 0.00850064 0.00912605 0.00836487 0.00902004 0.00821171 0.00862257 0.00804803 0.00879756 0.00806902 0.00932272 0.00816525 
0.0135523 0.0224397 0.00993558 0.0117879 0.00890595 0.0109373 0.00882356 0.0115563 0.00932304 0.0135333 0.0105561 0.00903295 0.0116528 0.0175203 0.0154728 0.00970672 0.0100944 0.0102965 0.0148056 0.0106511 0.00745107 0.00901983 0.00896859 0.00872778 0.00711144 0.941076 0.00829876 0.00473546 0.0041083 0.00484538 0 0.0049122 0.00898718 0.0224973 0.00930826 0.0250219 0.00900673 0.0162314 0.00858745 0.00945377 0.00994337 0.00954708 0.0118603 0.00895123 0.0117274 0.00861438 0.00937477 0.0090241 0.00899445 0.00834274 0.0135837 0.00849461 0.0101648 0.00848317 0.00842111 0.0081372 0.00816838 0.00839197 0.00861542 0.00851777 0.00807023 0.00813986 0.00816605 0.00843616 0.00918352 0.00831207 0.00870566 0.00833903 0.00874693 0.00831081 0.00916553 0.00819997 0.00886641 0.00841591 0.00850585 0.0083775 0.00900727 0.00819098 0.00830715 0.0081767 0.00870665 0.0081471 0.00871554 0.00810824 0.00827118 
0.0284188 0.0113321 0.0100653 0.00954623 0.0100529 0.00892406 0.00966919 0.00947466 0.0110721 0.00969084 0.010769 0.010636 0.0159148 0.0172532 0.0144398 0.00946149 0.00941809 0.0120032 0.00936617 0.00964305 0.00883297 0.0115759 0.00813439 0.0184327 0.79978 0.00871943 0.00920042 0.0113251 0.00454835 0.00393678 0.0049122 0 0.0283899 0.01307 0.0161042 0.0102594 0.0150979 0.00977592 0.0168096 0.0129048 0.00993512 0.0104707 0.0100438 0.00987567 0.00968922 0.0100878 0.00946609 0.00906638 0.00927752 0.00893591 0.0120074 0.0117243 0.00853253 0.00929741 0.00894986 0.0082792 0.00911528 0.00853506 0.0104288 0.00828783 0.00862132 0.00924897 0.00819887 0.0107288 0.00862315 0.00890751 0.00845192 0.00901051 0.00839199 0.00921014 0.0083097 0.00857305 0.0111405 0.00860047 0.00850593 0.00900839 0.00877871 0.0083844 0.00822236 0.0110652 0.00860916 0.00862271 0.00840077 0.00839784 0.00815229 
0.011429 0.00837871 0.00839267 0.00818386 0.00844624 0.00817428 0.00834304 0.00834106 0.00825831 0.00834157 0.00869952 0.00944602 0.0235777 0.0113096 0.00880243 0.00854908 0.0085119 0.00872457 0.00860923 0.00927449 0.0107996 0.0104794 0.00920622 0.0113351 0.0085845 0.00837818 0.0105555 0.0109031 0.016191 0.0111154 0.00898718 0.0283899 0 0.00964126 0.00404618 0.00409107 0.00418938 0.00433705 0.00658012 0.0102394 0.00930725 0.00824227 0.0084498 0.00963784 0.00885112 0.00901321 0.0089095 0.00877723 0.00968459 0.0115799 0.0165231 0.0106059 0.00892021 0.00878905 0.00986351 0.0100527 0.0115999 0.0114423 0.0122786 0.0092806 0.0102428 0.0119344 0.011317 0.0108154 0.00892566 0.00873356 0.00836048 0.00856552 0.0086224 0.00856685 0.00851585 0.0118223 0.0106407 0.00847951 0.00822181 0.00831306 0.00835597 0.00894478 0.00879428 0.0110326 0.00834223 0.00816779 0.00804808 0.00827055 0.00892784 
0.0122523 0.00934191 0.00862818 0.00974503 0.00842907 0.0094351 0.00837535 0.00969443 0.00850781 0.0104651 0.00868054 0.0117852 0.0107714 0.0168294 0.00992648 0.00907031 0.00970729 0.00911957 0.0106583 0.00953451 0.0175774 0.0108642 0.00940461 0.00979328 0.00867619 0.012778 0.00909224 0.0169666 0.023776 0.00876149 0.0224973 0.01307 0.00964126 0 0.00375853 0.00388636 0.00366414 0.00448694 0.00410228 0.0128406 0.00980994 0.00839459 0.0117838 0.0109895 0.0286822 0.0168284 0.180962 0.00950246 0.011728 0.012398 0.0588568 0.00859653 0.0171975 0.00901583 0.0106593 0.0137892 0.00951318 0.0123074 0.0108735 0.00995697 0.012952 0.0102443 0.0136485 0.00994558 0.0135355 0.00881413 0.011211 0.00935853 0.0142456 0.00856398 0.0154498 0.0111083 0.0104156 0.00906091 0.0118917 0.00856813 0.0138479 0.00823701 0.0238337 0.00870372 0.0106388 0.00801846 0.0108055 0.00814056 0.0249419 
0.0115982 0.0145619 0.0165598 0.0101076 0.0159407 0.00973794 0.0138197 0.0107356 0.0181628 0.00990054 0.0160856 0.00901596 0.0085899 0.0102024 0.0219666 0.0153145 0.00992983 0.0214727 0.0122124 0.0163278 0.00982543 0.00871268 0.0128153 0.0090821 0.0327526 0.00891998 0.0392306 0.009286 0.00856866 0.0344432 0.00930826 0.0161042 0.00404618 0.00375853 0 0.00371538 0.00408382 0.00374437 0.00478843 0.0111082 0.018588 0.0214035 0.0140129 0.0558499 0.016396 0.328778 0.0100176 0.0167783 0.0123246 0.0110431 0.00900631 0.145551 0.00871651 0.0282105 0.014509 0.00962542 0.00889731 0.00879849 0.013254 0.00983323 0.010534 0.0131387 0.00890483 0.019816 0.0097765 0.0335517 0.0104046 0.0641269 0.00949431 0.0485597 0.00903245 0.0157152 0.0097933 0.0163704 0.0100156 0.035325 0.0090997 0.0389645 0.00839156 0.0132401 0.00816735 0.0138557 0.00818161 0.0191142 0.00844334 
0.00993913 0.0167734 0.0150005 0.0257057 0.0101344 0.013719 0.00953706 0.0251918 0.0107729 0.0348673 0.00927979 0.00872336 0.00856496 0.0132645 0.0138129 0.0149055 0.027691 0.012618 0.0332467 0.0102963 0.0106136 0.0100181 0.00923141 0.0250608 0.00894252 0.0686213 0.00882402 0.00937942 0.0187694 0.00865265 0.0250219 0.0102594 0.00409107 0.00388636 0.00371538 0 0.00371715 0.00436744 0.00375541 0.0086782 0.0148007 0.020249 0.0425502 0.0171007 0.329003 0.0088004 0.0228854 0.0124171 0.0111906 0.00859367 0.0374247 0.00862973 0.137456 0.0108638 0.0158768 0.00946886 0.00901892 0.00926897 0.0100858 0.00984208 0.0102566 0.00927281 0.00983902 0.00905289 0.0314288 0.0097667 0.0635737 0.011374 0.0735752 0.00901316 0.0332512 0.00875745 0.0104903 0.0109334 0.0343668 0.00958602 0.0741396 0.00865844 0.0141723 0.00862176 0.0131103 0.00836504 0.0345085 0.00836199 0.014889 
0.0105649 0.0143308 0.033306 0.0126332 0.0205593 0.00967896 0.0240105 0.0107216 0.0372813 0.0105824 0.0113958 0.00890916 0.00879866 0.00944648 0.0175895 0.0329105 0.0116923 0.0277598 0.015056 0.0122773 0.0091456 0.00856185 0.0115515 0.00957382 0.0704084 0.00921881 0.0160189 0.00899529 0.00864792 0.0284189 0.00900673 0.0150979 0.00418938 0.00366414 0.00408382 0.00371715 0 0.00370126 0.00389655 0.00899999 0.0140697 0.0476162 0.0208425 0.323658 0.00975675 0.0424453 0.0103228 0.0160438 0.00975237 0.00961682 0.00889887 0.0678438 0.00911902 0.0365025 0.0117001 0.00872837 0.00875009 0.00865888 0.0119008 0.0091548 0.0107447 0.0106518 0.00865622 0.0181401 0.00955473 0.09104 0.0104012 0.0842422 0.0102084 0.0909655 0.00900359 0.0151647 0.00973469 0.0184876 0.0107984 0.0796924 0.00946851 0.0284756 0.00859203 0.0118544 0.00837424 0.0314394 0.00855694 0.0140131 0.00855812 
0.0104888 0.0132042 0.00993624 0.0120797 0.00884061 0.0104355 0.00875323 0.015111 0.00921256 0.013751 0.0087804 0.0085103 0.0100074 0.0121508 0.0117449 0.00973403 0.0137902 0.00938343 0.0121352 0.0101191 0.009151 0.0100899 0.00927617 0.0162942 0.00868954 0.0189901 0.00875898 0.0089548 0.0324062 0.00889977 0.0162314 0.00977592 0.00433705 0.00448694 0.00374437 0.00436744 0.00370126 0 0.00378349 0.0180732 0.0275286 0.022223 0.21916 0.00825284 0.0285381 0.00816448 0.0141061 0.00976352 0.0123572 0.00837561 0.0436571 0.00912302 0.0277277 0.0102712 0.010557 0.00909231 0.010379 0.0108234 0.0109247 0.0115779 0.0102453 0.0100817 0.0120751 0.0096191 0.0409915 0.00913933 0.0256241 0.010377 0.0316905 0.00907087 0.0280879 0.00887511 0.0116888 0.0102237 0.0303561 0.00906641 0.0226006 0.00852047 0.0118831 0.00869872 0.0166343 0.0082248 0.0128709 0.00826323 0.0107167 
0.0130003 0.00897633 0.00873197 0.00873076 0.00900267 0.00825696 0.00942151 0.00881105 0.00904462 0.00871625 0.00885534 0.00889693 0.0152544 0.0111461 0.00931984 0.00995302 0.00870446 0.00909378 0.00889381 0.00894674 0.0095118 0.0102195 0.0101425 0.00891193 0.0109606 0.00838626 0.010979 0.00972413 0.0105143 0.0145153 0.00858745 0.0168096 0.00658012 0.00410228 0.00478843 0.00375541 0.00389655 0.00378349 0 0.0340619 0.020074 0.10557 0.00910546 0.013393 0.00780617 0.0102456 0.00800323 0.00882475 0.00895529 0.00998652 0.0116959 0.0214836 0.00852604 0.0103552 0.0099203 0.00857062 0.0114459 0.00913775 0.0217652 0.00965141 0.0107429 0.0139948 0.00908425 0.0299605 0.0092534 0.0115946 0.00869167 0.0120736 0.00872644 0.0142721 0.00852846 0.0128199 0.0171037 0.0128036 0.00879914 0.0109158 0.00867423 0.0115964 0.00840979 0.0241725 0.00836556 0.00924961 0.00816224 0.0101653 0.00849023 
0.0120207 0.0088844 0.00886143 0.00887415 0.00896373 0.00845568 0.00894115 0.00896235 0.00943263 0.00904273 0.00946568 0.0105649 0.00943447 0.0103226 0.00965709 0.00875541 0.0089573 0.00939495 0.00918157 0.00963171 0.0119786 0.00938379 0.00862076 0.00879878 0.00951569 0.00896671 0.0092621 0.0108566 0.0105375 0.00842973 0.00945377 0.0129048 0.0102394 0.0128406 0.0111082 0.0086782 0.00899999 0.0180732 0.0340619 0 0.00754305 0.00369338 0.00371112 0.00371325 0.00369067 0.00373594 0.00387533 0.00397416 0.00635254 0.00906853 0.0168585 0.00729283 0.00895432 0.0100438 0.0158007 0.0212115 0.00812578 0.0104045 0.0112359 0.00960131 0.0131107 0.0105325 0.0133054 0.0158353 0.0117582 0.0111356 0.0107171 0.0117024 0.0123683 0.00957631 0.0110953 0.0779543 0.0116552 0.00982993 0.0110784 0.0104729 0.0109148 0.0113678 0.0145726 0.00989862 0.00880181 0.00825746 0.00916439 0.00873129 0.0170627 
0.00949342 0.0173522 0.0119506 0.0135477 0.0107797 0.0103537 0.00970344 0.0139029 0.0131604 0.0129887 0.0116121 0.00895081 0.008078 0.00972978 0.0167674 0.0124331 0.0135769 0.0164284 0.0142745 0.0139704 0.0105372 0.00864863 0.0114555 0.00994436 0.0115275 0.0119174 0.0107423 0.00929658 0.00874361 0.00967052 0.00994337 0.00993512 0.00930725 0.00980994 0.018588 0.0148007 0.0140697 0.0275286 0.020074 0.00754305 0 0.00370429 0.00370117 0.00369497 0.00368807 0.00380627 0.00379056 0.00427835 0.00518977 0.00616034 0.00866886 0.0135389 0.00883681 0.0107566 0.0284232 0.0118399 0.00853878 0.00891409 0.0110226 0.0106401 0.0100078 0.0106555 0.00988671 0.0151432 0.0313625 0.0137901 0.0218717 0.0257757 0.0202336 0.0138844 0.104779 0.0131506 0.0107849 0.0193004 0.0164647 0.0164227 0.0179315 0.0262664 0.0110263 0.00996069 0.00951296 0.00920734 0.00989034 0.0110354 0.0102917 
0.0104923 0.0188584 0.0330965 0.0217989 0.0210901 0.0135916 0.0197894 0.0174235 0.0302565 0.0233288 0.0127821 0.00885501 0.00804386 0.010302 0.0205349 0.0330215 0.0286284 0.0324721 0.0390332 0.0170161 0.00952107 0.00872094 0.0106242 0.0156366 0.0275884 0.020848 0.0140867 0.00897233 0.00873259 0.00997678 0.00954708 0.0104707 0.00824227 0.00839459 0.0214035 0.020249 0.0476162 0.022223 0.10557 0.00369338 0.00370429 0 0.00370062 0.0037139 0.00371576 0.00369905 0.00384002 0.00407726 0.00420406 0.00439274 0.00796016 0.0100966 0.0130675 0.0190701 0.0120219 0.00992698 0.00801643 0.00876285 0.00978494 0.0105959 0.00964268 0.00898765 0.00945086 0.0162709 0.0168352 0.0533892 0.0325623 0.0770825 0.034642 0.169663 0.0141248 0.0148586 0.0116653 0.0308746 0.0342623 0.0449428 0.0292475 0.0226478 0.00945943 0.00960253 0.00929409 0.0146438 0.014012 0.0115338 0.0101134 
0.0108955 0.0214673 0.0266026 0.0298805 0.0161771 0.0216846 0.0151119 0.0281469 0.0258188 0.0345 0.0119707 0.0111672 0.00843245 0.0117294 0.0205193 0.0310127 0.040201 0.0337676 0.0491195 0.0166111 0.0132581 0.00883514 0.0113076 0.0222492 0.0173346 0.041236 0.011382 0.00997153 0.0098242 0.00944813 0.0118603 0.0100438 0.0084498 0.0117838 0.0140129 0.0425502 0.0208425 0.21916 0.00910546 0.00371112 0.00370117 0.00370062 0 0.00371731 0.00371513 0.00366639 0.00382673 0.00391487 0.00389073 0.00441195 0.00907891 0.00999741 0.0206729 0.0127667 0.0109325 0.0101639 0.00811211 0.00886126 0.0103831 0.00930559 0.010688 0.00936702 0.0103027 0.0118524 0.0344419 0.0214164 0.0794873 0.0344858 0.258692 0.0207815 0.0399571 0.0119121 0.0138289 0.023353 0.0697748 0.0318185 0.0730094 0.0157442 0.0176554 0.00914874 0.0122603 0.0122427 0.0219144 0.00990476 0.0188992 
0.0130777 0.0177601 0.0290494 0.014647 0.0265691 0.0111775 0.0215684 0.0149892 0.0300555 0.0168421 0.0130266 0.00895903 0.00835679 0.0100104 0.020376 0.0341919 0.0268008 0.0366914 0.0283923 0.0194588 0.00985971 0.00877907 0.0121966 0.0137098 0.0382448 0.0128286 0.0196168 0.0090351 0.00883625 0.0128756 0.00895123 0.00987567 0.00963784 0.0109895 0.0558499 0.0171007 0.323658 0.00825284 0.013393 0.00371325 0.00369497 0.0037139 0.00371731 0 0.0037184 0.00373017 0.00372372 0.00377457 0.00386424 0.00397045 0.00679666 0.0202648 0.00927567 0.0213632 0.0116043 0.0132518 0.00790988 0.00864251 0.0102251 0.00973648 0.0098324 0.00937805 0.00910592 0.0203587 0.0140135 0.0805621 0.018234 0.290366 0.0156013 0.0799407 0.0114672 0.0180066 0.0140992 0.039159 0.0276215 0.0759353 0.013284 0.0497322 0.00920355 0.0104237 0.00894932 0.0224329 0.00962959 0.0158793 0.0104189 
