1KCQA
VQRLFQVKGRRVVRATEVPVSWESFNNGDCFILDLGNNIHQWCGSNSNRYERLKATQVSKGIRDNERSGRARVHVSEEGTEPEAMLQVLGPKPALPAGTEDTA
CCEEEEEEECCCEEEEEECCCHHHCCCCCEEEEECCCEEEEEECCCCCHHHHHHHHHHHHHHHHHCCCCCCEEEEEECCCCCHHHHHHHCCCCCCCCCCCCCC
0 0 0 0 0 0 0 0 0 0 0 0 0 0 0 0 0 0 0 0 0 0 0 0 0 0 0 0 0 0 0 0 0 0 0 0 0 0 0 0 0 0 0 0 0 0 0 0 0 0 0 0 0 0 0 0 0 0 0 0 0 0 0 0 0 0 0 0 0 0 0 0 0 0 0 0 0 0 0 0 0 0 0 0 0 0 0 0 0 0 0 0 0 0 0 0 0 0 0 0 0 0 0 
0 0 0 0 0 0 0 0 0 0 0 0 0 0 0 0 0 0 0 0 0 0 0 0 0 0 0 0 0 0 0 0 0 0 0 0 0 0 0 0 0 0 0 0 0 0 0 0 0 0 0 0 0 0 0 0 0 0 0 0 0 0 0 0 0 0 0 0 0 0 0 0 0 0 0 0 0 0 0 0 0 0 0 0 0 0 0 0 0 0 0 0 0 0 0 0 0 0 0 0 0 0 0 
0 0.00384811 0.00377287 0.00373784 0.00381835 0.00415109 0.00799684 0.0107743 0.00879255 0.00840368 0.00835702 0.0139034 0.088826 0.114673 0.0212197 0.0148352 0.0134288 0.0254662 0.0249653 0.0123782 0.0114169 0.0112847 0.0110679 0.0308605 0.0166527 0.00999105 0.00956512 0.00893056 0.00982436 0.012235 
0.00384811 0 0.00369604 0.00368858 0.0037088 0.00387461 0.00385407 0.00697521 0.00793301 0.0078808 0.00736735 0.0608113 0.736416 0.0223558 0.075085 0.0258422 0.056903 0.011682 0.0136849 0.035607 0.0192813 0.02281 0.0451755 0.0113114 0.0101655 0.0141794 0.0122643 0.0138229 0.0147387 0.00896329 
0.00377287 0.00369604 0 0.00373027 0.003665 0.00371297 0.00374655 0.00587243 0.00689068 0.00861152 0.0333044 0.850834 0.0135642 0.0174478 0.0327296 0.122194 0.0249955 0.0163862 0.0100715 0.0203254 0.0274847 0.0811592 0.0249309 0.0125675 0.00953178 0.0130845 0.0151298 0.032798 0.0100641 0.0086895 
0.00373784 0.00368858 0.00373027 0 0.00371345 0.00370005 0.00371111 0.00440982 0.0105154 0.0196413 0.925366 0.0229593 0.00733067 0.01228 0.0658759 0.0394306 0.0336411 0.0165021 0.0118941 0.0104104 0.0799157 0.0449242 0.0336499 0.0106423 0.0106369 0.0093574 0.043918 0.0139887 0.00967997 0.00860036 
0.00381835 0.0037088 0.003665 0.00371345 0 0.00369298 0.00370495 0.00767961 0.0143434 0.942588 0.0130614 0.00662426 0.00682028 0.0242967 0.0183541 0.0434716 0.0267193 0.0130099 0.00898829 0.0373227 0.0227235 0.0681283 0.0191907 0.0117319 0.00870376 0.0236697 0.0101088 0.0149439 0.0101174 0.00848145 
0.00415109 0.00387461 0.00371297 0.00370005 0.00369298 0 0.00376084 0.00963103 0.922412 0.00472324 0.00599724 0.00666322 0.00642315 0.0107656 0.0209916 0.0146702 0.0167059 0.0200664 0.0278745 0.0121393 0.0173013 0.0133795 0.0279256 0.0116559 0.0142057 0.00901178 0.0110198 0.00965765 0.0111567 0.00837663 
0.00799684 0.00385407 0.00374655 0.00371111 0.00370495 0.00376084 0 0.950535 0.00407695 0.00398333 0.00430507 0.0048329 0.00886147 0.0169031 0.0114636 0.00978434 0.0140404 0.0183899 0.0131889 0.0139858 0.00921098 0.0101416 0.0103302 0.019571 0.0112146 0.0112231 0.00852917 0.00861501 0.00897702 0.00875493 
0.0107743 0.00697521 0.00587243 0.00440982 0.00767961 0.00963103 0.950535 0 0.00377221 0.00386722 0.00383301 0.00389981 0.00840383 0.0158668 0.0105085 0.0100715 0.0148479 0.0235377 0.0140008 0.0140258 0.00897926 0.00967947 0.00921898 0.0214722 0.011797 0.0140316 0.00883641 0.00899376 0.0103332 0.0133737 
0.00879255 0.00793301 0.00689068 0.0105154 0.0143434 0.922412 0.00407695 0.00377221 0 0.00370626 0.0037462 0.00435431 0.00377752 0.00841025 0.015298 0.0115625 0.0167083 0.0160621 0.0105155 0.00914419 0.0124149 0.00962889 0.0122561 0.00978928 0.0123659 0.00854432 0.0112872 0.00990106 0.00883819 0.00910979 
0.00840368 0.0078808 0.00861152 0.0196413 0.942588 0.00472324 0.00398333 0.00386722 0.00370626 0 0.00397019 0.00370728 0.00378327 0.00845769 0.00992307 0.0215597 0.0175649 0.00937116 0.00833136 0.0110432 0.00947684 0.0188167 0.00948597 0.00883353 0.00861998 0.011809 0.00899737 0.0100698 0.00910865 0.00830145 
0.00835702 0.00736735 0.0333044 0.925366 0.0130614 0.00599724 0.00430507 0.00383301 0.0037462 0.00397019 0 0.00369511 0.00370258 0.00819089 0.0153765 0.0194071 0.0128251 0.00955747 0.00869947 0.00929935 0.0109367 0.0105213 0.00927853 0.00885831 0.00944719 0.00951593 0.0115665 0.0097746 0.00859774 0.00839597 
0.0139034 0.0608113 0.850834 0.0229593 0.00662426 0.00666322 0.0048329 0.00389981 0.00435431 0.00370728 0.00369511 0 0.0037167 0.0127116 0.0190737 0.0446048 0.0102107 0.0105019 0.0106045 0.0107646 0.0105436 0.00987919 0.0126362 0.00925668 0.0124994 0.00911842 0.010554 0.00913759 0.00887942 0.00854448 
0.088826 0.736416 0.0135642 0.00733067 0.00682028 0.00642315 0.00886147 0.00840383 0.00377752 0.00378327 0.00370258 0.0037167 0 0.0248916 0.0113813 0.00961307 0.0135124 0.0113387 0.009579 0.0102691 0.00819794 0.00861414 0.00911041 0.0195532 0.0113329 0.0151228 0.00849281 0.00849318 0.00927289 0.00867198 
0.114673 0.0223558 0.0174478 0.01228 0.0242967 0.0107656 0.0169031 0.0158668 0.00841025 0.00845769 0.00819089 0.0127116 0.0248916 0 0.0037337 0.00371515 0.0037601 0.00425418 0.00603666 0.00542536 0.0060423 0.0118118 0.0164425 0.908191 0.0295786 0.0119237 0.0110524 0.0110569 0.0102779 0.0150457 
0.0212197 0.075085 0.0327296 0.0658759 0.0183541 0.0209916 0.0114636 0.0105085 0.015298 0.00992307 0.0153765 0.0190737 0.0113813 0.0037337 0 0.0037172 0.00371304 0.00381426 0.00500871 0.00661546 0.0145313 0.0271686 0.900367 0.0122777 0.0203789 0.0299616 0.0188898 0.0170575 0.0170223 0.00967714 
0.0148352 0.0258422 0.122194 0.0394306 0.0434716 0.0146702 0.00978434 0.0100715 0.0115625 0.0215597 0.0194071 0.0446048 0.00961307 0.00371515 0.0037172 0 0.00370145 0.00372538 0.0042113 0.0297444 0.0325439 0.918128 0.0111754 0.00719403 0.0145388 0.0254605 0.039196 0.0346714 0.0119839 0.00962855 
0.0134288 0.056903 0.0249955 0.0336411 0.0267193 0.0167059 0.0140404 0.0148479 0.0167083 0.0175649 0.0128251 0.0102107 0.0135124 0.0037601 0.00371304 0.00370145 0 0.00394685 0.0168333 0.0339331 0.805003 0.0104126 0.00980073 0.00822201 0.0110693 0.0221049 0.0138718 0.0167179 0.0210276 0.0100915 
0.0254662 0.011682 0.0163862 0.0165021 0.0130099 0.0200664 0.0183899 0.0235377 0.0160621 0.00937116 0.00955747 0.0105019 0.0113387 0.00425418 0.00381426 0.00372538 0.00394685 0 0.075929 0.611711 0.00423301 0.00424844 0.006907 0.011266 0.0178205 0.0096092 0.0103466 0.0101342 0.0135327 0.0143891 
0.0249653 0.0136849 0.0100715 0.0118941 0.00898829 0.0278745 0.0131889 0.0140008 0.0105155 0.00833136 0.00869947 0.0106045 0.009579 0.00603666 0.00500871 0.0042113 0.0168333 0.075929 0 0.00374677 0.00369148 0.00367888 0.00373084 0.00449877 0.590863 0.00917909 0.012207 0.00917491 0.00927098 0.0126643 
0.0123782 0.035607 0.0203254 0.0104104 0.0373227 0.0121393 0.0139858 0.0140258 0.00914419 0.0110432 0.00929935 0.0107646 0.0102691 0.00542536 0.00661546 0.0297444 0.0339331 0.611711 0.00374677 0 0.00369633 0.00368764 0.00372143 0.00373282 0.0174868 0.652595 0.00957089 0.0172505 0.0209851 0.00925053 
0.0114169 0.0192813 0.0274847 0.0799157 0.0227235 0.0173013 0.00921098 0.00897926 0.0124149 0.00947684 0.0109367 0.0105436 0.00819794 0.0060423 0.0145313 0.0325439 0.805003 0.00423301 0.00369148 0.00369633 0 0.00372676 0.00369372 0.00372482 0.0459146 0.0116026 0.493648 0.0300478 0.015117 0.00919873 
0.0112847 0.02281 0.0811592 0.0449242 0.0681283 0.0133795 0.0101416 0.00967947 0.00962889 0.0188167 0.0105213 0.00987919 0.00861414 0.0118118 0.0271686 0.918128 0.0104126 0.00424844 0.00367888 0.00368764 0.00372676 0 0.00369944 0.00371319 0.014794 0.0507815 0.0283815 0.464442 0.0134044 0.00975239 
0.0110679 0.0451755 0.0249309 0.0336499 0.0191907 0.0279256 0.0103302 0.00921898 0.0122561 0.00948597 0.00927853 0.0126362 0.00911041 0.0164425 0.900367 0.0111754 0.00980073 0.006907 0.00373084 0.00372143 0.00369372 0.00369944 0 0.00370026 0.014217 0.0208669 0.0441197 0.0215523 0.419966 0.0108031 
0.0308605 0.0113114 0.0125675 0.0106423 0.0117319 0.0116559 0.019571 0.0214722 0.00978928 0.00883353 0.00885831 0.00925668 0.0195532 0.908191 0.0122777 0.00719403 0.00822201 0.011266 0.00449877 0.00373282 0.00372482 0.00371319 0.00370026 0 0.0185096 0.0121966 0.0109328 0.014907 0.0191765 0.322167 
0.0166527 0.0101655 0.00953178 0.0106369 0.00870376 0.0142057 0.0112146 0.011797 0.0123659 0.00861998 0.00944719 0.0124994 0.0113329 0.0295786 0.0203789 0.0145388 0.0110693 0.0178205 0.590863 0.0174868 0.0459146 0.014794 0.014217 0.0185096 0 0.0040406 0.00405422 0.00391766 0.00383557 0.00991107 
0.00999105 0.0141794 0.0130845 0.0093574 0.0236697 0.00901178 0.0112231 0.0140316 0.00854432 0.011809 0.00951593 0.00911842 0.0151228 0.0119237 0.0299616 0.0254605 0.0221049 0.0096092 0.00917909 0.652595 0.0116026 0.0507815 0.0208669 0.0121966 0.0040406 0 0.00375441 0.0037081 0.00678733 0.00376718 
0.00956512 0.0122643 0.0151298 0.043918 0.0101088 0.0110198 0.00852917 0.00883641 0.0112872 0.00899737 0.0115665 0.010554 0.00849281 0.0110524 0.0188898 0.039196 0.0138718 0.0103466 0.012207 0.00957089 0.493648 0.0283815 0.0441197 0.0109328 0.00405422 0.00375441 0 0.00392956 0.00369825 0.00373575 
0.00893056 0.0138229 0.032798 0.0139887 0.0149439 0.00965765 0.00861501 0.00899376 0.00990106 0.0100698 0.0097746 0.00913759 0.00849318 0.0110569 0.0170575 0.0346714 0.0167179 0.0101342 0.00917491 0.0172505 0.0300478 0.464442 0.0215523 0.014907 0.00391766 0.0037081 0.00392956 0 0.00377741 0.00371529 
0.00982436 0.0147387 0.0100641 0.00967997 0.0101174 0.0111567 0.00897702 0.0103332 0.00883819 0.00910865 0.00859774 0.00887942 0.00927289 0.0102779 0.0170223 0.0119839 0.0210276 0.0135327 0.00927098 0.0209851 0.015117 0.0134044 0.419966 0.0191765 0.00383557 0.00678733 0.00369825 0.00377741 0 0.00380685 
0.012235 0.00896329 0.0086895 0.00860036 0.00848145 0.00837663 0.00875493 0.0133737 0.00910979 0.00830145 0.00839597 0.00854448 0.00867198 0.0150457 0.00967714 0.00962855 0.0100915 0.0143891 0.0126643 0.00925053 0.00919873 0.00975239 0.0108031 0.322167 0.00991107 0.00376718 0.00373575 0.00371529 0.00380685 0 
