1L5PA
GTITAVKGGVKKQLKFEDDQTLFTVLTEAGLMSADDTCQGNKACGKCICKHVSGKVAAAEDDEKEFLEDQPANARLACAITLSGENDGAVFEL
CEEEEEECCEEEEEECCCCEEHHHHHHCCCCCCCCCCCCCCCCCCCCEEEEEECCCCCCCHHHHHHHCCCCCCEEEHHHCEECHHHCCCEEEC
0 0 0 0 0 0 0 0 0 0 0 0 0 0 0 0 0 0 0 0 0 0 0 0 0 0 0 0 0 0 0 0 0 0 0 0 0 0 0 0 0 0 0 0 0 0 0 0 0 0 0 0 0 0 0 0 0 0 0 0 0 0 0 0 0 0 0 0 0 0 0 0 0 0 0 0 0 0 0 0 0 0 0 0 0 0 0 0 0 0 0 0 0 
0 0 0 0 0 0 0 0 0 0 0 0 0 0 0 0 0 0 0 0 0 0 0 0 0 0 0 0 0 0 0 0 0 0 0 0 0 0 0 0 0 0 0 0 0 0 0 0 0 0 0 0 0 0 0 0 0 0 0 0 0 0 0 0 0 0 0 0 0 0 0 0 0 0 0 0 0 0 0 0 0 0 0 0 0 0 0 0 0 0 0 0 0 
0 0.00394762 0.00382754 0.00387121 0.00394159 0.0182133 0.00940651 0.0125369 0.0071508 0.0137166 0.0127823 0.984683 0.0144808 0.0406517 0.0737753 0.0218018 0.0222423 0.0148973 0.0119228 0.0353788 0.0115176 0.0157321 0.0163787 0.0132143 0.0112912 0.0148737 0.0107138 0.0389488 
0.00394762 0 0.00379775 0.00386224 0.00875918 0.0044072 0.00545711 0.0063156 0.00809775 0.00850126 0.982484 0.0160816 0.0177974 0.0107871 0.0181777 0.0587955 0.0142224 0.016838 0.0164095 0.0101888 0.0131133 0.00961444 0.0126911 0.00875885 0.0124983 0.0107655 0.0134397 0.0101808 
0.00382754 0.00379775 0 0.00380953 0.00382542 0.00383193 0.00458514 0.00504949 0.00618025 0.97142 0.00895428 0.0172598 0.00743574 0.00819358 0.0191272 0.0229937 0.0492953 0.0220536 0.0103681 0.00979664 0.00952379 0.0121658 0.00994417 0.0109004 0.00876593 0.012685 0.00898072 0.0136771 
0.00387121 0.00386224 0.00380953 0 0.00379653 0.00382235 0.00460758 0.00790683 0.966988 0.0196285 0.0115428 0.00808153 0.0079691 0.00767996 0.0185793 0.0292402 0.0336975 0.0247436 0.0110627 0.00940595 0.010816 0.00986521 0.0111338 0.00913832 0.00895833 0.00985086 0.00998079 0.012612 
0.00394159 0.00875918 0.00382542 0.00379653 0 0.003865 0.0104507 0.984561 0.00579593 0.0052664 0.0128629 0.00678912 0.00808836 0.00876377 0.0128189 0.0242702 0.0120478 0.0108863 0.0111171 0.00892591 0.0105191 0.01075 0.0105064 0.00948582 0.0102524 0.00975422 0.0116828 0.00942445 
0.0182133 0.0044072 0.00383193 0.00382235 0.003865 0 0.993676 0.00434777 0.00488566 0.00440762 0.00495428 0.00803466 0.00895962 0.00655452 0.0184382 0.00946325 0.00945034 0.00878912 0.00856538 0.0096342 0.0126281 0.00910917 0.00965838 0.0119376 0.00856537 0.0142247 0.00875084 0.0102984 
0.00940651 0.00545711 0.00458514 0.00460758 0.0104507 0.993676 0 0.0071672 0.00371397 0.00573396 0.00497477 0.0119717 0.00599511 0.00993824 0.0107569 0.00941408 0.00926808 0.00900329 0.0101061 0.0196049 0.00944862 0.00889572 0.0113426 0.00958237 0.014177 0.00924707 0.00900217 0.0109188 
0.0125369 0.0063156 0.00504949 0.00790683 0.984561 0.00434777 0.0071672 0 0.0037976 0.00385053 0.00413036 0.00437 0.00648152 0.00601697 0.0105503 0.00942624 0.00978069 0.00878235 0.00958904 0.00918489 0.00844159 0.00885282 0.00851768 0.00937095 0.00857943 0.00860162 0.0085629 0.00871054 
0.0071508 0.00809775 0.00618025 0.966988 0.00579593 0.00488566 0.00371397 0.0037976 0 0.00371972 0.00376879 0.00385803 0.00410401 0.00423023 0.0108783 0.0122127 0.0111901 0.0125055 0.00905848 0.00848623 0.00961483 0.00838901 0.00916089 0.00836264 0.00891726 0.00847871 0.00879829 0.00934876 
0.0137166 0.00850126 0.97142 0.0196285 0.0052664 0.00440762 0.00573396 0.00385053 0.00371972 0 0.00370013 0.00420917 0.00398895 0.00580493 0.0179401 0.0108326 0.0260359 0.0105253 0.00892379 0.00907558 0.00883284 0.00927845 0.00851819 0.0101711 0.00820307 0.0105373 0.00855289 0.0113968 
0.0127823 0.982484 0.00895428 0.0115428 0.0128629 0.00495428 0.00497477 0.00413036 0.00376879 0.00370013 0 0.0037014 0.00493963 0.0110025 0.0105203 0.0479892 0.010158 0.0122448 0.0110123 0.00871365 0.0129995 0.00971594 0.0109342 0.0086058 0.0155192 0.00877254 0.0207382 0.00880031 
0.984683 0.0160816 0.0172598 0.00808153 0.00678912 0.00803466 0.0119717 0.00437 0.00385803 0.00420917 0.0037014 0 0.0842387 0.00524025 0.0288559 0.00997012 0.0123766 0.00951692 0.00949146 0.0137868 0.0127634 0.0117818 0.00976602 0.0287045 0.00872047 0.031313 0.00899987 0.014156 
0.0144808 0.0177974 0.00743574 0.0079691 0.00808836 0.00895962 0.00599511 0.00648152 0.00410401 0.00398895 0.00493963 0.0842387 0 0.00417337 0.0268282 0.0187324 0.0110371 0.00989202 0.0146635 0.01137 0.0109926 0.0121099 0.0143054 0.0123741 0.0175156 0.010449 0.00986257 0.0122915 
0.0406517 0.0107871 0.00819358 0.00767996 0.00876377 0.00655452 0.00993824 0.00601697 0.00423023 0.00580493 0.0110025 0.00524025 0.00417337 0 0.0202271 0.0127183 0.0107323 0.00969203 0.0108881 0.0127479 0.0164611 0.0135404 0.0113871 0.0222114 0.0110322 0.0130693 0.0114267 0.00977477 
0.0737753 0.0181777 0.0191272 0.0185793 0.0128189 0.0184382 0.0107569 0.0105503 0.0108783 0.0179401 0.0105203 0.0288559 0.0268282 0.0202271 0 0.00371479 0.00371394 0.00373981 0.00375434 0.00480091 0.0617191 0.016435 0.0872403 0.0168864 0.0166745 0.019497 0.0106785 0.0468132 
0.0218018 0.0587955 0.0229937 0.0292402 0.0242702 0.00946325 0.00941408 0.00942624 0.0122127 0.0108326 0.0479892 0.00997012 0.0187324 0.0127183 0.00371479 0 0.00369534 0.00369251 0.00373141 0.00374938 0.036954 0.177366 0.0141051 0.0114742 0.0134143 0.011389 0.0492882 0.0186017 
0.0222423 0.0142224 0.0492953 0.0336975 0.0120478 0.00945034 0.00926808 0.00978069 0.0111901 0.0260359 0.010158 0.0123766 0.0110371 0.0107323 0.00371394 0.00369534 0 0.00371498 0.00369371 0.00370802 0.0758565 0.0198341 0.0144604 0.0130091 0.00899225 0.0216046 0.0107977 0.0221871 
0.0148973 0.016838 0.0220536 0.0247436 0.0108863 0.00878912 0.00900329 0.00878235 0.0125055 0.0105253 0.0122448 0.00951692 0.00989202 0.00969203 0.00373981 0.00369251 0.00371498 0 0.00369454 0.00369995 0.0287838 0.0187326 0.0139967 0.00939053 0.0106492 0.0106 0.0106074 0.0156192 
0.0119228 0.0164095 0.0103681 0.0110627 0.0111171 0.00856538 0.0101061 0.00958904 0.00905848 0.00892379 0.0110123 0.00949146 0.0146635 0.0108881 0.00375434 0.00373141 0.00369371 0.00369454 0 0.00379862 0.0116651 0.045203 0.0146639 0.0109903 0.0103989 0.0109905 0.0136741 0.011339 
0.0353788 0.0101888 0.00979664 0.00940595 0.00892591 0.0096342 0.0196049 0.00918489 0.00848623 0.00907558 0.00871365 0.0137868 0.01137 0.0127479 0.00480091 0.00374938 0.00370802 0.00369995 0.00379862 0 0.0243826 0.0122846 0.0336369 0.0159724 0.0114825 0.0198068 0.00959931 0.0165025 
0.0115176 0.0131133 0.00952379 0.010816 0.0105191 0.0126281 0.00944862 0.00844159 0.00961483 0.00883284 0.0129995 0.0127634 0.0109926 0.0164611 0.0617191 0.036954 0.0758565 0.0287838 0.0116651 0.0243826 0 0.00464025 0.00369924 0.0050285 0.0337826 0.018113 0.0222731 0.0697784 
0.0157321 0.00961444 0.0121658 0.00986521 0.01075 0.00910917 0.00889572 0.00885282 0.00838901 0.00927845 0.00971594 0.0117818 0.0121099 0.0135404 0.016435 0.177366 0.0198341 0.0187326 0.045203 0.0122846 0.00464025 0 0.00370228 0.0194789 0.00889954 0.0130446 0.0781209 0.0206509 
0.0163787 0.0126911 0.00994417 0.0111338 0.0105064 0.00965838 0.0113426 0.00851768 0.00916089 0.00851819 0.0109342 0.00976602 0.0143054 0.0113871 0.0872403 0.0141051 0.0144604 0.0139967 0.0146639 0.0336369 0.00369924 0.00370228 0 0.00731201 0.0045643 0.0231935 0.0128588 0.0371609 
0.0132143 0.00875885 0.0109004 0.00913832 0.00948582 0.0119376 0.00958237 0.00937095 0.00836264 0.0101711 0.0086058 0.0287045 0.0123741 0.0222114 0.0168864 0.0114742 0.0130091 0.00939053 0.0109903 0.0159724 0.0050285 0.0194789 0.00731201 0 0.00735684 0.0447751 0.0314732 0.106534 
0.0112912 0.0124983 0.00876593 0.00895833 0.0102524 0.00856537 0.014177 0.00857943 0.00891726 0.00820307 0.0155192 0.00872047 0.0175156 0.0110322 0.0166745 0.0134143 0.00899225 0.0106492 0.0103989 0.0114825 0.0337826 0.00889954 0.0045643 0.00735684 0 0.0164746 0.077205 0.0160345 
0.0148737 0.0107655 0.012685 0.00985086 0.00975422 0.0142247 0.00924707 0.00860162 0.00847871 0.0105373 0.00877254 0.031313 0.010449 0.0130693 0.019497 0.011389 0.0216046 0.0106 0.0109905 0.0198068 0.018113 0.0130446 0.0231935 0.0447751 0.0164746 0 0.00378453 0.00421456 
0.0107138 0.0134397 0.00898072 0.00998079 0.0116828 0.00875084 0.00900217 0.0085629 0.00879829 0.00855289 0.0207382 0.00899987 0.00986257 0.0114267 0.0106785 0.0492882 0.0107977 0.0106074 0.0136741 0.00959931 0.0222731 0.0781209 0.0128588 0.0314732 0.077205 0.00378453 0 0.00378013 
0.0389488 0.0101808 0.0136771 0.012612 0.00942445 0.0102984 0.0109188 0.00871054 0.00934876 0.0113968 0.00880031 0.014156 0.0122915 0.00977477 0.0468132 0.0186017 0.0221871 0.0156192 0.011339 0.0165025 0.0697784 0.0206509 0.0371609 0.106534 0.0160345 0.00421456 0.00378013 0 
