1LM4B
HMLTMKDIIRDGHPTLRQKAAELELPLTKEEKETLIAMREFLVNSQDEEIAKRYGLRSGVGLAAPQINISKRMIAVLIPDDGSGKSYDYMLVNPKIVSHSVQEAYLPTGEGXLSVDDNVAGLVHRHNRITIKAKDIEGNDIQLRLKGYPAIVFQHEIDHLNGVMFYDHIDKNHPLQPHTDAVEV
CCCCHHHCCCCCCHHHHCCCECCCCCCCHHHHHHHHHHHHHHHHHCCHHHHHHHCCCCCCEEEHHHHCCCECEEEEEECCCCCCCCEEEEEEEEEEEEECCCEEECCCCCCECCECCCCCCCCCEECEEEEEEECCCCCEEEEEEECHHHHHHHHHHHHHCCCCHHHHCCCCCCCCCCCCCEEC
0 0 0 0 0 0 0 0 0 0 0 0 0 0 0 0 0 0 0 0 0 0 0 0 0 0 0 0 0 0 0 0 0 0 0 0 0 0 0 0 0 0 0 0 0 0 0 0 0 0 0 0 0 0 0 0 0 0 0 0 0 0 0 0 0 0 0 0 0 0 0 0 0 0 0 0 0 0 0 0 0 0 0 0 0 0 0 0 0 0 0 0 0 0 0 0 0 0 0 0 0 0 0 0 0 0 0 0 0 0 0 0 0 0 0 0 0 0 0 0 0 0 0 0 0 0 0 0 0 0 0 0 0 0 0 0 0 0 0 0 0 0 0 0 0 0 0 0 0 0 0 0 0 0 0 0 0 0 0 0 0 0 0 0 0 0 0 0 0 0 0 0 0 0 0 0 0 0 0 0 0 0 0 0 
0 0 0 0 0 0 0 0 0 0 0 0 0 0 0 0 0 0 0 0 0 0 0 0 0 0 0 0 0 0 0 0 0 0 0 0 0 0 0 0 0 0 0 0 0 0 0 0 0 0 0 0 0 0 0 0 0 0 0 0 0 0 0 0 0 0 0 0 0 0 0 0 0 0 0 0 0 0 0 0 0 0 0 0 0 0 0 0 0 0 0 0 0 0 0 0 0 0 0 0 0 0 0 0 0 0 0 0 0 0 0 0 0 0 0 0 0 0 0 0 0 0 0 0 0 0 0 0 0 0 0 0 0 0 0 0 0 0 0 0 0 0 0 0 0 0 0 0 0 0 0 0 0 0 0 0 0 0 0 0 0 0 0 0 0 0 0 0 0 0 0 0 0 0 0 0 0 0 0 0 0 0 0 0 
0 0.0180447 0.0185349 0.0235192 0.0617642 0.0133133 0.0106705 0.00956841 0.00911216 0.00998055 0.0131711 0.0126023 0.00839748 0.0084116 0.00845325 0.0084793 0.00862994 0.00812968 0.00825611 0.00812069 0.00838665 0.00809368 0.00816317 0.0105058 0.00959423 0.00832363 0.0100133 0.0153635 0.013846 0.00892843 0.00829612 0.0088828 0.00844362 0.0088435 0.00822375 0.00835007 0.00812929 0.00889799 0.00851938 0.00803332 0.00811819 0.00810689 0.00829585 0.00806623 0.00910689 0.0091024 0.00848891 
0.0180447 0 0.00383839 0.00403693 0.018917 0.0186023 0.0330719 0.0245921 0.074177 0.0197141 0.0280458 0.0133167 0.0111542 0.0123285 0.018139 0.0154702 0.0146016 0.0136461 0.00968687 0.0112133 0.00998033 0.0101654 0.0124405 0.0174035 0.0212796 0.0105543 0.0329036 0.0140186 0.0146709 0.00965005 0.0105514 0.0112709 0.00979546 0.0137207 0.00946965 0.011493 0.00939349 0.0143571 0.010055 0.00886298 0.0100909 0.00876789 0.0101278 0.0086427 0.0126535 0.00866451 0.00932031 
0.0185349 0.00383839 0 0.00378323 0.00769707 0.0097987 0.0344326 0.0547501 0.013457 0.0260847 0.0110374 0.0119391 0.0121172 0.0107404 0.0122386 0.021389 0.0153874 0.00935202 0.0103823 0.00887711 0.0102195 0.00900449 0.0126222 0.0101339 0.00983813 0.0497252 0.01084 0.012494 0.0150016 0.0106265 0.00910816 0.00902168 0.0180386 0.00929154 0.013165 0.00904504 0.0160223 0.00949993 0.00890659 0.0119475 0.00867405 0.0102461 0.00859127 0.013127 0.00899448 0.00982906 0.00855569 
0.0235192 0.00403693 0.00378323 0 0.0243235 0.0221999 0.0519293 0.00901273 0.0146273 0.00914738 0.00970517 0.0148127 0.0103336 0.0096877 0.0119229 0.0118894 0.0133377 0.00984117 0.00897345 0.00991182 0.00900333 0.00886119 0.00968286 0.013555 0.0234832 0.0100804 0.0197277 0.0188291 0.0140015 0.0131348 0.0100242 0.0139351 0.0100097 0.0104613 0.0094681 0.0098279 0.00908852 0.0117993 0.0129117 0.009323 0.00957541 0.00896567 0.0095959 0.00876116 0.0110891 0.00945448 0.00834088 
0.0617642 0.018917 0.00769707 0.0243235 0 0.00828688 0.00379265 0.0037452 0.00386001 0.00398601 0.00561397 0.0119163 0.00735473 0.00775508 0.00882729 0.00872551 0.010556 0.0127022 0.00996593 0.00845525 0.00992044 0.00854081 0.0094469 0.0139331 0.0137525 0.0121661 0.0157366 0.0252711 0.0622925 0.0104321 0.0094793 0.0110482 0.0133539 0.00937033 0.0114855 0.00863377 0.0104764 0.0110235 0.0095986 0.00954605 0.00825026 0.0102498 0.00815666 0.00968839 0.0101461 0.00943012 0.00953084 
0.0133133 0.0186023 0.0097987 0.0221999 0.00828688 0 0.00373402 0.00369952 0.00376699 0.00373658 0.00475425 0.0118639 0.00714478 0.00952498 0.0110777 0.0174469 0.731729 0.0145671 0.010367 0.0102922 0.0100415 0.00977142 0.00951934 0.014213 0.0139274 0.01098 0.017541 0.0117925 0.0140927 0.00962593 0.0104866 0.0125226 0.0178741 0.0160452 0.0164832 0.0128655 0.0107629 0.0143688 0.00993912 0.0111065 0.0109797 0.0117955 0.0101542 0.00946147 0.0124168 0.00860615 0.00947573 
0.0106705 0.0330719 0.0344326 0.0519293 0.00379265 0.00373402 0 0.00373065 0.00373686 0.00375054 0.00375356 0.00884165 0.00928349 0.0134437 0.0186806 0.810353 0.0262301 0.0108133 0.0108052 0.012347 0.0142471 0.010473 0.0141948 0.0109219 0.0147552 0.0273711 0.0121394 0.0119541 0.0128132 0.0133614 0.0111286 0.0118586 0.0642396 0.0232088 0.0441405 0.0132492 0.0268467 0.00995369 0.0105519 0.0212291 0.0131468 0.0202243 0.0108236 0.017394 0.00942557 0.00874543 0.0094512 
0.00956841 0.0245921 0.0547501 0.00901273 0.0037452 0.00369952 0.00373065 0 0.00373135 0.00375816 0.00373025 0.00748619 0.0105212 0.0122096 0.835051 0.0454556 0.0243797 0.0135201 0.0104503 0.0127957 0.0223366 0.0134742 0.0145137 0.0100725 0.0133708 0.0115331 0.0115255 0.010122 0.00943304 0.00951199 0.0104637 0.0152069 0.0224168 0.0745532 0.0318254 0.0492026 0.0122946 0.010886 0.0105884 0.0140547 0.0331751 0.0176121 0.0343251 0.0107936 0.00937109 0.00854617 0.00918499 
0.00911216 0.074177 0.013457 0.0146273 0.00386001 0.00376699 0.00373686 0.00373135 0 0.00376069 0.00372743 0.00934647 0.011344 0.862002 0.0289704 0.0289292 0.027284 0.0098455 0.0120356 0.0103908 0.0159132 0.0141624 0.0112761 0.0105794 0.0102863 0.0126663 0.0114881 0.010246 0.0105366 0.0106265 0.00993254 0.0125188 0.0679296 0.0276861 0.124757 0.0171194 0.0211049 0.00995264 0.00982685 0.0284644 0.0142049 0.0780205 0.012803 0.0158702 0.00908505 0.00860547 0.00939999 
0.00998055 0.0197141 0.0260847 0.00914738 0.00398601 0.00373658 0.00375054 0.00375816 0.00376069 0 0.00374974 0.00957546 0.818759 0.011968 0.0370552 0.0158887 0.0129879 0.0131143 0.00790241 0.0130076 0.010806 0.00981497 0.0212381 0.0112055 0.0124533 0.0188311 0.0143578 0.0138194 0.0104732 0.0104023 0.010434 0.0138412 0.0140353 0.0408712 0.0116515 0.0201726 0.0120843 0.0111635 0.0110145 0.011964 0.0351259 0.00981171 0.0160187 0.0109046 0.0101169 0.0091149 0.00949829 
0.0131711 0.0280458 0.0110374 0.00970517 0.00561397 0.00475425 0.00375356 0.00373025 0.00372743 0.00374974 0 0.867232 0.00672915 0.0112892 0.00803337 0.00777754 0.0118061 0.00673152 0.00831373 0.00786558 0.00847713 0.00824955 0.00846347 0.0142517 0.0132675 0.0105011 0.0145038 0.018285 0.019357 0.0131489 0.00971782 0.0110507 0.0157209 0.00920042 0.0128955 0.00880626 0.0104738 0.0104813 0.011958 0.0118383 0.00863477 0.0108099 0.00860018 0.010252 0.00920543 0.0100526 0.00867138 
0.0126023 0.0133167 0.0119391 0.0148127 0.0119163 0.0118639 0.00884165 0.00748619 0.00934647 0.00957546 0.867232 0 0.0041861 0.00370596 0.00371208 0.00375833 0.00372869 0.00387409 0.0123705 0.00402559 0.00551132 0.0055979 0.00682766 0.0103629 0.00849974 0.00877815 0.015284 0.0112113 0.0229215 0.00983915 0.01042 0.00999516 0.0168473 0.00916929 0.0153502 0.0087629 0.012888 0.0112053 0.00945431 0.0103991 0.00858087 0.0125075 0.0084246 0.011106 0.0111638 0.00891856 0.00916093 
0.00839748 0.0111542 0.0121172 0.0103336 0.00735473 0.00714478 0.00928349 0.0105212 0.011344 0.818759 0.00672915 0.0041861 0 0.00368855 0.0036904 0.00365044 0.00368973 0.00389149 0.00369777 0.00378055 0.00409217 0.0046265 0.0067411 0.0060791 0.00763298 0.00937943 0.00985451 0.00894807 0.00903786 0.00919707 0.0087278 0.0103075 0.00934709 0.0263542 0.00922595 0.0170214 0.00924184 0.00975717 0.00920823 0.00911159 0.0125179 0.00876014 0.0137705 0.00886278 0.0101766 0.00832423 0.00838327 
0.0084116 0.0123285 0.0107404 0.0096877 0.00775508 0.00952498 0.0134437 0.0122096 0.862002 0.011968 0.0112892 0.00370596 0.00368855 0 0.00369381 0.00369231 0.00371041 0.00369732 0.00384306 0.00376767 0.00426016 0.00423518 0.00532525 0.00552405 0.00799081 0.0081918 0.0088062 0.00865807 0.00915552 0.00921291 0.0089662 0.0095393 0.0308556 0.0117401 0.0505029 0.0108482 0.0137414 0.00935706 0.00931029 0.0160714 0.010783 0.0254286 0.0102522 0.0117958 0.00906309 0.00825094 0.00863891 
0.00845325 0.018139 0.0122386 0.0119229 0.00882729 0.0110777 0.0186806 0.835051 0.0289704 0.0370552 0.00803337 0.00371208 0.0036904 0.00369381 0 0.00369921 0.00369518 0.00370755 0.00371038 0.00385922 0.00424269 0.0041081 0.0047054 0.00575315 0.0073354 0.00816324 0.0109435 0.00924856 0.00950119 0.00951644 0.00990812 0.0143116 0.0188644 0.0349495 0.028488 0.0220079 0.0132473 0.0102708 0.0113208 0.0140257 0.0225604 0.0189493 0.0175539 0.0110586 0.00985779 0.00844688 0.00965293 
0.0084793 0.0154702 0.021389 0.0118894 0.00872551 0.0174469 0.810353 0.0454556 0.0289292 0.0158887 0.00777754 0.00375833 0.00365044 0.00369231 0.00369921 0 0.00369294 0.00368689 0.00372796 0.00368441 0.00416879 0.00384981 0.00441036 0.0053326 0.00768969 0.00887006 0.00945912 0.00932972 0.00933714 0.0098613 0.0103071 0.0117815 0.0225442 0.0467053 0.0258363 0.0331511 0.0136301 0.0112392 0.0103846 0.0172381 0.0349553 0.0178236 0.0244198 0.0119229 0.00996411 0.00863291 0.00923427 
0.00862994 0.0146016 0.0153874 0.0133377 0.010556 0.731729 0.0262301 0.0243797 0.027284 0.0129879 0.0118061 0.00372869 0.00368973 0.00371041 0.00369518 0.00369294 0 0.00369236 0.00370201 0.00369845 0.00367231 0.00370449 0.00375024 0.00381851 0.00704632 0.00729027 0.00818023 0.00888355 0.00993128 0.0101274 0.009921 0.0114113 0.0349225 0.013898 0.0737252 0.0125984 0.0187408 0.0103063 0.0108458 0.0219706 0.0122633 0.0319404 0.0107758 0.0155915 0.00964771 0.00870761 0.00890076 
0.00812968 0.0136461 0.00935202 0.00984117 0.0127022 0.0145671 0.0108133 0.0135201 0.0098455 0.0131143 0.00673152 0.00387409 0.00389149 0.00369732 0.00370755 0.00368689 0.00369236 0 0.00360913 0.00369167 0.00369593 0.00370593 0.00376176 0.00373722 0.00556826 0.00638898 0.00710692 0.00781428 0.00793541 0.00882685 0.0086135 0.0112538 0.00909349 0.0373536 0.00915971 0.0286709 0.00881473 0.00950444 0.00971765 0.00914057 0.0256272 0.00888709 0.018971 0.00870268 0.00958967 0.00840248 0.00831802 
0.00825611 0.00968687 0.0103823 0.00897345 0.00996593 0.010367 0.0108052 0.0104503 0.0120356 0.00790241 0.00831373 0.0123705 0.00369777 0.00384306 0.00371038 0.00372796 0.00370201 0.00360913 0 0.00368589 0.00370124 0.00374136 0.00372008 0.00379445 0.00491908 0.00600679 0.00660243 0.00761336 0.00974597 0.00851603 0.00867314 0.00828413 0.0299463 0.00864651 0.0364582 0.00850129 0.0135872 0.00856106 0.00861319 0.0214463 0.00859728 0.0273002 0.00850254 0.0128494 0.00864223 0.00830048 0.00841419 
0.00812069 0.0112133 0.00887711 0.00991182 0.00845525 0.0102922 0.012347 0.0127957 0.0103908 0.0130076 0.00786558 0.00402559 0.00378055 0.00376767 0.00385922 0.00368441 0.00369845 0.00369167 0.00368589 0 0.00371444 0.00375244 0.0037153 0.00375432 0.00504589 0.00531352 0.00765801 0.00796661 0.00807635 0.00873684 0.00845449 0.0118841 0.00875058 0.0524284 0.00889462 0.0386706 0.00865129 0.00907138 0.00961086 0.00880967 0.0202887 0.0088525 0.0309147 0.00853962 0.00934877 0.00837667 0.0083584 
0.00838665 0.00998033 0.0102195 0.00900333 0.00992044 0.0100415 0.0142471 0.0223366 0.0159132 0.010806 0.00847713 0.00551132 0.00409217 0.00426016 0.00424269 0.00416879 0.00367231 0.00369593 0.00370124 0.00371444 0 0.00372788 0.00371075 0.0037149 0.00483361 0.00548593 0.0105321 0.00799697 0.00965205 0.00883503 0.0086547 0.00896794 0.0169734 0.00977832 0.0348371 0.00989083 0.0111913 0.00872881 0.0091643 0.0118504 0.00922735 0.0158511 0.00937164 0.010668 0.00858938 0.00851107 0.00833792 
0.00809368 0.0101654 0.00900449 0.00886119 0.00854081 0.00977142 0.010473 0.0134742 0.0141624 0.00981497 0.00824955 0.0055979 0.0046265 0.00423518 0.0041081 0.00384981 0.00370449 0.00370593 0.00374136 0.00375244 0.00372788 0 0.0037159 0.00373538 0.00404505 0.0250644 0.0163485 0.00772498 0.00784453 0.00856248 0.00830033 0.00984454 0.00946729 0.0150096 0.0105349 0.0115808 0.00908374 0.00868595 0.00874968 0.00908927 0.0107752 0.010187 0.0108726 0.00900143 0.00878316 0.00830961 0.0083431 
0.00816317 0.0124405 0.0126222 0.00968286 0.0094469 0.00951934 0.0141948 0.0145137 0.0112761 0.0212381 0.00846347 0.00682766 0.0067411 0.00532525 0.0047054 0.00441036 0.00375024 0.00376176 0.00372008 0.0037153 0.00371075 0.0037159 0 0.00370565 0.00695685 0.0403092 0.00646902 0.00754515 0.00826188 0.00885276 0.00888752 0.00901391 0.0106957 0.0110734 0.0096076 0.00970033 0.0114078 0.008932 0.00902446 0.00931257 0.0096002 0.00930138 0.00959403 0.00957912 0.00871735 0.0084238 0.0084999 
0.0105058 0.0174035 0.0101339 0.013555 0.0139331 0.014213 0.0109219 0.0100725 0.0105794 0.0112055 0.0142517 0.0103629 0.0060791 0.00552405 0.00575315 0.0053326 0.00381851 0.00373722 0.00379445 0.00375432 0.0037149 0.00373538 0.00370565 0 0.0296244 0.00463163 0.00510392 0.00890282 0.0100983 0.0123465 0.00938216 0.0118497 0.0106213 0.0096741 0.00963947 0.0091476 0.00909898 0.0111127 0.0133598 0.00921504 0.00885562 0.00918993 0.00891909 0.0088598 0.0111997 0.0102193 0.0086627 
0.00959423 0.0212796 0.00983813 0.0234832 0.0137525 0.0139274 0.0147552 0.0133708 0.0102863 0.0124533 0.0132675 0.00849974 0.00763298 0.00799081 0.0073354 0.00768969 0.00704632 0.00556826 0.00491908 0.00504589 0.00483361 0.00404505 0.00695685 0.0296244 0 0.00379359 0.00412984 0.00839274 0.00979112 0.0117495 0.0122533 0.0164068 0.00953445 0.0208949 0.00948303 0.0152919 0.00945418 0.0174709 0.0115673 0.00884001 0.0138362 0.00911443 0.0135322 0.00889725 0.0249251 0.00939878 0.0097925 
0.00832363 0.0105543 0.0497252 0.0100804 0.0121661 0.01098 0.0273711 0.0115331 0.0126663 0.0188311 0.0105011 0.00877815 0.00937943 0.0081918 0.00816324 0.00887006 0.00729027 0.00638898 0.00600679 0.00531352 0.00548593 0.0250644 0.0403092 0.00463163 0.00379359 0 0.00377382 0.00952329 0.0149887 0.0224408 0.0116557 0.00844961 0.0505978 0.00944824 0.0141034 0.00869047 0.0265788 0.00902981 0.00899445 0.0180917 0.00893707 0.0120759 0.00874722 0.0233516 0.0088977 0.00928283 0.00881706 
0.0100133 0.0329036 0.01084 0.0197277 0.0157366 0.017541 0.0121394 0.0115255 0.0114881 0.0143578 0.0145038 0.015284 0.00985451 0.0088062 0.0109435 0.00945912 0.00818023 0.00710692 0.00660243 0.00765801 0.0105321 0.0163485 0.00646902 0.00510392 0.00412984 0.00377382 0 0.022204 0.0144872 0.0204333 0.0119221 0.0284849 0.0105028 0.0159916 0.00955724 0.0127291 0.00940531 0.0165915 0.0205563 0.00937997 0.0107397 0.0091925 0.0131832 0.0089051 0.0165678 0.012894 0.00932153 
0.0153635 0.0140186 0.012494 0.0188291 0.0252711 0.0117925 0.0119541 0.010122 0.010246 0.0138194 0.018285 0.0112113 0.00894807 0.00865807 0.00924856 0.00932972 0.00888355 0.00781428 0.00761336 0.00796661 0.00799697 0.00772498 0.00754515 0.00890282 0.00839274 0.00952329 0.022204 0 0.607245 0.0162383 0.0174648 0.0103301 0.0125035 0.0108462 0.0114864 0.00918494 0.0118426 0.0171849 0.012572 0.0103286 0.00931079 0.0095378 0.00929095 0.011275 0.0163985 0.0134315 0.011051 
0.013846 0.0146709 0.0150016 0.0140015 0.0622925 0.0140927 0.0128132 0.00943304 0.0105366 0.0104732 0.019357 0.0229215 0.00903786 0.00915552 0.00950119 0.00933714 0.00993128 0.00793541 0.00974597 0.00807635 0.00965205 0.00784453 0.00826188 0.0100983 0.00979112 0.0149887 0.0144872 0.607245 0 0.0676293 0.0115934 0.0109454 0.0190491 0.00891808 0.0153789 0.00782899 0.0153458 0.0112321 0.0121993 0.0149728 0.00846614 0.0138309 0.00850712 0.0150511 0.0116591 0.013609 0.0125589 
0.00892843 0.00965005 0.0106265 0.0131348 0.0104321 0.00962593 0.0133614 0.00951199 0.0106265 0.0104023 0.0131489 0.00983915 0.00919707 0.00921291 0.00951644 0.0098613 0.0101274 0.00882685 0.00851603 0.00873684 0.00883503 0.00856248 0.00885276 0.0123465 0.0117495 0.0224408 0.0204333 0.0162383 0.0676293 0 0.00831932 0.00369518 0.0114858 0.0047442 0.00403692 0.00407251 0.0048762 0.0120682 0.00810504 0.00761922 0.00751851 0.00845299 0.00822256 0.00926305 0.0119391 0.0100798 0.0153228 
0.00829612 0.0105514 0.00910816 0.0100242 0.0094793 0.0104866 0.0111286 0.0104637 0.00993254 0.010434 0.00971782 0.01042 0.0087278 0.0089662 0.00990812 0.0103071 0.009921 0.0086135 0.00867314 0.00845449 0.0086547 0.00830033 0.00888752 0.00938216 0.0122533 0.0116557 0.0119221 0.0174648 0.0115934 0.00831932 0 0.005115 0.00377741 0.00372617 0.00376438 0.00404354 0.00415743 0.00445548 0.00724703 0.00713959 0.00734931 0.00793745 0.00858219 0.00822066 0.0112026 0.0159346 0.00864096 
0.0088828 0.0112709 0.00902168 0.0139351 0.0110482 0.0125226 0.0118586 0.0152069 0.0125188 0.0138412 0.0110507 0.00999516 0.0103075 0.0095393 0.0143116 0.0117815 0.0114113 0.0112538 0.00828413 0.0118841 0.00896794 0.00984454 0.00901391 0.0118497 0.0164068 0.00844961 0.0284849 0.0103301 0.0109454 0.00369518 0.005115 0 0.003743 0.00386932 0.00370741 0.00403282 0.0037288 0.00599457 0.00796465 0.00617679 0.014446 0.00729049 0.0143582 0.00858613 0.94637 0.00985703 0.0130662 
0.00844362 0.00979546 0.0180386 0.0100097 0.0133539 0.0178741 0.0642396 0.0224168 0.0679296 0.0140353 0.0157209 0.0168473 0.00934709 0.0308556 0.0188644 0.0225442 0.0349225 0.00909349 0.0299463 0.00875058 0.0169734 0.00946729 0.0106957 0.0106213 0.00953445 0.0505978 0.0105028 0.0125035 0.0190491 0.0114858 0.00377741 0.003743 0 0.00369476 0.00390903 0.00370134 0.00574036 0.00665979 0.00632738 0.0176559 0.00686099 0.018736 0.00827817 0.98926 0.0105845 0.012214 0.013937 
0.0088435 0.0137207 0.00929154 0.0104613 0.00937033 0.0160452 0.0232088 0.0745532 0.0276861 0.0408712 0.00920042 0.00916929 0.0263542 0.0117401 0.0349495 0.0467053 0.013898 0.0373536 0.00864651 0.0524284 0.00977832 0.0150096 0.0110734 0.0096741 0.0208949 0.00944824 0.0159916 0.0108462 0.00891808 0.0047442 0.00372617 0.00386932 0.00369476 0 0.00369668 0.00420041 0.00371229 0.00389199 0.00891128 0.00638304 0.0166927 0.00802374 0.989303 0.0087343 0.013941 0.01192 0.0102184 
0.00822375 0.00946965 0.013165 0.0094681 0.0114855 0.0164832 0.0441405 0.0318254 0.124757 0.0116515 0.0128955 0.0153502 0.00922595 0.0505029 0.028488 0.0258363 0.0737252 0.00915971 0.0364582 0.00889462 0.0348371 0.0105349 0.0096076 0.00963947 0.00948303 0.0141034 0.00955724 0.0114864 0.0153789 0.00403692 0.00376438 0.00370741 0.00390903 0.00369668 0 0.00369628 0.00383894 0.00373176 0.00510545 0.0148542 0.00734713 0.994104 0.00862461 0.0176995 0.00691965 0.00976886 0.0113011 
0.00835007 0.011493 0.00904504 0.0098279 0.00863377 0.0128655 0.0132492 0.0492026 0.0171194 0.0201726 0.00880626 0.0087629 0.0170214 0.0108482 0.0220079 0.0331511 0.0125984 0.0286709 0.00850129 0.0386706 0.00989083 0.0115808 0.00970033 0.0091476 0.0152919 0.00869047 0.0127291 0.00918494 0.00782899 0.00407251 0.00404354 0.00403282 0.00370134 0.00420041 0.00369628 0 0.0036977 0.00373976 0.00694279 0.00565539 0.988585 0.00824503 0.0153408 0.00694915 0.00886585 0.01126 0.00982711 
0.00812929 0.00939349 0.0160223 0.00908852 0.0104764 0.0107629 0.0268467 0.0122946 0.0211049 0.0120843 0.0104738 0.012888 0.00924184 0.0137414 0.0132473 0.0136301 0.0187408 0.00881473 0.0135872 0.00865129 0.0111913 0.00908374 0.0114078 0.00909898 0.00945418 0.0265788 0.00940531 0.0118426 0.0153458 0.0048762 0.00415743 0.0037288 0.00574036 0.00371229 0.00383894 0.0036977 0 0.00379389 0.00526327 0.993972 0.00755422 0.0179181 0.00644811 0.0163955 0.00590373 0.0103763 0.0113224 
0.00889799 0.0143571 0.00949993 0.0117993 0.0110235 0.0143688 0.00995369 0.010886 0.00995264 0.0111635 0.0104813 0.0112053 0.00975717 0.00935706 0.0102708 0.0112392 0.0103063 0.00950444 0.00856106 0.00907138 0.00872881 0.00868595 0.008932 0.0111127 0.0174709 0.00902981 0.0165915 0.0171849 0.0112321 0.0120682 0.00445548 0.00599457 0.00665979 0.00389199 0.00373176 0.00373976 0.00379389 0 0.995539 0.00551387 0.00646674 0.00482001 0.00692096 0.00644382 0.0105955 0.0135979 0.0106986 
0.00851938 0.010055 0.00890659 0.0129117 0.0095986 0.00993912 0.0105519 0.0105884 0.00982685 0.0110145 0.011958 0.00945431 0.00920823 0.00931029 0.0113208 0.0103846 0.0108458 0.00971765 0.00861319 0.00961086 0.0091643 0.00874968 0.00902446 0.0133598 0.0115673 0.00899445 0.0205563 0.012572 0.0121993 0.00810504 0.00724703 0.00796465 0.00632738 0.00891128 0.00510545 0.00694279 0.00526327 0.995539 0 0.00374366 0.00372248 0.00370305 0.00398822 0.00380216 0.0163674 0.0178124 0.015467 
0.00803332 0.00886298 0.0119475 0.009323 0.00954605 0.0111065 0.0212291 0.0140547 0.0284644 0.011964 0.0118383 0.0103991 0.00911159 0.0160714 0.0140257 0.0172381 0.0219706 0.00914057 0.0214463 0.00880967 0.0118504 0.00908927 0.00931257 0.00921504 0.00884001 0.0180917 0.00937997 0.0103286 0.0149728 0.00761922 0.00713959 0.00617679 0.0176559 0.00638304 0.0148542 0.00565539 0.993972 0.00551387 0.00374366 0 0.00368549 0.00380299 0.00371432 0.00743386 0.00378236 0.0125201 0.0177165 
0.00811819 0.0100909 0.00867405 0.00957541 0.00825026 0.0109797 0.0131468 0.0331751 0.0142049 0.0351259 0.00863477 0.00858087 0.0125179 0.010783 0.0225604 0.0349553 0.0122633 0.0256272 0.00859728 0.0202887 0.00922735 0.0107752 0.0096002 0.00885562 0.0138362 0.00893707 0.0107397 0.00931079 0.00846614 0.00751851 0.00734931 0.014446 0.00686099 0.0166927 0.00734713 0.988585 0.00755422 0.00646674 0.00372248 0.00368549 0 0.00372953 0.00429091 0.00371293 0.00401877 0.0127905 0.00981075 
0.00810689 0.00876789 0.0102461 0.00896567 0.0102498 0.0117955 0.0202243 0.0176121 0.0780205 0.00981171 0.0108099 0.0125075 0.00876014 0.0254286 0.0189493 0.0178236 0.0319404 0.00888709 0.0273002 0.0088525 0.0158511 0.010187 0.00930138 0.00918993 0.00911443 0.0120759 0.0091925 0.0095378 0.0138309 0.00845299 0.00793745 0.00729049 0.018736 0.00802374 0.994104 0.00824503 0.0179181 0.00482001 0.00370305 0.00380299 0.00372953 0 0.00368798 0.00425745 0.00370635 0.0104856 0.0177074 
0.00829585 0.0101278 0.00859127 0.0095959 0.00815666 0.0101542 0.0108236 0.0343251 0.012803 0.0160187 0.00860018 0.0084246 0.0137705 0.0102522 0.0175539 0.0244198 0.0107758 0.018971 0.00850254 0.0309147 0.00937164 0.0108726 0.00959403 0.00891909 0.0135322 0.00874722 0.0131832 0.00929095 0.00850712 0.00822256 0.00858219 0.0143582 0.00827817 0.989303 0.00862461 0.0153408 0.00644811 0.00692096 0.00398822 0.00371432 0.00429091 0.00368798 0 0.00368825 0.00407266 0.0127955 0.0116679 
0.00806623 0.0086427 0.013127 0.00876116 0.00968839 0.00946147 0.017394 0.0107936 0.0158702 0.0109046 0.010252 0.011106 0.00886278 0.0117958 0.0110586 0.0119229 0.0155915 0.00870268 0.0128494 0.00853962 0.010668 0.00900143 0.00957912 0.0088598 0.00889725 0.0233516 0.0089051 0.011275 0.0150511 0.00926305 0.00822066 0.00858613 0.98926 0.0087343 0.0176995 0.00694915 0.0163955 0.00644382 0.00380216 0.00743386 0.00371293 0.00425745 0.00368825 0 0.00370252 0.0117729 0.0152719 
0.00910689 0.0126535 0.00899448 0.0110891 0.0101461 0.0124168 0.00942557 0.00937109 0.00908505 0.0101169 0.00920543 0.0111638 0.0101766 0.00906309 0.00985779 0.00996411 0.00964771 0.00958967 0.00864223 0.00934877 0.00858938 0.00878316 0.00871735 0.0111997 0.0249251 0.0088977 0.0165678 0.0163985 0.0116591 0.0119391 0.0112026 0.94637 0.0105845 0.013941 0.00691965 0.00886585 0.00590373 0.0105955 0.0163674 0.00378236 0.00401877 0.00370635 0.00407266 0.00370252 0 0.0205932 0.0253009 
0.0091024 0.00866451 0.00982906 0.00945448 0.00943012 0.00860615 0.00874543 0.00854617 0.00860547 0.0091149 0.0100526 0.00891856 0.00832423 0.00825094 0.00844688 0.00863291 0.00870761 0.00840248 0.00830048 0.00837667 0.00851107 0.00830961 0.0084238 0.0102193 0.00939878 0.00928283 0.012894 0.0134315 0.013609 0.0100798 0.0159346 0.00985703 0.012214 0.01192 0.00976886 0.01126 0.0103763 0.0135979 0.0178124 0.0125201 0.0127905 0.0104856 0.0127955 0.0117729 0.0205932 0 0.0229029 
0.00848891 0.00932031 0.00855569 0.00834088 0.00953084 0.00947573 0.0094512 0.00918499 0.00939999 0.00949829 0.00867138 0.00916093 0.00838327 0.00863891 0.00965293 0.00923427 0.00890076 0.00831802 0.00841419 0.0083584 0.00833792 0.0083431 0.0084999 0.0086627 0.0097925 0.00881706 0.00932153 0.011051 0.0125589 0.0153228 0.00864096 0.0130662 0.013937 0.0102184 0.0113011 0.00982711 0.0113224 0.0106986 0.015467 0.0177165 0.00981075 0.0177074 0.0116679 0.0152719 0.0253009 0.0229029 0 
