1N71D
MIISEFDRNNPVLKDQLSDLLRLTWPEEYGDSSAEEVEEMMNPERIAVAAVDQDELVGFIGAIPQYGITGWELHPLVVESSRRKNQIGTRLVNYLEKEVASRGGITIYLGTDDLDHGTTLSQTDLYEHTFDKVASIQNLREHPYEFYEKLGYKIVGVLPNANGWDKPDIWMAKTIIPRPD
CEEEECCCCCHHHHHHHHHHHHHHCCCCCCCCHHHHHHHHCCCCCEEEEEEECCEEEEEEEEEEEECCCEEEEEEEEECHHHCCCCHHHHHHHHHHHHHHHCCCCEEEEEEECCCCCECCCCCCCCCCHHHHHHCCCECCCCCHHHHHHCCCEEEEEECCCCCCCCCEEEEEEECCCCCC
0 0 0 0 0 0 0 0 0 0 0 0 0 0 0 0 0 0 0 0 0 0 0 0 0 0 0 0 0 0 0 0 0 0 0 0 0 0 0 0 0 0 0 0 0 0 0 0 0 0 0 0 0 0 0 0 0 0 0 0 0 0 0 0 0 0 0 0 0 0 0 0 0 0 0 0 0 0 0 0 0 0 0 0 0 0 0 0 0 0 0 0 0 0 0 0 0 0 0 0 0 0 0 0 0 0 0 0 0 0 0 0 0 0 0 0 0 0 0 0 0 0 0 0 0 0 0 0 0 0 0 0 0 0 0 0 0 0 0 0 0 0 0 0 0 0 0 0 0 0 0 0 0 0 0 0 0 0 0 0 0 0 0 0 0 0 0 0 0 0 0 0 0 0 0 0 0 0 0 0 
0 0 0 0 0 0 0 0 0 0 0 0 0 0 0 0 0 0 0 0 0 0 0 0 0 0 0 0 0 0 0 0 0 0 0 0 0 0 0 0 0 0 0 0 0 0 0 0 0 0 0 0 0 0 0 0 0 0 0 0 0 0 0 0 0 0 0 0 0 0 0 0 0 0 0 0 0 0 0 0 0 0 0 0 0 0 0 0 0 0 0 0 0 0 0 0 0 0 0 0 0 0 0 0 0 0 0 0 0 0 0 0 0 0 0 0 0 0 0 0 0 0 0 0 0 0 0 0 0 0 0 0 0 0 0 0 0 0 0 0 0 0 0 0 0 0 0 0 0 0 0 0 0 0 0 0 0 0 0 0 0 0 0 0 0 0 0 0 0 0 0 0 0 0 0 0 0 0 0 0 
0 0.00490029 0.00420546 0.00683288 0.108107 0.0263758 0.0193904 0.0231193 0.0143179 0.0121572 0.013568 0.0221682 0.0109601 0.0119739 0.0123195 0.012664 0.0104338 0.0115763 0.0124004 0.00972186 0.00934773 0.00988317 0.012765 0.0109733 0.0090233 0.0118701 0.00903691 0.0100626 0.00916841 0.0105683 0.011122 0.0143224 0.0119255 0.00914529 0.00946193 0.00876469 0.00869542 0.00865104 0.00951699 0.00909731 0.00887505 0.00942604 0.00828879 0.00856476 0.00878292 0.00848014 0.00898377 0.00845627 0.00824482 0.00839438 0.00832334 0.00835682 0.00850853 0.0092694 
0.00490029 0 0.00423006 0.00392975 0.0331747 0.0434047 0.0243386 0.0259446 0.0287609 0.0119916 0.0116606 0.00984052 0.020797 0.0110073 0.0150751 0.013555 0.0151446 0.0112621 0.0142662 0.00938802 0.0106615 0.00909636 0.010748 0.00902712 0.0116755 0.0089271 0.0144902 0.00861207 0.0102304 0.011867 0.010584 0.0115498 0.00866864 0.012151 0.00876469 0.00966489 0.00835825 0.00935289 0.00817299 0.00849979 0.00873936 0.00813794 0.00888214 0.00853848 0.00883006 0.00872805 0.00829054 0.00811477 0.00842207 0.00867122 0.00850943 0.00850144 0.00848972 0.00849961 
0.00420546 0.00423006 0 0.00388703 0.0127574 0.0302357 0.0391662 0.0285551 0.0352512 0.0244575 0.00971317 0.0104074 0.0121134 0.0140946 0.0150263 0.0181049 0.0117476 0.014503 0.0126746 0.0118573 0.00975967 0.0109031 0.00859136 0.00980276 0.00928299 0.0124158 0.00892378 0.00972176 0.0090208 0.0111273 0.01562 0.0096555 0.00935724 0.0096579 0.0103166 0.0088201 0.00904472 0.00830358 0.00807154 0.00838779 0.00811217 0.00902954 0.00853678 0.00859473 0.00891612 0.00857777 0.00814004 0.00814374 0.00840479 0.00862942 0.00845612 0.00833811 0.00840024 0.00821608 
0.00683288 0.00392975 0.00388703 0 0.0200205 0.0170034 0.0243905 0.021878 0.0170822 0.0188094 0.0229534 0.0153884 0.0109173 0.0107902 0.0116775 0.0113712 0.0102778 0.0104759 0.0116048 0.013101 0.00878244 0.0091888 0.00990327 0.0148416 0.009497 0.00939469 0.0089052 0.00891569 0.0086647 0.00989928 0.0106948 0.0118613 0.013186 0.00887957 0.0091952 0.0087334 0.0085265 0.00834981 0.00861098 0.00988457 0.00923352 0.0112507 0.00829069 0.00850477 0.00850518 0.00826181 0.00832716 0.00912482 0.00821505 0.00840544 0.00824991 0.0082095 0.00810614 0.00842751 
0.108107 0.0331747 0.0127574 0.0200205 0 0.00439265 0.00370797 0.00372974 0.00374987 0.00393453 0.00503349 0.00748866 0.00756268 0.00747602 0.00923197 0.0091824 0.0158201 0.039664 0.807755 0.015027 0.0118564 0.00906507 0.0414564 0.0163 0.0116014 0.0108361 0.0122325 0.00953747 0.0127056 0.0139131 0.0135049 0.0466087 0.0259614 0.0241699 0.0107936 0.0108674 0.00913958 0.0103641 0.014175 0.0115756 0.0122937 0.00945567 0.00959889 0.00944379 0.0104725 0.00979097 0.0115823 0.00948356 0.0090331 0.00891595 0.00910766 0.0087057 0.00902964 0.0111866 
0.0263758 0.0434047 0.0302357 0.0170034 0.00439265 0 0.00371425 0.00370197 0.00375575 0.00388955 0.00388006 0.00581196 0.00854113 0.00815598 0.00921478 0.0174413 0.0295026 0.853149 0.0159101 0.00973155 0.00903959 0.0202329 0.0093403 0.0137479 0.0172417 0.0187164 0.0114624 0.0141935 0.014037 0.0206208 0.0415387 0.0123453 0.0259422 0.0374497 0.032557 0.0158109 0.0143615 0.0102187 0.00940204 0.00943103 0.00880161 0.00960288 0.0121292 0.0142017 0.018579 0.0141514 0.00923717 0.00906744 0.0123476 0.0124593 0.012054 0.0113174 0.0117941 0.00902482 
0.0193904 0.0243386 0.0391662 0.0243905 0.00370797 0.00371425 0 0.00371275 0.00372653 0.00371618 0.00379297 0.00460789 0.00762895 0.00727129 0.0235713 0.0418995 0.879793 0.0148777 0.0154925 0.00903387 0.0144547 0.00937947 0.00971592 0.0109803 0.0179338 0.0157653 0.0180919 0.0122719 0.0213012 0.038614 0.0250857 0.0143492 0.0158704 0.042064 0.0405793 0.03924 0.0186952 0.0115717 0.0090523 0.00879756 0.00858238 0.0095103 0.0127188 0.0218877 0.0325897 0.0161432 0.0097525 0.00954743 0.0130975 0.0195333 0.0170936 0.0167006 0.0113003 0.00943043 
0.0231193 0.0259446 0.0285551 0.021878 0.00372974 0.00370197 0.00371275 0 0.00370666 0.00375729 0.00372133 0.00405425 0.00594552 0.018933 0.0519172 0.903157 0.0125596 0.0115919 0.0131694 0.0165415 0.00977605 0.0102242 0.00926726 0.0113048 0.014491 0.0211076 0.0137737 0.0143946 0.0235845 0.0328909 0.0273727 0.0138055 0.0205461 0.0401668 0.0551372 0.0384052 0.0220539 0.0105276 0.00928141 0.00873929 0.00868209 0.00960283 0.014181 0.028818 0.0305966 0.0166871 0.00966894 0.00972728 0.0142198 0.0188806 0.0195086 0.0149237 0.0110678 0.0095258 
0.0143179 0.0287609 0.0352512 0.0170822 0.00374987 0.00375575 0.00372653 0.00370666 0 0.00369307 0.00371334 0.00404634 0.0212079 0.0657928 0.878081 0.0194597 0.0124059 0.0102684 0.0209757 0.0105034 0.0103823 0.00896253 0.00997162 0.0108136 0.016122 0.0166219 0.0164368 0.0154805 0.0183691 0.0373779 0.0292756 0.0139288 0.0183984 0.0409284 0.0623246 0.0347936 0.0181373 0.0106955 0.00924751 0.00887998 0.0085816 0.00933197 0.0144565 0.0227311 0.0323135 0.0170318 0.00942583 0.00983268 0.0137598 0.0238229 0.0173437 0.0143113 0.010888 0.00947339 
0.0121572 0.0119916 0.0244575 0.0188094 0.00393453 0.00388955 0.00371618 0.00375729 0.00369307 0 0.00378595 0.00661241 0.845732 0.0990844 0.0115299 0.00898185 0.00927426 0.0105292 0.00911576 0.00775177 0.00784427 0.0100932 0.00789115 0.0115139 0.0135828 0.0132736 0.0102538 0.00957041 0.0102138 0.0130531 0.0488115 0.0163304 0.0126015 0.0226123 0.0174399 0.0126198 0.0101994 0.0103821 0.00881786 0.00936763 0.00859085 0.0100223 0.00987048 0.010532 0.0120124 0.011605 0.0089009 0.00906447 0.0132227 0.0104046 0.0101713 0.00974068 0.00939474 0.00869983 
0.013568 0.0116606 0.00971317 0.0229534 0.00503349 0.00388006 0.00379297 0.00372133 0.00371334 0.00378595 0 0.925012 0.0204457 0.00424021 0.00415962 0.00465582 0.00627322 0.00561495 0.00669994 0.00625886 0.00647327 0.0066877 0.00834799 0.0127175 0.0107742 0.00888895 0.00911465 0.00818536 0.00895146 0.0099829 0.0130636 0.0304708 0.0170039 0.0107207 0.00958727 0.00967515 0.00876004 0.00894981 0.009335 0.0119589 0.0103876 0.0103238 0.00884381 0.00884708 0.00919092 0.00895578 0.00922681 0.0135172 0.00868389 0.00877878 0.00878989 0.0084813 0.00867597 0.00899456 
0.0221682 0.00984052 0.0104074 0.0153884 0.00748866 0.00581196 0.00460789 0.00405425 0.00404634 0.00661241 0.925012 0 0.00375448 0.00369428 0.00371527 0.00383362 0.00385293 0.00380966 0.00408091 0.00461094 0.00453241 0.011695 0.00772002 0.00933692 0.00746913 0.0129684 0.00760197 0.0192623 0.012811 0.011689 0.0128456 0.0253711 0.0379943 0.01115 0.0138954 0.00875934 0.00999384 0.0088453 0.0139426 0.0101119 0.00967983 0.0120284 0.0087772 0.00918909 0.00937966 0.00933201 0.00979886 0.00927748 0.00855906 0.00873507 0.00873448 0.0084418 0.00927281 0.0101586 
0.0109601 0.020797 0.0121134 0.0109173 0.00756268 0.00854113 0.00762895 0.00594552 0.0212079 0.845732 0.0204457 0.00375448 0 0.00369803 0.00371931 0.00393695 0.00379636 0.0039441 0.00417206 0.00432605 0.00542886 0.00616428 0.00850239 0.00743259 0.0124366 0.00936875 0.0130591 0.00894908 0.011778 0.0123682 0.0202197 0.0248493 0.0137803 0.0650489 0.010941 0.0198338 0.00919867 0.0116287 0.00920811 0.00950045 0.00872461 0.00858435 0.0141985 0.0105237 0.0141661 0.0106908 0.00912545 0.00852364 0.0107952 0.00977673 0.00988348 0.00969689 0.00987668 0.00898912 
0.0119739 0.0110073 0.0140946 0.0107902 0.00747602 0.00815598 0.00727129 0.018933 0.0657928 0.0990844 0.00424021 0.00369428 0.00369803 0 0.0037033 0.00371916 0.00371312 0.00373804 0.0039355 0.00386146 0.00420668 0.00449338 0.00526851 0.00733599 0.00826855 0.0150884 0.0097123 0.00975925 0.0100758 0.0178077 0.0257011 0.076529 0.0199116 0.0172943 0.0482016 0.0173529 0.0198016 0.00920006 0.00918732 0.00859605 0.0084169 0.00879461 0.0107001 0.021091 0.0253956 0.0125373 0.0089702 0.00882051 0.0115525 0.017735 0.0143393 0.0133986 0.0103047 0.00919545 
0.0123195 0.0150751 0.0150263 0.0116775 0.00923197 0.00921478 0.0235713 0.0519172 0.878081 0.0115299 0.00415962 0.00371527 0.00371931 0.0037033 0 0.00371418 0.0037755 0.00387802 0.00376666 0.00469961 0.00385092 0.00423389 0.00473052 0.00750153 0.0109796 0.0169476 0.0112788 0.01532 0.0119486 0.0280522 0.155396 0.393273 0.016058 0.0418494 0.0381857 0.0424424 0.0182101 0.0119882 0.00979119 0.00898141 0.00860551 0.0092749 0.015368 0.0298265 0.0410712 0.0153523 0.0104554 0.00967602 0.015581 0.0226749 0.0214732 0.0159175 0.012229 0.00987764 
0.012664 0.013555 0.0181049 0.0113712 0.0091824 0.0174413 0.0418995 0.903157 0.0194597 0.00898185 0.00465582 0.00383362 0.00393695 0.00371916 0.00371418 0 0.0036984 0.0036931 0.00386528 0.00374113 0.00415896 0.00398847 0.00412749 0.00777599 0.0102223 0.0131433 0.00984305 0.00955238 0.024756 0.147849 0.57979 0.014908 0.0169539 0.0308354 0.0654933 0.0258443 0.0220851 0.0113986 0.00951614 0.00872967 0.00845591 0.00923254 0.0142914 0.0270696 0.0351167 0.0195463 0.0097843 0.00950896 0.0150052 0.0260236 0.0197584 0.0176357 0.0121923 0.00972761 
0.0104338 0.0151446 0.0117476 0.0102778 0.0158201 0.0295026 0.879793 0.0125596 0.0124059 0.00927426 0.00627322 0.00385293 0.00379636 0.00371312 0.0037755 0.0036984 0 0.00370229 0.0036984 0.00371147 0.00367019 0.00375205 0.00565185 0.00704351 0.00819053 0.00933733 0.0101846 0.00884814 0.144663 0.424874 0.0160529 0.0132268 0.0139716 0.0316459 0.0231978 0.0312155 0.0150717 0.0101876 0.00923581 0.00872607 0.00850908 0.00888579 0.0122702 0.0211917 0.0307939 0.0138541 0.00957528 0.00905657 0.0134873 0.0182489 0.0187614 0.0134195 0.011128 0.00961979 
0.0115763 0.0112621 0.014503 0.0104759 0.039664 0.853149 0.0148777 0.0115919 0.0102684 0.0105292 0.00561495 0.00380966 0.0039441 0.00373804 0.00387802 0.0036931 0.00370229 0 0.00370518 0.00369068 0.00370789 0.0037165 0.00381964 0.00589831 0.00784654 0.01219 0.00870862 0.18161 0.270844 0.0217486 0.0148519 0.0101781 0.0176252 0.0246213 0.0488168 0.0230576 0.0208191 0.0100312 0.00928879 0.00880556 0.0085955 0.00922047 0.0151775 0.0263745 0.0352102 0.0157397 0.00982783 0.00985896 0.0150037 0.0263759 0.0203237 0.0166574 0.0120577 0.00965001 
0.0124004 0.0142662 0.0126746 0.0116048 0.807755 0.0159101 0.0154925 0.0131694 0.0209757 0.00911576 0.00669994 0.00408091 0.00417206 0.0039355 0.00376666 0.00386528 0.0036984 0.00370518 0 0.00369581 0.00364743 0.00370413 0.00378028 0.00479678 0.013255 0.0103608 0.505027 0.173498 0.0157116 0.0134583 0.0166202 0.0106035 0.0177636 0.0494423 0.0366254 0.0346332 0.0160088 0.0120929 0.00917343 0.0089522 0.00863307 0.0094663 0.0146222 0.0301828 0.0425484 0.0180861 0.00995187 0.00956655 0.0166092 0.0249473 0.0206607 0.0170337 0.0123068 0.00949506 
0.00972186 0.00938802 0.0118573 0.013101 0.015027 0.00973155 0.00903387 0.0165415 0.0105034 0.00775177 0.00625886 0.00461094 0.00432605 0.00386146 0.00469961 0.00374113 0.00371147 0.00369068 0.00369581 0 0.00368634 0.00372144 0.00370888 0.0044797 0.00568338 0.642059 0.0882966 0.0138812 0.00659233 0.00815177 0.0133519 0.00748617 0.0136505 0.0122671 0.0383438 0.0123931 0.0174859 0.00880729 0.00880354 0.00845029 0.00840156 0.00861952 0.0095973 0.0156559 0.0193188 0.0104015 0.00869697 0.00896141 0.0102115 0.0144585 0.01262 0.0114052 0.00962493 0.00871474 
0.00934773 0.0106615 0.00975967 0.00878244 0.0118564 0.00903959 0.0144547 0.00977605 0.0103823 0.00784427 0.00647327 0.00453241 0.00542886 0.00420668 0.00385092 0.00415896 0.00367019 0.00370789 0.00364743 0.00368634 0 0.00369026 0.00425982 0.00419467 0.516668 0.0815888 0.0368715 0.00533054 0.008751 0.0112778 0.0078171 0.00743521 0.00973796 0.0262417 0.0108014 0.0320771 0.00926811 0.00999373 0.00851629 0.00858122 0.00839566 0.0084664 0.011153 0.0129085 0.0149254 0.0100872 0.00877383 0.00851457 0.0104314 0.0115026 0.0112027 0.0104862 0.00917925 0.00853333 
0.00988317 0.00909636 0.0109031 0.0091888 0.00906507 0.0202329 0.00937947 0.0102242 0.00896253 0.0100932 0.0066877 0.011695 0.00616428 0.00449338 0.00423389 0.00398847 0.00375205 0.0037165 0.00370413 0.00372144 0.00369026 0 0.00370768 0.0295236 0.137637 0.0181881 0.00417594 0.00574808 0.00571529 0.00657264 0.0104365 0.00704941 0.0125435 0.0101829 0.0232597 0.00922059 0.012684 0.00876027 0.0096138 0.00901084 0.00849637 0.00943082 0.00865178 0.00936236 0.010197 0.00988226 0.00840827 0.00872589 0.00881083 0.0095263 0.0088849 0.00874594 0.00879954 0.00862624 
0.012765 0.010748 0.00859136 0.00990327 0.0414564 0.0093403 0.00971592 0.00926726 0.00997162 0.00789115 0.00834799 0.00772002 0.00850239 0.00526851 0.00473052 0.00412749 0.00565185 0.00381964 0.00378028 0.00370888 0.00425982 0.00370768 0 0.75409 0.0224605 0.00400925 0.00474026 0.00414825 0.00532018 0.00682613 0.00701718 0.0110799 0.013278 0.0127745 0.00898668 0.0106625 0.00866514 0.00926522 0.00909852 0.0142131 0.0128738 0.0097365 0.00921976 0.00864397 0.00891677 0.00875154 0.0092822 0.00929397 0.00851142 0.00853128 0.00869393 0.0084246 0.00851573 0.00876571 
0.0109733 0.00902712 0.00980276 0.0148416 0.0163 0.0137479 0.0109803 0.0113048 0.0108136 0.0115139 0.0127175 0.00933692 0.00743259 0.00733599 0.00750153 0.00777599 0.00704351 0.00589831 0.00479678 0.0044797 0.00419467 0.0295236 0.75409 0 0.00370195 0.00370292 0.00370773 0.00372288 0.00376925 0.00384076 0.00513404 0.00783911 0.20539 0.0142795 0.0151669 0.00978998 0.0133411 0.0097207 0.0184768 0.0112267 0.0105271 0.00992429 0.00919053 0.00931215 0.0102753 0.0109416 0.0119247 0.00902083 0.00925606 0.00939519 0.0088412 0.00913124 0.00929733 0.0119145 
0.0090233 0.0116755 0.00928299 0.009497 0.0116014 0.0172417 0.0179338 0.014491 0.016122 0.0135828 0.0107742 0.00746913 0.0124366 0.00826855 0.0109796 0.0102223 0.00819053 0.00784654 0.013255 0.00568338 0.516668 0.137637 0.0224605 0.00370195 0 0.00372592 0.00369507 0.00368881 0.00365871 0.00377138 0.00416706 0.00469711 0.0180522 0.270436 0.0103457 0.0322323 0.00904792 0.0194878 0.0090468 0.00905909 0.00892249 0.00857585 0.0156757 0.0120895 0.0181225 0.0126772 0.00941935 0.00864948 0.0128836 0.0119537 0.0114697 0.010496 0.0117216 0.0092482 
0.0118701 0.0089271 0.0124158 0.00939469 0.0108361 0.0187164 0.0157653 0.0211076 0.0166219 0.0132736 0.00888895 0.0129684 0.00936875 0.0150884 0.0169476 0.0131433 0.00933733 0.01219 0.0103608 0.642059 0.0815888 0.0181881 0.00400925 0.00370292 0.00372592 0 0.00368436 0.00369153 0.00371006 0.00377252 0.00383885 0.00385537 0.0547999 0.0118087 0.314319 0.0100581 0.0575658 0.00893827 0.0109232 0.00860345 0.0085159 0.0100843 0.00955207 0.0250494 0.0266041 0.0125119 0.00924762 0.00947093 0.0108095 0.0271353 0.0161897 0.0142479 0.0107469 0.00940278 
0.00903691 0.0144902 0.00892378 0.0089052 0.0122325 0.0114624 0.0180919 0.0137737 0.0164368 0.0102538 0.00911465 0.00760197 0.0130591 0.0097123 0.0112788 0.00984305 0.0101846 0.00870862 0.505027 0.0882966 0.0368715 0.00417594 0.00474026 0.00370773 0.00369507 0.00368436 0 0.00369228 0.00366573 0.00371418 0.00366182 0.00387377 0.0132838 0.110395 0.0104676 0.110879 0.00912288 0.016252 0.00859443 0.0091495 0.00881655 0.00846784 0.0161288 0.0168258 0.0230321 0.0124697 0.00915658 0.0089193 0.0130279 0.0153396 0.0186275 0.0149942 0.0103654 0.00925747 
0.0100626 0.00861207 0.00972176 0.00891569 0.00953747 0.0141935 0.0122719 0.0143946 0.0154805 0.00957041 0.00818536 0.0192623 0.00894908 0.00975925 0.01532 0.00955238 0.00884814 0.18161 0.173498 0.0138812 0.00533054 0.00574808 0.00414825 0.00372288 0.00368881 0.00369153 0.00369228 0 0.00366461 0.00369075 0.0037279 0.00372235 0.0279671 0.0118423 0.10108 0.00939477 0.0294789 0.00856155 0.00903375 0.00849916 0.00824114 0.00957895 0.00924318 0.0193363 0.0188073 0.0110401 0.00882514 0.00899582 0.009921 0.0225668 0.0131207 0.0165623 0.015251 0.00867704 
0.00916841 0.0102304 0.0090208 0.0086647 0.0127056 0.014037 0.0213012 0.0235845 0.0183691 0.0102138 0.00895146 0.012811 0.011778 0.0100758 0.0119486 0.024756 0.144663 0.270844 0.0157116 0.00659233 0.008751 0.00571529 0.00532018 0.00376925 0.00365871 0.00371006 0.00366573 0.00366461 0 0.00369849 0.00370023 0.00373088 0.0266009 0.0685953 0.0194247 0.0503877 0.00985476 0.0141872 0.00867088 0.00876366 0.0086354 0.00859732 0.0128894 0.0166874 0.0206501 0.0115642 0.00900659 0.00893914 0.0148029 0.0157022 0.016312 0.013136 0.0101841 0.00874187 
0.0105683 0.011867 0.0111273 0.00989928 0.0139131 0.0206208 0.038614 0.0328909 0.0373779 0.0130531 0.0099829 0.011689 0.0123682 0.0178077 0.0280522 0.147849 0.424874 0.0217486 0.0134583 0.00815177 0.0112778 0.00657264 0.00682613 0.00384076 0.00377138 0.00377252 0.00371418 0.00369075 0.00369849 0 0.00371447 0.00373381 0.0625116 0.0882898 0.0714055 0.0385214 0.0309063 0.0109966 0.0105911 0.00897189 0.00894754 0.00927484 0.0178956 0.0343608 0.0403415 0.0168971 0.0102289 0.0101857 0.0182385 0.0342665 0.0232581 0.0191758 0.011572 0.00958116 
0.011122 0.010584 0.01562 0.0106948 0.0135049 0.0415387 0.0250857 0.0273727 0.0292756 0.0488115 0.0130636 0.0128456 0.0202197 0.0257011 0.155396 0.57979 0.0160529 0.0148519 0.0166202 0.0133519 0.0078171 0.0104365 0.00701718 0.00513404 0.00416706 0.00383885 0.00366182 0.0037279 0.00370023 0.00371447 0 0.00382074 0.039276 0.0448397 0.0919762 0.03539 0.0348001 0.0459553 0.013718 0.0114805 0.0103885 0.0127812 0.0172541 0.0228 0.0334575 0.0336823 0.0125285 0.0106594 0.0173039 0.0255567 0.0186152 0.0136366 0.0179099 0.0103772 
0.0143224 0.0115498 0.0096555 0.0118613 0.0466087 0.0123453 0.0143492 0.0138055 0.0139288 0.0163304 0.0304708 0.0253711 0.0248493 0.076529 0.393273 0.014908 0.0132268 0.0101781 0.0106035 0.00748617 0.00743521 0.00704941 0.0110799 0.00783911 0.00469711 0.00385537 0.00387377 0.00372235 0.00373088 0.00373381 0.00382074 0 0.0243725 0.0283907 0.0231536 0.0316233 0.0208043 0.0325987 0.06834 0.0259286 0.022701 0.0170919 0.0117732 0.0118095 0.013433 0.0130195 0.0132761 0.0173707 0.0107645 0.0107802 0.0107656 0.00977597 0.0100842 0.0117551 
0.0119255 0.00866864 0.00935724 0.013186 0.0259614 0.0259422 0.0158704 0.0205461 0.0183984 0.0126015 0.0170039 0.0379943 0.0137803 0.0199116 0.016058 0.0169539 0.0139716 0.0176252 0.0177636 0.0136505 0.00973796 0.0125435 0.013278 0.20539 0.0180522 0.0547999 0.0132838 0.0279671 0.0266009 0.0625116 0.039276 0.0243725 0 0.00513267 0.00374882 0.00373116 0.00377581 0.00418737 0.0118547 0.0129829 0.02561 0.0677575 0.0134628 0.0188694 0.0187648 0.0164356 0.0206497 0.0269401 0.0127067 0.0147113 0.0124666 0.0123621 0.0130273 0.045933 
0.00914529 0.012151 0.0096579 0.00887957 0.0241699 0.0374497 0.042064 0.0401668 0.0409284 0.0226123 0.0107207 0.01115 0.0650489 0.0172943 0.0418494 0.0308354 0.0316459 0.0246213 0.0494423 0.0122671 0.0262417 0.0101829 0.0127745 0.0142795 0.270436 0.0118087 0.110395 0.0118423 0.0685953 0.0882898 0.0448397 0.0283907 0.00513267 0 0.00376176 0.00373903 0.00375039 0.00460839 0.00510177 0.00844932 0.0169615 0.011854 0.116373 0.0256353 0.052368 0.0311082 0.0130782 0.0119867 0.0575832 0.0226138 0.0324833 0.0248247 0.0412688 0.0112773 
0.00946193 0.00876469 0.0103166 0.0091952 0.0107936 0.032557 0.0405793 0.0551372 0.0623246 0.0174399 0.00958727 0.0138954 0.010941 0.0482016 0.0381857 0.0654933 0.0231978 0.0488168 0.0366254 0.0383438 0.0108014 0.0232597 0.00898668 0.0151669 0.0103457 0.314319 0.0104676 0.10108 0.0194247 0.0714055 0.0919762 0.0231536 0.00374882 0.00376176 0 0.00371111 0.00377233 0.00376533 0.00378981 0.00717428 0.0102181 0.020858 0.0137268 0.0830078 0.0586716 0.0281562 0.010968 0.0127155 0.0194795 0.0826551 0.0388069 0.0646705 0.0162354 0.0114534 
0.00876469 0.00966489 0.0088201 0.0087334 0.0108674 0.0158109 0.03924 0.0384052 0.0347936 0.0126198 0.00967515 0.00875934 0.0198338 0.0173529 0.0424424 0.0258443 0.0312155 0.0230576 0.0346332 0.0123931 0.0320771 0.00922059 0.0106625 0.00978998 0.0322323 0.0100581 0.110879 0.00939477 0.0503877 0.0385214 0.03539 0.0316233 0.00373116 0.00373903 0.00371111 0 0.00369164 0.00370368 0.0037224 0.00640252 0.01034 0.00942314 0.0383108 0.0243979 0.0637205 0.0183894 0.011051 0.0096956 0.0256867 0.0232718 0.0777186 0.0211119 0.0140137 0.0105409 
0.00869542 0.00835825 0.00904472 0.0085265 0.00913958 0.0143615 0.0186952 0.0220539 0.0181373 0.0101994 0.00876004 0.00999384 0.00919867 0.0198016 0.0182101 0.0220851 0.0150717 0.0208191 0.0160088 0.0174859 0.00926811 0.012684 0.00866514 0.0133411 0.00904792 0.0575658 0.00912288 0.0294789 0.00985476 0.0309063 0.0348001 0.0208043 0.00377581 0.00375039 0.00377233 0.00369164 0 0.00372571 0.00374122 0.00575267 0.00887951 0.0116845 0.0102117 0.0387681 0.0265772 0.0154008 0.00950487 0.00973474 0.012756 0.0696514 0.016862 0.0162356 0.0111608 0.00960286 
0.00865104 0.00935289 0.00830358 0.00834981 0.0103641 0.0102187 0.0115717 0.0105276 0.0106955 0.0103821 0.00894981 0.0088453 0.0116287 0.00920006 0.0119882 0.0113986 0.0101876 0.0100312 0.0120929 0.00880729 0.00999373 0.00876027 0.00926522 0.0097207 0.0194878 0.00893827 0.016252 0.00856155 0.0141872 0.0109966 0.0459553 0.0325987 0.00418737 0.00460839 0.00376533 0.00370368 0.00372571 0 0.00382949 0.00819039 0.0124113 0.0099331 0.022229 0.0107151 0.0141123 0.0206852 0.0105871 0.00964152 0.0391442 0.0103672 0.0111582 0.00997607 0.0116929 0.00930801 
0.00951699 0.00817299 0.00807154 0.00861098 0.014175 0.00940204 0.0090523 0.00928141 0.00924751 0.00881786 0.009335 0.0139426 0.00920811 0.00918732 0.00979119 0.00951614 0.00923581 0.00928879 0.00917343 0.00880354 0.00851629 0.0096138 0.00909852 0.0184768 0.0090468 0.0109232 0.00859443 0.00903375 0.00867088 0.0105911 0.013718 0.06834 0.0118547 0.00510177 0.00378981 0.0037224 0.00374122 0.00382949 0 0.10576 0.0110171 0.0263261 0.00931831 0.0109304 0.010926 0.010873 0.012066 0.0243695 0.00923975 0.00938266 0.00914636 0.00892528 0.0089338 0.0103913 
0.00909731 0.00849979 0.00838779 0.00988457 0.0115756 0.00943103 0.00879756 0.00873929 0.00887998 0.00936763 0.0119589 0.0101119 0.00950045 0.00859605 0.00898141 0.00872967 0.00872607 0.00880556 0.0089522 0.00845029 0.00858122 0.00901084 0.0142131 0.0112267 0.00905909 0.00860345 0.0091495 0.00849916 0.00876366 0.00897189 0.0114805 0.0259286 0.0129829 0.00844932 0.00717428 0.00640252 0.00575267 0.00819039 0.10576 0 0.713792 0.0132209 0.0120688 0.00953279 0.0101328 0.0140996 0.0175478 0.011607 0.00922108 0.00889435 0.00878603 0.00875504 0.00972188 0.0175457 
0.00887505 0.00873936 0.00811217 0.00923352 0.0122937 0.00880161 0.00858238 0.00868209 0.0085816 0.00859085 0.0103876 0.00967983 0.00872461 0.0084169 0.00860551 0.00845591 0.00850908 0.0085955 0.00863307 0.00840156 0.00839566 0.00849637 0.0128738 0.0105271 0.00892249 0.0085159 0.00881655 0.00824114 0.0086354 0.00894754 0.0103885 0.022701 0.02561 0.0169615 0.0102181 0.01034 0.00887951 0.0124113 0.0110171 0.713792 0 0.03848 0.0129698 0.011068 0.0106861 0.0217833 0.0295987 0.0154929 0.0100779 0.00918063 0.0093638 0.00901023 0.0112493 0.0263609 
0.00942604 0.00813794 0.00902954 0.0112507 0.00945567 0.00960288 0.0095103 0.00960283 0.00933197 0.0100223 0.0103238 0.0120284 0.00858435 0.00879461 0.0092749 0.00923254 0.00888579 0.00922047 0.0094663 0.00861952 0.0084664 0.00943082 0.0097365 0.00992429 0.00857585 0.0100843 0.00846784 0.00957895 0.00859732 0.00927484 0.0127812 0.0170919 0.0677575 0.011854 0.020858 0.00942314 0.0116845 0.0099331 0.0263261 0.0132209 0.03848 0 0.00390949 0.00378197 0.00372693 0.00386588 0.00660962 0.0163078 0.00959091 0.0107613 0.0113933 0.0909132 0.0919808 0.0619334 
0.00828879 0.00888214 0.00853678 0.00829069 0.00959889 0.0121292 0.0127188 0.014181 0.0144565 0.00987048 0.00884381 0.0087772 0.0141985 0.0107001 0.015368 0.0142914 0.0122702 0.0151775 0.0146222 0.0095973 0.011153 0.00865178 0.00921976 0.00919053 0.0156757 0.00955207 0.0161288 0.00924318 0.0128894 0.0178956 0.0172541 0.0117732 0.0134628 0.116373 0.0137268 0.0383108 0.0102117 0.022229 0.00931831 0.0120688 0.0129698 0.00390949 0 0.00372716 0.00372496 0.00377337 0.00384531 0.0112575 0.0228336 0.0157404 0.11012 0.114418 0.0355757 0.014478 
0.00856476 0.00853848 0.00859473 0.00850477 0.00944379 0.0142017 0.0218877 0.028818 0.0227311 0.010532 0.00884708 0.00918909 0.0105237 0.021091 0.0298265 0.0270696 0.0211917 0.0263745 0.0301828 0.0156559 0.0129085 0.00936236 0.00864397 0.00931215 0.0120895 0.0250494 0.0168258 0.0193363 0.0166874 0.0343608 0.0228 0.0118095 0.0188694 0.0256353 0.0830078 0.0243979 0.0387681 0.0107151 0.0109304 0.00953279 0.011068 0.00378197 0.00372716 0 0.00374509 0.00375273 0.00376962 0.0132255 0.0171605 0.0507709 0.133575 0.0216793 0.0169033 0.012598 
0.00878292 0.00883006 0.00891612 0.00850518 0.0104725 0.018579 0.0325897 0.0305966 0.0323135 0.0120124 0.00919092 0.00937966 0.0141661 0.0253956 0.0410712 0.0351167 0.0307939 0.0352102 0.0425484 0.0193188 0.0149254 0.010197 0.00891677 0.0102753 0.0181225 0.0266041 0.0230321 0.0188073 0.0206501 0.0403415 0.0334575 0.013433 0.0187648 0.052368 0.0586716 0.0637205 0.0265772 0.0141123 0.010926 0.0101328 0.0106861 0.00372693 0.00372496 0.00374509 0 0.00373883 0.00370729 0.0128928 0.0305064 0.412475 0.0282321 0.0300098 0.0172434 0.0161379 
0.00848014 0.00872805 0.00857777 0.00826181 0.00979097 0.0141514 0.0161432 0.0166871 0.0170318 0.011605 0.00895578 0.00933201 0.0106908 0.0125373 0.0153523 0.0195463 0.0138541 0.0157397 0.0180861 0.0104015 0.0100872 0.00988226 0.00875154 0.0109416 0.0126772 0.0125119 0.0124697 0.0110401 0.0115642 0.0168971 0.0336823 0.0130195 0.0164356 0.0311082 0.0281562 0.0183894 0.0154008 0.0206852 0.010873 0.0140996 0.0217833 0.00386588 0.00377337 0.00375273 0.00373883 0 0.0038689 0.0182243 0.425422 0.0195032 0.027854 0.0129015 0.0335555 0.0148462 
0.00898377 0.00829054 0.00814004 0.00832716 0.0115823 0.00923717 0.0097525 0.00966894 0.00942583 0.0089009 0.00922681 0.00979886 0.00912545 0.0089702 0.0104554 0.0097843 0.00957528 0.00982783 0.00995187 0.00869697 0.00877383 0.00840827 0.0092822 0.0119247 0.00941935 0.00924762 0.00915658 0.00882514 0.00900659 0.0102289 0.0125285 0.0132761 0.0206497 0.0130782 0.010968 0.011051 0.00950487 0.0105871 0.012066 0.0175478 0.0295987 0.00660962 0.00384531 0.00376962 0.00370729 0.0038689 0 0.327501 0.0118114 0.0148819 0.00883611 0.00924683 0.0140998 0.0377565 
0.00845627 0.00811477 0.00814374 0.00912482 0.00948356 0.00906744 0.00954743 0.00972728 0.00983268 0.00906447 0.0135172 0.00927748 0.00852364 0.00882051 0.00967602 0.00950896 0.00905657 0.00985896 0.00956655 0.00896141 0.00851457 0.00872589 0.00929397 0.00902083 0.00864948 0.00947093 0.0089193 0.00899582 0.00893914 0.0101857 0.0106594 0.0173707 0.0269401 0.0119867 0.0127155 0.0096956 0.00973474 0.00964152 0.0243695 0.011607 0.0154929 0.0163078 0.0112575 0.0132255 0.0128928 0.0182243 0.327501 0 0.00368969 0.00369283 0.00369613 0.00370203 0.00378803 0.00707613 
0.00824482 0.00842207 0.00840479 0.00821505 0.0090331 0.0123476 0.0130975 0.0142198 0.0137598 0.0132227 0.00868389 0.00855906 0.0107952 0.0115525 0.015581 0.0150052 0.0134873 0.0150037 0.0166092 0.0102115 0.0104314 0.00881083 0.00851142 0.00925606 0.0128836 0.0108095 0.0130279 0.009921 0.0148029 0.0182385 0.0173039 0.0107645 0.0127067 0.0575832 0.0194795 0.0256867 0.012756 0.0391442 0.00923975 0.00922108 0.0100779 0.00959091 0.0228336 0.0171605 0.0305064 0.425422 0.0118114 0.00368969 0 0.00369339 0.00369138 0.00370737 0.00379065 0.00426155 
0.00839438 0.00867122 0.00862942 0.00840544 0.00891595 0.0124593 0.0195333 0.0188806 0.0238229 0.0104046 0.00877878 0.00873507 0.00977673 0.017735 0.0226749 0.0260236 0.0182489 0.0263759 0.0249473 0.0144585 0.0115026 0.0095263 0.00853128 0.00939519 0.0119537 0.0271353 0.0153396 0.0225668 0.0157022 0.0342665 0.0255567 0.0107802 0.0147113 0.0226138 0.0826551 0.0232718 0.0696514 0.0103672 0.00938266 0.00889435 0.00918063 0.0107613 0.0157404 0.0507709 0.412475 0.0195032 0.0148819 0.00369283 0.00369339 0 0.00369455 0.00369765 0.00376805 0.00378806 
0.00832334 0.00850943 0.00845612 0.00824991 0.00910766 0.012054 0.0170936 0.0195086 0.0173437 0.0101713 0.00878989 0.00873448 0.00988348 0.0143393 0.0214732 0.0197584 0.0187614 0.0203237 0.0206607 0.01262 0.0112027 0.0088849 0.00869393 0.0088412 0.0114697 0.0161897 0.0186275 0.0131207 0.016312 0.0232581 0.0186152 0.0107656 0.0124666 0.0324833 0.0388069 0.0777186 0.016862 0.0111582 0.00914636 0.00878603 0.0093638 0.0113933 0.11012 0.133575 0.0282321 0.027854 0.00883611 0.00369613 0.00369138 0.00369455 0 0.00369968 0.00369841 0.00372325 
0.00835682 0.00850144 0.00833811 0.0082095 0.0087057 0.0113174 0.0167006 0.0149237 0.0143113 0.00974068 0.0084813 0.0084418 0.00969689 0.0133986 0.0159175 0.0176357 0.0134195 0.0166574 0.0170337 0.0114052 0.0104862 0.00874594 0.0084246 0.00913124 0.010496 0.0142479 0.0149942 0.0165623 0.013136 0.0191758 0.0136366 0.00977597 0.0123621 0.0248247 0.0646705 0.0211119 0.0162356 0.00997607 0.00892528 0.00875504 0.00901023 0.0909132 0.114418 0.0216793 0.0300098 0.0129015 0.00924683 0.00370203 0.00370737 0.00369765 0.00369968 0 0.00369737 0.00371213 
0.00850853 0.00848972 0.00840024 0.00810614 0.00902964 0.0117941 0.0113003 0.0110678 0.010888 0.00939474 0.00867597 0.00927281 0.00987668 0.0103047 0.012229 0.0121923 0.011128 0.0120577 0.0123068 0.00962493 0.00917925 0.00879954 0.00851573 0.00929733 0.0117216 0.0107469 0.0103654 0.015251 0.0101841 0.011572 0.0179099 0.0100842 0.0130273 0.0412688 0.0162354 0.0140137 0.0111608 0.0116929 0.0089338 0.00972188 0.0112493 0.0919808 0.0355757 0.0169033 0.0172434 0.0335555 0.0140998 0.00378803 0.00379065 0.00376805 0.00369841 0.00369737 0 0.00372424 
0.0092694 0.00849961 0.00821608 0.00842751 0.0111866 0.00902482 0.00943043 0.0095258 0.00947339 0.00869983 0.00899456 0.0101586 0.00898912 0.00919545 0.00987764 0.00972761 0.00961979 0.00965001 0.00949506 0.00871474 0.00853333 0.00862624 0.00876571 0.0119145 0.0092482 0.00940278 0.00925747 0.00867704 0.00874187 0.00958116 0.0103772 0.0117551 0.045933 0.0112773 0.0114534 0.0105409 0.00960286 0.00930801 0.0103913 0.0175457 0.0263609 0.0619334 0.014478 0.012598 0.0161379 0.0148462 0.0377565 0.00707613 0.00426155 0.00378806 0.00372325 0.00371213 0.00372424 0 
