1NBWD
PPGVRLFYDPRGHHAGAINELCWGLEEQGVPCQTITYDGGGDAAALGALAARSSPLRVGIGLSASGEIALTHAQLPADAPLATGHVTDSDDQLRTLGANAGQLVKVLPLSERN
CCCEEEEECCCCCCHHHHHHHHHHHHHCCCCEEEEECCCCCCHHHHHHHHHHHCCCCEEEEECCCCEEEEEECCCCCCCCCEEEECCCCHHHHHHHHHHHHHHHHCCCCCCCC
0 0 0 0 0 0 0 0 0 0 0 0 0 0 0 0 0 0 0 0 0 0 0 0 0 0 0 0 0 0 0 0 0 0 0 0 0 0 0 0 0 0 0 0 0 0 0 0 0 0 0 0 0 0 0 0 0 0 0 0 0 0 0 0 0 0 0 0 0 0 0 0 0 0 0 0 0 0 0 0 0 0 0 0 0 0 0 0 0 0 0 0 0 0 0 0 0 0 0 0 0 0 0 0 0 0 0 0 0 0 0 0 0 
0 0 0 0 0 0 0 0 0 0 0 0 0 0 0 0 0 0 0 0 0 0 0 0 0 0 0 0 0 0 0 0 0 0 0 0 0 0 0 0 0 0 0 0 0 0 0 0 0 0 0 0 0 0 0 0 0 0 0 0 0 0 0 0 0 0 0 0 0 0 0 0 0 0 0 0 0 0 0 0 0 0 0 0 0 0 0 0 0 0 0 0 0 0 0 0 0 0 0 0 0 0 0 0 0 0 0 0 0 0 0 0 0 
0 0.00386227 0.00379167 0.00388748 0.00609727 0.32918 0.0133457 0.010172 0.011605 0.0298591 0.0377926 0.0132392 0.0146848 0.0113588 0.0299039 0.0119683 0.0193539 0.0111522 0.0126571 0.0114127 0.0196608 0.0109675 0.00869794 0.00967967 0.0113038 
0.00386227 0 0.00373754 0.00372637 0.00388498 0.0333045 0.349055 0.0145231 0.0518617 0.0112652 0.0169401 0.114634 0.0204993 0.0397272 0.0122665 0.011879 0.0209257 0.0375767 0.0238756 0.0247844 0.0112366 0.0102032 0.0118107 0.0116889 0.00938059 
0.00379167 0.00373754 0 0.00373116 0.00373905 0.0298348 0.0279009 0.432152 0.0182384 0.011043 0.0185882 0.0286847 0.226412 0.0169798 0.0143827 0.00977137 0.0327233 0.0462596 0.104095 0.0179882 0.0112944 0.0115293 0.0120417 0.0120768 0.00894029 
0.00388748 0.00372637 0.00373116 0 0.00385245 0.0167109 0.0857684 0.0145582 0.375349 0.012523 0.0142775 0.057017 0.0212594 0.0762235 0.0128666 0.0118898 0.0207652 0.0295044 0.0244021 0.0432437 0.0115801 0.0135238 0.0122471 0.0112763 0.00879843 
0.00609727 0.00388498 0.00373905 0.00385245 0 0.0483119 0.0122625 0.0156197 0.0169629 0.369724 0.040109 0.0129995 0.014916 0.0146056 0.0359254 0.018878 0.0140575 0.0123606 0.0120505 0.0124574 0.0196276 0.0198702 0.00948453 0.00914135 0.011375 
0.32918 0.0333045 0.0298348 0.0167109 0.0483119 0 0.00369829 0.00370871 0.00390747 0.00411566 0.0769866 0.0151733 0.0151759 0.011952 0.0367758 0.0128892 0.0201917 0.0122574 0.0123827 0.0131803 0.0212927 0.0126684 0.00936094 0.0103755 0.0155639 
0.0133457 0.349055 0.0279009 0.0857684 0.0122625 0.00369829 0 0.00374776 0.00384729 0.0037802 0.0338619 0.0506474 0.0152972 0.0217349 0.0110489 0.00970717 0.022952 0.0147064 0.0174697 0.0151923 0.00984365 0.0100218 0.00943301 0.017546 0.00928677 
0.010172 0.0145231 0.432152 0.0145582 0.0156197 0.00370871 0.00374776 0 0.00374749 0.0037758 0.013035 0.0293217 0.0291863 0.0145337 0.00929738 0.0102936 0.0116842 0.0317964 0.0156597 0.0111172 0.00965137 0.00892859 0.0160731 0.00947436 0.00906626 
0.011605 0.0518617 0.0182384 0.375349 0.0169629 0.00390747 0.00384729 0.00374749 0 0.00376863 0.0190131 0.026242 0.0429699 0.0246621 0.0129188 0.00953445 0.025715 0.0107827 0.0169803 0.0164537 0.00945901 0.0159989 0.0098795 0.0132695 0.00841947 
0.0298591 0.0112652 0.011043 0.012523 0.369724 0.00411566 0.0037802 0.0037758 0.00376863 0 0.0201692 0.0202526 0.0140641 0.0286467 0.0492271 0.0233363 0.0100771 0.0126516 0.00940058 0.0110107 0.0143565 0.0175406 0.0103254 0.00863302 0.013395 
0.0377926 0.0169401 0.0185882 0.0142775 0.040109 0.0769866 0.0338619 0.013035 0.0190131 0.0201692 0 0.00382675 0.00375847 0.00419044 0.00620599 0.00757288 0.0151605 0.00833982 0.0226692 0.0245068 0.902223 0.0241452 0.0101036 0.0162478 0.0159264 
0.0132392 0.114634 0.0286847 0.057017 0.0129995 0.0151733 0.0506474 0.0293217 0.026242 0.0202526 0.00382675 0 0.00374494 0.0037868 0.0037439 0.00703666 0.00801524 0.0336274 0.0199629 0.942396 0.0106628 0.0125193 0.0323277 0.0178454 0.0152342 
0.0146848 0.0204993 0.226412 0.0212594 0.014916 0.0151759 0.0152972 0.0291863 0.0429699 0.0140641 0.00375847 0.00374494 0 0.00369948 0.00369738 0.00458022 0.0462833 0.0230673 0.952973 0.0103136 0.00813379 0.0158017 0.012922 0.029207 0.00946659 
0.0113588 0.0397272 0.0169798 0.0762235 0.0146056 0.011952 0.0217349 0.0145337 0.0246621 0.0286467 0.00419044 0.0037868 0.00369948 0 0.0038299 0.0470876 0.0269805 0.943928 0.0106993 0.0169339 0.00865654 0.0108879 0.030847 0.0113994 0.0179715 
0.0299039 0.0122665 0.0143827 0.0128666 0.0359254 0.0367758 0.0110489 0.00929738 0.0129188 0.0492271 0.00620599 0.0037439 0.00369738 0.0038299 0 0.0372921 0.893366 0.00580441 0.0120656 0.00804978 0.0230214 0.0414611 0.00959047 0.0193768 0.014645 
0.0119683 0.011879 0.00977137 0.0118898 0.018878 0.0128892 0.00970717 0.0102936 0.00953445 0.0233363 0.00757288 0.00703666 0.00458022 0.0470876 0.0372921 0 0.00377725 0.00373796 0.00370508 0.00396269 0.00483542 0.00865577 0.0142356 0.00847013 0.364078 
0.0193539 0.0209257 0.0327233 0.0207652 0.0140575 0.0201917 0.022952 0.0116842 0.025715 0.0100771 0.0151605 0.00801524 0.0462833 0.0269805 0.893366 0.00377725 0 0.00370868 0.00371169 0.0037257 0.00381558 0.0217047 0.00875603 0.451955 0.0135254 
0.0111522 0.0375767 0.0462596 0.0295044 0.0123606 0.0122574 0.0147064 0.0317964 0.0107827 0.0126516 0.00833982 0.0336274 0.0230673 0.943928 0.00580441 0.00373796 0.00370868 0 0.00370442 0.00370577 0.00371824 0.0096727 0.295939 0.0165726 0.025415 
0.0126571 0.0238756 0.104095 0.0244021 0.0120505 0.0123827 0.0174697 0.0156597 0.0169803 0.00940058 0.0226692 0.0199629 0.952973 0.0106993 0.0120656 0.00370508 0.00371169 0.00370442 0 0.0037005 0.00371686 0.185042 0.0151174 0.0512077 0.010916 
0.0114127 0.0247844 0.0179882 0.0432437 0.0124574 0.0131803 0.0151923 0.0111172 0.0164537 0.0110107 0.0245068 0.942396 0.0103136 0.0169339 0.00804978 0.00396269 0.0037257 0.00370577 0.0037005 0 0.00392543 0.0201828 0.0427236 0.0177535 0.0165667 
0.0196608 0.0112366 0.0112944 0.0115801 0.0196276 0.0212927 0.00984365 0.00965137 0.00945901 0.0143565 0.902223 0.0106628 0.00813379 0.00865654 0.0230214 0.00483542 0.00381558 0.00371824 0.00371686 0.00392543 0 0.0314588 0.00938551 0.009773 0.017463 
0.0109675 0.0102032 0.0115293 0.0135238 0.0198702 0.0126684 0.0100218 0.00892859 0.0159989 0.0175406 0.0241452 0.0125193 0.0158017 0.0108879 0.0414611 0.00865577 0.0217047 0.0096727 0.185042 0.0201828 0.0314588 0 0.00369719 0.00381386 0.00429946 
0.00869794 0.0118107 0.0120417 0.0122471 0.00948453 0.00936094 0.00943301 0.0160731 0.0098795 0.0103254 0.0101036 0.0323277 0.012922 0.030847 0.00959047 0.0142356 0.00875603 0.295939 0.0151174 0.0427236 0.00938551 0.00369719 0 0.00380489 0.0039532 
0.00967967 0.0116889 0.0120768 0.0112763 0.00914135 0.0103755 0.017546 0.00947436 0.0132695 0.00863302 0.0162478 0.0178454 0.029207 0.0113994 0.0193768 0.00847013 0.451955 0.0165726 0.0512077 0.0177535 0.009773 0.00381386 0.00380489 0 0.0037347 
0.0113038 0.00938059 0.00894029 0.00879843 0.011375 0.0155639 0.00928677 0.00906626 0.00841947 0.013395 0.0159264 0.0152342 0.00946659 0.0179715 0.014645 0.364078 0.0135254 0.025415 0.010916 0.0165667 0.017463 0.00429946 0.0039532 0.0037347 0 
