1NCQC
GLPTTTLPGSGQFLTTDDRQSPSALPNYEPTPRIHIPGKVHNLLEIIQVDTLIPMNNTHTKDEVNSYLIPLNANRQNEQVFGTNLFIGDGVFKTTLLGEIVQYYTHWSGSLRFSLMYTGPALSSAKLILAYTPPGARGPQDRREAMLGTHVVWDIGLQSTIVMTIPWTSGVQFRYTDPDTYTSAGFLSCWYQTSLILPPETTGQVYLLSFISACPDFKLRLMKDTQTISQTVALTE
CCCCCCCCCCCCCCCCCCCCCCECCCCCCCCCCCCCCCEECEHHHHCCCCEECCCCCCCCCCCHHHHEEEECECCCCCEEEEEECCCCCHHHHHCHHHHHHCCEEEEECCEEEEEEECCCCCCECEEEEEEECCCCCCCCCHHHHHCCEEEEEECCCCCEEEEEECCCCCCCCEECCCCCCCCCCEEEEEECCCEECCCCCCCCEEEEEEEEECCCCEEEEECCCCCCCCCCCCCC
0 0 0 0 0 0 0 0 0 0 0 0 0 0 0 0 0 0 0 0 0 0 0 0 0 0 0 0 0 0 0 0 0 0 0 0 0 0 0 0 0 0 0 0 0 0 0 0 0 0 0 0 0 0 0 0 0 0 0 0 0 0 0 0 0 0 0 0 0 0 0 0 0 0 0 0 0 0 0 0 0 0 0 0 0 0 0 0 0 0 0 0 0 0 0 0 0 0 0 0 0 0 0 0 0 0 0 0 0 0 0 0 0 0 0 0 0 0 0 0 0 0 0 0 0 0 0 0 0 0 0 0 0 0 0 0 0 0 0 0 0 0 0 0 0 0 0 0 0 0 0 0 0 0 0 0 0 0 0 0 0 0 0 0 0 0 0 0 0 0 0 0 0 0 0 0 0 0 0 0 0 0 0 0 0 0 0 0 0 0 0 0 0 0 0 0 0 0 0 0 0 0 0 0 0 0 0 0 0 0 0 0 0 0 0 0 0 0 0 0 0 0 0 0 0 0 0 0 0 0 0 0 0 0 0 0 
0 0 0 0 0 0 0 0 0 0 0 0 0 0 0 0 0 0 0 0 0 0 0 0 0 0 0 0 0 0 0 0 0 0 0 0 0 0 0 0 0 0 0 0 0 0 0 0 0 0 0 0 0 0 0 0 0 0 0 0 0 0 0 0 0 0 0 0 0 0 0 0 0 0 0 0 0 0 0 0 0 0 0 0 0 0 0 0 0 0 0 0 0 0 0 0 0 0 0 0 0 0 0 0 0 0 0 0 0 0 0 0 0 0 0 0 0 0 0 0 0 0 0 0 0 0 0 0 0 0 0 0 0 0 0 0 0 0 0 0 0 0 0 0 0 0 0 0 0 0 0 0 0 0 0 0 0 0 0 0 0 0 0 0 0 0 0 0 0 0 0 0 0 0 0 0 0 0 0 0 0 0 0 0 0 0 0 0 0 0 0 0 0 0 0 0 0 0 0 0 0 0 0 0 0 0 0 0 0 0 0 0 0 0 0 0 0 0 0 0 0 0 0 0 0 0 0 0 0 0 0 0 0 0 0 0 
0 0.0199611 0.0293384 0.0328206 0.0165793 0.0288113 0.0146804 0.0101955 0.00959154 0.0123146 0.021366 0.0115062 0.00913025 0.00873435 0.00905295 0.00895274 0.0119715 0.0104006 0.0083191 0.00819103 0.00837477 0.00934158 0.0101097 0.00858556 0.00859802 0.0082562 0.00825937 0.00838735 0.0094851 0.0115571 0.00852027 0.00886954 0.00823719 0.00830456 0.00829166 0.00840487 0.00928735 0.0083829 0.00808092 0.00807775 0.00806435 0.00814706 0.00828987 0.00861707 0.00810187 0.00810617 0.00821624 0.00827895 0.00842522 0.00850219 0.008484 0.00835798 0.00811254 0.00810225 0.0081228 0.00800064 0.00860243 0.00851362 0.00851444 0.0084406 0.00817092 0.00820724 0.00817054 0.00821295 0.0082012 0.00811904 0.00807591 0.00855226 0.00875305 0.00835962 0.00799927 0.00811455 0.00864842 
0.0199611 0 0.00824824 0.00375308 0.0303807 0.0294345 0.0137058 0.00996187 0.0172038 0.00932138 0.0119064 0.0112211 0.0101083 0.0101141 0.00954573 0.00988827 0.0142067 0.00968433 0.00913206 0.008726 0.00869511 0.0103515 0.00867676 0.0116962 0.00853315 0.00924435 0.00854155 0.00949884 0.00910543 0.0120235 0.0104647 0.00893098 0.00910532 0.00859206 0.00877633 0.00888718 0.00879651 0.00811299 0.00850143 0.00801227 0.00847509 0.00830654 0.00901205 0.00894825 0.00820564 0.00851187 0.0083903 0.00902696 0.00823896 0.00828357 0.00837035 0.00835349 0.00819245 0.0084595 0.0080747 0.00816042 0.00813818 0.00811829 0.00848544 0.00802895 0.00829699 0.00834839 0.00824518 0.00833194 0.0083081 0.00824541 0.00827228 0.00830391 0.00859766 0.00800831 0.00816404 0.00808351 0.00815869 
0.0293384 0.00824824 0 0.00415167 0.046897 0.0168993 0.0149987 0.0144202 0.00938888 0.0154213 0.0161799 0.0124048 0.0106118 0.0102388 0.0109155 0.0150758 0.00972984 0.011106 0.00955211 0.00885632 0.0107491 0.00910369 0.013929 0.00873856 0.0117558 0.00900404 0.00995329 0.00940666 0.0103228 0.0086419 0.00880971 0.0114255 0.00913418 0.00953016 0.00944016 0.00921565 0.00858654 0.00854147 0.00807284 0.00870892 0.00817497 0.00971027 0.00815757 0.00941975 0.00896331 0.00833479 0.00886717 0.00891756 0.00821401 0.00824184 0.00825118 0.00836517 0.00836266 0.00821816 0.00826829 0.00832846 0.0082696 0.0087376 0.00821386 0.00875438 0.00830322 0.00830838 0.00830725 0.00831091 0.00829392 0.00822412 0.00824933 0.00838562 0.0084216 0.00878303 0.00801118 0.00810527 0.00830943 
0.0328206 0.00375308 0.00415167 0 0.0180324 0.0240002 0.015295 0.0100996 0.0129749 0.011426 0.0397177 0.0151448 0.010962 0.0105156 0.011667 0.0104428 0.0167584 0.0190763 0.00981158 0.00997608 0.00981132 0.0214185 0.0128421 0.0114733 0.00958497 0.0101533 0.00967941 0.0103364 0.0118426 0.0270259 0.0131574 0.00995495 0.00979127 0.00952094 0.00925838 0.00924762 0.00960101 0.00989647 0.00895251 0.00858318 0.0091209 0.00849907 0.0098607 0.0123816 0.00901083 0.0100431 0.00902202 0.00910972 0.00891339 0.00954188 0.00874889 0.0100233 0.00852259 0.00929375 0.00841492 0.00833848 0.00859557 0.00908685 0.00882517 0.0089918 0.00863095 0.00845173 0.00847746 0.0085271 0.00835206 0.00854721 0.00818004 0.00844472 0.0101775 0.00812656 0.00810745 0.00805497 0.00821767 
0.0165793 0.0303807 0.046897 0.0180324 0 0.0043831 0.0142119 0.0225394 0.0315749 0.0193188 0.0159503 0.0196111 0.0179803 0.0137855 0.0134391 0.0138807 0.0202562 0.0145052 0.012304 0.0102545 0.0110172 0.0131271 0.0121887 0.0139035 0.0123907 0.0110155 0.0119214 0.0117294 0.0130914 0.0129326 0.0108995 0.0132965 0.0108579 0.0121882 0.010624 0.0106299 0.0110037 0.00847158 0.00866752 0.00875689 0.00880949 0.00897633 0.00974048 0.0100376 0.00983984 0.00914234 0.00947702 0.010381 0.00905359 0.00860733 0.00984042 0.00902108 0.00879299 0.00875791 0.00855387 0.00836549 0.00874161 0.0092486 0.00936193 0.00841334 0.00863832 0.00901264 0.00878837 0.00871199 0.00894695 0.00845264 0.00866826 0.00871425 0.00885906 0.00832246 0.00831167 0.00828923 0.00843416 
0.0288113 0.0294345 0.0168993 0.0240002 0.0043831 0 0.0354027 0.0132222 0.0236777 0.0278238 0.0195498 0.0164627 0.0140584 0.0124952 0.0134121 0.0327091 0.0170997 0.0195362 0.0109429 0.00956977 0.0127438 0.0129241 0.0190938 0.0110752 0.0114123 0.00954567 0.0112711 0.0140867 0.0161115 0.0122854 0.0105542 0.0119687 0.0103797 0.0104499 0.00994106 0.011805 0.00919307 0.00907999 0.00828662 0.00886256 0.00839325 0.00944467 0.00896451 0.0103793 0.00935666 0.00904738 0.00986366 0.0105284 0.00860788 0.00918708 0.00837558 0.00966926 0.00874891 0.00850802 0.0087095 0.00840837 0.00849367 0.00941011 0.00858882 0.00858817 0.00852744 0.00878539 0.00873816 0.00877867 0.00879182 0.00852228 0.00860114 0.00861436 0.00905678 0.00833554 0.00806718 0.00811517 0.00832953 
0.0146804 0.0137058 0.0149987 0.015295 0.0142119 0.0354027 0 0.00370558 0.00371481 0.00376667 0.00383462 0.00555378 0.00590291 0.00745709 0.0483731 0.0826771 0.0753026 0.0153085 0.013378 0.0121188 0.0118033 0.0202067 0.014707 0.0139471 0.0119244 0.0172022 0.012693 0.0128614 0.0186378 0.0116036 0.0121277 0.0140206 0.0137826 0.0127563 0.012292 0.0124698 0.0175985 0.00880169 0.00890893 0.00915397 0.0099041 0.00972596 0.0112617 0.0101139 0.00993795 0.0108863 0.0107346 0.0115313 0.0108582 0.00846186 0.00958971 0.00883441 0.00853727 0.00961926 0.0091916 0.00881191 0.00970754 0.00927881 0.00955741 0.00857481 0.00871489 0.00884581 0.00885117 0.00914534 0.00881132 0.00856723 0.00906594 0.00919225 0.00842416 0.00833702 0.00846381 0.00831844 0.00884528 
0.0101955 0.00996187 0.0144202 0.0100996 0.0225394 0.0132222 0.00370558 0 0.00369149 0.00369431 0.0037808 0.00577045 0.0132995 0.0649631 0.065466 0.0657506 0.00849702 0.0105826 0.0163436 0.0162533 0.0186383 0.0096302 0.0138561 0.0118054 0.052284 0.0129476 0.0276478 0.0149734 0.0110741 0.00872213 0.00991943 0.0346365 0.01665 0.021518 0.0160206 0.0133905 0.00928892 0.00849825 0.00854768 0.0115154 0.00926648 0.012599 0.00873548 0.00906055 0.0121644 0.0124513 0.0189769 0.011286 0.00895352 0.00818691 0.00859364 0.00855193 0.00933036 0.00967813 0.0106363 0.00873559 0.00861871 0.00868778 0.00842902 0.00840224 0.00888257 0.0103648 0.0101738 0.00964935 0.0101779 0.00953987 0.00885906 0.00839051 0.00824897 0.00910624 0.00843923 0.008528 0.00813227 
0.00959154 0.0172038 0.00938888 0.0129749 0.0315749 0.0236777 0.00371481 0.00369149 0 0.00369272 0.00373614 0.0164327 0.0685161 0.0358648 0.0527642 0.00914145 0.00928991 0.0123753 0.0159106 0.0185049 0.0174788 0.0129428 0.0113895 0.050877 0.0106383 0.0296185 0.012668 0.040954 0.0124777 0.0117129 0.0151541 0.0113775 0.0287016 0.0171462 0.0213423 0.0135912 0.00883073 0.008997 0.0095614 0.00888637 0.0145467 0.00938554 0.00980365 0.0103761 0.00967559 0.0185276 0.0105738 0.0155281 0.00855201 0.0086344 0.00825631 0.00980666 0.00896809 0.00957466 0.00912167 0.0102468 0.0082939 0.00855817 0.00852688 0.00858772 0.00944447 0.00901326 0.0093639 0.00925123 0.00904781 0.00874182 0.00889767 0.00821467 0.00946037 0.00830497 0.00857147 0.00828865 0.0079619 
0.0123146 0.00932138 0.0154213 0.011426 0.0193188 0.0278238 0.00376667 0.00369431 0.00369272 0 0.00623285 0.010088 0.0130174 0.015775 0.00786606 0.0076874 0.00788987 0.014295 0.0104248 0.0100199 0.0109234 0.0105612 0.0257037 0.00926356 0.0227131 0.00989644 0.0174031 0.0101132 0.0153833 0.0100241 0.0102269 0.0146184 0.0111776 0.0137052 0.0113413 0.00940798 0.00955168 0.00929904 0.00836205 0.0114003 0.00900642 0.0107443 0.00841096 0.0100702 0.0102981 0.00953965 0.0123147 0.00934907 0.00968714 0.00835851 0.00830133 0.0093165 0.00910228 0.00907297 0.00944225 0.00866391 0.00903654 0.00898262 0.0083289 0.00887678 0.00847402 0.00915216 0.00911446 0.00890253 0.00906176 0.00926291 0.0083875 0.00892353 0.00834293 0.00936158 0.00818235 0.00808033 0.00819275 
0.021366 0.0119064 0.0161799 0.0397177 0.0159503 0.0195498 0.00383462 0.0037808 0.00373614 0.00623285 0 0.149152 0.00629533 0.0062444 0.00505276 0.00586871 0.00733054 0.0140255 0.00861948 0.0083705 0.00876338 0.0114828 0.0150615 0.00970009 0.00909591 0.00887286 0.00850614 0.00934698 0.0113163 0.0265333 0.0110751 0.00948479 0.0089708 0.00871637 0.00848557 0.00862853 0.0107428 0.00999829 0.00850047 0.00818332 0.00813319 0.00826805 0.00873296 0.0104032 0.00840839 0.00819893 0.00827185 0.00831815 0.00835108 0.0090307 0.00855104 0.0103754 0.00815816 0.0080602 0.00806915 0.00804456 0.00860226 0.00932602 0.00859902 0.00910882 0.00815499 0.00813238 0.00809751 0.0080999 0.00815648 0.00812188 0.00798221 0.00845156 0.00965414 0.00835242 0.00795781 0.00793519 0.0084997 
0.0115062 0.0112211 0.0124048 0.0151448 0.0196111 0.0164627 0.00555378 0.00577045 0.0164327 0.010088 0.149152 0 0.00371096 0.00369586 0.00370814 0.00377608 0.00519569 0.0335356 0.0107941 0.00988077 0.00963468 0.0148368 0.0166194 0.0122948 0.0116595 0.0104045 0.0106753 0.0110471 0.0147892 0.0147718 0.0149848 0.0155749 0.0112911 0.0110538 0.0102905 0.0127069 0.0149255 0.0090965 0.00872684 0.00876646 0.00862657 0.00908729 0.0107583 0.0107569 0.008934 0.00918621 0.00957642 0.00977191 0.0107906 0.00844768 0.00933862 0.00882553 0.00839401 0.00867485 0.00859224 0.00856559 0.0115794 0.00856458 0.00914848 0.00838748 0.00845045 0.0086548 0.00851516 0.0086006 0.008634 0.00841707 0.00855265 0.00915406 0.00871142 0.0083029 0.00822065 0.00824555 0.00848862 
0.00913025 0.0101083 0.0106118 0.010962 0.0179803 0.0140584 0.00590291 0.0132995 0.0685161 0.0130174 0.00629533 0.00371096 0 0.00370245 0.00368999 0.00372986 0.0037538 0.034041 0.0514862 0.0128553 0.0252498 0.0119099 0.0123731 0.018963 0.0206065 0.02028 0.0185501 0.0216373 0.0107925 0.00968764 0.00987245 0.0403637 0.0282409 0.0220061 0.0275147 0.0159506 0.0101679 0.00834742 0.00906654 0.0110283 0.0123799 0.0125815 0.0091115 0.00955398 0.0144358 0.0165414 0.0224468 0.0191884 0.00910886 0.00817302 0.00856194 0.00955872 0.0103039 0.0111851 0.0102973 0.0103569 0.00884324 0.00857147 0.00845361 0.00821926 0.00961511 0.0104365 0.0115137 0.0106198 0.0108028 0.0101373 0.00982187 0.00871532 0.00832399 0.00868345 0.00847843 0.00877649 0.00826035 
0.00873435 0.0101141 0.0102388 0.0105156 0.0137855 0.0124952 0.00745709 0.0649631 0.0358648 0.015775 0.0062444 0.00369586 0.00370245 0 0.00370759 0.00369839 0.00373033 0.0175454 0.0281041 0.0955153 0.0262508 0.0127796 0.0110869 0.0216827 0.034003 0.0468366 0.0360915 0.0229414 0.0130822 0.00966937 0.0116906 0.0215414 0.0459454 0.0677346 0.0514791 0.0166128 0.00932579 0.00867439 0.00959608 0.0168549 0.0226351 0.0139203 0.00953632 0.0102174 0.017307 0.0491257 0.0551521 0.0231014 0.00954152 0.00838139 0.00861706 0.00938231 0.0119412 0.0208979 0.0189368 0.0106182 0.00892533 0.00867657 0.00901861 0.00854676 0.0103882 0.0166413 0.0172232 0.0171586 0.0151176 0.0128075 0.0109395 0.00881962 0.00874158 0.0090338 0.00928639 0.00879941 0.00822407 
0.00905295 0.00954573 0.0109155 0.011667 0.0134391 0.0134121 0.0483731 0.065466 0.0527642 0.00786606 0.00505276 0.00370814 0.00368999 0.00370759 0 0.0036913 0.00372927 0.0222157 0.0487434 0.0737601 0.0672948 0.0162492 0.0112177 0.0247548 0.0306939 0.0463366 0.0330822 0.0312976 0.0132982 0.00964144 0.011129 0.0169996 0.0624711 0.0462727 0.0591485 0.0155327 0.00992047 0.00854596 0.00997562 0.0159467 0.024308 0.0133444 0.00971162 0.0101599 0.018591 0.0489274 0.0373021 0.0221493 0.00985271 0.00827138 0.00877333 0.00989644 0.0121676 0.0225044 0.0161011 0.010618 0.00926638 0.00858903 0.00873939 0.00858108 0.0106073 0.0152358 0.0163612 0.0162313 0.0147141 0.0122518 0.0112389 0.00912152 0.00857509 0.00920733 0.00923633 0.00892131 0.00819884 
0.00895274 0.00988827 0.0150758 0.0104428 0.0138807 0.0327091 0.0826771 0.0657506 0.00914145 0.0076874 0.00586871 0.00377608 0.00372986 0.00369839 0.0036913 0 0.003939 0.0340988 0.0525433 0.023215 0.0906006 0.0256108 0.0151149 0.0188634 0.0354873 0.015054 0.0247765 0.0348458 0.0247383 0.0102766 0.00988457 0.0321551 0.015213 0.0268333 0.0183285 0.0192246 0.00942368 0.00904839 0.00908436 0.0107884 0.010987 0.0161695 0.00906617 0.00983056 0.0196694 0.0129888 0.0205006 0.0149105 0.00916195 0.00860244 0.00866863 0.00968285 0.0116177 0.00984695 0.0110221 0.009864 0.00903111 0.00870896 0.00859134 0.00866342 0.00973435 0.0108736 0.0129138 0.0104038 0.0104683 0.0099107 0.00944424 0.00854024 0.00856262 0.0090924 0.00853809 0.00848346 0.008048 
0.0119715 0.0142067 0.00972984 0.0167584 0.0202562 0.0170997 0.0753026 0.00849702 0.00928991 0.00788987 0.00733054 0.00519569 0.0037538 0.00373033 0.00372927 0.003939 0 0.036514 0.0123854 0.0147534 0.0276432 0.0766375 0.0192436 0.0186946 0.0106175 0.0117369 0.0106142 0.0269633 0.0307454 0.0223269 0.0211618 0.0103745 0.0121352 0.0109567 0.0110049 0.0106872 0.0122112 0.0115784 0.00941871 0.00913675 0.00931598 0.00930204 0.0115701 0.0196472 0.0091721 0.0100498 0.00948117 0.0109795 0.00896633 0.00950548 0.0083521 0.0142635 0.00864988 0.0090661 0.00865105 0.00916965 0.00874708 0.00941435 0.00892175 0.00978021 0.00896141 0.00868319 0.00879303 0.00867117 0.00878172 0.00861026 0.00878681 0.00870497 0.0109072 0.00820938 0.00813902 0.00815264 0.00818237 
0.0104006 0.00968433 0.011106 0.0190763 0.0145052 0.0195362 0.0153085 0.0105826 0.0123753 0.014295 0.0140255 0.0335356 0.034041 0.0175454 0.0222157 0.0340988 0.036514 0 0.00385326 0.00367157 0.00383386 0.00415557 0.00523593 0.00629308 0.00652692 0.0148074 0.0682723 0.0208137 0.0240229 0.0170824 0.0139821 0.0134665 0.0114592 0.011145 0.015239 0.0211992 0.0235912 0.0097824 0.0102318 0.00941805 0.00983388 0.0112289 0.0161999 0.0153125 0.0107004 0.0108882 0.0111398 0.0162794 0.0150902 0.00890305 0.0121701 0.0104375 0.00905177 0.00949287 0.00944811 0.00955658 0.0120349 0.0091959 0.0109485 0.008768 0.00900603 0.00947487 0.0095286 0.00925889 0.00965025 0.00901932 0.0094537 0.0126737 0.00879372 0.00864108 0.00839341 0.00877169 0.0152141 
0.0083191 0.00913206 0.00955211 0.00981158 0.012304 0.0109429 0.013378 0.0163436 0.0159106 0.0104248 0.00861948 0.0107941 0.0514862 0.0281041 0.0487434 0.0525433 0.0123854 0.00385326 0 0.00375402 0.00369574 0.00371341 0.00426273 0.00416099 0.0221866 0.0235175 0.02066 0.0124522 0.0105419 0.00787985 0.0089651 0.0196093 0.0119041 0.0257779 0.0164376 0.0186187 0.0094765 0.00886377 0.00991582 0.0147674 0.010536 0.0183144 0.0100575 0.00976542 0.0173361 0.0152974 0.0281267 0.0194647 0.00997388 0.00900853 0.0089278 0.00931841 0.0119703 0.0120512 0.0152148 0.0119005 0.00953462 0.0087499 0.00861411 0.0084815 0.00985603 0.0131603 0.0131358 0.0119159 0.0117048 0.0110995 0.013849 0.00915485 0.00837269 0.0090381 0.00852519 0.0114113 0.00824051 
0.00819103 0.008726 0.00885632 0.00997608 0.0102545 0.00956977 0.0121188 0.0162533 0.0185049 0.0100199 0.0083705 0.00988077 0.0128553 0.0955153 0.0737601 0.023215 0.0147534 0.00367157 0.00375402 0 0.00369528 0.00369266 0.00445587 0.0122817 0.0225736 0.015148 0.0135188 0.00759056 0.00929515 0.00759404 0.00914817 0.0104881 0.0411186 0.0165052 0.0295884 0.0119374 0.00889044 0.00867109 0.0104546 0.0128441 0.0448522 0.0117639 0.00995494 0.0105729 0.0131126 0.0611008 0.0313976 0.0218574 0.00957348 0.00853223 0.00862939 0.00979532 0.010828 0.0322246 0.022771 0.0128714 0.00907708 0.0084726 0.00886096 0.00850963 0.0112576 0.0169805 0.0222348 0.0180003 0.015866 0.0133084 0.0120394 0.00883103 0.0087209 0.00851125 0.012448 0.00878217 0.00825553 
0.00837477 0.00869511 0.0107491 0.00981132 0.0110172 0.0127438 0.0118033 0.0186383 0.0174788 0.0109234 0.00876338 0.00963468 0.0252498 0.0262508 0.0672948 0.0906006 0.0276432 0.00383386 0.00369574 0.00369528 0 0.00374406 0.00545577 0.0240107 0.0103879 0.00970969 0.00793424 0.00817815 0.0090262 0.00764065 0.00874059 0.0238858 0.0130607 0.0347922 0.0150512 0.0236389 0.00949249 0.00885289 0.00950028 0.0152934 0.0106075 0.0613729 0.00964147 0.0100293 0.0283696 0.0180852 0.0325611 0.0247951 0.0121613 0.00879384 0.00906908 0.00968353 0.0151608 0.0123657 0.0166257 0.0125463 0.00967188 0.00887427 0.00915021 0.00873738 0.0102021 0.0137943 0.0154973 0.0118184 0.0139855 0.0111629 0.012215 0.00962604 0.00825423 0.0105133 0.00852763 0.00896316 0.00816223 
0.00934158 0.0103515 0.00910369 0.0214185 0.0131271 0.0129241 0.0202067 0.0096302 0.0129428 0.0105612 0.0114828 0.0148368 0.0119099 0.0127796 0.0162492 0.0256108 0.0766375 0.00415557 0.00371341 0.00369266 0.00374406 0 0.0468459 0.00685345 0.00597897 0.00430494 0.00404009 0.00622729 0.00746439 0.0105489 0.01343 0.00943088 0.0108953 0.0100822 0.0126348 0.0176171 0.0144479 0.0114812 0.00948282 0.00918682 0.0105542 0.00993112 0.0364837 0.0171167 0.0104766 0.012964 0.0105511 0.0188047 0.0106265 0.0102557 0.00923943 0.0144941 0.00951999 0.0105867 0.00915501 0.0101381 0.00992018 0.00970365 0.0100776 0.00985202 0.00906052 0.00937344 0.00940317 0.00936206 0.00908474 0.00897301 0.0112352 0.00960736 0.0129445 0.00837181 0.00829447 0.00828698 0.00831505 
0.0101097 0.00867676 0.013929 0.0128421 0.0121887 0.0190938 0.014707 0.0138561 0.0113895 0.0257037 0.0150615 0.0166194 0.0123731 0.0110869 0.0112177 0.0151149 0.0192436 0.00523593 0.00426273 0.00445587 0.00545577 0.0468459 0 0.00378193 0.00390316 0.00369893 0.00378688 0.00372198 0.00838305 0.0158733 0.00918257 0.0200299 0.00946371 0.0136158 0.0123067 0.025215 0.0555167 0.0134449 0.00937861 0.0133132 0.00908696 0.0196357 0.0116805 0.0182372 0.0152132 0.0101101 0.0193023 0.0117183 0.0681682 0.00884263 0.0124404 0.010544 0.0108089 0.0090805 0.011419 0.0088142 0.0170734 0.010087 0.010907 0.00980925 0.00875711 0.0101969 0.0100403 0.0104149 0.0100294 0.0105717 0.00926243 0.0145108 0.00841102 0.0103665 0.00831373 0.0093504 0.0104248 
0.00858556 0.0116962 0.00873856 0.0114733 0.0139035 0.0110752 0.0139471 0.0118054 0.050877 0.00926356 0.00970009 0.0122948 0.018963 0.0216827 0.0247548 0.0188634 0.0186946 0.00629308 0.00416099 0.0122817 0.0240107 0.00685345 0.00378193 0 0.00369367 0.00369748 0.00370508 0.00398003 0.00390575 0.00881961 0.0119711 0.00919729 0.0174234 0.0141192 0.0243379 0.0494776 0.0155878 0.00907696 0.0172301 0.00993783 0.0262822 0.0109354 0.018248 0.0151826 0.012797 0.0481806 0.0136186 0.146438 0.00962949 0.0106841 0.00904032 0.0111521 0.0100085 0.0264296 0.0105862 0.0316546 0.00991995 0.00910768 0.0103834 0.00846215 0.0157891 0.0128873 0.0162553 0.0163122 0.0147935 0.0115385 0.0184234 0.00916203 0.0109541 0.00845821 0.0105047 0.00947504 0.00838413 
0.00859802 0.00853315 0.0117558 0.00958497 0.0123907 0.0114123 0.0119244 0.052284 0.0106383 0.0227131 0.00909591 0.0116595 0.0206065 0.034003 0.0306939 0.0354873 0.0106175 0.00652692 0.0221866 0.0225736 0.0103879 0.00597897 0.00390316 0.00369367 0 0.00369857 0.00373042 0.00372858 0.00382982 0.00675268 0.00764478 0.0319204 0.0129818 0.036085 0.0428967 0.0382914 0.0199643 0.0105914 0.00917218 0.0590044 0.0105363 0.0566841 0.00922861 0.0131737 0.0524927 0.017407 0.302963 0.0132773 0.0130256 0.00869494 0.00901708 0.010859 0.0300985 0.0137503 0.081621 0.00993339 0.0106942 0.0103771 0.00895819 0.010742 0.0111092 0.0475601 0.0381892 0.0256264 0.0303523 0.0393171 0.0119724 0.011378 0.008534 0.0177923 0.00932585 0.00999457 0.00866154 
0.0082562 0.00924435 0.00900404 0.0101533 0.0110155 0.00954567 0.0172022 0.0129476 0.0296185 0.00989644 0.00887286 0.0104045 0.02028 0.0468366 0.0463366 0.015054 0.0117369 0.0148074 0.0235175 0.015148 0.00970969 0.00430494 0.00369893 0.00369748 0.00369857 0 0.00369324 0.00375735 0.00373513 0.00845494 0.0104994 0.00889918 0.0397479 0.0230571 0.036264 0.0382546 0.00909027 0.00882136 0.0188047 0.0101371 0.0893447 0.0101296 0.0142486 0.0146673 0.0182149 0.326239 0.0222003 0.0494691 0.0097027 0.00923946 0.00882043 0.0129889 0.0106851 0.115074 0.0146288 0.0191766 0.00940105 0.0088365 0.00974554 0.00871495 0.0189077 0.0212907 0.036995 0.0496124 0.0430505 0.0147405 0.0178228 0.00929542 0.0111948 0.0087207 0.0140727 0.00933055 0.0083657 
0.00825937 0.00854155 0.00995329 0.00967941 0.0119214 0.0112711 0.012693 0.0276478 0.012668 0.0174031 0.00850614 0.0106753 0.0185501 0.0360915 0.0330822 0.0247765 0.0106142 0.0682723 0.02066 0.0135188 0.00793424 0.00404009 0.00378688 0.00370508 0.00373042 0.00369324 0 0.00372314 0.00372121 0.00524484 0.0103688 0.0545029 0.0272117 0.0392012 0.0530888 0.0163655 0.00850297 0.0100485 0.00921858 0.0578649 0.0127368 0.0408924 0.00942655 0.0112586 0.138783 0.0305278 0.157802 0.0171282 0.0129156 0.00861381 0.00904295 0.0101509 0.0451641 0.0178944 0.0605348 0.0108389 0.00996085 0.00928994 0.00894962 0.0098183 0.0112009 0.041729 0.0592544 0.0449942 0.0257832 0.0355181 0.0120086 0.00975008 0.00854433 0.0147098 0.00982254 0.00989027 0.00855061 
0.00838735 0.00949884 0.00940666 0.0103364 0.0117294 0.0140867 0.0128614 0.0149734 0.040954 0.0101132 0.00934698 0.0110471 0.0216373 0.0229414 0.0312976 0.0348458 0.0269633 0.0208137 0.0124522 0.00759056 0.00817815 0.00622729 0.00372198 0.00398003 0.00372858 0.00375735 0.00372314 0 0.00372091 0.0121262 0.0140826 0.0642053 0.0274129 0.0260496 0.0285549 0.0173477 0.00841995 0.00919101 0.0204263 0.0103374 0.0311767 0.0169741 0.0254098 0.0897567 0.0169821 0.0427784 0.0236567 0.100481 0.0138111 0.0106641 0.00946706 0.0182028 0.0133631 0.0318564 0.0138402 0.0278739 0.00971681 0.00934787 0.0119454 0.00871154 0.0136983 0.0380022 0.0379796 0.0191986 0.0210268 0.0138256 0.0266991 0.0101639 0.0101816 0.00907125 0.0103379 0.00983583 0.00842131 
0.0094851 0.00910543 0.0103228 0.0118426 0.0130914 0.0161115 0.0186378 0.0110741 0.0124777 0.0153833 0.0113163 0.0147892 0.0107925 0.0130822 0.0132982 0.0247383 0.0307454 0.0240229 0.0105419 0.00929515 0.0090262 0.00746439 0.00838305 0.00390575 0.00382982 0.00373513 0.00372121 0.00372091 0 0.0232356 0.0320587 0.0357655 0.0186629 0.0238368 0.0170424 0.0218127 0.0113514 0.0175532 0.00900525 0.011304 0.00921828 0.0245321 0.0203134 0.017061 0.0145191 0.0124729 0.0165136 0.0167093 0.0224988 0.0111755 0.0120506 0.015976 0.0140358 0.0101894 0.0111745 0.0107981 0.0130697 0.0116139 0.0102726 0.0130049 0.0103028 0.0120592 0.0120025 0.0120481 0.0106716 0.011203 0.011546 0.014017 0.0114013 0.00924447 0.00852898 0.00877246 0.00932682 
0.0115571 0.0120235 0.0086419 0.0270259 0.0129326 0.0122854 0.0116036 0.00872213 0.0117129 0.0100241 0.0265333 0.0147718 0.00968764 0.00966937 0.00964144 0.0102766 0.0223269 0.0170824 0.00787985 0.00759404 0.00764065 0.0105489 0.0158733 0.00881961 0.00675268 0.00845494 0.00524484 0.0121262 0.0232356 0 0.0188898 0.0043997 0.00392551 0.0038068 0.0038789 0.00442387 0.00738399 0.0150916 0.0105257 0.00831068 0.0103779 0.00932275 0.0190189 0.0255032 0.00962581 0.0101298 0.00943934 0.0130626 0.011416 0.0169463 0.0142928 0.0152945 0.00863751 0.00882487 0.00857275 0.00903573 0.011735 0.0122296 0.0151609 0.0104659 0.00897767 0.00841272 0.008495 0.00870042 0.00848379 0.00848497 0.0086626 0.0120364 0.0137795 0.00812128 0.00817732 0.00822305 0.0100451 
0.00852027 0.0104647 0.00880971 0.0131574 0.0108995 0.0105542 0.0121277 0.00991943 0.0151541 0.0102269 0.0110751 0.0149848 0.00987245 0.0116906 0.011129 0.00988457 0.0211618 0.0139821 0.0089651 0.00914817 0.00874059 0.01343 0.00918257 0.0119711 0.00764478 0.0104994 0.0103688 0.0140826 0.0320587 0.0188898 0 0.00408701 0.00370318 0.00373438 0.00375522 0.00452861 0.00444378 0.0166455 0.0187531 0.00883525 0.0138295 0.00934965 0.233104 0.0210008 0.0106413 0.0169483 0.0104301 0.0174846 0.0114119 0.0102967 0.0117124 0.0126555 0.0089086 0.0129721 0.0091685 0.010663 0.0110221 0.00895784 0.0166644 0.00912928 0.0109112 0.0107932 0.010292 0.0126284 0.0102278 0.00970039 0.01055 0.0100172 0.0117399 0.0082534 0.0109459 0.00899125 0.00915875 
0.00886954 0.00893098 0.0114255 0.00995495 0.0132965 0.0119687 0.0140206 0.0346365 0.0113775 0.0146184 0.00948479 0.0155749 0.0403637 0.0215414 0.0169996 0.0321551 0.0103745 0.0134665 0.0196093 0.0104881 0.0238858 0.00943088 0.0200299 0.00919729 0.0319204 0.00889918 0.0545029 0.0642053 0.0357655 0.0043997 0.00408701 0 0.00371651 0.0037189 0.00375417 0.0038844 0.00406032 0.0390246 0.020925 0.0466812 0.00989814 0.344655 0.010481 0.0169124 0.0624554 0.0148717 0.0552947 0.0167319 0.0128394 0.011025 0.0110243 0.0127012 0.0411734 0.0120577 0.0258796 0.0113163 0.0114316 0.0173016 0.0102289 0.0149844 0.0151101 0.0253473 0.0247591 0.0187774 0.0195748 0.0199369 0.0120563 0.0105872 0.00953883 0.0192057 0.00913033 0.0120155 0.0101304 
0.00823719 0.00910532 0.00913418 0.00979127 0.0108579 0.0103797 0.0137826 0.01665 0.0287016 0.0111776 0.0089708 0.0112911 0.0282409 0.0459454 0.0624711 0.015213 0.0121352 0.0114592 0.0119041 0.0411186 0.0130607 0.0108953 0.00946371 0.0174234 0.0129818 0.0397479 0.0272117 0.0274129 0.0186629 0.00392551 0.00370318 0.00371651 0 0.00373494 0.00370857 0.00375313 0.00377896 0.0161912 0.0593815 0.0129817 0.483116 0.0119989 0.0124683 0.0154947 0.0245309 0.0925898 0.0515412 0.0403539 0.0109129 0.00959356 0.00957101 0.0140513 0.015069 0.0819037 0.0262459 0.0281196 0.00982579 0.00936096 0.0114988 0.00947475 0.023472 0.0439796 0.0598309 0.0663693 0.0413175 0.0285202 0.021186 0.0102353 0.0119161 0.0101537 0.0215673 0.0104257 0.0088468 
0.00830456 0.00859206 0.00953016 0.00952094 0.0121882 0.0104499 0.0127563 0.021518 0.0171462 0.0137052 0.00871637 0.0110538 0.0220061 0.0677346 0.0462727 0.0268333 0.0109567 0.011145 0.0257779 0.0165052 0.0347922 0.0100822 0.0136158 0.0141192 0.036085 0.0230571 0.0392012 0.0260496 0.0238368 0.0038068 0.00373438 0.0037189 0.00373494 0 0.00370965 0.00373798 0.00374488 0.0165568 0.0144277 0.567502 0.018859 0.0352817 0.0108334 0.0131284 0.0307813 0.0558051 0.0986152 0.0285708 0.012404 0.00912891 0.00926569 0.012052 0.0264398 0.0314284 0.08631 0.0169365 0.0105282 0.0097912 0.0104901 0.00991843 0.0168711 0.0545062 0.0767951 0.0562055 0.0438485 0.0505141 0.0201182 0.0110213 0.00981206 0.0151255 0.0153918 0.0123479 0.00882675 
0.00829166 0.00877633 0.00944016 0.00925838 0.010624 0.00994106 0.012292 0.0160206 0.0213423 0.0113413 0.00848557 0.0102905 0.0275147 0.0514791 0.0591485 0.0183285 0.0110049 0.015239 0.0164376 0.0295884 0.0150512 0.0126348 0.0123067 0.0243379 0.0428967 0.036264 0.0530888 0.0285549 0.0170424 0.0038789 0.00375522 0.00375417 0.00370857 0.00370965 0 0.00377045 0.00377903 0.0105631 0.457336 0.0139443 0.109057 0.0180357 0.0137489 0.0175532 0.0252432 0.0648851 0.0559714 0.0405468 0.011487 0.0093404 0.00943877 0.0138789 0.0184729 0.0608581 0.0299291 0.0199892 0.00980077 0.00954279 0.0109896 0.00930654 0.0191466 0.0436599 0.0569535 0.0473445 0.0389419 0.0325589 0.0240444 0.0104036 0.0100787 0.0110002 0.0157568 0.0098151 0.00866023 
0.00840487 0.00888718 0.00921565 0.00924762 0.0106299 0.011805 0.0124698 0.0133905 0.0135912 0.00940798 0.00862853 0.0127069 0.0159506 0.0166128 0.0155327 0.0192246 0.0106872 0.0211992 0.0186187 0.0119374 0.0236389 0.0176171 0.025215 0.0494776 0.0382914 0.0382546 0.0163655 0.0173477 0.0218127 0.00442387 0.00452861 0.0038844 0.00375313 0.00373798 0.00377045 0 0.00374053 0.381955 0.0202875 0.027945 0.0155699 0.0544945 0.0161302 0.0156752 0.0232874 0.0178578 0.0237907 0.0395851 0.0124671 0.0114964 0.0115677 0.0141662 0.0247526 0.0134036 0.0151729 0.0132693 0.010518 0.0106112 0.0126045 0.010935 0.0121621 0.0169845 0.0166425 0.016837 0.0159872 0.01389 0.0151693 0.00991837 0.011943 0.0110433 0.00939712 0.0095709 0.00864306 
0.00928735 0.00879651 0.00858654 0.00960101 0.0110037 0.00919307 0.0175985 0.00928892 0.00883073 0.00955168 0.0107428 0.0149255 0.0101679 0.00932579 0.00992047 0.00942368 0.0122112 0.0235912 0.0094765 0.00889044 0.00949249 0.0144479 0.0555167 0.0155878 0.0199643 0.00909027 0.00850297 0.00841995 0.0113514 0.00738399 0.00444378 0.00406032 0.00377896 0.00374488 0.00377903 0.00374053 0 0.0211417 0.0105611 0.00932374 0.00889708 0.0143333 0.0185926 0.0165624 0.011572 0.0112201 0.00955691 0.0110156 0.0107562 0.0156101 0.00956643 0.0259614 0.00965537 0.00947339 0.00943427 0.00929241 0.00931685 0.0135504 0.00969469 0.0152884 0.0102531 0.00947778 0.00980479 0.00938122 0.00933595 0.00921437 0.00888962 0.00998653 0.0148698 0.00909342 0.00834168 0.0084099 0.00842778 
0.0083829 0.00811299 0.00854147 0.00989647 0.00847158 0.00907999 0.00880169 0.00849825 0.008997 0.00929904 0.00999829 0.0090965 0.00834742 0.00867439 0.00854596 0.00904839 0.0115784 0.0097824 0.00886377 0.00867109 0.00885289 0.0114812 0.0134449 0.00907696 0.0105914 0.00882136 0.0100485 0.00919101 0.0175532 0.0150916 0.0166455 0.0390246 0.0161912 0.0165568 0.0105631 0.381955 0.0211417 0 0.00461967 0.00370808 0.00378648 0.00395825 0.00497143 0.00619134 0.00645754 0.00703475 0.00779113 0.0117513 0.044383 0.0100782 0.0144195 0.0111473 0.00902429 0.00871391 0.00930734 0.00906375 0.0211074 0.0106106 0.0122001 0.010276 0.00891066 0.00918403 0.00892419 0.00923043 0.00926294 0.00880798 0.0108411 0.0134424 0.00908255 0.00878233 0.00837605 0.00869699 0.0112082 
0.00808092 0.00850143 0.00807284 0.00895251 0.00866752 0.00828662 0.00890893 0.00854768 0.0095614 0.00836205 0.00850047 0.00872684 0.00906654 0.00959608 0.00997562 0.00908436 0.00941871 0.0102318 0.00991582 0.0104546 0.00950028 0.00948282 0.00937861 0.0172301 0.00917218 0.0188047 0.00921858 0.0204263 0.00900525 0.0105257 0.0187531 0.020925 0.0593815 0.0144277 0.457336 0.0202875 0.0105611 0.00461967 0 0.00371234 0.00372871 0.00386365 0.00405995 0.00602095 0.00661695 0.00829917 0.00880171 0.0689407 0.00832851 0.0105994 0.00922496 0.0106446 0.00966619 0.0127882 0.0092955 0.0195021 0.00949281 0.0111649 0.00930308 0.00930003 0.0130468 0.00999189 0.0134332 0.0121197 0.0114595 0.00982011 0.0104638 0.00937841 0.00979667 0.00859912 0.00955914 0.00860835 0.00890513 
0.00807775 0.00801227 0.00870892 0.00858318 0.00875689 0.00886256 0.00915397 0.0115154 0.00888637 0.0114003 0.00818332 0.00876646 0.0110283 0.0168549 0.0159467 0.0107884 0.00913675 0.00941805 0.0147674 0.0128441 0.0152934 0.00918682 0.0133132 0.00993783 0.0590044 0.0101371 0.0578649 0.0103374 0.011304 0.00831068 0.00883525 0.0466812 0.0129817 0.567502 0.0139443 0.027945 0.00932374 0.00370808 0.00371234 0 0.00369254 0.0037982 0.00370852 0.00487519 0.00792344 0.00875512 0.054734 0.00993008 0.00679341 0.00837232 0.00905488 0.00927191 0.0185211 0.0106637 0.0615778 0.00953845 0.0107003 0.0107582 0.00900352 0.010549 0.0105793 0.0306695 0.0313655 0.0194206 0.0231439 0.0241503 0.0104943 0.00993332 0.00886353 0.018545 0.00969526 0.0123959 0.00872605 
0.00806435 0.00847509 0.00817497 0.0091209 0.00880949 0.00839325 0.0099041 0.00926648 0.0145467 0.00900642 0.00813319 0.00862657 0.0123799 0.0226351 0.024308 0.010987 0.00931598 0.00983388 0.010536 0.0448522 0.0106075 0.0105542 0.00908696 0.0262822 0.0105363 0.0893447 0.0127368 0.0311767 0.00921828 0.0103779 0.0138295 0.00989814 0.483116 0.018859 0.109057 0.0155699 0.00889708 0.00378648 0.00372871 0.00369254 0 0.0037027 0.00372557 0.00778842 0.00698832 0.0535327 0.015435 0.0109747 0.00615338 0.00876697 0.00863034 0.0114913 0.009713 0.0859116 0.0134776 0.0182796 0.00941865 0.00911524 0.00976501 0.00890291 0.0187879 0.0232175 0.0335039 0.0399382 0.0251233 0.0174128 0.0197589 0.00936887 0.0117477 0.00878044 0.0365149 0.00916194 0.00853381 
0.00814706 0.00830654 0.00971027 0.00849907 0.00897633 0.00944467 0.00972596 0.012599 0.00938554 0.0107443 0.00826805 0.00908729 0.0125815 0.0139203 0.0133444 0.0161695 0.00930204 0.0112289 0.0183144 0.0117639 0.0613729 0.00993112 0.0196357 0.0109354 0.0566841 0.0101296 0.0408924 0.0169741 0.0245321 0.00932275 0.00934965 0.344655 0.0119989 0.0352817 0.0180357 0.0544945 0.0143333 0.00395825 0.00386365 0.0037982 0.0037027 0 0.00369373 0.00580689 0.060929 0.0117329 0.0117348 0.00936534 0.00734997 0.00862184 0.0101647 0.010053 0.0489418 0.0103323 0.0293168 0.0113614 0.0131497 0.0116144 0.0100089 0.0121472 0.0115561 0.0313099 0.0279498 0.0152413 0.0206351 0.0203067 0.016161 0.0118124 0.00941292 0.0332145 0.00911408 0.0118585 0.00918341 
0.00828987 0.00901205 0.00815757 0.0098607 0.00974048 0.00896451 0.0112617 0.00873548 0.00980365 0.00841096 0.00873296 0.0107583 0.0091115 0.00953632 0.00971162 0.00906617 0.0115701 0.0161999 0.0100575 0.00995494 0.00964147 0.0364837 0.0116805 0.018248 0.00922861 0.0142486 0.00942655 0.0254098 0.0203134 0.0190189 0.233104 0.010481 0.0124683 0.0108334 0.0137489 0.0161302 0.0185926 0.00497143 0.00405995 0.00370852 0.00372557 0.00369373 0 0.0520695 0.0125284 0.00545714 0.00542713 0.00809869 0.00626187 0.0113565 0.0137709 0.0255529 0.00957826 0.0137579 0.00950216 0.0133553 0.0109114 0.0110356 0.0144061 0.0117319 0.0109496 0.0103837 0.0112246 0.0116408 0.0102887 0.00991696 0.0145132 0.0126089 0.0224917 0.0087668 0.00921995 0.0092484 0.00895824 
0.00861707 0.00894825 0.00941975 0.0123816 0.0100376 0.0103793 0.0101139 0.00906055 0.0103761 0.0100702 0.0104032 0.0107569 0.00955398 0.0102174 0.0101599 0.00983056 0.0196472 0.0153125 0.00976542 0.0105729 0.0100293 0.0171167 0.0182372 0.0151826 0.0131737 0.0146673 0.0112586 0.0897567 0.017061 0.0255032 0.0210008 0.0169124 0.0154947 0.0131284 0.0175532 0.0156752 0.0165624 0.00619134 0.00602095 0.00487519 0.00778842 0.00580689 0.0520695 0 0.00372233 0.00371078 0.00365012 0.00384312 0.0040559 0.0129897 0.0162957 0.0277564 0.0119283 0.0123513 0.0105184 0.0137838 0.0200746 0.0139157 0.0235981 0.0159936 0.0154081 0.0129919 0.0127337 0.0144353 0.0131212 0.0131245 0.0129863 0.0190363 0.0191314 0.00991701 0.0103546 0.00944551 0.0215257 
0.00810187 0.00820564 0.00896331 0.00901083 0.00983984 0.00935666 0.00993795 0.0121644 0.00967559 0.0102981 0.00840839 0.008934 0.0144358 0.017307 0.018591 0.0196694 0.0091721 0.0107004 0.0173361 0.0131126 0.0283696 0.0104766 0.0152132 0.012797 0.0524927 0.0182149 0.138783 0.0169821 0.0145191 0.00962581 0.0106413 0.0624554 0.0245309 0.0307813 0.0252432 0.0232874 0.011572 0.00645754 0.00661695 0.00792344 0.00698832 0.060929 0.0125284 0.00372233 0 0.00370914 0.00370893 0.00377185 0.00370573 0.0087466 0.0120805 0.018108 0.0377667 0.0136462 0.0335411 0.0169858 0.013384 0.0187746 0.0119523 0.0141687 0.0195122 0.0341114 0.0389818 0.0419759 0.0327489 0.0243211 0.0192778 0.0157806 0.00989054 0.0239347 0.0103367 0.0376907 0.00974898 
0.00810617 0.00851187 0.00833479 0.0100431 0.00914234 0.00904738 0.0108863 0.0124513 0.0185276 0.00953965 0.00819893 0.00918621 0.0165414 0.0491257 0.0489274 0.0129888 0.0100498 0.0108882 0.0152974 0.0611008 0.0180852 0.012964 0.0101101 0.0481806 0.017407 0.326239 0.0305278 0.0427784 0.0124729 0.0101298 0.0169483 0.0148717 0.0925898 0.0558051 0.0648851 0.0178578 0.0112201 0.00703475 0.00829917 0.00875512 0.0535327 0.0117329 0.00545714 0.00371078 0.00370914 0 0.00371003 0.00372595 0.00370986 0.00733636 0.0158742 0.0221717 0.0120627 0.0825966 0.026096 0.023821 0.0105751 0.00957454 0.0129528 0.00984725 0.0316003 0.0459753 0.0962698 0.08986 0.0518583 0.0437463 0.0357957 0.0125203 0.0154725 0.00972912 0.0903885 0.012346 0.00903899 
0.00821624 0.0083903 0.00886717 0.00902202 0.00947702 0.00986366 0.0107346 0.0189769 0.0105738 0.0123147 0.00827185 0.00957642 0.0224468 0.0551521 0.0373021 0.0205006 0.00948117 0.0111398 0.0281267 0.0313976 0.0325611 0.0105511 0.0193023 0.0136186 0.302963 0.0222003 0.157802 0.0236567 0.0165136 0.00943934 0.0104301 0.0552947 0.0515412 0.0986152 0.0559714 0.0237907 0.00955691 0.00779113 0.00880171 0.054734 0.015435 0.0117348 0.00542713 0.00365012 0.00370893 0.00371003 0 0.00375492 0.00398438 0.00693858 0.0182139 0.0171073 0.0601883 0.0250861 0.0875735 0.0161954 0.0114534 0.0126499 0.0111081 0.0140005 0.0197729 0.140474 0.0988513 0.0694419 0.0787648 0.0789923 0.0218401 0.0144546 0.0105983 0.0736641 0.0145455 0.0153217 0.00935632 
0.00827895 0.00902696 0.00891756 0.00910972 0.010381 0.0105284 0.0115313 0.011286 0.0155281 0.00934907 0.00831815 0.00977191 0.0191884 0.0231014 0.0221493 0.0149105 0.0109795 0.0162794 0.0194647 0.0218574 0.0247951 0.0188047 0.0117183 0.146438 0.0132773 0.0494691 0.0171282 0.100481 0.0167093 0.0130626 0.0174846 0.0167319 0.0403539 0.0285708 0.0405468 0.0395851 0.0110156 0.0117513 0.0689407 0.00993008 0.0109747 0.00936534 0.00809869 0.00384312 0.00377185 0.00372595 0.00375492 0 0.00374124 0.0147239 0.0342339 0.023426 0.0205245 0.0375501 0.0188727 0.047115 0.0122158 0.0126237 0.0223876 0.0113358 0.0311363 0.029971 0.0363938 0.0419057 0.0342729 0.0220974 0.0628742 0.0142889 0.0440859 0.0118803 0.0198069 0.0152336 0.00962798 
0.00842522 0.00823896 0.00821401 0.00891339 0.00905359 0.00860788 0.0108582 0.00895352 0.00855201 0.00968714 0.00835108 0.0107906 0.00910886 0.00954152 0.00985271 0.00916195 0.00896633 0.0150902 0.00997388 0.00957348 0.0121613 0.0106265 0.0681682 0.00962949 0.0130256 0.0097027 0.0129156 0.0138111 0.0224988 0.011416 0.0114119 0.0128394 0.0109129 0.012404 0.011487 0.0124671 0.0107562 0.044383 0.00832851 0.00679341 0.00615338 0.00734997 0.00626187 0.0040559 0.00370573 0.00370986 0.00398438 0.00374124 0 0.0272287 0.0125746 0.022033 0.0146911 0.011249 0.0165393 0.0121456 0.0135257 0.0156372 0.0113761 0.018147 0.0103235 0.0145291 0.0128279 0.0119192 0.011261 0.0123232 0.0130561 0.0155783 0.0142843 0.0117889 0.00897493 0.00966404 0.00895045 
0.00850219 0.00828357 0.00824184 0.00954188 0.00860733 0.00918708 0.00846186 0.00818691 0.0086344 0.00835851 0.0090307 0.00844768 0.00817302 0.00838139 0.00827138 0.00860244 0.00950548 0.00890305 0.00900853 0.00853223 0.00879384 0.0102557 0.00884263 0.0106841 0.00869494 0.00923946 0.00861381 0.0106641 0.0111755 0.0169463 0.0102967 0.011025 0.00959356 0.00912891 0.0093404 0.0114964 0.0156101 0.0100782 0.0105994 0.00837232 0.00876697 0.00862184 0.0113565 0.0129897 0.0087466 0.00733636 0.00693858 0.0147239 0.0272287 0 0.00910427 0.0134729 0.0269855 0.014639 0.00815798 0.00830087 0.0127893 0.0130964 0.0266773 0.0107365 0.0124134 0.00937804 0.0093631 0.00938542 0.0100435 0.00915824 0.0109315 0.0180362 0.0129425 0.00982204 0.00926952 0.00925788 0.0128982 
0.008484 0.00837035 0.00825118 0.00874889 0.00984042 0.00837558 0.00958971 0.00859364 0.00825631 0.00830133 0.00855104 0.00933862 0.00856194 0.00861706 0.00877333 0.00866863 0.0083521 0.0121701 0.0089278 0.00862939 0.00906908 0.00923943 0.0124404 0.00904032 0.00901708 0.00882043 0.00904295 0.00946706 0.0120506 0.0142928 0.0117124 0.0110243 0.00957101 0.00926569 0.00943877 0.0115677 0.00956643 0.0144195 0.00922496 0.00905488 0.00863034 0.0101647 0.0137709 0.0162957 0.0120805 0.0158742 0.0182139 0.0342339 0.0125746 0.00910427 0 0.0826099 0.0171177 0.0148343 0.00820139 0.0108241 0.00975348 0.0263252 0.0130313 0.0157789 0.0104441 0.00993385 0.00961398 0.00985662 0.00938385 0.00938152 0.0115168 0.0119898 0.0172864 0.0104337 0.00865821 0.00954263 0.00952209 
