1NFJA
EHVVYVGNKPVMNYVLATLTQLNEGADEVVIKARGRAISRAVDVAEIVRNRFMPGVKVKEIKIDTEELESEQGRRSNVSTIEIVLAK
CEEEECCCCCHHHHHHHHHHHHHCCCCEEEEEEECCHHHHHHHHHHHHHHHCCCCCEEEEEEEEEEECCCECCECCEEEEEEEEEEC
0 0 0 0 0 0 0 0 0 0 0 0 0 0 0 0 0 0 0 0 0 0 0 0 0 0 0 0 0 0 0 0 0 0 0 0 0 0 0 0 0 0 0 0 0 0 0 0 0 0 0 0 0 0 0 0 0 0 0 0 0 0 0 0 0 0 0 0 0 0 0 0 0 0 0 0 0 0 0 0 0 0 0 0 0 0 0 
0 0 0 0 0 0 0 0 0 0 0 0 0 0 0 0 0 0 0 0 0 0 0 0 0 0 0 0 0 0 0 0 0 0 0 0 0 0 0 0 0 0 0 0 0 0 0 0 0 0 0 0 0 0 0 0 0 0 0 0 0 0 0 0 0 0 0 0 0 0 0 0 0 0 0 0 0 0 0 0 0 0 0 0 0 0 0 
0 0.00389413 0.00392938 0.00640984 0.215471 0.106959 0.0204815 0.0320082 0.0193473 0.0128972 0.021616 0.0122746 0.0101048 0.00910826 0.00913192 0.0105703 0.00948258 0.00947625 0.00854247 0.00841335 0.00875002 0.0119829 0.00890045 0.0105848 0.00954854 0.00890733 0.00885685 0.00952467 0.0100976 0.00991626 0.0126319 0.0101752 0.0113948 0.0304995 
0.00389413 0 0.00398417 0.00382494 0.0642483 0.109397 0.120436 0.0227901 0.0265791 0.012106 0.00986624 0.0115538 0.00951356 0.00972854 0.0104158 0.00922024 0.0105222 0.00922323 0.00885888 0.00866899 0.00922438 0.00876601 0.00820585 0.00831673 0.00995151 0.00889355 0.0109182 0.00983343 0.00956846 0.0180395 0.0103559 0.0133719 0.0121229 0.0109887 
0.00392938 0.00398417 0 0.00384039 0.0137915 0.0500656 0.0304559 0.132763 0.0211801 0.0482083 0.00959438 0.00904271 0.0140725 0.00886104 0.00879763 0.0114967 0.00870699 0.0102669 0.00863247 0.00877538 0.00922076 0.00842959 0.00824405 0.00824895 0.0082461 0.0140271 0.00878516 0.00962343 0.0190268 0.00925122 0.023493 0.0114658 0.0197402 0.012973 
0.00640984 0.00382494 0.00384039 0 0.0311428 0.0136025 0.0329179 0.0212577 0.125996 0.0139493 0.0602919 0.0308873 0.00938069 0.00957031 0.0113257 0.00884011 0.0114548 0.0090261 0.00928816 0.00913058 0.0087293 0.0119514 0.0106795 0.0119163 0.0222278 0.00909129 0.0125712 0.012608 0.0091685 0.0225737 0.0102628 0.0170372 0.0144704 0.0156548 
0.215471 0.0642483 0.0137915 0.0311428 0 0.00426288 0.00372508 0.00372523 0.00403041 0.00381277 0.00597063 0.167399 0.0108658 0.0111058 0.0109878 0.00937067 0.0123047 0.00911403 0.00946736 0.00889038 0.00943366 0.0147168 0.0106963 0.0117146 0.0268891 0.00908306 0.012183 0.0106569 0.0100221 0.0183283 0.0108104 0.0178106 0.0117992 0.0479624 
0.106959 0.109397 0.0500656 0.0136025 0.00426288 0 0.00378118 0.00377544 0.00371738 0.00485422 0.00413042 0.0144516 0.182539 0.0103827 0.0114348 0.0210202 0.00914122 0.0197829 0.0091119 0.0101437 0.0127764 0.0105832 0.00937489 0.00935512 0.00990365 0.0433028 0.00998626 0.016418 0.0514032 0.0114307 0.108788 0.0133512 0.0575516 0.0252951 
0.0204815 0.120436 0.0304559 0.0329179 0.00372508 0.00378118 0 0.00373414 0.0037385 0.00372069 0.0038125 0.0389218 0.0111095 0.0398698 0.0212631 0.0095233 0.0439406 0.00949985 0.0147955 0.011026 0.00959695 0.0104454 0.0087699 0.00870976 0.0139566 0.00959256 0.0495235 0.0389967 0.0128598 0.171475 0.017816 0.218565 0.0212724 0.0342677 
0.0320082 0.0227901 0.132763 0.0212577 0.00372523 0.00377544 0.00373414 0 0.00371693 0.00373416 0.00374588 0.0131107 0.0414977 0.0144081 0.0217692 0.0319952 0.0095149 0.0291513 0.0104177 0.0121434 0.010214 0.009203 0.00871495 0.00873371 0.009701 0.0215262 0.0154748 0.0260093 0.0992618 0.0169663 0.291504 0.0329767 0.0486506 0.040847 
0.0193473 0.0265791 0.0211801 0.125996 0.00403041 0.00371738 0.0037385 0.00371693 0 0.00371451 0.0037404 0.0271848 0.010378 0.0203315 0.0257945 0.0107575 0.0374717 0.00994238 0.0147377 0.0108889 0.0110165 0.0104075 0.00865797 0.00863918 0.0146869 0.00910985 0.0330987 0.0301746 0.010722 0.196522 0.0143035 0.0823243 0.0214447 0.0287905 
0.0128972 0.012106 0.0482083 0.0139493 0.00381277 0.00485422 0.00372069 0.00373416 0.00371451 0 0.00383071 0.0101551 0.0392878 0.011055 0.0101241 0.0180955 0.00944081 0.014917 0.00909181 0.00986844 0.0120266 0.00968163 0.00904174 0.00895438 0.00886047 0.0322081 0.0100289 0.0105904 0.0703403 0.00956825 0.0345541 0.0114353 0.0300829 0.0171488 
0.021616 0.00986624 0.00959438 0.0602919 0.00597063 0.00413042 0.0038125 0.00374588 0.0037404 0.00383071 0 0.0363964 0.0099825 0.0111612 0.0113875 0.00914245 0.0114286 0.0105009 0.0103343 0.00874284 0.00922409 0.0132563 0.0112105 0.0127508 0.0238014 0.00927034 0.00931348 0.0158731 0.00909932 0.01204 0.00916643 0.0110892 0.00992691 0.0181308 
0.0122746 0.0115538 0.00904271 0.0308873 0.167399 0.0144516 0.0389218 0.0131107 0.0271848 0.0101551 0.0363964 0 0.00447414 0.00392314 0.0044211 0.00380196 0.00671507 0.00417706 0.00533448 0.00514682 0.00657602 0.024312 0.00952208 0.0134826 0.0206755 0.00827526 0.013663 0.0105258 0.00880542 0.0223044 0.00943415 0.0169551 0.0138491 0.222312 
0.0101048 0.00951356 0.0140725 0.00938069 0.0108658 0.182539 0.0111095 0.0414977 0.010378 0.0392878 0.0099825 0.00447414 0 0.00384168 0.00371709 0.00401476 0.003803 0.00431985 0.00384666 0.00429031 0.00655061 0.00581284 0.00663341 0.00766253 0.00811368 0.0173095 0.00816051 0.00963769 0.01927 0.00891086 0.0267568 0.00960856 0.130482 0.0874709 
0.00910826 0.00972854 0.00886104 0.00957031 0.0111058 0.0103827 0.0398698 0.0144081 0.0203315 0.011055 0.0111612 0.00392314 0.00384168 0 0.00408588 0.00380808 0.0039696 0.00383697 0.00408909 0.00435878 0.00519996 0.00468168 0.00600777 0.00683698 0.00863527 0.00811503 0.00933743 0.0105088 0.00935146 0.0122032 0.0106592 0.0489502 0.0643414 0.01157 
0.00913192 0.0104158 0.00879763 0.0113257 0.0109878 0.0114348 0.0212631 0.0217692 0.0257945 0.0101241 0.0113875 0.0044211 0.00371709 0.00408588 0 0.00371758 0.00375698 0.00390497 0.00397186 0.00555197 0.00416369 0.00426341 0.00568897 0.00682435 0.0089148 0.00818498 0.00979407 0.0091623 0.0100437 0.0192047 0.0205928 0.363639 0.0102253 0.0124337 
0.0105703 0.00922024 0.0114967 0.00884011 0.00937067 0.0210202 0.0095233 0.0319952 0.0107575 0.0180955 0.00914245 0.00380196 0.00401476 0.00380808 0.00371758 0 0.0038348 0.0038203 0.00388294 0.00390879 0.00433825 0.00372704 0.00531592 0.00659958 0.00724292 0.0121304 0.00808597 0.00930836 0.0287777 0.0105976 0.518727 0.0089095 0.0114936 0.0143931 
0.00948258 0.0105222 0.00870699 0.0114548 0.0123047 0.00914122 0.0439406 0.0095149 0.0374717 0.00944081 0.0114286 0.00671507 0.003803 0.0039696 0.00375698 0.0038348 0 0.0037507 0.0037421 0.00463587 0.00393585 0.00433577 0.00495486 0.00629507 0.0106798 0.00787259 0.0111287 0.015288 0.00977551 0.616132 0.00878619 0.0197814 0.0106741 0.0123051 
0.00947625 0.00922323 0.0102669 0.0090261 0.00911403 0.0197829 0.00949985 0.0291513 0.00994238 0.014917 0.0105009 0.00417706 0.00431985 0.00383697 0.00390497 0.0038203 0.0037507 0 0.0037548 0.00370781 0.003882 0.00373626 0.00433821 0.00604768 0.00707204 0.0107951 0.0100803 0.0106109 0.574816 0.00870929 0.0191867 0.010048 0.0117443 0.0133448 
0.00854247 0.00885888 0.00863247 0.00928816 0.00946736 0.0091119 0.0147955 0.0104177 0.0147377 0.00909181 0.0103343 0.00533448 0.00384666 0.00408909 0.00397186 0.00388294 0.0037421 0.0037548 0 0.00373429 0.00373281 0.00376048 0.00406551 0.00548976 0.00734137 0.00868022 0.00971963 0.498589 0.011428 0.0139511 0.0092329 0.0132819 0.00895809 0.00971467 
0.00841335 0.00866899 0.00877538 0.00913058 0.00889038 0.0101437 0.011026 0.0121434 0.0108889 0.00986844 0.00874284 0.00514682 0.00429031 0.00435878 0.00555197 0.00390879 0.00463587 0.00370781 0.00373429 0 0.00372168 0.00374397 0.00403513 0.00546823 0.00814772 0.00920184 0.434964 0.0123011 0.0147244 0.0103504 0.0104116 0.00969357 0.00939925 0.0114152 
0.00875002 0.00922438 0.00922076 0.0087293 0.00943366 0.0127764 0.00959695 0.010214 0.0110165 0.0120266 0.00922409 0.00657602 0.00655061 0.00519996 0.00416369 0.00433825 0.00393585 0.003882 0.00373281 0.00372168 0 0.00388346 0.00453855 0.00711064 0.00733212 0.473621 0.00748731 0.0104058 0.0119429 0.0109351 0.0103142 0.00891163 0.0111692 0.010174 
0.0119829 0.00876601 0.00842959 0.0119514 0.0147168 0.0105832 0.0104454 0.009203 0.0104075 0.00968163 0.0132563 0.024312 0.00581284 0.00468168 0.00426341 0.00372704 0.00433577 0.00373626 0.00376048 0.00374397 0.00388346 0 0.0165639 0.00601761 0.450156 0.00767636 0.00976672 0.0133335 0.0101959 0.0112716 0.00902673 0.0102248 0.0107426 0.015944 
0.00890045 0.00820585 0.00824405 0.0106795 0.0106963 0.00937489 0.0087699 0.00871495 0.00865797 0.00904174 0.0112105 0.00952208 0.00663341 0.00600777 0.00568897 0.00531592 0.00495486 0.00433821 0.00406551 0.00403513 0.00453855 0.0165639 0 0.948254 0.00497487 0.00597521 0.00496448 0.00580776 0.00772812 0.00649747 0.0069292 0.00680435 0.00805556 0.0153635 
0.0105848 0.00831673 0.00824895 0.0119163 0.0117146 0.00935512 0.00870976 0.00873371 0.00863918 0.00895438 0.0127508 0.0134826 0.00766253 0.00683698 0.00682435 0.00659958 0.00629507 0.00604768 0.00548976 0.00546823 0.00711064 0.00601761 0.948254 0 0.0137107 0.00412393 0.00395749 0.00395509 0.00468418 0.00469407 0.00540892 0.00622321 0.00743897 0.0247776 
0.00954854 0.00995151 0.0082461 0.0222278 0.0268891 0.00990365 0.0139566 0.009701 0.0146869 0.00886047 0.0238014 0.0206755 0.00811368 0.00863527 0.0089148 0.00724292 0.0106798 0.00707204 0.00734137 0.00814772 0.00733212 0.450156 0.00497487 0.0137107 0 0.0038382 0.00375802 0.003778 0.00377294 0.00428705 0.00389077 0.00571983 0.00524574 0.0176034 
0.00890733 0.00889355 0.0140271 0.00909129 0.00908306 0.0433028 0.00959256 0.0215262 0.00910985 0.0322081 0.00927034 0.00827526 0.0173095 0.00811503 0.00818498 0.0121304 0.00787259 0.0107951 0.00868022 0.00920184 0.473621 0.00767636 0.00597521 0.00412393 0.0038382 0 0.00372223 0.00370014 0.00395325 0.00371458 0.00463507 0.00389779 0.00557375 0.0155457 
0.00885685 0.0109182 0.00878516 0.0125712 0.012183 0.00998626 0.0495235 0.0154748 0.0330987 0.0100289 0.00931348 0.013663 0.00816051 0.00933743 0.00979407 0.00808597 0.0111287 0.0100803 0.00971963 0.434964 0.00748731 0.00976672 0.00496448 0.00395749 0.00375802 0.00372223 0 0.00369985 0.00370814 0.00382539 0.0037332 0.00919396 0.00391255 0.00528647 
0.00952467 0.00983343 0.00962343 0.012608 0.0106569 0.016418 0.0389967 0.0260093 0.0301746 0.0105904 0.0158731 0.0105258 0.00963769 0.0105088 0.0091623 0.00930836 0.015288 0.0106109 0.498589 0.0123011 0.0104058 0.0133335 0.00580776 0.00395509 0.003778 0.00370014 0.00369985 0 0.00369719 0.00372324 0.00397852 0.00392561 0.00386301 0.0043472 
0.0100976 0.00956846 0.0190268 0.0091685 0.0100221 0.0514032 0.0128598 0.0992618 0.010722 0.0703403 0.00909932 0.00880542 0.01927 0.00935146 0.0100437 0.0287777 0.00977551 0.574816 0.011428 0.0147244 0.0119429 0.0101959 0.00772812 0.00468418 0.00377294 0.00395325 0.00370814 0.00369719 0 0.00377834 0.00382652 0.00382678 0.0038091 0.00509791 
0.00991626 0.0180395 0.00925122 0.0225737 0.0183283 0.0114307 0.171475 0.0169663 0.196522 0.00956825 0.01204 0.0223044 0.00891086 0.0122032 0.0192047 0.0105976 0.616132 0.00870929 0.0139511 0.0103504 0.0109351 0.0112716 0.00649747 0.00469407 0.00428705 0.00371458 0.00382539 0.00372324 0.00377834 0 0.00376382 0.00384063 0.00371226 0.00375477 
0.0126319 0.0103559 0.023493 0.0102628 0.0108104 0.108788 0.017816 0.291504 0.0143035 0.0345541 0.00916643 0.00943415 0.0267568 0.0106592 0.0205928 0.518727 0.00878619 0.0191867 0.0092329 0.0104116 0.0103142 0.00902673 0.0069292 0.00540892 0.00389077 0.00463507 0.0037332 0.00397852 0.00382652 0.00376382 0 0.00372089 0.00375602 0.00388959 
0.0101752 0.0133719 0.0114658 0.0170372 0.0178106 0.0133512 0.218565 0.0329767 0.0823243 0.0114353 0.0110892 0.0169551 0.00960856 0.0489502 0.363639 0.0089095 0.0197814 0.010048 0.0132819 0.00969357 0.00891163 0.0102248 0.00680435 0.00622321 0.00571983 0.00389779 0.00919396 0.00392561 0.00382678 0.00384063 0.00372089 0 0.0037218 0.00372146 
0.0113948 0.0121229 0.0197402 0.0144704 0.0117992 0.0575516 0.0212724 0.0486506 0.0214447 0.0300829 0.00992691 0.0138491 0.130482 0.0643414 0.0102253 0.0114936 0.0106741 0.0117443 0.00895809 0.00939925 0.0111692 0.0107426 0.00805556 0.00743897 0.00524574 0.00557375 0.00391255 0.00386301 0.0038091 0.00371226 0.00375602 0.0037218 0 0.00379898 
0.0304995 0.0109887 0.012973 0.0156548 0.0479624 0.0252951 0.0342677 0.040847 0.0287905 0.0171488 0.0181308 0.222312 0.0874709 0.01157 0.0124337 0.0143931 0.0123051 0.0133448 0.00971467 0.0114152 0.010174 0.015944 0.0153635 0.0247776 0.0176034 0.0155457 0.00528647 0.0043472 0.00509791 0.00375477 0.00388959 0.00372146 0.00379898 0 
