1NPPD
VQELEKKWYALQVEPGKENEAKENLLKVLELEGLKDLVDEVIVPAEEKVVIRAQGKEKYRLSLKGNARDISVLGKKGVTTFRIENGEVKVVESVEGDTCVNAPPISKPGQKITCKENKTEAKIVLDNKIFPGYILIKAHMNDKLLMAIEKTPHVFRPVMVGGKPVPLKEEEVQNILNQIKRGVKPSKVEFEKGDQVRVIEGPFMNFTGTVEEVHPEKRKLTVMISIFGRMTPVELDFDQV
CCCCCCEEEEEEECCCCHHHHHHHHHHHHHHCCCHHHEEEEECCCEEEEEEEECCEEEEEEECCCCCEEEEEECCCCEEEEEEECCEEEEEECCCCCCHHHCCCECCCCCEEEECCCCEEEEEEEECCCCCCEEEEEECCCHHHHHHHHCCCCEEEECEECCEECEECHHHHHHHHHCCCCCCCCCCCCCCCCCEEECCCCCCCCCEEEEEECCCCCCCEEEEEEECCEEEEEEECCCCC
0 0 0 0 0 0 0 0 0 0 0 0 0 0 0 0 0 0 0 0 0 0 0 0 0 0 0 0 0 0 0 0 0 0 0 0 0 0 0 0 0 0 0 0 0 0 0 0 0 0 0 0 0 0 0 0 0 0 0 0 0 0 0 0 0 0 0 0 0 0 0 0 0 0 0 0 0 0 0 0 0 0 0 0 0 0 0 0 0 0 0 0 0 0 0 0 0 0 0 0 0 0 0 0 0 0 0 0 0 0 0 0 0 0 0 0 0 0 0 0 0 0 0 0 0 0 0 0 0 0 0 0 0 0 0 0 0 0 0 0 0 0 0 0 0 0 0 0 0 0 0 0 0 0 0 0 0 0 0 0 0 0 0 0 0 0 0 0 0 0 0 0 0 0 0 0 0 0 0 0 0 0 0 0 0 0 0 0 0 0 0 0 0 0 0 0 0 0 0 0 0 0 0 0 0 0 0 0 0 0 0 0 0 0 0 0 0 0 0 0 0 0 0 0 0 0 0 0 0 0 0 0 0 0 0 0 0 0 0 0 
0 0 0 0 0 0 0 0 0 0 0 0 0 0 0 0 0 0 0 0 0 0 0 0 0 0 0 0 0 0 0 0 0 0 0 0 0 0 0 0 0 0 0 0 0 0 0 0 0 0 0 0 0 0 0 0 0 0 0 0 0 0 0 0 0 0 0 0 0 0 0 0 0 0 0 0 0 0 0 0 0 0 0 0 0 0 0 0 0 0 0 0 0 0 0 0 0 0 0 0 0 0 0 0 0 0 0 0 0 0 0 0 0 0 0 0 0 0 0 0 0 0 0 0 0 0 0 0 0 0 0 0 0 0 0 0 0 0 0 0 0 0 0 0 0 0 0 0 0 0 0 0 0 0 0 0 0 0 0 0 0 0 0 0 0 0 0 0 0 0 0 0 0 0 0 0 0 0 0 0 0 0 0 0 0 0 0 0 0 0 0 0 0 0 0 0 0 0 0 0 0 0 0 0 0 0 0 0 0 0 0 0 0 0 0 0 0 0 0 0 0 0 0 0 0 0 0 0 0 0 0 0 0 0 0 0 0 0 0 0 
0 0.00398468 0.00381826 0.00386742 0.00397793 0.00719944 0.0107916 0.016627 0.0101223 0.0131521 0.0128505 0.0311098 0.0277639 0.0134667 0.0144999 0.0130953 0.0149293 0.0107967 0.0278666 0.0193436 0.0178041 0.0103694 0.0109364 0.0108589 0.0101665 0.0108577 0.020953 0.0131974 0.0106518 0.00956098 0.0129583 0.00981334 0.0189921 0.0126496 0.00891037 0.00989774 0.00892152 0.0102007 0.00923018 0.0117522 0.0111342 0.00839808 0.0109967 0.00871798 0.00935835 0.0122025 0.0100254 0.0105841 0.00837788 0.0104551 0.0110954 0.00885966 0.00850155 0.00831618 0.00890469 0.00902239 0.00884258 0.0115593 0.0111797 0.00950765 0.00846994 0.008822 0.00850916 0.00911538 0.00904161 0.00841178 0.00809516 0.00850084 0.00824978 0.00830449 0.00849249 0.00858744 0.00843854 0.00860479 0.00862883 0.00903434 0.0081286 0.00970798 0.00915848 0.00817942 0.00822836 0.00814293 0.00819455 0.00876699 0.00921813 0.00840065 0.00836062 0.00846133 0.00828636 0.00829323 0.00878099 0.00825036 0.00812792 0.00811097 0.0082895 0.00822426 0.00861773 0.008982 
0.00398468 0 0.00372192 0.0037464 0.00382405 0.00389473 0.00509855 0.0206742 0.0225651 0.0152686 0.042682 0.0145267 0.0167679 0.041089 0.0242951 0.0288323 0.0206828 0.0516102 0.0138718 0.0193152 0.0105606 0.011772 0.0101819 0.0111295 0.0112154 0.0170405 0.0133786 0.0114639 0.01025 0.015668 0.0106796 0.0186957 0.0113197 0.00960592 0.0145277 0.0103379 0.0172588 0.00961839 0.0132429 0.00908149 0.00850207 0.0123697 0.00908496 0.0122541 0.0102205 0.00943913 0.00991432 0.00843199 0.0119176 0.00923323 0.00987439 0.00866613 0.00867434 0.0099075 0.00922999 0.0107114 0.0106289 0.0108178 0.00913952 0.00843664 0.0100668 0.00918667 0.0100952 0.00877192 0.00864413 0.00840584 0.00854381 0.00837447 0.00831237 0.00826575 0.00810612 0.00802139 0.00812978 0.00811826 0.00824339 0.00806244 0.00875783 0.00842773 0.00811113 0.00868566 0.00838888 0.00847932 0.00828283 0.00819259 0.00890532 0.00829655 0.00903993 0.00837105 0.00876455 0.00833911 0.00829723 0.00807311 0.00822029 0.00829483 0.00829167 0.00861595 0.00836433 0.00857153 
0.00381826 0.00372192 0 0.00379758 0.0037695 0.00381666 0.00395102 0.0231634 0.0212692 0.06552 0.0177984 0.0243441 0.0169263 0.0257016 0.051101 0.046215 0.079668 0.033184 0.0179254 0.0120002 0.0106261 0.0104259 0.0132364 0.012346 0.0224339 0.012283 0.0120024 0.0106685 0.0127023 0.0153978 0.0339851 0.0140246 0.0113397 0.0107822 0.0122282 0.0247708 0.0178249 0.0233983 0.00982767 0.00891125 0.00940625 0.00975422 0.0154666 0.0142405 0.0106783 0.00963012 0.00881327 0.00943031 0.0102825 0.0100208 0.0091636 0.00861467 0.00949454 0.011449 0.0132037 0.0148843 0.0144127 0.0116705 0.00924573 0.00910342 0.0101963 0.0124675 0.011854 0.00916537 0.00859001 0.00836595 0.00848642 0.00864963 0.00823674 0.00837317 0.00804071 0.00805596 0.00814198 0.00820724 0.00812864 0.00828822 0.0083606 0.00838238 0.00826904 0.00856933 0.00842675 0.00847716 0.00826655 0.00818342 0.00846389 0.00829518 0.00891857 0.00840536 0.00886971 0.00835707 0.00832887 0.0081211 0.00821949 0.00821755 0.00824385 0.0085791 0.00833989 0.00831351 
0.00386742 0.0037464 0.00379758 0 0.00382459 0.00375686 0.00384552 0.0155061 0.0469372 0.0378247 0.0339855 0.0159446 0.0151909 0.0247281 0.0456028 0.0870627 0.0599504 0.028497 0.0175259 0.0112189 0.0108802 0.0117433 0.0139087 0.0195468 0.0149989 0.0137516 0.0113923 0.0105204 0.0121807 0.0209921 0.0329197 0.0115339 0.01065 0.0105772 0.0150981 0.0200472 0.0300196 0.0173517 0.00940218 0.00908458 0.00933265 0.00980615 0.0187702 0.0127895 0.0108116 0.00921576 0.00864947 0.0092024 0.00958148 0.0101445 0.00891806 0.00878187 0.00920037 0.0113292 0.0133027 0.0146525 0.0134183 0.0107462 0.00887416 0.00910679 0.0100147 0.0126194 0.0114352 0.00923423 0.00850886 0.00844231 0.00860739 0.00855651 0.00825389 0.00822106 0.008121 0.00800899 0.00814548 0.0081399 0.00813907 0.00826608 0.00843738 0.00823021 0.00818681 0.00857461 0.00847825 0.00856476 0.00830719 0.00815589 0.00843327 0.00837041 0.00873598 0.00845907 0.00865725 0.00834607 0.00829436 0.00813862 0.00818958 0.00819619 0.00828888 0.00846756 0.00832604 0.00828059 
0.00397793 0.00382405 0.0037695 0.00382459 0 0.00372464 0.00382179 0.0247387 0.0157524 0.0713677 0.0326882 0.0136988 0.0146477 0.0240642 0.0571606 0.0531616 0.0291124 0.0567915 0.0109952 0.015702 0.0104564 0.0109655 0.0154394 0.012323 0.0146348 0.0103155 0.0112439 0.0107084 0.011436 0.0371358 0.0113867 0.0182922 0.00964421 0.00979415 0.0140648 0.016941 0.0254284 0.0108566 0.0112033 0.00872147 0.00852439 0.0140771 0.0102455 0.0193051 0.00944417 0.00914305 0.00969343 0.00850631 0.0137229 0.00879649 0.00939706 0.00868443 0.00925671 0.0129503 0.0105152 0.0144924 0.0122309 0.011226 0.00883515 0.00868704 0.0109316 0.0101858 0.012339 0.00877925 0.00900326 0.00862601 0.0084993 0.00845997 0.00847314 0.00835847 0.00811114 0.00796834 0.00816662 0.00807371 0.00823734 0.00818775 0.00867481 0.00818054 0.00806443 0.00877394 0.00842993 0.00864041 0.00823699 0.00814596 0.00911095 0.00828251 0.00942755 0.00839629 0.00905323 0.0083555 0.0083935 0.00826224 0.00819664 0.0083283 0.00821212 0.00881412 0.00829872 0.00849349 
0.00719944 0.00389473 0.00381666 0.00375686 0.00372464 0 0.00388339 0.014123 0.0180729 0.0291343 0.0434905 0.0202901 0.0165073 0.0330302 0.0229585 0.0195907 0.0280422 0.012923 0.0398705 0.00979556 0.0132596 0.0138832 0.0112465 0.0112249 0.0110096 0.0179705 0.0110184 0.012498 0.0179258 0.00950167 0.0251786 0.00968776 0.011447 0.0136027 0.0126718 0.0133925 0.00945203 0.0175486 0.00867929 0.00872999 0.0131118 0.00909516 0.0148347 0.00899024 0.0102059 0.00882081 0.00865618 0.011274 0.00879009 0.0113917 0.0083922 0.00896535 0.00946751 0.00890049 0.0103198 0.00919802 0.00999544 0.00913721 0.00854623 0.0101506 0.00927765 0.0101955 0.00898041 0.00911852 0.00816224 0.00851674 0.00849881 0.00827214 0.00803735 0.00808697 0.00809154 0.00830168 0.00807444 0.00818116 0.00806615 0.0088013 0.00822545 0.00842475 0.00858743 0.00839869 0.00831108 0.00829208 0.00814598 0.00814627 0.00842784 0.00846678 0.00841616 0.00835195 0.00841324 0.0082057 0.00810324 0.00820343 0.00812292 0.00809309 0.00816651 0.00829111 0.0081763 0.00814591 
0.0107916 0.00509855 0.00395102 0.00384552 0.00382179 0.00388339 0 0.0632214 0.0135549 0.0118481 0.0259538 0.0712084 0.0364718 0.0175502 0.0134448 0.0147866 0.0125579 0.0183302 0.010191 0.0258231 0.0430392 0.0131004 0.010645 0.0114828 0.010713 0.0105381 0.0174478 0.0252228 0.0103596 0.0158421 0.00985938 0.0133139 0.0108102 0.020023 0.01127 0.00953276 0.0110509 0.00883075 0.0105212 0.00921634 0.0128789 0.0146888 0.00914345 0.012526 0.00912001 0.00997781 0.0196651 0.0110777 0.0126903 0.00844148 0.0115132 0.0122287 0.00959058 0.0093078 0.00865117 0.00907772 0.00908486 0.00867646 0.00936116 0.0113639 0.0100857 0.0087473 0.00947256 0.00823301 0.00957681 0.0123304 0.00851728 0.00807526 0.00881755 0.00879553 0.00861104 0.00847977 0.00868682 0.00822454 0.00914974 0.00897073 0.00942501 0.00824099 0.00883392 0.00850429 0.00829093 0.00865516 0.00809747 0.00812527 0.0119527 0.00830573 0.00913545 0.008227 0.00905846 0.00810029 0.00830754 0.00865206 0.00817506 0.00832601 0.00815231 0.00874668 0.00808262 0.00929373 
0.016627 0.0206742 0.0231634 0.0155061 0.0247387 0.014123 0.0632214 0 0.00370924 0.00370397 0.00379116 0.00427986 0.00549865 0.00689356 0.00736015 0.0341589 0.0548137 0.0263882 0.00881138 0.0436904 0.0102127 0.00996732 0.00928735 0.0103124 0.00974187 0.0104899 0.033122 0.0130957 0.00993691 0.0137818 0.00992619 0.0156507 0.0220786 0.0107134 0.0104072 0.0105916 0.0119738 0.0100623 0.0143901 0.0160503 0.0092278 0.0124258 0.00968139 0.0130529 0.0110913 0.0193178 0.0186846 0.00898693 0.0112634 0.0100855 0.0212487 0.00921094 0.0088555 0.00968629 0.00878091 0.0103169 0.00930246 0.0102005 0.0165071 0.0088477 0.0099213 0.00900896 0.00974399 0.00929685 0.0146868 0.00967305 0.00821119 0.00868633 0.00983024 0.00878696 0.00881003 0.00826342 0.00940086 0.00852894 0.0116755 0.00810277 0.00934167 0.00936049 0.00801616 0.00857864 0.00815326 0.00827694 0.00814857 0.00882062 0.01036 0.00805893 0.00925203 0.00817234 0.00909106 0.00812828 0.00910967 0.00806262 0.00802781 0.00819519 0.00806413 0.0085551 0.00815577 0.0105666 
0.0101223 0.0225651 0.0212692 0.0469372 0.0157524 0.0180729 0.0135549 0.00370924 0 0.00370203 0.0037385 0.00374922 0.00507845 0.00834267 0.0178503 0.0388185 0.0229225 0.00833606 0.0145967 0.00962222 0.00903063 0.00857483 0.00927156 0.00912528 0.00912321 0.0104503 0.0123098 0.00947782 0.00977978 0.0101385 0.0115067 0.0110412 0.0111014 0.00948933 0.0104529 0.0102558 0.0123007 0.00975529 0.0105637 0.00927678 0.0088685 0.009897 0.00956255 0.0109891 0.0099695 0.00967869 0.00914856 0.00869348 0.00918321 0.0102296 0.00948094 0.00842504 0.00866625 0.00911387 0.00958034 0.00950953 0.0103158 0.00963061 0.00920417 0.00846131 0.0088494 0.00974664 0.00955309 0.00904584 0.00849028 0.00821942 0.00827124 0.00832663 0.00818428 0.00823194 0.00811629 0.00808727 0.00814977 0.00815026 0.00819744 0.00811225 0.00858264 0.00848073 0.00800754 0.00829585 0.00823347 0.00825379 0.00822225 0.00816394 0.00847695 0.00817304 0.00838896 0.00828728 0.00835343 0.00830978 0.00815632 0.00798033 0.00810882 0.00812076 0.00815696 0.00821943 0.00821916 0.00830232 
0.0131521 0.0152686 0.06552 0.0378247 0.0713677 0.0291343 0.0118481 0.00370397 0.00370203 0 0.00379486 0.00378439 0.00588914 0.0123928 0.0603905 0.0325335 0.010404 0.0122206 0.0109938 0.00871859 0.00922009 0.00954054 0.0100845 0.0106143 0.0106592 0.0112147 0.00991047 0.0102691 0.0130974 0.0135176 0.0266014 0.0111294 0.010707 0.0109737 0.0109441 0.028268 0.0145685 0.0225896 0.00936088 0.00909929 0.0103763 0.00965563 0.0209385 0.0115137 0.0111481 0.00957367 0.00898305 0.00986882 0.0100222 0.0112858 0.00899217 0.00886075 0.00972254 0.0110045 0.0158376 0.0124996 0.0190444 0.0105236 0.00907528 0.00911788 0.0101622 0.0154572 0.0121661 0.0103736 0.008569 0.00837854 0.0085455 0.00884608 0.00822233 0.00835853 0.00805946 0.00843136 0.00804455 0.00858061 0.0080459 0.00870263 0.00831701 0.00857469 0.00846369 0.008417 0.0084644 0.00849462 0.00827763 0.0082095 0.00831022 0.00850355 0.00852111 0.00848065 0.00857947 0.00835861 0.00830106 0.00804449 0.00811027 0.00810941 0.0082935 0.0083265 0.00831915 0.0081781 
0.0128505 0.042682 0.0177984 0.0339855 0.0326882 0.0434905 0.0259538 0.00379116 0.0037385 0.00379486 0 0.00386128 0.00851461 0.0648323 0.0379551 0.00989952 0.0109415 0.0104826 0.00838106 0.0102341 0.011634 0.0127516 0.0095146 0.00957008 0.0104633 0.0114285 0.0127632 0.0121013 0.0114518 0.0169416 0.0108144 0.0203413 0.0113856 0.0117211 0.0182593 0.0104624 0.0172309 0.0098093 0.0154734 0.00948098 0.00993671 0.0181808 0.00959228 0.0179727 0.0126524 0.0108425 0.011926 0.00988526 0.0214429 0.00974637 0.00994779 0.00953517 0.00973757 0.0105919 0.00950954 0.0132945 0.0115781 0.0148981 0.00926205 0.00958204 0.0123189 0.0101783 0.0124375 0.00900652 0.00917388 0.0089163 0.00853619 0.00837992 0.00833217 0.00827537 0.00818224 0.00808994 0.00819721 0.00813456 0.00878153 0.00823395 0.00886387 0.00826768 0.00820019 0.00863777 0.00849043 0.00840295 0.00832442 0.0081331 0.00909933 0.00832361 0.0088449 0.00837071 0.00873066 0.00837347 0.00829766 0.0081142 0.00817969 0.00814316 0.00817533 0.0084946 0.0081976 0.00833678 
0.0311098 0.0145267 0.0243441 0.0159446 0.0136988 0.0202901 0.0712084 0.00427986 0.00374922 0.00378439 0.00386128 0 0.0899445 0.0202621 0.00667193 0.00879514 0.00899411 0.00887292 0.0097346 0.0103457 0.0191122 0.01053 0.00948998 0.00977138 0.00947657 0.0113682 0.0225153 0.0228145 0.013563 0.0114781 0.0132409 0.0117054 0.0210074 0.023437 0.0110465 0.0120965 0.0106977 0.0110557 0.00993272 0.0134119 0.0222175 0.0113745 0.0113962 0.0102256 0.0109838 0.0163799 0.0190456 0.0152578 0.0107517 0.010399 0.0114831 0.0151752 0.0102735 0.00983046 0.0102917 0.0101762 0.0108768 0.010641 0.0138112 0.0147791 0.0101776 0.0102164 0.00984538 0.00930305 0.00985333 0.0107498 0.00856267 0.00830368 0.00860534 0.00875812 0.00912024 0.00887155 0.00829127 0.00872424 0.0087669 0.00937128 0.00856014 0.00905352 0.00942402 0.00844226 0.00847998 0.00861661 0.00816767 0.00845151 0.00959933 0.00861305 0.00864908 0.00838342 0.00874186 0.00819237 0.00854983 0.00859979 0.00820129 0.00811276 0.00819313 0.00846959 0.00817884 0.00853853 
0.0277639 0.0167679 0.0169263 0.0151909 0.0146477 0.0165073 0.0364718 0.00549865 0.00507845 0.00588914 0.00851461 0.0899445 0 0.00390624 0.00377332 0.00382988 0.0040742 0.00466962 0.00555061 0.0132358 0.0094472 0.00836381 0.00853438 0.00873273 0.00898639 0.0127831 0.101389 0.0266602 0.0148224 0.0119568 0.0139652 0.0128569 0.0281812 0.0239666 0.011292 0.0123281 0.0119749 0.0113986 0.0119075 0.0209421 0.0147772 0.0118706 0.0130465 0.0117256 0.0115121 0.020452 0.0194252 0.0131043 0.0113092 0.0119138 0.0205989 0.0128312 0.00968185 0.010037 0.00990182 0.0113589 0.0114995 0.0120304 0.0326036 0.0117564 0.0105457 0.0102248 0.00986943 0.010363 0.0131829 0.00915981 0.00834536 0.00924459 0.00910931 0.00878057 0.00943633 0.00854754 0.00893043 0.00865376 0.00982675 0.00904226 0.00849396 0.0100848 0.00892061 0.0083003 0.00827355 0.00817732 0.0082691 0.00915261 0.00970848 0.00830645 0.00852124 0.00833565 0.00839213 0.00837015 0.0089484 0.00830935 0.0080936 0.00814205 0.00813709 0.00831636 0.00840026 0.00944335 
0.0134667 0.041089 0.0257016 0.0247281 0.0240642 0.0330302 0.0175502 0.00689356 0.00834267 0.0123928 0.0648323 0.0202621 0.00390624 0 0.00376044 0.00377789 0.00384661 0.00406932 0.0054862 0.00578095 0.00752916 0.00849828 0.00882587 0.00897096 0.0107269 0.0629012 0.14575 0.0330196 0.0158118 0.014503 0.0127331 0.0208007 0.0123746 0.0129328 0.0256762 0.0131111 0.018728 0.0114527 0.0190929 0.0109389 0.0102155 0.0159191 0.0121589 0.0164646 0.0160573 0.0125631 0.011762 0.00967456 0.0146979 0.0121693 0.0112714 0.00993131 0.0117162 0.0113926 0.012943 0.0168867 0.0176415 0.0331478 0.0112358 0.00964879 0.0134564 0.0135853 0.0143649 0.010156 0.0100794 0.00872099 0.00878702 0.00896891 0.0084895 0.00860541 0.00833072 0.0081422 0.00829972 0.00829451 0.00843376 0.00825418 0.00878143 0.00872106 0.00817935 0.00887745 0.00853763 0.0086062 0.00857501 0.00834616 0.0087594 0.00841354 0.00901808 0.00855869 0.00896957 0.00864632 0.00851995 0.00803379 0.00826863 0.00830029 0.00837306 0.00865869 0.00859214 0.00846177 
0.0144999 0.0242951 0.051101 0.0456028 0.0571606 0.0229585 0.0134448 0.00736015 0.0178503 0.0603905 0.0379551 0.00667193 0.00377332 0.00376044 0 0.00378201 0.00379284 0.00387072 0.0037747 0.00429648 0.00771012 0.00850351 0.00885978 0.0119238 0.0473231 0.148201 0.481905 0.0114191 0.012081 0.0138457 0.0234315 0.0115772 0.0126395 0.0133278 0.0136183 0.0285499 0.0186138 0.0289387 0.0114292 0.0103806 0.0107388 0.0117697 0.02038 0.02333 0.0171566 0.0113248 0.0101602 0.0102362 0.0135549 0.0123229 0.0102901 0.00999113 0.0111365 0.0177363 0.0205689 0.026002 0.0559254 0.0157096 0.0121101 0.00986558 0.0136275 0.0285734 0.0221294 0.0118441 0.00948086 0.008865 0.00924738 0.00903106 0.00905331 0.00845619 0.00817311 0.0082921 0.00829686 0.00844061 0.00821159 0.00865041 0.0086466 0.0086073 0.00839454 0.00943116 0.00901692 0.00906876 0.0086325 0.00834683 0.00870273 0.00860432 0.00946118 0.0089118 0.00930215 0.00865925 0.00879615 0.00816768 0.00832067 0.0083523 0.00846073 0.00893549 0.00875357 0.0083501 
0.0130953 0.0288323 0.046215 0.0870627 0.0531616 0.0195907 0.0147866 0.0341589 0.0388185 0.0325335 0.00989952 0.00879514 0.00382988 0.00377789 0.00378201 0 0.0037736 0.00380015 0.00378193 0.00402526 0.00655901 0.00786645 0.0112819 0.0422883 0.171289 0.486228 0.015099 0.0108725 0.0110212 0.0201336 0.013279 0.0186672 0.0115863 0.0118492 0.0207705 0.0187038 0.0462654 0.0147979 0.0145934 0.0100268 0.00985491 0.0169596 0.0190737 0.0331737 0.0121979 0.0128492 0.010629 0.0104557 0.017022 0.01105 0.010788 0.0103216 0.0120805 0.0200238 0.0178235 0.0576839 0.0309162 0.0211085 0.0109456 0.0100645 0.0185313 0.0251408 0.0364193 0.0107351 0.0101274 0.00926174 0.00948642 0.00929551 0.00924417 0.00857006 0.00818627 0.0083042 0.00833604 0.00844863 0.00838628 0.00840544 0.00894681 0.00853512 0.00827739 0.0092259 0.00943298 0.00919129 0.00871262 0.0083226 0.00900043 0.00855164 0.0097226 0.00907715 0.0098157 0.00885994 0.00882134 0.00812277 0.00832273 0.00838137 0.00854959 0.00922275 0.00969319 0.00836011 
0.0149293 0.0206828 0.079668 0.0599504 0.0291124 0.0280422 0.0125579 0.0548137 0.0229225 0.010404 0.0109415 0.00899411 0.0040742 0.00384661 0.00379284 0.0037736 0 0.00380243 0.00380817 0.00383031 0.00688118 0.0133966 0.0675279 0.19868 0.490968 0.0115657 0.011373 0.010132 0.015411 0.0110396 0.0313962 0.0100991 0.0142613 0.014528 0.0118344 0.0424744 0.0150357 0.0330867 0.00963873 0.0104552 0.0120047 0.0107709 0.0424565 0.012158 0.0183486 0.011644 0.0104034 0.0118857 0.0118294 0.019303 0.0104487 0.0100439 0.0125137 0.0133023 0.0368358 0.0174571 0.0371421 0.0135958 0.0111719 0.0106759 0.0136099 0.033634 0.0167259 0.0133785 0.00937891 0.00900709 0.00913102 0.00941207 0.008871 0.00854482 0.00819322 0.00845978 0.00825891 0.00868748 0.00823038 0.00878221 0.00860384 0.00868009 0.0085171 0.00904419 0.00917743 0.0090258 0.00853147 0.00840958 0.00863386 0.00872764 0.00915358 0.00896718 0.00912543 0.00861958 0.00851468 0.00815838 0.00832101 0.00827798 0.00843391 0.00877079 0.00862438 0.00831232 
0.0107967 0.0516102 0.033184 0.028497 0.0567915 0.012923 0.0183302 0.0263882 0.00833606 0.0122206 0.0104826 0.00887292 0.00466962 0.00406932 0.00387072 0.00380015 0.00380243 0 0.00371957 0.00381989 0.00584291 0.0613187 0.29489 0.319441 0.00991029 0.00889749 0.0101308 0.0122707 0.00921633 0.0274593 0.0094238 0.019792 0.0103557 0.0105557 0.0248735 0.013006 0.0341787 0.0103095 0.0179525 0.00937337 0.00926532 0.0272628 0.00935916 0.0483303 0.0105752 0.0111816 0.0121525 0.00921827 0.0359059 0.00925539 0.0121967 0.0103308 0.010144 0.0362983 0.0107667 0.0356173 0.0174477 0.0149513 0.0103667 0.00962258 0.0183496 0.0138832 0.0357155 0.00931879 0.0104621 0.00956081 0.00895921 0.00897361 0.00941247 0.00858902 0.00824716 0.00810637 0.00854162 0.0082422 0.00869578 0.00829204 0.00938856 0.00836603 0.00817457 0.009377 0.00867204 0.00934129 0.00850451 0.00826474 0.00962923 0.00837193 0.0102194 0.00858575 0.00997693 0.00854067 0.00881265 0.0080916 0.00831487 0.00837027 0.00833689 0.00931855 0.00849338 0.00864067 
0.0278666 0.0138718 0.0179254 0.0175259 0.0109952 0.0398705 0.010191 0.00881138 0.0145967 0.0109938 0.00838106 0.0097346 0.00555061 0.0054862 0.0037747 0.00378193 0.00380817 0.00371957 0 0.0038588 0.0204461 0.838967 0.0226792 0.00816539 0.00772941 0.00924466 0.00979731 0.010725 0.0259088 0.00870537 0.018835 0.00887062 0.0138445 0.0239449 0.0107032 0.0164653 0.0093676 0.0190978 0.00869586 0.0104204 0.0191839 0.00942182 0.0232447 0.00902207 0.0159165 0.0104335 0.00966224 0.0163413 0.00966975 0.0216599 0.00885813 0.0100883 0.0204905 0.00906975 0.0156215 0.0095707 0.0156837 0.0121294 0.00945528 0.0120396 0.0100469 0.0148955 0.00945907 0.0128726 0.00843449 0.00902157 0.00889347 0.00867888 0.00815215 0.00836418 0.0082906 0.00864585 0.00819898 0.00867297 0.0081597 0.00945294 0.00828967 0.00867557 0.00904879 0.00855555 0.00874735 0.00843879 0.00822732 0.00817532 0.0086118 0.0088082 0.00852993 0.00864692 0.00855044 0.00840058 0.00810223 0.00826567 0.00824535 0.00815258 0.00824228 0.00831656 0.008253 0.00814667 
0.0193436 0.0193152 0.0120002 0.0112189 0.015702 0.00979556 0.0258231 0.0436904 0.00962222 0.00871859 0.0102341 0.0103457 0.0132358 0.00578095 0.00429648 0.00402526 0.00383031 0.00381989 0.0038588 0 0.956887 0.00778174 0.00512844 0.00559842 0.00606514 0.00680276 0.00928683 0.0266403 0.00986459 0.0154763 0.0090057 0.0139676 0.0121019 0.0176994 0.0138206 0.00945853 0.0131859 0.00890527 0.0131748 0.010137 0.0135471 0.0221136 0.00931226 0.0160756 0.00964878 0.0128494 0.0295211 0.0133307 0.0171938 0.00890913 0.0172521 0.0329512 0.0102393 0.010476 0.00912573 0.0105351 0.00961993 0.00970468 0.0108502 0.0131477 0.0120032 0.00914874 0.0109504 0.00845561 0.0123578 0.0151172 0.00852561 0.00820651 0.00970361 0.00940525 0.00879621 0.00870378 0.00915292 0.00834805 0.0100354 0.00940848 0.0099869 0.00831035 0.00900682 0.00875098 0.00845953 0.00897867 0.00811508 0.00822019 0.012297 0.00833822 0.00910182 0.00824112 0.00918455 0.00812553 0.00851764 0.00876194 0.00816597 0.00836192 0.008109 0.00885315 0.00807897 0.00934267 
0.0178041 0.0105606 0.0106261 0.0108802 0.0104564 0.0132596 0.0430392 0.0102127 0.00903063 0.00922009 0.011634 0.0191122 0.0094472 0.00752916 0.00771012 0.00655901 0.00688118 0.00584291 0.0204461 0.956887 0 0.0045473 0.00401153 0.00419775 0.00423217 0.00530359 0.0119598 0.0102147 0.00854984 0.00983129 0.0103245 0.0114372 0.1794 0.0181238 0.0093207 0.00968902 0.00987513 0.0102735 0.0117336 0.0184323 0.0138132 0.0110929 0.0123945 0.0114526 0.0109926 0.0181752 0.018483 0.0139183 0.0108185 0.0123486 0.0181125 0.0103586 0.00926129 0.00890511 0.00942355 0.00933511 0.00910765 0.0103297 0.0155203 0.00992625 0.00891234 0.00904605 0.00895103 0.00995272 0.0114935 0.00915122 0.0082416 0.0090679 0.00886035 0.00870248 0.00944513 0.00923528 0.00943698 0.0093594 0.00985975 0.00941504 0.00883487 0.010182 0.00889176 0.0080524 0.00815266 0.00807058 0.00819224 0.00932366 0.0102766 0.00836374 0.00841506 0.00839967 0.00830021 0.00814666 0.00848961 0.00825757 0.00805183 0.00810878 0.00812078 0.00822645 0.00841445 0.00979058 
0.0103694 0.011772 0.0104259 0.0117433 0.0109655 0.0138832 0.0131004 0.00996732 0.00857483 0.00954054 0.0127516 0.01053 0.00836381 0.00849828 0.00850351 0.00786645 0.0133966 0.0613187 0.838967 0.00778174 0.0045473 0 0.00389967 0.00396183 0.00451995 0.00427702 0.00493636 0.00806011 0.00957517 0.00847688 0.00952596 0.0825997 0.0665443 0.00983283 0.0100047 0.00967991 0.00960829 0.00978126 0.0122686 0.00983743 0.00956792 0.0111392 0.0104905 0.0107796 0.0116798 0.0105137 0.0115835 0.0100893 0.0111544 0.0110944 0.0109709 0.00913067 0.00910779 0.00894764 0.00894999 0.009377 0.0103746 0.00973409 0.0103189 0.00901912 0.00901834 0.00929044 0.00891921 0.00931313 0.00905713 0.00862289 0.00826928 0.00854758 0.00816139 0.00824479 0.00851992 0.00850668 0.00825012 0.00838591 0.00841108 0.00836326 0.00879531 0.00885054 0.00818903 0.00821353 0.00819617 0.00816254 0.00821688 0.00843954 0.0091232 0.00822679 0.00837474 0.00828788 0.00830583 0.00834147 0.00812713 0.00802709 0.00808666 0.00805848 0.00815404 0.00819821 0.00833034 0.0086269 
0.0109364 0.0101819 0.0132364 0.0139087 0.0154394 0.0112465 0.010645 0.00928735 0.00927156 0.0100845 0.0095146 0.00948998 0.00853438 0.00882587 0.00885978 0.0112819 0.0675279 0.29489 0.0226792 0.00512844 0.00401153 0.00389967 0 0.00400392 0.00392214 0.00393194 0.0040554 0.00828278 0.00802668 0.0099896 0.0654904 0.122579 0.0201506 0.00975228 0.00946014 0.00957829 0.00923293 0.0107194 0.00953963 0.00883954 0.00971117 0.00996167 0.0115285 0.0111546 0.0100349 0.00951036 0.00984981 0.0103604 0.0103233 0.0106661 0.00971581 0.00894611 0.00892914 0.00920612 0.00973774 0.0147947 0.0104428 0.00910264 0.0093693 0.00906217 0.00912145 0.0100937 0.00977118 0.00922977 0.00850196 0.00853881 0.00834312 0.00842061 0.00821214 0.00822897 0.00821367 0.00851386 0.00817809 0.00838675 0.00818873 0.00868098 0.00840536 0.00870578 0.0083083 0.00830956 0.00827414 0.00829938 0.008163 0.00832444 0.00885399 0.00830203 0.0084427 0.00839897 0.00839669 0.0083083 0.00809836 0.0080698 0.00811314 0.00805602 0.00815382 0.00822288 0.00839933 0.0082463 
0.0108589 0.0111295 0.012346 0.0195468 0.012323 0.0112249 0.0114828 0.0103124 0.00912528 0.0106143 0.00957008 0.00977138 0.00873273 0.00897096 0.0119238 0.0422883 0.19868 0.319441 0.00816539 0.00559842 0.00419775 0.00396183 0.00400392 0 0.0038276 0.00386138 0.00402038 0.00773818 0.00892942 0.0618897 0.141581 0.0183719 0.0103076 0.00932554 0.00908007 0.00938707 0.0104717 0.0102366 0.00992695 0.0088503 0.00973418 0.0103784 0.011977 0.01269 0.00942503 0.00945671 0.0103389 0.0102976 0.0108465 0.0102927 0.00999529 0.00910184 0.00899416 0.00948783 0.0112831 0.0109252 0.0103912 0.0091571 0.00933706 0.00913147 0.00928381 0.0109787 0.0108839 0.00904978 0.00863275 0.00874409 0.00828595 0.00844991 0.00836652 0.00825603 0.00823667 0.00845317 0.00821173 0.008398 0.00820535 0.00855632 0.00871439 0.00870507 0.00825666 0.00836286 0.00830909 0.00828474 0.0081706 0.00831011 0.00922014 0.00827524 0.00846755 0.00847729 0.00848861 0.00825118 0.00810653 0.00805858 0.00811472 0.00806791 0.00817026 0.00822814 0.00837505 0.00825088 
0.0101665 0.0112154 0.0224339 0.0149989 0.0146348 0.0110096 0.010713 0.00974187 0.00912321 0.0106592 0.0104633 0.00947657 0.00898639 0.0107269 0.0473231 0.171289 0.490968 0.00991029 0.00772941 0.00606514 0.00423217 0.00451995 0.00392214 0.0038276 0 0.00380759 0.00379493 0.00734779 0.0291678 0.125723 0.0201559 0.00957647 0.00904799 0.00900449 0.00902935 0.0103262 0.0102052 0.00996159 0.0103787 0.00896164 0.00919142 0.0114987 0.0109274 0.0114473 0.00964569 0.00944003 0.00974118 0.00981098 0.0113852 0.010562 0.00970613 0.00902573 0.00902993 0.0114056 0.0100001 0.0112898 0.0122101 0.00967519 0.00943507 0.00888654 0.0100457 0.0119876 0.010745 0.00942062 0.0086345 0.00848691 0.00838995 0.00857386 0.00828745 0.00827369 0.00814582 0.00838259 0.00815092 0.00840319 0.00814654 0.00848895 0.00860808 0.00870052 0.00820747 0.00849607 0.008391 0.0085098 0.00822762 0.00830244 0.00874348 0.00825387 0.00874195 0.00840513 0.0085926 0.0083198 0.00815102 0.00801035 0.00811324 0.00812798 0.00815679 0.00835177 0.00828744 0.00820791 
0.0108577 0.0170405 0.012283 0.0137516 0.0103155 0.0179705 0.0105381 0.0104899 0.0104503 0.0112147 0.0114285 0.0113682 0.0127831 0.0629012 0.148201 0.486228 0.0115657 0.00889749 0.00924466 0.00680276 0.00530359 0.00427702 0.00393194 0.00386138 0.00380759 0 0.0038959 0.0295537 0.125251 0.0122546 0.0094594 0.00853553 0.00902937 0.0123453 0.0111078 0.00974756 0.00914744 0.0104387 0.00969532 0.00940768 0.0126348 0.0111962 0.0108431 0.00966861 0.0121499 0.0100077 0.0102223 0.0117823 0.0113096 0.0129599 0.00908333 0.00950442 0.0113984 0.00926491 0.0108917 0.0101266 0.0120128 0.0125595 0.00919029 0.0100687 0.0103379 0.0107287 0.00959551 0.0101283 0.00851721 0.00874723 0.00863449 0.00854264 0.00817382 0.00830147 0.00837713 0.00832258 0.00811805 0.00840329 0.00825403 0.00875413 0.00847186 0.00852009 0.00858037 0.0085328 0.00843581 0.00829742 0.00817569 0.00810954 0.00860836 0.00853979 0.00847351 0.00849437 0.00847363 0.00833678 0.0081027 0.00812645 0.00815236 0.00805334 0.00822014 0.00831188 0.00829174 0.0081934 
0.020953 0.0133786 0.0120024 0.0113923 0.0112439 0.0110184 0.0174478 0.033122 0.0123098 0.00991047 0.0127632 0.0225153 0.101389 0.14575 0.481905 0.015099 0.011373 0.0101308 0.00979731 0.00928683 0.0119598 0.00493636 0.0040554 0.00402038 0.00379493 0.0038959 0 0.272752 0.00997222 0.00779514 0.00758865 0.00832088 0.0104756 0.0197991 0.0105866 0.0103712 0.00996317 0.00988816 0.0109266 0.0344996 0.020987 0.0140665 0.0108653 0.0110529 0.0101292 0.0146211 0.0249558 0.0178163 0.0128895 0.0106396 0.0131693 0.021008 0.0112423 0.00986181 0.00968892 0.00986012 0.010218 0.0101317 0.0135577 0.0161662 0.0109401 0.0101289 0.009683 0.00947006 0.00995545 0.0135102 0.00867509 0.00831006 0.00883648 0.00915945 0.00903105 0.00925886 0.00859894 0.00881486 0.00912374 0.00995865 0.00874267 0.00903479 0.00978585 0.00842278 0.00850594 0.00852505 0.00815046 0.0083921 0.0104069 0.00865771 0.00846792 0.00839169 0.00858911 0.0081687 0.00845731 0.00872091 0.00822504 0.00813295 0.00819923 0.0083019 0.00822026 0.00864323 
0.0131974 0.0114639 0.0106685 0.0105204 0.0107084 0.012498 0.0252228 0.0130957 0.00947782 0.0102691 0.0121013 0.0228145 0.0266602 0.0330196 0.0114191 0.0108725 0.010132 0.0122707 0.010725 0.0266403 0.0102147 0.00806011 0.00828278 0.00773818 0.00734779 0.0295537 0.272752 0 0.00389469 0.00391552 0.00389156 0.00423113 0.00645422 0.00776472 0.00678497 0.00762586 0.00914169 0.0113866 0.69821 0.0251373 0.0104057 0.01188 0.00977331 0.0120165 0.0102033 0.0314551 0.01988 0.0124617 0.0131699 0.0109993 0.029135 0.0124277 0.00978043 0.0103114 0.00945017 0.0115718 0.00948404 0.0111977 0.0165144 0.0103908 0.00993177 0.00923368 0.00959923 0.00957861 0.0152938 0.00921714 0.00828388 0.00902493 0.00929029 0.00875377 0.00958916 0.00891309 0.00996005 0.00893165 0.0111164 0.00892858 0.0089025 0.00995333 0.00860311 0.00826333 0.00810917 0.00812867 0.00813097 0.00919156 0.010484 0.00821694 0.00854872 0.00828614 0.0084179 0.00815067 0.00843269 0.00813867 0.00802674 0.00803192 0.00810201 0.00830717 0.00823949 0.00976639 
0.0106518 0.01025 0.0127023 0.0121807 0.011436 0.0179258 0.0103596 0.00993691 0.00977978 0.0130974 0.0114518 0.013563 0.0148224 0.0158118 0.012081 0.0110212 0.015411 0.00921633 0.0259088 0.00986459 0.00854984 0.00957517 0.00802668 0.00892942 0.0291678 0.125251 0.00997222 0.00389469 0 0.00373474 0.00380313 0.00406913 0.00418767 0.00707023 0.00679047 0.00776795 0.0102691 0.891837 0.0105709 0.00966778 0.0101614 0.00827816 0.0159403 0.00867962 0.0327094 0.0101988 0.00977288 0.0133398 0.00955552 0.0250806 0.00979781 0.00958445 0.011228 0.00897924 0.0165186 0.00951683 0.0152224 0.0115622 0.0105795 0.010992 0.00931429 0.0144188 0.00896006 0.01705 0.008812 0.00859342 0.00852333 0.00887505 0.00810097 0.00836868 0.00841168 0.00881904 0.00811291 0.00897582 0.00819208 0.00898531 0.0083088 0.00953651 0.00861554 0.00826605 0.00833389 0.0081221 0.00840639 0.00845001 0.00828903 0.00875199 0.00829579 0.00868972 0.00829166 0.00855023 0.00811229 0.00800324 0.00814094 0.0081 0.00831971 0.00820334 0.00865956 0.00824688 
0.00956098 0.015668 0.0153978 0.0209921 0.0371358 0.00950167 0.0158421 0.0137818 0.0101385 0.0135176 0.0169416 0.0114781 0.0119568 0.014503 0.0138457 0.0201336 0.0110396 0.0274593 0.00870537 0.0154763 0.00983129 0.00847688 0.0099896 0.0618897 0.125723 0.0122546 0.00779514 0.00391552 0.00373474 0 0.00374303 0.00380392 0.0037317 0.00576781 0.00806818 0.0101612 0.928946 0.00873663 0.0120233 0.00776307 0.00785392 0.0167377 0.00831648 0.0475007 0.00904678 0.0100135 0.013552 0.00905102 0.0364492 0.00891761 0.0152615 0.0107165 0.00966605 0.0231436 0.00924293 0.0499174 0.0132377 0.0136412 0.0100586 0.00891371 0.0192464 0.0105082 0.042854 0.00883758 0.0119641 0.00999761 0.00873466 0.00862593 0.0102097 0.00858339 0.00835516 0.00801458 0.00921341 0.00818497 0.00928781 0.00815525 0.00996289 0.00820605 0.00805667 0.00993165 0.00839694 0.00915231 0.00838387 0.00815907 0.0107285 0.00828086 0.0107278 0.00848225 0.0103518 0.00851132 0.00835218 0.00809791 0.0082744 0.00847239 0.00827978 0.00934646 0.00849626 0.00904191 
0.0129583 0.0106796 0.0339851 0.0329197 0.0113867 0.0251786 0.00985938 0.00992619 0.0115067 0.0266014 0.0108144 0.0132409 0.0139652 0.0127331 0.0234315 0.013279 0.0313962 0.0094238 0.018835 0.0090057 0.0103245 0.00952596 0.0654904 0.141581 0.0201559 0.0094594 0.00758865 0.00389156 0.00380313 0.00374303 0 0.00374452 0.00385348 0.00782131 0.00768242 0.892057 0.00990282 0.0169883 0.00683442 0.00816761 0.0149119 0.00803879 0.0551964 0.00841446 0.014211 0.00975929 0.00887429 0.0194288 0.0090454 0.048829 0.00919437 0.00948512 0.0142641 0.00961795 0.0374856 0.0107338 0.039704 0.0108976 0.0103599 0.0123578 0.00965802 0.0542587 0.0102993 0.0183433 0.00869092 0.00879963 0.00923587 0.0098268 0.0083721 0.0084909 0.00826061 0.00889211 0.00818458 0.00925094 0.00809134 0.0098403 0.00820778 0.00979103 0.00928586 0.0084487 0.009622 0.00844113 0.00845799 0.0086602 0.0082901 0.00954941 0.00852599 0.0100951 0.00858078 0.00917786 0.00821013 0.00809219 0.00821452 0.0082345 0.00877443 0.00830368 0.00881509 0.0081296 
0.00981334 0.0186957 0.0140246 0.0115339 0.0182922 0.00968776 0.0133139 0.0156507 0.0110412 0.0111294 0.0203413 0.0117054 0.0128569 0.0208007 0.0115772 0.0186672 0.0100991 0.019792 0.00887062 0.0139676 0.0114372 0.0825997 0.122579 0.0183719 0.00957647 0.00853553 0.00832088 0.00423113 0.00406913 0.00380392 0.00374452 0 0.0037393 0.0074946 0.93217 0.00858376 0.0106945 0.00691608 0.0102956 0.00769246 0.0081015 0.0368839 0.0080918 0.0149095 0.00939351 0.0104367 0.0152525 0.00940374 0.0506116 0.00916659 0.0131612 0.0112136 0.0102391 0.0164842 0.00897315 0.0172433 0.0111692 0.0275878 0.00999549 0.00961136 0.0232995 0.0094921 0.0208846 0.00920575 0.0111327 0.00972168 0.00877153 0.00865635 0.0089313 0.00891789 0.0084731 0.00812699 0.00862104 0.00823479 0.00951695 0.00824017 0.0104786 0.00813839 0.00814307 0.0095581 0.00835722 0.00871339 0.00830687 0.00812374 0.0102758 0.00826828 0.00988406 0.00831306 0.00951457 0.00829841 0.00841413 0.00805182 0.00817751 0.00826942 0.00818969 0.00884795 0.00822936 0.00879688 
0.0189921 0.0113197 0.0113397 0.01065 0.00964421 0.011447 0.0108102 0.0220786 0.0111014 0.010707 0.0113856 0.0210074 0.0281812 0.0123746 0.0126395 0.0115863 0.0142613 0.0103557 0.0138445 0.0121019 0.1794 0.0665443 0.0201506 0.0103076 0.00904799 0.00902937 0.0104756 0.00645422 0.00418767 0.0037317 0.00385348 0.0037393 0 0.92716 0.00610909 0.00682869 0.00543281 0.00665256 0.00630574 0.00793911 0.0497868 0.00852746 0.0118031 0.00850269 0.00946155 0.0140869 0.0145697 0.0372248 0.00954897 0.013174 0.0104333 0.0195589 0.0125626 0.0093852 0.0108581 0.00950985 0.0111162 0.0104013 0.0174222 0.0268334 0.0101923 0.0104799 0.00917985 0.0110825 0.00940374 0.0123743 0.00873748 0.0085035 0.00860951 0.00894709 0.00896474 0.00985321 0.00848291 0.00920574 0.00854711 0.0107464 0.00827175 0.00999017 0.0107294 0.00825071 0.00869521 0.00826035 0.00811333 0.00855313 0.00912965 0.0090295 0.00818693 0.00880484 0.00831762 0.00825789 0.00844465 0.00855312 0.00815554 0.00805915 0.00823196 0.00816559 0.00841293 0.00839083 
0.0126496 0.00960592 0.0107822 0.0105772 0.00979415 0.0136027 0.020023 0.0107134 0.00948933 0.0109737 0.0117211 0.023437 0.0239666 0.0129328 0.0133278 0.0118492 0.014528 0.0105557 0.0239449 0.0176994 0.0181238 0.00983283 0.00975228 0.00932554 0.00900449 0.0123453 0.0197991 0.00776472 0.00707023 0.00576781 0.00782131 0.0074946 0.92716 0 0.0037373 0.00374945 0.00370903 0.00383041 0.00385056 0.0070435 0.00846996 0.0064894 0.0105437 0.00739713 0.0101053 0.0751132 0.0375772 0.0219929 0.00962906 0.0228332 0.0154538 0.0165256 0.0120177 0.0095896 0.0131553 0.0105993 0.0129972 0.0120601 0.0332077 0.0146778 0.0100655 0.0122951 0.00958934 0.0132846 0.0121876 0.00934591 0.00858664 0.00940632 0.00934943 0.00900426 0.00987918 0.00911129 0.00934458 0.00958726 0.0103331 0.00914909 0.00820712 0.0112375 0.00913349 0.00818477 0.00867509 0.0081743 0.00837475 0.00925988 0.00868982 0.00876792 0.00816397 0.00882851 0.0081647 0.00842727 0.00845747 0.00838915 0.00799734 0.00802248 0.00827749 0.00813567 0.00865086 0.00880459 
0.00891037 0.0145277 0.0122282 0.0150981 0.0140648 0.0126718 0.01127 0.0104072 0.0104529 0.0109441 0.0182593 0.0110465 0.011292 0.0256762 0.0136183 0.0207705 0.0118344 0.0248735 0.0107032 0.0138206 0.0093207 0.0100047 0.00946014 0.00908007 0.00902935 0.0111078 0.0105866 0.00678497 0.00679047 0.00806818 0.00768242 0.93217 0.00610909 0.0037373 0 0.00370363 0.00370456 0.00372397 0.00446549 0.00377629 0.00491078 0.007625 0.00661667 0.00863089 0.0284298 0.422234 0.0115319 0.00944278 0.0294415 0.00977908 0.0118743 0.0104153 0.0112599 0.0148608 0.0102466 0.0247504 0.013899 0.030394 0.0108575 0.00954207 0.0218938 0.0106819 0.0248699 0.00978796 0.0116614 0.00885321 0.00901377 0.00924724 0.0087951 0.00859122 0.00836497 0.00812978 0.0083969 0.00826054 0.00887697 0.00811935 0.00947769 0.00846283 0.00808995 0.00943503 0.00848505 0.00885918 0.00858332 0.00834862 0.00851243 0.00844482 0.00934653 0.00856794 0.00954366 0.00871597 0.00836999 0.00803593 0.00833301 0.00836581 0.00837616 0.00883523 0.00859234 0.00836121 
0.00989774 0.0103379 0.0247708 0.0200472 0.016941 0.0133925 0.00953276 0.0105916 0.0102558 0.028268 0.0104624 0.0120965 0.0123281 0.0131111 0.0285499 0.0187038 0.0424744 0.013006 0.0164653 0.00945853 0.00968902 0.00967991 0.00957829 0.00938707 0.0103262 0.00974756 0.0103712 0.00762586 0.00776795 0.0101612 0.892057 0.00858376 0.00682869 0.00374945 0.00370363 0 0.00370356 0.00371447 0.00370623 0.00375447 0.0061782 0.00511843 0.00856902 0.0133176 0.550529 0.0843868 0.00885568 0.0131306 0.00955786 0.0177337 0.00904311 0.0101883 0.0111087 0.0117708 0.0276997 0.0161502 0.0441793 0.0124902 0.0106274 0.0108156 0.0110202 0.0414192 0.0134765 0.025479 0.00897868 0.00909632 0.00953371 0.00936416 0.00890435 0.00859113 0.0082348 0.00850844 0.00821372 0.00874449 0.00827476 0.00922955 0.00835302 0.00949767 0.00856522 0.00857503 0.00944415 0.00870456 0.00869051 0.00856171 0.0082589 0.00899565 0.00871214 0.0103848 0.00880245 0.00912589 0.00829807 0.00806144 0.00836468 0.00829229 0.0087061 0.00848593 0.00867415 0.00819629 
0.00892152 0.0172588 0.0178249 0.0300196 0.0254284 0.00945203 0.0110509 0.0119738 0.0123007 0.0145685 0.0172309 0.0106977 0.0119749 0.018728 0.0186138 0.0462654 0.0150357 0.0341787 0.0093676 0.0131859 0.00987513 0.00960829 0.00923293 0.0104717 0.0102052 0.00914744 0.00996317 0.00914169 0.0102691 0.928946 0.00990282 0.0106945 0.00543281 0.00370903 0.00370456 0.00370356 0 0.00369974 0.0037086 0.00371995 0.00400301 0.00914416 0.0130648 0.894411 0.0246377 0.00938368 0.0127999 0.00907751 0.0259035 0.00904917 0.0130812 0.0100741 0.010914 0.0226554 0.012534 0.0504245 0.0168241 0.0187458 0.0102056 0.00918138 0.0279756 0.0138955 0.0710776 0.00941173 0.0131927 0.00983913 0.00903172 0.00943951 0.0111209 0.00872827 0.00836495 0.00811503 0.0091004 0.00828411 0.00931341 0.00821559 0.00987301 0.00835545 0.00819117 0.00997972 0.00906129 0.00976498 0.00854569 0.00831206 0.0101762 0.00826376 0.0132307 0.00879151 0.0129575 0.0086693 0.00852457 0.00818718 0.00823462 0.00865504 0.00839652 0.0095991 0.00838585 0.00895845 
