1ON3E
NNLKLASTMEGRVEQLAEQRQVIEAGGGERRVEKQHSQGKQTARERLNNLLDPHSFDEVGAFRKHRTTLFGMDKAVVPADGVVTGRGTILGRPVHAASQDFTVMGGSAGETQSTKVVETMEQALLTGTPFLFFYDSGGARIQEGIDSLSGYGKMFFANVKLSGVVPQIAIIAGPCAGGASYSPALTDFIIMTKKAHMFITGPQVIKSVTGEDVTADELGGAEAHMAISGNIHFVAEDDDAAELIAKKLLSFLPQNNTEEASFVNPNNDVSPNTELRDIVPIDGKKGYDVRDVIAKIVDWGDYLEVKAGYATNLVTAFARVNGRSVGIVANQPSVMSGCLDINASDKAAEFVNFCDSFNIPLVQLVDVPGFLPGVQQEYGGIIRHGAKMLYAYSEATVPKITVVLRKAYGGSYLAMCNRDLGADAVYAWPSAEIAVMGAEGAANVIFRKEIKAADDPDAMRAEKIEEYQNAFNTPYVAAARGQVDDVIDPADTRRKIASALEMYATKRQTRPAKKHGNFPC
CCCCCCCCHHHHHHHHHHHHHHHHCCCCHHHHHHHHHCCCCCHHHHHHHHCCCCCCEEECCCCCCCCCCCCCCCCCCHHHHEEEEEEEECCEEEEEEEECCCCHHHCECHHHHHHHHHHHHHHHHHCCCEEEEEEECCECHHHHHHHHHHHHHHHHHHHHHCCCCCEEEEEEEEEECHHHHHHHHCCEEEEECCCEEECCCHHHHHHHHCCCCCHHHHHEHHHHHHCCCCCCEEECCHHHHHHHHHHHHHCCCCCCCCCCCCCCCCCCCCCCCCHHHHCCCCCCCCCCCHHHHHHHCHHHCEEEECCCCCCCEEEEEEEECCEEEEEEEECCCCHHHCECHHHHHHHHHHHHHHHHCCCCEEEEEEECCECCCHHHHHCCHHHHHHHHHHHHHHCCCCEEEEEEEEEEHHHHHCCCCHHHCCCEEEECCCCEEECCCHHHHHHHHCHHHHHCCCCHHHHHHHHHHHHHHHHCCHHHHHHCCCCCEECCHHHHHHHHHHHHHHHHHCCCCCCCCCCCCCCC
0 0 0 0 0 0 0 0 0 0 0 0 0 0 0 0 0 0 0 0 0 0 0 0 0 0 0 0 0 0 0 0 0 0 0 0 0 0 0 0 0 0 0 0 0 0 0 0 0 0 0 0 0 0 0 0 0 0 0 0 0 0 0 0 0 0 0 0 0 0 0 0 0 0 0 0 0 0 0 0 0 0 0 0 0 0 0 0 0 0 0 0 0 0 0 0 0 0 0 0 0 0 0 0 0 0 0 0 0 0 0 0 0 0 0 0 0 0 0 0 0 0 0 0 0 0 0 0 0 0 0 0 0 0 0 0 0 0 0 0 0 0 0 0 0 0 0 0 0 0 0 0 0 0 0 0 0 0 0 0 0 0 0 0 0 0 0 0 0 0 0 0 0 0 0 0 0 0 0 0 0 0 0 0 0 0 0 0 0 0 0 0 0 0 0 0 0 0 0 0 0 0 0 0 0 0 0 0 0 0 0 0 0 0 0 0 0 0 0 0 0 0 0 0 0 0 0 0 0 0 0 0 0 0 0 0 0 0 0 0 0 0 0 0 0 0 0 0 0 0 0 0 0 0 0 0 0 0 0 0 0 0 0 0 0 0 0 0 0 0 0 0 0 0 0 0 0 0 0 0 0 0 0 0 0 0 0 0 0 0 0 0 0 0 0 0 0 0 0 0 0 0 0 0 0 0 0 0 0 0 0 0 0 0 0 0 0 0 0 0 0 0 0 0 0 0 0 0 0 0 0 0 0 0 0 0 0 0 0 0 0 0 0 0 0 0 0 0 0 0 0 0 0 0 0 0 0 0 0 0 0 0 0 0 0 0 0 0 0 0 0 0 0 0 0 0 0 0 0 0 0 0 0 0 0 0 0 0 0 0 0 0 0 0 0 0 0 0 0 0 0 0 0 0 0 0 0 0 0 0 0 0 0 0 0 0 0 0 0 0 0 0 0 0 0 0 0 0 0 0 0 0 0 0 0 0 0 0 0 0 0 0 0 0 0 0 0 0 0 0 0 0 0 0 0 0 0 0 0 0 0 0 0 0 0 0 0 0 0 0 0 0 0 0 0 0 0 0 0 0 0 0 0 0 0 0 0 0 0 0 0 0 0 0 0 0 0 0 0 0 0 0 0 0 0 0 0 0 0 0 0 0 0 0 0 0 0 0 0 0 
0 0 0 0 0 0 0 0 0 0 0 0 0 0 0 0 0 0 0 0 0 0 0 0 0 0 0 0 0 0 0 0 0 0 0 0 0 0 0 0 0 0 0 0 0 0 0 0 0 0 0 0 0 0 0 0 0 0 0 0 0 0 0 0 0 0 0 0 0 0 0 0 0 0 0 0 0 0 0 0 0 0 0 0 0 0 0 0 0 0 0 0 0 0 0 0 0 0 0 0 0 0 0 0 0 0 0 0 0 0 0 0 0 0 0 0 0 0 0 0 0 0 0 0 0 0 0 0 0 0 0 0 0 0 0 0 0 0 0 0 0 0 0 0 0 0 0 0 0 0 0 0 0 0 0 0 0 0 0 0 0 0 0 0 0 0 0 0 0 0 0 0 0 0 0 0 0 0 0 0 0 0 0 0 0 0 0 0 0 0 0 0 0 0 0 0 0 0 0 0 0 0 0 0 0 0 0 0 0 0 0 0 0 0 0 0 0 0 0 0 0 0 0 0 0 0 0 0 0 0 0 0 0 0 0 0 0 0 0 0 0 0 0 0 0 0 0 0 0 0 0 0 0 0 0 0 0 0 0 0 0 0 0 0 0 0 0 0 0 0 0 0 0 0 0 0 0 0 0 0 0 0 0 0 0 0 0 0 0 0 0 0 0 0 0 0 0 0 0 0 0 0 0 0 0 0 0 0 0 0 0 0 0 0 0 0 0 0 0 0 0 0 0 0 0 0 0 0 0 0 0 0 0 0 0 0 0 0 0 0 0 0 0 0 0 0 0 0 0 0 0 0 0 0 0 0 0 0 0 0 0 0 0 0 0 0 0 0 0 0 0 0 0 0 0 0 0 0 0 0 0 0 0 0 0 0 0 0 0 0 0 0 0 0 0 0 0 0 0 0 0 0 0 0 0 0 0 0 0 0 0 0 0 0 0 0 0 0 0 0 0 0 0 0 0 0 0 0 0 0 0 0 0 0 0 0 0 0 0 0 0 0 0 0 0 0 0 0 0 0 0 0 0 0 0 0 0 0 0 0 0 0 0 0 0 0 0 0 0 0 0 0 0 0 0 0 0 0 0 0 0 0 0 0 0 0 0 0 0 0 0 0 0 0 0 0 0 0 0 0 0 0 0 0 0 0 0 0 0 0 0 0 0 0 0 0 0 0 0 0 
0 0.00377274 0.00395325 0.0285902 0.0107391 0.014777 0.0111162 0.0102749 0.0112269 0.0109552 0.0238641 0.010714 0.00934349 0.010443 0.0109937 0.0113634 0.0104911 0.00998047 0.0168226 0.0125431 0.0107289 0.00921428 0.00937581 0.00890691 0.00873095 0.00863538 0.00991301 0.0120089 0.00914589 0.00873853 0.00893235 0.00885171 0.00861132 0.00845103 0.00824171 0.00810253 0.00805214 0.00977002 0.00885168 0.00845551 0.00854021 0.00827851 0.00915498 0.00841947 0.00813838 0.00926172 0.0082227 0.00840243 0.00811208 0.00852501 0.00830783 0.0083731 0.00827286 0.00880489 0.00837804 0.0083296 0.0084161 0.00833817 0.00840392 0.00837616 0.00831199 0.00862418 0.00829347 0.00835231 0.00835514 0.00843298 0.00837451 0.00862372 0.00836147 0.00884453 0.00898664 0.00850885 0.00840094 0.00849448 0.00847593 0.0084082 0.00844658 0.00890854 0.00946637 0.00866068 0.00869825 0.00868922 0.0090076 0.00866968 0.00863102 0.00860479 0.00854178 0.00861311 0.00929059 0.00882973 0.00878783 0.00880407 0.00995119 0.00924889 0.00950949 0.0104714 0.0128964 0.0157842 
0.00377274 0 0.00373415 0.0112879 0.0493058 0.0211992 0.017645 0.0124408 0.0129199 0.0317671 0.0099407 0.0089419 0.0115673 0.0111941 0.0135671 0.0131903 0.0109726 0.0307936 0.00996252 0.0100313 0.0103941 0.0148848 0.0103892 0.0103502 0.00906092 0.00989112 0.0084563 0.00854067 0.00850491 0.00932587 0.00946671 0.00975023 0.00896713 0.0086678 0.00838656 0.00816417 0.00821059 0.00816256 0.00848103 0.00915173 0.00864578 0.00862149 0.00832637 0.00815904 0.00867899 0.00835025 0.00807032 0.00810006 0.00830249 0.00814679 0.00811188 0.00833244 0.0082858 0.00825842 0.00826258 0.00851846 0.00850357 0.00842599 0.00846848 0.00840469 0.00836243 0.00830047 0.00826695 0.00837074 0.00840977 0.0085062 0.00852958 0.00844542 0.00852019 0.00833102 0.00835062 0.008538 0.00861478 0.00861089 0.00853985 0.00846581 0.00848961 0.00839993 0.00839029 0.008446 0.00878174 0.00869519 0.00874743 0.00884113 0.00867234 0.00852246 0.00851158 0.00862665 0.00871195 0.00850763 0.00891734 0.00884221 0.00880915 0.00892759 0.009275 0.00889303 0.010549 0.0116234 
0.00395325 0.00373415 0 0.0253606 0.0158141 0.0446061 0.0139279 0.0199373 0.0161563 0.0189391 0.0224791 0.0140944 0.00939985 0.0112094 0.0124807 0.0141124 0.0137463 0.0140398 0.0226096 0.0192438 0.0156793 0.00993549 0.0105684 0.00963108 0.00994401 0.00897933 0.00929843 0.0106631 0.010083 0.0092863 0.00899976 0.0091601 0.00890804 0.00856026 0.00839247 0.00821135 0.00818662 0.00845162 0.010028 0.00851637 0.00886259 0.00830864 0.00852877 0.00881771 0.00829291 0.00873259 0.00827526 0.0083409 0.00807892 0.00831794 0.00835469 0.00827478 0.00820474 0.00838096 0.00847051 0.00831912 0.00827853 0.00826885 0.00826319 0.00826288 0.00825194 0.00832216 0.00844899 0.00834956 0.00827174 0.0083205 0.00837287 0.00830902 0.00831837 0.00839544 0.00865046 0.00865487 0.00845869 0.00836643 0.00838805 0.00835384 0.00836606 0.00843659 0.00915066 0.00893937 0.00862895 0.00853012 0.00858326 0.00855807 0.00845748 0.00842234 0.00840452 0.00848435 0.00880272 0.00911687 0.00891214 0.00884572 0.00907655 0.00982351 0.00926685 0.00921505 0.0127191 0.0134444 
0.0285902 0.0112879 0.0253606 0 0.00370021 0.00369828 0.00370709 0.00371131 0.0037383 0.00385166 0.00680281 0.00511475 0.00587997 0.00649723 0.00699735 0.00765649 0.00826676 0.0235978 0.877188 0.012914 0.0222062 0.0157318 0.0152794 0.0132556 0.0121389 0.0114987 0.0162471 0.0141175 0.0115449 0.011886 0.0131791 0.0137121 0.0120828 0.0107721 0.00950278 0.00930139 0.00876573 0.0123428 0.0106824 0.0101162 0.0109363 0.0110179 0.0131063 0.00919454 0.00945893 0.0119636 0.00853197 0.00874983 0.0082182 0.00901968 0.00819599 0.00824492 0.00826411 0.00886555 0.00857081 0.00830494 0.00884235 0.00839046 0.00875401 0.00835374 0.00851655 0.0086031 0.00848763 0.00823819 0.00866646 0.00850463 0.00892331 0.00844933 0.00884045 0.00870684 0.00863798 0.00867992 0.0085208 0.00869896 0.00852221 0.00878496 0.00848233 0.00875744 0.00887869 0.00852992 0.00882044 0.00876043 0.00897145 0.00906891 0.00901037 0.00859469 0.00876054 0.00878594 0.00939295 0.00857955 0.00882338 0.00884014 0.00982869 0.00884388 0.00908947 0.00979666 0.00968096 0.0112566 
0.0107391 0.0493058 0.0158141 0.00370021 0 0.00370617 0.00369213 0.00371944 0.00374035 0.00404823 0.00425473 0.00554752 0.00633311 0.00781265 0.00729832 0.0105271 0.0161526 0.90635 0.0272813 0.00928889 0.0151678 0.0263084 0.0237366 0.0209831 0.0147465 0.0136335 0.0106454 0.00942123 0.009846 0.0162391 0.0182618 0.0232228 0.0188816 0.0125731 0.0110547 0.00871834 0.00937063 0.00892529 0.00989303 0.0119506 0.0130866 0.0105676 0.0091699 0.00868092 0.0105466 0.00892736 0.00819594 0.00859051 0.00838088 0.00828491 0.00799071 0.00829913 0.00841065 0.00834193 0.00826858 0.00852391 0.00856647 0.00851418 0.00852347 0.00874715 0.0085523 0.00829621 0.00817017 0.00843112 0.00839573 0.00864574 0.00859443 0.00858413 0.00864482 0.00836971 0.00827963 0.00843167 0.00879406 0.00860508 0.00864053 0.00852053 0.0085969 0.00844583 0.00839646 0.00840204 0.0087176 0.00869597 0.00887835 0.00891048 0.0087102 0.00873834 0.00850915 0.00865238 0.00867549 0.00846926 0.00891581 0.00879217 0.00886251 0.00856771 0.0090966 0.00895129 0.00968214 0.0105561 
0.014777 0.0211992 0.0446061 0.00369828 0.00370617 0 0.00369503 0.00370424 0.00380352 0.00377405 0.00400722 0.00519864 0.00835408 0.00698264 0.0200657 0.0156371 0.876052 0.0565711 0.00973575 0.00909058 0.0151112 0.0307353 0.0606889 0.0338049 0.032258 0.0139978 0.0105864 0.0089678 0.0112198 0.0148526 0.0507688 0.0498929 0.0441027 0.0289583 0.0136297 0.0137202 0.00877883 0.00893475 0.0114778 0.016173 0.0232427 0.0129233 0.00890433 0.00923124 0.00960308 0.00972102 0.0080988 0.00848861 0.00844709 0.00818134 0.00813211 0.00833329 0.00841281 0.00825353 0.00834477 0.00859901 0.0087361 0.00867362 0.0087203 0.00856655 0.00854565 0.00834179 0.00826013 0.00849782 0.00858676 0.00888609 0.00893009 0.00869188 0.00881729 0.00840382 0.00834191 0.00874332 0.00880276 0.00879824 0.00875195 0.00855099 0.00856595 0.00846835 0.00835427 0.00857396 0.00872368 0.00893744 0.00920717 0.00906188 0.00884241 0.00856665 0.00872085 0.00855218 0.00860543 0.00870298 0.00923279 0.00909911 0.00870349 0.00874933 0.00931406 0.00868318 0.0100965 0.0105588 
0.0111162 0.017645 0.0139279 0.00370709 0.00369213 0.00369503 0 0.00371048 0.00375582 0.00375664 0.00375489 0.0047659 0.00531247 0.010153 0.0143097 0.936989 0.0648031 0.0135836 0.00981568 0.00867437 0.0153297 0.0320115 0.0369348 0.0613959 0.0257527 0.0126212 0.0102042 0.00907991 0.00951283 0.0238229 0.0312833 0.0556355 0.0441804 0.0193007 0.0193751 0.00951981 0.00943621 0.00866037 0.010693 0.0150948 0.0250127 0.0115154 0.00930037 0.00890116 0.00974094 0.00925765 0.008143 0.00853529 0.00832174 0.00828484 0.00812001 0.0083663 0.00835848 0.00825703 0.00832697 0.0084463 0.00866293 0.00875505 0.00861864 0.00861994 0.00844429 0.00837263 0.00830302 0.00841195 0.00852257 0.008774 0.00868479 0.0085764 0.00867746 0.0082756 0.00832369 0.00844881 0.00871487 0.00855041 0.00867557 0.00857711 0.0084502 0.00843731 0.00836017 0.00851546 0.00867521 0.00875389 0.00901725 0.00888205 0.00874376 0.00851906 0.00855938 0.0084375 0.00848281 0.00852671 0.00912198 0.00890566 0.00861686 0.00858208 0.00914811 0.00849641 0.00963431 0.010487 
0.0102749 0.0124408 0.0199373 0.00371131 0.00371944 0.00370424 0.00371048 0 0.00365824 0.0037031 0.00373178 0.00401131 0.00982562 0.00664729 0.9237 0.0471434 0.00956656 0.0108899 0.00781611 0.00844355 0.0179235 0.0201936 0.0613575 0.0292221 0.0281711 0.0122628 0.00946463 0.00868591 0.0103018 0.0124979 0.0396705 0.0376718 0.0307646 0.0264469 0.011185 0.0112929 0.0088037 0.00867661 0.0100965 0.0138879 0.0184406 0.0116233 0.00873571 0.00852581 0.0091087 0.00904418 0.00806847 0.00836496 0.00832437 0.0081372 0.0080607 0.0083199 0.00830319 0.00812962 0.00823261 0.00843178 0.00860843 0.00849964 0.00855264 0.00845192 0.00833361 0.00827054 0.00818784 0.00835436 0.0084499 0.00862186 0.00857673 0.00865078 0.00842446 0.00825357 0.00822796 0.00869581 0.00856055 0.0086101 0.0085558 0.00847949 0.00842122 0.00838283 0.00831681 0.00847519 0.00853824 0.00869221 0.00881813 0.00870836 0.00860549 0.00846256 0.00851529 0.00841483 0.0085042 0.00835416 0.00888112 0.00870467 0.00848575 0.00849328 0.00894507 0.00849292 0.00939838 0.00986343 
0.0112269 0.0129199 0.0161563 0.0037383 0.00374035 0.00380352 0.00375582 0.00365824 0 0.00369636 0.00377226 0.00430929 0.00552835 0.966204 0.0230286 0.0137067 0.00980088 0.00883767 0.00843257 0.00809952 0.0146445 0.0295534 0.0347137 0.0372219 0.0198604 0.0113072 0.00985609 0.00896995 0.00963536 0.0257752 0.0224465 0.0440602 0.0367321 0.0151983 0.0153221 0.00926439 0.00940868 0.00861946 0.0110625 0.0133836 0.0212772 0.0103161 0.00924503 0.00868862 0.00975062 0.00892011 0.00811291 0.00870098 0.00839883 0.00830843 0.00805947 0.00836322 0.00835106 0.00820188 0.00833456 0.00845034 0.00862271 0.00864957 0.00859983 0.00857386 0.00841959 0.00833696 0.00826555 0.00839046 0.00849435 0.00871359 0.00865917 0.00853421 0.00856551 0.00826762 0.00826587 0.00842423 0.00862071 0.00855741 0.00862072 0.00856415 0.00847711 0.00842832 0.00835213 0.00844563 0.00866358 0.00868511 0.00898184 0.00879477 0.00870655 0.0085492 0.00858438 0.00841548 0.00841834 0.0084205 0.00902003 0.00881639 0.00864137 0.00847219 0.0091349 0.0085199 0.0096296 0.0104622 
0.0109552 0.0317671 0.0189391 0.00385166 0.00404823 0.00377405 0.00375664 0.0037031 0.00369636 0 0.00375612 0.00463475 0.996563 0.00459965 0.0199613 0.00705471 0.00723186 0.0105686 0.0079876 0.00917595 0.0162066 0.0239606 0.0227891 0.0149394 0.0122312 0.0140524 0.00900553 0.0100532 0.0135622 0.0110351 0.0191648 0.0169055 0.0138341 0.0132816 0.00909384 0.00951358 0.00861038 0.00935847 0.0101046 0.0118114 0.0114624 0.0103683 0.00862518 0.00929911 0.0094857 0.00896547 0.00823074 0.00830592 0.00850479 0.00818488 0.00812465 0.00832111 0.0082479 0.00820926 0.00833028 0.00850779 0.00852052 0.00842459 0.0084704 0.00835397 0.00831835 0.00820769 0.00818912 0.00839571 0.00836887 0.00856452 0.00858968 0.0084644 0.0084214 0.00823554 0.00827941 0.00866765 0.00861867 0.00865227 0.00856739 0.00846169 0.00850051 0.00840409 0.00841799 0.00852126 0.00879348 0.00882365 0.00883873 0.00885419 0.00864753 0.00850809 0.00853153 0.00864812 0.00859202 0.00848233 0.00894192 0.00888226 0.0087533 0.00896566 0.00907208 0.00880154 0.0101578 0.0100171 
0.0238641 0.0099407 0.0224791 0.00680281 0.00425473 0.00400722 0.00375489 0.00373178 0.00377226 0.00375612 0 0.998974 0.00440114 0.00494859 0.00411624 0.00498849 0.0057918 0.0074281 0.0089146 0.0125901 0.0213875 0.0113301 0.0103796 0.0103597 0.00945376 0.00906225 0.010634 0.017084 0.0131768 0.0109027 0.00946053 0.010543 0.010265 0.00916253 0.00897013 0.00842071 0.00852778 0.00874812 0.014171 0.00919344 0.00917667 0.00877706 0.00921615 0.0100559 0.00865617 0.00888752 0.00846591 0.00878921 0.00810251 0.00862712 0.00849738 0.00831683 0.00817482 0.00834292 0.00855959 0.00824257 0.00824168 0.00825353 0.00821432 0.00823797 0.00817189 0.00828968 0.00836552 0.00826739 0.00826287 0.00832284 0.00842984 0.00827371 0.00825181 0.00829509 0.00869018 0.00885383 0.00843746 0.00839149 0.00842533 0.00838717 0.00836955 0.00847028 0.00924447 0.00876893 0.00871353 0.0084899 0.0085605 0.00846109 0.00842715 0.00837934 0.00835631 0.00838404 0.00845415 0.00901509 0.00870527 0.00852668 0.00886116 0.00918945 0.00927327 0.00892796 0.0107559 0.0113609 
0.010714 0.0089419 0.0140944 0.00511475 0.00554752 0.00519864 0.0047659 0.00401131 0.00430929 0.00463475 0.998974 0 0.00375833 0.00369974 0.00372751 0.00371864 0.00372075 0.00377767 0.00580505 0.0123964 0.0173218 0.0101688 0.00902412 0.00943143 0.00887153 0.00925331 0.0116739 0.013899 0.00929061 0.00910267 0.00871308 0.00916231 0.00869152 0.00853917 0.00845949 0.00811976 0.00837772 0.00919702 0.00898579 0.00846954 0.00844841 0.0084555 0.0106078 0.00820649 0.00830927 0.00870398 0.00843059 0.00824975 0.00796981 0.008808 0.00808729 0.00818115 0.00813149 0.00837233 0.00825462 0.00813079 0.0082865 0.00821244 0.00825429 0.00822999 0.00817247 0.00824534 0.00800094 0.00814815 0.00816603 0.00821869 0.00819162 0.00823682 0.00817374 0.00834382 0.00854219 0.00831023 0.00830765 0.00828106 0.00834721 0.00826367 0.00829639 0.00840188 0.0086019 0.00837825 0.0084106 0.00835553 0.00849457 0.00834601 0.00833107 0.00829775 0.00831651 0.00832451 0.00844668 0.00838789 0.00837767 0.00836049 0.00859553 0.00847028 0.00864263 0.00873956 0.0092698 0.0101448 
0.00934349 0.0115673 0.00939985 0.00587997 0.00633311 0.00835408 0.00531247 0.00982562 0.00552835 0.996563 0.00440114 0.00375833 0 0.0036875 0.00368664 0.0036935 0.00364213 0.0118367 0.00403881 0.00654271 0.0172024 0.0169421 0.0162975 0.0108178 0.0114542 0.0117736 0.00905746 0.00921673 0.00993172 0.00969305 0.0139961 0.0131916 0.0105531 0.0108649 0.00881742 0.00900448 0.00824745 0.00872299 0.00947017 0.0104765 0.00976882 0.0091701 0.00855488 0.00836777 0.00879086 0.00840866 0.00808724 0.00809604 0.00841235 0.00816075 0.00806568 0.00817209 0.00818167 0.00817999 0.00811093 0.00821889 0.0083528 0.00826522 0.00831205 0.00821118 0.00824343 0.0081605 0.00812594 0.0082072 0.00820389 0.00839918 0.00836278 0.00829631 0.00825897 0.00817562 0.00813992 0.00831071 0.00838723 0.00840727 0.00842272 0.00838947 0.00837605 0.00828865 0.00824184 0.00838097 0.0084303 0.00850931 0.0084963 0.0084964 0.00845462 0.00842766 0.00844717 0.00834394 0.0084369 0.00830141 0.00848332 0.00850856 0.00840841 0.00852295 0.00863818 0.00849605 0.00900658 0.00904117 
0.010443 0.0111941 0.0112094 0.00649723 0.00781265 0.00698264 0.010153 0.00664729 0.966204 0.00459965 0.00494859 0.00369974 0.0036875 0 0.00370455 0.00370826 0.00371987 0.003852 0.00373965 0.00692514 0.0199725 0.0485888 0.0244404 0.0321046 0.0210265 0.0109561 0.00948861 0.0093083 0.00979734 0.0272958 0.0211076 0.0451097 0.0330784 0.0163564 0.0189752 0.00896777 0.00987368 0.00842047 0.0124961 0.0146779 0.0215199 0.0103949 0.00894751 0.00896137 0.00994594 0.00900344 0.00813948 0.00870266 0.00826746 0.00834778 0.00812318 0.00840931 0.00835389 0.00818988 0.00835745 0.00851546 0.00870395 0.00862962 0.00865251 0.00858125 0.00835113 0.00830706 0.00824227 0.00842873 0.00852749 0.00889523 0.00867744 0.00856005 0.00845571 0.00823567 0.008273 0.00853004 0.00862314 0.00860924 0.00866701 0.00856529 0.00850017 0.00842892 0.00833527 0.00876612 0.00868685 0.00869048 0.00880744 0.00883006 0.00868639 0.00854626 0.00856401 0.00843505 0.00837934 0.00845054 0.00884734 0.00885835 0.00851875 0.00856508 0.00902652 0.00844291 0.00910418 0.00976028 
0.0109937 0.0135671 0.0124807 0.00699735 0.00729832 0.0200657 0.0143097 0.9237 0.0230286 0.0199613 0.00411624 0.00372751 0.00368664 0.00370455 0 0.00370666 0.00370285 0.00371154 0.00373612 0.00681729 0.10924 0.0447279 0.109408 0.0406686 0.0449153 0.0150317 0.0110937 0.00944199 0.0141853 0.0196836 0.0874845 0.0596798 0.0551146 0.0397385 0.0138038 0.0168134 0.00901836 0.0095602 0.01363 0.0273742 0.0303805 0.0151553 0.00939144 0.0098347 0.0103712 0.0110203 0.00829687 0.00921954 0.00856047 0.00932231 0.00841689 0.00845309 0.00854252 0.0082488 0.00847502 0.00861485 0.00892322 0.00873127 0.00868373 0.00864871 0.00854737 0.00829275 0.00829654 0.00846355 0.00856856 0.00894919 0.00883622 0.0086793 0.00881104 0.00827942 0.00820269 0.0086138 0.00863504 0.00865766 0.0086893 0.0085966 0.00859703 0.00838994 0.0082447 0.00877066 0.00860549 0.00884125 0.00898997 0.00891724 0.0087008 0.00853312 0.00858698 0.00847564 0.00843881 0.00847205 0.0090489 0.00912704 0.00864339 0.00873389 0.00918932 0.0085729 0.00938896 0.00989855 
0.0113634 0.0131903 0.0141124 0.00765649 0.0105271 0.0156371 0.936989 0.0471434 0.0137067 0.00705471 0.00498849 0.00371864 0.0036935 0.00370826 0.00370666 0 0.00370268 0.00370597 0.00371137 0.00636878 0.028633 0.177361 0.0789643 0.127921 0.040125 0.0218592 0.0116882 0.00977926 0.0127546 0.0370112 0.0508335 0.118697 0.0858133 0.0363542 0.0283511 0.0117157 0.0107155 0.00961352 0.0155018 0.0254887 0.0501846 0.0193484 0.009687 0.00997867 0.0123659 0.0109645 0.00829448 0.00895192 0.00870885 0.00842165 0.00833077 0.00836223 0.00859079 0.00830109 0.00856012 0.00867942 0.00932314 0.00907425 0.00885371 0.00879247 0.00870859 0.00837084 0.00837217 0.00857845 0.00861515 0.00904478 0.00915701 0.00882133 0.00900486 0.00835522 0.0082529 0.0087739 0.0088539 0.00890705 0.00902285 0.00879392 0.00871248 0.00854187 0.00831323 0.00865327 0.0088412 0.00919214 0.00933855 0.00944504 0.00894162 0.00865973 0.00870553 0.00859196 0.00857559 0.00854385 0.00932207 0.00926525 0.00873737 0.00865841 0.00934568 0.00859745 0.00964068 0.0101393 
0.0104911 0.0109726 0.0137463 0.00826676 0.0161526 0.876052 0.0648031 0.00956656 0.00980088 0.00723186 0.0057918 0.00372075 0.00364213 0.00371987 0.00370285 0.00370268 0 0.00369682 0.00369189 0.00626492 0.0313679 0.0604663 0.225276 0.0509296 0.0666202 0.0138827 0.0118193 0.00924179 0.012125 0.0223844 0.0620768 0.0639023 0.0582587 0.0314887 0.0165968 0.0120653 0.00947433 0.0089905 0.0115428 0.0227869 0.0412412 0.013594 0.00908803 0.00920023 0.0106707 0.00999757 0.00816255 0.00874521 0.00854877 0.00835367 0.00820621 0.00841887 0.00852192 0.00817774 0.00874917 0.00857312 0.00913369 0.00898819 0.00869974 0.00871034 0.00848336 0.00828571 0.00829487 0.00843961 0.00853468 0.00901959 0.00890934 0.00865554 0.00865352 0.00824841 0.00823703 0.00848268 0.00895767 0.00900943 0.0089101 0.00865254 0.00855519 0.00840631 0.00832549 0.00856126 0.008812 0.00882286 0.00956566 0.00897846 0.0087868 0.0085637 0.00865686 0.00849271 0.00849856 0.00848165 0.00909485 0.00907773 0.00856074 0.00851606 0.00908897 0.00847547 0.0092762 0.00969104 
0.00998047 0.0307936 0.0140398 0.0235978 0.90635 0.0565711 0.0135836 0.0108899 0.00883767 0.0105686 0.0074281 0.00377767 0.0118367 0.003852 0.00371154 0.00370597 0.00369682 0 0.00372498 0.00826268 0.0190551 0.0568762 0.0369063 0.100894 0.0263905 0.065342 0.012828 0.0110234 0.011271 0.0201474 0.0222304 0.0268339 0.0227011 0.0148283 0.0111763 0.00945078 0.0103768 0.00924853 0.0110084 0.0148873 0.0153962 0.0153001 0.00909619 0.00941037 0.0111385 0.0102379 0.00854775 0.0086128 0.00869364 0.00832343 0.00812107 0.00845426 0.00835389 0.0082087 0.00840891 0.00849063 0.00865234 0.00861877 0.00861103 0.00846731 0.0083892 0.00826549 0.00821544 0.00840049 0.00847813 0.00873691 0.00878998 0.0085599 0.00853953 0.00816098 0.00819491 0.00851356 0.00858432 0.00869098 0.00870639 0.00849596 0.00847208 0.00847643 0.00827758 0.00847769 0.00873154 0.00882788 0.00895453 0.00893248 0.00871138 0.00850352 0.00859529 0.00853863 0.0084808 0.00848713 0.00898814 0.00890452 0.00856538 0.00865461 0.00910702 0.00849757 0.00959041 0.00982111 
0.0168226 0.00996252 0.0226096 0.877188 0.0272813 0.00973575 0.00981568 0.00781611 0.00843257 0.0079876 0.0089146 0.00580505 0.00403881 0.00373965 0.00373612 0.00371137 0.00369189 0.00372498 0 0.159673 0.0255025 0.0180887 0.0179263 0.0185993 0.0270755 0.0150582 0.0217194 0.0203146 0.0177911 0.0113146 0.0106676 0.0113852 0.0109463 0.00988412 0.00915381 0.00868799 0.00865943 0.0104976 0.0135244 0.00947535 0.00969636 0.00895362 0.00910388 0.011025 0.00897639 0.0101328 0.00892765 0.00946266 0.00810964 0.00817896 0.00850826 0.0081453 0.0081112 0.00820757 0.00838804 0.00823815 0.00823774 0.00825263 0.00823532 0.00818066 0.00810178 0.00825791 0.00830497 0.00824625 0.00819522 0.00831404 0.00837889 0.00830837 0.00816881 0.00820416 0.00853901 0.00856424 0.00835315 0.00835666 0.0083861 0.00830912 0.00836096 0.00837749 0.00888122 0.00864477 0.00848985 0.00848688 0.00851565 0.00843112 0.00837898 0.00833912 0.00836889 0.00833541 0.00835866 0.00867517 0.00854464 0.00847366 0.0086265 0.00889924 0.0087428 0.00844214 0.00983226 0.00989185 
0.0125431 0.0100313 0.0192438 0.012914 0.00928889 0.00909058 0.00867437 0.00844355 0.00809952 0.00917595 0.0125901 0.0123964 0.00654271 0.00692514 0.00681729 0.00636878 0.00626492 0.00826268 0.159673 0 0.01741 0.0131562 0.0106244 0.0115872 0.0108994 0.0142202 0.0150834 0.328525 0.0132227 0.0100405 0.00932705 0.00963682 0.00926032 0.00917332 0.00884283 0.00842722 0.00878012 0.0125138 0.0112853 0.00875257 0.00866862 0.00924181 0.0122539 0.0101819 0.00855253 0.0108663 0.0272147 0.00878852 0.00820144 0.00996122 0.00894889 0.0081061 0.00809302 0.00904197 0.00874689 0.00811653 0.00812715 0.00811577 0.00808649 0.00807287 0.00804951 0.00868809 0.00851531 0.00806053 0.00810826 0.0081384 0.00808937 0.00811852 0.00813437 0.00881217 0.011858 0.00870589 0.00822558 0.00819392 0.00826655 0.00826071 0.00827715 0.00870813 0.0103885 0.00894063 0.00839645 0.00843867 0.00857157 0.00845405 0.00841553 0.00842038 0.00835058 0.00844894 0.00918544 0.00891975 0.00872405 0.00858557 0.00950602 0.0100085 0.00909307 0.00978124 0.0109116 0.0122029 
0.0107289 0.0103941 0.0156793 0.0222062 0.0151678 0.0151112 0.0153297 0.0179235 0.0146445 0.0162066 0.0213875 0.0173218 0.0172024 0.0199725 0.10924 0.028633 0.0313679 0.0190551 0.0255025 0.01741 0 0.00379352 0.00371788 0.00368291 0.00381514 0.00385218 0.00512574 0.00977869 0.278421 0.0337123 0.0228094 0.0217394 0.0179303 0.0139789 0.0115063 0.0105487 0.0114356 0.0201978 0.0393609 0.0227937 0.0151873 0.013277 0.0220756 0.0143932 0.0116301 0.0198936 0.0100232 0.0106989 0.00890659 0.0108876 0.00831375 0.00840499 0.00838287 0.00904041 0.00908119 0.00852429 0.00872878 0.0086973 0.00888023 0.00864584 0.00847561 0.00856057 0.00837737 0.00835172 0.0084683 0.00873157 0.00896527 0.00857329 0.008534 0.00882383 0.00863498 0.008803 0.0084825 0.00855514 0.0085968 0.00847586 0.00841191 0.00840893 0.00844959 0.00850169 0.00855184 0.00863046 0.00880224 0.00874598 0.00853036 0.00842035 0.00845359 0.00846904 0.00859543 0.00848482 0.00869659 0.00857983 0.00900739 0.00850871 0.00881405 0.00883938 0.00898162 0.00980181 
0.00921428 0.0148848 0.00993549 0.0157318 0.0263084 0.0307353 0.0320115 0.0201936 0.0295534 0.0239606 0.0113301 0.0101688 0.0169421 0.0485888 0.0447279 0.177361 0.0604663 0.0568762 0.0180887 0.0131562 0.00379352 0 0.00372624 0.00371224 0.00377349 0.0080396 0.00382397 0.00528591 0.0444584 0.35732 0.0446853 0.081415 0.0442195 0.0269094 0.0189411 0.0141488 0.0165231 0.0103814 0.0278948 0.0636 0.0366922 0.0271841 0.0104965 0.011728 0.031209 0.0121756 0.00908455 0.0104456 0.0104276 0.00942791 0.00816634 0.00866966 0.00866484 0.00841891 0.00843886 0.00898179 0.0091833 0.00922773 0.00915019 0.00897936 0.00869273 0.00831659 0.00828616 0.0086252 0.00904213 0.00928879 0.00949412 0.00891399 0.00904764 0.00831772 0.00814259 0.00856686 0.00898534 0.00891431 0.00910114 0.008745 0.00854104 0.00835415 0.00816594 0.0084963 0.00875353 0.00886131 0.00915489 0.0093123 0.00884329 0.0086161 0.00867962 0.00848643 0.00854081 0.00835852 0.00901524 0.00888124 0.00854671 0.00847854 0.00907353 0.00853752 0.00886839 0.00934098 
0.00937581 0.0103892 0.0105684 0.0152794 0.0237366 0.0606889 0.0369348 0.0613575 0.0347137 0.0227891 0.0103796 0.00902412 0.0162975 0.0244404 0.109408 0.0789643 0.225276 0.0369063 0.0179263 0.0106244 0.00371788 0.00372624 0 0.00371623 0.00369656 0.0037858 0.00371606 0.00452871 0.0576962 0.0389113 0.373281 0.0766914 0.118032 0.0494828 0.023256 0.0287112 0.0106858 0.011016 0.0207599 0.0480817 0.0872255 0.0242672 0.0101 0.0134181 0.0160018 0.0142144 0.00893685 0.00956036 0.00951225 0.00862064 0.00838295 0.00871315 0.00901376 0.00838477 0.00857308 0.00906823 0.0100563 0.00984656 0.00948183 0.00912028 0.00887183 0.00831382 0.00826307 0.00878783 0.00916162 0.0101672 0.0101057 0.00925203 0.00938308 0.00831573 0.00831763 0.00861487 0.00885528 0.00902819 0.00890944 0.00883772 0.00863685 0.00831869 0.00818276 0.0086154 0.00871382 0.00895261 0.00902349 0.00920002 0.00876767 0.00861054 0.00867703 0.00851592 0.0085007 0.00844862 0.00893115 0.00881997 0.00855571 0.00847966 0.00890091 0.00853346 0.00876717 0.00926441 
0.00890691 0.0103502 0.00963108 0.0132556 0.0209831 0.0338049 0.0613959 0.0292221 0.0372219 0.0149394 0.0103597 0.00943143 0.0108178 0.0321046 0.0406686 0.127921 0.0509296 0.100894 0.0185993 0.0115872 0.00368291 0.00371224 0.00371623 0 0.00374552 0.00369657 0.00371024 0.00469783 0.0218967 0.0869031 0.0465897 0.322033 0.0694151 0.0537388 0.0373785 0.0134194 0.0132808 0.00992537 0.0162739 0.040842 0.0588345 0.026165 0.0107101 0.0103805 0.0184266 0.0128395 0.00868123 0.00992577 0.00889753 0.00880964 0.00820072 0.0088956 0.00864978 0.00840309 0.00851313 0.00900783 0.00944374 0.00939118 0.00899616 0.0095729 0.00860534 0.00840174 0.00831683 0.00861509 0.00921733 0.00943652 0.00951717 0.00919173 0.00900664 0.00833678 0.00822559 0.0085764 0.00886187 0.00878617 0.00899399 0.00875435 0.00853393 0.00835439 0.00819483 0.00852447 0.00872878 0.00877142 0.00898408 0.008923 0.00876733 0.00855965 0.00862242 0.00846321 0.00841281 0.00848641 0.00894995 0.00870939 0.00855282 0.00853369 0.00894771 0.00845491 0.00875619 0.00935289 
0.00873095 0.00906092 0.00994401 0.0121389 0.0147465 0.032258 0.0257527 0.0281711 0.0198604 0.0122312 0.00945376 0.00887153 0.0114542 0.0210265 0.0449153 0.040125 0.0666202 0.0263905 0.0270755 0.0108994 0.00381514 0.00377349 0.00369656 0.00374552 0 0.00369028 0.00368766 0.00938991 0.0255262 0.0286245 0.102426 0.0590782 0.220555 0.0296454 0.0220857 0.0154102 0.00991122 0.0099332 0.0148382 0.0239926 0.0525742 0.0182685 0.00970648 0.0103029 0.011139 0.0119579 0.00840179 0.00911244 0.00870631 0.00857737 0.00815144 0.00845835 0.00853272 0.0082107 0.00838034 0.00861514 0.00899916 0.00893409 0.00873854 0.00864299 0.00837655 0.00819938 0.00815974 0.00841857 0.00857682 0.00894194 0.00883138 0.00877269 0.00851065 0.00812895 0.00810638 0.00861761 0.0085927 0.00872774 0.00861186 0.00853395 0.00836768 0.00825963 0.00818718 0.00839058 0.00855272 0.00858471 0.00896296 0.00860241 0.00853227 0.00841534 0.00850798 0.0083451 0.00830537 0.00834865 0.00861689 0.0085468 0.00844564 0.00836154 0.00865259 0.00837971 0.00851546 0.00895844 
0.00863538 0.00989112 0.00897933 0.0114987 0.0136335 0.0139978 0.0126212 0.0122628 0.0113072 0.0140524 0.00906225 0.00925331 0.0117736 0.0109561 0.0150317 0.0218592 0.0138827 0.065342 0.0150582 0.0142202 0.00385218 0.0080396 0.0037858 0.00369657 0.00369028 0 0.00377466 0.0144435 0.014806 0.0199009 0.0313281 0.0351785 0.0284182 0.0686275 0.0106239 0.0112172 0.0115594 0.0109017 0.0111182 0.0190783 0.0172151 0.0211997 0.00938729 0.0102201 0.0164169 0.012147 0.00889834 0.00858628 0.00881476 0.00831485 0.0082368 0.00837233 0.00836322 0.0080873 0.00837847 0.00861565 0.00852979 0.00853148 0.00839242 0.00832643 0.00829954 0.00815349 0.00813483 0.00835642 0.00841957 0.0085179 0.00852943 0.00839375 0.00840604 0.00805696 0.00809167 0.00832935 0.00834419 0.00846998 0.00849616 0.00833967 0.00828127 0.00816082 0.00811673 0.00835159 0.00838424 0.00843454 0.00847627 0.00848288 0.00842325 0.00835326 0.00838993 0.00835259 0.00823924 0.00831404 0.00845541 0.00851273 0.00837706 0.00835943 0.00865952 0.00831077 0.00859315 0.00883346 
0.00991301 0.0084563 0.00929843 0.0162471 0.0106454 0.0105864 0.0102042 0.00946463 0.00985609 0.00900553 0.010634 0.0116739 0.00905746 0.00948861 0.0110937 0.0116882 0.0118193 0.012828 0.0217194 0.0150834 0.00512574 0.00382397 0.00371606 0.00371024 0.00368766 0.00377466 0 0.210896 0.019814 0.0157149 0.0143623 0.0169366 0.0168463 0.013208 0.0149138 0.00863247 0.0115547 0.0109352 0.0149818 0.0103237 0.0108926 0.0108757 0.0113623 0.0117355 0.00930786 0.0156874 0.00924458 0.00965206 0.00819159 0.00873377 0.00832752 0.00812616 0.00809921 0.00819873 0.00821317 0.00811061 0.00823695 0.00823687 0.00814091 0.00817531 0.00807731 0.00830402 0.00813214 0.00813715 0.00820063 0.00821679 0.00835112 0.00851089 0.0081424 0.0082012 0.00827325 0.00850466 0.0082409 0.00834987 0.0084829 0.00823418 0.00817873 0.00822814 0.00851491 0.00841518 0.00834543 0.00834469 0.00841073 0.00834759 0.00832868 0.00828346 0.00828843 0.00830153 0.00813045 0.00837736 0.00838789 0.00837975 0.00839938 0.00849218 0.00842943 0.00831725 0.0087869 0.0088542 
0.0120089 0.00854067 0.0106631 0.0141175 0.00942123 0.0089678 0.00907991 0.00868591 0.00896995 0.0100532 0.017084 0.013899 0.00921673 0.0093083 0.00944199 0.00977926 0.00924179 0.0110234 0.0203146 0.328525 0.00977869 0.00528591 0.00452871 0.00469783 0.00938991 0.0144435 0.210896 0 0.0218151 0.0131525 0.0117697 0.0134052 0.012849 0.01357 0.00972573 0.00886812 0.0110518 0.0262861 0.0214371 0.0111017 0.00963876 0.0109466 0.0162658 0.0144876 0.0107876 0.0131764 0.0355545 0.0112571 0.00864769 0.0115787 0.00938664 0.00815994 0.00810416 0.010075 0.00926372 0.00813022 0.00815416 0.00823539 0.00814387 0.00817487 0.00811935 0.00925731 0.00880331 0.00804845 0.00814501 0.00833438 0.00817991 0.00891276 0.00822717 0.00918637 0.0157829 0.00879092 0.00817656 0.00820732 0.00836985 0.00828892 0.00824888 0.00888828 0.0104476 0.0088453 0.00833495 0.00843341 0.00869045 0.0084154 0.00840154 0.00838444 0.0083251 0.0083681 0.00898816 0.00890426 0.00866745 0.00842905 0.00935382 0.0100273 0.00890894 0.00936648 0.0103364 0.0113143 
0.00914589 0.00850491 0.010083 0.0115449 0.009846 0.0112198 0.00951283 0.0103018 0.00963536 0.0135622 0.0131768 0.00929061 0.00993172 0.00979734 0.0141853 0.0127546 0.012125 0.011271 0.0177911 0.0132227 0.278421 0.0444584 0.0576962 0.0218967 0.0255262 0.014806 0.019814 0.0218151 0 0.00374257 0.00372645 0.00373937 0.00375924 0.00376246 0.00376092 0.00397466 0.00434952 0.0128954 0.023578 0.021539 0.0136496 0.0141524 0.0272093 0.0184445 0.0132066 0.0355116 0.0121916 0.0123758 0.0108211 0.0136085 0.00869088 0.00832108 0.00864736 0.00993657 0.00926302 0.00849903 0.00890749 0.00889499 0.0089687 0.00888609 0.00857401 0.00876706 0.00828023 0.0083451 0.00850329 0.00921987 0.00908556 0.00864007 0.00866814 0.0091196 0.00869344 0.00874827 0.0083875 0.00852405 0.00847007 0.00835636 0.00836166 0.0082091 0.00857773 0.00833002 0.00832847 0.00853874 0.00858181 0.00851498 0.00838166 0.00830221 0.0083349 0.00829481 0.00833095 0.00843297 0.00837957 0.00838674 0.00881551 0.00848192 0.00855739 0.00861335 0.00850888 0.00894582 
0.00873853 0.00932587 0.0092863 0.011886 0.0162391 0.0148526 0.0238229 0.0124979 0.0257752 0.0110351 0.0109027 0.00910267 0.00969305 0.0272958 0.0196836 0.0370112 0.0223844 0.0201474 0.0113146 0.0100405 0.0337123 0.35732 0.0389113 0.0869031 0.0286245 0.0199009 0.0157149 0.0131525 0.00374257 0 0.00371134 0.00375319 0.00377504 0.00373742 0.00412378 0.00371725 0.00751941 0.00410589 0.0869702 0.0390902 0.0361303 0.0282854 0.0141145 0.0122918 0.0603605 0.0131843 0.0102582 0.0192221 0.0113254 0.0118266 0.00834916 0.00991394 0.00923027 0.00911219 0.00861843 0.0103984 0.0102209 0.0105991 0.0101287 0.0110676 0.00942412 0.00886373 0.00833009 0.00875591 0.00979477 0.00997148 0.0107161 0.00945775 0.00947419 0.00854295 0.00822798 0.00872634 0.00904749 0.00904236 0.00907668 0.00892176 0.00857057 0.0083064 0.00807234 0.00854173 0.00872861 0.00882299 0.00892923 0.00892249 0.00867133 0.00849333 0.00864511 0.00840304 0.00842484 0.00842293 0.00877021 0.00863817 0.00847504 0.00851518 0.00879918 0.00845713 0.00861274 0.00900108 
0.00893235 0.00946671 0.00899976 0.0131791 0.0182618 0.0507688 0.0312833 0.0396705 0.0224465 0.0191648 0.00946053 0.00871308 0.0139961 0.0211076 0.0874845 0.0508335 0.0620768 0.0222304 0.0106676 0.00932705 0.0228094 0.0446853 0.373281 0.0465897 0.102426 0.0313281 0.0143623 0.0117697 0.00372645 0.00371134 0 0.00372338 0.0037165 0.00372207 0.00374885 0.0060861 0.00377402 0.00393446 0.0256008 0.134452 0.0320777 0.0291901 0.0100853 0.0211348 0.0186272 0.0191032 0.00973248 0.0140826 0.0133592 0.00977146 0.00862018 0.00926696 0.0119881 0.00876254 0.0092064 0.011141 0.0143542 0.013202 0.0126768 0.0115641 0.0107612 0.00892119 0.00853933 0.00932065 0.01046 0.0142303 0.0133064 0.0110098 0.0104013 0.00873515 0.0082892 0.00932536 0.00934236 0.00997922 0.00937108 0.00910534 0.00871637 0.00830025 0.00803453 0.00861785 0.00878199 0.00908088 0.00923113 0.00901077 0.0087427 0.00860882 0.00864116 0.0084335 0.00829021 0.00847579 0.00874066 0.00877496 0.00851219 0.00850225 0.00872749 0.00846081 0.00863757 0.00893794 
0.00885171 0.00975023 0.0091601 0.0137121 0.0232228 0.0498929 0.0556355 0.0376718 0.0440602 0.0169055 0.010543 0.00916231 0.0131916 0.0451097 0.0596798 0.118697 0.0639023 0.0268339 0.0113852 0.00963682 0.0217394 0.081415 0.0766914 0.322033 0.0590782 0.0351785 0.0169366 0.0134052 0.00373937 0.00375319 0.00372338 0 0.00372452 0.00376555 0.00399544 0.00373293 0.00387019 0.0040002 0.0336031 0.0322727 0.156444 0.0224392 0.014753 0.0161043 0.0275377 0.0175518 0.00989094 0.0169424 0.0106902 0.010331 0.00863186 0.0102607 0.0106316 0.00901338 0.00996229 0.0121169 0.0152854 0.0156041 0.0136016 0.0136 0.0109747 0.00920633 0.00857571 0.00986419 0.012688 0.0147128 0.0167374 0.0118666 0.0119523 0.00889137 0.00833283 0.00957019 0.010303 0.0111915 0.0104822 0.00981938 0.00896982 0.00840197 0.00806215 0.00888271 0.00917009 0.00940203 0.00982005 0.00991637 0.0092538 0.00877894 0.00905395 0.00853887 0.0086247 0.00870757 0.00930322 0.00906995 0.0086772 0.0086893 0.00905299 0.00855485 0.00887155 0.00927448 
0.00861132 0.00896713 0.00890804 0.0120828 0.0188816 0.0441027 0.0441804 0.0307646 0.0367321 0.0138341 0.010265 0.00869152 0.0105531 0.0330784 0.0551146 0.0858133 0.0582587 0.0227011 0.0109463 0.00926032 0.0179303 0.0442195 0.118032 0.0694151 0.220555 0.0284182 0.0168463 0.012849 0.00375924 0.00377504 0.0037165 0.00372452 0 0.00370431 0.00370239 0.003708 0.00373259 0.00375298 0.0222195 0.0379873 0.032653 0.12169 0.0170631 0.0132169 0.0243851 0.0209265 0.0094873 0.0148149 0.0108697 0.0101602 0.00845092 0.00953242 0.00967125 0.00891258 0.00914453 0.0106514 0.0132909 0.0135682 0.0122947 0.0124208 0.0101339 0.00903891 0.00840379 0.00917315 0.0111946 0.0128333 0.0134324 0.010492 0.0100962 0.00922031 0.00825317 0.0090529 0.00939582 0.00964419 0.0094673 0.00917708 0.0088045 0.0083214 0.00807469 0.00858018 0.0087617 0.00904106 0.00923598 0.00902916 0.00875081 0.0087042 0.00857422 0.00866795 0.00833613 0.00876799 0.00874406 0.00888456 0.00845273 0.00850378 0.00876556 0.0084096 0.00867601 0.00892366 
0.00845103 0.0086678 0.00856026 0.0107721 0.0125731 0.0289583 0.0193007 0.0264469 0.0151983 0.0132816 0.00916253 0.00853917 0.0108649 0.0163564 0.0397385 0.0363542 0.0314887 0.0148283 0.00988412 0.00917332 0.0139789 0.0269094 0.0494828 0.0537388 0.0296454 0.0686275 0.013208 0.01357 0.00376246 0.00373742 0.00372207 0.00376555 0.00370431 0 0.00370803 0.00369241 0.00370081 0.00375053 0.0128871 0.0156288 0.0325001 0.019651 0.0332518 0.0135889 0.012738 0.0157232 0.0093211 0.0104096 0.00988622 0.00926086 0.00845031 0.00889966 0.00934312 0.00849193 0.00877518 0.0100333 0.0110761 0.0105216 0.0103355 0.00957814 0.00910277 0.00837228 0.00827528 0.00881435 0.00956891 0.0114515 0.0108039 0.00941561 0.0092828 0.00843177 0.00819314 0.00857184 0.00885034 0.00911348 0.00887063 0.00879165 0.00853688 0.0081556 0.0080483 0.00849834 0.00851994 0.00892937 0.00874988 0.00877142 0.00862731 0.0083426 0.00872051 0.00828643 0.00845858 0.00833252 0.00852366 0.0085833 0.00838092 0.00841388 0.00854893 0.008331 0.00845366 0.00859398 
0.00824171 0.00838656 0.00839247 0.00950278 0.0110547 0.0136297 0.0193751 0.011185 0.0153221 0.00909384 0.00897013 0.00845949 0.00881742 0.0189752 0.0138038 0.0283511 0.0165968 0.0111763 0.00915381 0.00884283 0.0115063 0.0189411 0.023256 0.0373785 0.0220857 0.0106239 0.0149138 0.00972573 0.00376092 0.00412378 0.00374885 0.00399544 0.00370239 0.00370803 0 0.00369818 0.00369018 0.00370136 0.0103594 0.0119479 0.0196097 0.0240599 0.00944081 0.0135226 0.0138389 0.0102112 0.0086404 0.0109756 0.00873881 0.00954633 0.00810328 0.00867438 0.00847674 0.00877744 0.00841426 0.00895033 0.00903497 0.010149 0.00958762 0.00976857 0.00899037 0.00850843 0.00815159 0.00859326 0.0088833 0.00935663 0.0100237 0.00889464 0.00956339 0.00853631 0.00805525 0.00865839 0.00876693 0.00865283 0.00882362 0.00857245 0.00835174 0.008173 0.00794401 0.00839858 0.00853085 0.00849893 0.00887693 0.00859137 0.00852267 0.00842985 0.00843817 0.00831509 0.00809106 0.00844412 0.0085273 0.00856573 0.0083265 0.00836845 0.00845132 0.00831997 0.00848505 0.008457 
