1P42B
GLEKTVKEKLSFEGVGIHTGEYSKLIIHPEKEGTGIRFFKNGVYIPARHEFVVHTNHSTDLGFKGQRIKTVEHILSVLHLLEITNVTIEVIGNEIPILDGSGWEFYEAIRKNILNQNREIDYFVVEEPIIVEDEGRLIKAEPSDTLEVTYEGEFKNFLGRQKFTFVEGNEEEIVLARTFAFDWEIEHIKKVGLGKGGSLKNTLVLGKDKVYNPEGLRYENEPVRHKVFDLIGDLYLLGSPVKGKFYSFRGGHSLNVKLVKELAKKQK
CEEEEECCCEEEEEECCCCCCEEEEEEEECCCCCCEEEEECCEEEECCHHHEEECCCCCEEEECCEEEECCHHHHHHHHHCCCCCEEEEEECCECCCCCCCCHHHHHHHHCCEEEEEEECCCEECCCCEEEEECCEEEEEECCCCCEEEEEEECCCCCCEEEEEEECCCHHHCCCCCCEEEHHHHHHHHHCCCCCCCCCCCCEEECCCCECCCCCCCCCCHHHHHHHHHHHHHHHHHCCCEECEEEEECCCHHHHHHHHHHHHHHCC
0 0 0 0 0 0 0 0 0 0 0 0 0 0 0 0 0 0 0 0 0 0 0 0 0 0 0 0 0 0 0 0 0 0 0 0 0 0 0 0 0 0 0 0 0 0 0 0 0 0 0 0 0 0 0 0 0 0 0 0 0 0 0 0 0 0 0 0 0 0 0 0 0 0 0 0 0 0 0 0 0 0 0 0 0 0 0 0 0 0 0 0 0 0 0 0 0 0 0 0 0 0 0 0 0 0 0 0 0 0 0 0 0 0 0 0 0 0 0 0 0 0 0 0 0 0 0 0 0 0 0 0 0 0 0 0 0 0 0 0 0 0 0 0 0 0 0 0 0 0 0 0 0 0 0 0 0 0 0 0 0 0 0 0 0 0 0 0 0 0 0 0 0 0 0 0 0 0 0 0 0 0 0 0 0 0 0 0 0 0 0 0 0 0 0 0 0 0 0 0 0 0 0 0 0 0 0 0 0 0 0 0 0 0 0 0 0 0 0 0 0 0 0 0 0 0 0 0 0 0 0 0 0 0 0 0 0 0 0 0 0 0 0 0 0 0 0 0 0 0 0 0 0 0 0 0 0 0 0 0 0 0 0 0 0 0 0 
0 0 0 0 0 0 0 0 0 0 0 0 0 0 0 0 0 0 0 0 0 0 0 0 0 0 0 0 0 0 0 0 0 0 0 0 0 0 0 0 0 0 0 0 0 0 0 0 0 0 0 0 0 0 0 0 0 0 0 0 0 0 0 0 0 0 0 0 0 0 0 0 0 0 0 0 0 0 0 0 0 0 0 0 0 0 0 0 0 0 0 0 0 0 0 0 0 0 0 0 0 0 0 0 0 0 0 0 0 0 0 0 0 0 0 0 0 0 0 0 0 0 0 0 0 0 0 0 0 0 0 0 0 0 0 0 0 0 0 0 0 0 0 0 0 0 0 0 0 0 0 0 0 0 0 0 0 0 0 0 0 0 0 0 0 0 0 0 0 0 0 0 0 0 0 0 0 0 0 0 0 0 0 0 0 0 0 0 0 0 0 0 0 0 0 0 0 0 0 0 0 0 0 0 0 0 0 0 0 0 0 0 0 0 0 0 0 0 0 0 0 0 0 0 0 0 0 0 0 0 0 0 0 0 0 0 0 0 0 0 0 0 0 0 0 0 0 0 0 0 0 0 0 0 0 0 0 0 0 0 0 0 0 0 0 0 0 
0 0.00384611 0.00380958 0.00424648 0.00647214 0.00627726 0.00718501 0.00758053 0.035601 0.0641419 0.0658656 0.0153189 0.0124724 0.0106346 0.0112303 0.0133454 0.0195796 0.0104684 0.0356669 0.0147646 0.0106312 0.0100563 0.0166456 0.0415816 0.0132923 0.0108036 0.00982496 0.0270116 0.0131046 0.00874933 0.016585 0.0120567 0.00954687 0.0107746 0.0141885 0.00979153 0.00898503 0.00959422 0.0148878 0.0113154 0.00910595 0.00954123 0.0120446 0.0105057 0.0116617 0.00912923 0.00852767 0.00817329 0.00817676 0.00809321 0.00806474 0.00807461 0.00888277 0.00845935 0.00891469 0.00882471 0.00825785 0.00858541 0.00834748 0.00862095 0.00832893 0.00817159 0.00832722 0.00843183 0.00842057 0.00823968 0.00885859 0.00821859 0.00829229 0.00857523 0.00841709 0.00835583 0.00864374 0.00805033 0.00801709 0.00816546 0.00813312 0.00823782 0.00826289 0.00854435 0.00849462 0.00826877 0.00874564 0.00828739 0.00857873 0.00885768 0.00832183 0.00820249 0.00826693 0.00825678 0.0083074 0.00823095 0.00842929 0.00858131 
0.00384611 0 0.00426727 0.00392319 0.00399365 0.00477502 0.00908505 0.0256277 0.0245433 0.038262 0.00793162 0.0097785 0.0154031 0.0126935 0.013336 0.014795 0.0141568 0.0167082 0.0107136 0.0128643 0.0150426 0.0123799 0.0266746 0.0109332 0.0127985 0.0139839 0.0172738 0.0162757 0.010096 0.0117514 0.0103145 0.0121705 0.0122125 0.0130159 0.0101401 0.0097967 0.0108351 0.0125195 0.0139056 0.0108931 0.0108841 0.0128591 0.0139118 0.0108513 0.00923929 0.00834666 0.00820662 0.00837503 0.00833131 0.00812942 0.00813305 0.00834267 0.00815865 0.00828877 0.00855361 0.00851337 0.00879374 0.00831671 0.008576 0.00808999 0.00805685 0.00835157 0.00835143 0.00843604 0.00842011 0.00810202 0.00845234 0.00872151 0.00850801 0.00884895 0.00858719 0.00844815 0.00843924 0.00795881 0.00825325 0.00827068 0.00834352 0.00840617 0.00818538 0.00816053 0.00820934 0.00849522 0.00819236 0.00827375 0.0084171 0.00824476 0.00807043 0.00824114 0.00829441 0.00817289 0.00835712 0.00832234 0.00843038 0.00844363 
0.00380958 0.00426727 0 0.0037906 0.00383559 0.00439134 0.0121339 0.0673265 0.0136912 0.00780758 0.00744803 0.010799 0.0108627 0.0123945 0.0239261 0.014693 0.0291667 0.0133799 0.0162266 0.0128814 0.0118094 0.050199 0.011132 0.00999131 0.0115818 0.0169456 0.0195158 0.00949555 0.0122526 0.00949935 0.0113663 0.011134 0.0188493 0.0111972 0.00891363 0.0100014 0.0110782 0.0172755 0.0104318 0.0115161 0.0130671 0.0362606 0.014109 0.0109074 0.00863382 0.00813552 0.0083152 0.00859973 0.00868332 0.00840421 0.00837556 0.00826753 0.00818439 0.00835746 0.00835451 0.00882198 0.00896315 0.00999207 0.00844972 0.00815623 0.00806241 0.00839594 0.00913112 0.00877982 0.00857802 0.0080905 0.00830523 0.00907767 0.00926273 0.0102384 0.00917757 0.00873577 0.00824826 0.00807339 0.00829063 0.00862234 0.00885705 0.00853469 0.00834543 0.00821086 0.00840059 0.0085486 0.00846428 0.00834676 0.00868648 0.00857431 0.00809354 0.00831982 0.00833064 0.00812079 0.00839869 0.00835737 0.0084393 0.0083853 
0.00424648 0.00392319 0.0037906 0 0.00391937 0.00978553 0.0964744 0.00595756 0.00581291 0.00622769 0.0077603 0.0122705 0.00971354 0.0148868 0.0101752 0.0273771 0.0102086 0.0140326 0.0126223 0.0102813 0.0649075 0.00970817 0.015566 0.00881444 0.0167131 0.0264587 0.00961496 0.010869 0.0108872 0.018753 0.00939285 0.0139672 0.01204 0.0112431 0.00898238 0.00934353 0.0184992 0.00982991 0.0106316 0.0107806 0.020874 0.00954531 0.0150222 0.00892676 0.00868413 0.00884102 0.00873231 0.00849361 0.0085668 0.00825069 0.00828376 0.00818631 0.00837762 0.00855248 0.00858047 0.0087151 0.0094582 0.00838517 0.00848333 0.00813027 0.00845832 0.00908478 0.00854816 0.00917154 0.00826586 0.00816645 0.00998999 0.00855546 0.0091322 0.00913453 0.00886064 0.00846852 0.00860278 0.00814737 0.00828676 0.00865308 0.00833865 0.00879579 0.00827149 0.00819525 0.00841637 0.0085254 0.00828572 0.00848569 0.00864654 0.00821283 0.00809948 0.00823136 0.00822322 0.00830983 0.00833627 0.00831219 0.00829097 0.00828266 
0.00647214 0.00399365 0.00383559 0.00391937 0 0.117432 0.00492368 0.00490898 0.00427246 0.00568452 0.0076664 0.0144613 0.0153598 0.00829445 0.0139349 0.00929677 0.0121514 0.0141339 0.0105157 0.096928 0.00922029 0.0125048 0.00891778 0.0118812 0.0555123 0.00954336 0.0113596 0.00994158 0.0487131 0.00894441 0.0134266 0.0185569 0.0106414 0.0091792 0.00990793 0.0292593 0.00894788 0.0100973 0.0112678 0.0241505 0.00918663 0.0139254 0.00872805 0.00966993 0.00884346 0.0101762 0.0100588 0.00827808 0.00815274 0.0083188 0.00816952 0.00813931 0.00853107 0.0102633 0.0082059 0.0131563 0.00830881 0.00892188 0.00813292 0.00822116 0.00920468 0.00836879 0.00864738 0.00812147 0.00859675 0.00805188 0.00912014 0.00867693 0.00822624 0.00846432 0.00821866 0.00862121 0.00815446 0.00825671 0.00826201 0.00808625 0.00836357 0.00814459 0.00827828 0.00822169 0.00884103 0.00817048 0.00810228 0.00882779 0.00825983 0.00832558 0.00879657 0.00858702 0.00825832 0.00821682 0.00852645 0.00822768 0.00825756 0.00831257 
0.00627726 0.00477502 0.00439134 0.00978553 0.117432 0 0.00369167 0.00398492 0.0037078 0.00420568 0.00420459 0.00838702 0.010361 0.00768368 0.0144909 0.00927881 0.873528 0.0111605 0.0257558 0.0208624 0.00885053 0.0142936 0.0092717 0.0458061 0.022214 0.0092812 0.0176063 0.0137148 0.0186653 0.00874125 0.0272916 0.012965 0.0111504 0.00916273 0.0183774 0.0166447 0.00858296 0.013951 0.0149507 0.017793 0.00868787 0.0157957 0.0085544 0.013904 0.0101201 0.0101376 0.00915067 0.00825425 0.00808096 0.00889784 0.00798276 0.00825862 0.00876332 0.00958047 0.00891697 0.0115538 0.0080706 0.00985939 0.00826196 0.00917414 0.00821196 0.00811608 0.00968469 0.00812803 0.00956381 0.00824981 0.00826216 0.0100938 0.00806829 0.00897696 0.00810439 0.00929446 0.00846245 0.00808408 0.00858369 0.00799278 0.00921034 0.00804654 0.00859951 0.00849055 0.00895039 0.00815264 0.00842745 0.00846509 0.00835996 0.00882596 0.00903473 0.00821997 0.00820844 0.00817326 0.00871538 0.00826951 0.00849992 0.00860629 
0.00718501 0.00908505 0.0121339 0.0964744 0.00492368 0.00369167 0 0.00368504 0.00406092 0.00373808 0.00418589 0.00987713 0.00660811 0.0142641 0.00843717 0.963986 0.0091949 0.0157534 0.00807559 0.00857592 0.0304195 0.00846809 0.0345555 0.00892105 0.00874841 0.0413875 0.00880608 0.017542 0.00892019 0.0147465 0.00915015 0.0121474 0.00952601 0.0119831 0.00903863 0.00847029 0.0231821 0.00885009 0.0130126 0.00870695 0.020001 0.00851617 0.0281921 0.00839787 0.00986006 0.00851542 0.00849216 0.00802141 0.00913613 0.00797021 0.00841675 0.00806636 0.00907323 0.00814953 0.00949785 0.00811023 0.0117382 0.00811558 0.00885799 0.00808386 0.00817021 0.00893426 0.00812615 0.0102563 0.00816976 0.00838349 0.0106552 0.00810204 0.00967088 0.00827206 0.00938814 0.0082234 0.00901171 0.00811161 0.00802783 0.00923091 0.00806994 0.00945693 0.00820881 0.00821017 0.00816662 0.00840635 0.00836197 0.00836709 0.00853923 0.00825388 0.00823681 0.00822087 0.00819834 0.00880951 0.00819303 0.00837912 0.00827184 0.00829561 
0.00758053 0.0256277 0.0673265 0.00595756 0.00490898 0.00398492 0.00368504 0 0.00368938 0.00378469 0.00375073 0.00626795 0.0148507 0.00762614 0.976677 0.00953758 0.0293683 0.00758591 0.00782474 0.0143035 0.00824636 0.0576507 0.00855565 0.0110162 0.0163253 0.00860701 0.0289939 0.00838488 0.0143517 0.00878935 0.010263 0.00961128 0.0136894 0.00945681 0.00882898 0.0124857 0.00854998 0.022676 0.00888813 0.0122192 0.00860279 0.0667114 0.00879724 0.0178201 0.00825834 0.00812585 0.00815014 0.00867867 0.00811666 0.00989045 0.00806158 0.00848894 0.00803746 0.00891183 0.00805526 0.0102164 0.00829341 0.0122014 0.00810023 0.00815549 0.00803987 0.0082526 0.0110248 0.00824882 0.00989274 0.00804181 0.00802955 0.011402 0.00834592 0.0124729 0.00834823 0.0118468 0.0080509 0.00797779 0.00906922 0.0081304 0.0106958 0.00822751 0.00914171 0.00811998 0.00840592 0.00845285 0.00816733 0.00831565 0.00849221 0.00837158 0.00819075 0.00831799 0.00825956 0.00805673 0.00888611 0.00830195 0.00854606 0.00842805 
0.035601 0.0245433 0.0136912 0.00581291 0.00427246 0.0037078 0.00406092 0.00368938 0 0.00368601 0.00372453 0.0103828 0.00667864 0.961637 0.00856664 0.016435 0.00730809 0.00772665 0.00691564 0.00840074 0.026945 0.00848168 0.0138581 0.00839894 0.00863725 0.0216496 0.00843424 0.0123141 0.00883682 0.0100553 0.00866851 0.0107638 0.00925264 0.00973501 0.00870641 0.00832714 0.0173319 0.00866178 0.00984566 0.00864015 0.0163946 0.00909817 0.0316252 0.0083847 0.00877081 0.00827872 0.00826888 0.00801629 0.00930188 0.00802934 0.00858049 0.00800859 0.00842609 0.00814035 0.00870164 0.00805925 0.0101892 0.00821838 0.00841761 0.00804643 0.00815805 0.00844224 0.00821601 0.0100782 0.00814653 0.00816812 0.00985129 0.00816642 0.00980087 0.00846837 0.00914798 0.00818773 0.0085792 0.00806489 0.00804007 0.00914496 0.00823789 0.00896418 0.0081457 0.00806862 0.00817726 0.00825821 0.00817547 0.00827074 0.00827798 0.00810384 0.00805366 0.00815269 0.00807195 0.00846255 0.0081346 0.00833297 0.00817619 0.00830646 
0.0641419 0.038262 0.00780758 0.00622769 0.00568452 0.00420568 0.00373808 0.00378469 0.00368601 0 0.00473263 0.00592401 0.96873 0.00932858 0.0133516 0.00751584 0.010342 0.00738402 0.00684584 0.0143988 0.00850507 0.0166127 0.00875412 0.00930915 0.0128226 0.00871927 0.0209259 0.00847236 0.0133124 0.00959055 0.0110852 0.00973353 0.0131687 0.0102817 0.00864623 0.0106902 0.00869435 0.0180667 0.00917601 0.0111106 0.00900291 0.0180526 0.00881174 0.0124391 0.00823637 0.00820704 0.00825058 0.00837304 0.00814384 0.00853441 0.00801643 0.00817589 0.00796823 0.00842567 0.00819763 0.00915417 0.0082964 0.00939027 0.00808958 0.00804283 0.00802485 0.0082762 0.0091229 0.00825079 0.00884197 0.00801241 0.00821923 0.00976998 0.00840171 0.00938046 0.00832149 0.00937079 0.00811321 0.00793059 0.00932363 0.00815625 0.00891295 0.0082636 0.00848693 0.00805815 0.00821874 0.00834376 0.00814467 0.00818641 0.00856184 0.00818582 0.0080859 0.00819141 0.00818574 0.00806408 0.00840359 0.00820706 0.0083791 0.00825348 
0.0658656 0.00793162 0.00744803 0.0077603 0.0076664 0.00420459 0.00418589 0.00375073 0.00372453 0.00473263 0 0.983498 0.00633432 0.00769003 0.0067728 0.00765982 0.00664976 0.00686457 0.00802577 0.0106292 0.0104332 0.00870959 0.0120289 0.0101101 0.0121088 0.0106028 0.00904131 0.0137738 0.012836 0.0103582 0.0129958 0.0168162 0.00919952 0.00974898 0.0114114 0.0114064 0.00926903 0.00896287 0.0149915 0.012725 0.0105319 0.00885546 0.00926075 0.00844166 0.00928497 0.00956297 0.0088425 0.00812294 0.00814669 0.00804357 0.00801784 0.0079862 0.00837914 0.00853539 0.00856372 0.00860914 0.0083485 0.00821113 0.00804561 0.00813466 0.00827871 0.00834232 0.00818503 0.00812342 0.00812611 0.00801935 0.00931057 0.00825069 0.00827844 0.00832954 0.00827431 0.00817677 0.00836445 0.00816863 0.00800753 0.00813305 0.00812021 0.00815211 0.00803777 0.00827435 0.00837584 0.00815061 0.00811198 0.00839435 0.00830457 0.00836134 0.00834054 0.00813503 0.00808195 0.00809395 0.00817331 0.00811704 0.00812269 0.00818383 
0.0153189 0.0097785 0.010799 0.0122705 0.0144613 0.00838702 0.00987713 0.00626795 0.0103828 0.00592401 0.983498 0 0.00386634 0.00386763 0.00370067 0.0039195 0.00387377 0.00427251 0.00669528 0.00755844 0.00977765 0.00772867 0.0189493 0.0157111 0.00998242 0.0116564 0.0088394 0.0506679 0.00975837 0.0092031 0.0142834 0.0147641 0.00888553 0.00981215 0.0141852 0.00991624 0.0105059 0.00896452 0.0206999 0.00968601 0.00983648 0.00850873 0.0120072 0.00871524 0.0133741 0.0105382 0.00873665 0.00797906 0.00832093 0.00799865 0.00807008 0.00813051 0.0105918 0.00840204 0.00960002 0.00846584 0.0086781 0.00811674 0.00875325 0.00867489 0.00850596 0.00825117 0.00804835 0.0088336 0.00831117 0.00869782 0.0114009 0.00798234 0.00856748 0.00815082 0.00840912 0.00813855 0.00958978 0.00818119 0.00794019 0.00863822 0.00804888 0.00871084 0.00807052 0.00860848 0.00835607 0.00818038 0.00839546 0.00825066 0.00805954 0.00861594 0.00841799 0.00800196 0.00816724 0.00839346 0.00808376 0.0081597 0.0082337 0.00831101 
0.0124724 0.0154031 0.0108627 0.00971354 0.0153598 0.010361 0.00660811 0.0148507 0.00667864 0.96873 0.00633432 0.00386634 0 0.00369966 0.00372579 0.00372696 0.00401167 0.00382402 0.00381256 0.00867896 0.00729426 0.015173 0.00853224 0.0179144 0.0124407 0.00857452 0.0452169 0.0088405 0.0143105 0.00895824 0.0131949 0.010379 0.0164496 0.0100418 0.0101456 0.0121771 0.00878273 0.025191 0.00959406 0.0146907 0.00881244 0.02334 0.00860053 0.020552 0.008562 0.00848865 0.00841658 0.00859203 0.00807769 0.0088788 0.00807245 0.00888958 0.00812521 0.00933929 0.00836408 0.00980642 0.00820172 0.0099522 0.00818157 0.0083061 0.00797924 0.00825103 0.00945982 0.00806926 0.0101639 0.00807373 0.00802163 0.0102396 0.00812122 0.00954925 0.00819515 0.00966241 0.00814546 0.00794274 0.00877456 0.00806428 0.00960847 0.0081028 0.00875913 0.0081018 0.00831823 0.00835216 0.00823969 0.00828918 0.00838917 0.00828968 0.00820689 0.00823117 0.00818748 0.00808717 0.00853144 0.00835589 0.00843661 0.00820393 
0.0106346 0.0126935 0.0123945 0.0148868 0.00829445 0.00768368 0.0142641 0.00762614 0.961637 0.00932858 0.00769003 0.00386763 0.00369966 0 0.00369424 0.00373716 0.00360002 0.00379252 0.00376514 0.00654069 0.0176479 0.00754955 0.0239283 0.0112017 0.00857857 0.0569627 0.00845627 0.0129185 0.0088647 0.0128991 0.00894675 0.016419 0.00984198 0.011116 0.00876595 0.00863886 0.0279675 0.00893811 0.0120163 0.0093136 0.0308133 0.00945495 0.0928541 0.00861435 0.00942187 0.00833795 0.0084705 0.00817466 0.0111183 0.00811141 0.00980415 0.00811339 0.00863112 0.00823058 0.00885747 0.0082538 0.0132115 0.00831219 0.00902205 0.00809866 0.00822697 0.0087344 0.00824307 0.0137237 0.00820579 0.00842612 0.010507 0.00842013 0.0134874 0.00882063 0.0112702 0.00833947 0.00882478 0.00807709 0.00808817 0.0106676 0.00825855 0.0110124 0.00829554 0.00820244 0.00834134 0.00847673 0.00820123 0.00844566 0.00850349 0.00820482 0.00806285 0.00820045 0.00820773 0.00850477 0.00824448 0.00835051 0.0083049 0.0082593 
0.0112303 0.013336 0.0239261 0.0101752 0.0139349 0.0144909 0.00843717 0.976677 0.00856664 0.0133516 0.0067728 0.00370067 0.00372579 0.00369424 0 0.00373894 0.00372583 0.0037007 0.00390992 0.0116099 0.00743175 0.0323221 0.00967154 0.0546838 0.0312957 0.00863942 0.0198839 0.00852977 0.0142176 0.0090078 0.0115438 0.0130832 0.0241428 0.0107933 0.00976138 0.0147185 0.00948818 0.0304078 0.00991034 0.0224002 0.0109232 0.146635 0.0105926 0.0339782 0.00873222 0.00846321 0.00854425 0.00998552 0.00876472 0.0132049 0.00852837 0.00901105 0.00830068 0.00916278 0.0085012 0.0119659 0.00862295 0.0180892 0.00839492 0.00836712 0.0081919 0.00837902 0.0148633 0.00916477 0.0122635 0.00831349 0.00832023 0.0136225 0.00933283 0.0172064 0.00917786 0.0125132 0.00833796 0.00808177 0.0091103 0.0083863 0.0120998 0.00855631 0.00923881 0.00842555 0.00886927 0.00871179 0.00880212 0.00861895 0.00882703 0.00856566 0.00820604 0.00833335 0.00832601 0.00804717 0.00864468 0.00839273 0.00870339 0.00850901 
0.0133454 0.014795 0.014693 0.0273771 0.00929677 0.00927881 0.963986 0.00953758 0.016435 0.00751584 0.00765982 0.0039195 0.00372696 0.00373716 0.00373894 0 0.00369425 0.00371253 0.00373397 0.00600234 0.0312094 0.010492 0.0933307 0.0241284 0.00823392 0.0232118 0.00832969 0.0192617 0.00945532 0.0128389 0.0101637 0.0163942 0.0116182 0.0148136 0.00952816 0.00905847 0.0318263 0.00975015 0.0204092 0.0106295 0.0558313 0.0119192 0.140982 0.00912871 0.0100654 0.00875861 0.009101 0.00863287 0.0140895 0.00906919 0.00995165 0.00836367 0.00900643 0.00843508 0.00958591 0.00864211 0.0147834 0.00875347 0.00932688 0.00821561 0.00830387 0.0101135 0.00877632 0.0164165 0.00850161 0.00860084 0.0107726 0.00868147 0.0163461 0.0100713 0.0138112 0.0087203 0.00870821 0.00819309 0.00823765 0.0107623 0.00879006 0.0111014 0.00847891 0.0082562 0.00851692 0.00867802 0.00836703 0.00866945 0.00896402 0.00836529 0.00813021 0.00828029 0.00827835 0.00836015 0.00830247 0.00838323 0.00840677 0.00826862 
0.0195796 0.0141568 0.0291667 0.0102086 0.0121514 0.873528 0.0091949 0.0293683 0.00730809 0.010342 0.00664976 0.00387377 0.00401167 0.00360002 0.00372583 0.00369425 0 0.0036969 0.00365071 0.012452 0.00821843 0.0899699 0.0166506 0.00889265 0.0136697 0.00838571 0.0195063 0.00803182 0.012605 0.00870261 0.0109635 0.0111281 0.015986 0.010776 0.00909073 0.0127414 0.0089479 0.0248968 0.00958628 0.0179758 0.00931881 0.127094 0.00933618 0.0150077 0.00862391 0.00839707 0.00854764 0.00924057 0.00874561 0.0110478 0.00845838 0.00863144 0.0082609 0.00879838 0.00843231 0.010478 0.00849067 0.0133281 0.00827799 0.00823938 0.00847481 0.00836648 0.0120437 0.00857286 0.00946644 0.00813504 0.00830422 0.0124204 0.00893148 0.0142376 0.00870358 0.0111227 0.00818774 0.00807388 0.00875037 0.00837605 0.0102932 0.00848245 0.00869566 0.00815654 0.0084693 0.00849673 0.00854452 0.00844092 0.00858172 0.00845486 0.00815492 0.00826182 0.00818723 0.00804581 0.0084438 0.00826692 0.00841275 0.00835812 
0.0104684 0.0167082 0.0133799 0.0140326 0.0141339 0.0111605 0.0157534 0.00758591 0.00772665 0.00738402 0.00686457 0.00427251 0.00382402 0.00379252 0.0037007 0.00371253 0.0036969 0 0.00378379 0.00551209 0.0709463 0.014456 0.0106188 0.00660644 0.00698044 0.0245686 0.00744328 0.00835712 0.00851779 0.0144151 0.00927921 0.0116059 0.00982158 0.0110026 0.00842703 0.00856147 0.0173778 0.00919326 0.0105596 0.00902804 0.0261043 0.00895989 0.0134626 0.00885154 0.00856733 0.00841351 0.00880246 0.00824462 0.00854718 0.0080624 0.00819767 0.00809963 0.0082716 0.00819224 0.00844668 0.00829156 0.00920089 0.008278 0.0082076 0.00799027 0.00827701 0.00864116 0.00824884 0.00881406 0.00815524 0.00800516 0.00970902 0.00839512 0.00923568 0.00842785 0.00868028 0.00829173 0.00817787 0.00799707 0.00806143 0.00901175 0.00821333 0.00867297 0.00809294 0.00801979 0.00813986 0.00820572 0.00819747 0.00831835 0.00839055 0.00811078 0.00805346 0.00806446 0.00803318 0.00804017 0.00813961 0.00815032 0.00806895 0.00808792 
0.0356669 0.0107136 0.0162266 0.0126223 0.0105157 0.0257558 0.00807559 0.00782474 0.00691564 0.00684584 0.00802577 0.00669528 0.00381256 0.00376514 0.00390992 0.00373397 0.00365071 0.00378379 0 0.0351647 0.0158355 0.00549098 0.00579219 0.00542185 0.0180394 0.0076632 0.00686836 0.00731939 0.021431 0.00860398 0.0110626 0.0173522 0.00963966 0.00881601 0.00910395 0.0208444 0.00888425 0.00931104 0.0103656 0.0378852 0.00911068 0.00983668 0.00890298 0.00859135 0.00945419 0.0101382 0.0103391 0.00814047 0.00809231 0.00805906 0.00807517 0.00800043 0.00820783 0.00993111 0.00830202 0.0122834 0.0082357 0.00820612 0.0080356 0.00806719 0.00946979 0.00828526 0.00818448 0.00816875 0.00803371 0.00799963 0.0095212 0.00839383 0.00830317 0.00830344 0.00823055 0.00816413 0.00818446 0.00831358 0.00809109 0.00824598 0.0081378 0.00819426 0.00803608 0.00819126 0.00857687 0.00814341 0.00813827 0.00844153 0.00811233 0.00820986 0.00848148 0.00833968 0.00813471 0.0081838 0.00810324 0.00809305 0.00808996 0.00812205 
0.0147646 0.0128643 0.0128814 0.0102813 0.096928 0.0208624 0.00857592 0.0143035 0.00840074 0.0143988 0.0106292 0.00755844 0.00867896 0.00654069 0.0116099 0.00600234 0.012452 0.00551209 0.0351647 0 0.00380717 0.00392688 0.00379549 0.00764549 0.0052162 0.00469316 0.0120672 0.0328009 0.0371084 0.00759844 0.0349823 0.0127037 0.0109595 0.00977584 0.0220279 0.0165148 0.00880361 0.0168395 0.0178582 0.0340272 0.00931987 0.0191229 0.00916598 0.0196119 0.0120946 0.0118501 0.00880518 0.00853775 0.00819298 0.00929462 0.00811674 0.00867447 0.00978285 0.010276 0.00982709 0.0131342 0.00842625 0.0105686 0.00845887 0.0104329 0.00831514 0.00824151 0.00951526 0.00825403 0.0108694 0.00858027 0.00842543 0.0105639 0.00819202 0.00990275 0.00830203 0.0100747 0.00859943 0.00825868 0.00834731 0.00811859 0.00917856 0.00822067 0.00896472 0.00879821 0.00903001 0.00835242 0.00895287 0.00895228 0.00832993 0.00904678 0.00853938 0.00823243 0.00823655 0.00815415 0.00844333 0.00825043 0.00843022 0.00844714 
0.0106312 0.0150426 0.0118094 0.0649075 0.00922029 0.00885053 0.0304195 0.00824636 0.026945 0.00850507 0.0104332 0.00977765 0.00729426 0.0176479 0.00743175 0.0312094 0.00821843 0.0709463 0.0158355 0.00380717 0 0.00368929 0.00438592 0.00378027 0.00404762 0.0136265 0.00620572 0.872514 0.00671809 0.0161738 0.00843792 0.0121991 0.00997317 0.014619 0.00956159 0.00859536 0.0279065 0.00904819 0.0133634 0.00975021 0.0286426 0.00929843 0.0653857 0.00895853 0.0110406 0.00901709 0.008803 0.00822 0.00977081 0.00815909 0.00874591 0.00825197 0.00900998 0.0084372 0.00976236 0.00834293 0.0128347 0.00832702 0.00984499 0.00817511 0.0081714 0.0089104 0.00820812 0.0120011 0.00826136 0.00854948 0.0114962 0.00830222 0.0110027 0.00864025 0.0100352 0.00831385 0.00905404 0.0081616 0.00813723 0.00936287 0.0082374 0.00981149 0.00834598 0.00824638 0.00822999 0.00936014 0.00827626 0.00841419 0.0088117 0.00844861 0.00814988 0.00820425 0.0081648 0.00841645 0.00823685 0.00836644 0.00837958 0.00828341 
0.0100563 0.0123799 0.050199 0.00970817 0.0125048 0.0142936 0.00846809 0.0576507 0.00848168 0.0166127 0.00870959 0.00772867 0.015173 0.00754955 0.0323221 0.010492 0.0899699 0.014456 0.00549098 0.00392688 0.00368929 0 0.00369386 0.00381732 0.00496397 0.00678788 0.925188 0.00494143 0.00833642 0.00705598 0.0118005 0.00977024 0.0131713 0.00995901 0.00913968 0.0119927 0.00874368 0.0263694 0.00940272 0.0140671 0.00948886 0.138976 0.0099762 0.0222959 0.0086867 0.00844593 0.00845077 0.00921924 0.00856927 0.0113888 0.00839376 0.00885917 0.00820547 0.00907084 0.00840087 0.0105907 0.00857393 0.0199621 0.00832569 0.00829188 0.00814183 0.00845434 0.014733 0.00848187 0.0107577 0.0081092 0.00843973 0.0125123 0.00880735 0.0158545 0.00865509 0.0124552 0.00814647 0.00803764 0.00860724 0.00833764 0.0112775 0.00855836 0.00895702 0.0081715 0.0085606 0.00880919 0.00849927 0.00846551 0.00866365 0.00846063 0.00813898 0.00820824 0.00824131 0.00803287 0.0084891 0.00826885 0.00843071 0.00835258 
0.0166456 0.0266746 0.011132 0.015566 0.00891778 0.0092717 0.0345555 0.00855565 0.0138581 0.00875412 0.0120289 0.0189493 0.00853224 0.0239283 0.00967154 0.0933307 0.0166506 0.0106188 0.00579219 0.00379549 0.00438592 0.00369386 0 0.00378846 0.00453946 0.960522 0.00411354 0.00494821 0.00641591 0.0115082 0.00818088 0.0124192 0.0116953 0.0104983 0.0089069 0.00910198 0.0288126 0.00913179 0.0131308 0.0102873 0.0506195 0.00913115 0.0246542 0.0090223 0.00980486 0.00946185 0.00943636 0.00865199 0.0093413 0.00824793 0.00871275 0.00825338 0.00891251 0.00872135 0.00910523 0.00872735 0.0127989 0.00836497 0.00900237 0.00811495 0.00868017 0.0097735 0.00829416 0.0100048 0.00823244 0.0082462 0.0108097 0.00849318 0.0111448 0.00878899 0.0096474 0.00831322 0.00870665 0.00821295 0.0081827 0.00924287 0.00823885 0.0093475 0.00823117 0.00811626 0.00841334 0.0086222 0.00828981 0.0085053 0.00848181 0.00823183 0.00811339 0.00811904 0.00808235 0.00829531 0.00819571 0.00829057 0.00822083 0.00807888 
0.0415816 0.0109332 0.00999131 0.00881444 0.0118812 0.0458061 0.00892105 0.0110162 0.00839894 0.00930915 0.0101101 0.0157111 0.0179144 0.0112017 0.0546838 0.0241284 0.00889265 0.00660644 0.00542185 0.00764549 0.00378027 0.00381732 0.00378846 0 0.988121 0.00396482 0.00391453 0.00406983 0.0110993 0.00654301 0.00889012 0.0170787 0.0098642 0.0086491 0.00911892 0.0275643 0.00928852 0.0101145 0.0111391 0.0353831 0.00985937 0.0147237 0.00890138 0.0102888 0.00908512 0.01144 0.011845 0.00839681 0.00820674 0.00838598 0.00815546 0.00823619 0.00829473 0.0116342 0.00834453 0.0167465 0.00838651 0.00899201 0.00818047 0.00835657 0.0105863 0.00850671 0.00884529 0.00819313 0.00869035 0.00807277 0.00976432 0.00876806 0.0083751 0.00884629 0.00840827 0.00891772 0.00814436 0.00846152 0.00832191 0.00822507 0.0084265 0.00823928 0.00828355 0.00823483 0.00912791 0.00815864 0.00817723 0.00887737 0.00816958 0.0082279 0.0086941 0.00834234 0.00815613 0.00816358 0.00834452 0.00814692 0.0081512 0.00818484 
0.0132923 0.0127985 0.0115818 0.0167131 0.0555123 0.022214 0.00874841 0.0163253 0.00863725 0.0128226 0.0121088 0.00998242 0.0124407 0.00857857 0.0312957 0.00823392 0.0136697 0.00698044 0.0180394 0.0052162 0.00404762 0.00496397 0.00453946 0.988121 0 0.0036934 0.00400344 0.00458227 0.00560214 0.00576648 0.0348821 0.010359 0.00951447 0.00913079 0.0242424 0.0132903 0.00859481 0.0143088 0.0192437 0.0314275 0.00928786 0.0210095 0.00914341 0.0184864 0.0130484 0.0127678 0.00942739 0.00859663 0.00824431 0.0091923 0.00811974 0.00885519 0.0103467 0.0103813 0.00981718 0.0133894 0.00833572 0.0106314 0.00861321 0.010752 0.00833627 0.00828881 0.00972528 0.0082097 0.0107149 0.00878995 0.00845352 0.0104496 0.00816555 0.00990603 0.00828063 0.00998664 0.0089392 0.00812151 0.00841674 0.00804188 0.00983239 0.00808741 0.00870123 0.00900332 0.00908582 0.00826735 0.00885456 0.00882635 0.00822907 0.00908036 0.00868781 0.00808953 0.00810988 0.00803914 0.00847563 0.00820003 0.00840611 0.00846428 
0.0108036 0.0139839 0.0169456 0.0264587 0.00954336 0.0092812 0.0413875 0.00860701 0.0216496 0.00871927 0.0106028 0.0116564 0.00857452 0.0569627 0.00863942 0.0232118 0.00838571 0.0245686 0.0076632 0.00469316 0.0136265 0.00678788 0.960522 0.00396482 0.0036934 0 0.00379155 0.00402064 0.00384605 0.0124463 0.00815447 0.0107467 0.00976522 0.0149506 0.00948912 0.00857612 0.0373755 0.00910907 0.0128338 0.0104241 0.0414859 0.00903009 0.0507523 0.00889682 0.0116606 0.00951123 0.00960326 0.00845593 0.0105253 0.00822717 0.00907192 0.00836819 0.00929738 0.00860759 0.00998898 0.0085665 0.0179812 0.00838334 0.00987352 0.00816868 0.00836289 0.010074 0.00838085 0.0136082 0.00829115 0.00870399 0.0129454 0.008347 0.0165771 0.00857371 0.0112145 0.00832914 0.00993223 0.00826776 0.00805602 0.0126008 0.00830175 0.0116474 0.00830179 0.00840278 0.00833882 0.00863096 0.00840995 0.00858908 0.00870494 0.00848683 0.00815942 0.00822257 0.00813057 0.00859837 0.00815884 0.00843187 0.00829348 0.00814165 
0.00982496 0.0172738 0.0195158 0.00961496 0.0113596 0.0176063 0.00880608 0.0289939 0.00843424 0.0209259 0.00904131 0.0088394 0.0452169 0.00845627 0.0198839 0.00832969 0.0195063 0.00744328 0.00686836 0.0120672 0.00620572 0.925188 0.00411354 0.00391453 0.00400344 0.00379155 0 0.00369401 0.00983611 0.004556 0.00643619 0.00815066 0.0148439 0.00916997 0.0109463 0.0120994 0.00880067 0.0319855 0.00966258 0.0149261 0.00929301 0.0378755 0.00894387 0.0264413 0.00851677 0.00895112 0.00868014 0.00936088 0.0083991 0.00932214 0.00832284 0.00901125 0.00818261 0.00980027 0.00842794 0.0118548 0.00837575 0.0119467 0.0082152 0.00838566 0.00835414 0.00884632 0.0103768 0.00827104 0.0103247 0.00807607 0.00831794 0.0140363 0.00835637 0.0111527 0.00833714 0.0113904 0.00810452 0.00808469 0.0114508 0.00819364 0.0098565 0.00825565 0.00904591 0.0081704 0.00862126 0.00856429 0.00839158 0.00847833 0.00880428 0.00829661 0.00816508 0.00822227 0.00820891 0.00798032 0.00855157 0.0081841 0.00826545 0.00816374 
0.0270116 0.0162757 0.00949555 0.010869 0.00994158 0.0137148 0.017542 0.00838488 0.0123141 0.00847236 0.0137738 0.0506679 0.0088405 0.0129185 0.00852977 0.0192617 0.00803182 0.00835712 0.00731939 0.0328009 0.872514 0.00494143 0.00494821 0.00406983 0.00458227 0.00402064 0.00369401 0 0.0041519 0.00480302 0.00532862 0.0178264 0.00884012 0.0133144 0.0113342 0.0125385 0.0158503 0.00854017 0.0220802 0.0165692 0.0219731 0.00895652 0.0179269 0.00861763 0.0139782 0.0139845 0.0145403 0.00830307 0.00940093 0.00817132 0.00853032 0.00811827 0.0101143 0.0103139 0.00971269 0.0109122 0.010047 0.00824553 0.00847778 0.00824012 0.0105757 0.00921642 0.00811875 0.00969228 0.00803766 0.00845704 0.0167152 0.00813353 0.00963218 0.00824147 0.00902934 0.00807003 0.00934109 0.00904329 0.00810084 0.00905462 0.00804048 0.00935372 0.00804267 0.00839294 0.00918696 0.00827441 0.00817962 0.00889136 0.00818554 0.00831559 0.00864441 0.00846798 0.00817539 0.00849196 0.00807782 0.00809314 0.00806915 0.00805978 
0.0131046 0.010096 0.0122526 0.0108872 0.0487131 0.0186653 0.00892019 0.0143517 0.00883682 0.0133124 0.012836 0.00975837 0.0143105 0.0088647 0.0142176 0.00945532 0.012605 0.00851779 0.021431 0.0371084 0.00671809 0.00833642 0.00641591 0.0110993 0.00560214 0.00384605 0.00983611 0.0041519 0 0.00369979 0.00387639 0.00449927 0.0328693 0.0223054 0.0473493 0.00736069 0.00658198 0.0100221 0.0138483 0.0210817 0.010167 0.0285284 0.00963074 0.0189167 0.0149293 0.0138117 0.00951911 0.00878207 0.00863769 0.00904275 0.00861004 0.00946731 0.0110557 0.010157 0.0118851 0.0120477 0.00855002 0.0104984 0.00852553 0.0118769 0.00843085 0.00845844 0.00971925 0.00861414 0.0110831 0.00943891 0.00844438 0.01021 0.00856203 0.00991604 0.00872421 0.0103664 0.00951639 0.00813674 0.00845195 0.0082755 0.00938157 0.00828768 0.00887996 0.00946591 0.00905656 0.0085226 0.0115379 0.00860026 0.00852337 0.00983546 0.00857479 0.00831795 0.00816867 0.00800606 0.0084941 0.0082327 0.00822958 0.00852299 
0.00874933 0.0117514 0.00949935 0.018753 0.00894441 0.00874125 0.0147465 0.00878935 0.0100553 0.00959055 0.0103582 0.0092031 0.00895824 0.0128991 0.0090078 0.0128389 0.00870261 0.0144151 0.00860398 0.00759844 0.0161738 0.00705598 0.0115082 0.00654301 0.00576648 0.0124463 0.004556 0.00480302 0.00369979 0 0.00370761 0.0195259 0.0164244 0.0294943 0.00623056 0.0063143 0.0115873 0.00976112 0.00886457 0.00966095 0.0409443 0.00894627 0.0131809 0.00957309 0.00976743 0.00973377 0.00873614 0.00881978 0.00887323 0.00838456 0.00856556 0.00858169 0.00851515 0.00897859 0.00959594 0.00846105 0.0103953 0.00851821 0.00983253 0.00818719 0.00810992 0.00882733 0.00844689 0.0089222 0.0085353 0.00834674 0.0090501 0.00857904 0.00925336 0.00855596 0.00893689 0.00861441 0.00838936 0.0080727 0.00816806 0.00881183 0.00823901 0.00880433 0.00840743 0.00812513 0.00824151 0.00927404 0.00893899 0.00831059 0.00924663 0.00830511 0.00807566 0.00821367 0.00803521 0.00802934 0.00819925 0.00826801 0.0084203 0.00808747 
0.016585 0.0103145 0.0113663 0.00939285 0.0134266 0.0272916 0.00915015 0.010263 0.00866851 0.0110852 0.0129958 0.0142834 0.0131949 0.00894675 0.0115438 0.0101637 0.0109635 0.00927921 0.0110626 0.0349823 0.00843792 0.0118005 0.00818088 0.00889012 0.0348821 0.00815447 0.00643619 0.00532862 0.00387639 0.00370761 0 0.115273 0.0189328 0.00553624 0.0087495 0.0137302 0.00874603 0.00963929 0.0232575 0.0415324 0.0102575 0.0125982 0.00937383 0.0114069 0.0113167 0.0144083 0.0125727 0.00868605 0.00848777 0.00847532 0.00840878 0.00840346 0.00898176 0.0125571 0.0093354 0.0182672 0.00879462 0.00914915 0.00831243 0.00907349 0.0109801 0.00873641 0.00875942 0.00841896 0.00869387 0.00842554 0.0104692 0.00905798 0.00858145 0.00923236 0.00866295 0.00990115 0.00882496 0.00865671 0.00841345 0.00815616 0.00840572 0.00828552 0.00826181 0.00851358 0.0102266 0.00837126 0.00854531 0.00904326 0.00837098 0.00877755 0.00873115 0.00832241 0.0081571 0.00819791 0.00820938 0.00810524 0.008136 0.00827499 
0.0120567 0.0121705 0.011134 0.0139672 0.0185569 0.012965 0.0121474 0.00961128 0.0107638 0.00973353 0.0168162 0.0147641 0.010379 0.016419 0.0130832 0.0163942 0.0111281 0.0116059 0.0173522 0.0127037 0.0121991 0.00977024 0.0124192 0.0170787 0.010359 0.0107467 0.00815066 0.0178264 0.00449927 0.0195259 0.115273 0 0.00371537 0.00371304 0.00424243 0.00465277 0.00680675 0.00788038 0.806622 0.0324487 0.0174237 0.0126611 0.0170518 0.0110042 0.0221063 0.0184367 0.0129808 0.00898195 0.00906811 0.00880037 0.00870554 0.00900726 0.0135662 0.0110286 0.0153239 0.0119295 0.0105558 0.00895783 0.00957593 0.0112016 0.00972845 0.00903857 0.00876882 0.00956472 0.00915327 0.0102412 0.0129685 0.00911955 0.00955436 0.00922287 0.00927492 0.00875524 0.0117168 0.00842244 0.00825343 0.00864435 0.00864053 0.00873837 0.00847561 0.00966984 0.00965663 0.00881936 0.00973053 0.00885124 0.00870041 0.00947113 0.00875459 0.00820077 0.00819309 0.0081495 0.00811966 0.00814949 0.00821335 0.00830706 
0.00954687 0.0122125 0.0188493 0.01204 0.0106414 0.0111504 0.00952601 0.0136894 0.00925264 0.0131687 0.00919952 0.00888553 0.0164496 0.00984198 0.0241428 0.0116182 0.015986 0.00982158 0.00963966 0.0109595 0.00997317 0.0131713 0.0116953 0.0098642 0.00951447 0.00976522 0.0148439 0.00884012 0.0328693 0.0164244 0.0189328 0.00371537 0 0.00422911 0.00371972 0.0041971 0.00572625 0.897097 0.0144862 0.0150723 0.0144178 0.0258138 0.010299 0.0185147 0.00973826 0.00956535 0.00914208 0.00965232 0.0090372 0.00915792 0.00876307 0.00958806 0.00900352 0.00968446 0.00948868 0.0101488 0.00969187 0.0114666 0.00890802 0.00857669 0.00828416 0.00877927 0.0112672 0.0091459 0.0102596 0.00848223 0.009086 0.0116054 0.00981984 0.0139412 0.00946024 0.0114269 0.00849769 0.00818464 0.00854399 0.00852681 0.00909242 0.00876378 0.00870966 0.00840938 0.00905961 0.00887788 0.00856781 0.00861062 0.00916967 0.00900046 0.00811864 0.00829476 0.00822242 0.00808002 0.00845065 0.00832305 0.00851231 0.00825597 
0.0107746 0.0130159 0.0111972 0.0112431 0.0091792 0.00916273 0.0119831 0.00945681 0.00973501 0.0102817 0.00974898 0.00981215 0.0100418 0.011116 0.0107933 0.0148136 0.010776 0.0110026 0.00881601 0.00977584 0.014619 0.00995901 0.0104983 0.0086491 0.00913079 0.0149506 0.00916997 0.0133144 0.0223054 0.0294943 0.00553624 0.00371304 0.00422911 0 0.00391965 0.00460863 0.9658 0.00492401 0.0107474 0.0108404 0.0268299 0.0109419 0.016979 0.010484 0.00955636 0.00961379 0.009488 0.0090913 0.00898431 0.00865089 0.00898816 0.00879509 0.00887137 0.00897761 0.00941176 0.00960493 0.00993652 0.00895559 0.00906406 0.00837321 0.00878421 0.00930217 0.00905283 0.00919157 0.00879478 0.00844272 0.00932326 0.00885416 0.0100096 0.00925012 0.00962279 0.00892017 0.00839981 0.00825699 0.00835576 0.00847211 0.00854552 0.0087417 0.00857504 0.0081904 0.00844847 0.00868586 0.00867008 0.00835359 0.00884991 0.00843429 0.00805694 0.00808504 0.00825766 0.00797969 0.00819326 0.00824739 0.00822686 0.00806585 
0.0141885 0.0101401 0.00891363 0.00898238 0.00990793 0.0183774 0.00903863 0.00882898 0.00870641 0.00864623 0.0114114 0.0141852 0.0101456 0.00876595 0.00976138 0.00952816 0.00909073 0.00842703 0.00910395 0.0220279 0.00956159 0.00913968 0.0089069 0.00911892 0.0242424 0.00948912 0.0109463 0.0113342 0.0473493 0.00623056 0.0087495 0.00424243 0.00371972 0.00391965 0 0.987567 0.00481372 0.00403213 0.00895014 0.0174038 0.0104441 0.0104773 0.00921746 0.00923533 0.0104798 0.0134334 0.0139769 0.00853563 0.00855514 0.00853392 0.00840837 0.00828771 0.00916419 0.0134192 0.00915156 0.0158245 0.00887199 0.00855693 0.00835052 0.00844304 0.0114809 0.00911542 0.00845917 0.00838834 0.00837319 0.00843907 0.0113128 0.0085271 0.00854977 0.00863639 0.00859629 0.00840347 0.00853327 0.00893274 0.00835443 0.00821979 0.00823374 0.00829066 0.00818189 0.00840663 0.00970057 0.0083326 0.00821497 0.00920489 0.00827546 0.00854122 0.00884241 0.00831992 0.00818519 0.00822187 0.00817809 0.00811705 0.00811449 0.0082294 
0.00979153 0.0097967 0.0100014 0.00934353 0.0292593 0.0166447 0.00847029 0.0124857 0.00832714 0.0106902 0.0114064 0.00991624 0.0121771 0.00863886 0.0147185 0.00905847 0.0127414 0.00856147 0.0208444 0.0165148 0.00859536 0.0119927 0.00910198 0.0275643 0.0132903 0.00857612 0.0120994 0.0125385 0.00736069 0.0063143 0.0137302 0.00465277 0.0041971 0.00460863 0.987567 0 0.00376347 0.00386543 0.00411225 0.0407714 0.00894021 0.0235205 0.00894628 0.0258495 0.0145292 0.015245 0.0111567 0.00884779 0.00829516 0.00935259 0.008238 0.00904521 0.0113848 0.0112702 0.011367 0.0169126 0.00847771 0.010965 0.00873288 0.0128009 0.00874548 0.00836843 0.0097848 0.00838275 0.0114863 0.00912096 0.0085996 0.010341 0.00821715 0.0100476 0.00825183 0.0101877 0.00928805 0.00826236 0.00851855 0.00806249 0.00969412 0.00804272 0.00902974 0.00925349 0.00974469 0.00833362 0.0094164 0.0089537 0.0082234 0.00935725 0.00878013 0.00827279 0.00811129 0.00806839 0.00832544 0.00816009 0.00829134 0.00829689 
0.00898503 0.0108351 0.0110782 0.0184992 0.00894788 0.00858296 0.0231821 0.00854998 0.0173319 0.00869435 0.00926903 0.0105059 0.00878273 0.0279675 0.00948818 0.0318263 0.0089479 0.0173778 0.00888425 0.00880361 0.0279065 0.00874368 0.0288126 0.00928852 0.00859481 0.0373755 0.00880067 0.0158503 0.00658198 0.0115873 0.00874603 0.00680675 0.00572625 0.9658 0.00481372 0.00376347 0 0.00378115 0.00380626 0.014367 0.118131 0.00969631 0.0742074 0.00960687 0.0132282 0.00999415 0.00980202 0.00884321 0.0128731 0.00841592 0.0103572 0.00878003 0.0100386 0.00890168 0.0107579 0.00860777 0.0230398 0.00861136 0.0114012 0.00836437 0.00835793 0.00975916 0.00851656 0.0159932 0.00843642 0.00879002 0.0125294 0.0083737 0.0166051 0.00858332 0.0127568 0.008388 0.00960013 0.00823431 0.00811845 0.0106072 0.00824123 0.0114739 0.00836478 0.00840879 0.00851419 0.00895612 0.00855674 0.00852246 0.00882431 0.00855411 0.00810551 0.00821657 0.00815664 0.00838546 0.00813763 0.00836256 0.00825226 0.00813127 
0.00959422 0.0125195 0.0172755 0.00982991 0.0100973 0.013951 0.00885009 0.022676 0.00866178 0.0180667 0.00896287 0.00896452 0.025191 0.00893811 0.0304078 0.00975015 0.0248968 0.00919326 0.00931104 0.0168395 0.00904819 0.0263694 0.00913179 0.0101145 0.0143088 0.00910907 0.0319855 0.00854017 0.0100221 0.00976112 0.00963929 0.00788038 0.897097 0.00492401 0.00403213 0.00386543 0.00378115 0 0.00371279 0.0266494 0.0117913 0.0808023 0.0103758 0.082138 0.00992744 0.0099918 0.00937269 0.0107898 0.00874306 0.0117484 0.00866088 0.0103398 0.00861396 0.0114442 0.00892451 0.0150554 0.00879135 0.016253 0.00877215 0.00888556 0.00870902 0.00884641 0.0132552 0.00865167 0.016028 0.00841025 0.00875487 0.018947 0.00877088 0.0202305 0.00890621 0.017204 0.00830641 0.0083941 0.00970778 0.00839466 0.0127147 0.00845623 0.0101898 0.00843587 0.0095389 0.008826 0.0087737 0.00898589 0.00921437 0.00860128 0.00810552 0.00819371 0.0082275 0.00802661 0.00845856 0.00829934 0.00857549 0.00818126 
