1P7LB
AKHLFTSESVSEGHPDKIADQISDAVLDAILEQDPKARVACETYVKTGMVLVGGEITTSAWVDIEEITRNTVREIGYVHSDMGFDANSCAVLSAIGKQSPDINQGVDRADPLEQGAGDQGLMFGYATNETDVLMPAPITYAHRLVQRQAEVRKNGTLPWLRPDAKSQVTFQYDDGKIVGIDAVVLSTQHSEEIDQKSLQEAVMEEIIKPILPAEWLTSATKFFINPTGRFVIGGPMGDCGLTGRKIIVDTYGGMARHGGGAFSGKDPSKVDRSAAYAARYVAKNIVAAGLADRCEIQVSYAIGVAEPTSIMVETFGTEKVPSEQLTLLVREFFDLRPYGLIQMLDLLHPIYKETAAYGHFGREHFPWEKTDKAQLLRDAAGLK
CCEEEEEEEECCCCHHHHHHHHHHHHHHHHHHHCCCCEEEEEEEEECCEEEEEEEEECCCCCCHHHHHHHHHHHHCCEEHHHCEECCCCEEEEEEECCCHHHHHHHCCCCCCCCCCCCCEEEEEEEECCCCCCCCHHHHHHHHHHHHHHHHHHCCCCCCEEEEEEEEEEEEEECCEEEEEEEEEEEEEECCCCCHHHHHHHHHHHCCCCCCCHHHCCCCCEEEECCCCCCCCCHHHHCCEECCCCHHHHCCCCCCCCCCCCCCCECCCCHHHHHHHHHHHHHHHHHHCCCECEEEEEEEECCCCCCCCEEEEECCCCECCCHHHHHHHHHHHCCCCHHHHHHHHCCCCCCCHHHCCCCCCCCCCCCCCCCCHHHHHHHCCCCC
0 0 0 0 0 0 0 0 0 0 0 0 0 0 0 0 0 0 0 0 0 0 0 0 0 0 0 0 0 0 0 0 0 0 0 0 0 0 0 0 0 0 0 0 0 0 0 0 0 0 0 0 0 0 0 0 0 0 0 0 0 0 0 0 0 0 0 0 0 0 0 0 0 0 0 0 0 0 0 0 0 0 0 0 0 0 0 0 0 0 0 0 0 0 0 0 0 0 0 0 0 0 0 0 0 0 0 0 0 0 0 0 0 0 0 0 0 0 0 0 0 0 0 0 0 0 0 0 0 0 0 0 0 0 0 0 0 0 0 0 0 0 0 0 0 0 0 0 0 0 0 0 0 0 0 0 0 0 0 0 0 0 0 0 0 0 0 0 0 0 0 0 0 0 0 0 0 0 0 0 0 0 0 0 0 0 0 0 0 0 0 0 0 0 0 0 0 0 0 0 0 0 0 0 0 0 0 0 0 0 0 0 0 0 0 0 0 0 0 0 0 0 0 0 0 0 0 0 0 0 0 0 0 0 0 0 0 0 0 0 0 0 0 0 0 0 0 0 0 0 0 0 0 0 0 0 0 0 0 0 0 0 0 0 0 0 0 0 0 0 0 0 0 0 0 0 0 0 0 0 0 0 0 0 0 0 0 0 0 0 0 0 0 0 0 0 0 0 0 0 0 0 0 0 0 0 0 0 0 0 0 0 0 0 0 0 0 0 0 0 0 0 0 0 0 0 0 0 0 0 0 0 0 0 0 0 0 0 0 0 0 0 0 0 0 0 0 0 0 0 0 0 0 0 0 0 0 0 0 0 0 0 0 0 0 0 0 0 0 0 0 0 0 0 0 0 0 0 0 0 0 0 0 
0 0 0 0 0 0 0 0 0 0 0 0 0 0 0 0 0 0 0 0 0 0 0 0 0 0 0 0 0 0 0 0 0 0 0 0 0 0 0 0 0 0 0 0 0 0 0 0 0 0 0 0 0 0 0 0 0 0 0 0 0 0 0 0 0 0 0 0 0 0 0 0 0 0 0 0 0 0 0 0 0 0 0 0 0 0 0 0 0 0 0 0 0 0 0 0 0 0 0 0 0 0 0 0 0 0 0 0 0 0 0 0 0 0 0 0 0 0 0 0 0 0 0 0 0 0 0 0 0 0 0 0 0 0 0 0 0 0 0 0 0 0 0 0 0 0 0 0 0 0 0 0 0 0 0 0 0 0 0 0 0 0 0 0 0 0 0 0 0 0 0 0 0 0 0 0 0 0 0 0 0 0 0 0 0 0 0 0 0 0 0 0 0 0 0 0 0 0 0 0 0 0 0 0 0 0 0 0 0 0 0 0 0 0 0 0 0 0 0 0 0 0 0 0 0 0 0 0 0 0 0 0 0 0 0 0 0 0 0 0 0 0 0 0 0 0 0 0 0 0 0 0 0 0 0 0 0 0 0 0 0 0 0 0 0 0 0 0 0 0 0 0 0 0 0 0 0 0 0 0 0 0 0 0 0 0 0 0 0 0 0 0 0 0 0 0 0 0 0 0 0 0 0 0 0 0 0 0 0 0 0 0 0 0 0 0 0 0 0 0 0 0 0 0 0 0 0 0 0 0 0 0 0 0 0 0 0 0 0 0 0 0 0 0 0 0 0 0 0 0 0 0 0 0 0 0 0 0 0 0 0 0 0 0 0 0 0 0 0 0 0 0 0 0 0 0 0 0 0 0 0 0 0 
0 0.00385838 0.00378035 0.00377906 0.00380282 0.0037937 0.00433026 0.00785226 0.207705 0.0170782 0.0155508 0.0145489 0.0124875 0.0115322 0.0129477 0.0148249 0.0269356 0.0216355 0.0151162 0.0146353 0.011833 0.0111938 0.0104435 0.0133595 0.00976703 0.0211454 0.00888072 0.00986043 0.00873246 0.0101616 0.0117256 0.00985439 0.00909574 0.00987937 0.0087478 0.00928806 0.00958276 0.00922318 0.00847069 0.00850558 0.00855061 0.00857779 0.00853819 0.00850113 0.00919294 0.0088031 0.00819703 0.0082322 0.00829444 0.00833275 0.00840684 0.00867817 0.00902729 0.00830501 0.00847234 0.00821844 0.00822979 0.00807395 0.00842991 0.00830754 0.00809358 0.00831188 0.00833408 0.00810177 0.00828378 0.00848688 0.00848796 0.00857749 0.0085101 0.00825942 0.00814164 0.00808584 0.00820328 0.00815239 0.00823808 0.0082994 0.00864424 0.00824203 0.00834967 0.00866161 0.00885929 0.0085496 0.00846189 0.00835439 0.00841827 0.00849892 0.00842342 0.00838551 0.00884402 0.00844653 0.0084766 0.00843835 0.00844248 0.00884517 0.00936204 
0.00385838 0 0.00382931 0.00365087 0.00370398 0.00366749 0.00422003 0.00391069 0.0271083 0.177791 0.0262026 0.0268079 0.021389 0.0202233 0.0275093 0.0342447 0.0120125 0.0134867 0.0495177 0.0354342 0.0290663 0.0209024 0.0236817 0.0233716 0.0238793 0.0108552 0.00867493 0.00871384 0.00949549 0.00888346 0.0107522 0.0211669 0.0172899 0.015404 0.0136844 0.0114176 0.00917308 0.00904686 0.0107408 0.0106009 0.0107091 0.0109871 0.00950944 0.00989535 0.00859423 0.00833541 0.00863383 0.00858013 0.00904948 0.00907251 0.00921263 0.00875315 0.00879108 0.00915586 0.00889503 0.00981637 0.00848768 0.00855559 0.00830258 0.00816016 0.00840613 0.0085385 0.00875225 0.00851039 0.0085692 0.008838 0.008962 0.00920023 0.00969304 0.00850128 0.00855154 0.00832779 0.00816901 0.00820388 0.00852807 0.00835933 0.00833004 0.00825463 0.00827679 0.00829519 0.00848224 0.00827785 0.00859516 0.00846193 0.00862276 0.00847631 0.00863269 0.00842272 0.008592 0.00832215 0.00861915 0.00850908 0.00849589 0.00848089 0.00843918 
0.00378035 0.00382931 0 0.00369859 0.0036995 0.00368516 0.00376065 0.00393358 0.0281421 0.031064 0.0858992 0.0338579 0.0451093 0.0289414 0.0393081 0.0214739 0.0162286 0.0123393 0.0207619 0.0652407 0.0481503 0.0324162 0.0473435 0.0319372 0.0120603 0.0106121 0.00849086 0.00858772 0.00863514 0.00867708 0.0103788 0.0176469 0.0305812 0.0230896 0.0198414 0.0113525 0.00909109 0.00893023 0.0102164 0.0131322 0.0132867 0.0114957 0.0118751 0.00890062 0.00889972 0.00843895 0.00847582 0.00877152 0.00920175 0.00970491 0.00903364 0.00952593 0.00910721 0.00959373 0.00912233 0.00929292 0.00872131 0.00849034 0.00833046 0.00810982 0.00841545 0.00898918 0.00901405 0.00883818 0.00869015 0.0103352 0.00925872 0.0104912 0.00921414 0.00894256 0.00860821 0.00829966 0.00817881 0.0081349 0.00855878 0.00841046 0.00842093 0.00822923 0.00825717 0.0083073 0.00859842 0.00841811 0.00850833 0.00850281 0.00855061 0.00855334 0.00856836 0.00864635 0.00856274 0.00832342 0.00854724 0.00852222 0.00847717 0.00840251 0.0084869 
0.00377906 0.00365087 0.00369859 0 0.00375792 0.00370616 0.00372785 0.00401601 0.0232074 0.0245085 0.0391777 0.0685579 0.0265381 0.0297878 0.0240411 0.0198316 0.0127537 0.0109682 0.0196799 0.0360856 0.0483293 0.0386405 0.0289344 0.0213896 0.0103899 0.0101531 0.008641 0.00839842 0.00858026 0.00866797 0.00994274 0.0131157 0.0217566 0.0253591 0.0159877 0.0102507 0.00892853 0.008886 0.0104815 0.0114554 0.0114856 0.0122894 0.011204 0.0089485 0.00869893 0.00826544 0.00852556 0.00876146 0.00906442 0.00948255 0.00974201 0.00934599 0.00908675 0.00934419 0.00907073 0.00928234 0.00852525 0.00845782 0.00815912 0.00811457 0.0084663 0.00896315 0.0087684 0.00842667 0.00889245 0.00922658 0.00987233 0.00928895 0.00934323 0.00883859 0.00847065 0.00819969 0.00826045 0.0081076 0.00843792 0.00838909 0.00825973 0.00828339 0.00830513 0.0082777 0.0085294 0.00834103 0.00851154 0.00844949 0.00858968 0.00850371 0.00858 0.00848389 0.00851973 0.00834723 0.00851153 0.00858735 0.00846494 0.00843402 0.0083746 
0.00380282 0.00370398 0.0036995 0.00375792 0 0.00377773 0.00370349 0.00372511 0.0190043 0.0295203 0.0431497 0.0274051 0.0438914 0.0198379 0.0219206 0.0144697 0.0112055 0.0109606 0.0155225 0.0408794 0.0403953 0.0310278 0.0177778 0.0143375 0.0102216 0.0100183 0.00833295 0.00832659 0.00858207 0.00845226 0.00911646 0.0124929 0.0223957 0.0158187 0.0141541 0.0092464 0.00911359 0.00852386 0.00971858 0.0103104 0.0117447 0.0104193 0.0103059 0.00868624 0.00871192 0.00831725 0.00843598 0.0085188 0.00929552 0.00904918 0.00882294 0.00901052 0.008725 0.00918568 0.00902146 0.00895953 0.0084921 0.00845867 0.00824338 0.008092 0.0083872 0.00844819 0.00889626 0.00848538 0.0085679 0.00906974 0.00952179 0.00902898 0.0090083 0.0086373 0.00840484 0.008328 0.00813447 0.00813444 0.0083768 0.00838302 0.00829106 0.00830663 0.00826973 0.00843824 0.00856184 0.00828726 0.00855683 0.0083835 0.00856995 0.0084254 0.00854132 0.00844927 0.00844482 0.00836664 0.00845838 0.00846783 0.00842068 0.0083588 0.00845964 
0.0037937 0.00366749 0.00368516 0.00370616 0.00377773 0 0.00370612 0.00372182 0.0167287 0.0469407 0.0475719 0.0584549 0.0240584 0.0313273 0.0219796 0.013869 0.010481 0.0110701 0.021468 0.034941 0.0598677 0.0192162 0.025685 0.0141089 0.0106969 0.00923613 0.00839268 0.00835137 0.00859365 0.00852932 0.00952658 0.0166086 0.0229573 0.0181632 0.0157693 0.00924544 0.0087213 0.00867719 0.00980936 0.0112272 0.0108199 0.0112178 0.00988466 0.00880949 0.00842097 0.00832456 0.00843868 0.00892833 0.00869177 0.00915131 0.00883966 0.00897853 0.00864573 0.00930183 0.00868828 0.00937926 0.00842876 0.00841694 0.00823672 0.00808372 0.0083979 0.00887076 0.00861762 0.00856309 0.00846628 0.00916037 0.00900079 0.00916177 0.00912657 0.00860949 0.0085758 0.0082624 0.00812633 0.00814379 0.00848884 0.00832719 0.00820987 0.00824165 0.0082497 0.00839574 0.00838559 0.00851606 0.00850139 0.00845495 0.00862938 0.00848489 0.00860845 0.00854173 0.00842601 0.00836776 0.00851025 0.00854475 0.00844727 0.00837449 0.00831618 
0.00433026 0.00422003 0.00376065 0.00372785 0.00370349 0.00370612 0 0.00375365 0.0217276 0.0304292 0.096487 0.0334634 0.0311482 0.0175853 0.0244237 0.0514605 0.0139482 0.0133997 0.0211219 0.040687 0.0253371 0.026141 0.0131369 0.0201034 0.00986499 0.010348 0.00870061 0.00892976 0.00926533 0.00930269 0.0109533 0.0154106 0.0127346 0.012696 0.0106613 0.0103867 0.0090364 0.00899947 0.010154 0.00985543 0.0104955 0.010075 0.00967056 0.00894641 0.00862093 0.00820398 0.00859975 0.00842317 0.0089066 0.00872932 0.00870353 0.00866189 0.00897826 0.00881757 0.00915471 0.008801 0.00853219 0.00830493 0.00816178 0.00816449 0.00845912 0.00850876 0.00895962 0.00840654 0.0086798 0.0086834 0.00915685 0.00906823 0.00919297 0.00871849 0.00842721 0.00835153 0.00812598 0.00815296 0.00841368 0.00837984 0.00815561 0.00818735 0.00828291 0.00821863 0.00846426 0.00818986 0.00847114 0.00848495 0.00856119 0.00852344 0.00856261 0.0085136 0.00857798 0.00834117 0.00859256 0.00850252 0.00851107 0.00843181 0.00840365 
0.00785226 0.00391069 0.00393358 0.00401601 0.00372511 0.00372182 0.00375365 0 0.0185597 0.0316628 0.020162 0.0378889 0.0156535 0.0157011 0.0141173 0.0282062 0.0578888 0.0202438 0.0179514 0.0122519 0.018268 0.0125249 0.0158238 0.0100029 0.0105349 0.0116654 0.0125954 0.00849507 0.0115072 0.00968197 0.0137055 0.0103365 0.0100887 0.00958232 0.00943553 0.00891132 0.0100451 0.0106705 0.00927313 0.00898947 0.00902588 0.00880867 0.00871833 0.00844702 0.00864551 0.00879048 0.00810545 0.00820471 0.00835102 0.008447 0.0082086 0.00851858 0.00827664 0.0086494 0.00834875 0.00861067 0.00817766 0.00819116 0.00811076 0.00834535 0.00822285 0.00820264 0.00819573 0.00830981 0.00823128 0.00861575 0.00837952 0.00844077 0.00867118 0.00828132 0.00826822 0.00812007 0.00818502 0.00815812 0.00832083 0.00816911 0.00842229 0.00819225 0.0083526 0.00881053 0.00943114 0.0083339 0.00854993 0.00839078 0.00851314 0.00847181 0.00854904 0.00851884 0.00860957 0.00844295 0.00839557 0.00843144 0.00849773 0.00844395 0.00910759 
0.207705 0.0271083 0.0281421 0.0232074 0.0190043 0.0167287 0.0217276 0.0185597 0 0.00394887 0.00370705 0.00372463 0.00373816 0.0037165 0.00406783 0.0052971 0.00926081 0.00916159 0.00909703 0.0091229 0.00905099 0.0100295 0.00844215 0.0321296 0.0134947 0.933535 0.0112451 0.0162961 0.0103672 0.017828 0.0349522 0.0165217 0.0134552 0.0157951 0.0105075 0.0120045 0.0135395 0.0113846 0.00954236 0.0093196 0.009301 0.00916812 0.00942008 0.00932424 0.0125372 0.00867725 0.00843539 0.00828399 0.00843949 0.00876049 0.00837317 0.00870974 0.00869515 0.00855012 0.00951117 0.00854198 0.00865666 0.00837122 0.00905633 0.00922484 0.00822712 0.00868488 0.00846421 0.00818888 0.00895466 0.00860673 0.00874918 0.00934715 0.00877102 0.00854544 0.00831652 0.00823906 0.00865684 0.00829768 0.00842776 0.00842363 0.00877747 0.00836669 0.00828267 0.00866026 0.00898597 0.00841736 0.0084768 0.00844249 0.0084243 0.00846125 0.00846966 0.00834632 0.00864223 0.00840246 0.0085378 0.00840218 0.00832371 0.00863597 0.00937775 
0.0170782 0.177791 0.031064 0.0245085 0.0295203 0.0469407 0.0304292 0.0316628 0.00394887 0 0.00373277 0.00370159 0.00374406 0.00374403 0.0038331 0.00459156 0.00429023 0.00607028 0.0119113 0.00928644 0.0139758 0.00895045 0.0158263 0.0116467 0.973124 0.0144372 0.0107062 0.0094116 0.0132234 0.00951426 0.0174816 0.0624703 0.0315918 0.0186956 0.0303912 0.0128202 0.0112639 0.0121733 0.0177277 0.0151335 0.0179139 0.0146555 0.0142987 0.0135336 0.00923402 0.00928349 0.00880439 0.00951131 0.00960358 0.0118891 0.00972947 0.0105206 0.00954568 0.01224 0.00941353 0.0110277 0.00874468 0.00930872 0.00825232 0.0081662 0.00908184 0.00925114 0.00916934 0.0100322 0.00891714 0.0109199 0.0106626 0.0106374 0.010406 0.00980371 0.009792 0.00862433 0.00834899 0.00810642 0.00868257 0.00843772 0.00834393 0.00825977 0.00825696 0.00812044 0.00838569 0.00830094 0.00867176 0.00868648 0.00901407 0.00855287 0.00884563 0.00840856 0.00858829 0.0083424 0.00855786 0.00859978 0.00854573 0.00843947 0.00834398 
0.0155508 0.0262026 0.0858992 0.0391777 0.0431497 0.0475719 0.096487 0.020162 0.00370705 0.00373277 0 0.0036992 0.00370042 0.00370785 0.0037105 0.00379938 0.00447753 0.00675958 0.00852262 0.0154957 0.00978372 0.0181212 0.0118118 0.970052 0.0209487 0.0105949 0.00903006 0.00939896 0.00965991 0.00967529 0.0159096 0.0362113 0.0493681 0.0526471 0.0293338 0.0194617 0.0111637 0.0114166 0.0160175 0.0368689 0.0229119 0.0268983 0.0232796 0.0100992 0.00966374 0.0087019 0.010085 0.00923838 0.0138691 0.0123321 0.0120454 0.0106367 0.0124861 0.0116839 0.0142868 0.0118396 0.0110494 0.00904333 0.008388 0.00831314 0.00873965 0.0103009 0.011099 0.00953119 0.0106905 0.0110519 0.0122112 0.0135636 0.0119406 0.0120244 0.00916047 0.00916887 0.00838484 0.00814977 0.00865644 0.00871869 0.00853534 0.00821794 0.00824173 0.0081283 0.0083619 0.00841995 0.00863782 0.00909242 0.0087735 0.00873141 0.00886306 0.00874117 0.00853653 0.00837088 0.00856502 0.00865167 0.0085516 0.00846754 0.00824793 
0.0145489 0.0268079 0.0338579 0.0685579 0.0274051 0.0584549 0.0334634 0.0378889 0.00372463 0.00370159 0.0036992 0 0.00371489 0.00365401 0.0037765 0.00487026 0.00386457 0.0051068 0.0109832 0.00856429 0.0190699 0.010002 0.970612 0.017444 0.0123849 0.00851908 0.00974644 0.00875568 0.00987471 0.00944462 0.0137883 0.0268791 0.0616449 0.0504823 0.0420877 0.0162696 0.0118706 0.0103958 0.017721 0.0241243 0.0272421 0.0234817 0.0200164 0.0117061 0.00928357 0.00894503 0.00884509 0.0113984 0.010772 0.0128657 0.0109287 0.0111357 0.0111697 0.0149962 0.010886 0.0136517 0.00985377 0.00903408 0.0084452 0.00819918 0.00899327 0.00986723 0.00999071 0.0101922 0.00939202 0.0117282 0.0120262 0.0124629 0.0144309 0.0102201 0.0103609 0.00875999 0.00857034 0.0081704 0.00872369 0.00894466 0.00857811 0.00828174 0.00822739 0.00814282 0.00846343 0.00829437 0.00866196 0.00865046 0.00879479 0.00866156 0.00882502 0.00893865 0.00855578 0.00840738 0.00852982 0.00866398 0.00853442 0.00839685 0.0083363 
0.0124875 0.021389 0.0451093 0.0265381 0.0438914 0.0240584 0.0311482 0.0156535 0.00373816 0.00374406 0.00370042 0.00371489 0 0.0037121 0.00370327 0.00372161 0.00373626 0.00525767 0.00879258 0.0148079 0.00949963 0.945822 0.0106829 0.0120054 0.0085186 0.00941988 0.00910777 0.00921815 0.0094899 0.00941269 0.0125382 0.0251595 0.0502002 0.0405187 0.0392376 0.0134793 0.00993658 0.010492 0.0150093 0.0230181 0.0255424 0.0247081 0.0163815 0.0103608 0.0095589 0.00853022 0.00994462 0.00910357 0.0116986 0.0108036 0.0129247 0.010779 0.0106217 0.0114179 0.0135313 0.0115115 0.00989831 0.00903691 0.00834928 0.00818151 0.0088921 0.0104326 0.0106796 0.00924088 0.0100752 0.0113133 0.0109683 0.0125322 0.0113227 0.0111819 0.00926141 0.00875424 0.0083956 0.00812314 0.00860386 0.00866049 0.00822668 0.0081515 0.00816563 0.00806814 0.00826983 0.00846422 0.00845694 0.00851457 0.00864277 0.00852214 0.00867515 0.00856047 0.00840504 0.00837733 0.00848318 0.00850347 0.00844811 0.00837284 0.00823251 
0.0115322 0.0202233 0.0289414 0.0297878 0.0198379 0.0313273 0.0175853 0.0157011 0.0037165 0.00374403 0.00370785 0.00365401 0.0037121 0 0.00370934 0.00369739 0.00373964 0.00531124 0.00663121 0.00753627 0.949291 0.0171442 0.0118204 0.00827948 0.00938057 0.00886158 0.0090253 0.0088299 0.00898231 0.00899062 0.0115031 0.0280265 0.0292879 0.040117 0.021997 0.0122509 0.00957347 0.0103228 0.0124753 0.0204256 0.0252162 0.0164505 0.0155511 0.0104426 0.00878732 0.00881029 0.00869634 0.0102123 0.0101353 0.0109674 0.0104436 0.0101877 0.0103838 0.0120979 0.0109459 0.0111735 0.00944083 0.00874981 0.00819808 0.00829146 0.00859305 0.00936825 0.00922733 0.00937258 0.00940389 0.0104238 0.0114873 0.0107296 0.01245 0.00998652 0.00945285 0.00851816 0.00822692 0.00808931 0.00846275 0.00847398 0.0082202 0.00816523 0.00814413 0.00806995 0.00839864 0.00820012 0.00846816 0.00846772 0.00863467 0.00853818 0.00858912 0.00849595 0.0084561 0.00836112 0.00846071 0.00851781 0.00844077 0.00836855 0.00826463 
0.0129477 0.0275093 0.0393081 0.0240411 0.0219206 0.0219796 0.0244237 0.0141173 0.00406783 0.0038331 0.0037105 0.0037765 0.00370327 0.00370934 0 0.00371185 0.00371251 0.00423979 0.0111254 0.94767 0.0127953 0.0100198 0.00721548 0.0130303 0.00866726 0.00874036 0.00937298 0.00904694 0.00954827 0.00919342 0.0185634 0.0222839 0.045865 0.0249929 0.0290952 0.0106645 0.0102559 0.0106259 0.0156098 0.0243669 0.0197738 0.0203558 0.0150888 0.0103703 0.00966203 0.00877386 0.00978378 0.00968063 0.0108784 0.011387 0.0105062 0.0114334 0.0108294 0.0121437 0.0112954 0.0113139 0.00958926 0.00882491 0.00845512 0.00814229 0.0086496 0.00917544 0.0105366 0.00960787 0.00964374 0.0122783 0.0114049 0.0131197 0.0116247 0.0108921 0.00912561 0.00878523 0.0083926 0.00819737 0.00851777 0.00874757 0.00834557 0.00818099 0.00819645 0.00813373 0.00851338 0.00842794 0.00859113 0.00861463 0.00884073 0.00866969 0.00884355 0.00858658 0.0085258 0.00841514 0.00853882 0.00862157 0.00850496 0.0084028 0.0083517 
0.0148249 0.0342447 0.0214739 0.0198316 0.0144697 0.013869 0.0514605 0.0282062 0.0052971 0.00459156 0.00379938 0.00487026 0.00372161 0.00369739 0.00371185 0 0.00414464 0.00440437 0.967474 0.00652194 0.00745609 0.00589013 0.0122292 0.00902051 0.0125389 0.00824336 0.0143853 0.00985405 0.0121693 0.0116282 0.0130172 0.029202 0.0196419 0.019811 0.0149888 0.0228263 0.0102319 0.0115241 0.0216005 0.0138203 0.0159938 0.0135124 0.012326 0.0121866 0.00903193 0.00883167 0.00912344 0.00914376 0.00919393 0.0105809 0.00960566 0.00958386 0.00986806 0.0102087 0.00980168 0.0102937 0.00885644 0.00899508 0.00822204 0.00837444 0.00885829 0.0091437 0.0110021 0.00893341 0.00920009 0.00982139 0.0108168 0.0107306 0.0113828 0.00933329 0.00890316 0.00862757 0.00826038 0.00817155 0.00851662 0.00853524 0.00819013 0.00824871 0.0082794 0.00807886 0.00839645 0.00819869 0.00844751 0.00861078 0.0086276 0.00866238 0.00864625 0.00848025 0.00858577 0.0084051 0.00863237 0.00854472 0.00850426 0.00839315 0.00837078 
0.0269356 0.0120125 0.0162286 0.0127537 0.0112055 0.010481 0.0139482 0.0578888 0.00926081 0.00429023 0.00447753 0.00386457 0.00373626 0.00373964 0.00371251 0.00414464 0 0.978892 0.0088232 0.00418658 0.00481879 0.00603251 0.00682156 0.00756896 0.00789351 0.0103264 0.0116287 0.0102028 0.0166827 0.0143642 0.0234019 0.0118474 0.0132424 0.011977 0.0112928 0.0103232 0.0158476 0.017396 0.00988387 0.0106838 0.0108894 0.0103924 0.010116 0.0090741 0.0105295 0.0106821 0.00831291 0.00843856 0.00916392 0.0090806 0.00872941 0.00900021 0.00910348 0.00921259 0.00900078 0.00888058 0.00852222 0.00844391 0.00822094 0.00879935 0.00838973 0.00846273 0.00857213 0.00849465 0.00851811 0.00918553 0.00935797 0.00961391 0.00981279 0.00878948 0.00840335 0.0082765 0.00827502 0.00824727 0.00829187 0.00816658 0.00837963 0.00827081 0.00823353 0.00846982 0.00904864 0.00820865 0.00837559 0.00828008 0.00838707 0.00834889 0.00837566 0.00832163 0.00839187 0.00852114 0.00837329 0.00834732 0.00836676 0.00825584 0.008672 
0.0216355 0.0134867 0.0123393 0.0109682 0.0109606 0.0110701 0.0133997 0.0202438 0.00916159 0.00607028 0.00675958 0.0051068 0.00525767 0.00531124 0.00423979 0.00440437 0.978892 0 0.00371663 0.00370673 0.00378814 0.00371817 0.00376646 0.00382629 0.00521287 0.0107011 0.0151704 0.0155902 0.0106514 0.0157904 0.0312268 0.0198018 0.01386 0.0148701 0.0109796 0.0124861 0.016399 0.0124004 0.0108565 0.010244 0.0103971 0.0102694 0.00989449 0.0103352 0.0154381 0.0089831 0.00837187 0.00846934 0.00861763 0.008601 0.00866623 0.00859012 0.00878464 0.00888454 0.00907192 0.00890663 0.00856275 0.00929356 0.00952125 0.0082418 0.00825662 0.00862426 0.00860895 0.00847597 0.00863391 0.00894734 0.00921794 0.00951693 0.00908232 0.00905183 0.00842467 0.00866556 0.00876708 0.00808435 0.0083876 0.00823949 0.00888992 0.00814706 0.0082566 0.00838314 0.00858228 0.00843796 0.0084278 0.00837045 0.00849524 0.00845353 0.00848018 0.00834176 0.00886327 0.00823269 0.00843895 0.00847181 0.00841303 0.00855112 0.0086397 
0.0151162 0.0495177 0.0207619 0.0196799 0.0155225 0.021468 0.0211219 0.0179514 0.00909703 0.0119113 0.00852262 0.0109832 0.00879258 0.00663121 0.0111254 0.967474 0.0088232 0.00371663 0 0.00375827 0.00371079 0.00371647 0.00390162 0.00407369 0.0095084 0.0060891 0.0136543 0.0102174 0.0131529 0.0101536 0.021199 0.0880371 0.0357203 0.0280176 0.0262779 0.0158072 0.0113356 0.0120964 0.0184323 0.0180357 0.0172003 0.0165102 0.0142641 0.0134186 0.0108672 0.00899668 0.00916966 0.00919166 0.00960086 0.011798 0.00991912 0.0107239 0.0101695 0.0128944 0.010439 0.0121139 0.00911541 0.00912841 0.00870836 0.00806211 0.00876453 0.00990297 0.00986626 0.00961192 0.00942734 0.0115273 0.0117699 0.0128737 0.0118601 0.00963185 0.00917407 0.00897946 0.00862267 0.00813746 0.00860005 0.00866673 0.00864121 0.00833027 0.0083441 0.00813822 0.00835522 0.00824431 0.00849437 0.00858375 0.00893585 0.00863164 0.00870409 0.00857359 0.00859289 0.00831365 0.0085891 0.00859435 0.00849353 0.0085221 0.00826133 
0.0146353 0.0354342 0.0652407 0.0360856 0.0408794 0.034941 0.040687 0.0122519 0.0091229 0.00928644 0.0154957 0.00856429 0.0148079 0.00753627 0.94767 0.00652194 0.00418658 0.00370673 0.00375827 0 0.00372493 0.00370151 0.00375802 0.00410157 0.00401017 0.00412658 0.0103256 0.00940804 0.0123326 0.00972868 0.0166783 0.0490697 0.143114 0.0698217 0.0552733 0.0180177 0.0111336 0.0130881 0.0222726 0.0553185 0.0399326 0.0362573 0.0335826 0.0143489 0.00948595 0.009221 0.0105105 0.0103895 0.0162182 0.014444 0.0175469 0.0128474 0.0193335 0.0151323 0.0243935 0.0132039 0.0135132 0.00925548 0.0084663 0.00844658 0.00909878 0.0129093 0.0131028 0.0111852 0.0126285 0.0150094 0.0201103 0.0218659 0.0190025 0.0140511 0.010267 0.00919656 0.00863236 0.0082171 0.00897847 0.0090427 0.00865911 0.00836532 0.00839409 0.00809863 0.00838425 0.00849808 0.00864071 0.00906289 0.00896114 0.00909396 0.00890527 0.00905164 0.00870761 0.008447 0.0087456 0.00920595 0.00864522 0.00854918 0.00828409 
0.011833 0.0290663 0.0481503 0.0483293 0.0403953 0.0598677 0.0253371 0.018268 0.00905099 0.0139758 0.00978372 0.0190699 0.00949963 0.949291 0.0127953 0.00745609 0.00481879 0.00378814 0.00371079 0.00372493 0 0.00370172 0.00372747 0.00390977 0.00376198 0.0038358 0.01163 0.00927793 0.0106661 0.00960761 0.0151648 0.0468348 0.075445 0.127917 0.0429999 0.0209709 0.0115557 0.0137757 0.026524 0.0446609 0.0526211 0.0461833 0.0409718 0.0135789 0.0102501 0.0091255 0.00973722 0.0139021 0.0127021 0.0185148 0.0131346 0.0175526 0.0128268 0.024869 0.0137668 0.0207206 0.0104736 0.00953105 0.00832777 0.00817697 0.00915418 0.0121229 0.0120679 0.0126403 0.0104659 0.0165183 0.0174955 0.0209427 0.0221679 0.0128041 0.0105654 0.00895486 0.00849758 0.00818056 0.00885667 0.00913755 0.00861836 0.00834262 0.00833781 0.00811538 0.00835939 0.0081994 0.00857063 0.00852429 0.00924 0.00863227 0.0089932 0.00865421 0.00874764 0.00836364 0.0085005 0.00859529 0.00852503 0.00848993 0.00832978 
0.0111938 0.0209024 0.0324162 0.0386405 0.0310278 0.0192162 0.026141 0.0125249 0.0100295 0.00895045 0.0181212 0.010002 0.945822 0.0171442 0.0100198 0.00589013 0.00603251 0.00371817 0.00371647 0.00370151 0.00370172 0 0.00369737 0.00371002 0.00371501 0.0037444 0.0115723 0.0096144 0.00952422 0.00991097 0.0135763 0.0239249 0.053204 0.0287028 0.068587 0.01517 0.010191 0.0133255 0.0144059 0.0337506 0.0280381 0.0290454 0.0190714 0.0113652 0.00955642 0.0087118 0.0100182 0.00947287 0.0138264 0.0113459 0.0131413 0.0111267 0.0144374 0.0115177 0.0178753 0.0113228 0.0104642 0.00882938 0.00829915 0.00816856 0.00883826 0.0104749 0.0115896 0.00988655 0.0113678 0.0122634 0.0137804 0.0153394 0.0139579 0.0119868 0.00964776 0.00886237 0.00844279 0.00804319 0.00859202 0.00870983 0.0082312 0.00818935 0.00818375 0.00804598 0.00827435 0.00844634 0.00847372 0.00856379 0.00869712 0.00866011 0.00864597 0.00848622 0.00837239 0.0083365 0.0084391 0.00855988 0.00848268 0.00828983 0.0082335 
0.0104435 0.0236817 0.0473435 0.0289344 0.0177778 0.025685 0.0131369 0.0158238 0.00844215 0.0158263 0.0118118 0.970612 0.0106829 0.0118204 0.00721548 0.0122292 0.00682156 0.00376646 0.00390162 0.00375802 0.00372747 0.00369737 0 0.00370566 0.00368335 0.00377321 0.0109345 0.00995181 0.0100401 0.00918369 0.0115867 0.0347335 0.0372501 0.0505715 0.0311315 0.0167614 0.0123562 0.0110918 0.0182283 0.0213815 0.0335351 0.0189141 0.0179142 0.0118657 0.00992075 0.00902025 0.00890653 0.0126193 0.0100819 0.0163727 0.010732 0.0141199 0.0108521 0.0193886 0.0101668 0.0167769 0.00917619 0.00927257 0.00835275 0.00809303 0.00899152 0.00985244 0.0100039 0.0126319 0.00942288 0.0139712 0.0137057 0.0133804 0.0146581 0.011012 0.010074 0.00860122 0.00849975 0.00809454 0.00852243 0.00863532 0.00853757 0.00822706 0.00816788 0.00809616 0.0082792 0.00818075 0.00854632 0.00839382 0.00872632 0.00851029 0.00862215 0.00848025 0.00854699 0.00835021 0.00840711 0.00846818 0.00840307 0.00833035 0.00828982 
0.0133595 0.0233716 0.0319372 0.0213896 0.0143375 0.0141089 0.0201034 0.0100029 0.0321296 0.0116467 0.970052 0.017444 0.0120054 0.00827948 0.0130303 0.00902051 0.00756896 0.00382629 0.00407369 0.00410157 0.00390977 0.00371002 0.00370566 0 0.003766 0.00376934 0.0100635 0.0127314 0.0088477 0.00958633 0.0172836 0.0167608 0.0384917 0.0290751 0.0151835 0.0157167 0.00974262 0.0107269 0.0127349 0.029592 0.01424 0.01624 0.0133418 0.00989841 0.00924021 0.00842955 0.00985508 0.00873981 0.0117855 0.00964366 0.012242 0.00942095 0.012626 0.00972511 0.0173488 0.00952659 0.0123764 0.00871772 0.00851294 0.00846195 0.00844204 0.0101697 0.0104056 0.00870309 0.010784 0.00941497 0.0108854 0.0115442 0.0101625 0.010573 0.00913548 0.00875896 0.00834058 0.00827965 0.0084205 0.00890725 0.00830634 0.00829757 0.00815567 0.00810222 0.00829682 0.00857401 0.00838461 0.00865687 0.00850664 0.00857491 0.00848817 0.00844772 0.0084426 0.00836168 0.00841802 0.00850789 0.00843106 0.00848337 0.0083146 
0.00976703 0.0238793 0.0120603 0.0103899 0.0102216 0.0106969 0.00986499 0.0105349 0.0134947 0.973124 0.0209487 0.0123849 0.0085186 0.00938057 0.00866726 0.0125389 0.00789351 0.00521287 0.0095084 0.00401017 0.00376198 0.00371501 0.00368335 0.003766 0 0.00384502 0.0193307 0.0102701 0.015501 0.0103919 0.0125297 0.0264079 0.0161071 0.0111168 0.0179985 0.0101252 0.0103641 0.00961899 0.0148352 0.00952247 0.0116597 0.0096758 0.00970468 0.0104437 0.00881231 0.0089246 0.00861606 0.00934113 0.00856921 0.0101384 0.00871747 0.00926598 0.00892087 0.0108033 0.00865882 0.0101087 0.00853808 0.00921949 0.00832667 0.00823953 0.00910415 0.00861716 0.00867109 0.00935677 0.00845539 0.0096571 0.00922695 0.00937388 0.00963842 0.00870023 0.00863115 0.00850679 0.00826856 0.00813761 0.00847976 0.008405 0.00830004 0.00813746 0.00814626 0.00811851 0.00845793 0.00818059 0.00866765 0.00835327 0.00849662 0.0084015 0.00845867 0.00834562 0.00832863 0.00830393 0.0083838 0.00843736 0.00845564 0.00828222 0.00844133 
0.0211454 0.0108552 0.0106121 0.0101531 0.0100183 0.00923613 0.010348 0.0116654 0.933535 0.0144372 0.0105949 0.00851908 0.00941988 0.00886158 0.00874036 0.00824336 0.0103264 0.0107011 0.0060891 0.00412658 0.0038358 0.0037444 0.00377321 0.00376934 0.00384502 0 0.0198365 0.0143117 0.0151398 0.017538 0.0294087 0.011331 0.0108377 0.0126265 0.00962256 0.0109253 0.011233 0.0178837 0.00992385 0.00998885 0.0092317 0.00948809 0.0097169 0.00877266 0.00941385 0.0105532 0.00834518 0.00818595 0.00923823 0.00873063 0.00860893 0.00840142 0.0089367 0.00846805 0.00932497 0.00851677 0.00867882 0.00833506 0.00833548 0.0106319 0.00850102 0.00851995 0.00891044 0.00829023 0.0085896 0.00869435 0.00897807 0.00898729 0.00901022 0.00871314 0.00835396 0.00821658 0.00831248 0.00862083 0.00828226 0.00845105 0.00831208 0.00864473 0.00825342 0.00927103 0.00995621 0.00835934 0.00827703 0.00831822 0.00820115 0.00827469 0.0082176 0.00821921 0.00854849 0.00847164 0.00824371 0.00844139 0.00830077 0.00840005 0.00951551 
0.00888072 0.00867493 0.00849086 0.008641 0.00833295 0.00839268 0.00870061 0.0125954 0.0112451 0.0107062 0.00903006 0.00974644 0.00910777 0.0090253 0.00937298 0.0143853 0.0116287 0.0151704 0.0136543 0.0103256 0.01163 0.0115723 0.0109345 0.0100635 0.0193307 0.0198365 0 0.00532663 0.00445197 0.687758 0.00903462 0.00943722 0.0109728 0.00817317 0.00793116 0.00881338 0.0110212 0.0109217 0.00957776 0.0088138 0.00897685 0.00904353 0.0087682 0.00960678 0.0110288 0.00857501 0.00821504 0.00818206 0.00828502 0.00837096 0.00828304 0.00840307 0.00827752 0.00842327 0.00833504 0.00833253 0.00812936 0.00835837 0.00835965 0.00829514 0.00818544 0.00808418 0.00821528 0.00817928 0.00810513 0.00819783 0.00832342 0.00832313 0.00840997 0.00816301 0.00819725 0.00823546 0.00831331 0.00806473 0.00810635 0.00808717 0.00838016 0.00809691 0.00810859 0.00825973 0.00830493 0.00800055 0.00816452 0.00814043 0.00812305 0.00810713 0.00813826 0.00815709 0.00820962 0.00804297 0.00809102 0.00813809 0.00813483 0.00818108 0.00854084 
0.00986043 0.00871384 0.00858772 0.00839842 0.00832659 0.00835137 0.00892976 0.00849507 0.0162961 0.0094116 0.00939896 0.00875568 0.00921815 0.0088299 0.00904694 0.00985405 0.0102028 0.0155902 0.0102174 0.00940804 0.00927793 0.0096144 0.00995181 0.0127314 0.0102701 0.0143117 0.00532663 0 0.798327 0.0047569 0.0081525 0.0082889 0.00655692 0.00705842 0.00677769 0.00724483 0.00636466 0.0135463 0.00908949 0.00874501 0.00925278 0.00876053 0.0089306 0.00895827 0.00910353 0.00987392 0.00818258 0.00815692 0.00836282 0.00831686 0.00819981 0.00823748 0.00823464 0.00830231 0.00850897 0.0082314 0.00832657 0.00841983 0.00813364 0.0090898 0.00819501 0.00814455 0.00818366 0.00805324 0.00813525 0.00817632 0.00814728 0.00832095 0.00824299 0.00820586 0.00820123 0.0082603 0.00817909 0.0083049 0.00811542 0.00811598 0.008115 0.00838584 0.00811192 0.00836977 0.00857079 0.00801521 0.00815366 0.00814297 0.00804557 0.00809968 0.00803876 0.00806063 0.00814459 0.00822847 0.00810838 0.00816946 0.00804829 0.00816925 0.00840888 
0.00873246 0.00949549 0.00863514 0.00858026 0.00858207 0.00859365 0.00926533 0.0115072 0.0103672 0.0132234 0.00965991 0.00987471 0.0094899 0.00898231 0.00954827 0.0121693 0.0166827 0.0106514 0.0131529 0.0123326 0.0106661 0.00952422 0.0100401 0.0088477 0.015501 0.0151398 0.00445197 0.798327 0 0.00749538 0.00750566 0.0148559 0.00903065 0.00867526 0.00645636 0.00606741 0.0126838 0.0112074 0.0119444 0.00948069 0.00954143 0.00938543 0.0095376 0.0160872 0.0145252 0.00915626 0.00848274 0.00848254 0.00856257 0.00871479 0.00849048 0.00879519 0.00844244 0.00875218 0.00845339 0.00885599 0.00839144 0.00909232 0.00900821 0.00811573 0.00849469 0.00829346 0.00838476 0.0084158 0.00824855 0.00854661 0.00867789 0.00874516 0.00872524 0.00843879 0.00837279 0.00839049 0.00915227 0.0080441 0.00819843 0.0080783 0.00919302 0.00805401 0.00826089 0.00838842 0.00835151 0.00795285 0.00817661 0.00808652 0.00818632 0.00809855 0.00820224 0.00811118 0.00843279 0.00803496 0.0081803 0.0081379 0.00814195 0.00820291 0.00848122 
0.0101616 0.00888346 0.00867708 0.00866797 0.00845226 0.00852932 0.00930269 0.00968197 0.017828 0.00951426 0.00967529 0.00944462 0.00941269 0.00899062 0.00919342 0.0116282 0.0143642 0.0157904 0.0101536 0.00972868 0.00960761 0.00991097 0.00918369 0.00958633 0.0103919 0.017538 0.687758 0.0047569 0.00749538 0 0.0163591 0.00890399 0.00483427 0.00525698 0.00567792 0.00948935 0.0070902 0.014471 0.00948751 0.00912249 0.00928612 0.00913509 0.00920229 0.0109291 0.0109573 0.010269 0.00848955 0.00834341 0.0088255 0.00855037 0.0084603 0.00852508 0.00858429 0.0085486 0.0087874 0.00852743 0.00851947 0.00852504 0.00891657 0.00937936 0.00838389 0.00826819 0.0085548 0.00824271 0.0083286 0.00852592 0.00850015 0.00871699 0.0088499 0.00839045 0.00828698 0.00861224 0.00876722 0.00852541 0.00811559 0.00839293 0.00846246 0.00881111 0.00839705 0.00864792 0.00898603 0.00809651 0.00825274 0.00824006 0.00816312 0.00827983 0.00815977 0.00829859 0.00840664 0.00828031 0.00822032 0.00823053 0.00815904 0.00823003 0.00854646 
0.0117256 0.0107522 0.0103788 0.00994274 0.00911646 0.00952658 0.0109533 0.0137055 0.0349522 0.0174816 0.0159096 0.0137883 0.0125382 0.0115031 0.0185634 0.0130172 0.0234019 0.0312268 0.021199 0.0166783 0.0151648 0.0135763 0.0115867 0.0172836 0.0125297 0.0294087 0.00903462 0.0081525 0.00750566 0.0163591 0 0.00371002 0.0037058 0.00372733 0.00374261 0.00384941 0.00469929 0.0697675 0.0164997 0.0127772 0.0123877 0.0119157 0.0147939 0.0114028 0.0212644 0.0124214 0.00926334 0.0102549 0.00967915 0.0106963 0.0102491 0.0104939 0.0106281 0.0109509 0.0110026 0.0106817 0.00966468 0.00970911 0.0116232 0.00950462 0.00883175 0.00934176 0.00995726 0.0105012 0.00983995 0.0117233 0.0128645 0.0143163 0.0107881 0.00991533 0.00910321 0.00893147 0.0113555 0.00853487 0.00881216 0.00867609 0.0103391 0.0085246 0.00817158 0.00844898 0.008323 0.00827926 0.00833083 0.0083334 0.00861975 0.00844732 0.00851029 0.00830303 0.0085943 0.00814558 0.00835505 0.00836203 0.00836017 0.00832775 0.00863435 
0.00985439 0.0211669 0.0176469 0.0131157 0.0124929 0.0166086 0.0154106 0.0103365 0.0165217 0.0624703 0.0362113 0.0268791 0.0251595 0.0280265 0.0222839 0.029202 0.0118474 0.0198018 0.0880371 0.0490697 0.0468348 0.0239249 0.0347335 0.0167608 0.0264079 0.011331 0.00943722 0.0082889 0.0148559 0.00890399 0.00371002 0 0.00371219 0.00371005 0.00373763 0.00373772 0.00376942 0.0718636 0.0784742 0.0248077 0.0228236 0.0267388 0.0179216 0.0211821 0.0125441 0.010461 0.0144297 0.0111759 0.0136905 0.0167222 0.0165899 0.0179695 0.0184902 0.0225178 0.0219856 0.0190298 0.0144633 0.0105249 0.00890285 0.00845358 0.0109029 0.0122402 0.0138555 0.0125623 0.0147935 0.0196721 0.0256118 0.0339857 0.0204145 0.0157515 0.0113946 0.0100348 0.00927311 0.00829249 0.00947458 0.00936955 0.0088321 0.00845022 0.00837641 0.00809189 0.00816761 0.00821429 0.00874188 0.00882736 0.0091731 0.00896549 0.00899508 0.00872964 0.00853717 0.00841912 0.00866301 0.00858665 0.00849789 0.00836097 0.00812882 
0.00909574 0.0172899 0.0305812 0.0217566 0.0223957 0.0229573 0.0127346 0.0100887 0.0134552 0.0315918 0.0493681 0.0616449 0.0502002 0.0292879 0.045865 0.0196419 0.0132424 0.01386 0.0357203 0.143114 0.075445 0.053204 0.0372501 0.0384917 0.0161071 0.0108377 0.0109728 0.00655692 0.00903065 0.00483427 0.0037058 0.00371219 0 0.00372038 0.00371236 0.00372414 0.00374421 0.0263249 0.0558023 0.0617381 0.0521489 0.0333345 0.0361726 0.0163071 0.0106729 0.0109107 0.0124894 0.0183394 0.0179407 0.0258971 0.0249612 0.0228884 0.0248595 0.0437433 0.026648 0.0577795 0.0176314 0.0106714 0.00866015 0.00873602 0.00951423 0.0196896 0.0206777 0.023584 0.0158212 0.0300273 0.0527676 0.0456379 0.0563932 0.0235717 0.0204446 0.0097537 0.00905165 0.00825874 0.0098455 0.00946434 0.00895729 0.00857023 0.00848257 0.00800423 0.00820915 0.00818504 0.00870331 0.00896782 0.0091312 0.00911995 0.00906598 0.00888634 0.00867717 0.00832339 0.00866913 0.0086599 0.00865985 0.00841299 0.00816167 
0.00987937 0.015404 0.0230896 0.0253591 0.0158187 0.0181632 0.012696 0.00958232 0.0157951 0.0186956 0.0526471 0.0504823 0.0405187 0.040117 0.0249929 0.019811 0.011977 0.0148701 0.0280176 0.0698217 0.127917 0.0287028 0.0505715 0.0290751 0.0111168 0.0126265 0.00817317 0.00705842 0.00867526 0.00525698 0.00372733 0.00371005 0.00372038 0 0.00371667 0.00370438 0.00370763 0.0296468 0.026261 0.0853888 0.0404116 0.0410288 0.025455 0.0123698 0.011002 0.0107197 0.0129323 0.0138001 0.020732 0.0211695 0.0202634 0.0229157 0.0271638 0.0238224 0.0488695 0.0217759 0.0216628 0.00953285 0.00906348 0.0089997 0.00958092 0.0181276 0.021336 0.015944 0.0230887 0.023031 0.0327443 0.0534962 0.0290861 0.0303535 0.01415 0.00984601 0.00914778 0.00857523 0.00908229 0.00940741 0.00890043 0.0084866 0.00827262 0.00801669 0.00824893 0.008487 0.0087524 0.00888525 0.00889862 0.00891048 0.00886641 0.00858114 0.00844697 0.00840556 0.00856772 0.00862005 0.00860399 0.0083189 0.0082449 
0.0087478 0.0136844 0.0198414 0.0159877 0.0141541 0.0157693 0.0106613 0.00943553 0.0105075 0.0303912 0.0293338 0.0420877 0.0392376 0.021997 0.0290952 0.0149888 0.0112928 0.0109796 0.0262779 0.0552733 0.0429999 0.068587 0.0311315 0.0151835 0.0179985 0.00962256 0.00793116 0.00677769 0.00645636 0.00567792 0.00374261 0.00373763 0.00371236 0.00371667 0 0.00370093 0.00369927 0.0216258 0.0674474 0.0415964 0.0473445 0.031232 0.0252083 0.0157846 0.0101523 0.00973111 0.0108449 0.0149152 0.0126823 0.0178513 0.0158118 0.0185507 0.0163027 0.0411593 0.0158209 0.037311 0.0126137 0.0104985 0.00844172 0.00832578 0.00994295 0.01264 0.016812 0.0200205 0.0119386 0.020253 0.0329215 0.0295722 0.0387789 0.0172614 0.0142587 0.00922221 0.00875781 0.0081885 0.00900261 0.00919644 0.00877761 0.00830569 0.00828908 0.00806551 0.00817074 0.00821533 0.00875362 0.00853812 0.0092499 0.00871324 0.00892242 0.00844013 0.00846505 0.0083144 0.00858283 0.00852744 0.00863534 0.0082583 0.00815755 
0.00928806 0.0114176 0.0113525 0.0102507 0.0092464 0.00924544 0.0103867 0.00891132 0.0120045 0.0128202 0.0194617 0.0162696 0.0134793 0.0122509 0.0106645 0.0228263 0.0103232 0.0124861 0.0158072 0.0180177 0.0209709 0.01517 0.0167614 0.0157167 0.0101252 0.0109253 0.00881338 0.00724483 0.00606741 0.00948935 0.00384941 0.00373772 0.00372414 0.00370438 0.00370093 0 0.00373851 0.0252202 0.0283049 0.0356485 0.019015 0.0158652 0.0172761 0.0205714 0.0103374 0.00936815 0.0100979 0.00955275 0.0107372 0.0114642 0.0106002 0.0101601 0.0124175 0.00998256 0.0164354 0.00982522 0.011813 0.00889224 0.0084611 0.00932152 0.00894354 0.0101468 0.0103434 0.00951327 0.0107108 0.010754 0.0119276 0.017487 0.0122311 0.011138 0.0093104 0.0100181 0.0087776 0.00831635 0.00874965 0.00864415 0.00842744 0.0084082 0.00822987 0.00798512 0.00811549 0.00812535 0.00837593 0.00842378 0.00847815 0.00841752 0.0083527 0.00818108 0.00812254 0.00817842 0.00827423 0.00826707 0.00820745 0.00811499 0.00810321 
0.00958276 0.00917308 0.00909109 0.00892853 0.00911359 0.0087213 0.0090364 0.0100451 0.0135395 0.0112639 0.0111637 0.0118706 0.00993658 0.00957347 0.0102559 0.0102319 0.0158476 0.016399 0.0113356 0.0111336 0.0115557 0.010191 0.0123562 0.00974262 0.0103641 0.011233 0.0110212 0.00636466 0.0126838 0.0070902 0.00469929 0.00376942 0.00374421 0.00370763 0.00369927 0.00373851 0 0.0207966 0.0158558 0.0135698 0.0152462 0.0122354 0.0173249 0.0151204 0.0329772 0.0136434 0.00876812 0.00878444 0.00909815 0.00943647 0.00909253 0.00977317 0.00901688 0.0103443 0.00886801 0.0105903 0.00878337 0.00915693 0.00848174 0.00955355 0.00897932 0.00861817 0.00910063 0.00924192 0.00870751 0.00938309 0.0103764 0.00994348 0.00996311 0.00919301 0.0089727 0.00861814 0.009098 0.00836462 0.00813356 0.00826955 0.00886272 0.00832727 0.00819242 0.00842252 0.00896005 0.0080707 0.00826223 0.00845386 0.00824118 0.00833828 0.00825539 0.00813593 0.00852759 0.0082049 0.00806468 0.00822024 0.00812683 0.00812264 0.00834125 
0.00922318 0.00904686 0.00893023 0.008886 0.00852386 0.00867719 0.00899947 0.0106705 0.0113846 0.0121733 0.0114166 0.0103958 0.010492 0.0103228 0.0106259 0.0115241 0.017396 0.0124004 0.0120964 0.0130881 0.0137757 0.0133255 0.0110918 0.0107269 0.00961899 0.0178837 0.0109217 0.0135463 0.0112074 0.014471 0.0697675 0.0718636 0.0263249 0.0296468 0.0216258 0.0252202 0.0207966 0 0.00392154 0.0036987 0.00370779 0.00374967 0.00383771 0.00400361 0.00980383 0.0367857 0.0111427 0.0110231 0.0118843 0.0125163 0.0127459 0.011522 0.018613 0.0112441 0.0148389 0.0118908 0.0133999 0.0110642 0.0161491 0.00984561 0.00968819 0.0104599 0.0113961 0.01015 0.0107126 0.0128993 0.0164932 0.0159054 0.0120165 0.0116734 0.0103237 0.0103612 0.0152087 0.00849312 0.00919079 0.00898401 0.0116193 0.00872651 0.00867931 0.00864399 0.0081982 0.00818078 0.00832402 0.00831768 0.00845295 0.00850369 0.00851234 0.00836821 0.00853757 0.00815487 0.0083418 0.00825764 0.00821855 0.00836322 0.00836447 
