1PY9A
QFRVIGPGYPIRALVGDEAELPCRISPGKNATGMEVGWYRSPFSRVVHLYRNGKDQDAEQAPEYRGRTELLKETISEGKVTLRIQNVRFSDEGGYTCFFRDHSYQEEAAMELKVED
CCEEECCCCCEEEECCCCEEEEEEEECCCCCCCCEEEEEEECCCCEEEEEECCEECHHHCCHHHCCCEEEECCCHHHCEEEEEECCCCHHHCEEEEEEEEECCEEEEEEEEEEEEC
0 0 0 0 0 0 0 0 0 0 0 0 0 0 0 0 0 0 0 0 0 0 0 0 0 0 0 0 0 0 0 0 0 0 0 0 0 0 0 0 0 0 0 0 0 0 0 0 0 0 0 0 0 0 0 0 0 0 0 0 0 0 0 0 0 0 0 0 0 0 0 0 0 0 0 0 0 0 0 0 0 0 0 0 0 0 0 0 0 0 0 0 0 0 0 0 0 0 0 0 0 0 0 0 0 0 0 0 0 0 0 0 0 0 0 0 
0 0 0 0 0 0 0 0 0 0 0 0 0 0 0 0 0 0 0 0 0 0 0 0 0 0 0 0 0 0 0 0 0 0 0 0 0 0 0 0 0 0 0 0 0 0 0 0 0 0 0 0 0 0 0 0 0 0 0 0 0 0 0 0 0 0 0 0 0 0 0 0 0 0 0 0 0 0 0 0 0 0 0 0 0 0 0 0 0 0 0 0 0 0 0 0 0 0 0 0 0 0 0 0 0 0 0 0 0 0 0 0 0 0 0 0 
0 0.00380808 0.00421735 0.00683669 0.0335811 0.0136495 0.128721 0.00943627 0.0266395 0.00819364 0.018081 0.00868215 0.0249277 0.0105822 0.0923348 0.0406641 0.00928978 0.0145015 0.0110121 0.010561 0.0105735 0.0176935 0.0223084 0.0138878 0.0179192 0.0115697 0.010628 0.0157792 0.00933977 0.0121622 0.0104121 0.0162825 0.00922748 0.0141146 0.0132739 0.00873297 0.0130066 0.00861094 0.0143474 0.0100856 0.00900291 0.00859439 0.00891232 0.00896706 0.00911619 0.00978073 0.00840765 0.00902653 0.00879739 0.00863734 0.00813937 0.00807172 0.0088471 0.00811989 0.00919105 0.00819844 0.0101286 0.00823355 0.0113299 0.00871711 0.0105901 
0.00380808 0 0.00375646 0.0129635 0.0163594 0.0719751 0.00722805 0.0166454 0.00909197 0.0181006 0.007773 0.0258339 0.00925507 0.190881 0.00921351 0.0111544 0.0501766 0.00931252 0.0124398 0.00971636 0.0156818 0.00895711 0.0137005 0.0341597 0.0112838 0.0114836 0.0145857 0.00894152 0.00986605 0.00903249 0.0103776 0.00928442 0.0127572 0.00879778 0.0089881 0.0146279 0.00868281 0.0143658 0.00907566 0.0104592 0.00880356 0.00925636 0.00889381 0.00878151 0.010616 0.00870776 0.00915967 0.00844349 0.0081462 0.00833228 0.00824935 0.00813292 0.00814554 0.00857513 0.00820667 0.00923202 0.00825557 0.0100783 0.00840817 0.0123353 0.00829862 
0.00421735 0.00375646 0 0.0292072 0.00988735 0.00651165 0.00759878 0.0175008 0.010476 0.00888104 0.00896784 0.0107197 0.0418681 0.0105778 0.0117219 0.0214319 0.0100441 0.0102845 0.0108593 0.0105959 0.00918003 0.009853 0.0239394 0.0110941 0.0121592 0.0108822 0.0100768 0.0105924 0.0104159 0.00974172 0.0179195 0.00962524 0.00910788 0.0106747 0.0123256 0.010194 0.0104629 0.0101386 0.0101122 0.0103791 0.0123759 0.0089638 0.00913984 0.00922654 0.00900701 0.00931772 0.00878994 0.00836986 0.00847766 0.0097304 0.00831362 0.00826974 0.0082054 0.00860959 0.00846925 0.008809 0.00871724 0.00901399 0.00890271 0.00878678 0.00921436 
0.00683669 0.0129635 0.0292072 0 0.00369769 0.00395057 0.00413387 0.00956401 0.00602919 0.0235362 0.00994273 0.041296 0.00698506 0.0163642 0.0150302 0.0120447 0.0130205 0.00899057 0.0104764 0.00946246 0.0112232 0.0169507 0.0210749 0.0154149 0.0105169 0.0117111 0.0109044 0.0166562 0.00902737 0.0122811 0.0168993 0.00898071 0.0138623 0.013987 0.00861995 0.0151255 0.00879918 0.0175636 0.00886765 0.0502373 0.0102495 0.00845115 0.00917803 0.00893736 0.0104709 0.00877166 0.00983203 0.00843331 0.0106724 0.00848249 0.00813955 0.00820549 0.0081588 0.010229 0.00820878 0.0115078 0.00816113 0.0140873 0.00841745 0.015132 0.00910351 
0.0335811 0.0163594 0.00988735 0.00369769 0 0.00370809 0.00393024 0.00479987 0.0237523 0.0067128 0.0296634 0.00623057 0.0140612 0.00750773 0.00870121 0.016585 0.00957432 0.0232612 0.0113099 0.0108793 0.00989987 0.00910474 0.0126216 0.0181349 0.0284492 0.0109395 0.0103636 0.00929133 0.00944766 0.00891434 0.0087462 0.0217577 0.00888767 0.0091394 0.0116703 0.00870363 0.0311815 0.00889374 0.0327565 0.00832533 0.00851589 0.0101222 0.00895824 0.011757 0.00891978 0.0147417 0.00845962 0.00870985 0.00809326 0.00824069 0.00814878 0.00810648 0.00886977 0.00815684 0.0117358 0.00822684 0.0128422 0.00822204 0.0125797 0.00834112 0.00905375 
0.0136495 0.0719751 0.00651165 0.00395057 0.00370809 0 0.00370674 0.0178852 0.00723974 0.0269735 0.005125 0.0103511 0.0066293 0.00905077 0.00722781 0.0100593 0.0282174 0.0101727 0.0148821 0.0103147 0.0100088 0.00860289 0.0143325 0.0243503 0.0116908 0.0173078 0.0112346 0.0090276 0.00906731 0.00881536 0.0140813 0.00888107 0.0140909 0.00886102 0.00867516 0.0268655 0.00870699 0.0379281 0.00865795 0.0135701 0.00950097 0.00960932 0.0114028 0.0093943 0.0131611 0.0089807 0.0105987 0.00827463 0.00830302 0.00849354 0.00827746 0.00826223 0.00810429 0.00951675 0.00819332 0.0125202 0.00826533 0.0134002 0.0083643 0.0127369 0.00835562 
0.128721 0.00722805 0.00759878 0.00413387 0.00393024 0.00370674 0 0.0245776 0.0221509 0.00400428 0.0062398 0.00601767 0.00745817 0.00688117 0.00769933 0.0219054 0.00883489 0.0104757 0.00930142 0.00943303 0.00870331 0.00924184 0.0196397 0.0101679 0.0124942 0.00961883 0.00953723 0.00935693 0.010905 0.00978516 0.014678 0.010092 0.00874502 0.0105091 0.0182949 0.00885101 0.0174357 0.00877091 0.0107149 0.00894309 0.0117165 0.00919969 0.00880875 0.00907571 0.00855058 0.00945423 0.00832562 0.00838086 0.00833376 0.00937975 0.00851594 0.00817861 0.00845319 0.00820615 0.00880247 0.00821387 0.00923503 0.00832186 0.00939592 0.00831194 0.00896335 
0.00943627 0.0166454 0.0175008 0.00956401 0.00479987 0.0178852 0.0245776 0 0.00375144 0.00388208 0.0037008 0.00455454 0.00374579 0.00541066 0.00869034 0.00822333 0.0107422 0.008092 0.00900365 0.00927321 0.0226427 0.0375957 0.0241477 0.0157669 0.0101121 0.011668 0.0121377 0.0181941 0.00916565 0.0137446 0.0216699 0.00920461 0.0189427 0.0161915 0.00864202 0.0195903 0.00860253 0.0195555 0.00927315 0.13962 0.010917 0.0084084 0.00934836 0.00869266 0.0114136 0.00864007 0.0114329 0.00872491 0.0130679 0.00895072 0.00829574 0.0084233 0.00825297 0.0105427 0.00823085 0.0127833 0.00818033 0.0159663 0.00832398 0.016058 0.00948532 
0.0266395 0.00909197 0.010476 0.00602919 0.0237523 0.00723974 0.0221509 0.00375144 0 0.00368668 0.00377788 0.00368787 0.00386046 0.00362811 0.00455983 0.0120674 0.00742877 0.0107515 0.00917833 0.0164457 0.0156298 0.0115958 0.0113697 0.0132932 0.0183196 0.0107205 0.0111504 0.0097681 0.0100284 0.00928473 0.00905447 0.0270767 0.00890568 0.010037 0.0137506 0.00861799 0.0359842 0.00883946 0.122579 0.00839229 0.0085976 0.00975653 0.00888461 0.0122634 0.00876219 0.0187519 0.00854868 0.0109934 0.00814581 0.00849173 0.00819146 0.0080867 0.00973699 0.00814454 0.0154417 0.00817883 0.0180341 0.00824313 0.0160845 0.00828753 0.0103741 
0.00819364 0.0181006 0.00888104 0.0235362 0.0067128 0.0269735 0.00400428 0.00388208 0.00368668 0 0.00368495 0.00374581 0.00369121 0.00381248 0.0037113 0.00653942 0.00999699 0.00751656 0.0124419 0.0142668 0.0105823 0.00788641 0.00911448 0.011853 0.00984034 0.0164242 0.00966451 0.00846734 0.00817882 0.00830033 0.0110661 0.00875821 0.0161863 0.00860057 0.00837134 0.027063 0.00892322 0.179083 0.00884519 0.014534 0.00900165 0.00893331 0.016445 0.00942256 0.029414 0.00911418 0.0205955 0.0083605 0.00836502 0.00815301 0.0082569 0.00861964 0.00817706 0.0164626 0.00825075 0.0318653 0.00825924 0.0329655 0.0083835 0.0149284 0.00836798 
0.018081 0.007773 0.00896784 0.00994273 0.0296634 0.005125 0.0062398 0.0037008 0.00377788 0.00368495 0 0.00368416 0.00378771 0.00368927 0.00379058 0.00880914 0.00649144 0.0210266 0.0131889 0.0128065 0.00825747 0.0075808 0.00898906 0.00903788 0.0289436 0.00983136 0.00887384 0.00870278 0.00824714 0.0088738 0.00865791 0.0156316 0.00863936 0.00917239 0.0133396 0.00853814 0.16185 0.00882704 0.0266311 0.00839727 0.00869669 0.00978773 0.0091048 0.0167455 0.00950419 0.0270335 0.00870557 0.00949286 0.00818507 0.00828202 0.00821331 0.00819257 0.0110616 0.00824119 0.0193651 0.00835436 0.0266491 0.00831431 0.02047 0.00831759 0.0126341 
0.00868215 0.0258339 0.0107197 0.041296 0.00623057 0.0103511 0.00601767 0.00455454 0.00368787 0.00374581 0.00368416 0 0.00370179 0.00371882 0.00381332 0.00631139 0.0156838 0.00986303 0.0139721 0.00914589 0.00911165 0.00740635 0.0100365 0.012865 0.0102744 0.0130237 0.0105812 0.00873936 0.00836202 0.00848439 0.0131521 0.00880377 0.0166285 0.00878446 0.00851564 0.113957 0.00889929 0.0827227 0.00885349 0.0185048 0.0107831 0.00907384 0.019008 0.0107724 0.0340952 0.00917458 0.0197324 0.0084668 0.00860364 0.00854643 0.00829945 0.00905151 0.00829514 0.0181592 0.00850911 0.0285487 0.00854341 0.0276664 0.00853023 0.0160173 0.00843504 
0.0249277 0.00925507 0.0418681 0.00698506 0.0140612 0.0066293 0.00745817 0.00374579 0.00386046 0.00369121 0.00378771 0.00370179 0 0.00369367 0.00378245 0.0236624 0.0116034 0.0283098 0.0142607 0.0109592 0.0079715 0.00752068 0.0107338 0.0111649 0.0288511 0.011452 0.00973202 0.00884143 0.00887901 0.00879144 0.00890344 0.0278967 0.00892851 0.00919593 0.0361419 0.00885354 0.0764716 0.00919054 0.0343912 0.00855696 0.00864292 0.0116535 0.0100513 0.0246715 0.00979861 0.0303881 0.00881794 0.0100569 0.00827864 0.0083442 0.00844523 0.00823978 0.0119001 0.00829536 0.022755 0.00854043 0.0263063 0.00838062 0.0236484 0.00887859 0.00980583 
0.0105822 0.190881 0.0105778 0.0163642 0.00750773 0.00905077 0.00688117 0.00541066 0.00362811 0.00381248 0.00368927 0.00371882 0.00369367 0 0.00405541 0.0124449 0.0632751 0.00863227 0.0102067 0.00877294 0.00808956 0.00665185 0.0104154 0.018539 0.0113392 0.0112558 0.0107487 0.00846665 0.00887629 0.00890107 0.0178609 0.00893475 0.0143778 0.00909353 0.0088558 0.0311467 0.00883024 0.0352875 0.00882508 0.0116317 0.0106879 0.00996578 0.017342 0.00914136 0.0159202 0.00902374 0.011092 0.00852031 0.00840361 0.00865499 0.00835713 0.00860135 0.0082346 0.010741 0.00838123 0.0136231 0.00842105 0.0137604 0.00846727 0.0120786 0.00852963 
0.0923348 0.00921351 0.0117219 0.0150302 0.00870121 0.00722781 0.00769933 0.00869034 0.00455983 0.0037113 0.00379058 0.00381332 0.00378245 0.00405541 0 0.0585904 0.00638596 0.00676171 0.00704827 0.00715938 0.00667427 0.00695349 0.0143765 0.00938997 0.00972685 0.00860681 0.00889361 0.00843117 0.0107674 0.0100152 0.0155155 0.00930705 0.00866227 0.00954385 0.0172643 0.00924143 0.0118965 0.0089791 0.00972522 0.00890699 0.0114754 0.0102389 0.00874169 0.00960602 0.00865747 0.00901581 0.00852102 0.00830331 0.00817274 0.00966436 0.00838939 0.00807819 0.0083733 0.00818918 0.0084887 0.00821006 0.00863615 0.00839173 0.00878514 0.0084085 0.00883164 
0.0406641 0.0111544 0.0214319 0.0120447 0.016585 0.0100593 0.0219054 0.00822333 0.0120674 0.00653942 0.00880914 0.00631139 0.0236624 0.0124449 0.0585904 0 0.00369724 0.00368986 0.00370218 0.00374363 0.00390118 0.00467004 0.00728852 0.00805507 0.00830103 0.00786642 0.0116306 0.409881 0.00966054 0.0152805 0.0120749 0.0176827 0.0095928 0.0241194 0.0193163 0.00994813 0.0204558 0.00930463 0.0217696 0.0125411 0.0107343 0.00924054 0.00955297 0.0102841 0.0101443 0.0123746 0.00893417 0.0110701 0.0115025 0.00862479 0.00820886 0.00812851 0.00907523 0.00840813 0.00992635 0.00856427 0.0113341 0.00853507 0.012122 0.00926596 0.0193413 
0.00928978 0.0501766 0.0100441 0.0130205 0.00957432 0.0282174 0.00883489 0.0107422 0.00742877 0.00999699 0.00649144 0.0156838 0.0116034 0.0632751 0.00638596 0.00369724 0 0.00370993 0.00368943 0.00369785 0.00367748 0.00370601 0.00614647 0.00766439 0.00763539 0.00965592 0.759761 0.0193634 0.00759035 0.00738329 0.0121541 0.0100942 0.0327475 0.00896558 0.00869057 0.0430886 0.0094965 0.0464851 0.00975911 0.0195308 0.00994434 0.0107946 0.0158628 0.0118294 0.0355065 0.0108247 0.0237697 0.00943747 0.00874101 0.00841576 0.00849357 0.00876904 0.0084363 0.0130434 0.00882628 0.0202709 0.00889939 0.0200787 0.00914123 0.0274128 0.00896016 
0.0145015 0.00931252 0.0102845 0.00899057 0.0232612 0.0101727 0.0104757 0.008092 0.0107515 0.00751656 0.0210266 0.00986303 0.0283098 0.00863227 0.00676171 0.00368986 0.00370993 0 0.00369415 0.00368732 0.00370242 0.00372619 0.00565164 0.00721539 0.0163422 0.714021 0.0449747 0.0202646 0.00699146 0.00748994 0.00908196 0.0271083 0.00932385 0.00952969 0.0103603 0.00984119 0.0843407 0.0119156 0.0300491 0.00934431 0.00990395 0.0137827 0.0156447 0.0577375 0.0240066 0.0949293 0.0119184 0.0105978 0.00865573 0.00859409 0.0086592 0.0091143 0.0128719 0.0101821 0.0260083 0.0103644 0.0255639 0.0104514 0.0350592 0.00924283 0.0118823 
0.0110121 0.0124398 0.0108593 0.0104764 0.0113099 0.0148821 0.00930142 0.00900365 0.00917833 0.0124419 0.0131889 0.0139721 0.0142607 0.0102067 0.00704827 0.00370218 0.00368943 0.00369415 0 0.0036959 0.00369515 0.00370414 0.00498966 0.0156084 0.762403 0.0681507 0.0354186 0.0074305 0.00666795 0.00718991 0.0101252 0.010902 0.0125423 0.00939254 0.00908497 0.0269402 0.0174837 0.0477438 0.011781 0.010638 0.0101666 0.0129403 0.0569054 0.026578 0.117581 0.0210897 0.0209339 0.0105089 0.00874732 0.00849824 0.00866944 0.00973287 0.0103217 0.0170408 0.0117462 0.0257371 0.0119074 0.0232679 0.0122896 0.012104 0.0107306 
0.010561 0.00971636 0.0105959 0.00946246 0.0108793 0.0103147 0.00943303 0.00927321 0.0164457 0.0142668 0.0128065 0.00914589 0.0109592 0.00877294 0.00715938 0.00374363 0.00369785 0.00368732 0.0036959 0 0.00371303 0.00369151 0.0524846 0.248921 0.0970804 0.0353787 0.00721449 0.00653419 0.0064976 0.00734665 0.00949625 0.0107373 0.0099556 0.00932454 0.00986736 0.0101376 0.0190791 0.0121343 0.0132906 0.00932185 0.00978626 0.0128972 0.0178169 0.0883213 0.0203322 0.0214167 0.0112235 0.00938789 0.00853348 0.00851588 0.00878107 0.009025 0.00973473 0.00950987 0.0111485 0.0100831 0.0133516 0.00975807 0.0114409 0.00948279 0.00974596 
0.0105735 0.0156818 0.00918003 0.0112232 0.00989987 0.0100088 0.00870331 0.0226427 0.0156298 0.0105823 0.00825747 0.00911165 0.0079715 0.00808956 0.00667427 0.00390118 0.00367748 0.00370242 0.00369515 0.00371303 0 0.00411426 0.0829453 0.0671005 0.0211822 0.0056074 0.00625279 0.00563106 0.0106678 0.00772584 0.0128966 0.0102082 0.0105364 0.00864952 0.0106422 0.0137454 0.00938622 0.0112494 0.00931251 0.00924082 0.00993849 0.0139525 0.0431929 0.0107147 0.0114567 0.00996637 0.00970987 0.00874053 0.00844556 0.01291 0.00873103 0.00865385 0.00850749 0.00901322 0.00879837 0.00991969 0.008785 0.00927097 0.00878287 0.00953565 0.00867473 
0.0176935 0.00895711 0.009853 0.0169507 0.00910474 0.00860289 0.00924184 0.0375957 0.0115958 0.00788641 0.0075808 0.00740635 0.00752068 0.00665185 0.00695349 0.00467004 0.00370601 0.00372619 0.00370414 0.00369151 0.00411426 0 0.108892 0.0144778 0.00438112 0.0044957 0.00523233 0.00538977 0.0071407 0.00624381 0.0201922 0.00918241 0.00855048 0.00912501 0.0182053 0.0095781 0.00978931 0.00953778 0.0089401 0.00894698 0.0155788 0.0300397 0.00937421 0.00954838 0.00933866 0.00936814 0.00876678 0.00836998 0.00833443 0.0109238 0.00862841 0.00836955 0.0083046 0.00858493 0.00847242 0.00876182 0.00858842 0.0086518 0.00874474 0.00846687 0.00893226 
0.0223084 0.0137005 0.0239394 0.0210749 0.0126216 0.0143325 0.0196397 0.0241477 0.0113697 0.00911448 0.00898906 0.0100365 0.0107338 0.0104154 0.0143765 0.00728852 0.00614647 0.00565164 0.00498966 0.0524846 0.0829453 0.108892 0 0.00370433 0.00369477 0.00370548 0.0038338 0.00523879 0.00496061 0.00677749 0.0352658 0.0138755 0.0128426 0.0454613 0.0127534 0.0171914 0.0114997 0.012892 0.0121732 0.0387775 0.0198552 0.00952401 0.0102516 0.0105329 0.0116491 0.0112516 0.0101001 0.00993827 0.0135502 0.0095065 0.00857264 0.00856324 0.00884674 0.00938675 0.00939456 0.00987825 0.00972861 0.0111998 0.0107227 0.0130878 0.0160438 
0.0138878 0.0341597 0.0110941 0.0154149 0.0181349 0.0243503 0.0101679 0.0157669 0.0132932 0.011853 0.00903788 0.012865 0.0111649 0.018539 0.00938997 0.00805507 0.00766439 0.00721539 0.0156084 0.248921 0.0671005 0.0144778 0.00370433 0 0.00370889 0.00371295 0.00374394 0.00381362 0.0046955 0.00595541 0.0184866 0.031282 0.0439319 0.0127708 0.00988751 0.0332985 0.0143705 0.0212991 0.0163825 0.0172887 0.0116067 0.014772 0.0164197 0.0145229 0.0303978 0.0152294 0.0150637 0.0109575 0.00914239 0.00902022 0.00905494 0.00920472 0.00933256 0.0116638 0.0111275 0.0155168 0.0109993 0.0147329 0.0117839 0.0152201 0.010619 
0.0179192 0.0112838 0.0121592 0.0105169 0.0284492 0.0116908 0.0124942 0.0101121 0.0183196 0.00984034 0.0289436 0.0102744 0.0288511 0.0113392 0.00972685 0.00830103 0.00763539 0.0163422 0.762403 0.0970804 0.0211822 0.00438112 0.00369477 0.00370889 0 0.00370783 0.00370862 0.00376905 0.00389393 0.00443144 0.0113217 0.0756773 0.0162858 0.0115382 0.0113667 0.0114923 0.0664175 0.0205293 0.0263203 0.00989076 0.010664 0.018291 0.0214559 0.0679651 0.029202 0.074164 0.0154893 0.0125318 0.00897157 0.0089639 0.00957799 0.00976731 0.0155876 0.0121172 0.0291244 0.0137585 0.0332586 0.0134285 0.0369261 0.011374 0.0141534 
0.0115697 0.0114836 0.0108822 0.0117111 0.0109395 0.0173078 0.00961883 0.011668 0.0107205 0.0164242 0.00983136 0.0130237 0.011452 0.0112558 0.00860681 0.00786642 0.00965592 0.714021 0.0681507 0.0353787 0.0056074 0.0044957 0.00370548 0.00371295 0.00370783 0 0.00369749 0.00369584 0.00395662 0.00727656 0.051162 0.0128191 0.0172412 0.00947995 0.00938005 0.0157625 0.0162504 0.0338788 0.0111238 0.0106785 0.0107583 0.0112794 0.0345605 0.0180115 0.045354 0.0194959 0.0199909 0.00953916 0.00902824 0.00877451 0.0088071 0.010434 0.00999222 0.0139007 0.0117971 0.0210116 0.0121058 0.0212053 0.0125133 0.0129039 0.0112072 
0.010628 0.0145857 0.0100768 0.0109044 0.0103636 0.0112346 0.00953723 0.0121377 0.0111504 0.00966451 0.00887384 0.0105812 0.00973202 0.0107487 0.00889361 0.0116306 0.759761 0.0449747 0.0354186 0.00721449 0.00625279 0.00523233 0.0038338 0.00374394 0.00370862 0.00369749 0 0.00379158 0.00463709 0.97447 0.0156353 0.0136642 0.0110791 0.0120531 0.0102548 0.0159151 0.0108236 0.0117513 0.0111566 0.0101677 0.0102807 0.0140084 0.0107779 0.0129944 0.0164602 0.0117429 0.0100476 0.00996814 0.00867795 0.00902163 0.00941851 0.00869542 0.00897177 0.00937226 0.00915576 0.00976737 0.00966205 0.010522 0.00938313 0.0110414 0.00939282 
0.0157792 0.00894152 0.0105924 0.0166562 0.00929133 0.0090276 0.00935693 0.0181941 0.0097681 0.00846734 0.00870278 0.00873936 0.00884143 0.00846665 0.00843117 0.409881 0.0193634 0.0202646 0.0074305 0.00653419 0.00563106 0.00538977 0.00523879 0.00381362 0.00376905 0.00369584 0.00379158 0 0.998111 0.00454447 0.0227194 0.010436 0.0090953 0.0100589 0.0169286 0.0104561 0.00992619 0.00959862 0.00931022 0.0094004 0.0157919 0.0103266 0.00976849 0.00933178 0.00928841 0.00929874 0.00875166 0.00849649 0.00852453 0.0120741 0.00874885 0.00847285 0.0084668 0.00848552 0.00858541 0.00861151 0.0086588 0.00846554 0.0088819 0.0085857 0.00941934 
0.00933977 0.00986605 0.0104159 0.00902737 0.00944766 0.00906731 0.010905 0.00916565 0.0100284 0.00817882 0.00824714 0.00836202 0.00887901 0.00887629 0.0107674 0.00966054 0.00759035 0.00699146 0.00666795 0.0064976 0.0106678 0.0071407 0.00496061 0.0046955 0.00389393 0.00395662 0.00463709 0.998111 0 0.0106189 0.01236 0.0118167 0.0105523 0.0146537 0.00898443 0.00916249 0.00876497 0.00860053 0.00919509 0.011243 0.00850103 0.00873683 0.00833979 0.00837852 0.00838586 0.00848291 0.00843225 0.00864964 0.00918741 0.00866787 0.0084685 0.00812732 0.00825398 0.00824354 0.0082885 0.00826131 0.00828656 0.00829579 0.00865163 0.00899086 0.0100731 
0.0121622 0.00903249 0.00974172 0.0122811 0.00891434 0.00881536 0.00978516 0.0137446 0.00928473 0.00830033 0.0088738 0.00848439 0.00879144 0.00890107 0.0100152 0.0152805 0.00738329 0.00748994 0.00718991 0.00734665 0.00772584 0.00624381 0.00677749 0.00595541 0.00443144 0.00727656 0.97447 0.00454447 0.0106189 0 0.0260776 0.00890317 0.00974689 0.00961577 0.0134667 0.00890427 0.0104076 0.00880483 0.0111968 0.00998506 0.0119713 0.00877689 0.00861593 0.00885655 0.00869894 0.00940179 0.00848255 0.00902981 0.00854897 0.0106536 0.00842608 0.00827241 0.00836769 0.00839591 0.00859072 0.00831083 0.0086819 0.00837076 0.00907011 0.00872493 0.00910763 
0.0104121 0.0103776 0.0179195 0.0168993 0.0087462 0.0140813 0.014678 0.0216699 0.00905447 0.0110661 0.00865791 0.0131521 0.00890344 0.0178609 0.0155155 0.0120749 0.0121541 0.00908196 0.0101252 0.00949625 0.0128966 0.0201922 0.0352658 0.0184866 0.0113217 0.051162 0.0156353 0.0227194 0.01236 0.0260776 0 0.00412687 0.00397812 0.00601309 0.00666559 0.0124405 0.00809466 0.0414442 0.0236092 0.531591 0.0121666 0.00899295 0.0101917 0.00903553 0.0111603 0.00941201 0.0120135 0.00981349 0.0224174 0.0103285 0.00902436 0.00886724 0.00902408 0.0104529 0.00882935 0.0125824 0.0087966 0.0156207 0.00928452 0.0214564 0.0176573 
0.0162825 0.00928442 0.00962524 0.00898071 0.0217577 0.00888107 0.010092 0.00920461 0.0270767 0.00875821 0.0156316 0.00880377 0.0278967 0.00893475 0.00930705 0.0176827 0.0100942 0.0271083 0.010902 0.0107373 0.0102082 0.00918241 0.0138755 0.031282 0.0756773 0.0128191 0.0136642 0.010436 0.0118167 0.00890317 0.00412687 0 0.00391216 0.00384381 0.0080454 0.00804959 0.0528295 0.0100785 0.477078 0.00783643 0.00903538 0.0151661 0.00889156 0.0132225 0.00948985 0.0178859 0.00902683 0.0139014 0.00881975 0.00949066 0.00902802 0.00877799 0.0114342 0.00872198 0.0189552 0.0087465 0.0206357 0.00881493 0.0247924 0.00972763 0.0109641 
0.00922748 0.0127572 0.00910788 0.0138623 0.00888767 0.0140909 0.00874502 0.0189427 0.00890568 0.0161863 0.00863936 0.0166285 0.00892851 0.0143778 0.00866227 0.0095928 0.0327475 0.00932385 0.0125423 0.0099556 0.0105364 0.00855048 0.0128426 0.0439319 0.0162858 0.0172412 0.0110791 0.0090953 0.0105523 0.00974689 0.00397812 0.00391216 0 0.0038382 0.00526383 0.0805903 0.00870374 0.360597 0.00761005 0.0123998 0.0111413 0.0102668 0.0110817 0.00928023 0.0131061 0.00911556 0.0163307 0.00869029 0.00899423 0.00942671 0.00912652 0.00906456 0.00859786 0.0118629 0.00865239 0.0156394 0.00870321 0.0190933 0.00900391 0.0246387 0.00940744 
0.0141146 0.00879778 0.0106747 0.013987 0.0091394 0.00886102 0.0105091 0.0161915 0.010037 0.00860057 0.00917239 0.00878446 0.00919593 0.00909353 0.00954385 0.0241194 0.00896558 0.00952969 0.00939254 0.00932454 0.00864952 0.00912501 0.0454613 0.0127708 0.0115382 0.00947995 0.0120531 0.0100589 0.0146537 0.00961577 0.00601309 0.00384381 0.0038382 0 0.0289751 0.0127638 0.21745 0.00689293 0.00766363 0.00918665 0.0148426 0.0100163 0.00946065 0.00905896 0.00888365 0.0102434 0.00883073 0.0088663 0.00920416 0.0160966 0.00932153 0.00871149 0.00907264 0.00888707 0.00941357 0.00891401 0.00989607 0.0092628 0.0104533 0.00943036 0.0121104 
0.0132739 0.0089881 0.0123256 0.00861995 0.0116703 0.00867516 0.0182949 0.00864202 0.0137506 0.00837134 0.0133396 0.00851564 0.0361419 0.0088558 0.0172643 0.0193163 0.00869057 0.0103603 0.00908497 0.00986736 0.0106422 0.0182053 0.0127534 0.00988751 0.0113667 0.00938005 0.0102548 0.0169286 0.00898443 0.0134667 0.00666559 0.0080454 0.00526383 0.0289751 0 0.0042133 0.0037927 0.00370036 0.00483055 0.00438423 0.00592298 0.00862366 0.00778067 0.0152203 0.00861093 0.0201042 0.0125157 0.0122508 0.011023 0.00957838 0.00855465 0.00834559 0.0113413 0.00834437 0.0150713 0.00840254 0.0186111 0.00846264 0.0339889 0.00977592 0.0380584 
0.00873297 0.0146279 0.010194 0.0151255 0.00870363 0.0268655 0.00885101 0.0195903 0.00861799 0.027063 0.00853814 0.113957 0.00885354 0.0311467 0.00924143 0.00994813 0.0430886 0.00984119 0.0269402 0.0101376 0.0137454 0.0095781 0.0171914 0.0332985 0.0114923 0.0157625 0.0159151 0.0104561 0.00916249 0.00890427 0.0124405 0.00804959 0.0805903 0.0127638 0.0042133 0 0.00369526 0.00389874 0.0037845 0.00511812 0.00770169 0.00767382 0.0190447 0.0100842 0.0415705 0.00899005 0.0193603 0.009672 0.0104366 0.00950273 0.00879384 0.00930367 0.00844318 0.0218566 0.00863466 0.038804 0.00858924 0.0579782 0.00910616 0.0785011 0.0104693 
0.0130066 0.00868281 0.0104629 0.00879918 0.0311815 0.00870699 0.0174357 0.00860253 0.0359842 0.00892322 0.16185 0.00889929 0.0764716 0.00883024 0.0118965 0.0204558 0.0094965 0.0843407 0.0174837 0.0190791 0.00938622 0.00978931 0.0114997 0.0143705 0.0664175 0.0162504 0.0108236 0.00992619 0.00876497 0.0104076 0.00809466 0.0528295 0.00870374 0.21745 0.0037927 0.00369526 0 0.00370205 0.00404306 0.00372667 0.00617147 0.0157943 0.00919714 0.0376507 0.00913993 0.0252432 0.00843762 0.0131424 0.0085226 0.00894987 0.00878524 0.0084697 0.0173207 0.00857603 0.0424197 0.00866856 0.0873165 0.00871817 0.0995164 0.00913751 0.0225343 
0.00861094 0.0143658 0.0101386 0.0175636 0.00889374 0.0379281 0.00877091 0.0195555 0.00883946 0.179083 0.00882704 0.0827227 0.00919054 0.0352875 0.0089791 0.00930463 0.0464851 0.0119156 0.0477438 0.0121343 0.0112494 0.00953778 0.012892 0.0212991 0.0205293 0.0338788 0.0117513 0.00959862 0.00860053 0.00880483 0.0414442 0.0100785 0.360597 0.00689293 0.00370036 0.00389874 0.00370205 0 0.00369133 0.00432667 0.00969239 0.00923832 0.0504548 0.0094269 0.0221676 0.00878051 0.0215236 0.00839821 0.00968944 0.00892843 0.00874194 0.0106707 0.00862686 0.029265 0.00859506 0.0827297 0.00861959 0.0868887 0.00893022 0.0502524 0.0111361 
0.0143474 0.00907566 0.0101122 0.00886765 0.0327565 0.00865795 0.0107149 0.00927315 0.122579 0.00884519 0.0266311 0.00885349 0.0343912 0.00882508 0.00972522 0.0217696 0.00975911 0.0300491 0.011781 0.0132906 0.00931251 0.0089401 0.0121732 0.0163825 0.0263203 0.0111238 0.0111566 0.00931022 0.00919509 0.0111968 0.0236092 0.477078 0.00761005 0.00766363 0.00483055 0.0037845 0.00404306 0.00369133 0 0.00373376 0.0178718 0.0304038 0.00790525 0.017885 0.00759313 0.0163015 0.00775125 0.0121219 0.00755839 0.00914382 0.0126002 0.00846783 0.0148321 0.00848851 0.0313841 0.00852626 0.0417384 0.00880169 0.0465493 0.00959247 0.0223998 
0.0100856 0.0104592 0.0103791 0.0502373 0.00832533 0.0135701 0.00894309 0.13962 0.00839229 0.014534 0.00839727 0.0185048 0.00855696 0.0116317 0.00890699 0.0125411 0.0195308 0.00934431 0.010638 0.00932185 0.00924082 0.00894698 0.0387775 0.0172887 0.00989076 0.0106785 0.0101677 0.0094004 0.011243 0.00998506 0.531591 0.00783643 0.0123998 0.00918665 0.00438423 0.00511812 0.00372667 0.00432667 0.00373376 0 0.0276836 0.00715877 0.0177871 0.00706736 0.00866473 0.00793905 0.0100853 0.00690466 0.00879434 0.0208262 0.00860693 0.00906756 0.00824267 0.0139818 0.00827329 0.0207824 0.00844848 0.0205522 0.0103036 0.0300691 0.0105228 
0.00900291 0.00880356 0.0123759 0.0102495 0.00851589 0.00950097 0.0117165 0.010917 0.0085976 0.00900165 0.00869669 0.0107831 0.00864292 0.0106879 0.0114754 0.0107343 0.00994434 0.00990395 0.0101666 0.00978626 0.00993849 0.0155788 0.0198552 0.0116067 0.010664 0.0107583 0.0102807 0.0157919 0.00850103 0.0119713 0.0121666 0.00903538 0.0111413 0.0148426 0.00592298 0.00770169 0.00617147 0.00969239 0.0178718 0.0276836 0 0.00372979 0.00380458 0.0037741 0.00378847 0.00379819 0.00428894 0.00405406 0.00608006 0.00541424 0.0060653 0.00928282 0.00665732 0.010306 0.00715471 0.00895643 0.0104256 0.772059 0.0252535 0.0164489 0.0331296 
0.00859439 0.00925636 0.0089638 0.00845115 0.0101222 0.00960932 0.00919969 0.0084084 0.00975653 0.00893331 0.00978773 0.00907384 0.0116535 0.00996578 0.0102389 0.00924054 0.0107946 0.0137827 0.0129403 0.0128972 0.0139525 0.0300397 0.00952401 0.014772 0.018291 0.0112794 0.0140084 0.0103266 0.00873683 0.00877689 0.00899295 0.0151661 0.0102668 0.0100163 0.00862366 0.00767382 0.0157943 0.00923832 0.0304038 0.00715877 0.00372979 0 0.0037935 0.00368656 0.00368986 0.00372664 0.00412393 0.00905163 0.00475723 0.00540502 0.00633914 0.00678123 0.0082345 0.00722146 0.00906577 0.00866797 0.902988 0.0108028 0.0155742 0.0126978 0.0207305 
0.00891232 0.00889381 0.00913984 0.00917803 0.00895824 0.0114028 0.00880875 0.00934836 0.00888461 0.016445 0.0091048 0.019008 0.0100513 0.017342 0.00874169 0.00955297 0.0158628 0.0156447 0.0569054 0.0178169 0.0431929 0.00937421 0.0102516 0.0164197 0.0214559 0.0345605 0.0107779 0.00976849 0.00833979 0.00861593 0.0101917 0.00889156 0.0110817 0.00946065 0.00778067 0.0190447 0.00919714 0.0504548 0.00790525 0.0177871 0.00380458 0.0037935 0 0.00370176 0.00370066 0.00367677 0.00399941 0.00376933 0.00426756 0.00577514 0.00618032 0.00786958 0.00716287 0.00988188 0.00805711 0.952528 0.0113026 0.014031 0.0096671 0.0175471 0.0227809 
0.00896706 0.00878151 0.00922654 0.00893736 0.011757 0.0093943 0.00907571 0.00869266 0.0122634 0.00942256 0.0167455 0.0107724 0.0246715 0.00914136 0.00960602 0.0102841 0.0118294 0.0577375 0.026578 0.0883213 0.0107147 0.00954838 0.0105329 0.0145229 0.0679651 0.0180115 0.0129944 0.00933178 0.00837852 0.00885655 0.00903553 0.0132225 0.00928023 0.00905896 0.0152203 0.0100842 0.0376507 0.0094269 0.017885 0.00706736 0.0037741 0.00368656 0.00370176 0 0.00375457 0.00372752 0.00416165 0.00381476 0.00375865 0.00564628 0.00552619 0.00596941 0.00727156 0.00754621 0.964835 0.00977249 0.0135758 0.00917984 0.0169565 0.00952287 0.0158133 
0.00911619 0.010616 0.00900701 0.0104709 0.00891978 0.0131611 0.00855058 0.0114136 0.00876219 0.029414 0.00950419 0.0340952 0.00979861 0.0159202 0.00865747 0.0101443 0.0355065 0.0240066 0.117581 0.0203322 0.0114567 0.00933866 0.0116491 0.0303978 0.029202 0.045354 0.0164602 0.00928841 0.00838586 0.00869894 0.0111603 0.00948985 0.0131061 0.00888365 0.00861093 0.0415705 0.00913993 0.0221676 0.00759313 0.00866473 0.00378847 0.00368986 0.00370066 0.00375457 0 0.00369936 0.0037058 0.00374162 0.00380341 0.00406477 0.00531338 0.00609268 0.0077701 0.965095 0.0089844 0.0132264 0.0076128 0.0156499 0.00950596 0.0213312 0.0102674 
0.00978073 0.00870776 0.00931772 0.00877166 0.0147417 0.0089807 0.00945423 0.00864007 0.0187519 0.00911418 0.0270335 0.00917458 0.0303881 0.00902374 0.00901581 0.0123746 0.0108247 0.0949293 0.0210897 0.0214167 0.00996637 0.00936814 0.0112516 0.0152294 0.074164 0.0194959 0.0117429 0.00929874 0.00848291 0.00940179 0.00941201 0.0178859 0.00911556 0.0102434 0.0201042 0.00899005 0.0252432 0.00878051 0.0163015 0.00793905 0.00379819 0.00372664 0.00367677 0.00372752 0.00369936 0 0.0037117 0.00369539 0.00370536 0.00383132 0.00598235 0.00703933 0.974905 0.00858091 0.0120603 0.00689903 0.0135797 0.00726933 0.0277361 0.0088917 0.0145286 
0.00840765 0.00915967 0.00878994 0.00983203 0.00845962 0.0105987 0.00832562 0.0114329 0.00854868 0.0205955 0.00870557 0.0197324 0.00881794 0.011092 0.00852102 0.00893417 0.0237697 0.0119184 0.0209339 0.0112235 0.00970987 0.00876678 0.0101001 0.0150637 0.0154893 0.0199909 0.0100476 0.00875166 0.00843225 0.00848255 0.0120135 0.00902683 0.0163307 0.00883073 0.0125157 0.0193603 0.00843762 0.0215236 0.00775125 0.0100853 0.00428894 0.00412393 0.00399941 0.00416165 0.0037058 0.0037117 0 0.00369672 0.00370053 0.00433951 0.00918898 0.968909 0.00589555 0.0123175 0.00599967 0.0191184 0.00663439 0.0162471 0.0078804 0.0176373 0.0101735 
0.00902653 0.00844349 0.00836986 0.00843331 0.00870985 0.00827463 0.00838086 0.00872491 0.0109934 0.0083605 0.00949286 0.0084668 0.0100569 0.00852031 0.00830331 0.0110701 0.00943747 0.0105978 0.0105089 0.00938789 0.00874053 0.00836998 0.00993827 0.0109575 0.0125318 0.00953916 0.00996814 0.00849649 0.00864964 0.00902981 0.00981349 0.0139014 0.00869029 0.0088663 0.0122508 0.009672 0.0131424 0.00839821 0.0121219 0.00690466 0.00405406 0.00905163 0.00376933 0.00381476 0.00374162 0.00369539 0.00369672 0 0.00376568 0.00493172 0.988692 0.00411498 0.0111823 0.0046669 0.00723925 0.00585094 0.0107473 0.00652484 0.00905635 0.00759352 0.00977994 
0.00879739 0.0081462 0.00847766 0.0106724 0.00809326 0.00830302 0.00833376 0.0130679 0.00814581 0.00836502 0.00818507 0.00860364 0.00827864 0.00840361 0.00817274 0.0115025 0.00874101 0.00865573 0.00874732 0.00853348 0.00844556 0.00833443 0.0135502 0.00914239 0.00897157 0.00902824 0.00867795 0.00852453 0.00918741 0.00854897 0.0224174 0.00881975 0.00899423 0.00920416 0.011023 0.0104366 0.0085226 0.00968944 0.00755839 0.00879434 0.00608006 0.00475723 0.00426756 0.00375865 0.00380341 0.00370536 0.00370053 0.00376568 0 0.99513 0.00378579 0.0043218 0.00387041 0.0044532 0.00487186 0.00618209 0.0056093 0.00658405 0.00671423 0.00776279 0.00768055 
0.00863734 0.00833228 0.0097304 0.00848249 0.00824069 0.00849354 0.00937975 0.00895072 0.00849173 0.00815301 0.00828202 0.00854643 0.0083442 0.00865499 0.00966436 0.00862479 0.00841576 0.00859409 0.00849824 0.00851588 0.01291 0.0109238 0.0095065 0.00902022 0.0089639 0.00877451 0.00902163 0.0120741 0.00866787 0.0106536 0.0103285 0.00949066 0.00942671 0.0160966 0.00957838 0.00950273 0.00894987 0.00892843 0.00914382 0.0208262 0.00541424 0.00540502 0.00577514 0.00564628 0.00406477 0.00383132 0.00433951 0.00493172 0.99513 0 0.00385899 0.00384533 0.00385028 0.00390404 0.00385288 0.00416284 0.00400598 0.00498069 0.00701204 0.00799677 0.0158027 
0.00813937 0.00824935 0.00831362 0.00813955 0.00814878 0.00827746 0.00851594 0.00829574 0.00819146 0.0082569 0.00821331 0.00829945 0.00844523 0.00835713 0.00838939 0.00820886 0.00849357 0.0086592 0.00866944 0.00878107 0.00873103 0.00862841 0.00857264 0.00905494 0.00957799 0.0088071 0.00941851 0.00874885 0.0084685 0.00842608 0.00902436 0.00902802 0.00912652 0.00932153 0.00855465 0.00879384 0.00878524 0.00874194 0.0126002 0.00860693 0.0060653 0.00633914 0.00618032 0.00552619 0.00531338 0.00598235 0.00918898 0.988692 0.00378579 0.00385899 0 0.0038088 0.00370595 0.00381691 0.00375144 0.00397709 0.00417291 0.00416885 0.00521884 0.0137376 0.00794279 
0.00807172 0.00813292 0.00826974 0.00820549 0.00810648 0.00826223 0.00817861 0.0084233 0.0080867 0.00861964 0.00819257 0.00905151 0.00823978 0.00860135 0.00807819 0.00812851 0.00876904 0.0091143 0.00973287 0.009025 0.00865385 0.00836955 0.00856324 0.00920472 0.00976731 0.010434 0.00869542 0.00847285 0.00812732 0.00827241 0.00886724 0.00877799 0.00906456 0.00871149 0.00834559 0.00930367 0.0084697 0.0106707 0.00846783 0.00906756 0.00928282 0.00678123 0.00786958 0.00596941 0.00609268 0.00703933 0.968909 0.00411498 0.0043218 0.00384533 0.0038088 0 0.00384231 0.00372741 0.00369515 0.00399396 0.00385044 0.00813678 0.0047582 0.00566501 0.00631484 
0.0088471 0.00814554 0.0082054 0.0081588 0.00886977 0.00810429 0.00845319 0.00825297 0.00973699 0.00817706 0.0110616 0.00829514 0.0119001 0.0082346 0.0083733 0.00907523 0.0084363 0.0128719 0.0103217 0.00973473 0.00850749 0.0083046 0.00884674 0.00933256 0.0155876 0.00999222 0.00897177 0.0084668 0.00825398 0.00836769 0.00902408 0.0114342 0.00859786 0.00907264 0.0113413 0.00844318 0.0173207 0.00862686 0.0148321 0.00824267 0.00665732 0.0082345 0.00716287 0.00727156 0.0077701 0.974905 0.00589555 0.0111823 0.00387041 0.00385028 0.00370595 0.00384231 0 0.00365912 0.00371492 0.0037092 0.00477785 0.00380039 0.00573885 0.00402284 0.00741018 
0.00811989 0.00857513 0.00860959 0.010229 0.00815684 0.00951675 0.00820615 0.0105427 0.00814454 0.0164626 0.00824119 0.0181592 0.00829536 0.010741 0.00818918 0.00840813 0.0130434 0.0101821 0.0170408 0.00950987 0.00901322 0.00858493 0.00938675 0.0116638 0.0121172 0.0139007 0.00937226 0.00848552 0.00824354 0.00839591 0.0104529 0.00872198 0.0118629 0.00888707 0.00834437 0.0218566 0.00857603 0.029265 0.00848851 0.0139818 0.010306 0.00722146 0.00988188 0.00754621 0.965095 0.00858091 0.0123175 0.0046669 0.0044532 0.00390404 0.00381691 0.00372741 0.00365912 0 0.00368861 0.00375049 0.00369705 0.00435213 0.00380267 0.00502469 0.00486706 
0.00919105 0.00820667 0.00846925 0.00820878 0.0117358 0.00819332 0.00880247 0.00823085 0.0154417 0.00825075 0.0193651 0.00850911 0.022755 0.00838123 0.0084887 0.00992635 0.00882628 0.0260083 0.0117462 0.0111485 0.00879837 0.00847242 0.00939456 0.0111275 0.0291244 0.0117971 0.00915576 0.00858541 0.0082885 0.00859072 0.00882935 0.0189552 0.00865239 0.00941357 0.0150713 0.00863466 0.0424197 0.00859506 0.0313841 0.00827329 0.00715471 0.00906577 0.00805711 0.964835 0.0089844 0.0120603 0.00599967 0.00723925 0.00487186 0.00385288 0.00375144 0.00369515 0.00371492 0.00368861 0 0.00367649 0.00373581 0.00370913 0.00452931 0.00372365 0.00624848 
0.00819844 0.00923202 0.008809 0.0115078 0.00822684 0.0125202 0.00821387 0.0127833 0.00817883 0.0318653 0.00835436 0.0285487 0.00854043 0.0136231 0.00821006 0.00856427 0.0202709 0.0103644 0.0257371 0.0100831 0.00991969 0.00876182 0.00987825 0.0155168 0.0137585 0.0210116 0.00976737 0.00861151 0.00826131 0.00831083 0.0125824 0.0087465 0.0156394 0.00891401 0.00840254 0.038804 0.00866856 0.0827297 0.00852626 0.0207824 0.00895643 0.00866797 0.952528 0.00977249 0.0132264 0.00689903 0.0191184 0.00585094 0.00618209 0.00416284 0.00397709 0.00399396 0.0037092 0.00375049 0.00367649 0 0.00368726 0.00407327 0.0037142 0.00427085 0.00641764 
0.0101286 0.00825557 0.00871724 0.00816113 0.0128422 0.00826533 0.00923503 0.00818033 0.0180341 0.00825924 0.0266491 0.00854341 0.0263063 0.00842105 0.00863615 0.0113341 0.00889939 0.0255639 0.0119074 0.0133516 0.008785 0.00858842 0.00972861 0.0109993 0.0332586 0.0121058 0.00966205 0.0086588 0.00828656 0.0086819 0.0087966 0.0206357 0.00870321 0.00989607 0.0186111 0.00858924 0.0873165 0.00861959 0.0417384 0.00844848 0.0104256 0.902988 0.0113026 0.0135758 0.0076128 0.0135797 0.00663439 0.0107473 0.0056093 0.00400598 0.00417291 0.00385044 0.00477785 0.00369705 0.00373581 0.00368726 0 0.00368983 0.00405962 0.00379329 0.00543719 
0.00823355 0.0100783 0.00901399 0.0140873 0.00822204 0.0134002 0.00832186 0.0159663 0.00824313 0.0329655 0.00831431 0.0276664 0.00838062 0.0137604 0.00839173 0.00853507 0.0200787 0.0104514 0.0232679 0.00975807 0.00927097 0.0086518 0.0111998 0.0147329 0.0134285 0.0212053 0.010522 0.00846554 0.00829579 0.00837076 0.0156207 0.00881493 0.0190933 0.0092628 0.00846264 0.0579782 0.00871817 0.0868887 0.00880169 0.0205522 0.772059 0.0108028 0.014031 0.00917984 0.0156499 0.00726933 0.0162471 0.00652484 0.00658405 0.00498069 0.00416885 0.00813678 0.00380039 0.00435213 0.00370913 0.00407327 0.00368983 0 0.00375221 0.00464987 0.00415871 
0.0113299 0.00840817 0.00890271 0.00841745 0.0125797 0.0083643 0.00939592 0.00832398 0.0160845 0.0083835 0.02047 0.00853023 0.0236484 0.00846727 0.00878514 0.012122 0.00914123 0.0350592 0.0122896 0.0114409 0.00878287 0.00874474 0.0107227 0.0117839 0.0369261 0.0125133 0.00938313 0.0088819 0.00865163 0.00907011 0.00928452 0.0247924 0.00900391 0.0104533 0.0339889 0.00910616 0.0995164 0.00893022 0.0465493 0.0103036 0.0252535 0.0155742 0.0096671 0.0169565 0.00950596 0.0277361 0.0078804 0.00905635 0.00671423 0.00701204 0.00521884 0.0047582 0.00573885 0.00380267 0.00452931 0.0037142 0.00405962 0.00375221 0 0.00376469 0.00383292 
0.00871711 0.0123353 0.00878678 0.015132 0.00834112 0.0127369 0.00831194 0.016058 0.00828753 0.0149284 0.00831759 0.0160173 0.00887859 0.0120786 0.0084085 0.00926596 0.0274128 0.00924283 0.012104 0.00948279 0.00953565 0.00846687 0.0130878 0.0152201 0.011374 0.0129039 0.0110414 0.0085857 0.00899086 0.00872493 0.0214564 0.00972763 0.0246387 0.00943036 0.00977592 0.0785011 0.00913751 0.0502524 0.00959247 0.0300691 0.0164489 0.0126978 0.0175471 0.00952287 0.0213312 0.0088917 0.0176373 0.00759352 0.00776279 0.00799677 0.0137376 0.00566501 0.00402284 0.00502469 0.00372365 0.00427085 0.00379329 0.00464987 0.00376469 0 0.00392693 
0.0105901 0.00829862 0.00921436 0.00910351 0.00905375 0.00835562 0.00896335 0.00948532 0.0103741 0.00836798 0.0126341 0.00843504 0.00980583 0.00852963 0.00883164 0.0193413 0.00896016 0.0118823 0.0107306 0.00974596 0.00867473 0.00893226 0.0160438 0.010619 0.0141534 0.0112072 0.00939282 0.00941934 0.0100731 0.00910763 0.0176573 0.0109641 0.00940744 0.0121104 0.0380584 0.0104693 0.0225343 0.0111361 0.0223998 0.0105228 0.0331296 0.0207305 0.0227809 0.0158133 0.0102674 0.0145286 0.0101735 0.00977994 0.00768055 0.0158027 0.00794279 0.00631484 0.00741018 0.00486706 0.00624848 0.00641764 0.00543719 0.00415871 0.00383292 0.00392693 0 
