1Q98B
TVTLAGNPIEVGGHFPQVGEIVENFILVGNDLADVALNDFASKRKVLNIFPSIDTGVCATSVRKFNQQAAKLSNTIVLCISADLPFAQARFCGAEGIENAKTVSTFRNHALHSQLGVDIQTGPLAGLTSRAVIVLDEQNNVLHSQLVEEIKEEPNYEAALAVLA
CEEECCEEECEECCCCCCCCECCCCEEECCCCCEEEHHHHCCCEEEEEECCCCCCCCCCCHHHHHHHHHHCCCCEEEEEEECCCHHHHCCCCCCCCCCCEEEEECCCCCHHHHHCCCEECCCCCCCCECCEEEEECCCCEEEEEEECCECCCCCCHHHHHHHHC
0 0 0 0 0 0 0 0 0 0 0 0 0 0 0 0 0 0 0 0 0 0 0 0 0 0 0 0 0 0 0 0 0 0 0 0 0 0 0 0 0 0 0 0 0 0 0 0 0 0 0 0 0 0 0 0 0 0 0 0 0 0 0 0 0 0 0 0 0 0 0 0 0 0 0 0 0 0 0 0 0 0 0 0 0 0 0 0 0 0 0 0 0 0 0 0 0 0 0 0 0 0 0 0 0 0 0 0 0 0 0 0 0 0 0 0 0 0 0 0 0 0 0 0 0 0 0 0 0 0 0 0 0 0 0 0 0 0 0 0 0 0 0 0 0 0 0 0 0 0 0 0 0 0 0 0 0 0 0 0 0 0 0 0 
0 0 0 0 0 0 0 0 0 0 0 0 0 0 0 0 0 0 0 0 0 0 0 0 0 0 0 0 0 0 0 0 0 0 0 0 0 0 0 0 0 0 0 0 0 0 0 0 0 0 0 0 0 0 0 0 0 0 0 0 0 0 0 0 0 0 0 0 0 0 0 0 0 0 0 0 0 0 0 0 0 0 0 0 0 0 0 0 0 0 0 0 0 0 0 0 0 0 0 0 0 0 0 0 0 0 0 0 0 0 0 0 0 0 0 0 0 0 0 0 0 0 0 0 0 0 0 0 0 0 0 0 0 0 0 0 0 0 0 0 0 0 0 0 0 0 0 0 0 0 0 0 0 0 0 0 0 0 0 0 0 0 0 0 
0 0.0041294 0.0046547 0.00667327 0.0147994 0.948838 0.0136342 0.0236502 0.0228011 0.0388384 0.016113 0.0395289 0.0201648 0.0249342 0.0260568 0.0420672 0.025023 0.0278954 0.0300905 0.0166745 0.0333055 0.0147128 0.0134506 0.0160638 0.0171273 0.0152488 0.0135657 0.0154109 0.0119428 0.00886903 0.0104194 0.00953108 0.0149661 0.00884879 0.0102151 0.00957577 0.0103727 0.0101057 0.0116737 0.00975812 0.0122032 0.00876035 0.0085547 0.00864215 0.00844195 0.00850233 0.00857105 0.0100108 0.00928079 
0.0041294 0 0.00404981 0.00649934 0.970374 0.0073883 0.0246583 0.0159227 0.0154185 0.0228468 0.0931735 0.0129393 0.0179734 0.0426299 0.0165325 0.0172616 0.039328 0.0157484 0.017807 0.060525 0.0114582 0.0124024 0.0182169 0.012544 0.0176664 0.0174346 0.01557 0.0100026 0.00900041 0.00977704 0.00902887 0.0099186 0.00960015 0.0091991 0.00862495 0.00921515 0.00924855 0.0103492 0.00958703 0.00975059 0.00896248 0.00894006 0.00858754 0.00863334 0.00850019 0.00827969 0.00841148 0.00826025 0.00855329 
0.0046547 0.00404981 0 0.988972 0.00538202 0.0084102 0.00782546 0.0118922 0.0148815 0.0248696 0.0136167 0.0223594 0.0162341 0.014975 0.0114404 0.0294549 0.0142465 0.0122041 0.014971 0.0139262 0.0212467 0.0203099 0.0114051 0.011171 0.0113254 0.0131162 0.0115384 0.0117367 0.0137322 0.00883758 0.00903842 0.00912839 0.0111601 0.00945853 0.00936856 0.0117269 0.011072 0.00954109 0.00939824 0.00900684 0.0102745 0.00996317 0.00879565 0.0083777 0.0084221 0.00859315 0.00814833 0.00844356 0.00966637 
0.00667327 0.00649934 0.988972 0 0.00431038 0.00393129 0.00426951 0.00867461 0.0140417 0.0169034 0.0100392 0.0217723 0.0119125 0.0108199 0.0197536 0.0160351 0.012094 0.0106176 0.00990966 0.010869 0.0160976 0.0108553 0.00938555 0.00937157 0.00918179 0.00921501 0.0093823 0.0116127 0.00903266 0.00820419 0.00843354 0.00844041 0.0109301 0.00843109 0.00915627 0.0091971 0.00867718 0.00835684 0.0085512 0.00865069 0.0101766 0.00828679 0.00806636 0.00814859 0.00806769 0.00799437 0.00802816 0.0090522 0.00910039 
0.0147994 0.970374 0.00538202 0.00431038 0 0.00385402 0.00429767 0.0118192 0.00963075 0.0124403 0.0370329 0.0107745 0.0106781 0.0151386 0.0102891 0.0108879 0.0144488 0.0100517 0.00979463 0.0166167 0.0091674 0.00969365 0.0109436 0.00876587 0.00932158 0.00949233 0.00966576 0.00871249 0.0084163 0.00873836 0.00822664 0.00873383 0.00847595 0.00859975 0.00820484 0.00846277 0.00834829 0.00860879 0.00849843 0.00899041 0.00851738 0.00845257 0.00822053 0.00828653 0.00814348 0.00808666 0.00814233 0.00811765 0.00834636 
0.948838 0.0073883 0.0084102 0.00393129 0.00385402 0 0.00639917 0.00402055 0.00964701 0.0236031 0.0114265 0.0156267 0.0114023 0.0114275 0.00998824 0.0214862 0.0104748 0.0114293 0.0146811 0.0102578 0.0141149 0.014788 0.00967283 0.0106424 0.0116288 0.0105507 0.0096326 0.00943099 0.0145167 0.00817285 0.0089824 0.00857568 0.00980174 0.00827412 0.00890759 0.00877083 0.00947443 0.00855465 0.00918714 0.00851434 0.00923817 0.00843671 0.00830757 0.00822877 0.00824105 0.00842989 0.0080251 0.00818021 0.00910336 
0.0136342 0.0246583 0.00782546 0.00426951 0.00429767 0.00639917 0 0.00956006 0.0617731 0.0293648 0.0132729 0.0260451 0.0138307 0.0107973 0.0208833 0.0171378 0.013013 0.0112662 0.0105077 0.0165436 0.0138903 0.0109647 0.0113426 0.010574 0.010083 0.0110316 0.0100627 0.0116613 0.00877732 0.00889823 0.00847712 0.00859392 0.0100314 0.00871058 0.00881374 0.0100079 0.00885111 0.0091612 0.00888957 0.00909841 0.00880064 0.00909084 0.00826943 0.00841706 0.00814939 0.00815316 0.00806065 0.00818316 0.00884922 
0.0236502 0.0159227 0.0118922 0.00867461 0.0118192 0.00402055 0.00956006 0 0.0966193 0.0158579 0.0321102 0.0166829 0.0112437 0.0172747 0.010273 0.015601 0.0133726 0.00910288 0.009477 0.0109652 0.0128452 0.0139719 0.00949904 0.00872112 0.00907287 0.00881749 0.00959488 0.00949259 0.0122659 0.00831189 0.00821319 0.00839328 0.00913945 0.00896579 0.00891745 0.0100216 0.0104793 0.00832358 0.0083903 0.00834884 0.00900462 0.00879238 0.0082832 0.00812342 0.00806818 0.00806774 0.00796879 0.00820797 0.0096061 
0.0228011 0.0154185 0.0148815 0.0140417 0.00963075 0.00964701 0.0617731 0.0966193 0 0.0348826 0.00585159 0.00902994 0.0106479 0.0101184 0.0176789 0.029188 0.0128704 0.0095683 0.00931423 0.010865 0.0184535 0.0165652 0.0105254 0.0087209 0.00873567 0.00901883 0.00902681 0.0121179 0.0115167 0.00942841 0.00846735 0.00837578 0.0108457 0.0101376 0.00920142 0.0153043 0.00964256 0.00824527 0.00819403 0.00838398 0.0102462 0.0101026 0.00805985 0.00803298 0.00797697 0.00795561 0.00807783 0.00918645 0.0122917 
0.0388384 0.0228468 0.0248696 0.0169034 0.0124403 0.0236031 0.0293648 0.0158579 0.0348826 0 0.00386664 0.00419309 0.0109713 0.00662635 0.927765 0.0221297 0.0176837 0.0151827 0.012121 0.0165166 0.0241025 0.0214709 0.0136111 0.0128553 0.0131012 0.0157339 0.0114595 0.0224714 0.00942769 0.0100483 0.0101474 0.00953191 0.0174799 0.0107572 0.0099933 0.0126364 0.0121405 0.0118885 0.0126938 0.0109317 0.0128334 0.0105591 0.00830314 0.0086974 0.0084026 0.00825414 0.00867223 0.0104777 0.0105957 
0.016113 0.0931735 0.0136167 0.0100392 0.0370329 0.0114265 0.0132729 0.0321102 0.00585159 0.00386664 0 0.00416982 0.00806147 0.951553 0.00722859 0.0134944 0.0302831 0.0162793 0.0234759 0.0515079 0.0150825 0.0107433 0.0205815 0.015392 0.0178881 0.0208843 0.0319763 0.0104508 0.00971574 0.00905799 0.0101212 0.0144916 0.00996424 0.0089056 0.00924506 0.00874736 0.00979109 0.0115957 0.0120036 0.0174223 0.00930138 0.0084067 0.00923133 0.0088321 0.00871217 0.00849478 0.00862312 0.00828201 0.00823689 
0.0395289 0.0129393 0.0223594 0.0217723 0.0107745 0.0156267 0.0260451 0.0166829 0.00902994 0.00419309 0.00416982 0 0.95294 0.00684972 0.00674795 0.0223352 0.0136366 0.0146694 0.0192932 0.0372115 0.0419429 0.022522 0.0117026 0.0124609 0.013545 0.0170096 0.0130476 0.0259235 0.0122774 0.00948496 0.0093745 0.0102603 0.0183707 0.0106257 0.00897587 0.0123986 0.012004 0.00942971 0.00973114 0.00963238 0.0118051 0.0106539 0.00854841 0.00845344 0.00833641 0.00831818 0.00817731 0.00879237 0.00995761 
0.0201648 0.0179734 0.0162341 0.0119125 0.0106781 0.0114023 0.0138307 0.0112437 0.0106479 0.0109713 0.00806147 0.95294 0 0.00375488 0.00385447 0.0143669 0.0236782 0.0202228 0.0177352 0.0120318 0.0125918 0.0341078 0.0132735 0.0115387 0.010988 0.0131071 0.0100342 0.0182959 0.00902746 0.0109399 0.00909104 0.00888589 0.0134229 0.00952645 0.00872652 0.0102814 0.00982382 0.00945486 0.00943803 0.00946606 0.0105392 0.00975022 0.00817339 0.00864321 0.0082582 0.00811036 0.00831646 0.00888268 0.00924568 
0.0249342 0.0426299 0.014975 0.0108199 0.0151386 0.0114275 0.0107973 0.0172747 0.0101184 0.00662635 0.951553 0.00684972 0.00375488 0 0.00371763 0.0123024 0.029745 0.0114094 0.0141878 0.00948442 0.00933692 0.0161621 0.0359826 0.0119083 0.013438 0.0109377 0.0254676 0.00974002 0.0149781 0.00921823 0.00997096 0.012559 0.00977228 0.00886521 0.00969531 0.0088108 0.010886 0.0109978 0.0102886 0.0114524 0.0101986 0.00835167 0.00955758 0.00843352 0.00849261 0.00865313 0.00834408 0.00832079 0.00832801 
0.0260568 0.0165325 0.0114404 0.0197536 0.0102891 0.00998824 0.0208833 0.010273 0.0176789 0.927765 0.00722859 0.00674795 0.00385447 0.00371763 0 0.0445133 0.00969811 0.00564313 0.00598127 0.00884435 0.00952282 0.0278872 0.014142 0.0112444 0.0113401 0.0154422 0.0104232 0.0240155 0.0115887 0.0117096 0.0096486 0.010052 0.014952 0.0133011 0.00866796 0.0144503 0.0128185 0.0108047 0.00972324 0.0099376 0.00940522 0.0154726 0.0086256 0.00878279 0.00856099 0.00829543 0.00839592 0.00836027 0.0105099 
0.0420672 0.0172616 0.0294549 0.0160351 0.0108879 0.0214862 0.0171378 0.015601 0.029188 0.0221297 0.0134944 0.0223352 0.0143669 0.0123024 0.0445133 0 0.00427621 0.00371435 0.00372711 0.00375342 0.0049107 0.623539 0.0186708 0.0159384 0.0122135 0.0126748 0.0140795 0.0197162 0.0185492 0.00980448 0.0103516 0.010039 0.0182724 0.0100399 0.0108754 0.0121295 0.0144505 0.010076 0.0102452 0.0109293 0.0149406 0.00960277 0.00864377 0.0085349 0.00847694 0.00838786 0.00846719 0.0109358 0.0107034 
0.025023 0.039328 0.0142465 0.012094 0.0144488 0.0104748 0.013013 0.0133726 0.0128704 0.0176837 0.0302831 0.0136366 0.0236782 0.029745 0.00969811 0.00427621 0 0.003716 0.00371804 0.00394233 0.00388123 0.0615716 0.731387 0.0235677 0.0490505 0.0264324 0.0243561 0.0116038 0.0122431 0.0203585 0.0161684 0.0170816 0.0117782 0.00985752 0.00911885 0.0090849 0.0168851 0.035173 0.0259629 0.0192122 0.0112749 0.00955898 0.00995856 0.0100656 0.00935326 0.00899793 0.00977763 0.00878635 0.00865335 
0.0278954 0.0157484 0.0122041 0.0106176 0.0100517 0.0114293 0.0112662 0.00910288 0.0095683 0.0151827 0.0162793 0.0146694 0.0202228 0.0114094 0.00564313 0.00371435 0.003716 0 0.00372673 0.00374395 0.00374988 0.104222 0.0466723 0.707542 0.0668134 0.136944 0.0226333 0.0143707 0.0114344 0.0216474 0.0453888 0.0215723 0.0155344 0.00952341 0.00916117 0.00870819 0.0154263 0.0490797 0.11217 0.049217 0.0119645 0.00947121 0.0129116 0.0210296 0.0166186 0.0142218 0.0105368 0.00862275 0.00829845 
0.0300905 0.017807 0.014971 0.00990966 0.00979463 0.0146811 0.0105077 0.009477 0.00931423 0.012121 0.0234759 0.0192932 0.0177352 0.0141878 0.00598127 0.00372711 0.00371804 0.00372673 0 0.00372576 0.00377825 0.0233328 0.191374 0.0858662 0.747717 0.079309 0.0921046 0.0124484 0.0115557 0.0171786 0.0681363 0.027437 0.0160163 0.00946445 0.00949037 0.00897855 0.0155234 0.048338 0.162736 0.0429465 0.0127727 0.00904554 0.0153748 0.0204038 0.0190378 0.0159248 0.0101054 0.00910391 0.0084063 
0.0166745 0.060525 0.0139262 0.010869 0.0166167 0.0102578 0.0165436 0.0109652 0.010865 0.0165166 0.0515079 0.0372115 0.0120318 0.00948442 0.00884435 0.00375342 0.00394233 0.00374395 0.00372576 0 0.00401573 0.0213449 0.0373175 0.195845 0.0655691 0.678488 0.0952492 0.0730152 0.00965114 0.0203224 0.0173036 0.0478549 0.0255516 0.0118448 0.00981193 0.0111011 0.0141533 0.0319711 0.0374764 0.0705486 0.0147285 0.0105672 0.0114001 0.0171092 0.0125045 0.0095704 0.0118213 0.00895024 0.00862793 
0.0333055 0.0114582 0.0212467 0.0160976 0.0091674 0.0141149 0.0138903 0.0128452 0.0184535 0.0241025 0.0150825 0.0419429 0.0125918 0.00933692 0.00952282 0.0049107 0.00388123 0.00374988 0.00377825 0.00401573 0 0.0211577 0.0211885 0.0300764 0.0651173 0.0298704 0.473765 0.0876548 0.0221981 0.0096399 0.0113319 0.0142645 0.0398171 0.0133765 0.0113708 0.0173955 0.0182775 0.0106601 0.0138161 0.0177014 0.0201998 0.0109318 0.00922979 0.00912314 0.00925095 0.00901697 0.00873675 0.00946529 0.0100734 
0.0147128 0.0124024 0.0203099 0.0108553 0.00969365 0.014788 0.0109647 0.0139719 0.0165652 0.0214709 0.0107433 0.022522 0.0341078 0.0161621 0.0278872 0.623539 0.0615716 0.104222 0.0233328 0.0213449 0.0211577 0 0.00419793 0.00371433 0.00371724 0.00379708 0.00387096 0.00493381 0.044711 0.0118862 0.0114362 0.012207 0.0289764 0.011916 0.0149312 0.0169736 0.0232793 0.0143599 0.0132843 0.0120567 0.0248902 0.0127622 0.00956414 0.00925475 0.00894314 0.00898607 0.0096102 0.0161354 0.0126336 
0.0134506 0.0182169 0.0114051 0.00938555 0.0109436 0.00967283 0.0113426 0.00949904 0.0105254 0.0136111 0.0205815 0.0117026 0.0132735 0.0359826 0.014142 0.0186708 0.731387 0.0466723 0.191374 0.0373175 0.0211885 0.00419793 0 0.00372777 0.00371668 0.00379684 0.00382857 0.00410574 0.0401217 0.0691429 0.0170929 0.0206586 0.0188618 0.0123907 0.010491 0.010711 0.0213279 0.0646519 0.0390434 0.0278757 0.0146769 0.010466 0.0156132 0.0117698 0.0118693 0.011193 0.0114571 0.0106259 0.00935439 
0.0160638 0.012544 0.011171 0.00937157 0.00876587 0.0106424 0.010574 0.00872112 0.0087209 0.0128553 0.015392 0.0124609 0.0115387 0.0119083 0.0112444 0.0159384 0.0235677 0.707542 0.0858662 0.195845 0.0300764 0.00371433 0.00372777 0 0.0037458 0.00372392 0.00376636 0.00374881 0.129033 0.0230773 0.0967861 0.0219826 0.0195263 0.0102543 0.00977388 0.00998834 0.019648 0.0631295 0.155954 0.0555092 0.0161317 0.0103237 0.0174841 0.0359208 0.022006 0.022291 0.0136594 0.00991143 0.00886024 
0.0171273 0.0176664 0.0113254 0.00918179 0.00932158 0.0116288 0.010083 0.00907287 0.00873567 0.0131012 0.0178881 0.013545 0.010988 0.013438 0.0113401 0.0122135 0.0490505 0.0668134 0.747717 0.0655691 0.0651173 0.00371724 0.00371668 0.0037458 0 0.0037104 0.00371177 0.00372466 0.0168521 0.236322 0.0619146 0.0480399 0.0169028 0.0111126 0.0100574 0.0105793 0.0227692 0.0786654 0.174137 0.0734967 0.018927 0.0107105 0.0217389 0.0298315 0.0369518 0.0235732 0.0128834 0.0107155 0.00902208 
0.0152488 0.0174346 0.0131162 0.00921501 0.00949233 0.0105507 0.0110316 0.00881749 0.00901883 0.0157339 0.0208843 0.0170096 0.0131071 0.0109377 0.0154422 0.0126748 0.0264324 0.136944 0.079309 0.678488 0.0298704 0.00379708 0.00379684 0.00372392 0.0037104 0 0.0037235 0.00370892 0.0215002 0.0556116 0.368181 0.0374657 0.0373745 0.0113971 0.0100381 0.0107596 0.0200539 0.0596201 0.136009 0.0706007 0.0168728 0.0115697 0.0163724 0.0536673 0.0225338 0.0160269 0.0146605 0.0102297 0.00901269 
0.0135657 0.01557 0.0115384 0.0093823 0.00966576 0.0096326 0.0100627 0.00959488 0.00902681 0.0114595 0.0319763 0.0130476 0.0100342 0.0254676 0.0104232 0.0140795 0.0243561 0.0226333 0.0921046 0.0952492 0.473765 0.00387096 0.00382857 0.00376636 0.00371177 0.0037235 0 0.00389021 0.0266941 0.0206439 0.037773 0.560194 0.0440618 0.0139679 0.0142177 0.0140226 0.0166652 0.0286142 0.0373653 0.0951651 0.0233917 0.0103496 0.0279899 0.0112598 0.0122532 0.0113434 0.0119402 0.0100998 0.00924265 
0.0154109 0.0100026 0.0117367 0.0116127 0.00871249 0.00943099 0.0116613 0.00949259 0.0121179 0.0224714 0.0104508 0.0259235 0.0182959 0.00974002 0.0240155 0.0197162 0.0116038 0.0143707 0.0124484 0.0730152 0.0876548 0.00493381 0.00410574 0.00374881 0.00372466 0.00370892 0.00389021 0 0.0149351 0.0140907 0.0225277 0.0417132 0.553493 0.0209349 0.014292 0.0224388 0.0203105 0.013154 0.0132512 0.0260345 0.0269099 0.0218882 0.0094615 0.0101212 0.0100424 0.00883108 0.00964471 0.0112475 0.0119991 
0.0119428 0.00900041 0.0137322 0.00903266 0.0084163 0.0145167 0.00877732 0.0122659 0.0115167 0.00942769 0.00971574 0.0122774 0.00902746 0.0149781 0.0115887 0.0185492 0.0122431 0.0114344 0.0115557 0.00965114 0.0221981 0.044711 0.0401217 0.129033 0.0168521 0.0215002 0.0266941 0.0149351 0 0.00391854 0.00374814 0.00388036 0.0041204 0.0110089 0.031135 0.0144745 0.0328638 0.013772 0.0143376 0.0112016 0.0320581 0.0106961 0.01761 0.00872819 0.00927781 0.0112694 0.00886837 0.0172518 0.0141261 
0.00886903 0.00977704 0.00883758 0.00820419 0.00873836 0.00817285 0.00889823 0.00831189 0.00942841 0.0100483 0.00905799 0.00948496 0.0109399 0.00921823 0.0117096 0.00980448 0.0203585 0.0216474 0.0171786 0.0203224 0.0096399 0.0118862 0.0691429 0.0230773 0.236322 0.0556116 0.0206439 0.0140907 0.00391854 0 0.00370079 0.00372403 0.00379927 0.0273577 0.00947826 0.0107618 0.0135673 0.0507814 0.0198463 0.0236074 0.0104527 0.0130709 0.00942287 0.0161993 0.0104727 0.00899596 0.0160549 0.00991116 0.00957713 
0.0104194 0.00902887 0.00903842 0.00843354 0.00822664 0.0089824 0.00847712 0.00821319 0.00846735 0.0101474 0.0101212 0.0093745 0.00909104 0.00997096 0.0096486 0.0103516 0.0161684 0.0453888 0.0681363 0.0173036 0.0113319 0.0114362 0.0170929 0.0967861 0.0619146 0.368181 0.037773 0.0225277 0.00374814 0.00370079 0 0.00369918 0.00370859 0.0124948 0.0127486 0.0101665 0.0192656 0.0256279 0.087755 0.026041 0.0133922 0.010114 0.015606 0.0145172 0.0150395 0.017933 0.0120465 0.00954103 0.00885068 
0.00953108 0.0099186 0.00912839 0.00844041 0.00873383 0.00857568 0.00859392 0.00839328 0.00837578 0.00953191 0.0144916 0.0102603 0.00888589 0.012559 0.010052 0.010039 0.0170816 0.0215723 0.027437 0.0478549 0.0142645 0.012207 0.0206586 0.0219826 0.0480399 0.0374657 0.560194 0.0417132 0.00388036 0.00372403 0.00369918 0 0.00376175 0.0286668 0.0311278 0.0150612 0.0146623 0.0465334 0.0270384 0.106897 0.0232151 0.0112214 0.0157322 0.0135034 0.0127745 0.010636 0.01533 0.0103815 0.00976643 
0.0149661 0.00960015 0.0111601 0.0109301 0.00847595 0.00980174 0.0100314 0.00913945 0.0108457 0.0174799 0.00996424 0.0183707 0.0134229 0.00977228 0.014952 0.0182724 0.0117782 0.0155344 0.0160163 0.0255516 0.0398171 0.0289764 0.0188618 0.0195263 0.0169028 0.0373745 0.0440618 0.553493 0.0041204 0.00379927 0.00370859 0.00376175 0 0.028707 0.0363019 0.0372573 0.0399784 0.0167454 0.0279769 0.0398944 0.0913501 0.0222243 0.011459 0.012278 0.0121072 0.0107303 0.0103483 0.0183904 0.0147943 
0.00884879 0.0091991 0.00945853 0.00843109 0.00859975 0.00827412 0.00871058 0.00896579 0.0101376 0.0107572 0.0089056 0.0106257 0.00952645 0.00886521 0.0133011 0.0100399 0.00985752 0.00952341 0.00946445 0.0118448 0.0133765 0.011916 0.0123907 0.0102543 0.0111126 0.0113971 0.0139679 0.0209349 0.0110089 0.0273577 0.0124948 0.0286668 0.028707 0 0.00453755 0.198912 0.0131604 0.0285007 0.0128883 0.0218279 0.0180358 0.0155786 0.00919753 0.00999135 0.00892071 0.00865929 0.0112412 0.0144439 0.0202191 
0.0102151 0.00862495 0.00936856 0.00915627 0.00820484 0.00890759 0.00881374 0.00891745 0.00920142 0.0099933 0.00924506 0.00897587 0.00872652 0.00969531 0.00866796 0.0108754 0.00911885 0.00916117 0.00949037 0.00981193 0.0113708 0.0149312 0.010491 0.00977388 0.0100574 0.0100381 0.0142177 0.014292 0.031135 0.00947826 0.0127486 0.0311278 0.0363019 0.00453755 0 0.0690742 0.0328599 0.0117255 0.0149992 0.0171538 0.0262514 0.011586 0.0124407 0.0087233 0.00893424 0.00951971 0.00949753 0.0118077 0.0168669 
0.00957577 0.00921515 0.0117269 0.0091971 0.00846277 0.00877083 0.0100079 0.0100216 0.0153043 0.0126364 0.00874736 0.0123986 0.0102814 0.0088108 0.0144503 0.0121295 0.0090849 0.00870819 0.00897855 0.0111011 0.0173955 0.0169736 0.010711 0.00998834 0.0105793 0.0107596 0.0140226 0.0224388 0.0144745 0.0107618 0.0101665 0.0150612 0.0372573 0.198912 0.0690742 0 0.0161294 0.00478602 0.00469938 0.0061204 0.0096661 0.0119295 0.00765914 0.00782542 0.00876219 0.00862955 0.0120108 0.0320444 0.143312 
0.0103727 0.00924855 0.011072 0.00867718 0.00834829 0.00947443 0.00885111 0.0104793 0.00964256 0.0121405 0.00979109 0.012004 0.00982382 0.010886 0.0128185 0.0144505 0.0168851 0.0154263 0.0155234 0.0141533 0.0182775 0.0232793 0.0213279 0.019648 0.0227692 0.0200539 0.0166652 0.0203105 0.0328638 0.0135673 0.0192656 0.0146623 0.0399784 0.0131604 0.0328599 0.0161294 0 0.00376755 0.00373693 0.00379913 0.00520751 0.00797626 0.00874107 0.00851957 0.0134838 0.0604772 0.0865987 0.516116 0.0161625 
0.0101057 0.0103492 0.00954109 0.00835684 0.00860879 0.00855465 0.0091612 0.00832358 0.00824527 0.0118885 0.0115957 0.00942971 0.00945486 0.0109978 0.0108047 0.010076 0.035173 0.0490797 0.048338 0.0319711 0.0106601 0.0143599 0.0646519 0.0631295 0.0786654 0.0596201 0.0286142 0.013154 0.013772 0.0507814 0.0256279 0.0465334 0.0167454 0.0285007 0.0117255 0.00478602 0.00376755 0 0.00375099 0.00373143 0.00377477 0.00580189 0.0124713 0.0131663 0.0623922 0.105211 0.533173 0.0124178 0.0117459 
0.0116737 0.00958703 0.00939824 0.0085512 0.00849843 0.00918714 0.00888957 0.0083903 0.00819403 0.0126938 0.0120036 0.00973114 0.00943803 0.0102886 0.00972324 0.0102452 0.0259629 0.11217 0.162736 0.0374764 0.0138161 0.0132843 0.0390434 0.155954 0.174137 0.136009 0.0373653 0.0132512 0.0143376 0.0198463 0.087755 0.0270384 0.0279769 0.0128883 0.0149992 0.00469938 0.00373693 0.00375099 0 0.00381168 0.00373022 0.00567267 0.0123109 0.109107 0.128871 0.49677 0.0095049 0.0128278 0.00894227 
0.00975812 0.00975059 0.00900684 0.00865069 0.00899041 0.00851434 0.00909841 0.00834884 0.00838398 0.0109317 0.0174223 0.00963238 0.00946606 0.0114524 0.0099376 0.0109293 0.0192122 0.049217 0.0429465 0.0705486 0.0177014 0.0120567 0.0278757 0.0555092 0.0734967 0.0706007 0.0951651 0.0260345 0.0112016 0.0236074 0.026041 0.106897 0.0398944 0.0218279 0.0171538 0.0061204 0.00379913 0.00373143 0.00381168 0 0.00386731 0.00987053 0.137107 0.168073 0.360376 0.00915944 0.0206082 0.0106373 0.0110263 
0.0122032 0.00896248 0.0102745 0.0101766 0.00851738 0.00923817 0.00880064 0.00900462 0.0102462 0.0128334 0.00930138 0.0118051 0.0105392 0.0101986 0.00940522 0.0149406 0.0112749 0.0119645 0.0127727 0.0147285 0.0201998 0.0248902 0.0146769 0.0161317 0.018927 0.0168728 0.0233917 0.0269099 0.0320581 0.0104527 0.0133922 0.0232151 0.0913501 0.0180358 0.0262514 0.0096661 0.00520751 0.00377477 0.00373022 0.00386731 0 0.1177 0.428139 0.0413978 0.00564832 0.00662236 0.00691929 0.0178066 0.0119022 
0.00876035 0.00894006 0.00996317 0.00828679 0.00845257 0.00843671 0.00909084 0.00879238 0.0101026 0.0105591 0.0084067 0.0106539 0.00975022 0.00835167 0.0154726 0.00960277 0.00955898 0.00947121 0.00904554 0.0105672 0.0109318 0.0127622 0.010466 0.0103237 0.0107105 0.0115697 0.0103496 0.0218882 0.0106961 0.0130709 0.010114 0.0112214 0.0222243 0.0155786 0.011586 0.0119295 0.00797626 0.00580189 0.00567267 0.00987053 0.1177 0 0.00381916 0.00369064 0.00370577 0.00371533 0.00385534 0.00525593 0.00894705 
0.0085547 0.00858754 0.00879565 0.00806636 0.00822053 0.00830757 0.00826943 0.0082832 0.00805985 0.00830314 0.00923133 0.00854841 0.00817339 0.00955758 0.0086256 0.00864377 0.00995856 0.0129116 0.0153748 0.0114001 0.00922979 0.00956414 0.0156132 0.0174841 0.0217389 0.0163724 0.0279899 0.0094615 0.01761 0.00942287 0.015606 0.0157322 0.011459 0.00919753 0.0124407 0.00765914 0.00874107 0.0124713 0.0123109 0.137107 0.428139 0.00381916 0 0.00369785 0.00368539 0.00372161 0.00375545 0.00397143 0.00601267 
0.00864215 0.00863334 0.0083777 0.00814859 0.00828653 0.00822877 0.00841706 0.00812342 0.00803298 0.0086974 0.0088321 0.00845344 0.00864321 0.00843352 0.00878279 0.0085349 0.0100656 0.0210296 0.0204038 0.0171092 0.00912314 0.00925475 0.0117698 0.0359208 0.0298315 0.0536673 0.0112598 0.0101212 0.00872819 0.0161993 0.0145172 0.0135034 0.012278 0.00999135 0.0087233 0.00782542 0.00851957 0.0131663 0.109107 0.168073 0.0413978 0.00369064 0.00369785 0 0.00372692 0.00369627 0.00370694 0.00388399 0.00456361 
0.00844195 0.00850019 0.0084221 0.00806769 0.00814348 0.00824105 0.00814939 0.00806818 0.00797697 0.0084026 0.00871217 0.00833641 0.0082582 0.00849261 0.00856099 0.00847694 0.00935326 0.0166186 0.0190378 0.0125045 0.00925095 0.00894314 0.0118693 0.022006 0.0369518 0.0225338 0.0122532 0.0100424 0.00927781 0.0104727 0.0150395 0.0127745 0.0121072 0.00892071 0.00893424 0.00876219 0.0134838 0.0623922 0.128871 0.360376 0.00564832 0.00370577 0.00368539 0.00372692 0 0.00375747 0.00369696 0.00367096 0.00405799 
0.00850233 0.00827969 0.00859315 0.00799437 0.00808666 0.00842989 0.00815316 0.00806774 0.00795561 0.00825414 0.00849478 0.00831818 0.00811036 0.00865313 0.00829543 0.00838786 0.00899793 0.0142218 0.0159248 0.0095704 0.00901697 0.00898607 0.011193 0.022291 0.0235732 0.0160269 0.0113434 0.00883108 0.0112694 0.00899596 0.017933 0.010636 0.0107303 0.00865929 0.00951971 0.00862955 0.0604772 0.105211 0.49677 0.00915944 0.00662236 0.00371533 0.00372161 0.00369627 0.00375747 0 0.00369511 0.00370621 0.00420449 
0.00857105 0.00841148 0.00814833 0.00802816 0.00814233 0.0080251 0.00806065 0.00796879 0.00807783 0.00867223 0.00862312 0.00817731 0.00831646 0.00834408 0.00839592 0.00846719 0.00977763 0.0105368 0.0101054 0.0118213 0.00873675 0.0096102 0.0114571 0.0136594 0.0128834 0.0146605 0.0119402 0.00964471 0.00886837 0.0160549 0.0120465 0.01533 0.0103483 0.0112412 0.00949753 0.0120108 0.0865987 0.533173 0.0095049 0.0206082 0.00691929 0.00385534 0.00375545 0.00370694 0.00369696 0.00369511 0 0.00372822 0.004476 
0.0100108 0.00826025 0.00844356 0.0090522 0.00811765 0.00818021 0.00818316 0.00820797 0.00918645 0.0104777 0.00828201 0.00879237 0.00888268 0.00832079 0.00836027 0.0109358 0.00878635 0.00862275 0.00910391 0.00895024 0.00946529 0.0161354 0.0106259 0.00991143 0.0107155 0.0102297 0.0100998 0.0112475 0.0172518 0.00991116 0.00954103 0.0103815 0.0183904 0.0144439 0.0118077 0.0320444 0.516116 0.0124178 0.0128278 0.0106373 0.0178066 0.00525593 0.00397143 0.00388399 0.00367096 0.00370621 0.00372822 0 0.0205943 
0.00928079 0.00855329 0.00966637 0.00910039 0.00834636 0.00910336 0.00884922 0.0096061 0.0122917 0.0105957 0.00823689 0.00995761 0.00924568 0.00832801 0.0105099 0.0107034 0.00865335 0.00829845 0.0084063 0.00862793 0.0100734 0.0126336 0.00935439 0.00886024 0.00902208 0.00901269 0.00924265 0.0119991 0.0141261 0.00957713 0.00885068 0.00976643 0.0147943 0.0202191 0.0168669 0.143312 0.0161625 0.0117459 0.00894227 0.0110263 0.0119022 0.00894705 0.00601267 0.00456361 0.00405799 0.00420449 0.004476 0.0205943 0 
