1QMYA
MELTLYNGEKKTFYSRPNNHDNAWLNAILQLFRYVEEPFFDWVYSSPENLTLEAIKQLEDLTGLELHEGGPPALVIWNIKHLLHTGIGTASRPSEVCVVDGTDMSLADFHAGIFLKGQEHAVFACVTSNGWYAIDDEDFYPWTPDPSDVLVFVPYD
CEEECCCCCEEECCCCCCCCCCHHHHHHHHHHHHHCCCCCHHHHCCCCCCHHHHHHHHHHHHCCCCCCCCCHHHHHHHHHHHCCCCEEECCCCCCEEECCCCCCCHHHEEEEEEEECCCEEEEEECCCCCCEEEECCEEEECCCCHHHEEEEEECC
0 0 0 0 0 0 0 0 0 0 0 0 0 0 0 0 0 0 0 0 0 0 0 0 0 0 0 0 0 0 0 0 0 0 0 0 0 0 0 0 0 0 0 0 0 0 0 0 0 0 0 0 0 0 0 0 0 0 0 0 0 0 0 0 0 0 0 0 0 0 0 0 0 0 0 0 0 0 0 0 0 0 0 0 0 0 0 0 0 0 0 0 0 0 0 0 0 0 0 0 0 0 0 0 0 0 0 0 0 0 0 0 0 0 0 0 0 0 0 0 0 0 0 0 0 0 0 0 0 0 0 0 0 0 0 0 0 0 0 0 0 0 0 0 0 0 0 0 0 0 0 0 0 0 0 0 
0 0 0 0 0 0 0 0 0 0 0 0 0 0 0 0 0 0 0 0 0 0 0 0 0 0 0 0 0 0 0 0 0 0 0 0 0 0 0 0 0 0 0 0 0 0 0 0 0 0 0 0 0 0 0 0 0 0 0 0 0 0 0 0 0 0 0 0 0 0 0 0 0 0 0 0 0 0 0 0 0 0 0 0 0 0 0 0 0 0 0 0 0 0 0 0 0 0 0 0 0 0 0 0 0 0 0 0 0 0 0 0 0 0 0 0 0 0 0 0 0 0 0 0 0 0 0 0 0 0 0 0 0 0 0 0 0 0 0 0 0 0 0 0 0 0 0 0 0 0 0 0 0 0 0 0 
0 0.00383976 0.00462544 0.0192693 0.0247587 0.97231 0.0098388 0.008743 0.0162434 0.00906856 0.00896362 0.0118723 0.0087309 0.0192637 0.0089631 0.0116621 0.00916462 0.0105165 0.00869315 0.0126497 0.0115179 0.00864578 0.0102236 0.0100853 0.0104313 0.010493 0.00983743 0.00879573 0.00942744 0.00948767 0.00918315 0.00814338 0.0088944 0.00957147 0.00838632 0.0112702 0.00988774 0.00908809 0.0083434 0.00836759 
0.00383976 0 0.00385465 0.00927671 0.959312 0.0070847 0.01078 0.0129447 0.00884421 0.0105995 0.0108771 0.00993296 0.0131891 0.00822342 0.0105257 0.00900516 0.00991066 0.00842363 0.0117059 0.00832426 0.00836277 0.00983089 0.00866481 0.0092776 0.00930774 0.00892239 0.00832318 0.00901819 0.0091901 0.0083559 0.00805491 0.00889046 0.00859623 0.00824478 0.0102699 0.00916573 0.00904501 0.00876116 0.00854837 0.00831983 
0.00462544 0.00385465 0 0.994881 0.00578658 0.0405431 0.0111884 0.00880505 0.0143617 0.0114444 0.00889182 0.00900319 0.00944589 0.00947104 0.00856311 0.00884033 0.00843325 0.00878812 0.00824602 0.00884259 0.00947632 0.0085234 0.00863382 0.00861036 0.00863083 0.00932532 0.0102883 0.00840412 0.00829602 0.00854924 0.00944608 0.00832252 0.00809368 0.00892818 0.0096383 0.00894253 0.00896585 0.00867716 0.00825433 0.00819905 
0.0192693 0.00927671 0.994881 0 0.00494439 0.00553284 0.0115085 0.00868016 0.0149025 0.00846019 0.0104192 0.0112728 0.00841537 0.00828682 0.00824345 0.0083666 0.00834333 0.0085154 0.00857601 0.00982187 0.00834009 0.00817464 0.00854863 0.00843174 0.00850739 0.00941313 0.00852831 0.00820432 0.00854198 0.00957447 0.00816755 0.00800753 0.00815594 0.00872881 0.00820046 0.00829274 0.00854571 0.00849213 0.00818579 0.00865489 
0.0247587 0.959312 0.00578658 0.00494439 0 0.00376896 0.0107926 0.0353476 0.00921495 0.00895415 0.00949276 0.00877243 0.00902666 0.00873197 0.00918295 0.0089155 0.00881448 0.00852468 0.00971976 0.00826362 0.00818108 0.00907578 0.0084652 0.00879738 0.00954813 0.00864047 0.00844631 0.00871853 0.00880472 0.008257 0.00808574 0.00834272 0.00837544 0.00819989 0.00854812 0.00895685 0.00874633 0.00865195 0.00845014 0.00814721 
0.97231 0.0070847 0.0405431 0.00553284 0.00376896 0 0.0275631 0.0119048 0.0333444 0.0122948 0.00914181 0.0107954 0.0102957 0.00911296 0.00927392 0.00976028 0.00924149 0.00935678 0.00853081 0.00913162 0.00983971 0.00861295 0.00898426 0.00924639 0.00896689 0.00920116 0.0109805 0.00843332 0.00841764 0.00881079 0.00899587 0.00823093 0.00833616 0.00856398 0.0112919 0.00909519 0.00952569 0.00888131 0.00838079 0.0082301 
0.0098388 0.01078 0.0111884 0.0115085 0.0107926 0.0275631 0 0.00516954 0.00415064 0.0549158 0.0108403 0.213916 0.0105312 0.0109182 0.0141305 0.0119336 0.0126282 0.0111126 0.013185 0.0167972 0.0121375 0.0117606 0.0138071 0.0129034 0.0140502 0.0216091 0.0134669 0.0120481 0.0135152 0.0166577 0.00962346 0.00944121 0.0092761 0.0143219 0.0119138 0.0109734 0.0134801 0.0126504 0.0098672 0.0149899 
0.008743 0.0129447 0.00880505 0.00868016 0.0353476 0.0119048 0.00516954 0 0.00391191 0.0112542 0.609856 0.0185963 0.0106086 0.015406 0.0201862 0.0152667 0.0159516 0.0129287 0.0215972 0.0102858 0.00970721 0.0172292 0.013611 0.0150634 0.0398346 0.0142435 0.0101464 0.0203817 0.0266357 0.0123795 0.00905864 0.0102289 0.014823 0.00928009 0.0105076 0.0141952 0.0154211 0.0127649 0.0154669 0.00963408 
0.0162434 0.00884421 0.0143617 0.0149025 0.00921495 0.0333444 0.00415064 0.00391191 0 0.0924975 0.0200633 0.0901242 0.0121131 0.0192763 0.0111184 0.0247634 0.0138013 0.0157691 0.0118102 0.0181417 0.0200234 0.0108959 0.014455 0.0131332 0.0193955 0.0414888 0.0248457 0.010492 0.0143095 0.0296543 0.015791 0.0105953 0.00919406 0.0144368 0.0209113 0.0118536 0.0136193 0.0130334 0.010006 0.0112649 
0.00906856 0.0105995 0.0114444 0.00846019 0.00895415 0.0122948 0.0549158 0.0112542 0.0924975 0 0.00373885 0.00393646 0.00902251 0.00775085 0.0154746 0.0173343 0.0145593 0.0108409 0.0120744 0.0171532 0.0124481 0.0133019 0.0117338 0.0129847 0.0128245 0.0257404 0.015382 0.0129922 0.0142975 0.0183163 0.0103449 0.0104088 0.00942259 0.0179161 0.0174614 0.0120424 0.0153505 0.0148476 0.0100368 0.0191991 
0.00896362 0.0108771 0.00889182 0.0104192 0.00949276 0.00914181 0.0108403 0.609856 0.0200633 0.00373885 0 0.00379934 0.00661268 0.0151632 0.00975312 0.0129303 0.0104012 0.0112886 0.0183426 0.0105011 0.0101006 0.0170044 0.014443 0.0144786 0.0338632 0.0122104 0.0122968 0.0275729 0.0164774 0.0116877 0.0103948 0.0104083 0.0175703 0.0098273 0.0124226 0.0222657 0.0172809 0.0140816 0.0164589 0.00907997 
0.0118723 0.00993296 0.00900319 0.0112728 0.00877243 0.0107954 0.213916 0.0185963 0.0901242 0.00393646 0.00379934 0 0.0196859 0.0100498 0.0100387 0.0108351 0.0119848 0.0119516 0.0143738 0.0147424 0.0148535 0.0125223 0.0130875 0.0143739 0.0177094 0.0258557 0.0227253 0.0111529 0.0153661 0.01655 0.0139399 0.0114496 0.0091242 0.0109579 0.0281202 0.0143464 0.0160213 0.0155984 0.00988833 0.0101533 
0.0087309 0.0131891 0.00944589 0.00841537 0.00902666 0.0102957 0.0105312 0.0106086 0.0121131 0.00902251 0.00661268 0.0196859 0 0.00368889 0.00370388 0.0037054 0.00372008 0.00372537 0.00385939 0.00401343 0.00534283 0.0055166 0.00556412 0.00859966 0.00754956 0.0248732 0.012217 0.0181922 0.0132002 0.0136838 0.00915553 0.0104143 0.00908061 0.0171945 0.0158877 0.0132345 0.0147399 0.0142857 0.0109725 0.0272336 
0.0192637 0.00822342 0.00947104 0.00828682 0.00873197 0.00911296 0.0109182 0.015406 0.0192763 0.00775085 0.0151632 0.0100498 0.00368889 0 0.00368766 0.00370005 0.00370496 0.00385547 0.00377955 0.00406293 0.00504932 0.00578024 0.00810201 0.00710013 0.0117685 0.0170602 0.0299905 0.0160009 0.0124742 0.012562 0.00940124 0.00964089 0.0109367 0.0130712 0.0110453 0.0225533 0.0195508 0.024087 0.0169909 0.0107195 
0.0089631 0.0105257 0.00856311 0.00824345 0.00918295 0.00927392 0.0141305 0.0201862 0.0111184 0.0154746 0.00975312 0.0100387 0.00370388 0.00368766 0 0.0036975 0.00375335 0.00371315 0.00376326 0.00376881 0.00543461 0.00839391 0.00952037 0.0141314 0.0172259 0.812208 0.0111745 0.0152503 0.022588 0.0122724 0.0103074 0.0131522 0.0231105 0.00975897 0.0191102 0.0223073 0.0853345 0.0548894 0.0243193 0.011264 
0.0116621 0.00900516 0.00884033 0.0083666 0.0089155 0.00976028 0.0119336 0.0152667 0.0247634 0.0173343 0.0129303 0.0108351 0.0037054 0.00370005 0.0036975 0 0.00370091 0.00377588 0.0037427 0.00432126 0.00486504 0.00889595 0.0165539 0.0177017 0.933044 0.0193588 0.0146339 0.0266096 0.021811 0.0154729 0.0115674 0.0147469 0.012193 0.0122097 0.0137196 0.0584521 0.0679733 0.150265 0.0219567 0.00986346 
0.00916462 0.00991066 0.00843325 0.00834333 0.00881448 0.00924149 0.0126282 0.0159516 0.0138013 0.0145593 0.0104012 0.0119848 0.00372008 0.00370496 0.00375335 0.00370091 0 0.00377107 0.00371581 0.00372455 0.00463527 0.0142077 0.0175708 0.947053 0.0233802 0.0123296 0.0118699 0.019301 0.0287287 0.0179291 0.0106391 0.0134766 0.0111732 0.0102063 0.0191232 0.035371 0.276504 0.0741097 0.0322941 0.0101838 
0.0105165 0.00842363 0.00878812 0.0085154 0.00852468 0.00935678 0.0111126 0.0129287 0.0157691 0.0108409 0.0112886 0.0119516 0.00372537 0.00385547 0.00371315 0.00377588 0.00377107 0 0.00370699 0.00372703 0.00960429 0.00707829 0.967485 0.0242494 0.0115528 0.00844916 0.0116714 0.0146988 0.0171823 0.0132224 0.0104505 0.00941871 0.0108196 0.0107945 0.0196516 0.0334417 0.063563 0.086455 0.0127136 0.0103124 
0.00869315 0.0117059 0.00824602 0.00857601 0.00971976 0.00853081 0.013185 0.0215972 0.0118102 0.0120744 0.0183426 0.0143738 0.00385939 0.00377955 0.00376326 0.0037427 0.00371581 0.00370699 0 0.00376605 0.00450502 0.930521 0.0131971 0.00662334 0.00825561 0.0087044 0.0106273 0.0176772 0.0187476 0.0108292 0.00930454 0.0114953 0.0113475 0.00943284 0.0172412 0.0155323 0.0255236 0.0164996 0.022623 0.00934309 
0.0126497 0.00832426 0.00884259 0.00982187 0.00826362 0.00913162 0.0167972 0.0102858 0.0181417 0.0171532 0.0105011 0.0147424 0.00401343 0.00406293 0.00376881 0.00432126 0.00372455 0.00372703 0.00376605 0 0.965305 0.00559133 0.00442192 0.0044431 0.00580435 0.00645457 0.020595 0.0086985 0.00944337 0.0102636 0.0138575 0.00962417 0.00848637 0.0113832 0.0175396 0.01073 0.0105527 0.0100158 0.00897152 0.00975619 
0.0115179 0.00836277 0.00947632 0.00834009 0.00818108 0.00983971 0.0121375 0.00970721 0.0200234 0.0124481 0.0101006 0.0148535 0.00534283 0.00504932 0.00543461 0.00486504 0.00463527 0.00960429 0.00450502 0.965305 0 0.00371175 0.00369714 0.00370438 0.00376647 0.00431283 0.0101707 0.00909535 0.00913473 0.0175196 0.00933734 0.0114403 0.00958093 0.0149587 0.0166832 0.0121483 0.0135639 0.0130631 0.00973855 0.0229202 
0.00864578 0.00983089 0.0085234 0.00817464 0.00907578 0.00861295 0.0117606 0.0172292 0.0108959 0.0133019 0.0170044 0.0125223 0.0055166 0.00578024 0.00839391 0.00889595 0.0142077 0.00707829 0.930521 0.00559133 0.00371175 0 0.00370168 0.00369429 0.00377904 0.00375386 0.0101754 0.0129978 0.0162732 0.019632 0.0173653 0.0111905 0.0144955 0.0107773 0.0164576 0.0436943 0.0340781 0.0302201 0.0317436 0.0110632 
0.0102236 0.00866481 0.00863382 0.00854863 0.0084652 0.00898426 0.0138071 0.013611 0.014455 0.0117338 0.014443 0.0130875 0.00556412 0.00810201 0.00952037 0.0165539 0.0175708 0.967485 0.0131971 0.00442192 0.00369714 0.00370168 0 0.00371904 0.00372823 0.00374409 0.00963052 0.0134994 0.022715 0.268932 0.00909892 0.0122448 0.0117069 0.0112838 0.0129903 0.0311274 0.091013 0.139384 0.0263072 0.00985178 
0.0100853 0.0092776 0.00861036 0.00843174 0.00879738 0.00924639 0.0129034 0.0150634 0.0131332 0.0129847 0.0144786 0.0143739 0.00859966 0.00710013 0.0141314 0.0177017 0.947053 0.0242494 0.00662334 0.0044431 0.00370438 0.00369429 0.00371904 0 0.00374322 0.00371624 0.0114347 0.0205399 0.73028 0.0110592 0.0108268 0.0110284 0.0113569 0.00898703 0.0150002 0.0298016 0.158231 0.0820284 0.0223163 0.0104043 
0.0104313 0.00930774 0.00863083 0.00850739 0.00954813 0.00896689 0.0140502 0.0398346 0.0193955 0.0128245 0.0338632 0.0177094 0.00754956 0.0117685 0.0172259 0.933044 0.0233802 0.0115528 0.00825561 0.00580435 0.00376647 0.00377904 0.00372823 0.00374322 0 0.00410948 0.0185497 0.862225 0.0285247 0.0163468 0.0081304 0.0117117 0.0117657 0.00914073 0.0134942 0.0938865 0.0462568 0.0496515 0.0354919 0.0107284 
0.010493 0.00892239 0.00932532 0.00941313 0.00864047 0.00920116 0.0216091 0.0142435 0.0414888 0.0257404 0.0122104 0.0258557 0.0248732 0.0170602 0.812208 0.0193588 0.0123296 0.00844916 0.0087044 0.00645457 0.00431283 0.00375386 0.00374409 0.00371624 0.00410948 0 0.89454 0.00893266 0.0155738 0.0130957 0.01106 0.00815706 0.00847968 0.00965932 0.0683216 0.0147407 0.0211237 0.0193043 0.0141907 0.0139917 
0.00983743 0.00832318 0.0102883 0.00852831 0.00844631 0.0109805 0.0134669 0.0101464 0.0248457 0.015382 0.0122968 0.0227253 0.012217 0.0299905 0.0111745 0.0146339 0.0118699 0.0116714 0.0106273 0.020595 0.0101707 0.0101754 0.00963052 0.0114347 0.0185497 0.89454 0 0.00377958 0.00379242 0.00489195 0.00425759 0.00473462 0.00665259 0.933695 0.0106679 0.0099667 0.0140772 0.0138864 0.0126201 0.0358594 
0.00879573 0.00901819 0.00840412 0.00820432 0.00871853 0.00843332 0.0120481 0.0203817 0.010492 0.0129922 0.0275729 0.0111529 0.0181922 0.0160009 0.0152503 0.0266096 0.019301 0.0146988 0.0176772 0.0086985 0.00909535 0.0129978 0.0134994 0.0205399 0.862225 0.00893266 0.00377958 0 0.00377071 0.00369597 0.00402683 0.00633033 0.957869 0.00713163 0.00863306 0.0189017 0.0183555 0.0252154 0.0304511 0.0097229 
0.00942744 0.0091901 0.00829602 0.00854198 0.00880472 0.00841764 0.0135152 0.0266357 0.0143095 0.0142975 0.0164774 0.0153661 0.0132002 0.0124742 0.022588 0.021811 0.0287287 0.0171823 0.0187476 0.00944337 0.00913473 0.0162732 0.022715 0.73028 0.0285247 0.0155738 0.00379242 0.00377071 0 0.00401092 0.00570555 0.966852 0.0121681 0.0100447 0.00935962 0.0220839 0.0258707 0.0274897 0.0246107 0.00951274 
0.00948767 0.0083559 0.00854924 0.00957447 0.008257 0.00881079 0.0166577 0.0123795 0.0296543 0.0183163 0.0116877 0.01655 0.0136838 0.012562 0.0122724 0.0154729 0.0179291 0.0132224 0.0108292 0.0102636 0.0175196 0.019632 0.268932 0.0110592 0.0163468 0.0130957 0.00489195 0.00369597 0.00401092 0 0.990821 0.00388909 0.00568068 0.00429391 0.00962921 0.0107695 0.0130793 0.0157662 0.0109647 0.0124745 
0.00918315 0.00805491 0.00944608 0.00816755 0.00808574 0.00899587 0.00962346 0.00905864 0.015791 0.0103449 0.0103948 0.0139399 0.00915553 0.00940124 0.0103074 0.0115674 0.0106391 0.0104505 0.00930454 0.0138575 0.00933734 0.0173653 0.00909892 0.0108268 0.0081304 0.01106 0.00425759 0.00402683 0.00570555 0.990821 0 0.0037033 0.00375831 0.00464372 0.00533397 0.00635941 0.00747174 0.0126559 0.0143651 0.0158373 
0.00814338 0.00889046 0.00832252 0.00800753 0.00834272 0.00823093 0.00944121 0.0102289 0.0105953 0.0104088 0.0104083 0.0114496 0.0104143 0.00964089 0.0131522 0.0147469 0.0134766 0.00941871 0.0114953 0.00962417 0.0114403 0.0111905 0.0122448 0.0110284 0.0117117 0.00815706 0.00473462 0.00633033 0.966852 0.00388909 0.0037033 0 0.00408097 0.00370146 0.00484406 0.00617635 0.0131739 0.0117087 0.0110009 0.00849057 
0.0088944 0.00859623 0.00809368 0.00815594 0.00837544 0.00833616 0.0092761 0.014823 0.00919406 0.00942259 0.0175703 0.0091242 0.00908061 0.0109367 0.0231105 0.012193 0.0111732 0.0108196 0.0113475 0.00848637 0.00958093 0.0144955 0.0117069 0.0113569 0.0117657 0.00847968 0.00665259 0.957869 0.0121681 0.00568068 0.00375831 0.00408097 0 0.00374747 0.00412342 0.00835694 0.0123231 0.0136675 0.0106781 0.00665574 
0.00957147 0.00824478 0.00892818 0.00872881 0.00819989 0.00856398 0.0143219 0.00928009 0.0144368 0.0179161 0.0098273 0.0109579 0.0171945 0.0130712 0.00975897 0.0122097 0.0102063 0.0107945 0.00943284 0.0113832 0.0149587 0.0107773 0.0112838 0.00898703 0.00914073 0.00965932 0.933695 0.00713163 0.0100447 0.00429391 0.00464372 0.00370146 0.00374747 0 0.0082712 0.00661555 0.00815047 0.00784645 0.00779143 0.00643893 
0.00838632 0.0102699 0.0096383 0.00820046 0.00854812 0.0112919 0.0119138 0.0105076 0.0209113 0.0174614 0.0124226 0.0281202 0.0158877 0.0110453 0.0191102 0.0137196 0.0191232 0.0196516 0.0172412 0.0175396 0.0166832 0.0164576 0.0129903 0.0150002 0.0134942 0.0683216 0.0106679 0.00863306 0.00935962 0.00962921 0.00533397 0.00484406 0.00412342 0.0082712 0 0.00370875 0.00371976 0.00374643 0.00372581 0.00541833 
0.0112702 0.00916573 0.00894253 0.00829274 0.00895685 0.00909519 0.0109734 0.0141952 0.0118536 0.0120424 0.0222657 0.0143464 0.0132345 0.0225533 0.0223073 0.0584521 0.035371 0.0334417 0.0155323 0.01073 0.0121483 0.0436943 0.0311274 0.0298016 0.0938865 0.0147407 0.0099667 0.0189017 0.0220839 0.0107695 0.00635941 0.00617635 0.00835694 0.00661555 0.00370875 0 0.00371172 0.00372405 0.00390203 0.00377855 
0.00988774 0.00904501 0.00896585 0.00854571 0.00874633 0.00952569 0.0134801 0.0154211 0.0136193 0.0153505 0.0172809 0.0160213 0.0147399 0.0195508 0.0853345 0.0679733 0.276504 0.063563 0.0255236 0.0105527 0.0135639 0.0340781 0.091013 0.158231 0.0462568 0.0211237 0.0140772 0.0183555 0.0258707 0.0130793 0.00747174 0.0131739 0.0123231 0.00815047 0.00371976 0.00371172 0 0.00376464 0.00372695 0.00386873 
0.00908809 0.00876116 0.00867716 0.00849213 0.00865195 0.00888131 0.0126504 0.0127649 0.0130334 0.0148476 0.0140816 0.0155984 0.0142857 0.024087 0.0548894 0.150265 0.0741097 0.086455 0.0164996 0.0100158 0.0130631 0.0302201 0.139384 0.0820284 0.0496515 0.0193043 0.0138864 0.0252154 0.0274897 0.0157662 0.0126559 0.0117087 0.0136675 0.00784645 0.00374643 0.00372405 0.00376464 0 0.00371047 0.00375966 
0.0083434 0.00854837 0.00825433 0.00818579 0.00845014 0.00838079 0.0098672 0.0154669 0.010006 0.0100368 0.0164589 0.00988833 0.0109725 0.0169909 0.0243193 0.0219567 0.0322941 0.0127136 0.022623 0.00897152 0.00973855 0.0317436 0.0263072 0.0223163 0.0354919 0.0141907 0.0126201 0.0304511 0.0246107 0.0109647 0.0143651 0.0110009 0.0106781 0.00779143 0.00372581 0.00390203 0.00372695 0.00371047 0 0.00368628 
0.00836759 0.00831983 0.00819905 0.00865489 0.00814721 0.0082301 0.0149899 0.00963408 0.0112649 0.0191991 0.00907997 0.0101533 0.0272336 0.0107195 0.011264 0.00986346 0.0101838 0.0103124 0.00934309 0.00975619 0.0229202 0.0110632 0.00985178 0.0104043 0.0107284 0.0139917 0.0358594 0.0097229 0.00951274 0.0124745 0.0158373 0.00849057 0.00665574 0.00643893 0.00541833 0.00377855 0.00386873 0.00375966 0.00368628 0 
