1QPBB
SEITLGKYLFERLKQVNVNTVFGLPGDFNLSLLDKIYEVEGMRWAGNANELNAAYAADGYARIKGMSCIITTFGVGELSALNGIAGSYAEHVGVLHVVGVPSISAQAKQLLLHHTLGNGDFTVFHRMSANISETTAMITDIATAPAEIDRCIRTTYVTQRPVYLGLPANLVDLNVPAKLLQTPIDMSLKPNDAESEKEVIDTILVLIKDAKNPVILADACCSRHDVKAETKKLIDLTQFPAFVTPMGKGSIDEQHPRYGGVYVGTLSKPEVKEAVESADLILSVGALLSDFNTGSFSYSYKTKNIVEFHSDHMKIRNATFPGVQMKFVLQKLLTAIADAAKGYKPVAVPARTPANAAVPASTPLKQEWMWNQLGNFLQEGDVVIAETGTSAFGINQTTFPNNTYGISQVLWGSIGFTTGATLGAAFAAEEIDPKKRVILFIGDGSLQLTVQEISTMIRWGLKPYLFVLNNDGYTIEKLIHGPKAQYNEIQGWDHLSLLPTFGAKDYETHRVATTGEWDKLTQDKSFNDNSKIRMIEVMLPVFDAPQNLVEQAKLT
CEEEHHHHHHHHHHHCCCCEEEECCCCCCHHHHHHHCCCCCCEECCCCCHHHHHHHHHHHHHHHCCEEEEEECCCCHHHHHHHHHHHHHCCCCEEEEEEECCCCCCCCCCCCCCCCCCCCCCHHHHHHHCCCCEEEECCCCCCHHHHHHHHHHHHHHHCCCEEEEEEHHHHCCEEEHHHHHCCCCCCCCCCCHHHHHHHHHHHHHHHHHCCCEEEEECHHHCCCCCHHHHHHHHHHHCCCEEECCCCCCCCCCCCCCEEEECCHHHCCHHHHHHHHHCCEEEEECCCCCCCCCCCCCCCCCCCCEEEECCCEEEECCEEEECCCHHHHHHHHHHHHHHHHCCCCCCCCCCCCCCCCCCCCCCECCHHHHHHHHHHCCCCCCEEEECCCHHHHHHHHCCCCCCCEEECCCCCCCCCHHHHHHHHHHHHHHHHCCCCCEEEEEEHHHHHHHHHHHHHHHHCCCCCEEEEEECCCCHHHHHHCCCCCHHHCCCCCCCCCHHHHCCCCCEEEEEECEHHHHHHHHHCCCCCCCCCEEEEEEECCCCCCCHHHHHHHHHC
0 0 0 0 0 0 0 0 0 0 0 0 0 0 0 0 0 0 0 0 0 0 0 0 0 0 0 0 0 0 0 0 0 0 0 0 0 0 0 0 0 0 0 0 0 0 0 0 0 0 0 0 0 0 0 0 0 0 0 0 0 0 0 0 0 0 0 0 0 0 0 0 0 0 0 0 0 0 0 0 0 0 0 0 0 0 0 0 0 0 0 0 0 0 0 0 0 0 0 0 0 0 0 0 0 0 0 0 0 0 0 0 0 0 0 0 0 0 0 0 0 0 0 0 0 0 0 0 0 0 0 0 0 0 0 0 0 0 0 0 0 0 0 0 0 0 0 0 0 0 0 0 0 0 0 0 0 0 0 0 0 0 0 0 0 0 0 0 0 0 0 0 0 0 0 0 0 0 0 0 0 0 0 0 0 0 0 0 0 0 0 0 0 0 0 0 0 0 0 0 0 0 0 0 0 0 0 0 0 0 0 0 0 0 0 0 0 0 0 0 0 0 0 0 0 0 0 0 0 0 0 0 0 0 0 0 0 0 0 0 0 0 0 0 0 0 0 0 0 0 0 0 0 0 0 0 0 0 0 0 0 0 0 0 0 0 0 0 0 0 0 0 0 0 0 0 0 0 0 0 0 0 0 0 0 0 0 0 0 0 0 0 0 0 0 0 0 0 0 0 0 0 0 0 0 0 0 0 0 0 0 0 0 0 0 0 0 0 0 0 0 0 0 0 0 0 0 0 0 0 0 0 0 0 0 0 0 0 0 0 0 0 0 0 0 0 0 0 0 0 0 0 0 0 0 0 0 0 0 0 0 0 0 0 0 0 0 0 0 0 0 0 0 0 0 0 0 0 0 0 0 0 0 0 0 0 0 0 0 0 0 0 0 0 0 0 0 0 0 0 0 0 0 0 0 0 0 0 0 0 0 0 0 0 0 0 0 0 0 0 0 0 0 0 0 0 0 0 0 0 0 0 0 0 0 0 0 0 0 0 0 0 0 0 0 0 0 0 0 0 0 0 0 0 0 0 0 0 0 0 0 0 0 0 0 0 0 0 0 0 0 0 0 0 0 0 0 0 0 0 0 0 0 0 0 0 0 0 0 0 0 0 0 0 0 0 0 0 0 0 0 0 0 0 0 0 0 0 0 0 0 0 0 0 0 0 0 0 0 0 0 0 0 0 0 0 0 0 0 0 0 0 0 0 0 0 0 0 0 0 0 0 0 0 0 0 0 0 0 0 0 0 0 0 0 
0 0 0 0 0 0 0 0 0 0 0 0 0 0 0 0 0 0 0 0 0 0 0 0 0 0 0 0 0 0 0 0 0 0 0 0 0 0 0 0 0 0 0 0 0 0 0 0 0 0 0 0 0 0 0 0 0 0 0 0 0 0 0 0 0 0 0 0 0 0 0 0 0 0 0 0 0 0 0 0 0 0 0 0 0 0 0 0 0 0 0 0 0 0 0 0 0 0 0 0 0 0 0 0 0 0 0 0 0 0 0 0 0 0 0 0 0 0 0 0 0 0 0 0 0 0 0 0 0 0 0 0 0 0 0 0 0 0 0 0 0 0 0 0 0 0 0 0 0 0 0 0 0 0 0 0 0 0 0 0 0 0 0 0 0 0 0 0 0 0 0 0 0 0 0 0 0 0 0 0 0 0 0 0 0 0 0 0 0 0 0 0 0 0 0 0 0 0 0 0 0 0 0 0 0 0 0 0 0 0 0 0 0 0 0 0 0 0 0 0 0 0 0 0 0 0 0 0 0 0 0 0 0 0 0 0 0 0 0 0 0 0 0 0 0 0 0 0 0 0 0 0 0 0 0 0 0 0 0 0 0 0 0 0 0 0 0 0 0 0 0 0 0 0 0 0 0 0 0 0 0 0 0 0 0 0 0 0 0 0 0 0 0 0 0 0 0 0 0 0 0 0 0 0 0 0 0 0 0 0 0 0 0 0 0 0 0 0 0 0 0 0 0 0 0 0 0 0 0 0 0 0 0 0 0 0 0 0 0 0 0 0 0 0 0 0 0 0 0 0 0 0 0 0 0 0 0 0 0 0 0 0 0 0 0 0 0 0 0 0 0 0 0 0 0 0 0 0 0 0 0 0 0 0 0 0 0 0 0 0 0 0 0 0 0 0 0 0 0 0 0 0 0 0 0 0 0 0 0 0 0 0 0 0 0 0 0 0 0 0 0 0 0 0 0 0 0 0 0 0 0 0 0 0 0 0 0 0 0 0 0 0 0 0 0 0 0 0 0 0 0 0 0 0 0 0 0 0 0 0 0 0 0 0 0 0 0 0 0 0 0 0 0 0 0 0 0 0 0 0 0 0 0 0 0 0 0 0 0 0 0 0 0 0 0 0 0 0 0 0 0 0 0 0 0 0 0 0 0 0 0 0 0 0 0 0 0 0 0 0 0 0 0 0 0 0 0 0 0 0 0 0 0 0 0 0 0 0 0 0 0 0 0 0 0 0 0 0 0 0 0 0 0 0 0 
0 0.00390808 0.00401858 0.0712773 0.0251157 0.0207929 0.0441844 0.0157129 0.0117069 0.0194246 0.0108408 0.0176822 0.0109127 0.0105892 0.0157907 0.0101005 0.0106778 0.0116581 0.00945375 0.00935666 0.00942429 0.0108892 0.00830591 0.00831796 0.00808342 0.00952995 0.0085159 0.00857088 0.00884003 0.00866266 0.00830984 0.00857794 0.00884407 0.0080222 0.00882862 0.0083352 0.00841951 0.00842039 0.00852491 0.00875918 0.00834128 0.00851528 0.00866324 0.00836297 0.00837159 0.00832501 0.00847978 0.00859384 0.00852127 0.00854148 0.00858535 0.00878417 0.00864648 0.00851877 0.00871696 0.00898395 0.00896255 0.00851228 0.00919597 0.00914048 0.00872825 0.00893285 0.00844854 0.00880701 0.0119717 0.0107723 0.0103294 0.0106871 0.0120097 0.0108998 0.0115386 0.0129739 0.0227685 0.0185124 0.0203818 0.0203119 0.0191107 0.0178717 0.0328759 0.030421 0.0367233 0.0338607 0.0352908 0.037523 0.0790494 0.0669289 0.0757765 0.0729296 0.089525 0.093881 0.0956784 0.13258 0.158189 0.229088 0.228875 0.228308 0.199712 0.18326 
0.00390808 0 0.00369945 0.0354837 0.0569947 0.0666919 0.0150598 0.0152391 0.0179556 0.010276 0.0273852 0.0102057 0.0134498 0.0256374 0.010055 0.0113686 0.0121752 0.010477 0.0136909 0.00962061 0.0127971 0.00868912 0.0085952 0.00813856 0.00891002 0.00818735 0.0085172 0.00861309 0.00912648 0.0086007 0.00843177 0.00814433 0.00799238 0.00836125 0.00812051 0.00819059 0.00840882 0.00841295 0.00853618 0.00840535 0.00827643 0.0086264 0.00830559 0.00826971 0.0084841 0.00839701 0.00835938 0.00883071 0.00869319 0.00868096 0.00871196 0.0086555 0.00863542 0.00867677 0.00871142 0.00879745 0.00823442 0.00918442 0.00849814 0.00944621 0.0086001 0.00846686 0.00857833 0.00848549 0.00923388 0.00992141 0.0100201 0.00957179 0.0102729 0.00975619 0.0103439 0.0108895 0.016633 0.0143482 0.0155973 0.0165983 0.0137438 0.0126757 0.0241845 0.023091 0.0249289 0.0232637 0.023318 0.0263635 0.0547632 0.051536 0.0526053 0.0517025 0.0550314 0.0555958 0.0607229 0.079013 0.0938145 0.148751 0.14148 0.13815 0.121395 0.107111 
0.00401858 0.00369945 0 0.0164243 0.0161208 0.0279634 0.0467574 0.0228359 0.0140178 0.0243274 0.0109782 0.0126594 0.0121355 0.0146183 0.0202713 0.0184997 0.0109417 0.0115117 0.0104248 0.01057 0.00979465 0.0112291 0.008655 0.00831948 0.00811656 0.00937634 0.00958852 0.00869124 0.00855964 0.00873324 0.00822131 0.00817812 0.00907058 0.00807525 0.0085241 0.00832692 0.00838619 0.00844267 0.00854483 0.00834359 0.00850072 0.00852739 0.00815958 0.0085618 0.00836476 0.00824548 0.00857573 0.00867605 0.00869354 0.00853812 0.00857706 0.0085131 0.00869545 0.0085863 0.00863768 0.00841933 0.00869042 0.00839484 0.00875416 0.00842711 0.00863901 0.00870738 0.00831142 0.00835823 0.0120325 0.0113491 0.00967664 0.00938928 0.0101248 0.011884 0.0103233 0.0103061 0.0182628 0.013484 0.0136464 0.0129924 0.0134763 0.014641 0.0250094 0.0201433 0.0214824 0.0206996 0.0181068 0.0283091 0.0486406 0.0444115 0.0459152 0.0432704 0.0509623 0.0608379 0.0655586 0.0766929 0.0833913 0.132282 0.118511 0.119899 0.113591 0.0978572 
0.0712773 0.0354837 0.0164243 0 0.00386706 0.00371186 0.00417552 0.204112 0.0212443 0.0550434 0.017466 0.0237171 0.0166698 0.0137788 0.0218557 0.0187857 0.0169893 0.0177604 0.0154065 0.0120215 0.0122836 0.015208 0.00855891 0.00827046 0.00857912 0.0103179 0.00931088 0.00894335 0.00971231 0.00912762 0.00856448 0.00909015 0.00875915 0.00815487 0.00875054 0.00859122 0.00852966 0.00874159 0.00907039 0.00930266 0.0085112 0.0085068 0.00862602 0.00829885 0.00834634 0.00828726 0.00855827 0.00876838 0.00850892 0.00858972 0.00862903 0.00869016 0.00853906 0.00847763 0.00857783 0.00866359 0.008328 0.00842224 0.00849169 0.00871862 0.00841186 0.00842205 0.00838683 0.00848688 0.0100994 0.00920862 0.00934112 0.00947873 0.0101739 0.0092591 0.00959731 0.0101931 0.013971 0.0119537 0.0134716 0.0149051 0.0124586 0.0118506 0.0172928 0.0168624 0.0216873 0.0199682 0.0190976 0.0243403 0.0439828 0.0327114 0.0354106 0.0357489 0.0395414 0.0469972 0.0560914 0.0609131 0.0594762 0.102328 0.0939402 0.0907158 0.0906641 0.0812647 
0.0251157 0.0569947 0.0161208 0.00386706 0 0.00385552 0.00370249 0.0253906 0.0461125 0.0120208 0.108419 0.0394568 0.0534739 0.0349621 0.0121059 0.0135698 0.0269156 0.0462722 0.0283069 0.0228623 0.0179087 0.00924742 0.00818973 0.00838328 0.00917064 0.00838981 0.00871799 0.0100559 0.0116978 0.00980656 0.00877147 0.00831938 0.00804619 0.00832414 0.00821524 0.00826303 0.00887907 0.00927232 0.00895044 0.00850368 0.00838034 0.00864694 0.00848032 0.00828698 0.00850679 0.00834437 0.00840119 0.00843088 0.00867962 0.00893169 0.00876384 0.00856136 0.00836171 0.00861506 0.00879906 0.00843903 0.00824779 0.00858045 0.00843617 0.00853755 0.00830501 0.00840714 0.00839589 0.00831757 0.00854808 0.00902272 0.0101054 0.00967057 0.00904422 0.00859322 0.00978513 0.00944587 0.0114639 0.0123303 0.0145707 0.0143284 0.0119904 0.0101384 0.0140205 0.0170333 0.0205844 0.0197893 0.0169016 0.0177744 0.0320915 0.0259928 0.0288505 0.029214 0.0309445 0.0365473 0.0381524 0.0510636 0.0571664 0.136856 0.113899 0.113558 0.0983722 0.0730697 
0.0207929 0.0666919 0.0279634 0.00371186 0.00385552 0 0.00380661 0.0400265 0.0347157 0.0196555 0.0256669 0.082594 0.0429569 0.124102 0.0220133 0.0146606 0.0245771 0.0279417 0.038901 0.0276948 0.0282168 0.0105016 0.00859869 0.00872124 0.00903488 0.00873746 0.00931221 0.0123286 0.0125817 0.0110215 0.00885449 0.00825646 0.00836126 0.00832496 0.00818256 0.00847897 0.00892291 0.00902287 0.0091485 0.00838953 0.0083933 0.00896979 0.00833793 0.0083541 0.00854484 0.00857229 0.00840239 0.00861636 0.00896508 0.00895126 0.00886044 0.00856555 0.00846757 0.00876613 0.00897465 0.00848211 0.00832039 0.00843437 0.00846327 0.00849147 0.00827333 0.00837751 0.00839851 0.00830446 0.00869294 0.00960803 0.0102068 0.0100043 0.00912465 0.00925454 0.0103911 0.00962507 0.0138341 0.0126726 0.0141938 0.0140346 0.0114885 0.00999685 0.0179551 0.0187738 0.0208078 0.0201855 0.0157462 0.0167058 0.0371398 0.0312127 0.0305178 0.0310404 0.0322336 0.038245 0.0436729 0.0607659 0.0744143 0.139 0.13218 0.122852 0.109447 0.0753934 
0.0441844 0.0150598 0.0467574 0.00417552 0.00370249 0.00380661 0 0.0276169 0.0583156 0.0245946 0.0180163 0.0209548 0.0483506 0.0248672 0.0609328 0.023844 0.0127531 0.0155973 0.0154636 0.0125562 0.0142732 0.0156213 0.00978769 0.0083376 0.00872337 0.00944389 0.012217 0.00957145 0.00987578 0.00904905 0.00845184 0.00840904 0.00879126 0.00818294 0.00835615 0.00846796 0.00865286 0.00879381 0.00879075 0.00910546 0.00878721 0.00848847 0.00846221 0.0085942 0.00836494 0.00833593 0.00876326 0.00904547 0.00891367 0.00885296 0.00863079 0.00885454 0.00881336 0.00860232 0.00856862 0.00871495 0.0084439 0.00846462 0.00836018 0.00867118 0.00857776 0.00842741 0.00832574 0.00833781 0.00949127 0.010554 0.0095926 0.009263 0.00958467 0.0101977 0.00958932 0.00993232 0.0148788 0.0121589 0.0136236 0.0148465 0.0118718 0.0107603 0.019161 0.0176723 0.0198677 0.018502 0.0161128 0.0185955 0.0418962 0.0350912 0.0340338 0.0336045 0.0344761 0.0422759 0.0511778 0.0549923 0.0662823 0.0975167 0.0942161 0.0923483 0.0776921 0.0732922 
0.0157129 0.0152391 0.0228359 0.204112 0.0253906 0.0400265 0.0276169 0 0.00400957 0.0310485 0.0303614 0.0154929 0.0136352 0.0381188 0.0209673 0.0111907 0.0107712 0.0108209 0.00966724 0.009632 0.0107099 0.0128147 0.00835786 0.0083133 0.00823531 0.00976231 0.00856092 0.00885379 0.00857516 0.0085453 0.00821282 0.00881612 0.00884811 0.00806768 0.00879226 0.00809972 0.00828211 0.00831499 0.00836328 0.00853563 0.00811976 0.00822588 0.00822369 0.00799119 0.00813856 0.0080717 0.00819412 0.00822304 0.00831117 0.00842145 0.00841487 0.00834912 0.00830603 0.00832424 0.00839638 0.00835357 0.00817421 0.00828537 0.00832582 0.00833086 0.00822658 0.0083328 0.0082497 0.00825338 0.00900432 0.00873152 0.00884486 0.00880893 0.00902643 0.00872516 0.00898921 0.00905706 0.0104311 0.00991378 0.0105351 0.0106589 0.00961486 0.0101298 0.0114801 0.0112568 0.0135817 0.0127189 0.0120002 0.0139152 0.0269526 0.0208889 0.0215559 0.0209342 0.023957 0.0305688 0.038952 0.0351159 0.0264498 0.0323527 0.0353117 0.0293161 0.0350782 0.0443347 
0.0117069 0.0179556 0.0140178 0.0212443 0.0461125 0.0347157 0.0583156 0.00400957 0 0.0258107 0.016257 0.0149814 0.0155093 0.0477219 0.0354779 0.0180725 0.0125328 0.0106242 0.0111664 0.00979776 0.0148628 0.0105336 0.00871044 0.00814879 0.00875755 0.00874198 0.0107208 0.00915008 0.00935759 0.00882866 0.00829075 0.00825853 0.00829771 0.00818186 0.00811321 0.00832357 0.00852939 0.00849674 0.00852891 0.008472 0.00825521 0.00843623 0.00824794 0.00817646 0.00827337 0.00815413 0.00824885 0.00850697 0.00874178 0.00854353 0.008548 0.00837538 0.00847209 0.00853548 0.00855736 0.00840998 0.00832332 0.00839139 0.00828585 0.00839262 0.00839152 0.00831476 0.00832977 0.00830005 0.00860682 0.00913671 0.00921662 0.00894486 0.0087405 0.00903036 0.00907039 0.00908911 0.0108855 0.0104061 0.0107384 0.0106479 0.00950961 0.00932923 0.0117633 0.0115853 0.0131344 0.0121958 0.0111848 0.0113839 0.0259349 0.0218814 0.0211581 0.0206252 0.0205664 0.0278636 0.0327986 0.0351784 0.028439 0.0322602 0.0315517 0.0280865 0.0326293 0.0363608 
0.0194246 0.010276 0.0243274 0.0550434 0.0120208 0.0196555 0.0245946 0.0310485 0.0258107 0 0.00390696 0.00371215 0.00370361 0.00374219 0.00596423 0.39155 0.0213355 0.019319 0.0124082 0.0143623 0.0132418 0.0239491 0.00912699 0.00890787 0.00902209 0.0169493 0.0126987 0.0108448 0.0101734 0.0099772 0.00918681 0.013618 0.00965021 0.0082692 0.010164 0.00845324 0.00868136 0.00904465 0.00930737 0.0100129 0.00868785 0.00841745 0.00958931 0.00817627 0.00827413 0.00836023 0.00842729 0.0083556 0.00856029 0.00868878 0.0086488 0.00850795 0.00840321 0.00837551 0.00851629 0.00850584 0.00815356 0.00833788 0.00835806 0.0084445 0.00814206 0.00829737 0.00829091 0.00836317 0.0088338 0.00857655 0.00881402 0.00882859 0.00905364 0.00867535 0.00882188 0.00910909 0.00920569 0.00947845 0.0096359 0.00987465 0.00926976 0.00945875 0.0097102 0.00995022 0.0128789 0.0110185 0.0108484 0.0123387 0.0159052 0.0130523 0.0151651 0.0150119 0.0171638 0.0215195 0.0283563 0.0215071 0.0179653 0.0222659 0.0245194 0.020085 0.0261196 0.0309868 
0.0108408 0.0273852 0.0109782 0.017466 0.108419 0.0256669 0.0180163 0.0303614 0.016257 0.00390696 0 0.00373949 0.00370825 0.00375215 0.00378732 0.078064 0.557422 0.0300658 0.075675 0.0204042 0.0503091 0.010469 0.00963634 0.0101194 0.0157786 0.00948238 0.0141578 0.0189922 0.0254177 0.0141129 0.0127845 0.00880604 0.00834521 0.00893478 0.00867524 0.00856431 0.0105311 0.0113567 0.0102075 0.00914377 0.00872198 0.00896076 0.0087295 0.00828544 0.00864314 0.00865856 0.00855327 0.00853838 0.00878937 0.00914928 0.00883774 0.00861367 0.00844307 0.00863114 0.0088217 0.00847679 0.00825576 0.0085122 0.0083672 0.00836032 0.00829218 0.0083695 0.00833982 0.00828921 0.00830889 0.00857484 0.00938054 0.0091788 0.00877924 0.00845838 0.00910386 0.00880137 0.00920356 0.0101758 0.0106458 0.010884 0.00949534 0.0089706 0.00940156 0.010725 0.0121819 0.011936 0.0110303 0.00972905 0.0136073 0.0132418 0.0141388 0.0141601 0.015237 0.0199173 0.0158426 0.0191122 0.0190245 0.0268069 0.0244848 0.0205799 0.0257517 0.0215865 
0.0176822 0.0102057 0.0126594 0.0237171 0.0394568 0.082594 0.0209548 0.0154929 0.0149814 0.00371215 0.00373949 0 0.00377682 0.003936 0.00376928 0.0791163 0.0382767 0.56836 0.0449289 0.126345 0.0211039 0.0118474 0.00900367 0.0131841 0.00986254 0.011767 0.0115598 0.0379649 0.0300638 0.0639333 0.00975448 0.00878434 0.0090855 0.00840259 0.00867167 0.00869698 0.0116586 0.0157413 0.0114979 0.00934713 0.00884286 0.00917069 0.00880962 0.00839513 0.00900875 0.00910385 0.00850184 0.00870031 0.00925235 0.00935819 0.00905386 0.00863463 0.00840045 0.00870863 0.00933166 0.00850082 0.00819449 0.00849788 0.00848426 0.00839309 0.00822529 0.0083494 0.00837643 0.00828088 0.00833849 0.00868927 0.00970201 0.00945827 0.00862281 0.00847892 0.00919051 0.0087695 0.00945305 0.0104575 0.0113443 0.0112055 0.00961876 0.00890891 0.010739 0.0117627 0.0131118 0.0124175 0.0113565 0.0104307 0.0154961 0.0141562 0.0145079 0.0147396 0.0159434 0.019258 0.0189451 0.0213108 0.0216597 0.0322752 0.031614 0.0287014 0.0287973 0.025621 
0.0109127 0.0134498 0.0121355 0.0166698 0.0534739 0.0429569 0.0483506 0.0136352 0.0155093 0.00370361 0.00370825 0.00377682 0 0.00373003 0.00373092 0.0443197 0.137343 0.0838778 0.595004 0.0690735 0.0541859 0.012264 0.00940769 0.00987066 0.0150945 0.0101002 0.0129126 0.0238424 0.0854518 0.0287503 0.0119296 0.0089019 0.00889042 0.00852257 0.00858531 0.0087896 0.0103367 0.0157543 0.0124775 0.00978117 0.00892223 0.00932748 0.00934432 0.00840058 0.00893507 0.00890504 0.00837534 0.00881887 0.00899119 0.00954103 0.00911527 0.00877523 0.00851873 0.00873157 0.00907396 0.00869249 0.00823842 0.00851809 0.00841242 0.00844666 0.00831727 0.00840073 0.00840653 0.00824647 0.00832517 0.00881212 0.00986353 0.00941502 0.00863451 0.00842561 0.00923382 0.00867249 0.00960225 0.0106096 0.0115521 0.0112166 0.00969277 0.00885196 0.0104336 0.0129881 0.0136276 0.0132728 0.0116087 0.0103668 0.0163616 0.0146431 0.0148795 0.0154188 0.0156409 0.0201138 0.0169738 0.0222922 0.0252812 0.03864 0.0343008 0.0373024 0.0330306 0.0248794 
0.0105892 0.0256374 0.0146183 0.0137788 0.0349621 0.124102 0.0248672 0.0381188 0.0477219 0.00374219 0.00375215 0.003936 0.00373003 0 0.00393568 0.0365896 0.0590135 0.207179 0.0950632 0.388772 0.10313 0.0410105 0.00928614 0.00974616 0.0179019 0.0111529 0.0115357 0.0236694 0.0230393 0.0209816 0.0110159 0.00892133 0.00847334 0.00892932 0.00845031 0.00874869 0.00977153 0.0121585 0.0123085 0.00920445 0.00883261 0.00930745 0.00864771 0.00832887 0.00863364 0.00875127 0.00849609 0.00884206 0.00899208 0.00926333 0.00893096 0.00866216 0.0085438 0.0087119 0.00879054 0.00842319 0.00823444 0.00839228 0.00834935 0.00834639 0.00826917 0.00829025 0.00836073 0.00821575 0.00842145 0.00893356 0.00947348 0.00913475 0.008605 0.00867404 0.00919845 0.00883519 0.00980222 0.0103708 0.0106908 0.0108503 0.00942579 0.00893847 0.0107924 0.0114788 0.0126905 0.0124126 0.0110376 0.0102212 0.0176912 0.0155603 0.0152346 0.0155191 0.0160581 0.0204641 0.0170107 0.0243357 0.022226 0.0296729 0.02876 0.0260945 0.0265828 0.0252615 
0.0157907 0.010055 0.0202713 0.0218557 0.0121059 0.0220133 0.0609328 0.0209673 0.0354779 0.00596423 0.00378732 0.00376928 0.00373092 0.00393568 0 0.0232774 0.0306749 0.0364175 0.0670446 0.0405542 0.327533 0.113379 0.0126209 0.0089213 0.00990259 0.0161177 0.0164154 0.0105051 0.013789 0.0107606 0.00916171 0.00880128 0.0100035 0.00831584 0.00927607 0.00913677 0.00901191 0.00992827 0.00981628 0.0107672 0.00956864 0.00854727 0.00916983 0.00863345 0.00827293 0.00830196 0.0087912 0.00871848 0.00877224 0.0087357 0.00882845 0.00899181 0.00857006 0.00860696 0.00860674 0.00847173 0.00820393 0.00826313 0.00819407 0.00836257 0.00832055 0.00823963 0.0082371 0.0081875 0.00901495 0.00932993 0.00898807 0.00878904 0.00884191 0.00886961 0.00880091 0.00898056 0.0101909 0.0095275 0.0096222 0.00937818 0.00901725 0.00902202 0.0112319 0.0104185 0.0107085 0.0104991 0.00970318 0.0103454 0.0183081 0.0154518 0.0147875 0.014852 0.015582 0.0191719 0.0235443 0.0255827 0.0203052 0.0227241 0.0232595 0.02077 0.0240699 0.0269365 
0.0101005 0.0113686 0.0184997 0.0187857 0.0135698 0.0146606 0.023844 0.0111907 0.0180725 0.39155 0.078064 0.0791163 0.0443197 0.0365896 0.0232774 0 0.00378336 0.00375578 0.00378544 0.00381133 0.00389002 0.00680754 0.0605516 0.0126919 0.0128765 0.0304783 0.0209149 0.0209907 0.0169564 0.015466 0.010895 0.0190986 0.009483 0.00915351 0.0128444 0.0102684 0.0101341 0.010293 0.0114285 0.0154692 0.00985633 0.00880683 0.0118176 0.00852829 0.00841115 0.00868143 0.00877295 0.00901068 0.00871846 0.00911874 0.00880443 0.00912524 0.00855276 0.00851354 0.00868516 0.00885324 0.00810598 0.00821789 0.00823191 0.00858624 0.00842996 0.00821096 0.00814438 0.00824374 0.00869422 0.00845862 0.00883003 0.00882216 0.00906588 0.00838525 0.00877839 0.00908268 0.00907261 0.00975049 0.00939977 0.00934275 0.00910806 0.00909649 0.00930104 0.00970676 0.00993479 0.00993634 0.00952769 0.0105183 0.0108819 0.00962324 0.00995418 0.0102184 0.0113465 0.0132392 0.0174009 0.0144486 0.0129692 0.0156028 0.0182936 0.0145924 0.0195047 0.0197453 
0.0106778 0.0121752 0.0109417 0.0169893 0.0269156 0.0245771 0.0127531 0.0107712 0.0125328 0.0213355 0.557422 0.0382767 0.137343 0.0590135 0.0306749 0.00378336 0 0.00377804 0.00375049 0.00374019 0.00394263 0.00390887 0.0287222 0.0282289 0.0299689 0.0110822 0.0325327 0.0354695 0.0466379 0.0231072 0.0182366 0.00977386 0.00895175 0.0106149 0.00903699 0.00888111 0.0143846 0.0160038 0.0128146 0.0100307 0.00915023 0.00981713 0.00925261 0.00834552 0.00890578 0.00894331 0.00857594 0.00871347 0.00895119 0.00927856 0.00904536 0.00851017 0.0083136 0.00862636 0.00886146 0.0083676 0.00814438 0.00843447 0.00832312 0.00839296 0.00820124 0.00826178 0.00824206 0.00815058 0.00823 0.00858439 0.0093133 0.00913154 0.0086016 0.00836702 0.00908166 0.00869894 0.00883472 0.00982199 0.0100627 0.0100733 0.00918934 0.00887673 0.00893991 0.0101554 0.0105755 0.0103968 0.00982602 0.00921323 0.00995277 0.0100752 0.0109965 0.011067 0.0114131 0.0126128 0.0132924 0.0134909 0.0142221 0.0182754 0.0183531 0.0153025 0.0187096 0.0168959 
0.0116581 0.010477 0.0115117 0.0177604 0.0462722 0.0279417 0.0155973 0.0108209 0.0106242 0.019319 0.0300658 0.56836 0.0838778 0.207179 0.0364175 0.00375578 0.00377804 0 0.00372774 0.0037213 0.00375821 0.00384955 0.0165409 0.0550858 0.0182288 0.0177847 0.0162119 0.0944328 0.0438065 0.128329 0.0123681 0.00946688 0.0107972 0.00858027 0.0096944 0.00921387 0.0141443 0.033452 0.0176672 0.0106097 0.0103466 0.0100981 0.00953248 0.00882399 0.00930089 0.0101808 0.00886006 0.00919425 0.00970024 0.0101853 0.0104603 0.00912821 0.00850409 0.00890526 0.00989074 0.00855647 0.00857101 0.00858253 0.00850651 0.00835835 0.00827213 0.00844528 0.00831847 0.00821221 0.0082993 0.00903732 0.0102175 0.00947413 0.00877967 0.00847265 0.00914815 0.00882923 0.00917788 0.010364 0.0117259 0.0106737 0.00930184 0.00872228 0.00978637 0.0107728 0.0117732 0.0114979 0.0101776 0.00934038 0.0112125 0.0114765 0.0121181 0.012125 0.0135278 0.0129853 0.0129143 0.0159102 0.0166446 0.0217761 0.0196727 0.0199541 0.0192785 0.0189763 
0.00945375 0.0136909 0.0104248 0.0154065 0.0283069 0.038901 0.0154636 0.00966724 0.0111664 0.0124082 0.075675 0.0449289 0.595004 0.0950632 0.0670446 0.00378544 0.00375049 0.00372774 0 0.00370847 0.00372565 0.00376719 0.0596298 0.012967 0.0386801 0.0110351 0.0211004 0.0260371 0.327748 0.0420425 0.0188083 0.0094413 0.00871911 0.00924798 0.00873357 0.00902062 0.0156906 0.0305708 0.0178729 0.010773 0.00930855 0.00970421 0.00953901 0.00839095 0.0095022 0.00947519 0.0087976 0.00908361 0.00938802 0.0115878 0.00981784 0.00896759 0.00838805 0.00906044 0.00917223 0.00864226 0.00814743 0.00849427 0.00827423 0.00840196 0.00821735 0.00824373 0.00828291 0.00810465 0.00821921 0.00872945 0.00971581 0.00914359 0.00848888 0.00853621 0.00891997 0.00855282 0.00897768 0.00999848 0.0107649 0.0102414 0.00903493 0.00861856 0.00932664 0.0105016 0.0108131 0.0104877 0.00978972 0.00890573 0.0102203 0.0104449 0.0113206 0.0114391 0.0113209 0.013349 0.0106689 0.0147079 0.0150891 0.0184938 0.0182903 0.0172542 0.019263 0.0153947 
0.00935666 0.00962061 0.01057 0.0120215 0.0228623 0.0276948 0.0125562 0.009632 0.00979776 0.0143623 0.0204042 0.126345 0.0690735 0.388772 0.0405542 0.00381133 0.00374019 0.0037213 0.00370847 0 0.00370208 0.00372174 0.0203783 0.0477822 0.0208238 0.0167389 0.0189657 0.0495674 0.0396798 0.110373 0.0126124 0.00922008 0.00886012 0.00856494 0.00939365 0.00875447 0.0109269 0.0257844 0.0145592 0.00989629 0.00885568 0.00908899 0.00896535 0.00834453 0.00888536 0.00916485 0.00846642 0.0088104 0.00999497 0.00980304 0.0096472 0.00847434 0.00832744 0.00876195 0.00897306 0.00833328 0.00811774 0.00836127 0.00827715 0.00813488 0.00816071 0.00822242 0.00822289 0.00803368 0.0082486 0.00858526 0.00903837 0.00872872 0.00857793 0.00836005 0.00878521 0.00845897 0.00863291 0.00963191 0.0100972 0.0101182 0.00871308 0.00856117 0.00881491 0.0106511 0.0106104 0.0105072 0.00935895 0.00879041 0.00964231 0.00990822 0.0106964 0.0108729 0.0112227 0.0120651 0.0107902 0.0137326 0.0139713 0.0169855 0.0162375 0.0161285 0.0165296 0.0152427 
0.00942429 0.0127971 0.00979465 0.0122836 0.0179087 0.0282168 0.0142732 0.0107099 0.0148628 0.0132418 0.0503091 0.0211039 0.0541859 0.10313 0.327533 0.00389002 0.00394263 0.00375821 0.00372565 0.00370208 0 0.00412459 0.0142814 0.018927 0.109011 0.0212907 0.0200939 0.0262198 0.0403858 0.0234056 0.0244582 0.00936641 0.00909258 0.0100326 0.0092446 0.00935231 0.0132854 0.0208882 0.0182022 0.0103358 0.00915764 0.00928241 0.00870825 0.00859714 0.00903556 0.00912393 0.00851306 0.00878222 0.00932538 0.00930857 0.0091419 0.00845592 0.00849208 0.0087544 0.00881313 0.00836386 0.00812483 0.00835101 0.00832426 0.00823509 0.00825507 0.00819029 0.00821606 0.00808219 0.00822109 0.00872528 0.00909572 0.00873364 0.00846004 0.00838592 0.00891557 0.00848272 0.00906249 0.00959048 0.00998647 0.00954578 0.00880207 0.00855877 0.00928386 0.0100625 0.0103669 0.0101806 0.00944132 0.00903834 0.0109023 0.0106764 0.0107023 0.0107399 0.0113957 0.0116326 0.0107677 0.01519 0.0150772 0.0160619 0.0168347 0.0154911 0.0171036 0.0154934 
0.0108892 0.00868912 0.0112291 0.015208 0.00924742 0.0105016 0.0156213 0.0128147 0.0105336 0.0239491 0.010469 0.0118474 0.012264 0.0410105 0.113379 0.00680754 0.00390887 0.00384955 0.00376719 0.00372174 0.00412459 0 0.0168313 0.00939697 0.0149302 0.153865 0.0186827 0.0114484 0.0104549 0.0103178 0.00898593 0.00978593 0.0133889 0.00884989 0.0101761 0.0091986 0.00894823 0.00897777 0.00896712 0.00969942 0.00952385 0.00854374 0.00899158 0.00874752 0.00815983 0.00832311 0.00886272 0.00847952 0.00847983 0.0083986 0.00837486 0.00885429 0.00831927 0.00827298 0.00822678 0.00828741 0.00818663 0.00809948 0.00804843 0.00820826 0.00828537 0.0081739 0.00802178 0.00805864 0.00850048 0.00892396 0.00864124 0.00857303 0.0086862 0.00871925 0.00865522 0.00870779 0.00927856 0.00892177 0.00880448 0.00877331 0.00867628 0.00861604 0.00981311 0.00915784 0.00904533 0.00897814 0.00893347 0.00953459 0.0121214 0.0105089 0.0107444 0.0102126 0.0104471 0.0121355 0.0151369 0.0143377 0.0132534 0.0149208 0.0146876 0.0150486 0.0150271 0.0173614 
0.00830591 0.0085952 0.008655 0.00855891 0.00818973 0.00859869 0.00978769 0.00835786 0.00871044 0.00912699 0.00963634 0.00900367 0.00940769 0.00928614 0.0126209 0.0605516 0.0287222 0.0165409 0.0596298 0.0203783 0.0142814 0.0168313 0 0.00490496 0.00386723 0.00425961 0.174207 0.0113683 0.0133721 0.00963878 0.0110725 0.021842 0.0104804 0.00986559 0.0131812 0.00971056 0.00874991 0.0087889 0.00900171 0.0115508 0.00874055 0.00829333 0.00934932 0.00821252 0.00819517 0.00819329 0.00862778 0.00876292 0.00827146 0.00816174 0.00824622 0.00847716 0.00841156 0.00813487 0.00805707 0.00829243 0.00809517 0.00813488 0.00805925 0.00876249 0.00867732 0.00805623 0.00803596 0.00804982 0.00846247 0.0083136 0.00835759 0.00833895 0.00841283 0.00823735 0.00844076 0.00840273 0.0085215 0.00834881 0.00830011 0.00831456 0.00828858 0.00844309 0.00853593 0.00850051 0.00838525 0.00837483 0.00848586 0.00903525 0.0100087 0.00910835 0.00912261 0.00909807 0.00944039 0.0114291 0.0144661 0.0111608 0.0100367 0.0101969 0.010805 0.0100126 0.0127024 0.0123496 
0.00831796 0.00813856 0.00831948 0.00827046 0.00838328 0.00872124 0.0083376 0.0083133 0.00814879 0.00890787 0.0101194 0.0131841 0.00987066 0.00974616 0.0089213 0.0126919 0.0282289 0.0550858 0.012967 0.0477822 0.018927 0.00939697 0.00490496 0 0.00373235 0.00380671 0.0168091 0.193557 0.0109755 0.0205426 0.0104133 0.00940747 0.0110238 0.00903727 0.011017 0.00874108 0.00987075 0.0101185 0.00916919 0.0086396 0.00842986 0.00847539 0.0082936 0.00816357 0.00818121 0.00846672 0.00814257 0.00817893 0.00864399 0.00845469 0.00835522 0.00809003 0.00812885 0.00828614 0.00840466 0.00811764 0.00810198 0.00806864 0.00855494 0.00801983 0.00803349 0.00826122 0.0080928 0.00798679 0.00817559 0.00833056 0.00836562 0.0083092 0.00831542 0.00828844 0.00841983 0.00833419 0.00837378 0.00853052 0.00852276 0.00848731 0.00834093 0.00832385 0.00847209 0.00854455 0.00857126 0.00851501 0.00843189 0.00852347 0.00888423 0.00886283 0.00901861 0.0091224 0.00954558 0.00900723 0.0101064 0.00918995 0.00919103 0.0103215 0.0101825 0.0101914 0.0104969 0.0112658 
0.00808342 0.00891002 0.00811656 0.00857912 0.00917064 0.00903488 0.00872337 0.00823531 0.00875755 0.00902209 0.0157786 0.00986254 0.0150945 0.0179019 0.00990259 0.0128765 0.0299689 0.0182288 0.0386801 0.0208238 0.109011 0.0149302 0.00386723 0.00373235 0 0.00372293 0.0201083 0.0284432 0.198654 0.0175057 0.0222046 0.00941306 0.00868741 0.0278964 0.00862947 0.00907062 0.0115602 0.0119592 0.013438 0.00994394 0.00900604 0.00901221 0.00885346 0.00817968 0.00870056 0.00854392 0.0083431 0.00891817 0.00881682 0.00894046 0.00868476 0.00841531 0.00824271 0.00859672 0.00849311 0.00826318 0.00795766 0.00857795 0.00815797 0.00841645 0.00809889 0.00808842 0.00816684 0.00803256 0.00805491 0.00836153 0.0085231 0.00844994 0.00827572 0.00836789 0.00852466 0.00834644 0.00851006 0.00859342 0.00866859 0.00853904 0.00846248 0.00833353 0.00843907 0.0086566 0.00861334 0.00867047 0.00854052 0.00843374 0.0096481 0.00894291 0.008978 0.00905038 0.00881538 0.0103004 0.00943082 0.0101876 0.0100076 0.0111314 0.0112107 0.0104846 0.0124976 0.00943634 
0.00952995 0.00818735 0.00937634 0.0103179 0.00838981 0.00873746 0.00944389 0.00976231 0.00874198 0.0169493 0.00948238 0.011767 0.0101002 0.0111529 0.0161177 0.0304783 0.0110822 0.0177847 0.0110351 0.0167389 0.0212907 0.153865 0.00425961 0.00380671 0.00372293 0 0.0149581 0.0259139 0.0150592 0.134262 0.0126798 0.0158419 0.0348637 0.008827 0.0203628 0.0111695 0.00983373 0.0107221 0.0115292 0.0124689 0.0105075 0.00921551 0.00940791 0.0100776 0.00822334 0.00896186 0.00895765 0.00933569 0.00954883 0.00859167 0.00864128 0.00881346 0.00880321 0.00838753 0.00856663 0.00822056 0.00873602 0.00811866 0.0085248 0.00813737 0.00828886 0.00833808 0.00809202 0.00809348 0.00895147 0.0089215 0.00853639 0.00835754 0.008378 0.00852122 0.00855739 0.00833435 0.00899809 0.00867526 0.00858297 0.00845723 0.00847332 0.00841598 0.00912793 0.00880266 0.00866789 0.00860932 0.00864898 0.00889498 0.0102957 0.00935679 0.00895193 0.00883369 0.0101946 0.0092474 0.0141576 0.0105749 0.00970508 0.00976866 0.00983214 0.0106941 0.0099761 0.0130766 
0.0085159 0.0085172 0.00958852 0.00931088 0.00871799 0.00931221 0.012217 0.00856092 0.0107208 0.0126987 0.0141578 0.0115598 0.0129126 0.0115357 0.0164154 0.0209149 0.0325327 0.0162119 0.0211004 0.0189657 0.0200939 0.0186827 0.174207 0.0168091 0.0201083 0.0149581 0 0.00393604 0.00373878 0.00371742 0.00377212 0.00529714 0.00863748 0.00881751 0.0134764 0.0587404 0.0312472 0.0229746 0.0153973 0.0355991 0.0181254 0.0111863 0.0236703 0.0100907 0.010229 0.0100536 0.0125528 0.015011 0.0102754 0.0105722 0.011174 0.0148851 0.00951306 0.00918487 0.00882866 0.0105697 0.00851153 0.00864 0.00819493 0.00985996 0.00832411 0.00821842 0.00810015 0.00827916 0.00850745 0.00841151 0.00850435 0.00856244 0.00882361 0.00833011 0.00863311 0.00844105 0.00853273 0.00861127 0.00891808 0.00877344 0.00850152 0.00854214 0.00838344 0.00859644 0.00868844 0.00878899 0.00854152 0.00893016 0.00867527 0.00837961 0.00834484 0.00840984 0.00850008 0.00959517 0.0101117 0.00903616 0.00875193 0.00912248 0.00926154 0.0087781 0.00974583 0.0101676 
0.00857088 0.00861309 0.00869124 0.00894335 0.0100559 0.0123286 0.00957145 0.00885379 0.00915008 0.0108448 0.0189922 0.0379649 0.0238424 0.0236694 0.0105051 0.0209907 0.0354695 0.0944328 0.0260371 0.0495674 0.0262198 0.0114484 0.0113683 0.193557 0.0284432 0.0259139 0.00393604 0 0.00380243 0.00370564 0.00389847 0.00372386 0.0110896 0.00954396 0.0135848 0.0205523 0.0840795 0.0517847 0.0458915 0.0137756 0.0151111 0.0245803 0.0113244 0.00990971 0.0126326 0.0205591 0.00959616 0.0108611 0.0172662 0.0163761 0.0175049 0.010043 0.00884248 0.00989856 0.0139081 0.0090273 0.00821555 0.00849393 0.00907366 0.00832498 0.00814952 0.00847049 0.00837601 0.00822367 0.00806455 0.00850546 0.00972524 0.00905908 0.00848686 0.00835233 0.00880824 0.00848958 0.00854972 0.00981011 0.0110049 0.00980135 0.00875436 0.00857055 0.008537 0.00957751 0.00957494 0.00932978 0.00898318 0.00860877 0.00842266 0.00849458 0.00847882 0.00842161 0.00867399 0.00870737 0.00898376 0.00875471 0.00961152 0.0101518 0.0103803 0.00970847 0.0101754 0.0093535 
0.00884003 0.00912648 0.00855964 0.00971231 0.0116978 0.0125817 0.00987578 0.00857516 0.00935759 0.0101734 0.0254177 0.0300638 0.0854518 0.0230393 0.013789 0.0169564 0.0466379 0.0438065 0.327748 0.0396798 0.0403858 0.0104549 0.0133721 0.0109755 0.198654 0.0150592 0.00373878 0.00380243 0 0.00374553 0.00369221 0.00370017 0.00916074 0.00847582 0.0061216 0.0165552 0.0514082 0.125639 0.0450557 0.0195206 0.015729 0.0128597 0.0177466 0.0102571 0.0173335 0.0161407 0.0110153 0.0133145 0.015047 0.0319216 0.0159749 0.0114459 0.00908601 0.0112651 0.0114683 0.00991723 0.00824081 0.00983115 0.0085893 0.00864325 0.00820573 0.00851659 0.00839235 0.00816703 0.00805153 0.00902025 0.0096923 0.00934269 0.0090281 0.00848681 0.00934179 0.00873366 0.00882854 0.00918091 0.00966891 0.00977908 0.00877515 0.00840408 0.00858287 0.0091722 0.00923468 0.00934526 0.0088558 0.00853166 0.00848862 0.00849711 0.00850122 0.00855565 0.00849489 0.00917427 0.00886041 0.00901029 0.00963145 0.0104167 0.0101416 0.0100062 0.0103526 0.00936247 
0.00866266 0.0086007 0.00873324 0.00912762 0.00980656 0.0110215 0.00904905 0.0085453 0.00882866 0.0099772 0.0141129 0.0639333 0.0287503 0.0209816 0.0107606 0.015466 0.0231072 0.128329 0.0420425 0.110373 0.0234056 0.0103178 0.00963878 0.0205426 0.0175057 0.134262 0.00371742 0.00370564 0.00374553 0 0.00369061 0.00388242 0.00756601 0.0065376 0.0412084 0.0121629 0.042034 0.120542 0.0421082 0.0150385 0.0144083 0.0148282 0.0119702 0.00982035 0.0125039 0.0185737 0.00926001 0.00964289 0.0166733 0.0161833 0.0163791 0.00989843 0.00886075 0.00931722 0.0121924 0.00881002 0.00842576 0.00860442 0.00896242 0.00831727 0.00823685 0.00837574 0.0082816 0.00806701 0.00802534 0.00853903 0.00921 0.00897625 0.00840558 0.00843232 0.00880688 0.00835528 0.00849992 0.00906385 0.0093624 0.00919295 0.00865424 0.00847286 0.0084653 0.00906902 0.00903232 0.00891668 0.00869374 0.00846638 0.00834756 0.00843856 0.00843338 0.00843303 0.00851551 0.00857742 0.00860128 0.00853966 0.00925173 0.0102144 0.00974961 0.00972855 0.00975164 0.00892696 
0.00830984 0.00843177 0.00822131 0.00856448 0.00877147 0.00885449 0.00845184 0.00821282 0.00829075 0.00918681 0.0127845 0.00975448 0.0119296 0.0110159 0.00916171 0.010895 0.0182366 0.0123681 0.0188083 0.0126124 0.0244582 0.00898593 0.0110725 0.0104133 0.0222046 0.0126798 0.00377212 0.00389847 0.00369221 0.00369061 0 0.00370553 0.0151112 0.049701 0.004343 0.0109829 0.0194877 0.0199585 0.0377539 0.013189 0.0109756 0.0118554 0.00949936 0.00915392 0.0105877 0.0100972 0.0087283 0.0105468 0.0094985 0.00990247 0.00924218 0.00882879 0.00839726 0.00917759 0.00941468 0.00847207 0.0080537 0.00844358 0.00829678 0.00827277 0.00815174 0.00819031 0.00811117 0.00806836 0.00805281 0.00840862 0.00866136 0.00849763 0.00819621 0.00825562 0.0085012 0.00827824 0.00856702 0.00875797 0.00873719 0.00875602 0.00859012 0.00841377 0.00847441 0.00873481 0.00863031 0.00897131 0.00864443 0.00845842 0.00868278 0.00841961 0.00836762 0.00837685 0.00845905 0.00856005 0.00875635 0.00876578 0.00875018 0.00883191 0.00893929 0.00878101 0.00906809 0.0087652 
0.00857794 0.00814433 0.00817812 0.00909015 0.00831938 0.00825646 0.00840904 0.00881612 0.00825853 0.013618 0.00880604 0.00878434 0.0089019 0.00892133 0.00880128 0.0190986 0.00977386 0.00946688 0.0094413 0.00922008 0.00936641 0.00978593 0.021842 0.00940747 0.00941306 0.0158419 0.00529714 0.00372386 0.00370017 0.00388242 0.00370553 0 0.0429168 0.00440965 0.0150487 0.0141097 0.0114855 0.0100806 0.0102574 0.0228696 0.0162228 0.00917946 0.0104394 0.0111552 0.00861739 0.0085601 0.00973233 0.0108906 0.00918914 0.00854023 0.00849111 0.00860686 0.0091899 0.0083802 0.00832123 0.0084177 0.00841614 0.00830654 0.00823396 0.00829009 0.00857491 0.00819161 0.00804322 0.00803097 0.00837172 0.00871398 0.00825421 0.00813209 0.00815841 0.00842585 0.00819513 0.00814299 0.00873835 0.00838295 0.00841024 0.00831627 0.00820051 0.00816217 0.00897547 0.00851986 0.00842045 0.00841509 0.00833091 0.00837283 0.00969871 0.00880255 0.00866631 0.00854771 0.00857241 0.00887719 0.0101418 0.00975864 0.00890263 0.00879608 0.00881542 0.00878646 0.0087327 0.00962605 
0.00884407 0.00799238 0.00907058 0.00875915 0.00804619 0.00836126 0.00879126 0.00884811 0.00829771 0.00965021 0.00834521 0.0090855 0.00889042 0.00847334 0.0100035 0.009483 0.00895175 0.0107972 0.00871911 0.00886012 0.00909258 0.0133889 0.0104804 0.0110238 0.00868741 0.0348637 0.00863748 0.0110896 0.00916074 0.00756601 0.0151112 0.0429168 0 0.00394416 0.00423947 0.0434692 0.0114964 0.0215132 0.0108766 0.0165801 0.010562 0.00921512 0.0118957 0.0103179 0.00830713 0.00896011 0.00934946 0.00883673 0.00916221 0.00866303 0.00893849 0.00868732 0.00917971 0.00818903 0.00887694 0.00832407 0.00902878 0.00793856 0.00919217 0.0081795 0.00834984 0.00846244 0.00802487 0.00819388 0.00951608 0.00832313 0.0082503 0.00823936 0.00830069 0.0085387 0.00828077 0.00821967 0.00861083 0.00841209 0.00836607 0.00833423 0.00831462 0.00826146 0.00875695 0.0085419 0.00839391 0.00836971 0.00833181 0.00879677 0.00917623 0.00874104 0.0085283 0.00847173 0.00950584 0.00871008 0.0113784 0.00904194 0.00873003 0.00862422 0.00855531 0.00912206 0.00880525 0.0117951 
0.0080222 0.00836125 0.00807525 0.00815487 0.00832414 0.00832496 0.00818294 0.00806768 0.00818186 0.0082692 0.00893478 0.00840259 0.00852257 0.00892932 0.00831584 0.00915351 0.0106149 0.00858027 0.00924798 0.00856494 0.0100326 0.00884989 0.00986559 0.00903727 0.0278964 0.008827 0.00881751 0.00954396 0.00847582 0.0065376 0.049701 0.00440965 0.00394416 0 0.00369813 0.0117819 0.0538916 0.0122748 0.0395299 0.0136454 0.011072 0.0115269 0.00897106 0.00838894 0.0104376 0.00866778 0.00843123 0.00908699 0.00851875 0.00869572 0.00843849 0.00868282 0.00832777 0.00865126 0.00823251 0.0084804 0.00791085 0.00869677 0.00814687 0.00874191 0.00815649 0.00810693 0.00824211 0.00809254 0.00800897 0.0082306 0.00835028 0.00828696 0.00816378 0.00820882 0.00832384 0.00818115 0.00847103 0.00856142 0.00847412 0.00843478 0.00837866 0.00819994 0.00845238 0.00856104 0.00843841 0.00850532 0.00851524 0.00840462 0.00883905 0.0085546 0.00858353 0.00866285 0.00844407 0.00937827 0.00878537 0.00920567 0.0086861 0.00863003 0.00883398 0.0085496 0.00915212 0.00869428 
0.00882862 0.00812051 0.0085241 0.00875054 0.00821524 0.00818256 0.00835615 0.00879226 0.00811321 0.010164 0.00867524 0.00867167 0.00858531 0.00845031 0.00927607 0.0128444 0.00903699 0.0096944 0.00873357 0.00939365 0.0092446 0.0101761 0.0131812 0.011017 0.00862947 0.0203628 0.0134764 0.0135848 0.0061216 0.0412084 0.004343 0.0150487 0.00423947 0.00369813 0 0.0240999 0.0112818 0.0165096 0.0155053 0.046267 0.0153853 0.0101271 0.0102291 0.0137005 0.00856624 0.00883106 0.00916403 0.0101359 0.00924732 0.00841037 0.00877489 0.00845183 0.00923205 0.00843404 0.00859357 0.00827148 0.0094817 0.0081575 0.00898087 0.00805408 0.00873761 0.00876559 0.00809214 0.00803808 0.00864463 0.00872136 0.00827602 0.00813496 0.0081001 0.00848102 0.00811495 0.00801495 0.00867258 0.00832029 0.0084421 0.00828713 0.00817767 0.00816691 0.00877922 0.00839968 0.00837536 0.0083211 0.00822687 0.00850996 0.00934386 0.00878104 0.0085535 0.00847647 0.00866121 0.00856083 0.0110708 0.00925002 0.00874808 0.00863233 0.0085374 0.00893965 0.00854483 0.0100526 
