1QQSA
TSDLIPAPPLSKVPLQQNFQDNQFQGKWYVVGLAGNAILREDKDPQKMYATIYEEKEDASYNVTSVLFRKKKCDYAIRTFVPGCQPGEFTLGNIKSYPGLTSYLVRVVSTNYNQHAMVFFKKVSQNREYFKITLYGRTKELTSELKNNFIRFSKSLGLPENHIVFPVPIDQCID
CCCCCCCCCHHHCCCCCCCCHHHHCEEEEEEEEEECCCCCCCCCCCECCEEEEEECCCCCEEEEEEEEECCEEEEEEEEEEECCCCCEEEECCHHHCCCEEEEEEEEEEECCCCEEEEEEEEEECCECCEEEEEEECCCCCCHHHHHHHHHHHHHCCCCHHHEECCECCCCCCC
0 0 0 0 0 0 0 0 0 0 0 0 0 0 0 0 0 0 0 0 0 0 0 0 0 0 0 0 0 0 0 0 0 0 0 0 0 0 0 0 0 0 0 0 0 0 0 0 0 0 0 0 0 0 0 0 0 0 0 0 0 0 0 0 0 0 0 0 0 0 0 0 0 0 0 0 0 0 0 0 0 0 0 0 0 0 0 0 0 0 0 0 0 0 0 0 0 0 0 0 0 0 0 0 0 0 0 0 0 0 0 0 0 0 0 0 0 0 0 0 0 0 0 0 0 0 0 0 0 0 0 0 0 0 0 0 0 0 0 0 0 0 0 0 0 0 0 0 0 0 0 0 0 0 0 0 0 0 0 0 0 0 0 0 0 0 0 0 0 0 0 0 0 0 
0 0 0 0 0 0 0 0 0 0 0 0 0 0 0 0 0 0 0 0 0 0 0 0 0 0 0 0 0 0 0 0 0 0 0 0 0 0 0 0 0 0 0 0 0 0 0 0 0 0 0 0 0 0 0 0 0 0 0 0 0 0 0 0 0 0 0 0 0 0 0 0 0 0 0 0 0 0 0 0 0 0 0 0 0 0 0 0 0 0 0 0 0 0 0 0 0 0 0 0 0 0 0 0 0 0 0 0 0 0 0 0 0 0 0 0 0 0 0 0 0 0 0 0 0 0 0 0 0 0 0 0 0 0 0 0 0 0 0 0 0 0 0 0 0 0 0 0 0 0 0 0 0 0 0 0 0 0 0 0 0 0 0 0 0 0 0 0 0 0 0 0 0 0 
0 0.00377697 0.00371477 0.00371959 0.0042091 0.00369769 0.0037384 0.00383386 0.00409147 0.0120987 0.00956497 0.010575 0.00972782 0.00860626 0.0120222 0.00854743 0.0382142 0.0115004 0.00879559 0.0108363 0.00880743 0.0100508 0.0100435 0.00898785 0.00999926 0.0145684 0.00903373 0.00879647 0.00852259 0.00872804 0.00877465 0.00852738 0.00982404 0.00850422 0.0103441 0.00860053 0.0124881 0.00835013 0.0091187 0.00855171 0.0144694 0.00914484 0.00808552 0.00824405 0.00842621 0.00840299 0.00888378 0.00855522 0.00869717 0.00866684 0.00851643 0.0104509 0.00830449 0.00841538 0.00843512 0.00871981 0.00857445 0.00841442 0.00854019 0.00813154 0.00834936 0.00894925 0.00849603 0.00867875 0.00803412 0.00881246 0.0082392 0.00834366 0.00842864 0.00967615 0.00819818 0.00813933 0.00822827 
0.00377697 0 0.00370609 0.00369218 0.00381793 0.00365374 0.00374897 0.00381277 0.00624757 0.00464488 0.00844344 0.0101989 0.0104054 0.0119642 0.00844757 0.0421708 0.00854314 0.00928809 0.0135967 0.00915003 0.0116016 0.0102207 0.00933105 0.00979876 0.0113928 0.00919424 0.00883468 0.00865795 0.00884103 0.00881249 0.00880034 0.00979325 0.00855306 0.0118783 0.00853763 0.0160063 0.0084617 0.00896663 0.00857508 0.0113363 0.00854658 0.00814894 0.00841484 0.00847547 0.00847607 0.00959979 0.00902368 0.0104002 0.00902739 0.0085801 0.0102645 0.00817996 0.00831246 0.00867041 0.00937078 0.00933512 0.00916175 0.00885394 0.00833284 0.00873074 0.00840241 0.00804733 0.00795355 0.0079735 0.00880733 0.00824458 0.00917389 0.00838412 0.00873493 0.00829213 0.00805285 0.00812424 0.00794335 
0.00371477 0.00370609 0 0.00372825 0.00368803 0.0036626 0.00374604 0.00659964 0.00420305 0.00440014 0.00770288 0.00894726 0.0140077 0.00985429 0.0283517 0.00908188 0.00975608 0.00999907 0.0102059 0.0267857 0.0117309 0.0161289 0.0132694 0.0126368 0.0105914 0.00914777 0.00867237 0.00912436 0.0092454 0.00941428 0.01061 0.0092122 0.0154172 0.00976029 0.0203267 0.00874432 0.00889537 0.00862186 0.0120579 0.00884773 0.0091784 0.00853804 0.00843701 0.00932578 0.0115661 0.0112706 0.018738 0.013957 0.0143759 0.0165088 0.00871477 0.00872903 0.00823857 0.00948467 0.0138132 0.0159978 0.0133157 0.0107698 0.00993568 0.0100326 0.00860832 0.00834608 0.00793932 0.00829882 0.00834136 0.0118929 0.00947839 0.0117754 0.00958347 0.00872455 0.0081603 0.00820582 0.00793601 
0.00371959 0.00369218 0.00372825 0 0.00369893 0.00369809 0.00376788 0.00379826 0.00380192 0.0037805 0.00894365 0.0104464 0.0125892 0.0350071 0.0111681 0.0127649 0.0117792 0.0106934 0.0189362 0.0172144 0.0301131 0.0179561 0.0213307 0.018137 0.0103577 0.00925769 0.00907396 0.0092769 0.00995103 0.0110217 0.011194 0.0141081 0.0130936 0.0302222 0.0107887 0.00975216 0.00899309 0.0100838 0.0108771 0.0112598 0.00974341 0.0087611 0.00908083 0.0108932 0.0129118 0.0228257 0.025822 0.0370255 0.0296394 0.0163444 0.0105131 0.00874044 0.00871949 0.0102833 0.022292 0.0289625 0.0211832 0.0144566 0.0130159 0.0117964 0.00921188 0.00840919 0.00798245 0.00835985 0.0103487 0.0121639 0.0168305 0.0144265 0.010429 0.00928854 0.00830079 0.00837849 0.00795909 
0.0042091 0.00381793 0.00368803 0.00369893 0 0.00534144 0.00371686 0.00374117 0.00369292 0.00384841 0.00795999 0.0130542 0.0321101 0.0149418 0.0183136 0.0114692 0.0171124 0.0119325 0.0175252 0.0310666 0.0248074 0.0434071 0.0215063 0.0170165 0.0109302 0.00893522 0.00899588 0.00956552 0.0103768 0.0101552 0.0127288 0.0133247 0.0245311 0.0164537 0.0153128 0.0099151 0.00891174 0.00951105 0.013406 0.0115383 0.00983395 0.00885135 0.00917819 0.0122275 0.0168244 0.0258793 0.0466728 0.0520974 0.033742 0.0233647 0.0110574 0.00896021 0.00878104 0.0127906 0.0358633 0.0497947 0.0356362 0.0230506 0.0149507 0.0135219 0.00971907 0.00851682 0.00795027 0.0085715 0.0104826 0.0154648 0.0168075 0.0204069 0.0150083 0.00882744 0.00852948 0.00844515 0.00794568 
0.00369769 0.00365374 0.0036626 0.00369809 0.00534144 0 0.00371704 0.0037192 0.00371784 0.00373172 0.00863343 0.0233064 0.0216644 0.0185005 0.0230273 0.022354 0.0101216 0.0136385 0.0143535 0.0394865 0.0345541 0.0343728 0.0205422 0.0200848 0.0107639 0.00930437 0.00915687 0.00993802 0.00985713 0.0112318 0.0148626 0.0154208 0.0231342 0.0156128 0.0220806 0.00943377 0.00916733 0.010074 0.0194248 0.0110529 0.0106632 0.00915217 0.00966895 0.0123844 0.021348 0.0296444 0.0687617 0.045138 0.0371813 0.0335854 0.0111857 0.00923576 0.008836 0.0160646 0.0335783 0.0605816 0.046865 0.0234918 0.0167645 0.0131255 0.00945794 0.00866283 0.00802933 0.00905894 0.0102571 0.0243849 0.0170038 0.0276309 0.0111245 0.00950826 0.00853022 0.00866452 0.00795398 
0.0037384 0.00374897 0.00374604 0.00376788 0.00371686 0.00371704 0 0.00372068 0.00370353 0.00401352 0.00980129 0.0143656 0.0225829 0.049279 0.0358595 0.0169194 0.0100251 0.0119445 0.0252093 0.0350287 0.0481405 0.0261432 0.0268485 0.0199698 0.0122387 0.00965666 0.00955042 0.00968246 0.0109343 0.0121265 0.0155407 0.017885 0.0166977 0.0264472 0.015577 0.0112824 0.0097739 0.0107409 0.0131521 0.0160464 0.0110964 0.00922449 0.00995599 0.0151002 0.0226952 0.0510557 0.0392421 0.057251 0.0420399 0.0276038 0.0133774 0.00931932 0.00947934 0.0125947 0.050509 0.0593875 0.0461538 0.0232303 0.0192071 0.0161255 0.0102806 0.00878299 0.00804941 0.00899986 0.0129797 0.0175642 0.0318232 0.020769 0.0124533 0.00965242 0.00847451 0.00870279 0.00799637 
0.00383386 0.00381277 0.00659964 0.00379826 0.00374117 0.0037192 0.00372068 0 0.00370137 0.0037082 0.00924255 0.0141499 0.0332007 0.0573819 0.0359369 0.0122208 0.0107059 0.0152554 0.0199939 0.0405533 0.0233438 0.0313991 0.0169177 0.0215817 0.0111663 0.0100654 0.00898934 0.00971352 0.0102621 0.0109297 0.0134373 0.0130434 0.0207837 0.0166302 0.0166045 0.0096516 0.00985914 0.00983273 0.0146144 0.0142062 0.0116094 0.00901133 0.00930995 0.012752 0.0227043 0.0238231 0.0394402 0.0381471 0.0317844 0.0244599 0.0108419 0.00919827 0.00864057 0.012915 0.0353162 0.0465193 0.0334331 0.0193475 0.0143802 0.013194 0.00934643 0.00868908 0.00801302 0.00874749 0.00998314 0.0194974 0.0156935 0.0181054 0.0113543 0.00937657 0.00838828 0.00846084 0.00796169 
0.00409147 0.00624757 0.00420305 0.00380192 0.00369292 0.00371784 0.00370353 0.00370137 0 0.00372838 0.0122011 0.0204571 0.057181 0.0180284 0.0128716 0.0287756 0.0110687 0.016483 0.0224676 0.0161225 0.0187617 0.0123787 0.0134765 0.0111272 0.0155899 0.0104618 0.00919225 0.0155424 0.00905111 0.00930191 0.00942589 0.0103171 0.0105104 0.0113171 0.0109562 0.0108031 0.00905056 0.0103311 0.0125836 0.0150596 0.0106856 0.00936164 0.00953774 0.0165575 0.0107989 0.0133836 0.0163727 0.0150912 0.0144598 0.0113308 0.0118305 0.00907126 0.00918991 0.0116764 0.0139845 0.0194203 0.0145532 0.0121181 0.00983014 0.00951612 0.00967785 0.00860508 0.00815751 0.00872537 0.0100484 0.00975821 0.0102703 0.011999 0.0119787 0.0090239 0.00859228 0.00850379 0.00803548 
0.0120987 0.00464488 0.00440014 0.0037805 0.00384841 0.00373172 0.00401352 0.0037082 0.00372838 0 0.0494932 0.0660757 0.0144709 0.0132601 0.0107559 0.0135468 0.0257462 0.0279575 0.0127804 0.0122806 0.011885 0.0116548 0.00985784 0.0095278 0.0119519 0.0138762 0.0191824 0.0140564 0.00929478 0.00898447 0.00922456 0.00908815 0.00967491 0.00958397 0.00976655 0.00903135 0.00985357 0.020059 0.0112563 0.0103203 0.0136919 0.0200751 0.0104612 0.00910436 0.00991009 0.0108408 0.0104829 0.010699 0.0104535 0.00996369 0.00907261 0.00998028 0.0125859 0.00923525 0.00983285 0.0104406 0.00994146 0.00945229 0.0089597 0.00872069 0.00867755 0.00892052 0.00928766 0.0122077 0.00884476 0.0089835 0.00897692 0.00900041 0.00956286 0.00996176 0.00906615 0.00851162 0.00884516 
0.00956497 0.00844344 0.00770288 0.00894365 0.00795999 0.00863343 0.00980129 0.00924255 0.0122011 0.0494932 0 0.0122963 0.00394761 0.00388899 0.00404206 0.00510934 0.00517881 0.00911966 0.00789741 0.0071774 0.00812024 0.00863185 0.00849037 0.0129021 0.0101784 0.0122028 0.0119612 0.00835052 0.00836242 0.00830105 0.0084224 0.00872138 0.00846812 0.00982075 0.00872231 0.0094122 0.0100593 0.0162427 0.0087086 0.0100695 0.0116012 0.0105292 0.00827519 0.00822157 0.00830939 0.00836794 0.0083796 0.00867893 0.00871941 0.00827126 0.00953142 0.00930541 0.0101307 0.00813371 0.00822047 0.00841378 0.00833112 0.00842811 0.00812742 0.00826908 0.00817284 0.00888413 0.0141546 0.00909394 0.00849386 0.00812005 0.00864024 0.00816566 0.00841498 0.0103334 0.00871644 0.00841809 0.0106632 
0.010575 0.0101989 0.00894726 0.0104464 0.0130542 0.0233064 0.0143656 0.0141499 0.0204571 0.0660757 0.0122963 0 0.00370028 0.00369397 0.00374992 0.00378566 0.00462475 0.00833667 0.00769817 0.00722639 0.00915733 0.0357347 0.624472 0.0238852 0.0101196 0.0295186 0.00993491 0.00863875 0.00876101 0.00853906 0.00886568 0.0097206 0.00961725 0.0101858 0.0100121 0.00968196 0.0171952 0.0118361 0.0107381 0.0106649 0.0257903 0.0119888 0.00896603 0.00894921 0.00982248 0.0103517 0.0123591 0.0170841 0.010874 0.0103781 0.0104212 0.0162615 0.0100133 0.00951328 0.0107268 0.0104039 0.0112121 0.00948358 0.00924685 0.00877448 0.00908938 0.0136149 0.00903571 0.0100249 0.00869631 0.00929348 0.00948353 0.00912168 0.0137371 0.016117 0.00837883 0.00974216 0.00864864 
0.00972782 0.0104054 0.0140077 0.0125892 0.0321101 0.0216644 0.0225829 0.0332007 0.057181 0.0144709 0.00394761 0.00370028 0 0.00369847 0.00371602 0.00377389 0.00376879 0.00675754 0.00771581 0.00884162 0.0250214 0.716689 0.0231325 0.00897171 0.0136071 0.00991809 0.008388 0.00911028 0.00838679 0.00925007 0.00941492 0.00952459 0.0129187 0.00932756 0.018326 0.00987705 0.0104156 0.0101616 0.0182852 0.011942 0.0140217 0.00990116 0.00980766 0.00953596 0.0123722 0.016959 0.0225677 0.0207045 0.0173743 0.0166182 0.0109456 0.0117407 0.00902465 0.0151067 0.015678 0.0255533 0.0152695 0.0115952 0.0116495 0.00953086 0.0115299 0.00876355 0.00816195 0.00931384 0.00957865 0.0135337 0.0108394 0.0250446 0.0122199 0.00969317 0.008493 0.00843167 0.00802787 
0.00860626 0.0119642 0.00985429 0.0350071 0.0149418 0.0185005 0.049279 0.0573819 0.0180284 0.0132601 0.00388899 0.00369397 0.00369847 0 0.00370068 0.00375913 0.00371765 0.00591936 0.00877959 0.0205351 0.776112 0.0199988 0.00904819 0.0124142 0.00913186 0.00780337 0.00938443 0.00820557 0.0101241 0.00913511 0.0095344 0.0118494 0.00882301 0.0253379 0.00885458 0.011457 0.00869227 0.012027 0.00946494 0.0218047 0.00886904 0.00891835 0.00928822 0.0116529 0.0126384 0.0266787 0.0151005 0.0355971 0.0190629 0.0138983 0.0145409 0.00853606 0.00908246 0.00959429 0.0298831 0.0215038 0.0210418 0.0129744 0.0103852 0.0181127 0.00879115 0.00859737 0.00807295 0.00854434 0.0148974 0.00976872 0.0509109 0.0125554 0.011361 0.00870426 0.00837294 0.00827372 0.0079937 
0.0120222 0.00844757 0.0283517 0.0111681 0.0183136 0.0230273 0.0358595 0.0359369 0.0128716 0.0107559 0.00404206 0.00374992 0.00371602 0.00370068 0 0.00368999 0.00371903 0.00564651 0.00833262 0.79325 0.0112201 0.00964747 0.0228666 0.00891984 0.00781124 0.00890461 0.00802085 0.0104076 0.00835803 0.00937726 0.0103295 0.00874 0.0197899 0.00863045 0.0218903 0.00873791 0.00965096 0.00870343 0.0297116 0.00895164 0.0118439 0.0110933 0.00888921 0.0104328 0.0186623 0.0111903 0.0335239 0.0137602 0.0196316 0.0301439 0.00897553 0.0109717 0.00853991 0.0134264 0.0137053 0.028169 0.0145683 0.0120344 0.0155276 0.00909434 0.00991504 0.0086124 0.00822533 0.0101524 0.0086405 0.0534532 0.00962152 0.0223532 0.00925472 0.00944427 0.0084342 0.00840474 0.00802117 
0.00854743 0.0421708 0.00908188 0.0127649 0.0114692 0.022354 0.0169194 0.0122208 0.0287756 0.0135468 0.00510934 0.00378566 0.00377389 0.00375913 0.00368999 0 0.00369874 0.00888459 0.797452 0.00691082 0.00870325 0.0182172 0.00723934 0.0077665 0.00880663 0.00709049 0.00968534 0.00917652 0.0088048 0.00877282 0.00872537 0.0112668 0.0084184 0.0181255 0.00863129 0.014509 0.00858526 0.0375824 0.00888542 0.0293176 0.00870163 0.00934909 0.0105708 0.00990149 0.00922796 0.0140223 0.00953185 0.0167609 0.0124322 0.00914495 0.0178005 0.00831679 0.00976886 0.00954319 0.0131614 0.0113378 0.0109316 0.00991178 0.00867956 0.0111343 0.00866307 0.00836696 0.00827983 0.00839805 0.0215057 0.00859422 0.0148879 0.00896643 0.0115219 0.00848287 0.00836559 0.00822183 0.00810822 
0.0382142 0.00854314 0.00975608 0.0117792 0.0171124 0.0101216 0.0100251 0.0107059 0.0110687 0.0257462 0.00517881 0.00462475 0.00376879 0.00371765 0.00371903 0.00369874 0 0.766853 0.00665203 0.00957809 0.018342 0.00684366 0.00717891 0.00666533 0.0065888 0.00852386 0.00991962 0.00836559 0.00760326 0.00805494 0.00925328 0.00818381 0.0111114 0.00845173 0.0118018 0.00918439 0.0127612 0.0138906 0.0164877 0.00863665 0.0144291 0.0441182 0.00929651 0.008568 0.0104964 0.00947834 0.0105311 0.00945361 0.00994429 0.0101165 0.0085424 0.0120074 0.0112426 0.00965693 0.00921128 0.0100397 0.00933322 0.00911954 0.00912987 0.00834291 0.0086617 0.00889404 0.00982252 0.0278288 0.00832547 0.0100971 0.00869954 0.00912726 0.0089262 0.0092476 0.0103381 0.00849634 0.00911331 
0.0115004 0.00928809 0.00999907 0.0106934 0.0119325 0.0136385 0.0119445 0.0152554 0.016483 0.0279575 0.00911966 0.00833667 0.00675754 0.00591936 0.00564651 0.00888459 0.766853 0 0.00375319 0.00370968 0.00372231 0.00382294 0.00393323 0.00388814 0.00447176 0.00799066 0.00691616 0.00672734 0.00645542 0.0130823 0.00781877 0.00877306 0.0170881 0.0129467 0.532273 0.0368836 0.0445081 0.0106708 0.0119405 0.00995001 0.0433686 0.0138049 0.0091055 0.00949092 0.0110358 0.0106274 0.0154112 0.0121962 0.0141257 0.0116039 0.0122741 0.0272597 0.0112224 0.0114167 0.0105883 0.0124065 0.0109809 0.0105108 0.0101358 0.00928223 0.0127407 0.0138104 0.010836 0.0106824 0.00871898 0.0108015 0.00908353 0.00981077 0.00926959 0.0189438 0.00851691 0.00942619 0.00921896 
0.00879559 0.0135967 0.0102059 0.0189362 0.0175252 0.0143535 0.0252093 0.0199939 0.0224676 0.0127804 0.00789741 0.00769817 0.00771581 0.00877959 0.00833262 0.797452 0.00665203 0.00375319 0 0.00369987 0.00368313 0.00374649 0.00375056 0.00387207 0.00468472 0.0049591 0.00570263 0.00613807 0.0120759 0.00720547 0.00769447 0.0162219 0.010013 0.68154 0.0296625 0.0384491 0.00878448 0.0122647 0.0091897 0.0291488 0.00997357 0.00930668 0.0101494 0.0115499 0.0107144 0.0245148 0.0131112 0.0382359 0.0188958 0.0132839 0.0249774 0.00929086 0.0100672 0.0116929 0.0250847 0.0188398 0.0246888 0.0128142 0.0111675 0.020239 0.0106341 0.00996129 0.0083142 0.00862803 0.0178387 0.00952895 0.0284439 0.010472 0.0226013 0.00933201 0.00872374 0.00872998 0.00813783 
0.0108363 0.00915003 0.0267857 0.0172144 0.0310666 0.0394865 0.0350287 0.0405533 0.0161225 0.0122806 0.0071774 0.00722639 0.00884162 0.0205351 0.79325 0.00691082 0.00957809 0.00370968 0.00369987 0 0.0037125 0.00372629 0.00372559 0.0037694 0.00370324 0.00386278 0.00521758 0.00674744 0.00622336 0.00703328 0.0198118 0.0100804 0.735623 0.0295149 0.0454981 0.00858986 0.00911784 0.00872793 0.0275847 0.00920767 0.0128823 0.0106974 0.00927036 0.0113007 0.0244527 0.0159111 0.0660925 0.0282365 0.0384225 0.0513035 0.0103526 0.0116123 0.00921063 0.0162919 0.0274866 0.0644661 0.0297262 0.0244586 0.0340819 0.0119517 0.0135369 0.00894791 0.0081472 0.010218 0.00931353 0.059662 0.012432 0.0762656 0.0110272 0.013175 0.00873654 0.00868173 0.00802849 
0.00880743 0.0116016 0.0117309 0.0301131 0.0248074 0.0345541 0.0481405 0.0233438 0.0187617 0.011885 0.00812024 0.00915733 0.0250214 0.776112 0.0112201 0.00870325 0.018342 0.00372231 0.00368313 0.0037125 0 0.00370324 0.00370117 0.00375057 0.00461939 0.00384495 0.00536424 0.00561211 0.00619741 0.00911711 0.0175925 0.71541 0.0241214 0.0260637 0.00890106 0.0101106 0.0090139 0.0113027 0.00927134 0.0162421 0.00991777 0.00926049 0.00980694 0.0141391 0.0134152 0.0438693 0.0265705 0.0619834 0.0353761 0.019236 0.0148302 0.00928538 0.00972092 0.0137266 0.0422285 0.0349652 0.042678 0.0230384 0.0155793 0.023507 0.00976481 0.00913422 0.0082123 0.00883694 0.0198471 0.0112639 0.0779925 0.0169863 0.0256734 0.00940219 0.00847201 0.00857716 0.00806428 
0.0100508 0.0102207 0.0161289 0.0179561 0.0434071 0.0343728 0.0261432 0.0313991 0.0123787 0.0116548 0.00863185 0.0357347 0.716689 0.0199988 0.00964747 0.0182172 0.00684366 0.00382294 0.00374649 0.00372629 0.00370324 0 0.00371755 0.00372141 0.00372435 0.00378183 0.00457665 0.00561813 0.0106868 0.0136237 0.721586 0.0371025 0.0124234 0.00932295 0.0103751 0.00921243 0.0085882 0.00988325 0.0134406 0.0119103 0.0113263 0.0103517 0.00988515 0.0112138 0.0183722 0.0257102 0.0364126 0.0439886 0.0324353 0.0212431 0.0132121 0.00994454 0.0106181 0.013708 0.0321279 0.045136 0.0375757 0.0256014 0.0164946 0.0148835 0.0104887 0.00906841 0.00828689 0.010598 0.0109161 0.041344 0.0181933 0.0433974 0.0127337 0.0102449 0.00850783 0.00859916 0.00815464 
0.0100435 0.00933105 0.0132694 0.0213307 0.0215063 0.0205422 0.0268485 0.0169177 0.0134765 0.00985784 0.00849037 0.624472 0.0231325 0.00904819 0.0228666 0.00723934 0.00717891 0.00393323 0.00375056 0.00372559 0.00370117 0.00371755 0 0.00370765 0.00370829 0.00379891 0.00673523 0.00818241 0.00964174 0.716807 0.0280261 0.0111898 0.0107261 0.0081731 0.0100251 0.00801659 0.00805318 0.00920085 0.0121179 0.00979121 0.0100424 0.0107103 0.00907676 0.0117781 0.0185604 0.0161566 0.0437829 0.02786 0.018812 0.0244404 0.00967463 0.0104235 0.00941667 0.0146425 0.0184067 0.0459249 0.0249834 0.0181323 0.0148581 0.0110522 0.00945807 0.00897431 0.00821568 0.00916547 0.0135451 0.0169575 0.0217472 0.0190409 0.011345 0.00926633 0.00857463 0.0086525 0.00805737 
0.00898785 0.00979876 0.0126368 0.018137 0.0170165 0.0200848 0.0199698 0.0215817 0.0111272 0.0095278 0.0129021 0.0238852 0.00897171 0.0124142 0.00891984 0.0077665 0.00666533 0.00388814 0.00387207 0.0037694 0.00375057 0.00372141 0.00370765 0 0.00371008 0.00372143 0.00440622 0.00588416 0.666184 0.0145813 0.00874411 0.0105639 0.00717677 0.00783175 0.00848402 0.00827075 0.00821475 0.00880101 0.00987153 0.0123077 0.00966843 0.00896104 0.0102502 0.0107304 0.0114655 0.0245555 0.0183017 0.0224074 0.0201207 0.0141388 0.0108922 0.00891242 0.00891379 0.0100826 0.0317601 0.0253525 0.024393 0.013523 0.010814 0.0116019 0.00911436 0.00868005 0.00821824 0.00911662 0.0098028 0.0152114 0.0154609 0.0145346 0.011231 0.00896029 0.00838121 0.00838353 0.00799037 
0.00999926 0.0113928 0.0105914 0.0103577 0.0109302 0.0107639 0.0122387 0.0111663 0.0155899 0.0119519 0.0101784 0.0101196 0.0136071 0.00913186 0.00781124 0.00880663 0.0065888 0.00447176 0.00468472 0.00370324 0.00461939 0.00372435 0.00370829 0.00371008 0 0.0038159 0.00513108 0.791625 0.00453797 0.00696514 0.00706907 0.00763601 0.0064788 0.00740799 0.00707599 0.00870118 0.00695918 0.0098975 0.0109457 0.0121832 0.00877508 0.0103382 0.0101639 0.00988786 0.0124289 0.0110935 0.0104979 0.0132891 0.0108774 0.00999893 0.0114631 0.00873317 0.00980603 0.0120281 0.0124712 0.0150073 0.0120956 0.00969445 0.00927095 0.00961634 0.00919307 0.00864596 0.00842545 0.00955275 0.0125611 0.00906786 0.0104066 0.0096527 0.0108895 0.00890362 0.00862584 0.00832608 0.00815304 
0.0145684 0.00919424 0.00914777 0.00925769 0.00893522 0.00930437 0.00965666 0.0100654 0.0104618 0.0138762 0.0122028 0.0295186 0.00991809 0.00780337 0.00890461 0.00709049 0.00852386 0.00799066 0.0049591 0.00386278 0.00384495 0.00378183 0.00379891 0.00372143 0.0038159 0 0.927832 0.00526266 0.0149119 0.00407781 0.00471324 0.0045004 0.00643876 0.00579236 0.00809335 0.00662613 0.00645729 0.0161824 0.0119398 0.00835555 0.0119945 0.0456937 0.0135789 0.00891058 0.00965498 0.0093242 0.00981363 0.00931155 0.00978312 0.00951451 0.00873951 0.0114083 0.013291 0.010782 0.00938866 0.00975239 0.00941162 0.00917532 0.00899901 0.00852845 0.00865947 0.00925004 0.0119076 0.0209617 0.00894429 0.00935249 0.00872077 0.00884821 0.0091721 0.00983717 0.0109717 0.00869657 0.00937083 
0.00903373 0.00883468 0.00867237 0.00907396 0.00899588 0.00915687 0.00955042 0.00898934 0.00919225 0.0191824 0.0119612 0.00993491 0.008388 0.00938443 0.00802085 0.00968534 0.00991962 0.00691616 0.00570263 0.00521758 0.00536424 0.00457665 0.00673523 0.00440622 0.00513108 0.927832 0 0.00433766 0.00369542 0.00395953 0.0038133 0.00419114 0.00400347 0.00431882 0.00404367 0.00574676 0.0114852 0.00898804 0.00769488 0.00914535 0.0164845 0.0102494 0.00873175 0.00873414 0.00878417 0.00957059 0.00870249 0.0106256 0.00934536 0.00876782 0.0107194 0.0113142 0.0114675 0.00895563 0.00914055 0.00904821 0.00909949 0.00905261 0.00870899 0.00895941 0.00943596 0.0116403 0.0101099 0.0089357 0.0090374 0.00865203 0.00913353 0.00854158 0.00893249 0.0202128 0.00822631 0.00842386 0.0091297 
0.00879647 0.00865795 0.00912436 0.0092769 0.00956552 0.00993802 0.00968246 0.00971352 0.0155424 0.0140564 0.00835052 0.00863875 0.00911028 0.00820557 0.0104076 0.00917652 0.00836559 0.00672734 0.00613807 0.00674744 0.00561211 0.00561813 0.00818241 0.00588416 0.791625 0.00526266 0.00433766 0 0.00396452 0.00376016 0.00377129 0.00374197 0.0044653 0.00383292 0.00477898 0.00901627 0.00547265 0.00672833 0.00876531 0.00867453 0.00906697 0.00983924 0.00853079 0.00848999 0.0092377 0.00884445 0.0100475 0.00936991 0.00959568 0.00994201 0.00918769 0.00934236 0.00885097 0.0108059 0.00938721 0.0102903 0.00992486 0.00909266 0.00928221 0.00860497 0.0105519 0.00879315 0.00847144 0.00936952 0.00861007 0.0098824 0.00868687 0.00918901 0.0100497 0.00869626 0.0083424 0.00827015 0.00810005 
0.00852259 0.00884103 0.0092454 0.00995103 0.0103768 0.00985713 0.0109343 0.0102621 0.00905111 0.00929478 0.00836242 0.00876101 0.00838679 0.0101241 0.00835803 0.0088048 0.00760326 0.00645542 0.0120759 0.00622336 0.00619741 0.0106868 0.00964174 0.666184 0.00453797 0.0149119 0.00369542 0.00396452 0 0.00378393 0.00369166 0.00373065 0.00376354 0.00430655 0.00440869 0.00416735 0.00397394 0.00681624 0.00743452 0.0090074 0.00767942 0.0085923 0.00854041 0.00891114 0.00886855 0.0105796 0.00938448 0.0106827 0.0101302 0.00913278 0.00922844 0.00847484 0.00866607 0.00886998 0.0110633 0.011685 0.010176 0.00982357 0.00893136 0.00997564 0.0089525 0.00855383 0.00820295 0.00855488 0.00905614 0.00902508 0.0106089 0.0105119 0.00881306 0.00857027 0.00828382 0.00814947 0.00799265 
0.00872804 0.00881249 0.00941428 0.0110217 0.0101552 0.0112318 0.0121265 0.0109297 0.00930191 0.00898447 0.00830105 0.00853906 0.00925007 0.00913511 0.00937726 0.00877282 0.00805494 0.0130823 0.00720547 0.00703328 0.00911711 0.0136237 0.716807 0.0145813 0.00696514 0.00407781 0.00395953 0.00376016 0.00378393 0 0.0037771 0.0036913 0.00400229 0.0038941 0.00397594 0.00395202 0.0038258 0.0068194 0.00797277 0.00832525 0.00786421 0.00931331 0.00871827 0.00897517 0.00981442 0.0102899 0.0101797 0.0107735 0.0111849 0.0102806 0.00945447 0.00872019 0.0088903 0.00983351 0.0122258 0.0111224 0.0110212 0.00970031 0.0096075 0.0101294 0.00879031 0.00874601 0.00823422 0.00899344 0.00932494 0.00960838 0.0122918 0.00959129 0.00919873 0.00863329 0.00838115 0.00824565 0.00796297 
0.00877465 0.00880034 0.01061 0.011194 0.0127288 0.0148626 0.0155407 0.0134373 0.00942589 0.00922456 0.0084224 0.00886568 0.00941492 0.0095344 0.0103295 0.00872537 0.00925328 0.00781877 0.00769447 0.0198118 0.0175925 0.721586 0.0280261 0.00874411 0.00706907 0.00471324 0.0038133 0.00377129 0.00369166 0.0037771 0 0.0037848 0.00372492 0.00370627 0.00388947 0.0038346 0.0039266 0.0063372 0.0084349 0.00756379 0.00923942 0.00970595 0.00893311 0.00930323 0.0114432 0.0101727 0.0132151 0.0133517 0.0139051 0.0116591 0.00911752 0.00925804 0.00875396 0.0102674 0.0120959 0.0154879 0.0128396 0.0116665 0.0110781 0.00914901 0.0100282 0.00857289 0.00821887 0.00916439 0.00920452 0.0164635 0.011749 0.0149256 0.00938764 0.00932965 0.00835268 0.00827369 0.00800601 
0.00852738 0.00979325 0.0092122 0.0141081 0.0133247 0.0154208 0.017885 0.0130434 0.0103171 0.00908815 0.00872138 0.0097206 0.00952459 0.0118494 0.00874 0.0112668 0.00818381 0.00877306 0.0162219 0.0100804 0.71541 0.0371025 0.0111898 0.0105639 0.00763601 0.0045004 0.00419114 0.00374197 0.00373065 0.0036913 0.0037848 0 0.00363133 0.00381688 0.00372576 0.00388495 0.00374264 0.00739849 0.00714114 0.0109191 0.00748637 0.00940259 0.00974974 0.0120215 0.00986666 0.0138601 0.0102135 0.0186553 0.0128294 0.00930388 0.0123834 0.00844505 0.00979471 0.00918092 0.0166185 0.0140651 0.0160896 0.0122902 0.00935383 0.0134792 0.00876029 0.00873546 0.00835199 0.00886021 0.0155968 0.00931257 0.029309 0.0102426 0.0141936 0.00856773 0.00852516 0.00827823 0.00804295 
0.00982404 0.00855306 0.0154172 0.0130936 0.0245311 0.0231342 0.0166977 0.0207837 0.0105104 0.00967491 0.00846812 0.00961725 0.0129187 0.00882301 0.0197899 0.0084184 0.0111114 0.0170881 0.010013 0.735623 0.0241214 0.0124234 0.0107261 0.00717677 0.0064788 0.00643876 0.00400347 0.0044653 0.00376354 0.00400229 0.00372492 0.00363133 0 0.00369818 0.00377945 0.00379582 0.00380537 0.00579456 0.0126726 0.00713335 0.0200732 0.0134618 0.00914468 0.00912174 0.0151649 0.010319 0.0284556 0.0129012 0.0156394 0.0227884 0.00887728 0.0117972 0.00868207 0.0149803 0.0125757 0.026648 0.0175484 0.0128685 0.0144315 0.00918536 0.0115051 0.00883609 0.00843363 0.0115128 0.00881731 0.0469228 0.00971522 0.0398612 0.0093324 0.0100976 0.00859714 0.0085851 0.00810969 
0.00850422 0.0118783 0.00976029 0.0302222 0.0164537 0.0156128 0.0264472 0.0166302 0.0113171 0.00958397 0.00982075 0.0101858 0.00932756 0.0253379 0.00863045 0.0181255 0.00845173 0.0129467 0.68154 0.0295149 0.0260637 0.00932295 0.0081731 0.00783175 0.00740799 0.00579236 0.00431882 0.00383292 0.00430655 0.0038941 0.00370627 0.00381688 0.00369818 0 0.00370661 0.00372899 0.00377191 0.00681949 0.00663632 0.0255061 0.0327215 0.0101744 0.00931991 0.0117351 0.00971559 0.0204083 0.0106302 0.0235329 0.0171114 0.00998257 0.0177398 0.00853755 0.0118106 0.00961899 0.0269599 0.0222839 0.0187386 0.0125285 0.0100686 0.0222802 0.00908518 0.00899633 0.0084613 0.00882782 0.0256198 0.00910194 0.0666974 0.0101029 0.0141272 0.00891076 0.00848231 0.00834114 0.00834292 
0.0103441 0.00853763 0.0203267 0.0107887 0.0153128 0.0220806 0.015577 0.0166045 0.0109562 0.00976655 0.00872231 0.0100121 0.018326 0.00885458 0.0218903 0.00863129 0.0118018 0.532273 0.0296625 0.0454981 0.00890106 0.0103751 0.0100251 0.00848402 0.00707599 0.00809335 0.00404367 0.00477898 0.00440869 0.00397594 0.00388947 0.00372576 0.00377945 0.00370661 0 0.00371505 0.00371294 0.00435643 0.037315 0.0134789 0.466213 0.0123939 0.00887231 0.00900285 0.0143794 0.00985113 0.01981 0.0135496 0.0134403 0.0197909 0.00885588 0.0122824 0.00924611 0.0153878 0.0132501 0.0198493 0.0146124 0.011883 0.0157473 0.00920387 0.0102466 0.00896572 0.00876048 0.0127226 0.00886659 0.051775 0.00947382 0.0256566 0.00939137 0.00969876 0.00869076 0.00872541 0.00816431 
0.00860053 0.0160063 0.00874432 0.00975216 0.0099151 0.00943377 0.0112824 0.0096516 0.0108031 0.00903135 0.0094122 0.00968196 0.00987705 0.011457 0.00873791 0.014509 0.00918439 0.0368836 0.0384491 0.00858986 0.0101106 0.00921243 0.00801659 0.00827075 0.00870118 0.00662613 0.00574676 0.00901627 0.00416735 0.00395202 0.0038346 0.00388495 0.00379582 0.00372899 0.00371505 0 0.00379955 0.0116161 0.0132928 0.521851 0.00682718 0.00947856 0.010834 0.00994236 0.0090784 0.0113278 0.00987759 0.0120602 0.0100247 0.00912512 0.0143671 0.00833896 0.009771 0.00997519 0.0110834 0.0102252 0.0107021 0.00986128 0.00888641 0.0100634 0.00891099 0.00870385 0.00867938 0.00893159 0.0239152 0.00868684 0.0132237 0.00914242 0.0132418 0.00868415 0.00869444 0.00844442 0.0081725 
0.0124881 0.0084617 0.00889537 0.00899309 0.00891174 0.00916733 0.0097739 0.00985914 0.00905056 0.00985357 0.0100593 0.0171952 0.0104156 0.00869227 0.00965096 0.00858526 0.0127612 0.0445081 0.00878448 0.00911784 0.0090139 0.0085882 0.00805318 0.00821475 0.00695918 0.00645729 0.0114852 0.00547265 0.00397394 0.0038258 0.0039266 0.00374264 0.00380537 0.00377191 0.00371294 0.00379955 0 0.0347082 0.453565 0.00528744 0.00668448 0.0196519 0.0096715 0.00828981 0.00961423 0.00960475 0.0101352 0.00939777 0.00986721 0.00926562 0.00847926 0.00988184 0.0159774 0.0100082 0.00944976 0.00971009 0.00933919 0.00916689 0.0090264 0.0085466 0.0086199 0.00866666 0.0100352 0.0259851 0.00872295 0.00961274 0.00884272 0.00925025 0.00881543 0.00937517 0.009764 0.00862862 0.00918907 
0.00835013 0.00896663 0.00862186 0.0100838 0.00951105 0.010074 0.0107409 0.00983273 0.0103311 0.020059 0.0162427 0.0118361 0.0101616 0.012027 0.00870343 0.0375824 0.0138906 0.0106708 0.0122647 0.00872793 0.0113027 0.00988325 0.00920085 0.00880101 0.0098975 0.0161824 0.00898804 0.00672833 0.00681624 0.0068194 0.0063372 0.00739849 0.00579456 0.00681949 0.00435643 0.0116161 0.0347082 0 0.00378135 0.0038675 0.00431878 0.0072946 0.00989005 0.0194051 0.0362895 0.0389549 0.00894105 0.0126532 0.00998579 0.0088171 0.0153468 0.0121128 0.0131136 0.00893499 0.0111644 0.00981036 0.0102998 0.00989206 0.00903477 0.0107623 0.00934603 0.0180353 0.0130624 0.00933638 0.0122932 0.00906635 0.0165414 0.00904233 0.0121296 0.0170668 0.00941672 0.00976348 0.0103312 
0.0091187 0.00857508 0.0120579 0.0108771 0.013406 0.0194248 0.0131521 0.0146144 0.0125836 0.0112563 0.0087086 0.0107381 0.0182852 0.00946494 0.0297116 0.00888542 0.0164877 0.0119405 0.0091897 0.0275847 0.00927134 0.0134406 0.0121179 0.00987153 0.0109457 0.0119398 0.00769488 0.00876531 0.00743452 0.00797277 0.0084349 0.00714114 0.0126726 0.00663632 0.037315 0.0132928 0.453565 0.00378135 0 0.00400426 0.00392043 0.00979963 0.0107167 0.053895 0.0346184 0.00929624 0.022587 0.0109993 0.0112319 0.0181809 0.00944806 0.0230659 0.00871332 0.0227352 0.0106044 0.0174632 0.0121944 0.0109526 0.0125127 0.00895965 0.0178474 0.0102399 0.0090207 0.0130417 0.00895294 0.0447517 0.00929812 0.024222 0.010638 0.0116208 0.00924182 0.00892415 0.0083539 
0.00855171 0.0113363 0.00884773 0.0112598 0.0115383 0.0110529 0.0160464 0.0142062 0.0150596 0.0103203 0.0100695 0.0106649 0.011942 0.0218047 0.00895164 0.0293176 0.00863665 0.00995001 0.0291488 0.00920767 0.0162421 0.0119103 0.00979121 0.0123077 0.0121832 0.00835555 0.00914535 0.00867453 0.0090074 0.00832525 0.00756379 0.0109191 0.00713335 0.0255061 0.0134789 0.521851 0.00528744 0.0038675 0.00400426 0 0.00369951 0.00907175 0.0701084 0.0135197 0.00823016 0.0161613 0.00913186 0.0140555 0.0124717 0.00897518 0.0335052 0.00823604 0.0111441 0.0101837 0.0165613 0.0117648 0.0151906 0.0106177 0.00910403 0.0170069 0.00939486 0.00924077 0.00932925 0.00908962 0.0535614 0.00900928 0.026839 0.0105343 0.0273357 0.0100963 0.0093533 0.0091153 0.00845229 
0.0144694 0.00854658 0.0091784 0.00974341 0.00983395 0.0106632 0.0110964 0.0116094 0.0106856 0.0136919 0.0116012 0.0257903 0.0140217 0.00886904 0.0118439 0.00870163 0.0144291 0.0433686 0.00997357 0.0128823 0.00991777 0.0113263 0.0100424 0.00966843 0.00877508 0.0119945 0.0164845 0.00906697 0.00767942 0.00786421 0.00923942 0.00748637 0.0200732 0.0327215 0.466213 0.00682718 0.00668448 0.00431878 0.00392043 0.00369951 0 0.147324 0.0141905 0.00704657 0.00970966 0.00880423 0.0102176 0.0096243 0.0110896 0.0110727 0.00857308 0.0159617 0.0134602 0.0130026 0.0100874 0.0134731 0.0106883 0.0106861 0.0102044 0.00905231 0.0107226 0.0103004 0.0142455 0.0558787 0.0093286 0.015149 0.00959589 0.0123918 0.010509 0.0157536 0.0132487 0.0116669 0.0103914 
0.00914484 0.00814894 0.00853804 0.0087611 0.00885135 0.00915217 0.00922449 0.00901133 0.00936164 0.0200751 0.0105292 0.0119888 0.00990116 0.00891835 0.0110933 0.00934909 0.0441182 0.0138049 0.00930668 0.0106974 0.00926049 0.0103517 0.0107103 0.00896104 0.0103382 0.0456937 0.0102494 0.00983924 0.0085923 0.00931331 0.00970595 0.00940259 0.0134618 0.0101744 0.0123939 0.00947856 0.0196519 0.0072946 0.00979963 0.00907175 0.147324 0 0.00431074 0.00372595 0.00378385 0.00375806 0.00392422 0.00417408 0.00450676 0.00556663 0.00652539 0.0222021 0.00840616 0.00878003 0.00831405 0.00894355 0.00897804 0.00968747 0.0097214 0.00862523 0.0117077 0.214374 0.0283733 0.0138162 0.00906152 0.0121609 0.00917163 0.00968625 0.0101387 0.0270783 0.00954832 0.0120959 0.0113097 
0.00808552 0.00841484 0.00843701 0.00908083 0.00917819 0.00966895 0.00995599 0.00930995 0.00953774 0.0104612 0.00827519 0.00896603 0.00980766 0.00928822 0.00888921 0.0105708 0.00929651 0.0091055 0.0101494 0.00927036 0.00980694 0.00988515 0.00907676 0.0102502 0.0101639 0.0135789 0.00873175 0.00853079 0.00854041 0.00871827 0.00893311 0.00974974 0.00914468 0.00931991 0.00887231 0.010834 0.0096715 0.00989005 0.0107167 0.0701084 0.0141905 0.00431074 0 0.00372386 0.0036888 0.00371092 0.00368391 0.00387488 0.00388437 0.0044845 0.00748835 0.00555006 0.00664856 0.00801969 0.00821784 0.0101726 0.00927774 0.00950784 0.0084074 0.00933033 0.0413116 0.128902 0.00873059 0.0090067 0.0100069 0.00926386 0.00996689 0.010007 0.0114876 0.00971166 0.00867406 0.00862347 0.00841286 
0.00824405 0.00847547 0.00932578 0.0108932 0.0122275 0.0123844 0.0151002 0.012752 0.0165575 0.00910436 0.00822157 0.00894921 0.00953596 0.0116529 0.0104328 0.00990149 0.008568 0.00949092 0.0115499 0.0113007 0.0141391 0.0112138 0.0117781 0.0107304 0.00988786 0.00891058 0.00873414 0.00848999 0.00891114 0.00897517 0.00930323 0.0120215 0.00912174 0.0117351 0.00900285 0.00994236 0.00828981 0.0194051 0.053895 0.0135197 0.00704657 0.00372595 0.00372386 0 0.00370985 0.00369888 0.0037116 0.00374333 0.0038035 0.00416912 0.00457322 0.00417291 0.00653065 0.00710099 0.00945672 0.00987252 0.0103048 0.00911616 0.00928027 0.0329954 0.38085 0.0129609 0.00802795 0.00881232 0.0103202 0.00963207 0.0144643 0.0130581 0.0111988 0.00923659 0.00867855 0.00896594 0.00816272 
0.00842621 0.00847607 0.0115661 0.0129118 0.0168244 0.021348 0.0226952 0.0227043 0.0107989 0.00991009 0.00830939 0.00982248 0.0123722 0.0126384 0.0186623 0.00922796 0.0104964 0.0110358 0.0107144 0.0244527 0.0134152 0.0183722 0.0185604 0.0114655 0.0124289 0.00965498 0.00878417 0.0092377 0.00886855 0.00981442 0.0114432 0.00986666 0.0151649 0.00971559 0.0143794 0.0090784 0.00961423 0.0362895 0.0346184 0.00823016 0.00970966 0.00378385 0.0036888 0.00370985 0 0.00369422 0.00370313 0.00376058 0.00383569 0.00393944 0.0037854 0.00434055 0.00655996 0.00822718 0.00853789 0.0109037 0.0101648 0.0106344 0.0394176 0.580863 0.0327263 0.00903927 0.00829512 0.010473 0.00914471 0.0213255 0.0124025 0.0236248 0.0105133 0.0104456 0.00887939 0.00931347 0.00838644 
0.00840299 0.00959979 0.0112706 0.0228257 0.0258793 0.0296444 0.0510557 0.0238231 0.0133836 0.0108408 0.00836794 0.0103517 0.016959 0.0266787 0.0111903 0.0140223 0.00947834 0.0106274 0.0245148 0.0159111 0.0438693 0.0257102 0.0161566 0.0245555 0.0110935 0.0093242 0.00957059 0.00884445 0.0105796 0.0102899 0.0101727 0.0138601 0.010319 0.0204083 0.00985113 0.0113278 0.00960475 0.0389549 0.00929624 0.0161613 0.00880423 0.00375806 0.00371092 0.00369888 0.00369422 0 0.00369515 0.00376292 0.00372912 0.00367469 0.00387803 0.00378305 0.00628888 0.00784837 0.0101279 0.0104928 0.0140355 0.0401402 0.658887 0.0485807 0.00989317 0.00950519 0.00835463 0.00913871 0.018638 0.0132495 0.0383766 0.0149577 0.0187653 0.0131614 0.0094308 0.00948761 0.00843467 
0.00888378 0.00902368 0.018738 0.025822 0.0466728 0.0687617 0.0392421 0.0394402 0.0163727 0.0104829 0.0083796 0.0123591 0.0225677 0.0151005 0.0335239 0.00953185 0.0105311 0.0154112 0.0131112 0.0660925 0.0265705 0.0364126 0.0437829 0.0183017 0.0104979 0.00981363 0.00870249 0.0100475 0.00938448 0.0101797 0.0132151 0.0102135 0.0284556 0.0106302 0.01981 0.00987759 0.0101352 0.00894105 0.022587 0.00913186 0.0102176 0.00392422 0.00368391 0.0037116 0.00370313 0.00369515 0 0.00371816 0.00373145 0.00372441 0.00373666 0.00381245 0.00649408 0.00868397 0.00970329 0.0139437 0.0313096 0.742807 0.0371525 0.0105154 0.0108399 0.00905545 0.00801917 0.0113959 0.0112761 0.0474737 0.0133995 0.0453714 0.0184512 0.0113472 0.00950574 0.00997172 0.0083197 
0.00855522 0.0104002 0.013957 0.0370255 0.0520974 0.045138 0.057251 0.0381471 0.0150912 0.010699 0.00867893 0.0170841 0.0207045 0.0355971 0.0137602 0.0167609 0.00945361 0.0121962 0.0382359 0.0282365 0.0619834 0.0439886 0.02786 0.0224074 0.0132891 0.00931155 0.0106256 0.00936991 0.0106827 0.0107735 0.0133517 0.0186553 0.0129012 0.0235329 0.0135496 0.0120602 0.00939777 0.0126532 0.0109993 0.0140555 0.0096243 0.00417408 0.00387488 0.00374333 0.00376058 0.00376292 0.00371816 0 0.00372483 0.00371736 0.0037552 0.0037381 0.00625099 0.00838656 0.0126715 0.0422338 0.750727 0.0245016 0.0132352 0.011512 0.0107301 0.00930212 0.00822292 0.0100125 0.0215665 0.0154773 0.0455915 0.0318941 0.0264866 0.0113208 0.0102472 0.00956996 0.00855337 
0.00869717 0.00902739 0.0143759 0.0296394 0.033742 0.0371813 0.0420399 0.0317844 0.0144598 0.0104535 0.00871941 0.010874 0.0173743 0.0190629 0.0196316 0.0124322 0.00994429 0.0141257 0.0188958 0.0384225 0.0353761 0.0324353 0.018812 0.0201207 0.0108774 0.00978312 0.00934536 0.00959568 0.0101302 0.0111849 0.0139051 0.0128294 0.0156394 0.0171114 0.0134403 0.0100247 0.00986721 0.00998579 0.0112319 0.0124717 0.0110896 0.00450676 0.00388437 0.0038035 0.00383569 0.00372912 0.00373145 0.00372483 0 0.00375147 0.00370492 0.00371439 0.00560263 0.00977537 0.0595228 0.687718 0.0299285 0.0135261 0.00913556 0.0111119 0.00988858 0.00951094 0.00801259 0.0107201 0.0122388 0.0183709 0.0260525 0.0293575 0.0158894 0.0120616 0.00987623 0.00953279 0.00864786 
0.00866684 0.0085801 0.0165088 0.0163444 0.0233647 0.0335854 0.0276038 0.0244599 0.0113308 0.00996369 0.00827126 0.0103781 0.0166182 0.0138983 0.0301439 0.00914495 0.0101165 0.0116039 0.0132839 0.0513035 0.019236 0.0212431 0.0244404 0.0141388 0.00999893 0.00951451 0.00876782 0.00994201 0.00913278 0.0102806 0.0116591 0.00930388 0.0227884 0.00998257 0.0197909 0.00912512 0.00926562 0.0088171 0.0181809 0.00897518 0.0110727 0.00556663 0.0044845 0.00416912 0.00393944 0.00367469 0.00372441 0.00371736 0.00375147 0 0.0037067 0.00371552 0.00432575 0.0457564 0.170628 0.0424579 0.0125036 0.00835663 0.0113639 0.00800806 0.0107776 0.00820255 0.00770555 0.0108079 0.00957288 0.0377718 0.011149 0.0287743 0.0135189 0.011228 0.00991967 0.0093576 0.00834781 
0.00851643 0.0102645 0.00871477 0.0105131 0.0110574 0.0111857 0.0133774 0.0108419 0.0118305 0.00907261 0.00953142 0.0104212 0.0109456 0.0145409 0.00897553 0.0178005 0.0085424 0.0122741 0.0249774 0.0103526 0.0148302 0.0132121 0.00967463 0.0108922 0.0114631 0.00873951 0.0107194 0.00918769 0.00922844 0.00945447 0.00911752 0.0123834 0.00887728 0.0177398 0.00885588 0.0143671 0.00847926 0.0153468 0.00944806 0.0335052 0.00857308 0.00652539 0.00748835 0.00457322 0.0037854 0.00387803 0.00373666 0.0037552 0.00370492 0.0037067 0 0.00370545 0.0536722 0.0782299 0.175467 0.0110356 0.00883393 0.00808293 0.00735878 0.010073 0.00786675 0.00804948 0.00812774 0.00948692 0.0435887 0.00875916 0.0198182 0.0106483 0.0247728 0.0105593 0.0102791 0.00984023 0.00916299 
