1QTFA
KEYSAEEIRKLKQKFEVPPTDKELYTHITDNARSPYNSVGTVFVKGSTLATGVLIGKNTIVTNYHVAREAAKNPSNIIFTPAQNRDAEKNEFPTPYGKFEAEEIKESPYGQGLDLAIIKLKPNEKGESAGDLIQPANIPDHIDIAKGDKYSLLGYPYNYSAYSLYQSQIEMFNDSQYFGYTEVGNSGSGIFNLKGELIGIHSGKGGQHNLPIGVFFNRKISSLYSVDNTFGDTLGNDLKKRAKLDK
CCCCHHHHHHHHHHCCCCCCCCCCEEECCCCCCCCHHHEEEEEECCCEEEEEEEEECCEEEECHHHHHHHCCCHHHEEEEECCCCCCCCCCCCCCCCCEEEEEEECCCCCCCCCCEEEEECCCCCCCCHHHHCCCCCCCCCCCCCCCCEEEEEECCCCCCCCCCEEEEEEECCCCEEECCCCHHHCCCEEECCCCCEEEEEEEEECCCCEEEEEECCCECCCCCCCCCCCCCEHHHHHHHHHHCCC
0 0 0 0 0 0 0 0 0 0 0 0 0 0 0 0 0 0 0 0 0 0 0 0 0 0 0 0 0 0 0 0 0 0 0 0 0 0 0 0 0 0 0 0 0 0 0 0 0 0 0 0 0 0 0 0 0 0 0 0 0 0 0 0 0 0 0 0 0 0 0 0 0 0 0 0 0 0 0 0 0 0 0 0 0 0 0 0 0 0 0 0 0 0 0 0 0 0 0 0 0 0 0 0 0 0 0 0 0 0 0 0 0 0 0 0 0 0 0 0 0 0 0 0 0 0 0 0 0 0 0 0 0 0 0 0 0 0 0 0 0 0 0 0 0 0 0 0 0 0 0 0 0 0 0 0 0 0 0 0 0 0 0 0 0 0 0 0 0 0 0 0 0 0 0 0 0 0 0 0 0 0 0 0 0 0 0 0 0 0 0 0 0 0 0 0 0 0 0 0 0 0 0 0 0 0 0 0 0 0 0 0 0 0 0 0 0 0 0 0 0 0 0 0 0 0 0 0 0 0 0 0 0 0 0 0 0 0 0 0 0 0 0 0 0 0 
0 0 0 0 0 0 0 0 0 0 0 0 0 0 0 0 0 0 0 0 0 0 0 0 0 0 0 0 0 0 0 0 0 0 0 0 0 0 0 0 0 0 0 0 0 0 0 0 0 0 0 0 0 0 0 0 0 0 0 0 0 0 0 0 0 0 0 0 0 0 0 0 0 0 0 0 0 0 0 0 0 0 0 0 0 0 0 0 0 0 0 0 0 0 0 0 0 0 0 0 0 0 0 0 0 0 0 0 0 0 0 0 0 0 0 0 0 0 0 0 0 0 0 0 0 0 0 0 0 0 0 0 0 0 0 0 0 0 0 0 0 0 0 0 0 0 0 0 0 0 0 0 0 0 0 0 0 0 0 0 0 0 0 0 0 0 0 0 0 0 0 0 0 0 0 0 0 0 0 0 0 0 0 0 0 0 0 0 0 0 0 0 0 0 0 0 0 0 0 0 0 0 0 0 0 0 0 0 0 0 0 0 0 0 0 0 0 0 0 0 0 0 0 0 0 0 0 0 0 0 0 0 0 0 0 0 0 0 0 0 0 0 0 0 0 0 
0 0.00389787 0.00499131 0.0140278 0.0150409 0.0222297 0.0328627 0.0141862 0.0932114 0.0163906 0.0123503 0.0109315 0.0107904 0.011585 0.0131735 0.0140147 0.0150498 0.0500527 0.0174814 0.0127874 0.0147827 0.0350086 0.0154971 0.00942508 0.0124622 0.0113986 0.0222272 0.0130734 0.00869494 0.0102159 0.00846948 0.00882703 0.0101272 0.0152106 0.0107308 0.00931239 0.00985723 0.0099413 0.0194805 0.00848634 0.00842113 0.00875176 0.00869694 0.00859247 0.0102169 0.008389 0.00814804 0.00833132 0.00820449 0.00825515 0.00814331 0.00902692 0.00840764 0.00806703 0.00885776 0.00848654 0.00812445 0.00932931 0.00858164 0.008263 0.00856948 0.00837305 0.00811531 0.00816747 0.00809521 0.00825508 0.00913853 0.00825683 0.00802576 0.00824201 0.00853863 0.00835286 0.00941127 0.00942679 0.00889865 
0.00389787 0 0.00383001 0.00870891 0.0241251 0.0214262 0.0100935 0.0513158 0.0105092 0.0127748 0.0236229 0.0113243 0.0119271 0.0112431 0.0137725 0.0151689 0.0514352 0.0107099 0.0154402 0.0261183 0.0351612 0.0132248 0.0110993 0.0202567 0.012048 0.0257696 0.0094112 0.00940419 0.0132723 0.00835025 0.00879043 0.00886996 0.00960384 0.00923921 0.0105348 0.0128438 0.00933067 0.0126808 0.00863683 0.00850932 0.00867127 0.00872179 0.00901074 0.00929859 0.00840908 0.00839597 0.00843739 0.00824563 0.00833262 0.00827773 0.00851 0.00822646 0.00818726 0.0086122 0.00818488 0.00830425 0.00876539 0.0082488 0.00820917 0.00855621 0.00879798 0.00849565 0.00842524 0.00822157 0.00824274 0.00817405 0.00805344 0.00802454 0.00825053 0.0083713 0.00841708 0.00856663 0.00832014 0.0084165 0.00830536 
0.00499131 0.00383001 0 0.0628122 0.0136369 0.0140695 0.0157344 0.0105745 0.0199423 0.0207488 0.012664 0.0125887 0.0107022 0.0114514 0.0144027 0.0364134 0.0254961 0.0274274 0.0264028 0.0214172 0.0148523 0.0237839 0.0283056 0.010989 0.0139992 0.0103179 0.0147685 0.0258708 0.00917284 0.00922197 0.0087441 0.00877365 0.00903745 0.0108068 0.0206415 0.00974092 0.00988715 0.00883427 0.0110673 0.0095549 0.0087646 0.00845316 0.00882868 0.00851688 0.00889375 0.0100904 0.00825491 0.00835914 0.00812502 0.00828042 0.00815817 0.00855408 0.00916055 0.00820138 0.00855439 0.00918096 0.00821133 0.0084752 0.00920563 0.00840718 0.00848832 0.008482 0.00816803 0.0081899 0.00812839 0.00801904 0.00827405 0.00877524 0.00827621 0.0083053 0.00832978 0.00818404 0.00851397 0.00942987 0.00872253 
0.0140278 0.00870891 0.0628122 0 0.00369918 0.0037168 0.00374497 0.00373416 0.004345 0.00520633 0.00568518 0.00602488 0.00812835 0.0160218 0.686252 0.0203136 0.0110811 0.025682 0.010954 0.0117027 0.0126752 0.0317038 0.0161152 0.0122304 0.0148843 0.0131044 0.0238465 0.0151059 0.00933766 0.0109749 0.0095844 0.00955533 0.0117291 0.0193494 0.0156638 0.0120918 0.0120273 0.0112783 0.0230605 0.00840524 0.00890731 0.00977003 0.00962896 0.00909169 0.0116317 0.0082966 0.00830147 0.00866762 0.00821508 0.00850921 0.00905851 0.00951618 0.00827625 0.00835905 0.00921902 0.00822194 0.00830423 0.00943369 0.00851946 0.00845274 0.0086017 0.00886676 0.00821031 0.00835751 0.00817244 0.00808575 0.00850248 0.00812421 0.00808962 0.00832605 0.00842445 0.00843329 0.00934107 0.00871018 0.00896155 
0.0150409 0.0241251 0.0136369 0.00369918 0 0.00370545 0.00373612 0.0037289 0.00386961 0.00533618 0.00597147 0.00700688 0.00975695 0.818397 0.01867 0.0136943 0.0136027 0.0118912 0.0112451 0.0154732 0.0220132 0.0139513 0.0161526 0.0144162 0.0221976 0.0180259 0.0165045 0.0113481 0.00939755 0.0109339 0.00989984 0.0122844 0.0122631 0.0115652 0.0138188 0.0167798 0.0141892 0.0132297 0.0117211 0.00839866 0.00919888 0.0101173 0.0118285 0.0110198 0.00931376 0.00850883 0.00858522 0.0089398 0.00873147 0.00934999 0.00883768 0.00902381 0.00839727 0.00861897 0.00848977 0.00840814 0.00854795 0.00855355 0.00848242 0.00901289 0.00981558 0.00911703 0.00867338 0.00865622 0.00838269 0.00833272 0.00822301 0.00811815 0.00833785 0.00861246 0.00882282 0.00879247 0.00870041 0.00821576 0.00822587 
0.0222297 0.0214262 0.0140695 0.0037168 0.00370545 0 0.00378938 0.00376333 0.00379732 0.00751699 0.010274 0.0122554 0.881263 0.0268407 0.0151172 0.0167923 0.0144159 0.00982631 0.0115095 0.0221248 0.0199353 0.0144813 0.0139868 0.0255153 0.0337811 0.0343219 0.0107942 0.0110107 0.0135797 0.0102834 0.0200745 0.0206657 0.0117603 0.0117986 0.0139734 0.0221614 0.0197654 0.0191229 0.00987469 0.00886289 0.00954298 0.0148268 0.0160811 0.0110742 0.00911807 0.00876803 0.00890195 0.00923865 0.00957562 0.00926726 0.0095143 0.00858742 0.00851077 0.00866394 0.00833977 0.00858959 0.00871262 0.00838248 0.00858394 0.00931891 0.010671 0.00969701 0.00901326 0.00859478 0.00865072 0.00839675 0.00818301 0.00820302 0.00837389 0.00893071 0.00921097 0.00883385 0.00868694 0.00824253 0.00816276 
0.0328627 0.0100935 0.0157344 0.00374497 0.00373612 0.00378938 0 0.00372078 0.00377506 0.00599079 0.0153678 0.900228 0.018746 0.0115784 0.01109 0.0176352 0.0104507 0.010031 0.00992023 0.0204104 0.0193818 0.0116438 0.0170327 0.0117184 0.111968 0.0128921 0.0110825 0.0138888 0.00887274 0.02826 0.0104579 0.0146147 0.0126047 0.00998282 0.0127724 0.0170126 0.0417115 0.00993266 0.0133138 0.00841982 0.0105647 0.01163 0.0171188 0.010342 0.00898058 0.00861092 0.00875337 0.0101157 0.00856601 0.0101432 0.00871144 0.00865071 0.00834518 0.00863794 0.00832581 0.00856216 0.00862621 0.00846601 0.008577 0.00915257 0.0103442 0.00985834 0.00879807 0.0087944 0.00862712 0.00828122 0.00815143 0.00808361 0.00829004 0.00885968 0.0092705 0.00868038 0.00856602 0.00814136 0.00810424 
0.0141862 0.0513158 0.0105745 0.00373416 0.0037289 0.00376333 0.00372078 0 0.00379422 0.0225757 0.898742 0.00992431 0.00832987 0.0091134 0.0117122 0.0117444 0.00989163 0.00904644 0.0137811 0.0161208 0.0157275 0.0129789 0.0105251 0.0419126 0.011438 0.0271055 0.00966261 0.0101637 0.0301015 0.00865248 0.0117799 0.0111314 0.010335 0.0101071 0.0127927 0.0184721 0.00952446 0.0193021 0.00863832 0.00951818 0.00887426 0.0104657 0.00990736 0.00955947 0.00855686 0.0090725 0.00873635 0.0084606 0.0091016 0.00850135 0.00881078 0.00826596 0.00852953 0.00851629 0.00822362 0.00874023 0.00860143 0.00820138 0.00873376 0.00880368 0.00988278 0.00888462 0.00847913 0.0083926 0.00831529 0.00825101 0.00806345 0.00822679 0.00836929 0.00858988 0.008525 0.00846031 0.00827572 0.00867981 0.00826635 
0.0932114 0.0105092 0.0199423 0.004345 0.00386961 0.00379732 0.00377506 0.00379422 0 0.916762 0.00670209 0.00600923 0.00703356 0.0111559 0.00748114 0.00813139 0.00830043 0.0118763 0.0154233 0.0125378 0.0121534 0.0126394 0.0563485 0.0108226 0.0133391 0.0101302 0.0161507 0.0566268 0.0092637 0.0129397 0.00878069 0.00878254 0.0101791 0.011757 0.0209863 0.0104928 0.0120922 0.00860582 0.0175006 0.0100288 0.00964032 0.00875369 0.00881822 0.00875507 0.0092828 0.010473 0.00838949 0.00853916 0.00811351 0.00854741 0.00825939 0.00849473 0.00915524 0.00829902 0.00852544 0.00905787 0.00828733 0.008536 0.00957367 0.00847735 0.00841408 0.00845132 0.00817685 0.00826985 0.00818846 0.00805394 0.00849804 0.00922045 0.00835204 0.00827215 0.0082505 0.00821571 0.00829079 0.00937657 0.00871592 
0.0163906 0.0127748 0.0207488 0.00520633 0.00533618 0.00751699 0.00599079 0.0225757 0.916762 0 0.00374261 0.00368832 0.00379168 0.00370508 0.0038483 0.00480877 0.00558486 0.00826872 0.00935681 0.00822262 0.00958908 0.0461307 0.0123182 0.0117538 0.0107347 0.0127116 0.0168983 0.0121568 0.0130358 0.00890994 0.00976059 0.00961263 0.00957667 0.0221715 0.0185446 0.0107736 0.00895728 0.0141012 0.013755 0.00952682 0.00837258 0.00885918 0.00906942 0.00877488 0.0107911 0.00833628 0.00813731 0.00808042 0.00844677 0.00810243 0.00852889 0.00914302 0.00846845 0.0082027 0.00892385 0.00822032 0.00806567 0.00969262 0.00840817 0.00823556 0.00849736 0.0081993 0.00805791 0.00803339 0.00802274 0.00826706 0.00847593 0.00822025 0.0079786 0.00818001 0.00815721 0.00826225 0.00943932 0.0103851 0.00937097 
0.0123503 0.0236229 0.012664 0.00568518 0.00597147 0.010274 0.0153678 0.898742 0.00670209 0.00374261 0 0.0037103 0.00368545 0.00367882 0.00377986 0.00391369 0.00411013 0.00440419 0.00651384 0.00869512 0.0177953 0.00814476 0.0173002 0.0127535 0.0208678 0.0157137 0.0121404 0.0123493 0.00925252 0.0111245 0.00934564 0.0104184 0.0130147 0.0106648 0.0140422 0.0165018 0.0149994 0.0105733 0.0122712 0.0082463 0.00937273 0.00954285 0.0105401 0.0107622 0.00904377 0.00827846 0.00834426 0.00853809 0.00832582 0.00868236 0.00877833 0.00852394 0.00811083 0.00856754 0.00827509 0.00826965 0.00847348 0.00836027 0.00835346 0.00868572 0.00903424 0.00876601 0.0083504 0.0083835 0.00837456 0.00819196 0.00810035 0.00802916 0.00824313 0.00842718 0.00878647 0.00842404 0.0083189 0.00819875 0.00813023 
0.0109315 0.0113243 0.0125887 0.00602488 0.00700688 0.0122554 0.900228 0.00992431 0.00600923 0.00368832 0.0037103 0 0.00369995 0.00369538 0.00373687 0.00406782 0.00391876 0.00389802 0.00593271 0.0133945 0.00927809 0.0078997 0.0107563 0.015871 0.0403063 0.015836 0.0103754 0.00970453 0.010075 0.0132404 0.0118188 0.0201415 0.0121329 0.0104465 0.0131987 0.0191068 0.0264411 0.0126722 0.0101818 0.00832264 0.00968305 0.015339 0.0248269 0.0123999 0.00926819 0.00838962 0.00873359 0.00953358 0.00939658 0.0106283 0.00901656 0.00893599 0.00827819 0.00856298 0.00839559 0.00839327 0.00862043 0.00841776 0.00844616 0.00931186 0.0113842 0.0105072 0.00869693 0.00875316 0.00861179 0.00829521 0.00812843 0.00812756 0.00829331 0.00892307 0.00896201 0.00931931 0.00850658 0.00798402 0.00801781 
0.0107904 0.0119271 0.0107022 0.00812835 0.00975695 0.881263 0.018746 0.00832987 0.00703356 0.00379168 0.00368545 0.00369995 0 0.00370326 0.00405607 0.00377554 0.00368677 0.00380067 0.0068807 0.00797455 0.00906381 0.0143403 0.0115332 0.0203462 0.0257296 0.0154445 0.010398 0.00997413 0.0136105 0.00975282 0.0184482 0.0170805 0.0115979 0.0111195 0.015785 0.0227884 0.0184657 0.0160267 0.00945044 0.00880715 0.0093798 0.0216666 0.023346 0.0127428 0.00977188 0.00858569 0.00905626 0.00938084 0.0111201 0.00923605 0.00982255 0.00853968 0.00845828 0.00873236 0.00842909 0.00859106 0.00866246 0.00842116 0.00845448 0.00992579 0.0123094 0.0102901 0.00919335 0.00895981 0.00871929 0.00828638 0.00809311 0.00811224 0.00844174 0.00888149 0.00932351 0.00866971 0.00852137 0.00806569 0.00811079 
0.011585 0.0112431 0.0114514 0.0160218 0.818397 0.0268407 0.0115784 0.0091134 0.0111559 0.00370508 0.00367882 0.00369538 0.00370326 0 0.00370517 0.00371121 0.00372084 0.00376323 0.00989939 0.0106916 0.0126506 0.165378 0.0155063 0.0147841 0.0303094 0.0138723 0.0106482 0.0121947 0.00978698 0.0189975 0.0120568 0.017164 0.0129558 0.0106666 0.0177669 0.0228593 0.0343776 0.0114209 0.0122694 0.00852294 0.0127919 0.0173236 0.0255692 0.0127447 0.00987818 0.00863553 0.00902297 0.0113785 0.00946766 0.0129474 0.00920815 0.00932903 0.00832322 0.0088331 0.00852844 0.00849606 0.00892638 0.00855064 0.0085578 0.00964284 0.0118617 0.0115165 0.00898503 0.00914597 0.00874853 0.00837284 0.00814295 0.0081981 0.00847855 0.009164 0.00933752 0.0091006 0.00855394 0.00805309 0.00813711 
0.0131735 0.0137725 0.0144027 0.686252 0.01867 0.0151172 0.01109 0.0117122 0.00748114 0.0038483 0.00377986 0.00373687 0.00405607 0.00370517 0 0.00376056 0.00371182 0.00376856 0.0047194 0.00868192 0.537398 0.0833013 0.0126673 0.0183115 0.0408639 0.018241 0.0120927 0.0110715 0.0134274 0.0152231 0.0204237 0.0240635 0.0163254 0.0116895 0.0214315 0.034489 0.0429173 0.018261 0.0110051 0.00937856 0.0118412 0.0264996 0.0360742 0.0165408 0.010444 0.00918251 0.0103908 0.0116341 0.0111886 0.0104579 0.0107054 0.00916693 0.00852868 0.00927914 0.00875479 0.00907825 0.00910246 0.00886243 0.00895492 0.01049 0.0137592 0.011957 0.0103215 0.0090979 0.00884856 0.00845136 0.00827092 0.00822491 0.0087364 0.00937615 0.00990181 0.00928314 0.0092844 0.00806704 0.00816898 
0.0140147 0.0151689 0.0364134 0.0203136 0.0136943 0.0167923 0.0176352 0.0117444 0.00813139 0.00480877 0.00391369 0.00406782 0.00377554 0.00371121 0.00376056 0 0.00371554 0.00378349 0.00494577 0.507132 0.0719497 0.00968826 0.0106591 0.0193729 0.0502685 0.0260832 0.01181 0.0102236 0.0128886 0.0148039 0.0210181 0.0372299 0.0147577 0.011524 0.0239107 0.0430819 0.0512888 0.0190355 0.0104558 0.00885991 0.011847 0.0257133 0.043269 0.0167402 0.0102111 0.00950456 0.00974796 0.0119722 0.0106399 0.0115501 0.0104874 0.00926123 0.00859439 0.00922951 0.00866889 0.00905884 0.00919709 0.00893342 0.00887554 0.0103275 0.0152363 0.0128411 0.00959269 0.00931711 0.00906491 0.00848791 0.00822981 0.00823512 0.00862168 0.00975281 0.0105952 0.00932408 0.00914883 0.00811324 0.00824296 
0.0150498 0.0514352 0.0254961 0.0110811 0.0136027 0.0144159 0.0104507 0.00989163 0.00830043 0.00558486 0.00411013 0.00391876 0.00368677 0.00372084 0.00371182 0.00371554 0 0.00379272 0.0142168 0.148071 0.0154954 0.00508606 0.0114891 0.016039 0.0232267 0.0273114 0.0172536 0.0132941 0.0134074 0.0102112 0.0111768 0.0122933 0.026231 0.0132164 0.0154185 0.0236886 0.0196802 0.0195932 0.011026 0.00924613 0.00996473 0.0121652 0.0171161 0.0169576 0.0104684 0.00985238 0.00913353 0.00910983 0.00924747 0.00926213 0.00983623 0.00896749 0.00907926 0.00979272 0.00863449 0.00909365 0.00934863 0.00866104 0.00898145 0.00981078 0.0108379 0.0102268 0.00877659 0.00862773 0.00855098 0.00832286 0.00812557 0.00818673 0.00837951 0.00900646 0.00899992 0.0089005 0.00851187 0.00830827 0.00833755 
0.0500527 0.0107099 0.0274274 0.025682 0.0118912 0.00982631 0.010031 0.00904644 0.0118763 0.00826872 0.00440419 0.00389802 0.00380067 0.00376323 0.00376856 0.00378349 0.00379272 0 0.711962 0.00556337 0.00433837 0.00482958 0.0184435 0.0130106 0.0121452 0.0123116 0.0209196 0.0333492 0.00914675 0.0104497 0.00889337 0.00921481 0.0103811 0.0168464 0.0227071 0.0111676 0.0116493 0.00912114 0.0168072 0.00971919 0.00984174 0.00910188 0.00969089 0.0103228 0.0111731 0.0127367 0.00847874 0.00883153 0.00834038 0.0090706 0.00865591 0.00938799 0.0100734 0.00849011 0.00891281 0.00945499 0.00840164 0.00878596 0.00938277 0.00859233 0.00927354 0.00871322 0.00835368 0.00827035 0.00815171 0.00808725 0.00840142 0.00854493 0.00816883 0.00828703 0.00850335 0.00825602 0.00849466 0.00877408 0.00852594 
0.0174814 0.0154402 0.0264028 0.010954 0.0112451 0.0115095 0.00992023 0.0137811 0.0154233 0.00935681 0.00651384 0.00593271 0.0068807 0.00989939 0.0047194 0.00494577 0.0142168 0.711962 0 0.00371915 0.00372145 0.00455536 0.0116137 0.0217834 0.0139322 0.0199706 0.0269396 0.0196867 0.0156321 0.00971802 0.0116985 0.0105977 0.0107116 0.0293926 0.0357082 0.0200542 0.0107939 0.0364305 0.0185687 0.011094 0.00985856 0.0105921 0.00982146 0.00955512 0.0132434 0.00955877 0.00853222 0.00843069 0.00866146 0.00838658 0.00931713 0.0103536 0.00907769 0.00883339 0.00927638 0.00876263 0.00846504 0.0103469 0.00888183 0.00903211 0.00903619 0.00872565 0.00837574 0.00833965 0.00828657 0.00835157 0.00865366 0.00839805 0.00815569 0.00841466 0.00845546 0.00845127 0.00971133 0.0098896 0.00967768 
0.0127874 0.0261183 0.0214172 0.0117027 0.0154732 0.0221248 0.0204104 0.0161208 0.0125378 0.00822262 0.00869512 0.0133945 0.00797455 0.0106916 0.00868192 0.507132 0.148071 0.00556337 0.00371915 0 0.00381169 0.00374692 0.0174742 0.0191696 0.0841218 0.0325533 0.0134268 0.0131467 0.0109211 0.0172089 0.0116275 0.0174327 0.023178 0.0113734 0.0203708 0.0350106 0.0600041 0.0155533 0.0134416 0.00875189 0.0114953 0.0162873 0.0206025 0.014486 0.00993081 0.00908379 0.00915331 0.00989792 0.00892243 0.0104264 0.00966179 0.00933362 0.00861792 0.00954044 0.00890765 0.00883372 0.00930115 0.00909119 0.00881271 0.00988241 0.011235 0.0102693 0.00883055 0.00878115 0.00869812 0.00842133 0.00820528 0.00822747 0.00857612 0.00902908 0.0094927 0.0092052 0.00894376 0.0083599 0.00835803 
0.0147827 0.0351612 0.0148523 0.0126752 0.0220132 0.0199353 0.0193818 0.0157275 0.0121534 0.00958908 0.0177953 0.00927809 0.00906381 0.0126506 0.537398 0.0719497 0.0154954 0.00433837 0.00372145 0.00381169 0 0.00379792 0.0137371 0.035865 0.0557367 0.0983977 0.0170282 0.0129416 0.0140783 0.0120479 0.0112661 0.0180907 0.0324134 0.0132403 0.0151469 0.0476593 0.0290632 0.0227081 0.0126279 0.00909545 0.0121853 0.0140042 0.026399 0.0240145 0.0107061 0.00961897 0.00956181 0.00993009 0.00981838 0.0102793 0.0109106 0.00971119 0.00934645 0.0113987 0.00878456 0.00948016 0.0103433 0.00865451 0.00911755 0.0105859 0.0119228 0.0105254 0.00887871 0.00864185 0.00885129 0.00830976 0.00814926 0.0081559 0.00856935 0.00908524 0.00929016 0.00940861 0.00845774 0.00826163 0.00830554 
0.0350086 0.0132248 0.0237839 0.0317038 0.0139513 0.0144813 0.0116438 0.0129789 0.0126394 0.0461307 0.00814476 0.0078997 0.0143403 0.165378 0.0833013 0.00968826 0.00508606 0.00482958 0.00455536 0.00374692 0.00379792 0 0.0225386 0.0150081 0.0274472 0.0186544 0.0611672 0.029847 0.0143429 0.0098932 0.0106901 0.0104249 0.0121479 0.0289718 0.0632156 0.0172013 0.0114409 0.0136047 0.0125901 0.0141801 0.0109977 0.0109572 0.0119554 0.0122742 0.0177972 0.0166858 0.00876108 0.00889604 0.00879862 0.0088846 0.00946148 0.0107318 0.0133073 0.00899832 0.0102744 0.0103561 0.00872841 0.0094703 0.0107695 0.0102467 0.0100956 0.00909102 0.00852576 0.00857686 0.00839801 0.00821928 0.00848585 0.0101458 0.00824676 0.00867641 0.00863734 0.00845403 0.00941154 0.0103608 0.00981861 
0.0154971 0.0110993 0.0283056 0.0161152 0.0161526 0.0139868 0.0170327 0.0105251 0.0563485 0.0123182 0.0173002 0.0107563 0.0115332 0.0155063 0.0126673 0.0106591 0.0114891 0.0184435 0.0116137 0.0174742 0.0137371 0.0225386 0 0.00369977 0.00371427 0.00372916 0.00391117 0.0620218 0.00884996 0.0402038 0.00938568 0.0122587 0.0155998 0.024308 0.0293473 0.0148786 0.0199179 0.0106025 0.102205 0.0101237 0.0137792 0.0104967 0.0117542 0.0100904 0.0161724 0.00973822 0.00880554 0.0101642 0.0082933 0.0108401 0.00900425 0.0132332 0.00870091 0.00892656 0.0107285 0.00892497 0.00864716 0.0136719 0.00930365 0.00881476 0.00907718 0.00970269 0.00837832 0.0090122 0.00837558 0.00829713 0.00954735 0.00865252 0.00830042 0.00856131 0.00878944 0.0090713 0.0104625 0.00912896 0.00938967 
0.00942508 0.0202567 0.010989 0.0122304 0.0144162 0.0255153 0.0117184 0.0419126 0.0108226 0.0117538 0.0127535 0.015871 0.0203462 0.0147841 0.0183115 0.0193729 0.016039 0.0130106 0.0217834 0.0191696 0.035865 0.0150081 0.00369977 0 0.00369561 0.00368988 0.00378729 0.0128337 0.113997 0.0116388 0.057348 0.0141939 0.0165379 0.0139716 0.0163516 0.0403081 0.0116707 0.07473 0.0107151 0.00992751 0.0100197 0.0225246 0.0158129 0.0141046 0.0096942 0.00884099 0.00949683 0.00885085 0.0117958 0.00920957 0.0124623 0.00896388 0.00856993 0.00902114 0.00881484 0.00857159 0.00897607 0.00872571 0.00843887 0.00910784 0.0123501 0.00933298 0.00998108 0.00860937 0.0084917 0.00843877 0.00817527 0.00825002 0.00833854 0.00890125 0.00922825 0.00878278 0.00871898 0.00847954 0.00826067 
0.0124622 0.012048 0.0139992 0.0148843 0.0221976 0.0337811 0.111968 0.011438 0.0133391 0.0107347 0.0208678 0.0403063 0.0257296 0.0303094 0.0408639 0.0502685 0.0232267 0.0121452 0.0139322 0.0841218 0.0557367 0.0274472 0.00371427 0.00369561 0 0.00371461 0.00370187 0.0450251 0.0125259 0.082477 0.0189949 0.0677197 0.0227332 0.0128417 0.020679 0.0286245 0.140482 0.0135317 0.0144672 0.00951015 0.0196847 0.0278865 0.0807422 0.0203657 0.010752 0.00982521 0.0104736 0.0192097 0.0105004 0.022766 0.0103107 0.00986498 0.00942876 0.0095563 0.00927296 0.00941814 0.00947797 0.00933422 0.00927348 0.0120149 0.0172713 0.0187929 0.0100499 0.00990128 0.00951053 0.00859386 0.00827567 0.00832349 0.00878908 0.0105491 0.011853 0.0096867 0.00897452 0.00812937 0.00815331 
0.0113986 0.0257696 0.0103179 0.0131044 0.0180259 0.0343219 0.0128921 0.0271055 0.0101302 0.0127116 0.0157137 0.015836 0.0154445 0.0138723 0.018241 0.0260832 0.0273114 0.0123116 0.0199706 0.0325533 0.0983977 0.0186544 0.00372916 0.00368988 0.00371461 0 0.00421979 0.0128565 0.0389115 0.0109159 0.0211251 0.0246618 0.0558563 0.0157269 0.0152912 0.0444955 0.0129004 0.0334955 0.00945024 0.00975765 0.0107584 0.0168362 0.0186655 0.0316055 0.0110591 0.00971372 0.0109 0.00904392 0.0106121 0.00920546 0.0150058 0.00929777 0.00898605 0.0104441 0.00920979 0.00899549 0.00927002 0.00857838 0.0088716 0.00956142 0.012747 0.0101774 0.00919324 0.00863479 0.00852425 0.00842053 0.00808619 0.00819703 0.00837088 0.00888771 0.00943088 0.00917699 0.00838333 0.00824233 0.00811546 
0.0222272 0.0094112 0.0147685 0.0238465 0.0165045 0.0107942 0.0110825 0.00966261 0.0161507 0.0168983 0.0121404 0.0103754 0.010398 0.0106482 0.0120927 0.01181 0.0172536 0.0209196 0.0269396 0.0134268 0.0170282 0.0611672 0.00391117 0.00378729 0.00370187 0.00421979 0 0.0291323 0.0102082 0.0130311 0.0096889 0.0101561 0.0204824 0.0676904 0.0285981 0.0122075 0.011848 0.010205 0.0189176 0.0115161 0.00991848 0.00971082 0.0107413 0.0114358 0.0173437 0.0143439 0.00853455 0.00916533 0.00845116 0.00891988 0.00905 0.0100939 0.0114098 0.00856467 0.00986882 0.0100888 0.00846382 0.00923649 0.0101118 0.00888199 0.00920585 0.00898606 0.00844155 0.00830793 0.00819591 0.00814856 0.00816083 0.00884965 0.00822535 0.00838231 0.00856619 0.00839279 0.0087734 0.00894324 0.0087687 
0.0130734 0.00940419 0.0258708 0.0151059 0.0113481 0.0110107 0.0138888 0.0101637 0.0566268 0.0121568 0.0123493 0.00970453 0.00997413 0.0121947 0.0110715 0.0102236 0.0132941 0.0333492 0.0196867 0.0131467 0.0129416 0.029847 0.0620218 0.0128337 0.0450251 0.0128565 0.0291323 0 0.00382151 0.00408093 0.00378305 0.00388081 0.00475241 0.0091095 0.0212671 0.0109572 0.0184725 0.0121791 0.162006 0.0114671 0.0162931 0.00964711 0.0107894 0.00986075 0.0221314 0.0102691 0.00870548 0.010008 0.00840311 0.0108839 0.0086936 0.0196011 0.0089911 0.00901258 0.0116515 0.00914651 0.00855036 0.0143228 0.0102728 0.00884781 0.00878933 0.00927281 0.00829271 0.00871548 0.00830252 0.00837539 0.0130228 0.00888433 0.00820846 0.00831842 0.00863489 0.00867716 0.0105509 0.0101458 0.00994053 
0.00869494 0.0132723 0.00917284 0.00933766 0.00939755 0.0135797 0.00887274 0.0301015 0.0092637 0.0130358 0.00925252 0.010075 0.0136105 0.00978698 0.0134274 0.0128886 0.0134074 0.00914675 0.0156321 0.0109211 0.0140783 0.0143429 0.00884996 0.113997 0.0125259 0.0389115 0.0102082 0.00382151 0 0.00368851 0.00371364 0.00365589 0.0036836 0.00430478 0.00975041 0.0165293 0.00851199 0.110052 0.0106207 0.0140383 0.00949428 0.0170924 0.010041 0.0129032 0.00923773 0.00912238 0.009139 0.00849102 0.0120867 0.00848413 0.0191271 0.00865654 0.00881913 0.00901205 0.00859832 0.00860271 0.00875571 0.00848069 0.00860875 0.00854682 0.0110088 0.00842698 0.00864183 0.00820539 0.00813541 0.00876584 0.00813559 0.00813262 0.00813468 0.00843465 0.00859085 0.00845702 0.00902905 0.00940994 0.00856866 
0.0102159 0.00835025 0.00922197 0.0109749 0.0109339 0.0102834 0.02826 0.00865248 0.0129397 0.00890994 0.0111245 0.0132404 0.00975282 0.0189975 0.0152231 0.0148039 0.0102112 0.0104497 0.00971802 0.0172089 0.0120479 0.0098932 0.0402038 0.0116388 0.082477 0.0109159 0.0130311 0.00408093 0.00368851 0 0.0037257 0.00371301 0.0039162 0.00382298 0.00978366 0.00857561 0.0381993 0.00911468 0.235538 0.00883086 0.0173779 0.0101709 0.0243563 0.0100266 0.00933547 0.00896899 0.00873193 0.013968 0.00840416 0.0224224 0.00854791 0.00943552 0.00863943 0.00861969 0.00872085 0.00874238 0.00851329 0.00859556 0.00884112 0.00928861 0.00970775 0.0138237 0.00875706 0.00916789 0.00881291 0.00816138 0.00838367 0.00816333 0.00826882 0.00882183 0.00972671 0.00880223 0.00834239 0.00810068 0.00804002 
0.00846948 0.00879043 0.0087441 0.0095844 0.00989984 0.0200745 0.0104579 0.0117799 0.00878069 0.00976059 0.00934564 0.0118188 0.0184482 0.0120568 0.0204237 0.0210181 0.0111768 0.00889337 0.0116985 0.0116275 0.0112661 0.0106901 0.00938568 0.057348 0.0189949 0.0211251 0.0096889 0.00378305 0.00371364 0.0037257 0 0.00370957 0.00369541 0.00381825 0.00855791 0.0145261 0.011908 0.0681989 0.0223138 0.00909599 0.00934381 0.0236571 0.0168643 0.0111374 0.00914573 0.00882328 0.0093052 0.00882312 0.0244629 0.00895828 0.00961845 0.00859588 0.0084572 0.00863678 0.00851966 0.00856924 0.00842018 0.00853597 0.00839882 0.00901046 0.0150577 0.0097769 0.00962945 0.00914578 0.0084149 0.0082291 0.00808934 0.00808919 0.00814402 0.00927638 0.0102476 0.00853976 0.00858345 0.00823611 0.00810101 
0.00882703 0.00886996 0.00877365 0.00955533 0.0122844 0.0206657 0.0146147 0.0111314 0.00878254 0.00961263 0.0104184 0.0201415 0.0170805 0.017164 0.0240635 0.0372299 0.0122933 0.00921481 0.0105977 0.0174327 0.0180907 0.0104249 0.0122587 0.0141939 0.0677197 0.0246618 0.0101561 0.00388081 0.00365589 0.00371301 0.00370957 0 0.00371701 0.00369836 0.0152866 0.0233035 0.0489434 0.281977 0.00850917 0.00950009 0.0110668 0.0273632 0.0280473 0.0134798 0.00925359 0.00926431 0.00954873 0.0143846 0.0107166 0.0106948 0.0098983 0.00899445 0.00874547 0.00889539 0.00875499 0.00878391 0.00884662 0.0087004 0.00860774 0.0112223 0.0165703 0.0123845 0.0104126 0.00916659 0.0088836 0.00824268 0.00803277 0.00813184 0.00841124 0.0100077 0.0105989 0.00891144 0.00858072 0.00821228 0.00807784 
0.0101272 0.00960384 0.00903745 0.0117291 0.0122631 0.0117603 0.0126047 0.010335 0.0101791 0.00957667 0.0130147 0.0121329 0.0115979 0.0129558 0.0163254 0.0147577 0.026231 0.0103811 0.0107116 0.023178 0.0324134 0.0121479 0.0155998 0.0165379 0.0227332 0.0558563 0.0204824 0.00475241 0.0036836 0.0039162 0.00369541 0.00371701 0 0.00370701 0.0169864 0.0526376 0.247712 0.0118806 0.0142286 0.00955493 0.0182488 0.0117635 0.0187454 0.024922 0.0110365 0.00973347 0.0118811 0.0104027 0.00902291 0.0106208 0.0106203 0.00985511 0.00900575 0.0117787 0.0090212 0.00906042 0.0103211 0.00880155 0.00892625 0.0100321 0.010663 0.0119724 0.00873645 0.00872347 0.00850184 0.00826899 0.00811968 0.00825834 0.00845106 0.00891009 0.00962247 0.00969217 0.00858932 0.008249 0.00811112 
0.0152106 0.00923921 0.0108068 0.0193494 0.0115652 0.0117986 0.00998282 0.0101071 0.011757 0.0221715 0.0106648 0.0104465 0.0111195 0.0106666 0.0116895 0.011524 0.0132164 0.0168464 0.0293926 0.0113734 0.0132403 0.0289718 0.024308 0.0139716 0.0128417 0.0157269 0.0676904 0.0091095 0.00430478 0.00382298 0.00381825 0.00369836 0.00370701 0 0.0495308 0.222149 0.00928065 0.0158018 0.0208439 0.0194129 0.0104028 0.0114568 0.0105496 0.0132112 0.0264386 0.0223847 0.00967966 0.00896947 0.00919194 0.00887863 0.0105024 0.0113972 0.0149678 0.00901986 0.0118383 0.0131655 0.00898384 0.0103085 0.0130292 0.00936639 0.0105485 0.0092463 0.00876392 0.00852675 0.00822838 0.00825634 0.00853527 0.0103366 0.00848727 0.00854738 0.00889768 0.00861744 0.00972293 0.010733 0.00954012 
0.0107308 0.0105348 0.0206415 0.0156638 0.0138188 0.0139734 0.0127724 0.0127927 0.0209863 0.0185446 0.0140422 0.0131987 0.015785 0.0177669 0.0214315 0.0239107 0.0154185 0.0227071 0.0357082 0.0203708 0.0151469 0.0632156 0.0293473 0.0163516 0.020679 0.0152912 0.0285981 0.0212671 0.00975041 0.00978366 0.00855791 0.0152866 0.0169864 0.0495308 0 0.00378451 0.00375637 0.00386336 0.00475798 0.17574 0.0357105 0.0219484 0.0171689 0.0151394 0.0373318 0.0225971 0.0117261 0.0118487 0.0103678 0.0126396 0.0125062 0.0250966 0.0160002 0.0109737 0.0175233 0.0131844 0.0108748 0.0218551 0.0141455 0.0187405 0.0172155 0.0149736 0.0100634 0.0101406 0.00911281 0.00940534 0.0118885 0.00942572 0.00900863 0.0102895 0.0111552 0.0108642 0.0186611 0.0123473 0.0119084 
0.00931239 0.0128438 0.00974092 0.0120918 0.0167798 0.0221614 0.0170126 0.0184721 0.0104928 0.0107736 0.0165018 0.0191068 0.0227884 0.0228593 0.034489 0.0430819 0.0236886 0.0111676 0.0200542 0.0350106 0.0476593 0.0172013 0.0148786 0.0403081 0.0286245 0.0444955 0.0122075 0.0109572 0.0165293 0.00857561 0.0145261 0.0233035 0.0526376 0.222149 0.00378451 0 0.00385711 0.0038112 0.00375971 0.0327532 0.0880094 0.0569331 0.0353504 0.0357491 0.0132344 0.0132177 0.0189938 0.0118881 0.0216264 0.0126493 0.030849 0.0105274 0.0116888 0.0157537 0.0112989 0.0109803 0.0147956 0.0102733 0.0118727 0.0182308 0.0371789 0.0179472 0.014756 0.0103051 0.00988782 0.00958113 0.00856257 0.00867288 0.00955881 0.0119235 0.0143288 0.0141922 0.0101706 0.00870467 0.00863448 
0.00985723 0.00933067 0.00988715 0.0120273 0.0141892 0.0197654 0.0417115 0.00952446 0.0120922 0.00895728 0.0149994 0.0264411 0.0184657 0.0343776 0.0429173 0.0512888 0.0196802 0.0116493 0.0107939 0.0600041 0.0290632 0.0114409 0.0199179 0.0116707 0.140482 0.0129004 0.011848 0.0184725 0.00851199 0.0381993 0.011908 0.0489434 0.247712 0.00928065 0.00375637 0.00385711 0 0.00370342 0.00398939 0.0134036 0.0614523 0.0522875 0.113252 0.0239506 0.0118054 0.0115409 0.0105519 0.042658 0.00999807 0.0708204 0.0104438 0.0121481 0.010456 0.0117252 0.0106504 0.0106353 0.0103096 0.0107071 0.010351 0.0189466 0.0245226 0.0538224 0.0112729 0.015259 0.0118986 0.00866775 0.00886341 0.00871937 0.00949807 0.0140675 0.0217122 0.0128577 0.00938782 0.00833268 0.00850995 
0.0099413 0.0126808 0.00883427 0.0112783 0.0132297 0.0191229 0.00993266 0.0193021 0.00860582 0.0141012 0.0105733 0.0126722 0.0160267 0.0114209 0.018261 0.0190355 0.0195932 0.00912114 0.0364305 0.0155533 0.0227081 0.0136047 0.0106025 0.07473 0.0135317 0.0334955 0.010205 0.0121791 0.110052 0.00911468 0.0681989 0.281977 0.0118806 0.0158018 0.00386336 0.0038112 0.00370342 0 0.00375417 0.0288903 0.0126804 0.0542876 0.0379564 0.0908872 0.0174833 0.0136203 0.0196102 0.00946727 0.0314413 0.00903823 0.0383764 0.00980667 0.012454 0.0145988 0.0103228 0.010265 0.0131309 0.00943759 0.0110634 0.0118457 0.0286326 0.0107271 0.0121002 0.00897724 0.00906568 0.0101686 0.00820639 0.00888888 0.00888312 0.0118425 0.0106936 0.0109333 0.00982954 0.00987507 0.00882662 
0.0194805 0.00863683 0.0110673 0.0230605 0.0117211 0.00987469 0.0133138 0.00863832 0.0175006 0.013755 0.0122712 0.0101818 0.00945044 0.0122694 0.0110051 0.0104558 0.011026 0.0168072 0.0185687 0.0134416 0.0126279 0.0125901 0.102205 0.0107151 0.0144672 0.00945024 0.0189176 0.162006 0.0106207 0.235538 0.0223138 0.00850917 0.0142286 0.0208439 0.00475798 0.00375971 0.00398939 0.00375417 0 0.0137233 0.0279203 0.0126912 0.0195822 0.0374451 0.0779551 0.0289334 0.0100115 0.0133392 0.00868805 0.0160186 0.0090898 0.0308639 0.0192677 0.0102132 0.0117224 0.0168031 0.00961139 0.0115361 0.0200615 0.0134819 0.00968277 0.0115813 0.00880581 0.00926217 0.00869607 0.0083095 0.0121879 0.0154998 0.00919011 0.00870569 0.00943654 0.00946097 0.00972567 0.0107558 0.00968481 
0.00848634 0.00850932 0.0095549 0.00840524 0.00839866 0.00886289 0.00841982 0.00951818 0.0100288 0.00952682 0.0082463 0.00832264 0.00880715 0.00852294 0.00937856 0.00885991 0.00924613 0.00971919 0.011094 0.00875189 0.00909545 0.0141801 0.0101237 0.00992751 0.00951015 0.00975765 0.0115161 0.0114671 0.0140383 0.00883086 0.00909599 0.00950009 0.00955493 0.0194129 0.17574 0.0327532 0.0134036 0.0288903 0.0137233 0 0.00408726 0.00369975 0.00371861 0.00370855 0.0049318 0.0125597 0.00877619 0.00836879 0.010643 0.00978903 0.701447 0.0140491 0.0138488 0.00925395 0.0136712 0.0129376 0.00958709 0.0167629 0.0130672 0.0105409 0.0171578 0.00955191 0.00940375 0.00869539 0.00870867 0.00947162 0.0106461 0.00990731 0.0085557 0.00892523 0.00907544 0.00915089 0.014485 0.0113129 0.0114511 
0.00842113 0.00867127 0.0087646 0.00890731 0.00919888 0.00954298 0.0105647 0.00887426 0.00964032 0.00837258 0.00937273 0.00968305 0.0093798 0.0127919 0.0118412 0.011847 0.00996473 0.00984174 0.00985856 0.0114953 0.0121853 0.0109977 0.0137792 0.0100197 0.0196847 0.0107584 0.00991848 0.0162931 0.00949428 0.0173779 0.00934381 0.0110668 0.0182488 0.0104028 0.0357105 0.0880094 0.0614523 0.0126804 0.0279203 0.00408726 0 0.00372463 0.00371579 0.00375333 0.00373775 0.0101164 0.00837822 0.0125425 0.00913011 0.807398 0.0104059 0.0128782 0.0103463 0.0171665 0.00989833 0.0119215 0.014705 0.011048 0.0140107 0.0243675 0.0154597 0.0223208 0.00975943 0.011064 0.00979093 0.00893193 0.00966895 0.0094379 0.0105244 0.0103224 0.0130018 0.0124161 0.0102495 0.00909188 0.00886444 
0.00875176 0.00872179 0.00845316 0.00977003 0.0101173 0.0148268 0.01163 0.0104657 0.00875369 0.00885918 0.00954285 0.015339 0.0216666 0.0173236 0.0264996 0.0257133 0.0121652 0.00910188 0.0105921 0.0162873 0.0140042 0.0109572 0.0104967 0.0225246 0.0278865 0.0168362 0.00971082 0.00964711 0.0170924 0.0101709 0.0236571 0.0273632 0.0117635 0.0114568 0.0219484 0.0569331 0.0522875 0.0542876 0.0126912 0.00369975 0.00372463 0 0.00370152 0.00370558 0.00373117 0.00945198 0.0124284 0.0132558 0.80336 0.0121299 0.0150451 0.00973304 0.0115685 0.0109252 0.0111677 0.0133575 0.0126019 0.011172 0.0124089 0.0224841 0.0756627 0.0271091 0.0285742 0.0135741 0.0117906 0.0107197 0.00884861 0.00934117 0.0104941 0.0262247 0.0274392 0.015691 0.0126495 0.00932556 0.00863218 
0.00869694 0.00901074 0.00882868 0.00962896 0.0118285 0.0160811 0.0171188 0.00990736 0.00881822 0.00906942 0.0105401 0.0248269 0.023346 0.0255692 0.0360742 0.043269 0.0171161 0.00969089 0.00982146 0.0206025 0.026399 0.0119554 0.0117542 0.0158129 0.0807422 0.0186655 0.0107413 0.0107894 0.010041 0.0243563 0.0168643 0.0280473 0.0187454 0.0105496 0.0171689 0.0353504 0.113252 0.0379564 0.0195822 0.00371861 0.00371579 0.00370152 0 0.00371753 0.0037181 0.0107141 0.0117514 0.783633 0.0149401 0.0193527 0.0117427 0.0122364 0.0106846 0.0144914 0.0125692 0.0130258 0.0150594 0.0150707 0.0113345 0.031239 0.0567905 0.0947998 0.0249668 0.0228533 0.0185428 0.0103118 0.00900425 0.00928012 0.0135771 0.0322381 0.0528587 0.0254754 0.012061 0.00849501 0.00867794 
0.00859247 0.00929859 0.00851688 0.00909169 0.0110198 0.0110742 0.010342 0.00955947 0.00875507 0.00877488 0.0107622 0.0123999 0.0127428 0.0127447 0.0165408 0.0167402 0.0169576 0.0103228 0.00955512 0.014486 0.0240145 0.0122742 0.0100904 0.0141046 0.0203657 0.0316055 0.0114358 0.00986075 0.0129032 0.0100266 0.0111374 0.0134798 0.024922 0.0132112 0.0151394 0.0357491 0.0239506 0.0908872 0.0374451 0.00370855 0.00375333 0.00370558 0.00371753 0 0.00388548 0.0142414 0.659603 0.0117064 0.011993 0.00937487 0.0293702 0.0138557 0.0107849 0.0412682 0.019354 0.0119063 0.0415681 0.0186127 0.0128934 0.0163004 0.0399518 0.0271759 0.0166631 0.0109324 0.0109337 0.0136894 0.00909288 0.00943819 0.011332 0.0139847 0.0199964 0.0513752 0.0139764 0.00909247 0.00894257 
0.0102169 0.00840908 0.00889375 0.0116317 0.00931376 0.00911807 0.00898058 0.00855686 0.0092828 0.0107911 0.00904377 0.00926819 0.00977188 0.00987818 0.010444 0.0102111 0.0104684 0.0111731 0.0132434 0.00993081 0.0107061 0.0177972 0.0161724 0.0096942 0.010752 0.0110591 0.0173437 0.0221314 0.00923773 0.00933547 0.00914573 0.00925359 0.0110365 0.0264386 0.0373318 0.0132344 0.0118054 0.0174833 0.0779551 0.0049318 0.00373775 0.00373117 0.0037181 0.00388548 0 0.795502 0.0110159 0.0100507 0.00698717 0.00913389 0.0109123 0.0530804 0.0180869 0.013966 0.0461972 0.0194933 0.0126665 0.0444131 0.0182929 0.0133066 0.0144241 0.0143251 0.0103887 0.00993209 0.0092482 0.00909379 0.0130066 0.0143171 0.00957484 0.00998821 0.0107094 0.0128776 0.0312232 0.0135833 0.0115443 
0.008389 0.00839597 0.0100904 0.0082966 0.00850883 0.00876803 0.00861092 0.0090725 0.010473 0.00833628 0.00827846 0.00838962 0.00858569 0.00863553 0.00918251 0.00950456 0.00985238 0.0127367 0.00955877 0.00908379 0.00961897 0.0166858 0.00973822 0.00884099 0.00982521 0.00971372 0.0143439 0.0102691 0.00912238 0.00896899 0.00882328 0.00926431 0.00973347 0.0223847 0.0225971 0.0132177 0.0115409 0.0136203 0.0289334 0.0125597 0.0101164 0.00945198 0.0107141 0.0142414 0.795502 0 0.00369554 0.00369833 0.00371152 0.00371234 0.00376824 0.00452959 0.0085457 0.00777987 0.0236285 0.0194357 0.0112379 0.0315877 0.0149522 0.0117492 0.0128415 0.0116458 0.0101289 0.00980711 0.00920508 0.0108739 0.0166788 0.0105903 0.00930712 0.00984187 0.010094 0.0114124 0.0276877 0.0133737 0.0143792 
0.00814804 0.00843739 0.00825491 0.00830147 0.00858522 0.00890195 0.00875337 0.00873635 0.00838949 0.00813731 0.00834426 0.00873359 0.00905626 0.00902297 0.0103908 0.00974796 0.00913353 0.00847874 0.00853222 0.00915331 0.00956181 0.00876108 0.00880554 0.00949683 0.0104736 0.0109 0.00853455 0.00870548 0.009139 0.00873193 0.0093052 0.00954873 0.0118811 0.00967966 0.0117261 0.0189938 0.0105519 0.0196102 0.0100115 0.00877619 0.00837822 0.0124284 0.0117514 0.659603 0.0110159 0.00369554 0 0.00370359 0.00368424 0.0036469 0.00378037 0.00380751 0.00597249 0.0119248 0.00800523 0.0106562 0.0165956 0.0111175 0.0103354 0.0130923 0.0192932 0.0138896 0.0118379 0.0100067 0.0101979 0.0100921 0.00870712 0.00911723 0.00993173 0.0102551 0.0118112 0.0149506 0.0116011 0.00909933 0.0089889 
0.00833132 0.00824563 0.00835914 0.00866762 0.0089398 0.00923865 0.0101157 0.0084606 0.00853916 0.00808042 0.00853809 0.00953358 0.00938084 0.0113785 0.0116341 0.0119722 0.00910983 0.00883153 0.00843069 0.00989792 0.00993009 0.00889604 0.0101642 0.00885085 0.0192097 0.00904392 0.00916533 0.010008 0.00849102 0.013968 0.00882312 0.0143846 0.0104027 0.00896947 0.0118487 0.0118881 0.042658 0.00946727 0.0133392 0.00836879 0.0125425 0.0132558 0.783633 0.0117064 0.0100507 0.00369833 0.00370359 0 0.00369273 0.00369529 0.00371682 0.00374966 0.00595291 0.00679438 0.00676571 0.00989054 0.00944983 0.0103226 0.0101881 0.0129117 0.0146214 0.0283865 0.0101563 0.0129984 0.0114042 0.00873347 0.00898202 0.00916132 0.00948114 0.0129178 0.0216267 0.0125436 0.00955123 0.00837958 0.00876444 
0.00820449 0.00833262 0.00812502 0.00821508 0.00873147 0.00957562 0.00856601 0.0091016 0.00811351 0.00844677 0.00832582 0.00939658 0.0111201 0.00946766 0.0111886 0.0106399 0.00924747 0.00834038 0.00866146 0.00892243 0.00981838 0.00879862 0.0082933 0.0117958 0.0105004 0.0106121 0.00845116 0.00840311 0.0120867 0.00840416 0.0244629 0.0107166 0.00902291 0.00919194 0.0103678 0.0216264 0.00999807 0.0314413 0.00868805 0.010643 0.00913011 0.80336 0.0149401 0.011993 0.00698717 0.00371152 0.00368424 0.00369273 0 0.00367621 0.00383888 0.00372952 0.00501426 0.0058878 0.0114477 0.0103718 0.00976882 0.00996093 0.00985547 0.0102827 0.0331565 0.0107361 0.0186923 0.0102193 0.00942295 0.0101569 0.00840963 0.008756 0.00932545 0.0180809 0.014798 0.0106486 0.0099936 0.00935873 0.00874067 
