1QWDB
HLESTSLYKKSSSTPPRGVTVVNNFDAKRYLGTWYEIARFDHRFERGLEKVTATYSLRDDGGLNVINKGYNPDRGMWQQSEGKAYFTGAPTRAALKVSFFGPFYGGYNVIALDREYRHALVCGPDRDYLWILSRTPTISDEVKQEMLAVATREGFDVSKFIWVQQP
CECCEEEECCECCECCCCEEEECCCCHHHHCEEEEEEEEECCHHHCCCEEEEEEEEECCCCCEEEEEEEEECCCCEEEEEEEEEEECCCCCCCEEEEECCCCCCEEEEEEEEECCCCEEEEECCCCCCEEEEECCCCCCHHHHHHHHHHHHHCCCCHHHEEECCCC
0 0 0 0 0 0 0 0 0 0 0 0 0 0 0 0 0 0 0 0 0 0 0 0 0 0 0 0 0 0 0 0 0 0 0 0 0 0 0 0 0 0 0 0 0 0 0 0 0 0 0 0 0 0 0 0 0 0 0 0 0 0 0 0 0 0 0 0 0 0 0 0 0 0 0 0 0 0 0 0 0 0 0 0 0 0 0 0 0 0 0 0 0 0 0 0 0 0 0 0 0 0 0 0 0 0 0 0 0 0 0 0 0 0 0 0 0 0 0 0 0 0 0 0 0 0 0 0 0 0 0 0 0 0 0 0 0 0 0 0 0 0 0 0 0 0 0 0 0 0 0 0 0 0 0 0 0 0 0 0 0 0 0 0 0 0 
0 0 0 0 0 0 0 0 0 0 0 0 0 0 0 0 0 0 0 0 0 0 0 0 0 0 0 0 0 0 0 0 0 0 0 0 0 0 0 0 0 0 0 0 0 0 0 0 0 0 0 0 0 0 0 0 0 0 0 0 0 0 0 0 0 0 0 0 0 0 0 0 0 0 0 0 0 0 0 0 0 0 0 0 0 0 0 0 0 0 0 0 0 0 0 0 0 0 0 0 0 0 0 0 0 0 0 0 0 0 0 0 0 0 0 0 0 0 0 0 0 0 0 0 0 0 0 0 0 0 0 0 0 0 0 0 0 0 0 0 0 0 0 0 0 0 0 0 0 0 0 0 0 0 0 0 0 0 0 0 0 0 0 0 0 0 
0 0.1221 0.00676023 0.0177931 0.00929973 0.0552282 0.0674948 0.0397411 0.0134208 0.014156 0.0196345 0.0191025 0.0106361 0.00944152 0.00975418 0.00937629 0.010742 0.0105029 0.0120071 0.0156615 0.0170916 0.0108592 0.009447 0.0108981 0.00925012 0.00979743 0.00939439 0.00974704 0.0117269 0.0163001 0.0109064 0.00908035 0.00886557 0.00846309 0.00845152 0.00859339 0.00903054 0.0110747 0.0120658 0.00870391 0.00832262 0.00829892 0.00824338 0.0083201 0.00849504 0.00869094 0.00838464 0.00903222 0.0111884 0.0153995 0.00917103 0.00867008 0.00853603 0.0104583 0.00992819 0.0083926 0.00828558 0.00842295 0.00835038 0.00859495 0.00843018 0.00855401 0.00974037 0.0106078 0.00886422 0.0083159 0.00845778 0.0102664 0.0102979 0.00865448 0.00841865 0.0083583 0.0112893 0.0103787 0.00835154 0.00910268 
0.1221 0 0.00677452 0.00389646 0.00549161 0.00866528 0.0130608 0.0147703 0.0112912 0.0223513 0.434711 0.0101775 0.00927196 0.00924512 0.00939343 0.00924305 0.0102445 0.00984321 0.0117842 0.0168834 0.0109161 0.00964727 0.010074 0.01091 0.0102767 0.0101681 0.0102797 0.00993446 0.0136475 0.0134329 0.0102655 0.00971151 0.00947287 0.00844028 0.00846884 0.00861723 0.00954664 0.0132994 0.00894979 0.00830508 0.00820386 0.00826621 0.00815927 0.0082978 0.00853667 0.0087447 0.0085022 0.00955804 0.0127772 0.0100976 0.00913023 0.00890225 0.00903734 0.0106247 0.0084611 0.0081098 0.00809942 0.00839508 0.00845495 0.00852795 0.00843925 0.00893439 0.00951014 0.0099518 0.00851204 0.00827903 0.00848208 0.0102216 0.0092668 0.00822442 0.00821632 0.00849141 0.010044 0.00897117 0.00805658 0.00876324 
0.00676023 0.00677452 0 0.00424274 0.00385075 0.00646929 0.00729439 0.00899018 0.0155426 0.326778 0.0115478 0.00866045 0.00899972 0.00977077 0.00898109 0.0112878 0.01003 0.013479 0.0124564 0.00991536 0.00901478 0.0104409 0.0111218 0.010865 0.0113766 0.00970924 0.0107398 0.00981186 0.00968904 0.00933189 0.00947248 0.0102657 0.00888842 0.00857091 0.0084313 0.0088134 0.0092877 0.00925498 0.00823388 0.00823383 0.00817551 0.00823615 0.00817274 0.00821294 0.00856465 0.00842571 0.00884902 0.00924185 0.00918566 0.00854905 0.00917705 0.00906378 0.00901748 0.0088883 0.00803626 0.0082487 0.00831064 0.00887886 0.00921161 0.00917913 0.00940152 0.00899674 0.00856701 0.00890086 0.00859684 0.00899697 0.00860623 0.00888239 0.00820181 0.00857075 0.00868118 0.00855811 0.00884696 0.00821485 0.00817425 0.008346 
0.0177931 0.00389646 0.00424274 0 0.0037897 0.0060294 0.00777699 0.0111131 0.319821 0.0131701 0.00934033 0.0090378 0.0136615 0.00878544 0.0100135 0.00971768 0.0113752 0.0104384 0.0155205 0.00873843 0.0102782 0.0103334 0.00909439 0.0130442 0.00897083 0.011839 0.00877975 0.01081 0.00875051 0.00989679 0.0111238 0.00870469 0.00926263 0.00846933 0.00876558 0.00861725 0.0098494 0.00832724 0.00885001 0.00870253 0.00826767 0.00823315 0.00813848 0.00843007 0.00832908 0.00937394 0.00860153 0.0106554 0.00831104 0.00993559 0.00882712 0.0102193 0.00859985 0.00846319 0.00833021 0.0082426 0.00855389 0.0089511 0.00932282 0.00921779 0.0104958 0.00858252 0.00824374 0.00844286 0.00877323 0.00940362 0.00887629 0.00851059 0.00852919 0.00875848 0.009059 0.00870402 0.00829186 0.00823829 0.00821534 0.00802397 
0.00929973 0.00549161 0.00385075 0.0037897 0 0.0314107 0.00883528 0.326555 0.0108216 0.0147276 0.0142009 0.0171301 0.00867771 0.010105 0.0088284 0.00917148 0.0103345 0.00981032 0.00969275 0.0139215 0.0147937 0.00983722 0.0103706 0.009605 0.0122825 0.0088284 0.012015 0.00867401 0.0102325 0.0228284 0.00899063 0.010317 0.00853409 0.00856431 0.0083302 0.00931933 0.00861468 0.0101186 0.0100895 0.00864892 0.00829051 0.00829742 0.00826743 0.00808566 0.00935394 0.008393 0.00927728 0.00850225 0.0105849 0.0118311 0.0109446 0.00846327 0.0089296 0.00883067 0.00901925 0.00822692 0.00838648 0.00846545 0.00857493 0.00881736 0.00870637 0.00848523 0.00878716 0.0105407 0.00861612 0.00844384 0.00867803 0.0091003 0.00968514 0.00839117 0.00848807 0.0083959 0.00946897 0.010664 0.00819086 0.00810435 
0.0552282 0.00866528 0.00646929 0.0060294 0.0314107 0 0.719304 0.0118815 0.0103018 0.00986237 0.0140709 0.00904759 0.00851804 0.00845487 0.00855328 0.00842051 0.00880041 0.00873951 0.0114139 0.0125366 0.0120012 0.00907377 0.00884415 0.00908613 0.00945074 0.00893609 0.00960688 0.00894353 0.011525 0.0136935 0.00909427 0.00901169 0.00849149 0.00822187 0.00820691 0.00850144 0.00870921 0.0108402 0.00955586 0.00836818 0.00809701 0.00804809 0.00805207 0.00811588 0.00835242 0.00819825 0.00832767 0.00873236 0.0113028 0.0112824 0.0086495 0.00831638 0.00840362 0.00970043 0.00897052 0.00807201 0.00799481 0.00808167 0.00809209 0.00826287 0.00818186 0.0083697 0.00893691 0.00981042 0.00824518 0.00801292 0.00817602 0.00969133 0.0092472 0.00804712 0.00802967 0.00812818 0.00936648 0.00937179 0.00802891 0.00855282 
0.0674948 0.0130608 0.00729439 0.00777699 0.00883528 0.719304 0 0.0355081 0.00755935 0.00574452 0.00933569 0.00857629 0.00826785 0.00852828 0.00904538 0.00877977 0.00937871 0.00932333 0.0113202 0.0125458 0.0141195 0.00928339 0.0088321 0.0100083 0.00890429 0.00968879 0.00886119 0.00955645 0.0122775 0.0142223 0.009927 0.00857371 0.00867905 0.00829029 0.00842435 0.0084715 0.00923625 0.0112986 0.0104919 0.0084334 0.00815122 0.00813086 0.00811397 0.00829271 0.00828971 0.00845722 0.0083344 0.0096511 0.0110625 0.0138629 0.00867138 0.00854343 0.0084588 0.0107798 0.00941995 0.0081266 0.00819355 0.00817929 0.00824834 0.0083433 0.00836567 0.00853377 0.00954778 0.0100315 0.00848026 0.00813414 0.00836771 0.010636 0.00953743 0.00821921 0.00812312 0.00817997 0.0116155 0.00897625 0.00808168 0.0088962 
0.0397411 0.0147703 0.00899018 0.0111131 0.326555 0.0118815 0.0355081 0 0.0037249 0.00374469 0.00456262 0.00736534 0.00805186 0.0119797 0.0171667 0.0119761 0.0154597 0.0119148 0.01394 0.0470814 0.0126873 0.0104815 0.0125251 0.0105068 0.0139569 0.00990984 0.0137909 0.0103198 0.0255861 0.018299 0.00989482 0.014544 0.00950216 0.00945594 0.00888207 0.0100367 0.0104261 0.0213298 0.0090271 0.00855342 0.0085466 0.00860436 0.00857791 0.00869375 0.00978424 0.00885624 0.0104343 0.0100144 0.0253159 0.0111933 0.0116059 0.0089452 0.0118575 0.0122318 0.00874342 0.00846549 0.00896301 0.00982927 0.0106835 0.0104613 0.0100519 0.0108209 0.012295 0.0128601 0.00994887 0.00974499 0.0101417 0.0151311 0.00952008 0.00897954 0.0093396 0.00956349 0.0133834 0.0092714 0.00804289 0.00955593 
0.0134208 0.0112912 0.0155426 0.319821 0.0108216 0.0103018 0.00755935 0.0037249 0 0.00373892 0.00377922 0.00638921 0.0188069 0.0141629 0.012861 0.0222997 0.0111548 0.0137387 0.033019 0.0100739 0.0101721 0.0210708 0.0126119 0.0235442 0.0111123 0.0173284 0.00945725 0.0175648 0.0102509 0.0105154 0.0226646 0.010192 0.0136739 0.00967452 0.0115747 0.0095114 0.0155488 0.00965842 0.00894732 0.00889379 0.00893699 0.00922881 0.00928085 0.0103815 0.00935206 0.0116548 0.00940799 0.0158486 0.00963307 0.0115944 0.0105695 0.0178483 0.0100678 0.00949886 0.00845589 0.00931917 0.0104816 0.0148237 0.0161306 0.0150632 0.0161856 0.010325 0.00897315 0.0101249 0.0128834 0.0146148 0.011527 0.00937491 0.00892037 0.0121315 0.0120455 0.0106474 0.00909034 0.00822953 0.00846207 0.00866191 
0.014156 0.0223513 0.326778 0.0131701 0.0147276 0.00986237 0.00574452 0.00374469 0.00373892 0 0.00372026 0.0142789 0.0203749 0.0125565 0.011051 0.0110559 0.0142308 0.0133432 0.0147771 0.0104817 0.0110876 0.0114049 0.0137266 0.0106141 0.0149453 0.010314 0.0116889 0.0104417 0.00971864 0.0132227 0.011134 0.0120949 0.00950393 0.00980338 0.00906459 0.0112423 0.0100594 0.0092195 0.00926947 0.00945444 0.00888315 0.00878935 0.0092573 0.00886336 0.0100621 0.00915005 0.0118454 0.00972678 0.00953387 0.0103464 0.014309 0.011569 0.0110061 0.00879309 0.00870772 0.00910222 0.00973314 0.0127421 0.0141405 0.0133244 0.0145155 0.0101815 0.00853393 0.00936337 0.0110818 0.0130005 0.0129542 0.00926689 0.00917816 0.0103201 0.0124291 0.00976716 0.00866998 0.0087809 0.00853842 0.00820426 
0.0196345 0.434711 0.0115478 0.00934033 0.0142009 0.0140709 0.00933569 0.00456262 0.00377922 0.00372026 0 0.0442727 0.00900309 0.00844795 0.00824354 0.00928874 0.00962962 0.00952504 0.0100333 0.0123622 0.0161286 0.0104868 0.0099553 0.0101657 0.0102421 0.0092268 0.0100928 0.00934064 0.0115022 0.0279101 0.0100988 0.0100099 0.00886523 0.0087741 0.0086825 0.00939362 0.00882594 0.00969715 0.0120472 0.00893661 0.00850839 0.00844559 0.00845895 0.00841129 0.00931931 0.00874992 0.00921585 0.00901912 0.0102961 0.0191385 0.0110101 0.00895843 0.00905568 0.00911255 0.00976868 0.00876239 0.00896004 0.00928432 0.00954766 0.00962052 0.00953914 0.00880819 0.0089258 0.0127527 0.00938974 0.0090136 0.00966328 0.00982951 0.0104158 0.00904739 0.00913107 0.00879899 0.00883945 0.0109264 0.00823856 0.00815729 
0.0191025 0.0101775 0.00866045 0.0090378 0.0171301 0.00904759 0.00857629 0.00736534 0.00638921 0.0142789 0.0442727 0 0.00385381 0.00386184 0.00379373 0.00375497 0.00538324 0.00388827 0.00405861 0.00770517 0.00753387 0.00740737 0.00940531 0.00826506 0.0116276 0.00809609 0.190207 0.0159732 0.0482645 0.0100973 0.00848674 0.0109328 0.00842525 0.00909387 0.00828405 0.00924336 0.00864797 0.0186803 0.00826697 0.00839683 0.00828963 0.00839299 0.00843339 0.00834607 0.0094928 0.00843459 0.00981981 0.00889874 0.022807 0.00887883 0.00967549 0.0085734 0.00966432 0.0101433 0.00832486 0.00824347 0.00845113 0.00859022 0.00894168 0.00889414 0.00879753 0.00884389 0.00949694 0.00907284 0.00847671 0.00870245 0.00857455 0.0108941 0.00854878 0.00823647 0.00881024 0.00837315 0.00966429 0.00860105 0.00806636 0.00831614 
0.0106361 0.00927196 0.00899972 0.0136615 0.00867771 0.00851804 0.00826785 0.00805186 0.0188069 0.0203749 0.00900309 0.00385381 0 0.00394652 0.00371904 0.00373585 0.00367278 0.00404363 0.00417078 0.00382583 0.00785793 0.00979461 0.00784608 0.0118589 0.00790977 0.259708 0.014016 0.0616114 0.00847935 0.00846965 0.0143515 0.00842817 0.013797 0.00843258 0.00950804 0.00836013 0.021856 0.00836056 0.00876198 0.00839045 0.00841245 0.00839617 0.00830034 0.00940833 0.0082866 0.0115932 0.00852985 0.0256232 0.00851493 0.00945124 0.00851401 0.0107732 0.00871735 0.00890954 0.00824424 0.00836495 0.00855979 0.00988158 0.00910023 0.0095845 0.00935741 0.00919334 0.00829986 0.00836106 0.00904412 0.00904678 0.00904702 0.00862826 0.00816511 0.00920573 0.00870456 0.00888652 0.00831322 0.00798495 0.00808146 0.00815943 
0.00944152 0.00924512 0.00977077 0.00878544 0.010105 0.00845487 0.00852828 0.0119797 0.0141629 0.0125565 0.00844795 0.00386184 0.00394652 0 0.00380413 0.00369439 0.00383262 0.00400761 0.00417784 0.00408081 0.00711751 0.00751169 0.0167574 0.00810612 0.282041 0.0169859 0.0864963 0.00852853 0.00988212 0.0093168 0.00850775 0.0179415 0.00858648 0.00929332 0.00837332 0.0145298 0.00856541 0.0092237 0.00835419 0.00856958 0.00855405 0.00858157 0.00938591 0.00839093 0.0120392 0.00859492 0.0296251 0.00866375 0.00997303 0.0086193 0.0122999 0.00886706 0.0104338 0.00852692 0.0081271 0.00854468 0.00960302 0.0102501 0.0134214 0.0123105 0.0126358 0.00882403 0.00845977 0.00849167 0.00941778 0.0121146 0.00881898 0.00892848 0.00834972 0.008896 0.0105822 0.00861047 0.00875393 0.00824269 0.00813349 0.00819289 
0.00975418 0.00939343 0.00898109 0.0100135 0.0088284 0.00855328 0.00904538 0.0171667 0.012861 0.011051 0.00824354 0.00379373 0.00371904 0.00380413 0 0.00371007 0.00365366 0.00377541 0.00367849 0.00373401 0.00729115 0.00909921 0.00853085 0.163807 0.0311847 0.0663007 0.00967819 0.0104822 0.00901 0.00875624 0.0114217 0.00879054 0.0101992 0.00878378 0.0136522 0.00867936 0.0118366 0.00916278 0.0086276 0.00887819 0.00902314 0.00934697 0.00879883 0.0107881 0.00896478 0.0198348 0.0092389 0.0114627 0.00888763 0.00969742 0.00959877 0.0159375 0.00913999 0.00900083 0.00843841 0.00892961 0.011068 0.0169081 0.0151549 0.0229308 0.015446 0.0101405 0.00863431 0.00891694 0.0106505 0.0145699 0.0115586 0.00903733 0.00850473 0.0111402 0.0130652 0.00957714 0.00861141 0.00821424 0.00825481 0.0083125 
0.00937629 0.00924305 0.0112878 0.00971768 0.00917148 0.00842051 0.00877977 0.0119761 0.0222997 0.0110559 0.00928874 0.00375497 0.00373585 0.00369439 0.00371007 0 0.00372513 0.00369011 0.00374305 0.00372801 0.00866065 0.00803333 0.0366255 0.0779852 0.0382805 0.0142858 0.0104053 0.00915703 0.00870547 0.00923193 0.0100445 0.0101446 0.00961006 0.0111741 0.00923187 0.0108225 0.00941572 0.00890349 0.00877934 0.00902469 0.0102214 0.00918012 0.00960585 0.00983775 0.0146594 0.0101309 0.0114135 0.0102662 0.00933071 0.0102075 0.0135376 0.0143247 0.0111849 0.00912534 0.0085984 0.00947993 0.012666 0.0220066 0.0310154 0.0260071 0.0295894 0.0106092 0.00864305 0.00962487 0.0134474 0.0210967 0.0133155 0.00924685 0.00931708 0.0128082 0.0171945 0.0102616 0.00890654 0.00837611 0.00843672 0.00832304 
0.010742 0.0102445 0.01003 0.0113752 0.0103345 0.00880041 0.00937871 0.0154597 0.0111548 0.0142308 0.00962962 0.00538324 0.00367278 0.00383262 0.00365366 0.00372513 0 0.00369324 0.00369672 0.00380976 0.00714293 0.0132731 0.0856814 0.0312965 0.0187455 0.00960402 0.0127683 0.00863811 0.00897526 0.010374 0.00919427 0.0126683 0.0104162 0.0103375 0.00919113 0.0105642 0.00911722 0.00948217 0.00868545 0.00923485 0.00920179 0.0093909 0.0100107 0.0111118 0.0113574 0.00973574 0.0149941 0.00978924 0.00998633 0.00984647 0.0159083 0.0150418 0.0121689 0.00939217 0.00869022 0.00992756 0.0173001 0.0239385 0.0312642 0.0347136 0.0294579 0.0112256 0.00880386 0.0100323 0.0144764 0.0323939 0.0135894 0.00968781 0.0092766 0.0143766 0.0226342 0.0102438 0.0088968 0.00872156 0.00835153 0.00841635 
0.0105029 0.00984321 0.013479 0.0104384 0.00981032 0.00873951 0.00932333 0.0119148 0.0137387 0.0133432 0.00952504 0.00388827 0.00404363 0.00400761 0.00377541 0.00369011 0.00369324 0 0.00371717 0.00372094 0.0107518 0.0662136 0.0548466 0.0257495 0.0121439 0.0149153 0.0103686 0.0087284 0.00922991 0.0102829 0.0108484 0.0193532 0.0102052 0.0104883 0.00965737 0.0106837 0.00941382 0.00907745 0.00920979 0.00924117 0.0103005 0.00966756 0.0170828 0.00951761 0.0118581 0.0111937 0.0155632 0.0101833 0.00951717 0.00993529 0.0197992 0.0165296 0.0131602 0.00915112 0.00899629 0.0104882 0.0197022 0.0279113 0.0374089 0.0386786 0.0398733 0.0126138 0.00892195 0.0109991 0.0184375 0.0374239 0.0161054 0.00977423 0.00983472 0.0160538 0.0271438 0.0109018 0.00901762 0.00863863 0.00849982 0.00848 
0.0120071 0.0117842 0.0124564 0.0155205 0.00969275 0.0114139 0.0113202 0.01394 0.033019 0.0147771 0.0100333 0.00405861 0.00417078 0.00417784 0.00367849 0.00374305 0.00369672 0.00371717 0 0.00375354 0.0685872 0.0628514 0.0149 0.0175661 0.0117763 0.0124497 0.00876764 0.0161025 0.0086863 0.0110022 0.0447428 0.00917694 0.0107275 0.0092357 0.0102 0.00901836 0.015722 0.00896407 0.00987155 0.0130938 0.00930229 0.00996264 0.00894077 0.0107231 0.00908686 0.0121839 0.00928684 0.0183651 0.00887511 0.0173119 0.0104439 0.0181193 0.0103603 0.00996965 0.00946317 0.0101099 0.0106354 0.0157455 0.0143651 0.0145146 0.0203157 0.0119672 0.00885314 0.0099854 0.0133666 0.0139803 0.0191588 0.00964483 0.00941232 0.0131502 0.0123482 0.0115963 0.00888122 0.00868496 0.00927879 0.00817311 
0.0156615 0.0168834 0.00991536 0.00873843 0.0139215 0.0125366 0.0125458 0.0470814 0.0100739 0.0104817 0.0123622 0.00770517 0.00382583 0.00408081 0.00373401 0.00372801 0.00380976 0.00372094 0.00375354 0 0.0417394 0.00770954 0.0102983 0.00816532 0.0152688 0.00661585 0.0109114 0.00712019 0.0101733 0.027965 0.00862118 0.0110774 0.00834006 0.00904825 0.00826168 0.010271 0.00853331 0.0110349 0.0143084 0.0087795 0.00888273 0.00848375 0.0089453 0.00835007 0.0110514 0.00849458 0.0109492 0.00864518 0.0150238 0.012231 0.0133801 0.0087946 0.0105465 0.00903603 0.00985366 0.0088801 0.00920146 0.00944008 0.00972955 0.00999294 0.00974747 0.00928405 0.00909804 0.013823 0.00920621 0.0094442 0.0100508 0.0113503 0.0118848 0.00896276 0.00948634 0.00903873 0.00886748 0.0127341 0.0082827 0.00818397 
0.0170916 0.0109161 0.00901478 0.0102782 0.0147937 0.0120012 0.0141195 0.0126873 0.0101721 0.0110876 0.0161286 0.00753387 0.00785793 0.00711751 0.00729115 0.00866065 0.00714293 0.0107518 0.0685872 0.0417394 0 0.00383752 0.00369454 0.00387311 0.00369355 0.00402352 0.00398788 0.00461146 0.00701418 0.00807741 0.00912095 0.0080435 0.0083269 0.00791338 0.00848404 0.00795297 0.0317033 0.309535 0.00908395 0.00854232 0.00833742 0.00859023 0.0083604 0.00909333 0.0085805 0.00980911 0.0085818 0.0116188 0.0159088 0.0127501 0.00890854 0.0103442 0.00959282 0.013531 0.00902952 0.00852038 0.00863744 0.00890991 0.00894782 0.00912005 0.00911936 0.00960332 0.0112405 0.0101516 0.00874005 0.00876353 0.00883949 0.0131763 0.0085735 0.0084289 0.00861319 0.00888361 0.0121688 0.00819828 0.00805877 0.00928284 
0.0108592 0.00964727 0.0104409 0.0103334 0.00983722 0.00907377 0.00928339 0.0104815 0.0210708 0.0114049 0.0104868 0.00740737 0.00979461 0.00751169 0.00909921 0.00803333 0.0132731 0.0662136 0.0628514 0.00770954 0.00383752 0 0.00378704 0.00369068 0.00365742 0.00380233 0.00387802 0.00537924 0.00387357 0.00703345 0.00957323 0.00783441 0.00844853 0.00813537 0.00883673 0.0186727 0.503303 0.0116246 0.00858902 0.00854262 0.00847645 0.00857555 0.00847897 0.00914204 0.00873367 0.00989137 0.00906554 0.0140536 0.00887637 0.0116037 0.0104825 0.0139755 0.00968974 0.00964188 0.00869086 0.00988603 0.00922638 0.0130808 0.0123329 0.0136196 0.0130839 0.0107354 0.00881658 0.00982486 0.0151359 0.0109711 0.011831 0.00922055 0.00882282 0.0121741 0.0114902 0.0097833 0.00889127 0.00821708 0.00828503 0.00819484 
0.009447 0.010074 0.0111218 0.00909439 0.0103706 0.00884415 0.0088321 0.0125251 0.0126119 0.0137266 0.0099553 0.00940531 0.00784608 0.0167574 0.00853085 0.0366255 0.0856814 0.0548466 0.0149 0.0102983 0.00369454 0.00378704 0 0.0037058 0.00370951 0.00370045 0.00489165 0.00380045 0.003824 0.00912108 0.00684927 0.0157556 0.00758468 0.00880543 0.0137451 0.636399 0.0189095 0.00977589 0.00842057 0.00903829 0.00859405 0.00871627 0.0104143 0.00854878 0.0160131 0.00862571 0.028014 0.00893229 0.0126378 0.00947313 0.0304631 0.0106591 0.0207534 0.00902088 0.0089955 0.0093783 0.0148342 0.0143788 0.0276791 0.0257713 0.026653 0.0110055 0.00887963 0.0110085 0.0125719 0.0277651 0.0117486 0.00998368 0.00952496 0.0120661 0.0226675 0.00983089 0.00925378 0.0090784 0.00822809 0.00858933 
0.0108981 0.01091 0.010865 0.0130442 0.009605 0.00908613 0.0100083 0.0105068 0.0235442 0.0106141 0.0101657 0.00826506 0.0118589 0.00810612 0.163807 0.0779852 0.0312965 0.0257495 0.0175661 0.00816532 0.00387311 0.00369068 0.0037058 0 0.00369823 0.00380159 0.00370665 0.00391446 0.00399634 0.00673418 0.0133486 0.00715612 0.0117914 0.00943962 0.880621 0.0135391 0.0191088 0.00812403 0.00981741 0.00854031 0.00944755 0.00927609 0.00866102 0.0155693 0.00859907 0.0398026 0.00873136 0.0368389 0.00891792 0.0200384 0.00952252 0.0765965 0.00901951 0.0121184 0.00950323 0.0100583 0.0124915 0.0316739 0.0195213 0.0351523 0.0267976 0.0109855 0.00907846 0.00997948 0.0186673 0.0206954 0.0150714 0.00983319 0.0091485 0.0203501 0.0187497 0.0112741 0.00945365 0.0085563 0.00892097 0.00868428 
0.00925012 0.0102767 0.0113766 0.00897083 0.0122825 0.00945074 0.00890429 0.0139569 0.0111123 0.0149453 0.0102421 0.0116276 0.00790977 0.282041 0.0311847 0.0382805 0.0187455 0.0121439 0.0117763 0.0152688 0.00369355 0.00365742 0.00370951 0.00369823 0 0.00369795 0.00390066 0.00376922 0.00383777 0.0088372 0.00692095 0.0167765 0.00824983 0.938057 0.00977548 0.0184423 0.00810254 0.0156986 0.00815507 0.00912197 0.00872764 0.00864677 0.0118256 0.00835367 0.0304171 0.00857189 0.042075 0.008805 0.0171811 0.00910295 0.0474962 0.00955456 0.0321509 0.00908291 0.00899534 0.0107235 0.0167021 0.0148818 0.0455457 0.0243849 0.0259255 0.0123705 0.00914289 0.0115645 0.0133328 0.0320461 0.0133163 0.0106286 0.0102902 0.0118703 0.0228623 0.01078 0.00951039 0.0108779 0.00845151 0.00848096 
0.00979743 0.0101681 0.00970924 0.011839 0.0088284 0.00893609 0.00968879 0.00990984 0.0173284 0.010314 0.0092268 0.00809609 0.259708 0.0169859 0.0663007 0.0142858 0.00960402 0.0149153 0.0124497 0.00661585 0.00402352 0.00380233 0.00370045 0.00380159 0.00369795 0 0.00368539 0.00383121 0.00369413 0.00583588 0.0181839 0.00761274 0.950195 0.00820742 0.0114376 0.00732742 0.0155004 0.00749893 0.00879973 0.00829694 0.00906741 0.0086346 0.00819971 0.018803 0.00836554 0.0296579 0.00844091 0.0284804 0.00856827 0.0199302 0.00928597 0.0731697 0.00881554 0.0106438 0.00965025 0.0092548 0.0118451 0.0253047 0.0137222 0.0194706 0.0211048 0.00993938 0.0087693 0.00936611 0.0135577 0.0150149 0.0145568 0.00927835 0.00879422 0.01308 0.01343 0.0112453 0.00882194 0.00828305 0.00871037 0.00845948 
0.00939439 0.0102797 0.0107398 0.00877975 0.012015 0.00960688 0.00886119 0.0137909 0.00945725 0.0116889 0.0100928 0.190207 0.014016 0.0864963 0.00967819 0.0104053 0.0127683 0.0103686 0.00876764 0.0109114 0.00398788 0.00387802 0.00489165 0.00370665 0.00390066 0.00368539 0 0.00373848 0.00374896 0.011684 0.00692131 0.976045 0.00820869 0.00881019 0.00684031 0.0145624 0.007604 0.00966243 0.00820813 0.00977995 0.00854151 0.00871753 0.0122631 0.0081967 0.0214533 0.00837406 0.0274076 0.00863026 0.0165796 0.0088731 0.0363321 0.00906157 0.0196332 0.00899007 0.00879735 0.0102558 0.0145263 0.0110578 0.0194081 0.014352 0.0122151 0.0096116 0.00876971 0.0104896 0.0108387 0.0162104 0.00988851 0.00929545 0.00957749 0.00949211 0.0152357 0.00912203 0.00913444 0.0103936 0.00827426 0.00830579 
0.00974704 0.00993446 0.00981186 0.01081 0.00867401 0.00894353 0.00955645 0.0103198 0.0175648 0.0104417 0.00934064 0.0159732 0.0616114 0.00852853 0.0104822 0.00915703 0.00863811 0.0087284 0.0161025 0.00712019 0.00461146 0.00537924 0.00380045 0.00391446 0.00376922 0.00383121 0.00373848 0 0.00375875 0.00549617 0.966998 0.0066907 0.00823946 0.00607605 0.00741461 0.00681997 0.00954531 0.00684962 0.0086191 0.00931529 0.00828588 0.00875711 0.00806063 0.0104864 0.00835811 0.0125881 0.00859328 0.0175034 0.00887425 0.0146791 0.00928448 0.018322 0.00894492 0.00938272 0.00901863 0.0105932 0.00924637 0.0125251 0.0102519 0.0104032 0.0124759 0.010077 0.00845133 0.00957255 0.0109181 0.00991549 0.0132865 0.00918777 0.00877561 0.0115878 0.0095258 0.00991965 0.00843539 0.00823631 0.00865719 0.00819615 
0.0117269 0.0136475 0.00968904 0.00875051 0.0102325 0.011525 0.0122775 0.0255861 0.0102509 0.00971864 0.0115022 0.0482645 0.00847935 0.00988212 0.00901 0.00870547 0.00897526 0.00922991 0.0086863 0.0101733 0.00701418 0.00387357 0.003824 0.00399634 0.00383777 0.00369413 0.00374896 0.00375875 0 0.977451 0.00642153 0.00568228 0.00526658 0.00650493 0.005762 0.00679986 0.00634827 0.00655423 0.00985048 0.00858558 0.00798959 0.00786663 0.00814739 0.00806847 0.0106469 0.00845149 0.00951446 0.0113792 0.0155639 0.0148518 0.0115871 0.00879367 0.00941933 0.00958173 0.015536 0.00874728 0.00950971 0.00917466 0.00934756 0.00975225 0.00937465 0.00947618 0.00924 0.0163271 0.00934991 0.00905015 0.00957583 0.0101076 0.0143787 0.00905773 0.00893406 0.00865909 0.00958471 0.0122881 0.00823524 0.00814757 
0.0163001 0.0134329 0.00933189 0.00989679 0.0228284 0.0136935 0.0142223 0.018299 0.0105154 0.0132227 0.0279101 0.0100973 0.00846965 0.0093168 0.00875624 0.00923193 0.010374 0.0102829 0.0110022 0.027965 0.00807741 0.00703345 0.00912108 0.00673418 0.0088372 0.00583588 0.011684 0.00549617 0.977451 0 0.00370756 0.00381106 0.00378145 0.0037853 0.00375268 0.00433434 0.00431836 0.0125324 0.00637802 0.00691281 0.00685786 0.00758609 0.00800723 0.00788246 0.0117543 0.00956451 0.728735 0.0117708 0.0659159 0.0125478 0.0140895 0.00890553 0.0164149 0.0146457 0.00988152 0.00903728 0.00957697 0.00945716 0.0112275 0.0105408 0.011031 0.0123022 0.0161776 0.0153008 0.00964103 0.00996833 0.00973818 0.0204951 0.0106671 0.00895948 0.00944242 0.00962252 0.0175705 0.00968254 0.00814748 0.0105499 
0.0109064 0.0102655 0.00947248 0.0111238 0.00899063 0.00909427 0.009927 0.00989482 0.0226646 0.011134 0.0100988 0.00848674 0.0143515 0.00850775 0.0114217 0.0100445 0.00919427 0.0108484 0.0447428 0.00862118 0.00912095 0.00957323 0.00684927 0.0133486 0.00692095 0.0181839 0.00692131 0.966998 0.00642153 0.00370756 0 0.00368737 0.00371255 0.00368662 0.00385211 0.0037649 0.00632755 0.00430887 0.00617146 0.00644432 0.00694053 0.00708503 0.00734404 0.00998144 0.00843629 0.964636 0.00870221 0.0552223 0.00879865 0.0168521 0.00887742 0.0274493 0.00892283 0.0108944 0.00962281 0.00967518 0.00956655 0.0152542 0.0115877 0.0140196 0.0159836 0.0114055 0.0089798 0.009869 0.0158862 0.011854 0.0136485 0.009727 0.00905377 0.0150248 0.0113604 0.0105083 0.0094697 0.00819367 0.00864156 0.00861281 
0.00908035 0.00971151 0.0102657 0.00870469 0.010317 0.00901169 0.00857371 0.014544 0.010192 0.0120949 0.0100099 0.0109328 0.00842817 0.0179415 0.00879054 0.0101446 0.0126683 0.0193532 0.00917694 0.0110774 0.0080435 0.00783441 0.0157556 0.00715612 0.0167765 0.00761274 0.976045 0.0066907 0.00568228 0.00381106 0.00368737 0 0.00372268 0.00369929 0.00372324 0.00622166 0.00373945 0.0039393 0.00571662 0.00710136 0.00630167 0.00679338 0.00849706 0.00816861 0.972106 0.00840065 0.0296814 0.00842954 0.0140564 0.00878045 0.0301494 0.00876262 0.0189486 0.00896653 0.00888645 0.00954737 0.0122812 0.0116766 0.0227722 0.0156999 0.0185408 0.0104958 0.00887388 0.0115596 0.0118387 0.0210046 0.010767 0.00971216 0.00978613 0.0103981 0.0167325 0.0095249 0.00882081 0.0109945 0.00827226 0.00837318 
0.00886557 0.00947287 0.00888842 0.00926263 0.00853409 0.00849149 0.00867905 0.00950216 0.0136739 0.00950393 0.00886523 0.00842525 0.013797 0.00858648 0.0101992 0.00961006 0.0104162 0.0102052 0.0107275 0.00834006 0.0083269 0.00844853 0.00758468 0.0117914 0.00824983 0.950195 0.00820869 0.00823946 0.00526658 0.00378145 0.00371255 0.00372268 0 0.00369224 0.00372424 0.0037453 0.00375721 0.00375409 0.00545529 0.00603977 0.00656229 0.00679376 0.00782583 0.922208 0.00849863 0.0140758 0.00781929 0.0129078 0.00812339 0.0107496 0.00870031 0.0175986 0.00860275 0.00922055 0.00870897 0.00869081 0.00975098 0.0139107 0.0113391 0.0174092 0.0150504 0.00986295 0.00858476 0.00894746 0.0113915 0.0126788 0.0109208 0.00909476 0.00884321 0.010758 0.0118395 0.00939489 0.00878094 0.00827889 0.00827993 0.00827015 
0.00846309 0.00844028 0.00857091 0.00846933 0.00856431 0.00822187 0.00829029 0.00945594 0.00967452 0.00980338 0.0087741 0.00909387 0.00843258 0.00929332 0.00878378 0.0111741 0.0103375 0.0104883 0.0092357 0.00904825 0.00791338 0.00813537 0.00880543 0.00943962 0.938057 0.00820742 0.00881019 0.00607605 0.00650493 0.0037853 0.00368662 0.00369929 0.00369224 0 0.00370627 0.00371952 0.00369545 0.00371462 0.00481167 0.00570234 0.00940111 0.00708545 0.877305 0.00805163 0.0121474 0.00756553 0.0101839 0.00816097 0.00948991 0.00861807 0.0109061 0.00892897 0.0100765 0.00865054 0.00848945 0.00881218 0.0103418 0.0112245 0.0174333 0.0136218 0.0159652 0.00946432 0.0085404 0.00933934 0.0104359 0.0131998 0.0104534 0.00938308 0.00892207 0.00990793 0.0126869 0.00925711 0.00873576 0.00842169 0.00813119 0.00813755 
0.00845152 0.00846884 0.0084313 0.00876558 0.0083302 0.00820691 0.00842435 0.00888207 0.0115747 0.00906459 0.0086825 0.00828405 0.00950804 0.00837332 0.0136522 0.00923187 0.00919113 0.00965737 0.0102 0.00826168 0.00848404 0.00883673 0.0137451 0.880621 0.00977548 0.0114376 0.00684031 0.00741461 0.005762 0.00375268 0.00385211 0.00372324 0.00372424 0.00370627 0 0.00369334 0.00372518 0.00369284 0.00502393 0.00618573 0.00752889 0.902966 0.00744724 0.0101937 0.00671989 0.00902256 0.00704991 0.0214264 0.00761836 0.0101498 0.0083312 0.0143678 0.00837011 0.00924627 0.0086088 0.0086257 0.00947922 0.0120043 0.0104776 0.0129106 0.0118023 0.00912474 0.0084354 0.00885521 0.0101521 0.0110362 0.0103122 0.0087859 0.00860087 0.010253 0.0105524 0.00872731 0.00841513 0.00810151 0.00810858 0.00811046 
0.00859339 0.00861723 0.0088134 0.00861725 0.00931933 0.00850144 0.0084715 0.0100367 0.0095114 0.0112423 0.00939362 0.00924336 0.00836013 0.0145298 0.00867936 0.0108225 0.0105642 0.0106837 0.00901836 0.010271 0.00795297 0.0186727 0.636399 0.0135391 0.0184423 0.00732742 0.0145624 0.00681997 0.00679986 0.00433434 0.0037649 0.00622166 0.0037453 0.00371952 0.00369334 0 0.00368751 0.00373721 0.00448492 0.00878389 0.901945 0.00802072 0.010383 0.00593305 0.00915355 0.0065378 0.0141657 0.00741087 0.0124104 0.00836389 0.0180294 0.00853731 0.0131751 0.00875441 0.00841228 0.00901707 0.0108466 0.0104122 0.0155535 0.0123364 0.012864 0.00972557 0.00874316 0.00998194 0.010505 0.0183415 0.00996327 0.00942223 0.00899757 0.00988079 0.0129684 0.0091443 0.00889196 0.00917899 0.00811192 0.0082452 
0.00903054 0.00954664 0.0092877 0.0098494 0.00861468 0.00870921 0.00923625 0.0104261 0.0155488 0.0100594 0.00882594 0.00864797 0.021856 0.00856541 0.0118366 0.00941572 0.00911722 0.00941382 0.015722 0.00853331 0.0317033 0.503303 0.0189095 0.0191088 0.00810254 0.0155004 0.007604 0.00954531 0.00634827 0.00431836 0.00632755 0.00373945 0.00375721 0.00369545 0.00372518 0.00368751 0 0.00378539 0.0059371 0.936305 0.00543809 0.00651494 0.00535535 0.00679881 0.00622345 0.0133338 0.00686979 0.0201281 0.00731738 0.0169928 0.0088668 0.0151923 0.00838696 0.00949 0.00941763 0.0101093 0.00987443 0.010847 0.00967161 0.0105366 0.0121454 0.0108455 0.00867335 0.00923113 0.0121809 0.0104627 0.0144243 0.00928296 0.00934134 0.0126457 0.0097896 0.00973288 0.0089501 0.00841378 0.00898645 0.00817344 
0.0110747 0.0132994 0.00925498 0.00832724 0.0101186 0.0108402 0.0112986 0.0213298 0.00965842 0.0092195 0.00969715 0.0186803 0.00836056 0.0092237 0.00916278 0.00890349 0.00948217 0.00907745 0.00896407 0.0110349 0.309535 0.0116246 0.00977589 0.00812403 0.0156986 0.00749893 0.00966243 0.00684962 0.00655423 0.0125324 0.00430887 0.0039393 0.00375409 0.00371462 0.00369284 0.00373721 0.00378539 0 0.988111 0.00448988 0.00473858 0.00404583 0.00526075 0.00517952 0.00822333 0.00603199 0.00754575 0.00667732 0.0104608 0.0128982 0.0116692 0.00833808 0.0101201 0.00891642 0.0110072 0.0088885 0.00902574 0.00902411 0.00950305 0.00937579 0.00938551 0.00928723 0.00970607 0.0158316 0.00930741 0.00911438 0.00941701 0.0104345 0.0198261 0.00902224 0.00898402 0.0088217 0.00914196 0.0124681 0.00823883 0.00823146 
0.0120658 0.00894979 0.00823388 0.00885001 0.0100895 0.00955586 0.0104919 0.0090271 0.00894732 0.00926947 0.0120472 0.00826697 0.00876198 0.00835419 0.0086276 0.00877934 0.00868545 0.00920979 0.00987155 0.0143084 0.00908395 0.00858902 0.00842057 0.00981741 0.00815507 0.00879973 0.00820813 0.0086191 0.00985048 0.00637802 0.00617146 0.00571662 0.00545529 0.00481167 0.00502393 0.00448492 0.0059371 0.988111 0 0.00381564 0.00369067 0.00382988 0.00380725 0.00387532 0.00378734 0.00429908 0.00418275 0.00679187 0.00727551 0.00990284 0.00775148 0.00871901 0.00850629 0.0249702 0.00881016 0.00817615 0.00847046 0.00884258 0.00874579 0.00904836 0.0107944 0.00915889 0.0107845 0.0101347 0.00913953 0.00912647 0.00891158 0.0124782 0.00906615 0.00891075 0.00880164 0.00887592 0.0115509 0.0082909 0.00804529 0.0107372 
0.00870391 0.00830508 0.00823383 0.00870253 0.00864892 0.00836818 0.0084334 0.00855342 0.00889379 0.00945444 0.00893661 0.00839683 0.00839045 0.00856958 0.00887819 0.00902469 0.00923485 0.00924117 0.0130938 0.0087795 0.00854232 0.00854262 0.00903829 0.00854031 0.00912197 0.00829694 0.00977995 0.00931529 0.00858558 0.00691281 0.00644432 0.00710136 0.00603977 0.00570234 0.00618573 0.00878389 0.936305 0.00448988 0.00381564 0 0.00372236 0.00371897 0.00372997 0.003722 0.00397965 0.00449462 0.00571788 0.00566614 0.00584763 0.0073319 0.00846193 0.00805105 0.0134604 0.00856287 0.00827604 0.00869629 0.00863288 0.00922994 0.00934975 0.0121544 0.00921127 0.00948063 0.00869776 0.00906106 0.00992141 0.00952894 0.00937838 0.00919818 0.00865901 0.00936114 0.00910395 0.00928789 0.00869557 0.00818989 0.00818812 0.00830728 
0.00832262 0.00820386 0.00817551 0.00826767 0.00829051 0.00809701 0.00815122 0.0085466 0.00893699 0.00888315 0.00850839 0.00828963 0.00841245 0.00855405 0.00902314 0.0102214 0.00920179 0.0103005 0.00930229 0.00888273 0.00833742 0.00847645 0.00859405 0.00944755 0.00872764 0.00906741 0.00854151 0.00828588 0.00798959 0.00685786 0.00694053 0.00630167 0.00656229 0.00940111 0.00752889 0.901945 0.00543809 0.00473858 0.00369067 0.00372236 0 0.00379589 0.00370038 0.0037637 0.00467806 0.00466605 0.00416335 0.00451931 0.00406138 0.00728235 0.00753995 0.0194789 0.00816693 0.00821699 0.00824072 0.00818737 0.0090207 0.00932949 0.0112613 0.00953549 0.01032 0.00882814 0.00839127 0.00879442 0.00899713 0.0104669 0.00922028 0.00886099 0.0086232 0.00905728 0.0100997 0.00887213 0.00857432 0.00818261 0.00810643 0.00810888 
0.00829892 0.00826621 0.00823615 0.00823315 0.00829742 0.00804809 0.00813086 0.00860436 0.00922881 0.00878935 0.00844559 0.00839299 0.00839617 0.00858157 0.00934697 0.00918012 0.0093909 0.00966756 0.00996264 0.00848375 0.00859023 0.00857555 0.00871627 0.00927609 0.00864677 0.0086346 0.00871753 0.00875711 0.00786663 0.00758609 0.00708503 0.00679338 0.00679376 0.00708545 0.902966 0.00802072 0.00651494 0.00404583 0.00382988 0.00371897 0.00379589 0 0.00371024 0.00371188 0.00388707 0.00491394 0.00477192 0.00438884 0.00385503 0.00741916 0.00957814 0.00811893 0.00801477 0.00837399 0.00822072 0.00839615 0.00886256 0.00988822 0.00915901 0.010423 0.00999076 0.008859 0.00834068 0.00880971 0.00959133 0.0097823 0.00916038 0.00869052 0.00864598 0.00957028 0.00967288 0.0088337 0.00850633 0.0083496 0.00804334 0.00815809 
0.00824338 0.00815927 0.00817274 0.00813848 0.00826743 0.00805207 0.00811397 0.00857791 0.00928085 0.0092573 0.00845895 0.00843339 0.00830034 0.00938591 0.00879883 0.00960585 0.0100107 0.0170828 0.00894077 0.0089453 0.0083604 0.00847897 0.0104143 0.00866102 0.0118256 0.00819971 0.0122631 0.00806063 0.00814739 0.00800723 0.00734404 0.00849706 0.00782583 0.877305 0.00744724 0.010383 0.00535535 0.00526075 0.00380725 0.00372997 0.00370038 0.00371024 0 0.00369698 0.00382168 0.00380644 0.00431891 0.00375416 0.00385712 0.00730101 0.00778359 0.00752127 0.00934177 0.0080148 0.00821872 0.00848311 0.0105617 0.00911893 0.010455 0.010088 0.0121701 0.00894739 0.00833408 0.00896817 0.00925394 0.0115722 0.0096052 0.00889249 0.00865125 0.00933832 0.0107007 0.00890115 0.0085727 0.00828779 0.00807939 0.00811871 
0.0083201 0.0082978 0.00821294 0.00843007 0.00808566 0.00811588 0.00829271 0.00869375 0.0103815 0.00886336 0.00841129 0.00834607 0.00940833 0.00839093 0.0107881 0.00983775 0.0111118 0.00951761 0.0107231 0.00835007 0.00909333 0.00914204 0.00854878 0.0155693 0.00835367 0.018803 0.0081967 0.0104864 0.00806847 0.00788246 0.00998144 0.00816861 0.922208 0.00805163 0.0101937 0.00593305 0.00679881 0.00517952 0.00387532 0.003722 0.0037637 0.00371188 0.00369698 0 0.00364785 0.00381447 0.00371554 0.00412926 0.00371983 0.00791266 0.00700338 0.0118896 0.00733927 0.0103437 0.0086713 0.00864774 0.00894195 0.0104948 0.00937181 0.010526 0.0109549 0.00909995 0.00848486 0.00891114 0.00987521 0.0100352 0.00998305 0.00891179 0.0087284 0.010039 0.0104336 0.0091377 0.00853645 0.00821812 0.00827382 0.0082074 
0.00849504 0.00853667 0.00856465 0.00832908 0.00935394 0.00835242 0.00828971 0.00978424 0.00935206 0.0100621 0.00931931 0.0094928 0.0082866 0.0120392 0.00896478 0.0146594 0.0113574 0.0118581 0.00908686 0.0110514 0.0085805 0.00873367 0.0160131 0.00859907 0.0304171 0.00836554 0.0214533 0.00835811 0.0106469 0.0117543 0.00843629 0.972106 0.00849863 0.0121474 0.00671989 0.00915355 0.00622345 0.00822333 0.00378734 0.00397965 0.00467806 0.00388707 0.00382168 0.00364785 0 0.00369579 0.00386906 0.00371129 0.00421067 0.00659634 0.0124471 0.00748946 0.0347005 0.0192319 0.00883761 0.00866935 0.00951907 0.0119585 0.0136768 0.0113082 0.0129766 0.0100454 0.00942664 0.0111078 0.0104762 0.0128239 0.010285 0.0102617 0.0101601 0.0101181 0.0127523 0.00967038 0.00960674 0.0114967 0.00832954 0.00840819 
0.00869094 0.0087447 0.00842571 0.00937394 0.008393 0.00819825 0.00845722 0.00885624 0.0116548 0.00915005 0.00874992 0.00843459 0.0115932 0.00859492 0.0198348 0.0101309 0.00973574 0.0111937 0.0121839 0.00849458 0.00980911 0.00989137 0.00862571 0.0398026 0.00857189 0.0296579 0.00837406 0.0125881 0.00845149 0.00956451 0.964636 0.00840065 0.0140758 0.00756553 0.00902256 0.0065378 0.0133338 0.00603199 0.00429908 0.00449462 0.00466605 0.00491394 0.00380644 0.00381447 0.00369579 0 0.00363021 0.00421274 0.00369643 0.00983253 0.00703722 0.0487365 0.0110802 0.5119 0.00898067 0.00850263 0.00936587 0.0121148 0.0100787 0.0126612 0.0130608 0.0105318 0.00900176 0.00921798 0.0115723 0.0123359 0.0118121 0.00913929 0.00905134 0.0121515 0.0113724 0.00987963 0.00882353 0.0083805 0.00842414 0.00845935 
0.00838464 0.0085022 0.00884902 0.00860153 0.00927728 0.00832767 0.0083344 0.0104343 0.00940799 0.0118454 0.00921585 0.00981981 0.00852985 0.0296251 0.0092389 0.0114135 0.0149941 0.0155632 0.00928684 0.0109492 0.0085818 0.00906554 0.028014 0.00873136 0.042075 0.00844091 0.0274076 0.00859328 0.00951446 0.728735 0.00870221 0.0296814 0.00781929 0.0101839 0.00704991 0.0141657 0.00686979 0.00754575 0.00418275 0.00571788 0.00416335 0.00477192 0.00431891 0.00371554 0.00386906 0.00363021 0 0.00369451 0.00389308 0.0061211 0.0457019 0.0086383 0.756068 0.00781259 0.00828212 0.00956593 0.0105551 0.0102965 0.0185057 0.0140824 0.015432 0.010505 0.0088923 0.0112472 0.0122633 0.023866 0.0113707 0.00967987 0.0110338 0.0112801 0.0207501 0.0102518 0.00930098 0.0121087 0.00843878 0.00854859 
0.00903222 0.00955804 0.00924185 0.0106554 0.00850225 0.00873236 0.0096511 0.0100144 0.0158486 0.00972678 0.00901912 0.00889874 0.0256232 0.00866375 0.0114627 0.0102662 0.00978924 0.0101833 0.0183651 0.00864518 0.0116188 0.0140536 0.00893229 0.0368389 0.008805 0.0284804 0.00863026 0.0175034 0.0113792 0.0117708 0.0552223 0.00842954 0.0129078 0.00816097 0.0214264 0.00741087 0.0201281 0.00667732 0.00679187 0.00566614 0.00451931 0.00438884 0.00375416 0.00412926 0.00371129 0.00421274 0.00369451 0 0.00373403 0.0596953 0.00819928 0.829168 0.0071018 0.00829611 0.0101552 0.00998316 0.00962856 0.0288785 0.0107599 0.0155046 0.0143689 0.0109937 0.00910565 0.0107258 0.0153274 0.0113483 0.0177315 0.00997297 0.00975502 0.0164916 0.010981 0.0132558 0.00969 0.00869999 0.0106021 0.00867312 
0.0111884 0.0127772 0.00918566 0.00831104 0.0105849 0.0113028 0.0110625 0.0253159 0.00963307 0.00953387 0.0102961 0.022807 0.00851493 0.00997303 0.00888763 0.00933071 0.00998633 0.00951717 0.00887511 0.0150238 0.0159088 0.00887637 0.0126378 0.00891792 0.0171811 0.00856827 0.0165796 0.00887425 0.0155639 0.0659159 0.00879865 0.0140564 0.00812339 0.00948991 0.00761836 0.0124104 0.00731738 0.0104608 0.00727551 0.00584763 0.00406138 0.00385503 0.00385712 0.00371983 0.00421067 0.00369643 0.00389308 0.00373403 0 0.0140419 0.679848 0.00653738 0.0111673 0.0077401 0.0107215 0.00900981 0.00954985 0.00974801 0.0137574 0.0110183 0.00989874 0.0100491 0.0108507 0.0244743 0.0105811 0.0103069 0.0104654 0.0155581 0.0305618 0.00961535 0.00993376 0.00975957 0.0119338 0.0310564 0.00858591 0.00864485 
