1SIXA
SGLVPRGSHMSTTLAIVRLDPGLPLPSRAHDGDAGVDLYSAEDVELAPGRRALVRTGVAVAVPFGMVGLVHPRSGLATRVGLSIVNSPGTIDAGYRGEIKVALINLDPAAPIVVHRGDRIAQLLVQRVELVELVEVSSFDEAGLASTSRGDGG
CCCCCCCCCCCCCCEEEECCCCCCCCCCCCCCCCCEEEECCCCEEECCCCEEEEECCEEEECCCCEEEEEECCHHHHHHHCEEECCCCEEEECCCCCCCEEEEEECCCCCCEEECCCCEEEEEEEEECCCCCCCCCCCHHHHCCCCCCCCCCC
0 0 0 0 0 0 0 0 0 0 0 0 0 0 0 0 0 0 0 0 0 0 0 0 0 0 0 0 0 0 0 0 0 0 0 0 0 0 0 0 0 0 0 0 0 0 0 0 0 0 0 0 0 0 0 0 0 0 0 0 0 0 0 0 0 0 0 0 0 0 0 0 0 0 0 0 0 0 0 0 0 0 0 0 0 0 0 0 0 0 0 0 0 0 0 0 0 0 0 0 0 0 0 0 0 0 0 0 0 0 0 0 0 0 0 0 0 0 0 0 0 0 0 0 0 0 0 0 0 0 0 0 0 0 0 0 0 0 0 0 0 0 0 0 0 0 0 0 0 0 0 0 0 
0 0 0 0 0 0 0 0 0 0 0 0 0 0 0 0 0 0 0 0 0 0 0 0 0 0 0 0 0 0 0 0 0 0 0 0 0 0 0 0 0 0 0 0 0 0 0 0 0 0 0 0 0 0 0 0 0 0 0 0 0 0 0 0 0 0 0 0 0 0 0 0 0 0 0 0 0 0 0 0 0 0 0 0 0 0 0 0 0 0 0 0 0 0 0 0 0 0 0 0 0 0 0 0 0 0 0 0 0 0 0 0 0 0 0 0 0 0 0 0 0 0 0 0 0 0 0 0 0 0 0 0 0 0 0 0 0 0 0 0 0 0 0 0 0 0 0 0 0 0 0 0 0 
0 0.00415369 0.00404394 0.00754338 0.0202779 0.0112167 0.0113116 0.025787 0.0171613 0.0138652 0.0218028 0.0175032 0.0110983 0.0125754 0.0098398 0.0178196 0.0147957 0.010531 0.0108366 0.0234466 0.0103434 0.00900406 0.00949704 0.00974051 0.00953743 0.0142161 0.00910855 0.0101585 0.0130031 0.00950722 0.00913094 0.00872728 0.0130222 0.0103184 0.00884407 0.00903621 0.00886388 0.00905391 0.0112603 0.00955048 0.00894403 0.0100572 0.00973554 0.00834916 0.00827723 0.0086417 0.0082518 0.00827147 0.0081693 0.0083362 0.0093766 
0.00415369 0 0.00516724 0.00373051 0.0126697 0.0185764 0.0220161 0.0100565 0.0140207 0.0131222 0.0132529 0.00989057 0.0152117 0.0103067 0.013583 0.0094447 0.0104009 0.0138739 0.0139296 0.0112791 0.00919289 0.0101546 0.0107064 0.0111971 0.0101919 0.00953995 0.00915728 0.00963012 0.0103524 0.00941889 0.00899577 0.00939917 0.00877472 0.00869804 0.011601 0.00964835 0.010195 0.00941068 0.00880046 0.00924505 0.00874876 0.00860741 0.00838177 0.00849044 0.00877019 0.00842852 0.00872034 0.00837542 0.00832613 0.00862635 0.00829245 
0.00404394 0.00516724 0 0.00383663 0.0131613 0.0303336 0.023573 0.00954963 0.0133244 0.013021 0.0100497 0.01102 0.0110589 0.011052 0.00982917 0.00913335 0.0110374 0.0151471 0.0139697 0.00922242 0.0097593 0.0101555 0.0100578 0.0107029 0.00961462 0.00848976 0.0102012 0.00948208 0.00899072 0.00935491 0.00982701 0.00919605 0.00857833 0.00903306 0.00964253 0.00958777 0.00957121 0.00901356 0.0083256 0.00972014 0.0086846 0.0084922 0.00883636 0.00865201 0.00851006 0.00875056 0.00842192 0.00837873 0.00836594 0.00820272 0.00804522 
0.00754338 0.00373051 0.00383663 0 0.0365043 0.0155079 0.0135835 0.0405097 0.0192993 0.0103122 0.0123951 0.0148983 0.00972232 0.0091422 0.00932867 0.0106632 0.019156 0.0100363 0.0105704 0.0145933 0.0139168 0.00937634 0.00941498 0.00941048 0.00887294 0.00917251 0.0133779 0.00886143 0.0101812 0.0138409 0.00909238 0.00848922 0.00935298 0.0112804 0.00877998 0.00905616 0.00915432 0.00853115 0.00888107 0.0104681 0.00849274 0.00882417 0.0101778 0.00830375 0.00827558 0.00838237 0.00837132 0.00824836 0.008159 0.00804307 0.00827337 
0.0202779 0.0126697 0.0131613 0.0365043 0 0.00459856 0.00369931 0.00443667 0.00890344 0.00748003 0.0544164 0.0121918 0.0100261 0.00968191 0.0140863 0.0233114 0.0224965 0.0125643 0.0177828 0.0360349 0.0147291 0.0120153 0.0118189 0.0113557 0.0129709 0.0156769 0.0148297 0.00940606 0.0339712 0.0169294 0.00895259 0.0121829 0.012666 0.0116332 0.0177514 0.0109054 0.0107573 0.0112877 0.0155492 0.0134595 0.00864712 0.0168447 0.0093134 0.00939665 0.00912715 0.00897815 0.00944769 0.00873491 0.0089087 0.00860718 0.0114297 
0.0112167 0.0185764 0.0303336 0.0155079 0.00459856 0 0.00382814 0.00375006 0.00472074 0.0256938 0.00932624 0.00785008 0.00931607 0.0148711 0.0113517 0.011235 0.0106093 0.0380946 0.0237324 0.0134468 0.0101368 0.0133574 0.0174141 0.0301623 0.0113866 0.0100685 0.00904432 0.0242106 0.00926546 0.00940578 0.0211379 0.00905777 0.0106956 0.0123328 0.0112527 0.0345003 0.019676 0.0138099 0.00979311 0.00892175 0.0135761 0.00872388 0.00891405 0.00900061 0.0102705 0.0154808 0.00945804 0.0114278 0.00949983 0.0100003 0.00843231 
0.0113116 0.0220161 0.023573 0.0135835 0.00369931 0.00382814 0 0.0037655 0.0109048 0.0116565 0.00837536 0.00811116 0.0124797 0.0114954 0.0245202 0.0123658 0.0159542 0.0258537 0.0586256 0.013808 0.0101707 0.0187185 0.0192961 0.0170279 0.0304624 0.00994109 0.0154555 0.012106 0.0144765 0.0124417 0.0110378 0.0302152 0.0100057 0.00968845 0.0327977 0.0164915 0.0341526 0.0295675 0.00969956 0.0126758 0.00958295 0.0102538 0.00888028 0.0107403 0.0134912 0.0112867 0.0182356 0.0101745 0.010966 0.00932577 0.00835297 
0.025787 0.0100565 0.00954963 0.0405097 0.00443667 0.00375006 0.0037655 0 0.00856519 0.00656988 0.00609253 0.0215542 0.011294 0.00963414 0.0229519 0.044527 0.0258702 0.0141358 0.0198203 0.0586372 0.0177512 0.0124018 0.0132745 0.0132563 0.0122821 0.0180961 0.0189559 0.0114802 0.0139785 0.0190633 0.0108749 0.00986187 0.0373314 0.0180287 0.0106741 0.0165537 0.0138324 0.0142787 0.0171152 0.015102 0.00978623 0.0104022 0.0120748 0.00914284 0.00994383 0.0107428 0.00931737 0.009379 0.00892107 0.00881161 0.00915074 
0.0171613 0.0140207 0.0133244 0.0192993 0.00890344 0.00472074 0.0109048 0.00856519 0 0.00370334 0.00461303 0.0162957 0.0263806 0.0595842 0.0738886 0.0170214 0.0115053 0.00945733 0.018249 0.0208557 0.0143187 0.0112866 0.0122406 0.0101239 0.0145686 0.0141405 0.0239587 0.00926578 0.0840854 0.0262141 0.00890324 0.0208118 0.0116282 0.0100949 0.0336498 0.0105602 0.0121085 0.0124709 0.0177404 0.0247563 0.0086455 0.0533341 0.00891674 0.0119554 0.0108099 0.00882229 0.0117192 0.00888792 0.00889979 0.00926594 0.0123821 
0.0138652 0.0131222 0.013021 0.0103122 0.00748003 0.0256938 0.0116565 0.00656988 0.00370334 0 0.00372823 0.00912977 0.0979833 0.0326957 0.00685945 0.00797672 0.00803424 0.027696 0.0145334 0.0122563 0.00979633 0.0168509 0.00990596 0.0120841 0.00922348 0.0105323 0.00924319 0.12155 0.0090042 0.00962563 0.0420266 0.00899928 0.013611 0.016907 0.0102976 0.0181363 0.0116947 0.013541 0.00964341 0.00900707 0.0920573 0.00845505 0.0136903 0.00955276 0.00877659 0.0136204 0.00866394 0.00898904 0.00856962 0.00873681 0.00847127 
0.0218028 0.0132529 0.0100497 0.0123951 0.0544164 0.00932624 0.00837536 0.00609253 0.00461303 0.00372823 0 0.140808 0.00831042 0.00431797 0.00676184 0.0063493 0.025987 0.00904731 0.0127428 0.0107006 0.0211837 0.0107241 0.0112908 0.00979959 0.0117435 0.00902228 0.0762068 0.0089682 0.0242209 0.0536342 0.00938844 0.0150889 0.0100689 0.0129351 0.0188326 0.00985305 0.0108063 0.00999857 0.0104917 0.0675985 0.00858908 0.0169178 0.0118266 0.0100991 0.0100805 0.00853362 0.010654 0.00887785 0.0086776 0.00854008 0.00945283 
0.0175032 0.00989057 0.01102 0.0148983 0.0121918 0.00785008 0.00811116 0.0215542 0.0162957 0.00912977 0.140808 0 0.00461178 0.00374185 0.00403639 0.00528016 0.00480977 0.00570887 0.00659275 0.104232 0.00925869 0.00827906 0.00837427 0.00867486 0.0199168 0.029628 0.0110745 0.0105277 0.0202734 0.0142212 0.01033 0.00924763 0.0153709 0.018656 0.0104324 0.0101472 0.00900696 0.0117356 0.0157488 0.0120681 0.00975142 0.0125939 0.0126745 0.00864612 0.00852703 0.00862184 0.00844715 0.00852298 0.00837182 0.00867547 0.0123573 
0.0110983 0.0152117 0.0110589 0.00972232 0.0100261 0.00931607 0.0124797 0.011294 0.0263806 0.0979833 0.00831042 0.00461178 0 0.00369923 0.00372232 0.00379558 0.00435557 0.00517015 0.0432757 0.0306806 0.00802552 0.00823474 0.0100712 0.0176691 0.0201416 0.00892315 0.0105894 0.0102564 0.0143707 0.0138317 0.0100127 0.0126228 0.00903198 0.0100883 0.0334144 0.0125826 0.0189477 0.0106716 0.0095293 0.0162812 0.0100023 0.0109358 0.0088319 0.00979157 0.0103157 0.00888675 0.011207 0.00931856 0.00865162 0.00883559 0.00880304 
0.0125754 0.0103067 0.011052 0.0091422 0.00968191 0.0148711 0.0114954 0.00963414 0.0595842 0.0326957 0.00431797 0.00374185 0.00369923 0 0.00370509 0.00378301 0.00413913 0.0260159 0.0104666 0.0151961 0.00707049 0.00788961 0.0160231 0.0251897 0.00872882 0.00983896 0.00927887 0.012764 0.00904366 0.00940745 0.0209244 0.00888052 0.0112064 0.012538 0.0101278 0.0644285 0.0198425 0.0117305 0.00906648 0.00958825 0.0123021 0.00878026 0.0104043 0.00915378 0.0109463 0.0216536 0.00984146 0.0118695 0.0109422 0.00869601 0.00854203 
0.0098398 0.013583 0.00982917 0.00932867 0.0140863 0.0113517 0.0245202 0.0229519 0.0738886 0.00685945 0.00676184 0.00403639 0.00372232 0.00370509 0 0.00371579 0.00732801 0.028424 0.0343 0.00505616 0.00682602 0.00918896 0.0181563 0.0116564 0.0183979 0.00824226 0.014329 0.00940813 0.0162782 0.0131989 0.00913885 0.0207813 0.00921687 0.00902946 0.0414938 0.0107483 0.022603 0.0163297 0.00937827 0.0145237 0.00901084 0.0123157 0.00896492 0.0114897 0.0122099 0.0093723 0.0126303 0.0094484 0.00912295 0.00929121 0.00834264 
0.0178196 0.0094447 0.00913335 0.0106632 0.0233114 0.011235 0.0123658 0.044527 0.0170214 0.00797672 0.0063493 0.00528016 0.00379558 0.00378301 0.00371579 0 0.0537587 0.036138 0.00557925 0.00485152 0.00945717 0.0274365 0.00906623 0.0132117 0.0108733 0.0138244 0.0157001 0.0136529 0.0106556 0.0184909 0.0124751 0.00921476 0.0267785 0.0333375 0.00983418 0.0127482 0.0111787 0.0150699 0.0139773 0.0139317 0.0109924 0.00919208 0.0159877 0.00916679 0.00893579 0.0101513 0.00890879 0.00908104 0.00864011 0.00855896 0.00879878 
0.0147957 0.0104009 0.0110374 0.019156 0.0224965 0.0106093 0.0159542 0.0258702 0.0115053 0.00803424 0.025987 0.00480977 0.00435557 0.00413913 0.00732801 0.0537587 0 0.00373786 0.00372026 0.00446969 0.00554172 0.00884121 0.00976479 0.0266118 0.101003 0.0265441 0.0162037 0.0104606 0.0454593 0.024768 0.0120612 0.0147067 0.0159334 0.0184542 0.0341084 0.0148877 0.0176902 0.0156701 0.0220241 0.0265057 0.00980106 0.0268991 0.0122068 0.0121007 0.0113318 0.0109024 0.0114133 0.0103906 0.0100669 0.00980241 0.0160463 
0.010531 0.0138739 0.0151471 0.0100363 0.0125643 0.0380946 0.0258537 0.0141358 0.00945733 0.027696 0.00904731 0.00570887 0.00517015 0.0260159 0.028424 0.036138 0.00373786 0 0.00374299 0.00373358 0.00595975 0.0109633 0.0838324 0.0838583 0.0245535 0.00843927 0.00975347 0.0322908 0.011081 0.0118811 0.0351458 0.012937 0.0132162 0.0173334 0.0254785 0.0610264 0.0408454 0.0245472 0.0115473 0.0118304 0.0235787 0.0099551 0.0112255 0.0117057 0.0164962 0.0274068 0.0132062 0.0141878 0.0122252 0.0111297 0.0092499 
0.0108366 0.0139296 0.0139697 0.0105704 0.0177828 0.0237324 0.0586256 0.0198203 0.018249 0.0145334 0.0127428 0.00659275 0.0432757 0.0104666 0.0343 0.00557925 0.00372026 0.00374299 0 0.00382912 0.00661152 0.0526298 0.0731526 0.0294597 0.0107157 0.00814169 0.0191362 0.0277305 0.017962 0.0186558 0.0155974 0.0518794 0.0129429 0.0139896 0.0510159 0.0239876 0.0512794 0.05717 0.012949 0.0190602 0.0135284 0.0140611 0.0104795 0.0147397 0.019646 0.0149963 0.0222881 0.0131556 0.0147343 0.0125811 0.00900459 
0.0234466 0.0112791 0.00922242 0.0145933 0.0360349 0.0134468 0.013808 0.0586372 0.0208557 0.0122563 0.0107006 0.104232 0.0306806 0.0151961 0.00505616 0.00485152 0.00446969 0.00373358 0.00382912 0 0.0561956 0.0805023 0.02299 0.00609813 0.00762407 0.0073684 0.0189946 0.0151842 0.0139846 0.0269772 0.014824 0.0104823 0.0476869 0.0353785 0.0127054 0.0190221 0.0148756 0.0154641 0.0203365 0.0219082 0.0129824 0.0122764 0.0242199 0.0116842 0.0109116 0.016031 0.01056 0.0108753 0.00972691 0.00939824 0.0103034 
0.0103434 0.00919289 0.0097593 0.0139168 0.0147291 0.0101368 0.0101707 0.0177512 0.0143187 0.00979633 0.0211837 0.00925869 0.00802552 0.00707049 0.00682602 0.00945717 0.00554172 0.00595975 0.00661152 0.0561956 0 0.00374425 0.00368656 0.0037028 0.00371504 0.00440812 0.00928923 0.00940819 0.0406303 0.0134609 0.0105106 0.0105366 0.0150621 0.0173711 0.016132 0.0114797 0.0104316 0.0117542 0.0204021 0.0141988 0.00933303 0.0200528 0.011353 0.0100528 0.00961743 0.00942314 0.00935669 0.00923647 0.00903883 0.00900611 0.014451 
0.00900406 0.0101546 0.0101555 0.00937634 0.0120153 0.0133574 0.0187185 0.0124018 0.0112866 0.0168509 0.0107241 0.00827906 0.00823474 0.00788961 0.00918896 0.0274365 0.00884121 0.0109633 0.0526298 0.0805023 0.00374425 0 0.00371873 0.00369108 0.003758 0.00387045 0.00924956 0.0230659 0.0137749 0.0121156 0.0154896 0.0115469 0.0127565 0.0118279 0.0267308 0.0182142 0.0200746 0.0223269 0.010753 0.0112969 0.0131559 0.0103289 0.00970137 0.0112882 0.0130669 0.0138933 0.0145571 0.0113252 0.00997462 0.0120761 0.00916616 
0.00949704 0.0107064 0.0100578 0.00941498 0.0118189 0.0174141 0.0192961 0.0132745 0.0122406 0.00990596 0.0112908 0.00837427 0.0100712 0.0160231 0.0181563 0.00906623 0.00976479 0.0838324 0.0731526 0.02299 0.00368656 0.00371873 0 0.00371333 0.00371237 0.00372007 0.0116664 0.0127218 0.0370159 0.013172 0.0126918 0.0188648 0.0105045 0.0131601 0.0269089 0.0498786 0.052155 0.0194907 0.0103293 0.0131315 0.0107027 0.0101231 0.010626 0.012945 0.0239311 0.0275136 0.0270562 0.0206519 0.0323869 0.0107985 0.00888336 
0.00974051 0.0111971 0.0107029 0.00941048 0.0113557 0.0301623 0.0170279 0.0132563 0.0101239 0.0120841 0.00979959 0.00867486 0.0176691 0.0251897 0.0116564 0.0132117 0.0266118 0.0838583 0.0294597 0.00609813 0.0037028 0.00369108 0.00371333 0 0.00370114 0.00370035 0.00808391 0.0526213 0.017629 0.0103442 0.0440888 0.0110331 0.0134202 0.0144649 0.0161118 0.0592953 0.0584198 0.0170448 0.0109534 0.0107756 0.0130734 0.0100107 0.0105848 0.0112229 0.0214119 0.0420774 0.0191297 0.0342397 0.0173778 0.0102239 0.00908915 
0.00953743 0.0101919 0.00961462 0.00887294 0.0129709 0.0113866 0.0304624 0.0122821 0.0145686 0.00922348 0.0117435 0.0199168 0.0201416 0.00872882 0.0183979 0.0108733 0.101003 0.0245535 0.0107157 0.00762407 0.00371504 0.003758 0.00371237 0.00370114 0 0.0040362 0.030246 0.0149789 0.0146709 0.0252592 0.0101991 0.0243961 0.0092995 0.00987696 0.0318643 0.0117372 0.016278 0.0198847 0.00944154 0.0146878 0.00976238 0.0102777 0.00966946 0.0122273 0.0127195 0.0102433 0.0223895 0.0101205 0.0094421 0.00949895 0.00860905 
0.0142161 0.00953995 0.00848976 0.00917251 0.0156769 0.0100685 0.00994109 0.0180961 0.0141405 0.0105323 0.00902228 0.029628 0.00892315 0.00983896 0.00824226 0.0138244 0.0265441 0.00843927 0.00814169 0.0073684 0.00440812 0.00387045 0.00372007 0.00370035 0.0040362 0 0.0196253 0.0105616 0.00866477 0.0122159 0.0114372 0.00828587 0.0233581 0.0198333 0.00937593 0.010616 0.00935731 0.00995041 0.010687 0.0147797 0.00980356 0.00899647 0.0157634 0.00933889 0.0089452 0.00972677 0.00925041 0.00934621 0.008711 0.00844689 0.00894465 
0.00910855 0.00915728 0.0102012 0.0133779 0.0148297 0.00904432 0.0154555 0.0189559 0.0239587 0.00924319 0.0762068 0.0110745 0.0105894 0.00927887 0.014329 0.0157001 0.0162037 0.00975347 0.0191362 0.0189946 0.00928923 0.00924956 0.0116664 0.00808391 0.030246 0.0196253 0 0.00370421 0.00479885 0.00585474 0.00519457 0.112357 0.0249737 0.00902186 0.0245704 0.00936302 0.0116747 0.0132315 0.0465802 0.0254461 0.00923423 0.0838469 0.00998372 0.0126278 0.0126861 0.00990721 0.0127641 0.00973044 0.00955429 0.0100874 0.0187389 
0.0101585 0.00963012 0.00948208 0.00886143 0.00940606 0.0242106 0.012106 0.0114802 0.00926578 0.12155 0.0089682 0.0105277 0.0102564 0.012764 0.00940813 0.0136529 0.0104606 0.0322908 0.0277305 0.0151842 0.00940819 0.0230659 0.0127218 0.0526213 0.0149789 0.0105616 0.00370421 0 0.00414586 0.0050051 0.175357 0.0102468 0.0080651 0.0186676 0.00982207 0.0155359 0.0122208 0.0978919 0.0113218 0.0098896 0.177168 0.00901739 0.017203 0.0104014 0.00950626 0.0181433 0.00931813 0.010075 0.00934909 0.0108271 0.00890951 
0.0130031 0.0103524 0.00899072 0.0101812 0.0339712 0.00926546 0.0144765 0.0139785 0.0840854 0.0090042 0.0242209 0.0202734 0.0143707 0.00904366 0.0162782 0.0106556 0.0454593 0.011081 0.017962 0.0139846 0.0406303 0.0137749 0.0370159 0.017629 0.0146709 0.00866477 0.00479885 0.00414586 0 0.146435 0.00534954 0.00939955 0.00577696 0.011504 0.0179029 0.010074 0.0257639 0.0147473 0.014043 0.0831645 0.00891367 0.0278899 0.0130521 0.0129378 0.0116228 0.00896236 0.0127299 0.0095157 0.0100223 0.00930202 0.0101666 
0.00950722 0.00941889 0.00935491 0.0138409 0.0169294 0.00940578 0.0124417 0.0190633 0.0262141 0.00962563 0.0536342 0.0142212 0.0138317 0.00940745 0.0131989 0.0184909 0.024768 0.0118811 0.0186558 0.0269772 0.0134609 0.0121156 0.013172 0.0103442 0.0252592 0.0122159 0.00585474 0.0050051 0.146435 0 0.00372384 0.00415912 0.00398417 0.0104259 0.0165196 0.0102824 0.0282226 0.023451 0.0331975 0.020758 0.00988093 0.0626663 0.0138984 0.0200184 0.0120113 0.00980525 0.0147205 0.0102486 0.00988485 0.0108352 0.0217768 
0.00913094 0.00899577 0.00982701 0.00909238 0.00895259 0.0211379 0.0110378 0.0108749 0.00890324 0.0420266 0.00938844 0.01033 0.0100127 0.0209244 0.00913885 0.0124751 0.0120612 0.0351458 0.0155974 0.014824 0.0105106 0.0154896 0.0126918 0.0440888 0.0101991 0.0114372 0.00519457 0.175357 0.00534954 0.00372384 0 0.00393314 0.00403828 0.012554 0.0133392 0.0394588 0.0219319 0.0299979 0.00949983 0.0097224 0.0720253 0.00899014 0.0188847 0.0109393 0.00994457 0.0325225 0.00943008 0.0122217 0.010067 0.0121634 0.00982217 
0.00872728 0.00939917 0.00919605 0.00848922 0.0121829 0.00905777 0.0302152 0.00986187 0.0208118 0.00899928 0.0150889 0.00924763 0.0126228 0.00888052 0.0207813 0.00921476 0.0147067 0.012937 0.0518794 0.0104823 0.0105366 0.0115469 0.0188648 0.0110331 0.0243961 0.00828587 0.112357 0.0102468 0.00939955 0.00415912 0.00393314 0 0.00369573 0.00863733 0.0734273 0.0142237 0.0330256 0.01299 0.00861065 0.0219842 0.0089392 0.0201266 0.00888116 0.0191677 0.0184571 0.00910467 0.018113 0.00969516 0.0114893 0.011406 0.00876291 
0.0130222 0.00877472 0.00857833 0.00935298 0.012666 0.0106956 0.0100057 0.0373314 0.0116282 0.013611 0.0100689 0.0153709 0.00903198 0.0112064 0.00921687 0.0267785 0.0159334 0.0132162 0.0129429 0.0476869 0.0150621 0.0127565 0.0105045 0.0134202 0.0092995 0.0233581 0.0249737 0.0080651 0.00577696 0.00398417 0.00403828 0.00369573 0 0.0416635 0.00734944 0.0126615 0.00817555 0.00808663 0.0132657 0.0119269 0.0156428 0.0140502 0.0232019 0.00978022 0.00933659 0.0132054 0.00994904 0.00993403 0.00938966 0.00923128 0.0106416 
0.0103184 0.00869804 0.00903306 0.0112804 0.0116332 0.0123328 0.00968845 0.0180287 0.0100949 0.016907 0.0129351 0.018656 0.0100883 0.012538 0.00902946 0.0333375 0.0184542 0.0173334 0.0139896 0.0353785 0.0173711 0.0118279 0.0131601 0.0144649 0.00987696 0.0198333 0.00902186 0.0186676 0.011504 0.0104259 0.012554 0.00863733 0.0416635 0 0.00393192 0.003724 0.00376452 0.00386415 0.00502688 0.00805811 0.0215008 0.0124316 0.0402478 0.00986231 0.0106904 0.0192546 0.00978949 0.0142286 0.0110879 0.0104207 0.0260765 
0.00884407 0.011601 0.00964253 0.00877998 0.0177514 0.0112527 0.0327977 0.0106741 0.0336498 0.0102976 0.0188326 0.0104324 0.0334144 0.0101278 0.0414938 0.00983418 0.0341084 0.0254785 0.0510159 0.0127054 0.016132 0.0267308 0.0269089 0.0161118 0.0318643 0.00937593 0.0245704 0.00982207 0.0179029 0.0165196 0.0133392 0.0734273 0.00734944 0.00393192 0 0.00379464 0.00374598 0.00400142 0.00375811 0.0233296 0.00896902 0.0248829 0.0116264 0.0327633 0.0178529 0.0119561 0.0474075 0.014674 0.0120507 0.0201572 0.0103292 
0.00903621 0.00964835 0.00958777 0.00905616 0.0109054 0.0345003 0.0164915 0.0165537 0.0105602 0.0181363 0.00985305 0.0101472 0.0125826 0.0644285 0.0107483 0.0127482 0.0148877 0.0610264 0.0239876 0.0190221 0.0114797 0.0182142 0.0498786 0.0592953 0.0117372 0.010616 0.00936302 0.0155359 0.010074 0.0102824 0.0394588 0.0142237 0.0126615 0.003724 0.00379464 0 0.00373145 0.00371525 0.00375648 0.00696179 0.0157855 0.025191 0.0159054 0.0112482 0.0152073 0.0470518 0.015484 0.027881 0.0232831 0.0127633 0.00997454 
0.00886388 0.010195 0.00957121 0.00915432 0.0107573 0.019676 0.0341526 0.0138324 0.0121085 0.0116947 0.0108063 0.00900696 0.0189477 0.0198425 0.022603 0.0111787 0.0176902 0.0408454 0.0512794 0.0148756 0.0104316 0.0200746 0.052155 0.0584198 0.016278 0.00935731 0.0116747 0.0122208 0.0257639 0.0282226 0.0219319 0.0330256 0.00817555 0.00376452 0.00374598 0.00373145 0 0.00369656 0.00370587 0.00920085 0.0290297 0.0184431 0.0100517 0.016624 0.0194845 0.0412334 0.0264036 0.0313485 0.0302258 0.013072 0.0105101 
0.00905391 0.00941068 0.00901356 0.00853115 0.0112877 0.0138099 0.0295675 0.0142787 0.0124709 0.013541 0.00999857 0.0117356 0.0106716 0.0117305 0.0163297 0.0150699 0.0156701 0.0245472 0.05717 0.0154641 0.0117542 0.0223269 0.0194907 0.0170448 0.0198847 0.00995041 0.0132315 0.0978919 0.0147473 0.023451 0.0299979 0.01299 0.00808663 0.00386415 0.00400142 0.00371525 0.00369656 0 0.00402834 0.0487795 0.0319632 0.0102826 0.0120122 0.0165244 0.0136935 0.0168771 0.0295457 0.0137229 0.0118217 0.0169463 0.00927778 
0.0112603 0.00880046 0.0083256 0.00888107 0.0155492 0.00979311 0.00969956 0.0171152 0.0177404 0.00964341 0.0104917 0.0157488 0.0095293 0.00906648 0.00937827 0.0139773 0.0220241 0.0115473 0.012949 0.0203365 0.0204021 0.010753 0.0103293 0.0109534 0.00944154 0.010687 0.0465802 0.0113218 0.014043 0.0331975 0.00949983 0.00861065 0.0132657 0.00502688 0.00375811 0.00375648 0.00370587 0.00402834 0 0.01923 0.00846364 0.00993187 0.0208983 0.0113947 0.0103954 0.0155586 0.0120811 0.0094959 0.00974238 0.00856944 0.0106145 
0.00955048 0.00924505 0.00972014 0.0104681 0.0134595 0.00892175 0.0126758 0.015102 0.0247563 0.00900707 0.0675985 0.0120681 0.0162812 0.00958825 0.0145237 0.0139317 0.0265057 0.0118304 0.0190602 0.0219082 0.0141988 0.0112969 0.0131315 0.0107756 0.0146878 0.0147797 0.0254461 0.0098896 0.0831645 0.020758 0.0097224 0.0219842 0.0119269 0.00805811 0.0233296 0.00696179 0.00920085 0.0487795 0.01923 0 0.00371004 0.00434294 0.00549455 0.0131532 0.0611406 0.0129086 0.012721 0.00801913 0.00847661 0.00966807 0.0274702 
0.00894403 0.00874876 0.0086846 0.00849274 0.00864712 0.0135761 0.00958295 0.00978623 0.0086455 0.0920573 0.00858908 0.00975142 0.0100023 0.0123021 0.00901084 0.0109924 0.00980106 0.0235787 0.0135284 0.0129824 0.00933303 0.0131559 0.0107027 0.0130734 0.00976238 0.00980356 0.00923423 0.177168 0.00891367 0.00988093 0.0720253 0.0089392 0.0156428 0.0215008 0.00896902 0.0157855 0.0290297 0.0319632 0.00846364 0.00371004 0 0.00376519 0.0543298 0.0248879 0.015652 0.0160057 0.00680257 0.00727989 0.0071145 0.0105186 0.00805192 
0.0100572 0.00860741 0.0084922 0.00882417 0.0168447 0.00872388 0.0102538 0.0104022 0.0533341 0.00845505 0.0169178 0.0125939 0.0109358 0.00878026 0.0123157 0.00919208 0.0268991 0.0099551 0.0140611 0.0122764 0.0200528 0.0103289 0.0101231 0.0100107 0.0102777 0.00899647 0.0838469 0.00901739 0.0278899 0.0626663 0.00899014 0.0201266 0.0140502 0.0124316 0.0248829 0.025191 0.0184431 0.0102826 0.00993187 0.00434294 0.00376519 0 0.0494717 0.00910763 0.00573562 0.00449871 0.00622841 0.00679216 0.0078722 0.00717954 0.00726675 
0.00973554 0.00838177 0.00883636 0.0101778 0.0093134 0.00891405 0.00888028 0.0120748 0.00891674 0.0136903 0.0118266 0.0126745 0.0088319 0.0104043 0.00896492 0.0159877 0.0122068 0.0112255 0.0104795 0.0242199 0.011353 0.00970137 0.010626 0.0105848 0.00966946 0.0157634 0.00998372 0.017203 0.0130521 0.0138984 0.0188847 0.00888116 0.0232019 0.0402478 0.0116264 0.0159054 0.0100517 0.0120122 0.0208983 0.00549455 0.0543298 0.0494717 0 0.00393402 0.00371417 0.00388332 0.00375774 0.00429382 0.00429634 0.0048236 0.016088 
0.00834916 0.00849044 0.00865201 0.00830375 0.00939665 0.00900061 0.0107403 0.00914284 0.0119554 0.00955276 0.0100991 0.00864612 0.00979157 0.00915378 0.0114897 0.00916679 0.0121007 0.0117057 0.0147397 0.0116842 0.0100528 0.0112882 0.012945 0.0112229 0.0122273 0.00933889 0.0126278 0.0104014 0.0129378 0.0200184 0.0109393 0.0191677 0.00978022 0.00986231 0.0327633 0.0112482 0.016624 0.0165244 0.0113947 0.0131532 0.0248879 0.00910763 0.00393402 0 0.00372752 0.00368529 0.00372669 0.00372942 0.00373188 0.00633488 0.00414218 
0.00827723 0.00877019 0.00851006 0.00827558 0.00912715 0.0102705 0.0134912 0.00994383 0.0108099 0.00877659 0.0100805 0.00852703 0.0103157 0.0109463 0.0122099 0.00893579 0.0113318 0.0164962 0.019646 0.0109116 0.00961743 0.0130669 0.0239311 0.0214119 0.0127195 0.0089452 0.0126861 0.00950626 0.0116228 0.0120113 0.00994457 0.0184571 0.00933659 0.0106904 0.0178529 0.0152073 0.0194845 0.0136935 0.0103954 0.0611406 0.015652 0.00573562 0.00371417 0.00372752 0 0.00369813 0.00371989 0.00373385 0.003731 0.00398124 0.00391641 
0.0086417 0.00842852 0.00875056 0.00838237 0.00897815 0.0154808 0.0112867 0.0107428 0.00882229 0.0136204 0.00853362 0.00862184 0.00888675 0.0216536 0.0093723 0.0101513 0.0109024 0.0274068 0.0149963 0.016031 0.00942314 0.0138933 0.0275136 0.0420774 0.0102433 0.00972677 0.00990721 0.0181433 0.00896236 0.00980525 0.0325225 0.00910467 0.0132054 0.0192546 0.0119561 0.0470518 0.0412334 0.0168771 0.0155586 0.0129086 0.0160057 0.00449871 0.00388332 0.00368529 0.00369813 0 0.00371407 0.00378146 0.00369704 0.00374494 0.0039543 
0.0082518 0.00872034 0.00842192 0.00837132 0.00944769 0.00945804 0.0182356 0.00931737 0.0117192 0.00866394 0.010654 0.00844715 0.011207 0.00984146 0.0126303 0.00890879 0.0114133 0.0132062 0.0222881 0.01056 0.00935669 0.0145571 0.0270562 0.0191297 0.0223895 0.00925041 0.0127641 0.00931813 0.0127299 0.0147205 0.00943008 0.018113 0.00994904 0.00978949 0.0474075 0.015484 0.0264036 0.0295457 0.0120811 0.012721 0.00680257 0.00622841 0.00375774 0.00372669 0.00371989 0.00371407 0 0.00374929 0.0037122 0.00375551 0.00376832 
0.00827147 0.00837542 0.00837873 0.00824836 0.00873491 0.0114278 0.0101745 0.009379 0.00888792 0.00898904 0.00887785 0.00852298 0.00931856 0.0118695 0.0094484 0.00908104 0.0103906 0.0141878 0.0131556 0.0108753 0.00923647 0.0113252 0.0206519 0.0342397 0.0101205 0.00934621 0.00973044 0.010075 0.0095157 0.0102486 0.0122217 0.00969516 0.00993403 0.0142286 0.014674 0.027881 0.0313485 0.0137229 0.0094959 0.00801913 0.00727989 0.00679216 0.00429382 0.00372942 0.00373385 0.00378146 0.00374929 0 0.00371691 0.00370703 0.00376818 
0.0081693 0.00832613 0.00836594 0.008159 0.0089087 0.00949983 0.010966 0.00892107 0.00889979 0.00856962 0.0086776 0.00837182 0.00865162 0.0109422 0.00912295 0.00864011 0.0100669 0.0122252 0.0147343 0.00972691 0.00903883 0.00997462 0.0323869 0.0173778 0.0094421 0.008711 0.00955429 0.00934909 0.0100223 0.00988485 0.010067 0.0114893 0.00938966 0.0110879 0.0120507 0.0232831 0.0302258 0.0118217 0.00974238 0.00847661 0.0071145 0.0078722 0.00429634 0.00373188 0.003731 0.00369704 0.0037122 0.00371691 0 0.00373893 0.003744 
0.0083362 0.00862635 0.00820272 0.00804307 0.00860718 0.0100003 0.00932577 0.00881161 0.00926594 0.00873681 0.00854008 0.00867547 0.00883559 0.00869601 0.00929121 0.00855896 0.00980241 0.0111297 0.0125811 0.00939824 0.00900611 0.0120761 0.0107985 0.0102239 0.00949895 0.00844689 0.0100874 0.0108271 0.00930202 0.0108352 0.0121634 0.011406 0.00923128 0.0104207 0.0201572 0.0127633 0.013072 0.0169463 0.00856944 0.00966807 0.0105186 0.00717954 0.0048236 0.00633488 0.00398124 0.00374494 0.00375551 0.00370703 0.00373893 0 0.00389625 
0.0093766 0.00829245 0.00804522 0.00827337 0.0114297 0.00843231 0.00835297 0.00915074 0.0123821 0.00847127 0.00945283 0.0123573 0.00880304 0.00854203 0.00834264 0.00879878 0.0160463 0.0092499 0.00900459 0.0103034 0.014451 0.00916616 0.00888336 0.00908915 0.00860905 0.00894465 0.0187389 0.00890951 0.0101666 0.0217768 0.00982217 0.00876291 0.0106416 0.0260765 0.0103292 0.00997454 0.0105101 0.00927778 0.0106145 0.0274702 0.00805192 0.00726675 0.016088 0.00414218 0.00391641 0.0039543 0.00376832 0.00376818 0.003744 0.00389625 0 
