1UDVA
TEKLNEIVVRKTKNVEDHVLDVIVLFNQGIDEVILKGTGREISKAVDVYNSLKDRLGDGVQLVNVQTGSEVRDRRRISYILLRLKRVY
CCCCCEEECCCCCCHHHHHHHHHHHHHCCCCEEEEEEECCHHHHHHHHHHHHHHHHHHHEEEEEEEEEEECCCCCCEEEEEEEEEECC
0 0 0 0 0 0 0 0 0 0 0 0 0 0 0 0 0 0 0 0 0 0 0 0 0 0 0 0 0 0 0 0 0 0 0 0 0 0 0 0 0 0 0 0 0 0 0 0 0 0 0 0 0 0 0 0 0 0 0 0 0 0 0 0 0 0 0 0 0 0 0 0 0 0 0 0 0 0 0 0 0 0 0 0 0 0 0 0 
0 0 0 0 0 0 0 0 0 0 0 0 0 0 0 0 0 0 0 0 0 0 0 0 0 0 0 0 0 0 0 0 0 0 0 0 0 0 0 0 0 0 0 0 0 0 0 0 0 0 0 0 0 0 0 0 0 0 0 0 0 0 0 0 0 0 0 0 0 0 0 0 0 0 0 0 0 0 0 0 0 0 0 0 0 0 0 0 
0 0.00386912 0.004474 0.163032 0.0154198 0.034679 0.0110825 0.0154924 0.00913937 0.0204488 0.00948746 0.0110571 0.0093788 0.00911056 0.0130186 0.00875092 0.0101032 0.0107474 0.00868909 0.00867698 0.0107219 0.0102762 0.00917486 0.0108143 0.0144473 0.010229 0.00856918 0.0112134 0.0082186 0.011267 0.0104482 
0.00386912 0 0.00405676 0.0139295 0.184491 0.0147609 0.0677049 0.0106865 0.0969307 0.00938869 0.0185169 0.0088601 0.0122228 0.00979211 0.00857258 0.0165726 0.00843827 0.00931183 0.00919013 0.00931584 0.00850641 0.0131154 0.0111562 0.00907085 0.0166476 0.00885039 0.0162881 0.008432 0.0151196 0.00863264 0.00918171 
0.004474 0.00405676 0 0.0390951 0.0121957 0.0403103 0.0143919 0.138305 0.0146287 0.106586 0.0142908 0.0127425 0.00958254 0.00896399 0.0142807 0.00870826 0.0125662 0.00964825 0.00917202 0.00922154 0.0122015 0.0142858 0.00970198 0.0130596 0.0101856 0.0171259 0.00933929 0.017647 0.00867408 0.0112189 0.00992948 
0.163032 0.0139295 0.0390951 0 0.00445979 0.00372109 0.0037394 0.00378725 0.00375479 0.00521675 0.0376236 0.025116 0.00996894 0.0113636 0.0163757 0.00960928 0.0144396 0.0101481 0.0093405 0.0100841 0.0143041 0.0185391 0.0136366 0.0144384 0.012113 0.0178087 0.0101861 0.0179069 0.00934089 0.0238325 0.0164235 
0.0154198 0.184491 0.0121957 0.00445979 0 0.00374669 0.00375041 0.00372345 0.00428612 0.00401951 0.064112 0.0124266 0.0293014 0.0154538 0.0101285 0.046748 0.0094221 0.0149664 0.0111902 0.0111566 0.0100544 0.0216799 0.0303593 0.0157906 0.056243 0.0128448 0.0698357 0.0101295 0.0685633 0.0118916 0.0182049 
0.034679 0.0147609 0.0403103 0.00372109 0.00374669 0 0.00372054 0.00365124 0.00372334 0.00377792 0.0125771 0.0320071 0.0192279 0.0183571 0.049278 0.0106912 0.0497292 0.0134632 0.0129584 0.0108757 0.0101282 0.00995931 0.0175298 0.0645745 0.0190169 0.131846 0.0140593 0.140025 0.0112486 0.0275786 0.0104138 
0.0110825 0.0677049 0.0143919 0.0037394 0.00375041 0.00372054 0 0.00369959 0.00370492 0.00372685 0.0251593 0.0137155 0.0532494 0.0268272 0.0367605 0.0570432 0.0111441 0.0413724 0.0129201 0.0113119 0.00924446 0.012527 0.0209879 0.025307 0.128759 0.0201127 0.166029 0.012682 0.0527073 0.0119658 0.0121909 
0.0154924 0.0106865 0.138305 0.00378725 0.00372345 0.00365124 0.00369959 0 0.0036917 0.00370321 0.0113292 0.034052 0.0135377 0.0345535 0.0535138 0.00949242 0.0545683 0.0131304 0.0154612 0.0108356 0.0098758 0.00975731 0.0135396 0.0555126 0.0162883 0.131132 0.0125331 0.0749634 0.0106216 0.0256382 0.0101767 
0.00913937 0.0969307 0.0146287 0.00375479 0.00428612 0.00372334 0.00370492 0.0036917 0 0.00373728 0.0214875 0.0106906 0.0189929 0.0134643 0.00991949 0.034916 0.0107575 0.0193888 0.0113645 0.0192859 0.00979608 0.0112369 0.0174779 0.0124485 0.0527476 0.0113446 0.036533 0.0102596 0.0224242 0.0123764 0.010923 
0.0204488 0.00938869 0.106586 0.00521675 0.00401951 0.00377792 0.00372685 0.00370321 0.00373728 0 0.0175665 0.012897 0.0101247 0.0104162 0.0177775 0.00971515 0.0154826 0.0122549 0.0101717 0.0108842 0.0230896 0.0158126 0.0105235 0.0132509 0.00946253 0.0143362 0.0098051 0.0138753 0.00896806 0.0124965 0.0122752 
0.00948746 0.0185169 0.0142908 0.0376236 0.064112 0.0125771 0.0251593 0.0113292 0.0214875 0.0175665 0 0.00369799 0.00375547 0.00379912 0.00375674 0.00467465 0.00373557 0.0040903 0.00437437 0.00441188 0.0129923 0.0136834 0.0180179 0.00873362 0.0136034 0.00872357 0.0199944 0.00867127 0.0401831 0.0113446 0.390771 
0.0110571 0.0088601 0.0127425 0.025116 0.0124266 0.0320071 0.0137155 0.034052 0.0106906 0.012897 0.00369799 0 0.00377172 0.0036957 0.00372625 0.00371719 0.00388495 0.00369918 0.00394792 0.00500452 0.00886488 0.00733962 0.00857543 0.0112611 0.00857597 0.016291 0.00847313 0.0212113 0.00881592 0.391809 0.04583 
0.0093788 0.0122228 0.00958254 0.00996894 0.0293014 0.0192279 0.0532494 0.0135377 0.0189929 0.0101247 0.00375547 0.00377172 0 0.00373541 0.0037165 0.00400038 0.00376799 0.00380013 0.00405031 0.0040238 0.00437845 0.00840087 0.00901956 0.00921937 0.0213118 0.00879454 0.027157 0.0179113 0.236526 0.102904 0.0106716 
0.00911056 0.00979211 0.00896399 0.0113636 0.0154538 0.0183571 0.0268272 0.0345535 0.0134643 0.0104162 0.00379912 0.0036957 0.00373541 0 0.0037117 0.00370605 0.00371762 0.00366829 0.00401876 0.00392437 0.00418841 0.00780402 0.00757649 0.00947586 0.00999126 0.00882743 0.0203477 0.0528534 0.269286 0.0139121 0.00870322 
0.0130186 0.00857258 0.0142807 0.0163757 0.0101285 0.049278 0.0367605 0.0535138 0.00991949 0.0177775 0.00375674 0.00372625 0.0037165 0.0037117 0 0.00365339 0.00371078 0.00371178 0.00373965 0.00405103 0.00387054 0.00653675 0.0132184 0.0104792 0.0081237 0.0303026 0.0156248 0.650403 0.00848083 0.0250648 0.00875743 
0.00875092 0.0165726 0.00870826 0.00960928 0.046748 0.0106912 0.0570432 0.00949242 0.034916 0.00971515 0.00467465 0.00371719 0.00400038 0.00370605 0.00365339 0 0.00370376 0.00369123 0.00378756 0.00375539 0.00375276 0.0220217 0.00746593 0.00815319 0.0366125 0.0112944 0.658637 0.0085579 0.029227 0.00841988 0.0113642 
0.0101032 0.00843827 0.0125662 0.0144396 0.0094221 0.0497292 0.0111441 0.0545683 0.0107575 0.0154826 0.00373557 0.00388495 0.00376799 0.00371762 0.00371078 0.00370376 0 0.00368864 0.00370723 0.00371627 0.00384824 0.00619512 0.00733202 0.0261061 0.0289941 0.663365 0.00981442 0.0251138 0.00801186 0.0247359 0.00904635 
0.0107474 0.00931183 0.00964825 0.0101481 0.0149664 0.0134632 0.0413724 0.0131304 0.0193888 0.0122549 0.0040903 0.00369918 0.00380013 0.00366829 0.00371178 0.00369123 0.00368864 0 0.00369069 0.00368815 0.00371024 0.00649501 0.00921126 0.0220952 0.604907 0.0223941 0.0106582 0.00896026 0.0118762 0.0118873 0.00907328 
0.00868909 0.00919013 0.00917202 0.0093405 0.0111902 0.0129584 0.0129201 0.0154612 0.0113645 0.0101717 0.00437437 0.00394792 0.00405031 0.00401876 0.00373965 0.00378756 0.00370723 0.00369069 0 0.0037404 0.00371839 0.00637466 0.0188012 0.61256 0.0302111 0.00788207 0.00974302 0.00810018 0.0137775 0.00814464 0.0100976 
0.00867698 0.00931584 0.00922154 0.0100841 0.0111566 0.0108757 0.0113119 0.0108356 0.0192859 0.0108842 0.00441188 0.00500452 0.0040238 0.00392437 0.00405103 0.00375539 0.00371627 0.00368815 0.0037404 0 0.00385005 0.00869042 0.562273 0.0194455 0.0080908 0.00837682 0.00761382 0.0109033 0.00725707 0.0107333 0.00852248 
0.0107219 0.00850641 0.0122015 0.0143041 0.0100544 0.0101282 0.00924446 0.0098758 0.00979608 0.0230896 0.0129923 0.00886488 0.00437845 0.00418841 0.00387054 0.00375276 0.00384824 0.00371024 0.00371839 0.00385005 0 0.579713 0.00812768 0.00618569 0.00673538 0.00860759 0.00857096 0.00781289 0.00737609 0.00765511 0.00885888 
0.0102762 0.0131154 0.0142858 0.0185391 0.0216799 0.00995931 0.012527 0.00975731 0.0112369 0.0158126 0.0136834 0.00733962 0.00840087 0.00780402 0.00653675 0.0220217 0.00619512 0.00649501 0.00637466 0.00869042 0.579713 0 0.0038332 0.0037111 0.00374771 0.00373013 0.0042706 0.00384051 0.00562515 0.00498746 0.0361021 
0.00917486 0.0111562 0.00970198 0.0136366 0.0303593 0.0175298 0.0209879 0.0135396 0.0174779 0.0105235 0.0180179 0.00857543 0.00901956 0.00757649 0.0132184 0.00746593 0.00733202 0.00921126 0.0188012 0.562273 0.00812768 0.0038332 0 0.00382339 0.00371217 0.00371402 0.00374247 0.0039021 0.00459076 0.00699901 0.00608597 
0.0108143 0.00907085 0.0130596 0.0144384 0.0157906 0.0645745 0.025307 0.0555126 0.0124485 0.0132509 0.00873362 0.0112611 0.00921937 0.00947586 0.0104792 0.00815319 0.0261061 0.0220952 0.61256 0.0194455 0.00618569 0.0037111 0.00382339 0 0.00373718 0.00379525 0.00374685 0.00389659 0.0114301 0.00662062 0.00443502 
0.0144473 0.0166476 0.0101856 0.012113 0.056243 0.0190169 0.128759 0.0162883 0.0527476 0.00946253 0.0136034 0.00857597 0.0213118 0.00999126 0.0081237 0.0366125 0.0289941 0.604907 0.0302111 0.0080908 0.00673538 0.00374771 0.00371217 0.00373718 0 0.00370547 0.00376054 0.00372663 0.00475518 0.00369416 0.00416692 
0.010229 0.00885039 0.0171259 0.0178087 0.0128448 0.131846 0.0201127 0.131132 0.0113446 0.0143362 0.00872357 0.016291 0.00879454 0.00882743 0.0303026 0.0112944 0.663365 0.0223941 0.00788207 0.00837682 0.00860759 0.00373013 0.00371402 0.00379525 0.00370547 0 0.00370651 0.00368594 0.00366403 0.00374256 0.00400904 
0.00856918 0.0162881 0.00933929 0.0101861 0.0698357 0.0140593 0.166029 0.0125331 0.036533 0.0098051 0.0199944 0.00847313 0.027157 0.0203477 0.0156248 0.658637 0.00981442 0.0106582 0.00974302 0.00761382 0.00857096 0.0042706 0.00374247 0.00374685 0.00376054 0.00370651 0 0.00369786 0.00392881 0.00370697 0.00394107 
0.0112134 0.008432 0.017647 0.0179069 0.0101295 0.140025 0.012682 0.0749634 0.0102596 0.0138753 0.00867127 0.0212113 0.0179113 0.0528534 0.650403 0.0085579 0.0251138 0.00896026 0.00810018 0.0109033 0.00781289 0.00384051 0.0039021 0.00389659 0.00372663 0.00368594 0.00369786 0 0.00367971 0.00380139 0.00380712 
0.0082186 0.0151196 0.00867408 0.00934089 0.0685633 0.0112486 0.0527073 0.0106216 0.0224242 0.00896806 0.0401831 0.00881592 0.236526 0.269286 0.00848083 0.029227 0.00801186 0.0118762 0.0137775 0.00725707 0.00737609 0.00562515 0.00459076 0.0114301 0.00475518 0.00366403 0.00392881 0.00367971 0 0.00375687 0.00375794 
0.011267 0.00863264 0.0112189 0.0238325 0.0118916 0.0275786 0.0119658 0.0256382 0.0123764 0.0124965 0.0113446 0.391809 0.102904 0.0139121 0.0250648 0.00841988 0.0247359 0.0118873 0.00814464 0.0107333 0.00765511 0.00498746 0.00699901 0.00662062 0.00369416 0.00374256 0.00370697 0.00380139 0.00375687 0 0.00387313 
0.0104482 0.00918171 0.00992948 0.0164235 0.0182049 0.0104138 0.0121909 0.0101767 0.010923 0.0122752 0.390771 0.04583 0.0106716 0.00870322 0.00875743 0.0113642 0.00904635 0.00907328 0.0100976 0.00852248 0.00885888 0.0361021 0.00608597 0.00443502 0.00416692 0.00400904 0.00394107 0.00380712 0.00375794 0.00387313 0 
