1UKFA
SLSDFSVASRDVNHNNICAGLSTEWLVMSSDGDAESRMDHLDYNGEGQSRGSERHQVYNDALRAALSNDDEAPFFTASTAVIEDAGFSLRREPKTVHASGGSAQLGQTVAHDVAQSGRKHLLSLRFANVQGHAIACSCEGSQFKLFDPNLGEFQSSRSAAPQLIKGLIDHYNSLNYDVACVNEFRVSV
CHHHHEEEECCCCCCCCHHHHHHHHHHCCCCCCHHHHHHHHCCCCHHHHHHHHHHHHHHHHHHHHHHCCCCCHHHHHHHHHHHHCCCEECCCCEEEECCCCHHHHHHHHHHHHCCCCCEEEEEEEECCCEEEEEEEEEECCEEEEEECCCEEEEEECCCHHHHHHHHHHHHHHCCCCEEEEEEEEEEC
0 0 0 0 0 0 0 0 0 0 0 0 0 0 0 0 0 0 0 0 0 0 0 0 0 0 0 0 0 0 0 0 0 0 0 0 0 0 0 0 0 0 0 0 0 0 0 0 0 0 0 0 0 0 0 0 0 0 0 0 0 0 0 0 0 0 0 0 0 0 0 0 0 0 0 0 0 0 0 0 0 0 0 0 0 0 0 0 0 0 0 0 0 0 0 0 0 0 0 0 0 0 0 0 0 0 0 0 0 0 0 0 0 0 0 0 0 0 0 0 0 0 0 0 0 0 0 0 0 0 0 0 0 0 0 0 0 0 0 0 0 0 0 0 0 0 0 0 0 0 0 0 0 0 0 0 0 0 0 0 0 0 0 0 0 0 0 0 0 0 0 0 0 0 0 0 0 0 0 0 0 0 0 0 0 0 0 0 
0 0 0 0 0 0 0 0 0 0 0 0 0 0 0 0 0 0 0 0 0 0 0 0 0 0 0 0 0 0 0 0 0 0 0 0 0 0 0 0 0 0 0 0 0 0 0 0 0 0 0 0 0 0 0 0 0 0 0 0 0 0 0 0 0 0 0 0 0 0 0 0 0 0 0 0 0 0 0 0 0 0 0 0 0 0 0 0 0 0 0 0 0 0 0 0 0 0 0 0 0 0 0 0 0 0 0 0 0 0 0 0 0 0 0 0 0 0 0 0 0 0 0 0 0 0 0 0 0 0 0 0 0 0 0 0 0 0 0 0 0 0 0 0 0 0 0 0 0 0 0 0 0 0 0 0 0 0 0 0 0 0 0 0 0 0 0 0 0 0 0 0 0 0 0 0 0 0 0 0 0 0 0 0 0 0 0 0 
0 0.00377635 0.0038153 0.00532125 0.00951272 0.0109167 0.00831377 0.00847005 0.00860656 0.0109846 0.00809316 0.00896781 0.00840479 0.00854593 0.00860463 0.00854601 0.00894575 0.0104784 0.00796995 0.00801272 0.00827759 0.00832501 0.00850635 0.00851756 0.0084218 0.00846304 0.0080949 0.00897092 0.007999 0.00817633 0.00820476 0.00845113 0.00842703 0.00942019 0.00801929 0.0081495 0.0081932 0.00812317 0.00821163 0.00883098 0.00819201 0.00805231 0.00823893 0.00814456 0.00810155 0.00820507 0.00809723 0.00828519 0.00827507 0.00854049 
0.00377635 0 0.00382067 0.00377104 0.00876293 0.00826501 0.0082473 0.00881899 0.0084011 0.00852902 0.00817416 0.00843015 0.00908103 0.00859069 0.00923941 0.00862442 0.00894121 0.00821753 0.00800654 0.00809203 0.00826023 0.00876509 0.00855957 0.00884294 0.00850786 0.00840425 0.00807743 0.00813235 0.00812919 0.0081475 0.00853745 0.00841801 0.00855305 0.00808439 0.00804467 0.00849096 0.00833913 0.00825826 0.00815186 0.00806833 0.00814188 0.00832222 0.0083183 0.00826564 0.00826194 0.00826247 0.00819928 0.00834396 0.00822549 0.00822488 
0.0038153 0.00382067 0 0.00383349 0.00841271 0.00905399 0.00850579 0.00903193 0.00980806 0.00859396 0.00813808 0.00865972 0.008732 0.00971232 0.00876562 0.0102418 0.00836067 0.00852243 0.0080274 0.00830649 0.00825013 0.00850045 0.00913558 0.00921082 0.0092535 0.00831464 0.00832923 0.00809037 0.00806111 0.00891085 0.00834677 0.00869467 0.00844528 0.00816739 0.00820892 0.00840159 0.00847417 0.00827314 0.00827909 0.00804497 0.00848732 0.00831861 0.00857367 0.00823933 0.00828524 0.00829492 0.00830765 0.00845215 0.00839344 0.0081073 
0.00532125 0.00377104 0.00383349 0 0.013282 0.00917754 0.0125054 0.0100224 0.00902862 0.012246 0.00954223 0.00845379 0.00864626 0.00886453 0.00919076 0.00862466 0.00879201 0.00854672 0.00926603 0.00831435 0.00815853 0.00862462 0.00859028 0.00866604 0.008469 0.00835333 0.00811476 0.0085921 0.00992306 0.00844245 0.00868272 0.00837559 0.00822625 0.00819962 0.00960345 0.00832599 0.00844861 0.00822574 0.00807321 0.00823673 0.0085834 0.0085428 0.00832891 0.00825167 0.0080893 0.00826072 0.00817817 0.00835619 0.00804089 0.00839543 
0.00951272 0.00876293 0.00841271 0.013282 0 0.0098224 0.00619464 0.0369004 0.00991216 0.016534 0.0115534 0.0109213 0.00956976 0.00886422 0.0114312 0.00860807 0.0146293 0.0129041 0.00935782 0.00892961 0.00860136 0.00909196 0.00889132 0.00907078 0.00870628 0.00922095 0.00850942 0.0119309 0.0103335 0.00871979 0.00903408 0.00847921 0.00917598 0.0108794 0.00893942 0.00881343 0.00830519 0.00864258 0.00841138 0.0103364 0.00818195 0.00862071 0.00820253 0.00810954 0.00812071 0.0083409 0.00802413 0.00865539 0.00832838 0.0100831 
0.0109167 0.00826501 0.00905399 0.00917754 0.0098224 0 0.0212541 0.00574987 0.00722503 0.00459762 0.0105414 0.00993016 0.00883745 0.00916837 0.00867224 0.0102768 0.00891134 0.0128377 0.00969073 0.00858206 0.00846923 0.00872516 0.00895759 0.00878188 0.0088879 0.00851077 0.0124906 0.00836835 0.00978285 0.00986158 0.00848284 0.00870341 0.0087753 0.00842292 0.0111575 0.00846543 0.0085914 0.00825031 0.00874998 0.00824054 0.0111527 0.00815408 0.00816196 0.00820417 0.00812816 0.00805989 0.00824385 0.00804958 0.00985889 0.00813713 
0.00831377 0.0082473 0.00850579 0.0125054 0.00619464 0.0212541 0 0.00396301 0.00414136 0.00450985 0.0353912 0.0258052 0.0102487 0.0102057 0.0103772 0.00926591 0.0157574 0.0192779 0.00928414 0.00875122 0.00913274 0.0093464 0.0101384 0.00947077 0.00933454 0.0092756 0.00917637 0.0143264 0.0095514 0.00922383 0.00897338 0.00931605 0.0100583 0.0126531 0.00889602 0.00870052 0.00878415 0.00881495 0.00938667 0.0134989 0.00847066 0.00830074 0.00850395 0.00856618 0.00833029 0.00849498 0.00834833 0.00887803 0.00913659 0.0110447 
0.00847005 0.00881899 0.00903193 0.0100224 0.0369004 0.00574987 0.00396301 0 0.00375026 0.00376173 0.0234376 0.0512692 0.0497173 0.016479 0.0251793 0.00959754 0.0221892 0.00904946 0.00949548 0.010323 0.0100833 0.0141114 0.0119715 0.0181904 0.0114265 0.0132303 0.0089052 0.00954457 0.0102181 0.00918205 0.0162354 0.0111625 0.0106505 0.00873198 0.00903451 0.0120821 0.00923393 0.0102183 0.00870863 0.00878765 0.00831528 0.0108359 0.00897592 0.00913649 0.00916366 0.00909943 0.0086018 0.00997294 0.00866783 0.00910992 
0.00860656 0.0084011 0.00980806 0.00902862 0.00991216 0.00722503 0.00414136 0.00375026 0 0.00376362 0.0132704 0.0161691 0.0253673 0.0431784 0.0101685 0.0321694 0.00945537 0.0117711 0.00902999 0.00992933 0.00948219 0.00964956 0.0133775 0.010271 0.0113033 0.00886958 0.0136321 0.00885138 0.00875861 0.0162867 0.00887414 0.0128928 0.0105488 0.00859259 0.0102418 0.00898492 0.0103906 0.00896221 0.00977237 0.00834998 0.0104029 0.00845661 0.00902093 0.00894802 0.00870934 0.00867228 0.00914315 0.00852085 0.0100346 0.00847316 
0.0109846 0.00852902 0.00859396 0.012246 0.016534 0.00459762 0.00450985 0.00376173 0.00376362 0 0.0189507 0.0120387 0.0160694 0.0122352 0.0399924 0.00946274 0.0282068 0.0153043 0.0130801 0.00929041 0.00937741 0.0103066 0.0107857 0.0111974 0.0102918 0.0109227 0.0135555 0.0105983 0.0190392 0.00932981 0.0109692 0.00926284 0.00971586 0.0101171 0.0135758 0.0108521 0.00905273 0.00982127 0.00856961 0.00922914 0.0102444 0.0092193 0.00868168 0.00864806 0.00858222 0.00890134 0.00851051 0.00908972 0.0085548 0.00942669 
0.00809316 0.00817416 0.00813808 0.00954223 0.0115534 0.0105414 0.0353912 0.0234376 0.0132704 0.0189507 0 0.00459283 0.00371458 0.00373235 0.00386747 0.00380539 0.00438828 0.00603864 0.00647033 0.00640841 0.00693412 0.0081353 0.00791908 0.00982303 0.0304127 0.594527 0.0170731 0.0128703 0.0103213 0.0102221 0.00934489 0.0093468 0.01043 0.0118078 0.0119559 0.00904101 0.00905384 0.00878109 0.00936431 0.0150384 0.0108524 0.00891057 0.00882282 0.00877632 0.00856622 0.00881389 0.00857359 0.0110297 0.0100502 0.0138219 
0.00896781 0.00843015 0.00865972 0.00845379 0.0109213 0.00993016 0.0258052 0.0512692 0.0161691 0.0120387 0.00459283 0 0.00371439 0.00369692 0.00372141 0.00369331 0.00410863 0.00393198 0.00599369 0.0071799 0.00723815 0.00781599 0.0159212 0.0242216 0.758819 0.0203336 0.0123504 0.00887686 0.00918089 0.0127345 0.0108633 0.0135158 0.0127948 0.0104474 0.0105858 0.0118808 0.0107446 0.00991416 0.0121173 0.00979828 0.0119988 0.0143684 0.013512 0.011555 0.0148074 0.0113265 0.01174 0.0128914 0.0140383 0.00981459 
0.00840479 0.00908103 0.008732 0.00864626 0.00956976 0.00883745 0.0102487 0.0497173 0.0253673 0.0160694 0.00371458 0.00371439 0 0.0037011 0.00370496 0.00370771 0.00374941 0.00380614 0.00510301 0.0158489 0.00842561 0.0265256 0.0267041 0.816832 0.0284926 0.0153237 0.00881905 0.00943952 0.0086438 0.0106826 0.0189987 0.023244 0.0210414 0.00942306 0.00981851 0.0127778 0.0149233 0.0188839 0.0104126 0.0113569 0.0100329 0.0151226 0.021715 0.0353484 0.0258273 0.0256182 0.0214773 0.0270596 0.013927 0.0133184 
0.00854593 0.00859069 0.00971232 0.00886453 0.00886422 0.00916837 0.0102057 0.016479 0.0431784 0.0122352 0.00373235 0.00369692 0.0037011 0 0.00371863 0.00370685 0.00373007 0.00376731 0.00449235 0.015133 0.0134339 0.042051 0.869537 0.033323 0.0310976 0.00880554 0.0127567 0.00842252 0.00845704 0.0136543 0.0115121 0.0419296 0.0136013 0.00988888 0.0111641 0.0121862 0.0316073 0.0106196 0.017492 0.00926315 0.012352 0.0130218 0.0450781 0.0338553 0.0390392 0.0277142 0.0460313 0.0187784 0.0217722 0.0120584 
0.00860463 0.00923941 0.00876562 0.00919076 0.0114312 0.00867224 0.0103772 0.0251793 0.0101685 0.0399924 0.00386747 0.00372141 0.00370496 0.00371863 0 0.00369694 0.00366807 0.00382233 0.00614227 0.00684847 0.0291367 0.852276 0.0382278 0.0284847 0.00981062 0.0215295 0.00789476 0.0105689 0.0100986 0.00943125 0.0314694 0.0132744 0.0186771 0.0106055 0.0101219 0.0297428 0.0105779 0.0536244 0.0096248 0.0112102 0.00937988 0.0321978 0.0232685 0.0351981 0.0361692 0.0443658 0.0182975 0.0657687 0.0113054 0.0178506 
0.00854601 0.00862442 0.0102418 0.00862466 0.00860807 0.0102768 0.00926591 0.00959754 0.0321694 0.00946274 0.00380539 0.00369331 0.00370771 0.00370685 0.00369694 0 0.00369402 0.00376123 0.00537127 0.015999 0.787379 0.038424 0.0167952 0.00952034 0.0195386 0.00735341 0.0144249 0.00725701 0.00807996 0.0207193 0.00983977 0.0276133 0.01416 0.0086614 0.0145405 0.00944625 0.0631966 0.00965534 0.0132048 0.00886848 0.0155979 0.010028 0.0499046 0.032005 0.0307536 0.0171618 0.0577829 0.0108288 0.0278951 0.00989398 
0.00894575 0.00894121 0.00836067 0.00879201 0.0146293 0.00891134 0.0157574 0.0221892 0.00945537 0.0282068 0.00438828 0.00410863 0.00374941 0.00373007 0.00366807 0.00369402 0 0.00376393 0.00772604 0.921934 0.020381 0.0237566 0.00741739 0.0110562 0.00872102 0.0096412 0.00720557 0.0107438 0.0168859 0.010119 0.0174054 0.0101726 0.0140813 0.0109098 0.0104056 0.0486504 0.00977139 0.0158293 0.00933687 0.0119663 0.00924191 0.0314791 0.0122832 0.0190239 0.0158678 0.0245763 0.010103 0.0286498 0.00977432 0.0141098 
0.0104784 0.00821753 0.00852243 0.00854672 0.0129041 0.0128377 0.0192779 0.00904946 0.0117711 0.0153043 0.00603864 0.00393198 0.00380614 0.00376731 0.00382233 0.00376123 0.00376393 0 0.890744 0.00407265 0.00494837 0.00422121 0.00552735 0.0055549 0.00665528 0.00584354 0.00761637 0.00715592 0.0128886 0.0159233 0.00832805 0.00938655 0.00989089 0.00928213 0.0482641 0.00964764 0.0197881 0.00883461 0.0110708 0.00900816 0.0541588 0.00934745 0.0129482 0.00997836 0.00998778 0.00932506 0.0115766 0.00905175 0.0122293 0.0101887 
0.00796995 0.00800654 0.0080274 0.00926603 0.00935782 0.00969073 0.00928414 0.00949548 0.00902999 0.0130801 0.00647033 0.00599369 0.00510301 0.00449235 0.00614227 0.00537127 0.00772604 0.890744 0 0.022683 0.00369414 0.00379789 0.00371072 0.00372272 0.00375709 0.00415133 0.0040431 0.00572245 0.00711165 0.00681046 0.00702117 0.00706701 0.00775731 0.0100386 0.00807856 0.00908091 0.00886075 0.0140191 0.00900756 0.0170446 0.00894699 0.00925767 0.00903002 0.00886612 0.00890661 0.00890288 0.00865483 0.00939388 0.00897555 0.0166697 
0.00801272 0.00809203 0.00830649 0.00831435 0.00892961 0.00858206 0.00875122 0.010323 0.00992933 0.00929041 0.00640841 0.0071799 0.0158489 0.015133 0.00684847 0.015999 0.921934 0.00407265 0.022683 0 0.00375427 0.0036889 0.00368818 0.00374124 0.00374879 0.00387367 0.00462747 0.00443373 0.00596119 0.00677193 0.00714582 0.0075043 0.00999586 0.00671499 0.00823966 0.0108536 0.0139236 0.00947015 0.010347 0.00903016 0.00919692 0.0110555 0.00934702 0.0115332 0.00961422 0.0102646 0.009638 0.00959899 0.0141685 0.0118776 
0.00827759 0.00826023 0.00825013 0.00815853 0.00860136 0.00846923 0.00913274 0.0100833 0.00948219 0.00937741 0.00693412 0.00723815 0.00842561 0.0134339 0.0291367 0.787379 0.020381 0.00494837 0.00369414 0.00375427 0 0.00368982 0.00369512 0.00369689 0.0037126 0.00453215 0.00390492 0.00376869 0.00555133 0.00670449 0.00718755 0.00923824 0.00761441 0.00759542 0.0102699 0.0338407 0.0134773 0.0121205 0.0125878 0.0133029 0.010033 0.0102214 0.0165988 0.0120245 0.0162776 0.0126262 0.0134839 0.0170679 0.011878 0.0104849 
0.00832501 0.00876509 0.00850045 0.00862462 0.00909196 0.00872516 0.0093464 0.0141114 0.00964956 0.0103066 0.0081353 0.00781599 0.0265256 0.042051 0.852276 0.038424 0.0237566 0.00422121 0.00379789 0.0036889 0.00368982 0 0.00370025 0.00370033 0.00376812 0.00372414 0.00372154 0.0039417 0.00570333 0.00675855 0.0114805 0.00870831 0.0101591 0.0233152 0.0219929 0.0152803 0.0319762 0.0162284 0.0108387 0.0103259 0.00980576 0.020051 0.0189003 0.0337473 0.0208894 0.0260633 0.0300029 0.0318475 0.014685 0.0133047 
0.00850635 0.00855957 0.00913558 0.00859028 0.00889132 0.00895759 0.0101384 0.0119715 0.0133775 0.0107857 0.00791908 0.0159212 0.0267041 0.869537 0.0382278 0.0167952 0.00741739 0.00552735 0.00371072 0.00368818 0.00369512 0.00370025 0 0.00376451 0.00372475 0.0037211 0.00372425 0.00376479 0.00420567 0.00974652 0.00705485 0.0140928 0.0230934 0.200278 0.0105054 0.0146095 0.0181286 0.0116839 0.0114493 0.0125214 0.013177 0.014638 0.0492154 0.0304563 0.0432226 0.0383153 0.0568794 0.022996 0.0249566 0.0165788 
0.00851756 0.00884294 0.00921082 0.00866604 0.00907078 0.00878188 0.00947077 0.0181904 0.010271 0.0111974 0.00982303 0.0242216 0.816832 0.033323 0.0284847 0.00952034 0.0110562 0.0055549 0.00372272 0.00374124 0.00369689 0.00370033 0.00376451 0 0.00371223 0.00370155 0.00372284 0.00372886 0.00448276 0.00538699 0.0144992 0.0249548 0.855473 0.010604 0.0100063 0.0138326 0.013435 0.0187703 0.00991288 0.0117249 0.011625 0.0281195 0.0313112 0.0446411 0.0514624 0.053533 0.0253814 0.0442977 0.016214 0.0219518 
0.0084218 0.00850786 0.0092535 0.008469 0.00870628 0.0088879 0.00933454 0.0114265 0.0113033 0.0102918 0.0304127 0.758819 0.0284926 0.0310976 0.00981062 0.0195386 0.00872102 0.00665528 0.00375709 0.00374879 0.0037126 0.00376812 0.00372475 0.00371223 0 0.0037274 0.00372006 0.00373228 0.00377316 0.0101248 0.0160382 0.949517 0.0205945 0.00737192 0.00885721 0.00888462 0.0218003 0.00974597 0.0127644 0.0088477 0.0128207 0.0127084 0.0398121 0.0357181 0.0655245 0.0277839 0.03822 0.0157725 0.0223064 0.015552 
0.00846304 0.00840425 0.00831464 0.00835333 0.00922095 0.00851077 0.0092756 0.0132303 0.00886958 0.0109227 0.594527 0.0203336 0.0153237 0.00880554 0.0215295 0.00735341 0.0096412 0.00584354 0.00415133 0.00387367 0.00453215 0.00372414 0.0037211 0.00370155 0.0037274 0 0.00369205 0.00370406 0.00433914 0.00435382 0.955871 0.0120734 0.00653885 0.00537479 0.00706099 0.0160119 0.00922036 0.0202608 0.00817696 0.0102215 0.00911554 0.0175551 0.0185495 0.0387484 0.0220279 0.0231659 0.0116138 0.0423327 0.00974912 0.0144459 
0.0080949 0.00807743 0.00832923 0.00811476 0.00850942 0.0124906 0.00917637 0.0089052 0.0136321 0.0135555 0.0170731 0.0123504 0.00881905 0.0127567 0.00789476 0.0144249 0.00720557 0.00761637 0.0040431 0.00462747 0.00390492 0.00372154 0.00372425 0.00372284 0.00372006 0.00369205 0 0.00370013 0.00434112 0.984995 0.00468843 0.00866901 0.00569705 0.00518671 0.014858 0.00952145 0.0342009 0.00775634 0.0116553 0.00762969 0.0140683 0.0121897 0.0275443 0.0121515 0.0107642 0.0101077 0.0151198 0.00908538 0.0159822 0.0092243 
0.00897092 0.00813235 0.00809037 0.0085921 0.0119309 0.00836835 0.0143264 0.00954457 0.00885138 0.0105983 0.0128703 0.00887686 0.00943952 0.00842252 0.0105689 0.00725701 0.0107438 0.00715592 0.00572245 0.00443373 0.00376869 0.0039417 0.00376479 0.00372886 0.00373228 0.00370406 0.00370013 0 0.989042 0.00511551 0.00422898 0.00381084 0.00457029 0.00584406 0.0123056 0.00782525 0.00695339 0.00726207 0.00716091 0.00866831 0.0164462 0.0166796 0.0102764 0.00929433 0.00925907 0.00983787 0.00893199 0.0100817 0.00866339 0.0112667 
0.007999 0.00812919 0.00806111 0.00992306 0.0103335 0.00978285 0.0095514 0.0102181 0.00875861 0.0190392 0.0103213 0.00918089 0.0086438 0.00845704 0.0100986 0.00807996 0.0168859 0.0128886 0.00711165 0.00596119 0.00555133 0.00570333 0.00420567 0.00448276 0.00377316 0.00433914 0.00434112 0.989042 0 0.0039661 0.00385298 0.00426966 0.00390794 0.00447934 0.00633787 0.00602256 0.00647286 0.00698422 0.00971592 0.816764 0.00927886 0.00990257 0.00916345 0.00909048 0.00912525 0.00923734 0.00866377 0.0162031 0.00968486 0.0316625 
0.00817633 0.0081475 0.00891085 0.00844245 0.00871979 0.00986158 0.00922383 0.00918205 0.0162867 0.00932981 0.0102221 0.0127345 0.0106826 0.0136543 0.00943125 0.0207193 0.010119 0.0159233 0.00681046 0.00677193 0.00670449 0.00675855 0.00974652 0.00538699 0.0101248 0.00435382 0.984995 0.00511551 0.0039661 0 0.0037153 0.00369401 0.00428784 0.00376712 0.00558247 0.00528799 0.00738126 0.00790771 0.951267 0.00863678 0.0174309 0.00976187 0.0150444 0.0114475 0.0117189 0.0104768 0.0169139 0.00934974 0.0478239 0.0109092 
0.00820476 0.00853745 0.00834677 0.00868272 0.00903408 0.00848284 0.00897338 0.0162354 0.00887414 0.0109692 0.00934489 0.0108633 0.0189987 0.0115121 0.0314694 0.00983977 0.0174054 0.00832805 0.00702117 0.00714582 0.00718755 0.0114805 0.00705485 0.0144992 0.0160382 0.955871 0.00468843 0.00422898 0.00385298 0.0037153 0 0.00370662 0.00369452 0.00371861 0.00478337 0.00778402 0.00845983 0.971931 0.0102878 0.00817213 0.0093276 0.0278915 0.014422 0.0261429 0.019567 0.029348 0.0111034 0.0659367 0.0109297 0.0163631 
0.00845113 0.00841801 0.00869467 0.00837559 0.00847921 0.00870341 0.00931605 0.0111625 0.0128928 0.00926284 0.0093468 0.0135158 0.023244 0.0419296 0.0132744 0.0276133 0.0101726 0.00938655 0.00706701 0.0075043 0.00923824 0.00870831 0.0140928 0.0249548 0.949517 0.0120734 0.00866901 0.00381084 0.00426966 0.00369401 0.00370662 0 0.00371549 0.0037008 0.00452449 0.00646846 0.974666 0.0129658 0.0075861 0.0065042 0.0144018 0.0124142 0.0482982 0.0290124 0.0327517 0.0192274 0.0566494 0.0173344 0.0251416 0.0135499 
0.00842703 0.00855305 0.00844528 0.00822625 0.00917598 0.0087753 0.0100583 0.0106505 0.0105488 0.00971586 0.01043 0.0127948 0.0210414 0.0136013 0.0186771 0.01416 0.0140813 0.00989089 0.00775731 0.00999586 0.00761441 0.0101591 0.0230934 0.855473 0.0205945 0.00653885 0.00569705 0.00457029 0.00390794 0.00428784 0.00369452 0.00371549 0 0.00375453 0.00951661 0.988575 0.00890583 0.00731059 0.00708154 0.00639144 0.010692 0.0179623 0.0133936 0.0191109 0.013849 0.0206536 0.0133296 0.016284 0.0177177 0.0204289 
0.00942019 0.00808439 0.00816739 0.00819962 0.0108794 0.00842292 0.0126531 0.00873198 0.00859259 0.0101171 0.0118078 0.0104474 0.00942306 0.00988888 0.0106055 0.0086614 0.0109098 0.00928213 0.0100386 0.00671499 0.00759542 0.0233152 0.200278 0.010604 0.00737192 0.00537479 0.00518671 0.00584406 0.00447934 0.00376712 0.00371861 0.0037008 0.00375453 0 0.99438 0.00591137 0.00472286 0.00417786 0.00451384 0.004732 0.014076 0.0108706 0.00991419 0.00940807 0.0105077 0.0100307 0.00918592 0.00960669 0.00957418 0.0123859 
0.00801929 0.00804467 0.00820892 0.00960345 0.00893942 0.0111575 0.00889602 0.00903451 0.0102418 0.0135758 0.0119559 0.0105858 0.00981851 0.0111641 0.0101219 0.0145405 0.0104056 0.0482641 0.00807856 0.00823966 0.0102699 0.0219929 0.0105054 0.0100063 0.00885721 0.00706099 0.014858 0.0123056 0.00633787 0.00558247 0.00478337 0.00452449 0.00951661 0.99438 0 0.00386774 0.00379501 0.00374506 0.00399591 0.0047805 0.0262759 0.0108576 0.0113897 0.0126486 0.010493 0.00959348 0.0142033 0.0117031 0.0174634 0.0337788 
0.0081495 0.00849096 0.00840159 0.00832599 0.00881343 0.00846543 0.00870052 0.0120821 0.00898492 0.0108521 0.00904101 0.0118808 0.0127778 0.0121862 0.0297428 0.00944625 0.0486504 0.00964764 0.00908091 0.0108536 0.0338407 0.0152803 0.0146095 0.0138326 0.00888462 0.0160119 0.00952145 0.00782525 0.00602256 0.00528799 0.00778402 0.00646846 0.988575 0.00591137 0.00386774 0 0.00371644 0.00369072 0.00380903 0.00398667 0.0111775 0.0343629 0.0120984 0.0141684 0.0146151 0.0204442 0.0102421 0.0288091 0.0151967 0.0160798 
0.0081932 0.00833913 0.00847417 0.00844861 0.00830519 0.0085914 0.00878415 0.00923393 0.0103906 0.00905273 0.00905384 0.0107446 0.0149233 0.0316073 0.0105779 0.0631966 0.00977139 0.0197881 0.00886075 0.0139236 0.0134773 0.0319762 0.0181286 0.013435 0.0218003 0.00922036 0.0342009 0.00695339 0.00647286 0.00738126 0.00845983 0.974666 0.00890583 0.00472286 0.00379501 0.00371644 0 0.00382585 0.0036934 0.00389107 0.0208122 0.0102702 0.0398622 0.0176859 0.0233093 0.0136542 0.0332893 0.012238 0.0218761 0.0130628 
0.00812317 0.00825826 0.00827314 0.00822574 0.00864258 0.00825031 0.00881495 0.0102183 0.00896221 0.00982127 0.00878109 0.00991416 0.0188839 0.0106196 0.0536244 0.00965534 0.0158293 0.00883461 0.0140191 0.00947015 0.0121205 0.0162284 0.0116839 0.0187703 0.00974597 0.0202608 0.00775634 0.00726207 0.00698422 0.00790771 0.971931 0.0129658 0.00731059 0.00417786 0.00374506 0.00369072 0.00382585 0 0.00371197 0.00371854 0.00957284 0.0305254 0.0152816 0.0238998 0.0150619 0.0209182 0.0107805 0.0347073 0.00968185 0.0150146 
0.00821163 0.00815186 0.00827909 0.00807321 0.00841138 0.00874998 0.00938667 0.00870863 0.00977237 0.00856961 0.00936431 0.0121173 0.0104126 0.017492 0.0096248 0.0132048 0.00933687 0.0110708 0.00900756 0.010347 0.0125878 0.0108387 0.0114493 0.00991288 0.0127644 0.00817696 0.0116553 0.00716091 0.00971592 0.951267 0.0102878 0.0075861 0.00708154 0.00451384 0.00399591 0.00380903 0.0036934 0.00371197 0 0.00375846 0.0171066 0.0104885 0.0223799 0.0140569 0.0122427 0.0111126 0.016218 0.0104813 0.0233486 0.0108484 
0.00883098 0.00806833 0.00804497 0.00823673 0.0103364 0.00824054 0.0134989 0.00878765 0.00834998 0.00922914 0.0150384 0.00979828 0.0113569 0.00926315 0.0112102 0.00886848 0.0119663 0.00900816 0.0170446 0.00903016 0.0133029 0.0103259 0.0125214 0.0117249 0.0088477 0.0102215 0.00762969 0.00866831 0.816764 0.00863678 0.00817213 0.0065042 0.00639144 0.004732 0.0047805 0.00398667 0.00389107 0.00371854 0.00375846 0 0.0163304 0.0129571 0.0101356 0.0115333 0.0106904 0.0135368 0.0104691 0.0111595 0.011021 0.0205895 
0.00819201 0.00814188 0.00848732 0.0085834 0.00818195 0.0111527 0.00847066 0.00831528 0.0104029 0.0102444 0.0108524 0.0119988 0.0100329 0.012352 0.00937988 0.0155979 0.00924191 0.0541588 0.00894699 0.00919692 0.010033 0.00980576 0.013177 0.011625 0.0128207 0.00911554 0.0140683 0.0164462 0.00927886 0.0174309 0.0093276 0.0144018 0.010692 0.014076 0.0262759 0.0111775 0.0208122 0.00957284 0.0171066 0.0163304 0 0.00373242 0.00380663 0.00374064 0.00374415 0.00374796 0.00395844 0.00422543 0.0104572 0.0130303 
0.00805231 0.00832222 0.00831861 0.0085428 0.00862071 0.00815408 0.00830074 0.0108359 0.00845661 0.0092193 0.00891057 0.0143684 0.0151226 0.0130218 0.0321978 0.010028 0.0314791 0.00934745 0.00925767 0.0110555 0.0102214 0.020051 0.014638 0.0281195 0.0127084 0.0175551 0.0121897 0.0166796 0.00990257 0.00976187 0.0278915 0.0124142 0.0179623 0.0108706 0.0108576 0.0343629 0.0102702 0.0305254 0.0104885 0.0129571 0.00373242 0 0.00369916 0.00370401 0.00370904 0.00369175 0.00380037 0.00393882 0.00484538 0.00854868 
0.00823893 0.0083183 0.00857367 0.00832891 0.00820253 0.00816196 0.00850395 0.00897592 0.00902093 0.00868168 0.00882282 0.013512 0.021715 0.0450781 0.0232685 0.0499046 0.0122832 0.0129482 0.00903002 0.00934702 0.0165988 0.0189003 0.0492154 0.0313112 0.0398121 0.0185495 0.0275443 0.0102764 0.00916345 0.0150444 0.014422 0.0482982 0.0133936 0.00991419 0.0113897 0.0120984 0.0398622 0.0152816 0.0223799 0.0101356 0.00380663 0.00369916 0 0.00369401 0.00372349 0.00374636 0.00389264 0.00420986 0.00418151 0.00565102 
0.00814456 0.00826564 0.00823933 0.00825167 0.00810954 0.00820417 0.00856618 0.00913649 0.00894802 0.00864806 0.00877632 0.011555 0.0353484 0.0338553 0.0351981 0.032005 0.0190239 0.00997836 0.00886612 0.0115332 0.0120245 0.0337473 0.0304563 0.0446411 0.0357181 0.0387484 0.0121515 0.00929433 0.00909048 0.0114475 0.0261429 0.0290124 0.0191109 0.00940807 0.0126486 0.0141684 0.0176859 0.0238998 0.0140569 0.0115333 0.00374064 0.00370401 0.00369401 0 0.00369724 0.00371067 0.00372808 0.00386847 0.00383283 0.00532816 
0.00810155 0.00826194 0.00828524 0.0080893 0.00812071 0.00812816 0.00833029 0.00916366 0.00870934 0.00858222 0.00856622 0.0148074 0.0258273 0.0390392 0.0361692 0.0307536 0.0158678 0.00998778 0.00890661 0.00961422 0.0162776 0.0208894 0.0432226 0.0514624 0.0655245 0.0220279 0.0107642 0.00925907 0.00912525 0.0117189 0.019567 0.0327517 0.013849 0.0105077 0.010493 0.0146151 0.0233093 0.0150619 0.0122427 0.0106904 0.00374415 0.00370904 0.00372349 0.00369724 0 0.00370085 0.00373503 0.00372971 0.00364144 0.00403013 
0.00820507 0.00826247 0.00829492 0.00826072 0.0083409 0.00805989 0.00849498 0.00909943 0.00867228 0.00890134 0.00881389 0.0113265 0.0256182 0.0277142 0.0443658 0.0171618 0.0245763 0.00932506 0.00890288 0.0102646 0.0126262 0.0260633 0.0383153 0.053533 0.0277839 0.0231659 0.0101077 0.00983787 0.00923734 0.0104768 0.029348 0.0192274 0.0206536 0.0100307 0.00959348 0.0204442 0.0136542 0.0209182 0.0111126 0.0135368 0.00374796 0.00369175 0.00374636 0.00371067 0.00370085 0 0.00372073 0.00373502 0.00375949 0.00409113 
0.00809723 0.00819928 0.00830765 0.00817817 0.00802413 0.00824385 0.00834833 0.0086018 0.00914315 0.00851051 0.00857359 0.01174 0.0214773 0.0460313 0.0182975 0.0577829 0.010103 0.0115766 0.00865483 0.009638 0.0134839 0.0300029 0.0568794 0.0253814 0.03822 0.0116138 0.0151198 0.00893199 0.00866377 0.0169139 0.0111034 0.0566494 0.0133296 0.00918592 0.0142033 0.0102421 0.0332893 0.0107805 0.016218 0.0104691 0.00395844 0.00380037 0.00389264 0.00372808 0.00373503 0.00372073 0 0.00375979 0.00381279 0.00383035 
0.00828519 0.00834396 0.00845215 0.00835619 0.00865539 0.00804958 0.00887803 0.00997294 0.00852085 0.00908972 0.0110297 0.0128914 0.0270596 0.0187784 0.0657687 0.0108288 0.0286498 0.00905175 0.00939388 0.00959899 0.0170679 0.0318475 0.022996 0.0442977 0.0157725 0.0423327 0.00908538 0.0100817 0.0162031 0.00934974 0.0659367 0.0173344 0.016284 0.00960669 0.0117031 0.0288091 0.012238 0.0347073 0.0104813 0.0111595 0.00422543 0.00393882 0.00420986 0.00386847 0.00372971 0.00373502 0.00375979 0 0.00371937 0.00376908 
0.00827507 0.00822549 0.00839344 0.00804089 0.00832838 0.00985889 0.00913659 0.00866783 0.0100346 0.0085548 0.0100502 0.0140383 0.013927 0.0217722 0.0113054 0.0278951 0.00977432 0.0122293 0.00897555 0.0141685 0.011878 0.014685 0.0249566 0.016214 0.0223064 0.00974912 0.0159822 0.00866339 0.00968486 0.0478239 0.0109297 0.0251416 0.0177177 0.00957418 0.0174634 0.0151967 0.0218761 0.00968185 0.0233486 0.011021 0.0104572 0.00484538 0.00418151 0.00383283 0.00364144 0.00375949 0.00381279 0.00371937 0 0.00383424 
0.00854049 0.00822488 0.0081073 0.00839543 0.0100831 0.00813713 0.0110447 0.00910992 0.00847316 0.00942669 0.0138219 0.00981459 0.0133184 0.0120584 0.0178506 0.00989398 0.0141098 0.0101887 0.0166697 0.0118776 0.0104849 0.0133047 0.0165788 0.0219518 0.015552 0.0144459 0.0092243 0.0112667 0.0316625 0.0109092 0.0163631 0.0135499 0.0204289 0.0123859 0.0337788 0.0160798 0.0130628 0.0150146 0.0108484 0.0205895 0.0130303 0.00854868 0.00565102 0.00532816 0.00403013 0.00409113 0.00383035 0.00376908 0.00383424 0 
