1UL9A
MLYHLFVNNQVKLQNDFKPESVAAIRSSAFNSKGGTTVFNFLSAGENILLHISIRPGENVIVFNSRLKNGAWGPEERIPYAEKFRPPNPSITVIDHGDRFQIRFDYGTSIYYNKRIKENAAAIAYNAENSLFSSPVTVDVHGLLPPLPPA
CEEEECCCEEEEEEEEECCCCEEEEECCCECCCCCCEEEEEECCCCCEEEEEEEEHHHCEEEEEEECCCCCCCCCEEEECCCCCCCCCCEEEEEECCCEEEEECCCCCCEEEECCCCCCEEEEEEEECCCCECCCEEEEEECCCCCCCCC
0 0 0 0 0 0 0 0 0 0 0 0 0 0 0 0 0 0 0 0 0 0 0 0 0 0 0 0 0 0 0 0 0 0 0 0 0 0 0 0 0 0 0 0 0 0 0 0 0 0 0 0 0 0 0 0 0 0 0 0 0 0 0 0 0 0 0 0 0 0 0 0 0 0 0 0 0 0 0 0 0 0 0 0 0 0 0 0 0 0 0 0 0 0 0 0 0 0 0 0 0 0 0 0 0 0 0 0 0 0 0 0 0 0 0 0 0 0 0 0 0 0 0 0 0 0 0 0 0 0 0 0 0 0 0 0 0 0 0 0 0 0 0 0 0 0 0 0 0 0 
0 0 0 0 0 0 0 0 0 0 0 0 0 0 0 0 0 0 0 0 0 0 0 0 0 0 0 0 0 0 0 0 0 0 0 0 0 0 0 0 0 0 0 0 0 0 0 0 0 0 0 0 0 0 0 0 0 0 0 0 0 0 0 0 0 0 0 0 0 0 0 0 0 0 0 0 0 0 0 0 0 0 0 0 0 0 0 0 0 0 0 0 0 0 0 0 0 0 0 0 0 0 0 0 0 0 0 0 0 0 0 0 0 0 0 0 0 0 0 0 0 0 0 0 0 0 0 0 0 0 0 0 0 0 0 0 0 0 0 0 0 0 0 0 0 0 0 0 0 0 
0 0.00444104 0.00454128 0.00474649 0.00644094 0.0102539 0.0140593 0.461152 0.0185343 0.0128616 0.0104724 0.0283629 0.0274671 0.0257014 0.0136885 0.0202616 0.012081 0.031906 0.0175675 0.0273847 0.0124604 0.0166887 0.0163081 0.0191986 0.0223136 0.0180421 0.0161297 0.0132349 0.02473 0.0126761 0.0191892 0.0104126 0.0225527 0.014064 0.0124899 0.0137226 0.013318 0.010731 0.00922671 0.0125131 0.00985788 0.00883469 0.00858697 0.0151431 0.0110444 0.0090726 0.0126404 0.00947501 0.00992478 0.010059 0.0102528 0.00878038 0.0096261 0.00898438 0.0116891 0.00881938 0.00844068 0.00823634 0.0093551 0.00874058 0.00841374 0.00879049 0.00886268 0.00852627 0.00845351 0.00898407 0.00969738 0.00982832 0.00863151 0.00868471 0.00839011 0.00861456 0.00857472 0.0102919 
0.00444104 0 0.00395104 0.00399868 0.00630037 0.0154485 0.418694 0.00954326 0.0140935 0.00677666 0.00940114 0.00862344 0.0194473 0.0116258 0.0308755 0.0140535 0.0536982 0.0111033 0.0120461 0.0120742 0.0341913 0.0151343 0.0142406 0.0260973 0.0112705 0.015135 0.0150946 0.031306 0.0114823 0.0421357 0.0110244 0.0293985 0.00933226 0.0116873 0.0179505 0.0168643 0.0156419 0.00971966 0.0117619 0.00918297 0.00909411 0.00839365 0.0130768 0.00880732 0.00866756 0.0166979 0.0105063 0.0169658 0.0101112 0.00915076 0.00829309 0.0124337 0.00916414 0.0118111 0.00873196 0.00862495 0.00838479 0.00945652 0.00823896 0.00859339 0.00886872 0.00965716 0.00944405 0.0088808 0.00942766 0.00857519 0.0104245 0.00879078 0.0101168 0.00832375 0.00981095 0.00854718 0.00939122 0.00875257 
0.00454128 0.00395104 0 0.00392305 0.00917151 0.457955 0.00935135 0.011295 0.0065768 0.0141025 0.00719767 0.0174617 0.00736383 0.0129023 0.0173797 0.033348 0.00915341 0.0148062 0.0101507 0.0157924 0.0128248 0.0185693 0.0160447 0.0179441 0.0103633 0.0104888 0.0225092 0.0112201 0.0270751 0.00998662 0.0407076 0.0104177 0.011572 0.0104421 0.0154536 0.0183574 0.0134389 0.0145468 0.00869112 0.00884139 0.00897395 0.0114603 0.00834862 0.0094383 0.0107408 0.00916432 0.0165937 0.0108506 0.0119366 0.0086562 0.00984007 0.00897628 0.0128063 0.0090065 0.00896292 0.00877794 0.00907131 0.00842919 0.00849684 0.00862332 0.00942158 0.00996383 0.00946806 0.00889708 0.00869881 0.00903788 0.00817991 0.00887053 0.00895106 0.0098061 0.00881721 0.00908437 0.00852147 0.00834823 
0.00474649 0.00399868 0.00392305 0 0.414072 0.00575451 0.00761703 0.00507631 0.0119326 0.00709516 0.00663452 0.00619152 0.0105151 0.0200176 0.0158773 0.00973602 0.013762 0.010499 0.0227352 0.023694 0.0153606 0.0102797 0.0113814 0.0126754 0.0145006 0.0271591 0.00973309 0.0150074 0.0098996 0.017545 0.00950239 0.0127381 0.009401 0.019768 0.013521 0.010816 0.0103327 0.00918143 0.00895998 0.00916592 0.0151114 0.00866384 0.00983158 0.00848855 0.0128551 0.0121803 0.00922734 0.0106642 0.00924981 0.00975137 0.0102027 0.0132814 0.00848022 0.00968687 0.00957771 0.011377 0.00839975 0.00857726 0.0082729 0.0112833 0.00925123 0.00867917 0.00877716 0.00857935 0.00901194 0.00826234 0.00984471 0.0109204 0.0156916 0.00872905 0.00888345 0.00838581 0.00842619 0.00895881 
0.00644094 0.00630037 0.00917151 0.414072 0 0.00387771 0.00387039 0.00381039 0.00411772 0.00400071 0.00411883 0.00455974 0.0140179 0.00989027 0.00873092 0.00939419 0.0120186 0.0188083 0.0159083 0.0169677 0.0115358 0.0104889 0.00962712 0.011887 0.0178734 0.0163647 0.00963056 0.0108113 0.0100157 0.0116759 0.00934802 0.0126194 0.0137182 0.014048 0.0107476 0.0101498 0.0100498 0.00936857 0.00976999 0.0130513 0.00939072 0.00846435 0.0093037 0.0141412 0.00946135 0.00941307 0.00901065 0.00953807 0.00901905 0.0113725 0.00873949 0.0088089 0.00840683 0.00915221 0.0104963 0.00864372 0.00818145 0.00833444 0.00972493 0.00883523 0.00832524 0.0085664 0.00866635 0.00850513 0.00855732 0.00899224 0.0125323 0.0104445 0.0102495 0.00834094 0.00873398 0.00826491 0.00883916 0.0102476 
0.0102539 0.0154485 0.457955 0.00575451 0.00387771 0 0.00387318 0.00387736 0.00376819 0.00388431 0.00376614 0.00572977 0.00465808 0.00750898 0.00808509 0.0100389 0.00982228 0.0125597 0.00943136 0.0130421 0.0109094 0.0116043 0.0111449 0.010564 0.0107941 0.0102614 0.0158328 0.00957455 0.0171988 0.00906557 0.0221527 0.00972846 0.0129999 0.00959722 0.0132013 0.0133758 0.0101962 0.0108136 0.0093668 0.00970079 0.00880353 0.00908988 0.0087675 0.0112583 0.00927719 0.00876692 0.0134766 0.0091702 0.0121473 0.00874018 0.00860269 0.00854001 0.0105974 0.00876244 0.0106629 0.00826861 0.00876613 0.00841208 0.00867313 0.00821248 0.00858257 0.009269 0.00870433 0.00879725 0.00837156 0.00923677 0.00890916 0.00891494 0.00826129 0.00938923 0.00839294 0.00871139 0.00876164 0.00872296 
0.0140593 0.418694 0.00935135 0.00761703 0.00387039 0.00387318 0 0.00369705 0.00381697 0.00370809 0.00391676 0.00379412 0.00507413 0.00762744 0.00958306 0.00911719 0.0137057 0.0104482 0.00999274 0.0106887 0.0145661 0.0140687 0.0108664 0.0139099 0.00969063 0.0120586 0.00980066 0.033835 0.00969279 0.0528969 0.00951253 0.0193485 0.00889992 0.0111073 0.0141675 0.0166428 0.0187593 0.0100417 0.0104578 0.00884804 0.00930594 0.00842317 0.0108353 0.00868759 0.00853459 0.0197019 0.0100944 0.0314827 0.00930823 0.00911953 0.00827761 0.0135515 0.00962421 0.0130812 0.00872257 0.00884089 0.00850429 0.00901217 0.00817088 0.00864366 0.00899416 0.0105612 0.012439 0.00945635 0.011372 0.00842133 0.00946691 0.00853703 0.0106408 0.00839451 0.0108662 0.008802 0.00907357 0.00854652 
0.461152 0.00954326 0.011295 0.00507631 0.00381039 0.00387736 0.00369705 0 0.00370612 0.00382722 0.00371816 0.00395079 0.00386399 0.0081944 0.008529 0.0215735 0.00850329 0.0597037 0.00881441 0.0128984 0.00949579 0.0166912 0.0170169 0.00984471 0.0104013 0.00960136 0.0194018 0.0103568 0.0578077 0.00927591 0.0842126 0.00911992 0.0113934 0.00998224 0.0139333 0.03177 0.0148132 0.0186418 0.00863395 0.00931408 0.00876359 0.0111812 0.00831313 0.0111311 0.0109926 0.00884417 0.0576146 0.0112683 0.0155556 0.00871702 0.00964909 0.00862213 0.026919 0.00886234 0.0120681 0.00853284 0.00988201 0.00829334 0.00868046 0.00846978 0.00922543 0.0144671 0.0112043 0.0124274 0.00889998 0.0102072 0.00821485 0.00871166 0.00839142 0.0105268 0.00899282 0.0112531 0.00867282 0.00854763 
0.0185343 0.0140935 0.0065768 0.0119326 0.00411772 0.00376819 0.00381697 0.00370612 0 0.0037193 0.00373184 0.00373342 0.00412212 0.00730695 0.0148696 0.00795025 0.0742265 0.0178091 0.00906792 0.0103175 0.0166079 0.0135746 0.0106757 0.0146202 0.00946592 0.0116973 0.00959659 0.046006 0.00977492 0.0914766 0.00934221 0.021949 0.0087767 0.0108053 0.0160139 0.0174566 0.0208833 0.0117609 0.010379 0.00864526 0.0094298 0.00835633 0.0113264 0.00845728 0.00852181 0.0311757 0.00978247 0.0345163 0.00971207 0.00907449 0.0084267 0.0154365 0.00936917 0.0188428 0.00869144 0.00898124 0.00853168 0.0093751 0.00825783 0.00861925 0.00949865 0.010543 0.0127888 0.00958453 0.0121004 0.00837342 0.0096486 0.00840974 0.0107092 0.00844109 0.011584 0.00893568 0.0100189 0.00867168 
0.0128616 0.00677666 0.0141025 0.00709516 0.00400071 0.00388431 0.00370809 0.00382722 0.0037193 0 0.00373052 0.00374987 0.00373301 0.00993931 0.00712271 0.0460178 0.0194746 0.0174537 0.0080619 0.0112557 0.00938069 0.0131222 0.0145128 0.00991484 0.00984905 0.00939651 0.01366 0.00994529 0.0424564 0.00911902 0.0396872 0.00949239 0.00981106 0.00951814 0.0116488 0.0232389 0.0157014 0.0132596 0.00873424 0.00881866 0.00836596 0.00938508 0.0083813 0.00911892 0.009328 0.00881359 0.0318585 0.0113848 0.0122588 0.00855394 0.00855494 0.00855419 0.018011 0.00904928 0.00957096 0.0082548 0.00888202 0.00843314 0.00831186 0.00818464 0.00870108 0.01168 0.00983022 0.00986922 0.00862013 0.00867631 0.00824966 0.0085415 0.00824699 0.00888422 0.00859953 0.00965467 0.00855152 0.00830478 
0.0104724 0.00940114 0.00719767 0.00663452 0.00411883 0.00376614 0.00391676 0.00371816 0.00373184 0.00373052 0 0.0036986 0.00372294 0.00496519 0.0332424 0.0229836 0.0148353 0.00636126 0.00714817 0.00900201 0.0102577 0.0125682 0.0110189 0.0108127 0.00867413 0.00952711 0.0094971 0.0262116 0.00944023 0.0321656 0.00967863 0.0134942 0.00867593 0.00910561 0.0111694 0.0160584 0.0152814 0.0100386 0.00893708 0.00834925 0.0084714 0.00835018 0.00879763 0.00819068 0.0082647 0.0134254 0.0100793 0.015348 0.00912451 0.00850733 0.00815073 0.00980215 0.00921238 0.0101023 0.00841148 0.00837584 0.00845717 0.00866515 0.00815104 0.00818075 0.0087622 0.00979758 0.00975115 0.00879102 0.00907891 0.00832886 0.00819239 0.00816771 0.00845193 0.00820323 0.00926645 0.00859948 0.00864394 0.00821399 
0.0283629 0.00862344 0.0174617 0.00619152 0.00455974 0.00572977 0.00379412 0.00395079 0.00373342 0.00374987 0.0036986 0 0.00391214 0.00996223 0.0261502 0.0123214 0.00617707 0.0066703 0.00706712 0.011408 0.012015 0.0107047 0.0100118 0.0100054 0.00874137 0.00943244 0.0159192 0.00884791 0.017286 0.00902646 0.0181061 0.00888926 0.00929373 0.00922224 0.0117682 0.0124255 0.00988752 0.00961122 0.00856217 0.00849944 0.0086355 0.00952901 0.00838147 0.00872896 0.0100215 0.0086685 0.012188 0.00918843 0.00978658 0.00840288 0.00880943 0.0086315 0.00954367 0.00857422 0.00870061 0.00841634 0.00914533 0.00824537 0.00834832 0.00834365 0.00863771 0.00877458 0.00843854 0.00849883 0.00818896 0.00849225 0.00807948 0.00844112 0.00854459 0.00914251 0.00820696 0.00849576 0.0083081 0.00809177 
0.0274671 0.0194473 0.00736383 0.0105151 0.0140179 0.00465808 0.00507413 0.00386399 0.00412212 0.00373301 0.00372294 0.00391214 0 0.0646328 0.0167237 0.0047665 0.00610139 0.00619962 0.0135168 0.0219847 0.0142772 0.00941717 0.00916952 0.0102257 0.016209 0.0265944 0.00907242 0.0119188 0.00902229 0.0133554 0.00882405 0.01195 0.00944857 0.0211185 0.0111576 0.00950474 0.0096348 0.0088554 0.0091023 0.0090502 0.0133208 0.00859844 0.00985159 0.00876743 0.0126435 0.0116619 0.00877606 0.0103606 0.00881934 0.00958464 0.00999078 0.0107534 0.00846057 0.00946677 0.00888076 0.0125126 0.0082802 0.00877885 0.00821392 0.011419 0.00910595 0.0084648 0.00873687 0.00840529 0.00877159 0.00810926 0.0101432 0.0108834 0.0185103 0.00857388 0.00891831 0.00823491 0.00829962 0.00883355 
0.0257014 0.0116258 0.0129023 0.0200176 0.00989027 0.00750898 0.00762744 0.0081944 0.00730695 0.00993931 0.00496519 0.00996223 0.0646328 0 0.00370899 0.00371396 0.00378312 0.00514746 0.0116794 0.0203156 0.0129395 0.0167612 0.0126112 0.0366668 0.0684702 0.0269697 0.0182032 0.0139937 0.0204509 0.0150332 0.0172152 0.0165831 0.0299877 0.0220101 0.0186813 0.018302 0.0154034 0.0149003 0.0108408 0.0180079 0.0113728 0.00981911 0.00979779 0.0250666 0.0139685 0.0122458 0.0159112 0.0125856 0.01656 0.0158173 0.0111557 0.010483 0.0117813 0.0108802 0.022788 0.00966276 0.00913937 0.00900341 0.0124565 0.0102663 0.00952433 0.0108831 0.0105378 0.00971088 0.00964252 0.0097957 0.0126909 0.012204 0.00988442 0.00889808 0.00931319 0.00933394 0.0101049 0.0119156 
0.0136885 0.0308755 0.0173797 0.0158773 0.00873092 0.00808509 0.00958306 0.008529 0.0148696 0.00712271 0.0332424 0.0261502 0.0167237 0.00370899 0 0.00373804 0.00372527 0.00378776 0.00575507 0.0123386 0.0269423 0.0199168 0.0295085 0.107036 0.0136402 0.0182188 0.0275597 0.0353256 0.0198739 0.054993 0.0206214 0.0300201 0.010804 0.0142282 0.0646064 0.0343371 0.0478906 0.0148628 0.0172756 0.0101041 0.0100308 0.00968656 0.0182157 0.0108033 0.011179 0.0355169 0.0269329 0.0513903 0.0203956 0.0111116 0.00916364 0.0218391 0.0160826 0.0334162 0.0110084 0.0114125 0.0106824 0.0114671 0.00883948 0.00948223 0.0152011 0.0164094 0.0192531 0.0129208 0.014397 0.00973475 0.00954322 0.00919071 0.010053 0.00987151 0.0127665 0.0113892 0.0116359 0.00960526 
0.0202616 0.0140535 0.033348 0.00973602 0.00939419 0.0100389 0.00911719 0.0215735 0.00795025 0.0460178 0.0229836 0.0123214 0.0047665 0.00371396 0.00373804 0 0.00371676 0.00372006 0.00473235 0.0163637 0.0157011 0.050497 0.0827705 0.0212431 0.0125484 0.01143 0.0319566 0.0271738 0.0814282 0.0171184 0.09171 0.013769 0.01222 0.0118252 0.0302695 0.114092 0.0393965 0.0430389 0.00968343 0.0103613 0.00923616 0.0177673 0.00928148 0.0141315 0.0132135 0.0155651 0.122274 0.0379095 0.0261869 0.010006 0.00976838 0.012765 0.0933869 0.0127517 0.0145741 0.00993973 0.0157637 0.00989073 0.00911273 0.00906572 0.0133071 0.029616 0.021236 0.0219012 0.0148718 0.012159 0.00879698 0.00892622 0.00932834 0.0125505 0.0127955 0.0195273 0.0107403 0.0093629 
0.012081 0.0536982 0.00915341 0.013762 0.0120186 0.00982228 0.0137057 0.00850329 0.0742265 0.0194746 0.0148353 0.00617707 0.00610139 0.00378312 0.00372527 0.00371676 0 0.00373263 0.00616279 0.0126956 0.0588599 0.0338677 0.0207894 0.0452012 0.0129448 0.0138959 0.0149815 0.0288589 0.0129113 0.0452009 0.0132845 0.0546005 0.00926654 0.0123619 0.0346274 0.018988 0.040916 0.0113653 0.0139165 0.0091502 0.0102605 0.00892996 0.0119507 0.00895073 0.0105513 0.0537158 0.0129145 0.0301138 0.0227762 0.0113209 0.00925091 0.0346769 0.0110374 0.0336319 0.00989309 0.0104137 0.00955042 0.0122511 0.00865623 0.00956126 0.011848 0.0129657 0.0149876 0.0106332 0.0127068 0.00882243 0.00900601 0.00899789 0.0112616 0.00930869 0.0126045 0.00981618 0.0110337 0.00877444 
0.031906 0.0111033 0.0148062 0.010499 0.0188083 0.0125597 0.0104482 0.0597037 0.0178091 0.0174537 0.00636126 0.0066703 0.00619962 0.00514746 0.00378776 0.00372006 0.00373263 0 0.0397816 0.047569 0.0287168 0.0199238 0.0147736 0.0137205 0.0228685 0.0189887 0.0140085 0.0106499 0.0179102 0.0104555 0.0196755 0.0097154 0.0203914 0.022582 0.0129299 0.0143444 0.0118894 0.015946 0.00914683 0.0121623 0.0130311 0.0108638 0.00850864 0.0140482 0.0281668 0.0097543 0.0161423 0.0101715 0.0119416 0.0127598 0.0201437 0.00983069 0.0112725 0.00898842 0.0151315 0.0136213 0.00968073 0.00858384 0.00985259 0.0125648 0.00997088 0.00965354 0.00934775 0.00913532 0.00862508 0.00882406 0.00872136 0.0117346 0.0123382 0.0103557 0.00850079 0.00907024 0.00859371 0.00916125 
0.0175675 0.0120461 0.0101507 0.0227352 0.0159083 0.00943136 0.00999274 0.00881441 0.00906792 0.0080619 0.00714817 0.00706712 0.0135168 0.0116794 0.00575507 0.00473235 0.00616279 0.0397816 0 0.134395 0.0137049 0.00637173 0.00627456 0.00790212 0.0113943 0.0133901 0.00916025 0.00871298 0.00887743 0.00977762 0.00887729 0.0124719 0.0302584 0.0187522 0.0112728 0.00909002 0.00928605 0.00877912 0.00992249 0.0126792 0.0133429 0.00926703 0.00921335 0.0138662 0.0137861 0.0100741 0.00886371 0.00881032 0.00927083 0.0118346 0.0111347 0.0102491 0.00866096 0.00870867 0.010832 0.0121451 0.00845611 0.00835519 0.0100509 0.0111128 0.0086558 0.00836406 0.00836531 0.00839836 0.00837996 0.0085958 0.0115334 0.0224416 0.0144528 0.00869248 0.00853279 0.00820617 0.00863182 0.0109385 
0.0273847 0.0120742 0.0157924 0.023694 0.0169677 0.0130421 0.0106887 0.0128984 0.0103175 0.0112557 0.00900201 0.011408 0.0219847 0.0203156 0.0123386 0.0163637 0.0126956 0.047569 0.134395 0 0.00388226 0.00372576 0.00372706 0.00383141 0.00555438 0.00999446 0.00901334 0.00834447 0.0102392 0.0127235 0.0308116 0.555623 0.0321033 0.0160459 0.0173291 0.0124032 0.0114285 0.0116068 0.0109974 0.0235098 0.0127171 0.0114993 0.0103132 0.0345439 0.0187048 0.01238 0.0159615 0.0120317 0.0126689 0.0197673 0.0123658 0.0122664 0.0110749 0.0108442 0.0215026 0.0110263 0.00935523 0.00943734 0.0159065 0.0114825 0.0100271 0.0101683 0.0107147 0.0100387 0.0101082 0.0106632 0.014313 0.0137136 0.0106406 0.00969645 0.00930332 0.0095578 0.0100816 0.0133629 
0.0124604 0.0341913 0.0128248 0.0153606 0.0115358 0.0109094 0.0145661 0.00949579 0.0166079 0.00938069 0.0102577 0.012015 0.0142772 0.0129395 0.0269423 0.0157011 0.0588599 0.0287168 0.0137049 0.00388226 0 0.00377229 0.00371885 0.00380711 0.00395647 0.00853789 0.0102622 0.00903072 0.0122322 0.0510801 0.57255 0.0190746 0.00754277 0.010844 0.0312652 0.022229 0.0155307 0.0115566 0.0185504 0.00984421 0.0104144 0.00990503 0.0163023 0.0106899 0.0111149 0.0375923 0.0220693 0.0277608 0.0219752 0.0107607 0.00960072 0.0187289 0.0147484 0.019657 0.0119183 0.00995072 0.00991541 0.01163 0.00911074 0.0094094 0.0122495 0.0151278 0.0154839 0.0123201 0.0115275 0.00961568 0.00997497 0.00932778 0.0096943 0.0096639 0.0112611 0.0109393 0.0110576 0.00954062 
0.0166887 0.0151343 0.0185693 0.0102797 0.0104889 0.0116043 0.0140687 0.0166912 0.0135746 0.0131222 0.0125682 0.0107047 0.00941717 0.0167612 0.0199168 0.050497 0.0338677 0.0199238 0.00637173 0.00372576 0.00377229 0 0.00371673 0.00371191 0.00372766 0.00763369 0.00875236 0.0200313 0.0392862 0.761831 0.0334083 0.0112063 0.00692749 0.0100531 0.021914 0.0365235 0.0380927 0.0198199 0.010326 0.00910443 0.0095356 0.0108427 0.00997084 0.0101802 0.011945 0.0232514 0.0602058 0.064984 0.0241906 0.011249 0.00960471 0.0183523 0.0359543 0.0280011 0.0118299 0.0107072 0.0133021 0.0113127 0.00904436 0.00925486 0.0162051 0.034249 0.0383177 0.0239244 0.0258178 0.0109195 0.00899347 0.00882768 0.00964181 0.0110726 0.0197388 0.0239788 0.0126081 0.00947723 
0.0163081 0.0142406 0.0160447 0.0113814 0.00962712 0.0111449 0.0108664 0.0170169 0.0106757 0.0145128 0.0110189 0.0100118 0.00916952 0.0126112 0.0295085 0.0827705 0.0207894 0.0147736 0.00627456 0.00372706 0.00371885 0.00371673 0 0.00369681 0.00370195 0.00835534 0.0200776 0.0394671 0.814746 0.0119774 0.0185351 0.00791125 0.00665289 0.00929348 0.0185125 0.0385513 0.0247257 0.0189084 0.00928709 0.00910541 0.00920804 0.0112995 0.00943646 0.0104755 0.0121483 0.0175056 0.0919034 0.0492113 0.0245327 0.0112508 0.0101644 0.0150584 0.0722104 0.0159339 0.0148809 0.00986898 0.015703 0.010075 0.00947866 0.00899256 0.0148066 0.0373511 0.0301097 0.0261129 0.0186325 0.0112473 0.00904485 0.00882086 0.00899027 0.0125476 0.0174555 0.0238421 0.0122564 0.00928979 
0.0191986 0.0260973 0.0179441 0.0126754 0.011887 0.010564 0.0139099 0.00984471 0.0146202 0.00991484 0.0108127 0.0100054 0.0102257 0.0366668 0.107036 0.0212431 0.0452012 0.0137205 0.00790212 0.00383141 0.00380711 0.00371191 0.00369681 0 0.00374329 0.0165843 0.0910043 0.669046 0.0140816 0.0139545 0.00893337 0.0108918 0.00688719 0.0101157 0.0289637 0.0206652 0.0232037 0.0163652 0.012111 0.00949921 0.0102392 0.0102887 0.0145556 0.00983042 0.0129329 0.0370852 0.0223924 0.02969 0.0488702 0.0142865 0.0105905 0.0387285 0.0160368 0.0423736 0.013592 0.0112211 0.0113282 0.0177255 0.00919262 0.00974779 0.0172585 0.0185628 0.0215046 0.0135966 0.0148224 0.0110233 0.0094968 0.00941017 0.0103861 0.0111404 0.0134817 0.0126433 0.0153988 0.00923892 
0.0223136 0.0112705 0.0103633 0.0145006 0.0178734 0.0107941 0.00969063 0.0104013 0.00946592 0.00984905 0.00867413 0.00874137 0.016209 0.0684702 0.0136402 0.0125484 0.0129448 0.0228685 0.0113943 0.00555438 0.00395647 0.00372766 0.00370195 0.00374329 0 0.394955 0.165242 0.00647664 0.00779272 0.00898703 0.00876536 0.00754299 0.00770549 0.0138492 0.0113399 0.0113818 0.0120829 0.0108787 0.00900762 0.0115765 0.0142764 0.00955233 0.00873497 0.0135858 0.0245397 0.012019 0.0133926 0.0113882 0.0142887 0.0193927 0.0163046 0.011308 0.0112352 0.010535 0.0217407 0.0149279 0.00944387 0.00904076 0.0126545 0.0141323 0.01046 0.0105004 0.00990275 0.00988633 0.00916335 0.00925982 0.0100777 0.0145053 0.0143553 0.00951533 0.00924331 0.00929286 0.00936377 0.0113304 
0.0180421 0.015135 0.0104888 0.0271591 0.0163647 0.0102614 0.0120586 0.00960136 0.0116973 0.00939651 0.00952711 0.00943244 0.0265944 0.0269697 0.0182188 0.01143 0.0138959 0.0189887 0.0133901 0.00999446 0.00853789 0.00763369 0.00835534 0.0165843 0.394955 0 0.00373479 0.00369734 0.00372942 0.00375033 0.00371271 0.00400092 0.00498001 0.00683796 0.0107223 0.00874477 0.0100365 0.00837937 0.011934 0.244313 0.0342803 0.00977826 0.0108921 0.0208336 0.0152935 0.0256589 0.011927 0.0177542 0.0117836 0.0183773 0.0136081 0.0189827 0.0105953 0.0143735 0.0156076 0.0139035 0.00935087 0.0111048 0.0122976 0.0129829 0.0113099 0.0104594 0.0117045 0.00955108 0.0103923 0.00959203 0.0168977 0.0128878 0.0127385 0.00895252 0.0106345 0.00948216 0.0103314 0.0128251 
0.0161297 0.0150946 0.0225092 0.00973309 0.00963056 0.0158328 0.00980066 0.0194018 0.00959659 0.01366 0.0094971 0.0159192 0.00907242 0.0182032 0.0275597 0.0319566 0.0149815 0.0140085 0.00916025 0.00901334 0.0102622 0.00875236 0.0200776 0.0910043 0.165242 0.00373479 0 0.00369334 0.00371425 0.00368435 0.00386536 0.00377945 0.00383284 0.00600597 0.00928024 0.0132316 0.00977243 0.0229357 0.054311 0.147481 0.00974677 0.0150304 0.0102606 0.0122083 0.0169012 0.0177359 0.0718321 0.0222326 0.0383495 0.0110142 0.0124104 0.0142989 0.0492075 0.0148386 0.0165334 0.0101259 0.0220276 0.0109179 0.0105328 0.00945791 0.018423 0.0272905 0.018934 0.0176677 0.0124719 0.0166556 0.0089611 0.00934715 0.0088598 0.0148684 0.0116366 0.0203779 0.0140153 0.00970202 
0.0132349 0.031306 0.0112201 0.0150074 0.0108113 0.00957455 0.033835 0.0103568 0.046006 0.00994529 0.0262116 0.00884791 0.0119188 0.0139937 0.0353256 0.0271738 0.0288589 0.0106499 0.00871298 0.00834447 0.00903072 0.0200313 0.0394671 0.669046 0.00647664 0.00369734 0.00369334 0 0.00371221 0.00374219 0.0037105 0.00373347 0.00371061 0.00550029 0.00994313 0.0111951 0.050139 0.0207522 0.348424 0.0121314 0.00967148 0.00945205 0.0124964 0.00925005 0.0124989 0.0767959 0.0254318 0.155026 0.021894 0.0177368 0.00963512 0.0438399 0.019637 0.0734045 0.012218 0.0124256 0.012493 0.0199757 0.00907845 0.00994516 0.0203467 0.0374209 0.0525164 0.0212479 0.0541031 0.0101241 0.0111293 0.00902055 0.0113187 0.0105742 0.0495013 0.0213745 0.0206439 0.00987152 
0.02473 0.0114823 0.0270751 0.0098996 0.0100157 0.0171988 0.00969279 0.0578077 0.00977492 0.0424564 0.00944023 0.017286 0.00902229 0.0204509 0.0198739 0.0814282 0.0129113 0.0179102 0.00887743 0.0102392 0.0122322 0.0392862 0.814746 0.0140816 0.00779272 0.00372942 0.00371425 0.00371221 0 0.0037038 0.00375325 0.00372014 0.00373115 0.00511275 0.00940688 0.0492591 0.0247777 0.926369 0.0154016 0.0108871 0.00903514 0.0130024 0.00912387 0.0154442 0.0193586 0.0138267 0.202079 0.0236223 0.0810105 0.0127601 0.0145823 0.0121664 0.152428 0.0136516 0.045148 0.0105383 0.0270471 0.010524 0.0126431 0.00978322 0.0169053 0.0514324 0.0343216 0.0505848 0.015195 0.0225041 0.00907522 0.00975482 0.00929342 0.0221978 0.0140873 0.0526846 0.0167499 0.0101304 
0.0126761 0.0421357 0.00998662 0.017545 0.0116759 0.00906557 0.0528969 0.00927591 0.0914766 0.00911902 0.0321656 0.00902646 0.0133554 0.0150332 0.054993 0.0171184 0.0452009 0.0104555 0.00977762 0.0127235 0.0510801 0.761831 0.0119774 0.0139545 0.00898703 0.00375033 0.00368435 0.00374219 0.0037038 0 0.00370261 0.00376243 0.00370433 0.00470116 0.0184658 0.0146967 0.927279 0.0157119 0.0093714 0.00748605 0.00981719 0.00861766 0.0171357 0.00914556 0.011679 0.137256 0.0212402 0.232662 0.0212992 0.0146076 0.00941872 0.0751927 0.0128962 0.150495 0.0108707 0.0146969 0.0111405 0.0265117 0.00952397 0.0103642 0.0202591 0.0333102 0.0692284 0.0172878 0.0540993 0.00961596 0.0135523 0.00929449 0.0130359 0.00990492 0.0632138 0.0165853 0.0183225 0.0103398 
0.0191892 0.0110244 0.0407076 0.00950239 0.00934802 0.0221527 0.00951253 0.0842126 0.00934221 0.0396872 0.00967863 0.0181061 0.00882405 0.0172152 0.0206214 0.09171 0.0132845 0.0196755 0.00887729 0.0308116 0.57255 0.0334083 0.0185351 0.00893337 0.00876536 0.00371271 0.00386536 0.0037105 0.00375325 0.00370261 0 0.00369673 0.00370846 0.00410246 0.00956037 0.933096 0.0137338 0.0175493 0.00705257 0.00850117 0.0086492 0.013629 0.00847843 0.0155218 0.0238641 0.011289 0.235804 0.0243309 0.050104 0.0129768 0.013337 0.0105343 0.22158 0.0120086 0.0393104 0.0102158 0.0350536 0.0105366 0.0127757 0.00965765 0.0196503 0.0654292 0.0282262 0.0486682 0.0147568 0.0268831 0.00898742 0.00967974 0.008842 0.028616 0.0134888 0.0447695 0.0140074 0.00998357 
0.0104126 0.0293985 0.0104177 0.0127381 0.0126194 0.00972846 0.0193485 0.00911992 0.021949 0.00949239 0.0134942 0.00888926 0.01195 0.0165831 0.0300201 0.013769 0.0546005 0.0097154 0.0124719 0.555623 0.0190746 0.0112063 0.00791125 0.0108918 0.00754299 0.00400092 0.00377945 0.00373347 0.00372014 0.00376243 0.00369673 0 0.00371216 0.00430992 0.919648 0.00655113 0.0129012 0.00643257 0.00756033 0.00618301 0.0144982 0.00952959 0.0137562 0.00928628 0.012243 0.081509 0.0133888 0.042907 0.0349615 0.0167309 0.00991991 0.083128 0.0114198 0.10002 0.0111779 0.0174242 0.0124899 0.0262434 0.0092911 0.0121542 0.0250598 0.0153692 0.0248683 0.0107964 0.0192176 0.00930511 0.0108963 0.00974781 0.0175967 0.00953833 0.0186014 0.0112027 0.015666 0.0089787 
0.0225527 0.00933226 0.011572 0.009401 0.0137182 0.0129999 0.00889992 0.0113934 0.0087767 0.00981106 0.00867593 0.00929373 0.00944857 0.0299877 0.010804 0.01222 0.00926654 0.0203914 0.0302584 0.0321033 0.00754277 0.00692749 0.00665289 0.00688719 0.00770549 0.00498001 0.00383284 0.00371061 0.00373115 0.00370433 0.00370846 0.00371216 0 0.889818 0.00429162 0.00452356 0.00417744 0.00476266 0.00476016 0.00556994 0.0123124 0.00961784 0.00721296 0.0107548 0.0405273 0.0099328 0.0162443 0.0100358 0.0135818 0.0141081 0.0278156 0.00999365 0.013681 0.00966376 0.0244587 0.0146244 0.011207 0.00909399 0.0139412 0.0168587 0.0107201 0.0112775 0.00993949 0.0103682 0.00905316 0.00975783 0.00839901 0.0149338 0.0123897 0.0104677 0.00878127 0.00962029 0.00895363 0.00897176 
0.014064 0.0116873 0.0104421 0.019768 0.014048 0.00959722 0.0111073 0.00998224 0.0108053 0.00951814 0.00910561 0.00922224 0.0211185 0.0220101 0.0142282 0.0118252 0.0123619 0.022582 0.0187522 0.0160459 0.010844 0.0100531 0.00929348 0.0101157 0.0138492 0.00683796 0.00600597 0.00550029 0.00511275 0.00470116 0.00410246 0.00430992 0.889818 0 0.0038045 0.00369958 0.00372462 0.00371223 0.0040374 0.00496627 0.0111073 0.00863443 0.0100532 0.067658 0.0170494 0.0221667 0.0124827 0.0145256 0.0114373 0.0179104 0.014724 0.0180046 0.0112798 0.0111312 0.021643 0.0120571 0.00985861 0.00996279 0.014162 0.013413 0.0111211 0.0108642 0.0104323 0.0104655 0.0101503 0.0100124 0.0159014 0.0148473 0.0125501 0.00970227 0.0100935 0.00942908 0.0102385 0.0147527 
0.0124899 0.0179505 0.0154536 0.013521 0.0107476 0.0132013 0.0141675 0.0139333 0.0160139 0.0116488 0.0111694 0.0117682 0.0111576 0.0186813 0.0646064 0.0302695 0.0346274 0.0129299 0.0112728 0.0173291 0.0312652 0.021914 0.0185125 0.0289637 0.0113399 0.0107223 0.00928024 0.00994313 0.00940688 0.0184658 0.00956037 0.919648 0.00429162 0.0038045 0 0.00373026 0.00370073 0.00372349 0.00472088 0.00429926 0.0102496 0.0111274 0.0716511 0.0135072 0.0217202 0.0422122 0.041866 0.0347328 0.0295747 0.0129317 0.0120148 0.0360266 0.0257293 0.0370845 0.0130448 0.0161472 0.0158598 0.0228522 0.0102554 0.0114844 0.0276033 0.0278434 0.0273387 0.0182254 0.0183733 0.0155693 0.0115067 0.0108136 0.0113253 0.0137712 0.0175715 0.0181988 0.0174358 0.0101157 
0.0137226 0.0168643 0.0183574 0.010816 0.0101498 0.0133758 0.0166428 0.03177 0.0174566 0.0232389 0.0160584 0.0124255 0.00950474 0.018302 0.0343371 0.114092 0.018988 0.0143444 0.00909002 0.0124032 0.022229 0.0365235 0.0385513 0.0206652 0.0113818 0.00874477 0.0132316 0.0111951 0.0492591 0.0146967 0.933096 0.00655113 0.00452356 0.00369958 0.00373026 0 0.00373819 0.00370985 0.00371496 0.00378603 0.008317 0.0546643 0.00951424 0.0184738 0.0153234 0.0322604 0.0813199 0.0825734 0.0362685 0.0153488 0.0115151 0.0191782 0.111108 0.022834 0.0216433 0.0120179 0.0282705 0.0128625 0.0106959 0.0107317 0.0246357 0.0719878 0.0580887 0.0485701 0.0402922 0.015979 0.0100221 0.0101238 0.0102373 0.0197916 0.0262977 0.0626554 0.018816 0.0102473 
0.013318 0.0156419 0.0134389 0.0103327 0.0100498 0.0101962 0.0187593 0.0148132 0.0208833 0.0157014 0.0152814 0.00988752 0.0096348 0.0154034 0.0478906 0.0393965 0.040916 0.0118894 0.00928605 0.0114285 0.0155307 0.0380927 0.0247257 0.0232037 0.0120829 0.0100365 0.00977243 0.050139 0.0247777 0.927279 0.0137338 0.0129012 0.00417744 0.00372462 0.00370073 0.00373819 0 0.0037031 0.00370152 0.00371542 0.0325598 0.0129888 0.018569 0.0222578 0.0132511 0.029984 0.0492938 0.0713901 0.0436695 0.0161088 0.0104124 0.0292172 0.0277279 0.0649365 0.0155938 0.0131538 0.01388 0.0186353 0.00987514 0.0106795 0.022904 0.0438718 0.0623972 0.0350019 0.0310332 0.0123805 0.00961519 0.00993295 0.0106865 0.0130032 0.0397106 0.0290914 0.0218021 0.00976156 
0.010731 0.00971966 0.0145468 0.00918143 0.00936857 0.0108136 0.0100417 0.0186418 0.0117609 0.0132596 0.0100386 0.00961122 0.0088554 0.0149003 0.0148628 0.0430389 0.0113653 0.015946 0.00877912 0.0116068 0.0115566 0.0198199 0.0189084 0.0163652 0.0108787 0.00837937 0.0229357 0.0207522 0.926369 0.0157119 0.0175493 0.00643257 0.00476266 0.00371223 0.00372349 0.00370985 0.0037031 0 0.00370013 0.00376916 0.00679842 0.0157212 0.017317 0.0359444 0.0109134 0.0124959 0.0400027 0.0214195 0.0230174 0.0119739 0.0108933 0.0106824 0.0476473 0.0125097 0.0189729 0.0100778 0.0136399 0.0101421 0.0104049 0.00967845 0.0126547 0.0341323 0.0261335 0.0206037 0.0138963 0.011631 0.00912221 0.00939334 0.00942097 0.0131023 0.0130012 0.021615 0.0119947 0.00963203 
0.00922671 0.0117619 0.00869112 0.00895998 0.00976999 0.0093668 0.0104578 0.00863395 0.010379 0.00873424 0.00893708 0.00856217 0.0091023 0.0108408 0.0172756 0.00968343 0.0139165 0.00914683 0.00992249 0.0109974 0.0185504 0.010326 0.00928709 0.012111 0.00900762 0.011934 0.054311 0.348424 0.0154016 0.0093714 0.00705257 0.00756033 0.00476016 0.0040374 0.00472088 0.00371496 0.00370152 0.00370013 0 0.00391352 0.0157813 0.0169981 0.0360551 0.00718307 0.0102374 0.022956 0.0100303 0.0145244 0.0126261 0.0108445 0.00936243 0.0218107 0.00965371 0.016464 0.00932527 0.0111596 0.0100121 0.0104925 0.00851915 0.00968927 0.0125332 0.0113221 0.0113046 0.00945445 0.0101125 0.00869927 0.00895751 0.00946357 0.0110849 0.0096301 0.0099718 0.00916722 0.00989264 0.0086201 
0.0125131 0.00918297 0.00884139 0.00916592 0.0130513 0.00970079 0.00884804 0.00931408 0.00864526 0.00881866 0.00834925 0.00849944 0.0090502 0.0180079 0.0101041 0.0103613 0.0091502 0.0121623 0.0126792 0.0235098 0.00984421 0.00910443 0.00910541 0.00949921 0.0115765 0.244313 0.147481 0.0121314 0.0108871 0.00748605 0.00850117 0.00618301 0.00556994 0.00496627 0.00429926 0.00378603 0.00371542 0.00376916 0.00391352 0 0.0465537 0.0162986 0.00648525 0.0094565 0.0207981 0.00940644 0.0106533 0.00905538 0.0124083 0.0113532 0.0186968 0.010028 0.0100777 0.00906362 0.0132981 0.0146512 0.00948642 0.0087082 0.0101027 0.0146398 0.0104328 0.00983413 0.00933023 0.00923564 0.00880417 0.00889481 0.00893736 0.0130762 0.0141751 0.0102801 0.00904313 0.00907326 0.00869659 0.0095275 
0.00985788 0.00909411 0.00897395 0.0151114 0.00939072 0.00880353 0.00930594 0.00876359 0.0094298 0.00836596 0.0084714 0.0086355 0.0133208 0.0113728 0.0100308 0.00923616 0.0102605 0.0130311 0.0133429 0.0127171 0.0104144 0.0095356 0.00920804 0.0102392 0.0142764 0.0342803 0.00974677 0.00967148 0.00903514 0.00981719 0.0086492 0.0144982 0.0123124 0.0111073 0.0102496 0.008317 0.0325598 0.00679842 0.0157813 0.0465537 0 0.00398111 0.00388227 0.00445371 0.00756413 0.0110193 0.00977791 0.0271992 0.0194425 0.0170502 0.00926488 0.0101227 0.00875069 0.0129525 0.0177801 0.011974 0.00907339 0.0099251 0.0153526 0.0116832 0.00995557 0.00929591 0.0101247 0.00924586 0.00933018 0.00953167 0.0160609 0.0122521 0.0116388 0.00913584 0.00958617 0.0088587 0.00971156 0.0131963 
0.00883469 0.00839365 0.0114603 0.00866384 0.00846435 0.00908988 0.00842317 0.0111812 0.00835633 0.00938508 0.00835018 0.00952901 0.00859844 0.00981911 0.00968656 0.0177673 0.00892996 0.0108638 0.00926703 0.0114993 0.00990503 0.0108427 0.0112995 0.0102887 0.00955233 0.00977826 0.0150304 0.00945205 0.0130024 0.00861766 0.013629 0.00952959 0.00961784 0.00863443 0.0111274 0.0546643 0.0129888 0.0157212 0.0169981 0.0162986 0.00398111 0 0.00387985 0.00391755 0.00901448 0.00823281 0.0294224 0.0115898 0.0112586 0.00829959 0.00941895 0.00882674 0.016007 0.00906381 0.0102994 0.0100462 0.0109316 0.00961259 0.00973789 0.00915451 0.0102796 0.0138077 0.00949597 0.010462 0.0089018 0.0130692 0.00869569 0.0101804 0.00878651 0.0113891 0.00868091 0.0109126 0.00921899 0.00899392 
0.00858697 0.0130768 0.00834862 0.00983158 0.0093037 0.0087675 0.0108353 0.00831313 0.0113264 0.0083813 0.00879763 0.00838147 0.00985159 0.00979779 0.0182157 0.00928148 0.0119507 0.00850864 0.00921335 0.0103132 0.0163023 0.00997084 0.00943646 0.0145556 0.00873497 0.0108921 0.0102606 0.0124964 0.00912387 0.0171357 0.00847843 0.0137562 0.00721296 0.0100532 0.0716511 0.00951424 0.018569 0.017317 0.0360551 0.00648525 0.00388227 0.00387985 0 0.00376312 0.00736322 0.078228 0.00898728 0.0170485 0.00818937 0.00765934 0.00801183 0.0286584 0.00866385 0.024972 0.0084922 0.0101454 0.0105656 0.0129735 0.0085423 0.00979298 0.0129981 0.00942101 0.0105616 0.00908217 0.0113025 0.00859141 0.0111043 0.00932644 0.0143902 0.008947 0.0116656 0.00886415 0.00988381 0.00867763 
0.0151431 0.00880732 0.0094383 0.00848855 0.0141412 0.0112583 0.00868759 0.0111311 0.00845728 0.00911892 0.00819068 0.00872896 0.00876743 0.0250666 0.0108033 0.0141315 0.00895073 0.0140482 0.0138662 0.0345439 0.0106899 0.0101802 0.0104755 0.00983042 0.0135858 0.0208336 0.0122083 0.00925005 0.0154442 0.00914556 0.0155218 0.00928628 0.0107548 0.067658 0.0135072 0.0184738 0.0222578 0.0359444 0.00718307 0.0094565 0.00445371 0.00391755 0.00376312 0 0.0578194 0.0085214 0.0176802 0.00783282 0.0105626 0.00841748 0.0250374 0.0102767 0.0119661 0.00905088 0.0141807 0.0301926 0.0122633 0.00880519 0.0137847 0.0221495 0.0123536 0.0111747 0.0101583 0.0119694 0.00906441 0.0104977 0.00889861 0.0187809 0.0154009 0.0149125 0.00994857 0.00993151 0.00905075 0.00970286 
0.0110444 0.00866756 0.0107408 0.0128551 0.00946135 0.00927719 0.00853459 0.0109926 0.00852181 0.009328 0.0082647 0.0100215 0.0126435 0.0139685 0.011179 0.0132135 0.0105513 0.0281668 0.0137861 0.0187048 0.0111149 0.011945 0.0121483 0.0129329 0.0245397 0.0152935 0.0169012 0.0124989 0.0193586 0.011679 0.0238641 0.012243 0.0405273 0.0170494 0.0217202 0.0153234 0.0132511 0.0109134 0.0102374 0.0207981 0.00756413 0.00901448 0.00736322 0.0578194 0 0.00370416 0.00372487 0.00367912 0.00387435 0.00430402 0.00697782 0.00646795 0.00787776 0.00743404 0.042927 0.0149837 0.0215902 0.0104814 0.0604936 0.0130041 0.0148274 0.0144624 0.0127422 0.0127479 0.0120338 0.0167476 0.0166316 0.0254397 0.0131755 0.0174187 0.010402 0.0146712 0.0134826 0.0313772 
0.0090726 0.0166979 0.00916432 0.0121803 0.00941307 0.00876692 0.0197019 0.00884417 0.0311757 0.00881359 0.0134254 0.0086685 0.0116619 0.0122458 0.0355169 0.0155651 0.0537158 0.0097543 0.0100741 0.01238 0.0375923 0.0232514 0.0175056 0.0370852 0.012019 0.0256589 0.0177359 0.0767959 0.0138267 0.137256 0.011289 0.081509 0.0099328 0.0221667 0.0422122 0.0322604 0.029984 0.0124959 0.022956 0.00940644 0.0110193 0.00823281 0.078228 0.0085214 0.00370416 0 0.00372057 0.00383502 0.00377329 0.00378094 0.00465592 0.00998359 0.00630748 0.0591919 0.03661 0.0610485 0.0104748 0.0351644 0.00906484 0.0198526 0.0294662 0.0226769 0.0309604 0.0197465 0.0374477 0.010404 0.0238755 0.012648 0.0256634 0.0109625 0.0548448 0.0142866 0.0445292 0.0122084 
0.0126404 0.0105063 0.0165937 0.00922734 0.00901065 0.0134766 0.0100944 0.0576146 0.00978247 0.0318585 0.0100793 0.012188 0.00877606 0.0159112 0.0269329 0.122274 0.0129145 0.0161423 0.00886371 0.0159615 0.0220693 0.0602058 0.0919034 0.0223924 0.0133926 0.011927 0.0718321 0.0254318 0.202079 0.0212402 0.235804 0.0133888 0.0162443 0.0124827 0.041866 0.0813199 0.0492938 0.0400027 0.0100303 0.0106533 0.00977791 0.0294224 0.00898728 0.0176802 0.00372487 0.00372057 0 0.00371561 0.00371399 0.00373525 0.00613724 0.00515963 0.0625831 0.0234438 0.754609 0.0108805 0.0303639 0.00979662 0.0182173 0.0131167 0.0241898 0.0493386 0.0428644 0.0588832 0.0180891 0.0294765 0.00933209 0.0129158 0.010498 0.0533372 0.0172388 0.13916 0.0195967 0.0122021 
0.00947501 0.0169658 0.0108506 0.0106642 0.00953807 0.0091702 0.0314827 0.0112683 0.0345163 0.0113848 0.015348 0.00918843 0.0103606 0.0125856 0.0513903 0.0379095 0.0301138 0.0101715 0.00881032 0.0120317 0.0277608 0.064984 0.0492113 0.02969 0.0113882 0.0177542 0.0222326 0.155026 0.0236223 0.232662 0.0243309 0.042907 0.0100358 0.0145256 0.0347328 0.0825734 0.0713901 0.0214195 0.0145244 0.00905538 0.0271992 0.0115898 0.0170485 0.00783282 0.00367912 0.00383502 0.00371561 0 0.00371798 0.00372233 0.00405919 0.0701645 0.0318014 0.841014 0.00863315 0.0145663 0.0107292 0.0273337 0.00879989 0.0133323 0.020684 0.0554012 0.0650312 0.0232571 0.0600137 0.0122141 0.0146977 0.0105384 0.0179378 0.0125441 0.123272 0.0290904 0.0304141 0.0115882 
0.00992478 0.0101112 0.0119366 0.00924981 0.00901905 0.0121473 0.00930823 0.0155556 0.00971207 0.0122588 0.00912451 0.00978658 0.00881934 0.01656 0.0203956 0.0261869 0.0227762 0.0119416 0.00927083 0.0126689 0.0219752 0.0241906 0.0245327 0.0488702 0.0142887 0.0117836 0.0383495 0.021894 0.0810105 0.0212992 0.050104 0.0349615 0.0135818 0.0114373 0.0295747 0.0362685 0.0436695 0.0230174 0.0126261 0.0124083 0.0194425 0.0112586 0.00818937 0.0105626 0.00387435 0.00377329 0.00371399 0.00371798 0 0.00370873 0.0305103 0.0306722 0.771767 0.00776608 0.00834698 0.00906764 0.0217834 0.0114162 0.0113432 0.0118463 0.0365409 0.0283699 0.0217111 0.0265619 0.0151193 0.0306662 0.0103249 0.0134812 0.0116105 0.0383293 0.0193787 0.0288121 0.0429726 0.0131972 
0.010059 0.00915076 0.0086562 0.00975137 0.0113725 0.00874018 0.00911953 0.00871702 0.00907449 0.00855394 0.00850733 0.00840288 0.00958464 0.0158173 0.0111116 0.010006 0.0113209 0.0127598 0.0118346 0.0197673 0.0107607 0.011249 0.0112508 0.0142865 0.0193927 0.0183773 0.0110142 0.0177368 0.0127601 0.0146076 0.0129768 0.0167309 0.0141081 0.0179104 0.0129317 0.0153488 0.0161088 0.0119739 0.0108445 0.0113532 0.0170502 0.00829959 0.00765934 0.00841748 0.00430402 0.00378094 0.00373525 0.00372233 0.00370873 0 0.123138 0.586833 0.00407253 0.00870293 0.00591059 0.0148849 0.00868655 0.00979753 0.00964328 0.033769 0.0154563 0.0121548 0.0146175 0.0107885 0.0107132 0.010728 0.0160625 0.0181865 0.0320056 0.0108208 0.0121516 0.0113851 0.0166775 0.0126947 
0.0102528 0.00829309 0.00984007 0.0102027 0.00873949 0.00860269 0.00827761 0.00964909 0.0084267 0.00855494 0.00815073 0.00880943 0.00999078 0.0111557 0.00916364 0.00976838 0.00925091 0.0201437 0.0111347 0.0123658 0.00960072 0.00960471 0.0101644 0.0105905 0.0163046 0.0136081 0.0124104 0.00963512 0.0145823 0.00941872 0.013337 0.00991991 0.0278156 0.014724 0.0120148 0.0115151 0.0104124 0.0108933 0.00936243 0.0186968 0.00926488 0.00941895 0.00801183 0.0250374 0.00697782 0.00465592 0.00613724 0.00405919 0.0305103 0.123138 0 0.00378494 0.00371224 0.00371379 0.00468828 0.00740264 0.00711775 0.00863581 0.816522 0.0119614 0.011494 0.0104854 0.00986315 0.0127623 0.00921784 0.0129054 0.0152773 0.0193574 0.0116258 0.0127128 0.00963473 0.0119994 0.0130564 0.0223179 
