1UUHB
AQIDLNITCRFAGVFHVEKNGRYSISRTEAADLCKAFNSTLPTXAQXEKALSIGFETCRYGFIEGHVVIPRIHPNSICAANNTGVYILTSNTSQYDTYCFNASAPPEEDCTSVTDLPNAFDGPITITIVNRDGTRYVQKGEYRTNPEDIY
CEEEEEECCEECCEEEEEECCCCCECHHHHHHHHHHCCCECCCHHHHHHHHHCCCCCCCCEEECCEEEEEECCCECCEHHHCCEEEECCCCCCCEEEEEECCCCCCCEECCCCCCCCCCEEEEEEEEEECCCCCEEEEEEECCCCHHHHC
0 0 0 0 0 0 0 0 0 0 0 0 0 0 0 0 0 0 0 0 0 0 0 0 0 0 0 0 0 0 0 0 0 0 0 0 0 0 0 0 0 0 0 0 0 0 0 0 0 0 0 0 0 0 0 0 0 0 0 0 0 0 0 0 0 0 0 0 0 0 0 0 0 0 0 0 0 0 0 0 0 0 0 0 0 0 0 0 0 0 0 0 0 0 0 0 0 0 0 0 0 0 0 0 0 0 0 0 0 0 0 0 0 0 0 0 0 0 0 0 0 0 0 0 0 0 0 0 0 0 0 0 0 0 0 0 0 0 0 0 0 0 0 0 0 0 0 0 0 0 
0 0 0 0 0 0 0 0 0 0 0 0 0 0 0 0 0 0 0 0 0 0 0 0 0 0 0 0 0 0 0 0 0 0 0 0 0 0 0 0 0 0 0 0 0 0 0 0 0 0 0 0 0 0 0 0 0 0 0 0 0 0 0 0 0 0 0 0 0 0 0 0 0 0 0 0 0 0 0 0 0 0 0 0 0 0 0 0 0 0 0 0 0 0 0 0 0 0 0 0 0 0 0 0 0 0 0 0 0 0 0 0 0 0 0 0 0 0 0 0 0 0 0 0 0 0 0 0 0 0 0 0 0 0 0 0 0 0 0 0 0 0 0 0 0 0 0 0 0 0 
0 0.00457147 0.00383434 0.00383534 0.00507726 0.0064706 0.0133378 0.0185224 0.0208643 0.0147606 0.0352328 0.0158453 0.0321146 0.0463605 0.0226934 0.0242118 0.0120587 0.00948253 0.0120299 0.0149678 0.00983976 0.0143327 0.00971366 0.0124703 0.0126716 0.00959752 0.00989597 0.0105317 0.00916806 0.0096239 0.0124115 0.00973177 0.00913878 0.00959046 0.00976933 0.00939007 0.0124381 0.00896106 0.00947341 0.00902602 0.00825443 0.00823157 0.0085804 0.00851078 0.00931787 0.00897646 0.00994382 0.00923626 0.0118095 0.00902611 0.00830003 0.00858501 0.00825534 0.00870184 0.00868685 0.0099823 
0.00457147 0 0.00380193 0.00380748 0.00391914 0.00472927 0.00820392 0.0108397 0.0126076 0.038233 0.0119384 0.0189691 0.0247877 0.0169756 0.0166513 0.0108956 0.0146913 0.0110361 0.0112488 0.00974912 0.0338368 0.0144253 0.0207968 0.0140145 0.0116096 0.00861914 0.0091921 0.0104397 0.0115038 0.0110537 0.0103345 0.00967601 0.00922979 0.013497 0.0126279 0.0126644 0.0104669 0.00843926 0.00912716 0.00867864 0.00845081 0.00881177 0.00851625 0.0100871 0.00922702 0.0114598 0.0104614 0.0111553 0.00984388 0.00853028 0.00864387 0.00856898 0.00934803 0.00866385 0.00979611 0.00890673 
0.00383434 0.00380193 0 0.00383437 0.00378383 0.00379934 0.00512088 0.00819768 0.0206701 0.0121495 0.0265458 0.0172432 0.0230773 0.0228198 0.00882682 0.0115056 0.011023 0.0115783 0.0090645 0.0112733 0.0107763 0.055609 0.0174899 0.012388 0.00923171 0.00840382 0.00832173 0.00950301 0.0129468 0.0103557 0.0102896 0.00873854 0.0105645 0.013253 0.0260655 0.0116355 0.00942127 0.00869794 0.00829694 0.00872741 0.00852444 0.00867283 0.00987831 0.00922536 0.0143225 0.0108417 0.0138018 0.00992644 0.00995638 0.00877035 0.00840275 0.00910069 0.00884955 0.0100259 0.00875567 0.00881886 
0.00383534 0.00380748 0.00383437 0 0.00372354 0.00380065 0.00488565 0.0210241 0.0117374 0.018258 0.0173885 0.0351959 0.0121418 0.0645177 0.0102426 0.00887776 0.0114731 0.00946765 0.0105302 0.00890654 0.0343337 0.0187388 0.0448783 0.0119709 0.00999143 0.00823906 0.00837593 0.0103609 0.0122308 0.0131463 0.00949977 0.00952383 0.00948628 0.028861 0.02178 0.0126384 0.00998173 0.00832919 0.00869306 0.00869447 0.00843345 0.00970031 0.00871958 0.0129386 0.00957264 0.0173669 0.0119706 0.0124836 0.00945962 0.00852274 0.00894686 0.00870849 0.0107664 0.00914528 0.0106034 0.00860444 
0.00507726 0.00391914 0.00378383 0.00372354 0 0.00385577 0.00893454 0.0271437 0.0118718 0.0281047 0.0223942 0.0120978 0.124559 0.00876597 0.00930666 0.0165191 0.0111831 0.0200141 0.00873639 0.0143732 0.0103943 0.0225132 0.0110144 0.0130995 0.00881063 0.00878429 0.0086903 0.00975013 0.0116443 0.0103979 0.0102521 0.00899335 0.0113535 0.00972449 0.0127858 0.013475 0.00907203 0.00916258 0.0084315 0.00934153 0.00893037 0.0084923 0.00947896 0.00866575 0.0119007 0.00929058 0.0106812 0.0099532 0.00921897 0.00963743 0.00898968 0.00935284 0.00859392 0.0093614 0.00848186 0.00864386 
0.0064706 0.00472927 0.00379934 0.00380065 0.00385577 0 0.0411409 0.00613765 0.0470256 0.0241402 0.0187257 0.0764036 0.00830475 0.0108243 0.0251901 0.0154115 0.02252 0.00901107 0.0154761 0.0126662 0.0173073 0.00925467 0.0106628 0.0089736 0.0137316 0.0106401 0.0107595 0.0159875 0.0101177 0.00937003 0.00949656 0.0142069 0.00860027 0.0094198 0.0099015 0.00917911 0.0103136 0.00932892 0.00953122 0.0119727 0.00847691 0.00860954 0.00823875 0.0106966 0.00857169 0.0101202 0.00919572 0.0090819 0.00955852 0.0109449 0.00929092 0.00830829 0.00941503 0.00831371 0.00868961 0.00898443 
0.0133378 0.00820392 0.00512088 0.00488565 0.00893454 0.0411409 0 0.00546465 0.0069788 0.0923048 0.015509 0.00574863 0.00798374 0.0149886 0.0201046 0.06147 0.0126137 0.0139174 0.0130228 0.0126836 0.0114551 0.010271 0.00931534 0.0120782 0.0127639 0.0127257 0.0166688 0.0132266 0.00992256 0.00938883 0.014441 0.00924091 0.00926878 0.00886949 0.00889507 0.00970556 0.0122214 0.00959618 0.0105694 0.00928797 0.00857041 0.00830746 0.00881641 0.00844136 0.00917001 0.00878566 0.00929508 0.00959072 0.0122411 0.00946057 0.00858494 0.008856 0.00838486 0.00886116 0.00857091 0.0100998 
0.0185224 0.0108397 0.00819768 0.0210241 0.0271437 0.00613765 0.00546465 0 0.446753 0.0118014 0.00421276 0.0045502 0.00716916 0.00828253 0.0221135 0.0260805 0.0183161 0.0121279 0.0113962 0.0125061 0.0121435 0.0105795 0.00950693 0.0102947 0.0137714 0.0117548 0.0136366 0.0129922 0.0100509 0.00996632 0.0103692 0.0114558 0.00893184 0.00918649 0.00937627 0.010133 0.0106143 0.0100077 0.00922551 0.0101229 0.00831042 0.00837383 0.00821511 0.00898526 0.00852655 0.00906837 0.00905134 0.00938314 0.0104698 0.0101311 0.00863491 0.00831047 0.00866381 0.00840835 0.00854293 0.00918304 
0.0208643 0.0126076 0.0206701 0.0117374 0.0118718 0.0470256 0.0069788 0.446753 0 0.00371814 0.00370402 0.00372622 0.00391477 0.00498092 0.014427 0.0399089 0.0231414 0.0128912 0.0180587 0.0185956 0.0130658 0.0161202 0.012659 0.0171196 0.0217477 0.0104657 0.0129851 0.0144018 0.0110236 0.0113403 0.0231942 0.0104631 0.0094317 0.0109327 0.0133045 0.0130159 0.030441 0.00907456 0.0109439 0.00877012 0.00831895 0.00840953 0.00898979 0.00886083 0.00995112 0.0107737 0.0115117 0.0111207 0.0158414 0.00863371 0.00826198 0.00881504 0.00859166 0.00886098 0.00958688 0.011976 
0.0147606 0.038233 0.0121495 0.018258 0.0281047 0.0241402 0.0923048 0.0118014 0.00371814 0 0.0037665 0.00373347 0.00376644 0.00388403 0.00761916 0.0146407 0.0227817 0.0234124 0.0111579 0.010207 0.0521403 0.0266427 0.0478614 0.0222674 0.0128989 0.00858084 0.0103132 0.0130518 0.0196685 0.0188185 0.0113036 0.00962295 0.0120465 0.0238496 0.0256441 0.0457867 0.011452 0.00859292 0.00872938 0.0084999 0.00859549 0.00952332 0.0090991 0.0112723 0.0112479 0.0156627 0.0134683 0.014679 0.010598 0.00829918 0.00891976 0.00902259 0.00966294 0.00970836 0.0106958 0.00902897 
0.0352328 0.0119384 0.0265458 0.0173885 0.0223942 0.0187257 0.015509 0.00421276 0.00370402 0.0037665 0 0.00369563 0.00369199 0.00373361 0.00557261 0.0147589 0.0131235 0.0158349 0.00953317 0.0113233 0.0115339 0.0978432 0.0445792 0.017793 0.0105319 0.00840997 0.00866326 0.010632 0.0160544 0.0135182 0.0127933 0.00894244 0.0129687 0.0330221 0.100028 0.0161205 0.0108288 0.00852328 0.0082966 0.00844382 0.00872439 0.0092002 0.0123309 0.010275 0.0210383 0.0141839 0.0237374 0.0128137 0.0100098 0.00840161 0.00865085 0.00979192 0.0101302 0.0129645 0.0100512 0.00920571 
0.0158453 0.0189691 0.0172432 0.0351959 0.0120978 0.0764036 0.00574863 0.0045502 0.00372622 0.00373347 0.00369563 0 0.00369503 0.00370582 0.00670558 0.0103514 0.0129867 0.0105482 0.0114669 0.00892584 0.0338115 0.0286355 0.0535975 0.0130631 0.010365 0.00829782 0.00860015 0.0101597 0.011791 0.015193 0.00965175 0.00896766 0.0107243 0.0801199 0.0289977 0.0159738 0.00994317 0.00827319 0.00833336 0.00838645 0.00835919 0.00983865 0.00880348 0.0126516 0.0105226 0.0195856 0.0125498 0.0124483 0.00944179 0.0082736 0.00848865 0.00890078 0.0107938 0.00948441 0.0104407 0.00877106 
0.0321146 0.0247877 0.0230773 0.0121418 0.124559 0.00830475 0.00798374 0.00716916 0.00391477 0.00376644 0.00369199 0.00369503 0 0.00378734 0.0133246 0.0193881 0.0130366 0.0282488 0.00901455 0.0130346 0.0178484 0.0207647 0.0117707 0.0175131 0.00923422 0.00886651 0.00910581 0.01029 0.0122332 0.0112766 0.00986529 0.00918645 0.0271304 0.0104826 0.0133023 0.0137903 0.00917997 0.00860841 0.00848731 0.00890137 0.00865177 0.00836174 0.00877149 0.00866429 0.0108278 0.00918657 0.0104419 0.00955658 0.00882152 0.00887434 0.00891036 0.00878615 0.00856477 0.00879287 0.00853956 0.00845693 
0.0463605 0.0169756 0.0228198 0.0645177 0.00876597 0.0108243 0.0149886 0.00828253 0.00498092 0.00388403 0.00373361 0.00370582 0.00378734 0 0.0928725 0.0154194 0.0225996 0.0093516 0.0130928 0.0190126 0.0136577 0.0096569 0.010053 0.00885636 0.0120709 0.010748 0.0106316 0.013528 0.0102779 0.00941237 0.00958625 0.0184017 0.00879378 0.00918171 0.00951518 0.00905608 0.00927534 0.00984841 0.00906021 0.0113291 0.00863322 0.00829132 0.00817304 0.00898914 0.00846654 0.0088713 0.00903975 0.00868622 0.00957902 0.0108234 0.00890588 0.00817262 0.00839776 0.00821146 0.00827977 0.00877194 
0.0226934 0.0166513 0.00882682 0.0102426 0.00930666 0.0251901 0.0201046 0.0221135 0.014427 0.00761916 0.00557261 0.00670558 0.0133246 0.0928725 0 0.180658 0.0211121 0.0140652 0.0278418 0.0162094 0.0144517 0.00994902 0.00968594 0.011052 0.0172752 0.0334258 0.0656927 0.0139081 0.0097825 0.00975331 0.0159862 0.0161718 0.00988638 0.00914064 0.00924112 0.00953472 0.0134442 0.0104951 0.0138813 0.0109497 0.00836726 0.00814695 0.00817404 0.00888081 0.00822162 0.00885713 0.00844903 0.00876397 0.0119952 0.0108483 0.00835487 0.00818434 0.00853108 0.00812383 0.00840759 0.0104439 
0.0242118 0.0108956 0.0115056 0.00887776 0.0165191 0.0154115 0.06147 0.0260805 0.0399089 0.0146407 0.0147589 0.0103514 0.0193881 0.0154194 0.180658 0 0.0430016 0.0193661 0.0222338 0.0233651 0.0107162 0.0117746 0.0131328 0.0138163 0.0189279 0.0382447 0.0543231 0.0148402 0.00998815 0.0109027 0.0192597 0.0151304 0.00896229 0.0086405 0.00898818 0.010555 0.0140389 0.0172994 0.0109598 0.0118434 0.00876447 0.00820793 0.00920722 0.00830175 0.00963696 0.00860844 0.00950534 0.00958203 0.0149221 0.012668 0.00860114 0.00900959 0.00833455 0.00902424 0.00886329 0.0122064 
0.0120587 0.0146913 0.011023 0.0114731 0.0111831 0.02252 0.0126137 0.0183161 0.0231414 0.0227817 0.0131235 0.0129867 0.0130366 0.0225996 0.0211121 0.0430016 0 0.00434593 0.00429742 0.00640651 0.00858921 0.669919 0.0200967 0.0190429 0.0158121 0.00987802 0.00981805 0.0183942 0.0137985 0.0133881 0.0299577 0.0147738 0.0103914 0.0122515 0.0120728 0.0125423 0.026291 0.0125889 0.013082 0.0102959 0.00887171 0.00892214 0.00918861 0.00931052 0.00966297 0.0109566 0.0113128 0.012585 0.0221114 0.00947657 0.00874464 0.00903386 0.00900477 0.00902808 0.0102838 0.0142769 
0.00948253 0.0110361 0.0115783 0.00946765 0.0200141 0.00901107 0.0139174 0.0121279 0.0128912 0.0234124 0.0158349 0.0105482 0.0282488 0.0093516 0.0140652 0.0193661 0.00434593 0 0.00389245 0.00441639 0.849162 0.00591694 0.014141 0.0199619 0.00850895 0.00673819 0.00857441 0.0113879 0.0238246 0.0200519 0.0116107 0.00960649 0.0196737 0.0105769 0.0117564 0.0479906 0.0102434 0.0108433 0.00938457 0.00892453 0.00897666 0.00868517 0.00879604 0.00880132 0.010358 0.0096772 0.0114381 0.0152279 0.0104573 0.00868434 0.00869268 0.00865893 0.00847876 0.00918637 0.0110675 0.00899953 
0.0120299 0.0112488 0.0090645 0.0105302 0.00873639 0.0154761 0.0130228 0.0113962 0.0180587 0.0111579 0.00953317 0.0114669 0.00901455 0.0130928 0.0278418 0.0222338 0.00429742 0.00389245 0 0.914751 0.00850327 0.00479874 0.00813699 0.00472594 0.00582319 0.00697316 0.00740479 0.0157308 0.0111108 0.0104087 0.0119177 0.0239431 0.00911184 0.0100381 0.0103266 0.0110371 0.0139305 0.0110123 0.0109929 0.0134262 0.00900544 0.00874831 0.0085453 0.0104964 0.00888534 0.0102257 0.0094382 0.0100711 0.0119278 0.0124594 0.00939891 0.00851333 0.00898704 0.00861453 0.0091071 0.0097606 
0.0149678 0.00974912 0.0112733 0.00890654 0.0143732 0.0126662 0.0126836 0.0125061 0.0185956 0.010207 0.0113233 0.00892584 0.0130346 0.0190126 0.0162094 0.0233651 0.00640651 0.00441639 0.914751 0 0.00373478 0.00374125 0.00370807 0.00382885 0.00403249 0.00638037 0.00763769 0.0106412 0.0107423 0.0100117 0.0378126 0.0121318 0.0114257 0.0090607 0.00985441 0.0110811 0.0254499 0.0121894 0.0121591 0.010477 0.0096066 0.008703 0.0108636 0.00869353 0.0122757 0.00921174 0.0117661 0.0104981 0.0217608 0.0108122 0.00867308 0.00984114 0.00848097 0.0102322 0.00936394 0.0155132 
0.00983976 0.0338368 0.0107763 0.0343337 0.0103943 0.0173073 0.0114551 0.0121435 0.0130658 0.0521403 0.0115339 0.0338115 0.0178484 0.0136577 0.0144517 0.0107162 0.00858921 0.849162 0.00850327 0.00373478 0 0.00393784 0.00370026 0.00458726 0.00379731 0.00538518 0.0057046 0.0113239 0.0146924 0.0260087 0.0112929 0.0280563 0.0121972 0.0173242 0.0140038 0.031881 0.0131215 0.0106961 0.0117234 0.0106555 0.00951463 0.0109783 0.00921632 0.0190007 0.00983496 0.0246811 0.0128122 0.0204953 0.0126668 0.00906338 0.0104031 0.00885541 0.0127167 0.00961384 0.0155816 0.00947547 
0.0143327 0.0144253 0.055609 0.0187388 0.0225132 0.00925467 0.010271 0.0105795 0.0161202 0.0266427 0.0978432 0.0286355 0.0207647 0.0096569 0.00994902 0.0117746 0.669919 0.00591694 0.00479874 0.00374125 0.00393784 0 0.0037465 0.00369917 0.00372459 0.00397038 0.00449103 0.00948519 0.0224439 0.0130657 0.27532 0.0105346 0.0192913 0.0218768 0.0713947 0.0206298 0.0122834 0.00932614 0.0089184 0.00941189 0.0105372 0.0108744 0.02239 0.0115038 0.0484135 0.0191168 0.0696168 0.0159566 0.0124477 0.00935508 0.00948708 0.0148621 0.0124245 0.032323 0.011389 0.0105945 
0.00971366 0.0207968 0.0174899 0.0448783 0.0110144 0.0106628 0.00931534 0.00950693 0.012659 0.0478614 0.0445792 0.0535975 0.0117707 0.010053 0.00968594 0.0131328 0.0200967 0.014141 0.00813699 0.00370807 0.00370026 0.0037465 0 0.00369246 0.00370914 0.00378726 0.00406963 0.0143756 0.0105489 0.27874 0.010212 0.0101629 0.0125906 0.0532348 0.0253314 0.0218197 0.0111005 0.00887321 0.00869012 0.0093779 0.00929744 0.0150697 0.0107437 0.0218364 0.0155642 0.0518755 0.0295707 0.0235117 0.0108384 0.00902275 0.00960077 0.0110142 0.0200388 0.0144823 0.014123 0.00920311 
0.0124703 0.0140145 0.012388 0.0119709 0.0130995 0.0089736 0.0120782 0.0102947 0.0171196 0.0222674 0.017793 0.0130631 0.0175131 0.00885636 0.011052 0.0138163 0.0190429 0.0199619 0.00472594 0.00382885 0.00458726 0.00369917 0.00369246 0 0.00370112 0.00427816 0.00435895 0.00927851 0.33844 0.0121952 0.01137 0.0111796 0.0203319 0.0131869 0.0165156 0.0244322 0.0117814 0.0103585 0.00976534 0.0103994 0.0109459 0.00902969 0.012468 0.0100056 0.0151742 0.0121438 0.0152945 0.0188903 0.0106713 0.0103857 0.0104733 0.010228 0.0094668 0.0105268 0.0126207 0.0092564 
0.0126716 0.0116096 0.00923171 0.00999143 0.00881063 0.0137316 0.0127639 0.0137714 0.0217477 0.0128989 0.0105319 0.010365 0.00923422 0.0120709 0.0172752 0.0189279 0.0158121 0.00850895 0.00582319 0.00403249 0.00379731 0.00372459 0.00370914 0.00370112 0 0.0112449 0.00455526 0.315173 0.00983984 0.0142434 0.0132381 0.0507465 0.0105745 0.0104182 0.00998652 0.0138472 0.0153118 0.0121918 0.0120796 0.0201579 0.00936646 0.00910108 0.00889862 0.0110071 0.00932002 0.0110547 0.0111076 0.013014 0.0156606 0.0133504 0.011239 0.00879413 0.00933762 0.0089775 0.00971478 0.0116063 
0.00959752 0.00861914 0.00840382 0.00823906 0.00878429 0.0106401 0.0127257 0.0117548 0.0104657 0.00858084 0.00840997 0.00829782 0.00886651 0.010748 0.0334258 0.0382447 0.00987802 0.00673819 0.00697316 0.00638037 0.00538518 0.00397038 0.00378726 0.00427816 0.0112449 0 0.657932 0.00697332 0.00791532 0.0075954 0.0147899 0.0101405 0.0080009 0.00776179 0.00837426 0.00904813 0.0131023 0.0123986 0.0158031 0.0112631 0.0088817 0.00843565 0.00858147 0.0086373 0.00858388 0.00871641 0.0086491 0.0093407 0.0145306 0.011758 0.00862854 0.00846532 0.00831425 0.00825608 0.00857172 0.0117828 
0.00989597 0.0091921 0.00832173 0.00837593 0.0086903 0.0107595 0.0166688 0.0136366 0.0129851 0.0103132 0.00866326 0.00860015 0.00910581 0.0106316 0.0656927 0.0543231 0.00981805 0.00857441 0.00740479 0.00763769 0.0057046 0.00449103 0.00406963 0.00435895 0.00455526 0.657932 0 0.00773802 0.00407065 0.00554531 0.00513507 0.00994775 0.00697064 0.00655695 0.00750502 0.00878285 0.0186558 0.0196346 0.015681 0.0162407 0.00890226 0.00833598 0.00853926 0.00869515 0.00877236 0.008914 0.00895376 0.00964441 0.0147036 0.0132036 0.00896829 0.0083799 0.00836817 0.00838287 0.00895458 0.010986 
0.0105317 0.0104397 0.00950301 0.0103609 0.00975013 0.0159875 0.0132266 0.0129922 0.0144018 0.0130518 0.010632 0.0101597 0.01029 0.013528 0.0139081 0.0148402 0.0183942 0.0113879 0.0157308 0.0106412 0.0113239 0.00948519 0.0143756 0.00927851 0.315173 0.00697332 0.00773802 0 0.00385384 0.0037923 0.00418246 0.0113187 0.00731228 0.0106414 0.0347605 0.02383 0.0446839 0.0123367 0.0157872 0.0127558 0.00970798 0.00934653 0.00973537 0.0110555 0.0102144 0.0133029 0.011815 0.0144237 0.0244037 0.0137715 0.0100191 0.00944739 0.0105604 0.00975421 0.0115277 0.0174045 
0.00916806 0.0115038 0.0129468 0.0122308 0.0116443 0.0101177 0.00992256 0.0100509 0.0110236 0.0196685 0.0160544 0.011791 0.0122332 0.0102779 0.0097825 0.00998815 0.0137985 0.0238246 0.0111108 0.0107423 0.0146924 0.0224439 0.0105489 0.33844 0.00983984 0.00791532 0.00407065 0.00385384 0 0.00482928 0.00382106 0.00802486 0.0125486 0.0277249 0.0211955 0.0226463 0.0149144 0.0106506 0.0104106 0.0102273 0.0106195 0.0107655 0.0107518 0.0114299 0.0150164 0.0148554 0.0234673 0.0214783 0.0142543 0.00957133 0.0108499 0.0132405 0.010674 0.0136877 0.0150147 0.0112029 
0.0096239 0.0110537 0.0103557 0.0131463 0.0103979 0.00937003 0.00938883 0.00996632 0.0113403 0.0188185 0.0135182 0.015193 0.0112766 0.00941237 0.00975331 0.0109027 0.0133881 0.0200519 0.0104087 0.0100117 0.0260087 0.0130657 0.27874 0.0121952 0.0142434 0.0075954 0.00554531 0.0037923 0.00482928 0 0.00378628 0.0229744 0.0460066 0.0269195 0.0197972 0.0168831 0.0105274 0.0100691 0.00985621 0.0103956 0.0100358 0.0101106 0.00947739 0.0139823 0.0109251 0.0232486 0.0175879 0.0274182 0.0124625 0.0101546 0.0115448 0.00945623 0.0113824 0.0114268 0.0179587 0.0104964 
0.0124115 0.0103345 0.0102896 0.00949977 0.0102521 0.00949656 0.014441 0.0103692 0.0231942 0.0113036 0.0127933 0.00965175 0.00986529 0.00958625 0.0159862 0.0192597 0.0299577 0.0116107 0.0119177 0.0378126 0.0112929 0.27532 0.010212 0.01137 0.0132381 0.0147899 0.00513507 0.00418246 0.00382106 0.00378628 0 0.0498145 0.0262159 0.0101647 0.00851929 0.0107619 0.0106095 0.0147643 0.0116851 0.0180343 0.0105897 0.00919761 0.0109508 0.00992799 0.0139657 0.0107648 0.0135707 0.0155736 0.0193187 0.02052 0.010744 0.0108643 0.00967605 0.0108051 0.0109333 0.015562 
0.00973177 0.00967601 0.00873854 0.00952383 0.00899335 0.0142069 0.00924091 0.0114558 0.0104631 0.00962295 0.00894244 0.00896766 0.00918645 0.0184017 0.0161718 0.0151304 0.0147738 0.00960649 0.0239431 0.0121318 0.0280563 0.0105346 0.0101629 0.0111796 0.0507465 0.0101405 0.00994775 0.0113187 0.00802486 0.0229744 0.0498145 0 0.00378832 0.00369719 0.00373665 0.00376712 0.00472651 0.00926107 0.0148859 0.0151326 0.0101091 0.00926124 0.00950363 0.0114514 0.00962726 0.0126897 0.0110461 0.0129602 0.0322967 0.0139533 0.0111505 0.00959627 0.0111824 0.00943904 0.0116522 0.0196273 
0.00913878 0.00922979 0.0105645 0.00948628 0.0113535 0.00860027 0.00926878 0.00893184 0.0094317 0.0120465 0.0129687 0.0107243 0.0271304 0.00879378 0.00988638 0.00896229 0.0103914 0.0196737 0.00911184 0.0114257 0.0121972 0.0192913 0.0125906 0.0203319 0.0105745 0.0080009 0.00697064 0.00731228 0.0125486 0.0460066 0.0262159 0.00378832 0 0.00369194 0.00370616 0.0038271 0.00375314 0.00907877 0.00766981 0.00960486 0.0134758 0.00932634 0.0102897 0.00944111 0.013397 0.0114472 0.0167345 0.0183272 0.0118271 0.00962817 0.00968717 0.0107063 0.00988557 0.0137252 0.0167695 0.0103532 
0.00959046 0.013497 0.013253 0.028861 0.00972449 0.0094198 0.00886949 0.00918649 0.0109327 0.0238496 0.0330221 0.0801199 0.0104826 0.00918171 0.00914064 0.0086405 0.0122515 0.0105769 0.0100381 0.0090607 0.0173242 0.0218768 0.0532348 0.0131869 0.0104182 0.00776179 0.00655695 0.0106414 0.0277249 0.0269195 0.0101647 0.00369719 0.00369194 0 0.00372281 0.00369977 0.00371747 0.006683 0.00811392 0.0103615 0.0099165 0.0134091 0.0106408 0.0183438 0.0134967 0.0318136 0.0235875 0.019802 0.0111458 0.00888356 0.0104759 0.0110511 0.0184416 0.0187717 0.0174619 0.0108728 
0.00976933 0.0126279 0.0260655 0.02178 0.0127858 0.0099015 0.00889507 0.00937627 0.0133045 0.0256441 0.100028 0.0289977 0.0133023 0.00951518 0.00924112 0.00898818 0.0120728 0.0117564 0.0103266 0.00985441 0.0140038 0.0713947 0.0253314 0.0165156 0.00998652 0.00837426 0.00750502 0.0347605 0.0211955 0.0197972 0.00851929 0.00373665 0.00370616 0.00372281 0 0.00370404 0.00372232 0.00856457 0.0111482 0.0115469 0.0122504 0.0147674 0.0156954 0.0177712 0.0258804 0.0310921 0.0443403 0.0218058 0.0140657 0.00935875 0.0101056 0.0175091 0.0191431 0.0263958 0.0158013 0.0126194 
0.00939007 0.0126644 0.0116355 0.0126384 0.013475 0.00917911 0.00970556 0.010133 0.0130159 0.0457867 0.0161205 0.0159738 0.0137903 0.00905608 0.00953472 0.010555 0.0125423 0.0479906 0.0110371 0.0110811 0.031881 0.0206298 0.0218197 0.0244322 0.0138472 0.00904813 0.00878285 0.02383 0.0226463 0.0168831 0.0107619 0.00376712 0.0038271 0.00369977 0.00370404 0 0.00372807 0.0257258 0.0641035 0.0138887 0.0159592 0.012548 0.0123845 0.0158071 0.0221505 0.0226161 0.0239583 0.0705131 0.0165043 0.0107933 0.0150278 0.0134139 0.0131907 0.0145598 0.0517587 0.0132314 
0.0124381 0.0104669 0.00942127 0.00998173 0.00907203 0.0103136 0.0122214 0.0106143 0.030441 0.011452 0.0108288 0.00994317 0.00917997 0.00927534 0.0134442 0.0140389 0.026291 0.0102434 0.0139305 0.0254499 0.0131215 0.0122834 0.0111005 0.0117814 0.0153118 0.0131023 0.0186558 0.0446839 0.0149144 0.0105274 0.0106095 0.00472651 0.00375314 0.00371747 0.00372232 0.00372807 0 0.104825 0.0213215 0.0269375 0.011714 0.00977571 0.0108675 0.0132764 0.0114678 0.0128898 0.0149309 0.0149761 0.0252808 0.0223549 0.0120682 0.00999243 0.0104706 0.0103953 0.0121312 0.0182378 
0.00896106 0.00843926 0.00869794 0.00832919 0.00916258 0.00932892 0.00959618 0.0100077 0.00907456 0.00859292 0.00852328 0.00827319 0.00860841 0.00984841 0.0104951 0.0172994 0.0125889 0.0108433 0.0110123 0.0121894 0.0106961 0.00932614 0.00887321 0.0103585 0.0121918 0.0123986 0.0196346 0.0123367 0.0106506 0.0100691 0.0147643 0.00926107 0.00907877 0.006683 0.00856457 0.0257258 0.104825 0 0.0152913 0.0132882 0.0155846 0.00832417 0.0102219 0.00832185 0.0118168 0.00902536 0.0107008 0.0117346 0.022872 0.0127765 0.00994374 0.00977678 0.00907928 0.0100447 0.010355 0.0150474 
0.00947341 0.00912716 0.00829694 0.00869306 0.0084315 0.00953122 0.0105694 0.00922551 0.0109439 0.00872938 0.0082966 0.00833336 0.00848731 0.00906021 0.0138813 0.0109598 0.013082 0.00938457 0.0109929 0.0121591 0.0117234 0.0089184 0.00869012 0.00976534 0.0120796 0.0158031 0.015681 0.0157872 0.0104106 0.00985621 0.0116851 0.0148859 0.00766981 0.00811392 0.0111482 0.0641035 0.0213215 0.0152913 0 0.0683041 0.00987185 0.0081069 0.00773749 0.0107979 0.00799661 0.00979335 0.00914716 0.0183822 0.0147546 0.0164626 0.0118038 0.00900812 0.0107917 0.00878351 0.0117686 0.0126349 
0.00902602 0.00867864 0.00872741 0.00869447 0.00934153 0.0119727 0.00928797 0.0101229 0.00877012 0.0084999 0.00844382 0.00838645 0.00890137 0.0113291 0.0109497 0.0118434 0.0102959 0.00892453 0.0134262 0.010477 0.0106555 0.00941189 0.0093779 0.0103994 0.0201579 0.0112631 0.0162407 0.0127558 0.0102273 0.0103956 0.0180343 0.0151326 0.00960486 0.0103615 0.0115469 0.0138887 0.0269375 0.0132882 0.0683041 0 0.00470908 0.00383863 0.0040067 0.00414543 0.00462565 0.00510874 0.00740301 0.00981773 0.0188702 0.012398 0.00930836 0.00946862 0.00982742 0.00943324 0.0108722 0.0273104 
0.00825443 0.00845081 0.00852444 0.00843345 0.00893037 0.00847691 0.00857041 0.00831042 0.00831895 0.00859549 0.00872439 0.00835919 0.00865177 0.00863322 0.00836726 0.00876447 0.00887171 0.00897666 0.00900544 0.0096066 0.00951463 0.0105372 0.00929744 0.0109459 0.00936646 0.0088817 0.00890226 0.00970798 0.0106195 0.0100358 0.0105897 0.0101091 0.0134758 0.0099165 0.0122504 0.0159592 0.011714 0.0155846 0.00987185 0.00470908 0 0.00417253 0.00379197 0.00380274 0.00380775 0.00429338 0.00525812 0.00816316 0.0074149 0.00864241 0.00876765 0.00847973 0.0085246 0.00923612 0.0125587 0.0102726 
0.00823157 0.00881177 0.00867283 0.00970031 0.0084923 0.00860954 0.00830746 0.00837383 0.00840953 0.00952332 0.0092002 0.00983865 0.00836174 0.00829132 0.00814695 0.00820793 0.00892214 0.00868517 0.00874831 0.008703 0.0109783 0.0108744 0.0150697 0.00902969 0.00910108 0.00843565 0.00833598 0.00934653 0.0107655 0.0101106 0.00919761 0.00926124 0.00932634 0.0134091 0.0147674 0.012548 0.00977571 0.00832417 0.0081069 0.00383863 0.00417253 0 0.00370658 0.00377649 0.00379668 0.0038439 0.00407182 0.00456914 0.00584862 0.00827948 0.00826001 0.00871577 0.00984713 0.0089002 0.00977957 0.0136149 
0.0085804 0.00851625 0.00987831 0.00871958 0.00947896 0.00823875 0.00881641 0.00821511 0.00898979 0.0090991 0.0123309 0.00880348 0.00877149 0.00817304 0.00817404 0.00920722 0.00918861 0.00879604 0.0085453 0.0108636 0.00921632 0.02239 0.0107437 0.012468 0.00889862 0.00858147 0.00853926 0.00973537 0.0107518 0.00947739 0.0109508 0.00950363 0.0102897 0.0106408 0.0156954 0.0123845 0.0108675 0.0102219 0.00773749 0.0040067 0.00379197 0.00370658 0 0.00372316 0.00378252 0.00381349 0.00376658 0.00404502 0.00476407 0.00961321 0.0083478 0.0102935 0.00818909 0.0139657 0.0187442 0.271539 
0.00851078 0.0100871 0.00922536 0.0129386 0.00866575 0.0106966 0.00844136 0.00898526 0.00886083 0.0112723 0.010275 0.0126516 0.00866429 0.00898914 0.00888081 0.00830175 0.00931052 0.00880132 0.0104964 0.00869353 0.0190007 0.0115038 0.0218364 0.0100056 0.0110071 0.0086373 0.00869515 0.0110555 0.0114299 0.0139823 0.00992799 0.0114514 0.00944111 0.0183438 0.0177712 0.0158071 0.0132764 0.00832185 0.0107979 0.00414543 0.00380274 0.00377649 0.00372316 0 0.00371588 0.00380153 0.00380195 0.00378456 0.00428392 0.00915431 0.0100593 0.00862126 0.0173291 0.0169469 0.77171 0.0295013 
0.00931787 0.00922702 0.0143225 0.00957264 0.0119007 0.00857169 0.00917001 0.00852655 0.00995112 0.0112479 0.0210383 0.0105226 0.0108278 0.00846654 0.00822162 0.00963696 0.00966297 0.010358 0.00888534 0.0122757 0.00983496 0.0484135 0.0155642 0.0151742 0.00932002 0.00858388 0.00877236 0.0102144 0.0150164 0.0109251 0.0139657 0.00962726 0.013397 0.0134967 0.0258804 0.0221505 0.0114678 0.0118168 0.00799661 0.00462565 0.00380775 0.00379668 0.00378252 0.00371588 0 0.00373077 0.00377577 0.00383444 0.00397964 0.00949986 0.00935039 0.0158247 0.00929174 0.85237 0.0232282 0.0139474 
0.00897646 0.0114598 0.0108417 0.0173669 0.00929058 0.0101202 0.00878566 0.00906837 0.0107737 0.0156627 0.0141839 0.0195856 0.00918657 0.0088713 0.00885713 0.00860844 0.0109566 0.0096772 0.0102257 0.00921174 0.0246811 0.0191168 0.0518755 0.0121438 0.0110547 0.00871641 0.008914 0.0133029 0.0148554 0.0232486 0.0107648 0.0126897 0.0114472 0.0318136 0.0310921 0.0226161 0.0128898 0.00902536 0.00979335 0.00510874 0.00429338 0.0038439 0.00381349 0.00380153 0.00373077 0 0.00377602 0.00379707 0.0038309 0.0101067 0.0141894 0.0101807 0.840562 0.021778 0.0184541 0.0109862 
0.00994382 0.0104614 0.0138018 0.0119706 0.0106812 0.00919572 0.00929508 0.00905134 0.0115117 0.0134683 0.0237374 0.0125498 0.0104419 0.00903975 0.00844903 0.00950534 0.0113128 0.0114381 0.0094382 0.0117661 0.0128122 0.0696168 0.0295707 0.0152945 0.0111076 0.0086491 0.00895376 0.011815 0.0234673 0.0175879 0.0135707 0.0110461 0.0167345 0.0235875 0.0443403 0.0239583 0.0149309 0.0107008 0.00914716 0.00740301 0.00525812 0.00407182 0.00376658 0.00380195 0.00377577 0.00377602 0 0.00375705 0.00378777 0.0149015 0.0105899 0.849131 0.0185548 0.0192074 0.0106986 0.0139492 
0.00923626 0.0111553 0.00992644 0.0124836 0.0099532 0.0090819 0.00959072 0.00938314 0.0111207 0.014679 0.0128137 0.0124483 0.00955658 0.00868622 0.00876397 0.00958203 0.012585 0.0152279 0.0100711 0.0104981 0.0204953 0.0159566 0.0235117 0.0188903 0.013014 0.0093407 0.00964441 0.0144237 0.0214783 0.0274182 0.0155736 0.0129602 0.0183272 0.019802 0.0218058 0.0705131 0.0149761 0.0117346 0.0183822 0.00981773 0.00816316 0.00456914 0.00404502 0.00378456 0.00383444 0.00379707 0.00375705 0 0.00386582 0.0150398 0.835906 0.0153065 0.0146932 0.00991569 0.0256524 0.0137601 
0.0118095 0.00984388 0.00995638 0.00945962 0.00921897 0.00955852 0.0122411 0.0104698 0.0158414 0.010598 0.0100098 0.00944179 0.00882152 0.00957902 0.0119952 0.0149221 0.0221114 0.0104573 0.0119278 0.0217608 0.0126668 0.0124477 0.0108384 0.0106713 0.0156606 0.0145306 0.0147036 0.0244037 0.0142543 0.0124625 0.0193187 0.0322967 0.0118271 0.0111458 0.0140657 0.0165043 0.0252808 0.022872 0.0147546 0.0188702 0.0074149 0.00584862 0.00476407 0.00428392 0.00397964 0.0038309 0.00378777 0.00386582 0 0.901102 0.0203012 0.00976145 0.00807049 0.0100784 0.0104256 0.0279316 
0.00902611 0.00853028 0.00877035 0.00852274 0.00963743 0.0109449 0.00946057 0.0101311 0.00863371 0.00829918 0.00840161 0.0082736 0.00887434 0.0108234 0.0108483 0.012668 0.00947657 0.00868434 0.0124594 0.0108122 0.00906338 0.00935508 0.00902275 0.0103857 0.0133504 0.011758 0.0132036 0.0137715 0.00957133 0.0101546 0.02052 0.0139533 0.00962817 0.00888356 0.00935875 0.0107933 0.0223549 0.0127765 0.0164626 0.012398 0.00864241 0.00827948 0.00961321 0.00915431 0.00949986 0.0101067 0.0149015 0.0150398 0.901102 0 0.00444565 0.00400568 0.00404918 0.00414149 0.00510882 0.0130132 
0.00830003 0.00864387 0.00840275 0.00894686 0.00898968 0.00929092 0.00858494 0.00863491 0.00826198 0.00891976 0.00865085 0.00848865 0.00891036 0.00890588 0.00835487 0.00860114 0.00874464 0.00869268 0.00939891 0.00867308 0.0104031 0.00948708 0.00960077 0.0104733 0.011239 0.00862854 0.00896829 0.0100191 0.0108499 0.0115448 0.010744 0.0111505 0.00968717 0.0104759 0.0101056 0.0150278 0.0120682 0.00994374 0.0118038 0.00930836 0.00876765 0.00826001 0.0083478 0.0100593 0.00935039 0.0141894 0.0105899 0.835906 0.0203012 0.00444565 0 0.00373189 0.00388083 0.00378599 0.00417591 0.00536995 
0.00858501 0.00856898 0.00910069 0.00870849 0.00935284 0.00830829 0.008856 0.00831047 0.00881504 0.00902259 0.00979192 0.00890078 0.00878615 0.00817262 0.00818434 0.00900959 0.00903386 0.00865893 0.00851333 0.00984114 0.00885541 0.0148621 0.0110142 0.010228 0.00879413 0.00846532 0.0083799 0.00944739 0.0132405 0.00945623 0.0108643 0.00959627 0.0107063 0.0110511 0.0175091 0.0134139 0.00999243 0.00977678 0.00900812 0.00946862 0.00847973 0.00871577 0.0102935 0.00862126 0.0158247 0.0101807 0.849131 0.0153065 0.00976145 0.00400568 0.00373189 0 0.00377621 0.00378517 0.00383576 0.0041637 
0.00825534 0.00934803 0.00884955 0.0107664 0.00859392 0.00941503 0.00838486 0.00866381 0.00859166 0.00966294 0.0101302 0.0107938 0.00856477 0.00839776 0.00853108 0.00833455 0.00900477 0.00847876 0.00898704 0.00848097 0.0127167 0.0124245 0.0200388 0.0094668 0.00933762 0.00831425 0.00836817 0.0105604 0.010674 0.0113824 0.00967605 0.0111824 0.00988557 0.0184416 0.0191431 0.0131907 0.0104706 0.00907928 0.0107917 0.00982742 0.0085246 0.00984713 0.00818909 0.0173291 0.00929174 0.840562 0.0185548 0.0146932 0.00807049 0.00404918 0.00388083 0.00377621 0 0.00372474 0.00375699 0.00403759 
0.00870184 0.00866385 0.0100259 0.00914528 0.0093614 0.00831371 0.00886116 0.00840835 0.00886098 0.00970836 0.0129645 0.00948441 0.00879287 0.00821146 0.00812383 0.00902424 0.00902808 0.00918637 0.00861453 0.0102322 0.00961384 0.032323 0.0144823 0.0105268 0.0089775 0.00825608 0.00838287 0.00975421 0.0136877 0.0114268 0.0108051 0.00943904 0.0137252 0.0187717 0.0263958 0.0145598 0.0103953 0.0100447 0.00878351 0.00943324 0.00923612 0.0089002 0.0139657 0.0169469 0.85237 0.021778 0.0192074 0.00991569 0.0100784 0.00414149 0.00378599 0.00378517 0.00372474 0 0.00371795 0.00383452 
0.00868685 0.00979611 0.00875567 0.0106034 0.00848186 0.00868961 0.00857091 0.00854293 0.00958688 0.0106958 0.0100512 0.0104407 0.00853956 0.00827977 0.00840759 0.00886329 0.0102838 0.0110675 0.0091071 0.00936394 0.0155816 0.011389 0.014123 0.0126207 0.00971478 0.00857172 0.00895458 0.0115277 0.0150147 0.0179587 0.0109333 0.0116522 0.0167695 0.0174619 0.0158013 0.0517587 0.0121312 0.010355 0.0117686 0.0108722 0.0125587 0.00977957 0.0187442 0.77171 0.0232282 0.0184541 0.0106986 0.0256524 0.0104256 0.00510882 0.00417591 0.00383576 0.00375699 0.00371795 0 0.00388928 
0.0099823 0.00890673 0.00881886 0.00860444 0.00864386 0.00898443 0.0100998 0.00918304 0.011976 0.00902897 0.00920571 0.00877106 0.00845693 0.00877194 0.0104439 0.0122064 0.0142769 0.00899953 0.0097606 0.0155132 0.00947547 0.0105945 0.00920311 0.0092564 0.0116063 0.0117828 0.010986 0.0174045 0.0112029 0.0104964 0.015562 0.0196273 0.0103532 0.0108728 0.0126194 0.0132314 0.0182378 0.0150474 0.0126349 0.0273104 0.0102726 0.0136149 0.271539 0.0295013 0.0139474 0.0109862 0.0139492 0.0137601 0.0279316 0.0130132 0.00536995 0.0041637 0.00403759 0.00383452 0.00388928 0 
