1UUTA
MATFYEVIVRVPFDVEEHLPGISDSFVDWVTGQIWELPPESDLNLTLVEQPQLTVADRIRRVFLYEWNKFSKQESKFFVQFEKGSEYFHLHTLVETSGISSMVLGRYVSQIRAQLVKVVFQGIEPQINDWVAITKVKKGGANKVVDSGYIPAYLLPKVQPELQWAWTNLDEYKLAALNLEERKRLVAQFLAESSQ
CCCEEEEEEECCCCHHHHCCCCCHHHHHHHHHCCCCCCCCCCCCHHHCCHHHHHHHHHHHHHHHHHHHHHHCCCCCEEEEEEECCCCEEEEEEEECCCCCHHHHHHHHHHHHHHHHHHCCCCCCCCCCCCEEECECCCCCCECCECCCHHHHHCCCCCCCCEEEEEECCHHHCCHHHCHHHHHHHHHHHHHHHHC
0 0 0 0 0 0 0 0 0 0 0 0 0 0 0 0 0 0 0 0 0 0 0 0 0 0 0 0 0 0 0 0 0 0 0 0 0 0 0 0 0 0 0 0 0 0 0 0 0 0 0 0 0 0 0 0 0 0 0 0 0 0 0 0 0 0 0 0 0 0 0 0 0 0 0 0 0 0 0 0 0 0 0 0 0 0 0 0 0 0 0 0 0 0 0 0 0 0 0 0 0 0 0 0 0 0 0 0 0 0 0 0 0 0 0 0 0 0 0 0 0 0 0 0 0 0 0 0 0 0 0 0 0 0 0 0 0 0 0 0 0 0 0 0 0 0 0 0 0 0 0 0 0 0 0 0 0 0 0 0 0 0 0 0 0 0 0 0 0 0 0 0 0 0 0 0 0 0 0 0 0 0 0 0 0 0 0 0 0 0 0 0 0 0 0 
0 0 0 0 0 0 0 0 0 0 0 0 0 0 0 0 0 0 0 0 0 0 0 0 0 0 0 0 0 0 0 0 0 0 0 0 0 0 0 0 0 0 0 0 0 0 0 0 0 0 0 0 0 0 0 0 0 0 0 0 0 0 0 0 0 0 0 0 0 0 0 0 0 0 0 0 0 0 0 0 0 0 0 0 0 0 0 0 0 0 0 0 0 0 0 0 0 0 0 0 0 0 0 0 0 0 0 0 0 0 0 0 0 0 0 0 0 0 0 0 0 0 0 0 0 0 0 0 0 0 0 0 0 0 0 0 0 0 0 0 0 0 0 0 0 0 0 0 0 0 0 0 0 0 0 0 0 0 0 0 0 0 0 0 0 0 0 0 0 0 0 0 0 0 0 0 0 0 0 0 0 0 0 0 0 0 0 0 0 0 0 0 0 0 0 
0 0.00398058 0.00378942 0.00387277 0.00451368 0.00437516 0.0120699 0.0311293 0.0105611 0.0107392 0.00921444 0.00887981 0.0100488 0.013687 0.00922355 0.00873484 0.00917442 0.00923127 0.0093705 0.00936572 0.0106421 0.0145255 0.00866406 0.00830089 0.00989019 0.00960633 0.00909042 0.00951977 0.00857755 0.00825451 0.00835105 0.00840786 0.00830737 0.00874546 
0.00398058 0 0.00378055 0.00381398 0.00379681 0.00448083 0.00414532 0.0258489 0.0290167 0.020466 0.013063 0.0169787 0.0146055 0.0107687 0.0089886 0.0124944 0.0160241 0.0123704 0.0216799 0.0159212 0.021244 0.01141 0.00846066 0.00912985 0.00879719 0.00861727 0.00821778 0.00841454 0.00832857 0.00861375 0.00933215 0.0089423 0.00890905 0.00872006 
0.00378942 0.00378055 0 0.00399958 0.00391092 0.00373328 0.00387872 0.0189415 0.0470843 0.0209529 0.054108 0.0151284 0.0119297 0.00881874 0.00920882 0.0191379 0.0132568 0.0464843 0.022481 0.0682217 0.0135169 0.0110813 0.00863353 0.00978836 0.00874713 0.00830337 0.00802145 0.00822547 0.00837953 0.00907924 0.00964673 0.0100325 0.00941841 0.00860209 
0.00387277 0.00381398 0.00399958 0 0.00372244 0.00380793 0.0037289 0.0418073 0.0188125 0.139258 0.0172244 0.0364551 0.00916135 0.00873574 0.0113976 0.0105929 0.0728938 0.01889 0.102313 0.0366852 0.0233903 0.0099527 0.01039 0.00901732 0.0110963 0.00818171 0.00821603 0.00870596 0.00882596 0.00893769 0.0109817 0.01024 0.00988066 0.00872635 
0.00451368 0.00379681 0.00391092 0.00372244 0 0.00371887 0.00387887 0.0143526 0.0795602 0.0200265 0.0913045 0.0110043 0.010565 0.00868249 0.00923287 0.0324313 0.013834 0.075706 0.0209448 0.0492884 0.0121484 0.0109551 0.00868548 0.0104709 0.00883686 0.00859299 0.00805077 0.00826262 0.00837705 0.00916634 0.00944409 0.00950063 0.00906538 0.00881395 
0.00437516 0.00448083 0.00373328 0.00380793 0.00371887 0 0.00383366 0.0278061 0.0200234 0.0814834 0.0131585 0.0271163 0.0102792 0.00880176 0.0124865 0.0106196 0.0695713 0.0140036 0.0276117 0.0128607 0.0236021 0.00924834 0.0125734 0.0093959 0.00995349 0.0081913 0.00839214 0.00890388 0.00947328 0.00860007 0.00929628 0.00889603 0.00940625 0.00844667 
0.0120699 0.00414532 0.00387872 0.0037289 0.00387887 0.00383366 0 0.0142922 0.0259004 0.0192465 0.0223724 0.0128025 0.0154319 0.0197844 0.0150307 0.0461683 0.0102964 0.018279 0.0120668 0.012623 0.0172335 0.0393206 0.0110215 0.00926718 0.00852029 0.0114739 0.00952798 0.0105787 0.00908642 0.00876735 0.00870503 0.00865724 0.0083756 0.00893474 
0.0311293 0.0258489 0.0189415 0.0418073 0.0143526 0.0278061 0.0142922 0 0.00390642 0.00371259 0.00374353 0.0038049 0.00387021 0.00651198 0.010013 0.00757966 0.00891963 0.00897251 0.0162693 0.0195581 0.822364 0.0983341 0.0273363 0.0109497 0.0207674 0.0145826 0.0138861 0.0165123 0.0105897 0.00907737 0.0101861 0.00936992 0.0102871 0.0127373 
0.0105611 0.0290167 0.0470843 0.0188125 0.0795602 0.0200234 0.0259004 0.00390642 0 0.00377265 0.00370652 0.00371121 0.00476844 0.00401299 0.00661778 0.00893058 0.00709223 0.0111045 0.0121412 0.935853 0.0556213 0.0131552 0.0108191 0.0330357 0.0100341 0.010878 0.00889271 0.0105251 0.00917731 0.0129992 0.0118661 0.0166798 0.0148333 0.0108415 
0.0107392 0.020466 0.0209529 0.139258 0.0200265 0.0814834 0.0192465 0.00371259 0.00377265 0 0.00371297 0.00371878 0.00371145 0.00379139 0.00705636 0.00621493 0.0154503 0.0101165 0.937219 0.0402822 0.0203435 0.0105901 0.0231906 0.0103565 0.0183033 0.0087867 0.00859767 0.00902617 0.0102599 0.0109804 0.0336358 0.0346467 0.0256484 0.0101111 
0.00921444 0.013063 0.054108 0.0172244 0.0913045 0.0131585 0.0223724 0.00374353 0.00370652 0.00371297 0 0.00373893 0.00370716 0.00371966 0.00466788 0.00970204 0.0077432 0.951582 0.0386194 0.0193427 0.00988789 0.0120715 0.00964909 0.0191489 0.0103328 0.00916277 0.00841193 0.00880418 0.00906092 0.0130339 0.0336148 0.047029 0.0154706 0.00960243 
0.00887981 0.0169787 0.0151284 0.0364551 0.0110043 0.0271163 0.0128025 0.0038049 0.00371121 0.00371878 0.00373893 0 0.00370748 0.00370226 0.00484984 0.00546274 0.951656 0.0310006 0.0143779 0.00885053 0.0132871 0.0090984 0.0123927 0.00935582 0.0146027 0.00870348 0.00857863 0.00873805 0.00942551 0.0150264 0.0204802 0.0147741 0.0126685 0.00965334 
0.0100488 0.0146055 0.0119297 0.00916135 0.010565 0.0102792 0.0154319 0.00387021 0.00476844 0.00371145 0.00370716 0.00370748 0 0.00384722 0.00453768 0.959177 0.0296124 0.0098576 0.00636162 0.00811406 0.00963659 0.00925235 0.00951969 0.0145458 0.00890856 0.00911336 0.00876199 0.00902238 0.00915213 0.00981021 0.00947969 0.0102146 0.0098508 0.00867721 
0.013687 0.0107687 0.00881874 0.00873574 0.00868249 0.00880176 0.0197844 0.00651198 0.00401299 0.00379139 0.00371966 0.00370226 0.00384722 0 0.956224 0.0262774 0.00586857 0.00475608 0.00633295 0.00651588 0.00790161 0.00943595 0.015711 0.00882898 0.0100029 0.0112426 0.0108313 0.0113562 0.0105115 0.00867556 0.00862358 0.00862523 0.00878369 0.00914852 
0.00922355 0.0089886 0.00920882 0.0113976 0.00923287 0.0124865 0.0150307 0.010013 0.00661778 0.00705636 0.00466788 0.00484984 0.00453768 0.956224 0 0.00370081 0.00369932 0.0036997 0.00372459 0.0037567 0.00388651 0.00992645 0.0617631 0.0100801 0.0204165 0.0150623 0.0139078 0.0148193 0.00945015 0.00879348 0.00987695 0.00921867 0.00992966 0.012443 
0.00873484 0.0124944 0.0191379 0.0105929 0.0324313 0.0106196 0.0461683 0.00757966 0.00893058 0.00621493 0.00970204 0.00546274 0.959177 0.0262774 0.00370081 0 0.00369246 0.003696 0.00372322 0.00369099 0.00388195 0.00419708 0.0166087 0.0699489 0.0100119 0.0105674 0.00875292 0.0102429 0.00918433 0.0138787 0.013703 0.0175367 0.0238655 0.0116879 
0.00917442 0.0160241 0.0132568 0.0728938 0.013834 0.0695713 0.0102964 0.00891963 0.00709223 0.0154503 0.0077432 0.951656 0.0296124 0.00586857 0.00369932 0.00369246 0 0.00368983 0.00369754 0.00371549 0.00367376 0.00378506 0.0538902 0.0117004 0.0249188 0.00889883 0.0087028 0.0090385 0.0102702 0.0101641 0.0349599 0.0326286 0.0189527 0.0100623 
0.00923127 0.0123704 0.0464843 0.01889 0.075706 0.0140036 0.018279 0.00897251 0.0111045 0.0101165 0.951582 0.0310006 0.0098576 0.00475608 0.0036997 0.003696 0.00368983 0 0.00371414 0.00370113 0.00371976 0.00378063 0.0190991 0.0261586 0.0116447 0.0097059 0.0086705 0.00917448 0.00973904 0.0187822 0.0393087 0.0496205 0.0198568 0.0117004 
0.0093705 0.0216799 0.022481 0.102313 0.0209448 0.0276117 0.0120668 0.0162693 0.0121412 0.937219 0.0386194 0.0143779 0.00636162 0.00633295 0.00372459 0.00372322 0.00369754 0.00371414 0 0.00383995 0.00370406 0.00376097 0.0710189 0.0172733 0.0247993 0.00966889 0.00887745 0.00991292 0.0120676 0.025913 0.0566046 0.0335578 0.0202738 0.0109468 
0.00936572 0.0159212 0.0682217 0.0366852 0.0492884 0.0128607 0.012623 0.0195581 0.935853 0.0402822 0.0193427 0.00885053 0.00811406 0.00651588 0.0037567 0.00369099 0.00371549 0.00370113 0.00383995 0 0.00375382 0.0038682 0.0350479 0.0685686 0.0168557 0.0100438 0.00881706 0.00966825 0.0121305 0.0402444 0.0327013 0.0563452 0.0212736 0.0109412 
0.0106421 0.021244 0.0135169 0.0233903 0.0121484 0.0236021 0.0172335 0.822364 0.0556213 0.0203435 0.00988789 0.0132871 0.00963659 0.00790161 0.00388651 0.00388195 0.00367376 0.00371976 0.00370406 0.00375382 0 0.0037491 0.028037 0.0675797 0.0372529 0.0109447 0.010092 0.0111724 0.0136454 0.0161109 0.0263799 0.01989 0.0462314 0.0108724 
0.0145255 0.01141 0.0110813 0.0099527 0.0109551 0.00924834 0.0393206 0.0983341 0.0131552 0.0105901 0.0120715 0.0090984 0.00925235 0.00943595 0.00992645 0.00419708 0.00378506 0.00378063 0.00376097 0.0038682 0.0037491 0 0.0195279 0.0264591 0.064403 0.0465683 0.0168721 0.0224041 0.0170744 0.0110628 0.0101271 0.011889 0.0115012 0.0151582 
0.00866406 0.00846066 0.00863353 0.01039 0.00868548 0.0125734 0.0110215 0.0273363 0.0108191 0.0231906 0.00964909 0.0123927 0.00951969 0.015711 0.0617631 0.0166087 0.0538902 0.0190991 0.0710189 0.0350479 0.028037 0.0195279 0 0.00375269 0.00396703 0.00659004 0.0237506 0.02736 0.0170669 0.00961259 0.013632 0.010529 0.0115981 0.0225408 
0.00830089 0.00912985 0.00978836 0.00901732 0.0104709 0.0093959 0.00926718 0.0109497 0.0330357 0.0103565 0.0191489 0.00935582 0.0145458 0.00882898 0.0100801 0.0699489 0.0117004 0.0261586 0.0172733 0.0685686 0.0675797 0.0264591 0.00375269 0 0.00372069 0.00391178 0.00744228 0.0168353 0.00987892 0.0297978 0.0117008 0.0132228 0.0225738 0.0116012 
0.00989019 0.00879719 0.00874713 0.0110963 0.00883686 0.00995349 0.00852029 0.0207674 0.0100341 0.0183033 0.0103328 0.0146027 0.00890856 0.0100029 0.0204165 0.0100119 0.0249188 0.0116447 0.0247993 0.0168557 0.0372529 0.064403 0.00396703 0.00372069 0 0.00402059 0.0127253 0.0173414 0.0215843 0.009852 0.0146729 0.0172609 0.0121037 0.0152275 
0.00960633 0.00861727 0.00830337 0.00818171 0.00859299 0.0081913 0.0114739 0.0145826 0.010878 0.0087867 0.00916277 0.00870348 0.00911336 0.0112426 0.0150623 0.0105674 0.00889883 0.0097059 0.00966889 0.0100438 0.0109447 0.0465683 0.00659004 0.00391178 0.00402059 0 0.922021 0.0499395 0.0148711 0.0111082 0.00914298 0.0089873 0.00913029 0.0159097 
0.00909042 0.00821778 0.00802145 0.00821603 0.00805077 0.00839214 0.00952798 0.0138861 0.00889271 0.00859767 0.00841193 0.00857863 0.00876199 0.0108313 0.0139078 0.00875292 0.0087028 0.0086705 0.00887745 0.00881706 0.010092 0.0168721 0.0237506 0.00744228 0.0127253 0.922021 0 0.114239 0.0144769 0.00987906 0.00826499 0.00857504 0.00975885 0.0183436 
0.00951977 0.00841454 0.00822547 0.00870596 0.00826262 0.00890388 0.0105787 0.0165123 0.0105251 0.00902617 0.00880418 0.00873805 0.00902238 0.0113562 0.0148193 0.0102429 0.0090385 0.00917448 0.00991292 0.00966825 0.0111724 0.0224041 0.02736 0.0168353 0.0173414 0.0499395 0.114239 0 0.020745 0.0121192 0.00917569 0.0099501 0.0141541 0.0329838 
0.00857755 0.00832857 0.00837953 0.00882596 0.00837705 0.00947328 0.00908642 0.0105897 0.00917731 0.0102599 0.00906092 0.00942551 0.00915213 0.0105115 0.00945015 0.00918433 0.0102702 0.00973904 0.0120676 0.0121305 0.0136454 0.0170744 0.0170669 0.00987892 0.0215843 0.0148711 0.0144769 0.020745 0 0.00370859 0.00369206 0.00365533 0.00379421 0.00469678 
0.00825451 0.00861375 0.00907924 0.00893769 0.00916634 0.00860007 0.00876735 0.00907737 0.0129992 0.0109804 0.0130339 0.0150264 0.00981021 0.00867556 0.00879348 0.0138787 0.0101641 0.0187822 0.025913 0.0402444 0.0161109 0.0110628 0.00961259 0.0297978 0.009852 0.0111082 0.00987906 0.0121192 0.00370859 0 0.00370105 0.00366049 0.00381982 0.00387895 
0.00835105 0.00933215 0.00964673 0.0109817 0.00944409 0.00929628 0.00870503 0.0101861 0.0118661 0.0336358 0.0336148 0.0204802 0.00947969 0.00862358 0.00987695 0.013703 0.0349599 0.0393087 0.0566046 0.0327013 0.0263799 0.0101271 0.013632 0.0117008 0.0146729 0.00914298 0.00826499 0.00917569 0.00369206 0.00370105 0 0.00371965 0.00369817 0.00371137 
0.00840786 0.0089423 0.0100325 0.01024 0.00950063 0.00889603 0.00865724 0.00936992 0.0166798 0.0346467 0.047029 0.0147741 0.0102146 0.00862523 0.00921867 0.0175367 0.0326286 0.0496205 0.0335578 0.0563452 0.01989 0.011889 0.010529 0.0132228 0.0172609 0.0089873 0.00857504 0.0099501 0.00365533 0.00366049 0.00371965 0 0.00369207 0.00370071 
0.00830737 0.00890905 0.00941841 0.00988066 0.00906538 0.00940625 0.0083756 0.0102871 0.0148333 0.0256484 0.0154706 0.0126685 0.0098508 0.00878369 0.00992966 0.0238655 0.0189527 0.0198568 0.0202738 0.0212736 0.0462314 0.0115012 0.0115981 0.0225738 0.0121037 0.00913029 0.00975885 0.0141541 0.00379421 0.00381982 0.00369817 0.00369207 0 0.00370443 
0.00874546 0.00872006 0.00860209 0.00872635 0.00881395 0.00844667 0.00893474 0.0127373 0.0108415 0.0101111 0.00960243 0.00965334 0.00867721 0.00914852 0.012443 0.0116879 0.0100623 0.0117004 0.0109468 0.0109412 0.0108724 0.0151582 0.0225408 0.0116012 0.0152275 0.0159097 0.0183436 0.0329838 0.00469678 0.00387895 0.00371137 0.00370071 0.00370443 0 
