1XXAC
PLKNLVLDIDYNDAVVVIHTSPGAAQLIARLLDSLGKAEGILGTIAGDDTIFTTPANGFTVKDLYEAILELFD
CCHHHEEEEEECCCCEEEEECCCCHHHHHHHHCCCCHHHCEEEEEECCCEEEEEECCCCCHHHHHHHHHHHHC
0 0 0 0 0 0 0 0 0 0 0 0 0 0 0 0 0 0 0 0 0 0 0 0 0 0 0 0 0 0 0 0 0 0 0 0 0 0 0 0 0 0 0 0 0 0 0 0 0 0 0 0 0 0 0 0 0 0 0 0 0 0 0 0 0 0 0 0 0 0 0 0 0 
0 0 0 0 0 0 0 0 0 0 0 0 0 0 0 0 0 0 0 0 0 0 0 0 0 0 0 0 0 0 0 0 0 0 0 0 0 0 0 0 0 0 0 0 0 0 0 0 0 0 0 0 0 0 0 0 0 0 0 0 0 0 0 0 0 0 0 0 0 0 0 0 0 
0 0.00379853 0.00377774 0.00382331 0.0038123 0.00712198 0.00593545 0.00676055 0.00706293 0.0100954 0.518493 0.0183583 0.0109118 0.0113978 0.0130177 0.0120507 0.0244217 0.0167904 0.0120533 0.0117822 0.0122887 0.0121102 0.0246271 
0.00379853 0 0.00377293 0.00378497 0.00378288 0.0037496 0.00661819 0.00725114 0.00809289 0.0300476 0.151568 0.0120037 0.0159639 0.0143644 0.0122548 0.016002 0.0110143 0.0113155 0.0266303 0.0141348 0.0138694 0.0124228 0.00990056 
0.00377774 0.00377293 0 0.00377241 0.00378301 0.00372373 0.0053726 0.0124173 0.0184829 0.830642 0.00895415 0.0102677 0.0171028 0.0155031 0.0356195 0.0109416 0.0109624 0.0134216 0.0124829 0.0474429 0.0198062 0.0138662 0.0088882 
0.00382331 0.00378497 0.00377241 0 0.00368828 0.00368445 0.00624307 0.00831543 0.935879 0.00866435 0.00623817 0.0103299 0.0103096 0.0233092 0.0105863 0.012367 0.00932706 0.00987758 0.0201616 0.0165491 0.0257136 0.00904974 0.00910982 
0.0038123 0.00378288 0.00378301 0.00368828 0 0.00385655 0.00571455 0.930792 0.0100242 0.00723091 0.00622476 0.00920833 0.01691 0.0111008 0.0164295 0.011137 0.0116031 0.0104634 0.0125305 0.0206159 0.0117855 0.0128089 0.00874586 
0.00712198 0.0037496 0.00372373 0.00368445 0.00385655 0 0.950546 0.0138487 0.00464757 0.00563654 0.00546424 0.0196091 0.0115797 0.0108154 0.00963526 0.0107954 0.0195246 0.0178847 0.0117974 0.0103256 0.0102831 0.00928033 0.00968485 
0.00593545 0.00661819 0.0053726 0.00624307 0.00571455 0.950546 0 0.00380908 0.00372498 0.00375418 0.00428107 0.146379 0.0440709 0.0325853 0.0233787 0.0229929 0.0397782 0.0669813 0.0929643 0.022074 0.0287747 0.0135945 0.0305621 
0.00676055 0.00725114 0.0124173 0.00831543 0.930792 0.0138487 0.00380908 0 0.00372947 0.00373523 0.00375294 0.0439285 0.15246 0.0611975 0.0689559 0.038469 0.0202588 0.0455322 0.0755993 0.135934 0.0400241 0.0472177 0.0126255 
0.00706293 0.00809289 0.0184829 0.935879 0.0100242 0.00464757 0.00372498 0.00372947 0 0.00371783 0.00375215 0.0185548 0.0657956 0.150152 0.108667 0.0554128 0.0180653 0.0173488 0.092798 0.0865511 0.188412 0.0198692 0.0119395 
0.0100954 0.0300476 0.830642 0.00866435 0.00723091 0.00563654 0.00375418 0.00373523 0.00371783 0 0.00380266 0.0228308 0.0589327 0.0638751 0.107294 0.102843 0.0535565 0.0156025 0.0328759 0.0662439 0.04349 0.0719253 0.0121717 
0.518493 0.151568 0.00895415 0.00623817 0.00622476 0.00546424 0.00428107 0.00375294 0.00375215 0.00380266 0 0.0255609 0.0254447 0.0476624 0.0253662 0.0690865 0.139083 0.0235039 0.0206903 0.0170521 0.0178765 0.0150495 0.0287667 
0.0183583 0.0120037 0.0102677 0.0103299 0.00920833 0.0196091 0.146379 0.0439285 0.0185548 0.0228308 0.0255609 0 0.00396427 0.00371769 0.00376486 0.00379376 0.00464904 0.00737352 0.00704213 0.00726927 0.0123381 0.0126009 0.412139 
0.0109118 0.0159639 0.0171028 0.0103096 0.01691 0.0115797 0.0440709 0.15246 0.0657956 0.0589327 0.0254447 0.00396427 0 0.00373544 0.00371076 0.00392517 0.0038312 0.00563197 0.00721166 0.0112184 0.0156303 0.098007 0.10303 
0.0113978 0.0143644 0.0155031 0.0233092 0.0111008 0.0108154 0.0325853 0.0611975 0.150152 0.0638751 0.0476624 0.00371769 0.00373544 0 0.00374404 0.00371645 0.00374557 0.00516522 0.0147494 0.0187611 0.0608344 0.321464 0.010554 
0.0130177 0.0122548 0.0356195 0.0105863 0.0164295 0.00963526 0.0233787 0.0689559 0.108667 0.107294 0.0253662 0.00376486 0.00371076 0.00374404 0 0.00370842 0.00371809 0.0111424 0.0105101 0.0412952 0.377093 0.00901358 0.00908069 
0.0120507 0.016002 0.0109416 0.012367 0.011137 0.0107954 0.0229929 0.038469 0.0554128 0.102843 0.0690865 0.00379376 0.00392517 0.00371645 0.00370842 0 0.00385249 0.00726832 0.0998741 0.300288 0.00882209 0.00953094 0.00793526 
0.0244217 0.0110143 0.0109624 0.00932706 0.0116031 0.0195246 0.0397782 0.0202588 0.0180653 0.0535565 0.139083 0.00464904 0.0038312 0.00374557 0.00371809 0.00385249 0 0.0776158 0.201564 0.0044437 0.00504871 0.00527365 0.0108655 
0.0167904 0.0113155 0.0134216 0.00987758 0.0104634 0.0178847 0.0669813 0.0455322 0.0173488 0.0156025 0.0235039 0.00737352 0.00563197 0.00516522 0.0111424 0.00726832 0.0776158 0 0.00372132 0.0037208 0.00374217 0.00375483 0.0047873 
0.0120533 0.0266303 0.0124829 0.0201616 0.0125305 0.0117974 0.0929643 0.0755993 0.092798 0.0328759 0.0206903 0.00704213 0.00721166 0.0147494 0.0105101 0.0998741 0.201564 0.00372132 0 0.00373586 0.00374207 0.00373962 0.00378935 
0.0117822 0.0141348 0.0474429 0.0165491 0.0206159 0.0103256 0.022074 0.135934 0.0865511 0.0662439 0.0170521 0.00726927 0.0112184 0.0187611 0.0412952 0.300288 0.0044437 0.0037208 0.00373586 0 0.00373633 0.00369647 0.00375309 
0.0122887 0.0138694 0.0198062 0.0257136 0.0117855 0.0102831 0.0287747 0.0400241 0.188412 0.04349 0.0178765 0.0123381 0.0156303 0.0608344 0.377093 0.00882209 0.00504871 0.00374217 0.00374207 0.00373633 0 0.00369582 0.00368676 
0.0121102 0.0124228 0.0138662 0.00904974 0.0128089 0.00928033 0.0135945 0.0472177 0.0198692 0.0719253 0.0150495 0.0126009 0.098007 0.321464 0.00901358 0.00953094 0.00527365 0.00375483 0.00373962 0.00369647 0.00369582 0 0.00369576 
0.0246271 0.00990056 0.0088882 0.00910982 0.00874586 0.00968485 0.0305621 0.0126255 0.0119395 0.0121717 0.0287667 0.412139 0.10303 0.010554 0.00908069 0.00793526 0.0108655 0.0047873 0.00378935 0.00375309 0.00368676 0.00369576 0 
