1YACA
TKPYVRLDKNDAAVLLVDHQAGLLSLVRDIEPDKFKNNVLALGDLAKYFNLPTILTTSAETGPNGPLVPELKAQFPDAPYIARPGNINAWDNEDFVKAVKATGKKQLIIAGVVTEVCVAFPALSAIEEGFDVFVVTDASGTFNEITRHSAWDRMSQAGAQLMTWFGVACELHRDWRNDIAGLATLFSNHIPDYRNLMTSYDTLT
CCCCCCCCCCCEEEEEECCECCHHHHCCCCCHHHHHHHHHHHHHHHHHCCCCEEEEEECCCCCCCCECHHHHHHCCCCCEEEECCCCCHHHCHHHHHHHHHCCCCEEEEEEECCCCCCHHHHHHHHHCCCEEEEECCCCECCCHHHHHHHHHHHHHHCCEEECHHHHHHHHHCCHHHCHHHHHHHHHHHCHHHHHHHHHHHHHC
0 0 0 0 0 0 0 0 0 0 0 0 0 0 0 0 0 0 0 0 0 0 0 0 0 0 0 0 0 0 0 0 0 0 0 0 0 0 0 0 0 0 0 0 0 0 0 0 0 0 0 0 0 0 0 0 0 0 0 0 0 0 0 0 0 0 0 0 0 0 0 0 0 0 0 0 0 0 0 0 0 0 0 0 0 0 0 0 0 0 0 0 0 0 0 0 0 0 0 0 0 0 0 0 0 0 0 0 0 0 0 0 0 0 0 0 0 0 0 0 0 0 0 0 0 0 0 0 0 0 0 0 0 0 0 0 0 0 0 0 0 0 0 0 0 0 0 0 0 0 0 0 0 0 0 0 0 0 0 0 0 0 0 0 0 0 0 0 0 0 0 0 0 0 0 0 0 0 0 0 0 0 0 0 0 0 0 0 0 0 0 0 0 0 0 0 0 0 0 0 0 0 0 0 
0 0 0 0 0 0 0 0 0 0 0 0 0 0 0 0 0 0 0 0 0 0 0 0 0 0 0 0 0 0 0 0 0 0 0 0 0 0 0 0 0 0 0 0 0 0 0 0 0 0 0 0 0 0 0 0 0 0 0 0 0 0 0 0 0 0 0 0 0 0 0 0 0 0 0 0 0 0 0 0 0 0 0 0 0 0 0 0 0 0 0 0 0 0 0 0 0 0 0 0 0 0 0 0 0 0 0 0 0 0 0 0 0 0 0 0 0 0 0 0 0 0 0 0 0 0 0 0 0 0 0 0 0 0 0 0 0 0 0 0 0 0 0 0 0 0 0 0 0 0 0 0 0 0 0 0 0 0 0 0 0 0 0 0 0 0 0 0 0 0 0 0 0 0 0 0 0 0 0 0 0 0 0 0 0 0 0 0 0 0 0 0 0 0 0 0 0 0 0 0 0 0 0 0 
0 0.00377825 0.00376459 0.00380498 0.00388998 0.00617197 0.00938084 0.123711 0.0151536 0.0124299 0.0107399 0.0126041 0.0244428 0.0177974 0.0117655 0.010002 0.00953946 0.0154137 0.0120332 0.0104554 0.00961205 0.00981122 0.0096247 0.00935248 0.0105118 0.00865033 0.00869749 0.00884135 0.0091702 0.0103902 0.00916957 0.00819797 0.00807989 0.00873299 
0.00377825 0 0.00371166 0.00376275 0.00449188 0.00405827 0.0065388 0.0857984 0.190901 0.0228587 0.0290259 0.0283145 0.0137606 0.0127271 0.0132912 0.0137837 0.0144329 0.0104699 0.0115718 0.0330106 0.0226213 0.0211257 0.0195307 0.0178857 0.0100977 0.00872732 0.0101678 0.0127131 0.0128268 0.010178 0.00822064 0.00812831 0.00847711 0.00821488 
0.00376459 0.00371166 0 0.00459927 0.00379275 0.0037381 0.0046059 0.121254 0.0621215 0.193102 0.0805353 0.0242678 0.0113315 0.0100799 0.010628 0.0229736 0.0140363 0.0100354 0.0100544 0.0298204 0.0869708 0.0701439 0.0512879 0.0242814 0.0112516 0.00897013 0.0127616 0.0248511 0.0180978 0.0105765 0.00821247 0.00837157 0.00851577 0.00825169 
0.00380498 0.00376275 0.00459927 0 0.00377156 0.00371121 0.00428305 0.0442278 0.212817 0.162942 0.149374 0.0219806 0.0128329 0.00984022 0.0112845 0.0234931 0.0165393 0.0101122 0.0102086 0.0307285 0.0906427 0.108022 0.054667 0.0286519 0.0119603 0.00927757 0.0136151 0.025725 0.0188092 0.0111844 0.00830947 0.00839006 0.00852063 0.00838112 
0.00388998 0.00449188 0.00379275 0.00377156 0 0.00386097 0.0055703 0.0263349 0.0724091 0.20026 0.0535463 0.112197 0.0134293 0.0116907 0.0116973 0.0162705 0.0166452 0.0101608 0.0101705 0.0195765 0.0375913 0.0333323 0.0283842 0.0327863 0.0125603 0.00935733 0.0111776 0.0155132 0.0207725 0.0107536 0.00866652 0.00843059 0.00859332 0.00828843 
0.00617197 0.00405827 0.0037381 0.00371121 0.00386097 0 0.0210704 0.0373765 0.0222762 0.0310297 0.0783179 0.0333001 0.0537202 0.0177052 0.0148992 0.0107494 0.00977454 0.0113028 0.0127857 0.0117889 0.0130767 0.015453 0.0141519 0.0123502 0.0159268 0.00985945 0.00937174 0.0103606 0.0107966 0.0112255 0.00953936 0.00871664 0.00825662 0.0084873 
0.00938084 0.0065388 0.0046059 0.00428305 0.0055703 0.0210704 0 0.0246592 0.0121625 0.0144155 0.0132537 0.0258307 0.0260234 0.108649 0.011586 0.00892686 0.00914831 0.012372 0.0110869 0.00886583 0.00859035 0.00870372 0.00854266 0.00884648 0.0113619 0.00926409 0.00815843 0.00824837 0.00876221 0.00963405 0.0123608 0.00825721 0.00805194 0.00855121 
0.123711 0.0857984 0.121254 0.0442278 0.0263349 0.0373765 0.0246592 0 0.00403015 0.00373188 0.00375469 0.00380752 0.00456368 0.0166062 0.0403301 0.0188785 0.0123245 0.0239092 0.0408336 0.0233145 0.0163157 0.0152941 0.0142771 0.0137536 0.0234423 0.0110716 0.0115613 0.0123484 0.0117376 0.0206022 0.0110944 0.00873002 0.00843099 0.0102005 
0.0151536 0.190901 0.0621215 0.212817 0.0724091 0.0222762 0.0121625 0.00403015 0 0.00373038 0.00373024 0.00376569 0.00392476 0.016472 0.0394459 0.0336808 0.0255621 0.0124227 0.0146013 0.0639459 0.0445366 0.0417031 0.0377173 0.0276536 0.0115153 0.00931412 0.0150688 0.0235486 0.0266159 0.0117783 0.00888403 0.00833906 0.0089033 0.00850217 
0.0124299 0.0228587 0.193102 0.162942 0.20026 0.0310297 0.0144155 0.00373188 0.00373038 0 0.00371686 0.00371032 0.00374971 0.0078437 0.0234495 0.0335313 0.0199066 0.0112133 0.0114675 0.030909 0.106823 0.121366 0.0815458 0.0282586 0.0140803 0.00920237 0.017125 0.0541188 0.030907 0.0128515 0.00856088 0.00855119 0.00873216 0.0088031 
0.0107399 0.0290259 0.0805353 0.149374 0.0535463 0.0783179 0.0132537 0.00375469 0.00373024 0.00371686 0 0.00369729 0.00372441 0.0085161 0.0193177 0.0447139 0.0221825 0.0119629 0.0111691 0.0252773 0.10323 0.0887273 0.0511663 0.0257318 0.0121417 0.00944627 0.0143828 0.0375138 0.0290703 0.0123988 0.00855505 0.00836823 0.00858347 0.00854791 
0.0126041 0.0283145 0.0242678 0.0219806 0.112197 0.0333001 0.0258307 0.00380752 0.00376569 0.00371032 0.00369729 0 0.00375506 0.013053 0.0177627 0.0275602 0.0891463 0.0108429 0.0121748 0.0223581 0.0222711 0.0246514 0.0228033 0.0292122 0.0127561 0.0104148 0.0112742 0.0124159 0.0213707 0.0108459 0.00920908 0.00887525 0.00923845 0.00842134 
0.0244428 0.0137606 0.0113315 0.0128329 0.0134293 0.0537202 0.0260234 0.00456368 0.00392476 0.00374971 0.00372441 0.00375506 0 0.0337628 0.0187495 0.0142653 0.0117632 0.0334566 0.0173772 0.0131501 0.0109865 0.0118202 0.010807 0.0114782 0.0151952 0.0134975 0.00949958 0.0100221 0.010061 0.012404 0.0110438 0.0102051 0.00836506 0.00873903 
0.0177974 0.0127271 0.0100799 0.00984022 0.0116907 0.0177052 0.108649 0.0166062 0.016472 0.0078437 0.0085161 0.013053 0.0337628 0 0.0235047 0.0103415 0.0106558 0.0190923 0.0288251 0.0151875 0.0111331 0.0101816 0.0101991 0.0104645 0.0190458 0.0144375 0.0108851 0.00955137 0.0103443 0.0138315 0.0553379 0.0102538 0.00836778 0.0107323 
0.0117655 0.0132912 0.010628 0.0112845 0.0116973 0.0148992 0.011586 0.0403301 0.0394459 0.0234495 0.0193177 0.0177627 0.0187495 0.0235047 0 0.00410238 0.00382277 0.00431041 0.142631 0.0232107 0.0186223 0.0154675 0.0112719 0.0122844 0.0158978 0.0170104 0.0100001 0.0132538 0.0111327 0.0166388 0.0113735 0.00949768 0.0086516 0.00952691 
0.010002 0.0137837 0.0229736 0.0234931 0.0162705 0.0107494 0.00892686 0.0188785 0.0336808 0.0335313 0.0447139 0.0275602 0.0142653 0.0103415 0.00410238 0 0.0037117 0.00381961 0.0368465 0.159338 0.0237775 0.0311923 0.0282049 0.0164764 0.0122215 0.00877001 0.0404465 0.0123159 0.023249 0.0109597 0.0097082 0.00824099 0.00894267 0.0091042 
0.00953946 0.0144329 0.0140363 0.0165393 0.0166452 0.00977454 0.00914831 0.0123245 0.0255621 0.0199066 0.0221825 0.0891463 0.0117632 0.0106558 0.00382277 0.0037117 0 0.00371053 0.0181152 0.0204621 0.0635756 0.0203366 0.0215454 0.0442008 0.0110314 0.0154554 0.00938343 0.0226007 0.0188467 0.00995841 0.00893688 0.00950697 0.00890531 0.00816654 
0.0154137 0.0104699 0.0100354 0.0101122 0.0101608 0.0113028 0.012372 0.0239092 0.0124227 0.0112133 0.0119629 0.0108429 0.0334566 0.0190923 0.00431041 0.00381961 0.00371053 0 0.016095 0.015795 0.0117835 0.0318527 0.0139035 0.0164434 0.0501666 0.0124543 0.0118397 0.00981986 0.0111047 0.0130922 0.0144761 0.0105551 0.00839791 0.00865408 
0.0120332 0.0115718 0.0100544 0.0102086 0.0101705 0.0127857 0.0110869 0.0408336 0.0146013 0.0114675 0.0111691 0.0121748 0.0173772 0.0288251 0.142631 0.0368465 0.0181152 0.016095 0 0.00439038 0.003676 0.00375667 0.00374198 0.00398378 0.00487993 0.624584 0.0169485 0.0257952 0.0122309 0.0246846 0.0169703 0.0207246 0.00969192 0.0133192 
0.0104554 0.0330106 0.0298204 0.0307285 0.0195765 0.0117889 0.00886583 0.0233145 0.0639459 0.030909 0.0252773 0.0223581 0.0131501 0.0151875 0.0232107 0.159338 0.0204621 0.015795 0.00439038 0 0.00373708 0.00375831 0.00376298 0.00387307 0.00399896 0.0261481 0.661276 0.0190582 0.0728508 0.01498 0.0142682 0.0105064 0.0228938 0.00998301 
0.00961205 0.0226213 0.0869708 0.0906427 0.0375913 0.0130767 0.00859035 0.0163157 0.0445366 0.106823 0.10323 0.0222711 0.0109865 0.0111331 0.0186223 0.0237775 0.0635756 0.0117835 0.003676 0.00373708 0 0.00371409 0.00373246 0.00375929 0.00379763 0.14407 0.0263348 0.58614 0.0321202 0.0247895 0.00963878 0.0132216 0.0119606 0.0100385 
0.00981122 0.0211257 0.0701439 0.108022 0.0333323 0.015453 0.00870372 0.0152941 0.0417031 0.121366 0.0887273 0.0246514 0.0118202 0.0101816 0.0154675 0.0311923 0.0203366 0.0318527 0.00375667 0.00375831 0.00371409 0 0.00370699 0.00372914 0.00375858 0.0226906 0.273073 0.0721148 0.397797 0.0205559 0.0120963 0.0101109 0.0128553 0.0101264 
0.0096247 0.0195307 0.0512879 0.054667 0.0283842 0.0141519 0.00854266 0.0142771 0.0377173 0.0815458 0.0511663 0.0228033 0.010807 0.0101991 0.0112719 0.0282049 0.0215454 0.0139035 0.00374198 0.00376298 0.00373246 0.00370699 0 0.00372181 0.00372751 0.0262653 0.0453391 0.300922 0.0397611 0.0999194 0.0101892 0.0110879 0.0106107 0.0108192 
0.00935248 0.0178857 0.0242814 0.0286519 0.0327863 0.0123502 0.00884648 0.0137536 0.0276536 0.0282586 0.0257318 0.0292122 0.0114782 0.0104645 0.0122844 0.0164764 0.0442008 0.0164434 0.00398378 0.00387307 0.00375929 0.00372914 0.00372181 0 0.00402003 0.0186983 0.0388575 0.0671201 0.472121 0.0392531 0.0208824 0.01093 0.0221854 0.00970399 
0.0105118 0.0100977 0.0112516 0.0119603 0.0125603 0.0159268 0.0113619 0.0234423 0.0115153 0.0140803 0.0121417 0.0127561 0.0151952 0.0190458 0.0158978 0.0122215 0.0110314 0.0501666 0.00487993 0.00399896 0.00379763 0.00375858 0.00372751 0.00402003 0 0.0200343 0.0219858 0.0371674 0.107728 0.493347 0.0438795 0.0140822 0.00995543 0.015967 
0.00865033 0.00872732 0.00897013 0.00927757 0.00935733 0.00985945 0.00926409 0.0110716 0.00931412 0.00920237 0.00944627 0.0104148 0.0134975 0.0144375 0.0170104 0.00877001 0.0154554 0.0124543 0.624584 0.0261481 0.14407 0.0226906 0.0262653 0.0186983 0.0200343 0 0.00828802 0.00374941 0.00381352 0.00419075 0.00764583 0.0777262 0.010345 0.013115 
0.00869749 0.0101678 0.0127616 0.0136151 0.0111776 0.00937174 0.00815843 0.0115613 0.0150688 0.017125 0.0143828 0.0112742 0.00949958 0.0108851 0.0100001 0.0404465 0.00938343 0.0118397 0.0169485 0.661276 0.0263348 0.273073 0.0453391 0.0388575 0.0219858 0.00828802 0 0.00373514 0.00371499 0.00375411 0.00498553 0.0179453 0.0374444 0.0141036 
0.00884135 0.0127131 0.0248511 0.025725 0.0155132 0.0103606 0.00824837 0.0123484 0.0235486 0.0541188 0.0375138 0.0124159 0.0100221 0.00955137 0.0132538 0.0123159 0.0226007 0.00981986 0.0257952 0.0190582 0.58614 0.0721148 0.300922 0.0671201 0.0371674 0.00374941 0.00373514 0 0.00376478 0.00372237 0.00462171 0.0788528 0.0264957 0.0137344 
0.0091702 0.0128268 0.0180978 0.0188092 0.0207725 0.0107966 0.00876221 0.0117376 0.0266159 0.030907 0.0290703 0.0213707 0.010061 0.0103443 0.0111327 0.023249 0.0188467 0.0111047 0.0122309 0.0728508 0.0321202 0.397797 0.0397611 0.472121 0.107728 0.00381352 0.00371499 0.00376478 0 0.00384351 0.00582822 0.0310801 0.188669 0.0176041 
0.0103902 0.010178 0.0105765 0.0111844 0.0107536 0.0112255 0.00963405 0.0206022 0.0117783 0.0128515 0.0123988 0.0108459 0.012404 0.0138315 0.0166388 0.0109597 0.00995841 0.0130922 0.0246846 0.01498 0.0247895 0.0205559 0.0999194 0.0392531 0.493347 0.00419075 0.00375411 0.00372237 0.00384351 0 0.0247092 0.0200673 0.0217977 0.132234 
0.00916957 0.00822064 0.00821247 0.00830947 0.00866652 0.00953936 0.0123608 0.0110944 0.00888403 0.00856088 0.00855505 0.00920908 0.0110438 0.0553379 0.0113735 0.0097082 0.00893688 0.0144761 0.0169703 0.0142682 0.00963878 0.0120963 0.0101892 0.0208824 0.0438795 0.00764583 0.00498553 0.00462171 0.00582822 0.0247092 0 0.0237013 0.0114736 0.0755502 
0.00819797 0.00812831 0.00837157 0.00839006 0.00843059 0.00871664 0.00825721 0.00873002 0.00833906 0.00855119 0.00836823 0.00887525 0.0102051 0.0102538 0.00949768 0.00824099 0.00950697 0.0105551 0.0207246 0.0105064 0.0132216 0.0101109 0.0110879 0.01093 0.0140822 0.0777262 0.0179453 0.0788528 0.0310801 0.0200673 0.0237013 0 0.00442013 0.00390175 
0.00807989 0.00847711 0.00851577 0.00852063 0.00859332 0.00825662 0.00805194 0.00843099 0.0089033 0.00873216 0.00858347 0.00923845 0.00836506 0.00836778 0.0086516 0.00894267 0.00890531 0.00839791 0.00969192 0.0228938 0.0119606 0.0128553 0.0106107 0.0221854 0.00995543 0.010345 0.0374444 0.0264957 0.188669 0.0217977 0.0114736 0.00442013 0 0.00369883 
0.00873299 0.00821488 0.00825169 0.00838112 0.00828843 0.0084873 0.00855121 0.0102005 0.00850217 0.0088031 0.00854791 0.00842134 0.00873903 0.0107323 0.00952691 0.0091042 0.00816654 0.00865408 0.0133192 0.00998301 0.0100385 0.0101264 0.0108192 0.00970399 0.015967 0.013115 0.0141036 0.0137344 0.0176041 0.132234 0.0755502 0.00390175 0.00369883 0 
