2CUAA
AGKLERVDPTTVRQEGPWADPAQAVVQTGPNQYTVYVLAFAFGYQPNPIEVPQGAEIVFKITSPDVIHGFHVEGTNINVEVLPGEVSTVRYTFKRPGEYRIICNQYCGLGHQNMFGTIVVKE
CCCCCECCCCCCCCCCCCCCHHHCEEEEECCEEEEEEEEECCEEECCCEEEECCCEEEEEEEECCCCEEEEECCCCCEEEECECECEEEEEECCCCEEEEEECCCCCCCCCCCCEEEEEEEC
0 0 0 0 0 0 0 0 0 0 0 0 0 0 0 0 0 0 0 0 0 0 0 0 0 0 0 0 0 0 0 0 0 0 0 0 0 0 0 0 0 0 0 0 0 0 0 0 0 0 0 0 0 0 0 0 0 0 0 0 0 0 0 0 0 0 0 0 0 0 0 0 0 0 0 0 0 0 0 0 0 0 0 0 0 0 0 0 0 0 0 0 0 0 0 0 0 0 0 0 0 0 0 0 0 0 0 0 0 0 0 0 0 0 0 0 0 0 0 0 0 0 
0 0 0 0 0 0 0 0 0 0 0 0 0 0 0 0 0 0 0 0 0 0 0 0 0 0 0 0 0 0 0 0 0 0 0 0 0 0 0 0 0 0 0 0 0 0 0 0 0 0 0 0 0 0 0 0 0 0 0 0 0 0 0 0 0 0 0 0 0 0 0 0 0 0 0 0 0 0 0 0 0 0 0 0 0 0 0 0 0 0 0 0 0 0 0 0 0 0 0 0 0 0 0 0 0 0 0 0 0 0 0 0 0 0 0 0 0 0 0 0 0 0 
0 0.0376187 0.013279 0.0107298 0.0273936 0.0225997 0.0180067 0.0121826 0.0114602 0.0128764 0.017147 0.011134 0.0102234 0.0113614 0.0161868 0.0157625 0.0102557 0.0138753 0.0265995 0.0145053 0.00920741 0.0125104 0.026546 0.0138379 0.0104523 0.0109029 0.0112978 0.0102938 0.0115398 0.0145319 0.0130407 0.00899494 0.00886577 0.00991732 0.0103362 0.018253 0.0105313 0.00975405 0.0104801 0.0129452 0.0193352 0.0111181 0.00928517 0.00861021 0.00908026 0.00867698 0.0123331 0.0114153 0.00880238 0.008505 0.00883032 0.00853505 0.0112995 0.010402 0.00873571 0.00889989 0.00882491 0.00899998 0.00909692 0.0100444 
0.0376187 0 0.00548893 0.00381884 0.00421615 0.00762427 0.00478185 0.00493911 0.00748519 0.358693 0.0188073 0.0112655 0.00836136 0.00923052 0.0205185 0.00856252 0.00797693 0.0208182 0.0115262 0.0130696 0.00960102 0.0206742 0.0163083 0.009385 0.010758 0.0109484 0.0116956 0.00959169 0.0158273 0.017365 0.0101918 0.00919264 0.0089309 0.0117175 0.0157251 0.0132043 0.00897563 0.0125018 0.0124027 0.0121308 0.0120062 0.00903066 0.00909933 0.00846442 0.00927113 0.00902497 0.0174051 0.00856428 0.00830136 0.00819381 0.00901397 0.00866661 0.0128435 0.00906181 0.00831151 0.00883962 0.00863841 0.00906425 0.00987713 0.0110016 
0.013279 0.00548893 0 0.00393923 0.00386312 0.00489512 0.00401873 0.0083829 0.352394 0.0264339 0.00816324 0.00889073 0.00805888 0.0133407 0.00899276 0.00770538 0.0132441 0.00886854 0.0118007 0.00930322 0.014946 0.00945825 0.00908073 0.0165493 0.0101077 0.0180522 0.0119901 0.015457 0.0129625 0.0100132 0.00928504 0.0105196 0.0131927 0.0115358 0.0108288 0.00893817 0.0131605 0.00954058 0.010858 0.0082614 0.00858459 0.00856894 0.00869611 0.00989378 0.0086259 0.0101277 0.00921956 0.00840113 0.00830198 0.00922512 0.00870673 0.0108018 0.00905628 0.00809376 0.00927875 0.00921064 0.0102506 0.00912869 0.0100253 0.00881233 
0.0107298 0.00381884 0.00393923 0 0.00373095 0.00369439 0.00472959 0.313081 0.020805 0.00777524 0.00770437 0.0107665 0.00964344 0.00814807 0.00691795 0.0108176 0.00816004 0.00829187 0.00898053 0.0150222 0.0105912 0.00853775 0.0117597 0.0103471 0.0287274 0.0141623 0.0358018 0.0143619 0.0124631 0.00980596 0.00929758 0.013831 0.0165099 0.0111004 0.00862316 0.0116831 0.0108466 0.0210714 0.00905626 0.00850351 0.00878344 0.0088783 0.0103781 0.00899107 0.016566 0.0086013 0.0091105 0.00819771 0.00911134 0.00875215 0.0152597 0.00895735 0.00910049 0.00830763 0.0090863 0.0120757 0.0135011 0.0163081 0.00908109 0.0085814 
0.0273936 0.00421615 0.00386312 0.00373095 0 0.00373116 0.00764223 0.0230646 0.00419569 0.00651557 0.00935724 0.0110696 0.00661149 0.00753374 0.00738197 0.0101412 0.0112301 0.00811513 0.0128864 0.0177795 0.010413 0.00887579 0.0128066 0.0187587 0.012527 0.0186445 0.0146782 0.0170232 0.0166499 0.00929158 0.0109136 0.0200173 0.0132885 0.0115855 0.00969929 0.014693 0.015559 0.0135988 0.00892196 0.00875314 0.0108354 0.00935588 0.010621 0.00989476 0.00909113 0.00986118 0.0095963 0.00933058 0.00893804 0.0095144 0.00930999 0.0120689 0.00956573 0.00889907 0.00925485 0.0112184 0.011012 0.0101842 0.0106279 0.0086805 
0.0225997 0.00762427 0.00489512 0.00369439 0.00373116 0 0.63447 0.00521471 0.00372817 0.00411343 0.00415857 0.00456141 0.00522931 0.00587658 0.00602996 0.0119094 0.00659481 0.00635917 0.0195945 0.00883621 0.00787829 0.00841955 0.0137928 0.0108565 0.00954833 0.0120371 0.0100897 0.00918165 0.00940806 0.0179255 0.0137218 0.00993029 0.00902679 0.00899348 0.0101296 0.012329 0.00992711 0.00906291 0.0100129 0.0107965 0.0118122 0.0114708 0.00880832 0.00853998 0.00879397 0.00837288 0.00902325 0.0104531 0.00858797 0.00850837 0.00872209 0.00856853 0.00988758 0.0092974 0.00868762 0.00843991 0.00877301 0.00837701 0.00849342 0.00866892 
0.0180067 0.00478185 0.00401873 0.00472959 0.00764223 0.63447 0 0.00381183 0.00372338 0.00372293 0.00379738 0.00380042 0.00375506 0.00428383 0.00720599 0.00621821 0.00642414 0.0115915 0.00963784 0.0105286 0.00846796 0.0236264 0.0227613 0.0101783 0.0103338 0.0102694 0.0107494 0.010474 0.0118551 0.0188977 0.0122448 0.00956414 0.00926555 0.0109162 0.0134246 0.0113802 0.0102965 0.011072 0.014145 0.0119829 0.0115891 0.00994814 0.00906205 0.00872157 0.00897183 0.00870964 0.0173805 0.00885629 0.00827492 0.00836122 0.00899109 0.00884429 0.0152576 0.00846985 0.00868732 0.00890918 0.00894822 0.00931598 0.0104494 0.0116156 
0.0121826 0.00493911 0.0083829 0.313081 0.0230646 0.00521471 0.00381183 0 0.00369835 0.00371703 0.00377632 0.00383422 0.00384302 0.00458427 0.00474564 0.00591719 0.00940417 0.00738633 0.00911841 0.0113613 0.0220529 0.0147504 0.0107642 0.0480723 0.0101537 0.0248638 0.0108074 0.0209922 0.0150219 0.0111837 0.010924 0.0140394 0.0167034 0.0113105 0.0111911 0.00931508 0.0159043 0.0109089 0.0113158 0.00885633 0.00897926 0.00898189 0.00925483 0.0104793 0.00878839 0.0126433 0.0092667 0.00850912 0.00870256 0.0101961 0.00938197 0.0172913 0.00950021 0.00868194 0.0110785 0.0106386 0.0139432 0.0103419 0.0147504 0.00914847 
0.0114602 0.00748519 0.352394 0.020805 0.00419569 0.00372817 0.00372338 0.00369835 0 0.0037015 0.00371829 0.00375524 0.00390928 0.0039071 0.00384917 0.0106631 0.00585202 0.00665456 0.00870198 0.0205673 0.011384 0.0197763 0.0147928 0.00994997 0.0874206 0.0123886 0.0632646 0.0154705 0.0184808 0.0108347 0.0108236 0.0206119 0.0139234 0.0158027 0.00892749 0.0147145 0.00990093 0.019139 0.00925221 0.00944935 0.0110447 0.00958287 0.0150376 0.00921213 0.0242382 0.00919045 0.0109805 0.00858173 0.0102288 0.00897003 0.0280763 0.00955413 0.011375 0.00902173 0.0103939 0.0275045 0.0170347 0.032461 0.0121207 0.00954586 
0.0128764 0.358693 0.0264339 0.00777524 0.00651557 0.00411343 0.00372293 0.00371703 0.0037015 0 0.00380623 0.00383062 0.00460535 0.00375624 0.00416814 0.00556358 0.00607819 0.00612466 0.0158355 0.010185 0.040163 0.00994364 0.00955846 0.0323073 0.0115169 0.129732 0.0149474 0.0782221 0.012268 0.0122682 0.0117833 0.0178245 0.0395473 0.010047 0.015828 0.00921561 0.0296974 0.00945014 0.0231595 0.00870936 0.00935981 0.0112495 0.00999233 0.0244785 0.00936119 0.0173301 0.00912106 0.00951197 0.00882626 0.0235062 0.0109037 0.0203238 0.0103106 0.00887797 0.0207087 0.0169043 0.0640856 0.0178636 0.0182255 0.0106662 
0.017147 0.0188073 0.00816324 0.00770437 0.00935724 0.00415857 0.00379738 0.00377632 0.00371829 0.00380623 0 0.00392679 0.00369467 0.00371887 0.00377718 0.00490319 0.00504884 0.00702066 0.0124054 0.0576165 0.00958772 0.0101035 0.017266 0.0117006 0.0549902 0.0301344 0.187139 0.0184974 0.0269096 0.0105352 0.0161812 0.0268862 0.0201607 0.025663 0.00955556 0.0152467 0.0114002 0.0179574 0.0110085 0.00955729 0.0117547 0.0106588 0.0212616 0.0105954 0.0184799 0.0108995 0.0118556 0.00952272 0.0142628 0.0116655 0.0259887 0.0122205 0.012166 0.0105499 0.0151474 0.0711847 0.0404283 0.045961 0.0140088 0.0117166 
0.011134 0.0112655 0.00889073 0.0107665 0.0110696 0.00456141 0.00380042 0.00383422 0.00375524 0.00383062 0.00392679 0 0.00371791 0.00369943 0.00377221 0.0046972 0.00677933 0.0175518 0.0348903 0.0130893 0.0106806 0.0102964 0.0117262 0.0207696 0.0289143 0.071539 0.0256076 0.146913 0.0162871 0.0139809 0.0143586 0.0295837 0.0504095 0.0190143 0.0112831 0.011617 0.0183129 0.0154528 0.0133045 0.00913739 0.0112026 0.0133086 0.0134458 0.0140434 0.0149765 0.0140896 0.00981691 0.0101189 0.00973587 0.0156648 0.0229274 0.0188456 0.0117004 0.0098742 0.0309195 0.036235 0.0763915 0.036091 0.0254391 0.0114587 
0.0102234 0.00836136 0.00805888 0.00964344 0.00661149 0.00522931 0.00375506 0.00384302 0.00390928 0.00460535 0.00369467 0.00371791 0 0.00376769 0.00372809 0.00443518 0.00810715 0.658108 0.0099977 0.010209 0.0115572 0.0107426 0.0103385 0.0256482 0.0245332 0.0369128 0.0408646 0.0317704 0.05021 0.0106351 0.0143601 0.0214569 0.0624349 0.0131337 0.0103306 0.00953234 0.0206625 0.0113984 0.0138734 0.00885082 0.00997144 0.0120009 0.0118975 0.0201032 0.0110837 0.0137234 0.00930811 0.00915591 0.0101849 0.0182616 0.017426 0.019642 0.00966644 0.0116141 0.021153 0.0377807 0.0582414 0.0339051 0.0159521 0.0107429 
0.0113614 0.00923052 0.0133407 0.00814807 0.00753374 0.00587658 0.00428383 0.00458427 0.0039071 0.00375624 0.00371887 0.00369943 0.00376769 0 0.00390073 0.00630245 0.865841 0.00604885 0.00982643 0.0121537 0.00755377 0.00986368 0.0146895 0.0146704 0.0208681 0.0157739 0.0238811 0.018423 0.0253761 0.0261057 0.0115729 0.0315285 0.0158416 0.0288826 0.00962645 0.0146166 0.0102147 0.020768 0.00929156 0.00946706 0.0120158 0.0110334 0.0168357 0.00927242 0.0106075 0.0107125 0.0117474 0.00949353 0.0109433 0.0096634 0.0145719 0.013954 0.01383 0.00951441 0.012536 0.0202419 0.0212653 0.0157821 0.0131746 0.00983574 
0.0161868 0.0205185 0.00899276 0.00691795 0.00738197 0.00602996 0.00720599 0.00474564 0.00384917 0.00416814 0.00377718 0.00377221 0.00372809 0.00390073 0 0.94502 0.00397141 0.0047701 0.0192354 0.00613134 0.00704174 0.00910763 0.0155084 0.014591 0.0104178 0.0129028 0.0102819 0.0133907 0.0112384 0.0173381 0.0221455 0.0105906 0.0119044 0.0108087 0.0148303 0.0114415 0.0141261 0.00892752 0.0122034 0.0120645 0.0133089 0.0166132 0.00915409 0.0103712 0.00880298 0.00953839 0.0111381 0.0142258 0.00871552 0.00978424 0.00897297 0.010659 0.0111691 0.0117924 0.0117988 0.00991423 0.011382 0.00956782 0.0101459 0.0107453 
0.0157625 0.00856252 0.00770538 0.0108176 0.0101412 0.0119094 0.00621821 0.00591719 0.0106631 0.00556358 0.00490319 0.0046972 0.00443518 0.00630245 0.94502 0 0.00372057 0.0045524 0.0112627 0.0103915 0.0180453 0.0270707 0.00865014 0.00713479 0.0127745 0.00861968 0.0132108 0.00934062 0.0155166 0.0154434 0.0108889 0.0112857 0.0109656 0.0128283 0.0141981 0.0139002 0.00928094 0.0140033 0.0114738 0.011843 0.0121462 0.0096206 0.0100667 0.0089591 0.0100308 0.00933825 0.0216522 0.00909812 0.00882357 0.00882637 0.00951078 0.00930745 0.0167805 0.00936657 0.00970722 0.0105162 0.009612 0.00968613 0.00994384 0.01389 
0.0102557 0.00797693 0.0132441 0.00816004 0.0112301 0.00659481 0.00642414 0.00940417 0.00585202 0.00607819 0.00504884 0.00677933 0.00810715 0.865841 0.00397141 0.00372057 0 0.00382589 0.00880398 0.0173932 0.014195 0.00463343 0.00684826 0.0108889 0.00738423 0.0105849 0.00886969 0.0218362 0.0148349 0.0102628 0.00929096 0.0173088 0.0112982 0.0130157 0.0105875 0.00892429 0.0181227 0.00972208 0.00961173 0.0085728 0.00876483 0.00903164 0.0100439 0.00918423 0.00872328 0.0125437 0.00879122 0.0088679 0.00890907 0.00890728 0.00903392 0.0198369 0.00946725 0.00845343 0.013804 0.00934642 0.0107576 0.00904696 0.0131146 0.00910561 
0.0138753 0.0208182 0.00886854 0.00829187 0.00811513 0.00635917 0.0115915 0.00738633 0.00665456 0.00612466 0.00702066 0.0175518 0.658108 0.00604885 0.0047701 0.0045524 0.00382589 0 0.0816464 0.00744773 0.00431193 0.00509372 0.0174995 0.00740218 0.0101036 0.00757148 0.0126689 0.00931692 0.00986861 0.0087338 0.0148696 0.00993336 0.00946615 0.0101828 0.00884126 0.0203101 0.00874335 0.0119274 0.00886582 0.0115134 0.0144432 0.0129882 0.0102285 0.00884233 0.00934984 0.00856981 0.0112346 0.0110189 0.00907803 0.00886289 0.00980072 0.00886935 0.0142878 0.0119223 0.00900732 0.0104356 0.00956095 0.00947634 0.0087188 0.00975402 
0.0265995 0.0115262 0.0118007 0.00898053 0.0128864 0.0195945 0.00963784 0.00911841 0.00870198 0.0158355 0.0124054 0.0348903 0.0099977 0.00982643 0.0192354 0.0112627 0.00880398 0.0816464 0 0.00370614 0.0040235 0.00492947 0.00497463 0.0179591 0.00773717 0.0364654 0.010871 0.0115502 0.00808287 0.0225003 0.0113918 0.00993418 0.0109216 0.00982179 0.0448343 0.0105848 0.0337505 0.00940989 0.0506786 0.0119103 0.013124 0.0134242 0.00993383 0.0164895 0.00906221 0.0149428 0.0147249 0.0174054 0.0088357 0.0139307 0.00916398 0.0147403 0.0154097 0.00905593 0.0171219 0.00923781 0.0157201 0.0101966 0.0177641 0.0141353 
0.0145053 0.0130696 0.00930322 0.0150222 0.0177795 0.00883621 0.0105286 0.0113613 0.0205673 0.010185 0.0576165 0.0130893 0.010209 0.0121537 0.00613134 0.0103915 0.0173932 0.00744773 0.00370614 0 0.00378517 0.00377006 0.0109517 0.00457575 0.030954 0.0065584 0.00915201 0.00715911 0.0145099 0.00711658 0.0107091 0.0145877 0.0120582 0.0255517 0.00885518 0.0243113 0.00890297 0.0635944 0.0088365 0.0111072 0.0134423 0.0104351 0.0280773 0.0088103 0.0178677 0.00941634 0.0151807 0.00935857 0.016946 0.00884776 0.0255459 0.0106364 0.0109707 0.0118422 0.00936919 0.0288494 0.0111873 0.0225902 0.0101511 0.009654 
0.00920741 0.00960102 0.014946 0.0105912 0.010413 0.00787829 0.00846796 0.0220529 0.011384 0.040163 0.00958772 0.0106806 0.0115572 0.00755377 0.00704174 0.0180453 0.014195 0.00431193 0.0040235 0.00378517 0 0.00374128 0.00396283 0.0442603 0.00456307 0.00790581 0.00554899 0.011763 0.00669894 0.00788913 0.00760951 0.0113916 0.0144999 0.00822551 0.00988322 0.00844695 0.026022 0.00871499 0.01041 0.00806016 0.00848606 0.009501 0.00888274 0.0147796 0.00860682 0.0120206 0.00847854 0.00981406 0.00856805 0.0115222 0.00893766 0.0231664 0.00900493 0.00863426 0.0145071 0.00934999 0.0141544 0.010044 0.0156181 0.0088518 
0.0125104 0.0206742 0.00945825 0.00853775 0.00887579 0.00841955 0.0236264 0.0147504 0.0197763 0.00994364 0.0101035 0.0102964 0.0107426 0.00986368 0.00910763 0.0270707 0.00463343 0.00509372 0.00492947 0.00377006 0.00374128 0 0.0677379 0.00487835 0.00633705 0.00507184 0.00560042 0.00591324 0.00683246 0.00639198 0.0121625 0.0153886 0.00777638 0.00872136 0.00842245 0.0245892 0.00888422 0.0104839 0.00931549 0.0118824 0.0137489 0.0121903 0.0100027 0.00870574 0.00953388 0.00864401 0.0107987 0.0125614 0.00907282 0.00874607 0.00946649 0.00882769 0.011433 0.0117266 0.00887673 0.00991899 0.00931461 0.010528 0.00903997 0.00979995 
0.026546 0.0163083 0.00908073 0.0117597 0.0128066 0.0137928 0.0227613 0.0107642 0.0147928 0.00955846 0.017266 0.0117262 0.0103385 0.0146895 0.0155084 0.00865014 0.00684826 0.0174995 0.00497463 0.0109517 0.00396283 0.0677379 0 0.00374243 0.00374703 0.00372229 0.00400652 0.00379058 0.00449164 0.00609447 0.0083231 0.00823964 0.00716866 0.0215061 0.0097411 0.0588512 0.00851523 0.0333845 0.0113649 0.0211552 0.0360279 0.0128494 0.0164649 0.00882652 0.0165222 0.00958881 0.130335 0.012246 0.0118722 0.00878928 0.0154914 0.00910302 0.0313762 0.0159619 0.00907723 0.0160465 0.0106377 0.0128502 0.0132323 0.0209497 
0.0138379 0.009385 0.0165493 0.0103471 0.0187587 0.0108565 0.0101783 0.0480723 0.00994997 0.0323073 0.0117006 0.0207696 0.0256482 0.0146704 0.014591 0.00713479 0.0108889 0.00740218 0.0179591 0.00457575 0.0442603 0.00487835 0.00374243 0 0.00372356 0.00369959 0.00373038 0.00391702 0.00389295 0.00393868 0.00706178 0.00672872 0.0167579 0.00815231 0.0276374 0.00882634 0.0731136 0.0092089 0.020284 0.00936171 0.00908649 0.0118925 0.0115293 0.0266468 0.00897651 0.134648 0.00931303 0.0136338 0.00927094 0.0212995 0.00914839 0.0559172 0.0097162 0.00931992 0.053688 0.0126289 0.0464063 0.0128979 0.037673 0.0104337 
0.0104523 0.010758 0.0101077 0.0287274 0.012527 0.00954833 0.0103338 0.0101537 0.0874206 0.0115169 0.0549902 0.0289143 0.0245332 0.0208681 0.0104178 0.0127745 0.00738423 0.0101036 0.00773717 0.030954 0.00456307 0.00633705 0.00374703 0.00372356 0 0.0037053 0.00373669 0.00374707 0.00380295 0.00388143 0.00638228 0.0106018 0.00727693 0.028083 0.0131042 0.0261269 0.00869844 0.0379212 0.00990934 0.0100271 0.0150781 0.0105952 0.0388768 0.00922764 0.149885 0.00928577 0.0150059 0.00939444 0.0183491 0.0108859 0.117498 0.0106009 0.0265308 0.0130304 0.0118284 0.0894733 0.0283581 0.103148 0.0148471 0.012674 
0.0109029 0.0109484 0.0180522 0.0141623 0.0186445 0.0120371 0.0102694 0.0248638 0.0123886 0.129732 0.0301344 0.071539 0.0369128 0.0157739 0.0129028 0.00861968 0.0105849 0.00757148 0.0364654 0.0065584 0.00790581 0.00507184 0.00372229 0.00369959 0.0037053 0 0.00371551 0.00376192 0.00375217 0.00375441 0.00692516 0.00698541 0.0200661 0.0198971 0.0139889 0.00957513 0.0332352 0.00970604 0.0254947 0.00899653 0.0106849 0.0203049 0.010204 0.165016 0.00984357 0.0369813 0.00940937 0.0140237 0.00977346 0.0707883 0.0129951 0.0619797 0.0117826 0.0104212 0.0569027 0.0294175 0.210149 0.0346953 0.0380443 0.0140476 
0.0112978 0.0116956 0.0119901 0.0358018 0.0146782 0.0100897 0.0107494 0.0108074 0.0632646 0.0149474 0.187139 0.0256076 0.0408646 0.0238811 0.0102819 0.0132108 0.00886969 0.0126689 0.010871 0.00915201 0.00554899 0.00560042 0.00400652 0.00373038 0.00373669 0.00371551 0 0.00372387 0.00374967 0.00373274 0.00508903 0.0122636 0.0252123 0.0260983 0.00785538 0.015515 0.00940419 0.0266922 0.0101133 0.00963122 0.01687 0.011445 0.14502 0.0100517 0.0620013 0.00980797 0.0177246 0.009578 0.0351274 0.0104546 0.0823086 0.0140838 0.018265 0.012752 0.0129891 0.134054 0.0437053 0.116491 0.0206143 0.0150125 
0.0102938 0.00959169 0.015457 0.0143619 0.0170232 0.00918165 0.010474 0.0209922 0.0154705 0.0782221 0.0184974 0.146913 0.0317704 0.018423 0.0133907 0.00934062 0.0218362 0.00931692 0.0115502 0.00715911 0.011763 0.00591324 0.00379058 0.00391702 0.00374707 0.00376192 0.00372387 0 0.00371644 0.0037204 0.00583259 0.0260768 0.0281568 0.0113337 0.00999555 0.00853832 0.026211 0.00943785 0.0237993 0.00878435 0.00955255 0.071733 0.0109947 0.0473322 0.00957558 0.0256074 0.00900848 0.0128242 0.0090151 0.0387286 0.0129441 0.0471587 0.011308 0.0104241 0.0541253 0.0247699 0.150472 0.0290859 0.0285911 0.0130318 
0.0115398 0.0158273 0.0129625 0.0124631 0.0166499 0.00940806 0.0118551 0.0150219 0.0184808 0.012268 0.0269096 0.0162871 0.05021 0.0253761 0.0112384 0.0155166 0.0148349 0.00986861 0.00808287 0.0145099 0.00669894 0.00683246 0.00449164 0.00389295 0.00380295 0.00375217 0.00374967 0.00371644 0 0.00373936 0.00844575 0.020942 0.00791506 0.011336 0.00632923 0.0138683 0.00890941 0.0206192 0.00888566 0.0102571 0.0173924 0.010539 0.0311626 0.00887587 0.0151957 0.0103438 0.0167327 0.0100403 0.0209189 0.0095268 0.0211848 0.0159836 0.0201844 0.015075 0.0119203 0.0359866 0.0183547 0.0247483 0.0203945 0.0141685 
0.0145319 0.017365 0.0100132 0.00980596 0.00929158 0.0179255 0.0188977 0.0111837 0.0108347 0.0122682 0.0105352 0.0139809 0.0106351 0.0261057 0.0173381 0.0154434 0.0102628 0.0087338 0.0225003 0.00711658 0.00788913 0.00639198 0.00609447 0.00393868 0.00388143 0.00375441 0.00373274 0.0037204 0.00373936 0 0.0135685 0.0085532 0.0071904 0.00520739 0.00742902 0.0103825 0.0111888 0.00940094 0.0122699 0.0341472 0.0151497 0.0219481 0.00972508 0.0109865 0.00881343 0.0100838 0.0108251 0.0201815 0.00903441 0.01269 0.00932313 0.0142156 0.017941 0.0144758 0.0123976 0.0106787 0.0137055 0.0104423 0.0133087 0.0122869 
0.0130407 0.0101918 0.00928504 0.00929758 0.0109136 0.0137218 0.0122448 0.010924 0.0108236 0.0117833 0.0161812 0.0143586 0.0143601 0.0115729 0.0221455 0.0108889 0.00929096 0.0148696 0.0113918 0.0107091 0.00760951 0.0121625 0.0083231 0.00706178 0.00638228 0.00692516 0.00508903 0.00583259 0.00844575 0.0135685 0 0.00399991 0.0036938 0.00371945 0.0038601 0.00921779 0.00853071 0.0092453 0.690825 0.0166256 0.0128467 0.00992484 0.00979052 0.00940695 0.00923582 0.00938796 0.0233809 0.0115663 0.00943272 0.00936592 0.00978456 0.0110293 0.0261188 0.0124021 0.0154231 0.0159043 0.0167663 0.0149585 0.0142912 0.0190506 
0.00899494 0.00919264 0.0105196 0.013831 0.0200173 0.00993029 0.00956414 0.0140394 0.0206119 0.0178245 0.0268862 0.0295837 0.0214569 0.0315285 0.0105906 0.0112857 0.0173088 0.00993336 0.00993418 0.0145877 0.0113916 0.0153886 0.00823964 0.00672872 0.0106018 0.00698541 0.0122636 0.0260768 0.020942 0.0085532 0.00399991 0 0.00370177 0.00371838 0.00371507 0.00732201 0.00965126 0.837654 0.0163079 0.00731667 0.00817477 0.00857005 0.0112646 0.00978279 0.0106454 0.0129979 0.00985314 0.010881 0.0115082 0.00988822 0.0189389 0.0173548 0.0110391 0.010246 0.0200504 0.0328313 0.0289446 0.02811 0.0292954 0.0122373 
0.00886577 0.0089309 0.0131927 0.0165099 0.0132885 0.00902679 0.00926555 0.0167034 0.0139234 0.0395473 0.0201607 0.0504095 0.0624349 0.0158416 0.0119044 0.0109656 0.0112982 0.00946615 0.0109216 0.0120582 0.0144999 0.00777638 0.00716866 0.0167579 0.00727693 0.0200661 0.0252123 0.0281568 0.00791506 0.0071904 0.0036938 0.00370177 0 0.00370514 0.00371049 0.00496916 0.864787 0.0163887 0.0125942 0.00654569 0.0077165 0.00906638 0.00943333 0.0226921 0.011044 0.0136057 0.00920424 0.0106235 0.00925283 0.0206249 0.0134652 0.0272428 0.0110053 0.00974694 0.0301112 0.021946 0.0962586 0.0330119 0.0194941 0.012449 
0.00991732 0.0117175 0.0115358 0.0111004 0.0115855 0.00899348 0.0109162 0.0113105 0.0158027 0.010047 0.025663 0.0190143 0.0131337 0.0288826 0.0108087 0.0128283 0.0130157 0.0101828 0.00982179 0.0255517 0.00822551 0.00872136 0.0215061 0.00815231 0.028083 0.0198971 0.0260983 0.0113337 0.011336 0.00520739 0.00371945 0.00371838 0.00370514 0 0.00370029 0.905593 0.00659455 0.0146568 0.00639881 0.00759912 0.0122542 0.00883588 0.0295759 0.00877395 0.0126777 0.00880328 0.013503 0.00928948 0.0186217 0.00925454 0.018048 0.0110338 0.0140312 0.0134847 0.00967957 0.0306659 0.0159858 0.0248157 0.0136318 0.0125933 
0.0103362 0.0157251 0.0108288 0.00862316 0.00969929 0.0101296 0.0134246 0.0111911 0.00892749 0.015828 0.00955556 0.0112831 0.0103306 0.00962645 0.0148303 0.0141981 0.0105875 0.00884126 0.0448343 0.00885518 0.00988322 0.00842245 0.0097411 0.0276374 0.0131042 0.0139889 0.00785538 0.00999555 0.00632923 0.00742902 0.0038601 0.00371507 0.00371049 0.00370029 0 0.0151515 0.0192933 0.00421888 0.00811795 0.00608167 0.00660477 0.0117057 0.0084779 0.0113443 0.00764539 0.0109776 0.00818811 0.0202862 0.00878636 0.0113137 0.00858273 0.0128601 0.01064 0.0103226 0.0149415 0.00943523 0.0184921 0.00932978 0.0122061 0.011699 
0.018253 0.0132043 0.00893817 0.0116831 0.014693 0.012329 0.0113802 0.00931508 0.0147145 0.00921561 0.0152467 0.011617 0.00953234 0.0146166 0.0114415 0.0139002 0.00892429 0.0203101 0.0105848 0.0243113 0.00844695 0.0245892 0.0588512 0.00882634 0.0261269 0.00957513 0.015515 0.00853832 0.0138683 0.0103825 0.00921779 0.00732201 0.00496916 0.905593 0.0151515 0 0.00388493 0.0056454 0.0040065 0.00544042 0.0142795 0.00640909 0.0214329 0.00622246 0.0149463 0.00703914 0.046619 0.00867955 0.0113603 0.00805926 0.0162261 0.00859655 0.0313945 0.023756 0.00882188 0.0159629 0.0102233 0.0151518 0.0112051 0.0232523 
0.0105313 0.00897563 0.0131605 0.0108466 0.015559 0.00992711 0.0102965 0.0159043 0.00990093 0.0296974 0.0114002 0.0183129 0.0206625 0.0102147 0.0141261 0.00928094 0.0181227 0.00874335 0.0337505 0.00890297 0.026022 0.00888422 0.00851523 0.0731136 0.00869844 0.0332352 0.00940419 0.026211 0.00890941 0.0111888 0.00853071 0.00965126 0.864787 0.00659455 0.0192933 0.00388493 0 0.00369836 0.0038906 0.00372515 0.00389539 0.009847 0.00581374 0.0182314 0.00637557 0.0226046 0.00660706 0.0106982 0.00788059 0.0226428 0.0083353 0.0279758 0.00891097 0.00934772 0.0628979 0.010117 0.0396906 0.0111717 0.0293777 0.011523 
0.00975405 0.0125018 0.00954058 0.0210714 0.0135988 0.00906291 0.011072 0.0109089 0.019139 0.00945014 0.0179574 0.0154528 0.0113984 0.020768 0.00892752 0.0140033 0.00972208 0.0119274 0.00940989 0.0635944 0.00871499 0.0104839 0.0333845 0.0092089 0.0379212 0.00970604 0.0266922 0.00943785 0.0206192 0.00940094 0.0092453 0.837654 0.0163887 0.0146568 0.00421888 0.0056454 0.00369836 0 0.00372053 0.00393528 0.00609936 0.004652 0.0179113 0.0050516 0.01357 0.00656135 0.0105238 0.0078961 0.0306245 0.00801283 0.0324967 0.00853023 0.0127726 0.0154051 0.00924515 0.0324755 0.0101561 0.0246437 0.0113791 0.0115632 
0.0104801 0.0124027 0.010858 0.00905626 0.00892196 0.0100129 0.014145 0.0113158 0.00925221 0.0231595 0.0110085 0.0133045 0.0138734 0.00929156 0.0122034 0.0114738 0.00961173 0.00886582 0.0506786 0.0088365 0.01041 0.00931549 0.0113649 0.020284 0.00990934 0.0254947 0.0101133 0.0237993 0.00888566 0.0122699 0.690825 0.0163079 0.0125942 0.00639881 0.00811795 0.0040065 0.0038906 0.00372053 0 0.00400472 0.00381494 0.00679069 0.00446357 0.0197659 0.00512074 0.0068606 0.00615877 0.0161533 0.00752642 0.0151854 0.00820569 0.0103263 0.00938673 0.0114821 0.0176632 0.0100271 0.025969 0.0102594 0.0138561 0.0107847 
0.0129452 0.0121308 0.0082614 0.00850351 0.00875314 0.0107965 0.0119829 0.00885633 0.00944935 0.00870936 0.00955729 0.00913739 0.00885082 0.00946706 0.0120645 0.011843 0.0085728 0.0115134 0.0119103 0.0111072 0.00806016 0.0118824 0.0211552 0.00936171 0.0100271 0.00899653 0.00963122 0.00878435 0.0102571 0.0341472 0.0166256 0.00731667 0.00654569 0.00759912 0.00608167 0.00544042 0.00372515 0.00393528 0.00400472 0 0.0328715 0.00488155 0.00459682 0.00405729 0.00402356 0.00408667 0.00737412 0.00775871 0.00695841 0.00683438 0.00761228 0.00723613 0.0132566 0.0136686 0.00881515 0.00975863 0.00920747 0.0099137 0.00895225 0.0159849 
0.0193352 0.0120062 0.00858459 0.00878344 0.0108354 0.0118122 0.0115891 0.00897926 0.0110447 0.00935981 0.0117547 0.0112026 0.00997144 0.0120158 0.0133089 0.0121462 0.00876483 0.0144432 0.013124 0.0134423 0.00848606 0.0137489 0.0360279 0.00908649 0.0150781 0.0106849 0.01687 0.00955255 0.0173924 0.0151497 0.0128467 0.00817477 0.0077165 0.0122542 0.00660477 0.0142795 0.00389539 0.00609936 0.00381494 0.0328715 0 0.00612301 0.003823 0.00372068 0.00447626 0.00380434 0.00800888 0.00676732 0.0072795 0.00702132 0.00914206 0.0074392 0.0261369 0.0196343 0.00975386 0.0134246 0.00988958 0.011437 0.0103247 0.021707 
0.0111181 0.00903066 0.00856894 0.0088783 0.00935588 0.0114708 0.00994814 0.00898189 0.00958287 0.0112495 0.0106588 0.0133086 0.0120009 0.0110334 0.0166132 0.0096206 0.00903164 0.0129882 0.0134242 0.0104351 0.009501 0.0121903 0.0128494 0.0118925 0.0105952 0.0203049 0.011445 0.071733 0.010539 0.0219481 0.00992484 0.00857005 0.00906638 0.00883588 0.0117057 0.00640909 0.009847 0.004652 0.00679069 0.00488155 0.00612301 0 0.00373336 0.00371104 0.00380743 0.00377906 0.00554726 0.00577285 0.00625018 0.0108331 0.00802253 0.0113627 0.0500706 0.0102329 0.0110679 0.0109076 0.0164112 0.0117706 0.0129241 0.0193998 
0.00928517 0.00909933 0.00869611 0.0103781 0.010621 0.00880832 0.00906205 0.00925483 0.0150376 0.00999233 0.0212616 0.0134458 0.0118975 0.0168357 0.00915409 0.0100667 0.0100439 0.0102285 0.00993383 0.0280773 0.00888274 0.0100027 0.0164649 0.0115293 0.0388768 0.010204 0.14502 0.0109947 0.0311626 0.00972508 0.00979052 0.0112646 0.00943333 0.0295759 0.0084779 0.0214329 0.00581374 0.0179113 0.00446357 0.00459682 0.003823 0.00373336 0 0.00371423 0.0038006 0.00379179 0.00469551 0.00531607 0.00751689 0.0066049 0.0221743 0.0168081 0.0184683 0.0140202 0.0108659 0.0221952 0.0114103 0.0221095 0.0169852 0.0116864 
0.00861021 0.00846442 0.00989378 0.00899107 0.00989476 0.00853998 0.00872157 0.0104793 0.00921213 0.0244785 0.0105954 0.0140434 0.0201032 0.00927242 0.0103712 0.0089591 0.00918423 0.00884233 0.0164895 0.0088103 0.0147796 0.00870574 0.00882652 0.0266468 0.00922764 0.165016 0.0100517 0.0473322 0.00887587 0.0109865 0.00940695 0.00978279 0.0226921 0.00877395 0.0113443 0.00622246 0.0182314 0.0050516 0.0197659 0.00405729 0.00372068 0.00371104 0.00371423 0 0.00382969 0.00375904 0.00409031 0.00501112 0.0051746 0.0317002 0.0102129 0.0209645 0.00766734 0.00845838 0.0213151 0.0103544 0.0281769 0.0114721 0.0152178 0.0110169 
0.00908026 0.00927113 0.0086259 0.016566 0.00909113 0.00879397 0.00897183 0.00878839 0.0242382 0.00936119 0.0184799 0.0149765 0.0110837 0.0106075 0.00880298 0.0100308 0.00872328 0.00934984 0.00906221 0.0178677 0.00860682 0.00953388 0.0165222 0.00897651 0.149885 0.00984357 0.0620013 0.00957558 0.0151957 0.00881343 0.00923582 0.0106454 0.011044 0.0126777 0.00764539 0.0149463 0.00637557 0.01357 0.00512074 0.00402356 0.00447626 0.00380743 0.0038006 0.00382969 0 0.0037673 0.00389076 0.00410862 0.0108744 0.0111802 0.022423 0.00578143 0.00698215 0.010472 0.00906535 0.0323775 0.0112782 0.0243209 0.00970104 0.0105576 
0.00867698 0.00902497 0.0101277 0.0086013 0.00986118 0.00837288 0.00870964 0.0126433 0.00919045 0.0173301 0.0108995 0.0140896 0.0137234 0.0107125 0.00953839 0.00933825 0.0125437 0.00856981 0.0149428 0.00941634 0.0120206 0.00864401 0.00958881 0.134648 0.00928577 0.0369813 0.00980797 0.0256074 0.0103438 0.0100838 0.00938796 0.0129979 0.0136057 0.00880328 0.0109776 0.00703914 0.0226046 0.00656135 0.0068606 0.00408667 0.00380434 0.00377906 0.00379179 0.00375904 0.0037673 0 0.00392825 0.00771066 0.0125921 0.0193727 0.00541824 0.00868235 0.00662292 0.00943971 0.0271613 0.0099309 0.0272288 0.010178 0.0233807 0.00968697 
0.0123331 0.0174051 0.00921956 0.0091105 0.0095963 0.00902325 0.0173805 0.0092667 0.0109805 0.00912106 0.0118556 0.00981691 0.00930811 0.0117474 0.0111381 0.0216522 0.00879122 0.0112346 0.0147249 0.0151807 0.00847854 0.0107987 0.130335 0.00931303 0.0150059 0.00940937 0.0177246 0.00900848 0.0167327 0.0108251 0.0233809 0.00985314 0.00920424 0.013503 0.00818811 0.046619 0.00660706 0.0105238 0.00615877 0.00737412 0.00800888 0.00554726 0.00469551 0.00409031 0.00389076 0.00392825 0 0.0197482 0.0131512 0.00469309 0.00637603 0.00519599 0.00848151 0.0263909 0.00873654 0.0136541 0.00974328 0.0126081 0.0108558 0.0361091 
0.0114153 0.00856428 0.00840113 0.00819771 0.00933058 0.0104531 0.00885629 0.00850912 0.00858173 0.00951197 0.00952272 0.0101189 0.00915591 0.00949353 0.0142258 0.00909812 0.0088679 0.0110189 0.0174054 0.00935857 0.00981406 0.0125614 0.012246 0.0136338 0.00939444 0.0140237 0.009578 0.0128242 0.0100403 0.0201815 0.0115663 0.010881 0.0106235 0.00928948 0.0202862 0.00867955 0.0106982 0.0078961 0.0161533 0.00775871 0.00676732 0.00577285 0.00531607 0.00501112 0.00410862 0.00771066 0.0197482 0 0.0039317 0.00384725 0.00373309 0.00381021 0.00483243 0.011896 0.0125807 0.00918012 0.0133086 0.024688 0.759915 0.0222098 
0.00880238 0.00830136 0.00830198 0.00911134 0.00893804 0.00858797 0.00827492 0.00870256 0.0102288 0.00882626 0.0142628 0.00973587 0.0101849 0.0109433 0.00871552 0.00882357 0.00890907 0.00907803 0.0088357 0.016946 0.00856805 0.00907282 0.0118722 0.00927094 0.0183491 0.00977346 0.0351274 0.0090151 0.0209189 0.00903441 0.00943272 0.0115082 0.00925283 0.0186217 0.00878636 0.0113603 0.00788059 0.0306245 0.00752642 0.00695841 0.0072795 0.00625018 0.00751689 0.0051746 0.0108744 0.0125921 0.0131512 0.0039317 0 0.00395711 0.00372583 0.00366985 0.003942 0.0102705 0.00795502 0.0122479 0.0115718 0.826475 0.0237293 0.00961763 
0.008505 0.00819381 0.00922512 0.00875215 0.0095144 0.00850837 0.00836122 0.0101961 0.00897003 0.0235062 0.0116655 0.0156648 0.0182616 0.0096634 0.00978424 0.00882637 0.00890728 0.00886289 0.0139307 0.00884776 0.0115222 0.00874607 0.00878928 0.0212995 0.0108859 0.0707883 0.0104546 0.0387286 0.0095268 0.01269 0.00936592 0.00988822 0.0206249 0.00925454 0.0113137 0.00805926 0.0226428 0.00801283 0.0151854 0.00683438 0.00702132 0.0108331 0.0066049 0.0317002 0.0111802 0.0193727 0.00469309 0.00384725 0.00395711 0 0.00416392 0.00376441 0.00376741 0.00783949 0.0157004 0.0107227 0.924406 0.0108548 0.0149435 0.0104313 
0.00883032 0.00901397 0.00870673 0.0152597 0.00930999 0.00872209 0.00899109 0.00938197 0.0280763 0.0109037 0.0259887 0.0229274 0.017426 0.0145719 0.00897297 0.00951078 0.00903392 0.00980072 0.00916398 0.0255459 0.00893766 0.00946649 0.0154914 0.00914839 0.117498 0.0129951 0.0823086 0.0129441 0.0211848 0.00932313 0.00978456 0.0189389 0.0134652 0.018048 0.00858273 0.0162261 0.0083353 0.0324967 0.00820569 0.00761228 0.00914206 0.00802253 0.0221743 0.0102129 0.022423 0.00541824 0.00637603 0.00373309 0.00372583 0.00416392 0 0.00371819 0.0038545 0.017422 0.0087118 0.923035 0.0134726 0.022142 0.0102914 0.0166355 
0.00853505 0.00866661 0.0108018 0.00895735 0.0120689 0.00856853 0.00884429 0.0172913 0.00955413 0.0203238 0.0122205 0.0188456 0.019642 0.013954 0.010659 0.00930745 0.0198369 0.00886935 0.0147403 0.0106364 0.0231664 0.00882769 0.00910302 0.0559172 0.0106009 0.0619797 0.0140838 0.0471587 0.0159836 0.0142156 0.0110293 0.0173548 0.0272428 0.0110338 0.0128601 0.00859655 0.0279758 0.00853023 0.0103263 0.00723613 0.0074392 0.0113627 0.0168081 0.0209645 0.00578143 0.00868235 0.00519599 0.00381021 0.00366985 0.00376441 0.00371819 0 0.00378601 0.00847596 0.852628 0.0136993 0.0275541 0.00989691 0.0519867 0.0114628 
0.0112995 0.0128435 0.00905628 0.00910049 0.00956573 0.00988758 0.0152576 0.00950021 0.011375 0.0103106 0.012166 0.0117004 0.00966644 0.01383 0.0111691 0.0167805 0.00946725 0.0142878 0.0154097 0.0109707 0.00900493 0.011433 0.0313762 0.0097162 0.0265308 0.0117826 0.018265 0.011308 0.0201844 0.017941 0.0261188 0.0110391 0.0110053 0.0140312 0.01064 0.0313945 0.00891097 0.0127726 0.00938673 0.0132566 0.0261369 0.0500706 0.0184683 0.00766734 0.00698215 0.00662292 0.00848151 0.00483243 0.003942 0.00376741 0.0038545 0.00378601 0 0.85786 0.0100898 0.0255492 0.0128459 0.0265451 0.0202753 0.0447482 
0.010402 0.00906181 0.00809376 0.00830763 0.00889907 0.0092974 0.00846985 0.00868194 0.00902173 0.00887797 0.0105499 0.0098742 0.0116141 0.00951441 0.0117924 0.00936657 0.00845343 0.0119223 0.00905593 0.0118422 0.00863426 0.0117266 0.0159619 0.00931992 0.0130304 0.0104212 0.012752 0.0104241 0.015075 0.0144758 0.0124021 0.010246 0.00974694 0.0134847 0.0103226 0.023756 0.00934772 0.0154051 0.0114821 0.0136686 0.0196343 0.0102329 0.0140202 0.00845838 0.010472 0.00943971 0.0263909 0.011896 0.0102705 0.00783949 0.017422 0.00847596 0.85786 0 0.00371296 0.00365488 0.00365241 0.00375841 0.00401247 0.00856997 
0.00873571 0.00831151 0.00927875 0.0090863 0.00925485 0.00868762 0.00868732 0.0110785 0.0103939 0.0207087 0.0151474 0.0309195 0.021153 0.012536 0.0117988 0.00970722 0.013804 0.00900732 0.0171219 0.00936919 0.0145071 0.00887673 0.00907723 0.053688 0.0118284 0.0569027 0.0129891 0.0541253 0.0119203 0.0123976 0.0154231 0.0200504 0.0301112 0.00967957 0.0149415 0.00882188 0.0628979 0.00924515 0.0176632 0.00881515 0.00975386 0.0110679 0.0108659 0.0213151 0.00906535 0.0271613 0.00873654 0.0125807 0.00795502 0.0157004 0.0087118 0.852628 0.0100898 0.00371296 0 0.00371896 0.00377221 0.00377279 0.00419041 0.00423087 
0.00889989 0.00883962 0.00921064 0.0120757 0.0112184 0.00843991 0.00890918 0.0106386 0.0275045 0.0169043 0.0711847 0.036235 0.0377807 0.0202419 0.00991423 0.0105162 0.00934642 0.0104356 0.00923781 0.0288494 0.00934999 0.00991899 0.0160465 0.0126289 0.0894733 0.0294175 0.134054 0.0247699 0.0359866 0.0106787 0.0159043 0.0328313 0.021946 0.0306659 0.00943523 0.0159629 0.010117 0.0324755 0.0100271 0.00975863 0.0134246 0.0109076 0.0221952 0.0103544 0.0323775 0.0099309 0.0136541 0.00918012 0.0122479 0.0107227 0.923035 0.0136993 0.0255492 0.00365488 0.00371896 0 0.00371981 0.00382449 0.00388732 0.00428924 
0.00882491 0.00863841 0.0102506 0.0135011 0.011012 0.00877301 0.00894822 0.0139432 0.0170347 0.0640856 0.0404283 0.0763915 0.0582414 0.0212653 0.011382 0.009612 0.0107576 0.00956095 0.0157201 0.0111873 0.0141544 0.00931461 0.0106377 0.0464063 0.0283581 0.210149 0.0437053 0.150472 0.0183547 0.0137055 0.0167663 0.0289446 0.0962586 0.0159858 0.0184921 0.0102233 0.0396906 0.0101561 0.025969 0.00920747 0.00988958 0.0164112 0.0114103 0.0281769 0.0112782 0.0272288 0.00974328 0.0133086 0.0115718 0.924406 0.0134726 0.0275541 0.0128459 0.00365241 0.00377221 0.00371981 0 0.00384491 0.003902 0.00395243 
0.00899998 0.00906425 0.00912869 0.0163081 0.0101842 0.00837701 0.00931598 0.0103419 0.032461 0.0178636 0.045961 0.036091 0.0339051 0.0157821 0.00956782 0.00968613 0.00904696 0.00947634 0.0101966 0.0225902 0.010044 0.010528 0.0128502 0.0128979 0.103148 0.0346953 0.116491 0.0290859 0.0247483 0.0104423 0.0149585 0.02811 0.0330119 0.0248157 0.00932978 0.0151518 0.0111717 0.0246437 0.0102594 0.0099137 0.011437 0.0117706 0.0221095 0.0114721 0.0243209 0.010178 0.0126081 0.024688 0.826475 0.0108548 0.022142 0.00989691 0.0265451 0.00375841 0.00377279 0.00382449 0.00384491 0 0.00385727 0.00374005 
0.00909692 0.00987713 0.0100253 0.00908109 0.0106279 0.00849342 0.0104494 0.0147504 0.0121207 0.0182255 0.0140088 0.0254391 0.0159521 0.0131746 0.0101459 0.00994384 0.0131146 0.0087188 0.0177641 0.0101511 0.0156181 0.00903997 0.0132323 0.037673 0.0148471 0.0380443 0.0206143 0.0285911 0.0203945 0.0133087 0.0142912 0.0292954 0.0194941 0.0136318 0.0122061 0.0112051 0.0293777 0.0113791 0.0138561 0.00895225 0.0103247 0.0129241 0.0169852 0.0152178 0.00970104 0.0233807 0.0108558 0.759915 0.0237293 0.0149435 0.0102914 0.0519867 0.0202753 0.00401247 0.00419041 0.00388732 0.003902 0.00385727 0 0.00382347 
0.0100444 0.0110016 0.00881233 0.0085814 0.0086805 0.00866892 0.0116156 0.00914847 0.00954586 0.0106662 0.0117166 0.0114587 0.0107429 0.00983574 0.0107453 0.01389 0.00910561 0.00975402 0.0141353 0.009654 0.0088518 0.00979995 0.0209497 0.0104337 0.012674 0.0140476 0.0150125 0.0130318 0.0141685 0.0122869 0.0190506 0.0122373 0.012449 0.0125933 0.011699 0.0232523 0.011523 0.0115632 0.0107847 0.0159849 0.021707 0.0193998 0.0116864 0.0110169 0.0105576 0.00968697 0.0361091 0.0222098 0.00961763 0.0104313 0.0166355 0.0114628 0.0447482 0.00856997 0.00423087 0.00428924 0.00395243 0.00374005 0.00382347 0 
