2JDWA
CPVSSYNEWDPLEEVIVGRAENACVPPFTIEVKANTYEKYWPFYQKQGGHYFPKDHLKKAVAEIEEMCNILKTEGVTVRRPDPIDWSLKYKTPDFESTGLYSAMPRDILIVVGNEIIEAPMAWRSRFFEYRAYRSIIKDYFHRGAKWTTAPKPTMADELYNQDYPIHSVEDRHKLAAQGKFVTTEFEPCFDAADFIRAGRDIFAQRSQVTNYLGIEWMRRHLAPDYRVHIISFKDPNPMHIDATFNIIGPGIVLSNPDRPCHQIDLFKKAGWTIITPPTPIIPDDHPLWMSSKWLSMNVLMLDEKRVMVDANEVPIQKMFEKLGITTIKVNIRNANSLGGGFHCWTCDVRRRGTLQSYLD
CCCEECECCCCEEEEEECECCCCECCCCCHHHHCCCCHHHHHHHHHHCCCECCHHHHHHHHHHHHHHHHHHHHCCCEEECCCCCCCCCEEECCCCEEECCCECCHHHHEEEEECEEEECCECCHHHCCHHHHCHHHHHHHHHCCCEEEECCCCCCCHHHECCCCCCCCHHHHHHHHHHCCCCECCCCCCECHHHEEEECCEEEECCCCCCCHHHHHHHHHHHCCCCEEEECCECCCCCCCCCCCEEEEECCEEEECCCCCECCHHHHHHCCCEEECCCCCCCCCCCCCCCCCHHHHHCCEEEECCEEEEECCCHHHHHHHHHCCCEEEEECCHHHHCCCCCCCCCEEEEEECCCCCCCCC
0 0 0 0 0 0 0 0 0 0 0 0 0 0 0 0 0 0 0 0 0 0 0 0 0 0 0 0 0 0 0 0 0 0 0 0 0 0 0 0 0 0 0 0 0 0 0 0 0 0 0 0 0 0 0 0 0 0 0 0 0 0 0 0 0 0 0 0 0 0 0 0 0 0 0 0 0 0 0 0 0 0 0 0 0 0 0 0 0 0 0 0 0 0 0 0 0 0 0 0 0 0 0 0 0 0 0 0 0 0 0 0 0 0 0 0 0 0 0 0 0 0 0 0 0 0 0 0 0 0 0 0 0 0 0 0 0 0 0 0 0 0 0 0 0 0 0 0 0 0 0 0 0 0 0 0 0 0 0 0 0 0 0 0 0 0 0 0 0 0 0 0 0 0 0 0 0 0 0 0 0 0 0 0 0 0 0 0 0 0 0 0 0 0 0 0 0 0 0 0 0 0 0 0 0 0 0 0 0 0 0 0 0 0 0 0 0 0 0 0 0 0 0 0 0 0 0 0 0 0 0 0 0 0 0 0 0 0 0 0 0 0 0 0 0 0 0 0 0 0 0 0 0 0 0 0 0 0 0 0 0 0 0 0 0 0 0 0 0 0 0 0 0 0 0 0 0 0 0 0 0 0 0 0 0 0 0 0 0 0 0 0 0 0 0 0 0 0 0 0 0 0 0 0 0 0 0 0 0 0 0 0 0 0 0 0 0 0 0 0 0 0 0 0 0 0 0 0 0 0 0 0 0 0 0 0 0 0 0 0 0 0 0 0 0 0 0 0 0 0 0 0 0 0 0 0 0 0 0 0 
0 0 0 0 0 0 0 0 0 0 0 0 0 0 0 0 0 0 0 0 0 0 0 0 0 0 0 0 0 0 0 0 0 0 0 0 0 0 0 0 0 0 0 0 0 0 0 0 0 0 0 0 0 0 0 0 0 0 0 0 0 0 0 0 0 0 0 0 0 0 0 0 0 0 0 0 0 0 0 0 0 0 0 0 0 0 0 0 0 0 0 0 0 0 0 0 0 0 0 0 0 0 0 0 0 0 0 0 0 0 0 0 0 0 0 0 0 0 0 0 0 0 0 0 0 0 0 0 0 0 0 0 0 0 0 0 0 0 0 0 0 0 0 0 0 0 0 0 0 0 0 0 0 0 0 0 0 0 0 0 0 0 0 0 0 0 0 0 0 0 0 0 0 0 0 0 0 0 0 0 0 0 0 0 0 0 0 0 0 0 0 0 0 0 0 0 0 0 0 0 0 0 0 0 0 0 0 0 0 0 0 0 0 0 0 0 0 0 0 0 0 0 0 0 0 0 0 0 0 0 0 0 0 0 0 0 0 0 0 0 0 0 0 0 0 0 0 0 0 0 0 0 0 0 0 0 0 0 0 0 0 0 0 0 0 0 0 0 0 0 0 0 0 0 0 0 0 0 0 0 0 0 0 0 0 0 0 0 0 0 0 0 0 0 0 0 0 0 0 0 0 0 0 0 0 0 0 0 0 0 0 0 0 0 0 0 0 0 0 0 0 0 0 0 0 0 0 0 0 0 0 0 0 0 0 0 0 0 0 0 0 0 0 0 0 0 0 0 0 0 0 0 0 0 0 0 0 0 0 0 
0 0.00392261 0.00413251 0.00819504 0.0108259 0.0103205 0.0092351 0.0127872 0.0143995 0.0204471 0.0223671 0.0159246 0.0106247 0.00895978 0.0108727 0.00917314 0.0086586 0.0100799 0.00906464 0.00842953 0.00921941 0.00955012 0.00925644 0.00890416 0.00903336 0.0091939 0.00876152 0.00842363 0.0085113 0.0089302 0.0101956 0.00860084 0.00814624 0.0081474 0.00804971 0.00860536 0.00808547 0.00877697 0.00859779 0.00811093 0.00818811 0.008166 0.00833219 0.00807802 0.00819252 0.00832082 0.00855237 0.00835549 0.00823285 0.00811349 0.00839003 0.00843693 0.0082422 0.00845844 0.00841938 0.00825668 0.00829801 0.00824956 0.00844645 0.00839896 0.008609 0.00823873 0.00835316 0.00843154 0.00856184 0.00847414 0.00872019 0.00850809 0.00855009 0.00841056 0.00858232 0.00871728 0.00865821 0.00863247 0.00863096 0.00858841 0.00843348 0.00874203 0.00909724 0.00851713 0.00857362 0.00866801 0.00853814 0.00871548 0.00916421 
0.00392261 0 0.00400983 0.0230188 0.00707036 0.00782191 0.00792589 0.0137525 0.0111747 0.0113456 0.0132892 0.0108521 0.0103248 0.0104555 0.00956934 0.0095217 0.00914901 0.00861625 0.00938296 0.00892658 0.00926892 0.00915433 0.0118485 0.00997644 0.0094121 0.0093372 0.00921213 0.00889781 0.00914692 0.00951436 0.00982555 0.00852757 0.00818134 0.00808405 0.00827163 0.00815222 0.00836397 0.00823648 0.0085379 0.00850433 0.00816148 0.00824689 0.00827373 0.00843636 0.00838839 0.00834355 0.0082719 0.00816951 0.00830193 0.00812095 0.00820917 0.00859337 0.00856264 0.00837059 0.00838536 0.00827477 0.00827393 0.00828312 0.00835679 0.00837556 0.00837231 0.00825049 0.00851529 0.00834919 0.00839723 0.00845028 0.00845527 0.00842203 0.00839138 0.00836361 0.00849201 0.00851983 0.00849227 0.00842797 0.00852184 0.00849571 0.00853003 0.00849367 0.00928673 0.0084908 0.00851763 0.00848611 0.00850806 0.00854532 0.00872414 
0.00413251 0.00400983 0 0.0221313 0.00464708 0.00418052 0.00498526 0.00749506 0.00767167 0.0223165 0.021725 0.0296006 0.0123746 0.00904068 0.0117747 0.00982913 0.008456 0.0105204 0.00938516 0.00820513 0.00979814 0.0116943 0.0101589 0.00852927 0.00837767 0.00880133 0.00934186 0.00891836 0.00826938 0.00858064 0.0103585 0.0103885 0.0081995 0.008029 0.0079672 0.00838846 0.00918755 0.00914994 0.00930945 0.00827492 0.00812813 0.00803587 0.00833671 0.00819885 0.00812147 0.00806997 0.00835969 0.0087021 0.0082788 0.00802447 0.00822039 0.00958088 0.00845079 0.0082177 0.00821679 0.00814347 0.00823333 0.00831124 0.00825136 0.0081616 0.00866024 0.0086624 0.00859779 0.00823124 0.00849197 0.00864719 0.00836303 0.00832084 0.00850706 0.0084595 0.00839589 0.00833966 0.00834775 0.00852736 0.00908606 0.0084566 0.00845881 0.00846667 0.00972057 0.00893971 0.00858412 0.00839139 0.00844631 0.00849948 0.00948233 
0.00819504 0.0230188 0.0221313 0 0.00370248 0.0037225 0.00374495 0.00380173 0.00471455 0.0104977 0.0127996 0.0148655 0.00949532 0.0131663 0.0141078 0.00871155 0.010426 0.0128607 0.00851158 0.0089139 0.0127768 0.0103793 0.010536 0.00934956 0.00965765 0.0100296 0.0122033 0.00876774 0.00890009 0.009646 0.0133945 0.00939552 0.00807463 0.00803959 0.00844471 0.00947477 0.00862841 0.00937935 0.00960565 0.00846367 0.00831828 0.00826792 0.00905383 0.00820015 0.00829514 0.00836755 0.0087489 0.00803795 0.0087874 0.00805915 0.00849141 0.0106261 0.00859655 0.00840882 0.00841378 0.00828952 0.00846191 0.00821951 0.00837333 0.00838539 0.00924308 0.00875029 0.00826677 0.00836053 0.0094001 0.00843526 0.00844088 0.00855747 0.00881084 0.00845538 0.00849774 0.00844942 0.00849717 0.009223 0.00845292 0.00856365 0.00877378 0.00851151 0.0128894 0.00854389 0.00864677 0.00844615 0.00866328 0.00867744 0.0106705 
0.0108259 0.00707036 0.00464708 0.00370248 0 0.00372965 0.00367116 0.00373879 0.00381784 0.00421712 0.00733869 0.00998733 0.011811 0.00877178 0.0100809 0.00901367 0.00874606 0.00909597 0.008591 0.00857817 0.00863325 0.00824635 0.00899901 0.00984623 0.0120978 0.010111 0.00854596 0.0086461 0.00939931 0.00951515 0.00933097 0.00811169 0.00802039 0.008233 0.008219 0.00836147 0.00805632 0.00815509 0.00801266 0.00823999 0.00830367 0.00831209 0.00818442 0.0082083 0.00837327 0.00843186 0.00820684 0.00817088 0.00821918 0.00820943 0.00821604 0.00829793 0.00826764 0.00835418 0.00852563 0.00824742 0.00817703 0.00819102 0.0083408 0.00832814 0.00830909 0.00808056 0.00832264 0.00832091 0.00829582 0.00834349 0.00850285 0.00836426 0.00837308 0.00829301 0.00848769 0.00855807 0.00839878 0.00839047 0.00846199 0.00850821 0.00842902 0.00857489 0.00852754 0.00832847 0.00843718 0.0084671 0.00849781 0.00847843 0.00850918 
0.0103205 0.00782191 0.00418052 0.0037225 0.00372965 0 0.00374653 0.00371412 0.00378631 0.00381348 0.00672101 0.00921513 0.0103606 0.0107174 0.00923956 0.00868274 0.00893943 0.00874618 0.0087191 0.0089084 0.00884817 0.00831576 0.0117912 0.0141065 0.0217021 0.0114328 0.00955558 0.00977723 0.0108789 0.0113057 0.00938823 0.00820318 0.0081307 0.00845764 0.00854161 0.00829336 0.00813018 0.00816571 0.00810382 0.00878337 0.00898731 0.00880507 0.00832323 0.00830577 0.00870375 0.00908461 0.00856662 0.00821798 0.00851787 0.008324 0.00829231 0.00840946 0.00848109 0.00861379 0.00867333 0.0084128 0.0083042 0.00830642 0.00854054 0.00848771 0.00842058 0.00817394 0.00840344 0.00840247 0.00838531 0.00851906 0.00859172 0.00847867 0.0084044 0.00839706 0.00861004 0.00878773 0.00854545 0.00847295 0.00841096 0.00855873 0.00863246 0.00860559 0.00923593 0.00865089 0.00858241 0.00878115 0.00876242 0.00866079 0.00864569 
0.0092351 0.00792589 0.00498526 0.00374495 0.00367116 0.00374653 0 0.00374945 0.00370264 0.00381358 0.00697942 0.00927091 0.0113569 0.0114736 0.0100225 0.00906889 0.00917644 0.00924075 0.00909448 0.0090929 0.00905224 0.00849028 0.0131762 0.018951 0.0341973 0.0122175 0.00998367 0.0117394 0.0124992 0.0123521 0.00995493 0.00829376 0.0081906 0.00865652 0.00852194 0.00839433 0.00809094 0.00820385 0.00817142 0.00925575 0.00883401 0.00889675 0.00838251 0.00848038 0.00883156 0.00901021 0.00870348 0.00823829 0.00876008 0.00838978 0.00832353 0.00856335 0.00846979 0.00868725 0.00877909 0.00844576 0.0083187 0.00832361 0.00869041 0.00856403 0.00839874 0.0081921 0.00840858 0.00842586 0.00839585 0.00864979 0.00865794 0.00852032 0.00839336 0.00833003 0.00857645 0.00885706 0.00857961 0.00848505 0.00840478 0.00859254 0.00861375 0.00861356 0.00926448 0.00866079 0.00858846 0.00881599 0.00878264 0.00877746 0.00871233 
0.0127872 0.0137525 0.00749506 0.00380173 0.00373879 0.00371412 0.00374945 0 0.00379653 0.00381508 0.0092233 0.0114497 0.0145304 0.0170631 0.0106118 0.00957418 0.0112494 0.00924408 0.0100702 0.0114262 0.00999568 0.00923024 0.0146615 0.0213292 0.029259 0.0210828 0.0110279 0.012131 0.0133751 0.0190489 0.0118731 0.00884359 0.00842289 0.00866517 0.00867728 0.0082165 0.0081449 0.00820996 0.00815862 0.00881478 0.0091007 0.00911901 0.00826488 0.00854751 0.00887125 0.00940733 0.00867319 0.0083008 0.00859145 0.00840876 0.00827509 0.00816973 0.00834505 0.00889498 0.00898174 0.00855403 0.00846151 0.00836701 0.00886948 0.00900926 0.00837831 0.00811286 0.00838777 0.00860382 0.00837551 0.00879261 0.00897839 0.00869286 0.00840131 0.00840201 0.00880566 0.00931998 0.00888028 0.00849721 0.00867576 0.00871937 0.00859028 0.00883549 0.00880208 0.0086914 0.00887095 0.00909744 0.00885025 0.00885315 0.00851876 
0.0143995 0.0111747 0.00767167 0.00471455 0.00381784 0.00378631 0.00370264 0.00379653 0 0.00500073 0.0122572 0.0122169 0.0151134 0.0117423 0.0161971 0.010853 0.0092853 0.0113585 0.0111668 0.00930595 0.0139013 0.0101615 0.0162656 0.0131424 0.0192655 0.0155777 0.0183428 0.0113794 0.0101552 0.0136071 0.0208086 0.00953156 0.00836375 0.00849784 0.00846901 0.00864497 0.00842441 0.0085311 0.00866247 0.009564 0.00877643 0.00852806 0.00915191 0.00850504 0.0085261 0.00893207 0.00967906 0.00834878 0.00843765 0.00822521 0.00856541 0.00875448 0.00870643 0.00858362 0.00901266 0.00837454 0.00849979 0.00844026 0.00872473 0.00848052 0.00878259 0.00833857 0.00844831 0.00840063 0.00844492 0.00873447 0.00860528 0.00847828 0.00833374 0.00862266 0.00858607 0.00876212 0.00869782 0.00841677 0.00877856 0.00856452 0.00854338 0.0085092 0.00901908 0.00879123 0.00859849 0.00864197 0.00870496 0.00857312 0.00867709 
0.0204471 0.0113456 0.0223165 0.0104977 0.00421712 0.00381348 0.00381358 0.00381508 0.00500073 0 0.253186 0.0466902 0.0277608 0.00985036 0.0155119 0.0173092 0.00905756 0.0131274 0.0133912 0.00851383 0.0117227 0.0185047 0.0139744 0.00952117 0.00888446 0.00935305 0.0104429 0.00983535 0.00903487 0.00879013 0.0136055 0.0148075 0.00947837 0.00817161 0.00808806 0.0091779 0.0102852 0.0115721 0.0113599 0.00913859 0.00811997 0.00799696 0.00875794 0.00858898 0.00814956 0.00805879 0.00901182 0.00959476 0.00814482 0.00807311 0.00852687 0.0101262 0.00879795 0.00822663 0.00824388 0.00809661 0.00826218 0.00887193 0.00835306 0.00812655 0.00922486 0.00904779 0.00935588 0.00821335 0.00861377 0.00905107 0.00856463 0.0083311 0.00894915 0.00902252 0.0084861 0.00842898 0.00840124 0.00881842 0.011363 0.00857928 0.00849359 0.00909992 0.00949496 0.00947437 0.00863009 0.00854222 0.00851789 0.0087915 0.00962299 
0.0223671 0.0132892 0.021725 0.0127996 0.00733869 0.00672101 0.00697942 0.0092233 0.0122572 0.253186 0 0.385702 0.0191222 0.0118672 0.0148758 0.0126822 0.00953255 0.0127239 0.0112736 0.00857309 0.0108511 0.0188877 0.0108327 0.0086848 0.0086441 0.00930061 0.00890916 0.00921333 0.0085272 0.00875394 0.0114406 0.0128779 0.00869173 0.00803439 0.00803651 0.00925037 0.00968481 0.0115964 0.0105872 0.00855685 0.00806444 0.00813691 0.00889411 0.00839025 0.0080693 0.00810942 0.00872312 0.00884599 0.00813482 0.00803378 0.00845696 0.00974857 0.00858401 0.00819076 0.00814711 0.00816148 0.00827482 0.00851602 0.00823126 0.0082184 0.00911717 0.00885479 0.00869169 0.0082618 0.00864214 0.00868681 0.0084036 0.0083535 0.0088298 0.00863205 0.00840791 0.00839371 0.00846523 0.00886405 0.00988503 0.00856142 0.00842082 0.00908156 0.00949177 0.0089066 0.00851541 0.00841984 0.00842619 0.00862465 0.0095425 
0.0159246 0.0108521 0.0296006 0.0148655 0.00998733 0.00921513 0.00927091 0.0114497 0.0122169 0.0466902 0.385702 0 0.0449044 0.0101095 0.0407764 0.0188225 0.0099629 0.0153727 0.014406 0.00886644 0.011371 0.0258817 0.0108921 0.00991921 0.00923721 0.00967598 0.00911984 0.0112059 0.0107222 0.00929211 0.0120982 0.0157741 0.00923826 0.0080738 0.00805005 0.00972649 0.0102856 0.0126008 0.01147 0.00845042 0.00799438 0.00807319 0.00897599 0.0085027 0.00800787 0.00804087 0.0087223 0.00955776 0.0080846 0.00803963 0.00861647 0.0100224 0.00841442 0.00809232 0.00801798 0.00805135 0.00816439 0.00870682 0.00808624 0.00803416 0.00882203 0.00891442 0.00883759 0.00806827 0.00840373 0.00849168 0.0082229 0.00815969 0.00850055 0.00863885 0.00821128 0.00819364 0.00823391 0.00852861 0.0104335 0.00840341 0.00835445 0.00893394 0.00876062 0.00881189 0.00835193 0.00833429 0.00836397 0.00853516 0.00942241 
0.0106247 0.0103248 0.0123746 0.00949532 0.011811 0.0103606 0.0113569 0.0145304 0.0151134 0.0277608 0.0191222 0.0449044 0 0.0055422 0.00487414 0.0379716 0.0100651 0.497196 0.0292102 0.00928738 0.0485305 0.0177133 0.0138694 0.0131643 0.0162237 0.0183834 0.0139531 0.0174887 0.0118985 0.0149028 0.0380145 0.0124901 0.0136316 0.00916811 0.00905018 0.023291 0.00882214 0.0148659 0.0108525 0.00860454 0.00837596 0.0100743 0.0104006 0.0091003 0.00880863 0.00956467 0.0103005 0.012091 0.00800733 0.00920453 0.00957704 0.00905675 0.00842268 0.00843046 0.00838853 0.00830605 0.00836962 0.00956557 0.008519 0.00858373 0.00995432 0.00840414 0.0096345 0.00835554 0.00861964 0.00839706 0.00857161 0.00845638 0.00899188 0.0088737 0.00846958 0.00868021 0.0083999 0.00891362 0.0102376 0.00859101 0.00837014 0.0101467 0.00854262 0.00912654 0.00826848 0.0087331 0.00832968 0.00910217 0.0094586 
0.00895978 0.0104555 0.00904068 0.0131663 0.00877178 0.0107174 0.0114736 0.0170631 0.0117423 0.00985036 0.0118672 0.0101095 0.0055422 0 0.00382684 0.00870332 0.62236 0.00893182 0.00861601 0.147338 0.00988449 0.0134792 0.0197468 0.0211429 0.0168432 0.019268 0.0109585 0.00919108 0.0212887 0.0244161 0.0115576 0.0119056 0.00826516 0.00873689 0.0119888 0.00858206 0.0106658 0.00857484 0.00900809 0.00945858 0.00962997 0.00844607 0.0086071 0.00845487 0.0102442 0.00873849 0.00869399 0.00797215 0.0106034 0.00837453 0.00828992 0.00971615 0.00886476 0.00843329 0.00844162 0.00830644 0.0081973 0.00803755 0.00847049 0.00842987 0.00820761 0.00835866 0.00818696 0.00827128 0.00866418 0.00832877 0.00834052 0.00837211 0.00817719 0.0082861 0.00852941 0.00843281 0.00831597 0.00826622 0.00831346 0.00849466 0.00903094 0.00831888 0.00991029 0.00838715 0.00864097 0.00843243 0.00850603 0.00847581 0.00877289 
0.0108727 0.00956934 0.0117747 0.0141078 0.0100809 0.00923956 0.0100225 0.0106118 0.0161971 0.0155119 0.0148758 0.0407764 0.00487414 0.00382684 0 0.505414 0.00773753 0.0124398 0.0517329 0.00895095 0.0183732 0.0212844 0.0216623 0.0127868 0.013083 0.012201 0.0107178 0.0184536 0.0160243 0.0127152 0.0263551 0.0137199 0.0132595 0.00987291 0.00850105 0.0100904 0.0101477 0.0102336 0.00961754 0.0121683 0.00863371 0.00823741 0.00845051 0.00903374 0.00857045 0.00841185 0.00857656 0.00996943 0.00815112 0.0081337 0.00836841 0.00852405 0.00866558 0.00828803 0.00826512 0.00811257 0.00805189 0.00880921 0.00840065 0.00827181 0.0083784 0.00807348 0.00872642 0.00816312 0.00805367 0.00846873 0.00817711 0.00806892 0.00804775 0.00843717 0.00845108 0.00819363 0.00811567 0.00805173 0.00905562 0.00837787 0.00828071 0.00856779 0.00822384 0.00851812 0.00829589 0.00826095 0.00829874 0.00828775 0.00826586 
0.00917314 0.0095217 0.00982913 0.00871155 0.00901367 0.00868274 0.00906889 0.00957418 0.010853 0.0173092 0.0126822 0.0188225 0.0379716 0.00870332 0.505414 0 0.00385125 0.00468635 0.00730721 0.00661289 0.868639 0.0110001 0.0104691 0.0106138 0.0111999 0.0129922 0.0126519 0.0117547 0.0103706 0.0109296 0.0309286 0.0110765 0.0118806 0.00882174 0.00866072 0.0252051 0.00866157 0.0123273 0.0104388 0.00853241 0.00832538 0.0087914 0.00955753 0.0084681 0.00831127 0.00846635 0.00897654 0.0103094 0.00796699 0.00829096 0.00865974 0.00902208 0.00819752 0.00824518 0.00816368 0.00805961 0.00814445 0.00858324 0.0081073 0.00809315 0.00908624 0.00823554 0.00875676 0.00804166 0.00835618 0.00810831 0.00822602 0.00814599 0.00829809 0.00851903 0.0081276 0.00824142 0.00815646 0.00842012 0.00883913 0.00835397 0.00816483 0.00898049 0.00841417 0.00840692 0.00824034 0.0082825 0.0082235 0.00834179 0.00873515 
0.0086586 0.00914901 0.008456 0.010426 0.00874606 0.00893943 0.00917644 0.0112494 0.0092853 0.00905756 0.00953255 0.0099629 0.0100651 0.62236 0.00773753 0.00385125 0 0.00374462 0.00463319 0.944324 0.00820352 0.00952377 0.0111352 0.0146355 0.0126464 0.0179554 0.0100584 0.00896884 0.0151674 0.0223326 0.0101411 0.0130015 0.00863915 0.00973398 0.0117626 0.00873152 0.0103574 0.00878745 0.00865245 0.00969778 0.00906022 0.00866907 0.0085736 0.00839921 0.00906626 0.00897419 0.00866466 0.00802157 0.0100788 0.00827661 0.00826313 0.00934925 0.00839739 0.00849747 0.00843821 0.00834726 0.00821942 0.00807977 0.00840659 0.00846937 0.00827691 0.00829235 0.00815005 0.00838429 0.00853859 0.0082285 0.00831973 0.00834985 0.00816566 0.00827597 0.00839522 0.00832134 0.00837361 0.00826795 0.00828165 0.00847529 0.00862606 0.00826296 0.00915459 0.00831052 0.0085358 0.00843185 0.00842628 0.00861363 0.00849407 
0.0100799 0.00861625 0.0105204 0.0128607 0.00909597 0.00874618 0.00924075 0.00924408 0.0113585 0.0131274 0.0127239 0.0153727 0.497196 0.00893182 0.0124398 0.00468635 0.00374462 0 0.919692 0.00515131 0.00662552 0.00878977 0.0184961 0.0118606 0.0122178 0.012241 0.0106436 0.0195056 0.0126808 0.0105813 0.0247414 0.0149367 0.0162006 0.0101524 0.0085497 0.0111508 0.0106096 0.011049 0.0102945 0.0134198 0.00882508 0.00830761 0.00860013 0.00928557 0.00877313 0.00849383 0.00857743 0.0103814 0.00812534 0.00811594 0.00831499 0.00890332 0.0086874 0.00825535 0.00818542 0.00814024 0.00803696 0.00918041 0.00833181 0.00819642 0.00836119 0.00810152 0.00887265 0.00813202 0.00808055 0.00840681 0.00813345 0.00805731 0.00806885 0.00833594 0.00822367 0.00810841 0.00802155 0.00803078 0.00898206 0.00823383 0.00820064 0.00816673 0.00815281 0.0084584 0.0082341 0.00823079 0.00823938 0.00829082 0.00820341 
0.00906464 0.00938296 0.00938516 0.00851158 0.008591 0.0087191 0.00909448 0.0100702 0.0111668 0.0133912 0.0112736 0.014406 0.0292102 0.00861601 0.0517329 0.00730721 0.00463319 0.919692 0 0.00374107 0.00390066 0.0058454 0.00725189 0.00994156 0.0155595 0.0154653 0.0151895 0.00993275 0.010649 0.011354 0.0402662 0.0107286 0.0108032 0.00885396 0.0113476 0.0239393 0.00873618 0.0120631 0.0102812 0.00874428 0.00855587 0.00937782 0.0106411 0.00867573 0.00830557 0.00921267 0.0100026 0.00963128 0.0079807 0.00835925 0.00930691 0.00872181 0.00845497 0.00828391 0.00828979 0.00831191 0.00825371 0.00871105 0.00811511 0.00834697 0.00956843 0.00812554 0.00844176 0.00805244 0.00842222 0.00818522 0.00813745 0.00823623 0.00822845 0.00837254 0.00813974 0.00819637 0.00818687 0.00825794 0.00845745 0.00825817 0.00814096 0.0086824 0.00835263 0.00821394 0.00823407 0.00823207 0.00821259 0.00821909 0.00857167 
0.00842953 0.00892658 0.00820513 0.0089139 0.00857817 0.0089084 0.0090929 0.0114262 0.00930595 0.00851383 0.00857309 0.00886644 0.00928738 0.147338 0.00895095 0.00661289 0.944324 0.00515131 0.00374107 0 0.00379574 0.00650568 0.00827349 0.0173087 0.0180135 0.0246984 0.00817526 0.00807919 0.019151 0.0378544 0.0106173 0.0110214 0.00859148 0.0107194 0.01217 0.00856055 0.0090712 0.00850347 0.00844865 0.00911419 0.00910051 0.00900325 0.00851706 0.00827281 0.00905129 0.00912931 0.00881249 0.00799196 0.00912167 0.00828472 0.00809529 0.00819848 0.00822401 0.00843026 0.0084687 0.00827236 0.00811256 0.00799093 0.00838212 0.00853941 0.00813336 0.0079578 0.00807357 0.00822507 0.00815532 0.00818712 0.00832199 0.00820218 0.00806271 0.0081326 0.0083691 0.00830649 0.008262 0.00808402 0.00822595 0.00828666 0.00829584 0.00814998 0.0083438 0.00825746 0.00830684 0.00831973 0.0083187 0.00838545 0.00827715 
0.00921941 0.00926892 0.00979814 0.0127768 0.00863325 0.00884817 0.00905224 0.00999568 0.0139013 0.0117227 0.0108511 0.011371 0.0485305 0.00988449 0.0183732 0.868639 0.00820352 0.00662552 0.00390066 0.00379574 0 0.0143478 0.0191285 0.0109206 0.015938 0.0119333 0.00997 0.0128199 0.0117384 0.0133652 0.0431257 0.015561 0.0128589 0.00938178 0.00898792 0.0117647 0.0109225 0.0113789 0.0100871 0.0125382 0.00871256 0.00866512 0.00971116 0.00896246 0.00858352 0.00940545 0.00999363 0.00913391 0.00821641 0.00812343 0.00841682 0.00886011 0.008604 0.00830774 0.00821024 0.00815571 0.00826881 0.00845452 0.00826754 0.0081695 0.00867174 0.0081589 0.00832365 0.00810008 0.00832631 0.00821788 0.00819001 0.00814043 0.00808091 0.00824421 0.0082998 0.0082825 0.00817226 0.0081368 0.00835759 0.0082717 0.00830051 0.00813504 0.00830592 0.00833882 0.00835217 0.00823464 0.00830136 0.00823328 0.00823605 
0.00955012 0.00915433 0.0116943 0.0103793 0.00824635 0.00831576 0.00849028 0.00923024 0.0101615 0.0185047 0.0188877 0.0258817 0.0177133 0.0134792 0.0212844 0.0110001 0.00952377 0.00878977 0.0058454 0.00650568 0.0143478 0 0.00638236 0.00583184 0.00653851 0.00767726 0.0070005 0.007785 0.00846644 0.00888141 0.0136797 0.0743583 0.0122876 0.00870263 0.00900519 0.0119614 0.0172757 0.01902 0.0300977 0.0108999 0.00837816 0.00856863 0.00987055 0.00935299 0.00843133 0.00855101 0.0100131 0.00937394 0.00820342 0.00803636 0.00877753 0.0115683 0.0088835 0.00829867 0.00814113 0.00819396 0.00827573 0.00866371 0.00820035 0.00819888 0.00906011 0.00877322 0.00836438 0.00803963 0.00844206 0.00841887 0.00809954 0.00809977 0.0081437 0.00843173 0.00816074 0.00805549 0.00812748 0.00821899 0.00853119 0.00816732 0.00816738 0.00811743 0.00860512 0.00850255 0.00820221 0.00823585 0.00821534 0.00820791 0.00852085 
0.00925644 0.0118485 0.0101589 0.010536 0.00899901 0.0117912 0.0131762 0.0146615 0.0162656 0.0139744 0.0108327 0.0108921 0.0138694 0.0197468 0.0216623 0.0104691 0.0111352 0.0184961 0.00725189 0.00827349 0.0191285 0.00638236 0 0.00370619 0.0037127 0.00376082 0.00387774 0.00378543 0.00428914 0.00544956 0.3807 0.00867777 0.01531 0.0115027 0.0112707 0.0206179 0.0132394 0.0136222 0.0138804 0.0175047 0.0108031 0.0122302 0.0160837 0.0105454 0.0121667 0.012648 0.0173096 0.00868417 0.00995426 0.00869278 0.0113758 0.0124653 0.0105454 0.00918992 0.00957541 0.00923716 0.00951586 0.00900697 0.00919436 0.00916947 0.0118028 0.00869287 0.00840526 0.00826574 0.00931669 0.00860755 0.00863306 0.00846154 0.00832736 0.00868108 0.00883534 0.00892235 0.00854379 0.00897843 0.00812602 0.00848096 0.00858466 0.0083697 0.00964288 0.00831386 0.00873547 0.00850958 0.00882422 0.00836833 0.00912144 
0.00890416 0.00997644 0.00852927 0.00934956 0.00984623 0.0141065 0.018951 0.0213292 0.0131424 0.00952117 0.0086848 0.00991921 0.0131643 0.0211429 0.0127868 0.0106138 0.0146355 0.0118606 0.00994156 0.0173087 0.0109206 0.00583184 0.00370619 0 0.00370543 0.00371188 0.00375282 0.00380222 0.00542241 0.375841 0.0402227 0.00755393 0.0178561 0.0174214 0.016157 0.0128639 0.00973815 0.00957997 0.00950281 0.0141582 0.0144795 0.0144839 0.00981022 0.00991392 0.0168595 0.0197464 0.0109462 0.00873959 0.00935565 0.00940512 0.00904441 0.00907772 0.00907664 0.0101803 0.0106851 0.0102942 0.00846454 0.00865734 0.009376 0.00971395 0.00903993 0.00802672 0.00834929 0.00862258 0.00846758 0.00864874 0.00880215 0.00867573 0.00815412 0.00844822 0.00914161 0.00919632 0.00903756 0.00828361 0.00838915 0.0086321 0.00885426 0.00855053 0.00855803 0.00854129 0.00860052 0.00879693 0.00873553 0.00873267 0.00845643 
0.00903336 0.0094121 0.00837767 0.00965765 0.0120978 0.0217021 0.0341973 0.029259 0.0192655 0.00888446 0.0086441 0.00923721 0.0162237 0.0168432 0.013083 0.0111999 0.0126464 0.0122178 0.0155595 0.0180135 0.015938 0.00653851 0.0037127 0.00370543 0 0.0037688 0.00370868 0.00398995 0.340135 0.0289643 0.0115607 0.00724001 0.0136781 0.0273086 0.0178102 0.0113284 0.00890561 0.00926891 0.00881464 0.0136538 0.0192632 0.0237472 0.00997859 0.00975525 0.0235027 0.0243713 0.0117261 0.00912638 0.00946208 0.00976107 0.00899699 0.00830261 0.00927551 0.0114772 0.0143478 0.00983001 0.0084908 0.00886287 0.0101274 0.0105043 0.00895439 0.00801135 0.00856836 0.00858467 0.00834654 0.00862851 0.00903483 0.00863939 0.00820322 0.00835059 0.00896806 0.0102148 0.00882219 0.00837827 0.00842768 0.00870118 0.00891511 0.00852605 0.0087193 0.00837735 0.00856893 0.00903769 0.00910299 0.00868696 0.00848292 
0.0091939 0.0093372 0.00880133 0.0100296 0.010111 0.0114328 0.0122175 0.0210828 0.0155777 0.00935305 0.00930061 0.00967598 0.0183834 0.019268 0.012201 0.0129922 0.0179554 0.012241 0.0154653 0.0246984 0.0119333 0.00767726 0.00376082 0.00371188 0.0037688 0 0.00373816 0.0867229 0.0502615 0.00490783 0.00649543 0.00664471 0.0146578 0.0143664 0.0177245 0.0122648 0.0105877 0.0106614 0.00972997 0.0130788 0.0130414 0.0180611 0.0102373 0.00957687 0.0129344 0.0197374 0.0132975 0.00927202 0.00880559 0.00881372 0.00868495 0.00840787 0.00897398 0.0100857 0.00990562 0.00895206 0.00841493 0.00900159 0.00936776 0.00929176 0.00885479 0.00798912 0.00841954 0.008313 0.00827103 0.00845602 0.00857559 0.00835644 0.00811198 0.00824559 0.00873645 0.0087015 0.00832109 0.00819733 0.00837309 0.00840128 0.00848359 0.00819032 0.00820865 0.00837451 0.00836927 0.0084795 0.00841197 0.00847305 0.00824864 
0.00876152 0.00921213 0.00934186 0.0122033 0.00854596 0.00955558 0.00998367 0.0110279 0.0183428 0.0104429 0.00890916 0.00911984 0.0139531 0.0109585 0.0107178 0.0126519 0.0100584 0.0106436 0.0151895 0.00817526 0.00997 0.0070005 0.00387774 0.00375282 0.00370868 0.00373816 0 0.0170458 0.0038557 0.00377561 0.00384975 0.0058641 0.0127551 0.00948955 0.0101002 0.0117821 0.0106792 0.00967339 0.0100139 0.0138279 0.010091 0.00940607 0.0125603 0.00954056 0.00936052 0.0105011 0.0142494 0.00854253 0.00903014 0.00829596 0.00873631 0.00966001 0.00940824 0.00857094 0.00915652 0.00856998 0.00852834 0.00852244 0.00845426 0.00852717 0.00883879 0.00821514 0.00821926 0.00810103 0.00853697 0.00836373 0.00828455 0.00820918 0.0081269 0.00831935 0.00838358 0.00854814 0.00835861 0.00829812 0.00823105 0.00828782 0.00834463 0.00817206 0.00884646 0.00843527 0.00836071 0.00831818 0.00844359 0.00859789 0.00829504 
0.00842363 0.00889781 0.00891836 0.00876774 0.0086461 0.00977723 0.0117394 0.012131 0.0113794 0.00983535 0.00921333 0.0112059 0.0174887 0.00919108 0.0184536 0.0117547 0.00896884 0.0195056 0.00993275 0.00807919 0.0128199 0.007785 0.00378543 0.00380222 0.00398995 0.0867229 0.0170458 0 0.00374254 0.0037109 0.0040828 0.00407201 0.25203 0.00994816 0.00965995 0.0175972 0.00934177 0.0119786 0.0102119 0.0115832 0.00979411 0.00981015 0.0111133 0.00941303 0.00954079 0.00992045 0.0116386 0.00928168 0.00841613 0.00842057 0.00893365 0.00898947 0.00877941 0.00862852 0.00900862 0.00844014 0.00845272 0.00840125 0.00845718 0.00853073 0.00912676 0.00804823 0.00817479 0.00812377 0.00829692 0.00829335 0.00826325 0.00814868 0.00817594 0.00827926 0.00836981 0.00849231 0.00823365 0.0083009 0.00819042 0.00828901 0.00828775 0.00827041 0.00849861 0.00821637 0.00833271 0.00829197 0.008363 0.00824455 0.00844257 
0.0085113 0.00914692 0.00826938 0.00890009 0.00939931 0.0108789 0.0124992 0.0133751 0.0101552 0.00903487 0.0085272 0.0107222 0.0118985 0.0212887 0.0160243 0.0103706 0.0151674 0.0126808 0.010649 0.019151 0.0117384 0.00846644 0.00428914 0.00542241 0.340135 0.0502615 0.0038557 0.00374254 0 0.00376788 0.00373174 0.00407563 0.0197661 0.263563 0.0185397 0.0134883 0.00918049 0.0100638 0.0092324 0.0132761 0.0145499 0.0138505 0.0100113 0.00919655 0.0175993 0.0151479 0.0103251 0.00848246 0.00905723 0.0090129 0.00864369 0.00870575 0.00870198 0.00995787 0.0102244 0.00916224 0.00835968 0.00831805 0.00895359 0.00936001 0.00903411 0.00804186 0.00824066 0.00839173 0.008276 0.00834335 0.00876835 0.00858967 0.00820056 0.00817166 0.00857494 0.00875818 0.00857112 0.00830365 0.00825206 0.00853211 0.00844156 0.00851462 0.0084533 0.00830882 0.00848676 0.0087166 0.0085391 0.00854239 0.0084477 
0.0089302 0.00951436 0.00858064 0.009646 0.00951515 0.0113057 0.0123521 0.0190489 0.0136071 0.00879013 0.00875394 0.00929211 0.0149028 0.0244161 0.0127152 0.0109296 0.0223326 0.0105813 0.011354 0.0378544 0.0133652 0.00888141 0.00544956 0.375841 0.0289643 0.00490783 0.00377561 0.0037109 0.00376788 0 0.00373195 0.00392487 0.0162376 0.0247043 0.300612 0.0137691 0.0112116 0.010289 0.00976408 0.0132829 0.0185073 0.0242108 0.0110496 0.00936413 0.0157923 0.0249773 0.0125182 0.00871468 0.00970381 0.0087481 0.0087838 0.008486 0.0093809 0.00978588 0.0109766 0.00909609 0.00851168 0.00883587 0.00945537 0.00943602 0.00868369 0.00806607 0.00826305 0.0085083 0.00835002 0.00847036 0.00864949 0.00851093 0.00811076 0.00815855 0.00873381 0.00893024 0.00851398 0.00822021 0.00825849 0.00843027 0.00853036 0.00833133 0.0084433 0.00826545 0.00837372 0.00860668 0.00846068 0.0084821 0.00825019 
0.0101956 0.00982555 0.0103585 0.0133945 0.00933097 0.00938823 0.00995493 0.0118731 0.0208086 0.0136055 0.0114406 0.0120982 0.0380145 0.0115576 0.0263551 0.0309286 0.0101411 0.0247414 0.0402662 0.0106173 0.0431257 0.0136797 0.3807 0.0402227 0.0115607 0.00649543 0.00384975 0.0040828 0.00373174 0.00373195 0 0.00546253 0.0286843 0.018266 0.0279297 0.19237 0.0149482 0.0168616 0.0152148 0.0281396 0.0109266 0.0184531 0.0221115 0.0138785 0.0106917 0.0175339 0.0218908 0.0131148 0.00850986 0.00915985 0.0097509 0.00916928 0.0113824 0.0110671 0.00913613 0.008949 0.00879353 0.0108826 0.00902315 0.00876009 0.00991323 0.00841472 0.00932268 0.00819548 0.00851052 0.00918603 0.00886794 0.00818912 0.00829432 0.00884684 0.00871166 0.00873624 0.0083768 0.00828078 0.00898137 0.00857764 0.00840666 0.00817679 0.00832402 0.00869367 0.0084136 0.00842531 0.00833617 0.00846397 0.00836125 
0.00860084 0.00852757 0.0103885 0.00939552 0.00811169 0.00820318 0.00829376 0.00884359 0.00953156 0.0148075 0.0128779 0.0157741 0.0124901 0.0119056 0.0137199 0.0110765 0.0130015 0.0149367 0.0107286 0.0110214 0.015561 0.0743583 0.00867777 0.00755393 0.00724001 0.00664471 0.0058641 0.00407201 0.00407563 0.00392487 0.00546253 0 0.0171775 0.00984139 0.0130709 0.0298404 0.033702 0.0259781 0.065207 0.0120773 0.00894641 0.00923348 0.0137365 0.00937111 0.0089365 0.00925781 0.01413 0.00895629 0.00842184 0.00804677 0.00904667 0.0140096 0.009019 0.00827487 0.00821525 0.00831167 0.00876884 0.00842181 0.00825016 0.00840002 0.00929276 0.00927823 0.00823606 0.00805298 0.00890655 0.00829645 0.0081127 0.00811464 0.00831207 0.00824179 0.00820356 0.00815444 0.00814369 0.00841134 0.00828849 0.00813235 0.00819399 0.00804107 0.00877242 0.0081697 0.00820422 0.00818173 0.00817391 0.00807549 0.00855631 
0.00814624 0.00818134 0.0081995 0.00807463 0.00802039 0.0081307 0.0081906 0.00842289 0.00836375 0.00947837 0.00869173 0.00923826 0.0136316 0.00826516 0.0132595 0.0118806 0.00863915 0.0162006 0.0108032 0.00859148 0.0128589 0.0122876 0.01531 0.0178561 0.0136781 0.0146578 0.0127551 0.25203 0.0197661 0.0162376 0.0286843 0.0171775 0 0.00390467 0.00394596 0.0077789 0.00662681 0.0162891 0.0126762 0.0115711 0.00898684 0.0101792 0.0129842 0.00986306 0.00900249 0.00953482 0.0117424 0.0103139 0.00808642 0.00854114 0.0134824 0.00941361 0.00852411 0.0084097 0.00822005 0.00863473 0.00835919 0.0085348 0.00816002 0.00841509 0.0101927 0.00828499 0.0083869 0.00815401 0.00838029 0.00809909 0.00810108 0.00815671 0.00834031 0.00819919 0.00810529 0.00824364 0.00811353 0.00828262 0.00833851 0.00819763 0.00808537 0.00849362 0.00824646 0.00807932 0.00809468 0.00816178 0.00808689 0.00820557 0.00850192 
0.0081474 0.00808405 0.008029 0.00803959 0.008233 0.00845764 0.00865652 0.00866517 0.00849784 0.00817161 0.00803439 0.0080738 0.00916811 0.00873689 0.00987291 0.00882174 0.00973398 0.0101524 0.00885396 0.0107194 0.00938178 0.00870263 0.0115027 0.0174214 0.0273086 0.0143664 0.00948955 0.00994816 0.263563 0.0247043 0.018266 0.00984139 0.00390467 0 0.00379894 0.00373686 0.00579457 0.00996999 0.00925742 0.0107944 0.0132919 0.010976 0.00909786 0.00902498 0.0166864 0.0123584 0.00918797 0.00841804 0.00881974 0.0103677 0.00848184 0.00828969 0.00842089 0.00897415 0.00925812 0.00872289 0.00809583 0.0083902 0.00837144 0.00879648 0.00842185 0.00797583 0.00815965 0.008175 0.0081715 0.00826051 0.00835098 0.00850616 0.00807237 0.00817336 0.00838445 0.00855934 0.00835199 0.00809714 0.00815469 0.00829864 0.00834332 0.00830009 0.00814121 0.008131 0.0082716 0.00837449 0.00826806 0.0082454 0.00820575 
0.00804971 0.00827163 0.0079672 0.00844471 0.008219 0.00854161 0.00852194 0.00867728 0.00846901 0.00808806 0.00803651 0.00805005 0.00905018 0.0119888 0.00850105 0.00866072 0.0117626 0.0085497 0.0113476 0.01217 0.00898792 0.00900519 0.0112707 0.016157 0.0178102 0.0177245 0.0101002 0.00965995 0.0185397 0.300612 0.0279297 0.0130709 0.00394596 0.00379894 0 0.00371079 0.00586563 0.0100889 0.0095416 0.0119012 0.0133566 0.0144293 0.00925005 0.00918045 0.0149334 0.01561 0.010026 0.00841233 0.0128 0.00852081 0.00852401 0.00900281 0.00903219 0.00904074 0.00923514 0.00863246 0.0082965 0.00841638 0.0089943 0.00876583 0.0084417 0.00812319 0.00816339 0.0083301 0.00833775 0.00825268 0.00846656 0.00830514 0.00809074 0.00802182 0.00836212 0.0085709 0.00835775 0.0082159 0.00808694 0.00836997 0.00819893 0.00820764 0.0084447 0.00809877 0.00819912 0.00834554 0.00815887 0.00830218 0.00809641 
0.00860536 0.00815222 0.00838846 0.00947477 0.00836147 0.00829336 0.00839433 0.0082165 0.00864497 0.0091779 0.00925037 0.00972649 0.023291 0.00858206 0.0100904 0.0252051 0.00873152 0.0111508 0.0239393 0.00856055 0.0117647 0.0119614 0.0206179 0.0128639 0.0113284 0.0122648 0.0117821 0.0175972 0.0134883 0.0137691 0.19237 0.0298404 0.0077789 0.00373686 0.00371079 0 0.0133469 0.0174482 0.0165677 0.0191052 0.0108401 0.0109358 0.0129151 0.0151808 0.0100801 0.0110462 0.0141207 0.0208972 0.00858356 0.00853857 0.00918582 0.00961415 0.0108615 0.00882395 0.00851095 0.0085606 0.00815508 0.0122739 0.00857663 0.00855497 0.00884184 0.00838508 0.0097313 0.00813379 0.0081979 0.00909852 0.00841472 0.00798806 0.00814785 0.00890279 0.00836831 0.0083093 0.0080927 0.00813064 0.00928545 0.00816703 0.0080975 0.00818185 0.00807347 0.00840113 0.00813162 0.00811826 0.00810278 0.0080761 0.00808918 
0.00808547 0.00836397 0.00918755 0.00862841 0.00805632 0.00813018 0.00809094 0.0081449 0.00842441 0.0102852 0.00968481 0.0102856 0.00882214 0.0106658 0.0101477 0.00866157 0.0103574 0.0106096 0.00873618 0.0090712 0.0109225 0.0172757 0.0132394 0.00973815 0.00890561 0.0105877 0.0106792 0.00934177 0.00918049 0.0112116 0.0149482 0.033702 0.00662681 0.00579457 0.00586563 0.0133469 0 0.415771 0.0620868 0.0145337 0.0107545 0.0108298 0.0181893 0.010044 0.00936162 0.0106721 0.0194622 0.0090159 0.0102033 0.00871421 0.0104801 0.0302269 0.00929771 0.00843283 0.00837793 0.00860578 0.00917924 0.00855165 0.00830456 0.00868963 0.0103084 0.0153905 0.00826759 0.00808071 0.0100521 0.00823487 0.00805735 0.00815801 0.00827821 0.00819031 0.00806786 0.00804233 0.00807977 0.00836092 0.00809862 0.0079953 0.00818409 0.00800356 0.00972001 0.00804096 0.00801192 0.00796474 0.00796491 0.00801251 0.00863755 
0.00877697 0.00823648 0.00914994 0.00937935 0.00815509 0.00816571 0.00820385 0.00820996 0.0085311 0.0115721 0.0115964 0.0126008 0.0148659 0.00857484 0.0102336 0.0123273 0.00878745 0.011049 0.0120631 0.00850347 0.0113789 0.01902 0.0136222 0.00957997 0.00926891 0.0106614 0.00967339 0.0119786 0.0100638 0.010289 0.0168616 0.0259781 0.0162891 0.00996999 0.0100889 0.0174482 0.415771 0 0.36256 0.0100337 0.00994914 0.0147971 0.0240654 0.0155351 0.0106424 0.0126107 0.0240846 0.0248633 0.010961 0.00997597 0.0138917 0.0459116 0.0164659 0.0113173 0.00950914 0.0103241 0.0108731 0.0141851 0.00965031 0.010158 0.0146931 0.0173971 0.0110964 0.00844841 0.0100031 0.0102382 0.00852392 0.00827198 0.00876299 0.00964753 0.00855529 0.00822437 0.0084087 0.00879036 0.0102486 0.00835516 0.00821006 0.00847984 0.00890453 0.00896657 0.00808286 0.00809116 0.00803541 0.00813751 0.00882766 
0.00859779 0.0085379 0.00930945 0.00960565 0.00801266 0.00810382 0.00817142 0.00815862 0.00866247 0.0113599 0.0105872 0.01147 0.0108525 0.00900809 0.00961754 0.0104388 0.00865245 0.0102945 0.0102812 0.00844865 0.0100871 0.0300977 0.0138804 0.00950281 0.00881464 0.00972997 0.0100139 0.0102119 0.0092324 0.00976408 0.0152148 0.065207 0.0126762 0.00925742 0.0095416 0.0165677 0.0620868 0.36256 0 0.00618703 0.00561697 0.00540332 0.00702841 0.0102079 0.00773489 0.0111816 0.0187722 0.039928 0.0120562 0.00971857 0.0155294 0.152201 0.0197571 0.0102251 0.00942091 0.0102737 0.0121898 0.0143604 0.0118492 0.0105484 0.0166111 0.0447619 0.0105232 0.00842164 0.0107348 0.0105182 0.00836995 0.0085362 0.0086668 0.00962761 0.00873192 0.00830817 0.00851481 0.00944176 0.00948028 0.00818928 0.00824241 0.00822925 0.0098468 0.00879707 0.00806878 0.00806301 0.00825278 0.00808201 0.00895585 
0.00811093 0.00850433 0.00827492 0.00846367 0.00823999 0.00878337 0.00925575 0.00881478 0.009564 0.00913859 0.00855685 0.00845042 0.00860454 0.00945858 0.0121683 0.00853241 0.00969778 0.0134198 0.00874428 0.00911419 0.0125382 0.0108999 0.0175047 0.0141582 0.0136538 0.0130788 0.0138279 0.0115832 0.0132761 0.0132829 0.0281396 0.0120773 0.0115711 0.0107944 0.0119012 0.0191052 0.0145337 0.0100337 0.00618703 0 0.00370874 0.00370303 0.00377694 0.00397105 0.00476176 0.00709459 0.856995 0.0181322 0.0165734 0.0130614 0.0449287 0.0210675 0.022054 0.0169246 0.0164113 0.0143148 0.0190888 0.0138706 0.0149543 0.0340712 0.0472658 0.0121587 0.0111957 0.00987961 0.0221679 0.0106664 0.0104289 0.00925992 0.0109947 0.0101157 0.011227 0.0107747 0.0102899 0.0111377 0.00835499 0.00876452 0.00923725 0.00867814 0.0126 0.00868425 0.00921975 0.00894287 0.00943366 0.00866748 0.00945317 
0.00818811 0.00816148 0.00812813 0.00831828 0.00830367 0.00898731 0.00883401 0.0091007 0.00877643 0.00811997 0.00806444 0.00799438 0.00837596 0.00962997 0.00863371 0.00832538 0.00906022 0.00882508 0.00855587 0.00910051 0.00871256 0.00837816 0.0108031 0.0144795 0.0192632 0.0130414 0.010091 0.00979411 0.0145499 0.0185073 0.0109266 0.00894641 0.00898684 0.0132919 0.0133566 0.0108401 0.0107545 0.00994914 0.00561697 0.00370874 0 0.00373493 0.00371728 0.00403343 0.00621917 0.879606 0.0142655 0.0104047 0.0669896 0.014693 0.0114983 0.0135731 0.0145133 0.0226335 0.0318238 0.0178889 0.0101929 0.0101961 0.0175576 0.0222778 0.0119769 0.00886408 0.00889736 0.00982296 0.00953282 0.00960811 0.0101669 0.00980465 0.00844878 0.00872357 0.0104042 0.0125679 0.0101381 0.00871831 0.00827595 0.00877651 0.00925425 0.00881164 0.00899834 0.00858689 0.0089236 0.00924969 0.00964175 0.00901746 0.008591 
0.008166 0.00824689 0.00803587 0.00826792 0.00831209 0.00880507 0.00889675 0.00911901 0.00852806 0.00799696 0.00813691 0.00807319 0.0100743 0.00844607 0.00823741 0.0087914 0.00866907 0.00830761 0.00937782 0.00900325 0.00866512 0.00856863 0.0122302 0.0144839 0.0237472 0.0180611 0.00940607 0.00981015 0.0138505 0.0242108 0.0184531 0.00923348 0.0101792 0.010976 0.0144293 0.0109358 0.0108298 0.0147971 0.00540332 0.00370303 0.00373493 0 0.00381578 0.00614385 0.937369 0.0218247 0.0070079 0.018005 0.0110349 0.0443312 0.0138108 0.00977626 0.0122945 0.0289547 0.0223095 0.0289766 0.0122584 0.0118845 0.0198477 0.0308916 0.0154358 0.0084966 0.0100666 0.0102673 0.00931438 0.010126 0.0122152 0.00902728 0.00828724 0.00871576 0.0102209 0.0126241 0.0104154 0.00855325 0.00909933 0.00866436 0.00887175 0.00918227 0.00825788 0.00847246 0.00876627 0.0097506 0.00921052 0.00883187 0.00812816 
