1AMEA
ANQASVVANQLIPINTALTLVMMRSEVVTPVGIPAEDIPRLVSMQVNRAVPLGTTLMPDMVKGYAA
CCCCEEEECCCECCCCECCHHHEEEECCCCCCCEHHHHHHHCCCEECCCECCCCECCHHHEECCCC
0 0 0 0 0 0 0 0 0 0 0 0 0 0 0 0 0 0 0 0 0 0 0 0 0 0 0 0 0 0 0 0 0 0 0 0 0 0 0 0 0 0 0 0 0 0 0 0 0 0 0 0 0 0 0 0 0 0 0 0 0 0 0 0 0 0 
0 0 0 0 0 0 0 0 0 0 0 0 0 0 0 0 0 0 0 0 0 0 0 0 0 0 0 0 0 0 0 0 0 0 0 0 0 0 0 0 0 0 0 0 0 0 0 0 0 0 0 0 0 0 0 0 0 0 0 0 0 0 0 0 0 0 
0 0.00373729 0.00367361 0.00426168 0.00659313 0.0280601 0.00873499 0.0160734 0.0102328 0.476877 0.0287139 0.0191512 0.011434 0.0147658 0.0161868 0.00941194 0.00994253 
0.00373729 0 0.00370981 0.00364321 0.00722947 0.0108779 0.0172366 0.00945001 0.599386 0.0128633 0.0110402 0.0103767 0.014705 0.0128131 0.0104334 0.01432 0.00892763 
0.00367361 0.00370981 0 0.00358705 0.00542528 0.0245088 0.00873884 0.42954 0.0098857 0.0159402 0.0111809 0.0166397 0.00947252 0.0100684 0.0121303 0.011974 0.00930932 
0.00426168 0.00364321 0.00358705 0 0.111878 0.0126267 0.488496 0.00739782 0.012587 0.0090857 0.0115189 0.0118906 0.0124872 0.0139267 0.0144788 0.0290817 0.00897605 
0.00659313 0.00722947 0.00542528 0.111878 0 0.244372 0.00709511 0.00577851 0.00761213 0.00901606 0.0327568 0.0156026 0.025276 0.101145 0.0345498 0.0250949 0.00933215 
0.0280601 0.0108779 0.0245088 0.0126267 0.244372 0 0.00792445 0.0042023 0.00454612 0.006406 0.0530749 0.0584433 0.0123822 0.0470414 0.043797 0.0155131 0.0115308 
0.00873499 0.0172366 0.00873884 0.488496 0.00709511 0.00792445 0 0.00357051 0.00361391 0.0054624 0.00585628 0.00796677 0.0478703 0.0177013 0.0134414 0.0124967 0.0122071 
0.0160734 0.00945001 0.42954 0.00739782 0.00577851 0.0042023 0.00357051 0 0.00394247 0.00390457 0.00661337 0.0101067 0.008502 0.00884421 0.00868864 0.0090646 0.00838859 
0.0102328 0.599386 0.0098857 0.012587 0.00761213 0.00454612 0.00361391 0.00394247 0 0.00383138 0.00479488 0.00972033 0.0106635 0.00929609 0.00924512 0.0136404 0.00835994 
0.476877 0.0128633 0.0159402 0.0090857 0.00901606 0.006406 0.0054624 0.00390457 0.00383138 0 0.0245959 0.0148282 0.00977274 0.0144322 0.0137666 0.0150582 0.00868877 
0.0287139 0.0110402 0.0111809 0.0115189 0.0327568 0.0530749 0.00585628 0.00661337 0.00479488 0.0245959 0 0.0568948 0.00716521 0.0317262 0.0604953 0.013411 0.0135408 
0.0191512 0.0103767 0.0166397 0.0118906 0.0156026 0.0584433 0.00796677 0.0101067 0.00972033 0.0148282 0.0568948 0 0.00475133 0.0133586 0.040769 0.00719223 0.117634 
0.011434 0.014705 0.00947252 0.0124872 0.025276 0.0123822 0.0478703 0.008502 0.0106635 0.00977274 0.00716521 0.00475133 0 0.120815 0.00932414 0.259638 0.00662803 
0.0147658 0.0128131 0.0100684 0.0139267 0.101145 0.0470414 0.0177013 0.00884421 0.00929609 0.0144322 0.0317262 0.0133586 0.120815 0 0.289833 0.0144819 0.00959555 
0.0161868 0.0104334 0.0121303 0.0144788 0.0345498 0.043797 0.0134414 0.00868864 0.00924512 0.0137666 0.0604953 0.040769 0.00932414 0.289833 0 0.0134627 0.00770998 
0.00941194 0.01432 0.011974 0.0290817 0.0250949 0.0155131 0.0124967 0.0090646 0.0136404 0.0150582 0.013411 0.00719223 0.259638 0.0144819 0.0134627 0 0.00365256 
0.00994253 0.00892763 0.00930932 0.00897605 0.00933215 0.0115308 0.0122071 0.00838859 0.00835994 0.00868877 0.0135408 0.117634 0.00662803 0.00959555 0.00770998 0.00365256 0 
