1AU9A
AQSVPYGVSQIKAPALHSQGYCGSNVKVAVIDSGIDSSHPDLKVAGGASFVPSETNPFQDNNSHGTHVAGTVAALNNSIGVLGVAPCASLYAVKVLGADGSGQYSWIINGIEWAIANNMDVINMSLGGPSGSAALKAAVDKAVASGVVVVAAAGNEGTSGSSSTVGYPAKYPSVIAVGAVDSSNQRASFSSVGPELDVMAPGVSICSTLPGNKYGAKSGTSMASPHVAGAAALILSKHPNWTNTQVRSSLENTTTKLGDSFYYGKGLINVQAAAQ
CCCCCHHHHHCCHHHHHHCCCCCCCCEEEEEECCCCCCCCCCCEEEEEECECCECCCCCCCCCHHHHHHHHHHCCCCCCCCCCCCCCCEEEEEECCCCCCCCCHHHHHHHHHHHHHCCCCEEEECCCECCCCHHHHHHHHHHHHCCCEEEEECCCCCCCCCCCCCCECCCCCCCEEEEEECCCCCECCCCCCCCCCCEEEECCCEEEEECCCEEEEECCHHHHHHHHHHHHHHHHHHCCCCCHHHHHHHHHHCCECCCCHHHHCCCECCHHHHCC
0 0 0 0 0 0 0 0 0 0 0 0 0 0 0 0 0 0 0 0 0 0 0 0 0 0 0 0 0 0 0 0 0 0 0 0 0 0 0 0 0 0 0 0 0 0 0 0 0 0 0 0 0 0 0 0 0 0 0 0 0 0 0 0 0 0 0 0 0 0 0 0 0 0 0 0 0 0 0 0 0 0 0 0 0 0 0 0 0 0 0 0 0 0 0 0 0 0 0 0 0 0 0 0 0 0 0 0 0 0 0 0 0 0 0 0 0 0 0 0 0 0 0 0 0 0 0 0 0 0 0 0 0 0 0 0 0 0 0 0 0 0 0 0 0 0 0 0 0 0 0 0 0 0 0 0 0 0 0 0 0 0 0 0 0 0 0 0 0 0 0 0 0 0 0 0 0 0 0 0 0 0 0 0 0 0 0 0 0 0 0 0 0 0 0 0 0 0 0 0 0 0 0 0 0 0 0 0 0 0 0 0 0 0 0 0 0 0 0 0 0 0 0 0 0 0 0 0 0 0 0 0 0 0 0 0 0 0 0 0 0 0 0 0 0 0 0 0 0 0 0 0 0 0 0 0 0 0 0 0 0 0 0 0 0 0 0 0 0 0 0 0 0 0 0 
0 0 0 0 0 0 0 0 0 0 0 0 0 0 0 0 0 0 0 0 0 0 0 0 0 0 0 0 0 0 0 0 0 0 0 0 0 0 0 0 0 0 0 0 0 0 0 0 0 0 0 0 0 0 0 0 0 0 0 0 0 0 0 0 0 0 0 0 0 0 0 0 0 0 0 0 0 0 0 0 0 0 0 0 0 0 0 0 0 0 0 0 0 0 0 0 0 0 0 0 0 0 0 0 0 0 0 0 0 0 0 0 0 0 0 0 0 0 0 0 0 0 0 0 0 0 0 0 0 0 0 0 0 0 0 0 0 0 0 0 0 0 0 0 0 0 0 0 0 0 0 0 0 0 0 0 0 0 0 0 0 0 0 0 0 0 0 0 0 0 0 0 0 0 0 0 0 0 0 0 0 0 0 0 0 0 0 0 0 0 0 0 0 0 0 0 0 0 0 0 0 0 0 0 0 0 0 0 0 0 0 0 0 0 0 0 0 0 0 0 0 0 0 0 0 0 0 0 0 0 0 0 0 0 0 0 0 0 0 0 0 0 0 0 0 0 0 0 0 0 0 0 0 0 0 0 0 0 0 0 0 0 0 0 0 0 0 0 0 0 0 0 0 0 0 
0 0.00474584 0.00364536 0.00371451 0.00379207 0.00561604 0.0157424 0.0192939 0.00851939 0.0171221 0.00916714 0.0296849 0.0145656 0.0147476 0.0518069 0.00918316 0.0130685 0.0105653 0.010177 0.0217801 0.0100357 0.0085008 0.00962463 0.00917781 0.00877025 0.0103614 0.00928695 0.00929115 0.00935823 0.00975996 0.00985446 0.0092125 0.00871459 0.00835229 0.0084613 0.00842715 0.00866379 0.00905946 0.00838375 0.00827136 0.00813187 0.00821962 0.00821811 0.00815478 0.00813446 0.00808553 0.0082226 0.0082612 0.00807753 0.00798711 0.00801696 0.00805456 0.010468 0.00933627 
0.00474584 0 0.0036271 0.00366748 0.00375763 0.0037174 0.0840097 0.0156113 0.0454734 0.00957567 0.0858748 0.0111393 0.0144989 0.0122548 0.0100883 0.124875 0.0131149 0.0312795 0.0371216 0.0125032 0.0195219 0.0184164 0.0110659 0.0116814 0.00829127 0.00994242 0.0133969 0.0130062 0.0147161 0.00988314 0.00796609 0.0103793 0.00985922 0.0101898 0.00958424 0.00913295 0.00836265 0.00803235 0.0088779 0.00878648 0.00882312 0.00829224 0.00898149 0.00840735 0.00870123 0.00844384 0.00814518 0.00798633 0.00820899 0.00822695 0.00816021 0.00814069 0.00845763 0.00846149 
0.00364536 0.0036271 0 0.003645 0.00356923 0.00359359 0.0235909 0.0499376 0.0179675 0.0667832 0.0199308 0.0257832 0.00917116 0.00914648 0.0175349 0.0190611 0.135253 0.0750646 0.0289138 0.0178544 0.0136156 0.0262843 0.0223733 0.0100179 0.00804149 0.0118685 0.0221189 0.0277377 0.0179403 0.010575 0.00809428 0.00986224 0.0130717 0.0130784 0.013997 0.0101832 0.00839484 0.00798957 0.00916434 0.00965995 0.00965366 0.00837539 0.00835154 0.00867331 0.00905721 0.00880698 0.00823442 0.00808373 0.00822856 0.00830662 0.00814211 0.00798404 0.00818028 0.00830957 
0.00371451 0.00366748 0.003645 0 0.00359016 0.00359589 0.0187794 0.0233181 0.0672836 0.0480359 0.0327071 0.0160636 0.0106578 0.00911065 0.012334 0.0325127 0.0658787 0.188977 0.048269 0.0208484 0.0140724 0.0393466 0.0260231 0.0105922 0.00818899 0.0111247 0.0236491 0.0389351 0.0197856 0.0114807 0.00796224 0.0101595 0.0134458 0.0173176 0.0140665 0.0102009 0.00852662 0.00796215 0.00973732 0.0100581 0.0103615 0.00845446 0.00869815 0.00865124 0.00936027 0.00897792 0.00826823 0.00804027 0.0082957 0.00844263 0.00821041 0.00811692 0.00820257 0.00841493 
0.00379207 0.00375763 0.00356923 0.00359016 0 0.00369376 0.0227283 0.0275518 0.048566 0.0193077 0.0705751 0.0138748 0.00969498 0.00982061 0.0101886 0.0324354 0.0199114 0.0318994 0.157499 0.0159879 0.0106578 0.017819 0.025914 0.0129388 0.00836819 0.0107144 0.0153723 0.018927 0.0172796 0.0113354 0.00801427 0.00932874 0.0109378 0.0110163 0.0101482 0.00935876 0.00837578 0.00796927 0.00901291 0.00893223 0.00903576 0.00825328 0.00830146 0.00875739 0.00876526 0.00858505 0.0081502 0.00794869 0.00811119 0.00812375 0.00801197 0.0079905 0.00808964 0.00909949 
0.00561604 0.0037174 0.00359359 0.00359589 0.00369376 0 0.025951 0.0148636 0.0109193 0.0224951 0.0188034 0.0250662 0.0225406 0.014014 0.0130848 0.00983757 0.0132212 0.01438 0.0165294 0.0857079 0.0114523 0.00918462 0.0216175 0.0121409 0.00921891 0.0108057 0.0103678 0.010475 0.0108137 0.0124169 0.008603 0.00954428 0.00979728 0.00902293 0.00906663 0.00851519 0.00860873 0.00831481 0.0089018 0.00830659 0.0081937 0.00830269 0.00835861 0.00819555 0.00837093 0.00810923 0.00821843 0.00801723 0.00794591 0.00797568 0.00797382 0.00806769 0.00828969 0.00878922 
0.0157424 0.0840097 0.0235909 0.0187794 0.0227283 0.025951 0 0.00406794 0.00365011 0.00361428 0.00895262 0.00488243 0.0072886 0.0138675 0.0190716 0.0273334 0.0100436 0.011327 0.0154836 0.0162246 0.0200287 0.00994751 0.00898912 0.0159526 0.0101127 0.00968551 0.00981414 0.00994641 0.00947722 0.0100423 0.00832038 0.00993029 0.00845272 0.0086302 0.00836371 0.00823375 0.0089429 0.00864084 0.00905943 0.00824096 0.00825068 0.00834899 0.00986742 0.00809853 0.0082928 0.00802977 0.00817597 0.00809407 0.00803145 0.00802362 0.00792208 0.00819264 0.0092892 0.00896596 
0.0192939 0.0156113 0.0499376 0.0233181 0.0275518 0.0148636 0.00406794 0 0.00357186 0.00357135 0.00362694 0.00364705 0.00369816 0.00551675 0.0207713 0.010018 0.0156305 0.0121749 0.0120735 0.0104487 0.0088132 0.00956521 0.0119796 0.00838823 0.00803853 0.00861741 0.00935187 0.00932803 0.00960513 0.00847502 0.00796557 0.00815353 0.00903419 0.00840783 0.00868188 0.00847924 0.00809945 0.00797169 0.00811046 0.00834159 0.00819281 0.00797481 0.00795632 0.00821855 0.00818592 0.00819433 0.00793053 0.00788739 0.00795049 0.00796156 0.00797029 0.0078842 0.00814895 0.00810207 
0.00851939 0.0454734 0.0179675 0.0672836 0.048566 0.0109193 0.00365011 0.00357186 0 0.00386222 0.00356702 0.00358432 0.00355641 0.00441932 0.00922014 0.0234698 0.0131112 0.0286021 0.0132141 0.00996988 0.00973876 0.011127 0.00952734 0.00947105 0.00805107 0.00866006 0.0103719 0.0135164 0.010541 0.00877028 0.00787701 0.00854518 0.00890965 0.0101319 0.00918232 0.00863709 0.00820846 0.00784511 0.00843381 0.00858342 0.00846331 0.0080273 0.00836877 0.00817462 0.00856239 0.00825122 0.00799038 0.00787284 0.00794162 0.00803101 0.00793067 0.00792843 0.00797107 0.00810603 
0.0171221 0.00957567 0.0667832 0.0480359 0.0193077 0.0224951 0.00361428 0.00357135 0.00386222 0 0.00354359 0.00358204 0.00365229 0.00407105 0.0171495 0.00970786 0.0333262 0.0260053 0.0114819 0.0114749 0.00911703 0.0104768 0.0139346 0.00842696 0.00795182 0.00849691 0.0104863 0.0122247 0.0103425 0.00865292 0.00786803 0.00829415 0.00971424 0.00900934 0.00931058 0.00846069 0.00803504 0.00783635 0.00823363 0.00843859 0.00838168 0.0080582 0.00807656 0.00825307 0.00829654 0.00823807 0.00798481 0.0079127 0.00799547 0.00796817 0.00792815 0.00781416 0.00789012 0.00804651 
0.00916714 0.0858748 0.0199308 0.0327071 0.0705751 0.0188034 0.00895262 0.00362694 0.00356702 0.00354359 0 0.00370047 0.00371157 0.00537735 0.00905439 0.0268047 0.0102146 0.0155407 0.0384648 0.0103866 0.00923308 0.0113344 0.0108158 0.00992963 0.00816214 0.0088694 0.00971021 0.00951623 0.0103284 0.00910303 0.0078918 0.00865837 0.00856913 0.00895247 0.00848604 0.0083211 0.00817777 0.00791089 0.00815778 0.0083392 0.00835759 0.00797509 0.00805813 0.00826466 0.00821777 0.00810735 0.00794696 0.00792684 0.00800861 0.00802575 0.00794135 0.00796797 0.00808138 0.00810422 
0.0296849 0.0111393 0.0257832 0.0160636 0.0138748 0.0250662 0.00488243 0.00364705 0.00358432 0.00358204 0.00370047 0 0.00465415 0.00451331 0.0150351 0.00940641 0.0127815 0.0129498 0.0106893 0.0226887 0.0103108 0.00892981 0.0106353 0.00944276 0.00830779 0.0090193 0.00895737 0.00981516 0.00893275 0.0092244 0.00807197 0.00870407 0.00852261 0.00878071 0.00860015 0.0082667 0.00837711 0.00803913 0.00844066 0.00827906 0.00812489 0.00831363 0.00815475 0.00805864 0.00822217 0.00806009 0.00816342 0.00798218 0.00793992 0.00790402 0.00795208 0.00793434 0.00814626 0.00825901 
0.0145656 0.0144989 0.00917116 0.0106578 0.00969498 0.0225406 0.0072886 0.00369816 0.00355641 0.00365229 0.00371157 0.00465415 0 0.935031 0.0118154 0.0094678 0.00954378 0.00994481 0.0118161 0.0169478 0.0111558 0.00850433 0.00922169 0.00982491 0.0159954 0.0113771 0.00856005 0.00826901 0.00871202 0.00990407 0.00937023 0.00936022 0.00816326 0.00798159 0.00801466 0.00799465 0.00883974 0.0103255 0.0086823 0.00803498 0.00789726 0.00812347 0.00901331 0.00801109 0.00795387 0.00786815 0.00810758 0.00829845 0.00797746 0.00790929 0.00788206 0.00801139 0.0103486 0.0119318 
0.0147476 0.0122548 0.00914648 0.00911065 0.00982061 0.014014 0.0138675 0.00551675 0.00441932 0.00407105 0.00537735 0.00451331 0.935031 0 0.0122256 0.0100675 0.00941154 0.00921628 0.0127972 0.0214679 0.0108835 0.00849831 0.00847471 0.00928966 0.0211616 0.00980151 0.00822931 0.00807482 0.00832807 0.00901788 0.0101998 0.00908015 0.00795679 0.00788256 0.00789119 0.00802073 0.00909128 0.0118195 0.00851197 0.00790065 0.00792831 0.00829777 0.00896615 0.00791713 0.00790167 0.00786606 0.00820953 0.00867807 0.00802728 0.00791334 0.00796816 0.00826909 0.0105361 0.00987122 
0.0518069 0.0100883 0.0175349 0.012334 0.0101886 0.0130848 0.0190716 0.0207713 0.00922014 0.0171495 0.00905439 0.0150351 0.0118154 0.0122256 0 0.0038545 0.00364832 0.00373899 0.00370252 0.00573149 0.0402623 0.0116744 0.0184287 0.010712 0.0109201 0.0281404 0.012138 0.0121818 0.0118619 0.0125399 0.010549 0.0110706 0.0104545 0.00904668 0.00926902 0.00914362 0.00941629 0.00986026 0.00907017 0.00871011 0.0083128 0.0089475 0.0081782 0.00821819 0.00811163 0.0082978 0.00860509 0.0082696 0.00791136 0.00802577 0.00800531 0.00815726 0.00941799 0.00865004 
0.00918316 0.124875 0.0190611 0.0325127 0.0324354 0.00983757 0.0273334 0.010018 0.0234698 0.00970786 0.0268047 0.00940641 0.0094678 0.0100675 0.0038545 0 0.00358372 0.00356926 0.00364836 0.00363487 0.0753932 0.0848943 0.0118976 0.0138994 0.00907518 0.0147748 0.0418347 0.0242963 0.0223807 0.0124703 0.00811926 0.0117249 0.0133759 0.0156161 0.0131663 0.0109112 0.00891493 0.00796815 0.00938899 0.00943443 0.00963285 0.00832758 0.00891142 0.00858734 0.00903344 0.00915709 0.00815302 0.00786593 0.00807411 0.00811539 0.00811913 0.0081708 0.00803161 0.00798787 
0.0130685 0.0131149 0.135253 0.0658787 0.0199114 0.0132212 0.0100436 0.0156305 0.0131112 0.0333262 0.0102146 0.0127815 0.00954378 0.00941154 0.00364832 0.00358372 0 0.00356007 0.00357002 0.00375531 0.0831401 0.0388259 0.0473588 0.0105765 0.0084776 0.015059 0.0353352 0.0558505 0.024685 0.0125786 0.00818645 0.0109457 0.0206644 0.0242092 0.0259555 0.0111208 0.00888165 0.0080298 0.00949769 0.0107914 0.00948568 0.0085583 0.00841949 0.00915364 0.0100055 0.00912938 0.00823404 0.00799985 0.00813576 0.00835996 0.00815327 0.00797917 0.00804464 0.00814968 
0.0105653 0.0312795 0.0750646 0.188977 0.0318994 0.01438 0.011327 0.0121749 0.0286021 0.0260053 0.0155407 0.0129498 0.00994481 0.00921628 0.00373899 0.00356926 0.00356007 0 0.00354988 0.0035809 0.0553661 0.146715 0.0398214 0.0156911 0.00847805 0.0164408 0.0549254 0.0887248 0.0390403 0.0147081 0.00822909 0.0125649 0.0266366 0.0413628 0.0291671 0.0134861 0.00913573 0.0080013 0.0107348 0.0149636 0.0112206 0.00858596 0.0088368 0.00958656 0.0122883 0.00976151 0.00842565 0.00805296 0.00821512 0.00851033 0.00821849 0.00807056 0.0080381 0.00810159 
0.010177 0.0371216 0.0289138 0.048269 0.157499 0.0165294 0.0154836 0.0120735 0.0132141 0.0114819 0.0384648 0.0106893 0.0118161 0.0127972 0.00370252 0.00364836 0.00357002 0.00354988 0 0.00365442 0.029669 0.0811428 0.179965 0.0394641 0.00975569 0.0185447 0.0453876 0.0418625 0.0575159 0.0226653 0.00844203 0.0148817 0.0235493 0.026121 0.0178798 0.0173615 0.0090236 0.00814579 0.0115145 0.012286 0.0126529 0.00858446 0.00921102 0.00892801 0.0100249 0.00979767 0.00839955 0.00801202 0.00824423 0.00814566 0.00811492 0.00805082 0.0079559 0.0081142 
0.0217801 0.0125032 0.0178544 0.0208484 0.0159879 0.0857079 0.0162246 0.0104487 0.00996988 0.0114749 0.0103866 0.0226887 0.0169478 0.0214679 0.00573149 0.00363487 0.00375531 0.0035809 0.00365442 0 0.0250657 0.0195932 0.148671 0.137549 0.0151872 0.0380044 0.0231715 0.0209592 0.0218918 0.0278847 0.0114366 0.0199703 0.0142184 0.0124433 0.0126128 0.0110407 0.0105516 0.0107417 0.0134621 0.00973565 0.00925774 0.00891504 0.0116177 0.00900031 0.0086594 0.00856009 0.00851246 0.00913693 0.00813184 0.00808271 0.00808556 0.00804737 0.00917662 0.0089289 
0.0100357 0.0195219 0.0136156 0.0140724 0.0106578 0.0114523 0.0200287 0.0088132 0.00973876 0.00911703 0.00923308 0.0103108 0.0111558 0.0108835 0.0402623 0.0753932 0.0831401 0.0553661 0.029669 0.0250657 0 0.00369699 0.00360268 0.00367641 0.00630354 0.601304 0.0436111 0.0334238 0.0158218 0.0234589 0.0111727 0.0429714 0.0177641 0.0159928 0.0138641 0.010923 0.0145128 0.0107989 0.0190362 0.0127023 0.00974635 0.0117229 0.0115905 0.00878138 0.00982802 0.00914006 0.0106794 0.0082387 0.00821856 0.00814596 0.00820464 0.00849209 0.00963299 0.00884155 
0.0085008 0.0184164 0.0262843 0.0393466 0.017819 0.00918462 0.00994751 0.00956521 0.011127 0.0104768 0.0113344 0.00892981 0.00850433 0.00849831 0.0116744 0.0848943 0.0388259 0.146715 0.0811428 0.0195932 0.00369699 0 0.00361375 0.00359241 0.00431571 0.0339369 0.702689 0.0500808 0.062847 0.0140479 0.00870949 0.0157264 0.0490152 0.0359757 0.0281828 0.0162591 0.00925163 0.00835252 0.0134311 0.020263 0.0161107 0.00872191 0.00895118 0.00989352 0.0126066 0.0114366 0.00847512 0.00802453 0.00831139 0.0083777 0.00835592 0.00806385 0.00796769 0.00809822 
0.00962463 0.0110659 0.0223733 0.0260231 0.025914 0.0216175 0.00898912 0.0119796 0.00952734 0.0139346 0.0108158 0.0106353 0.00922169 0.00847471 0.0184287 0.0118976 0.0473588 0.0398214 0.179965 0.148671 0.00360268 0.00361375 0 0.00357021 0.00458947 0.0310566 0.0415119 0.504882 0.102394 0.072628 0.0104834 0.0143187 0.0409293 0.0342414 0.0244536 0.0504629 0.0107552 0.00906407 0.0106729 0.0207123 0.0229393 0.010471 0.00908445 0.011791 0.0108183 0.0154042 0.00927707 0.00815754 0.00837131 0.00842823 0.00862334 0.00819951 0.00808946 0.00820047 
0.00917781 0.0116814 0.0100179 0.0105922 0.0129388 0.0121409 0.0159526 0.00838823 0.00947105 0.00842696 0.00992963 0.00944276 0.00982491 0.00928966 0.010712 0.0138994 0.0105765 0.0156911 0.0394641 0.137549 0.00367641 0.00359241 0.00357021 0 0.0367886 0.0352517 0.0272581 0.0216935 0.276788 0.0675125 0.0116734 0.0226276 0.0123198 0.013317 0.0120665 0.010723 0.0181897 0.00954435 0.018658 0.00945812 0.00999231 0.00993362 0.014966 0.00863042 0.00887179 0.00895005 0.00957573 0.00851373 0.0082704 0.00822549 0.00818874 0.00845779 0.00870167 0.008774 
0.00877025 0.00829127 0.00804149 0.00818899 0.00836819 0.00921891 0.0101127 0.00803853 0.00805107 0.00795182 0.00816214 0.00830779 0.0159954 0.0211616 0.0109201 0.00907518 0.0084776 0.00847805 0.00975569 0.0151872 0.00630354 0.00431571 0.00458947 0.0367886 0 0.0237413 0.0102895 0.0115584 0.0139742 0.0545802 0.0386787 0.0135705 0.00877944 0.00840525 0.00838369 0.00869827 0.0112787 0.0354007 0.009665 0.00842569 0.00821854 0.00943692 0.010007 0.00816185 0.00806713 0.00805792 0.00878191 0.00895085 0.00799464 0.00791852 0.0079673 0.00843259 0.0126243 0.0110256 
0.0103614 0.00994242 0.0118685 0.0111247 0.0107144 0.0108057 0.00968551 0.00861741 0.00866006 0.00849691 0.0088694 0.0090193 0.0113771 0.00980151 0.0281404 0.0147748 0.015059 0.0164408 0.0185447 0.0380044 0.601304 0.0339369 0.0310566 0.0352517 0.0237413 0 0.00388135 0.0036918 0.00382953 0.00440661 0.025691 0.0722175 0.0601626 0.0187727 0.0174085 0.019438 0.0262529 0.017081 0.0460609 0.0162758 0.0120724 0.0222806 0.016217 0.011893 0.0117866 0.0121883 0.0162216 0.00942012 0.00878762 0.00864832 0.00961888 0.0113879 0.0116179 0.0100582 
0.00928695 0.0133969 0.0221189 0.0236491 0.0153723 0.0103678 0.00981414 0.00935187 0.0103719 0.0104863 0.00971021 0.00895737 0.00856005 0.00822931 0.012138 0.0418347 0.0353352 0.0549254 0.0453876 0.0231715 0.0436111 0.702689 0.0415119 0.0272581 0.0102895 0.00388135 0 0.00364139 0.00364877 0.00372066 0.0167993 0.0786299 0.17313 0.0688402 0.0493316 0.0407551 0.0132967 0.0106539 0.0366901 0.0553092 0.0290667 0.012456 0.0154515 0.0181917 0.022362 0.0239547 0.0113381 0.00865504 0.00925502 0.00980684 0.00974731 0.00885296 0.00863595 0.00834665 
0.00929115 0.0130062 0.0277377 0.0389351 0.018927 0.010475 0.00994641 0.00932803 0.0135164 0.0122247 0.00951623 0.00981516 0.00826901 0.00807482 0.0121818 0.0242963 0.0558505 0.0887248 0.0418625 0.0209592 0.0334238 0.0500808 0.504882 0.0216935 0.0115584 0.0036918 0.00364139 0 0.00361269 0.00358826 0.0154397 0.0960222 0.0949483 0.183003 0.100467 0.0323069 0.0127795 0.00901959 0.0233016 0.0506284 0.0301899 0.0110403 0.0137291 0.0169461 0.0485546 0.0182144 0.0101058 0.00861843 0.00911844 0.0109616 0.00921576 0.00888381 0.00833091 0.00837511 
0.00935823 0.0147161 0.0179403 0.0197856 0.0172796 0.0108137 0.00947722 0.00960513 0.010541 0.0103425 0.0103284 0.00893275 0.00871202 0.00832807 0.0118619 0.0223807 0.024685 0.0390403 0.0575159 0.0218918 0.0158218 0.062847 0.102394 0.276788 0.0139742 0.00382953 0.00364877 0.00361269 0 0.00364303 0.0181378 0.027394 0.168122 0.0968413 0.0725353 0.151431 0.019984 0.0105819 0.0212133 0.0386885 0.0506875 0.0147363 0.012324 0.017867 0.0180293 0.0294794 0.012787 0.00878246 0.0100317 0.00908483 0.0104891 0.00915447 0.00868324 0.00892926 
0.00975996 0.00988314 0.010575 0.0114807 0.0113354 0.0124169 0.0100423 0.00847502 0.00877028 0.00865292 0.00910303 0.0092244 0.00990407 0.00901788 0.0125399 0.0124703 0.0125786 0.0147081 0.0226653 0.0278847 0.0234589 0.0140479 0.072628 0.0675125 0.0545802 0.00440661 0.00372066 0.00358826 0.00364303 0 0.0345073 0.0435112 0.0233847 0.0800938 0.0386808 0.0664174 0.100549 0.0149992 0.0281162 0.0140155 0.0194798 0.0168415 0.0219264 0.0102456 0.0110686 0.0140356 0.0153849 0.011044 0.0087062 0.00861648 0.00884983 0.0109788 0.0103443 0.00979706 
0.00985446 0.00796609 0.00809428 0.00796224 0.00801427 0.008603 0.00832038 0.00796557 0.00787701 0.00786803 0.0078918 0.00807197 0.00937023 0.0101998 0.010549 0.00811926 0.00818645 0.00822909 0.00844203 0.0114366 0.0111727 0.00870949 0.0104834 0.0116734 0.0386787 0.025691 0.0167993 0.0154397 0.0181378 0.0345073 0 0.0262561 0.00903866 0.00670165 0.00642985 0.00860144 0.0121027 0.0575798 0.0124266 0.00965591 0.00928688 0.0133997 0.0111683 0.0087617 0.00846286 0.00928141 0.0102647 0.00983607 0.00840416 0.00823368 0.00826865 0.00894058 0.0173044 0.0124785 
0.0092125 0.0103793 0.00986224 0.0101595 0.00932874 0.00954428 0.00993029 0.00815353 0.00854518 0.00829415 0.00865837 0.00870407 0.00936022 0.00908015 0.0110706 0.0117249 0.0109457 0.0125649 0.0148817 0.0199703 0.0429714 0.0157264 0.0143187 0.0226276 0.0135705 0.0722175 0.0786299 0.0960222 0.027394 0.0435112 0.0262561 0 0.00369487 0.00367278 0.00363733 0.00370553 0.00599869 0.00974725 0.0911922 0.0251275 0.0139042 0.0252453 0.0275556 0.01114 0.0128115 0.0130771 0.0209874 0.0101631 0.00940336 0.00898456 0.00952129 0.0140366 0.0117277 0.0104737 
0.00871459 0.00985922 0.0130717 0.0134458 0.0109378 0.00979728 0.00845272 0.00903419 0.00890965 0.00971424 0.00856913 0.00852261 0.00816326 0.00795679 0.0104545 0.0133759 0.0206644 0.0266366 0.0235493 0.0142184 0.0177641 0.0490152 0.0409293 0.0123198 0.00877944 0.0601626 0.17313 0.0949483 0.168122 0.0233847 0.00903866 0.00369487 0 0.00361326 0.00360433 0.00420813 0.00374623 0.00777559 0.0383148 0.107568 0.0345753 0.0222669 0.0123186 0.0281405 0.0172509 0.0274697 0.0113947 0.00898525 0.00999669 0.00989233 0.0122576 0.00929736 0.00872123 0.00847567 
0.00835229 0.0101898 0.0130784 0.0173176 0.0110163 0.00902293 0.0086302 0.00840783 0.0101319 0.00900934 0.00895247 0.00878071 0.00798159 0.00788256 0.00904668 0.0156161 0.0242092 0.0413628 0.026121 0.0124433 0.0159928 0.0359757 0.0342414 0.013317 0.00840525 0.0187727 0.0688402 0.183003 0.0968413 0.0800938 0.00670165 0.00367278 0.00361326 0 0.00362205 0.00361893 0.00358953 0.0053231 0.104906 0.0323201 0.0468764 0.0112375 0.0138514 0.0124954 0.0386767 0.0184932 0.0110713 0.00857983 0.0098909 0.0105817 0.00967059 0.00915246 0.00841722 0.00851348 
0.0084613 0.00958424 0.013997 0.0140665 0.0101482 0.00906663 0.00836371 0.00868188 0.00918232 0.00931058 0.00848604 0.00860015 0.00801466 0.00789119 0.00926902 0.0131663 0.0259555 0.0291671 0.0178798 0.0126128 0.0138641 0.0281828 0.0244536 0.0120665 0.00838369 0.0174085 0.0493316 0.100467 0.0725353 0.0386808 0.00642985 0.00363733 0.00360433 0.00362205 0 0.00358553 0.00357935 0.00536098 0.0256133 0.237055 0.0206514 0.0293983 0.0115564 0.0163724 0.0220122 0.0169312 0.0102825 0.00865354 0.0100942 0.0106627 0.00920843 0.00928057 0.00841099 0.00835979 
0.00842715 0.00913295 0.0101832 0.0102009 0.00935876 0.00851519 0.00823375 0.00847924 0.00863709 0.00846069 0.0083211 0.0082667 0.00799465 0.00802073 0.00914362 0.0109112 0.0111208 0.0134861 0.0173615 0.0110407 0.010923 0.0162591 0.0504629 0.010723 0.00869827 0.019438 0.0407551 0.0323069 0.151431 0.0664174 0.00860144 0.00370553 0.00420813 0.00361893 0.00358553 0 0.00360382 0.00844168 0.0294333 0.0269224 0.259918 0.0128241 0.0126313 0.0166287 0.0143902 0.0202665 0.012256 0.00896916 0.00964032 0.00926919 0.0107917 0.00941729 0.0090953 0.00885204 
0.00866379 0.00836265 0.00839484 0.00852662 0.00837578 0.00860873 0.0089429 0.00809945 0.00820846 0.00803504 0.00817777 0.00837711 0.00883974 0.00909128 0.00941629 0.00891493 0.00888165 0.00913573 0.0090236 0.0105516 0.0145128 0.00925163 0.0107552 0.0181897 0.0112787 0.0262529 0.0132967 0.0127795 0.019984 0.100549 0.0121027 0.00599869 0.00374623 0.00358953 0.00357935 0.00360382 0 0.665049 0.0275678 0.0185899 0.0170221 0.0807609 0.0335115 0.0101632 0.009578 0.00962657 0.0119063 0.0135024 0.00894008 0.00863204 0.00861525 0.0115392 0.0118203 0.0103054 
0.00905946 0.00803235 0.00798957 0.00796215 0.00796927 0.00831481 0.00864084 0.00797169 0.00784511 0.00783635 0.00791089 0.00803913 0.0103255 0.0118195 0.00986026 0.00796815 0.0080298 0.0080013 0.00814579 0.0107417 0.0107989 0.00835252 0.00906407 0.00954435 0.0354007 0.017081 0.0106539 0.00901959 0.0105819 0.0149992 0.0575798 0.00974725 0.00777559 0.0053231 0.00536098 0.00844168 0.665049 0 0.0141107 0.0089794 0.00914903 0.00958217 0.011148 0.00869512 0.00780437 0.00965475 0.011936 0.0121793 0.00887521 0.00823036 0.00887585 0.0101101 0.0299302 0.0217073 
0.00838375 0.0088779 0.00916434 0.00973732 0.00901291 0.0089018 0.00905943 0.00811046 0.00843381 0.00823363 0.00815778 0.00844066 0.0086823 0.00851197 0.00907017 0.00938899 0.00949769 0.0107348 0.0115145 0.0134621 0.0190362 0.0134311 0.0106729 0.018658 0.009665 0.0460609 0.0366901 0.0233016 0.0212133 0.0281162 0.0124266 0.0911922 0.0383148 0.104906 0.0256133 0.0294333 0.0275678 0.0141107 0 0.00365151 0.00361185 0.00382215 0.00472969 0.00538119 0.00867303 0.0299092 0.047378 0.00770994 0.0073615 0.00754178 0.0224936 0.0152887 0.0142261 0.011051 
0.00827136 0.00878648 0.00965995 0.0100581 0.00893223 0.00830659 0.00824096 0.00834159 0.00858342 0.00843859 0.0083392 0.00827906 0.00803498 0.00790065 0.00871011 0.00943443 0.0107914 0.0149636 0.012286 0.00973565 0.0127023 0.020263 0.0207123 0.00945812 0.00842569 0.0162758 0.0553092 0.0506284 0.0386885 0.0140155 0.00965591 0.0251275 0.107568 0.0323201 0.237055 0.0269224 0.0185899 0.0089794 0.00365151 0 0.00359465 0.00359083 0.00392863 0.00990793 0.0266177 0.019914 0.00653554 0.00653301 0.00791291 0.00786202 0.010534 0.00885023 0.00951536 0.00883072 
0.00813187 0.00882312 0.00965366 0.0103615 0.00903576 0.0081937 0.00825068 0.00819281 0.00846331 0.00838168 0.00835759 0.00812489 0.00789726 0.00792831 0.0083128 0.00963285 0.00948568 0.0112206 0.0126529 0.00925774 0.00974635 0.0161107 0.0229393 0.00999231 0.00821854 0.0120724 0.0290667 0.0301899 0.0506875 0.0194798 0.00928688 0.0139042 0.0345753 0.0468764 0.0206514 0.259918 0.0170221 0.00914903 0.00361185 0.00359465 0 0.00356391 0.00510377 0.0362846 0.00975215 0.0057714 0.00562462 0.00646172 0.00825486 0.00771818 0.00836056 0.00815223 0.0086148 0.00889207 
0.00821962 0.00829224 0.00837539 0.00845446 0.00825328 0.00830269 0.00834899 0.00797481 0.0080273 0.0080582 0.00797509 0.00831363 0.00812347 0.00829777 0.0089475 0.00832758 0.0085583 0.00858596 0.00858446 0.00891504 0.0117229 0.00872191 0.010471 0.00993362 0.00943692 0.0222806 0.012456 0.0110403 0.0147363 0.0168415 0.0133997 0.0252453 0.0222669 0.0112375 0.0293983 0.0128241 0.0807609 0.00958217 0.00382215 0.00359083 0.00356391 0 0.0344895 0.00532159 0.00381293 0.00395778 0.00443105 0.0121777 0.00652908 0.00624387 0.00655664 0.00910583 0.0129645 0.010706 
0.00821811 0.00898149 0.00835154 0.00869815 0.00830146 0.00835861 0.00986742 0.00795632 0.00836877 0.00807656 0.00805813 0.00815475 0.00901331 0.00896615 0.0081782 0.00891142 0.00841949 0.0088368 0.00921102 0.0116177 0.0115905 0.00895118 0.00908445 0.014966 0.010007 0.016217 0.0154515 0.0137291 0.012324 0.0219264 0.0111683 0.0275556 0.0123186 0.0138514 0.0115564 0.0126313 0.0335115 0.011148 0.00472969 0.00392863 0.00510377 0.0344895 0 0.00356289 0.0035625 0.00359424 0.00401128 0.00449813 0.00513681 0.005887 0.0135115 0.7378 0.0151958 0.0122702 
0.00815478 0.00840735 0.00867331 0.00865124 0.00875739 0.00819555 0.00809853 0.00821855 0.00817462 0.00825307 0.00826466 0.00805864 0.00801109 0.00791713 0.00821819 0.00858734 0.00915364 0.00958656 0.00892801 0.00900031 0.00878138 0.00989352 0.011791 0.00863042 0.00816185 0.011893 0.0181917 0.0169461 0.017867 0.0102456 0.0087617 0.01114 0.0281405 0.0124954 0.0163724 0.0166287 0.0101632 0.00869512 0.00538119 0.00990793 0.0362846 0.00532159 0.00356289 0 0.00356185 0.00361723 0.00360483 0.00406439 0.00508785 0.00630182 0.734619 0.0102108 0.00930127 0.00874977 
0.00813446 0.00870123 0.00905721 0.00936027 0.00876526 0.00837093 0.0082928 0.00818592 0.00856239 0.00829654 0.00821777 0.00822217 0.00795387 0.00790167 0.00811163 0.00903344 0.0100055 0.0122883 0.0100249 0.0086594 0.00982802 0.0126066 0.0108183 0.00887179 0.00806713 0.0117866 0.022362 0.0485546 0.0180293 0.0110686 0.00846286 0.0128115 0.0172509 0.0386767 0.0220122 0.0143902 0.009578 0.00780437 0.00867303 0.0266177 0.00975215 0.00381293 0.0035625 0.00356185 0 0.0035463 0.00357551 0.00467937 0.00630423 0.714273 0.0195434 0.00641158 0.00869531 0.00854462 
0.00808553 0.00844384 0.00880698 0.00897792 0.00858505 0.00810923 0.00802977 0.00819433 0.00825122 0.00823807 0.00810735 0.00806009 0.00786815 0.00786606 0.0082978 0.00915709 0.00912938 0.00976151 0.00979767 0.00856009 0.00914006 0.0114366 0.0154042 0.00895005 0.00805792 0.0121883 0.0239547 0.0182144 0.0294794 0.0140356 0.00928141 0.0130771 0.0274697 0.0184932 0.0169312 0.0202665 0.00962657 0.00965475 0.0299092 0.019914 0.0057714 0.00395778 0.00359424 0.00361723 0.0035463 0 0.00355858 0.0115689 0.762319 0.0214297 0.00586515 0.0058779 0.0104259 0.00903958 
0.0082226 0.00814518 0.00823442 0.00826823 0.0081502 0.00821843 0.00817597 0.00793053 0.00799038 0.00798481 0.00794696 0.00816342 0.00810758 0.00820953 0.00860509 0.00815302 0.00823404 0.00842565 0.00839955 0.00851246 0.0106794 0.00847512 0.00927707 0.00957573 0.00878191 0.0162216 0.0113381 0.0101058 0.012787 0.0153849 0.0102647 0.0209874 0.0113947 0.0110713 0.0102825 0.012256 0.0119063 0.011936 0.047378 0.00653554 0.00562462 0.00443105 0.00401128 0.00360483 0.00357551 0.00355858 0 0.936402 0.00436561 0.00380022 0.00399382 0.00616965 0.0119716 0.0107273 
0.0082612 0.00798633 0.00808373 0.00804027 0.00794869 0.00801723 0.00809407 0.00788739 0.00787284 0.0079127 0.00792684 0.00798218 0.00829845 0.00867807 0.0082696 0.00786593 0.00799985 0.00805296 0.00801202 0.00913693 0.0082387 0.00802453 0.00815754 0.00851373 0.00895085 0.00942012 0.00865504 0.00861843 0.00878246 0.011044 0.00983607 0.0101631 0.00898525 0.00857983 0.00865354 0.00896916 0.0135024 0.0121793 0.00770994 0.00653301 0.00646172 0.0121777 0.00449813 0.00406439 0.00467937 0.0115689 0.936402 0 0.00464412 0.00363728 0.00412032 0.00601415 0.0187451 0.010291 
0.00807753 0.00820899 0.00822856 0.0082957 0.00811119 0.00794591 0.00803145 0.00795049 0.00794162 0.00799547 0.00800861 0.00793992 0.00797746 0.00802728 0.00791136 0.00807411 0.00813576 0.00821512 0.00824423 0.00813184 0.00821856 0.00831139 0.00837131 0.0082704 0.00799464 0.00878762 0.00925502 0.00911844 0.0100317 0.0087062 0.00840416 0.00940336 0.00999669 0.0098909 0.0100942 0.00964032 0.00894008 0.00887521 0.0073615 0.00791291 0.00825486 0.00652908 0.00513681 0.00508785 0.00630423 0.762319 0.00436561 0.00464412 0 0.00356136 0.00375124 0.00366871 0.0113152 0.00860654 
0.00798711 0.00822695 0.00830662 0.00844263 0.00812375 0.00797568 0.00802362 0.00796156 0.00803101 0.00796817 0.00802575 0.00790402 0.00790929 0.00791334 0.00802577 0.00811539 0.00835996 0.00851033 0.00814566 0.00808271 0.00814596 0.0083777 0.00842823 0.00822549 0.00791852 0.00864832 0.00980684 0.0109616 0.00908483 0.00861648 0.00823368 0.00898456 0.00989233 0.0105817 0.0106627 0.00926919 0.00863204 0.00823036 0.00754178 0.00786202 0.00771818 0.00624387 0.005887 0.00630182 0.714273 0.0214297 0.00380022 0.00363728 0.00356136 0 0.00374333 0.00360323 0.00990481 0.0083663 
0.00801696 0.00816021 0.00814211 0.00821041 0.00801197 0.00797382 0.00792208 0.00797029 0.00793067 0.00792815 0.00794135 0.00795208 0.00788206 0.00796816 0.00800531 0.00811913 0.00815327 0.00821849 0.00811492 0.00808556 0.00820464 0.00835592 0.00862334 0.00818874 0.0079673 0.00961888 0.00974731 0.00921576 0.0104891 0.00884983 0.00826865 0.00952129 0.0122576 0.00967059 0.00920843 0.0107917 0.00861525 0.00887585 0.0224936 0.010534 0.00836056 0.00655664 0.0135115 0.734619 0.0195434 0.00586515 0.00399382 0.00412032 0.00375124 0.00374333 0 0.00362932 0.0095677 0.00890487 
0.00805456 0.00814069 0.00798404 0.00811692 0.0079905 0.00806769 0.00819264 0.0078842 0.00792843 0.00781416 0.00796797 0.00793434 0.00801139 0.00826909 0.00815726 0.0081708 0.00797917 0.00807056 0.00805082 0.00804737 0.00849209 0.00806385 0.00819951 0.00845779 0.00843259 0.0113879 0.00885296 0.00888381 0.00915447 0.0109788 0.00894058 0.0140366 0.00929736 0.00915246 0.00928057 0.00941729 0.0115392 0.0101101 0.0152887 0.00885023 0.00815223 0.00910583 0.7378 0.0102108 0.00641158 0.0058779 0.00616965 0.00601415 0.00366871 0.00360323 0.00362932 0 0.0235004 0.0098642 
0.010468 0.00845763 0.00818028 0.00820257 0.00808964 0.00828969 0.0092892 0.00814895 0.00797107 0.00789012 0.00808138 0.00814626 0.0103486 0.0105361 0.00941799 0.00803161 0.00804464 0.0080381 0.0079559 0.00917662 0.00963299 0.00796769 0.00808946 0.00870167 0.0126243 0.0116179 0.00863595 0.00833091 0.00868324 0.0103443 0.0173044 0.0117277 0.00872123 0.00841722 0.00841099 0.0090953 0.0118203 0.0299302 0.0142261 0.00951536 0.0086148 0.0129645 0.0151958 0.00930127 0.00869531 0.0104259 0.0119716 0.0187451 0.0113152 0.00990481 0.0095677 0.0235004 0 0.825436 
0.00933627 0.00846149 0.00830957 0.00841493 0.00909949 0.00878922 0.00896596 0.00810207 0.00810603 0.00804651 0.00810422 0.00825901 0.0119318 0.00987122 0.00865004 0.00798787 0.00814968 0.00810159 0.0081142 0.0089289 0.00884155 0.00809822 0.00820047 0.008774 0.0110256 0.0100582 0.00834665 0.00837511 0.00892926 0.00979706 0.0124785 0.0104737 0.00847567 0.00851348 0.00835979 0.00885204 0.0103054 0.0217073 0.011051 0.00883072 0.00889207 0.010706 0.0122702 0.00874977 0.00854462 0.00903958 0.0107273 0.010291 0.00860654 0.0083663 0.00890487 0.0098642 0.825436 0 
