1AZ9A
SEISRQEFQRRRQALVEQMQPGSAALIFAAPEVTRSADSEYPYRQNSDFWYFTGFNEPEAVLVLIKSDDTHNHSVLFNRVRDLTAEIWFGRRLGQDAAPEKLGVDRALAFSEINQQLYQLLNGLDVVYHAQGEYAYADVIVNSALEKLRKGSRQNLTAPATMIDWRPVVHEMRLFKSPEEIAVLRRAGEITAMAHTRAMEKCRPGMFEYHLEGEIHHEFNRHGARYPSYNTIVGSGENGCILHYTENECEMRDGDLVLIDAGCEYKGYAGDITRTFPVNGKFTQAQREIYDIVLESLETSLRLYRPGTSILEVTGEVVRIMVSGLVKLGILKGDVDELIAQNAHRPFFMHGLSHWLGLDVHDVGVYGQDRSRILEPGMVLTVEPGLYIAPDAEVPEQYRGIGIRIEDDIVITETGNENLTASVVKKPEEIEALMVAARKQ
CCCCHHHHHHHHHHHHHCCCCCEEEEEECCCCCEEECCEECCCCCCHHHHHHHCCCCCCCEEEEEECCCCCEEEEEEECCCCHHHHHHHCCCCHHHHHHHHHCCCEEEEHHHHHHHHHHHHCCCCEEEECCCCCHHHHHHHHHHHHHHHCCHHHCCCCCCEEECCHHHHHHHHHCCCHHHHHHHHHHHHHHHHHHHHHHHHCCCCCEHHHHHHHHHHHHHHCCCCCECCCCEEEEHHHHHCCCCCCCCCECCCCCEEEEEECEEECCEECCEEEEEECCCCCCHHHHHHHHHHHHHHHHHHHHCCCCCCHHHHHHHHHHHHHHHHHHHCCCCCCHHHHHHCCCCCCCCCCCCCCECCCCCCCCCCCCHHHCCCCCCCCEEEECCEEEECCCCCCCHHHCCEEEECEEEEEECCCCEEECCCCCCCCHHHHHHHHHHHHCC
0 0 0 0 0 0 0 0 0 0 0 0 0 0 0 0 0 0 0 0 0 0 0 0 0 0 0 0 0 0 0 0 0 0 0 0 0 0 0 0 0 0 0 0 0 0 0 0 0 0 0 0 0 0 0 0 0 0 0 0 0 0 0 0 0 0 0 0 0 0 0 0 0 0 0 0 0 0 0 0 0 0 0 0 0 0 0 0 0 0 0 0 0 0 0 0 0 0 0 0 0 0 0 0 0 0 0 0 0 0 0 0 0 0 0 0 0 0 0 0 0 0 0 0 0 0 0 0 0 0 0 0 0 0 0 0 0 0 0 0 0 0 0 0 0 0 0 0 0 0 0 0 0 0 0 0 0 0 0 0 0 0 0 0 0 0 0 0 0 0 0 0 0 0 0 0 0 0 0 0 0 0 0 0 0 0 0 0 0 0 0 0 0 0 0 0 0 0 0 0 0 0 0 0 0 0 0 0 0 0 0 0 0 0 0 0 0 0 0 0 0 0 0 0 0 0 0 0 0 0 0 0 0 0 0 0 0 0 0 0 0 0 0 0 0 0 0 0 0 0 0 0 0 0 0 0 0 0 0 0 0 0 0 0 0 0 0 0 0 0 0 0 0 0 0 0 0 0 0 0 0 0 0 0 0 0 0 0 0 0 0 0 0 0 0 0 0 0 0 0 0 0 0 0 0 0 0 0 0 0 0 0 0 0 0 0 0 0 0 0 0 0 0 0 0 0 0 0 0 0 0 0 0 0 0 0 0 0 0 0 0 0 0 0 0 0 0 0 0 0 0 0 0 0 0 0 0 0 0 0 0 0 0 0 0 0 0 0 0 0 0 0 0 0 0 0 0 0 0 0 0 0 0 0 0 0 0 0 0 0 0 0 0 0 0 0 0 0 0 0 0 0 0 0 0 0 0 0 0 0 0 0 0 0 0 0 0 0 0 0 0 0 0 0 0 0 0 0 0 0 0 0 0 0 0 0 0 0 0 0 
0 0 0 0 0 0 0 0 0 0 0 0 0 0 0 0 0 0 0 0 0 0 0 0 0 0 0 0 0 0 0 0 0 0 0 0 0 0 0 0 0 0 0 0 0 0 0 0 0 0 0 0 0 0 0 0 0 0 0 0 0 0 0 0 0 0 0 0 0 0 0 0 0 0 0 0 0 0 0 0 0 0 0 0 0 0 0 0 0 0 0 0 0 0 0 0 0 0 0 0 0 0 0 0 0 0 0 0 0 0 0 0 0 0 0 0 0 0 0 0 0 0 0 0 0 0 0 0 0 0 0 0 0 0 0 0 0 0 0 0 0 0 0 0 0 0 0 0 0 0 0 0 0 0 0 0 0 0 0 0 0 0 0 0 0 0 0 0 0 0 0 0 0 0 0 0 0 0 0 0 0 0 0 0 0 0 0 0 0 0 0 0 0 0 0 0 0 0 0 0 0 0 0 0 0 0 0 0 0 0 0 0 0 0 0 0 0 0 0 0 0 0 0 0 0 0 0 0 0 0 0 0 0 0 0 0 0 0 0 0 0 0 0 0 0 0 0 0 0 0 0 0 0 0 0 0 0 0 0 0 0 0 0 0 0 0 0 0 0 0 0 0 0 0 0 0 0 0 0 0 0 0 0 0 0 0 0 0 0 0 0 0 0 0 0 0 0 0 0 0 0 0 0 0 0 0 0 0 0 0 0 0 0 0 0 0 0 0 0 0 0 0 0 0 0 0 0 0 0 0 0 0 0 0 0 0 0 0 0 0 0 0 0 0 0 0 0 0 0 0 0 0 0 0 0 0 0 0 0 0 0 0 0 0 0 0 0 0 0 0 0 0 0 0 0 0 0 0 0 0 0 0 0 0 0 0 0 0 0 0 0 0 0 0 0 0 0 0 0 0 0 0 0 0 0 0 0 0 0 0 0 0 0 0 0 0 0 0 0 0 0 0 0 0 0 0 0 0 0 0 0 0 0 0 0 0 0 0 0 0 
0 0.00374619 0.00363721 0.0037108 0.00381118 0.00573271 0.0101516 0.00844115 0.0324571 0.0109289 0.0457885 0.0328393 0.0177156 0.016859 0.0127697 0.0140381 0.0509622 0.0110751 0.00903686 0.00973651 0.010599 0.0117599 0.0122397 0.0233033 0.0102614 0.00857335 0.00932734 0.0131174 0.00952001 0.00837571 0.00933653 0.0117145 0.0082318 0.00794474 0.00834493 0.00836185 0.00809143 0.00843379 0.00820079 0.00822352 0.00837828 0.0084412 0.00835389 0.00836679 0.00835558 0.00841518 0.00819494 0.00849983 0.00826195 0.00818692 0.00852661 0.0081209 0.00843331 0.00821924 0.0083292 0.00827979 0.00836726 0.00827849 0.00880554 0.00893358 0.00899524 0.0091864 0.00978199 0.0101723 0.0086061 0.008956 0.00964919 0.0104574 0.00931936 0.00941163 0.00956761 0.0109408 0.00941482 0.00897105 0.00930907 0.00984304 0.0108228 0.0121611 0.00976402 0.00916658 0.0107179 
0.00374619 0 0.00361625 0.00362334 0.00393247 0.00382833 0.00794856 0.0152083 0.0126321 0.0170523 0.0118475 0.0258087 0.0774908 0.0351215 0.0352586 0.0662447 0.0127531 0.00934835 0.0131335 0.0149291 0.0252575 0.0309214 0.035493 0.0132484 0.00930145 0.0129437 0.0121204 0.0104362 0.0093562 0.0113304 0.0125656 0.0100938 0.0079619 0.00818437 0.00810531 0.00793644 0.00792074 0.00823593 0.00856591 0.00844197 0.00810444 0.00798824 0.00835346 0.00858009 0.00899685 0.00874735 0.00846351 0.00834898 0.00818942 0.00833056 0.00818859 0.00823569 0.00838234 0.00819998 0.00839532 0.00858882 0.00849807 0.00840138 0.00828659 0.00852036 0.0091108 0.00992825 0.00991352 0.00968738 0.00858591 0.00969288 0.00970548 0.00952577 0.009443 0.0098855 0.0102453 0.00970381 0.00925355 0.00966429 0.00975873 0.0103037 0.0105886 0.0112582 0.00891325 0.00933146 0.00981265 
0.00363721 0.00361625 0 0.00363323 0.00362002 0.0036235 0.00926169 0.00786587 0.0351895 0.00857546 0.0090643 0.0190791 0.0572867 0.1163 0.138029 0.0261783 0.0118607 0.00955406 0.0121331 0.0315703 0.0655954 0.114459 0.0319513 0.0125637 0.00979097 0.014377 0.0135832 0.0103152 0.0106956 0.0147416 0.0146862 0.00949177 0.00824739 0.00825601 0.00805847 0.00793016 0.00788095 0.00838496 0.00892391 0.00857952 0.00814617 0.00800822 0.00849234 0.00882392 0.0094699 0.00908729 0.00864318 0.00859182 0.00836905 0.0083696 0.0082503 0.00817817 0.00833177 0.00835273 0.00855795 0.00875935 0.00880744 0.00859891 0.00834319 0.00843134 0.00943279 0.0100707 0.0101282 0.0094153 0.00878022 0.00975388 0.00995527 0.00923036 0.00963141 0.0102097 0.0103587 0.0099639 0.00961339 0.00981483 0.0105931 0.0111425 0.0112183 0.010892 0.00930893 0.00946301 0.00954767 
0.0037108 0.00362334 0.00363323 0 0.00359689 0.00358075 0.00745289 0.0186226 0.0390198 0.00813222 0.00843071 0.020512 0.0496848 0.222015 0.113801 0.0279625 0.0113463 0.00935317 0.0126778 0.0351923 0.0993618 0.10264 0.037326 0.012682 0.0100831 0.0165101 0.0154685 0.0103838 0.010487 0.0169302 0.0154412 0.00943463 0.00823189 0.00822717 0.00816646 0.00795976 0.00791201 0.00846787 0.00902407 0.00868798 0.00816863 0.00800902 0.00861299 0.00901023 0.00970313 0.00934655 0.00882284 0.00869339 0.00847982 0.00832629 0.00831082 0.00822446 0.008294 0.00860385 0.00870249 0.00882723 0.00889179 0.00869017 0.00834965 0.0084935 0.00945548 0.0101911 0.0102547 0.00958484 0.00881595 0.00994227 0.0100098 0.00932595 0.00962488 0.0103382 0.010656 0.00997743 0.00958072 0.00988523 0.0105279 0.0112295 0.0113088 0.0108886 0.00937673 0.00957933 0.00950655 
0.00381118 0.00393247 0.00362002 0.00359689 0 0.00362894 0.0284794 0.0244398 0.0200269 0.00878895 0.0108102 0.0167634 0.0926906 0.0445251 0.0498689 0.0782054 0.0119844 0.00986877 0.0129694 0.0191961 0.0250903 0.0431256 0.106608 0.0155029 0.00964045 0.0131978 0.0190372 0.011253 0.0102971 0.012822 0.0197805 0.00995251 0.00819237 0.00831109 0.00813051 0.00799192 0.00786038 0.00837648 0.00883701 0.00864654 0.0080898 0.00805263 0.0085931 0.00917996 0.00936038 0.00881001 0.00881708 0.00844441 0.00819098 0.00832596 0.00821681 0.00823063 0.00840289 0.00831993 0.00847131 0.00851142 0.00861576 0.00859032 0.00825674 0.0086832 0.009572 0.0100643 0.0100681 0.00956457 0.00895939 0.00990547 0.00988994 0.0093371 0.00973156 0.0102634 0.0106245 0.00986886 0.00938946 0.00985005 0.0100947 0.0107875 0.0109276 0.0106388 0.00930122 0.00951255 0.00962674 
0.00573271 0.00382833 0.0036235 0.00358075 0.00362894 0 0.0297953 0.00903438 0.0092225 0.0121888 0.0104843 0.0654149 0.0167484 0.0212369 0.0183097 0.0229019 0.0303385 0.0170704 0.0103062 0.0105761 0.0133147 0.0161318 0.0278852 0.0331062 0.0132004 0.0104595 0.0104774 0.013094 0.0130669 0.0103805 0.0106076 0.0121101 0.00929033 0.00819365 0.00821372 0.00858213 0.00819282 0.00919487 0.00886176 0.0083728 0.0081671 0.00852379 0.00915291 0.00890716 0.00893464 0.00855836 0.00842707 0.00846042 0.00865084 0.00820188 0.00821649 0.00874187 0.0084184 0.00966797 0.00851297 0.00837786 0.00835434 0.00825004 0.00827042 0.00929321 0.0104519 0.00950727 0.00953327 0.009882 0.0097401 0.00935551 0.00940378 0.00966334 0.0106184 0.00983657 0.00998115 0.00979309 0.00945369 0.00937978 0.00978508 0.0105267 0.0106665 0.0114382 0.010642 0.00912736 0.00982851 
0.0101516 0.00794856 0.00926169 0.00745289 0.0284794 0.0297953 0 0.00455718 0.00396723 0.00646334 0.299598 0.0216295 0.0105553 0.0118867 0.00973427 0.0132754 0.0191055 0.0107477 0.00923828 0.00934446 0.00949817 0.0094786 0.0101504 0.0184225 0.00992877 0.00859659 0.00901003 0.0121622 0.00922503 0.0082537 0.00877793 0.0108517 0.00879655 0.00818013 0.0083554 0.0088137 0.00829987 0.00839949 0.00798095 0.00801081 0.00818208 0.00955736 0.00839682 0.00809646 0.00816831 0.00814223 0.00805176 0.00808689 0.00803108 0.00805523 0.00824604 0.00815413 0.00811112 0.00818564 0.00811871 0.0082335 0.00812356 0.00825253 0.00837739 0.00917422 0.00905465 0.00866333 0.00918487 0.0100243 0.00868002 0.00848559 0.00921394 0.0108555 0.00933669 0.00885366 0.00887109 0.0106812 0.00946454 0.00860483 0.00890824 0.00904429 0.0101827 0.0125638 0.0101901 0.00909431 0.0110744 
0.00844115 0.0152083 0.00786587 0.0186226 0.0244398 0.00903438 0.00455718 0 0.00371653 0.0222915 0.165491 0.0103588 0.0189417 0.00910119 0.0122532 0.0120672 0.00982551 0.00942421 0.00955525 0.00874855 0.00898773 0.00909013 0.0121566 0.00924133 0.00882211 0.00935794 0.00881655 0.00858244 0.00867515 0.0085337 0.00841965 0.00837423 0.00814302 0.00859608 0.00790647 0.00812837 0.00792761 0.00807256 0.0080771 0.00809274 0.00800626 0.00818009 0.00814801 0.00828694 0.00823166 0.00814971 0.0080938 0.0080086 0.00798998 0.00800205 0.00805903 0.00803578 0.00804853 0.00805043 0.00823393 0.00815499 0.00819285 0.00814052 0.00806102 0.0083989 0.00864539 0.00890882 0.008864 0.00872894 0.00837259 0.00866023 0.00878753 0.00886575 0.00895783 0.00883285 0.00895292 0.00886989 0.00866173 0.00866737 0.00867702 0.00894125 0.00943756 0.00998451 0.009356 0.00880758 0.00923854 
0.0324571 0.0126321 0.0351895 0.0390198 0.0200269 0.0092225 0.00396723 0.00371653 0 0.8225 0.00512959 0.0203957 0.0110553 0.0121161 0.00989555 0.0117428 0.0117767 0.0142352 0.00900619 0.00918327 0.00929459 0.00952556 0.00956943 0.0110081 0.0113491 0.00962981 0.00844073 0.00881187 0.0106763 0.00877384 0.00833911 0.00863602 0.0092798 0.00815582 0.00804797 0.00851084 0.00813859 0.00860579 0.00801891 0.00797362 0.00790071 0.00874676 0.00863002 0.00829726 0.00813236 0.00805466 0.00802674 0.00795007 0.0081339 0.00801425 0.00799777 0.00823186 0.00809092 0.00848164 0.00810955 0.00809016 0.00810711 0.00804653 0.00799629 0.00872313 0.00937886 0.00864691 0.00868645 0.00904002 0.00895778 0.00852986 0.00865408 0.0090887 0.00987223 0.00885546 0.00881463 0.00924385 0.00916346 0.00859729 0.0087128 0.00904654 0.00938501 0.010672 0.0107912 0.00877862 0.00956066 
0.0109289 0.0170523 0.00857546 0.00813222 0.00878895 0.0121888 0.00646334 0.0222915 0.8225 0 0.00910229 0.0136299 0.0154696 0.0101512 0.0101737 0.0127616 0.0149324 0.0104879 0.00964762 0.00880581 0.00895025 0.00888651 0.0104252 0.0134798 0.00931718 0.00896975 0.00875836 0.0105459 0.00897343 0.00834091 0.00838661 0.00975488 0.00839384 0.00844318 0.00811625 0.00913444 0.00841477 0.00833828 0.00802234 0.00799208 0.00809268 0.00886569 0.00814775 0.00813253 0.00813353 0.00810012 0.00803643 0.00801339 0.00798847 0.00802443 0.00810403 0.00804506 0.00805283 0.00808166 0.00811571 0.00809654 0.00804995 0.00810421 0.008155 0.00860589 0.00867475 0.00855597 0.00874015 0.00940671 0.00845762 0.00835532 0.00876445 0.00966663 0.00922847 0.00866172 0.00874155 0.0092201 0.00890852 0.00850982 0.00858045 0.0088136 0.00946141 0.01136 0.00990417 0.00878535 0.00984539 
0.0457885 0.0118475 0.0090643 0.00843071 0.0108102 0.0104843 0.299598 0.165491 0.00512959 0.00910229 0 0.018983 0.0123138 0.0111028 0.0105243 0.0208852 0.0139705 0.0119695 0.00881576 0.00883406 0.00908585 0.00876955 0.00985004 0.017724 0.0101407 0.00886476 0.00876615 0.00906418 0.0101574 0.00839291 0.00832597 0.00871249 0.0086388 0.00840734 0.00798412 0.00861999 0.00812791 0.00838778 0.00800989 0.00795444 0.00794133 0.00854408 0.00832099 0.00816504 0.00812005 0.00802182 0.00802226 0.00801423 0.00800975 0.00800037 0.00803253 0.00810593 0.00809767 0.00824611 0.00816397 0.00800798 0.00808305 0.00798427 0.00807476 0.00854913 0.00886908 0.00857657 0.00875715 0.00891377 0.00864369 0.00839557 0.00871467 0.00907766 0.00929011 0.00865046 0.00871637 0.00895444 0.00883287 0.00844793 0.00856362 0.00879715 0.00927955 0.010216 0.00994518 0.00866347 0.00939203 
0.0328393 0.0258087 0.0190791 0.020512 0.0167634 0.0654149 0.0216295 0.0103588 0.0203957 0.0136299 0.018983 0 0.00376998 0.00367258 0.00369301 0.00378625 0.00533841 0.00746368 0.00756955 0.00798059 0.0100645 0.0285024 0.744017 0.194356 0.0265157 0.0114785 0.0134901 0.0240075 0.0200728 0.0111056 0.011773 0.0202432 0.00886576 0.0084047 0.00975459 0.00888143 0.00832305 0.00886685 0.00829243 0.00873448 0.00880045 0.00862225 0.00864644 0.00849676 0.00859803 0.00861092 0.00832512 0.00861118 0.00844264 0.00814139 0.00845662 0.00847258 0.00837373 0.00847306 0.00825109 0.00834133 0.00822962 0.00841978 0.0091693 0.00884358 0.00863323 0.00876325 0.00894243 0.00983577 0.008357 0.008468 0.00883283 0.00998637 0.00888002 0.00880876 0.00902015 0.00943772 0.00870753 0.00855613 0.00862774 0.00913607 0.0095573 0.0110186 0.00887149 0.00857284 0.00974247 
0.0177156 0.0774908 0.0572867 0.0496848 0.0926906 0.0167484 0.0105553 0.0189417 0.0110553 0.0154696 0.0123138 0.00376998 0 0.00364247 0.00362789 0.0037162 0.00387508 0.00678021 0.00810614 0.0103658 0.0144554 0.772027 0.14674 0.0167039 0.0134594 0.0431897 0.0216512 0.0130939 0.0164858 0.0334023 0.0241024 0.0124533 0.0084509 0.00869846 0.00845542 0.00801731 0.00787297 0.00848876 0.00908117 0.00907248 0.00827356 0.00798475 0.00841229 0.0089915 0.00957692 0.00938246 0.0086462 0.00868487 0.00823517 0.00837443 0.00810563 0.00821977 0.00824594 0.00832842 0.00861137 0.00858729 0.00868155 0.00843114 0.00837728 0.00842903 0.00893575 0.00964988 0.00955661 0.00898435 0.0084942 0.00933417 0.00935866 0.00891288 0.00891361 0.00975776 0.00983709 0.00912099 0.00872373 0.0092526 0.00941528 0.0100664 0.0100985 0.00971534 0.00848963 0.00895015 0.00888058 
0.016859 0.0351215 0.1163 0.222015 0.0445251 0.0212369 0.0118867 0.00910119 0.0121161 0.0101512 0.0111028 0.00367258 0.00364247 0 0.00363103 0.00361106 0.00362112 0.00619581 0.00923984 0.0145079 0.842104 0.113935 0.0238491 0.0109262 0.0176409 0.0279967 0.0221049 0.0122821 0.0167606 0.0410905 0.0330466 0.0128839 0.00876205 0.00834688 0.00854977 0.00801284 0.00792213 0.00880396 0.00967131 0.00939929 0.00830421 0.00801316 0.00864358 0.00910844 0.0103917 0.0100128 0.00898409 0.0089225 0.00848033 0.00830722 0.00824038 0.0081127 0.00823083 0.00843878 0.00859362 0.00891282 0.00902559 0.00862666 0.00847065 0.00834982 0.00899321 0.00950901 0.00949426 0.00892065 0.00849061 0.00917815 0.00930944 0.00882265 0.0090492 0.00965357 0.00980977 0.00914826 0.00900259 0.00916857 0.00960036 0.0102617 0.0103078 0.00967236 0.00857271 0.00878778 0.00883208 
0.0127697 0.0352586 0.138029 0.113801 0.0498689 0.0183097 0.00973427 0.0122532 0.00989555 0.0101737 0.0105243 0.00369301 0.00362789 0.00363103 0 0.00361595 0.00358909 0.00659055 0.00931771 0.825994 0.0926374 0.028843 0.0135843 0.0100746 0.0142137 0.0291964 0.0203195 0.0115764 0.0148841 0.0362827 0.0275113 0.0117181 0.00857479 0.00844303 0.00841063 0.00803771 0.00789533 0.0087636 0.00953718 0.0092932 0.00827995 0.00799222 0.0085925 0.00925037 0.00999728 0.0101739 0.00892972 0.00885625 0.00841983 0.00834059 0.00818517 0.00818373 0.00815924 0.00850433 0.00864141 0.00876086 0.00891012 0.00857785 0.0082775 0.00834343 0.00893527 0.00940245 0.00943837 0.00882223 0.00842254 0.0091395 0.00918704 0.00872963 0.00898905 0.00958601 0.00988493 0.00897699 0.00870827 0.00905744 0.00938845 0.0100912 0.0102204 0.00932074 0.00847812 0.00883508 0.00869386 
0.0140381 0.0662447 0.0261783 0.0279625 0.0782054 0.0229019 0.0132754 0.0120672 0.0117428 0.0127616 0.0208852 0.00378625 0.0037162 0.00361106 0.00361595 0 0.00366074 0.0164445 0.893578 0.0693223 0.012641 0.00998308 0.0250521 0.0136447 0.0126194 0.0159324 0.0263425 0.0115082 0.0131278 0.0202213 0.0313896 0.0113366 0.00891076 0.00881431 0.00830353 0.00818765 0.00792272 0.00849737 0.00870383 0.00881951 0.00813234 0.00814652 0.00860374 0.00898704 0.00896834 0.00878906 0.0087016 0.00827436 0.00800987 0.00814278 0.00809713 0.00814273 0.00817831 0.00838638 0.00835554 0.00836349 0.00839459 0.00824066 0.00812153 0.00839434 0.00877916 0.00910271 0.009039 0.00870311 0.0083888 0.00897627 0.00894845 0.00870938 0.00882739 0.00915025 0.00929627 0.00881982 0.00850664 0.00882044 0.00890294 0.00934551 0.00953949 0.00922161 0.00857327 0.00875971 0.00889183 
0.0509622 0.0127531 0.0118607 0.0113463 0.0119844 0.0303385 0.0191055 0.00982551 0.0117767 0.0149324 0.0139705 0.00533841 0.00387508 0.00362112 0.00358909 0.00366074 0 0.875239 0.0183919 0.00646886 0.00677826 0.00740365 0.00966891 0.0123723 0.0152741 0.0123484 0.0100151 0.0125593 0.0177725 0.0108151 0.0100659 0.0127723 0.0107365 0.00853623 0.00831405 0.00867674 0.00822405 0.00904238 0.00822257 0.00816815 0.0080578 0.00859685 0.00893605 0.00858471 0.00842075 0.00844969 0.00809881 0.008215 0.00842654 0.00806401 0.00806805 0.00849585 0.00814832 0.00899417 0.00830636 0.0081255 0.00819155 0.00799175 0.00806641 0.00867978 0.00919424 0.00861667 0.00856594 0.00883544 0.00874736 0.00857056 0.00850234 0.00868691 0.0095191 0.00862137 0.00862713 0.00863666 0.00854138 0.00842808 0.00848898 0.00880307 0.00899597 0.00943511 0.00963677 0.00841601 0.00867463 
0.0110751 0.00934835 0.00955406 0.00935317 0.00986877 0.0170704 0.0107477 0.00942421 0.0142352 0.0104879 0.0119695 0.00746368 0.00678021 0.00619581 0.00659055 0.0164445 0.875239 0 0.00372227 0.00357095 0.00358148 0.00365696 0.00384323 0.00487391 0.0193294 0.00984159 0.0103042 0.0162335 0.0116079 0.00878834 0.0093339 0.0131423 0.00847181 0.00819656 0.00854099 0.00862787 0.00820231 0.00808081 0.0079219 0.00795789 0.00816085 0.00877408 0.00812218 0.00796749 0.00811588 0.00802864 0.00799751 0.00802615 0.00798867 0.00788502 0.0080454 0.00794175 0.0080103 0.00796727 0.00794124 0.00810827 0.0079379 0.00811394 0.00814052 0.0083556 0.00824198 0.00821527 0.00831019 0.0086211 0.00815872 0.00817942 0.0083945 0.00883733 0.00836949 0.00830817 0.00829622 0.00854902 0.00829739 0.00819581 0.00820067 0.00836099 0.00860299 0.00947096 0.00851509 0.00824809 0.00884304 
0.00903686 0.0131335 0.0121331 0.0126778 0.0129694 0.0103062 0.00923828 0.00955525 0.00900619 0.00964762 0.00881576 0.00756955 0.00810614 0.00923984 0.00931771 0.893578 0.0183919 0.00372227 0 0.00355435 0.00361167 0.00358814 0.00362731 0.00373859 0.0165592 0.017584 0.0109696 0.00973722 0.00966276 0.0107255 0.0115993 0.00896134 0.00805803 0.00821508 0.00798384 0.00790656 0.00783293 0.00806173 0.00822058 0.00818965 0.00799686 0.0079452 0.00801897 0.00823264 0.00827863 0.00825958 0.00817556 0.00801916 0.0079625 0.00799123 0.00799582 0.00800525 0.00801221 0.0079948 0.00816884 0.00815201 0.00814798 0.00803911 0.00797519 0.00817585 0.00831482 0.00843266 0.00843503 0.0083596 0.00814068 0.00835623 0.00844273 0.00842772 0.00826382 0.00845435 0.00844446 0.0084381 0.00827516 0.00832136 0.00841774 0.00859036 0.0086823 0.00858478 0.00820171 0.00833167 0.00841127 
0.00973651 0.0149291 0.0315703 0.0351923 0.0191961 0.0105761 0.00934446 0.00874855 0.00918327 0.00880581 0.00883406 0.00798059 0.0103658 0.0145079 0.825994 0.0693223 0.00646886 0.00357095 0.00355435 0 0.0035735 0.00357313 0.00357975 0.00359425 0.0266907 0.0265572 0.0118843 0.00963629 0.0112817 0.0148905 0.0118679 0.00924191 0.00834092 0.00813614 0.0081096 0.00794265 0.00783959 0.00814233 0.0085966 0.00849233 0.00801601 0.00797668 0.00810566 0.0085578 0.00877179 0.00878404 0.00849812 0.00849916 0.00805767 0.00818365 0.00802 0.00797907 0.00801932 0.00811109 0.00831721 0.00840896 0.00836207 0.00824783 0.00806955 0.00827697 0.00836262 0.00863748 0.00860354 0.00840096 0.00821115 0.00847623 0.00857198 0.00847269 0.00832438 0.00861446 0.00862613 0.00873976 0.0083974 0.00853056 0.00871536 0.00891807 0.00889474 0.00878303 0.00821475 0.00840204 0.00849369 
0.010599 0.0252575 0.0655954 0.0993618 0.0250903 0.0133147 0.00949817 0.00898773 0.00929459 0.00895025 0.00908585 0.0100645 0.0144554 0.842104 0.0926374 0.012641 0.00677826 0.00358148 0.00361167 0.0035735 0 0.00357019 0.00357161 0.00358537 0.182087 0.0413666 0.021099 0.0118632 0.0144808 0.0218927 0.0196027 0.010747 0.00846781 0.00837749 0.00827199 0.00793491 0.00784185 0.00837496 0.0091836 0.00896145 0.00812451 0.00800256 0.00831709 0.00902282 0.00948878 0.0094493 0.0088123 0.00845771 0.00817479 0.00819956 0.00813723 0.00803237 0.00815246 0.00836884 0.00849426 0.00862652 0.00878069 0.00835046 0.00813392 0.00823052 0.00857049 0.00889089 0.00880529 0.00852166 0.0082186 0.00870883 0.00875287 0.00854959 0.00841612 0.00890068 0.00891229 0.00873715 0.00840828 0.00861799 0.00879236 0.00922754 0.00927801 0.0089003 0.00822165 0.00849275 0.00853711 
0.0117599 0.0309214 0.114459 0.10264 0.0431256 0.0161318 0.0094786 0.00909013 0.00952556 0.00888651 0.00876955 0.0285024 0.772027 0.113935 0.028843 0.00998308 0.00740365 0.00365696 0.00358814 0.00357313 0.00357019 0 0.00356689 0.00357392 0.0230595 0.236167 0.0307006 0.0141577 0.0134254 0.0388594 0.03069 0.0119786 0.00864251 0.00852703 0.00844269 0.00802247 0.00788421 0.00871817 0.00979967 0.00934859 0.00827651 0.00804473 0.00848175 0.00942256 0.0105116 0.0102811 0.00925546 0.00905811 0.00829976 0.00833798 0.00816462 0.00808401 0.00821033 0.00845181 0.00872303 0.00884008 0.00888934 0.00847561 0.00826705 0.00829103 0.00877872 0.00923082 0.00909321 0.0086126 0.00847056 0.00894001 0.00895297 0.0086154 0.00867591 0.00927016 0.00944702 0.00884507 0.00876905 0.00884995 0.00910951 0.00969261 0.00971196 0.00891097 0.00828189 0.00863917 0.00856033 
0.0122397 0.035493 0.0319513 0.037326 0.106608 0.0278852 0.0101504 0.0121566 0.00956943 0.0104252 0.00985004 0.744017 0.14674 0.0238491 0.0135843 0.0250521 0.00966891 0.00384323 0.00362731 0.00357975 0.00357161 0.00356689 0 0.00371996 0.0209543 0.031208 0.354435 0.0224973 0.0157374 0.02317 0.0787729 0.0153545 0.00886952 0.00937407 0.00847814 0.00815321 0.00787727 0.00856498 0.0091122 0.00907124 0.0082314 0.00800697 0.00848434 0.00896672 0.00960956 0.00929503 0.00909608 0.00877705 0.0080969 0.0082194 0.00810766 0.00807337 0.00823671 0.00852034 0.00847963 0.00851586 0.00857224 0.00833443 0.00814669 0.00840653 0.00870634 0.00907581 0.00907008 0.00862191 0.00835283 0.00897502 0.0089503 0.00862829 0.00864973 0.00915936 0.00930558 0.00876052 0.00838756 0.00872171 0.00887332 0.00938367 0.00947504 0.00907532 0.00834014 0.00871881 0.00856811 
0.0233033 0.0132484 0.0125637 0.012682 0.0155029 0.0331062 0.0184225 0.00924133 0.0110081 0.0134798 0.017724 0.194356 0.0167039 0.0109262 0.0100746 0.0136447 0.0123723 0.00487391 0.00373859 0.00359425 0.00358537 0.00357392 0.00371996 0 0.0171801 0.0179374 0.0318757 0.260034 0.0214828 0.0135001 0.0134796 0.0220632 0.0120463 0.00849194 0.00853965 0.00920748 0.00831521 0.00960776 0.00836883 0.00830383 0.00836647 0.00870946 0.00914394 0.00889979 0.00859185 0.00856728 0.00824486 0.00837188 0.00923781 0.00805346 0.00812172 0.00848593 0.0082674 0.00923751 0.00842795 0.00818979 0.00818806 0.00811428 0.00817128 0.00854746 0.00904479 0.00850343 0.00855441 0.00872005 0.00863023 0.00848917 0.00849861 0.00858793 0.00930347 0.00860053 0.00849017 0.00854022 0.00841766 0.00841076 0.00846209 0.00871346 0.00886145 0.00904126 0.00909453 0.00837251 0.00849596 
0.0102614 0.00930145 0.00979097 0.0100831 0.00964045 0.0132004 0.00992877 0.00882211 0.0113491 0.00931718 0.0101407 0.0265157 0.0134594 0.0176409 0.0142137 0.0126194 0.0152741 0.0193294 0.0165592 0.0266907 0.182087 0.0230595 0.0209543 0.0171801 0 0.00370405 0.00358174 0.00365224 0.0594427 0.0175946 0.0125155 0.0296539 0.0112157 0.00899747 0.0107087 0.0101736 0.00853938 0.00845104 0.00837487 0.0084404 0.00872056 0.00934253 0.00835678 0.00830347 0.00849357 0.00836623 0.00814415 0.00826445 0.00806332 0.00789576 0.00806858 0.00809598 0.00804937 0.00826081 0.00809225 0.00826807 0.00819652 0.00809088 0.00854058 0.00820993 0.00824872 0.00825585 0.00838084 0.00853178 0.0081556 0.00822799 0.00842313 0.00847024 0.00826999 0.00832159 0.00829112 0.00851035 0.00827304 0.0082309 0.00825487 0.00840412 0.00859225 0.0087117 0.00824032 0.00822925 0.00859002 
0.00857335 0.0129437 0.014377 0.0165101 0.0131978 0.0104595 0.00859659 0.00935794 0.00962981 0.00896975 0.00886476 0.0114785 0.0431897 0.0279967 0.0291964 0.0159324 0.0123484 0.00984159 0.017584 0.0265572 0.0413666 0.236167 0.031208 0.0179374 0.00370405 0 0.00360015 0.00356506 0.0480798 0.0729534 0.0391071 0.0136785 0.00924969 0.0120527 0.00926178 0.00811521 0.00789583 0.00851445 0.00880777 0.00892662 0.00826203 0.0079636 0.00831821 0.0088487 0.00894899 0.00875691 0.00856018 0.00831923 0.00808888 0.00817734 0.00806 0.00795501 0.00806554 0.00816382 0.0084724 0.00835529 0.00847364 0.00829411 0.00816181 0.00813055 0.00833579 0.00852938 0.00845402 0.00840173 0.00820149 0.0083712 0.00844617 0.00850471 0.00827301 0.0085009 0.00851749 0.00847689 0.00823165 0.00839401 0.0084803 0.00869043 0.00866873 0.00858452 0.0082571 0.00836719 0.00831563 
0.00932734 0.0121204 0.0135832 0.0154685 0.0190372 0.0104774 0.00901003 0.00881655 0.00844073 0.00875836 0.00876615 0.0134901 0.0216512 0.0221049 0.0203195 0.0263425 0.0100151 0.0103042 0.0109696 0.0118843 0.021099 0.0307006 0.354435 0.0318757 0.00358174 0.00360015 0 0.00355178 0.0152176 0.0545169 0.0654851 0.0143587 0.00989263 0.0100926 0.0090753 0.00857769 0.00795078 0.00872208 0.00956316 0.00972416 0.00849765 0.00814813 0.00833908 0.00900241 0.00910187 0.00931037 0.00866864 0.00861242 0.00850966 0.00836779 0.00812288 0.0081665 0.00819398 0.00833502 0.00840013 0.00859164 0.00853699 0.00829055 0.00820885 0.00816033 0.00840774 0.00858892 0.00854672 0.00833778 0.0082737 0.00847635 0.00844162 0.00840137 0.00830492 0.0085604 0.00851921 0.00844976 0.00822116 0.00836788 0.00845309 0.00867321 0.00877359 0.00845469 0.00827242 0.00841695 0.00828164 
0.0131174 0.0104362 0.0103152 0.0103838 0.011253 0.013094 0.0121622 0.00858244 0.00881187 0.0105459 0.00906418 0.0240075 0.0130939 0.0122821 0.0115764 0.0115082 0.0125593 0.0162335 0.00973722 0.00963629 0.0118632 0.0141577 0.0224973 0.260034 0.00365224 0.00356506 0.00355178 0 0.0166785 0.0135059 0.0315527 0.0689279 0.0143929 0.00934277 0.00946214 0.0118755 0.00865962 0.0103211 0.00878957 0.00894201 0.00913409 0.00945655 0.00914269 0.00878157 0.00864958 0.00845381 0.00847348 0.00874331 0.00953027 0.00819637 0.00813794 0.00867202 0.00814356 0.00966232 0.00843238 0.0082636 0.00829168 0.00820973 0.008334 0.00829271 0.00870076 0.0083855 0.00846872 0.00828346 0.00840883 0.00835397 0.00838731 0.00828592 0.00859456 0.00854088 0.00841366 0.0084528 0.00827159 0.00834008 0.00834065 0.00848437 0.00862654 0.00848575 0.00865802 0.00834951 0.00838955 
0.00952001 0.0093562 0.0106956 0.010487 0.0102971 0.0130669 0.00922503 0.00867515 0.0106763 0.00897343 0.0101574 0.0200728 0.0164858 0.0167606 0.0148841 0.0131278 0.0177725 0.0116079 0.00966276 0.0112817 0.0144808 0.0134254 0.0157374 0.0214828 0.0594427 0.0480798 0.0152176 0.0166785 0 0.00382883 0.0036674 0.00390896 0.347574 0.0108122 0.0196 0.0110739 0.00888589 0.00986236 0.00887401 0.00911584 0.00977124 0.00914113 0.00927401 0.00903214 0.00896321 0.00904806 0.00839946 0.00912502 0.00832115 0.00800462 0.00844598 0.00811659 0.00830548 0.00835028 0.00834926 0.00845673 0.00845969 0.00837971 0.00923045 0.00819482 0.00825488 0.00833011 0.00834337 0.00882787 0.00818049 0.00823332 0.0082959 0.00880775 0.00835012 0.00830638 0.00842293 0.00839755 0.00828819 0.00826695 0.00843082 0.00849306 0.00849713 0.00925359 0.00828087 0.00822381 0.00857809 
0.00837571 0.0113304 0.0147416 0.0169302 0.012822 0.0103805 0.0082537 0.0085337 0.00877384 0.00834091 0.00839291 0.0111056 0.0334023 0.0410905 0.0362827 0.0202213 0.0108151 0.00878834 0.0107255 0.0148905 0.0218927 0.0388594 0.02317 0.0135001 0.0175946 0.0729534 0.0545169 0.0135059 0.00382883 0 0.00362376 0.00359418 0.0564717 0.2463 0.0114733 0.00838153 0.00794098 0.00907872 0.0120179 0.0114553 0.00862195 0.00813677 0.00846436 0.0100836 0.0108247 0.00984847 0.00939664 0.00895448 0.00825492 0.00832201 0.00826811 0.00810909 0.00823293 0.00827383 0.00883033 0.00869913 0.00892353 0.00853207 0.00834345 0.00805347 0.00829285 0.00856552 0.00852305 0.00832215 0.00821931 0.00846196 0.00849365 0.00838254 0.00832203 0.00859055 0.00866002 0.00849844 0.00823717 0.00843344 0.00858782 0.00889292 0.00887588 0.00854594 0.00822541 0.00839101 0.0082935 
0.00933653 0.0125656 0.0146862 0.0154412 0.0197805 0.0106076 0.00877793 0.00841965 0.00833911 0.00838661 0.00832597 0.011773 0.0241024 0.0330466 0.0275113 0.0313896 0.0100659 0.0093339 0.0115993 0.0118679 0.0196027 0.03069 0.0787729 0.0134796 0.0125155 0.0391071 0.0654851 0.0315527 0.0036674 0.00362376 0 0.00357625 0.0200236 0.0825281 0.0966769 0.00862207 0.00805825 0.00956859 0.0127531 0.0137812 0.00896005 0.00818643 0.00888617 0.011277 0.0120546 0.0116427 0.0101408 0.00953913 0.00868389 0.00865991 0.00844698 0.00826856 0.00850351 0.0088744 0.00898364 0.0091952 0.00911149 0.00887739 0.0084284 0.00809935 0.00843409 0.00874784 0.00869694 0.00835592 0.00820302 0.00855355 0.00864022 0.00837942 0.00833167 0.00872086 0.00873135 0.00871882 0.00836293 0.00843958 0.00872783 0.00907582 0.00915802 0.00857046 0.00820233 0.00840036 0.00828934 
0.0117145 0.0100938 0.00949177 0.00943463 0.00995251 0.0121101 0.0108517 0.00837423 0.00863602 0.00975488 0.00871249 0.0202432 0.0124533 0.0128839 0.0117181 0.0113366 0.0127723 0.0131423 0.00896134 0.00924191 0.010747 0.0119786 0.0153545 0.0220632 0.0296539 0.0136785 0.0143587 0.0689279 0.00390896 0.00359418 0.00357625 0 0.0150419 0.0128308 0.102878 0.0157688 0.00899632 0.0126491 0.00922576 0.00935417 0.01036 0.00963316 0.0103794 0.00975226 0.00922825 0.00887106 0.00921744 0.00928425 0.00935693 0.00823256 0.00828863 0.00923759 0.00832235 0.0110216 0.00850117 0.00839127 0.00836474 0.00822594 0.008632 0.00835389 0.00870682 0.00828886 0.00835237 0.00844252 0.00869 0.00833597 0.0083023 0.00828867 0.00871137 0.00840731 0.0083809 0.00837612 0.00821822 0.00832828 0.00837745 0.00848085 0.00856314 0.00853534 0.00844509 0.00830135 0.00830115 
0.0082318 0.0079619 0.00824739 0.00823189 0.00819237 0.00929033 0.00879655 0.00814302 0.0092798 0.00839384 0.0086388 0.00886576 0.0084509 0.00876205 0.00857479 0.00891076 0.0107365 0.00847181 0.00805803 0.00834092 0.00846781 0.00864251 0.00886952 0.0120463 0.0112157 0.00924969 0.00989263 0.0143929 0.347574 0.0564717 0.0200236 0.0150419 0 0.00452214 0.00380885 0.0320518 0.00982039 0.011196 0.00868186 0.00919424 0.0109781 0.0100685 0.00888236 0.00860769 0.0086231 0.00841427 0.00812987 0.00842842 0.00810482 0.00804451 0.0085039 0.00807099 0.00824676 0.00820292 0.00811563 0.00809576 0.00813201 0.00805846 0.0090755 0.00798761 0.00797714 0.00809529 0.00818484 0.00831074 0.00794502 0.00803499 0.00814163 0.00831627 0.00805975 0.00810007 0.00816263 0.00828588 0.00808637 0.00809084 0.00817803 0.0082322 0.00833195 0.00847374 0.0080661 0.00808033 0.00828833 
0.00794474 0.00818437 0.00825601 0.00822717 0.00831109 0.00819365 0.00818013 0.00859608 0.00815582 0.00844318 0.00840734 0.0084047 0.00869846 0.00834688 0.00844303 0.00881431 0.00853623 0.00819656 0.00821508 0.00813614 0.00837749 0.00852703 0.00937407 0.00849194 0.00899747 0.0120527 0.0100926 0.00934277 0.0108122 0.2463 0.0825281 0.0128308 0.00452214 0 0.00380325 0.0106273 0.00876584 0.00875528 0.0107366 0.00934166 0.00869622 0.00838307 0.00856725 0.00878858 0.00849563 0.00839466 0.00849296 0.00812966 0.00801416 0.00865022 0.00818959 0.0084575 0.00821157 0.0081754 0.0084068 0.00817348 0.00821206 0.0083772 0.00824171 0.00795257 0.00812461 0.00822403 0.00818516 0.00805446 0.00803266 0.00814322 0.00818736 0.00815405 0.00812011 0.00823903 0.0082222 0.00818805 0.00807637 0.00818932 0.00824519 0.00830701 0.00834821 0.00821901 0.00814239 0.00812494 0.00810498 
0.00834493 0.00810531 0.00805847 0.00816646 0.00813051 0.00821372 0.0083554 0.00790647 0.00804797 0.00811625 0.00798412 0.00975459 0.00845542 0.00854977 0.00841063 0.00830353 0.00831405 0.00854099 0.00798384 0.0081096 0.00827199 0.00844269 0.00847814 0.00853965 0.0107087 0.00926178 0.0090753 0.00946214 0.0196 0.0114733 0.0966769 0.102878 0.00380885 0.00380325 0 0.0188804 0.00841828 0.0124358 0.00876612 0.0099986 0.00889282 0.00854759 0.00953153 0.00887588 0.00845665 0.00860416 0.00830982 0.00875097 0.00887809 0.008069 0.00811924 0.00844108 0.00799544 0.00909749 0.00806678 0.00816046 0.00817531 0.00819014 0.00808822 0.00797383 0.0081745 0.00809383 0.00803798 0.00811215 0.00804393 0.00810257 0.0079981 0.0080887 0.00820562 0.00820332 0.00811483 0.00814743 0.00805535 0.00813146 0.00818929 0.00823668 0.00827329 0.00823079 0.00822858 0.00804798 0.00804779 
0.00836185 0.00793644 0.00793016 0.00795976 0.00799192 0.00858213 0.0088137 0.00812837 0.00851084 0.00913444 0.00861999 0.00888143 0.00801731 0.00801284 0.00803771 0.00818765 0.00867674 0.00862787 0.00790656 0.00794265 0.00793491 0.00802247 0.00815321 0.00920748 0.0101736 0.00811521 0.00857769 0.0118755 0.0110739 0.00838153 0.00862207 0.0157688 0.0320518 0.0106273 0.0188804 0 0.329536 0.0199984 0.0117258 0.0108576 0.0205458 0.15705 0.0163484 0.0100105 0.00894249 0.0088484 0.00932891 0.00964666 0.00958672 0.0097372 0.00993973 0.0171656 0.0112797 0.0118056 0.00893129 0.00823416 0.00862965 0.00868979 0.0115634 0.00927238 0.00835868 0.00798367 0.00829186 0.0085282 0.00838381 0.00793732 0.00820428 0.00841788 0.00843661 0.00800257 0.00798023 0.00821841 0.00841687 0.00792927 0.00792729 0.00791349 0.00817645 0.0085074 0.00847806 0.00799214 0.00846008 
0.00809143 0.00792074 0.00788095 0.00791201 0.00786038 0.00819282 0.00829987 0.00792761 0.00813859 0.00841477 0.00812791 0.00832305 0.00787297 0.00792213 0.00789533 0.00792272 0.00822405 0.00820231 0.00783293 0.00783959 0.00784185 0.00788421 0.00787727 0.00831521 0.00853938 0.00789583 0.00795078 0.00865962 0.00888589 0.00794098 0.00805825 0.00899632 0.00982039 0.00876584 0.00841828 0.329536 0 0.0197593 0.0050037 0.00421749 0.00562275 0.0478575 0.0147096 0.0102941 0.00882655 0.00863255 0.0093825 0.00914391 0.00966734 0.00967747 0.00934544 0.015081 0.0121788 0.011932 0.00895667 0.00828174 0.00835447 0.00829702 0.0107785 0.00874466 0.00820087 0.00791679 0.00796951 0.00819761 0.00819798 0.00790538 0.00794215 0.00818033 0.00808684 0.00794456 0.00786883 0.00800118 0.0080653 0.00788961 0.0078895 0.00788494 0.00792103 0.00824717 0.00809023 0.00790009 0.00798263 
0.00843379 0.00823593 0.00838496 0.00846787 0.00837648 0.00919487 0.00839949 0.00807256 0.00860579 0.00833828 0.00838778 0.00886685 0.00848876 0.00880396 0.0087636 0.00849737 0.00904238 0.00808081 0.00806173 0.00814233 0.00837496 0.00871817 0.00856498 0.00960776 0.00845104 0.00851445 0.00872208 0.0103211 0.00986236 0.00907872 0.00956859 0.0126491 0.011196 0.00875528 0.0124358 0.0199984 0.0197593 0 0.00391067 0.00361378 0.00382216 0.023911 0.0626204 0.0379659 0.0210503 0.0156652 0.0135144 0.0237467 0.0128582 0.0110009 0.0179554 0.0125058 0.0143785 0.0196535 0.0135418 0.0143039 0.0152651 0.0129615 0.028845 0.00863265 0.00853156 0.00882183 0.00883692 0.0098243 0.00848403 0.00836988 0.00840858 0.00943112 0.0085537 0.00827571 0.00837465 0.00867217 0.00824169 0.00830808 0.00834192 0.00875573 0.00860954 0.00900016 0.0081764 0.00798575 0.00833171 
0.00820079 0.00856591 0.00892391 0.00902407 0.00883701 0.00886176 0.00798095 0.0080771 0.00801891 0.00802234 0.00800989 0.00829243 0.00908117 0.00967131 0.00953718 0.00870383 0.00822257 0.0079219 0.00822058 0.0085966 0.0091836 0.00979967 0.0091122 0.00836883 0.00837487 0.00880777 0.00956316 0.00878957 0.00887401 0.0120179 0.0127531 0.00922576 0.00868186 0.0107366 0.00876612 0.0117258 0.0050037 0.00391067 0 0.00364627 0.00356925 0.0136606 0.0314028 0.152659 0.0676732 0.044131 0.035283 0.0125241 0.0129516 0.0174446 0.0107545 0.011233 0.010714 0.0137925 0.0286088 0.0206099 0.0276345 0.0273649 0.0149941 0.00813376 0.00857671 0.0100734 0.00948624 0.00862396 0.00837385 0.00925828 0.00906055 0.00846328 0.00821993 0.00890409 0.00887636 0.00849026 0.00818997 0.00866622 0.00923763 0.00990336 0.00904156 0.00837129 0.00798672 0.00819441 0.00803217 
0.00822352 0.00844197 0.00857952 0.00868798 0.00864654 0.0083728 0.00801081 0.00809274 0.00797362 0.00799208 0.00795444 0.00873448 0.00907248 0.00939929 0.0092932 0.00881951 0.00816815 0.00795789 0.00818965 0.00849233 0.00896145 0.00934859 0.00907124 0.00830383 0.0084404 0.00892662 0.00972416 0.00894201 0.00911584 0.0114553 0.0137812 0.00935417 0.00919424 0.00934166 0.0099986 0.0108576 0.00421749 0.00361378 0.00364627 0 0.00355845 0.00907895 0.0160483 0.0397623 0.174706 0.0565747 0.0716141 0.0200368 0.0144141 0.0343277 0.0136232 0.0124209 0.0146105 0.0141399 0.0190798 0.0251423 0.0174339 0.0331301 0.0173009 0.00842586 0.0089788 0.00975386 0.00935844 0.0089333 0.00854743 0.00981999 0.00888702 0.00846949 0.00840097 0.008922 0.00918624 0.00872578 0.00816024 0.00860939 0.00882188 0.0108209 0.00910831 0.00841828 0.00805668 0.00810317 0.00802499 
0.00837828 0.00810444 0.00814617 0.00816863 0.0080898 0.0081671 0.00818208 0.00800626 0.00790071 0.00809268 0.00794133 0.00880045 0.00827356 0.00830421 0.00827995 0.00813234 0.0080578 0.00816085 0.00799686 0.00801601 0.00812451 0.00827651 0.0082314 0.00836647 0.00872056 0.00826203 0.00849765 0.00913409 0.00977124 0.00862195 0.00896005 0.01036 0.0109781 0.00869622 0.00889282 0.0205458 0.00562275 0.00382216 0.00356925 0.00355845 0 0.0290924 0.0174076 0.0253484 0.0180702 0.0246484 0.0224236 0.0184369 0.0196095 0.013474 0.0181367 0.0193043 0.0188025 0.0220814 0.0121761 0.0103915 0.010975 0.0100655 0.0211993 0.00920193 0.00941254 0.00837201 0.00850673 0.00845223 0.00960523 0.00826015 0.0083635 0.00831325 0.00859674 0.00839341 0.00819525 0.00860977 0.0082827 0.00812035 0.00816579 0.00837887 0.0083067 0.00819756 0.00848562 0.00796802 0.00795627 
0.0084412 0.00798824 0.00800822 0.00800902 0.00805263 0.00852379 0.00955736 0.00818009 0.00874676 0.00886569 0.00854408 0.00862225 0.00798475 0.00801316 0.00799222 0.00814652 0.00859685 0.00877408 0.0079452 0.00797668 0.00800256 0.00804473 0.00800697 0.00870946 0.00934253 0.0079636 0.00814813 0.00945655 0.00914113 0.00813677 0.00818643 0.00963316 0.0100685 0.00838307 0.00854759 0.15705 0.0478575 0.023911 0.0136606 0.00907895 0.0290924 0 0.0381603 0.00883374 0.00842648 0.00548815 0.0072374 0.00588857 0.00680134 0.00824762 0.00725411 0.0270694 0.0149903 0.0128711 0.00991851 0.00835682 0.00975852 0.00912171 0.0171527 0.01787 0.00900587 0.00801046 0.00889159 0.00873708 0.0091601 0.00790814 0.00829748 0.00887024 0.00877451 0.00804877 0.00795765 0.00858741 0.0087582 0.0079076 0.00800094 0.00799624 0.00823189 0.00885855 0.00866267 0.00798323 0.00848637 
0.00835389 0.00835346 0.00849234 0.00861299 0.0085931 0.00915291 0.00839682 0.00814801 0.00863002 0.00814775 0.00832099 0.00864644 0.00841229 0.00864358 0.0085925 0.00860374 0.00893605 0.00812218 0.00801897 0.00810566 0.00831709 0.00848175 0.00848434 0.00914394 0.00835678 0.00831821 0.00833908 0.00914269 0.00927401 0.00846436 0.00888617 0.0103794 0.00888236 0.00856725 0.00953153 0.0163484 0.0147096 0.0626204 0.0314028 0.0160483 0.0174076 0.0381603 0 0.00389125 0.00359846 0.00382974 0.00366393 0.00397012 0.00410889 0.00541257 0.00988552 0.00820302 0.0117648 0.0112929 0.0107147 0.0111005 0.0124529 0.0139843 0.479136 0.00881858 0.00871253 0.00907211 0.00917439 0.0110331 0.00854573 0.00841274 0.00863172 0.0103023 0.00858067 0.0083555 0.00855344 0.00854697 0.00860687 0.00822502 0.00837169 0.00901884 0.00874517 0.0100133 0.00814916 0.00797931 0.00829504 
