1B77A
MKLSKDTIAILKNFASINSGILLSQGKFIMTRAVNGTTYAEANISDEIDFDVALYDLNSFLSILSLVSDDAEISMHTDGNIKIADTRSTVYWPAADKSTIVFPNKPIQFPVASVITEIKAEDLQQLLRVSRGLQIDTIAITNKDGKIVINGYNKVEDSGLTRPKYSLTLTDYDGSNNFNFVINMANMKIQPGNYKVMLWGAGDKVAAKFESSQVSYVIAMEADSTHDF
CCCCHHHHHHHHHHHCCCCCEEECCEEEEEEECCCCCEEEEEEEEEEECCCEEECCHHHHHHHHCCCCCCCEEEECCCCCEEEECCCEEEEECCECHHHCCCCCCCCCCCCCCEEEEECHHHHHHHHHHHHHCCCCEEEEEEECCEEEEEEECCCCCCCCCCCCEEEEEEECCCCCCEEEEEEHHHCCCCCCCEEEEEEEECCEEEEEEECCCCEEEEECCCCCEECC
0 0 0 0 0 0 0 0 0 0 0 0 0 0 0 0 0 0 0 0 0 0 0 0 0 0 0 0 0 0 0 0 0 0 0 0 0 0 0 0 0 0 0 0 0 0 0 0 0 0 0 0 0 0 0 0 0 0 0 0 0 0 0 0 0 0 0 0 0 0 0 0 0 0 0 0 0 0 0 0 0 0 0 0 0 0 0 0 0 0 0 0 0 0 0 0 0 0 0 0 0 0 0 0 0 0 0 0 0 0 0 0 0 0 0 0 0 0 0 0 0 0 0 0 0 0 0 0 0 0 0 0 0 0 0 0 0 0 0 0 0 0 0 0 0 0 0 0 0 0 0 0 0 0 0 0 0 0 0 0 0 0 0 0 0 0 0 0 0 0 0 0 0 0 0 0 0 0 0 0 0 0 0 0 0 0 0 0 0 0 0 0 0 0 0 0 0 0 0 0 0 0 0 0 0 0 0 0 0 0 0 0 0 0 0 0 0 0 0 0 0 0 0 0 0 0 0 0 
0 0 0 0 0 0 0 0 0 0 0 0 0 0 0 0 0 0 0 0 0 0 0 0 0 0 0 0 0 0 0 0 0 0 0 0 0 0 0 0 0 0 0 0 0 0 0 0 0 0 0 0 0 0 0 0 0 0 0 0 0 0 0 0 0 0 0 0 0 0 0 0 0 0 0 0 0 0 0 0 0 0 0 0 0 0 0 0 0 0 0 0 0 0 0 0 0 0 0 0 0 0 0 0 0 0 0 0 0 0 0 0 0 0 0 0 0 0 0 0 0 0 0 0 0 0 0 0 0 0 0 0 0 0 0 0 0 0 0 0 0 0 0 0 0 0 0 0 0 0 0 0 0 0 0 0 0 0 0 0 0 0 0 0 0 0 0 0 0 0 0 0 0 0 0 0 0 0 0 0 0 0 0 0 0 0 0 0 0 0 0 0 0 0 0 0 0 0 0 0 0 0 0 0 0 0 0 0 0 0 0 0 0 0 0 0 0 0 0 0 0 0 0 0 0 0 0 0 
0 0.00389719 0.00418682 0.00469879 0.00592408 0.0291466 0.0105618 0.00798902 0.00961661 0.0287843 0.01521 0.0104688 0.0125833 0.0103664 0.0122554 0.0107825 0.0114277 0.0098765 0.0106533 0.0107176 0.0454763 0.0342695 0.0107451 0.0809154 0.0121825 0.0109188 0.00971084 0.0170741 0.0157514 0.00921862 0.0123688 0.0152043 0.011183 0.00945364 0.0134615 0.0101371 0.0141222 0.0131526 0.00935379 0.00851659 0.00920542 0.0092022 0.0162303 0.00908467 0.00953096 0.00939942 0.00954649 0.00865053 0.00881898 0.00966352 0.00827848 0.00889217 0.00909426 0.00924689 0.00868144 0.00837064 0.00945203 0.00871753 0.00823401 0.00870495 0.00831629 0.00835259 0.00812381 0.00868232 0.00842291 0.00819585 0.00868802 0.00827029 0.00877908 0.00942265 0.00838289 0.00823744 0.0083705 0.00827919 0.00856872 0.00827348 0.00823876 0.0084956 0.00820153 0.00816968 0.00835795 0.00847764 0.00835782 0.00824653 0.0085398 0.00822389 0.00839163 0.00841314 0.0085312 0.00885836 0.00798992 0.0086339 
0.00389719 0 0.00363584 0.00402181 0.031974 0.0120851 0.00692546 0.00580911 0.00969683 0.00770283 0.0101885 0.0235705 0.00951481 0.0127365 0.00953576 0.0120804 0.00932105 0.00983693 0.0094532 0.064136 0.00936713 0.0124715 0.288026 0.0107071 0.014696 0.0100908 0.0132471 0.00921035 0.00974003 0.0170854 0.0112892 0.0113193 0.00954948 0.0184631 0.0108808 0.0225977 0.00888416 0.00910483 0.00895711 0.0106052 0.00867915 0.0111701 0.00874861 0.00949424 0.0104967 0.0114876 0.00965473 0.00886548 0.00841248 0.00809333 0.00884352 0.00911056 0.00989999 0.00967724 0.00918475 0.00876544 0.00831913 0.00833853 0.00888866 0.00847974 0.00920729 0.00835543 0.00829179 0.00806559 0.00811966 0.00856516 0.00853011 0.00964425 0.00847197 0.0083997 0.0081706 0.00838125 0.0084753 0.00869415 0.00887079 0.00844859 0.00836908 0.0080865 0.00804933 0.00845181 0.00850166 0.00868914 0.00843118 0.00837425 0.00818899 0.0080616 0.00858921 0.00851752 0.00849312 0.00848268 0.00810202 0.00818241 
0.00418682 0.00363584 0 0.0395668 0.0045705 0.00377676 0.00391983 0.00436494 0.00565663 0.00518645 0.0173577 0.0102604 0.0106349 0.00874024 0.0124836 0.00856511 0.0124187 0.00875765 0.0204762 0.00904792 0.0263265 0.0767704 0.00977475 0.0314641 0.012793 0.0116582 0.00859482 0.0107058 0.0387002 0.00867271 0.0124869 0.0107624 0.0215946 0.00918981 0.0103858 0.00914156 0.0104297 0.013335 0.015282 0.00858177 0.00933236 0.00838011 0.0125304 0.0109369 0.0103932 0.00904505 0.00903824 0.00833836 0.0084844 0.00802387 0.00962487 0.00941484 0.00873555 0.00890227 0.00870273 0.00829179 0.0088943 0.0097916 0.00829256 0.0095886 0.00815777 0.00854914 0.00812542 0.00819145 0.00890266 0.0081222 0.00841348 0.00833837 0.00848962 0.0081012 0.0087806 0.00804803 0.00828459 0.0082817 0.00840794 0.00817776 0.00809162 0.00817198 0.00844453 0.0081912 0.00828986 0.00832929 0.0081633 0.00821183 0.00811367 0.00839041 0.0083656 0.00832067 0.00821467 0.00813092 0.0082186 0.0082656 
0.00469879 0.00402181 0.0395668 0 0.00457048 0.00362983 0.00366538 0.00370621 0.00368096 0.00460518 0.00644658 0.00676663 0.00672678 0.00714714 0.017052 0.0085191 0.0680742 0.0400448 0.0128132 0.00855756 0.0689941 0.0155971 0.00966459 0.037504 0.00944603 0.0126721 0.00846081 0.0187608 0.0186697 0.00849953 0.0128639 0.0128487 0.01268 0.00877781 0.00949872 0.00920453 0.0136045 0.0159947 0.011129 0.00827444 0.00905575 0.00821339 0.0266808 0.00836258 0.00936191 0.00823101 0.00850389 0.00818672 0.00836563 0.00875283 0.0080307 0.008954 0.00818658 0.00852485 0.00820907 0.00813868 0.00862084 0.00835419 0.00801447 0.00882515 0.00805044 0.00863074 0.00787326 0.00839377 0.00935056 0.00790238 0.00817094 0.00798409 0.00819638 0.00844182 0.00906164 0.00785795 0.00816967 0.00806003 0.00807494 0.00803013 0.0079319 0.0081672 0.00806185 0.00820297 0.008038 0.00821583 0.00799125 0.00817084 0.00818427 0.00806933 0.0081625 0.00807536 0.00810895 0.00828447 0.00791003 0.00906926 
0.00592408 0.031974 0.0045705 0.00457048 0 0.00376225 0.00358459 0.00361449 0.00376202 0.00426385 0.00606191 0.00656163 0.00885267 0.00918704 0.00839851 0.0426583 0.0665755 0.0102147 0.00749664 0.0152983 0.00802972 0.00918837 0.0143633 0.00900556 0.0111552 0.00849815 0.0101704 0.00839918 0.00854247 0.0120985 0.00894026 0.00972293 0.00841307 0.00997471 0.0089834 0.0123061 0.00841542 0.00828862 0.00806522 0.00867702 0.00818158 0.00968216 0.00838373 0.00842847 0.00847977 0.0101159 0.00855422 0.00836491 0.00823537 0.00807307 0.00804178 0.00827648 0.00903083 0.0084881 0.00831411 0.00830412 0.00815637 0.00797694 0.00827763 0.00820272 0.00832825 0.00805922 0.00809048 0.00797993 0.00789598 0.0082528 0.00823608 0.00832198 0.00806914 0.00828109 0.00791288 0.0082783 0.00810178 0.00822769 0.00823862 0.00814099 0.00806631 0.00807279 0.00790722 0.00809786 0.0081978 0.00823616 0.00827785 0.00804367 0.00808811 0.00795461 0.00826136 0.00828382 0.00815603 0.00812593 0.00804965 0.00799034 
0.0291466 0.0120851 0.00377676 0.00362983 0.00376225 0 0.00355009 0.0035293 0.00354968 0.00364984 0.00631776 0.0125242 0.00771785 0.0139468 0.0293029 0.447518 0.00986581 0.00848534 0.00954465 0.00948282 0.00781032 0.00985146 0.0098007 0.00881675 0.0097524 0.0102787 0.00901352 0.00839791 0.00940968 0.0106345 0.00962343 0.00868404 0.00898013 0.0106642 0.0164211 0.0108633 0.00868006 0.00817108 0.00864338 0.00973838 0.00972247 0.008644 0.00859424 0.0084704 0.0106257 0.0125839 0.0125311 0.00984715 0.00840951 0.00798002 0.00802537 0.00879892 0.0106131 0.0113162 0.00986617 0.00858665 0.00806405 0.00815734 0.00856881 0.00905124 0.00888922 0.00839974 0.00822343 0.00805486 0.00796412 0.00825249 0.00899968 0.00889625 0.00852858 0.00828534 0.00802068 0.00825583 0.00856565 0.00904891 0.00929654 0.00875095 0.00836312 0.00800644 0.00797536 0.00829772 0.0085776 0.00917227 0.00875731 0.00832567 0.00804285 0.00804649 0.00868035 0.00860821 0.00857521 0.00824428 0.007993 0.00800999 
0.0105618 0.00692546 0.00391983 0.00366538 0.00358459 0.00355009 0 0.00353648 0.00356003 0.00366171 0.00733707 0.00740396 0.0200094 0.0230931 0.544381 0.00778293 0.00880665 0.00843315 0.00917111 0.00825671 0.00944134 0.0106684 0.00992516 0.0110441 0.0107981 0.0112058 0.00933894 0.00901266 0.0102886 0.0105687 0.0117473 0.00933025 0.00979956 0.0138033 0.0264965 0.0130217 0.00912391 0.00849497 0.00917133 0.0102594 0.0140344 0.00913399 0.00942679 0.00913448 0.0115866 0.0183619 0.0218857 0.0124607 0.00872024 0.00813584 0.00813926 0.00978127 0.014074 0.0194566 0.011402 0.00963428 0.00828763 0.00836368 0.00874455 0.00986842 0.00943713 0.00891101 0.00837849 0.00809613 0.00825479 0.00828312 0.0124513 0.00934138 0.00906064 0.00838024 0.00827166 0.00834535 0.0105 0.0102452 0.00970728 0.0092444 0.00844082 0.00809536 0.00815595 0.00840453 0.00891008 0.00937312 0.00878843 0.00858318 0.00813855 0.00804191 0.00981594 0.00964601 0.00867686 0.00845526 0.00801353 0.00807972 
0.00798902 0.00580911 0.00436494 0.00370621 0.00361449 0.0035293 0.00353648 0 0.00353853 0.00355599 0.0058607 0.0123838 0.0285393 0.663951 0.00720517 0.00765401 0.00847949 0.00797633 0.00720433 0.00867542 0.00848035 0.0106495 0.0112436 0.0109107 0.010978 0.0094762 0.0100539 0.00872407 0.0097385 0.0127699 0.0103388 0.0097474 0.00921124 0.0138031 0.0246114 0.0154991 0.00899285 0.00844964 0.00874718 0.0107265 0.0120598 0.00929965 0.00933689 0.00901165 0.0107308 0.0192912 0.0156142 0.0108649 0.00847295 0.00811797 0.00822567 0.00879359 0.0132844 0.0139365 0.0112901 0.00869525 0.00829492 0.00821385 0.00860073 0.00895619 0.00945284 0.00839679 0.00818339 0.00807296 0.00799995 0.00859413 0.00902394 0.00905161 0.00849764 0.00834752 0.00800852 0.00870181 0.00863643 0.00875841 0.00918401 0.00853275 0.00826911 0.00803215 0.00798497 0.00823989 0.00856785 0.00899771 0.00851287 0.00825995 0.00815286 0.00808824 0.00837759 0.00867995 0.0082749 0.0082378 0.00796246 0.00800746 
0.00961661 0.00969683 0.00565663 0.00368096 0.00376202 0.00354968 0.00356003 0.00353853 0 0.00361123 0.0195737 0.034015 0.581175 0.00711136 0.00975566 0.00700637 0.00813029 0.00666245 0.00834158 0.00882747 0.00948374 0.0116183 0.0166776 0.0134378 0.00957091 0.0155075 0.00914192 0.00943021 0.0111956 0.00946708 0.0179777 0.00934579 0.0110898 0.0119911 0.0143149 0.0118128 0.00981469 0.00896649 0.00970913 0.00913427 0.0101782 0.00930053 0.0101311 0.00893022 0.0114762 0.0111943 0.0119299 0.00883548 0.00867351 0.00807068 0.00852038 0.0102114 0.00943036 0.0112868 0.00905186 0.00914429 0.00824454 0.00854921 0.008561 0.00883916 0.00848999 0.00845628 0.00817146 0.00802496 0.00813416 0.00822319 0.00876499 0.0083783 0.00862685 0.00822925 0.00816558 0.00824913 0.00892006 0.00849586 0.00866773 0.00836177 0.0081819 0.00796959 0.00807286 0.00830465 0.00843693 0.00864994 0.00831095 0.00833424 0.00806966 0.00797811 0.00848227 0.00852885 0.00825066 0.00812132 0.00798847 0.00803874 
0.0287843 0.00770283 0.00518645 0.00460518 0.00426385 0.00364984 0.00366171 0.00355599 0.00361123 0 0.0502496 0.451664 0.00476684 0.00725887 0.00802998 0.00827506 0.00637675 0.00633219 0.00623305 0.00797299 0.00666088 0.0157508 0.0119333 0.0105781 0.0278366 0.00876428 0.00903872 0.00856592 0.0153992 0.0109182 0.00880908 0.0115794 0.0184344 0.0128845 0.00916218 0.0102482 0.00870185 0.0113032 0.0137076 0.00932807 0.00842505 0.00868901 0.00876684 0.0107493 0.00893761 0.00878948 0.0084103 0.00825237 0.00803503 0.00800103 0.010616 0.00886654 0.00847372 0.00842498 0.00823371 0.008148 0.00833432 0.00939984 0.00849095 0.00824562 0.00844015 0.00806773 0.00800714 0.00805046 0.00829486 0.00828151 0.00822019 0.0082353 0.00818528 0.00824658 0.00838535 0.00817926 0.00818329 0.00820876 0.00825019 0.00811313 0.0079819 0.00799967 0.00855534 0.00818868 0.00817981 0.00822268 0.00814814 0.00803994 0.00806888 0.00832538 0.00840931 0.0082906 0.00806304 0.00804244 0.00812176 0.00801973 
0.01521 0.0101885 0.0173577 0.00644658 0.00606191 0.00631776 0.00733707 0.0058607 0.0195737 0.0502496 0 0.00363721 0.00362406 0.00364499 0.00363506 0.00373276 0.00375735 0.00425298 0.00454971 0.00576476 0.0107578 0.0103523 0.0106461 0.0248504 0.0227763 0.00941356 0.0101783 0.0155913 0.0148009 0.0099455 0.0110341 0.019635 0.0147812 0.0102081 0.0102134 0.0108987 0.0170383 0.0139674 0.0104472 0.00868061 0.00873292 0.00945773 0.0182125 0.0112891 0.00993076 0.00915215 0.00941952 0.00848653 0.00895436 0.00990651 0.00874683 0.00860071 0.00872547 0.00920303 0.00833458 0.0085084 0.00991733 0.00859921 0.00819282 0.008571 0.00856667 0.00818147 0.00798498 0.00924127 0.0081668 0.00804845 0.00833771 0.00819914 0.00843733 0.00969137 0.00815826 0.00812118 0.00821609 0.0081769 0.00837066 0.00812592 0.00812196 0.0084374 0.00821941 0.00808884 0.00812161 0.00836431 0.00814061 0.00816844 0.00878473 0.00829415 0.00826394 0.00818242 0.00825863 0.00884383 0.00799608 0.00820766 
0.0104688 0.0235705 0.0102604 0.00676663 0.00656163 0.0125242 0.00740396 0.0123838 0.034015 0.451664 0.00363721 0 0.00360918 0.0035908 0.00356634 0.00365705 0.00367426 0.00371461 0.0039288 0.00589832 0.00581634 0.00837264 0.0163336 0.0108028 0.0153415 0.0117365 0.0115187 0.00944018 0.0130676 0.0134124 0.0134966 0.0111054 0.0107949 0.01873 0.0144678 0.0218591 0.00937389 0.0105201 0.00911927 0.010534 0.00941906 0.0106941 0.00941394 0.010261 0.0117095 0.0158733 0.0130624 0.0109586 0.00895037 0.00825941 0.00839336 0.00951135 0.0134945 0.011247 0.0105672 0.00924193 0.00877365 0.0084285 0.00895147 0.00874862 0.00928081 0.00848346 0.00842309 0.00814561 0.00813346 0.0085159 0.00910828 0.00905894 0.00860673 0.00880969 0.0081449 0.00840096 0.00857095 0.00885931 0.00887858 0.00886154 0.00840298 0.00808096 0.00807789 0.00837049 0.00862513 0.00899188 0.00861741 0.00847741 0.00817504 0.00817356 0.00866264 0.00915143 0.00842506 0.00824707 0.00795009 0.00810833 
0.0125833 0.00951481 0.0106349 0.00672678 0.00885267 0.00771785 0.0200094 0.0285393 0.581175 0.00476684 0.00362406 0.00360918 0 0.0035611 0.00355419 0.00359766 0.00364891 0.00359996 0.00484534 0.00380789 0.00623033 0.00801779 0.00765148 0.0110254 0.0108931 0.0192656 0.00882487 0.00987755 0.0129823 0.00979433 0.0217201 0.00920898 0.0111788 0.0115493 0.0569749 0.0127966 0.0113325 0.0088776 0.00961589 0.00946056 0.0242413 0.00949255 0.0117111 0.00924333 0.0165619 0.0185949 0.034351 0.0112111 0.00918416 0.00824025 0.00820854 0.0116872 0.0141194 0.0308636 0.0115676 0.0117042 0.00848635 0.0086777 0.00848174 0.0120168 0.00886448 0.00966756 0.00831437 0.00821533 0.00844646 0.00819055 0.0122039 0.00914611 0.00990991 0.00828673 0.00832519 0.00828305 0.0104133 0.00920901 0.0108371 0.00890133 0.00858911 0.00810425 0.00803496 0.00855823 0.00895891 0.0109379 0.00890603 0.00874006 0.00817285 0.00811758 0.0094815 0.00897828 0.00870447 0.00828498 0.00799856 0.00808866 
0.0103664 0.0127365 0.00874024 0.00714714 0.00918704 0.0139468 0.0230931 0.663951 0.00711136 0.00725887 0.00364499 0.0035908 0.0035611 0 0.00354608 0.00355534 0.00357848 0.00377003 0.00364528 0.00425305 0.00382821 0.00667566 0.0092289 0.00776315 0.022112 0.00851813 0.01646 0.00857289 0.00914234 0.0295958 0.00923547 0.0144574 0.00929897 0.0333469 0.0127278 0.0347389 0.00875265 0.00854828 0.00876599 0.0191104 0.00893991 0.0185924 0.0085895 0.010272 0.0105805 0.0388568 0.013916 0.0170744 0.00831629 0.00819482 0.00901825 0.00890125 0.0261859 0.0141899 0.0179952 0.00917017 0.00851108 0.00837078 0.0098578 0.0087901 0.0153046 0.00836782 0.00836522 0.0080865 0.00803937 0.00952083 0.00925438 0.0122662 0.00840119 0.00897856 0.00801697 0.00891282 0.00862853 0.010849 0.00914307 0.00928982 0.00826798 0.0080507 0.00823897 0.00835857 0.00924977 0.00908674 0.00888324 0.00827873 0.00818925 0.00821907 0.00852264 0.00902916 0.00841861 0.00824499 0.00801972 0.00802149 
0.0122554 0.00953576 0.0124836 0.017052 0.00839851 0.0293029 0.544381 0.00720517 0.00975566 0.00802998 0.00363506 0.00356634 0.00355419 0.00354608 0 0.00358408 0.00362575 0.00355206 0.0038909 0.00363875 0.00546677 0.00806744 0.00636074 0.0146761 0.00879644 0.043103 0.00837375 0.0111359 0.0178857 0.00856575 0.0357557 0.00848041 0.0160099 0.00964471 0.0546754 0.0091097 0.0112126 0.0091712 0.0136679 0.0087979 0.0347941 0.00844507 0.0155212 0.00941156 0.0253581 0.0132406 0.0379871 0.0101231 0.00938738 0.00814155 0.00822681 0.0152556 0.0120584 0.0326822 0.010984 0.0105915 0.00836752 0.00916547 0.00848857 0.0184584 0.00839631 0.0130829 0.00823046 0.00809668 0.00946964 0.00803938 0.0145165 0.0086862 0.0117539 0.00807402 0.00907427 0.0081255 0.0122379 0.00928466 0.0108442 0.00882377 0.00872204 0.00804661 0.00793502 0.00856497 0.00880486 0.0100506 0.0084943 0.00914613 0.00809042 0.00836989 0.00895003 0.0087769 0.00872722 0.00820821 0.00796741 0.00824981 
0.0107825 0.0120804 0.00856511 0.0085191 0.0426583 0.447518 0.00778293 0.00765401 0.00700637 0.00827506 0.00373276 0.00365705 0.00359766 0.00355534 0.00358408 0 0.00348796 0.00365013 0.00379572 0.00379409 0.00374844 0.00541971 0.0097841 0.00665449 0.0334303 0.00828833 0.0203267 0.00849443 0.00854057 0.0344572 0.00860097 0.0146312 0.00898431 0.0267771 0.00928161 0.0236031 0.0085304 0.00856229 0.00859343 0.0197212 0.00842632 0.0195136 0.00832037 0.0104721 0.00874947 0.0384666 0.00984753 0.0181363 0.00824808 0.00807717 0.0102894 0.00834005 0.0250895 0.0103833 0.014266 0.00887121 0.00834671 0.00825315 0.0108911 0.00833212 0.0164381 0.00824272 0.00868421 0.00822998 0.00798645 0.0102942 0.00892964 0.0128097 0.00828302 0.00980232 0.00803826 0.00928333 0.00846794 0.0105637 0.00873854 0.00895245 0.00822647 0.00801076 0.00852659 0.00826774 0.00936978 0.00893143 0.00913421 0.00820011 0.00843906 0.00847856 0.00850125 0.00870944 0.00843072 0.00836341 0.00830258 0.00799292 
0.0114277 0.00932105 0.0124187 0.0680742 0.0665755 0.00986581 0.00880665 0.00847949 0.00813029 0.00637675 0.00375735 0.00367426 0.00364891 0.00357848 0.00362575 0.00348796 0 0.00358932 0.00359541 0.003558 0.00488898 0.00706969 0.00561374 0.0189715 0.00875788 0.0431043 0.00827527 0.0105528 0.021286 0.00841499 0.0277759 0.00837831 0.0146498 0.00882957 0.0348245 0.00884227 0.013025 0.00968815 0.0129008 0.00841071 0.0256956 0.00832145 0.0152124 0.00900963 0.020709 0.010457 0.0280081 0.00894204 0.00881405 0.00815726 0.00803253 0.0131204 0.00931123 0.0206211 0.00927795 0.00950352 0.00828018 0.00862234 0.0082315 0.0157687 0.00819812 0.0114198 0.00810777 0.0079888 0.00958067 0.00810965 0.0134898 0.00842048 0.010553 0.00807575 0.0091497 0.00810972 0.0107647 0.00851439 0.00975452 0.00858097 0.00839661 0.00799056 0.00791269 0.00859288 0.00859473 0.00986181 0.00839488 0.00922778 0.00805517 0.0080824 0.00902956 0.00859417 0.00850029 0.00813372 0.00796774 0.0085114 
0.0098765 0.00983693 0.00875765 0.0400448 0.0102147 0.00848534 0.00843315 0.00797633 0.00666245 0.00633219 0.00425298 0.00371461 0.00359996 0.00377003 0.00355206 0.00365013 0.00358932 0 0.00353325 0.00359426 0.00354776 0.00437815 0.00613911 0.00649148 0.0267595 0.00816285 0.019244 0.00826208 0.00840046 0.0246233 0.00843423 0.0143202 0.00856312 0.0158088 0.00892335 0.0262124 0.008293 0.00848736 0.00835668 0.0136797 0.00827307 0.015132 0.00823096 0.0091289 0.00853458 0.026765 0.00919423 0.0134154 0.00808305 0.00797376 0.00890285 0.00829101 0.0169791 0.00920372 0.0109025 0.00827017 0.00810389 0.00805932 0.00900832 0.00810949 0.0142713 0.00807791 0.00816307 0.00800574 0.00788133 0.00879704 0.00828763 0.010078 0.00816481 0.00851429 0.00788091 0.0084291 0.00825423 0.00959915 0.00847771 0.00849568 0.00814889 0.00793269 0.00814864 0.00816788 0.00862571 0.00847928 0.00894046 0.00808913 0.00808737 0.00809271 0.00833336 0.00851813 0.00829018 0.00810272 0.00810227 0.00794027 
0.0106533 0.0094532 0.0204762 0.0128132 0.00749664 0.00954465 0.00917111 0.00720433 0.00834158 0.00623305 0.00454971 0.0039288 0.00484534 0.00364528 0.0038909 0.00379572 0.00359541 0.00353325 0 0.00352719 0.00361592 0.004889 0.00502835 0.0278987 0.00836338 0.0318009 0.00827523 0.0100193 0.0141367 0.00838571 0.0275998 0.0083622 0.0112187 0.00897614 0.0452565 0.00895274 0.00949407 0.00900997 0.0111035 0.00850388 0.0261956 0.00833807 0.012693 0.00848881 0.015048 0.0107948 0.0221423 0.00915636 0.00857853 0.00802605 0.00794298 0.0112841 0.00979516 0.0176626 0.00936109 0.00866745 0.00818025 0.00830545 0.00826674 0.0138663 0.00833114 0.00999417 0.00807401 0.00801565 0.00872776 0.00813529 0.0117799 0.00842943 0.010135 0.00804886 0.00842469 0.00812171 0.00993875 0.00876681 0.00932691 0.00854761 0.00834536 0.00801037 0.00787952 0.0084005 0.00866812 0.00930551 0.0085221 0.00873495 0.00802978 0.00803624 0.00874587 0.00869011 0.00848893 0.00812287 0.00794759 0.00818213 
0.0107176 0.064136 0.00904792 0.00855756 0.0152983 0.00948282 0.00825671 0.00867542 0.00882747 0.00797299 0.00576476 0.00589832 0.00380789 0.00425305 0.00363875 0.00379409 0.003558 0.00359426 0.00352719 0 0.00356944 0.00402788 0.0425042 0.00484458 0.0334877 0.00829029 0.0243235 0.00844703 0.00887044 0.0417682 0.00922825 0.0143153 0.00983194 0.0311034 0.00899966 0.0235044 0.0084974 0.00887376 0.00869163 0.0186803 0.00846404 0.0187581 0.00832501 0.00972782 0.00871279 0.0187328 0.0088978 0.0101747 0.00826627 0.00805566 0.0100334 0.00860888 0.013799 0.00899216 0.00947926 0.00838767 0.00813375 0.00833714 0.00998119 0.00823175 0.0116741 0.00810262 0.00826479 0.00801675 0.00788921 0.0094023 0.00832498 0.00951996 0.00820001 0.008997 0.00792773 0.0087702 0.00827472 0.00887343 0.00848892 0.00849785 0.00816977 0.00796046 0.00838559 0.0082336 0.00854458 0.00852456 0.00846675 0.0081349 0.0082092 0.00812845 0.00844301 0.00866264 0.00821212 0.00813171 0.00831936 0.0079833 
0.0454763 0.00936713 0.0263265 0.0689941 0.00802972 0.00781032 0.00944134 0.00848035 0.00948374 0.00666088 0.0107578 0.00581634 0.00623033 0.00382821 0.00546677 0.00374844 0.00488898 0.00354776 0.00361592 0.00356944 0 0.0611669 0.00476224 0.00697179 0.0101899 0.0239348 0.00822585 0.0134693 0.0625447 0.00837422 0.0209825 0.0100208 0.0328328 0.00911024 0.0122817 0.00975417 0.0128379 0.0174127 0.0270687 0.00840368 0.0138752 0.00834391 0.0215571 0.0107231 0.0121964 0.00906963 0.0106394 0.00855232 0.00904299 0.00835553 0.00904685 0.0113215 0.00871965 0.0104012 0.00881479 0.00873121 0.00906893 0.0105878 0.00818623 0.0116105 0.00806468 0.0107807 0.00818483 0.0081275 0.0132483 0.00801897 0.00965767 0.00822086 0.0108318 0.00820506 0.0113343 0.00798383 0.0090366 0.00846531 0.00861575 0.00826708 0.00823793 0.00804018 0.0083341 0.00845661 0.00825496 0.00852142 0.00818981 0.00883217 0.00810948 0.00823053 0.0083781 0.00831331 0.00836563 0.00816451 0.00804694 0.00914472 
0.0342695 0.0124715 0.0767704 0.0155971 0.00918837 0.00985146 0.0106684 0.0106495 0.0116183 0.0157508 0.0103523 0.00837264 0.00801779 0.00667566 0.00806744 0.00541971 0.00706969 0.00437815 0.004889 0.00402788 0.0611669 0 0.00362763 0.00431171 0.0732112 0.0398763 0.0110358 0.035246 0.0438316 0.0136359 0.024453 0.016015 0.0369353 0.0137105 0.0274268 0.0112671 0.0206017 0.0229281 0.0344378 0.00948609 0.014136 0.00938821 0.0435135 0.0145117 0.0203499 0.0105851 0.0130442 0.0093877 0.00929907 0.00944006 0.00913497 0.0145385 0.0101782 0.0129255 0.00943392 0.00904241 0.00979279 0.0116128 0.00862958 0.0111222 0.00850969 0.00978559 0.008125 0.00874515 0.010543 0.00815089 0.0101467 0.00867033 0.00922406 0.00973698 0.010337 0.00814769 0.00950386 0.00887772 0.009008 0.0085028 0.00822402 0.0082423 0.00831566 0.00922842 0.00939239 0.00947479 0.00840699 0.0088603 0.00840752 0.00874901 0.00893791 0.00867179 0.00866475 0.0087081 0.0079418 0.00897019 
0.0107451 0.288026 0.00977475 0.00966459 0.0143633 0.0098007 0.00992516 0.0112436 0.0166776 0.0119333 0.0106461 0.0163336 0.00765148 0.0092289 0.00636074 0.0097841 0.00561374 0.00613911 0.00502835 0.0425042 0.00476224 0.00362763 0 0.00384874 0.0499579 0.0238315 0.0904039 0.0104266 0.0107201 0.0630964 0.0115912 0.0143646 0.0107081 0.0720136 0.0105539 0.0357866 0.00915366 0.0115223 0.00982196 0.0181168 0.00893886 0.022759 0.0090747 0.0113992 0.0107824 0.0196156 0.00971226 0.00987244 0.00887968 0.00830444 0.00903074 0.00924488 0.0131537 0.0105946 0.00974622 0.00965975 0.00839515 0.0085211 0.0104214 0.00862454 0.00970516 0.00841343 0.00840477 0.00816956 0.00802527 0.00916362 0.00871344 0.0096235 0.00874741 0.00905563 0.00803702 0.00868114 0.00834563 0.00896741 0.00877578 0.00850764 0.00830281 0.00807902 0.00818627 0.00842061 0.00879853 0.00875464 0.00856477 0.00831806 0.00831737 0.00811366 0.00860222 0.00853944 0.00851414 0.00843584 0.00812277 0.00806887 
0.0809154 0.0107071 0.0314641 0.037504 0.00900556 0.00881675 0.0110441 0.0109107 0.0134378 0.0105781 0.0248504 0.0108028 0.0110254 0.00776315 0.0146761 0.00665449 0.0189715 0.00649148 0.0278987 0.00484458 0.00697179 0.00431171 0.00384874 0 0.0131345 0.0355059 0.0143773 0.0694421 0.0392576 0.00994436 0.0254395 0.0153357 0.0612575 0.0102789 0.0135245 0.0103845 0.0198237 0.0231515 0.0312498 0.0090092 0.0119632 0.00880873 0.0224236 0.0135066 0.0130553 0.00938918 0.0104664 0.0086841 0.00885807 0.0084086 0.0106604 0.0113033 0.00905233 0.0102019 0.00884586 0.00878403 0.00987463 0.0116801 0.00855426 0.00923308 0.00819873 0.0087989 0.00836308 0.00821861 0.0105055 0.00819407 0.00883911 0.00846232 0.00929246 0.00826832 0.00972983 0.00816474 0.00852235 0.00836027 0.00860808 0.00842277 0.0081957 0.00821479 0.00876166 0.00854585 0.00836252 0.00857982 0.0082548 0.00837937 0.00831878 0.008738 0.00880208 0.00843291 0.00837556 0.0084458 0.00843036 0.00839597 
0.0121825 0.014696 0.012793 0.00944603 0.0111552 0.0097524 0.0107981 0.010978 0.00957091 0.0278366 0.0227763 0.0153415 0.0108931 0.022112 0.00879644 0.0334303 0.00875788 0.0267595 0.00836338 0.0334877 0.0101899 0.0732112 0.0499579 0.0131345 0 0.00360303 0.00383851 0.00401673 0.00564012 0.0263387 0.00868775 0.966892 0.00987384 0.0171468 0.00836189 0.0377831 0.0112657 0.0190209 0.0110842 0.0180525 0.00889896 0.0416448 0.0128706 0.0248471 0.0096291 0.0148581 0.00960104 0.0123153 0.00898239 0.011802 0.0173373 0.00890907 0.0141774 0.00937986 0.010361 0.00884889 0.0113352 0.00915529 0.0111742 0.00815195 0.0144068 0.00812222 0.00936562 0.01032 0.00802843 0.0109983 0.00816575 0.0108165 0.00825431 0.0223388 0.00811463 0.00990336 0.00807952 0.00985739 0.00821725 0.00842054 0.00808219 0.00934958 0.0101321 0.00822496 0.00882945 0.00834344 0.00906959 0.00797806 0.0111654 0.00981698 0.0084395 0.00883337 0.00825319 0.0106691 0.00903454 0.00827688 
0.0109188 0.0100908 0.0116582 0.0126721 0.00849815 0.0102787 0.0112058 0.0094762 0.0155075 0.00876428 0.00941356 0.0117365 0.0192656 0.00851813 0.043103 0.00828833 0.0431043 0.00816285 0.0318009 0.00829029 0.0239348 0.0398763 0.0238315 0.0355059 0.00360303 0 0.00354925 0.0036459 0.00982699 0.00660324 0.9853 0.00767076 0.010878 0.00782536 0.0348424 0.00814217 0.0102901 0.0113932 0.0184213 0.00865685 0.0294525 0.00853159 0.0222475 0.00966678 0.0323872 0.00942239 0.0205867 0.0087824 0.0102452 0.00824514 0.00822747 0.019215 0.00913323 0.0177913 0.00893418 0.00951576 0.00841277 0.00908241 0.00826379 0.0187629 0.00829553 0.0122629 0.00827645 0.00813696 0.0102077 0.00800056 0.0125492 0.00837669 0.011911 0.00815659 0.00973471 0.00796027 0.0109801 0.00845037 0.0095327 0.00842768 0.00853862 0.00800195 0.007883 0.00905447 0.00853414 0.00984973 0.0082889 0.00994988 0.00799855 0.00795803 0.00875614 0.0086973 0.00883076 0.00811837 0.00794518 0.00889568 
0.00971084 0.0132471 0.00859482 0.00846081 0.0101704 0.00901352 0.00933894 0.0100539 0.00914192 0.00903872 0.0101783 0.0115187 0.00882487 0.01646 0.00837375 0.0203267 0.00827527 0.019244 0.00827523 0.0243235 0.00822585 0.0110358 0.0904039 0.0143773 0.00383851 0.00354925 0 0.00356669 0.00492962 0.980437 0.00618587 0.00949547 0.00717758 0.0320822 0.00722705 0.0127704 0.00740817 0.00890788 0.00883901 0.0253049 0.00847842 0.0196239 0.00842369 0.0106043 0.00908904 0.0200783 0.00879116 0.0106642 0.0085376 0.00814003 0.0104154 0.00867258 0.0142558 0.00896405 0.00982561 0.00885246 0.00843642 0.00815414 0.0110411 0.00816055 0.0122627 0.00805275 0.00830138 0.00810318 0.00788446 0.00980187 0.00813266 0.00947383 0.00816611 0.00938269 0.00793652 0.00865967 0.00808062 0.00898393 0.008317 0.00833195 0.00808446 0.00799485 0.00861381 0.00827795 0.00840764 0.00838792 0.00853489 0.00806513 0.00824891 0.00814889 0.00838966 0.00847712 0.00825187 0.00822193 0.00807933 0.00785092 
0.0170741 0.00921035 0.0107058 0.0187608 0.00839918 0.00839791 0.00901266 0.00872407 0.00943021 0.00856592 0.0155913 0.00944018 0.00987755 0.00857289 0.0111359 0.00849443 0.0105528 0.00826208 0.0100193 0.00844703 0.0134693 0.035246 0.0104266 0.0694421 0.00401673 0.0036459 0.00356669 0 0.977348 0.00696281 0.00872289 0.0055298 0.0236188 0.00748083 0.00854095 0.00777689 0.0108717 0.016063 0.0217258 0.00908365 0.0100988 0.00852741 0.0144971 0.0110598 0.011826 0.0088918 0.00917025 0.00832681 0.00856641 0.00830658 0.0102424 0.0100853 0.00865502 0.00894195 0.00841553 0.0084313 0.00863871 0.01168 0.00827138 0.0093193 0.00832585 0.0085281 0.00815196 0.00804782 0.010079 0.00802693 0.00848134 0.00811285 0.00883597 0.00810261 0.00970613 0.00801746 0.0082447 0.00823858 0.00824749 0.00811778 0.00806474 0.0079682 0.00862292 0.00820632 0.00815877 0.00825946 0.00807603 0.00815292 0.00812786 0.00853778 0.00832653 0.00815532 0.00815821 0.00812616 0.00812407 0.00809845 
0.0157514 0.00974003 0.0387002 0.0186697 0.00854247 0.00940968 0.0102886 0.0097385 0.0111956 0.0153992 0.0148009 0.0130676 0.0129823 0.00914234 0.0178857 0.00854057 0.021286 0.00840046 0.0141367 0.00887044 0.0625447 0.0438316 0.0107201 0.0392576 0.00564012 0.00982699 0.00492962 0.977348 0 0.00358535 0.00393101 0.00443046 0.00622263 0.0048951 0.0102111 0.0435421 0.712183 0.0140711 0.0462364 0.0092653 0.0175811 0.00921652 0.124846 0.0192116 0.0220756 0.00953455 0.0143637 0.00905919 0.011034 0.0123399 0.00935368 0.0208871 0.00934147 0.0126198 0.00872099 0.00922642 0.0118955 0.0116564 0.00846631 0.0129987 0.00829936 0.0121784 0.00822852 0.00958104 0.0125552 0.00800144 0.0112192 0.00840836 0.0109915 0.00940231 0.0126002 0.00806069 0.0106155 0.00839193 0.00881133 0.00827857 0.00854431 0.00889639 0.00837226 0.00978198 0.00844764 0.00941961 0.00815264 0.00994507 0.00873037 0.00862319 0.00933973 0.00851047 0.00905438 0.00914118 0.00806979 0.0103795 
0.00921862 0.0170854 0.00867271 0.00849953 0.0120985 0.0106345 0.0105687 0.0127699 0.00946708 0.0109182 0.0099455 0.0134124 0.00979433 0.0295958 0.00856575 0.0344572 0.00841499 0.0246233 0.00838571 0.0417682 0.00837422 0.0136359 0.0630964 0.00994436 0.0263387 0.00660324 0.980437 0.00696281 0.00358535 0 0.00358277 0.0102424 0.0043494 0.0221444 0.0167404 0.81465 0.00564046 0.00667045 0.00933241 0.0402865 0.00863872 0.0582012 0.00882544 0.0157062 0.0105176 0.05407 0.00997326 0.0202576 0.00867202 0.00869494 0.0120208 0.00913707 0.0377179 0.0100714 0.0145086 0.00903774 0.00860692 0.00849895 0.0161203 0.0083058 0.0195783 0.00820143 0.00941337 0.00836907 0.00792445 0.0141455 0.00830559 0.0158059 0.008208 0.0112256 0.00799263 0.0103648 0.00822683 0.0116933 0.00860839 0.00898595 0.00819162 0.00833342 0.008968 0.00828974 0.00955442 0.00883477 0.0104879 0.00816415 0.00904239 0.00865207 0.00865072 0.00910066 0.00840122 0.0086599 0.00846501 0.00808624 
0.0123688 0.0112892 0.0124869 0.0128639 0.00894026 0.00962343 0.0117473 0.0103388 0.0179777 0.00880908 0.0110341 0.0134966 0.0217201 0.00923547 0.0357557 0.00860097 0.0277759 0.00843423 0.0275998 0.00922825 0.0209825 0.024453 0.0115912 0.0254395 0.00868775 0.9853 0.00618587 0.00872289 0.00393101 0.00358277 0 0.00355232 0.0122751 0.00972096 0.829863 0.0056309 0.00635399 0.00617172 0.0241243 0.00939723 0.0398187 0.00880087 0.0185906 0.0105067 0.0431336 0.0110193 0.0343315 0.00928705 0.0139406 0.00846027 0.00900885 0.0251986 0.0101374 0.0262729 0.0104798 0.0155542 0.00891083 0.0101339 0.00865674 0.0232476 0.0087065 0.0143528 0.00861949 0.00826079 0.0113895 0.00823895 0.017648 0.00866422 0.0161152 0.00824923 0.0101953 0.00828488 0.0132542 0.00919313 0.0118844 0.00869783 0.00892985 0.00804643 0.00825508 0.00935174 0.00867669 0.0108516 0.00840058 0.0111251 0.00815801 0.00842616 0.00975288 0.00899688 0.00936612 0.00825601 0.00799539 0.00854423 
0.0152043 0.0113193 0.0107624 0.0128487 0.00972293 0.00868404 0.00933025 0.0097474 0.00934579 0.0115794 0.019635 0.0111054 0.00920898 0.0144574 0.00848041 0.0146312 0.00837831 0.0143202 0.0083622 0.0143153 0.0100208 0.016015 0.0143646 0.0153357 0.966892 0.00767076 0.00949547 0.0055298 0.00443046 0.0102424 0.00355232 0 0.07767 0.729818 0.00386867 0.00513501 0.00456732 0.00759386 0.0146142 0.0183622 0.00856363 0.019201 0.009759 0.0300174 0.0102377 0.0155957 0.00898434 0.0108956 0.00863212 0.00924099 0.0208188 0.0100341 0.011755 0.00928077 0.0104451 0.00880199 0.0109583 0.0127452 0.0103331 0.00823506 0.0113154 0.00817519 0.00845689 0.00928265 0.00891891 0.009967 0.00832198 0.0102693 0.00820964 0.0129879 0.00910629 0.00913637 0.00810656 0.00889723 0.0083093 0.00837438 0.00800819 0.00817997 0.0110949 0.00847789 0.00871036 0.00828969 0.00858758 0.008091 0.00904658 0.0106085 0.0086484 0.00850299 0.00821 0.00889608 0.00887415 0.00792755 
0.011183 0.00954948 0.0215946 0.01268 0.00841307 0.00898013 0.00979956 0.00921124 0.0110898 0.0184344 0.0147812 0.0107949 0.0111788 0.00929897 0.0160099 0.00898431 0.0146498 0.00856312 0.0112187 0.00983194 0.0328328 0.0369353 0.0107081 0.0612575 0.00987384 0.010878 0.00717758 0.0236188 0.00622263 0.0043494 0.0122751 0.07767 0 0.00362446 0.00357672 0.00366097 0.00431605 0.00875323 0.0943805 0.00948954 0.0131079 0.00988826 0.0853226 0.0192781 0.0236021 0.0102046 0.0143509 0.00951474 0.0110408 0.0137624 0.0107616 0.0188295 0.00987291 0.0125582 0.00915616 0.00977343 0.0153623 0.0109235 0.00867258 0.0103293 0.00844399 0.0102825 0.00819474 0.0111889 0.0104165 0.00816775 0.00940844 0.00836419 0.0113518 0.0115081 0.0102105 0.00808916 0.00897247 0.00853044 0.00891421 0.00833071 0.00864046 0.00943014 0.00843003 0.00908544 0.00848615 0.00888243 0.00826138 0.00909719 0.00949712 0.00865421 0.00867047 0.00846205 0.00878067 0.00986993 0.00821339 0.00911166 
0.00945364 0.0184631 0.00918981 0.00877781 0.00997471 0.0106642 0.0138033 0.0138031 0.0119911 0.0128845 0.0102081 0.01873 0.0115493 0.0333469 0.00964471 0.0267771 0.00882957 0.0158088 0.00897614 0.0311034 0.00911024 0.0137105 0.0720136 0.0102789 0.0171468 0.00782536 0.0320822 0.00748083 0.0048951 0.0221444 0.00972096 0.729818 0.00362446 0 0.00359654 0.00359647 0.00359486 0.00437119 0.021767 0.057128 0.00941517 0.083685 0.00997539 0.0252202 0.0165311 0.051727 0.0151746 0.0236979 0.010531 0.00927625 0.0110488 0.0115892 0.0425427 0.0152859 0.0196244 0.0126798 0.00938161 0.00923216 0.0165682 0.0092971 0.0225904 0.00855697 0.00977806 0.00846239 0.0081796 0.011101 0.00935622 0.0153903 0.00926513 0.0105091 0.0082528 0.00928857 0.00902655 0.0149153 0.0100404 0.00988258 0.00849966 0.00835282 0.00837594 0.00846882 0.0106173 0.0100152 0.00995914 0.00845394 0.00876469 0.00820484 0.00930654 0.00880977 0.00894739 0.00873065 0.00814843 0.00805488 
0.0134615 0.0108808 0.0103858 0.00949872 0.0089834 0.0164211 0.0264965 0.0246114 0.0143149 0.00916218 0.0102134 0.0144678 0.0569749 0.0127278 0.0546754 0.00928161 0.0348245 0.00892335 0.0452565 0.00899966 0.0122817 0.0274268 0.0105539 0.0135245 0.00836189 0.0348424 0.00722705 0.00854095 0.0102111 0.0167404 0.829863 0.00386867 0.00357672 0.00359654 0 0.00356844 0.00358145 0.00367808 0.0229934 0.0171779 0.143266 0.00922861 0.0143953 0.0127589 0.0439315 0.0297316 0.124311 0.0158826 0.0117928 0.00860576 0.00880885 0.0313861 0.025073 0.098518 0.0253741 0.0154498 0.00906882 0.00983287 0.0102614 0.0518195 0.0105058 0.0192255 0.00869598 0.00839636 0.00953946 0.00902108 0.0388292 0.0137317 0.0157918 0.00853785 0.0086371 0.00832677 0.025831 0.0138902 0.021213 0.0126562 0.00912157 0.00819578 0.00808143 0.00923738 0.0121268 0.018219 0.0101977 0.0103444 0.00822309 0.00841938 0.0101766 0.0129557 0.0102312 0.00857174 0.00798578 0.00811951 
0.0101371 0.0225977 0.00914156 0.00920453 0.0123061 0.0108633 0.0130217 0.0154991 0.0118128 0.0102482 0.0108987 0.0218591 0.0127966 0.0347389 0.0091097 0.0236031 0.00884227 0.0262124 0.00895274 0.0235044 0.00975417 0.0112671 0.0357866 0.0103845 0.0377831 0.00814217 0.0127704 0.00777689 0.0435421 0.81465 0.0056309 0.00513501 0.00366097 0.00359647 0.00356844 0 0.00354934 0.00417146 0.0123664 0.0899576 0.0115826 0.0619828 0.00955117 0.01635 0.0149511 0.069378 0.0162554 0.0205922 0.00992056 0.00894184 0.0119979 0.0112229 0.0355086 0.021019 0.0216652 0.0160957 0.0101851 0.00939532 0.0280433 0.00944994 0.0194123 0.00871303 0.0103698 0.00865659 0.00838574 0.018353 0.00981191 0.0155814 0.00966595 0.0102943 0.00841397 0.0104248 0.00900907 0.0137134 0.011333 0.0101238 0.00853819 0.00814673 0.00915291 0.00873156 0.0102917 0.0105318 0.0103552 0.00857791 0.0087009 0.00885594 0.009786 0.00978849 0.00907083 0.0085803 0.00821032 0.00795914 
0.0141222 0.00888416 0.0104297 0.0136045 0.00841542 0.00868006 0.00912391 0.00899285 0.00981469 0.00870185 0.0170383 0.00937389 0.0113325 0.00875265 0.0112126 0.0085304 0.013025 0.008293 0.00949407 0.0084974 0.0128379 0.0206017 0.00915366 0.0198237 0.0112657 0.0102901 0.00740817 0.0108717 0.712183 0.00564046 0.00635399 0.00456732 0.00431605 0.00359486 0.00358145 0.00354934 0 0.0210464 0.0385693 0.00967323 0.0119101 0.0102994 0.0279105 0.0136921 0.0135836 0.0102279 0.011769 0.00893885 0.00933602 0.00842155 0.0117132 0.0115191 0.00940337 0.0110699 0.00903217 0.00977025 0.00934448 0.0153275 0.00881547 0.00997233 0.00837137 0.00895699 0.00831496 0.00841412 0.0134495 0.00814106 0.0093737 0.00834385 0.0104135 0.00861101 0.0112445 0.00815688 0.00915223 0.00859873 0.00885255 0.00825717 0.00839474 0.00816314 0.00878613 0.00848049 0.00835755 0.00896647 0.00826278 0.00900184 0.00809108 0.00902636 0.00855165 0.00834271 0.00871692 0.00829594 0.00816781 0.00810837 
0.0131526 0.00910483 0.013335 0.0159947 0.00828862 0.00817108 0.00849497 0.00844964 0.00896649 0.0113032 0.0139674 0.0105201 0.0088776 0.00854828 0.0091712 0.00856229 0.00968815 0.00848736 0.00900997 0.00887376 0.0174127 0.0229281 0.0115223 0.0231515 0.0190209 0.0113932 0.00890788 0.016063 0.0140711 0.00667045 0.00617172 0.00759386 0.00875323 0.00437119 0.00367808 0.00417146 0.0210464 0 0.048671 0.00983431 0.0103803 0.011276 0.0751712 0.0219361 0.0126948 0.00945082 0.00913603 0.00891298 0.00947016 0.0117115 0.0142361 0.0118786 0.00923022 0.00879697 0.00871486 0.00862006 0.0136968 0.0161484 0.00935437 0.00902435 0.00828874 0.00904967 0.00827614 0.00928783 0.0133539 0.00832737 0.00826844 0.00822005 0.008626 0.0108174 0.0131249 0.00824933 0.00815259 0.00805092 0.00802866 0.00797422 0.00814445 0.00897914 0.00965143 0.00849594 0.00801357 0.00809432 0.00800441 0.00826415 0.00938766 0.00961331 0.00826667 0.00802137 0.00811543 0.00915185 0.00947722 0.0107244 
0.00935379 0.00895711 0.015282 0.011129 0.00806522 0.00864338 0.00917133 0.00874718 0.00970913 0.0137076 0.0104472 0.00911927 0.00961589 0.00876599 0.0136679 0.00859343 0.0129008 0.00835668 0.0111035 0.00869163 0.0270687 0.0344378 0.00982196 0.0312498 0.0110842 0.0184213 0.00883901 0.0217258 0.0462364 0.00933241 0.0241243 0.0146142 0.0943805 0.021767 0.0229934 0.0123664 0.0385693 0.048671 0 0.0036702 0.00371519 0.00368358 0.00622201 0.0343117 0.0468351 0.0106411 0.0210185 0.0103922 0.0167616 0.0213088 0.0116181 0.0394746 0.0113976 0.0157688 0.00980558 0.0116272 0.0190175 0.0187738 0.00922026 0.0167059 0.00869745 0.0199521 0.00895261 0.0141478 0.0143629 0.00832107 0.0127377 0.00889364 0.0141935 0.0127366 0.0137891 0.00829962 0.012022 0.00884062 0.0125182 0.00859689 0.00893734 0.011275 0.00854262 0.00993279 0.00878484 0.0101518 0.00834651 0.0105014 0.0102824 0.00885715 0.00945963 0.00867899 0.0100506 0.011501 0.00821571 0.0104735 
0.00851659 0.0106052 0.00858177 0.00827444 0.00867702 0.00973838 0.0102594 0.0107265 0.00913427 0.00932807 0.00868061 0.010534 0.00946056 0.0191104 0.0087979 0.0197212 0.00841071 0.0136797 0.00850388 0.0186803 0.00840368 0.00948609 0.0181168 0.0090092 0.0180525 0.00865685 0.0253049 0.00908365 0.0092653 0.0402865 0.00939723 0.0183622 0.00948954 0.057128 0.0171779 0.0899576 0.00967323 0.00983431 0.0036702 0 0.00357003 0.00371933 0.00360622 0.0399389 0.0151815 0.0480151 0.0114378 0.0256296 0.0100189 0.00995114 0.0120819 0.0103854 0.0552101 0.0129027 0.0164815 0.0124649 0.0097556 0.00919284 0.022202 0.0089926 0.0574334 0.00875987 0.0125869 0.00934092 0.00850057 0.0147179 0.00883016 0.0270912 0.00900939 0.0122266 0.00825063 0.0107006 0.0087009 0.0287911 0.00983962 0.01071 0.00854849 0.00898357 0.00871166 0.00846652 0.0119728 0.0103206 0.0118722 0.0084582 0.0097396 0.00855418 0.00904368 0.0106667 0.00918158 0.00973801 0.00831924 0.0081365 
