1BA2B
KDTIALVVSTLNNPFFVSLKDGAQKEADKLGYNLVVLDSQNNPAKELANVQDLTVRGTKILLINPTRSDAVGNAVKMANQANIPVITLDRQATKGEVVSHIASDNVLGGKIAGDYIAKKAGEGAKVIELQGIAGTSAARERGEGFQQAVAAHKFNVLASQPADFDRIKGLNVMQNLLTAHPDVQAVFAQNDEMALGALRALQTAGKSDVMVVGFDGTPDGEKAVNDGKLAATIAQLPDQIGAKGVETADKVLKGEKVQAKYPVDLKLVVKQ
CCEEEEEECCCCCHHHHHHHHHHHHHHHHHCCEEEEEECCCCHHHHHHHHHHHHHHCCCCEEECCCCCCCCHHHHHHHHHCCCCEEEECCCCCCCCCCEEEEECHHHHHHHHHHHHHHHHCCCCEEEEEECCCCCHHHHHHHHHHHHHHHHHCCEEEEEEECCCCHHHHHHHHHHHHHHCCCCCEEEECCHHHHHHHHHHHHHHCCCCCEEECCECCHHHHHHHHCCCCCEEEECCHHHHHHHHHHHHHHHHCCCCCCCEEEECCEEECCC
0 0 0 0 0 0 0 0 0 0 0 0 0 0 0 0 0 0 0 0 0 0 0 0 0 0 0 0 0 0 0 0 0 0 0 0 0 0 0 0 0 0 0 0 0 0 0 0 0 0 0 0 0 0 0 0 0 0 0 0 0 0 0 0 0 0 0 0 0 0 0 0 0 0 0 0 0 0 0 0 0 0 0 0 0 0 0 0 0 0 0 0 0 0 0 0 0 0 0 0 0 0 0 0 0 0 0 0 0 0 0 0 0 0 0 0 0 0 0 0 0 0 0 0 0 0 0 0 0 0 0 0 0 0 0 0 0 0 0 0 0 0 0 0 0 0 0 0 0 0 0 0 0 0 0 0 0 0 0 0 0 0 0 0 0 0 0 0 0 0 0 0 0 0 0 0 0 0 0 0 0 0 0 0 0 0 0 0 0 0 0 0 0 0 0 0 0 0 0 0 0 0 0 0 0 0 0 0 0 0 0 0 0 0 0 0 0 0 0 0 0 0 0 0 0 0 0 0 0 0 0 0 0 0 0 0 0 0 0 0 0 0 0 0 0 0 0 0 0 0 0 0 0 0 0 0 0 0 0 0 0 0 0 0 0 0 0 0 0 0 0 
0 0 0 0 0 0 0 0 0 0 0 0 0 0 0 0 0 0 0 0 0 0 0 0 0 0 0 0 0 0 0 0 0 0 0 0 0 0 0 0 0 0 0 0 0 0 0 0 0 0 0 0 0 0 0 0 0 0 0 0 0 0 0 0 0 0 0 0 0 0 0 0 0 0 0 0 0 0 0 0 0 0 0 0 0 0 0 0 0 0 0 0 0 0 0 0 0 0 0 0 0 0 0 0 0 0 0 0 0 0 0 0 0 0 0 0 0 0 0 0 0 0 0 0 0 0 0 0 0 0 0 0 0 0 0 0 0 0 0 0 0 0 0 0 0 0 0 0 0 0 0 0 0 0 0 0 0 0 0 0 0 0 0 0 0 0 0 0 0 0 0 0 0 0 0 0 0 0 0 0 0 0 0 0 0 0 0 0 0 0 0 0 0 0 0 0 0 0 0 0 0 0 0 0 0 0 0 0 0 0 0 0 0 0 0 0 0 0 0 0 0 0 0 0 0 0 0 0 0 0 0 0 0 0 0 0 0 0 0 0 0 0 0 0 0 0 0 0 0 0 0 0 0 0 0 0 0 0 0 0 0 0 0 0 0 0 0 0 0 0 0 
0 0.00376403 0.00370091 0.00372799 0.00376081 0.00569001 0.793117 0.0118257 0.0174609 0.0141959 0.0102349 0.045669 0.0325064 0.0129164 0.0180474 0.014552 0.00980119 0.0135831 0.0110709 0.0102237 0.00890934 0.00902353 0.00932344 0.0111102 0.0125554 0.00858756 0.0091624 0.00969417 0.00831862 0.0118651 0.00917185 0.00807866 0.00817613 0.00804236 0.00806332 0.00789153 0.00851429 0.00862827 0.00828688 0.00841027 0.0085343 0.00898751 0.00852941 0.00866371 0.00909495 0.00836281 0.00844932 0.00832667 0.00873547 0.00883443 0.0083501 0.00845242 0.00859204 0.0088339 0.00844873 0.00899654 
0.00376403 0 0.00366139 0.00366519 0.00371163 0.00398479 0.0189327 0.839264 0.0191054 0.0164201 0.0510837 0.0097555 0.0368992 0.0333488 0.0160966 0.0380014 0.0340248 0.0126031 0.0119517 0.0109897 0.013214 0.0138704 0.0104316 0.0103592 0.00845281 0.0145451 0.0117645 0.0100691 0.0117042 0.00833623 0.00805177 0.00863501 0.0084215 0.00851443 0.00820302 0.00824385 0.00804788 0.00898973 0.00853443 0.00856328 0.00831947 0.0084362 0.00860547 0.00839888 0.0080281 0.00853363 0.00859176 0.00842207 0.00830597 0.00821039 0.00872273 0.00820765 0.00858641 0.00828467 0.0084656 0.00849607 
0.00370091 0.00366139 0 0.00360588 0.00363098 0.00360645 0.0871773 0.0229977 0.65197 0.0598379 0.0151627 0.0137831 0.0251267 0.0337021 0.0179078 0.0173897 0.0346742 0.0289755 0.00981889 0.00943569 0.0216573 0.0264005 0.014374 0.00891897 0.00982974 0.0119507 0.0210572 0.0240367 0.00941721 0.00858724 0.00840444 0.00891766 0.00893197 0.00900077 0.0085365 0.0083042 0.00810361 0.00885881 0.0092703 0.00919773 0.00873772 0.00858924 0.00909852 0.00855156 0.00802825 0.00834019 0.00869036 0.00853246 0.00827606 0.00813672 0.00835615 0.00826335 0.00838577 0.00826725 0.00840315 0.00843606 
0.00372799 0.00366519 0.00360588 0 0.00358413 0.00361055 0.0241681 0.105842 0.0749064 0.601628 0.0234843 0.0128973 0.0240858 0.0407752 0.0309243 0.0185678 0.0515928 0.0288597 0.0108274 0.0101107 0.0190543 0.045219 0.015729 0.0096898 0.00917047 0.0150308 0.028115 0.0191065 0.0124209 0.00853448 0.00838364 0.00894102 0.00914263 0.00910785 0.00871177 0.00833825 0.0080419 0.00901614 0.00932656 0.0097463 0.00889718 0.00890489 0.00974494 0.00886627 0.00803184 0.00863046 0.00901749 0.00869472 0.00835151 0.0082602 0.00856028 0.00836743 0.00844403 0.00833699 0.00855666 0.0085203 
0.00376081 0.00371163 0.00363098 0.00358413 0 0.00384967 0.0254319 0.0274767 0.10216 0.0627976 0.569679 0.0211311 0.0191505 0.0930656 0.0390589 0.0152596 0.020264 0.0440447 0.0110073 0.00978018 0.0177377 0.0189525 0.0185982 0.0101578 0.00953082 0.0113983 0.015188 0.0142047 0.0110789 0.00884113 0.00843603 0.00880355 0.00873541 0.00877706 0.00852731 0.00834402 0.00800943 0.0087252 0.00899852 0.00943481 0.00846556 0.00861322 0.00927769 0.00872875 0.00805922 0.00839219 0.00868172 0.00858098 0.0083137 0.0082261 0.00839975 0.00839369 0.00834216 0.0082866 0.00854625 0.00863465 
0.00569001 0.00398479 0.00360645 0.00361055 0.00384967 0 0.0154587 0.0216755 0.021271 0.0392514 0.0729641 0.602137 0.0247989 0.0172343 0.0846951 0.0207488 0.0124102 0.0128304 0.0183046 0.0120547 0.0100672 0.0108515 0.010437 0.0131714 0.0105246 0.00954131 0.0103078 0.00949625 0.0105475 0.00991539 0.00948648 0.00819063 0.00823289 0.0082102 0.00819012 0.00801259 0.00812807 0.0089284 0.00843355 0.0087235 0.00891566 0.00884956 0.00866793 0.00874508 0.00858768 0.00859823 0.008452 0.00824541 0.00833496 0.00833082 0.00827756 0.00809795 0.00830671 0.0085598 0.00844307 0.00832914 
0.793117 0.0189327 0.0871773 0.0241681 0.0254319 0.0154587 0 0.00447793 0.00368135 0.0039738 0.00371515 0.00596594 0.0986438 0.0148966 0.0237631 0.019783 0.0104816 0.0155053 0.0121968 0.0123762 0.00937764 0.00921196 0.00986504 0.0120641 0.0179816 0.00864298 0.0090481 0.0103094 0.00819898 0.0130212 0.00945631 0.00800274 0.0081504 0.00801226 0.00806418 0.00791892 0.00909354 0.00834843 0.00814017 0.00858373 0.00851067 0.00912427 0.00814834 0.0083669 0.00928723 0.00820175 0.00830952 0.00816471 0.00818495 0.00866859 0.00811353 0.00834634 0.0081894 0.0084809 0.00830778 0.00858105 
0.0118257 0.839264 0.0229977 0.105842 0.0274767 0.0216755 0.00447793 0 0.00369323 0.00360331 0.00368246 0.0035786 0.0837112 0.0608389 0.0145469 0.0202277 0.0427161 0.0127909 0.0116487 0.0102977 0.0123255 0.0167315 0.0103939 0.0102893 0.00866881 0.0178629 0.0134053 0.0104754 0.0131513 0.00840861 0.00802074 0.00860112 0.00837339 0.00847375 0.00819301 0.00817 0.00797781 0.00887751 0.00870848 0.00863213 0.00870813 0.00838886 0.00859618 0.0083203 0.00795779 0.00839555 0.00850001 0.00835111 0.00822928 0.00815332 0.00851808 0.0081006 0.00829254 0.00826693 0.00828898 0.00822169 
0.0174609 0.0191054 0.65197 0.0749064 0.10216 0.021271 0.00368135 0.00369323 0 0.00357858 0.00355542 0.00363719 0.0451754 0.0352792 0.0176324 0.016749 0.0235447 0.0171994 0.0100503 0.00987002 0.0154973 0.0267284 0.0116402 0.0093158 0.00908548 0.0141229 0.024547 0.024283 0.00969983 0.00850161 0.00823272 0.00866921 0.00891165 0.0089645 0.00847391 0.00804103 0.00809315 0.00869562 0.00891702 0.00916629 0.0083776 0.00844342 0.0089265 0.00835808 0.00799545 0.00825446 0.00869257 0.00852039 0.00818022 0.00805313 0.0082742 0.00813325 0.00824675 0.00815161 0.00833394 0.00820696 
0.0141959 0.0164201 0.0598379 0.601628 0.0627976 0.0392514 0.0039738 0.00360331 0.00357858 0 0.00356153 0.00356121 0.0509925 0.042787 0.0183002 0.0134271 0.0269632 0.0262186 0.00912011 0.00962077 0.0178518 0.0234211 0.0144405 0.00892798 0.0106964 0.010535 0.0315731 0.0321742 0.00916583 0.00859637 0.00861908 0.00853673 0.00876312 0.00872466 0.00849502 0.00807105 0.00808603 0.00861987 0.00900146 0.00918821 0.00837445 0.00881403 0.00886472 0.00838554 0.00801992 0.00832566 0.0086686 0.00840136 0.00818329 0.0082438 0.0083103 0.00824483 0.00810215 0.00830112 0.00828771 0.00820631 
0.0102349 0.0510837 0.0151627 0.0234843 0.569679 0.0729641 0.00371515 0.00368246 0.00355542 0.00356153 0 0.00362645 0.0172488 0.177321 0.0603033 0.0129148 0.0192458 0.0182787 0.0141516 0.00979129 0.0114969 0.0144417 0.0114697 0.011562 0.00884773 0.0168325 0.0116797 0.0099666 0.0152594 0.00833663 0.00821903 0.00881481 0.0083094 0.00858871 0.00838981 0.00814445 0.00792774 0.00884447 0.0086507 0.00886738 0.00836475 0.00830621 0.00880227 0.0083295 0.00802582 0.008266 0.00837773 0.00833613 0.0081471 0.0080796 0.0082968 0.00805332 0.00825417 0.00820116 0.00824761 0.00830851 
0.045669 0.0097555 0.0137831 0.0128973 0.0211311 0.602137 0.00596594 0.0035786 0.00363719 0.00356121 0.00362645 0 0.0269854 0.0183349 0.294261 0.0165618 0.0099259 0.0129388 0.0114225 0.0120468 0.00968839 0.00890992 0.00991859 0.00985352 0.0216488 0.00845943 0.00870814 0.00906824 0.00819602 0.0108469 0.00976607 0.00810988 0.00810623 0.00809953 0.0080527 0.0080057 0.00830749 0.0086272 0.00825501 0.00821204 0.00835052 0.00865047 0.00810289 0.00828232 0.00899872 0.00822205 0.00812896 0.0080405 0.00809491 0.00826896 0.00801936 0.00799379 0.00807078 0.00830261 0.00803834 0.00808914 
0.0325064 0.0368992 0.0251267 0.0240858 0.0191505 0.0247989 0.0986438 0.0837112 0.0451754 0.0509925 0.0172488 0.0269854 0 0.00384913 0.0039376 0.464835 0.0655829 0.0293527 0.0326993 0.029634 0.0212801 0.0199176 0.0146404 0.0250825 0.0212166 0.0300623 0.0199195 0.0166272 0.0107141 0.0152447 0.00998872 0.00947105 0.00934921 0.00875392 0.00855548 0.00825127 0.0103547 0.0112914 0.00975894 0.0110115 0.0112381 0.0106708 0.00963664 0.0101599 0.00884766 0.00928585 0.00857289 0.00863999 0.00913467 0.00829436 0.00835991 0.00820021 0.00887286 0.00857462 0.00858338 0.00905207 
0.0129164 0.0333488 0.0337021 0.0407752 0.0930656 0.0172343 0.0148966 0.0608389 0.0352792 0.042787 0.177321 0.0183349 0.00384913 0 0.00388576 0.0415805 0.457704 0.205051 0.0165692 0.0149442 0.0484291 0.0213474 0.0604343 0.0132736 0.0123723 0.0298196 0.0259137 0.02216 0.0273455 0.00949057 0.00875952 0.0101411 0.00907228 0.00912567 0.00872022 0.00909728 0.00821667 0.00928079 0.0115096 0.0143594 0.00945781 0.00940949 0.0109514 0.00943324 0.00823387 0.00876397 0.00949585 0.00924023 0.00884998 0.00810692 0.00859483 0.00836453 0.00820383 0.00836127 0.00889226 0.00841861 
0.0180474 0.0160966 0.0179078 0.0309243 0.0390589 0.0846951 0.0237631 0.0145469 0.0176324 0.0183002 0.0603033 0.294261 0.0039376 0.00388576 0 0.0354349 0.0307625 0.374304 0.229878 0.0262034 0.0174697 0.0286061 0.0250349 0.0396391 0.0179391 0.015386 0.0180659 0.0158269 0.0173754 0.0205962 0.0116117 0.00907653 0.00926426 0.00989078 0.00890365 0.00848458 0.00897225 0.0131209 0.0100214 0.011273 0.0113607 0.0116615 0.0096676 0.0107191 0.00941635 0.0106757 0.00898016 0.0086038 0.00877575 0.00827378 0.00824201 0.00809577 0.00839771 0.00890798 0.00816761 0.00830533 
0.014552 0.0380014 0.0173897 0.0185678 0.0152596 0.0207488 0.019783 0.0202277 0.016749 0.0134271 0.0129148 0.0165618 0.464835 0.0415805 0.0354349 0 0.00362588 0.00363432 0.00397185 0.0304693 0.0263356 0.0153785 0.0678434 0.0741243 0.0412891 0.0373831 0.0241345 0.0168918 0.0126219 0.0179369 0.0119009 0.0110324 0.0101652 0.00972783 0.00897313 0.00859154 0.0127459 0.0135521 0.0111127 0.0112158 0.0136046 0.0109332 0.00953616 0.0108271 0.00865409 0.00936099 0.00878676 0.00902065 0.00980134 0.0080421 0.00835709 0.00812969 0.00869554 0.00818562 0.00823382 0.00870276 
0.00980119 0.0340248 0.0346742 0.0515928 0.020264 0.0124102 0.0104816 0.0427161 0.0235447 0.0269632 0.0192458 0.0099259 0.0655829 0.457704 0.0307625 0.00362588 0 0.00370881 0.00361647 0.108614 0.0421562 0.15557 0.0562859 0.0139716 0.0148157 0.130077 0.0399005 0.0348703 0.0325622 0.0102767 0.0096885 0.0178818 0.0110088 0.0120513 0.00950349 0.00930811 0.00841479 0.0121922 0.0142439 0.0156034 0.00989272 0.00962217 0.0121013 0.00933191 0.00801977 0.00907544 0.0101424 0.00938844 0.00881835 0.00797595 0.00842407 0.00826662 0.008253 0.00804664 0.00853757 0.00824033 
0.0135831 0.0126031 0.0289755 0.0288597 0.0440447 0.0128304 0.0155053 0.0127909 0.0171994 0.0262186 0.0182787 0.0129388 0.0293527 0.205051 0.374304 0.00363432 0.00370881 0 0.00357268 0.0155501 0.262593 0.0495195 0.075042 0.0113137 0.0294423 0.0181109 0.0431589 0.0412627 0.0205777 0.0160646 0.0113826 0.0105756 0.0114678 0.0099439 0.0101692 0.00951286 0.0092143 0.00988844 0.0179909 0.0211969 0.0103764 0.0114341 0.0111563 0.00966902 0.00852973 0.00921368 0.00963151 0.00930876 0.00847672 0.00839054 0.00833308 0.00841343 0.00812147 0.00856376 0.00842361 0.00825513 
0.0110709 0.0119517 0.00981889 0.0108274 0.0110073 0.0183046 0.0121968 0.0116487 0.0100503 0.00912011 0.0141516 0.0114225 0.0326993 0.0165692 0.229878 0.00397185 0.00361647 0.00357268 0 0.071614 0.0177856 0.0633663 0.0106624 0.0355575 0.0143573 0.0178135 0.0118824 0.0100072 0.0131312 0.0119189 0.0113937 0.00898835 0.00868859 0.00935295 0.00840117 0.00835483 0.0089149 0.0118132 0.00884026 0.00949416 0.0111436 0.010124 0.00868275 0.00950908 0.00910388 0.00975626 0.00858199 0.00833805 0.00884034 0.00820758 0.00824805 0.00797335 0.0088392 0.00844855 0.00810342 0.00865667 
0.0102237 0.0109897 0.00943569 0.0101107 0.00978018 0.0120547 0.0123762 0.0102977 0.00987002 0.00962077 0.00979129 0.0120468 0.029634 0.0149442 0.0262034 0.0304693 0.108614 0.0155501 0.071614 0 0.003632 0.0036032 0.00362695 0.00384745 0.244987 0.0524907 0.0160545 0.0125296 0.0105644 0.0168661 0.0143908 0.00951613 0.0093861 0.00892848 0.00873566 0.00850755 0.0113901 0.0123305 0.00929105 0.0095209 0.010579 0.00959996 0.00884476 0.00981641 0.00881475 0.00866796 0.00834364 0.00863038 0.00892363 0.00805142 0.00809924 0.00810633 0.00839196 0.00825553 0.00802341 0.00861601 
0.00890934 0.013214 0.0216573 0.0190543 0.0177377 0.0100672 0.00937764 0.0123255 0.0154973 0.0178518 0.0114969 0.00968839 0.0212801 0.0484291 0.0174697 0.0263356 0.0421562 0.262593 0.0177856 0.003632 0 0.00355871 0.00359638 0.00364433 0.0667919 0.184176 0.0757921 0.0453882 0.014051 0.0142957 0.00946694 0.0125888 0.0108676 0.0109286 0.00997137 0.00908531 0.00893676 0.0105488 0.0155829 0.0140245 0.00981194 0.00914473 0.0107958 0.00961206 0.00804728 0.00854346 0.0107121 0.00915391 0.00858455 0.00798004 0.00836917 0.00828896 0.00817827 0.00798514 0.00857508 0.00808421 
0.00902353 0.0138704 0.0264005 0.045219 0.0189525 0.0108515 0.00921196 0.0167315 0.0267284 0.0234211 0.0144417 0.00890992 0.0199176 0.0213474 0.0286061 0.0153785 0.15557 0.0495195 0.0633663 0.0036032 0.00355871 0 0.00355332 0.00357552 0.0250848 0.0686953 0.187905 0.0911767 0.0379884 0.0104761 0.00994427 0.0137595 0.0147632 0.0180676 0.0131672 0.00922385 0.00858141 0.012037 0.0182848 0.02148 0.0106884 0.0104055 0.0126904 0.0110053 0.00791901 0.00920392 0.00971417 0.0109044 0.00901023 0.00805461 0.00853149 0.00838245 0.00823119 0.00823958 0.00842397 0.0082209 
0.00932344 0.0104316 0.014374 0.015729 0.0185982 0.010437 0.00986504 0.0103939 0.0116402 0.0144405 0.0114697 0.00991859 0.0146404 0.0604343 0.0250349 0.0678434 0.0562859 0.075042 0.0106624 0.00362695 0.00359638 0.00355332 0 0.00365435 0.0164706 0.0375221 0.038928 0.151213 0.0515924 0.0272788 0.00959708 0.0112472 0.0100673 0.00976594 0.00958298 0.00957016 0.00855203 0.00971951 0.0155492 0.0216051 0.0124124 0.0093528 0.0113555 0.00959411 0.00823524 0.00870235 0.00915768 0.00890996 0.00845916 0.00800041 0.00832038 0.00823058 0.00809482 0.00814674 0.00831085 0.00805506 
0.0111102 0.0103592 0.00891897 0.0096898 0.0101578 0.0131714 0.0120641 0.0102893 0.0093158 0.00892798 0.011562 0.00985352 0.0250825 0.0132736 0.0396391 0.0741243 0.0139716 0.0113137 0.0355575 0.00384745 0.00364433 0.00357552 0.00365435 0 0.0150393 0.0174541 0.0176593 0.0150543 0.0791704 0.0833565 0.0132905 0.00938449 0.00893327 0.00980207 0.00864264 0.00841163 0.00931082 0.0148898 0.009334 0.0107497 0.0133451 0.0112982 0.00914102 0.0106019 0.00959964 0.010676 0.00843132 0.0087253 0.00952333 0.00836772 0.00829723 0.00805019 0.00856029 0.00865918 0.00801539 0.00831631 
0.0125554 0.00845281 0.00982974 0.00917047 0.00953082 0.0105246 0.0179816 0.00866881 0.00908548 0.0106964 0.00884773 0.0216488 0.0212166 0.0123723 0.0179391 0.0412891 0.0148157 0.0294423 0.0143573 0.244987 0.0667919 0.0250848 0.0164706 0.0150393 0 0.0040297 0.00358543 0.0037841 0.00362618 0.00753129 0.394376 0.0306964 0.0130179 0.00908186 0.00996683 0.00904138 0.045389 0.0154605 0.0125846 0.0117916 0.0140859 0.01716 0.00974572 0.0114757 0.0131097 0.00955818 0.0112347 0.00906881 0.0111797 0.0102379 0.00797711 0.00949844 0.00839358 0.00947675 0.00853327 0.00943457 
0.00858756 0.0145451 0.0119507 0.0150308 0.0113983 0.00954131 0.00864298 0.0178629 0.0141229 0.010535 0.0168325 0.00845943 0.0300623 0.0298196 0.015386 0.0373831 0.130077 0.0181109 0.0178135 0.0524907 0.184176 0.0686953 0.0375221 0.0174541 0.0040297 0 0.00364092 0.00359318 0.00385396 0.00365249 0.0298726 0.331102 0.0793115 0.0131184 0.00979052 0.0157613 0.00930973 0.0408041 0.0305371 0.0222974 0.0120738 0.0136435 0.0162897 0.011997 0.00809592 0.0111483 0.0110008 0.0109461 0.00923182 0.00799943 0.00960612 0.00846313 0.00876825 0.00815112 0.00857337 0.00837691 
0.0091624 0.0117645 0.0210572 0.028115 0.015188 0.0103078 0.0090481 0.0134053 0.024547 0.0315731 0.0116797 0.00870814 0.0199195 0.0259137 0.0180659 0.0241345 0.0399005 0.0431589 0.0118824 0.0160545 0.0757921 0.187905 0.038928 0.0176593 0.00358543 0.00364092 0 0.00355694 0.00358722 0.00357673 0.0317859 0.0499726 0.117856 0.181341 0.0242751 0.0128208 0.00932618 0.022473 0.0600193 0.0342224 0.0128079 0.0152878 0.0180888 0.0117723 0.00814393 0.0112167 0.0183516 0.0138674 0.00972312 0.00823068 0.00880283 0.00853888 0.00881314 0.0082961 0.00864079 0.00826369 
0.00969417 0.0100691 0.0240367 0.0191065 0.0142047 0.00949625 0.0103094 0.0104754 0.024283 0.0321742 0.0099666 0.00906824 0.0166272 0.02216 0.0158269 0.0168918 0.0348703 0.0412627 0.0100072 0.0125296 0.0453882 0.0911767 0.151213 0.0150543 0.0037841 0.00359318 0.00355694 0 0.00354354 0.0035759 0.0225683 0.018065 0.0879369 0.103605 0.19884 0.00970375 0.0109938 0.0127599 0.0500507 0.0426282 0.0131035 0.0156895 0.0144964 0.0117845 0.00856729 0.00970341 0.0174166 0.0119386 0.0098346 0.0085504 0.00832536 0.00923845 0.00818155 0.00867742 0.00838304 0.00819076 
0.00831862 0.0117042 0.00941721 0.0124209 0.0110789 0.0105475 0.00819898 0.0131513 0.00969983 0.00916583 0.0152594 0.00819602 0.0107141 0.0273455 0.0173754 0.0126219 0.0325622 0.0205777 0.0131312 0.0105644 0.014051 0.0379884 0.0515924 0.0791704 0.00362618 0.00385396 0.00358722 0.00354354 0 0.0035545 0.00938102 0.0295708 0.0152051 0.0447185 0.0374364 0.175231 0.00902121 0.0130393 0.016039 0.0406432 0.013503 0.00931619 0.023575 0.0131795 0.00818963 0.00945689 0.0098751 0.0138881 0.00955338 0.00793706 0.00891331 0.00816921 0.008873 0.00801668 0.00847211 0.00819721 
0.0118651 0.00833623 0.00858724 0.00853448 0.00884113 0.00991539 0.0130212 0.00840861 0.00850161 0.00859637 0.00833663 0.0108469 0.0152447 0.00949057 0.0205962 0.0179369 0.0102767 0.0160646 0.0119189 0.0168661 0.0142957 0.0104761 0.0272788 0.0833565 0.00753129 0.00365249 0.00357673 0.0035759 0.0035545 0 0.0376784 0.0103991 0.0177277 0.0118732 0.0155601 0.0280281 0.165348 0.0136185 0.0100915 0.0116704 0.0157542 0.0146382 0.00916752 0.0111798 0.0113522 0.0100711 0.00889401 0.00848184 0.00952123 0.0087659 0.00804786 0.00830388 0.00812293 0.00934475 0.0080742 0.00819917 
0.00917185 0.00805177 0.00840444 0.00838364 0.00843603 0.00948648 0.00945631 0.00802074 0.00823272 0.00861908 0.00821903 0.00976607 0.00998872 0.00875952 0.0116117 0.0119009 0.0096885 0.0113826 0.0113937 0.0143908 0.00946694 0.00994427 0.00959708 0.0132905 0.394376 0.0298726 0.0317859 0.0225683 0.00938102 0.0376784 0 0.00386146 0.00360746 0.00357192 0.00364439 0.00369913 0.00609942 0.0219977 0.0150949 0.0111724 0.015527 0.0199826 0.00968241 0.0119632 0.012932 0.00940107 0.0103226 0.00879311 0.0110249 0.00943176 0.00799512 0.00922227 0.00856933 0.00881921 0.00853764 0.00961311 
0.00807866 0.00863501 0.00891766 0.00894102 0.00880355 0.00819063 0.00800274 0.00860112 0.00866921 0.00853673 0.00881481 0.00810988 0.00947105 0.0101411 0.00907653 0.0110324 0.0178818 0.0105756 0.00898835 0.00951613 0.0125888 0.0137595 0.0112472 0.00938449 0.0306964 0.331102 0.0499726 0.018065 0.0295708 0.0103991 0.00386146 0 0.00357264 0.00356212 0.00357139 0.00373075 0.00360832 0.0486762 0.0273582 0.0178975 0.00976236 0.0121175 0.0164997 0.00983831 0.00818656 0.0107287 0.0101341 0.0109657 0.0089035 0.00798134 0.00888324 0.00818721 0.00842998 0.00802221 0.00863042 0.00807697 
0.00817613 0.0084215 0.00893197 0.00914263 0.00873541 0.00823289 0.0081504 0.00837339 0.00891165 0.00876312 0.0083094 0.00810623 0.00934921 0.00907228 0.00926426 0.0101652 0.0110088 0.0114678 0.00868859 0.0093861 0.0108676 0.0147632 0.0100673 0.00893327 0.0130179 0.0793115 0.117856 0.0879369 0.0152051 0.0177277 0.00360746 0.00357264 0 0.00355214 0.00358949 0.00355308 0.00357995 0.0168188 0.0246847 0.0148261 0.00969775 0.0133589 0.0104423 0.00976374 0.00886474 0.00907202 0.0108131 0.00964799 0.00910064 0.00809985 0.00816553 0.00837593 0.00814985 0.00820111 0.00812738 0.00815672 
0.00804236 0.00851443 0.00900077 0.00910785 0.00877706 0.0082102 0.00801226 0.00847375 0.0089645 0.00872466 0.00858871 0.00809953 0.00875392 0.00912567 0.00989078 0.00972783 0.0120513 0.0099439 0.00935295 0.00892848 0.0109286 0.0180676 0.00976594 0.00980207 0.00908186 0.0131184 0.181341 0.103605 0.0447185 0.0118732 0.00357192 0.00356212 0.00355214 0 0.00354463 0.00355989 0.00360795 0.0187603 0.0219724 0.0148801 0.0115976 0.00977424 0.0113722 0.0102081 0.00815832 0.00949643 0.00964957 0.0101559 0.00959581 0.00796104 0.00852623 0.00814769 0.00853632 0.00799059 0.00826097 0.00816159 
0.00806332 0.00820302 0.0085365 0.00871177 0.00852731 0.00819012 0.00806418 0.00819301 0.00847391 0.00849502 0.00838981 0.0080527 0.00855548 0.00872022 0.00890365 0.00897313 0.00950349 0.0101692 0.00840117 0.00873566 0.00997137 0.0131672 0.00958298 0.00864264 0.00996683 0.00979052 0.0242751 0.19884 0.0374364 0.0155601 0.00364439 0.00357139 0.00358949 0.00354463 0 0.00355475 0.00354114 0.0121213 0.027776 0.0133199 0.00937056 0.0100644 0.00968092 0.0089711 0.00818993 0.00865253 0.00989304 0.00913052 0.00878293 0.00814797 0.00810217 0.00826374 0.00809805 0.00810767 0.00814987 0.00837505 
0.00789153 0.00824385 0.0083042 0.00833825 0.00834402 0.00801259 0.00791892 0.00817 0.00804103 0.00807105 0.00814445 0.0080057 0.00825127 0.00909728 0.00848458 0.00859154 0.00930811 0.00951286 0.00835483 0.00850755 0.00908531 0.00922385 0.00957016 0.00841163 0.00904138 0.0157613 0.0128208 0.00970375 0.175231 0.0280281 0.00369913 0.00373075 0.00355308 0.00355989 0.00355475 0 0.00357055 0.0114437 0.0175452 0.0421194 0.00962854 0.00900371 0.0123875 0.00935951 0.00811477 0.00855582 0.00887169 0.0095938 0.00859603 0.0078992 0.00838269 0.00791536 0.00807535 0.0079609 0.00827993 0.00794198 
0.00851429 0.00804788 0.00810361 0.0080419 0.00800943 0.00812807 0.00909354 0.00797781 0.00809315 0.00808603 0.00792774 0.00830749 0.0103547 0.00821667 0.00897225 0.0127459 0.00841479 0.0092143 0.0089149 0.0113901 0.00893676 0.00858141 0.00855203 0.00931082 0.045389 0.00930973 0.00932618 0.0109938 0.00902121 0.165348 0.00609942 0.00360832 0.00357995 0.00360795 0.00354114 0.00357055 0 0.0135045 0.0115591 0.0199885 0.0467755 0.0159366 0.00914783 0.0109875 0.0127022 0.011178 0.00887612 0.00844766 0.0099617 0.0100355 0.00802969 0.0080528 0.00802805 0.0103589 0.0081382 0.00815467 
0.00862827 0.00898973 0.00885881 0.00901614 0.0087252 0.0089284 0.00834843 0.00887751 0.00869562 0.00861987 0.00884447 0.0086272 0.0112914 0.00928079 0.0131209 0.0135521 0.0121922 0.00988844 0.0118132 0.0123305 0.0105488 0.012037 0.00971951 0.0148898 0.0154605 0.0408041 0.022473 0.0127599 0.0130393 0.0136185 0.0219977 0.0486762 0.0168188 0.0187603 0.0121213 0.0114437 0.0135045 0 0.00372086 0.00364284 0.00384511 0.653988 0.0185225 0.0572997 0.0112052 0.0483802 0.0144562 0.015527 0.0202528 0.00942143 0.0117603 0.00874387 0.0154915 0.010624 0.00958296 0.0122806 
0.00828688 0.00853443 0.0092703 0.00932656 0.00899852 0.00843355 0.00814017 0.00870848 0.00891702 0.00900146 0.0086507 0.00825501 0.00975894 0.0115096 0.0100214 0.0111127 0.0142439 0.0179909 0.00884026 0.00929105 0.0155829 0.0182848 0.0155492 0.009334 0.0125846 0.0305371 0.0600193 0.0500507 0.016039 0.0100915 0.0150949 0.0273582 0.0246847 0.0219724 0.027776 0.0175452 0.0115591 0.00372086 0 0.00362599 0.00361894 0.126546 0.564942 0.016297 0.00976068 0.0172334 0.0748641 0.0262338 0.0121156 0.00907944 0.00954308 0.0132807 0.00913698 0.00922329 0.0113931 0.00891541 
0.00841027 0.00856328 0.00919773 0.0097463 0.00943481 0.0087235 0.00858373 0.00863213 0.00916629 0.00918821 0.00886738 0.00821204 0.0110115 0.0143594 0.011273 0.0112158 0.0156034 0.0211969 0.00949416 0.0095209 0.0140245 0.02148 0.0216051 0.0107497 0.0117916 0.0222974 0.0342224 0.0426282 0.0406432 0.0116704 0.0111724 0.0178975 0.0148261 0.0148801 0.0133199 0.0421194 0.0199885 0.00364284 0.00362599 0 0.00378214 0.0416772 0.200389 0.379616 0.012124 0.0181807 0.0356592 0.0756997 0.0201807 0.00883027 0.0107114 0.0123283 0.0104263 0.0104756 0.0120223 0.00955088 
0.0085343 0.00831947 0.00873772 0.00889718 0.00846556 0.00891566 0.00851067 0.00870813 0.0083776 0.00837445 0.00836475 0.00835052 0.0112381 0.00945781 0.0113607 0.0136046 0.00989272 0.0103764 0.0111436 0.010579 0.00981194 0.0106884 0.0124124 0.0133451 0.0140859 0.0120738 0.0128079 0.0131035 0.013503 0.0157542 0.015527 0.00976236 0.00969775 0.0115976 0.00937056 0.00962854 0.0467755 0.00384511 0.00361894 0.00378214 0 0.0198702 0.0561763 0.240871 0.0533947 0.0279499 0.0128576 0.0199524 0.0550181 0.00987433 0.00943515 0.00871058 0.0146427 0.0119141 0.00968352 0.0113586 
0.00898751 0.0084362 0.00858924 0.00890489 0.00861322 0.00884956 0.00912427 0.00838886 0.00844342 0.00881403 0.00830621 0.00865047 0.0106708 0.00940949 0.0116615 0.0109332 0.00962217 0.0114341 0.010124 0.00959996 0.00914473 0.0104055 0.0093528 0.0112982 0.01716 0.0136435 0.0152878 0.0156895 0.00931619 0.0146382 0.0199826 0.0121175 0.0133589 0.00977424 0.0100644 0.00900371 0.0159366 0.653988 0.126546 0.0416772 0.0198702 0 0.00373638 0.00369331 0.0155632 0.142018 0.068074 0.0199309 0.0343656 0.0231033 0.0112221 0.0137196 0.0152957 0.0221048 0.0118186 0.0246213 
0.00852941 0.00860547 0.00909852 0.00974494 0.00927769 0.00866793 0.00814834 0.00859618 0.0089265 0.00886472 0.00880227 0.00810289 0.00963664 0.0109514 0.0096676 0.00953616 0.0121013 0.0111563 0.00868275 0.00884476 0.0107958 0.0126904 0.0113555 0.00914102 0.00974572 0.0162897 0.0180888 0.0144964 0.023575 0.00916752 0.00968241 0.0164997 0.0104423 0.0113722 0.00968092 0.0123875 0.00914783 0.0185225 0.564942 0.200389 0.0561763 0.00373638 0 0.00371219 0.00596545 0.0349272 0.15515 0.158862 0.0236905 0.00899123 0.0196863 0.0154621 0.0117208 0.00998169 0.0503445 0.0100806 
0.00866371 0.00839888 0.00855156 0.00886627 0.00872875 0.00874508 0.0083669 0.0083203 0.00835808 0.00838554 0.0083295 0.00828232 0.0101599 0.00943324 0.0107191 0.0108271 0.00933191 0.00966902 0.00950908 0.00981641 0.00961206 0.0110053 0.00959411 0.0106019 0.0114757 0.011997 0.0117723 0.0117845 0.0131795 0.0111798 0.0119632 0.00983831 0.00976374 0.0102081 0.0089711 0.00935951 0.0109875 0.0572997 0.016297 0.379616 0.240871 0.00369331 0.00371219 0 0.0342101 0.0849706 0.0274275 0.0876866 0.134654 0.0121667 0.0104204 0.0103155 0.0202286 0.0169845 0.0102494 0.0144714 
0.00909495 0.0080281 0.00802825 0.00803184 0.00805922 0.00858768 0.00928723 0.00795779 0.00799545 0.00801992 0.00802582 0.00899872 0.00884766 0.00823387 0.00941635 0.00865409 0.00801977 0.00852973 0.00910388 0.00881475 0.00804728 0.00791901 0.00823524 0.00959964 0.0131097 0.00809592 0.00814393 0.00856729 0.00818963 0.0113522 0.012932 0.00818656 0.00886474 0.00815832 0.00818993 0.00811477 0.0127022 0.0112052 0.00976068 0.012124 0.0533947 0.0155632 0.00596545 0.0342101 0 0.021885 0.0142217 0.0186069 0.0810289 0.0143048 0.00838939 0.0106003 0.0104474 0.0130717 0.00948738 0.0126485 
0.00836281 0.00853363 0.00834019 0.00863046 0.00839219 0.00859823 0.00820175 0.00839555 0.00825446 0.00832566 0.008266 0.00822205 0.00928585 0.00876397 0.0106757 0.00936099 0.00907544 0.00921368 0.00975626 0.00866796 0.00854346 0.00920392 0.00870235 0.010676 0.00955818 0.0111483 0.0112167 0.00970341 0.00945689 0.0100711 0.00940107 0.0107287 0.00907202 0.00949643 0.00865253 0.00855582 0.011178 0.0483802 0.0172334 0.0181807 0.0279499 0.142018 0.0349272 0.0849706 0.021885 0 0.00376728 0.00366341 0.00416135 0.113112 0.0248411 0.0105195 0.0488244 0.0170532 0.0132747 0.0312757 
0.00844932 0.00859176 0.00869036 0.00901749 0.00868172 0.008452 0.00830952 0.00850001 0.00869257 0.0086686 0.00837773 0.00812896 0.00857289 0.00949585 0.00898016 0.00878676 0.0101424 0.00963151 0.00858199 0.00834364 0.0107121 0.00971417 0.00915768 0.00843132 0.0112347 0.0110008 0.0183516 0.0174166 0.0098751 0.00889401 0.0103226 0.0101341 0.0108131 0.00964957 0.00989304 0.00887169 0.00887612 0.0144562 0.0748641 0.0356592 0.0128576 0.068074 0.15515 0.0274275 0.0142217 0.00376728 0 0.00384364 0.00359967 0.0559741 0.0471154 0.0515406 0.0104731 0.0319837 0.0290135 0.0153705 
0.00832667 0.00842207 0.00853246 0.00869472 0.00858098 0.00824541 0.00816471 0.00835111 0.00852039 0.00840136 0.00833613 0.0080405 0.00863999 0.00924023 0.0086038 0.00902065 0.00938844 0.00930876 0.00833805 0.00863038 0.00915391 0.0109044 0.00890996 0.0087253 0.00906881 0.0109461 0.0138674 0.0119386 0.0138881 0.00848184 0.00879311 0.0109657 0.00964799 0.0101559 0.00913052 0.0095938 0.00844766 0.015527 0.0262338 0.0756997 0.0199524 0.0199309 0.158862 0.0876866 0.0186069 0.00366341 0.00384364 0 0.00366076 0.0119716 0.0629737 0.0551482 0.0250611 0.013139 0.0715803 0.0132338 
0.00873547 0.00830597 0.00827606 0.00835151 0.0083137 0.00833496 0.00818495 0.00822928 0.00818022 0.00818329 0.0081471 0.00809491 0.00913467 0.00884998 0.00877575 0.00980134 0.00881835 0.00847672 0.00884034 0.00892363 0.00858455 0.00901023 0.00845916 0.00952333 0.0111797 0.00923182 0.00972312 0.0098346 0.00955338 0.00952123 0.0110249 0.0089035 0.00910064 0.00959581 0.00878293 0.00859603 0.0099617 0.0202528 0.0121156 0.0201807 0.0550181 0.0343656 0.0236905 0.134654 0.0810289 0.00416135 0.00359967 0.00366076 0 0.0218833 0.0115297 0.0316489 0.131912 0.0212141 0.0166427 0.0480734 
0.00883443 0.00821039 0.00813672 0.0082602 0.0082261 0.00833082 0.00866859 0.00815332 0.00805313 0.0082438 0.0080796 0.00826896 0.00829436 0.00810692 0.00827378 0.0080421 0.00797595 0.00839054 0.00820758 0.00805142 0.00798004 0.00805461 0.00800041 0.00836772 0.0102379 0.00799943 0.00823068 0.0085504 0.00793706 0.0087659 0.00943176 0.00798134 0.00809985 0.00796104 0.00814797 0.0078992 0.0100355 0.00942143 0.00907944 0.00883027 0.00987433 0.0231033 0.00899123 0.0121667 0.0143048 0.113112 0.0559741 0.0119716 0.0218833 0 0.00370321 0.00375258 0.00373441 0.0060167 0.00494221 0.0394319 
0.0083501 0.00872273 0.00835615 0.00856028 0.00839975 0.00827756 0.00811353 0.00851808 0.0082742 0.0083103 0.0082968 0.00801936 0.00835991 0.00859483 0.00824201 0.00835709 0.00842407 0.00833308 0.00824805 0.00809924 0.00836917 0.00853149 0.00832038 0.00829723 0.00797711 0.00960612 0.00880283 0.00832536 0.00891331 0.00804786 0.00799512 0.00888324 0.00816553 0.00852623 0.00810217 0.00838269 0.00802969 0.0117603 0.00954308 0.0107114 0.00943515 0.0112221 0.0196863 0.0104204 0.00838939 0.0248411 0.0471154 0.0629737 0.0115297 0.00370321 0 0.00373237 0.00363997 0.00393169 0.049305 0.032758 
0.00845242 0.00820765 0.00826335 0.00836743 0.00839369 0.00809795 0.00834634 0.0081006 0.00813325 0.00824483 0.00805332 0.00799379 0.00820021 0.00836453 0.00809577 0.00812969 0.00826662 0.00841343 0.00797335 0.00810633 0.00828896 0.00838245 0.00823058 0.00805019 0.00949844 0.00846313 0.00853888 0.00923845 0.00816921 0.00830388 0.00922227 0.00818721 0.00837593 0.00814769 0.00826374 0.00791536 0.0080528 0.00874387 0.0132807 0.0123283 0.00871058 0.0137196 0.0154621 0.0103155 0.0106003 0.0105195 0.0515406 0.0551482 0.0316489 0.00375258 0.00373237 0 0.00354747 0.0142172 0.0146828 0.006568 
0.00859204 0.00858641 0.00838577 0.00844403 0.00834216 0.00830671 0.0081894 0.00829254 0.00824675 0.00810215 0.00825417 0.00807078 0.00887286 0.00820383 0.00839771 0.00869554 0.008253 0.00812147 0.0088392 0.00839196 0.00817827 0.00823119 0.00809482 0.00856029 0.00839358 0.00876825 0.00881314 0.00818155 0.008873 0.00812293 0.00856933 0.00842998 0.00814985 0.00853632 0.00809805 0.00807535 0.00802805 0.0154915 0.00913698 0.0104263 0.0146427 0.0152957 0.0117208 0.0202286 0.0104474 0.0488244 0.0104731 0.0250611 0.131912 0.00373441 0.00363997 0.00354747 0 0.0172906 0.00505128 0.00892872 
0.0088339 0.00828467 0.00826725 0.00833699 0.0082866 0.0085598 0.0084809 0.00826693 0.00815161 0.00830112 0.00820116 0.00830261 0.00857462 0.00836127 0.00890798 0.00818562 0.00804664 0.00856376 0.00844855 0.00825553 0.00798514 0.00823958 0.00814674 0.00865918 0.00947675 0.00815112 0.0082961 0.00867742 0.00801668 0.00934475 0.00881921 0.00802221 0.00820111 0.00799059 0.00810767 0.0079609 0.0103589 0.010624 0.00922329 0.0104756 0.0119141 0.0221048 0.00998169 0.0169845 0.0130717 0.0170532 0.0319837 0.013139 0.0212141 0.0060167 0.00393169 0.0142172 0.0172906 0 0.00373531 0.00427656 
0.00844873 0.0084656 0.00840315 0.00855666 0.00854625 0.00844307 0.00830778 0.00828898 0.00833394 0.00828771 0.00824761 0.00803834 0.00858338 0.00889226 0.00816761 0.00823382 0.00853757 0.00842361 0.00810342 0.00802341 0.00857508 0.00842397 0.00831085 0.00801539 0.00853327 0.00857337 0.00864079 0.00838304 0.00847211 0.0080742 0.00853764 0.00863042 0.00812738 0.00826097 0.00814987 0.00827993 0.0081382 0.00958296 0.0113931 0.0120223 0.00968352 0.0118186 0.0503445 0.0102494 0.00948738 0.0132747 0.0290135 0.0715803 0.0166427 0.00494221 0.049305 0.0146828 0.00505128 0.00373531 0 0.00401406 
0.00899654 0.00849607 0.00843606 0.0085203 0.00863465 0.00832914 0.00858105 0.00822169 0.00820696 0.00820631 0.00830851 0.00808914 0.00905207 0.00841861 0.00830533 0.00870276 0.00824033 0.00825513 0.00865667 0.00861601 0.00808421 0.0082209 0.00805506 0.00831631 0.00943457 0.00837691 0.00826369 0.00819076 0.00819721 0.00819917 0.00961311 0.00807697 0.00815672 0.00816159 0.00837505 0.00794198 0.00815467 0.0122806 0.00891541 0.00955088 0.0113586 0.0246213 0.0100806 0.0144714 0.0126485 0.0312757 0.0153705 0.0132338 0.0480734 0.0394319 0.032758 0.006568 0.00892872 0.00427656 0.00401406 0 
