1BKZA
SNVPHKSSLPEGIRPGTVLRIRGLVPPNASRFHVNLLCGEEQGSDAALHFNPRLDTSEVVFNSKEQGSWGREERGPGVPFQRGQPFEVLIIASDDGFKAVVGDAQYHHFRHRLPLARVRLVEVGGDVQLDSVRIF
CCCCEEEECCCCCCCCCEEEEEEEECCCCCEEEEEEECCCCCCCCEEEEEEEECCCCEEEEEEEECCEECCCEECCCCCCCCCEEEEEEEEECCCEEEEEECCEEEEEEECCCCHHHCCEEEEEECCEEEEEEEC
0 0 0 0 0 0 0 0 0 0 0 0 0 0 0 0 0 0 0 0 0 0 0 0 0 0 0 0 0 0 0 0 0 0 0 0 0 0 0 0 0 0 0 0 0 0 0 0 0 0 0 0 0 0 0 0 0 0 0 0 0 0 0 0 0 0 0 0 0 0 0 0 0 0 0 0 0 0 0 0 0 0 0 0 0 0 0 0 0 0 0 0 0 0 0 0 0 0 0 0 0 0 0 0 0 0 0 0 0 0 0 0 0 0 0 0 0 0 0 0 0 0 0 0 0 0 0 0 0 0 0 0 0 0 0 
0 0 0 0 0 0 0 0 0 0 0 0 0 0 0 0 0 0 0 0 0 0 0 0 0 0 0 0 0 0 0 0 0 0 0 0 0 0 0 0 0 0 0 0 0 0 0 0 0 0 0 0 0 0 0 0 0 0 0 0 0 0 0 0 0 0 0 0 0 0 0 0 0 0 0 0 0 0 0 0 0 0 0 0 0 0 0 0 0 0 0 0 0 0 0 0 0 0 0 0 0 0 0 0 0 0 0 0 0 0 0 0 0 0 0 0 0 0 0 0 0 0 0 0 0 0 0 0 0 0 0 0 0 0 0 
0 0.00363075 0.00382136 0.00386935 0.0129437 0.0117412 0.0107191 0.0407557 0.0188498 0.0158439 0.00882612 0.0408236 0.00928999 0.0173658 0.00862728 0.0161952 0.00921188 0.013603 0.0166687 0.0202603 0.010141 0.0113869 0.00939292 0.0115378 0.00891688 0.0112963 0.0140152 0.0105948 0.011188 0.00941674 0.0105345 0.00906769 0.00873124 0.00885349 0.0119235 0.00813974 0.00898788 0.0085758 0.00969677 0.00809789 0.00796768 0.0087369 0.00830013 0.00998208 0.00894791 0.00996728 0.00944506 0.0133745 0.00839367 0.00852543 0.00843889 0.00954859 0.00867145 0.0126401 0.00811981 0.00792162 0.00817843 0.00851778 0.0080756 0.00848101 0.00854862 0.00860061 0.008628 0.00812911 0.00835556 0.00807017 0.00889793 0.00813005 0.00888837 0.00794679 0.00812642 0.00850956 0.00814334 0.00963339 
0.00363075 0 0.00355076 0.00370664 0.00969287 0.0101459 0.0666587 0.0101701 0.0133863 0.00814256 0.0396245 0.00824655 0.0131426 0.00845827 0.0338674 0.00837052 0.01881 0.0103214 0.00975305 0.0103566 0.0218482 0.0104231 0.0180049 0.00919307 0.0136088 0.00918876 0.00976307 0.0104049 0.00907552 0.0189154 0.0100615 0.0101885 0.00891851 0.00858683 0.00848538 0.00806098 0.00800478 0.0080759 0.0082549 0.00788295 0.00842973 0.00816945 0.0117654 0.00869061 0.0129801 0.0103184 0.0112458 0.00874474 0.00820794 0.00840495 0.0106953 0.00893863 0.00975681 0.0083723 0.00795842 0.00815093 0.00819359 0.00812284 0.00914049 0.00809982 0.00828849 0.0080552 0.00802313 0.00963397 0.00808572 0.0081277 0.00801655 0.00865661 0.00811739 0.00832126 0.00824908 0.00804979 0.00843993 0.00821536 
0.00382136 0.00355076 0 0.00355507 0.0148108 0.109528 0.0128921 0.0269062 0.00715536 0.0284281 0.00781916 0.00910477 0.00796304 0.0455803 0.00814299 0.0260195 0.00915888 0.032508 0.00972848 0.0125114 0.0122172 0.0210788 0.00973036 0.0199409 0.00938789 0.0146754 0.00865674 0.00886963 0.0248862 0.00979856 0.0139482 0.00978888 0.00889865 0.00971815 0.00835606 0.00810389 0.0082548 0.0083695 0.00813345 0.00814424 0.00806788 0.00992713 0.0085461 0.01714 0.0104133 0.0158043 0.0120232 0.00890182 0.00839063 0.0108226 0.00856821 0.0120404 0.00916696 0.00878122 0.00811893 0.00812478 0.00845648 0.0092358 0.00822233 0.00977452 0.00805295 0.00830296 0.0101971 0.00827999 0.00884745 0.00818334 0.00814796 0.00802724 0.0100095 0.00819983 0.00832216 0.00901794 0.00829012 0.00829697 
0.00386935 0.00370664 0.00355507 0 0.113313 0.0121957 0.0160164 0.00667337 0.0152048 0.00739386 0.0101413 0.0088856 0.0290984 0.00819295 0.0126077 0.00829099 0.0122285 0.0096834 0.0344769 0.0179464 0.0113979 0.00917755 0.0148301 0.00910876 0.0106048 0.00852306 0.0131068 0.0254785 0.0095185 0.0103962 0.00972016 0.00939226 0.00895843 0.00852665 0.00938832 0.00929869 0.00845451 0.00945615 0.00935848 0.00895387 0.00909545 0.00820635 0.0101421 0.00854015 0.0101929 0.00967266 0.009098 0.00989252 0.012184 0.00871691 0.00942556 0.00841596 0.00884322 0.00889957 0.0090229 0.00845286 0.00823455 0.00808052 0.0086586 0.00812193 0.00983148 0.00999495 0.00815757 0.00911238 0.00805766 0.00809127 0.00815239 0.0119569 0.00804252 0.00836139 0.00814961 0.00807927 0.00852297 0.0084526 
0.0129437 0.00969287 0.0148108 0.113313 0 0.00427423 0.00359624 0.00361581 0.00365782 0.00407209 0.00407476 0.00988139 0.0102059 0.00836105 0.00907572 0.00979718 0.0117654 0.0128557 0.0989709 0.0363546 0.0218768 0.0116938 0.0144623 0.0117133 0.0113025 0.0107635 0.046814 0.02559 0.0139166 0.0133138 0.0139511 0.0126934 0.0100112 0.0109233 0.0162996 0.00870658 0.0097677 0.00941594 0.0126011 0.0087101 0.00855574 0.00919595 0.0112716 0.0117396 0.0146798 0.0132665 0.0264489 0.0178855 0.0106255 0.00951584 0.010371 0.0120196 0.0126084 0.0144229 0.00835718 0.00848901 0.00844731 0.0087094 0.0088406 0.00879891 0.0124246 0.00951807 0.00851612 0.00913789 0.00855413 0.00884768 0.00984419 0.00943782 0.00839245 0.0084581 0.00848759 0.00851342 0.00926346 0.0116745 
0.0117412 0.0101459 0.109528 0.0121957 0.00427423 0 0.00364667 0.00356261 0.00360432 0.0037248 0.00378848 0.00397871 0.00660424 0.0129948 0.00748511 0.0175007 0.00859273 0.120734 0.0282771 0.0373304 0.0264015 0.0469255 0.013213 0.0334945 0.00925743 0.0521683 0.0103751 0.011283 0.0691676 0.0185061 0.0344659 0.0165326 0.0137526 0.016172 0.00943726 0.00858998 0.00851031 0.00895084 0.00860602 0.00866305 0.00888535 0.0192903 0.0128408 0.0567326 0.0223771 0.08006 0.0219848 0.0121886 0.00966788 0.0215408 0.0126129 0.0393099 0.0132803 0.0124385 0.00858559 0.00892046 0.0104096 0.0121488 0.00897314 0.0164934 0.00846244 0.00934818 0.0142984 0.00979608 0.0125501 0.00885003 0.00885475 0.00849158 0.0126943 0.00937573 0.0105848 0.0117709 0.010299 0.00950874 
0.0107191 0.0666587 0.0128921 0.0160164 0.00359624 0.00364667 0 0.00355019 0.003567 0.00358884 0.00378645 0.00373125 0.0109273 0.00674802 0.0203371 0.00795463 0.105 0.0459598 0.0673214 0.0128091 0.0542291 0.0172268 0.10356 0.0122924 0.0935816 0.00937017 0.0148088 0.015463 0.0147009 0.113311 0.0369139 0.0481112 0.0264587 0.0111973 0.0103415 0.0086295 0.00843806 0.00846522 0.00842635 0.00850118 0.0124402 0.0106014 0.106503 0.0210785 0.232581 0.0552929 0.0502478 0.0105945 0.0100809 0.0115771 0.0717658 0.0225591 0.0407726 0.00958395 0.00827641 0.0117883 0.0118415 0.0120834 0.0405782 0.0087994 0.00952066 0.00928114 0.00938834 0.0395582 0.0097357 0.0101198 0.00835642 0.0110333 0.00886923 0.0160144 0.0125713 0.0114808 0.0145386 0.0098088 
0.0407557 0.0101701 0.0269062 0.00667337 0.00361581 0.00356261 0.00355019 0 0.00355805 0.00359387 0.00359049 0.00376456 0.00591283 0.0122269 0.00653304 0.121959 0.0252522 0.0847584 0.00944005 0.0189067 0.0135951 0.0884755 0.0127811 0.126922 0.00908156 0.0227818 0.00910529 0.0101885 0.0340324 0.0206876 0.0848781 0.0324081 0.01697 0.0122378 0.00880308 0.00833425 0.00837539 0.00851087 0.00828017 0.00846482 0.00852048 0.0431356 0.011627 0.25856 0.0284064 0.160025 0.0184589 0.0125743 0.00922345 0.0288194 0.013715 0.0927086 0.0122554 0.011261 0.00843338 0.00871237 0.0127614 0.0406314 0.00924297 0.0164934 0.00823141 0.00891977 0.0167945 0.0103484 0.0269073 0.00872537 0.00878958 0.00831705 0.0148579 0.00922967 0.0126664 0.0173553 0.00915298 0.0101609 
0.0188498 0.0133863 0.00715536 0.0152048 0.00365782 0.00360432 0.003567 0.00355805 0 0.00352843 0.0035744 0.00355688 0.0132636 0.00622288 0.0725975 0.0120145 0.071642 0.00745353 0.0102484 0.0096637 0.0255367 0.011218 0.0694794 0.0100832 0.023192 0.00868595 0.0118432 0.0126951 0.011016 0.0483998 0.0307042 0.0274005 0.0141026 0.00931925 0.00894958 0.00853827 0.00823844 0.00844371 0.00847745 0.00832781 0.0102396 0.00917346 0.0877053 0.0128552 0.1003 0.0223592 0.0259715 0.00912815 0.00943577 0.00953869 0.0414677 0.0134325 0.0196684 0.00877997 0.00824211 0.00904233 0.0116912 0.0102207 0.0211436 0.00850692 0.00868621 0.00873939 0.00858659 0.0230528 0.00904637 0.00884909 0.00825816 0.0103694 0.00845405 0.0126943 0.0103501 0.00904076 0.00943815 0.0087283 
0.0158439 0.00814256 0.0284281 0.00739386 0.00407209 0.0037248 0.00358884 0.00359387 0.00352843 0 0.00372127 0.00358885 0.00424332 0.0920219 0.0225172 0.0988576 0.00725695 0.0106238 0.00781501 0.014347 0.0115892 0.0828552 0.0113537 0.0366096 0.00893737 0.0155869 0.00942574 0.00972099 0.0261946 0.0228543 0.0323386 0.0165066 0.0126615 0.0104126 0.00878648 0.00827424 0.0084512 0.00844031 0.00824691 0.00846029 0.0083288 0.0482879 0.01068 0.0803264 0.0183053 0.0726226 0.0138909 0.0112256 0.00882209 0.0203103 0.0126312 0.0411711 0.00996941 0.0100929 0.00821927 0.00938125 0.0104523 0.0148207 0.00896189 0.0124271 0.00819292 0.00866066 0.0138273 0.00927529 0.0143824 0.00842975 0.00868141 0.00814379 0.0135851 0.00875378 0.0102258 0.011675 0.00872793 0.00928846 
0.00882612 0.0396245 0.00781916 0.0101413 0.00407476 0.00378848 0.00378645 0.00359049 0.0035744 0.00372127 0 0.00358003 0.0558248 0.0145428 0.0678368 0.00635554 0.00874588 0.00701339 0.00975747 0.00953621 0.0386885 0.0101106 0.0247634 0.00894587 0.0281401 0.00899181 0.0110439 0.0134687 0.0132923 0.0176194 0.0163236 0.0133757 0.00953004 0.0100209 0.00877122 0.00865509 0.00851122 0.00876216 0.00875268 0.00829366 0.018688 0.00878616 0.026901 0.0100375 0.0268469 0.0131468 0.0303776 0.00907176 0.0101266 0.0100563 0.0183175 0.00984391 0.0185593 0.00856154 0.00960151 0.00885825 0.00892377 0.00877621 0.0112371 0.00840599 0.00853958 0.00866871 0.0088694 0.0130081 0.0084708 0.00873978 0.00816509 0.00985495 0.00843842 0.0088262 0.00864296 0.00845551 0.0097823 0.00848973 
0.0408236 0.00824655 0.00910477 0.0088856 0.00988139 0.00397871 0.00373125 0.00376456 0.00355688 0.00358885 0.00358003 0 0.0301668 0.0258857 0.00473619 0.0057223 0.00601454 0.00791356 0.00897961 0.036374 0.00958551 0.0137097 0.00859987 0.0107783 0.00869177 0.0105205 0.0114856 0.0172078 0.0107371 0.00911522 0.0102471 0.00933934 0.00869627 0.00889744 0.00884519 0.00933462 0.00880385 0.0101595 0.00865208 0.015469 0.00846802 0.00982375 0.00866508 0.0102244 0.00921563 0.0104891 0.0101098 0.0138937 0.0120914 0.0108874 0.00879427 0.00914204 0.00869602 0.0111043 0.00996345 0.00825268 0.00839679 0.00856135 0.00827218 0.00905244 0.00834373 0.0103738 0.00915002 0.00819322 0.00836078 0.00817989 0.00847215 0.00936179 0.00842281 0.0080965 0.00837363 0.00853323 0.00832308 0.00858324 
0.00928999 0.0131426 0.00796304 0.0290984 0.0102059 0.00660424 0.0109273 0.00591283 0.0132636 0.00424332 0.0558248 0.0301668 0 0.00420331 0.00358889 0.0035551 0.00373377 0.00378754 0.00575102 0.00904107 0.00960065 0.00706063 0.0118975 0.00816029 0.0126878 0.0345355 0.457666 0.0255049 0.0100011 0.0112649 0.00965225 0.00925364 0.00882686 0.00874038 0.0122304 0.0088064 0.00917788 0.00940059 0.011235 0.00882889 0.00916444 0.00841377 0.0126134 0.00867201 0.0121028 0.00959154 0.0116088 0.0118679 0.0106723 0.00856724 0.00982861 0.00881631 0.0108625 0.00974585 0.00837189 0.00841952 0.00822246 0.00818059 0.00882894 0.0081311 0.0135768 0.0089555 0.00817868 0.00947822 0.00802518 0.00840344 0.00834274 0.0113981 0.0080185 0.0086459 0.00818002 0.0081529 0.0086509 0.00949509 
0.0173658 0.00845827 0.0455803 0.00819295 0.00836105 0.0129948 0.00674802 0.0122269 0.00622288 0.0920219 0.0145428 0.0258857 0.00420331 0 0.0035482 0.00359181 0.00355743 0.0038269 0.00367812 0.0106096 0.00755072 0.0173108 0.00783385 0.0267096 0.00952573 0.392199 0.0083511 0.00952882 0.0400491 0.0093343 0.0129053 0.00920128 0.00910795 0.0141114 0.00895094 0.008487 0.00892287 0.0104673 0.00876719 0.00871421 0.00841095 0.0193537 0.00870919 0.0468592 0.0114024 0.0341493 0.0122053 0.011338 0.00933903 0.0163901 0.00869252 0.0295728 0.0091141 0.0126554 0.00876522 0.00826311 0.00926233 0.0113636 0.00820497 0.0230127 0.00816196 0.00984178 0.0152119 0.00813734 0.0136016 0.00831835 0.00898772 0.00798451 0.0169965 0.00806833 0.00921033 0.0117644 0.00864057 0.00939565 
0.00862728 0.0338674 0.00814299 0.0126077 0.00907572 0.00748511 0.0203371 0.00653304 0.0725975 0.0225172 0.0678368 0.00473619 0.00358889 0.0035482 0 0.00356984 0.00359395 0.00356301 0.00362155 0.00698457 0.0160435 0.00697735 0.0367416 0.0114011 0.349976 0.00781912 0.0124556 0.0144511 0.0089367 0.0312477 0.0116645 0.0133525 0.0140047 0.00836569 0.00877477 0.00861047 0.00826233 0.00850927 0.0085986 0.00834302 0.0106283 0.00869457 0.0724661 0.0100689 0.0776621 0.0190336 0.0231011 0.00898757 0.00940813 0.00890627 0.0466777 0.0105613 0.0267811 0.00845139 0.00815644 0.0103536 0.00932614 0.00874913 0.0510462 0.00826523 0.009226 0.00906804 0.00830379 0.0462223 0.00837888 0.0096358 0.00805536 0.01248 0.00820651 0.0187508 0.00974169 0.00886088 0.0118332 0.00882903 
0.0161952 0.00837052 0.0260195 0.00829099 0.00979718 0.0175007 0.00795463 0.121959 0.0120145 0.0988576 0.00635554 0.0057223 0.0035551 0.00359181 0.00356984 0 0.00353898 0.00359125 0.00357362 0.0132151 0.00726757 0.0369627 0.0130998 0.734865 0.00776329 0.0100525 0.00722761 0.00866088 0.024758 0.0124185 0.0311146 0.0178758 0.00986382 0.0109975 0.00837445 0.00804277 0.00824235 0.00871206 0.00822823 0.00880163 0.00844686 0.044812 0.00970062 0.159503 0.0227044 0.100791 0.0133123 0.0121136 0.00902402 0.0293045 0.0101474 0.0861515 0.00960935 0.0106234 0.00881693 0.00861534 0.0116114 0.0428429 0.0085681 0.0181234 0.00822998 0.00903584 0.0283434 0.00934972 0.0340611 0.00843833 0.00887689 0.00813751 0.0210639 0.0087801 0.0120789 0.0208783 0.00865959 0.00967233 
0.00921188 0.01881 0.00915888 0.0122285 0.0117654 0.00859273 0.105 0.0252522 0.071642 0.00725695 0.00874588 0.00601454 0.00373377 0.00355743 0.00359395 0.00353898 0 0.00355292 0.00355807 0.0075067 0.0250957 0.00999311 0.79347 0.0071045 0.0132106 0.00671252 0.0101496 0.0117477 0.00904928 0.0476385 0.019563 0.0198955 0.0158231 0.00871801 0.00899583 0.00854772 0.00846991 0.00854582 0.00894509 0.0085093 0.0131549 0.0095699 0.0962951 0.0147351 0.137477 0.0400642 0.0316457 0.00991274 0.0112633 0.00965758 0.0775554 0.0149941 0.0269326 0.00894547 0.00827829 0.0102616 0.026903 0.0104147 0.0362736 0.00856851 0.00897562 0.00992324 0.00891406 0.0641316 0.00950438 0.00951376 0.00823612 0.0120976 0.00854277 0.0186219 0.013373 0.010034 0.0129805 0.00944769 
0.013603 0.0103214 0.032508 0.0096834 0.0128557 0.120734 0.0459598 0.0847584 0.00745353 0.0106238 0.00701339 0.00791356 0.00378754 0.0038269 0.00356301 0.00359125 0.00355292 0 0.00373543 0.0164068 0.0378889 0.650741 0.00834932 0.0158056 0.00636319 0.0122665 0.00842237 0.00943403 0.0283157 0.0131783 0.0344731 0.0146619 0.00975846 0.0177929 0.00910594 0.00886678 0.00919092 0.00934523 0.0091054 0.00914201 0.00936303 0.0201442 0.0112778 0.054157 0.0197573 0.0587119 0.0506401 0.0203911 0.00944239 0.0352839 0.011164 0.0338884 0.0166453 0.014242 0.00869804 0.0189559 0.0112153 0.0140535 0.00906814 0.0203467 0.00863223 0.00923307 0.0221259 0.00938183 0.0158075 0.00926008 0.00917308 0.00839449 0.014947 0.00915125 0.010461 0.0128542 0.0108038 0.0109053 
0.0166687 0.00975305 0.00972848 0.0344769 0.0989709 0.0282771 0.0673214 0.00944005 0.0102484 0.00781501 0.00975747 0.00897961 0.00575102 0.00367812 0.00362155 0.00357362 0.00355807 0.00373543 0 0.206505 0.328222 0.00929969 0.0138336 0.00656223 0.00901464 0.00699039 0.018546 0.0163237 0.00994046 0.0131751 0.0126561 0.0128881 0.009539 0.00991106 0.0129039 0.0117036 0.00955183 0.0102598 0.0101339 0.00980989 0.0090801 0.00975833 0.0167456 0.0109639 0.016634 0.0132097 0.0274945 0.027813 0.0186687 0.00973297 0.0126016 0.0103766 0.0145694 0.0150219 0.0177538 0.00857989 0.00969907 0.00902506 0.00947874 0.00898896 0.0129013 0.0128369 0.00861404 0.00928969 0.00859959 0.00906488 0.00974217 0.0111762 0.00856558 0.00860885 0.00865588 0.00880513 0.00959279 0.0107852 
0.0202603 0.0103566 0.0125114 0.0179464 0.0363546 0.0373304 0.0128091 0.0189067 0.0096637 0.014347 0.00953621 0.036374 0.00904107 0.0106096 0.00698457 0.0132151 0.0075067 0.0164068 0.206505 0 0.0035959 0.00358944 0.003587 0.00362069 0.0035816 0.00366301 0.00523765 0.011081 0.00976868 0.00862526 0.0103046 0.00863039 0.0100935 0.0397329 0.333217 0.00801787 0.0102573 0.010189 0.012627 0.0108578 0.00919257 0.0125253 0.0120296 0.0233298 0.0142512 0.0226325 0.0134432 0.0289372 0.0146707 0.0179108 0.0122156 0.0215461 0.0119062 0.0240524 0.0097853 0.00929415 0.00948287 0.0100507 0.00915476 0.0103814 0.0114854 0.0145361 0.01207 0.00924103 0.0101443 0.00876777 0.013159 0.00988328 0.0103869 0.00879604 0.00956447 0.00954728 0.00928449 0.0153417 
0.010141 0.0218482 0.0122172 0.0113979 0.0218768 0.0264015 0.0542291 0.0135951 0.0255367 0.0115892 0.0386885 0.00958551 0.00960065 0.00755072 0.0160435 0.00726757 0.0250957 0.0378889 0.328222 0.0035959 0 0.00358291 0.00358551 0.00360018 0.00362483 0.00359653 0.00372845 0.00707288 0.00898672 0.00987985 0.00996796 0.00920974 0.0342365 0.360899 0.0145008 0.00809331 0.00856635 0.00931158 0.00929737 0.00879522 0.0133857 0.0105811 0.0385401 0.0186723 0.0930031 0.0336847 0.0599463 0.0116553 0.0127631 0.0178158 0.0377185 0.0216453 0.0490927 0.0105889 0.00870734 0.0125298 0.0108776 0.0111472 0.0166232 0.00996301 0.0109901 0.0107465 0.0112588 0.0270217 0.00964194 0.0122155 0.00874255 0.0107615 0.0100256 0.0143895 0.0124236 0.010785 0.0193197 0.0100531 
0.0113869 0.0104231 0.0210788 0.00917755 0.0116938 0.0469255 0.0172268 0.0884755 0.011218 0.0828552 0.0101106 0.0137097 0.00706063 0.0173108 0.00697735 0.0369627 0.00999311 0.650741 0.00929969 0.00358944 0.00358291 0 0.00354212 0.00361192 0.00354974 0.00357233 0.00359037 0.00656664 0.00805844 0.00982727 0.0140289 0.0192321 0.41338 0.0218331 0.00742823 0.00730006 0.00798184 0.00817877 0.00824143 0.00867715 0.00905941 0.0310036 0.0169396 0.152061 0.0408288 0.195795 0.027118 0.0157189 0.00982896 0.0320213 0.0188643 0.121822 0.0170323 0.0137552 0.00894694 0.00929103 0.0163701 0.0253187 0.0130447 0.026433 0.00880772 0.0103629 0.0245125 0.0135662 0.0504914 0.00917763 0.0103173 0.00860791 0.0196692 0.0110174 0.0183866 0.040634 0.0106103 0.0141032 
0.00939292 0.0180049 0.00973036 0.0148301 0.0144623 0.013213 0.10356 0.0127811 0.0694794 0.0113537 0.0247634 0.00859987 0.0118975 0.00783385 0.0367416 0.0130998 0.79347 0.00834932 0.0138336 0.003587 0.00358551 0.00354212 0 0.00355955 0.00354593 0.00354306 0.00367594 0.0055985 0.00671009 0.0127802 0.025144 0.814753 0.0491271 0.00706446 0.00713696 0.0070869 0.00761072 0.00793483 0.00845242 0.00846744 0.0119835 0.0101365 0.0831687 0.0167349 0.178875 0.0426678 0.0536405 0.0103851 0.0108742 0.0117159 0.0961353 0.0240182 0.0678239 0.00959119 0.00854205 0.0126655 0.0121853 0.01415 0.0427755 0.00941812 0.0108657 0.00998518 0.00978154 0.0647669 0.0123338 0.0142145 0.00866957 0.0124813 0.00903832 0.0233511 0.0190965 0.0122417 0.0196873 0.00999014 
0.0115378 0.00919307 0.0199409 0.00910876 0.0117133 0.0334945 0.0122924 0.126922 0.0100832 0.0366096 0.00894587 0.0107783 0.00816029 0.0267096 0.0114011 0.734865 0.0071045 0.0158056 0.00656223 0.00362069 0.00360018 0.00361192 0.00355955 0 0.00354794 0.00355429 0.00358526 0.00414714 0.00984823 0.0117472 0.849997 0.0191515 0.00746091 0.00715851 0.00634629 0.00647207 0.00734833 0.00817302 0.00796943 0.00905205 0.00852253 0.0342315 0.0102226 0.143325 0.0183049 0.0961073 0.0161398 0.0153392 0.00939629 0.0334575 0.0123131 0.094957 0.0109564 0.0120573 0.00924331 0.00869628 0.0145697 0.025184 0.00933048 0.020757 0.00873864 0.00975491 0.0243238 0.00978006 0.0384645 0.0088205 0.00941254 0.00848299 0.0169639 0.00963736 0.013275 0.0245929 0.00907807 0.012233 
0.00891688 0.0136088 0.00938789 0.0106048 0.0113025 0.00925743 0.0935816 0.00908156 0.023192 0.00893737 0.0281401 0.00869177 0.0126878 0.00952573 0.349976 0.00776329 0.0132106 0.00636319 0.00901464 0.0035816 0.00362483 0.00354974 0.00354593 0.00354794 0 0.0035262 0.00355827 0.00409729 0.00478311 0.876443 0.0125736 0.00772905 0.00574105 0.0111474 0.00586031 0.00600296 0.00641178 0.00718382 0.00799504 0.00802505 0.0105815 0.00876494 0.0757777 0.0106438 0.0608819 0.02221 0.026954 0.00930261 0.0108205 0.0094249 0.0495543 0.0137232 0.0231269 0.00883764 0.00823754 0.0106422 0.0101673 0.0101 0.0230485 0.00885651 0.00898058 0.00914341 0.00885008 0.0419346 0.00895289 0.0102512 0.00824846 0.00992356 0.00858882 0.0143413 0.011915 0.00929819 0.0117654 0.00878707 
0.0112963 0.00918876 0.0146754 0.00852306 0.0107635 0.0521683 0.00937017 0.0227818 0.00868595 0.0155869 0.00899181 0.0105205 0.0345355 0.392199 0.00781912 0.0100525 0.00671252 0.0122665 0.00699039 0.00366301 0.00359653 0.00357233 0.00354306 0.00355429 0.0035262 0 0.00353912 0.00413116 0.921077 0.00630572 0.00663429 0.00563481 0.00569843 0.00580604 0.00621869 0.00603707 0.00684858 0.00774879 0.00793958 0.011114 0.00861408 0.0209934 0.00905958 0.0268438 0.0110737 0.0231645 0.0159369 0.0200635 0.00902526 0.0264037 0.00957864 0.019791 0.0101199 0.0104137 0.00913566 0.00858789 0.0110739 0.0112294 0.00865336 0.01335 0.00837651 0.00897235 0.022141 0.00853161 0.0114602 0.00851363 0.00874225 0.00844648 0.0138654 0.00870007 0.00889322 0.0107554 0.00900568 0.0121975 
0.0140152 0.00976307 0.00865674 0.0131068 0.046814 0.0103751 0.0148088 0.00910529 0.0118432 0.00942574 0.0110439 0.0114856 0.457666 0.0083511 0.0124556 0.00722761 0.0101496 0.00842237 0.018546 0.00523765 0.00372845 0.00359037 0.00367594 0.00358526 0.00355827 0.00353912 0 0.978214 0.0059604 0.00645206 0.00468508 0.00571478 0.00560158 0.0058711 0.00613549 0.00713415 0.00786533 0.00876913 0.00929201 0.0100092 0.0113063 0.00890035 0.0143659 0.00913995 0.0125295 0.0103493 0.0162753 0.0163541 0.0266495 0.00984574 0.0125924 0.00935766 0.0118378 0.0118927 0.0108075 0.00910897 0.00938329 0.0087601 0.0092351 0.00862103 0.0122899 0.0156962 0.00872308 0.00944526 0.00847861 0.00878935 0.00867281 0.0143849 0.00842445 0.00849022 0.0086494 0.0086486 0.00900009 0.0100656 
0.0105948 0.0104049 0.00886963 0.0254785 0.02559 0.011283 0.015463 0.0101885 0.0126951 0.00972099 0.0134687 0.0172078 0.0255049 0.00952882 0.0144511 0.00866088 0.0117477 0.00943403 0.0163237 0.011081 0.00707288 0.00656664 0.0055985 0.00414714 0.00409729 0.00413116 0.978214 0 0.0036465 0.00356284 0.00358036 0.0036213 0.00363107 0.00369136 0.0053828 0.0054325 0.00663927 0.00740563 0.0118955 0.0114213 0.00958866 0.00932973 0.0150358 0.00990498 0.0133047 0.0122574 0.0146724 0.0174511 0.0165278 0.0101062 0.0116761 0.0104032 0.0164704 0.0139049 0.0110545 0.00964694 0.00907222 0.00895807 0.0115165 0.0085964 0.0171438 0.0142096 0.00916123 0.010763 0.00862401 0.00905074 0.00959719 0.0168001 0.0084164 0.00919067 0.00877865 0.00866555 0.00990483 0.0112206 
0.011188 0.00907552 0.0248862 0.0095185 0.0139166 0.0691676 0.0147009 0.0340324 0.011016 0.0261946 0.0132923 0.0107371 0.0100011 0.0400491 0.0089367 0.024758 0.00904928 0.0283157 0.00994046 0.00976868 0.00898672 0.00805844 0.00671009 0.00984823 0.00478311 0.921077 0.0059604 0.0036465 0 0.00358485 0.00360829 0.00355658 0.0035864 0.00469813 0.0037529 0.00535003 0.00591215 0.00673493 0.00780424 0.00933722 0.00942959 0.0200187 0.0110218 0.039685 0.0214854 0.0365375 0.0204152 0.013059 0.0102657 0.0291755 0.0112731 0.044288 0.0144521 0.0124001 0.00943222 0.0099908 0.0100906 0.0153503 0.00908478 0.0264856 0.00921562 0.0111408 0.0213315 0.00967495 0.0152239 0.0097015 0.00914135 0.00862242 0.0191513 0.00870509 0.0115974 0.013104 0.010242 0.0109384 
0.00941674 0.0189154 0.00979856 0.0103962 0.0133138 0.0185061 0.113311 0.0206876 0.0483998 0.0228543 0.0176194 0.00911522 0.0112649 0.0093343 0.0312477 0.0124185 0.0476385 0.0131783 0.0131751 0.00862526 0.00987985 0.00982727 0.0127802 0.0117472 0.876443 0.00630572 0.00645206 0.00356284 0.00358485 0 0.00356973 0.00355291 0.00356431 0.00357147 0.00365383 0.00454587 0.0063405 0.0058895 0.0083976 0.00826164 0.0148399 0.0126264 0.046684 0.022096 0.0918302 0.0544304 0.0321366 0.0109436 0.0108581 0.0130092 0.0605908 0.0273935 0.0296705 0.00980555 0.00889236 0.0114764 0.0147779 0.0120169 0.0433529 0.00913885 0.00990805 0.0105104 0.0121652 0.0519709 0.0137389 0.0106287 0.00878549 0.0124656 0.00983621 0.0216172 0.0189265 0.0147348 0.0176288 0.0108536 
0.0105345 0.0100615 0.0139482 0.00972016 0.0139511 0.0344659 0.0369139 0.0848781 0.0307042 0.0323386 0.0163236 0.0102471 0.00965225 0.0129053 0.0116645 0.0311146 0.019563 0.0344731 0.0126561 0.0103046 0.00996796 0.0140289 0.025144 0.849997 0.0125736 0.00663429 0.00468508 0.00358036 0.00360829 0.00356973 0 0.00354346 0.0035493 0.00355593 0.00357318 0.00446531 0.00492689 0.00664769 0.00757567 0.00929343 0.00969894 0.0199937 0.0176156 0.0578698 0.0494316 0.0846086 0.0347831 0.0167738 0.0102535 0.0244083 0.0293932 0.0606143 0.0244573 0.0123636 0.00917527 0.0106999 0.0130805 0.0360554 0.0140432 0.0143254 0.00930686 0.0105989 0.0190483 0.019999 0.0262124 0.0102701 0.00980123 0.00974665 0.0152032 0.0131717 0.0208612 0.020125 0.0130611 0.0131535 
0.00906769 0.0101885 0.00978888 0.00939226 0.0126934 0.0165326 0.0481112 0.0324081 0.0274005 0.0165066 0.0133757 0.00933934 0.00925364 0.00920128 0.0133525 0.0178758 0.0198955 0.0146619 0.0128881 0.00863039 0.00920974 0.0192321 0.814753 0.0191515 0.00772905 0.00563481 0.00571478 0.0036213 0.00355658 0.00355291 0.00354346 0 0.00353533 0.00355426 0.00356509 0.00361433 0.00466922 0.00594947 0.045818 0.00811714 0.0139072 0.0104688 0.0287769 0.0209937 0.044845 0.0301947 0.0312251 0.0115445 0.011775 0.0118516 0.0253268 0.0273301 0.0201517 0.0101068 0.00879767 0.00930096 0.0188742 0.0124709 0.0159753 0.00983712 0.00918336 0.011622 0.0121489 0.0191185 0.0138212 0.00994895 0.0090604 0.00956016 0.00997753 0.0127746 0.0146564 0.0128324 0.0113125 0.0110177 
0.00873124 0.00891851 0.00889865 0.00895843 0.0100112 0.0137526 0.0264587 0.01697 0.0141026 0.0126615 0.00953004 0.00869627 0.00882686 0.00910795 0.0140047 0.00986382 0.0158231 0.00975846 0.009539 0.0100935 0.0342365 0.41338 0.0491271 0.00746091 0.00574105 0.00569843 0.00560158 0.00363107 0.0035864 0.00356431 0.0035493 0.00353533 0 0.00354461 0.0035385 0.00369016 0.004129 0.0219658 0.00751435 0.00742663 0.00830424 0.0104968 0.0132075 0.0128782 0.0170742 0.0212205 0.0135711 0.0101557 0.00952972 0.0098521 0.0190595 0.0143583 0.010982 0.00896408 0.0084331 0.0106117 0.0105218 0.0122926 0.0124294 0.00891285 0.00896132 0.00900847 0.00975305 0.0146776 0.00987413 0.00878398 0.00856183 0.00890667 0.00892837 0.0116485 0.0104339 0.0098734 0.00976828 0.00901641 
0.00885349 0.00858683 0.00971815 0.00852665 0.0109233 0.016172 0.0111973 0.0122378 0.00931925 0.0104126 0.0100209 0.00889744 0.00874038 0.0141114 0.00836569 0.0109975 0.00871801 0.0177929 0.00991106 0.0397329 0.360899 0.0218331 0.00706446 0.00715851 0.0111474 0.00580604 0.0058711 0.00369136 0.00469813 0.00357147 0.00355593 0.00355426 0.00354461 0 0.00365533 0.0043715 0.839778 0.0059852 0.0207489 0.00747806 0.017803 0.00936933 0.00954355 0.0123774 0.0107249 0.0127089 0.0177933 0.0111618 0.00954317 0.0131661 0.00944379 0.0119985 0.0108911 0.00948478 0.0120062 0.00870161 0.00932462 0.0097558 0.00860228 0.0109372 0.00834043 0.00932053 0.0120516 0.0086436 0.00910607 0.008847 0.00841057 0.00863747 0.0121786 0.00835486 0.00929242 0.00926243 0.00895616 0.00881446 
0.0119235 0.00848538 0.00835606 0.00938832 0.0162996 0.00943726 0.0103415 0.00880308 0.00894958 0.00878648 0.00877122 0.00884519 0.0122304 0.00895094 0.00877477 0.00837445 0.00899583 0.00910594 0.0129039 0.333217 0.0145008 0.00742823 0.00713696 0.00634629 0.00586031 0.00621869 0.00613549 0.0053828 0.0037529 0.00365383 0.00357318 0.00356509 0.0035385 0.00365533 0 0.958201 0.00728652 0.00695595 0.00699646 0.0124858 0.00772697 0.00820829 0.00897665 0.00866905 0.00935569 0.00983971 0.00986629 0.0132953 0.0146087 0.00985878 0.00943659 0.00880533 0.00967537 0.0103425 0.0110639 0.00859921 0.00857494 0.00859291 0.00862135 0.00847665 0.00945901 0.014305 0.00910899 0.00868119 0.00848427 0.00834104 0.00859442 0.0132608 0.0083671 0.00831776 0.00841598 0.00859742 0.008419 0.00899611 
0.00813974 0.00806098 0.00810389 0.00929869 0.00870658 0.00858998 0.0086295 0.00833425 0.00853827 0.00827424 0.00865509 0.00933462 0.0088064 0.008487 0.00861047 0.00804277 0.00854772 0.00886678 0.0117036 0.00801787 0.00809331 0.00730006 0.0070869 0.00647207 0.00600296 0.00603707 0.00713415 0.0054325 0.00535003 0.00454587 0.00446531 0.00361433 0.00369016 0.0043715 0.958201 0 0.00704966 0.00596073 0.16885 0.00772941 0.00943904 0.00695376 0.0081782 0.00746635 0.00879784 0.00814161 0.0097479 0.0105407 0.008253 0.00834908 0.00835226 0.0083106 0.0095484 0.0102358 0.00846679 0.0084556 0.00823275 0.00827447 0.00850491 0.00825349 0.00936004 0.00847139 0.00837325 0.00841264 0.00812558 0.00839872 0.00835285 0.00909177 0.008106 0.00801973 0.00804596 0.00808183 0.00838997 0.00914903 
0.00898788 0.00800478 0.0082548 0.00845451 0.0097677 0.00851031 0.00843806 0.00837539 0.00823844 0.0084512 0.00851122 0.00880385 0.00917788 0.00892287 0.00826233 0.00824235 0.00846991 0.00919092 0.00955183 0.0102573 0.00856635 0.00798184 0.00761072 0.00734833 0.00641178 0.00684858 0.00786533 0.00663927 0.00591215 0.0063405 0.00492689 0.00466922 0.004129 0.839778 0.00728652 0.00704966 0 0.211518 0.00509605 0.00691441 0.0075831 0.00830296 0.00824462 0.00816768 0.00819296 0.00843854 0.00927885 0.010368 0.00926591 0.00853837 0.00831438 0.0083609 0.0090172 0.00951482 0.00903209 0.0081598 0.00830733 0.00848594 0.00822516 0.00882708 0.00863783 0.00947776 0.00846849 0.00824114 0.00809687 0.00823409 0.00828159 0.00874145 0.00832891 0.00791863 0.00804533 0.00818765 0.00822874 0.00844646 
0.0085758 0.0080759 0.0083695 0.00945615 0.00941594 0.00895084 0.00846522 0.00851087 0.00844371 0.00844031 0.00876216 0.0101595 0.00940059 0.0104673 0.00850927 0.00871206 0.00854582 0.00934523 0.0102598 0.010189 0.00931158 0.00817877 0.00793483 0.00817302 0.00718382 0.00774879 0.00876913 0.00740563 0.00673493 0.0058895 0.00664769 0.00594947 0.0219658 0.0059852 0.00695595 0.00596073 0.211518 0 0.00707982 0.0062895 0.0211185 0.00831627 0.00752319 0.00728464 0.0077029 0.00829397 0.00964096 0.0126346 0.00877068 0.0092185 0.00836575 0.00867936 0.009964 0.0116851 0.00906217 0.0087545 0.00848199 0.00843459 0.00857763 0.00875502 0.0105508 0.00957446 0.00924165 0.00847612 0.00828483 0.00860273 0.00902927 0.00934433 0.00881164 0.00820003 0.00824749 0.00834221 0.00873733 0.0103632 
0.00969677 0.0082549 0.00813345 0.00935848 0.0126011 0.00860602 0.00842635 0.00828017 0.00847745 0.00824691 0.00875268 0.00865208 0.011235 0.00876719 0.0085986 0.00822823 0.00894509 0.0091054 0.0101339 0.012627 0.00929737 0.00824143 0.00845242 0.00796943 0.00799504 0.00793958 0.00929201 0.0118955 0.00780424 0.0083976 0.00757567 0.045818 0.00751435 0.0207489 0.00699646 0.16885 0.00509605 0.00707982 0 0.0591736 0.0112551 0.00605031 0.00651107 0.00672338 0.00824627 0.00796369 0.0103812 0.00961471 0.0106073 0.00868255 0.00855612 0.00833815 0.00987 0.00960052 0.010696 0.00866879 0.0084884 0.00837689 0.00840224 0.00858856 0.0099606 0.0115029 0.00897561 0.00854429 0.00819846 0.00870107 0.00857203 0.0122623 0.0083164 0.00814409 0.00817839 0.00840281 0.00883644 0.00873289 
0.00809789 0.00788295 0.00814424 0.00895387 0.0087101 0.00866305 0.00850118 0.00846482 0.00832781 0.00846029 0.00829366 0.015469 0.00882889 0.00871421 0.00834302 0.00880163 0.0085093 0.00914201 0.00980989 0.0108578 0.00879522 0.00867715 0.00846744 0.00905205 0.00802505 0.011114 0.0100092 0.0114213 0.00933722 0.00826164 0.00929343 0.00811714 0.00742663 0.00747806 0.0124858 0.00772941 0.00691441 0.0062895 0.0591736 0 0.00499659 0.00355933 0.00358228 0.00368947 0.0037562 0.00381484 0.00421847 0.00564099 0.00564144 0.00576878 0.00634934 0.00675608 0.00768147 0.0154646 0.00706599 0.00748362 0.00815163 0.00909239 0.00866553 0.00832926 0.0121029 0.0107692 0.00868784 0.00857055 0.00870159 0.00835545 0.0104718 0.009342 0.00855356 0.00818618 0.00865894 0.00859085 0.0085816 0.0128249 
0.00796768 0.00842973 0.00806788 0.00909545 0.00855574 0.00888535 0.0124402 0.00852048 0.0102396 0.0083288 0.018688 0.00846802 0.00916444 0.00841095 0.0106283 0.00844686 0.0131549 0.00936303 0.0090801 0.00919257 0.0133857 0.00905941 0.0119835 0.00852253 0.0105815 0.00861408 0.0113063 0.00958866 0.00942959 0.0148399 0.00969894 0.0139072 0.00830424 0.017803 0.00772697 0.00943904 0.0075831 0.0211185 0.0112551 0.00499659 0 0.00353321 0.00356514 0.00354788 0.00357963 0.00382742 0.00405754 0.00385601 0.00550414 0.00581963 0.00715286 0.00668106 0.0176992 0.00746482 0.00711961 0.00878558 0.0121883 0.0103405 0.00929336 0.0082396 0.00982307 0.00957951 0.00873695 0.0125588 0.00838074 0.010292 0.00832471 0.0101767 0.00851929 0.00938483 0.00884154 0.00876857 0.0120044 0.00865254 
0.0087369 0.00816945 0.00992713 0.00820635 0.00919595 0.0192903 0.0106014 0.0431356 0.00917346 0.0482879 0.00878616 0.00982375 0.00841377 0.0193537 0.00869457 0.044812 0.0095699 0.0201442 0.00975833 0.0125253 0.0105811 0.0310036 0.0101365 0.0342315 0.00876494 0.0209934 0.00890035 0.00932973 0.0200187 0.0126264 0.0199937 0.0104688 0.0104968 0.00936933 0.00820829 0.00695376 0.00830296 0.00831627 0.00605031 0.00355933 0.00353321 0 0.00354458 0.00356656 0.0036264 0.00367045 0.00358502 0.00372887 0.00554059 0.00712019 0.00658757 0.010294 0.00708395 0.012406 0.00914273 0.00853105 0.0118237 0.00952045 0.00797516 0.0113003 0.00822166 0.0100751 0.0213999 0.00881606 0.0263142 0.00858975 0.0100881 0.00861913 0.0186249 0.00886117 0.0116974 0.0212217 0.00892245 0.0149859 
0.00830013 0.0117654 0.0085461 0.0101421 0.0112716 0.0128408 0.106503 0.011627 0.0877053 0.01068 0.026901 0.00866508 0.0126134 0.00870919 0.0724661 0.00970062 0.0962951 0.0112778 0.0167456 0.0120296 0.0385401 0.0169396 0.0831687 0.0102226 0.0757777 0.00905958 0.0143659 0.0150358 0.0110218 0.046684 0.0176156 0.0287769 0.0132075 0.00954355 0.00897665 0.0081782 0.00824462 0.00752319 0.00651107 0.00358228 0.00356514 0.00354458 0 0.00354827 0.00357759 0.00362542 0.00360209 0.00367014 0.00556796 0.00670307 0.0161587 0.00825164 0.0203408 0.0255786 0.00867153 0.0145762 0.00901436 0.0093009 0.0272787 0.00817356 0.0126162 0.0147399 0.00931149 0.0892531 0.00937201 0.0146756 0.0093354 0.0206622 0.00911536 0.0314367 0.0186954 0.0109672 0.0324362 0.0131309 
0.00998208 0.00869061 0.01714 0.00854015 0.0117396 0.0567326 0.0210785 0.25856 0.0128552 0.0803264 0.0100375 0.0102244 0.00867201 0.0468592 0.0100689 0.159503 0.0147351 0.054157 0.0109639 0.0233298 0.0186723 0.152061 0.0167349 0.143325 0.0106438 0.0268438 0.00913995 0.00990498 0.039685 0.022096 0.0578698 0.0209937 0.0128782 0.0123774 0.00866905 0.00746635 0.00816768 0.00728464 0.00672338 0.00368947 0.00354788 0.00356656 0.00354827 0 0.00355826 0.00361528 0.00357621 0.00363019 0.0042556 0.0102585 0.00761714 0.0340832 0.0347009 0.624574 0.00830622 0.00795454 0.0111971 0.0182886 0.00826546 0.0216205 0.00856839 0.0116826 0.0598571 0.0106002 0.0745528 0.00951895 0.0118514 0.00929472 0.0425471 0.0111327 0.0257392 0.0689489 0.0113009 0.0226425 
0.00894791 0.0129801 0.0104133 0.0101929 0.0146798 0.0223771 0.232581 0.0284064 0.1003 0.0183053 0.0268469 0.00921563 0.0121028 0.0114024 0.0776621 0.0227044 0.137477 0.0197573 0.016634 0.0142512 0.0930031 0.0408288 0.178875 0.0183049 0.0608819 0.0110737 0.0125295 0.0133047 0.0214854 0.0918302 0.0494316 0.044845 0.0170742 0.0107249 0.00935569 0.00879784 0.00819296 0.0077029 0.00824627 0.0037562 0.00357963 0.0036264 0.00357759 0.00355826 0 0.00358113 0.00360641 0.00359915 0.00486774 0.00560468 0.0325071 0.0274521 0.803288 0.00911827 0.00787746 0.0101196 0.0116024 0.00935757 0.0279664 0.00889097 0.0116162 0.0163278 0.0143656 0.147093 0.0165398 0.0187319 0.00943674 0.0173842 0.0131762 0.0563977 0.0422559 0.0178604 0.0349587 0.0156901 
0.00996728 0.0103184 0.0158043 0.00967266 0.0132665 0.08006 0.0552929 0.160025 0.0223592 0.0726226 0.0131468 0.0104891 0.00959154 0.0341493 0.0190336 0.100791 0.0400642 0.0587119 0.0132097 0.0226325 0.0336847 0.195795 0.0426678 0.0961073 0.02221 0.0231645 0.0103493 0.0122574 0.0365375 0.0544304 0.0846086 0.0301947 0.0212205 0.0127089 0.00983971 0.00814161 0.00843854 0.00829397 0.00796369 0.00381484 0.00382742 0.00367045 0.00362542 0.00361528 0.00358113 0 0.00356203 0.0036205 0.00401084 0.0221286 0.0279432 0.870768 0.0120593 0.00928326 0.00774285 0.00944766 0.0125866 0.0178814 0.0108478 0.0184938 0.0105248 0.0137103 0.0418566 0.0248889 0.0896281 0.0109314 0.0141483 0.0124774 0.0493319 0.0218585 0.0311499 0.051419 0.0168931 0.0309291 
0.00944506 0.0112458 0.0120232 0.009098 0.0264489 0.0219848 0.0502478 0.0184589 0.0259715 0.0138909 0.0303776 0.0101098 0.0116088 0.0122053 0.0231011 0.0133123 0.0316457 0.0506401 0.0274945 0.0134432 0.0599463 0.027118 0.0536405 0.0161398 0.026954 0.0159369 0.0162753 0.0146724 0.0204152 0.0321366 0.0347831 0.0312251 0.0135711 0.0177933 0.00986629 0.0097479 0.00927885 0.00964096 0.0103812 0.00421847 0.00405754 0.00358502 0.00360209 0.00357621 0.00360641 0.00356203 0 0.00358983 0.0132245 0.0209975 0.81456 0.0125766 0.0106663 0.00849283 0.00828855 0.0103491 0.0102833 0.0086081 0.0156545 0.0128787 0.0116352 0.0165243 0.0247938 0.0309908 0.0114136 0.027718 0.0124362 0.0221501 0.0198852 0.0144481 0.0181734 0.0116561 0.0430108 0.0205236 
0.0133745 0.00874474 0.00890182 0.00989252 0.0178855 0.0121886 0.0105945 0.0125743 0.00912815 0.0112256 0.00907176 0.0138937 0.0118679 0.011338 0.00898757 0.0121136 0.00991274 0.0203911 0.027813 0.0289372 0.0116553 0.0157189 0.0103851 0.0153392 0.00930261 0.0200635 0.0163541 0.0174511 0.013059 0.0109436 0.0167738 0.0115445 0.0101557 0.0111618 0.0132953 0.0105407 0.010368 0.0126346 0.00961471 0.00564099 0.00385601 0.00372887 0.00367014 0.00363019 0.00359915 0.0036205 0.00358983 0 0.0703902 0.745473 0.00482867 0.00509814 0.00680811 0.010268 0.0107497 0.00781547 0.00724437 0.00802095 0.00762744 0.0119884 0.0195667 0.0544504 0.0150643 0.00936583 0.0118149 0.010097 0.0247915 0.0162605 0.0130926 0.00956558 0.00999441 0.012412 0.0100635 0.032943 
0.00839367 0.00820794 0.00839063 0.012184 0.0106255 0.00966788 0.0100809 0.00922345 0.00943577 0.00882209 0.0101266 0.0120914 0.0106723 0.00933903 0.00940813 0.00902402 0.0112633 0.00944239 0.0186687 0.0146707 0.0127631 0.00982896 0.0108742 0.00939629 0.0108205 0.00902526 0.0266495 0.0165278 0.0102657 0.0108581 0.0102535 0.011775 0.00952972 0.00954317 0.0146087 0.008253 0.00926591 0.00877068 0.0106073 0.00564144 0.00550414 0.00554059 0.00556796 0.0042556 0.00486774 0.00401084 0.0132245 0.0703902 0 0.00366343 0.0035568 0.00358273 0.0037008 0.0042647 0.00458639 0.00499148 0.0055199 0.016046 0.00847343 0.0547063 0.767754 0.01272 0.00917236 0.0105003 0.00857692 0.0109813 0.0131017 0.0173716 0.00887568 0.00992911 0.00951673 0.00955657 0.0118329 0.02342 
0.00852543 0.00840495 0.0108226 0.00871691 0.00951584 0.0215408 0.0115771 0.0288194 0.00953869 0.0203103 0.0100563 0.0108874 0.00856724 0.0163901 0.00890627 0.0293045 0.00965758 0.0352839 0.00973297 0.0179108 0.0178158 0.0320213 0.0117159 0.0334575 0.0094249 0.0264037 0.00984574 0.0101062 0.0291755 0.0130092 0.0244083 0.0118516 0.0098521 0.0131661 0.00985878 0.00834908 0.00853837 0.0092185 0.00868255 0.00576878 0.00581963 0.00712019 0.00670307 0.0102585 0.00560468 0.0221286 0.0209975 0.745473 0.00366343 0 0.00355848 0.00354635 0.00364869 0.00393565 0.00428459 0.00633401 0.00725706 0.00834947 0.0558873 0.827368 0.00751566 0.0108537 0.0235817 0.0091187 0.0225033 0.0107671 0.0117242 0.00916038 0.0266566 0.00927148 0.0129715 0.017407 0.0142285 0.0223584 
0.00843889 0.0106953 0.00856821 0.00942556 0.010371 0.0126129 0.0717658 0.013715 0.0414677 0.0126312 0.0183175 0.00879427 0.00982861 0.00869252 0.0466777 0.0101474 0.0775554 0.011164 0.0126016 0.0122156 0.0377185 0.0188643 0.0961353 0.0123131 0.0495543 0.00957864 0.0125924 0.0116761 0.0112731 0.0605908 0.0293932 0.0253268 0.0190595 0.00944379 0.00943659 0.00835226 0.00831438 0.00836575 0.00855612 0.00634934 0.00715286 0.00658757 0.0161587 0.00761714 0.0325071 0.0279432 0.81456 0.00482867 0.0035568 0.00355848 0 0.00355004 0.00359407 0.00361291 0.00435587 0.00537067 0.00757462 0.0854679 0.870361 0.00612704 0.0068702 0.0117317 0.00944206 0.0626775 0.00993004 0.0165516 0.0088075 0.0165739 0.00871456 0.0258489 0.0195402 0.0123849 0.0263402 0.0142176 
