1C5EA
SDPAHTATAPGGLSAKAPAMTPLMLDTSSRKLVAWDGTTDGAAVGILAVAADQTSTTLTFYKSGTFRYEDVLWPEAASDETKKRTAFAGTAISIV
CCCCCEEEEEECCCCCECCCCEEEECCCCCCEEECCCCCCCCEEEEECCCECCCCCEEEEECEEEECCCCCCCCCCCCCHHHHHCCCCCCEEEEC
0 0 0 0 0 0 0 0 0 0 0 0 0 0 0 0 0 0 0 0 0 0 0 0 0 0 0 0 0 0 0 0 0 0 0 0 0 0 0 0 0 0 0 0 0 0 0 0 0 0 0 0 0 0 0 0 0 0 0 0 0 0 0 0 0 0 0 0 0 0 0 0 0 0 0 0 0 0 0 0 0 0 0 0 0 0 0 0 0 0 0 0 0 0 0 
0 0 0 0 0 0 0 0 0 0 0 0 0 0 0 0 0 0 0 0 0 0 0 0 0 0 0 0 0 0 0 0 0 0 0 0 0 0 0 0 0 0 0 0 0 0 0 0 0 0 0 0 0 0 0 0 0 0 0 0 0 0 0 0 0 0 0 0 0 0 0 0 0 0 0 0 0 0 0 0 0 0 0 0 0 0 0 0 0 0 0 0 0 0 0 
0 0.00362486 0.00374501 0.00360575 0.00374435 0.00423618 0.00994426 0.00929701 0.00946443 0.0184333 0.0180086 0.0232446 0.00938955 0.0335826 0.0184464 0.0105126 0.012642 0.0111341 0.0271711 0.0130691 0.0342994 0.00847227 0.0174236 0.00841849 0.0935972 0.0121061 0.0084073 0.0131567 0.00972412 0.0110522 0.00850431 0.0109062 0.0105128 
0.00362486 0 0.00363267 0.00407818 0.00364746 0.00362174 0.00665219 0.00795285 0.0203264 0.0112517 0.0335935 0.0153715 0.0289798 0.00931467 0.0113711 0.0321557 0.0138543 0.0337667 0.0107448 0.0124415 0.0086929 0.0533074 0.00844237 0.174866 0.00862259 0.00845224 0.0376158 0.00839586 0.0219537 0.00876583 0.0180457 0.00903249 0.0141569 
0.00374501 0.00363267 0 0.00364505 0.00359214 0.00356664 0.00488706 0.0115596 0.00817441 0.0396816 0.0124613 0.0129483 0.00921985 0.012966 0.0118698 0.0126251 0.0498978 0.0115111 0.011245 0.00855641 0.0188639 0.00860132 0.206581 0.00849687 0.0123072 0.0143433 0.00851599 0.0316684 0.00831203 0.0097477 0.00925007 0.0197406 0.00889334 
0.00360575 0.00407818 0.00364505 0 0.0035419 0.00354531 0.0046758 0.00877471 0.0126318 0.0146425 0.0218631 0.0101208 0.0116265 0.00983141 0.00949164 0.0248739 0.0217995 0.0196115 0.009672 0.00859473 0.00844307 0.0780298 0.00873731 0.0128014 0.0088892 0.0086798 0.0201274 0.00850116 0.00934409 0.00858561 0.0147887 0.00912699 0.0154509 
0.00374435 0.00364746 0.00359214 0.0035419 0 0.00353647 0.00645078 0.008077 0.0157222 0.0213577 0.00715612 0.010083 0.0126308 0.0112947 0.0151643 0.0109425 0.0155141 0.0195493 0.0124246 0.0087293 0.0640532 0.00879321 0.0118874 0.00944815 0.00931644 0.0108202 0.00863371 0.0122828 0.00835009 0.00939088 0.00918566 0.0129223 0.00883076 
0.00423618 0.00362174 0.00356664 0.00354531 0.00353647 0 0.0481259 0.0122031 0.0210807 0.0128829 0.0248285 0.0136314 0.0106732 0.0167975 0.0147028 0.0126441 0.0109195 0.0178691 0.037719 0.0179632 0.0112367 0.0121003 0.00854915 0.0104923 0.0102518 0.00983682 0.0106459 0.00845549 0.0135023 0.0113888 0.0103861 0.00950259 0.0167942 
0.00994426 0.00665219 0.00488706 0.0046758 0.00645078 0.0481259 0 0.0296778 0.00704934 0.00459481 0.00771843 0.0124595 0.0120434 0.0100918 0.0170724 0.0112169 0.00907831 0.00965545 0.016278 0.234755 0.0156846 0.0158198 0.00866366 0.0103461 0.0102347 0.010208 0.0105253 0.00858666 0.0173002 0.0124531 0.0093731 0.0086409 0.0125624 
0.00929701 0.00795285 0.0115596 0.00877471 0.008077 0.0122031 0.0296778 0 0.00364668 0.00359553 0.00374562 0.0100238 0.00663698 0.0168998 0.0768074 0.0140486 0.0132092 0.0135235 0.0197204 0.0122225 0.0196134 0.0101611 0.0103444 0.0105078 0.0119286 0.0110245 0.010038 0.00994129 0.0108889 0.0151343 0.00989788 0.011477 0.0153739 
0.00946443 0.0203264 0.00817441 0.0126318 0.0157222 0.0210807 0.00704934 0.00364668 0 0.00362655 0.00357289 0.00689723 0.0156783 0.710457 0.0130514 0.062078 0.0525877 0.037504 0.0223636 0.0118403 0.00964776 0.0540262 0.00975038 0.0249866 0.0105817 0.00941621 0.0322176 0.0107716 0.0129921 0.01054 0.041479 0.0190798 0.0216274 
0.0184333 0.0112517 0.0396816 0.0146425 0.0213577 0.0128829 0.00459481 0.00359553 0.00362655 0 0.00356866 0.0201422 0.881004 0.0148184 0.0287406 0.0230664 0.0573514 0.0554872 0.0293723 0.0106129 0.0200111 0.00969967 0.0232629 0.0114092 0.0130549 0.0127743 0.0100384 0.0238237 0.00885016 0.0130928 0.0176483 0.040507 0.0122207 
0.0180086 0.0335935 0.0124613 0.0218631 0.00715612 0.0248285 0.00771843 0.00374562 0.00357289 0.00356866 0 0.962799 0.00758225 0.00896044 0.0176126 0.0174034 0.0120016 0.0311712 0.0297959 0.0254997 0.0138283 0.0208436 0.0085628 0.0139129 0.0115228 0.0105717 0.014092 0.00862531 0.0217503 0.0153906 0.0136218 0.010328 0.0253483 
0.0232446 0.0153715 0.0129483 0.0101208 0.010083 0.0136314 0.0124595 0.0100238 0.00689723 0.0201422 0.962799 0 0.00364785 0.00419224 0.0273269 0.0166094 0.0278116 0.0392274 0.0342298 0.0177902 0.0352023 0.0173719 0.0122012 0.0131805 0.0180731 0.0149832 0.0130685 0.0109759 0.024989 0.0215294 0.0167136 0.0134219 0.0332093 
0.00938955 0.0289798 0.00921985 0.0116265 0.0126308 0.0106732 0.0120434 0.00663698 0.0156783 0.881004 0.00758225 0.00364785 0 0.00369157 0.0139608 0.0354632 0.0258943 0.047615 0.0183239 0.0143305 0.0110525 0.0388174 0.00929792 0.0227554 0.00895667 0.00883572 0.0226828 0.0115315 0.0104934 0.010723 0.0215746 0.0237191 0.012955 
0.0335826 0.00931467 0.012966 0.00983141 0.0112947 0.0167975 0.0100918 0.0168998 0.710457 0.0148184 0.00896044 0.00419224 0.00369157 0 0.0553603 0.0262532 0.01909 0.0165317 0.039054 0.0122419 0.0253202 0.00969019 0.0170016 0.0100956 0.0148577 0.0187154 0.00950345 0.0141874 0.0116908 0.0205813 0.0113781 0.0153537 0.014842 
0.0184464 0.0113711 0.0118698 0.00949164 0.0151643 0.0147028 0.0170724 0.0768074 0.0130514 0.0287406 0.0176126 0.0273269 0.0139608 0.0553603 0 0.0037655 0.0036257 0.00382854 0.00494425 0.00939803 0.0217114 0.0100572 0.0139926 0.012772 0.0318312 0.0118798 0.00958954 0.0138927 0.0220896 0.0212822 0.0126004 0.017619 0.029905 
0.0105126 0.0321557 0.0126251 0.0248739 0.0109425 0.0126441 0.0112169 0.0140486 0.062078 0.0230664 0.0174034 0.0166094 0.0354632 0.0262532 0.0037655 0 0.00367968 0.00365062 0.00373483 0.00523838 0.00855706 0.0290627 0.00930315 0.0447783 0.0128267 0.00936892 0.0240448 0.0116469 0.0119365 0.0190777 0.0498971 0.0272333 0.0290898 
0.012642 0.0138543 0.0498978 0.0217995 0.0155141 0.0109195 0.00907831 0.0132092 0.0525877 0.0573514 0.0120016 0.0278116 0.0258943 0.01909 0.0036257 0.00367968 0 0.00359067 0.00361047 0.00440313 0.0140899 0.0167163 0.0378309 0.0116098 0.0134732 0.0113247 0.0156966 0.022499 0.0101264 0.0183222 0.051996 0.0563233 0.0296409 
0.0111341 0.0337667 0.0115111 0.0196115 0.0195493 0.0178691 0.00965545 0.0135235 0.037504 0.0554872 0.0311712 0.0392274 0.047615 0.0165317 0.00382854 0.00365062 0.00359067 0 0.00382935 0.00807019 0.014252 0.0443459 0.0134515 0.0297753 0.0140185 0.0109869 0.0377131 0.0167197 0.0129038 0.0175181 0.0629848 0.0499152 0.0485517 
0.0271711 0.0107448 0.011245 0.009672 0.0124246 0.037719 0.016278 0.0197204 0.0223636 0.0293723 0.0297959 0.0342298 0.0183239 0.039054 0.00494425 0.00373483 0.00361047 0.00382935 0 0.0214029 0.0543711 0.0128616 0.0175686 0.0248557 0.0150208 0.0148193 0.0108507 0.0145328 0.0207908 0.0401367 0.0142742 0.026971 0.0419267 
0.0130691 0.0124415 0.00855641 0.00859473 0.0087293 0.0179632 0.234755 0.0122225 0.0118403 0.0106129 0.0254997 0.0177902 0.0143305 0.0122419 0.00939803 0.00523838 0.00440313 0.00807019 0.0214029 0 0.0213991 0.0123683 0.00535305 0.00893262 0.00700334 0.00644399 0.00913714 0.0071875 0.0252044 0.0169532 0.0116078 0.00996477 0.0316608 
0.0342994 0.0086929 0.0188639 0.00844307 0.0640532 0.0112367 0.0156846 0.0196134 0.00964776 0.0200111 0.0138283 0.0352023 0.0110525 0.0253202 0.0217114 0.00855706 0.0140899 0.014252 0.0543711 0.0213991 0 0.00405528 0.0038477 0.0036566 0.00468355 0.00440778 0.00399917 0.00951819 0.00789286 0.0578235 0.0107557 0.0307871 0.0180825 
0.00847227 0.0533074 0.00860132 0.0780298 0.00879321 0.0121003 0.0158198 0.0101611 0.0540262 0.00969967 0.0208436 0.0173719 0.0388174 0.00969019 0.0100572 0.0290627 0.0167163 0.0443459 0.0128616 0.0123683 0.00405528 0 0.00357516 0.00399867 0.00357501 0.00362622 0.00907616 0.00482691 0.0288769 0.0131172 0.0974428 0.0117545 0.049733 
0.0174236 0.00844237 0.206581 0.00873731 0.0118874 0.00854915 0.00866366 0.0103444 0.00975038 0.0232629 0.0085628 0.0122012 0.00929792 0.0170016 0.0139926 0.00930315 0.0378309 0.0134515 0.0175686 0.00535305 0.0038477 0.00357516 0 0.00355431 0.00492887 0.00398784 0.00398018 0.0121805 0.00408427 0.0194123 0.0105263 0.0672071 0.0092829 
0.00841849 0.174866 0.00849687 0.0128014 0.00944815 0.0104923 0.0103461 0.0105078 0.0249866 0.0114092 0.0139129 0.0131805 0.0227554 0.0100956 0.012772 0.0447783 0.0116098 0.0297753 0.0248557 0.00893262 0.0036566 0.00399867 0.00355431 0 0.00358031 0.00362342 0.0247216 0.00363945 0.00809171 0.0127555 0.04776 0.0115859 0.0320943 
0.0935972 0.00862259 0.0123072 0.0088892 0.00931644 0.0102518 0.0102347 0.0119286 0.0105817 0.0130549 0.0115228 0.0180731 0.00895667 0.0148577 0.0318312 0.0128267 0.0134732 0.0140185 0.0150208 0.00700334 0.00468355 0.00357501 0.00492887 0.00358031 0 0.00512819 0.00358866 0.00372885 0.00364424 0.0252247 0.0117237 0.0172852 0.0178799 
0.0121061 0.00845224 0.0143433 0.0086798 0.0108202 0.00983682 0.010208 0.0110245 0.00941621 0.0127743 0.0105717 0.0149832 0.00883572 0.0187154 0.0118798 0.00936892 0.0113247 0.0109869 0.0148193 0.00644399 0.00440778 0.00362622 0.00398784 0.00362342 0.00512819 0 0.00365531 0.00361562 0.00475002 0.118194 0.0102894 0.0218802 0.0275843 
0.0084073 0.0376158 0.00851599 0.0201274 0.00863371 0.0106459 0.0105253 0.010038 0.0322176 0.0100384 0.014092 0.0130685 0.0226828 0.00950345 0.00958954 0.0240448 0.0156966 0.0377131 0.0108507 0.00913714 0.00399917 0.00907616 0.00398018 0.0247216 0.00358866 0.00365531 0 0.00392156 0.00374394 0.0195139 0.28312 0.0141739 0.0475038 
0.0131567 0.00839586 0.0316684 0.00850116 0.0122828 0.00845549 0.00858666 0.00994129 0.0107716 0.0238237 0.00862531 0.0109759 0.0115315 0.0141874 0.0138927 0.0116469 0.022499 0.0167197 0.0145328 0.0071875 0.00951819 0.00482691 0.0121805 0.00363945 0.00372885 0.00361562 0.00392156 0 0.00373745 0.0234526 0.0151805 0.400436 0.0113465 
0.00972412 0.0219537 0.00831203 0.00934409 0.00835009 0.0135023 0.0173002 0.0108889 0.0129921 0.00885016 0.0217503 0.024989 0.0104934 0.0116908 0.0220896 0.0119365 0.0101264 0.0129038 0.0207908 0.0252044 0.00789286 0.0288769 0.00408427 0.00809171 0.00364424 0.00475002 0.00374394 0.00373745 0 0.0187661 0.041294 0.0140898 0.484441 
0.0110522 0.00876583 0.0097477 0.00858561 0.00939088 0.0113888 0.0124531 0.0151343 0.01054 0.0130928 0.0153906 0.0215294 0.010723 0.0205813 0.0212822 0.0190777 0.0183222 0.0175181 0.0401367 0.0169532 0.0578235 0.0131172 0.0194123 0.0127555 0.0252247 0.118194 0.0195139 0.0234526 0.0187661 0 0.00367895 0.00364919 0.00665173 
0.00850431 0.0180457 0.00925007 0.0147887 0.00918566 0.0103861 0.0093731 0.00989788 0.041479 0.0176483 0.0136218 0.0167136 0.0215746 0.0113781 0.0126004 0.0498971 0.051996 0.0629848 0.0142742 0.0116078 0.0107557 0.0974428 0.0105263 0.04776 0.0117237 0.0102894 0.28312 0.0151805 0.041294 0.00367895 0 0.00635556 0.00367145 
0.0109062 0.00903249 0.0197406 0.00912699 0.0129223 0.00950259 0.0086409 0.011477 0.0190798 0.040507 0.010328 0.0134219 0.0237191 0.0153537 0.017619 0.0272333 0.0563233 0.0499152 0.026971 0.00996477 0.0307871 0.0117545 0.0672071 0.0115859 0.0172852 0.0218802 0.0141739 0.400436 0.0140898 0.00364919 0.00635556 0 0.00366196 
0.0105128 0.0141569 0.00889334 0.0154509 0.00883076 0.0167942 0.0125624 0.0153739 0.0216274 0.0122207 0.0253483 0.0332093 0.012955 0.014842 0.029905 0.0290898 0.0296409 0.0485517 0.0419267 0.0316608 0.0180825 0.049733 0.0092829 0.0320943 0.0178799 0.0275843 0.0475038 0.0113465 0.484441 0.00665173 0.00367145 0.00366196 0 
