1CI8A
AASLAARLDAVFDQALRERRLVGAVAIVARHGEILYRRAQGLADREAGRPMREDTLFRLASVTKPIVALAVLRLVARGELALDAPVTRWLPEFRPRLADGSEPLVTIHHLLTHTSGLGYWLLEGAGSVYDRLGISDGIDLRDFDLDENLRRLASAPLSFAPGSGWQYSLALDVLGAVVERATGQPLAAAVDALVAQPLGMRDCGFVSAEPERFAVPYHDGQPEPVRMRDGIEVPLPEGHGAAVRFAPSRVFEPGAYPSGGAGMYGSADDVLRALEAIRANPGFLPETLADAARRDQAGVGAETRGPGWGFGYLSAVLDDPAAAGTPQHAGTLQWGGVYGHSWFVDRALGLSVLLLTNTAYEGMSGPLTIALRDAVYA
CHHHHHHHHHHHHHHHHCCCCCEEEEEEEECCEEEEEEEEEEEECCCCEECCCCCEEECHHHHHHHHHHHHHHHHHCCCCCCCCEHHHCCCCCCCECCCCCCCCCEHHHHHHCCCCCCCHHHCCCCCHHHHCCCCCCCCCCCCCHHHHHHHHHCCECCCCCCCCCCCCCHHHHHHHHHHHHHCCCHHHHHHHHCCCCCCCCCCECCCCCHHHECCCEECCCCCCEECCCCEEEECCCCCCCEEEECCCHHHCCCCCCCCCCCCEECHHHHHHHHHHHHHCCCCCCHHHHHHHHCCCCCHHHCCCCCCEEECCCCEEECCHHHHCCCCCCCCEEEEECCCEEEEEEHHHCEEEEEEECEECHHHHCHHHHHHHHHHCC
0 0 0 0 0 0 0 0 0 0 0 0 0 0 0 0 0 0 0 0 0 0 0 0 0 0 0 0 0 0 0 0 0 0 0 0 0 0 0 0 0 0 0 0 0 0 0 0 0 0 0 0 0 0 0 0 0 0 0 0 0 0 0 0 0 0 0 0 0 0 0 0 0 0 0 0 0 0 0 0 0 0 0 0 0 0 0 0 0 0 0 0 0 0 0 0 0 0 0 0 0 0 0 0 0 0 0 0 0 0 0 0 0 0 0 0 0 0 0 0 0 0 0 0 0 0 0 0 0 0 0 0 0 0 0 0 0 0 0 0 0 0 0 0 0 0 0 0 0 0 0 0 0 0 0 0 0 0 0 0 0 0 0 0 0 0 0 0 0 0 0 0 0 0 0 0 0 0 0 0 0 0 0 0 0 0 0 0 0 0 0 0 0 0 0 0 0 0 0 0 0 0 0 0 0 0 0 0 0 0 0 0 0 0 0 0 0 0 0 0 0 0 0 0 0 0 0 0 0 0 0 0 0 0 0 0 0 0 0 0 0 0 0 0 0 0 0 0 0 0 0 0 0 0 0 0 0 0 0 0 0 0 0 0 0 0 0 0 0 0 0 0 0 0 0 0 0 0 0 0 0 0 0 0 0 0 0 0 0 0 0 0 0 0 0 0 0 0 0 0 0 0 0 0 0 0 0 0 0 0 0 0 0 0 0 0 0 0 0 0 0 0 0 0 0 0 0 0 0 0 0 0 0 0 0 0 0 0 0 0 0 0 0 0 0 0 0 0 0 0 0 0 0 0 0 0 0 0 0 0 0 0 0 0 0 0 0 0 0 0 0 0 0 0 0 0 0 
0 0 0 0 0 0 0 0 0 0 0 0 0 0 0 0 0 0 0 0 0 0 0 0 0 0 0 0 0 0 0 0 0 0 0 0 0 0 0 0 0 0 0 0 0 0 0 0 0 0 0 0 0 0 0 0 0 0 0 0 0 0 0 0 0 0 0 0 0 0 0 0 0 0 0 0 0 0 0 0 0 0 0 0 0 0 0 0 0 0 0 0 0 0 0 0 0 0 0 0 0 0 0 0 0 0 0 0 0 0 0 0 0 0 0 0 0 0 0 0 0 0 0 0 0 0 0 0 0 0 0 0 0 0 0 0 0 0 0 0 0 0 0 0 0 0 0 0 0 0 0 0 0 0 0 0 0 0 0 0 0 0 0 0 0 0 0 0 0 0 0 0 0 0 0 0 0 0 0 0 0 0 0 0 0 0 0 0 0 0 0 0 0 0 0 0 0 0 0 0 0 0 0 0 0 0 0 0 0 0 0 0 0 0 0 0 0 0 0 0 0 0 0 0 0 0 0 0 0 0 0 0 0 0 0 0 0 0 0 0 0 0 0 0 0 0 0 0 0 0 0 0 0 0 0 0 0 0 0 0 0 0 0 0 0 0 0 0 0 0 0 0 0 0 0 0 0 0 0 0 0 0 0 0 0 0 0 0 0 0 0 0 0 0 0 0 0 0 0 0 0 0 0 0 0 0 0 0 0 0 0 0 0 0 0 0 0 0 0 0 0 0 0 0 0 0 0 0 0 0 0 0 0 0 0 0 0 0 0 0 0 0 0 0 0 0 0 0 0 0 0 0 0 0 0 0 0 0 0 0 0 0 0 0 0 0 0 0 0 0 0 0 0 0 0 0 0 
0 0.00369762 0.00366695 0.00368511 0.00371669 0.00368629 0.00379552 0.00683559 0.00666881 0.00685225 0.00692923 0.00869235 0.00951455 0.00822651 0.0122025 0.0604784 0.48501 0.016228 0.0137091 0.0354168 0.00994284 0.0150813 0.0222446 0.0143123 0.0326134 0.0167532 0.0106369 0.0158612 0.00877448 0.00826742 0.00810111 0.00817901 0.00806168 0.0081919 0.00820432 0.00820518 0.00804175 0.00813959 0.00848278 0.00818072 0.00815728 0.00816793 0.00888968 0.00819318 0.00854908 0.00823416 0.00846655 0.00845891 0.0083208 0.00858004 0.0087823 0.00828736 0.00834463 0.00855729 0.00832698 0.00850029 0.00830452 0.00840737 0.00846506 0.00864993 0.00848113 0.00867203 0.00849115 0.00866054 0.00905574 0.00887935 0.00920677 0.00899466 0.00881507 0.00847465 0.0108994 
0.00369762 0 0.00359153 0.00358602 0.0036406 0.00363205 0.00478249 0.00384706 0.00526798 0.00786487 0.00677326 0.00948943 0.0142117 0.0111808 0.0766923 0.637867 0.0191304 0.014983 0.0273707 0.0114024 0.01077 0.00943963 0.0146069 0.0467881 0.0176738 0.0100246 0.00867751 0.00998761 0.00804395 0.00795903 0.00793923 0.00821849 0.00796499 0.00812418 0.00803228 0.00822571 0.00815846 0.00825145 0.00817242 0.00812037 0.00837617 0.00830294 0.00822065 0.00814434 0.00834384 0.00819084 0.00860965 0.00832455 0.00835216 0.00879917 0.00845397 0.00827311 0.00861346 0.00857275 0.00845187 0.00839333 0.00837188 0.00871645 0.00877535 0.00885708 0.00852131 0.00838666 0.00832518 0.00906012 0.00925945 0.00928119 0.00937984 0.00921119 0.0084426 0.00827829 0.00868332 
0.00366695 0.00359153 0 0.00356714 0.00358672 0.0035946 0.00359686 0.00367206 0.00540838 0.00616021 0.00831384 0.00879611 0.0225285 0.0866613 0.690426 0.0311914 0.0207597 0.0129203 0.0126461 0.0102859 0.00817254 0.00870227 0.0164481 0.0160371 0.014301 0.00927082 0.00864662 0.00957197 0.00818746 0.00804414 0.00808732 0.00816421 0.00810007 0.00804646 0.00813294 0.00804583 0.00834825 0.00833242 0.00822575 0.00818604 0.00853401 0.00850695 0.00832886 0.00820287 0.00830906 0.00839371 0.00865179 0.00834692 0.00849787 0.00870146 0.00841912 0.00836504 0.00869865 0.00867454 0.00848538 0.00838577 0.00844843 0.00877186 0.00898723 0.00912338 0.00868512 0.00836199 0.00842015 0.00927446 0.00950682 0.00956688 0.00975786 0.00931699 0.00866119 0.00837513 0.00862201 
0.00368511 0.00358602 0.00356714 0 0.0036083 0.00360769 0.00359766 0.00363368 0.0044386 0.00704113 0.00677968 0.017116 0.115991 0.701627 0.0449409 0.0120126 0.0117234 0.012506 0.0115235 0.01042 0.00806125 0.0092417 0.0165361 0.0231463 0.0178185 0.00954821 0.00869763 0.00968128 0.00804581 0.00812494 0.00822903 0.00823781 0.00803961 0.00817414 0.00804485 0.00836609 0.00833163 0.00848368 0.00815407 0.00839768 0.00863572 0.00870428 0.0083602 0.00829866 0.00833621 0.00833234 0.00874219 0.00836145 0.00861105 0.0088715 0.00844148 0.0084079 0.00897714 0.00892734 0.00852057 0.00844263 0.00848667 0.00902068 0.0092059 0.00941956 0.00869043 0.00840605 0.00844378 0.00962388 0.00993877 0.00998482 0.0102361 0.00964352 0.00875121 0.00846165 0.00872122 
0.00371669 0.0036406 0.00358672 0.0036083 0 0.00357402 0.00359288 0.00358412 0.00423312 0.00572496 0.0161466 0.120502 0.762311 0.0521086 0.0105976 0.00952293 0.0122063 0.0106947 0.0125175 0.0101024 0.00821899 0.00938738 0.0169413 0.0250751 0.0226574 0.00977552 0.00890811 0.0101014 0.00819378 0.0081231 0.00816508 0.00822206 0.00810263 0.00831499 0.00819405 0.00844961 0.00839823 0.00848047 0.00824508 0.00951049 0.00875076 0.00876509 0.00846979 0.00829346 0.00839822 0.0083645 0.00890001 0.00841217 0.00869155 0.00902 0.00852995 0.0084371 0.00917259 0.00896987 0.00867444 0.008473 0.00852074 0.00893788 0.00920345 0.00940429 0.00882781 0.00844631 0.00849983 0.00959577 0.0100278 0.0101679 0.0104688 0.00967904 0.00878525 0.00849432 0.00879959 
0.00368629 0.00363205 0.0035946 0.00360769 0.00357402 0 0.0035569 0.00357102 0.0041004 0.0122369 0.204172 0.657104 0.0374105 0.00736483 0.0158195 0.00938315 0.00871622 0.01033 0.0095172 0.00961784 0.00832737 0.00885987 0.0154094 0.0192341 0.0165369 0.00941406 0.00855652 0.00963637 0.00796002 0.00804617 0.00812451 0.00819852 0.00800437 0.00818718 0.00805259 0.00824945 0.00826998 0.00830884 0.00809949 0.00839341 0.00859305 0.0084828 0.00824417 0.00827367 0.00823559 0.00836168 0.00866548 0.00832913 0.00853369 0.0087783 0.00843783 0.00837062 0.0087431 0.00864973 0.00842932 0.00839301 0.00839062 0.00873799 0.00888386 0.00902305 0.00865531 0.00838406 0.00844729 0.00910635 0.00935667 0.00953058 0.00974839 0.00923244 0.00863194 0.00838954 0.00868732 
0.00379552 0.00478249 0.00359686 0.00359766 0.00359288 0.0035569 0 0.00357291 0.00573711 0.887244 0.14409 0.0258286 0.011826 0.00752694 0.00696662 0.00704273 0.00760125 0.00754049 0.0106127 0.0087196 0.00792115 0.00884018 0.0126463 0.035171 0.0127519 0.00906294 0.00869081 0.00932618 0.00802872 0.00804774 0.00819415 0.00808923 0.00802033 0.00801978 0.00803014 0.00823441 0.00812028 0.00805219 0.00797939 0.00840208 0.00830012 0.00814909 0.00805748 0.00814113 0.00815502 0.00822945 0.00847554 0.00824589 0.00836378 0.00856363 0.00828919 0.0083168 0.00839 0.00836715 0.00836236 0.00833358 0.00830798 0.00843922 0.00847173 0.00859596 0.00842652 0.00832659 0.00840163 0.00868702 0.00879993 0.00885218 0.00900104 0.00884927 0.0084147 0.0082956 0.00854714 
0.00683559 0.00384706 0.00367206 0.00363368 0.00358412 0.00357102 0.00357291 0 0.973173 0.0164172 0.00796139 0.00391121 0.0147603 0.00452616 0.00499286 0.00575664 0.00592532 0.00607792 0.00683823 0.0074794 0.00848461 0.00826906 0.0174578 0.0104527 0.015363 0.0103215 0.0101385 0.0108503 0.00876291 0.00836526 0.00822451 0.00799745 0.00796847 0.00797592 0.00798371 0.00846202 0.008033 0.00803781 0.00790832 0.00856608 0.00804419 0.00797555 0.00802785 0.0081991 0.00808476 0.00832866 0.00830933 0.00814643 0.00841319 0.00844209 0.00822628 0.0083685 0.00831717 0.00822254 0.00816055 0.00821309 0.00839116 0.00832775 0.00828216 0.0083106 0.00823553 0.0082481 0.00883085 0.00845832 0.00841888 0.00846404 0.0084534 0.00846157 0.00834066 0.00839761 0.00847859 
0.00666881 0.00526798 0.00540838 0.0044386 0.00423312 0.0041004 0.00573711 0.973173 0 0.00395394 0.00355312 0.00387425 0.00363516 0.00374929 0.00437145 0.00390607 0.00456181 0.00482868 0.00563244 0.00837159 0.00625341 0.00997781 0.00939834 0.008891 0.0186263 0.0174088 0.010836 0.0144318 0.00919126 0.00817775 0.00801286 0.00790706 0.00798895 0.0080043 0.00813409 0.00807508 0.0079657 0.0079273 0.00834309 0.00812169 0.0079299 0.00800044 0.00833492 0.00796244 0.00812007 0.00808007 0.00817928 0.00824012 0.00818276 0.00827329 0.00853714 0.00817648 0.0082101 0.00820377 0.00818698 0.00824731 0.00817026 0.00826259 0.008217 0.00826848 0.00828231 0.00857423 0.0082468 0.00834286 0.00829371 0.00831692 0.00834679 0.00837243 0.00847069 0.00830256 0.00869125 
0.00685225 0.00786487 0.00616021 0.00704113 0.00572496 0.0122369 0.887244 0.0164172 0.00395394 0 0.00373145 0.00355396 0.00356518 0.00363061 0.00365416 0.00436999 0.00405465 0.00472983 0.0125178 0.00601796 0.00646397 0.00689029 0.00890327 0.0122691 0.00910366 0.00955404 0.00858436 0.00919782 0.00812604 0.00791173 0.00790937 0.00809518 0.00800286 0.00800774 0.00797975 0.00793461 0.00811089 0.00807511 0.0080912 0.00794651 0.00818607 0.00815873 0.00813494 0.00806244 0.00814608 0.00817486 0.00832348 0.00820833 0.00827006 0.00846109 0.00831138 0.00826699 0.0082809 0.00830083 0.00822218 0.00822628 0.00822965 0.00833026 0.00836603 0.00847343 0.00831236 0.00831728 0.00818985 0.00843471 0.00852435 0.00860604 0.00861996 0.00852071 0.00832716 0.00823962 0.00846032 
0.00692923 0.00677326 0.00831384 0.00677968 0.0161466 0.204172 0.14409 0.00796139 0.00355312 0.00373145 0 0.00353105 0.00353453 0.00354385 0.00364533 0.00363413 0.00370387 0.0150897 0.0054616 0.00560119 0.00576076 0.0113451 0.00920921 0.00977115 0.0113524 0.00882192 0.00838148 0.00870231 0.00796356 0.00796609 0.00801424 0.00802836 0.00804751 0.00799744 0.00797166 0.00807978 0.00807678 0.00806246 0.00802132 0.00808471 0.00820493 0.00821054 0.00809888 0.0080967 0.00813723 0.0081844 0.00830549 0.00822305 0.00827811 0.00840053 0.00828037 0.00823181 0.00837416 0.00838013 0.00828823 0.00827998 0.00819716 0.00840737 0.00851067 0.00859669 0.00834665 0.00828003 0.00819103 0.00853466 0.00869197 0.00875828 0.00879253 0.00857278 0.00836842 0.00830359 0.00843077 
0.00869235 0.00948943 0.00879611 0.017116 0.120502 0.657104 0.0258286 0.00391121 0.00387425 0.00355396 0.00353105 0 0.00353738 0.00354339 0.003539 0.00358394 0.00521445 0.00382871 0.00442116 0.00522338 0.00569102 0.00683403 0.00914538 0.0106916 0.0140364 0.00921262 0.00845448 0.00933368 0.00803203 0.00790962 0.00799487 0.00809391 0.00795023 0.00803413 0.00797419 0.00808216 0.00808524 0.00806859 0.00800836 0.00807776 0.00830242 0.00813809 0.0080959 0.0080849 0.00818344 0.00823321 0.0083535 0.00824195 0.00831025 0.00844337 0.0082917 0.00827823 0.00837931 0.00841422 0.00828151 0.00829583 0.00826121 0.0084376 0.00851454 0.00862918 0.00836348 0.00828989 0.00822768 0.00857506 0.00868725 0.00880678 0.00882401 0.00859607 0.00837232 0.00826211 0.00845521 
0.00951455 0.0142117 0.0225285 0.115991 0.762311 0.0374105 0.011826 0.0147603 0.00363516 0.00356518 0.00353453 0.00353738 0 0.00353661 0.00353866 0.00373735 0.00362242 0.00417277 0.00429667 0.00383551 0.00588938 0.00623165 0.0102819 0.013084 0.0114181 0.00889667 0.00839952 0.00893467 0.00791347 0.00793563 0.0079887 0.00803645 0.00796247 0.00794551 0.00794661 0.00794912 0.00809658 0.00811714 0.0080025 0.00804058 0.00835288 0.00819143 0.00815269 0.00807143 0.00811699 0.00822458 0.00840704 0.00823223 0.00830137 0.00846115 0.00828065 0.00825041 0.008833 0.00844725 0.00827473 0.00827152 0.00826415 0.00850544 0.00854413 0.00860763 0.00834342 0.00825491 0.00829999 0.00860196 0.00873976 0.00886753 0.00891961 0.00859321 0.00837014 0.00827407 0.00840864 
0.00822651 0.0111808 0.0866613 0.701627 0.0521086 0.00736483 0.00752694 0.00452616 0.00374929 0.00363061 0.00354385 0.00354339 0.00353661 0 0.00353001 0.00355308 0.00359184 0.00379688 0.00380206 0.00362386 0.00538398 0.00625549 0.0085954 0.00933723 0.0165563 0.00937225 0.00829274 0.00959673 0.00799591 0.00791251 0.00795325 0.00805226 0.00795991 0.00799967 0.00793018 0.00804939 0.00814725 0.00809901 0.00794043 0.00805243 0.00824506 0.00822253 0.0080198 0.00808057 0.00807112 0.00822599 0.00838819 0.00816442 0.0082815 0.00841728 0.00819174 0.00829171 0.00839935 0.00835407 0.00823297 0.00821574 0.00827095 0.00840935 0.00842086 0.00852242 0.00831986 0.00820251 0.00819237 0.0085083 0.00860649 0.00867969 0.00874394 0.00856149 0.00829564 0.00822603 0.00839527 
0.0122025 0.0766923 0.690426 0.0449409 0.0105976 0.0158195 0.00696662 0.00499286 0.00437145 0.00365416 0.00364533 0.003539 0.00353866 0.00353001 0 0.0035368 0.00354119 0.00370318 0.00358238 0.00358343 0.00505054 0.00566778 0.00961688 0.00932254 0.00964552 0.0089538 0.00819163 0.00879344 0.00786196 0.00796322 0.00794305 0.0079896 0.00797327 0.00798565 0.00794855 0.00796579 0.00808236 0.00808299 0.00794376 0.0079899 0.00818243 0.00804908 0.0080542 0.00804812 0.00811259 0.00821828 0.00829908 0.0081967 0.00826578 0.00831294 0.00823243 0.00828134 0.00833432 0.00834289 0.00821907 0.00823146 0.00825771 0.00832868 0.00836985 0.00841413 0.00828562 0.00821864 0.00818379 0.00840517 0.00853587 0.00859716 0.00866271 0.00842803 0.00831252 0.00820261 0.00833467 
0.0604784 0.637867 0.0311914 0.0120126 0.00952293 0.00938315 0.00704273 0.00575664 0.00390607 0.00436999 0.00363413 0.00358394 0.00373735 0.00355308 0.0035368 0 0.00364851 0.0035841 0.00357424 0.0035779 0.00477607 0.00554745 0.00813474 0.0117669 0.0137358 0.00864165 0.0083531 0.00872542 0.00793259 0.00790341 0.00791752 0.00799493 0.00792276 0.00793622 0.00791565 0.00797217 0.00800485 0.0080372 0.00795433 0.00800409 0.00811988 0.00807527 0.00805541 0.00800754 0.00801399 0.00816266 0.00822203 0.00818279 0.00823077 0.00827592 0.00823252 0.00821154 0.00833553 0.00839893 0.00820364 0.00819639 0.00822792 0.00835585 0.00835412 0.00842658 0.00825801 0.00822034 0.00816453 0.0083912 0.00847095 0.00855468 0.00861488 0.00836582 0.00830937 0.00819862 0.00836583 
0.48501 0.0191304 0.0207597 0.0117234 0.0122063 0.00871622 0.00760125 0.00592532 0.00456181 0.00405465 0.00370387 0.00521445 0.00362242 0.00359184 0.00354119 0.00364851 0 0.00353798 0.00356272 0.0035806 0.00408796 0.00541626 0.00928386 0.0155181 0.00987439 0.00868018 0.00829043 0.00892228 0.00798774 0.00792446 0.00791687 0.00798933 0.00793992 0.00792533 0.00792862 0.0079754 0.00801458 0.00804244 0.00794764 0.00799938 0.00816082 0.00805106 0.00804294 0.00796762 0.00802764 0.00812495 0.00828775 0.00817369 0.0082042 0.00833437 0.00821996 0.00821397 0.00828783 0.00832239 0.00820047 0.00820296 0.00817237 0.00832845 0.00833906 0.00838617 0.00826576 0.00820859 0.00814284 0.00838203 0.00851582 0.00859126 0.00861531 0.00840709 0.00829606 0.00817651 0.00830488 
0.016228 0.014983 0.0129203 0.012506 0.0106947 0.01033 0.00754049 0.00607792 0.00482868 0.00472983 0.0150897 0.00382871 0.00417277 0.00379688 0.00370318 0.0035841 0.00353798 0 0.0036521 0.00354408 0.00401616 0.0454993 0.0144723 0.0122605 0.0150742 0.0087422 0.0083109 0.00895561 0.00798514 0.00794063 0.00799512 0.00802566 0.00797273 0.00797334 0.00792592 0.00811152 0.00802994 0.00803974 0.00798498 0.00799883 0.00817487 0.00813327 0.00799466 0.00804304 0.00805824 0.00819574 0.00825273 0.00815462 0.00826485 0.00834028 0.00819629 0.00823742 0.00834631 0.00832355 0.0082046 0.00821493 0.00820879 0.00833936 0.00834509 0.00840301 0.00827676 0.00817053 0.00819274 0.0083933 0.00848653 0.00854528 0.00861011 0.00839529 0.00830643 0.00819594 0.00824146 
0.0137091 0.0273707 0.0126461 0.0115235 0.0125175 0.0095172 0.0106127 0.00683823 0.00563244 0.0125178 0.0054616 0.00442116 0.00429667 0.00380206 0.00358238 0.00357424 0.00356272 0.0036521 0 0.00355502 0.00591446 0.320397 0.0103083 0.044317 0.00951722 0.00934219 0.00892201 0.00890716 0.00801581 0.00801301 0.00816443 0.00802033 0.00803552 0.00798066 0.00801667 0.00803198 0.00807553 0.0080472 0.0079576 0.00814866 0.00822666 0.00811164 0.00800681 0.00805667 0.00807431 0.00817159 0.00832506 0.00817605 0.0082977 0.0084504 0.00826519 0.0082359 0.00828776 0.00829491 0.0082799 0.00827234 0.00824169 0.0083618 0.00835611 0.00843993 0.00832371 0.00827537 0.00828173 0.00846235 0.00857572 0.0085745 0.00867471 0.00848166 0.00831899 0.00822852 0.00833395 
0.0354168 0.0114024 0.0102859 0.01042 0.0101024 0.00961784 0.0087196 0.0074794 0.00837159 0.00601796 0.00560119 0.00522338 0.00383551 0.00362386 0.00358343 0.0035779 0.0035806 0.00354408 0.00355502 0 0.766563 0.00793666 0.0319742 0.0101361 0.0184164 0.0140236 0.012527 0.0147982 0.00962167 0.00875465 0.00827407 0.00812872 0.00795983 0.00811491 0.00804589 0.00839235 0.00804003 0.00798571 0.0080781 0.00870315 0.00804169 0.00799311 0.00817012 0.00812066 0.0080648 0.00825164 0.00826752 0.00819484 0.00841597 0.00838356 0.00825541 0.00831694 0.00828772 0.00822048 0.00820464 0.00825806 0.00833038 0.00831238 0.00826114 0.00830745 0.0082535 0.00823273 0.00875281 0.00840202 0.00835976 0.00837806 0.00839856 0.00835726 0.00841902 0.00832394 0.00838679 
0.00994284 0.01077 0.00817254 0.00806125 0.00821899 0.00832737 0.00792115 0.00848461 0.00625341 0.00646397 0.00576076 0.00569102 0.00588938 0.00538398 0.00505054 0.00477607 0.00408796 0.00401616 0.00591446 0.766563 0 0.00732165 0.00461397 0.0133505 0.0114283 0.0182556 0.011156 0.0150137 0.00874458 0.00819426 0.00813952 0.00786622 0.00789739 0.00787053 0.00800984 0.00802329 0.00792397 0.00789893 0.00810311 0.00793297 0.00793103 0.0079164 0.00820683 0.00785646 0.00804831 0.00797467 0.00810296 0.00810343 0.00806485 0.00815283 0.00825759 0.0081498 0.00815829 0.00817195 0.00813408 0.00817346 0.00808747 0.00819107 0.00819744 0.00820868 0.00820191 0.00814066 0.00818331 0.00824183 0.00823829 0.00821824 0.0082355 0.00825977 0.00828228 0.00813864 0.00836349 
0.0150813 0.00943963 0.00870227 0.0092417 0.00938738 0.00885987 0.00884018 0.00826906 0.00997781 0.00689029 0.0113451 0.00683403 0.00623165 0.00625549 0.00566778 0.00554745 0.00541626 0.0454993 0.320397 0.00793666 0.00732165 0 0.0125666 0.0264762 0.00747839 0.0200208 0.0175537 0.0166994 0.00955013 0.00836838 0.00812239 0.00809935 0.00795781 0.00808065 0.00802836 0.00799138 0.00795991 0.00794391 0.00808273 0.00806748 0.00792667 0.00796533 0.00805064 0.00799714 0.00800927 0.00813264 0.00815607 0.00813061 0.00819563 0.00830193 0.00820713 0.00823078 0.00820976 0.00815334 0.00817217 0.0082034 0.00824806 0.00822064 0.00821254 0.00824084 0.00823571 0.00816902 0.008432 0.0083291 0.0082396 0.00827442 0.00829358 0.00840893 0.00829466 0.00825897 0.00838847 
0.0222446 0.0146069 0.0164481 0.0165361 0.0169413 0.0154094 0.0126463 0.0174578 0.00939834 0.00890327 0.00920921 0.00914538 0.0102819 0.0085954 0.00961688 0.00813474 0.00928386 0.0144723 0.0103083 0.0319742 0.00461397 0.0125666 0 0.00364206 0.00394992 0.0627485 0.0147011 0.0290798 0.00995206 0.00850261 0.00850683 0.00814389 0.00799109 0.00807477 0.0082815 0.00821598 0.00802591 0.00815336 0.00883185 0.00860905 0.00811231 0.00820286 0.00882918 0.00798514 0.00831809 0.00817243 0.00826384 0.00831441 0.00823781 0.00841167 0.008568 0.00820641 0.00825665 0.00835472 0.00815554 0.00826444 0.00822863 0.00831727 0.00840469 0.008443 0.00833288 0.00846893 0.00828239 0.00845628 0.0087397 0.00859737 0.00869308 0.00862328 0.00863793 0.00834106 0.00870724 
0.0143123 0.0467881 0.0160371 0.0231463 0.0250751 0.0192341 0.035171 0.0104527 0.008891 0.0122691 0.00977115 0.0106916 0.013084 0.00933723 0.00932254 0.0117669 0.0155181 0.0122605 0.044317 0.0101361 0.0133505 0.0264762 0.00364206 0 0.00385681 0.0195225 0.0145422 0.0169845 0.00840604 0.008358 0.00839936 0.00815497 0.00808767 0.00794043 0.00809495 0.00798832 0.00816144 0.0082261 0.00807781 0.00809287 0.0084804 0.0083458 0.00819721 0.008247 0.00845247 0.00836986 0.00865174 0.0083785 0.00847423 0.00876998 0.00843627 0.0083705 0.00867009 0.008544 0.00860628 0.00850309 0.00842947 0.00868222 0.00871486 0.00888914 0.00872279 0.00836203 0.00853145 0.00897647 0.00905002 0.00916971 0.00916113 0.00908503 0.00850447 0.00838104 0.00876037 
0.0326134 0.0176738 0.014301 0.0178185 0.0226574 0.0165369 0.0127519 0.015363 0.0186263 0.00910366 0.0113524 0.0140364 0.0114181 0.0165563 0.00964552 0.0137358 0.00987439 0.0150742 0.00951722 0.0184164 0.0114283 0.00747839 0.00394992 0.00385681 0 0.0356126 0.0198047 0.0341673 0.0106424 0.0100608 0.00926469 0.00893065 0.00811644 0.00863788 0.00816658 0.00900349 0.00819043 0.00811793 0.00816911 0.00969886 0.00827046 0.00818302 0.00819908 0.00861484 0.0082969 0.00869526 0.00846319 0.00818849 0.00874393 0.00847898 0.0082545 0.00860726 0.008435 0.00830591 0.00829042 0.00829218 0.00877844 0.00847323 0.00845567 0.00844646 0.00843306 0.00825848 0.00933752 0.00880327 0.00865334 0.00869175 0.00870985 0.00860127 0.00848477 0.00852384 0.00865413 
0.0167532 0.0100246 0.00927082 0.00954821 0.00977552 0.00941406 0.00906294 0.0103215 0.0174088 0.00955404 0.00882192 0.00921262 0.00889667 0.00937225 0.0089538 0.00864165 0.00868018 0.0087422 0.00934219 0.0140236 0.0182556 0.0200208 0.0627485 0.0195225 0.0356126 0 0.125631 0.19308 0.0438656 0.015817 0.011823 0.00958606 0.00859832 0.00963252 0.00903591 0.00917077 0.00834059 0.00796956 0.00908194 0.00973178 0.00800322 0.00818146 0.00838853 0.00900232 0.00859458 0.00874154 0.00800403 0.00805369 0.00877925 0.00814301 0.00827273 0.00842799 0.00813865 0.0080336 0.00796576 0.00809023 0.00875837 0.00809762 0.00808314 0.00813898 0.00827234 0.00855059 0.00939521 0.00833323 0.00820101 0.0081602 0.0082442 0.00825178 0.00843792 0.00865787 0.00907012 
0.0106369 0.00867751 0.00864662 0.00869763 0.00890811 0.00855652 0.00869081 0.0101385 0.010836 0.00858436 0.00838148 0.00845448 0.00839952 0.00829274 0.00819163 0.0083531 0.00829043 0.0083109 0.00892201 0.012527 0.011156 0.0175537 0.0147011 0.0145422 0.0198047 0.125631 0 0.262282 0.0494796 0.0161344 0.0103885 0.00877759 0.0088848 0.00903827 0.00923969 0.00892437 0.00841704 0.00794771 0.0100356 0.00913834 0.00796276 0.00810063 0.00876397 0.00854198 0.00851834 0.00820014 0.00791167 0.00806946 0.00830894 0.00798637 0.00841914 0.00822888 0.00800161 0.00794815 0.00789339 0.00804578 0.00820742 0.00803075 0.00802878 0.00806446 0.00804291 0.00817638 0.0087214 0.00824283 0.00814813 0.00816513 0.00819983 0.00820658 0.00839187 0.00838859 0.00850522 
0.0158612 0.00998761 0.00957197 0.00968128 0.0101014 0.00963637 0.00932618 0.0108503 0.0144318 0.00919782 0.00870231 0.00933368 0.00893467 0.00959673 0.00879344 0.00872542 0.00892228 0.00895561 0.00890716 0.0147982 0.0150137 0.0166994 0.0290798 0.0169845 0.0341673 0.19308 0.262282 0 0.156863 0.0274143 0.0165049 0.0111594 0.00936144 0.0119669 0.0100215 0.0108114 0.00911446 0.00805816 0.0108151 0.0116112 0.00820151 0.0085977 0.00902386 0.00990359 0.00952649 0.00869539 0.00814757 0.00811442 0.00925193 0.00842602 0.00860148 0.0086701 0.00812763 0.0080146 0.00803381 0.00817239 0.00874293 0.00824699 0.0081489 0.00822858 0.00832752 0.008626 0.00952827 0.00862866 0.00840305 0.0083903 0.00858176 0.00843139 0.00847074 0.00882819 0.00922286 
0.00877448 0.00804395 0.00818746 0.00804581 0.00819378 0.00796002 0.00802872 0.00876291 0.00919126 0.00812604 0.00796356 0.00803203 0.00791347 0.00799591 0.00786196 0.00793259 0.00798774 0.00798514 0.00801581 0.00962167 0.00874458 0.00955013 0.00995206 0.00840604 0.0106424 0.0438656 0.0494796 0.156863 0 0.0650929 0.0173116 0.0125523 0.0102622 0.0112715 0.0105518 0.0104727 0.00915121 0.00819536 0.0122573 0.0120048 0.00840326 0.00839571 0.00934753 0.0112796 0.0101788 0.0085195 0.00794424 0.0082191 0.00859105 0.00798064 0.00828566 0.00840841 0.00792734 0.00790527 0.0078471 0.00799161 0.00837461 0.00804121 0.00790997 0.00793173 0.00795208 0.00810994 0.00881877 0.00813744 0.0079495 0.00799439 0.0080089 0.00795119 0.00820295 0.00826214 0.00822536 
0.00826742 0.00795903 0.00804414 0.00812494 0.0081231 0.00804617 0.00804774 0.00836526 0.00817775 0.00791173 0.00796609 0.00790962 0.00793563 0.00791251 0.00796322 0.00790341 0.00792446 0.00794063 0.00801301 0.00875465 0.00819426 0.00836838 0.00850261 0.008358 0.0100608 0.015817 0.0161344 0.0274143 0.0650929 0 0.0325397 0.0130984 0.018762 0.0156862 0.0237239 0.0127964 0.0129863 0.00926438 0.019614 0.0168584 0.00973205 0.0105682 0.0152929 0.0129911 0.0154875 0.00874486 0.00812407 0.0086939 0.00917142 0.00834584 0.00951639 0.00846009 0.00797326 0.00803703 0.00804525 0.008319 0.00856188 0.00796405 0.00808812 0.00812437 0.00819892 0.00875446 0.00875134 0.00816917 0.00808394 0.0082006 0.00825911 0.00810956 0.0086625 0.00854778 0.0089896 
0.00810111 0.00793923 0.00808732 0.00822903 0.00816508 0.00812451 0.00819415 0.00822451 0.00801286 0.00790937 0.00801424 0.00799487 0.0079887 0.00795325 0.00794305 0.00791752 0.00791687 0.00799512 0.00816443 0.00827407 0.00813952 0.00812239 0.00850683 0.00839936 0.00926469 0.011823 0.0103885 0.0165049 0.0173116 0.0325397 0 0.00928639 0.00506977 0.0100856 0.00941957 0.0122995 0.0077126 0.0108073 0.0130715 0.0123356 0.0113897 0.00992268 0.017873 0.0134479 0.0184239 0.00842351 0.00834793 0.0096454 0.00887844 0.00844896 0.00975763 0.00835649 0.00799034 0.00801302 0.00812926 0.00839805 0.00828303 0.00800711 0.00816047 0.00823885 0.00840073 0.00885366 0.00859218 0.0080576 0.00822799 0.00824386 0.00819434 0.00824851 0.00836805 0.00814967 0.00890249 
0.00817901 0.00821849 0.00816421 0.00823781 0.00822206 0.00819852 0.00808923 0.00799745 0.00790706 0.00809518 0.00802836 0.00809391 0.00803645 0.00805226 0.0079896 0.00799493 0.00798933 0.00802566 0.00802033 0.00812872 0.00786622 0.00809935 0.00814389 0.00815497 0.00893065 0.00958606 0.00877759 0.0111594 0.0125523 0.0130984 0.00928639 0 0.0071523 0.0069677 0.82661 0.00841432 0.0102147 0.0100597 0.0386203 0.0105855 0.0110524 0.0111985 0.0190572 0.00974193 0.0199026 0.00819657 0.00843766 0.0090011 0.00844551 0.00849636 0.00911633 0.00817471 0.00808825 0.00808067 0.00814142 0.00824826 0.00815232 0.00824906 0.00817941 0.00829735 0.00832144 0.00882597 0.00822705 0.00833181 0.0083099 0.00836763 0.00832869 0.00822343 0.00824975 0.00794868 0.00980452 
0.00806168 0.00796499 0.00810007 0.00803961 0.00810263 0.00800437 0.00802033 0.00796847 0.00798895 0.00800286 0.00804751 0.00795023 0.00796247 0.00795991 0.00797327 0.00792276 0.00793992 0.00797273 0.00803552 0.00795983 0.00789739 0.00795781 0.00799109 0.00808767 0.00811644 0.00859832 0.0088848 0.00936144 0.0102622 0.018762 0.00506977 0.0071523 0 0.880747 0.0066006 0.0159085 0.00800244 0.0132342 0.0100695 0.0138179 0.00938853 0.00929633 0.0104941 0.0136783 0.00923223 0.00841888 0.00829143 0.00812756 0.0085993 0.0081649 0.0082671 0.00814696 0.00798648 0.0079769 0.00795714 0.0079954 0.00799545 0.00805417 0.00799516 0.00807994 0.00808153 0.00797991 0.00834781 0.00802272 0.00809727 0.00814695 0.00806919 0.00803801 0.00808487 0.00801139 0.00799311 
0.0081919 0.00812418 0.00804646 0.00817414 0.00831499 0.00818718 0.00801978 0.00797592 0.0080043 0.00800774 0.00799744 0.00803413 0.00794551 0.00799967 0.00798565 0.00793622 0.00792533 0.00797334 0.00798066 0.00811491 0.00787053 0.00808065 0.00807477 0.00794043 0.00863788 0.00963252 0.00903827 0.0119669 0.0112715 0.0156862 0.0100856 0.0069677 0.880747 0 0.005018 0.0062118 0.0625206 0.0190023 0.0132418 0.0103925 0.00929633 0.00972472 0.0174773 0.00964411 0.0235514 0.0081539 0.00817687 0.00887251 0.00857737 0.00845156 0.0093648 0.00797951 0.00802498 0.00799502 0.00809456 0.00838948 0.00796608 0.00808391 0.0081273 0.00818991 0.00827166 0.0084479 0.00796269 0.00815888 0.00821124 0.00826251 0.00818325 0.00818177 0.008268 0.00807269 0.00888904 
0.00820432 0.00803228 0.00813294 0.00804485 0.00819405 0.00805259 0.00803014 0.00798371 0.00813409 0.00797975 0.00797166 0.00797419 0.00794661 0.00793018 0.00794855 0.00791565 0.00792862 0.00792592 0.00801667 0.00804589 0.00800984 0.00802836 0.0082815 0.00809495 0.00816658 0.00903591 0.00923969 0.0100215 0.0105518 0.0237239 0.00941957 0.82661 0.0066006 0.005018 0 0.143026 0.0131104 0.00618448 0.00675179 0.0134113 0.009492 0.0126072 0.0109494 0.0307394 0.0104632 0.010056 0.00841269 0.00827293 0.00953151 0.00840153 0.0084368 0.00861326 0.0080087 0.00794922 0.00801198 0.00806461 0.00872578 0.00815663 0.0080066 0.00814717 0.00811654 0.00799688 0.00869648 0.00817007 0.00813728 0.00822051 0.00815864 0.00809195 0.00814478 0.00819223 0.00808368 
0.00820518 0.00822571 0.00804583 0.00836609 0.00844961 0.00824945 0.00823441 0.00846202 0.00807508 0.00793461 0.00807978 0.00808216 0.00794912 0.00804939 0.00796579 0.00797217 0.0079754 0.00811152 0.00803198 0.00839235 0.00802329 0.00799138 0.00821598 0.00798832 0.00900349 0.00917077 0.00892437 0.0108114 0.0104727 0.0127964 0.0122995 0.00841432 0.0159085 0.0062118 0.143026 0 0.00376129 0.00394861 0.00473848 0.00882573 0.0103065 0.010602 0.869287 0.00933475 0.0171804 0.00843681 0.00817146 0.0104555 0.0087904 0.00865762 0.0120606 0.00809747 0.00802851 0.00808564 0.00829161 0.00877887 0.00808833 0.00814321 0.00834865 0.00836383 0.00896426 0.00951149 0.00821859 0.00820674 0.0084048 0.00843398 0.00840083 0.00858437 0.00851536 0.00812897 0.0085626 
0.00804175 0.00815846 0.00834825 0.00833163 0.00839823 0.00826998 0.00812028 0.008033 0.0079657 0.00811089 0.00807678 0.00808524 0.00809658 0.00814725 0.00808236 0.00800485 0.00801458 0.00802994 0.00807553 0.00804003 0.00792397 0.00795991 0.00802591 0.00816144 0.00819043 0.00834059 0.00841704 0.00911446 0.00915121 0.0129863 0.0077126 0.0102147 0.00800244 0.0625206 0.0131104 0.00376129 0 0.00376758 0.00384785 0.00796956 0.0118969 0.878233 0.00915639 0.0101915 0.00909006 0.00845483 0.00853338 0.00828373 0.00882977 0.00854867 0.00873304 0.00816515 0.00831321 0.00820751 0.00839389 0.00802836 0.00806419 0.00829931 0.00846877 0.00865846 0.00847604 0.00813258 0.00803505 0.00859897 0.00856562 0.00867172 0.00874789 0.00836932 0.00814288 0.00808319 0.00797693 
0.00813959 0.00825145 0.00833242 0.00848368 0.00848047 0.00830884 0.00805219 0.00803781 0.0079273 0.00807511 0.00806246 0.00806859 0.00811714 0.00809901 0.00808299 0.0080372 0.00804244 0.00803974 0.0080472 0.00798571 0.00789893 0.00794391 0.00815336 0.0082261 0.00811793 0.00796956 0.00794771 0.00805816 0.00819536 0.00926438 0.0108073 0.0100597 0.0132342 0.0190023 0.00618448 0.00394861 0.00376758 0 0.0035607 0.00903575 0.847421 0.00915309 0.01057 0.00966255 0.011371 0.00872984 0.0090566 0.00843077 0.00894425 0.00878446 0.00845001 0.0083409 0.00854835 0.00874997 0.00848164 0.00821417 0.00823683 0.00851467 0.0089065 0.00871787 0.00844673 0.00823507 0.00844624 0.00844906 0.00925949 0.00884915 0.00895145 0.00890496 0.00835189 0.00806653 0.00802056 
0.00848278 0.00817242 0.00822575 0.00815407 0.00824508 0.00809949 0.00797939 0.00790832 0.00834309 0.0080912 0.00802132 0.00800836 0.0080025 0.00794043 0.00794376 0.00795433 0.00794764 0.00798498 0.0079576 0.0080781 0.00810311 0.00808273 0.00883185 0.00807781 0.00816911 0.00908194 0.0100356 0.0108151 0.0122573 0.019614 0.0130715 0.0386203 0.0100695 0.0132418 0.00675179 0.00473848 0.00384785 0.0035607 0 0.886165 0.010968 0.00918278 0.00944044 0.0195084 0.0119275 0.0126344 0.00872708 0.00902513 0.01227 0.00867188 0.00894837 0.0103353 0.00864053 0.00829043 0.00817346 0.00832493 0.0105971 0.00858207 0.00838018 0.00840266 0.00834209 0.008133 0.010233 0.00891945 0.00844029 0.0085792 0.00882937 0.00830979 0.00862549 0.00867809 0.00821468 
0.00818072 0.00812037 0.00818604 0.00839768 0.00951049 0.00839341 0.00840208 0.00856608 0.00812169 0.00794651 0.00808471 0.00807776 0.00804058 0.00805243 0.0079899 0.00800409 0.00799938 0.00799883 0.00814866 0.00870315 0.00793297 0.00806748 0.00860905 0.00809287 0.00969886 0.00973178 0.00913834 0.0116112 0.0120048 0.0168584 0.0123356 0.0105855 0.0138179 0.0103925 0.0134113 0.00882573 0.00796956 0.00903575 0.886165 0 0.0038109 0.00372582 0.00416723 0.0254401 0.029466 0.0101214 0.00856451 0.0119105 0.0113726 0.00909159 0.0148608 0.00884642 0.0082572 0.00824752 0.00857206 0.00952 0.00854082 0.00826405 0.00856635 0.0088083 0.00968197 0.0103769 0.00863149 0.00847971 0.00872313 0.00880686 0.00894032 0.00900781 0.00965994 0.00841107 0.00884626 
0.00815728 0.00837617 0.00853401 0.00863572 0.00875076 0.00859305 0.00830012 0.00804419 0.0079299 0.00818607 0.00820493 0.00830242 0.00835288 0.00824506 0.00818243 0.00811988 0.00816082 0.00817487 0.00822666 0.00804169 0.00793103 0.00792667 0.00811231 0.0084804 0.00827046 0.00800322 0.00796276 0.00820151 0.00840326 0.00973205 0.0113897 0.0110524 0.00938853 0.00929633 0.009492 0.0103065 0.0118969 0.847421 0.010968 0.0038109 0 0.00360942 0.00360883 0.0170466 0.0212874 0.00953882 0.0096051 0.0098663 0.00978133 0.00999679 0.0101368 0.00874581 0.00890883 0.0102914 0.00890968 0.00852869 0.00851941 0.00917713 0.0109737 0.010885 0.00928272 0.00883607 0.00859032 0.00943472 0.0136643 0.0112139 0.0105327 0.0100451 0.00841103 0.00821383 0.0081682 
0.00816793 0.00830294 0.00850695 0.00870428 0.00876509 0.0084828 0.00814909 0.00797555 0.00800044 0.00815873 0.00821054 0.00813809 0.00819143 0.00822253 0.00804908 0.00807527 0.00805106 0.00813327 0.00811164 0.00799311 0.0079164 0.00796533 0.00820286 0.0083458 0.00818302 0.00818146 0.00810063 0.0085977 0.00839571 0.0105682 0.00992268 0.0111985 0.00929633 0.00972472 0.0126072 0.010602 0.878233 0.00915309 0.00918278 0.00372582 0.00360942 0 0.00357024 0.0303577 0.0170406 0.00999839 0.0126693 0.00895468 0.0102764 0.0120487 0.00876143 0.00857147 0.010887 0.00948137 0.0103729 0.00864733 0.0086196 0.00934491 0.0107041 0.0126053 0.0101215 0.0082655 0.00860074 0.0108188 0.0112875 0.0125543 0.0127927 0.0100534 0.0087359 0.00818409 0.00811782 
0.00888968 0.00822065 0.00832886 0.0083602 0.00846979 0.00824417 0.00805748 0.00802785 0.00833492 0.00813494 0.00809888 0.0080959 0.00815269 0.0080198 0.0080542 0.00805541 0.00804294 0.00799466 0.00800681 0.00817012 0.00820683 0.00805064 0.00882918 0.00819721 0.00819908 0.00838853 0.00876397 0.00902386 0.00934753 0.0152929 0.017873 0.0190572 0.0104941 0.0174773 0.0109494 0.869287 0.00915639 0.01057 0.00944044 0.00416723 0.00360883 0.00357024 0 0.0291772 0.0406633 0.0166456 0.00974505 0.0154424 0.0171476 0.00946984 0.011861 0.0133265 0.00867223 0.00937814 0.0093938 0.0104676 0.0121178 0.00944031 0.00956099 0.00933199 0.00925451 0.00883767 0.0125897 0.00910734 0.00991209 0.0101392 0.0117578 0.00974578 0.00942966 0.00896874 0.00837612 
0.00819318 0.00814434 0.00820287 0.00829866 0.00829346 0.00827367 0.00814113 0.0081991 0.00796244 0.00806244 0.0080967 0.0080849 0.00807143 0.00808057 0.00804812 0.00800754 0.00796762 0.00804304 0.00805667 0.00812066 0.00785646 0.00799714 0.00798514 0.008247 0.00861484 0.00900232 0.00854198 0.00990359 0.0112796 0.0129911 0.0134479 0.00974193 0.0136783 0.00964411 0.0307394 0.00933475 0.0101915 0.00966255 0.0195084 0.0254401 0.0170466 0.0303577 0.0291772 0 0.0115482 0.0178823 0.0225761 0.014405 0.0111381 0.011622 0.0128484 0.00860672 0.00885661 0.00841278 0.00908731 0.0101429 0.00844393 0.00851697 0.00850193 0.00879262 0.0102726 0.0101437 0.00854982 0.00873653 0.00867888 0.00879192 0.00893458 0.00915706 0.00978936 0.008524 0.0100089 
0.00854908 0.00834384 0.00830906 0.00833621 0.00839822 0.00823559 0.00815502 0.00808476 0.00812007 0.00814608 0.00813723 0.00818344 0.00811699 0.00807112 0.00811259 0.00801399 0.00802764 0.00805824 0.00807431 0.0080648 0.00804831 0.00800927 0.00831809 0.00845247 0.0082969 0.00859458 0.00851834 0.00952649 0.0101788 0.0154875 0.0184239 0.0199026 0.00923223 0.0235514 0.0104632 0.0171804 0.00909006 0.011371 0.0119275 0.029466 0.0212874 0.0170406 0.0406633 0.0115482 0 0.0173287 0.0159347 0.0495489 0.0168218 0.0126935 0.0125544 0.013419 0.00888039 0.0087693 0.00987126 0.00972232 0.0113674 0.00914299 0.00900524 0.00927706 0.00994163 0.00907582 0.011693 0.00928725 0.00932512 0.00947685 0.00958711 0.0103423 0.00907817 0.0111375 0.00875333 
0.00823416 0.00819084 0.00839371 0.00833234 0.0083645 0.00836168 0.00822945 0.00832866 0.00808007 0.00817486 0.0081844 0.00823321 0.00822458 0.00822599 0.00821828 0.00816266 0.00812495 0.00819574 0.00817159 0.00825164 0.00797467 0.00813264 0.00817243 0.00836986 0.00869526 0.00874154 0.00820014 0.00869539 0.0085195 0.00874486 0.00842351 0.00819657 0.00841888 0.0081539 0.010056 0.00843681 0.00845483 0.00872984 0.0126344 0.0101214 0.00953882 0.00999839 0.0166456 0.0178823 0.0173287 0 0.0040933 0.00375466 0.00713115 0.00677969 0.915138 0.011156 0.00948335 0.010157 0.0107002 0.0183033 0.0104935 0.00954923 0.0108657 0.010886 0.0145883 0.0155194 0.0112751 0.010324 0.0129663 0.0112776 0.0120921 0.0103015 0.0167494 0.0091739 0.0139955 
0.00846655 0.00860965 0.00865179 0.00874219 0.00890001 0.00866548 0.00847554 0.00830933 0.00817928 0.00832348 0.00830549 0.0083535 0.00840704 0.00838819 0.00829908 0.00822203 0.00828775 0.00825273 0.00832506 0.00826752 0.00810296 0.00815607 0.00826384 0.00865174 0.00846319 0.00800403 0.00791167 0.00814757 0.00794424 0.00812407 0.00834793 0.00843766 0.00829143 0.00817687 0.00841269 0.00817146 0.00853338 0.0090566 0.00872708 0.00856451 0.0096051 0.0126693 0.00974505 0.0225761 0.0159347 0.0040933 0 0.00383646 0.00692858 0.955158 0.00709863 0.00895415 0.0187215 0.0109697 0.0434273 0.0104174 0.00932837 0.0142128 0.0115113 0.0150261 0.0297855 0.00950237 0.00952 0.0219636 0.0127113 0.0137183 0.0129488 0.0293058 0.00931785 0.0107416 0.00943094 
0.00845891 0.00832455 0.00834692 0.00836145 0.00841217 0.00832913 0.00824589 0.00814643 0.00824012 0.00820833 0.00822305 0.00824195 0.00823223 0.00816442 0.0081967 0.00818279 0.00817369 0.00815462 0.00817605 0.00819484 0.00810343 0.00813061 0.00831441 0.0083785 0.00818849 0.00805369 0.00806946 0.00811442 0.0082191 0.0086939 0.0096454 0.0090011 0.00812756 0.00887251 0.00827293 0.0104555 0.00828373 0.00843077 0.00902513 0.0119105 0.0098663 0.00895468 0.0154424 0.014405 0.0495489 0.00375466 0.00383646 0 0.968004 0.00552645 0.00750452 0.019825 0.0109774 0.0208106 0.0135878 0.0214465 0.0176338 0.00958505 0.0124627 0.0133606 0.0124505 0.0113423 0.020622 0.0101669 0.0126774 0.0117437 0.0129665 0.0144526 0.0149544 0.0124 0.0101531 
0.0083208 0.00835216 0.00849787 0.00861105 0.00869155 0.00853369 0.00836378 0.00841319 0.00818276 0.00827006 0.00827811 0.00831025 0.00830137 0.0082815 0.00826578 0.00823077 0.0082042 0.00826485 0.0082977 0.00841597 0.00806485 0.00819563 0.00823781 0.00847423 0.00874393 0.00877925 0.00830894 0.00925193 0.00859105 0.00917142 0.00887844 0.00844551 0.0085993 0.00857737 0.00953151 0.0087904 0.00882977 0.00894425 0.01227 0.0113726 0.00978133 0.0102764 0.0171476 0.0111381 0.0168218 0.00713115 0.00692858 0.968004 0 0.00360887 0.00373922 0.0345692 0.0596746 0.0177913 0.011964 0.0355684 0.014964 0.0152659 0.0139376 0.0143686 0.0155001 0.0175702 0.020722 0.0178584 0.0200534 0.0167557 0.0169692 0.0151929 0.0219349 0.0120686 0.015309 
0.00858004 0.00879917 0.00870146 0.0088715 0.00902 0.0087783 0.00856363 0.00844209 0.00827329 0.00846109 0.00840053 0.00844337 0.00846115 0.00841728 0.00831294 0.00827592 0.00833437 0.00834028 0.0084504 0.00838356 0.00815283 0.00830193 0.00841167 0.00876998 0.00847898 0.00814301 0.00798637 0.00842602 0.00798064 0.00834584 0.00844896 0.00849636 0.0081649 0.00845156 0.00840153 0.00865762 0.00854867 0.00878446 0.00867188 0.00909159 0.00999679 0.0120487 0.00946984 0.011622 0.0126935 0.00677969 0.955158 0.00552645 0.00360887 0 0.00386544 0.0603486 0.0406153 0.0133039 0.0552619 0.0103468 0.0108556 0.0224937 0.0115231 0.0147614 0.0322995 0.00996182 0.0125378 0.0293982 0.0142115 0.0162889 0.014515 0.0305238 0.00944986 0.0131872 0.0110779 
