1D06A
GSHMLETEDVVRARDAHLRSILDTVPDATVVSATDGTIVSFNAAAVRQFGYAEEEVIGQNLRILMPEPYRHEHDGYLQRYMATGEKRIIGIDRVVSGQRKDGSTFPMKLAVGEMRSGGERFFTGFIRDLT
CCHHHHHHHHHHHHCCCHHHHHCCCCCEEEEEECCCEEEEECHHHHHHHCCCHHHHCCCEHHHHCCCCHHHHHHHHHHHHHHHCCCCCCCCCEEEEEECCCCCEEEEEEEEEEEEECCEEEEEEEEEECC
0 0 0 0 0 0 0 0 0 0 0 0 0 0 0 0 0 0 0 0 0 0 0 0 0 0 0 0 0 0 0 0 0 0 0 0 0 0 0 0 0 0 0 0 0 0 0 0 0 0 0 0 0 0 0 0 0 0 0 0 0 0 0 0 0 0 0 0 0 0 0 0 0 0 0 0 0 0 0 0 0 0 0 0 0 0 0 0 0 0 0 0 0 0 0 0 0 0 0 0 0 0 0 0 0 0 0 0 0 0 0 0 0 0 0 0 0 0 0 0 0 0 0 0 0 0 0 0 0 0 
0 0 0 0 0 0 0 0 0 0 0 0 0 0 0 0 0 0 0 0 0 0 0 0 0 0 0 0 0 0 0 0 0 0 0 0 0 0 0 0 0 0 0 0 0 0 0 0 0 0 0 0 0 0 0 0 0 0 0 0 0 0 0 0 0 0 0 0 0 0 0 0 0 0 0 0 0 0 0 0 0 0 0 0 0 0 0 0 0 0 0 0 0 0 0 0 0 0 0 0 0 0 0 0 0 0 0 0 0 0 0 0 0 0 0 0 0 0 0 0 0 0 0 0 0 0 0 0 0 0 
0 0.0036567 0.00361316 0.003636 0.00365057 0.00495824 0.0125403 0.00701384 0.0071574 0.00988927 0.116107 0.0276769 0.0149503 0.0112362 0.0099134 0.00915961 0.00946331 0.0173833 0.00924531 0.00913752 0.00885019 0.00978411 0.00923297 0.0105915 0.00910243 0.00921547 0.00867445 0.00837267 0.00845956 0.00837654 0.00966183 0.00848795 0.00848083 0.00907146 0.00976026 0.00942652 0.0091975 0.00877722 0.00888637 0.00880859 0.00924507 
0.0036567 0 0.00366189 0.00362359 0.00370807 0.00365003 0.00581196 0.00737601 0.00823276 0.118234 0.0575584 0.0146488 0.0105397 0.0189949 0.013357 0.0176815 0.019565 0.0103719 0.00894368 0.010053 0.0128887 0.0120612 0.0159269 0.0130859 0.0201967 0.0118075 0.0111197 0.00947102 0.00872497 0.00889442 0.00832917 0.00851641 0.0105843 0.0138666 0.0178921 0.0158246 0.0141179 0.015369 0.00972763 0.0104732 0.00865425 
0.00361316 0.00366189 0 0.0036032 0.00358835 0.00357957 0.00468472 0.0103411 0.0596073 0.0830557 0.442663 0.00925242 0.0106181 0.0116853 0.0313488 0.0268743 0.0163265 0.00990339 0.0089201 0.0108797 0.0124383 0.020515 0.0161257 0.0255495 0.0229017 0.0233479 0.0152619 0.0126315 0.0106669 0.00846584 0.00812782 0.0083837 0.0099439 0.021799 0.0379729 0.0268551 0.0284925 0.0183815 0.0141161 0.00913556 0.00838415 
0.003636 0.00362359 0.0036032 0 0.00356255 0.00357711 0.00581672 0.0733488 0.062927 0.552982 0.00802391 0.00892642 0.00950918 0.0128941 0.0295535 0.026116 0.0163097 0.00932022 0.00874762 0.0111334 0.0130129 0.0193237 0.0158865 0.0244094 0.0244308 0.0207187 0.0139659 0.0124877 0.0100761 0.00851356 0.00827061 0.00835777 0.0100607 0.02426 0.0339911 0.0279141 0.0237487 0.0175747 0.0124614 0.0090766 0.00846375 
0.00365057 0.00370807 0.00358835 0.00356255 0 0.00360378 0.0585243 0.519773 0.105818 0.0146542 0.00645666 0.0106735 0.0105033 0.0192181 0.0101325 0.0116749 0.0142517 0.00978758 0.00948155 0.00900212 0.0118068 0.00940869 0.0148131 0.00938212 0.0139383 0.00986076 0.00978528 0.00893114 0.00849823 0.00863763 0.00818334 0.00912031 0.0095311 0.0106918 0.0138115 0.0116035 0.0101362 0.011167 0.00881659 0.00886225 0.00848181 
0.00495824 0.00365003 0.00357957 0.00357711 0.00360378 0 0.1033 0.0759989 0.00385303 0.00452338 0.00580962 0.0116537 0.0162031 0.00908395 0.0098793 0.00845563 0.00919532 0.0103207 0.0104097 0.00956183 0.0083434 0.00995137 0.00844226 0.0102441 0.00840739 0.00882589 0.00851067 0.00831327 0.00832305 0.00820323 0.00856198 0.00965691 0.00868786 0.00862128 0.00905921 0.00880169 0.00903705 0.0084943 0.00871605 0.00838808 0.00853078 
0.0125403 0.00581196 0.00468472 0.00581672 0.0585243 0.1033 0 0.00370895 0.00363681 0.00366614 0.00423265 0.0801333 0.0117292 0.0133053 0.00841431 0.0117926 0.00896044 0.0223574 0.0139269 0.00815586 0.0113408 0.00832893 0.013379 0.00832505 0.0125257 0.00859835 0.00886661 0.00881557 0.00818563 0.00960249 0.0103602 0.00940618 0.00819586 0.00878629 0.00906119 0.00947052 0.0084671 0.0104364 0.00831646 0.0103612 0.0116322 
0.00701384 0.00737601 0.0103411 0.0733488 0.519773 0.0759989 0.00370895 0 0.00358896 0.00362187 0.00413518 0.00834284 0.0147495 0.00933252 0.0223899 0.00867418 0.0205457 0.00981541 0.0082366 0.0136958 0.00834226 0.0238013 0.0084766 0.0240633 0.00849041 0.0115233 0.00947232 0.00855973 0.0088069 0.0085239 0.00865032 0.00812136 0.00928064 0.00902274 0.0123603 0.00929698 0.0139119 0.0085796 0.0113781 0.00876456 0.00860398 
0.0071574 0.00823276 0.0596073 0.062927 0.105818 0.00385303 0.00363681 0.00358896 0 0.00359482 0.00355132 0.00760665 0.00928829 0.0155692 0.00997909 0.0350299 0.00918404 0.00866464 0.00902054 0.00840006 0.0224459 0.00935173 0.0226902 0.00944086 0.026857 0.0102494 0.0097121 0.0111566 0.00870105 0.00833479 0.00807247 0.00815325 0.00844538 0.0162967 0.0145656 0.0196189 0.0117267 0.0191051 0.00892011 0.00897107 0.00823021 
0.00988927 0.118234 0.0830557 0.552982 0.0146542 0.00452338 0.00366614 0.00362187 0.00359482 0 0.0035738 0.0112049 0.00979981 0.012611 0.0136953 0.0127162 0.0203012 0.0097436 0.00871716 0.0104524 0.0103028 0.0103996 0.0109425 0.0106734 0.0116952 0.0106845 0.00980624 0.00890188 0.00850223 0.00868508 0.00811349 0.00835508 0.00970618 0.0102269 0.0144913 0.0113941 0.011084 0.010333 0.00903558 0.00912823 0.00840503 
0.116107 0.0575584 0.442663 0.00802391 0.00645666 0.00580962 0.00423265 0.00413518 0.00355132 0.0035738 0 0.0341426 0.0176944 0.0106753 0.010903 0.0100934 0.0133212 0.0170312 0.0143807 0.00991828 0.00908098 0.0105631 0.00937626 0.00991182 0.00891239 0.00957058 0.00897684 0.00847569 0.00847581 0.00810688 0.00870425 0.0110094 0.00878683 0.00897659 0.00953787 0.0095616 0.00954628 0.00864465 0.00872943 0.00834573 0.00849246 
0.0276769 0.0146488 0.00925242 0.00892642 0.0106735 0.0116537 0.0801333 0.00834284 0.00760665 0.0112049 0.0341426 0 0.0235754 0.00992073 0.00887083 0.00933207 0.00973412 0.0210723 0.021885 0.00893154 0.00917419 0.00890472 0.0103571 0.00850355 0.0125158 0.00850148 0.00843933 0.00849005 0.00819913 0.00896748 0.00958398 0.0134977 0.00947704 0.00885029 0.00854287 0.00883762 0.00835383 0.00880872 0.00824984 0.00903721 0.0102408 
0.0149503 0.0105397 0.0106181 0.00950918 0.0105033 0.0162031 0.0117292 0.0147495 0.00928829 0.00979981 0.0176944 0.0235754 0 0.00509697 0.00370024 0.00375135 0.00367689 0.00509574 0.0105257 0.0061915 0.00690528 0.00961213 0.0113341 0.696139 0.0162879 0.0127627 0.00902981 0.00877572 0.00874605 0.00907037 0.0201799 0.0104374 0.00933548 0.00930751 0.00957444 0.00976564 0.0113851 0.00956594 0.0100039 0.010703 0.0150065 
0.0112362 0.0189949 0.0116853 0.0128941 0.0192181 0.00908395 0.0133053 0.00933252 0.0155692 0.012611 0.0106753 0.00992073 0.00509697 0 0.0036123 0.0035749 0.0036206 0.00384297 0.00715436 0.00619224 0.00841004 0.00831627 0.922537 0.010196 0.0116244 0.00938177 0.00955999 0.00957512 0.00797472 0.0184524 0.00847563 0.00920022 0.010372 0.0105545 0.010698 0.0155928 0.00972514 0.0140684 0.00882555 0.0150173 0.00907612 
0.0099134 0.013357 0.0313488 0.0295535 0.0101325 0.0098793 0.00841431 0.0223899 0.00997909 0.0136953 0.010903 0.00887083 0.00370024 0.0036123 0 0.00354972 0.00355834 0.00361205 0.00517888 0.0116929 0.00659481 0.969858 0.00731775 0.0171605 0.00741352 0.0150204 0.00872939 0.00813498 0.0119073 0.00796863 0.00821503 0.00791175 0.00936733 0.00964542 0.0173988 0.0106698 0.0221885 0.00883114 0.0225775 0.00853108 0.00883799 
0.00915961 0.0176815 0.0268743 0.026116 0.0116749 0.00845563 0.0117926 0.00867418 0.0350299 0.0127162 0.0100934 0.00933207 0.00375135 0.0035749 0.00354972 0 0.00353934 0.00355878 0.00781665 0.00588986 0.965941 0.0068916 0.0168486 0.00652184 0.0144308 0.00843695 0.00806399 0.010773 0.00757332 0.00968218 0.00773293 0.00889129 0.00844295 0.0153263 0.0115095 0.0160407 0.00930368 0.0286616 0.00841478 0.0103967 0.00841373 
0.00946331 0.019565 0.0163265 0.0163097 0.0142517 0.00919532 0.00896044 0.0205457 0.00918404 0.0203012 0.0133212 0.00973412 0.00367689 0.0036206 0.00355834 0.00353934 0 0.00358912 0.00529167 0.962116 0.00630506 0.00945723 0.00597953 0.00913982 0.00723799 0.00801486 0.00807429 0.00715898 0.00791645 0.00779055 0.00748529 0.00815285 0.0151605 0.00930257 0.0126511 0.0101772 0.0153961 0.00875874 0.0108288 0.00945713 0.00896887 
0.0173833 0.0103719 0.00990339 0.00932022 0.00978758 0.0103207 0.0223574 0.00981541 0.00866464 0.0097436 0.0170312 0.0210723 0.00509574 0.00384297 0.00361205 0.00355878 0.00358912 0 0.959015 0.00477265 0.00586982 0.00474638 0.00697679 0.0063161 0.00674394 0.00691 0.00658011 0.00688247 0.00677185 0.00711582 0.0071334 0.0174951 0.00877366 0.00922906 0.00912113 0.0106525 0.0085577 0.009563 0.00884102 0.00856359 0.0100937 
0.00924531 0.00894368 0.0089201 0.00874762 0.00948155 0.0104097 0.0139269 0.0082366 0.00902054 0.00871716 0.0143807 0.021885 0.0105257 0.00715436 0.00517888 0.00781665 0.00529167 0.959015 0 0.00381637 0.00360796 0.00357535 0.00402285 0.00364508 0.00513492 0.00414808 0.00431 0.00504516 0.00523514 0.00669927 0.00778021 0.00808779 0.00701405 0.00918826 0.00830465 0.00897662 0.00816652 0.0104708 0.00818344 0.0140317 0.0139715 
0.00913752 0.010053 0.0108797 0.0111334 0.00900212 0.00956183 0.00815586 0.0136958 0.00840006 0.0104524 0.00991828 0.00893154 0.0061915 0.00619224 0.0116929 0.00588986 0.962116 0.00477265 0.00381637 0 0.00355825 0.00353473 0.00355386 0.00408255 0.00362506 0.00385141 0.00400095 0.00396907 0.00628713 0.00654171 0.00591882 0.00589812 0.00772539 0.00735645 0.00957897 0.00771926 0.0164173 0.00778912 0.0171957 0.00887719 0.00991828 
0.00885019 0.0128887 0.0124383 0.0130129 0.0118068 0.0083434 0.0113408 0.00834226 0.0224459 0.0103028 0.00908098 0.00917419 0.00690528 0.00841004 0.00659481 0.965941 0.00630506 0.00586982 0.00360796 0.00355825 0 0.00354649 0.00359713 0.00358133 0.00361943 0.00361362 0.00362812 0.00405452 0.00544466 0.00525094 0.00487889 0.00663943 0.00634641 0.00857027 0.00774266 0.0105578 0.00750292 0.0202711 0.00766012 0.0139715 0.0101558 
0.00978411 0.0120612 0.020515 0.0193237 0.00940869 0.00995137 0.00832893 0.0238013 0.00935173 0.0103996 0.0105631 0.00890472 0.00961213 0.00831627 0.969858 0.0068916 0.00945723 0.00474638 0.00357535 0.00353473 0.00354649 0 0.00353726 0.00372026 0.00357542 0.00366756 0.0038597 0.00393955 0.00421189 0.0040378 0.00482602 0.00568561 0.00725311 0.00678154 0.0102478 0.00744348 0.0162206 0.00757664 0.0139445 0.00927686 0.456198 
0.00923297 0.0159269 0.0161257 0.0158865 0.0148131 0.00844226 0.013379 0.0084766 0.0226902 0.0109425 0.00937626 0.0103571 0.0113341 0.922537 0.00731775 0.0168486 0.00597953 0.00697679 0.00402285 0.00355386 0.00359713 0.00353726 0 0.00353243 0.00357333 0.00360777 0.00364018 0.00425215 0.00387336 0.00478717 0.00394387 0.00687405 0.00635616 0.00822755 0.00728872 0.0128324 0.00736754 0.0229168 0.00876954 0.83712 0.0115248 
0.0105915 0.0130859 0.0255495 0.0244094 0.00938212 0.0102441 0.00832505 0.0240633 0.00944086 0.0106734 0.00991182 0.00850355 0.696139 0.010196 0.0171605 0.00652184 0.00913982 0.0063161 0.00364508 0.00408255 0.00358133 0.00372026 0.00353243 0 0.003539 0.00357462 0.00363944 0.00363734 0.0042056 0.00365192 0.0038109 0.00528077 0.00724848 0.006993 0.0129875 0.00723293 0.0167997 0.00881879 0.954471 0.00879503 0.00906642 
0.00910243 0.0201967 0.0229017 0.0244308 0.0139383 0.00840739 0.0125257 0.00849041 0.026857 0.0116952 0.00891239 0.0125158 0.0162879 0.0116244 0.00741352 0.0144308 0.00723799 0.00674394 0.00513492 0.00362506 0.00361943 0.00357542 0.00357333 0.003539 0 0.00353965 0.00353952 0.00363655 0.00355141 0.00367421 0.00358996 0.00613759 0.0063927 0.0103351 0.00720704 0.0116718 0.0106569 0.967144 0.00878679 0.0107 0.00812364 
0.00921547 0.0118075 0.0233479 0.0207187 0.00986076 0.00882589 0.00859835 0.0115233 0.0102494 0.0106845 0.00957058 0.00850148 0.0127627 0.00938177 0.0150204 0.00843695 0.00801486 0.00691 0.00414808 0.00385141 0.00361362 0.00366756 0.00360777 0.00357462 0.00353965 0 0.00351471 0.00358402 0.00354783 0.00358249 0.00365429 0.00514366 0.00994421 0.00652292 0.0106258 0.0115608 0.963794 0.0104118 0.0108551 0.00808196 0.00801868 
0.00867445 0.0111197 0.0152619 0.0139659 0.00978528 0.00851067 0.00886661 0.00947232 0.0097121 0.00980624 0.00897684 0.00843933 0.00902981 0.00955999 0.00872939 0.00806399 0.00807429 0.00658011 0.00431 0.00400095 0.00362812 0.0038597 0.00364018 0.00363944 0.00353952 0.00351471 0 0.00353822 0.00355582 0.00358207 0.00362004 0.00454336 0.00518456 0.00772024 0.0131749 0.955408 0.0204685 0.00821463 0.0078241 0.00725801 0.00776622 
0.00837267 0.00947102 0.0126315 0.0124877 0.00893114 0.00831327 0.00881557 0.00855973 0.0111566 0.00890188 0.00847569 0.00849005 0.00877572 0.00957512 0.00813498 0.010773 0.00715898 0.00688247 0.00504516 0.00396907 0.00405452 0.00393955 0.00425215 0.00363734 0.00363655 0.00358402 0.00353822 0 0.00353295 0.00357913 0.00355752 0.00391757 0.00762972 0.0100033 0.94163 0.0212336 0.00698782 0.00805837 0.00662226 0.00682652 0.00700641 
0.00845956 0.00872497 0.0106669 0.0100761 0.00849823 0.00832305 0.00818563 0.0088069 0.00870105 0.00850223 0.00847581 0.00819913 0.00874605 0.00797472 0.0119073 0.00757332 0.00791645 0.00677185 0.00523514 0.00628713 0.00544466 0.00421189 0.00387336 0.0042056 0.00355141 0.00354783 0.00355582 0.00353295 0 0.00355706 0.00354295 0.00417435 0.00662975 0.963687 0.0189363 0.00589023 0.0077087 0.00581147 0.00679479 0.00620517 0.00638976 
0.00837654 0.00889442 0.00846584 0.00851356 0.00863763 0.00820323 0.00960249 0.0085239 0.00833479 0.00868508 0.00810688 0.00896748 0.00907037 0.0184524 0.00796863 0.00968218 0.00779055 0.00711582 0.00669927 0.00654171 0.00525094 0.0040378 0.00478717 0.00365192 0.00367421 0.00358249 0.00358207 0.00357913 0.00355706 0 0.00362371 0.00959783 0.995083 0.0101803 0.00498232 0.00499838 0.00540377 0.00620873 0.00608373 0.00597356 0.006147 
0.00966183 0.00832917 0.00812782 0.00827061 0.00818334 0.00856198 0.0103602 0.00865032 0.00807247 0.00811349 0.00870425 0.00958398 0.0201799 0.00847563 0.00821503 0.00773293 0.00748529 0.0071334 0.00778021 0.00591882 0.00487889 0.00482602 0.00394387 0.0038109 0.00358996 0.00365429 0.00362004 0.00355752 0.00354295 0.00362371 0 0.996182 0.005927 0.00386424 0.00394315 0.00399906 0.00435458 0.00515687 0.00567912 0.00553095 0.00577448 
0.00848795 0.00851641 0.0083837 0.00835777 0.00912031 0.00965691 0.00940618 0.00812136 0.00815325 0.00835508 0.0110094 0.0134977 0.0104374 0.00920022 0.00791175 0.00889129 0.00815285 0.0174951 0.00808779 0.00589812 0.00663943 0.00568561 0.00687405 0.00528077 0.00613759 0.00514366 0.00454336 0.00391757 0.00417435 0.00959783 0.996182 0 0.00372373 0.00356372 0.00359075 0.00360099 0.00360839 0.00398988 0.00396097 0.00535893 0.00695301 
0.00848083 0.0105843 0.0099439 0.0100607 0.0095311 0.00868786 0.00819586 0.00928064 0.00844538 0.00970618 0.00878683 0.00947704 0.00933548 0.010372 0.00936733 0.00844295 0.0151605 0.00877366 0.00701405 0.00772539 0.00634641 0.00725311 0.00635616 0.00724848 0.0063927 0.00994421 0.00518456 0.00762972 0.00662975 0.995083 0.005927 0.00372373 0 0.00357937 0.00355151 0.00357417 0.00360493 0.00364783 0.00390386 0.00580163 0.00478642 
0.00907146 0.0138666 0.021799 0.02426 0.0106918 0.00862128 0.00878629 0.00902274 0.0162967 0.0102269 0.00897659 0.00885029 0.00930751 0.0105545 0.00964542 0.0153263 0.00930257 0.00922906 0.00918826 0.00735645 0.00857027 0.00678154 0.00822755 0.006993 0.0103351 0.00652292 0.00772024 0.0100033 0.963687 0.0101803 0.00386424 0.00356372 0.00357937 0 0.00355268 0.0035527 0.00356147 0.00361137 0.0053765 0.00380795 0.00421207 
0.00976026 0.0178921 0.0379729 0.0339911 0.0138115 0.00905921 0.00906119 0.0123603 0.0145656 0.0144913 0.00953787 0.00854287 0.00957444 0.010698 0.0173988 0.0115095 0.0126511 0.00912113 0.00830465 0.00957897 0.00774266 0.0102478 0.00728872 0.0129875 0.00720704 0.0106258 0.0131749 0.94163 0.0189363 0.00498232 0.00394315 0.00359075 0.00355151 0.00355268 0 0.00354768 0.00354597 0.00358718 0.00367066 0.00365669 0.00381695 
0.00942652 0.0158246 0.0268551 0.0279141 0.0116035 0.00880169 0.00947052 0.00929698 0.0196189 0.0113941 0.0095616 0.00883762 0.00976564 0.0155928 0.0106698 0.0160407 0.0101772 0.0106525 0.00897662 0.00771926 0.0105578 0.00744348 0.0128324 0.00723293 0.0116718 0.0115608 0.955408 0.0212336 0.00589023 0.00499838 0.00399906 0.00360099 0.00357417 0.0035527 0.00354768 0 0.00355362 0.00359257 0.00355235 0.00357108 0.00367636 
0.0091975 0.0141179 0.0284925 0.0237487 0.0101362 0.00903705 0.0084671 0.0139119 0.0117267 0.011084 0.00954628 0.00835383 0.0113851 0.00972514 0.0221885 0.00930368 0.0153961 0.0085577 0.00816652 0.0164173 0.00750292 0.0162206 0.00736754 0.0167997 0.0106569 0.963794 0.0204685 0.00698782 0.0077087 0.00540377 0.00435458 0.00360839 0.00360493 0.00356147 0.00354597 0.00355362 0 0.00355261 0.00364904 0.00356246 0.00364964 
0.00877722 0.015369 0.0183815 0.0175747 0.011167 0.0084943 0.0104364 0.0085796 0.0191051 0.010333 0.00864465 0.00880872 0.00956594 0.0140684 0.00883114 0.0286616 0.00875874 0.009563 0.0104708 0.00778912 0.0202711 0.00757664 0.0229168 0.00881879 0.967144 0.0104118 0.00821463 0.00805837 0.00581147 0.00620873 0.00515687 0.00398988 0.00364783 0.00361137 0.00358718 0.00359257 0.00355261 0 0.00354195 0.00356184 0.00386803 
0.00888637 0.00972763 0.0141161 0.0124614 0.00881659 0.00871605 0.00831646 0.0113781 0.00892011 0.00903558 0.00872943 0.00824984 0.0100039 0.00882555 0.0225775 0.00841478 0.0108288 0.00884102 0.00818344 0.0171957 0.00766012 0.0139445 0.00876954 0.954471 0.00878679 0.0108551 0.0078241 0.00662226 0.00679479 0.00608373 0.00567912 0.00396097 0.00390386 0.0053765 0.00367066 0.00355235 0.00364904 0.00354195 0 0.00356784 0.00362595 
0.00880859 0.0104732 0.00913556 0.0090766 0.00886225 0.00838808 0.0103612 0.00876456 0.00897107 0.00912823 0.00834573 0.00903721 0.010703 0.0150173 0.00853108 0.0103967 0.00945713 0.00856359 0.0140317 0.00887719 0.0139715 0.00927686 0.83712 0.00879503 0.0107 0.00808196 0.00725801 0.00682652 0.00620517 0.00597356 0.00553095 0.00535893 0.00580163 0.00380795 0.00365669 0.00357108 0.00356246 0.00356184 0.00356784 0 0.00412562 
0.00924507 0.00865425 0.00838415 0.00846375 0.00848181 0.00853078 0.0116322 0.00860398 0.00823021 0.00840503 0.00849246 0.0102408 0.0150065 0.00907612 0.00883799 0.00841373 0.00896887 0.0100937 0.0139715 0.00991828 0.0101558 0.456198 0.0115248 0.00906642 0.00812364 0.00801868 0.00776622 0.00700641 0.00638976 0.006147 0.00577448 0.00695301 0.00478642 0.00421207 0.00381695 0.00367636 0.00364964 0.00386803 0.00362595 0.00412562 0 
