1DKNA
QSEPELKLESVVIVSRHGVRAPTKATQLMQDVTPDAWPTWPVKLGWLTPRGGELIAYLGHYQRQRLVADGLLAKKGCPQSGQVAIIADVDERTRKTGEAFAAGLAPDCAITVHTQTDTSSPDPLFNPLKTGVCQLDNANVTDAILSRAGGSIADFTGHRQTAFRELERVLNFPQSNLCLKREKQDESCSLTQALPSELKVSADNVSLTGAVSLASMLTEIFLLQQAQGMPEPGWGRITDSHQWNTLLSLHNAQFYLLQRTPEVARSRATPLLDLIKTALTPHPPQKQAYGVTLPTSVLFIAGHDTNLANLGGALELNWTLPGQPDNTPPGGELVFERWRRLSDNSQWIQVSLVFQTLQQMRDKTPLSLNTPPGEVKLTLAGCEERNAQGMCSLAGFTQIVNEARIPACSL
CCCCCEEEEEEEEEEECCCEECCCCCHHHHHCCCCCCCCCCCCECCECHHHHHHHHHHHHHHHHHHHHCCCCCCCCCCCCCCEEEEECCCHHHHHHHHHHHHHHCCCCCCCCECCCCCCCCCHHHCCCCCCCCCCCHHHHHHHHHHHCCCCHHHHHHCCHHHHHHHHHHHCHHHCHHHHCCCCCCCCCCHHHHCCCCEEECCCCEEECCHHHHHHHHHHHHHHHHHCCCCCCCCCCCCCHHHHHHHHHHHHHHHHHHCCCHHHHHHHHHHHHHHHHHHHCCCCCEECHHHCEECCCEEEEEECHHHHHHHHHHHCCCCCECCECCCCCCCCEEEEEEEEECCCCEEEEEEEEEECCHHHHHCCCCCCCCCCCEEEEECCCCCCCECCCCCEEHHHHHHHHHHHCCHHHCC
0 0 0 0 0 0 0 0 0 0 0 0 0 0 0 0 0 0 0 0 0 0 0 0 0 0 0 0 0 0 0 0 0 0 0 0 0 0 0 0 0 0 0 0 0 0 0 0 0 0 0 0 0 0 0 0 0 0 0 0 0 0 0 0 0 0 0 0 0 0 0 0 0 0 0 0 0 0 0 0 0 0 0 0 0 0 0 0 0 0 0 0 0 0 0 0 0 0 0 0 0 0 0 0 0 0 0 0 0 0 0 0 0 0 0 0 0 0 0 0 0 0 0 0 0 0 0 0 0 0 0 0 0 0 0 0 0 0 0 0 0 0 0 0 0 0 0 0 0 0 0 0 0 0 0 0 0 0 0 0 0 0 0 0 0 0 0 0 0 0 0 0 0 0 0 0 0 0 0 0 0 0 0 0 0 0 0 0 0 0 0 0 0 0 0 0 0 0 0 0 0 0 0 0 0 0 0 0 0 0 0 0 0 0 0 0 0 0 0 0 0 0 0 0 0 0 0 0 0 0 0 0 0 0 0 0 0 0 0 0 0 0 0 0 0 0 0 0 0 0 0 0 0 0 0 0 0 0 0 0 0 0 0 0 0 0 0 0 0 0 0 0 0 0 0 0 0 0 0 0 0 0 0 0 0 0 0 0 0 0 0 0 0 0 0 0 0 0 0 0 0 0 0 0 0 0 0 0 0 0 0 0 0 0 0 0 0 0 0 0 0 0 0 0 0 0 0 0 0 0 0 0 0 0 0 0 0 0 0 0 0 0 0 0 0 0 0 0 0 0 0 0 0 0 0 0 0 0 0 0 0 0 0 0 0 0 0 0 0 0 0 0 0 0 0 0 0 0 0 0 0 0 0 0 0 0 0 0 0 0 0 0 0 0 0 0 0 0 0 0 0 0 0 0 0 0 0 0 0 0 
0 0 0 0 0 0 0 0 0 0 0 0 0 0 0 0 0 0 0 0 0 0 0 0 0 0 0 0 0 0 0 0 0 0 0 0 0 0 0 0 0 0 0 0 0 0 0 0 0 0 0 0 0 0 0 0 0 0 0 0 0 0 0 0 0 0 0 0 0 0 0 0 0 0 0 0 0 0 0 0 0 0 0 0 0 0 0 0 0 0 0 0 0 0 0 0 0 0 0 0 0 0 0 0 0 0 0 0 0 0 0 0 0 0 0 0 0 0 0 0 0 0 0 0 0 0 0 0 0 0 0 0 0 0 0 0 0 0 0 0 0 0 0 0 0 0 0 0 0 0 0 0 0 0 0 0 0 0 0 0 0 0 0 0 0 0 0 0 0 0 0 0 0 0 0 0 0 0 0 0 0 0 0 0 0 0 0 0 0 0 0 0 0 0 0 0 0 0 0 0 0 0 0 0 0 0 0 0 0 0 0 0 0 0 0 0 0 0 0 0 0 0 0 0 0 0 0 0 0 0 0 0 0 0 0 0 0 0 0 0 0 0 0 0 0 0 0 0 0 0 0 0 0 0 0 0 0 0 0 0 0 0 0 0 0 0 0 0 0 0 0 0 0 0 0 0 0 0 0 0 0 0 0 0 0 0 0 0 0 0 0 0 0 0 0 0 0 0 0 0 0 0 0 0 0 0 0 0 0 0 0 0 0 0 0 0 0 0 0 0 0 0 0 0 0 0 0 0 0 0 0 0 0 0 0 0 0 0 0 0 0 0 0 0 0 0 0 0 0 0 0 0 0 0 0 0 0 0 0 0 0 0 0 0 0 0 0 0 0 0 0 0 0 0 0 0 0 0 0 0 0 0 0 0 0 0 0 0 0 0 0 0 0 0 0 0 0 0 0 0 0 0 0 0 0 0 0 0 0 0 
0 0.00369026 0.00366679 0.00362953 0.00372434 0.00392888 0.00445726 0.004858 0.00567926 0.00618488 0.0163765 0.00908086 0.022291 0.0142883 0.0253064 0.0135757 0.00916185 0.0106873 0.00944764 0.0161834 0.00874126 0.00974596 0.00801943 0.010448 0.00898731 0.00798555 0.0098021 0.00842936 0.00882108 0.00828822 0.0090279 0.00891863 0.00864897 0.00859731 0.00889996 0.0083612 0.0089218 0.0119084 0.00920688 0.00861265 0.00885313 0.00865599 0.00887401 0.0084891 0.00844232 0.00857392 0.00876156 0.00926598 0.00872199 0.0084912 0.008645 0.00875421 0.00866458 0.0093739 0.00882503 0.00922148 0.0088766 0.0101988 0.0110338 0.00888225 0.012247 0.00937533 0.0157362 0.01214 0.0103404 0.0102281 
0.00369026 0 0.0036057 0.00361195 0.0037368 0.00365982 0.00398138 0.00412904 0.00435822 0.0189258 0.00569651 0.0139968 0.00751181 0.010698 0.00964157 0.00948688 0.0224054 0.0133904 0.0174053 0.00903768 0.00863879 0.00799618 0.00859721 0.00811375 0.00796072 0.00845457 0.00805118 0.0081124 0.00822786 0.00861183 0.00840727 0.00836355 0.00873996 0.00865161 0.00853523 0.00841247 0.00837256 0.00835699 0.00834642 0.00863045 0.00874381 0.00881005 0.00867385 0.00854127 0.00850774 0.00847669 0.00848309 0.00857443 0.00831033 0.00844512 0.00874745 0.00861665 0.00885342 0.0087475 0.00896949 0.00882496 0.00894312 0.00878413 0.00857661 0.00992423 0.00917941 0.0112562 0.00916376 0.0105165 0.0093652 0.00984442 
0.00366679 0.0036057 0 0.00354155 0.00354762 0.00372742 0.00369595 0.00405275 0.00448536 0.00391806 0.0048899 0.00649868 0.00715953 0.00836964 0.00963249 0.0112827 0.0157471 0.0501929 0.0138474 0.0113187 0.00801033 0.00871836 0.00808751 0.00837397 0.00849445 0.00805949 0.00841459 0.00825819 0.00824734 0.00818788 0.00843763 0.00865896 0.00901753 0.00891933 0.00877237 0.008447 0.00839692 0.00873817 0.00833733 0.00862834 0.00903178 0.00895382 0.00904134 0.00876312 0.00864818 0.00887572 0.00854966 0.00838578 0.00855695 0.00864653 0.00903851 0.00891017 0.00898392 0.00922657 0.00917286 0.00937432 0.00900173 0.0089121 0.00904066 0.0089755 0.0114216 0.00907025 0.0119943 0.0090084 0.00923726 0.00899095 
0.00362953 0.00361195 0.00354155 0 0.0035395 0.00355007 0.0036522 0.00370443 0.00370462 0.00371373 0.00400322 0.00746252 0.00644583 0.00900212 0.00907369 0.0106332 0.0335134 0.0334317 0.0174204 0.0097663 0.0081869 0.00820911 0.00826334 0.00804063 0.00819367 0.00813878 0.00804136 0.00809016 0.00818859 0.00824369 0.00826685 0.00840597 0.00878181 0.00889589 0.00861752 0.00842976 0.00835129 0.00823719 0.00821406 0.00836547 0.00876188 0.00876249 0.00876498 0.00858688 0.00859184 0.00852696 0.00853661 0.00840736 0.00817707 0.00849681 0.00883381 0.00876135 0.00877026 0.00894994 0.00887477 0.0090946 0.00886102 0.00882235 0.00846887 0.00884269 0.00955911 0.00977185 0.009314 0.00915161 0.00882626 0.00916613 
0.00372434 0.0037368 0.00354762 0.0035395 0 0.00354925 0.00362968 0.00366873 0.00366798 0.00377831 0.00390428 0.00698861 0.00661287 0.00882811 0.0090728 0.0133279 0.0266218 0.0458927 0.0183496 0.0113394 0.00820637 0.0082868 0.0082081 0.00814777 0.00827541 0.00816402 0.0081999 0.00820077 0.00823171 0.00821621 0.00835844 0.00871325 0.00906832 0.00913849 0.00891749 0.00878317 0.00842085 0.00830977 0.00824591 0.0088392 0.00911889 0.00914069 0.00907941 0.00887568 0.00867942 0.00894411 0.00859825 0.00838807 0.00859779 0.00862505 0.00923462 0.00904387 0.00919875 0.00938161 0.00944604 0.00962483 0.00924927 0.00912252 0.00878328 0.00891455 0.0102697 0.00933086 0.00981258 0.00914628 0.00911138 0.0091813 
0.00392888 0.00365982 0.00372742 0.00355007 0.00354925 0 0.00359464 0.00369229 0.00362589 0.00366257 0.00395896 0.00662304 0.00735102 0.0089933 0.010424 0.0141304 0.0325285 0.0592101 0.0232676 0.0121955 0.00810132 0.00836622 0.00830137 0.00818427 0.00824812 0.00824367 0.00828096 0.00817306 0.00823909 0.00824441 0.00834568 0.00868945 0.00912075 0.00919791 0.00893831 0.00875137 0.00844609 0.00836035 0.00825305 0.00871001 0.00913105 0.00919734 0.00922289 0.00885669 0.00889961 0.00882833 0.00883321 0.00843271 0.00831244 0.00876977 0.00915803 0.00932915 0.00920943 0.00946157 0.0094328 0.00959501 0.00938123 0.00906343 0.00866806 0.00900105 0.0103523 0.00933539 0.0103599 0.00900924 0.00917487 0.00923021 
0.00445726 0.00398138 0.00369595 0.0036522 0.00362968 0.00359464 0 0.00369997 0.00361677 0.00383746 0.00364007 0.00768042 0.00678117 0.00985917 0.00973639 0.01657 0.0646963 0.0964298 0.0359111 0.0146746 0.00833928 0.00841264 0.00838402 0.00822349 0.00836645 0.00832308 0.00833081 0.00821215 0.00828432 0.00834936 0.00847033 0.00887408 0.00956295 0.00970673 0.00931089 0.00897652 0.00859268 0.00836427 0.00828308 0.00892568 0.00948566 0.00962127 0.00969738 0.00920188 0.00896618 0.00902282 0.00885009 0.00852477 0.00854059 0.00894337 0.00967517 0.00964421 0.00983257 0.00991807 0.0100108 0.0100041 0.00977161 0.00928165 0.0088043 0.00934017 0.0102878 0.0102631 0.00995209 0.00955748 0.00964468 0.0096161 
0.004858 0.00412904 0.00405275 0.00370443 0.00366873 0.00369229 0.00369997 0 0.00357648 0.00364118 0.00360942 0.0056984 0.00653594 0.0100706 0.0105735 0.0151443 0.0636149 0.113981 0.0489554 0.0152752 0.00843965 0.00863943 0.00843983 0.00830007 0.00849175 0.00836533 0.00850196 0.00819002 0.00826721 0.0083872 0.00852637 0.00893935 0.00956166 0.00995002 0.00943509 0.00913528 0.0086829 0.0083776 0.00826712 0.00906003 0.00955205 0.00972597 0.00972234 0.00930545 0.00906035 0.00903489 0.00884339 0.00855034 0.00844415 0.00895377 0.00974919 0.00974746 0.00987689 0.0100149 0.00999814 0.0101274 0.00989703 0.00937002 0.00893318 0.00933577 0.0101572 0.00995867 0.01012 0.00948034 0.00959199 0.00950089 
0.00567926 0.00435822 0.00448536 0.00370462 0.00366798 0.00362589 0.00361677 0.00357648 0 0.00355779 0.00356637 0.00565546 0.00918121 0.0117628 0.00960851 0.0128866 0.0364264 0.11558 0.0322345 0.0156776 0.00823825 0.0082906 0.00826585 0.00828891 0.00820206 0.00818692 0.0084999 0.00819331 0.00819959 0.00819777 0.00831907 0.00868119 0.00916055 0.00931209 0.00908671 0.00863915 0.00870016 0.00834438 0.00826283 0.00866439 0.0091515 0.00915177 0.00929991 0.00886984 0.00873354 0.0087537 0.00862495 0.00844868 0.008458 0.00875055 0.009268 0.00919852 0.00935412 0.00964735 0.00955369 0.00979217 0.00943242 0.00970642 0.00866952 0.00891044 0.00962504 0.00917596 0.00989984 0.00894444 0.00913963 0.00922691 
0.00618488 0.0189258 0.00391806 0.00371373 0.00377831 0.00366257 0.00383746 0.00364118 0.00355779 0 0.00358024 0.0136948 0.0311932 0.0105725 0.0106876 0.0113886 0.0327325 0.025229 0.0383881 0.0143991 0.00843638 0.00821695 0.00826664 0.00809817 0.00818948 0.00816323 0.0082114 0.00810915 0.00820004 0.00828811 0.00835527 0.00848386 0.00879949 0.00891364 0.00863893 0.00847386 0.00839308 0.0082691 0.00824267 0.00858077 0.00888381 0.00890787 0.00883116 0.00862112 0.00847628 0.00853912 0.00844612 0.00831375 0.00826768 0.00845202 0.00881757 0.00873421 0.00893038 0.00899572 0.00896255 0.00913248 0.00902483 0.00876596 0.00851429 0.00875978 0.00916543 0.00923335 0.00905454 0.00885634 0.0090816 0.00897137 
0.0163765 0.00569651 0.0048899 0.00400322 0.00390428 0.00395896 0.00364007 0.00360942 0.00356637 0.00358024 0 0.0429798 0.0044431 0.0109238 0.0147939 0.0180015 0.00977732 0.012039 0.0119623 0.0201682 0.00886858 0.00826029 0.00804815 0.0081065 0.00821368 0.0080279 0.00821096 0.00809415 0.0081338 0.00833224 0.00829606 0.00845754 0.00844712 0.00849809 0.00835627 0.008296 0.00837792 0.008403 0.00834027 0.00874438 0.00854278 0.00845208 0.00841954 0.00833825 0.0083182 0.00833545 0.00828712 0.00829544 0.00830113 0.00830625 0.00840078 0.00838361 0.00844674 0.00841882 0.00845471 0.00846756 0.00855435 0.00862926 0.00935787 0.00834916 0.0086622 0.00854467 0.0089148 0.00917256 0.00909912 0.00876699 
0.00908086 0.0139968 0.00649868 0.00746252 0.00698861 0.00662304 0.00768042 0.0056984 0.00565546 0.0136948 0.0429798 0 0.00406584 0.0297919 0.071455 0.0120616 0.0117372 0.0092842 0.0106308 0.0121729 0.0104716 0.00803918 0.00812441 0.00818098 0.00798727 0.00808517 0.00804603 0.00804637 0.00814256 0.00845913 0.00830532 0.00845346 0.00849686 0.00839009 0.0083676 0.00825017 0.00840324 0.00852394 0.00839487 0.00854288 0.00850104 0.00848089 0.00850395 0.00835008 0.00841379 0.00833577 0.00823722 0.00845295 0.00829645 0.00828371 0.00853535 0.00844024 0.00853375 0.00866118 0.00855579 0.0085831 0.00856664 0.00888302 0.00860068 0.00872089 0.00847081 0.00964975 0.0091088 0.0104819 0.00918699 0.00960597 
0.022291 0.00751181 0.00715953 0.00644583 0.00661287 0.00735102 0.00678117 0.00653594 0.00918121 0.0311932 0.0044431 0.00406584 0 0.132089 0.0231828 0.0165852 0.0103308 0.0094423 0.00987467 0.0118076 0.00911467 0.00843726 0.00797904 0.00809493 0.00838309 0.00802889 0.00814715 0.00812862 0.00819434 0.00830584 0.00826596 0.00860156 0.0084536 0.00839296 0.00832864 0.00824748 0.00832133 0.00868839 0.00841656 0.00862925 0.00855655 0.00835044 0.00837302 0.00831134 0.00828389 0.00828009 0.00827866 0.00837784 0.00840802 0.00833465 0.00836993 0.00836597 0.00841036 0.00838306 0.00838719 0.00843948 0.00854833 0.00861093 0.00932869 0.00847454 0.00879273 0.00878554 0.0093802 0.00949572 0.00936192 0.00894879 
0.0142883 0.010698 0.00836964 0.00900212 0.00882811 0.0089933 0.00985917 0.0100706 0.0117628 0.0105725 0.0109238 0.0297919 0.132089 0 0.33116 0.0147081 0.0106594 0.00942551 0.0113374 0.014116 0.0149279 0.00853459 0.00803137 0.00835646 0.00857518 0.00796918 0.00822252 0.00824246 0.0082668 0.00839878 0.00813753 0.00831103 0.00817128 0.00809568 0.00815104 0.00805118 0.00820814 0.00914195 0.00848297 0.00848078 0.00822789 0.00817231 0.00820309 0.00816861 0.00814035 0.00820046 0.00817902 0.00843212 0.0083675 0.00818394 0.00817949 0.00817925 0.00815297 0.00821986 0.00818502 0.00820476 0.00821859 0.0085317 0.00883632 0.00833794 0.00844052 0.00886064 0.00938963 0.0104577 0.0089618 0.0092106 
0.0253064 0.00964157 0.00963249 0.00907369 0.0090728 0.010424 0.00973639 0.0105735 0.00960851 0.0106876 0.0147939 0.071455 0.0231828 0.33116 0 0.0227897 0.0107331 0.0111488 0.0145364 0.0418382 0.0265432 0.0105465 0.00816778 0.00934525 0.00985773 0.00810657 0.00911955 0.00867079 0.00865251 0.00888468 0.00859795 0.00909981 0.00828355 0.00831866 0.00823554 0.00817514 0.00895153 0.0110325 0.00938366 0.00925094 0.00845499 0.00849762 0.00850836 0.0083043 0.00832449 0.00846817 0.00834854 0.00879725 0.00899746 0.00831347 0.00837732 0.00839945 0.00838554 0.00857802 0.00842034 0.00846651 0.00848724 0.0094527 0.0102827 0.00854089 0.00928344 0.00876581 0.0117554 0.0127053 0.0108184 0.0103108 
0.0135757 0.00948688 0.0112827 0.0106332 0.0133279 0.0141304 0.01657 0.0151443 0.0128866 0.0113886 0.0180015 0.0120616 0.0165852 0.0147081 0.0227897 0 0.00431841 0.00364591 0.00369564 0.00502414 0.0485621 0.0105309 0.0085714 0.0138931 0.00908052 0.00813065 0.0112067 0.00799485 0.0083857 0.00802464 0.00852146 0.00865275 0.00850223 0.00862604 0.00844583 0.00825311 0.00896946 0.00905891 0.00834737 0.00825221 0.00841159 0.00839412 0.0084161 0.00838175 0.0082763 0.00844637 0.00827491 0.00847471 0.0081652 0.00822838 0.00831867 0.00831961 0.00832651 0.00843405 0.00831581 0.00849908 0.00830212 0.00892201 0.00838793 0.00828701 0.00870308 0.00858082 0.0104985 0.00923624 0.00846846 0.00888824 
0.00916185 0.0224054 0.0157471 0.0335134 0.0266218 0.0325285 0.0646963 0.0636149 0.0364264 0.0327325 0.00977732 0.0117372 0.0103308 0.0106594 0.0107331 0.00431841 0 0.00359804 0.00364075 0.00373844 0.0208481 0.00956536 0.00935182 0.00861379 0.00841235 0.00897965 0.00868883 0.00797651 0.00806095 0.00804531 0.00823874 0.00839078 0.00896407 0.00916608 0.00885531 0.0084843 0.00835853 0.00814528 0.00809484 0.00836983 0.00879249 0.00893949 0.00888262 0.00864351 0.00856846 0.00851958 0.00839897 0.00827825 0.00829178 0.00843204 0.00879229 0.00871931 0.0087617 0.00887006 0.00875025 0.00905117 0.00880416 0.00867487 0.00830331 0.00857757 0.00872687 0.00877011 0.00874519 0.00835543 0.00855075 0.00865476 
0.0106873 0.0133904 0.0501929 0.0334317 0.0458927 0.0592101 0.0964298 0.113981 0.11558 0.025229 0.012039 0.0092842 0.0094423 0.00942551 0.0111488 0.00364591 0.00359804 0 0.00357335 0.00358767 0.0159419 0.0103794 0.00932933 0.00895703 0.00877213 0.0084594 0.00892977 0.00805558 0.00802784 0.00816879 0.00817658 0.0088609 0.00948958 0.0104625 0.00978393 0.00866392 0.00842406 0.00810767 0.00805013 0.0085446 0.00924248 0.00938709 0.00945716 0.00890072 0.00880324 0.00877734 0.00850474 0.00835714 0.00828795 0.0087595 0.00919576 0.00902042 0.00906207 0.00910094 0.00907625 0.00936641 0.00889241 0.00876545 0.00845748 0.00862777 0.00892061 0.008654 0.00870083 0.00826939 0.00853466 0.00863975 
0.00944764 0.0174053 0.0138474 0.0174204 0.0183496 0.0232676 0.0359111 0.0489554 0.0322345 0.0383881 0.0119623 0.0106308 0.00987467 0.0113374 0.0145364 0.00369564 0.00364075 0.00357335 0 0.00364895 0.0274274 0.00987136 0.00941024 0.00867271 0.0084903 0.00899587 0.00920691 0.00801874 0.00797624 0.00818546 0.00810859 0.0087167 0.00892365 0.00911266 0.00915876 0.00848816 0.0082283 0.00806971 0.00807024 0.00855877 0.0089162 0.00880661 0.00899368 0.00851265 0.00846981 0.00852851 0.00831769 0.00810335 0.00825 0.00845825 0.00879701 0.00872175 0.00876803 0.00888388 0.00872985 0.00902607 0.00877077 0.00851312 0.00834253 0.00859223 0.00862858 0.00861545 0.00853567 0.00827473 0.00855323 0.00862011 
0.0161834 0.00903768 0.0113187 0.0097663 0.0113394 0.0121955 0.0146746 0.0152752 0.0156776 0.0143991 0.0201682 0.0121729 0.0118076 0.014116 0.0418382 0.00502414 0.00373844 0.00358767 0.00364895 0 0.038871 0.0134578 0.0087932 0.0109656 0.0107786 0.00823346 0.00995278 0.0080853 0.00809162 0.00846943 0.00822473 0.00921288 0.00885343 0.00891193 0.00864551 0.00822842 0.00839993 0.00835701 0.00827572 0.00922299 0.00888235 0.00865566 0.00881873 0.00834733 0.00828725 0.00842741 0.008203 0.00811897 0.00847155 0.00834602 0.00849106 0.00847887 0.00858167 0.00840692 0.00850105 0.00858792 0.00839037 0.00863576 0.00900967 0.0083833 0.00854267 0.00836192 0.0087836 0.00865355 0.00882366 0.00853397 
0.00874126 0.00863879 0.00801033 0.0081869 0.00820637 0.00810132 0.00833928 0.00843965 0.00823825 0.00843638 0.00886858 0.0104716 0.00911467 0.0149279 0.0265432 0.0485621 0.0208481 0.0159419 0.0274274 0.038871 0 0.0104852 0.0102753 0.0125815 0.0093834 0.00923879 0.00913697 0.00886706 0.00841854 0.00985824 0.00832143 0.00884931 0.00807062 0.00816584 0.00799022 0.00796657 0.008255 0.00886533 0.00862747 0.00856229 0.00799725 0.00806908 0.0080319 0.00791957 0.00788937 0.00794872 0.00791698 0.00831332 0.00831742 0.00794117 0.00800383 0.00797164 0.00797607 0.0080057 0.00807405 0.0080985 0.00807525 0.00842822 0.0084262 0.00826361 0.00813247 0.00892623 0.00856356 0.0103036 0.00841858 0.00876012 
0.00974596 0.00799618 0.00871836 0.00820911 0.0082868 0.00836622 0.00841264 0.00863943 0.0082906 0.00821695 0.00826029 0.00803918 0.00843726 0.00853459 0.0105465 0.0105309 0.00956536 0.0103794 0.00987136 0.0134578 0.0104852 0 0.00377263 0.00482721 0.00981373 0.00892945 0.929732 0.00854992 0.0113725 0.00844506 0.011942 0.0119238 0.00934668 0.00956059 0.0093843 0.00855667 0.0108243 0.0123076 0.00856847 0.0082444 0.00844815 0.00829985 0.00869647 0.00823515 0.00828911 0.00812432 0.0084212 0.00856856 0.00829552 0.00794827 0.00810024 0.00854196 0.00819689 0.00870625 0.00823317 0.00857568 0.00812256 0.00894095 0.00881983 0.00792127 0.00887244 0.0080054 0.0110199 0.00869587 0.007994 0.00811826 
0.00801943 0.00859721 0.00808751 0.00826334 0.0082081 0.00830137 0.00838402 0.00843983 0.00826585 0.00826664 0.00804815 0.00812441 0.00797904 0.00803137 0.00816778 0.0085714 0.00935182 0.00932933 0.00941024 0.0087932 0.0102753 0.00377263 0 0.00365957 0.00507481 0.983273 0.00648903 0.00931709 0.00837239 0.0109684 0.00820015 0.00873133 0.0100547 0.00981062 0.00860844 0.00920354 0.00829482 0.00795468 0.00799573 0.00831392 0.00840202 0.00855555 0.00831229 0.00830914 0.00816769 0.00817074 0.00805373 0.00800865 0.00796517 0.00809689 0.00831649 0.00822715 0.00831666 0.00826978 0.00843115 0.00836839 0.00819896 0.00815551 0.00795154 0.00827051 0.00816202 0.00866161 0.00803855 0.00843897 0.00804129 0.00821665 
0.010448 0.00811375 0.00837397 0.00804063 0.00814777 0.00818427 0.00822349 0.00830007 0.00828891 0.00809817 0.0081065 0.00818098 0.00809493 0.00835646 0.00934525 0.0138931 0.00861379 0.00895703 0.00867271 0.0109656 0.0125815 0.00482721 0.00365957 0 0.977828 0.00513078 0.0118423 0.00932666 0.00893957 0.00975364 0.00889808 0.0138041 0.00941137 0.0089382 0.0092031 0.00854157 0.00916467 0.0100232 0.00863014 0.0100778 0.00869016 0.00829715 0.00858914 0.00819733 0.00817062 0.00821157 0.00808166 0.00803607 0.00886767 0.00822261 0.00823342 0.00828505 0.00814171 0.00837868 0.0081856 0.00840684 0.00818795 0.00851799 0.0100007 0.00804636 0.00873836 0.00802971 0.00932314 0.00845137 0.00820431 0.00791907 
0.00898731 0.00796072 0.00849445 0.00819367 0.00827541 0.00824812 0.00836645 0.00849175 0.00820206 0.00818948 0.00821368 0.00798727 0.00838309 0.00857518 0.00985773 0.00908052 0.00841235 0.00877213 0.0084903 0.0107786 0.0093834 0.00981373 0.00507481 0.977828 0 0.00363384 0.00470762 0.00938078 0.0127653 0.0085231 0.0114978 0.010409 0.00902928 0.00929881 0.00887215 0.00854439 0.010353 0.0116839 0.00864638 0.00813897 0.00847378 0.00826368 0.00846293 0.0081799 0.00822435 0.00816554 0.00829969 0.00875383 0.00811444 0.00796783 0.00814017 0.00836566 0.00818581 0.00850527 0.00821419 0.00850391 0.00812844 0.00887359 0.00842249 0.00798932 0.00854879 0.00803107 0.0102623 0.00868172 0.00798779 0.00815413 
0.00798555 0.00845457 0.00805949 0.00813878 0.00816402 0.00824367 0.00832308 0.00836533 0.00818692 0.00816323 0.0080279 0.00808517 0.00802889 0.00796918 0.00810657 0.00813065 0.00897965 0.0084594 0.00899587 0.00823346 0.00923879 0.00892945 0.983273 0.00513078 0.00363384 0 0.0036699 0.0125691 0.0102 0.0104106 0.00813609 0.00870055 0.0110442 0.00910445 0.00863904 0.00976907 0.00831955 0.00797587 0.00798874 0.00823794 0.00838541 0.00870299 0.00829649 0.00827877 0.00814192 0.00813739 0.00812599 0.00808162 0.00800116 0.00807255 0.00831563 0.00819816 0.00840037 0.00824991 0.00855188 0.00834002 0.00828503 0.00817949 0.00791409 0.00829781 0.00810198 0.00889525 0.00806376 0.00823429 0.00800126 0.00830554 
0.0098021 0.00805118 0.00841459 0.00804136 0.0081999 0.00828096 0.00833081 0.00850196 0.0084999 0.0082114 0.00821096 0.00804603 0.00814715 0.00822252 0.00911955 0.0112067 0.00868883 0.00892977 0.00920691 0.00995278 0.00913697 0.929732 0.00648903 0.0118423 0.00470762 0.0036699 0 0.00978456 0.00981465 0.00895022 0.0105985 0.01592 0.00948421 0.0104957 0.0118869 0.00996778 0.0110281 0.0103169 0.00879941 0.0091442 0.0087251 0.0086936 0.00892276 0.00832749 0.00823091 0.00827931 0.00811318 0.00801368 0.00848596 0.00813548 0.00835117 0.00875172 0.00821547 0.0089525 0.00825452 0.00876752 0.00820752 0.00878888 0.00931239 0.00796735 0.0091937 0.00798049 0.0102664 0.00823334 0.00825092 0.00791353 
0.00842936 0.0081124 0.00825819 0.00809016 0.00820077 0.00817306 0.00821215 0.00819002 0.00819331 0.00810915 0.00809415 0.00804637 0.00812862 0.00824246 0.00867079 0.00799485 0.00797651 0.00805558 0.00801874 0.0080853 0.00886706 0.00854992 0.00931709 0.00932666 0.00938078 0.0125691 0.00978456 0 0.0118161 0.00601323 0.734039 0.00886217 0.0151484 0.00961313 0.0087479 0.00900202 0.0118439 0.0120769 0.0114077 0.010326 0.00918835 0.00876313 0.00860196 0.00879577 0.00838543 0.00845018 0.00888509 0.0103108 0.00848908 0.00832113 0.0083185 0.0083767 0.00836673 0.00829132 0.00845998 0.00838713 0.00868392 0.0100709 0.00825712 0.00837074 0.00808314 0.00893138 0.0088531 0.00986884 0.00808251 0.00900329 
0.00882108 0.00822786 0.00824734 0.00818859 0.00823171 0.00823909 0.00828432 0.00826721 0.00819959 0.00820004 0.0081338 0.00814256 0.00819434 0.0082668 0.00865251 0.0083857 0.00806095 0.00802784 0.00797624 0.00809162 0.00841854 0.0113725 0.00837239 0.00893957 0.0127653 0.0102 0.00981465 0.0118161 0 0.821883 0.00533333 0.0160906 0.00920558 0.00898173 0.00770632 0.0102393 0.00758849 0.0173974 0.0127031 0.0138039 0.00916585 0.00857536 0.00870084 0.00848491 0.00835417 0.00843795 0.00908463 0.00855806 0.0113544 0.00843299 0.00835478 0.00841654 0.00830757 0.00844183 0.00832217 0.00847166 0.00865215 0.0088364 0.0113588 0.00813743 0.00818979 0.00821284 0.00923514 0.00937849 0.0110239 0.00812688 
0.00828822 0.00861183 0.00818788 0.00824369 0.00821621 0.00824441 0.00834936 0.0083872 0.00819777 0.00828811 0.00833224 0.00845913 0.00830584 0.00839878 0.00888468 0.00802464 0.00804531 0.00816879 0.00818546 0.00846943 0.00985824 0.00844506 0.0109684 0.00975364 0.0085231 0.0104106 0.00895022 0.00601323 0.821883 0 0.00396359 0.00414398 0.0141237 0.00798083 0.00545237 0.00568971 0.0111981 0.0133243 0.0171827 0.0152494 0.00956084 0.0101724 0.00919918 0.00956377 0.00896245 0.00887566 0.00995539 0.012852 0.00935373 0.0098453 0.00916251 0.0088942 0.00982685 0.00874506 0.00999502 0.00892632 0.0107796 0.0123998 0.00851761 0.00911485 0.00812362 0.0124955 0.00921232 0.0119831 0.00904143 0.0111906 
0.0090279 0.00840727 0.00843763 0.00826685 0.00835844 0.00834568 0.00847033 0.00852637 0.00831907 0.00835527 0.00829606 0.00830532 0.00826596 0.00813753 0.00859795 0.00852146 0.00823874 0.00817658 0.00810859 0.00822473 0.00832143 0.011942 0.00820015 0.00889808 0.0114978 0.00813609 0.0105985 0.734039 0.00533333 0.00396359 0 0.0150816 0.00648294 0.00440587 0.0053034 0.0067412 0.00619511 0.023722 0.014413 0.0132434 0.0118035 0.00909737 0.00976162 0.00896525 0.00878575 0.00867673 0.00936688 0.00866641 0.0117101 0.00886389 0.0088171 0.00914204 0.00878759 0.00921504 0.00892032 0.00935065 0.0104219 0.010883 0.0114041 0.00825158 0.00930957 0.00824275 0.0109052 0.0091312 0.00938503 0.00823415 
0.00891863 0.00836355 0.00865896 0.00840597 0.00871325 0.00868945 0.00887408 0.00893935 0.00868119 0.00848386 0.00845754 0.00845346 0.00860156 0.00831103 0.00909981 0.00865275 0.00839078 0.0088609 0.0087167 0.00921288 0.00884931 0.0119238 0.00873133 0.0138041 0.010409 0.00870055 0.01592 0.00886217 0.0160906 0.00414398 0.0150816 0 0.00379212 0.00362772 0.00365947 0.00363886 0.00541817 0.0285908 0.0156015 0.0598355 0.0230667 0.0160376 0.017572 0.0147464 0.018455 0.0120856 0.0127584 0.0185628 0.0185531 0.0118898 0.0132905 0.0168211 0.0175973 0.0234578 0.0159879 0.0231698 0.0142406 0.0264865 0.01254 0.00915262 0.0103517 0.010044 0.0186357 0.0107924 0.00934559 0.0110091 
0.00864897 0.00873996 0.00901753 0.00878181 0.00906832 0.00912075 0.00956295 0.00956166 0.00916055 0.00879949 0.00844712 0.00849686 0.0084536 0.00817128 0.00828355 0.00850223 0.00896407 0.00948958 0.00892365 0.00885343 0.00807062 0.00934668 0.0100547 0.00941137 0.00902928 0.0110442 0.00948421 0.0151484 0.00920558 0.0141237 0.00648294 0.00379212 0 0.00361593 0.0036294 0.0036551 0.00372731 0.0165218 0.0101024 0.0192578 0.0989502 0.0336849 0.0359118 0.0522624 0.0237041 0.0193823 0.0196966 0.0105834 0.0101575 0.0283097 0.0268092 0.0326506 0.0491939 0.0380035 0.0483208 0.0375165 0.0456768 0.0132076 0.00946228 0.0124437 0.0131486 0.0153708 0.0117529 0.00843864 0.00879962 0.00880547 
0.00859731 0.00865161 0.00891933 0.00889589 0.00913849 0.00919791 0.00970673 0.00995002 0.00931209 0.00891364 0.00849809 0.00839009 0.00839296 0.00809568 0.00831866 0.00862604 0.00916608 0.0104625 0.00911266 0.00891193 0.00816584 0.00956059 0.00981062 0.0089382 0.00929881 0.00910445 0.0104957 0.00961313 0.00898173 0.00798083 0.00440587 0.00362772 0.00361593 0 0.00357786 0.00356975 0.0035704 0.0114045 0.0094226 0.0237837 0.0347443 0.134774 0.077309 0.0669332 0.0409117 0.046671 0.0155133 0.00986757 0.0105198 0.0191454 0.0740998 0.0745406 0.0929293 0.0635894 0.098536 0.104229 0.0338877 0.0162517 0.0101612 0.0133788 0.0199931 0.0195671 0.0106282 0.00843745 0.00858077 0.00874344 
0.00889996 0.00853523 0.00877237 0.00861752 0.00891749 0.00893831 0.00931089 0.00943509 0.00908671 0.00863893 0.00835627 0.0083676 0.00832864 0.00815104 0.00823554 0.00844583 0.00885531 0.00978393 0.00915876 0.00864551 0.00799022 0.0093843 0.00860844 0.0092031 0.00887215 0.00863904 0.0118869 0.0087479 0.00770632 0.00545237 0.0053034 0.00365947 0.0036294 0.00357786 0 0.00355633 0.00356141 0.0108639 0.00897649 0.0147742 0.0493491 0.0782477 0.0912174 0.0347881 0.0618417 0.0274996 0.0129267 0.00945419 0.00989176 0.0186328 0.0449454 0.0693974 0.0398134 0.0747867 0.0703785 0.0761327 0.0292216 0.0142866 0.00965607 0.0106366 0.0234253 0.0107105 0.01078 0.00813821 0.00849664 0.00865228 
0.0083612 0.00841247 0.008447 0.00842976 0.00878317 0.00875137 0.00897652 0.00913528 0.00863915 0.00847386 0.008296 0.00825017 0.00824748 0.00805118 0.00817514 0.00825311 0.0084843 0.00866392 0.00848816 0.00822842 0.00796657 0.00855667 0.00920354 0.00854157 0.00854439 0.00976907 0.00996778 0.00900202 0.0102393 0.00568971 0.0067412 0.00363886 0.0036551 0.00356975 0.00355633 0 0.00356471 0.0111925 0.00997013 0.0161733 0.0361114 0.04364 0.028291 0.054045 0.0168076 0.0169137 0.0138964 0.00979437 0.00958113 0.0196374 0.0241343 0.0175663 0.0303572 0.0230457 0.0252189 0.0225399 0.0523693 0.0179451 0.00991089 0.0118867 0.00930577 0.0132053 0.0101738 0.00826086 0.00896694 0.00873791 
0.0089218 0.00837256 0.00839692 0.00835129 0.00842085 0.00844609 0.00859268 0.0086829 0.00870016 0.00839308 0.00837792 0.00840324 0.00832133 0.00820814 0.00895153 0.00896946 0.00835853 0.00842406 0.0082283 0.00839993 0.008255 0.0108243 0.00829482 0.00916467 0.010353 0.00831955 0.0110281 0.0118439 0.00758849 0.0111981 0.00619511 0.00541817 0.00372731 0.0035704 0.00356141 0.00356471 0 0.0152202 0.0128981 0.0340392 0.0148507 0.0141696 0.0179249 0.0125128 0.0128528 0.0108563 0.0100329 0.0100454 0.0148318 0.0104097 0.0115531 0.0121387 0.0119986 0.0132096 0.0109208 0.0121427 0.0138777 0.0260654 0.0156426 0.00886054 0.00942432 0.00900587 0.0130721 0.00996987 0.0113271 0.0089065 
0.0119084 0.00835699 0.00873817 0.00823719 0.00830977 0.00836035 0.00836427 0.0083776 0.00834438 0.0082691 0.008403 0.00852394 0.00868839 0.00914195 0.0110325 0.00905891 0.00814528 0.00810767 0.00806971 0.00835701 0.00886533 0.0123076 0.00795468 0.0100232 0.0116839 0.00797587 0.0103169 0.0120769 0.0173974 0.0133243 0.023722 0.0285908 0.0165218 0.0114045 0.0108639 0.0111925 0.0152202 0 0.973177 0.0111695 0.00999455 0.00821891 0.00837436 0.00775696 0.00713319 0.00744117 0.00831796 0.00987857 0.0109829 0.0092645 0.00834077 0.00879389 0.00851065 0.00995106 0.00872107 0.00948264 0.00902678 0.0141321 0.0158529 0.00842566 0.0108083 0.0083763 0.0178026 0.0145745 0.0110806 0.00980977 
0.00920688 0.00834642 0.00833733 0.00821406 0.00824591 0.00825305 0.00828308 0.00826712 0.00826283 0.00824267 0.00834027 0.00839487 0.00841656 0.00848297 0.00938366 0.00834737 0.00809484 0.00805013 0.00807024 0.00827572 0.00862747 0.00856847 0.00799573 0.00863014 0.00864638 0.00798874 0.00879941 0.0114077 0.0127031 0.0171827 0.014413 0.0156015 0.0101024 0.0094226 0.00897649 0.00997013 0.0128981 0.973177 0 0.0162196 0.00859437 0.00626547 0.00617351 0.00604126 0.00606211 0.00646612 0.00724479 0.00889537 0.0086905 0.00799683 0.00790896 0.00836953 0.00834309 0.00869153 0.00857361 0.00872591 0.0100213 0.0332046 0.0101712 0.00833045 0.00853739 0.00899024 0.0110898 0.017824 0.0108085 0.00971632 
0.00861265 0.00863045 0.00862834 0.00836547 0.0088392 0.00871001 0.00892568 0.00906003 0.00866439 0.00858077 0.00874438 0.00854288 0.00862925 0.00848078 0.00925094 0.00825221 0.00836983 0.0085446 0.00855877 0.00922299 0.00856229 0.0082444 0.00831392 0.0100778 0.00813897 0.00823794 0.0091442 0.010326 0.0138039 0.0152494 0.0132434 0.0598355 0.0192578 0.0237837 0.0147742 0.0161733 0.0340392 0.0111695 0.0162196 0 0.00386442 0.00358692 0.00361682 0.00359918 0.0036807 0.00420381 0.00534116 0.00933586 0.00750053 0.00742607 0.00839944 0.00877979 0.0124862 0.00965679 0.0212162 0.0166826 0.768912 0.0622702 0.0134818 0.011749 0.0094327 0.0183414 0.0161466 0.0145229 0.0104992 0.0150815 
0.00885313 0.00874381 0.00903178 0.00876188 0.00911889 0.00913105 0.00948566 0.00955205 0.0091515 0.00888381 0.00854278 0.00850104 0.00855655 0.00822789 0.00845499 0.00841159 0.00879249 0.00924248 0.0089162 0.00888235 0.00799725 0.00844815 0.00840202 0.00869016 0.00847378 0.00838541 0.0087251 0.00918835 0.00916585 0.00956084 0.0118035 0.0230667 0.0989502 0.0347443 0.0493491 0.0361114 0.0148507 0.00999455 0.00859437 0.00386442 0 0.00361923 0.00357999 0.0035703 0.00364185 0.003693 0.00499809 0.00508848 0.00602432 0.00942719 0.00814197 0.016211 0.00998996 0.0264868 0.0171988 0.905439 0.0362689 0.0165754 0.0123066 0.0101334 0.0287062 0.0114801 0.016555 0.00893356 0.0108851 0.00937621 
0.00865599 0.00881005 0.00895382 0.00876249 0.00914069 0.00919734 0.00962127 0.00972597 0.00915177 0.00890787 0.00845208 0.00848089 0.00835044 0.00817231 0.00849762 0.00839412 0.00893949 0.00938709 0.00880661 0.00865566 0.00806908 0.00829985 0.00855555 0.00829715 0.00826368 0.00870299 0.0086936 0.00876313 0.00857536 0.0101724 0.00909737 0.0160376 0.0336849 0.134774 0.0782477 0.04364 0.0141696 0.00821891 0.00626547 0.00358692 0.00361923 0 0.00355946 0.00354397 0.00356029 0.00369121 0.0037396 0.00367324 0.00622492 0.00723019 0.014179 0.00983684 0.0218713 0.0153702 0.956807 0.0328727 0.0194878 0.0110634 0.00981369 0.0229188 0.0135032 0.0275468 0.0096059 0.00893953 0.00885806 0.0093589 
0.00887401 0.00867385 0.00904134 0.00876498 0.00907941 0.00922289 0.00969738 0.00972234 0.00929991 0.00883116 0.00841954 0.00850395 0.00837302 0.00820309 0.00850836 0.0084161 0.00888262 0.00945716 0.00899368 0.00881873 0.0080319 0.00869647 0.00831229 0.00858914 0.00846293 0.00829649 0.00892276 0.00860196 0.00870084 0.00919918 0.00976162 0.017572 0.0359118 0.077309 0.0912174 0.028291 0.0179249 0.00837436 0.00617351 0.00361682 0.00357999 0.00355946 0 0.00353894 0.00365156 0.00355822 0.00358889 0.00364555 0.00577335 0.00945435 0.00859368 0.0181588 0.0132008 0.972021 0.0226791 0.0230065 0.0120567 0.0156149 0.0125214 0.0113999 0.0375811 0.0104308 0.0172519 0.00843309 0.00939489 0.009171 
0.0084891 0.00854127 0.00876312 0.00858688 0.00887568 0.00885669 0.00920188 0.00930545 0.00886984 0.00862112 0.00833825 0.00835008 0.00831134 0.00816861 0.0083043 0.00838175 0.00864351 0.00890072 0.00851265 0.00834733 0.00791957 0.00823515 0.00830914 0.00819733 0.0081799 0.00827877 0.00832749 0.00879577 0.00848491 0.00956377 0.00896525 0.0147464 0.0522624 0.0669332 0.0347881 0.054045 0.0125128 0.00775696 0.00604126 0.00359918 0.0035703 0.00354397 0.00353894 0 0.00353906 0.00354693 0.00355063 0.00358969 0.0051759 0.00713856 0.0184134 0.0113168 0.971854 0.0137709 0.0183685 0.0118534 0.0128813 0.00928998 0.0109349 0.0174514 0.0104651 0.0215838 0.00934997 0.0085053 0.00898403 0.00901162 
0.00844232 0.00850774 0.00864818 0.00859184 0.00867942 0.00889961 0.00896618 0.00906035 0.00873354 0.00847628 0.0083182 0.00841379 0.00828389 0.00814035 0.00832449 0.0082763 0.00856846 0.00880324 0.00846981 0.00828725 0.00788937 0.00828911 0.00816769 0.00817062 0.00822435 0.00814192 0.00823091 0.00838543 0.00835417 0.00896245 0.00878575 0.018455 0.0237041 0.0409117 0.0618417 0.0168076 0.0128528 0.00713319 0.00606211 0.0036807 0.00364185 0.00356029 0.00365156 0.00353906 0 0.00353872 0.0035422 0.00357464 0.00481769 0.00953756 0.00939692 0.969312 0.0227498 0.0173177 0.00910573 0.0128087 0.00937748 0.00922579 0.00988515 0.0100341 0.0199318 0.00975041 0.0102057 0.00826838 0.00892322 0.00895532 
0.00857392 0.00847669 0.00887572 0.00852696 0.00894411 0.00882833 0.00902282 0.00903489 0.0087537 0.00853912 0.00833545 0.00833577 0.00828009 0.00820046 0.00846817 0.00844637 0.00851958 0.00877734 0.00852851 0.00842741 0.00794872 0.00812432 0.00817074 0.00821157 0.00816554 0.00813739 0.00827931 0.00845018 0.00843795 0.00887566 0.00867673 0.0120856 0.0193823 0.046671 0.0274996 0.0169137 0.0108563 0.00744117 0.00646612 0.00420381 0.003693 0.00369121 0.00355822 0.00354693 0.00353872 0 0.0036607 0.00355819 0.0042907 0.0071043 0.9671 0.0174505 0.012709 0.00775826 0.0105575 0.00969801 0.00893152 0.00852579 0.00936535 0.0113992 0.0114108 0.010527 0.00978485 0.00845783 0.00868838 0.00909494 
0.00876156 0.00848309 0.00854966 0.00853661 0.00859825 0.00883321 0.00885009 0.00884339 0.00862495 0.00844612 0.00828712 0.00823722 0.00827866 0.00817902 0.00834854 0.00827491 0.00839897 0.00850474 0.00831769 0.008203 0.00791698 0.0084212 0.00805373 0.00808166 0.00829969 0.00812599 0.00811318 0.00888509 0.00908463 0.00995539 0.00936688 0.0127584 0.0196966 0.0155133 0.0129267 0.0138964 0.0100329 0.00831796 0.00724479 0.00534116 0.00499809 0.0037396 0.00358889 0.00355063 0.0035422 0.0036607 0 0.00362458 0.00498812 0.986871 0.0127953 0.00923132 0.00633497 0.00838349 0.00788639 0.00926099 0.00900955 0.00944902 0.0115827 0.0108952 0.00979681 0.00964621 0.00996074 0.00887002 0.00959539 0.00880014 
0.00926598 0.00857443 0.00838578 0.00840736 0.00838807 0.00843271 0.00852477 0.00855034 0.00844868 0.00831375 0.00829544 0.00845295 0.00837784 0.00843212 0.00879725 0.00847471 0.00827825 0.00835714 0.00810335 0.00811897 0.00831332 0.00856856 0.00800865 0.00803607 0.00875383 0.00808162 0.00801368 0.0103108 0.00855806 0.012852 0.00866641 0.0185628 0.0105834 0.00986757 0.00945419 0.00979437 0.0100454 0.00987857 0.00889537 0.00933586 0.00508848 0.00367324 0.00364555 0.00358969 0.00357464 0.00355819 0.00362458 0 0.989722 0.00796617 0.00476939 0.00490633 0.00543413 0.00700078 0.00684778 0.00710722 0.00730885 0.00860434 0.0175258 0.0094476 0.00868129 0.00937911 0.00912978 0.0119324 0.0111174 0.00868182 
0.00872199 0.00831033 0.00855695 0.00817707 0.00859779 0.00831244 0.00854059 0.00844415 0.008458 0.00826768 0.00830113 0.00829645 0.00840802 0.0083675 0.00899746 0.0081652 0.00829178 0.00828795 0.00825 0.00847155 0.00831742 0.00829552 0.00796517 0.00886767 0.00811444 0.00800116 0.00848596 0.00848908 0.0113544 0.00935373 0.0117101 0.0185531 0.0101575 0.0105198 0.00989176 0.00958113 0.0148318 0.0109829 0.0086905 0.00750053 0.00602432 0.00622492 0.00577335 0.0051759 0.00481769 0.0042907 0.00498812 0.989722 0 0.0036312 0.00357045 0.0035654 0.00356157 0.00365441 0.00378565 0.00422566 0.00466008 0.00775563 0.0176874 0.00965536 0.00932185 0.0104926 0.0181458 0.01284 0.010596 0.0132149 
0.0084912 0.00844512 0.00864653 0.00849681 0.00862505 0.00876977 0.00894337 0.00895377 0.00875055 0.00845202 0.00830625 0.00828371 0.00833465 0.00818394 0.00831347 0.00822838 0.00843204 0.0087595 0.00845825 0.00834602 0.00794117 0.00794827 0.00809689 0.00822261 0.00796783 0.00807255 0.00813548 0.00832113 0.00843299 0.0098453 0.00886389 0.0118898 0.0283097 0.0191454 0.0186328 0.0196374 0.0104097 0.0092645 0.00799683 0.00742607 0.00942719 0.00723019 0.00945435 0.00713856 0.00953756 0.0071043 0.986871 0.00796617 0.0036312 0 0.00353689 0.00353964 0.00354097 0.00362431 0.00376712 0.00555553 0.00523594 0.00547118 0.0119978 0.01234 0.011606 0.0125963 0.0121108 0.00914177 0.0100279 0.00909681 
0.008645 0.00874745 0.00903851 0.00883381 0.00923462 0.00915803 0.00967517 0.00974919 0.009268 0.00881757 0.00840078 0.00853535 0.00836993 0.00817949 0.00837732 0.00831867 0.00879229 0.00919576 0.00879701 0.00849106 0.00800383 0.00810024 0.00831649 0.00823342 0.00814017 0.00831563 0.00835117 0.0083185 0.00835478 0.00916251 0.0088171 0.0132905 0.0268092 0.0740998 0.0449454 0.0241343 0.0115531 0.00834077 0.00790896 0.00839944 0.00814197 0.014179 0.00859368 0.0184134 0.00939692 0.9671 0.0127953 0.00476939 0.00357045 0.00353689 0 0.00353847 0.00354532 0.00358321 0.00363011 0.00376698 0.00377832 0.00430648 0.0146107 0.0200519 0.0123298 0.0208539 0.00927415 0.00871897 0.00909835 0.0100996 
0.00875421 0.00861665 0.00891017 0.00876135 0.00904387 0.00932915 0.00964421 0.00974746 0.00919852 0.00873421 0.00838361 0.00844024 0.00836597 0.00817925 0.00839945 0.00831961 0.00871931 0.00902042 0.00872175 0.00847887 0.00797164 0.00854196 0.00822715 0.00828505 0.00836566 0.00819816 0.00875172 0.0083767 0.00841654 0.0088942 0.00914204 0.0168211 0.0326506 0.0745406 0.0693974 0.0175663 0.0121387 0.00879389 0.00836953 0.00877979 0.016211 0.00983684 0.0181588 0.0113168 0.969312 0.0174505 0.00923132 0.00490633 0.0035654 0.00353964 0.00353847 0 0.00354553 0.00361314 0.00362836 0.00373636 0.00373904 0.0038657 0.0201926 0.0109926 0.0485846 0.00906503 0.0162035 0.00847516 0.00993659 0.00920012 
0.00866458 0.00885342 0.00898392 0.00877026 0.00919875 0.00920943 0.00983257 0.00987689 0.00935412 0.00893038 0.00844674 0.00853375 0.00841036 0.00815297 0.00838554 0.00832651 0.0087617 0.00906207 0.00876803 0.00858167 0.00797607 0.00819689 0.00831666 0.00814171 0.00818581 0.00840037 0.00821547 0.00836673 0.00830757 0.00982685 0.00878759 0.0175973 0.0491939 0.0929293 0.0398134 0.0303572 0.0119986 0.00851065 0.00834309 0.0124862 0.00998996 0.0218713 0.0132008 0.971854 0.0227498 0.012709 0.00633497 0.00543413 0.00356157 0.00354097 0.00354532 0.00354553 0 0.00354412 0.00357617 0.00365665 0.00359402 0.0037033 0.0119187 0.0515739 0.0101268 0.043335 0.00907359 0.00947395 0.00913429 0.0100524 
