1DWVB
QYVRIKNWGSGEILHDTLHHKATSDFTCKSKSCLGSIMNPKSLTRGPRDKPTPLEELLPHAIEFINQYYGSFKEAKIEEHLARLEAVTKEIETTGTYQLTLDELIFATKMAWRNAPRCIGRIQWSNLQVFDARNCSTAQEMFQHICRHILYATNNGNIRSAITVFPQRSDGKHDFRLWNSQLIRYAGYQMPDGTIRGDAATLEFTQLCIDLGWKPRYGRFDVLPLVLQADGQDPEVFEIPPDLVLEVTMEHPKYEWFQELGLKWYALPAVANMLLEVGGLEFPACPFNGWYMGTEIGVRDFCDTQRYNILEEVGRRMGLETHTLASLWKDRAVTEINVAVLHSFQKQNVTIMDHHTASESFMKHMQNEYRARGGCPADWIWLVPPVSGSITPVFHQEMLNYVLSPFYYYQIEPWKTHIWQ
CCEEEEECCCCCEEEECHHHHCCCCCCCECCECCCCCCCCHHHECCCCCCCCCHHHHHHHHHHHHHHHHCCCCCCCHHHHHHHHHHHHHHHHHHCCCCCCHHHHHHHHHHHHHCCCCCCCHHHCCCCEEEECCCCCCHHHHHHHHHHHHHHHHHHHCCCCEEEECCCCCCCCCCCEECCCECCCECEEECCCCCEEECHHHHHHHHHHHHCCCCCCCCCCCECCEEEECCCCCCEEECCCHHHCCEEECCCCCCCCCHHHCCEEECCCEECCCEEEECCEEECCCCEECCEEHHHHHCCCCCCCCCCCCHHHHHHCCCCCCCCHHHCHHHHHHHHHHHHHHHHHHHCCCCEECHHHHHHHHHHHHHHHHHHHCCCCCCHHHHCCCCCHHHCHHHHECCCCCCCCCEEEECCCHHHCCCCC
0 0 0 0 0 0 0 0 0 0 0 0 0 0 0 0 0 0 0 0 0 0 0 0 0 0 0 0 0 0 0 0 0 0 0 0 0 0 0 0 0 0 0 0 0 0 0 0 0 0 0 0 0 0 0 0 0 0 0 0 0 0 0 0 0 0 0 0 0 0 0 0 0 0 0 0 0 0 0 0 0 0 0 0 0 0 0 0 0 0 0 0 0 0 0 0 0 0 0 0 0 0 0 0 0 0 0 0 0 0 0 0 0 0 0 0 0 0 0 0 0 0 0 0 0 0 0 0 0 0 0 0 0 0 0 0 0 0 0 0 0 0 0 0 0 0 0 0 0 0 0 0 0 0 0 0 0 0 0 0 0 0 0 0 0 0 0 0 0 0 0 0 0 0 0 0 0 0 0 0 0 0 0 0 0 0 0 0 0 0 0 0 0 0 0 0 0 0 0 0 0 0 0 0 0 0 0 0 0 0 0 0 0 0 0 0 0 0 0 0 0 0 0 0 0 0 0 0 0 0 0 0 0 0 0 0 0 0 0 0 0 0 0 0 0 0 0 0 0 0 0 0 0 0 0 0 0 0 0 0 0 0 0 0 0 0 0 0 0 0 0 0 0 0 0 0 0 0 0 0 0 0 0 0 0 0 0 0 0 0 0 0 0 0 0 0 0 0 0 0 0 0 0 0 0 0 0 0 0 0 0 0 0 0 0 0 0 0 0 0 0 0 0 0 0 0 0 0 0 0 0 0 0 0 0 0 0 0 0 0 0 0 0 0 0 0 0 0 0 0 0 0 0 0 0 0 0 0 0 0 0 0 0 0 0 0 0 0 0 0 0 0 0 0 0 0 0 0 0 0 0 0 0 0 0 0 0 0 0 0 0 0 0 0 0 0 0 0 0 0 0 0 0 0 0 0 0 0 0 0 0 0 0 0 0 0 0 0 0 0 
0 0 0 0 0 0 0 0 0 0 0 0 0 0 0 0 0 0 0 0 0 0 0 0 0 0 0 0 0 0 0 0 0 0 0 0 0 0 0 0 0 0 0 0 0 0 0 0 0 0 0 0 0 0 0 0 0 0 0 0 0 0 0 0 0 0 0 0 0 0 0 0 0 0 0 0 0 0 0 0 0 0 0 0 0 0 0 0 0 0 0 0 0 0 0 0 0 0 0 0 0 0 0 0 0 0 0 0 0 0 0 0 0 0 0 0 0 0 0 0 0 0 0 0 0 0 0 0 0 0 0 0 0 0 0 0 0 0 0 0 0 0 0 0 0 0 0 0 0 0 0 0 0 0 0 0 0 0 0 0 0 0 0 0 0 0 0 0 0 0 0 0 0 0 0 0 0 0 0 0 0 0 0 0 0 0 0 0 0 0 0 0 0 0 0 0 0 0 0 0 0 0 0 0 0 0 0 0 0 0 0 0 0 0 0 0 0 0 0 0 0 0 0 0 0 0 0 0 0 0 0 0 0 0 0 0 0 0 0 0 0 0 0 0 0 0 0 0 0 0 0 0 0 0 0 0 0 0 0 0 0 0 0 0 0 0 0 0 0 0 0 0 0 0 0 0 0 0 0 0 0 0 0 0 0 0 0 0 0 0 0 0 0 0 0 0 0 0 0 0 0 0 0 0 0 0 0 0 0 0 0 0 0 0 0 0 0 0 0 0 0 0 0 0 0 0 0 0 0 0 0 0 0 0 0 0 0 0 0 0 0 0 0 0 0 0 0 0 0 0 0 0 0 0 0 0 0 0 0 0 0 0 0 0 0 0 0 0 0 0 0 0 0 0 0 0 0 0 0 0 0 0 0 0 0 0 0 0 0 0 0 0 0 0 0 0 0 0 0 0 0 0 0 0 0 0 0 0 0 0 0 0 0 0 0 0 0 0 0 0 
0 0.00383299 0.00375935 0.0037929 0.00587966 0.0076516 0.0080329 0.0119146 0.924318 0.0139802 0.0157239 0.0118289 0.0081492 0.00813719 0.00816931 0.00846797 0.00841998 0.00841743 0.008333 0.00869192 0.00804788 0.00815512 0.00834444 0.00855229 0.00806446 0.00803258 0.00820557 0.00838818 0.00789039 0.00859936 0.00875492 0.00847569 0.0082554 0.00823591 0.00846002 0.00807825 0.00811787 0.00867606 0.0086653 0.00853619 0.0082823 0.00819976 0.00836004 0.0084498 0.00829354 0.00844201 0.00827326 0.00839025 0.00831675 0.00849431 0.00843441 0.00831211 0.00860295 0.00823504 0.00830877 0.00832084 0.00833997 0.0103086 0.00972119 0.0123706 0.010058 0.00989453 0.0101803 0.0131456 
0.00383299 0 0.0035908 0.00435775 0.00359097 0.0079287 0.0072385 0.96193 0.0099186 0.00956553 0.0103248 0.00923264 0.00910084 0.00818156 0.00819145 0.00840631 0.00842749 0.00831681 0.00879844 0.00808283 0.00821593 0.00801681 0.008015 0.00803868 0.00795769 0.00806973 0.0081904 0.00799705 0.00810936 0.0079559 0.00809805 0.00816047 0.00826298 0.00824086 0.00817445 0.00809785 0.00814616 0.00809612 0.00888917 0.00819036 0.00826028 0.00842198 0.00824637 0.00826553 0.00825692 0.0083426 0.0082691 0.00838858 0.0083866 0.00824628 0.00832938 0.00843051 0.00826882 0.00817881 0.00829077 0.00822015 0.00836026 0.00883794 0.00856088 0.00910939 0.00969523 0.0101454 0.0110572 0.0102205 
0.00375935 0.0035908 0 0.00352958 0.00357467 0.00636253 0.952758 0.013665 0.0126002 0.0086724 0.00986707 0.00976083 0.00798116 0.00941945 0.00882891 0.0081066 0.00814239 0.00910311 0.00860504 0.00844871 0.00808045 0.00819759 0.00804795 0.00825823 0.00819616 0.00823304 0.00796318 0.00841473 0.0079597 0.00824336 0.00835076 0.00839926 0.00847465 0.00843337 0.00811973 0.00814908 0.00819033 0.00887017 0.0082465 0.00929626 0.00813946 0.00817477 0.00858213 0.00830324 0.00842809 0.00832532 0.00834926 0.00874699 0.00846109 0.00846261 0.00852606 0.00843211 0.00842134 0.00838292 0.00821346 0.00829893 0.0082535 0.0104255 0.00855578 0.0126801 0.0107215 0.0118808 0.012033 0.0118903 
0.0037929 0.00435775 0.00352958 0 0.00368305 0.948007 0.00818403 0.0229839 0.00520033 0.00948508 0.00987857 0.0102838 0.00878433 0.00829603 0.00813435 0.00815712 0.00814396 0.00844261 0.00865087 0.00811684 0.00809754 0.00803874 0.00792681 0.00800845 0.00797268 0.00799465 0.00806337 0.00796881 0.0080666 0.00790627 0.008036 0.0081677 0.00823452 0.00810994 0.00793071 0.0081045 0.00800228 0.00796414 0.00850537 0.00802096 0.00801016 0.00830941 0.00819868 0.00806187 0.00816128 0.00814772 0.00819034 0.00827305 0.00824356 0.00817667 0.00831653 0.00830746 0.00817179 0.00814544 0.00814908 0.00811864 0.00824027 0.00844654 0.00835061 0.0088863 0.00919341 0.00959824 0.0102101 0.00928899 
0.00587966 0.00359097 0.00357467 0.00368305 0 0.0244968 0.0155174 0.0049051 0.00785837 0.0101908 0.0123851 0.0157679 0.00868542 0.00818342 0.008117 0.00828013 0.00882905 0.00828919 0.00809435 0.00829474 0.00825283 0.00806672 0.00818616 0.00854932 0.00818562 0.00797268 0.00790127 0.00834082 0.0079234 0.00808386 0.00831501 0.0084977 0.00807365 0.00805169 0.00807677 0.00818868 0.00797565 0.00818021 0.00821438 0.00819599 0.00794167 0.00824422 0.00815223 0.00809858 0.00831575 0.00823228 0.00839529 0.0082732 0.00824264 0.00821711 0.00875679 0.00825825 0.00818938 0.0082364 0.00819459 0.00823008 0.00815816 0.00955803 0.00858763 0.0117665 0.0104146 0.00987424 0.00996952 0.0102469 
0.0076516 0.0079287 0.00636253 0.948007 0.0244968 0 0.00372837 0.00382926 0.00380674 0.0165925 0.014756 0.0108539 0.00913997 0.00802487 0.00852334 0.00917751 0.00842714 0.00803207 0.00851877 0.00897531 0.00801766 0.00803777 0.00823826 0.0084579 0.0079981 0.00791257 0.00854168 0.00808913 0.00794747 0.00839767 0.00853911 0.00819121 0.00803086 0.00819728 0.00866437 0.00803755 0.0080098 0.00828393 0.00914801 0.00818786 0.00842627 0.00844858 0.00818441 0.00842828 0.00815478 0.00833103 0.00816184 0.00823321 0.00823185 0.00847282 0.00832667 0.0081948 0.00854043 0.00815333 0.00821323 0.00828442 0.00813258 0.00911927 0.00893529 0.00987306 0.00944669 0.00921131 0.00970607 0.0115222 
0.0080329 0.0072385 0.952758 0.00818403 0.0155174 0.00372837 0 0.00367467 0.00365698 0.00924317 0.00905615 0.00946645 0.00800517 0.00877337 0.00856096 0.00812084 0.00809911 0.00867938 0.00862665 0.00837043 0.00813061 0.00821999 0.00791431 0.00805627 0.00797542 0.00816846 0.00798091 0.00800997 0.00802571 0.0080609 0.00809019 0.00817389 0.00833942 0.00833298 0.00808242 0.00804489 0.00814803 0.0082623 0.00809902 0.00867557 0.00804822 0.00813062 0.00835272 0.00821735 0.00820552 0.00824689 0.00816812 0.00843168 0.00829538 0.0082508 0.00827254 0.00835727 0.00825255 0.00818642 0.00820805 0.00820524 0.00827321 0.00936342 0.00838368 0.0100988 0.00907638 0.00962814 0.0101969 0.00979144 
0.0119146 0.96193 0.013665 0.0229839 0.0049051 0.00382926 0.00367467 0 0.00355259 0.0106364 0.0100144 0.010262 0.00930738 0.00841105 0.00839237 0.00847715 0.00834574 0.00853365 0.00896322 0.00821073 0.00815448 0.00807821 0.00800532 0.008121 0.00801812 0.00806843 0.0081197 0.00797242 0.00802293 0.00793912 0.00802883 0.00816255 0.00820054 0.00817986 0.00799191 0.00808041 0.00799824 0.00793168 0.00834757 0.00798176 0.00808222 0.00820918 0.00811516 0.00808821 0.00817861 0.00814655 0.00817907 0.00829611 0.00824159 0.0081399 0.00834885 0.00826729 0.00818839 0.00816014 0.00818387 0.00813691 0.0082429 0.00841383 0.0083669 0.00887963 0.00906066 0.00929665 0.00949926 0.00922431 
0.924318 0.0099186 0.0126002 0.00520033 0.00785837 0.00380674 0.00365698 0.00355259 0 0.0105525 0.0122871 0.0226226 0.00862914 0.00843339 0.00835275 0.00861164 0.00936999 0.00838848 0.00824239 0.00853526 0.0083016 0.00823026 0.00873276 0.00902908 0.00837851 0.0080623 0.00795395 0.00840695 0.00794294 0.00824759 0.00853347 0.0086823 0.00813728 0.00816274 0.00811426 0.00826233 0.00801232 0.008335 0.00828282 0.00828197 0.00800816 0.00821944 0.00819242 0.00818876 0.00837842 0.00828479 0.00857096 0.00842222 0.00828896 0.00830952 0.00895498 0.00829537 0.00830485 0.008366 0.00830299 0.00826091 0.0082449 0.00952961 0.00871674 0.012019 0.0104155 0.00951183 0.00927789 0.0103444 
0.0139802 0.00956553 0.0086724 0.00948508 0.0101908 0.0165925 0.00924317 0.0106364 0.0105525 0 0.864567 0.0229287 0.0102068 0.00818982 0.00806866 0.00910946 0.00935938 0.00808639 0.00802514 0.00869613 0.00869979 0.00812242 0.00966631 0.00955942 0.00813515 0.007962 0.00827055 0.00884917 0.00798066 0.00847304 0.00951802 0.00848657 0.00797259 0.00791816 0.00846959 0.00840922 0.00799518 0.00825186 0.00914878 0.00812329 0.00824511 0.00841311 0.00799729 0.00810473 0.0083458 0.00829352 0.0083985 0.00808264 0.00799955 0.00816648 0.00844811 0.00806545 0.00820048 0.00818001 0.00812882 0.00822638 0.00811678 0.0095807 0.00901088 0.0114782 0.0102635 0.00911623 0.00905958 0.0104862 
0.0157239 0.0103248 0.00986707 0.00987857 0.0123851 0.014756 0.00905615 0.0100144 0.0122871 0.864567 0 0.0389829 0.0104979 0.00825741 0.00854708 0.00947526 0.00969569 0.00808692 0.00807128 0.00917563 0.00863731 0.00826185 0.0104269 0.010067 0.00816266 0.00790807 0.00845088 0.0090967 0.00803605 0.0089669 0.00972234 0.00872941 0.00792716 0.00795643 0.00867247 0.00844325 0.00798808 0.00840863 0.00921006 0.00819231 0.00826718 0.00853355 0.00805658 0.00819437 0.00835451 0.00840648 0.00835232 0.00814192 0.0081407 0.00826269 0.00840237 0.00809152 0.00836282 0.0082041 0.00816374 0.00832393 0.00815088 0.00975474 0.00898724 0.0116464 0.0102614 0.00926877 0.00919072 0.0109571 
0.0118289 0.00923264 0.00976083 0.0102838 0.0157679 0.0108539 0.00946645 0.010262 0.0226226 0.0229287 0.0389829 0 0.0105711 0.00865206 0.0109559 0.0249019 0.00881755 0.00833114 0.00867639 0.0106441 0.00855884 0.0091305 0.0100862 0.0101174 0.00797833 0.00812488 0.00864608 0.00815308 0.00806031 0.010159 0.010428 0.00865131 0.00805307 0.00819566 0.0088698 0.00806139 0.00789865 0.00885349 0.00842545 0.00815219 0.0083301 0.00803467 0.00801669 0.00834051 0.00827257 0.0085975 0.0080919 0.00813648 0.00802676 0.00853197 0.00842996 0.0080846 0.00851129 0.00821029 0.00815795 0.00830241 0.0083485 0.0089772 0.00880101 0.0105812 0.00936612 0.00875502 0.00899444 0.0102169 
0.0081492 0.00910084 0.00798116 0.00878433 0.00868542 0.00913997 0.00800517 0.00930738 0.00862914 0.0102068 0.0104979 0.0105711 0 0.00388666 0.00374559 0.00442521 0.514209 0.0121027 0.0516332 0.0171079 0.0162703 0.0103385 0.016912 0.0156717 0.0113758 0.00835508 0.0184724 0.00878755 0.00977614 0.0105908 0.0105504 0.0106057 0.00946822 0.00899365 0.0124204 0.00851664 0.00827734 0.00848036 0.0116748 0.00794073 0.0100786 0.00920729 0.00798428 0.00930925 0.008475 0.0088013 0.00846417 0.00807045 0.00876807 0.0084275 0.00816796 0.00814425 0.00837325 0.00804989 0.00827248 0.00807916 0.00815454 0.00811271 0.0080833 0.00811486 0.00827178 0.00831918 0.00831615 0.00859338 
0.00813719 0.00818156 0.00941945 0.00829603 0.00818342 0.00802487 0.00877337 0.00841105 0.00843339 0.00818982 0.00825741 0.00865206 0.00388666 0 0.00365978 0.00355798 0.0308213 0.623738 0.0162106 0.018924 0.00992518 0.0139489 0.00923036 0.0106409 0.0089251 0.0134191 0.00876325 0.00891159 0.00891931 0.0100061 0.00881925 0.0093897 0.0105515 0.0103278 0.00860949 0.00830725 0.00835788 0.00842282 0.00820893 0.00893407 0.00823839 0.00795325 0.00847491 0.00826594 0.00828032 0.00821436 0.00818551 0.00877565 0.00876585 0.00817809 0.00822031 0.00834926 0.008189 0.00806076 0.00802841 0.00802622 0.00817798 0.0082466 0.00807887 0.00814673 0.00832574 0.00855716 0.00863046 0.00838491 
0.00816931 0.00819145 0.00882891 0.00813435 0.008117 0.00852334 0.00856096 0.00839237 0.00835275 0.00806866 0.00854708 0.0109559 0.00374559 0.00365978 0 0.00399275 0.032009 0.038769 0.587955 0.0164659 0.0106941 0.0115041 0.00972799 0.00994101 0.0101073 0.012838 0.00898456 0.00915196 0.00935233 0.0100077 0.0087825 0.0100788 0.0106503 0.0129123 0.00861015 0.00846679 0.00861299 0.00837222 0.00857103 0.00918282 0.00807648 0.00805406 0.00857534 0.00823813 0.0083925 0.0081469 0.00824202 0.0087931 0.00858946 0.00849586 0.00835354 0.00821906 0.00828664 0.00801808 0.0080845 0.00794964 0.00810615 0.00808115 0.00797507 0.00813815 0.00828183 0.00829556 0.00832956 0.00825298 
0.00846797 0.00840631 0.0081066 0.00815712 0.00828013 0.00917751 0.00812084 0.00847715 0.00861164 0.00910946 0.00947526 0.0249019 0.00442521 0.00355798 0.00399275 0 0.0226991 0.0284116 0.0521112 0.589729 0.0156529 0.0135806 0.0136417 0.0167575 0.0167409 0.00905105 0.0145804 0.0109255 0.0088102 0.0113908 0.0128609 0.0127998 0.00962861 0.00934864 0.0133426 0.00975645 0.0080975 0.00871289 0.0111635 0.00811164 0.00949943 0.00914492 0.00823187 0.00885298 0.00899124 0.00867414 0.00957208 0.00827439 0.00845444 0.00872826 0.00905238 0.00831659 0.00848398 0.00822953 0.00819611 0.00828443 0.00841257 0.00808674 0.00808022 0.00816204 0.00839645 0.00831511 0.00830139 0.00833716 
0.00841998 0.00842749 0.00814239 0.00814396 0.00882905 0.00842714 0.00809911 0.00834574 0.00936999 0.00935938 0.00969569 0.00881755 0.514209 0.0308213 0.032009 0.0226991 0 0.00425137 0.00363099 0.00388922 0.0242718 0.0285649 0.0188881 0.0325923 0.0143405 0.0110306 0.0456213 0.0128998 0.0114202 0.0357432 0.0280237 0.0333435 0.0135768 0.0120202 0.0261238 0.00981663 0.00892357 0.0133337 0.0123324 0.00892717 0.0147283 0.0091095 0.0086389 0.0128817 0.0101904 0.0109638 0.00931786 0.00878577 0.0097751 0.0108525 0.00894352 0.00855927 0.0100264 0.00873539 0.00856055 0.00856211 0.00915269 0.00822572 0.00819498 0.00813487 0.00826797 0.00824445 0.00825417 0.00857393 
0.00841743 0.00831681 0.00910311 0.00844261 0.00828919 0.00803207 0.00867938 0.00853365 0.00838848 0.00808639 0.00808692 0.00833114 0.0121027 0.623738 0.038769 0.0284116 0.00425137 0 0.00368559 0.0036724 0.018451 0.0267992 0.013263 0.0194171 0.0134946 0.0437222 0.0115609 0.014822 0.0147604 0.0163136 0.0133353 0.022765 0.0318755 0.055231 0.0120702 0.00962383 0.00958711 0.0102838 0.00931646 0.0157084 0.0087191 0.00839215 0.0123621 0.00941546 0.00947092 0.00925018 0.00881636 0.0127206 0.0120352 0.00971345 0.00890559 0.00907522 0.00910919 0.00855489 0.00831348 0.00831604 0.00863167 0.00830175 0.00812686 0.00810106 0.00827253 0.0085949 0.00869069 0.00836108 
0.008333 0.00879844 0.00860504 0.00865087 0.00809435 0.00851877 0.00862665 0.00896322 0.00824239 0.00802514 0.00807128 0.00867639 0.0516332 0.0162106 0.587955 0.0521112 0.00363099 0.00368559 0 0.0036935 0.0281225 0.0327249 0.0133083 0.017516 0.0224649 0.0348525 0.0169172 0.0109147 0.0512481 0.0135456 0.0121073 0.0157073 0.0655432 0.0469149 0.0167373 0.0100911 0.0138595 0.00908542 0.0190598 0.00951277 0.0101496 0.00936097 0.0102545 0.00950903 0.00967625 0.00921325 0.0102491 0.0119665 0.018412 0.00954232 0.00921311 0.0102298 0.00868001 0.00852606 0.00860225 0.00824834 0.00895611 0.00816351 0.00823832 0.00805552 0.00831852 0.00849877 0.00851319 0.00840752 
0.00869192 0.00808283 0.00844871 0.00811684 0.00829474 0.00897531 0.00837043 0.00821073 0.00853526 0.00869613 0.00917563 0.0106441 0.0171079 0.018924 0.0164659 0.589729 0.00388922 0.0036724 0.0036935 0 0.0242116 0.0247697 0.0194254 0.0326157 0.0284237 0.021327 0.0210741 0.023991 0.00992989 0.0540523 0.0204883 0.038475 0.0135724 0.0230868 0.0245512 0.0144909 0.00876614 0.0143982 0.0142188 0.0102141 0.010248 0.00967944 0.00939513 0.0110034 0.0118936 0.00940341 0.0138452 0.0100376 0.00933745 0.0125284 0.0121658 0.00879281 0.00984221 0.0100716 0.00837901 0.00883019 0.00858788 0.008267 0.00809358 0.00857563 0.008683 0.00828566 0.00825044 0.00837825 
0.00804788 0.00821593 0.00808045 0.00809754 0.00825283 0.00801766 0.00813061 0.00815448 0.0083016 0.00869979 0.00863731 0.00855884 0.0162703 0.00992518 0.0106941 0.0156529 0.0242718 0.018451 0.0281225 0.0242116 0 0.00473367 0.011428 0.0277893 0.00845514 0.0130789 0.0212716 0.00925739 0.0168763 0.013599 0.0262745 0.0154786 0.0156809 0.0114513 0.0220546 0.0097292 0.00960653 0.0112123 0.0123873 0.00862843 0.0118854 0.00884344 0.0087523 0.0107147 0.0105126 0.0112523 0.0093933 0.00872409 0.00949728 0.00959281 0.00834828 0.0088752 0.00953189 0.00845598 0.00903308 0.00836119 0.00898419 0.00795482 0.00821599 0.00797432 0.00809055 0.00815981 0.00811477 0.00829923 
0.00815512 0.00801681 0.00819759 0.00803874 0.00806672 0.00803777 0.00821999 0.00807821 0.00823026 0.00812242 0.00826185 0.0091305 0.0103385 0.0139489 0.0115041 0.0135806 0.0285649 0.0267992 0.0327249 0.0247697 0.00473367 0 0.0408807 0.0167396 0.0172991 0.0412157 0.00725714 0.0141756 0.0105007 0.0151956 0.0177474 0.0246424 0.0113218 0.0186994 0.0119482 0.0108322 0.00895724 0.0102987 0.00916109 0.0120853 0.00860579 0.00874958 0.010043 0.00884282 0.012593 0.00890821 0.0104031 0.00998414 0.00902112 0.00937465 0.010949 0.00878902 0.00886904 0.0106249 0.00811805 0.00874507 0.008437 0.00819698 0.00803497 0.008197 0.00820147 0.0081198 0.00811845 0.00820119 
0.00834444 0.008015 0.00804795 0.00792681 0.00818616 0.00823826 0.00791431 0.00800532 0.00873276 0.00966631 0.0104269 0.0100862 0.016912 0.00923036 0.00972799 0.0136417 0.0188881 0.013263 0.0133083 0.0194254 0.011428 0.0408807 0 0.0632564 0.0111636 0.00680423 0.0108667 0.0100222 0.00839326 0.0144133 0.0553578 0.0190111 0.0102089 0.0103083 0.0182977 0.0105506 0.00885707 0.0127859 0.0124813 0.0098002 0.011819 0.0091567 0.00825321 0.010186 0.0107848 0.0107983 0.00971599 0.00833723 0.00844824 0.00934802 0.00890325 0.00816512 0.00929427 0.009015 0.00888788 0.00885764 0.00851525 0.00842264 0.00812613 0.00869659 0.00818802 0.00799442 0.00794935 0.00836411 
0.00855229 0.00803868 0.00825823 0.00800845 0.00854932 0.0084579 0.00805627 0.008121 0.00902908 0.00955942 0.010067 0.0101174 0.0156717 0.0106409 0.00994101 0.0167575 0.0325923 0.0194171 0.017516 0.0326157 0.0277893 0.0167396 0.0632564 0 0.00457503 0.00495785 0.00436316 0.0117591 0.00902907 0.0245948 0.139117 0.0305405 0.013491 0.0135075 0.0229175 0.012729 0.00910426 0.0202269 0.0141733 0.0124795 0.0132242 0.00999026 0.00981234 0.0133062 0.0137338 0.0135031 0.0112073 0.00994079 0.00922838 0.0129659 0.0103328 0.00855013 0.0114665 0.0101083 0.0090167 0.00982463 0.00949478 0.00860157 0.00836068 0.00890537 0.00839729 0.00810482 0.00804102 0.00875557 
0.00806446 0.00795769 0.00819616 0.00797268 0.00818562 0.0079981 0.00797542 0.00801812 0.00837851 0.00813515 0.00816266 0.00797833 0.0113758 0.0089251 0.0101073 0.0167409 0.0143405 0.0134946 0.0224649 0.0284237 0.00845514 0.0172991 0.0111636 0.00457503 0 0.00357276 0.00377818 0.0065306 0.0090816 0.913458 0.0124488 0.0130938 0.0152196 0.011466 0.0221524 0.00991208 0.00892905 0.0145653 0.0123435 0.00829893 0.0219683 0.00872508 0.00838859 0.0152156 0.00917381 0.0101378 0.0093041 0.00891312 0.0105234 0.0102105 0.00845997 0.00837675 0.0106813 0.0082963 0.00855554 0.0083684 0.00913685 0.00803125 0.00795986 0.00798247 0.00817823 0.00814401 0.00812727 0.00832363 
0.00803258 0.00806973 0.00823304 0.00799465 0.00797268 0.00791257 0.00816846 0.00806843 0.0080623 0.007962 0.00790807 0.00812488 0.00835508 0.0134191 0.012838 0.00905105 0.0110306 0.0437222 0.0348525 0.021327 0.0130789 0.0412157 0.00680423 0.00495785 0.00357276 0 0.00360768 0.00904662 0.959437 0.0135428 0.0111408 0.0124622 0.0169859 0.0439557 0.0105577 0.00884108 0.0144912 0.00956898 0.00847407 0.0375682 0.00841087 0.0081887 0.0156282 0.00875535 0.00962977 0.00934181 0.00835592 0.0109253 0.00957261 0.00901589 0.00838895 0.00912629 0.0088773 0.00878217 0.00841521 0.00839437 0.0090101 0.0080719 0.00805608 0.00791833 0.00806252 0.00819552 0.00817656 0.00812798 
0.00820557 0.0081904 0.00796318 0.00806337 0.00790127 0.00854168 0.00798091 0.0081197 0.00795395 0.00827055 0.00845088 0.00864608 0.0184724 0.00876325 0.00898456 0.0145804 0.0456213 0.0115609 0.0169172 0.0210741 0.0212716 0.00725714 0.0108667 0.00436316 0.00377818 0.00360768 0 0.98123 0.00737589 0.00865071 0.0143907 0.0195365 0.0119698 0.00987234 0.0216311 0.0154516 0.00888908 0.00941219 0.0312473 0.00831201 0.0131228 0.014727 0.00839538 0.00995425 0.010499 0.00909152 0.0138032 0.00836203 0.00920569 0.00879381 0.0107838 0.00861537 0.00842455 0.00877317 0.00831804 0.00854994 0.00848364 0.00807691 0.00799208 0.00800992 0.00837087 0.00808171 0.00801724 0.00797398 
0.00838818 0.00799705 0.00841473 0.00796881 0.00834082 0.00808913 0.00800997 0.00797242 0.00840695 0.00884917 0.0090967 0.00815308 0.00878755 0.00891159 0.00915196 0.0109255 0.0128998 0.014822 0.0109147 0.023991 0.00925739 0.0141756 0.0100222 0.0117591 0.0065306 0.00904662 0.98123 0 0.00418916 0.00400697 0.0212564 0.0213859 0.0102401 0.0182974 0.0161367 0.010181 0.00899818 0.0236287 0.011431 0.0121903 0.0134731 0.00852936 0.00856045 0.0113897 0.00907407 0.0104343 0.0085204 0.00875402 0.00872498 0.0108013 0.00856558 0.00830748 0.010482 0.00829624 0.00838389 0.00816822 0.00824774 0.00873395 0.00810603 0.00846026 0.00811033 0.00824021 0.0080945 0.00829009 
0.00789039 0.00810936 0.0079597 0.0080666 0.0079234 0.00794747 0.00802571 0.00802293 0.00794294 0.00798066 0.00803605 0.00806031 0.00977614 0.00891931 0.00935233 0.0088102 0.0114202 0.0147604 0.0512481 0.00992989 0.0168763 0.0105007 0.00839326 0.00902907 0.0090816 0.959437 0.00737589 0.00418916 0 0.00384638 0.0139815 0.0147661 0.0549301 0.0236147 0.0113145 0.00928776 0.0236209 0.0085012 0.0127737 0.0102831 0.00926817 0.00864909 0.00979604 0.0087676 0.0098158 0.00874546 0.00877764 0.00881468 0.0107817 0.00844978 0.00837333 0.00997471 0.00818956 0.00864832 0.00828154 0.00812214 0.00834429 0.00804501 0.00796347 0.00791774 0.00794891 0.00803251 0.00823691 0.00798994 
0.00859936 0.0079559 0.00824336 0.00790627 0.00808386 0.00839767 0.0080609 0.00793912 0.00824759 0.00847304 0.0089669 0.010159 0.0105908 0.0100061 0.0100077 0.0113908 0.0357432 0.0163136 0.0135456 0.0540523 0.013599 0.0151956 0.0144133 0.0245948 0.913458 0.0135428 0.00865071 0.00400697 0.00384638 0 0.0285116 0.0528891 0.0159886 0.0388212 0.035847 0.0177822 0.00910983 0.0251142 0.0137913 0.0136046 0.0109249 0.0110089 0.00949201 0.0113642 0.0143632 0.00994183 0.0141607 0.012363 0.00926735 0.0135097 0.0166773 0.00849847 0.0101935 0.0119724 0.00832649 0.0104856 0.00875046 0.0087975 0.00808976 0.00889398 0.00862661 0.00808657 0.00798007 0.00816884 
0.00875492 0.00809805 0.00835076 0.008036 0.00831501 0.00853911 0.00809019 0.00802883 0.00853347 0.00951802 0.00972234 0.010428 0.0105504 0.00881925 0.0087825 0.0128609 0.0280237 0.0133353 0.0121073 0.0204883 0.0262745 0.0177474 0.0553578 0.139117 0.0124488 0.0111408 0.0143907 0.0212564 0.0139815 0.0285116 0 0.00684498 0.0046453 0.00458186 0.0066709 0.00996689 0.0119094 0.0228981 0.024971 0.0165648 0.0187099 0.0142075 0.0129467 0.0180328 0.0286811 0.0275885 0.018874 0.0124991 0.0119776 0.0191844 0.0177769 0.0119159 0.014359 0.0192719 0.0134278 0.0180971 0.0127874 0.0106942 0.0085663 0.00957225 0.00872109 0.00803761 0.00801205 0.00878737 
0.00847569 0.00816047 0.00839926 0.0081677 0.0084977 0.00819121 0.00817389 0.00816255 0.0086823 0.00848657 0.00872941 0.00865131 0.0106057 0.0093897 0.0100788 0.0127998 0.0333435 0.022765 0.0157073 0.038475 0.0154786 0.0246424 0.0190111 0.0305405 0.0130938 0.0124622 0.0195365 0.0213859 0.0147661 0.0528891 0.00684498 0 0.00367183 0.00363678 0.00394174 0.013338 0.00971828 0.692049 0.0251876 0.0171744 0.0238845 0.0147606 0.016516 0.027195 0.0212497 0.0248186 0.0239738 0.0210573 0.0152374 0.0282441 0.0180147 0.0110365 0.0259392 0.0127714 0.0127918 0.0104548 0.0144742 0.00889053 0.00895643 0.00820367 0.00859703 0.00839353 0.00831927 0.00889593 
0.0082554 0.00826298 0.00847465 0.00823452 0.00807365 0.00803086 0.00833942 0.00820054 0.00813728 0.00797259 0.00792716 0.00805307 0.00946822 0.0105515 0.0106503 0.00962861 0.0135768 0.0318755 0.0655432 0.0135724 0.0156809 0.0113218 0.0102089 0.013491 0.0152196 0.0169859 0.0119698 0.0102401 0.0549301 0.0159886 0.0046453 0.00367183 0 0.00361573 0.00363284 0.010465 0.560624 0.0153815 0.0195118 0.0244578 0.013011 0.0122875 0.0210297 0.0148077 0.0200075 0.012327 0.0149431 0.0457465 0.053296 0.0118145 0.0111292 0.0201761 0.0117392 0.0119883 0.008991 0.00975854 0.00992138 0.00847758 0.00808679 0.00791067 0.00824314 0.00870813 0.00862016 0.00824321 
0.00823591 0.00824086 0.00843337 0.00810994 0.00805169 0.00819728 0.00833298 0.00817986 0.00816274 0.00791816 0.00795643 0.00819566 0.00899365 0.0103278 0.0129123 0.00934864 0.0120202 0.055231 0.0469149 0.0230868 0.0114513 0.0186994 0.0103083 0.0135075 0.011466 0.0439557 0.00987234 0.0182974 0.0236147 0.0388212 0.00458186 0.00363678 0.00361573 0 0.00369636 0.408557 0.0294831 0.0249084 0.013228 0.0572207 0.012344 0.0112785 0.045792 0.0151211 0.0176936 0.0159841 0.0125666 0.0476712 0.0519295 0.0239064 0.0143525 0.0195668 0.0154659 0.0126993 0.0109698 0.0103906 0.010641 0.00875509 0.00823099 0.00812643 0.00839816 0.00860185 0.00882383 0.00838969 
0.00846002 0.00817445 0.00811973 0.00793071 0.00807677 0.00866437 0.00808242 0.00799191 0.00811426 0.00846959 0.00867247 0.0088698 0.0124204 0.00860949 0.00861015 0.0133426 0.0261238 0.0120702 0.0167373 0.0245512 0.0220546 0.0119482 0.0182977 0.0229175 0.0221524 0.0105577 0.0216311 0.0161367 0.0113145 0.035847 0.0066709 0.00394174 0.00363284 0.00369636 0 0.0188622 0.0094885 0.0187247 0.026545 0.0102596 0.0489656 0.0233675 0.0106081 0.0306133 0.0229697 0.0187951 0.0313055 0.0118153 0.0187679 0.0268035 0.0198865 0.0124543 0.0181597 0.0175235 0.0134683 0.0128727 0.0106005 0.00925752 0.00843478 0.00834721 0.00948686 0.0082558 0.00812941 0.00831854 
0.00807825 0.00809785 0.00814908 0.0081045 0.00818868 0.00803755 0.00804489 0.00808041 0.00826233 0.00840922 0.00844325 0.00806139 0.00851664 0.00830725 0.00846679 0.00975645 0.00981663 0.00962383 0.0100911 0.0144909 0.0097292 0.0108322 0.0105506 0.012729 0.00991208 0.00884108 0.0154516 0.010181 0.00928776 0.0177822 0.00996689 0.013338 0.010465 0.408557 0.0188622 0 0.00361876 0.0039348 0.0151657 0.00938647 0.0838738 0.0154011 0.00935654 0.0185412 0.0128284 0.0152393 0.0125038 0.00976732 0.0115168 0.0149772 0.00982994 0.00952905 0.0150898 0.00971267 0.0103413 0.00905315 0.010056 0.0082982 0.00829358 0.00801606 0.00807073 0.00799029 0.00813694 0.00835981 
0.00811787 0.00814616 0.00819033 0.00800228 0.00797565 0.0080098 0.00814803 0.00799824 0.00801232 0.00799518 0.00798808 0.00789865 0.00827734 0.00835788 0.00861299 0.0080975 0.00892357 0.00958711 0.0138595 0.00876614 0.00960653 0.00895724 0.00885707 0.00910426 0.00892905 0.0144912 0.00888908 0.00899818 0.0236209 0.00910983 0.0119094 0.00971828 0.560624 0.0294831 0.0094885 0.00361876 0 0.00408321 0.00955448 0.0647179 0.00872843 0.00950078 0.0287213 0.009489 0.0140924 0.0113095 0.00979574 0.0123487 0.0191113 0.00893948 0.00903734 0.0181307 0.00889506 0.0103212 0.00861874 0.00888923 0.0094304 0.00815419 0.00802757 0.00788381 0.00791394 0.00820872 0.0082588 0.00800203 
0.00867606 0.00809612 0.00887017 0.00796414 0.00818021 0.00828393 0.0082623 0.00793168 0.008335 0.00825186 0.00840863 0.00885349 0.00848036 0.00842282 0.00837222 0.00871289 0.0133337 0.0102838 0.00908542 0.0143982 0.0112123 0.0102987 0.0127859 0.0202269 0.0145653 0.00956898 0.00941219 0.0236287 0.0085012 0.0251142 0.0228981 0.692049 0.0153815 0.0249084 0.0187247 0.0039348 0.00408321 0 0.0294151 0.0218939 0.00839962 0.0116887 0.0118652 0.0152842 0.0233581 0.0143197 0.0180514 0.0133039 0.00928355 0.0243507 0.0249137 0.00868944 0.0165974 0.01587 0.00885691 0.0110819 0.00947359 0.0111479 0.00826389 0.0098077 0.00866477 0.00814817 0.0080781 0.00826214 
0.0086653 0.00888917 0.0082465 0.00850537 0.00821438 0.00914801 0.00809902 0.00834757 0.00828282 0.00914878 0.00921006 0.00842545 0.0116748 0.00820893 0.00857103 0.0111635 0.0123324 0.00931646 0.0190598 0.0142188 0.0123873 0.00916109 0.0124813 0.0141733 0.0123435 0.00847407 0.0312473 0.011431 0.0127737 0.0137913 0.024971 0.0251876 0.0195118 0.013228 0.026545 0.0151657 0.00955448 0.0294151 0 0.00366213 0.00427873 0.113639 0.00932498 0.745402 0.0138794 0.0200763 0.0312528 0.00918199 0.0263991 0.0129825 0.0112926 0.0139093 0.0142078 0.0104027 0.0137339 0.0107185 0.0125836 0.0086658 0.00897665 0.00800928 0.00849206 0.00818898 0.00824383 0.00838147 
0.00853619 0.00819036 0.00929626 0.00802096 0.00819599 0.00818786 0.00867557 0.00798176 0.00828197 0.00812329 0.00819231 0.00815219 0.00794073 0.00893407 0.00918282 0.00811164 0.00892717 0.0157084 0.00951277 0.0102141 0.00862843 0.0120853 0.0098002 0.0124795 0.00829893 0.0375682 0.00831201 0.0121903 0.0102831 0.0136046 0.0165648 0.0171744 0.0244578 0.0572207 0.0102596 0.00938647 0.0647179 0.0218939 0.00366213 0 0.00355626 0.00824146 0.945663 0.0100154 0.0240195 0.0161519 0.00917634 0.0622614 0.0112472 0.0155935 0.0120328 0.0129074 0.0128877 0.0175901 0.00887858 0.0116528 0.0103814 0.0102491 0.00828289 0.0089166 0.00811541 0.00833865 0.00848254 0.00831635 
0.0082823 0.00826028 0.00813946 0.00801016 0.00794167 0.00842627 0.00804822 0.00808222 0.00800816 0.00824511 0.00826718 0.0083301 0.0100786 0.00823839 0.00807648 0.00949943 0.0147283 0.0087191 0.0101496 0.010248 0.0118854 0.00860579 0.011819 0.0132242 0.0219683 0.00841087 0.0131228 0.0134731 0.00926817 0.0109249 0.0187099 0.0238845 0.013011 0.012344 0.0489656 0.0838738 0.00872843 0.00839962 0.00427873 0.00355626 0 0.896418 0.0085585 0.0565229 0.0156812 0.0180335 0.0334539 0.00981597 0.0267345 0.015197 0.0170128 0.0113797 0.0113189 0.0138381 0.013801 0.0120026 0.0110793 0.0089128 0.00839123 0.0081134 0.00883155 0.00815575 0.00810114 0.00814865 
0.00819976 0.00842198 0.00817477 0.00830941 0.00824422 0.00844858 0.00813062 0.00820918 0.00821944 0.00841311 0.00853355 0.00803467 0.00920729 0.00795325 0.00805406 0.00914492 0.0091095 0.00839215 0.00936097 0.00967944 0.00884344 0.00874958 0.0091567 0.00999026 0.00872508 0.0081887 0.014727 0.00852936 0.00864909 0.0110089 0.0142075 0.0147606 0.0122875 0.0112785 0.0233675 0.0154011 0.00950078 0.0116887 0.113639 0.00824146 0.896418 0 0.00368182 0.00388438 0.00751435 0.0146722 0.0121049 0.00907795 0.0264346 0.0207806 0.00857352 0.0126004 0.014644 0.0103163 0.0119328 0.0102441 0.0123057 0.0085747 0.00869335 0.0079301 0.00813068 0.00802812 0.00823579 0.00842425 
0.00836004 0.00824637 0.00858213 0.00819868 0.00815223 0.00818441 0.00835272 0.00811516 0.00819242 0.00799729 0.00805658 0.00801669 0.00798428 0.00847491 0.00857534 0.00823187 0.0086389 0.0123621 0.0102545 0.00939513 0.0087523 0.010043 0.00825321 0.00981234 0.00838859 0.0156282 0.00839538 0.00856045 0.00979604 0.00949201 0.0129467 0.016516 0.0210297 0.045792 0.0106081 0.00935654 0.0287213 0.0118652 0.00932498 0.945663 0.0085585 0.00368182 0 0.00356931 0.0100764 0.00944642 0.00727949 0.0250573 0.0205429 0.0264878 0.0101575 0.0295151 0.0113555 0.0224778 0.0134529 0.014101 0.0213787 0.00974276 0.00847067 0.00823789 0.00814623 0.00850587 0.0088934 0.0082901 
0.0084498 0.00826553 0.00830324 0.00806187 0.00809858 0.00842828 0.00821735 0.00808821 0.00818876 0.00810473 0.00819437 0.00834051 0.00930925 0.00826594 0.00823813 0.00885298 0.0128817 0.00941546 0.00950903 0.0110034 0.0107147 0.00884282 0.010186 0.0133062 0.0152156 0.00875535 0.00995425 0.0113897 0.0087676 0.0113642 0.0180328 0.027195 0.0148077 0.0151211 0.0306133 0.0185412 0.009489 0.0152842 0.745402 0.0100154 0.0565229 0.00388438 0.00356931 0 0.00782516 0.00485357 0.0277534 0.0163331 0.0286718 0.0213338 0.0299359 0.0119426 0.0204322 0.0203234 0.0164292 0.0167099 0.0132967 0.0106172 0.00879144 0.00852518 0.0099219 0.00843323 0.00845429 0.00849968 
0.00829354 0.00825692 0.00842809 0.00816128 0.00831575 0.00815478 0.00820552 0.00817861 0.00837842 0.0083458 0.00835451 0.00827257 0.008475 0.00828032 0.0083925 0.00899124 0.0101904 0.00947092 0.00967625 0.0118936 0.0105126 0.012593 0.0107848 0.0137338 0.00917381 0.00962977 0.010499 0.00907407 0.0098158 0.0143632 0.0286811 0.0212497 0.0200075 0.0176936 0.0229697 0.0128284 0.0140924 0.0233581 0.0138794 0.0240195 0.0156812 0.00751435 0.0100764 0.00782516 0 0.00411351 0.00765966 0.0243366 0.0176626 0.0151535 0.00858237 0.0329171 0.0128383 0.019531 0.131703 0.023765 0.0340593 0.0117974 0.0108953 0.00829377 0.00879645 0.00848558 0.00846323 0.00902861 
0.00844201 0.0083426 0.00832532 0.00814772 0.00823228 0.00833103 0.00824689 0.00814655 0.00828479 0.00829352 0.00840648 0.0085975 0.0088013 0.00821436 0.0081469 0.00867414 0.0109638 0.00925018 0.00921325 0.00940341 0.0112523 0.00890821 0.0107983 0.0135031 0.0101378 0.00934181 0.00909152 0.0104343 0.00874546 0.00994183 0.0275885 0.0248186 0.012327 0.0159841 0.0187951 0.0152393 0.0113095 0.0143197 0.0200763 0.0161519 0.0180335 0.0146722 0.00944642 0.00485357 0.00411351 0 0.0657902 0.0117938 0.00698767 0.00820459 0.0188159 0.0135173 0.0116474 0.133026 0.0261265 0.0268754 0.0137973 0.0133012 0.00898446 0.00919089 0.00934542 0.00856438 0.00873765 0.00862146 
0.00827326 0.0082691 0.00834926 0.00819034 0.00839529 0.00816184 0.00816812 0.00817907 0.00857096 0.0083985 0.00835232 0.0080919 0.00846417 0.00818551 0.00824202 0.00957208 0.00931786 0.00881636 0.0102491 0.0138452 0.0093933 0.0104031 0.00971599 0.0112073 0.0093041 0.00835592 0.0138032 0.0085204 0.00877764 0.0141607 0.018874 0.0239738 0.0149431 0.0125666 0.0313055 0.0125038 0.00979574 0.0180514 0.0312528 0.00917634 0.0334539 0.0121049 0.00727949 0.0277534 0.00765966 0.0657902 0 0.00364019 0.00364324 0.00386127 0.0048868 0.0058096 0.0467089 0.0341139 0.0134303 0.00938701 0.0142363 0.0103382 0.0105158 0.00818104 0.00906956 0.00820513 0.00854588 0.00953279 
0.00839025 0.00838858 0.00874699 0.00827305 0.0082732 0.00823321 0.00843168 0.00829611 0.00842222 0.00808264 0.00814192 0.00813648 0.00807045 0.00877565 0.0087931 0.00827439 0.00878577 0.0127206 0.0119665 0.0100376 0.00872409 0.00998414 0.00833723 0.00994079 0.00891312 0.0109253 0.00836203 0.00875402 0.00881468 0.012363 0.0124991 0.0210573 0.0457465 0.0476712 0.0118153 0.00976732 0.0123487 0.0133039 0.00918199 0.0622614 0.00981597 0.00907795 0.0250573 0.0163331 0.0243366 0.0117938 0.00364019 0 0.00365712 0.00363299 0.00521962 0.0226199 0.811374 0.0105283 0.00765151 0.0109064 0.00923045 0.0120816 0.00861998 0.00839691 0.00835836 0.00963764 0.00971514 0.00855408 
0.00831675 0.0083866 0.00846109 0.00824356 0.00824264 0.00823185 0.00829538 0.00824159 0.00828896 0.00799955 0.0081407 0.00802676 0.00876807 0.00876585 0.00858946 0.00845444 0.0097751 0.0120352 0.018412 0.00933745 0.00949728 0.00902112 0.00844824 0.00922838 0.0105234 0.00957261 0.00920569 0.00872498 0.0107817 0.00926735 0.0119776 0.0152374 0.053296 0.0519295 0.0187679 0.0115168 0.0191113 0.00928355 0.0263991 0.0112472 0.0267345 0.0264346 0.0205429 0.0286718 0.0176626 0.00698767 0.00364324 0.00365712 0 0.0036404 0.00684872 0.967647 0.00973875 0.0090182 0.0197063 0.0090408 0.0106406 0.00947031 0.00911699 0.00796719 0.00938543 0.00948019 0.00975066 0.0084593 
0.00849431 0.00824628 0.00846261 0.00817667 0.00821711 0.00847282 0.0082508 0.0081399 0.00830952 0.00816648 0.00826269 0.00853197 0.0084275 0.00817809 0.00849586 0.00872826 0.0108525 0.00971345 0.00954232 0.0125284 0.00959281 0.00937465 0.00934802 0.0129659 0.0102105 0.00901589 0.00879381 0.0108013 0.00844978 0.0135097 0.0191844 0.0282441 0.0118145 0.0239064 0.0268035 0.0149772 0.00893948 0.0243507 0.0129825 0.0155935 0.015197 0.0207806 0.0264878 0.0213338 0.0151535 0.00820459 0.00386127 0.00363299 0.0036404 0 0.987402 0.00470946 0.00568468 0.0122782 0.00879396 0.0162996 0.00784274 0.0131099 0.00898886 0.00939312 0.00988567 0.00851549 0.00853635 0.00936475 
0.00843441 0.00832938 0.00852606 0.00831653 0.00875679 0.00832667 0.00827254 0.00834885 0.00895498 0.00844811 0.00840237 0.00842996 0.00816796 0.00822031 0.00835354 0.00905238 0.00894352 0.00890559 0.00921311 0.0121658 0.00834828 0.010949 0.00890325 0.0103328 0.00845997 0.00838895 0.0107838 0.00856558 0.00837333 0.0166773 0.0177769 0.0180147 0.0111292 0.0143525 0.0198865 0.00982994 0.00903734 0.0249137 0.0112926 0.0120328 0.0170128 0.00857352 0.0101575 0.0299359 0.00858237 0.0188159 0.0048868 0.00521962 0.00684872 0.987402 0 0.00372854 0.00394495 0.00589038 0.0107385 0.00826073 0.0167884 0.0128299 0.0108185 0.00858109 0.00830505 0.00834574 0.00882755 0.00987661 
0.00831211 0.00843051 0.00843211 0.00830746 0.00825825 0.0081948 0.00835727 0.00826729 0.00829537 0.00806545 0.00809152 0.0080846 0.00814425 0.00834926 0.00821906 0.00831659 0.00855927 0.00907522 0.0102298 0.00879281 0.0088752 0.00878902 0.00816512 0.00855013 0.00837675 0.00912629 0.00861537 0.00830748 0.00997471 0.00849847 0.0119159 0.0110365 0.0201761 0.0195668 0.0124543 0.00952905 0.0181307 0.00868944 0.0139093 0.0129074 0.0113797 0.0126004 0.0295151 0.0119426 0.0329171 0.0135173 0.0058096 0.0226199 0.967647 0.00470946 0.00372854 0 0.00375527 0.00897161 0.0104693 0.0177461 0.0102102 0.00908222 0.00950215 0.00818343 0.00844089 0.00892271 0.00875991 0.0085373 
0.00860295 0.00826882 0.00842134 0.00817179 0.00818938 0.00854043 0.00825255 0.00818839 0.00830485 0.00820048 0.00836282 0.00851129 0.00837325 0.008189 0.00828664 0.00848398 0.0100264 0.00910919 0.00868001 0.00984221 0.00953189 0.00886904 0.00929427 0.0114665 0.0106813 0.0088773 0.00842455 0.010482 0.00818956 0.0101935 0.014359 0.0259392 0.0117392 0.0154659 0.0181597 0.0150898 0.00889506 0.0165974 0.0142078 0.0128877 0.0113189 0.014644 0.0113555 0.0204322 0.0128383 0.0116474 0.0467089 0.811374 0.00973875 0.00568468 0.00394495 0.00375527 0 0.0171162 0.00673671 0.0139258 0.00920332 0.0137395 0.00871117 0.00977015 0.00998166 0.00846919 0.00855485 0.00872683 
0.00823504 0.00817881 0.00838292 0.00814544 0.0082364 0.00815333 0.00818642 0.00816014 0.008366 0.00818001 0.0082041 0.00821029 0.00804989 0.00806076 0.00801808 0.00822953 0.00873539 0.00855489 0.00852606 0.0100716 0.00845598 0.0106249 0.009015 0.0101083 0.0082963 0.00878217 0.00877317 0.00829624 0.00864832 0.0119724 0.0192719 0.0127714 0.0119883 0.0126993 0.0175235 0.00971267 0.0103212 0.01587 0.0104027 0.0175901 0.0138381 0.0103163 0.0224778 0.0203234 0.019531 0.133026 0.0341139 0.0105283 0.0090182 0.0122782 0.00589038 0.00897161 0.0171162 0 0.00404917 0.00586306 0.0681892 0.0154962 0.0125907 0.00911881 0.00844541 0.00822043 0.0084701 0.00926837 
0.00830877 0.00829077 0.00821346 0.00814908 0.00819459 0.00821323 0.00820805 0.00818387 0.00830299 0.00812882 0.00816374 0.00815795 0.00827248 0.00802841 0.0080845 0.00819611 0.00856055 0.00831348 0.00860225 0.00837901 0.00903308 0.00811805 0.00888788 0.0090167 0.00855554 0.00841521 0.00831804 0.00838389 0.00828154 0.00832649 0.0134278 0.0127918 0.008991 0.0109698 0.0134683 0.0103413 0.00861874 0.00885691 0.0137339 0.00887858 0.013801 0.0119328 0.0134529 0.0164292 0.131703 0.0261265 0.0134303 0.00765151 0.0197063 0.00879396 0.0107385 0.0104693 0.00673671 0.00404917 0 0.187283 0.00403477 0.0114775 0.0104818 0.008199 0.00859266 0.00818302 0.00865655 0.00849267 
0.00832084 0.00822015 0.00829893 0.00811864 0.00823008 0.00828442 0.00820524 0.00813691 0.00826091 0.00822638 0.00832393 0.00830241 0.00807916 0.00802622 0.00794964 0.00828443 0.00856211 0.00831604 0.00824834 0.00883019 0.00836119 0.00874507 0.00885764 0.00982463 0.0083684 0.00839437 0.00854994 0.00816822 0.00812214 0.0104856 0.0180971 0.0104548 0.00975854 0.0103906 0.0128727 0.00905315 0.00888923 0.0110819 0.0107185 0.0116528 0.0120026 0.0102441 0.014101 0.0167099 0.023765 0.0268754 0.00938701 0.0109064 0.0090408 0.0162996 0.00826073 0.0177461 0.0139258 0.00586306 0.187283 0 0.00378975 0.0283565 0.0140552 0.0085815 0.00845713 0.00820391 0.00820696 0.0094135 
