1E7YA
VSEIKTLVTFFGGTGDLAKRKLYPSVFNLYKKGYLQKHFAIVGTARQALNDDEFKQLVRDSIKDFTDDQAQAEAFIEHFSYRAHDVTDAASYAVLKEAIEEAADKFDIDGNRIFYMSVAPRFFGTIAKYLKSEGLLADTGYNRLMIEKPFGTSYDTAAELQNDLENAFDDNQLFRINHYLGKEMVQNIAALRFGNPIFDAAWNKDYIKNVQVTLSEVLGVEERAGYYDTAGALLDMIQNHTMQIVGWLAMEKPESFTDKDIRAAKNAAFNALKIYDEAEVNKYFVRAQYGAGDSADFKPYLEELDVPADSKNNTFIAGELQFDLPRWEGVPFYVRSGKRLAAKQTRVDIVFKAGTFNFGSEQEAQEAVLSIIIDPKGAIELKLNAKSVEDAFNTRTIDLGWTVSDEDKKNTPEPYERMIHDTMNGDGSNFADWNGVSIAWKFVDAISAVYTADKAPLETYKSGSMGPEASDKLLAANGDAWVFKG
CCCCCEEEEEECCCCHHHHHCHHHHHHHHHHCCCCCCCEEEEEEECCCCCHHHHHHHHHHHCHHHCCCHHHHHHHHCCEEEEECCCCCHHHHHHHHHHHHHHHHHCCCCCCEEEEECCCHHHHHHHHHHHHHCCCCCCCCCEEEEECCCCCCCHHHHHHHHHHHHCCCCHHHEEECCCCCCCHHHHHHHHHHHHCHHHHCCCCCCCEEEEEEEEECCCCCCCCHHHHHHHHHHHHCCCCHHHHHHHHHHCCCCCCCCHHHHHHHHHHHHCCECCCCHHHHHHHEEEEEECCCCCCCCCCHHHCCCCCCCCCCCCEEEEEECECCHHHCCCCEEEEEECCCCCCEEEEEEEECCCCCCCCCCCCCCCCEEEEEEECCCEEEEEEEEECCCCCCCEEEEEEEEECCHHHHHHCCCHHHHHHHHHHHCCCCCCCCHHHHHHHHHHHHHHHHHHHCCCCCEEEECCCCCCCHHHHHHHHCCCCCCCCCC
0 0 0 0 0 0 0 0 0 0 0 0 0 0 0 0 0 0 0 0 0 0 0 0 0 0 0 0 0 0 0 0 0 0 0 0 0 0 0 0 0 0 0 0 0 0 0 0 0 0 0 0 0 0 0 0 0 0 0 0 0 0 0 0 0 0 0 0 0 0 0 0 0 0 0 0 0 0 0 0 0 0 0 0 0 0 0 0 0 0 0 0 0 0 0 0 0 0 0 0 0 0 0 0 0 0 0 0 0 0 0 0 0 0 0 0 0 0 0 0 0 0 0 0 0 0 0 0 0 0 0 0 0 0 0 0 0 0 0 0 0 0 0 0 0 0 0 0 0 0 0 0 0 0 0 0 0 0 0 0 0 0 0 0 0 0 0 0 0 0 0 0 0 0 0 0 0 0 0 0 0 0 0 0 0 0 0 0 0 0 0 0 0 0 0 0 0 0 0 0 0 0 0 0 0 0 0 0 0 0 0 0 0 0 0 0 0 0 0 0 0 0 0 0 0 0 0 0 0 0 0 0 0 0 0 0 0 0 0 0 0 0 0 0 0 0 0 0 0 0 0 0 0 0 0 0 0 0 0 0 0 0 0 0 0 0 0 0 0 0 0 0 0 0 0 0 0 0 0 0 0 0 0 0 0 0 0 0 0 0 0 0 0 0 0 0 0 0 0 0 0 0 0 0 0 0 0 0 0 0 0 0 0 0 0 0 0 0 0 0 0 0 0 0 0 0 0 0 0 0 0 0 0 0 0 0 0 0 0 0 0 0 0 0 0 0 0 0 0 0 0 0 0 0 0 0 0 0 0 0 0 0 0 0 0 0 0 0 0 0 0 0 0 0 0 0 0 0 0 0 0 0 0 0 0 0 0 0 0 0 0 0 0 0 0 0 0 0 0 0 0 0 0 0 0 0 0 0 0 0 0 0 0 0 0 0 0 0 0 0 0 0 0 0 0 0 0 0 0 0 0 0 0 0 0 0 0 0 0 0 0 0 0 0 0 0 0 0 0 0 0 0 0 0 0 0 0 0 0 0 0 0 0 0 0 0 0 0 0 0 0 0 0 0 0 0 0 0 0 0 0 0 0 0 0 
0 0 0 0 0 0 0 0 0 0 0 0 0 0 0 0 0 0 0 0 0 0 0 0 0 0 0 0 0 0 0 0 0 0 0 0 0 0 0 0 0 0 0 0 0 0 0 0 0 0 0 0 0 0 0 0 0 0 0 0 0 0 0 0 0 0 0 0 0 0 0 0 0 0 0 0 0 0 0 0 0 0 0 0 0 0 0 0 0 0 0 0 0 0 0 0 0 0 0 0 0 0 0 0 0 0 0 0 0 0 0 0 0 0 0 0 0 0 0 0 0 0 0 0 0 0 0 0 0 0 0 0 0 0 0 0 0 0 0 0 0 0 0 0 0 0 0 0 0 0 0 0 0 0 0 0 0 0 0 0 0 0 0 0 0 0 0 0 0 0 0 0 0 0 0 0 0 0 0 0 0 0 0 0 0 0 0 0 0 0 0 0 0 0 0 0 0 0 0 0 0 0 0 0 0 0 0 0 0 0 0 0 0 0 0 0 0 0 0 0 0 0 0 0 0 0 0 0 0 0 0 0 0 0 0 0 0 0 0 0 0 0 0 0 0 0 0 0 0 0 0 0 0 0 0 0 0 0 0 0 0 0 0 0 0 0 0 0 0 0 0 0 0 0 0 0 0 0 0 0 0 0 0 0 0 0 0 0 0 0 0 0 0 0 0 0 0 0 0 0 0 0 0 0 0 0 0 0 0 0 0 0 0 0 0 0 0 0 0 0 0 0 0 0 0 0 0 0 0 0 0 0 0 0 0 0 0 0 0 0 0 0 0 0 0 0 0 0 0 0 0 0 0 0 0 0 0 0 0 0 0 0 0 0 0 0 0 0 0 0 0 0 0 0 0 0 0 0 0 0 0 0 0 0 0 0 0 0 0 0 0 0 0 0 0 0 0 0 0 0 0 0 0 0 0 0 0 0 0 0 0 0 0 0 0 0 0 0 0 0 0 0 0 0 0 0 0 0 0 0 0 0 0 0 0 0 0 0 0 0 0 0 0 0 0 0 0 0 0 0 0 0 0 0 0 0 0 0 0 0 0 0 0 0 0 0 0 0 0 0 0 0 0 0 0 0 0 0 0 0 0 0 0 0 0 
0 0.00376535 0.00369555 0.00379329 0.00377628 0.00555071 0.625229 0.0239211 0.0229025 0.0129664 0.0132156 0.0112181 0.0311475 0.0119498 0.00943808 0.00993837 0.00947903 0.0121441 0.0101575 0.00912551 0.00923749 0.00933554 0.0112485 0.00892032 0.00844958 0.00915485 0.00894121 0.0104019 0.00835082 0.00824373 0.00969495 0.00862141 0.00815691 0.00830802 0.00832081 0.00833913 0.00852262 0.00827664 0.00833482 0.00856196 0.00919759 0.00839747 0.0083545 0.00835722 0.00838796 0.00828639 0.0086874 0.00855717 0.00859316 0.00852793 0.00868748 0.00835294 0.00893804 0.0109156 0.00888106 0.00871247 0.0086425 0.00848028 0.00855537 0.00899501 0.00875442 0.00858937 0.0086177 0.00898724 0.0088422 0.00909713 0.00886777 0.0105891 0.00937894 0.00938934 0.00973229 0.00964824 0.00952284 0.00936836 0.00983963 0.00936825 0.00949648 0.00948501 0.0112904 0.00939075 0.00947161 0.0090878 0.00922012 0.0101816 0.00990869 0.0092635 0.0099667 0.00998549 0.0095019 0.00933701 0.009692 0.00991055 0.0115406 0.0223195 0.0173769 0.019643 0.0316766 
0.00376535 0 0.00367371 0.00365619 0.00386883 0.0037273 0.0555389 0.714393 0.0292614 0.0439593 0.0200677 0.0362863 0.0110542 0.00976024 0.0204123 0.0126894 0.0132399 0.00943863 0.00944196 0.0111843 0.0125874 0.0146564 0.0100126 0.00810424 0.00968805 0.0106875 0.0105165 0.00917663 0.00818608 0.00867176 0.00885259 0.00820287 0.00826102 0.00853789 0.00860586 0.00866816 0.00896616 0.00865258 0.0085314 0.00833688 0.00826172 0.00826517 0.0085348 0.0085404 0.00852921 0.00842838 0.00841424 0.00846893 0.00895921 0.00865779 0.00869106 0.00856427 0.00855323 0.00873805 0.00869392 0.00904415 0.00877556 0.0086711 0.00864434 0.00847182 0.00843614 0.00875931 0.00878793 0.00932354 0.00918001 0.00946376 0.00911936 0.00930431 0.00882623 0.00993106 0.00995898 0.0103623 0.0100279 0.00949168 0.00886195 0.00886371 0.00984012 0.00948488 0.0103771 0.00947151 0.00954468 0.0091127 0.0089709 0.00921401 0.00895849 0.00906277 0.0100943 0.00984033 0.00946593 0.00957676 0.00973329 0.00967691 0.0105167 0.0161016 0.0153032 0.0175466 0.0232489 
0.00369555 0.00367371 0 0.0036723 0.00361991 0.0037064 0.0797879 0.0482659 0.69083 0.0536535 0.159496 0.0168832 0.0113831 0.0104419 0.0166865 0.0407597 0.0138244 0.00912825 0.00938102 0.0183878 0.0386142 0.0167397 0.01033 0.00846747 0.00996838 0.0185298 0.0129533 0.00929956 0.00848522 0.00894247 0.00921092 0.00843971 0.00850787 0.0093892 0.00907411 0.00953413 0.00991485 0.00918357 0.00872894 0.0083253 0.00829773 0.00854661 0.00868662 0.00937494 0.0088716 0.00884292 0.0084595 0.00867038 0.00942122 0.00914014 0.00914081 0.00877804 0.00919096 0.00903203 0.0090077 0.00951817 0.00927296 0.00921658 0.00897295 0.00859917 0.00853371 0.00891388 0.0093738 0.00990192 0.010582 0.0103098 0.00963798 0.00964134 0.00925293 0.0103786 0.0108596 0.010868 0.0109746 0.0100548 0.00885993 0.00932552 0.0105488 0.0100204 0.011556 0.00941675 0.00989613 0.00949428 0.0091283 0.00896865 0.00929565 0.00960708 0.0110886 0.0107034 0.0102043 0.010122 0.0103969 0.0104109 0.010014 0.0201448 0.0162045 0.0165502 0.0258085 
0.00379329 0.00365619 0.0036723 0 0.00359315 0.00357855 0.0355668 0.207418 0.0970331 0.678767 0.0627084 0.0329173 0.0100836 0.0103995 0.0357039 0.0270841 0.0135735 0.00924969 0.0104112 0.0195184 0.0540639 0.0198127 0.0102908 0.0086056 0.0111228 0.0181052 0.0149759 0.00925753 0.00856082 0.00891279 0.0102934 0.00830125 0.0086349 0.00926677 0.00921387 0.0100281 0.0103198 0.0101715 0.00878258 0.00836118 0.00831132 0.00863387 0.00879528 0.0092227 0.00911294 0.0088294 0.00842819 0.00869644 0.00955748 0.00905624 0.00921274 0.00878173 0.00887749 0.00866918 0.00891309 0.00949945 0.00931011 0.009101 0.00902208 0.00865518 0.00856496 0.00891933 0.00949477 0.00984493 0.0101565 0.0104217 0.00952083 0.00935458 0.00924085 0.0104293 0.0109 0.0108779 0.0110041 0.0100072 0.00916453 0.0093837 0.0105 0.0102715 0.0108091 0.00982636 0.00979283 0.00973049 0.00915788 0.00914825 0.00903863 0.00958532 0.011168 0.0104863 0.0105135 0.00996432 0.0107081 0.0101831 0.0106754 0.0182876 0.0155425 0.0173166 0.0235969 
0.00377628 0.00386883 0.00361991 0.00359315 0 0.00378325 0.0275208 0.045399 0.252449 0.0680202 0.540398 0.0734436 0.0207323 0.0110706 0.0172088 0.020627 0.018083 0.009991 0.0101693 0.0194717 0.0226853 0.0241026 0.011008 0.00856713 0.0101913 0.0130813 0.013236 0.00928734 0.0084374 0.00901344 0.00875266 0.00822625 0.00830146 0.00905737 0.00868387 0.0092696 0.00937467 0.00888198 0.00873378 0.00832169 0.00822248 0.00842025 0.0087625 0.00893171 0.00870899 0.00880046 0.00837881 0.00867777 0.00916086 0.00905919 0.00901757 0.00871106 0.00870425 0.00865752 0.00875005 0.00922224 0.00899995 0.00893381 0.00888911 0.00857982 0.00842798 0.00887856 0.00904987 0.00955678 0.00992583 0.0102394 0.00925052 0.0090515 0.00909767 0.0100897 0.0103986 0.010605 0.0103959 0.00966306 0.00876475 0.0091664 0.0098971 0.00960112 0.0102289 0.00907293 0.00920284 0.00904953 0.00903092 0.00873458 0.00909945 0.00911721 0.0102995 0.00972946 0.00967561 0.00930926 0.00960505 0.00973342 0.00982082 0.0171993 0.0150752 0.0158546 0.0209887 
0.00555071 0.0037273 0.0037064 0.00357855 0.00378325 0 0.0251012 0.0342788 0.0340424 0.0824861 0.0501663 0.477232 0.0624386 0.0143768 0.0109707 0.010599 0.0131353 0.0141991 0.0128211 0.00961588 0.0115439 0.0131496 0.0170472 0.00991938 0.00891778 0.00946708 0.0107647 0.0106768 0.0103247 0.00857309 0.00896406 0.00835111 0.00813021 0.00828276 0.00856281 0.00863766 0.00895766 0.00836321 0.00825456 0.00865299 0.00877635 0.00892509 0.00846563 0.00844768 0.00837836 0.0083867 0.00845019 0.00884991 0.00880767 0.0088336 0.00847359 0.00847846 0.00871316 0.00959448 0.0094788 0.00880567 0.00855523 0.00850977 0.00861369 0.00862183 0.00859416 0.00876903 0.00867843 0.00905744 0.00913994 0.00961728 0.00891322 0.00925934 0.00981449 0.00969564 0.00997308 0.00963895 0.0094253 0.00927827 0.008964 0.00983499 0.00951805 0.00914043 0.00960253 0.00890189 0.0088622 0.00876485 0.0086324 0.00918078 0.00981862 0.0088859 0.00974524 0.00919403 0.00909646 0.00900211 0.00911093 0.00921318 0.01072 0.017651 0.0154575 0.0160212 0.0209776 
0.625229 0.0555389 0.0797879 0.0355668 0.0275208 0.0251012 0 0.0042117 0.00365542 0.00364773 0.00372847 0.0037743 0.00662921 0.0823458 0.0118953 0.013776 0.0103475 0.0210029 0.0141302 0.010817 0.01035 0.0104635 0.0160857 0.00920121 0.00936737 0.0107448 0.00928162 0.0179752 0.00869034 0.00904517 0.0100424 0.00882699 0.0081025 0.00827734 0.00826932 0.00833451 0.00861927 0.00833865 0.00840091 0.0086402 0.00853127 0.00826462 0.00816208 0.00843526 0.00831146 0.00814746 0.00853034 0.0083264 0.00833039 0.00829234 0.00832623 0.00820009 0.00858814 0.00973553 0.00872608 0.00828341 0.00837234 0.0082287 0.00827888 0.00834067 0.00829873 0.00828469 0.00826756 0.00855654 0.00836973 0.00887866 0.00833205 0.00928224 0.00863043 0.00869534 0.00864049 0.00892102 0.00862235 0.00886373 0.00854084 0.00857608 0.008557 0.00846623 0.00890117 0.00862203 0.00847322 0.00836564 0.00840482 0.00884115 0.00865308 0.00838944 0.00859476 0.00855503 0.00846821 0.00842065 0.00847455 0.00867129 0.00936805 0.0117356 0.0101587 0.0113783 0.0156963 
0.0239211 0.714393 0.0482659 0.207418 0.045399 0.0342788 0.0042117 0 0.00358164 0.00358847 0.00367896 0.00548131 0.00389576 0.028734 0.14411 0.0141505 0.0246946 0.0100024 0.012484 0.0207475 0.0235588 0.0221179 0.0103667 0.00873112 0.013532 0.016561 0.018414 0.0110195 0.00849804 0.00925309 0.00898131 0.00837177 0.00841104 0.00909548 0.00930802 0.00941062 0.0096378 0.00914531 0.00856838 0.00826157 0.00811928 0.00829956 0.00862265 0.00851189 0.00852515 0.00836614 0.00829826 0.00848113 0.0088888 0.00863357 0.00864519 0.00841778 0.00840939 0.00849626 0.00861022 0.00920814 0.00869739 0.00852315 0.00851531 0.00835646 0.00835359 0.00858881 0.00865509 0.00896169 0.00915055 0.00919321 0.00885311 0.00874306 0.00861886 0.00963543 0.00950831 0.00985401 0.00956564 0.00902466 0.00850494 0.00849041 0.00909118 0.00887609 0.00909619 0.00865999 0.00872181 0.00854503 0.00849833 0.00844386 0.0085054 0.00860702 0.00912252 0.00885423 0.00880989 0.00871088 0.00875834 0.00882014 0.00903122 0.0110302 0.0114688 0.0127316 0.0134826 
0.0229025 0.0292614 0.69083 0.0970331 0.252449 0.0340424 0.00365542 0.00358164 0 0.00355725 0.00364775 0.0035744 0.00368869 0.127947 0.0293223 0.172585 0.0133277 0.011191 0.0106521 0.0286264 0.0596015 0.0221328 0.0122784 0.00904887 0.0125791 0.0421669 0.0195546 0.0106607 0.00874015 0.00980987 0.00909438 0.00839841 0.00850835 0.0100575 0.00989645 0.0103057 0.0124034 0.0102097 0.00918063 0.00838671 0.00806999 0.00845226 0.0086161 0.00901895 0.00893173 0.0085178 0.00832178 0.00856429 0.00910441 0.00892602 0.00902602 0.00853287 0.0087008 0.00849661 0.00872384 0.00912489 0.00890167 0.00884687 0.00854039 0.00836181 0.00835422 0.00859563 0.0088717 0.00919503 0.00946446 0.00967009 0.00895941 0.00868479 0.00866645 0.00957502 0.009706 0.0098707 0.00968684 0.00916501 0.00845184 0.00849327 0.0092127 0.0089228 0.00911979 0.00872954 0.00878807 0.00869868 0.00857735 0.00845911 0.00847783 0.00873852 0.0093014 0.00897372 0.0089875 0.0087937 0.00889993 0.00884702 0.0089218 0.0115992 0.011316 0.0123518 0.0133634 
0.0129664 0.0439593 0.0536535 0.678767 0.0680202 0.0824861 0.00364773 0.00358847 0.00355725 0 0.00354643 0.00359336 0.00356396 0.0153024 0.214269 0.0289351 0.0569478 0.0102149 0.0110534 0.0261997 0.0478833 0.027699 0.0110637 0.00883928 0.0135285 0.0285598 0.0216351 0.0108251 0.008675 0.00929457 0.00917024 0.00827595 0.00846979 0.00964953 0.00948659 0.0100475 0.0105715 0.00968409 0.00877119 0.00828991 0.00810344 0.0084059 0.00851593 0.00884415 0.00861888 0.00847045 0.00823806 0.00853298 0.00881426 0.00872236 0.00874497 0.00847741 0.00867494 0.00842441 0.00863668 0.00883447 0.00874814 0.00861185 0.00883019 0.00833114 0.0084285 0.00851702 0.00873846 0.00891736 0.00913291 0.00932388 0.00888445 0.00864147 0.00856864 0.00942676 0.00968136 0.00964826 0.0095774 0.00901436 0.0085135 0.00837522 0.00902591 0.00876781 0.00892969 0.00863076 0.00866477 0.00851616 0.00855847 0.00841888 0.00845384 0.00865358 0.00903149 0.00870431 0.00872948 0.00861155 0.00866187 0.00867628 0.00882312 0.0102237 0.0106431 0.0114862 0.0118629 
0.0132156 0.0200677 0.159496 0.0627084 0.540398 0.0501663 0.00372847 0.00367896 0.00364775 0.00354643 0 0.00354875 0.00355628 0.0362475 0.0325078 0.282917 0.0252546 0.0135612 0.0108964 0.0215931 0.0410654 0.0206025 0.0123806 0.00872072 0.0124715 0.029098 0.0159654 0.0102007 0.00865176 0.00903427 0.00923467 0.00843365 0.00833082 0.00966448 0.00916474 0.00995475 0.0108159 0.00959379 0.00888867 0.0082355 0.00806246 0.00829488 0.00840935 0.00855518 0.00867049 0.00841288 0.00823726 0.00837103 0.00884064 0.00860867 0.00866809 0.00835293 0.00855229 0.00837979 0.0085256 0.00867036 0.00865167 0.00854892 0.00846776 0.00833187 0.0082238 0.0084216 0.00865706 0.00886137 0.00903949 0.00915618 0.0088104 0.0085861 0.00847251 0.00935117 0.00944029 0.0094802 0.00939358 0.00896196 0.00836533 0.00834632 0.00895454 0.00877882 0.00899695 0.00863247 0.00867936 0.00854916 0.00847482 0.00832935 0.00843577 0.00863451 0.00920597 0.00883684 0.00878281 0.00872173 0.00874083 0.00878774 0.00873677 0.0112418 0.0112292 0.0121462 0.0131772 
0.0112181 0.0362863 0.0168832 0.0329173 0.0734436 0.477232 0.0037743 0.00548131 0.0035744 0.00359336 0.00354875 0 0.00385665 0.0126672 0.0696229 0.0174505 0.204833 0.0185325 0.0110922 0.0143227 0.0129139 0.0274993 0.0119262 0.00893867 0.0101961 0.0103287 0.0153267 0.00953399 0.00868229 0.0088275 0.00895712 0.00815802 0.00826673 0.00840098 0.00839575 0.00868244 0.00874953 0.00857742 0.00840584 0.0082596 0.00810252 0.00827044 0.00837177 0.00829 0.00833702 0.00822585 0.00813876 0.00834754 0.00850749 0.00840333 0.00840706 0.0082875 0.00841091 0.00834428 0.00838665 0.00858617 0.00840531 0.00833629 0.00840745 0.00832279 0.00821636 0.00837834 0.00844083 0.00855244 0.00873467 0.00875768 0.00862302 0.00869671 0.00844522 0.00889581 0.00900762 0.00896496 0.008991 0.00864578 0.00852689 0.00841903 0.00860638 0.00866551 0.00869198 0.00856912 0.0085047 0.00844834 0.00852646 0.0085905 0.00840342 0.00846252 0.0089533 0.00863487 0.00871201 0.00847082 0.00870061 0.00869695 0.00903038 0.0108978 0.0106545 0.0117317 0.0115037 
0.0311475 0.0110542 0.0113831 0.0100836 0.0207323 0.0624386 0.00662921 0.00389576 0.00368869 0.00356396 0.00355628 0.00385665 0 0.0342591 0.0108151 0.0168673 0.0168859 0.140055 0.0126951 0.0093517 0.00908046 0.00982093 0.0128193 0.0104 0.00844618 0.008697 0.00859677 0.00997361 0.0109814 0.00825814 0.00835195 0.00873936 0.00797124 0.00833397 0.00816185 0.00811789 0.00841536 0.00809917 0.00810048 0.00824513 0.0088315 0.0084613 0.00837902 0.0081 0.00824506 0.0080865 0.00823118 0.0088054 0.00833298 0.00831986 0.00832852 0.00828027 0.00844415 0.00943565 0.00902689 0.00845199 0.00833512 0.00826696 0.00831258 0.00835415 0.0084694 0.00843294 0.00833768 0.00846231 0.00836868 0.00852183 0.00836877 0.00898743 0.00922304 0.00854676 0.00863433 0.00847603 0.0084173 0.00843784 0.00847668 0.00940209 0.00884257 0.00852077 0.00928318 0.00868709 0.00861625 0.0085949 0.00849924 0.00873323 0.00951967 0.00852981 0.0090085 0.00886305 0.00860215 0.00868527 0.00865349 0.0086006 0.00931055 0.0124614 0.0106743 0.0115847 0.0139691 
0.0119498 0.00976024 0.0104419 0.0103995 0.0110706 0.0143768 0.0823458 0.028734 0.127947 0.0153024 0.0362475 0.0126672 0.0342591 0 0.00367579 0.00365487 0.00359817 0.00399124 0.097667 0.0133348 0.0124627 0.0120292 0.0325398 0.00943315 0.00944823 0.0110317 0.00995727 0.0210401 0.00870496 0.00901918 0.0112532 0.00862756 0.00794554 0.00813051 0.0084833 0.00825328 0.00880846 0.00824994 0.00846417 0.00929981 0.00884385 0.0084575 0.00812845 0.00812743 0.00820512 0.00804615 0.00829218 0.00835471 0.00825906 0.00817296 0.00821203 0.00806736 0.00837286 0.00908535 0.00839255 0.00824738 0.00828967 0.00814991 0.00817363 0.00821926 0.00816843 0.00821844 0.00817416 0.008343 0.00822717 0.00838385 0.00821474 0.00880816 0.00828451 0.00835521 0.00835489 0.00840802 0.00828619 0.00834072 0.00829596 0.00824946 0.00830998 0.00822233 0.00842822 0.00828257 0.00823054 0.00816893 0.00820669 0.00833018 0.00826793 0.0082009 0.00827386 0.00822209 0.00818889 0.00819325 0.00816845 0.00820008 0.00851928 0.00910617 0.00856865 0.00872233 0.0107315 
0.00943808 0.0204123 0.0166865 0.0357039 0.0172088 0.0109707 0.0118953 0.14411 0.0293223 0.214269 0.0325078 0.0696229 0.0108151 0.00367579 0 0.00363682 0.00357776 0.0036161 0.0428383 0.0719719 0.0206827 0.0405095 0.0103964 0.00935829 0.0167535 0.0167678 0.0356029 0.00979067 0.00878413 0.00971046 0.00934256 0.00816235 0.00860303 0.00899556 0.00881828 0.0103195 0.00910462 0.0100644 0.0087514 0.00833576 0.00796472 0.00812349 0.00823337 0.00880205 0.00835565 0.00821759 0.00808286 0.00828139 0.00839903 0.0083956 0.00840458 0.00822992 0.00828155 0.00820043 0.0082713 0.0084787 0.00851059 0.00828594 0.00825914 0.00820467 0.00819015 0.00836956 0.00842066 0.00851848 0.00860183 0.00863889 0.00839538 0.00842237 0.00834733 0.00869352 0.00874303 0.00874259 0.00876676 0.00848988 0.00827765 0.00821481 0.00846392 0.00839964 0.00848249 0.00831818 0.00837735 0.00826158 0.00828146 0.00824299 0.00826725 0.00832843 0.00840174 0.00833567 0.00831848 0.00830454 0.00831784 0.00831977 0.00837305 0.00860879 0.00862825 0.0090509 0.00925429 
0.00993837 0.0126894 0.0407597 0.0270841 0.020627 0.010599 0.013776 0.0141505 0.172585 0.0289351 0.282917 0.0174505 0.0168673 0.00365487 0.00363682 0 0.00356805 0.00355967 0.0418425 0.0286198 0.128581 0.0163747 0.0153824 0.0092186 0.0135268 0.0480481 0.0134983 0.0118635 0.00976511 0.00939564 0.00906985 0.00836769 0.00832807 0.00985728 0.0126542 0.00990733 0.0136916 0.00965214 0.00940236 0.00836804 0.00795374 0.00828169 0.00850343 0.00847796 0.00852714 0.00815751 0.00813637 0.0083012 0.00846421 0.00841145 0.00850192 0.00819962 0.00835971 0.00828772 0.00838004 0.00845906 0.00842374 0.00841486 0.00833664 0.00824906 0.00820638 0.00836102 0.00844418 0.00855691 0.00868761 0.00869478 0.00840289 0.00848153 0.00836172 0.00860228 0.00875578 0.00873024 0.00869617 0.00847293 0.00829187 0.0082029 0.00853229 0.00845171 0.0084525 0.00837506 0.00838343 0.00834302 0.00829881 0.00827817 0.00827073 0.0083666 0.00847306 0.00839863 0.00842283 0.00837489 0.00837998 0.00838739 0.00838538 0.00894498 0.00893564 0.00962297 0.0095979 
0.00947903 0.0132399 0.0138244 0.0135735 0.018083 0.0131353 0.0103475 0.0246946 0.0133277 0.0569478 0.0252546 0.204833 0.0168859 0.00359817 0.00357776 0.00356805 0 0.0036575 0.0153993 0.0737768 0.0281955 0.0902112 0.0147684 0.0087143 0.0188393 0.0132271 0.0201987 0.0110823 0.00951865 0.0106573 0.00971495 0.00833338 0.00819633 0.00888263 0.00867688 0.0097028 0.0094403 0.00918726 0.00881172 0.00834888 0.00798663 0.00810512 0.00828202 0.00823227 0.00832943 0.0081289 0.00801977 0.00819298 0.00830556 0.00831221 0.00834438 0.0081708 0.00825895 0.0081603 0.00825278 0.00836912 0.00834142 0.00830649 0.00840066 0.00820529 0.00816231 0.00832251 0.00833481 0.00845639 0.0084968 0.00850046 0.00842229 0.00831042 0.00827915 0.00853053 0.00861878 0.00863401 0.00862562 0.00846099 0.00825154 0.00824466 0.00840403 0.00835134 0.00845439 0.00828 0.00831272 0.00829717 0.00839923 0.00821383 0.00829172 0.00831358 0.00838012 0.00834453 0.00833464 0.00832562 0.00833063 0.00842213 0.00830819 0.00888264 0.00863672 0.00896787 0.00894215 
0.0121441 0.00943863 0.00912825 0.00924969 0.009991 0.0141991 0.0210029 0.0100024 0.011191 0.0102149 0.0135612 0.0185325 0.140055 0.00399124 0.0036161 0.00355967 0.0036575 0 0.0297028 0.0131743 0.0166424 0.0402731 0.0760581 0.0245769 0.00951129 0.00936282 0.0107272 0.0120548 0.0123151 0.00937502 0.00912356 0.00854295 0.00815549 0.00822705 0.00837028 0.00851703 0.00851399 0.00844229 0.00839337 0.00830857 0.00828804 0.00821343 0.00813995 0.00797883 0.00805481 0.00798981 0.00800835 0.00830592 0.00814516 0.00812774 0.00813176 0.00802095 0.00816756 0.00834479 0.00848227 0.00821637 0.00818783 0.00808818 0.00813154 0.00808568 0.00816936 0.0082257 0.00819983 0.00821982 0.00823229 0.00831586 0.00820731 0.00825812 0.00845926 0.00832438 0.00837794 0.00827788 0.00826088 0.00825225 0.00821593 0.00854568 0.00830589 0.00829105 0.00828916 0.00847634 0.00824491 0.00822898 0.00826315 0.00826328 0.00845566 0.00824831 0.0083505 0.00834626 0.00833542 0.00823691 0.00825132 0.00825806 0.00854691 0.00922312 0.00859148 0.00873785 0.00900187 
0.0101575 0.00944196 0.00938102 0.0104112 0.0101693 0.0128211 0.0141302 0.012484 0.0106521 0.0110534 0.0108964 0.0110922 0.0126951 0.097667 0.0428383 0.0418425 0.0153993 0.0297028 0 0.00432848 0.003601 0.00364264 0.00387978 0.622072 0.0183111 0.0193545 0.0145948 0.0325288 0.0121515 0.0101831 0.0191646 0.00946773 0.00839714 0.00930239 0.00879365 0.00963095 0.00938363 0.00936876 0.00942871 0.010643 0.00838843 0.00844266 0.00809279 0.00848534 0.00831176 0.00813948 0.00850095 0.00827448 0.00836165 0.0085287 0.00872336 0.00814141 0.00825051 0.00876187 0.00826683 0.0083641 0.00836653 0.00817617 0.00815688 0.00812964 0.00808309 0.00817577 0.00823624 0.0085547 0.00843209 0.00849523 0.0082329 0.00859453 0.00826633 0.00834103 0.00855803 0.00858691 0.0084934 0.0084123 0.00834456 0.00824937 0.00831956 0.0083299 0.00836577 0.00835498 0.00827793 0.00823207 0.00823561 0.00832506 0.00819597 0.0082684 0.00830444 0.00823111 0.00826245 0.00822501 0.00824294 0.00824403 0.00844204 0.0085211 0.00834764 0.0083723 0.00897016 
0.00912551 0.0111843 0.0183878 0.0195184 0.0194717 0.00961588 0.010817 0.0207475 0.0286264 0.0261997 0.0215931 0.0143227 0.0093517 0.0133348 0.0719719 0.0286198 0.0737768 0.0131743 0.00432848 0 0.00356909 0.00360647 0.00360578 0.0223842 0.675669 0.0390172 0.104011 0.0137992 0.0114302 0.0175471 0.0104794 0.00890349 0.00896416 0.0103682 0.0158485 0.0130936 0.0211648 0.0123901 0.0132442 0.00869516 0.00798438 0.00823358 0.00879605 0.00896529 0.00903339 0.00842684 0.00815432 0.00830519 0.00886603 0.00857664 0.00872091 0.00823555 0.00833327 0.00835185 0.00835657 0.00864552 0.00864643 0.00840866 0.00835244 0.00814338 0.00814762 0.00844228 0.00846698 0.00880578 0.00876487 0.00893503 0.00839301 0.0083822 0.00835004 0.00886371 0.00890442 0.00892017 0.00877909 0.00848098 0.00826937 0.00823828 0.00856792 0.00846342 0.00850971 0.00829429 0.00835517 0.00826549 0.00826476 0.00826207 0.00827475 0.00833691 0.00838513 0.0083179 0.0083243 0.00831762 0.00831924 0.00832283 0.0083017 0.00845094 0.00843109 0.00844049 0.00856272 
0.00923749 0.0125874 0.0386142 0.0540639 0.0226853 0.0115439 0.01035 0.0235588 0.0596015 0.0478833 0.0410654 0.0129139 0.00908046 0.0124627 0.0206827 0.128581 0.0281955 0.0166424 0.003601 0.00356909 0 0.00359328 0.00355608 0.0222149 0.042391 0.803022 0.0278057 0.02519 0.0130294 0.0139574 0.0129917 0.00877316 0.0102177 0.0184219 0.0218278 0.0282383 0.0301543 0.0245305 0.0131435 0.00867294 0.00791146 0.00836411 0.00889304 0.010196 0.00935335 0.00874475 0.00865 0.00826766 0.00884696 0.00899066 0.00900454 0.00833268 0.00838423 0.00811235 0.00844298 0.00871641 0.00876579 0.0087071 0.0084195 0.00809302 0.00809468 0.00827975 0.00876018 0.00888968 0.00925717 0.00931347 0.00857231 0.00829736 0.0084264 0.00878483 0.00904623 0.00909195 0.00901259 0.00851478 0.00823257 0.00821795 0.00860162 0.00846763 0.00848991 0.00824245 0.00834719 0.00817055 0.00822364 0.00817434 0.00824691 0.00829342 0.00839542 0.00831026 0.00831656 0.0083261 0.0082513 0.00834423 0.0082363 0.008377 0.00844991 0.00853279 0.00861801 
0.00933554 0.0146564 0.0167397 0.0198127 0.0241026 0.0131496 0.0104635 0.0221179 0.0221328 0.027699 0.0206025 0.0274993 0.00982093 0.0120292 0.0405095 0.0163747 0.0902112 0.0402731 0.00364264 0.00360647 0.00359328 0 0.00366236 0.0234051 0.118907 0.0322152 0.802639 0.0327747 0.0148058 0.0255295 0.0187924 0.00869927 0.0119955 0.0118243 0.0116913 0.0205501 0.0167641 0.0196993 0.0153193 0.0101789 0.00803874 0.00880811 0.00897777 0.0093915 0.00942989 0.00891455 0.0083421 0.00842914 0.00873913 0.00902926 0.0088726 0.0084062 0.00845086 0.00806873 0.00862314 0.00885046 0.0089313 0.00860738 0.00846229 0.0081959 0.00817282 0.00840957 0.00859862 0.00885673 0.00908087 0.009316 0.00867842 0.00842687 0.00841375 0.008894 0.0094382 0.00917957 0.00920608 0.00869245 0.00835414 0.00827738 0.00856166 0.00851637 0.00848736 0.00829511 0.00839214 0.00822446 0.00838022 0.00817487 0.00830873 0.0083336 0.00844299 0.00837962 0.0083923 0.00836029 0.008302 0.00842211 0.00828271 0.00852524 0.00854871 0.00864779 0.00869887 
0.0112485 0.0100126 0.01033 0.0102908 0.011008 0.0170472 0.0160857 0.0103667 0.0122784 0.0110637 0.0123806 0.0119262 0.0128193 0.0325398 0.0103964 0.0153824 0.0147684 0.0760581 0.00387978 0.00360578 0.00355608 0.00366236 0 0.0492062 0.0144647 0.0396164 0.0329306 0.720635 0.022907 0.0138865 0.0163372 0.0121151 0.00839999 0.0091916 0.0107992 0.00948458 0.013159 0.00948886 0.0118083 0.0114413 0.00893072 0.00886448 0.00842005 0.0083424 0.00841146 0.00818503 0.00836173 0.00844719 0.00828618 0.00837499 0.00834587 0.00810884 0.0085592 0.00923767 0.00881365 0.00834328 0.00845232 0.00824289 0.00814907 0.0081662 0.00821261 0.0082384 0.00828349 0.00842042 0.00842551 0.00872563 0.00825405 0.00842769 0.00861594 0.00861166 0.00871724 0.0085121 0.00845466 0.00841696 0.00821449 0.00841328 0.00841835 0.00833524 0.00844987 0.00827292 0.00831672 0.00827073 0.00824847 0.0082433 0.00840294 0.00829362 0.00833105 0.00831018 0.00831173 0.00829409 0.00830426 0.0083216 0.00832768 0.00911154 0.00845629 0.00853597 0.00879557 
0.00892032 0.00810424 0.00846747 0.0086056 0.00856713 0.00991938 0.00920121 0.00873112 0.00904887 0.00883928 0.00872072 0.00893867 0.0104 0.00943315 0.00935829 0.0092186 0.0087143 0.0245769 0.622072 0.0223842 0.0222149 0.0234051 0.0492062 0 0.00374469 0.00360804 0.00362837 0.00410858 0.0298621 0.0120709 0.0341231 0.00960769 0.00875892 0.009008 0.00937843 0.0094023 0.00986152 0.00941138 0.010737 0.0150317 0.00902009 0.00827257 0.00812194 0.00839512 0.00817079 0.00803132 0.00922754 0.00835358 0.0081672 0.00834583 0.00825298 0.00801693 0.00828929 0.00926052 0.00852947 0.00817268 0.0083293 0.00800686 0.00832262 0.0080812 0.00824181 0.00811374 0.00805908 0.00836855 0.00814207 0.00848876 0.00820258 0.00864766 0.00847688 0.00825317 0.00828233 0.00843724 0.00824842 0.00833773 0.00817076 0.00818049 0.00818499 0.00813307 0.00830482 0.00816468 0.00813895 0.00810636 0.00813238 0.00823961 0.00807321 0.00813693 0.00820754 0.00818637 0.00815709 0.00814539 0.00809531 0.00812939 0.0083575 0.00840904 0.00818484 0.00823252 0.00880952 
0.00844958 0.00968805 0.00996838 0.0111228 0.0101913 0.00891778 0.00936737 0.013532 0.0125791 0.0135285 0.0124715 0.0101961 0.00844618 0.00944823 0.0167535 0.0135268 0.0188393 0.00951129 0.0183111 0.675669 0.042391 0.118907 0.0144647 0.00374469 0 0.0036075 0.00376072 0.00357061 0.0225345 0.0571949 0.0152628 0.00985218 0.0110154 0.0180553 0.01502 0.026908 0.0166093 0.0253224 0.0134209 0.00996467 0.00792981 0.00864677 0.0088134 0.00976043 0.0095907 0.00873559 0.00836811 0.00818703 0.00873591 0.00896161 0.00867925 0.00845396 0.00822163 0.0081125 0.00823695 0.00859329 0.00846223 0.00834617 0.00825041 0.00802611 0.00804214 0.00826114 0.00842533 0.00851636 0.00881875 0.00866697 0.00837174 0.00815962 0.00823654 0.00847089 0.00855302 0.00867263 0.00860268 0.00833646 0.00811021 0.0081179 0.0083304 0.00831312 0.0082363 0.00823154 0.00816319 0.0081907 0.00810764 0.00803662 0.00818532 0.00822648 0.0082903 0.00822896 0.00825559 0.00817821 0.00821328 0.00819186 0.00815984 0.0083174 0.00830402 0.00828936 0.00836438 
0.00915485 0.0106875 0.0185298 0.0181052 0.0130813 0.00946708 0.0107448 0.016561 0.0421669 0.0285598 0.029098 0.0103287 0.008697 0.0110317 0.0167678 0.0480481 0.0132271 0.00936282 0.0193545 0.0390172 0.803022 0.0322152 0.0396164 0.00360804 0.0036075 0 0.00356451 0.00376827 0.284671 0.0172342 0.0251802 0.0115756 0.0135314 0.027316 0.0767069 0.0279176 0.162333 0.0292433 0.0227065 0.00988299 0.00807957 0.00930477 0.0107687 0.0126868 0.0128812 0.00922548 0.00868216 0.00852486 0.00992229 0.0098991 0.0106487 0.00867144 0.00882536 0.00827493 0.00885262 0.00898744 0.0096113 0.00898651 0.00878914 0.00819967 0.00818239 0.00862179 0.00884045 0.0104188 0.00971917 0.011353 0.00878779 0.00842705 0.00844814 0.0090496 0.00943593 0.00994811 0.00925074 0.00907222 0.00823154 0.00824984 0.00874845 0.00857269 0.00852326 0.00834182 0.00843168 0.00825056 0.00823874 0.00816777 0.00823762 0.00832157 0.00842637 0.00838223 0.0083972 0.00834174 0.00831997 0.00830955 0.00821853 0.00838814 0.00841181 0.008455 0.00852265 
0.00894121 0.0105165 0.0129533 0.0149759 0.013236 0.0107647 0.00928162 0.018414 0.0195546 0.0216351 0.0159654 0.0153267 0.00859677 0.00995727 0.0356029 0.0134983 0.0201987 0.0107272 0.0145948 0.104011 0.0278057 0.802639 0.0329306 0.00362837 0.00376072 0.00356451 0 0.00363295 0.0184863 0.528837 0.0337285 0.00950708 0.0213027 0.0213354 0.0180656 0.0817768 0.0349879 0.0514599 0.0240925 0.0124956 0.00815189 0.00907454 0.0101254 0.0116278 0.00945863 0.00952928 0.0086888 0.008508 0.00912719 0.00957153 0.00920086 0.00869239 0.00837344 0.00813024 0.00871233 0.00915338 0.00890512 0.00860692 0.00886937 0.00812735 0.00809972 0.0085735 0.00873707 0.00892906 0.00921701 0.00948543 0.00883146 0.00828842 0.00846578 0.00906317 0.00929101 0.00945855 0.009231 0.00868776 0.00816923 0.00831358 0.00861832 0.00874875 0.00841163 0.00838653 0.00839314 0.00826565 0.00816789 0.00807908 0.00828778 0.00828862 0.00849396 0.00831892 0.00842729 0.00832519 0.00832141 0.0083616 0.00822044 0.00840541 0.00843312 0.00849597 0.00841425 
0.0104019 0.00917663 0.00929956 0.00925753 0.00928734 0.0106768 0.0179752 0.0110195 0.0106607 0.0108251 0.0102007 0.00953399 0.00997361 0.0210401 0.00979067 0.0118635 0.0110823 0.0120548 0.0325288 0.0137992 0.02519 0.0327747 0.720635 0.00410858 0.00357061 0.00376827 0.00363295 0 0.0545086 0.0168132 0.54345 0.0251653 0.00950952 0.0113561 0.0179151 0.0120152 0.0226305 0.0111512 0.0235122 0.0190306 0.0112996 0.0116814 0.00887696 0.00881298 0.00878295 0.00856926 0.00900566 0.00941356 0.00878381 0.00877968 0.00847419 0.00814738 0.00864314 0.0101264 0.0096428 0.00864243 0.00844042 0.00813431 0.0084142 0.0081967 0.00823527 0.00826231 0.00831353 0.00852797 0.0085195 0.00884551 0.00824224 0.00846828 0.00886028 0.00857826 0.00877113 0.00876554 0.00868268 0.00830536 0.00816604 0.00884305 0.00841824 0.00849873 0.00832903 0.00820034 0.00817131 0.00816738 0.00810023 0.00810408 0.00842464 0.00822742 0.00826175 0.00823483 0.0082217 0.00821336 0.00821494 0.00827299 0.00822319 0.00896858 0.00844809 0.00838063 0.00868384 
0.00835082 0.00818608 0.00848522 0.00856082 0.0084374 0.0103247 0.00869034 0.00849804 0.00874015 0.008675 0.00865176 0.00868229 0.0109814 0.00870496 0.00878413 0.00976511 0.00951865 0.0123151 0.0121515 0.0114302 0.0130294 0.0148058 0.022907 0.0298621 0.0225345 0.284671 0.0184863 0.0545086 0 0.00358702 0.00376515 0.0454051 0.0137745 0.0146335 0.0158622 0.012902 0.0168532 0.0140321 0.0148949 0.0257211 0.010894 0.00877405 0.0089752 0.00921036 0.0088467 0.00872441 0.01146 0.00838731 0.00840411 0.00836855 0.00857356 0.0082665 0.008803 0.0116296 0.0085802 0.00829791 0.00834083 0.00818868 0.00821361 0.009002 0.00822883 0.00817598 0.00819977 0.00843034 0.00827629 0.00855178 0.00820582 0.01033 0.00838928 0.00831306 0.00832394 0.0085102 0.00830916 0.00848843 0.00828521 0.00815635 0.00819262 0.00806893 0.00824261 0.00801836 0.00799607 0.00801534 0.00800114 0.00812329 0.00805551 0.00792545 0.00804831 0.00798533 0.00798767 0.00795794 0.00799476 0.0079669 0.00818189 0.00817691 0.0080564 0.00814267 0.00857881 
0.00824373 0.00867176 0.00894247 0.00891279 0.00901344 0.00857309 0.00904517 0.00925309 0.00980987 0.00929457 0.00903427 0.0088275 0.00825814 0.00901918 0.00971046 0.00939564 0.0106573 0.00937502 0.0101831 0.0175471 0.0139574 0.0255295 0.0138865 0.0120709 0.0571949 0.0172342 0.528837 0.0168132 0.00358702 0 0.00404538 0.0195522 0.0384677 0.0172112 0.0168778 0.0255781 0.0236918 0.0164779 0.0652702 0.0140121 0.00913268 0.00976251 0.0103359 0.0093219 0.00936764 0.0102126 0.00904391 0.00886431 0.00916367 0.00909274 0.00877284 0.00858037 0.00851204 0.00844123 0.0089796 0.00869318 0.00888371 0.00850279 0.00848909 0.00821169 0.00806388 0.00839528 0.00844663 0.00895096 0.00864081 0.00947072 0.00861587 0.00852812 0.00828267 0.00854779 0.0089209 0.00890157 0.00889916 0.0086372 0.00810341 0.00805243 0.00829061 0.00859361 0.00836346 0.0081452 0.00817744 0.00814235 0.00817196 0.00799681 0.00807729 0.00807687 0.00856901 0.00814083 0.00819346 0.0081597 0.00814484 0.00840379 0.00810805 0.00829271 0.00829143 0.00857342 0.00839693 
0.00969495 0.00885259 0.00921092 0.0102934 0.00875266 0.00896406 0.0100424 0.00898131 0.00909438 0.00917024 0.00923467 0.00895712 0.00835195 0.0112532 0.00934256 0.00906985 0.00971495 0.00912356 0.0191646 0.0104794 0.0129917 0.0187924 0.0163372 0.0341231 0.0152628 0.0251802 0.0337285 0.54345 0.00376515 0.00404538 0 0.0254554 0.0165476 0.0205122 0.0241394 0.0378033 0.0237308 0.0424823 0.0272317 0.112514 0.0107284 0.0150428 0.00897895 0.0106034 0.00932351 0.00944786 0.00929837 0.0100711 0.00895211 0.00917552 0.00902799 0.00855627 0.00865246 0.00854014 0.0102344 0.00983769 0.00882901 0.00904492 0.00852849 0.00824128 0.00868223 0.00837381 0.00847846 0.00895597 0.00878492 0.00908694 0.00850746 0.00829221 0.00931625 0.00883951 0.0090661 0.00873213 0.00880516 0.00823688 0.00811177 0.00894529 0.00842873 0.0083989 0.00825022 0.0082632 0.00815679 0.00812162 0.00803027 0.00803829 0.00834116 0.00808294 0.008175 0.00806701 0.00811584 0.00808035 0.00813167 0.00809099 0.00818175 0.00848347 0.00828038 0.00830969 0.00836641 
0.00862141 0.00820287 0.00843971 0.00830125 0.00822625 0.00835111 0.00882699 0.00837177 0.00839841 0.00827595 0.00843365 0.00815802 0.00873936 0.00862756 0.00816235 0.00836769 0.00833338 0.00854295 0.00946773 0.00890349 0.00877316 0.00869927 0.0121151 0.00960769 0.00985218 0.0115756 0.00950708 0.0251653 0.0454051 0.0195522 0.0254554 0 0.00454208 0.00360597 0.0037284 0.0036175 0.00420855 0.00380839 0.00548395 0.00964 0.0322664 0.0104015 0.0102279 0.00868024 0.00973043 0.0087593 0.0111828 0.00968876 0.00859192 0.00841859 0.00864452 0.00820617 0.0131432 0.0154747 0.00941192 0.00825088 0.00894373 0.00815875 0.00861111 0.00893797 0.0084682 0.00853632 0.00812435 0.00937591 0.00832879 0.00917928 0.00810242 0.0105224 0.00833401 0.008528 0.00838935 0.00905499 0.00835734 0.0083873 0.00822796 0.00811339 0.00824983 0.00806975 0.00913104 0.00801069 0.00823101 0.00802717 0.00796157 0.00806553 0.00842984 0.0079907 0.00805432 0.00818898 0.0079903 0.00809561 0.00798706 0.00799167 0.00808658 0.00830597 0.00811526 0.00816554 0.00885745 
0.00815691 0.00826102 0.00850787 0.0086349 0.00830146 0.00813021 0.0081025 0.00841104 0.00850835 0.00846979 0.00833082 0.00826673 0.00797124 0.00794554 0.00860303 0.00832807 0.00819633 0.00815549 0.00839714 0.00896416 0.0102177 0.0119955 0.00839999 0.00875892 0.0110154 0.0135314 0.0213027 0.00950952 0.0137745 0.0384677 0.0165476 0.00454208 0 0.00359164 0.00356832 0.00358437 0.00369078 0.00417223 0.0039169 0.00420404 0.00847986 0.00973237 0.00944621 0.0156248 0.00992164 0.0101213 0.00855471 0.00863954 0.00934055 0.0102063 0.00879987 0.00887185 0.00812436 0.00820864 0.00837 0.00937005 0.00865845 0.00870257 0.00844107 0.00800744 0.00796206 0.00831015 0.00874276 0.00849164 0.00959456 0.00876572 0.00861917 0.00812093 0.00824554 0.00836168 0.00894619 0.00856313 0.00852982 0.00877838 0.00801092 0.00805433 0.00816739 0.0083394 0.00811256 0.00819067 0.00808385 0.00805209 0.0080148 0.0079593 0.00794849 0.00810225 0.00809137 0.0080247 0.00811726 0.00805047 0.00803157 0.00804867 0.00797221 0.0081234 0.00817918 0.00815734 0.00815701 
0.00830802 0.00853789 0.0093892 0.00926677 0.00905737 0.00828276 0.00827734 0.00909548 0.0100575 0.00964953 0.00966448 0.00840098 0.00833397 0.00813051 0.00899556 0.00985728 0.00888263 0.00822705 0.00930239 0.0103682 0.0184219 0.0118243 0.0091916 0.009008 0.0180553 0.027316 0.0213354 0.0113561 0.0146335 0.0172112 0.0205122 0.00360597 0.00359164 0 0.00355802 0.00354867 0.00358655 0.00360631 0.00386246 0.00365199 0.00927934 0.0117083 0.0137274 0.0281613 0.0158866 0.0107397 0.0088622 0.00918635 0.0113452 0.0151884 0.0133978 0.00988844 0.00883329 0.00817416 0.00934089 0.0104287 0.011217 0.0111676 0.0094949 0.00829708 0.00815672 0.00881247 0.0105351 0.0101501 0.0128884 0.0117636 0.0102696 0.00841409 0.00827446 0.00921354 0.0113194 0.00991245 0.0122373 0.00913077 0.00842545 0.00811092 0.00848366 0.0085489 0.00837192 0.00843766 0.00818425 0.0084765 0.00806334 0.00824095 0.0079586 0.00812194 0.00826425 0.00804231 0.00821314 0.00808455 0.00823328 0.0080783 0.00801234 0.00817044 0.00815164 0.00814744 0.00820631 
0.00832081 0.00860586 0.00907411 0.00921387 0.00868387 0.00856281 0.00826932 0.00930802 0.00989645 0.00948659 0.00916474 0.00839575 0.00816185 0.0084833 0.00881828 0.0126542 0.00867688 0.00837028 0.00879365 0.0158485 0.0218278 0.0116913 0.0107992 0.00937843 0.01502 0.0767069 0.0180656 0.0179151 0.0158622 0.0168778 0.0241394 0.0037284 0.00356832 0.00355802 0 0.00354761 0.00359825 0.00358803 0.00363076 0.00364141 0.0109746 0.0132013 0.0280161 0.0174555 0.0514194 0.0101924 0.0143351 0.0089027 0.0146725 0.0153936 0.0191048 0.00894541 0.011595 0.00930651 0.00995922 0.0102379 0.0162119 0.00974665 0.0095257 0.00846315 0.00813865 0.00929079 0.00915099 0.0186405 0.0100276 0.0255846 0.0090712 0.00879874 0.00828692 0.0101408 0.00941665 0.0139352 0.00922083 0.00993705 0.00821138 0.00812144 0.00877076 0.00831041 0.00880258 0.00817174 0.00838501 0.0080791 0.00804472 0.00802193 0.00802086 0.0081299 0.00817171 0.0081746 0.00810592 0.00809868 0.00804416 0.00805165 0.00800815 0.00819411 0.00818322 0.00820416 0.00824041 
0.00833913 0.00866816 0.00953413 0.0100281 0.0092696 0.00863766 0.00833451 0.00941062 0.0103057 0.0100475 0.00995475 0.00868244 0.00811789 0.00825328 0.0103195 0.00990733 0.0097028 0.00851703 0.00963095 0.0130936 0.0282383 0.0205501 0.00948458 0.0094023 0.026908 0.0279176 0.0817768 0.0120152 0.012902 0.0255781 0.0378033 0.0036175 0.00358437 0.00354867 0.00354761 0 0.00354293 0.00356883 0.00361545 0.00362397 0.00955392 0.0147069 0.0146728 0.10495 0.0158382 0.0407829 0.00989142 0.00931658 0.0137355 0.0260569 0.0142673 0.0152965 0.00882487 0.0083521 0.00925947 0.0162471 0.0117843 0.0155246 0.0100686 0.00852651 0.00843498 0.0086818 0.0158515 0.0103909 0.0300538 0.0114821 0.0133855 0.00862246 0.00871599 0.00945321 0.014413 0.0102155 0.0155679 0.00942179 0.00823801 0.00831778 0.0084932 0.00979057 0.00832216 0.00879054 0.00824768 0.00826628 0.00813098 0.008043 0.00800174 0.00812165 0.0083466 0.00808743 0.00835501 0.0081148 0.0082372 0.00813099 0.00811971 0.00815506 0.00818567 0.00820943 0.0082626 
