1EAYD
SPRRIILSRLKAGEVDLLEEELGHLTTLTDVVKGADSLSAILPGDIAEDDITAVLCFVIEADQITFETV
CCEEEEECCCCCCHHHHHHHHHHHHCCCEEEEECCCCEEEEECCCCCHHHHHHHHCCCCCCCCEEEEEC
0 0 0 0 0 0 0 0 0 0 0 0 0 0 0 0 0 0 0 0 0 0 0 0 0 0 0 0 0 0 0 0 0 0 0 0 0 0 0 0 0 0 0 0 0 0 0 0 0 0 0 0 0 0 0 0 0 0 0 0 0 0 0 0 0 0 0 0 0 
0 0 0 0 0 0 0 0 0 0 0 0 0 0 0 0 0 0 0 0 0 0 0 0 0 0 0 0 0 0 0 0 0 0 0 0 0 0 0 0 0 0 0 0 0 0 0 0 0 0 0 0 0 0 0 0 0 0 0 0 0 0 0 0 0 0 0 0 0 
0 0.00413425 0.00363958 0.00367315 0.00855113 0.0445197 0.00991332 0.00987444 0.0107433 0.0204655 0.0169153 0.00953549 0.0137077 0.0108865 0.0740593 0.0131168 0.00873228 0.0103725 0.00925941 0.0764354 
0.00413425 0 0.00360323 0.00379547 0.0035922 0.0313744 0.0327088 0.0134981 0.0140862 0.0108663 0.0100491 0.05111 0.0117883 0.108946 0.00898753 0.00945009 0.0289958 0.00914271 0.0784073 0.0109424 
0.00363958 0.00360323 0 0.00356039 0.00372468 0.0154048 0.033142 0.0519886 0.0140733 0.00976095 0.0323365 0.0104094 0.307068 0.0111783 0.0115423 0.0263712 0.00892412 0.257493 0.0108229 0.011886 
0.00367315 0.00379547 0.00356039 0 0.00365074 0.0278387 0.0174153 0.0149007 0.0715916 0.0160851 0.0100087 0.211304 0.013029 0.0467707 0.010146 0.00976963 0.132692 0.00922962 0.0184311 0.011362 
0.00855113 0.0035922 0.00372468 0.00365074 0 0.0123355 0.0109906 0.0108176 0.0214218 0.0853672 0.144488 0.0111949 0.0190244 0.0133978 0.0446607 0.132209 0.00858936 0.0156088 0.00966463 0.0193218 
0.0445197 0.0313744 0.0154048 0.0278387 0.0123355 0 0.00413477 0.0036363 0.00391863 0.00701646 0.00572872 0.00671616 0.00782055 0.314136 0.142107 0.0107995 0.0151541 0.00884996 0.011439 0.0411085 
0.00991332 0.0327088 0.033142 0.0174153 0.0109906 0.00413477 0 0.00357736 0.00364365 0.00362957 0.00485749 0.00563917 0.0441715 0.152133 0.0105774 0.0105743 0.00957795 0.010241 0.0112911 0.00957775 
0.00987444 0.0134981 0.0519886 0.0149007 0.0108176 0.0036363 0.00357736 0 0.00353609 0.00356414 0.00450921 0.00869079 0.161077 0.0145957 0.00590609 0.0100306 0.0104531 0.0134288 0.00919743 0.00992953 
0.0107433 0.0140862 0.0140733 0.0715916 0.0214218 0.00391863 0.00364365 0.00353609 0 0.00379301 0.00924039 0.590033 0.016353 0.00839745 0.00574533 0.0106928 0.010425 0.0109865 0.0123657 0.00990332 
0.0204655 0.0108663 0.00976095 0.0160851 0.0853672 0.00701646 0.00362957 0.00356414 0.00379301 0 0.827807 0.0117495 0.00479976 0.00580027 0.00586785 0.018444 0.0110146 0.00942456 0.0105955 0.0176158 
0.0169153 0.0100491 0.0323365 0.0100087 0.144488 0.00572872 0.00485749 0.00450921 0.00924039 0.827807 0 0.00365405 0.00361425 0.0036356 0.00540174 0.111392 0.00898726 0.0170383 0.0122974 0.0513343 
0.00953549 0.05111 0.0104094 0.211304 0.0111949 0.00671616 0.00563917 0.00869079 0.590033 0.0117495 0.00365405 0 0.00360455 0.00364999 0.00366054 0.0200299 0.136633 0.0100428 0.0498513 0.0186766 
0.0137077 0.0117883 0.307068 0.013029 0.0190244 0.00782055 0.0441715 0.161077 0.016353 0.00479976 0.00361425 0.00360455 0 0.00365952 0.00359763 0.0847464 0.0292682 0.167131 0.0165048 0.0230372 
0.0108865 0.108946 0.0111783 0.0467707 0.0133978 0.314136 0.152133 0.0145957 0.00839745 0.00580027 0.0036356 0.00364999 0.00365952 0 0.00363913 0.0227931 0.0635485 0.0182839 0.0962816 0.0239297 
0.0740593 0.00898753 0.0115423 0.010146 0.0446607 0.142107 0.0105774 0.00590609 0.00574533 0.00586785 0.00540174 0.00366054 0.00359763 0.00363913 0 0.037471 0.00925179 0.0223576 0.0214095 0.0942802 
0.0131168 0.00945009 0.0263712 0.00976963 0.132209 0.0107995 0.0105743 0.0100306 0.0106928 0.018444 0.111392 0.0200299 0.0847464 0.0227931 0.037471 0 0.00360351 0.00378236 0.00370068 0.00551082 
0.00873228 0.0289958 0.00892412 0.132692 0.00858936 0.0151541 0.00957795 0.0104531 0.010425 0.0110146 0.00898726 0.136633 0.0292682 0.0635485 0.00925179 0.00360351 0 0.00355055 0.00362153 0.00366195 
0.0103725 0.00914271 0.257493 0.00922962 0.0156088 0.00884996 0.010241 0.0134288 0.0109865 0.00942456 0.0170383 0.0100428 0.167131 0.0182839 0.0223576 0.00378236 0.00355055 0 0.00361345 0.00357605 
0.00925941 0.0784073 0.0108229 0.0184311 0.00966463 0.011439 0.0112911 0.00919743 0.0123657 0.0105955 0.0122974 0.0498513 0.0165048 0.0962816 0.0214095 0.00370068 0.00362153 0.00361345 0 0.00360955 
0.0764354 0.0109424 0.011886 0.011362 0.0193218 0.0411085 0.00957775 0.00992953 0.00990332 0.0176158 0.0513343 0.0186766 0.0230372 0.0239297 0.0942802 0.00551082 0.00366195 0.00357605 0.00360955 0 
