1ERZA
TRQMILAVGQQGPIARAETREQVVVRLLDMLTKAASRGANFIVFPELALTTFFPRWHFTDEAELDSFYETEMPGPVVRPLFEKAAELGIGFNLGYAELVVEGGVKRRFNTSILVDKSGKIVGKYRKIHLPGHKEYEAYRPFQHLEKRYFEPGDLGFPVYDVDAAKMGMFICNDRRWPEAWRVMGLRGAEIICGGYNTPTHNPPVPQHDHLTSFHHLLSMQAGSYQNGAWSAAAGKVGMEENCMLLGHSCIVAPTGEIVALTTTLEDEVITAAVDLDRCRELREHIFNFKQHRQPQHYGLIAEL
CCEEEEEEEEECCCCCCCCHHHHHHHHHHHHHHHHHCCCCEEECCCCCCCCCHHHCCCCCHHHHHCCCECCCCCCCCHHHHHHHHHHCCEEEEEEEEEEEECCEEEEEEEEEEECCCCCEEEEEECCCCCCCCCCCCCCCCCCCHHHHCCCCCCCCCEEEECCEEEEECCHHHHHCHHHHHHHHHCCCCEEEEEECCECCCCCCHHHHHHHHHHHHHHHHHHHHHHCCEEEEEEECEEECCEEECCCCEEECCCCCEEEECCCCCCEEEEEEEEHHHHHHHHCCCCCHHHHCCHHHCHHHHCC
0 0 0 0 0 0 0 0 0 0 0 0 0 0 0 0 0 0 0 0 0 0 0 0 0 0 0 0 0 0 0 0 0 0 0 0 0 0 0 0 0 0 0 0 0 0 0 0 0 0 0 0 0 0 0 0 0 0 0 0 0 0 0 0 0 0 0 0 0 0 0 0 0 0 0 0 0 0 0 0 0 0 0 0 0 0 0 0 0 0 0 0 0 0 0 0 0 0 0 0 0 0 0 0 0 0 0 0 0 0 0 0 0 0 0 0 0 0 0 0 0 0 0 0 0 0 0 0 0 0 0 0 0 0 0 0 0 0 0 0 0 0 0 0 0 0 0 0 0 0 0 0 0 0 0 0 0 0 0 0 0 0 0 0 0 0 0 0 0 0 0 0 0 0 0 0 0 0 0 0 0 0 0 0 0 0 0 0 0 0 0 0 0 0 0 0 0 0 0 0 0 0 0 0 0 0 0 0 0 0 0 0 0 0 0 0 0 0 0 0 0 0 0 0 0 0 0 0 0 0 0 0 0 0 0 0 0 0 0 0 0 0 0 0 0 0 0 0 0 0 0 0 0 0 0 0 0 0 0 0 0 0 0 0 0 0 0 0 0 0 0 0 0 0 0 0 0 0 0 0 0 0 0 0 0 0 0 0 0 0 0 0 0 0 0 0 0 0 0 0 0 0 0 
0 0 0 0 0 0 0 0 0 0 0 0 0 0 0 0 0 0 0 0 0 0 0 0 0 0 0 0 0 0 0 0 0 0 0 0 0 0 0 0 0 0 0 0 0 0 0 0 0 0 0 0 0 0 0 0 0 0 0 0 0 0 0 0 0 0 0 0 0 0 0 0 0 0 0 0 0 0 0 0 0 0 0 0 0 0 0 0 0 0 0 0 0 0 0 0 0 0 0 0 0 0 0 0 0 0 0 0 0 0 0 0 0 0 0 0 0 0 0 0 0 0 0 0 0 0 0 0 0 0 0 0 0 0 0 0 0 0 0 0 0 0 0 0 0 0 0 0 0 0 0 0 0 0 0 0 0 0 0 0 0 0 0 0 0 0 0 0 0 0 0 0 0 0 0 0 0 0 0 0 0 0 0 0 0 0 0 0 0 0 0 0 0 0 0 0 0 0 0 0 0 0 0 0 0 0 0 0 0 0 0 0 0 0 0 0 0 0 0 0 0 0 0 0 0 0 0 0 0 0 0 0 0 0 0 0 0 0 0 0 0 0 0 0 0 0 0 0 0 0 0 0 0 0 0 0 0 0 0 0 0 0 0 0 0 0 0 0 0 0 0 0 0 0 0 0 0 0 0 0 0 0 0 0 0 0 0 0 0 0 0 0 0 0 0 0 0 0 0 0 0 0 0 
0 0.0039404 0.00372782 0.00370052 0.00372213 0.00373703 0.00381979 0.00453223 0.0170514 0.0321965 0.0117165 0.0241679 0.0115117 0.0103985 0.00823983 0.00893438 0.00822637 0.00832267 0.00826201 0.00813662 0.00882289 0.00827604 0.00871059 0.00868805 0.0109475 0.00854147 0.00806119 0.00802691 0.00834289 0.00815476 0.00828518 0.00807292 0.00828695 0.00836715 0.00860544 0.0104899 0.00839517 0.00820372 0.00799531 0.00817434 0.00803359 0.0101076 0.00808097 0.00794184 0.00815708 0.00825083 0.0081275 0.00807223 0.00803863 0.0079799 0.00818022 0.00818841 0.00808647 0.00815411 0.00797835 0.00795164 0.00816471 0.0083602 0.00810521 0.00817055 0.00817438 0.00817233 0.00813722 0.00813978 0.00816329 0.00802278 0.0080409 0.00817091 0.00813171 0.00815964 0.008191 0.00826821 0.00834118 0.00846629 0.00837106 0.00838743 0.00829929 0.00858845 0.00852181 0.00836508 0.00835024 0.00872392 0.00831991 0.00843071 0.00840466 0.00862309 
0.0039404 0 0.00364528 0.0036618 0.00366794 0.00360694 0.00365858 0.00443281 0.00445076 0.106863 0.0503991 0.0120771 0.00940898 0.00887323 0.0206151 0.00946144 0.0119645 0.0093427 0.0100233 0.0122982 0.00891569 0.0139981 0.00828863 0.00975933 0.00851152 0.00832167 0.00829525 0.0098554 0.00860417 0.010996 0.00885535 0.00990343 0.00945457 0.0124166 0.00943566 0.00936968 0.00842834 0.00820841 0.00907394 0.00799886 0.00958842 0.00814947 0.00819459 0.00826411 0.0081383 0.00876743 0.00832881 0.00813846 0.00848209 0.00827479 0.00813551 0.00851565 0.00853833 0.00846961 0.00832271 0.00815763 0.00799821 0.00818179 0.00824392 0.00837546 0.00835802 0.00843592 0.008375 0.00821923 0.00821134 0.00811446 0.00812717 0.00814991 0.00831005 0.00813141 0.00818349 0.00830102 0.00842001 0.00825228 0.00850442 0.00832876 0.00831048 0.00828793 0.00828652 0.00845248 0.00858974 0.00846288 0.00891123 0.00845223 0.00855997 0.00826017 
0.00372782 0.00364528 0 0.00357819 0.00359741 0.00360143 0.0036853 0.00367571 0.00376404 0.0293726 0.0294643 0.0189601 0.00841211 0.0113028 0.0115104 0.0337548 0.0137979 0.0215078 0.016129 0.0110268 0.0330235 0.0090182 0.0124914 0.00828488 0.00840922 0.00810813 0.00927402 0.00910587 0.0171413 0.0120033 0.0146609 0.0112813 0.0156746 0.0169831 0.0134262 0.00892175 0.00820196 0.00907812 0.0083516 0.0122021 0.00842877 0.00834794 0.00807338 0.0083444 0.00845807 0.00797582 0.0081123 0.00874112 0.00875743 0.00901272 0.00824726 0.00822454 0.00890909 0.00924464 0.00858776 0.00824371 0.00800156 0.00785059 0.0081719 0.008306 0.00838738 0.00844911 0.00834671 0.00822678 0.00819455 0.00803407 0.00811701 0.00803682 0.00810331 0.00816446 0.0080899 0.00821164 0.008546 0.00821872 0.00820183 0.00831859 0.00829798 0.00820463 0.00830161 0.00838233 0.00850665 0.00869515 0.00839023 0.00843729 0.00833563 0.00832398 
0.00370052 0.0036618 0.00357819 0 0.0035909 0.00358128 0.0035901 0.00360586 0.00364425 0.159844 0.0257929 0.0183677 0.00857039 0.00972519 0.0326871 0.02044 0.0323015 0.0187901 0.0172613 0.0290678 0.0125527 0.0278978 0.00903214 0.0086178 0.0081465 0.00832461 0.00858088 0.0144103 0.0130696 0.0199334 0.0138021 0.0177825 0.0167411 0.0261965 0.0119121 0.00937144 0.00863191 0.00840261 0.0117191 0.00851427 0.00978514 0.00835856 0.00834342 0.00853188 0.00841422 0.00833221 0.00828846 0.0083342 0.00940584 0.00872594 0.00884162 0.00888362 0.00898369 0.00933757 0.00877258 0.00842437 0.00813733 0.00798207 0.00845992 0.00854661 0.00869818 0.00866499 0.00869125 0.00840248 0.00830279 0.00823262 0.00820796 0.00816007 0.00827553 0.00821743 0.00820901 0.00841093 0.00860305 0.00836537 0.0083536 0.0083956 0.00848741 0.00824122 0.00832562 0.00854256 0.00874979 0.00858755 0.00878283 0.00860819 0.00852893 0.00832393 
0.00372213 0.00366794 0.00359741 0.0035909 0 0.00356374 0.00357339 0.00358658 0.00367307 0.0641761 0.0820916 0.0230516 0.00903922 0.0121119 0.0215055 0.0528041 0.0251971 0.0324001 0.0260341 0.0173495 0.0398426 0.0122948 0.0122471 0.00847014 0.00829341 0.00814057 0.00965539 0.0116359 0.0188403 0.0169041 0.0210308 0.0165965 0.0196595 0.0252813 0.0182228 0.00952595 0.00830007 0.0142506 0.00931401 0.0117818 0.00870911 0.0084906 0.00828511 0.00864796 0.00862758 0.00805305 0.00821271 0.00885066 0.00910851 0.00922483 0.00867365 0.00870342 0.00920068 0.00987614 0.00907682 0.00844803 0.00808841 0.00796941 0.00833787 0.00871024 0.00878318 0.00868361 0.00859402 0.00835512 0.0082886 0.00826856 0.00821555 0.00816651 0.00824766 0.00822727 0.00822255 0.00836216 0.00869375 0.00828513 0.00842329 0.00832708 0.00844578 0.00827731 0.00826749 0.00845177 0.00879057 0.00859242 0.00858495 0.00862509 0.00842382 0.00834945 
0.00373703 0.00360694 0.00360143 0.00358128 0.00356374 0 0.00355793 0.00359842 0.00359051 0.0737076 0.0503838 0.0482628 0.00860284 0.0118278 0.028086 0.0404644 0.03562 0.0344995 0.0264504 0.0298981 0.0229508 0.0193067 0.010308 0.00862201 0.00820272 0.00836941 0.00876314 0.0141072 0.0178234 0.0258563 0.0208105 0.0193337 0.0214931 0.0349284 0.0196573 0.00986607 0.00850364 0.00855226 0.0100162 0.00993118 0.00919802 0.00853857 0.00834734 0.00851575 0.0086511 0.00807444 0.00820065 0.00856122 0.00972298 0.00998397 0.00932087 0.0089767 0.00932718 0.0100604 0.00918482 0.00865928 0.00815058 0.00793766 0.00843138 0.00870393 0.00894145 0.00885291 0.0089007 0.00854341 0.00843373 0.00819232 0.00822421 0.00807772 0.00823975 0.00822121 0.00821438 0.00841711 0.0088995 0.00841292 0.00826901 0.00834477 0.00847222 0.00822566 0.00857847 0.00853227 0.00876884 0.00858527 0.00871038 0.00871721 0.00851024 0.00840832 
0.00381979 0.00365858 0.0036853 0.0035901 0.00357339 0.00355793 0 0.00355732 0.00357793 0.090375 0.0632915 0.0327943 0.00881265 0.0108785 0.02353 0.0319336 0.0310903 0.0240403 0.0220159 0.0236815 0.0193407 0.0154297 0.0105365 0.00873434 0.00843587 0.00825389 0.0087659 0.0134463 0.0170326 0.022599 0.0166899 0.0177681 0.0167682 0.0271332 0.0148987 0.00966016 0.00835377 0.00880969 0.00974619 0.00991984 0.00925189 0.0087453 0.00831977 0.00859275 0.00859591 0.00814829 0.00817342 0.00839 0.00951878 0.0091659 0.0088446 0.00877521 0.00898825 0.0097327 0.00912857 0.00856493 0.00814409 0.00787885 0.0083258 0.00856009 0.008741 0.00878928 0.00867034 0.00849141 0.00831032 0.00816509 0.00816541 0.00813115 0.00813108 0.00818133 0.00824254 0.00827167 0.00869141 0.00830781 0.00821527 0.00826113 0.0084163 0.00813745 0.00819325 0.00848897 0.00864728 0.00843583 0.00848606 0.00854969 0.00849802 0.00832716 
0.00453223 0.00443281 0.00367571 0.00360586 0.00358658 0.00359842 0.00355732 0 0.00354972 0.0185452 0.274268 0.0687466 0.00919623 0.00986926 0.0133471 0.0166571 0.0115447 0.0154174 0.0129981 0.00991811 0.0124615 0.00911308 0.00897984 0.00859693 0.00811457 0.00818389 0.00862123 0.00890354 0.0113195 0.0102808 0.0116001 0.0100244 0.00963442 0.0115841 0.0146069 0.00972572 0.00818174 0.00841754 0.00845908 0.00863969 0.00860842 0.00849857 0.00808432 0.00830521 0.00828321 0.00800993 0.00796223 0.00834346 0.00848988 0.00884668 0.008482 0.0082798 0.00857214 0.00866248 0.00839644 0.00844267 0.00805366 0.00787177 0.0081214 0.00833911 0.00829977 0.00837623 0.00829634 0.00829743 0.00820618 0.0080122 0.00810384 0.00801104 0.00805204 0.00812497 0.0081563 0.00819506 0.00858195 0.00821901 0.00824805 0.00815361 0.00828773 0.00814092 0.00838861 0.00830692 0.00845227 0.00836499 0.00832367 0.00832702 0.00831795 0.00820045 
0.0170514 0.00445076 0.00376404 0.00364425 0.00367307 0.00359051 0.00357793 0.00354972 0 0.028058 0.0191351 0.345117 0.0126642 0.0128103 0.00970902 0.0095809 0.00941053 0.00955248 0.00994757 0.00966126 0.00909771 0.00918046 0.00844214 0.00823228 0.00869919 0.0115208 0.00843085 0.00854492 0.00858053 0.00898711 0.00898228 0.00871977 0.00856458 0.00923963 0.00936072 0.010943 0.00932882 0.00822144 0.00816322 0.00829518 0.00833879 0.008678 0.00907704 0.0081244 0.00802239 0.00814844 0.00855688 0.00807661 0.00812498 0.00811741 0.00836073 0.00863632 0.00827263 0.00828407 0.00817365 0.0079816 0.00836004 0.00825912 0.00847045 0.00821072 0.00819596 0.00825841 0.0081726 0.00804471 0.00804998 0.00814011 0.00797071 0.00808175 0.00819305 0.00801435 0.00813065 0.00843836 0.00834726 0.00814137 0.00842774 0.00820857 0.00810916 0.00814308 0.00841203 0.00827995 0.00839822 0.00824736 0.00822567 0.0081863 0.00821344 0.00813137 
0.0321965 0.106863 0.0293726 0.159844 0.0641761 0.0737076 0.090375 0.0185452 0.028058 0 0.00387416 0.00372093 0.0588844 0.0857718 0.0227679 0.0133616 0.0122179 0.0116183 0.0118448 0.0126012 0.0111957 0.0131817 0.00926467 0.00981682 0.0135196 0.0111333 0.00902689 0.0114276 0.0101273 0.0113353 0.0098967 0.0107714 0.011365 0.0144982 0.0115494 0.0210726 0.0108631 0.00868663 0.00965914 0.00860798 0.00972991 0.0132168 0.00914971 0.00843699 0.00856194 0.0106678 0.00893168 0.00827844 0.0087847 0.00885532 0.00994711 0.00957619 0.00867611 0.00911944 0.00859954 0.00829738 0.00858784 0.00842945 0.00828356 0.00839942 0.00871732 0.00867136 0.00856891 0.00840044 0.00821149 0.00817119 0.00811785 0.00815311 0.00837037 0.00809303 0.00831155 0.00849206 0.00839647 0.00875329 0.00866833 0.00821791 0.00825472 0.00844953 0.00858871 0.00829094 0.00842407 0.00842941 0.00866967 0.00835226 0.00853246 0.0083414 
0.0117165 0.0503991 0.0294643 0.0257929 0.0820916 0.0503838 0.0632915 0.274268 0.0191351 0.00387416 0 0.00388135 0.02691 0.0172846 0.137965 0.0194389 0.0174607 0.0182724 0.0170956 0.0153337 0.0149236 0.0105958 0.00981271 0.0106095 0.0091951 0.00873731 0.0118232 0.00983869 0.0122367 0.013375 0.0139431 0.0115871 0.0139521 0.0192574 0.0379355 0.0105882 0.00928086 0.0100625 0.00915886 0.00947879 0.0122992 0.00909743 0.00867738 0.00906133 0.0094608 0.00823355 0.00822261 0.00887373 0.00864585 0.0116815 0.00919757 0.00890593 0.00925636 0.00944519 0.00882779 0.00866873 0.00818648 0.00802424 0.00830125 0.00872172 0.00862404 0.00863018 0.0086829 0.00850114 0.0081591 0.00800652 0.00836135 0.00803378 0.00810561 0.00830441 0.00814293 0.00835443 0.00881643 0.00840409 0.00842153 0.00833878 0.00838419 0.00826413 0.00832031 0.00857092 0.00863831 0.00847829 0.00851937 0.00845009 0.00853906 0.00835267 
0.0241679 0.0120771 0.0189601 0.0183677 0.0230516 0.0482628 0.0327943 0.0687466 0.345117 0.00372093 0.00388135 0 0.0346175 0.0316406 0.0249536 0.0495625 0.022465 0.0242503 0.0231817 0.0187849 0.0154518 0.0123978 0.0104978 0.00965574 0.0124313 0.0161305 0.00959816 0.010503 0.0125971 0.0149693 0.013202 0.0126543 0.0142515 0.0222918 0.0245275 0.0273385 0.012602 0.00888465 0.00923562 0.0103105 0.00958862 0.012843 0.0119802 0.00876882 0.00857391 0.00854442 0.0107096 0.00868426 0.00897746 0.00963399 0.0107271 0.0124628 0.00963701 0.00952094 0.00911048 0.00852672 0.00902312 0.00836891 0.00925047 0.00865755 0.00854642 0.0086791 0.00847162 0.00847919 0.00820807 0.00848589 0.00813993 0.00814849 0.00817914 0.00819328 0.00828176 0.00868226 0.0087507 0.00844282 0.0083322 0.00836464 0.00820621 0.00818895 0.00853746 0.0085124 0.0085625 0.00846725 0.0083286 0.00837731 0.00823905 0.00826125 
0.0115117 0.00940898 0.00841211 0.00857039 0.00903922 0.00860284 0.00881265 0.00919623 0.0126642 0.0588844 0.02691 0.0346175 0 0.0290106 0.0142504 0.0105878 0.0101917 0.00979616 0.0102196 0.00993895 0.00912389 0.00946245 0.00862993 0.00978685 0.0152403 0.0143545 0.00896749 0.00917126 0.00871135 0.00948333 0.00870159 0.00875192 0.00870937 0.00933036 0.00980275 0.0178456 0.0119911 0.00926222 0.0086558 0.00837635 0.00901106 0.0129885 0.0102598 0.00808783 0.00812264 0.0101164 0.0101533 0.00815936 0.00798333 0.00809772 0.00934441 0.00926441 0.00815811 0.00805699 0.00794681 0.00797886 0.00855348 0.0107217 0.0084436 0.00798304 0.00800341 0.00801636 0.00799252 0.00798406 0.00805021 0.0080806 0.00790908 0.00827298 0.00844575 0.00794767 0.00817175 0.00855507 0.00802911 0.00840361 0.00852974 0.0080257 0.00802393 0.00865958 0.00849023 0.00807378 0.00800763 0.00808634 0.00814071 0.00798245 0.00812899 0.00831702 
0.0103985 0.00887323 0.0113028 0.00972519 0.0121119 0.0118278 0.0108785 0.00986926 0.0128103 0.0857718 0.0172846 0.0316406 0.0290106 0 0.00368878 0.00363933 0.00360135 0.00375169 0.00388908 0.00413787 0.00560588 0.00529385 0.00755008 0.00660406 0.0199151 0.00727596 0.00796697 0.00802921 0.0123091 0.0112931 0.00981114 0.00946866 0.0115907 0.0126702 0.0163541 0.0717419 0.035307 0.0142163 0.00926694 0.011325 0.00986756 0.0414878 0.00984015 0.00878309 0.00964803 0.010197 0.00937167 0.00956873 0.00899643 0.0101049 0.0123232 0.0104719 0.0096182 0.0097771 0.00910472 0.00860023 0.0100401 0.00899342 0.00843247 0.00846241 0.00870634 0.00884402 0.00861566 0.00833683 0.00858719 0.00838486 0.0079398 0.00868698 0.00805245 0.00806045 0.00869488 0.00878342 0.00835372 0.0100397 0.00808954 0.00825209 0.0081748 0.00892818 0.00839894 0.00819559 0.00828528 0.00924872 0.0082825 0.00854484 0.00832144 0.00886662 
0.00823983 0.0206151 0.0115104 0.0326871 0.0215055 0.028086 0.02353 0.0133471 0.00970902 0.0227679 0.137965 0.0249536 0.0142504 0.00368878 0 0.00360359 0.00358418 0.00357601 0.00367257 0.00444303 0.00501195 0.00532788 0.0053888 0.00927035 0.00674771 0.00710053 0.00747021 0.00960031 0.0100196 0.0162598 0.0113158 0.016808 0.0122484 0.0417127 0.0702018 0.654899 0.0157777 0.0105894 0.0165577 0.0101683 0.0314742 0.0111964 0.0112237 0.0129907 0.00994026 0.0107839 0.00965083 0.00950771 0.0193001 0.0150822 0.0119967 0.0123251 0.0161109 0.0172267 0.0124971 0.0103799 0.00883511 0.00808568 0.00841676 0.00980279 0.0106186 0.0102607 0.0105314 0.00996858 0.0088287 0.00834422 0.00833507 0.00805842 0.00818039 0.00843334 0.00832655 0.00840412 0.0100174 0.00860155 0.00822557 0.00825301 0.00860253 0.00829792 0.00821114 0.00854098 0.00907472 0.00859546 0.00902322 0.00852488 0.00881646 0.00830329 
0.00893438 0.00946144 0.0337548 0.02044 0.0528041 0.0404644 0.0319336 0.0166571 0.0095809 0.0133616 0.0194389 0.0495625 0.0105878 0.00363933 0.00360359 0 0.00355957 0.00358186 0.00363843 0.00366242 0.00451014 0.00525683 0.00801871 0.00539903 0.00613409 0.00623109 0.0069356 0.00822689 0.0102936 0.0123734 0.0143397 0.00979297 0.0152502 0.0563065 0.829408 0.023219 0.00917638 0.0105573 0.0112508 0.0315115 0.0103811 0.0114998 0.00984755 0.0122209 0.0116421 0.00866877 0.00866859 0.012594 0.0161308 0.0194114 0.0113172 0.0101219 0.0173912 0.0267849 0.0201881 0.0100134 0.00901522 0.00800992 0.00847177 0.00940592 0.0118066 0.0122697 0.010794 0.00983267 0.00902182 0.00844438 0.0082169 0.00820655 0.00812961 0.00837948 0.00825866 0.00842998 0.00922454 0.00888169 0.00804126 0.00837903 0.00848829 0.00823889 0.00815229 0.00855357 0.00912441 0.00902616 0.00855596 0.00890496 0.008569 0.00825926 
0.00822637 0.0119645 0.0137979 0.0323015 0.0251971 0.03562 0.0310903 0.0115447 0.00941053 0.0122179 0.0174607 0.022465 0.0101917 0.00360135 0.00358418 0.00355957 0 0.00354577 0.00356771 0.0035672 0.00361955 0.00461513 0.00384222 0.00457876 0.00502004 0.00597724 0.00732815 0.00818237 0.00860264 0.0127587 0.00864319 0.0104392 0.0297688 0.815535 0.0160062 0.0176269 0.0091392 0.00920093 0.0193363 0.0101924 0.0139566 0.0101663 0.00978894 0.0118358 0.00969911 0.00891979 0.0089544 0.00945165 0.0228573 0.0130628 0.0114821 0.0104215 0.0139215 0.0257583 0.0165894 0.0101305 0.0087448 0.00807522 0.00844334 0.00917226 0.0108386 0.0101057 0.0100868 0.00955161 0.00877299 0.00828356 0.00819878 0.00802711 0.00823808 0.00824481 0.00828811 0.00842946 0.00910129 0.00850336 0.0081005 0.00824725 0.00850168 0.00815472 0.00820694 0.00845308 0.00906626 0.00858552 0.00871022 0.00850791 0.00858404 0.00815494 
0.00832267 0.0093427 0.0215078 0.0187901 0.0324001 0.0344995 0.0240403 0.0154174 0.00955248 0.0116183 0.0182724 0.0242503 0.00979616 0.00375169 0.00357601 0.00358186 0.00354577 0 0.00353282 0.00357458 0.00364025 0.00363059 0.00380484 0.00395674 0.00468448 0.00586283 0.0064373 0.00777864 0.00845327 0.00902435 0.00975229 0.0441243 0.883811 0.0258459 0.0165662 0.0136117 0.00919966 0.0108557 0.0106365 0.0139949 0.0103155 0.0107897 0.00982281 0.0117172 0.00986888 0.00872329 0.00877055 0.0104322 0.0142975 0.0153182 0.0111352 0.0100987 0.0158351 0.0231729 0.0163843 0.00994534 0.0088925 0.00798705 0.00845775 0.00951402 0.0104557 0.010556 0.0100102 0.00931986 0.00886842 0.00831073 0.00815086 0.00814208 0.00812721 0.00827434 0.00823197 0.00834011 0.00906202 0.0085131 0.00810124 0.00824556 0.00846923 0.00817707 0.00814493 0.00857867 0.0088797 0.00855918 0.00862359 0.00859952 0.00842354 0.00814764 
0.00826201 0.0100233 0.016129 0.0172613 0.0260341 0.0264504 0.0220159 0.0129981 0.00994757 0.0118448 0.0170956 0.0231817 0.0102196 0.00388908 0.00367257 0.00363843 0.00356771 0.00353282 0 0.00355169 0.00358341 0.00362455 0.00362737 0.00383802 0.00392046 0.005699 0.00630312 0.00748709 0.00774174 0.00977748 0.0424123 0.898571 0.017143 0.016259 0.0261147 0.012448 0.0097918 0.00958075 0.0108443 0.0143304 0.0108322 0.0119131 0.00957709 0.00986636 0.0104411 0.00856647 0.00887962 0.0100626 0.0130126 0.0152553 0.0119504 0.00990851 0.0127691 0.0205947 0.0134641 0.0100787 0.0089977 0.00800181 0.00854326 0.00923974 0.0108853 0.0101204 0.00972062 0.00913278 0.00877499 0.00819399 0.00815988 0.00812913 0.00814416 0.00824249 0.0081639 0.00837196 0.00880788 0.00848953 0.00805525 0.0082846 0.00840914 0.00812006 0.00830594 0.00855588 0.00898618 0.00854898 0.00862936 0.00852836 0.00844625 0.00816948 
0.00813662 0.0122982 0.0110268 0.0290678 0.0173495 0.0298981 0.0236815 0.00991811 0.00966126 0.0126012 0.0153337 0.0187849 0.00993895 0.00413787 0.00444303 0.00366242 0.0035672 0.00357458 0.00355169 0 0.00354058 0.0035659 0.00363102 0.00361702 0.0038799 0.00521874 0.00697231 0.0069048 0.00743859 0.0303223 0.883548 0.0219407 0.0093092 0.016743 0.0113283 0.01239 0.00894582 0.00889005 0.0131901 0.00909537 0.0141756 0.00969646 0.00965381 0.0113273 0.00884181 0.00911272 0.00885266 0.00889741 0.0244192 0.0113061 0.0120607 0.0102655 0.0133484 0.0192355 0.0142909 0.00943344 0.00898521 0.00807369 0.00845395 0.0094301 0.0101414 0.00961682 0.00959907 0.00890169 0.00863328 0.00825977 0.00818754 0.00812345 0.00811067 0.00821496 0.00810003 0.00826154 0.00872956 0.00835555 0.00804603 0.0081637 0.00833213 0.00811431 0.00815936 0.00858407 0.00887801 0.00856557 0.00859914 0.00857269 0.00858085 0.00808143 
0.00882289 0.00891569 0.0330235 0.0125527 0.0398426 0.0229508 0.0193407 0.0124615 0.00909771 0.0111957 0.0149236 0.0154518 0.00912389 0.00560588 0.00501195 0.00451014 0.00361955 0.00364025 0.00358341 0.00354058 0 0.00354621 0.00356432 0.00360068 0.00358817 0.00446697 0.00583399 0.00687284 0.041654 0.941647 0.0155425 0.0109245 0.0107647 0.0111039 0.0133484 0.00960641 0.00909279 0.0105573 0.00895256 0.0265006 0.00882046 0.0111628 0.0100898 0.0101208 0.0111045 0.0084946 0.00873014 0.0159163 0.0101005 0.017821 0.0102272 0.0101622 0.0139599 0.0225954 0.0154648 0.00948365 0.00873846 0.0079826 0.00871227 0.00933281 0.011058 0.0106716 0.00992913 0.0090812 0.00886736 0.00821741 0.00808194 0.00804697 0.00807427 0.00822989 0.00840349 0.00839473 0.00872776 0.00842934 0.00806418 0.00824516 0.00836758 0.008114 0.00832666 0.00853618 0.00882616 0.00873393 0.00857384 0.00894124 0.00841275 0.00812307 
0.00827604 0.0139981 0.0090182 0.0278978 0.0122948 0.0193067 0.0154297 0.00911308 0.00918046 0.0131817 0.0105958 0.0123978 0.00946245 0.00529385 0.00532788 0.00525683 0.00461513 0.00363059 0.00362455 0.0035659 0.00354621 0 0.00357203 0.00362329 0.00367689 0.00416552 0.00655455 0.0373444 0.93922 0.0151275 0.00783129 0.00738114 0.0100656 0.0116328 0.00928462 0.0102273 0.010044 0.00865511 0.0167436 0.00836152 0.0116148 0.00868715 0.0105936 0.010266 0.00861522 0.0096393 0.0109403 0.00859322 0.0191898 0.00948603 0.0100465 0.0102984 0.0111858 0.0153825 0.0116757 0.00900812 0.00870237 0.00807218 0.00858596 0.00879492 0.00981419 0.00968147 0.00938017 0.00860942 0.00841321 0.00817205 0.00809949 0.00803135 0.00821101 0.00815069 0.00811725 0.00826856 0.0086463 0.00836681 0.00806088 0.00822364 0.00846486 0.00807067 0.00818054 0.00845934 0.00888457 0.00840217 0.00902031 0.00833178 0.00851203 0.00805943 
0.00871059 0.00828863 0.0124914 0.00903214 0.0122471 0.010308 0.0105365 0.00897984 0.00844214 0.00926467 0.00981271 0.0104978 0.00862993 0.00755008 0.0053888 0.00801871 0.00384222 0.00380484 0.00362737 0.00363102 0.00356432 0.00357203 0 0.00360051 0.00363474 0.00440927 0.017397 0.951028 0.0144158 0.00703294 0.00862083 0.00758514 0.00744277 0.00947971 0.0096832 0.00843995 0.00871436 0.00988213 0.00839483 0.0111436 0.00825565 0.00865097 0.00884492 0.008785 0.00894568 0.00835731 0.00843034 0.00925499 0.00888727 0.00977116 0.00881168 0.00876963 0.00920564 0.0108706 0.0095043 0.0083913 0.00835503 0.0079854 0.00839527 0.00847616 0.00872541 0.00880063 0.00864407 0.00832352 0.00812547 0.00804545 0.00798188 0.00796924 0.00797201 0.00805457 0.00795722 0.00813289 0.00824566 0.00814542 0.00801097 0.008239 0.0082406 0.00805942 0.0080728 0.00832008 0.00847834 0.00843557 0.00829585 0.0084342 0.00821597 0.00805009 
0.00868805 0.00975933 0.00828488 0.0086178 0.00847014 0.00862201 0.00873434 0.00859693 0.00823228 0.00981682 0.0106095 0.00965574 0.00978685 0.00660406 0.00927035 0.00539903 0.00457876 0.00395674 0.00383802 0.00361702 0.00360068 0.00362329 0.00360051 0 0.00387016 0.0067154 0.991735 0.00603056 0.00634195 0.00585117 0.00584265 0.00613818 0.00667535 0.00851555 0.0085242 0.00781375 0.011261 0.00849729 0.00888401 0.00804002 0.00959249 0.00824222 0.00915227 0.00873337 0.00859218 0.00853056 0.00914291 0.00839354 0.00868122 0.0089766 0.00902878 0.00878989 0.00865459 0.00864812 0.0083937 0.00846016 0.00824117 0.00806493 0.00831065 0.00831529 0.00831754 0.00828856 0.00832768 0.00815598 0.00800293 0.00801654 0.00797667 0.00794862 0.00798155 0.00792848 0.00796033 0.00813945 0.00818098 0.00805174 0.00799818 0.00808151 0.00823199 0.00795934 0.00798941 0.00823091 0.00824726 0.00816658 0.00820954 0.00821783 0.00814483 0.00796196 
0.0109475 0.00851152 0.00840922 0.0081465 0.00829341 0.00820272 0.00843587 0.00811457 0.00869919 0.0135196 0.0091951 0.0124313 0.0152403 0.0199151 0.00674771 0.00613409 0.00502004 0.00468448 0.00392046 0.0038799 0.00358817 0.00367689 0.00363474 0.00387016 0 0.997077 0.00407995 0.00462511 0.00404628 0.0049109 0.00479185 0.00527793 0.00606567 0.00651339 0.00716239 0.008218 0.011656 0.00871312 0.00803314 0.00837657 0.00817466 0.0094471 0.0124545 0.00851846 0.00832388 0.00903556 0.0117687 0.00868632 0.00816016 0.00842621 0.0102482 0.0102499 0.00837799 0.00820063 0.00823242 0.00806107 0.00862215 0.00864509 0.00928756 0.00805372 0.00805416 0.00811633 0.00803686 0.00801837 0.00801229 0.00821124 0.00792016 0.00796082 0.00843798 0.00796671 0.00800441 0.00866933 0.00806223 0.00817458 0.0083471 0.00800165 0.00798586 0.00820084 0.00839355 0.00809491 0.00805381 0.00803509 0.0079793 0.00797281 0.00801563 0.00795225 
0.00854147 0.00832167 0.00810813 0.00832461 0.00814057 0.00836941 0.00825389 0.00818389 0.0115208 0.0111333 0.00873731 0.0161305 0.0143545 0.00727596 0.00710053 0.00623109 0.00597724 0.00586283 0.005699 0.00521874 0.00446697 0.00416552 0.00440927 0.0067154 0.997077 0 0.0036769 0.00355656 0.00361329 0.00362103 0.00361128 0.00373554 0.00417929 0.00470278 0.00644211 0.0130384 0.00891629 0.0077728 0.00792604 0.00764896 0.0105253 0.0227998 0.00979967 0.0084102 0.00895834 0.0159475 0.00932137 0.00818683 0.00852642 0.00848397 0.0121972 0.00897753 0.00823843 0.00834698 0.0081517 0.00820573 0.00946977 0.00954424 0.00796979 0.00802287 0.00806392 0.00805464 0.00799627 0.00797948 0.00804247 0.0079766 0.00782312 0.00833759 0.00800569 0.00784081 0.0081416 0.0079752 0.00802289 0.00887418 0.00811761 0.00788924 0.00811632 0.00852847 0.00809938 0.00788818 0.00790785 0.00809914 0.00796764 0.00805845 0.00798407 0.00830994 
0.00806119 0.00829525 0.00927402 0.00858088 0.00965539 0.00876314 0.0087659 0.00862123 0.00843085 0.00902689 0.0118232 0.00959816 0.00896749 0.00796697 0.00747021 0.0069356 0.00732815 0.0064373 0.00630312 0.00697231 0.00583399 0.00655455 0.017397 0.991735 0.00407995 0.0036769 0 0.00358944 0.00355158 0.00354305 0.00358577 0.003677 0.00470364 0.00439692 0.00625416 0.00604264 0.00712337 0.00817669 0.00755609 0.008414 0.0108558 0.00935119 0.00887271 0.00895379 0.00923573 0.00859417 0.00856304 0.0090951 0.00857783 0.0101614 0.00861696 0.00897435 0.00951956 0.00894059 0.00871891 0.00853871 0.00826742 0.00806677 0.00808921 0.00833491 0.00835409 0.00846568 0.00837412 0.00832428 0.008007 0.00795753 0.00801228 0.00802382 0.00796917 0.00814386 0.00803312 0.00812367 0.00833054 0.00811826 0.00792426 0.00806706 0.00802966 0.00816645 0.00804485 0.00816804 0.00821643 0.00823272 0.00814035 0.0082693 0.00811127 0.00810836 
0.00802691 0.0098554 0.00910587 0.0144103 0.0116359 0.0141072 0.0134463 0.00890354 0.00854492 0.0114276 0.00983869 0.010503 0.00917126 0.00802921 0.00960031 0.00822689 0.00818237 0.00777864 0.00748709 0.0069048 0.00687284 0.0373444 0.951028 0.00603056 0.00462511 0.00355656 0.00358944 0 0.00357064 0.00353264 0.00353876 0.00355566 0.00382976 0.00415751 0.00444409 0.00461073 0.00711783 0.00737247 0.00884512 0.00838301 0.00915542 0.00847371 0.00986323 0.0104364 0.0089204 0.0103552 0.00959972 0.00871142 0.0187379 0.00919924 0.0103234 0.0100869 0.0105171 0.0145219 0.0115108 0.00909074 0.00843965 0.00797966 0.00828735 0.00873525 0.00999103 0.00946513 0.0100238 0.0084235 0.00836423 0.00818549 0.00799549 0.00801024 0.00812415 0.00806145 0.00806051 0.00814741 0.00841525 0.00820769 0.00808324 0.00818051 0.00833949 0.00806724 0.00807688 0.00830967 0.00875585 0.00844433 0.00883515 0.00846493 0.00848639 0.00805058 
0.00834289 0.00860417 0.0171413 0.0130696 0.0188403 0.0178234 0.0170326 0.0113195 0.00858053 0.0101273 0.0122367 0.0125971 0.00871135 0.0123091 0.0100196 0.0102936 0.00860264 0.00845327 0.00774174 0.00743859 0.041654 0.93922 0.0144158 0.00634195 0.00404628 0.00361329 0.00355158 0.00357064 0 0.00359132 0.00354491 0.00354805 0.00365031 0.00405732 0.00402982 0.00434021 0.00686945 0.00711711 0.00762749 0.00978831 0.00811109 0.00994626 0.0101316 0.0120519 0.0145943 0.00874346 0.00879825 0.0135877 0.0133609 0.0207039 0.00967529 0.00993907 0.0156947 0.0254229 0.0169027 0.00931956 0.00939378 0.00795357 0.00843035 0.00918906 0.0109131 0.0115086 0.00957414 0.00928119 0.00841453 0.0083445 0.00803569 0.00805938 0.00804851 0.00822212 0.0080749 0.00836213 0.00866175 0.0084171 0.00808706 0.00831361 0.00837979 0.00822483 0.00812217 0.00853104 0.00895969 0.00888158 0.00864302 0.00894476 0.00842657 0.00810387 
0.00815476 0.010996 0.0120033 0.0199334 0.0169041 0.0258563 0.022599 0.0102808 0.00898711 0.0113353 0.013375 0.0149693 0.00948333 0.0112931 0.0162598 0.0123734 0.0127587 0.00902435 0.00977748 0.0303223 0.941647 0.0151275 0.00703294 0.00585117 0.0049109 0.00362103 0.00354305 0.00353264 0.00359132 0 0.00353754 0.00355413 0.00359193 0.00362555 0.0038003 0.00382926 0.00710796 0.00771446 0.00876666 0.0083649 0.010204 0.0139826 0.012093 0.0154753 0.0106982 0.00893432 0.0102016 0.0104857 0.0293815 0.0147151 0.0132296 0.0112483 0.018536 0.0320636 0.0193576 0.0115805 0.00896361 0.00811081 0.00843806 0.00984048 0.0136407 0.0115519 0.0127241 0.00944755 0.00938293 0.00837015 0.00822309 0.00812976 0.00825058 0.00822895 0.00822866 0.00835598 0.0094809 0.00878777 0.00812991 0.00826383 0.0086401 0.0081437 0.00815441 0.00861111 0.00928327 0.00884912 0.00914805 0.00867037 0.00901564 0.00817446 
0.00828518 0.00885535 0.0146609 0.0138021 0.0210308 0.0208105 0.0166899 0.0116001 0.00898228 0.0098967 0.0139431 0.013202 0.00870159 0.00981114 0.0113158 0.0143397 0.00864319 0.00975229 0.0424123 0.883548 0.0155425 0.00783129 0.00862083 0.00584265 0.00479185 0.00361128 0.00358577 0.00353876 0.00354491 0.00353754 0 0.00350022 0.00359098 0.0035991 0.00363152 0.00364208 0.00690507 0.00664138 0.00697679 0.00914022 0.00985952 0.0524284 0.0156455 0.0106501 0.0103064 0.0088682 0.00882941 0.0124871 0.0139819 0.0188684 0.010731 0.0105386 0.0166311 0.0244176 0.0190025 0.010537 0.00986301 0.008012 0.00852397 0.0101623 0.0117441 0.0128763 0.0105074 0.0104183 0.00884364 0.00850719 0.00812293 0.00812764 0.00811834 0.00823164 0.00824707 0.00844103 0.00898262 0.00908757 0.00812861 0.00827886 0.0083942 0.0081253 0.00838282 0.00847287 0.0090396 0.00876284 0.00883866 0.00890981 0.00844285 0.00824112 
0.00807292 0.00990343 0.0112813 0.0177825 0.0165965 0.0193337 0.0177681 0.0100244 0.00871977 0.0107714 0.0115871 0.0126543 0.00875192 0.00946866 0.016808 0.00979297 0.0104392 0.0441243 0.898571 0.0219407 0.0109245 0.00738114 0.00758514 0.00613818 0.00527793 0.00373554 0.003677 0.00355566 0.00354805 0.00355413 0.00350022 0 0.00359332 0.0035655 0.0035609 0.00359549 0.00748271 0.00612468 0.00995544 0.0292492 0.0568773 0.653064 0.0104568 0.0115024 0.00931342 0.00888885 0.0100976 0.00992392 0.0181272 0.012049 0.0122535 0.0111585 0.0176104 0.0253156 0.0174166 0.0120347 0.00883089 0.00808726 0.00838408 0.010457 0.0135925 0.0120489 0.0124571 0.0091501 0.00883444 0.00839102 0.00813637 0.00807339 0.00832669 0.00818543 0.00819036 0.00838671 0.00870184 0.00836264 0.00803441 0.00827061 0.00831101 0.00807186 0.00815077 0.00853679 0.00950798 0.00884597 0.00952449 0.00855413 0.00857631 0.00810956 
0.00828695 0.00945457 0.0156746 0.0167411 0.0196595 0.0214931 0.0167682 0.00963442 0.00856458 0.011365 0.0139521 0.0142515 0.00870937 0.0115907 0.0122484 0.0152502 0.0297688 0.883811 0.017143 0.0093092 0.0107647 0.0100656 0.00744277 0.00667535 0.00606567 0.00417929 0.00470364 0.00382976 0.00365031 0.00359193 0.00359098 0.00359332 0 0.00357084 0.00359345 0.00360552 0.006358 0.00756342 0.0189623 0.0505051 0.734185 0.0106059 0.0103654 0.0119519 0.0108846 0.0091227 0.00942325 0.0146027 0.0154768 0.0180057 0.0103311 0.0124595 0.0211743 0.03318 0.0225863 0.0101487 0.00924973 0.00810819 0.00887305 0.0101469 0.012232 0.0134919 0.0114815 0.00957953 0.00870244 0.00902711 0.00818778 0.00809637 0.00815094 0.00829449 0.00825021 0.00858236 0.0092704 0.00854324 0.00822196 0.00833685 0.00855083 0.00823441 0.0082808 0.00865326 0.00930321 0.0091201 0.00892472 0.00887354 0.00871646 0.00818608 
0.00836715 0.0124166 0.0169831 0.0261965 0.0252813 0.0349284 0.0271332 0.0115841 0.00923963 0.0144982 0.0192574 0.0222918 0.00933036 0.0126702 0.0417127 0.0563065 0.815535 0.0258459 0.016259 0.016743 0.0111039 0.0116328 0.00947971 0.00851555 0.00651339 0.00470278 0.00439692 0.00415751 0.00405732 0.00362555 0.0035991 0.0035655 0.00357084 0 0.0035762 0.00361865 0.00779978 0.0115666 0.0676156 0.770745 0.0134796 0.00875828 0.0147536 0.0212591 0.0121538 0.00977386 0.0113562 0.0133117 0.0461493 0.0156875 0.0166624 0.0162442 0.0315244 0.0566252 0.0358129 0.0136712 0.00990901 0.0082577 0.00913926 0.0128084 0.0195426 0.0164765 0.0169881 0.0110262 0.0101115 0.00890051 0.00838867 0.0082151 0.00841522 0.00845215 0.00883012 0.00875332 0.0102097 0.00944146 0.00839935 0.00853019 0.00904872 0.00836549 0.00848806 0.00922224 0.0104005 0.00975446 0.0100677 0.00941715 0.00963266 0.00828327 
0.00860544 0.00943566 0.0134262 0.0119121 0.0182228 0.0196573 0.0148987 0.0146069 0.00936072 0.0115494 0.0379355 0.0245275 0.00980275 0.0163541 0.0702018 0.829408 0.0160062 0.0165662 0.0261147 0.0113283 0.0133484 0.00928462 0.0096832 0.0085242 0.00716239 0.00644211 0.00625416 0.00444409 0.00402982 0.0038003 0.00363152 0.0035609 0.00359345 0.0035762 0 0.00362746 0.0179809 0.106971 0.536125 0.0145625 0.0140848 0.00944766 0.0132511 0.0148494 0.0229175 0.00898222 0.00984232 0.0216772 0.0149102 0.0565239 0.0187879 0.0128724 0.0285417 0.0301059 0.0197807 0.0204627 0.0126371 0.00843093 0.00919014 0.0123463 0.0129189 0.0131056 0.0115857 0.0111838 0.00918994 0.0091984 0.00879263 0.00830048 0.00838059 0.00875448 0.00881459 0.00924606 0.0112142 0.0095947 0.00826377 0.00843044 0.00894987 0.00829813 0.00879545 0.00885566 0.00941736 0.00931708 0.00886669 0.0092206 0.00881418 0.00849699 
0.0104899 0.00936968 0.00892175 0.00937144 0.00952595 0.00986607 0.00966016 0.00972572 0.010943 0.0210726 0.0105882 0.0273385 0.0178456 0.0717419 0.654899 0.023219 0.0176269 0.0136117 0.012448 0.01239 0.00960641 0.0102273 0.00843995 0.00781375 0.008218 0.0130384 0.00604264 0.00461073 0.00434021 0.00382926 0.00364208 0.00359549 0.00360552 0.00361865 0.00362746 0 0.857 0.0343959 0.00910988 0.00751586 0.0114805 0.0173169 0.0262954 0.00994878 0.00972583 0.0146563 0.0246509 0.00932284 0.0102444 0.0140808 0.0531265 0.0210932 0.0111119 0.0114738 0.0102824 0.010074 0.0154465 0.0109852 0.0123636 0.00916212 0.00932796 0.00949982 0.00900067 0.00895677 0.00912808 0.00948351 0.0083563 0.00840493 0.00937114 0.00828653 0.00896634 0.0102321 0.00919751 0.0102032 0.00891841 0.00825482 0.00829041 0.00910793 0.00923363 0.00874654 0.00872992 0.00841661 0.0083882 0.00829487 0.00840358 0.0083823 
0.00839517 0.00842834 0.00820196 0.00863191 0.00830007 0.00850364 0.00835377 0.00818174 0.00932882 0.0108631 0.00928086 0.012602 0.0119911 0.035307 0.0157777 0.00917638 0.0091392 0.00919966 0.0097918 0.00894582 0.00909279 0.010044 0.00871436 0.011261 0.011656 0.00891629 0.00712337 0.00711783 0.00686945 0.00710796 0.00690507 0.00748271 0.006358 0.00779978 0.0179809 0.857 0 0.00370245 0.00357344 0.00364186 0.00389957 0.00504652 0.0216035 0.00935335 0.00935825 0.0169099 0.0146159 0.00881954 0.0103526 0.00892202 0.0163866 0.0117448 0.00911607 0.00914095 0.00877447 0.00882805 0.0095973 0.00965589 0.00831183 0.00833258 0.00838906 0.00827016 0.0082158 0.00820269 0.00815255 0.00811691 0.00791486 0.0082004 0.00816863 0.00793761 0.00809164 0.00823198 0.00825913 0.00870997 0.00845356 0.00794404 0.00804049 0.00872075 0.00815663 0.00801166 0.00817583 0.00837521 0.008165 0.00810261 0.00813257 0.00845726 
0.00820372 0.00820841 0.00907812 0.00840261 0.0142506 0.00855226 0.00880969 0.00841754 0.00822144 0.00868663 0.0100625 0.00888465 0.00926222 0.0142163 0.0105894 0.0105573 0.00920093 0.0108557 0.00958075 0.00889005 0.0105573 0.00865511 0.00988213 0.00849729 0.00871312 0.0077728 0.00817669 0.00737247 0.00711711 0.00771446 0.00664138 0.00612468 0.00756342 0.0115666 0.106971 0.0343959 0.00370245 0 0.00355347 0.00354372 0.00361793 0.00363129 0.0114092 0.0124732 0.0102742 0.00859018 0.00903351 0.0127303 0.00881408 0.0126359 0.00873695 0.010071 0.0107562 0.0101406 0.0103927 0.00870962 0.00849553 0.00805177 0.00819628 0.00848156 0.00862871 0.00881491 0.00885532 0.00832401 0.00808795 0.00802573 0.00808683 0.0080534 0.0079863 0.00819905 0.00804557 0.00806899 0.00880051 0.00821126 0.00793008 0.00818378 0.00817376 0.00820214 0.00798569 0.00820653 0.00830709 0.00862654 0.00822866 0.00840526 0.00818223 0.00815364 
0.00799531 0.00907394 0.0083516 0.0117191 0.00931401 0.0100162 0.00974619 0.00845908 0.00816322 0.00965914 0.00915886 0.00923562 0.0086558 0.00926694 0.0165577 0.0112508 0.0193363 0.0106365 0.0108443 0.0131901 0.00895256 0.0167436 0.00839483 0.00888401 0.00803314 0.00792604 0.00755609 0.00884512 0.00762749 0.00876666 0.00697679 0.00995544 0.0189623 0.0676156 0.536125 0.00910988 0.00357344 0.00355347 0 0.00357492 0.00361581 0.00393378 0.0188321 0.0123273 0.0097834 0.0119645 0.0107736 0.00855402 0.0222513 0.00920269 0.0104181 0.0104166 0.0106593 0.0165991 0.0111438 0.00939836 0.00854368 0.008115 0.00820824 0.00870978 0.00979101 0.00986173 0.00949003 0.00883289 0.00827919 0.00827666 0.00808426 0.0080408 0.00816857 0.00805151 0.00814064 0.00814624 0.00862809 0.00830867 0.00806505 0.00813315 0.00847958 0.00805278 0.00810507 0.00837787 0.00879965 0.00845403 0.00911543 0.00827958 0.00852055 0.00802022 
0.00817434 0.00799886 0.0122021 0.00851427 0.0117818 0.00993118 0.00991984 0.00863969 0.00829518 0.00860798 0.00947879 0.0103105 0.00837635 0.011325 0.0101683 0.0315115 0.0101924 0.0139949 0.0143304 0.00909537 0.0265006 0.00836152 0.0111436 0.00804002 0.00837657 0.00764896 0.008414 0.00838301 0.00978831 0.0083649 0.00914022 0.0292492 0.0505051 0.770745 0.0145625 0.00751586 0.00364186 0.00354372 0.00357492 0 0.00353255 0.003562 0.0111414 0.0169294 0.024368 0.00849516 0.00846423 0.018012 0.00933734 0.0144805 0.00936317 0.00923103 0.017074 0.0165106 0.0135327 0.0089041 0.00868125 0.00800154 0.00824041 0.00905739 0.00981379 0.0102891 0.00949139 0.00872104 0.00839161 0.00813023 0.00800565 0.0080527 0.00792782 0.00829783 0.0081217 0.00827739 0.00842054 0.00848922 0.00795834 0.00815912 0.00812596 0.00817724 0.00804412 0.00837502 0.00851894 0.00915034 0.00823881 0.00905252 0.00817023 0.00838921 
0.00803359 0.00958842 0.00842877 0.00978514 0.00870911 0.00919802 0.00925189 0.00860842 0.00833879 0.00972991 0.0122992 0.00958862 0.00901106 0.00986756 0.0314742 0.0103811 0.0139566 0.0103155 0.0108322 0.0141756 0.00882046 0.0116148 0.00825565 0.00959249 0.00817466 0.0105253 0.0108558 0.00915542 0.00811109 0.010204 0.00985952 0.0568773 0.734185 0.0134796 0.0140848 0.0114805 0.00389957 0.00361793 0.00361581 0.00353255 0 0.00508371 0.018459 0.0165983 0.0234292 0.0109467 0.0122378 0.00909078 0.0158813 0.0131893 0.0121546 0.0129605 0.0116921 0.0120921 0.0103271 0.0111216 0.00922459 0.00826559 0.0087256 0.00966051 0.00919532 0.00888844 0.00924714 0.0090348 0.00852792 0.00862251 0.00827961 0.00816425 0.00825787 0.00829356 0.00830302 0.00876314 0.0088532 0.00866911 0.00808624 0.0081977 0.00838594 0.00811226 0.00849699 0.00844693 0.00878127 0.00851618 0.00881344 0.00827889 0.00885018 0.00800612 
0.0101076 0.00814947 0.00834794 0.00835856 0.0084906 0.00853857 0.0087453 0.00849857 0.008678 0.0132168 0.00909743 0.012843 0.0129885 0.0414878 0.0111964 0.0114998 0.0101663 0.0107897 0.0119131 0.00969646 0.0111628 0.00868715 0.00865097 0.00824222 0.0094471 0.0227998 0.00935119 0.00847371 0.00994626 0.0139826 0.0524284 0.653064 0.0106059 0.00875828 0.00944766 0.0173169 0.00504652 0.00363129 0.00393378 0.003562 0.00508371 0 0.0260045 0.0111663 0.0178719 0.0251885 0.0178411 0.0129924 0.00957467 0.017904 0.0602925 0.0162678 0.0100827 0.0102142 0.00946681 0.00957058 0.0124044 0.00980592 0.0118573 0.00856414 0.00875363 0.00873901 0.00857235 0.0086046 0.00857331 0.00960037 0.00808229 0.0083063 0.00935872 0.00811202 0.00821795 0.0104751 0.00856919 0.00908899 0.00868123 0.00817585 0.00806742 0.00846524 0.00880646 0.00855609 0.00838327 0.0085766 0.00811721 0.00814688 0.00813145 0.0081284 
