1ESGB
MEVEKEFITDEAKELLSKDKLIQQAYNEVKTSICSPIWPATSKTFTINNTEKNCNGVVPIKELCYTLLEDTYNWYREKPLDILKLEKKKGGPIDVYKEFIENSELKRVGMEFETGNISSAHRSMNKLLLGLKHGEIDLAIILMPIKQLAYYLTDRVTNFEELEPYFELTEGQPFIFIGFNAEAYNSNVPLIPKGSDGMSKRSIKKWKDKVEN
CEEEEEEECHHHHHHHHHCHHHHHHHHHHHHHHHCCCECCCCCCEEEECCCCCCCCCHHHHHHHHHHHHHHHCCEECCHHHHHHHCCCCCCCCCEEEEEECCCCEEEEEEEECCCEHHHHHHHHHHHHHHHHCCCCCEEEEEEECHHHHCCCCCCECCHHHHHHHHHHHCCCCEEEEEEECCEEECCCCCCCCCCCCCCCCHHHHHHHHHHC
0 0 0 0 0 0 0 0 0 0 0 0 0 0 0 0 0 0 0 0 0 0 0 0 0 0 0 0 0 0 0 0 0 0 0 0 0 0 0 0 0 0 0 0 0 0 0 0 0 0 0 0 0 0 0 0 0 0 0 0 0 0 0 0 0 0 0 0 0 0 0 0 0 0 0 0 0 0 0 0 0 0 0 0 0 0 0 0 0 0 0 0 0 0 0 0 0 0 0 0 0 0 0 0 0 0 0 0 0 0 0 0 0 0 0 0 0 0 0 0 0 0 0 0 0 0 0 0 0 0 0 0 0 0 0 0 0 0 0 0 0 0 0 0 0 0 0 0 0 0 0 0 0 0 0 0 0 0 0 0 0 0 0 0 0 0 0 0 0 0 0 0 0 0 0 0 0 0 0 0 0 0 0 0 0 0 0 0 0 0 0 0 0 0 0 0 0 0 0 0 0 0 0 0 0 0 0 0 0 0 0 0 
0 0 0 0 0 0 0 0 0 0 0 0 0 0 0 0 0 0 0 0 0 0 0 0 0 0 0 0 0 0 0 0 0 0 0 0 0 0 0 0 0 0 0 0 0 0 0 0 0 0 0 0 0 0 0 0 0 0 0 0 0 0 0 0 0 0 0 0 0 0 0 0 0 0 0 0 0 0 0 0 0 0 0 0 0 0 0 0 0 0 0 0 0 0 0 0 0 0 0 0 0 0 0 0 0 0 0 0 0 0 0 0 0 0 0 0 0 0 0 0 0 0 0 0 0 0 0 0 0 0 0 0 0 0 0 0 0 0 0 0 0 0 0 0 0 0 0 0 0 0 0 0 0 0 0 0 0 0 0 0 0 0 0 0 0 0 0 0 0 0 0 0 0 0 0 0 0 0 0 0 0 0 0 0 0 0 0 0 0 0 0 0 0 0 0 0 0 0 0 0 0 0 0 0 0 0 0 0 0 0 0 0 
0 0.00381604 0.00397848 0.00382818 0.00378247 0.0159058 0.0110995 0.0184075 0.0222138 0.0221883 0.0106273 0.0248808 0.00911177 0.01026 0.00984794 0.00937742 0.0088319 0.00963256 0.00846545 0.0139539 0.00924956 0.00845626 0.00975079 0.0087177 0.010892 0.00862954 0.009252 0.00987485 0.0110308 0.00850053 0.00914381 0.0100672 0.0093042 0.00978707 0.00829896 0.0141049 0.00832746 0.00828258 0.00820117 0.00903343 0.00868565 0.00855424 0.00840387 0.00925181 0.00826416 0.00823053 0.00846446 
0.00381604 0 0.00375538 0.00376631 0.00372164 0.00411451 0.00406246 0.00966449 0.0182015 0.0092222 0.0185714 0.00878825 0.00816429 0.0086712 0.00893569 0.00836634 0.00927555 0.00807991 0.00958477 0.00836104 0.00806268 0.00875583 0.00800332 0.00885487 0.00840392 0.0091023 0.0083676 0.00836182 0.00796212 0.00834649 0.00853473 0.00886873 0.00872387 0.00841134 0.00842541 0.00821352 0.00835795 0.00803594 0.00837143 0.00851009 0.00851914 0.00834425 0.00847382 0.00812652 0.00801209 0.00824106 0.00808751 
0.00397848 0.00375538 0 0.00382587 0.00422282 0.00380637 0.00367741 0.00862822 0.00917492 0.0270162 0.00873117 0.00921687 0.00826644 0.00813791 0.00829486 0.00856617 0.00820573 0.00932119 0.00820779 0.00817524 0.00830786 0.00794899 0.008711 0.00814112 0.00907229 0.00838041 0.00835808 0.00814441 0.00814228 0.00804653 0.00843465 0.00875538 0.0085549 0.00863217 0.00815143 0.00817578 0.00796614 0.0079977 0.00816033 0.00836716 0.00830095 0.00820932 0.00808542 0.00805708 0.00798618 0.00798274 0.00800972 
0.00382818 0.00376631 0.00382587 0 0.00390517 0.00365204 0.00362722 0.00842005 0.0187364 0.00881782 0.00994725 0.00905274 0.00807347 0.0081631 0.00842395 0.00817529 0.00880133 0.00839864 0.00834042 0.00807202 0.00807645 0.00815699 0.00807298 0.00889014 0.0084712 0.00868877 0.00821459 0.00808293 0.00788557 0.0080818 0.0084091 0.00874416 0.00912898 0.0083812 0.00817799 0.00810063 0.00815004 0.00801212 0.00830377 0.00850677 0.0085718 0.00826789 0.00818965 0.00804461 0.00798921 0.00806704 0.00803208 
0.00378247 0.00372164 0.00422282 0.00390517 0 0.00361179 0.00356102 0.00846726 0.0106162 0.0124439 0.0101182 0.00890546 0.0080827 0.00811087 0.00850657 0.00879333 0.00908631 0.00935104 0.0083387 0.00807119 0.0081493 0.00805644 0.00914884 0.00875189 0.00894894 0.00887599 0.00853493 0.0081657 0.00800521 0.00824618 0.00876382 0.0100792 0.00909739 0.00872989 0.00836308 0.00817173 0.00794337 0.00807068 0.00840839 0.00885323 0.00851607 0.00845029 0.00826717 0.0080193 0.00802882 0.00797439 0.00800753 
0.0159058 0.00411451 0.00380637 0.00365204 0.00361179 0 0.00357715 0.0100202 0.0117933 0.0303085 0.0181021 0.00962914 0.00881893 0.00851292 0.00876293 0.0115499 0.00882989 0.00924569 0.00894993 0.00831215 0.00842466 0.00860633 0.00968327 0.00860388 0.00971576 0.00881465 0.0095288 0.00828601 0.00830278 0.00852916 0.00950933 0.00928025 0.00917433 0.00920489 0.00851533 0.00829327 0.00797676 0.00835628 0.00864835 0.00889475 0.00868634 0.0086151 0.00844035 0.00813447 0.00806872 0.00822896 0.00794173 
0.0110995 0.00406246 0.00367741 0.00362722 0.00356102 0.00357715 0 0.0187754 0.059093 0.0125842 0.0159925 0.0299875 0.0108397 0.00916634 0.015935 0.00942971 0.00873259 0.00849073 0.00889109 0.00953551 0.0141221 0.00916608 0.00823587 0.00872985 0.00846109 0.00889521 0.00864942 0.0098681 0.00956751 0.0121625 0.00897032 0.00870434 0.00867695 0.008572 0.00828798 0.00855799 0.0106229 0.0100975 0.00853446 0.00844672 0.00832504 0.00825751 0.00812482 0.0083872 0.00904894 0.00805846 0.008195 
0.0184075 0.00966449 0.00862822 0.00842005 0.00846726 0.0100202 0.0187754 0 0.299133 0.0072818 0.00528092 0.00690816 0.0122347 0.0119967 0.0103471 0.00861262 0.00819631 0.00847914 0.00831638 0.00939348 0.00981436 0.00812031 0.00805891 0.00806992 0.00823404 0.00811679 0.00833716 0.00872345 0.0169713 0.00897348 0.0083126 0.00813634 0.00805814 0.00800842 0.00806594 0.00889692 0.0121069 0.00837602 0.00795596 0.00790353 0.00797587 0.00787564 0.00792374 0.00842636 0.00803341 0.00791257 0.00831608 
0.0222138 0.0182015 0.00917492 0.0187364 0.0106162 0.0117933 0.059093 0.299133 0 0.00367977 0.00404244 0.00471359 0.0222335 0.0256469 0.0413654 0.0114522 0.0128673 0.00918801 0.0156494 0.0174406 0.0121906 0.0122429 0.00946129 0.013568 0.00942725 0.0115431 0.00903498 0.0203255 0.0116067 0.0179265 0.0111512 0.0122813 0.0105265 0.00987034 0.00926779 0.0149546 0.0169581 0.00963937 0.00928477 0.00926986 0.00942006 0.00868508 0.00900234 0.00993681 0.00907918 0.00853852 0.00936774 
0.0221883 0.0092222 0.0270162 0.00881782 0.0124439 0.0303085 0.0125842 0.0072818 0.00367977 0 0.00365139 0.00376551 0.0412312 0.0125989 0.0117842 0.0337348 0.0116966 0.0298573 0.00997009 0.00985497 0.00952867 0.00958045 0.0278142 0.009645 0.0254249 0.0104305 0.0243527 0.0086922 0.0108306 0.0100471 0.0212133 0.0178893 0.0192453 0.0157151 0.0116827 0.00929879 0.00826369 0.00871443 0.0111204 0.0118832 0.0102566 0.0102511 0.00895337 0.00880395 0.00818686 0.00845336 0.00832324 
0.0106273 0.0185714 0.00873117 0.00994725 0.0101182 0.0181021 0.0159925 0.00528092 0.00404244 0.00365139 0 0.00360111 0.018875 0.0212664 0.0152673 0.0125312 0.0240316 0.0101958 0.0149316 0.00922611 0.00992735 0.0161517 0.0100313 0.0162418 0.0100604 0.0237865 0.0117376 0.0125688 0.0084538 0.0115221 0.0131248 0.0173483 0.0146437 0.0148779 0.0116229 0.00889499 0.00883647 0.00884337 0.0101912 0.0101318 0.0105715 0.0092582 0.00982165 0.00827212 0.00822473 0.00826589 0.0080423 
0.0248808 0.00878825 0.00921687 0.00905274 0.00890546 0.00962914 0.0299875 0.00690816 0.00471359 0.00376551 0.00360111 0 0.0314195 0.0394715 0.0163277 0.0132083 0.0133671 0.00987902 0.00926043 0.0116231 0.0188237 0.00970154 0.00943281 0.00908732 0.0103027 0.0100565 0.0109492 0.0102998 0.012304 0.0118224 0.0106593 0.00964888 0.00973049 0.00935225 0.00898854 0.00989642 0.0103189 0.0114099 0.00876635 0.0086164 0.00854702 0.00837792 0.00828109 0.00923723 0.00866246 0.00814664 0.00813997 
0.00911177 0.00816429 0.00826644 0.00807347 0.0080827 0.00881893 0.0108397 0.0122347 0.0222335 0.0412312 0.018875 0.0314195 0 0.00523791 0.0118608 0.0828829 0.00876949 0.0110551 0.010071 0.0178028 0.0108179 0.00903227 0.0109023 0.00854028 0.00940791 0.0089479 0.0107386 0.0210305 0.0242916 0.0124968 0.0112503 0.01052 0.0113649 0.00901714 0.00898479 0.0123303 0.00992912 0.00871742 0.00839292 0.00829871 0.00826177 0.00820857 0.00852439 0.00957612 0.0083163 0.00860217 0.0088052 
0.01026 0.0086712 0.00813791 0.0081631 0.00811087 0.00851292 0.00916634 0.0119967 0.0256469 0.0125989 0.0212664 0.0394715 0.00523791 0 0.0982925 0.011189 0.00978627 0.00829126 0.0174488 0.0136542 0.0130812 0.0100112 0.00856557 0.0101385 0.00892824 0.00905232 0.0271111 0.0137756 0.0136917 0.0134876 0.0096558 0.00886332 0.0088084 0.00881686 0.00933907 0.009053 0.0128766 0.0104726 0.0086089 0.00829229 0.00838885 0.00814616 0.00833256 0.00850589 0.00892169 0.00831039 0.00817048 
0.00984794 0.00893569 0.00829486 0.00842395 0.00850657 0.00876293 0.015935 0.0103471 0.0413654 0.0117842 0.0152673 0.0163277 0.0118608 0.0982925 0 0.00364795 0.00367049 0.00359419 0.00368761 0.00440467 0.00714908 0.00747912 0.00752813 0.00947378 0.0139586 0.786845 0.033501 0.0348225 0.0125384 0.0604923 0.024091 0.0251182 0.0149319 0.0159584 0.0119584 0.0250508 0.0213123 0.0134961 0.0136623 0.0113699 0.0125517 0.0101219 0.0107763 0.0127523 0.0092898 0.00894454 0.0112036 
0.00937742 0.00836634 0.00856617 0.00817529 0.00879333 0.0115499 0.00942971 0.00861262 0.0114522 0.0337348 0.0125312 0.0132083 0.0828829 0.011189 0.00364795 0 0.00358732 0.00358477 0.00365879 0.00377106 0.00679792 0.00731101 0.0101769 0.00944294 0.902512 0.018641 0.0298461 0.0101004 0.00857302 0.0162934 0.0669518 0.0242441 0.0346467 0.0221962 0.0212972 0.013408 0.0105089 0.0103646 0.0142199 0.0183532 0.0135554 0.0188665 0.0117941 0.0103919 0.00866472 0.00919366 0.00904961 
0.0088319 0.00927555 0.00820573 0.00880133 0.00908631 0.00882989 0.00873259 0.00819631 0.0128673 0.0116966 0.0240316 0.0133671 0.00876949 0.00978627 0.00367049 0.00358732 0 0.00354771 0.00360234 0.00359477 0.00514244 0.00906384 0.00971868 0.918916 0.0211596 0.0221847 0.00829164 0.00952459 0.00615834 0.0214498 0.0185544 0.0707005 0.0387865 0.0652948 0.0142631 0.00955327 0.008954 0.00919407 0.0163059 0.0213213 0.0413738 0.0161045 0.0127661 0.00874326 0.00852635 0.00840639 0.00853314 
0.00963256 0.00807991 0.00932119 0.00839864 0.00935104 0.00924569 0.00849073 0.00847914 0.00918801 0.0298573 0.0101958 0.00987902 0.0110551 0.00829126 0.00359419 0.00358477 0.00354771 0 0.00353517 0.00356277 0.00547586 0.00673672 0.946851 0.0179802 0.0235954 0.00948236 0.00930704 0.00660847 0.00631309 0.0115174 0.0282134 0.028176 0.0784164 0.0343397 0.0134486 0.0093114 0.0083582 0.00983676 0.0142255 0.0304966 0.0184117 0.0203344 0.00963342 0.00888715 0.00871977 0.0083923 0.00826738 
0.00846545 0.00958477 0.00820779 0.00834042 0.0083387 0.00894993 0.00889109 0.00831638 0.0156494 0.00997009 0.0149316 0.00926043 0.010071 0.0174488 0.00368761 0.00365879 0.00360234 0.00353517 0 0.00378512 0.00582726 0.947465 0.0176392 0.0219487 0.0119347 0.00821134 0.00736665 0.0082952 0.00603253 0.0137707 0.0162687 0.0220962 0.0144506 0.0158623 0.0154065 0.00972093 0.0104935 0.00994445 0.0152066 0.0113434 0.0114984 0.00965346 0.011502 0.00867565 0.00874949 0.00903957 0.00839377 
0.0139539 0.00836104 0.00817524 0.00807202 0.00807119 0.00831215 0.00953551 0.00939348 0.0174406 0.00985497 0.00922611 0.0116231 0.0178028 0.0136542 0.00440467 0.00377106 0.00359477 0.00356277 0.00378512 0 0.97788 0.0144816 0.0110862 0.0078305 0.00680519 0.00627198 0.0078489 0.00746203 0.00946403 0.0177001 0.0124099 0.0103582 0.00999855 0.00954791 0.00921675 0.0125584 0.0162065 0.016671 0.00998735 0.00924621 0.00924767 0.00897246 0.008556 0.00990168 0.0109197 0.00848438 0.00899005 
0.00924956 0.00806268 0.00830786 0.00807645 0.0081493 0.00842466 0.0141221 0.00981436 0.0121906 0.00952867 0.00992735 0.0188237 0.0108179 0.0130812 0.00714908 0.00679792 0.00514244 0.00547586 0.00582726 0.97788 0 0.00397648 0.00362346 0.00360022 0.00365217 0.0037161 0.00684732 0.00645545 0.00895082 0.0239503 0.0131502 0.0109693 0.0111557 0.00971676 0.00971845 0.0242686 0.0166147 0.0103031 0.00938578 0.00922491 0.00887169 0.00873299 0.00940497 0.0170225 0.00904953 0.00920704 0.0137308 
0.00845626 0.00875583 0.00794899 0.00815699 0.00805644 0.00860633 0.00916608 0.00812031 0.0122429 0.00958045 0.0161517 0.00970154 0.00903227 0.0100112 0.00747912 0.00731101 0.00906384 0.00673672 0.947465 0.0144816 0.00397648 0 0.00357391 0.00354609 0.0035629 0.00359585 0.00371204 0.00410749 0.00499122 0.031811 0.0238293 0.020253 0.0144284 0.0132769 0.0138474 0.0117106 0.0131927 0.00958809 0.0129933 0.010924 0.013316 0.00978671 0.0124613 0.00951533 0.00873197 0.00896376 0.00909508 
0.00975079 0.00800332 0.008711 0.00807298 0.00914884 0.00968327 0.00823587 0.00805891 0.00946129 0.0278142 0.0100313 0.00943281 0.0109023 0.00856557 0.00752813 0.0101769 0.00971868 0.946851 0.0176392 0.0110862 0.00362346 0.00357391 0 0.00353661 0.0035539 0.00358457 0.00364379 0.00359544 0.00475371 0.021004 0.0511176 0.0354762 0.0538171 0.0349166 0.0165605 0.0101757 0.00866763 0.0108942 0.0146991 0.033633 0.0204545 0.0319576 0.0109428 0.00922573 0.00882058 0.00849484 0.0083259 
0.0087177 0.00885487 0.00814112 0.00889014 0.00875189 0.00860388 0.00872985 0.00806992 0.013568 0.009645 0.0162418 0.00908732 0.00854028 0.0101385 0.00947378 0.00944294 0.918916 0.0179802 0.0219487 0.0078305 0.00360022 0.00354609 0.00353661 0 0.00354683 0.00356545 0.00355419 0.00356005 0.00370527 0.127433 0.0322972 0.0893059 0.049063 0.0743736 0.0154342 0.0102834 0.0102909 0.010351 0.0254594 0.0321791 0.0589488 0.0205067 0.0157485 0.00875987 0.00891027 0.00853287 0.00850404 
0.010892 0.00840392 0.00907229 0.0084712 0.00894894 0.00971576 0.00846109 0.00823404 0.00942725 0.0254249 0.0100604 0.0103027 0.00940791 0.00892824 0.0139586 0.902512 0.0211596 0.0235954 0.0119347 0.00680519 0.00365217 0.0035629 0.0035539 0.00354683 0 0.00353892 0.00359266 0.00356106 0.00381511 0.0176235 0.177781 0.0463698 0.130899 0.0576709 0.0249729 0.011036 0.00893192 0.0109615 0.0198076 0.0671478 0.0306349 0.0445271 0.0127274 0.00993026 0.00909122 0.0094272 0.00861474 
0.00862954 0.0091023 0.00838041 0.00868877 0.00887599 0.00881465 0.00889521 0.00811679 0.0115431 0.0104305 0.0237865 0.0100565 0.0089479 0.00905232 0.786845 0.018641 0.0221847 0.00948236 0.00821134 0.00627198 0.0037161 0.00359585 0.00358457 0.00356545 0.00353892 0 0.00355838 0.00354883 0.00360964 0.0487159 0.0391125 0.362919 0.0597305 0.129025 0.0284272 0.01183 0.00962603 0.00981479 0.0400368 0.0491892 0.0737646 0.0271939 0.0236533 0.0094478 0.00890474 0.00881757 0.00900306 
0.009252 0.0083676 0.00835808 0.00821459 0.00853493 0.0095288 0.00864942 0.00833716 0.00903498 0.0243527 0.0117376 0.0109492 0.0107386 0.0271111 0.033501 0.0298461 0.00829164 0.00930704 0.00736665 0.0078489 0.00684732 0.00371204 0.00364379 0.00355419 0.00359266 0.00355838 0 0.00355534 0.00552917 0.0151893 0.0966302 0.0258118 0.139196 0.0384511 0.0894925 0.0128581 0.00960526 0.0136683 0.0184429 0.0296637 0.0159244 0.0223792 0.0184937 0.0115947 0.00880126 0.010419 0.00876878 
0.00987485 0.00836182 0.00814441 0.00808293 0.0081657 0.00828601 0.0098681 0.00872345 0.0203255 0.0086922 0.0125688 0.0102998 0.0210305 0.0137756 0.0348225 0.0101004 0.00952459 0.00660847 0.0082952 0.00746203 0.00645545 0.00410749 0.00359544 0.00356005 0.00356106 0.00354883 0.00355534 0 0.0132053 0.0448852 0.0161522 0.0249615 0.0181585 0.0568389 0.0233181 0.0384074 0.019298 0.0168366 0.0116226 0.010804 0.0116915 0.00993077 0.013885 0.0113511 0.011463 0.00871386 0.0112917 
0.0110308 0.00796212 0.00814228 0.00788557 0.00800521 0.00830278 0.00956751 0.0169713 0.0116067 0.0108306 0.0084538 0.012304 0.0242916 0.0136917 0.0125384 0.00857302 0.00615834 0.00631309 0.00603253 0.00946403 0.00895082 0.00499122 0.00475371 0.00370527 0.00381511 0.00360964 0.00552917 0.0132053 0 0.0194338 0.012551 0.0102464 0.0096407 0.0104366 0.0116182 0.0266547 0.148701 0.0164342 0.00983198 0.0087209 0.00857704 0.00861896 0.00862684 0.0140835 0.0130474 0.00938603 0.0103273 
0.00850053 0.00834649 0.00804653 0.0080818 0.00824618 0.00852916 0.0121625 0.00897348 0.0179265 0.0100471 0.0115221 0.0118224 0.0124968 0.0134876 0.0604923 0.0162934 0.0214498 0.0115174 0.0137707 0.0177001 0.0239503 0.031811 0.021004 0.127433 0.0176235 0.0487159 0.0151893 0.0448852 0.0194338 0 0.00414979 0.00369259 0.00365256 0.00370362 0.00377759 0.00523831 0.0864292 0.0753528 0.0448877 0.0197342 0.0203998 0.0139814 0.0199067 0.0238163 0.0200014 0.011134 0.021726 
0.00914381 0.00853473 0.00843465 0.0084091 0.00876382 0.00950933 0.00897032 0.0083126 0.0111512 0.0212133 0.0131248 0.0106593 0.0112503 0.0096558 0.024091 0.0669518 0.0185544 0.0282134 0.0162687 0.0124099 0.0131502 0.0238293 0.0511176 0.0322972 0.177781 0.0391125 0.0966302 0.0161522 0.012551 0.00414979 0 0.00363983 0.00359505 0.00366289 0.00404742 0.00391975 0.0188974 0.255859 0.0873371 0.0689918 0.0338814 0.0522284 0.0396185 0.0161975 0.013528 0.0249696 0.0115316 
0.0100672 0.00886873 0.00875538 0.00874416 0.0100792 0.00928025 0.00870434 0.00813634 0.0122813 0.0178893 0.0173483 0.00964888 0.01052 0.00886332 0.0251182 0.0242441 0.0707005 0.028176 0.0220962 0.0103582 0.0109693 0.020253 0.0354762 0.0893059 0.0463698 0.362919 0.0258118 0.0249615 0.0102464 0.00369259 0.00363983 0 0.00358322 0.00367119 0.003607 0.00361873 0.0153285 0.036638 0.33505 0.0931084 0.15443 0.0743145 0.048347 0.0123407 0.015369 0.0106427 0.0102043 
0.0093042 0.00872387 0.0085549 0.00912898 0.00909739 0.00917433 0.00867695 0.00805814 0.0105265 0.0192453 0.0146437 0.00973049 0.0113649 0.0088084 0.0149319 0.0346467 0.0387865 0.0784164 0.0144506 0.00999855 0.0111557 0.0144284 0.0538171 0.049063 0.130899 0.0597305 0.139196 0.0181585 0.0096407 0.00365256 0.00359505 0.00358322 0 0.00360492 0.00359801 0.00356937 0.0111875 0.0414277 0.0622836 0.442416 0.121813 0.150542 0.0315086 0.0135763 0.0115227 0.0117147 0.00965005 
0.00978707 0.00841134 0.00863217 0.0083812 0.00872989 0.00920489 0.008572 0.00800842 0.00987034 0.0157151 0.0148779 0.00935225 0.00901714 0.00881686 0.0159584 0.0221962 0.0652948 0.0343397 0.0158623 0.00954791 0.00971676 0.0132769 0.0349166 0.0743736 0.0576709 0.129025 0.0384511 0.0568389 0.0104366 0.00370362 0.00366289 0.00367119 0.00360492 0 0.00356139 0.00355477 0.011492 0.0188008 0.109798 0.135366 0.400594 0.0730122 0.0604623 0.0119705 0.0115829 0.0103484 0.0104348 
0.00829896 0.00842541 0.00815143 0.00817799 0.00836308 0.00851533 0.00828798 0.00806594 0.00926779 0.0116827 0.0116229 0.00898854 0.00898479 0.00933907 0.0119584 0.0212972 0.0142631 0.0134486 0.0154065 0.00921675 0.00971845 0.0138474 0.0165605 0.0154342 0.0249729 0.0284272 0.0894925 0.0233181 0.0116182 0.00377759 0.00404742 0.003607 0.00359801 0.00356139 0 0.00355721 0.011713 0.0193555 0.0771192 0.0839366 0.0346625 0.184315 0.0724347 0.017209 0.0101223 0.0225677 0.00961623 
0.0141049 0.00821352 0.00817578 0.00810063 0.00817173 0.00829327 0.00855799 0.00889692 0.0149546 0.00929879 0.00889499 0.00989642 0.0123303 0.009053 0.0250508 0.013408 0.00955327 0.0093114 0.00972093 0.0125584 0.0242686 0.0117106 0.0101757 0.0102834 0.011036 0.01183 0.0128581 0.0384074 0.0266547 0.00523831 0.00391975 0.00361873 0.00356937 0.00355477 0.00355721 0 0.0315977 0.043536 0.0177399 0.013882 0.0192022 0.0151065 0.0981141 0.0279923 0.022901 0.0115916 0.0144045 
0.00832746 0.00835795 0.00796614 0.00815004 0.00794337 0.00797676 0.0106229 0.0121069 0.0169581 0.00826369 0.00883647 0.0103189 0.00992912 0.0128766 0.0213123 0.0105089 0.008954 0.0083582 0.0104935 0.0162065 0.0166147 0.0131927 0.00866763 0.0102909 0.00893192 0.00962603 0.00960526 0.019298 0.148701 0.0864292 0.0188974 0.0153285 0.0111875 0.011492 0.011713 0.0315977 0 0.0360884 0.0183943 0.0127971 0.0134842 0.0104074 0.0186168 0.0368926 0.0174444 0.0167452 0.0314181 
0.00828258 0.00803594 0.0079977 0.00801212 0.00807068 0.00835628 0.0100975 0.00837602 0.00963937 0.00871443 0.00884337 0.0114099 0.00871742 0.0104726 0.0134961 0.0103646 0.00919407 0.00983676 0.00994445 0.016671 0.0103031 0.00958809 0.0108942 0.010351 0.0109615 0.00981479 0.0136683 0.0168366 0.0164342 0.0753528 0.255859 0.036638 0.0414277 0.0188008 0.0193555 0.043536 0.0360884 0 0.0036717 0.00364571 0.00364011 0.00369644 0.00388074 0.00700047 0.00725547 0.00833986 0.0362981 
0.00820117 0.00837143 0.00816033 0.00830377 0.00840839 0.00864835 0.00853446 0.00795596 0.00928477 0.0111204 0.0101912 0.00876635 0.00839292 0.0086089 0.0136623 0.0142199 0.0163059 0.0142255 0.0152066 0.00998735 0.00938578 0.0129933 0.0146991 0.0254594 0.0198076 0.0400368 0.0184429 0.0116226 0.00983198 0.0448877 0.0873371 0.33505 0.0622836 0.109798 0.0771192 0.0177399 0.0183943 0.0036717 0 0.00359591 0.00363473 0.00369299 0.00406646 0.00385251 0.00647953 0.014519 0.0101155 
0.00903343 0.00851009 0.00836716 0.00850677 0.00885323 0.00889475 0.00844672 0.00790353 0.00926986 0.0118832 0.0101318 0.0086164 0.00829871 0.00829229 0.0113699 0.0183532 0.0213213 0.0304966 0.0113434 0.00924621 0.00922491 0.010924 0.033633 0.0321791 0.0671478 0.0491892 0.0296637 0.010804 0.0087209 0.0197342 0.0689918 0.0931084 0.442416 0.135366 0.0839366 0.013882 0.0127971 0.00364571 0.00359591 0 0.00361599 0.00359807 0.00362881 0.00369222 0.00877967 0.0066412 0.00847847 
0.00868565 0.00851914 0.00830095 0.0085718 0.00851607 0.00868634 0.00832504 0.00797587 0.00942006 0.0102566 0.0105715 0.00854702 0.00826177 0.00838885 0.0125517 0.0135554 0.0413738 0.0184117 0.0114984 0.00924767 0.00887169 0.013316 0.0204545 0.0589488 0.0306349 0.0737646 0.0159244 0.0116915 0.00857704 0.0203998 0.0338814 0.15443 0.121813 0.400594 0.0346625 0.0192022 0.0134842 0.00364011 0.00363473 0.00361599 0 0.00355862 0.00361609 0.00358466 0.00438882 0.00589832 0.0271448 
0.00855424 0.00834425 0.00820932 0.00826789 0.00845029 0.0086151 0.00825751 0.00787564 0.00868508 0.0102511 0.0092582 0.00837792 0.00820857 0.00814616 0.0101219 0.0188665 0.0161045 0.0203344 0.00965346 0.00897246 0.00873299 0.00978671 0.0319576 0.0205067 0.0445271 0.0271939 0.0223792 0.00993077 0.00861896 0.0139814 0.0522284 0.0743145 0.150542 0.0730122 0.184315 0.0151065 0.0104074 0.00369644 0.00369299 0.00359807 0.00355862 0 0.00355314 0.00356552 0.0042825 0.00993541 0.0465686 
0.00840387 0.00847382 0.00808542 0.00818965 0.00826717 0.00844035 0.00812482 0.00792374 0.00900234 0.00895337 0.00982165 0.00828109 0.00852439 0.00833256 0.0107763 0.0117941 0.0127661 0.00963342 0.011502 0.008556 0.00940497 0.0124613 0.0109428 0.0157485 0.0127274 0.0236533 0.0184937 0.013885 0.00862684 0.0199067 0.0396185 0.048347 0.0315086 0.0604623 0.0724347 0.0981141 0.0186168 0.00388074 0.00406646 0.00362881 0.00361609 0.00355314 0 0.00365603 0.00896112 0.0492957 0.00664133 
0.00925181 0.00812652 0.00805708 0.00804461 0.0080193 0.00813447 0.0083872 0.00842636 0.00993681 0.00880395 0.00827212 0.00923723 0.00957612 0.00850589 0.0127523 0.0103919 0.00874326 0.00888715 0.00867565 0.00990168 0.0170225 0.00951533 0.00922573 0.00875987 0.00993026 0.0094478 0.0115947 0.0113511 0.0140835 0.0238163 0.0161975 0.0123407 0.0135763 0.0119705 0.017209 0.0279923 0.0368926 0.00700047 0.00385251 0.00369222 0.00358466 0.00356552 0.00365603 0 0.0690165 0.00440633 0.00542039 
0.00826416 0.00801209 0.00798618 0.00798921 0.00802882 0.00806872 0.00904894 0.00803341 0.00907918 0.00818686 0.00822473 0.00866246 0.0083163 0.00892169 0.0092898 0.00866472 0.00852635 0.00871977 0.00874949 0.0109197 0.00904953 0.00873197 0.00882058 0.00891027 0.00909122 0.00890474 0.00880126 0.011463 0.0130474 0.0200014 0.013528 0.015369 0.0115227 0.0115829 0.0101223 0.022901 0.0174444 0.00725547 0.00647953 0.00877967 0.00438882 0.0042825 0.00896112 0.0690165 0 0.00368707 0.00460225 
0.00823053 0.00824106 0.00798274 0.00806704 0.00797439 0.00822896 0.00805846 0.00791257 0.00853852 0.00845336 0.00826589 0.00814664 0.00860217 0.00831039 0.00894454 0.00919366 0.00840639 0.0083923 0.00903957 0.00848438 0.00920704 0.00896376 0.00849484 0.00853287 0.0094272 0.00881757 0.010419 0.00871386 0.00938603 0.011134 0.0249696 0.0106427 0.0117147 0.0103484 0.0225677 0.0115916 0.0167452 0.00833986 0.014519 0.0066412 0.00589832 0.00993541 0.0492957 0.00440633 0.00368707 0 0.00397764 
0.00846446 0.00808751 0.00800972 0.00803208 0.00800753 0.00794173 0.008195 0.00831608 0.00936774 0.00832324 0.0080423 0.00813997 0.0088052 0.00817048 0.0112036 0.00904961 0.00853314 0.00826738 0.00839377 0.00899005 0.0137308 0.00909508 0.0083259 0.00850404 0.00861474 0.00900306 0.00876878 0.0112917 0.0103273 0.021726 0.0115316 0.0102043 0.00965005 0.0104348 0.00961623 0.0144045 0.0314181 0.0362981 0.0101155 0.00847847 0.0271448 0.0465686 0.00664133 0.00542039 0.00460225 0.00397764 0 
