1F2DC
AGVAKFAKYPLTFGPSPISNLNRLSQHLGSKVNVYAKREDCNSGLAFGGNKLRKLEYIVPDIVEGDYTHLVSIGGRQSNQTRMVAALAAKLGKKCVLIQEDWVPIPEAEKDVYNRVGNIELSRIMGADVRVIEDGFDIGMRKSFANALQELEDAGHKPYPIPAGCSEHKYGGLGFVGFADEVINQEVELGIKFDKIVVCCVTGSTTAGILAGMAQYGRQDDVIAIDASFTSEKTKEQTLRIANNTAKLIGVEHEFKDFTLDTRFAYPCYGVPNEGTIEAIRTCAEQEGVLTDPVYEGKSMQGLIALIKEDYFKPGANVLYVHLGGAPALSAYSSFFPTKTA
CCCCCCCCCCCCCCCCCEEECHHHHHHCCCCEEEEEEEHHHCCCCCCCCHHHHHHCCCHHHHHHCCCCEEEEEEECCCHHHHHHHHHHHHHCCEEEEEEECCCCCCHHHCCCCCCCHHHHHHHHCCCEEEECCCCCCCCCCHHHHHHHHHHHHCCCCEEEECHHHCCCCCCCCHHHHHHHHHHHHHHHHCCCCCEEEEEECCCHHHHHHHHHHHCCCCHHHEEEEECCCCHHHHHHHHHHHHHHHHHHHCCCCCCCCCEEECCCCCCECCECCHHHHHHHHHHHHHHCCCCCCCCHHHHHHHHHHHHHCCCCCCCEEEEEEECCCHHHHHHHHHHCCCCCC
0 0 0 0 0 0 0 0 0 0 0 0 0 0 0 0 0 0 0 0 0 0 0 0 0 0 0 0 0 0 0 0 0 0 0 0 0 0 0 0 0 0 0 0 0 0 0 0 0 0 0 0 0 0 0 0 0 0 0 0 0 0 0 0 0 0 0 0 0 0 0 0 0 0 0 0 0 0 0 0 0 0 0 0 0 0 0 0 0 0 0 0 0 0 0 0 0 0 0 0 0 0 0 0 0 0 0 0 0 0 0 0 0 0 0 0 0 0 0 0 0 0 0 0 0 0 0 0 0 0 0 0 0 0 0 0 0 0 0 0 0 0 0 0 0 0 0 0 0 0 0 0 0 0 0 0 0 0 0 0 0 0 0 0 0 0 0 0 0 0 0 0 0 0 0 0 0 0 0 0 0 0 0 0 0 0 0 0 0 0 0 0 0 0 0 0 0 0 0 0 0 0 0 0 0 0 0 0 0 0 0 0 0 0 0 0 0 0 0 0 0 0 0 0 0 0 0 0 0 0 0 0 0 0 0 0 0 0 0 0 0 0 0 0 0 0 0 0 0 0 0 0 0 0 0 0 0 0 0 0 0 0 0 0 0 0 0 0 0 0 0 0 0 0 0 0 0 0 0 0 0 0 0 0 0 0 0 0 0 0 0 0 0 0 0 0 0 0 0 0 0 0 0 0 0 0 0 0 0 0 0 0 0 0 0 0 0 0 0 0 0 0 0 0 0 0 0 0 0 0 0 0 0 0 0 0 0 0 0 0 0 
0 0 0 0 0 0 0 0 0 0 0 0 0 0 0 0 0 0 0 0 0 0 0 0 0 0 0 0 0 0 0 0 0 0 0 0 0 0 0 0 0 0 0 0 0 0 0 0 0 0 0 0 0 0 0 0 0 0 0 0 0 0 0 0 0 0 0 0 0 0 0 0 0 0 0 0 0 0 0 0 0 0 0 0 0 0 0 0 0 0 0 0 0 0 0 0 0 0 0 0 0 0 0 0 0 0 0 0 0 0 0 0 0 0 0 0 0 0 0 0 0 0 0 0 0 0 0 0 0 0 0 0 0 0 0 0 0 0 0 0 0 0 0 0 0 0 0 0 0 0 0 0 0 0 0 0 0 0 0 0 0 0 0 0 0 0 0 0 0 0 0 0 0 0 0 0 0 0 0 0 0 0 0 0 0 0 0 0 0 0 0 0 0 0 0 0 0 0 0 0 0 0 0 0 0 0 0 0 0 0 0 0 0 0 0 0 0 0 0 0 0 0 0 0 0 0 0 0 0 0 0 0 0 0 0 0 0 0 0 0 0 0 0 0 0 0 0 0 0 0 0 0 0 0 0 0 0 0 0 0 0 0 0 0 0 0 0 0 0 0 0 0 0 0 0 0 0 0 0 0 0 0 0 0 0 0 0 0 0 0 0 0 0 0 0 0 0 0 0 0 0 0 0 0 0 0 0 0 0 0 0 0 0 0 0 0 0 0 0 0 0 0 0 0 0 0 0 0 0 0 0 0 0 0 0 0 0 0 0 0 0 
0 0.0041212 0.00381828 0.0194048 0.00886755 0.0347543 0.0112463 0.0122494 0.0233049 0.0271854 0.0145755 0.0128784 0.012496 0.00977835 0.0103237 0.00939893 0.0148016 0.00844679 0.0100443 0.00934903 0.00917764 0.00917093 0.00883007 0.0122364 0.00848066 0.00858219 0.00827733 0.00942763 0.00801175 0.00812228 0.00802949 0.00901491 0.0080981 0.00825174 0.00822239 0.00833224 0.00820363 0.00837807 0.00817454 0.00816232 0.00829122 0.00823166 0.00843251 0.00818727 0.00818347 0.00833598 0.00828269 0.00843654 0.00834711 0.00829292 0.00838692 0.00833668 0.00846706 0.00847188 0.00903766 
0.0041212 0 0.00365332 0.0116692 0.0717861 0.0137699 0.0126129 0.021838 0.0162745 0.0073587 0.0106134 0.0194756 0.0106692 0.0120547 0.00998261 0.0170478 0.00884641 0.00826293 0.0100507 0.00940863 0.0103465 0.00915394 0.0111168 0.00853687 0.00817691 0.00867688 0.00822585 0.00821177 0.00789478 0.00822868 0.0083752 0.00807574 0.00794934 0.00840543 0.00831188 0.00841743 0.00845693 0.00819473 0.00801521 0.00837284 0.0083818 0.00844043 0.00821803 0.00812399 0.00825528 0.00810526 0.0080277 0.00809853 0.00827481 0.00853942 0.00851377 0.00851662 0.0086092 0.00870137 0.00837441 
0.00381828 0.00365332 0 0.0209963 0.0102199 0.00895379 0.0349413 0.00938065 0.00964605 0.00976997 0.0201842 0.0111144 0.0110175 0.01056 0.0108226 0.0103504 0.0147426 0.0161517 0.00963114 0.00997645 0.0111283 0.011028 0.00927454 0.00926641 0.0115488 0.00846096 0.00828015 0.00838007 0.00898529 0.00826748 0.00826019 0.0082117 0.00876377 0.00838157 0.00840739 0.00852254 0.00836017 0.00830009 0.00843857 0.00841684 0.008382 0.00818226 0.00819481 0.00894069 0.00818485 0.00814364 0.00843699 0.00853515 0.00903075 0.00846202 0.0083644 0.0083674 0.00836484 0.00838867 0.00841936 
0.0194048 0.0116692 0.0209963 0 0.00380159 0.00363383 0.0035846 0.00370988 0.00384225 0.00476983 0.0948297 0.0135317 0.0134793 0.00928961 0.0117935 0.00909294 0.0173383 0.00939245 0.0145798 0.00955051 0.00971739 0.0098503 0.00924926 0.0157287 0.00829941 0.010402 0.00848302 0.0125992 0.0085461 0.00838416 0.00806293 0.0101105 0.00822548 0.00921478 0.00824569 0.00838493 0.00821205 0.00829735 0.00889065 0.00832489 0.00840694 0.00829924 0.00828659 0.0083033 0.00833093 0.00840722 0.00858427 0.00879086 0.00906944 0.00831258 0.00836913 0.00833802 0.00838934 0.00845949 0.00899561 
0.00886755 0.0717861 0.0102199 0.00380159 0 0.00356135 0.00354246 0.00359115 0.00365311 0.00361125 0.0255494 0.0816445 0.0118757 0.0335739 0.00978871 0.0187917 0.0088077 0.0101389 0.00956827 0.0166628 0.0169058 0.0106787 0.0133112 0.00840786 0.00971127 0.00811864 0.0103797 0.00831546 0.00803949 0.00822541 0.00906926 0.00806185 0.00855384 0.00845293 0.00882494 0.00866046 0.00863468 0.00818978 0.00805486 0.00829253 0.00866636 0.0083698 0.0082997 0.00841072 0.00824946 0.00813254 0.00809441 0.00812715 0.00828026 0.0085362 0.008508 0.00860072 0.00861432 0.00865613 0.00853597 
0.0347543 0.0137699 0.00895379 0.00363383 0.00356135 0 0.00356169 0.0036292 0.00354311 0.00355937 0.0344702 0.04299 0.14125 0.022543 0.122307 0.011688 0.0123547 0.00906738 0.0272254 0.0300279 0.0401015 0.0863879 0.0123045 0.00999343 0.00835443 0.0192581 0.00852439 0.00883035 0.00817917 0.00934758 0.00873522 0.00897341 0.00820578 0.0108845 0.00986515 0.0118031 0.00984101 0.00865306 0.00836767 0.00923131 0.009565 0.00926652 0.00844561 0.00818045 0.00842882 0.00814397 0.00811691 0.00814658 0.00845578 0.00865775 0.00883684 0.00889152 0.00898957 0.00877131 0.00875187 
0.0112463 0.0126129 0.0349413 0.0035846 0.00354246 0.00356169 0 0.00354255 0.00353959 0.00367599 0.0283671 0.0446929 0.0436737 0.152559 0.0181552 0.0263097 0.0102151 0.0103221 0.0119639 0.0401729 0.0716771 0.0310388 0.015469 0.00917989 0.0102421 0.00874104 0.0121715 0.00845294 0.0082572 0.00862257 0.00938341 0.00881415 0.00879394 0.00904624 0.0106724 0.00990463 0.00908256 0.00855473 0.00836742 0.00863398 0.00930662 0.00877594 0.00837029 0.00837133 0.00825113 0.00813593 0.00808654 0.00811387 0.00831984 0.00856799 0.00867573 0.00870776 0.00879494 0.00871721 0.00860532 
0.0122494 0.021838 0.00938065 0.00370988 0.00359115 0.0036292 0.00354255 0 0.00354505 0.00354631 0.0263072 0.0478287 0.100045 0.04005 0.0900362 0.0168751 0.0143922 0.00926248 0.0177732 0.0312007 0.0389007 0.0468941 0.0150143 0.0107025 0.00861384 0.0144958 0.0090038 0.00879752 0.0082552 0.00921757 0.00913501 0.00870203 0.00847725 0.00967706 0.0100513 0.0117572 0.00976166 0.00879959 0.00854124 0.0091573 0.00970255 0.00904086 0.00832437 0.00819481 0.00825735 0.00813039 0.00810752 0.00813739 0.00839544 0.00852945 0.00876549 0.0087889 0.00885007 0.00875838 0.00868984 
0.0233049 0.0162745 0.00964605 0.00384225 0.00365311 0.00354311 0.00353959 0.00354505 0 0.00360452 0.0164397 0.0385023 0.025651 0.0404291 0.0194076 0.0519639 0.0127293 0.0104615 0.0131253 0.0142628 0.0183141 0.0152554 0.0171218 0.0092766 0.00963469 0.00904994 0.00936812 0.00822376 0.00859581 0.00837433 0.009698 0.00855016 0.00867393 0.0087459 0.00900016 0.00923178 0.00882095 0.00821518 0.00828345 0.00857956 0.00871267 0.00850432 0.00810049 0.00826059 0.00820978 0.00800358 0.00798002 0.00802845 0.00833874 0.00843285 0.00852479 0.00852032 0.00852708 0.00843679 0.00830772 
0.0271854 0.0073587 0.00976997 0.00476983 0.00361125 0.00355937 0.00367599 0.00354631 0.00360452 0 0.0243208 0.0138387 0.020009 0.0160732 0.027101 0.0213857 0.0580019 0.0128346 0.0117652 0.0100739 0.0104928 0.00994372 0.0097365 0.0120458 0.0106858 0.00899998 0.00826414 0.0084208 0.00868476 0.0088607 0.0081377 0.00880858 0.00842992 0.00825951 0.00817263 0.00855949 0.00832655 0.00829385 0.00961412 0.00825681 0.00829963 0.00807131 0.00812996 0.00839065 0.007986 0.00797266 0.00820058 0.00819991 0.00858275 0.00827695 0.00846834 0.00834536 0.00842485 0.00834352 0.0081933 
0.0145755 0.0106134 0.0201842 0.0948297 0.0255494 0.0344702 0.0283671 0.0263072 0.0164397 0.0243208 0 0.00399958 0.00358092 0.00368986 0.00371242 0.00366791 0.00485676 0.59926 0.0186823 0.0260066 0.0118996 0.0143391 0.0120633 0.0231352 0.0162962 0.0117606 0.0102337 0.0217078 0.00968271 0.00863354 0.00885245 0.0112332 0.00931172 0.00889116 0.00918476 0.00908905 0.00920104 0.0101758 0.00894463 0.00860538 0.00888544 0.00853274 0.00888926 0.00844393 0.00818784 0.00837158 0.00817959 0.00844968 0.00848032 0.00831184 0.00828644 0.00830554 0.00853194 0.00839997 0.0087397 
0.0128784 0.0194756 0.0111144 0.0135317 0.0816445 0.04299 0.0446929 0.0478287 0.0385023 0.0138387 0.00399958 0 0.00363746 0.00363787 0.00364775 0.00366179 0.00372416 0.0212413 0.696648 0.0230652 0.0921958 0.0189717 0.0429012 0.0109223 0.0100533 0.0205086 0.0148728 0.0101084 0.00844762 0.0121691 0.0110678 0.00947506 0.00885746 0.011451 0.0117191 0.013209 0.0107577 0.00889071 0.0086278 0.00904393 0.0103965 0.00981032 0.00856599 0.00818653 0.00842393 0.00816326 0.00803288 0.00811457 0.00839309 0.00858573 0.00864673 0.00865488 0.00876328 0.00872292 0.0086516 
0.012496 0.0106692 0.0110175 0.0134793 0.0118757 0.14125 0.0436737 0.100045 0.025651 0.020009 0.00358092 0.00363746 0 0.00361785 0.0036286 0.00356685 0.00358124 0.0262546 0.0302734 0.628783 0.0415171 0.179195 0.0161079 0.0149635 0.0102657 0.0257696 0.0120235 0.00984518 0.00867432 0.0129673 0.0122123 0.0106119 0.00924979 0.0127301 0.0200604 0.023669 0.0145844 0.00967755 0.0087633 0.0100497 0.0133209 0.0107027 0.00914208 0.00823928 0.00836841 0.00816325 0.00806088 0.00819777 0.00837907 0.00856644 0.00893195 0.00894389 0.00899493 0.00893654 0.00863996 
0.00977835 0.0120547 0.01056 0.00928961 0.0335739 0.022543 0.152559 0.04005 0.0404291 0.0160732 0.00368986 0.00363787 0.00361785 0 0.00358629 0.00358235 0.00359791 0.0210111 0.0361481 0.0585453 0.677912 0.0349718 0.0694351 0.0105538 0.0144654 0.013268 0.0167427 0.00966985 0.00864424 0.0110686 0.0166174 0.00978778 0.00933474 0.010989 0.0261969 0.0223514 0.0134241 0.00993436 0.00857218 0.00994498 0.0140961 0.0103313 0.00888067 0.00827267 0.00846484 0.00809207 0.00798111 0.00807022 0.00827961 0.00857617 0.00905653 0.00905962 0.00913738 0.00900705 0.00865495 
0.0103237 0.00998261 0.0108226 0.0117935 0.00978871 0.122307 0.0181552 0.0900362 0.0194076 0.027101 0.00371242 0.00364775 0.0036286 0.00358629 0 0.00356305 0.00355845 0.0145563 0.0391123 0.127562 0.0349772 0.57796 0.0146185 0.0151159 0.010235 0.0201445 0.0105906 0.0104506 0.00834846 0.0112162 0.0110942 0.0110343 0.00858039 0.0115923 0.0150451 0.0190244 0.012423 0.00949712 0.00863144 0.00936953 0.0115068 0.0096555 0.00863718 0.00810958 0.00840714 0.00802976 0.00800097 0.00805083 0.00826885 0.00835586 0.00897573 0.00872003 0.00892977 0.00853574 0.00840849 
0.00939893 0.0170478 0.0103504 0.00909294 0.0187917 0.011688 0.0263097 0.0168751 0.0519639 0.0213857 0.00366791 0.00366179 0.00356685 0.00358235 0.00356305 0 0.00356933 0.0134906 0.0367493 0.0233445 0.0761305 0.0289101 0.506621 0.0125054 0.0128533 0.0114884 0.0148638 0.00889173 0.00835167 0.00937785 0.0142153 0.00981495 0.0087932 0.00926403 0.010584 0.0112377 0.0121496 0.00897173 0.00871367 0.00881157 0.00978841 0.00895263 0.00843618 0.00801005 0.00815674 0.00802354 0.00787005 0.00791792 0.00813613 0.00820993 0.00832069 0.00838142 0.00844285 0.00839597 0.00822395 
0.0148016 0.00884641 0.0147426 0.0173383 0.0088077 0.0123547 0.0102151 0.0143922 0.0127293 0.0580019 0.00485676 0.00372416 0.00358124 0.00359791 0.00355845 0.00356933 0 0.031645 0.0156292 0.0185053 0.0168895 0.053726 0.0358759 0.448634 0.0153824 0.0104674 0.00888547 0.0107187 0.00887179 0.00954736 0.00862329 0.0111799 0.00849285 0.00916145 0.00884872 0.00944 0.00919587 0.00930775 0.00994322 0.00835164 0.00872173 0.00839942 0.00870026 0.00831889 0.00796567 0.00807468 0.00809197 0.00820167 0.00845969 0.0082123 0.00823346 0.00824533 0.00824977 0.00832784 0.00825706 
0.00844679 0.00826293 0.0161517 0.00939245 0.0101389 0.00906738 0.0103221 0.00926248 0.0104615 0.0128346 0.59926 0.0212413 0.0262546 0.0210111 0.0145563 0.0134906 0.031645 0 0.00478304 0.00363728 0.00356795 0.00363128 0.00623672 0.00428617 0.139897 0.00891064 0.0140054 0.012915 0.00948391 0.00836151 0.0094001 0.0100191 0.010914 0.0082198 0.00889671 0.00855831 0.00862894 0.00953556 0.00803784 0.00830434 0.00851196 0.00824409 0.00890657 0.00868761 0.00794903 0.00818509 0.00804252 0.00809721 0.00822778 0.00803803 0.008244 0.00804785 0.00833546 0.00808999 0.008433 
0.0100443 0.0100507 0.00963114 0.0145798 0.00956827 0.0272254 0.0119639 0.0177732 0.0131253 0.0117652 0.0186823 0.696648 0.0302734 0.0361481 0.0391123 0.0367493 0.0156292 0.00478304 0 0.00354796 0.00357647 0.00360138 0.00523936 0.00378482 0.0229265 0.18074 0.0109887 0.0123382 0.00980026 0.0168636 0.00974511 0.0115452 0.00959507 0.019423 0.0115996 0.0133361 0.0106113 0.00885944 0.00908352 0.00918114 0.0102671 0.009545 0.008717 0.00813018 0.00829062 0.0080265 0.00797295 0.00822714 0.0082243 0.00835343 0.00849322 0.00852391 0.00860258 0.00852417 0.00840367 
0.00934903 0.00940863 0.00997645 0.00955051 0.0166628 0.0300279 0.0401729 0.0312007 0.0142628 0.0100739 0.0260066 0.0230652 0.628783 0.0585453 0.127562 0.0233445 0.0185053 0.00363728 0.00354796 0 0.00355577 0.00357408 0.00357054 0.00357702 0.130003 0.025643 0.0484878 0.00983865 0.00930942 0.0153938 0.0165352 0.0104697 0.0114064 0.014613 0.0388533 0.0323928 0.0165808 0.0101264 0.00938856 0.0106706 0.0152697 0.010803 0.00878175 0.0083748 0.00833937 0.00812092 0.00796233 0.00803323 0.00816222 0.00840641 0.00880847 0.00893207 0.00888854 0.008715 0.00839392 
0.00917764 0.0103465 0.0111283 0.00971739 0.0169058 0.0401015 0.0716771 0.0389007 0.0183141 0.0104928 0.0118996 0.0921958 0.0415171 0.677912 0.0349772 0.0761305 0.0168895 0.00356795 0.00357647 0.00355577 0 0.0035565 0.00357942 0.00356594 0.0538057 0.154856 0.0288442 0.0122365 0.00924407 0.0180097 0.0170409 0.0115701 0.010467 0.0204539 0.0561348 0.0553744 0.0220825 0.0117685 0.00973932 0.0118962 0.0207368 0.0132918 0.00937388 0.00834678 0.00844564 0.00815911 0.00800064 0.00807801 0.00826757 0.00865448 0.00951139 0.00943561 0.00963484 0.00901128 0.00850604 
0.00917093 0.00915394 0.011028 0.0098503 0.0106787 0.0863879 0.0310388 0.0468941 0.0152554 0.00994372 0.0143391 0.0189717 0.179195 0.0349718 0.57796 0.0289101 0.053726 0.00363128 0.00360138 0.00357408 0.0035565 0 0.00354844 0.00355916 0.0204873 0.091169 0.0872365 0.0127167 0.00929036 0.0148046 0.0155907 0.0124189 0.00945338 0.018356 0.036891 0.0475419 0.0209842 0.0105399 0.00953667 0.0109913 0.0188196 0.0125934 0.0101105 0.008356 0.00846026 0.00817427 0.00799574 0.00806398 0.00825126 0.00857038 0.00916112 0.00909908 0.0092051 0.00888183 0.0086267 
0.00883007 0.0111168 0.00927454 0.00924926 0.0133112 0.0123045 0.015469 0.0150143 0.0171218 0.0097365 0.0120633 0.0429012 0.0161079 0.0694351 0.0146185 0.506621 0.0358759 0.00623672 0.00523936 0.00357054 0.00357942 0.00354844 0 0.00361188 0.0185047 0.0191022 0.136454 0.067322 0.00908154 0.0119973 0.0193478 0.009818 0.00972255 0.0112784 0.0133721 0.0148224 0.0175849 0.00974558 0.00912487 0.00983812 0.0105631 0.0117159 0.00884631 0.00817717 0.0082242 0.00808234 0.00790236 0.0079319 0.00823977 0.00830014 0.0085247 0.00851207 0.0086023 0.0084256 0.0083056 
0.0122364 0.00853687 0.00926641 0.0157287 0.00840786 0.00999343 0.00917989 0.0107025 0.0092766 0.0120458 0.0231352 0.0109223 0.0149635 0.0105538 0.0151159 0.0125054 0.448634 0.00428617 0.00378482 0.00357702 0.00356594 0.00355916 0.00361188 0 0.0149956 0.0149183 0.0129996 0.119984 0.010714 0.00961479 0.00887762 0.0146368 0.00907721 0.00963815 0.00882222 0.00940512 0.00967104 0.010068 0.0103883 0.00866939 0.00901116 0.00869119 0.00918119 0.00842326 0.00798935 0.0081328 0.00816477 0.00816247 0.00832952 0.00817353 0.0082855 0.00822742 0.00829497 0.00811608 0.00815202 
0.00848066 0.00817691 0.0115488 0.00829941 0.00971127 0.00835443 0.0102421 0.00861384 0.00963469 0.0106858 0.0162962 0.0100533 0.0102657 0.0144654 0.010235 0.0128533 0.0153824 0.139897 0.0229265 0.130003 0.0538057 0.0204873 0.0185047 0.0149956 0 0.00363728 0.00380717 0.00442611 0.0390207 0.0104044 0.0184433 0.0150822 0.0192647 0.00981326 0.0127289 0.0107596 0.0109362 0.015834 0.00931925 0.00929761 0.0100449 0.00922799 0.0118931 0.00903947 0.00816741 0.00883384 0.00824984 0.00840658 0.00820522 0.0081298 0.0082877 0.00834734 0.00839567 0.00831725 0.0087484 
0.00858219 0.00867688 0.00846096 0.010402 0.00811864 0.0192581 0.00874104 0.0144958 0.00904994 0.00899998 0.0117606 0.0205086 0.0257696 0.013268 0.0201445 0.0114884 0.0104674 0.00891064 0.18074 0.025643 0.154856 0.091169 0.0191022 0.0149183 0.00363728 0 0.0175821 0.00361102 0.017926 0.0803302 0.0168005 0.0167775 0.00902249 0.043727 0.012686 0.0237338 0.0132313 0.00958041 0.0103722 0.0101247 0.0116029 0.0122662 0.00861192 0.00805249 0.00866551 0.00825154 0.00795379 0.00801759 0.00820473 0.0083834 0.00882031 0.00869994 0.00864125 0.00858462 0.00823078 
0.00827733 0.00822585 0.00828015 0.00848302 0.0103797 0.00852439 0.0121715 0.0090038 0.00936812 0.00826414 0.0102337 0.0148728 0.0120235 0.0167427 0.0105906 0.0148638 0.00888547 0.0140054 0.0109887 0.0484878 0.0288442 0.0872365 0.136454 0.0129996 0.00380717 0.0175821 0 0.0035878 0.016807 0.0172831 0.0806178 0.00967906 0.013484 0.0108191 0.0185722 0.0128565 0.0153403 0.00961524 0.00932098 0.00958719 0.0124004 0.00932576 0.00878343 0.00901693 0.00824411 0.00806319 0.00790793 0.00788083 0.00824624 0.00835502 0.00842786 0.00843544 0.00856442 0.0083075 0.00803451 
0.00942763 0.00821177 0.00838007 0.0125992 0.00831546 0.00883035 0.00845294 0.00879752 0.00822376 0.0084208 0.0217078 0.0101084 0.00984518 0.00966985 0.0104506 0.00889173 0.0107187 0.012915 0.0123382 0.00983865 0.0122365 0.0127167 0.067322 0.119984 0.00442611 0.00361102 0.0035878 0 0.0179538 0.0128682 0.0114691 0.0898092 0.0129775 0.0120483 0.00930638 0.00977904 0.00980284 0.0109993 0.0154796 0.00918942 0.00909767 0.00875103 0.00888051 0.00955877 0.00807835 0.00832739 0.0087191 0.00846369 0.00874297 0.00830917 0.00818827 0.00818572 0.00823734 0.00809504 0.00806456 
0.00801175 0.00789478 0.00898529 0.0085461 0.00803949 0.00817917 0.0082572 0.0082552 0.00859581 0.00868476 0.00968271 0.00844762 0.00867432 0.00864424 0.00834846 0.00835167 0.00887179 0.00948391 0.00980026 0.00930942 0.00924407 0.00929036 0.00908154 0.010714 0.0390207 0.017926 0.016807 0.0179538 0 0.00360426 0.00365134 0.00399318 0.113981 0.0186209 0.0149945 0.0100077 0.0104399 0.0152812 0.0107803 0.0103234 0.00923397 0.00916527 0.0130786 0.00887387 0.00812927 0.00886589 0.0083497 0.00843301 0.00828247 0.00794399 0.00805661 0.00801545 0.00815188 0.00802784 0.00841135 
0.00812228 0.00822868 0.00826748 0.00838416 0.00822541 0.00934758 0.00862257 0.00921757 0.00837433 0.0088607 0.00863354 0.0121691 0.0129673 0.0110686 0.0112162 0.00937785 0.00954736 0.00836151 0.0168636 0.0153938 0.0180097 0.0148046 0.0119973 0.00961479 0.0104044 0.0803302 0.0172831 0.0128682 0.00360426 0 0.00356442 0.00355297 0.0225864 0.167462 0.033125 0.0362136 0.0161447 0.0117846 0.0117859 0.0162645 0.0188161 0.0162997 0.00958228 0.00818709 0.00883497 0.00833276 0.00800079 0.00807902 0.00808792 0.00838263 0.00869867 0.00871818 0.0086415 0.00869248 0.00819036 
0.00802949 0.0083752 0.00826019 0.00806293 0.00906926 0.00873522 0.00938341 0.00913501 0.009698 0.0081377 0.00885245 0.0110678 0.0122123 0.0166174 0.0110942 0.0142153 0.00862329 0.0094001 0.00974511 0.0165352 0.0170409 0.0155907 0.0193478 0.00887762 0.0184433 0.0168005 0.0806178 0.0114691 0.00365134 0.00356442 0 0.00357446 0.0251134 0.0170512 0.0922654 0.0450541 0.113232 0.0136069 0.0108795 0.0153997 0.0302863 0.0234087 0.0118456 0.00921329 0.00854769 0.00820347 0.00794038 0.00799585 0.00817432 0.00848959 0.00907185 0.00878918 0.0090426 0.00871664 0.00816708 
0.00901491 0.00807574 0.0082117 0.0101105 0.00806185 0.00897341 0.00881415 0.00870203 0.00855016 0.00880858 0.0112332 0.00947506 0.0106119 0.00978778 0.0110343 0.00981495 0.0111799 0.0100191 0.0115452 0.0104697 0.0115701 0.0124189 0.009818 0.0146368 0.0150822 0.0167775 0.00967906 0.0898092 0.00399318 0.00355297 0.00357446 0 0.0126936 0.0201287 0.0180841 0.0447666 0.0304947 0.0931801 0.0239349 0.0132254 0.0118534 0.0129229 0.0166706 0.0100281 0.00882395 0.00877847 0.00956156 0.00909927 0.00907458 0.00819156 0.0082395 0.00830751 0.00837783 0.00832513 0.0083682 
0.0080981 0.00794934 0.00876377 0.00822548 0.00855384 0.00820578 0.00879394 0.00847725 0.00867393 0.00842992 0.00931172 0.00885746 0.00924979 0.00933474 0.00858039 0.0087932 0.00849285 0.010914 0.00959507 0.0114064 0.010467 0.00945338 0.00972255 0.00907721 0.0192647 0.00902249 0.013484 0.0129775 0.113981 0.0225864 0.0251134 0.0126936 0 0.00405266 0.00360092 0.00363263 0.00364083 0.00430347 0.0447788 0.0316067 0.0178044 0.0134499 0.0243577 0.0206464 0.00913637 0.0116428 0.00941188 0.00935391 0.00890786 0.00862534 0.00867468 0.00907046 0.00925371 0.00935803 0.00954078 
0.00825174 0.00840543 0.00838157 0.00921478 0.00845293 0.0108845 0.00904624 0.00967706 0.0087459 0.00825951 0.00889116 0.011451 0.0127301 0.010989 0.0115923 0.00926403 0.00916145 0.0082198 0.019423 0.014613 0.0204539 0.018356 0.0112784 0.00963815 0.00981326 0.043727 0.0108191 0.0120483 0.0186209 0.167462 0.0170512 0.0201287 0.00405266 0 0.00360238 0.00359368 0.00363271 0.00375582 0.411568 0.0522164 0.0559335 0.0367435 0.0128734 0.0106605 0.017879 0.00978587 0.00906659 0.00913514 0.00880348 0.0096504 0.0122095 0.0134693 0.012669 0.012641 0.00902596 
0.00822239 0.00831188 0.00840739 0.00824569 0.00882494 0.00986515 0.0106724 0.0100513 0.00900016 0.00817263 0.00918476 0.0117191 0.0200604 0.0261969 0.0150451 0.010584 0.00884872 0.00889671 0.0115996 0.0388533 0.0561348 0.036891 0.0133721 0.00882222 0.0127289 0.012686 0.0185722 0.00930638 0.0149945 0.033125 0.0922654 0.0180841 0.00360092 0.00360238 0 0.00356741 0.00360056 0.00375676 0.022455 0.452257 0.0976859 0.0490565 0.0150518 0.0130489 0.0102397 0.00928388 0.00845699 0.00861926 0.00898836 0.0102534 0.0183839 0.0210797 0.0227554 0.0125947 0.00955552 
0.00833224 0.00841743 0.00852254 0.00838493 0.00866046 0.0118031 0.00990463 0.0117572 0.00923178 0.00855949 0.00908905 0.013209 0.023669 0.0223514 0.0190244 0.0112377 0.00944 0.00855831 0.0133361 0.0323928 0.0553744 0.0475419 0.0148224 0.00940512 0.0107596 0.0237338 0.0128565 0.00977904 0.0100077 0.0362136 0.0450541 0.0447666 0.00363263 0.00359368 0.00356741 0 0.0036031 0.00358287 0.034984 0.0476253 0.680409 0.0507772 0.0304023 0.0113289 0.0120993 0.00957587 0.00879553 0.00889713 0.00912704 0.0111865 0.0237439 0.0264364 0.0240681 0.0170594 0.0100541 
0.00820363 0.00845693 0.00836017 0.00821205 0.00863468 0.00984101 0.00908256 0.00976166 0.00882095 0.00832655 0.00920104 0.0107577 0.0145844 0.0134241 0.012423 0.0121496 0.00919587 0.00862894 0.0106113 0.0165808 0.0220825 0.0209842 0.0175849 0.00967104 0.0109362 0.0132313 0.0153403 0.00980284 0.0104399 0.0161447 0.113232 0.0304947 0.00364083 0.00363271 0.00360056 0.0036031 0 0.00381112 0.0269608 0.0876179 0.0853224 0.682124 0.0392415 0.0121525 0.0186936 0.0107021 0.00927533 0.00952832 0.00927388 0.0102917 0.0147715 0.0149844 0.0160123 0.0152421 0.0100234 
0.00837807 0.00819473 0.00830009 0.00829735 0.00818978 0.00865306 0.00855473 0.00879959 0.00821518 0.00829385 0.0101758 0.00889071 0.00967755 0.00993436 0.00949712 0.00897173 0.00930775 0.00953556 0.00885944 0.0101264 0.0117685 0.0105399 0.00974558 0.010068 0.015834 0.00958041 0.00961524 0.0109993 0.0152812 0.0117846 0.0136069 0.0931801 0.00430347 0.00375582 0.00375676 0.00358287 0.00381112 0 0.0237018 0.019233 0.0579216 0.0568943 0.618255 0.0171056 0.0103043 0.0159178 0.0129914 0.0126189 0.0110494 0.00950496 0.00968456 0.0101313 0.0112804 0.0103913 0.0102637 
0.00817454 0.00801521 0.00843857 0.00889065 0.00805486 0.00836767 0.00836742 0.00854124 0.00828345 0.00961412 0.00894463 0.0086278 0.0087633 0.00857218 0.00863144 0.00871367 0.00994322 0.00803784 0.00908352 0.00938856 0.00973932 0.00953667 0.00912487 0.0103883 0.00931925 0.0103722 0.00932098 0.0154796 0.0107803 0.0117859 0.0108795 0.0239349 0.0447788 0.411568 0.022455 0.034984 0.0269608 0.0237018 0 0.00360256 0.00360573 0.00362908 0.00387406 0.0609066 0.014329 0.0197884 0.0122521 0.0136318 0.010601 0.00969916 0.011398 0.0110021 0.0111792 0.0108618 0.0132386 
0.00816232 0.00837284 0.00841684 0.00832489 0.00829253 0.00923131 0.00863398 0.0091573 0.00857956 0.00825681 0.00860538 0.00904393 0.0100497 0.00994498 0.00936953 0.00881157 0.00835164 0.00830434 0.00918114 0.0106706 0.0118962 0.0109913 0.00983812 0.00866939 0.00929761 0.0101247 0.00958719 0.00918942 0.0103234 0.0162645 0.0153997 0.0132254 0.0316067 0.0522164 0.452257 0.0476253 0.0876179 0.019233 0.00360256 0 0.00357534 0.00359983 0.00370631 0.0976775 0.0387895 0.0108666 0.0100439 0.0099259 0.00961768 0.0107526 0.0160088 0.0205016 0.0166285 0.0170716 0.00935284 
0.00829122 0.0083818 0.008382 0.00840694 0.00866636 0.009565 0.00930662 0.00970255 0.00871267 0.00829963 0.00888544 0.0103965 0.0133209 0.0140961 0.0115068 0.00978841 0.00872173 0.00851196 0.0102671 0.0152697 0.0207368 0.0188196 0.0105631 0.00901116 0.0100449 0.0116029 0.0124004 0.00909767 0.00923397 0.0188161 0.0302863 0.0118534 0.0178044 0.0559335 0.0976859 0.680409 0.0853224 0.0579216 0.00360573 0.00357534 0 0.00356027 0.00357487 0.135615 0.0743803 0.014901 0.0095882 0.00962625 0.00909959 0.0175934 0.0397589 0.0450403 0.0565199 0.0207478 0.0112564 
0.00823166 0.00844043 0.00818226 0.00829924 0.0083698 0.00926652 0.00877594 0.00904086 0.00850432 0.00807131 0.00853274 0.00981032 0.0107027 0.0103313 0.0096555 0.00895263 0.00839942 0.00824409 0.009545 0.010803 0.0132918 0.0125934 0.0117159 0.00869119 0.00922799 0.0122662 0.00932576 0.00875103 0.00916527 0.0162997 0.0234087 0.0129229 0.0134499 0.0367435 0.0490565 0.0507772 0.682124 0.0568943 0.00362908 0.00359983 0.00356027 0 0.00403261 0.0207025 0.195112 0.0524652 0.0127947 0.011406 0.0103757 0.0122568 0.0189631 0.0227367 0.0208158 0.0302623 0.0110839 
0.00843251 0.00821803 0.00819481 0.00828659 0.0082997 0.00844561 0.00837029 0.00832437 0.00810049 0.00812996 0.00888926 0.00856599 0.00914208 0.00888067 0.00863718 0.00843618 0.00870026 0.00890657 0.008717 0.00878175 0.00937388 0.0101105 0.00884631 0.00918119 0.0118931 0.00861192 0.00878343 0.00888051 0.0130786 0.00958228 0.0118456 0.0166706 0.0243577 0.0128734 0.0150518 0.0304023 0.0392415 0.618255 0.00387406 0.00370631 0.00357487 0.00403261 0 0.0211569 0.0194309 0.282652 0.0175056 0.021078 0.0128263 0.0105307 0.0106671 0.0118136 0.0130577 0.0115072 0.0138618 
0.00818727 0.00812399 0.00894069 0.0083033 0.00841072 0.00818045 0.00837133 0.00819481 0.00826059 0.00839065 0.00844393 0.00818653 0.00823928 0.00827267 0.00810958 0.00801005 0.00831889 0.00868761 0.00813018 0.0083748 0.00834678 0.008356 0.00817717 0.00842326 0.00903947 0.00805249 0.00901693 0.00955877 0.00887387 0.00818709 0.00921329 0.0100281 0.0206464 0.0106605 0.0130489 0.0113289 0.0121525 0.0171056 0.0609066 0.0976775 0.135615 0.0207025 0.0211569 0 0.00360727 0.00406623 0.0113378 0.0135791 0.0207705 0.0119134 0.0122791 0.0107463 0.0119412 0.01109 0.0183285 
0.00818347 0.00825528 0.00818485 0.00833093 0.00824946 0.00842882 0.00825113 0.00825735 0.00820978 0.007986 0.00818784 0.00842393 0.00836841 0.00846484 0.00840714 0.00815674 0.00796567 0.00794903 0.00829062 0.00833937 0.00844564 0.00846026 0.0082242 0.00798935 0.00816741 0.00866551 0.00824411 0.00807835 0.00812927 0.00883497 0.00854769 0.00882395 0.00913637 0.017879 0.0102397 0.0120993 0.0186936 0.0103043 0.014329 0.0387895 0.0743803 0.195112 0.0194309 0.00360727 0 0.00392996 0.0107785 0.014769 0.0104934 0.0141276 0.0109221 0.0109572 0.0102747 0.0243992 0.00980572 
0.00833598 0.00810526 0.00814364 0.00840722 0.00813254 0.00814397 0.00813593 0.00813039 0.00800358 0.00797266 0.00837158 0.00816326 0.00816325 0.00809207 0.00802976 0.00802354 0.00807468 0.00818509 0.0080265 0.00812092 0.00815911 0.00817427 0.00808234 0.0081328 0.00883384 0.00825154 0.00806319 0.00832739 0.00886589 0.00833276 0.00820347 0.00877847 0.0116428 0.00978587 0.00928388 0.00957587 0.0107021 0.0159178 0.0197884 0.0108666 0.014901 0.0524652 0.282652 0.00406623 0.00392996 0 0.0272102 0.0130938 0.0166369 0.0104796 0.0102682 0.0102795 0.0113597 0.0109721 0.0138591 
0.00828269 0.0080277 0.00843699 0.00858427 0.00809441 0.00811691 0.00808654 0.00810752 0.00798002 0.00820058 0.00817959 0.00803288 0.00806088 0.00798111 0.00800097 0.00787005 0.00809197 0.00804252 0.00797295 0.00796233 0.00800064 0.00799574 0.00790236 0.00816477 0.00824984 0.00795379 0.00790793 0.0087191 0.0083497 0.00800079 0.00794038 0.00956156 0.00941188 0.00906659 0.00845699 0.00879553 0.00927533 0.0129914 0.0122521 0.0100439 0.0095882 0.0127947 0.0175056 0.0113378 0.0107785 0.0272102 0 0.79256 0.0140621 0.0102424 0.00910533 0.00917632 0.0097451 0.0118333 0.0145024 
0.00843654 0.00809853 0.00853515 0.00879086 0.00812715 0.00814658 0.00811387 0.00813739 0.00802845 0.00819991 0.00844968 0.00811457 0.00819777 0.00807022 0.00805083 0.00791792 0.00820167 0.00809721 0.00822714 0.00803323 0.00807801 0.00806398 0.0079319 0.00816247 0.00840658 0.00801759 0.00788083 0.00846369 0.00843301 0.00807902 0.00799585 0.00909927 0.00935391 0.00913514 0.00861926 0.00889713 0.00952832 0.0126189 0.0136318 0.0099259 0.00962625 0.011406 0.021078 0.0135791 0.014769 0.0130938 0.79256 0 0.0198088 0.0101057 0.0118183 0.0106072 0.0116899 0.0232849 0.0265018 
0.00834711 0.00827481 0.00903075 0.00906944 0.00828026 0.00845578 0.00831984 0.00839544 0.00833874 0.00858275 0.00848032 0.00839309 0.00837907 0.00827961 0.00826885 0.00813613 0.00845969 0.00822778 0.0082243 0.00816222 0.00826757 0.00825126 0.00823977 0.00832952 0.00820522 0.00820473 0.00824624 0.00874297 0.00828247 0.00808792 0.00817432 0.00907458 0.00890786 0.00880348 0.00898836 0.00912704 0.00927388 0.0110494 0.010601 0.00961768 0.00909959 0.0103757 0.0128263 0.0207705 0.0104934 0.0166369 0.0140621 0.0198088 0 0.00429588 0.00363354 0.00366018 0.00374555 0.00423662 0.00802112 
0.00829292 0.00853942 0.00846202 0.00831258 0.0085362 0.00865775 0.00856799 0.00852945 0.00843285 0.00827695 0.00831184 0.00858573 0.00856644 0.00857617 0.00835586 0.00820993 0.0082123 0.00803803 0.00835343 0.00840641 0.00865448 0.00857038 0.00830014 0.00817353 0.0081298 0.0083834 0.00835502 0.00830917 0.00794399 0.00838263 0.00848959 0.00819156 0.00862534 0.0096504 0.0102534 0.0111865 0.0102917 0.00950496 0.00969916 0.0107526 0.0175934 0.0122568 0.0105307 0.0119134 0.0141276 0.0104796 0.0102424 0.0101057 0.00429588 0 0.00360377 0.00360982 0.0036356 0.00417712 0.00464128 
0.00838692 0.00851377 0.0083644 0.00836913 0.008508 0.00883684 0.00867573 0.00876549 0.00852479 0.00846834 0.00828644 0.00864673 0.00893195 0.00905653 0.00897573 0.00832069 0.00823346 0.008244 0.00849322 0.00880847 0.00951139 0.00916112 0.0085247 0.0082855 0.0082877 0.00882031 0.00842786 0.00818827 0.00805661 0.00869867 0.00907185 0.0082395 0.00867468 0.0122095 0.0183839 0.0237439 0.0147715 0.00968456 0.011398 0.0160088 0.0397589 0.0189631 0.0106671 0.0122791 0.0109221 0.0102682 0.00910533 0.0118183 0.00363354 0.00360377 0 0.00359633 0.00362164 0.00362584 0.00398185 
0.00833668 0.00851662 0.0083674 0.00833802 0.00860072 0.00889152 0.00870776 0.0087889 0.00852032 0.00834536 0.00830554 0.00865488 0.00894389 0.00905962 0.00872003 0.00838142 0.00824533 0.00804785 0.00852391 0.00893207 0.00943561 0.00909908 0.00851207 0.00822742 0.00834734 0.00869994 0.00843544 0.00818572 0.00801545 0.00871818 0.00878918 0.00830751 0.00907046 0.0134693 0.0210797 0.0264364 0.0149844 0.0101313 0.0110021 0.0205016 0.0450403 0.0227367 0.0118136 0.0107463 0.0109572 0.0102795 0.00917632 0.0106072 0.00366018 0.00360982 0.00359633 0 0.00359221 0.00360109 0.00366812 
0.00846706 0.0086092 0.00836484 0.00838934 0.00861432 0.00898957 0.00879494 0.00885007 0.00852708 0.00842485 0.00853194 0.00876328 0.00899493 0.00913738 0.00892977 0.00844285 0.00824977 0.00833546 0.00860258 0.00888854 0.00963484 0.0092051 0.0086023 0.00829497 0.00839567 0.00864125 0.00856442 0.00823734 0.00815188 0.0086415 0.0090426 0.00837783 0.00925371 0.012669 0.0227554 0.0240681 0.0160123 0.0112804 0.0111792 0.0166285 0.0565199 0.0208158 0.0130577 0.0119412 0.0102747 0.0113597 0.0097451 0.0116899 0.00374555 0.0036356 0.00362164 0.00359221 0 0.00358359 0.00361954 
0.00847188 0.00870137 0.00838867 0.00845949 0.00865613 0.00877131 0.00871721 0.00875838 0.00843679 0.00834352 0.00839997 0.00872292 0.00893654 0.00900705 0.00853574 0.00839597 0.00832784 0.00808999 0.00852417 0.008715 0.00901128 0.00888183 0.0084256 0.00811608 0.00831725 0.00858462 0.0083075 0.00809504 0.00802784 0.00869248 0.00871664 0.00832513 0.00935803 0.012641 0.0125947 0.0170594 0.0152421 0.0103913 0.0108618 0.0170716 0.0207478 0.0302623 0.0115072 0.01109 0.0243992 0.0109721 0.0118333 0.0232849 0.00423662 0.00417712 0.00362584 0.00360109 0.00358359 0 0.00360882 
0.00903766 0.00837441 0.00841936 0.00899561 0.00853597 0.00875187 0.00860532 0.00868984 0.00830772 0.0081933 0.0087397 0.0086516 0.00863996 0.00865495 0.00840849 0.00822395 0.00825706 0.008433 0.00840367 0.00839392 0.00850604 0.0086267 0.0083056 0.00815202 0.0087484 0.00823078 0.00803451 0.00806456 0.00841135 0.00819036 0.00816708 0.0083682 0.00954078 0.00902596 0.00955552 0.0100541 0.0100234 0.0102637 0.0132386 0.00935284 0.0112564 0.0110839 0.0138618 0.0183285 0.00980572 0.0138591 0.0145024 0.0265018 0.00802112 0.00464128 0.00398185 0.00366812 0.00361954 0.00360882 0 
