1FVAB
IVSPQEALPGRKEPLVVAAKHHVNGNRTVEPFPEGTQMAVFGMGCFWGAERKFWTLKGVYSTQVGFAGGYTPNPTYKEVCSGKTGHAEVVRVVFQPEHISFEELLKVFWENHDPTQGMRQGNDHGSQYRSAIYPTSAEHVGAALKSKEDYQKVLSEHGFGLITTDIREGQTFYYAEDYHQQYLSKDPDGYCGLGGTGVSCP
CCCHHHCCCCCCCCCCCCCECCCCCCECCCCCCCCCEEEEEEECCHHHHHHHHHCCCCEEEEEEEEECCCCCCCCHHHHHCCCCCCEEEEEEEECCCCCCHHHHHHHHHHCCCCCCCCEECCEECHHHCEEECCCCHHHHHHHHHHHHHHHHHHHHCCCCCCCCEECCCCCCEECCHHHCCHHHHCCCCCCCCCCCCCCCC
0 0 0 0 0 0 0 0 0 0 0 0 0 0 0 0 0 0 0 0 0 0 0 0 0 0 0 0 0 0 0 0 0 0 0 0 0 0 0 0 0 0 0 0 0 0 0 0 0 0 0 0 0 0 0 0 0 0 0 0 0 0 0 0 0 0 0 0 0 0 0 0 0 0 0 0 0 0 0 0 0 0 0 0 0 0 0 0 0 0 0 0 0 0 0 0 0 0 0 0 0 0 0 0 0 0 0 0 0 0 0 0 0 0 0 0 0 0 0 0 0 0 0 0 0 0 0 0 0 0 0 0 0 0 0 0 0 0 0 0 0 0 0 0 0 0 0 0 0 0 0 0 0 0 0 0 0 0 0 0 0 0 0 0 0 0 0 0 0 0 0 0 0 0 0 0 0 0 0 0 0 0 0 0 0 0 0 0 0 0 0 0 0 0 0 0 0 0 0 0 0 
0 0 0 0 0 0 0 0 0 0 0 0 0 0 0 0 0 0 0 0 0 0 0 0 0 0 0 0 0 0 0 0 0 0 0 0 0 0 0 0 0 0 0 0 0 0 0 0 0 0 0 0 0 0 0 0 0 0 0 0 0 0 0 0 0 0 0 0 0 0 0 0 0 0 0 0 0 0 0 0 0 0 0 0 0 0 0 0 0 0 0 0 0 0 0 0 0 0 0 0 0 0 0 0 0 0 0 0 0 0 0 0 0 0 0 0 0 0 0 0 0 0 0 0 0 0 0 0 0 0 0 0 0 0 0 0 0 0 0 0 0 0 0 0 0 0 0 0 0 0 0 0 0 0 0 0 0 0 0 0 0 0 0 0 0 0 0 0 0 0 0 0 0 0 0 0 0 0 0 0 0 0 0 0 0 0 0 0 0 0 0 0 0 0 0 0 0 0 0 0 0 
0 0.814769 0.0163332 0.0126819 0.00955826 0.00929856 0.0089579 0.0109172 0.0125875 0.0155265 0.00936765 0.00888592 0.00869218 0.00873926 0.00855393 0.00882897 0.00972635 0.0120432 0.0113613 0.00888787 0.00841339 0.00844151 0.00900662 0.00844648 0.00880041 0.0112853 0.00916865 0.00888513 0.00873947 0.0092028 0.00958932 0.00815677 0.00938406 0.0098573 0.00875192 0.00958831 0.00855937 
0.814769 0 0.0574575 0.00766786 0.00693052 0.00697479 0.00760239 0.0089801 0.0120323 0.0164171 0.00995015 0.00868307 0.00884352 0.00872131 0.00864575 0.00872611 0.00967854 0.012666 0.012611 0.00937378 0.00870423 0.00872437 0.00918347 0.00870094 0.00903488 0.012813 0.00933783 0.00945874 0.00881495 0.00986118 0.00977379 0.00844333 0.00984093 0.0105498 0.0089593 0.0100698 0.00929045 
0.0163332 0.0574575 0 0.00366035 0.00359867 0.00364661 0.00366112 0.00369369 0.00385496 0.0399128 0.0107755 0.01075 0.00985622 0.0107502 0.0106983 0.0108878 0.0109981 0.018769 0.0106721 0.0129535 0.0100064 0.00975661 0.0136486 0.00953661 0.0155551 0.0219519 0.00844482 0.00844643 0.00797893 0.00907653 0.00950064 0.00900153 0.0116099 0.00883092 0.00826323 0.00842853 0.00869634 
0.0126819 0.00766786 0.00366035 0 0.00359508 0.00360463 0.00358748 0.00388727 0.00370103 0.0345199 0.030573 0.0160989 0.0199683 0.017141 0.0153277 0.0149425 0.0192005 0.0113469 0.0130823 0.014442 0.025912 0.0193595 0.0211675 0.0392486 0.0302425 0.0105333 0.00813389 0.00812457 0.00805907 0.00828704 0.0094997 0.0118322 0.00950915 0.00814089 0.00837395 0.00820936 0.00820786 
0.00955826 0.00693052 0.00359867 0.00359508 0 0.00359073 0.00360776 0.00359311 0.00357674 0.0218598 0.0355376 0.0435862 0.0334814 0.0294242 0.0350298 0.0288212 0.0166036 0.0108528 0.0113311 0.0247526 0.0377687 0.0583209 0.0719458 0.129571 0.0227729 0.011045 0.00832491 0.00806802 0.00814423 0.00840071 0.0102488 0.0104927 0.00990124 0.00842797 0.00831175 0.00826648 0.00824081 
0.00929856 0.00697479 0.00364661 0.00360463 0.00359073 0 0.00356343 0.003599 0.00356574 0.0190843 0.0374931 0.0733566 0.0356085 0.0616208 0.0335725 0.0575585 0.023241 0.0130285 0.0112215 0.0286793 0.0616127 0.060455 0.274301 0.0706476 0.0422331 0.0120266 0.00827727 0.00811482 0.00817531 0.00853501 0.0099278 0.0131831 0.0115971 0.00840673 0.0083622 0.00833557 0.00826915 
0.0089579 0.00760239 0.00366112 0.00358748 0.00360776 0.00356343 0 0.00356494 0.00354683 0.0202687 0.0266606 0.0692959 0.0514414 0.0397308 0.0367351 0.0320449 0.0418615 0.0137451 0.012665 0.0194967 0.0579428 0.141765 0.0451153 0.132609 0.0253286 0.0132623 0.00827274 0.00819436 0.00830413 0.00854276 0.00980531 0.0239227 0.0132209 0.00836268 0.00839369 0.00830833 0.00827709 
0.0109172 0.0089801 0.00369369 0.00388727 0.00359311 0.003599 0.00356494 0 0.00368025 0.0160788 0.0541395 0.0451053 0.0466679 0.0339992 0.0353935 0.026528 0.0858228 0.0293958 0.0110105 0.0280482 0.0578734 0.0211332 0.0395704 0.0230164 0.0773429 0.0162558 0.00859224 0.00834131 0.00825905 0.00884877 0.0095178 0.0215827 0.0128979 0.00850367 0.00856186 0.00867833 0.00835926 
0.0125875 0.0120323 0.00385496 0.00370103 0.00357674 0.00356574 0.00354683 0.00368025 0 0.0358667 0.046638 0.0231426 0.0153331 0.0162413 0.0162799 0.0177056 0.0363149 0.0733113 0.0209772 0.0176311 0.0126422 0.0151829 0.0125342 0.0158121 0.0155092 0.0361742 0.00852065 0.00841725 0.00848738 0.0113601 0.0114089 0.00945644 0.0163147 0.00841763 0.00870681 0.00854513 0.00834177 
0.0155265 0.0164171 0.0399128 0.0345199 0.0218598 0.0190843 0.0202687 0.0160788 0.0358667 0 0.00376027 0.00357525 0.00359466 0.00364168 0.00373534 0.00391473 0.00548392 0.0224866 0.0319091 0.0161594 0.0126848 0.0113456 0.0164778 0.013793 0.014548 0.0336205 0.0112593 0.00978973 0.0084621 0.0110675 0.0113889 0.00947747 0.019364 0.00862831 0.00934622 0.00846313 0.00959333 
0.00936765 0.00995015 0.0107755 0.030573 0.0355376 0.0374931 0.0266606 0.0541395 0.046638 0.00376027 0 0.0035687 0.00357103 0.00360788 0.00362688 0.00392142 0.00671144 0.0058528 0.0191419 0.0371425 0.0177613 0.0230115 0.0229147 0.0307323 0.0244595 0.112563 0.00857067 0.00849236 0.00849921 0.00884206 0.0103494 0.019324 0.0103414 0.00836029 0.00845544 0.00838863 0.00846293 
0.00888592 0.00868307 0.01075 0.0160989 0.0435862 0.0733566 0.0692959 0.0451053 0.0231426 0.00357525 0.0035687 0 0.00355464 0.00357671 0.00359829 0.00370553 0.00391078 0.0042346 0.021087 0.0294659 0.0411809 0.0265399 0.062294 0.0341999 0.25729 0.012661 0.00841011 0.00834085 0.00829319 0.00870827 0.0136753 0.0109009 0.0121266 0.00841423 0.00834199 0.00832093 0.0082488 
0.00869218 0.00884352 0.00985622 0.0199683 0.0334814 0.0356085 0.0514414 0.0466679 0.0153331 0.00359466 0.00357103 0.00355464 0 0.00356565 0.00360261 0.00361491 0.00359989 0.00392154 0.0207922 0.0411205 0.0276405 0.0538919 0.0309229 0.374278 0.01469 0.0124324 0.00836094 0.00821539 0.00832387 0.00854549 0.00992883 0.0115471 0.010269 0.00823389 0.00833324 0.00824213 0.0082331 
0.00873926 0.00872131 0.0107502 0.017141 0.0294242 0.0616208 0.0397308 0.0339992 0.0162413 0.00364168 0.00360788 0.00357671 0.00356565 0 0.00355924 0.00358968 0.00363448 0.00359422 0.0193179 0.0368976 0.0715146 0.0324756 0.451407 0.019953 0.0263341 0.0112495 0.00836505 0.00821223 0.0082909 0.00846853 0.0102648 0.0106683 0.0109444 0.00835905 0.00818597 0.0082746 0.0081649 
0.00855393 0.00864575 0.0106983 0.0153277 0.0350298 0.0335725 0.0367351 0.0353935 0.0162799 0.00373534 0.00362688 0.00359829 0.00360261 0.00355924 0 0.00356496 0.00358859 0.00356587 0.0192287 0.0418287 0.0363766 0.466601 0.0284576 0.0821902 0.0146881 0.0160437 0.00848285 0.00832054 0.00836329 0.00852904 0.0103399 0.0138408 0.0112087 0.00823044 0.00842888 0.00830724 0.00827749 
0.00882897 0.00872611 0.0108878 0.0149425 0.0288212 0.0575585 0.0320449 0.026528 0.0177056 0.00391473 0.00392142 0.00370553 0.00361491 0.00358968 0.00356496 0 0.00355504 0.00357054 0.0305298 0.0290441 0.470724 0.0299926 0.104483 0.0409309 0.0448382 0.0119175 0.00853179 0.00829901 0.00840464 0.00871193 0.0107191 0.0132893 0.0120665 0.00872981 0.00840985 0.00843041 0.0082585 
0.00972635 0.00967854 0.0109981 0.0192005 0.0166036 0.023241 0.0418615 0.0858228 0.0363149 0.00548392 0.00671144 0.00391078 0.00359989 0.00363448 0.00358859 0.00355504 0 0.00384489 0.0140081 0.533477 0.0260119 0.0541418 0.0306902 0.0704827 0.0725624 0.0368401 0.00917894 0.00916154 0.00872725 0.0101835 0.0100677 0.026951 0.016722 0.00879036 0.00887992 0.00898257 0.00897949 
0.0120432 0.012666 0.018769 0.0113469 0.0108528 0.0130285 0.0137451 0.0293958 0.0733113 0.0224866 0.0058528 0.0042346 0.00392154 0.00359422 0.00356587 0.00357054 0.00384489 0 0.495318 0.0150146 0.0269875 0.0154054 0.0273672 0.0216665 0.0840806 0.101201 0.0105231 0.00956082 0.00964589 0.0110401 0.0132896 0.0103991 0.0211489 0.00906664 0.00882138 0.0094058 0.00854922 
0.0113613 0.012611 0.0106721 0.0130823 0.0113311 0.0112215 0.012665 0.0110105 0.0209772 0.0319091 0.0191419 0.021087 0.0207922 0.0193179 0.0192287 0.0305298 0.0140081 0.495318 0 0.00369377 0.00362018 0.00365337 0.00379198 0.00383543 0.00379907 0.0103179 0.013235 0.0129044 0.00888644 0.0122245 0.0171179 0.0109305 0.0276163 0.00871989 0.0113974 0.00860296 0.0103999 
0.00888787 0.00937378 0.0129535 0.014442 0.0247526 0.0286793 0.0194967 0.0280482 0.0176311 0.0161594 0.0371425 0.0294659 0.0411205 0.0368976 0.0418287 0.0290441 0.533477 0.0150146 0.00369377 0 0.00361082 0.00358394 0.00363159 0.00369552 0.00521828 0.00377118 0.0169516 0.00916416 0.00918129 0.00985854 0.013564 0.0570925 0.0118414 0.0099568 0.00871205 0.00921696 0.00868377 
0.00841339 0.00870423 0.0100064 0.025912 0.0377687 0.0616127 0.0579428 0.0578734 0.0126422 0.0126848 0.0177613 0.0411809 0.0276405 0.0715146 0.0363766 0.470724 0.0260119 0.0269875 0.00362018 0.00361082 0 0.00355664 0.00358812 0.00366899 0.00360699 0.00384067 0.0105196 0.0092559 0.00867804 0.00968178 0.0181834 0.0195592 0.0158065 0.00872103 0.00884429 0.00852069 0.00879385 
0.00844151 0.00872437 0.00975661 0.0193595 0.0583209 0.060455 0.141765 0.0211332 0.0151829 0.0113456 0.0230115 0.0265399 0.0538919 0.0324756 0.466601 0.0299926 0.0541418 0.0154054 0.00365337 0.00358394 0.00355664 0 0.00358034 0.0036202 0.00361575 0.00365528 0.0105766 0.00877955 0.00910914 0.00886076 0.0149891 0.0176954 0.0154141 0.00889205 0.00887784 0.00873329 0.00870867 
0.00900662 0.00918347 0.0136486 0.0211675 0.0719458 0.274301 0.0451153 0.0395704 0.0125342 0.0164778 0.0229147 0.062294 0.0309229 0.451407 0.0284576 0.104483 0.0306902 0.0273672 0.00379198 0.00363159 0.00358812 0.00358034 0 0.00357138 0.00360334 0.00361553 0.0169272 0.00991141 0.00898888 0.0125749 0.0168678 0.0266999 0.0192213 0.010735 0.00913472 0.00967289 0.00911077 
0.00844648 0.00870094 0.00953661 0.0392486 0.129571 0.0706476 0.132609 0.0230164 0.0158121 0.013793 0.0307323 0.0341999 0.374278 0.019953 0.0821902 0.0409309 0.0704827 0.0216665 0.00383543 0.00369552 0.00366899 0.0036202 0.00357138 0 0.00358045 0.00361059 0.0161957 0.0101642 0.00981881 0.00872739 0.0275926 0.0259839 0.0308587 0.00907944 0.0101899 0.00887178 0.00898915 
0.00880041 0.00903488 0.0155551 0.0302425 0.0227729 0.0422331 0.0253286 0.0773429 0.0155092 0.014548 0.0244595 0.25729 0.01469 0.0263341 0.0146881 0.0448382 0.0725624 0.0840806 0.00379907 0.00521828 0.00360699 0.00361575 0.00360334 0.00358045 0 0.00357925 0.0161956 0.0186638 0.00948012 0.0162619 0.0116697 0.10579 0.0225301 0.0104396 0.00899695 0.0108139 0.00956103 
0.0112853 0.012813 0.0219519 0.0105333 0.011045 0.0120266 0.0132623 0.0162558 0.0361742 0.0336205 0.112563 0.012661 0.0124324 0.0112495 0.0160437 0.0119175 0.0368401 0.101201 0.0103179 0.00377118 0.00384067 0.00365528 0.00361553 0.00361059 0.00357925 0 0.0213458 0.0208289 0.0171596 0.0116178 0.0400646 0.0130277 0.0956571 0.0120361 0.0120885 0.0123513 0.00994274 
0.00916865 0.00933783 0.00844482 0.00813389 0.00832491 0.00827727 0.00827274 0.00859224 0.00852065 0.0112593 0.00857067 0.00841011 0.00836094 0.00836505 0.00848285 0.00853179 0.00917894 0.0105231 0.013235 0.0169516 0.0105196 0.0105766 0.0169272 0.0161957 0.0161956 0.0213458 0 0.00828344 0.00362977 0.8891 0.00626739 0.0205153 0.0212689 0.0132154 0.0103497 0.00986112 0.0109487 
0.00888513 0.00945874 0.00844643 0.00812457 0.00806802 0.00811482 0.00819436 0.00834131 0.00841725 0.00978973 0.00849236 0.00834085 0.00821539 0.00821223 0.00832054 0.00829901 0.00916154 0.00956082 0.0129044 0.00916416 0.0092559 0.00877955 0.00991141 0.0101642 0.0186638 0.0208289 0.00828344 0 0.967346 0.00418788 0.0149876 0.0133669 0.0166495 0.013285 0.0097648 0.0134298 0.00870708 
0.00873947 0.00881495 0.00797893 0.00805907 0.00814423 0.00817531 0.00830413 0.00825905 0.00848738 0.0084621 0.00849921 0.00829319 0.00832387 0.0082909 0.00836329 0.00840464 0.00872725 0.00964589 0.00888644 0.00918129 0.00867804 0.00910914 0.00898888 0.00981881 0.00948012 0.0171596 0.00362977 0.967346 0 0.0057122 0.00409653 0.0173928 0.0214301 0.0095732 0.0119812 0.00899404 0.0113064 
0.0092028 0.00986118 0.00907653 0.00828704 0.00840071 0.00853501 0.00854276 0.00884877 0.0113601 0.0110675 0.00884206 0.00870827 0.00854549 0.00846853 0.00852904 0.00871193 0.0101835 0.0110401 0.0122245 0.00985854 0.00968178 0.00886076 0.0125749 0.00872739 0.0162619 0.0116178 0.8891 0.00418788 0.0057122 0 0.0240655 0.00739275 0.00487057 0.0237218 0.0103054 0.019588 0.00936627 
0.00958932 0.00977379 0.00950064 0.0094997 0.0102488 0.0099278 0.00980531 0.0095178 0.0114089 0.0113889 0.0103494 0.0136753 0.00992883 0.0102648 0.0103399 0.0107191 0.0100677 0.0132896 0.0171179 0.013564 0.0181834 0.0149891 0.0168678 0.0275926 0.0116697 0.0400646 0.00626739 0.0149876 0.00409653 0.0240655 0 0.00361058 0.00362028 0.0552862 0.0393684 0.0133993 0.0169718 
0.00815677 0.00844333 0.00900153 0.0118322 0.0104927 0.0131831 0.0239227 0.0215827 0.00945644 0.00947747 0.019324 0.0109009 0.0115471 0.0106683 0.0138408 0.0132893 0.026951 0.0103991 0.0109305 0.0570925 0.0195592 0.0176954 0.0266999 0.0259839 0.10579 0.0130277 0.0205153 0.0133669 0.0173928 0.00739275 0.00361058 0 0.00404936 0.261527 0.0280591 0.0393941 0.0116634 
0.00938406 0.00984093 0.0116099 0.00950915 0.00990124 0.0115971 0.0132209 0.0128979 0.0163147 0.019364 0.0103414 0.0121266 0.010269 0.0109444 0.0112087 0.0120665 0.016722 0.0211489 0.0276163 0.0118414 0.0158065 0.0154141 0.0192213 0.0308587 0.0225301 0.0956571 0.0212689 0.0166495 0.0214301 0.00487057 0.00362028 0.00404936 0 0.0213509 0.181001 0.0240347 0.0192554 
0.0098573 0.0105498 0.00883092 0.00814089 0.00842797 0.00840673 0.00836268 0.00850367 0.00841763 0.00862831 0.00836029 0.00841423 0.00823389 0.00835905 0.00823044 0.00872981 0.00879036 0.00906664 0.00871989 0.0099568 0.00872103 0.00889205 0.010735 0.00907944 0.0104396 0.0120361 0.0132154 0.013285 0.0095732 0.0237218 0.0552862 0.261527 0.0213509 0 0.00430202 0.0270363 0.170185 
0.00875192 0.0089593 0.00826323 0.00837395 0.00831175 0.0083622 0.00839369 0.00856186 0.00870681 0.00934622 0.00845544 0.00834199 0.00833324 0.00818597 0.00842888 0.00840985 0.00887992 0.00882138 0.0113974 0.00871205 0.00884429 0.00887784 0.00913472 0.0101899 0.00899695 0.0120885 0.0103497 0.0097648 0.0119812 0.0103054 0.0393684 0.0280591 0.181001 0.00430202 0 0.0697832 0.0124374 
0.00958831 0.0100698 0.00842853 0.00820936 0.00826648 0.00833557 0.00830833 0.00867833 0.00854513 0.00846313 0.00838863 0.00832093 0.00824213 0.0082746 0.00830724 0.00843041 0.00898257 0.0094058 0.00860296 0.00921696 0.00852069 0.00873329 0.00967289 0.00887178 0.0108139 0.0123513 0.00986112 0.0134298 0.00899404 0.019588 0.0133993 0.0393941 0.0240347 0.0270363 0.0697832 0 0.00588488 
0.00855937 0.00929045 0.00869634 0.00820786 0.00824081 0.00826915 0.00827709 0.00835926 0.00834177 0.00959333 0.00846293 0.0082488 0.0082331 0.0081649 0.00827749 0.0082585 0.00897949 0.00854922 0.0103999 0.00868377 0.00879385 0.00870867 0.00911077 0.00898915 0.00956103 0.00994274 0.0109487 0.00870708 0.0113064 0.00936627 0.0169718 0.0116634 0.0192554 0.170185 0.0124374 0.00588488 0 
