1FX2A
NNNRAPKEPTDPVTLIFTDIESSTALWAAHPDLMPDAVAAHHRMVRSLIGRYKCYEVKTVGDSFMIASKSPFAAVQLAQELQLCFLHHDWGTNALDDSYREFEEQRAEGECEYTPPTAHMDPEVYSRLWNGLRVRVGIHTGLCDIRHDEVTKGYDYYGRTPNMAARTESVANGGQVLMTHAAYMSLSAEDRKQIDVTALGDVALRGVSDPVKMYQLNTVPSRNFAALRLDREYFD
CHHHCCCCCCCCEEEEEEEECCHHHHHHHCCCCHHHHHHHHHHHHHHHHHHCCCEEEEEECCEEEEEECCHHHHHHHHHHHHHHHHHCCCCCCHHHHHHHHHHHHHHHHCCCCCCCCCCCCHHHHHHHCCCCCEEEEEEEECCEEEECCCCCCEEEECHHHHHHHHHHHCCCCCCEEEEHHHHHCCCHHHHHCCCEEEEEEECCCCCCCCEEEEEECCCCCCCCCCCCCCCCCCC
0 0 0 0 0 0 0 0 0 0 0 0 0 0 0 0 0 0 0 0 0 0 0 0 0 0 0 0 0 0 0 0 0 0 0 0 0 0 0 0 0 0 0 0 0 0 0 0 0 0 0 0 0 0 0 0 0 0 0 0 0 0 0 0 0 0 0 0 0 0 0 0 0 0 0 0 0 0 0 0 0 0 0 0 0 0 0 0 0 0 0 0 0 0 0 0 0 0 0 0 0 0 0 0 0 0 0 0 0 0 0 0 0 0 0 0 0 0 0 0 0 0 0 0 0 0 0 0 0 0 0 0 0 0 0 0 0 0 0 0 0 0 0 0 0 0 0 0 0 0 0 0 0 0 0 0 0 0 0 0 0 0 0 0 0 0 0 0 0 0 0 0 0 0 0 0 0 0 0 0 0 0 0 0 0 0 0 0 0 0 0 0 0 0 0 0 0 0 0 0 0 0 0 0 0 0 0 0 0 0 0 0 0 0 0 0 0 0 0 0 0 0 0 0 0 0 0 0 0 0 0 0 0 0 0 
0 0 0 0 0 0 0 0 0 0 0 0 0 0 0 0 0 0 0 0 0 0 0 0 0 0 0 0 0 0 0 0 0 0 0 0 0 0 0 0 0 0 0 0 0 0 0 0 0 0 0 0 0 0 0 0 0 0 0 0 0 0 0 0 0 0 0 0 0 0 0 0 0 0 0 0 0 0 0 0 0 0 0 0 0 0 0 0 0 0 0 0 0 0 0 0 0 0 0 0 0 0 0 0 0 0 0 0 0 0 0 0 0 0 0 0 0 0 0 0 0 0 0 0 0 0 0 0 0 0 0 0 0 0 0 0 0 0 0 0 0 0 0 0 0 0 0 0 0 0 0 0 0 0 0 0 0 0 0 0 0 0 0 0 0 0 0 0 0 0 0 0 0 0 0 0 0 0 0 0 0 0 0 0 0 0 0 0 0 0 0 0 0 0 0 0 0 0 0 0 0 0 0 0 0 0 0 0 0 0 0 0 0 0 0 0 0 0 0 0 0 0 0 0 0 0 0 0 0 0 0 0 0 0 0 
0 0.00375856 0.00375376 0.00371717 0.00374044 0.00374829 0.00386223 0.00825562 0.154502 0.00949789 0.0218491 0.00936468 0.0116757 0.0207625 0.0141209 0.0169783 0.0113743 0.0155785 0.011664 0.0286545 0.0141372 0.00869012 0.0114783 0.00889312 0.00913579 0.00873421 0.00873961 0.0102203 0.00814989 0.00869542 0.00811749 0.00941126 0.0083584 0.0082349 0.0081868 0.00894778 0.00856348 0.00843231 0.00843099 0.00889155 0.00933901 0.00809538 0.00813272 0.00803473 0.00802011 0.00813479 0.0090857 0.00875672 0.00813719 0.00831157 0.0082789 0.00840287 0.00946618 
0.00375856 0 0.00371028 0.0036911 0.00364603 0.00373949 0.00398034 0.00379964 0.0222948 0.158839 0.0093771 0.0210162 0.0162837 0.0101349 0.0216722 0.0318514 0.0469451 0.0225835 0.0372171 0.0124631 0.00942558 0.0165827 0.0106897 0.0177139 0.0106161 0.0111325 0.0105843 0.00836817 0.00918416 0.00844601 0.00890572 0.00831449 0.00831921 0.00893012 0.00873897 0.00841867 0.00831827 0.00936737 0.00883843 0.00850694 0.00811455 0.0083553 0.00829871 0.00818827 0.0082575 0.00828436 0.00807065 0.00818766 0.00850012 0.00848644 0.00853109 0.00882509 0.00849721 
0.00375376 0.00371028 0 0.00359777 0.00358219 0.00365659 0.00361581 0.00373947 0.062666 0.0141597 0.117708 0.0146053 0.0157284 0.0104475 0.0144651 0.0619834 0.0492143 0.146343 0.0249993 0.0125237 0.0130137 0.0112662 0.0381255 0.0188401 0.0265272 0.022802 0.00996592 0.00918712 0.00832733 0.0117261 0.00861231 0.0083401 0.0086692 0.00945067 0.00937648 0.00851255 0.00916091 0.0108526 0.0092972 0.00845268 0.00867999 0.00846776 0.00872131 0.00854812 0.00859022 0.00836519 0.00829325 0.00853473 0.00874651 0.00986143 0.00927257 0.00950505 0.00896456 
0.00371717 0.0036911 0.00359777 0 0.00355656 0.003583 0.00358271 0.00360708 0.0173813 0.0549504 0.0157327 0.0401403 0.0158994 0.00964222 0.0132846 0.0321313 0.146401 0.0915877 0.0388787 0.0118201 0.00960191 0.0164689 0.0174757 0.0317302 0.0198297 0.0149196 0.0101201 0.00847639 0.00938898 0.00860913 0.00881671 0.00824104 0.00853752 0.00913226 0.00917663 0.00837586 0.00871239 0.0115631 0.00892205 0.0083907 0.00831984 0.00835465 0.00851591 0.00832602 0.00841372 0.00835476 0.008192 0.00836822 0.00863867 0.00906768 0.00904867 0.00928396 0.00859811 
0.00374044 0.00364603 0.00358219 0.00355656 0 0.00354825 0.00357524 0.00358691 0.020765 0.0144717 0.056845 0.0252601 0.0144105 0.00965536 0.0111173 0.0560627 0.070358 0.0767433 0.0232038 0.0117869 0.0103796 0.0116798 0.0241258 0.0188254 0.0186706 0.0124943 0.0100522 0.00879419 0.00826202 0.00965385 0.00843678 0.00820809 0.00854732 0.00880283 0.00880079 0.00834403 0.00874468 0.00979285 0.00902303 0.00829753 0.00835891 0.00824933 0.00838292 0.00817358 0.00824174 0.00822442 0.00819192 0.00824418 0.00846873 0.0087896 0.00883053 0.00886025 0.00868805 
0.00374829 0.00373949 0.00365659 0.003583 0.00354825 0 0.00355511 0.0035623 0.0224739 0.0215123 0.0248531 0.0313052 0.0137937 0.00967969 0.0129548 0.0483049 0.0539638 0.0527676 0.0184525 0.0104725 0.0107929 0.0117637 0.0207812 0.0159064 0.0156566 0.0139825 0.00944479 0.00830793 0.00840776 0.00872186 0.00834619 0.00811742 0.00850094 0.00860067 0.00874622 0.0083948 0.00865108 0.00914004 0.0085933 0.00812679 0.00826338 0.00811201 0.0082306 0.00805827 0.00813763 0.0081614 0.00805717 0.0081581 0.00829773 0.0087503 0.00850486 0.00856669 0.008427 
0.00386223 0.00398034 0.00361581 0.00358271 0.00357524 0.00355511 0 0.00356023 0.0146194 0.028475 0.0127805 0.0145284 0.0369818 0.0128211 0.0126736 0.0263169 0.0314277 0.0235589 0.0336815 0.0117147 0.00877406 0.0177556 0.0118368 0.0143289 0.0108861 0.00964568 0.00913025 0.00834231 0.00823294 0.0085218 0.00829743 0.00807131 0.00821601 0.00859431 0.00846374 0.00830785 0.00838033 0.00894293 0.00869438 0.00820985 0.00807544 0.00818383 0.0081828 0.0081912 0.00811301 0.00819951 0.00803801 0.00809484 0.00833137 0.00857509 0.00853204 0.00866893 0.0082138 
0.00825562 0.00379964 0.00373947 0.00360708 0.00358691 0.0035623 0.00356023 0 0.0241239 0.010914 0.0182021 0.0133189 0.0178389 0.0715507 0.0144609 0.0181994 0.0193972 0.0170248 0.0149716 0.028153 0.0165082 0.00869094 0.0120524 0.0114204 0.00971246 0.00909378 0.00877607 0.0090555 0.00848554 0.00836131 0.00822141 0.00817779 0.00905568 0.00813373 0.00849645 0.00844566 0.00893439 0.00860708 0.00875357 0.00837604 0.00842491 0.00808865 0.00802501 0.0079658 0.00799456 0.00798672 0.00822592 0.00836018 0.00804623 0.00829318 0.00826241 0.00822941 0.00881937 
0.154502 0.0222948 0.062666 0.0173813 0.020765 0.0224739 0.0146194 0.0241239 0 0.00376481 0.00366066 0.00377501 0.00402964 0.0119931 0.00473489 0.0053475 0.0065367 0.00862402 0.207021 0.689712 0.01396 0.00892217 0.0111418 0.00894303 0.00952298 0.00873021 0.00899728 0.0104901 0.00841937 0.00851449 0.00827574 0.0112407 0.00835724 0.00836826 0.008296 0.0108648 0.00886462 0.00829375 0.00872733 0.00970391 0.00935878 0.00798863 0.00803793 0.00796015 0.0079673 0.0080383 0.00884479 0.00845957 0.00796763 0.00813898 0.00809305 0.00811716 0.00892764 
0.00949789 0.158839 0.0141597 0.0549504 0.0144717 0.0215123 0.028475 0.010914 0.00376481 0 0.00355019 0.00360668 0.00381165 0.0036017 0.00641264 0.0049881 0.0116536 0.175198 0.599351 0.0100943 0.00872777 0.015907 0.00893495 0.0179926 0.00913381 0.0103242 0.00916946 0.00821699 0.00913845 0.00807392 0.00860785 0.00804851 0.00822546 0.00852052 0.00829159 0.00830015 0.00819304 0.00960479 0.00861804 0.00833095 0.00791356 0.00832221 0.00815051 0.00813086 0.00812145 0.00824821 0.00796227 0.0079591 0.00844702 0.00835655 0.00844438 0.00878323 0.00817275 
0.0218491 0.0093771 0.117708 0.0157327 0.056845 0.0248531 0.0127805 0.0182021 0.00366066 0.00355019 0 0.00356673 0.00365147 0.00366945 0.00369663 0.0054726 0.0682751 0.665396 0.0089419 0.00616141 0.0149112 0.00883001 0.0318009 0.00972124 0.0163278 0.00969267 0.00893316 0.00867538 0.00806933 0.0103841 0.00816006 0.00833413 0.00820976 0.00840568 0.00908665 0.00830051 0.00853344 0.00851713 0.00875339 0.00818074 0.00905054 0.0080607 0.00818586 0.00801062 0.00836743 0.00801115 0.00852992 0.00855353 0.00808189 0.00853967 0.00851636 0.00870024 0.00834767 
0.00936468 0.0210162 0.0146053 0.0401403 0.0252601 0.0313052 0.0145284 0.0133189 0.00377501 0.00360668 0.00356673 0 0.00356616 0.00357682 0.00425289 0.0264229 0.800299 0.00997561 0.00545574 0.00594962 0.00870597 0.0146687 0.00933801 0.0138874 0.00996455 0.00989766 0.00862997 0.00824598 0.00886797 0.00826957 0.0082866 0.00806622 0.00817162 0.00841335 0.00819363 0.00814802 0.00825412 0.00867657 0.00838785 0.00814748 0.00798519 0.00812866 0.00810486 0.00817757 0.0080537 0.00807173 0.0080364 0.00797205 0.00819868 0.00841152 0.00836666 0.00834099 0.00819317 
0.0116757 0.0162837 0.0157284 0.0158994 0.0144105 0.0137937 0.0369818 0.0178389 0.00402964 0.00381165 0.00365147 0.00356616 0 0.00379886 0.00396367 0.88164 0.00843416 0.00539582 0.00487447 0.00589612 0.00993218 0.0100039 0.00985732 0.00973344 0.00947312 0.00892398 0.00917271 0.00827754 0.0083987 0.00834018 0.00815344 0.00808842 0.00841168 0.00827011 0.00821132 0.00816168 0.0082671 0.00864395 0.00839652 0.00819113 0.00827144 0.00806732 0.00803576 0.00797566 0.00795394 0.00794332 0.00800349 0.00832397 0.00814851 0.00822438 0.00823577 0.00832932 0.00802204 
0.0207625 0.0101349 0.0104475 0.00964222 0.00965536 0.00967969 0.0128211 0.0715507 0.0119931 0.0036017 0.00366945 0.00357682 0.00379886 0 0.921948 0.00764542 0.00370604 0.00383322 0.00429531 0.00587926 0.0127142 0.00841414 0.00886303 0.00850711 0.00853669 0.00816776 0.00835544 0.00901224 0.00860495 0.00818429 0.00804021 0.00840936 0.00881797 0.00808447 0.00812869 0.0083095 0.00843684 0.00806069 0.00816446 0.00805622 0.0086636 0.00798786 0.00794751 0.00790998 0.0078954 0.00790184 0.00842149 0.00841462 0.0079388 0.00797998 0.00792219 0.00793676 0.00820686 
0.0141209 0.0216722 0.0144651 0.0132846 0.0111173 0.0129548 0.0126736 0.0144609 0.00473489 0.00641264 0.00369663 0.00425289 0.00396367 0.921948 0 0.00361631 0.00355345 0.00358281 0.00363035 0.00457382 0.0346598 0.0118721 0.011625 0.0114819 0.00959595 0.00893803 0.00954269 0.00999046 0.0100012 0.00829506 0.00865718 0.00954884 0.00853188 0.00831821 0.00859607 0.0105728 0.00837973 0.00854357 0.00876518 0.00945794 0.00809561 0.00806966 0.00802282 0.00798463 0.00798337 0.00805409 0.00836331 0.00802817 0.00810903 0.00817057 0.0081865 0.00827143 0.0111512 
0.0169783 0.0318514 0.0619834 0.0321313 0.0560627 0.0483049 0.0263169 0.0181994 0.0053475 0.0049881 0.0054726 0.0264229 0.88164 0.00764542 0.00361631 0 0.0035757 0.00358495 0.0036359 0.00375786 0.0515114 0.0394379 0.0381163 0.0242464 0.0258423 0.0169126 0.0136169 0.00918379 0.00862431 0.0118388 0.00873685 0.00873318 0.0089955 0.0101386 0.0104431 0.00866472 0.00920487 0.0117167 0.0110805 0.00884433 0.00834403 0.00832148 0.00856495 0.00825976 0.00845926 0.00831021 0.00821225 0.00827542 0.00843755 0.00991365 0.00914439 0.0100361 0.00880901 
0.0113743 0.0469451 0.0492143 0.146401 0.070358 0.0539638 0.0314277 0.0193972 0.0065367 0.0116536 0.0682751 0.800299 0.00843416 0.00370604 0.00355345 0.0035757 0 0.00359464 0.00357702 0.00361881 0.0332106 0.0602799 0.0557265 0.0638919 0.0441727 0.0353145 0.0140316 0.00950078 0.00999845 0.00987781 0.0100772 0.00854075 0.00901938 0.0124932 0.01053 0.00896522 0.00911369 0.0157522 0.010116 0.00893914 0.00838853 0.00854609 0.00862509 0.00864845 0.00877134 0.00833951 0.00825807 0.00824444 0.00912276 0.00982826 0.0114338 0.00977992 0.00886854 
0.0155785 0.0225835 0.146343 0.0915877 0.0767433 0.0527676 0.0235589 0.0170248 0.00862402 0.175198 0.665396 0.00997561 0.00539582 0.00383322 0.00358281 0.00358495 0.00359464 0 0.00354942 0.00357349 0.0384415 0.0492987 0.10347 0.0490633 0.0682828 0.027091 0.0140344 0.0102312 0.0091937 0.0124806 0.00919993 0.00888913 0.00942521 0.010599 0.011061 0.00893645 0.00978204 0.0124259 0.0128404 0.00889088 0.00856774 0.00841077 0.00901243 0.0084482 0.00868805 0.00838302 0.00826203 0.00848889 0.00865027 0.0108922 0.0103746 0.00987511 0.00911733 
0.011664 0.0372171 0.0249993 0.0388787 0.0232038 0.0184525 0.0336815 0.0149716 0.207021 0.599351 0.0089419 0.00545574 0.00487447 0.00429531 0.00363035 0.0036359 0.00357702 0.00354942 0 0.0036291 0.0278813 0.0382781 0.027275 0.053118 0.0297608 0.0170273 0.0222022 0.0101394 0.0090719 0.00988966 0.00994484 0.0083388 0.00933453 0.010367 0.0104023 0.00862542 0.00941402 0.0108884 0.0100186 0.00855026 0.00822372 0.00839536 0.0083496 0.00813882 0.00829513 0.00810782 0.00809101 0.00838772 0.00871322 0.00899866 0.00878249 0.00881685 0.00839943 
0.0286545 0.0124631 0.0125237 0.0118201 0.0117869 0.0104725 0.0117147 0.028153 0.689712 0.0100943 0.00616141 0.00594962 0.00589612 0.00587926 0.00457382 0.00375786 0.00361881 0.00357349 0.0036291 0 0.0193113 0.0115232 0.0206205 0.0196566 0.0174758 0.0145507 0.0124882 0.0366068 0.011753 0.00908381 0.00862825 0.00944179 0.0123071 0.00892249 0.00868184 0.00951094 0.0114846 0.00893012 0.00876076 0.00860975 0.0104699 0.00844138 0.00812787 0.00803644 0.00807641 0.00817669 0.00845074 0.0115416 0.00839961 0.00828414 0.00837302 0.00861931 0.00865772 
0.0141372 0.00942558 0.0130137 0.00960191 0.0103796 0.0107929 0.00877406 0.0165082 0.01396 0.00872777 0.0149112 0.00870597 0.00993218 0.0127142 0.0346598 0.0515114 0.0332106 0.0384415 0.0278813 0.0193113 0 0.0036374 0.00368424 0.00361725 0.00366604 0.00367703 0.00436323 0.00670687 0.00880068 0.00856602 0.00812517 0.0219768 0.0235061 0.0115519 0.0148126 0.028923 0.0703832 0.0131829 0.021923 0.0209715 0.0295771 0.00878508 0.00939784 0.00857142 0.00911184 0.00874207 0.0267075 0.0183525 0.00886395 0.0129804 0.0107995 0.012185 0.022223 
0.00869012 0.0165827 0.0112662 0.0164689 0.0116798 0.0117637 0.0177556 0.00869094 0.00892217 0.015907 0.00883001 0.0146687 0.0100039 0.00841414 0.0118721 0.0394379 0.0602799 0.0492987 0.0382781 0.0115232 0.0036374 0 0.00356443 0.00356409 0.00357861 0.00394972 0.00404864 0.00370201 0.0091779 0.00644665 0.0180843 0.0132383 0.018362 0.029824 0.0220809 0.0114344 0.0150563 0.159461 0.0144868 0.0119186 0.00915585 0.0162479 0.00893316 0.00911723 0.00910981 0.0128057 0.00858009 0.00897028 0.022516 0.0108154 0.0207511 0.0253864 0.00930935 
0.0114783 0.0106897 0.0381255 0.0174757 0.0241258 0.0207812 0.0118368 0.0120524 0.0111418 0.00893495 0.0318009 0.00933801 0.00985732 0.00886303 0.011625 0.0381163 0.0557265 0.10347 0.027275 0.0206205 0.00368424 0.00356443 0 0.00354879 0.00358441 0.00360021 0.00359605 0.00366449 0.00432387 0.0134321 0.0060705 0.00814748 0.0144507 0.0146988 0.015705 0.00926792 0.0738935 0.0178158 0.0648039 0.0100369 0.0175582 0.00890028 0.0149531 0.00978443 0.0155333 0.00871207 0.0118454 0.0115217 0.00978497 0.0498115 0.0285137 0.0165454 0.0120804 
0.00889312 0.0177139 0.0188401 0.0317302 0.0188254 0.0159064 0.0143289 0.0114204 0.00894303 0.0179926 0.00972124 0.0138874 0.00973344 0.00850711 0.0114819 0.0242464 0.0638919 0.0490633 0.053118 0.0196566 0.00361725 0.00356409 0.00354879 0 0.00356611 0.00357228 0.00358807 0.00357996 0.00785715 0.00439206 0.0156568 0.0193069 0.0113897 0.0221605 0.0101738 0.00954251 0.0147616 0.143582 0.0123623 0.01295 0.00919868 0.0166844 0.00997053 0.0132739 0.0102941 0.0130701 0.00872775 0.0089701 0.0256515 0.0182862 0.0333804 0.025415 0.0102188 
0.00913579 0.0106161 0.0265272 0.0198297 0.0186706 0.0156566 0.0108861 0.00971246 0.00952298 0.00913381 0.0163278 0.00996455 0.00947312 0.00853669 0.00959595 0.0258423 0.0441727 0.0682828 0.0297608 0.0174758 0.00366604 0.00357861 0.00358441 0.00356611 0 0.00354281 0.00358949 0.00356981 0.00374883 0.0108326 0.0138361 0.0180202 0.00931065 0.0108867 0.0141131 0.00812612 0.0317726 0.0162944 0.0552241 0.00993816 0.0116148 0.00890151 0.0141423 0.00966746 0.0123038 0.00905276 0.0094035 0.00987336 0.0104821 0.0361873 0.0280211 0.0185982 0.0112955 
0.00873421 0.0111325 0.022802 0.0149196 0.0124943 0.0139825 0.00964568 0.00909378 0.00873021 0.0103242 0.00969267 0.00989766 0.00892398 0.00816776 0.00893803 0.0169126 0.0353145 0.027091 0.0170273 0.0145507 0.00367703 0.00394972 0.00360021 0.00357228 0.00354281 0 0.00356138 0.0035479 0.00432675 0.00977516 0.0123738 0.00579137 0.00760534 0.0130465 0.0089818 0.00779033 0.0110433 0.0397741 0.0145898 0.0108278 0.00875122 0.0106107 0.00981606 0.0092008 0.0092974 0.00913463 0.00849354 0.00853151 0.0125751 0.0157586 0.0193127 0.0166429 0.00986643 
0.00873961 0.0105843 0.00996592 0.0101201 0.0100522 0.00944479 0.00913025 0.00877607 0.00899728 0.00916946 0.00893316 0.00862997 0.00917271 0.00835544 0.00954269 0.0136169 0.0140316 0.0140344 0.0222022 0.0124882 0.00436323 0.00404864 0.00359605 0.00358807 0.00358949 0.00356138 0 0.00357134 0.00604972 0.00704487 0.00407701 0.00404999 0.00848951 0.0130732 0.00922174 0.00742538 0.0147541 0.0192337 0.0267523 0.0106481 0.00985162 0.00943826 0.00885455 0.00857868 0.00891909 0.0101329 0.00880034 0.0107839 0.0103365 0.00992666 0.0110412 0.0165648 0.00970084 
0.0102203 0.00836817 0.00918712 0.00847639 0.00879419 0.00830793 0.00834231 0.0090555 0.0104901 0.00821699 0.00867538 0.00824598 0.00827754 0.00901224 0.00999046 0.00918379 0.00950078 0.0102312 0.0101394 0.0366068 0.00670687 0.00370201 0.00366449 0.00357996 0.00356981 0.0035479 0.00357134 0 0.0085704 0.00382196 0.00363525 0.00432197 0.0127682 0.00657148 0.00731737 0.00935247 0.0208158 0.0101493 0.0139821 0.0124815 0.01653 0.00847425 0.0084953 0.00836645 0.00855702 0.0083201 0.0119185 0.0138669 0.00845733 0.00966432 0.00968774 0.00941922 0.013858 
0.00814989 0.00918416 0.00832733 0.00938898 0.00826202 0.00840776 0.00823294 0.00848554 0.00841937 0.00913845 0.00806933 0.00886797 0.0083987 0.00860495 0.0100012 0.00862431 0.00999845 0.0091937 0.0090719 0.011753 0.00880068 0.0091779 0.00432387 0.00785715 0.00374883 0.00432675 0.00604972 0.0085704 0 0.00356318 0.00365887 0.00384424 0.00596939 0.00715909 0.00857805 0.909241 0.0145245 0.0149698 0.0113297 0.0190967 0.00994088 0.0110767 0.00853495 0.0086993 0.0084325 0.0125509 0.00946063 0.00870135 0.0111504 0.00848447 0.00974593 0.00972196 0.0117085 
0.00869542 0.00844601 0.0117261 0.00860913 0.00965385 0.00872186 0.0085218 0.00836131 0.00851449 0.00807392 0.0103841 0.00826957 0.00834018 0.00818429 0.00829506 0.0118388 0.00987781 0.0124806 0.00988966 0.00908381 0.00856602 0.00644665 0.0134321 0.00439206 0.0108326 0.00977516 0.00704487 0.00382196 0.00356318 0 0.00354854 0.00356273 0.0061418 0.00748152 0.951002 0.00677976 0.0168968 0.0139461 0.0198805 0.00942985 0.0146051 0.00867124 0.00943781 0.00849218 0.00925294 0.00845529 0.0102216 0.0100853 0.00847796 0.0157029 0.0102222 0.0106649 0.00916584 
0.00811749 0.00890572 0.00861231 0.00881671 0.00843678 0.00834619 0.00829743 0.00822141 0.00827574 0.00860785 0.00816006 0.0082866 0.00815344 0.00804021 0.00865718 0.00873685 0.0100772 0.00919993 0.00994484 0.00862825 0.00812517 0.0180843 0.0060705 0.0156568 0.0138361 0.0123738 0.00407701 0.00363525 0.00365887 0.00354854 0 0.00363772 0.00743955 0.948846 0.00686143 0.00554545 0.00945439 0.0228619 0.0117169 0.00959288 0.00872169 0.0105512 0.00863465 0.0084906 0.00856676 0.00953227 0.00835605 0.00866464 0.0110796 0.0085715 0.00954839 0.0100908 0.00847511 
0.00941126 0.00831449 0.0083401 0.00824104 0.00820809 0.00811742 0.00807131 0.00817779 0.0112407 0.00804851 0.00833413 0.00806622 0.00808842 0.00840936 0.00954884 0.00873318 0.00854075 0.00888913 0.0083388 0.00944179 0.0219768 0.0132383 0.00814748 0.0193069 0.0180202 0.00579137 0.00404999 0.00432197 0.00384424 0.00356273 0.00363772 0 0.977192 0.00653234 0.0102977 0.00508971 0.0161398 0.00892288 0.0105572 0.00928734 0.0177144 0.00893507 0.00849823 0.00823331 0.0083139 0.00818128 0.00991566 0.0148114 0.00832963 0.00852322 0.00858695 0.0086896 0.00909017 
0.0083584 0.00831921 0.0086692 0.00853752 0.00854732 0.00850094 0.00821601 0.00905568 0.00835724 0.00822546 0.00820976 0.00817162 0.00841168 0.00881797 0.00853188 0.0089955 0.00901938 0.00942521 0.00933453 0.0123071 0.0235061 0.018362 0.0144507 0.0113897 0.00931065 0.00760534 0.00848951 0.0127682 0.00596939 0.0061418 0.00743955 0.977192 0 0.00360487 0.00365089 0.00495179 0.0572317 0.0147325 0.013602 0.0325969 0.0150741 0.00949315 0.00889001 0.00858652 0.00862626 0.00890368 0.0158438 0.0103742 0.00920688 0.00948087 0.0100287 0.0103637 0.0197602 
0.0082349 0.00893012 0.00945067 0.00913226 0.00880283 0.00860067 0.00859431 0.00813373 0.00836826 0.00852052 0.00840568 0.00841335 0.00827011 0.00808447 0.00831821 0.0101386 0.0124932 0.010599 0.010367 0.00892249 0.0115519 0.029824 0.0146988 0.0221605 0.0108867 0.0130465 0.0130732 0.00657148 0.00715909 0.00748152 0.948846 0.00653234 0.00360487 0 0.00416078 0.00359637 0.0209608 0.0586944 0.0232767 0.0099077 0.00978108 0.0100063 0.0089699 0.00908935 0.00892395 0.0106692 0.00883093 0.00892365 0.0111051 0.0109455 0.0123544 0.0174066 0.00921022 
0.0081868 0.00873897 0.00937648 0.00917663 0.00880079 0.00874622 0.00846374 0.00849645 0.008296 0.00829159 0.00908665 0.00819363 0.00821132 0.00812869 0.00859607 0.0104431 0.01053 0.011061 0.0104023 0.00868184 0.0148126 0.0220809 0.015705 0.0101738 0.0141131 0.0089818 0.00922174 0.00731737 0.00857805 0.951002 0.00686143 0.0102977 0.00365089 0.00416078 0 0.00367168 0.0165766 0.0411026 0.043021 0.00925888 0.0105136 0.00979895 0.00908987 0.00860202 0.00908761 0.00904225 0.00898409 0.00986377 0.0107637 0.0112766 0.0127219 0.0147311 0.00941532 
0.00894778 0.00841867 0.00851255 0.00837586 0.00834403 0.0083948 0.00830785 0.00844566 0.0108648 0.00830015 0.00830051 0.00814802 0.00816168 0.0083095 0.0105728 0.00866472 0.00896522 0.00893645 0.00862542 0.00951094 0.028923 0.0114344 0.00926792 0.00954251 0.00812612 0.00779033 0.00742538 0.00935247 0.909241 0.00677976 0.00554545 0.00508971 0.00495179 0.00359637 0.00367168 0 0.0237516 0.0136468 0.0164757 0.0198721 0.0147472 0.00958023 0.00868599 0.00866725 0.0084931 0.00887579 0.0102436 0.0155669 0.00907585 0.00890367 0.0094533 0.00934262 0.0104634 
0.00856348 0.00831827 0.00916091 0.00871239 0.00874468 0.00865108 0.00838033 0.00893439 0.00886462 0.00819304 0.00853344 0.00825412 0.0082671 0.00843684 0.00837973 0.00920487 0.00911369 0.00978204 0.00941402 0.0114846 0.0703832 0.0150563 0.0738935 0.0147616 0.0317726 0.0110433 0.0147541 0.0208158 0.0145245 0.0168968 0.00945439 0.0161398 0.0572317 0.0209608 0.0165766 0.0237516 0 0.00372595 0.00359527 0.00368438 0.0378148 0.0121317 0.0114227 0.0100146 0.0130518 0.0124953 0.0307227 0.0182028 0.0103579 0.0146603 0.0136703 0.0145793 0.0285368 
0.00843231 0.00936737 0.0108526 0.0115631 0.00979285 0.00914004 0.00894293 0.00860708 0.00829375 0.00960479 0.00851713 0.00867657 0.00864395 0.00806069 0.00854357 0.0117167 0.0157522 0.0124259 0.0108884 0.00893012 0.0131829 0.159461 0.0178158 0.143582 0.0162944 0.0397741 0.0192337 0.0101493 0.0149698 0.0139461 0.0228619 0.00892288 0.0147325 0.0586944 0.0411026 0.0136468 0.00372595 0 0.00355962 0.00355948 0.0135778 0.0310828 0.0114302 0.0104953 0.0129512 0.0204983 0.00933192 0.00985965 0.0345151 0.014953 0.0250191 0.0532956 0.0117905 
0.00843099 0.00883843 0.0092972 0.00892205 0.00902303 0.0085933 0.00869438 0.00875357 0.00872733 0.00861804 0.00875339 0.00838785 0.00839652 0.00816446 0.00876518 0.0110805 0.010116 0.0128404 0.0100186 0.00876076 0.021923 0.0144868 0.0648039 0.0123623 0.0552241 0.0145898 0.0267523 0.0139821 0.0113297 0.0198805 0.0117169 0.0105572 0.013602 0.0232767 0.043021 0.0164757 0.00359527 0.00355962 0 0.00355866 0.0149642 0.0131392 0.0125358 0.00923032 0.0142072 0.0193108 0.0143117 0.0133372 0.0109852 0.0192149 0.0236272 0.0405825 0.0165955 
0.00889155 0.00850694 0.00845268 0.0083907 0.00829753 0.00812679 0.00820985 0.00837604 0.00970391 0.00833095 0.00818074 0.00814748 0.00819113 0.00805622 0.00945794 0.00884433 0.00893914 0.00889088 0.00855026 0.00860975 0.0209715 0.0119186 0.0100369 0.01295 0.00993816 0.0108278 0.0106481 0.0124815 0.0190967 0.00942985 0.00959288 0.00928734 0.0325969 0.0099077 0.00925888 0.0198721 0.00368438 0.00355948 0.00355866 0 0.0164292 0.00843159 0.00759976 0.0077182 0.00771536 0.0110234 0.0230507 0.0185259 0.0102988 0.0108782 0.0102316 0.0113229 0.0116567 
0.00933901 0.00811455 0.00867999 0.00831984 0.00835891 0.00826338 0.00807544 0.00842491 0.00935878 0.00791356 0.00905054 0.00798519 0.00827144 0.0086636 0.00809561 0.00834403 0.00838853 0.00856774 0.00822372 0.0104699 0.0295771 0.00915585 0.0175582 0.00919868 0.0116148 0.00875122 0.00985162 0.01653 0.00994088 0.0146051 0.00872169 0.0177144 0.0150741 0.00978108 0.0105136 0.0147472 0.0378148 0.0135778 0.0149642 0.0164292 0 0.00389042 0.00371199 0.00366743 0.00384524 0.00377031 0.0151998 0.0161536 0.00755547 0.0115918 0.0102342 0.0150369 0.515481 
0.00809538 0.0083553 0.00846776 0.00835465 0.00824933 0.00811201 0.00818383 0.00808865 0.00798863 0.00832221 0.0080607 0.00812866 0.00806732 0.00798786 0.00806966 0.00832148 0.00854609 0.00841077 0.00839536 0.00844138 0.00878508 0.0162479 0.00890028 0.0166844 0.00890151 0.0106107 0.00943826 0.00847425 0.0110767 0.00867124 0.0105512 0.00893507 0.00949315 0.0100063 0.00979895 0.00958023 0.0121317 0.0310828 0.0131392 0.00843159 0.00389042 0 0.00357315 0.00359993 0.00356293 0.00414249 0.00373799 0.00741917 0.0136644 0.00837292 0.0108103 0.442841 0.026006 
0.00813272 0.00829871 0.00872131 0.00851591 0.00838292 0.0082306 0.0081828 0.00802501 0.00803793 0.00815051 0.00818586 0.00810486 0.00803576 0.00794751 0.00802282 0.00856495 0.00862509 0.00901243 0.0083496 0.00812787 0.00939784 0.00893316 0.0149531 0.00997053 0.0141423 0.00981606 0.00885455 0.0084953 0.00853495 0.00943781 0.00863465 0.00849823 0.00889001 0.0089699 0.00908987 0.00868599 0.0114227 0.0114302 0.0125358 0.00759976 0.00371199 0.00357315 0 0.00367849 0.00363004 0.00378801 0.00363436 0.00813563 0.00771504 0.00992479 0.287295 0.0884044 0.00930042 
0.00803473 0.00818827 0.00854812 0.00832602 0.00817358 0.00805827 0.0081912 0.0079658 0.00796015 0.00813086 0.00801062 0.00817757 0.00797566 0.00790998 0.00798463 0.00825976 0.00864845 0.0084482 0.00813882 0.00803644 0.00857142 0.00911723 0.00978443 0.0132739 0.00966746 0.0092008 0.00857868 0.00836645 0.0086993 0.00849218 0.0084906 0.00823331 0.00858652 0.00908935 0.00860202 0.00866725 0.0100146 0.0104953 0.00923032 0.0077182 0.00366743 0.00359993 0.00367849 0 0.00384679 0.00357614 0.00359569 0.00666718 0.00848477 0.0637257 0.122592 0.0100423 0.00789338 
0.00802011 0.0082575 0.00859022 0.00841372 0.00824174 0.00813763 0.00811301 0.00799456 0.0079673 0.00812145 0.00836743 0.0080537 0.00795394 0.0078954 0.00798337 0.00845926 0.00877134 0.00868805 0.00829513 0.00807641 0.00911184 0.00910981 0.0155333 0.0102941 0.0123038 0.0092974 0.00891909 0.00855702 0.0084325 0.00925294 0.00856676 0.0083139 0.00862626 0.00892395 0.00908761 0.0084931 0.0130518 0.0129512 0.0142072 0.00771536 0.00384524 0.00356293 0.00363004 0.00384679 0 0.00353135 0.00354498 0.00757549 0.0148762 0.196754 0.0119817 0.00784146 0.00802546 
0.00813479 0.00828436 0.00836519 0.00835476 0.00822442 0.0081614 0.00819951 0.00798672 0.0080383 0.00824821 0.00801115 0.00807173 0.00794332 0.00790184 0.00805409 0.00831021 0.00833951 0.00838302 0.00810782 0.00817669 0.00874207 0.0128057 0.00871207 0.0130701 0.00905276 0.00913463 0.0101329 0.0083201 0.0125509 0.00845529 0.00953227 0.00818128 0.00890368 0.0106692 0.00904225 0.00887579 0.0124953 0.0204983 0.0193108 0.0110234 0.00377031 0.00414249 0.00378801 0.00357614 0.00353135 0 0.00360337 0.0111844 0.568881 0.00835219 0.00782299 0.0150695 0.00781502 
0.0090857 0.00807065 0.00829325 0.008192 0.00819192 0.00805717 0.00803801 0.00822592 0.00884479 0.00796227 0.00852992 0.0080364 0.00800349 0.00842149 0.00836331 0.00821225 0.00825807 0.00826203 0.00809101 0.00845074 0.0267075 0.00858009 0.0118454 0.00872775 0.0094035 0.00849354 0.00880034 0.0119185 0.00946063 0.0102216 0.00835605 0.00991566 0.0158438 0.00883093 0.00898409 0.0102436 0.0307227 0.00933192 0.0143117 0.0230507 0.0151998 0.00373799 0.00363436 0.00359569 0.00354498 0.00360337 0 0.595964 0.00682662 0.0071569 0.00813281 0.00806498 0.0213722 
0.00875672 0.00818766 0.00853473 0.00836822 0.00824418 0.0081581 0.00809484 0.00836018 0.00845957 0.0079591 0.00855353 0.00797205 0.00832397 0.00841462 0.00802817 0.00827542 0.00824444 0.00848889 0.00838772 0.0115416 0.0183525 0.00897028 0.0115217 0.0089701 0.00987336 0.00853151 0.0107839 0.0138669 0.00870135 0.0100853 0.00866464 0.0148114 0.0103742 0.00892365 0.00986377 0.0155669 0.0182028 0.00985965 0.0133372 0.0185259 0.0161536 0.00741917 0.00813563 0.00666718 0.00757549 0.0111844 0.595964 0 0.00359468 0.00359155 0.00359553 0.00369103 0.00586744 
0.00813719 0.00850012 0.00874651 0.00863867 0.00846873 0.00829773 0.00833137 0.00804623 0.00796763 0.00844702 0.00808189 0.00819868 0.00814851 0.0079388 0.00810903 0.00843755 0.00912276 0.00865027 0.00871322 0.00839961 0.00886395 0.022516 0.00978497 0.0256515 0.0104821 0.0125751 0.0103365 0.00845733 0.0111504 0.00847796 0.0110796 0.00832963 0.00920688 0.0111051 0.0107637 0.00907585 0.0103579 0.0345151 0.0109852 0.0102988 0.00755547 0.0136644 0.00771504 0.00848477 0.0148762 0.568881 0.00682662 0.00359468 0 0.00354988 0.00357978 0.00366283 0.00375787 
0.00831157 0.00848644 0.00986143 0.00906768 0.0087896 0.0087503 0.00857509 0.00829318 0.00813898 0.00835655 0.00853967 0.00841152 0.00822438 0.00797998 0.00817057 0.00991365 0.00982826 0.0108922 0.00899866 0.00828414 0.0129804 0.0108154 0.0498115 0.0182862 0.0361873 0.0157586 0.00992666 0.00966432 0.00848447 0.0157029 0.0085715 0.00852322 0.00948087 0.0109455 0.0112766 0.00890367 0.0146603 0.014953 0.0192149 0.0108782 0.0115918 0.00837292 0.00992479 0.0637257 0.196754 0.00835219 0.0071569 0.00359155 0.00354988 0 0.00355011 0.0035604 0.00362896 
0.0082789 0.00853109 0.00927257 0.00904867 0.00883053 0.00850486 0.00853204 0.00826241 0.00809305 0.00844438 0.00851636 0.00836666 0.00823577 0.00792219 0.0081865 0.00914439 0.0114338 0.0103746 0.00878249 0.00837302 0.0107995 0.0207511 0.0285137 0.0333804 0.0280211 0.0193127 0.0110412 0.00968774 0.00974593 0.0102222 0.00954839 0.00858695 0.0100287 0.0123544 0.0127219 0.0094533 0.0136703 0.0250191 0.0236272 0.0102316 0.0102342 0.0108103 0.287295 0.122592 0.0119817 0.00782299 0.00813281 0.00359553 0.00357978 0.00355011 0 0.00354638 0.00358518 
0.00840287 0.00882509 0.00950505 0.00928396 0.00886025 0.00856669 0.00866893 0.00822941 0.00811716 0.00878323 0.00870024 0.00834099 0.00832932 0.00793676 0.00827143 0.0100361 0.00977992 0.00987511 0.00881685 0.00861931 0.012185 0.0253864 0.0165454 0.025415 0.0185982 0.0166429 0.0165648 0.00941922 0.00972196 0.0106649 0.0100908 0.0086896 0.0103637 0.0174066 0.0147311 0.00934262 0.0145793 0.0532956 0.0405825 0.0113229 0.0150369 0.442841 0.0884044 0.0100423 0.00784146 0.0150695 0.00806498 0.00369103 0.00366283 0.0035604 0.00354638 0 0.00362038 
0.00946618 0.00849721 0.00896456 0.00859811 0.00868805 0.008427 0.0082138 0.00881937 0.00892764 0.00817275 0.00834767 0.00819317 0.00802204 0.00820686 0.0111512 0.00880901 0.00886854 0.00911733 0.00839943 0.00865772 0.022223 0.00930935 0.0120804 0.0102188 0.0112955 0.00986643 0.00970084 0.013858 0.0117085 0.00916584 0.00847511 0.00909017 0.0197602 0.00921022 0.00941532 0.0104634 0.0285368 0.0117905 0.0165955 0.0116567 0.515481 0.026006 0.00930042 0.00789338 0.00802546 0.00781502 0.0213722 0.00586744 0.00375787 0.00362896 0.00358518 0.00362038 0 
