1G43A
AGTGVVSVQFNNGSSPASSNSIYARFKVTNTSGSPINLADLKLRYYYTQDADKPLTFWCDHAGYMSGSNYIDATSKVTGSFKAVSPAVTNADHYLEVALNSDAGSLPAGGSIEIQTRFARNDWSNFDQSNDWSYTAAGSYMDWQKISAFVGGTLAYGSTP
CCCCCEEEEEECCCCCCEECCEEEEEEEEECCCCCEEHHHEEEEEEECCCCCCCEEEEEEEEEEEECCEEEECHHHEEEEEEEEEEEECCEEEEEEEEECCCCCEECCCCEEEEEEEEEECCCCCEEHHHCCCCCCCCCCECCCCCEEEECCEEEEECCC
0 0 0 0 0 0 0 0 0 0 0 0 0 0 0 0 0 0 0 0 0 0 0 0 0 0 0 0 0 0 0 0 0 0 0 0 0 0 0 0 0 0 0 0 0 0 0 0 0 0 0 0 0 0 0 0 0 0 0 0 0 0 0 0 0 0 0 0 0 0 0 0 0 0 0 0 0 0 0 0 0 0 0 0 0 0 0 0 0 0 0 0 0 0 0 0 0 0 0 0 0 0 0 0 0 0 0 0 0 0 0 0 0 0 0 0 0 0 0 0 0 0 0 0 0 0 0 0 0 0 0 0 0 0 0 0 0 0 0 0 0 0 0 0 0 0 0 0 0 0 0 0 0 0 0 0 0 0 0 0 
0 0 0 0 0 0 0 0 0 0 0 0 0 0 0 0 0 0 0 0 0 0 0 0 0 0 0 0 0 0 0 0 0 0 0 0 0 0 0 0 0 0 0 0 0 0 0 0 0 0 0 0 0 0 0 0 0 0 0 0 0 0 0 0 0 0 0 0 0 0 0 0 0 0 0 0 0 0 0 0 0 0 0 0 0 0 0 0 0 0 0 0 0 0 0 0 0 0 0 0 0 0 0 0 0 0 0 0 0 0 0 0 0 0 0 0 0 0 0 0 0 0 0 0 0 0 0 0 0 0 0 0 0 0 0 0 0 0 0 0 0 0 0 0 0 0 0 0 0 0 0 0 0 0 0 0 0 0 0 0 
0 0.0036925 0.00381358 0.00359134 0.00462925 0.00989347 0.00877909 0.0222051 0.0151908 0.00802386 0.0324192 0.00907786 0.0267543 0.00923429 0.0308215 0.0100814 0.290983 0.0248394 0.0122372 0.0393677 0.00872107 0.0189545 0.00870683 0.0130082 0.0111781 0.057094 0.0247243 0.00842367 0.013562 0.00842966 0.0124193 0.00833353 0.00877758 0.0108135 0.00887774 0.0123194 0.00978161 0.0174416 0.0147886 0.0103442 0.010008 0.012277 0.0181016 0.00814156 0.0103426 0.0081731 0.00928783 0.00872388 0.00839311 0.0110378 0.00811179 0.00866468 0.00852082 0.0115127 0.0108546 0.0080236 0.00926338 0.0085017 0.0101309 0.00848399 0.0112825 0.00890131 0.0182103 0.00838171 0.0115345 0.00819481 0.0108199 0.00806969 0.010035 0.00812341 0.00910561 0.00833115 0.00915721 0.0088765 0.0106519 0.00898522 0.00806687 0.00873371 0.00832093 0.00860064 0.00843028 0.0096336 0.00811881 0.00842624 0.00817644 0.00846766 0.00924714 
0.0036925 0 0.00360016 0.00376626 0.00391962 0.00380053 0.0134248 0.00656479 0.00767414 0.0360224 0.00819761 0.044187 0.00841375 0.0670094 0.00816051 0.411812 0.00887702 0.00916612 0.0165162 0.00862669 0.0548628 0.00863686 0.0385396 0.00967027 0.0346165 0.00956252 0.00884072 0.0421422 0.00851824 0.0372758 0.00836688 0.0131991 0.0108125 0.00889413 0.0272295 0.00888636 0.0191717 0.00892114 0.0109677 0.00960387 0.00900251 0.00975939 0.00836137 0.0118928 0.00825341 0.0106784 0.00838085 0.00900197 0.0131233 0.00824643 0.0104351 0.00814025 0.00907035 0.00825319 0.00807552 0.0106755 0.00848765 0.013511 0.00904486 0.0231393 0.00861 0.019921 0.0083822 0.00923973 0.00798168 0.0103381 0.00803131 0.0154879 0.00824405 0.0131234 0.00840079 0.0121554 0.00846227 0.010364 0.00820286 0.00796633 0.0087388 0.00799611 0.00932106 0.00828538 0.00901877 0.00811244 0.0091533 0.00838707 0.00848846 0.00885151 0.00810509 
0.00381358 0.00360016 0 0.00355398 0.0035675 0.00359185 0.00549304 0.00740654 0.0159029 0.0077013 0.0623096 0.00804266 0.0505384 0.00801266 0.477304 0.00844628 0.0130517 0.013676 0.00818863 0.0320083 0.00845047 0.085738 0.00897712 0.0650266 0.00986015 0.0112245 0.0163679 0.00855258 0.0724527 0.00860436 0.0390351 0.00891954 0.00977627 0.0272217 0.00953726 0.051025 0.00866857 0.00921605 0.00921051 0.00960156 0.00986171 0.00847876 0.0182445 0.00833084 0.0169253 0.00831247 0.010996 0.00987272 0.00854818 0.0223695 0.00832711 0.0104091 0.00834954 0.00860025 0.0101765 0.00817531 0.0200834 0.00973332 0.040039 0.010249 0.0515276 0.00889902 0.00997499 0.00802582 0.00903563 0.00793014 0.0179252 0.00823138 0.0263659 0.00886116 0.0198289 0.0096124 0.0165722 0.00847077 0.00842346 0.00871203 0.00794337 0.00791952 0.0081799 0.0102162 0.00873742 0.00851892 0.00801171 0.00887258 0.00902605 0.0087795 0.00841804 
0.00359134 0.00376626 0.00355398 0 0.00354184 0.00356142 0.00647876 0.00643029 0.00771569 0.0317661 0.00712904 0.0232097 0.00806729 0.414058 0.00789541 0.0207146 0.00836165 0.00837064 0.0113943 0.00829131 0.0298108 0.00866794 0.0720807 0.0104961 0.0154974 0.00944225 0.00850404 0.0319981 0.00859072 0.0592495 0.00863874 0.012806 0.0134204 0.00924786 0.0544311 0.0092843 0.0109174 0.00830152 0.00926777 0.00946612 0.0086955 0.00910383 0.00831346 0.0117262 0.00836857 0.0122125 0.00865482 0.00916306 0.0172287 0.0083926 0.0130508 0.00845343 0.00868348 0.00806378 0.00802762 0.010429 0.0092423 0.0195179 0.00912331 0.059606 0.00933458 0.0144128 0.00836073 0.00867545 0.00788024 0.0101647 0.00802849 0.0216171 0.00867941 0.0177544 0.00891859 0.0192601 0.00895586 0.00950789 0.00814985 0.00801879 0.00825355 0.00806932 0.00921991 0.0084785 0.00957172 0.00807835 0.00900456 0.0084285 0.00968546 0.00853758 0.00807692 
0.00462925 0.00391962 0.0035675 0.00354184 0 0.003574 0.00579809 0.0391129 0.0256621 0.00752912 0.0130979 0.00803422 0.295269 0.00770884 0.014416 0.00854952 0.0116565 0.0145506 0.00908466 0.019753 0.00892529 0.0361029 0.00915803 0.0183865 0.014248 0.0131419 0.0139021 0.00863916 0.0157189 0.00883905 0.0127735 0.00931247 0.00888366 0.0214479 0.0095224 0.013077 0.00897088 0.00865779 0.00901465 0.0090179 0.0094647 0.00876943 0.0144668 0.00842181 0.00944617 0.00829358 0.00849961 0.00907241 0.00850222 0.009857 0.00843345 0.00845808 0.0085112 0.00822294 0.00873599 0.00851662 0.0109209 0.00943856 0.0259035 0.00956084 0.0152514 0.00894107 0.00940513 0.00803858 0.00831255 0.00828197 0.0118026 0.00837844 0.0120251 0.00862809 0.012506 0.0103782 0.0107364 0.00857795 0.00824716 0.00819242 0.00816333 0.00793004 0.00824267 0.00944068 0.00850152 0.00816586 0.00821332 0.00866378 0.00872605 0.00867651 0.00814253 
0.00989347 0.00380053 0.00359185 0.00356142 0.003574 0 0.0869928 0.0106947 0.0147156 0.0132929 0.0113956 0.232142 0.0073061 0.00840379 0.00719378 0.00964854 0.0109214 0.0131756 0.0115533 0.0155112 0.0149922 0.00890363 0.0104097 0.00935138 0.0116419 0.0145412 0.0147264 0.0105357 0.00869907 0.00955159 0.00865025 0.00846285 0.00905747 0.00880361 0.00939683 0.00917522 0.00870971 0.00889075 0.014527 0.00962444 0.00832487 0.0102476 0.0122432 0.00914255 0.00824089 0.00820283 0.00825395 0.00823319 0.00852243 0.00826311 0.00821682 0.00806439 0.00816721 0.00835977 0.00962085 0.00855261 0.00834125 0.0109707 0.00867392 0.00959767 0.00861404 0.0090926 0.00908527 0.00962985 0.00819301 0.0119125 0.00825034 0.00853692 0.0080717 0.00904542 0.00824438 0.00856431 0.00820256 0.00838796 0.00824549 0.00868953 0.00831081 0.00852584 0.00980712 0.00816676 0.00823811 0.00846289 0.00958511 0.00828663 0.00816743 0.00844756 0.00805198 
0.00877909 0.0134248 0.00549304 0.00647876 0.00579809 0.0869928 0 0.00637173 0.00484135 0.043728 0.0178179 0.00563534 0.00471982 0.00594233 0.00559468 0.00788965 0.00674322 0.00817558 0.0367793 0.00854332 0.0117117 0.00820037 0.00905716 0.00840738 0.0100199 0.0120339 0.00923238 0.010483 0.00829918 0.00906697 0.00817523 0.00827992 0.00837544 0.00838122 0.00877727 0.00842264 0.00893774 0.0106018 0.00962013 0.00905879 0.00856152 0.0128817 0.0086926 0.00864718 0.00816755 0.0082675 0.00816455 0.00816264 0.00840862 0.00809386 0.00817552 0.00797807 0.00817471 0.00875652 0.00826147 0.00819597 0.00805951 0.00820564 0.00812044 0.00863272 0.00818959 0.00895193 0.00994463 0.00866469 0.0085178 0.009674 0.00797147 0.00884349 0.00800629 0.00814156 0.00804114 0.00826152 0.00807631 0.00834811 0.00876172 0.00808194 0.00929051 0.00841821 0.0084611 0.00796938 0.00817421 0.00823435 0.00855351 0.0079518 0.00793385 0.00812034 0.00817823 
0.0222051 0.00656479 0.00740654 0.00643029 0.0391129 0.0106947 0.00637173 0 0.114682 0.00510332 0.00392033 0.00372986 0.00472231 0.0042424 0.00708421 0.00562648 0.00688131 0.027145 0.00650534 0.0189382 0.00859292 0.0097717 0.00866427 0.00866073 0.0106936 0.00992332 0.0162755 0.00836688 0.00919495 0.00824732 0.00832632 0.00820765 0.00818303 0.00866477 0.00856757 0.00888657 0.00840142 0.00961423 0.011548 0.00872313 0.00842338 0.00913687 0.018564 0.00825177 0.00830472 0.00803033 0.00818786 0.00816007 0.0080462 0.00857056 0.00801606 0.00804567 0.00825931 0.00848899 0.0104607 0.00809644 0.00816776 0.00825476 0.00849958 0.0082325 0.00845781 0.00829862 0.00970326 0.00864887 0.00878515 0.00845758 0.00945333 0.00792545 0.00824878 0.00805094 0.00821923 0.00805632 0.00818772 0.00809871 0.00834259 0.0105097 0.00797491 0.00846198 0.00831092 0.00822646 0.0080855 0.00821333 0.00830385 0.00812002 0.00798581 0.00805881 0.00805255 
0.0151908 0.00767414 0.0159029 0.00771569 0.0256621 0.0147156 0.00484135 0.114682 0 0.00357201 0.00359492 0.00356525 0.00365527 0.0036674 0.00498289 0.00413388 0.00984719 0.00869945 0.00726155 0.0128886 0.00793328 0.0133134 0.00822741 0.0120207 0.00998272 0.0470658 0.0160303 0.00851277 0.0112689 0.00842313 0.0104275 0.00838718 0.00874286 0.0100923 0.00970847 0.0113724 0.00950593 0.018449 0.0108553 0.00919297 0.00918629 0.0161409 0.0142092 0.00836304 0.00935715 0.00829986 0.00883983 0.00879217 0.00859461 0.00967421 0.00851703 0.00857645 0.00847691 0.0120066 0.00900969 0.00813709 0.00939987 0.00870798 0.0110916 0.00882422 0.0121991 0.00888469 0.027279 0.00847734 0.0102784 0.00812697 0.00988658 0.00808876 0.0101753 0.00823431 0.0101084 0.00834875 0.0113436 0.00873663 0.0129273 0.00830888 0.0083721 0.00874986 0.00829003 0.00841157 0.00841673 0.00936106 0.00814837 0.00818195 0.0081377 0.00853102 0.00935188 
0.00802386 0.0360224 0.0077013 0.0317661 0.00752912 0.0132929 0.043728 0.00510332 0.00357201 0 0.00353776 0.00355233 0.00355827 0.00363898 0.00372464 0.00771273 0.00379203 0.00582635 0.00716212 0.00646557 0.020531 0.00802028 0.0231642 0.00859131 0.0336682 0.00970046 0.00880325 0.0209521 0.00837605 0.0202264 0.00833661 0.0105265 0.01022 0.0105401 0.0251774 0.00906438 0.0185848 0.00869395 0.00928358 0.0093678 0.00929388 0.00938434 0.00846706 0.010458 0.00843371 0.0109213 0.00880782 0.00894697 0.0132695 0.00907674 0.0100368 0.0082195 0.0102675 0.00837078 0.00825859 0.0102557 0.009277 0.0154181 0.00956179 0.0313667 0.00891127 0.0277183 0.00857797 0.00876529 0.00815823 0.00931176 0.00819481 0.0167607 0.00853234 0.0145894 0.00874326 0.0192806 0.00875299 0.0126018 0.00821778 0.00804542 0.00842372 0.00786609 0.00879188 0.00848827 0.00937969 0.00812048 0.00838891 0.00838511 0.00880348 0.0088713 0.00816076 
0.0324192 0.00819761 0.0623096 0.00712904 0.0130979 0.0113956 0.0178179 0.00392033 0.00359492 0.00353776 0 0.00353428 0.00358256 0.00354563 0.0153029 0.00374605 0.00366236 0.00648494 0.00521295 0.0147261 0.00737821 0.0337179 0.00837852 0.0366587 0.00949792 0.0142972 0.0132782 0.00843446 0.0356025 0.00849556 0.0199456 0.00872753 0.0153797 0.0224308 0.0097143 0.0399729 0.00882283 0.00900689 0.00895329 0.00942885 0.00932636 0.00874381 0.0153999 0.00851461 0.0159773 0.00854145 0.0120938 0.0110978 0.00958249 0.0200332 0.00854002 0.0118065 0.00835394 0.0084669 0.0097903 0.00847234 0.0223393 0.0109413 0.0536867 0.0107525 0.101856 0.0088284 0.0117628 0.0081489 0.00835613 0.00800877 0.0168462 0.00857673 0.031109 0.00909548 0.0501723 0.00954137 0.0289026 0.00870928 0.0087803 0.00819727 0.00808754 0.00791269 0.00827975 0.010988 0.00881562 0.00830699 0.00808312 0.00864369 0.00988846 0.00925991 0.00832933 
0.00907786 0.044187 0.00804266 0.0232097 0.00803422 0.232142 0.00563534 0.00372986 0.00356525 0.00355233 0.00353428 0 0.00354651 0.00385925 0.00354674 0.00365218 0.0036053 0.00523685 0.00571806 0.00614688 0.0124017 0.00802659 0.0355993 0.00907881 0.0342509 0.0132002 0.00858506 0.0178116 0.00845631 0.0274656 0.00852666 0.0347344 0.0138908 0.00918254 0.0505773 0.00957375 0.0146069 0.00852081 0.00966913 0.00962895 0.00894509 0.0103896 0.00880067 0.0129383 0.00860091 0.0154131 0.00902652 0.0113677 0.0205117 0.00868223 0.0167812 0.00844757 0.00995184 0.00828596 0.008258 0.0119908 0.00977566 0.031229 0.0100803 0.1154 0.00974008 0.027353 0.00854796 0.0085231 0.00799644 0.00974164 0.00821966 0.0342667 0.00902553 0.0368519 0.00963915 0.0358405 0.00981484 0.0114473 0.00827483 0.00803206 0.00835689 0.00788856 0.00904242 0.00861596 0.00962359 0.00817692 0.00826215 0.00863054 0.0103905 0.00878824 0.00812119 
0.0267543 0.00841375 0.0505384 0.00806729 0.295269 0.0073061 0.00471982 0.00472231 0.00365527 0.00355827 0.00358256 0.00354651 0 0.00354899 0.00372195 0.0035993 0.00363579 0.00749638 0.00493243 0.0174517 0.0072994 0.0564887 0.00844252 0.0244821 0.013966 0.0143156 0.0146667 0.00833986 0.0377149 0.008559 0.0563851 0.00897809 0.00968842 0.0364744 0.00966732 0.0371011 0.00886423 0.00987893 0.00962668 0.00965216 0.0102627 0.00879908 0.0181943 0.00843177 0.0206246 0.00853554 0.0141882 0.012043 0.00903375 0.0362793 0.00847443 0.0122918 0.00855808 0.0088085 0.0107272 0.0085646 0.0300222 0.0101 0.115357 0.0105903 0.0679392 0.00926275 0.0134076 0.00813741 0.0092143 0.00807429 0.0240024 0.00853897 0.0553347 0.00935632 0.0542098 0.00985503 0.0297486 0.00918328 0.00885597 0.00868022 0.0081161 0.00807092 0.00826483 0.0124391 0.00897792 0.00864446 0.00810193 0.00909331 0.00941368 0.00909604 0.00840902 
0.00923429 0.0670094 0.00801266 0.414058 0.00770884 0.00840379 0.00594233 0.0042424 0.0036674 0.00363898 0.00354563 0.00385925 0.00354899 0 0.0035371 0.003733 0.00355566 0.00432301 0.00843553 0.00604017 0.0616736 0.00754372 0.0441598 0.00999171 0.0183534 0.00892351 0.0085527 0.0311788 0.00824477 0.0838862 0.00832699 0.0124888 0.0163042 0.00895172 0.0478959 0.00935785 0.0145059 0.00884922 0.0108354 0.0103472 0.00950737 0.0110239 0.00876043 0.0163667 0.00867403 0.0195116 0.00965189 0.010756 0.0321814 0.00867412 0.0187384 0.00880222 0.00923528 0.00846329 0.00830272 0.0158483 0.0091652 0.0833858 0.00963166 0.0911099 0.00966987 0.0270071 0.00841441 0.00936498 0.00802702 0.0136321 0.00807036 0.0795982 0.00865991 0.0399552 0.00981781 0.0291951 0.00986944 0.0119107 0.0082373 0.0080616 0.00877783 0.00813165 0.0103037 0.00868291 0.0100696 0.00812153 0.00969842 0.00848937 0.0102017 0.00905646 0.0081817 
0.0308215 0.00816051 0.477304 0.00789541 0.014416 0.00719378 0.00559468 0.00708421 0.00498289 0.00372464 0.0153029 0.00354674 0.00372195 0.0035371 0 0.00353148 0.00356452 0.00896479 0.00445596 0.0308988 0.00640973 0.0630761 0.0079924 0.029023 0.0125098 0.00972574 0.0190335 0.008182 0.0859723 0.00825011 0.0233989 0.00930184 0.0094318 0.0218438 0.00903564 0.0467302 0.00873608 0.0101287 0.01056 0.0108488 0.010584 0.0088672 0.023997 0.00844933 0.0276213 0.0086147 0.0125372 0.0165551 0.00873554 0.0297996 0.00851691 0.0100402 0.00855601 0.00918761 0.012058 0.00833092 0.0759315 0.00941447 0.0500152 0.0096417 0.0531253 0.00893688 0.0106881 0.0080651 0.00947774 0.00800934 0.0458725 0.00835759 0.0425701 0.00906405 0.0317159 0.00937047 0.0223626 0.0086549 0.00868767 0.00885192 0.00802513 0.00800984 0.00820619 0.0111601 0.00885139 0.00874121 0.0079834 0.00937988 0.00902835 0.00897607 0.00841797 
0.0100814 0.411812 0.00844628 0.0207146 0.00854952 0.00964854 0.00788965 0.00562648 0.00413388 0.00771273 0.00374605 0.00365218 0.0035993 0.003733 0.00353148 0 0.00375687 0.00487465 0.0420029 0.00545459 0.0271708 0.00708384 0.0210579 0.0080975 0.0117836 0.0082101 0.00870597 0.0864904 0.00818658 0.0177875 0.0082145 0.0101161 0.00989315 0.00865811 0.0212949 0.00869822 0.013038 0.00886056 0.0121987 0.0108978 0.00985926 0.0110404 0.00873523 0.0202575 0.00863141 0.0109478 0.0098561 0.00919277 0.0162569 0.0085048 0.010855 0.00862308 0.00927227 0.00845535 0.00845812 0.0366446 0.00851569 0.0181829 0.00895175 0.026328 0.00875788 0.0189935 0.00831484 0.00986637 0.00806899 0.0182634 0.00827453 0.0227226 0.00831686 0.0165328 0.00862041 0.0130044 0.0086167 0.0105659 0.00818681 0.00815055 0.00907437 0.00811317 0.0102203 0.00854124 0.00956356 0.00814586 0.0104266 0.00857985 0.00881379 0.00851006 0.00812376 
0.290983 0.00887702 0.0130517 0.00836165 0.0116565 0.0109214 0.00674322 0.00688131 0.00984719 0.00379203 0.00366236 0.0036053 0.00363579 0.00355566 0.00356452 0.00375687 0 0.0179692 0.00434534 0.0176378 0.00657274 0.0100833 0.0068501 0.00897698 0.00826713 0.0115866 0.0539534 0.00853932 0.011552 0.00843379 0.00962019 0.00844869 0.00840891 0.0104047 0.00929282 0.0105804 0.00846186 0.0108093 0.0149992 0.00932688 0.00863297 0.0105569 0.0433595 0.00851386 0.00906033 0.00837313 0.0085248 0.00877966 0.00843064 0.0100337 0.00830284 0.00841762 0.0084565 0.00911902 0.0509531 0.00832457 0.00942175 0.00898851 0.0115259 0.0088267 0.010289 0.00867293 0.0140785 0.00891829 0.00984023 0.00966716 0.0136918 0.00811335 0.00935493 0.00836951 0.00954198 0.00846859 0.00922082 0.00832793 0.00871986 0.0096908 0.00807117 0.00858394 0.00902903 0.00919469 0.00821418 0.00877287 0.00892674 0.00839907 0.0081786 0.00831139 0.00835032 
0.0248394 0.00916612 0.013676 0.00837064 0.0145506 0.0131756 0.00817558 0.027145 0.00869945 0.00582635 0.00648494 0.00523685 0.00749638 0.00432301 0.00896479 0.00487465 0.0179692 0 0.00411931 0.00430364 0.00408641 0.00481812 0.00399316 0.00479541 0.00583302 0.00856498 0.0152435 0.00801519 0.00980225 0.0076947 0.00886181 0.00782878 0.00836255 0.0101209 0.00873298 0.0101373 0.00917067 0.0157693 0.0132216 0.0110422 0.0097023 0.0164288 0.0238149 0.00891934 0.00998442 0.00851142 0.00927614 0.00906834 0.00880816 0.0107157 0.00841311 0.00868984 0.00886209 0.0131014 0.0117204 0.00835 0.00910045 0.00878289 0.00997295 0.00864122 0.0104462 0.00886344 0.0191459 0.00890539 0.0171426 0.0084444 0.0123027 0.00809947 0.00965734 0.00829999 0.0093876 0.00834054 0.00903932 0.00846416 0.0114159 0.0102328 0.0087777 0.00940203 0.00910481 0.00925084 0.00825866 0.0105248 0.00850427 0.00855368 0.00817845 0.0082329 0.0102449 
0.0122372 0.0165162 0.00818863 0.0113943 0.00908466 0.0115533 0.0367793 0.00650534 0.00726155 0.00716212 0.00521295 0.00571806 0.00493243 0.00843553 0.00445596 0.0420029 0.00434534 0.00411931 0 0.00449138 0.00408118 0.00358718 0.00370433 0.00375655 0.00557789 0.00496499 0.00728284 0.00952374 0.00677869 0.00861707 0.00707116 0.0076383 0.00799301 0.00804275 0.0142493 0.00854172 0.00941572 0.00886488 0.0145119 0.0090252 0.0086063 0.0140802 0.0117019 0.0112238 0.00836465 0.00876651 0.00835309 0.00856273 0.00921245 0.00839374 0.00881878 0.00835072 0.00910128 0.00876918 0.0104516 0.00971045 0.00865514 0.00930866 0.00867707 0.0106339 0.00853018 0.0137949 0.00882087 0.0212213 0.00823671 0.0191897 0.00816162 0.0107391 0.0082676 0.00928107 0.00840809 0.00943772 0.00860878 0.00918116 0.00836549 0.00993396 0.0115729 0.00919781 0.0118949 0.00836023 0.00998241 0.0080426 0.0109139 0.00818637 0.00817061 0.00868173 0.00806896 
0.0393677 0.00862669 0.0320083 0.00829131 0.019753 0.0155112 0.00854332 0.0189382 0.0128886 0.00646557 0.0147261 0.00614688 0.0174517 0.00604017 0.0308988 0.00545459 0.0176378 0.00430364 0.00449138 0 0.00363715 0.0036322 0.00357696 0.00366527 0.0036376 0.00458139 0.0131149 0.00574487 0.0159615 0.00641444 0.0193914 0.00708246 0.0100077 0.0147353 0.00820132 0.0162304 0.00863423 0.0242025 0.0115166 0.0113775 0.0109932 0.0182364 0.02597 0.00839232 0.0157981 0.00858722 0.0125007 0.0113647 0.00953407 0.0196769 0.00862298 0.0114316 0.0100402 0.0234303 0.0202966 0.0084021 0.0148391 0.0101782 0.0186896 0.00925482 0.0324886 0.00914798 0.0768242 0.00855478 0.0236678 0.00807093 0.0227298 0.00840066 0.0215996 0.00881878 0.0170321 0.00948688 0.0150114 0.00951242 0.0223977 0.0110951 0.00859394 0.0109483 0.00868344 0.0142426 0.00876527 0.0155176 0.0085324 0.0103894 0.00896539 0.00912496 0.0132831 
0.00872107 0.0548628 0.00845047 0.0298108 0.00892529 0.0149922 0.0117117 0.00859292 0.00793328 0.020531 0.00737821 0.0124017 0.0072994 0.0616736 0.00640973 0.0271708 0.00657274 0.00408641 0.00408118 0.00363715 0 0.0035589 0.003564 0.00358679 0.0036748 0.0038322 0.00589205 0.0128018 0.00615296 0.0247108 0.00729985 0.0159584 0.0126938 0.00797885 0.0153156 0.00814747 0.0175212 0.00921075 0.0098633 0.00961877 0.00948695 0.0126819 0.00835185 0.0150683 0.00835469 0.0119571 0.00865312 0.00982299 0.0148037 0.00845938 0.0138567 0.00846364 0.012949 0.00934226 0.00857383 0.0143864 0.00905516 0.0185788 0.00897374 0.0475803 0.00885593 0.0502582 0.00935397 0.0110015 0.0081656 0.0116566 0.008167 0.0348853 0.00840629 0.0263688 0.00878117 0.0200484 0.00879424 0.0254908 0.00881149 0.00815015 0.00947467 0.00799272 0.0101681 0.00845189 0.012114 0.00838878 0.00945746 0.00830193 0.00927326 0.0100045 0.00839772 
0.0189545 0.00863686 0.085738 0.00866794 0.0361029 0.00890363 0.00820037 0.0097717 0.0133134 0.00802028 0.0337179 0.00802659 0.0564887 0.00754372 0.0630761 0.00708384 0.0100833 0.00481812 0.00358718 0.0036322 0.0035589 0 0.00359044 0.00356708 0.00357365 0.00365924 0.0130863 0.00654852 0.0468003 0.00997589 0.044478 0.0128869 0.00827522 0.0219563 0.00862055 0.0385058 0.00849795 0.00887994 0.00894805 0.0101545 0.010619 0.00875277 0.0212573 0.00832737 0.019696 0.00844376 0.0141055 0.0113963 0.00924155 0.0322039 0.00854759 0.0163619 0.00888676 0.00926809 0.0126697 0.00855483 0.0385286 0.0114842 0.100919 0.0104655 0.214881 0.00962895 0.0135536 0.0082427 0.00948043 0.00826177 0.0339366 0.00855993 0.0661515 0.00967267 0.0554794 0.0107218 0.0587393 0.00964947 0.00880371 0.00896823 0.00811649 0.00801163 0.0083439 0.0165877 0.00907494 0.008745 0.00809137 0.00966666 0.0125026 0.00987396 0.00854467 
0.00870683 0.0385396 0.00897712 0.0720807 0.00915803 0.0104097 0.00905716 0.00866427 0.00822741 0.0231642 0.00837852 0.0355993 0.00844252 0.0441598 0.0079924 0.0210579 0.0068501 0.00399316 0.00370433 0.00357696 0.003564 0.00359044 0 0.00353744 0.0035623 0.00357439 0.00801301 0.0278044 0.00866062 0.0658301 0.0166293 0.00906077 0.0150787 0.00822942 0.040787 0.0105112 0.0106212 0.00852978 0.0101798 0.0095821 0.00902397 0.0115535 0.00841593 0.0137198 0.0085038 0.016726 0.00957118 0.0109626 0.0206149 0.00906366 0.0187685 0.00892471 0.0101909 0.00881637 0.00863788 0.0164995 0.0113636 0.0489834 0.0105373 0.274922 0.0111727 0.0314595 0.00886246 0.00882196 0.00817654 0.0111599 0.00841995 0.0485397 0.00966234 0.0426211 0.0123842 0.0656171 0.0132786 0.0146525 0.00859064 0.0081167 0.00830231 0.00792931 0.00976632 0.00939712 0.0109875 0.00826246 0.00883448 0.00875676 0.0126482 0.00996428 0.0083013 
0.0130082 0.00967027 0.0650266 0.0104961 0.0183865 0.00935138 0.00840738 0.00866073 0.0120207 0.00859131 0.0366587 0.00907881 0.0244821 0.00999171 0.029023 0.0080975 0.00897698 0.00479541 0.00375655 0.00366527 0.00358679 0.00356708 0.00353744 0 0.0035464 0.00355749 0.0257174 0.00817184 0.0820234 0.0159496 0.0115438 0.0110084 0.00794236 0.0211557 0.0091918 0.0165029 0.00949839 0.00936535 0.00877447 0.00935812 0.0100047 0.00924527 0.0126852 0.00859978 0.0163494 0.00923062 0.0106847 0.0125996 0.0105403 0.0249787 0.00927668 0.0120571 0.00896732 0.00891836 0.0105746 0.00929552 0.0371604 0.0160868 0.249101 0.0171283 0.0716939 0.0110458 0.0111441 0.00839126 0.00855923 0.00845389 0.0185052 0.0100876 0.036807 0.0130126 0.0661026 0.013522 0.0350866 0.0103512 0.00898932 0.00838605 0.00822323 0.00800438 0.00863814 0.0136879 0.0106396 0.00863814 0.00827889 0.00946311 0.0128267 0.0102694 0.00855101 
0.0111781 0.0346165 0.00986015 0.0154974 0.014248 0.0116419 0.0100199 0.0106936 0.00998272 0.0336682 0.00949792 0.0342509 0.013966 0.0183534 0.0125098 0.0117836 0.00826713 0.00583302 0.00557789 0.0036376 0.0036748 0.00357365 0.0035623 0.0035464 0 0.00363597 0.0212538 0.0613342 0.00966741 0.00835421 0.00826125 0.00735065 0.0116822 0.00852998 0.0124317 0.0108682 0.0130759 0.00889006 0.0100998 0.0131103 0.0131897 0.0110043 0.00934852 0.0138757 0.00921338 0.0100376 0.00928355 0.0104853 0.0165052 0.00943657 0.0097365 0.00893654 0.0101537 0.00903865 0.00921074 0.0155545 0.0105427 0.181582 0.0147422 0.0311165 0.0128292 0.0340719 0.00982259 0.00962641 0.00881967 0.0112512 0.0100134 0.0146665 0.00995838 0.0473003 0.0136015 0.0163786 0.0124702 0.0163991 0.00913876 0.00863245 0.00945619 0.00816104 0.00919829 0.0109292 0.0122351 0.00917896 0.00885905 0.00940456 0.00984861 0.0122004 0.00875234 
0.057094 0.00956252 0.0112245 0.00944225 0.0131419 0.0145412 0.0120339 0.00992332 0.0470658 0.00970046 0.0142972 0.0132002 0.0143156 0.00892351 0.00972574 0.0082101 0.0115866 0.00856498 0.00496499 0.00458139 0.0038322 0.00365924 0.00357439 0.00355749 0.00363597 0 0.0721848 0.00696933 0.00674644 0.00659524 0.00715142 0.00868635 0.00677389 0.00792719 0.00791547 0.00984938 0.00798582 0.00898258 0.0154395 0.00941159 0.00884579 0.0128986 0.033675 0.00922847 0.00882798 0.00880117 0.00873548 0.0102188 0.0089128 0.00944776 0.00878724 0.00857975 0.00901467 0.0097723 0.0173197 0.00883697 0.0653652 0.0116051 0.0144487 0.0110223 0.0137833 0.0112546 0.017195 0.00999104 0.00910542 0.0117931 0.0112441 0.00907476 0.0203178 0.0102711 0.0113127 0.00990198 0.0112091 0.00977077 0.0101282 0.0104606 0.00879197 0.00918452 0.00986092 0.0095278 0.00934227 0.00961019 0.010642 0.00873366 0.00907915 0.00951891 0.00918288 
0.0247243 0.00884072 0.0163679 0.00850404 0.0139021 0.0147264 0.00923238 0.0162755 0.0160303 0.00880325 0.0132782 0.00858506 0.0146667 0.0085527 0.0190335 0.00870597 0.0539534 0.0152435 0.00728284 0.0131149 0.00589205 0.0130863 0.00801301 0.0257174 0.0212538 0.0721848 0 0.00359262 0.00366423 0.00354795 0.00370371 0.00358552 0.00364689 0.00446346 0.00458093 0.00648579 0.00641837 0.0191498 0.00758358 0.00770283 0.00778208 0.0137497 0.0132654 0.00797808 0.0113578 0.00820391 0.0102942 0.00956836 0.00876261 0.0221289 0.00856312 0.00959914 0.00972012 0.0183924 0.0139277 0.00871656 0.0101821 0.00912007 0.0126105 0.00916622 0.0132254 0.00932543 0.0474605 0.00918458 0.0199554 0.00869356 0.0155407 0.00844345 0.0134015 0.00851709 0.0125369 0.0087843 0.0105459 0.00964377 0.0292342 0.00939574 0.00890918 0.0090264 0.00852156 0.00999998 0.00856806 0.0129819 0.00824214 0.00848421 0.00837112 0.00871887 0.012013 
0.00842367 0.0421422 0.00855258 0.0319981 0.00863916 0.0105357 0.010483 0.00836688 0.00851277 0.0209521 0.00843446 0.0178116 0.00833986 0.0311788 0.008182 0.0864904 0.00853932 0.00801519 0.00952374 0.00574487 0.0128018 0.00654852 0.0278044 0.00817184 0.0613342 0.00696933 0.00359262 0 0.00358628 0.00355448 0.00353277 0.00357329 0.00363767 0.00372407 0.00471628 0.00483415 0.0146093 0.00661789 0.00678802 0.00777357 0.0091289 0.00853665 0.00732117 0.0160744 0.00802042 0.0128291 0.00843456 0.0091329 0.0453121 0.00995039 0.0154628 0.00823728 0.0110685 0.00870044 0.00848459 0.0136191 0.00879504 0.0141395 0.00897531 0.0273773 0.00874616 0.0369082 0.00901105 0.0111162 0.00828044 0.0117536 0.00834717 0.0274429 0.00851895 0.0204335 0.00877006 0.0190252 0.0087983 0.0323706 0.00879841 0.00815854 0.00885102 0.00792092 0.00993641 0.0084533 0.0110052 0.00826874 0.008934 0.00833619 0.00911198 0.0103146 0.00821421 
0.013562 0.00851824 0.0724527 0.00859072 0.0157189 0.00869907 0.00829918 0.00919495 0.0112689 0.00837605 0.0356025 0.00845631 0.0377149 0.00824477 0.0859723 0.00818658 0.011552 0.00980225 0.00677869 0.0159615 0.00615296 0.0468003 0.00866062 0.0820234 0.00966741 0.00674644 0.00366423 0.00358628 0 0.00353445 0.00354311 0.00353585 0.00356639 0.00399657 0.00364205 0.00862203 0.00505347 0.0057572 0.00636662 0.00782832 0.00753348 0.00666201 0.0114973 0.0077335 0.0199863 0.00829096 0.0186694 0.0162871 0.00967607 0.0294033 0.00818061 0.0114322 0.00845508 0.00877155 0.0107925 0.00828713 0.0184299 0.00979733 0.0357346 0.00940244 0.0759771 0.00910243 0.0110708 0.00832049 0.00956367 0.00823226 0.0264107 0.00851486 0.04528 0.00904602 0.0376511 0.00969058 0.0681049 0.00920204 0.00879978 0.00867849 0.00816441 0.00796551 0.00820713 0.0136229 0.00864601 0.00854618 0.0079764 0.00930487 0.0105777 0.00918794 0.00850728 
0.00842966 0.0372758 0.00860436 0.0592495 0.00883905 0.00955159 0.00906697 0.00824732 0.00842313 0.0202264 0.00849556 0.0274656 0.008559 0.0838862 0.00825011 0.0177875 0.00843379 0.0076947 0.00861707 0.00641444 0.0247108 0.00997589 0.0658301 0.0159496 0.00835421 0.00659524 0.00354795 0.00355448 0.00353445 0 0.00352373 0.00354296 0.00354825 0.00359904 0.00438458 0.00394267 0.00478665 0.00515407 0.00766363 0.00680067 0.00677344 0.0116471 0.00660554 0.0116876 0.00833787 0.0206893 0.0112755 0.011003 0.0192348 0.00810707 0.0153919 0.00824976 0.00929945 0.00852412 0.00822306 0.014267 0.00881838 0.0242352 0.00906275 0.0832669 0.00911247 0.0205456 0.00875814 0.00898271 0.00819191 0.0129954 0.00837657 0.0593103 0.00877152 0.0352436 0.0102322 0.0607312 0.0119835 0.0128904 0.00851362 0.00808413 0.00853785 0.0078897 0.00952047 0.00891588 0.0110558 0.00829781 0.00889822 0.00836603 0.0121035 0.00962645 0.00828065 
0.0124193 0.00836688 0.0390351 0.00863874 0.0127735 0.00865025 0.00817523 0.00832632 0.0104275 0.00833661 0.0199456 0.00852666 0.0563851 0.00832699 0.0233989 0.0082145 0.00962019 0.00886181 0.00707116 0.0193914 0.00729985 0.044478 0.0166293 0.0115438 0.00826125 0.00715142 0.00370371 0.00353277 0.00354311 0.00352373 0 0.00354609 0.00352754 0.00408784 0.00357153 0.00392993 0.00371992 0.00401609 0.00573943 0.00637377 0.00648758 0.005635 0.009394 0.00730769 0.0206481 0.00997804 0.0148162 0.009735 0.0079385 0.0146285 0.00804278 0.0098509 0.00823157 0.0084345 0.00963285 0.00813579 0.0135615 0.00935942 0.0423401 0.0090591 0.0252968 0.00906853 0.0101222 0.00823296 0.00860113 0.00818782 0.0233907 0.00858752 0.0296461 0.00906772 0.0447161 0.01113 0.0180253 0.00901083 0.00896873 0.00838979 0.00810682 0.00793985 0.008267 0.0119169 0.0086881 0.00852888 0.00801148 0.00907195 0.0100091 0.00919343 0.00840734 
0.00833353 0.0131991 0.00891954 0.012806 0.00931247 0.00846285 0.00827992 0.00820765 0.00838718 0.0105265 0.00872753 0.0347344 0.00897809 0.0124888 0.00930184 0.0101161 0.00844869 0.00782878 0.0076383 0.00708246 0.0159584 0.0128869 0.00906077 0.0110084 0.00735065 0.00868635 0.00358552 0.00357329 0.00353585 0.00354296 0.00354609 0 0.00358544 0.00355233 0.00355429 0.00357856 0.00361498 0.00363231 0.00561934 0.00580734 0.00604152 0.00573565 0.00600918 0.00841235 0.0105117 0.0106756 0.00834065 0.00792716 0.0100174 0.00810078 0.00861625 0.00813876 0.00835775 0.00811082 0.00801317 0.00911966 0.00892877 0.0243608 0.00973461 0.0147128 0.010423 0.0107191 0.00874558 0.00838496 0.00819755 0.00889148 0.00848616 0.0148194 0.0090768 0.0158532 0.0117837 0.0137491 0.0105993 0.00965949 0.00847353 0.00813464 0.00812638 0.0078011 0.00824167 0.00905144 0.00916909 0.00822555 0.00798019 0.00833931 0.00984478 0.0089777 0.00828165 
0.00877758 0.0108125 0.00977627 0.0134204 0.00888366 0.00905747 0.00837544 0.00818303 0.00874286 0.01022 0.0153797 0.0138908 0.00968842 0.0163042 0.0094318 0.00989315 0.00840891 0.00836255 0.00799301 0.0100077 0.0126938 0.00827522 0.0150787 0.00794236 0.0116822 0.00677389 0.00364689 0.00363767 0.00356639 0.00354825 0.00352754 0.00358544 0 0.00352522 0.00354067 0.00355393 0.00356244 0.00357517 0.00502566 0.00598153 0.00596412 0.00548573 0.00627476 0.011214 0.0099478 0.0115424 0.00782117 0.0112403 0.008854 0.00838975 0.00888995 0.00818442 0.00835612 0.00815471 0.00819488 0.00869593 0.019731 0.0143958 0.0109461 0.0227182 0.0109186 0.0131095 0.00870244 0.00847998 0.00816081 0.00878081 0.00898609 0.0117138 0.0102013 0.0188932 0.0112284 0.0177234 0.0123834 0.0103854 0.00839143 0.00816203 0.00815534 0.00782223 0.00854292 0.00945467 0.00916792 0.00812287 0.00817881 0.00851244 0.0112297 0.00930689 0.00829406 
0.0108135 0.00889413 0.0272217 0.00924786 0.0214479 0.00880361 0.00838122 0.00866477 0.0100923 0.0105401 0.0224308 0.00918254 0.0364744 0.00895172 0.0218438 0.00865811 0.0104047 0.0101209 0.00804275 0.0147353 0.00797885 0.0219563 0.00822942 0.0211557 0.00852998 0.00792719 0.00446346 0.00372407 0.00399657 0.00359904 0.00408784 0.00355233 0.00352522 0 0.00353848 0.00356928 0.0035817 0.00359953 0.00509297 0.00550117 0.00678009 0.00745367 0.0303352 0.00698855 0.0170323 0.00776227 0.0112406 0.011607 0.00859253 0.0143373 0.00833849 0.00974145 0.00850785 0.00869846 0.00925179 0.0106095 0.016795 0.00997929 0.0380006 0.0106516 0.0418279 0.00949338 0.0105105 0.00838379 0.00884928 0.00853052 0.0165187 0.00916937 0.0390057 0.00989976 0.0330358 0.0110687 0.0259394 0.00963533 0.00898064 0.00846987 0.00811297 0.007928 0.00864259 0.0143509 0.00898369 0.00872347 0.00806629 0.0096912 0.0121604 0.00928619 0.00868788 
0.00887774 0.0272295 0.00953726 0.0544311 0.0095224 0.00939683 0.00877727 0.00856757 0.00970847 0.0251774 0.0097143 0.0505773 0.00966732 0.0478959 0.00903564 0.0212949 0.00929282 0.00873298 0.0142493 0.00820132 0.0153156 0.00862055 0.040787 0.0091918 0.0124317 0.00791547 0.00458093 0.00471628 0.00364205 0.00438458 0.00357153 0.00355429 0.00354067 0.00353848 0 0.00353695 0.00359943 0.00356424 0.00416813 0.00863962 0.00846399 0.890435 0.00596093 0.0114994 0.00750532 0.0135908 0.019163 0.00902333 0.0141459 0.00849469 0.0128916 0.00833992 0.00978835 0.00883775 0.00876606 0.0161697 0.0100507 0.0344022 0.0109237 0.064908 0.0115127 0.0257135 0.00941217 0.00894675 0.0084151 0.0109685 0.00941896 0.0652597 0.0104111 0.0420007 0.0126312 0.0435032 0.0145048 0.0127537 0.00892068 0.00836856 0.00852076 0.00795761 0.00963086 0.0109416 0.0127053 0.00850354 0.00877301 0.0089498 0.016508 0.011183 0.008481 
0.0123194 0.00888636 0.051025 0.0092843 0.013077 0.00917522 0.00842264 0.00888657 0.0113724 0.00906438 0.0399729 0.00957375 0.0371011 0.00935785 0.0467302 0.00869822 0.0105804 0.0101373 0.00854172 0.0162304 0.00814747 0.0385058 0.0105112 0.0165029 0.0108682 0.00984938 0.00648579 0.00483415 0.00862203 0.00394267 0.00392993 0.00357856 0.00355393 0.00356928 0.00353695 0 0.00355693 0.0035731 0.00579476 0.00877725 0.932232 0.00745631 0.0108932 0.00659544 0.0160555 0.00956817 0.0116914 0.00944539 0.00875566 0.0168698 0.00857664 0.00987745 0.00855223 0.0092183 0.00966842 0.00838107 0.0232202 0.0107934 0.0369987 0.0113857 0.0478672 0.00955156 0.0122665 0.00847406 0.00877782 0.00928877 0.0315511 0.00929946 0.0333968 0.0107431 0.0332514 0.0122511 0.0221714 0.0101005 0.0093231 0.0085802 0.00822982 0.0080388 0.0087221 0.0142769 0.00946923 0.00893779 0.00838804 0.00942886 0.0127697 0.00946936 0.00870249 
0.00978161 0.0191717 0.00866857 0.0109174 0.00897088 0.00870971 0.00893774 0.00840142 0.00950593 0.0185848 0.00882283 0.0146069 0.00886423 0.0145059 0.00873608 0.013038 0.00846186 0.00917067 0.00941572 0.00863423 0.0175212 0.00849795 0.0106212 0.00949839 0.0130759 0.00798582 0.00641837 0.0146093 0.00505347 0.00478665 0.00371992 0.00361498 0.00356244 0.0035817 0.00359943 0.00355693 0 0.00364801 0.00730063 0.988055 0.00789968 0.0056861 0.00578633 0.01177 0.0076736 0.0115228 0.00826168 0.00829194 0.00879594 0.00806508 0.00853622 0.00809515 0.00887334 0.00827798 0.00848839 0.0110619 0.00874815 0.0115435 0.00899471 0.0153287 0.00899672 0.0148954 0.00885274 0.00927918 0.0084341 0.0181973 0.00889958 0.0145646 0.00877537 0.0128056 0.00992371 0.0110294 0.00926743 0.0100692 0.00852568 0.00847759 0.00856751 0.00819368 0.00899825 0.00909681 0.00985158 0.00832777 0.00960215 0.00889857 0.00860803 0.00929393 0.00841096 
0.0174416 0.00892114 0.00921605 0.00830152 0.00865779 0.00889075 0.0106018 0.00961423 0.018449 0.00869395 0.00900689 0.00852081 0.00987893 0.00884922 0.0101287 0.00886056 0.0108093 0.0157693 0.00886488 0.0242025 0.00921075 0.00887994 0.00852978 0.00936535 0.00889006 0.00898258 0.0191498 0.00661789 0.0057572 0.00515407 0.00401609 0.00363231 0.00357517 0.00359953 0.00356424 0.0035731 0.00364801 0 0.986223 0.00440327 0.00430738 0.00402601 0.0144984 0.00628483 0.00764177 0.00710277 0.00787421 0.00803448 0.00771518 0.00861019 0.00792553 0.00781473 0.00819738 0.00878398 0.0171546 0.00811125 0.00873424 0.00886711 0.00917436 0.00865246 0.00950189 0.00892751 0.0130494 0.010953 0.00970465 0.0130228 0.0111508 0.00864719 0.00891968 0.00892588 0.00882113 0.00877832 0.00883875 0.00852256 0.00898829 0.0102922 0.00833644 0.00981105 0.0108294 0.00918066 0.00849908 0.00885411 0.0109589 0.00885776 0.00818883 0.00854903 0.0086865 
0.0147886 0.0109677 0.00921051 0.00926777 0.00901465 0.014527 0.00962013 0.011548 0.0108553 0.00928358 0.00895329 0.00966913 0.00962668 0.0108354 0.01056 0.0121987 0.0149992 0.0132216 0.0145119 0.0115166 0.0098633 0.00894805 0.0101798 0.00877447 0.0100998 0.0154395 0.00758358 0.00678802 0.00636662 0.00766363 0.00573943 0.00561934 0.00502566 0.00509297 0.00416813 0.00579476 0.00730063 0.986223 0 0.00455477 0.00377874 0.00639173 0.0041117 0.00607259 0.00683089 0.0102567 0.00796135 0.00702821 0.00782725 0.00817694 0.00827776 0.00798561 0.00932134 0.0177836 0.00897697 0.00829242 0.00852357 0.00944356 0.00898818 0.0103959 0.00947271 0.0109356 0.0206199 0.0106506 0.0126155 0.0114641 0.0102227 0.0102282 0.00940268 0.00912093 0.00886978 0.00947787 0.00892841 0.0102204 0.0164274 0.00927419 0.0103572 0.00925072 0.00960171 0.00834745 0.00907995 0.0115658 0.00922617 0.00817966 0.00815709 0.00887932 0.0106581 
0.0103442 0.00960387 0.00960156 0.00946612 0.0090179 0.00962444 0.00905879 0.00872313 0.00919297 0.0093678 0.00942885 0.00962895 0.00965216 0.0103472 0.0108488 0.0108978 0.00932688 0.0110422 0.0090252 0.0113775 0.00961877 0.0101545 0.0095821 0.00935812 0.0131103 0.00941159 0.00770283 0.00777357 0.00782832 0.00680067 0.00637377 0.00580734 0.00598153 0.00550117 0.00863962 0.00877725 0.988055 0.00440327 0.00455477 0 0.00558245 0.00357862 0.0041401 0.00522284 0.00788812 0.00695986 0.00644362 0.00736891 0.00754424 0.00797415 0.00747501 0.00785424 0.0140303 0.0087303 0.00840631 0.00842077 0.00956694 0.0091072 0.00932187 0.00966805 0.0108286 0.0119152 0.00999508 0.00914668 0.00902976 0.00921533 0.0104414 0.0104459 0.00961661 0.00932204 0.00960209 0.00975017 0.00974268 0.0104122 0.00981347 0.00891106 0.00841544 0.00824861 0.00870641 0.00883096 0.00966099 0.00894893 0.00843406 0.00834128 0.00846328 0.00908199 0.00854876 
0.010008 0.00900251 0.00986171 0.0086955 0.0094647 0.00832487 0.00856152 0.00842338 0.00918629 0.00929388 0.00932636 0.00894509 0.0102627 0.00950737 0.010584 0.00985926 0.00863297 0.0097023 0.0086063 0.0109932 0.00948695 0.010619 0.00902397 0.0100047 0.0131897 0.00884579 0.00778208 0.0091289 0.00753348 0.00677344 0.00648758 0.00604152 0.00596412 0.00678009 0.00846399 0.932232 0.00789968 0.00430738 0.00377874 0.00558245 0 0.00363121 0.0037658 0.00468517 0.00607434 0.00567624 0.00635012 0.00654116 0.00648544 0.00673919 0.00711522 0.00723218 0.00731393 0.00749668 0.00784568 0.00823083 0.00853705 0.00907037 0.0094435 0.00915926 0.0100556 0.0106395 0.00965707 0.00871545 0.00883052 0.00916975 0.0115989 0.00897967 0.00942001 0.00883848 0.00983423 0.00894433 0.0101337 0.00930489 0.00861487 0.00861539 0.0086215 0.00821061 0.00845878 0.00999351 0.00893688 0.00843015 0.00864996 0.0085775 0.00864101 0.00888119 0.00829184 
0.012277 0.00975939 0.00847876 0.00910383 0.00876943 0.0102476 0.0128817 0.00913687 0.0161409 0.00938434 0.00874381 0.0103896 0.00879908 0.0110239 0.0088672 0.0110404 0.0105569 0.0164288 0.0140802 0.0182364 0.0126819 0.00875277 0.0115535 0.00924527 0.0110043 0.0128986 0.0137497 0.00853665 0.00666201 0.0116471 0.005635 0.00573565 0.00548573 0.00745367 0.890435 0.00745631 0.0056861 0.00402601 0.00639173 0.00357862 0.00363121 0 0.00473639 0.0043923 0.0037608 0.00410135 0.00518325 0.00526962 0.00570838 0.00593045 0.00579004 0.0058013 0.00639677 0.00704017 0.0113 0.00829925 0.00804261 0.00949353 0.00828619 0.0105405 0.00897062 0.0143259 0.0125259 0.0159299 0.00913308 0.0285306 0.00927664 0.0108111 0.00892608 0.0116999 0.00919024 0.0114678 0.0094357 0.0104546 0.00985581 0.0112915 0.0101869 0.0109354 0.0159448 0.00891807 0.00972976 0.0093622 0.012694 0.00842967 0.00888966 0.00924203 0.00880435 
