1GH2A
VGVKPVGSDPDFQPELSGAGSRLAVVKFTMRGCGPCLRIAPAFSSMSNKYPQAVFLEVDVHQCQGTAATNNISATPTFQFFRNKVRIDQYQGADAVGLEEKIKQHLE
CCEEEECCHHHHHHHHHHCCCCCEEEEEECCCCHHHHHHHHHHHHHHHHCCCCEEEEEECCCCHHHHHHCCCCCCCEEEEEECCEEEEEEECCCHHHHHHHHHHHHC
0 0 0 0 0 0 0 0 0 0 0 0 0 0 0 0 0 0 0 0 0 0 0 0 0 0 0 0 0 0 0 0 0 0 0 0 0 0 0 0 0 0 0 0 0 0 0 0 0 0 0 0 0 0 0 0 0 0 0 0 0 0 0 0 0 0 0 0 0 0 0 0 0 0 0 0 0 0 0 0 0 0 0 0 0 0 0 0 0 0 0 0 0 0 0 0 0 0 0 0 0 0 0 0 0 0 0 
0 0 0 0 0 0 0 0 0 0 0 0 0 0 0 0 0 0 0 0 0 0 0 0 0 0 0 0 0 0 0 0 0 0 0 0 0 0 0 0 0 0 0 0 0 0 0 0 0 0 0 0 0 0 0 0 0 0 0 0 0 0 0 0 0 0 0 0 0 0 0 0 0 0 0 0 0 0 0 0 0 0 0 0 0 0 0 0 0 0 0 0 0 0 0 0 0 0 0 0 0 0 0 0 0 0 0 
0 0.00382244 0.00369549 0.00798297 0.086616 0.0173661 0.020565 0.0104438 0.0163613 0.0340679 0.0147635 0.0104447 0.0145134 0.00882655 0.015584 0.0153395 0.0102052 0.00879316 0.00881191 0.00890111 0.00940803 0.0125765 0.0109628 0.00835938 0.00832685 0.00845482 0.00805786 0.00880796 0.00973001 
0.00382244 0 0.00384702 0.00365589 0.0331705 0.0634577 0.0266938 0.0356205 0.0188226 0.00976088 0.0121794 0.0175982 0.0118272 0.0151472 0.0112967 0.00908566 0.00918261 0.0117999 0.0123742 0.0109476 0.00950884 0.00885793 0.00839485 0.00929388 0.00836644 0.00828907 0.00936814 0.00839981 0.0081537 
0.00369549 0.00384702 0 0.00363282 0.0160196 0.0570974 0.0339664 0.0438739 0.027393 0.0104555 0.0105182 0.0172071 0.00960349 0.0162701 0.00986372 0.00995108 0.00951444 0.00999745 0.0146417 0.0101713 0.00920631 0.00815023 0.00885048 0.00873921 0.00835907 0.00834498 0.00927519 0.00844534 0.00801976 
0.00798297 0.00365589 0.00363282 0 0.0273785 0.0163367 0.0220651 0.0147645 0.0238416 0.0483985 0.0147292 0.0099862 0.0127659 0.00865648 0.0117311 0.0115318 0.0114559 0.00971763 0.00885277 0.00866804 0.0090131 0.00862651 0.0119245 0.00836268 0.0083088 0.00837739 0.00805664 0.00885538 0.00871817 
0.086616 0.0331705 0.0160196 0.0273785 0 0.00380446 0.00362018 0.00361068 0.00363235 0.00431998 0.687077 0.0299848 0.0173826 0.01748 0.0162824 0.0410469 0.0411218 0.0188685 0.0172213 0.0133152 0.0131448 0.0188661 0.0153179 0.0109251 0.00999351 0.00987734 0.0111709 0.0097344 0.0149552 
0.0173661 0.0634577 0.0570974 0.0163367 0.00380446 0 0.00362489 0.00358824 0.00363647 0.00361467 0.0722922 0.68027 0.0218707 0.0439538 0.0260197 0.0141167 0.021008 0.0489119 0.0426065 0.0376794 0.020092 0.0109115 0.00978269 0.0172147 0.010648 0.0135642 0.0148842 0.0237146 0.00918229 
0.020565 0.0266938 0.0339664 0.0220651 0.00362018 0.00362489 0 0.00359413 0.00356082 0.00356124 0.0657404 0.0358556 0.668675 0.0215963 0.10151 0.0110251 0.0150426 0.0463071 0.0760336 0.0560454 0.0174525 0.00905889 0.00952153 0.00982258 0.0292016 0.0195628 0.0180452 0.0170582 0.00893922 
0.0104438 0.0356205 0.0438739 0.0147645 0.00361068 0.00358824 0.00359413 0 0.0035505 0.00355665 0.0299386 0.131468 0.0218858 0.731374 0.0107579 0.0292995 0.0138505 0.0190549 0.12166 0.0532251 0.0114936 0.00938506 0.00877526 0.0137723 0.01161 0.0211172 0.0351276 0.00959511 0.00972321 
0.0163613 0.0188226 0.027393 0.0238416 0.00363235 0.00363647 0.00356082 0.0035505 0 0.0036732 0.0230626 0.0262519 0.0953741 0.0148949 0.648375 0.0129013 0.0114782 0.0493415 0.018658 0.0143505 0.0165396 0.0087962 0.00938171 0.00929693 0.0126356 0.0110658 0.00926018 0.01653 0.00873043 
0.0340679 0.00976088 0.0104555 0.0483985 0.00431998 0.00361467 0.00356124 0.00355665 0.0036732 0 0.0169841 0.0242599 0.0140034 0.0215953 0.0198559 0.521041 0.0275678 0.0106959 0.0108096 0.0107177 0.00950434 0.0101686 0.0129374 0.00969987 0.00853919 0.00867891 0.00895376 0.00887543 0.0104683 
0.0147635 0.0121794 0.0105182 0.0147292 0.687077 0.0722922 0.0657404 0.0299386 0.0230626 0.0169841 0 0.00365328 0.00366321 0.00367333 0.00479149 0.0052981 0.0645204 0.0186808 0.0144145 0.0146064 0.0125102 0.0313833 0.0148608 0.0116121 0.01038 0.00956068 0.0115991 0.00990533 0.017771 
0.0104447 0.0175982 0.0172071 0.0099862 0.0299848 0.68027 0.0358556 0.131468 0.0262519 0.0242599 0.00365328 0 0.00360069 0.00356695 0.00369743 0.00369968 0.0311411 0.0373098 0.0341326 0.0219755 0.0259679 0.0114981 0.00987872 0.0145397 0.0102695 0.0106777 0.0136494 0.0167468 0.0108655 
0.0145134 0.0118272 0.00960349 0.0127659 0.0173826 0.0218707 0.668675 0.0218858 0.0953741 0.0140034 0.00366321 0.00360069 0 0.00358006 0.00366067 0.00357764 0.012223 0.0413205 0.0236305 0.0273511 0.0147866 0.00916734 0.0102916 0.00915848 0.0114755 0.0150485 0.010464 0.020635 0.00926016 
0.00882655 0.0151472 0.0162701 0.00865648 0.01748 0.0439538 0.0215963 0.731374 0.0148949 0.0215953 0.00367333 0.00356695 0.00358006 0 0.00353689 0.00359467 0.0212332 0.0187712 0.0971725 0.0262884 0.0097558 0.00985452 0.00896182 0.0122407 0.0100493 0.0108477 0.0382922 0.00870934 0.00943604 
0.015584 0.0112967 0.00986372 0.0117311 0.0162824 0.0260197 0.10151 0.0107579 0.648375 0.0198559 0.00479149 0.00369743 0.00366067 0.00353689 0 0.00356264 0.0119635 0.138506 0.0263511 0.0164898 0.0299737 0.00870219 0.0117184 0.0102254 0.010573 0.0131927 0.00842628 0.0300806 0.00914808 
0.0153395 0.00908566 0.00995108 0.0115318 0.0410469 0.0141167 0.0110251 0.0292995 0.0129013 0.521041 0.0052981 0.00369968 0.00357764 0.00359467 0.00356264 0 0.0444291 0.0133524 0.0251059 0.0194445 0.0155931 0.0193331 0.0130251 0.0100483 0.00881478 0.008683 0.0106796 0.0105314 0.0181472 
0.0102052 0.00918261 0.00951444 0.0114559 0.0411218 0.021008 0.0150426 0.0138505 0.0114782 0.0275678 0.0645204 0.0311411 0.012223 0.0212332 0.0119635 0.0444291 0 0.00378722 0.00363727 0.00359567 0.00364726 0.00409957 0.00454965 0.00527293 0.00582301 0.00574378 0.0110906 0.0104107 0.936492 
0.00879316 0.0117999 0.00999745 0.00971763 0.0188685 0.0489119 0.0463071 0.0190549 0.0493415 0.0106959 0.0186808 0.0373098 0.0413205 0.0187712 0.138506 0.0133524 0.00378722 0 0.00362482 0.00358068 0.00366523 0.00363518 0.00460601 0.00664564 0.00498201 0.00920378 0.00949993 0.97291 0.0186389 
0.00881191 0.0123742 0.0146417 0.00885277 0.0172213 0.0426065 0.0760336 0.12166 0.018658 0.0108096 0.0144145 0.0341326 0.0236305 0.0971725 0.0263511 0.0251059 0.00363727 0.00362482 0 0.00354409 0.00356097 0.00356893 0.00384877 0.00784029 0.00714751 0.0133833 0.956623 0.0103963 0.00654107 
0.00890111 0.0109476 0.0101713 0.00866804 0.0133152 0.0376794 0.0560454 0.0532251 0.0143505 0.0107177 0.0146064 0.0219755 0.0273511 0.0262884 0.0164898 0.0194445 0.00359567 0.00358068 0.00354409 0 0.00353721 0.00354541 0.00384125 0.00819232 0.0571406 0.9003 0.0141656 0.00652364 0.00652896 
0.00940803 0.00950884 0.00920631 0.0090131 0.0131448 0.020092 0.0174525 0.0114936 0.0165396 0.00950434 0.0125102 0.0259679 0.0147866 0.0097558 0.0299737 0.0155931 0.00364726 0.00366523 0.00356097 0.00353721 0 0.00362839 0.0115436 0.943623 0.0764839 0.00691156 0.00463891 0.00844638 0.00615268 
0.0125765 0.00885793 0.00815023 0.00862651 0.0188661 0.0109115 0.00905889 0.00938506 0.0087962 0.0101686 0.0313833 0.0114981 0.00916734 0.00985452 0.00870219 0.0193331 0.00409957 0.00363518 0.00356893 0.00354541 0.00362839 0 0.993865 0.0346408 0.00447928 0.00463434 0.00373393 0.0045747 0.00571832 
0.0109628 0.00839485 0.00885048 0.0119245 0.0153179 0.00978269 0.00952153 0.00877526 0.00938171 0.0129374 0.0148608 0.00987872 0.0102916 0.00896182 0.0117184 0.0130251 0.00454965 0.00460601 0.00384877 0.00384125 0.0115436 0.993865 0 0.0051926 0.00360431 0.00359977 0.00362703 0.00388375 0.00873816 
0.00835938 0.00929388 0.00873921 0.00836268 0.0109251 0.0172147 0.00982258 0.0137723 0.00929693 0.00969987 0.0116121 0.0145397 0.00915848 0.0122407 0.0102254 0.0100483 0.00527293 0.00664564 0.00784029 0.00819232 0.943623 0.0346408 0.0051926 0 0.00355345 0.00354475 0.00357235 0.00738693 0.0040476 
0.00832685 0.00836644 0.00835907 0.0083088 0.00999351 0.010648 0.0292016 0.01161 0.0126356 0.00853919 0.01038 0.0102695 0.0114755 0.0100493 0.010573 0.00881478 0.00582301 0.00498201 0.00714751 0.0571406 0.0764839 0.00447928 0.00360431 0.00355345 0 0.00357568 0.00354395 0.00364997 0.00361995 
0.00845482 0.00828907 0.00834498 0.00837739 0.00987734 0.0135642 0.0195628 0.0211172 0.0110658 0.00867891 0.00956068 0.0106777 0.0150485 0.0108477 0.0131927 0.008683 0.00574378 0.00920378 0.0133833 0.9003 0.00691156 0.00463434 0.00359977 0.00354475 0.00357568 0 0.00353898 0.0035573 0.0035699 
0.00805786 0.00936814 0.00927519 0.00805664 0.0111709 0.0148842 0.0180452 0.0351276 0.00926018 0.00895376 0.0115991 0.0136494 0.010464 0.0382922 0.00842628 0.0106796 0.0110906 0.00949993 0.956623 0.0141656 0.00463891 0.00373393 0.00362703 0.00357235 0.00354395 0.00353898 0 0.00354258 0.00358232 
0.00880796 0.00839981 0.00844534 0.00885538 0.0097344 0.0237146 0.0170582 0.00959511 0.01653 0.00887543 0.00990533 0.0167468 0.020635 0.00870934 0.0300806 0.0105314 0.0104107 0.97291 0.0103963 0.00652364 0.00844638 0.0045747 0.00388375 0.00738693 0.00364997 0.0035573 0.00354258 0 0.00366884 
0.00973001 0.0081537 0.00801976 0.00871817 0.0149552 0.00918229 0.00893922 0.00972321 0.00873043 0.0104683 0.017771 0.0108655 0.00926016 0.00943604 0.00914808 0.0181472 0.936492 0.0186389 0.00654107 0.00652896 0.00615268 0.00571832 0.00873816 0.0040476 0.00361995 0.0035699 0.00358232 0.00366884 0 
