1GN8A
MQKRAIYPGTFDPITNGHIDIVTRATQMFDHVILAIAASPSKKPMFTLEERVALAQQATAHLGNVEVVGFSDLMANFARNQHATVLIRGLRAVADFEYEMQLAHMNRHLMPELESVFLMPSKEWSFISSSLVKEVARHQGDVTHFLPENVHQALMAKLA
CCCEEEEEECCCCCCHHHHHHHHHHHCCCCEEEEEEECCCCCCCCCCHHHHHHHHHHHCCCCCCEEEEEECCCHHHHHHHCCCCEEEEECCCCCCHHHHHHHHHHHHHHCCCCEEEEECCCHHHCCCCHHHHHHHHHCCCCCHHHCCHHHHHHHHHHHC
0 0 0 0 0 0 0 0 0 0 0 0 0 0 0 0 0 0 0 0 0 0 0 0 0 0 0 0 0 0 0 0 0 0 0 0 0 0 0 0 0 0 0 0 0 0 0 0 0 0 0 0 0 0 0 0 0 0 0 0 0 0 0 0 0 0 0 0 0 0 0 0 0 0 0 0 0 0 0 0 0 0 0 0 0 0 0 0 0 0 0 0 0 0 0 0 0 0 0 0 0 0 0 0 0 0 0 0 0 0 0 0 0 0 0 0 0 0 0 0 0 0 0 0 0 0 0 0 0 0 0 0 0 0 0 0 0 0 0 0 0 0 0 0 0 0 0 0 0 0 0 0 0 0 0 0 0 0 0 
0 0 0 0 0 0 0 0 0 0 0 0 0 0 0 0 0 0 0 0 0 0 0 0 0 0 0 0 0 0 0 0 0 0 0 0 0 0 0 0 0 0 0 0 0 0 0 0 0 0 0 0 0 0 0 0 0 0 0 0 0 0 0 0 0 0 0 0 0 0 0 0 0 0 0 0 0 0 0 0 0 0 0 0 0 0 0 0 0 0 0 0 0 0 0 0 0 0 0 0 0 0 0 0 0 0 0 0 0 0 0 0 0 0 0 0 0 0 0 0 0 0 0 0 0 0 0 0 0 0 0 0 0 0 0 0 0 0 0 0 0 0 0 0 0 0 0 0 0 0 0 0 0 0 0 0 0 0 0 
0 0.00405464 0.00365511 0.00364948 0.00364764 0.00431338 0.606225 0.0224521 0.0277011 0.0187247 0.0212866 0.016127 0.0221883 0.0148491 0.0145906 0.0100129 0.00979165 0.0109645 0.0112651 0.0256254 0.0114259 0.00952503 0.00921653 0.0117899 0.00897273 0.00881811 0.00865704 0.00898288 0.0096844 
0.00405464 0 0.00367416 0.00363479 0.00435106 0.00362808 0.0374797 0.749283 0.0349468 0.069688 0.0382716 0.0404494 0.0124777 0.0172171 0.0130118 0.0177345 0.0113288 0.012215 0.00943635 0.0220304 0.0388008 0.01578 0.0167572 0.00899336 0.00866878 0.0119387 0.0113774 0.014892 0.00945712 
0.00365511 0.00367416 0 0.00494757 0.00360404 0.00355426 0.0500711 0.0339375 0.578222 0.0765418 0.147767 0.0252435 0.0130942 0.0114567 0.0134968 0.0188838 0.0191971 0.0115593 0.00865709 0.01268 0.0265865 0.0467792 0.0115581 0.00902982 0.00879662 0.0106134 0.0186538 0.0148337 0.0098861 
0.00364948 0.00363479 0.00494757 0 0.00354741 0.00354244 0.0148417 0.0304952 0.0439279 0.496312 0.0490567 0.0276171 0.0101169 0.00931186 0.0126796 0.0122261 0.0119596 0.0105429 0.00836679 0.00928584 0.0184854 0.0185269 0.0104252 0.00874549 0.00837086 0.00962522 0.0130808 0.0117089 0.00887617 
0.00364764 0.00435106 0.00360404 0.00354741 0 0.00356368 0.011159 0.0161379 0.0322053 0.0168774 0.267731 0.0299017 0.0143528 0.00980016 0.00894562 0.00930159 0.00875516 0.00903956 0.0084865 0.0101367 0.00971609 0.00970086 0.00946717 0.00843291 0.00862176 0.0104494 0.00861744 0.00918379 0.00864452 
0.00431338 0.00362808 0.00355426 0.00354244 0.00356368 0 0.0116911 0.0172429 0.0117118 0.0198686 0.0153253 0.219261 0.0394026 0.0123118 0.00854859 0.00893119 0.00849943 0.00856988 0.00964453 0.0111488 0.00880636 0.00877937 0.00871526 0.00873206 0.0088094 0.00837887 0.00860943 0.00860784 0.00908419 
0.606225 0.0374797 0.0500711 0.0148417 0.011159 0.0116911 0 0.00368848 0.00359064 0.00364121 0.00368361 0.00377206 0.00560564 0.0658007 0.0316115 0.00929806 0.00990826 0.0102886 0.0117139 0.0277714 0.0155452 0.0109029 0.00965346 0.0147799 0.00956987 0.00961641 0.00929226 0.0108097 0.0111251 
0.0224521 0.749283 0.0339375 0.0304952 0.0161379 0.0172429 0.00368848 0 0.00362053 0.00362934 0.00367044 0.00373432 0.00389949 0.462217 0.0193768 0.0439329 0.0108574 0.0114033 0.012144 0.0402759 0.040148 0.024522 0.0203394 0.00937939 0.00972818 0.0165646 0.0185667 0.0164117 0.00952355 
0.0277011 0.0349468 0.578222 0.0439279 0.0322053 0.0117118 0.00359064 0.00362053 0 0.00358677 0.00357728 0.00363528 0.00361593 0.0191537 0.45044 0.0285843 0.0435985 0.0166954 0.0093602 0.0191966 0.0541245 0.0728934 0.0208623 0.0116995 0.0105719 0.0203632 0.045431 0.0340037 0.0115043 
0.0187247 0.069688 0.0765418 0.496312 0.0168774 0.0198686 0.00364121 0.00362934 0.00358677 0 0.00359262 0.00361939 0.00358988 0.076798 0.0230722 0.503553 0.0475406 0.0217298 0.0113342 0.0315405 0.0624416 0.0965508 0.0286693 0.0121636 0.0119101 0.0289907 0.0684164 0.0366487 0.0158956 
0.0212866 0.0382716 0.147767 0.0490567 0.267731 0.0153253 0.00368361 0.00367044 0.00357728 0.00359262 0 0.00359777 0.00356563 0.0263495 0.0916684 0.0355135 0.4467 0.0386573 0.0107119 0.0199867 0.0776336 0.0926783 0.0281308 0.0121092 0.0113383 0.0288054 0.0584718 0.041979 0.0147586 
0.016127 0.0404494 0.0252435 0.0276171 0.0299017 0.219261 0.00377206 0.00373432 0.00363528 0.00361939 0.00359777 0 0.00371064 0.0279676 0.0201266 0.0322933 0.0175449 0.479186 0.0249041 0.0217143 0.0313076 0.0248931 0.0266166 0.0135045 0.0117474 0.0161228 0.0197799 0.0354083 0.0144623 
0.0221883 0.0124777 0.0130942 0.0101169 0.0143528 0.0394026 0.00560564 0.00389949 0.00361593 0.00358988 0.00356563 0.00371064 0 0.0242083 0.0122138 0.0177834 0.018063 0.0250271 0.470646 0.024794 0.0140149 0.0118771 0.0135573 0.0139926 0.0144774 0.0106722 0.00972562 0.0143835 0.0192392 
0.0148491 0.0172171 0.0114567 0.00931186 0.00980016 0.0123118 0.0658007 0.462217 0.0191537 0.076798 0.0263495 0.0279676 0.0242083 0 0.0044774 0.00391503 0.00371194 0.00375684 0.010515 0.0570084 0.0114222 0.0127082 0.0167997 0.0268828 0.0125537 0.0107425 0.0114251 0.00949551 0.0240538 
0.0145906 0.0130118 0.0134968 0.0126796 0.00894562 0.00854859 0.0316115 0.0193768 0.45044 0.0230722 0.0916684 0.0201266 0.0122138 0.0044774 0 0.00358532 0.00366269 0.00494816 0.00363579 0.0161401 0.0404444 0.0127585 0.0168764 0.0130884 0.010944 0.0143477 0.0104584 0.0359207 0.00936617 
0.0100129 0.0177345 0.0188838 0.0122261 0.00930159 0.00893119 0.00929806 0.0439329 0.0285843 0.503553 0.0355135 0.0322933 0.0177834 0.00391503 0.00358532 0 0.00360145 0.0035802 0.00402516 0.0188574 0.0191007 0.0381027 0.017575 0.00962469 0.00963962 0.0115221 0.0404506 0.0134487 0.0103501 
0.00979165 0.0113288 0.0191971 0.0119596 0.00875516 0.00849943 0.00990826 0.0108574 0.0435985 0.0475406 0.4467 0.0175449 0.018063 0.00371194 0.00366269 0.00360145 0 0.00357 0.00354315 0.0112184 0.0254575 0.0375061 0.0190649 0.00909874 0.00909872 0.0147656 0.021806 0.0126074 0.00959699 
0.0109645 0.012215 0.0115593 0.0105429 0.00903956 0.00856988 0.0102886 0.0114033 0.0166954 0.0217298 0.0386573 0.479186 0.0250271 0.00375684 0.00494816 0.0035802 0.00357 0 0.0036726 0.0121193 0.0569568 0.0222149 0.0266576 0.0127613 0.0123395 0.012794 0.0107728 0.0300878 0.0100597 
0.0112651 0.00943635 0.00865709 0.00836679 0.0084865 0.00964453 0.0117139 0.012144 0.0093602 0.0113342 0.0107119 0.0249041 0.470646 0.010515 0.00363579 0.00402516 0.00354315 0.0036726 0 0.0596613 0.0182032 0.0142748 0.0220779 0.0317479 0.0162204 0.00966095 0.00927448 0.00991385 0.0185422 
0.0256254 0.0220304 0.01268 0.00928584 0.0101367 0.0111488 0.0277714 0.0402759 0.0191966 0.0315405 0.0199867 0.0217143 0.024794 0.0570084 0.0161401 0.0188574 0.0112184 0.0121193 0.0596613 0 0.00406306 0.00364686 0.00376231 0.00432562 0.581846 0.0224138 0.0254475 0.0150797 0.0860411 
0.0114259 0.0388008 0.0265865 0.0184854 0.00971609 0.00880636 0.0155452 0.040148 0.0541245 0.0624416 0.0776336 0.0313076 0.0140149 0.0114222 0.0404444 0.0191007 0.0254575 0.0569568 0.0182032 0.00406306 0 0.00356418 0.0036289 0.00368229 0.0383237 0.605676 0.022791 0.168153 0.0142853 
0.00952503 0.01578 0.0467792 0.0185269 0.00970086 0.00877937 0.0109029 0.024522 0.0728934 0.0965508 0.0926783 0.0248931 0.0118771 0.0127082 0.0127585 0.0381027 0.0375061 0.0222149 0.0142748 0.00364686 0.00356418 0 0.0035895 0.00357072 0.0254579 0.0288698 0.680345 0.0238418 0.0223658 
0.00921653 0.0167572 0.0115581 0.0104252 0.00946717 0.00871526 0.00965346 0.0203394 0.0208623 0.0286693 0.0281308 0.0266166 0.0135573 0.0167997 0.0168764 0.017575 0.0190649 0.0266576 0.0220779 0.00376231 0.0036289 0.0035895 0 0.00371183 0.0140997 0.176435 0.0226634 0.509836 0.0170878 
0.0117899 0.00899336 0.00902982 0.00874549 0.00843291 0.00873206 0.0147799 0.00937939 0.0116995 0.0121636 0.0121092 0.0135045 0.0139926 0.0268828 0.0130884 0.00962469 0.00909874 0.0127613 0.0317479 0.00432562 0.00368229 0.00357072 0.00371183 0 0.0884554 0.0124097 0.0171894 0.0370781 0.505868 
0.00897273 0.00866878 0.00879662 0.00837086 0.00862176 0.0088094 0.00956987 0.00972818 0.0105719 0.0119101 0.0113383 0.0117474 0.0144774 0.0125537 0.010944 0.00963962 0.00909872 0.0123395 0.0162204 0.581846 0.0383237 0.0254579 0.0140997 0.0884554 0 0.0037145 0.00363366 0.00369416 0.00440088 
0.00881811 0.0119387 0.0106134 0.00962522 0.0104494 0.00837887 0.00961641 0.0165646 0.0203632 0.0289907 0.0288054 0.0161228 0.0106722 0.0107425 0.0143477 0.0115221 0.0147656 0.012794 0.00966095 0.0224138 0.605676 0.0288698 0.176435 0.0124097 0.0037145 0 0.00358959 0.0036195 0.00365547 
0.00865704 0.0113774 0.0186538 0.0130808 0.00861744 0.00860943 0.00929226 0.0185667 0.045431 0.0684164 0.0584718 0.0197799 0.00972562 0.0114251 0.0104584 0.0404506 0.021806 0.0107728 0.00927448 0.0254475 0.022791 0.680345 0.0226634 0.0171894 0.00363366 0.00358959 0 0.00359322 0.00364788 
0.00898288 0.014892 0.0148337 0.0117089 0.00918379 0.00860784 0.0108097 0.0164117 0.0340037 0.0366487 0.041979 0.0354083 0.0143835 0.00949551 0.0359207 0.0134487 0.0126074 0.0300878 0.00991385 0.0150797 0.168153 0.0238418 0.509836 0.0370781 0.00369416 0.0036195 0.00359322 0 0.00360807 
0.0096844 0.00945712 0.0098861 0.00887617 0.00864452 0.00908419 0.0111251 0.00952355 0.0115043 0.0158956 0.0147586 0.0144623 0.0192392 0.0240538 0.00936617 0.0103501 0.00959699 0.0100597 0.0185422 0.0860411 0.0142853 0.0223658 0.0170878 0.505868 0.00440088 0.00365547 0.00364788 0.00360807 0 
