1GX3B
AMDLGGYLTRIGLDGRPRPDLGTLHAIVAAHNRSIPFENLDPLLGIPVADLSAEALFAKLVDRRRGGYCYEHNGLLGYVLEELGFEVERLSGRVVWMRADDAPLPAQTHNVLSVAVPGADGRYLVDVGFGGQTLTSPIRLEAGPVQQTRHEPYRLTRHGDDHTLAAQVRGEWQPLYTFTTEPRPRIDLEVGSWYVSTHPGSHFVTGLTVAVVTDDARYNLRGRNLAVHRSGATEHIRFDSAAQVLDAIVNRFGIDLGDLAGRDVQARVAEVLDT
CCCCHHHHHHHCCCCCCCCCHHHHHHHHHHHHHHCCEECHHHHCCCCCCCCCHHHHHHHHCCCCCCECHHHHHHHHHHHHHHHCCEEEEEEEEECCCCCCCCCCCCEEEEEEEEECCCCCCEEEECCCCCCCCCCCCEECCCCCEECCCCCCEEEEEECCEEEEEEEECCEEEEEEEECCCCCCHHHHHHHHHHHHHCCCCHHHHCCEEEEECCCCEEEEECCEEEEEECCEEEEEEECCHHHHHHHHHCCCCCCCHHHCCCCHHHHHHHCCCC
0 0 0 0 0 0 0 0 0 0 0 0 0 0 0 0 0 0 0 0 0 0 0 0 0 0 0 0 0 0 0 0 0 0 0 0 0 0 0 0 0 0 0 0 0 0 0 0 0 0 0 0 0 0 0 0 0 0 0 0 0 0 0 0 0 0 0 0 0 0 0 0 0 0 0 0 0 0 0 0 0 0 0 0 0 0 0 0 0 0 0 0 0 0 0 0 0 0 0 0 0 0 0 0 0 0 0 0 0 0 0 0 0 0 0 0 0 0 0 0 0 0 0 0 0 0 0 0 0 0 0 0 0 0 0 0 0 0 0 0 0 0 0 0 0 0 0 0 0 0 0 0 0 0 0 0 0 0 0 0 0 0 0 0 0 0 0 0 0 0 0 0 0 0 0 0 0 0 0 0 0 0 0 0 0 0 0 0 0 0 0 0 0 0 0 0 0 0 0 0 0 0 0 0 0 0 0 0 0 0 0 0 0 0 0 0 0 0 0 0 0 0 0 0 0 0 0 0 0 0 0 0 0 0 0 0 0 0 0 0 0 0 0 0 0 0 0 0 0 0 0 0 0 0 0 0 0 0 0 0 0 0 0 0 0 0 0 0 0 0 0 0 0 0 
0 0 0 0 0 0 0 0 0 0 0 0 0 0 0 0 0 0 0 0 0 0 0 0 0 0 0 0 0 0 0 0 0 0 0 0 0 0 0 0 0 0 0 0 0 0 0 0 0 0 0 0 0 0 0 0 0 0 0 0 0 0 0 0 0 0 0 0 0 0 0 0 0 0 0 0 0 0 0 0 0 0 0 0 0 0 0 0 0 0 0 0 0 0 0 0 0 0 0 0 0 0 0 0 0 0 0 0 0 0 0 0 0 0 0 0 0 0 0 0 0 0 0 0 0 0 0 0 0 0 0 0 0 0 0 0 0 0 0 0 0 0 0 0 0 0 0 0 0 0 0 0 0 0 0 0 0 0 0 0 0 0 0 0 0 0 0 0 0 0 0 0 0 0 0 0 0 0 0 0 0 0 0 0 0 0 0 0 0 0 0 0 0 0 0 0 0 0 0 0 0 0 0 0 0 0 0 0 0 0 0 0 0 0 0 0 0 0 0 0 0 0 0 0 0 0 0 0 0 0 0 0 0 0 0 0 0 0 0 0 0 0 0 0 0 0 0 0 0 0 0 0 0 0 0 0 0 0 0 0 0 0 0 0 0 0 0 0 0 0 0 0 0 0 
0 0.0105843 0.124342 0.012848 0.0126974 0.00885116 0.0108122 0.00994135 0.00958361 0.00982349 0.0091328 0.011841 0.00830782 0.00855319 0.00879888 0.00906383 0.00944788 0.00934715 0.00931126 0.0125607 0.0133931 0.00845768 0.00929954 0.0108115 0.0125666 0.00930349 0.00936154 0.00827191 0.0090626 0.00857545 0.00818159 0.00832132 0.00798701 0.00796376 0.00842268 0.00801225 0.00835121 0.00822008 0.00844002 0.00826809 0.00832854 0.00810591 0.00918056 0.00788438 0.00796781 0.00795955 0.0080645 0.00810059 0.00830615 0.00879847 0.00953934 0.00827489 0.00836345 0.00822846 0.00842174 0.00863968 0.00799765 0.00808226 0.00805705 0.00823454 0.00812507 0.00799655 0.00826267 0.00809327 0.00806669 0.00793601 0.00803864 0.00887688 0.00808362 0.00801998 0.00799762 0.00815032 0.0080219 0.00850466 
0.0105843 0 0.07055 0.0167513 0.00977989 0.00995058 0.0101978 0.00997253 0.00990209 0.0100095 0.00988781 0.00871552 0.0107415 0.00884483 0.00848234 0.00935492 0.00956704 0.00930576 0.00989752 0.0114735 0.0111474 0.00970281 0.00921634 0.0115797 0.0104526 0.0111407 0.00908643 0.00864618 0.00807872 0.00907583 0.00846797 0.00815018 0.00805181 0.00799643 0.0080162 0.00835436 0.00815284 0.00827168 0.00826806 0.00836561 0.00830844 0.00823433 0.00809743 0.00823548 0.00797248 0.00792936 0.00809597 0.00808739 0.00834711 0.00862885 0.00853182 0.00862147 0.00818912 0.00819302 0.00823825 0.00818516 0.00831551 0.00806331 0.00810648 0.00807393 0.00813717 0.00824438 0.00809187 0.00799771 0.00799824 0.00800637 0.00806279 0.00824707 0.00799364 0.00800733 0.00801715 0.00800295 0.00804635 0.00811563 
0.124342 0.07055 0 0.0218028 0.00993168 0.00903095 0.00975585 0.0105716 0.0100342 0.00978734 0.00975357 0.0161436 0.0148276 0.00977922 0.00936263 0.00944882 0.00962808 0.0098431 0.0096715 0.0121534 0.0154402 0.01158 0.0104925 0.0101984 0.0147952 0.0143874 0.0100996 0.0100485 0.00968912 0.0117202 0.00843727 0.00847216 0.00804797 0.00819869 0.00870641 0.00846825 0.00845562 0.00822413 0.00849285 0.00821348 0.00897189 0.00826619 0.00977702 0.00831596 0.00791632 0.00793912 0.0079627 0.00816739 0.00847421 0.00903478 0.0102394 0.00917598 0.0082547 0.00818758 0.00823572 0.0089704 0.00864714 0.00801905 0.00798528 0.00800758 0.00843575 0.00866101 0.00808321 0.00799847 0.00799934 0.00801862 0.00809771 0.00872826 0.00800141 0.00794441 0.00796607 0.00795736 0.00803064 0.00846552 
0.012848 0.0167513 0.0218028 0 0.00367633 0.00403522 0.00368118 0.00373837 0.0043712 0.00379624 0.00742353 0.0069962 0.0104773 0.00939713 0.00931305 0.0104162 0.0101172 0.00917305 0.0171116 0.0115543 0.471942 0.0169927 0.0112642 0.0141105 0.018295 0.0101235 0.0249336 0.0107116 0.00891918 0.00893306 0.0127671 0.00814705 0.0104143 0.00872982 0.0111962 0.0109244 0.00826571 0.00966388 0.00831297 0.00974221 0.00830372 0.0109975 0.00929172 0.00994691 0.00813373 0.00821581 0.00913805 0.00815904 0.00862936 0.00966065 0.0109711 0.0101797 0.00813655 0.00877841 0.00924654 0.00963717 0.00967485 0.00793735 0.00909778 0.00816327 0.00953745 0.00990497 0.00793743 0.00906266 0.00799919 0.00840214 0.00864787 0.00830694 0.00804104 0.00795198 0.0086252 0.00794588 0.00949295 0.00864821 
0.0126974 0.00977989 0.00993168 0.00367633 0 0.00357591 0.00354717 0.00358393 0.00358935 0.00466734 0.00419024 0.00479995 0.00825351 0.00885711 0.0105689 0.0101375 0.0101882 0.0187997 0.0113983 0.53495 0.0155559 0.00887821 0.0238419 0.0186971 0.0147084 0.013199 0.00836622 0.00829739 0.00891267 0.010838 0.00829414 0.0238277 0.00813607 0.00938388 0.00844961 0.00803431 0.0127843 0.00860146 0.0160897 0.00859654 0.0166623 0.00836435 0.0119926 0.00800173 0.00850522 0.00840915 0.00810213 0.0108646 0.00908452 0.00906002 0.0101866 0.0080835 0.0104529 0.00893445 0.00899478 0.00880799 0.00788581 0.00977989 0.00814772 0.00930414 0.0080324 0.00787533 0.0102222 0.00809879 0.00903403 0.00823949 0.00810527 0.00812684 0.00807171 0.00862717 0.00808274 0.0094325 0.00809422 0.00929629 
0.00885116 0.00995058 0.00903095 0.00403522 0.00357591 0 0.003536 0.00355743 0.0036011 0.00359225 0.00439951 0.00377191 0.00803858 0.0108468 0.00864359 0.010506 0.0162282 0.0145452 0.527074 0.0112204 0.0115849 0.0100133 0.0110708 0.0148089 0.00971954 0.00866706 0.00917098 0.00842055 0.008287 0.00841884 0.0169335 0.00838505 0.0126718 0.00828506 0.00811317 0.00865935 0.00847918 0.0187933 0.0100618 0.0215766 0.00897298 0.0109459 0.00813101 0.00821673 0.00813451 0.00821805 0.00980608 0.00881447 0.0127662 0.0102034 0.00835268 0.00863925 0.00867234 0.0116557 0.00897334 0.00828507 0.00836133 0.00830295 0.00984106 0.00827346 0.00815759 0.00850212 0.00833729 0.009122 0.00835212 0.00819819 0.00810357 0.00803905 0.00826212 0.00821921 0.00895569 0.0082392 0.00853983 0.00805172 
0.0108122 0.0101978 0.00975585 0.00368118 0.00354717 0.003536 0 0.00354377 0.0035511 0.00356691 0.00359894 0.00377015 0.00881645 0.00834295 0.00997696 0.0149151 0.0240542 0.53341 0.0597719 0.0217895 0.0112717 0.00894538 0.0162018 0.019277 0.0129846 0.0100743 0.00870755 0.00839812 0.00821706 0.0102465 0.00911144 0.0128379 0.00877107 0.00848957 0.00814191 0.00820252 0.0108172 0.0119379 0.0299901 0.0131291 0.016018 0.00909025 0.00857395 0.0079692 0.0081698 0.00856158 0.00877424 0.0123341 0.0152842 0.0100046 0.00894695 0.00828248 0.0102197 0.0107495 0.00959914 0.00844344 0.00808499 0.00907047 0.00880506 0.00881797 0.00816442 0.00801331 0.00892257 0.00890628 0.00886082 0.00818212 0.00796586 0.00812152 0.00820681 0.00867987 0.00836662 0.00874421 0.00832554 0.00819738 
0.00994135 0.00997253 0.0105716 0.00373837 0.00358393 0.00355743 0.00354377 0 0.0035632 0.00354164 0.00355493 0.00367434 0.00779595 0.0085584 0.0113074 0.0260385 0.448165 0.0528689 0.0163404 0.0250881 0.0132881 0.00879054 0.0131837 0.0153987 0.0128473 0.00938531 0.00855059 0.0083181 0.00828643 0.00923881 0.00946195 0.0127285 0.00885362 0.00889129 0.00818062 0.00825308 0.00919208 0.0168684 0.0223739 0.0156068 0.0175588 0.00898863 0.00861395 0.00796161 0.00821476 0.00863476 0.0088471 0.0125837 0.0152903 0.0110675 0.00889862 0.0083323 0.00979225 0.0116635 0.00954261 0.00839745 0.0080932 0.00866793 0.00877939 0.00863628 0.00809712 0.00796186 0.00866367 0.0085438 0.0088286 0.00821117 0.00811544 0.00796886 0.00822691 0.00877506 0.00838119 0.0085566 0.0083657 0.00818592 
0.00958361 0.00990209 0.0100342 0.0043712 0.00358935 0.0036011 0.0035511 0.0035632 0 0.00353635 0.00359384 0.00354945 0.00729518 0.0370419 0.0179327 0.446243 0.0536996 0.0117791 0.0523962 0.0107752 0.0142233 0.00906119 0.0121487 0.0169663 0.011398 0.00920242 0.00925345 0.00860324 0.00828428 0.00873491 0.01632 0.0088104 0.0128313 0.00843268 0.00820401 0.00849404 0.00937532 0.0213391 0.0137193 0.0234666 0.0109374 0.0102841 0.00831524 0.008208 0.00824198 0.00853284 0.0102732 0.00965468 0.0148251 0.0111474 0.00882647 0.00843432 0.00912158 0.011846 0.00936689 0.00839366 0.00819416 0.00852705 0.00937162 0.00846259 0.00819857 0.00825211 0.00839639 0.00941477 0.00855288 0.00821165 0.00799247 0.00817029 0.00825714 0.00843603 0.00865467 0.0085617 0.00837886 0.00804134 
0.00982349 0.0100095 0.00978734 0.00379624 0.00466734 0.00359225 0.00356691 0.00354164 0.00353635 0 0.00354664 0.00364063 0.012116 0.0134279 0.531978 0.0264013 0.0109596 0.0339669 0.0117685 0.0225467 0.00972827 0.00966109 0.0163563 0.0124272 0.0126472 0.010263 0.00851463 0.00842424 0.00843683 0.011111 0.00849989 0.0231996 0.00851221 0.008425 0.00822443 0.00845557 0.0106578 0.00977266 0.020349 0.0100454 0.0148609 0.00844484 0.00963762 0.00809925 0.00840298 0.00885531 0.0083816 0.0110229 0.0112778 0.00934901 0.00931346 0.00826006 0.0094362 0.00986393 0.00924405 0.00861486 0.00813632 0.00885376 0.00840377 0.0088758 0.00813746 0.00796337 0.00954567 0.00849825 0.00907127 0.00813446 0.00804024 0.00804526 0.00807792 0.00881476 0.00829732 0.00893932 0.00817451 0.00833225 
0.0091328 0.00988781 0.00975357 0.00742353 0.00419024 0.00439951 0.00359894 0.00355493 0.00359384 0.00354664 0 0.00394623 0.0148686 0.41855 0.0107651 0.0116857 0.0163305 0.00996148 0.0188996 0.0121873 0.0125843 0.0112058 0.0128486 0.0196488 0.00962922 0.00920108 0.010525 0.00884912 0.00835235 0.00899164 0.0180874 0.00843146 0.00922797 0.00834897 0.00815937 0.00929314 0.00877044 0.0109543 0.00909032 0.0105556 0.00855387 0.0094612 0.008258 0.00835429 0.00848234 0.00812546 0.00829074 0.00845495 0.00932802 0.01003 0.00844698 0.00872395 0.00852933 0.00908051 0.00871094 0.00827691 0.008258 0.0083095 0.00863502 0.00805309 0.00817909 0.00831388 0.00821996 0.00846989 0.00826307 0.00808907 0.00800931 0.00807993 0.00819142 0.00822344 0.00820251 0.00818334 0.00821397 0.00794181 
0.011841 0.00871552 0.0161436 0.0069962 0.00479995 0.00377191 0.00377015 0.00367434 0.00354945 0.00364063 0.00394623 0 0.359692 0.00724504 0.00763866 0.0086067 0.00849771 0.0123345 0.00902318 0.010605 0.0119938 0.0118523 0.011385 0.00982493 0.0126884 0.0144837 0.00882892 0.00988551 0.00835166 0.0223394 0.00839107 0.00922377 0.00822154 0.00818429 0.00847134 0.00896673 0.00876858 0.00832025 0.00873502 0.00868616 0.0086279 0.00819631 0.00885843 0.010642 0.00834973 0.00805427 0.007994 0.00826615 0.00867101 0.0083082 0.00878116 0.00982641 0.0082103 0.00826169 0.00813927 0.00837021 0.00841139 0.00815787 0.0080759 0.00800139 0.00811144 0.00825813 0.00810111 0.00804784 0.00818481 0.00802226 0.00798007 0.0086889 0.00800822 0.0082108 0.00797493 0.00814085 0.00794328 0.0080398 
0.00830782 0.0107415 0.0148276 0.0104773 0.00825351 0.00803858 0.00881645 0.00779595 0.00729518 0.012116 0.0148686 0.359692 0 0.00417523 0.00357306 0.00358982 0.00358295 0.00372187 0.00384071 0.00475625 0.0069625 0.00734726 0.00762841 0.0094344 0.0177292 0.00961898 0.0148674 0.00889309 0.00955685 0.00966738 0.00894809 0.00870913 0.00850893 0.00856756 0.00971481 0.00857837 0.00856948 0.00876283 0.00872644 0.00889565 0.00865101 0.00874866 0.011423 0.00821761 0.00816294 0.00808332 0.00819293 0.00837836 0.00850991 0.00873348 0.0114867 0.00827942 0.00824071 0.00828138 0.00846067 0.00917365 0.00802869 0.00804818 0.00809466 0.00804866 0.00843021 0.00804544 0.00799981 0.00799191 0.0079965 0.00795643 0.00832896 0.0079463 0.00785417 0.00797564 0.00794013 0.00806005 0.00800925 0.00864577 
0.00855319 0.00884483 0.00977922 0.00939713 0.00885711 0.0108468 0.00834295 0.0085584 0.0370419 0.0134279 0.41855 0.00724504 0.00417523 0 0.00364625 0.00359281 0.00357872 0.00361793 0.00369755 0.00395376 0.00410368 0.00662896 0.010443 0.0120515 0.00828723 0.0105877 0.00904544 0.00872227 0.00844518 0.00929655 0.0107474 0.00877178 0.00887196 0.00865254 0.00832605 0.0084466 0.00967419 0.00968349 0.00957811 0.00988355 0.009571 0.00976911 0.0086714 0.00812385 0.0081187 0.0081207 0.00836094 0.00852371 0.00961938 0.00983361 0.00882696 0.00821127 0.0085626 0.00909016 0.00904527 0.00830596 0.0079946 0.0082354 0.00833486 0.00825999 0.00802909 0.00792358 0.00820913 0.00822992 0.00818818 0.00813057 0.00802368 0.00787321 0.00805148 0.00814073 0.00824204 0.00811438 0.00833143 0.00799037 
0.00879888 0.00848234 0.00936263 0.00931305 0.0105689 0.00864359 0.00997696 0.0113074 0.0179327 0.531978 0.0107651 0.00763866 0.00357306 0.00364625 0 0.00359165 0.00357397 0.00361027 0.00361562 0.0036103 0.00365526 0.00650324 0.00815309 0.00912715 0.00795022 0.00994538 0.00889944 0.00847754 0.00842979 0.00967712 0.0110853 0.0119228 0.00954455 0.0085751 0.00840243 0.00862034 0.00960788 0.0138416 0.014909 0.0144794 0.0129381 0.0103624 0.00866346 0.00819884 0.00832947 0.00858081 0.00868021 0.0116679 0.0128242 0.0107544 0.00874457 0.0084023 0.00979124 0.0127305 0.00947553 0.0085004 0.00811285 0.0085463 0.00924082 0.0086017 0.00814631 0.00801335 0.0086107 0.00920091 0.00868816 0.00821324 0.00795243 0.00801941 0.00818723 0.00880254 0.0086406 0.00894855 0.00838148 0.00817781 
0.00906383 0.00935492 0.00944882 0.0104162 0.0101375 0.010506 0.0149151 0.0260385 0.446243 0.0264013 0.0116857 0.0086067 0.00358982 0.00359281 0.00359165 0 0.00358517 0.00357952 0.00359666 0.003659 0.00380939 0.00666007 0.010162 0.00962943 0.0105518 0.0109312 0.0110508 0.00887007 0.00859501 0.0103308 0.0151222 0.0190327 0.0106777 0.00947627 0.00862894 0.00918552 0.0126507 0.0211072 0.0283808 0.0258253 0.02564 0.0110815 0.00972019 0.00839192 0.00880297 0.00894222 0.0111767 0.0134838 0.0235863 0.0146033 0.00962337 0.00899919 0.0133609 0.0193928 0.0113888 0.00885106 0.00848347 0.00954238 0.0100888 0.0104062 0.00886213 0.00832752 0.00908427 0.0100176 0.00957393 0.0085397 0.00805858 0.00811639 0.00839689 0.0092097 0.00930476 0.00962004 0.00858139 0.00834867 
0.00944788 0.00956704 0.00962808 0.0101172 0.0101882 0.0162282 0.0240542 0.448165 0.0536996 0.0109596 0.0163305 0.00849771 0.00358295 0.00357872 0.00357397 0.00358517 0 0.00358216 0.00356528 0.00358071 0.00359912 0.00664587 0.00897051 0.0145944 0.0560966 0.0184935 0.0101905 0.00861559 0.00875101 0.0109595 0.0208371 0.0123981 0.0130512 0.00939109 0.00872846 0.00907961 0.0122773 0.0323699 0.0329057 0.0415948 0.019656 0.0145643 0.00877101 0.00850455 0.00860293 0.00967743 0.0135378 0.0184081 0.0250731 0.0177786 0.00965133 0.00949036 0.0139217 0.0268948 0.0132317 0.00919422 0.00868692 0.00944107 0.0142001 0.00972085 0.00890134 0.00831533 0.00955423 0.0126525 0.009796 0.00915453 0.00806527 0.0083069 0.00865846 0.0103588 0.0107419 0.00965612 0.010011 0.00831043 
0.00934715 0.00930576 0.0098431 0.00917305 0.0187997 0.0145452 0.53341 0.0528689 0.0117791 0.0339669 0.00996148 0.0123345 0.00372187 0.00361793 0.00361027 0.00357952 0.00358216 0 0.00356129 0.00361552 0.00359211 0.00675893 0.014093 0.0366829 0.72185 0.0117186 0.00963674 0.00868462 0.0087029 0.0150988 0.0113303 0.0319035 0.00982301 0.00985537 0.00864382 0.00907689 0.017095 0.0290771 0.0546856 0.021141 0.039742 0.0102372 0.0101881 0.00859847 0.00903603 0.00958361 0.0116402 0.0213344 0.0302889 0.0158489 0.0131058 0.00952857 0.0188013 0.0239495 0.0156232 0.00934633 0.00890709 0.0122981 0.0123038 0.0132655 0.00865615 0.00852994 0.0112586 0.00971812 0.0123962 0.00851257 0.00808911 0.00836657 0.00922379 0.0111607 0.00930493 0.0111794 0.00864271 0.00866348 
0.00931126 0.00989752 0.0096715 0.0171116 0.0113983 0.527074 0.0597719 0.0163404 0.0523962 0.0117685 0.0188996 0.00902318 0.00384071 0.00369755 0.00361562 0.00359666 0.00356528 0.00356129 0 0.00356148 0.0036063 0.0091995 0.0439681 0.845291 0.0148503 0.0103338 0.0132001 0.00935287 0.00896808 0.0109637 0.0361288 0.0106324 0.0205502 0.0096656 0.00900968 0.0101645 0.0157787 0.0622982 0.0232626 0.0604018 0.0178564 0.0209022 0.00893743 0.00885747 0.00891248 0.0109315 0.0150242 0.0167455 0.0378993 0.0248183 0.0113107 0.0104918 0.0147871 0.0442685 0.0163176 0.00937639 0.00926165 0.00956534 0.0255495 0.00992449 0.00943332 0.00933389 0.00935942 0.0190608 0.0095914 0.00912407 0.00825399 0.00873368 0.00908057 0.0104858 0.0128444 0.00909875 0.0108185 0.00837782 
0.0125607 0.0114735 0.0121534 0.0115543 0.53495 0.0112204 0.0217895 0.0250881 0.0107752 0.0225467 0.0121873 0.010605 0.00475625 0.00395376 0.0036103 0.003659 0.00358071 0.00361552 0.00356148 0 0.00363899 0.0270632 0.825545 0.0381538 0.0172602 0.0227169 0.0114142 0.0101408 0.0117524 0.0217141 0.0119003 0.0286295 0.00925556 0.0124456 0.00872146 0.0096025 0.0260256 0.0135401 0.0367166 0.0124576 0.0279254 0.0109348 0.0122978 0.00869981 0.0102351 0.00923523 0.00911687 0.0138349 0.0213833 0.0235032 0.0140355 0.00988343 0.0218485 0.0162639 0.0171329 0.00979198 0.0086878 0.0160349 0.00996817 0.0174141 0.00888817 0.00859453 0.0147954 0.00898242 0.0103029 0.00849649 0.00816075 0.00865445 0.00881029 0.00985379 0.00853097 0.0111327 0.00832212 0.00886326 
0.0133931 0.0111474 0.0154402 0.471942 0.0155559 0.0115849 0.0112717 0.0132881 0.0142233 0.00972827 0.0125843 0.0119938 0.0069625 0.00410368 0.00365526 0.00380939 0.00359912 0.00359211 0.0036063 0.00363899 0 0.834428 0.0157111 0.00959244 0.0210196 0.0197333 0.0200475 0.0157859 0.0107642 0.0244615 0.0150619 0.00917314 0.00997773 0.00879896 0.0100543 0.0220693 0.0104373 0.0158713 0.0110464 0.0159678 0.00979729 0.0130282 0.0101096 0.0180228 0.00895166 0.00856441 0.00872533 0.0095807 0.0113769 0.0142306 0.0144032 0.0223246 0.0104477 0.0108466 0.00984478 0.0109089 0.0149826 0.00883341 0.00956788 0.00856672 0.0105872 0.0145581 0.00886902 0.00943002 0.00859446 0.00856977 0.0082449 0.0112074 0.00894949 0.00843171 0.0085009 0.00824275 0.00911515 0.00843476 
0.00845768 0.00970281 0.01158 0.0169927 0.00887821 0.0100133 0.00894538 0.00879054 0.00906119 0.00966109 0.0112058 0.0118523 0.00734726 0.00662896 0.00650324 0.00666007 0.00664587 0.00675893 0.0091995 0.0270632 0.834428 0 0.00369981 0.00367066 0.004414 0.0105929 0.0252435 0.0105518 0.0100106 0.0108418 0.0112062 0.00917338 0.00991081 0.00928825 0.0121838 0.0104232 0.00910254 0.00947359 0.00899261 0.00960744 0.00885866 0.00979248 0.0131839 0.00936811 0.00839511 0.0082801 0.00841135 0.00869415 0.00895078 0.00984382 0.014682 0.00965274 0.00859093 0.0085246 0.00908435 0.010575 0.00891648 0.00810746 0.00838047 0.00819492 0.00913619 0.00891297 0.00808464 0.00838081 0.00815886 0.00832907 0.00895922 0.00811622 0.0079436 0.00804335 0.00814436 0.00806182 0.00847329 0.00902656 
0.00929954 0.00921634 0.0104925 0.0112642 0.0238419 0.0110708 0.0162018 0.0131837 0.0121487 0.0163563 0.0128486 0.011385 0.00762841 0.010443 0.00815309 0.010162 0.00897051 0.014093 0.0439681 0.825545 0.0157111 0.00369981 0 0.00358788 0.00367857 0.0332693 0.0361097 0.0113611 0.0103132 0.0161009 0.0165588 0.0195796 0.0100244 0.0116624 0.0106468 0.00922402 0.0190215 0.013839 0.0179955 0.0136728 0.019226 0.0135268 0.0126616 0.00895131 0.00923917 0.00932097 0.00980392 0.0137283 0.0155737 0.0137855 0.0143076 0.00994483 0.0138354 0.0203188 0.0128227 0.0114203 0.00851666 0.009977 0.00994909 0.00990019 0.0087747 0.00840913 0.0104884 0.00990132 0.00911403 0.0091081 0.00844176 0.00816022 0.00844137 0.00882438 0.00865751 0.00900523 0.00900986 0.00870629 
0.0108115 0.0115797 0.0101984 0.0141105 0.0186971 0.0148089 0.019277 0.0153987 0.0169663 0.0124272 0.0196488 0.00982493 0.0094344 0.0120515 0.00912715 0.00962943 0.0145944 0.0366829 0.845291 0.0381538 0.00959244 0.00367066 0.00358788 0 0.00362 0.0738543 0.03473 0.0127351 0.0124491 0.0129235 0.0480946 0.0117669 0.0125059 0.0136894 0.00906633 0.0103826 0.0153324 0.0234435 0.0215704 0.0213213 0.0183551 0.0211941 0.00965169 0.00882495 0.0100728 0.0095574 0.0106953 0.0139627 0.0252649 0.0505358 0.0111235 0.0111868 0.0182737 0.0211289 0.0237881 0.00915397 0.0088276 0.0111204 0.0110181 0.0137617 0.00908412 0.00898556 0.0102879 0.0106462 0.0102067 0.00904511 0.00811293 0.00865511 0.00870691 0.00939249 0.00934226 0.00985084 0.00938595 0.00842786 
0.0125666 0.0104526 0.0147952 0.018295 0.0147084 0.00971954 0.0129846 0.0128473 0.011398 0.0126472 0.00962922 0.0126884 0.0177292 0.00828723 0.00795022 0.0105518 0.0560966 0.72185 0.0148503 0.0172602 0.0210196 0.004414 0.00367857 0.00362 0 0.0325438 0.0214161 0.0125344 0.0130201 0.0475959 0.0112549 0.0125392 0.00910725 0.0103527 0.0110878 0.0124969 0.0115672 0.0123126 0.0162533 0.0138232 0.014614 0.0114815 0.0166511 0.0111519 0.0087648 0.00867736 0.00888276 0.0114004 0.0169941 0.016765 0.0333444 0.0176976 0.0124237 0.0152895 0.0122653 0.0136258 0.0113934 0.0102011 0.00963093 0.00988763 0.0113405 0.01153 0.0101044 0.00995609 0.00919112 0.00846414 0.00829984 0.0111852 0.00853309 0.00917727 0.0086154 0.00879677 0.00842472 0.00940845 
0.00930349 0.0111407 0.0143874 0.0101235 0.013199 0.00866706 0.0100743 0.00938531 0.00920242 0.010263 0.00920108 0.0144837 0.00961898 0.0105877 0.00994538 0.0109312 0.0184935 0.0117186 0.0103338 0.0227169 0.0197333 0.0105929 0.0332693 0.0738543 0.0325438 0 0.00421586 0.00724561 0.30754 0.0126489 0.00953478 0.0133348 0.0079676 0.0100832 0.0118838 0.00835438 0.0119273 0.00887431 0.0104289 0.00869513 0.010209 0.00903324 0.0225244 0.00878285 0.00956636 0.00845515 0.00886077 0.00947896 0.00953173 0.0120246 0.0251334 0.00974363 0.0115432 0.00901182 0.0102677 0.0145149 0.00846519 0.00968622 0.00841566 0.0093575 0.0101569 0.00851279 0.00975015 0.00837505 0.00869113 0.00828452 0.00957828 0.00856541 0.00815436 0.00842177 0.00812204 0.00881988 0.00812783 0.0167663 
0.00936154 0.00908643 0.0100996 0.0249336 0.00836622 0.00917098 0.00870755 0.00855059 0.00925345 0.00851463 0.010525 0.00882892 0.0148674 0.00904544 0.00889944 0.0110508 0.0101905 0.00963674 0.0132001 0.0114142 0.0200475 0.0252435 0.0361097 0.03473 0.0214161 0.00421586 0 0.288587 0.00586187 0.0122867 0.0178909 0.00788915 0.00963684 0.00831857 0.00834664 0.0139028 0.00915047 0.00977611 0.00891109 0.00987916 0.00872796 0.0143137 0.00892551 0.0169424 0.00865715 0.00836821 0.00849517 0.00878818 0.00952213 0.0140124 0.0100702 0.0156716 0.00877852 0.00931088 0.0101766 0.00879119 0.0128667 0.00830732 0.00892475 0.00850642 0.00903832 0.0123442 0.00837346 0.00873091 0.00823841 0.00834306 0.00811475 0.00966429 0.00844513 0.00802058 0.00841352 0.00801627 0.0096064 0.00815397 
0.00827191 0.00864618 0.0100485 0.0107116 0.00829739 0.00842055 0.00839812 0.0083181 0.00860324 0.00842424 0.00884912 0.00988551 0.00889309 0.00872227 0.00847754 0.00887007 0.00861559 0.00868462 0.00935287 0.0101408 0.0157859 0.0105518 0.0113611 0.0127351 0.0125344 0.00724561 0.288587 0 0.00452849 0.00561187 0.14957 0.00826172 0.00576606 0.0057408 0.00759391 0.00662821 0.00743418 0.00769298 0.00775881 0.00785402 0.00796499 0.0094244 0.0254608 0.00863031 0.00846188 0.00802447 0.00818404 0.00851569 0.00869635 0.0101076 0.0129128 0.00926803 0.0085688 0.00842407 0.00911745 0.0101708 0.00858152 0.00824881 0.00825085 0.00819638 0.00892295 0.00851246 0.00818328 0.0081401 0.00815586 0.00815927 0.00844606 0.00810568 0.00799865 0.00808346 0.00804328 0.00807107 0.00822213 0.00871041 
0.0090626 0.00807872 0.00968912 0.00891918 0.00891267 0.008287 0.00821706 0.00828643 0.00828428 0.00843683 0.00835235 0.00835166 0.00955685 0.00844518 0.00842979 0.00859501 0.00875101 0.0087029 0.00896808 0.0117524 0.0107642 0.0100106 0.0103132 0.0124491 0.0130201 0.30754 0.00586187 0.00452849 0 0.288559 0.00484124 0.00618271 0.00492514 0.00577416 0.00573497 0.00617683 0.00753672 0.00725689 0.00723079 0.00797381 0.00836316 0.0252663 0.0114414 0.00858966 0.00833711 0.00792626 0.00806476 0.00860804 0.0087478 0.00989261 0.00990001 0.0102468 0.00869692 0.00844312 0.00857936 0.00898876 0.00899589 0.00843492 0.00811644 0.00835825 0.00828366 0.00855534 0.00838243 0.00814166 0.00822393 0.00819702 0.00800738 0.00868145 0.00802989 0.00807822 0.00797249 0.008122 0.00804667 0.00846442 
0.00857545 0.00907583 0.0117202 0.00893306 0.010838 0.00841884 0.0102465 0.00923881 0.00873491 0.011111 0.00899164 0.0223394 0.00966738 0.00929655 0.00967712 0.0103308 0.0109595 0.0150988 0.0109637 0.0217141 0.0244615 0.0108418 0.0161009 0.0129235 0.0475959 0.0126489 0.0122867 0.00561187 0.288559 0 0.00360929 0.0037204 0.00356226 0.00371805 0.00432181 0.00419004 0.00572596 0.00615274 0.007872 0.0101321 0.904706 0.0103713 0.0458019 0.00707881 0.00825134 0.00755327 0.00779689 0.00930545 0.0103855 0.0106945 0.0519818 0.0113622 0.0157127 0.0110231 0.0127851 0.0239499 0.00920739 0.0113541 0.00876715 0.0104026 0.0128892 0.0090856 0.0108463 0.00860949 0.00986374 0.00877194 0.0170544 0.00899017 0.00833881 0.00894761 0.00834967 0.00996192 0.00822839 0.0215728 
0.00818159 0.00846797 0.00843727 0.0127671 0.00829414 0.0169335 0.00911144 0.00946195 0.01632 0.00849989 0.0180874 0.00839107 0.00894809 0.0107474 0.0110853 0.0151222 0.0208371 0.0113303 0.0361288 0.0119003 0.0150619 0.0112062 0.0165588 0.0480946 0.0112549 0.00953478 0.0178909 0.14957 0.00484124 0.00360929 0 0.0035358 0.00363976 0.00364034 0.00370853 0.00409092 0.00504658 0.0116337 0.00839577 0.956429 0.00962964 0.0287246 0.00685388 0.00774553 0.00760618 0.00777311 0.00892293 0.00859769 0.0122222 0.0298996 0.0101074 0.0126385 0.0112419 0.0212588 0.0230604 0.00932457 0.0108806 0.00857508 0.0204853 0.00885105 0.00960591 0.0102638 0.00853971 0.0191796 0.00892139 0.0139335 0.0083057 0.00851093 0.00988614 0.00853658 0.01306 0.00837401 0.0303175 0.00827389 
0.00832132 0.00815018 0.00847216 0.00814705 0.0238277 0.00838505 0.0128379 0.0127285 0.0088104 0.0231996 0.00843146 0.00922377 0.00870913 0.00877178 0.0119228 0.0190327 0.0123981 0.0319035 0.0106324 0.0286295 0.00917314 0.00917338 0.0195796 0.0117669 0.0125392 0.0133348 0.00788915 0.00826172 0.00618271 0.0037204 0.0035358 0 0.00354916 0.00364081 0.00366632 0.00368177 0.00560547 0.00636284 0.966096 0.00709371 0.0201315 0.00590869 0.011785 0.0065921 0.00822619 0.00785233 0.00728187 0.0101081 0.0115353 0.00942769 0.0129407 0.00924085 0.0200248 0.0128148 0.0112299 0.0103606 0.00835456 0.0179821 0.00869411 0.0135273 0.00848274 0.00823713 0.016443 0.00855547 0.0230088 0.00840137 0.00837848 0.00872978 0.00831308 0.0127057 0.00842554 0.0256383 0.00830666 0.0101807 
0.00798701 0.00805181 0.00804797 0.0104143 0.00813607 0.0126718 0.00877107 0.00885362 0.0128313 0.00851221 0.00922797 0.00822154 0.00850893 0.00887196 0.00954455 0.0106777 0.0130512 0.00982301 0.0205502 0.00925556 0.00997773 0.00991081 0.0100244 0.0125059 0.00910725 0.0079676 0.00963684 0.00576606 0.00492514 0.00356226 0.00363976 0.00354916 0 0.00354514 0.00357729 0.00443298 0.00431883 0.937355 0.0052955 0.0128026 0.00544761 0.00785777 0.00561763 0.00720119 0.00711881 0.00726407 0.00780186 0.00790866 0.010391 0.0107265 0.00949811 0.00986202 0.00937807 0.0182531 0.00966092 0.00863631 0.00901085 0.00849555 0.0151091 0.00845286 0.0085016 0.00958952 0.00834898 0.0168832 0.00854445 0.00855747 0.00815383 0.00808822 0.00831713 0.00850966 0.0139792 0.0084472 0.00931353 0.0082845 
0.00796376 0.00799643 0.00819869 0.00872982 0.00938388 0.00828506 0.00848957 0.00889129 0.00843268 0.008425 0.00834897 0.00818429 0.00856756 0.00865254 0.0085751 0.00947627 0.00939109 0.00985537 0.0096656 0.0124456 0.00879896 0.00928825 0.0116624 0.0136894 0.0103527 0.0100832 0.00831857 0.0057408 0.00577416 0.00371805 0.00364034 0.00364081 0.00354514 0 0.00384867 0.00397132 0.9763 0.00655868 0.00752901 0.00449553 0.00762424 0.00543824 0.00579149 0.00640924 0.00839645 0.00677918 0.00954003 0.00787413 0.00871236 0.00970725 0.00870937 0.00953194 0.0125693 0.00907937 0.0100803 0.00855335 0.00885376 0.00947009 0.00840259 0.00895307 0.00824935 0.00825675 0.0148269 0.00830485 0.00844837 0.00833438 0.00807403 0.00872056 0.00827253 0.00916785 0.00831538 0.00843451 0.00823841 0.00819628 
0.00842268 0.0080162 0.00870641 0.0111962 0.00844961 0.00811317 0.00814191 0.00818062 0.00820401 0.00822443 0.00815937 0.00847134 0.00971481 0.00832605 0.00840243 0.00862894 0.00872846 0.00864382 0.00900968 0.00872146 0.0100543 0.0121838 0.0106468 0.00906633 0.0110878 0.0118838 0.00834664 0.00759391 0.00573497 0.00432181 0.00370853 0.00366632 0.00357729 0.00384867 0 0.993173 0.00460649 0.0108054 0.00375119 0.00412116 0.00425682 0.00489137 0.00525322 0.00740726 0.00695928 0.00687522 0.00632796 0.00672003 0.00772542 0.00848724 0.0100561 0.0147845 0.00923363 0.00876949 0.00879425 0.00958821 0.0113672 0.00850276 0.00820039 0.00816991 0.00917564 0.0119089 0.00831595 0.00829423 0.0082508 0.00812589 0.00814583 0.0110137 0.00846834 0.00825915 0.00804977 0.00815928 0.00809277 0.00840311 
0.00801225 0.00835436 0.00846825 0.0109244 0.00803431 0.00865935 0.00820252 0.00825308 0.00849404 0.00845557 0.00929314 0.00896673 0.00857837 0.0084466 0.00862034 0.00918552 0.00907961 0.00907689 0.0101645 0.0096025 0.0220693 0.0104232 0.00922402 0.0103826 0.0124969 0.00835438 0.0139028 0.00662821 0.00617683 0.00419004 0.00409092 0.00368177 0.00443298 0.00397132 0.993173 0 0.00355321 0.00354233 0.00355874 0.00360291 0.00359588 0.00375244 0.0043748 0.0053093 0.00528247 0.00541907 0.00550205 0.00591084 0.00701119 0.00988482 0.247464 0.0154018 0.0091161 0.00984045 0.0100013 0.0120482 0.0100623 0.00850958 0.00910226 0.00846238 0.0108275 0.0101851 0.00839628 0.00882059 0.00838273 0.00866914 0.00938381 0.00830975 0.00811555 0.00819651 0.00844041 0.00813625 0.0090906 0.00915105 
0.00835121 0.00815284 0.00845562 0.00826571 0.0127843 0.00847918 0.0108172 0.00919208 0.00937532 0.0106578 0.00877044 0.00876858 0.00856948 0.00967419 0.00960788 0.0126507 0.0122773 0.017095 0.0157787 0.0260256 0.0104373 0.00910254 0.0190215 0.0153324 0.0115672 0.0119273 0.00915047 0.00743418 0.00753672 0.00572596 0.00504658 0.00560547 0.00431883 0.9763 0.00460649 0.00355321 0 0.00354399 0.00356021 0.00356506 0.00371348 0.00367435 0.00397006 0.00484138 0.00562094 0.00557668 0.00596862 0.00654663 0.0108743 0.292625 0.457511 0.0109856 0.020818 0.0136602 0.0135585 0.0102914 0.00886767 0.0144984 0.00892099 0.0136121 0.0088732 0.00857328 0.0155981 0.00906476 0.0116432 0.00904058 0.00914927 0.00841094 0.00851317 0.00952563 0.00867422 0.0115559 0.00854376 0.00994905 
0.00822008 0.00827168 0.00822413 0.00966388 0.00860146 0.0187933 0.0119379 0.0168684 0.0213391 0.00977266 0.0109543 0.00832025 0.00876283 0.00968349 0.0138416 0.0211072 0.0323699 0.0290771 0.0622982 0.0135401 0.0158713 0.00947359 0.013839 0.0234435 0.0123126 0.00887431 0.00977611 0.00769298 0.00725689 0.00615274 0.0116337 0.00636284 0.937355 0.00655868 0.0108054 0.00354233 0.00354399 0 0.00354385 0.00354292 0.00369313 0.00358465 0.00361442 0.00452489 0.00532848 0.00560728 0.00594096 0.00848729 0.259096 0.587991 0.0112996 0.0150785 0.0152807 0.0435127 0.0151161 0.00986925 0.010409 0.010254 0.0347384 0.0097122 0.0111158 0.00989663 0.00965604 0.0301871 0.0100248 0.0119337 0.00842859 0.00867984 0.0100069 0.00988886 0.0201232 0.00914618 0.0205747 0.00848106 
0.00844002 0.00826806 0.00849285 0.00831297 0.0160897 0.0100618 0.0299901 0.0223739 0.0137193 0.020349 0.00909032 0.00873502 0.00872644 0.00957811 0.014909 0.0283808 0.0329057 0.0546856 0.0232626 0.0367166 0.0110464 0.00899261 0.0179955 0.0215704 0.0162533 0.0104289 0.00891109 0.00775881 0.00723079 0.007872 0.00839577 0.966096 0.0052955 0.00752901 0.00375119 0.00355874 0.00356021 0.00354385 0 0.00354323 0.00354121 0.00356116 0.0035928 0.00377537 0.00482005 0.00494691 0.00658371 0.255007 0.556589 0.00857128 0.0080237 0.0120052 0.0290265 0.0259739 0.0180751 0.00994523 0.00918559 0.0245047 0.0117761 0.0242048 0.0101365 0.00893493 0.0202251 0.0111926 0.0312234 0.00913677 0.0086247 0.00890426 0.00901733 0.0206582 0.00987162 0.0311076 0.00879102 0.00960948 
0.00826809 0.00836561 0.00821348 0.00974221 0.00859654 0.0215766 0.0131291 0.0156068 0.0234666 0.0100454 0.0105556 0.00868616 0.00889565 0.00988355 0.0144794 0.0258253 0.0415948 0.021141 0.0604018 0.0124576 0.0159678 0.00960744 0.0136728 0.0213213 0.0138232 0.00869513 0.00987916 0.00785402 0.00797381 0.0101321 0.956429 0.00709371 0.0128026 0.00449553 0.00412116 0.00360291 0.00356506 0.00354292 0.00354323 0 0.00350926 0.0035478 0.00354976 0.00410667 0.00450742 0.0053604 0.816303 0.0585594 0.00923826 0.00918909 0.00753721 0.0143022 0.0139009 0.044304 0.0132944 0.0097958 0.0112091 0.0101698 0.040364 0.00990093 0.0118621 0.0106175 0.00965791 0.034398 0.0103804 0.0105292 0.00882635 0.00891526 0.0114293 0.0107088 0.0274464 0.00935789 0.0136747 0.00857894 
0.00832854 0.00830844 0.00897189 0.00830372 0.0166623 0.00897298 0.016018 0.0175588 0.0109374 0.0148609 0.00855387 0.0086279 0.00865101 0.009571 0.0129381 0.02564 0.019656 0.039742 0.0178564 0.0279254 0.00979729 0.00885866 0.019226 0.0183551 0.014614 0.010209 0.00872796 0.00796499 0.00836316 0.904706 0.00962964 0.0201315 0.00544761 0.00762424 0.00425682 0.00359588 0.00371348 0.00369313 0.00354121 0.00350926 0 0.00355087 0.00354921 0.00493511 0.00976768 0.915484 0.0164856 0.00879226 0.00858145 0.00794593 0.00846497 0.0114608 0.0248465 0.021971 0.0146452 0.0100376 0.00885021 0.0194277 0.0105293 0.017475 0.00923772 0.00865205 0.0274354 0.0101413 0.0196418 0.00887167 0.00843412 0.00926406 0.00880825 0.0230729 0.00905725 0.02035 0.00853387 0.00945674 
0.00810591 0.00823433 0.00826619 0.0109975 0.00836435 0.0109459 0.00909025 0.00898863 0.0102841 0.00844484 0.0094612 0.00819631 0.00874866 0.00976911 0.0103624 0.0110815 0.0145643 0.0102372 0.0209022 0.0109348 0.0130282 0.00979248 0.0135268 0.0211941 0.0114815 0.00903324 0.0143137 0.0094244 0.0252663 0.0103713 0.0287246 0.00590869 0.00785777 0.00543824 0.00489137 0.00375244 0.00367435 0.00358465 0.00356116 0.0035478 0.00355087 0 0.00361608 0.00487882 0.971488 0.00559879 0.0107071 0.00452555 0.00623416 0.013092 0.00631152 0.0122028 0.0124906 0.0183578 0.0152852 0.00891852 0.0117642 0.00929695 0.0148584 0.00949604 0.00995482 0.0122416 0.00915048 0.0146921 0.00869995 0.00962189 0.008259 0.00881428 0.0157235 0.00869965 0.0105546 0.00845492 0.0136152 0.00831437 
0.00918056 0.00809743 0.00977702 0.00929172 0.0119926 0.00813101 0.00857395 0.00861395 0.00831524 0.00963762 0.008258 0.00885843 0.011423 0.0086714 0.00866346 0.00972019 0.00877101 0.0101881 0.00893743 0.0122978 0.0101096 0.0131839 0.0126616 0.00965169 0.0166511 0.0225244 0.00892551 0.0254608 0.0114414 0.0458019 0.00685388 0.011785 0.00561763 0.00579149 0.00525322 0.0043748 0.00397006 0.00361442 0.0035928 0.00354976 0.00354921 0.00361608 0 0.990574 0.00475309 0.00475083 0.00359487 0.0041787 0.00507162 0.00528144 0.00830615 0.0183158 0.0113761 0.00927058 0.00944002 0.0137017 0.012458 0.0107874 0.00843234 0.00912638 0.0104801 0.0112336 0.0124291 0.00851435 0.00978296 0.00832842 0.00875244 0.0341292 0.00871483 0.00918352 0.00825376 0.00981303 0.00824685 0.0119003 
0.00788438 0.00823548 0.00831596 0.00994691 0.00800173 0.00821673 0.0079692 0.00796161 0.008208 0.00809925 0.00835429 0.010642 0.00821761 0.00812385 0.00819884 0.00839192 0.00850455 0.00859847 0.00885747 0.00869981 0.0180228 0.00936811 0.00895131 0.00882495 0.0111519 0.00878285 0.0169424 0.00863031 0.00858966 0.00707881 0.00774553 0.0065921 0.00720119 0.00640924 0.00740726 0.0053093 0.00484138 0.00452489 0.00377537 0.00410667 0.00493511 0.00487882 0.990574 0 0.0037052 0.00356557 0.00367903 0.0035636 0.00372059 0.00401752 0.00575191 0.0178864 0.00911101 0.00921737 0.00976686 0.0128477 0.00970587 0.00851456 0.00896989 0.00828156 0.0106053 0.00998409 0.00839516 0.00887236 0.00837429 0.0087527 0.0112158 0.00830979 0.00815117 0.0081675 0.00851596 0.00815898 0.0090532 0.00983174 
0.00796781 0.00797248 0.00791632 0.00813373 0.00850522 0.00813451 0.0081698 0.00821476 0.00824198 0.00840298 0.00848234 0.00834973 0.00816294 0.0081187 0.00832947 0.00880297 0.00860293 0.00903603 0.00891248 0.0102351 0.00895166 0.00839511 0.00923917 0.0100728 0.0087648 0.00956636 0.00865715 0.00846188 0.00833711 0.00825134 0.00760618 0.00822619 0.00711881 0.00839645 0.00695928 0.00528247 0.00562094 0.00532848 0.00482005 0.00450742 0.00976768 0.971488 0.00475309 0.0037052 0 0.00361176 0.00354261 0.00356363 0.00365542 0.00426754 0.00376506 0.00971677 0.0106974 0.00946737 0.0101166 0.00954224 0.00863939 0.0089664 0.00869212 0.00891905 0.0084968 0.00834561 0.00900757 0.00861359 0.00870452 0.00898906 0.00854956 0.00832755 0.00819733 0.00845767 0.00830988 0.00863674 0.00849684 0.00874161 
0.00795955 0.00792936 0.00793912 0.00821581 0.00840915 0.00821805 0.00856158 0.00863476 0.00853284 0.00885531 0.00812546 0.00805427 0.00808332 0.0081207 0.00858081 0.00894222 0.00967743 0.00958361 0.0109315 0.00923523 0.00856441 0.0082801 0.00932097 0.0095574 0.00867736 0.00845515 0.00836821 0.00802447 0.00792626 0.00755327 0.00777311 0.00785233 0.00726407 0.00677918 0.00687522 0.00541907 0.00557668 0.00560728 0.00494691 0.0053604 0.915484 0.00559879 0.00475083 0.00356557 0.00361176 0 0.00355075 0.00355498 0.00357699 0.00358012 0.00359609 0.00992921 0.0105398 0.0140551 0.00941379 0.00863089 0.00840455 0.00903082 0.008993 0.00853774 0.00834532 0.00833707 0.00891289 0.00906513 0.00896763 0.0084325 0.00827835 0.00823289 0.00822295 0.00877322 0.00855374 0.00886553 0.00835869 0.00822939 
0.0080645 0.00809597 0.0079627 0.00913805 0.00810213 0.00980608 0.00877424 0.0088471 0.0102732 0.0083816 0.00829074 0.007994 0.00819293 0.00836094 0.00868021 0.0111767 0.0135378 0.0116402 0.0150242 0.00911687 0.00872533 0.00841135 0.00980392 0.0106953 0.00888276 0.00886077 0.00849517 0.00818404 0.00806476 0.00779689 0.00892293 0.00728187 0.00780186 0.00954003 0.00632796 0.00550205 0.00596862 0.00594096 0.00658371 0.816303 0.0164856 0.0107071 0.00359487 0.00367903 0.00354261 0.00355075 0 0.00352899 0.00354233 0.00358929 0.00360868 0.0166464 0.0129482 0.0218903 0.0115267 0.00904449 0.00917119 0.0090521 0.0124967 0.00891295 0.00851492 0.00880224 0.00873923 0.0137829 0.00880867 0.00899395 0.00809485 0.00839782 0.00860368 0.00896709 0.0116233 0.00861634 0.00940979 0.00824848 
0.00810059 0.00808739 0.00816739 0.00815904 0.0108646 0.00881447 0.0123341 0.0125837 0.00965468 0.0110229 0.00845495 0.00826615 0.00837836 0.00852371 0.0116679 0.0134838 0.0184081 0.0213344 0.0167455 0.0138349 0.0095807 0.00869415 0.0137283 0.0139627 0.0114004 0.00947896 0.00878818 0.00851569 0.00860804 0.00930545 0.00859769 0.0101081 0.00790866 0.00787413 0.00672003 0.00591084 0.00654663 0.00848729 0.255007 0.0585594 0.00879226 0.00452555 0.0041787 0.0035636 0.00356363 0.00355498 0.00352899 0 0.00353737 0.00355521 0.00358673 0.0239697 0.0386312 0.0316018 0.0134461 0.0105774 0.00917856 0.0163679 0.0115629 0.0119169 0.00907702 0.00884083 0.0136829 0.0105705 0.0172506 0.00885733 0.008631 0.00904346 0.00891481 0.0171854 0.00946 0.0129764 0.0088975 0.00912937 
0.00830615 0.00834711 0.00847421 0.00862936 0.00908452 0.0127662 0.0152842 0.0152903 0.0148251 0.0112778 0.00932802 0.00867101 0.00850991 0.00961938 0.0128242 0.0235863 0.0250731 0.0302889 0.0378993 0.0213833 0.0113769 0.00895078 0.0155737 0.0252649 0.0169941 0.00953173 0.00952213 0.00869635 0.0087478 0.0103855 0.0122222 0.0115353 0.010391 0.00871236 0.00772542 0.00701119 0.0108743 0.259096 0.556589 0.00923826 0.00858145 0.00623416 0.00507162 0.00372059 0.00365542 0.00357699 0.00354233 0.00353737 0 0.00355865 0.00356988 0.0300789 0.0544992 0.0853418 0.0316603 0.0120215 0.00984664 0.0123862 0.0289255 0.0149052 0.0111187 0.00968901 0.0129109 0.0278554 0.0142849 0.0101626 0.00893967 0.00903913 0.0107993 0.0146029 0.0151424 0.0119445 0.0105151 0.00941309 
