1GXQA
PMAVEEVIEMQGLSLDPTSHRVMAGEEPLEMGPTEFKLLHFFMTHPERVYSREQLLNHVWGTNVYVEDRTVDVHIRRLRKALEPGGHDRMVQTVRGTGYRFSTRF
CCCCCCCEEECCEEEECCCCEEEECCEECCCCHHHHHHHHHHHHCCCCEECHHHHHHHHCCCCCCCCCHHHHHHHHHHHHHHHHHCHHHHEEEECCCEEEECCCC
0 0 0 0 0 0 0 0 0 0 0 0 0 0 0 0 0 0 0 0 0 0 0 0 0 0 0 0 0 0 0 0 0 0 0 0 0 0 0 0 0 0 0 0 0 0 0 0 0 0 0 0 0 0 0 0 0 0 0 0 0 0 0 0 0 0 0 0 0 0 0 0 0 0 0 0 0 0 0 0 0 0 0 0 0 0 0 0 0 0 0 0 0 0 0 0 0 0 0 0 0 0 0 0 0 
0 0 0 0 0 0 0 0 0 0 0 0 0 0 0 0 0 0 0 0 0 0 0 0 0 0 0 0 0 0 0 0 0 0 0 0 0 0 0 0 0 0 0 0 0 0 0 0 0 0 0 0 0 0 0 0 0 0 0 0 0 0 0 0 0 0 0 0 0 0 0 0 0 0 0 0 0 0 0 0 0 0 0 0 0 0 0 0 0 0 0 0 0 0 0 0 0 0 0 0 0 0 0 0 0 
0 0.0035858 0.00448454 0.0044292 0.0055756 0.824536 0.014451 0.00709101 0.0090251 0.00804993 0.0313037 0.00881596 0.0143507 0.0123514 0.0217491 0.00966678 0.00953736 0.00844812 0.0170327 0.00844352 0.00926788 0.00822971 0.0157662 
0.0035858 0 0.00355943 0.00418779 0.961004 0.00613861 0.0043687 0.00740516 0.00748292 0.0261353 0.0066965 0.0103938 0.0182296 0.0164043 0.00932685 0.00916864 0.00832453 0.0193757 0.00811425 0.00826618 0.00831954 0.0131172 0.00815858 
0.00448454 0.00355943 0 0.982178 0.00402552 0.00429468 0.00376718 0.0135322 0.0180247 0.0068839 0.0109055 0.0143264 0.00770928 0.0106997 0.0166204 0.0161322 0.00975745 0.00829989 0.0105013 0.00984138 0.00930764 0.00823907 0.0102607 
0.0044292 0.00418779 0.982178 0 0.00364133 0.00369327 0.00375262 0.00607788 0.00620553 0.0106135 0.856598 0.00721533 0.0113612 0.0128469 0.0187348 0.00943835 0.00912383 0.00858186 0.0187835 0.00838004 0.00843757 0.00843151 0.0164665 
0.0055756 0.961004 0.00402552 0.00364133 0 0.00366467 0.00363238 0.00612064 0.00814739 0.970936 0.00757891 0.00799015 0.00931618 0.0121449 0.00963418 0.00995778 0.00892143 0.016815 0.00857707 0.00842286 0.00866779 0.0130962 0.00863435 
0.824536 0.00613861 0.00429468 0.00369327 0.00366467 0 0.00368923 0.00443904 0.976099 0.0068672 0.00729742 0.00663154 0.00793726 0.0112298 0.0127495 0.0104889 0.0156116 0.00957451 0.00933639 0.00844206 0.0148602 0.00913176 0.0105048 
0.014451 0.0043687 0.00376718 0.00375262 0.00363238 0.00368923 0 0.949984 0.00392338 0.00522023 0.00501511 0.00592114 0.00692484 0.0130187 0.0108266 0.0151114 0.00852732 0.00924165 0.0084019 0.0125656 0.00845259 0.00931334 0.00906684 
0.00709101 0.00740516 0.0135322 0.00607788 0.00612064 0.00443904 0.949984 0 0.00356762 0.00365006 0.00379538 0.00449146 0.00851878 0.020562 0.0227184 0.0100846 0.00825697 0.00997461 0.00942155 0.00882609 0.00818603 0.00942959 0.00980494 
0.0090251 0.00748292 0.0180247 0.00620553 0.00814739 0.976099 0.00392338 0.00356762 0 0.00369033 0.00360944 0.00543151 0.0137455 0.0533885 0.0136706 0.00998007 0.013597 0.00903748 0.0107099 0.00817844 0.0108236 0.0086179 0.0112813 
0.00804993 0.0261353 0.0068839 0.0106135 0.970936 0.0068672 0.00522023 0.00365006 0.00369033 0 0.00356811 0.00460805 0.961566 0.0142477 0.01171 0.0178184 0.0104259 0.0200427 0.00830376 0.00905693 0.0089275 0.0146306 0.00850073 
0.0313037 0.0066965 0.0109055 0.856598 0.00757891 0.00729742 0.00501511 0.00379538 0.00360944 0.00356811 0 0.995022 0.004 0.0120562 0.0167372 0.0158879 0.00967593 0.00848774 0.0106915 0.0112848 0.0103577 0.0084539 0.0107649 
0.00881596 0.0103938 0.0143264 0.00721533 0.00799015 0.00663154 0.00592114 0.00449146 0.00543151 0.00460805 0.995022 0 0.0078207 0.0135423 0.0511517 0.00899789 0.00815424 0.00840782 0.00858221 0.00838142 0.008308 0.00824638 0.00912535 
0.0143507 0.0182296 0.00770928 0.0113612 0.00931618 0.00793726 0.00692484 0.00851878 0.0137455 0.961566 0.004 0.0078207 0 0.0417604 0.0152617 0.011135 0.00840179 0.00898783 0.008442 0.0102699 0.00824982 0.00863599 0.00840365 
0.0123514 0.0164043 0.0106997 0.0128469 0.0121449 0.0112298 0.0130187 0.020562 0.0533885 0.0142477 0.0120562 0.0135423 0.0417604 0 0.00700224 0.0131736 0.00970838 0.0231132 0.0109712 0.0124473 0.00968693 0.0107744 0.011668 
0.0217491 0.00932685 0.0166204 0.0187348 0.00963418 0.0127495 0.0108266 0.0227184 0.0136706 0.01171 0.0167372 0.0511517 0.0152617 0.00700224 0 0.0159567 0.0136858 0.0105144 0.0292173 0.0134363 0.0121932 0.00893877 0.0151635 
0.00966678 0.00916864 0.0161322 0.00943835 0.00995778 0.0104889 0.0151114 0.0100846 0.00998007 0.0178184 0.0158879 0.00899789 0.011135 0.0131736 0.0159567 0 0.0036052 0.00359808 0.00379039 0.00380217 0.0041876 0.00998978 0.936492 
0.00953736 0.00832453 0.00975745 0.00912383 0.00892143 0.0156116 0.00852732 0.00825697 0.013597 0.0104259 0.00967593 0.00815424 0.00840179 0.00970838 0.0136858 0.0036052 0 0.00361232 0.0035729 0.00381392 0.00826745 0.939621 0.0089036 
0.00844812 0.0193757 0.00829989 0.00858186 0.016815 0.00957451 0.00924165 0.00997461 0.00903748 0.0200427 0.00848774 0.00840782 0.00898783 0.0231132 0.0105144 0.00359808 0.00361232 0 0.00357038 0.00858725 0.969749 0.0194603 0.00539564 
0.0170327 0.00811425 0.0105013 0.0187835 0.00857707 0.00933639 0.0084019 0.00942155 0.0107099 0.00830376 0.0106915 0.00858221 0.008442 0.0109712 0.0292173 0.00379039 0.0035729 0.00357038 0 0.988271 0.0131177 0.00399636 0.00582148 
0.00844352 0.00826618 0.00984138 0.00838004 0.00842286 0.00844206 0.0125656 0.00882609 0.00817844 0.00905693 0.0112848 0.00838142 0.0102699 0.0124473 0.0134363 0.00380217 0.00381392 0.00858725 0.988271 0 0.00373712 0.00388554 0.00542193 
0.00926788 0.00831954 0.00930764 0.00843757 0.00866779 0.0148602 0.00845259 0.00818603 0.0108236 0.0089275 0.0103577 0.008308 0.00824982 0.00968693 0.0121932 0.0041876 0.00826745 0.969749 0.0131177 0.00373712 0 0.00491588 0.00386178 
0.00822971 0.0131172 0.00823907 0.00843151 0.0130962 0.00913176 0.00931334 0.00942959 0.0086179 0.0146306 0.0084539 0.00824638 0.00863599 0.0107744 0.00893877 0.00998978 0.939621 0.0194603 0.00399636 0.00388554 0.00491588 0 0.00356179 
0.0157662 0.00815858 0.0102607 0.0164665 0.00863435 0.0105048 0.00906684 0.00980494 0.0112813 0.00850073 0.0107649 0.00912535 0.00840365 0.011668 0.0151635 0.936492 0.0089036 0.00539564 0.00582148 0.00542193 0.00386178 0.00356179 0 
