1H59B
SALAEGQSCGVYTERCAQGLRCLPRQDEEKPLHALLHGRGVCLNE
CCECCCCEECCCCCCECCCCEEECCCCCCCHHHHHHCCCEEEECC
0 0 0 0 0 0 0 0 0 0 0 0 0 0 0 0 0 0 0 0 0 0 0 0 0 0 0 0 0 0 0 0 0 0 0 0 0 0 0 0 0 0 0 0 0 
0 0 0 0 0 0 0 0 0 0 0 0 0 0 0 0 0 0 0 0 0 0 0 0 0 0 0 0 0 0 0 0 0 0 0 0 0 0 0 0 0 0 0 0 0 
0 0.0472701 0.0179276 0.329735 0.0141533 0.0189599 0.0177604 0.0185322 0.0101078 0.011566 0.0177868 
0.0472701 0 0.00514727 0.00878251 0.0314318 0.0155034 0.0338237 0.00916022 0.0108867 0.00950175 0.0131598 
0.0179276 0.00514727 0 0.0705107 0.014202 0.0411886 0.00876333 0.0127004 0.00968303 0.0102499 0.00979907 
0.329735 0.00878251 0.0705107 0 0.0695375 0.00937649 0.00740569 0.0176236 0.00951331 0.0103842 0.0161329 
0.0141533 0.0314318 0.014202 0.0695375 0 0.00364993 0.00494478 0.0175636 0.0238069 0.0165769 0.299289 
0.0189599 0.0155034 0.0411886 0.00937649 0.00364993 0 0.0036043 0.0194171 0.0198483 0.505556 0.00964737 
0.0177604 0.0338237 0.00876333 0.00740569 0.00494478 0.0036043 0 0.0195551 0.290303 0.0108836 0.0379661 
0.0185322 0.00916022 0.0127004 0.0176236 0.0175636 0.0194171 0.0195551 0 0.0036065 0.00394388 0.0168813 
0.0101078 0.0108867 0.00968303 0.00951331 0.0238069 0.0198483 0.290303 0.0036065 0 0.00580432 0.00369034 
0.011566 0.00950175 0.0102499 0.0103842 0.0165769 0.505556 0.0108836 0.00394388 0.00580432 0 0.00376747 
0.0177868 0.0131598 0.00979907 0.0161329 0.299289 0.00964737 0.0379661 0.0168813 0.00369034 0.00376747 0 
