1H5SB
MKMRKGIILAGGSGTRLYPVTMAVSKQLLPIYDKPMIYYPLSTLMLAGIRDILIISTPQDTPRFQQLLGDGSQWGLNLQYKVQPSPDGLAQAFIIGEEFIGGDDCALVLGDNIFYGHDLPKLMEAAVNKESGATVFAYHVNDPERYGVVEFDKNGTAISLEEKPLEPKSNYAVTGLYFYDNDVVQMAKNLKPSARGELEITDINRIYLEQGRLSVALMGRGYAWLDTGTHQSLIEASNFIATIEERQGLKVSCPEEIAFRKGFIDVEQVRKLAVPLIKNNYGQYLYKQTKD
CCCEEEEEECCCCCHHHCCHHHHCCHHHCEECCEECCHHHHHHHHHCCCCEEEEEECCCCHHHHHHHHCCCHHHCCEEEEEECCCCCCCCHHHHHCHHHHCCCEEEEEECCCEEECCCHHHHHHHHHHCCCCEEEEEEECCCHHHCEEEEECCCCCEEEEEECCCCCCCCEEECCEEEECCCHHHHHHCCCCCCCCCCCHHHHHHHHHHHCCEEEEECCCCCEEECCCCHHHHHHHHHHHHHHHHHHCCCCCCHHHHHHHCCCCCHHHHHHHHHHHCCCHHHHHHHHHHHC
0 0 0 0 0 0 0 0 0 0 0 0 0 0 0 0 0 0 0 0 0 0 0 0 0 0 0 0 0 0 0 0 0 0 0 0 0 0 0 0 0 0 0 0 0 0 0 0 0 0 0 0 0 0 0 0 0 0 0 0 0 0 0 0 0 0 0 0 0 0 0 0 0 0 0 0 0 0 0 0 0 0 0 0 0 0 0 0 0 0 0 0 0 0 0 0 0 0 0 0 0 0 0 0 0 0 0 0 0 0 0 0 0 0 0 0 0 0 0 0 0 0 0 0 0 0 0 0 0 0 0 0 0 0 0 0 0 0 0 0 0 0 0 0 0 0 0 0 0 0 0 0 0 0 0 0 0 0 0 0 0 0 0 0 0 0 0 0 0 0 0 0 0 0 0 0 0 0 0 0 0 0 0 0 0 0 0 0 0 0 0 0 0 0 0 0 0 0 0 0 0 0 0 0 0 0 0 0 0 0 0 0 0 0 0 0 0 0 0 0 0 0 0 0 0 0 0 0 0 0 0 0 0 0 0 0 0 0 0 0 0 0 0 0 0 0 0 0 0 0 0 0 0 0 0 0 0 0 0 0 0 0 0 0 0 0 0 0 0 0 0 0 0 0 0 0 0 0 0 0 0 0 0 0 0 0 0 0 0 0 0 
0 0 0 0 0 0 0 0 0 0 0 0 0 0 0 0 0 0 0 0 0 0 0 0 0 0 0 0 0 0 0 0 0 0 0 0 0 0 0 0 0 0 0 0 0 0 0 0 0 0 0 0 0 0 0 0 0 0 0 0 0 0 0 0 0 0 0 0 0 0 0 0 0 0 0 0 0 0 0 0 0 0 0 0 0 0 0 0 0 0 0 0 0 0 0 0 0 0 0 0 0 0 0 0 0 0 0 0 0 0 0 0 0 0 0 0 0 0 0 0 0 0 0 0 0 0 0 0 0 0 0 0 0 0 0 0 0 0 0 0 0 0 0 0 0 0 0 0 0 0 0 0 0 0 0 0 0 0 0 0 0 0 0 0 0 0 0 0 0 0 0 0 0 0 0 0 0 0 0 0 0 0 0 0 0 0 0 0 0 0 0 0 0 0 0 0 0 0 0 0 0 0 0 0 0 0 0 0 0 0 0 0 0 0 0 0 0 0 0 0 0 0 0 0 0 0 0 0 0 0 0 0 0 0 0 0 0 0 0 0 0 0 0 0 0 0 0 0 0 0 0 0 0 0 0 0 0 0 0 0 0 0 0 0 0 0 0 0 0 0 0 0 0 0 0 0 0 0 0 0 0 0 0 0 0 0 0 0 0 0 0 
0 0.00377226 0.00367804 0.00367303 0.00369508 0.00619527 0.0287309 0.0240941 0.0163104 0.0253053 0.0379825 0.0185661 0.0124936 0.0132901 0.0114999 0.03028 0.0100519 0.00899801 0.00823215 0.00915221 0.00860365 0.0123242 0.0085436 0.00881756 0.00887384 0.00910179 0.00899529 0.0109149 0.00865979 0.00822454 0.0094469 0.00834565 0.00859563 0.00840622 0.00862844 0.00848301 0.00901786 0.00867191 0.0085497 0.00830229 0.00820988 0.00825792 0.00950541 0.00847776 0.00810077 0.00809175 0.00791212 0.00798339 0.00872647 0.00821747 0.00809946 0.00834834 0.0083211 0.00812611 0.00820639 0.00860913 0.00821363 0.00813834 0.00838073 0.00803733 0.00811931 0.00830217 0.00815946 0.00828426 
0.00377226 0 0.00364911 0.00357971 0.00376724 0.00380903 0.030983 0.0177427 0.0166556 0.0175119 0.0789352 0.0748398 0.0595547 0.0377437 0.0465815 0.015 0.0100698 0.0115524 0.00949559 0.0105512 0.0110951 0.0102807 0.00964356 0.0129927 0.017587 0.0167621 0.0151977 0.00963213 0.00968879 0.0100672 0.00905734 0.0082188 0.00942492 0.0102273 0.010718 0.0111668 0.00906689 0.0085422 0.00851873 0.00937457 0.00924467 0.00962103 0.00834998 0.00813239 0.00888959 0.00852991 0.00832199 0.00822315 0.00807513 0.00795569 0.0084338 0.00810682 0.00815024 0.00863126 0.00865289 0.00816429 0.00821493 0.00830169 0.00831208 0.00813556 0.00810818 0.00818153 0.00836407 0.00883082 
0.00367804 0.00364911 0 0.00356941 0.00397319 0.00362135 0.0320775 0.0209089 0.0101929 0.011816 0.0190748 0.222626 0.101695 0.185385 0.0283408 0.015078 0.00933312 0.0129133 0.0124155 0.0177965 0.0106414 0.00928801 0.00929668 0.0181547 0.0368942 0.0460001 0.0220114 0.0107568 0.0108441 0.0107744 0.0096313 0.00911712 0.0108404 0.0157106 0.0160125 0.0144182 0.0108054 0.00871894 0.00886745 0.0101005 0.011586 0.0108687 0.00868012 0.0085175 0.00939353 0.00931517 0.00898798 0.00836992 0.00814093 0.00824901 0.0085472 0.00836763 0.00853381 0.00921312 0.00936105 0.00837943 0.00839968 0.00842516 0.00895356 0.00830726 0.00830935 0.00843971 0.00874507 0.00850015 
0.00367303 0.00357971 0.00356941 0 0.0037371 0.00363247 0.0255391 0.0273204 0.0152108 0.012232 0.0278364 0.0741194 0.498013 0.170545 0.074513 0.0143727 0.00987904 0.0182392 0.0167441 0.0172505 0.0103619 0.0100293 0.00951814 0.0219576 0.0529888 0.0896547 0.02619 0.0121843 0.0120504 0.0120093 0.0103223 0.00898126 0.0115848 0.0211203 0.0190252 0.018687 0.0108257 0.00876306 0.0086216 0.0119395 0.0131019 0.0109058 0.00888413 0.0085674 0.00940436 0.0105718 0.00896535 0.00840405 0.00822441 0.00831625 0.0087724 0.00869131 0.00868682 0.00954038 0.00980417 0.00863113 0.0085615 0.00858725 0.00879358 0.00832818 0.00827157 0.00846162 0.00922575 0.00861952 
0.00369508 0.00376724 0.00397319 0.0037371 0 0.00373686 0.0287812 0.0452145 0.0179929 0.0243528 0.0190126 0.0722222 0.0784453 0.328991 0.173605 0.0374654 0.0105608 0.0119525 0.012174 0.0106609 0.0125339 0.00931056 0.00920548 0.0154459 0.0302671 0.0299809 0.0633535 0.0154108 0.0143253 0.0184607 0.011331 0.00941254 0.0110722 0.015017 0.013624 0.0142489 0.0119124 0.00910514 0.0094019 0.0104112 0.0112956 0.0119488 0.00882261 0.00847185 0.00908267 0.00912957 0.00870139 0.0083604 0.0080668 0.00824691 0.00881121 0.00873094 0.0086443 0.00929951 0.0099706 0.00850804 0.00844172 0.00849521 0.00855301 0.00829923 0.00831872 0.00831509 0.00894741 0.0086139 
0.00619527 0.00380903 0.00362135 0.00363247 0.00373686 0 0.0317277 0.0927112 0.0194552 0.0288995 0.0322344 0.0191811 0.0455158 0.0441718 0.202851 0.111587 0.0139958 0.0124657 0.00904011 0.010346 0.00937054 0.0140398 0.0113641 0.0140601 0.0185429 0.022335 0.0269128 0.0355593 0.0204942 0.0125945 0.018438 0.0174364 0.00972283 0.0111188 0.0187642 0.0257017 0.0104086 0.0130359 0.0186448 0.0100036 0.0104762 0.010095 0.0111849 0.0131156 0.00882003 0.00901109 0.00884331 0.00829377 0.00850858 0.00940612 0.0086321 0.010375 0.0102542 0.00934608 0.00975115 0.00943101 0.00893889 0.00842982 0.00859652 0.0081222 0.00830296 0.00895084 0.00864461 0.0093213 
0.0287309 0.030983 0.0320775 0.0255391 0.0287812 0.0317277 0 0.00359067 0.00415292 0.903357 0.0153801 0.0167225 0.013728 0.0145964 0.0157795 0.0266371 0.0140916 0.00901246 0.00946245 0.00890569 0.00949279 0.0108567 0.00910313 0.00894339 0.00933269 0.00955984 0.011578 0.0118686 0.00964922 0.00977744 0.0108102 0.00836304 0.00851958 0.00860761 0.00866991 0.00881961 0.00897184 0.00930799 0.0089251 0.00841435 0.00847179 0.00891004 0.00879613 0.00821583 0.00828814 0.00842661 0.0080762 0.00824195 0.00833664 0.00814456 0.00824657 0.00860703 0.00823711 0.0084264 0.00861265 0.00855097 0.00806666 0.00829436 0.0081546 0.00810563 0.00815212 0.0081374 0.00825448 0.0082878 
0.0240941 0.0177427 0.0209089 0.0273204 0.0452145 0.0927112 0.00359067 0 0.928045 0.00871427 0.0181864 0.0222667 0.0152743 0.0177434 0.0353211 0.0253093 0.0105494 0.0145949 0.00857955 0.00911802 0.00891486 0.0106581 0.00979055 0.0111427 0.0101088 0.0101131 0.0130489 0.0215965 0.0125504 0.0106028 0.0124504 0.011384 0.00881272 0.00900167 0.00915859 0.0089507 0.00951532 0.00907216 0.00919744 0.00872409 0.00877301 0.00913379 0.00965465 0.00983127 0.00837519 0.00820653 0.00836163 0.00812245 0.00822029 0.00840784 0.00841966 0.00845146 0.00899901 0.00854255 0.00896714 0.00840395 0.00845971 0.00809774 0.00820019 0.00805814 0.00811836 0.00830495 0.00849035 0.0087951 
0.0163104 0.0166556 0.0101929 0.0152108 0.0179929 0.0194552 0.00415292 0.928045 0 0.00606485 0.0143924 0.0165796 0.0173606 0.0150503 0.0204864 0.0378081 0.0131423 0.00891596 0.00881548 0.00853245 0.00950373 0.00935988 0.00858275 0.00882459 0.00889941 0.0086389 0.00997922 0.0101071 0.00874245 0.00884002 0.00945312 0.0081392 0.00826518 0.00817986 0.00823777 0.00829636 0.008289 0.00851816 0.00853952 0.00808046 0.00819626 0.00827268 0.00822767 0.00802845 0.00818162 0.00802119 0.0078911 0.0079443 0.00812749 0.00800588 0.00803309 0.00811242 0.00795702 0.00811822 0.00808428 0.00807641 0.00789083 0.00807106 0.00805724 0.00799114 0.0079454 0.0079033 0.00802218 0.0080459 
0.0253053 0.0175119 0.011816 0.012232 0.0243528 0.0288995 0.903357 0.00871427 0.00606485 0 0.0166924 0.0219953 0.0132887 0.0160416 0.0453306 0.0224352 0.0120384 0.0122221 0.00847142 0.00938761 0.00894036 0.00971963 0.010477 0.0108101 0.00985676 0.0100513 0.0115403 0.012421 0.0118215 0.00982274 0.00979043 0.0108204 0.00846744 0.00896147 0.00928282 0.00957928 0.00897904 0.00883922 0.0103333 0.00845205 0.00853438 0.0089989 0.00877917 0.00870171 0.00835004 0.00816022 0.00829824 0.00812078 0.00809297 0.00956179 0.00839672 0.00824732 0.00867378 0.00819107 0.00872851 0.00821635 0.0084857 0.00798822 0.0081057 0.00802199 0.0080805 0.00823876 0.00819688 0.00820455 
0.0379825 0.0789352 0.0190748 0.0278364 0.0190126 0.0322344 0.0153801 0.0181864 0.0143924 0.0166924 0 0.00507837 0.00363143 0.003678 0.00366628 0.00484964 0.597194 0.0157974 0.0132213 0.0105729 0.0116015 0.0195302 0.0215867 0.015987 0.0173695 0.0151355 0.0154514 0.0184663 0.0203811 0.0100381 0.0137245 0.011229 0.0109629 0.0103847 0.0114425 0.0105781 0.0100025 0.0119513 0.0121245 0.00953828 0.00918363 0.00959527 0.010381 0.00979777 0.00895688 0.00880431 0.00836717 0.00820575 0.00940096 0.00900818 0.00830859 0.00935379 0.00881508 0.00861764 0.00874419 0.00932574 0.00831228 0.00848085 0.00835017 0.00810655 0.00827245 0.0084404 0.00828542 0.00849543 
0.0185661 0.0748398 0.222626 0.0741194 0.0722222 0.0191811 0.0167225 0.0222667 0.0165796 0.0219953 0.00507837 0 0.00360332 0.0036544 0.00367835 0.00368677 0.0267792 0.687539 0.009561 0.031116 0.0159049 0.012784 0.0120395 0.0942754 0.0432212 0.069294 0.039463 0.0161791 0.0288301 0.019249 0.0114912 0.0131686 0.0180667 0.0330153 0.0238935 0.027788 0.0158666 0.0105751 0.0123406 0.0168257 0.0199819 0.0140561 0.0112165 0.0103441 0.0124781 0.0101381 0.0119451 0.00887135 0.00863364 0.00860894 0.00935161 0.0100458 0.0102844 0.00961968 0.0107858 0.00914391 0.00872778 0.0085433 0.00885018 0.00861319 0.00826611 0.00845313 0.00897102 0.00881501 
0.0124936 0.0595547 0.101695 0.498013 0.0784453 0.0455158 0.013728 0.0152743 0.0173606 0.0132887 0.00363143 0.00360332 0 0.00362291 0.00360427 0.0036248 0.0531924 0.0178568 0.528359 0.0214615 0.0265615 0.0102672 0.0143836 0.0349588 0.185982 0.191377 0.0947604 0.021495 0.021992 0.0247609 0.0174793 0.0109264 0.0377503 0.0703677 0.100977 0.0658759 0.0232448 0.0110348 0.0123354 0.0299154 0.0460469 0.0459796 0.0100208 0.00965225 0.016507 0.026755 0.0128995 0.00927247 0.00846208 0.00869675 0.0100414 0.0123197 0.0105336 0.0147961 0.012795 0.00935156 0.00868998 0.00975984 0.00984315 0.00912125 0.0088984 0.00874868 0.00984971 0.0101729 
0.0132901 0.0377437 0.185385 0.170545 0.328991 0.0441718 0.0145964 0.0177434 0.0150503 0.0160416 0.003678 0.0036544 0.00362291 0 0.00359751 0.00361068 0.0270526 0.0488361 0.0424784 0.481163 0.0190366 0.0190937 0.0133717 0.0473147 0.150426 0.231649 0.116768 0.029875 0.0246834 0.0265768 0.021098 0.0130732 0.0321542 0.0907505 0.0911181 0.0973487 0.026621 0.0117735 0.0111601 0.0275277 0.064626 0.0343013 0.0105991 0.00974073 0.016697 0.0288127 0.0136514 0.00944659 0.00864522 0.00893589 0.0102813 0.0116853 0.0108839 0.0139198 0.0149529 0.00969752 0.00910981 0.00914494 0.00947676 0.00900643 0.00854617 0.00931282 0.0104701 0.0106282 
0.0114999 0.0465815 0.0283408 0.074513 0.173605 0.202851 0.0157795 0.0353211 0.0204864 0.0453306 0.00366628 0.00367835 0.00360427 0.00359751 0 0.0037641 0.0146237 0.0579773 0.0270972 0.0242223 0.529737 0.0166831 0.0112975 0.0366059 0.0457313 0.0461565 0.188041 0.0418662 0.015558 0.0586048 0.0256063 0.0131003 0.0198934 0.030919 0.0310405 0.0285956 0.0382856 0.0115451 0.0109807 0.0213699 0.019944 0.027113 0.0125372 0.00935515 0.0112794 0.0111523 0.0110002 0.00901822 0.00873654 0.00866111 0.0108608 0.0109581 0.0104832 0.0109375 0.0153106 0.00998856 0.00864939 0.0086765 0.00910145 0.00857424 0.00841761 0.00864362 0.00961832 0.00985684 
0.03028 0.015 0.015078 0.0143727 0.0374654 0.111587 0.0266371 0.0253093 0.0378081 0.0224352 0.00484964 0.00368677 0.0036248 0.00361068 0.0037641 0 0.0290171 0.0128982 0.0212747 0.0202839 0.0173248 0.556458 0.0235189 0.0141457 0.0165647 0.0177225 0.023033 0.0877151 0.0249863 0.0132623 0.0545107 0.0228203 0.0129988 0.0122776 0.0118023 0.0137358 0.0115424 0.0143769 0.0201496 0.0103312 0.00979843 0.0109726 0.0187977 0.0139324 0.0093347 0.00948044 0.0087494 0.00878954 0.00889057 0.0109274 0.00888064 0.0105498 0.0119172 0.0101363 0.00940462 0.0103898 0.0096655 0.00850833 0.00845423 0.00817359 0.00860293 0.00918058 0.00839394 0.00889301 
0.0100519 0.0100698 0.00933312 0.00987904 0.0105608 0.0139958 0.0140916 0.0105494 0.0131423 0.0120384 0.597194 0.0267792 0.0531924 0.0270526 0.0146237 0.0290171 0 0.00420497 0.00410858 0.00362205 0.00426009 0.0042615 0.0476849 0.00919154 0.0146051 0.00990858 0.0128205 0.016696 0.0169699 0.0100483 0.0193355 0.0100902 0.0117288 0.00925559 0.0113084 0.00917556 0.00974034 0.0183922 0.0116096 0.00901709 0.00860974 0.0118222 0.0102413 0.00938778 0.00851969 0.00972553 0.00807052 0.00963353 0.00948919 0.010202 0.00834461 0.00928507 0.00838559 0.0087823 0.00852129 0.0102301 0.00793825 0.00973533 0.00792196 0.00847369 0.008406 0.00810563 0.00804738 0.00833491 
0.00899801 0.0115524 0.0129133 0.0182392 0.0119525 0.0124657 0.00901246 0.0145949 0.00891596 0.0122221 0.0157974 0.687539 0.0178568 0.0488361 0.0579773 0.0128982 0.00420497 0 0.00355195 0.00367446 0.0037243 0.00365776 0.00910924 0.0443422 0.0107296 0.0221809 0.0169744 0.0143475 0.0126596 0.0141665 0.00959863 0.0111643 0.00898845 0.0182937 0.010397 0.0203792 0.0127393 0.00904402 0.00958417 0.0107329 0.0139545 0.00919001 0.0116629 0.0103885 0.00920241 0.00841217 0.014354 0.00830578 0.00939723 0.0086126 0.00885498 0.00888359 0.00873441 0.00855971 0.0107483 0.00848539 0.00972213 0.00813484 0.0119339 0.00822861 0.00820443 0.00823251 0.00852991 0.0084485 
0.00823215 0.00949559 0.0124155 0.0167441 0.012174 0.00904011 0.00946245 0.00857955 0.00881548 0.00847142 0.0132213 0.009561 0.528359 0.0424784 0.0270972 0.0212747 0.00410858 0.00355195 0 0.00363078 0.00356813 0.00359413 0.0122273 0.00996844 0.0282273 0.0166428 0.0160285 0.00929445 0.00940156 0.00939139 0.00977393 0.00886017 0.0143222 0.0103955 0.0251874 0.0123473 0.00946805 0.00905476 0.00915464 0.0104699 0.0104189 0.0213502 0.00842366 0.0083479 0.008773 0.0146941 0.0083252 0.0104432 0.00813704 0.0087088 0.00827975 0.0082283 0.0082166 0.00991961 0.00849198 0.00848629 0.0079204 0.00981927 0.00810076 0.00855443 0.00809436 0.00816752 0.00824456 0.00811337 
0.00915221 0.0105512 0.0177965 0.0172505 0.0106609 0.010346 0.00890569 0.00911802 0.00853245 0.00938761 0.0105729 0.031116 0.0214615 0.481163 0.0242223 0.0202839 0.00362205 0.00367446 0.00363078 0 0.0035337 0.00358991 0.0103225 0.0201573 0.02714 0.0317905 0.0114138 0.012125 0.0122609 0.00931634 0.00971335 0.0104643 0.00910296 0.0299997 0.012532 0.0144338 0.00955929 0.00891109 0.00957281 0.0103456 0.0173043 0.00900834 0.00918978 0.0100098 0.00924422 0.00881074 0.0148458 0.00829927 0.00881362 0.00828913 0.00847044 0.00866197 0.00867428 0.0085871 0.00970958 0.00837036 0.00878485 0.00819587 0.0106088 0.00820273 0.00813892 0.00821054 0.00834152 0.00827789 
0.00860365 0.0110951 0.0106414 0.0103619 0.0125339 0.00937054 0.00949279 0.00891486 0.00950373 0.00894036 0.0116015 0.0159049 0.0265615 0.0190366 0.529737 0.0173248 0.00426009 0.0037243 0.00356813 0.0035337 0 0.00359793 0.010906 0.0352034 0.0225112 0.0171243 0.0380822 0.0106728 0.00985155 0.0203456 0.0102167 0.00964043 0.0174769 0.0100553 0.0122046 0.0100788 0.0105677 0.00868356 0.00940266 0.0127721 0.00909348 0.0131349 0.0084701 0.00884913 0.00895399 0.00994121 0.00834125 0.00866825 0.00816801 0.00828228 0.00872481 0.00829197 0.00845568 0.00940102 0.00877458 0.00834159 0.00811328 0.00855736 0.00810112 0.008145 0.00796733 0.00812045 0.00842545 0.0081647 
0.0123242 0.0102807 0.00928801 0.0100293 0.00931056 0.0140398 0.0108567 0.0106581 0.00935988 0.00971963 0.0195302 0.012784 0.0102672 0.0190937 0.0166831 0.556458 0.0042615 0.00365776 0.00359413 0.00358991 0.00359793 0 0.0301899 0.0148897 0.0139646 0.0137132 0.0223206 0.0646309 0.018197 0.00966246 0.0225206 0.0220655 0.00988657 0.0108846 0.0101261 0.00984717 0.00995398 0.0101387 0.0161153 0.00983123 0.00929398 0.00922407 0.0104952 0.0141625 0.00885552 0.00848911 0.00879861 0.00830334 0.00840597 0.0102534 0.00829166 0.00853637 0.0113874 0.00854361 0.0091152 0.00876399 0.00930281 0.00828278 0.00812792 0.00800451 0.0080395 0.00846004 0.0080472 0.00810357 
0.0085436 0.00964356 0.00929668 0.00951814 0.00920548 0.0113641 0.00910313 0.00979055 0.00858275 0.010477 0.0215867 0.0120395 0.0143836 0.0133717 0.0112975 0.0235189 0.0476849 0.00910924 0.0122273 0.0103225 0.010906 0.0301899 0 0.00361664 0.00357787 0.00359685 0.00363478 0.00436207 0.00555766 0.00626464 0.0108157 0.0167305 0.0126367 0.0105028 0.0108123 0.0104977 0.0110708 0.0223696 0.0173379 0.0101325 0.0100376 0.0118621 0.0143433 0.0106767 0.00913875 0.0103576 0.0085834 0.0088011 0.0118996 0.00961084 0.00843697 0.0118481 0.00947703 0.009213 0.00891405 0.01328 0.00803806 0.00833196 0.00808919 0.00823414 0.00904161 0.00814671 0.0084653 0.00972533 
0.00881756 0.0129927 0.0181547 0.0219576 0.0154459 0.0140601 0.00894339 0.0111427 0.00882459 0.0108101 0.015987 0.0942754 0.0349588 0.0473147 0.0366059 0.0141457 0.00919154 0.0443422 0.00996844 0.0201573 0.0352034 0.0148897 0.00361664 0 0.00360274 0.00357756 0.00375198 0.00373727 0.00512823 0.00779533 0.0125286 0.027949 0.0274284 0.0308902 0.0186623 0.0199851 0.0247343 0.0121156 0.0169008 0.0288843 0.0250591 0.0162309 0.0145477 0.0113139 0.0174792 0.0113179 0.0132468 0.00951227 0.0100378 0.00984337 0.0127845 0.0104599 0.011991 0.0113627 0.0186997 0.00984056 0.00875626 0.00855263 0.00991721 0.00864737 0.00849914 0.00874992 0.00981587 0.0088836 
0.00887384 0.017587 0.0368942 0.0529888 0.0302671 0.0185429 0.00933269 0.0101088 0.00889941 0.00985676 0.0173695 0.0432212 0.185982 0.150426 0.0457313 0.0165647 0.0146051 0.0107296 0.0282273 0.02714 0.0225112 0.0139646 0.00357787 0.00360274 0 0.0036219 0.00358133 0.00360481 0.00484275 0.008988 0.0221385 0.020205 0.0514647 0.0548349 0.0643031 0.0535675 0.0213979 0.0130142 0.0163052 0.0464491 0.0596255 0.0482833 0.0116538 0.0111129 0.0186703 0.050547 0.0172659 0.0123016 0.00917991 0.0110634 0.0108729 0.0131788 0.0125157 0.0246355 0.0157336 0.0108356 0.00857576 0.0111722 0.00995091 0.0107066 0.00854941 0.00933626 0.0108096 0.00981529 
0.00910179 0.0167621 0.0460001 0.0896547 0.0299809 0.022335 0.00955984 0.0101131 0.0086389 0.0100513 0.0151355 0.069294 0.191377 0.231649 0.0461565 0.0177225 0.00990858 0.0221809 0.0166428 0.0317905 0.0171243 0.0137132 0.00359685 0.00357756 0.0036219 0 0.00358875 0.00357079 0.00475613 0.033814 0.0379801 0.0247625 0.0459737 0.0833941 0.0781805 0.0727393 0.0255711 0.0115474 0.014165 0.0518788 0.137704 0.0326563 0.0116289 0.0112396 0.02344 0.0362083 0.0278529 0.00972536 0.00941088 0.0105297 0.0134895 0.0140183 0.0136547 0.0265218 0.0217165 0.010116 0.00907731 0.0100634 0.0149532 0.0100691 0.00924405 0.0100034 0.0119326 0.0104849 
0.00899529 0.0151977 0.0220114 0.02619 0.0633535 0.0269128 0.011578 0.0130489 0.00997922 0.0115403 0.0154514 0.039463 0.0947604 0.116768 0.188041 0.023033 0.0128205 0.0169744 0.0160285 0.0114138 0.0380822 0.0223206 0.00363478 0.00375198 0.00358133 0.00358875 0 0.00382057 0.019049 0.121146 0.0144923 0.0154617 0.0415895 0.0480888 0.0512007 0.0424905 0.0634504 0.0177627 0.0136235 0.0419302 0.0323713 0.133761 0.017273 0.0124621 0.0190866 0.0236341 0.0126566 0.0170707 0.00926653 0.0105015 0.0230031 0.0233659 0.012113 0.0256685 0.044566 0.0118012 0.00886778 0.0103224 0.00968114 0.0107271 0.0087712 0.00964239 0.0136855 0.0104993 
0.0109149 0.00963213 0.0107568 0.0121843 0.0154108 0.0355593 0.0118686 0.0215965 0.0101071 0.012421 0.0184663 0.0161791 0.021495 0.029875 0.0418662 0.0877151 0.016696 0.0143475 0.00929445 0.012125 0.0106728 0.0646309 0.00436207 0.00373727 0.00360481 0.00357079 0.00382057 0 0.0396449 0.0134975 0.0082071 0.0308552 0.0182326 0.0198035 0.0252273 0.0245684 0.0279978 0.0457358 0.0231468 0.0148027 0.0158706 0.0308539 0.059598 0.020594 0.0110576 0.0117099 0.0111568 0.00956163 0.014281 0.0135923 0.012254 0.0290045 0.021367 0.0110378 0.0188443 0.0218117 0.0118637 0.0085708 0.00897922 0.0085086 0.0107319 0.010743 0.00956641 0.0114853 
0.00865979 0.00968879 0.0108441 0.0120504 0.0143253 0.0204942 0.00964922 0.0125504 0.00874245 0.0118215 0.0203811 0.0288301 0.021992 0.0246834 0.015558 0.0249863 0.0169699 0.0126596 0.00940156 0.0122609 0.00985155 0.018197 0.00555766 0.00512823 0.00484275 0.00475613 0.019049 0.0396449 0 0.00365782 0.003634 0.0657186 0.0351424 0.0289335 0.0205929 0.0225167 0.0194392 0.0261966 0.021705 0.0177699 0.0179452 0.0134028 0.0198206 0.0168109 0.0121812 0.0112091 0.0105112 0.00938982 0.0153516 0.0139128 0.00976751 0.0195571 0.0124843 0.0126006 0.0115731 0.0154461 0.00870282 0.00872531 0.00898934 0.00857053 0.0098689 0.00904428 0.00925888 0.0128737 
0.00822454 0.0100672 0.0107744 0.0120093 0.0184607 0.0125945 0.00977744 0.0106028 0.00884002 0.00982274 0.0100381 0.019249 0.0247609 0.0265768 0.0586048 0.0132623 0.0100483 0.0141665 0.00939139 0.00931634 0.0203456 0.00966246 0.00626464 0.00779533 0.008988 0.033814 0.121146 0.0134975 0.00365782 0 0.00403445 0.0146513 0.101171 0.0244073 0.0265468 0.0293083 0.0701553 0.0169563 0.0106627 0.0315572 0.0144703 0.0552201 0.0122885 0.00966637 0.0140687 0.0118008 0.00940452 0.0132249 0.00894556 0.00894899 0.0628431 0.0120127 0.0104649 0.0158754 0.0257312 0.00976076 0.00819417 0.00907835 0.00850199 0.00906051 0.00853953 0.00844731 0.0119311 0.00940034 
0.0094469 0.00905734 0.0096313 0.0103223 0.011331 0.018438 0.0108102 0.0124504 0.00945312 0.00979043 0.0137245 0.0114912 0.0174793 0.021098 0.0256063 0.0545107 0.0193355 0.00959863 0.00977393 0.00971335 0.0102167 0.0225206 0.0108157 0.0125286 0.0221385 0.0379801 0.0144923 0.0082071 0.003634 0.00403445 0 0.0342589 0.0218607 0.0271476 0.0307251 0.0489438 0.0411129 0.0762953 0.0200604 0.015423 0.0145236 0.0199542 0.0349035 0.0204392 0.00970232 0.0112419 0.00986513 0.00967757 0.01228 0.0136977 0.00943855 0.027011 0.0177513 0.0106308 0.0147664 0.0185733 0.010131 0.00859969 0.00848104 0.00892699 0.00952775 0.0113665 0.00945504 0.0117714 
0.00834565 0.0082188 0.00911712 0.00898126 0.00941254 0.0174364 0.00836304 0.011384 0.0081392 0.0108204 0.011229 0.0131686 0.0109264 0.0130732 0.0131003 0.0228203 0.0100902 0.0111643 0.00886017 0.0104643 0.00964043 0.0220655 0.0167305 0.027949 0.020205 0.0247625 0.0154617 0.0308552 0.0657186 0.0146513 0.0342589 0 0.00392048 0.00360522 0.00369772 0.00366153 0.0040663 0.00563604 0.00871674 0.00972928 0.00988523 0.0106223 0.0736418 0.0206517 0.0112555 0.0125088 0.0110192 0.0102408 0.0311859 0.0134842 0.011013 0.024154 0.0139895 0.00948651 0.0133717 0.0226782 0.00924545 0.00844264 0.0094019 0.00860131 0.0140187 0.00886801 0.00860851 0.0136077 
0.00859563 0.00942492 0.0108404 0.0115848 0.0110722 0.00972283 0.00851958 0.00881272 0.00826518 0.00846744 0.0109629 0.0180667 0.0377503 0.0321542 0.0198934 0.0129988 0.0117288 0.00898845 0.0143222 0.00910296 0.0174769 0.00988657 0.0126367 0.0274284 0.0514647 0.0459737 0.0415895 0.0182326 0.0351424 0.101171 0.0218607 0.00392048 0 0.00357667 0.00361422 0.00363587 0.00417485 0.00398667 0.00754383 0.0151409 0.0103628 0.0564548 0.0285052 0.0126944 0.0177613 0.0171615 0.009365 0.020648 0.010256 0.0121673 0.0192562 0.0116074 0.0119736 0.0256655 0.0175331 0.0119763 0.00856051 0.0145979 0.00872137 0.0131514 0.00888197 0.00904608 0.0128374 0.0092259 
0.00840622 0.0102273 0.0157106 0.0211203 0.015017 0.0111188 0.00860761 0.00900167 0.00817986 0.00896147 0.0103847 0.0330153 0.0703677 0.0907505 0.030919 0.0122776 0.00925559 0.0182937 0.0103955 0.0299997 0.0100553 0.0108846 0.0105028 0.0308902 0.0548349 0.0833941 0.0480888 0.0198035 0.0289335 0.0244073 0.0271476 0.00360522 0.00357667 0 0.00361098 0.00358074 0.00358845 0.00359944 0.00783851 0.013512 0.0330756 0.038737 0.0515059 0.0119631 0.0149321 0.0136939 0.0334958 0.009615 0.0107037 0.0105269 0.0123464 0.0134699 0.0142999 0.0204728 0.0238909 0.0116049 0.00986064 0.00928271 0.0223417 0.00938979 0.00943843 0.0105958 0.0109335 0.0107426 
0.00862844 0.010718 0.0160125 0.0190252 0.013624 0.0187642 0.00866991 0.00915859 0.00823777 0.00928282 0.0114425 0.0238935 0.100977 0.0911181 0.0310405 0.0118023 0.0113084 0.010397 0.0251874 0.012532 0.0122046 0.0101261 0.0108123 0.0186623 0.0643031 0.0781805 0.0512007 0.0252273 0.0205929 0.0265468 0.0307251 0.00369772 0.00361422 0.00361098 0 0.00355983 0.00357901 0.0035804 0.00818164 0.0158789 0.0730868 0.0609042 0.01672 0.0109208 0.0124232 0.0294657 0.0110744 0.0121393 0.00996191 0.0109789 0.0130518 0.0132693 0.0149168 0.0259936 0.0198905 0.0121965 0.0088595 0.0151102 0.011633 0.0143084 0.00923105 0.00987945 0.0140269 0.0102491 
0.00848301 0.0111668 0.0144182 0.018687 0.0142489 0.0257017 0.00881961 0.0089507 0.00829636 0.00957928 0.0105781 0.027788 0.0658759 0.0973487 0.0285956 0.0137358 0.00917556 0.0203792 0.0123473 0.0144338 0.0100788 0.00984717 0.0104977 0.0199851 0.0535675 0.0727393 0.0424905 0.0245684 0.0225167 0.0293083 0.0489438 0.00366153 0.00363587 0.00358074 0.00355983 0 0.00354071 0.00359231 0.00642309 0.057458 0.0647462 0.0336311 0.0121307 0.00924682 0.0156789 0.0160642 0.0152698 0.00943006 0.0106169 0.0103105 0.012645 0.0348873 0.012143 0.0216776 0.0279505 0.0120293 0.00942852 0.0105055 0.0150031 0.0116349 0.009469 0.00994184 0.0126925 0.0116461 
0.00901786 0.00906689 0.0108054 0.0108257 0.0119124 0.0104086 0.00897184 0.00951532 0.008289 0.00897904 0.0100025 0.0158666 0.0232448 0.026621 0.0382856 0.0115424 0.00974034 0.0127393 0.00946805 0.00955929 0.0105677 0.00995398 0.0110708 0.0247343 0.0213979 0.0255711 0.0634504 0.0279978 0.0194392 0.0701553 0.0411129 0.0040663 0.00417485 0.00358845 0.00357901 0.00354071 0 0.00357648 0.0215065 0.0807401 0.0242957 0.0172858 0.0105404 0.0134392 0.0142476 0.0107685 0.0107506 0.0110364 0.010099 0.0103355 0.0823175 0.0161343 0.0124032 0.0259483 0.0390937 0.0117921 0.00917178 0.010092 0.00938781 0.0106368 0.00933943 0.0101398 0.0144124 0.0108726 
0.00867191 0.0085422 0.00871894 0.00876306 0.00910514 0.0130359 0.00930799 0.00907216 0.00851816 0.00883922 0.0119513 0.0105751 0.0110348 0.0117735 0.0115451 0.0143769 0.0183922 0.00904402 0.00905476 0.00891109 0.00868356 0.0101387 0.0223696 0.0121156 0.0130142 0.0115474 0.0177627 0.0457358 0.0261966 0.0169563 0.0762953 0.00563604 0.00398667 0.00359944 0.0035804 0.00359231 0.00357648 0 0.0539501 0.0177801 0.00781017 0.0100559 0.0177742 0.0168885 0.00964374 0.010337 0.00898969 0.00927853 0.0181281 0.0337348 0.0102462 0.0230197 0.0237988 0.0124501 0.012501 0.0144025 0.0139605 0.00930257 0.0086895 0.00865744 0.00965515 0.0125483 0.00948779 0.0104247 
0.0085497 0.00851873 0.00886745 0.0086216 0.0094019 0.0186448 0.0089251 0.00919744 0.00853952 0.0103333 0.0121245 0.0123406 0.0123354 0.0111601 0.0109807 0.0201496 0.0116096 0.00958417 0.00915464 0.00957281 0.00940266 0.0161153 0.0173379 0.0169008 0.0163052 0.014165 0.0136235 0.0231468 0.021705 0.0106627 0.0200604 0.00871674 0.00754383 0.00783851 0.00818164 0.00642309 0.0215065 0.0539501 0 0.00357903 0.00362259 0.00365575 0.00405821 0.00770313 0.00652962 0.00779528 0.0275434 0.022148 0.902662 0.0132903 0.0115433 0.0213246 0.0149124 0.0113843 0.0126 0.0292743 0.01061 0.00990293 0.00931878 0.00929436 0.0146544 0.0118008 0.00916099 0.0132472 
0.00830229 0.00937457 0.0101005 0.0119395 0.0104112 0.0100036 0.00841435 0.00872409 0.00808046 0.00845205 0.00953828 0.0168257 0.0299154 0.0275277 0.0213699 0.0103312 0.00901709 0.0107329 0.0104699 0.0103456 0.0127721 0.00983123 0.0101325 0.0288843 0.0464491 0.0518788 0.0419302 0.0148027 0.0177699 0.0315572 0.015423 0.00972928 0.0151409 0.013512 0.0158789 0.057458 0.0807401 0.0177801 0.00357903 0 0.00364392 0.00359306 0.00370606 0.00758123 0.0179877 0.0148833 0.0151466 0.937599 0.00994203 0.0107184 0.0439476 0.0124458 0.0158656 0.0245138 0.0302036 0.0120711 0.0095642 0.0124548 0.011096 0.0136302 0.00942557 0.0101141 0.020654 0.00989298 
0.00820988 0.00924467 0.011586 0.0131019 0.0112956 0.0104762 0.00847179 0.00877301 0.00819626 0.00853438 0.00918363 0.0199819 0.0460469 0.064626 0.019944 0.00979843 0.00860974 0.0139545 0.0104189 0.0173043 0.00909348 0.00929398 0.0100376 0.0250591 0.0596255 0.137704 0.0323713 0.0158706 0.0179452 0.0144703 0.0145236 0.00988523 0.0103628 0.0330756 0.0730868 0.0647462 0.0242957 0.00781017 0.00362259 0.00364392 0 0.00357063 0.00360436 0.00800052 0.0144618 0.0270478 0.942199 0.00709773 0.00710697 0.00934155 0.0116437 0.0138032 0.0132857 0.019862 0.0218741 0.0109779 0.00971424 0.00961487 0.0268494 0.00964739 0.00948774 0.0112676 0.0104821 0.0112568 
0.00825792 0.00962103 0.0108687 0.0109058 0.0119488 0.010095 0.00891004 0.00913379 0.00827268 0.0089989 0.00959527 0.0140561 0.0459796 0.0343013 0.027113 0.0109726 0.0118222 0.00919001 0.0213502 0.00900834 0.0131349 0.00922407 0.0118621 0.0162309 0.0482833 0.0326563 0.133761 0.0308539 0.0134028 0.0552201 0.0199542 0.0106223 0.0564548 0.038737 0.0609042 0.0336311 0.0172858 0.0100559 0.00365575 0.00359306 0.00357063 0 0.00360482 0.0147193 0.0481539 0.896885 0.00760978 0.00909064 0.00653923 0.0108859 0.0220634 0.0222007 0.0117531 0.0426628 0.0399307 0.0207812 0.00907548 0.0268861 0.00935896 0.0212704 0.0103998 0.010373 0.0242317 0.0114383 
0.00950541 0.00834998 0.00868012 0.00888413 0.00882261 0.0111849 0.00879613 0.00965465 0.00822767 0.00877917 0.010381 0.0112165 0.0100208 0.0105991 0.0125372 0.0187977 0.0102413 0.0116629 0.00842366 0.00918978 0.0084701 0.0104952 0.0143433 0.0145477 0.0116538 0.0116289 0.017273 0.059598 0.0198206 0.0122885 0.0349035 0.0736418 0.0285052 0.0515059 0.01672 0.0121307 0.0105404 0.0177742 0.00405821 0.00370606 0.00360436 0.00360482 0 0.776498 0.159239 0.0056482 0.00882183 0.00592982 0.00876858 0.0138411 0.0111109 0.0250794 0.0282612 0.010976 0.021136 0.0203226 0.0289587 0.00870006 0.00965267 0.00866226 0.0126694 0.0160985 0.00917696 0.0191702 
0.00847776 0.00813239 0.0085175 0.0085674 0.00847185 0.0131156 0.00821583 0.00983127 0.00802845 0.00870171 0.00979777 0.0103441 0.00965225 0.00974073 0.00935515 0.0139324 0.00938778 0.0103885 0.0083479 0.0100098 0.00884913 0.0141625 0.0106767 0.0113139 0.0111129 0.0112396 0.0124621 0.020594 0.0168109 0.00966637 0.0204392 0.0206517 0.0126944 0.0119631 0.0109208 0.00924682 0.0134392 0.0168885 0.00770313 0.00758123 0.00800052 0.0147193 0.776498 0 0.00366211 0.00356497 0.00375632 0.00371084 0.0051155 0.00954644 0.00885128 0.0197407 0.0107717 0.0103363 0.0169555 0.026673 0.0152478 0.00926184 0.0126773 0.00913981 0.0141873 0.0102295 0.00881965 0.0124441 
0.00810077 0.00888959 0.00939353 0.00940436 0.00908267 0.00882003 0.00828814 0.00837519 0.00818162 0.00835004 0.00895688 0.0124781 0.016507 0.016697 0.0112794 0.0093347 0.00851969 0.00920241 0.008773 0.00924422 0.00895399 0.00885552 0.00913875 0.0174792 0.0186703 0.02344 0.0190866 0.0110576 0.0121812 0.0140687 0.00970232 0.0112555 0.0177613 0.0149321 0.0124232 0.0156789 0.0142476 0.00964374 0.00652962 0.0179877 0.0144618 0.0481539 0.159239 0.00366211 0 0.00360256 0.00360801 0.00363018 0.00368759 0.00741901 0.0122775 0.0091115 0.012395 0.0134725 0.0169947 0.0102083 0.00973819 0.0107307 0.0105338 0.0100809 0.0127695 0.00931708 0.0112837 0.00942808 
0.00809175 0.00852991 0.00931517 0.0105718 0.00912957 0.00901109 0.00842661 0.00820653 0.00802119 0.00816022 0.00880431 0.0101381 0.026755 0.0288127 0.0111523 0.00948044 0.00972553 0.00841217 0.0146941 0.00881074 0.00994121 0.00848911 0.0103576 0.0113179 0.050547 0.0362083 0.0236341 0.0117099 0.0112091 0.0118008 0.0112419 0.0125088 0.0171615 0.0136939 0.0294657 0.0160642 0.0107685 0.010337 0.00779528 0.0148833 0.0270478 0.896885 0.0056482 0.00356497 0.00360256 0 0.00354233 0.00355925 0.00356907 0.011099 0.00731542 0.0141389 0.0100653 0.0211893 0.0105027 0.012884 0.00889432 0.0176364 0.00912594 0.01783 0.0089692 0.0101409 0.0109117 0.00917668 
0.00791212 0.00832199 0.00898798 0.00896535 0.00870139 0.00884331 0.0080762 0.00836163 0.0078911 0.00829824 0.00836717 0.0119451 0.0128995 0.0136514 0.0110002 0.0087494 0.00807052 0.014354 0.0083252 0.0148458 0.00834125 0.00879861 0.0085834 0.0132468 0.0172659 0.0278529 0.0126566 0.0111568 0.0105112 0.00940452 0.00986513 0.0110192 0.009365 0.0334958 0.0110744 0.0152698 0.0107506 0.00898969 0.0275434 0.0151466 0.942199 0.00760978 0.00882183 0.00375632 0.00360801 0.00354233 0 0.00353869 0.00360003 0.00758849 0.0133201 0.0190028 0.0106818 0.00891054 0.0234412 0.00868886 0.0116173 0.00853869 0.0402158 0.00869223 0.00898548 0.00916538 0.00925077 0.00966825 
0.00798339 0.00822315 0.00836992 0.00840405 0.0083604 0.00829377 0.00824195 0.00812245 0.0079443 0.00812078 0.00820575 0.00887135 0.00927247 0.00944659 0.00901822 0.00878954 0.00963353 0.00830578 0.0104432 0.00829927 0.00866825 0.00830334 0.0088011 0.00951227 0.0123016 0.00972536 0.0170707 0.00956163 0.00938982 0.0132249 0.00967757 0.0102408 0.020648 0.009615 0.0121393 0.00943006 0.0110364 0.00927853 0.022148 0.937599 0.00709773 0.00909064 0.00592982 0.00371084 0.00363018 0.00355925 0.00353869 0 0.00376261 0.0106732 0.0213257 0.0153162 0.00794935 0.0194667 0.00899327 0.00882088 0.00921209 0.0187401 0.0085021 0.010862 0.00858323 0.00881832 0.0109445 0.00886383 
0.00872647 0.00807513 0.00814093 0.00822441 0.0080668 0.00850858 0.00833664 0.00822029 0.00812749 0.00809297 0.00940096 0.00863364 0.00846208 0.00864522 0.00873654 0.00889057 0.00948919 0.00939723 0.00813704 0.00881362 0.00816801 0.00840597 0.0118996 0.0100378 0.00917991 0.00941088 0.00926653 0.014281 0.0153516 0.00894556 0.01228 0.0311859 0.010256 0.0107037 0.00996191 0.0106169 0.010099 0.0181281 0.902662 0.00994203 0.00710697 0.00653923 0.00876858 0.0051155 0.00368759 0.00356907 0.00360003 0.00376261 0 0.0191957 0.00889594 0.00972576 0.0197196 0.00816349 0.0103043 0.0198921 0.0220739 0.00884831 0.00973217 0.00833567 0.00938531 0.0139893 0.0086008 0.00985533 
0.00821747 0.00795569 0.00824901 0.00831625 0.00824691 0.00940612 0.00814456 0.00840784 0.00800588 0.00956179 0.00900818 0.00860894 0.00869675 0.00893589 0.00866111 0.0109274 0.010202 0.0086126 0.0087088 0.00828913 0.00828228 0.0102534 0.00961084 0.00984337 0.0110634 0.0105297 0.0105015 0.0135923 0.0139128 0.00894899 0.0136977 0.0134842 0.0121673 0.0105269 0.0109789 0.0103105 0.0103355 0.0337348 0.0132903 0.0107184 0.00934155 0.0108859 0.0138411 0.00954644 0.00741901 0.011099 0.00758849 0.0106732 0.0191957 0 0.00364089 0.00363233 0.00420343 0.0101835 0.0264813 0.0316712 0.0179021 0.0108677 0.0101142 0.00931092 0.0146784 0.0131542 0.00928017 0.0153052 
0.00809946 0.0084338 0.0085472 0.0087724 0.00881121 0.0086321 0.00824657 0.00841966 0.00803309 0.00839672 0.00830859 0.00935161 0.0100414 0.0102813 0.0108608 0.00888064 0.00834461 0.00885498 0.00827975 0.00847044 0.00872481 0.00829166 0.00843697 0.0127845 0.0108729 0.0134895 0.0230031 0.012254 0.00976751 0.0628431 0.00943855 0.011013 0.0192562 0.0123464 0.0130518 0.012645 0.0823175 0.0102462 0.0115433 0.0439476 0.0116437 0.0220634 0.0111109 0.00885128 0.0122775 0.00731542 0.0133201 0.0213257 0.00889594 0.00364089 0 0.00363576 0.00585132 0.0453174 0.0308875 0.00592238 0.0115633 0.0132486 0.0105795 0.0128187 0.00998002 0.00946362 0.0509934 0.0103802 
0.00834834 0.00810682 0.00836763 0.00869131 0.00873094 0.010375 0.00860703 0.00845146 0.00811242 0.00824732 0.00935379 0.0100458 0.0123197 0.0116853 0.0109581 0.0105498 0.00928507 0.00888359 0.0082283 0.00866197 0.00829197 0.00853637 0.0118481 0.0104599 0.0131788 0.0140183 0.0233659 0.0290045 0.0195571 0.0120127 0.027011 0.024154 0.0116074 0.0134699 0.0132693 0.0348873 0.0161343 0.0230197 0.0213246 0.0124458 0.0138032 0.0222007 0.0250794 0.0197407 0.0091115 0.0141389 0.0190028 0.0153162 0.00972576 0.00363233 0.00363576 0 0.0621823 0.0141379 0.00492811 0.00531092 0.0226949 0.0100428 0.0112406 0.00953257 0.0144921 0.0220627 0.0115971 0.0292633 
0.0083211 0.00815024 0.00853381 0.00868682 0.0086443 0.0102542 0.00823711 0.00899901 0.00795702 0.00867378 0.00881508 0.0102844 0.0105336 0.0108839 0.0104832 0.0119172 0.00838559 0.00873441 0.0082166 0.00867428 0.00845568 0.0113874 0.00947703 0.011991 0.0125157 0.0136547 0.012113 0.021367 0.0124843 0.0104649 0.0177513 0.0139895 0.0119736 0.0142999 0.0149168 0.012143 0.0124032 0.0237988 0.0149124 0.0158656 0.0132857 0.0117531 0.0282612 0.0107717 0.012395 0.0100653 0.0106818 0.00794935 0.0197196 0.00420343 0.00585132 0.0621823 0 0.00367357 0.00387006 0.00469191 0.0779436 0.0179818 0.0143348 0.00988604 0.0244178 0.0125808 0.0106536 0.0231067 
0.00812611 0.00863126 0.00921312 0.00954038 0.00929951 0.00934608 0.0084264 0.00854255 0.00811822 0.00819107 0.00861764 0.00961968 0.0147961 0.0139198 0.0109375 0.0101363 0.0087823 0.00855971 0.00991961 0.0085871 0.00940102 0.00854361 0.009213 0.0113627 0.0246355 0.0265218 0.0256685 0.0110378 0.0126006 0.0158754 0.0106308 0.00948651 0.0256655 0.0204728 0.0259936 0.0216776 0.0259483 0.0124501 0.0113843 0.0245138 0.019862 0.0426628 0.010976 0.0103363 0.0134725 0.0211893 0.00891054 0.0194667 0.00816349 0.0101835 0.0453174 0.0141379 0.00367357 0 0.00473675 0.00441781 0.0143553 0.0839386 0.0168425 0.0365263 0.0101284 0.0110539 0.0229594 0.011173 
0.00820639 0.00865289 0.00936105 0.00980417 0.0099706 0.00975115 0.00861265 0.00896714 0.00808428 0.00872851 0.00874419 0.0107858 0.012795 0.0149529 0.0153106 0.00940462 0.00852129 0.0107483 0.00849198 0.00970958 0.00877458 0.0091152 0.00891405 0.0186997 0.0157336 0.0217165 0.044566 0.0188443 0.0115731 0.0257312 0.0147664 0.0133717 0.0175331 0.0238909 0.0198905 0.0279505 0.0390937 0.012501 0.0126 0.0302036 0.0218741 0.0399307 0.021136 0.0169555 0.0169947 0.0105027 0.0234412 0.00899327 0.0103043 0.0264813 0.0308875 0.00492811 0.00387006 0.00473675 0 0.00373297 0.0225659 0.015983 0.0370502 0.0575768 0.0270329 0.0143335 0.0435376 0.0168595 
0.00860913 0.00816429 0.00837943 0.00863113 0.00850804 0.00943101 0.00855097 0.00840395 0.00807641 0.00821635 0.00932574 0.00914391 0.00935156 0.00969752 0.00998856 0.0103898 0.0102301 0.00848539 0.00848629 0.00837036 0.00834159 0.00876399 0.01328 0.00984056 0.0108356 0.010116 0.0118012 0.0218117 0.0154461 0.00976076 0.0185733 0.0226782 0.0119763 0.0116049 0.0121965 0.0120293 0.0117921 0.0144025 0.0292743 0.0120711 0.0109779 0.0207812 0.0203226 0.026673 0.0102083 0.012884 0.00868886 0.00882088 0.0198921 0.0316712 0.00592238 0.00531092 0.00469191 0.00441781 0.00373297 0 0.0319148 0.0143234 0.0123188 0.0277869 0.0887992 0.0219236 0.0114558 0.0304922 
0.00821363 0.00821493 0.00839968 0.0085615 0.00844172 0.00893889 0.00806666 0.00845971 0.00789083 0.0084857 0.00831228 0.00872778 0.00868998 0.00910981 0.00864939 0.0096655 0.00793825 0.00972213 0.0079204 0.00878485 0.00811328 0.00930281 0.00803806 0.00875626 0.00857576 0.00907731 0.00886778 0.0118637 0.00870282 0.00819417 0.010131 0.00924545 0.00856051 0.00986064 0.0088595 0.00942852 0.00917178 0.0139605 0.01061 0.0095642 0.00971424 0.00907548 0.0289587 0.0152478 0.00973819 0.00889432 0.0116173 0.00921209 0.0220739 0.0179021 0.0115633 0.0226949 0.0779436 0.0143553 0.0225659 0.0319148 0 0.00383937 0.00380921 0.00368472 0.00425478 0.006239 0.0070814 0.0887692 
0.00813834 0.00830169 0.00842516 0.00858725 0.00849521 0.00842982 0.00829436 0.00809774 0.00807106 0.00798822 0.00848085 0.0085433 0.00975984 0.00914494 0.0086765 0.00850833 0.00973533 0.00813484 0.00981927 0.00819587 0.00855736 0.00828278 0.00833196 0.00855263 0.0111722 0.0100634 0.0103224 0.0085708 0.00872531 0.00907835 0.00859969 0.00844264 0.0145979 0.00928271 0.0151102 0.0105055 0.010092 0.00930257 0.00990293 0.0124548 0.00961487 0.0268861 0.00870006 0.00926184 0.0107307 0.0176364 0.00853869 0.0187401 0.00884831 0.0108677 0.0132486 0.0100428 0.0179818 0.0839386 0.015983 0.0143234 0.00383937 0 0.0035537 0.00367877 0.00363893 0.005892 0.0183152 0.0148414 
