1H8PA
EECVFPFVYRNRKHFDCTVHGSLFPWCSLDADYVGRWKYCAQRDYAKCVFPFIYGGKKYETCTKIGSMWMSWCSLSPNYDKDRAWKYC
CCCCCCEEECCEEECCCECCCCCCCEEECCCECCCCEEECCHHHCCCCCCCEEECCEEECCCECCCCCCCCEEECCCEHHHHCCEEEC
0 0 0 0 0 0 0 0 0 0 0 0 0 0 0 0 0 0 0 0 0 0 0 0 0 0 0 0 0 0 0 0 0 0 0 0 0 0 0 0 0 0 0 0 0 0 0 0 0 0 0 0 0 0 0 0 0 0 0 0 0 0 0 0 0 0 0 0 0 0 0 0 0 0 0 0 0 0 0 0 0 0 0 0 0 0 0 0 
0 0 0 0 0 0 0 0 0 0 0 0 0 0 0 0 0 0 0 0 0 0 0 0 0 0 0 0 0 0 0 0 0 0 0 0 0 0 0 0 0 0 0 0 0 0 0 0 0 0 0 0 0 0 0 0 0 0 0 0 0 0 0 0 0 0 0 0 0 0 0 0 0 0 0 0 0 0 0 0 0 0 0 0 0 0 0 0 
0 0.00367601 0.00443759 0.00412082 0.00573233 0.95803 0.0116247 0.0111563 0.0114788 0.0393164 0.0139864 0.0103601 0.0108371 0.0154443 0.0203062 0.00872494 0.0276956 0.00993299 0.00876133 0.026695 0.0164105 0.0095607 0.00902574 0.0129568 0.00996949 0.00875293 0.00835653 0.0120413 
0.00367601 0 0.00361365 0.00452903 0.992982 0.00792879 0.0071825 0.0106856 0.0560214 0.010868 0.0100295 0.011121 0.0176489 0.0109331 0.00865656 0.0677794 0.00891653 0.00867451 0.0258375 0.00850051 0.00931455 0.00877984 0.0165857 0.00906406 0.00918777 0.00847435 0.0106431 0.00828441 
0.00443759 0.00361365 0 0.99616 0.00455691 0.00595171 0.00825835 0.018867 0.0114925 0.0105995 0.0160394 0.0146197 0.0100799 0.00903115 0.0503313 0.00850053 0.0122669 0.0207619 0.00846736 0.0135648 0.0167276 0.0182264 0.00897141 0.00986541 0.0102124 0.0123917 0.00842077 0.00904266 
0.00412082 0.00452903 0.99616 0 0.00476678 0.00371953 0.00616235 0.00993512 0.00797418 0.0842182 0.0117434 0.0101465 0.00865073 0.0240608 0.0101335 0.00879348 0.015111 0.00921562 0.00921942 0.0151499 0.0114468 0.00898084 0.00848028 0.0118794 0.0102291 0.00861361 0.00827114 0.0116589 
0.00573233 0.992982 0.00455691 0.00476678 0 0.00359864 0.00457607 0.00810415 0.0904904 0.00973262 0.00847546 0.00898091 0.0223436 0.00845038 0.00878717 0.0205235 0.00872257 0.00853883 0.0118738 0.00856944 0.00933061 0.00856784 0.0149122 0.00870426 0.00883054 0.00819573 0.00961507 0.00810176 
0.95803 0.00792879 0.00595171 0.00371953 0.00359864 0 0.0116911 0.0630309 0.0140021 0.0208008 0.0123747 0.0210802 0.00881255 0.0112077 0.0179614 0.00905233 0.0120077 0.0125084 0.00865378 0.0107824 0.012096 0.0138312 0.00901852 0.0112188 0.0101813 0.0103622 0.00858749 0.00914617 
0.0116247 0.0071825 0.00825835 0.00616235 0.00457607 0.0116911 0 0.102488 0.010261 0.0127868 0.0558724 0.00961685 0.0108135 0.0146556 0.0175161 0.0102204 0.0154407 0.0109797 0.00948171 0.0135636 0.0740659 0.0113877 0.00957838 0.0119213 0.0461533 0.00964812 0.00843093 0.0100585 
0.0111563 0.0106856 0.018867 0.00993512 0.00810415 0.0630309 0.102488 0 0.00360024 0.00368524 0.0062431 0.0129521 0.00770653 0.784375 0.0117761 0.0111121 0.0218703 0.0098867 0.00951951 0.0212632 0.0135986 0.0122569 0.00993129 0.0415585 0.0121535 0.00932737 0.00878771 0.0244544 
0.0114788 0.0560214 0.0114925 0.00797418 0.0904904 0.0140021 0.010261 0.00360024 0 0.00362629 0.00536593 0.00780624 0.906821 0.00760514 0.0118263 0.0449066 0.0122239 0.00886303 0.0224929 0.00966001 0.0114675 0.00973293 0.101241 0.0110737 0.00919124 0.00862089 0.0357779 0.0095835 
0.0393164 0.010868 0.0105995 0.0842182 0.00973262 0.0208008 0.0127868 0.00368524 0.00362629 0 0.050442 0.744237 0.00668326 0.0123423 0.0245729 0.01106 0.0164716 0.0181798 0.00930564 0.0113747 0.0141207 0.0333134 0.0104708 0.0184055 0.0109342 0.025252 0.00867247 0.0124699 
0.0139864 0.0100295 0.0160394 0.0117434 0.00847546 0.0123747 0.0558724 0.0062431 0.00536593 0.050442 0 0.0724694 0.0123473 0.00776578 0.0116883 0.0101755 0.0150871 0.0114429 0.0102573 0.0148475 0.0606556 0.0104653 0.00936011 0.010967 0.0635234 0.0100616 0.0087538 0.00982047 
0.0103601 0.011121 0.0146197 0.0101465 0.00898091 0.0210802 0.00961685 0.0129521 0.00780624 0.744237 0.0724694 0 0.00362619 0.00407717 0.00976353 0.0124698 0.0531027 0.0101976 0.0104071 0.0215761 0.0127647 0.0122123 0.00901118 0.0226315 0.0115576 0.010634 0.00883066 0.0184333 
0.0108371 0.0176489 0.0100799 0.00865073 0.0223436 0.00881255 0.0108135 0.00770653 0.906821 0.00668326 0.0123473 0.00362619 0 0.00374061 0.017329 0.074194 0.0132605 0.00825994 0.0330784 0.00970266 0.0121762 0.00934074 0.0692601 0.00927175 0.00934577 0.00869347 0.025287 0.00854842 
0.0154443 0.0109331 0.00903115 0.0240608 0.00845038 0.0112077 0.0146556 0.784375 0.00760514 0.0123423 0.00776578 0.00407717 0.00374061 0 0.0400737 0.0146553 0.0158434 0.0183827 0.00866461 0.0109526 0.0162293 0.0338034 0.00990036 0.0155492 0.0121411 0.0385065 0.00854293 0.0110998 
0.0203062 0.00865656 0.0503313 0.0101335 0.00878717 0.0179614 0.0175161 0.0117761 0.0118263 0.0245729 0.0116883 0.00976353 0.017329 0.0400737 0 0.00359417 0.00380778 0.0044256 0.00575723 0.954608 0.0184053 0.0114017 0.0108718 0.0333454 0.0127862 0.0116972 0.00951092 0.0405183 
0.00872494 0.0677794 0.00850053 0.00879348 0.0205235 0.00905233 0.0102204 0.0111121 0.0449066 0.01106 0.0101755 0.0124698 0.074194 0.0146553 0.00359417 0 0.0035602 0.00482319 0.978998 0.00636126 0.00820035 0.0103831 0.0729314 0.011945 0.0109964 0.00908944 0.0297982 0.009718 
0.0276956 0.00891653 0.0122669 0.015111 0.00872257 0.0120077 0.0154407 0.0218703 0.0122239 0.0164716 0.0150871 0.0531027 0.0132605 0.0158434 0.00380778 0.0035602 0 0.983567 0.00477191 0.00440188 0.00911931 0.0231603 0.0128399 0.0165166 0.0131177 0.0204716 0.00913487 0.0167407 
0.00993299 0.00867451 0.0207619 0.00921562 0.00853883 0.0125084 0.0109797 0.0098867 0.00886303 0.0181798 0.0114429 0.0101976 0.00825994 0.0183827 0.0044256 0.00482319 0.983567 0 0.00386601 0.00421984 0.00763436 0.0095731 0.00860866 0.0594259 0.0104632 0.00996315 0.00896358 0.0240535 
0.00876133 0.0258375 0.00846736 0.00921942 0.0118738 0.00865378 0.00948171 0.00951951 0.0224929 0.00930564 0.0102573 0.0104071 0.0330784 0.00866461 0.00575723 0.978998 0.00477191 0.00386601 0 0.00378677 0.0089816 0.00933411 0.0597733 0.0101952 0.0094282 0.0091348 0.0238299 0.0087393 
0.026695 0.00850051 0.0135648 0.0151499 0.00856944 0.0107824 0.0135636 0.0212632 0.00966001 0.0113747 0.0148475 0.0215761 0.00970266 0.0109526 0.954608 0.00636126 0.00440188 0.00421984 0.00378677 0 0.0479896 0.038303 0.0114014 0.0133043 0.00797637 0.0284707 0.00915492 0.015309 
0.0164105 0.00931455 0.0167276 0.0114468 0.00933061 0.012096 0.0740659 0.0135986 0.0114675 0.0141207 0.0606556 0.0127647 0.0121762 0.0162293 0.0184053 0.00820035 0.00911931 0.00763436 0.0089816 0.0479896 0 0.113039 0.0118111 0.0123305 0.0475935 0.0114385 0.00974989 0.0143249 
0.0095607 0.00877984 0.0182264 0.00898084 0.00856784 0.0138312 0.0113877 0.0122569 0.00973293 0.0333134 0.0104653 0.0122123 0.00934074 0.0338034 0.0114017 0.0103831 0.0231603 0.0095731 0.00933411 0.038303 0.113039 0 0.00359693 0.00362417 0.00977877 0.00948555 0.00758159 0.804108 
0.00902574 0.0165857 0.00897141 0.00848028 0.0149122 0.00901852 0.00957838 0.00993129 0.101241 0.0104708 0.00936011 0.00901118 0.0692601 0.00990036 0.0108718 0.0729314 0.0128399 0.00860866 0.0597733 0.0114014 0.0118111 0.00359693 0 0.00360385 0.00377224 0.00775722 0.881406 0.0159188 
0.0129568 0.00906406 0.00986541 0.0118794 0.00870426 0.0112188 0.0119213 0.0415585 0.0110737 0.0184055 0.010967 0.0226315 0.00927175 0.0155492 0.0333454 0.011945 0.0165166 0.0594259 0.0101952 0.0133043 0.0123305 0.00362417 0.00360385 0 0.00416279 0.65001 0.00780536 0.0502075 
0.00996949 0.00918777 0.0102124 0.0102291 0.00883054 0.0101813 0.0461533 0.0121535 0.00919124 0.0109342 0.0635234 0.0115576 0.00934577 0.0121411 0.0127862 0.0109964 0.0131177 0.0104632 0.0094282 0.00797637 0.0475935 0.00977877 0.00377224 0.00416279 0 0.0307537 0.00485584 0.0157855 
0.00875293 0.00847435 0.0123917 0.00861361 0.00819573 0.0103622 0.00964812 0.00932737 0.00862089 0.025252 0.0100616 0.010634 0.00869347 0.0385065 0.0116972 0.00908944 0.0204716 0.00996315 0.0091348 0.0284707 0.0114385 0.00948555 0.00775722 0.65001 0.0307537 0 0.00370089 0.00416332 
0.00835653 0.0106431 0.00842077 0.00827114 0.00961507 0.00858749 0.00843093 0.00878771 0.0357779 0.00867247 0.0087538 0.00883066 0.025287 0.00854293 0.00951092 0.0297982 0.00913487 0.00896358 0.0238299 0.00915492 0.00974989 0.00758159 0.881406 0.00780536 0.00485584 0.00370089 0 0.00361239 
0.0120413 0.00828441 0.00904266 0.0116589 0.00810176 0.00914617 0.0100585 0.0244544 0.0095835 0.0124699 0.00982047 0.0184333 0.00854842 0.0110998 0.0405183 0.009718 0.0167407 0.0240535 0.0087393 0.015309 0.0143249 0.804108 0.0159188 0.0502075 0.0157855 0.00416332 0.00361239 0 
