1I4JB
MEAKAIARYVRISPRKVRLVVDLIRGKSLEEARNILRYTNKRGAYFVAKVLESAAANAVNNHDALEDRLYVKAAYVDEGPAVLPRARGRADIIKKRTSHITVILGEKHGK
CCEEEEEEEECCCHHHHHHHHHHHCCCEHHHHHHHHHHCCCCCHHHHHHHHHHHHHHHHHHCCCCCCCEEEEEEEEEECCCECCCCCCCCCCCCECCEEEEEEEEECCCC
0 0 0 0 0 0 0 0 0 0 0 0 0 0 0 0 0 0 0 0 0 0 0 0 0 0 0 0 0 0 0 0 0 0 0 0 0 0 0 0 0 0 0 0 0 0 0 0 0 0 0 0 0 0 0 0 0 0 0 0 0 0 0 0 0 0 0 0 0 0 0 0 0 0 0 0 0 0 0 0 0 0 0 0 0 0 0 0 0 0 0 0 0 0 0 0 0 0 0 0 0 0 0 0 0 0 0 0 0 0 
0 0 0 0 0 0 0 0 0 0 0 0 0 0 0 0 0 0 0 0 0 0 0 0 0 0 0 0 0 0 0 0 0 0 0 0 0 0 0 0 0 0 0 0 0 0 0 0 0 0 0 0 0 0 0 0 0 0 0 0 0 0 0 0 0 0 0 0 0 0 0 0 0 0 0 0 0 0 0 0 0 0 0 0 0 0 0 0 0 0 0 0 0 0 0 0 0 0 0 0 0 0 0 0 0 0 0 0 0 0 
0 0.00370865 0.00377874 0.00373399 0.00365355 0.00377206 0.0040814 0.0325066 0.0183675 0.0255775 0.00943535 0.0131562 0.00910325 0.0107975 0.0102343 0.0093791 0.0124629 0.00889067 0.0110617 0.0140773 0.0116405 0.0105325 0.00839041 0.00995894 0.00842929 0.0123342 0.00894909 0.00923884 0.0090423 0.0103503 
0.00370865 0 0.00364947 0.00368172 0.00359475 0.00378671 0.0083359 0.0037004 0.0169882 0.010217 0.0332722 0.00952193 0.0172017 0.0119672 0.0132099 0.0312058 0.00902136 0.00920706 0.00998787 0.00843612 0.00848034 0.00847635 0.0121171 0.00882311 0.0187847 0.00967104 0.0150518 0.00957168 0.00873882 0.0085534 
0.00377874 0.00364947 0 0.00355364 0.00357487 0.00434534 0.00361987 0.00427052 0.00803608 0.0203209 0.0102055 0.0353957 0.0129311 0.0201463 0.0360167 0.0132816 0.0187748 0.00950068 0.00841305 0.00860725 0.00824655 0.00876213 0.00880075 0.0315551 0.0108072 0.0296477 0.018083 0.0126724 0.00887579 0.00829035 
0.00373399 0.00368172 0.00355364 0 0.00419522 0.00357242 0.00362571 0.00362162 0.00885549 0.00941523 0.017491 0.0112018 0.0177764 0.0265808 0.0135135 0.0183249 0.0101734 0.0084993 0.00879788 0.00816925 0.00809615 0.00824941 0.0104513 0.00930842 0.0189444 0.0132618 0.0172578 0.010669 0.00856539 0.00827493 
0.00365355 0.00359475 0.00357487 0.00419522 0 0.00411719 0.00358527 0.0036612 0.00720564 0.0106267 0.0101828 0.0153412 0.0143837 0.0122245 0.0144081 0.0110632 0.0107466 0.00867692 0.00818731 0.00815038 0.00801261 0.00835501 0.00848788 0.015302 0.0111749 0.0152013 0.0113554 0.00950775 0.00852793 0.0081577 
0.00377206 0.00378671 0.00434534 0.00357242 0.00411719 0 0.0035931 0.00356139 0.00865574 0.00951908 0.0114829 0.0202687 0.0121778 0.0130512 0.0126173 0.011708 0.00993055 0.00837707 0.00832063 0.00805095 0.00797568 0.00804735 0.0136937 0.011036 0.0121903 0.0118519 0.0114642 0.00971528 0.00833148 0.00805713 
0.0040814 0.0083359 0.00361987 0.00362571 0.00358527 0.0035931 0 0.00367104 0.0136048 0.0104685 0.0186007 0.0101588 0.0132145 0.0111008 0.00995093 0.0109776 0.00938311 0.00925607 0.00884514 0.00835162 0.00825654 0.00875694 0.0107411 0.0090371 0.0104184 0.00936853 0.0102333 0.00902477 0.00870802 0.00812944 
0.0325066 0.0037004 0.00427052 0.00362162 0.0036612 0.00356139 0.00367104 0 0.0240947 0.0332275 0.0101235 0.0144033 0.0113645 0.0112954 0.010904 0.00960874 0.0105143 0.00902156 0.00885769 0.0132414 0.0103464 0.012471 0.00854604 0.0114458 0.00862142 0.0110927 0.00912817 0.00899638 0.00970965 0.00841473 
0.0183675 0.0169882 0.00803608 0.00885549 0.00720564 0.00865574 0.0136048 0.0240947 0 0.0222481 0.0148646 0.0105263 0.0106455 0.010408 0.010329 0.0106704 0.00924143 0.00891264 0.0150894 0.047448 0.0429535 0.0152161 0.00952094 0.00845269 0.0101879 0.0101713 0.01027 0.00902299 0.0086878 0.0102103 
0.0255775 0.010217 0.0203209 0.00941523 0.0106267 0.00951908 0.0104685 0.0332275 0.0222481 0 0.00497545 0.00367365 0.00372929 0.00364536 0.00370553 0.0039502 0.00465694 0.00445281 0.00942218 0.0145885 0.0201069 0.0295016 0.0113568 0.0268595 0.0115495 0.0341813 0.0134567 0.0133024 0.0134835 0.0385282 
0.00943535 0.0332722 0.0102055 0.017491 0.0101828 0.0114829 0.0186007 0.0101235 0.0148646 0.00497545 0 0.00356964 0.00354801 0.00358845 0.00375716 0.00512031 0.00374381 0.00550351 0.00551989 0.00814575 0.0112165 0.0171166 0.0811296 0.0130702 0.0715361 0.0204081 0.05086 0.0186804 0.0454761 0.0404462 
0.0131562 0.00952193 0.0353957 0.0112018 0.0153412 0.0202687 0.0101588 0.0144033 0.0105263 0.00367365 0.00356964 0 0.00355768 0.00355165 0.0042399 0.00365292 0.00448181 0.00410928 0.00392057 0.00658043 0.00907842 0.0201254 0.0147538 0.106809 0.0193844 0.106793 0.0388035 0.0881506 0.0513825 0.0100253 
0.00910325 0.0172017 0.0129311 0.0177764 0.0143837 0.0121778 0.0132145 0.0113645 0.0106455 0.00372929 0.00354801 0.00355768 0 0.00354673 0.00355016 0.00375301 0.00359374 0.00364246 0.00434032 0.00617096 0.00879025 0.0114441 0.0323232 0.0198749 0.0733769 0.02799 0.0866487 0.0881346 0.0243618 0.0092966 
0.0107975 0.0119672 0.0201463 0.0265808 0.0122245 0.0130512 0.0111008 0.0112954 0.010408 0.00364536 0.00358845 0.00355165 0.00354673 0 0.00358215 0.00355149 0.00355809 0.00356453 0.00402191 0.00573572 0.00879383 0.0140726 0.0222696 0.0453523 0.0383803 0.0649352 0.152322 0.0469054 0.0138186 0.0111668 
0.0102343 0.0132099 0.0360167 0.0135135 0.0144081 0.0126173 0.00995093 0.010904 0.010329 0.00370553 0.00375716 0.0042399 0.00355016 0.00358215 0 0.00355248 0.00355429 0.00355546 0.00358187 0.00497471 0.00871213 0.01285 0.019232 0.0495651 0.0386336 0.249217 0.0691663 0.0300592 0.0192483 0.00989614 
0.0093791 0.0312058 0.0132816 0.0183249 0.0110632 0.011708 0.0109776 0.00960874 0.0106704 0.0039502 0.00512031 0.00365292 0.00375301 0.00355149 0.00355248 0 0.00356462 0.00355666 0.00356973 0.00434257 0.00904914 0.012436 0.0381173 0.0243264 0.317804 0.0371203 0.0847726 0.0449103 0.0177408 0.00995024 
0.0124629 0.00902136 0.0187748 0.0101734 0.0107466 0.00993055 0.00938311 0.0105143 0.00924143 0.00465694 0.00374381 0.00448181 0.00359374 0.00355809 0.00355429 0.00356462 0 0.00355284 0.00354821 0.00512086 0.00787704 0.0150429 0.0168199 0.310767 0.0164844 0.0538546 0.0312509 0.0453737 0.0148819 0.00932773 
0.00889067 0.00920706 0.00950068 0.0084993 0.00867692 0.00837707 0.00925607 0.00902156 0.00891264 0.00445281 0.00550351 0.00410928 0.00364246 0.00356453 0.00355546 0.00355666 0.00355284 0 0.00355265 0.00498247 0.00885578 0.00983804 0.239466 0.0132829 0.0183329 0.0181357 0.0222438 0.0132171 0.0268895 0.00908906 
0.0110617 0.00998787 0.00841305 0.00879788 0.00818731 0.00832063 0.00884514 0.00885769 0.0150894 0.00942218 0.00551989 0.00392057 0.00434032 0.00402191 0.00358187 0.00356973 0.00354821 0.00355265 0 0.012013 0.0103142 0.156989 0.0111358 0.0122484 0.0143677 0.0115704 0.0127523 0.0168606 0.0112628 0.0155132 
0.0140773 0.00843612 0.00860725 0.00816925 0.00815038 0.00805095 0.00835162 0.0132414 0.047448 0.0145885 0.00814575 0.00658043 0.00617096 0.00573572 0.00497471 0.00434257 0.00512086 0.00498247 0.012013 0 0.8192 0.0147124 0.010425 0.0104983 0.00940955 0.011151 0.00997073 0.00933998 0.0116767 0.0125839 
0.0116405 0.00848034 0.00824655 0.00809615 0.00801261 0.00797568 0.00825654 0.0103464 0.0429535 0.0201069 0.0112165 0.00907842 0.00879025 0.00879383 0.00871213 0.00904914 0.00787704 0.00885578 0.0103142 0.8192 0 0.0350457 0.00396603 0.00377525 0.00371963 0.00462819 0.00516745 0.00561848 0.00620977 0.01088 
0.0105325 0.00847635 0.00876213 0.00824941 0.00835501 0.00804735 0.00875694 0.012471 0.0152161 0.0295016 0.0171166 0.0201254 0.0114441 0.0140726 0.01285 0.012436 0.0150429 0.00983804 0.156989 0.0147124 0.0350457 0 0.00364782 0.00360375 0.00358665 0.00372872 0.0039041 0.0038997 0.0045245 0.00961281 
0.00839041 0.0121171 0.00880075 0.0104513 0.00848788 0.0136937 0.0107411 0.00854604 0.00952094 0.0113568 0.0811296 0.0147538 0.0323232 0.0222696 0.019232 0.0381173 0.0168199 0.239466 0.0111358 0.010425 0.00396603 0.00364782 0 0.00356601 0.0035932 0.00364467 0.00386202 0.00381053 0.00479094 0.00473734 
0.00995894 0.00882311 0.0315551 0.00930842 0.015302 0.011036 0.0090371 0.0114458 0.00845269 0.0268595 0.0130702 0.106809 0.0198749 0.0453523 0.0495651 0.0243264 0.310767 0.0132829 0.0122484 0.0104983 0.00377525 0.00360375 0.00356601 0 0.00355524 0.00387141 0.003697 0.00372381 0.00364225 0.00372766 
0.00842929 0.0187847 0.0108072 0.0189444 0.0111749 0.0121903 0.0104184 0.00862142 0.0101879 0.0115495 0.0715361 0.0193844 0.0733769 0.0383803 0.0386336 0.317804 0.0164844 0.0183329 0.0143677 0.00940955 0.00371963 0.00358665 0.0035932 0.00355524 0 0.00358741 0.00366923 0.00360367 0.00358902 0.00373474 
0.0123342 0.00967104 0.0296477 0.0132618 0.0152013 0.0118519 0.00936853 0.0110927 0.0101713 0.0341813 0.0204081 0.106793 0.02799 0.0649352 0.249217 0.0371203 0.0538546 0.0181357 0.0115704 0.011151 0.00462819 0.00372872 0.00364467 0.00387141 0.00358741 0 0.00365638 0.00365726 0.00360453 0.00372086 
0.00894909 0.0150518 0.018083 0.0172578 0.0113554 0.0114642 0.0102333 0.00912817 0.01027 0.0134567 0.05086 0.0388035 0.0866487 0.152322 0.0691663 0.0847726 0.0312509 0.0222438 0.0127523 0.00997073 0.00516745 0.0039041 0.00386202 0.003697 0.00366923 0.00365638 0 0.00358748 0.00357971 0.00361075 
0.00923884 0.00957168 0.0126724 0.010669 0.00950775 0.00971528 0.00902477 0.00899638 0.00902299 0.0133024 0.0186804 0.0881506 0.0881346 0.0469054 0.0300592 0.0449103 0.0453737 0.0132171 0.0168606 0.00933998 0.00561848 0.0038997 0.00381053 0.00372381 0.00360367 0.00365726 0.00358748 0 0.0035603 0.00359332 
0.0090423 0.00873882 0.00887579 0.00856539 0.00852793 0.00833148 0.00870802 0.00970965 0.0086878 0.0134835 0.0454761 0.0513825 0.0243618 0.0138186 0.0192483 0.0177408 0.0148819 0.0268895 0.0112628 0.0116767 0.00620977 0.0045245 0.00479094 0.00364225 0.00358902 0.00360453 0.00357971 0.0035603 0 0.00362926 
0.0103503 0.0085534 0.00829035 0.00827493 0.0081577 0.00805713 0.00812944 0.00841473 0.0102103 0.0385282 0.0404462 0.0100253 0.0092966 0.0111668 0.00989614 0.00995024 0.00932773 0.00908906 0.0155132 0.0125839 0.01088 0.00961281 0.00473734 0.00372766 0.00373474 0.00372086 0.00361075 0.00359332 0.00362926 0 
