1IKTA
LQSTFVFEEIGRRLKDIGPEVVKKVNAVFEWHITKGGNIGAKWTIDLKSGSGKVYQGPAKGAADTTIILSDEDFMEVVLGKLDPQKAFFSGRLKARGNIMLSQKLQMILKDYAKL
CCHHHHHHHHHHHHHHHHHHHHHHHCEEEEEEEECCCCEEEEEEEEECCCCCEEEECCCCCCCCEEEEEEHHHHHHHHCCCCCHHHHHHCCCCEEEECHHHHHHHHHHHHHHCCC
0 0 0 0 0 0 0 0 0 0 0 0 0 0 0 0 0 0 0 0 0 0 0 0 0 0 0 0 0 0 0 0 0 0 0 0 0 0 0 0 0 0 0 0 0 0 0 0 0 0 0 0 0 0 0 0 0 0 0 0 0 0 0 0 0 0 0 0 0 0 0 0 0 0 0 0 0 0 0 0 0 0 0 0 0 0 0 0 0 0 0 0 0 0 0 0 0 0 0 0 0 0 0 0 0 0 0 0 0 0 0 0 0 0 0 
0 0 0 0 0 0 0 0 0 0 0 0 0 0 0 0 0 0 0 0 0 0 0 0 0 0 0 0 0 0 0 0 0 0 0 0 0 0 0 0 0 0 0 0 0 0 0 0 0 0 0 0 0 0 0 0 0 0 0 0 0 0 0 0 0 0 0 0 0 0 0 0 0 0 0 0 0 0 0 0 0 0 0 0 0 0 0 0 0 0 0 0 0 0 0 0 0 0 0 0 0 0 0 0 0 0 0 0 0 0 0 0 0 0 0 
0 0.00371603 0.00366046 0.00367438 0.00367477 0.00365124 0.0040529 0.00726488 0.00747721 0.00597619 0.00654398 0.00676421 0.00986419 0.0139173 0.0325155 0.0286569 0.894777 0.0125981 0.0121655 0.0104224 0.0161599 0.0312938 0.0122709 0.0173247 0.0118984 0.0144073 0.0165757 0.0100857 0.0129789 0.00860694 0.0172942 
0.00371603 0 0.00366423 0.00365284 0.00360934 0.00370263 0.00370959 0.00383909 0.0059002 0.00781092 0.00674889 0.00960151 0.00881118 0.0336279 0.0352379 0.92799 0.0108768 0.0122905 0.0125872 0.0172078 0.0130794 0.0115273 0.0640144 0.0205397 0.0365572 0.0127211 0.0116315 0.0121133 0.00952516 0.0174898 0.00859925 
0.00366046 0.00366423 0 0.00362368 0.00356342 0.00355408 0.00357378 0.0036027 0.0057912 0.00668119 0.00947605 0.0070009 0.0376972 0.03341 0.944559 0.011306 0.0124241 0.00871037 0.0193068 0.0126399 0.00977083 0.0171606 0.0138674 0.126244 0.0280921 0.0270474 0.0106141 0.00884578 0.0186705 0.0089665 0.00917333 
0.00367438 0.00365284 0.00362368 0 0.0035388 0.00355994 0.00355513 0.00357994 0.0053078 0.00756191 0.00707923 0.0413273 0.0198443 0.974542 0.00829647 0.0137419 0.00739556 0.0125062 0.00935036 0.0162465 0.0115083 0.00992887 0.0474408 0.0244375 0.116675 0.0115059 0.0129588 0.0121993 0.00893367 0.011876 0.0085145 
0.00367477 0.00360934 0.00356342 0.0035388 0 0.00354633 0.00355376 0.00356182 0.0059837 0.00521988 0.0752536 0.0157092 0.978837 0.00784204 0.0124909 0.00707699 0.0122404 0.00831169 0.0138914 0.0101402 0.00931315 0.0153303 0.0121121 0.156779 0.0150001 0.0346239 0.00995929 0.00857296 0.0182161 0.00848735 0.0100731 
0.00365124 0.00370263 0.00355408 0.00355994 0.00354633 0 0.00353812 0.00355815 0.00453739 0.0611951 0.0185007 0.980249 0.00746192 0.0115231 0.00725067 0.0161467 0.00710605 0.0119819 0.00915938 0.0128181 0.0120805 0.0104139 0.0539848 0.0192728 0.167537 0.0104498 0.0130486 0.013774 0.00874764 0.0138282 0.00842272 
0.0040529 0.00370959 0.00357378 0.00355513 0.00355376 0.00353812 0 0.00359396 0.0302067 0.0778475 0.859796 0.00584922 0.00722846 0.00658252 0.0164811 0.00687002 0.0104432 0.00876828 0.0173137 0.0130879 0.00983544 0.0158978 0.0130883 0.0400602 0.0108477 0.0538312 0.00997639 0.00887137 0.020269 0.00856974 0.00938348 
0.00726488 0.00383909 0.0036027 0.00357994 0.00356182 0.00355815 0.00359396 0 0.860826 0.126745 0.00700659 0.00481596 0.00533955 0.00685515 0.00620625 0.00841109 0.00745409 0.0195076 0.0092317 0.00895937 0.0112146 0.0178449 0.0161855 0.00947593 0.011805 0.00930285 0.0263021 0.0206755 0.00891047 0.00867593 0.00890095 
0.00747721 0.0059002 0.0057912 0.0053078 0.0059837 0.00453739 0.0302067 0.860826 0 0.00387593 0.00352245 0.0036056 0.00359206 0.00363402 0.00419096 0.00414203 0.00931094 0.00709799 0.00713294 0.00745771 0.0146679 0.0162559 0.00924122 0.00996947 0.00994847 0.0106256 0.0142413 0.0105572 0.0105693 0.0088631 0.0134969 
0.00597619 0.00781092 0.00668119 0.00756191 0.00521988 0.0611951 0.0778475 0.126745 0.00387593 0 0.00353347 0.00353823 0.00354008 0.00359069 0.00363928 0.00424028 0.00370866 0.00774103 0.00670391 0.0090358 0.00760634 0.00893298 0.0180217 0.00972031 0.0137296 0.00885036 0.0109612 0.0122368 0.00849663 0.0112075 0.00830785 
0.00654398 0.00674889 0.00947605 0.00707923 0.0752536 0.0185007 0.859796 0.00700659 0.00352245 0.00353347 0 0.00353103 0.0035362 0.00357862 0.00417386 0.00356896 0.00387598 0.00572072 0.00876243 0.0068252 0.00651453 0.0122865 0.00939144 0.0299789 0.00939118 0.0145653 0.00822432 0.00842838 0.0166301 0.00835146 0.00912316 
0.00676421 0.00960151 0.0070009 0.0413273 0.0157092 0.980249 0.00584922 0.00481596 0.0036056 0.00353823 0.00353103 0 0.00352325 0.00355079 0.00355459 0.00362436 0.00357447 0.0106893 0.006015 0.00666776 0.0113685 0.0101528 0.0256409 0.00944322 0.0436491 0.0085106 0.0104713 0.0147454 0.00847232 0.0136396 0.00829857 
0.00986419 0.00881118 0.0376972 0.0198443 0.978837 0.00746192 0.00722846 0.00533955 0.00359206 0.00354008 0.0035362 0.00352325 0 0.00359891 0.00361745 0.00356652 0.00370385 0.00533937 0.00794011 0.00926834 0.465577 0.0147469 0.00965775 0.0694179 0.0107938 0.0223228 0.00894715 0.00871824 0.0268503 0.00855172 0.00985884 
0.0139173 0.0336279 0.03341 0.974542 0.00784204 0.0115231 0.00658252 0.00685515 0.00363402 0.00359069 0.00357862 0.00355079 0.00359891 0 0.00353123 0.00355169 0.00356798 0.00651135 0.00735105 0.662531 0.0367042 0.00951584 0.0359789 0.0133828 0.0981684 0.00967814 0.011745 0.0167699 0.00884827 0.0162155 0.00858681 
0.0325155 0.0352379 0.944559 0.00829647 0.0124909 0.00725067 0.0164811 0.00620625 0.00419096 0.00363928 0.00417386 0.00355459 0.00361745 0.00353123 0 0.00355113 0.00356126 0.00582559 0.681351 0.0264631 0.0136124 0.0223626 0.00989364 0.095419 0.0125986 0.0212917 0.00878263 0.00890623 0.0328104 0.00856305 0.010427 
0.0286569 0.92799 0.011306 0.0137419 0.00707699 0.0161467 0.00687002 0.00841109 0.00414203 0.00424028 0.00356896 0.00362436 0.00356652 0.00355169 0.00355113 0 0.00362011 0.70043 0.0109913 0.0173136 0.00777834 0.0087898 0.0536277 0.0108026 0.0441638 0.0126933 0.0152326 0.026416 0.00881475 0.0182223 0.0084788 
0.894777 0.0108768 0.0124241 0.00739556 0.0122404 0.00710605 0.0104432 0.00745409 0.00931094 0.00370866 0.00387598 0.00357447 0.00370385 0.00356798 0.00356126 0.00362011 0 0.00880894 0.013818 0.00621219 0.00660909 0.0294316 0.0104222 0.0174279 0.00947698 0.0193836 0.0163734 0.0124281 0.016758 0.00835998 0.0154436 
0.0125981 0.0122905 0.00871037 0.0125062 0.00831169 0.0119819 0.00876828 0.0195076 0.00709799 0.00774103 0.00572072 0.0106893 0.00533937 0.00651135 0.00582559 0.70043 0.00880894 0 0.00361581 0.00359632 0.00513289 0.00706151 0.0151514 0.00921966 0.0839582 0.0113422 0.0521763 0.044891 0.00861143 0.0140643 0.0110702 
0.0121655 0.0125872 0.0193068 0.00935036 0.0138914 0.00915938 0.0173137 0.0092317 0.00713294 0.00670391 0.00876243 0.006015 0.00794011 0.00735105 0.681351 0.0109913 0.013818 0.00361581 0 0.00438538 0.00357611 0.00862244 0.0106242 0.0665772 0.0141984 0.0343291 0.00638044 0.0098244 0.021851 0.00913034 0.00978264 
0.0104224 0.0172078 0.0126399 0.0162465 0.0101402 0.0128181 0.0130879 0.00895937 0.00745771 0.0090358 0.0068252 0.00666776 0.00926834 0.662531 0.0264631 0.0173136 0.00621219 0.00359632 0.00438538 0 0.00366001 0.00907968 0.0492035 0.0326187 0.0172206 0.00935609 0.00597056 0.0102474 0.011594 0.0104021 0.00887197 
0.0161599 0.0130794 0.00977083 0.0115083 0.00931315 0.0120805 0.00983544 0.0112146 0.0146679 0.00760634 0.00651453 0.0113685 0.465577 0.0367042 0.0136124 0.00777834 0.00660909 0.00513289 0.00357611 0.00366001 0 0.0478632 0.0353899 0.00952896 0.00902219 0.00764296 0.00716948 0.0288011 0.00858493 0.00959409 0.00939187 
0.0312938 0.0115273 0.0171606 0.00992887 0.0153303 0.0104139 0.0158978 0.0178449 0.0162559 0.00893298 0.0122865 0.0101528 0.0147469 0.00951584 0.0223626 0.0087898 0.0294316 0.00706151 0.00862244 0.00907968 0.0478632 0 0.00369579 0.00360365 0.00359807 0.00368882 0.00399836 0.081897 0.0212317 0.0092911 0.0768202 
0.0122709 0.0640144 0.0138674 0.0474408 0.0121121 0.0539848 0.0130883 0.0161855 0.00924122 0.0180217 0.00939144 0.0256409 0.00965775 0.0359789 0.00989364 0.0536277 0.0104222 0.0151514 0.0106242 0.0492035 0.0353899 0.00369579 0 0.00358258 0.00359377 0.00388871 0.00364311 0.0819262 0.0228947 0.0941587 0.00992879 
0.0173247 0.0205397 0.126244 0.0244375 0.156779 0.0192728 0.0400602 0.00947593 0.00996947 0.00972031 0.0299789 0.00944322 0.0694179 0.0133828 0.095419 0.0108026 0.0174279 0.00921966 0.0665772 0.0326187 0.00952896 0.00360365 0.00358258 0 0.00359081 0.00356662 0.00355309 0.0264587 0.255457 0.0113096 0.0127629 
0.0118984 0.0365572 0.0280921 0.116675 0.0150001 0.167537 0.0108477 0.011805 0.00994847 0.0137296 0.00939118 0.0436491 0.0107938 0.0981684 0.0125986 0.0441638 0.00947698 0.0839582 0.0141984 0.0172206 0.00902219 0.00359807 0.00359377 0.00359081 0 0.00355445 0.00355605 0.127871 0.0148799 0.0476626 0.0105252 
0.0144073 0.0127211 0.0270474 0.0115059 0.0346239 0.0104498 0.0538312 0.00930285 0.0106256 0.00885036 0.0145653 0.0085106 0.0223228 0.00967814 0.0212917 0.0126933 0.0193836 0.0113422 0.0343291 0.00935609 0.00764296 0.00368882 0.00388871 0.00356662 0.00355445 0 0.00358365 0.0100444 0.0598301 0.0155421 0.0192021 
0.0165757 0.0116315 0.0106141 0.0129588 0.00995929 0.0130486 0.00997639 0.0263021 0.0142413 0.0109612 0.00822432 0.0104713 0.00894715 0.011745 0.00878263 0.0152326 0.0163734 0.0521763 0.00638044 0.00597056 0.00716948 0.00399836 0.00364311 0.00355309 0.00355605 0.00358365 0 0.0700811 0.00888737 0.0336802 0.0207717 
0.0100857 0.0121133 0.00884578 0.0121993 0.00857296 0.013774 0.00887137 0.0206755 0.0105572 0.0122368 0.00842838 0.0147454 0.00871824 0.0167699 0.00890623 0.026416 0.0124281 0.044891 0.0098244 0.0102474 0.0288011 0.081897 0.0819262 0.0264587 0.127871 0.0100444 0.0700811 0 0.00390298 0.00424996 0.00935719 
0.0129789 0.00952516 0.0186705 0.00893367 0.0182161 0.00874764 0.020269 0.00891047 0.0105693 0.00849663 0.0166301 0.00847232 0.0268503 0.00884827 0.0328104 0.00881475 0.016758 0.00861143 0.021851 0.011594 0.00858493 0.0212317 0.0228947 0.255457 0.0148799 0.0598301 0.00888737 0.00390298 0 0.00502766 0.00361695 
0.00860694 0.0174898 0.0089665 0.011876 0.00848735 0.0138282 0.00856974 0.00867593 0.0088631 0.0112075 0.00835146 0.0136396 0.00855172 0.0162155 0.00856305 0.0182223 0.00835998 0.0140643 0.00913034 0.0104021 0.00959409 0.0092911 0.0941587 0.0113096 0.0476626 0.0155421 0.0336802 0.00424996 0.00502766 0 0.00409524 
0.0172942 0.00859925 0.00917333 0.0085145 0.0100731 0.00842272 0.00938348 0.00890095 0.0134969 0.00830785 0.00912316 0.00829857 0.00985884 0.00858681 0.010427 0.0084788 0.0154436 0.0110702 0.00978264 0.00887197 0.00939187 0.0768202 0.00992879 0.0127629 0.0105252 0.0192021 0.0207717 0.00935719 0.00361695 0.00409524 0 
