1IV1A
RIGYGEDSHRLEEGRPLYLCGLLIPSPVGALAHSDGDAALHALTDALLSAYGLGDIGLLFPDTDPRWRGERSEVFLREALRLVEARGAKLLQASLVLTLDRPKLGPHRKALVDSLSRLLRLPQDRIGLTFKTSEGLAPSHVQARAVVLLD
CEEEEEEEEEEEECCCEEECCEEECCCEEECCCCCCCHHHHHHHHHHHHCCCCCCHHHHCCCCCCCCCCCCHHHHHHHHHHHHHHCCCCEEEEEEEEECCCCCCHHHHHHHHHHHHHHHCCCHHHEEEEEECCCCCCCCEEEEEEEEEEC
0 0 0 0 0 0 0 0 0 0 0 0 0 0 0 0 0 0 0 0 0 0 0 0 0 0 0 0 0 0 0 0 0 0 0 0 0 0 0 0 0 0 0 0 0 0 0 0 0 0 0 0 0 0 0 0 0 0 0 0 0 0 0 0 0 0 0 0 0 0 0 0 0 0 0 0 0 0 0 0 0 0 0 0 0 0 0 0 0 0 0 0 0 0 0 0 0 0 0 0 0 0 0 0 0 0 0 0 0 0 0 0 0 0 0 0 0 0 0 0 0 0 0 0 0 0 0 0 0 0 0 0 0 0 0 0 0 0 0 0 0 0 0 0 0 0 0 0 0 0 
0 0 0 0 0 0 0 0 0 0 0 0 0 0 0 0 0 0 0 0 0 0 0 0 0 0 0 0 0 0 0 0 0 0 0 0 0 0 0 0 0 0 0 0 0 0 0 0 0 0 0 0 0 0 0 0 0 0 0 0 0 0 0 0 0 0 0 0 0 0 0 0 0 0 0 0 0 0 0 0 0 0 0 0 0 0 0 0 0 0 0 0 0 0 0 0 0 0 0 0 0 0 0 0 0 0 0 0 0 0 0 0 0 0 0 0 0 0 0 0 0 0 0 0 0 0 0 0 0 0 0 0 0 0 0 0 0 0 0 0 0 0 0 0 0 0 0 0 0 0 
0 0.00376911 0.00368524 0.00394425 0.00378437 0.00387525 0.00394603 0.00699009 0.00632232 0.00929193 0.00874944 0.042593 0.0394 0.0138459 0.0699592 0.0347806 0.0136716 0.0548222 0.0343172 0.0232529 0.0700183 0.0176243 0.0109949 0.0123695 0.0154329 0.0156288 0.02417 0.0193959 0.0188882 0.0210989 0.0119558 0.0106863 0.0122289 0.0114067 0.010788 0.0116112 0.0102774 0.00910789 0.0111082 0.0131102 0.0115612 0.0144526 0.0126009 0.020301 0.0133424 0.0185068 
0.00376911 0 0.00369991 0.00367747 0.0036563 0.00377001 0.00374339 0.00376823 0.00421834 0.00505591 0.00936833 0.00563057 0.00788594 0.0295495 0.0107597 0.00907089 0.0279473 0.0101771 0.0115818 0.0301925 0.0126632 0.00909747 0.0120076 0.0115804 0.01392 0.0161847 0.0217127 0.0253376 0.0190424 0.0104561 0.00866045 0.0106227 0.0110326 0.0101302 0.00941236 0.00849122 0.00825338 0.00904255 0.00965378 0.0100903 0.00970788 0.010266 0.0112764 0.0106781 0.0108713 0.00992326 
0.00368524 0.00369991 0 0.00367771 0.00362926 0.00363684 0.00363433 0.00389727 0.00431444 0.00778023 0.00436153 0.00594856 0.00749411 0.00939288 0.00927375 0.00952106 0.00916601 0.0094385 0.0114617 0.0111611 0.011488 0.00902961 0.00932567 0.0146596 0.0135449 0.0238297 0.0242708 0.0309722 0.016945 0.0108852 0.00848301 0.00933926 0.0112875 0.0112153 0.00949574 0.0084131 0.00856766 0.00864912 0.00978396 0.0103686 0.0103014 0.0109405 0.0115183 0.0119934 0.0111223 0.00983724 
0.00394425 0.00367747 0.00367771 0 0.00374949 0.00363886 0.00359726 0.00405074 0.00907877 0.00475741 0.00479148 0.00486849 0.00668746 0.00709857 0.00830424 0.00793101 0.0092411 0.00917361 0.00924114 0.00929176 0.0110286 0.00910071 0.00907932 0.0111802 0.0132285 0.0132786 0.0241068 0.0189659 0.0141164 0.00947967 0.0085126 0.00901585 0.0118456 0.00944383 0.00984985 0.00828182 0.0081178 0.00873201 0.00924869 0.0103504 0.00962703 0.0104447 0.0109738 0.0111288 0.0104679 0.0102855 
0.00378437 0.0036563 0.00362926 0.00374949 0 0.00363537 0.0035394 0.00370802 0.00356615 0.00371164 0.00377801 0.00419718 0.00636743 0.00736122 0.0105929 0.00747226 0.00848095 0.00998058 0.00893079 0.00944245 0.0117289 0.00922282 0.00946143 0.0127532 0.0157375 0.0200362 0.0244849 0.0237873 0.0136715 0.00989718 0.00857509 0.00934151 0.0119306 0.0104689 0.00922789 0.00828948 0.00813198 0.008672 0.00942468 0.0108347 0.00944704 0.0112519 0.0106037 0.0107396 0.00960974 0.00923262 
0.00387525 0.00377001 0.00363684 0.00363886 0.00363537 0 0.0035522 0.00353578 0.00361323 0.00356102 0.00583392 0.0036001 0.00554451 0.00665859 0.00691452 0.00755868 0.0104356 0.00821907 0.00827486 0.0107447 0.00964652 0.0086794 0.00995991 0.0125122 0.0118769 0.0212997 0.0203161 0.0240564 0.012988 0.00926138 0.00837663 0.00954156 0.0105619 0.0100305 0.00893849 0.0082978 0.00822649 0.00859279 0.00989084 0.00974542 0.0107001 0.00975638 0.0126768 0.0107329 0.011007 0.00998361 
0.00394603 0.00374339 0.00363433 0.00359726 0.0035394 0.0035522 0 0.00354836 0.00353851 0.00483346 0.00354619 0.0037002 0.00476267 0.0065206 0.00683325 0.00721968 0.00852147 0.00868511 0.00842733 0.00926797 0.0102348 0.0100312 0.00949681 0.0119075 0.0167603 0.018592 0.025813 0.0247634 0.0121403 0.00977065 0.00892058 0.00956832 0.0128155 0.0104349 0.00879551 0.008275 0.00829632 0.00876247 0.00920557 0.0108399 0.00977911 0.0114839 0.0110463 0.0114914 0.0103937 0.00920446 
0.00699009 0.00376823 0.00389727 0.00405074 0.00370802 0.00353578 0.00354836 0 0.00354615 0.00355663 0.00357457 0.00361578 0.00525488 0.00514642 0.0117151 0.0106724 0.00775525 0.0088018 0.00851649 0.00899912 0.0107521 0.00951174 0.00949252 0.0139963 0.0178804 0.0162557 0.0384022 0.0203747 0.0164542 0.00961803 0.00960611 0.00950975 0.0146499 0.0105087 0.00948537 0.00839278 0.00829516 0.0087516 0.00954086 0.0102034 0.0100717 0.0117311 0.0119409 0.0112684 0.0103496 0.00937826 
0.00632232 0.00421834 0.00431444 0.00907877 0.00356615 0.00361323 0.00353851 0.00354615 0 0.00351905 0.00356467 0.00356329 0.00400794 0.00699462 0.0101468 0.00801409 0.0103957 0.00658042 0.00794269 0.01042 0.00871588 0.00906711 0.00967322 0.0126418 0.0105801 0.0258331 0.0126522 0.0329812 0.0104741 0.00951459 0.00832814 0.0105828 0.00919565 0.0104401 0.0085665 0.00818092 0.00830055 0.00842402 0.00931011 0.00921573 0.00962235 0.00941578 0.0106265 0.0094418 0.00955352 0.00871879 
0.00929193 0.00505591 0.00778023 0.00475741 0.00371164 0.00356102 0.00483346 0.00355663 0.00351905 0 0.00360685 0.00357128 0.00644641 0.00464829 0.0451026 0.0141125 0.00644618 0.00869615 0.0087662 0.00839371 0.0664542 0.00982614 0.00829802 0.00972354 0.0150265 0.00915478 0.0281118 0.0103604 0.0111381 0.008555 0.00955366 0.00836492 0.0111597 0.00850641 0.00880645 0.00824467 0.00844067 0.00829652 0.00882272 0.00910157 0.00872297 0.00920795 0.00897681 0.00928173 0.008721 0.00917308 
0.00874944 0.00936833 0.00436153 0.00479148 0.00377801 0.00583392 0.00354619 0.00357457 0.00356467 0.00360685 0 0.00384078 0.004913 0.0592513 0.00491702 0.00589889 0.0101238 0.00621344 0.00792948 0.120571 0.00858972 0.00835341 0.00903962 0.00879568 0.00818975 0.0093497 0.00842635 0.00913792 0.00896242 0.008709 0.00808663 0.00841866 0.0081444 0.00840942 0.00830928 0.00806548 0.00805871 0.00807563 0.00831561 0.00816783 0.0081959 0.00822085 0.00836634 0.00833749 0.00844273 0.00844975 
0.042593 0.00563057 0.00594856 0.00486849 0.00419718 0.0036001 0.0037002 0.00361578 0.00356329 0.00357128 0.00384078 0 0.0633568 0.00447328 0.00392125 0.0108607 0.00635435 0.00730433 0.065546 0.00781321 0.0108684 0.0104232 0.00829949 0.00808553 0.00857996 0.00826763 0.0084497 0.00878706 0.00862036 0.00986595 0.00998368 0.00810069 0.00818583 0.00828761 0.00805378 0.00836683 0.00874796 0.00805644 0.00801602 0.00816958 0.00804185 0.00811949 0.00805907 0.00816197 0.00813789 0.00841852 
0.0394 0.00788594 0.00749411 0.00668746 0.00636743 0.00554451 0.00476267 0.00525488 0.00400794 0.00644641 0.004913 0.0633568 0 0.00360307 0.00380955 0.00492088 0.00636021 0.87496 0.00834216 0.00817317 0.0246251 0.0245337 0.00875327 0.00919469 0.0101782 0.00898298 0.0127231 0.00948587 0.0115193 0.0156549 0.0113885 0.00831683 0.0102062 0.00823826 0.00941129 0.00981183 0.00871612 0.00850122 0.008195 0.00911902 0.00833334 0.00921424 0.00886028 0.00912497 0.00924405 0.0120875 
0.0138459 0.0295495 0.00939288 0.00709857 0.00736122 0.00665859 0.0065206 0.00514642 0.00699462 0.00464829 0.0592513 0.00447328 0.00360307 0 0.00378203 0.00404881 0.985944 0.00557467 0.00796944 0.0662884 0.00859634 0.00860061 0.0133345 0.00927146 0.00903684 0.0136802 0.0107553 0.0168522 0.0152199 0.0109387 0.00823101 0.01074 0.00882459 0.0101916 0.00923922 0.0083513 0.00815467 0.00839183 0.00900496 0.00859289 0.00892375 0.00890622 0.00940555 0.00946569 0.0113658 0.00843493 
0.0699592 0.0107597 0.00927375 0.00830424 0.0105929 0.00691452 0.00683325 0.0117151 0.0101468 0.0451026 0.00491702 0.00392125 0.00380955 0.00378203 0 0.957683 0.00425245 0.00426718 0.0398544 0.0203851 0.017691 0.0145809 0.00877565 0.00974607 0.0100434 0.00963961 0.0124493 0.0110051 0.0170399 0.0167032 0.0126604 0.00855167 0.00947972 0.00908201 0.00911547 0.00899906 0.00933999 0.00844889 0.00852087 0.00866731 0.00846487 0.00871647 0.00876564 0.00967782 0.00973998 0.0150156 
0.0347806 0.00907089 0.00952106 0.00793101 0.00747226 0.00755868 0.00721968 0.0106724 0.00801409 0.0141125 0.00589889 0.0108607 0.00492088 0.00404881 0.957683 0 0.00370922 0.00393952 0.0084824 0.00853688 0.112973 0.015746 0.00854803 0.00902381 0.00894496 0.00872107 0.0103836 0.00931248 0.0097697 0.0130519 0.0092091 0.00821877 0.00896017 0.0082924 0.00863301 0.00888457 0.00819468 0.00821975 0.00813579 0.00855397 0.00824278 0.00866719 0.00858409 0.00865094 0.0087988 0.00999619 
0.0136716 0.0279473 0.00916601 0.0092411 0.00848095 0.0104356 0.00852147 0.00775525 0.0103957 0.00644618 0.0101238 0.00635435 0.00636021 0.985944 0.00425245 0.00370922 0 0.00377937 0.0044252 0.0936524 0.00595676 0.00872811 0.0109277 0.0086694 0.00846846 0.0103005 0.00872127 0.0104807 0.0110045 0.0101548 0.008342 0.0098986 0.0082864 0.00929543 0.0085739 0.00837249 0.00822595 0.00823121 0.00831064 0.0082935 0.00838427 0.00839013 0.00875149 0.00861239 0.00926066 0.00829367 
0.0548222 0.0101771 0.0094385 0.00917361 0.00998058 0.00821907 0.00868511 0.0088018 0.00658042 0.00869615 0.00621344 0.00730433 0.87496 0.00557467 0.00426718 0.00393952 0.00377937 0 0.111628 0.0142618 0.00592364 0.0188404 0.00860152 0.00862384 0.00938618 0.00846949 0.0097337 0.00930713 0.0103002 0.0102101 0.0176885 0.00838442 0.00887652 0.00827583 0.00861327 0.00853017 0.00907978 0.00837902 0.00809793 0.00854454 0.00811896 0.00855983 0.00835422 0.0088238 0.00880807 0.009736 
0.0343172 0.0115818 0.0114617 0.00924114 0.00893079 0.00827486 0.00842733 0.00851649 0.00794269 0.0087662 0.00792948 0.065546 0.00834216 0.00796944 0.0398544 0.0084824 0.0044252 0.111628 0 0.00359411 0.00375769 0.0305576 0.00946025 0.0100485 0.0103296 0.00965177 0.011256 0.0103633 0.0108323 0.019062 0.00903511 0.00835641 0.00899529 0.00844618 0.00892362 0.0098622 0.0083486 0.00821821 0.0083388 0.00843018 0.00841076 0.00862339 0.00875374 0.00888505 0.00920356 0.0105448 
0.0232529 0.0301925 0.0111611 0.00929176 0.00944245 0.0107447 0.00926797 0.00899912 0.01042 0.00839371 0.120571 0.00781321 0.00817317 0.0662884 0.0203851 0.00853688 0.0936524 0.0142618 0.00359411 0 0.00390625 0.0133807 0.0218466 0.0122856 0.0108805 0.0151072 0.0125586 0.0147646 0.0221491 0.0116114 0.008877 0.0118452 0.00898589 0.00886779 0.0100443 0.00839661 0.0083843 0.00886597 0.00856164 0.00890314 0.00864323 0.00897543 0.00917133 0.00919833 0.01012 0.00874959 
0.0700183 0.0126632 0.011488 0.0110286 0.0117289 0.00964652 0.0102348 0.0107521 0.00871588 0.0664542 0.00858972 0.0108684 0.0246251 0.00859634 0.017691 0.112973 0.00595676 0.00592364 0.00375769 0.00390625 0 0.0166959 0.00980789 0.0143502 0.0162117 0.0114881 0.0212595 0.0169698 0.0273768 0.0326427 0.0140253 0.00874818 0.00911108 0.00894557 0.0092936 0.00962729 0.00958026 0.00861205 0.00868166 0.00889858 0.00860295 0.00897059 0.0091347 0.0100095 0.00998568 0.0110973 
0.0176243 0.00909747 0.00902961 0.00910071 0.00922282 0.0086794 0.0100312 0.00951174 0.00906711 0.00982614 0.00835341 0.0104232 0.0245337 0.00860061 0.0145809 0.015746 0.00872811 0.0188404 0.0305576 0.0133807 0.0166959 0 0.00535849 0.00356326 0.00367382 0.00363477 0.00383746 0.00406543 0.00732476 0.0095054 0.0694802 0.0114133 0.0149507 0.00970047 0.0163142 0.0185602 0.015512 0.0115105 0.00991152 0.0116183 0.0108522 0.0124156 0.0131976 0.013906 0.0189564 0.0537452 
0.0109949 0.0120076 0.00932567 0.00907932 0.00946143 0.00995991 0.00949681 0.00949252 0.00967322 0.00829802 0.00903962 0.00829949 0.00875327 0.0133345 0.00877565 0.00854803 0.0109277 0.00860152 0.00946025 0.0218466 0.00980789 0.00535849 0 0.00358886 0.003549 0.00356162 0.00367157 0.00376701 0.00393995 0.00442319 0.0135575 0.0462671 0.0124871 0.0136799 0.0141408 0.00949272 0.00951681 0.0130614 0.0134584 0.0144347 0.014032 0.0185212 0.020456 0.0252576 0.0352173 0.0124672 
0.0123695 0.0115804 0.0146596 0.0111802 0.0127532 0.0125122 0.0119075 0.0139963 0.0126418 0.00972354 0.00879568 0.00808553 0.00919469 0.00927146 0.00974607 0.00902381 0.0086694 0.00862384 0.0100485 0.0122856 0.0143502 0.00356326 0.00358886 0 0.00352715 0.00354782 0.0035962 0.00371581 0.00403774 0.00386148 0.0184288 0.0250238 0.0198091 0.0376552 0.01158 0.0101697 0.0105262 0.0112999 0.0280414 0.0161617 0.0327095 0.0195534 0.0692695 0.03849 0.0419106 0.0143952 
0.0154329 0.01392 0.0135449 0.0132285 0.0157375 0.0118769 0.0167603 0.0178804 0.0105801 0.0150265 0.00818975 0.00857996 0.0101782 0.00903684 0.0100434 0.00894496 0.00846846 0.00938618 0.0103296 0.0108805 0.0162117 0.00367382 0.003549 0.00352715 0 0.00353715 0.00357694 0.00355754 0.00365285 0.00371375 0.203239 0.0105138 0.0897716 0.0103903 0.0229126 0.00988256 0.0105099 0.0194777 0.0131051 0.04592 0.0148298 0.0734693 0.0295176 0.10085 0.0155631 0.0242715 
0.0156288 0.0161847 0.0238297 0.0132786 0.0200362 0.0212997 0.018592 0.0162557 0.0258331 0.00915478 0.0093497 0.00826763 0.00898298 0.0136802 0.00963961 0.00872107 0.0103005 0.00846949 0.00965177 0.0151072 0.0114881 0.00363477 0.00356162 0.00354782 0.00353715 0 0.00355219 0.00355617 0.00366738 0.00365679 0.0138913 0.352539 0.0132631 0.0953804 0.0137345 0.011658 0.0122051 0.0120207 0.0847071 0.0191549 0.116618 0.0263103 0.177759 0.0456467 0.0557527 0.0153636 
0.02417 0.0217127 0.0242708 0.0241068 0.0244849 0.0203161 0.025813 0.0384022 0.0126522 0.0281118 0.00842635 0.0084497 0.0127231 0.0107553 0.0124493 0.0103836 0.00872127 0.0097337 0.011256 0.0125586 0.0212595 0.00383746 0.00367157 0.0035962 0.00357694 0.00355219 0 0.00356646 0.00361654 0.0036154 0.0874281 0.0145944 0.553825 0.0176858 0.0581967 0.0102612 0.0119331 0.0454771 0.0184937 0.167173 0.0234954 0.226819 0.0575304 0.157786 0.0300389 0.0478887 
0.0193959 0.0253376 0.0309722 0.0189659 0.0237873 0.0240564 0.0247634 0.0203747 0.0329812 0.0103604 0.00913792 0.00878706 0.00948587 0.0168522 0.0110051 0.00931248 0.0104807 0.00930713 0.0103633 0.0147646 0.0169698 0.00406543 0.00376701 0.00371581 0.00355754 0.00355617 0.00356646 0 0.00358881 0.00358184 0.0215562 0.144291 0.0319839 0.549333 0.0135143 0.0142514 0.0172134 0.0149936 0.133998 0.0273241 0.191514 0.0342463 0.170559 0.0798918 0.0733184 0.0233829 
0.0188882 0.0190424 0.016945 0.0141164 0.0136715 0.012988 0.0121403 0.0164542 0.0104741 0.0111381 0.00896242 0.00862036 0.0115193 0.0152199 0.0170399 0.0097697 0.0110045 0.0103002 0.0108323 0.0221491 0.0273768 0.00732476 0.00393995 0.00403774 0.00365285 0.00366738 0.00361654 0.00358881 0 0.0036747 0.0388261 0.0276658 0.201688 0.0263893 0.564671 0.0142694 0.0125938 0.0506543 0.0180315 0.12845 0.0198548 0.0555538 0.0329126 0.0754758 0.0997618 0.0512749 
0.0210989 0.0104561 0.0108852 0.00947967 0.00989718 0.00926138 0.00977065 0.00961803 0.00951459 0.008555 0.008709 0.00986595 0.0156549 0.0109387 0.0167032 0.0130519 0.0101548 0.0102101 0.019062 0.0116114 0.0326427 0.0095054 0.00442319 0.00386148 0.00371375 0.00365679 0.0036154 0.00358184 0.0036747 0 0.0207124 0.0376055 0.0265 0.0547987 0.0330685 0.474535 0.0348923 0.0132614 0.0384852 0.0139446 0.0195708 0.0133789 0.0199867 0.0214553 0.0598273 0.0509283 
0.0119558 0.00866045 0.00848301 0.0085126 0.00857509 0.00837663 0.00892058 0.00960611 0.00832814 0.00955366 0.00808663 0.00998368 0.0113885 0.00823101 0.0126604 0.0092091 0.008342 0.0176885 0.00903511 0.008877 0.0140253 0.0694802 0.0135575 0.0184288 0.203239 0.0138913 0.0874281 0.0215562 0.0388261 0.0207124 0 0.00361041 0.00362472 0.0036262 0.00368358 0.00394326 0.00683147 0.00742686 0.00665242 0.0130236 0.0103517 0.0359383 0.0243551 0.0284322 0.0151858 0.0940072 
0.0106863 0.0106227 0.00933926 0.00901585 0.00934151 0.00954156 0.00956832 0.00950975 0.0105828 0.00836492 0.00841866 0.00810069 0.00831683 0.01074 0.00855167 0.00821877 0.0098986 0.00838442 0.00835641 0.0118452 0.00874818 0.0114133 0.0462671 0.0250238 0.0105138 0.352539 0.0145944 0.144291 0.0276658 0.0376055 0.00361041 0 0.00355438 0.00358632 0.00359467 0.00361718 0.0084761 0.00686636 0.0170404 0.00906397 0.0378367 0.0168529 0.0390446 0.0137061 0.0540155 0.0117503 
0.0122289 0.0110326 0.0112875 0.0118456 0.0119306 0.0105619 0.0128155 0.0146499 0.00919565 0.0111597 0.0081444 0.00818583 0.0102062 0.00882459 0.00947972 0.00896017 0.0082864 0.00887652 0.00899529 0.00898589 0.00911108 0.0149507 0.0124871 0.0198091 0.0897716 0.0132631 0.553825 0.0319839 0.201688 0.0265 0.00362472 0.00355438 0 0.00355999 0.00357441 0.00360662 0.00762403 0.0240847 0.0118594 0.0642909 0.0180965 0.0422841 0.0174822 0.0735086 0.0257796 0.0442854 
0.0114067 0.0101302 0.0112153 0.00944383 0.0104689 0.0100305 0.0104349 0.0105087 0.0104401 0.00850641 0.00840942 0.00828761 0.00823826 0.0101916 0.00908201 0.0082924 0.00929543 0.00827583 0.00844618 0.00886779 0.00894557 0.00970047 0.0136799 0.0376552 0.0103903 0.0953804 0.0176858 0.549333 0.0263893 0.0547987 0.0036262 0.00358632 0.00355999 0 0.00356098 0.0035757 0.0178244 0.0113065 0.1031 0.0170715 0.039632 0.0109048 0.0382905 0.0166979 0.0278364 0.0160192 
0.010788 0.00941236 0.00949574 0.00984985 0.00922789 0.00893849 0.00879551 0.00948537 0.0085665 0.00880645 0.00830928 0.00805378 0.00941129 0.00923922 0.00911547 0.00863301 0.0085739 0.00861327 0.00892362 0.0100443 0.0092936 0.0163142 0.0141408 0.01158 0.0229126 0.0137345 0.0581967 0.0135143 0.564671 0.0330685 0.00368358 0.00359467 0.00357441 0.00356098 0 0.00380705 0.0217107 0.0780524 0.0135304 0.0374733 0.00975059 0.030154 0.0118936 0.0170823 0.0287967 0.0342848 
0.0116112 0.00849122 0.0084131 0.00828182 0.00828948 0.0082978 0.008275 0.00839278 0.00818092 0.00824467 0.00806548 0.00836683 0.00981183 0.0083513 0.00899906 0.00888457 0.00837249 0.00853017 0.0098622 0.00839661 0.00962729 0.0185602 0.00949272 0.0101697 0.00988256 0.011658 0.0102612 0.0142514 0.0142694 0.474535 0.00394326 0.00361718 0.00360662 0.0035757 0.00380705 0 0.047711 0.0143421 0.0236304 0.0110948 0.0187891 0.00905263 0.0103336 0.0108273 0.0194456 0.0444253 
0.0102774 0.00825338 0.00856766 0.0081178 0.00813198 0.00822649 0.00829632 0.00829516 0.00830055 0.00844067 0.00805871 0.00874796 0.00871612 0.00815467 0.00933999 0.00819468 0.00822595 0.00907978 0.0083486 0.0083843 0.00958026 0.015512 0.00951681 0.0105262 0.0105099 0.0122051 0.0119331 0.0172134 0.0125938 0.0348923 0.00683147 0.0084761 0.00762403 0.0178244 0.0217107 0.047711 0 0.00363736 0.00359135 0.00358313 0.00360812 0.00382296 0.00380432 0.00484822 0.00691722 0.0313046 
0.00910789 0.00904255 0.00864912 0.00873201 0.008672 0.00859279 0.00876247 0.0087516 0.00842402 0.00829652 0.00807563 0.00805644 0.00850122 0.00839183 0.00844889 0.00821975 0.00823121 0.00837902 0.00821821 0.00886597 0.00861205 0.0115105 0.0130614 0.0112999 0.0194777 0.0120207 0.0454771 0.0149936 0.0506543 0.0132614 0.00742686 0.00686636 0.0240847 0.0113065 0.0780524 0.0143421 0.00363736 0 0.00361418 0.00357653 0.00357904 0.00364092 0.00378711 0.00409346 0.0104048 0.00935038 
0.0111082 0.00965378 0.00978396 0.00924869 0.00942468 0.00989084 0.00920557 0.00954086 0.00931011 0.00882272 0.00831561 0.00801602 0.008195 0.00900496 0.00852087 0.00813579 0.00831064 0.00809793 0.0083388 0.00856164 0.00868166 0.00991152 0.0134584 0.0280414 0.0131051 0.0847071 0.0184937 0.133998 0.0180315 0.0384852 0.00665242 0.0170404 0.0118594 0.1031 0.0135304 0.0236304 0.00359135 0.00361418 0 0.00354801 0.00356487 0.00356696 0.00364658 0.00492731 0.00483232 0.00650408 
0.0131102 0.0100903 0.0103686 0.0103504 0.0108347 0.00974542 0.0108399 0.0102034 0.00921573 0.00910157 0.00816783 0.00816958 0.00911902 0.00859289 0.00866731 0.00855397 0.0082935 0.00854454 0.00843018 0.00890314 0.00889858 0.0116183 0.0144347 0.0161617 0.04592 0.0191549 0.167173 0.0273241 0.12845 0.0139446 0.0130236 0.00906397 0.0642909 0.0170715 0.0374733 0.0110948 0.00358313 0.00357653 0.00354801 0 0.00354374 0.0036104 0.0036328 0.0037663 0.00389357 0.0052766 
0.0115612 0.00970788 0.0103014 0.00962703 0.00944704 0.0107001 0.00977911 0.0100717 0.00962235 0.00872297 0.0081959 0.00804185 0.00833334 0.00892375 0.00846487 0.00824278 0.00838427 0.00811896 0.00841076 0.00864323 0.00860295 0.0108522 0.014032 0.0327095 0.0148298 0.116618 0.0234954 0.191514 0.0198548 0.0195708 0.0103517 0.0378367 0.0180965 0.039632 0.00975059 0.0187891 0.00360812 0.00357904 0.00356487 0.00354374 0 0.00354312 0.00366142 0.00362831 0.00369801 0.00483354 
0.0144526 0.010266 0.0109405 0.0104447 0.0112519 0.00975638 0.0114839 0.0117311 0.00941578 0.00920795 0.00822085 0.00811949 0.00921424 0.00890622 0.00871647 0.00866719 0.00839013 0.00855983 0.00862339 0.00897543 0.00897059 0.0124156 0.0185212 0.0195534 0.0734693 0.0263103 0.226819 0.0342463 0.0555538 0.0133789 0.0359383 0.0168529 0.0422841 0.0109048 0.030154 0.00905263 0.00382296 0.00364092 0.00356696 0.0036104 0.00354312 0 0.00358321 0.00365723 0.00369723 0.00410814 
0.0126009 0.0112764 0.0115183 0.0109738 0.0106037 0.0126768 0.0110463 0.0119409 0.0106265 0.00897681 0.00836634 0.00805907 0.00886028 0.00940555 0.00876564 0.00858409 0.00875149 0.00835422 0.00875374 0.00917133 0.0091347 0.0131976 0.020456 0.0692695 0.0295176 0.177759 0.0575304 0.170559 0.0329126 0.0199867 0.0243551 0.0390446 0.0174822 0.0382905 0.0118936 0.0103336 0.00380432 0.00378711 0.00364658 0.0036328 0.00366142 0.00358321 0 0.0037463 0.00378994 0.00374281 
0.020301 0.0106781 0.0119934 0.0111288 0.0107396 0.0107329 0.0114914 0.0112684 0.0094418 0.00928173 0.00833749 0.00816197 0.00912497 0.00946569 0.00967782 0.00865094 0.00861239 0.0088238 0.00888505 0.00919833 0.0100095 0.013906 0.0252576 0.03849 0.10085 0.0456467 0.157786 0.0798918 0.0754758 0.0214553 0.0284322 0.0137061 0.0735086 0.0166979 0.0170823 0.0108273 0.00484822 0.00409346 0.00492731 0.0037663 0.00362831 0.00365723 0.0037463 0 0.00377714 0.00368078 
0.0133424 0.0108713 0.0111223 0.0104679 0.00960974 0.011007 0.0103937 0.0103496 0.00955352 0.008721 0.00844273 0.00813789 0.00924405 0.0113658 0.00973998 0.0087988 0.00926066 0.00880807 0.00920356 0.01012 0.00998568 0.0189564 0.0352173 0.0419106 0.0155631 0.0557527 0.0300389 0.0733184 0.0997618 0.0598273 0.0151858 0.0540155 0.0257796 0.0278364 0.0287967 0.0194456 0.00691722 0.0104048 0.00483232 0.00389357 0.00369801 0.00369723 0.00378994 0.00377714 0 0.00367069 
0.0185068 0.00992326 0.00983724 0.0102855 0.00923262 0.00998361 0.00920446 0.00937826 0.00871879 0.00917308 0.00844975 0.00841852 0.0120875 0.00843493 0.0150156 0.00999619 0.00829367 0.009736 0.0105448 0.00874959 0.0110973 0.0537452 0.0124672 0.0143952 0.0242715 0.0153636 0.0478887 0.0233829 0.0512749 0.0509283 0.0940072 0.0117503 0.0442854 0.0160192 0.0342848 0.0444253 0.0313046 0.00935038 0.00650408 0.0052766 0.00483354 0.00410814 0.00374281 0.00368078 0.00367069 0 
