1IZZA
SKNPQVDIAEDNAFFPSEYSLSQYTSPVSDLDGVDYPKPYRGKHKILVIAADERYLPTDNGKLFSTGNHPIETLLPLYHLHAAGFEFEVATISGLMTKFEYWAMPQKDEKVMPFFEQHKSLFRNPKKLADVVASLNADSEYAAIFVPGGHGALIGLPESQDVAAALQWAIKNDRFVISLDHGPAAFLALRHGDNPLNGYSICAFPDAADKQTPEIGYMPGHLTWYFGEELKKMGMNIINDDITGRVHKDRKLLTGDSPFAANALGKLAAQEMLAAY
CCCEEECCCCCCEEEEEHHHHHHHCCCCCCCCCCCCCCCCCCCCCEEEEECCCCEEECCCCCEEECCECHHHHHHHHHHHHHCCCCEEEEECCCCCCCECHHHCCCCCCCHHHHHHHHHHHHHCCEEHHHHHCCCCCCCCCCEEEECCCHHHHCCHHHCHHHHHHHHHHHHCCCEEEECCCHHHHHHHHCCCCCCCCCCEECCCCCCHHHHHHHHCCCCCCCCCCHHHHHHHHCCEECCCCCCCCEEEECCEEEECCHHHHHHHHHHHHHHHHHHC
0 0 0 0 0 0 0 0 0 0 0 0 0 0 0 0 0 0 0 0 0 0 0 0 0 0 0 0 0 0 0 0 0 0 0 0 0 0 0 0 0 0 0 0 0 0 0 0 0 0 0 0 0 0 0 0 0 0 0 0 0 0 0 0 0 0 0 0 0 0 0 0 0 0 0 0 0 0 0 0 0 0 0 0 0 0 0 0 0 0 0 0 0 0 0 0 0 0 0 0 0 0 0 0 0 0 0 0 0 0 0 0 0 0 0 0 0 0 0 0 0 0 0 0 0 0 0 0 0 0 0 0 0 0 0 0 0 0 0 0 0 0 0 0 0 0 0 0 0 0 0 0 0 0 0 0 0 0 0 0 0 0 0 0 0 0 0 0 0 0 0 0 0 0 0 0 0 0 0 0 0 0 0 0 0 0 0 0 0 0 0 0 0 0 0 0 0 0 0 0 0 0 0 0 0 0 0 0 0 0 0 0 0 0 0 0 0 0 0 0 0 0 0 0 0 0 0 0 0 0 0 0 0 0 0 0 0 0 0 0 0 0 0 0 0 0 0 0 0 0 0 0 0 0 0 0 0 0 0 0 0 0 0 0 0 0 0 0 0 0 0 0 0 0 0 0 
0 0 0 0 0 0 0 0 0 0 0 0 0 0 0 0 0 0 0 0 0 0 0 0 0 0 0 0 0 0 0 0 0 0 0 0 0 0 0 0 0 0 0 0 0 0 0 0 0 0 0 0 0 0 0 0 0 0 0 0 0 0 0 0 0 0 0 0 0 0 0 0 0 0 0 0 0 0 0 0 0 0 0 0 0 0 0 0 0 0 0 0 0 0 0 0 0 0 0 0 0 0 0 0 0 0 0 0 0 0 0 0 0 0 0 0 0 0 0 0 0 0 0 0 0 0 0 0 0 0 0 0 0 0 0 0 0 0 0 0 0 0 0 0 0 0 0 0 0 0 0 0 0 0 0 0 0 0 0 0 0 0 0 0 0 0 0 0 0 0 0 0 0 0 0 0 0 0 0 0 0 0 0 0 0 0 0 0 0 0 0 0 0 0 0 0 0 0 0 0 0 0 0 0 0 0 0 0 0 0 0 0 0 0 0 0 0 0 0 0 0 0 0 0 0 0 0 0 0 0 0 0 0 0 0 0 0 0 0 0 0 0 0 0 0 0 0 0 0 0 0 0 0 0 0 0 0 0 0 0 0 0 0 0 0 0 0 0 0 0 0 0 0 0 0 0 
0 0.00474239 0.0102825 0.0145328 0.0139802 0.10533 0.10046 0.0682659 0.022165 0.0117906 0.0124626 0.0118867 0.0211035 0.0162383 0.0109701 0.0196482 0.0150124 0.0104367 0.0163999 0.0122994 0.00997007 0.00848851 0.00870956 0.0095804 0.014643 0.0107018 0.00884714 0.00862077 0.00887053 0.00823235 0.00893691 0.00881875 0.00870324 0.00834832 0.00836106 0.00904585 0.00829926 0.00831113 0.00849834 0.00868406 0.00856276 0.00818033 0.00815191 0.00868386 0.00878243 0.00837293 0.00843864 0.00902806 
0.00474239 0 0.00393427 0.0129391 0.144398 0.0885851 0.0276342 0.00708672 0.0140493 0.0226261 0.0120065 0.0245209 0.0115844 0.0105477 0.0324176 0.0107684 0.0115129 0.020518 0.0102966 0.00945354 0.00902625 0.00920461 0.00867751 0.0106363 0.00976253 0.00879646 0.00850494 0.00810262 0.00834943 0.00870174 0.00853182 0.00810231 0.00827187 0.00836132 0.00830193 0.00823052 0.0081895 0.00811794 0.00813046 0.00833815 0.00820168 0.00821622 0.00798259 0.00808186 0.00845101 0.00835726 0.00836078 0.00826555 
0.0102825 0.00393427 0 0.313507 0.129326 0.0121421 0.00688979 0.00687145 0.0233856 0.0132744 0.0131459 0.0128576 0.018973 0.0291095 0.00966221 0.0143826 0.0239527 0.010555 0.013841 0.014008 0.0151722 0.00969956 0.00946377 0.00908088 0.0115655 0.0108584 0.0089384 0.00821532 0.00993806 0.00881967 0.00841415 0.00834501 0.00947385 0.00849987 0.00815055 0.00843787 0.0086451 0.00816842 0.00871473 0.00817929 0.00887359 0.00826624 0.00792753 0.00812404 0.00911315 0.00833672 0.00805088 0.00833876 
0.0145328 0.0129391 0.313507 0 0.00513628 0.00368545 0.00386145 0.00490184 0.18674 0.0234226 0.015777 0.0191558 0.0335131 0.0180179 0.0124768 0.0251416 0.0173373 0.0120995 0.0218595 0.017564 0.0148127 0.0119396 0.0104488 0.011611 0.0203306 0.0131774 0.00915808 0.00909245 0.00984637 0.00898502 0.0100389 0.00987592 0.00924421 0.00848403 0.0087344 0.00979358 0.00852126 0.00837657 0.00843918 0.00860733 0.00861921 0.00814074 0.00827362 0.00865846 0.00902123 0.00836365 0.00865048 0.00936925 
0.0139802 0.144398 0.129326 0.00513628 0 0.00366983 0.00370277 0.0036855 0.0518026 0.147366 0.0326695 0.0347559 0.014957 0.011357 0.0227197 0.0128236 0.0137388 0.0151042 0.0137044 0.0108308 0.01299 0.0128963 0.0197628 0.0162988 0.0120053 0.00924782 0.00826462 0.00817522 0.00935391 0.0110313 0.0100459 0.00897013 0.00846602 0.00881325 0.00911703 0.00878444 0.00803254 0.00817857 0.00802414 0.00851229 0.00826308 0.00827183 0.00808894 0.00827808 0.00848917 0.00853339 0.00850038 0.00851888 
0.10533 0.0885851 0.0121421 0.00368545 0.00366983 0 0.00357437 0.00356919 0.0220624 0.0595413 0.157793 0.0247808 0.0131847 0.0130319 0.0094935 0.0131739 0.0116185 0.0123863 0.0117242 0.00937808 0.00993151 0.0195946 0.0258523 0.0148025 0.0109355 0.00843138 0.00826606 0.00828658 0.00922446 0.0113784 0.011726 0.00837395 0.00873856 0.00895148 0.0096081 0.00888702 0.00829531 0.00804927 0.00829455 0.00806292 0.00828158 0.0082391 0.00810051 0.00806045 0.00843396 0.00854604 0.00858288 0.00842495 
0.10046 0.0276342 0.00688979 0.00386145 0.00370277 0.00357437 0 0.00353772 0.0195883 0.0306511 0.0308843 0.113224 0.0170888 0.0140394 0.0194007 0.01068 0.0153956 0.0162808 0.0114236 0.0109158 0.0140262 0.0121474 0.0129562 0.0148722 0.00996602 0.00941064 0.00877926 0.00832726 0.00933286 0.0101312 0.00945063 0.00831245 0.00901128 0.0086711 0.00857093 0.00834313 0.00842584 0.00812387 0.00822747 0.00810186 0.00837248 0.00830821 0.00792674 0.00799008 0.00866569 0.00849583 0.00819715 0.00822608 
0.0682659 0.00708672 0.00687145 0.00490184 0.0036855 0.00356919 0.00353772 0 0.0259275 0.0158364 0.0154138 0.0238926 0.0914897 0.0243882 0.0105509 0.0129929 0.0225892 0.0105134 0.0131197 0.0202195 0.0181129 0.00959586 0.00944862 0.00992955 0.011403 0.0132735 0.00957801 0.00872687 0.0103904 0.00920629 0.00853844 0.00830958 0.0098294 0.00852087 0.00819763 0.00863361 0.00854035 0.00816579 0.00837655 0.00813546 0.00867231 0.00814396 0.00789172 0.0080332 0.00885081 0.0083299 0.00798059 0.0081322 
0.022165 0.0140493 0.0233856 0.18674 0.0518026 0.0220624 0.0195883 0.0259275 0 0.00408389 0.00368905 0.00379658 0.00471079 0.0105831 0.0100715 0.0346601 0.0347791 0.0147473 0.033591 0.021583 0.140515 0.0140765 0.0155782 0.0140283 0.0316351 0.0229203 0.00992561 0.0119309 0.0183243 0.0110911 0.0117687 0.0118362 0.0119861 0.00896868 0.00959393 0.0112699 0.00828681 0.00872194 0.00828175 0.00850505 0.00902881 0.00805224 0.00805042 0.00825633 0.010475 0.0084828 0.0084996 0.00900306 
0.0117906 0.0226261 0.0132744 0.0234226 0.147366 0.0595413 0.0306511 0.0158364 0.00408389 0 0.00366402 0.00364286 0.00377973 0.00772327 0.0149207 0.0640281 0.0195806 0.039602 0.0147648 0.0134998 0.022146 0.171186 0.0245188 0.0515221 0.0156787 0.0116485 0.00891551 0.00928108 0.0158666 0.0308436 0.0186136 0.0103976 0.0092283 0.0112411 0.0103564 0.00976382 0.00819427 0.00839882 0.00811442 0.00820646 0.00812749 0.00830959 0.00809932 0.00807916 0.0083192 0.008675 0.00868719 0.00845716 
0.0124626 0.0120065 0.0131459 0.015777 0.0326695 0.157793 0.0308843 0.0154138 0.00368905 0.00366402 0 0.00365744 0.00361252 0.00779455 0.0242115 0.0315213 0.0173081 0.015775 0.0158998 0.0102448 0.0249798 0.0307109 0.312421 0.0295034 0.0180743 0.00993845 0.00846554 0.00881057 0.0152463 0.0365209 0.0342836 0.0109279 0.00953657 0.0127484 0.0133511 0.0104279 0.0083543 0.00852509 0.00815191 0.00820555 0.0082647 0.00848895 0.00832501 0.00802977 0.00861014 0.00932 0.00905858 0.00836287 
0.0118867 0.0245209 0.0128576 0.0191558 0.0347559 0.0247808 0.113224 0.0238926 0.00379658 0.00364286 0.00365744 0 0.00363246 0.0248688 0.0342496 0.0204641 0.0149213 0.0539826 0.0216104 0.0148305 0.0191691 0.0607471 0.0294314 0.235043 0.0173488 0.01201 0.0090119 0.0096667 0.0138837 0.026055 0.033015 0.0116977 0.010666 0.0111503 0.0143682 0.0114357 0.00858232 0.00879572 0.00814565 0.00821829 0.00823675 0.00841867 0.0082114 0.00799624 0.00862052 0.00894146 0.00877407 0.0083332 
0.0211035 0.0115844 0.018973 0.0335131 0.014957 0.0131847 0.0170888 0.0914897 0.00471079 0.00377973 0.00361252 0.00363246 0 0.0379106 0.0201336 0.00941167 0.0219731 0.0141838 0.0307272 0.0437461 0.0435723 0.0127068 0.0192895 0.0209332 0.116437 0.0196137 0.0115386 0.00993705 0.0169481 0.0121405 0.0126204 0.0138919 0.0120365 0.00988233 0.00992018 0.0116535 0.00915694 0.00871054 0.0085479 0.00828554 0.00865241 0.00822913 0.00799184 0.00811842 0.00937187 0.00872921 0.00825791 0.00852436 
0.0162383 0.0105477 0.0291095 0.0180179 0.011357 0.0130319 0.0140394 0.0243882 0.0105831 0.00772327 0.00779455 0.0248688 0.0379106 0 0.00379456 0.00421394 0.0112714 0.0132122 0.934651 0.0158204 0.0190162 0.0152778 0.0110378 0.0131409 0.0318516 0.0189654 0.0101795 0.012336 0.0119195 0.00992156 0.0115185 0.0112518 0.00987538 0.00849789 0.00934816 0.0114581 0.00836577 0.00841382 0.00837585 0.00830388 0.00838597 0.00805201 0.00807356 0.00820559 0.00912502 0.00816205 0.00840451 0.00914395 
0.0109701 0.0324176 0.00966221 0.0124768 0.0227197 0.0094935 0.0194007 0.0105509 0.0100715 0.0149207 0.0242115 0.0342496 0.0201336 0.00379456 0 0.00366487 0.0122292 0.952913 0.0125523 0.00873576 0.0155552 0.0178762 0.0131673 0.0358665 0.0115609 0.0127933 0.00909582 0.00865112 0.0100327 0.0132203 0.0118458 0.00890838 0.00885058 0.00931017 0.00997253 0.00877265 0.0081828 0.00840134 0.00796938 0.00817856 0.00807001 0.00825891 0.00799897 0.00792924 0.00833329 0.00855501 0.00841554 0.00811547 
0.0196482 0.0107684 0.0143826 0.0251416 0.0128236 0.0131739 0.01068 0.0129929 0.0346601 0.0640281 0.0315213 0.0204641 0.00941167 0.00421394 0.00366487 0 0.95129 0.0152632 0.0131379 0.00928781 0.0217068 0.0136297 0.0118885 0.0149393 0.028014 0.0148311 0.0108898 0.00892288 0.0129752 0.0106399 0.00978201 0.0094454 0.0114741 0.0090091 0.00858534 0.00935506 0.00897702 0.00831138 0.00879488 0.00815123 0.00867462 0.00812663 0.00796377 0.00802194 0.00912146 0.00834361 0.0081056 0.00819359 
0.0150124 0.0115129 0.0239527 0.0173373 0.0137388 0.0116185 0.0153956 0.0225892 0.0347791 0.0195806 0.0173081 0.0149213 0.0219731 0.0112714 0.0122292 0.95129 0 0.00378742 0.00390083 0.00841683 0.113107 0.0228205 0.0184555 0.0158852 0.0300236 0.0234848 0.0103514 0.011884 0.0138138 0.01097 0.0114571 0.0126051 0.00973413 0.00875676 0.00960267 0.0111323 0.00829725 0.00869235 0.00830927 0.00838825 0.00893475 0.00807518 0.00811878 0.00825391 0.00908581 0.00830579 0.00852525 0.00914672 
0.0104367 0.020518 0.010555 0.0120995 0.0151042 0.0123863 0.0162808 0.0105134 0.0147473 0.039602 0.015775 0.0539826 0.0141838 0.0132122 0.952913 0.0152632 0.00378742 0 0.00380634 0.00568319 0.0227436 0.0700033 0.0235121 0.0671354 0.0155005 0.0137078 0.0102569 0.00952248 0.0106097 0.019883 0.0171369 0.00980791 0.00903426 0.00988767 0.0107803 0.00938905 0.00852192 0.00854833 0.00804637 0.00817718 0.00806636 0.00824053 0.00804832 0.00794602 0.0082874 0.00855061 0.00855195 0.00815243 
0.0163999 0.0102966 0.013841 0.0218595 0.0137044 0.0117242 0.0114236 0.0131197 0.033591 0.0147648 0.0158998 0.0216104 0.0307272 0.934651 0.0125523 0.0131379 0.00390083 0.00380634 0 0.0200496 0.0381686 0.0153528 0.0283455 0.0483526 0.0896249 0.0177252 0.0110626 0.00906491 0.0170313 0.0117083 0.0130773 0.0145804 0.0125254 0.00966922 0.00982935 0.0109761 0.00930469 0.00889726 0.00848903 0.00820632 0.00859465 0.00812502 0.00794452 0.00810749 0.00918607 0.00847385 0.00822878 0.00849992 
0.0122994 0.00945354 0.014008 0.017564 0.0108308 0.00937808 0.0109158 0.0202195 0.021583 0.0134998 0.0102448 0.0148305 0.0437461 0.0158204 0.00873576 0.00928781 0.00841683 0.00568319 0.0200496 0 0.0237295 0.0141383 0.0119817 0.0300605 0.0513673 0.309256 0.0175481 0.017916 0.0154878 0.0105979 0.0100711 0.0117795 0.0112479 0.00900571 0.00873132 0.0114638 0.00963936 0.00900663 0.00871104 0.00839184 0.00875626 0.00802676 0.00786815 0.00812453 0.00942109 0.00809336 0.00808777 0.00916013 
0.00997007 0.00902625 0.0151722 0.0148127 0.01299 0.00993151 0.0140262 0.0181129 0.140515 0.022146 0.0249798 0.0191691 0.0435723 0.0190162 0.0155552 0.0217068 0.113107 0.0227436 0.0381686 0.0237295 0 0.00362471 0.00363134 0.00366021 0.00420873 0.0174333 0.0252865 0.0175308 0.0376845 0.0215056 0.014417 0.018626 0.0137915 0.0105603 0.0122421 0.0148203 0.00825875 0.0104755 0.00797198 0.00884761 0.00841941 0.00804948 0.00797881 0.00835487 0.0091331 0.00842366 0.00830733 0.00922001 
0.00848851 0.00920461 0.00969956 0.0119396 0.0128963 0.0195946 0.0121474 0.00959586 0.0140765 0.171186 0.0307109 0.0607471 0.0127068 0.0152778 0.0178762 0.0136297 0.0228205 0.0700033 0.0153528 0.0141383 0.00362471 0 0.0036025 0.0035901 0.00369677 0.00786656 0.0184655 0.0160544 0.0261189 0.0550005 0.0330399 0.0109711 0.0104931 0.0213652 0.0168914 0.0115248 0.00876835 0.00851595 0.00835231 0.00809475 0.00814697 0.00827455 0.00825792 0.00798826 0.00849 0.00884099 0.00892287 0.00825226 
0.00870956 0.00867751 0.00946377 0.0104488 0.0197628 0.0258523 0.0129562 0.00944862 0.0155782 0.0245188 0.312421 0.0294314 0.0192895 0.0110378 0.0131673 0.0118885 0.0184555 0.0235121 0.0283455 0.0119817 0.00363134 0.0036025 0 0.00356582 0.00358451 0.00717134 0.0125839 0.00962386 0.0235968 0.066845 0.0459446 0.0131542 0.0104243 0.0212608 0.0257795 0.0113243 0.00829674 0.00877109 0.00811342 0.00826966 0.00811037 0.00852461 0.00826715 0.00802983 0.00853128 0.00955051 0.00909933 0.00876424 
0.0095804 0.0106363 0.00908088 0.011611 0.0162988 0.0148025 0.0148722 0.00992955 0.0140283 0.0515221 0.0295034 0.235043 0.0209332 0.0131409 0.0358665 0.0149393 0.0158852 0.0671354 0.0483526 0.0300605 0.00366021 0.0035901 0.00356582 0 0.00359292 0.0105189 0.0184869 0.0143533 0.0224671 0.0531011 0.070799 0.0205316 0.0113555 0.0188686 0.030005 0.0169121 0.00883177 0.00975817 0.00822844 0.00828848 0.00813382 0.00837065 0.00823227 0.00798585 0.00875375 0.00875352 0.00897157 0.00831116 
0.014643 0.00976253 0.0115655 0.0203306 0.0120053 0.0109355 0.00996602 0.011403 0.0316351 0.0156787 0.0180743 0.0173488 0.116437 0.0318516 0.0115609 0.028014 0.0300236 0.0155005 0.0896249 0.0513673 0.00420873 0.00369677 0.00358451 0.00359292 0 0.0274261 0.0206823 0.0233886 0.0260193 0.0154804 0.0290501 0.0231443 0.0179496 0.0114001 0.0110107 0.0167708 0.0113038 0.00944573 0.00972038 0.00838373 0.00948785 0.00828287 0.00801869 0.00842969 0.0103345 0.00860868 0.0084433 0.00875741 
0.0107018 0.00879646 0.0108584 0.0131774 0.00924782 0.00843138 0.00941064 0.0132735 0.0229203 0.0116485 0.00993845 0.01201 0.0196137 0.0189654 0.0127933 0.0148311 0.0234848 0.0137078 0.0177252 0.309256 0.0174333 0.00786656 0.00717134 0.0105189 0.0274261 0 0.0566178 0.0440715 0.02161 0.013847 0.0116611 0.0173543 0.0156574 0.0100882 0.0095118 0.013516 0.0111623 0.0103331 0.00916074 0.00919431 0.00939458 0.00807133 0.00790441 0.00833122 0.0104217 0.00812037 0.00813183 0.00970953 
0.00884714 0.00850494 0.0089384 0.00915808 0.00826462 0.00826606 0.00877926 0.00957801 0.00992561 0.00891551 0.00846554 0.0090119 0.0115386 0.0101795 0.00909582 0.0108898 0.0103514 0.0102569 0.0110626 0.0175481 0.0252865 0.0184655 0.0125839 0.0184869 0.0206823 0.0566178 0 0.00445008 0.016404 0.0164139 0.0196347 0.0142806 0.0130937 0.0106934 0.0103998 0.0129674 0.0104387 0.00987066 0.00877899 0.00856331 0.00825139 0.00793758 0.00793539 0.0080085 0.00863015 0.00803414 0.00816156 0.00828013 
0.00862077 0.00810262 0.00821532 0.00909245 0.00817522 0.00828658 0.00832726 0.00872687 0.0119309 0.00928108 0.00881057 0.0096667 0.00993705 0.012336 0.00865112 0.00892288 0.011884 0.00952248 0.00906491 0.017916 0.0175308 0.0160544 0.00962386 0.0143533 0.0233886 0.0440715 0.00445008 0 0.0180755 0.0150148 0.0153924 0.0109876 0.0157506 0.0109371 0.0102762 0.012692 0.0137402 0.00912334 0.00948467 0.00806014 0.00853754 0.00809197 0.00797818 0.00795578 0.00906058 0.00818096 0.00844803 0.00803583 
0.00887053 0.00834943 0.00993806 0.00984637 0.00935391 0.00922446 0.00933286 0.0103904 0.0183243 0.0158666 0.0152463 0.0138837 0.0169481 0.0119195 0.0100327 0.0129752 0.0138138 0.0106097 0.0170313 0.0154878 0.0376845 0.0261189 0.0235968 0.0224671 0.0260193 0.02161 0.016404 0.0180755 0 0.00402673 0.00371751 0.00393711 0.726095 0.026802 0.0341887 0.0260805 0.0124818 0.0168305 0.00876229 0.00967996 0.00915141 0.00926271 0.00843855 0.00890942 0.0124117 0.0102109 0.00962972 0.0108671 
0.00823235 0.00870174 0.00881967 0.00898502 0.0110313 0.0113784 0.0101312 0.00920629 0.0110911 0.0308436 0.0365209 0.026055 0.0121405 0.00992156 0.0132203 0.0106399 0.01097 0.019883 0.0117083 0.0105979 0.0215056 0.0550005 0.066845 0.0531011 0.0154804 0.013847 0.0164139 0.0150148 0.00402673 0 0.00366322 0.00361332 0.0730502 0.819131 0.0485288 0.0296759 0.0116066 0.0147369 0.00842148 0.00893338 0.00870022 0.0108338 0.00915642 0.00859102 0.0100686 0.0167286 0.01304 0.00932576 
0.00893691 0.00853182 0.00841415 0.0100389 0.0100459 0.011726 0.00945063 0.00853844 0.0117687 0.0186136 0.0342836 0.033015 0.0126204 0.0115185 0.0118458 0.00978201 0.0114571 0.0171369 0.0130773 0.0100711 0.014417 0.0330399 0.0459446 0.070799 0.0290501 0.0116611 0.0196347 0.0153924 0.00371751 0.00366322 0 0.00372751 0.0366808 0.0595778 0.787947 0.0509174 0.0154595 0.014267 0.0092729 0.00883707 0.00907657 0.00984642 0.00937152 0.00846941 0.0147075 0.0147483 0.015634 0.00933047 
0.00881875 0.00810231 0.00834501 0.00987592 0.00897013 0.00837395 0.00831245 0.00830958 0.0118362 0.0103976 0.0109279 0.0116977 0.0138919 0.0112518 0.00890838 0.0094454 0.0126051 0.00980791 0.0145804 0.0117795 0.018626 0.0109711 0.0131542 0.0205316 0.0231443 0.0173543 0.0142806 0.0109876 0.00393711 0.00361332 0.00372751 0 0.0170548 0.0238022 0.0706285 0.697863 0.0113184 0.0179896 0.0088207 0.00878573 0.00889454 0.00831096 0.00813804 0.00873802 0.0115527 0.00952738 0.0100559 0.00967153 
0.00870324 0.00827187 0.00947385 0.00924421 0.00846602 0.00873856 0.00901128 0.0098294 0.0119861 0.0092283 0.00953657 0.010666 0.0120365 0.00987538 0.00885058 0.0114741 0.00973413 0.00903426 0.0125254 0.0112479 0.0137915 0.0104931 0.0104243 0.0113555 0.0179496 0.0156574 0.0130937 0.0157506 0.726095 0.0730502 0.0366808 0.0170548 0 0.00497311 0.00365772 0.00408417 0.143758 0.0368179 0.0113603 0.012868 0.0130019 0.00944913 0.00964347 0.0120338 0.0153244 0.0105994 0.0106154 0.0158917 
0.00834832 0.00836132 0.00849987 0.00848403 0.00881325 0.00895148 0.0086711 0.00852087 0.00896868 0.0112411 0.0127484 0.0111503 0.00988233 0.00849789 0.00931017 0.0090091 0.00875676 0.00988767 0.00966922 0.00900571 0.0105603 0.0213652 0.0212608 0.0188686 0.0114001 0.0100882 0.0106934 0.0109371 0.026802 0.819131 0.0595778 0.0238022 0.00497311 0 0.00479422 0.00358483 0.0690302 0.0293612 0.0108377 0.0102338 0.0094751 0.0127556 0.0105934 0.00886777 0.0125729 0.0238224 0.0233501 0.00977731 
0.00836106 0.00830193 0.00815055 0.0087344 0.00911703 0.0096081 0.00857093 0.00819763 0.00959393 0.0103564 0.0133511 0.0143682 0.00992018 0.00934816 0.00997253 0.00858534 0.00960267 0.0107803 0.00982935 0.00873132 0.0122421 0.0168914 0.0257795 0.030005 0.0110107 0.0095118 0.0103998 0.0102762 0.0341887 0.0485288 0.787947 0.0706285 0.00365772 0.00479422 0 0.00366663 0.0498394 0.0588712 0.0117349 0.0114844 0.0097501 0.0145432 0.0118356 0.00936306 0.0126593 0.0404213 0.0332524 0.0119006 
0.00904585 0.00823052 0.00843787 0.00979358 0.00878444 0.00888702 0.00834313 0.00863361 0.0112699 0.00976382 0.0104279 0.0114357 0.0116535 0.0114581 0.00877265 0.00935506 0.0111323 0.00938905 0.0109761 0.0114638 0.0148203 0.0115248 0.0113243 0.0169121 0.0167708 0.013516 0.0129674 0.012692 0.0260805 0.0296759 0.0509174 0.697863 0.00408417 0.00358483 0.00366663 0 0.035169 0.10301 0.0159252 0.0126955 0.0141558 0.0092103 0.00923693 0.01504 0.0221097 0.0123554 0.0261383 0.0192922 
0.00829926 0.0081895 0.0086451 0.00852126 0.00803254 0.00829531 0.00842584 0.00854035 0.00828681 0.00819427 0.0083543 0.00858232 0.00915694 0.00836577 0.0081828 0.00897702 0.00829725 0.00852192 0.00930469 0.00963936 0.00825875 0.00876835 0.00829674 0.00883177 0.0113038 0.0111623 0.0104387 0.0137402 0.0124818 0.0116066 0.0154595 0.0113184 0.143758 0.0690302 0.0498394 0.035169 0 0.00395152 0.208867 0.0230265 0.0121011 0.00941224 0.0102201 0.00995845 0.0138946 0.0130418 0.0126018 0.0135826 
0.00831113 0.00811794 0.00816842 0.00837657 0.00817857 0.00804927 0.00812387 0.00816579 0.00872194 0.00839882 0.00852509 0.00879572 0.00871054 0.00841382 0.00840134 0.00831138 0.00869235 0.00854833 0.00889726 0.00900663 0.0104755 0.00851595 0.00877109 0.00975817 0.00944573 0.0103331 0.00987066 0.00912334 0.0168305 0.0147369 0.014267 0.0179896 0.0368179 0.0293612 0.0588712 0.10301 0.00395152 0 0.0181485 0.0800873 0.0133693 0.0112844 0.010478 0.0168701 0.0159625 0.0127837 0.0141679 0.0145473 
0.00849834 0.00813046 0.00871473 0.00843918 0.00802414 0.00829455 0.00822747 0.00837655 0.00828175 0.00811442 0.00815191 0.00814565 0.0085479 0.00837585 0.00796938 0.00879488 0.00830927 0.00804637 0.00848903 0.00871104 0.00797198 0.00835231 0.00811342 0.00822844 0.00972038 0.00916074 0.00877899 0.00948467 0.00876229 0.00842148 0.0092729 0.0088207 0.0113603 0.0108377 0.0117349 0.0159252 0.208867 0.0181485 0 0.00432868 0.0144496 0.0101997 0.0268553 0.0079785 0.0146612 0.00989792 0.0135755 0.0161617 
0.00868406 0.00833815 0.00817929 0.00860733 0.00851229 0.00806292 0.00810186 0.00813546 0.00850505 0.00820646 0.00820555 0.00821829 0.00828554 0.00830388 0.00817856 0.00815123 0.00838825 0.00817718 0.00820632 0.00839184 0.00884761 0.00809475 0.00826966 0.00828848 0.00838373 0.00919431 0.00856331 0.00806014 0.00967996 0.00893338 0.00883707 0.00878573 0.012868 0.0102338 0.0114844 0.0126955 0.0230265 0.0800873 0.00432868 0 0.0235258 0.00917367 0.00668688 0.0100638 0.0113014 0.010383 0.0130869 0.020564 
0.00856276 0.00820168 0.00887359 0.00861921 0.00826308 0.00828158 0.00837248 0.00867231 0.00902881 0.00812749 0.0082647 0.00823675 0.00865241 0.00838597 0.00807001 0.00867462 0.00893475 0.00806636 0.00859465 0.00875626 0.00841941 0.00814697 0.00811037 0.00813382 0.00948785 0.00939458 0.00825139 0.00853754 0.00915141 0.00870022 0.00907657 0.00889454 0.0130019 0.0094751 0.0097501 0.0141558 0.0121011 0.0133693 0.0144496 0.0235258 0 0.00412443 0.00359696 0.00401365 0.00511044 0.00622939 0.0346986 0.888651 
0.00818033 0.00821622 0.00826624 0.00814074 0.00827183 0.0082391 0.00830821 0.00814396 0.00805224 0.00830959 0.00848895 0.00841867 0.00822913 0.00805201 0.00825891 0.00812663 0.00807518 0.00824053 0.00812502 0.00802676 0.00804948 0.00827455 0.00852461 0.00837065 0.00828287 0.00807133 0.00793758 0.00809197 0.00926271 0.0108338 0.00984642 0.00831096 0.00944913 0.0127556 0.0145432 0.0092103 0.00941224 0.0112844 0.0101997 0.00917367 0.00412443 0 0.00399783 0.00355732 0.00489676 0.0113711 0.917003 0.00691589 
0.00815191 0.00798259 0.00792753 0.00827362 0.00808894 0.00810051 0.00792674 0.00789172 0.00805042 0.00809932 0.00832501 0.0082114 0.00799184 0.00807356 0.00799897 0.00796377 0.00811878 0.00804832 0.00794452 0.00786815 0.00797881 0.00825792 0.00826715 0.00823227 0.00801869 0.00790441 0.00793539 0.00797818 0.00843855 0.00915642 0.00937152 0.00813804 0.00964347 0.0105934 0.0118356 0.00923693 0.0102201 0.010478 0.0268553 0.00668688 0.00359696 0.00399783 0 0.00362298 0.00688332 0.934936 0.00707105 0.00483578 
0.00868386 0.00808186 0.00812404 0.00865846 0.00827808 0.00806045 0.00799008 0.0080332 0.00825633 0.00807916 0.00802977 0.00799624 0.00811842 0.00820559 0.00792924 0.00802194 0.00825391 0.00794602 0.00810749 0.00812453 0.00835487 0.00798826 0.00802983 0.00798585 0.00842969 0.00833122 0.0080085 0.00795578 0.00890942 0.00859102 0.00846941 0.00873802 0.0120338 0.00886777 0.00936306 0.01504 0.00995845 0.0168701 0.0079785 0.0100638 0.00401365 0.00355732 0.00362298 0 0.978612 0.00419362 0.00394285 0.0045 
0.00878243 0.00845101 0.00911315 0.00902123 0.00848917 0.00843396 0.00866569 0.00885081 0.010475 0.0083192 0.00861014 0.00862052 0.00937187 0.00912502 0.00833329 0.00912146 0.00908581 0.0082874 0.00918607 0.00942109 0.0091331 0.00849 0.00853128 0.00875375 0.0103345 0.0104217 0.00863015 0.00906058 0.0124117 0.0100686 0.0147075 0.0115527 0.0153244 0.0125729 0.0126593 0.0221097 0.0138946 0.0159625 0.0146612 0.0113014 0.00511044 0.00489676 0.00688332 0.978612 0 0.00367843 0.0036273 0.00446367 
0.00837293 0.00835726 0.00833672 0.00836365 0.00853339 0.00854604 0.00849583 0.0083299 0.0084828 0.008675 0.00932 0.00894146 0.00872921 0.00816205 0.00855501 0.00834361 0.00830579 0.00855061 0.00847385 0.00809336 0.00842366 0.00884099 0.00955051 0.00875352 0.00860868 0.00812037 0.00803414 0.00818096 0.0102109 0.0167286 0.0147483 0.00952738 0.0105994 0.0238224 0.0404213 0.0123554 0.0130418 0.0127837 0.00989792 0.010383 0.00622939 0.0113711 0.934936 0.00419362 0.00367843 0 0.00361769 0.00364031 
0.00843864 0.00836078 0.00805088 0.00865048 0.00850038 0.00858288 0.00819715 0.00798059 0.0084996 0.00868719 0.00905858 0.00877407 0.00825791 0.00840451 0.00841554 0.0081056 0.00852525 0.00855195 0.00822878 0.00808777 0.00830733 0.00892287 0.00909933 0.00897157 0.0084433 0.00813183 0.00816156 0.00844803 0.00962972 0.01304 0.015634 0.0100559 0.0106154 0.0233501 0.0332524 0.0261383 0.0126018 0.0141679 0.0135755 0.0130869 0.0346986 0.917003 0.00707105 0.00394285 0.0036273 0.00361769 0 0.00359635 
0.00902806 0.00826555 0.00833876 0.00936925 0.00851888 0.00842495 0.00822608 0.0081322 0.00900306 0.00845716 0.00836287 0.0083332 0.00852436 0.00914395 0.00811547 0.00819359 0.00914672 0.00815243 0.00849992 0.00916013 0.00922001 0.00825226 0.00876424 0.00831116 0.00875741 0.00970953 0.00828013 0.00803583 0.0108671 0.00932576 0.00933047 0.00967153 0.0158917 0.00977731 0.0119006 0.0192922 0.0135826 0.0145473 0.0161617 0.020564 0.888651 0.00691589 0.00483578 0.0045 0.00446367 0.00364031 0.00359635 0 
