1J2ZA
SKIAKTAIISPKAEINKGVEIGEFCVIGDGVKLDEGVKLHNNVTLQGHTFVGKNTEIFPFAVLGTQPQDLKYKGEYSELIIGEDNLIREFCMINPGTEGGIKKTLIGDKNLLMAYVHVAHDCVIGSHCILANGVTLAGHIEIGDYVNIGGLTAIHQFVRIAKGCMIAGKSALGKDVPPYCTVEGNRAFIRGLNRHRMRQLLESKDIDFIYALYKRLFRPIPSLRESAKLELEEHANNPFVKEICSFILESSRGVAYKSS
CCECCCCEECCCCEECCCCEECCCCEECCCCEECCCCEECCCCEECCEEEECCCCEECCCCEECCCCCCCCCCCCCCEEEECCCCEECCCCEECCCCCCCCCEEEECCCCEECCCCEECCCCEECCCCEECCCCEECCCCEECCCCEECCCCEECCCCEECCCCEECCCCEECCEECCCEEEECCECEEEEECHHHHHHHCCHHHHHHHHHHHHHHCCCCCCHHHHHHHHHHHCCCCHHHHHHHHHHHHCCCCECCCCC
0 0 0 0 0 0 0 0 0 0 0 0 0 0 0 0 0 0 0 0 0 0 0 0 0 0 0 0 0 0 0 0 0 0 0 0 0 0 0 0 0 0 0 0 0 0 0 0 0 0 0 0 0 0 0 0 0 0 0 0 0 0 0 0 0 0 0 0 0 0 0 0 0 0 0 0 0 0 0 0 0 0 0 0 0 0 0 0 0 0 0 0 0 0 0 0 0 0 0 0 0 0 0 0 0 0 0 0 0 0 0 0 0 0 0 0 0 0 0 0 0 0 0 0 0 0 0 0 0 0 0 0 0 0 0 0 0 0 0 0 0 0 0 0 0 0 0 0 0 0 0 0 0 0 0 0 0 0 0 0 0 0 0 0 0 0 0 0 0 0 0 0 0 0 0 0 0 0 0 0 0 0 0 0 0 0 0 0 0 0 0 0 0 0 0 0 0 0 0 0 0 0 0 0 0 0 0 0 0 0 0 0 0 0 0 0 0 0 0 0 0 0 0 0 0 0 0 0 0 0 0 0 0 0 0 0 0 0 0 0 0 0 0 0 0 0 0 0 0 0 0 0 0 0 0 0 0 0 0 
0 0 0 0 0 0 0 0 0 0 0 0 0 0 0 0 0 0 0 0 0 0 0 0 0 0 0 0 0 0 0 0 0 0 0 0 0 0 0 0 0 0 0 0 0 0 0 0 0 0 0 0 0 0 0 0 0 0 0 0 0 0 0 0 0 0 0 0 0 0 0 0 0 0 0 0 0 0 0 0 0 0 0 0 0 0 0 0 0 0 0 0 0 0 0 0 0 0 0 0 0 0 0 0 0 0 0 0 0 0 0 0 0 0 0 0 0 0 0 0 0 0 0 0 0 0 0 0 0 0 0 0 0 0 0 0 0 0 0 0 0 0 0 0 0 0 0 0 0 0 0 0 0 0 0 0 0 0 0 0 0 0 0 0 0 0 0 0 0 0 0 0 0 0 0 0 0 0 0 0 0 0 0 0 0 0 0 0 0 0 0 0 0 0 0 0 0 0 0 0 0 0 0 0 0 0 0 0 0 0 0 0 0 0 0 0 0 0 0 0 0 0 0 0 0 0 0 0 0 0 0 0 0 0 0 0 0 0 0 0 0 0 0 0 0 0 0 0 0 0 0 0 0 0 0 0 0 0 0 
0 0.0154639 0.0152731 0.0178055 0.0246606 0.0217408 0.0624692 0.0229019 0.0387835 0.0208636 0.0283898 0.0186613 0.0234777 0.024356 0.0191303 0.0126226 0.0111949 0.00910223 0.016194 0.0162515 0.0187343 0.0145719 0.0146076 0.0123703 0.0105272 0.00854171 0.0132909 0.0118176 0.0105621 0.0107744 0.0102542 0.010178 0.00863039 0.00812301 0.0105531 0.0100896 0.00931596 0.00968427 0.00898439 0.00918467 0.00898022 0.00926614 0.00911893 0.0100215 0.00900255 0.00958 0.00953612 0.00886827 0.0087661 0.00933458 0.00867695 0.00901857 0.00893645 0.0092401 0.00872206 0.0092308 0.0088351 0.00892849 0.00840293 0.00887392 0.00801497 0.00798176 0.00861296 0.00967355 0.00882485 0.00804808 0.00793608 0.00796639 0.0085555 0.0148827 
0.0154639 0 0.00424594 0.0142305 0.0509504 0.0430142 0.0180234 0.119672 0.0184294 0.069469 0.0157766 0.0454622 0.0177318 0.0390645 0.0137382 0.0124709 0.0103052 0.0131618 0.0136181 0.0221424 0.0139501 0.0185739 0.0134258 0.0121904 0.00950151 0.0108311 0.0115391 0.0121675 0.00967379 0.0105986 0.00977635 0.00936408 0.00904841 0.00884188 0.00964118 0.00919505 0.00867434 0.00958558 0.00870505 0.00871367 0.00854567 0.00882372 0.00872867 0.00994757 0.00839111 0.00893323 0.00848314 0.00868613 0.00830217 0.00845337 0.00819423 0.00850387 0.00878529 0.00825701 0.00813438 0.00816746 0.00850194 0.00823385 0.00812743 0.00811965 0.00813181 0.0080288 0.00841298 0.00867103 0.00933037 0.00805444 0.00815599 0.00813044 0.00849996 0.00979887 
0.0152731 0.00424594 0 0.0430466 0.0105332 0.0138683 0.041135 0.0165714 0.0967729 0.0154396 0.0418394 0.0153874 0.0339936 0.0140331 0.0197311 0.0115721 0.0112304 0.00906148 0.0182521 0.0130218 0.0192784 0.0132862 0.0124546 0.0105042 0.0107001 0.00868285 0.0125042 0.0101005 0.0103857 0.00996508 0.00965484 0.00935307 0.00903925 0.00820151 0.00950807 0.0089917 0.00888149 0.0088887 0.00875052 0.00853551 0.00872871 0.00877569 0.00827138 0.00876683 0.00866971 0.00845463 0.00899565 0.00831534 0.00826789 0.00849328 0.00820749 0.00840453 0.00834296 0.00827522 0.00819726 0.00838937 0.00820437 0.00820507 0.00807797 0.00845183 0.00806031 0.00805263 0.00809797 0.00863504 0.00808122 0.00810969 0.00794335 0.00803708 0.00813714 0.00952875 
0.0178055 0.0142305 0.0430466 0 0.00421583 0.0291683 0.0228689 0.0653573 0.00909009 0.161347 0.0115122 0.069845 0.0115564 0.0731114 0.0103058 0.0156566 0.00946162 0.0144379 0.0120457 0.0338436 0.0109308 0.0226213 0.0111162 0.0164788 0.00873871 0.0120294 0.00968683 0.0155746 0.00863156 0.0124174 0.00879807 0.00989735 0.00942907 0.00904989 0.00893157 0.0104677 0.00831987 0.0101819 0.00851537 0.00939225 0.00830464 0.00939759 0.00857655 0.0108478 0.00818701 0.00969968 0.00827354 0.00876518 0.00816595 0.0088961 0.00812446 0.00874683 0.00869632 0.00863651 0.00802816 0.00836141 0.00845317 0.00839477 0.00810259 0.00813232 0.00800813 0.00795455 0.00859281 0.00929602 0.00976069 0.00791488 0.00818278 0.00799537 0.00848923 0.00994096 
0.0246606 0.0509504 0.0105332 0.00421583 0 0.0191045 0.017636 0.00788253 0.0472826 0.00936707 0.117442 0.00990995 0.0508417 0.010034 0.0358969 0.0097319 0.0141304 0.00852075 0.0180259 0.00992742 0.0226168 0.0100798 0.0156371 0.00913494 0.0135416 0.00835875 0.0119728 0.00883132 0.0135716 0.00845334 0.0103883 0.00885674 0.00900859 0.00808353 0.00959194 0.00840355 0.0103226 0.00822392 0.00915718 0.00813798 0.00913295 0.00834328 0.00843006 0.00831715 0.0100003 0.00807431 0.00917483 0.00801406 0.00854345 0.00812915 0.00848717 0.00810491 0.00840419 0.0080535 0.00886027 0.00823525 0.00839811 0.00811263 0.00806207 0.00822928 0.00801804 0.00810349 0.00806257 0.00897164 0.00798473 0.00827879 0.00791996 0.00804083 0.00862218 0.00947153 
0.0217408 0.0430142 0.0138683 0.0291683 0.0191045 0 0.00410068 0.0325203 0.0175819 0.111639 0.00938999 0.283962 0.011578 0.167574 0.0096669 0.0206651 0.00895055 0.0377259 0.0119255 0.0715033 0.0116909 0.0414099 0.0115751 0.018233 0.0090851 0.0192962 0.0115801 0.0219658 0.00869763 0.0191827 0.00948582 0.0100624 0.00826372 0.010477 0.00920898 0.0112225 0.00824997 0.0129761 0.00904342 0.0111883 0.00839474 0.0108069 0.00874803 0.0120421 0.00811801 0.0109446 0.00811867 0.0096702 0.0081782 0.00911764 0.0081407 0.00922244 0.00899448 0.00889426 0.00801858 0.00831516 0.00849612 0.0083167 0.00809742 0.00813846 0.00804554 0.00794828 0.00862633 0.00890249 0.0101045 0.00795465 0.00826734 0.00802229 0.00836152 0.00944121 
0.0624692 0.0180234 0.041135 0.0228689 0.017636 0.00410068 0 0.0116172 0.0266272 0.0100138 0.0849224 0.0107621 0.237307 0.0111683 0.0849939 0.00993005 0.0188956 0.00875483 0.0649508 0.0111375 0.041081 0.012636 0.0309675 0.0100473 0.0160876 0.00875071 0.0256564 0.00990577 0.0184531 0.00935195 0.0144419 0.00930362 0.00984069 0.00837356 0.0126937 0.00860018 0.0125422 0.00860851 0.0119096 0.00837332 0.0117494 0.00851014 0.00907078 0.00851468 0.0112149 0.00817362 0.0107017 0.00810763 0.00918004 0.00821735 0.0088554 0.00820098 0.00885044 0.00809128 0.00895957 0.00836083 0.00866226 0.00816006 0.00858004 0.0084528 0.00805475 0.00811503 0.00821672 0.00854428 0.0080867 0.00829529 0.00794166 0.00805984 0.00830035 0.00953129 
0.0229019 0.119672 0.0165714 0.0653573 0.00788253 0.0325203 0.0116172 0 0.00407241 0.0519618 0.0183813 0.104576 0.00918618 0.280813 0.0116837 0.0206319 0.00891333 0.0355396 0.0116502 0.0861675 0.0120016 0.0526356 0.012669 0.0191837 0.00929132 0.0214669 0.0118428 0.0195179 0.00922319 0.0166002 0.0102034 0.00952152 0.00833905 0.00983419 0.00963613 0.00999245 0.00845815 0.0122473 0.00882491 0.0100857 0.00854148 0.00981676 0.00866802 0.012314 0.00816721 0.010218 0.00816468 0.00928494 0.00821442 0.00857495 0.00824816 0.00889745 0.00912411 0.00839433 0.00805634 0.00816341 0.00860195 0.00814873 0.00809244 0.00811105 0.00808314 0.00796871 0.00871211 0.00866448 0.00980568 0.00793277 0.00834464 0.00800866 0.00830343 0.00902209 
0.0387835 0.0184294 0.0967729 0.00909009 0.0472826 0.0175819 0.0266272 0.00407241 0 0.0150952 0.0270034 0.00907769 0.0717286 0.0121864 0.188715 0.00998131 0.0197065 0.00892132 0.0752585 0.0116824 0.0641576 0.0132672 0.0458027 0.0102628 0.0161235 0.00885985 0.0266431 0.0105475 0.0176248 0.0101273 0.0167709 0.00943976 0.0101543 0.00848624 0.0125212 0.00899674 0.0114608 0.00906836 0.01117 0.00851582 0.0107465 0.00882451 0.00915771 0.00880482 0.0102072 0.00832981 0.0102149 0.00825426 0.00945968 0.00838412 0.00882229 0.00837673 0.00918085 0.00820851 0.00890033 0.0085847 0.00853694 0.00821519 0.00835817 0.00862664 0.00802905 0.00810243 0.00815493 0.00846926 0.00807711 0.00813469 0.00797154 0.00808219 0.00823625 0.00920734 
0.0208636 0.069469 0.0154396 0.161347 0.00936707 0.111639 0.0100138 0.0519618 0.0150952 0 0.0038671 0.0478716 0.032107 0.128651 0.00889277 0.0323363 0.00847891 0.0531588 0.0115078 0.135428 0.0120273 0.0893962 0.0126377 0.0239575 0.00936571 0.0201426 0.0120548 0.0279545 0.00936488 0.022701 0.0100938 0.0106465 0.00849686 0.0106202 0.00988784 0.0125566 0.00874677 0.0149724 0.00924178 0.0121684 0.00863859 0.0109411 0.00892781 0.0127123 0.00816137 0.0113505 0.00815219 0.010198 0.00812781 0.00937351 0.0080976 0.00947938 0.00898127 0.00893279 0.00804608 0.0084099 0.00851443 0.00835083 0.0081581 0.0082867 0.00810796 0.00791967 0.00875976 0.00895103 0.0101176 0.00794353 0.00836515 0.00800734 0.00841581 0.00928329 
0.0283898 0.0157766 0.0418394 0.0115122 0.117442 0.00938999 0.0849224 0.0183813 0.0270034 0.0038671 0 0.03095 0.0279897 0.00904525 0.0797037 0.00822555 0.0181685 0.00836094 0.0855601 0.0107456 0.107869 0.01331 0.0696274 0.0105261 0.0212853 0.00894083 0.0269092 0.0109925 0.0227432 0.0113017 0.0195837 0.00990721 0.0106782 0.0085958 0.0129295 0.00924519 0.0141095 0.00975357 0.0130508 0.0086769 0.0126463 0.0089102 0.00982211 0.0087443 0.0123822 0.00831326 0.0120808 0.00827816 0.0104122 0.00836446 0.00990677 0.0083899 0.00957825 0.00824486 0.0107305 0.00862179 0.00888194 0.00833033 0.00847088 0.0087626 0.0080985 0.00812846 0.00821765 0.00871899 0.00812979 0.00827917 0.00799055 0.00807951 0.00831952 0.00971033 
0.0186613 0.0454622 0.0153874 0.069845 0.00990995 0.283962 0.0107621 0.104576 0.00907769 0.0478716 0.03095 0 0.00382996 0.0639297 0.0132942 0.011382 0.00699451 0.0459791 0.011311 0.214899 0.0116053 0.114134 0.0128154 0.0283818 0.00913539 0.0234618 0.0122601 0.0305044 0.00980065 0.0245172 0.0107054 0.010654 0.00851132 0.0107083 0.0106347 0.0128812 0.00892215 0.0150435 0.0091377 0.0125334 0.00870713 0.01125 0.00901128 0.0129328 0.00815683 0.0113634 0.00816649 0.010081 0.00813287 0.00961572 0.00808099 0.00946037 0.00874356 0.00886398 0.0080133 0.00830954 0.00835725 0.00825572 0.00812319 0.0082296 0.0080664 0.00794795 0.0087083 0.00874638 0.00977297 0.00791191 0.00836035 0.00799817 0.0083435 0.00895613 
0.0234777 0.0177318 0.0339936 0.0115564 0.0508417 0.011578 0.237307 0.00918618 0.0717286 0.032107 0.0279897 0.00382996 0 0.0103496 0.0136634 0.00595006 0.0214316 0.00839345 0.0550786 0.00914196 0.127623 0.0123933 0.10385 0.010218 0.0245494 0.00891632 0.0283524 0.0109324 0.0259376 0.0113082 0.0191523 0.00981584 0.0110721 0.0086194 0.0136675 0.00924307 0.0133202 0.0103173 0.0121593 0.00877941 0.0113832 0.00889378 0.00970045 0.00902001 0.0114248 0.00821404 0.0110596 0.00818287 0.00937406 0.00823504 0.00916797 0.00830244 0.00888048 0.00814866 0.00949852 0.00850775 0.00861564 0.00825949 0.00827863 0.00885194 0.00806138 0.00814284 0.00816098 0.00848537 0.00809841 0.00820893 0.007975 0.00806871 0.00819582 0.00919523 
0.024356 0.0390645 0.0140331 0.0731114 0.010034 0.167574 0.0111683 0.280813 0.0121864 0.128651 0.00904525 0.0639297 0.0103496 0 0.00391537 0.00909178 0.0198015 0.041728 0.0103524 0.087263 0.00856289 0.238461 0.0131018 0.0530125 0.0089979 0.0338154 0.0128792 0.0608787 0.00974436 0.0407933 0.010488 0.015686 0.0101307 0.0135934 0.0106096 0.0188226 0.00905736 0.0221213 0.00899528 0.0158185 0.00889048 0.0135724 0.00931763 0.0170024 0.00845691 0.0144759 0.00836066 0.0120187 0.00825122 0.0113318 0.00813375 0.0111 0.0086791 0.0103405 0.00802736 0.00926914 0.00851417 0.00868273 0.0081797 0.00855493 0.0082215 0.00795376 0.00979835 0.0102579 0.01095 0.00793173 0.00868658 0.00801608 0.00869786 0.0104067 
0.0191303 0.0137382 0.0197311 0.0103058 0.0358969 0.0096669 0.0849939 0.0116837 0.188715 0.00889277 0.0797037 0.0132942 0.0136634 0.00391537 0 0.030562 0.0157558 0.00385502 0.00611887 0.00675826 0.0363763 0.00993142 0.109395 0.00962054 0.0296112 0.00873635 0.0262191 0.0101258 0.0277526 0.0103763 0.0215576 0.0101211 0.0132498 0.0084652 0.0133132 0.00902743 0.0162213 0.00927895 0.0139525 0.00852522 0.0125763 0.00873198 0.0109272 0.00866271 0.0146631 0.00809519 0.0128508 0.00809832 0.0102979 0.00816465 0.0106757 0.00816263 0.0096848 0.00804045 0.0100757 0.00831691 0.00940158 0.00825931 0.00832841 0.00863441 0.008088 0.00858931 0.00806363 0.00851932 0.00795853 0.00887325 0.00793653 0.00823546 0.00834961 0.0105765 
0.0126226 0.0124709 0.0115721 0.0156566 0.0097319 0.0206651 0.00993005 0.0206319 0.00998131 0.0323363 0.00822555 0.011382 0.00595006 0.00909178 0.030562 0 0.00362023 0.00367822 0.0037496 0.00626454 0.00907202 0.0187206 0.0104527 0.0912954 0.00850612 0.0131279 0.0125409 0.0149132 0.0086464 0.0121631 0.00902876 0.0124898 0.00853455 0.00949678 0.0101391 0.00925698 0.00832198 0.00929148 0.00863102 0.00869114 0.00843375 0.00880786 0.00868237 0.0105618 0.00840543 0.00912333 0.00836921 0.00851972 0.00832102 0.00851298 0.00812171 0.00852084 0.00857552 0.00818581 0.00798573 0.00804967 0.00832962 0.00804872 0.00797517 0.00818441 0.00802546 0.00788601 0.00892749 0.00866181 0.00860214 0.00784887 0.00799396 0.0079148 0.00861996 0.00914478 
0.0111949 0.0103052 0.0112304 0.00946162 0.0141304 0.00895055 0.0188956 0.00891333 0.0197065 0.00847891 0.0181685 0.00699451 0.0214316 0.0198015 0.0157558 0.00362023 0 0.00371367 0.00365641 0.00773233 0.0085135 0.00781249 0.0211714 0.00900671 0.212374 0.00910474 0.01481 0.00913878 0.012612 0.00893127 0.0112983 0.00878075 0.019354 0.00904692 0.011762 0.00832725 0.00996168 0.00836518 0.0100128 0.00823561 0.00969598 0.00812951 0.0092062 0.00812336 0.00964043 0.00800939 0.00952401 0.00798628 0.00849141 0.00802434 0.00879523 0.0080645 0.0090682 0.00793873 0.00833155 0.00803773 0.00847146 0.00800627 0.00800815 0.0081263 0.00812585 0.00850846 0.00818035 0.00789584 0.00795589 0.00892724 0.00812092 0.00843499 0.00813813 0.00855112 
0.00910223 0.0131618 0.00906148 0.0144379 0.00852075 0.0377259 0.00875483 0.0355396 0.00892132 0.0531588 0.00836094 0.0459791 0.00839345 0.041728 0.00385502 0.00367822 0.00371367 0 0.00357837 0.00987482 0.0214797 0.0348795 0.00841639 0.0205269 0.00945779 0.278665 0.00922446 0.0168469 0.00869896 0.0138691 0.00958555 0.00967973 0.00902623 0.034365 0.00899116 0.00977316 0.00840638 0.0111009 0.00880355 0.00987246 0.00846298 0.00975646 0.00834217 0.0103079 0.0081416 0.00969648 0.0081116 0.00959557 0.00814664 0.00861095 0.00801157 0.00908811 0.00822388 0.00857218 0.00802653 0.00831538 0.0081105 0.00802999 0.00798405 0.00808042 0.00869682 0.00820102 0.00820392 0.00797016 0.00886129 0.00805207 0.00874285 0.00836402 0.00802521 0.00810373 
0.016194 0.0136181 0.0182521 0.0120457 0.0180259 0.0119255 0.0649508 0.0116502 0.0752585 0.0115078 0.0855601 0.011311 0.0550786 0.0103524 0.00611887 0.0037496 0.00365641 0.00357837 0 0.0254036 0.0132244 0.00852664 0.0317751 0.0127573 0.020998 0.00927212 0.287143 0.0117809 0.0287796 0.0120598 0.0230555 0.0124176 0.0134098 0.00891997 0.0402416 0.00992438 0.0154042 0.0108112 0.0185157 0.00951504 0.0142889 0.00962571 0.0118401 0.009582 0.0121785 0.00874426 0.0107766 0.00883664 0.0104507 0.00866558 0.00899642 0.00883577 0.00994778 0.00853911 0.0089312 0.00884166 0.00903026 0.00847737 0.00826103 0.00969693 0.0082115 0.00840832 0.00854208 0.00910166 0.0085757 0.00836183 0.00800138 0.00814786 0.00888526 0.00953562 
0.0162515 0.0221424 0.0130218 0.0338436 0.00992742 0.0715033 0.0111375 0.0861675 0.0116824 0.135428 0.0107456 0.214899 0.00914196 0.087263 0.00675826 0.00626454 0.00773233 0.00987482 0.0254036 0 0.00391552 0.0280456 0.021248 0.096431 0.00910184 0.036299 0.0117671 0.130085 0.00959921 0.0556704 0.0113445 0.0177258 0.00959601 0.0135537 0.0107757 0.0198942 0.0092258 0.0192443 0.0104778 0.0169181 0.00977041 0.0144937 0.00964492 0.0205272 0.00844435 0.0146194 0.00841512 0.0129141 0.00834842 0.0107884 0.00820868 0.0107905 0.0088085 0.0099125 0.00805151 0.00881552 0.0084687 0.00860357 0.00836474 0.00828787 0.00836374 0.00799507 0.00914306 0.0092719 0.0101435 0.00794507 0.00858242 0.00806378 0.00874403 0.00944093 
0.0187343 0.0139501 0.0192784 0.0109308 0.0226168 0.0116909 0.041081 0.0120016 0.0641576 0.0120273 0.107869 0.0116053 0.127623 0.00856289 0.0363763 0.00907202 0.0085135 0.0214797 0.0132244 0.00391552 0 0.0121037 0.0109351 0.00996725 0.0498275 0.0101598 0.114747 0.0111323 0.0770872 0.0129129 0.0397274 0.0107823 0.0136154 0.00893778 0.021555 0.0104331 0.0204574 0.0117602 0.0194077 0.00956109 0.0164617 0.00989486 0.0127593 0.00900127 0.0151804 0.00828044 0.0137396 0.00867807 0.0120686 0.00829269 0.0101472 0.00842355 0.0110628 0.00816183 0.0103044 0.00854844 0.00976383 0.0082798 0.0082196 0.0094 0.0081112 0.00841396 0.00810052 0.00833416 0.00803991 0.00849251 0.00798147 0.00840425 0.00829461 0.00883021 
0.0145719 0.0185739 0.0132862 0.0226213 0.0100798 0.0414099 0.012636 0.0526356 0.0132672 0.0893962 0.01331 0.114134 0.0123933 0.238461 0.00993142 0.0187206 0.00781249 0.0348795 0.00852664 0.0280456 0.0121037 0 0.00471605 0.0639584 0.0108793 0.118715 0.0152654 0.105741 0.010738 0.10439 0.0127554 0.0158791 0.00979974 0.0159202 0.0126738 0.0198421 0.0101844 0.0238095 0.0122006 0.0181042 0.0105312 0.0154684 0.0111381 0.0197753 0.00940144 0.015823 0.0089765 0.0136453 0.008663 0.0112537 0.00833629 0.0127738 0.00929351 0.00980907 0.00820428 0.00887063 0.00853749 0.0086119 0.00870202 0.00840083 0.00842983 0.00802089 0.00924145 0.0093053 0.0103928 0.00798138 0.00857847 0.00809956 0.00876769 0.00928682 
0.0146076 0.0134258 0.0124546 0.0111162 0.0156371 0.0115751 0.0309675 0.012669 0.0458027 0.0126377 0.0696274 0.0128154 0.10385 0.0131018 0.109395 0.0104527 0.0211714 0.00841639 0.0317751 0.021248 0.0109351 0.00471605 0 0.0105372 0.0258136 0.0120598 0.164517 0.0138544 0.0769006 0.0144136 0.108261 0.0124338 0.013672 0.00928945 0.0266204 0.0115828 0.0235518 0.0129744 0.0256985 0.0109569 0.0172013 0.0112607 0.0138638 0.0100926 0.0154989 0.00901883 0.0138354 0.00885605 0.0112834 0.00892153 0.0101089 0.00898895 0.01089 0.00866742 0.00988652 0.00930235 0.00901517 0.00868117 0.00825085 0.00949382 0.00824948 0.00834738 0.008261 0.00914638 0.00816388 0.0083918 0.007989 0.00837337 0.00853403 0.00958908 
0.0123703 0.0121904 0.0105042 0.0164788 0.00913494 0.018233 0.0100473 0.0191837 0.0102628 0.0239575 0.0105261 0.0283818 0.010218 0.0530125 0.00962054 0.0912954 0.00900671 0.0205269 0.0127573 0.096431 0.00996725 0.0639584 0.0105372 0 0.00406147 0.00371992 0.00414053 0.0188304 0.00597621 0.0292583 0.0138905 0.206285 0.0094171 0.0187816 0.0128606 0.037371 0.00955548 0.0276756 0.0106527 0.021512 0.00996553 0.0190687 0.0107838 0.0228194 0.00937227 0.0153911 0.00931798 0.0128886 0.00934571 0.013451 0.00872302 0.0132227 0.00944039 0.0106936 0.00831607 0.00982891 0.00878275 0.0089638 0.00840277 0.00899341 0.0084838 0.00806761 0.010655 0.00980032 0.0109668 0.00791518 0.0086352 0.00824251 0.0100676 0.00984544 
0.0105272 0.00950151 0.0107001 0.00873871 0.0135416 0.0090851 0.0160876 0.00929132 0.0161235 0.00936571 0.0212853 0.00913539 0.0245494 0.0089979 0.0296112 0.00850612 0.212374 0.00945779 0.020998 0.00910184 0.0498275 0.0108793 0.0258136 0.00406147 0 0.00361337 0.0036553 0.00506999 0.0310334 0.00822695 0.0230934 0.00974048 0.30605 0.010611 0.0194281 0.00918707 0.0243373 0.00959771 0.020551 0.00959721 0.0185431 0.00931013 0.0155914 0.00872236 0.0205261 0.00845708 0.0180721 0.00858298 0.0127101 0.00835349 0.0143917 0.00856337 0.0132975 0.0081843 0.0116958 0.0084054 0.0103814 0.00818297 0.00879681 0.00880262 0.00893532 0.0109976 0.00844345 0.00800676 0.00801137 0.0137138 0.00851517 0.0103959 0.00893338 0.00905909 
0.00854171 0.0108311 0.00868285 0.0120294 0.00835875 0.0192962 0.00875071 0.0214669 0.00885985 0.0201426 0.00894083 0.0234618 0.00891632 0.0338154 0.00873635 0.0131279 0.00910474 0.278665 0.00927212 0.036299 0.0101598 0.118715 0.0120598 0.00371992 0.00361337 0 0.00357595 0.0171393 0.0155493 0.030444 0.00856779 0.0214567 0.00999116 0.396758 0.0105742 0.0296221 0.00895655 0.0230236 0.0106969 0.0241299 0.00963733 0.0160715 0.00912277 0.0173947 0.00857104 0.0163252 0.00839949 0.0151927 0.00855796 0.0119665 0.00839492 0.0119452 0.00875752 0.0102595 0.00824823 0.00960242 0.00831495 0.00849607 0.00820994 0.0086232 0.0124435 0.00864549 0.00859653 0.0081989 0.0104826 0.0083465 0.0110039 0.00865175 0.00839077 0.00821027 
0.0132909 0.0115391 0.0125042 0.00968683 0.0119728 0.0115801 0.0256564 0.0118428 0.0266431 0.0120548 0.0269092 0.0122601 0.0283524 0.0128792 0.0262191 0.0125409 0.01481 0.00922446 0.287143 0.0117671 0.114747 0.0152654 0.164517 0.00414053 0.0036553 0.00357595 0 0.0165688 0.0119913 0.00884789 0.0465438 0.0160161 0.0181653 0.0108493 0.41696 0.0115292 0.0458759 0.0132832 0.0574119 0.0122159 0.0438346 0.0127691 0.0256849 0.0126513 0.0241214 0.0106333 0.0204986 0.0112256 0.0182936 0.0101653 0.0123565 0.0109883 0.0151744 0.00949112 0.0116134 0.00994856 0.0105535 0.00935247 0.0087946 0.0139851 0.00878092 0.00927608 0.0088141 0.0100291 0.00900585 0.0096319 0.00817438 0.0087348 0.00979325 0.010287 
0.0118176 0.0121675 0.0101005 0.0155746 0.00883132 0.0219658 0.00990577 0.0195179 0.0105475 0.0279545 0.0109925 0.0305044 0.0109324 0.0608787 0.0101258 0.0149132 0.00913878 0.0168469 0.0117809 0.130085 0.0111323 0.105741 0.0138544 0.0188304 0.00506999 0.0171393 0.0165688 0 0.00437243 0.0174236 0.0504964 0.0259154 0.009681 0.0291948 0.0121231 0.108822 0.0105496 0.0635815 0.0124396 0.0456643 0.0112491 0.0360632 0.012184 0.038337 0.00978258 0.0282434 0.00984291 0.0193252 0.00972636 0.0181122 0.00881418 0.0187121 0.00968259 0.0126118 0.00844227 0.0105721 0.00910132 0.00956165 0.00892318 0.00852918 0.00910638 0.00809028 0.0104531 0.0107989 0.0109416 0.00798877 0.00885093 0.00833965 0.0101997 0.010188 
0.0105621 0.00967379 0.0103857 0.00863156 0.0135716 0.00869763 0.0184531 0.00922319 0.0176248 0.00936488 0.0227432 0.00980065 0.0259376 0.00974436 0.0277526 0.0086464 0.012612 0.00869896 0.0287796 0.00959921 0.0770872 0.010738 0.0769006 0.00597621 0.0310334 0.0155493 0.0119913 0.00437243 0 0.0345093 0.0101528 0.00895218 0.0156662 0.0100009 0.0548306 0.0101367 0.109014 0.0111971 0.0534121 0.0102792 0.0405829 0.0106313 0.0234409 0.00972013 0.0357844 0.00899803 0.0297265 0.00899159 0.0174035 0.00899128 0.0146361 0.00881596 0.0156067 0.00852279 0.0138174 0.00909198 0.0113093 0.008426 0.00876154 0.0105501 0.00825281 0.00962943 0.00829328 0.00903236 0.00805441 0.010189 0.00803537 0.00874121 0.00870207 0.0105199 
0.0107744 0.0105986 0.00996508 0.0124174 0.00845334 0.0191827 0.00935195 0.0166002 0.0101273 0.022701 0.0113017 0.0245172 0.0113082 0.0407933 0.0103763 0.0121631 0.00893127 0.0138691 0.0120598 0.0556704 0.0129129 0.10439 0.0144136 0.0292583 0.00822695 0.030444 0.00884789 0.0174236 0.0345093 0 0.00366917 0.0241719 0.0130009 0.0465745 0.0124903 0.0713573 0.0104286 0.126487 0.0154234 0.054528 0.0124018 0.0430592 0.0137653 0.0424421 0.0107774 0.0293691 0.0103316 0.0228919 0.0108937 0.0192743 0.0090241 0.0201049 0.0110789 0.013198 0.00861873 0.0104748 0.00935345 0.00956767 0.010002 0.00890029 0.00901381 0.00829085 0.00980217 0.00977161 0.0107283 0.00820152 0.00860468 0.00829706 0.00985195 0.00959528 
0.0102542 0.00977635 0.00965484 0.00879807 0.0103883 0.00948582 0.0144419 0.0102034 0.0167709 0.0100938 0.0195837 0.0107054 0.0191523 0.010488 0.0215576 0.00902876 0.0112983 0.00958555 0.0230555 0.0113445 0.0397274 0.0127554 0.108261 0.0138905 0.0230934 0.00856779 0.0465438 0.0504964 0.0101528 0.00366917 0 0.0166021 0.0205735 0.00931186 0.0636921 0.0106069 0.0694557 0.0148633 0.173139 0.0133929 0.0628353 0.0134215 0.0396418 0.0121517 0.0319311 0.0103126 0.0272237 0.0109915 0.0213266 0.0101734 0.0157492 0.0108861 0.0193551 0.00899385 0.0119567 0.0104456 0.0107632 0.00973746 0.00974887 0.0111618 0.00867164 0.00907847 0.00842694 0.00920032 0.00822754 0.00921101 0.00808528 0.0092687 0.00932206 0.00958703 
0.010178 0.00936408 0.00935307 0.00989735 0.00885674 0.0100624 0.00930362 0.00952152 0.00943976 0.0106465 0.00990721 0.010654 0.00981584 0.015686 0.0101211 0.0124898 0.00878075 0.00967973 0.0124176 0.0177258 0.0107823 0.0158791 0.0124338 0.206285 0.00974048 0.0214567 0.0160161 0.0259154 0.00895218 0.0241719 0.0166021 0 0.00466203 0.0037473 0.00402842 0.00861779 0.00887598 0.0209003 0.0119149 0.0247137 0.0108077 0.0360406 0.0121443 0.0398426 0.0107772 0.0263457 0.0109492 0.0175593 0.0102077 0.0188166 0.00971954 0.0131102 0.0112847 0.0120807 0.00907239 0.00973779 0.00966872 0.0092624 0.00889849 0.00917081 0.00846895 0.00823919 0.0109884 0.0103363 0.0101076 0.0081078 0.00840904 0.00831074 0.0114414 0.00972414 
0.00863039 0.00904841 0.00903925 0.00942907 0.00900859 0.00826372 0.00984069 0.00833905 0.0101543 0.00849686 0.0106782 0.00851132 0.0110721 0.0101307 0.0132498 0.00853455 0.019354 0.00902623 0.0134098 0.00959601 0.0136154 0.00979974 0.013672 0.0094171 0.30605 0.00999116 0.0181653 0.009681 0.0156662 0.0130009 0.0205735 0.00466203 0 0.00387594 0.00359737 0.00535755 0.0158096 0.0089032 0.0173268 0.0092991 0.0238123 0.00998618 0.0180032 0.011453 0.0157548 0.00959513 0.0157928 0.0098534 0.0125019 0.0103933 0.012711 0.00916111 0.0125018 0.00875434 0.0108959 0.00878003 0.0101037 0.00851893 0.00933481 0.00915981 0.0096758 0.0105313 0.0090829 0.00836051 0.00825072 0.0123249 0.00834925 0.00994816 0.00941784 0.00882175 
0.00812301 0.00884188 0.00820151 0.00904989 0.00808353 0.010477 0.00837356 0.00983419 0.00848624 0.0106202 0.0085958 0.0107083 0.0086194 0.0135934 0.0084652 0.00949678 0.00904692 0.034365 0.00891997 0.0135537 0.00893778 0.0159202 0.00928945 0.0187816 0.010611 0.396758 0.0108493 0.0291948 0.0100009 0.0465745 0.00931186 0.0037473 0.00387594 0 0.00372009 0.00902552 0.0100592 0.0211211 0.00901784 0.0877989 0.0100859 0.0539119 0.0102778 0.0328012 0.00930317 0.0248424 0.00868444 0.0207539 0.0091992 0.0146512 0.00862019 0.0139635 0.00938075 0.0113362 0.00847722 0.0098061 0.00864278 0.00861157 0.00852887 0.00897144 0.013906 0.00912731 0.00861673 0.00818918 0.0100797 0.00855385 0.0117997 0.00936553 0.00871228 0.00822295 
0.0105531 0.00964118 0.00950807 0.00893157 0.00959194 0.00920898 0.0126937 0.00963613 0.0125212 0.00988784 0.0129295 0.0106347 0.0136675 0.0106096 0.0133132 0.0101391 0.011762 0.00899116 0.0402416 0.0107757 0.021555 0.0126738 0.0266204 0.0128606 0.0194281 0.0105742 0.41696 0.0121231 0.0548306 0.0124903 0.0636921 0.00402842 0.00359737 0.00372009 0 0.00978622 0.0124409 0.0127491 0.0500839 0.0113691 0.146589 0.0124082 0.0744551 0.0132012 0.04696 0.0114191 0.0365223 0.0119064 0.0328991 0.0116785 0.0159163 0.0123672 0.0219554 0.0109633 0.0138883 0.0122279 0.012756 0.0104349 0.0102812 0.0169822 0.00899042 0.00970492 0.0102357 0.0106737 0.00969402 0.0100161 0.00841257 0.00902212 0.0121624 0.010854 
0.0100896 0.00919505 0.0089917 0.0104677 0.00840355 0.0112225 0.00860018 0.00999245 0.00899674 0.0125566 0.00924519 0.0128812 0.00924307 0.0188226 0.00902743 0.00925698 0.00832725 0.00977316 0.00992438 0.0198942 0.0104331 0.0198421 0.0115828 0.037371 0.00918707 0.0296221 0.0115292 0.108822 0.0101367 0.0713573 0.0106069 0.00861779 0.00535755 0.00902552 0.00978622 0 0.00452298 0.0143563 0.0247277 0.0299129 0.00977721 0.146232 0.0137052 0.0916694 0.00994517 0.0573708 0.0109772 0.0381513 0.0114775 0.0290029 0.0100815 0.0244164 0.0118747 0.0181226 0.00935497 0.0125314 0.0104363 0.0106116 0.0105132 0.00889024 0.00938215 0.00820841 0.0107154 0.0111432 0.0105014 0.00816636 0.00867584 0.00834885 0.01057 0.00979437 
0.00931596 0.00867434 0.00888149 0.00831987 0.0103226 0.00824997 0.0125422 0.00845815 0.0114608 0.00874677 0.0141095 0.00892215 0.0133202 0.00905736 0.0162213 0.00832198 0.00996168 0.00840638 0.0154042 0.0092258 0.0204574 0.0101844 0.0235518 0.00955548 0.0243373 0.00895655 0.0458759 0.0105496 0.109014 0.0104286 0.0694557 0.00887598 0.0158096 0.0100592 0.0124409 0.00452298 0 0.0217517 0.0167894 0.00777583 0.0677998 0.0101914 0.134659 0.0113541 0.0943067 0.00947694 0.0757079 0.0104792 0.0425575 0.0106368 0.0236794 0.0107512 0.0249631 0.00959946 0.0175069 0.0109501 0.0133036 0.0100258 0.0100469 0.0141123 0.00863079 0.0102068 0.00877962 0.00931809 0.00833752 0.0111664 0.00810493 0.00908516 0.00990759 0.0101803 
0.00968427 0.00958558 0.0088887 0.0101819 0.00822392 0.0129761 0.00860851 0.0122473 0.00906836 0.0149724 0.00975357 0.0150435 0.0103173 0.0221213 0.00927895 0.00929148 0.00836518 0.0111009 0.0108112 0.0192443 0.0117602 0.0238095 0.0129744 0.0276756 0.00959771 0.0230236 0.0132832 0.0635815 0.0111971 0.126487 0.0148633 0.0209003 0.0089032 0.0211211 0.0127491 0.0143563 0.0217517 0 0.00570335 0.0218128 0.0119801 0.0669747 0.0121865 0.241857 0.012267 0.148766 0.0113457 0.0929492 0.0128718 0.0643859 0.0109878 0.0463057 0.0143018 0.0291556 0.0104415 0.0189733 0.0118986 0.013295 0.0123048 0.0109134 0.0119841 0.00877548 0.0113579 0.0117153 0.0115614 0.00847786 0.00916166 0.00898898 0.0141698 0.00953447 
0.00898439 0.00870505 0.00875052 0.00851537 0.00915718 0.00904342 0.0119096 0.00882491 0.01117 0.00924178 0.0130508 0.0091377 0.0121593 0.00899528 0.0139525 0.00863102 0.0100128 0.00880355 0.0185157 0.0104778 0.0194077 0.0122006 0.0256985 0.0106527 0.020551 0.0106969 0.0574119 0.0124396 0.0534121 0.0154234 0.173139 0.0119149 0.0173268 0.00901784 0.0500839 0.0247277 0.0167894 0.00570335 0 0.0143263 0.0145521 0.0134068 0.0533484 0.0143279 0.228839 0.0121237 0.115105 0.0130999 0.101984 0.0129508 0.0353373 0.0136252 0.0508205 0.0120897 0.0206886 0.0135994 0.0170073 0.0120755 0.0142054 0.0179878 0.0093906 0.0123003 0.00995712 0.00959209 0.00899736 0.0105006 0.00846451 0.0107757 0.0114934 0.00928733 
0.00918467 0.00871367 0.00853551 0.00939225 0.00813798 0.0111883 0.00837332 0.0100857 0.00851582 0.0121684 0.0086769 0.0125334 0.00877941 0.0158185 0.00852522 0.00869114 0.00823561 0.00987246 0.00951504 0.0169181 0.00956109 0.0181042 0.0109569 0.021512 0.00959721 0.0241299 0.0122159 0.0456643 0.0102792 0.054528 0.0133929 0.0247137 0.0092991 0.0877989 0.0113691 0.0299129 0.00777583 0.0218128 0.0143263 0 0.00402203 0.0228496 0.0236939 0.0788169 0.00869426 0.245387 0.0100555 0.140066 0.0114396 0.0945838 0.010596 0.0580391 0.0132059 0.0345667 0.0102692 0.017641 0.011385 0.0136643 0.0122848 0.0106293 0.0109585 0.00878971 0.011706 0.0123288 0.0120285 0.00850698 0.00924082 0.00936468 0.0118222 0.00940174 
0.00898022 0.00854567 0.00872871 0.00830464 0.00913295 0.00839474 0.0117494 0.00854148 0.0107465 0.00863859 0.0126463 0.00870713 0.0113832 0.00889048 0.0125763 0.00843375 0.00969598 0.00846298 0.0142889 0.00977041 0.0164617 0.0105312 0.0172013 0.00996553 0.0185431 0.00963733 0.0438346 0.0112491 0.0405829 0.0124018 0.0628353 0.0108077 0.0238123 0.0100859 0.146589 0.00977721 0.0677998 0.0119801 0.0145521 0.00402203 0 0.015045 0.0143404 0.00941203 0.0886035 0.00991363 0.299756 0.0114212 0.167296 0.0118455 0.0591732 0.0133865 0.0509245 0.0111098 0.0246611 0.0133179 0.0175509 0.0121445 0.0119729 0.0168942 0.00910474 0.012291 0.00968103 0.00988254 0.0086554 0.0116288 0.00832839 0.0101596 0.011676 0.00987365 
0.00926614 0.00882372 0.00877569 0.00939759 0.00834328 0.0108069 0.00851014 0.00981676 0.00882451 0.0109411 0.0089102 0.01125 0.00889378 0.0135724 0.00873198 0.00880786 0.00812951 0.00975646 0.00962571 0.0144937 0.00989486 0.0154684 0.0112607 0.0190687 0.00931013 0.0160715 0.0127691 0.0360632 0.0106313 0.0430592 0.0134215 0.0360406 0.00998618 0.0539119 0.0124082 0.146232 0.0101914 0.0669747 0.0134068 0.0228496 0.015045 0 0.00378563 0.0543861 0.0147146 0.0641506 0.00914375 0.194741 0.0119961 0.123084 0.0105927 0.0690565 0.0151873 0.0394922 0.0110184 0.0228718 0.0127814 0.0156096 0.0136466 0.0111107 0.0117165 0.00901579 0.012836 0.0136321 0.0128344 0.0087221 0.00932297 0.00947181 0.0138552 0.00978632 
0.00911893 0.00872867 0.00827138 0.00857655 0.00843006 0.00874803 0.00907078 0.00866802 0.00915771 0.00892781 0.00982211 0.00901128 0.00970045 0.00931763 0.0109272 0.00868237 0.0092062 0.00834217 0.0118401 0.00964492 0.0127593 0.0111381 0.0138638 0.0107838 0.0155914 0.00912277 0.0256849 0.012184 0.0234409 0.0137653 0.0396418 0.0121443 0.0180032 0.0102778 0.0744551 0.0137052 0.134659 0.0121865 0.0533484 0.0236939 0.0143404 0.00378563 0 0.0240925 0.0196463 0.0104599 0.0614081 0.0124878 0.171439 0.0164012 0.0707711 0.0156517 0.0571064 0.0130231 0.0305765 0.0160053 0.0181577 0.0135022 0.0130821 0.0184172 0.00925867 0.0103188 0.0100281 0.0111978 0.00914888 0.0105895 0.00836842 0.0098358 0.0114077 0.0103921 
0.0100215 0.00994757 0.00876683 0.0108478 0.00831715 0.0120421 0.00851468 0.012314 0.00880482 0.0127123 0.0087443 0.0129328 0.00902001 0.0170024 0.00866271 0.0105618 0.00812336 0.0103079 0.009582 0.0205272 0.00900127 0.0197753 0.0100926 0.0228194 0.00872236 0.0173947 0.0126513 0.038337 0.00972013 0.0424421 0.0121517 0.0398426 0.011453 0.0328012 0.0132012 0.0916694 0.0113541 0.241857 0.0143279 0.0788169 0.00941203 0.0543861 0.0240925 0 0.00393296 0.0450444 0.0168075 0.0924054 0.0104265 0.222158 0.0115762 0.110875 0.0141115 0.0924101 0.0110498 0.0377986 0.012997 0.0208487 0.0131588 0.0135918 0.0136258 0.00892379 0.0146383 0.0198949 0.0172389 0.00864742 0.0108437 0.0092351 0.0152373 0.0112395 
0.00900255 0.00839111 0.00866971 0.00818701 0.0100003 0.00811801 0.0112149 0.00816721 0.0102072 0.00816137 0.0123822 0.00815683 0.0114248 0.00845691 0.0146631 0.00840543 0.00964043 0.0081416 0.0121785 0.00844435 0.0151804 0.00940144 0.0154989 0.00937227 0.0205261 0.00857104 0.0241214 0.00978258 0.0357844 0.0107774 0.0319311 0.0107772 0.0157548 0.00930317 0.04696 0.00994517 0.0943067 0.012267 0.228839 0.00869426 0.0886035 0.0147146 0.0196463 0.00393296 0 0.0107025 0.0357176 0.00771001 0.117512 0.0106149 0.17015 0.0119149 0.0971724 0.0102821 0.0553608 0.0130199 0.0304313 0.0118672 0.0157385 0.0162547 0.00932522 0.0126327 0.00975092 0.0111824 0.00876483 0.0149511 0.0083215 0.0101757 0.0119324 0.0125569 
0.00958 0.00893323 0.00845463 0.00969968 0.00807431 0.0109446 0.00817362 0.010218 0.00832981 0.0113505 0.00831326 0.0113634 0.00821404 0.0144759 0.00809519 0.00912333 0.00800939 0.00969648 0.00874426 0.0146194 0.00828044 0.015823 0.00901883 0.0153911 0.00845708 0.0163252 0.0106333 0.0282434 0.00899803 0.0293691 0.0103126 0.0263457 0.00959513 0.0248424 0.0114191 0.0573708 0.00947694 0.148766 0.0121237 0.245387 0.00991363 0.0641506 0.0104599 0.0450444 0.0107025 0 0.00398641 0.0582998 0.0146051 0.0805203 0.006977 0.18227 0.0133135 0.110795 0.00942235 0.0372143 0.011445 0.0196601 0.011785 0.0127154 0.0181132 0.00881096 0.0153019 0.0164275 0.0178184 0.00864288 0.0109102 0.00913749 0.0152448 0.0102814 
0.00953612 0.00848314 0.00899565 0.00827354 0.00917483 0.00811867 0.0107017 0.00816468 0.0102149 0.00815219 0.0120808 0.00816649 0.0110596 0.00836066 0.0128508 0.00836921 0.00952401 0.0081116 0.0107766 0.00841512 0.0137396 0.0089765 0.0138354 0.00931798 0.0180721 0.00839949 0.0204986 0.00984291 0.0297265 0.0103316 0.0272237 0.0109492 0.0157928 0.00868444 0.0365223 0.0109772 0.0757079 0.0113457 0.115105 0.0100555 0.299756 0.00914375 0.0614081 0.0168075 0.0357176 0.00398641 0 0.0082552 0.0346907 0.00791031 0.0775107 0.0105601 0.213756 0.0107509 0.088176 0.0135402 0.0522397 0.0120523 0.0172858 0.0188476 0.0096138 0.0129609 0.0101531 0.01189 0.00936268 0.0165543 0.00832097 0.0102478 0.0118018 0.0133798 
0.00886827 0.00868613 0.00831534 0.00876518 0.00801406 0.0096702 0.00810763 0.00928494 0.00825426 0.010198 0.00827816 0.010081 0.00818287 0.0120187 0.00809832 0.00851972 0.00798628 0.00959557 0.00883664 0.0129141 0.00867807 0.0136453 0.00885605 0.0128886 0.00858298 0.0151927 0.0112256 0.0193252 0.00899159 0.0228919 0.0109915 0.0175593 0.0098534 0.0207539 0.0119064 0.0381513 0.0104792 0.0929492 0.0130999 0.140066 0.0114212 0.194741 0.0124878 0.0924054 0.00771001 0.0582998 0.0082552 0 0.00376227 0.0418382 0.0149402 0.0525896 0.0121931 0.24883 0.0106171 0.0969338 0.0122373 0.0308316 0.0171448 0.0166915 0.0203752 0.00983331 0.0141764 0.0145429 0.0181504 0.00889914 0.0106333 0.0106853 0.0159423 0.00947799 
0.0087661 0.00830217 0.00826789 0.00816595 0.00854345 0.0081782 0.00918004 0.00821442 0.00945968 0.00812781 0.0104122 0.00813287 0.00937406 0.00825122 0.0102979 0.00832102 0.00849141 0.00814664 0.0104507 0.00834842 0.0120686 0.008663 0.0112834 0.00934571 0.0127101 0.00855796 0.0182936 0.00972636 0.0174035 0.0108937 0.0213266 0.0102077 0.0125019 0.0091992 0.0328991 0.0114775 0.0425575 0.0128718 0.101984 0.0114396 0.167296 0.0119961 0.171439 0.0104265 0.117512 0.0146051 0.0346907 0.00376227 0 0.0128139 0.0273018 0.0100086 0.0696631 0.0102144 0.207435 0.0141725 0.0643638 0.0132538 0.026759 0.0185388 0.010076 0.0167823 0.011688 0.0111126 0.00948426 0.0134688 0.00838856 0.0115578 0.0146573 0.0112239 
0.00933458 0.00845337 0.00849328 0.0088961 0.00812915 0.00911764 0.00821735 0.00857495 0.00838412 0.00937351 0.00836446 0.00961572 0.00823504 0.0113318 0.00816465 0.00851298 0.00802434 0.00861095 0.00866558 0.0107884 0.00829269 0.0112537 0.00892153 0.013451 0.00835349 0.0119665 0.0101653 0.0181122 0.00899128 0.0192743 0.0101734 0.0188166 0.0103933 0.0146512 0.0116785 0.0290029 0.0106368 0.0643859 0.0129508 0.0945838 0.0118455 0.123084 0.0164012 0.222158 0.0106149 0.0805203 0.00791031 0.0418382 0.0128139 0 0.00388527 0.042855 0.045641 0.089377 0.00806154 0.167505 0.0175099 0.0351506 0.0166333 0.0175915 0.0196851 0.00927424 0.0157677 0.0194356 0.0175918 0.00905684 0.0113646 0.00964834 0.0202438 0.0103986 
0.00867695 0.00819423 0.00820749 0.00812446 0.00848717 0.0081407 0.0088554 0.00824816 0.00882229 0.0080976 0.00990677 0.00808099 0.00916797 0.00813375 0.0106757 0.00812171 0.00879523 0.00801157 0.00899642 0.00820868 0.0101472 0.00833629 0.0101089 0.00872302 0.0143917 0.00839492 0.0123565 0.00881418 0.0146361 0.0090241 0.0157492 0.00971954 0.012711 0.00862019 0.0159163 0.0100815 0.0236794 0.0109878 0.0353373 0.010596 0.0591732 0.0105927 0.0707711 0.0115762 0.17015 0.006977 0.0775107 0.0149402 0.0273018 0.00388527 0 0.0181689 0.0168797 0.0068406 0.0585931 0.015362 0.0884875 0.0134414 0.0328043 0.0180837 0.0103264 0.0156855 0.00973538 0.0115258 0.0092346 0.0151886 0.00840155 0.010686 0.0120174 0.0119804 
0.00901857 0.00850387 0.00840453 0.00874683 0.00810491 0.00922244 0.00820098 0.00889745 0.00837673 0.00947938 0.0083899 0.00946037 0.00830244 0.0111 0.00816263 0.00852084 0.0080645 0.00908811 0.00883577 0.0107905 0.00842355 0.0127738 0.00898895 0.0132227 0.00856337 0.0119452 0.0109883 0.0187121 0.00881596 0.0201049 0.0108861 0.0131102 0.00916111 0.0139635 0.0123672 0.0244164 0.0107512 0.0463057 0.0136252 0.0580391 0.0133865 0.0690565 0.0156517 0.110875 0.0119149 0.18227 0.0105601 0.0525896 0.0100086 0.042855 0.0181689 0 0.00425796 0.0465054 0.0269627 0.0386118 0.0162571 0.0389436 0.0171137 0.0246664 0.0221145 0.0113558 0.0219777 0.0268102 0.0254826 0.00929474 0.0120388 0.0115121 0.0203699 0.010336 
0.00893645 0.00878529 0.00834296 0.00869632 0.00840419 0.00899448 0.00885044 0.00912411 0.00918085 0.00898127 0.00957825 0.00874356 0.00888048 0.0086791 0.0096848 0.00857552 0.0090682 0.00822388 0.00994778 0.0088085 0.0110628 0.00929351 0.01089 0.00944039 0.0132975 0.00875752 0.0151744 0.00968259 0.0156067 0.0110789 0.0193551 0.0112847 0.0125018 0.00938075 0.0219554 0.0118747 0.0249631 0.0143018 0.0508205 0.0132059 0.0509245 0.0151873 0.0571064 0.0141115 0.0971724 0.0133135 0.213756 0.0121931 0.0696631 0.045641 0.0168797 0.00425796 0 0.0208458 0.0173929 0.016755 0.0528884 0.0150805 0.0427606 0.0256532 0.0131052 0.0269846 0.0147539 0.0144622 0.0106847 0.0180154 0.0085687 0.0162781 0.0196281 0.013064 
