1J6RB
HHMPKVEIAPSEIKIPDNVLKAKLGFGGAEEIPEEFRKTVNRAYEELLDAAKPVVLWRDFEVDGSLSFDDMRLTGELATKHLSGSKIITVFLATLGKKVDEKIEEYFRKGEDLLAFFIDGIASEMVEYALRKVDAELRMKRSNLEGSFRISPGYGDLPLSLNKKIAEIFKEEVDVNVIEDSYVLVPRKTITAFVGWR
CCCCEEECCHHHCCCCHHHHHHHCCCCCCCCCCHHHHHHHHHHHHHHHHHCCCEEEEECCECCCCCEECCEECCCHHHHHHHCCCCEEEEEEEECCHHHHHHHHHHHHCCCHHHHHHHHHHHHHHHHHHHHHHHHHHHHHCCCCCECCCCCCCCCCCCCCHHHHHHHHHHHCCCCECCCCCCCCECCCEEEEEEEEC
0 0 0 0 0 0 0 0 0 0 0 0 0 0 0 0 0 0 0 0 0 0 0 0 0 0 0 0 0 0 0 0 0 0 0 0 0 0 0 0 0 0 0 0 0 0 0 0 0 0 0 0 0 0 0 0 0 0 0 0 0 0 0 0 0 0 0 0 0 0 0 0 0 0 0 0 0 0 0 0 0 0 0 0 0 0 0 0 0 0 0 0 0 0 0 0 0 0 0 0 0 0 0 0 0 0 0 0 0 0 0 0 0 0 0 0 0 0 0 0 0 0 0 0 0 0 0 0 0 0 0 0 0 0 0 0 0 0 0 0 0 0 0 0 0 0 0 0 0 0 0 0 0 0 0 0 0 0 0 0 0 0 0 0 0 0 0 0 0 0 0 0 0 0 0 0 0 0 0 0 0 0 0 0 0 0 0 0 0 0 0 0 0 0 0 0 0 
0 0 0 0 0 0 0 0 0 0 0 0 0 0 0 0 0 0 0 0 0 0 0 0 0 0 0 0 0 0 0 0 0 0 0 0 0 0 0 0 0 0 0 0 0 0 0 0 0 0 0 0 0 0 0 0 0 0 0 0 0 0 0 0 0 0 0 0 0 0 0 0 0 0 0 0 0 0 0 0 0 0 0 0 0 0 0 0 0 0 0 0 0 0 0 0 0 0 0 0 0 0 0 0 0 0 0 0 0 0 0 0 0 0 0 0 0 0 0 0 0 0 0 0 0 0 0 0 0 0 0 0 0 0 0 0 0 0 0 0 0 0 0 0 0 0 0 0 0 0 0 0 0 0 0 0 0 0 0 0 0 0 0 0 0 0 0 0 0 0 0 0 0 0 0 0 0 0 0 0 0 0 0 0 0 0 0 0 0 0 0 0 0 0 0 0 0 
0 0.00366967 0.00470012 0.101064 0.0235696 0.0178952 0.0100588 0.0188174 0.0164997 0.00994439 0.0106212 0.00920442 0.0141075 0.0119891 0.0100479 0.0122748 0.0101827 0.0115538 0.00976636 0.00953006 0.0138943 0.00849012 0.00872536 0.00841669 0.00844333 0.00810747 0.00830563 0.00835813 0.00833419 0.00841476 0.00815467 0.00847474 
0.00366967 0 0.0043465 0.0241619 0.135326 0.0170822 0.0821971 0.0112848 0.0102939 0.00919168 0.0105348 0.0138921 0.00890371 0.0112406 0.0175746 0.0105667 0.0157995 0.012299 0.0114845 0.0183198 0.00920085 0.00811924 0.0080862 0.00806477 0.00832183 0.00861928 0.00865041 0.00872323 0.0089542 0.00869429 0.00850255 0.00821065 
0.00470012 0.0043465 0 0.0360591 0.0160777 0.0416088 0.0216428 0.0682143 0.0278267 0.0178636 0.00969437 0.0118922 0.0157024 0.0168448 0.0108762 0.0147804 0.0100283 0.0134788 0.0136941 0.0107071 0.0133815 0.00906126 0.0124935 0.0105618 0.0102066 0.00848728 0.00851634 0.00850899 0.00856452 0.00827341 0.00821313 0.00857999 
0.101064 0.0241619 0.0360591 0 0.00370299 0.00362305 0.00360074 0.00391521 0.00677258 0.0120052 0.0146263 0.0134138 0.0241747 0.052326 0.0505654 0.0223489 0.0279316 0.0190643 0.0163889 0.0158898 0.0274564 0.0104007 0.0109447 0.0100297 0.00983672 0.00852841 0.00876737 0.00936595 0.00950918 0.00908017 0.00873135 0.0103875 
0.0235696 0.135326 0.0160777 0.00370299 0 0.00358053 0.00355772 0.00357114 0.00434166 0.0107546 0.0136934 0.0119337 0.0133406 0.0314125 0.0727027 0.0915321 0.0482729 0.0659118 0.0275041 0.0464363 0.0148808 0.0083807 0.00818879 0.00796871 0.00850955 0.0093702 0.0102942 0.0120482 0.0134662 0.0120729 0.00996382 0.00937031 
0.0178952 0.0170822 0.0416088 0.00362305 0.00358053 0 0.00355223 0.00355553 0.0040106 0.00797251 0.00743285 0.00782591 0.00929251 0.0123761 0.0297131 0.0869502 0.104771 0.0509296 0.144501 0.0209937 0.0142628 0.0080805 0.00817366 0.00793893 0.00849743 0.0089195 0.0110897 0.0118356 0.0140703 0.012884 0.00974941 0.00950627 
0.0100588 0.0821971 0.0216428 0.00360074 0.00355772 0.00355223 0 0.0036129 0.00475871 0.00768829 0.0195452 0.00874375 0.0114888 0.0126834 0.0193245 0.0298985 0.0312888 0.05399 0.0213793 0.0655286 0.0153066 0.00826302 0.00814783 0.00800825 0.00848111 0.00892193 0.00922374 0.00931352 0.00954193 0.00972297 0.0097883 0.00887997 
0.0188174 0.0112848 0.0682143 0.00391521 0.00357114 0.00355553 0.0036129 0 0.0282611 0.0248083 0.00787867 0.00920644 0.0104601 0.0149618 0.0121628 0.0123058 0.01705 0.0183909 0.0170041 0.0144669 0.0502603 0.00859434 0.00899706 0.00847894 0.00954835 0.00820599 0.00823252 0.00836507 0.00843991 0.00847676 0.00847351 0.00842143 
0.0164997 0.0102939 0.0278267 0.00677258 0.00434166 0.0040106 0.00475871 0.0282611 0 0.0467247 0.0108195 0.0122064 0.0462898 0.0289835 0.0117776 0.011844 0.00968271 0.0122254 0.0107564 0.0120904 0.0229471 0.0155589 0.0194635 0.0147544 0.0137558 0.00826603 0.00888721 0.00825906 0.00827947 0.00805838 0.00828961 0.00882315 
0.00994439 0.00919168 0.0178636 0.0120052 0.0107546 0.00797251 0.00768829 0.0248083 0.0467247 0 0.00517939 0.00700779 0.979084 0.010973 0.0108619 0.0105897 0.00929016 0.0106875 0.00978479 0.0106988 0.022925 0.0094095 0.0122135 0.00991513 0.00955425 0.00801054 0.00856239 0.0080899 0.00815489 0.0080547 0.0082056 0.00846912 
0.0106212 0.0105348 0.00969437 0.0146263 0.0136934 0.00743285 0.0195452 0.00787867 0.0108195 0.00517939 0 0.987792 0.0042106 0.0170485 0.0121155 0.00906534 0.0100288 0.00918685 0.0091474 0.0130969 0.0104089 0.00976733 0.00891553 0.00856964 0.00953982 0.00801967 0.0080128 0.00800473 0.007998 0.00802379 0.00807958 0.0082245 
0.00920442 0.0138921 0.0118922 0.0134138 0.0119337 0.00782591 0.00874375 0.00920644 0.0122064 0.00700779 0.987792 0 0.00388103 0.0186569 0.0271675 0.0107998 0.0115028 0.00935394 0.0106021 0.0150201 0.0172196 0.0120839 0.00939202 0.00890093 0.00859917 0.00835615 0.00819797 0.00836332 0.00819929 0.00834409 0.00819869 0.00919173 
0.0141075 0.00890371 0.0157024 0.0241747 0.0133406 0.00929251 0.0114888 0.0104601 0.0462898 0.979084 0.0042106 0.00388103 0 0.0207808 0.0127932 0.0143348 0.00943284 0.0137281 0.0119229 0.0165066 0.0313769 0.00968296 0.013652 0.0103575 0.0109509 0.00810609 0.00846852 0.00821192 0.0083783 0.00816205 0.00836808 0.00826195 
0.0119891 0.0112406 0.0168448 0.052326 0.0314125 0.0123761 0.0126834 0.0149618 0.0289835 0.010973 0.0170485 0.0186569 0.0207808 0 0.00400138 0.00361109 0.00362338 0.00371157 0.00400941 0.00421817 0.00968982 0.0205673 0.0135435 0.0101482 0.0114019 0.00895737 0.0090432 0.0104919 0.0100822 0.00999654 0.00920373 0.0137355 
0.0100479 0.0175746 0.0108762 0.0505654 0.0727027 0.0297131 0.0193245 0.0121628 0.0117776 0.0108619 0.0121155 0.0271675 0.0127932 0.00400138 0 0.00363484 0.0036202 0.00368575 0.0038852 0.00511488 0.00389798 0.0123819 0.00929041 0.00842156 0.00979947 0.0126203 0.0131165 0.0194415 0.0180795 0.0172553 0.0165151 0.010364 
0.0122748 0.0105667 0.0147804 0.0223489 0.0915321 0.0869502 0.0298985 0.0123058 0.011844 0.0105897 0.00906534 0.0107998 0.0143348 0.00361109 0.00363484 0 0.00360037 0.00362091 0.00363372 0.00363608 0.00404438 0.00958611 0.00946569 0.00874849 0.0101369 0.0141416 0.0321422 0.0319034 0.0480136 0.0585345 0.0197102 0.0122791 
0.0101827 0.0157995 0.0100283 0.0279316 0.0482729 0.104771 0.0312888 0.01705 0.00968271 0.00929016 0.0100288 0.0115028 0.00943284 0.00362338 0.0036202 0.00360037 0 0.0036261 0.00361927 0.00362947 0.00365999 0.011859 0.00882218 0.0083278 0.00966829 0.0162454 0.025861 0.0401387 0.0665912 0.041923 0.016383 0.0129488 
0.0115538 0.012299 0.0134788 0.0190643 0.0659118 0.0509296 0.05399 0.0183909 0.0122254 0.0106875 0.00918685 0.00935394 0.0137281 0.00371157 0.00368575 0.00362091 0.0036261 0 0.00356767 0.00361313 0.00363569 0.0108767 0.00973278 0.0086965 0.0101705 0.0131233 0.031735 0.0525289 0.0486748 0.0464908 0.019003 0.0115563 
0.00976636 0.0114845 0.0136941 0.0163889 0.0275041 0.144501 0.0213793 0.0170041 0.0107564 0.00978479 0.0091474 0.0106021 0.0119229 0.00400941 0.0038852 0.00363372 0.00361927 0.00356767 0 0.00357206 0.00360356 0.0107317 0.0090092 0.00842318 0.0093587 0.0116951 0.0305272 0.0294203 0.0406928 0.0456557 0.0165075 0.0130842 
0.00953006 0.0183198 0.0107071 0.0158898 0.0464363 0.0209937 0.0655286 0.0144669 0.0120904 0.0106988 0.0130969 0.0150201 0.0165066 0.00421817 0.00511488 0.00363608 0.00362947 0.00361313 0.00357206 0 0.00366915 0.0117702 0.00945324 0.00853113 0.00941764 0.0158007 0.0142122 0.0205601 0.0217189 0.0241572 0.0137178 0.0115286 
0.0138943 0.00920085 0.0133815 0.0274564 0.0148808 0.0142628 0.0153066 0.0502603 0.0229471 0.022925 0.0104089 0.0172196 0.0313769 0.00968982 0.00389798 0.00404438 0.00365999 0.00363569 0.00360356 0.00366915 0 0.027507 0.014187 0.0110967 0.0180811 0.0090101 0.0105738 0.0102515 0.0143328 0.0132107 0.0125443 0.013152 
0.00849012 0.00811924 0.00906126 0.0104007 0.0083807 0.0080805 0.00826302 0.00859434 0.0155589 0.0094095 0.00976733 0.0120839 0.00968296 0.0205673 0.0123819 0.00958611 0.011859 0.0108767 0.0107317 0.0117702 0.027507 0 0.108597 0.0326943 0.018051 0.0100245 0.00903071 0.00913567 0.00895482 0.00897495 0.00885383 0.0295222 
0.00872536 0.0080862 0.0124935 0.0109447 0.00818879 0.00817366 0.00814783 0.00899706 0.0194635 0.0122135 0.00891553 0.00939202 0.013652 0.0135435 0.00929041 0.00946569 0.00882218 0.00973278 0.0090092 0.00945324 0.014187 0.108597 0 0.778552 0.0206329 0.0124572 0.0111609 0.0111967 0.0119096 0.00961572 0.0130598 0.0289347 
0.00841669 0.00806477 0.0105618 0.0100297 0.00796871 0.00793893 0.00800825 0.00847894 0.0147544 0.00991513 0.00856964 0.00890093 0.0103575 0.0101482 0.00842156 0.00874849 0.0083278 0.0086965 0.00842318 0.00853113 0.0110967 0.0326943 0.778552 0 0.0584561 0.0045213 0.0040201 0.00416028 0.00476652 0.00525763 0.00632218 0.0179917 
0.00844333 0.00832183 0.0102066 0.00983672 0.00850955 0.00849743 0.00848111 0.00954835 0.0137558 0.00955425 0.00953982 0.00859917 0.0109509 0.0114019 0.00979947 0.0101369 0.00966829 0.0101705 0.0093587 0.00941764 0.0180811 0.018051 0.0206329 0.0584561 0 0.00367096 0.00463876 0.00362437 0.00365162 0.00368993 0.0043111 0.0166812 
0.00810747 0.00861928 0.00848728 0.00852841 0.0093702 0.0089195 0.00892193 0.00820599 0.00826603 0.00801054 0.00801967 0.00835615 0.00810609 0.00895737 0.0126203 0.0141416 0.0162454 0.0131233 0.0116951 0.0158007 0.0090101 0.0100245 0.0124572 0.0045213 0.00367096 0 0.00356597 0.00361442 0.00364536 0.00387328 0.0040577 0.00494136 
0.00830563 0.00865041 0.00851634 0.00876737 0.0102942 0.0110897 0.00922374 0.00823252 0.00888721 0.00856239 0.0080128 0.00819797 0.00846852 0.0090432 0.0131165 0.0321422 0.025861 0.031735 0.0305272 0.0142122 0.0105738 0.00903071 0.0111609 0.0040201 0.00463876 0.00356597 0 0.00358003 0.00362543 0.00415086 0.00358508 0.00404227 
0.00835813 0.00872323 0.00850899 0.00936595 0.0120482 0.0118356 0.00931352 0.00836507 0.00825906 0.0080899 0.00800473 0.00836332 0.00821192 0.0104919 0.0194415 0.0319034 0.0401387 0.0525289 0.0294203 0.0205601 0.0102515 0.00913567 0.0111967 0.00416028 0.00362437 0.00361442 0.00358003 0 0.00364142 0.00357532 0.00364909 0.0043435 
0.00833419 0.0089542 0.00856452 0.00950918 0.0134662 0.0140703 0.00954193 0.00843991 0.00827947 0.00815489 0.007998 0.00819929 0.0083783 0.0100822 0.0180795 0.0480136 0.0665912 0.0486748 0.0406928 0.0217189 0.0143328 0.00895482 0.0119096 0.00476652 0.00365162 0.00364536 0.00362543 0.00364142 0 0.00389225 0.00369345 0.00363145 
0.00841476 0.00869429 0.00827341 0.00908017 0.0120729 0.012884 0.00972297 0.00847676 0.00805838 0.0080547 0.00802379 0.00834409 0.00816205 0.00999654 0.0172553 0.0585345 0.041923 0.0464908 0.0456557 0.0241572 0.0132107 0.00897495 0.00961572 0.00525763 0.00368993 0.00387328 0.00415086 0.00357532 0.00389225 0 0.00354693 0.00355201 
0.00815467 0.00850255 0.00821313 0.00873135 0.00996382 0.00974941 0.0097883 0.00847351 0.00828961 0.0082056 0.00807958 0.00819869 0.00836808 0.00920373 0.0165151 0.0197102 0.016383 0.019003 0.0165075 0.0137178 0.0125443 0.00885383 0.0130598 0.00632218 0.0043111 0.0040577 0.00358508 0.00364909 0.00369345 0.00354693 0 0.00388719 
0.00847474 0.00821065 0.00857999 0.0103875 0.00937031 0.00950627 0.00887997 0.00842143 0.00882315 0.00846912 0.0082245 0.00919173 0.00826195 0.0137355 0.010364 0.0122791 0.0129488 0.0115563 0.0130842 0.0115286 0.013152 0.0295222 0.0289347 0.0179917 0.0166812 0.00494136 0.00404227 0.0043435 0.00363145 0.00355201 0.00388719 0 
