1J70B
HMPAPHGGILQDLIARDALKKNELLSEAQSSDILVWNLTPRQLCDIELILNGGFSPLTGFLNENDYSSVVTDSRLADGTLWTIPITLDVDEAFANQIKPDTRIALFQDDEIPIAILTVQDVYKPNKTIEAEKVFRGDPEHPAISYLFNVAGDYYVGGSLEAIQLPQHYDYPGLRKTPAQLRLEFQSRQWDRVVAFQTRNPMHRAHRELTVRAAREANAKVLIHPVVGLTKPGDIDHHTRVRVYQEIIKRYPNGIAFLSLLPLAMRMSGDREAVWHAIIRKNYGASHFIVGRDHAGPGKNSKGVDFYGPYDAQELVESYKHELDIEVVPFRMVTYLPDEDRYAPIDQIDTTKTRTLNISGTELRRRLRVGGEIPEWFSYPEVVKILRESNPPRPKQGFSIVLGNSLTVSREQLSIALLSTFLQFGGGRYYKIFEHNNKTELLSLIQDFIGSGSGLIIPNQWEDDKDSVVGKQNVYLLDTSSSADIQLESADEPISHIVQKVVLFLEDNGFFVF
CCCCCCCCCCCCHHHHCHHHHHHHHHHHCCCCCEEEECCHHHHHHHHHHHHCCCCCCCEECCHHHHHHHHHHCECCCCCECCCCCCCEECHHHHCCCCCCCEEEEEECCCEEEEEEEEEEEECCCHHHHHHHCCCCCCCCHHHHHHHHCCCCEEEEEEEEECCCCCCCCCCCCCCCHHHHHHHHHHCCCCCEEEEEECCCCCHHHHHHHHHHHHHHCCEEEEEEECCECCCCCCCHHHHHHHHHHHHHHCCCCCEEECCECCECCCCHHHHHHHHHHHHHHCCCCEEEECCCCCCCCECCCCCECCCCCHHHHHHHHHHHHHCCEEEECCCEEEEHHHCEEEECCCCCCCCCCCECCCHHHHHHHHHHCCCCCCCCCCHHHHHHHHHHCCCHHHCCEEEEECCCCCCCHHHHHHHHHHHHHHHCCCCCEEECCCCCCHHHHCCHHHHHHCCCEEEECCCCCHHHHHHHCCCCEEEEECCCCCCEECCCCCCCHHHHHHHHHHHHHHCCCCCC
0 0 0 0 0 0 0 0 0 0 0 0 0 0 0 0 0 0 0 0 0 0 0 0 0 0 0 0 0 0 0 0 0 0 0 0 0 0 0 0 0 0 0 0 0 0 0 0 0 0 0 0 0 0 0 0 0 0 0 0 0 0 0 0 0 0 0 0 0 0 0 0 0 0 0 0 0 0 0 0 0 0 0 0 0 0 0 0 0 0 0 0 0 0 0 0 0 0 0 0 0 0 0 0 0 0 0 0 0 0 0 0 0 0 0 0 0 0 0 0 0 0 0 0 0 0 0 0 0 0 0 0 0 0 0 0 0 0 0 0 0 0 0 0 0 0 0 0 0 0 0 0 0 0 0 0 0 0 0 0 0 0 0 0 0 0 0 0 0 0 0 0 0 0 0 0 0 0 0 0 0 0 0 0 0 0 0 0 0 0 0 0 0 0 0 0 0 0 0 0 0 0 0 0 0 0 0 0 0 0 0 0 0 0 0 0 0 0 0 0 0 0 0 0 0 0 0 0 0 0 0 0 0 0 0 0 0 0 0 0 0 0 0 0 0 0 0 0 0 0 0 0 0 0 0 0 0 0 0 0 0 0 0 0 0 0 0 0 0 0 0 0 0 0 0 0 0 0 0 0 0 0 0 0 0 0 0 0 0 0 0 0 0 0 0 0 0 0 0 0 0 0 0 0 0 0 0 0 0 0 0 0 0 0 0 0 0 0 0 0 0 0 0 0 0 0 0 0 0 0 0 0 0 0 0 0 0 0 0 0 0 0 0 0 0 0 0 0 0 0 0 0 0 0 0 0 0 0 0 0 0 0 0 0 0 0 0 0 0 0 0 0 0 0 0 0 0 0 0 0 0 0 0 0 0 0 0 0 0 0 0 0 0 0 0 0 0 0 0 0 0 0 0 0 0 0 0 0 0 0 0 0 0 0 0 0 0 0 0 0 0 0 0 0 0 0 0 0 0 0 0 0 0 0 0 0 0 0 0 0 0 0 0 0 0 0 0 0 0 0 0 0 0 0 0 0 0 0 0 0 0 0 0 0 0 0 0 0 0 0 0 0 0 0 0 0 0 0 0 0 0 0 0 0 0 0 0 0 0 0 0 0 0 0 0 0 0 0 0 0 0 0 0 0 0 0 0 0 0 0 0 0 
0 0 0 0 0 0 0 0 0 0 0 0 0 0 0 0 0 0 0 0 0 0 0 0 0 0 0 0 0 0 0 0 0 0 0 0 0 0 0 0 0 0 0 0 0 0 0 0 0 0 0 0 0 0 0 0 0 0 0 0 0 0 0 0 0 0 0 0 0 0 0 0 0 0 0 0 0 0 0 0 0 0 0 0 0 0 0 0 0 0 0 0 0 0 0 0 0 0 0 0 0 0 0 0 0 0 0 0 0 0 0 0 0 0 0 0 0 0 0 0 0 0 0 0 0 0 0 0 0 0 0 0 0 0 0 0 0 0 0 0 0 0 0 0 0 0 0 0 0 0 0 0 0 0 0 0 0 0 0 0 0 0 0 0 0 0 0 0 0 0 0 0 0 0 0 0 0 0 0 0 0 0 0 0 0 0 0 0 0 0 0 0 0 0 0 0 0 0 0 0 0 0 0 0 0 0 0 0 0 0 0 0 0 0 0 0 0 0 0 0 0 0 0 0 0 0 0 0 0 0 0 0 0 0 0 0 0 0 0 0 0 0 0 0 0 0 0 0 0 0 0 0 0 0 0 0 0 0 0 0 0 0 0 0 0 0 0 0 0 0 0 0 0 0 0 0 0 0 0 0 0 0 0 0 0 0 0 0 0 0 0 0 0 0 0 0 0 0 0 0 0 0 0 0 0 0 0 0 0 0 0 0 0 0 0 0 0 0 0 0 0 0 0 0 0 0 0 0 0 0 0 0 0 0 0 0 0 0 0 0 0 0 0 0 0 0 0 0 0 0 0 0 0 0 0 0 0 0 0 0 0 0 0 0 0 0 0 0 0 0 0 0 0 0 0 0 0 0 0 0 0 0 0 0 0 0 0 0 0 0 0 0 0 0 0 0 0 0 0 0 0 0 0 0 0 0 0 0 0 0 0 0 0 0 0 0 0 0 0 0 0 0 0 0 0 0 0 0 0 0 0 0 0 0 0 0 0 0 0 0 0 0 0 0 0 0 0 0 0 0 0 0 0 0 0 0 0 0 0 0 0 0 0 0 0 0 0 0 0 0 0 0 0 0 0 0 0 0 0 0 0 0 0 0 0 0 0 0 0 0 0 0 0 0 0 0 0 0 0 0 0 0 0 0 0 0 0 0 0 0 0 0 
0 0.00359624 0.00370016 0.0057729 0.0217885 0.0147756 0.0142496 0.0105928 0.0103032 0.0116307 0.00978274 0.0123632 0.00968595 0.00971057 0.00917894 0.0108744 0.00871374 0.00845241 0.0089282 0.00980062 0.00917959 0.0089384 0.00874125 0.00836054 0.00820426 0.00817112 0.00834752 0.00946248 0.00825466 0.00811192 0.00825605 0.00818135 0.00813433 0.00802552 0.00820022 0.00829987 0.00898389 0.00833069 0.00821068 0.00818484 0.00828618 0.00798457 0.00837066 0.00810986 0.00831531 0.00816659 0.00814257 0.0080798 0.00811167 0.00810525 0.00845479 0.00820187 0.00837257 0.0083597 0.00836812 0.00816758 0.00822201 0.00840677 0.0083037 0.00846242 0.008511 0.00854225 0.00893488 0.00845522 0.00832716 0.00859209 0.00835979 0.00835105 0.00838535 0.00853616 0.00837135 0.00837979 0.00829042 0.00873083 0.00917051 0.00913921 0.00887773 0.00896505 0.00912386 0.0101994 0.0109781 0.0096927 0.0117248 0.0130632 0.0116303 0.0121676 0.014577 0.0167054 0.0141513 0.0152219 0.0162842 0.0202123 0.0228758 0.0223516 
0.00359624 0 0.00361161 0.00363502 0.013832 0.0128412 0.00963141 0.00849755 0.0102834 0.00851571 0.0103406 0.00930715 0.0229089 0.0117189 0.00994891 0.00854492 0.00826612 0.00965024 0.0102419 0.0162616 0.0138914 0.00956505 0.010925 0.00837252 0.00847418 0.00844643 0.00840661 0.00835591 0.00807711 0.00869491 0.00853639 0.00849076 0.00826792 0.00842048 0.00821197 0.00875455 0.00822521 0.00806329 0.00833514 0.00906452 0.00839952 0.00831332 0.00798508 0.00804602 0.00833415 0.00860255 0.00835058 0.00834718 0.00822856 0.0080085 0.00796796 0.00817948 0.00838417 0.00811297 0.00803902 0.00799166 0.00820445 0.00852317 0.00834036 0.00823124 0.00808601 0.00834178 0.00858278 0.0084269 0.00833082 0.00832556 0.00824278 0.00843478 0.0083968 0.0084376 0.00819179 0.00840603 0.00838685 0.00838185 0.00847317 0.00885184 0.00921624 0.00903615 0.00912849 0.0090345 0.00975867 0.00967885 0.010151 0.011679 0.0115758 0.0123515 0.0125804 0.0143524 0.0144876 0.0151461 0.0156368 0.0161687 0.0190043 0.0180753 
0.00370016 0.00361161 0 0.00356598 0.0313605 0.0153389 0.00913473 0.00986801 0.00881247 0.0120136 0.00859743 0.0320264 0.0098566 0.0164682 0.010663 0.00864405 0.00963566 0.00890442 0.0156203 0.0125705 0.0138758 0.0163152 0.00873277 0.0116446 0.00823109 0.00847849 0.00844471 0.00927736 0.00848783 0.00845364 0.00967443 0.0084661 0.00932563 0.00813193 0.00920397 0.00829742 0.00841213 0.00851338 0.00857924 0.00847971 0.00865092 0.00823538 0.00818756 0.00792001 0.00893074 0.00844999 0.00857916 0.00829611 0.0081855 0.00808479 0.00797679 0.00824299 0.00834117 0.00811001 0.00807225 0.00803622 0.0082524 0.00841866 0.0084419 0.00818066 0.00800355 0.00818514 0.00829923 0.00845521 0.00837261 0.00825248 0.00840779 0.00836472 0.00841091 0.00833086 0.0081634 0.0083781 0.00839425 0.0083519 0.00909025 0.00930967 0.00934016 0.00925674 0.00928531 0.00928984 0.0111159 0.0107986 0.00990151 0.0138203 0.0132432 0.0125209 0.013299 0.017223 0.0178824 0.0172347 0.0165053 0.0195874 0.0226892 0.0177792 
0.0057729 0.00363502 0.00356598 0 0.0163921 0.0622526 0.0277474 0.0148055 0.0203644 0.00905812 0.0317752 0.0088642 0.0114453 0.010146 0.00967366 0.00893719 0.0114494 0.00991993 0.0093481 0.0116326 0.0116784 0.00902169 0.0123815 0.0083131 0.00896954 0.008594 0.00879083 0.00843466 0.0101817 0.00929008 0.00838138 0.00889199 0.00813698 0.00926981 0.0080436 0.00912732 0.00839052 0.00960992 0.00859911 0.00860043 0.00836736 0.00817407 0.00814321 0.00967387 0.0082563 0.00844958 0.00828333 0.00811295 0.00802853 0.00803274 0.0088862 0.00874489 0.00826184 0.0080488 0.00840032 0.00842963 0.0085023 0.0083232 0.0082559 0.00812791 0.00897639 0.00939755 0.0105363 0.00830818 0.00823012 0.00859054 0.00855692 0.0083214 0.00831222 0.00848123 0.00902204 0.00829691 0.00828203 0.00839067 0.00894671 0.0102652 0.0101065 0.00915099 0.00941529 0.0100489 0.0130667 0.0104261 0.0118068 0.0160815 0.0135514 0.0130017 0.014012 0.0204159 0.0164957 0.0159169 0.0163222 0.0172577 0.0227436 0.0227525 
0.0217885 0.013832 0.0313605 0.0163921 0 0.0134672 0.0249552 0.0408916 0.0151083 0.0665886 0.0123547 0.017964 0.0103569 0.0103118 0.0104686 0.0140708 0.011512 0.0105563 0.0104434 0.0106574 0.0106035 0.00994708 0.00915874 0.00893823 0.00835672 0.00838752 0.00865811 0.0119422 0.00912201 0.00913759 0.0086579 0.00840032 0.00855599 0.00813477 0.00835656 0.00849166 0.0100308 0.00883323 0.00881723 0.00830134 0.00856859 0.00807157 0.00884438 0.00812831 0.00829136 0.00819983 0.00823952 0.00807716 0.00817611 0.00817695 0.00839573 0.00824255 0.00828497 0.008281 0.00815878 0.00812849 0.00822888 0.00822589 0.00823483 0.00836633 0.00814322 0.00820459 0.00834711 0.00829155 0.00825922 0.00832494 0.00823316 0.00821928 0.0082788 0.00829387 0.00815793 0.00825267 0.00826775 0.00839355 0.00890085 0.00883982 0.00884278 0.00867452 0.00891821 0.0093064 0.00978385 0.00968659 0.00984255 0.0110255 0.0107828 0.0108601 0.0116391 0.0128666 0.0117529 0.0118378 0.0123421 0.0135447 0.0167756 0.0150339 
0.0147756 0.0128412 0.0153389 0.0622526 0.0134672 0 0.045895 0.0273501 0.0587967 0.0196888 0.0130785 0.0122841 0.00960671 0.0097544 0.0128171 0.0119324 0.0107091 0.00951119 0.00986379 0.0106116 0.00990115 0.00986981 0.00902886 0.00861929 0.00840984 0.00837326 0.00873974 0.00968859 0.00958167 0.00919957 0.0084803 0.0084801 0.0084849 0.00809785 0.00814198 0.00872314 0.00972943 0.00872494 0.00842325 0.00831498 0.00848697 0.00833658 0.00837185 0.00836202 0.00821591 0.00812288 0.00826145 0.00809127 0.00812506 0.00830062 0.0084242 0.00833345 0.00845748 0.00842212 0.00839621 0.00839499 0.00851344 0.00842174 0.00831126 0.00841419 0.00822164 0.00826784 0.00858479 0.00835528 0.00832961 0.00840027 0.00835573 0.00845981 0.00848207 0.00848045 0.00830539 0.00832975 0.00842064 0.0084049 0.00861269 0.0093018 0.00905112 0.00887405 0.00906199 0.00945935 0.00997143 0.0094292 0.0096872 0.0115814 0.0107354 0.0105291 0.0113515 0.0132263 0.0119514 0.011878 0.0120033 0.0130235 0.0148868 0.0149401 
0.0142496 0.00963141 0.00913473 0.0277474 0.0249552 0.045895 0 0.932959 0.0221579 0.0219504 0.0299301 0.00972038 0.0100767 0.00937943 0.011735 0.0137841 0.0134813 0.0105371 0.00920533 0.00996087 0.00999095 0.00893124 0.0111345 0.00860608 0.0092075 0.00834696 0.00973995 0.0133709 0.00960217 0.00849958 0.00823861 0.00838998 0.00807703 0.00839136 0.00796057 0.00935222 0.0108442 0.0100806 0.00825434 0.0082481 0.00807799 0.00818035 0.00933245 0.0103162 0.00796922 0.00831756 0.00805332 0.00793538 0.00797972 0.00839798 0.0125063 0.00881848 0.00829272 0.00864214 0.0102096 0.00979191 0.00826726 0.00799585 0.00793029 0.00865307 0.0107958 0.011075 0.0106904 0.00817048 0.00802039 0.00922539 0.00851823 0.0081909 0.00837379 0.00873552 0.00957017 0.00817056 0.00813286 0.00868282 0.0104389 0.00959936 0.00888054 0.00859269 0.00904619 0.0109481 0.0114941 0.00941315 0.0121193 0.0130539 0.010061 0.010519 0.0132504 0.0151115 0.0112438 0.0112428 0.0120803 0.0149821 0.0173649 0.018911 
0.0105928 0.00849755 0.00986801 0.0148055 0.0408916 0.0273501 0.932959 0 0.0206189 0.0302022 0.0161666 0.0127249 0.00961003 0.00999443 0.0139976 0.0163879 0.0139171 0.00938113 0.00981091 0.00979909 0.00983641 0.00940776 0.00935217 0.00879952 0.00840623 0.00833948 0.00893724 0.0138094 0.0110889 0.0085576 0.00843061 0.00833091 0.00833835 0.00805887 0.00822216 0.00864435 0.0118298 0.0102302 0.00807596 0.00818218 0.00816462 0.00812231 0.00923498 0.00885834 0.00806164 0.00803235 0.00817472 0.00799146 0.00802259 0.00840398 0.00982482 0.00865967 0.00809635 0.00891896 0.00913944 0.00924555 0.00836442 0.00803049 0.00802333 0.00889265 0.00878512 0.00845361 0.00868822 0.00814035 0.00812803 0.00850594 0.00843104 0.00817241 0.00828049 0.00859603 0.00839639 0.0081969 0.00819749 0.00872684 0.0092195 0.00931924 0.00869342 0.00843451 0.00884698 0.0103586 0.0101383 0.00909102 0.0109513 0.0116351 0.0100956 0.0102643 0.012339 0.0128191 0.0109416 0.0106857 0.0113648 0.0140477 0.0149899 0.0150068 
0.0103032 0.0102834 0.00881247 0.0203644 0.0151083 0.0587967 0.0221579 0.0206189 0 0.00477359 0.0251349 0.0137008 0.0159897 0.0109032 0.0202077 0.016036 0.0109147 0.0133829 0.00996068 0.0125883 0.0118153 0.00990365 0.01184 0.00857729 0.00927876 0.00917079 0.00969533 0.0126023 0.00954762 0.0101698 0.00875474 0.00897858 0.00849223 0.00885771 0.00840262 0.0101376 0.0105896 0.00944944 0.00930153 0.00886256 0.00865842 0.00852378 0.00876199 0.00915765 0.00834933 0.00887862 0.00846757 0.00824615 0.00828145 0.00842178 0.00884012 0.00845645 0.00838026 0.0083651 0.00832835 0.00827953 0.00808388 0.00835935 0.00819322 0.00827581 0.00843481 0.00855986 0.00902042 0.00825146 0.00812671 0.00839703 0.00821678 0.00827338 0.00829809 0.00817356 0.00820489 0.00826131 0.0082214 0.00829158 0.00853452 0.00866595 0.0087537 0.00858497 0.00882899 0.00923915 0.00935084 0.00920246 0.00995558 0.0108058 0.00978677 0.0102297 0.0113703 0.0121804 0.0106076 0.0106401 0.0113618 0.0118973 0.0129485 0.0153426 
0.0116307 0.00851571 0.0120136 0.00905812 0.0665886 0.0196888 0.0219504 0.0302022 0.00477359 0 0.0166908 0.0365917 0.0083371 0.0125334 0.0159846 0.0132933 0.0174625 0.00944554 0.0110553 0.00991362 0.0102763 0.0110871 0.00874634 0.0158917 0.00867568 0.00840027 0.00911323 0.0129873 0.0155189 0.00922626 0.00896428 0.00844203 0.00942957 0.00820744 0.0092057 0.00862805 0.0104911 0.0118927 0.00891005 0.00839294 0.00871813 0.00865297 0.0090198 0.00864778 0.00874118 0.00816808 0.0084573 0.00812132 0.00825067 0.00829797 0.00913967 0.00865716 0.00840087 0.00857962 0.00877129 0.00873529 0.00839402 0.00816777 0.00815947 0.00826788 0.0082304 0.00826043 0.00831331 0.00818368 0.00806322 0.00816945 0.00842888 0.00816325 0.00820751 0.00829367 0.00823308 0.00824594 0.00816654 0.00830211 0.00897205 0.00914932 0.0086751 0.00844352 0.00862038 0.00892686 0.00984136 0.0092221 0.00891384 0.0108592 0.00984768 0.00946876 0.0102252 0.0121277 0.0103642 0.00986131 0.0100093 0.0121731 0.0143591 0.0122225 
0.00978274 0.0103406 0.00859743 0.0317752 0.0123547 0.0130785 0.0299301 0.0161666 0.0251349 0.0166908 0 0.00437794 0.00358869 0.00358357 0.00370704 0.00470875 0.00626349 0.00699633 0.0066491 0.00847832 0.0169777 0.0584119 0.731101 0.00841861 0.00869352 0.00823919 0.00985645 0.0185887 0.0165929 0.0128253 0.00930295 0.0104198 0.00859373 0.0118318 0.00858002 0.0145559 0.0141459 0.0113597 0.00955434 0.00946121 0.00877909 0.00880477 0.0114079 0.0109512 0.00829649 0.00937789 0.00848266 0.00872479 0.00824629 0.00884858 0.00935432 0.00887751 0.0084293 0.00871034 0.00845922 0.00840854 0.0082426 0.0081947 0.00835775 0.00858788 0.00878963 0.00898247 0.00920693 0.00822664 0.00815801 0.00846618 0.00829932 0.00815158 0.00824073 0.00827863 0.00830602 0.00816353 0.00815121 0.0083697 0.00859352 0.00857797 0.00858469 0.00847991 0.00865244 0.00930071 0.00943628 0.00866847 0.00990407 0.0100388 0.00908959 0.00944659 0.0105377 0.0108123 0.00962834 0.00969025 0.0100653 0.0110505 0.0111645 0.0128037 
0.0123632 0.00930715 0.0320264 0.0088642 0.017964 0.0122841 0.00972038 0.0127249 0.0137008 0.0365917 0.00437794 0 0.00360467 0.00365857 0.0039878 0.00366248 0.00569298 0.00734984 0.0084776 0.0161658 0.118825 0.692293 0.00828643 0.0174016 0.00749922 0.00980875 0.0162043 0.0119108 0.0314064 0.0183747 0.0275762 0.0110394 0.0334105 0.00889806 0.0354968 0.0102333 0.012995 0.0131326 0.0199968 0.0147247 0.0183019 0.0103377 0.00994309 0.00845145 0.017242 0.0101617 0.0125918 0.00903179 0.0102129 0.00871928 0.00808306 0.00837344 0.00890296 0.00911067 0.00812987 0.00804359 0.00832844 0.00884267 0.00872561 0.00825704 0.00793656 0.00796219 0.00832713 0.00855864 0.00832911 0.00813746 0.00831224 0.00849406 0.00834261 0.00816992 0.00807984 0.0083926 0.00827026 0.00826454 0.00853401 0.00859455 0.00896894 0.00886836 0.00884111 0.00873334 0.00892214 0.00962729 0.00873653 0.00961753 0.0104743 0.0101186 0.00966588 0.0101487 0.0109046 0.0104653 0.0104701 0.0105461 0.0118968 0.010925 
0.00968595 0.0229089 0.0098566 0.0114453 0.0103569 0.00960671 0.0100767 0.00961003 0.0159897 0.0083371 0.00358869 0.00360467 0 0.00356493 0.00356792 0.00358714 0.00439865 0.00794219 0.0152829 0.221049 0.706683 0.0101743 0.0147894 0.00749404 0.0114393 0.0139526 0.00921676 0.00864268 0.0142188 0.0380658 0.0271301 0.0466684 0.0122831 0.0439025 0.0136539 0.032912 0.0101341 0.00989009 0.023484 0.0521275 0.023898 0.0130612 0.00889202 0.00949531 0.0114055 0.028054 0.0146835 0.014901 0.0100074 0.00866338 0.00801084 0.00879682 0.00930582 0.00873056 0.00808382 0.008158 0.00836674 0.00924711 0.00931542 0.00830045 0.00789693 0.00795481 0.00853992 0.00844945 0.00837595 0.00817529 0.00823683 0.0084117 0.00838437 0.00815332 0.00806651 0.00831559 0.00829994 0.0082426 0.00815244 0.00858418 0.00894183 0.00897838 0.00887308 0.0085949 0.00861176 0.00890287 0.00865006 0.00963673 0.00991176 0.00986457 0.00922975 0.0101184 0.0101954 0.0100719 0.0100609 0.00948066 0.00990799 0.0102275 
0.00971057 0.0117189 0.0164682 0.010146 0.0103118 0.0097544 0.00937943 0.00999443 0.0109032 0.0125334 0.00358357 0.00365857 0.00356493 0 0.00355435 0.00357071 0.00404455 0.00989179 0.317303 0.676342 0.0158164 0.0164321 0.00795099 0.0120693 0.00942915 0.0105462 0.00901862 0.00953862 0.0140869 0.021636 0.0810816 0.023167 0.0350459 0.0136848 0.0392129 0.0190978 0.0133571 0.00994473 0.0224122 0.049001 0.0404723 0.0140185 0.00926875 0.00858419 0.0151549 0.021025 0.029814 0.0130134 0.0112215 0.00861882 0.00799164 0.00894305 0.00964894 0.00920289 0.00806906 0.00812263 0.00856695 0.0101464 0.00964811 0.00847607 0.00791041 0.00794418 0.00831324 0.00866213 0.0084546 0.00813587 0.00829637 0.00862444 0.0085652 0.00817977 0.00805812 0.00843929 0.00836134 0.00824251 0.00816853 0.00886615 0.00941017 0.00952634 0.00935703 0.00868196 0.0086996 0.009213 0.00862953 0.00977927 0.0106556 0.0107921 0.00939429 0.0100789 0.0109826 0.0107019 0.0103835 0.00969632 0.0102744 0.00973953 
0.00917894 0.00994891 0.010663 0.00967366 0.0104686 0.0128171 0.011735 0.0139976 0.0202077 0.0159846 0.00370704 0.0039878 0.00356792 0.00355435 0 0.00363826 0.00695252 0.943673 0.0815471 0.0125745 0.0146526 0.00745038 0.0104573 0.00869916 0.00843498 0.00751096 0.00899087 0.00890618 0.0109903 0.0232837 0.0151848 0.0154291 0.0105982 0.0137953 0.0100216 0.0229781 0.011931 0.0101823 0.0125671 0.017221 0.012299 0.012821 0.00888074 0.00908921 0.00949582 0.0110736 0.011183 0.00917062 0.00924598 0.00859319 0.0081582 0.00845962 0.00889731 0.00851948 0.00801435 0.0082095 0.008181 0.00864177 0.00876893 0.00815686 0.00794118 0.00794696 0.00822668 0.00824315 0.00821822 0.0079959 0.00811396 0.00825671 0.00832846 0.0081345 0.00813302 0.00821842 0.00818217 0.00812835 0.0081247 0.0084767 0.00877009 0.00868832 0.00873933 0.00839006 0.00864437 0.00899079 0.00849861 0.0097263 0.00969116 0.00945218 0.00922747 0.0100757 0.0101691 0.00985952 0.00964226 0.00942455 0.0101499 0.010075 
0.0108744 0.00854492 0.00864405 0.00893719 0.0140708 0.0119324 0.0137841 0.0163879 0.016036 0.0132933 0.00470875 0.00366248 0.00358714 0.00357071 0.00363826 0 0.987456 0.0273727 0.00445902 0.00530159 0.00529124 0.00853024 0.00833954 0.0137414 0.00595973 0.00628704 0.00640635 0.00899529 0.0170142 0.00988872 0.00948747 0.00910776 0.0100216 0.00869821 0.00933942 0.00940211 0.0139189 0.0132096 0.00914647 0.00877029 0.00914836 0.00899409 0.00924117 0.0096721 0.00876903 0.00854067 0.00865958 0.00825606 0.00847751 0.00866321 0.00884432 0.00891319 0.00818898 0.00851541 0.00836627 0.00847911 0.00843717 0.00821989 0.00810957 0.00832907 0.00829441 0.00819587 0.00829698 0.00806132 0.00801361 0.00795394 0.00824687 0.00807715 0.0080758 0.00809163 0.00813337 0.00812355 0.00805493 0.00813852 0.00840855 0.0090553 0.00856925 0.00838432 0.0084788 0.00850087 0.0095229 0.00872814 0.00856282 0.0106646 0.00950365 0.00899929 0.00926219 0.0112457 0.00990266 0.00937489 0.00927636 0.0099076 0.0117428 0.0102692 
0.00871374 0.00826612 0.00963566 0.0114494 0.011512 0.0107091 0.0134813 0.0139171 0.0109147 0.0174625 0.00626349 0.00569298 0.00439865 0.00404455 0.00695252 0.987456 0 0.00377026 0.00356343 0.00362785 0.0036207 0.00375925 0.00376708 0.00402436 0.00433781 0.00476818 0.00542254 0.0153592 0.0288623 0.00988475 0.00970313 0.00909098 0.00974242 0.00860219 0.00996722 0.0093694 0.0167756 0.0122849 0.00928537 0.00875585 0.00877491 0.00858379 0.0125237 0.00893037 0.00883639 0.00843751 0.00873154 0.00828288 0.00830579 0.00898895 0.00892509 0.00837391 0.00837485 0.00904858 0.00830813 0.00813389 0.00834772 0.00812265 0.00838298 0.00848921 0.00822953 0.00817118 0.00815793 0.00823566 0.00807968 0.00809176 0.00828754 0.00816294 0.00813325 0.00814887 0.00806346 0.0082295 0.00811834 0.00827997 0.00859266 0.00832539 0.00841713 0.00836948 0.00841903 0.00889137 0.00879446 0.00868171 0.00899811 0.00923309 0.00882481 0.0089307 0.00962139 0.00958823 0.00899772 0.00903597 0.00917667 0.010467 0.0110334 0.0103901 
0.00845241 0.00965024 0.00890442 0.00991993 0.0105563 0.00951119 0.0105371 0.00938113 0.0133829 0.00944554 0.00699633 0.00734984 0.00794219 0.00989179 0.943673 0.0273727 0.00377026 0 0.00355019 0.00356802 0.00357541 0.00362238 0.0036363 0.00379804 0.00388026 0.0045362 0.00902243 0.00644667 0.0160563 0.031843 0.0120691 0.0140251 0.010307 0.0136921 0.00947246 0.0211768 0.0102387 0.0100834 0.0149417 0.0164477 0.0106839 0.0117527 0.0089065 0.00866347 0.00948336 0.0105944 0.0100265 0.00917054 0.00908546 0.00833431 0.00813643 0.00827088 0.0087677 0.00844734 0.00795165 0.00803434 0.00815402 0.0087148 0.00860382 0.00815571 0.00789671 0.00787335 0.00809754 0.00833373 0.00820285 0.00812994 0.008158 0.00827085 0.00827683 0.0081574 0.00796466 0.00821362 0.00818847 0.00818522 0.00809522 0.00834339 0.00863861 0.00862933 0.00868616 0.00858343 0.00853367 0.00881671 0.00859142 0.00888507 0.00928143 0.00915488 0.00902997 0.00906092 0.00965004 0.00944032 0.0092968 0.00918766 0.00949277 0.00971725 
0.0089282 0.0102419 0.0156203 0.0093481 0.0104434 0.00986379 0.00920533 0.00981091 0.00996068 0.0110553 0.0066491 0.0084776 0.0152829 0.317303 0.0815471 0.00445902 0.00356343 0.00355019 0 0.0035689 0.00359701 0.0036006 0.00362622 0.00384453 0.00367128 0.00445498 0.00434694 0.00631606 0.032525 0.024457 0.0564609 0.0196129 0.0322115 0.0130488 0.0418601 0.0153042 0.0161281 0.0120739 0.0244498 0.041498 0.0390071 0.0120883 0.0100836 0.00884812 0.0160725 0.0224224 0.0272887 0.0147063 0.0115292 0.00939357 0.00813704 0.00884158 0.00987015 0.00936885 0.00817365 0.00822065 0.0085819 0.00953652 0.0101003 0.00856934 0.00787861 0.00796336 0.00833394 0.00858632 0.00839171 0.00819911 0.00827377 0.00851011 0.00850392 0.00814497 0.00818198 0.00843349 0.00833261 0.00824783 0.00815208 0.00877629 0.00901838 0.0090658 0.00895629 0.00865795 0.00862025 0.00888574 0.00854724 0.00950018 0.0100308 0.00994767 0.00933909 0.00967605 0.0103301 0.0101218 0.010066 0.00959695 0.00994207 0.00942263 
0.00980062 0.0162616 0.0125705 0.0116326 0.0106574 0.0106116 0.00996087 0.00979909 0.0125883 0.00991362 0.00847832 0.0161658 0.221049 0.676342 0.0125745 0.00530159 0.00362785 0.00356802 0.0035689 0 0.00357611 0.00359593 0.00361857 0.00366088 0.00396788 0.0038342 0.00461209 0.00636946 0.0374216 0.0663265 0.0604958 0.0515417 0.02735 0.0400922 0.0251194 0.0418108 0.0169471 0.0139189 0.0469116 0.0785272 0.0493235 0.0207998 0.01016 0.0100828 0.0212417 0.0489835 0.0375701 0.0229912 0.0134112 0.00930366 0.0080575 0.00939242 0.01068 0.00997848 0.00816543 0.00828924 0.00876722 0.0109677 0.0114716 0.0086923 0.00791767 0.00792814 0.00840191 0.00867022 0.00855827 0.00818207 0.00835269 0.00871878 0.00862238 0.00822886 0.00802932 0.0084535 0.00838496 0.00825782 0.00813302 0.00876073 0.00929683 0.00939985 0.00920027 0.00879489 0.00863529 0.00913784 0.00862282 0.00947635 0.0103035 0.0103395 0.00925924 0.00980282 0.0104757 0.0104701 0.0102571 0.00943341 0.00989152 0.00964491 
0.00917959 0.0138914 0.0138758 0.0116784 0.0106035 0.00990115 0.00999095 0.00983641 0.0118153 0.0102763 0.0169777 0.118825 0.706683 0.0158164 0.0146526 0.00529124 0.0036207 0.00357541 0.00359701 0.00357611 0 0.00356936 0.00361971 0.00361967 0.0036131 0.00389315 0.00374909 0.0142574 0.032304 0.0495589 0.0774801 0.0442997 0.0320832 0.030234 0.0321561 0.0371018 0.0135201 0.0115661 0.0371716 0.0915363 0.0460149 0.0217913 0.0100161 0.00951864 0.0197647 0.0428031 0.0394869 0.02314 0.0132279 0.00923313 0.00812618 0.00935351 0.0104622 0.00974285 0.00811619 0.00824282 0.00913772 0.0106614 0.0110444 0.00885134 0.00789181 0.00794876 0.00847196 0.0086488 0.00854633 0.00823193 0.00843149 0.00875959 0.00862087 0.00829402 0.00821065 0.00851998 0.00839713 0.00827307 0.00811462 0.00900892 0.00945661 0.00958017 0.00928949 0.00873819 0.00873781 0.00919357 0.00871202 0.00984319 0.0106415 0.0103541 0.00936314 0.0101443 0.0108721 0.0106545 0.0102217 0.00957166 0.00992129 0.00971254 
0.0089384 0.00956505 0.0163152 0.00902169 0.00994708 0.00986981 0.00893124 0.00940776 0.00990365 0.0110871 0.0584119 0.692293 0.0101743 0.0164321 0.00745038 0.00853024 0.00375925 0.00362238 0.0036006 0.00359593 0.00356936 0 0.00354758 0.0035713 0.00357251 0.00361757 0.00368921 0.00385001 0.0236642 0.027021 0.0655726 0.0261236 0.0401303 0.0153251 0.0762878 0.0153523 0.0147525 0.0116022 0.0282925 0.0414698 0.0585605 0.01365 0.0104292 0.00875521 0.0203603 0.0232616 0.0387756 0.0135572 0.012662 0.00884787 0.00812902 0.00886089 0.0100107 0.00936529 0.0081735 0.0082286 0.00849847 0.00992044 0.0102838 0.00852337 0.0079366 0.00794042 0.00827918 0.00854373 0.00840072 0.00811815 0.00827119 0.00853151 0.0084997 0.00814638 0.00802894 0.00837778 0.0082995 0.00820931 0.00819086 0.00876665 0.00908226 0.00909061 0.00902448 0.00859325 0.0086354 0.00903994 0.00857517 0.00954722 0.01004 0.0102472 0.00933946 0.00973551 0.0103 0.010155 0.0101094 0.00956886 0.010097 0.00942107 
0.00874125 0.010925 0.00873277 0.0123815 0.00915874 0.00902886 0.0111345 0.00935217 0.01184 0.00874634 0.731101 0.00828643 0.0147894 0.00795099 0.0104573 0.00833954 0.00376708 0.0036363 0.00362622 0.00361857 0.00361971 0.00354758 0 0.00356589 0.00354801 0.00357168 0.00361626 0.00388937 0.0199404 0.0330799 0.0235696 0.0371616 0.0114144 0.0740144 0.010433 0.0322986 0.0101581 0.0101236 0.0182182 0.0469749 0.0178281 0.0180988 0.00931492 0.00989022 0.0108478 0.0281644 0.0141208 0.0156118 0.00943103 0.00855586 0.00818751 0.00874408 0.00960877 0.00858056 0.0080064 0.00813778 0.00831902 0.00904606 0.00906477 0.00827516 0.00791318 0.00796492 0.00855526 0.00835543 0.00826457 0.0081532 0.0081575 0.00838601 0.00833711 0.00820838 0.00811827 0.00831745 0.00822095 0.00818653 0.00812529 0.00847615 0.00878509 0.00886751 0.00876313 0.00845838 0.00850179 0.00872297 0.00860333 0.00928245 0.00953569 0.00937897 0.00898424 0.00975166 0.00993243 0.00992456 0.00942406 0.00927449 0.00935768 0.0101769 
0.00836054 0.00837252 0.0116446 0.0083131 0.00893823 0.00861929 0.00860608 0.00879952 0.00857729 0.0158917 0.00841861 0.0174016 0.00749404 0.0120693 0.00869916 0.0137414 0.00402436 0.00379804 0.00384453 0.00366088 0.00361967 0.0035713 0.00356589 0 0.00357478 0.00353366 0.00371698 0.00361855 0.0180376 0.0126387 0.0298278 0.0113897 0.0434816 0.00879379 0.0293078 0.00914963 0.0105832 0.00951041 0.0123319 0.0135049 0.0221886 0.0091684 0.00956431 0.0081365 0.0124248 0.00969872 0.0130322 0.00926674 0.00899631 0.00841526 0.0080593 0.00819366 0.00857061 0.00848219 0.0079108 0.00800871 0.00818622 0.00865113 0.00873315 0.0082502 0.0078524 0.00790997 0.00811289 0.0084718 0.00821024 0.00804427 0.00813296 0.00832306 0.00832201 0.00808278 0.00796356 0.00828979 0.00820239 0.00819378 0.00825904 0.0084616 0.0087261 0.00869446 0.00855027 0.00837699 0.00849748 0.00863765 0.00838526 0.00900032 0.00923908 0.00902774 0.0087863 0.00926904 0.00939955 0.00927757 0.00904194 0.00943466 0.00995601 0.00894314 
0.00820426 0.00847418 0.00823109 0.00896954 0.00835672 0.00840984 0.0092075 0.00840623 0.00927876 0.00867568 0.00869352 0.00749922 0.0114393 0.00942915 0.00843498 0.00595973 0.00433781 0.00388026 0.00367128 0.00396788 0.0036131 0.00357251 0.00354801 0.00357478 0 0.00357906 0.00355826 0.00354783 0.0123156 0.0150367 0.0128259 0.0232362 0.0100774 0.0137043 0.00928518 0.0110236 0.00897708 0.00884322 0.0105647 0.0161847 0.011297 0.00899956 0.0084115 0.00833772 0.00873483 0.0111729 0.0101246 0.00944159 0.00836479 0.00816944 0.0080324 0.00819512 0.00832975 0.00820378 0.00792637 0.0079552 0.00807896 0.00851928 0.00844712 0.00802007 0.00783231 0.00785796 0.00813256 0.00820136 0.00805367 0.00797085 0.00800943 0.00821124 0.00815415 0.00798118 0.00803728 0.00815283 0.00806539 0.00801144 0.00804017 0.0082834 0.00843121 0.00846986 0.00843326 0.00827859 0.00837347 0.00838287 0.00833298 0.00875161 0.00876777 0.00874344 0.00857655 0.00894659 0.00891576 0.00882393 0.00880067 0.0088976 0.00906064 0.00918884 
0.00817112 0.00844643 0.00847849 0.008594 0.00838752 0.00837326 0.00834696 0.00833948 0.00917079 0.00840027 0.00823919 0.00980875 0.0139526 0.0105462 0.00751096 0.00628704 0.00476818 0.0045362 0.00445498 0.0038342 0.00389315 0.00361757 0.00357168 0.00353366 0.00357906 0 0.00353237 0.003545 0.0123691 0.0144287 0.0231326 0.0127172 0.0115959 0.0109626 0.0115847 0.0102619 0.0091992 0.00866739 0.00997995 0.0146523 0.0111634 0.00883731 0.00830689 0.00811228 0.00891899 0.0107284 0.0100044 0.00893449 0.00857978 0.00813315 0.00790805 0.00815599 0.00846552 0.008133 0.00794547 0.00798726 0.00807274 0.00847124 0.00851635 0.00801017 0.00791374 0.00791313 0.00812467 0.00818313 0.00807972 0.00797589 0.00804725 0.00819349 0.00817258 0.0079958 0.00796907 0.00814706 0.00809942 0.00801061 0.00804388 0.00833487 0.00853744 0.00860436 0.00850772 0.00838484 0.00841193 0.00848977 0.00841643 0.00849485 0.00885164 0.00880603 0.00858156 0.00872941 0.00890867 0.0089091 0.00882195 0.00887041 0.00887707 0.00899363 
0.00834752 0.00840661 0.00844471 0.00879083 0.00865811 0.00873974 0.00973995 0.00893724 0.00969533 0.00911323 0.00985645 0.0162043 0.00921676 0.00901862 0.00899087 0.00640635 0.00542254 0.00902243 0.00434694 0.00461209 0.00374909 0.00368921 0.00361626 0.00371698 0.00355826 0.00353237 0 0.00356894 0.0106515 0.0224337 0.0142674 0.0136064 0.0115636 0.0102609 0.00962451 0.0172115 0.00923428 0.00971007 0.0126438 0.0115522 0.00981079 0.00898581 0.00831243 0.0086938 0.00905573 0.00886175 0.00885145 0.00834362 0.00870275 0.00821897 0.00808061 0.00818356 0.00833274 0.00819248 0.00789029 0.00792651 0.00802175 0.00831464 0.00826307 0.00805982 0.00788308 0.00789487 0.00815975 0.00806693 0.00795375 0.00802935 0.00799432 0.00810868 0.0080914 0.00795733 0.00794797 0.00811252 0.00804461 0.00797951 0.00797447 0.00822419 0.00832727 0.0083559 0.00832302 0.00824613 0.00835341 0.00843709 0.00827402 0.00866178 0.0087376 0.00856814 0.00848033 0.0090401 0.00887669 0.00873939 0.00869235 0.00873203 0.00913886 0.00930783 
0.00946248 0.00835591 0.00927736 0.00843466 0.0119422 0.00968859 0.0133709 0.0138094 0.0126023 0.0129873 0.0185887 0.0119108 0.00864268 0.00953862 0.00890618 0.00899529 0.0153592 0.00644667 0.00631606 0.00636946 0.0142574 0.00385001 0.00388937 0.00361855 0.00354783 0.003545 0.00356894 0 0.022129 0.0113788 0.014043 0.0124546 0.0128543 0.00950064 0.0117263 0.0138823 0.0298524 0.0175001 0.00919893 0.00901742 0.00909757 0.00910172 0.0096781 0.00946941 0.00898105 0.00860107 0.00894247 0.00834056 0.00833745 0.00876962 0.00939633 0.0090995 0.00820969 0.00869576 0.00850843 0.00869835 0.00844013 0.00815626 0.00811728 0.00845364 0.00827044 0.00829803 0.00826821 0.00813266 0.0079964 0.00803723 0.00828499 0.00802356 0.00810213 0.00810595 0.00817529 0.00808385 0.00803117 0.00817979 0.00870152 0.00881188 0.008406 0.00833639 0.00830106 0.00852793 0.00935124 0.00844998 0.00850111 0.0102912 0.00893519 0.00867975 0.00919222 0.0111233 0.00932348 0.00897269 0.008939 0.0100106 0.0119145 0.00962818 
0.00825466 0.00807711 0.00848783 0.0101817 0.00912201 0.00958167 0.00960217 0.0110889 0.00954762 0.0155189 0.0165929 0.0314064 0.0142188 0.0140869 0.0109903 0.0170142 0.0288623 0.0160563 0.032525 0.0374216 0.032304 0.0236642 0.0199404 0.0180376 0.0123156 0.0123691 0.0106515 0.022129 0 0.00411552 0.00361291 0.00364612 0.00371767 0.00406738 0.00622633 0.00487303 0.0150419 0.141649 0.0178973 0.0117622 0.0116756 0.0104426 0.0263835 0.0120815 0.0157174 0.0103333 0.0111455 0.00934057 0.0103896 0.0106336 0.0105336 0.00977789 0.00887327 0.0115076 0.00936557 0.00873483 0.00878903 0.00848277 0.00870035 0.00961076 0.00850822 0.00837207 0.0081815 0.00825267 0.00812906 0.00842403 0.00852858 0.00811816 0.00831281 0.00831355 0.00827912 0.00815692 0.00809489 0.00853045 0.00855831 0.00826468 0.00825539 0.00830555 0.0083555 0.00888162 0.00857065 0.00840082 0.00883903 0.00888392 0.00859306 0.00867525 0.00933039 0.00898645 0.00872178 0.00880876 0.0088357 0.00981008 0.00973406 0.0092004 
0.00811192 0.00869491 0.00845364 0.00929008 0.00913759 0.00919957 0.00849958 0.0085576 0.0101698 0.00922626 0.0128253 0.0183747 0.0380658 0.021636 0.0232837 0.00988872 0.00988475 0.031843 0.024457 0.0663265 0.0495589 0.027021 0.0330799 0.0126387 0.0150367 0.0144287 0.0224337 0.0113788 0.00411552 0 0.00358341 0.00354414 0.00368861 0.0037384 0.00391781 0.00565728 0.00787827 0.0366976 0.0943958 0.0329708 0.0205584 0.0279401 0.0117329 0.0102619 0.0179402 0.032047 0.0166583 0.0207847 0.0117272 0.0104958 0.00859068 0.00898032 0.0109427 0.00982927 0.00816077 0.00829049 0.00840952 0.010336 0.00969734 0.0089575 0.00792841 0.00797488 0.00817611 0.00842565 0.00833133 0.00829953 0.00810794 0.00849195 0.00859049 0.00829738 0.00791993 0.00826877 0.0082637 0.0082132 0.00797013 0.00830562 0.00857907 0.00865971 0.00867813 0.00870866 0.00841157 0.00877182 0.00855856 0.00856693 0.00913032 0.00912227 0.00920128 0.0086498 0.00933427 0.0093175 0.00922273 0.00903483 0.00895648 0.00913146 
0.00825605 0.00853639 0.00967443 0.00838138 0.0086579 0.0084803 0.00823861 0.00843061 0.00875474 0.00896428 0.00930295 0.0275762 0.0271301 0.0810816 0.0151848 0.00948747 0.00970313 0.0120691 0.0564609 0.0604958 0.0774801 0.0655726 0.0235696 0.0298278 0.0128259 0.0231326 0.0142674 0.014043 0.00361291 0.00358341 0 0.00354036 0.00357122 0.00357408 0.00392174 0.00377687 0.00379675 0.0285777 0.035971 0.0741016 0.0686645 0.0173209 0.0111496 0.00964011 0.0273409 0.0325849 0.0639181 0.0210286 0.0232099 0.00955214 0.00820224 0.00901158 0.010991 0.0108116 0.00821413 0.00824375 0.00858879 0.0108418 0.0125824 0.00878581 0.00789496 0.0079288 0.00822069 0.00876773 0.00843416 0.00810963 0.00812436 0.00860089 0.00892915 0.00807053 0.00799196 0.00835842 0.00828409 0.00817003 0.00791041 0.00828219 0.0086397 0.00889458 0.00870034 0.00842932 0.00834916 0.00852208 0.00833751 0.00872596 0.00925978 0.00909758 0.00868413 0.00877371 0.00941847 0.00949305 0.00908933 0.0086916 0.00870233 0.00864491 
0.00818135 0.00849076 0.0084661 0.00889199 0.00840032 0.0084801 0.00838998 0.00833091 0.00897858 0.00844203 0.0104198 0.0110394 0.0466684 0.023167 0.0154291 0.00910776 0.00909098 0.0140251 0.0196129 0.0515417 0.0442997 0.0261236 0.0371616 0.0113897 0.0232362 0.0127172 0.0136064 0.0124546 0.00364612 0.00354414 0.00354036 0 0.00349623 0.00356345 0.00357129 0.00358368 0.00372003 0.0179556 0.0300654 0.0634443 0.0298744 0.0176624 0.0105772 0.0104913 0.0121449 0.0396728 0.0182911 0.0262612 0.0107661 0.00996181 0.00818379 0.00878781 0.00961698 0.00974118 0.00815058 0.00818613 0.00833223 0.00976628 0.00979573 0.00832824 0.00786897 0.00787986 0.00817812 0.00840504 0.00827746 0.00803602 0.00809356 0.00839437 0.00846827 0.00807317 0.00798581 0.00825366 0.00820036 0.00798611 0.00786726 0.00821431 0.00833621 0.00847434 0.00836936 0.00820094 0.00827236 0.00833832 0.00822778 0.00849375 0.0086967 0.00877812 0.0083816 0.0085889 0.00885475 0.00896687 0.00874643 0.00844391 0.00843375 0.00852038 
0.00813433 0.00826792 0.00932563 0.00813698 0.00855599 0.0084849 0.00807703 0.00833835 0.00849223 0.00942957 0.00859373 0.0334105 0.0122831 0.0350459 0.0105982 0.0100216 0.00974242 0.010307 0.0322115 0.02735 0.0320832 0.0401303 0.0114144 0.0434816 0.0100774 0.0115959 0.0115636 0.0128543 0.00371767 0.00368861 0.00357122 0.00349623 0 0.00357377 0.00358007 0.00358564 0.00361383 0.0303385 0.0351596 0.0269097 0.0421348 0.0112506 0.0131089 0.00881942 0.0259894 0.0129152 0.0417666 0.0119604 0.0141719 0.00902836 0.00818799 0.00851747 0.00969158 0.0106414 0.0081718 0.00813489 0.00846231 0.00936603 0.00964166 0.00853729 0.00787007 0.00784033 0.00799583 0.00841663 0.00819588 0.0080911 0.00801569 0.0083008 0.00833988 0.00804327 0.00793799 0.00817735 0.00808844 0.00807993 0.0079254 0.00816409 0.00837949 0.00852897 0.00838287 0.00827144 0.00827142 0.00835304 0.00824914 0.00842507 0.00879454 0.00874975 0.00846866 0.00847813 0.00897031 0.00907701 0.0087091 0.00866801 0.00861809 0.00841543 
0.00802552 0.00842048 0.00813193 0.00926981 0.00813477 0.00809785 0.00839136 0.00805887 0.00885771 0.00820744 0.0118318 0.00889806 0.0439025 0.0136848 0.0137953 0.00869821 0.00860219 0.0136921 0.0130488 0.0400922 0.030234 0.0153251 0.0740144 0.00879379 0.0137043 0.0109626 0.0102609 0.00950064 0.00406738 0.0037384 0.00357408 0.00356345 0.00357377 0 0.00350214 0.00358464 0.00360492 0.0168002 0.0279048 0.0638855 0.0132833 0.0234347 0.0089213 0.0105092 0.0091439 0.0385615 0.0118039 0.0205826 0.00921516 0.00859983 0.00813344 0.00848277 0.00892488 0.00871704 0.00802605 0.00800061 0.0081723 0.00886408 0.00906362 0.00824009 0.00793688 0.00793056 0.00857993 0.00827077 0.00825592 0.00817672 0.00802547 0.00833214 0.00836099 0.00806136 0.00806675 0.00818955 0.00817469 0.00801858 0.00786032 0.00811777 0.00828399 0.00841968 0.00832185 0.00821725 0.00822031 0.00833928 0.00830631 0.0083672 0.00862267 0.00869404 0.00847441 0.00842469 0.0087542 0.00888346 0.0087663 0.00854702 0.00829608 0.00859933 
0.00820022 0.00821197 0.00920397 0.0080436 0.00835656 0.00814198 0.00796057 0.00822216 0.00840262 0.0092057 0.00858002 0.0354968 0.0136539 0.0392129 0.0100216 0.00933942 0.00996722 0.00947246 0.0418601 0.0251194 0.0321561 0.0762878 0.010433 0.0293078 0.00928518 0.0115847 0.00962451 0.0117263 0.00622633 0.00391781 0.00392174 0.00357129 0.00358007 0.00350214 0 0.00353422 0.00362394 0.0268647 0.0298155 0.0274545 0.0749185 0.0102493 0.0116061 0.00873819 0.0389182 0.0124478 0.0432609 0.0111055 0.0123817 0.00872464 0.00822874 0.0086883 0.00929607 0.00929253 0.00805462 0.00806355 0.00847379 0.00921665 0.00944547 0.00833108 0.00788707 0.00793663 0.00808508 0.00856923 0.00832295 0.00804483 0.00821089 0.00847732 0.008492 0.00803079 0.00795868 0.00829914 0.008254 0.00809022 0.00811385 0.00832748 0.00855201 0.0086706 0.00841914 0.0082653 0.00841414 0.00850026 0.00828819 0.00864263 0.00897806 0.00876138 0.00859061 0.00874333 0.00913154 0.0091024 0.00882587 0.0088493 0.00920861 0.00850194 
0.00829987 0.00875455 0.00829742 0.00912732 0.00849166 0.00872314 0.00935222 0.00864435 0.0101376 0.00862805 0.0145559 0.0102333 0.032912 0.0190978 0.0229781 0.00940211 0.0093694 0.0211768 0.0153042 0.0418108 0.0371018 0.0153523 0.0322986 0.00914963 0.0110236 0.0102619 0.0172115 0.0138823 0.00487303 0.00565728 0.00377687 0.00358368 0.00358564 0.00358464 0.00353422 0 0.00359914 0.0253759 0.0517301 0.10505 0.0319879 0.101719 0.0109321 0.0157026 0.0122896 0.0370667 0.0144201 0.0181767 0.0146752 0.0111089 0.00877057 0.00946941 0.0127209 0.0102323 0.00839891 0.00869705 0.009457 0.00998889 0.0104954 0.00890711 0.00809401 0.00819538 0.00899175 0.00855633 0.00828773 0.00826125 0.00806803 0.00849072 0.0087638 0.00812071 0.00803749 0.00827096 0.00822958 0.00807595 0.00797002 0.00831084 0.00856375 0.00854489 0.00854351 0.00826794 0.00838097 0.00863768 0.00832266 0.00874795 0.0089983 0.00891624 0.00859599 0.0089536 0.00916694 0.00897121 0.00894591 0.00870563 0.00872707 0.00914591 
0.00898389 0.00822521 0.00841213 0.00839052 0.0100308 0.00972943 0.0108442 0.0118298 0.0105896 0.0104911 0.0141459 0.012995 0.0101341 0.0133571 0.011931 0.0139189 0.0167756 0.0102387 0.0161281 0.0169471 0.0135201 0.0147525 0.0101581 0.0105832 0.00897708 0.0091992 0.00923428 0.0298524 0.0150419 0.00787827 0.00379675 0.00372003 0.00361383 0.00360492 0.00362394 0.00359914 0 0.0197553 0.0257531 0.0322173 0.0503268 0.0594893 0.109789 0.0151934 0.0149352 0.0111811 0.0146103 0.00944889 0.0111982 0.0149878 0.012324 0.0145444 0.0103045 0.0123983 0.0103143 0.0110719 0.0127611 0.00949658 0.00931536 0.00949755 0.00868697 0.00889416 0.00923357 0.0083068 0.00828707 0.00817557 0.00862106 0.00828696 0.00830034 0.00827591 0.00823291 0.00812137 0.00809809 0.00808525 0.00838931 0.00901168 0.00872321 0.0085497 0.00860444 0.00841959 0.00917359 0.00853111 0.00837765 0.0100708 0.00924578 0.00882368 0.00888086 0.0105324 0.00942451 0.00891635 0.00883569 0.00898895 0.0102477 0.00923295 
