1J9BA
NITIYHNPAXGTSRNTLEMIRNSGTEPTIILYLENPPSRDELVKLIADMGISVRALLRKNVEPYEQLGLAEDKFTDDQLIDFMLQHPILINRPIVVTPLGTRLCRPSEVVLDILQDAQKGAFTKEDGEKVVDEAGKRL
CCEEECCCCCHHHHHHHHHHHHCCCCCEEECCCCCCCCHHHHHHHHHHHCCCHHHHECCCCHHHHHCCCCCCCCCHHHHHHHHHHCHHHECCCEEEECCEEEECCCHHHHHHCCCCCCCCCEECCCCCEEECCCCCEC
0 0 0 0 0 0 0 0 0 0 0 0 0 0 0 0 0 0 0 0 0 0 0 0 0 0 0 0 0 0 0 0 0 0 0 0 0 0 0 0 0 0 0 0 0 0 0 0 0 0 0 0 0 0 0 0 0 0 0 0 0 0 0 0 0 0 0 0 0 0 0 0 0 0 0 0 0 0 0 0 0 0 0 0 0 0 0 0 0 0 0 0 0 0 0 0 0 0 0 0 0 0 0 0 0 0 0 0 0 0 0 0 0 0 0 0 0 0 0 0 0 0 0 0 0 0 0 0 0 0 0 0 0 0 0 0 0 0 
0 0 0 0 0 0 0 0 0 0 0 0 0 0 0 0 0 0 0 0 0 0 0 0 0 0 0 0 0 0 0 0 0 0 0 0 0 0 0 0 0 0 0 0 0 0 0 0 0 0 0 0 0 0 0 0 0 0 0 0 0 0 0 0 0 0 0 0 0 0 0 0 0 0 0 0 0 0 0 0 0 0 0 0 0 0 0 0 0 0 0 0 0 0 0 0 0 0 0 0 0 0 0 0 0 0 0 0 0 0 0 0 0 0 0 0 0 0 0 0 0 0 0 0 0 0 0 0 0 0 0 0 0 0 0 0 0 0 
0 0.00380628 0.00386229 0.5635 0.0153174 0.0844143 0.0123714 0.0107047 0.0211285 0.0106875 0.0109315 0.0114261 0.00994415 0.00880014 0.00950988 0.0109531 0.00931815 0.0111015 0.0106633 0.00906271 0.0119436 0.0105543 
0.00380628 0 0.00436867 0.0131347 0.844243 0.0137081 0.0129577 0.0110683 0.0102957 0.0145861 0.0115492 0.0086826 0.00837515 0.0111611 0.00960925 0.00897493 0.0086344 0.00841657 0.00828935 0.00914623 0.00851873 0.00841571 
0.00386229 0.00436867 0 0.0522754 0.0107708 0.599759 0.0164436 0.0145486 0.0149236 0.0107432 0.0103787 0.00972324 0.0107717 0.00886312 0.00901238 0.0117385 0.00945732 0.00883306 0.00975823 0.00860793 0.00921097 0.0090301 
0.5635 0.0131347 0.0522754 0 0.00374996 0.00413736 0.0207285 0.0099087 0.0130194 0.00897716 0.0106578 0.0136424 0.00984542 0.00838518 0.00928467 0.0119197 0.00902368 0.0121077 0.0098064 0.00895301 0.0129023 0.0106358 
0.0153174 0.844243 0.0107708 0.00374996 0 0.00378703 0.0135158 0.0111858 0.00980948 0.0162313 0.0103267 0.00865708 0.00861164 0.0112049 0.00874143 0.00855726 0.00879539 0.00849005 0.00858138 0.00973766 0.00882749 0.00843348 
0.0844143 0.0137081 0.599759 0.00413736 0.00378703 0 0.0287179 0.0114859 0.0189033 0.00985873 0.0126053 0.00998429 0.0129554 0.00929496 0.00851368 0.00978079 0.00974823 0.00874185 0.0103927 0.00837675 0.00938717 0.00980499 
0.0123714 0.0129577 0.0164436 0.0207285 0.0135158 0.0287179 0 0.466294 0.0140278 0.0110358 0.0128317 0.0331163 0.0138234 0.0104333 0.0093509 0.0181435 0.0140262 0.01413 0.00946309 0.00942121 0.0126957 0.0164501 
0.0107047 0.0110683 0.0145486 0.0099087 0.0111858 0.0114859 0.466294 0 0.00428993 0.00387806 0.00579287 0.00551967 0.00531812 0.0062717 0.00611601 0.0296833 0.0340487 0.0205404 0.0114555 0.0115627 0.0186771 0.0308925 
0.0211285 0.0102957 0.0149236 0.0130194 0.00980948 0.0189033 0.0140278 0.00428993 0 0.00364237 0.00366465 0.00414886 0.0044696 0.00638413 0.0546534 0.867759 0.0161174 0.0236192 0.0246577 0.0145729 0.0393785 0.0190906 
0.0106875 0.0145861 0.0107432 0.00897716 0.0162313 0.00985873 0.0110358 0.00387806 0.00364237 0 0.00361468 0.00360387 0.0041604 0.081977 0.80624 0.0323276 0.0147216 0.0113575 0.0120657 0.0267806 0.0129734 0.012764 
0.0109315 0.0115492 0.0103787 0.0106578 0.0103267 0.0126053 0.0128317 0.00579287 0.00366465 0.00361468 0 0.00363207 0.00791148 0.833555 0.0301829 0.00585283 0.0130782 0.0137621 0.0178021 0.0174116 0.0126527 0.0123465 
0.0114261 0.0086826 0.00972324 0.0136424 0.00865708 0.00998429 0.0331163 0.00551967 0.00414886 0.00360387 0.00363207 0 0.939865 0.0154692 0.00377249 0.00400552 0.0176701 0.0118879 0.0187683 0.0114329 0.0146671 0.0182841 
0.00994415 0.00837515 0.0107717 0.00984542 0.00861164 0.0129554 0.0138234 0.00531812 0.0044696 0.0041604 0.00791148 0.939865 0 0.00398403 0.0037181 0.00397793 0.0183911 0.0288347 0.016014 0.0108123 0.0290688 0.019046 
0.00880014 0.0111611 0.00886312 0.00838518 0.0112049 0.00929496 0.0104333 0.0062717 0.00638413 0.081977 0.833555 0.0154692 0.00398403 0 0.00397691 0.00362656 0.0385668 0.0116805 0.0134206 0.0264675 0.0161585 0.0143562 
0.00950988 0.00960925 0.00901238 0.00928467 0.00874143 0.00851368 0.0093509 0.00611601 0.0546534 0.80624 0.0301829 0.00377249 0.0037181 0.00397691 0 0.00358391 0.0131082 0.021817 0.015046 0.0168068 0.0105074 0.010239 
0.0109531 0.00897493 0.0117385 0.0119197 0.00855726 0.00978079 0.0181435 0.0296833 0.867759 0.0323276 0.00585283 0.00400552 0.00397793 0.00362656 0.00358391 0 0.0209726 0.0237906 0.0170962 0.0124847 0.0545351 0.0193998 
0.00931815 0.0086344 0.00945732 0.00902368 0.00879539 0.00974823 0.0140262 0.0340487 0.0161174 0.0147216 0.0130782 0.0176701 0.0183911 0.0385668 0.0131082 0.0209726 0 0.00482973 0.0138686 0.171538 0.292545 0.0537649 
0.0111015 0.00841657 0.00883306 0.0121077 0.00849005 0.00874185 0.01413 0.0205404 0.0236192 0.0113575 0.0137621 0.0118879 0.0288347 0.0116805 0.021817 0.0237906 0.00482973 0 0.589795 0.0486081 0.0137893 0.0261691 
0.0106633 0.00828935 0.00975823 0.0098064 0.00858138 0.0103927 0.00946309 0.0114555 0.0246577 0.0120657 0.0178021 0.0187683 0.016014 0.0134206 0.015046 0.0170962 0.0138686 0.589795 0 0.003955 0.00464274 0.0377565 
0.00906271 0.00914623 0.00860793 0.00895301 0.00973766 0.00837675 0.00942121 0.0115627 0.0145729 0.0267806 0.0174116 0.0114329 0.0108123 0.0264675 0.0168068 0.0124847 0.171538 0.0486081 0.003955 0 0.00434042 0.0579169 
0.0119436 0.00851873 0.00921097 0.0129023 0.00882749 0.00938717 0.0126957 0.0186771 0.0393785 0.0129734 0.0126527 0.0146671 0.0290688 0.0161585 0.0105074 0.0545351 0.292545 0.0137893 0.00464274 0.00434042 0 0.753567 
0.0105543 0.00841571 0.0090301 0.0106358 0.00843348 0.00980499 0.0164501 0.0308925 0.0190906 0.012764 0.0123465 0.0182841 0.019046 0.0143562 0.010239 0.0193998 0.0537649 0.0261691 0.0377565 0.0579169 0.753567 0 
