1JBRB
ATWTCINQQLNPKTNKWEDKRLLYSQAKAESNSHHAPLSDGKTGSSYPHWFTNGYDGNGKLIKGRTPIKFGKADCDRPPKHSQNGMGKDDHYLLEFPTFPDGHDYKFDSKKPKEDPGPARVIYTYPNKVFCGIVAHQRGNQGDLRLCSH
CEEEEEEEEECCCCCCEEEEEEEEEHHHHHHHHHHCCCCCCCCCCCCCEECCCCECCCCCECCCCCCCCCCCCCCCCCCECCCCCCCCCCEEEEEEECCCCCCCCCCCCCCCCCCCCCEEEEEEECCCCEEEEEEEEECCEEEEEECEC
0 0 0 0 0 0 0 0 0 0 0 0 0 0 0 0 0 0 0 0 0 0 0 0 0 0 0 0 0 0 0 0 0 0 0 0 0 0 0 0 0 0 0 0 0 0 0 0 0 0 0 0 0 0 0 0 0 0 0 0 0 0 0 0 0 0 0 0 0 0 0 0 0 0 0 0 0 0 0 0 0 0 0 0 0 0 0 0 0 0 0 0 0 0 0 0 0 0 0 0 0 0 0 0 0 0 0 0 0 0 0 0 0 0 0 0 0 0 0 0 0 0 0 0 0 0 0 0 0 0 0 0 0 0 0 0 0 0 0 0 0 0 0 0 0 0 0 0 0 
0 0 0 0 0 0 0 0 0 0 0 0 0 0 0 0 0 0 0 0 0 0 0 0 0 0 0 0 0 0 0 0 0 0 0 0 0 0 0 0 0 0 0 0 0 0 0 0 0 0 0 0 0 0 0 0 0 0 0 0 0 0 0 0 0 0 0 0 0 0 0 0 0 0 0 0 0 0 0 0 0 0 0 0 0 0 0 0 0 0 0 0 0 0 0 0 0 0 0 0 0 0 0 0 0 0 0 0 0 0 0 0 0 0 0 0 0 0 0 0 0 0 0 0 0 0 0 0 0 0 0 0 0 0 0 0 0 0 0 0 0 0 0 0 0 0 0 0 0 
0 0.00367484 0.00375719 0.0036908 0.00374747 0.00413657 0.00391248 0.00778256 0.00759971 0.00924464 0.00861618 0.00897891 0.00891596 0.0137722 0.00918455 0.0155877 0.0154737 0.823129 0.0115883 0.0132777 0.00884368 0.0106232 0.0102147 0.0110647 0.0101786 0.0110365 0.00890438 0.0156439 0.00903866 0.0110271 0.00841782 0.00987839 0.0106884 0.0111595 0.00946918 0.0093132 0.010657 0.00877522 0.00864105 0.0104486 0.00992566 0.0102325 0.00940746 0.00845133 0.00808504 0.00941534 0.00797915 0.00786014 0.00851146 0.00804035 0.00871348 0.00823647 0.00920032 
0.00367484 0 0.0036699 0.00367106 0.00370604 0.00372995 0.00402941 0.00476439 0.0039652 0.00668326 0.00742273 0.00750414 0.0084432 0.00950156 0.0160633 0.0124055 0.880904 0.0256134 0.0247721 0.00968928 0.00877408 0.00985818 0.0083955 0.00905514 0.0262281 0.0126554 0.0252645 0.00991331 0.0177265 0.00867434 0.00869716 0.0116534 0.0152026 0.0126499 0.0118128 0.00950165 0.00922119 0.00862126 0.0103462 0.010748 0.0120884 0.00972586 0.00969697 0.00971145 0.00861574 0.00819767 0.00789838 0.00823168 0.0079818 0.00900104 0.00824413 0.00861361 0.00852248 
0.00375719 0.0036699 0 0.00365342 0.00365994 0.0036226 0.00420172 0.00383203 0.00365136 0.00607484 0.00705556 0.0073002 0.00726745 0.0107641 0.00892897 0.891821 0.0149013 0.0101648 0.00982335 0.00935439 0.00831459 0.00867214 0.00827565 0.00923329 0.0105002 0.0229757 0.0119392 0.044995 0.0091066 0.00885297 0.00826813 0.0124951 0.0127053 0.0151451 0.0125177 0.0117065 0.00848748 0.00858084 0.00908468 0.0139824 0.0103203 0.0138157 0.00992889 0.00888435 0.00820385 0.00819516 0.00789882 0.00808556 0.00867932 0.00825775 0.00881179 0.0082847 0.00844319 
0.0036908 0.00367106 0.00365342 0 0.00363183 0.00364948 0.0036798 0.00358083 0.00425434 0.00637178 0.00658603 0.00627776 0.00737115 0.0159988 0.887083 0.0198293 0.0259095 0.00702948 0.0109448 0.0090981 0.00854461 0.00867848 0.00809833 0.00929398 0.018583 0.016086 0.0376941 0.0134217 0.0139526 0.00903913 0.00879112 0.0109246 0.0181401 0.0149551 0.0156293 0.0116898 0.00841945 0.0084829 0.0110196 0.0118869 0.0144935 0.0112906 0.0114795 0.0096413 0.00824014 0.00807578 0.00787318 0.00823724 0.00813173 0.00910334 0.00829584 0.00833345 0.00851592 
0.00374747 0.00370604 0.00365994 0.00363183 0 0.00360711 0.00355857 0.00355437 0.00356438 0.00609742 0.0071759 0.00810927 0.0180298 0.83692 0.0359201 0.0128966 0.00747455 0.00638678 0.0103932 0.00923405 0.00832192 0.00843681 0.00816868 0.00876074 0.0115293 0.0201001 0.0142389 0.0250118 0.00925325 0.0085559 0.00830584 0.0102785 0.0128022 0.016237 0.0133931 0.00947835 0.00811321 0.00876296 0.00910321 0.0148927 0.0109301 0.0126377 0.0112921 0.00876468 0.00826567 0.00805426 0.00793818 0.00819739 0.00839879 0.00835228 0.0084209 0.00805866 0.00828134 
0.00413657 0.00372995 0.0036226 0.00364948 0.00360711 0 0.00353569 0.003567 0.00357406 0.00505093 0.0076089 0.0165622 0.720453 0.0363638 0.00797327 0.0075858 0.00673707 0.00585923 0.0107251 0.00920316 0.00822388 0.00825892 0.00811678 0.00856802 0.0112594 0.0122208 0.0201827 0.0137457 0.00859725 0.00841204 0.00811228 0.00929824 0.0107566 0.0113398 0.0107677 0.00848582 0.00804529 0.00828141 0.00901501 0.0110954 0.0098298 0.010323 0.0100561 0.00852171 0.00806068 0.00799214 0.00787505 0.00803786 0.00821299 0.00824588 0.0082359 0.00809025 0.00801789 
0.00391248 0.00402941 0.00420172 0.0036798 0.00355857 0.00353569 0 0.00370273 0.00354306 0.00699589 0.00821315 0.810408 0.0217528 0.00720015 0.0113501 0.0069328 0.0074882 0.00560268 0.00873174 0.00863415 0.00824884 0.00849547 0.00807123 0.00866303 0.00954453 0.0115349 0.0143607 0.00949221 0.00885679 0.00835621 0.00813833 0.0085979 0.0104782 0.00973383 0.00960764 0.00840948 0.00813735 0.0084264 0.00860581 0.00945448 0.00901765 0.00901803 0.00858211 0.00828284 0.00806685 0.00794644 0.00783857 0.00806974 0.00796699 0.00848723 0.00810781 0.00806089 0.00810533 
0.00778256 0.00476439 0.00383203 0.00358083 0.00355437 0.003567 0.00370273 0 0.00394811 0.0192149 0.91927 0.0127313 0.00659901 0.00966431 0.00637643 0.00708461 0.00629405 0.00584927 0.00892969 0.00901338 0.00836397 0.00888591 0.00815186 0.00827454 0.0108916 0.00950394 0.00860605 0.00986053 0.00847617 0.00827911 0.00811066 0.00839134 0.00858148 0.00855915 0.00843885 0.00828242 0.0079781 0.00800364 0.00824899 0.00866659 0.00824127 0.00841194 0.00826278 0.00804922 0.00790321 0.00798894 0.0078685 0.0081183 0.00795589 0.00807138 0.00799575 0.00800414 0.0079486 
0.00759971 0.0039652 0.00365136 0.00425434 0.00356438 0.00357406 0.00354306 0.00394811 0 0.971953 0.0137011 0.00573665 0.00518285 0.00628818 0.00659289 0.00652065 0.00592406 0.00549174 0.00989328 0.00945967 0.0114659 0.0117438 0.00940436 0.0115483 0.00951457 0.00852815 0.00864437 0.00829323 0.00828817 0.00823922 0.0105439 0.00825808 0.00836467 0.00850775 0.00829947 0.00801599 0.0081269 0.00936638 0.00825204 0.00827438 0.00822629 0.00827585 0.00810164 0.0081071 0.00801239 0.00798199 0.00828866 0.00807216 0.00799824 0.00827362 0.00804351 0.00806496 0.00829442 
0.00924464 0.00668326 0.00607484 0.00637178 0.00609742 0.00505093 0.00699589 0.0192149 0.971953 0 0.00481723 0.00353045 0.00423153 0.00385554 0.0040848 0.00480979 0.00496083 0.0507523 0.00910011 0.0114967 0.00996974 0.0134188 0.00939809 0.0083258 0.00834367 0.0083279 0.00832403 0.00840592 0.00834945 0.013277 0.00823756 0.00817675 0.00826114 0.00833942 0.00820363 0.00830174 0.0096883 0.00802426 0.00806866 0.00812618 0.00812742 0.00812433 0.00816691 0.00812566 0.00795081 0.00904857 0.00799692 0.00799181 0.00787931 0.00808686 0.0079336 0.00827899 0.00874839 
0.00861618 0.00742273 0.00705556 0.00658603 0.0071759 0.0076089 0.00821315 0.91927 0.0137011 0.00481723 0 0.00716742 0.0036832 0.00372191 0.0037681 0.00564664 0.0158806 0.0038664 0.00960652 0.00877781 0.00827157 0.0094234 0.00820079 0.00818834 0.00899323 0.00883979 0.0085953 0.0086225 0.00938594 0.00826953 0.00806302 0.00833347 0.00844731 0.00840376 0.00829527 0.00859117 0.00814632 0.00804693 0.00813892 0.00837555 0.00826054 0.00820932 0.00829073 0.00803295 0.00807074 0.00801978 0.00790505 0.0080581 0.00798534 0.00805284 0.0082683 0.00796667 0.00792921 
0.00897891 0.00750414 0.0073002 0.00627776 0.00810927 0.0165622 0.810408 0.0127313 0.00573665 0.00353045 0.00716742 0 0.00368428 0.00366691 0.00380025 0.0149509 0.00369916 0.00358022 0.00866419 0.00856128 0.00820461 0.00861371 0.00809679 0.008087 0.00854014 0.00917542 0.00871795 0.00912477 0.00836087 0.00850643 0.00801532 0.00824396 0.00878496 0.00875365 0.00862465 0.00809806 0.00811664 0.00799012 0.00811432 0.00859141 0.00836694 0.00843372 0.00828095 0.00808882 0.00790436 0.00802542 0.00782937 0.00799692 0.00791646 0.00803657 0.00795918 0.00798229 0.00800053 
0.00891596 0.0084432 0.00726745 0.00737115 0.0180298 0.720453 0.0217528 0.00659901 0.00518285 0.00423153 0.0036832 0.00368428 0 0.00397432 0.00767123 0.00373414 0.0047708 0.00368014 0.00840833 0.00849105 0.00814445 0.00909256 0.00814221 0.00822606 0.00883377 0.0086271 0.00964801 0.00872552 0.00840471 0.00818464 0.00811704 0.00846708 0.00877494 0.00906281 0.00881029 0.0081445 0.008089 0.00797074 0.00815029 0.00860151 0.00858679 0.00829296 0.00847418 0.00805811 0.00791164 0.00805246 0.00787108 0.0079889 0.00788568 0.0080517 0.00798375 0.00793169 0.00792195 
0.0137722 0.00950156 0.0107641 0.0159988 0.83692 0.0363638 0.00720015 0.00966431 0.00628818 0.00385554 0.00372191 0.00366691 0.00397432 0 0.00357055 0.00362746 0.00358915 0.00360992 0.00984862 0.00891725 0.00837136 0.00940578 0.00838039 0.00856901 0.00926549 0.0113499 0.00915933 0.0137302 0.00833968 0.00834782 0.00822868 0.00890579 0.00975709 0.0102509 0.00916985 0.0083535 0.00815159 0.00835129 0.00823499 0.00940308 0.00884814 0.00898055 0.00859908 0.00832369 0.00794148 0.00798204 0.00794351 0.00794106 0.00813834 0.00798042 0.00815954 0.00799767 0.00801871 
0.00918455 0.0160633 0.00892897 0.887083 0.0359201 0.00797327 0.0113501 0.00637643 0.00659289 0.0040848 0.0037681 0.00380025 0.00767123 0.00357055 0 0.00356124 0.00354168 0.00357118 0.00941071 0.00980804 0.00829514 0.00958622 0.00821929 0.00854676 0.0124621 0.0109055 0.0204367 0.00977123 0.00908641 0.00840713 0.00838139 0.00936808 0.0172946 0.0118596 0.0107094 0.00849806 0.0081451 0.0082718 0.00884742 0.00980764 0.0106959 0.00938355 0.00909137 0.00848699 0.00816393 0.00802854 0.00797276 0.00825829 0.00804594 0.00872954 0.00815675 0.00810417 0.00807061 
0.0155877 0.0124055 0.891821 0.0198293 0.0128966 0.0075858 0.0069328 0.00708461 0.00652065 0.00480979 0.00564664 0.0149509 0.00373414 0.00362746 0.00356124 0 0.00354533 0.00354898 0.0127864 0.0103687 0.00832394 0.00931251 0.00839217 0.00908148 0.0104758 0.0150191 0.00985538 0.017055 0.00850689 0.00845556 0.00831602 0.0105407 0.011052 0.0127667 0.00991777 0.00877222 0.00814428 0.00859959 0.00848683 0.0112594 0.00909727 0.00989236 0.00891167 0.00842102 0.00797576 0.00797522 0.00792464 0.007967 0.00837859 0.00829197 0.00857941 0.00803657 0.00820002 
0.0154737 0.880904 0.0149013 0.0259095 0.00747455 0.00673707 0.0074882 0.00629405 0.00592406 0.00496083 0.0158806 0.00369916 0.0047708 0.00358915 0.00354168 0.00354533 0 0.00381195 0.01211 0.0220111 0.0104513 0.0116005 0.00901332 0.00994424 0.0112549 0.00949201 0.0103054 0.00881549 0.0100049 0.00870626 0.00909051 0.00899217 0.00925986 0.00921426 0.00883456 0.00879728 0.00831604 0.0083626 0.00922562 0.0088586 0.00877494 0.00876652 0.00842394 0.0083723 0.00820816 0.00792756 0.00793171 0.00816298 0.00791462 0.00848156 0.00831188 0.00807675 0.00804078 
0.823129 0.0256134 0.0101648 0.00702948 0.00638678 0.00585923 0.00560268 0.00584927 0.00549174 0.0507523 0.0038664 0.00358022 0.00368014 0.00360992 0.00357118 0.00354898 0.00381195 0 0.0293064 0.00987986 0.0133124 0.0150934 0.0121633 0.0123213 0.0096483 0.00892087 0.00888618 0.00925806 0.00922773 0.00920375 0.011047 0.00880525 0.00844526 0.00874522 0.0086494 0.00897195 0.00835468 0.00996162 0.00874079 0.00849475 0.00836451 0.00838695 0.00836892 0.00837169 0.00824779 0.00815248 0.0083621 0.00803447 0.00808315 0.0080578 0.00840978 0.00824068 0.00873317 
0.0115883 0.0247721 0.00982335 0.0109448 0.0103932 0.0107251 0.00873174 0.00892969 0.00989328 0.00910011 0.00960652 0.00866419 0.00840833 0.00984862 0.00941071 0.0127864 0.01211 0.0293064 0 0.00378465 0.0122178 0.0209005 0.0143668 0.0130491 0.0150405 0.0113558 0.0104116 0.0117081 0.0105633 0.0111815 0.00962682 0.0106645 0.0100918 0.010213 0.00956799 0.0101059 0.00974617 0.00951894 0.010376 0.00963897 0.00969341 0.00920049 0.00907391 0.00836038 0.00844757 0.0082734 0.00800922 0.00802032 0.00806792 0.00820791 0.00876761 0.00828413 0.00963882 
0.0132777 0.00968928 0.00935439 0.0090981 0.00923405 0.00920316 0.00863415 0.00901338 0.00945967 0.0114967 0.00877781 0.00856128 0.00849105 0.00891725 0.00980804 0.0103687 0.0220111 0.00987986 0.00378465 0 0.0482884 0.00932269 0.0130005 0.0122685 0.0110143 0.0106433 0.0100038 0.0104795 0.0107072 0.0099635 0.0117701 0.00953814 0.00973673 0.0094602 0.00917059 0.0103483 0.00846589 0.00985259 0.00879334 0.00923059 0.00904757 0.00880688 0.00894392 0.00839755 0.00842385 0.00809942 0.00813908 0.00811547 0.00813699 0.00824078 0.00830569 0.00837406 0.00914857 
0.00884368 0.00877408 0.00831459 0.00854461 0.00832192 0.00822388 0.00824884 0.00836397 0.0114659 0.00996974 0.00827157 0.00820461 0.00814445 0.00837136 0.00829514 0.00832394 0.0104513 0.0133124 0.0122178 0.0482884 0 0.953118 0.0247859 0.0116869 0.00926441 0.00900886 0.00943121 0.00876641 0.00921483 0.0135512 0.0100008 0.00846149 0.00840755 0.00845764 0.00844825 0.00880712 0.0111159 0.0087499 0.00833406 0.00823468 0.00824088 0.00819538 0.00814574 0.00808803 0.00806271 0.00886008 0.00822134 0.00799275 0.00787614 0.00813584 0.00804565 0.00877527 0.0114423 
0.0106232 0.00985818 0.00867214 0.00867848 0.00843681 0.00825892 0.00849547 0.00888591 0.0117438 0.0134188 0.0094234 0.00861371 0.00909256 0.00940578 0.00958622 0.00931251 0.0116005 0.0150934 0.0209005 0.00932269 0.953118 0 0.0583713 0.0123041 0.0125462 0.00951264 0.00958728 0.00951539 0.00950568 0.0125679 0.0145315 0.00955915 0.00911415 0.00910006 0.00886658 0.00898995 0.0105189 0.0103334 0.00888025 0.00847734 0.00856011 0.00850043 0.00839682 0.00828789 0.00826007 0.00929287 0.00927234 0.00841223 0.00805772 0.00869593 0.0083126 0.00910946 0.0130851 
0.0102147 0.0083955 0.00827565 0.00809833 0.00816868 0.00811678 0.00807123 0.00815186 0.00940436 0.00939809 0.00820079 0.00809679 0.00814221 0.00838039 0.00821929 0.00839217 0.00901332 0.0121633 0.0143668 0.0130005 0.0247859 0.0583713 0 0.220302 0.00887904 0.00647063 0.00654877 0.00784441 0.00731746 0.0117636 0.0126514 0.010356 0.00896826 0.00930454 0.0087178 0.0104171 0.0118201 0.0100899 0.00900809 0.00892763 0.00866517 0.0085444 0.0085251 0.00834761 0.00815114 0.00976523 0.00873512 0.00813279 0.00809956 0.00817034 0.00842166 0.00908522 0.025428 
0.0110647 0.00905514 0.00923329 0.00929398 0.00876074 0.00856802 0.00866303 0.00827454 0.0115483 0.0083258 0.00818834 0.008087 0.00822606 0.00856901 0.00854676 0.00908148 0.00994424 0.0123213 0.0130491 0.0122685 0.0116869 0.0123041 0.220302 0 0.00363355 0.00357557 0.00366753 0.00364486 0.0040282 0.00602312 0.0582228 0.0349517 0.0151029 0.0131428 0.0117532 0.013651 0.0186723 0.020272 0.0124578 0.0138741 0.0125337 0.0125964 0.010326 0.0110117 0.0089507 0.0137946 0.00886072 0.00855578 0.00890843 0.00870256 0.0120232 0.0122701 0.01537 
0.0101786 0.0262281 0.0105002 0.018583 0.0115293 0.0112594 0.00954453 0.0108916 0.00951457 0.00834367 0.00899323 0.00854014 0.00883377 0.00926549 0.0124621 0.0104758 0.0112549 0.0096483 0.0150405 0.0110143 0.00926441 0.0125462 0.00887904 0.00363355 0 0.00355712 0.00359026 0.00364731 0.00395373 0.00421848 0.0815798 0.0721321 0.0546719 0.0335484 0.0292869 0.0265272 0.0668822 0.0198743 0.038656 0.0314474 0.0501867 0.0249437 0.0312349 0.0146195 0.0168997 0.00942448 0.00869329 0.010841 0.00912796 0.0135473 0.0131898 0.0122194 0.0105295 
0.0110365 0.0126554 0.0229757 0.016086 0.0201001 0.0122208 0.0115349 0.00950394 0.00852815 0.0083279 0.00883979 0.00917542 0.0086271 0.0113499 0.0109055 0.0150191 0.00949201 0.00892087 0.0113558 0.0106433 0.00900886 0.00951264 0.00647063 0.00357557 0.00355712 0 0.00354063 0.00358109 0.00359207 0.00359337 0.0201633 0.0886651 0.0426379 0.0958619 0.0468797 0.11635 0.0103728 0.0119464 0.0198381 0.0543457 0.0427747 0.0622862 0.034996 0.0270091 0.0104929 0.00932483 0.00854447 0.00886817 0.0126893 0.0115382 0.0213756 0.0102888 0.010145 
0.00890438 0.0252645 0.0119392 0.0376941 0.0142389 0.0201827 0.0143607 0.00860605 0.00864437 0.00832403 0.0085953 0.00871795 0.00964801 0.00915933 0.0204367 0.00985538 0.0103054 0.00888618 0.0104116 0.0100038 0.00943121 0.00958728 0.00654877 0.00366753 0.00359026 0.00354063 0 0.00357168 0.003585 0.00356184 0.0492509 0.0257127 0.186875 0.0477342 0.22245 0.0148051 0.0127852 0.0123779 0.0269732 0.0303896 0.0919462 0.0426786 0.043387 0.0188953 0.0123954 0.00855457 0.00850365 0.0106694 0.00892217 0.0344633 0.00931358 0.0135527 0.00975913 
0.0156439 0.00991331 0.044995 0.0134217 0.0250118 0.0137457 0.00949221 0.00986053 0.00829323 0.00840592 0.0086225 0.00912477 0.00872552 0.0137302 0.00977123 0.017055 0.00881549 0.00925806 0.0117081 0.0104795 0.00876641 0.00951539 0.00784441 0.00364486 0.00364731 0.00358109 0.00357168 0 0.00357477 0.00357329 0.0172359 0.151355 0.0455505 0.434123 0.0456093 0.0301644 0.00996609 0.0132852 0.013872 0.0828685 0.0348037 0.0809702 0.0293766 0.0226188 0.00968349 0.0131082 0.00877483 0.00857961 0.026994 0.00913718 0.0251265 0.0102806 0.0120928 
0.00903866 0.0177265 0.0091066 0.0139526 0.00925325 0.00859725 0.00885679 0.00847617 0.00828817 0.00834945 0.00938594 0.00836087 0.00840471 0.00833968 0.00908641 0.00850689 0.0100049 0.00922773 0.0105633 0.0107072 0.00921483 0.00950568 0.00731746 0.0040282 0.00395373 0.00359207 0.003585 0.00357477 0 0.00360198 0.0177909 0.0305962 0.272585 0.0237686 0.120544 0.0329628 0.0124579 0.010317 0.0289406 0.0153804 0.0260564 0.0147152 0.0147123 0.0109508 0.022142 0.00853591 0.00838698 0.0117186 0.00844215 0.0203357 0.00981106 0.00991266 0.0096214 
0.0110271 0.00867434 0.00885297 0.00903913 0.0085559 0.00841204 0.00835621 0.00827911 0.00823922 0.013277 0.00826953 0.00850643 0.00818464 0.00834782 0.00840713 0.00845556 0.00870626 0.00920375 0.0111815 0.0099635 0.0135512 0.0125679 0.0117636 0.00602312 0.00421848 0.00359337 0.00356184 0.00357329 0.00360198 0 0.0204817 0.143526 0.0127831 0.021007 0.0260815 0.0656612 0.0233154 0.0246892 0.0116695 0.0116332 0.0116476 0.0108261 0.0099593 0.0191318 0.00877369 0.00979761 0.0122425 0.00853451 0.00920586 0.00885963 0.00942832 0.010254 0.0144895 
0.00841782 0.00869716 0.00826813 0.00879112 0.00830584 0.00811228 0.00813833 0.00811066 0.0105439 0.00823756 0.00806302 0.00801532 0.00811704 0.00822868 0.00838139 0.00831602 0.00909051 0.011047 0.00962682 0.0117701 0.0100008 0.0145315 0.0126514 0.0582228 0.0815798 0.0201633 0.0492509 0.0172359 0.0177909 0.0204817 0 0.00417027 0.003602 0.0035919 0.00374153 0.00379671 0.00591852 0.00722239 0.00870851 0.00698098 0.00973948 0.0147054 0.486485 0.0279904 0.0104428 0.0259066 0.00855501 0.00869093 0.00812177 0.00985974 0.0104517 0.0174009 0.0226971 
0.00987839 0.0116534 0.0124951 0.0109246 0.0102785 0.00929824 0.0085979 0.00839134 0.00825808 0.00817675 0.00833347 0.00824396 0.00846708 0.00890579 0.00936808 0.0105407 0.00899217 0.00880525 0.0106645 0.00953814 0.00846149 0.00955915 0.010356 0.0349517 0.0721321 0.0886651 0.0257127 0.151355 0.0305962 0.143526 0.00417027 0 0.00357423 0.00360464 0.00366217 0.00368563 0.00404531 0.00894619 0.00823109 0.014518 0.0120432 0.637122 0.036286 0.0222719 0.0161086 0.0103235 0.0092588 0.00882762 0.0121367 0.00876192 0.0215253 0.0112439 0.0139004 
0.0106884 0.0152026 0.0127053 0.0181401 0.0128022 0.0107566 0.0104782 0.00858148 0.00836467 0.00826114 0.00844731 0.00878496 0.00877494 0.00975709 0.0172946 0.011052 0.00925986 0.00844526 0.0100918 0.00973673 0.00840755 0.00911415 0.00896826 0.0151029 0.0546719 0.0426379 0.186875 0.0455505 0.272585 0.0127831 0.003602 0.00357423 0 0.00359619 0.00358544 0.00359964 0.00363917 0.00632311 0.0124516 0.0113982 0.696278 0.0401847 0.0262267 0.0217624 0.0181308 0.00792868 0.00782349 0.0125303 0.008415 0.0253801 0.0103896 0.0156206 0.0122941 
0.0111595 0.0126499 0.0151451 0.0149551 0.016237 0.0113398 0.00973383 0.00855915 0.00850775 0.00833942 0.00840376 0.00875365 0.00906281 0.0102509 0.0118596 0.0127667 0.00921426 0.00874522 0.010213 0.0094602 0.00845764 0.00910006 0.00930454 0.0131428 0.0335484 0.0958619 0.0477342 0.434123 0.0237686 0.021007 0.0035919 0.00360464 0.00359619 0 0.00356611 0.00359919 0.00363651 0.00637347 0.00750278 0.612018 0.0237833 0.0180376 0.020322 0.0137445 0.0129581 0.0073687 0.00840338 0.00901397 0.0170849 0.0108399 0.0142022 0.0127553 0.0133198 
0.00946918 0.0118128 0.0125177 0.0156293 0.0133931 0.0107677 0.00960764 0.00843885 0.00829947 0.00820363 0.00829527 0.00862465 0.00881029 0.00916985 0.0107094 0.00991777 0.00883456 0.0086494 0.00956799 0.00917059 0.00844825 0.00886658 0.0087178 0.0117532 0.0292869 0.0468797 0.22245 0.0456093 0.120544 0.0260815 0.00374153 0.00366217 0.00358544 0.00356611 0 0.00357243 0.00376533 0.0353372 0.103683 0.0370845 0.0297548 0.0265486 0.0158383 0.0176954 0.00798394 0.00765586 0.00761422 0.0101919 0.0105702 0.0111381 0.0108537 0.0125005 0.0143066 
0.0093132 0.00950165 0.0117065 0.0116898 0.00947835 0.00848582 0.00840948 0.00828242 0.00801599 0.00830174 0.00859117 0.00809806 0.0081445 0.0083535 0.00849806 0.00877222 0.00879728 0.00897195 0.0101059 0.0103483 0.00880712 0.00898995 0.0104171 0.013651 0.0265272 0.11635 0.0148051 0.0301644 0.0329628 0.0656612 0.00379671 0.00368563 0.00359964 0.00359919 0.00357243 0 0.00372748 0.0254506 0.0280884 0.0215838 0.016567 0.0105242 0.0078485 0.00769143 0.00690785 0.0065828 0.0219858 0.0101521 0.00969049 0.00868007 0.0127005 0.0109602 0.0218668 
0.010657 0.00922119 0.00848748 0.00841945 0.00811321 0.00804529 0.00813735 0.0079781 0.0081269 0.0096883 0.00814632 0.00811664 0.008089 0.00815159 0.0081451 0.00814428 0.00831604 0.00835468 0.00974617 0.00846589 0.0111159 0.0105189 0.0118201 0.0186723 0.0668822 0.0103728 0.0127852 0.00996609 0.0124579 0.0233154 0.00591852 0.00404531 0.00363917 0.00363651 0.00376533 0.00372748 0 0.0225935 0.013804 0.00580717 0.00503088 0.00664219 0.00632204 0.00603933 0.00592762 0.0058208 0.0144861 0.00712036 0.0069668 0.00821464 0.00808213 0.00857198 0.0126668 
0.00877522 0.00862126 0.00858084 0.0084829 0.00876296 0.00828141 0.0084264 0.00800364 0.00936638 0.00802426 0.00804693 0.00799012 0.00797074 0.00835129 0.0082718 0.00859959 0.0083626 0.00996162 0.00951894 0.00985259 0.0087499 0.0103334 0.0100899 0.020272 0.0198743 0.0119464 0.0123779 0.0132852 0.010317 0.0246892 0.00722239 0.00894619 0.00632311 0.00637347 0.0353372 0.0254506 0.0225935 0 0.00359145 0.00355117 0.00365772 0.00369121 0.00363317 0.00389569 0.00367738 0.00693217 0.00563739 0.00592834 0.00786999 0.00707149 0.00831237 0.0134918 0.0285088 
0.00864105 0.0103462 0.00908468 0.0110196 0.00910321 0.00901501 0.00860581 0.00824899 0.00825204 0.00806866 0.00813892 0.00811432 0.00815029 0.00823499 0.00884742 0.00848683 0.00922562 0.00874079 0.010376 0.00879334 0.00833406 0.00888025 0.00900809 0.0124578 0.038656 0.0198381 0.0269732 0.013872 0.0289406 0.0116695 0.00870851 0.00823109 0.0124516 0.00750278 0.103683 0.0280884 0.013804 0.00359145 0 0.00358345 0.00356392 0.00370419 0.00375639 0.00384951 0.00389347 0.0040347 0.00528528 0.00588568 0.00600027 0.00811871 0.0118093 0.0145324 0.0162743 
0.0104486 0.010748 0.0139824 0.0118869 0.0148927 0.0110954 0.00945448 0.00866659 0.00827438 0.00812618 0.00837555 0.00859141 0.00860151 0.00940308 0.00980764 0.0112594 0.0088586 0.00849475 0.00963897 0.00923059 0.00823468 0.00847734 0.00892763 0.0138741 0.0314474 0.0543457 0.0303896 0.0828685 0.0153804 0.0116332 0.00698098 0.014518 0.0113982 0.612018 0.0370845 0.0215838 0.00580717 0.00355117 0.00358345 0 0.00386691 0.0035509 0.00356878 0.00366094 0.00359725 0.00379916 0.00515321 0.00562967 0.00764782 0.0149296 0.0143956 0.0235572 0.0179192 
0.00992566 0.0120884 0.0103203 0.0144935 0.0109301 0.0098298 0.00901765 0.00824127 0.00822629 0.00812742 0.00826054 0.00836694 0.00858679 0.00884814 0.0106959 0.00909727 0.00877494 0.00836451 0.00969341 0.00904757 0.00824088 0.00856011 0.00866517 0.0125337 0.0501867 0.0427747 0.0919462 0.0348037 0.0260564 0.0116476 0.00973948 0.0120432 0.696278 0.0237833 0.0297548 0.016567 0.00503088 0.00365772 0.00356392 0.00386691 0 0.00354972 0.00357907 0.00357506 0.00360804 0.00364897 0.00474662 0.0091937 0.00724757 0.0138029 0.0196213 0.03687 0.11981 
0.0102325 0.00972586 0.0138157 0.0112906 0.0126377 0.010323 0.00901803 0.00841194 0.00827585 0.00812433 0.00820932 0.00843372 0.00829296 0.00898055 0.00938355 0.00989236 0.00876652 0.00838695 0.00920049 0.00880688 0.00819538 0.00850043 0.0085444 0.0125964 0.0249437 0.0622862 0.0426786 0.0809702 0.0147152 0.0108261 0.0147054 0.637122 0.0401847 0.0180376 0.0265486 0.0105242 0.00664219 0.00369121 0.00370419 0.0035509 0.00354972 0 0.00354376 0.00355885 0.00354878 0.00364037 0.005618 0.0099227 0.00840227 0.0163907 0.0318768 0.65415 0.021931 
0.00940746 0.00969697 0.00992889 0.0114795 0.0112921 0.0100561 0.00858211 0.00826278 0.00810164 0.00816691 0.00829073 0.00828095 0.00847418 0.00859908 0.00909137 0.00891167 0.00842394 0.00836892 0.00907391 0.00894392 0.00814574 0.00839682 0.0085251 0.010326 0.0312349 0.034996 0.043387 0.0293766 0.0147123 0.0099593 0.486485 0.036286 0.0262267 0.020322 0.0158383 0.0078485 0.00632204 0.00363317 0.00375639 0.00356878 0.00357907 0.00354376 0 0.00355408 0.0035447 0.00354999 0.00439703 0.00447916 0.00684573 0.0322486 0.730826 0.0132365 0.00950908 
0.00845133 0.00971145 0.00888435 0.0096413 0.00876468 0.00852171 0.00828284 0.00804922 0.0081071 0.00812566 0.00803295 0.00808882 0.00805811 0.00832369 0.00848699 0.00842102 0.0083723 0.00837169 0.00836038 0.00839755 0.00808803 0.00828789 0.00834761 0.0110117 0.0146195 0.0270091 0.0188953 0.0226188 0.0109508 0.0191318 0.0279904 0.0222719 0.0217624 0.0137445 0.0176954 0.00769143 0.00603933 0.00389569 0.00384951 0.00366094 0.00357506 0.00355885 0.00355408 0 0.00353294 0.00355663 0.00697619 0.0150761 0.0658733 0.68459 0.00763569 0.00673301 0.00741356 
0.00808504 0.00861574 0.00820385 0.00824014 0.00826567 0.00806068 0.00806685 0.00790321 0.00801239 0.00795081 0.00807074 0.00790436 0.00791164 0.00794148 0.00816393 0.00797576 0.00820816 0.00824779 0.00844757 0.00842385 0.00806271 0.00826007 0.00815114 0.0089507 0.0168997 0.0104929 0.0123954 0.00968349 0.022142 0.00877369 0.0104428 0.0161086 0.0181308 0.0129581 0.00798394 0.00690785 0.00592762 0.00367738 0.00389347 0.00359725 0.00360804 0.00354878 0.0035447 0.00353294 0 0.00356698 0.00379625 0.125863 0.0321488 0.00526204 0.00512382 0.00477569 0.0066101 
0.00941534 0.00819767 0.00819516 0.00807578 0.00805426 0.00799214 0.00794644 0.00798894 0.00798199 0.00904857 0.00801978 0.00802542 0.00805246 0.00798204 0.00802854 0.00797522 0.00792756 0.00815248 0.0082734 0.00809942 0.00886008 0.00929287 0.00976523 0.0137946 0.00942448 0.00932483 0.00855457 0.0131082 0.00853591 0.00979761 0.0259066 0.0103235 0.00792868 0.0073687 0.00765586 0.0065828 0.0058208 0.00693217 0.0040347 0.00379916 0.00364897 0.00364037 0.00354999 0.00355663 0.00356698 0 0.895029 0.0154341 0.00886324 0.00399425 0.00414735 0.00427534 0.00917168 
0.00797915 0.00789838 0.00789882 0.00787318 0.00793818 0.00787505 0.00783857 0.0078685 0.00828866 0.00799692 0.00790505 0.00782937 0.00787108 0.00794351 0.00797276 0.00792464 0.00793171 0.0083621 0.00800922 0.00813908 0.00822134 0.00927234 0.00873512 0.00886072 0.00869329 0.00854447 0.00850365 0.00877483 0.00838698 0.0122425 0.00855501 0.0092588 0.00782349 0.00840338 0.00761422 0.0219858 0.0144861 0.00563739 0.00528528 0.00515321 0.00474662 0.005618 0.00439703 0.00697619 0.00379625 0.895029 0 0.00647731 0.00355567 0.00384686 0.00453774 0.00446329 0.00689997 
0.00786014 0.00823168 0.00808556 0.00823724 0.00819739 0.00803786 0.00806974 0.0081183 0.00807216 0.00799181 0.0080581 0.00799692 0.0079889 0.00794106 0.00825829 0.007967 0.00816298 0.00803447 0.00802032 0.00811547 0.00799275 0.00841223 0.00813279 0.00855578 0.010841 0.00886817 0.0106694 0.00857961 0.0117186 0.00853451 0.00869093 0.00882762 0.0125303 0.00901397 0.0101919 0.0101521 0.00712036 0.00592834 0.00588568 0.00562967 0.0091937 0.0099227 0.00447916 0.0150761 0.125863 0.0154341 0.00647731 0 0.00379569 0.00362097 0.00363383 0.00447442 0.00507785 
0.00851146 0.0079818 0.00867932 0.00813173 0.00839879 0.00821299 0.00796699 0.00795589 0.00799824 0.00787931 0.00798534 0.00791646 0.00788568 0.00813834 0.00804594 0.00837859 0.00791462 0.00808315 0.00806792 0.00813699 0.00787614 0.00805772 0.00809956 0.00890843 0.00912796 0.0126893 0.00892217 0.026994 0.00844215 0.00920586 0.00812177 0.0121367 0.008415 0.0170849 0.0105702 0.00969049 0.0069668 0.00786999 0.00600027 0.00764782 0.00724757 0.00840227 0.00684573 0.0658733 0.0321488 0.00886324 0.00355567 0.00379569 0 0.00351126 0.00362348 0.00356001 0.00398888 
0.00804035 0.00900104 0.00825775 0.00910334 0.00835228 0.00824588 0.00848723 0.00807138 0.00827362 0.00808686 0.00805284 0.00803657 0.0080517 0.00798042 0.00872954 0.00829197 0.00848156 0.0080578 0.00820791 0.00824078 0.00813584 0.00869593 0.00817034 0.00870256 0.0135473 0.0115382 0.0344633 0.00913718 0.0203357 0.00885963 0.00985974 0.00876192 0.0253801 0.0108399 0.0111381 0.00868007 0.00821464 0.00707149 0.00811871 0.0149296 0.0138029 0.0163907 0.0322486 0.68459 0.00526204 0.00399425 0.00384686 0.00362097 0.00351126 0 0.00354578 0.00356685 0.0036378 
0.00871348 0.00824413 0.00881179 0.00829584 0.0084209 0.0082359 0.00810781 0.00799575 0.00804351 0.0079336 0.0082683 0.00795918 0.00798375 0.00815954 0.00815675 0.00857941 0.00831188 0.00840978 0.00876761 0.00830569 0.00804565 0.0083126 0.00842166 0.0120232 0.0131898 0.0213756 0.00931358 0.0251265 0.00981106 0.00942832 0.0104517 0.0215253 0.0103896 0.0142022 0.0108537 0.0127005 0.00808213 0.00831237 0.0118093 0.0143956 0.0196213 0.0318768 0.730826 0.00763569 0.00512382 0.00414735 0.00453774 0.00363383 0.00362348 0.00354578 0 0.00354439 0.00377239 
0.00823647 0.00861361 0.0082847 0.00833345 0.00805866 0.00809025 0.00806089 0.00800414 0.00806496 0.00827899 0.00796667 0.00798229 0.00793169 0.00799767 0.00810417 0.00803657 0.00807675 0.00824068 0.00828413 0.00837406 0.00877527 0.00910946 0.00908522 0.0122701 0.0122194 0.0102888 0.0135527 0.0102806 0.00991266 0.010254 0.0174009 0.0112439 0.0156206 0.0127553 0.0125005 0.0109602 0.00857198 0.0134918 0.0145324 0.0235572 0.03687 0.65415 0.0132365 0.00673301 0.00477569 0.00427534 0.00446329 0.00447442 0.00356001 0.00356685 0.00354439 0 0.00892408 
0.00920032 0.00852248 0.00844319 0.00851592 0.00828134 0.00801789 0.00810533 0.0079486 0.00829442 0.00874839 0.00792921 0.00800053 0.00792195 0.00801871 0.00807061 0.00820002 0.00804078 0.00873317 0.00963882 0.00914857 0.0114423 0.0130851 0.025428 0.01537 0.0105295 0.010145 0.00975913 0.0120928 0.0096214 0.0144895 0.0226971 0.0139004 0.0122941 0.0133198 0.0143066 0.0218668 0.0126668 0.0285088 0.0162743 0.0179192 0.11981 0.021931 0.00950908 0.00741356 0.0066101 0.00917168 0.00689997 0.00507785 0.00398888 0.0036378 0.00377239 0.00892408 0 
