1JC5A
NEDLFICIDHVAYACPDADEASKYYQETFGWHELHREENPEQGVVEIMMAPAAKLTEHMTQVQVMAPLNDESTVAKWLAKHNGRAGLHHMAWRVDDIDAVSATLRERGVQLLYDEPKLGTGGNRINFMHPKSGKGVLIELTQYPK
CCCCCCEEEEEEEECCCHHHHHHHHHHCCCCEEEEEEEECCCCEEEEEEECCCCCCCCECEEEEEEECCCCCHHHHHHHCCCCCCEEEEEEEEECCHHHHHHHHHHCCCCECCCCCEECCCCCEEECECCCCCCCCCEEEEECCC
0 0 0 0 0 0 0 0 0 0 0 0 0 0 0 0 0 0 0 0 0 0 0 0 0 0 0 0 0 0 0 0 0 0 0 0 0 0 0 0 0 0 0 0 0 0 0 0 0 0 0 0 0 0 0 0 0 0 0 0 0 0 0 0 0 0 0 0 0 0 0 0 0 0 0 0 0 0 0 0 0 0 0 0 0 0 0 0 0 0 0 0 0 0 0 0 0 0 0 0 0 0 0 0 0 0 0 0 0 0 0 0 0 0 0 0 0 0 0 0 0 0 0 0 0 0 0 0 0 0 0 0 0 0 0 0 0 0 0 0 0 0 0 0 0 
0 0 0 0 0 0 0 0 0 0 0 0 0 0 0 0 0 0 0 0 0 0 0 0 0 0 0 0 0 0 0 0 0 0 0 0 0 0 0 0 0 0 0 0 0 0 0 0 0 0 0 0 0 0 0 0 0 0 0 0 0 0 0 0 0 0 0 0 0 0 0 0 0 0 0 0 0 0 0 0 0 0 0 0 0 0 0 0 0 0 0 0 0 0 0 0 0 0 0 0 0 0 0 0 0 0 0 0 0 0 0 0 0 0 0 0 0 0 0 0 0 0 0 0 0 0 0 0 0 0 0 0 0 0 0 0 0 0 0 0 0 0 0 0 0 
0 0.00377538 0.00366004 0.00368047 0.00370771 0.00375749 0.00391385 0.00864345 0.0950818 0.010387 0.0096176 0.00911237 0.012546 0.00903291 0.00942979 0.0142946 0.0213872 0.0144448 0.0129522 0.0125905 0.0128825 0.011968 0.0163166 0.0136612 0.0172994 0.0128881 0.0128656 0.0112792 0.0110255 0.00998622 0.0157957 0.0116973 0.00907706 0.00925128 0.00960712 0.0105432 0.00972239 0.0100476 0.00962831 0.0115478 0.0103649 0.008243 0.00840299 0.00857492 0.0087253 0.00893403 0.00918265 0.00911746 0.0086777 0.008698 0.00851837 0.00933897 
0.00377538 0 0.00368668 0.00367141 0.00368953 0.00367933 0.0040217 0.0040715 0.0115816 0.0586239 0.0102945 0.00940404 0.00946753 0.00983611 0.0145991 0.00905986 0.0130366 0.0345778 0.0258948 0.0359111 0.0238554 0.0401653 0.0164686 0.00998446 0.0125347 0.0600158 0.0217619 0.0321718 0.0140282 0.0229389 0.00960623 0.00979675 0.0188018 0.0137171 0.0175864 0.0209494 0.0187825 0.0263146 0.0123855 0.00924749 0.00836694 0.00794112 0.00807631 0.00825495 0.00973156 0.00903878 0.00806215 0.00887647 0.00914722 0.0101975 0.00930074 0.00838025 
0.00366004 0.00368668 0 0.00363884 0.00366161 0.00356828 0.00363047 0.00359159 0.0127511 0.0115582 0.0218241 0.0107387 0.0120419 0.0113127 0.011596 0.00835888 0.0110865 0.0194941 0.0596951 0.055182 0.0858013 0.0305375 0.0113356 0.0095446 0.0142226 0.0221717 0.0684624 0.0459544 0.0513002 0.0132438 0.00911388 0.00996503 0.0154744 0.0231947 0.0313151 0.0338534 0.0432123 0.0389327 0.0135381 0.00947384 0.00814877 0.00799963 0.0079702 0.00838657 0.00881081 0.0108506 0.0080528 0.00871868 0.0100841 0.0114804 0.00963689 0.00821751 
0.00368047 0.00367141 0.00363884 0 0.0036713 0.00360597 0.0035832 0.00359885 0.0156435 0.0150212 0.012803 0.0239207 0.0136267 0.0141881 0.0106069 0.00868459 0.0112573 0.0228594 0.0531477 0.0715959 0.103927 0.0244259 0.0127287 0.00968444 0.0156873 0.022177 0.0764481 0.0703804 0.0475721 0.0115181 0.00920074 0.0107075 0.0150633 0.0244599 0.0467743 0.0460253 0.0957317 0.033697 0.0151241 0.00889067 0.00815142 0.00803262 0.00801017 0.00864232 0.00932163 0.0114884 0.00808093 0.00899464 0.0108872 0.0116732 0.0102903 0.00853076 
0.00370771 0.00368953 0.00366161 0.0036713 0 0.0035673 0.00358121 0.00357473 0.0197692 0.0183014 0.0205949 0.0154281 0.0269608 0.012081 0.0114686 0.00870973 0.012709 0.0278002 0.0682273 0.108374 0.0523267 0.0314778 0.0122911 0.0103807 0.0150791 0.0642878 0.0637238 0.135519 0.0246255 0.0153746 0.00901322 0.0109762 0.0209908 0.0272347 0.0405142 0.0960614 0.0350911 0.0511746 0.0120997 0.0100456 0.00837287 0.00803764 0.00816072 0.00839291 0.00998005 0.0109861 0.00822766 0.00988374 0.00908534 0.015834 0.0095567 0.00850428 
0.00375749 0.00367933 0.00356828 0.00360597 0.0035673 0 0.003556 0.00361104 0.0130762 0.0281954 0.021728 0.0216271 0.0141477 0.0196064 0.00997073 0.0089815 0.0107199 0.0287525 0.0953202 0.0427288 0.0803359 0.028233 0.0147116 0.00977332 0.0208194 0.0423635 0.169971 0.0403673 0.0536113 0.0114235 0.00926037 0.0108478 0.0170371 0.0307059 0.0767814 0.0405812 0.0592231 0.0302067 0.0196481 0.00934375 0.00822968 0.00808309 0.00805831 0.00892165 0.00944702 0.0129158 0.0081498 0.00898367 0.0126453 0.0125413 0.00977949 0.00861066 
0.00391385 0.0040217 0.00363047 0.0035832 0.00358121 0.003556 0 0.00369486 0.0178929 0.0276491 0.0156076 0.0123139 0.0119839 0.0108552 0.0225937 0.0102833 0.0168428 0.0327348 0.0228061 0.0352484 0.0311878 0.0889342 0.020954 0.0110853 0.0208772 0.0359648 0.0213351 0.0418421 0.0142269 0.0208315 0.00908886 0.0113396 0.0232499 0.0295045 0.0193597 0.0234351 0.0221229 0.0247206 0.0146653 0.0101609 0.00854938 0.008365 0.00841262 0.00893012 0.0108509 0.00960873 0.00858559 0.0100138 0.00994931 0.0117143 0.00971604 0.00855237 
0.00864345 0.0040715 0.00359159 0.00359885 0.00357473 0.00361104 0.00369486 0 0.03172 0.01206 0.0100624 0.0117425 0.00991485 0.00978652 0.0109605 0.0310955 0.0262088 0.0144419 0.0151627 0.0122638 0.0143291 0.0181192 0.0318767 0.0270592 0.0217149 0.012884 0.0121514 0.012082 0.0119586 0.00955806 0.0104002 0.0323419 0.0133423 0.0100606 0.0110941 0.0116266 0.0119661 0.0110059 0.0105469 0.0102558 0.0108726 0.00952746 0.00841134 0.0105906 0.0090541 0.0097477 0.00961178 0.0111132 0.00910115 0.00916022 0.00929859 0.00860857 
0.0950818 0.0115816 0.0127511 0.0156435 0.0197692 0.0130762 0.0178929 0.03172 0 0.00369872 0.00357887 0.00368595 0.00405354 0.00380767 0.00416917 0.00824521 0.00707263 0.00697987 0.00800419 0.00772159 0.00836757 0.0131916 0.516919 0.0151075 0.0110581 0.0087882 0.0111337 0.00885505 0.0103056 0.00891096 0.0166469 0.0102874 0.00848652 0.0087711 0.00884088 0.00889701 0.00857546 0.00851011 0.0115746 0.0109279 0.0101114 0.00873133 0.00849152 0.00894812 0.00807091 0.00894507 0.00947863 0.00830278 0.00833113 0.00806302 0.00849694 0.00967775 
0.010387 0.0586239 0.0115582 0.0150212 0.0183014 0.0281954 0.0276491 0.01206 0.00369872 0 0.00361622 0.0035789 0.00357046 0.00362579 0.00423953 0.00353037 0.00566056 0.00697623 0.00643563 0.00734254 0.00952032 0.441965 0.0648501 0.00838434 0.00849032 0.0146583 0.00941282 0.0103426 0.00914532 0.00987451 0.00856081 0.0088749 0.0094672 0.00899906 0.0095366 0.00981896 0.0100343 0.0127158 0.00924285 0.00850641 0.0083646 0.00792502 0.00815829 0.0079765 0.00839577 0.00826025 0.00806527 0.00823195 0.00820436 0.00833561 0.00868163 0.0081987 
0.0096176 0.0102945 0.0218241 0.012803 0.0205949 0.021728 0.0156076 0.0100624 0.00357887 0.00361622 0 0.00361147 0.00355917 0.00395458 0.00357315 0.00356321 0.00547087 0.00632544 0.00656657 0.00730127 0.0872186 0.109388 0.00650806 0.00785934 0.00829647 0.00977541 0.0100909 0.00965706 0.00957512 0.0125432 0.00818465 0.00868538 0.00919866 0.00923998 0.00938937 0.0112399 0.0177236 0.0104492 0.00872342 0.0084746 0.00833705 0.00789255 0.00805205 0.00804791 0.0082264 0.00825984 0.00796579 0.00826212 0.00814712 0.0087594 0.00836831 0.00813206 
0.00911237 0.00940404 0.0107387 0.0239207 0.0154281 0.0216271 0.0123139 0.0117425 0.00368595 0.0035789 0.00361147 0 0.00413437 0.00357416 0.0036253 0.00363055 0.00544758 0.00621894 0.00881792 0.0355363 0.695287 0.00718614 0.00627928 0.00762465 0.00840378 0.00882739 0.0107617 0.00984279 0.00986509 0.00854365 0.00821381 0.00860746 0.0087666 0.00899718 0.00972807 0.0101973 0.0127259 0.00920474 0.00890141 0.0082791 0.0081452 0.00792754 0.0079273 0.00810711 0.00803532 0.00825849 0.00798041 0.00810184 0.00819963 0.00840853 0.00836131 0.00810558 
0.012546 0.00946753 0.0120419 0.0136267 0.0269608 0.0141477 0.0119839 0.00991485 0.00405354 0.00357046 0.00355917 0.00413437 0 0.00361616 0.00368501 0.00364119 0.00449562 0.00871411 0.0271625 0.883286 0.00795258 0.00714704 0.00582061 0.00779412 0.00809758 0.00925103 0.00958278 0.0101939 0.00898211 0.00856828 0.00808408 0.00860605 0.00920489 0.00910057 0.0107894 0.0110828 0.0102184 0.00988098 0.0085088 0.00834474 0.00818013 0.00789254 0.00801104 0.00796586 0.00810107 0.00823894 0.00798666 0.00816171 0.008038 0.00845396 0.00822939 0.00804257 
0.00903291 0.00983611 0.0113127 0.0141881 0.012081 0.0196064 0.0108552 0.00978652 0.00380767 0.00362579 0.00395458 0.00357416 0.00361616 0 0.00357567 0.00355194 0.00470786 0.0123906 0.916646 0.0070265 0.00690325 0.0058942 0.00549221 0.00738357 0.00804622 0.00995223 0.00932044 0.00945412 0.00866271 0.00843645 0.0080405 0.00851752 0.00896787 0.00973143 0.00963527 0.0103982 0.00963376 0.00977528 0.00867968 0.00832943 0.00820764 0.00791333 0.00797807 0.00800368 0.00811614 0.00827822 0.00792773 0.00808992 0.0081616 0.0085793 0.00821509 0.00805024 
0.00942979 0.0145991 0.011596 0.0106069 0.0114686 0.00997073 0.0225937 0.0109605 0.00416917 0.00423953 0.00357315 0.0036253 0.00368501 0.00357567 0 0.00374817 0.00562992 0.94386 0.00592027 0.00559206 0.0056271 0.00572478 0.00560164 0.00789581 0.0088264 0.011808 0.00988333 0.00843605 0.00864423 0.00861841 0.00808515 0.00926284 0.00981951 0.0102878 0.00900103 0.00904793 0.00920082 0.00874975 0.00884375 0.0084047 0.00839517 0.00814343 0.00810712 0.00845132 0.00844535 0.0080408 0.00804649 0.00826094 0.0082816 0.00822875 0.00838686 0.00802216 
0.0142946 0.00905986 0.00835888 0.00868459 0.00870973 0.0089815 0.0102833 0.0310955 0.00824521 0.00353037 0.00356321 0.00363055 0.00364119 0.00355194 0.00374817 0 0.98224 0.00630115 0.00403775 0.00414738 0.0055065 0.00517825 0.00546157 0.00938133 0.0102027 0.0085934 0.00793193 0.00814656 0.00831084 0.00807395 0.00798285 0.0141048 0.00875166 0.00843195 0.00850258 0.00873129 0.00861284 0.00850489 0.00840238 0.00848227 0.0094365 0.00880284 0.00798017 0.00917303 0.00805119 0.00803529 0.00870975 0.00938922 0.00807185 0.00803147 0.00801844 0.00805086 
0.0213872 0.0130366 0.0110865 0.0112573 0.012709 0.0107199 0.0168428 0.0262088 0.00707263 0.00566056 0.00547087 0.00544758 0.00449562 0.00470786 0.00562992 0.98224 0 0.00364864 0.00358622 0.00361625 0.00361214 0.00368887 0.00430661 0.0143338 0.0113464 0.00989811 0.0108579 0.00990883 0.0114833 0.0140622 0.668868 0.0125912 0.0104603 0.00987467 0.0103894 0.0115388 0.0133366 0.0127785 0.0107442 0.0191024 0.0127899 0.00870066 0.00959897 0.0097558 0.00889688 0.0109703 0.0111866 0.0100129 0.00898678 0.0087534 0.00931985 0.0133829 
0.0144448 0.0345778 0.0194941 0.0228594 0.0278002 0.0287525 0.0327348 0.0144419 0.00697987 0.00697623 0.00632544 0.00621894 0.00871411 0.0123906 0.94386 0.00630115 0.00364864 0 0.00360356 0.00359619 0.00362572 0.00371595 0.00376539 0.00833536 0.00945489 0.0257129 0.0118979 0.0225045 0.014049 0.669729 0.0102273 0.011716 0.0164944 0.0152099 0.0179284 0.0309206 0.0263813 0.0269743 0.0177992 0.0117249 0.00966475 0.00844006 0.00842977 0.00875453 0.013921 0.0105406 0.00896768 0.0100976 0.0124808 0.0133461 0.0113385 0.00934747 
0.0129522 0.0258948 0.0596951 0.0531477 0.0682273 0.0953202 0.0228061 0.0151627 0.00800419 0.00643563 0.00656657 0.00881792 0.0271625 0.916646 0.00592027 0.00403775 0.00358622 0.00360356 0 0.00355761 0.00357136 0.00360141 0.00357977 0.00680988 0.00961287 0.0122425 0.0328698 0.0200891 0.715775 0.0108821 0.0092258 0.0127825 0.0218282 0.0265227 0.0506744 0.0549154 0.0842163 0.0488005 0.0263537 0.00975302 0.0089309 0.00846299 0.00836891 0.00972176 0.0100436 0.0164186 0.00848781 0.00999129 0.0184821 0.0255912 0.0134015 0.00921134 
0.0125905 0.0359111 0.055182 0.0715959 0.108374 0.0427288 0.0352484 0.0122638 0.00772159 0.00734254 0.00730127 0.0355363 0.883286 0.0070265 0.00559206 0.00414738 0.00361625 0.00359619 0.00355761 0 0.00357625 0.00357857 0.00356642 0.00770605 0.00903789 0.0226868 0.0333749 0.773995 0.0123701 0.0111967 0.00819366 0.0136347 0.0241946 0.0403452 0.0507932 0.0816638 0.0541263 0.0832985 0.0166575 0.011009 0.00898473 0.0083863 0.00856858 0.00896261 0.0134121 0.0143001 0.00850497 0.0107344 0.0159824 0.0383816 0.0129134 0.00895521 
0.0128825 0.0238554 0.0858013 0.103927 0.0523267 0.0803359 0.0311878 0.0143291 0.00836757 0.00952032 0.0872186 0.695287 0.00795258 0.00690325 0.0056271 0.0055065 0.00361214 0.00362572 0.00357136 0.00357625 0 0.00355366 0.00357889 0.00719675 0.0263437 0.0309211 0.787359 0.0145769 0.0186844 0.00885075 0.00872834 0.0154679 0.0232218 0.0452805 0.0669716 0.0527362 0.0970937 0.0523224 0.021608 0.00974701 0.00862382 0.0083953 0.0084244 0.00973719 0.0106978 0.0181077 0.00861546 0.0101066 0.0188441 0.0268166 0.0141351 0.00898335 
0.011968 0.0401653 0.0305375 0.0244259 0.0314778 0.028233 0.0889342 0.0181192 0.0131916 0.441965 0.109388 0.00718614 0.00714704 0.0058942 0.00572478 0.00517825 0.00368887 0.00371595 0.00360141 0.00357857 0.00355366 0 0.00355403 0.00965685 0.0132552 0.685594 0.0113321 0.0209317 0.0109568 0.0144584 0.0082372 0.0122054 0.0328664 0.0235066 0.0243739 0.0312785 0.0284688 0.0253111 0.0271081 0.0114825 0.00951133 0.00885804 0.00922402 0.00906099 0.0207043 0.0108771 0.00896188 0.010974 0.0141796 0.0162374 0.0136879 0.00927444 
0.0163166 0.0164686 0.0113356 0.0127287 0.0122911 0.0147116 0.020954 0.0318767 0.516919 0.0648501 0.00650806 0.00627928 0.00582061 0.00549221 0.00560164 0.00546157 0.00430661 0.00376539 0.00357977 0.00356642 0.00357889 0.00355403 0 0.0321055 0.201063 0.00956707 0.00958606 0.0110327 0.00947637 0.00826063 0.00946042 0.0165303 0.0118298 0.0101639 0.0132942 0.0125394 0.0135488 0.0122888 0.011864 0.0127658 0.0121262 0.00999509 0.00857317 0.0110685 0.00927065 0.0101645 0.0105317 0.0126103 0.00983669 0.00936786 0.0103807 0.00964892 
0.0136612 0.00998446 0.0095446 0.00968444 0.0103807 0.00977332 0.0110853 0.0270592 0.0151075 0.00838434 0.00785934 0.00762465 0.00779412 0.00738357 0.00789581 0.00938133 0.0143338 0.00833536 0.00680988 0.00770605 0.00719675 0.00965685 0.0321055 0 0.00365959 0.00361516 0.00358379 0.00365268 0.00366056 0.00391787 0.00559267 0.0228362 0.00960945 0.00958788 0.00892711 0.010936 0.00944805 0.00999225 0.0107475 0.0174355 0.03378 0.0102555 0.010799 0.0101313 0.00935771 0.0104442 0.0208055 0.0113652 0.00858997 0.0083416 0.00925558 0.0134505 
0.0172994 0.0125347 0.0142226 0.0156873 0.0150791 0.0208194 0.0208772 0.0217149 0.0110581 0.00849032 0.00829647 0.00840378 0.00809758 0.00804622 0.0088264 0.0102027 0.0113464 0.00945489 0.00961287 0.00903789 0.0263437 0.0132552 0.201063 0.00365959 0 0.00358686 0.0035766 0.0036061 0.00361974 0.00371528 0.00428324 0.0405716 0.0104937 0.0124292 0.0129916 0.0128932 0.0197228 0.0241623 0.0151197 0.0119005 0.0106907 0.00888282 0.00897293 0.0120832 0.00884622 0.0186578 0.0093167 0.0102562 0.0125261 0.0101823 0.0115809 0.0106501 
0.0128881 0.0600158 0.0221717 0.022177 0.0642878 0.0423635 0.0359648 0.012884 0.0087882 0.0146583 0.00977541 0.00882739 0.00925103 0.00995223 0.011808 0.0085934 0.00989811 0.0257129 0.0122425 0.0226868 0.0309211 0.685594 0.00956707 0.00361516 0.00358686 0 0.00357746 0.00360724 0.00361778 0.00369023 0.00360012 0.0216545 0.0600654 0.0148292 0.0186645 0.047493 0.0315646 0.048108 0.0145193 0.0179984 0.0132688 0.00857884 0.00937472 0.00878213 0.0346009 0.0106158 0.00942368 0.0155428 0.0128763 0.0343213 0.0113267 0.0112544 
0.0128656 0.0217619 0.0684624 0.0764481 0.0637238 0.169971 0.0213351 0.0121514 0.0111337 0.00941282 0.0100909 0.0107617 0.00958278 0.00932044 0.00988333 0.00793193 0.0108579 0.0118979 0.0328698 0.0333749 0.787359 0.0113321 0.00958606 0.00358379 0.0035766 0.00357746 0 0.0035574 0.00357075 0.00357808 0.00357729 0.0344206 0.0187141 0.0383442 0.0454085 0.0471852 0.0881284 0.0221692 0.03208 0.00937127 0.00899244 0.00910148 0.00838978 0.012947 0.00937492 0.0206135 0.00849352 0.0101797 0.0418729 0.0201459 0.021015 0.00898587 
0.0112792 0.0321718 0.0459544 0.0703804 0.135519 0.0403673 0.0418421 0.012082 0.00885505 0.0103426 0.00965706 0.00984279 0.0101939 0.00945412 0.00843605 0.00814656 0.00990883 0.0225045 0.0200891 0.773995 0.0145769 0.0209317 0.0110327 0.00365268 0.0036061 0.00360724 0.0035574 0 0.0035623 0.00356048 0.00357783 0.0190695 0.0468475 0.0416882 0.046586 0.0703545 0.0318325 0.0657245 0.0160537 0.011679 0.00958271 0.00847091 0.00890034 0.00929138 0.0184993 0.0146003 0.00879717 0.012154 0.0142233 0.0574096 0.0153395 0.00975225 
0.0110255 0.0140282 0.0513002 0.0475721 0.0246255 0.0536113 0.0142269 0.0119586 0.0103056 0.00914532 0.00957512 0.00986509 0.00898211 0.00866271 0.00864423 0.00831084 0.0114833 0.014049 0.715775 0.0123701 0.0186844 0.0109568 0.00947637 0.00366056 0.00361974 0.00361778 0.00357075 0.0035623 0 0.00355185 0.00356164 0.0183677 0.0180468 0.0474919 0.0449531 0.0210478 0.0355395 0.0244483 0.0157147 0.0100665 0.00912784 0.00884864 0.00842494 0.0104011 0.00931132 0.0171241 0.00857614 0.00979737 0.0180749 0.0170269 0.0124293 0.00893362 
0.00998622 0.0229389 0.0132438 0.0115181 0.0153746 0.0114235 0.0208315 0.00955806 0.00891096 0.00987451 0.0125432 0.00854365 0.00856828 0.00843645 0.00861841 0.00807395 0.0140622 0.669729 0.0108821 0.0111967 0.00885075 0.0144584 0.00826063 0.00391787 0.00371528 0.00369023 0.00357808 0.00356048 0.00355185 0 0.00378903 0.0147061 0.040687 0.018302 0.0166318 0.0247379 0.0174279 0.0142069 0.0158116 0.0102162 0.00967596 0.00893303 0.00872945 0.00909742 0.0165612 0.00937514 0.00877681 0.0101257 0.0105877 0.0113132 0.00981343 0.00852634 
0.0157957 0.00960623 0.00911388 0.00920074 0.00901322 0.00926037 0.00908886 0.0104002 0.0166469 0.00856081 0.00818465 0.00821381 0.00808408 0.0080405 0.00808515 0.00798285 0.668868 0.0102273 0.0092258 0.00819366 0.00872834 0.0082372 0.00946042 0.00559267 0.00428324 0.00360012 0.00357729 0.00357783 0.00356164 0.00378903 0 0.0211003 0.0115758 0.0108754 0.0104891 0.0106935 0.0108224 0.00949584 0.00998904 0.0117657 0.0120223 0.0112189 0.00850738 0.013478 0.00882198 0.00891876 0.0101536 0.012612 0.00904586 0.00866838 0.00868628 0.00856541 
0.0116973 0.00979675 0.00996503 0.0107075 0.0109762 0.0108478 0.0113396 0.0323419 0.0102874 0.0088749 0.00868538 0.00860746 0.00860605 0.00851752 0.00926284 0.0141048 0.0125912 0.011716 0.0127825 0.0136347 0.0154679 0.0122054 0.0165303 0.0228362 0.0405716 0.0216545 0.0344206 0.0190695 0.0183677 0.0147061 0.0211003 0 0.00371014 0.0035966 0.00360556 0.00358232 0.00362677 0.0037547 0.00479931 0.00852923 0.0201846 0.0114861 0.0123415 0.0227064 0.0104842 0.0238697 0.0143017 0.0161091 0.0147307 0.0099029 0.0120168 0.020302 
0.00907706 0.0188018 0.0154744 0.0150633 0.0209908 0.0170371 0.0232499 0.0133423 0.00848652 0.0094672 0.00919866 0.0087666 0.00920489 0.00896787 0.00981951 0.00875166 0.0104603 0.0164944 0.0218282 0.0241946 0.0232218 0.0328664 0.0118298 0.00960945 0.0104937 0.0600654 0.0187141 0.0468475 0.0180468 0.040687 0.0115758 0.00371014 0 0.00354568 0.00358396 0.00374222 0.00358982 0.00405345 0.0045118 0.0067762 0.0115861 0.00922944 0.0102708 0.00921742 0.0433569 0.0113538 0.00979135 0.0114474 0.0178021 0.0207113 0.020546 0.0105533 
0.00925128 0.0137171 0.0231947 0.0244599 0.0272347 0.0307059 0.0295045 0.0100606 0.0087711 0.00899906 0.00923998 0.00899718 0.00910057 0.00973143 0.0102878 0.00843195 0.00987467 0.0152099 0.0265227 0.0403452 0.0452805 0.0235066 0.0101639 0.00958788 0.0124292 0.0148292 0.0383442 0.0416882 0.0474919 0.018302 0.0108754 0.0035966 0.00354568 0 0.00355858 0.00357215 0.00354471 0.00358419 0.00420384 0.00373721 0.00865061 0.00857268 0.00836015 0.0108768 0.0103501 0.0163273 0.00844993 0.0103514 0.018442 0.0297897 0.0161432 0.00976887 
0.00960712 0.0175864 0.0313151 0.0467743 0.0405142 0.0767814 0.0193597 0.0110941 0.00884088 0.0095366 0.00938937 0.00972807 0.0107894 0.00963527 0.00900103 0.00850258 0.0103894 0.0179284 0.0506744 0.0507932 0.0669716 0.0243739 0.0132942 0.00892711 0.0129916 0.0186645 0.0454085 0.046586 0.0449531 0.0166318 0.0104891 0.00360556 0.00358396 0.00355858 0 0.00357621 0.00367642 0.00358334 0.00357163 0.00363028 0.00894846 0.00914208 0.00868608 0.0104975 0.0122103 0.0156111 0.00917941 0.0112664 0.0339745 0.0261414 0.0239718 0.00964631 
0.0105432 0.0209494 0.0338534 0.0460253 0.0960614 0.0405812 0.0234351 0.0116266 0.00889701 0.00981896 0.0112399 0.0101973 0.0110828 0.0103982 0.00904793 0.00873129 0.0115388 0.0309206 0.0549154 0.0816638 0.0527362 0.0312785 0.0125394 0.010936 0.0128932 0.047493 0.0471852 0.0703545 0.0210478 0.0247379 0.0106935 0.00358232 0.00374222 0.00357215 0.00357621 0 0.00354786 0.00360202 0.00356358 0.00358246 0.00962527 0.00872747 0.0096667 0.0101561 0.0191883 0.0175523 0.00899307 0.0247713 0.0142266 0.0804379 0.0153371 0.0125233 
0.00972239 0.0187825 0.0432123 0.0957317 0.0350911 0.0592231 0.0221229 0.0119661 0.00857546 0.0100343 0.0177236 0.0127259 0.0102184 0.00963376 0.00920082 0.00861284 0.0133366 0.0263813 0.0842163 0.0541263 0.0970937 0.0284688 0.0135488 0.00944805 0.0197228 0.0315646 0.0881284 0.0318325 0.0355395 0.0174279 0.0108224 0.00362677 0.00358982 0.00354471 0.00367642 0.00354786 0 0.00354897 0.00358243 0.00355142 0.00884039 0.00913854 0.00950321 0.0121052 0.0125611 0.0247309 0.00919211 0.0104573 0.05376 0.0289547 0.0404103 0.0109609 
0.0100476 0.0263146 0.0389327 0.033697 0.0511746 0.0302067 0.0247206 0.0110059 0.00851011 0.0127158 0.0104492 0.00920474 0.00988098 0.00977528 0.00874975 0.00850489 0.0127785 0.0269743 0.0488005 0.0832985 0.0523224 0.0253111 0.0122888 0.00999225 0.0241623 0.048108 0.0221692 0.0657245 0.0244483 0.0142069 0.00949584 0.0037547 0.00405345 0.00358419 0.00358334 0.00360202 0.00354897 0 0.0035856 0.00356733 0.0110113 0.00858706 0.0104569 0.00963761 0.0204818 0.0158028 0.00925017 0.0159165 0.0139178 0.115353 0.0143739 0.0105554 
0.00962831 0.0123855 0.0135381 0.0151241 0.0120997 0.0196481 0.0146653 0.0105469 0.0115746 0.00924285 0.00872342 0.00890141 0.0085088 0.00867968 0.00884375 0.00840238 0.0107442 0.0177992 0.0263537 0.0166575 0.021608 0.0271081 0.011864 0.0107475 0.0151197 0.0145193 0.03208 0.0160537 0.0157147 0.0158116 0.00998904 0.00479931 0.0045118 0.00420384 0.00357163 0.00356358 0.00358243 0.0035856 0 0.00381886 0.0123218 0.0146089 0.0100772 0.0152884 0.0185766 0.0157505 0.0095986 0.0106387 0.0465462 0.0119067 0.0314125 0.00917261 
0.0115478 0.00924749 0.00947384 0.00889067 0.0100456 0.00934375 0.0101609 0.0102558 0.0109279 0.00850641 0.0084746 0.0082791 0.00834474 0.00832943 0.0084047 0.00848227 0.0191024 0.0117249 0.00975302 0.011009 0.00974701 0.0114825 0.0127658 0.0174355 0.0119005 0.0179984 0.00937127 0.011679 0.0100665 0.0102162 0.0117657 0.00852923 0.0067762 0.00373721 0.00363028 0.00358246 0.00355142 0.00356733 0.00381886 0 0.116411 0.0123942 0.0230375 0.0133769 0.0140066 0.0119716 0.0153571 0.0356662 0.00993278 0.0110749 0.0094395 0.0126771 
0.0103649 0.00836694 0.00814877 0.00815142 0.00837287 0.00822968 0.00854938 0.0108726 0.0101114 0.0083646 0.00833705 0.0081452 0.00818013 0.00820764 0.00839517 0.0094365 0.0127899 0.00966475 0.0089309 0.00898473 0.00862382 0.00951133 0.0121262 0.03378 0.0106907 0.0132688 0.00899244 0.00958271 0.00912784 0.00967596 0.0120223 0.0201846 0.0115861 0.00865061 0.00894846 0.00962527 0.00884039 0.0110113 0.0123218 0.116411 0 0.0254637 0.0244298 0.0116701 0.0211543 0.0210752 0.184075 0.0303729 0.0109917 0.00976422 0.0106685 0.0216498 
0.008243 0.00794112 0.00799963 0.00803262 0.00803764 0.00808309 0.008365 0.00952746 0.00873133 0.00792502 0.00789255 0.00792754 0.00789254 0.00791333 0.00814343 0.00880284 0.00870066 0.00844006 0.00846299 0.0083863 0.0083953 0.00885804 0.00999509 0.0102555 0.00888282 0.00857884 0.00910148 0.00847091 0.00884864 0.00893303 0.0112189 0.0114861 0.00922944 0.00857268 0.00914208 0.00872747 0.00913854 0.00858706 0.0146089 0.0123942 0.0254637 0 0.00821366 0.0140288 0.435112 0.0500405 0.00886798 0.0101399 0.0129331 0.00821556 0.014258 0.0146948 
0.00840299 0.00807631 0.0079702 0.00801017 0.00816072 0.00805831 0.00841262 0.00841134 0.00849152 0.00815829 0.00805205 0.0079273 0.00801104 0.00797807 0.00810712 0.00798017 0.00959897 0.00842977 0.00836891 0.00856858 0.0084244 0.00922402 0.00857317 0.010799 0.00897293 0.00937472 0.00838978 0.00890034 0.00842494 0.00872945 0.00850738 0.0123415 0.0102708 0.00836015 0.00868608 0.0096667 0.00950321 0.0104569 0.0100772 0.0230375 0.0244298 0.00821366 0 0.547268 0.0210726 0.00616838 0.00828557 0.0224636 0.00896768 0.00911622 0.012906 0.0114427 
0.00857492 0.00825495 0.00838657 0.00864232 0.00839291 0.00892165 0.00893012 0.0105906 0.00894812 0.0079765 0.00804791 0.00810711 0.00796586 0.00800368 0.00845132 0.00917303 0.0097558 0.00875453 0.00972176 0.00896261 0.00973719 0.00906099 0.0110685 0.0101313 0.0120832 0.00878213 0.012947 0.00929138 0.0104011 0.00909742 0.013478 0.0227064 0.00921742 0.0108768 0.0104975 0.0101561 0.0121052 0.00963761 0.0152884 0.0133769 0.0116701 0.0140288 0.547268 0 0.00369643 0.00369943 0.00450394 0.0121338 0.022627 0.0121917 0.0480463 0.0903237 
0.0087253 0.00973156 0.00881081 0.00932163 0.00998005 0.00944702 0.0108509 0.0090541 0.00807091 0.00839577 0.0082264 0.00803532 0.00810107 0.00811614 0.00844535 0.00805119 0.00889688 0.013921 0.0100436 0.0134121 0.0106978 0.0207043 0.00927065 0.00935771 0.00884622 0.0346009 0.00937492 0.0184993 0.00931132 0.0165612 0.00882198 0.0104842 0.0433569 0.0103501 0.0122103 0.0191883 0.0125611 0.0204818 0.0185766 0.0140066 0.0211543 0.435112 0.0210726 0.00369643 0 0.0035889 0.00365372 0.0222753 0.0163583 0.0580185 0.102978 0.0132026 
0.00893403 0.00903878 0.0108506 0.0114884 0.0109861 0.0129158 0.00960873 0.0097477 0.00894507 0.00826025 0.00825984 0.00825849 0.00823894 0.00827822 0.0080408 0.00803529 0.0109703 0.0105406 0.0164186 0.0143001 0.0181077 0.0108771 0.0101645 0.0104442 0.0186578 0.0106158 0.0206135 0.0146003 0.0171241 0.00937514 0.00891876 0.0238697 0.0113538 0.0163273 0.0156111 0.0175523 0.0247309 0.0158028 0.0157505 0.0119716 0.0210752 0.0500405 0.00616838 0.00369943 0.0035889 0 0.00400809 0.016556 0.0366065 0.0598173 0.0234433 0.0143516 
0.00918265 0.00806215 0.0080528 0.00808093 0.00822766 0.0081498 0.00858559 0.00961178 0.00947863 0.00806527 0.00796579 0.00798041 0.00798666 0.00792773 0.00804649 0.00870975 0.0111866 0.00896768 0.00848781 0.00850497 0.00861546 0.00896188 0.0105317 0.0208055 0.0093167 0.00942368 0.00849352 0.00879717 0.00857614 0.00877681 0.0101536 0.0143017 0.00979135 0.00844993 0.00917941 0.00899307 0.00919211 0.00925017 0.0095986 0.0153571 0.184075 0.00886798 0.00828557 0.00450394 0.00365372 0.00400809 0 0.101296 0.0131898 0.00831635 0.00947541 0.0241823 
0.00911746 0.00887647 0.00871868 0.00899464 0.00988374 0.00898367 0.0100138 0.0111132 0.00830278 0.00823195 0.00826212 0.00810184 0.00816171 0.00808992 0.00826094 0.00938922 0.0100129 0.0100976 0.00999129 0.0107344 0.0101066 0.010974 0.0126103 0.0113652 0.0102562 0.0155428 0.0101797 0.012154 0.00979737 0.0101257 0.012612 0.0161091 0.0114474 0.0103514 0.0112664 0.0247713 0.0104573 0.0159165 0.0106387 0.0356662 0.0303729 0.0101399 0.0224636 0.0121338 0.0222753 0.016556 0.101296 0 0.00367745 0.00360965 0.00365655 0.00626917 
0.0086777 0.00914722 0.0100841 0.0108872 0.00908534 0.0126453 0.00994931 0.00910115 0.00833113 0.00820436 0.00814712 0.00819963 0.008038 0.0081616 0.0082816 0.00807185 0.00898678 0.0124808 0.0184821 0.0159824 0.0188441 0.0141796 0.00983669 0.00858997 0.0125261 0.0128763 0.0418729 0.0142233 0.0180749 0.0105877 0.00904586 0.0147307 0.0178021 0.018442 0.0339745 0.0142266 0.05376 0.0139178 0.0465462 0.00993278 0.0109917 0.0129331 0.00896768 0.022627 0.0163583 0.0366065 0.0131898 0.00367745 0 0.00363857 0.00365376 0.00375824 
0.008698 0.0101975 0.0114804 0.0116732 0.015834 0.0125413 0.0117143 0.00916022 0.00806302 0.00833561 0.0087594 0.00840853 0.00845396 0.0085793 0.00822875 0.00803147 0.0087534 0.0133461 0.0255912 0.0383816 0.0268166 0.0162374 0.00936786 0.0083416 0.0101823 0.0343213 0.0201459 0.0574096 0.0170269 0.0113132 0.00866838 0.0099029 0.0207113 0.0297897 0.0261414 0.0804379 0.0289547 0.115353 0.0119067 0.0110749 0.00976422 0.00821556 0.00911622 0.0121917 0.0580185 0.0598173 0.00831635 0.00360965 0.00363857 0 0.00355765 0.00360242 
0.00851837 0.00930074 0.00963689 0.0102903 0.0095567 0.00977949 0.00971604 0.00929859 0.00849694 0.00868163 0.00836831 0.00836131 0.00822939 0.00821509 0.00838686 0.00801844 0.00931985 0.0113385 0.0134015 0.0129134 0.0141351 0.0136879 0.0103807 0.00925558 0.0115809 0.0113267 0.021015 0.0153395 0.0124293 0.00981343 0.00868628 0.0120168 0.020546 0.0161432 0.0239718 0.0153371 0.0404103 0.0143739 0.0314125 0.0094395 0.0106685 0.014258 0.012906 0.0480463 0.102978 0.0234433 0.00947541 0.00365655 0.00365376 0.00355765 0 0.00358436 
0.00933897 0.00838025 0.00821751 0.00853076 0.00850428 0.00861066 0.00855237 0.00860857 0.00967775 0.0081987 0.00813206 0.00810558 0.00804257 0.00805024 0.00802216 0.00805086 0.0133829 0.00934747 0.00921134 0.00895521 0.00898335 0.00927444 0.00964892 0.0134505 0.0106501 0.0112544 0.00898587 0.00975225 0.00893362 0.00852634 0.00856541 0.020302 0.0105533 0.00976887 0.00964631 0.0125233 0.0109609 0.0105554 0.00917261 0.0126771 0.0216498 0.0146948 0.0114427 0.0903237 0.0132026 0.0143516 0.0241823 0.00626917 0.00375824 0.00360242 0.00358436 0 
