1JERA
MQSTVHIVGDNTGWSVPSSPNFYSQWAAGKTFRVGDSLQFNFPANAHNVHEMETKQSFDACNFVNSDNDVERTSPVIERLDELGMHYFVCTVGTHCSNGQKLSINVVAAN
CCCCEEECCHHHCCCCCCCCCHHHHHHHCCCEECCCEEEECCCCCCCCCEEECCHHHHHHCCCCCCCCCCCCCCCEEEECCCCEEEEEECCCCCCHHHCCEEEEEEECCC
0 0 0 0 0 0 0 0 0 0 0 0 0 0 0 0 0 0 0 0 0 0 0 0 0 0 0 0 0 0 0 0 0 0 0 0 0 0 0 0 0 0 0 0 0 0 0 0 0 0 0 0 0 0 0 0 0 0 0 0 0 0 0 0 0 0 0 0 0 0 0 0 0 0 0 0 0 0 0 0 0 0 0 0 0 0 0 0 0 0 0 0 0 0 0 0 0 0 0 0 0 0 0 0 0 0 0 0 0 0 
0 0 0 0 0 0 0 0 0 0 0 0 0 0 0 0 0 0 0 0 0 0 0 0 0 0 0 0 0 0 0 0 0 0 0 0 0 0 0 0 0 0 0 0 0 0 0 0 0 0 0 0 0 0 0 0 0 0 0 0 0 0 0 0 0 0 0 0 0 0 0 0 0 0 0 0 0 0 0 0 0 0 0 0 0 0 0 0 0 0 0 0 0 0 0 0 0 0 0 0 0 0 0 0 0 0 0 0 0 0 
0 0.00382243 0.00423375 0.0216015 0.0227148 0.0654575 0.0106455 0.0177801 0.0179289 0.0123542 0.00985217 0.0139445 0.0102036 0.00840697 0.009083 0.0113431 0.00849084 0.00808038 0.00823753 0.00864893 0.00860407 0.0139521 0.00915809 0.00857924 0.00912795 0.00853893 0.00925987 0.00862819 0.00980193 
0.00382243 0 0.00362486 0.0612395 0.0177989 0.0108125 0.195476 0.0212095 0.0127783 0.010405 0.0216233 0.010196 0.00964558 0.00936262 0.0137146 0.00851624 0.00816091 0.00879417 0.0084044 0.00948225 0.0156021 0.0089533 0.00826812 0.011573 0.00840054 0.0105809 0.00837193 0.0118554 0.00848769 
0.00423375 0.00362486 0 0.0211629 0.0226142 0.0296942 0.0110576 0.119747 0.0261897 0.0174071 0.0125058 0.0108056 0.0124795 0.00871274 0.00907695 0.0104194 0.00928566 0.00823691 0.0083958 0.00971257 0.0114508 0.0125607 0.0107096 0.00843325 0.009944 0.00862439 0.0104207 0.00861006 0.00915806 
0.0216015 0.0612395 0.0211629 0 0.00964473 0.00438567 0.0511089 0.00570892 0.0529467 0.0153378 0.0122531 0.0427465 0.0159821 0.0102459 0.010782 0.0125464 0.0106164 0.00898867 0.00889024 0.0091419 0.00983145 0.0137693 0.00934022 0.0138178 0.00827673 0.0121943 0.0082373 0.012744 0.0111184 
0.0227148 0.0177989 0.0226142 0.00964473 0 0.0733861 0.00509552 0.0191543 0.00404091 0.0093425 0.0162853 0.0089785 0.0126074 0.00907648 0.0087326 0.00995474 0.0101462 0.00873916 0.00836158 0.0086267 0.0100654 0.00921688 0.0110217 0.00860615 0.00928688 0.008185 0.00916992 0.00851885 0.00918309 
0.0654575 0.0108125 0.0296942 0.00438567 0.0733861 0 0.00361823 0.00360934 0.0037773 0.0128719 0.0146518 0.0330397 0.0212123 0.00991302 0.0100449 0.0235903 0.0101772 0.00933397 0.0103315 0.0127537 0.0119465 0.0199203 0.0154723 0.00968589 0.0129762 0.00966649 0.0120011 0.0100933 0.0164474 
0.0106455 0.195476 0.0110576 0.0511089 0.00509552 0.00361823 0 0.00359618 0.00362123 0.0129669 0.0242046 0.041612 0.0122347 0.0135499 0.0201497 0.00914963 0.00905297 0.0115296 0.0144923 0.0254 0.0279821 0.0119668 0.0086566 0.0398829 0.00939277 0.0391572 0.00920794 0.0284714 0.00878186 
0.0177801 0.0212095 0.119747 0.00570892 0.0191543 0.00360934 0.00359618 0 0.00367322 0.0108227 0.08434 0.00847314 0.0105808 0.0157007 0.0120695 0.0120151 0.00912613 0.0120031 0.0104055 0.0181983 0.0363743 0.0156466 0.0129428 0.00921673 0.0325398 0.00901191 0.0229189 0.00938021 0.00929682 
0.0179289 0.0127783 0.0261897 0.0529467 0.00404091 0.0037773 0.00362123 0.00367322 0 0.0297158 0.00800648 0.0319102 0.0417212 0.00950577 0.0100394 0.00996552 0.0134791 0.00870593 0.00989688 0.0113125 0.0136043 0.0270506 0.0117595 0.0163143 0.00853289 0.015236 0.00855684 0.0120675 0.00947991 
0.0123542 0.010405 0.0174071 0.0153378 0.0093425 0.0128719 0.0129669 0.0108227 0.0297158 0 0.00359079 0.00371386 0.0362735 0.0140837 0.0125053 0.0207088 0.010188 0.00925678 0.0105073 0.0112942 0.01213 0.0232681 0.010404 0.0116318 0.00932202 0.011969 0.00965033 0.0109785 0.0127361 
0.00985217 0.0216233 0.0125058 0.0122531 0.0162853 0.0146518 0.0242046 0.08434 0.00800648 0.00359079 0 0.00354589 0.014485 0.0337332 0.0332465 0.0114675 0.00949561 0.0137375 0.00933581 0.0116623 0.0462925 0.0106801 0.0115352 0.00903697 0.0172075 0.00873382 0.014929 0.0109132 0.00904878 
0.0139445 0.010196 0.0108056 0.0427465 0.0089785 0.0330397 0.041612 0.00847314 0.0319102 0.00371386 0.00354589 0 0.0351064 0.00966647 0.0137576 0.022913 0.0163048 0.00869166 0.0101324 0.00982471 0.0157012 0.0326694 0.0115841 0.0148668 0.00852559 0.0131728 0.0085654 0.0118934 0.00950633 
0.0102036 0.00964558 0.0124795 0.0159821 0.0126074 0.0212123 0.0122347 0.0105808 0.0417212 0.0362735 0.014485 0.0351064 0 0.0037341 0.0036996 0.00464895 0.00483287 0.00540926 0.00926942 0.0625221 0.032805 0.0327398 0.0153897 0.0120212 0.0117427 0.0126116 0.0111956 0.0149768 0.0256804 
0.00840697 0.00936262 0.00871274 0.0102459 0.00907648 0.00991302 0.0135499 0.0157007 0.00950577 0.0140837 0.0337332 0.00966647 0.0037341 0 0.00382034 0.00362357 0.0043869 0.00944468 0.0462914 0.0260893 0.0136241 0.0068407 0.00936348 0.0134463 0.0121135 0.0107063 0.0112402 0.0125187 0.00972119 
0.009083 0.0137146 0.00907695 0.010782 0.0087326 0.0100449 0.0201497 0.0120695 0.0100394 0.0125053 0.0332465 0.0137576 0.0036996 0.00382034 0 0.00358992 0.00567507 0.0354854 0.0147007 0.0146816 0.00829106 0.00739493 0.00926079 0.0121624 0.00939313 0.011001 0.0102059 0.0129569 0.00900026 
0.0113431 0.00851624 0.0104194 0.0125464 0.00995474 0.0235903 0.00914963 0.0120151 0.00996552 0.0207088 0.0114675 0.022913 0.00464895 0.00362357 0.00358992 0 0.0474936 0.00597253 0.00858455 0.00550723 0.0059583 0.00700145 0.0200404 0.009605 0.0114432 0.00877116 0.0125421 0.00946147 0.0188828 
0.00849084 0.00816091 0.00928566 0.0106164 0.0101462 0.0101772 0.00905297 0.00912613 0.0134791 0.010188 0.00949561 0.0163048 0.00483287 0.0043869 0.00567507 0.0474936 0 0.00361414 0.00362211 0.003576 0.00359882 0.00398861 0.0109342 0.00803389 0.00844962 0.0104256 0.0110879 0.506738 0.030537 
0.00808038 0.00879417 0.00823691 0.00898867 0.00873916 0.00933397 0.0115296 0.0120031 0.00870593 0.00925678 0.0137375 0.00869166 0.00540926 0.00944468 0.0354854 0.00597253 0.00361414 0 0.00354083 0.00355155 0.00364272 0.00357132 0.00765567 0.00825292 0.00972968 0.0116339 0.666169 0.0243881 0.01093 
0.00823753 0.0084044 0.0083958 0.00889024 0.00836158 0.0103315 0.0144923 0.0104055 0.00989688 0.0105073 0.00933581 0.0101324 0.00926942 0.0462914 0.0147007 0.00858455 0.00362211 0.00354083 0 0.0035427 0.00354413 0.00358064 0.0072146 0.00798736 0.00985438 0.722412 0.0205355 0.0118577 0.0086431 
0.00864893 0.00948225 0.00971257 0.0091419 0.0086267 0.0127537 0.0254 0.0181983 0.0113125 0.0112942 0.0116623 0.00982471 0.0625221 0.0260893 0.0146816 0.00550723 0.003576 0.00355155 0.0035427 0 0.00357145 0.00356951 0.0107336 0.00997717 0.789859 0.0226435 0.0237816 0.0107706 0.0104239 
0.00860407 0.0156021 0.0114508 0.00983145 0.0100654 0.0119465 0.0279821 0.0363743 0.0136043 0.01213 0.0462925 0.0157012 0.032805 0.0136241 0.00829106 0.0059583 0.00359882 0.00364272 0.00354413 0.00357145 0 0.00367864 0.0114787 0.824324 0.0143384 0.0148486 0.0088584 0.0425779 0.010979 
0.0139521 0.0089533 0.0125607 0.0137693 0.00921688 0.0199203 0.0119668 0.0156466 0.0270506 0.0232681 0.0106801 0.0326694 0.0327398 0.0068407 0.00739493 0.00700145 0.00398861 0.00357132 0.00358064 0.00356951 0.00367864 0 0.866608 0.0112606 0.0117948 0.0100962 0.0104071 0.0158521 0.0315807 
0.00915809 0.00826812 0.0107096 0.00934022 0.0110217 0.0154723 0.0086566 0.0129428 0.0117595 0.010404 0.0115352 0.0115841 0.0153897 0.00936348 0.00926079 0.0200404 0.0109342 0.00765567 0.0072146 0.0107336 0.0114787 0.866608 0 0.00385585 0.00362225 0.00362647 0.00389294 0.00409944 0.0145464 
0.00857924 0.011573 0.00843325 0.0138178 0.00860615 0.00968589 0.0398829 0.00921673 0.0163143 0.0116318 0.00903697 0.0148668 0.0120212 0.0134463 0.0121624 0.009605 0.00803389 0.00825292 0.00798736 0.00997717 0.824324 0.0112606 0.00385585 0 0.00358589 0.00367095 0.00361 0.00497435 0.00386736 
0.00912795 0.00840054 0.009944 0.00827673 0.00928688 0.0129762 0.00939277 0.0325398 0.00853289 0.00932202 0.0172075 0.00852559 0.0117427 0.0121135 0.00939313 0.0114432 0.00844962 0.00972968 0.00985438 0.789859 0.0143384 0.0117948 0.00362225 0.00358589 0 0.00354704 0.00401874 0.00362318 0.00393798 
0.00853893 0.0105809 0.00862439 0.0121943 0.008185 0.00966649 0.0391572 0.00901191 0.015236 0.011969 0.00873382 0.0131728 0.0126116 0.0107063 0.011001 0.00877116 0.0104256 0.0116339 0.722412 0.0226435 0.0148486 0.0100962 0.00362647 0.00367095 0.00354704 0 0.00357263 0.00368426 0.00362682 
0.00925987 0.00837193 0.0104207 0.0082373 0.00916992 0.0120011 0.00920794 0.0229189 0.00855684 0.00965033 0.014929 0.0085654 0.0111956 0.0112402 0.0102059 0.0125421 0.0110879 0.666169 0.0205355 0.0237816 0.0088584 0.0104071 0.00389294 0.00361 0.00401874 0.00357263 0 0.00357804 0.00371775 
0.00862819 0.0118554 0.00861006 0.012744 0.00851885 0.0100933 0.0284714 0.00938021 0.0120675 0.0109785 0.0109132 0.0118934 0.0149768 0.0125187 0.0129569 0.00946147 0.506738 0.0243881 0.0118577 0.0107706 0.0425779 0.0158521 0.00409944 0.00497435 0.00362318 0.00368426 0.00357804 0 0.0036447 
0.00980193 0.00848769 0.00915806 0.0111184 0.00918309 0.0164474 0.00878186 0.00929682 0.00947991 0.0127361 0.00904878 0.00950633 0.0256804 0.00972119 0.00900026 0.0188828 0.030537 0.01093 0.0086431 0.0104239 0.010979 0.0315807 0.0145464 0.00386736 0.00393798 0.00362682 0.00371775 0.0036447 0 
