1JJ2L
ARSAYSYIREAWKRPKEGQIAELMWHRMQEWRNEPAVVRIERPTRLDRARSLGYKAKQGIIVVRVAIRKGSSRRTRFNKGRRSKRMMVNRITRKKNIQRIAEERANRKFPNLRVLNSYSVGEDGRHKWHEVILIDPDHPAIKSDDQLSWISRTRHRLRTFRGLTSAGRRCRGLRGQGKGSEKVRPSLRVNGAKA
CCCCHHHHHHHHHCCCCHHHHHHHHHHHHHHCCCCCEEECCCCCCHHHHHHHCCCCCCCEEEEEEEEECCCCCCCCCCCCCCHHHCCCCCCCCCCCHHHHHHHHHHHHCCCCEEEEEEEEEECCCEEEEEEEEECCCCCCCCCCCCCHHHHCHHHCCHHHHCCCHHHHHHCCCCCCCCCCCCCCCCCCCCCCCC
0 0 0 0 0 0 0 0 0 0 0 0 0 0 0 0 0 0 0 0 0 0 0 0 0 0 0 0 0 0 0 0 0 0 0 0 0 0 0 0 0 0 0 0 0 0 0 0 0 0 0 0 0 0 0 0 0 0 0 0 0 0 0 0 0 0 0 0 0 0 0 0 0 0 0 0 0 0 0 0 0 0 0 0 0 0 0 0 0 0 0 0 0 0 0 0 0 0 0 0 0 0 0 0 0 0 0 0 0 0 0 0 0 0 0 0 0 0 0 0 0 0 0 0 0 0 0 0 0 0 0 0 0 0 0 0 0 0 0 0 0 0 0 0 0 0 0 0 0 0 0 0 0 0 0 0 0 0 0 0 0 0 0 0 0 0 0 0 0 0 0 0 0 0 0 0 0 0 0 0 0 0 0 0 0 0 0 0 0 0 0 0 0 0 
0 0 0 0 0 0 0 0 0 0 0 0 0 0 0 0 0 0 0 0 0 0 0 0 0 0 0 0 0 0 0 0 0 0 0 0 0 0 0 0 0 0 0 0 0 0 0 0 0 0 0 0 0 0 0 0 0 0 0 0 0 0 0 0 0 0 0 0 0 0 0 0 0 0 0 0 0 0 0 0 0 0 0 0 0 0 0 0 0 0 0 0 0 0 0 0 0 0 0 0 0 0 0 0 0 0 0 0 0 0 0 0 0 0 0 0 0 0 0 0 0 0 0 0 0 0 0 0 0 0 0 0 0 0 0 0 0 0 0 0 0 0 0 0 0 0 0 0 0 0 0 0 0 0 0 0 0 0 0 0 0 0 0 0 0 0 0 0 0 0 0 0 0 0 0 0 0 0 0 0 0 0 0 0 0 0 0 0 0 0 0 0 0 0 
0 0.0039411 0.0039551 0.101962 0.0269304 0.0195209 0.0154532 0.0185831 0.0172008 0.0188837 0.0139297 0.0390302 0.0114968 0.0106591 0.009239 0.00887819 0.00851664 0.00839957 0.00858255 0.00848325 0.00847223 0.0119623 0.00917364 0.00843272 0.0087447 0.00845511 0.00950493 0.0089603 0.0111711 0.00990883 0.0123663 
0.0039411 0 0.00371373 0.0195178 0.092118 0.0268117 0.0313426 0.0159765 0.0285629 0.0161443 0.0738725 0.0110625 0.00901214 0.0176889 0.0106287 0.00935214 0.00862173 0.00943526 0.00858107 0.00867428 0.0101004 0.00844782 0.0103326 0.00866843 0.00893199 0.00898267 0.00956884 0.0129732 0.0114802 0.0179884 0.0101245 
0.0039551 0.00371373 0 0.0342155 0.0174833 0.0299094 0.0253168 0.0327554 0.0138746 0.0430609 0.0190193 0.0238082 0.0222588 0.00998844 0.010074 0.00977544 0.00901558 0.00885021 0.0107784 0.0087184 0.00855792 0.0110956 0.0111552 0.00957661 0.00867484 0.00882512 0.0105237 0.00945458 0.0105537 0.0108768 0.0105455 
0.101962 0.0195178 0.0342155 0 0.00416794 0.00365847 0.00370712 0.00378827 0.00377289 0.00402155 0.00613937 0.0131671 0.0619611 0.0203519 0.0112551 0.0102006 0.00989069 0.00947243 0.0111263 0.00953396 0.00947091 0.0148091 0.0099397 0.00935135 0.0096185 0.00975811 0.0117235 0.0130991 0.0149728 0.012639 0.0458962 
0.0269304 0.092118 0.0174833 0.00416794 0 0.00370782 0.00359773 0.00363884 0.00369361 0.00468165 0.00614347 0.00644547 0.029601 0.0705113 0.0291339 0.019864 0.0141649 0.0168653 0.0176638 0.0137365 0.0141544 0.0112014 0.00999514 0.0112819 0.013859 0.0197914 0.0244859 0.0399823 0.0409753 0.12355 0.0144901 
0.0195209 0.0268117 0.0299094 0.00365847 0.00370782 0 0.00356636 0.00360503 0.00364324 0.00374293 0.00370113 0.00397249 0.0266808 0.0462084 0.0774336 0.0465287 0.0335506 0.0244177 0.045596 0.0293448 0.0189204 0.0102677 0.00964235 0.0133509 0.0317526 0.0284658 0.0701054 0.0661528 0.232322 0.0595997 0.018516 
0.0154532 0.0313426 0.0253168 0.00370712 0.00359773 0.00356636 0 0.00358185 0.00384615 0.00368031 0.00367807 0.00368414 0.0281366 0.0631836 0.0544739 0.0668435 0.0217606 0.0492862 0.0259183 0.0360118 0.0130654 0.00982248 0.0108062 0.0129601 0.0303468 0.046588 0.0418746 0.23895 0.0878253 0.0620157 0.0179465 
0.0185831 0.0159765 0.0327554 0.00378827 0.00363884 0.00360503 0.00358185 0 0.0035559 0.00359285 0.00360636 0.00362713 0.0473152 0.0475996 0.0675168 0.0452092 0.0360701 0.0221692 0.066114 0.016868 0.014746 0.0104241 0.00956455 0.0172212 0.0216783 0.0233097 0.223323 0.0440851 0.106297 0.0527065 0.0167087 
0.0172008 0.0285629 0.0138746 0.00377289 0.00369361 0.00364324 0.00384615 0.0035559 0 0.00356014 0.00356893 0.00360453 0.0324258 0.080683 0.0615352 0.0439798 0.0298284 0.0648968 0.0153885 0.0300891 0.0120428 0.0093847 0.0131964 0.0100789 0.0380396 0.117266 0.0299023 0.121844 0.0639329 0.0478775 0.0168587 
0.0188837 0.0161443 0.0430609 0.00402155 0.00468165 0.00374293 0.00368031 0.00359285 0.00356014 0 0.00355789 0.0035728 0.0362058 0.0615235 0.0773801 0.0766225 0.0413971 0.0168516 0.0595264 0.0188473 0.0136771 0.0103727 0.00907954 0.0196904 0.0830355 0.0315471 0.0699579 0.0354078 0.108194 0.0425845 0.0144652 
0.0139297 0.0738725 0.0190193 0.00613937 0.00614347 0.00370113 0.00367807 0.00360636 0.00356893 0.00355789 0 0.00375242 0.0181971 0.0469718 0.0511031 0.0328233 0.0175536 0.020296 0.0132519 0.0163386 0.0162552 0.0106859 0.0131985 0.0519224 0.0184579 0.0169675 0.0176162 0.0276809 0.0219694 0.0635052 0.0145151 
0.0390302 0.0110625 0.0238082 0.0131671 0.00644547 0.00397249 0.00368414 0.00362713 0.00360453 0.0035728 0.00375242 0 0.0202398 0.0172946 0.0192733 0.0178091 0.0128614 0.0171495 0.00981494 0.0101112 0.0112854 0.0163889 0.0451344 0.00920178 0.0102986 0.009877 0.0107168 0.0111738 0.0113856 0.012396 0.0136377 
0.0114968 0.00901214 0.0222588 0.0619611 0.029601 0.0266808 0.0281366 0.0473152 0.0324258 0.0362058 0.0181971 0.0202398 0 0.00456173 0.00361058 0.00362802 0.00363083 0.00372816 0.00403058 0.00463949 0.00659207 0.0206383 0.00703198 0.0100459 0.00746187 0.012433 0.0120802 0.0107879 0.0162437 0.0270825 0.235467 
0.0106591 0.0176889 0.00998844 0.0203519 0.0705113 0.0462084 0.0631836 0.0475996 0.080683 0.0615235 0.0469718 0.0172946 0.00456173 0 0.00362557 0.00357053 0.00358887 0.00377447 0.00404293 0.00403119 0.0103568 0.00596403 0.00808457 0.00722981 0.014465 0.0101654 0.0125486 0.023013 0.026562 0.28802 0.262553 
0.009239 0.0106287 0.010074 0.0112551 0.0291339 0.0774336 0.0544739 0.0675168 0.0615352 0.0773801 0.0511031 0.0192733 0.00361058 0.00362557 0 0.00359512 0.00353909 0.00358047 0.00360563 0.00422597 0.0037937 0.00475154 0.00655076 0.00757758 0.0085024 0.0116707 0.0153571 0.018007 0.0813789 0.380583 0.0597524 
0.00887819 0.00935214 0.00977544 0.0102006 0.019864 0.0465287 0.0668435 0.0452092 0.0439798 0.0766225 0.0328233 0.0178091 0.00362802 0.00357053 0.00359512 0 0.00354606 0.00354686 0.00365633 0.00356645 0.00365537 0.00436115 0.00611154 0.0066836 0.00928197 0.00878687 0.0124584 0.0437623 0.609527 0.0857086 0.0178248 
0.00851664 0.00862173 0.00901558 0.00989069 0.0141649 0.0335506 0.0217606 0.0360701 0.0298284 0.0413971 0.0175536 0.0128614 0.00363083 0.00358887 0.00353909 0.00354606 0 0.00363295 0.00355729 0.00354477 0.00357722 0.00365651 0.00719064 0.00594331 0.00740842 0.00933388 0.0437435 0.684053 0.0783155 0.0173763 0.0119294 
0.00839957 0.00943526 0.00885021 0.00947243 0.0168653 0.0244177 0.0492862 0.0221692 0.0648968 0.0168516 0.020296 0.0171495 0.00372816 0.00377447 0.00358047 0.00354686 0.00363295 0 0.00355641 0.00358549 0.00365724 0.00359077 0.00629252 0.00543014 0.016397 0.051395 0.692577 0.0580488 0.014275 0.0131344 0.0112554 
0.00858255 0.00858107 0.0107784 0.0111263 0.0176638 0.045596 0.0259183 0.066114 0.0153885 0.0595264 0.0132519 0.00981494 0.00403058 0.00404293 0.00360563 0.00365633 0.00355729 0.00355641 0 0.00353919 0.00354318 0.00356961 0.00426732 0.0147155 0.0246165 0.608048 0.0506516 0.0113581 0.0165355 0.0174566 0.0106194 
0.00848325 0.00867428 0.0087184 0.00953396 0.0137365 0.0293448 0.0360118 0.016868 0.0300891 0.0188473 0.0163386 0.0101112 0.00463949 0.00403119 0.00422597 0.00356645 0.00354477 0.00358549 0.00353919 0 0.00358434 0.00354062 0.0144846 0.0152186 0.3032 0.0466048 0.012034 0.00943936 0.0135335 0.00878921 0.00925501 
0.00847223 0.0101004 0.00855792 0.00947091 0.0141544 0.0189204 0.0130654 0.014746 0.0120428 0.0136771 0.0162552 0.0112854 0.00659207 0.0103568 0.0037937 0.00365537 0.00357722 0.00365724 0.00354318 0.00358434 0 0.00572925 0.0138365 0.106099 0.0745982 0.00693697 0.00694803 0.00775592 0.00881093 0.0138296 0.00964358 
0.0119623 0.00844782 0.0110956 0.0148091 0.0112014 0.0102677 0.00982248 0.0104241 0.0093847 0.0103727 0.0106859 0.0163889 0.0206383 0.00596403 0.00475154 0.00436115 0.00365651 0.00359077 0.00356961 0.00354062 0.00572925 0 0.199245 0.279991 0.00416171 0.00603261 0.00565413 0.00640995 0.00759399 0.0111709 0.0149886 
0.00917364 0.0103326 0.0111552 0.0099397 0.00999514 0.00964235 0.0108062 0.00956455 0.0131964 0.00907954 0.0131985 0.0451344 0.00703198 0.00808457 0.00655076 0.00611154 0.00719064 0.00629252 0.00426732 0.0144846 0.0138365 0.199245 0 0.00368367 0.0035492 0.00357875 0.00358632 0.00375493 0.00399642 0.00463068 0.0138423 
0.00843272 0.00866843 0.00957661 0.00935135 0.0112819 0.0133509 0.0129601 0.0172212 0.0100789 0.0196904 0.0519224 0.00920178 0.0100459 0.00722981 0.00757758 0.0066836 0.00594331 0.00543014 0.0147155 0.0152186 0.106099 0.279991 0.00368367 0 0.00354859 0.00355422 0.00354048 0.00358468 0.00368215 0.00471771 0.00409019 
0.0087447 0.00893199 0.00867484 0.0096185 0.013859 0.0317526 0.0303468 0.0216783 0.0380396 0.0830355 0.0184579 0.0102986 0.00746187 0.014465 0.0085024 0.00928197 0.00740842 0.016397 0.0246165 0.3032 0.0745982 0.00416171 0.0035492 0.00354859 0 0.00354619 0.0035307 0.00359409 0.00387296 0.00369648 0.00415372 
0.00845511 0.00898267 0.00882512 0.00975811 0.0197914 0.0284658 0.046588 0.0233097 0.117266 0.0315471 0.0169675 0.009877 0.012433 0.0101654 0.0116707 0.00878687 0.00933388 0.051395 0.608048 0.0466048 0.00693697 0.00603261 0.00357875 0.00355422 0.00354619 0 0.0035433 0.00355063 0.00359748 0.00362046 0.00403412 
0.00950493 0.00956884 0.0105237 0.0117235 0.0244859 0.0701054 0.0418746 0.223323 0.0299023 0.0699579 0.0176162 0.0107168 0.0120802 0.0125486 0.0153571 0.0124584 0.0437435 0.692577 0.0506516 0.012034 0.00694803 0.00565413 0.00358632 0.00354048 0.0035307 0.0035433 0 0.00355029 0.00356315 0.00358459 0.00361321 
0.0089603 0.0129732 0.00945458 0.0130991 0.0399823 0.0661528 0.23895 0.0440851 0.121844 0.0354078 0.0276809 0.0111738 0.0107879 0.023013 0.018007 0.0437623 0.684053 0.0580488 0.0113581 0.00943936 0.00775592 0.00640995 0.00375493 0.00358468 0.00359409 0.00355063 0.00355029 0 0.00358183 0.0036128 0.00365785 
0.0111711 0.0114802 0.0105537 0.0149728 0.0409753 0.232322 0.0878253 0.106297 0.0639329 0.108194 0.0219694 0.0113856 0.0162437 0.026562 0.0813789 0.609527 0.0783155 0.014275 0.0165355 0.0135335 0.00881093 0.00759399 0.00399642 0.00368215 0.00387296 0.00359748 0.00356315 0.00358183 0 0.00361053 0.00362664 
0.00990883 0.0179884 0.0108768 0.012639 0.12355 0.0595997 0.0620157 0.0527065 0.0478775 0.0425845 0.0635052 0.012396 0.0270825 0.28802 0.380583 0.0857086 0.0173763 0.0131344 0.0174566 0.00878921 0.0138296 0.0111709 0.00463068 0.00471771 0.00369648 0.00362046 0.00358459 0.0036128 0.00361053 0 0.00370909 
0.0123663 0.0101245 0.0105455 0.0458962 0.0144901 0.018516 0.0179465 0.0167087 0.0168587 0.0144652 0.0145151 0.0136377 0.235467 0.262553 0.0597524 0.0178248 0.0119294 0.0112554 0.0106194 0.00925501 0.00964358 0.0149886 0.0138423 0.00409019 0.00415372 0.00403412 0.00361321 0.00365785 0.00362664 0.00370909 0 
