1JJ2Q
GISYSVEADPDTTAKAMLRERQMSFKHSKAIAREIKGKTAGEAVDYLEAVIEGDQPVPFKQHNSGVGHKSKVDGWDAGRYPEKASKAFLDLLENAVGNADHQGFDGEAMTIKHVAAHKVGEQQGRKPRAMGRASAWNSPQVDVELILEEP
CCCCCCCCCHHHEEEEEEEEECCCHHHHHHHHHHHCCCEHHHHHHHHHHHHHCCCCEECCCCCCCCCECCCCCCCCEEECCHHHHHHHHHHHHHHHHHHHCCCCCHHHCEEEEEEEEEEEEECCEEEEHHHEEEECCEEEEEEEEEEECC
0 0 0 0 0 0 0 0 0 0 0 0 0 0 0 0 0 0 0 0 0 0 0 0 0 0 0 0 0 0 0 0 0 0 0 0 0 0 0 0 0 0 0 0 0 0 0 0 0 0 0 0 0 0 0 0 0 0 0 0 0 0 0 0 0 0 0 0 0 0 0 0 0 0 0 0 0 0 0 0 0 0 0 0 0 0 0 0 0 0 0 0 0 0 0 0 0 0 0 0 0 0 0 0 0 0 0 0 0 0 0 0 0 0 0 0 0 0 0 0 0 0 0 0 0 0 0 0 0 0 0 0 0 0 0 0 0 0 0 0 0 0 0 0 0 0 0 0 0 0 
0 0 0 0 0 0 0 0 0 0 0 0 0 0 0 0 0 0 0 0 0 0 0 0 0 0 0 0 0 0 0 0 0 0 0 0 0 0 0 0 0 0 0 0 0 0 0 0 0 0 0 0 0 0 0 0 0 0 0 0 0 0 0 0 0 0 0 0 0 0 0 0 0 0 0 0 0 0 0 0 0 0 0 0 0 0 0 0 0 0 0 0 0 0 0 0 0 0 0 0 0 0 0 0 0 0 0 0 0 0 0 0 0 0 0 0 0 0 0 0 0 0 0 0 0 0 0 0 0 0 0 0 0 0 0 0 0 0 0 0 0 0 0 0 0 0 0 0 0 0 
0 0.00368999 0.00371929 0.0037092 0.00372114 0.00371174 0.00371696 0.00384301 0.00493102 0.0143153 0.0110196 0.0142124 0.0119785 0.00944812 0.00896957 0.0131951 0.0088861 0.0085942 0.0084602 0.00850693 0.00919033 0.0086792 0.00895235 0.00821588 0.00822623 0.00808049 0.00810515 0.00805803 0.0098561 0.0083841 0.00795052 0.00869381 0.00973574 0.00802216 0.00794815 0.00812729 0.00867885 0.00793942 0.00792793 0.00805299 0.00813939 0.0083553 0.00837295 0.00848413 0.00851827 0.00860457 0.00838844 0.00978281 
0.00368999 0 0.00363377 0.00367209 0.00367428 0.00370814 0.00366936 0.00445112 0.00441902 0.00878608 0.0128712 0.00995115 0.0094075 0.00929374 0.0104484 0.00958915 0.00834133 0.0118943 0.00828618 0.0104793 0.00963734 0.0090573 0.00981254 0.0179641 0.00826614 0.00814284 0.00808482 0.00805782 0.00825338 0.00820242 0.00796099 0.00845774 0.00843285 0.00805448 0.00806334 0.00968988 0.00816734 0.0079423 0.00798043 0.00816844 0.00913587 0.00845742 0.0107142 0.00869302 0.0108746 0.00870223 0.0101637 0.00842603 
0.00371929 0.00363377 0 0.00362634 0.00367135 0.00363237 0.00374988 0.00401997 0.00354905 0.010791 0.0100666 0.00914256 0.0087974 0.00931608 0.00862387 0.00891922 0.0106976 0.00828239 0.0198486 0.0108145 0.0119149 0.0185317 0.00963081 0.00935739 0.00846048 0.00814926 0.00843266 0.00813899 0.00794237 0.00804525 0.00821609 0.00803787 0.00810862 0.00808022 0.00814538 0.00816526 0.0080551 0.00797558 0.00804332 0.00885755 0.00937109 0.0138313 0.009539 0.0192362 0.00970981 0.012736 0.00837924 0.00835003 
0.0037092 0.00367209 0.00362634 0 0.00362381 0.003601 0.00356615 0.00364015 0.0037733 0.00826788 0.0109931 0.00913994 0.00845865 0.00941332 0.00948979 0.00890076 0.00854796 0.018287 0.00985289 0.0155048 0.0211983 0.0115294 0.016964 0.00873824 0.00851878 0.00861273 0.008284 0.00802336 0.0079405 0.00807127 0.0080071 0.00835783 0.00800194 0.00805592 0.00815324 0.00815377 0.00799119 0.00795954 0.00818601 0.00858328 0.0120177 0.00947654 0.0213751 0.0105101 0.0203342 0.00990393 0.00961962 0.00807547 
0.00372114 0.00367428 0.00367135 0.00362381 0 0.00354742 0.00354733 0.00357038 0.0035725 0.00971421 0.00978719 0.00998015 0.00900447 0.00914332 0.00865975 0.00914451 0.0108408 0.00869265 0.0166663 0.0135873 0.0118367 0.0198752 0.0091582 0.00927418 0.00866209 0.008163 0.0083856 0.00807526 0.00795504 0.00798116 0.00809047 0.00811343 0.00815766 0.00819126 0.00808785 0.00816554 0.00800528 0.00792902 0.00800122 0.00889496 0.00923957 0.0143943 0.00963991 0.0257947 0.0101437 0.0135612 0.00850927 0.00835568 
0.00371174 0.00370814 0.00363237 0.003601 0.00354742 0 0.00355263 0.00357739 0.00396817 0.00733357 0.00948967 0.00895761 0.0085131 0.00869185 0.00907544 0.00944656 0.00849423 0.0120504 0.00958382 0.0118338 0.0150516 0.0102652 0.0107504 0.00845211 0.00846273 0.00832777 0.00820961 0.00806649 0.00796001 0.00803838 0.00804428 0.00823121 0.00805239 0.0079921 0.00810488 0.00814549 0.00805421 0.00790982 0.00818992 0.00845374 0.00990437 0.00900003 0.0165427 0.00943373 0.0125591 0.00890951 0.00891704 0.00815791 
0.00371696 0.00366936 0.00374988 0.00356615 0.00354733 0.00355263 0 0.00358212 0.00361359 0.0079167 0.00904316 0.00873117 0.00834161 0.00849478 0.00838333 0.00858445 0.00906293 0.00831898 0.00922543 0.00947839 0.00901037 0.0102375 0.0085835 0.008308 0.00807389 0.00794148 0.00807029 0.00795485 0.00792836 0.00795869 0.00790539 0.00800112 0.00800535 0.00802461 0.00798493 0.00803096 0.00795763 0.00795962 0.0079376 0.00860204 0.00835668 0.0108765 0.00859657 0.0106198 0.00876697 0.00891151 0.00822645 0.00801837 
0.00384301 0.00445112 0.00401997 0.00364015 0.00357038 0.00357739 0.00358212 0 0.00454344 0.00868888 0.00948401 0.00952972 0.00882895 0.00897314 0.0102411 0.00839279 0.00874962 0.00841587 0.00831495 0.00842088 0.00852704 0.00843487 0.0083643 0.00807592 0.00797496 0.00795628 0.00796678 0.00793142 0.00790106 0.00802022 0.00834721 0.00803204 0.00798358 0.00801797 0.00796461 0.00801065 0.00791899 0.00789497 0.00812708 0.00804443 0.00905355 0.00831578 0.0084188 0.00849757 0.00845579 0.00832198 0.00826936 0.00798351 
0.00493102 0.00441902 0.00354905 0.0037733 0.0035725 0.00396817 0.00361359 0.00454344 0 0.0196674 0.0112193 0.0101518 0.0107486 0.0140336 0.00872376 0.00895677 0.00939268 0.00873788 0.00816843 0.00821942 0.00835795 0.00827301 0.00839017 0.00801691 0.00791286 0.00794581 0.00793535 0.00786399 0.00795006 0.00827836 0.00797228 0.007925 0.00789497 0.00837102 0.00799565 0.00789808 0.00792425 0.00803258 0.00794171 0.0079142 0.00806142 0.00806389 0.00882956 0.00817935 0.00836576 0.00806326 0.0081037 0.00808316 
0.0143153 0.00878608 0.010791 0.00826788 0.00971421 0.00733357 0.0079167 0.00868888 0.0196674 0 0.0607197 0.0211168 0.119544 0.0188691 0.0102577 0.0124599 0.0338602 0.00827706 0.00900788 0.00854191 0.00840692 0.00892534 0.00821966 0.00826698 0.00805456 0.00794018 0.00799969 0.00820603 0.00906074 0.0110737 0.00832058 0.00843474 0.0108849 0.00927042 0.00819091 0.00807567 0.00918145 0.00961525 0.00809086 0.00808819 0.00805351 0.00854179 0.00805086 0.00878852 0.00822994 0.00845278 0.00815285 0.0109113 
0.0110196 0.0128712 0.0100666 0.0109931 0.00978719 0.00948967 0.00904316 0.00948401 0.0112193 0.0607197 0 0.00428979 0.0317076 0.0162304 0.0192213 0.0307191 0.0110799 0.012114 0.0102392 0.00918404 0.0091604 0.0090477 0.00871787 0.00834243 0.0082881 0.00811719 0.00819883 0.00823975 0.0091639 0.00848051 0.00798137 0.00851227 0.00921986 0.00847044 0.00803077 0.00835881 0.00874421 0.00813743 0.00807845 0.00822344 0.00833571 0.00858788 0.00874641 0.00888637 0.00907401 0.00870907 0.00905811 0.00987743 
0.0142124 0.00995115 0.00914256 0.00913994 0.00998015 0.00895761 0.00873117 0.00952972 0.0101518 0.0211168 0.00428979 0 0.0500408 0.018031 0.0687039 0.0179441 0.0166911 0.00916907 0.00889509 0.00933704 0.00918253 0.00959009 0.00877086 0.00842389 0.00831032 0.00828791 0.00834277 0.00842909 0.00842645 0.0096459 0.00854502 0.00836312 0.00864465 0.00994631 0.00849252 0.00861041 0.00842625 0.00879489 0.00832652 0.00826543 0.00859801 0.0086927 0.00886748 0.00960859 0.00906571 0.00880178 0.00895125 0.00938865 
0.0119785 0.0094075 0.0087974 0.00845865 0.00900447 0.0085131 0.00834161 0.00882895 0.0107486 0.119544 0.0317076 0.0500408 0 0.272871 0.0100751 0.0175437 0.0197808 0.00942511 0.00890547 0.00872968 0.00882291 0.00894243 0.00853584 0.0083929 0.00825419 0.00827229 0.00832096 0.00851091 0.0107978 0.0110508 0.00870456 0.00878407 0.0110288 0.00955749 0.00875186 0.00842867 0.00995061 0.00969779 0.00917098 0.00827098 0.00837867 0.00860189 0.00844625 0.00972711 0.00861286 0.00936785 0.00871239 0.0120426 
0.00944812 0.00929374 0.00931608 0.00941332 0.00914332 0.00869185 0.00849478 0.00897314 0.0140336 0.0188691 0.0162304 0.018031 0.272871 0 0.00417662 0.00403188 0.0561792 0.0134147 0.0154634 0.0108169 0.0109743 0.0105956 0.00927352 0.00882433 0.00882144 0.00853648 0.00855845 0.00875135 0.0144431 0.0099809 0.00845405 0.00971003 0.0134532 0.00885371 0.00832716 0.00924043 0.0130579 0.00867852 0.00813871 0.00855446 0.00874394 0.00920327 0.0095161 0.00986091 0.0102146 0.00969078 0.00955994 0.0172558 
0.00896957 0.0104484 0.00862387 0.00948979 0.00865975 0.00907544 0.00838333 0.0102411 0.00872376 0.0102577 0.0192213 0.0687039 0.0100751 0.00417662 0 0.00424727 0.010905 0.04627 0.0106578 0.0131059 0.0115988 0.0109155 0.0103574 0.00858114 0.00878176 0.00872136 0.00869988 0.00983034 0.00924523 0.00920933 0.00924633 0.00996614 0.00892386 0.0121342 0.00880482 0.0104532 0.0085412 0.00845969 0.00892657 0.00872769 0.00903392 0.00898268 0.00978566 0.010004 0.0108264 0.00885035 0.0136072 0.0091749 
0.0131951 0.00958915 0.00891922 0.00890076 0.00914451 0.00944656 0.00858445 0.00839279 0.00895677 0.0124599 0.0307191 0.0179441 0.0175437 0.00403188 0.00424727 0 0.0247466 0.00984445 0.01292 0.0113109 0.0132333 0.0142025 0.0104322 0.00909216 0.00873081 0.0085906 0.00891966 0.00880086 0.0100949 0.0126036 0.00885161 0.00839203 0.00916732 0.0135138 0.00859349 0.00842787 0.00892496 0.010966 0.00846048 0.00887171 0.0091279 0.00904247 0.00924566 0.00983556 0.00931042 0.00960965 0.00876107 0.0102629 
0.0088861 0.00834133 0.0106976 0.00854796 0.0108408 0.00849423 0.00906293 0.00874962 0.00939268 0.0338602 0.0110799 0.0166911 0.0197808 0.0561792 0.010905 0.0247466 0 0.00388968 0.00365769 0.0035916 0.00367069 0.00701514 0.00364849 0.00395752 0.0042336 0.00466085 0.00542461 0.00649989 0.0147599 0.0079461 0.00794106 0.00923994 0.0272241 0.00799312 0.00852784 0.00973376 0.030709 0.0110745 0.00900626 0.0106936 0.00956446 0.0142716 0.00914395 0.020808 0.0102757 0.0169769 0.0104723 0.0863428 
0.0085942 0.0118943 0.00828239 0.018287 0.00869265 0.0120504 0.00831898 0.00841587 0.00873788 0.00827706 0.012114 0.00916907 0.00942511 0.0134147 0.04627 0.00984445 0.00388968 0 0.00356124 0.00357969 0.00361097 0.00358836 0.00404216 0.00366494 0.00379827 0.00449398 0.00503285 0.00672561 0.00652403 0.00640554 0.00700495 0.00915782 0.00631049 0.00810868 0.00967792 0.0123462 0.00845977 0.0088161 0.00904853 0.0103199 0.0172743 0.00926796 0.0477405 0.0102348 0.0493679 0.0097018 0.10693 0.00982146 
0.0084602 0.00828618 0.0198486 0.00985289 0.0166663 0.00958382 0.00922543 0.00831495 0.00816843 0.00900788 0.0102392 0.00889509 0.00890547 0.0154634 0.0106578 0.01292 0.00365769 0.00356124 0 0.00356738 0.00357812 0.00359053 0.00358035 0.00367439 0.00365855 0.00389382 0.00463402 0.00538173 0.00511882 0.00661295 0.00981085 0.0059671 0.00578152 0.00715713 0.00905315 0.0082636 0.00846831 0.00815193 0.00892337 0.00984019 0.0129909 0.0251509 0.0108347 0.053446 0.013085 0.0622242 0.0134714 0.0133213 
0.00850693 0.0104793 0.0108145 0.0155048 0.0135873 0.0118338 0.00947839 0.00842088 0.00821942 0.00854191 0.00918404 0.00933704 0.00872968 0.0108169 0.0131059 0.0113109 0.0035916 0.00357969 0.00356738 0 0.00354762 0.00353859 0.00355646 0.00363044 0.00361707 0.00537729 0.00387695 0.00415518 0.00540091 0.00854419 0.00646507 0.00644354 0.00734414 0.00728638 0.0085038 0.0133661 0.00878097 0.00856635 0.0087784 0.0111776 0.0161319 0.0215455 0.0303028 0.0260575 0.0497803 0.0518152 0.0350436 0.0099151 
0.00919033 0.00963734 0.0119149 0.0211983 0.0118367 0.0150516 0.00901037 0.00852704 0.00835795 0.00840692 0.0091604 0.00918253 0.00882291 0.0109743 0.0115988 0.0132333 0.00367069 0.00361097 0.00357812 0.00354762 0 0.00354168 0.00353812 0.00356459 0.00362222 0.00363964 0.00364955 0.00401249 0.00551715 0.0060389 0.006334 0.0141481 0.00547995 0.00664813 0.00918558 0.00865493 0.0109508 0.00829748 0.00953181 0.00990211 0.0262744 0.0211778 0.0513737 0.0220998 0.116178 0.0432629 0.0187828 0.011029 
0.0086792 0.0090573 0.0185317 0.0115294 0.0198752 0.0102652 0.0102375 0.00843487 0.00827301 0.00892534 0.0090477 0.00959009 0.00894243 0.0105956 0.0109155 0.0142025 0.00701514 0.00358836 0.00359053 0.00353859 0.00354168 0 0.00353829 0.00353409 0.0036579 0.0035954 0.00373181 0.00392542 0.00412545 0.00598319 0.007385 0.00616262 0.00869099 0.00632663 0.00770398 0.0147792 0.0136349 0.00840328 0.00882686 0.0137751 0.0213628 0.0477205 0.0132508 0.176817 0.0275002 0.0526235 0.0121371 0.012532 
0.00895235 0.00981254 0.00963081 0.016964 0.0091582 0.0107504 0.0085835 0.0083643 0.00839017 0.00821966 0.00871787 0.00877086 0.00853584 0.00927352 0.0103574 0.0104322 0.00364849 0.00404216 0.00358035 0.00355646 0.00353812 0.00353829 0 0.00365015 0.00356828 0.00368987 0.00360091 0.00365955 0.00369612 0.00605619 0.00651776 0.00580707 0.00528346 0.00617483 0.0098191 0.010968 0.0112302 0.00791724 0.00917103 0.0186528 0.0180126 0.00974369 0.1649 0.0214476 0.037179 0.0126637 0.0173465 0.00946832 
0.00821588 0.0179641 0.00935739 0.00873824 0.00927418 0.00845211 0.008308 0.00807592 0.00801691 0.00826698 0.00834243 0.00842389 0.0083929 0.00882433 0.00858114 0.00909216 0.00395752 0.00366494 0.00367439 0.00363044 0.00356459 0.00353409 0.00365015 0 0.00355419 0.00354793 0.00366703 0.00363827 0.0147213 0.00489981 0.00684321 0.00442509 0.00446628 0.00618168 0.00776966 0.00826352 0.00761799 0.00734288 0.0168553 0.00895899 0.00871506 0.0730452 0.0163179 0.0198251 0.0107729 0.017105 0.00931073 0.00930899 
0.00822623 0.00826614 0.00846048 0.00851878 0.00866209 0.00846273 0.00807389 0.00797496 0.00791286 0.00805456 0.0082881 0.00831032 0.00825419 0.00882144 0.00878176 0.00873081 0.0042336 0.00379827 0.00365855 0.00361707 0.00362222 0.0036579 0.00356828 0.00355419 0 0.0036918 0.00355712 0.0036294 0.00371606 0.00447216 0.00517761 0.00513592 0.0114773 0.00572928 0.00643053 0.00702175 0.00672556 0.00734554 0.00777843 0.00834701 0.0444322 0.0379306 0.010398 0.0103456 0.0131787 0.0100523 0.00905171 0.00855566 
0.00808049 0.00814284 0.00814926 0.00861273 0.008163 0.00832777 0.00794148 0.00795628 0.00794581 0.00794018 0.00811719 0.00828791 0.00827229 0.00853648 0.00872136 0.0085906 0.00466085 0.00449398 0.00389382 0.00537729 0.00363964 0.0035954 0.00368987 0.00354793 0.0036918 0 0.00451857 0.00353966 0.0036927 0.00406678 0.00466323 0.0131694 0.0234647 0.00638765 0.0060183 0.00650315 0.00687595 0.00685053 0.00767706 0.0193677 0.0383411 0.00883329 0.0100584 0.0099386 0.010032 0.00951803 0.00918865 0.0086203 
0.00810515 0.00808482 0.00843266 0.008284 0.0083856 0.00820961 0.00807029 0.00796678 0.00793535 0.00799969 0.00819883 0.00834277 0.00832096 0.00855845 0.00869988 0.00891966 0.00542461 0.00503285 0.00463402 0.00387695 0.00364955 0.00373181 0.00360091 0.00366703 0.00355712 0.00451857 0 0.003532 0.0035444 0.00538599 0.0154501 0.0469761 0.00559775 0.00471884 0.00578212 0.00604059 0.00652797 0.00695003 0.0120467 0.059546 0.00996384 0.00891514 0.0102877 0.00945436 0.00930096 0.0100311 0.00879941 0.00867546 
0.00805803 0.00805782 0.00813899 0.00802336 0.00807526 0.00806649 0.00795485 0.00793142 0.00786399 0.00820603 0.00823975 0.00842909 0.00851091 0.00875135 0.00983034 0.00880086 0.00649989 0.00672561 0.00538173 0.00415518 0.00401249 0.00392542 0.00365955 0.00363827 0.0036294 0.00353966 0.003532 0 0.00409466 0.0138248 0.101428 0.00885052 0.00585365 0.00435844 0.00663246 0.0058077 0.00600777 0.0104444 0.0813543 0.00784087 0.00797352 0.00936278 0.00815588 0.0100135 0.00880426 0.00931666 0.00928791 0.00877212 
0.0098561 0.00825338 0.00794237 0.0079405 0.00795504 0.00796001 0.00792836 0.00790106 0.00795006 0.00906074 0.0091639 0.00842645 0.0107978 0.0144431 0.00924523 0.0100949 0.0147599 0.00652403 0.00511882 0.00540091 0.00551715 0.00412545 0.00369612 0.0147213 0.00371606 0.0036927 0.0035444 0.00409466 0 0.257625 0.00482766 0.00550246 0.00360113 0.00555815 0.00556663 0.00551045 0.00702027 0.118217 0.00698981 0.00804165 0.00877683 0.00775082 0.00860887 0.00864168 0.0093475 0.00854304 0.00966107 0.0104793 
0.0083841 0.00820242 0.00804525 0.00807127 0.00798116 0.00803838 0.00795869 0.00802022 0.00827836 0.0110737 0.00848051 0.0096459 0.0110508 0.0099809 0.00920933 0.0126036 0.0079461 0.00640554 0.00661295 0.00854419 0.0060389 0.00598319 0.00605619 0.00489981 0.00447216 0.00406678 0.00538599 0.0138248 0.257625 0 0.00367483 0.00396159 0.00555708 0.003735 0.00441276 0.00625459 0.647532 0.00569747 0.00604859 0.00645562 0.00703266 0.00750151 0.00947796 0.0145981 0.0167484 0.00946924 0.0102 0.0233323 
0.00795052 0.00796099 0.00821609 0.0080071 0.00809047 0.00804428 0.00790539 0.00834721 0.00797228 0.00832058 0.00798137 0.00854502 0.00870456 0.00845405 0.00924633 0.00885161 0.00794106 0.00700495 0.00981085 0.00646507 0.006334 0.007385 0.00651776 0.00684321 0.00517761 0.00466323 0.0154501 0.101428 0.00482766 0.00367483 0 0.003931 0.00354849 0.00368249 0.00480556 0.681772 0.00590045 0.00547191 0.00586638 0.00681073 0.00650756 0.0140698 0.00779374 0.0199804 0.00975457 0.0103397 0.0167845 0.00910988 
0.00869381 0.00845774 0.00803787 0.00835783 0.00811343 0.00823121 0.00800112 0.00803204 0.007925 0.00843474 0.00851227 0.00836312 0.00878407 0.00971003 0.00996614 0.00839203 0.00923994 0.00915782 0.0059671 0.00644354 0.0141481 0.00616262 0.00580707 0.00442509 0.00513592 0.0131694 0.0469761 0.00885052 0.00550246 0.00396159 0.003931 0 0.00352608 0.00356275 0.690074 0.00360536 0.00440712 0.00521392 0.00583861 0.00560839 0.00683109 0.00651355 0.0214731 0.00703373 0.00823886 0.00805494 0.00823369 0.00769754 
0.00973574 0.00843285 0.00810862 0.00800194 0.00815766 0.00805239 0.00800535 0.00798358 0.00789497 0.0108849 0.00921986 0.00864465 0.0110288 0.0134532 0.00892386 0.00916732 0.0272241 0.00631049 0.00578152 0.00734414 0.00547995 0.00869099 0.00528346 0.00446628 0.0114773 0.0234647 0.00559775 0.00585365 0.00360113 0.00555708 0.00354849 0.00352608 0 0.572395 0.00361291 0.00361442 0.00362263 0.00616243 0.00458266 0.00490414 0.00522721 0.0157885 0.00622679 0.00626965 0.00666835 0.00700285 0.00629472 0.00789165 
0.00802216 0.00805448 0.00808022 0.00805592 0.00819126 0.0079921 0.00802461 0.00801797 0.00837102 0.00927042 0.00847044 0.00994631 0.00955749 0.00885371 0.0121342 0.0135138 0.00799312 0.00810868 0.00715713 0.00728638 0.00664813 0.00632663 0.00617483 0.00618168 0.00572928 0.00638765 0.00471884 0.00435844 0.00555815 0.003735 0.00368249 0.00356275 0.572395 0 0.00357862 0.00361031 0.00368555 0.00422603 0.00370773 0.0195234 0.0324719 0.0112169 0.00517116 0.00617085 0.00585943 0.00611291 0.00817048 0.0257419 
0.00794815 0.00806334 0.00814538 0.00815324 0.00808785 0.00810488 0.00798493 0.00796461 0.00799565 0.00819091 0.00803077 0.00849252 0.00875186 0.00832716 0.00880482 0.00859349 0.00852784 0.00967792 0.00905315 0.0085038 0.00918558 0.00770398 0.0098191 0.00776966 0.00643053 0.0060183 0.00578212 0.00663246 0.00556663 0.00441276 0.00480556 0.690074 0.00361291 0.00357862 0 0.00358955 0.00377131 0.00371377 0.0301822 0.049197 0.0132645 0.00443729 0.00547209 0.00557482 0.00778291 0.00668511 0.010023 0.00863749 
0.00812729 0.00968988 0.00816526 0.00815377 0.00816554 0.00814549 0.00803096 0.00801065 0.00789808 0.00807567 0.00835881 0.00861041 0.00842867 0.00924043 0.0104532 0.00842787 0.00973376 0.0123462 0.0082636 0.0133661 0.00865493 0.0147792 0.010968 0.00826352 0.00702175 0.00650315 0.00604059 0.0058077 0.00551045 0.00625459 0.681772 0.00360536 0.00361442 0.00361031 0.00358955 0 0.00365214 0.0144211 0.0859257 0.00819314 0.00438636 0.00447128 0.00574792 0.00637387 0.00699372 0.00787603 0.0124616 0.00720694 
0.00867885 0.00816734 0.0080551 0.00799119 0.00800528 0.00805421 0.00795763 0.00791899 0.00792425 0.00918145 0.00874421 0.00842625 0.00995061 0.0130579 0.0085412 0.00892496 0.030709 0.00845977 0.00846831 0.00878097 0.0109508 0.0136349 0.0112302 0.00761799 0.00672556 0.00687595 0.00652797 0.00600777 0.00702027 0.647532 0.00590045 0.00440712 0.00362263 0.00368555 0.00377131 0.00365214 0 0.321593 0.00617724 0.00377499 0.00401801 0.00394786 0.00487934 0.00602583 0.00694776 0.00700695 0.00635714 0.00735512 
0.00793942 0.0079423 0.00797558 0.00795954 0.00792902 0.00790982 0.00795962 0.00789497 0.00803258 0.00961525 0.00813743 0.00879489 0.00969779 0.00867852 0.00845969 0.010966 0.0110745 0.0088161 0.00815193 0.00856635 0.00829748 0.00840328 0.00791724 0.00734288 0.00734554 0.00685053 0.00695003 0.0104444 0.118217 0.00569747 0.00547191 0.00521392 0.00616243 0.00422603 0.00371377 0.0144211 0.321593 0 0.00369388 0.00353927 0.00355648 0.00360326 0.00380635 0.00374936 0.00416867 0.00482677 0.00529318 0.0123777 
0.00792793 0.00798043 0.00804332 0.00818601 0.00800122 0.00818992 0.0079376 0.00812708 0.00794171 0.00809086 0.00807845 0.00832652 0.00917098 0.00813871 0.00892657 0.00846048 0.00900626 0.00904853 0.00892337 0.0087784 0.00953181 0.00882686 0.00917103 0.0168553 0.00777843 0.00767706 0.0120467 0.0813543 0.00698981 0.00604859 0.00586638 0.00583861 0.00458266 0.00370773 0.0301822 0.0859257 0.00617724 0.00369388 0 0.0035339 0.00358502 0.00359397 0.00364389 0.00369526 0.00407647 0.0040709 0.00577971 0.00705929 
0.00805299 0.00816844 0.00885755 0.00858328 0.00889496 0.00845374 0.00860204 0.00804443 0.0079142 0.00808819 0.00822344 0.00826543 0.00827098 0.00855446 0.00872769 0.00887171 0.0106936 0.0103199 0.00984019 0.0111776 0.00990211 0.0137751 0.0186528 0.00895899 0.00834701 0.0193677 0.059546 0.00784087 0.00804165 0.00645562 0.00681073 0.00560839 0.00490414 0.0195234 0.049197 0.00819314 0.00377499 0.00353927 0.0035339 0 0.00353526 0.00355793 0.00356737 0.00358581 0.00390213 0.00526668 0.00378468 0.00502555 
0.00813939 0.00913587 0.00937109 0.0120177 0.00923957 0.00990437 0.00835668 0.00905355 0.00806142 0.00805351 0.00833571 0.00859801 0.00837867 0.00874394 0.00903392 0.0091279 0.00956446 0.0172743 0.0129909 0.0161319 0.0262744 0.0213628 0.0180126 0.00871506 0.0444322 0.0383411 0.00996384 0.00797352 0.00877683 0.00703266 0.00650756 0.00683109 0.00522721 0.0324719 0.0132645 0.00438636 0.00401801 0.00355648 0.00358502 0.00353526 0 0.00355586 0.00355807 0.00358829 0.00385046 0.00396796 0.0037842 0.00463104 
0.0083553 0.00845742 0.0138313 0.00947654 0.0143943 0.00900003 0.0108765 0.00831578 0.00806389 0.00854179 0.00858788 0.0086927 0.00860189 0.00920327 0.00898268 0.00904247 0.0142716 0.00926796 0.0251509 0.0215455 0.0211778 0.0477205 0.00974369 0.0730452 0.0379306 0.00883329 0.00891514 0.00936278 0.00775082 0.00750151 0.0140698 0.00651355 0.0157885 0.0112169 0.00443729 0.00447128 0.00394786 0.00360326 0.00359397 0.00355793 0.00355586 0 0.00353989 0.00359797 0.00361551 0.00362391 0.00362833 0.00387645 
0.00837295 0.0107142 0.009539 0.0213751 0.00963991 0.0165427 0.00859657 0.0084188 0.00882956 0.00805086 0.00874641 0.00886748 0.00844625 0.0095161 0.00978566 0.00924566 0.00914395 0.0477405 0.0108347 0.0303028 0.0513737 0.0132508 0.1649 0.0163179 0.010398 0.0100584 0.0102877 0.00815588 0.00860887 0.00947796 0.00779374 0.0214731 0.00622679 0.00517116 0.00547209 0.00574792 0.00487934 0.00380635 0.00364389 0.00356737 0.00355807 0.00353989 0 0.00355695 0.00374345 0.0036212 0.00363577 0.0038097 
0.00848413 0.00869302 0.0192362 0.0105101 0.0257947 0.00943373 0.0106198 0.00849757 0.00817935 0.00878852 0.00888637 0.00960859 0.00972711 0.00986091 0.010004 0.00983556 0.020808 0.0102348 0.053446 0.0260575 0.0220998 0.176817 0.0214476 0.0198251 0.0103456 0.0099386 0.00945436 0.0100135 0.00864168 0.0145981 0.0199804 0.00703373 0.00626965 0.00617085 0.00557482 0.00637387 0.00602583 0.00374936 0.00369526 0.00358581 0.00358829 0.00359797 0.00355695 0 0.00356885 0.00359532 0.00363543 0.00380642 
0.00851827 0.0108746 0.00970981 0.0203342 0.0101437 0.0125591 0.00876697 0.00845579 0.00836576 0.00822994 0.00907401 0.00906571 0.00861286 0.0102146 0.0108264 0.00931042 0.0102757 0.0493679 0.013085 0.0497803 0.116178 0.0275002 0.037179 0.0107729 0.0131787 0.010032 0.00930096 0.00880426 0.0093475 0.0167484 0.00975457 0.00823886 0.00666835 0.00585943 0.00778291 0.00699372 0.00694776 0.00416867 0.00407647 0.00390213 0.00385046 0.00361551 0.00374345 0.00356885 0 0.00364893 0.00368697 0.00367303 
0.00860457 0.00870223 0.012736 0.00990393 0.0135612 0.00890951 0.00891151 0.00832198 0.00806326 0.00845278 0.00870907 0.00880178 0.00936785 0.00969078 0.00885035 0.00960965 0.0169769 0.0097018 0.0622242 0.0518152 0.0432629 0.0526235 0.0126637 0.017105 0.0100523 0.00951803 0.0100311 0.00931666 0.00854304 0.00946924 0.0103397 0.00805494 0.00700285 0.00611291 0.00668511 0.00787603 0.00700695 0.00482677 0.0040709 0.00526668 0.00396796 0.00362391 0.0036212 0.00359532 0.00364893 0 0.0035986 0.00361264 
0.00838844 0.0101637 0.00837924 0.00961962 0.00850927 0.00891704 0.00822645 0.00826936 0.0081037 0.00815285 0.00905811 0.00895125 0.00871239 0.00955994 0.0136072 0.00876107 0.0104723 0.10693 0.0134714 0.0350436 0.0187828 0.0121371 0.0173465 0.00931073 0.00905171 0.00918865 0.00879941 0.00928791 0.00966107 0.0102 0.0167845 0.00823369 0.00629472 0.00817048 0.010023 0.0124616 0.00635714 0.00529318 0.00577971 0.00378468 0.0037842 0.00362833 0.00363577 0.00363543 0.00368697 0.0035986 0 0.00367861 
0.00978281 0.00842603 0.00835003 0.00807547 0.00835568 0.00815791 0.00801837 0.00798351 0.00808316 0.0109113 0.00987743 0.00938865 0.0120426 0.0172558 0.0091749 0.0102629 0.0863428 0.00982146 0.0133213 0.0099151 0.011029 0.012532 0.00946832 0.00930899 0.00855566 0.0086203 0.00867546 0.00877212 0.0104793 0.0233323 0.00910988 0.00769754 0.00789165 0.0257419 0.00863749 0.00720694 0.00735512 0.0123777 0.00705929 0.00502555 0.00463104 0.00387645 0.0038097 0.00380642 0.00367303 0.00361264 0.00367861 0 
