1JLRB
LLVDPRYSTNDQEESILQDIITRFPNVVLMKQTAQLRAMMTIIRDKETPKEEFVFYADRLIRLLIEEALNELPFQKKEVTTPLDVSYHGVSFYSKICGVSIVRAGESMESGLRAVCRGVRIGKILIQRDETTAEPKLIYEKLPADIRERWVMLLDPMCATAGSVCKAIEVLLRLGVKEERIIFVNILAAPQGIERVFKEYPKVRMVTAAVDICLNSRYYIVPGIGDFGDRYFGTM
CCCCCCCCCCCCHHHHHHHHHHHCCCEEECCCCHHHHHHHHHHHCCCCCHHHHHHHHHHHHHHHHHHHHCCCCEEEEEEECCCCCEEEEEEECCCEEEEEECCCHHHHHHHHHHHCCCCCEEEEEEEECCCCCCEEEEEEECCCCHHHCEEEEECCEECCCHHHHHHHHHHHHHCCCHHHEEEEEEEECHHHHHHHHHHCCCCEEEEEEECCEECCCCCEECCCCCHHHHHCCCC
0 0 0 0 0 0 0 0 0 0 0 0 0 0 0 0 0 0 0 0 0 0 0 0 0 0 0 0 0 0 0 0 0 0 0 0 0 0 0 0 0 0 0 0 0 0 0 0 0 0 0 0 0 0 0 0 0 0 0 0 0 0 0 0 0 0 0 0 0 0 0 0 0 0 0 0 0 0 0 0 0 0 0 0 0 0 0 0 0 0 0 0 0 0 0 0 0 0 0 0 0 0 0 0 0 0 0 0 0 0 0 0 0 0 0 0 0 0 0 0 0 0 0 0 0 0 0 0 0 0 0 0 0 0 0 0 0 0 0 0 0 0 0 0 0 0 0 0 0 0 0 0 0 0 0 0 0 0 0 0 0 0 0 0 0 0 0 0 0 0 0 0 0 0 0 0 0 0 0 0 0 0 0 0 0 0 0 0 0 0 0 0 0 0 0 0 0 0 0 0 0 0 0 0 0 0 0 0 0 0 0 0 0 0 0 0 0 0 0 0 0 0 0 0 0 0 0 0 0 0 0 0 0 0 0 
0 0 0 0 0 0 0 0 0 0 0 0 0 0 0 0 0 0 0 0 0 0 0 0 0 0 0 0 0 0 0 0 0 0 0 0 0 0 0 0 0 0 0 0 0 0 0 0 0 0 0 0 0 0 0 0 0 0 0 0 0 0 0 0 0 0 0 0 0 0 0 0 0 0 0 0 0 0 0 0 0 0 0 0 0 0 0 0 0 0 0 0 0 0 0 0 0 0 0 0 0 0 0 0 0 0 0 0 0 0 0 0 0 0 0 0 0 0 0 0 0 0 0 0 0 0 0 0 0 0 0 0 0 0 0 0 0 0 0 0 0 0 0 0 0 0 0 0 0 0 0 0 0 0 0 0 0 0 0 0 0 0 0 0 0 0 0 0 0 0 0 0 0 0 0 0 0 0 0 0 0 0 0 0 0 0 0 0 0 0 0 0 0 0 0 0 0 0 0 0 0 0 0 0 0 0 0 0 0 0 0 0 0 0 0 0 0 0 0 0 0 0 0 0 0 0 0 0 0 0 0 0 0 0 0 
0 0.00394338 0.00448006 0.0355226 0.00980145 0.00975131 0.0103941 0.010694 0.0113046 0.0215595 0.0123217 0.00994594 0.00905108 0.00958983 0.00942491 0.00919356 0.0152312 0.0153093 0.010374 0.010619 0.00991083 0.0116221 0.0149956 0.0117071 0.00880511 0.00894133 0.00923727 0.00903279 0.00854881 0.00881376 0.0104401 0.00977464 0.00825952 0.00830236 0.00844694 0.00827601 0.00872499 0.00984784 0.00869573 0.00862053 0.00914071 0.00908505 0.0104033 0.00826066 0.00843168 0.00956554 0.00843562 0.00873282 0.00851005 0.00856 0.0084933 0.00850056 0.0106747 0.00866808 0.00828342 0.00830504 0.00835452 0.00844647 0.008497 0.00913561 0.00821818 0.00849975 0.00834156 0.00833547 
0.00394338 0 0.00372551 0.0149425 0.0166801 0.00976469 0.0103519 0.0107635 0.0685338 0.0101821 0.00882583 0.0156105 0.0087235 0.0103021 0.00943417 0.00950826 0.00924733 0.0103693 0.04291 0.0121076 0.0139609 0.0185328 0.0110908 0.00938649 0.011471 0.00949151 0.0124536 0.00948012 0.00940127 0.00855034 0.00827991 0.00825409 0.00840593 0.00895955 0.00840754 0.00855133 0.00850271 0.008124 0.00818534 0.00991789 0.0092218 0.0104418 0.00864659 0.00812907 0.00836548 0.00894065 0.00857439 0.00913589 0.00913484 0.00884359 0.00891268 0.00888446 0.00851708 0.00801742 0.00860773 0.00856514 0.00852503 0.0086817 0.00864078 0.00835518 0.00799801 0.00815508 0.00813304 0.00809431 
0.00448006 0.00372551 0 0.013241 0.0106649 0.0121398 0.00930406 0.0296039 0.0157939 0.110956 0.025938 0.00921626 0.0125407 0.00977178 0.00964445 0.00998256 0.0100127 0.0192399 0.0103111 0.0150135 0.0104121 0.0154932 0.0205016 0.0149409 0.00959647 0.0109689 0.00965267 0.0115673 0.00893539 0.00854083 0.00824311 0.00921462 0.00964426 0.00839239 0.00957125 0.00839517 0.00830031 0.00830707 0.0112949 0.00907413 0.0104367 0.00925041 0.00932262 0.00968635 0.00842659 0.0105783 0.00949202 0.00964935 0.00877587 0.00900324 0.00878175 0.00852202 0.00898161 0.00933519 0.00855332 0.00854143 0.0083193 0.00846687 0.00837419 0.00850906 0.00842968 0.00808826 0.00852359 0.00812445 
0.0355226 0.0149425 0.013241 0 0.00358619 0.00372478 0.00368237 0.00362144 0.00505454 0.00488988 0.00689923 0.0093841 0.00650713 0.00739392 0.00911347 0.0129023 0.910514 0.0151642 0.00998771 0.010668 0.0111734 0.00936805 0.0323689 0.0144135 0.0103794 0.00935925 0.0117959 0.00888971 0.0102244 0.00882867 0.01576 0.0123063 0.00830209 0.0100886 0.00834414 0.00963075 0.0085636 0.0124808 0.00909537 0.00953608 0.00960953 0.00927726 0.0150789 0.00821473 0.0102652 0.0114649 0.00854122 0.00883648 0.00879519 0.00860494 0.0086392 0.00854781 0.0131858 0.00822699 0.00838684 0.00824893 0.00811412 0.00854771 0.00824064 0.00952537 0.00800889 0.0100103 0.00818405 0.00813109 
0.00980145 0.0166801 0.0106649 0.00358619 0 0.00372239 0.00360727 0.00387107 0.00367337 0.00412849 0.00630419 0.00608792 0.00649824 0.00723192 0.0152974 0.844165 0.0171472 0.00826251 0.01029 0.0100898 0.00865858 0.0183699 0.0100794 0.00904223 0.0103723 0.0103887 0.00931817 0.0126284 0.00883324 0.00989707 0.00850015 0.008257 0.00890728 0.00848058 0.00900816 0.00842372 0.0090959 0.00848598 0.0082838 0.00937995 0.00940342 0.00978551 0.00839479 0.00815689 0.00820769 0.0080945 0.00825283 0.00880207 0.00841501 0.00852512 0.00840392 0.00852586 0.00862389 0.00801457 0.00821792 0.0081363 0.008257 0.00823306 0.00839176 0.00819637 0.00802975 0.0079977 0.00806511 0.00791017 
0.00975131 0.00976469 0.0121398 0.00372478 0.00372239 0 0.00370441 0.00359578 0.00384837 0.00358315 0.00540328 0.00639619 0.00672635 0.00925976 0.870943 0.0185522 0.007233 0.00812809 0.00857509 0.009241 0.0120798 0.00991874 0.00858201 0.0088731 0.00925764 0.0114143 0.0111549 0.0130776 0.0100839 0.00848502 0.00831876 0.00842425 0.00842059 0.00878078 0.00919853 0.00881187 0.00846835 0.00823676 0.00846888 0.00904843 0.01074 0.00887869 0.00848522 0.0080184 0.00816393 0.00829721 0.00843631 0.00949394 0.00900236 0.00884484 0.00868898 0.0084388 0.00829546 0.00800009 0.00820765 0.00838509 0.00828605 0.00857689 0.00833248 0.00815353 0.00798712 0.00801964 0.00803837 0.00790738 
0.0103941 0.0103519 0.00930406 0.00368237 0.00360727 0.00370441 0 0.00354891 0.00355378 0.0035636 0.00484412 0.00669558 0.00663928 0.885082 0.013364 0.00667253 0.0067658 0.00809105 0.00836022 0.0110356 0.0149657 0.0087174 0.00903939 0.00948837 0.0102453 0.00986449 0.0233646 0.00989454 0.0116128 0.0084308 0.00827902 0.00883409 0.00832035 0.0109549 0.00878219 0.00992157 0.00822886 0.008207 0.00847404 0.0097134 0.0107878 0.00930732 0.0086424 0.0079765 0.00803781 0.00873538 0.00837227 0.00978176 0.0106926 0.00914967 0.00985642 0.00829966 0.00830485 0.00795343 0.00860819 0.00849782 0.00858103 0.00864136 0.00833165 0.00820166 0.00794769 0.00814839 0.00801013 0.00793172 
0.010694 0.0107635 0.0296039 0.00362144 0.00387107 0.00359578 0.00354891 0 0.00353566 0.00363391 0.00764991 0.00562229 0.937353 0.0130089 0.00625032 0.00893933 0.00633418 0.00792255 0.0106603 0.0276468 0.00861442 0.0143739 0.00877395 0.00933453 0.0105529 0.0290271 0.0106153 0.0394563 0.00908327 0.00997938 0.00869058 0.00832259 0.0137465 0.00888691 0.0271536 0.00864829 0.00907452 0.00873795 0.00940194 0.0103638 0.0236485 0.0102238 0.00851502 0.00862263 0.00818621 0.00833576 0.010214 0.0127965 0.0108324 0.0141155 0.00919609 0.00912132 0.0083934 0.00936219 0.00840537 0.00927954 0.00898567 0.00868251 0.00888194 0.00810284 0.00868837 0.00797777 0.00824479 0.00798278 
0.0113046 0.0685338 0.0157939 0.00505454 0.00367337 0.00384837 0.00355378 0.00353566 0 0.00356549 0.00463416 0.942295 0.00620994 0.00695921 0.00696807 0.0063808 0.00639645 0.00938529 0.0117105 0.00992664 0.0155503 0.0104547 0.0137016 0.0116475 0.0167899 0.010505 0.0231375 0.00914404 0.0148282 0.00891459 0.00874005 0.0128884 0.0084744 0.0216003 0.00849897 0.0132531 0.00922306 0.00856648 0.00879755 0.0137051 0.0103752 0.015412 0.00952288 0.00849019 0.00860015 0.0118641 0.00870687 0.0110364 0.0117049 0.00894645 0.0107426 0.00884885 0.00914177 0.00808972 0.00916839 0.00883957 0.00841434 0.00910591 0.0084225 0.00855306 0.00794608 0.0089671 0.00808188 0.00797975 
0.0215595 0.0101821 0.110956 0.00488988 0.00412849 0.00358315 0.0035636 0.00363391 0.00356549 0 0.935773 0.00598965 0.00529651 0.00497758 0.00608618 0.00677454 0.00720727 0.0147595 0.0101874 0.0103155 0.00842944 0.0135498 0.0193812 0.0191759 0.0101932 0.0143642 0.00969825 0.0121588 0.00930239 0.00940045 0.00974174 0.0115386 0.0158807 0.00847069 0.0115898 0.00886867 0.00894431 0.0111575 0.0161705 0.00928105 0.00983365 0.00945979 0.0121629 0.0124306 0.0091329 0.0104834 0.0103227 0.00866896 0.00860186 0.00901171 0.00855634 0.00905046 0.0103117 0.0112366 0.00851831 0.00848838 0.00844804 0.00830255 0.00846443 0.00865181 0.00927225 0.00812843 0.00892099 0.0080619 
0.0123217 0.00882583 0.025938 0.00689923 0.00630419 0.00540328 0.00484412 0.00764991 0.00463416 0.935773 0 0.00380942 0.00356535 0.00357115 0.00361539 0.00447377 0.00471975 0.00605369 0.00659363 0.00660093 0.00660587 0.0118702 0.0948692 0.0172358 0.0113575 0.0100055 0.00932266 0.0110495 0.00867935 0.00971492 0.0132511 0.00978396 0.00981394 0.00860014 0.0108287 0.00851711 0.00905892 0.0184602 0.0102962 0.00915667 0.00948415 0.00942179 0.0114313 0.00894225 0.00873133 0.00838467 0.00899593 0.00870905 0.00860194 0.00891795 0.00853884 0.00878642 0.0115076 0.00915849 0.0080694 0.00824209 0.00839863 0.00827807 0.00862656 0.00900013 0.0088806 0.0084517 0.00835086 0.0082659 
0.00994594 0.0156105 0.00921626 0.0093841 0.00608792 0.00639619 0.00669558 0.00562229 0.942295 0.00598965 0.00380942 0 0.00355778 0.00356295 0.00366956 0.00378521 0.00374237 0.00614247 0.00639942 0.00687227 0.0108901 0.0456591 0.0986962 0.0147582 0.0169095 0.0111915 0.022205 0.00953668 0.0168771 0.00918935 0.00978908 0.0104968 0.00869077 0.0140622 0.00860429 0.0131187 0.00932893 0.00902582 0.00876381 0.0135238 0.0117624 0.012314 0.0101498 0.00837004 0.0087305 0.0100381 0.00857721 0.0115673 0.0101054 0.00901731 0.010991 0.00939955 0.0101496 0.00802368 0.00913836 0.00859572 0.0085004 0.00893737 0.0086036 0.00846224 0.00798683 0.00866074 0.00812313 0.00804187 
0.00905108 0.0087235 0.0125407 0.00650713 0.00649824 0.00672635 0.00663928 0.937353 0.00620994 0.00529651 0.00356535 0.00355778 0 0.00357825 0.0035624 0.00357014 0.00357381 0.00477515 0.00590033 0.00804974 0.025503 0.0799891 0.0447893 0.0103011 0.0123525 0.0217726 0.0120692 0.024439 0.00990987 0.00940539 0.00838696 0.00842291 0.0108788 0.00905539 0.0181941 0.00911967 0.00921646 0.00856075 0.00903104 0.0106875 0.0242583 0.0110495 0.0089832 0.00828782 0.00827871 0.00841204 0.0107685 0.0132373 0.0129449 0.0164391 0.0119222 0.00962189 0.00854921 0.00840294 0.00871434 0.0101234 0.00978932 0.00962662 0.00895823 0.0082143 0.0080846 0.00794215 0.00817888 0.00798074 
0.00958983 0.0103021 0.00977178 0.00739392 0.00723192 0.00925976 0.885082 0.0130089 0.00695921 0.00497758 0.00357115 0.00356295 0.00357825 0 0.00352278 0.00362071 0.00358807 0.00467759 0.00624675 0.0628697 0.0604111 0.0893401 0.00842261 0.0139112 0.0176374 0.0175185 0.0264349 0.0157982 0.01401 0.00898569 0.00845859 0.00913965 0.00905769 0.0135876 0.0123216 0.0108379 0.00915686 0.00877108 0.00990885 0.017021 0.0214658 0.0171674 0.00948092 0.00860071 0.00835144 0.00987884 0.0100368 0.0180944 0.0168631 0.016305 0.0138808 0.0099448 0.00887246 0.00832849 0.00969427 0.0100764 0.0102176 0.0103217 0.00916107 0.00831362 0.00795146 0.00793201 0.00813383 0.00796836 
0.00942491 0.00943417 0.00964445 0.00911347 0.0152974 0.870943 0.013364 0.00625032 0.00696807 0.00608618 0.00361539 0.00366956 0.0035624 0.00352278 0 0.0037736 0.00356995 0.00600686 0.0243591 0.125387 0.0744999 0.0091688 0.00699692 0.0115933 0.0117307 0.0192988 0.0213879 0.0139052 0.0140371 0.00912976 0.00880988 0.00967139 0.00890677 0.0252319 0.00988088 0.0115694 0.00891314 0.00915813 0.0091162 0.0117766 0.0269982 0.011171 0.0103513 0.0083085 0.00848346 0.00972107 0.00912913 0.01728 0.0164548 0.0120926 0.0132704 0.00947713 0.00956809 0.00810475 0.00908132 0.00945769 0.00905356 0.00956198 0.00868531 0.00836506 0.0079337 0.00816953 0.00815021 0.0079793 
0.00919356 0.00950826 0.00998256 0.0129023 0.844165 0.0185522 0.00667253 0.00893933 0.0063808 0.00677454 0.00447377 0.00378521 0.00357014 0.00362071 0.0037736 0 0.00367301 0.0197589 0.139064 0.0446115 0.0067532 0.0094541 0.00720902 0.00971585 0.0153733 0.0131738 0.0106548 0.0122802 0.00903663 0.00988288 0.00843348 0.0087008 0.0112083 0.00885896 0.0109442 0.00878476 0.0097606 0.00877376 0.00933832 0.0110956 0.0107523 0.0152657 0.00918873 0.00878631 0.00844103 0.00854231 0.0095387 0.00950583 0.00911874 0.00969027 0.00896979 0.00983476 0.00891172 0.00862033 0.00875092 0.00872048 0.00866062 0.00853443 0.00865228 0.00838042 0.00809686 0.0080188 0.00814517 0.00797899 
0.0152312 0.00924733 0.0100127 0.910514 0.0171472 0.007233 0.0067658 0.00633418 0.00639645 0.00720727 0.00471975 0.00374237 0.00357381 0.00358807 0.00356995 0.00367301 0 0.220286 0.0207394 0.00392296 0.00444882 0.0056122 0.00709396 0.0202414 0.0103052 0.00944785 0.0100708 0.00908645 0.00970581 0.00865096 0.00945191 0.016798 0.00929312 0.00895476 0.00910239 0.00921984 0.00854002 0.00924034 0.0145036 0.00915714 0.00920745 0.00976972 0.0115084 0.0105112 0.00901665 0.0173306 0.00865774 0.00867262 0.00884457 0.00849968 0.00890104 0.00858551 0.0101411 0.00925124 0.00860535 0.00830846 0.00830767 0.00826351 0.00821684 0.0086972 0.00821713 0.00867412 0.0085139 0.00814275 
0.0153093 0.0103693 0.0192399 0.0151642 0.00826251 0.00812809 0.00809105 0.00792255 0.00938529 0.0147595 0.00605369 0.00614247 0.00477515 0.00467759 0.00600686 0.0197589 0.220286 0 0.00360026 0.00358643 0.00358653 0.00363595 0.00417496 0.157847 0.0192973 0.0160975 0.0144877 0.0112669 0.0114131 0.00987955 0.0183926 0.016694 0.00993823 0.0130963 0.00937952 0.0109963 0.00984034 0.0198471 0.0175005 0.0138968 0.0142762 0.0116126 0.0220107 0.00944275 0.0117069 0.012929 0.0100614 0.0109018 0.0115567 0.00951271 0.0105733 0.00975697 0.016152 0.0100186 0.00904736 0.00906736 0.0088272 0.00989113 0.00897597 0.0119518 0.00840288 0.00971196 0.0088602 0.00850962 
0.010374 0.04291 0.0103111 0.00998771 0.01029 0.00857509 0.00836022 0.0106603 0.0117105 0.0101874 0.00659363 0.00639942 0.00590033 0.00624675 0.0243591 0.139064 0.0207394 0.00360026 0 0.00358164 0.00355891 0.00364635 0.00366424 0.0427976 0.127091 0.0303985 0.0277357 0.0278575 0.0147148 0.0135523 0.00951438 0.00942021 0.017511 0.0125892 0.0156531 0.0113783 0.0160734 0.0095505 0.0124872 0.0583148 0.0396504 0.0286678 0.0116169 0.0106431 0.00956485 0.0115648 0.0184288 0.0244288 0.0208692 0.0261238 0.0199574 0.0152639 0.0106973 0.00923912 0.0116012 0.0117412 0.0138111 0.0118349 0.0124772 0.00905902 0.00827897 0.00827639 0.00870843 0.00810239 
0.010619 0.0121076 0.0150135 0.010668 0.0100898 0.009241 0.0110356 0.0276468 0.00992664 0.0103155 0.00660093 0.00687227 0.00804974 0.0628697 0.125387 0.0446115 0.00392296 0.00358643 0.00358164 0 0.00356817 0.00361286 0.00363589 0.157454 0.0371768 0.151046 0.0553536 0.0938262 0.0226147 0.0141191 0.0095714 0.00947602 0.0135375 0.026205 0.0325631 0.01832 0.0127495 0.0103805 0.012359 0.0386071 0.156161 0.0482141 0.0154843 0.00964905 0.00915567 0.0125475 0.0218335 0.0520741 0.0624032 0.057194 0.0471585 0.0223041 0.0116704 0.0104533 0.0147594 0.0243018 0.0236541 0.0198886 0.0147028 0.00936497 0.00822206 0.00809285 0.00854042 0.00831397 
0.00991083 0.0139609 0.0104121 0.0111734 0.00865858 0.0120798 0.0149657 0.00861442 0.0155503 0.00842944 0.00660587 0.0108901 0.025503 0.0604111 0.0744999 0.0067532 0.00444882 0.00358653 0.00355891 0.00356817 0 0.00358535 0.00358375 0.0419657 0.223865 0.0567408 0.198036 0.0242142 0.0622986 0.0103537 0.00889249 0.0103356 0.0095295 0.049849 0.0154291 0.0255093 0.0112387 0.0094986 0.0112646 0.0489303 0.112639 0.0510157 0.018366 0.00898003 0.00886556 0.013291 0.0145878 0.0810735 0.07271 0.0382345 0.0641305 0.0177801 0.0126279 0.00896419 0.0183964 0.0223889 0.0171681 0.0204752 0.012299 0.00991813 0.00814084 0.00819144 0.00845964 0.00829714 
0.0116221 0.0185328 0.0154932 0.00936805 0.0183699 0.00991874 0.0087174 0.0143739 0.0104547 0.0135498 0.0118702 0.0456591 0.0799891 0.0893401 0.0091688 0.0094541 0.0056122 0.00363595 0.00364635 0.00361286 0.00358535 0 0.00368374 0.0264491 0.0486557 0.296609 0.0237268 0.110921 0.0155307 0.0314918 0.00929275 0.00911064 0.0229871 0.0111867 0.0230615 0.0104344 0.0199736 0.01165 0.0121428 0.0330212 0.054409 0.0971863 0.0270104 0.0132987 0.0104303 0.00974342 0.0239296 0.0310989 0.0282448 0.03369 0.024177 0.0345757 0.0120548 0.0120825 0.0122918 0.015611 0.0145895 0.0116053 0.0178241 0.00923319 0.0085425 0.00817109 0.00865888 0.00840372 
0.0149956 0.0110908 0.0205016 0.0323689 0.0100794 0.00858201 0.00903939 0.00877395 0.0137016 0.0193812 0.0948692 0.0986962 0.0447893 0.00842261 0.00699692 0.00720902 0.00709396 0.00417496 0.00366424 0.00363589 0.00358375 0.00368374 0 0.0296336 0.0278997 0.0221221 0.144624 0.0212222 0.0384918 0.0137133 0.0326991 0.0233103 0.00951691 0.0116847 0.00965288 0.0110978 0.010627 0.0225515 0.0197918 0.0152405 0.018143 0.0353717 0.061714 0.0199299 0.0139845 0.0281247 0.0145847 0.0176075 0.0168465 0.0152392 0.0180065 0.0170675 0.0314779 0.0128457 0.0110808 0.0108971 0.010098 0.0119488 0.0126635 0.0127291 0.00871055 0.00901883 0.00957443 0.009184 
0.0117071 0.00938649 0.0149409 0.0144135 0.00904223 0.0088731 0.00948837 0.00933453 0.0116475 0.0191759 0.0172358 0.0147582 0.0103011 0.0139112 0.0115933 0.00971585 0.0202414 0.157847 0.0427976 0.157454 0.0419657 0.0264491 0.0296336 0 0.00360934 0.00357776 0.0036297 0.00365853 0.00371147 0.00395575 0.00536644 0.00846319 0.00791441 0.0091637 0.00922842 0.0121405 0.0113281 0.0752315 0.0479182 0.0278083 0.0202513 0.0147783 0.0345622 0.0119173 0.0189896 0.0231033 0.0129836 0.0165945 0.0173334 0.0145602 0.0156138 0.0128497 0.0323893 0.0119974 0.0114627 0.0112573 0.010828 0.0128344 0.0103637 0.0192027 0.0087643 0.0109089 0.00938574 0.00910655 
0.00880511 0.011471 0.00959647 0.0103794 0.0103723 0.00925764 0.0102453 0.0105529 0.0167899 0.0101932 0.0113575 0.0169095 0.0123525 0.0176374 0.0117307 0.0153733 0.0103052 0.0192973 0.127091 0.0371768 0.223865 0.0486557 0.0278997 0.00360934 0 0.00362679 0.00359083 0.00360935 0.00366049 0.00497926 0.00370519 0.00667972 0.0088463 0.00969699 0.00886138 0.00923391 0.038895 0.287122 0.0166702 0.052629 0.0339544 0.0298461 0.0140768 0.0162483 0.0106605 0.0184578 0.03323 0.0353719 0.0337626 0.0318493 0.02562 0.0252585 0.0157658 0.0111979 0.0219633 0.0174317 0.0174452 0.018902 0.0191885 0.0106029 0.00857865 0.00866657 0.00892041 0.00838401 
0.00894133 0.00949151 0.0109689 0.00935925 0.0103887 0.0114143 0.00986449 0.0290271 0.010505 0.0143642 0.0100055 0.0111915 0.0217726 0.0175185 0.0192988 0.0131738 0.00944785 0.0160975 0.0303985 0.151046 0.0567408 0.296609 0.0221221 0.00357776 0.00362679 0 0.00356049 0.00359973 0.00359166 0.00370243 0.00364359 0.00689445 0.00864327 0.00916261 0.0122577 0.0294288 0.350184 0.2948 0.0119496 0.0376057 0.0862402 0.0385578 0.0152073 0.0116705 0.00952749 0.0129871 0.0330128 0.08328 0.0595705 0.0672339 0.0609217 0.0398403 0.0132951 0.0118272 0.0201685 0.037376 0.0364183 0.0330576 0.0275914 0.00954153 0.00827307 0.00822467 0.00859234 0.00836851 
0.00923727 0.0124536 0.00965267 0.0117959 0.00931817 0.0111549 0.0233646 0.0106153 0.0231375 0.00969825 0.00932266 0.022205 0.0120692 0.0264349 0.0213879 0.0106548 0.0100708 0.0144877 0.0277357 0.0553536 0.198036 0.0237268 0.144624 0.0036297 0.00359083 0.00356049 0 0.00355115 0.00355334 0.00358655 0.00367234 0.00740149 0.00669185 0.0114516 0.0250909 0.394646 0.276452 0.0121218 0.0119213 0.0451212 0.0554724 0.030049 0.0198761 0.0106171 0.00977563 0.020295 0.0232832 0.0918212 0.0992512 0.0621012 0.106643 0.027825 0.0152203 0.0105424 0.0341748 0.0466514 0.0351964 0.0578986 0.0146355 0.0115345 0.00834899 0.00857254 0.00908435 0.00849721 
0.00903279 0.00948012 0.0115673 0.00888971 0.0126284 0.0130776 0.00989454 0.0394563 0.00914404 0.0121588 0.0110495 0.00953668 0.024439 0.0157982 0.0139052 0.0122802 0.00908645 0.0112669 0.0278575 0.0938262 0.0242142 0.110921 0.0212222 0.00365853 0.00360935 0.00359973 0.00355115 0 0.00354256 0.00355515 0.00358294 0.00558913 0.0106783 0.0124446 0.509177 0.210899 0.0112051 0.0109647 0.0106983 0.0252232 0.0416877 0.0276293 0.0127305 0.0117079 0.00958902 0.0117564 0.0402935 0.065636 0.0669542 0.110552 0.0360693 0.0284008 0.0123498 0.012555 0.0191923 0.042878 0.0469786 0.0208974 0.0253846 0.00929547 0.00879442 0.00827372 0.00861259 0.00839637 
0.00854881 0.00940127 0.00893539 0.0102244 0.00883324 0.0100839 0.0116128 0.00908327 0.0148282 0.00930239 0.00867935 0.0168771 0.00990987 0.01401 0.0140371 0.00903663 0.00970581 0.0114131 0.0147148 0.0226147 0.0622986 0.0155307 0.0384918 0.00371147 0.00366049 0.00359166 0.00355334 0.00354256 0 0.00355915 0.00355449 0.00764612 0.00789099 0.854332 0.0522013 0.0152184 0.00916318 0.00872604 0.010094 0.0156003 0.0304737 0.0195172 0.0118137 0.00930766 0.00913871 0.0157921 0.0147802 0.0531738 0.0533291 0.0219819 0.0415642 0.0181814 0.012745 0.00897511 0.0174156 0.0270013 0.0136391 0.0225398 0.0107234 0.01004 0.00815553 0.0086753 0.00864284 0.0082619 
0.00881376 0.00855034 0.00854083 0.00882867 0.00989707 0.00848502 0.0084308 0.00997938 0.00891459 0.00940045 0.00971492 0.00918935 0.00940539 0.00898569 0.00912976 0.00988288 0.00865096 0.00987955 0.0135523 0.0141191 0.0103537 0.0314918 0.0137133 0.00395575 0.00497926 0.00370243 0.00358655 0.00355515 0.00355915 0 0.00384798 0.0111308 0.922467 0.010947 0.0119348 0.00725411 0.00786119 0.00680558 0.00890678 0.0226191 0.0112756 0.0206904 0.0114293 0.0104628 0.0114184 0.00952015 0.021591 0.0145959 0.0111899 0.0118838 0.0100672 0.0148965 0.00976616 0.0126054 0.0109197 0.00927168 0.00953226 0.00876388 0.0105808 0.00868195 0.00827728 0.00834911 0.0083495 0.00808514 
0.0104401 0.00827991 0.00824311 0.01576 0.00850015 0.00831876 0.00827902 0.00869058 0.00874005 0.00974174 0.0132511 0.00978908 0.00838696 0.00845859 0.00880988 0.00843348 0.00945191 0.0183926 0.00951438 0.0095714 0.00889249 0.00929275 0.0326991 0.00536644 0.00370519 0.00364359 0.00367234 0.00358294 0.00355449 0.00384798 0 0.986998 0.00707211 0.00637303 0.00543561 0.00675806 0.00562485 0.00628963 0.0151771 0.00958894 0.00860257 0.0103048 0.0112586 0.0117968 0.00992379 0.028257 0.0100461 0.00881457 0.00881978 0.00865822 0.00884766 0.00890928 0.0108179 0.011774 0.00890483 0.00853704 0.00851316 0.00878341 0.00845187 0.0088088 0.00881284 0.00826322 0.00875386 0.00798909 
0.00977464 0.00825409 0.00921462 0.0123063 0.008257 0.00842425 0.00883409 0.00832259 0.0128884 0.0115386 0.00978396 0.0104968 0.00842291 0.00913965 0.00967139 0.0087008 0.016798 0.016694 0.00942021 0.00947602 0.0103356 0.00911064 0.0233103 0.00846319 0.00667972 0.00689445 0.00740149 0.00558913 0.00764612 0.0111308 0.986998 0 0.00355401 0.00357292 0.00355238 0.00401209 0.00366963 0.00450338 0.00656206 0.00797891 0.00864676 0.00956777 0.0225824 0.00896047 0.0158048 0.0259377 0.00996316 0.0104532 0.0108762 0.00910586 0.01033 0.0090963 0.0213101 0.0089226 0.00944999 0.00885058 0.0086545 0.00963846 0.00852189 0.0159356 0.0082525 0.0113786 0.0086852 0.00841926 
0.00825952 0.00840593 0.00964426 0.00830209 0.00890728 0.00842059 0.00832035 0.0137465 0.0084744 0.0158807 0.00981394 0.00869077 0.0108788 0.00905769 0.00890677 0.0112083 0.00929312 0.00993823 0.017511 0.0135375 0.0095295 0.0229871 0.00951691 0.00791441 0.0088463 0.00864327 0.00669185 0.0106783 0.00789099 0.922467 0.00707211 0.00355401 0 0.00355853 0.00354768 0.00355491 0.00368471 0.00383464 0.00614761 0.00988808 0.00941144 0.0160411 0.0201614 0.0178252 0.0088965 0.00960845 0.0272006 0.0132258 0.0115756 0.0171607 0.00988965 0.0168932 0.010468 0.0108112 0.00955725 0.0100716 0.0112481 0.00917318 0.017065 0.00883248 0.00896114 0.00829192 0.00847364 0.00810131 
0.00830236 0.00895955 0.00839239 0.0100886 0.00848058 0.00878078 0.0109549 0.00888691 0.0216003 0.00847069 0.00860014 0.0140622 0.00905539 0.0135876 0.0252319 0.00885896 0.00895476 0.0130963 0.0125892 0.026205 0.049849 0.0111867 0.0116847 0.0091637 0.00969699 0.00916261 0.0114516 0.0124446 0.854332 0.010947 0.00637303 0.00357292 0.00355853 0 0.00357071 0.0035629 0.00357803 0.00358549 0.00687059 0.0106926 0.0182611 0.0179804 0.0322638 0.00770446 0.00871364 0.0183453 0.0110793 0.0514935 0.0357194 0.0176503 0.068108 0.0111796 0.0111605 0.00911563 0.020228 0.0192672 0.0137736 0.0390665 0.0100557 0.00945698 0.00823824 0.00901892 0.00853947 0.00827621 
0.00844694 0.00840754 0.00957125 0.00834414 0.00900816 0.00919853 0.00878219 0.0271536 0.00849897 0.0115898 0.0108287 0.00860429 0.0181941 0.0123216 0.00988088 0.0109442 0.00910239 0.00937952 0.0156531 0.0325631 0.0154291 0.0230615 0.00965288 0.00922842 0.00886138 0.0122577 0.0250909 0.509177 0.0522013 0.0119348 0.00543561 0.00355238 0.00354768 0.00357071 0 0.00354012 0.00357986 0.00366417 0.00616326 0.0125927 0.0372788 0.0312913 0.010365 0.00949456 0.00784393 0.00953333 0.0203191 0.0216991 0.0223004 0.0490691 0.0142721 0.0143234 0.0102567 0.011819 0.0106308 0.0186477 0.0297583 0.0115557 0.0138139 0.00887683 0.00890894 0.00821581 0.00854596 0.00820125 
0.00827601 0.00855133 0.00839517 0.00963075 0.00842372 0.00881187 0.00992157 0.00864829 0.0132531 0.00886867 0.00851711 0.0131187 0.00911967 0.0108379 0.0115694 0.00878476 0.00921984 0.0109963 0.0113783 0.01832 0.0255093 0.0104344 0.0110978 0.0121405 0.00923391 0.0294288 0.394646 0.210899 0.0152184 0.00725411 0.00675806 0.00401209 0.00355491 0.0035629 0.00354012 0 0.00369406 0.00362168 0.00636104 0.0244171 0.0357911 0.0170318 0.0101395 0.00724175 0.00833746 0.0167495 0.0105291 0.0283844 0.0263483 0.0161517 0.0232742 0.0100681 0.0115965 0.00874696 0.014509 0.0190145 0.0115038 0.016782 0.00940241 0.00922322 0.00816432 0.00966657 0.00841089 0.0081629 
0.00872499 0.00850271 0.00830031 0.0085636 0.0090959 0.00846835 0.00822886 0.00907452 0.00922306 0.00894431 0.00905892 0.00932893 0.00921646 0.00915686 0.00891314 0.0097606 0.00854002 0.00984034 0.0160734 0.0127495 0.0112387 0.0199736 0.010627 0.0113281 0.038895 0.350184 0.276452 0.0112051 0.00916318 0.00786119 0.00562485 0.00366963 0.00368471 0.00357803 0.00357986 0.00369406 0 0.00376727 0.0111059 0.035993 0.0240957 0.0159258 0.00806899 0.00933885 0.00884154 0.0100549 0.0167841 0.0157229 0.0148908 0.0130385 0.0115099 0.0198221 0.00986854 0.0100498 0.0134061 0.0111378 0.0110674 0.00972741 0.013717 0.00887378 0.00840118 0.00856183 0.00891282 0.00833842 
0.00984784 0.008124 0.00830707 0.0124808 0.00848598 0.00823676 0.008207 0.00873795 0.00856648 0.0111575 0.0184602 0.00902582 0.00856075 0.00877108 0.00915813 0.00877376 0.00924034 0.0198471 0.0095505 0.0103805 0.0094986 0.01165 0.0225515 0.0752315 0.287122 0.2948 0.0121218 0.0109647 0.00872604 0.00680558 0.00628963 0.00450338 0.00383464 0.00358549 0.00366417 0.00362168 0.00376727 0 0.0229854 0.0256311 0.00804246 0.00888514 0.00953317 0.0100042 0.00946475 0.0186206 0.0115961 0.0127615 0.0104907 0.0106895 0.0105565 0.0120486 0.0184449 0.019403 0.010473 0.00960745 0.00960987 0.00933387 0.010057 0.0100634 0.00954597 0.00835894 0.00948917 0.00831925 
0.00869573 0.00818534 0.0112949 0.00909537 0.0082838 0.00846888 0.00847404 0.00940194 0.00879755 0.0161705 0.0102962 0.00876381 0.00903104 0.00990885 0.0091162 0.00933832 0.0145036 0.0175005 0.0124872 0.012359 0.0112646 0.0121428 0.0197918 0.0479182 0.0166702 0.0119496 0.0119213 0.0106983 0.010094 0.00890678 0.0151771 0.00656206 0.00614761 0.00687059 0.00616326 0.00636104 0.0111059 0.0229854 0 0.00360866 0.00357028 0.00360133 0.00391848 0.00454329 0.00685651 0.044729 0.0203057 0.0183285 0.0205388 0.0135669 0.0133123 0.0129411 0.0333569 0.0167403 0.0119191 0.0115268 0.0114938 0.0131552 0.0109029 0.0175042 0.00979942 0.0107452 0.0102887 0.00985267 
0.00862053 0.00991789 0.00907413 0.00953608 0.00937995 0.00904843 0.0097134 0.0103638 0.0137051 0.00928105 0.00915667 0.0135238 0.0106875 0.017021 0.0117766 0.0110956 0.00915714 0.0138968 0.0583148 0.0386071 0.0489303 0.0330212 0.0152405 0.0278083 0.052629 0.0376057 0.0451212 0.0252232 0.0156003 0.0226191 0.00958894 0.00797891 0.00988808 0.0106926 0.0125927 0.0244171 0.035993 0.0256311 0.00360866 0 0.003579 0.0036186 0.00362331 0.00681409 0.0052657 0.101787 0.0805462 0.0809011 0.0597561 0.0532264 0.0349182 0.042572 0.0172496 0.0189678 0.0630036 0.0311044 0.0311199 0.0301906 0.0279461 0.0118896 0.009283 0.00970595 0.0118486 0.00910635 
0.00914071 0.0092218 0.0104367 0.00960953 0.00940342 0.01074 0.0107878 0.0236485 0.0103752 0.00983365 0.00948415 0.0117624 0.0242583 0.0214658 0.0269982 0.0107523 0.00920745 0.0142762 0.0396504 0.156161 0.112639 0.054409 0.018143 0.0202513 0.0339544 0.0862402 0.0554724 0.0416877 0.0304737 0.0112756 0.00860257 0.00864676 0.00941144 0.0182611 0.0372788 0.0357911 0.0240957 0.00804246 0.00357028 0.003579 0 0.00360342 0.00357652 0.0037152 0.00466578 0.0297547 0.18971 0.163031 0.129934 0.085259 0.14945 0.0355035 0.016398 0.0206732 0.0549063 0.1235 0.0662754 0.0866398 0.0329891 0.0137177 0.00906046 0.00912145 0.010372 0.00919659 
0.00908505 0.0104418 0.00925041 0.00927726 0.00978551 0.00887869 0.00930732 0.0102238 0.015412 0.00945979 0.00942179 0.012314 0.0110495 0.0171674 0.011171 0.0152657 0.00976972 0.0116126 0.0286678 0.0482141 0.0510157 0.0971863 0.0353717 0.0147783 0.0298461 0.0385578 0.030049 0.0276293 0.0195172 0.0206904 0.0103048 0.00956777 0.0160411 0.0179804 0.0312913 0.0170318 0.0159258 0.00888514 0.00360133 0.0036186 0.00360342 0 0.00376577 0.00391323 0.00948574 0.022044 0.0363117 0.198211 0.0872693 0.0719427 0.0621128 0.154891 0.0308356 0.0146591 0.0461742 0.0425254 0.0424881 0.0301117 0.0895572 0.0206883 0.0101422 0.00993956 0.0124334 0.0127842 
0.0104033 0.00864659 0.00932262 0.0150789 0.00839479 0.00848522 0.0086424 0.00851502 0.00952288 0.0121629 0.0114313 0.0101498 0.0089832 0.00948092 0.0103513 0.00918873 0.0115084 0.0220107 0.0116169 0.0154843 0.018366 0.0270104 0.061714 0.0345622 0.0140768 0.0152073 0.0198761 0.0127305 0.0118137 0.0114293 0.0112586 0.0225824 0.0201614 0.0322638 0.010365 0.0101395 0.00806899 0.00953317 0.00391848 0.00362331 0.00357652 0.00376577 0 0.00522191 0.00402308 0.0461468 0.0193293 0.0294907 0.0645361 0.031564 0.0365367 0.0332858 0.0958332 0.0236453 0.0174043 0.0178113 0.0145403 0.0208965 0.0186695 0.0564124 0.0111941 0.011474 0.0139978 0.0103924 
0.00826066 0.00812907 0.00968635 0.00821473 0.00815689 0.0080184 0.0079765 0.00862263 0.00849019 0.0124306 0.00894225 0.00837004 0.00828782 0.00860071 0.0083085 0.00878631 0.0105112 0.00944275 0.0106431 0.00964905 0.00898003 0.0132987 0.0199299 0.0119173 0.0162483 0.0116705 0.0106171 0.0117079 0.00930766 0.0104628 0.0117968 0.00896047 0.0178252 0.00770446 0.00949456 0.00724175 0.00933885 0.0100042 0.00454329 0.00681409 0.0037152 0.00391323 0.00522191 0 0.00373242 0.0125784 0.0295417 0.0166292 0.0142038 0.0184373 0.0181855 0.0321925 0.0247672 0.0160966 0.0123048 0.00973452 0.0101371 0.00971886 0.0135098 0.0159861 0.0111116 0.0133647 0.0105565 0.0124987 
0.00843168 0.00836548 0.00842659 0.0102652 0.00820769 0.00816393 0.00803781 0.00818621 0.00860015 0.0091329 0.00873133 0.0087305 0.00827871 0.00835144 0.00848346 0.00844103 0.00901665 0.0117069 0.00956485 0.00915567 0.00886556 0.0104303 0.0139845 0.0189896 0.0106605 0.00952749 0.00977563 0.00958902 0.00913871 0.0114184 0.00992379 0.0158048 0.0088965 0.00871364 0.00784393 0.00833746 0.00884154 0.00946475 0.00685651 0.0052657 0.00466578 0.00948574 0.00402308 0.00373242 0 0.0410794 0.011672 0.0157423 0.0125514 0.013043 0.0136835 0.033355 0.0687293 0.0141647 0.0104176 0.00942052 0.00899077 0.00939574 0.011659 0.0119031 0.0139404 0.0103034 0.0147654 0.00903443 
0.00956554 0.00894065 0.0105783 0.0114649 0.0080945 0.00829721 0.00873538 0.00833576 0.0118641 0.0104834 0.00838467 0.0100381 0.00841204 0.00987884 0.00972107 0.00854231 0.0173306 0.012929 0.0115648 0.0125475 0.013291 0.00974342 0.0281247 0.0231033 0.0184578 0.0129871 0.020295 0.0117564 0.0157921 0.00952015 0.028257 0.0259377 0.00960845 0.0183453 0.00953333 0.0167495 0.0100549 0.0186206 0.044729 0.101787 0.0297547 0.022044 0.0461468 0.0125784 0.0410794 0 0.00359631 0.00358533 0.00360671 0.00362175 0.00366837 0.00366162 0.0060999 0.0209209 0.027371 0.0134014 0.0129355 0.0211161 0.0125168 0.0416712 0.0107459 0.0324204 0.0178232 0.0148632 
0.00843562 0.00857439 0.00949202 0.00854122 0.00825283 0.00843631 0.00837227 0.010214 0.00870687 0.0103227 0.00899593 0.00857721 0.0107685 0.0100368 0.00912913 0.0095387 0.00865774 0.0100614 0.0184288 0.0218335 0.0145878 0.0239296 0.0145847 0.0129836 0.03323 0.0330128 0.0232832 0.0402935 0.0147802 0.021591 0.0100461 0.00996316 0.0272006 0.0110793 0.0203191 0.0105291 0.0167841 0.0115961 0.0203057 0.0805462 0.18971 0.0363117 0.0193293 0.0295417 0.011672 0.00359631 0 0.00355232 0.00357734 0.00357358 0.00361891 0.00371503 0.00374355 0.248286 0.0393455 0.0318829 0.0217194 0.0187874 0.0405203 0.0121319 0.0139808 0.0102913 0.0182065 0.010068 
0.00873282 0.00913589 0.00964935 0.00883648 0.00880207 0.00949394 0.00978176 0.0127965 0.0110364 0.00866896 0.00870905 0.0115673 0.0132373 0.0180944 0.01728 0.00950583 0.00867262 0.0109018 0.0244288 0.0520741 0.0810735 0.0310989 0.0176075 0.0165945 0.0353719 0.08328 0.0918212 0.065636 0.0531738 0.0145959 0.00881457 0.0104532 0.0132258 0.0514935 0.0216991 0.0283844 0.0157229 0.0127615 0.0183285 0.0809011 0.163031 0.198211 0.0294907 0.0166292 0.0157423 0.00358533 0.00355232 0 0.00356511 0.00357328 0.00365357 0.00365261 0.00386213 0.0219974 0.356638 0.0504351 0.0613833 0.049685 0.0628673 0.0165501 0.00992098 0.00991908 0.0111941 0.0113692 
0.00851005 0.00913484 0.00877587 0.00879519 0.00841501 0.00900236 0.0106926 0.0108324 0.0117049 0.00860186 0.00860194 0.0101054 0.0129449 0.0168631 0.0164548 0.00911874 0.00884457 0.0115567 0.0208692 0.0624032 0.07271 0.0282448 0.0168465 0.0173334 0.0337626 0.0595705 0.0992512 0.0669542 0.0533291 0.0111899 0.00881978 0.0108762 0.0115756 0.0357194 0.0223004 0.0263483 0.0148908 0.0104907 0.0205388 0.0597561 0.129934 0.0872693 0.0645361 0.0142038 0.0125514 0.00360671 0.00357734 0.00356511 0 0.00356465 0.0036412 0.00358721 0.0036038 0.0261109 0.0387971 0.368243 0.0409602 0.125453 0.0245052 0.0184397 0.00904554 0.0102207 0.012683 0.0102474 
0.00856 0.00884359 0.00900324 0.00860494 0.00852512 0.00884484 0.00914967 0.0141155 0.00894645 0.00901171 0.00891795 0.00901731 0.0164391 0.016305 0.0120926 0.00969027 0.00849968 0.00951271 0.0261238 0.057194 0.0382345 0.03369 0.0152392 0.0145602 0.0318493 0.0672339 0.0621012 0.110552 0.0219819 0.0118838 0.00865822 0.00910586 0.0171607 0.0176503 0.0490691 0.0161517 0.0130385 0.0106895 0.0135669 0.0532264 0.085259 0.0719427 0.031564 0.0184373 0.013043 0.00362175 0.00357358 0.00357328 0.00356465 0 0.00356717 0.00359729 0.00358816 0.0313456 0.0470028 0.0418622 0.411863 0.03707 0.0409159 0.012683 0.0105329 0.00902799 0.0106555 0.0103104 
0.0084933 0.00891268 0.00878175 0.0086392 0.00840392 0.00868898 0.00985642 0.00919609 0.0107426 0.00855634 0.00853884 0.010991 0.0119222 0.0138808 0.0132704 0.00896979 0.00890104 0.0105733 0.0199574 0.0471585 0.0641305 0.024177 0.0180065 0.0156138 0.02562 0.0609217 0.106643 0.0360693 0.0415642 0.0100672 0.00884766 0.01033 0.00988965 0.068108 0.0142721 0.0232742 0.0115099 0.0105565 0.0133123 0.0349182 0.14945 0.0621128 0.0365367 0.0181855 0.0136835 0.00366837 0.00361891 0.00365357 0.0036412 0.00356717 0 0.00357568 0.00356149 0.0288239 0.0604721 0.171986 0.0364141 0.279954 0.0334685 0.021515 0.00941267 0.0105444 0.0119907 0.0100651 
0.00850056 0.00888446 0.00852202 0.00854781 0.00852586 0.0084388 0.00829966 0.00912132 0.00884885 0.00905046 0.00878642 0.00939955 0.00962189 0.0099448 0.00947713 0.00983476 0.00858551 0.00975697 0.0152639 0.0223041 0.0177801 0.0345757 0.0170675 0.0128497 0.0252585 0.0398403 0.027825 0.0284008 0.0181814 0.0148965 0.00890928 0.0090963 0.0168932 0.0111796 0.0143234 0.0100681 0.0198221 0.0120486 0.0129411 0.042572 0.0355035 0.154891 0.0332858 0.0321925 0.033355 0.00366162 0.00371503 0.00365261 0.00358721 0.00359729 0.00357568 0 0.00364221 0.0256521 0.0972398 0.0476787 0.0713961 0.026351 0.461089 0.0288664 0.0141821 0.012071 0.0156724 0.0175588 
0.0106747 0.00851708 0.00898161 0.0131858 0.00862389 0.00829546 0.00830485 0.0083934 0.00914177 0.0103117 0.0115076 0.0101496 0.00854921 0.00887246 0.00956809 0.00891172 0.0101411 0.016152 0.0106973 0.0116704 0.0126279 0.0120548 0.0314779 0.0323893 0.0157658 0.0132951 0.0152203 0.0123498 0.012745 0.00976616 0.0108179 0.0213101 0.010468 0.0111605 0.0102567 0.0115965 0.00986854 0.0184449 0.0333569 0.0172496 0.016398 0.0308356 0.0958332 0.0247672 0.0687293 0.0060999 0.00374355 0.00386213 0.0036038 0.00358816 0.00356149 0.00364221 0 0.047215 0.0203853 0.0242212 0.0221305 0.0368811 0.0396033 0.356147 0.0178481 0.0259471 0.0246946 0.0183321 
0.00866808 0.00801742 0.00933519 0.00822699 0.00801457 0.00800009 0.00795343 0.00936219 0.00808972 0.0112366 0.00915849 0.00802368 0.00840294 0.00832849 0.00810475 0.00862033 0.00925124 0.0100186 0.00923912 0.0104533 0.00896419 0.0120825 0.0128457 0.0119974 0.0111979 0.0118272 0.0105424 0.012555 0.00897511 0.0126054 0.011774 0.0089226 0.0108112 0.00911563 0.011819 0.00874696 0.0100498 0.019403 0.0167403 0.0189678 0.0206732 0.0146591 0.0236453 0.0160966 0.0141647 0.0209209 0.248286 0.0219974 0.0261109 0.0313456 0.0288239 0.0256521 0.047215 0 0.00362996 0.00359991 0.00360326 0.00375967 0.00406595 0.00502944 0.010343 0.00935569 0.0150531 0.0179364 
0.00828342 0.00860773 0.00855332 0.00838684 0.00821792 0.00820765 0.00860819 0.00840537 0.00916839 0.00851831 0.0080694 0.00913836 0.00871434 0.00969427 0.00908132 0.00875092 0.00860535 0.00904736 0.0116012 0.0147594 0.0183964 0.0122918 0.0110808 0.0114627 0.0219633 0.0201685 0.0341748 0.0191923 0.0174156 0.0109197 0.00890483 0.00944999 0.00955725 0.020228 0.0106308 0.014509 0.0134061 0.010473 0.0119191 0.0630036 0.0549063 0.0461742 0.0174043 0.0123048 0.0104176 0.027371 0.0393455 0.356638 0.0387971 0.0470028 0.0604721 0.0972398 0.0203853 0.00362996 0 0.00357494 0.00358818 0.00366596 0.00370831 0.00390856 0.00695582 0.00921745 0.0169562 0.0117751 
0.00830504 0.00856514 0.00854143 0.00824893 0.0081363 0.00838509 0.00849782 0.00927954 0.00883957 0.00848838 0.00824209 0.00859572 0.0101234 0.0100764 0.00945769 0.00872048 0.00830846 0.00906736 0.0117412 0.0243018 0.0223889 0.015611 0.0108971 0.0112573 0.0174317 0.037376 0.0466514 0.042878 0.0270013 0.00927168 0.00853704 0.00885058 0.0100716 0.0192672 0.0186477 0.0190145 0.0111378 0.00960745 0.0115268 0.0311044 0.1235 0.0425254 0.0178113 0.00973452 0.00942052 0.0134014 0.0318829 0.0504351 0.368243 0.0418622 0.171986 0.0476787 0.0242212 0.00359991 0.00357494 0 0.0035797 0.00363447 0.00362091 0.00364195 0.00460431 0.00564072 0.0090742 0.0100378 
0.00835452 0.00852503 0.0083193 0.00811412 0.008257 0.00828605 0.00858103 0.00898567 0.00841434 0.00844804 0.00839863 0.0085004 0.00978932 0.0102176 0.00905356 0.00866062 0.00830767 0.0088272 0.0138111 0.0236541 0.0171681 0.0145895 0.010098 0.010828 0.0174452 0.0364183 0.0351964 0.0469786 0.0136391 0.00953226 0.00851316 0.0086545 0.0112481 0.0137736 0.0297583 0.0115038 0.0110674 0.00960987 0.0114938 0.0311199 0.0662754 0.0424881 0.0145403 0.0101371 0.00899077 0.0129355 0.0217194 0.0613833 0.0409602 0.411863 0.0364141 0.0713961 0.0221305 0.00360326 0.00358818 0.0035797 0 0.0035856 0.00362809 0.00358203 0.00421621 0.00494053 0.0110053 0.00945032 
0.00844647 0.0086817 0.00846687 0.00854771 0.00823306 0.00857689 0.00864136 0.00868251 0.00910591 0.00830255 0.00827807 0.00893737 0.00962662 0.0103217 0.00956198 0.00853443 0.00826351 0.00989113 0.0118349 0.0198886 0.0204752 0.0116053 0.0119488 0.0128344 0.018902 0.0330576 0.0578986 0.0208974 0.0225398 0.00876388 0.00878341 0.00963846 0.00917318 0.0390665 0.0115557 0.016782 0.00972741 0.00933387 0.0131552 0.0301906 0.0866398 0.0301117 0.0208965 0.00971886 0.00939574 0.0211161 0.0187874 0.049685 0.125453 0.03707 0.279954 0.026351 0.0368811 0.00375967 0.00366596 0.00363447 0.0035856 0 0.00358512 0.00360934 0.00392829 0.00872301 0.0115892 0.0104393 
