1JS2A
MEFMSAPANAVAADDATAIALKYNQDATKSERVAAARPGLPPEEQHCANCQFMQADAAGATDEWKGCQLFPGKLINVNGWSASWTLKAG
CCCCCCCCCECCCCCHHHHHCCCECCHHHCCHHHHCCCCCCHHHCCHHHECCEECCCCCCCCCEEEECCCCCCEEECCCECCCCCECCC
0 0 0 0 0 0 0 0 0 0 0 0 0 0 0 0 0 0 0 0 0 0 0 0 0 0 0 0 0 0 0 0 0 0 0 0 0 0 0 0 0 0 0 0 0 0 0 0 0 0 0 0 0 0 0 0 0 0 0 0 0 0 0 0 0 0 0 0 0 0 0 0 0 0 0 0 0 0 0 0 0 0 0 0 0 0 0 0 0 
0 0 0 0 0 0 0 0 0 0 0 0 0 0 0 0 0 0 0 0 0 0 0 0 0 0 0 0 0 0 0 0 0 0 0 0 0 0 0 0 0 0 0 0 0 0 0 0 0 0 0 0 0 0 0 0 0 0 0 0 0 0 0 0 0 0 0 0 0 0 0 0 0 0 0 0 0 0 0 0 0 0 0 0 0 0 0 0 0 
0 0.112937 0.0310639 0.0211083 0.0141929 0.0118142 0.00893257 0.00913185 0.0137413 0.0177459 0.011291 0.0132622 0.0153348 0.0166373 
0.112937 0 0.0486601 0.0157273 0.0182631 0.0103691 0.00911632 0.00877848 0.010276 0.0138542 0.00990552 0.0152432 0.0192391 0.018393 
0.0310639 0.0486601 0 0.0097757 0.00443872 0.00924534 0.00581689 0.00713492 0.0156808 0.0115509 0.0116977 0.0124641 0.0207496 0.0443726 
0.0211083 0.0157273 0.0097757 0 0.00484161 0.00787978 0.0385325 0.021239 0.149496 0.0123594 0.0159915 0.0199718 0.0161991 0.0225958 
0.0141929 0.0182631 0.00443872 0.00484161 0 0.06531 0.0150168 0.0934395 0.0071575 0.0111858 0.0136287 0.0126181 0.0200328 0.011659 
0.0118142 0.0103691 0.00924534 0.00787978 0.06531 0 0.00366049 0.00357626 0.00381116 0.00831992 0.0106821 0.719861 0.00705942 0.0156558 
0.00893257 0.00911632 0.00581689 0.0385325 0.0150168 0.00366049 0 0.00355475 0.00354789 0.00863449 0.677791 0.0201078 0.00679312 0.00819582 
0.00913185 0.00877848 0.00713492 0.021239 0.0934395 0.00357626 0.00355475 0 0.00399844 0.224486 0.0524039 0.0174807 0.00663164 0.00792521 
0.0137413 0.010276 0.0156808 0.149496 0.0071575 0.00381116 0.00354789 0.00399844 0 0.0589959 0.00811319 0.00956794 0.0122237 0.013228 
0.0177459 0.0138542 0.0115509 0.0123594 0.0111858 0.00831992 0.00863449 0.224486 0.0589959 0 0.00596545 0.00471222 0.00600236 0.035699 
0.011291 0.00990552 0.0116977 0.0159915 0.0136287 0.0106821 0.677791 0.0524039 0.00811319 0.00596545 0 0.00365747 0.0145038 0.0386155 
0.0132622 0.0152432 0.0124641 0.0199718 0.0126181 0.719861 0.0201078 0.0174807 0.00956794 0.00471222 0.00365747 0 0.0527665 0.011625 
0.0153348 0.0192391 0.0207496 0.0161991 0.0200328 0.00705942 0.00679312 0.00663164 0.0122237 0.00600236 0.0145038 0.0527665 0 0.195271 
0.0166373 0.018393 0.0443726 0.0225958 0.011659 0.0156558 0.00819582 0.00792521 0.013228 0.035699 0.0386155 0.011625 0.195271 0 
