1JT2A
SLPTMPPSGYDQVRNGVPRGQVVNISYFSTATNSTRPARVYLPPGYSKDKKYSVLYLLHGIGGSENDWFEGGGRANVIADNLIAEGKIKPLIIVTPNTNAAGPGIADGYENFTKDLLNSLIPYIESNYSVYTDREHRAIAGLAMGGGQSFNIGLTNLDKFAYIGPISAAPNTYPNERLFPDGGKAAREKLKLLFIACGTNDSLIGFGQRVHEYCVANNINHVYWLIQGGGHDFNVWKPGLWNFLQMADEAGLTRD
CCCCCCCCCCCCCCCCCCCCEEEEEEEEECCCCEEEEEEEEECCCCCCCCCECEEEEECCCCCCCCCCCCCCCCHHHHHHHHHHCCCCCCCEEEEECCCCCCCCCCCHHHHHHHHHHHCHHHHHHHHCCECCCHHHEEEEEECHHHHHHHHHHHCCCCCCCEEEEECCCCCCCCHHHHCCCCCHHHHHHCCEEEEEEECCCCCHHHHHHHHHHHHHCCCCCEEEEECCCCCCHHHHHHHHHHHHHHHHHCCCCCC
0 0 0 0 0 0 0 0 0 0 0 0 0 0 0 0 0 0 0 0 0 0 0 0 0 0 0 0 0 0 0 0 0 0 0 0 0 0 0 0 0 0 0 0 0 0 0 0 0 0 0 0 0 0 0 0 0 0 0 0 0 0 0 0 0 0 0 0 0 0 0 0 0 0 0 0 0 0 0 0 0 0 0 0 0 0 0 0 0 0 0 0 0 0 0 0 0 0 0 0 0 0 0 0 0 0 0 0 0 0 0 0 0 0 0 0 0 0 0 0 0 0 0 0 0 0 0 0 0 0 0 0 0 0 0 0 0 0 0 0 0 0 0 0 0 0 0 0 0 0 0 0 0 0 0 0 0 0 0 0 0 0 0 0 0 0 0 0 0 0 0 0 0 0 0 0 0 0 0 0 0 0 0 0 0 0 0 0 0 0 0 0 0 0 0 0 0 0 0 0 0 0 0 0 0 0 0 0 0 0 0 0 0 0 0 0 0 0 0 0 0 0 0 0 0 0 0 0 0 0 0 0 0 0 0 0 0 0 0 0 0 0 0 0 0 0 0 0 0 0 0 0 0 0 0 
0 0 0 0 0 0 0 0 0 0 0 0 0 0 0 0 0 0 0 0 0 0 0 0 0 0 0 0 0 0 0 0 0 0 0 0 0 0 0 0 0 0 0 0 0 0 0 0 0 0 0 0 0 0 0 0 0 0 0 0 0 0 0 0 0 0 0 0 0 0 0 0 0 0 0 0 0 0 0 0 0 0 0 0 0 0 0 0 0 0 0 0 0 0 0 0 0 0 0 0 0 0 0 0 0 0 0 0 0 0 0 0 0 0 0 0 0 0 0 0 0 0 0 0 0 0 0 0 0 0 0 0 0 0 0 0 0 0 0 0 0 0 0 0 0 0 0 0 0 0 0 0 0 0 0 0 0 0 0 0 0 0 0 0 0 0 0 0 0 0 0 0 0 0 0 0 0 0 0 0 0 0 0 0 0 0 0 0 0 0 0 0 0 0 0 0 0 0 0 0 0 0 0 0 0 0 0 0 0 0 0 0 0 0 0 0 0 0 0 0 0 0 0 0 0 0 0 0 0 0 0 0 0 0 0 0 0 0 0 0 0 0 0 0 0 0 0 0 0 0 0 0 0 0 0 
0 0.00370003 0.00362913 0.00386133 0.00364783 0.00390233 0.00402844 0.00883139 0.00827867 0.00707215 0.00778269 0.0070003 0.0101757 0.00861872 0.0121824 0.0120346 0.0413185 0.789474 0.0157979 0.0216263 0.0107124 0.0142768 0.0111196 0.0148764 0.0181594 0.0106082 0.0101326 0.00937583 0.0125222 0.009111 0.00812342 0.00827168 0.00847923 0.00841013 0.00853127 0.00860542 0.00846889 0.00811982 0.00815268 0.00813097 0.00861313 0.0083447 0.00806752 0.00828998 0.00816812 0.00820222 0.00808383 0.00816798 0.00817705 0.00805451 0.0081094 0.00816003 0.00829253 
0.00370003 0 0.00375579 0.00360354 0.00363942 0.00358842 0.00380717 0.00499617 0.00475578 0.00614346 0.00684559 0.00725331 0.00900076 0.00876974 0.011122 0.0381666 0.909084 0.0119373 0.0124309 0.0138942 0.0330981 0.0158097 0.0197008 0.0111879 0.0159838 0.0260384 0.014665 0.0123044 0.00925281 0.00817702 0.00821588 0.00877228 0.00923471 0.00938321 0.00923522 0.00836566 0.00824781 0.00859756 0.00855188 0.0084322 0.00815646 0.00822279 0.00861394 0.00882627 0.00879181 0.00857509 0.00867434 0.00806282 0.0080289 0.0083176 0.0084635 0.00824789 0.00815831 
0.00362913 0.00375579 0 0.00355198 0.00358282 0.00354811 0.00377861 0.00362849 0.00370592 0.00618092 0.00629978 0.00836905 0.00667767 0.0111273 0.0142212 0.948044 0.0130348 0.0105599 0.0096866 0.0139027 0.0192723 0.0334909 0.0135432 0.01054 0.0133419 0.0255376 0.0498837 0.010549 0.00948123 0.00817517 0.00851714 0.00920033 0.0136978 0.0113844 0.010979 0.00843956 0.00839961 0.00881725 0.00936933 0.00886421 0.00827635 0.00826484 0.00869227 0.00941075 0.00898782 0.00922847 0.00844994 0.00809351 0.008006 0.00831101 0.00853123 0.00834802 0.0080597 
0.00386133 0.00360354 0.00355198 0 0.0035379 0.00361737 0.00358741 0.00366546 0.00365763 0.0054419 0.00948428 0.00649061 0.01221 0.0079757 0.969773 0.0115457 0.0157495 0.00824811 0.00899527 0.0117845 0.0160389 0.0278794 0.0130195 0.00983307 0.0155656 0.0275159 0.0220587 0.014026 0.00850964 0.00809508 0.00837471 0.00987162 0.0112511 0.0113068 0.0102473 0.00839419 0.00859216 0.00853815 0.00922562 0.00898625 0.00825109 0.0084031 0.00857995 0.00938123 0.00872527 0.00879899 0.00837034 0.00802815 0.008168 0.00832785 0.00836002 0.00824418 0.00799572 
0.00364783 0.00363942 0.00358282 0.0035379 0 0.00354139 0.00356089 0.00355918 0.00362163 0.00591079 0.00570843 0.010807 0.00794963 0.970782 0.0079862 0.034247 0.00987897 0.00848672 0.00990549 0.0136368 0.0150906 0.0161339 0.0123746 0.011781 0.0127612 0.0177853 0.0306364 0.00936573 0.00978016 0.00815412 0.00857747 0.00906235 0.0124342 0.0108562 0.00977815 0.00840001 0.00834389 0.00900993 0.00911555 0.00850169 0.0082548 0.00861991 0.00873149 0.00914173 0.00889404 0.0088182 0.00844209 0.00811091 0.00807152 0.00836191 0.00849125 0.00825512 0.00825245 
0.00390233 0.00358842 0.00354811 0.00361737 0.00354139 0 0.00353398 0.00364555 0.00358588 0.0041896 0.00778718 0.0059576 0.964665 0.00673433 0.0155966 0.00689997 0.0104565 0.00719761 0.00836617 0.0111571 0.0114407 0.0200156 0.0106076 0.00890631 0.0119349 0.0165328 0.0168394 0.0127364 0.00841028 0.00799625 0.00810015 0.00928918 0.00971896 0.0108628 0.00898714 0.00822881 0.00831878 0.00842012 0.00881074 0.00846338 0.00808759 0.00811718 0.00842272 0.00880501 0.00848367 0.00848928 0.00826015 0.00794602 0.00805704 0.00819169 0.00818066 0.00814597 0.00798296 
0.00402844 0.00380717 0.00377861 0.00358741 0.00356089 0.00353398 0 0.00353261 0.00355677 0.00718198 0.00552753 0.975932 0.006639 0.0134521 0.00688853 0.0136543 0.0131269 0.00748136 0.00918457 0.0109953 0.0151346 0.0189659 0.0127648 0.0114299 0.0112054 0.0191241 0.0387988 0.0103874 0.00940162 0.00804222 0.00836695 0.00901031 0.0139167 0.010154 0.00895492 0.00842114 0.00830025 0.00877271 0.00900958 0.00844143 0.00820143 0.00841948 0.00863465 0.00923433 0.00896177 0.00871575 0.00839425 0.00806842 0.00804069 0.00830861 0.00847231 0.00817651 0.00815054 
0.00883139 0.00499617 0.00362849 0.00366546 0.00355918 0.00364555 0.00353261 0 0.00359055 0.0046043 0.971581 0.00489133 0.00587533 0.00577824 0.0169781 0.00718431 0.00949356 0.0067439 0.00893606 0.0103393 0.0126818 0.0139193 0.0154993 0.0104401 0.0117232 0.0161757 0.0106061 0.014185 0.0086623 0.00821214 0.00833095 0.00926262 0.0090959 0.00875408 0.0089873 0.00818928 0.00825849 0.00843246 0.00839692 0.00841164 0.00816264 0.00810711 0.00834306 0.00848422 0.00837253 0.00829819 0.00816466 0.00801132 0.00795085 0.00808017 0.00807239 0.0080247 0.00802007 
0.00827867 0.00475578 0.00370592 0.00365763 0.00362163 0.00358588 0.00355677 0.00359055 0 0.963808 0.00387721 0.00453756 0.00417944 0.00547766 0.0059596 0.00751913 0.0073326 0.00784834 0.0145504 0.0140186 0.0101932 0.00995602 0.0112676 0.0173152 0.0204343 0.0103 0.0103052 0.00887306 0.0106104 0.00923538 0.010381 0.00832279 0.00854883 0.00857293 0.00850633 0.00873441 0.00875578 0.0081915 0.00811545 0.00810765 0.00868066 0.00848313 0.00811687 0.00823332 0.00818343 0.00815259 0.00799835 0.00806189 0.00812004 0.00805482 0.0081123 0.007937 0.00808542 
0.00707215 0.00614346 0.00618092 0.0054419 0.00591079 0.0041896 0.00718198 0.0046043 0.963808 0 0.00366026 0.00352294 0.00357876 0.00356928 0.00367847 0.00458263 0.00419854 0.00864929 0.012245 0.0090329 0.00930687 0.00934254 0.0106675 0.015443 0.0131257 0.00950879 0.00925005 0.00875242 0.0127958 0.00895843 0.00817994 0.00814989 0.00816366 0.00812285 0.00821583 0.00874205 0.00810332 0.00803884 0.00796753 0.00794681 0.00823963 0.0083532 0.0079533 0.00816144 0.00810716 0.0080046 0.00792123 0.00816502 0.00816452 0.00789307 0.00796502 0.00788594 0.00818091 
0.00778269 0.00684559 0.00629978 0.00948428 0.00570843 0.00778718 0.00552753 0.971581 0.00387721 0.00366026 0 0.00354811 0.00358152 0.00354742 0.0036043 0.00378301 0.0040545 0.00382844 0.007057 0.00905921 0.0102079 0.010359 0.0103087 0.00876369 0.010594 0.0133138 0.00913764 0.0103635 0.00856229 0.00809781 0.00799712 0.00822148 0.00829268 0.00852685 0.00832184 0.00812194 0.00815949 0.00813088 0.00808523 0.00811535 0.00801498 0.00799587 0.00813351 0.00824229 0.00815513 0.00814232 0.00817859 0.00795306 0.00796492 0.0081378 0.00808406 0.00811656 0.00796588 
0.0070003 0.00725331 0.00836905 0.00649061 0.010807 0.0059576 0.975932 0.00489133 0.00453756 0.00352294 0.00354811 0 0.00353208 0.00354646 0.00355207 0.00368169 0.00364138 0.00358337 0.00682552 0.00834947 0.0093811 0.0103843 0.00961388 0.00884668 0.0097281 0.0105364 0.0238074 0.00879995 0.00914528 0.00811154 0.00827651 0.00851741 0.00934353 0.00959953 0.00841351 0.00817717 0.00825012 0.00844502 0.00847727 0.00809494 0.00810852 0.00818778 0.00829509 0.00869118 0.00869696 0.00888875 0.00818389 0.0080142 0.00796314 0.00810215 0.00835579 0.00811318 0.00806623 
0.0101757 0.00900076 0.00667767 0.01221 0.00794963 0.964665 0.006639 0.00587533 0.00417944 0.00357876 0.00358152 0.00353208 0 0.00353482 0.00361034 0.00357947 0.00359309 0.00358595 0.00640291 0.0084365 0.00943544 0.0144594 0.00990574 0.00965403 0.0106765 0.0195309 0.0140298 0.0118697 0.0084236 0.00809604 0.00825463 0.00919058 0.0114604 0.0100573 0.00907876 0.0081176 0.00836627 0.00852207 0.00881051 0.00842331 0.00803093 0.00804078 0.00844921 0.00901696 0.00878693 0.00871954 0.00831297 0.00796312 0.00802328 0.0083171 0.00822381 0.00814891 0.00798287 
0.00861872 0.00876974 0.0111273 0.0079757 0.970782 0.00673433 0.0134521 0.00577824 0.00547766 0.00356928 0.00354742 0.00354646 0.00353482 0 0.00354686 0.0035611 0.00361364 0.00357239 0.00834744 0.0094094 0.0167065 0.0135591 0.0180625 0.024223 0.0185337 0.0230241 0.0606329 0.0105649 0.0119746 0.00827131 0.00946127 0.0112412 0.0168784 0.0151723 0.0103789 0.00878318 0.00852444 0.0103078 0.00992503 0.00878727 0.00843324 0.00880181 0.00926757 0.00979067 0.0099509 0.00939214 0.00851358 0.00820325 0.00812256 0.00844129 0.00867704 0.00830519 0.00812392 
0.0121824 0.011122 0.0142212 0.969773 0.0079862 0.0155966 0.00688853 0.0169781 0.0059596 0.00367847 0.0036043 0.00355207 0.00361034 0.00354686 0 0.00355841 0.00358001 0.00357074 0.0077958 0.0138871 0.0241887 0.0414589 0.0494238 0.0110402 0.0185914 0.0619219 0.0433652 0.0565192 0.00940554 0.00833828 0.00915382 0.0131718 0.0200097 0.0256527 0.0145791 0.00845184 0.00910037 0.00951973 0.0120467 0.0098486 0.00837238 0.00841838 0.00939338 0.0110744 0.0101484 0.0104452 0.00868932 0.00809934 0.00831382 0.00858305 0.0086748 0.00845462 0.00807287 
0.0120346 0.0381666 0.948044 0.0115457 0.034247 0.00689997 0.0136543 0.00718431 0.00751913 0.00458263 0.00378301 0.00368169 0.00357947 0.0035611 0.00355841 0 0.00358478 0.00358266 0.0113349 0.0157018 0.0425512 0.108357 0.0227269 0.0140967 0.0264492 0.0556988 0.221956 0.0152518 0.0125959 0.00834813 0.0100198 0.0145637 0.0431755 0.0299414 0.0146917 0.00949071 0.00909064 0.0128605 0.0130192 0.00991414 0.00882014 0.00896158 0.0105152 0.0118154 0.0133461 0.010266 0.0089105 0.00833701 0.00819493 0.00868218 0.00916939 0.00856087 0.00818052 
0.0413185 0.909084 0.0130348 0.0157495 0.00987897 0.0104565 0.0131269 0.00949356 0.0073326 0.00419854 0.0040545 0.00364138 0.00359309 0.00361364 0.00358001 0.00358478 0 0.00356652 0.0173541 0.0196187 0.0660456 0.0288506 0.0418727 0.0174749 0.0264772 0.081545 0.0300274 0.05249 0.0112983 0.00915485 0.0105427 0.0172475 0.0174316 0.017339 0.0182526 0.0100251 0.00994915 0.0105501 0.0103948 0.0102968 0.00874782 0.00869431 0.00945501 0.0106732 0.00969279 0.00970911 0.00865181 0.00817043 0.00815609 0.00851865 0.00864537 0.00837718 0.00809916 
0.789474 0.0119373 0.0105599 0.00824811 0.00848672 0.00719761 0.00748136 0.0067439 0.00784834 0.00864929 0.00382844 0.00358337 0.00358595 0.00357239 0.00357074 0.00358266 0.00356652 0 0.0535962 0.0413849 0.0130413 0.0124437 0.016858 0.0192637 0.0294504 0.0119289 0.0141856 0.0102071 0.0146275 0.0112678 0.0122582 0.00918275 0.00951927 0.00923097 0.00929868 0.0102122 0.0109357 0.00850547 0.00831774 0.00850631 0.00928178 0.00902555 0.00863863 0.00846591 0.00837738 0.00829294 0.00815646 0.0082028 0.0083123 0.00823997 0.00823179 0.00799043 0.00807931 
0.0157979 0.0124309 0.0096866 0.00899527 0.00990549 0.00836617 0.00918457 0.00893606 0.0145504 0.012245 0.007057 0.00682552 0.00640291 0.00834744 0.0077958 0.0113349 0.0173541 0.0535962 0 0.00435904 0.00377042 0.00371695 0.00372582 0.00480437 0.0698665 0.0153293 0.010885 0.00953565 0.014457 0.0410907 0.0104621 0.00901323 0.00841926 0.0085132 0.00855666 0.011551 0.00975407 0.00819418 0.00804012 0.00807402 0.00965934 0.0101369 0.00828176 0.00813104 0.00817104 0.00801395 0.00799029 0.00913147 0.00835498 0.00795822 0.00797275 0.00790445 0.00884098 
0.0216263 0.0138942 0.0139027 0.0117845 0.0136368 0.0111571 0.0109953 0.0103393 0.0140186 0.0090329 0.00905921 0.00834947 0.0084365 0.0094094 0.0138871 0.0157018 0.0196187 0.0413849 0.00435904 0 0.00359209 0.00358464 0.00358865 0.00417964 0.572902 0.0442814 0.0436919 0.012765 0.0233729 0.00991007 0.0163428 0.0113642 0.0181283 0.018318 0.0158119 0.0128001 0.0101974 0.0100652 0.0110227 0.0117977 0.0111099 0.00939031 0.00946473 0.0113506 0.0103254 0.0102543 0.00871877 0.00926502 0.00838827 0.00818933 0.00872428 0.00841302 0.00919963 
0.0107124 0.0330981 0.0192723 0.0160389 0.0150906 0.0114407 0.0151346 0.0126818 0.0101932 0.00930687 0.0102079 0.0093811 0.00943544 0.0167065 0.0241887 0.0425512 0.0660456 0.0130413 0.00377042 0.00359209 0 0.00357723 0.00361172 0.00359724 0.0950344 0.679085 0.0475938 0.0408941 0.0113727 0.00964869 0.0101314 0.0322793 0.0279809 0.0266847 0.0192756 0.00947392 0.010265 0.0142648 0.0120711 0.0115381 0.00900797 0.00892696 0.0109505 0.0119908 0.0119304 0.0106161 0.00900049 0.008567 0.00822757 0.00865578 0.00875982 0.00861015 0.0081101 
0.0142768 0.0158097 0.0334909 0.0278794 0.0161339 0.0200156 0.0189659 0.0139193 0.00995602 0.00934254 0.010359 0.0103843 0.0144594 0.0135591 0.0414589 0.108357 0.0288506 0.0124437 0.00371695 0.00358464 0.00357723 0 0.00358022 0.00356403 0.130151 0.103573 0.677798 0.0275628 0.0186157 0.00880247 0.0115095 0.0177779 0.0835153 0.0545531 0.022658 0.0100379 0.0111139 0.0138935 0.0247618 0.0125049 0.00950498 0.00942776 0.0112435 0.0170416 0.0157362 0.0137226 0.00930727 0.00836469 0.00849828 0.00892115 0.0100633 0.00929512 0.00829842 
0.0111196 0.0197008 0.0135432 0.0130195 0.0123746 0.0106076 0.0127648 0.0154993 0.0112676 0.0106675 0.0103087 0.00961388 0.00990574 0.0180625 0.0494238 0.0227269 0.0418727 0.016858 0.00372582 0.00358865 0.00361172 0.00358022 0 0.00381922 0.0307188 0.170901 0.0863208 0.475766 0.0156949 0.00951281 0.00995872 0.0193296 0.0239951 0.0237976 0.0338379 0.0106273 0.00975555 0.0134903 0.011173 0.0135733 0.00972649 0.00911491 0.0102242 0.0111949 0.0109516 0.00997188 0.00928221 0.00837938 0.00813347 0.00856339 0.00886509 0.00858214 0.00809986 
0.0148764 0.0111879 0.01054 0.00983307 0.011781 0.00890631 0.0114299 0.0104401 0.0173152 0.015443 0.00876369 0.00884668 0.00965403 0.024223 0.0110402 0.0140967 0.0174749 0.0192637 0.00480437 0.00417964 0.00359724 0.00356403 0.00381922 0 0.0382582 0.0249259 0.10012 0.0441231 0.349782 0.0119807 0.0129781 0.00987918 0.0114316 0.0129489 0.0157559 0.0170041 0.0106411 0.00938561 0.00904143 0.00937029 0.0129517 0.0092605 0.00923277 0.00897423 0.00912453 0.00885475 0.0085425 0.00852269 0.00832247 0.00813113 0.00825516 0.00805543 0.00817431 
0.0181594 0.0159838 0.0133419 0.0155656 0.0127612 0.0119349 0.0112054 0.0117232 0.0204343 0.0131257 0.010594 0.0097281 0.0106765 0.0185337 0.0185914 0.0264492 0.0264772 0.0294504 0.0698665 0.572902 0.0950344 0.130151 0.0307188 0.0382582 0 0.00380531 0.00371893 0.00366924 0.00420743 0.0607977 0.0374697 0.0258278 0.0224132 0.0167481 0.018555 0.0232269 0.0335861 0.0150218 0.0128588 0.0120559 0.0172137 0.0167787 0.0138094 0.0137984 0.0122905 0.0113511 0.0107189 0.0108924 0.00895367 0.00850277 0.00897972 0.00895602 0.00944159 
0.0106082 0.0260384 0.0255376 0.0275159 0.0177853 0.0165328 0.0191241 0.0161757 0.0103 0.00950879 0.0133138 0.0105364 0.0195309 0.0230241 0.0619219 0.0556988 0.081545 0.0119289 0.0153293 0.0442814 0.679085 0.103573 0.170901 0.0249259 0.00380531 0 0.0036084 0.00360951 0.00364211 0.0211754 0.028526 0.0764765 0.0620425 0.0627482 0.0378353 0.0120529 0.0195399 0.0393236 0.0282204 0.026523 0.0111415 0.0111 0.0303412 0.0290952 0.0282724 0.0227415 0.0125603 0.00888063 0.00874725 0.00989632 0.01026 0.0102094 0.00843535 
0.0101326 0.014665 0.0498837 0.0220587 0.0306364 0.0168394 0.0387988 0.0106061 0.0103052 0.00925005 0.00913764 0.0238074 0.0140298 0.0606329 0.0433652 0.221956 0.0300274 0.0141856 0.010885 0.0436919 0.0475938 0.677798 0.0863208 0.10012 0.00371893 0.0036084 0 0.00358482 0.00355216 0.0132998 0.0193735 0.0514013 0.186309 0.119689 0.0364479 0.0141865 0.0161437 0.0290887 0.06617 0.020644 0.0118119 0.0110485 0.0205138 0.0458448 0.0470422 0.0371002 0.0119156 0.00874061 0.00871029 0.00978464 0.0130395 0.00954617 0.00831005 
0.00937583 0.0123044 0.010549 0.014026 0.00936573 0.0127364 0.0103874 0.014185 0.00887306 0.00875242 0.0103635 0.00879995 0.0118697 0.0105649 0.0565192 0.0152518 0.05249 0.0102071 0.00953565 0.012765 0.0408941 0.0275628 0.475766 0.0441231 0.00366924 0.00360951 0.00358482 0 0.0037343 0.0126817 0.0123561 0.0372373 0.0450848 0.0369576 0.0800421 0.0124028 0.0110136 0.0170826 0.0149061 0.0321878 0.0105719 0.00959904 0.0121033 0.0180546 0.0149425 0.0124541 0.0117129 0.00848442 0.00846237 0.00883415 0.00946238 0.00869423 0.00802711 
0.0125222 0.00925281 0.00948123 0.00850964 0.00978016 0.00841028 0.00940162 0.0086623 0.0106104 0.0127958 0.00856229 0.00914528 0.0084236 0.0119746 0.00940554 0.0125959 0.0112983 0.0146275 0.014457 0.0233729 0.0113727 0.0186157 0.0156949 0.349782 0.00420743 0.00364211 0.00355216 0.0037343 0 0.0239611 0.0206902 0.0186733 0.0212317 0.0196363 0.0233953 0.0347363 0.0172759 0.01024 0.00980446 0.0108807 0.0213837 0.0106644 0.00926694 0.00931613 0.00984017 0.00928682 0.00880031 0.00897276 0.00909198 0.00819526 0.00842122 0.00818962 0.00810893 
0.009111 0.00817702 0.00817517 0.00809508 0.00815412 0.00799625 0.00804222 0.00821214 0.00923538 0.00895843 0.00809781 0.00811154 0.00809604 0.00827131 0.00833828 0.00834813 0.00915485 0.0112678 0.0410907 0.00991007 0.00964869 0.00880247 0.00951281 0.0119807 0.0607977 0.0211754 0.0132998 0.0126817 0.0239611 0 0.0119601 0.0139078 0.00684488 0.00678883 0.00795367 0.0123896 0.0210546 0.0108123 0.00904238 0.00995785 0.020875 0.0148143 0.0108718 0.00910346 0.00908047 0.00880858 0.00914843 0.0111908 0.00964744 0.00828454 0.00817445 0.00818456 0.0094402 
0.00812342 0.00821588 0.00851714 0.00837471 0.00857747 0.00810015 0.00836695 0.00833095 0.010381 0.00817994 0.00799712 0.00827651 0.00825463 0.00946127 0.00915382 0.0100198 0.0105427 0.0122582 0.0104621 0.0163428 0.0101314 0.0115095 0.00995872 0.0129781 0.0374697 0.028526 0.0193735 0.0123561 0.0206902 0.0119601 0 0.0036191 0.00358956 0.00358626 0.00362039 0.00406861 0.0186075 0.0171843 0.00941333 0.0126774 0.0298449 0.0173031 0.0120219 0.0121046 0.011363 0.0110121 0.0113949 0.0135138 0.00956036 0.00875103 0.00947701 0.00901556 0.0110639 
0.00827168 0.00877228 0.00920033 0.00987162 0.00906235 0.00928918 0.00901031 0.00926262 0.00832279 0.00814989 0.00822148 0.00851741 0.00919058 0.0112412 0.0131718 0.0145637 0.0172475 0.00918275 0.00901323 0.0113642 0.0322793 0.0177779 0.0193296 0.00987918 0.0258278 0.0764765 0.0514013 0.0372373 0.0186733 0.0139078 0.0036191 0 0.00356973 0.00357438 0.00357873 0.00364336 0.406275 0.0288009 0.0290808 0.0175608 0.0153584 0.0134486 0.0313734 0.0229602 0.0248832 0.0202798 0.0158048 0.010314 0.0088476 0.011508 0.0114256 0.0112815 0.00880267 
0.00847923 0.00923471 0.0136978 0.0112511 0.0124342 0.00971896 0.0139167 0.0090959 0.00854883 0.00816366 0.00829268 0.00934353 0.0114604 0.0168784 0.0200097 0.0431755 0.0174316 0.00951927 0.00841926 0.0181283 0.0279809 0.0835153 0.0239951 0.0114316 0.0224132 0.0620425 0.186309 0.0450848 0.0212317 0.00684488 0.00358956 0.00356973 0 0.00355914 0.00360374 0.00369451 0.023861 0.452658 0.0425855 0.064716 0.013093 0.0159687 0.029564 0.0884062 0.073774 0.0586078 0.0172159 0.00951914 0.00942854 0.0128408 0.036379 0.0114825 0.00876046 
0.00841013 0.00938321 0.0113844 0.0113068 0.0108562 0.0108628 0.010154 0.00875408 0.00857293 0.00812285 0.00852685 0.00959953 0.0100573 0.0151723 0.0256527 0.0299414 0.017339 0.00923097 0.0085132 0.018318 0.0266847 0.0545531 0.0237976 0.0129489 0.0167481 0.0627482 0.119689 0.0369576 0.0196363 0.00678883 0.00358626 0.00357438 0.00355914 0 0.00355957 0.00355593 0.0402697 0.0341966 0.528738 0.0187195 0.0347196 0.0114352 0.0367289 0.0565357 0.0763227 0.0509697 0.0149362 0.00998646 0.0089995 0.0157499 0.0228984 0.0113386 0.00856411 
0.00853127 0.00923522 0.010979 0.0102473 0.00977815 0.00898714 0.00895492 0.0089873 0.00850633 0.00821583 0.00832184 0.00841351 0.00907876 0.0103789 0.0145791 0.0146917 0.0182526 0.00929868 0.00855666 0.0158119 0.0192756 0.022658 0.0338379 0.0157559 0.018555 0.0378353 0.0364479 0.0800421 0.0233953 0.00795367 0.00362039 0.00357873 0.00360374 0.00355957 0 0.00397358 0.0270813 0.0549553 0.0255455 0.6551 0.0252666 0.0128506 0.0197695 0.0402884 0.0244454 0.0267614 0.0287948 0.010766 0.0100709 0.0121968 0.0131352 0.0134456 0.00875521 
0.00860542 0.00836566 0.00843956 0.00839419 0.00840001 0.00822881 0.00842114 0.00818928 0.00873441 0.00874205 0.00812194 0.00817717 0.0081176 0.00878318 0.00845184 0.00949071 0.0100251 0.0102122 0.011551 0.0128001 0.00947392 0.0100379 0.0106273 0.0170041 0.0232269 0.0120529 0.0141865 0.0124028 0.0347363 0.0123896 0.00406861 0.00364336 0.00369451 0.00355593 0.00397358 0 0.0205462 0.0170314 0.0272189 0.035884 0.594319 0.0145641 0.013247 0.0107114 0.0119802 0.0101074 0.0116507 0.013374 0.011281 0.00922971 0.00920647 0.00927627 0.00980034 
0.00846889 0.00824781 0.00839961 0.00859216 0.00834389 0.00831878 0.00830025 0.00825849 0.00875578 0.00810332 0.00815949 0.00825012 0.00836627 0.00852444 0.00910037 0.00909064 0.00994915 0.0109357 0.00975407 0.0101974 0.010265 0.0111139 0.00975555 0.0106411 0.0335861 0.0195399 0.0161437 0.0110136 0.0172759 0.0210546 0.0186075 0.406275 0.023861 0.0402697 0.0270813 0.0205462 0 0.00390148 0.00358823 0.00362389 0.00378109 0.483964 0.0233547 0.0266384 0.0127075 0.0156474 0.0126913 0.017795 0.0137271 0.010507 0.0102657 0.0102786 0.0126319 
0.00811982 0.00859756 0.00881725 0.00853815 0.00900993 0.00842012 0.00877271 0.00843246 0.0081915 0.00803884 0.00813088 0.00844502 0.00852207 0.0103078 0.00951973 0.0128605 0.0105501 0.00850547 0.00819418 0.0100652 0.0142648 0.0138935 0.0134903 0.00938561 0.0150218 0.0393236 0.0290887 0.0170826 0.01024 0.0108123 0.0171843 0.0288009 0.452658 0.0341966 0.0549553 0.0170314 0.00390148 0 0.00360454 0.00360243 0.00361701 0.0661467 0.356477 0.0234916 0.068818 0.0189114 0.0223024 0.0106174 0.0104262 0.0154497 0.0219228 0.0145867 0.00907491 
0.00815268 0.00855188 0.00936933 0.00922562 0.00911555 0.00881074 0.00900958 0.00839692 0.00811545 0.00796753 0.00808523 0.00847727 0.00881051 0.00992503 0.0120467 0.0130192 0.0103948 0.00831774 0.00804012 0.0110227 0.0120711 0.0247618 0.011173 0.00904143 0.0128588 0.0282204 0.06617 0.0149061 0.00980446 0.00904238 0.00941333 0.0290808 0.0425855 0.528738 0.0255455 0.0272189 0.00358823 0.00360454 0 0.00354362 0.00355263 0.0345102 0.0364916 0.28904 0.0402761 0.0961065 0.0119614 0.0097778 0.00943532 0.0154777 0.0316779 0.011838 0.00858357 
0.00813097 0.0084322 0.00886421 0.00898625 0.00850169 0.00846338 0.00844143 0.00841164 0.00810765 0.00794681 0.00811535 0.00809494 0.00842331 0.00878727 0.0098486 0.00991414 0.0102968 0.00850631 0.00807402 0.0117977 0.0115381 0.0125049 0.0135733 0.00937029 0.0120559 0.026523 0.020644 0.0321878 0.0108807 0.00995785 0.0126774 0.0175608 0.064716 0.0187195 0.6551 0.035884 0.00362389 0.00360243 0.00354362 0 0.00376825 0.0146732 0.0562525 0.0609936 0.163982 0.0375713 0.125209 0.0103154 0.0111498 0.0185981 0.0148686 0.0185146 0.00894467 
0.00861313 0.00815646 0.00827635 0.00825109 0.0082548 0.00808759 0.00820143 0.00816264 0.00868066 0.00823963 0.00801498 0.00810852 0.00803093 0.00843324 0.00837238 0.00882014 0.00874782 0.00928178 0.00965934 0.0111099 0.00900797 0.00950498 0.00972649 0.0129517 0.0172137 0.0111415 0.0118119 0.0105719 0.0213837 0.020875 0.0298449 0.0153584 0.013093 0.0347196 0.0252666 0.594319 0.00378109 0.00361701 0.00355263 0.00376825 0 0.025272 0.0191657 0.0469532 0.0376796 0.103989 0.0386292 0.111863 0.015023 0.010141 0.00989063 0.00964307 0.0122829 
0.0083447 0.00822279 0.00826484 0.0084031 0.00861991 0.00811718 0.00841948 0.00810711 0.00848313 0.0083532 0.00799587 0.00818778 0.00804078 0.00880181 0.00841838 0.00896158 0.00869431 0.00902555 0.0101369 0.00939031 0.00892696 0.00942776 0.00911491 0.0092605 0.0167787 0.0111 0.0110485 0.00959904 0.0106644 0.0148143 0.0173031 0.0134486 0.0159687 0.0114352 0.0128506 0.0145641 0.483964 0.0661467 0.0345102 0.0146732 0.025272 0 0.004486 0.00362375 0.00366134 0.00362118 0.00375055 0.00514863 0.167283 0.015124 0.0117858 0.0117545 0.0223441 
0.00806752 0.00861394 0.00869227 0.00857995 0.00873149 0.00842272 0.00863465 0.00834306 0.00811687 0.0079533 0.00813351 0.00829509 0.00844921 0.00926757 0.00939338 0.0105152 0.00945501 0.00863863 0.00828176 0.00946473 0.0109505 0.0112435 0.0102242 0.00923277 0.0138094 0.0303412 0.0205138 0.0121033 0.00926694 0.0108718 0.0120219 0.0313734 0.029564 0.0367289 0.0197695 0.013247 0.0233547 0.356477 0.0364916 0.0562525 0.0191657 0.004486 0 0.00358537 0.00356937 0.0035838 0.00365178 0.00372064 0.0407259 0.124094 0.0223368 0.0291251 0.0108724 
0.00828998 0.00882627 0.00941075 0.00938123 0.00914173 0.00880501 0.00923433 0.00848422 0.00823332 0.00816144 0.00824229 0.00869118 0.00901696 0.00979067 0.0110744 0.0118154 0.0106732 0.00846591 0.00813104 0.0113506 0.0119908 0.0170416 0.0111949 0.00897423 0.0137984 0.0290952 0.0458448 0.0180546 0.00931613 0.00910346 0.0121046 0.0229602 0.0884062 0.0565357 0.0402884 0.0107114 0.0266384 0.0234916 0.28904 0.0609936 0.0469532 0.00362375 0.00358537 0 0.00355209 0.00355633 0.00360013 0.00358711 0.202272 0.0343562 0.147784 0.0196381 0.0108981 
0.00816812 0.00879181 0.00898782 0.00872527 0.00889404 0.00848367 0.00896177 0.00837253 0.00818343 0.00810716 0.00815513 0.00869696 0.00878693 0.0099509 0.0101484 0.0133461 0.00969279 0.00837738 0.00817104 0.0103254 0.0119304 0.0157362 0.0109516 0.00912453 0.0122905 0.0282724 0.0470422 0.0149425 0.00984017 0.00908047 0.011363 0.0248832 0.073774 0.0763227 0.0244454 0.0119802 0.0127075 0.068818 0.0402761 0.163982 0.0376796 0.00366134 0.00356937 0.00355209 0 0.00354565 0.00359008 0.00357497 0.0191109 0.269465 0.0597319 0.0612148 0.0103987 
0.00820222 0.00857509 0.00922847 0.00879899 0.0088182 0.00848928 0.00871575 0.00829819 0.00815259 0.0080046 0.00814232 0.00888875 0.00871954 0.00939214 0.0104452 0.010266 0.00970911 0.00829294 0.00801395 0.0102543 0.0106161 0.0137226 0.00997188 0.00885475 0.0113511 0.0227415 0.0371002 0.0124541 0.00928682 0.00880858 0.0110121 0.0202798 0.0586078 0.0509697 0.0267614 0.0101074 0.0156474 0.0189114 0.0961065 0.0375713 0.103989 0.00362118 0.0035838 0.00355633 0.00354565 0 0.00355489 0.00355294 0.0244437 0.0314467 0.353172 0.0213361 0.0117213 
0.00808383 0.00867434 0.00844994 0.00837034 0.00844209 0.00826015 0.00839425 0.00816466 0.00799835 0.00792123 0.00817859 0.00818389 0.00831297 0.00851358 0.00868932 0.0089105 0.00865181 0.00815646 0.00799029 0.00871877 0.00900049 0.00930727 0.00928221 0.0085425 0.0107189 0.0125603 0.0119156 0.0117129 0.00880031 0.00914843 0.0113949 0.0158048 0.0172159 0.0149362 0.0287948 0.0116507 0.0126913 0.0223024 0.0119614 0.125209 0.0386292 0.00375055 0.00365178 0.00360013 0.00359008 0.00355489 0 0.0044744 0.014061 0.0341649 0.0176398 0.311279 0.0133403 
0.00816798 0.00806282 0.00809351 0.00802815 0.00811091 0.00794602 0.00806842 0.00801132 0.00806189 0.00816502 0.00795306 0.0080142 0.00796312 0.00820325 0.00809934 0.00833701 0.00817043 0.0082028 0.00913147 0.00926502 0.008567 0.00836469 0.00837938 0.00852269 0.0108924 0.00888063 0.00874061 0.00848442 0.00897276 0.0111908 0.0135138 0.010314 0.00951914 0.00998646 0.010766 0.013374 0.017795 0.0106174 0.0097778 0.0103154 0.111863 0.00514863 0.00372064 0.00358711 0.00357497 0.00355294 0.0044744 0 0.0174288 0.0136852 0.0147657 0.0125516 0.278763 
0.00817705 0.0080289 0.008006 0.008168 0.00807152 0.00805704 0.00804069 0.00795085 0.00812004 0.00816452 0.00796492 0.00796314 0.00802328 0.00812256 0.00831382 0.00819493 0.00815609 0.0083123 0.00835498 0.00838827 0.00822757 0.00849828 0.00813347 0.00832247 0.00895367 0.00874725 0.00871029 0.00846237 0.00909198 0.00964744 0.00956036 0.0088476 0.00942854 0.0089995 0.0100709 0.011281 0.0137271 0.0104262 0.00943532 0.0111498 0.015023 0.167283 0.0407259 0.202272 0.0191109 0.0244437 0.014061 0.0174288 0 0.00362518 0.00364522 0.00360973 0.00434178 
0.00805451 0.0083176 0.00831101 0.00832785 0.00836191 0.00819169 0.00830861 0.00808017 0.00805482 0.00789307 0.0081378 0.00810215 0.0083171 0.00844129 0.00858305 0.00868218 0.00851865 0.00823997 0.00795822 0.00818933 0.00865578 0.00892115 0.00856339 0.00813113 0.00850277 0.00989632 0.00978464 0.00883415 0.00819526 0.00828454 0.00875103 0.011508 0.0128408 0.0157499 0.0121968 0.00922971 0.010507 0.0154497 0.0154777 0.0185981 0.010141 0.015124 0.124094 0.0343562 0.269465 0.0314467 0.0341649 0.0136852 0.00362518 0 0.00355705 0.00361473 0.00365902 
0.0081094 0.0084635 0.00853123 0.00836002 0.00849125 0.00818066 0.00847231 0.00807239 0.0081123 0.00796502 0.00808406 0.00835579 0.00822381 0.00867704 0.0086748 0.00916939 0.00864537 0.00823179 0.00797275 0.00872428 0.00875982 0.0100633 0.00886509 0.00825516 0.00897972 0.01026 0.0130395 0.00946238 0.00842122 0.00817445 0.00947701 0.0114256 0.036379 0.0228984 0.0131352 0.00920647 0.0102657 0.0219228 0.0316779 0.0148686 0.00989063 0.0117858 0.0223368 0.147784 0.0597319 0.353172 0.0176398 0.0147657 0.00364522 0.00355705 0 0.00357189 0.00357316 
0.00816003 0.00824789 0.00834802 0.00824418 0.00825512 0.00814597 0.00817651 0.0080247 0.007937 0.00788594 0.00811656 0.00811318 0.00814891 0.00830519 0.00845462 0.00856087 0.00837718 0.00799043 0.00790445 0.00841302 0.00861015 0.00929512 0.00858214 0.00805543 0.00895602 0.0102094 0.00954617 0.00869423 0.00818962 0.00818456 0.00901556 0.0112815 0.0114825 0.0113386 0.0134456 0.00927627 0.0102786 0.0145867 0.011838 0.0185146 0.00964307 0.0117545 0.0291251 0.0196381 0.0612148 0.0213361 0.311279 0.0125516 0.00360973 0.00361473 0.00357189 0 0.00354221 
0.00829253 0.00815831 0.0080597 0.00799572 0.00825245 0.00798296 0.00815054 0.00802007 0.00808542 0.00818091 0.00796588 0.00806623 0.00798287 0.00812392 0.00807287 0.00818052 0.00809916 0.00807931 0.00884098 0.00919963 0.0081101 0.00829842 0.00809986 0.00817431 0.00944159 0.00843535 0.00831005 0.00802711 0.00810893 0.0094402 0.0110639 0.00880267 0.00876046 0.00856411 0.00875521 0.00980034 0.0126319 0.00907491 0.00858357 0.00894467 0.0122829 0.0223441 0.0108724 0.0108981 0.0103987 0.0117213 0.0133403 0.278763 0.00434178 0.00365902 0.00357316 0.00354221 0 
