1KDOB
AIAPVITIDGPSGAGKGTLCKAMAEALQWHLLDSGAIYRVLALAALHHHVDVASEDALVPLASHLDVRFVSTNGNLEVILEGEDVSGEIRTQEVANAASQVAAFPRVREALLRRQRAFRELPGLIADGRDMGTVVFPDAPVKIFLDASSEERAHRRMLQLQEKGFSVNFERLLAEIKERDDRDRNRAVAPLVPAADALVLDSTTLSIEQVIEKALQYARQKLA
CCCCEEEEECCCCCCHHHHHHHHHHHHCCEEEEHHHHHHHHHHHHHHCCCCCCCHHHHHHHHHCCCEEEEEECCEEEEEECCEECCCHHHCHHHHHHHHHHHCCHHHHHHHHHHHHCCCCCCCEEEEECCCCCCCCCCCCEEEEEECCHHHHHHHHHHHHHHCCCCCCHHHHHHHHHHHHHHHHHCCCCCCCCCCCCEEEECCCCCHHHHHHHHHHHHHHHCC
0 0 0 0 0 0 0 0 0 0 0 0 0 0 0 0 0 0 0 0 0 0 0 0 0 0 0 0 0 0 0 0 0 0 0 0 0 0 0 0 0 0 0 0 0 0 0 0 0 0 0 0 0 0 0 0 0 0 0 0 0 0 0 0 0 0 0 0 0 0 0 0 0 0 0 0 0 0 0 0 0 0 0 0 0 0 0 0 0 0 0 0 0 0 0 0 0 0 0 0 0 0 0 0 0 0 0 0 0 0 0 0 0 0 0 0 0 0 0 0 0 0 0 0 0 0 0 0 0 0 0 0 0 0 0 0 0 0 0 0 0 0 0 0 0 0 0 0 0 0 0 0 0 0 0 0 0 0 0 0 0 0 0 0 0 0 0 0 0 0 0 0 0 0 0 0 0 0 0 0 0 0 0 0 0 0 0 0 0 0 0 0 0 0 0 0 0 0 0 0 0 0 0 0 0 0 0 0 0 0 0 0 0 0 0 0 0 0 0 0 0 0 0 
0 0 0 0 0 0 0 0 0 0 0 0 0 0 0 0 0 0 0 0 0 0 0 0 0 0 0 0 0 0 0 0 0 0 0 0 0 0 0 0 0 0 0 0 0 0 0 0 0 0 0 0 0 0 0 0 0 0 0 0 0 0 0 0 0 0 0 0 0 0 0 0 0 0 0 0 0 0 0 0 0 0 0 0 0 0 0 0 0 0 0 0 0 0 0 0 0 0 0 0 0 0 0 0 0 0 0 0 0 0 0 0 0 0 0 0 0 0 0 0 0 0 0 0 0 0 0 0 0 0 0 0 0 0 0 0 0 0 0 0 0 0 0 0 0 0 0 0 0 0 0 0 0 0 0 0 0 0 0 0 0 0 0 0 0 0 0 0 0 0 0 0 0 0 0 0 0 0 0 0 0 0 0 0 0 0 0 0 0 0 0 0 0 0 0 0 0 0 0 0 0 0 0 0 0 0 0 0 0 0 0 0 0 0 0 0 0 0 0 0 0 0 0 
0 0.00381242 0.00369147 0.00399564 0.00434373 0.255645 0.02306 0.0221897 0.0233901 0.0361578 0.0115549 0.0120494 0.00965282 0.00969928 0.0154015 0.00974936 0.00948935 0.0103294 0.0140563 0.0129303 0.0172737 0.00906649 0.0100641 0.010403 0.00938236 0.00965203 0.00866068 0.0107253 0.0106024 0.00918111 0.0129286 0.00987843 0.0092308 0.00998609 0.00870517 0.00849968 0.00858998 0.0086651 
0.00381242 0 0.00370926 0.00372817 0.0036723 0.0926044 0.322947 0.0400447 0.0193921 0.0430702 0.0156675 0.0386674 0.0113757 0.0162662 0.0100727 0.0091265 0.0148899 0.014156 0.0670921 0.0216226 0.0142389 0.00872728 0.00865436 0.0109629 0.013061 0.015932 0.0115846 0.00964598 0.0140914 0.0107168 0.0217167 0.0134727 0.0122428 0.00902242 0.00872184 0.00869328 0.00886338 0.00833532 
0.00369147 0.00370926 0 0.00370348 0.00357616 0.0518693 0.157606 0.084958 0.0230855 0.0110801 0.0999833 0.0158359 0.0339082 0.0111889 0.00889088 0.00927979 0.0101202 0.0546127 0.0356203 0.0556642 0.0113052 0.00842698 0.00904254 0.0106578 0.0175848 0.0254917 0.0147505 0.00945541 0.00951911 0.0178878 0.0202913 0.028976 0.010447 0.00906438 0.0087842 0.00920149 0.00908762 0.00860057 
0.00399564 0.00372817 0.00370348 0 0.0037309 0.0136012 0.0849245 0.245968 0.0813355 0.0176294 0.00977361 0.0252057 0.00961374 0.0117342 0.00897394 0.00840918 0.0106149 0.00963661 0.0269627 0.0200487 0.0189819 0.00861669 0.00876748 0.0102768 0.0120891 0.0206308 0.0130125 0.0099146 0.0103698 0.00929262 0.0255044 0.0101834 0.0135607 0.00827221 0.00846699 0.00841792 0.00906729 0.00816814 
0.00434373 0.0036723 0.00357616 0.0037309 0 0.0202233 0.0147038 0.0800567 0.160436 0.0140308 0.0107175 0.00929505 0.00896835 0.00875896 0.00963302 0.0118157 0.00864762 0.00911824 0.00963474 0.0124237 0.0151132 0.00940961 0.00993455 0.0105596 0.00901268 0.00891087 0.00963334 0.00968822 0.00957885 0.00870273 0.00907497 0.00895719 0.0086639 0.00958915 0.00882061 0.0081457 0.00811184 0.00841818 
0.255645 0.0926044 0.0518693 0.0136012 0.0202233 0 0.00358951 0.00355307 0.00365332 0.0189826 0.028097 0.0090474 0.00939219 0.00929287 0.0122481 0.0108141 0.00855477 0.0103625 0.0091898 0.0132213 0.0116637 0.00935729 0.0105749 0.00915414 0.00879055 0.00859803 0.00866042 0.00890699 0.00915756 0.00934632 0.00866895 0.00954075 0.00843108 0.0120805 0.00808415 0.00816814 0.00805664 0.00866519 
0.02306 0.322947 0.157606 0.0849245 0.0147038 0.00358951 0 0.00356098 0.00355874 0.0552255 0.0147561 0.0216497 0.011188 0.0100728 0.00874442 0.00856975 0.0113891 0.0095153 0.0244539 0.0112581 0.0100608 0.00857786 0.00844765 0.00905724 0.0112452 0.0117141 0.00932358 0.00855672 0.00963458 0.00949906 0.0135428 0.0103073 0.0109643 0.00829699 0.00836308 0.00837893 0.00868681 0.00806077 
0.0221897 0.0400447 0.084958 0.245968 0.0800567 0.00355307 0.00356098 0 0.00360335 0.0135015 0.0193797 0.0149814 0.0146439 0.0190948 0.0102091 0.00918903 0.0099708 0.0100645 0.0142544 0.0261688 0.0120519 0.00897588 0.00940488 0.00924826 0.0105347 0.012973 0.0115749 0.00962202 0.0092331 0.00923467 0.0134859 0.00997434 0.0103521 0.00841512 0.00826353 0.00837288 0.00849364 0.00809443 
0.0233901 0.0193921 0.0230855 0.0813355 0.160436 0.00365332 0.00355874 0.00360335 0 0.0144716 0.0115468 0.0150894 0.0113263 0.0134546 0.022758 0.0130268 0.00887092 0.0114083 0.011021 0.0159758 0.0173185 0.0104916 0.0107691 0.0118754 0.00965945 0.00918206 0.0112546 0.0100601 0.0103258 0.00930709 0.0093086 0.00956687 0.00911585 0.00998816 0.00860167 0.00819439 0.00808247 0.00838249 
0.0361578 0.0430702 0.0110801 0.0176294 0.0140308 0.0189826 0.0552255 0.0135015 0.0144716 0 0.00379037 0.00380069 0.00365856 0.00375428 0.0052186 0.00482636 0.00709973 0.00586711 0.0130064 0.0125586 0.953302 0.0109004 0.0171989 0.0155334 0.0120465 0.0118776 0.00920094 0.0195834 0.0277281 0.00894201 0.0183979 0.00931774 0.013284 0.0105704 0.010561 0.00818012 0.0103193 0.00834728 
0.0115549 0.0156675 0.0999833 0.00977361 0.0107175 0.028097 0.0147561 0.0193797 0.0115468 0.00379037 0 0.00354145 0.00361293 0.00406293 0.00373198 0.00520506 0.00490913 0.00912383 0.00767568 0.979554 0.0094679 0.00816392 0.00875116 0.0109956 0.01673 0.0100029 0.0165542 0.00869738 0.0086397 0.0237956 0.00971454 0.0289167 0.00910433 0.0114865 0.00814978 0.0100597 0.00831995 0.00866869 
0.0120494 0.0386674 0.0158359 0.0252057 0.00929505 0.0090474 0.0216497 0.0149814 0.0150894 0.00380069 0.00354145 0 0.00356575 0.00356455 0.00358548 0.00386082 0.00938889 0.00614471 0.990742 0.0137879 0.0110907 0.00644878 0.00745315 0.0110887 0.0113726 0.0298305 0.00935011 0.00913215 0.0129458 0.00893381 0.0437507 0.010298 0.0171606 0.00854905 0.00890392 0.0083554 0.00994119 0.00806116 
0.00965282 0.0113757 0.0339082 0.00961374 0.00896835 0.00939219 0.011188 0.0146439 0.0113263 0.00365856 0.00361293 0.00356575 0 0.00354971 0.00357328 0.00431931 0.0057238 0.987401 0.0129815 0.00713925 0.00576594 0.00604858 0.0068706 0.00903678 0.0131745 0.012375 0.00916598 0.0084648 0.0084713 0.0100326 0.0114974 0.0143228 0.00898773 0.00878388 0.00812075 0.00821345 0.00825299 0.00804254 
0.00969928 0.0162662 0.0111889 0.0117342 0.00875896 0.00929287 0.0100728 0.0190948 0.0134546 0.00375428 0.00406293 0.00356455 0.00354971 0 0.00370677 0.00703611 0.991273 0.00695158 0.00584821 0.0063246 0.00586507 0.00604003 0.00688722 0.0106061 0.010917 0.00937924 0.0100429 0.00845568 0.00911598 0.00956136 0.00959246 0.00920657 0.0100048 0.00844838 0.00850431 0.00816413 0.00831085 0.00793448 
0.0154015 0.0100727 0.00889088 0.00897394 0.00963302 0.0122481 0.00874442 0.0102091 0.022758 0.0052186 0.00373198 0.00358548 0.00357328 0.00370677 0 0.998567 0.00932296 0.00383405 0.00402709 0.00502982 0.00571048 0.00720676 0.00673656 0.013858 0.00909156 0.00859712 0.00837653 0.0111072 0.0169615 0.00851293 0.00862217 0.00878467 0.00867941 0.00909948 0.00959285 0.00799184 0.00797637 0.00808973 
0.00974936 0.0091265 0.00927979 0.00840918 0.0118157 0.0108141 0.00856975 0.00918903 0.0130268 0.00482636 0.00520506 0.00386082 0.00431931 0.00703611 0.998567 0 0.00390308 0.00357334 0.00362807 0.00388647 0.00519845 0.0053215 0.00737636 0.0127243 0.00893743 0.00854211 0.00895567 0.0108339 0.00931449 0.00893639 0.00858258 0.0089248 0.00833709 0.0149609 0.00816949 0.00808907 0.00803601 0.00920906 
0.00948935 0.0148899 0.0101202 0.0106149 0.00864762 0.00855477 0.0113891 0.0099708 0.00887092 0.00709973 0.00490913 0.00938889 0.0057238 0.991273 0.00932296 0.00390308 0 0.00355178 0.00355872 0.00387782 0.00530847 0.00498209 0.0050576 0.0100239 0.0102739 0.0113108 0.00897141 0.00885176 0.0114985 0.00867851 0.0125721 0.00876758 0.012503 0.00873478 0.00823294 0.00804891 0.00882071 0.00810792 
0.0103294 0.014156 0.0546127 0.00963661 0.00911824 0.0103625 0.0095153 0.0100645 0.0114083 0.00586711 0.00912383 0.00614471 0.987401 0.00695158 0.00383405 0.00357334 0.00355178 0 0.00354808 0.00360087 0.00361837 0.00382863 0.00513735 0.011445 0.0267915 0.0126061 0.0119077 0.00851737 0.00889568 0.0181981 0.012492 0.0446248 0.00889836 0.01051 0.00820128 0.00940257 0.00831434 0.00858804 
0.0140563 0.0670921 0.0356203 0.0269627 0.00963474 0.0091898 0.0244539 0.0142544 0.011021 0.0130064 0.00767568 0.990742 0.0129815 0.00584821 0.00402709 0.00362807 0.00355872 0.00354808 0 0.00358018 0.00360028 0.00450158 0.00540811 0.0526728 0.0216558 0.0572112 0.010961 0.00987917 0.0188989 0.011761 0.116094 0.0171183 0.0208453 0.00888253 0.00900939 0.00862665 0.00961344 0.00821965 
0.0129303 0.0216226 0.0556642 0.0200487 0.0124237 0.0132213 0.0112581 0.0261688 0.0159758 0.0125586 0.979554 0.0137879 0.00713925 0.0063246 0.00502982 0.00388647 0.00387782 0.00360087 0.00358018 0 0.0035697 0.00520297 0.957964 0.0129289 0.0342833 0.0186466 0.0474087 0.0102296 0.0101135 0.0433248 0.0142294 0.0319378 0.0144995 0.0114622 0.00895676 0.010169 0.00860014 0.00835271 
0.0172737 0.0142389 0.0113052 0.0189819 0.0151132 0.0116637 0.0100608 0.0120519 0.0173185 0.953302 0.0094679 0.0110907 0.00576594 0.00586507 0.00571048 0.00519845 0.00530847 0.00361837 0.00360028 0.0035697 0 0.986034 0.00433893 0.0221716 0.0138653 0.0162335 0.0135712 0.0271502 0.0342119 0.00939494 0.013049 0.00947508 0.0148296 0.0107006 0.0125209 0.00837297 0.00896117 0.00849537 
0.00906649 0.00872728 0.00842698 0.00861669 0.00940961 0.00935729 0.00857786 0.00897588 0.0104916 0.0109004 0.00816392 0.00644878 0.00604858 0.00604003 0.00720676 0.0053215 0.00498209 0.00382863 0.00450158 0.00520297 0.986034 0 0.00772353 0.0127016 0.0118928 0.00929565 0.0116548 0.0112373 0.00939353 0.00909424 0.00871571 0.00857113 0.00849853 0.010349 0.00819894 0.00804207 0.00804106 0.00861598 
0.0100641 0.00865436 0.00904254 0.00876748 0.00993455 0.0105749 0.00844765 0.00940488 0.0107691 0.0171989 0.00875116 0.00745315 0.0068706 0.00688722 0.00673656 0.00737636 0.0050576 0.00513735 0.00540811 0.957964 0.00433893 0.00772353 0 0.0152026 0.0112786 0.0117593 0.0173899 0.0127429 0.0107821 0.00903501 0.00877193 0.00882963 0.00895807 0.0102171 0.00864707 0.00807296 0.00805353 0.00848226 
0.010403 0.0109629 0.0106578 0.0102768 0.0105596 0.00915414 0.00905724 0.00924826 0.0118754 0.0155334 0.0109956 0.0110887 0.00903678 0.0106061 0.013858 0.0127243 0.0100239 0.011445 0.0526728 0.0129289 0.0221716 0.0127016 0.0152026 0 0.00499571 0.0036143 0.00363653 0.00446717 0.0367221 0.0263673 0.0176666 0.0174413 0.019081 0.0509173 0.0126396 0.0102649 0.00973553 0.0130501 
0.00938236 0.013061 0.0175848 0.0120891 0.00901268 0.00879055 0.0112452 0.0105347 0.00965945 0.0120465 0.01673 0.0113726 0.0131745 0.010917 0.00909156 0.00893743 0.0102739 0.0267915 0.0216558 0.0342833 0.0138653 0.0118928 0.0112786 0.00499571 0 0.00359181 0.00358986 0.00360504 0.0266829 0.0613167 0.0633959 0.0623463 0.0667146 0.0132206 0.0111539 0.0133505 0.0141119 0.00953787 
0.00965203 0.015932 0.0254917 0.0206308 0.00891087 0.00859803 0.0117141 0.012973 0.00918206 0.0118776 0.0100029 0.0298305 0.012375 0.00937924 0.00859712 0.00854211 0.0113108 0.0126061 0.0572112 0.0186466 0.0162335 0.00929565 0.0117593 0.0036143 0.00359181 0 0.0035611 0.00354706 0.0181527 0.0367484 0.181364 0.0718791 0.0308348 0.0106927 0.0113543 0.0141538 0.0165894 0.00868866 
0.00866068 0.0115846 0.0147505 0.0130125 0.00963334 0.00866042 0.00932358 0.0115749 0.0112546 0.00920094 0.0165542 0.00935011 0.00916598 0.0100429 0.00837653 0.00895567 0.00897141 0.0119077 0.010961 0.0474087 0.0135712 0.0116548 0.0173899 0.00363653 0.00358986 0.0035611 0 0.00355635 0.0118422 0.0587354 0.0417375 0.0401842 0.0261256 0.0176201 0.00980975 0.0149266 0.0125089 0.0107241 
0.0107253 0.00964598 0.00945541 0.0099146 0.00968822 0.00890699 0.00855672 0.00962202 0.0100601 0.0195834 0.00869738 0.00913215 0.0084648 0.00845568 0.0111072 0.0108339 0.00885176 0.00851737 0.00987917 0.0102296 0.0271502 0.0112373 0.0127429 0.00446717 0.00360504 0.00354706 0.00355635 0 0.0442097 0.0221461 0.0243452 0.0195182 0.0307489 0.028699 0.0153093 0.00889095 0.011154 0.0117236 
0.0106024 0.0140914 0.00951911 0.0103698 0.00957885 0.00915756 0.00963458 0.0092331 0.0103258 0.0277281 0.0086397 0.0129458 0.0084713 0.00911598 0.0169615 0.00931449 0.0114985 0.00889568 0.0188989 0.0101135 0.0342119 0.00939353 0.0107821 0.0367221 0.0266829 0.0181527 0.0118422 0.0442097 0 0.00399379 0.0036996 0.00362777 0.00376957 0.00417796 0.205868 0.0109649 0.0202059 0.012672 
0.00918111 0.0107168 0.0178878 0.00929262 0.00870273 0.00934632 0.00949906 0.00923467 0.00930709 0.00894201 0.0237956 0.00893381 0.0100326 0.00956136 0.00851293 0.00893639 0.00867851 0.0181981 0.011761 0.0433248 0.00939494 0.00909424 0.00903501 0.0263673 0.0613167 0.0367484 0.0587354 0.0221461 0.00399379 0 0.00357402 0.00356176 0.00372057 0.00379217 0.0263451 0.164682 0.0115571 0.0105417 
0.0129286 0.0217167 0.0202913 0.0255044 0.00907497 0.00866895 0.0135428 0.0134859 0.0093086 0.0183979 0.00971454 0.0437507 0.0114974 0.00959246 0.00862217 0.00858258 0.0125721 0.012492 0.116094 0.0142294 0.013049 0.00871571 0.00877193 0.0176666 0.0633959 0.181364 0.0417375 0.0243452 0.0036996 0.00357402 0 0.00356509 0.0035772 0.00357283 0.237635 0.0243144 0.0739082 0.00926192 
0.00987843 0.0134727 0.028976 0.0101834 0.00895719 0.00954075 0.0103073 0.00997434 0.00956687 0.00931774 0.0289167 0.010298 0.0143228 0.00920657 0.00878467 0.0089248 0.00876758 0.0446248 0.0171183 0.0319378 0.00947508 0.00857113 0.00882963 0.0174413 0.0623463 0.0718791 0.0401842 0.0195182 0.00362777 0.00356176 0.00356509 0 0.00785247 0.00357909 0.0175799 0.312842 0.0127476 0.0122423 
0.0092308 0.0122428 0.010447 0.0135607 0.0086639 0.00843108 0.0109643 0.0103521 0.00911585 0.013284 0.00910433 0.0171606 0.00898773 0.0100048 0.00867941 0.00833709 0.012503 0.00889836 0.0208453 0.0144995 0.0148296 0.00849853 0.00895807 0.019081 0.0667146 0.0308348 0.0261256 0.0307489 0.00376957 0.00372057 0.0035772 0.00785247 0 0.00358167 0.0272443 0.0134167 0.463942 0.0106754 
0.00998609 0.00902242 0.00906438 0.00827221 0.00958915 0.0120805 0.00829699 0.00841512 0.00998816 0.0105704 0.0114865 0.00854905 0.00878388 0.00844838 0.00909948 0.0149609 0.00873478 0.01051 0.00888253 0.0114622 0.0107006 0.010349 0.0102171 0.0509173 0.0132206 0.0106927 0.0176201 0.028699 0.00417796 0.00379217 0.00357283 0.00357909 0.00358167 0 0.0125717 0.0202457 0.0145253 0.356032 
0.00870517 0.00872184 0.0087842 0.00846699 0.00882061 0.00808415 0.00836308 0.00826353 0.00860167 0.010561 0.00814978 0.00890392 0.00812075 0.00850431 0.00959285 0.00816949 0.00823294 0.00820128 0.00900939 0.00895676 0.0125209 0.00819894 0.00864707 0.0126396 0.0111539 0.0113543 0.00980975 0.0153093 0.205868 0.0263451 0.237635 0.0175799 0.0272443 0.0125717 0 0.00487966 0.00372778 0.00610357 
0.00849968 0.00869328 0.00920149 0.00841792 0.0081457 0.00816814 0.00837893 0.00837288 0.00819439 0.00818012 0.0100597 0.0083554 0.00821345 0.00816413 0.00799184 0.00808907 0.00804891 0.00940257 0.00862665 0.010169 0.00837297 0.00804207 0.00807296 0.0102649 0.0133505 0.0141538 0.0149266 0.00889095 0.0109649 0.164682 0.0243144 0.312842 0.0134167 0.0202457 0.00487966 0 0.0036318 0.00379427 
0.00858998 0.00886338 0.00908762 0.00906729 0.00811184 0.00805664 0.00868681 0.00849364 0.00808247 0.0103193 0.00831995 0.00994119 0.00825299 0.00831085 0.00797637 0.00803601 0.00882071 0.00831434 0.00961344 0.00860014 0.00896117 0.00804106 0.00805353 0.00973553 0.0141119 0.0165894 0.0125089 0.011154 0.0202059 0.0115571 0.0739082 0.0127476 0.463942 0.0145253 0.00372778 0.0036318 0 0.00357684 
0.0086651 0.00833532 0.00860057 0.00816814 0.00841818 0.00866519 0.00806077 0.00809443 0.00838249 0.00834728 0.00866869 0.00806116 0.00804254 0.00793448 0.00808973 0.00920906 0.00810792 0.00858804 0.00821965 0.00835271 0.00849537 0.00861598 0.00848226 0.0130501 0.00953787 0.00868866 0.0107241 0.0117236 0.012672 0.0105417 0.00926192 0.0122423 0.0106754 0.356032 0.00610357 0.00379427 0.00357684 0 
