1KYZC
TPTHISDEEANLFAMQLASASVLPMILKSALELDLLEIIAKAGPGAQISPIEIASQLPTTNPDAPVMLDRMLRLLACYIILTCSVRTQQDGKVQRLYGLATVAKYLVKNEDGVSISALNLMNQDKVLMESWYHLKDAVLDGGIPFNKAYGMTAFEYHGTDPRFNKVFNKGMSDHSTITMKKILETYTGFEGLKSLVDVGGGTGAVINTIVSKYPTIKGINFDLPHVIEDAPSYPGVEHVGGDMFVSIPKADAVFMKWICHDWSDEHCLKFLKNCYEALPDNGKVIVAECILPVAPDSSLATKGVVHIDVIMLAHNPGGKERTQKEFEDLAKGAGFQGFKVHCNAFNTYIMEFLKKV
CCCCCCCCCHHHHHHHHHCCCHHHHHHHHHHHCCHHHHHHHCCCCCCECHHHHHCCCCCCCCCHHHHHHHHHHHHHHCCCEEEEEEECCCCCEEEEEEECHHHHHHCCECCCECCHHHHHHHCCHHHHCHHHHHHHHHHHCCCHHHHHCCCCHHHHCCCCHHHHHHHHHHHHHHHHHHHHHHHHHCCCCCCCCCEEEECCCCCHHHHCCHHHCCCCCEEEEECHHHHHCCCCECCEEEEECCCCCCCCCCCCEECCCCHHHCCHHHHHHHHHHHHHHCCCCCEEEEEEEEECCCCCCCHHHHHHHHHHHHHHHHCCCCCCEEHHHHHHHHHHCCCCCCCEEEEECCEEEEEEECCC
0 0 0 0 0 0 0 0 0 0 0 0 0 0 0 0 0 0 0 0 0 0 0 0 0 0 0 0 0 0 0 0 0 0 0 0 0 0 0 0 0 0 0 0 0 0 0 0 0 0 0 0 0 0 0 0 0 0 0 0 0 0 0 0 0 0 0 0 0 0 0 0 0 0 0 0 0 0 0 0 0 0 0 0 0 0 0 0 0 0 0 0 0 0 0 0 0 0 0 0 0 0 0 0 0 0 0 0 0 0 0 0 0 0 0 0 0 0 0 0 0 0 0 0 0 0 0 0 0 0 0 0 0 0 0 0 0 0 0 0 0 0 0 0 0 0 0 0 0 0 0 0 0 0 0 0 0 0 0 0 0 0 0 0 0 0 0 0 0 0 0 0 0 0 0 0 0 0 0 0 0 0 0 0 0 0 0 0 0 0 0 0 0 0 0 0 0 0 0 0 0 0 0 0 0 0 0 0 0 0 0 0 0 0 0 0 0 0 0 0 0 0 0 0 0 0 0 0 0 0 0 0 0 0 0 0 0 0 0 0 0 0 0 0 0 0 0 0 0 0 0 0 0 0 0 0 0 0 0 0 0 0 0 0 0 0 0 0 0 0 0 0 0 0 0 0 0 0 0 0 0 0 0 0 0 0 0 0 0 0 0 0 0 0 0 0 0 0 0 0 0 0 0 0 0 0 0 0 0 0 0 0 0 0 0 0 0 0 0 0 0 0 0 0 0 0 0 0 0 0 0 0 0 0 0 0 0 0 0 0 0 0 0 0 0 0 0 0 0 0 0 0 0 0 0 0 
0 0 0 0 0 0 0 0 0 0 0 0 0 0 0 0 0 0 0 0 0 0 0 0 0 0 0 0 0 0 0 0 0 0 0 0 0 0 0 0 0 0 0 0 0 0 0 0 0 0 0 0 0 0 0 0 0 0 0 0 0 0 0 0 0 0 0 0 0 0 0 0 0 0 0 0 0 0 0 0 0 0 0 0 0 0 0 0 0 0 0 0 0 0 0 0 0 0 0 0 0 0 0 0 0 0 0 0 0 0 0 0 0 0 0 0 0 0 0 0 0 0 0 0 0 0 0 0 0 0 0 0 0 0 0 0 0 0 0 0 0 0 0 0 0 0 0 0 0 0 0 0 0 0 0 0 0 0 0 0 0 0 0 0 0 0 0 0 0 0 0 0 0 0 0 0 0 0 0 0 0 0 0 0 0 0 0 0 0 0 0 0 0 0 0 0 0 0 0 0 0 0 0 0 0 0 0 0 0 0 0 0 0 0 0 0 0 0 0 0 0 0 0 0 0 0 0 0 0 0 0 0 0 0 0 0 0 0 0 0 0 0 0 0 0 0 0 0 0 0 0 0 0 0 0 0 0 0 0 0 0 0 0 0 0 0 0 0 0 0 0 0 0 0 0 0 0 0 0 0 0 0 0 0 0 0 0 0 0 0 0 0 0 0 0 0 0 0 0 0 0 0 0 0 0 0 0 0 0 0 0 0 0 0 0 0 0 0 0 0 0 0 0 0 0 0 0 0 0 0 0 0 0 0 0 0 0 0 0 0 0 0 0 0 0 0 0 0 0 0 0 0 0 0 0 0 
0 0.0346658 0.00991443 0.0108767 0.00907895 0.00949698 0.0100227 0.0196774 0.0175976 0.0112124 0.00921993 0.00948536 0.00927662 0.00992665 0.0135532 0.0521005 0.0479667 0.0103247 0.0082087 0.0081274 0.00927577 0.00969143 0.00802324 0.00795009 0.00817032 0.0085532 0.0109104 0.00954553 0.00796531 0.00806311 0.00792204 0.00818022 0.00904141 0.00844758 0.00883767 0.00849103 0.00834019 0.00840012 0.0082427 0.00823956 0.00833476 0.00814214 0.00879313 0.00906584 0.00894348 0.0111463 0.00839235 0.0084716 0.00826178 0.0091937 0.0096911 0.00845609 0.00850525 0.00854042 0.00841758 0.00862309 0.0099778 
0.0346658 0 0.00361529 0.00439237 0.00371288 0.00383493 0.0041938 0.00579308 0.00849187 0.00771506 0.00809527 0.00987844 0.0105618 0.0524624 0.926322 0.0124631 0.0208924 0.00992598 0.00853114 0.00851031 0.0100623 0.00890139 0.00813828 0.00824034 0.00877573 0.00915788 0.00836298 0.00860529 0.00797533 0.00811982 0.00797866 0.00833141 0.00808367 0.00833111 0.00813342 0.00819153 0.0084369 0.00841724 0.0081983 0.00826928 0.00822512 0.00823545 0.00828655 0.00810774 0.008138 0.00886556 0.00820764 0.00825645 0.00813851 0.00841958 0.00830104 0.00824744 0.00827346 0.00832657 0.00824882 0.00838314 0.00909477 
0.00991443 0.00361529 0 0.00355568 0.0036225 0.00359389 0.0039565 0.00368371 0.0063402 0.00708623 0.00826887 0.0088707 0.0349206 0.885378 0.0119485 0.00900057 0.00902583 0.00825223 0.00835703 0.00887982 0.00816488 0.00819192 0.00832232 0.00849833 0.00826102 0.00812385 0.0078884 0.00795507 0.00812127 0.00818818 0.0079524 0.00795874 0.00818271 0.00811723 0.00811295 0.00837013 0.00845868 0.0084527 0.00828036 0.00830331 0.0082982 0.00817028 0.00800835 0.00811556 0.00808447 0.0082349 0.0082749 0.00833264 0.00818777 0.00821526 0.00824167 0.00832655 0.00837988 0.00843891 0.00836862 0.00838002 0.00839261 
0.0108767 0.00439237 0.00355568 0 0.00368269 0.0036354 0.00358568 0.00360586 0.00638414 0.00679474 0.00755508 0.0456206 0.866911 0.0208053 0.00733289 0.00808225 0.00856041 0.0081904 0.00867921 0.00844974 0.00824885 0.00826996 0.00832181 0.00826256 0.00828125 0.00801749 0.00785147 0.00810787 0.00815795 0.0081792 0.00798033 0.00791753 0.00809178 0.00799666 0.00812874 0.00835731 0.00843505 0.00838953 0.00821541 0.00827317 0.00833779 0.00812291 0.00797326 0.00803745 0.00805976 0.00833515 0.00822771 0.00828846 0.00814896 0.00818449 0.00824189 0.00829058 0.00832647 0.00835524 0.00834533 0.00826088 0.00823286 
0.00907895 0.00371288 0.0036225 0.00368269 0 0.00355102 0.00360426 0.00357779 0.00576129 0.00694674 0.0176251 0.901548 0.021561 0.00813381 0.00618941 0.00827747 0.00843458 0.00818046 0.00823266 0.00845959 0.00813094 0.00808808 0.00821718 0.00824595 0.00814013 0.00799374 0.00788131 0.00792455 0.00802437 0.00806445 0.00790289 0.0079288 0.00805977 0.00798398 0.00803212 0.00825839 0.00828684 0.00831 0.00811475 0.00816935 0.00818944 0.00805828 0.00797006 0.00800064 0.00803148 0.00811485 0.00814551 0.00815785 0.00806102 0.00815019 0.00812879 0.00821428 0.00826228 0.00825715 0.00820533 0.00819594 0.00832319 
0.00949698 0.00383493 0.00359389 0.0036354 0.00355102 0 0.00353963 0.00356667 0.00547599 0.0112271 0.945615 0.0290034 0.00796739 0.00641536 0.00570014 0.00783487 0.00841909 0.00802149 0.00838331 0.00826647 0.00807785 0.00805028 0.00807674 0.00816583 0.00819013 0.00796179 0.00786071 0.00797395 0.00798634 0.00801188 0.00790324 0.00786748 0.00800784 0.00796361 0.00803539 0.00817141 0.00829652 0.00824594 0.00809528 0.00810005 0.00818293 0.00805346 0.00796608 0.00800236 0.00802456 0.00821041 0.00820831 0.00819472 0.00812098 0.0081325 0.00816482 0.00825188 0.00827409 0.00831608 0.00825938 0.0082569 0.00821124 
0.0100227 0.0041938 0.0039565 0.00358568 0.00360426 0.00353963 0 0.0036669 0.0181132 0.95737 0.0227918 0.00642188 0.00658122 0.00715605 0.00607119 0.00846004 0.00922754 0.00829342 0.00816203 0.00823699 0.00812479 0.00798455 0.00819079 0.00811439 0.00815003 0.00801965 0.007919 0.00800488 0.00800891 0.0079891 0.00786953 0.00792698 0.00803361 0.00802721 0.00810269 0.00825219 0.00819642 0.00821744 0.00806134 0.00810287 0.00810499 0.0079816 0.0079293 0.00794475 0.00801837 0.00811294 0.00809577 0.00814902 0.00802023 0.00804455 0.00813147 0.00815591 0.00819381 0.00820071 0.00818812 0.00822158 0.00809004 
0.0196774 0.00579308 0.00368371 0.00360586 0.00357779 0.00356667 0.0036669 0 0.969732 0.00812137 0.00593914 0.00533932 0.00647835 0.00644731 0.0062232 0.0100166 0.0146478 0.00985927 0.00811876 0.00809466 0.00835868 0.00852857 0.00803125 0.008026 0.00798475 0.00804601 0.00824876 0.00846355 0.00798913 0.00799785 0.00789478 0.00793176 0.00814736 0.00804955 0.00830744 0.00822734 0.00808673 0.00812422 0.0080086 0.00800208 0.00798057 0.00795498 0.00796963 0.00808526 0.00816821 0.00836957 0.00810826 0.0080922 0.0079849 0.00808936 0.0082761 0.00821437 0.00819404 0.00819719 0.00818605 0.00815818 0.00814904 
0.0175976 0.00849187 0.0063402 0.00638414 0.00576129 0.00547599 0.0181132 0.969732 0 0.00365596 0.00357474 0.00357029 0.00365056 0.0038398 0.00582435 0.0130697 0.015215 0.00897508 0.00826489 0.00851345 0.00923244 0.00841105 0.00799639 0.00817213 0.00846066 0.00898565 0.00861381 0.00804787 0.00793614 0.00789337 0.00791011 0.00816637 0.00799679 0.00820211 0.00817849 0.00803225 0.00832625 0.00837264 0.0081205 0.0081752 0.00818378 0.00806068 0.00811882 0.00809447 0.0080897 0.00839067 0.00810455 0.00810378 0.00801978 0.00821165 0.00811949 0.00808734 0.00816865 0.008191 0.00816259 0.00817179 0.00912536 
0.0112124 0.00771506 0.00708623 0.00679474 0.00694674 0.0112271 0.95737 0.00812137 0.00365596 0 0.00353709 0.00355852 0.00356853 0.0036974 0.00378041 0.0073229 0.00926703 0.00887117 0.0102229 0.00899262 0.00858204 0.00840468 0.00891872 0.00843215 0.00865654 0.00808041 0.00786249 0.00802099 0.00814286 0.00812104 0.00801607 0.0079364 0.00811376 0.00809362 0.00802608 0.00848488 0.00845916 0.00847518 0.0083061 0.00827932 0.0083774 0.00813985 0.00799305 0.00802585 0.00804361 0.00824208 0.00823625 0.00825719 0.0081027 0.00818433 0.00819069 0.00826992 0.00837163 0.0082939 0.00834132 0.00830681 0.00828047 
0.00921993 0.00809527 0.00826887 0.00755508 0.0176251 0.945615 0.0227918 0.00593914 0.00357474 0.00353709 0 0.00355193 0.00356422 0.00357906 0.00360504 0.00690848 0.00802962 0.00919226 0.011052 0.0133786 0.00911451 0.00864087 0.00884546 0.0100387 0.00863434 0.00823347 0.00782217 0.00803195 0.00839537 0.00844785 0.00809227 0.00801302 0.00823651 0.00819354 0.00805396 0.00871654 0.00939107 0.00920468 0.00869866 0.00875562 0.00871231 0.00825723 0.00805136 0.00798728 0.00799885 0.00815421 0.0082539 0.00841017 0.00814931 0.0081861 0.00817634 0.00838116 0.00847456 0.00856312 0.00850303 0.00836928 0.00832586 
0.00948536 0.00987844 0.0088707 0.0456206 0.901548 0.0290034 0.00642188 0.00533932 0.00357029 0.00355852 0.00355193 0 0.00354205 0.003581 0.00359245 0.00607367 0.00792795 0.00938287 0.0143024 0.0123001 0.00982146 0.00846578 0.0102557 0.00996712 0.0098522 0.00819947 0.00782902 0.00818719 0.00824894 0.00900721 0.00819442 0.00798036 0.00833147 0.00824705 0.00816621 0.00909141 0.0102003 0.00962922 0.00930879 0.00883442 0.00894838 0.00834948 0.00806677 0.00800615 0.00802217 0.00830861 0.00825375 0.0084736 0.00815533 0.00821824 0.00824455 0.00832608 0.00852183 0.00848474 0.00844177 0.0084034 0.00824129 
0.00927662 0.0105618 0.0349206 0.866911 0.021561 0.00796739 0.00658122 0.00647835 0.00365056 0.00356853 0.00356422 0.00354205 0 0.00355256 0.00354858 0.00679642 0.00836495 0.00999525 0.0119726 0.0160122 0.00989632 0.00876989 0.00917922 0.0106415 0.00870509 0.00829143 0.0078426 0.00809521 0.00845511 0.00855371 0.00818315 0.00803082 0.00831001 0.00821362 0.00832255 0.00892926 0.00960386 0.00927751 0.00879629 0.00865929 0.00869882 0.00827204 0.00800051 0.00797988 0.00801461 0.0082527 0.00822196 0.00846344 0.00814892 0.008156 0.00817894 0.0083796 0.00848025 0.00846304 0.00844089 0.0084093 0.0082391 
0.00992665 0.0524624 0.885378 0.0208053 0.00813381 0.00641536 0.00715605 0.00644731 0.0038398 0.0036974 0.00357906 0.003581 0.00355256 0 0.0036465 0.00760043 0.0111313 0.0115794 0.0118602 0.0130957 0.00999579 0.00860761 0.00922271 0.00904092 0.00929635 0.00833537 0.00786009 0.00817275 0.00829986 0.00837208 0.00818016 0.00793901 0.0081991 0.00860863 0.00819692 0.00898043 0.00896051 0.00899687 0.00878306 0.0086317 0.00863519 0.00839023 0.00801591 0.00799513 0.00805376 0.00829949 0.00826708 0.00836099 0.00815624 0.00817486 0.00819623 0.00831344 0.00839534 0.00847043 0.00849053 0.00840562 0.00816506 
0.0135532 0.926322 0.0119485 0.00733289 0.00618941 0.00570014 0.00607119 0.0062232 0.00582435 0.00378041 0.00360504 0.00359245 0.00354858 0.0036465 0 0.0204106 0.0150809 0.0133939 0.0089235 0.00895512 0.0102213 0.00962668 0.00825853 0.00835647 0.00815326 0.00860645 0.008506 0.00888688 0.00812919 0.0081249 0.00800409 0.0080292 0.00877348 0.00825539 0.00945 0.00838955 0.00832353 0.00844205 0.00817788 0.00824962 0.00822955 0.00802306 0.00800316 0.00823908 0.00820099 0.00853209 0.00819823 0.00809726 0.00799319 0.00811427 0.00854304 0.00827559 0.00825969 0.0082273 0.00825209 0.00821227 0.00826959 
0.0521005 0.0124631 0.00900057 0.00808225 0.00827747 0.00783487 0.00846004 0.0100166 0.0130697 0.0073229 0.00690848 0.00607367 0.00679642 0.00760043 0.0204106 0 0.933375 0.0123897 0.0084079 0.00846829 0.00947395 0.0117627 0.00806275 0.00795656 0.00796686 0.00902267 0.0102264 0.00921568 0.00809661 0.00785032 0.00785633 0.00814819 0.0089262 0.00831861 0.00889618 0.00804839 0.00802291 0.00796488 0.00792815 0.00798139 0.00795624 0.00793329 0.00812387 0.00885549 0.0082709 0.00911597 0.00808213 0.00797729 0.00797046 0.008101 0.00853618 0.00802809 0.00799558 0.00806713 0.00802615 0.00804246 0.0088308 
0.0479667 0.0208924 0.00902583 0.00856041 0.00843458 0.00841909 0.00922754 0.0146478 0.015215 0.00926703 0.00802962 0.00792795 0.00836495 0.0111313 0.0150809 0.933375 0 0.0115592 0.00912866 0.010229 0.0192108 0.0105907 0.00811477 0.00803907 0.00892377 0.00983207 0.0119513 0.00986701 0.0079907 0.00796811 0.00793259 0.00860407 0.00904962 0.0086605 0.00873173 0.00814881 0.00814873 0.00808937 0.00801407 0.00805423 0.00800436 0.0080516 0.00886778 0.00859832 0.008581 0.00960904 0.00808281 0.00809682 0.00799774 0.00865585 0.00870144 0.00805324 0.00810668 0.00813888 0.00807042 0.00821198 0.00985175 
0.0103247 0.00992598 0.00825223 0.0081904 0.00818046 0.00802149 0.00829342 0.00985927 0.00897508 0.00887117 0.00919226 0.00938287 0.00999525 0.0115794 0.0133939 0.0123897 0.0115592 0 0.0038846 0.00360962 0.00743337 0.470321 0.0298631 0.0171804 0.0178613 0.037521 0.0127735 0.0136662 0.011431 0.00954417 0.0115675 0.0137703 0.0149816 0.0166991 0.00962788 0.0114595 0.0121731 0.011783 0.0101578 0.0103049 0.00982732 0.010252 0.0120337 0.00837841 0.00889444 0.00852094 0.00830059 0.0081629 0.00812501 0.00836945 0.0084319 0.00822277 0.00834622 0.00835626 0.00827147 0.00842232 0.00946053 
0.0082087 0.00853114 0.00835703 0.00867921 0.00823266 0.00838331 0.00816203 0.00811876 0.00826489 0.0102229 0.011052 0.0143024 0.0119726 0.0118602 0.0089235 0.0084079 0.00912866 0.0038846 0 0.00363331 0.00357915 0.0518638 0.588019 0.0273459 0.0640837 0.0108319 0.00847655 0.0120432 0.0108432 0.0193389 0.0107966 0.00948315 0.0160739 0.012392 0.00920845 0.0201574 0.0317645 0.0262287 0.0289569 0.0163265 0.0264448 0.0105371 0.00867844 0.00812101 0.00823025 0.00867555 0.00820974 0.00902658 0.0083004 0.00817019 0.00815653 0.0084728 0.00909997 0.00935582 0.00882754 0.00903052 0.00835678 
0.0081274 0.00851031 0.00887982 0.00844974 0.00845959 0.00826647 0.00823699 0.00809466 0.00851345 0.00899262 0.0133786 0.0123001 0.0160122 0.0130957 0.00895512 0.00846829 0.010229 0.00360962 0.00363331 0 0.0035814 0.0196731 0.0371629 0.621396 0.039319 0.020027 0.00863309 0.00934539 0.0224261 0.0104136 0.0167343 0.0111421 0.0151627 0.0217466 0.00970778 0.015119 0.0325888 0.0379041 0.0222773 0.0317211 0.0152116 0.0224643 0.00870012 0.00818967 0.00808736 0.00824125 0.00880167 0.00872543 0.0087201 0.00810019 0.00820068 0.00905726 0.00940715 0.00987146 0.0104781 0.00894377 0.00820115 
0.00927577 0.0100623 0.00816488 0.00824885 0.00813094 0.00807785 0.00812479 0.00835868 0.00923244 0.00858204 0.00911451 0.00982146 0.00989632 0.00999579 0.0102213 0.00947395 0.0192108 0.00743337 0.00357915 0.0035814 0 0.0232814 0.0509025 0.0181425 0.442682 0.0493038 0.0130033 0.022853 0.00908365 0.0101644 0.0108792 0.0169237 0.0170121 0.0263709 0.0131862 0.0115518 0.016935 0.0162379 0.0161226 0.0128254 0.0150665 0.0101341 0.0118338 0.00852727 0.00814368 0.00967002 0.00814865 0.00932865 0.00809441 0.00879129 0.0123227 0.00848762 0.00848515 0.00863119 0.0084871 0.00895622 0.00865565 
0.00969143 0.00890139 0.00819192 0.00826996 0.00808808 0.00805028 0.00798455 0.00852857 0.00841105 0.00840468 0.00864087 0.00846578 0.00876989 0.00860761 0.00962668 0.0117627 0.0105907 0.470321 0.0518638 0.0196731 0.0232814 0 0.00382371 0.00362502 0.00364856 0.00429482 0.0141513 0.0645443 0.0113899 0.0115984 0.00917556 0.0391274 0.0218465 0.0179096 0.0180709 0.0226379 0.0165199 0.0154761 0.0131355 0.0117289 0.0119563 0.0108959 0.0128193 0.00874966 0.00979229 0.0102115 0.00824868 0.00868216 0.0081726 0.00879963 0.00864768 0.00829934 0.00875409 0.00864849 0.00849253 0.00857134 0.00931774 
0.00802324 0.00813828 0.00832232 0.00832181 0.00821718 0.00807674 0.00819079 0.00803125 0.00799639 0.00891872 0.00884546 0.0102557 0.00917922 0.00922271 0.00825853 0.00806275 0.00811477 0.0298631 0.588019 0.0371629 0.0509025 0.00382371 0 0.00358449 0.00363583 0.00358639 0.00752845 0.0133194 0.051297 0.0118355 0.0475253 0.0102545 0.0139853 0.0132481 0.00968513 0.0339941 0.0367364 0.0311858 0.0281855 0.0181778 0.0231404 0.0137719 0.00884797 0.00820708 0.00834295 0.00882286 0.00834771 0.00918774 0.00849592 0.00852687 0.00815651 0.00856808 0.00937721 0.00937791 0.00899122 0.0098447 0.00844361 
0.00795009 0.00824034 0.00849833 0.00826256 0.00824595 0.00816583 0.00811439 0.008026 0.00817213 0.00843215 0.0100387 0.00996712 0.0106415 0.00904092 0.00835647 0.00795656 0.00803907 0.0171804 0.0273459 0.621396 0.0181425 0.00362502 0.00358449 0 0.00355382 0.0035711 0.0060074 0.00784881 0.0218199 0.144966 0.0129321 0.00999789 0.0108258 0.0106515 0.00990481 0.0152261 0.0751122 0.0579174 0.0272243 0.0567909 0.0247529 0.0145406 0.009094 0.0081817 0.00818864 0.00821837 0.00984966 0.00876985 0.00890156 0.00828976 0.00813488 0.00943864 0.00983677 0.0103588 0.0117605 0.00882759 0.00834233 
0.00817032 0.00877573 0.00826102 0.00828125 0.00814013 0.00819013 0.00815003 0.00798475 0.00846066 0.00865654 0.00863434 0.0098522 0.00870509 0.00929635 0.00815326 0.00796686 0.00892377 0.0178613 0.0640837 0.039319 0.442682 0.00364856 0.00363583 0.00355382 0 0.00362263 0.00937441 0.0144528 0.0196063 0.0269099 0.0687761 0.0130296 0.0177876 0.0221692 0.0109713 0.0237177 0.0212125 0.0230128 0.0253163 0.0143634 0.0176945 0.0120202 0.00912039 0.00846849 0.00845286 0.00933578 0.00834853 0.00950857 0.0083394 0.00833388 0.0086633 0.00875101 0.00923621 0.00955209 0.0089409 0.00937121 0.00812702 
0.0085532 0.00915788 0.00812385 0.00801749 0.00799374 0.00796179 0.00801965 0.00804601 0.00898565 0.00808041 0.00823347 0.00819947 0.00829143 0.00833537 0.00860645 0.00902267 0.00983207 0.037521 0.0108319 0.020027 0.0493038 0.00429482 0.00358639 0.0035711 0.00362263 0 0.018516 0.0274623 0.0146532 0.00838118 0.0129743 0.0803457 0.0160805 0.0229213 0.0193436 0.0105496 0.0103106 0.0109333 0.00971866 0.00990151 0.00920945 0.00955302 0.00932494 0.00907648 0.00863322 0.00914378 0.00819266 0.00813574 0.00829975 0.00824383 0.00975908 0.00817651 0.00826828 0.00829604 0.00840764 0.00844751 0.00861974 
0.0109104 0.00836298 0.0078884 0.00785147 0.00788131 0.00786071 0.007919 0.00824876 0.00861381 0.00786249 0.00782217 0.00782902 0.0078426 0.00786009 0.008506 0.0102264 0.0119513 0.0127735 0.00847655 0.00863309 0.0130033 0.0141513 0.00752845 0.0060074 0.00937441 0.018516 0 0.794483 0.00499895 0.00375715 0.00407911 0.00465267 0.0168186 0.0175133 0.0123124 0.0088895 0.00845773 0.00836758 0.00814349 0.00819854 0.00807364 0.00832196 0.00900146 0.00935285 0.00894696 0.00853195 0.00794525 0.00783767 0.00790883 0.00816156 0.00854237 0.00788444 0.00783922 0.00784111 0.00785341 0.00792991 0.00907034 
0.00954553 0.00860529 0.00795507 0.00810787 0.00792455 0.00797395 0.00800488 0.00846355 0.00804787 0.00802099 0.00803195 0.00818719 0.00809521 0.00817275 0.00888688 0.00921568 0.00986701 0.0136662 0.0120432 0.00934539 0.022853 0.0645443 0.0133194 0.00784881 0.0144528 0.0274623 0.794483 0 0.00356468 0.00365254 0.00375974 0.00488531 0.0111583 0.025683 0.0105951 0.0129069 0.0115365 0.0108955 0.0106786 0.00925833 0.0110509 0.0093815 0.0205567 0.00826148 0.0108818 0.01044 0.0079 0.00871198 0.008017 0.0102651 0.00849928 0.00805911 0.00850107 0.00824453 0.00816869 0.0094479 0.0098243 
0.00796531 0.00797533 0.00812127 0.00815795 0.00802437 0.00798634 0.00800891 0.00798913 0.00793614 0.00814286 0.00839537 0.00824894 0.00845511 0.00829986 0.00812919 0.00809661 0.0079907 0.011431 0.0108432 0.0224261 0.00908365 0.0113899 0.051297 0.0218199 0.0196063 0.0146532 0.00499895 0.00356468 0 0.00355717 0.00361769 0.00365653 0.0179804 0.00957174 0.0111979 0.0121379 0.0183519 0.0162104 0.00972168 0.0192615 0.00934445 0.0146422 0.00847231 0.00863044 0.008285 0.00803071 0.00968042 0.00808813 0.00929299 0.00803383 0.00793839 0.00841598 0.00833551 0.00839355 0.00878062 0.00838764 0.00858546 
0.00806311 0.00811982 0.00818818 0.0081792 0.00806445 0.00801188 0.0079891 0.00799785 0.00789337 0.00812104 0.00844785 0.00900721 0.00855371 0.00837208 0.0081249 0.00785032 0.00796811 0.00954417 0.0193389 0.0104136 0.0101644 0.0115984 0.0118355 0.144966 0.0269099 0.00838118 0.00375715 0.00365254 0.00355717 0 0.00354446 0.00353907 0.00893305 0.0108055 0.00976375 0.0154384 0.0274365 0.0217064 0.0346775 0.0122724 0.0303645 0.00927194 0.00897373 0.00806472 0.00839697 0.00923409 0.00812973 0.0102711 0.00825742 0.00837631 0.00817526 0.0082919 0.00952027 0.00953507 0.00912442 0.00925241 0.00817194 
0.00792204 0.00797866 0.0079524 0.00798033 0.00790289 0.00790324 0.00786953 0.00789478 0.00791011 0.00801607 0.00809227 0.00819442 0.00818315 0.00818016 0.00800409 0.00785633 0.00793259 0.0115675 0.0107966 0.0167343 0.0108792 0.00917556 0.0475253 0.0129321 0.0687761 0.0129743 0.00407911 0.00375974 0.00361769 0.00354446 0 0.00359169 0.00976802 0.0231639 0.00956812 0.0137939 0.0134822 0.0153898 0.0107563 0.0144871 0.00949925 0.0121468 0.00839783 0.00813268 0.00814928 0.00808301 0.008147 0.0080599 0.00822918 0.00803914 0.00802195 0.00829366 0.00826101 0.00829697 0.00829201 0.00835754 0.0080741 
0.00818022 0.00833141 0.00795874 0.00791753 0.0079288 0.00786748 0.00792698 0.00793176 0.00816637 0.0079364 0.00801302 0.00798036 0.00803082 0.00793901 0.0080292 0.00814819 0.00860407 0.0137703 0.00948315 0.0111421 0.0169237 0.0391274 0.0102545 0.00999789 0.0130296 0.0803457 0.00465267 0.00488531 0.00365653 0.00353907 0.00359169 0 0.0199723 0.0303126 0.0124656 0.0102677 0.0112195 0.0119327 0.0101154 0.0097657 0.00977984 0.00918983 0.00968763 0.00854462 0.00857695 0.00891426 0.00805712 0.00812986 0.00803933 0.00822767 0.00906926 0.00805314 0.00811423 0.0081842 0.00812083 0.0082791 0.00839176 
0.00904141 0.00808367 0.00818271 0.00809178 0.00805977 0.00800784 0.00803361 0.00814736 0.00799679 0.00811376 0.00823651 0.00833147 0.00831001 0.0081991 0.00877348 0.0089262 0.00904962 0.0149816 0.0160739 0.0151627 0.0170121 0.0218465 0.0139853 0.0108258 0.0177876 0.0160805 0.0168186 0.0111583 0.0179804 0.00893305 0.00976802 0.0199723 0 0.00396269 0.0438196 0.0520577 0.0258161 0.0270126 0.0141159 0.0175086 0.0136572 0.02116 0.013722 0.0110788 0.0123578 0.00873861 0.00874937 0.00850675 0.00883502 0.00900463 0.00885682 0.00869073 0.00861927 0.00899291 0.00930448 0.00896469 0.0115905 
0.00844758 0.00833111 0.00811723 0.00799666 0.00798398 0.00796361 0.00802721 0.00804955 0.00820211 0.00809362 0.00819354 0.00824705 0.00821362 0.00860863 0.00825539 0.00831861 0.0086605 0.0166991 0.012392 0.0217466 0.0263709 0.0179096 0.0132481 0.0106515 0.0221692 0.0229213 0.0175133 0.025683 0.00957174 0.0108055 0.0231639 0.0303126 0.00396269 0 0.0202862 0.0226488 0.0417496 0.0303715 0.0327739 0.0179946 0.0200799 0.0345907 0.0259818 0.0171755 0.0102365 0.010672 0.00851143 0.00893592 0.00870255 0.00917011 0.0101661 0.00864679 0.00881773 0.00925356 0.00901932 0.0109251 0.00944714 
0.00883767 0.00813342 0.00811295 0.00812874 0.00803212 0.00803539 0.00810269 0.00830744 0.00817849 0.00802608 0.00805396 0.00816621 0.00832255 0.00819692 0.00945 0.00889618 0.00873173 0.00962788 0.00920845 0.00970778 0.0131862 0.0180709 0.00968513 0.00990481 0.0109713 0.0193436 0.0123124 0.0105951 0.0111979 0.00976375 0.00956812 0.0124656 0.0438196 0.0202862 0 0.00462725 0.00362542 0.00366746 0.00366198 0.00384298 0.00382111 0.00523112 0.0100948 0.0238871 0.0137786 0.0105868 0.0102501 0.00863508 0.0102133 0.0111288 0.0101403 0.00926183 0.00914064 0.00915548 0.0104879 0.0103054 0.0234508 
0.00849103 0.00819153 0.00837013 0.00835731 0.00825839 0.00817141 0.00825219 0.00822734 0.00803225 0.00848488 0.00871654 0.00909141 0.00892926 0.00898043 0.00838955 0.00804839 0.00814881 0.0114595 0.0201574 0.015119 0.0115518 0.0226379 0.0339941 0.0152261 0.0237177 0.0105496 0.0088895 0.0129069 0.0121379 0.0154384 0.0137939 0.0102677 0.0520577 0.0226488 0.00462725 0 0.00380115 0.00360892 0.00364649 0.003677 0.00460627 0.00572426 0.00623729 0.0197854 0.0139128 0.0191011 0.012079 0.0195237 0.0110179 0.0109616 0.0117166 0.0152651 0.0212558 0.0252637 0.0159299 0.0411421 0.0111175 
0.00834019 0.0084369 0.00845868 0.00843505 0.00828684 0.00829652 0.00819642 0.00808673 0.00832625 0.00845916 0.00939107 0.0102003 0.00960386 0.00896051 0.00832353 0.00802291 0.00814873 0.0121731 0.0317645 0.0325888 0.016935 0.0165199 0.0367364 0.0751122 0.0212125 0.0103106 0.00845773 0.0115365 0.0183519 0.0274365 0.0134822 0.0112195 0.0258161 0.0417496 0.00362542 0.00380115 0 0.00362755 0.0035972 0.0036579 0.00367237 0.00370025 0.00382314 0.0158309 0.00982951 0.0156428 0.0276089 0.0301948 0.0151549 0.00998765 0.0114812 0.0299848 0.0470018 0.057017 0.0976348 0.0174943 0.0115134 
0.00840012 0.00841724 0.0084527 0.00838953 0.00831 0.00824594 0.00821744 0.00812422 0.00837264 0.00847518 0.00920468 0.00962922 0.00927751 0.00899687 0.00844205 0.00796488 0.00808937 0.011783 0.0262287 0.0379041 0.0162379 0.0154761 0.0311858 0.0579174 0.0230128 0.0109333 0.00836758 0.0108955 0.0162104 0.0217064 0.0153898 0.0119327 0.0270126 0.0303715 0.00366746 0.00360892 0.00362755 0 0.00356243 0.00360883 0.00363428 0.00367116 0.00375188 0.0142255 0.0104568 0.0153315 0.0214366 0.0250172 0.0159496 0.0107915 0.0115363 0.0201531 0.0488553 0.0868701 0.0577168 0.0289666 0.0112848 
0.0082427 0.0081983 0.00828036 0.00821541 0.00811475 0.00809528 0.00806134 0.0080086 0.0081205 0.0083061 0.00869866 0.00930879 0.00879629 0.00878306 0.00817788 0.00792815 0.00801407 0.0101578 0.0289569 0.0222773 0.0161226 0.0131355 0.0281855 0.0272243 0.0253163 0.00971866 0.00814349 0.0106786 0.00972168 0.0346775 0.0107563 0.0101154 0.0141159 0.0327739 0.00366198 0.00364649 0.0035972 0.00356243 0 0.00355625 0.00358058 0.00363187 0.0036045 0.0125747 0.0102024 0.0165589 0.0103977 0.0537718 0.00976955 0.0121458 0.0108967 0.0139667 0.0782454 0.0634594 0.037281 0.0288687 0.0097837 
0.00823956 0.00826928 0.00830331 0.00827317 0.00816935 0.00810005 0.00810287 0.00800208 0.0081752 0.00827932 0.00875562 0.00883442 0.00865929 0.0086317 0.00824962 0.00798139 0.00805423 0.0103049 0.0163265 0.0317211 0.0128254 0.0117289 0.0181778 0.0567909 0.0143634 0.00990151 0.00819854 0.00925833 0.0192615 0.0122724 0.0144871 0.0097657 0.0175086 0.0179946 0.00384298 0.003677 0.0036579 0.00360883 0.00355625 0 0.00354942 0.00361028 0.00356496 0.0139816 0.0149752 0.0101069 0.0312496 0.0113881 0.022 0.00943833 0.0100685 0.0509614 0.035043 0.049792 0.0660179 0.0128238 0.0116223 
0.00833476 0.00822512 0.0082982 0.00833779 0.00818944 0.00818293 0.00810499 0.00798057 0.00818378 0.0083774 0.00871231 0.00894838 0.00869882 0.00863519 0.00822955 0.00795624 0.00800436 0.00982732 0.0264448 0.0152116 0.0150665 0.0119563 0.0231404 0.0247529 0.0176945 0.00920945 0.00807364 0.0110509 0.00934445 0.0303645 0.00949925 0.00977984 0.0136572 0.0200799 0.00382111 0.00460627 0.00367237 0.00363428 0.00358058 0.00354942 0 0.00356269 0.00356443 0.0160664 0.0121149 0.0180144 0.0102534 0.0536763 0.00971683 0.0108956 0.0164039 0.0128081 0.048308 0.0462363 0.0260757 0.0217809 0.00954013 
0.00814214 0.00823545 0.00817028 0.00812291 0.00805828 0.00805346 0.0079816 0.00795498 0.00806068 0.00813985 0.00825723 0.00834948 0.00827204 0.00839023 0.00802306 0.00793329 0.0080516 0.010252 0.0105371 0.0224643 0.0101341 0.0108959 0.0137719 0.0145406 0.0120202 0.00955302 0.00832196 0.0093815 0.0146422 0.00927194 0.0121468 0.00918983 0.02116 0.0345907 0.00523112 0.00572426 0.00370025 0.00367116 0.00363187 0.00361028 0.00356269 0 0.00364058 0.0401319 0.0156794 0.00986029 0.0235982 0.010118 0.0207285 0.0100684 0.0110835 0.0175606 0.0165389 0.0155798 0.0182915 0.0145377 0.0100723 
0.00879313 0.00828655 0.00800835 0.00797326 0.00797006 0.00796608 0.0079293 0.00796963 0.00811882 0.00799305 0.00805136 0.00806677 0.00800051 0.00801591 0.00800316 0.00812387 0.00886778 0.0120337 0.00867844 0.00870012 0.0118338 0.0128193 0.00884797 0.009094 0.00912039 0.00932494 0.00900146 0.0205567 0.00847231 0.00897373 0.00839783 0.00968763 0.013722 0.0259818 0.0100948 0.00623729 0.00382314 0.00375188 0.0036045 0.00356496 0.00356443 0.00364058 0 0.0180128 0.0459755 0.0210177 0.00866983 0.0101937 0.00967692 0.0119354 0.0209372 0.00913878 0.0103204 0.0097245 0.00956232 0.0104867 0.00941893 
0.00906584 0.00810774 0.00811556 0.00803745 0.00800064 0.00800236 0.00794475 0.00808526 0.00809447 0.00802585 0.00798728 0.00800615 0.00797988 0.00799513 0.00823908 0.00885549 0.00859832 0.00837841 0.00812101 0.00818967 0.00852727 0.00874966 0.00820708 0.0081817 0.00846849 0.00907648 0.00935285 0.00826148 0.00863044 0.00806472 0.00813268 0.00854462 0.0110788 0.0171755 0.0238871 0.0197854 0.0158309 0.0142255 0.0125747 0.0139816 0.0160664 0.0401319 0.0180128 0 0.00457789 0.0105962 0.0194202 0.0081542 0.0120812 0.013376 0.0115559 0.0112317 0.008931 0.00889799 0.00977103 0.0106397 0.0311678 
0.00894348 0.008138 0.00808447 0.00805976 0.00803148 0.00802456 0.00801837 0.00816821 0.0080897 0.00804361 0.00799885 0.00802217 0.00801461 0.00805376 0.00820099 0.0082709 0.008581 0.00889444 0.00823025 0.00808736 0.00814368 0.00979229 0.00834295 0.00818864 0.00845286 0.00863322 0.00894696 0.0108818 0.008285 0.00839697 0.00814928 0.00857695 0.0123578 0.0102365 0.0137786 0.0139128 0.00982951 0.0104568 0.0102024 0.0149752 0.0121149 0.0156794 0.0459755 0.00457789 0 0.0232214 0.00727679 0.00831941 0.008342 0.0143498 0.0142034 0.00899185 0.00880784 0.00865157 0.0112151 0.0269506 0.011505 
0.0111463 0.00886556 0.0082349 0.00833515 0.00811485 0.00821041 0.00811294 0.00836957 0.00839067 0.00824208 0.00815421 0.00830861 0.0082527 0.00829949 0.00853209 0.00911597 0.00960904 0.00852094 0.00867555 0.00824125 0.00967002 0.0102115 0.00882286 0.00821837 0.00933578 0.00914378 0.00853195 0.01044 0.00803071 0.00923409 0.00808301 0.00891426 0.00873861 0.010672 0.0105868 0.0191011 0.0156428 0.0153315 0.0165589 0.0101069 0.0180144 0.00986029 0.0210177 0.0105962 0.0232214 0 0.00362746 0.00365188 0.00358706 0.004849 0.00484045 0.0045821 0.0083998 0.23933 0.0722456 0.0490694 0.0167642 
0.00839235 0.00820764 0.0082749 0.00822771 0.00814551 0.00820831 0.00809577 0.00810826 0.00810455 0.00823625 0.0082539 0.00825375 0.00822196 0.00826708 0.00819823 0.00808213 0.00808281 0.00830059 0.00820974 0.00880167 0.00814865 0.00824868 0.00834771 0.00984966 0.00834853 0.00819266 0.00794525 0.0079 0.00968042 0.00812973 0.008147 0.00805712 0.00874937 0.00851143 0.0102501 0.012079 0.0276089 0.0214366 0.0103977 0.0312496 0.0102534 0.0235982 0.00866983 0.0194202 0.00727679 0.00362746 0 0.00354088 0.00369998 0.00355122 0.00383346 0.00850027 0.0222939 0.0832396 0.0197762 0.00716137 0.00921008 
0.0084716 0.00825645 0.00833264 0.00828846 0.00815785 0.00819472 0.00814902 0.0080922 0.00810378 0.00825719 0.00841017 0.0084736 0.00846344 0.00836099 0.00809726 0.00797729 0.00809682 0.0081629 0.00902658 0.00872543 0.00932865 0.00868216 0.00918774 0.00876985 0.00950857 0.00813574 0.00783767 0.00871198 0.00808813 0.0102711 0.0080599 0.00812986 0.00850675 0.00893592 0.00863508 0.0195237 0.0301948 0.0250172 0.0537718 0.0113881 0.0536763 0.010118 0.0101937 0.0081542 0.00831941 0.00365188 0.00354088 0 0.00353233 0.00354135 0.0049908 0.0246979 0.202859 0.0106523 0.00581702 0.0100921 0.00634771 
0.00826178 0.00813851 0.00818777 0.00814896 0.00806102 0.00812098 0.00802023 0.0079849 0.00801978 0.0081027 0.00814931 0.00815533 0.00814892 0.00815624 0.00799319 0.00797046 0.00799774 0.00812501 0.0083004 0.0087201 0.00809441 0.0081726 0.00849592 0.00890156 0.0083394 0.00829975 0.00790883 0.008017 0.00929299 0.00825742 0.00822918 0.00803933 0.00883502 0.00870255 0.0102133 0.0110179 0.0151549 0.0159496 0.00976955 0.022 0.00971683 0.0207285 0.00967692 0.0120812 0.008342 0.00358706 0.00369998 0.00353233 0 0.00354595 0.00401393 0.754886 0.00499666 0.00453341 0.00635531 0.00564769 0.00669986 
0.0091937 0.00841958 0.00821526 0.00818449 0.00815019 0.0081325 0.00804455 0.00808936 0.00821165 0.00818433 0.0081861 0.00821824 0.008156 0.00817486 0.00811427 0.008101 0.00865585 0.00836945 0.00817019 0.00810019 0.00879129 0.00879963 0.00852687 0.00828976 0.00833388 0.00824383 0.00816156 0.0102651 0.00803383 0.00837631 0.00803914 0.00822767 0.00900463 0.00917011 0.0111288 0.0109616 0.00998765 0.0107915 0.0121458 0.00943833 0.0108956 0.0100684 0.0119354 0.013376 0.0143498 0.004849 0.00355122 0.00354135 0.00354595 0 0.936342 0.00428017 0.0039371 0.00392425 0.00426134 0.0059219 0.00621117 
0.0096911 0.00830104 0.00824167 0.00824189 0.00812879 0.00816482 0.00813147 0.0082761 0.00811949 0.00819069 0.00817634 0.00824455 0.00817894 0.00819623 0.00854304 0.00853618 0.00870144 0.0084319 0.00815653 0.00820068 0.0123227 0.00864768 0.00815651 0.00813488 0.0086633 0.00975908 0.00854237 0.00849928 0.00793839 0.00817526 0.00802195 0.00906926 0.00885682 0.0101661 0.0101403 0.0117166 0.0114812 0.0115363 0.0108967 0.0100685 0.0164039 0.0110835 0.0209372 0.0115559 0.0142034 0.00484045 0.00383346 0.0049908 0.00401393 0.936342 0 0.00357482 0.00359068 0.00357777 0.00362166 0.00375808 0.00729103 
0.00845609 0.00824744 0.00832655 0.00829058 0.00821428 0.00825188 0.00815591 0.00821437 0.00808734 0.00826992 0.00838116 0.00832608 0.0083796 0.00831344 0.00827559 0.00802809 0.00805324 0.00822277 0.0084728 0.00905726 0.00848762 0.00829934 0.00856808 0.00943864 0.00875101 0.00817651 0.00788444 0.00805911 0.00841598 0.0082919 0.00829366 0.00805314 0.00869073 0.00864679 0.00926183 0.0152651 0.0299848 0.0201531 0.0139667 0.0509614 0.0128081 0.0175606 0.00913878 0.0112317 0.00899185 0.0045821 0.00850027 0.0246979 0.754886 0.00428017 0.00357482 0 0.00357651 0.00358428 0.00359708 0.00365719 0.0041768 
0.00850525 0.00827346 0.00837988 0.00832647 0.00826228 0.00827409 0.00819381 0.00819404 0.00816865 0.00837163 0.00847456 0.00852183 0.00848025 0.00839534 0.00825969 0.00799558 0.00810668 0.00834622 0.00909997 0.00940715 0.00848515 0.00875409 0.00937721 0.00983677 0.00923621 0.00826828 0.00783922 0.00850107 0.00833551 0.00952027 0.00826101 0.00811423 0.00861927 0.00881773 0.00914064 0.0212558 0.0470018 0.0488553 0.0782454 0.035043 0.048308 0.0165389 0.0103204 0.008931 0.00880784 0.0083998 0.0222939 0.202859 0.00499666 0.0039371 0.00359068 0.00357651 0 0.00357779 0.00359525 0.00358725 0.00366513 
0.00854042 0.00832657 0.00843891 0.00835524 0.00825715 0.00831608 0.00820071 0.00819719 0.008191 0.0082939 0.00856312 0.00848474 0.00846304 0.00847043 0.0082273 0.00806713 0.00813888 0.00835626 0.00935582 0.00987146 0.00863119 0.00864849 0.00937791 0.0103588 0.00955209 0.00829604 0.00784111 0.00824453 0.00839355 0.00953507 0.00829697 0.0081842 0.00899291 0.00925356 0.00915548 0.0252637 0.057017 0.0868701 0.0634594 0.049792 0.0462363 0.0155798 0.0097245 0.00889799 0.00865157 0.23933 0.0832396 0.0106523 0.00453341 0.00392425 0.00357777 0.00358428 0.00357779 0 0.00354763 0.00355835 0.00361264 
0.00841758 0.00824882 0.00836862 0.00834533 0.00820533 0.00825938 0.00818812 0.00818605 0.00816259 0.00834132 0.00850303 0.00844177 0.00844089 0.00849053 0.00825209 0.00802615 0.00807042 0.00827147 0.00882754 0.0104781 0.0084871 0.00849253 0.00899122 0.0117605 0.0089409 0.00840764 0.00785341 0.00816869 0.00878062 0.00912442 0.00829201 0.00812083 0.00930448 0.00901932 0.0104879 0.0159299 0.0976348 0.0577168 0.037281 0.0660179 0.0260757 0.0182915 0.00956232 0.00977103 0.0112151 0.0722456 0.0197762 0.00581702 0.00635531 0.00426134 0.00362166 0.00359708 0.00359525 0.00354763 0 0.00355294 0.00361982 
0.00862309 0.00838314 0.00838002 0.00826088 0.00819594 0.0082569 0.00822158 0.00815818 0.00817179 0.00830681 0.00836928 0.0084034 0.0084093 0.00840562 0.00821227 0.00804246 0.00821198 0.00842232 0.00903052 0.00894377 0.00895622 0.00857134 0.0098447 0.00882759 0.00937121 0.00844751 0.00792991 0.0094479 0.00838764 0.00925241 0.00835754 0.0082791 0.00896469 0.0109251 0.0103054 0.0411421 0.0174943 0.0289666 0.0288687 0.0128238 0.0217809 0.0145377 0.0104867 0.0106397 0.0269506 0.0490694 0.00716137 0.0100921 0.00564769 0.0059219 0.00375808 0.00365719 0.00358725 0.00355835 0.00355294 0 0.00357658 
0.0099778 0.00909477 0.00839261 0.00823286 0.00832319 0.00821124 0.00809004 0.00814904 0.00912536 0.00828047 0.00832586 0.00824129 0.0082391 0.00816506 0.00826959 0.0088308 0.00985175 0.00946053 0.00835678 0.00820115 0.00865565 0.00931774 0.00844361 0.00834233 0.00812702 0.00861974 0.00907034 0.0098243 0.00858546 0.00817194 0.0080741 0.00839176 0.0115905 0.00944714 0.0234508 0.0111175 0.0115134 0.0112848 0.0097837 0.0116223 0.00954013 0.0100723 0.00941893 0.0311678 0.011505 0.0167642 0.00921008 0.00634771 0.00669986 0.00621117 0.00729103 0.0041768 0.00366513 0.00361264 0.00361982 0.00357658 0 
