1L1DB
AATYKKPSDAELKRTLTEEQYQVTQNSATEYAFSHEYDHLFKPGIYVDVVSGEPLFSSADKYDSGCGWPSFTRPIDAKSVTEHDDFSFNXRRTEVRSRAADSHLGHVFPDGPRDKGGLRYCINGASLKFIPLEQXDAAGYGALKGEV
CCCCCCCCHHHHHHHCCHHHHHHHHHCCCCCCCCCHHHHCCCCEEEEECCCCCEEEEHHHEECCCCCCCEECCCCCCCCEEEEEECCCCCCEEEEEECCCCCEEEEEECCCCCCCCCCEEEECHHHEEEEEHHHHHHHCCHHHHHHC
0 0 0 0 0 0 0 0 0 0 0 0 0 0 0 0 0 0 0 0 0 0 0 0 0 0 0 0 0 0 0 0 0 0 0 0 0 0 0 0 0 0 0 0 0 0 0 0 0 0 0 0 0 0 0 0 0 0 0 0 0 0 0 0 0 0 0 0 0 0 0 0 0 0 0 0 0 0 0 0 0 0 0 0 0 0 0 0 0 0 0 0 0 0 0 0 0 0 0 0 0 0 0 0 0 0 0 0 0 0 0 0 0 0 0 0 0 0 0 0 0 0 0 0 0 0 0 0 0 0 0 0 0 0 0 0 0 0 0 0 0 0 0 0 0 0 0 
0 0 0 0 0 0 0 0 0 0 0 0 0 0 0 0 0 0 0 0 0 0 0 0 0 0 0 0 0 0 0 0 0 0 0 0 0 0 0 0 0 0 0 0 0 0 0 0 0 0 0 0 0 0 0 0 0 0 0 0 0 0 0 0 0 0 0 0 0 0 0 0 0 0 0 0 0 0 0 0 0 0 0 0 0 0 0 0 0 0 0 0 0 0 0 0 0 0 0 0 0 0 0 0 0 0 0 0 0 0 0 0 0 0 0 0 0 0 0 0 0 0 0 0 0 0 0 0 0 0 0 0 0 0 0 0 0 0 0 0 0 0 0 0 0 0 0 
0 0.00372104 0.00363522 0.00360278 0.0040763 0.0077112 0.0067299 0.0103279 0.128798 0.0176309 0.0141913 0.0109834 0.0183307 0.0208061 0.0112322 0.00928746 0.00910124 0.00976221 0.0129172 0.015082 0.0125937 0.0111219 0.0104222 0.0113773 0.017886 0.0121861 0.00984042 0.00974643 0.0101483 0.00941696 0.012147 0.00921812 0.0109712 0.00935897 0.0135938 0.00961107 0.00925953 0.00931785 0.00951415 0.0122154 
0.00372104 0 0.00361041 0.00367937 0.00363058 0.00683566 0.00877159 0.0988519 0.442393 0.00716945 0.00962785 0.0128013 0.0122846 0.0118944 0.0174534 0.0124921 0.0102252 0.0111206 0.00941017 0.00976475 0.0238894 0.0171713 0.0303718 0.0174512 0.0124487 0.0100297 0.0163009 0.0192117 0.0210517 0.0155032 0.00986281 0.0088196 0.0160893 0.0177911 0.0112895 0.0120101 0.00969398 0.0138615 0.01506 0.00932665 
0.00363522 0.00361041 0 0.00356524 0.00358125 0.00768658 0.127579 0.538226 0.00903684 0.00654559 0.00732316 0.0100582 0.00966128 0.0117795 0.0123077 0.0212656 0.0151746 0.00990381 0.00884646 0.0118103 0.0128888 0.0722661 0.0330695 0.0243911 0.00966929 0.0115994 0.0146187 0.0379574 0.046365 0.013074 0.00915327 0.00892825 0.0200236 0.0176039 0.0115782 0.0101053 0.0130206 0.0233815 0.0106274 0.00867884 
0.00360278 0.00367937 0.00356524 0 0.00364928 0.624799 0.0968492 0.0222498 0.00663005 0.00684888 0.0109563 0.0112527 0.0200236 0.0134232 0.0185606 0.0107142 0.0111188 0.0115343 0.00969203 0.0107484 0.0310037 0.0180177 0.0389714 0.016047 0.0151744 0.011135 0.0315149 0.0215115 0.0223538 0.0257119 0.0109087 0.0100243 0.0186439 0.0245159 0.015198 0.0151385 0.0125095 0.0173039 0.0120861 0.00887824 
0.0040763 0.00363058 0.00358125 0.00364928 0 0.0664817 0.0141043 0.00579616 0.00524716 0.00766631 0.00938127 0.0159286 0.01702 0.0288889 0.0108074 0.00926925 0.00870771 0.00924274 0.0117099 0.0261793 0.0120527 0.0162444 0.011256 0.0172197 0.0130095 0.0201803 0.0131202 0.0138836 0.014152 0.0121374 0.0134945 0.0135332 0.0116955 0.0139896 0.0158297 0.0386263 0.0101343 0.0101166 0.00999436 0.00915733 
0.0077112 0.00683566 0.00768658 0.624799 0.0664817 0 0.00358034 0.00359742 0.00373648 0.00370209 0.00894182 0.00813478 0.018849 0.0173671 0.0098064 0.00882806 0.00851365 0.00899746 0.011346 0.013141 0.011217 0.0101736 0.0124805 0.00992886 0.016135 0.0123049 0.00964455 0.0104071 0.0114365 0.0100406 0.0103968 0.0101628 0.0104342 0.00958377 0.0220918 0.010223 0.00858235 0.00963469 0.00916329 0.0114282 
0.0067299 0.00877159 0.127579 0.0968492 0.0141043 0.00358034 0 0.00357948 0.00359759 0.00361213 0.0045039 0.0116076 0.010661 0.012497 0.0184659 0.0117844 0.00978055 0.00931084 0.00940049 0.0100322 0.0152652 0.0265614 0.0156086 0.0173369 0.0107192 0.0104933 0.0152626 0.0199485 0.0204487 0.0132562 0.00956735 0.00893933 0.0142033 0.0223287 0.0114922 0.0099132 0.0109141 0.0154919 0.0131971 0.0091076 
0.0103279 0.0988519 0.538226 0.0222498 0.00579616 0.00359742 0.00357948 0 0.00355459 0.00373052 0.00869731 0.0116077 0.0212262 0.0143303 0.0293662 0.0109918 0.00966275 0.0113584 0.00993634 0.0111434 0.0194455 0.0165955 0.0228037 0.0203952 0.0122605 0.0120476 0.020423 0.0198332 0.0184494 0.0221489 0.0106203 0.00994617 0.0160671 0.0251216 0.0190072 0.0134275 0.0109635 0.0146712 0.0130719 0.00911047 
0.128798 0.442393 0.00903684 0.00663005 0.00524716 0.00373648 0.00359759 0.00355459 0 0.0117425 0.00393865 0.00979323 0.0109767 0.0532183 0.01203 0.00853112 0.00833207 0.00836714 0.0122061 0.0239121 0.0121441 0.0124132 0.0106167 0.0118924 0.0136562 0.0222208 0.0106623 0.0115057 0.0105189 0.0101099 0.0120168 0.0173013 0.0107956 0.00992406 0.0165338 0.018996 0.0104924 0.0092024 0.00962283 0.00946086 
0.0176309 0.00716945 0.00654559 0.00684888 0.00766631 0.00370209 0.00361213 0.00373052 0.0117425 0 0.00381011 0.00415123 0.559736 0.00901644 0.00872563 0.00793001 0.00746698 0.00846908 0.0123376 0.0111104 0.0110772 0.00985795 0.00940098 0.0112893 0.0158188 0.0106343 0.00985864 0.00951739 0.0099294 0.0102221 0.012359 0.0092512 0.0102708 0.0134479 0.0149231 0.0102182 0.00934527 0.00916069 0.0104939 0.0124142 
0.0141913 0.00962785 0.00732316 0.0109563 0.00938127 0.00894182 0.0045039 0.00869731 0.00393865 0.00381011 0 0.688711 0.00946397 0.0207731 0.00953964 0.00899081 0.00752841 0.00860512 0.00979536 0.0157688 0.0116208 0.00972571 0.0100058 0.010394 0.0128151 0.0116892 0.0100843 0.00985448 0.00941414 0.0103192 0.0112554 0.011626 0.0105194 0.0111245 0.0145191 0.0169965 0.00856863 0.00955618 0.00977469 0.0106986 
0.0109834 0.0128013 0.0100582 0.0112527 0.0159286 0.00813478 0.0116076 0.0116077 0.00979323 0.00415123 0.688711 0 0.00652088 0.00798598 0.0139 0.00813748 0.00621742 0.00654994 0.00869645 0.00995397 0.00974463 0.0105362 0.00866194 0.015729 0.0123583 0.0120179 0.0122621 0.00985206 0.0102163 0.0106763 0.0116308 0.00958919 0.0107491 0.0130296 0.014796 0.00884993 0.0106839 0.00895305 0.01048 0.0105219 
0.0183307 0.0122846 0.00966128 0.0200236 0.01702 0.018849 0.010661 0.0212262 0.0109767 0.559736 0.00946397 0.00652088 0 0.0299865 0.00830255 0.00661292 0.00640837 0.00616943 0.00977954 0.0132117 0.0109698 0.00899181 0.0104095 0.0131457 0.0285474 0.0182549 0.0114742 0.00984751 0.00935998 0.0115566 0.0116094 0.0114959 0.0110361 0.013814 0.0138737 0.0203595 0.00870256 0.00941077 0.00975234 0.0103225 
0.0208061 0.0118944 0.0117795 0.0134232 0.0288889 0.0173671 0.012497 0.0143303 0.0532183 0.00901644 0.0207731 0.00798598 0.0299865 0 0.00359071 0.00361028 0.00360195 0.00366977 0.00418435 0.00862804 0.00821607 0.00797931 0.00871156 0.027654 0.950855 0.0122556 0.009698 0.0106076 0.010906 0.0122096 0.0192143 0.0128473 0.0137209 0.0133521 0.0289446 0.0126074 0.0101565 0.0116655 0.0115383 0.0215951 
0.0112322 0.0174534 0.0123077 0.0185606 0.0108074 0.0098064 0.0184659 0.0293662 0.01203 0.00872563 0.00953964 0.0139 0.00830255 0.00359071 0 0.00356903 0.00358677 0.00365671 0.00365998 0.00663048 0.00729724 0.0105733 0.0144 0.937444 0.0108913 0.00851956 0.0115153 0.0103235 0.0129593 0.0117259 0.00941274 0.0093329 0.0138865 0.0153743 0.0111024 0.0105813 0.0102488 0.0128952 0.0129759 0.00966175 
0.00928746 0.0124921 0.0212656 0.0107142 0.00926925 0.00882806 0.0117844 0.0109918 0.00853112 0.00793001 0.00899081 0.00813748 0.00661292 0.00361028 0.00356903 0 0.00365797 0.00355387 0.00354861 0.00588738 0.00830848 0.0166023 0.932627 0.0127275 0.00706357 0.00867049 0.00844172 0.00988858 0.0127064 0.00917126 0.00834633 0.00881368 0.0113793 0.0104063 0.00970082 0.00983624 0.0104556 0.0111136 0.0100052 0.0085656 
0.00910124 0.0102252 0.0151746 0.0111188 0.00870771 0.00851365 0.00978055 0.00966275 0.00833207 0.00746698 0.00752841 0.00621742 0.00640837 0.00360195 0.00358677 0.00365797 0 0.00360703 0.00352912 0.0053234 0.00814619 0.945533 0.0127354 0.00733031 0.00645219 0.00750984 0.00834672 0.0104243 0.00934317 0.00899084 0.00808198 0.00857538 0.0100241 0.0101135 0.00923929 0.0101494 0.00883745 0.0140281 0.00865915 0.00852941 
0.00976221 0.0111206 0.00990381 0.0115343 0.00924274 0.00899746 0.00931084 0.0113584 0.00836714 0.00846908 0.00860512 0.00654994 0.00616943 0.00366977 0.00365671 0.00355387 0.00360703 0 0.00384793 0.00710506 0.953129 0.0147641 0.00640038 0.00690694 0.00547414 0.00783231 0.00936638 0.00818792 0.00871771 0.00943071 0.00880533 0.00947758 0.0112931 0.0111215 0.00926431 0.00884356 0.0113333 0.00910359 0.0100044 0.00825719 
0.0129172 0.00941017 0.00884646 0.00969203 0.0117099 0.011346 0.00940049 0.00993634 0.0122061 0.0123376 0.00979536 0.00869645 0.00977954 0.00418435 0.00365998 0.00354861 0.00352912 0.00384793 0 0.936455 0.00840633 0.00546897 0.00536736 0.00605454 0.00618302 0.0101973 0.0078232 0.00785401 0.00822008 0.00890113 0.0128258 0.0138335 0.0092566 0.00929953 0.010844 0.0187568 0.00878575 0.00883662 0.00870958 0.00893894 
0.015082 0.00976475 0.0118103 0.0107484 0.0261793 0.013141 0.0100322 0.0111434 0.0239121 0.0111104 0.0157688 0.00995397 0.0132117 0.00862804 0.00663048 0.00588738 0.0053234 0.00710506 0.936455 0 0.0038592 0.00360437 0.00359144 0.00370107 0.00459647 0.00732467 0.00618677 0.00655034 0.00956135 0.036007 0.468175 0.0130351 0.0106695 0.015966 0.0232174 0.0118349 0.0103177 0.0117874 0.0122038 0.0251184 
0.0125937 0.0238894 0.0128888 0.0310037 0.0120527 0.011217 0.0152652 0.0194455 0.0121441 0.0110772 0.0116208 0.00974463 0.0109698 0.00821607 0.00729724 0.00830848 0.00814619 0.953129 0.00840633 0.0038592 0 0.00356131 0.00359796 0.00461649 0.00376048 0.00606522 0.00665487 0.00743418 0.0233598 0.765213 0.0142539 0.0104683 0.0264833 0.0187172 0.0126893 0.0172085 0.00974761 0.0280114 0.0170743 0.0170328 
0.0111219 0.0171713 0.0722661 0.0180177 0.0162444 0.0101736 0.0265614 0.0165955 0.0124132 0.00985795 0.00972571 0.0105362 0.00899181 0.00797931 0.0105733 0.0166023 0.945533 0.0147641 0.00546897 0.00360437 0.00356131 0 0.00354561 0.00360388 0.00357939 0.00632066 0.00781552 0.0321683 0.825384 0.0174245 0.00717168 0.011096 0.017761 0.0176155 0.0136814 0.00959245 0.032211 0.0157408 0.0366848 0.0090384 
0.0104222 0.0303718 0.0330695 0.0389714 0.011256 0.0124805 0.0156086 0.0228037 0.0106167 0.00940098 0.0100058 0.00866194 0.0104095 0.00871156 0.0144 0.932627 0.0127354 0.00640038 0.00536736 0.00359144 0.00359796 0.00354561 0 0.00354474 0.00357151 0.00511271 0.0363135 0.750248 0.0321309 0.0113007 0.00674335 0.00954118 0.0191032 0.0184045 0.0130151 0.0179667 0.0100382 0.127801 0.0100628 0.0118033 
0.0113773 0.0174512 0.0243911 0.016047 0.0172197 0.00992886 0.0173369 0.0203952 0.0118924 0.0112893 0.010394 0.015729 0.0131457 0.027654 0.937444 0.0127275 0.00733031 0.00690694 0.00605454 0.00370107 0.00461649 0.00360388 0.00354474 0 0.00358356 0.308212 0.140213 0.0216247 0.00869433 0.00801957 0.00725046 0.0109388 0.014167 0.0227777 0.0112648 0.00950627 0.0367202 0.00949227 0.0202452 0.00876252 
0.017886 0.0124487 0.00966929 0.0151744 0.0130095 0.016135 0.0107192 0.0122605 0.0136562 0.0158188 0.0128151 0.0123583 0.0285474 0.950855 0.0108913 0.00706357 0.00645219 0.00547414 0.00618302 0.00459647 0.00376048 0.00357939 0.00357151 0.00358356 0 0.095941 0.016621 0.0053772 0.00580168 0.00704005 0.00710692 0.0162131 0.0113977 0.0108486 0.0159364 0.0929111 0.00899817 0.0127464 0.00908739 0.0109336 
0.0121861 0.0100297 0.0115994 0.011135 0.0201803 0.0123049 0.0104933 0.0120476 0.0222208 0.0106343 0.0116892 0.0120179 0.0182549 0.0122556 0.00851956 0.00867049 0.00750984 0.00783231 0.0101973 0.00732467 0.00606522 0.00632066 0.00511271 0.308212 0.095941 0 0.0037389 0.00360493 0.00360981 0.003659 0.00424413 0.00932803 0.00925146 0.0106094 0.0384595 0.00932892 0.0206667 0.010509 0.0146725 0.0179673 
0.00984042 0.0163009 0.0146187 0.0315149 0.0131202 0.00964455 0.0152626 0.020423 0.0106623 0.00985864 0.0100843 0.0122621 0.0114742 0.009698 0.0115153 0.00844172 0.00834672 0.00936638 0.0078232 0.00618677 0.00665487 0.00781552 0.0363135 0.140213 0.016621 0.0037389 0 0.00357262 0.00359164 0.00369804 0.00363342 0.00704459 0.00972524 0.0392097 0.018312 0.0337891 0.00890111 0.0236394 0.0171101 0.0146874 
0.00974643 0.0192117 0.0379574 0.0215115 0.0138836 0.0104071 0.0199485 0.0198332 0.0115057 0.00951739 0.00985448 0.00985206 0.00984751 0.0106076 0.0103235 0.00988858 0.0104243 0.00818792 0.00785401 0.00655034 0.00743418 0.0321683 0.750248 0.0216247 0.0053772 0.00360493 0.00357262 0 0.00357294 0.00358284 0.00356456 0.00803802 0.0216623 0.021317 0.630441 0.00806134 0.0133677 0.0190532 0.022517 0.00972352 
0.0101483 0.0210517 0.046365 0.0223538 0.014152 0.0114365 0.0204487 0.0184494 0.0105189 0.0099294 0.00941414 0.0102163 0.00935998 0.010906 0.0129593 0.0127064 0.00934317 0.00871771 0.00822008 0.00956135 0.0233598 0.825384 0.0321309 0.00869433 0.00580168 0.00360981 0.00359164 0.00357294 0 0.00356693 0.00356278 0.0200726 0.0203971 0.78675 0.0120512 0.00936623 0.0193424 0.028191 0.0130741 0.00874317 
0.00941696 0.0155032 0.013074 0.0257119 0.0121374 0.0100406 0.0132562 0.0221489 0.0101099 0.0102221 0.0103192 0.0106763 0.0115566 0.0122096 0.0117259 0.00917126 0.00899084 0.00943071 0.00890113 0.036007 0.765213 0.0174245 0.0113007 0.00801957 0.00704005 0.003659 0.00369804 0.00358284 0.00356693 0 0.00359046 0.0117769 0.85045 0.0144013 0.00991161 0.0103167 0.0149317 0.0132014 0.0141953 0.00825355 
0.012147 0.00986281 0.00915327 0.0109087 0.0134945 0.0103968 0.00956735 0.0106203 0.0120168 0.012359 0.0112554 0.0116308 0.0116094 0.0192143 0.00941274 0.00834633 0.00808198 0.00880533 0.0128258 0.468175 0.0142539 0.00717168 0.00674335 0.00725046 0.00710692 0.00424413 0.00363342 0.00356456 0.00356278 0.00359046 0 0.868326 0.00901324 0.0189728 0.0108725 0.017556 0.00815157 0.00942218 0.00843879 0.00901192 
0.00921812 0.0088196 0.00892825 0.0100243 0.0135332 0.0101628 0.00893933 0.00994617 0.0173013 0.0092512 0.011626 0.00958919 0.0114959 0.0128473 0.0093329 0.00881368 0.00857538 0.00947758 0.0138335 0.0130351 0.0104683 0.011096 0.00954118 0.0109388 0.0162131 0.00932803 0.00704459 0.00803802 0.0200726 0.0117769 0.868326 0 0.00373627 0.00367171 0.00372816 0.00373801 0.00473966 0.00723049 0.0112196 0.0357734 
0.0109712 0.0160893 0.0200236 0.0186439 0.0116955 0.0104342 0.0142033 0.0160671 0.0107956 0.0102708 0.0105194 0.0107491 0.0110361 0.0137209 0.0138865 0.0113793 0.0100241 0.0112931 0.0092566 0.0106695 0.0264833 0.017761 0.0191032 0.014167 0.0113977 0.00925146 0.00972524 0.0216623 0.0203971 0.85045 0.00901324 0.00373627 0 0.00369987 0.00354887 0.0038308 0.00587596 0.00823878 0.0201153 0.00703089 
0.00935897 0.0177911 0.0176039 0.0245159 0.0139896 0.00958377 0.0223287 0.0251216 0.00992406 0.0134479 0.0111245 0.0130296 0.013814 0.0133521 0.0153743 0.0104063 0.0101135 0.0111215 0.00929953 0.015966 0.0187172 0.0176155 0.0184045 0.0227777 0.0108486 0.0106094 0.0392097 0.021317 0.78675 0.0144013 0.0189728 0.00367171 0.00369987 0 0.00356651 0.00376176 0.00952615 0.00772992 0.00958862 0.00488624 
0.0135938 0.0112895 0.0115782 0.015198 0.0158297 0.0220918 0.0114922 0.0190072 0.0165338 0.0149231 0.0145191 0.014796 0.0138737 0.0289446 0.0111024 0.00970082 0.00923929 0.00926431 0.010844 0.0232174 0.0126893 0.0136814 0.0130151 0.0112648 0.0159364 0.0384595 0.018312 0.630441 0.0120512 0.00991161 0.0108725 0.00372816 0.00354887 0.00356651 0 0.0147367 0.00744118 0.00418167 0.00507796 0.00431804 
0.00961107 0.0120101 0.0101053 0.0151385 0.0386263 0.010223 0.0099132 0.0134275 0.018996 0.0102182 0.0169965 0.00884993 0.0203595 0.0126074 0.0105813 0.00983624 0.0101494 0.00884356 0.0187568 0.0118349 0.0172085 0.00959245 0.0179667 0.00950627 0.0929111 0.00932892 0.0337891 0.00806134 0.00936623 0.0103167 0.017556 0.00373801 0.0038308 0.00376176 0.0147367 0 0.00359284 0.00363624 0.00361008 0.00371401 
0.00925953 0.00969398 0.0130206 0.0125095 0.0101343 0.00858235 0.0109141 0.0109635 0.0104924 0.00934527 0.00856863 0.0106839 0.00870256 0.0101565 0.0102488 0.0104556 0.00883745 0.0113333 0.00878575 0.0103177 0.00974761 0.032211 0.0100382 0.0367202 0.00899817 0.0206667 0.00890111 0.0133677 0.0193424 0.0149317 0.00815157 0.00473966 0.00587596 0.00952615 0.00744118 0.00359284 0 0.00355492 0.00356773 0.0035253 
0.00931785 0.0138615 0.0233815 0.0173039 0.0101166 0.00963469 0.0154919 0.0146712 0.0092024 0.00916069 0.00955618 0.00895305 0.00941077 0.0116655 0.0128952 0.0111136 0.0140281 0.00910359 0.00883662 0.0117874 0.0280114 0.0157408 0.127801 0.00949227 0.0127464 0.010509 0.0236394 0.0190532 0.028191 0.0132014 0.00942218 0.00723049 0.00823878 0.00772992 0.00418167 0.00363624 0.00355492 0 0.00353723 0.00353897 
0.00951415 0.01506 0.0106274 0.0120861 0.00999436 0.00916329 0.0131971 0.0130719 0.00962283 0.0104939 0.00977469 0.01048 0.00975234 0.0115383 0.0129759 0.0100052 0.00865915 0.0100044 0.00870958 0.0122038 0.0170743 0.0366848 0.0100628 0.0202452 0.00908739 0.0146725 0.0171101 0.022517 0.0130741 0.0141953 0.00843879 0.0112196 0.0201153 0.00958862 0.00507796 0.00361008 0.00356773 0.00353723 0 0.00351906 
0.0122154 0.00932665 0.00867884 0.00887824 0.00915733 0.0114282 0.0091076 0.00911047 0.00946086 0.0124142 0.0106986 0.0105219 0.0103225 0.0215951 0.00966175 0.0085656 0.00852941 0.00825719 0.00893894 0.0251184 0.0170328 0.0090384 0.0118033 0.00876252 0.0109336 0.0179673 0.0146874 0.00972352 0.00874317 0.00825355 0.00901192 0.0357734 0.00703089 0.00488624 0.00431804 0.00371401 0.0035253 0.00353897 0.00351906 0 
