1LB8A
ANKTVVVTTILESPYVMMKKNHEMLEGNERYEGYCVDLAAEIAKHCGFKYKLTIVGDGKYGARDADTKIWNGMVGELVYGKADIAIAPLTITYVREEVIDFSKPFMSLGISIMIKKGTPIESAEDLSKQTEIAYGTLDSGSTKEFFRRSKIAVFDKMWTYMRSAEPSVFVRTTAEGVARVRKSKGKYAYLLESTMNEYIEQRKPCDTMKVGGNLDSKGYGIATPKGSSLGNAVNLAVLKLNEQGLLDKLKNKWWYDKGECG
CCCCEEEEECCECCCEEECCCCCCCCHHHHEECHHHHHHHHHHHHHCCCEEEEECCCCCCCCECCCCCCECHHHHHHHCCCCCEECCCCECCHHHHCCEEECCCCEEECEEEEEECCCCCCCHHHHHCCCCCEEECECCCHHHHHHHHCCCHHHHHHHHHHCCCCCCCCECCHHHHHHHHHCCCCCEEEEEEHHHHHHHCCCCCCCEEEECCCCCCEEECCEEECCCCCHHHHHHHHHHHHHCCHHHHHHHHHCCCCCCCC
0 0 0 0 0 0 0 0 0 0 0 0 0 0 0 0 0 0 0 0 0 0 0 0 0 0 0 0 0 0 0 0 0 0 0 0 0 0 0 0 0 0 0 0 0 0 0 0 0 0 0 0 0 0 0 0 0 0 0 0 0 0 0 0 0 0 0 0 0 0 0 0 0 0 0 0 0 0 0 0 0 0 0 0 0 0 0 0 0 0 0 0 0 0 0 0 0 0 0 0 0 0 0 0 0 0 0 0 0 0 0 0 0 0 0 0 0 0 0 0 0 0 0 0 0 0 0 0 0 0 0 0 0 0 0 0 0 0 0 0 0 0 0 0 0 0 0 0 0 0 0 0 0 0 0 0 0 0 0 0 0 0 0 0 0 0 0 0 0 0 0 0 0 0 0 0 0 0 0 0 0 0 0 0 0 0 0 0 0 0 0 0 0 0 0 0 0 0 0 0 0 0 0 0 0 0 0 0 0 0 0 0 0 0 0 0 0 0 0 0 0 0 0 0 0 0 0 0 0 0 0 0 0 0 0 0 0 0 0 0 0 0 0 0 0 0 0 0 0 0 0 0 0 0 0 0 0 0 0 0 0 
0 0 0 0 0 0 0 0 0 0 0 0 0 0 0 0 0 0 0 0 0 0 0 0 0 0 0 0 0 0 0 0 0 0 0 0 0 0 0 0 0 0 0 0 0 0 0 0 0 0 0 0 0 0 0 0 0 0 0 0 0 0 0 0 0 0 0 0 0 0 0 0 0 0 0 0 0 0 0 0 0 0 0 0 0 0 0 0 0 0 0 0 0 0 0 0 0 0 0 0 0 0 0 0 0 0 0 0 0 0 0 0 0 0 0 0 0 0 0 0 0 0 0 0 0 0 0 0 0 0 0 0 0 0 0 0 0 0 0 0 0 0 0 0 0 0 0 0 0 0 0 0 0 0 0 0 0 0 0 0 0 0 0 0 0 0 0 0 0 0 0 0 0 0 0 0 0 0 0 0 0 0 0 0 0 0 0 0 0 0 0 0 0 0 0 0 0 0 0 0 0 0 0 0 0 0 0 0 0 0 0 0 0 0 0 0 0 0 0 0 0 0 0 0 0 0 0 0 0 0 0 0 0 0 0 0 0 0 0 0 0 0 0 0 0 0 0 0 0 0 0 0 0 0 0 0 0 0 0 0 0 
0 0.00379649 0.00368196 0.00405173 0.00590706 0.0131466 0.0130901 0.0118203 0.0488784 0.0200469 0.0137545 0.0717531 0.00967432 0.0226451 0.0103794 0.0295902 0.0156443 0.0165425 0.0155716 0.0131979 0.0125381 0.0146646 0.00849176 0.0154869 0.0113761 0.00833374 0.0117708 0.0105188 0.00866616 0.00979622 0.00874137 0.00988377 0.0108433 0.00863624 0.00842943 0.00958908 0.0112828 0.0100714 0.00933638 0.0082806 0.00839792 0.00838518 0.00847431 0.00883079 0.00855867 0.00816402 0.00838746 0.0091677 0.00850573 0.00831274 0.00877254 0.0086296 0.00855433 0.00923551 
0.00379649 0 0.00359241 0.00366719 0.00385868 0.00474829 0.0086069 0.0222862 0.0173642 0.00920611 0.0128689 0.0101429 0.0886594 0.0095141 0.0616754 0.0119997 0.0105235 0.00926528 0.0104096 0.0112887 0.0102785 0.00853101 0.0138273 0.00927484 0.00857973 0.0107336 0.00862741 0.00920229 0.0131359 0.0112239 0.0154738 0.0093643 0.00925423 0.00870716 0.00930495 0.00880305 0.00833056 0.00849194 0.00820726 0.0084334 0.00881659 0.00885739 0.00855736 0.0084102 0.00800486 0.00830531 0.00849086 0.00821015 0.00801333 0.00831092 0.00834306 0.00811199 0.00836035 0.00829412 
0.00368196 0.00359241 0 0.00365638 0.00363526 0.0042152 0.0103852 0.0149027 0.0169158 0.0116912 0.00846401 0.0182748 0.00971364 0.177251 0.0108182 0.0114254 0.00891382 0.00908767 0.0102997 0.00974463 0.00894966 0.0111733 0.00887562 0.0103557 0.0103487 0.0088176 0.012102 0.0132708 0.0113258 0.032337 0.0135588 0.0111626 0.00864039 0.00868742 0.00936046 0.01043 0.00837998 0.00826538 0.00839137 0.00869934 0.00933546 0.00939095 0.00881318 0.00839404 0.00820065 0.00842785 0.00858198 0.00831274 0.00820291 0.00840318 0.00848746 0.00826844 0.00833464 0.00811823 
0.00405173 0.00366719 0.00365638 0 0.00360578 0.0060311 0.0169215 0.0323728 0.0132792 0.0109658 0.0127705 0.0119208 0.0458123 0.0120848 0.0424416 0.01226 0.0104039 0.00974824 0.0119061 0.0131903 0.0109277 0.00958368 0.0129394 0.0101624 0.00958674 0.0137424 0.00934023 0.0110053 0.013284 0.0167435 0.0125881 0.00984478 0.00844724 0.00921909 0.0101806 0.00924611 0.00851674 0.00856707 0.00850958 0.0085635 0.00896734 0.0088714 0.00854314 0.00821109 0.00819801 0.00840969 0.00829438 0.00808019 0.00823314 0.00828121 0.00816296 0.00825104 0.00820121 0.00811163 
0.00590706 0.00385868 0.00363526 0.00360578 0 0.0193622 0.0406999 0.0158062 0.0135724 0.0188956 0.0141474 0.0425757 0.0124546 0.0104575 0.0113191 0.0308626 0.0149964 0.014744 0.0157298 0.0170944 0.017568 0.0155629 0.00972523 0.0113812 0.0156832 0.00933202 0.0110404 0.0168747 0.0109205 0.0106903 0.0098523 0.00897313 0.00907829 0.0117847 0.00949719 0.00972773 0.0102679 0.0103008 0.0097125 0.00880009 0.00864903 0.00866044 0.0084288 0.00839357 0.00872584 0.00840086 0.00814531 0.00838588 0.00877019 0.00822611 0.00846941 0.00901197 0.00817663 0.00809069 
0.0131466 0.00474829 0.0042152 0.0060311 0.0193622 0 0.0289631 0.00884014 0.0069999 0.0208117 0.0148049 0.0248072 0.00951909 0.0108922 0.00969594 0.0139163 0.0354012 0.0447953 0.0181775 0.0149717 0.0268938 0.0143131 0.00827476 0.011254 0.0115125 0.00821362 0.00947593 0.0102379 0.00850939 0.00842949 0.00821172 0.00851638 0.00917068 0.0095554 0.00823368 0.00873193 0.0136874 0.0130568 0.00925699 0.00814308 0.00793564 0.00795662 0.00803633 0.00846539 0.00893657 0.00813695 0.00796779 0.00893287 0.00882073 0.00806863 0.00859756 0.00901188 0.00813057 0.00859458 
0.0130901 0.0086069 0.0103852 0.0169215 0.0406999 0.0289631 0 0.00363446 0.00388224 0.00800296 0.0552472 0.0169643 0.0134176 0.010511 0.0125459 0.0254135 0.0135361 0.0135104 0.0120825 0.0175546 0.0130091 0.0100342 0.00898943 0.0129765 0.00939506 0.00874906 0.0101744 0.00954077 0.00964244 0.00967618 0.00907866 0.0091946 0.0107023 0.00884086 0.00876518 0.00940628 0.00947813 0.00938016 0.00873363 0.00811194 0.00853822 0.00843832 0.00835153 0.00886752 0.00819601 0.00803617 0.0081904 0.00841339 0.00828565 0.00800688 0.00838376 0.00824857 0.00811003 0.00867353 
0.0118203 0.0222862 0.0149027 0.0323728 0.0158062 0.00884014 0.00363446 0 0.00365781 0.025688 0.0392245 0.0131233 0.013327 0.0116954 0.0149269 0.0105312 0.010232 0.00967385 0.0118385 0.0111828 0.00926313 0.00928367 0.0100348 0.00872997 0.00899298 0.00967801 0.0084724 0.00872941 0.00970146 0.00999262 0.00890831 0.00907918 0.00825162 0.00857011 0.00945546 0.00869861 0.00838532 0.00833431 0.00819043 0.00841539 0.00850983 0.0085793 0.00829909 0.00812563 0.00796014 0.00815879 0.00812366 0.00800971 0.0079663 0.00813677 0.00808335 0.00801215 0.00803002 0.0080356 
0.0488784 0.0173642 0.0169158 0.0132792 0.0135724 0.0069999 0.00388224 0.00365781 0 0.0419717 0.00934563 0.0198231 0.0111757 0.00998007 0.0102177 0.0123048 0.0132273 0.0115414 0.0122828 0.0110112 0.0135159 0.0132657 0.00860646 0.00968026 0.0132578 0.0085825 0.00921774 0.0119896 0.00965869 0.00912601 0.00896905 0.00849341 0.00854654 0.0109273 0.00863297 0.00926428 0.00937808 0.00940742 0.00897893 0.00852691 0.00817348 0.008294 0.00816976 0.00819098 0.00843769 0.00821959 0.00802977 0.00804333 0.00841368 0.00811558 0.00830211 0.00861862 0.00806826 0.00794709 
0.0200469 0.00920611 0.0116912 0.0109658 0.0188956 0.0208117 0.00800296 0.025688 0.0419717 0 0.00392677 0.0193654 0.0101984 0.01902 0.0136228 0.0243417 0.0150425 0.0189741 0.0151554 0.0228474 0.0124769 0.0128863 0.00863847 0.019446 0.00961535 0.00879657 0.0113801 0.00915899 0.00871732 0.00941918 0.00852029 0.0101001 0.0102885 0.00827266 0.00906626 0.00926323 0.0116724 0.00960446 0.00867595 0.00835378 0.00832289 0.00834194 0.00839019 0.00878803 0.00813523 0.00803181 0.00799421 0.00864395 0.00808422 0.00799817 0.00824002 0.00804924 0.00804319 0.00833057 
0.0137545 0.0128689 0.00846401 0.0127705 0.0141474 0.0148049 0.0552472 0.0392245 0.00934563 0.00392677 0 0.0175732 0.0124049 0.00778198 0.012023 0.0144059 0.027168 0.0149861 0.0155456 0.0125492 0.0200071 0.00927886 0.00954061 0.00900937 0.00932608 0.00891688 0.00837382 0.00906739 0.00875879 0.00846266 0.00864238 0.00855951 0.00878427 0.00917681 0.00877312 0.00830139 0.00925347 0.0093412 0.00833969 0.00809535 0.00808711 0.00812874 0.00819005 0.00846831 0.00822969 0.0080055 0.00801339 0.00798887 0.00824193 0.00800583 0.00801522 0.00814622 0.0080395 0.00800139 
0.0717531 0.0101429 0.0182748 0.0119208 0.0425757 0.0248072 0.0169643 0.0131233 0.0198231 0.0193654 0.0175732 0 0.00386841 0.00389532 0.0037584 0.00593013 0.0149509 0.0229039 0.0341946 0.0265365 0.0170536 0.0347322 0.00885542 0.0375369 0.0185304 0.00879446 0.0246766 0.0139642 0.0101669 0.0126255 0.00925525 0.0122213 0.0143104 0.010308 0.00886642 0.0124473 0.0154116 0.0106778 0.0103797 0.00860854 0.00875299 0.00845938 0.0087144 0.0094189 0.00916095 0.00807178 0.00816379 0.00899365 0.0087 0.00810505 0.00863853 0.00864745 0.00834344 0.00885865 
0.00967432 0.0886594 0.00971364 0.0458123 0.0124546 0.00951909 0.0134176 0.013327 0.0111757 0.0101984 0.0124049 0.00386841 0 0.00356499 0.00421707 0.00381144 0.00945968 0.00889022 0.01323 0.0121093 0.0132546 0.00904212 0.0360336 0.00929209 0.00911993 0.0183126 0.00849926 0.00963115 0.0210227 0.0106906 0.0222866 0.00998897 0.0101813 0.00936038 0.0102214 0.00853962 0.00868089 0.0088232 0.00823694 0.00855553 0.00898077 0.00868976 0.0084241 0.0083993 0.00800125 0.00833349 0.00836542 0.00818479 0.00798562 0.00812362 0.00816766 0.00810378 0.00828814 0.00835747 
0.0226451 0.0095141 0.177251 0.0120848 0.0104575 0.0108922 0.010511 0.0116954 0.00998007 0.01902 0.00778198 0.00389532 0.00356499 0 0.00359617 0.0036019 0.00711045 0.0092293 0.0149857 0.0117998 0.00930041 0.0250815 0.00861934 0.0132824 0.0143004 0.00856663 0.0167057 0.0146359 0.0103467 0.0521442 0.0110703 0.0122057 0.00867051 0.00928152 0.00900739 0.011602 0.00922238 0.00843728 0.0085978 0.00878514 0.00982518 0.00956198 0.00883324 0.00828977 0.00814156 0.00835115 0.00842548 0.00823326 0.00813869 0.00828211 0.00832861 0.00818546 0.00826982 0.00808103 
0.0103794 0.0616754 0.0108182 0.0424416 0.0113191 0.00969594 0.0125459 0.0149269 0.0102177 0.0136228 0.012023 0.0037584 0.00421707 0.00359617 0 0.00364036 0.00947849 0.00855149 0.0125343 0.0160354 0.0119354 0.00975518 0.028672 0.0091607 0.0094531 0.019857 0.00868544 0.0104229 0.0285378 0.0121459 0.0161753 0.00970907 0.00903366 0.00932733 0.0109184 0.00861409 0.00854585 0.00846116 0.0085636 0.00880492 0.00905682 0.00895506 0.00841378 0.00825411 0.00810919 0.00835502 0.00828867 0.0080505 0.00809783 0.00819392 0.00821934 0.00815818 0.00819958 0.00795514 
0.0295902 0.0119997 0.0114254 0.01226 0.0308626 0.0139163 0.0254135 0.0105312 0.0123048 0.0243417 0.0144059 0.00593013 0.00381144 0.0036019 0.00364036 0 0.0209422 0.011055 0.0257281 0.0171899 0.0187477 0.0221336 0.00999081 0.0149252 0.0231321 0.00938866 0.0115538 0.0249832 0.0111506 0.0110324 0.010616 0.010451 0.00951721 0.0153388 0.00971152 0.0112573 0.0119825 0.0104521 0.0103441 0.00882141 0.00845991 0.00849897 0.00827972 0.00847966 0.00886187 0.00839057 0.00809693 0.00830817 0.00902815 0.00813442 0.00846547 0.00919611 0.00809051 0.00806662 
0.0156443 0.0105235 0.00891382 0.0104039 0.0149964 0.0354012 0.0135361 0.010232 0.0132273 0.0150425 0.027168 0.0149509 0.00945968 0.00711045 0.00947849 0.0209422 0 0.971216 0.0203814 0.0392344 0.0838426 0.0148005 0.0107518 0.0137862 0.0141274 0.0103569 0.0105996 0.0127115 0.0100227 0.00902042 0.00930851 0.00919933 0.012177 0.012069 0.00948625 0.00973555 0.0181246 0.0161074 0.0102656 0.00842391 0.00802957 0.00807043 0.00819045 0.00922668 0.0093864 0.00818709 0.00808052 0.00881858 0.00911586 0.00820071 0.00868325 0.00948309 0.00829157 0.00887278 
0.0165425 0.00926528 0.00908767 0.00974824 0.014744 0.0447953 0.0135104 0.00967385 0.0115414 0.0189741 0.0149861 0.0229039 0.00889022 0.0092293 0.00855149 0.011055 0.971216 0 0.0354522 0.0328744 0.0890528 0.0187086 0.00996949 0.0188862 0.0186309 0.00952263 0.0117594 0.0148076 0.0100233 0.00935068 0.00899852 0.00948112 0.0111665 0.0131487 0.00989347 0.0102696 0.0269463 0.0168863 0.0102856 0.0082971 0.00816282 0.00811163 0.00815814 0.00893142 0.00926258 0.00806969 0.00795402 0.00847238 0.00881917 0.00796198 0.00853519 0.00892767 0.00796922 0.00841844 
0.0155716 0.0104096 0.0102997 0.0119061 0.0157298 0.0181775 0.0120825 0.0118385 0.0122828 0.0151554 0.0155456 0.0341946 0.01323 0.0149857 0.0125343 0.0257281 0.0203814 0.0354522 0 0.00481819 0.0145422 0.0346255 0.0273296 0.0362304 0.0250217 0.0180204 0.0217936 0.0157241 0.0227845 0.0148965 0.0110955 0.0132592 0.0171535 0.0148603 0.0167119 0.0144601 0.0187644 0.0137011 0.0109041 0.00942528 0.0101241 0.00891867 0.00927488 0.00988562 0.00880906 0.00834871 0.00841155 0.00907026 0.00855397 0.0084005 0.00900218 0.00853065 0.00834694 0.00867485 
0.0131979 0.0112887 0.00974463 0.0131903 0.0170944 0.0149717 0.0175546 0.0111828 0.0110112 0.0228474 0.0125492 0.0265365 0.0121093 0.0117998 0.0160354 0.0171899 0.0392344 0.0328744 0.00481819 0 0.078249 0.0225441 0.0496022 0.0364237 0.0282372 0.0290614 0.0127813 0.0213821 0.0182905 0.0131358 0.0118847 0.0166298 0.0121123 0.0213541 0.0205332 0.0148288 0.0198165 0.0167686 0.0109929 0.010083 0.0092698 0.00943137 0.00958198 0.0097116 0.0101925 0.00841759 0.00836426 0.00883738 0.0093425 0.008887 0.00909474 0.00950438 0.00849561 0.00833414 
0.0125381 0.0102785 0.00894966 0.0109277 0.017568 0.0268938 0.0130091 0.00926313 0.0135159 0.0124769 0.0200071 0.0170536 0.0132546 0.00930041 0.0119354 0.0187477 0.0838426 0.0890528 0.0145422 0.078249 0 0.0486728 0.0169639 0.0271154 0.0164927 0.0169982 0.0144718 0.0210839 0.0144782 0.0111661 0.0118481 0.0116961 0.0206385 0.0209129 0.0151043 0.0141479 0.0461258 0.0377966 0.0118226 0.00924421 0.00905147 0.00882801 0.00904692 0.0124934 0.00979405 0.00840908 0.00840912 0.0100385 0.00967653 0.00845415 0.0104655 0.00998444 0.00845488 0.0096086 
0.0146646 0.00853101 0.0111733 0.00958368 0.0155629 0.0143131 0.0100342 0.00928367 0.0132657 0.0128863 0.00927886 0.0347322 0.00904212 0.0250815 0.00975518 0.0221336 0.0148005 0.0187086 0.0346255 0.0225441 0.0486728 0 0.00375244 0.00388854 0.0131868 0.00734583 0.180201 0.011089 0.00780455 0.0130113 0.00808831 0.0144306 0.024489 0.0184998 0.0129472 0.0303192 0.0245062 0.0140709 0.0123908 0.00958163 0.00960093 0.00927338 0.00955578 0.0112003 0.0096525 0.00835029 0.00882972 0.0107882 0.00874667 0.00822957 0.00950418 0.0086468 0.00850989 0.00991188 
0.00849176 0.0138273 0.00887562 0.0129394 0.00972523 0.00827476 0.00898943 0.0100348 0.00860646 0.00863847 0.00954061 0.00885542 0.0360336 0.00861934 0.028672 0.00999081 0.0107518 0.00996949 0.0273296 0.0496022 0.0169639 0.00375244 0 0.00372011 0.00642012 0.222121 0.00644821 0.00659151 0.0219575 0.007856 0.010841 0.0112661 0.00877494 0.0111486 0.0769286 0.00971104 0.0102869 0.00961837 0.00875158 0.00981943 0.0102803 0.0100755 0.00940045 0.00889161 0.00820476 0.00890786 0.00875122 0.00813899 0.00816848 0.00871638 0.00829191 0.00831989 0.00836052 0.0079998 
0.0154869 0.00927484 0.0103557 0.0101624 0.0113812 0.011254 0.0129765 0.00872997 0.00968026 0.019446 0.00900937 0.0375369 0.00929209 0.0132824 0.0091607 0.0149252 0.0137862 0.0188862 0.0362304 0.0364237 0.0271154 0.00388854 0.00372011 0 0.141851 0.00607409 0.00656323 0.026903 0.00802681 0.0110082 0.00898767 0.0109605 0.00842523 0.0361224 0.0123083 0.0259221 0.0283867 0.0144304 0.0148218 0.0103977 0.0103972 0.0105519 0.0108445 0.0100535 0.0115838 0.00875709 0.00844854 0.00930845 0.0102276 0.00877873 0.00936294 0.0100074 0.00825043 0.00818833 
0.0113761 0.00857973 0.0103487 0.00958674 0.0156832 0.0115125 0.00939506 0.00899298 0.0132578 0.00961535 0.00932608 0.0185304 0.00911993 0.0143004 0.0094531 0.0231321 0.0141274 0.0186309 0.0250217 0.0282372 0.0164927 0.0131868 0.00642012 0.141851 0 0.00359532 0.00368234 0.00395235 0.011028 0.0148617 0.00801505 0.00982242 0.0228337 0.0243334 0.0138084 0.0320368 0.0245331 0.0134522 0.0113477 0.00992137 0.0103113 0.010076 0.00995696 0.0139032 0.0091339 0.00835912 0.00905099 0.0109433 0.00868362 0.00830783 0.0108004 0.00909375 0.00857904 0.00969724 
0.00833374 0.0107336 0.0088176 0.0137424 0.00933202 0.00821362 0.00874906 0.00967801 0.0085825 0.00879657 0.00891688 0.00879446 0.0183126 0.00856663 0.019857 0.00938866 0.0103569 0.00952263 0.0180204 0.0290614 0.0169982 0.00734583 0.222121 0.00607409 0.00359532 0 0.00356805 0.00369521 0.0117666 0.00390147 0.00484812 0.00768745 0.00566934 0.0127694 0.0793471 0.00947469 0.0110077 0.0100019 0.00889484 0.0107427 0.0104815 0.0102595 0.0112997 0.00896758 0.00826529 0.00902096 0.00887814 0.00816875 0.00819483 0.00908516 0.00846515 0.00821834 0.00847211 0.00804065 
0.0117708 0.00862741 0.012102 0.00934023 0.0110404 0.00947593 0.0101744 0.0084724 0.00921774 0.0113801 0.00837382 0.0246766 0.00849926 0.0167057 0.00868544 0.0115538 0.0105996 0.0117594 0.0217936 0.0127813 0.0144718 0.180201 0.00644821 0.00656323 0.00368234 0.00356805 0 0.00618418 0.00373899 0.00399624 0.00372402 0.00403032 0.0043962 0.0290676 0.0114625 0.0358189 0.0206807 0.011937 0.0130614 0.00996713 0.0129147 0.0126812 0.0102493 0.00975482 0.0104084 0.0085662 0.00847583 0.00930218 0.00907054 0.00833587 0.00970794 0.00887883 0.00827512 0.0083546 
0.0105188 0.00920229 0.0132708 0.0110053 0.0168747 0.0102379 0.00954077 0.00872941 0.0119896 0.00915899 0.00906739 0.0139642 0.00963115 0.0146359 0.0104229 0.0249832 0.0127115 0.0148076 0.0157241 0.0213821 0.0210839 0.011089 0.00659151 0.026903 0.00395235 0.00369521 0.00618418 0 0.00380858 0.00361827 0.00360843 0.00365549 0.00671954 0.0288104 0.0128272 0.0567503 0.0197734 0.0141341 0.0120285 0.0122874 0.016845 0.0150922 0.0125846 0.0199648 0.00950582 0.00931875 0.00957188 0.0120328 0.00888412 0.00864645 0.0116991 0.00885911 0.00835184 0.00962482 
0.00866616 0.0131359 0.0113258 0.013284 0.0109205 0.00850939 0.00964244 0.00970146 0.00965869 0.00871732 0.00875879 0.0101669 0.0210227 0.0103467 0.0285378 0.0111506 0.0100227 0.0100233 0.0227845 0.0182905 0.0144782 0.00780455 0.0219575 0.00802681 0.011028 0.0117666 0.00373899 0.00380858 0 0.00357935 0.00356819 0.00362701 0.00366066 0.0248818 0.0700295 0.013384 0.0117035 0.0104719 0.0114181 0.0200447 0.023365 0.0210339 0.0264894 0.0100373 0.00890975 0.010933 0.0100758 0.00913472 0.00860435 0.00952336 0.00966327 0.00880337 0.00879994 0.00863337 
0.00979622 0.0112239 0.032337 0.0167435 0.0106903 0.00842949 0.00967618 0.00999262 0.00912601 0.00941918 0.00846266 0.0126255 0.0106906 0.0521442 0.0121459 0.0110324 0.00902042 0.00935068 0.0148965 0.0131358 0.0111661 0.0130113 0.007856 0.0110082 0.0148617 0.00390147 0.00399624 0.00361827 0.00357935 0 0.00357597 0.00356551 0.00356662 0.0353586 0.026876 0.0312769 0.0105617 0.00942667 0.0108234 0.0219354 0.0543613 0.0699266 0.0184748 0.0102214 0.0100601 0.0114855 0.0108035 0.00926971 0.00898469 0.00945965 0.00998401 0.00892711 0.00890254 0.00859263 
0.00874137 0.0154738 0.0135588 0.0125881 0.0098523 0.00821172 0.00907866 0.00890831 0.00896905 0.00852029 0.00864238 0.00925525 0.0222866 0.0110703 0.0161753 0.010616 0.00930851 0.00899852 0.0110955 0.0118847 0.0118481 0.00808831 0.010841 0.00898767 0.00801505 0.00484812 0.00372402 0.00360843 0.00356819 0.00357597 0 0.00354483 0.00355008 0.0170064 0.0294468 0.0183724 0.0099353 0.00937473 0.00993979 0.0169547 0.0538648 0.0322706 0.0125082 0.0106924 0.0087036 0.0108823 0.010637 0.00871237 0.00856893 0.00887295 0.0093089 0.0086499 0.00856663 0.00841743 
0.00988377 0.0093643 0.0111626 0.00984478 0.00897313 0.00851638 0.0091946 0.00907918 0.00849341 0.0101001 0.00855951 0.0122213 0.00998897 0.0122057 0.00970907 0.010451 0.00919933 0.00948112 0.0132592 0.0166298 0.0116961 0.0144306 0.0112661 0.0109605 0.00982242 0.00768745 0.00403032 0.00365549 0.00362701 0.00356551 0.00354483 0 0.00371295 0.0146209 0.0518459 0.0268188 0.0133104 0.0100437 0.0107404 0.0183196 0.0135144 0.0123921 0.0135202 0.00962699 0.00918623 0.0096589 0.00899977 0.00857325 0.00878497 0.00897849 0.00898949 0.00879598 0.00868382 0.00818943 
0.0108433 0.00925423 0.00864039 0.00844724 0.00907829 0.00917068 0.0107023 0.00825162 0.00854654 0.0102885 0.00878427 0.0143104 0.0101813 0.00867051 0.00903366 0.00951721 0.012177 0.0111665 0.0171535 0.0121123 0.0206385 0.024489 0.00877494 0.00842523 0.0228337 0.00566934 0.0043962 0.00671954 0.00366066 0.00356662 0.00355008 0.00371295 0 0.0259006 0.0234854 0.0250252 0.0307349 0.0142149 0.0159633 0.0100313 0.0100024 0.00950915 0.00890647 0.00917702 0.0115521 0.00876593 0.00827401 0.0083997 0.0103503 0.00830251 0.00906748 0.0100745 0.0081013 0.00804544 
0.00863624 0.00870716 0.00868742 0.00921909 0.0117847 0.0095554 0.00884086 0.00857011 0.0109273 0.00827266 0.00917681 0.010308 0.00936038 0.00928152 0.00932733 0.0153388 0.012069 0.0131487 0.0148603 0.0213541 0.0209129 0.0184998 0.0111486 0.0361224 0.0243334 0.0127694 0.0290676 0.0288104 0.0248818 0.0353586 0.0170064 0.0146209 0.0259006 0 0.00368961 0.0036557 0.00516694 0.0346451 0.0227214 0.0124643 0.0150571 0.0113406 0.012131 0.0200288 0.0103314 0.00900298 0.0100396 0.0131058 0.00928366 0.00877052 0.0128919 0.0100775 0.00892516 0.0114942 
0.00842943 0.00930495 0.00936046 0.0101806 0.00949719 0.00823368 0.00876518 0.00945546 0.00863297 0.00906626 0.00877312 0.00886642 0.0102214 0.00900739 0.0109184 0.00971152 0.00948625 0.00989347 0.0167119 0.0205332 0.0151043 0.0129472 0.0769286 0.0123083 0.0138084 0.0793471 0.0114625 0.0128272 0.0700295 0.026876 0.0294468 0.0518459 0.0234854 0.00368961 0 0.0036555 0.00398942 0.0255844 0.01407 0.0346453 0.0164456 0.017347 0.025595 0.0114798 0.00943181 0.0111107 0.0130353 0.00917169 0.00909626 0.014692 0.00961135 0.00920538 0.011277 0.00857179 
0.00958908 0.00880305 0.01043 0.00924611 0.00972773 0.00873193 0.00940628 0.00869861 0.00926428 0.00926323 0.00830139 0.0124473 0.00853962 0.011602 0.00861409 0.0112573 0.00973555 0.0102696 0.0144601 0.0148288 0.0141479 0.0303192 0.00971104 0.0259221 0.0320368 0.00947469 0.0358189 0.0567503 0.013384 0.0312769 0.0183724 0.0268188 0.0250252 0.0036557 0.0036555 0 0.00515332 0.0206738 0.0196021 0.013393 0.0253884 0.0237947 0.0154442 0.0154877 0.0139941 0.00986538 0.00921866 0.0106552 0.0108772 0.00889948 0.0120986 0.0113563 0.00845838 0.00975199 
0.0112828 0.00833056 0.00837998 0.00851674 0.0102679 0.0136874 0.00947813 0.00838532 0.00937808 0.0116724 0.00925347 0.0154116 0.00868089 0.00922238 0.00854585 0.0119825 0.0181246 0.0269463 0.0187644 0.0198165 0.0461258 0.0245062 0.0102869 0.0283867 0.0245331 0.0110077 0.0206807 0.0197734 0.0117035 0.0105617 0.0099353 0.0133104 0.0307349 0.00516694 0.00398942 0.00515332 0 0.514611 0.0163761 0.0120385 0.0107222 0.0106618 0.0147159 0.0189933 0.0150795 0.00912751 0.00919973 0.0142339 0.012169 0.00942862 0.0135849 0.012411 0.00859929 0.0105184 
0.0100714 0.00849194 0.00826538 0.00856707 0.0103008 0.0130568 0.00938016 0.00833431 0.00940742 0.00960446 0.0093412 0.0106778 0.0088232 0.00843728 0.00846116 0.0104521 0.0161074 0.0168863 0.0137011 0.0167686 0.0377966 0.0140709 0.00961837 0.0144304 0.0134522 0.0100019 0.011937 0.0141341 0.0104719 0.00942667 0.00937473 0.0100437 0.0142149 0.0346451 0.0255844 0.0206738 0.514611 0 0.0533164 0.0168035 0.0154888 0.0142483 0.022247 0.0559744 0.015925 0.0108397 0.0105526 0.0186325 0.0166114 0.0131321 0.0171714 0.0186373 0.0103368 0.0134545 
0.00933638 0.00820726 0.00839137 0.00850958 0.0097125 0.00925699 0.00873363 0.00819043 0.00897893 0.00867595 0.00833969 0.0103797 0.00823694 0.0085978 0.0085636 0.0103441 0.0102656 0.0102856 0.0109041 0.0109929 0.0118226 0.0123908 0.00875158 0.0148218 0.0113477 0.00889484 0.0130614 0.0120285 0.0114181 0.0108234 0.00993979 0.0107404 0.0159633 0.0227214 0.01407 0.0196021 0.0163761 0.0533164 0 0.00482245 0.00360855 0.00361905 0.00372339 0.00418703 0.0474562 0.0130882 0.0143984 0.0305174 0.0200722 0.0112864 0.0260359 0.0195667 0.0108852 0.0213718 
0.0082806 0.0084334 0.00869934 0.0085635 0.00880009 0.00814308 0.00811194 0.00841539 0.00852691 0.00835378 0.00809535 0.00860854 0.00855553 0.00878514 0.00880492 0.00882141 0.00842391 0.0082971 0.00942528 0.010083 0.00924421 0.00958163 0.00981943 0.0103977 0.00992137 0.0107427 0.00996713 0.0122874 0.0200447 0.0219354 0.0169547 0.0183196 0.0100313 0.0124643 0.0346453 0.013393 0.0120385 0.0168035 0.00482245 0 0.00359005 0.0035864 0.00359195 0.00359933 0.0163028 0.0319185 0.0235592 0.0147792 0.0129283 0.029816 0.0124159 0.0145428 0.0280545 0.0108333 
0.00839792 0.00881659 0.00933546 0.00896734 0.00864903 0.00793564 0.00853822 0.00850983 0.00817348 0.00832289 0.00808711 0.00875299 0.00898077 0.00982518 0.00905682 0.00845991 0.00802957 0.00816282 0.0101241 0.0092698 0.00905147 0.00960093 0.0102803 0.0103972 0.0103113 0.0104815 0.0129147 0.016845 0.023365 0.0543613 0.0538648 0.0135144 0.0100024 0.0150571 0.0164456 0.0253884 0.0107222 0.0154888 0.00360855 0.00359005 0 0.00358508 0.00355924 0.00357001 0.0239633 0.0292032 0.0302121 0.0120066 0.0141299 0.0129789 0.0132296 0.0150083 0.0113788 0.00978152 
0.00838518 0.00885739 0.00939095 0.0088714 0.00866044 0.00795662 0.00843832 0.0085793 0.008294 0.00834194 0.00812874 0.00845938 0.00868976 0.00956198 0.00895506 0.00849897 0.00807043 0.00811163 0.00891867 0.00943137 0.00882801 0.00927338 0.0100755 0.0105519 0.010076 0.0102595 0.0126812 0.0150922 0.0210339 0.0699266 0.0322706 0.0123921 0.00950915 0.0113406 0.017347 0.0237947 0.0106618 0.0142483 0.00361905 0.0035864 0.00358508 0 0.00354391 0.0035554 0.0153621 0.0404277 0.0232312 0.0154399 0.0131051 0.0128075 0.0142063 0.0131658 0.010379 0.0101272 
0.00847431 0.00855736 0.00881318 0.00854314 0.0084288 0.00803633 0.00835153 0.00829909 0.00816976 0.00839019 0.00819005 0.0087144 0.0084241 0.00883324 0.00841378 0.00827972 0.00819045 0.00815814 0.00927488 0.00958198 0.00904692 0.00955578 0.00940045 0.0108445 0.00995696 0.0112997 0.0102493 0.0125846 0.0264894 0.0184748 0.0125082 0.0135202 0.00890647 0.012131 0.025595 0.0154442 0.0147159 0.022247 0.00372339 0.00359195 0.00355924 0.00354391 0 0.0035706 0.0149298 0.0185688 0.0473386 0.013921 0.0122052 0.0303951 0.0182018 0.0138017 0.0227852 0.00928034 
0.00883079 0.0084102 0.00839404 0.00821109 0.00839357 0.00846539 0.00886752 0.00812563 0.00819098 0.00878803 0.00846831 0.0094189 0.0083993 0.00828977 0.00825411 0.00847966 0.00922668 0.00893142 0.00988562 0.0097116 0.0124934 0.0112003 0.00889161 0.0100535 0.0139032 0.00896758 0.00975482 0.0199648 0.0100373 0.0102214 0.0106924 0.00962699 0.00917702 0.0200288 0.0114798 0.0154877 0.0189933 0.0559744 0.00418703 0.00359933 0.00357001 0.0035554 0.0035706 0 0.0167215 0.0118743 0.00995811 0.0224668 0.019777 0.0119314 0.0335782 0.0250571 0.0105991 0.0107309 
0.00855867 0.00800486 0.00820065 0.00819801 0.00872584 0.00893657 0.00819601 0.00796014 0.00843769 0.00813523 0.00822969 0.00916095 0.00800125 0.00814156 0.00810919 0.00886187 0.0093864 0.00926258 0.00880906 0.0101925 0.00979405 0.0096525 0.00820476 0.0115838 0.0091339 0.00826529 0.0104084 0.00950582 0.00890975 0.0100601 0.0087036 0.00918623 0.0115521 0.0103314 0.00943181 0.0139941 0.0150795 0.015925 0.0474562 0.0163028 0.0239633 0.0153621 0.0149298 0.0167215 0 0.00362829 0.00378741 0.00419861 0.00734631 0.00883282 0.0985451 0.0132831 0.00981047 0.0236209 
0.00816402 0.00830531 0.00842785 0.00840969 0.00840086 0.00813695 0.00803617 0.00815879 0.00821959 0.00803181 0.0080055 0.00807178 0.00833349 0.00835115 0.00835502 0.00839057 0.00818709 0.00806969 0.00834871 0.00841759 0.00840908 0.00835029 0.00890786 0.00875709 0.00835912 0.00902096 0.0085662 0.00931875 0.010933 0.0114855 0.0108823 0.0096589 0.00876593 0.00900298 0.0111107 0.00986538 0.00912751 0.0108397 0.0130882 0.0319185 0.0292032 0.0404277 0.0185688 0.0118743 0.00362829 0 0.00368597 0.00358959 0.00708114 0.035745 0.0617778 0.0108514 0.017707 0.0104533 
0.00838746 0.00849086 0.00858198 0.00829438 0.00814531 0.00796779 0.0081904 0.00812366 0.00802977 0.00799421 0.00801339 0.00816379 0.00836542 0.00842548 0.00828867 0.00809693 0.00808052 0.00795402 0.00841155 0.00836426 0.00840912 0.00882972 0.00875122 0.00844854 0.00905099 0.00887814 0.00847583 0.00957188 0.0100758 0.0108035 0.010637 0.00899977 0.00827401 0.0100396 0.0130353 0.00921866 0.00919973 0.0105526 0.0143984 0.0235592 0.0302121 0.0232312 0.0473386 0.00995811 0.00378741 0.00368597 0 0.00362905 0.0181512 0.0878186 0.0129034 0.0116046 0.0139315 0.00771664 
0.0091677 0.00821015 0.00831274 0.00808019 0.00838588 0.00893287 0.00841339 0.00800971 0.00804333 0.00864395 0.00798887 0.00899365 0.00818479 0.00823326 0.0080505 0.00830817 0.00881858 0.00847238 0.00907026 0.00883738 0.0100385 0.0107882 0.00813899 0.00930845 0.0109433 0.00816875 0.00930218 0.0120328 0.00913472 0.00926971 0.00871237 0.00857325 0.0083997 0.0131058 0.00917169 0.0106552 0.0142339 0.0186325 0.0305174 0.0147792 0.0120066 0.0154399 0.013921 0.0224668 0.00419861 0.00358959 0.00362905 0 0.0903395 0.00924373 0.0126962 0.0219514 0.00812933 0.0102402 
0.00850573 0.00801333 0.00820291 0.00823314 0.00877019 0.00882073 0.00828565 0.0079663 0.00841368 0.00808422 0.00824193 0.0087 0.00798562 0.00813869 0.00809783 0.00902815 0.00911586 0.00881917 0.00855397 0.0093425 0.00967653 0.00874667 0.00816848 0.0102276 0.00868362 0.00819483 0.00907054 0.00888412 0.00860435 0.00898469 0.00856893 0.00878497 0.0103503 0.00928366 0.00909626 0.0108772 0.012169 0.0166114 0.0200722 0.0129283 0.0141299 0.0131051 0.0122052 0.019777 0.00734631 0.00708114 0.0181512 0.0903395 0 0.00367592 0.00364628 0.00484221 0.00541191 0.0872955 
0.00831274 0.00831092 0.00840318 0.00828121 0.00822611 0.00806863 0.00800688 0.00813677 0.00811558 0.00799817 0.00800583 0.00810505 0.00812362 0.00828211 0.00819392 0.00813442 0.00820071 0.00796198 0.0084005 0.008887 0.00845415 0.00822957 0.00871638 0.00877873 0.00830783 0.00908516 0.00833587 0.00864645 0.00952336 0.00945965 0.00887295 0.00897849 0.00830251 0.00877052 0.014692 0.00889948 0.00942862 0.0131321 0.0112864 0.029816 0.0129789 0.0128075 0.0303951 0.0119314 0.00883282 0.035745 0.0878186 0.00924373 0.00367592 0 0.00385501 0.00447119 0.0872361 0.00801473 
0.00877254 0.00834306 0.00848746 0.00816296 0.00846941 0.00859756 0.00838376 0.00808335 0.00830211 0.00824002 0.00801522 0.00863853 0.00816766 0.00832861 0.00821934 0.00846547 0.00868325 0.00853519 0.00900218 0.00909474 0.0104655 0.00950418 0.00829191 0.00936294 0.0108004 0.00846515 0.00970794 0.0116991 0.00966327 0.00998401 0.0093089 0.00898949 0.00906748 0.0128919 0.00961135 0.0120986 0.0135849 0.0171714 0.0260359 0.0124159 0.0132296 0.0142063 0.0182018 0.0335782 0.0985451 0.0617778 0.0129034 0.0126962 0.00364628 0.00385501 0 0.0360198 0.00520229 0.00532076 
0.0086296 0.00811199 0.00826844 0.00825104 0.00901197 0.00901188 0.00824857 0.00801215 0.00861862 0.00804924 0.00814622 0.00864745 0.00810378 0.00818546 0.00815818 0.00919611 0.00948309 0.00892767 0.00853065 0.00950438 0.00998444 0.0086468 0.00831989 0.0100074 0.00909375 0.00821834 0.00887883 0.00885911 0.00880337 0.00892711 0.0086499 0.00879598 0.0100745 0.0100775 0.00920538 0.0113563 0.012411 0.0186373 0.0195667 0.0145428 0.0150083 0.0131658 0.0138017 0.0250571 0.0132831 0.0108514 0.0116046 0.0219514 0.00484221 0.00447119 0.0360198 0 0.00362967 0.00436504 
0.00855433 0.00836035 0.00833464 0.00820121 0.00817663 0.00813057 0.00811003 0.00803002 0.00806826 0.00804319 0.0080395 0.00834344 0.00828814 0.00826982 0.00819958 0.00809051 0.00829157 0.00796922 0.00834694 0.00849561 0.00845488 0.00850989 0.00836052 0.00825043 0.00857904 0.00847211 0.00827512 0.00835184 0.00879994 0.00890254 0.00856663 0.00868382 0.0081013 0.00892516 0.011277 0.00845838 0.00859929 0.0103368 0.0108852 0.0280545 0.0113788 0.010379 0.0227852 0.0105991 0.00981047 0.017707 0.0139315 0.00812933 0.00541191 0.0872361 0.00520229 0.00362967 0 0.0036804 
0.00923551 0.00829412 0.00811823 0.00811163 0.00809069 0.00859458 0.00867353 0.0080356 0.00794709 0.00833057 0.00800139 0.00885865 0.00835747 0.00808103 0.00795514 0.00806662 0.00887278 0.00841844 0.00867485 0.00833414 0.0096086 0.00991188 0.0079998 0.00818833 0.00969724 0.00804065 0.0083546 0.00962482 0.00863337 0.00859263 0.00841743 0.00818943 0.00804544 0.0114942 0.00857179 0.00975199 0.0105184 0.0134545 0.0213718 0.0108333 0.00978152 0.0101272 0.00928034 0.0107309 0.0236209 0.0104533 0.00771664 0.0102402 0.0872955 0.00801473 0.00532076 0.00436504 0.0036804 0 
