1LPLA
SDKLNEEAAKNIMVGNRCEVTVGAQMARRGEVAYVGATKFKEGVWVGVKYDEPVGKNDGSVAGVRYFDCDPKYGGFVRPVDVKVGDFPELSIDEI
CCHHHHHHHHCCCCCCEEEECCCCCCCEEEEEEEEECCCCCCCCEEEEEECCCCCCECCEECCEECCCCCCCCEEEECHHHEEECCCCCCCCCCC
0 0 0 0 0 0 0 0 0 0 0 0 0 0 0 0 0 0 0 0 0 0 0 0 0 0 0 0 0 0 0 0 0 0 0 0 0 0 0 0 0 0 0 0 0 0 0 0 0 0 0 0 0 0 0 0 0 0 0 0 0 0 0 0 0 0 0 0 0 0 0 0 0 0 0 0 0 0 0 0 0 0 0 0 0 0 0 0 0 0 0 0 0 0 0 
0 0 0 0 0 0 0 0 0 0 0 0 0 0 0 0 0 0 0 0 0 0 0 0 0 0 0 0 0 0 0 0 0 0 0 0 0 0 0 0 0 0 0 0 0 0 0 0 0 0 0 0 0 0 0 0 0 0 0 0 0 0 0 0 0 0 0 0 0 0 0 0 0 0 0 0 0 0 0 0 0 0 0 0 0 0 0 0 0 0 0 0 0 0 0 
0 0.00404012 0.00386959 0.00440716 0.0104538 0.00895522 0.00877143 0.816032 0.012996 0.0119274 0.00929061 0.00956248 0.0201747 0.0197385 0.00911015 0.0113336 0.00865116 0.0130606 0.01175 0.0111836 0.0110181 0.0095257 0.00948364 0.0099473 0.0105189 0.00859761 0.0088994 0.0130379 0.00959337 0.00922173 0.0103588 
0.00404012 0 0.00362591 0.00372452 0.00631847 0.00982442 0.911051 0.00793554 0.0161923 0.00867133 0.0099665 0.0146407 0.0108937 0.00958869 0.0468405 0.00951504 0.0321258 0.00909595 0.0141624 0.0105362 0.00955008 0.00948328 0.0100312 0.00914887 0.0116959 0.0136301 0.0116597 0.0119417 0.0185331 0.00859304 0.0122305 
0.00386959 0.00362591 0 0.00355618 0.0101311 0.890707 0.00766642 0.0189946 0.00694769 0.0100239 0.014024 0.014691 0.00853688 0.0199127 0.0134561 0.0335591 0.00961983 0.0460216 0.00886612 0.00927819 0.0117703 0.0091748 0.0100689 0.0107507 0.0107849 0.0319956 0.0221487 0.0100528 0.010109 0.0355703 0.00837709 
0.00440716 0.00372452 0.00355618 0 0.910324 0.00758683 0.0118855 0.00611116 0.0098619 0.00928336 0.00977338 0.00817765 0.0196226 0.0163589 0.0142768 0.00971648 0.0178047 0.00900593 0.0248744 0.0155822 0.0140237 0.0104697 0.0157315 0.00894259 0.0302054 0.0108277 0.01068 0.016936 0.0960274 0.00848577 0.0119949 
0.0104538 0.00631847 0.0101311 0.910324 0 0.00362218 0.00361461 0.0035579 0.00359004 0.00364418 0.00373299 0.00418143 0.00615171 0.0103582 0.00864313 0.00865372 0.00875689 0.00902522 0.048945 0.0128694 0.0104503 0.0106178 0.00915112 0.0112284 0.01118 0.00933623 0.00958445 0.0213485 0.0113302 0.0089841 0.0138822 
0.00895522 0.00982442 0.890707 0.00758683 0.00362218 0 0.00352263 0.00356992 0.00360506 0.00358797 0.00371324 0.0038489 0.00381366 0.00825981 0.00952712 0.0106329 0.00843191 0.0155732 0.0134883 0.00936428 0.00964569 0.00848497 0.00919905 0.00889839 0.01002 0.0138525 0.0134766 0.00999226 0.00978032 0.0112332 0.00875648 
0.00877143 0.911051 0.00766642 0.0118855 0.00361461 0.00352263 0 0.00355924 0.0036021 0.00357775 0.00373157 0.00363884 0.00393722 0.00767225 0.0144708 0.00854487 0.0231529 0.00969188 0.564861 0.00982282 0.00839955 0.00892715 0.0087715 0.00855086 0.0111668 0.0146266 0.0110634 0.0107501 0.0157508 0.00848037 0.00956718 
0.816032 0.00793554 0.0189946 0.00611116 0.0035579 0.00356992 0.00355924 0 0.00354289 0.00359117 0.00380944 0.00365151 0.00364743 0.00958469 0.00800438 0.0185013 0.00900824 0.716585 0.0385949 0.008045 0.00938638 0.00837931 0.00851985 0.0090407 0.00927146 0.0169469 0.0153084 0.0105727 0.00896828 0.0108807 0.00858311 
0.012996 0.0161923 0.00694769 0.0098619 0.00359004 0.00360506 0.0036021 0.00354289 0 0.00362445 0.00357612 0.00357022 0.00361532 0.00749215 0.0117061 0.0100214 0.650225 0.0597835 0.0105313 0.00831109 0.00841448 0.00860179 0.00875811 0.00848632 0.0101822 0.0123157 0.0109043 0.0105924 0.0161538 0.00858389 0.00947585 
0.0119274 0.00867133 0.0100239 0.00928336 0.00364418 0.00358797 0.00357775 0.00359117 0.00362445 0 0.00357071 0.00359575 0.00359688 0.0106898 0.0145468 0.157591 0.117748 0.0114204 0.00853914 0.00817888 0.00862238 0.00865276 0.00863502 0.0088795 0.00985951 0.0142004 0.0123718 0.0102493 0.0115442 0.00931745 0.00884203 
0.00929061 0.0099665 0.014024 0.00977338 0.00373299 0.00371324 0.00373157 0.00380944 0.00357612 0.00357071 0 0.00361928 0.00357352 0.0173552 0.0561794 0.572066 0.0157514 0.0119405 0.0087912 0.00782611 0.0085272 0.0084254 0.00851246 0.00883512 0.00984338 0.013237 0.0157424 0.0108137 0.0113939 0.00899956 0.00888354 
0.00956248 0.0146407 0.014691 0.00817765 0.00418143 0.0038489 0.00363884 0.00365151 0.00357022 0.00359575 0.00361928 0 0.0054068 0.035515 0.495168 0.00941898 0.00804848 0.00947416 0.00709456 0.00808203 0.00957884 0.00885102 0.0094653 0.00965903 0.00990746 0.0154333 0.0161223 0.0100185 0.0101256 0.0129388 0.0084118 
0.0201747 0.0108937 0.00853688 0.0196226 0.00615171 0.00381366 0.00393722 0.00364743 0.00361532 0.00359688 0.00357352 0.0054068 0 0.540088 0.00777832 0.00707907 0.00741821 0.00749636 0.0137845 0.0110434 0.0127558 0.0102247 0.0116986 0.00918305 0.0158648 0.00983969 0.0100672 0.0144299 0.0395934 0.00867946 0.0113471 
0.0197385 0.00958869 0.0199127 0.0163589 0.0103582 0.00825981 0.00767225 0.00958469 0.00749215 0.0106898 0.0173552 0.035515 0.540088 0 0.00360087 0.00358685 0.00357572 0.00392229 0.00481498 0.00903065 0.00869922 0.0123123 0.0101377 0.0159123 0.0170205 0.012228 0.0124964 0.0291341 0.0107797 0.0108591 0.0155477 
0.00911015 0.0468405 0.0134561 0.0142768 0.00864313 0.00952712 0.0144708 0.00800438 0.0117061 0.0145468 0.0561794 0.495168 0.00777832 0.00360087 0 0.00358107 0.00357 0.00400864 0.00368701 0.00596441 0.00768391 0.0101613 0.00866594 0.0094006 0.0133863 0.0324708 0.0217133 0.0158599 0.0144381 0.0108007 0.0120285 
0.0113336 0.00951504 0.0335591 0.00971648 0.00865372 0.0106329 0.00854487 0.0185013 0.0100214 0.157591 0.572066 0.00941898 0.00707907 0.00358685 0.00358107 0 0.00358275 0.00360904 0.00360629 0.00537006 0.00667792 0.00780397 0.00736722 0.0089904 0.0115475 0.0290872 0.0250104 0.0110863 0.00956405 0.0114378 0.00868776 
0.00865116 0.0321258 0.00961983 0.0178047 0.00875689 0.00843191 0.0231529 0.00900824 0.650225 0.117748 0.0157514 0.00804848 0.00741821 0.00357572 0.00357 0.00358275 0 0.00357223 0.0035605 0.00612266 0.0067479 0.00920939 0.00792541 0.00796334 0.0117858 0.0304202 0.0166993 0.0133488 0.0195128 0.00862898 0.0112602 
0.0130606 0.00909595 0.0460216 0.00900593 0.00902522 0.0155732 0.00969188 0.716585 0.0597835 0.0114204 0.0119405 0.00947416 0.00749636 0.00392229 0.00400864 0.00360904 0.00357223 0 0.00360252 0.0064426 0.0138776 0.00923442 0.00812265 0.0121369 0.0102975 0.0241459 0.0404803 0.0129928 0.00869143 0.0207575 0.00867391 
0.01175 0.0141624 0.00886612 0.0248744 0.048945 0.0134883 0.564861 0.0385949 0.0105313 0.00853914 0.0087912 0.00709456 0.0137845 0.00481498 0.00368701 0.00360629 0.0035605 0.00360252 0 0.0960985 0.0116171 0.0156781 0.0120563 0.00947088 0.020268 0.011966 0.0140481 0.0222199 0.0502241 0.00892249 0.0126891 
0.0111836 0.0105362 0.00927819 0.0155822 0.0128694 0.00936428 0.00982282 0.008045 0.00831109 0.00817888 0.00782611 0.00808203 0.0110434 0.00903065 0.00596441 0.00537006 0.00612266 0.0064426 0.0960985 0 0.170048 0.0183706 0.0137062 0.0147036 0.0316262 0.00741901 0.00830073 0.0188548 0.0177549 0.0086783 0.0137339 
0.0110181 0.00955008 0.0117703 0.0140237 0.0104503 0.00964569 0.00839955 0.00938638 0.00841448 0.00862238 0.0085272 0.00957884 0.0127558 0.00869922 0.00768391 0.00667792 0.0067479 0.0138776 0.0116171 0.170048 0 0.0047669 0.00592856 0.967705 0.00816947 0.0126168 0.0111287 0.0276091 0.0099368 0.0111129 0.0153012 
0.0095257 0.00948328 0.0091748 0.0104697 0.0106178 0.00848497 0.00892715 0.00837931 0.00860179 0.00865276 0.0084254 0.00885102 0.0102247 0.0123123 0.0101613 0.00780397 0.00920939 0.00923442 0.0156781 0.0183706 0.0047669 0 0.989175 0.00520455 0.0111459 0.0103519 0.0176816 0.0128025 0.0177927 0.00957718 0.0110512 
0.00948364 0.0100312 0.0100689 0.0157315 0.00915112 0.00919905 0.0087715 0.00851985 0.00875811 0.00863502 0.00851246 0.0094653 0.0116986 0.0101377 0.00866594 0.00736722 0.00792541 0.00812265 0.0120563 0.0137062 0.00592856 0.989175 0 0.00995204 0.00994334 0.0158959 0.0302532 0.0173589 0.0107413 0.00941236 0.0175137 
0.0099473 0.00914887 0.0107507 0.00894259 0.0112284 0.00889839 0.00855086 0.0090407 0.00848632 0.0088795 0.00883512 0.00965903 0.00918305 0.0159123 0.0094006 0.0089904 0.00796334 0.0121369 0.00947088 0.0147036 0.967705 0.00520455 0.00995204 0 0.0248459 0.0112101 0.0204378 0.0140785 0.0110021 0.0110462 0.00993557 
0.0105189 0.0116959 0.0107849 0.0302054 0.01118 0.01002 0.0111668 0.00927146 0.0101822 0.00985951 0.00984338 0.00990746 0.0158648 0.0170205 0.0133863 0.0115475 0.0117858 0.0102975 0.020268 0.0316262 0.00816947 0.0111459 0.00994334 0.0248459 0 0.00366504 0.00371046 0.00424188 0.00419875 0.00550853 0.0257078 
0.00859761 0.0136301 0.0319956 0.0108277 0.00933623 0.0138525 0.0146266 0.0169469 0.0123157 0.0142004 0.013237 0.0154333 0.00983969 0.012228 0.0324708 0.0290872 0.0304202 0.0241459 0.011966 0.00741901 0.0126168 0.0103519 0.0158959 0.0112101 0.00366504 0 0.00365838 0.00359925 0.00372581 0.00926197 0.0117293 
0.0088994 0.0116597 0.0221487 0.01068 0.00958445 0.0134766 0.0110634 0.0153084 0.0109043 0.0123718 0.0157424 0.0161223 0.0100672 0.0124964 0.0217133 0.0250104 0.0166993 0.0404803 0.0140481 0.00830073 0.0111287 0.0176816 0.0302532 0.0204378 0.00371046 0.00365838 0 0.00356575 0.00392452 0.00733589 0.00726454 
0.0130379 0.0119417 0.0100528 0.016936 0.0213485 0.00999226 0.0107501 0.0105727 0.0105924 0.0102493 0.0108137 0.0100185 0.0144299 0.0291341 0.0158599 0.0110863 0.0133488 0.0129928 0.0222199 0.0188548 0.0276091 0.0128025 0.0173589 0.0140785 0.00424188 0.00359925 0.00356575 0 0.00940189 0.00394377 0.00703736 
0.00959337 0.0185331 0.010109 0.0960274 0.0113302 0.00978032 0.0157508 0.00896828 0.0161538 0.0115442 0.0113939 0.0101256 0.0395934 0.0107797 0.0144381 0.00956405 0.0195128 0.00869143 0.0502241 0.0177549 0.0099368 0.0177927 0.0107413 0.0110021 0.00419875 0.00372581 0.00392452 0.00940189 0 0.00357089 0.00416018 
0.00922173 0.00859304 0.0355703 0.00848577 0.0089841 0.0112332 0.00848037 0.0108807 0.00858389 0.00931745 0.00899956 0.0129388 0.00867946 0.0108591 0.0108007 0.0114378 0.00862898 0.0207575 0.00892249 0.0086783 0.0111129 0.00957718 0.00941236 0.0110462 0.00550853 0.00926197 0.00733589 0.00394377 0.00357089 0 0.00363103 
0.0103588 0.0122305 0.00837709 0.0119949 0.0138822 0.00875648 0.00956718 0.00858311 0.00947585 0.00884203 0.00888354 0.0084118 0.0113471 0.0155477 0.0120285 0.00868776 0.0112602 0.00867391 0.0126891 0.0137339 0.0153012 0.0110512 0.0175137 0.00993557 0.0257078 0.0117293 0.00726454 0.00703736 0.00416018 0.00363103 0 
