1LXDA
GDCCIIRVSLDVDNGNMYKSILVTSQDKAPTVIRKAMDKHNLDEDEPEDYELLQIISEDHKLKIPENANVFYAMNSAANYDFILKKR
CEEEEEEEEECCCCCCCCEEEEEECCCEHHHHHHHHHHCCCCCCCCHHHEEEEEEEECCEEEECCCCCEHHHHCCCCCCCEEEEEEC
0 0 0 0 0 0 0 0 0 0 0 0 0 0 0 0 0 0 0 0 0 0 0 0 0 0 0 0 0 0 0 0 0 0 0 0 0 0 0 0 0 0 0 0 0 0 0 0 0 0 0 0 0 0 0 0 0 0 0 0 0 0 0 0 0 0 0 0 0 0 0 0 0 0 0 0 0 0 0 0 0 0 0 0 0 0 0 
0 0 0 0 0 0 0 0 0 0 0 0 0 0 0 0 0 0 0 0 0 0 0 0 0 0 0 0 0 0 0 0 0 0 0 0 0 0 0 0 0 0 0 0 0 0 0 0 0 0 0 0 0 0 0 0 0 0 0 0 0 0 0 0 0 0 0 0 0 0 0 0 0 0 0 0 0 0 0 0 0 0 0 0 0 0 0 
0 0.00369942 0.00364581 0.00365037 0.00366326 0.00403727 0.00390916 0.00509382 0.00677823 0.0209243 0.016464 0.0104025 0.0233376 0.0109035 0.0666363 0.0238382 0.00957808 0.0170365 0.0123969 0.014221 0.0196328 0.013015 0.0118226 0.0161869 0.00959031 0.00902891 0.00840036 0.0177275 0.0126283 0.0107681 0.010394 0.0152071 0.00934662 0.00966072 0.0184921 
0.00369942 0 0.00364209 0.0035558 0.00356806 0.00358203 0.00457091 0.00413838 0.00425434 0.00813328 0.0124179 0.0189548 0.00963551 0.0342803 0.131037 0.00970268 0.0135774 0.0126776 0.0261837 0.0229203 0.022878 0.025297 0.0215768 0.00999304 0.009344 0.009299 0.0181677 0.00952557 0.00893177 0.00994367 0.0320673 0.0134999 0.0129642 0.0109701 0.0116384 
0.00364581 0.00364209 0 0.00354593 0.00357316 0.00360678 0.00363767 0.00366502 0.00388484 0.00825108 0.0105421 0.0245067 0.0274249 0.220157 0.0321742 0.00875811 0.0103553 0.0209853 0.0464232 0.0447826 0.070896 0.0559356 0.0146591 0.0095876 0.00885333 0.016075 0.0100457 0.00994133 0.00899549 0.0118416 0.0288338 0.044152 0.0234514 0.0114964 0.0131141 
0.00365037 0.0035558 0.00354593 0 0.00354586 0.00359169 0.00359771 0.00366894 0.00366233 0.00734298 0.0153375 0.0145233 0.344852 0.0234453 0.031428 0.0081933 0.0105807 0.0211974 0.0404744 0.0583481 0.078176 0.0509249 0.0166612 0.00978262 0.00958503 0.0118524 0.010265 0.0106635 0.00915784 0.0114914 0.0239965 0.0683027 0.0319164 0.0136816 0.0125353 
0.00366326 0.00356806 0.00357316 0.00354586 0 0.00355824 0.00368017 0.00363617 0.00370364 0.00789707 0.011885 0.460454 0.0110129 0.0576556 0.0119517 0.00729439 0.0171733 0.0108061 0.0608561 0.0717221 0.0322475 0.0531492 0.0151678 0.00904262 0.00933876 0.00903625 0.0165998 0.00868759 0.00851815 0.00959898 0.0592419 0.0286308 0.0368262 0.00925218 0.0124837 
0.00403727 0.00358203 0.00360678 0.00359169 0.00355824 0 0.00356754 0.0036455 0.00357482 0.0215739 0.362921 0.0120083 0.118178 0.0172129 0.0225149 0.00958708 0.00941115 0.0335809 0.0260637 0.0316087 0.093561 0.0237956 0.0129706 0.009552 0.00937079 0.0127465 0.00902176 0.0161862 0.0104292 0.0139935 0.0172611 0.0655719 0.0104984 0.0134406 0.00907253 
0.00390916 0.00457091 0.00363767 0.00359771 0.00368017 0.00356754 0 0.00357988 0.0036162 0.247663 0.00962848 0.140604 0.0102052 0.0337306 0.00953619 0.00649788 0.0257813 0.0100431 0.0504975 0.0410573 0.015915 0.0348619 0.0116475 0.00866028 0.0095975 0.008939 0.0173058 0.00871467 0.00846625 0.00925726 0.0367572 0.012915 0.0315071 0.00855145 0.0130039 
0.00509382 0.00413838 0.00366502 0.00366894 0.00363617 0.0036455 0.00357988 0 0.00946818 0.0140953 0.104321 0.00891598 0.0282273 0.0132717 0.01174 0.00850841 0.0101032 0.0286722 0.0113719 0.0113225 0.021662 0.0116424 0.0103067 0.00945875 0.00933711 0.0124224 0.00892951 0.012508 0.00959701 0.0109735 0.0111088 0.018121 0.00874379 0.0114464 0.00842238 
0.00677823 0.00425434 0.00388484 0.00366233 0.00370364 0.00357482 0.0036162 0.00946818 0 0.088186 0.00864821 0.0166011 0.00848856 0.0152349 0.0100421 0.0071156 0.0413964 0.0097221 0.0102992 0.0103217 0.0102812 0.00975716 0.00946189 0.0101631 0.0131873 0.00864424 0.0101194 0.0100717 0.0108756 0.0122388 0.0101763 0.00918882 0.00908342 0.00836894 0.00950702 
0.0209243 0.00813328 0.00825108 0.00734298 0.00789707 0.0215739 0.247663 0.0140953 0.088186 0 0.00398335 0.00367712 0.00361997 0.00371377 0.00510363 0.00889166 0.0121059 0.0097045 0.00947428 0.00944509 0.0121749 0.0108101 0.00974723 0.0145972 0.00952581 0.00874946 0.00943997 0.0185325 0.0204492 0.00870119 0.0096288 0.00887573 0.00869065 0.00913941 0.0297162 
0.016464 0.0124179 0.0105421 0.0153375 0.011885 0.362921 0.00962848 0.104321 0.00864821 0.00398335 0 0.00354822 0.00362685 0.00366063 0.00374447 0.0049203 0.011361 0.0244148 0.0107934 0.0139747 0.0231131 0.0116426 0.0107753 0.00924369 0.00942754 0.0105378 0.00951076 0.011391 0.0108431 0.0100212 0.0119073 0.0180555 0.00900329 0.0154459 0.00896613 
0.0104025 0.0189548 0.0245067 0.0145233 0.460454 0.0120083 0.140604 0.00891598 0.0166011 0.00367712 0.00354822 0 0.0035627 0.00363088 0.00359978 0.00364261 0.0303412 0.0102611 0.0355753 0.025281 0.0172378 0.0265083 0.0120989 0.00906173 0.00988799 0.00994326 0.0172393 0.00942542 0.00857219 0.00992948 0.0354409 0.0128549 0.0591489 0.00895473 0.0112754 
0.0233376 0.00963551 0.0274249 0.344852 0.0110129 0.118178 0.0102052 0.0282273 0.00848856 0.00361997 0.00362685 0.0035627 0 0.00355463 0.00361232 0.00402138 0.00927323 0.044882 0.0152183 0.0206934 0.0575525 0.0216486 0.0101188 0.0101484 0.00961597 0.0141203 0.00969413 0.0177538 0.0107527 0.0114785 0.012519 0.0708863 0.0103511 0.0134659 0.00968624 
0.0109035 0.0342803 0.220157 0.0234453 0.0576556 0.0172129 0.0337306 0.0132717 0.0152349 0.00371377 0.00366063 0.00363088 0.00355463 0 0.00355796 0.00365735 0.0317825 0.0102728 0.0356517 0.0222962 0.0212657 0.0220497 0.0210062 0.0102248 0.00922221 0.00943488 0.0271094 0.00991597 0.00904453 0.0093095 0.0369633 0.0136501 0.0211979 0.00994845 0.0113438 
0.0666363 0.131037 0.0321742 0.031428 0.0119517 0.0225149 0.00953619 0.01174 0.0100421 0.00510363 0.00374447 0.00359978 0.00361232 0.00355796 0 0.0290982 0.0146534 0.0236217 0.00983278 0.0138716 0.0165778 0.0127786 0.0104855 0.0143028 0.0160607 0.0105437 0.00899461 0.02708 0.0188356 0.0242849 0.00952063 0.0113772 0.00868378 0.0104398 0.00926138 
0.0238382 0.00970268 0.00875811 0.0081933 0.00729439 0.00958708 0.00649788 0.00850841 0.0071156 0.00889166 0.0049203 0.00364261 0.00402138 0.00365735 0.0290982 0 0.0128931 0.0101173 0.0077259 0.0085737 0.00976745 0.0100888 0.00945983 0.0131613 0.0179062 0.0104374 0.00900448 0.0223964 0.261148 0.019767 0.0101572 0.00934569 0.00835973 0.00956423 0.0115149 
0.00957808 0.0135774 0.0103553 0.0105807 0.0171733 0.00941115 0.0257813 0.0101032 0.0413964 0.0121059 0.011361 0.0303412 0.00927323 0.0317825 0.0146534 0.0128931 0 0.00361859 0.00362398 0.00360608 0.00362893 0.00364323 0.0037518 0.0046423 0.00476032 0.00503581 0.00800115 0.0122778 0.00806523 0.00942362 0.0164986 0.00937276 0.013331 0.0113285 0.172358 
0.0170365 0.0126776 0.0209853 0.0211974 0.0108061 0.0335809 0.0100431 0.0286722 0.0097221 0.0097045 0.0244148 0.0102611 0.044882 0.0102728 0.0236217 0.0101173 0.00361859 0 0.00354838 0.00356236 0.00357683 0.00360492 0.00366961 0.0037828 0.00482342 0.0063577 0.00968196 0.0100452 0.00815068 0.0169635 0.0146764 0.0213989 0.00951406 0.0859268 0.0117594 
0.0123969 0.0261837 0.0464232 0.0404744 0.0608561 0.0260637 0.0504975 0.0113719 0.0102992 0.00947428 0.0107934 0.0355753 0.0152183 0.0356517 0.00983278 0.0077259 0.00362398 0.00354838 0 0.00354473 0.00355653 0.00357286 0.00359015 0.00365596 0.0046816 0.0106534 0.00799557 0.0113886 0.0100164 0.0142705 0.0350341 0.0215296 0.118271 0.0103017 0.0178006 
0.014221 0.0229203 0.0447826 0.0583481 0.0717221 0.0316087 0.0410573 0.0113225 0.0103217 0.00944509 0.0139747 0.025281 0.0206934 0.0222962 0.0138716 0.0085737 0.00360608 0.00356236 0.00354473 0 0.00355657 0.00358281 0.00358178 0.00359319 0.00903291 0.00697773 0.0103144 0.373846 0.00923081 0.0114993 0.0238883 0.125945 0.0173406 0.0135849 0.0164048 
0.0196328 0.022878 0.070896 0.078176 0.0322475 0.093561 0.015915 0.021662 0.0102812 0.0121749 0.0231131 0.0172378 0.0575525 0.0212657 0.0165778 0.00976745 0.00362893 0.00357683 0.00355653 0.00355657 0 0.0035762 0.00358231 0.00359479 0.00482019 0.00752531 0.448805 0.0837509 0.00650599 0.0141634 0.081455 0.0396373 0.0203263 0.0185237 0.0151224 
0.013015 0.025297 0.0559356 0.0509249 0.0531492 0.0237956 0.0348619 0.0116424 0.00975716 0.0108101 0.0116426 0.0265083 0.0216486 0.0220497 0.0127786 0.0100888 0.00364323 0.00360492 0.00357286 0.00358281 0.0035762 0 0.00356381 0.00356241 0.00400545 0.429262 0.0500595 0.0228645 0.00568793 0.01693 0.0238177 0.0447462 0.0218512 0.0118009 0.0161892 
0.0118226 0.0215768 0.0146591 0.0166612 0.0151678 0.0129706 0.0116475 0.0103067 0.00946189 0.00974723 0.0107753 0.0120989 0.0101188 0.0210062 0.0104855 0.00945983 0.0037518 0.00366961 0.00359015 0.00358178 0.00358231 0.00356381 0 0.00363748 0.0302857 0.134504 0.00668645 0.00440425 0.00549217 0.0119991 0.0231155 0.0126055 0.0108307 0.0108787 0.0140426 
0.0161869 0.00999304 0.0095876 0.00978262 0.00904262 0.009552 0.00866028 0.00945875 0.0101631 0.0145972 0.00924369 0.00906173 0.0101484 0.0102248 0.0143028 0.0131613 0.0046423 0.0037828 0.00365596 0.00359319 0.00359479 0.00356241 0.00363748 0 0.812445 0.00439706 0.00372151 0.00494505 0.00760581 0.0188243 0.00974655 0.0108765 0.00869081 0.00980418 0.0111507 
0.00959031 0.009344 0.00885333 0.00958503 0.00933876 0.00937079 0.0095975 0.00933711 0.0131873 0.00952581 0.00942754 0.00988799 0.00961597 0.00922221 0.0160607 0.0179062 0.00476032 0.00482342 0.0046816 0.00903291 0.00482019 0.00400545 0.0302857 0.812445 0 0.00397189 0.00422292 0.00472614 0.0152856 0.0126494 0.00946319 0.0095301 0.0139938 0.0104525 0.0578767 
0.00902891 0.009299 0.016075 0.0118524 0.00903625 0.0127465 0.008939 0.0124224 0.00864424 0.00874946 0.0105378 0.00994326 0.0141203 0.00943488 0.0105437 0.0104374 0.00503581 0.0063577 0.0106534 0.00697773 0.00752531 0.429262 0.134504 0.00439706 0.00397189 0 0.00388262 0.00368505 0.00473829 0.0098788 0.0117615 0.0309078 0.0108511 0.0193144 0.0109098 
0.00840036 0.0181677 0.0100457 0.010265 0.0165998 0.00902176 0.0173058 0.00892951 0.0101194 0.00943997 0.00951076 0.0172393 0.00969413 0.0271094 0.00899461 0.00900448 0.00800115 0.00968196 0.00799557 0.0103144 0.448805 0.0500595 0.00668645 0.00372151 0.00422292 0.00388262 0 0.00357186 0.0039527 0.00944142 0.0516206 0.00977529 0.0228394 0.00999899 0.0153965 
0.0177275 0.00952557 0.00994133 0.0106635 0.00868759 0.0161862 0.00871467 0.012508 0.0100717 0.0185325 0.011391 0.00942542 0.0177538 0.00991597 0.02708 0.0223964 0.0122778 0.0100452 0.0113886 0.373846 0.0837509 0.0228645 0.00440425 0.00494505 0.00472614 0.00368505 0.00357186 0 0.0119523 0.0548172 0.0104665 0.0286053 0.00925554 0.0226173 0.0159761 
0.0126283 0.00893177 0.00899549 0.00915784 0.00851815 0.0104292 0.00846625 0.00959701 0.0108756 0.0204492 0.0108431 0.00857219 0.0107527 0.00904453 0.0188356 0.261148 0.00806523 0.00815068 0.0100164 0.00923081 0.00650599 0.00568793 0.00549217 0.00760581 0.0152856 0.00473829 0.0039527 0.0119523 0 0.0324049 0.00765926 0.00621861 0.00559853 0.00673679 0.0105434 
0.0107681 0.00994367 0.0118416 0.0114914 0.00959898 0.0139935 0.00925726 0.0109735 0.0122388 0.00870119 0.0100212 0.00992948 0.0114785 0.0093095 0.0242849 0.019767 0.00942362 0.0169635 0.0142705 0.0114993 0.0141634 0.01693 0.0119991 0.0188243 0.0126494 0.0098788 0.00944142 0.0548172 0.0324049 0 0.00356399 0.00361123 0.00357196 0.00405991 0.00732846 
0.010394 0.0320673 0.0288338 0.0239965 0.0592419 0.0172611 0.0367572 0.0111088 0.0101763 0.0096288 0.0119073 0.0354409 0.012519 0.0369633 0.00952063 0.0101572 0.0164986 0.0146764 0.0350341 0.0238883 0.081455 0.0238177 0.0231155 0.00974655 0.00946319 0.0117615 0.0516206 0.0104665 0.00765926 0.00356399 0 0.00356027 0.00358728 0.00381703 0.00824902 
0.0152071 0.0134999 0.044152 0.0683027 0.0286308 0.0655719 0.012915 0.018121 0.00918882 0.00887573 0.0180555 0.0128549 0.0708863 0.0136501 0.0113772 0.00934569 0.00937276 0.0213989 0.0215296 0.125945 0.0396373 0.0447462 0.0126055 0.0108765 0.0095301 0.0309078 0.00977529 0.0286053 0.00621861 0.00361123 0.00356027 0 0.0035832 0.0035722 0.00369759 
0.00934662 0.0129642 0.0234514 0.0319164 0.0368262 0.0104984 0.0315071 0.00874379 0.00908342 0.00869065 0.00900329 0.0591489 0.0103511 0.0211979 0.00868378 0.00835973 0.013331 0.00951406 0.118271 0.0173406 0.0203263 0.0218512 0.0108307 0.00869081 0.0139938 0.0108511 0.0228394 0.00925554 0.00559853 0.00357196 0.00358728 0.0035832 0 0.00369966 0.00359862 
0.00966072 0.0109701 0.0114964 0.0136816 0.00925218 0.0134406 0.00855145 0.0114464 0.00836894 0.00913941 0.0154459 0.00895473 0.0134659 0.00994845 0.0104398 0.00956423 0.0113285 0.0859268 0.0103017 0.0135849 0.0185237 0.0118009 0.0108787 0.00980418 0.0104525 0.0193144 0.00999899 0.0226173 0.00673679 0.00405991 0.00381703 0.0035722 0.00369966 0 0.00388133 
0.0184921 0.0116384 0.0131141 0.0125353 0.0124837 0.00907253 0.0130039 0.00842238 0.00950702 0.0297162 0.00896613 0.0112754 0.00968624 0.0113438 0.00926138 0.0115149 0.172358 0.0117594 0.0178006 0.0164048 0.0151224 0.0161892 0.0140426 0.0111507 0.0578767 0.0109098 0.0153965 0.0159761 0.0105434 0.00732846 0.00824902 0.00369759 0.00359862 0.00388133 0 
