1LZWA
EKVRDALKPPSMYKVILVNDDYTPMEFVIDVLQKFFSYDVERATQLMLAVAYQGKAICGVFTAEVAETKVAMVNKYARENEHPLLCTLEKA
CCCCCCCCCCCEEEEEEECCCCCCHHHHHHHHHHHHCCCHHHHHHHHHHHHHHCEEEEEEEEHHHHHHHHHHHHHHHHHCCCCCCEEEEEC
0 0 0 0 0 0 0 0 0 0 0 0 0 0 0 0 0 0 0 0 0 0 0 0 0 0 0 0 0 0 0 0 0 0 0 0 0 0 0 0 0 0 0 0 0 0 0 0 0 0 0 0 0 0 0 0 0 0 0 0 0 0 0 0 0 0 0 0 0 0 0 0 0 0 0 0 0 0 0 0 0 0 0 0 0 0 0 0 0 0 0 
0 0 0 0 0 0 0 0 0 0 0 0 0 0 0 0 0 0 0 0 0 0 0 0 0 0 0 0 0 0 0 0 0 0 0 0 0 0 0 0 0 0 0 0 0 0 0 0 0 0 0 0 0 0 0 0 0 0 0 0 0 0 0 0 0 0 0 0 0 0 0 0 0 0 0 0 0 0 0 0 0 0 0 0 0 0 0 0 0 0 0 
0 0.00368047 0.00379164 0.00366223 0.00369359 0.00378401 0.00649167 0.0263934 0.00887964 0.00950583 0.0088649 0.00885973 0.00897117 0.00923802 0.0977987 0.00823197 0.0082362 0.00797499 0.00869731 0.00979602 
0.00368047 0 0.0035468 0.00358074 0.00360482 0.00439782 0.00394757 0.00971188 0.0552163 0.00893077 0.0134092 0.0132655 0.00902904 0.110031 0.00963694 0.0122972 0.00828234 0.00980421 0.00888299 0.00981129 
0.00379164 0.0035468 0 0.00357018 0.00359982 0.00358102 0.00361098 0.0248973 0.00970011 0.0600728 0.0139769 0.0138027 0.148668 0.00906867 0.0112534 0.00848329 0.0118458 0.00854156 0.00949562 0.00857075 
0.00366223 0.00358074 0.00357018 0 0.00359825 0.00360888 0.00358107 0.0136777 0.0714458 0.0173963 0.0560987 0.180646 0.0138874 0.0201704 0.00955515 0.0155346 0.00878512 0.0160409 0.00907733 0.00926231 
0.00369359 0.00360482 0.00359982 0.00359825 0 0.00366601 0.0035706 0.0205262 0.0170439 0.153857 0.0838783 0.0381874 0.0834349 0.0122548 0.0122444 0.0104181 0.0163543 0.0100987 0.0107074 0.00907646 
0.00378401 0.00439782 0.00358102 0.00360888 0.00366601 0 0.00360217 0.0104302 0.051365 0.0518512 0.037006 0.0391997 0.0200793 0.0448994 0.013032 0.0110106 0.009779 0.00918674 0.00990613 0.00877108 
0.00649167 0.00394757 0.00361098 0.00358107 0.0035706 0.00360217 0 0.0263804 0.017179 0.0129452 0.014165 0.0135081 0.0129496 0.0209721 0.03473 0.0146977 0.00854731 0.00837298 0.00852933 0.00876085 
0.0263934 0.00971188 0.0248973 0.0136777 0.0205262 0.0104302 0.0263804 0 0.00667741 0.00356065 0.00357217 0.00358473 0.0038063 0.00386199 0.00945494 0.010465 0.0115721 0.00839643 0.0151309 0.0153499 
0.00887964 0.0552163 0.00970011 0.0714458 0.0170439 0.051365 0.017179 0.00667741 0 0.00355456 0.0035629 0.00360639 0.0035966 0.00862059 0.00366924 0.0412363 0.00960086 0.0147294 0.0100336 0.0118631 
0.00950583 0.00893077 0.0600728 0.0173963 0.153857 0.0518512 0.0129452 0.00356065 0.00355456 0 0.00353952 0.00356618 0.00366799 0.00356814 0.00363587 0.00976982 0.0287157 0.00935462 0.0153242 0.00996706 
0.0088649 0.0134092 0.0139769 0.0560987 0.0838783 0.037006 0.014165 0.00357217 0.0035629 0.00353952 0 0.003676 0.00355409 0.00356474 0.00357129 0.0235423 0.0113662 0.0197892 0.011757 0.0127296 
0.00885973 0.0132655 0.0138027 0.180646 0.0381874 0.0391997 0.0135081 0.00358473 0.00360639 0.00356618 0.003676 0 0.00355662 0.00354094 0.00356528 0.0168659 0.0165408 0.0237366 0.0112947 0.0111585 
0.00897117 0.00902904 0.148668 0.0138874 0.0834349 0.0200793 0.0129496 0.0038063 0.0035966 0.00366799 0.00355409 0.00355662 0 0.00355908 0.00355452 0.0101289 0.0357056 0.011986 0.0161583 0.0114214 
0.00923802 0.110031 0.00906867 0.0201704 0.0122548 0.0448994 0.0209721 0.00386199 0.00862059 0.00356814 0.00356474 0.00354094 0.00355908 0 0.00354493 0.0280621 0.00961703 0.0178626 0.0226902 0.0167251 
0.0977987 0.00963694 0.0112534 0.00955515 0.0122444 0.013032 0.03473 0.00945494 0.00366924 0.00363587 0.00357129 0.00356528 0.00355452 0.00354493 0 0.0153946 0.0166411 0.0086248 0.0138793 0.0456682 
0.00823197 0.0122972 0.00848329 0.0155346 0.0104181 0.0110106 0.0146977 0.010465 0.0412363 0.00976982 0.0235423 0.0168659 0.0101289 0.0280621 0.0153946 0 0.00368096 0.00370544 0.00385608 0.0117284 
0.0082362 0.00828234 0.0118458 0.00878512 0.0163543 0.009779 0.00854731 0.0115721 0.00960086 0.0287157 0.0113662 0.0165408 0.0357056 0.00961703 0.0166411 0.00368096 0 0.00369419 0.00390239 0.00386715 
0.00797499 0.00980421 0.00854156 0.0160409 0.0100987 0.00918674 0.00837298 0.00839643 0.0147294 0.00935462 0.0197892 0.0237366 0.011986 0.0178626 0.0086248 0.00370544 0.00369419 0 0.00356254 0.00366539 
0.00869731 0.00888299 0.00949562 0.00907733 0.0107074 0.00990613 0.00852933 0.0151309 0.0100336 0.0153242 0.011757 0.0112947 0.0161583 0.0226902 0.0138793 0.00385608 0.00390239 0.00356254 0 0.00369661 
0.00979602 0.00981129 0.00857075 0.00926231 0.00907646 0.00877108 0.00876085 0.0153499 0.0118631 0.00996706 0.0127296 0.0111585 0.0114214 0.0167251 0.0456682 0.0117284 0.00386715 0.00366539 0.00369661 0 
