1M8AA
DCCLGYTDRILHPKFIVGFTRQLANEGCDINAIIFHTKKKLSVCANPKQTWVKYIVRLLSK
CCCCCCCCCCCCHHHEEEEEEECCCCCCCCCEEEEEECCCCEEEECCCCHHHHHHHHHHCC
0 0 0 0 0 0 0 0 0 0 0 0 0 0 0 0 0 0 0 0 0 0 0 0 0 0 0 0 0 0 0 0 0 0 0 0 0 0 0 0 0 0 0 0 0 0 0 0 0 0 0 0 0 0 0 0 0 0 0 0 0 
0 0 0 0 0 0 0 0 0 0 0 0 0 0 0 0 0 0 0 0 0 0 0 0 0 0 0 0 0 0 0 0 0 0 0 0 0 0 0 0 0 0 0 0 0 0 0 0 0 0 0 0 0 0 0 0 0 0 0 0 0 
0 0.00370962 0.00373021 0.00371338 0.003729 0.00372866 0.00548519 0.0125917 0.00792231 0.00952453 0.0126407 0.0177557 0.346772 0.012643 0.0106633 0.0104252 0.0236732 
0.00370962 0 0.00365212 0.00367729 0.00366844 0.00369498 0.00380733 0.0110179 0.0194867 0.0104408 0.0143924 0.0717659 0.19735 0.00957367 0.0108485 0.0138135 0.0132939 
0.00373021 0.00365212 0 0.00366945 0.0036414 0.00363206 0.00362392 0.0099138 0.0156009 0.0284574 0.0453975 0.652158 0.0130403 0.00978783 0.0123002 0.0188955 0.0106923 
0.00371338 0.00367729 0.00366945 0 0.00371744 0.00357933 0.0036691 0.00954361 0.0138153 0.0434001 0.745297 0.0313258 0.0140963 0.00926293 0.010743 0.0103544 0.012448 
0.003729 0.00366844 0.0036414 0.00371744 0 0.00357399 0.00361324 0.0104588 0.0231203 0.726034 0.0218621 0.0138885 0.00912028 0.00875269 0.010006 0.00894911 0.0097508 
0.00372866 0.00369498 0.00363206 0.00357933 0.00357399 0 0.003643 0.0161039 0.758129 0.013838 0.00940621 0.00892684 0.00719961 0.0107555 0.00917783 0.0112237 0.00855826 
0.00548519 0.00380733 0.00362392 0.0036691 0.00361324 0.003643 0 0.778964 0.00977952 0.0116065 0.00759284 0.00801021 0.00932017 0.0108881 0.00880979 0.00808247 0.0111004 
0.0125917 0.0110179 0.0099138 0.00954361 0.0104588 0.0161039 0.778964 0 0.00379895 0.0035908 0.00359826 0.00363405 0.00427641 0.00740638 0.00618098 0.00716093 0.0562482 
0.00792231 0.0194867 0.0156009 0.0138153 0.0231203 0.758129 0.00977952 0.00379895 0 0.00358456 0.00358089 0.00374613 0.00367847 0.00600613 0.00837478 0.0373882 0.751876 
0.00952453 0.0104408 0.0284574 0.0434001 0.726034 0.013838 0.0116065 0.0035908 0.00358456 0 0.00356175 0.00361811 0.00356065 0.00473129 0.0289974 0.766996 0.028643 
0.0126407 0.0143924 0.0453975 0.745297 0.0218621 0.00940621 0.00759284 0.00359826 0.00358089 0.00356175 0 0.00357963 0.003551 0.00907771 0.811579 0.0229129 0.0129641 
0.0177557 0.0717659 0.652158 0.0313258 0.0138885 0.00892684 0.00801021 0.00363405 0.00374613 0.00361811 0.00357963 0 0.00365771 0.749637 0.0232312 0.0121001 0.00623036 
0.346772 0.19735 0.0130403 0.0140963 0.00912028 0.00719961 0.00932017 0.00427641 0.00367847 0.00356065 0.003551 0.00365771 0 0.0198856 0.00493095 0.00390648 0.00637438 
0.012643 0.00957367 0.00978783 0.00926293 0.00875269 0.0107555 0.0108881 0.00740638 0.00600613 0.00473129 0.00907771 0.749637 0.0198856 0 0.00362937 0.00371343 0.00514543 
0.0106633 0.0108485 0.0123002 0.010743 0.010006 0.00917783 0.00880979 0.00618098 0.00837478 0.0289974 0.811579 0.0232312 0.00493095 0.00362937 0 0.00380627 0.00360494 
0.0104252 0.0138135 0.0188955 0.0103544 0.00894911 0.0112237 0.00808247 0.00716093 0.0373882 0.766996 0.0229129 0.0121001 0.00390648 0.00371343 0.00380627 0 0.00355477 
0.0236732 0.0132939 0.0106923 0.012448 0.0097508 0.00855826 0.0111004 0.0562482 0.751876 0.028643 0.0129641 0.00623036 0.00637438 0.00514543 0.00360494 0.00355477 0 
