1MBYA
SVFVKNVGWATQLTSGAVWVQFNDGSQLVMQAGVSSISYTSPDGQTTRYGENEKLPEYIKQKLQLLSSILLMFSN
CCCEEEEEEEECCCEEEEEEEECCCCEEEEEEEEEEEEEECCCCCEEEEECCCCCCHHHHHHHCCCCCEEEEECC
0 0 0 0 0 0 0 0 0 0 0 0 0 0 0 0 0 0 0 0 0 0 0 0 0 0 0 0 0 0 0 0 0 0 0 0 0 0 0 0 0 0 0 0 0 0 0 0 0 0 0 0 0 0 0 0 0 0 0 0 0 0 0 0 0 0 0 0 0 0 0 0 0 0 0 
0 0 0 0 0 0 0 0 0 0 0 0 0 0 0 0 0 0 0 0 0 0 0 0 0 0 0 0 0 0 0 0 0 0 0 0 0 0 0 0 0 0 0 0 0 0 0 0 0 0 0 0 0 0 0 0 0 0 0 0 0 0 0 0 0 0 0 0 0 0 0 0 0 0 0 
0 0.00374526 0.00358826 0.00357916 0.00370834 0.00366304 0.00416083 0.01539 0.00724942 0.00868672 0.00692653 0.00715405 0.00830043 0.00939059 0.0149802 0.498962 0.0163397 0.0124239 0.00887047 0.0108902 0.00839355 0.00889004 0.00921027 0.0100576 0.00862829 0.0099617 0.0131753 0.00869356 0.0127978 0.024277 0.0115431 0.0100792 0.0086297 0.0101533 0.0154011 0.0186953 0.00915251 0.008642 0.00858429 0.0112459 
0.00374526 0 0.00355592 0.00354082 0.00365362 0.00357601 0.00638854 0.00362928 0.00764391 0.00610722 0.00597532 0.00676359 0.00698751 0.0157966 0.144847 0.0468488 0.0100868 0.00968532 0.0108041 0.00899123 0.00875157 0.00955241 0.0100708 0.0089233 0.00963786 0.00985629 0.00883132 0.0111456 0.0113288 0.00949932 0.00904084 0.0091185 0.00905685 0.0098714 0.00871648 0.0116863 0.00894679 0.00856208 0.00912283 0.0082502 
0.00358826 0.00355592 0 0.00353563 0.00354951 0.00363167 0.00354949 0.00366152 0.00527791 0.00609736 0.00635587 0.00693017 0.0179725 0.0509675 0.601887 0.00872991 0.00891332 0.010071 0.0112045 0.00995353 0.0104625 0.0132624 0.0114338 0.0146687 0.0111183 0.0129894 0.0117023 0.0143176 0.0110861 0.0105736 0.00879039 0.00875112 0.0107068 0.00911043 0.00895083 0.0091282 0.00928581 0.00961672 0.00892821 0.0080848 
0.00357916 0.00354082 0.00353563 0 0.00354686 0.00353408 0.00355187 0.00357649 0.00405942 0.00505291 0.00524614 0.0219152 0.0240725 0.723193 0.0065528 0.00668982 0.00773956 0.00972071 0.00893357 0.0100355 0.0103265 0.0106664 0.010433 0.0109123 0.00960552 0.0127582 0.0144031 0.0203677 0.016751 0.0093581 0.00844095 0.00915576 0.00920145 0.0100603 0.00876682 0.00895929 0.00888887 0.0101857 0.008756 0.00818722 
0.00370834 0.00365362 0.00354951 0.00354686 0 0.00353575 0.00356296 0.0036593 0.00387324 0.00464292 0.0163711 0.0408416 0.791058 0.0104107 0.010169 0.00664093 0.00790243 0.00878968 0.00906757 0.0101663 0.0095416 0.0116138 0.0100556 0.0100428 0.0109765 0.0125227 0.0185384 0.0118322 0.0110704 0.010575 0.00856656 0.00870306 0.00986084 0.0103748 0.00869486 0.00881174 0.00917702 0.00952446 0.00895735 0.00831573 
0.00366304 0.00357601 0.00363167 0.00353408 0.00353575 0 0.00356471 0.00355598 0.00379954 0.00756843 0.0293631 0.742984 0.00706371 0.00906866 0.00808174 0.00723233 0.00839488 0.00858805 0.0157252 0.00916692 0.0119262 0.0090326 0.0103025 0.0089682 0.0143249 0.0268062 0.0102321 0.0155192 0.00986047 0.0110668 0.00868324 0.0085956 0.0117002 0.00905254 0.00876348 0.00874101 0.00884064 0.0093817 0.00900708 0.00827233 
0.00416083 0.00638854 0.00354949 0.00355187 0.00356296 0.00356471 0 0.00359508 0.00696654 0.0638223 0.59939 0.00867099 0.0057109 0.00703134 0.00818365 0.00599494 0.00798708 0.0141501 0.00768156 0.0102333 0.00826146 0.00832081 0.0083195 0.0104134 0.010111 0.00934812 0.0107542 0.00852188 0.0110421 0.00882445 0.00929902 0.00984178 0.00848267 0.00903454 0.00873192 0.00876664 0.00850874 0.00860986 0.00864141 0.0082227 
0.01539 0.00362928 0.00366152 0.00357649 0.0036593 0.00355598 0.00359508 0 0.0489002 0.402372 0.00381337 0.00416599 0.00442653 0.00528232 0.00549479 0.00666939 0.0206738 0.0139891 0.0171627 0.00808425 0.00805443 0.0079349 0.00879068 0.0128044 0.00884958 0.0090285 0.00882499 0.00906123 0.00884724 0.0110217 0.0212342 0.00869038 0.00854064 0.0090711 0.00959808 0.0143057 0.00864996 0.00837349 0.00840381 0.00846584 
0.00724942 0.00764391 0.00527791 0.00405942 0.00387324 0.00379954 0.00696654 0.0489002 0 0.00358143 0.00356917 0.00363077 0.00362007 0.00370275 0.00417627 0.00525305 0.0111205 0.00617104 0.00876503 0.00705455 0.00774689 0.00813966 0.368239 0.0242003 0.0168634 0.00959902 0.017059 0.00992033 0.00883796 0.0404568 0.0107433 0.00885318 0.00872931 0.00927305 0.0131449 0.010522 0.00861466 0.00831045 0.00880213 0.0108876 
0.00868672 0.00610722 0.00609736 0.00505291 0.00464292 0.00756843 0.0638223 0.402372 0.00358143 0 0.00354592 0.00360118 0.00357237 0.00373343 0.003875 0.00405505 0.0057827 0.011217 0.00616052 0.0106677 0.00753783 0.584042 0.0256598 0.0459503 0.00895438 0.0210864 0.0133189 0.008569 0.0519052 0.0127174 0.00896769 0.00981494 0.00860684 0.0100429 0.0105886 0.0111916 0.00887148 0.00945902 0.00883819 0.00948591 
0.00692653 0.00597532 0.00635587 0.00524614 0.0163711 0.0293631 0.59939 0.00381337 0.00356917 0.00354592 0 0.00353942 0.00355755 0.00358191 0.00441488 0.00357457 0.00831898 0.0058454 0.00808435 0.00822449 0.688701 0.0379498 0.0426075 0.00804364 0.0361111 0.0110208 0.00844389 0.0151174 0.0147995 0.0101356 0.00880368 0.00843695 0.00954464 0.00903495 0.00855062 0.00874614 0.0102355 0.00933014 0.00910479 0.00826856 
0.00715405 0.00676359 0.00693017 0.0219152 0.0408416 0.742984 0.00867099 0.00416599 0.00363077 0.00360118 0.00353942 0 0.00354026 0.00358381 0.00372384 0.00353784 0.00592126 0.00695804 0.0076567 0.715331 0.0357146 0.0356175 0.008817 0.0375396 0.00906099 0.00981293 0.0142675 0.0162215 0.0128763 0.00931674 0.00864754 0.00866968 0.0171003 0.00935351 0.00861198 0.0092237 0.00968204 0.0127375 0.00922313 0.0084592 
0.00830043 0.00698751 0.0179725 0.0240725 0.791058 0.00706371 0.0057109 0.00442653 0.00362007 0.00357237 0.00355755 0.00354026 0 0.00354475 0.00355506 0.00357561 0.00660788 0.00861323 0.76666 0.0503655 0.0521837 0.00848985 0.0284068 0.0086759 0.0121049 0.0186082 0.00958709 0.0256781 0.0108244 0.0135435 0.00885563 0.00910694 0.0130858 0.00964913 0.00891965 0.00953767 0.0125562 0.0121047 0.0117668 0.00850987 
0.00939059 0.0157966 0.0509675 0.723193 0.0104107 0.00906866 0.00703134 0.00528232 0.00370275 0.00373343 0.00358191 0.00358381 0.00354475 0 0.00355741 0.00356934 0.0118638 0.842691 0.030198 0.08154 0.0068316 0.0145157 0.0081305 0.0127288 0.0131503 0.0101122 0.0254838 0.0086462 0.0279786 0.00935102 0.00879547 0.0102388 0.0104394 0.0188813 0.00932942 0.0107191 0.00928752 0.0188022 0.00948606 0.00912252 
0.0149802 0.144847 0.601887 0.0065528 0.010169 0.00808174 0.00818365 0.00549479 0.00417627 0.003875 0.00441488 0.00372384 0.00355506 0.00355741 0 0.0035931 0.822072 0.0281561 0.0622322 0.00542292 0.0179075 0.00609421 0.010707 0.00897186 0.00993591 0.0121246 0.00783517 0.0195528 0.00937328 0.010721 0.00946185 0.00912599 0.0180834 0.0101694 0.00943006 0.00921671 0.0130635 0.00948497 0.0163781 0.00844139 
0.498962 0.0468488 0.00872991 0.00668982 0.00664093 0.00723233 0.00599494 0.00666939 0.00525305 0.00405505 0.00357457 0.00353784 0.00357561 0.00356934 0.0035931 0 0.0716402 0.0710082 0.00381462 0.015043 0.00531332 0.00672713 0.00701996 0.0117776 0.00700222 0.00733698 0.0119285 0.00730517 0.0138144 0.010045 0.0191228 0.00944533 0.00824954 0.0093085 0.0144722 0.0254509 0.00882315 0.00894767 0.00869892 0.0118352 
0.0163397 0.0100868 0.00891332 0.00773956 0.00790243 0.00839488 0.00798708 0.0206738 0.0111205 0.0057827 0.00831898 0.00592126 0.00660788 0.0118638 0.822072 0.0716402 0 0.00363745 0.0037466 0.00417672 0.00381774 0.00371749 0.00390851 0.00415099 0.00601055 0.0059155 0.00566233 0.00866148 0.00688744 0.067446 0.0104895 0.00821022 0.0187649 0.009929 0.0148794 0.0131974 0.00937546 0.00871322 0.0109524 0.0121422 
0.0124239 0.00968532 0.010071 0.00972071 0.00878968 0.00858805 0.0141501 0.0139891 0.00617104 0.011217 0.0058454 0.00695804 0.00861323 0.842691 0.0281561 0.0710082 0.00363745 0 0.00357713 0.00356203 0.00359372 0.00357993 0.00365234 0.00425496 0.00418739 0.0046695 0.00870156 0.00546188 0.0448708 0.00872362 0.00801577 0.00912379 0.00823515 0.0114885 0.0110922 0.0124054 0.00930614 0.0101951 0.00941069 0.00976454 
0.00887047 0.0108041 0.0112045 0.00893357 0.00906757 0.0157252 0.00768156 0.0171627 0.00876503 0.00616052 0.00808435 0.0076567 0.76666 0.030198 0.0622322 0.00381462 0.0037466 0.00357713 0 0.00354576 0.00356482 0.00356376 0.00360239 0.0036673 0.00403444 0.00409424 0.00406667 0.0267941 0.0167217 0.00765166 0.00799837 0.00784406 0.0111668 0.00874254 0.0100398 0.00931649 0.010696 0.0106491 0.010962 0.00843647 
0.0108902 0.00899123 0.00995353 0.0100355 0.0101663 0.00916692 0.0102333 0.00808425 0.00705455 0.0106677 0.00822449 0.715331 0.0503655 0.08154 0.00542292 0.015043 0.00417672 0.00356203 0.00354576 0 0.003528 0.00356709 0.00358944 0.00380699 0.00375397 0.00388394 0.0240438 0.00441822 0.0078548 0.00626521 0.00784362 0.00844703 0.00806185 0.0132715 0.0113789 0.0115544 0.00913885 0.0130704 0.00890398 0.00956438 
0.00839355 0.00875157 0.0104625 0.0103265 0.0095416 0.0119262 0.00826146 0.00805443 0.00774689 0.00753783 0.688701 0.0357146 0.0521837 0.0068316 0.0179075 0.00531332 0.00381774 0.00359372 0.00356482 0.003528 0 0.00352864 0.00355988 0.00362025 0.00358933 0.00472373 0.00394673 0.00865353 0.00437603 0.00588474 0.00697797 0.00698028 0.0191051 0.00815672 0.00772281 0.00891339 0.00960637 0.0093199 0.01057 0.00841214 
0.00889004 0.00955241 0.0132624 0.0106664 0.0116138 0.0090326 0.00832081 0.0079349 0.00813966 0.584042 0.0379498 0.0356175 0.00848985 0.0145157 0.00609421 0.00672713 0.00371749 0.00357993 0.00356376 0.00356709 0.00352864 0 0.0035495 0.00358418 0.00427441 0.00359006 0.00406866 0.00367792 0.00491399 0.00500438 0.00652478 0.0109666 0.00723713 0.00831476 0.00743272 0.0100759 0.00916163 0.0110015 0.0120976 0.00839804 
0.00921027 0.0100708 0.0114338 0.010433 0.0100556 0.0103025 0.0083195 0.00879068 0.368239 0.0256598 0.0426075 0.008817 0.0284068 0.0081305 0.010707 0.00701996 0.00390851 0.00365234 0.00360239 0.00358944 0.00355988 0.0035495 0 0.00388717 0.00358077 0.00361301 0.00359509 0.00382679 0.00397883 0.00392619 0.0074154 0.00936093 0.00900541 0.00802024 0.00806646 0.00971419 0.0114692 0.0112072 0.0108075 0.00857273 
0.0100576 0.0089233 0.0146687 0.0109123 0.0100428 0.0089682 0.0104134 0.0128044 0.0242003 0.0459503 0.00804364 0.0375396 0.0086759 0.0127288 0.00897186 0.0117776 0.00415099 0.00425496 0.0036673 0.00380699 0.00362025 0.00358418 0.00388717 0 0.00355283 0.00357654 0.0037154 0.00368703 0.00396455 0.00371971 0.00632874 0.00739984 0.00747192 0.00882403 0.00943739 0.010866 0.0104012 0.0116637 0.00898029 0.00951231 
0.00862829 0.00963786 0.0111183 0.00960552 0.0109765 0.0143249 0.010111 0.00884958 0.0168634 0.00895438 0.0361111 0.00906099 0.0121049 0.0131503 0.00993591 0.00700222 0.00601055 0.00418739 0.00403444 0.00375397 0.00358933 0.00427441 0.00358077 0.00355283 0 0.00358021 0.00361084 0.00364101 0.0036632 0.00372824 0.00742842 0.00611096 0.00762564 0.00772966 0.00985579 0.0102967 0.00935432 0.00928821 0.0102832 0.00853925 
0.0099617 0.00985629 0.0129894 0.0127582 0.0125227 0.0268062 0.00934812 0.0090285 0.00959902 0.0210864 0.0110208 0.00981293 0.0186082 0.0101122 0.0121246 0.00733698 0.0059155 0.0046695 0.00409424 0.00388394 0.00472373 0.00359006 0.00361301 0.00357654 0.00358021 0 0.00354953 0.0035627 0.00373536 0.00360341 0.010267 0.00720749 0.00804701 0.0099413 0.728299 0.00940495 0.0112822 0.00994099 0.0107855 0.0089044 
0.0131753 0.00883132 0.0117023 0.0144031 0.0185384 0.0102321 0.0107542 0.00882499 0.017059 0.0133189 0.00844389 0.0142675 0.00958709 0.0254838 0.00783517 0.0119285 0.00566233 0.00870156 0.00406667 0.0240438 0.00394673 0.00406866 0.00359509 0.0037154 0.00361084 0.00354953 0 0.0035492 0.00366109 0.00360955 0.00567868 0.00723585 0.00769389 0.827467 0.0107038 0.01238 0.00872551 0.0164329 0.00963735 0.0100311 
0.00869356 0.0111456 0.0143176 0.0203677 0.0118322 0.0155192 0.00852188 0.00906123 0.00992033 0.008569 0.0151174 0.0162215 0.0256781 0.0086462 0.0195528 0.00730517 0.00866148 0.00546188 0.0267941 0.00441822 0.00865353 0.00367792 0.00382679 0.00368703 0.00364101 0.0035627 0.0035492 0 0.00355411 0.00361869 0.00666556 0.00639512 0.914565 0.00879183 0.00629952 0.00921024 0.0114409 0.00966087 0.0129219 0.00841896 
0.0127978 0.0113288 0.0110861 0.016751 0.0110704 0.00986047 0.0110421 0.00884724 0.00883796 0.0519052 0.0147995 0.0128763 0.0108244 0.0279786 0.00937328 0.0138144 0.00688744 0.0448708 0.0167217 0.0078548 0.00437603 0.00491399 0.00397883 0.00396455 0.0036632 0.00373536 0.00366109 0.00355411 0 0.00358474 0.0203779 0.949968 0.00787923 0.010089 0.00691664 0.0132128 0.01174 0.0111346 0.0106595 0.0108213 
0.024277 0.00949932 0.0105736 0.0093581 0.010575 0.0110668 0.00882445 0.0110217 0.0404568 0.0127174 0.0101356 0.00931674 0.0135435 0.00935102 0.010721 0.010045 0.067446 0.00872362 0.00765166 0.00626521 0.00588474 0.00500438 0.00392619 0.00371971 0.00372824 0.00360341 0.00360955 0.00361869 0.00358474 0 0.95078 0.00497253 0.00483048 0.0051827 0.00833006 0.0187466 0.00997761 0.00898633 0.0109769 0.0112429 
0.0115431 0.00904084 0.00879039 0.00844095 0.00856656 0.00868324 0.00929902 0.0212342 0.0107433 0.00896769 0.00880368 0.00864754 0.00885563 0.00879547 0.00946185 0.0191228 0.0104895 0.00801577 0.00799837 0.00784362 0.00697797 0.00652478 0.0074154 0.00632874 0.00742842 0.010267 0.00567868 0.00666556 0.0203779 0.95078 0 0.00391912 0.0036389 0.00424263 0.00720668 0.0173582 0.00899275 0.00941212 0.0172022 0.0310225 
0.0100792 0.0091185 0.00875112 0.00915576 0.00870306 0.0085956 0.00984178 0.00869038 0.00885318 0.00981494 0.00843695 0.00866968 0.00910694 0.0102388 0.00912599 0.00944533 0.00821022 0.00912379 0.00784406 0.00844703 0.00698028 0.0109666 0.00936093 0.00739984 0.00611096 0.00720749 0.00723585 0.00639512 0.949968 0.00497253 0.00391912 0 0.00375997 0.00362948 0.00365785 0.0112743 0.0127321 0.01424 0.0145633 0.00973155 
0.0086297 0.00905685 0.0107068 0.00920145 0.00986084 0.0117002 0.00848267 0.00854064 0.00872931 0.00860684 0.00954464 0.0171003 0.0130858 0.0104394 0.0180834 0.00824954 0.0187649 0.00823515 0.0111668 0.00806185 0.0191051 0.00723713 0.00900541 0.00747192 0.00762564 0.00804701 0.00769389 0.914565 0.00787923 0.00483048 0.0036389 0.00375997 0 0.0036649 0.00357535 0.0111701 0.0200538 0.0280086 0.0118099 0.00877613 
0.0101533 0.0098714 0.00911043 0.0100603 0.0103748 0.00905254 0.00903454 0.0090711 0.00927305 0.0100429 0.00903495 0.00935351 0.00964913 0.0188813 0.0101694 0.0093085 0.009929 0.0114885 0.00874254 0.0132715 0.00815672 0.00831476 0.00802024 0.00882403 0.00772966 0.0099413 0.827467 0.00879183 0.010089 0.0051827 0.00424263 0.00362948 0.0036649 0 0.0038001 0.0192477 0.0200033 0.0172642 0.0386258 0.00916689 
0.0154011 0.00871648 0.00895083 0.00876682 0.00869486 0.00876348 0.00873192 0.00959808 0.0131449 0.0105886 0.00855062 0.00861198 0.00891965 0.00932942 0.00943006 0.0144722 0.0148794 0.0110922 0.0100398 0.0113789 0.00772281 0.00743272 0.00806646 0.00943739 0.00985579 0.728299 0.0107038 0.00629952 0.00691664 0.00833006 0.00720668 0.00365785 0.00357535 0.0038001 0 0.0348565 0.00956611 0.0103534 0.0132005 0.0543495 
0.0186953 0.0116863 0.0091282 0.00895929 0.00881174 0.00874101 0.00876664 0.0143057 0.010522 0.0111916 0.00874614 0.0092237 0.00953767 0.0107191 0.00921671 0.0254509 0.0131974 0.0124054 0.00931649 0.0115544 0.00891339 0.0100759 0.00971419 0.010866 0.0102967 0.00940495 0.01238 0.00921024 0.0132128 0.0187466 0.0173582 0.0112743 0.0111701 0.0192477 0.0348565 0 0.0041136 0.00369694 0.003737 0.00768793 
0.00915251 0.00894679 0.00928581 0.00888887 0.00917702 0.00884064 0.00850874 0.00864996 0.00861466 0.00887148 0.0102355 0.00968204 0.0125562 0.00928752 0.0130635 0.00882315 0.00937546 0.00930614 0.010696 0.00913885 0.00960637 0.00916163 0.0114692 0.0104012 0.00935432 0.0112822 0.00872551 0.0114409 0.01174 0.00997761 0.00899275 0.0127321 0.0200538 0.0200033 0.00956611 0.0041136 0 0.00358094 0.00381169 0.00364434 
0.008642 0.00856208 0.00961672 0.0101857 0.00952446 0.0093817 0.00860986 0.00837349 0.00831045 0.00945902 0.00933014 0.0127375 0.0121047 0.0188022 0.00948497 0.00894767 0.00871322 0.0101951 0.0106491 0.0130704 0.0093199 0.0110015 0.0112072 0.0116637 0.00928821 0.00994099 0.0164329 0.00966087 0.0111346 0.00898633 0.00941212 0.01424 0.0280086 0.0172642 0.0103534 0.00369694 0.00358094 0 0.00364743 0.00373707 
0.00858429 0.00912283 0.00892821 0.008756 0.00895735 0.00900708 0.00864141 0.00840381 0.00880213 0.00883819 0.00910479 0.00922313 0.0117668 0.00948606 0.0163781 0.00869892 0.0109524 0.00941069 0.010962 0.00890398 0.01057 0.0120976 0.0108075 0.00898029 0.0102832 0.0107855 0.00963735 0.0129219 0.0106595 0.0109769 0.0172022 0.0145633 0.0118099 0.0386258 0.0132005 0.003737 0.00381169 0.00364743 0 0.00369566 
0.0112459 0.0082502 0.0080848 0.00818722 0.00831573 0.00827233 0.0082227 0.00846584 0.0108876 0.00948591 0.00826856 0.0084592 0.00850987 0.00912252 0.00844139 0.0118352 0.0121422 0.00976454 0.00843647 0.00956438 0.00841214 0.00839804 0.00857273 0.00951231 0.00853925 0.0089044 0.0100311 0.00841896 0.0108213 0.0112429 0.0310225 0.00973155 0.00877613 0.00916689 0.0543495 0.00768793 0.00364434 0.00373707 0.00369566 0 
