1MI0A
HHHAMDTYKLVIVLNGTTFTYTTEAVDAATAEKVFKQYANDNGVDGEWTYADATKTFTVTE
CCCCCEEEEEEEECCCCEEEEEEEECCHHHHHHHHHHHHHCCCCCCEEEEEHHHCEEEEEC
0 0 0 0 0 0 0 0 0 0 0 0 0 0 0 0 0 0 0 0 0 0 0 0 0 0 0 0 0 0 0 0 0 0 0 0 0 0 0 0 0 0 0 0 0 0 0 0 0 0 0 0 0 0 0 0 0 0 0 0 0 
0 0 0 0 0 0 0 0 0 0 0 0 0 0 0 0 0 0 0 0 0 0 0 0 0 0 0 0 0 0 0 0 0 0 0 0 0 0 0 0 0 0 0 0 0 0 0 0 0 0 0 0 0 0 0 0 0 0 0 0 0 
0 0.0036347 0.00381147 0.00363704 0.00371067 0.00403376 0.00518582 0.0127284 0.00842133 0.00691237 0.00817779 0.00830725 0.00853647 0.009333 0.0183525 0.826834 0.00884756 0.00854241 0.00892024 0.00979948 0.0152366 0.0132406 0.00960564 0.0104376 0.0108178 0.0158021 
0.0036347 0 0.00362346 0.00356079 0.00360506 0.00364515 0.00395136 0.00399833 0.00738572 0.00611025 0.00843449 0.0071337 0.0128533 0.0131749 0.942034 0.00993126 0.00942025 0.00844035 0.0105584 0.00903794 0.00912659 0.0120923 0.00900175 0.0182699 0.00915646 0.0157152 
0.00381147 0.00362346 0 0.00355504 0.00365445 0.00370599 0.00380796 0.0039552 0.00589263 0.01061 0.00670052 0.0123988 0.0132635 0.954243 0.00801034 0.0169507 0.00853219 0.0129503 0.00871583 0.00975384 0.00892365 0.00903179 0.0351855 0.00892036 0.0286579 0.00863719 
0.00363704 0.00356079 0.00355504 0 0.00357252 0.00365726 0.00360299 0.00366484 0.0116282 0.00613617 0.0222446 0.0121333 0.921175 0.00961957 0.0161798 0.00787423 0.0132572 0.00863322 0.0139203 0.00873099 0.00891678 0.0308131 0.00898161 0.108252 0.00869824 0.018701 
0.00371067 0.00360506 0.00365445 0.00357252 0 0.00357956 0.00364165 0.00362191 0.00484567 0.0143457 0.00926985 0.950692 0.0153345 0.0120205 0.00727892 0.0139182 0.00899244 0.0159353 0.00883174 0.0106491 0.00916881 0.0102087 0.12635 0.0103529 0.0513496 0.0104513 
0.00403376 0.00364515 0.00370599 0.00365726 0.00357956 0 0.00364189 0.00363358 0.0118711 0.0112116 0.980302 0.018683 0.0130547 0.00694671 0.0156793 0.00834327 0.0131193 0.00930698 0.0180008 0.00941604 0.00984485 0.0310571 0.0112709 0.156818 0.00996697 0.0293003 
0.00518582 0.00395136 0.00380796 0.00360299 0.00364165 0.00364189 0 0.00367291 0.0106377 0.986685 0.0111565 0.0110356 0.00711274 0.0112993 0.00720012 0.0121293 0.00996447 0.0168705 0.00895062 0.0103068 0.00923576 0.0116105 0.0509652 0.0102154 0.0404445 0.0132862 
0.0127284 0.00399833 0.0039552 0.00366484 0.00362191 0.00363358 0.00367291 0 0.981024 0.00568409 0.00600437 0.00522046 0.00649498 0.0067346 0.00749977 0.0085445 0.0152487 0.00914168 0.00881833 0.00919545 0.00961384 0.0295303 0.0108016 0.0129676 0.0101866 0.0233595 
0.00842133 0.00738572 0.00589263 0.0116282 0.00484567 0.0118711 0.0106377 0.981024 0 0.00388215 0.00363006 0.00364928 0.0037843 0.00371751 0.00543369 0.00490436 0.0189095 0.00859327 0.0112723 0.00980446 0.0201795 0.0281961 0.00886775 0.0299251 0.00917076 0.053638 
0.00691237 0.00611025 0.01061 0.00613617 0.0143457 0.0112116 0.986685 0.00568409 0.00388215 0 0.00357856 0.00356639 0.00363977 0.00382815 0.0037047 0.00861751 0.00847478 0.0147801 0.00878406 0.0153524 0.00981856 0.00901276 0.0595814 0.00894059 0.0789189 0.00973357 
0.00817779 0.00843449 0.00670052 0.0222446 0.00926985 0.980302 0.0111565 0.00600437 0.00363006 0.00357856 0 0.00356662 0.00358981 0.00360576 0.00364444 0.0036587 0.0129397 0.0087916 0.0182736 0.00899548 0.00975181 0.0186533 0.00908396 0.102571 0.00907968 0.0236519 
0.00830725 0.0071337 0.0123988 0.0121333 0.950692 0.018683 0.0110356 0.00522046 0.00364928 0.00356639 0.00356662 0 0.0035815 0.00358596 0.00359416 0.00367387 0.00917668 0.0164877 0.00970434 0.0134827 0.00955279 0.00986916 0.0469655 0.0113556 0.0191906 0.0135451 
0.00853647 0.0128533 0.0132635 0.921175 0.0153345 0.0130547 0.00711274 0.00649498 0.0037843 0.00363977 0.00358981 0.0035815 0 0.00359388 0.00361783 0.00359085 0.0140523 0.00926228 0.0212456 0.0108261 0.00978596 0.0212926 0.0106648 0.0285346 0.00997757 0.0172877 
0.009333 0.0131749 0.954243 0.00961957 0.0120205 0.00694671 0.0112993 0.0067346 0.00371751 0.00382815 0.00360576 0.00358596 0.00359388 0 0.00357467 0.00360194 0.0102802 0.0177537 0.00972687 0.0109228 0.00956024 0.0102057 0.0237539 0.00951087 0.0199166 0.00968847 
0.0183525 0.942034 0.00801034 0.0161798 0.00727892 0.0156793 0.00720012 0.00749977 0.00543369 0.0037047 0.00364444 0.00359416 0.00361783 0.00357467 0 0.00360332 0.0242195 0.00964206 0.0171492 0.0105182 0.00908342 0.0346055 0.00989359 0.0360272 0.0089911 0.0215424 
0.826834 0.00993126 0.0169507 0.00787423 0.0139182 0.00834327 0.0121293 0.0085445 0.00490436 0.00861751 0.0036587 0.00367387 0.00359085 0.00360194 0.00360332 0 0.0117047 0.0137931 0.00961057 0.0108206 0.016446 0.0176074 0.0259011 0.00904956 0.0254048 0.0172809 
0.00884756 0.00942025 0.00853219 0.0132572 0.00899244 0.0131193 0.00996447 0.0152487 0.0189095 0.00847478 0.0129397 0.00917668 0.0140523 0.0102802 0.0242195 0.0117047 0 0.00363278 0.00381373 0.00603627 0.00541255 0.0056377 0.00522521 0.0131775 0.0169967 0.972554 
0.00854241 0.00844035 0.0129503 0.00863322 0.0159353 0.00930698 0.0168705 0.00914168 0.00859327 0.0147801 0.0087916 0.0164877 0.00926228 0.0177537 0.00964206 0.0137931 0.00363278 0 0.00399491 0.00378878 0.00353345 0.00388026 0.00914919 0.00738919 0.962727 0.00998326 
0.00892024 0.0105584 0.00871583 0.0139203 0.00883174 0.0180008 0.00895062 0.00881833 0.0112723 0.00878406 0.0182736 0.00970434 0.0212456 0.00972687 0.0171492 0.00961057 0.00381373 0.00399491 0 0.00395495 0.00354429 0.00675413 0.006899 0.974467 0.00650477 0.0072052 
0.00979948 0.00903794 0.00975384 0.00873099 0.0106491 0.00941604 0.0103068 0.00919545 0.00980446 0.0153524 0.00899548 0.0134827 0.0108261 0.0109228 0.0105182 0.0108206 0.00603627 0.00378878 0.00395495 0 0.00360458 0.00454026 0.987917 0.00423239 0.00758241 0.00561893 
0.0152366 0.00912659 0.00892365 0.00891678 0.00916881 0.00984485 0.00923576 0.00961384 0.0201795 0.00981856 0.00975181 0.00955279 0.00978596 0.00956024 0.00908342 0.016446 0.00541255 0.00353345 0.00354429 0.00360458 0 0.948093 0.00406528 0.00403337 0.00379685 0.00586996 
0.0132406 0.0120923 0.00903179 0.0308131 0.0102087 0.0310571 0.0116105 0.0295303 0.0281961 0.00901276 0.0186533 0.00986916 0.0212926 0.0102057 0.0346055 0.0176074 0.0056377 0.00388026 0.00675413 0.00454026 0.948093 0 0.00375867 0.00364046 0.0036421 0.0112649 
0.00960564 0.00900175 0.0351855 0.00898161 0.12635 0.0112709 0.0509652 0.0108016 0.00886775 0.0595814 0.00908396 0.0469655 0.0106648 0.0237539 0.00989359 0.0259011 0.00522521 0.00914919 0.006899 0.987917 0.00406528 0.00375867 0 0.00361279 0.0045024 0.00406136 
0.0104376 0.0182699 0.00892036 0.108252 0.0103529 0.156818 0.0102154 0.0129676 0.0299251 0.00894059 0.102571 0.0113556 0.0285346 0.00951087 0.0360272 0.00904956 0.0131775 0.00738919 0.974467 0.00423239 0.00403337 0.00364046 0.00361279 0 0.00355133 0.00372583 
0.0108178 0.00915646 0.0286579 0.00869824 0.0513496 0.00996697 0.0404445 0.0101866 0.00917076 0.0789189 0.00907968 0.0191906 0.00997757 0.0199166 0.0089911 0.0254048 0.0169967 0.962727 0.00650477 0.00758241 0.00379685 0.0036421 0.0045024 0.00355133 0 0.0036205 
0.0158021 0.0157152 0.00863719 0.018701 0.0104513 0.0293003 0.0132862 0.0233595 0.053638 0.00973357 0.0236519 0.0135451 0.0172877 0.00968847 0.0215424 0.0172809 0.972554 0.00998326 0.0072052 0.00561893 0.00586996 0.0112649 0.00406136 0.00372583 0.0036205 0 
