1MK0A
MKSGIYQIKNTLNNKVYVGSAKDFEKRWKRHFKDLEKGCHSSIKLQRSFNKHGNVFECSILEEIPYEKDLIIERANFWIKELNSKINGYNIADATFG
CCCEEEEEEECCCCCEEEEEECCHHHHHHHHHHHHHHCCCCCHHHHHHHHHHCCCEEEEEEEECCCCHHHHHHHHHHHHHHCCCCCCCCCCCCCCCC
0 0 0 0 0 0 0 0 0 0 0 0 0 0 0 0 0 0 0 0 0 0 0 0 0 0 0 0 0 0 0 0 0 0 0 0 0 0 0 0 0 0 0 0 0 0 0 0 0 0 0 0 0 0 0 0 0 0 0 0 0 0 0 0 0 0 0 0 0 0 0 0 0 0 0 0 0 0 0 0 0 0 0 0 0 0 0 0 0 0 0 0 0 0 0 0 0 
0 0 0 0 0 0 0 0 0 0 0 0 0 0 0 0 0 0 0 0 0 0 0 0 0 0 0 0 0 0 0 0 0 0 0 0 0 0 0 0 0 0 0 0 0 0 0 0 0 0 0 0 0 0 0 0 0 0 0 0 0 0 0 0 0 0 0 0 0 0 0 0 0 0 0 0 0 0 0 0 0 0 0 0 0 0 0 0 0 0 0 0 0 0 0 0 0 
0 0.00368547 0.00364557 0.00367367 0.0036878 0.00400199 0.00528962 0.00888739 0.0113233 0.00966081 0.00926098 0.03435 0.821695 0.0110807 0.00948077 0.00871948 0.0090171 0.00941751 0.00917574 0.0220883 0.019527 
0.00368547 0 0.00381684 0.00368 0.00369498 0.00465423 0.00384195 0.00708228 0.0100264 0.0121897 0.0140251 0.889879 0.0304414 0.00917149 0.0102032 0.00935223 0.00961551 0.0118496 0.0326055 0.0237882 0.0098875 
0.00364557 0.00381684 0 0.00366461 0.00366092 0.00358399 0.00366662 0.00670737 0.0092868 0.0166665 0.90492 0.0367012 0.0126299 0.00984731 0.00993837 0.0158734 0.0103901 0.0436914 0.0216565 0.012733 0.0106275 
0.00367367 0.00368 0.00366461 0 0.00364031 0.00393211 0.00362818 0.00615748 0.0160409 0.905953 0.0229767 0.0250763 0.00767809 0.00916136 0.0146098 0.00891278 0.0475779 0.0137036 0.0135693 0.0169566 0.010297 
0.0036878 0.00369498 0.00366092 0.00364031 0 0.00390313 0.00357387 0.00978733 0.884068 0.0505393 0.0267628 0.00672155 0.00861299 0.0141795 0.00870682 0.0582906 0.00914606 0.0140119 0.0169145 0.0115377 0.0088941 
0.00400199 0.00465423 0.00358399 0.00393211 0.00390313 0 0.00379476 0.889717 0.088817 0.00764099 0.00643857 0.0109993 0.00616447 0.00924816 0.0722417 0.00851574 0.0109233 0.0106689 0.00969022 0.0116032 0.0103786 
0.00528962 0.00384195 0.00366662 0.00362818 0.00357387 0.00379476 0 0.10192 0.0077855 0.00497751 0.00594461 0.00584689 0.00968385 0.0888597 0.00871747 0.00977838 0.00865726 0.00881522 0.00958338 0.00978009 0.00942077 
0.00888739 0.00708228 0.00670737 0.00615748 0.00978733 0.889717 0.10192 0 0.00398575 0.00357993 0.00362644 0.00371149 0.00780861 0.0566975 0.0103428 0.0106706 0.0091412 0.0106656 0.0102981 0.011496 0.0207607 
0.0113233 0.0100264 0.0092868 0.0160409 0.884068 0.088817 0.0077855 0.00398575 0 0.0035641 0.00356219 0.00368038 0.00368162 0.0162524 0.0556486 0.00973678 0.0193303 0.0139688 0.0135879 0.0186505 0.0119363 
0.00966081 0.0121897 0.0166665 0.905953 0.0505393 0.00764099 0.00497751 0.00357993 0.0035641 0 0.00359533 0.00355554 0.00375416 0.0194643 0.0217743 0.0252771 0.0133311 0.0300302 0.0274841 0.0242722 0.0120607 
0.00926098 0.0140251 0.90492 0.0229767 0.0267628 0.00643857 0.00594461 0.00362644 0.00356219 0.00359533 0 0.00355234 0.00355469 0.0200448 0.0178298 0.0225102 0.0172453 0.0273695 0.027718 0.0211853 0.0118772 
0.03435 0.889879 0.0367012 0.0250763 0.00672155 0.0109993 0.00584689 0.00371149 0.00368038 0.00355554 0.00355234 0 0.0037269 0.0120533 0.0332686 0.00907534 0.014017 0.0157048 0.0135697 0.0545995 0.0187926 
0.821695 0.0304414 0.0126299 0.00767809 0.00861299 0.00616447 0.00968385 0.00780861 0.00368162 0.00375416 0.00355469 0.0037269 0 0.0269574 0.00893198 0.0138683 0.00885767 0.00994757 0.0146591 0.0232507 0.0233252 
0.0110807 0.00917149 0.00984731 0.00916136 0.0141795 0.00924816 0.0888597 0.0566975 0.0162524 0.0194643 0.0200448 0.0120533 0.0269574 0 0.00392504 0.00467827 0.00364431 0.00365067 0.00418506 0.00408097 0.00836818 
0.00948077 0.0102032 0.00993837 0.0146098 0.00870682 0.0722417 0.00871747 0.0103428 0.0556486 0.0217743 0.0178298 0.0332686 0.00893198 0.00392504 0 0.00354521 0.00355177 0.00357083 0.0035968 0.00614414 0.00408437 
0.00871948 0.00935223 0.0158734 0.00891278 0.0582906 0.00851574 0.00977838 0.0106706 0.00973678 0.0252771 0.0225102 0.00907534 0.0138683 0.00467827 0.00354521 0 0.00352343 0.00356279 0.00366425 0.00363707 0.00363375 
0.0090171 0.00961551 0.0103901 0.0475779 0.00914606 0.0109233 0.00865726 0.0091412 0.0193303 0.0133311 0.0172453 0.014017 0.00885767 0.00364431 0.00355177 0.00352343 0 0.00355051 0.00355591 0.00360574 0.00466946 
0.00941751 0.0118496 0.0436914 0.0137036 0.0140119 0.0106689 0.00881522 0.0106656 0.0139688 0.0300302 0.0273695 0.0157048 0.00994757 0.00365067 0.00357083 0.00356279 0.00355051 0 0.0035678 0.00354807 0.0036304 
0.00917574 0.0326055 0.0216565 0.0135693 0.0169145 0.00969022 0.00958338 0.0102981 0.0135879 0.0274841 0.027718 0.0135697 0.0146591 0.00418506 0.0035968 0.00366425 0.00355591 0.0035678 0 0.00355563 0.00360512 
0.0220883 0.0237882 0.012733 0.0169566 0.0115377 0.0116032 0.00978009 0.011496 0.0186505 0.0242722 0.0211853 0.0545995 0.0232507 0.00408097 0.00614414 0.00363707 0.00360574 0.00354807 0.00355563 0 0.00370639 
0.019527 0.0098875 0.0106275 0.010297 0.0088941 0.0103786 0.00942077 0.0207607 0.0119363 0.0120607 0.0118772 0.0187926 0.0233252 0.00836818 0.00408437 0.00363375 0.00466946 0.0036304 0.00360512 0.00370639 0 
